compound	PC1	PC2	PC3	PC4	PC5	PC6	PC7	PC8	PC9	PC10	PC11	PC12	PC13	PC14	PC15	PC16	PC17	PC18	PC19	PC20	PC21	PC22	PC23	PC24	PC25	PC26	PC27	PC28	PC29	PC30	PC31	PC32	PC33	PC34	PC35	PC36	PC37	PC38	PC39	PC40	PC41	PC42	PC43	PC44	PC45	PC46	PC47	PC48	PC49	PC50	PC51	PC52	PC53	PC54	PC55	PC56	PC57	PC58	PC59	PC60	PC61	PC62	PC63	PC64	PC65	PC66	PC67	PC68	PC69	PC70	PC71	PC72	PC73	PC74	PC75	PC76	PC77	PC78	PC79	PC80	PC81	PC82	PC83	PC84	PC85	PC86	PC87	PC88	PC89	PC90	PC91	PC92	PC93	PC94	PC95	PC96	PC97	PC98	PC99	PC100
DTXSID9046499	7.509666305516686	-3.088592765339874	-2.240452232104217	-1.692004857886635	2.229448683215164	-0.522196268998853	0.3706434083556006	-0.27166524424522753	1.3859691726834573	0.13352238404292488	2.061757807161524	0.275815655337277	1.1620748669198244	1.4809585184804228	-0.4959557607350609	-1.6823462619623968	0.1857348093196168	-0.2491973715004323	0.012763099504873669	-0.33422065577324717	-0.46696913695096026	-0.19590563785710668	-0.6893886835786217	0.44725915825653817	1.9275174493766258	0.4864478197684846	1.8885939341347162	-2.0870903565367223	-0.14728504542677254	-0.5534557379684939	0.04185973787430631	0.667529634998168	1.4144486268034273	0.6871708213590652	-0.7397226537243483	-1.4950883203589223	0.0879390465057012	-1.070791657108829	0.829797886016831	-1.122620021618965	0.895010544215063	-1.0628833604619325	0.13313271926367454	0.1756147972092458	1.6140913505881056	1.1419521240503197	0.616653134728589	0.34276516193778306	-0.7686734757257233	-0.817806008641598	1.6829507379173116	0.36080093693510673	-0.47715231661852786	1.656951005781399	-1.4638921390305992	-0.2430208635712862	-0.673301484101123	-1.974373618333137	1.0188407236094168	0.08053151497786967	0.038516053920408785	0.34891113306660215	-2.2127967404921183	-2.3321479805564436	0.4830441122651726	-0.5890933998409685	-1.7464051985253335	0.6062599329530206	-1.4463488991029272	-0.29995244992887954	-0.05874701121214277	0.03727577404109652	-0.19872622521510983	0.2481583058551384	-1.3072790978285196	1.08424292613897	0.9613102301067166	-1.560473218353839	1.4220345271022374	0.5354169515017955	0.47137813679538887	1.9630345635413866	0.013465720119207745	0.3104039107394949	-1.2080829758091565	-0.25808225545725344	0.06309544647112512	-0.2966869916172009	-0.5981973455565032	-0.5646460243959799	-0.33527646650152904	0.05865348407172481	-0.6851646806546204	-0.5668863141312904	-0.359769585943736	-0.20547439150581723	-0.0075816358244878545	0.48599647113893635	-0.42352069095808625	0.34439604790185785
DTXSID3049386	0.2953296368455087	1.6575367541906258	-4.283287017050538	-2.257923275963177	2.841373042871776	2.305672839815426	0.17142799924369642	-2.057573249793927	-1.880505256375571	1.039621604332988	-3.4803221790236725	2.105673616299533	-2.9237985927882475	-2.5721414007903824	0.2974072067943588	2.8429520745195576	-1.3916659674896215	-5.7411018965528635	0.7813576831923494	1.2104600471839446	-3.363335158229079	1.4736046923903021	1.9659626072033856	2.477430000924198	-0.6324408900048734	1.2976530545045724	2.1261961516823895	0.1612861567666868	1.295612372236051	-0.41054558128824564	-0.8550832644957937	3.986063365121632	-0.8891722816275096	-1.1627775386941397	-4.000813213728909	1.1833613109885814	2.544673074628166	-0.1061532548175273	0.4588782138810421	0.08940842568679268	-1.4238893162289659	0.17871969341141553	0.3282595714047701	0.748641672807426	1.6739346232848875	1.0581561208891903	1.2494748470533925	-0.27861095501535926	1.325618448254598	-2.107236619425468	-3.1731160086462316	0.8868907345320671	1.5552765399283008	1.049145492476381	-0.6516446452480941	0.4521911019462229	1.0950606589253546	-1.491982928037204	-3.1335009043614943	3.408989048382234	1.1723833269035187	-1.7261731670273446	2.041007371473686	1.6210221850257287	0.06611817781953132	0.920926671742513	0.8714177112866879	-0.4173922444758892	2.3745698485982247	3.737329532432273	-2.9591089348523285	2.74235449657456	-1.1723305703867692	0.28817691415050445	-0.15256630667723856	0.2389632714862455	-0.7468307111715414	-1.0553959458970528	1.7008794825403275	-1.3070586705549687	0.7045975220807613	1.3946466885479123	0.18384154239742231	-1.4554691967370335	-1.9231295525464944	2.634146356186048	0.2313259135527623	-0.011572924403282765	0.5566893766918785	1.1801745722986328	-0.7476664761994993	0.7839617330320586	-1.5174642956065238	-0.5162139769881295	2.0116586628057385	-0.5644137835577392	-1.3900808446639445	-1.1578323367292298	-1.3994011748247759	-0.7922804072598418
DTXSID1048625	34.77875545244386	-11.067543859564061	-1.86074667843876	0.9364552907649525	6.5162447086777	4.324462873585753	9.979427970480668	0.16640929322422904	-5.189073380967014	4.737574255342584	-4.676656580527832	-5.020137068181014	4.728313566254745	7.960282183434429	-0.29513823848426635	-1.3747299462193694	-10.688979323260568	-1.0728748727904789	1.4604610524949606	-3.157733733087908	3.106859311441841	-5.155860536258509	-5.236138378457135	2.3555122486354345	2.6832537985653233	-0.3625279238768491	-7.115316584707262	7.418554962805982	1.858525390818648	-0.3876388150769499	4.125135892941264	1.5275123686369299	-3.9124194858430186	2.1917922339493137	-3.1662513513578663	4.363093642727333	5.136219601869362	0.9211963024860593	2.8414937877986275	-0.3437612695510532	-1.9321308821592849	2.0993642285876777	-0.5439106214373742	-1.479432512143068	0.2908850816729871	-3.674434385889992	5.813434447771731	-6.545446079653298	2.86333833849472	3.6435402795068623	-2.155122324732865	2.2709120133657974	-0.6963515425490917	0.6677120685103937	-3.919914990827044	1.7132373304396615	8.969657360262055	5.453204742000144	-4.4408051702336	2.623729882954196	0.3679153302165536	-5.990100018883233	-0.8123184677676755	-4.1599709868434225	-5.954511082208664	-0.09134384446322255	-1.7849338670332582	-2.3652702145565705	-2.251105030110905	-3.534301076334086	-3.326306730188835	-2.1627069788884823	-1.0290711241816881	1.8445989834812009	-4.238868518946678	-3.217765800481994	-0.951637034108073	0.6222990435730956	-1.1678869076704568	-5.277560569442306	1.1547873522737104	-5.031531505467008	2.751200688879354	-8.38305885758441	-3.276644869318538	4.08172410010949	0.04028299163858065	-3.3659935992817336	2.7834269312140685	-2.622387335631252	1.4603905774957757	-1.8139407170767659	0.9700632080679841	-1.893751071927963	2.174274822022634	7.333319028166038	-1.557141127540699	-0.5460958307701818	3.7871048798408684	3.3063205067497172
DTXSID3045568	6.953081892566875	-5.69289406216138	0.8409959430823882	-1.531895139125696	1.1232174332997162	-1.2139057009031473	-0.2891164027468033	4.662229188332906	-1.8544968273816391	0.12631780959093258	-1.1264962527395588	-1.9171745048496338	-0.7678721377751215	0.5556813186520148	0.3327024724449834	0.5715631534483075	0.49941344856338876	0.8806325429821591	-1.1601336519439607	-0.8224874371355635	0.46161737011622883	-0.7013638682640413	-4.6647308877345575	0.7903011765235936	3.914619828212251	2.403724262350707	2.1362494288384934	-0.20851509379264893	0.11020812122874786	-0.4331598683969016	0.20252304540441746	1.0182926639292558	0.553077560835101	-0.7481471311211859	-0.6666292589414797	-0.9741520348043331	0.6132172442367533	0.7880215686433413	-0.47139198877290356	0.31279737348722014	0.20398884089363084	-1.1276656182179445	-1.9025769766395668	1.7269329167762006	-0.7113669597444331	1.3264821238260325	0.11217856893457186	1.9556027041349164	0.22896092536456397	1.9591601191992045	1.4509594293240355	-1.1691660113204851	-1.588780297542824	-1.7029714866170014	-2.686005180736789	1.4704286446476083	0.04795318588720641	-1.153954023447329	1.2212815294467847	0.2499594194757792	-0.8925717362222098	0.47231989675657615	-0.04025608886389213	-0.014975269820371416	1.5100768478781281	-0.8997887378591282	-0.393348296227395	-0.7076911990120838	1.341762113598018	0.9198601032929143	0.166015196849258	0.8766878657248096	0.3518102717878449	0.9997435931724372	0.896657387806328	-0.15072866770556534	0.33724139833984457	1.2290908379901277	-0.3478948797136746	0.3251960203677097	0.7071497235566435	0.09363356589402015	-0.9561246516171433	-1.302771396107999	-0.6325935283298635	-0.5484801453763511	-0.5610170267735344	0.678281588248073	-0.30231714680024746	-0.19866622770849585	0.17209683360239011	0.29796431475082213	0.19979370720232395	-0.9728112087989194	-0.5452395477379001	-1.4774501404539495	-0.26222339802030514	-0.2186183300930491	-1.6681055383770946	-0.03816776104758581
DTXSID6026298	-8.143859626737763	2.4262754241361515	1.2872776324626756	-0.4516099087657363	0.20375339365188253	0.8941857554305761	0.2409120062948005	-1.0536449476088172	-0.05675374764902589	0.09737564148148696	-1.0518909543026587	0.920761842291591	1.5688984017338632	-0.5451956866763822	0.21940006443661192	-1.0826345329283154	-1.352150486451699	0.42470943081422136	0.021817665743203034	0.5668819894364185	-0.4214451541330284	-0.07951598767805519	0.3902401614310576	-0.24488081602570264	-0.9706074810731509	0.40135637684994807	0.5446181263097846	-0.8052774143733045	0.49118872802478375	-1.2148175989816006	0.8866853508571592	-0.12673622347378832	-0.2040476657810009	0.4329887757585464	-0.30439868089341676	0.43343828635691733	-0.7584011995493507	0.015415819711648168	-0.46508059512445354	-0.010517222285564202	-0.10141913129800081	0.015582424419879084	-0.17674706158812997	0.7425813263294326	0.8806179522582994	0.6072572114313745	-0.15315898022473282	0.006100346635374713	0.611821803575687	-0.40870438757321975	0.02817093236394872	1.2363414717392394	-0.3623700926154424	0.0380059582060914	-0.16454857006958717	-0.11605001830539989	0.12061714469688602	0.40315114370620553	0.00585393902252047	0.13419541490926576	0.27400989466656045	-0.17822203225527491	-0.19306764384581307	0.058445282052583064	0.0764945596560859	-0.6140710037641585	0.043134440423884805	0.02904861501623773	0.04340880250920898	0.006275058300028657	0.4238922960817739	0.0515418942391144	0.003008928847435799	0.24439219915261626	-0.3053467970316815	0.3632232211725498	0.013320463315459455	-0.031408043205539395	-0.2764191316994208	-0.3717374935758156	-0.412742543788341	-0.5600193809106627	0.042454695781569234	0.2859405922424885	0.0658071333591767	-0.2725545282214079	0.32805125820688874	0.2526763568099989	0.20431333642923186	0.3962979010894486	0.20980395766921978	-0.49515038178538073	-0.39623455391795787	0.26522972782356385	0.2624044825001075	0.2716809302346784	-0.22840329712423038	0.08633726370308728	0.27142185490620646	0.05268685967281459
DTXSID3047847	7.481794349873154	3.1750254300887453	1.6115293869818665	1.0098350138779086	-2.2247689446772503	-0.3452825206009483	5.094059927253499	2.301491014774219	-2.9614868818043045	3.0347268893406603	0.5841241854010403	-1.6817257265397003	-1.6164625443968559	0.6167273484259596	-0.10927709283112151	2.5226341994042016	-2.6467900580047696	-3.486292713982297	1.6937963610651747	0.7795130151914884	-5.4188443914395155	2.4663112452185967	0.4935638541135629	1.9590757957696796	-0.5501595161886229	2.5441900274038547	-0.5703006239391286	0.82238372401624	-2.301039274363645	-2.0269259767442884	-0.4444332772708692	1.6104012597125064	1.908667906993224	-0.8342797055988882	-4.608175042696536	1.2220686153111364	1.5563010992156507	-0.3743492602022335	0.12977596584591702	-3.1566574710079545	0.6953627400036682	2.7567268158001776	0.17416408000060746	1.5697823360658705	-2.774214169913181	0.8759310405885273	1.9727342390555218	-0.2599223825172909	-2.052624996146035	-2.6590159999169365	1.7716088010393136	-1.8222825076516609	1.0196208039283468	0.9704097671089401	-1.453123464646052	0.20110298382816877	-0.6455310579426132	1.3866766156951422	-0.05434059249402819	0.058133830180142315	-1.3498032479426103	0.17848241763056247	1.9008348942288185	-0.07840835044678053	1.159348935562831	0.9824353204707267	0.1689908836398777	-1.7635238969502123	2.2694746670998733	0.5365270693552394	0.7515954878150757	-0.8213844612221372	0.827524933181743	2.3343208117754166	-0.5013399443177681	2.017457528906275	0.917671525907212	-1.8604979614055344	-1.35433982970821	-0.13021951034730225	-1.7717471177881983	0.2756816609848275	0.863969103977586	0.6532535699406092	-0.45938136553104364	0.1170526139527544	-1.180722873398989	0.40911743843078435	-0.9652592265133816	1.443429470367653	-0.45047950220735833	0.8413347653733081	-0.014055315658137842	1.337660498412218	0.6729250288424313	-2.018179362963531	-0.5884543793645256	0.35148176169300954	-0.4728208257785645	0.7822699982177734
DTXSID5020863	11.19292928767041	-7.945599974683917	3.5090310246405614	16.517286807445718	9.73062037246341	-4.202493114051561	-2.6329875239082114	2.5031355450326767	-3.5430602155252977	-6.818132465582043	-1.910842281856456	-5.584167027570958	-5.035060256589087	8.097997622902751	-0.9587904270997382	1.6442183423587884	-1.8941692893803204	-0.8232632746184211	1.6048614456197683	1.1834798780482683	-0.6528551599007545	-0.5604784719762046	-0.38517297271315365	-1.1152159575268072	0.028669698467725113	-0.52494447501497	0.8314352481392263	-0.849758744760723	-0.3068198243798789	-1.2196871941589056	-0.2436631634886494	0.18848310058724801	0.24673298945600705	-1.2345845143975045	-1.785464974858019	1.5745195402049017	-2.4171166139042337	1.3303248516972426	1.073958156832544	1.1424646066924482	-0.5885208573727753	1.3710817838302558	0.5615274748140144	-0.6744337778781296	-0.864761442327426	-1.2603476898356603	0.30705386336812934	0.6248539777075846	0.2411199161371761	1.74707589968415	0.19846992729190266	1.1360220667518832	1.2037727492150714	-0.004402280540473657	0.2773639914861831	-0.03991001730867084	0.6436384445908175	-1.199344516223849	0.4902124764037355	-0.7388203967984804	-0.7410407130098857	0.8558712231716807	0.3604515622163515	0.344679709479601	-1.102276266201352	0.14294461361202326	1.9854263487006714	0.44966126838060494	-0.9854207015763898	0.4555399417689792	-0.9587531603673942	0.039728043177128726	0.588944191494352	0.08494635395765078	-0.6418387870376822	0.10042712826116729	-0.616007892463621	0.04538959818417627	-0.7421116993644102	-0.6609572876621327	-0.09423464467759488	-0.35195551164650796	-1.1789980535008955	-0.5624069379894842	-0.3019173240905792	-1.3066972399559365	-0.4370033603048741	0.5858398569726466	0.3133671169040669	-0.16682026042486497	0.20660751212628772	0.3443555215873382	-0.46562586276696427	-0.7972008563376813	-1.149360826781136	-0.07138352405421225	-0.14757445768211003	0.7340360689129511	-1.1923792734273768	-0.43632911914137357
DTXSID3024449	-8.00590689112321	1.641119255474126	-3.1497375587057252	2.3036475244968377	-0.10149597861034469	-0.08559269949264504	-0.45628708598424744	2.5592431377309453	-0.9176314228945491	-0.2212789953090221	0.8874774855081434	-0.40891654153409646	1.909469483047588	0.5602148039537239	1.7556884865914182	-0.40784528197303244	-0.7229206678721634	0.6022625823675499	1.1679835246567036	0.5668478988735101	-0.6331282943504198	1.1576540489056897	-0.41890204028557365	0.22297654900220476	-0.3688976067683158	0.7293111162048126	-0.15125323475045252	-1.0128493759374688	-0.3320789428966813	1.4279329002088856	0.08082833202734989	0.1627640731151285	0.9603133937204384	-0.25176995228643395	-0.6663419259163362	-0.00791331362723599	0.528347541725217	0.36133645695955285	0.49595643514880966	-0.18624117822021094	-0.677980690198144	-0.6438843880510963	0.010651538391113076	0.08778456733738141	-0.21067326034168216	-0.13397666505544306	0.4705700044388097	0.4063325734863017	0.111945014799054	-1.3593216816165001	0.4497234587967043	-0.2792528899766415	0.14626908072262282	-0.01783177216673425	-0.27442802349638074	0.07640602574935337	-0.5362107293430118	-0.645935640757903	0.127679845081674	0.60666992872707	-0.43046343215961846	0.21819362443888196	-0.18321274061054277	0.5480668965146216	-0.9029121687435904	-0.6756792063218285	-0.8488902918049818	-0.049412693721903454	-0.3112226938047197	0.3241136838345889	-0.12142817300505011	-0.004357272984738289	-0.35501443735976906	0.1336359807907526	0.33982894058597773	0.13120678955369233	-0.02609014333021152	0.02713244851479278	-0.5748164043428999	-0.13714138106023546	0.2818221025314365	-0.9964217916513992	-0.1144125034597017	0.49425882665740134	-0.9748251623783964	-1.0196663803299102	0.8612376034257463	0.21694913519981154	0.11902098282769427	-4.6942094558162494e-05	0.6471449298829014	-0.2787986905193137	-0.16167115138638824	0.6573405885731224	-0.8951858416253353	-0.09583557710744692	-0.041768620024710205	0.3973138480703938	-0.7331795159064207	0.5443678656655
DTXSID1046895	-4.871253713797516	1.8798898295351278	-4.634514031603462	2.467755776445875	-5.279765640144452	2.2907631473318255	4.82771042354157	0.976783094213345	-2.190207005795985	-1.1282165365144923	0.0009847037638850734	-0.5537914214515494	0.3193108411159204	0.8870037693991119	0.938160031959121	3.1420233614675093	-4.805893256347353	-2.797711054231819	1.0251636151329642	1.3943682884072452	1.3289765749260876	2.657120270372245	0.8824177639104434	0.7482676154024517	3.117431508690999	2.1987630807693654	-0.27679801397256965	-2.9159940099285153	1.4876369460472159	0.9460816635885141	-0.9568247550580301	-1.8093819238911797	-0.8197073050633094	-1.8252323318959334	1.3225032075561225	-1.0529127505966527	-0.030986065072797053	0.02119166327758606	-0.18557050703822123	-0.6179787001650218	1.400748579979371	-1.1416911971028287	0.48368616469522274	-0.7044412454365103	0.3889335256815548	-2.697672587444759	-2.8732715152026533	1.5745932220375791	-2.8334810389402185	-1.0559375686772647	-1.1249055744324126	3.055063609844023	0.04476209729043127	-0.4833657863145451	1.8302487238107932	0.380108335651304	-1.8497152249665996	-1.1058476221358389	0.869735739163538	-3.3758662197718246	1.5031089366391455	-0.9808149438699117	2.7436514570303916	-0.5016938887472622	-0.5939190219185099	-0.004342649290468972	-0.6829859023567555	1.505459740314314	-0.5654412870429018	0.5322914349715141	0.350868932123411	0.3194981353178238	-1.1655454958652154	-2.8073531789684014	-1.4239466234620812	0.7543740604802595	0.2200058335636245	-0.38468734984165637	-1.1249960336201674	-2.0461610697113226	-1.15084808639196	-0.4182786143930676	0.8776782400443465	0.44049602787182157	0.6259628157920214	0.006128466168561137	-0.319428831349515	-0.4761286216137581	0.175072524767191	0.9222681619360124	0.1523568758628456	-0.2881127359365433	0.14685541111037265	0.6959276866381657	-1.0095412157249202	1.1350094134783024	-0.8240714112726787	0.5222572598803474	-0.9347279866982695	-1.2569367955825324
DTXSID9021554	-3.644449568933683	3.2153357030546417	-2.1306766381412783	0.8104754493108715	5.517266022684157	0.1608380120943839	0.3974067779749516	-2.0011699050956233	-0.42650325489063506	-3.61244981070061	-3.1804536916521937	-0.8377750102069033	-0.7534238536334398	3.702379156690206	-0.2298795533030015	0.05710472456881911	0.013587953414764969	0.538641880280414	2.763222658288468	0.4695412865643302	0.9615222521916261	-0.32173000143020275	0.05098394764346948	-1.2789603471619606	-0.034397417744925184	0.02777505334373415	-0.7374832612947748	1.154556681505972	-0.4885168343926553	-0.49361129639353474	0.6575265713953319	-0.9686486020131443	-0.38536142946927776	-0.1474581981769989	0.018089989410394407	1.206420967544125	-0.16713169479606588	1.272362576008095	-0.7438834092642114	0.6111768534711324	0.2554840220574132	0.5210658769747619	-0.8609019404968357	-0.35227343906245345	-0.18740110456995646	-0.7084423923693591	0.22471582368224555	-0.7154493437860217	-0.1428464746135498	-0.739931846243216	-0.8895565142128516	-0.3637327263653157	-0.18580133648185793	-0.2072279633892034	-0.5658086823536608	0.714935574541986	-0.07982599576969707	-0.30601754727585045	-0.882892779738809	0.032493994659736035	-0.06238941839325584	-0.6974483036679713	0.26774701435682285	0.3657518203982949	0.2585162689199666	0.18631850638942496	-0.7113250827035025	0.1164075908091714	0.20424060045585843	-0.47437541289538043	-0.04367958127375693	-0.3444767855200067	-0.25112179295372966	-0.044902198295165244	-0.3766295998854554	0.48777121126136724	0.3119862387295514	0.2349777279936633	0.023508674718274863	-0.017647004690478953	-0.031958462401891465	0.23429361836292553	0.3437313066564714	-0.09384167756499359	0.2420721629017908	0.5185131830921494	0.28607474010185113	0.15999352591333452	-0.35469948621447644	0.03371994696778839	0.15261633552782888	0.01117771220164662	0.04508077721605689	0.11060065987011758	0.2621267877570365	0.003938749502760314	0.014415707102064305	-0.21921488381987012	0.06796210735437129	0.10621379156927215
DTXSID9045764	11.827946624051624	6.994780955498895	-2.2631977141881845	2.6710037870152212	-0.44863377383406144	-0.6981697967054988	-5.3874947315628035	2.164019121654511	0.9964569815739255	-0.5569079400029682	2.0849284684319858	-0.961826696046336	-0.006566473971018042	-1.4968200692737201	-0.36698418886921735	0.8805961585224058	-1.7232673530139548	-1.6479954092711333	-0.05834762942721612	2.669847375134961	-0.0031882646397060578	-0.08496167109439622	-0.15294144023044298	-0.6039058973529081	0.9419694453791233	-2.159044821303965	2.2067583371125177	0.9301298841616116	0.987449970839162	-0.5658457832847152	0.2303220924757347	0.26326970729410315	-0.04433715391609308	0.600783548822736	0.21857072669338504	0.18660631241111553	0.776185380526252	-0.050136005629591224	0.3542869565147524	0.8173647559714255	0.15984485767180234	0.6297939002038034	0.02609131064077899	0.5725786204928583	-0.07033714545396196	-1.7170718625273358	-0.704183060250338	-0.41220892963168765	0.018053658843587287	0.32709500466174596	-1.806000483166656	0.2567723622529162	-0.41900521461192947	0.13095662720669857	-0.4484697675309718	1.3679129618997472	2.0193627321022083	-1.96922298886679	-1.4256437802362831	-0.839564729499467	1.7423914654153536	0.35444252908172597	-1.6122190597100394	-1.0901325609357324	-0.32779649114878445	-1.2512105953091457	-1.1565090610654012	0.7609262536186241	-1.1361682647973543	1.5802792583966783	-0.6202453183697836	-0.31721122731598617	-0.6414919448982254	0.7370339392695867	0.3806818882007237	-0.7751288903138874	1.3902372768257085	-0.9453045460698416	-0.5122825180241747	1.4341318205292137	-1.2727455223674706	-1.045154707201995	-1.506546295209929	-1.47041759921533	1.1182291772214659	-0.8480682930427049	-1.8813900155264378	1.1948731169742115	1.4784217566072144	-0.8106059182081905	0.1361704539302573	0.18651843570352783	-0.3665107185753348	-0.15230068639600822	0.9480967808934994	0.578097687538771	-1.0985924630677393	0.5774366807618818	-1.251619330348673	-0.2645040549952808
DTXSID1047811	7.9473235549497305	-3.473168115947737	-2.5562473907849443	-0.8425111791276051	1.9533005411863607	-1.618954561155097	0.6375010886465701	4.439801449762831	0.4636125614078863	-1.4567450846741345	-2.4472408061579056	-0.11605440842407554	1.0033006024861009	0.2453946817665457	-0.5770131130802352	-0.4136178914264202	-0.7276201579275895	0.4471441230716939	-0.3377032660143776	-2.329643506371679	0.15793707752365266	0.49886386268180033	-2.3677023215000292	0.2752316710213385	1.518707202328829	1.801078576939969	1.9689464631878555	-1.2645514651535212	-1.467531386766086	0.8086829452244798	-0.9716856401956746	0.7373275164445329	2.1192813910973802	-0.7670764895635799	0.16941444237370143	-2.0978994598249767	0.5392340396236799	1.8675671062569574	0.5653050250894233	-0.02225841076311063	1.3937781032926304	-2.002901555690866	-2.5383216091087872	0.5526463701973029	0.5323636427260892	2.1623296512651935	-2.4737491277252044	3.475565476025685	2.008488432168094	0.1459000040525495	1.0655652992886246	-1.9501184888078777	-1.2809977463144815	-0.5601808769209206	-3.658389355760941	0.5011499900912348	0.4745672959589072	0.362757348206029	-0.19521446142988208	-0.5506772649582677	-0.7102618165713994	0.40775959809078655	-0.7252776516619385	-1.397581023685248	2.749389351622176	-0.18671450559268749	-0.23676854537047873	1.3531585653468823	0.1550229088919638	2.56759593168077	-0.2347929549985109	0.4228356415564594	-0.22859512429053516	0.35416205659371996	-0.9342212640051523	-0.0663419573792995	-0.15295775630900602	-1.3703268754938525	1.447683652033544	1.0921861447878463	2.1080864309124507	0.47483438310246184	-2.360997407426277	-0.09876046524704672	-0.3114900548964002	0.6564655576219505	-1.013054838584942	0.2168356571044694	0.7138616565079683	-0.1742073724719129	0.32630347955772554	0.41601498622092287	1.124811849459942	-0.2927418035306772	-0.34713593558856	-0.7377774592480013	-0.5016583500652108	-0.2802615885205046	-2.300211287405993	0.31282807297173854
DTXSID1025221	-3.3279462334709766	4.659864222644462	-1.1051564397258502	-2.847302051008434	2.5792817766181337	-0.28041743137781283	-0.22390362754725668	-0.6816155727820374	-1.0762174571138983	-0.07346949617350544	-1.4999420491106252	2.3208459508063015	-1.072845473245883	-0.34909983908079734	0.6196574001486483	-0.6818980128691218	-1.567779414834023	1.2576459405485394	-0.7051215075291721	0.4229554954100348	-0.09991889053743068	-1.6042995412660448	-0.9214946146709533	-0.609949051425685	-2.961583727349026	1.1412135570872577	1.4543811490627188	1.1045268808419486	-0.7315769169905202	-1.137293550232055	1.7335481903226917	-0.44426455151236066	0.6705263712606634	-1.3856177840565673	1.7788486515013986	0.7662392697145951	3.0624674213986647	3.6143767765479162	4.504910097856111	4.145151652832077	7.5222816144164515	-2.5943270398085465	12.776569871365538	2.0008775542905237	-1.3157014399427773	5.1054663286496	-0.008412005674581014	-0.2696390640809389	-1.286081689578502	1.7554293988923158	0.4071630563497582	1.8722804322102018	-0.8815032822562708	-1.4447900084859298	-0.16668983832693096	-0.8620863559745235	-0.38927309047197867	-0.8638602545972117	-1.0315983985515367	-1.7469875615444967	-1.155966691794706	-1.625516574488735	-1.389255164405507	0.38788445843973784	-0.8815545174985817	1.0785220679175296	0.5389384061082018	-0.1297044823877446	-0.4393877003830964	0.03954179183258645	-0.3118341478949995	-0.20006528082685907	0.23316672714755596	1.7013580034234712	-0.07940282845366346	-0.38790114944610266	-0.013868640398611753	0.2369153757365113	0.4269834561376721	-0.610665337464354	-1.8606676237812056	-0.06854203049424974	-0.17316468790030554	0.2944660260556999	-0.4714365831186449	0.0628337087615637	0.04026404762170685	0.36487012012054276	-0.12140653973165333	0.3423460415953919	-0.07672797789525118	-0.4036455005921496	1.0842685093678424	-0.35109670131436393	-0.7006845655422165	-0.23636148522230965	0.5962074189392678	-0.4750922177837485	0.03254477631919149	-0.05993054837922296
DTXSID0045468	15.08158381561281	-3.9571161508934556	-3.141006682716028	0.8530304718431185	-3.188379315370438	4.008761572323657	4.224821308636407	-1.3021939876073647	-1.5362051617666337	0.13281176822186513	2.3829177844083107	-1.5545550916859123	0.6548625783071651	1.9902230997429269	-2.4047402566912472	2.451479081270389	-3.1752295786441387	-0.0986814917435382	-1.1428050722018837	2.6288702914148465	-2.976949570696542	1.5380650005438365	-0.046189041007074584	-1.4564428553891278	3.0254210187643573	-1.0854768370845014	-4.667577034071652	-2.1463010252343415	1.3611987136971457	-0.7007516175240991	-0.2592803499270964	-5.568172259292052	-3.027628924321051	-1.7706359648987637	0.9542241394054847	-2.9185431719689965	3.794168650658809	-1.757016114725101	6.077825967529895	0.6927760687237166	-5.0339839780736435	2.5531412742424724	-0.8174066338602363	0.9344416516347891	-0.3010907202095492	2.888736324716478	2.361052111255189	-2.080885724382171	-0.3408857256741681	2.5775065076981685	-0.29472156551407624	1.3430121637754961	-1.1540147967491936	-0.0991322803021376	-1.5939666452421561	-0.4437900685479751	0.619105426009588	0.5067653098894584	-0.6481123066140723	0.17799470660998207	-0.7411911302211049	0.08320450315085928	-1.1022597381342336	-0.4356286599487411	-2.2673036892923952	-0.3447249766639584	0.23745054835479867	-0.6488175800841928	-0.5421556582264875	-0.8963206282461911	1.354757549459169	0.5735532161935974	-1.6090410575219949	-1.1817347537429579	-1.8390222581762434	-2.154275874929143	-1.1457401075588813	2.2911344023259277	-0.3527597207565731	0.04576332915628935	-0.6119030678665741	0.026864990276693233	-1.5193061679817046	-0.7768850260858658	0.42080510194202253	-0.4157251908875257	0.2930749412064492	1.3680918814087035	0.2146178828847776	-0.598987611442181	1.4160744948859423	-0.655235575889662	0.0352227663513543	1.1202291546909158	-0.4014867297865699	-0.3973706982329003	-0.012913539160885166	2.061917272238768	-0.5606323015950974	-1.377461902641431
DTXSID8020830	-1.6165927260807686	-2.011910198551942	0.773255374205716	-0.1936397657276371	-2.4639457422880384	-0.778118994494714	1.747550029543495	1.5008071058638173	0.805344006529661	-1.0823330441768677	0.8422385364782156	-0.45493139941968197	0.4501879179767627	-2.4519684288058206	-1.9026529004399284	-3.2582553105478116	0.9785192864484575	1.52609246319234	1.8298791869480564	-0.6405741197819286	1.8197497738957031	4.319227475707005	3.8635834499009927	-2.805120879913804	4.198124873729162	0.45696139204243774	2.492058553889192	-0.18493252137606564	-2.773696224906905	-0.768225032926509	1.9778368716619676	1.6164428940476878	-1.148322193482927	-0.8311104559144487	-0.7005108353806815	2.4181285160039483	1.6120178647946286	-0.8737334949999133	0.651139030737904	-0.4021764082875748	-0.46685562029945665	1.8371803132086248	0.17362995724394545	0.6018039204992562	-0.4771884461907719	-0.41934271775823134	0.9112398825452668	0.7949243553049353	0.04194295330943207	-1.3687587549279296	-0.6486728439028195	0.11559801726898314	1.293126649941348	-0.5550770385800485	-1.0018903799224486	-1.2857468043867588	-0.18145812508936396	-1.3667449674846563	1.6070127036961799	0.5477487019372548	-0.5922693227913264	-3.327709475042298	-1.7974368779193328	0.5356687715133797	0.4444806104423575	0.9750166525642628	-1.8789682908017227	0.7701825701251025	-2.680681485908132	-1.5102589513531706	-0.5172834611807857	2.696273197434514	4.522623026771351	-2.266670949678414	2.3457130654003917	1.1832710015472572	-1.7576649030362164	-2.309272123229874	-0.08389499748350793	-0.21438484295665935	-1.025767559737943	-0.3780848932972833	0.25300053404577705	-1.5675119827668753	0.8524179093006208	1.9802972639518641	1.3760768466136621	1.593302888790351	1.0449874466736573	-1.627966878147626	0.13733403010286177	0.7614964159419386	0.10553292575016822	0.7360331062191955	-1.0400582067704143	0.5434756334712831	-0.20182358122323255	1.153941232192147	0.404019212086606	-0.3138266221431124
DTXSID8026432	-7.317802286024288	2.3821196095070185	-2.2692864753156736	3.330596911714346	1.4644027322988586	-0.4051614700125744	0.04398532660982017	-1.433810582443068	-0.602365388249454	-2.6979185987654137	-1.6707022193785421	-1.0337451086861544	0.8686519631720466	4.341619876160255	-0.493798453171906	-1.4248893907897033	-1.7154145960863716	-0.3616638404984669	2.468495726509693	0.6883300075970809	0.34419053026557045	-0.7459342604676789	0.9376965017662674	-0.8482381767335541	-1.64204666496024	0.2805167350317916	0.14404018257808024	0.23616927684429248	0.3452752026768179	-1.250421053911754	1.1147608783313085	0.27453812750782847	-1.2989085851672164	0.287698227353002	0.19816514787011377	0.8649286126550901	0.4895332403173148	1.0417644269619757	-0.4729397425225042	-0.18625101144206777	0.27348930885981265	1.0525653743128218	-0.2634563520906687	-0.7529239300677469	0.6744211609373305	-0.15725277831573203	-0.11265373417922869	0.008813841846400421	-0.05196048367259407	-0.06592767615372536	-0.8404998639788173	0.16306435529896487	0.04504167042293983	-1.3624705947107216	-0.8878241305463344	0.0855701153316706	-0.02680216017761668	-0.21654851910893494	-1.3246640735094788	0.12039470613058004	-0.44920152769377414	-1.056778128454903	-0.5643165931377883	0.7900580566527347	-0.11824122955377435	-0.053880264798773135	-0.3786938186629028	0.5684967713865859	0.8693346188605748	0.3308218116996619	-0.7890480383522349	-0.026023857495147615	0.17108762892595492	-0.503575518087446	-0.23477650507219727	0.06099056633289995	0.9434942110209042	0.16071477120455177	-0.2678871067132079	-0.3947474854423401	0.08151537404038879	0.47701496517378206	0.9055860256794249	-0.043603366995732466	-0.15015291440416792	0.07262034404080879	0.32483234851328774	-0.23974259734131478	-0.4874285394961511	0.060217134488640134	-0.22283624379514622	0.1685513177214538	-0.0968722565662422	-0.34266207883849725	0.010141227624847208	0.3295596714350039	0.4498255281498498	0.01592505921871444	-0.34015514906263694	0.2049668388758353
DTXSID5020811	-7.877669885333983	0.19576041846081274	-5.889697349442515	3.1342484108566073	6.0612367384271035	-0.60173300217209	-3.9648853476417107	0.6578667487778688	-2.2468228640405146	0.9707180009776375	1.4327222489639024	0.344324424004561	2.97212103385405	-2.5023434793102526	2.4315241960074925	2.636523434704025	-1.1226947017775164	-1.2051633148552439	0.08565043071819843	3.648513721960577	-2.1620793064135144	1.9861246557846541	-1.784691672169716	0.26701055872105406	2.092798338697105	-2.6626866121538684	2.932551280293415	-0.4461186958279904	1.108240990366572	-1.1103957903112396	4.052630910683382	-0.3288545979733378	-1.9986750271512617	1.1785380611543554	0.27673016166275743	1.781940814745838	0.05612385343117599	1.1087169898787916	-1.9269624597886166	-1.678612572821957	2.2598741684225785	1.5871504210732197	-1.2820176951471292	1.8440618238413502	1.297358609495162	-0.23129612540188713	1.2740114417712203	0.6269797404925872	-1.3024291397682117	2.748539097995995	-1.4692408636687193	-0.545231305345385	1.1843275290127002	0.10774507464161957	-0.9897171734450076	-1.3696959831768876	2.9485735583785764	-0.2297239052348879	0.11033285992214299	-1.8054340036662202	2.8885618392821324	1.2184384036168794	-1.6425640444245722	-1.0465351062009476	2.380498677708964	-0.32983854380096833	0.49159432490577326	-0.0893926118166589	0.5348888674130351	1.2399122458619458	-0.413913926786456	0.9787687828773725	0.5282515847124011	1.0350705997551233	-1.8525091112670469	0.13515351153490598	0.7962187848920012	-0.5875389417869833	0.7322735022874619	0.49185364851349356	-1.1880850525357267	0.196359509929677	0.31271817767200377	-2.5116162353990625	1.8419863765336983	0.568297980654163	-1.1050137302527978	-0.645450339610522	0.3703224434718081	0.7797049184396633	-1.6252420191302528	-0.26214962605618924	0.9459105129465413	0.5478519601220884	1.1004134962627026	-0.1727468369462463	1.7723807200961337	1.6479793266830058	1.923826826752289	-0.6881610048561978
DTXSID0022301	8.628103636934878	-6.058291148136627	3.986660079445176	-2.146929583535888	0.16983736936979638	-0.932539322565471	-2.006238000357612	-3.9726516668052243	3.3691605844201598	-1.3569977158967048	2.6029858726023374	3.698224439299729	-0.5782928904798288	0.14768076061059748	4.620188512615798	2.4694974280330935	-1.9174617564469267	-0.6443806026927457	-1.4536435011429287	-1.2557912145130055	0.5694892760424614	0.8598504169747025	0.495167189699624	-1.4899345888534021	-0.9670801191924119	-1.9161691503057319	-1.0978644688544004	1.4082037075310465	-1.6266054566817347	0.8327572516965109	-0.6627992697901178	-0.753225462269237	-1.2540772451943696	0.2448290549240556	0.37972695485634234	1.8135185798236784	1.1613379114207645	-0.5387998113624547	0.8817814149046431	-0.14374523984966153	0.13153166705680347	1.316431041312358	-0.1331480001525758	-0.4624668649887694	-0.20618053547593718	0.20381334371131185	-0.020935617706648185	-0.1393591606494722	0.2864085891312451	-0.2072508508519887	-0.39110228662433494	1.296341359008363	-0.5977076851862345	-0.3515309939100616	-1.5254278635809642	0.5426779956510596	-0.9082230573716801	1.0374819736041911	-0.13958422854460828	0.32430666661835106	0.0566298223066445	1.2776388470293238	-0.19039633909765283	-0.20121439473557334	-0.046516736542364184	-0.6174274836982936	-0.7400454044101581	0.001120671968127397	0.43056822401829403	0.8035348667157569	-0.3559671432295637	-0.09609565520165193	0.4582654758618553	-0.56809137814203	-0.6830543845490384	-0.905114520626144	0.4422232835624162	0.3531075987252156	-0.6316590535802021	-0.20270950197171192	0.6423542675515304	-0.7937842685648485	0.15336206511364545	-0.6358368835661421	0.058805415801745205	-0.11703775939210645	0.6625299764044087	0.18377969744423525	-0.18616675077647513	-0.3536799637042939	0.39438997910062384	0.5278317174610517	-0.8521938403910473	0.0720568469932496	0.30602741920195353	-0.5776130869672045	-0.019186420977083347	-0.018065072546417434	0.10446031848468858	-0.48783347423659884
DTXSID4049034	4.743692245275497	0.0665524782684697	-0.4516982418343703	8.155748878269305	0.8531078254952156	-4.235800294457515	0.9800273800878001	1.6858353502421786	-1.4332945480433432	-0.5523603081911219	-0.6585959103068026	2.279277573545958	1.0486590669193752	-0.8009078763082889	-2.3280663561169344	2.2200812244306607	1.4992627050647758	-1.9030431938345516	-0.9985083279789795	-2.391054096632513	-3.2617186676830685	4.673451454780217	2.3169677914417073	1.9948407685678178	-1.374070430251132	1.93180963905837	-4.040484625645785	-2.7891788927255363	-0.8036032932918591	0.6087722910258683	1.1579785508791711	-2.241471382196386	0.247483498266628	-0.5083137107924544	1.055844862258745	-0.21761036338519837	-0.018374039689601822	0.30439263609664347	0.017516614127483614	-2.0000455502621657	1.1131743321376293	-0.24148804611469152	-0.0681949639593709	-0.9108669813868597	0.6153798317951561	1.7362200109715369	-2.9215396474644164	1.6456771099684684	2.301201264606309	-0.03779789586765043	-1.7432491003836523	-0.5729099755650108	-0.5463896863815272	-1.6432022571322988	-1.3236444733292798	-1.8338025784712146	-2.0791972888245667	0.6558073007485606	1.0739362464630542	2.0067141221374496	-0.8721363336958153	-0.2673759532103803	0.4078542375472826	-1.4143860401249755	1.1178830361771182	1.465622564291064	1.6848854426399025	-1.1117528847685738	3.227631052217613	-0.40339406427566127	0.4295157050703015	-0.8162528196203758	1.5409980087063675	-0.43895633750374713	-2.3717438273216733	0.37832714086389957	1.114275417265876	-0.7311068038330929	-0.7120746677717732	-0.2992733704848838	-0.7600943234319705	-1.195297170001058	-0.9690608233278406	-0.7700618563046154	-1.0627825619123898	-0.8784171251737375	-1.9182952247513634	0.414700884167072	-0.6568835800088866	0.2069893628102266	1.3308413688454033	1.441127876933362	0.16653377781523715	0.3871784467570539	0.32077847314924374	0.9165705918345792	0.012757241889132737	0.9280494822902371	0.5851351047715574	0.38000074687138796
DTXSID0048634	20.79377548471797	8.366209511498752	-2.3282335448408076	3.7143166494663684	-2.8255517658466793	-0.9010653715880736	-4.244924375568785	-2.3819359593066243	1.2053331044080857	0.6269126870470155	1.6126200553602252	1.9464900280774151	3.5352046088155253	0.4499575874557237	-4.2904866863140585	1.6770516618121816	-0.3780214867871127	-0.8239665847714411	-0.9799339559955631	0.37046490221798106	-2.936949209327774	0.4952473190774372	1.1674010362884155	-1.1482953562479625	1.2175089473926122	4.287766408688434	1.4439344389799438	1.6700915582121871	0.09945249631613122	1.6316847683958433	-0.23135819839286434	-0.24574960979154392	-2.562143026930528	-0.6700884422647014	0.9522376696076915	4.078985313720242	-0.6718539146454451	-0.3967546811102684	1.269743169554716	-0.7850978882221027	-0.7191035618925652	0.954338874108547	1.435766397730875	-1.192476179825252	2.136987235173925	0.29113827648753904	0.6337462367240478	-1.3450216104936181	2.788204451040452	-0.07469895467517668	2.996939771137149	0.37419336057285635	-0.5207063502404183	-0.7487712950783971	1.077834699727137	1.3188981915993336	-1.4464854936656517	0.5714917079816733	0.24420734157273866	-2.5237442123688396	0.6960349178828125	0.9446847490003568	0.08183885160073436	-0.6839938485684673	-1.6683122031482975	-0.5199052843510622	0.11782144179616218	0.3246814980874323	-0.3392833124781987	-2.6603311933505718	-0.32721565173195116	1.6447391841234167	-0.6979930166724947	0.15280335593009786	0.4427388943370312	0.7775692325028125	-1.8713015426207977	3.70099504673138	1.1120957781934764	-0.914272414004372	2.5809507144678685	3.1059711968767103	-0.3211194288586901	0.6344472297775683	-0.5709224538710072	0.60100109361911	2.6957267547531747	1.0630257336411981	1.0153370424326407	-1.2832559560272523	-1.7043245994057894	-0.1278246775281624	-0.328854100085906	-0.96406215176339	0.9022968964181833	-0.5410446041898684	0.3340599643084776	1.2956103880430068	-0.04161945817877827	-0.8246309358362681
DTXSID7025926	-2.653632907058619	1.110162500947336	-0.012978392220323069	1.4660384278497973	-1.604423666524012	0.3491400609661729	1.425365306737694	-0.8762416761359423	0.9776028669852159	0.04551793002477811	2.349825277860874	0.06838468260521803	1.3136758529813723	0.44981113989009186	-0.5749188755239737	0.08605270243361865	-0.11847419039050902	-0.7080098640618029	0.885586128236437	0.22872678855215578	-0.6094445102959203	-0.2110093098275227	0.16451240234659573	-2.084518265746601	1.7674553427273727	0.7563684216870163	1.3056519000082194	0.1625446435564845	-1.1716142246755192	1.3373798883716452	-0.023931022056042903	0.20805972410214865	0.04585857073895868	-0.511355364473018	-0.6470118411582835	0.7653937209028076	0.17709011397762486	0.5062476734813187	0.650319236465227	0.06663387089651684	0.32351708060083173	1.0084111624511907	-0.13843405331331124	-0.33779090158277275	-0.11359108477854112	-0.012113152875381084	0.6774950308858173	-0.18423189543764204	0.17034469327243443	-1.778903834864297	0.39818902651355054	0.22096597984620864	-0.5030466899983366	0.5211723877184816	0.9124954146748525	-0.5308224412951258	0.4924518173467826	-0.6633571150040577	0.9519213190914744	0.38220767546898404	1.0545668811803415	1.826467919578818	-0.6405405786693907	0.010464856589281046	-0.18184983616533806	0.22950792115311194	0.6955534957167342	-0.7072187438291486	1.018186581384682	-1.349806567286142	0.6173293324259392	-0.2685316929916414	-0.38411135544977437	-0.9839711367873062	-0.37481685256371167	0.6056624940912052	0.15897291040352177	-1.4690157932628805	-0.33493185942966847	-0.5300812569194854	0.24956036341813995	-0.3228771237448805	0.17244880369630644	-0.7568902312829449	-0.8282547780094125	0.35955812106297147	0.594587654796266	-0.2955111648301407	-0.2450435917553742	-0.4183909955985114	-0.5946200364295385	0.11544299315948596	0.22710976332813518	0.2008117125590424	-0.06639839905611335	0.9030992891409761	0.20373133444082894	0.16322079493559385	-0.9258641744687741	-0.6490864989332304
DTXSID2024113	-2.0776878106503425	0.8825924508812041	-0.7731455080109391	-3.0310094815820032	0.8793278123072212	-1.107788772097819	-0.21645609818009767	-0.6477151531914509	0.27520602648590786	1.4079735765836354	0.3147405330959944	-0.8991920691983647	0.7628980698212068	0.1527057738404599	-0.7330122950987313	-2.1430583761011635	-0.8799007295298626	-0.23860916186752076	-0.31987952012934867	-0.9071207782992777	-0.4810844321721708	0.1618015010970437	-0.5061123849543224	0.9755451788788544	-0.6946182673479964	-0.9675751767106466	-0.8567788346683887	0.4561168704880755	-0.46774032669853016	1.3637464871267424	-0.5653531413489152	-0.24217069875149533	-0.8031965660593079	-0.36608371453584904	0.74063605331588	0.37499729181669395	0.26785526146234695	0.6899680322810212	0.02627858355180658	0.661525416874993	0.20929395145938745	-0.14901705446664762	-0.451874642046106	0.15118471288889168	0.05514846596167048	-0.42052271253805273	-0.47872826329149637	-0.3795334261873792	0.4580192836158512	-0.1837015938540016	0.8479782289705232	-0.3282455053442184	1.0878782165305454	-0.08942078506740926	-0.2612298264861146	-0.23198216325434576	-0.2519861730600977	-0.7048151033652437	-0.20080252444031177	-0.8862235837694666	-0.28465705214382153	-0.3164584079082407	0.7256941208303057	0.8761077209437137	0.14218527908150408	-0.013008199424580917	0.12784148392029127	-0.10180517573098391	0.4566261242437935	-0.09838524594308708	1.14099940580832	0.0457846347906801	0.20156552207266196	0.6174847645778037	-0.3914556467439936	-0.2566194207047051	0.0695870168793249	-0.1583163146630437	0.2566677918456171	-0.45158160499863614	-0.12843444025017017	0.1841999103907604	-0.11049599336483103	-0.4469686037527976	-0.1264933494599346	-0.15175023925805656	0.025186444420698523	0.10902046662754467	-0.41381144894719546	0.5187822673572863	0.586091495780527	-0.6571505917677783	0.03277412326668752	0.7019373506471057	-0.03924230585666545	-0.18839624960801904	-0.3586796667989424	0.12131870354547199	0.43839254151278867	0.16644005007061227
DTXSID2049002	13.697795111110745	-5.2930940806746705	-5.643484268680129	2.638729374820668	-1.1662164659436833	-0.40630377556169456	1.7918132812689143	1.4498217461383636	-2.94128887635386	-2.2779763657345034	-0.8141705176980033	-5.049281440592603	1.1471378179021092	3.2698333284689123	-0.8135908563582157	1.4892189844797559	-2.700897967980041	-2.257629400767471	2.747286696588955	0.6645643861357234	-1.1348341666531254	-0.05844224205928856	0.418286900567732	-1.743286892089146	1.1637637884525514	-0.055681497493112846	0.1243770806746559	-1.1487439649886078	2.973332020026265	-2.680076090431321	2.471008106278441	-2.4087372025619813	-2.2381413531691607	-2.1226781577646854	-0.4617128584876817	1.3787054755746664	1.6367687644078122	-1.683573137394218	0.1353226937883254	-1.489747168006211	-0.06233181805132575	1.7631988728147843	0.9952322716325388	1.195207233622873	-0.4029493688912048	-1.3167339459834164	2.0184607733960096	-2.1703292750059053	1.0165493361869422	1.2391868451453982	-2.1894247277097962	1.8695251141602924	0.20539067425228957	-0.0484675901251631	-1.0516861793255805	1.0932852687956123	0.7091404519845106	-0.7815495103968376	-2.1149610621719104	1.321971798652238	-0.6622013433998315	-0.6649105805822478	-2.1395320396290245	-2.1770309751754886	-1.5172104284430432	0.2847954674961139	0.5347343476768694	-0.43395378385747607	-1.2585139084302823	-2.1533813075236097	1.8902356132085487	0.701675504350876	-2.104733683986245	-2.154236203600993	-1.714320120685188	-2.42099587450098	1.3419777514270725	0.4277708627090069	-0.09584033513752697	1.4662977482136832	0.004302879268942958	-0.3458696026809691	-2.348944261777625	-1.1048966922581513	1.0813840339065819	-0.7930203522644474	-0.6391815044011516	-0.9543670541457892	-0.5320472418014841	0.8487006475460258	1.9195254334543967	0.13017532336864654	-0.6000587532772416	0.4582528076302103	-0.7343098941411629	1.3951244169911157	0.33375628986861317	0.0451820108505793	0.9709072145818733	-1.1116600016605622
DTXSID1049225	-1.53545743970059	-0.35947931216708867	-0.9956376314185944	0.1493265618241114	-1.40144029147399	0.7226958638175802	2.6669115525422233	-2.1261164625754416	1.6020658549528246	-0.6967120922304979	2.6615519966866157	0.3347965088481043	1.7560287224912687	1.1409351761583317	-1.2769597006183937	0.8021159317072583	-1.6010306637643659	-0.2830365521468814	-0.02025893726996811	3.508645172991867	0.2530114996308724	2.012859240471757	1.172579997228622	0.05314342511141463	2.524402055762957	-0.0010026647973946435	-1.3154413942065002	-0.9274505731584148	-0.6552599058942646	0.5388422938380231	-1.182899294121899	-3.1639794057555473	-0.9909716810436775	-0.9376098398082324	0.9436902159721005	-2.2229629605598613	-0.047307150430974054	0.8311605984514387	4.035079054655208	1.1218932219845064	-3.4396567867772716	1.9894758330952294	-1.5703002301169375	0.3062944229809169	1.2522506150072696	4.783875704330254	0.7798655712491848	-1.2725248094234733	-1.031602636186488	0.5829923365544163	0.6713364758164332	-1.7745301540844642	-1.4012824706379583	-0.32595508697760056	0.47758672103478983	-1.5489251615438941	1.1420655425447426	-1.298364629509632	0.004747703881920871	-0.2750145606775508	0.4956856984594987	-0.5961221936382778	1.4371793678507674	-0.4051452146571364	0.1875195676228405	-0.37384901649140645	-0.1917896058436542	0.0935976454126427	-0.5705756837739683	0.7688903862386781	-1.3731363184413188	0.3686022094688973	-1.2231092991181263	0.5570281682979004	0.7881311691764453	-0.03219998770143409	-0.16009132096431758	-0.7402023133977085	-0.8351612997308402	-2.644137127392016	-1.083394688717897	-0.8205337488224825	0.19271998849686428	1.3183085689462521	0.6706262213067864	-0.545656874971245	-0.11435178194531831	1.2374184097864884	0.37897595323128613	-0.2267282277313575	-0.9839034351919168	0.19100367110984906	-0.09259335612641498	0.7588078708480543	-0.12308881827720192	1.2059065311966408	0.47876578523786556	0.7731763649864577	-0.5012018956574665	-0.18340529654956586
DTXSID9026261	2.958347423586695	-4.441749365392888	-9.01572401415732	-4.2982280840207014	2.9075219114108592	-3.7453656839496436	-8.488498553843089	-1.8029161049774458	-1.8090162437077077	6.6666439997154425	-2.4698310568803197	1.0609525186593078	-2.8863750090652363	0.4660060034097543	-3.972011671635789	1.0711418351754238	-1.427277133640447	-2.445020982658277	1.2612367899488623	-2.1172206504821087	0.726169054460242	-5.019930344322508	-1.592017209032234	1.0160251805734137	1.710951849336254	1.3219150904920935	-2.483019561672755	-5.583702444861468	-0.36858172055163557	-3.8260081190954187	5.293502115723881	2.299680849526525	0.24557050452120852	1.471920465510692	-2.11956800088457	-2.1183403708910262	3.8192964768118616	0.6622221242625997	-0.863746049628375	-0.10520272471802072	-3.3266670981035174	-0.020227957147890236	0.774227648714483	-0.8755092031923761	-1.319587868575424	-0.458001681408834	1.2842320119704107	-0.6236863679694536	-3.321984954709954	0.20646310022351672	0.7595050555491686	-2.740445166270783	-2.5534648604383503	-1.032968248289786	-2.6660829780737942	1.8481962362049758	-2.578640201664266	-1.522939359542215	2.556628372093309	-0.3520327460180159	0.6886487581676966	1.7137258408324645	0.9413477564545878	0.34279795013778463	-0.3143798301106309	-0.0733621576681406	1.798494741328775	0.13801409434825682	-0.17038334777272524	0.38267059176535256	0.8615697326689062	-0.0008246376219524461	1.2338210929252154	-0.3967853524818685	0.5343438862446201	0.4111294590421686	-0.3122694195438108	-0.29207001637800967	-0.41462944620784953	-1.1767712473542284	-0.9386248072124235	-0.6232299609093745	0.015433386053056653	1.7782744104500374	-1.8639701980566563	0.2797810554214162	-0.6013327121240315	0.07923449835517433	1.2021797725172243	-0.19673736419379972	-0.0012969439464112387	0.4644318036423364	0.7053264582795244	0.4722923025280183	-0.14769215545643594	0.06722558236183844	-1.2718003167167127	-0.21896843943600452	0.7447756697739183	0.3063707219544675
DTXSID3048990	-3.1325318455721862	0.7527854438123912	-5.2616656000061885	3.923864130767549	7.5602766491278635	0.05900537250936329	1.1819821003507793	0.5810189862108525	-0.5434869171680056	-2.8914131052582515	-2.5734760474449714	0.31340541699262303	3.768386062090983	4.334228675483986	2.115106316676523	-0.1479803977784365	2.6292201161361244	-3.551420068428794	1.2403270566775568	-2.1853904793482912	0.9274268321058212	1.4165768341401226	2.3396697898937737	2.1734892216412507	-0.767072804368374	-1.0495899716930197	3.74387485851643	-3.748545631100637	2.801709116356617	0.5932802007958626	0.2598759308651648	0.7128713381182553	-2.1645395098528515	0.7761811211201096	-2.3587101405680277	-1.0822077216827495	1.5978026663670928	1.5088105425285288	0.12899642164744873	-1.0062365097468533	1.6676334674074318	1.9637837252320363	-0.48062261311202553	-0.09937816878563213	2.4376625707509714	1.6365467665427744	-1.056082372155242	1.0461406493424523	-0.5966628541313219	-0.03927419153709406	-1.0913954919997002	-1.5675238573050354	0.7150913672146796	3.1623814826717753	-2.4787143686033177	0.30097255743326723	1.2939345416975747	-0.9519955342253482	-0.15793516469436397	1.5669491796590136	2.019904063342361	-2.794902110729318	1.497313671104134	1.2209374883196604	-1.0373148989342118	2.320479196588475	1.3703087812512573	0.4266626797607597	3.0022895568519083	1.3316850333946502	-1.4994581636194424	0.4402174315858642	0.20874690657920753	-1.2151289448681908	-1.1339318653252453	0.6610561554770937	-1.2440048767425076	0.22982596606409164	1.3342375749778272	-0.23278943900170848	0.5007104727387007	2.1085235678021905	1.3158907438059155	0.9159143731063438	-0.6583656300914037	1.4316948113532342	0.8326325928760858	-0.19971244763459367	-0.2865470419415107	0.1261676521453362	1.1088961203181564	0.9470352212173215	0.9480377490658954	-0.26471878163007306	1.0178397419212548	1.005006479184244	0.377955885609067	-0.6805313309738493	0.1627728578414507	0.8487701449416274
DTXSID7057818	5.129463763185728	-5.700074190503211	2.054349348168307	-6.6599776193795135	-0.4487067009536847	-2.4933871913918506	0.3191924270540588	0.9541835599391406	0.46532943606679844	1.200748281737754	0.2026043386579178	-1.3378576533782383	2.191800609094905	0.6942672071072206	-1.0279682238816863	0.4812599314735321	2.0625741247126785	1.1996261677608755	1.1804541020378025	0.5627459595580244	0.3217888914210991	2.2210129610665614	-1.3805190807170369	0.3106513377870153	0.8353754358269829	0.45307283950781263	-1.0572332559247368	-0.34572550105700167	0.27662241868377263	2.684656117482667	-1.2552001526448573	2.241251574008295	1.58077341783968	4.725635225629524	2.512747061554543	-2.1263225479089356	-4.258743017531752	5.280630711160214	0.7780807383673186	-3.669524849391914	-4.351207582376752	5.247978620435209	6.125635838182339	6.724790707156737	-1.1963972208255658	-4.941650037964913	-1.7572634218500387	-3.002658242673585	0.9674783589188974	-2.0334802291858947	-1.3951095849092017	0.9559205844414052	-0.03088614940347023	-1.2297353593046445	-2.4082874170457713	-0.7077062544535846	-1.1315004195663783	-0.8648256614535655	0.81255590825262	1.5716900195783023	0.05207923142987035	-0.4323784586687377	-0.2974079218712385	-2.5311954631730567	1.2559122739273911	1.4108467573038008	-0.2728795992575176	1.7144571978471	-0.6832627787780323	1.9136200825550387	-2.09187148923189	-0.07627581368547506	-1.14119627012596	-2.5578769889219073	0.8271225752655303	0.18664394766007916	-0.0929869231903814	0.8316444383096389	0.9845102313339187	-0.38784250952951643	1.1348781772730283	0.9449234794141108	-0.7264022924507605	-0.020900962044341304	-1.4587580451173126	-0.9651660895044984	-0.818612591815738	-0.5377651477071516	-1.8123475715211097	-0.5109557201100594	-0.9699307662204987	0.48912278775607726	0.22823131679296357	-1.198213727989922	-0.2773102700489999	-0.7432338612006759	1.1957698127697722	-0.5914686147694228	-0.7643996203407775	0.2339238617911968
DTXSID5024057	-10.685696317945931	2.833455938919151	-2.8472623340702534	1.9064142343759782	0.742289290492885	0.3854157791184556	0.8276196214116929	0.5706081077620306	-0.9475882579481125	-0.11524207882754722	-0.18422221690091978	0.9312729021388755	1.7716801102639452	-0.3601753596699703	0.23958609476524964	-0.44843916778425624	0.08752563934789648	-1.0005177821079814	0.23778001550469827	0.0025819464641930264	-0.5378250639339142	-0.46601952964589716	0.31700599985901173	-0.2801362472295142	-0.4088391718691032	0.2119120810408762	-0.027017057326196036	-0.2238540337351153	-0.47732768847329465	-1.2106740080938923	-0.11655724741578685	0.8727673589213147	-0.7848734121654954	0.857491549153834	0.33980389419698753	0.29817583464366243	0.18029913612989867	0.1782366441318555	0.021144379526395883	-0.4339795692164093	0.35751993001570315	0.8764726935080184	0.04841739257968265	-0.7920949041809092	0.6216307355540317	0.03627876294779644	-0.5082643760953234	0.8522062578065873	-0.1456612702681897	0.1960715669369702	0.11509829337480748	0.0030118347754955824	-0.23595526586421403	-0.18967781136521814	-0.18779916023546733	-0.4469972336167503	0.0554589263892526	0.2603584672213939	-0.5031169697211115	-0.1120891450950173	-0.2667402132166669	-0.49048996471880824	-0.4231070231242349	0.42542606121109866	0.6418716728837867	-0.5048499547249404	0.32227725828267967	0.12754370910053361	0.1561893158844245	0.8137341168057667	-0.23465941556017036	0.07415907797787528	0.07986750767192066	-1.049142485650314	0.3805671823275729	0.3353755891569134	0.04240330400875746	0.29325459879199556	-1.2768179502163692	0.25636942353615766	0.20451505832958772	-0.04388147834947426	0.9026775628799907	0.4286464147127812	0.08143183689805099	-1.2257235361263183	-0.3832576856854066	0.7576139055657974	-0.5365445288790063	-0.6621734928176863	0.1892380970851725	-0.25024599203582865	-0.43458102112923513	0.10907775147492627	-0.10155076851879839	0.32366056249544434	0.7970295135760731	0.1591829028357291	-0.049753472537470575	0.42703926500136963
DTXSID1021241	13.057679151301423	6.248175889873247	1.5537437542719879	-7.759454133810811	12.255076802371331	2.6622498324192567	-0.26747131124950146	-3.870587804554857	2.295533775272945	-2.011630008952217	-3.2851653477454397	1.63737337274651	-2.8097747951120864	0.1698396644602635	1.3828083350092388	1.8249678441283923	1.1141311965109804	4.23707198941703	0.41755290504156944	0.2994907832260092	1.3948760103246682	0.06964336980367271	-2.863160770653485	-0.43394847540811543	1.5095233005301523	0.31916429655774875	-0.8478863495907313	2.0951701392502486	-0.34175145939746054	4.173133324769665	-0.26214511746030944	0.7573793143425921	1.9137842280375617	-3.727855745871693	0.6402485576157825	-0.5022424400833304	-1.588638142328661	-3.381884725262374	0.7924037619425996	0.21030666866552736	-0.6238878444148424	-1.216122017622711	-0.1382588581326753	2.255977018224015	-1.453155976356461	-1.3744486361311907	3.2010209408306936	-0.003135260728706616	-0.48415483698927586	-0.5885580252059667	1.4178979062968715	-0.2791388779926674	-0.6848817674700681	-1.219468627273716	2.5915169919383207	-1.3154465918441445	-2.7587363731317813	1.5046222321069336	0.5151421891987121	2.319804270773	2.3887517858713077	0.3550809639340737	0.20401312470084002	-1.7792977462994828	-0.6478234551773209	-1.4849371072878808	-0.608844570002094	-0.06542384659144843	-1.5886571054355216	-0.04392276262674064	1.2817916896275914	0.6888493352282176	-0.6089470948504621	0.07329793078050346	-0.14787894733652351	-0.8335045502788291	-0.8023577477595952	0.992257704851314	-0.05092273650754386	0.18377180849135594	0.41928266551767324	-0.8299664582578473	-1.7917457348523644	0.31107453007253594	0.8613831278674888	0.17315550831228763	-0.6302177050360945	-0.3961458894949805	0.5022717949490034	-0.5216486570305996	0.036327223207440126	-0.5904712596472941	-0.7665344705778965	0.07535142552142955	0.8009125335883341	-1.3098230653705498	0.4004297918395728	0.46467192207115127	0.2509790312224024	-1.0596141776614052
DTXSID4043777	10.575729862696488	-12.299773197382978	6.823025456412243	-0.5178047734527804	-0.3617841605116716	5.192179920261251	-3.7607706994556986	13.915056920062224	0.8025163604413809	-0.177163718673013	-5.14786281032745	2.2998544230653946	-0.265446739201572	2.2872202307168075	-4.304650208314384	1.5630232367944006	-2.8282347102617575	0.8065253981602523	-0.8568367054059822	1.6762102885048493	-0.00015767213826119414	1.2780717322587702	-4.101880375638617	-2.6433182420272088	8.453982542395885	0.6399990616005046	2.8228209532480415	0.16849536271028254	-0.7518487137178659	-0.9027006424610846	-4.9821620885676765	0.37984797476629384	1.6998647032794922	-2.670033300081111	-0.7198792473413241	-0.13267934468516673	0.5723290313343542	1.282221122300843	-1.3844182328142236	1.2866176024908218	0.35425714242643125	-3.0790816775445724	-2.4302355951884476	2.4848083229360065	-2.6421970722555708	2.2641340920431534	-4.043375193261629	5.958114115551225	3.5682738265967524	2.8555162293113203	2.0189987766460553	-0.7177854258912032	-1.1550481493920028	-4.66629105737027	-3.320204737331915	1.8438623018835003	2.032332067831462	-0.4160253724515687	-1.1522635851268317	1.184334839765804	-1.508182342016302	0.13540737595499427	-0.840708723899924	0.4660923720792593	-0.4720171381520161	-0.7836945189089302	-0.7112566417943735	1.5319125866677372	0.5216901698696358	2.4655694373288832	0.1462629117847086	0.2060464689244566	-0.024504690481227994	0.05103579384483761	0.4803064651498738	-2.868676858399956	-2.8983042705010753	-0.07081992090377881	1.6414425309036973	0.835245885689726	0.41500530127838603	0.6869515564599648	-2.4950935199937168	0.2715428067197631	0.5562153878291966	-0.1349432442844761	-1.4205466651981182	-0.3838240029360802	0.7166392078463776	-2.138788510948138	-0.497290016710552	0.7065621338913579	1.2749975366470505	-2.0362510586098166	1.2177606171488915	-0.9391937000873265	-1.286016113655188	0.13674528271205946	-2.2551515162539104	0.25384654754884817
DTXSID1032488	6.631440577333714	-3.526474118827904	-6.277199516005001	-1.7941046550162238	-3.1166510884934358	-1.2723918547523976	-0.00280188252065256	-2.1926003187678424	1.3600621950342204	-2.3827980329647307	-0.5223335999334943	3.9723891296074787	-1.8933435421314424	-0.488028915912959	0.7328851753535027	-1.739639454341761	-1.7975666705442688	-3.52889047623212	-0.7504199775535781	2.3197012184421366	1.173885491257421	-0.9679460377752435	-2.822430212996684	0.5011894686462149	4.4054961835701745	5.777081491249421	0.5387544842684183	-1.2952137422859529	-0.13090047726545492	-1.0112686090833616	-0.8707745289914901	0.30084063011318474	-0.20015030341756018	0.2642338685780529	0.035175468712936045	0.26395061514915036	1.8364322321528412	0.0116092082003428	-0.4958556249403946	0.41400525824187323	0.16553766227760458	0.6120306511094388	-1.3679494981220948	2.3590501183117887	0.06801458433673963	0.8786159747355884	-0.7839644421504655	1.9369954686529314	0.7185258471879149	1.0663472417353872	-0.24199663424440887	-0.4925112517296407	0.1494911643010591	-2.5231999816598285	-0.9556982774438028	1.408736016269333	1.5286269242178159	1.83571973275651	-0.9725558225197706	2.4071986554957436	-2.0634210827516815	0.20628602711582408	0.010391070170353508	1.1930445129495109	0.32355089142647664	1.0081236158545022	-1.255897902372194	0.8325040826081676	-1.4378090705512359	-1.0647531207397511	-0.7145719486707064	-0.5055403500479317	0.46154127236272685	2.080100181880696	-1.5779470044474313	-1.8921680118402109	-0.7459206344383623	0.13279911053935647	0.43534110209730825	-2.585315451539019	-0.5395136988538639	1.0739872742936047	0.2150935425984299	0.30228141374636436	0.4459214747352735	-0.07298094257843694	-0.477574033398908	1.779639842510241	0.24229527413581717	-0.6381346197171602	0.6271285901650241	0.061909054616472906	0.6153350691347421	0.5337439648941081	0.8842127928577899	0.9966494680567729	1.1611903406264656	0.08960021878683586	-1.3812339094275567	-0.5605911101179545
DTXSID4046658	36.95398507854314	-3.724750568932027	-3.1198703464310844	11.17810343627025	2.893456562999641	-2.629290489656938	7.111866161109678	-0.5431862572762969	-0.8252361936142864	7.062525840730515	1.304938151898801	4.641301336672263	1.6685426895788182	2.094044983516359	-2.545209805676503	0.6413273137164157	0.31609843646884805	-1.4776314541161208	-1.6800456906896348	-0.39684734977453956	-3.6670154591046265	0.4901027416354686	1.04975374236618	-0.41627955214579043	1.8192552937554545	2.628771020738515	0.36354384509656995	-2.1369542633614294	-1.3298048295831602	-0.7210937443645645	0.047845063092719665	-0.03474551235333389	-0.5566222805284924	0.8949825735711124	0.3735353087927002	-1.0986991592073831	0.39120606160943144	-0.4486363062525175	0.07751114989701438	2.7369940792986465	0.3820787796815754	2.368919740080043	0.5363081850129268	-0.7451701093074027	0.5565529690326786	1.0907997281619761	0.15294072320091845	0.2735195517594922	-1.1834108817405462	-1.560555132946523	-0.958943497118575	1.6332842423791027	-1.1761236496217906	1.1170171749523485	-1.6822768214906265	-2.485697852023563	-1.0669767796836611	-2.313204279454611	-0.18008450653988253	-0.543410997555921	-0.8311016797113531	3.2366403765621143	0.20136018961191335	-2.029998662737133	-1.566424928462418	-3.436518950851726	0.5702612009575825	-3.361269342854475	-2.0357786229717685	-2.615583159488327	1.0971573888543609	1.8415994645145957	0.7811535808809874	-1.5653947383338127	-4.545018680155121	-3.6099802856908845	-1.2236517820244528	1.729532818110246	-0.580490185684167	-0.008378236765338951	4.81433260306557	0.5905291523555396	-1.2837327036922108	-5.031452051613996	-1.9892378864593383	1.233949775613837	0.8737145649067661	-0.027848787040423508	-0.9653465970838276	-1.8338302998196563	-2.050568128123976	-1.4654796228645028	0.3793564617272561	0.05000911587656328	3.3374258288268686	4.6662779371995144	0.9351815581584263	-0.39210785150011934	1.038733917457535	0.25141848859209837
DTXSID0045759	4.631445283344661	-1.816537647316343	-1.5609386834211105	4.468388454478473	2.558631529738933	0.9042943119591331	-1.6650587024865298	0.8237016433500901	-0.876480769372613	-4.432511802055698	-2.2562405055221677	-1.8823790546530845	0.9230109048747078	4.432263419926549	-0.42279512686472487	-0.36417677665218695	-0.7906471986423595	1.1070488918830892	0.9715074052791528	-0.7866432119832868	-0.5805235017380785	0.3674798104980941	-1.0824108373930994	0.643990625751707	-0.744423854801041	-0.34121922949955896	-1.985269121562423	-1.6091635319464044	0.2732356078656116	-0.06522424559816753	1.0301529785990133	-1.0869650547271081	-0.2871943748259132	-0.7272313740059513	0.011704058871922333	1.1808082988176891	0.49771551222011656	1.6280883114065952	-0.6724271959545538	-0.6124921550891717	0.700476757296099	0.05708684591215983	-0.5376784129978813	-0.46738993745698326	-0.5715700768403426	-0.36174568618985853	0.12063211194847813	-0.7249692576011807	0.41373373616756837	0.906470177956395	-0.8802836141486544	-1.1084654599845922	-0.6811701273148411	0.06937327312050175	-0.7252980955595293	-0.3677882669745506	-0.7886700867798149	-0.5456080556527019	-1.1140397015465138	-0.1936599871599461	-0.6741487278335453	-0.6302600042686576	0.1266087016618936	0.6501516461896053	-0.8643569407708372	0.329773541354743	0.03520746151196082	-0.666514668412623	0.6324606430227142	0.5673032488107208	-0.8284003117983195	-0.43152510311779463	-0.06522219643712882	0.18101741623114143	-0.34769559629940266	0.7685978941555264	0.3011997422341395	0.38125692066364125	-1.0428178981064606	-0.03502417289185252	-1.2146227382043595	-0.4246760707961621	-0.7533534472295641	-0.12439327385522433	-0.5222690520079308	-1.2740740902357997	-0.6473397868534468	1.422811266439931	-0.5694455060640246	0.19554092980714358	0.7229361464302057	-0.1631561403170378	0.08705447717534244	0.28028769293078293	-0.9600320559035582	0.12864921229121332	-0.14009180400848004	1.0426897242978588	0.4401894391388886	0.33351867472255947
DTXSID3027297	-0.029847042805701544	1.349173622047415	-2.1262415306896565	2.8437926698542526	8.376092165604451	0.598311384672798	-0.8022371248670912	-2.1949334479386784	-1.3561655521210645	-6.425323226730679	-4.82583981664369	-2.9585723149346808	-1.2615431391008074	7.91537231133607	-0.7575867796839598	-0.03216306683930043	-1.057232695717106	0.30243500494068953	3.8710843784231614	1.092305242962509	1.430980403844953	-1.2258005427308438	0.14938308818800802	-2.092349016441102	0.1581895412069457	-0.10776792321468123	-0.6904859104990912	1.6745615960690687	-0.47353873899426785	-2.2524778817301194	1.095514923323236	-0.1899623827710778	-1.486232046890319	0.7959393178263324	0.43739021605974227	1.3454733987417962	-0.1357054423063385	2.653031962599788	-1.7254222820298746	0.9255975420051339	0.41349277613293284	1.4680519887027272	-0.9405270906625924	-1.7447150742480704	0.26073953925231397	-0.49045777506460864	-0.3740675480859345	-1.0317173861918256	-0.493398645072063	-0.36732398798212207	-1.5371372329570558	-0.7518292322663734	-0.6324006816773192	-0.9757139200849291	-1.1135563939028505	1.2567795802205015	0.8051791841437973	-0.18308382069895093	-1.2424573404848527	-0.09859020407990622	0.39003503152306773	-2.4917509134001956	-0.1166636510395587	0.6011886362717783	0.8377493395131828	0.4203852581368292	-0.8890614433518379	-0.12370759453060405	1.652442709558012	-1.1857509192704332	0.1276253291880162	-1.4544554064725297	-0.28075681246894296	-0.46550731944153995	-0.5463451633044453	1.6237270506582342	1.1646107405545818	-0.4253012542862584	0.45069170308887346	0.09815355453042188	0.1473079174091651	0.9538556138106984	0.13266994695242126	-0.4256168815294014	0.976963886634205	0.633990800925723	0.469742444152775	0.04772205300850298	-0.6254108584659659	-0.21455305784498024	0.1982730683743004	0.41612662490727703	0.8258163039047468	0.47336592803912914	0.5948940972355548	0.2967133743980774	0.6422593516002805	-0.3371863415410608	0.25768798863954967	0.5357110487389477
DTXSID3049417	-6.496946026517996	1.0515286259610046	-4.429294492639399	3.9071451195436375	-3.285939320473183	3.9222258227142337	2.6004359147417984	-2.1100814063316804	-1.5460193349233866	-0.3651819768530678	-1.2016762057346133	-1.8941052790237665	1.2322615518410787	-1.0627333548069324	-0.2841082936241312	0.7585466432179094	-0.5266501414011274	0.6877628612567046	-0.34051871781803794	0.6520743613970387	-0.6559106475615561	-1.4130028432636146	-0.1939080290872541	-2.652865886862552	1.0322113192551672	-2.1569772830137652	0.1780291833198935	-1.0617996893736987	1.0568799466467178	-0.7267467841536498	0.7369892317369153	-0.7152178621736263	-0.5548582821812191	-0.3253042134743692	0.7111896593875285	0.08202320690146421	-0.04643057380029189	0.6824021961252793	-1.123196833383129	-0.36528085343304456	0.5431009835084702	1.2768820446082707	0.5306593524574436	-0.19655005374729748	-0.2501968516094752	-0.25000339242738734	-0.7408108422863854	0.7877345652955393	0.4310606704548091	-0.5944170590228158	0.09366498599691025	-1.1648146167081772	0.3302616758486977	0.3097716052639373	0.47485038693619386	0.16421880544609252	-0.7417396521430878	1.3370619959578554	-0.6332710504195536	1.3271297184566162	0.37080102787577734	-0.17251833846441508	-1.226886009086915	0.5282495536667736	-0.31117473773549115	-0.45534048868470317	0.768360527056878	-0.08295852863362575	0.2713641728261521	1.0048926303536774	-0.2869374340595076	-0.09403540864394762	0.7441683702679017	0.2886601983694991	-0.500449730434556	1.1391470479227228	0.24410362531203572	-0.12742809181869955	-0.3093884721611519	-0.9088160096164632	0.9181525468666903	-0.3659596670628856	-0.9362297978211734	0.19255206097617553	0.6676472988274682	-0.7846289038255491	0.4557353772895594	0.46024487504979894	0.5477581208632597	0.25199125031946257	0.2351292700389641	-1.1454732326595454	-0.34862731963533283	0.5546574040601181	-0.7058638631030631	-0.12132102478212191	0.7445922019901479	-0.3873475894169032	0.2720509406034166	0.511896404611574
DTXSID1041550	-4.5672522249026795	4.7348033688940205	-1.3560747369791828	0.1795451289220535	1.696822364658958	-0.3150186216954441	0.4434709948333067	0.09984160988123009	0.10929639119200606	-0.7928007997938842	-0.5862643084621469	1.053961775500652	0.46924146538403394	0.1384119410698358	0.23792935534193302	-0.3164114257069918	-0.05357769244263427	0.6073224912599845	0.5457732005304867	-0.7945342864932249	-0.4314359357213006	0.8180866743482688	-0.4808020547241741	0.8785309062276647	-1.0032080095607456	0.7505647499764136	-0.1218146443170604	-0.16102965541487071	-0.3012745239505909	1.4381395518433733	0.9644244935629246	-0.21193045706093233	0.4423944886775912	-0.5006231108808016	0.4396481519606977	-0.034441905607676175	-0.29347234343309175	-0.062100461877427494	-0.075249736693197	-0.8776074358784169	0.37239776623037224	-0.5667935055397116	-0.3383100081550177	0.18057923552767832	0.49074832537861945	0.24109922999384478	-0.10051236105225034	0.4461673077364008	0.312016601507852	-0.24457575803413706	-0.1306699160548919	-0.8121421118894537	-0.12352546843916765	-1.0766851145375076	-0.13570487570514203	-0.9825277248106554	-0.7251542814096693	0.02936482124055912	0.47087719670116884	0.6394043341545805	0.3905882277341114	-0.07279859491517995	-0.0075481536342647355	-0.3696344146015021	0.6623539209227953	0.4254440333227063	0.02621936279250261	-0.31027463537904587	0.6496029462357737	0.7295140312604196	-0.771779021002708	-0.47167228341820255	0.5316182333972248	0.42016606091201064	-0.059515499445460106	0.4600873420091084	-0.09218479957860515	-0.211104471572824	0.12524723917346334	-0.07688979271079982	-0.23847629781650384	-0.6072358555596304	0.22298821096915758	0.034995870348371656	-0.3609238449322695	-0.06826926682139421	-0.4366194791251973	0.20731385482600753	-0.2611968287884777	-0.3269102325839321	0.6553776327379749	0.8211693371595219	0.4652097071023841	0.2551487518347844	-0.7016461774662001	0.28933631671707005	0.18972588777563215	-0.20282425324055978	0.040707408529577216	0.014634817506676206
DTXSID5047374	7.4239205417528	-7.383202766083502	3.702824778793787	-1.8783064347032732	-2.018056995223562	1.196857897378015	0.8672429165583898	1.9774151602191252	1.3228634986662167	-1.7411057946846855	0.7276194577314228	0.04981071432123212	1.5317904952574475	-0.21415074683018187	3.6494854156755787	2.3087633089600916	-0.40137165915519174	1.0852122706877165	-1.682050201850958	-2.983879305688579	2.0562634178213437	0.326744319104701	0.40957078221566684	-3.604019800078799	2.2681979839540496	0.9621181836483762	0.921211762041221	2.064078753170785	0.19104557000081446	0.6834293336025316	-1.9612405682825864	0.21202633348735048	-0.2041825564859061	-1.1181733013974635	0.35269055600377724	1.0574571094237581	-0.34783240788282355	0.5800302506557052	-1.40269244514243	-0.44253019652876274	1.6128264331616202	-0.300772237429522	-1.4532814357317436	1.6662585313019105	-0.557420644025564	1.6432024835364885	-0.27809205583192287	1.3578334160623555	1.4117125753110071	1.2575551238812879	1.0587033756218727	-1.436959532572314	-2.3908175096844233	-1.6966562521049744	-2.417812776634909	1.2664442071353137	0.7842365064038286	0.39411382096367553	0.31432570310532176	1.199186990782729	-2.295166696640623	0.5745208420680726	0.4637221746305407	1.720436278510064	0.14330004923240078	-1.0761138796331122	-0.7310413358854334	0.1525659751836128	-0.15703446964880183	2.110458995502348	1.4386118740095195	1.60740875635066	0.4558350829236239	0.177887634781393	-0.0109223601650121	-0.9591309375724226	-0.3890091111540303	1.2915378748708823	-0.17318385713270829	-0.03688597446346311	-0.5195307643860115	0.2817895480708897	0.023435249417548477	0.5131685689810689	-0.8431744244290947	-1.305302904422951	-1.1138820067605604	0.954079292999331	0.24567110527068584	-0.4508879131491375	0.7187758377399225	0.2890053299081061	-0.15336124805577256	-0.412823378768172	0.4071374991008206	0.07111943748393279	0.1471944198880048	-0.11894967295824029	0.03833144452341028	0.5944027824537066
DTXSID9045849	-3.0789094412044196	-1.443368750472401	0.6918836431112311	-0.8833965005169147	-2.329004507540954	-3.3921381478251824	1.0679652489966973	0.7393308116723255	-1.8224872324757568	0.615457028600634	-0.7686939310000527	-1.6234881333833235	0.8253497265671542	0.1319926231787551	-0.1698883827306514	-0.719421537316405	0.34826717152109093	0.163595203923516	0.05596467752877631	-0.0857827855032758	0.38140431466956454	-0.09569128415201786	-2.0082867439428327	-0.801024125312412	2.2899095359285986	1.7737422890286478	2.3481347706148155	-0.0166988770565959	-0.23033501524201677	0.09071036812465987	-0.7880000003559819	0.434835961885658	0.5898005475365463	-1.5897166606171869	-0.1441316778060232	-0.18660151821637047	-0.06821759927534801	0.6673225666897538	-0.5778179738316983	0.5700380199404176	0.6362233201666642	-0.6262967155120729	-1.6872734175572797	2.035030315056461	-0.7276313238590533	1.0121389296453924	-0.9222905640354068	1.9454643765657267	1.3120104037108338	0.44788901700488043	1.3673199699883336	-0.608652224691107	-0.7152082416666438	-1.8689669318589948	-1.0468872009253793	1.4668897310575435	0.9405040922654584	0.39472369162748	-0.24378223913605457	0.9620030860441745	-1.2964911444847504	0.18537629519243842	-0.2949148915834223	1.3098052731618532	0.9151663323199353	-0.21692350687562204	-1.6795148660526564	-0.3725834376973763	1.3299086135893385	-0.2897286247641968	-0.5093115654498848	1.1217213255506255	-0.8017929669007899	-0.3134500748651369	-0.8269146271593338	-0.5208221724393043	-1.5080166306043579	0.06198410105508576	1.1669856939675427	-0.18282274872168786	-0.5594515465561297	-0.38890655477359315	0.22367561219868579	-0.4868940290278021	-0.3739754583530863	0.28348543056849107	-0.49876661672569306	0.31787616572936295	-0.3634938822942483	-0.41316360267955415	-0.16765196098499907	-0.38532559728932386	0.025875618187874944	-0.11536797505483809	0.1032707508070937	-0.7143107754150184	-0.3662337060831051	-0.36664839924770404	-0.19768104033615427	-0.014664812757279424
DTXSID1051690	-6.187443468194193	0.7444795108477614	-0.6105620341978037	1.3296488529551296	-0.8922214706756325	0.8226942583773339	1.0592730891094713	-1.9824229760181056	1.4094465258321789	-0.025912357413584348	2.361975243148074	0.6303615451838218	2.1376580024014813	0.7826700692660679	0.7099102074325099	0.16755403734192859	0.7260941896537375	0.3306036803129093	1.6295153898645607	-0.4501197798159439	0.39927950811856233	0.4013701436317491	0.025370188055926446	-0.941892994598538	1.0420570963637745	0.7604368777697886	-0.26758152718713735	1.0073918639513662	-1.1243352303570868	2.8236109636307263	2.329224265799636	2.801519279500571	1.237843658238856	-2.6693659906636826	0.34154124218741255	-2.191062806591342	0.7423443430088064	-3.1641515414190713	-4.2559888145864875	-2.2022205414337988	-1.6018310052685063	4.258546752289978	2.0499732197653837	-2.586041548542338	-1.8198889510570804	3.392297458706043	-3.5852508178664677	-1.3363748701592213	1.765458316033853	1.8272648908734106	-1.8362192178237864	2.1451430708854216	0.17031804975299114	1.9926894170068543	-0.6621024965430247	1.4793579357687452	1.6262736273010499	-1.0293578573726596	0.8464887725056128	-1.7689144405027135	-2.6424940866478313	0.4895978867317545	0.7695483736796281	1.5310279665239754	-0.4588019378289045	0.12666435402507373	0.0686113360709558	0.6723357672071049	-0.4553708509807245	-0.5433059763713366	-0.6779013848967147	-0.058490807515629364	-0.2943822154755258	0.8145221658887506	-0.968001588758507	-0.15336125168793074	0.4132458803810411	-0.6512919049752204	-0.0696909057383259	0.19863016764503486	-0.31247430958222644	-0.3331250926125566	0.5364599097463905	-0.2875438360737022	-0.7722912953655068	-0.08176647510812939	0.6199466100016882	-0.10648020315853647	0.8867523967492418	0.4102093205723639	-0.010463306782594833	-0.20813740386823185	0.35697005161339757	-0.06224467365116344	0.18555598660175418	-0.27015290402662284	-0.14394926796625598	-0.11909807753771585	-0.20017512303848042	0.5022897012993993
DTXSID8020040	4.201662421611311	4.824197841696911	-1.0554427491129401	-4.02245925175707	-3.3908078848562258	-3.576123410926899	-4.879809572517069	0.19532234162310116	-5.485056307465578	8.735322958465053	-2.9777807082376175	1.8453377462111533	-0.560596000140289	2.658857456070533	1.0629152246975977	-2.306554114285996	0.13764634341256277	-0.5739863229766677	1.8357000281282552	2.5447893397459844	2.0284851579074856	-2.041154992599415	-1.3571065618079603	-0.06454106764309947	-1.3661527053757982	-0.6883150051952843	-1.4797819119053814	-1.3848550059813471	-0.5824283957175754	0.10596594850477202	2.5726437736886183	1.6692487639782458	-1.5015376910010645	-0.591947155285662	-1.7522449760268908	1.5467480722978542	1.3590299828417596	-0.3224032917347183	0.6792000634809621	0.6225248452235881	-1.6814660814779945	2.4886397573932144	0.7658895250130103	0.19386716300575055	-1.4450503405156054	-2.041429924891608	-0.8018549996392667	0.19472174460146993	-0.6592226868056962	-1.4538702945230688	1.300952223638971	-1.77217315038325	-1.6834258392905366	0.1835964225940945	0.6161310186040629	2.293917227239345	1.8390938772929215	1.3056872192062907	1.4744103974792206	-2.084903860798413	1.6956938378321518	-2.170418274693153	0.23653650002066487	-1.282816699508874	-1.7462546810524269	-1.097156798824868	0.22531409890780837	-0.7356035879532227	-0.6101924820236945	-0.46322353622991597	0.8873806367942325	0.8619775598768331	1.495745739963803	-0.15791545060025314	-0.8499895250619118	0.31351297889601193	-0.9411846394198242	-1.5960306026945656	-0.7969192519415764	0.9572169577137449	-3.2180208137211666	1.9498074948031192	0.29882899975022614	5.64164637085052	-0.4722929779046523	-2.074152338859298	-2.529289586476354	0.781422248154504	-1.0651869739448496	1.4763457798962685	-0.41711706610037	3.144159742631098	-2.04625757676171	0.9855470876875189	-0.2570374104182295	-4.154971243342165	0.8923166948900577	0.8955308186717921	0.04152450084271845	-0.7252946523571578
DTXSID7032345	17.558111054873777	-11.38871876376174	-3.2095582132138043	6.2657943773661335	7.5010662091152245	0.4573265530518261	-4.840762242952432	6.616407349894387	-5.14370854550964	-7.369207176347791	-5.536534240816099	-6.759818801739516	-2.352156392737622	8.40209650017746	8.054483251076707	4.061875654999387	-4.656677378371746	6.08269150005506	-0.20365323040811534	-4.459355965027593	3.812660479104703	-1.6130598651514516	2.826269851893316	-6.558507980313115	-1.9859671007459723	2.921853286850801	-1.1404516558722697	4.47371514229034	1.2535827189916902	1.5622721275827276	-2.507149573775756	-0.28223675025136535	1.1863817596054125	2.174745228356211	0.8388517330881836	2.9182269635957834	-0.9802990083518472	0.7177917802473922	1.010684330792734	0.19034402000716236	0.22231411603857526	0.8027707228175563	-0.5108653870970233	-3.9890068526802707	0.9534802389327682	-0.2735375262969116	1.7834412501887285	-2.6575785911412932	0.4684548765202893	0.33565577587396117	-1.2454247886812768	-0.8718541674497648	-0.32281557948938827	1.3186557343126495	-5.25930443879346	-1.3285623752281888	-0.8604119583324156	-0.4266767753030461	2.109203034182232	-1.6431114639613522	-2.959305829336046	-0.7129930535134036	-2.5099095312698054	2.4252465369206275	2.078280312636535	-4.8829935877682065	5.2291939840461	-1.450941101781758	3.235719983638589	5.444656007988985	2.2321287935053595	1.465506615675862	-0.5509292431057777	-1.3964330758328767	1.5297714748429074	3.3693284206402754	0.5322333194415103	1.2000711172094365	-0.8241212854249308	2.009148709236406	3.810137661721203	-1.3830652624899797	-2.572673618454778	3.7793335488885575	-2.0428805892296467	-2.702421061266506	-0.28639687474525205	4.804697186243282	1.9647117208942584	-2.388199593205011	1.9659785599769337	-1.319525323709734	0.9268534916405652	0.5272140772372341	0.908552782389517	-1.800979989781544	2.5329617395378183	-1.3263380572527772	0.40913477518778896	5.370930428434237
DTXSID9025370	-1.195125610135472	-2.6664120097114368	-2.1939414256519463	1.9813994450706465	-0.8643585377689563	-0.6362427488857585	-1.323836738245162	-1.2573761143191773	-1.3518085288059263	-3.4833271491283666	-2.6399384600478104	-3.4578606513750363	-2.8868554305975573	0.6711138508501909	-2.751995845240412	-5.144955967759446	-2.679058961873017	2.9507445954766216	2.718599722269812	0.034425339201602234	2.726071093253689	6.15752858261779	3.6404786992313376	-0.2600831740556091	2.508045335573935	-0.9988294091418812	-0.233902043984209	0.6384660996896414	-0.03357717892130827	-1.9090678897221804	3.06932852205232	4.190517152088196	-4.72215058208297	4.723673833178287	3.2305985875884256	1.087749416575162	7.233238160155052	-1.1390450497029039	-1.6982004014013703	0.31849480026944776	-1.1494163942663236	-1.2405098102164855	0.19140411394942008	2.4981558202283134	-1.1500294297362832	-0.275484263782385	-2.816462107926936	1.0406411932375326	-0.6136255144814523	-2.4827024573583505	3.518365403956475	-1.7188254400122416	-2.1887926234619397	4.011944197856378	4.260333094826637	-2.256733720537591	2.168319548154165	-0.5023743399408377	-2.9314529922281065	-0.5840551465776901	2.354253118668179	3.7772369964020385	1.3692747870109134	0.45797931423507027	3.524346499413238	0.5245729337668131	0.7586030719262529	-2.7765807254667245	2.429021775966	0.734748840487222	-3.331076581395839	-3.354129742995943	-4.182260693841412	4.527321564236429	-2.9994768558417118	-1.5649262458017976	1.3464711842558026	2.8820490786449215	2.7141670636805904	0.25341922747835105	-0.40737694445362205	0.10463789788700575	-0.6220947144978253	3.8168416760033246	-3.438086819970724	-2.786412642842073	0.17037366717298555	-2.2556348025680975	-0.16859209399160024	-0.8292136070164929	0.45313142113020294	-0.8836449612492756	0.5744401470421467	-0.21627447805783223	-0.010650762756116035	0.27129311693760805	0.21708801916095713	-1.971018316179966	0.03161032614206304	0.3438967440224817
DTXSID9024431	-6.862240328639004	2.387175584800435	-3.4967305538802584	0.8483261765315744	0.008426798951914444	-1.1947016451498984	1.136680757975625	0.511718714071087	0.5260503623141365	-0.6577083195847314	0.17287279420034946	0.7252591000178772	1.110787604254659	0.5690624107885324	0.9233470307510456	-1.2918586242848062	-2.3540782187098372	-0.8213278850472804	-0.9245639671582897	-2.839651709628321	0.39334062145051557	-0.043173441661075576	-1.491840541709362	0.2200396051030092	0.6196880746145902	1.3247370679802184	-2.9139418902966323	0.7981362436055595	2.118863891404659	-0.6680611583324891	1.747045245562494	-0.1317770591713433	0.31330912711743686	1.7236261185300372	-2.7755054156217667	0.7607629526265774	-0.8233460850533612	-1.9492188974458975	2.8730197784945792	0.14388265716408355	-1.3364004536537293	-0.009065707146986839	1.5389916811208435	0.3568185628008503	-1.3759992205659757	-0.3827540041420516	0.1921811427586078	2.577959826135241	1.1835844854194164	1.103759135545148	-1.8329833741128334	-1.9972000225974067	0.39892442403446365	-0.4242938195300295	1.1263475565035008	-0.0829604176778598	1.2477472090004709	-0.7972810871814632	-1.7032356358303542	-0.06854101769267215	0.13131443862830705	-0.1731852214316932	0.0106937761052695	0.08065332556599668	0.2208654387556421	0.5062651823612123	-0.37995643880266133	0.29983923729548767	-0.2701610023854873	-0.6881847268213129	-0.42745307963998164	0.025060988461153292	0.28797024567881824	-0.6015699079269606	-0.8458236116102318	-0.3970756978353896	0.7300546366394642	-0.6516656904222976	0.1428475696455726	-0.30826470348829477	1.4159538794776558	0.47817473472875466	0.3997696926676438	0.1620349010665466	0.819234166691249	-0.14111012049145008	0.35102960383799353	-0.3445806061526267	-0.7138424379557725	0.24923364353429497	-0.7015525569586525	0.3212642308124523	0.4815162085677348	-0.12056090659218076	-0.4026125040320842	0.012377533851471773	-0.4789260321431254	-0.17562912361145822	-0.9373526660083797	0.7334280230863951
DTXSID5026837	-6.621113519460265	3.121128229497553	-3.5110449461612965	1.2552870392489248	0.29867208248162025	0.3645805571804275	1.021255362652898	-1.6481348666147373	1.2210633589850528	-0.13377818579691972	1.5342027601064128	0.8446948291109425	1.1519863600161726	0.9261455487069921	0.28891737494533554	-0.7198207083629582	-0.43250998611251906	0.5129768756392536	0.17295578951193472	0.5962041376690296	-0.9091354407037009	0.4366426981869119	-0.22334637586314116	-0.36914662511235286	0.14203410962745008	0.008970198786104812	0.648440753077281	-0.07642949710174071	-0.29103504397969304	-0.661056085254504	0.23455146929763077	0.03666310182376382	0.16044811713739002	0.48997315900980887	-0.19627514965963477	-0.06730275988444948	0.5542215549002113	0.6928202540868248	0.05303563003482651	-0.3405814332345221	0.16747828334962833	-0.31580264366207866	-0.26482461187916506	-0.4169362859950873	0.4344298233593782	-0.45230615601330576	-0.22521827800104188	0.17560547589247685	0.26092487080067117	0.14221199622401748	-0.2884665506117414	-0.15857749425949122	-0.15737063974899337	-0.4543538200111889	-0.3040926093048905	-0.32268656848043464	-0.5808470091182838	-0.5055176085438627	-0.5697799873187775	0.01211451768625271	-0.20598310278200607	-0.29305022318164414	0.12349148019980592	-0.24093937380186844	-0.12751487737305942	-0.04305078704051175	-0.33998497622507584	-0.07914555914147456	-0.1720816740087655	0.5389718623808808	-1.0411589710373	0.2714488793898706	0.21609812506702994	0.28342985438281504	-0.3522657245226619	0.10807495561392941	-0.3758029868243701	0.5690408336389037	-0.4996079583471031	-0.3547007835832612	-0.16598393000988027	-0.5380655494122515	0.40640646872709896	0.08776865043692073	-0.22430683409632304	0.2552121121967657	0.20263969533577847	0.06183878316898852	-0.3685898762021915	0.21812548083215605	0.4179611781438732	0.2547534209123518	-0.6684869852145554	-0.27148540389293424	-0.14850826861988745	-0.16647185616302743	-0.009285589686475632	-0.29241363122548325	-0.32527184484671345	0.12192609205905958
DTXSID0042406	-6.584361801767775	0.7664761250375134	-6.3150577611851375	3.70374316843069	1.3094052818934854	-0.9183072059451349	-1.668428094111335	-0.05675681270312297	0.9886216124420244	-0.9147305370013689	1.3579802014704965	0.6941399459716225	1.572340901408664	-2.0613399826839567	-0.5656694732281852	0.3165563107659463	-2.173909156567872	-2.265661073718965	0.970806309199884	2.269869934865758	-0.9173903879898309	0.611915485216178	0.13154291490607606	-0.6154649883015972	0.9345632005706185	-1.538520402365009	1.3300985079908076	-0.2608626198765255	0.3733853046312452	-0.7468872170712091	1.0046053419763448	0.7702284212350722	-0.5972098901681463	-0.12187095744289711	0.1997179207461543	0.7007655729496546	0.6802563803996835	0.5106541765686322	0.22349875204906738	-1.0144073470985524	0.22733040394404025	0.31081362486075886	-0.013754198100386522	0.5633608967605882	0.34727029101544965	-0.64368318243137	0.004953489313848268	0.13946602597639762	0.8396418909749023	0.052510948451789156	-0.9202595179440696	0.01141183524396918	-0.3634100886147764	0.13655019458414022	-0.6697924062737511	0.15876839283537336	0.5633298057302261	-0.8149978772888566	-1.3877880838446661	-0.6515193901979673	1.4979000089316026	-0.01308113563967171	-1.2049655334287988	-0.5463929374489107	0.6175052505621843	-0.9029681040739816	-0.6276480427616429	0.19892925326742641	0.3668265857177362	1.098393655965323	-0.1358521827921931	-0.6323033672914732	-0.4229638673079526	0.5509993924460428	0.13637433842640165	-0.4609734197545604	1.5206571414577577	-1.6642558297896204	-1.353584991779545	1.5867608872161254	-1.020701407968802	-1.0415059365364723	-0.061419828641117974	-1.301414353944469	0.6907813450628595	0.1185499276628511	-1.466171883873587	0.25665300572829663	0.4480228411887403	-0.7542443466490758	0.25135583510411974	1.037336395892786	-0.7501787057891824	0.11125537671994859	1.415777084499099	1.1926526210334047	-1.1289955544056272	0.2474797157390607	-0.8100752840601688	0.7504747698008224
DTXSID9022100	-6.535081410162163	1.5578805523925068	1.6313102996526045	1.1240897755798043	0.19201692733569242	-0.7248061574675793	1.0120982875345466	-0.9887631113793498	-0.392822929068646	-0.3106528971272451	0.6316459609315876	0.14321986305500511	-0.2861648989908828	-0.3895972382550432	0.18889681358853652	-0.5208207895735475	-0.3980174934139079	0.218540523087807	0.4468880435756618	-0.3502108083206152	-0.43100733508876005	0.5293894619330667	-0.32319171398005603	0.5532811957629837	-0.4046551411265846	0.21632282583554713	0.08590904770193473	-0.18591509046106092	-0.016824503256870463	-0.22841535384584827	0.1728486583364185	-0.0317198405911588	0.10690640806119456	0.15602742977579534	-0.03923669769106166	-0.08298160239083065	-0.296633124996834	0.43844732792553864	-0.40265239015283366	0.11507470357438379	-0.10597549253668387	-0.09657428397274626	-0.15583343967275287	0.06372065051501434	0.43527553420172654	0.16555014351571573	-0.16952489981842836	-0.14807210017890773	0.13125752717669442	-0.29593023608112	0.030267360438960514	-0.1985674910322358	-0.005551741087910637	-0.11896734723748713	-0.26934084810517633	0.4094243581715191	-0.02923335092881157	0.28862141948480513	-0.1377962711480591	-0.10837364247274517	0.3984150744036258	0.09191519917238491	-0.016914382888296952	0.17736012347259422	-0.3095714376148341	-0.08717099238747253	-0.017063697463436448	0.13807023009460356	0.16336568736644358	-0.09159632241970055	0.428823299604209	-0.023945721304507474	0.019374277049494657	0.03308663581116947	0.12083534201845693	0.25945652910477024	0.16100907016646268	-0.04717980908338893	0.03123791860896803	0.029172284492253505	0.30074445257568605	-0.2583320469453253	0.03952905365533898	-0.013715034898681195	0.050485427012029904	0.006841326657613235	-0.1983161170855803	0.26049794299085427	0.021576829086867377	0.1667522356854635	-0.024587700470887965	-0.11658145743352129	-0.04231507556187495	-0.10999935372606726	0.06929004407678895	0.1381260074283622	0.06821071165577704	0.24671776051477948	0.06985896129921436	-0.10738720976350144
DTXSID20880144	-1.2728885436384667	-1.4952782668558149	-6.595509118551877	3.3911967732004387	-1.8544914843494156	0.23283275519166738	-3.2232031208784653	-5.533846222108501	0.8602057945745312	-2.1585257397259885	-1.8528723105327711	6.416528799284558	0.7895798801608017	-0.38668456795401845	0.11061191535726365	-1.7260956932019156	-0.7025601378547092	-1.8885075717304018	-1.6402231296275704	1.9342705471273418	-2.075833402250971	-0.6839327818441191	-1.5619883905730498	-0.25542878015571147	0.04019420429344164	1.8188955793891375	2.0253353238449545	1.3621369212409038	-2.23817953704166	-1.9612809804225553	0.11989396469349436	-0.03634042914777141	-0.8370820252370448	1.335565287377742	-0.829399291764271	-0.3894168872270683	2.0954448507263073	0.33116583938822075	-0.3979780439999376	2.1776714860907385	-0.9485823126661664	1.329220368578487	-0.12882336346887796	-0.6378313205161591	0.3202988584827272	-0.3201356388618379	-0.6732015121388503	-0.0587166895018565	-0.36763728187647327	-0.9898887774950486	-2.3987854992018116	0.5327460633082147	0.9796373961367462	-0.19375827289290448	-0.0013229528910141785	-0.5047073674877228	-0.21129501876925225	1.336927901543594	-1.2212232931058544	0.3568264661716119	0.2860782977618549	1.3766480019007437	1.233171957691235	-0.37799865760212914	-0.6687917874330847	0.09976921291024672	-1.219750668525647	1.0012874718802234	0.26762394944265994	0.022371136941375106	-0.5750873377839424	-0.17555934041604693	-0.642791845112662	-0.9707904807569205	0.2498075078996849	-0.567644923403366	-0.08979633311810994	0.4233436784469784	0.3230589684096484	-0.24747171311466223	1.1008667969134072	-0.21580134716968005	0.23694395194558984	-0.7449915869295649	0.9363340187135625	-0.23568393912193714	-0.983176800303931	0.7874030076833868	0.20968866203177225	-0.25754019278697654	-0.3128273042680729	1.2714816186416742	-0.18979979765194885	0.40120687630150276	-1.4743858177321894	0.10865503973379849	-0.6539835634335691	-0.45124870477762014	0.5578771396802363	-0.9078800168144479
DTXSID7044394	-3.634738858110608	6.304321917873045	-1.1599163223880709	0.2857143329473447	-0.5200198820906143	0.6898902723906292	-0.1691528226834789	-0.8546478633176919	0.00936932431313575	-0.09109900004918983	-0.044516392168114684	0.48740748383052657	1.0974987712588635	0.43202458315006764	-0.2509148913586863	-0.3070874902252301	-0.3394300161977006	0.7303215931964255	-0.7324112947509818	-0.142781553658582	-0.42368443730837424	-0.7266654518754784	-0.6799842845262221	-0.2617555589378284	-0.06823722680755988	0.3359713966427509	1.2617728963590487	0.47838813165940697	0.13275741134475896	-0.7174593913689797	0.06585562439413824	0.3170752016316716	-0.15900534878132191	1.1611679306726639	0.6885691028435776	-0.3717797209366906	0.326394230887067	0.07254972474923937	-0.687125510451915	1.357132498985045	0.21734775467840473	0.5959330877202932	0.11455041952881427	-0.5780087247293786	0.3689792164746041	-0.4324128049312073	-0.4377264908168439	-0.05138648606172586	-1.3920969288735614	-1.547081096056175	-0.7203265911849871	0.3177091711383649	0.1077503111818447	-0.597616686380826	-0.5221403533373907	-0.018287316121677326	1.0548499989186733	-1.1512229148267763	-1.4428757217498822	0.04854349415893549	-0.38501236819878576	0.16541416280600357	-0.12094275968820807	-0.04052328599739863	0.12641042929065519	-0.334315571140019	-1.0116620887795897	0.5686849816956858	0.6379711703097399	0.09108410678159262	0.10267112757529534	-0.5603699644716914	0.43131909909341726	0.310633225748	1.0444068121361938	0.38821394192022757	-0.364996320072432	0.5974577908088434	0.6178550707998073	-0.1242331485686055	0.21499865228790457	-0.4625162410612268	0.48139194921122425	-0.2160306323684186	0.7903208462993804	-0.5025310415067229	-0.015277593947095167	-0.0864004680477686	0.12158322560080889	0.045308261223661196	0.4271760165630748	0.3393715173348538	0.15759723247402652	-0.532940680133272	-0.1464529786322525	0.3716082268223459	0.40604624224258723	0.103093684330816	-0.2884814677230831	0.05848346393716684
DTXSID9021184	11.25526131738816	9.614395562994233	0.31030559739634234	5.455841598392214	-3.4565999069616673	-1.857455010109939	-3.297357012430619	0.7370304354528621	-0.19988470879674283	-0.5938144881169957	-0.8230802929866748	0.40291734989289907	3.2154457296042627	0.7570351967724234	-1.5162979582919485	0.7530703694266468	1.7074162649667035	0.6217958585873424	-1.8198593231805686	-1.584401424245976	-0.5123048948332796	1.004885132610924	-0.2134836727940037	0.7218216967276414	0.18086155242989999	0.8324718062988469	-0.8161562354427511	0.715340690311682	-0.1324835307834818	1.1022288338800699	0.05768934953439179	0.4887713146244783	-0.4719287251032297	0.225714093202159	0.5380073259040418	-0.23920042632840174	-0.07193719947675861	0.2917111364379367	-0.4630956649070189	0.8253509739597166	0.7034750545236969	0.15000997013026357	-0.42540061750690916	-0.5641259366871367	0.13118718562063023	0.35465963397563366	-1.1105536055383147	0.36594276933354	-0.7007610451983728	-0.07670344625079656	-0.8210346001862693	-0.39795442034907164	-0.07200534970958167	-0.3714023650019982	-0.19371054902208854	-1.6665661253187376	0.21391325250991022	0.08297946248689082	1.1830482080187383	1.6087256128582943	-0.0076759156989540354	-0.7189267639096121	-0.09584666988426724	-0.15135726065485597	-0.2841124971026555	0.5728300246717722	0.5175404622988078	0.09366781389655118	1.1583826284531098	-0.08848830137928061	0.20138926360580445	-0.2797831024769751	0.09557892014047038	-0.21309432881780094	-0.8353507917140108	0.133087125741587	0.2848070067215479	-0.7528028273425987	-0.5482202239021582	0.21137782527123392	-0.5172743176401058	-0.6972370961750536	-0.519863014460142	0.0035202835237947423	-0.4722708073901832	-0.4514282311373269	-1.2064374784470544	-0.256616113817223	-0.7408386295287728	-0.12598221632384363	-0.1931153332560275	0.010191765955307594	0.23341006663675776	0.7696670577900168	0.5041043284074846	0.49140021004611767	-0.49386151752484614	-0.21404158899100517	-0.02055850776452761	0.04678211576966427
DTXSID6046892	23.0317232393513	-5.53827142224583	-6.0102697065750155	0.7181505545530439	2.1019582583629783	-0.018208655324363145	1.8509895596932349	-1.9402407899878116	4.301470725203188	-3.9368795050006313	3.4029353039421486	1.4490781058387625	0.2851469144540043	1.5893836541534865	1.2248725114396783	-0.5672059587109243	-0.8437967950932762	7.617008036090357	-0.8881213239108349	3.292574313416761	-8.623550706704195	-6.923676735608522	6.778182705114303	0.7948889063196457	8.9159802446224	-0.3589871715602371	-0.007601467361288728	1.2697010439873537	0.904538335243065	-3.318374321205536	-1.8717661022061223	-1.4017660009358697	2.394549345214285	1.686313881957935	-0.5199346028281663	-0.3249531666249787	-0.36992669929323924	0.23546045612759103	0.4069587830506605	-1.3905356267712292	0.29970617891418383	0.5913814490816663	0.6470017240375259	-2.520533648483146	-0.26415454524599463	1.2567595760671237	1.0404864647345407	1.4129128798001958	1.7000163120981782	1.0661620529327769	1.3440652718941835	4.708790004061858	0.3252782948722342	-1.3554912819202019	1.2942272867419278	-0.6918573552268706	-0.9172282105947531	-0.49432086079163234	1.9399919594215431	-0.021272317267835326	1.0657424117521184	0.7066332186435981	-2.817772504869853	-1.3922292829006049	-2.4311005326592867	-1.2261691057239767	0.3735980827394747	-0.1594200736543448	-0.5682458738487024	0.17145890368469618	-2.3893209365376333	0.8317379513601696	-1.1095323024641635	-0.1509335641042031	-2.2802669017298975	-0.7938711866377145	0.01985001239244911	0.9984304188532361	0.5152437967981967	-0.5839851638197342	2.3578384461824147	-0.725286379840647	-0.8855735936949863	0.9624782944628141	-1.3556104300660903	2.109183167069685	-1.1317029684672926	0.2178095034979147	0.13191629291805942	0.11841731237456954	1.6950224261830964	-0.4617439059679483	-1.4857120424330597	1.6858637716917715	1.3760808240782847	-1.9564123393436632	2.7510885697313965	1.4819276544110243	-0.2860721485821951	-1.6084107281538569
DTXSID3028005	-3.645438950464758	-0.9701706752680868	3.121491663072345	-0.3200018103347148	-0.45414668630002836	1.0796264977800043	0.5891062327574448	-2.332075328839884	1.3208141797604998	-0.4130502888484811	1.8929772818041968	0.1201314362924153	1.959903116457365	-0.2193946163669836	0.6769250878402543	0.669915285503655	0.056837854003866206	0.9444243292631058	1.106421081364381	-0.4560614808673884	0.09938229052820655	0.21906399246724648	-1.5403617776210932	-0.5629297641913781	1.0258359832504729	-0.3786896974782508	-0.7478375583256505	0.9542433905215464	-1.1403862449571796	3.2165711528269467	1.870159913167177	2.0612568474769297	0.7738392087107825	-2.1304834730786655	0.4869019321061737	-2.0579024774656385	0.998756899582063	-2.878231476987808	-4.3025780756383	-1.9000808125517192	-0.9912822459015391	4.931701419353187	1.6794143844843497	-3.499978384292128	-2.0632467077171315	3.608342665037145	-3.977981168164614	-1.67799152735676	1.478088140092126	2.054635380306764	-1.89604461971567	2.259049561231153	-0.314816852695712	2.2607518429833435	-0.5525787995224678	1.9276320858866114	1.198785939187936	-1.036629146581545	-0.7828268199824794	-1.641662889916942	-2.057776892029215	0.47919406485381705	0.6185423677195688	0.23769977624451094	0.2368662213847973	0.7150144881180541	0.5416011380430029	-0.029645192088424404	0.1603891094134282	-0.8124590112524819	-0.565879659282582	0.13996762708991706	-0.1587245098817581	0.6024446448835948	-0.4864362620766149	0.13747658367984095	0.04975484645697319	-0.7249044426101012	-0.21789653814333704	0.10127038866683379	-0.6098063358118602	-0.37346878412576673	0.422512910307917	-0.22051327431147397	-0.8932517674354914	0.3125655104309969	0.5664710672608712	0.06345853826075513	0.33127100114536084	0.48685184595409703	0.031828087609019694	-0.3664316621902519	0.2705449087566023	-0.05968198433352131	0.29588272041287084	-0.5339285025902126	-0.3304210703927059	-0.08509059662947618	-0.15153715864414183	0.29809472547138716
DTXSID6047155	-3.411319766793176	-0.6824321763786899	-3.5924496604851153	6.769694595738389	3.5708825309462453	-0.8191968566416764	-1.8434030824445329	0.08221278850299146	-1.2101057161835258	-5.549561079546609	-3.461176217848515	-3.5079007762609415	0.8240104244168704	9.588778539119724	-0.5560223328273822	-1.4099750056625164	-2.1602763348223726	-0.8808417378491231	4.436286323252539	1.3651517264993003	0.5649717780113157	-0.8765652164414728	0.1027872863306921	-1.3222547660809647	-0.648552524388989	-0.5338520576436355	-0.2422760511111246	-0.49220069469000205	0.08716276445896455	-1.8611639195705874	2.251770721102818	-0.020374435669927474	-1.7782660610253573	-0.3030477373664977	-0.9498352410230614	1.3173101287574978	0.5331732502141859	1.8925417094721801	-0.6588759264282853	0.5540257918109129	0.28583630930665976	1.2399972387558589	-0.6330854553814608	-0.6095048444631627	-0.015147635537647221	-0.9279797467723631	0.011543286765472451	-1.1167985132485023	-0.738651305883967	0.5019693752444256	-1.536941695025469	-0.3129527035742092	-0.31366240457147826	-0.7885686613188448	-1.1628688169905022	0.7722162269406545	-0.3374487734385011	-0.9782706419403724	-1.1436687767442864	0.22711412690907615	-0.5080504202943266	-1.159663692008954	0.5228213081874501	0.4073578795483791	-0.02829420256427329	0.5302214179024162	-0.3158705731326459	-0.3152615722014102	0.8788317289297654	-0.09718242853312371	-0.7298400818642673	-0.46304400728992656	-0.3943716452041212	0.013279808980136107	-0.5884864156904995	1.174679006640539	0.6775779014217114	0.007423821818055195	-0.5705459000076057	-0.566398278699146	-0.0006704513409286448	0.2946380989391477	0.6517799441161742	-0.6408525982460438	-0.3844670404313516	-0.08585065543885582	0.21012150139667274	0.9285550148867071	-0.7029290055564945	0.12128561235403679	0.11477150860658845	0.0855797825213548	0.29179874352795776	0.20662784939635684	-0.1314832103566088	-0.1276994629172082	-0.34192966688904514	-0.011022205025738743	0.08827638358022942	0.2792798322877458
DTXSID0046484	6.002276517084085	-1.0374542857980469	1.0233558873947564	-1.80160949552241	2.478325340955477	5.397032770695686	2.117299905264274	0.9980280324624923	-1.5338105635332013	0.12385172304940384	-2.0094579660857232	-0.1744773653208331	1.014532454120984	0.11571713671504791	0.37394171162304995	4.725615737934093	-0.05927227673344194	-5.172181064382914	-2.2496786906572805	-3.187239021160348	-3.7802041660408694	2.779893075887752	2.435422544557472	3.2128888542695364	-0.24520686617036558	-2.3753555007189022	2.669751612915954	-1.5001632745145117	-0.35350470754389185	-0.11807867182835617	-2.388203089959391	3.5250060439686166	0.5121184138229391	-1.6866269462315153	-3.4643887033698575	-0.7445176577393912	3.536220470990412	1.447350139193236	-0.278751525684161	-0.42250235108457035	-0.934523390056669	1.1935561031525594	-0.6738935903856577	3.000271297296418	0.056302353403353905	0.5440703352789398	3.885209070957486	-1.6602244011485008	1.5764371453131623	0.14058174479157556	-0.5835666569239428	1.764047387107572	-0.2172411629311312	1.2638468321660938	3.088888798146659	2.937200429999396	1.6518052211293641	-2.3476776070279834	-3.6019601472444416	0.9239631187451347	2.798972345476077	-3.541653346826203	1.5365030069281065	3.1694231970392654	-1.7271981414199444	1.54693438720499	3.199776411093572	-1.089561959910336	0.9416998540173749	0.5636507454962704	-0.7360470549852606	2.01674258678861	-0.21131203782453345	0.7095967574888391	0.285464119717529	0.007828643946265028	-0.3263499266003039	-1.7085256029861886	0.6744182049594892	-0.19177887363929166	0.42407159837125924	-0.0677702781849562	0.8259244467605426	-0.9186144698378079	-1.3437954874919096	0.7462089612315377	-0.21077725602006	0.32981626359209876	0.5716153860781925	0.1600207635971418	-0.01996828769682928	-0.005023744595320711	-0.31934024980538234	-0.2426716706718924	0.38169369259952685	0.004604987949948253	-0.7164556161617671	0.5827749544815104	-0.4146028401915598	-0.1248050838879743
DTXSID7052288	-5.386558352322947	2.7193105030203317	0.5056112813564065	0.9617473264678725	-1.4520465586190194	0.6389124385814194	-0.05250646431116174	-1.214033576340528	0.29946542435576234	0.4196200535394179	-0.14195339461182657	0.056872691490040685	3.0069657965676533	0.03297806967548337	-1.1382452031122987	-0.2810267648184862	-0.00638358527292417	0.6886793917180435	-0.9160183402866263	0.0242949118010594	-0.6475484341804284	0.058243209269573916	-0.025499745252715724	-0.9009725699387191	0.6644251686185987	-0.4178769811130855	0.5231684636716927	0.7926532945197935	0.0019573989789190495	-0.032517024102493956	0.218461209544061	-0.18461041633941372	-0.19052544830491353	1.3273716159609217	-0.08465161193615266	0.0772129010501101	0.22819647485204153	0.6202179144499443	-0.8011505856844255	1.7666750930766264	0.26874001369588546	0.9782079698712275	-0.33708442843903785	-0.8100214399543808	-0.21891968026437003	-0.22742579249845998	-0.43484864675337576	-0.45238249742810965	-1.3768698653050113	-1.771248792238699	-0.704766302531957	0.32220820845107123	0.04209439356714209	-0.11247327124092836	-0.16764660981539953	0.5801580873918408	0.6146629347954957	0.33909754022234484	-1.5382415241456466	0.22583070436189254	0.3202346950687413	0.7629105159734707	1.2267339652820697	0.25550025467817955	-0.1383325781325294	0.21592020209866983	0.009490928575398822	0.008224362117304632	-0.46884933935530987	0.5440675323592985	0.06792777464315189	0.20960891312303495	0.14952182299878805	0.055111048170049394	0.12025016654291464	0.0976433309547437	-0.1850953086330976	0.5920565438490359	-0.35831349695140174	-0.45373650526866877	-0.3205548954725552	0.13421632041635115	0.2164524785422713	-0.6342480496446113	1.1004455339645152	0.011285610088393875	-0.5221219833819941	0.45444072905551935	0.809027403284044	0.015137752248032689	0.06947464722391637	0.009262733800768993	-0.3758464532958293	-0.3509693401961329	-0.26724194287491143	-0.1579827134805723	0.31667129947361317	0.4738669143794647	0.44663874890163235	0.4520665019041206
DTXSID7022629	6.809831286268649	2.4688639996965467	3.1441057978346247	0.42774334953549764	-1.9194026195834542	0.6739715629225251	-2.5420458765418434	-1.5146036475534248	-0.7426187526800939	0.5417228421447768	-0.9269268699470132	-0.5150721019202911	3.729568428102799	1.04639985504103	-2.8178060354365315	1.0118228752642502	1.2720794688133188	2.652471522559336	-2.9630809357270733	-1.4622660099578675	-0.11588575819750424	-0.44243449981611044	-0.4943580047952884	0.1405504676399342	0.6978342660385358	1.1256897771168561	1.1487330287198128	2.521683054308126	0.09657285912696688	1.1969534604798342	-0.00010481795309703173	0.029503378906737994	0.2830804738117731	1.2659232653571433	0.7831388853356634	-0.3205496230904422	-0.085383787690558	-0.15684252189529135	-0.4917974855671101	2.3594899542658068	0.6656687660349453	1.2380222445613316	-0.5543014775207072	-0.5209011294330754	-0.4309201038567033	0.41592951919687654	0.8329473944752106	-0.5771778666396199	-2.1079175826214995	-2.2342765792182977	-1.33248250892	1.0472436533791307	0.30738647527849083	0.08727952011853914	-0.2853078879039009	-0.5514022495711575	1.442972915395875	0.7849002023322978	0.011674807297131341	0.47619421201106915	0.95729659750184	1.8630103625628032	0.6061600209162983	0.026225807874437276	-0.2788677779673174	0.3274725108449275	-0.24871928684455888	-0.08560829638247033	1.2207361850885812	-0.6499003684166642	-0.10397571818343546	-0.5570593851776208	0.37117767474477836	-0.1450201981480963	0.6939968511939868	0.08124183581377474	0.3694452564268451	-0.7655354393493914	1.1559917600669432	0.09625288643689105	0.479663876394595	-0.9717858611691521	0.9074609489570917	-1.0050013570122895	0.78597215446715	-0.8176477901353133	-0.2556641821850339	0.26360102626969095	1.2916912342200046	-1.1143259182625307	0.9122709308547957	1.0862679453641142	0.10459167188683073	0.5009887010567585	0.48061617011675073	0.18663788797485548	0.019403208421118076	0.3649225710434267	-0.034802587016583626	0.09797087886245959
DTXSID3020384	13.302073665958853	9.229339171067306	-0.8657732497747238	6.835139148391715	-4.091106674632551	-3.0967123088872754	-5.828253898990036	-0.5957898485574652	-0.0010429906263541675	-0.8843073590968086	-1.3163346415928294	1.8739223916752006	5.017135037510748	-0.9718148185770262	-3.7309312854070624	1.7567900400434193	1.756954308083737	-0.7325408369828889	-0.6245951232141733	-2.0032826485381117	-1.4191548604585462	1.3917770561101168	0.7555956102050605	1.1134351292346978	0.36792533471788524	3.31409036312657	-0.5978154949457287	1.6010892521567266	0.6620074208127941	2.3677800002151965	0.5421052096139259	-0.42121366011148964	-1.9471533513628423	-0.5563996055992569	1.5689609315888904	3.7643274085175213	-1.22868346990779	-0.8047413283940111	0.5737765361031001	-1.2845861859220928	-0.01069745276524263	-0.01705571128272031	1.0396545399062707	-0.6878578752984289	2.2073134678402506	1.001471303827745	-0.20522798457496477	-1.5590039124277746	2.1530505964103956	-0.03535909424991852	2.5470513175506726	-0.7137912023113533	0.38065870902518356	-0.7495923332154862	0.014211365955344595	1.5583615815185807	-1.6166854444553123	2.125489602912804	0.11125153830599122	-1.472178479759239	0.10405214109425782	-0.7526620884054899	0.9476424775853938	-0.6409782641120337	0.03685861317250533	-0.008760666319398858	-0.4376801644996426	0.9857561622662177	0.7630252361868319	-1.1100846858120557	-0.19795359804581691	-0.12148822819262338	-0.41028802752538285	0.8952074351194476	0.7818555640027876	1.93924840495064	-2.3474192088415977	2.5336849047775867	0.29959908312307043	-1.014134692984838	1.3822059976261	2.019294044536061	0.40560265730445133	0.7546077442269732	-0.6413525046597881	-0.3450056218447313	1.4664224835278807	0.3711979891347079	0.5182937180450032	-0.15847490479320434	-0.5740718776706328	-0.11136870678905057	0.5335129929881232	-0.4092741112463283	0.09954181792252934	-0.7268663141691372	0.14429054149518664	0.3275392479631401	-0.5363366916707974	-0.17859738649745274
DTXSID8044757	-3.7018492423488762	3.4586280675369205	-2.798856803964652	-0.27830079321000895	1.7297498817500623	0.7126501953126797	0.5919703482336	-1.5069737575850972	1.0898048192991894	-0.2159400500019535	1.7374661362459056	0.9447635630115236	0.09780745705740208	0.8986226423162094	0.2886194756192878	-0.4212666912606617	-0.3484955941636174	1.1181361882077279	-0.41465576724778347	0.5143488098254636	-0.7540480994406944	-0.05074458693192438	-0.38830353190115274	-0.2612157742664467	-0.37971805482329274	0.12743466659911176	0.9329449143503907	0.17359810352002272	-0.07229198503789745	-0.5579796247654818	0.3771456216102724	-0.31126403893819554	0.32832265345718714	0.7966557774581049	0.1960666680734295	0.055132576305776865	0.5023653911918575	0.6222524563882376	-0.1540897706994503	-0.4584879965941889	0.22705989587050796	-0.2562318758172452	-0.18180464741513758	-0.697734467381956	0.5098698672243107	-0.36612190630930536	-0.11863473111303979	0.2721287148794531	0.3148487678256581	-0.0011199270203883823	-0.37895213754468215	-0.22240628326634215	-0.21433141627254654	-0.8789898305468147	-0.41007978878128576	-0.24981720933901894	-0.3536914959990484	-0.5635735732526214	-0.5670633347856717	-0.41412166691350255	-0.08377029464080817	-0.5927757953669751	-0.056139314065622226	-0.3199554913252158	0.015244352019842115	0.37084148452591537	-0.4633245819190686	-0.06234915675598214	-0.3980922617582988	0.4498314356297783	-1.260165063677733	0.3137717145610161	0.12737546300521255	0.6084101769173089	-0.3810869902085754	0.3889007387044236	-0.5034357959930376	0.6831398152124751	-0.032633278059369844	-0.36617531300011835	-0.5187279158892836	-0.6738348447382597	0.45759504626460246	0.31193202062044634	-0.44174199947636733	0.37377355300585513	-0.08373309868338016	0.38259878530901714	-0.4197532116102379	-0.011450612873747264	0.5436610437881567	0.10186708822639659	-0.2202899717521689	-0.35351885540572775	-0.48404933227428293	-0.20506015209456038	0.3294815374278977	-0.5299220826945478	-0.06915739818934304	-0.014507910238318175
DTXSID7044710	-6.459547419141052	-0.2692637325676173	-0.503018230047176	-0.6276527378418478	-1.5582844935161362	0.7649827202524832	-1.85520983699202	1.5142348733492543	-0.7874727631458525	2.0795096069072896	-0.3372280955299032	0.9268570196803482	-0.25581593600590147	2.374926154622496	-0.8991718615916406	-0.1440763461261125	-0.103417810553796	1.117269201047784	1.01124994690731	-0.18154821909899035	-0.12644412347761738	1.071239047911296	0.14144634478778453	0.7674633209233704	-0.6627894752986678	0.16518144614439934	0.5262424895223042	-0.429328021827354	0.3334518826619865	-0.018827245538088358	0.09531130640896887	-0.3568262560403003	0.4272740219202858	-0.33063671911319015	-0.3516846002015428	0.10841794130098588	-0.5650654308666068	0.15813227658030024	-0.2416802789943151	0.048052859835997094	-0.14278976140007218	-0.7309068944482522	0.2283598280911705	0.26667944747837385	0.33683410631433053	0.11862188003456078	-0.08735444337788088	-0.023150928273798846	0.9548939469872922	-0.6906560159874303	-0.6560870950729725	-0.2788519429771741	0.5433304913299599	0.5997674207630418	-0.024814835503265797	-0.020281294986539883	0.4849238745485263	-0.07341550933784088	0.17688865338046098	0.03899629989916192	0.20158072435215801	-0.279040745442872	0.2530564867037769	-0.4390123886268603	-0.30086150619666835	0.008681211837733396	-0.1334160683511	-0.0024075949232220993	-0.7289774042162814	0.22932769882657345	0.14929905830130968	-0.15061331125267652	-0.7210536845656638	-0.140804081591833	0.28519051961934644	-0.17569996497588636	-0.04475998520714029	0.26125095718894265	-0.14121586702069086	0.06780229320179589	-0.13570150138761689	-0.4171506445858378	-0.054551771295444695	0.43785286329363643	0.047566339823472484	-0.17397003222464796	0.18541406275546574	-0.108646142418309	-0.06335107437976238	0.04808179552768719	0.18869931148567778	-0.4028527622125421	-0.16526402952793126	-0.2030647402688959	0.06893589131741082	-0.002551434330228636	-0.06476801338026167	-0.045545545759476884	-0.07988834063192075	-0.1385329016643699
DTXSID8048783	46.801083975877745	-12.098670742487903	4.646746205779169	29.367720832967006	13.066293164950267	-9.295888455941403	29.660954713824736	9.139953408701018	-8.812958502319796	29.278523179025065	-17.17844556804683	30.545939706426285	9.08408120962295	2.8647249159025514	4.862537647837164	-13.343100341275303	-9.307170746794425	13.505677839419882	20.81568107234184	0.6787197146422271	12.281423564360527	-0.7020470840344786	-4.845234839636981	5.494117547597306	-9.563891568737697	-8.218953107088362	-13.094628362238334	2.131826044759509	-0.41224771988849085	4.643788799764089	5.136624716269009	-0.599295822996685	-0.3623171263007883	2.5812612208771415	2.5515864563948605	11.306614893237779	-1.7965648679813444	6.87680312889039	-6.6338750781436575	-1.6910581583060456	2.049616590816004	1.7400137797081145	-3.2530542071741553	-3.956072487447304	-1.2662811022299965	3.90746358200605	-3.649801298369259	-4.588240784197194	5.232152488171972	2.158340245572865	-6.441836056069701	-6.646012279768977	-9.435259707381224	-5.853212383740755	-5.896805421405188	-5.320748019331254	4.566980112157741	3.127622393458589	-11.981115469071325	-0.9445903316961919	10.018998652372561	-11.938849719439434	5.699002231164665	-2.313930390020618	-5.9771207483586375	-20.32154361463259	-1.4580347131375913	-11.655160732537457	-0.2004465917907053	1.8520927281963655	-9.24119184636963	-17.842790081513844	-1.6866666875051994	-5.911961890731929	-1.1621092118818053	4.9850142902702235	-12.278251169623012	0.765639989752365	-1.4126415488482384	-14.542463668504684	15.012190703478558	-17.105071703337778	18.29233820017989	-27.701403977599593	-20.47641806739816	17.16151158091231	-8.420118500862548	-8.648433528368686	-2.9367995253620225	-4.945028526087721	5.427859905032245	-12.549695013795912	5.546538272347269	-3.4956170347438373	3.697214767029369	36.87646367954746	-0.7921612175356542	1.9397683312945828	5.076217777822066	16.470338595656607
DTXSID1022847	4.72609951643739	-0.4931962971392943	-3.263418570360025	0.04587736441103618	-2.7364613907195183	2.8721078278669534	1.6177026769177887	1.915163670234372	-1.7561787896643635	-3.0038234456828374	-1.0093012779767843	-2.77868426169175	-3.761609143430812	-3.0900554681697296	-2.7106292476804006	-0.5250877144725739	-3.9611751981154155	3.67794908533064	0.24117682882908023	0.19438043713656802	-0.5831190395397319	5.767818817752976	2.840178918237945	-0.3526266601951981	0.9838814508908332	-2.3236703547613344	-0.18209437427266925	-4.143254299451082	-2.006999814563592	-1.8857749316597816	0.9849177028265231	6.729601270837845	1.7751870066751778	-0.9228894400524512	2.381381539710469	4.262263529923276	3.377272803170284	-1.3837578713675485	3.4104684383425163	2.265434211114543	-0.6190118420994752	1.9875274349680194	-1.309558793101959	0.21966973686114713	-0.12589474554460967	-1.2795860353285964	-0.4275661768897042	-0.377648991993337	-1.0694956845662162	0.49310571685757276	-0.30920080998625826	-0.30830955327736453	-0.34123591470023934	2.6963663052502893	-0.25075962244242617	-1.0262638368866035	-1.1371206261962346	-0.1987591781491506	-3.2775294561190487	-0.7243298371056269	3.5832769063173164	3.4470717556270722	1.373446469315004	3.308032534613502	3.5917693102430532	0.8810452420378849	0.3431313892202213	-3.300541424440848	0.89351179113573	-0.8277213688370699	-0.8926785140356642	-4.169020379490381	-6.1313134477917055	4.576577721881215	-2.7104505282613807	-3.008973608501795	1.47044065341228	3.246051772713018	2.7230605228671916	0.5645101111493014	0.7963171872243049	1.319900532066324	0.8851056810169932	1.9365473071135602	-3.903656861532012	-3.1634904058056725	-1.1569860840948278	-2.118449770072059	-0.8142033443372141	-1.2233541859825419	-0.16429006265247376	0.3878232321574749	0.6011815767009618	0.012849445124654869	0.48989827739985103	-0.4749759775026908	-1.0962528116173171	-1.823044148462432	-0.16126201532855214	-1.388179786678481
DTXSID9037612	1.5728794868766762	-3.115951430443961	-1.365795081758902	-2.643965768186728	-0.46269634679730715	-2.8023483134227622	1.625995199722471	1.9191890703789762	2.2074063014166705	-1.4561019092615164	0.9446362464244831	-0.2908783535108196	0.8826245521123172	-0.8577355859009257	-1.2428851945284363	-0.35116613149021536	0.22472410986887303	-0.5525370883212799	0.32334557989200574	-0.48413331092392486	-0.27224038777745574	-0.3640569029735781	-0.5727426647932736	-0.768448327319394	-0.16773736415981705	-0.7719234287354155	-0.7946017922488913	-0.24427515658892013	-0.26677964799924003	-0.6364713689978573	-0.3992522785675656	0.5163231687089406	-0.6717107388305413	-0.07532144458710607	-0.14515443017849483	0.4329596591915895	0.3930379010891235	1.1645784386034064	-1.2136122125030169	-0.3463198774195662	0.0383094239318356	0.6972079652121181	0.04657762063626143	-0.9446885513476598	-0.5849054424429461	0.5261738384194131	-0.2266511755227262	0.3791954937702893	-0.8773096339573297	0.04280001521512971	0.08999530332205792	-0.5529939121553288	0.6060693372350654	-1.1282839480876838	0.6411124724213465	0.37258587102487156	-0.1284043794215483	-0.5760215457104712	0.2952450252263144	0.19176601710567603	0.2980883857209732	0.1578684704910328	0.4583904964421303	-0.37678176865194096	-0.5890516024513792	-0.595554447262654	0.32925563437468724	0.21315480560837574	-0.49460964603188784	0.22415048215798733	-0.8230018497200996	0.34441040529540307	-1.1138879539692255	0.5301781182797194	0.1618520053706257	0.7883265974429191	-0.3257492745237009	-0.7099761572869222	-0.2244513152264973	1.0588260913607388	0.24312736348124742	0.11269073495852976	-0.37528522238695844	0.7324714243498907	0.39371339015310103	1.1160321604853554	-0.34456241145221594	-0.3902928748581978	1.6497937598754624	0.5327856274406058	-0.05215499086650624	0.0024115132175074744	0.41588599648514274	-0.3884171308032325	0.08172778255352368	-0.03719174502858163	-0.5183064409489778	-0.5481558285611279	0.23970612422503998	-0.33982178253238643
DTXSID8034877	-3.1381349518976767	-1.1099053873264195	1.029816422389253	-1.5603829013642143	-1.806587710874194	1.1341575961184875	1.609842770306707	3.0343619498592775	0.7766266608114256	-2.802759622544277	0.16176871288130143	0.9096497300036058	0.9982211810348615	-1.3837591180548423	-0.9971270566888436	-0.30372399791545246	-0.6576019151079435	1.6578413103462561	0.37253362997217215	0.32536355315303417	0.193427677511777	-0.8003736514073553	-1.069898111906812	-0.1716290251508632	-1.1013194612227024	0.7965190150464478	0.04270223050428704	0.17745612533433253	-0.0423775854426239	-1.0764907121998197	-0.6165727104384434	-0.017648968166775674	-1.1622098407144317	0.7571018120029992	-1.004738332009987	0.5385711958828149	-0.7358359819699652	1.0710605892444434	-1.1126073048864662	-0.35841697047298227	0.04093854543375824	0.3332462551614134	-0.5867416665309859	-0.11477879218979281	0.6152563122888912	1.373356712042715	0.0642095995396725	-0.2864163543295582	-0.005714672167119913	0.6029884806739204	0.10161795010578148	0.6949840633300297	-0.8312289538483405	0.9220607107141461	0.3559979871917531	-0.058364139531376404	0.2520481352740144	-0.31275186806383637	1.052857711118658	0.39878732357683894	0.7995028744737922	-1.1993902754446244	0.58541202295227	-0.18320973180292874	0.9449647695167889	-0.6253074375843094	-0.5743630595970298	-0.5815927740090621	0.3111931417956638	0.3166364838143791	0.7915869972213322	0.630588908844594	0.3430866765275784	0.40981600035090104	0.4519269177632963	-0.057246888751101344	0.07535765017610681	-0.07786648766619148	0.6598998566397146	0.6317464519104058	-0.6931775956628589	0.924424686808509	-0.027752932069830476	0.345748489518938	-0.41736855604680334	-0.13360237654615703	0.19352510086435304	0.5216979053319937	1.3783312820807077	-0.2672841666619163	0.18328425124239778	-0.051270680458176655	-0.6357870439984254	-0.23915277373253416	0.7343784557831332	0.6343464621548625	0.13193781741791596	-0.26633827947816513	-0.1578399958071746	0.27454994343734024
DTXSID0020103	18.704545023171182	-13.31872769933441	-52.8424713037378	-4.452518708714376	107.60414533951885	-1.7015838928769664	-31.11961224852695	21.409829112298695	-21.42706098864743	-5.06731995173106	14.754957581342461	-6.191678726677286	23.072587954432066	-24.47447264174166	66.92608526020139	50.229653951816914	4.691090702069679	9.750682484985017	-3.1108059715413514	37.82926199958933	-13.591982917629597	51.87026402758556	-52.21095777403878	25.42457562900819	37.725014520817794	-40.18391002067219	13.597568198994614	1.107093169010601	3.4260529365755334	32.358404578457396	79.51689121936255	-41.387818188154654	-0.14551038733726374	22.46030181512556	-17.34987144479055	31.221917706278067	13.110102070954644	32.41992501322229	-39.83273636809206	-28.225432216168656	49.37966875786349	16.749902615994852	-43.974888722919026	47.226961531805905	8.284598901206353	-3.359056286250978	21.89796411369378	8.041685403149717	-46.46673595408117	73.87567593357295	-37.45165699856983	-19.62027637865016	57.362169354461315	5.300496658756004	-54.4392396690263	-70.18546363222305	90.05400632777742	-7.362950331316965	83.9435684473548	-53.71884131856586	89.10995334624542	61.4014305569747	-36.065462365065116	-29.48522403305199	42.49764617369566	13.553649445791143	19.88626391774666	18.53659260245246	35.17445984100954	10.955791011229762	18.574251170413138	29.30511553688111	15.64300126676211	41.742232805841546	-1.3073593801065315	-21.55328000135229	-68.27587272787177	39.22170173386592	37.91545355297609	-7.914029247791859	16.980328721466133	26.577804460006323	37.88432220161374	-1.3748339052054963	33.31463477456104	28.880471435911844	22.13352266529054	-17.867716415950458	5.734871025929637	25.208232487564977	-14.421109953917552	1.2691561930664743	24.362039396985836	7.09042634096366	16.38852586825594	-31.78226927055516	5.344081014118767	14.788730014446696	34.75090187945793	-29.872118452845665
DTXSID8024284	-7.8219685287461305	3.0971916614045827	-3.659081575259072	2.6114239999411484	0.027852290515907204	-0.9303189498486628	1.3575851489971735	0.25963364909584236	0.678269171457255	0.04204186220544554	1.1063819325292896	1.4457979952334123	1.6720640017808657	0.7641287235706995	0.05729131124322839	-0.315667375929358	0.9781259499524233	-0.865202915126768	0.7624765347244282	-0.9326744429506313	-0.6889893265447758	1.27395190630156	1.1158832236147027	0.7115126772638299	-0.7016435789730429	0.627614232926272	-0.6111679199047723	-0.7606425512561696	-0.7699347137479884	0.11218130580283149	1.3963411737482228	0.18542810925079642	-0.16890302957808725	-0.32268444803311	0.4310621058009484	0.241204730484677	0.2471096260588828	0.33675171680965443	0.010132357713358313	-0.6630404583036112	0.2135190093311102	-0.8146069933924796	-0.2808546453040592	0.5624873455061946	0.5502805505746525	-0.13586924983872303	-0.9204083460821142	0.40727918421366693	0.4792883814032684	-0.44673206838759333	-0.5433395827659806	-0.5648587853373577	-0.13348458187098317	-0.8784380664516335	-0.9983435103915573	-0.8053530370753297	-0.3328326158625223	0.1663949407499236	0.6911716850648401	-0.005989990073791344	-0.776846715871939	-0.46111917061247015	0.4284500711583736	1.0759217737401419	0.6651156924147504	0.017417232687392478	0.17405169980591007	0.43070445697472864	0.55840094671159	0.9254819727518934	-0.6278812614664621	-1.0441664457055948	0.8895007597292766	-0.07311073737416056	-0.930493867577057	0.02783170612919318	0.5895559077224832	0.00915631041793901	-0.7404204261332575	-0.31044468440755335	0.25745547740325647	-0.20267763210326528	0.4517950761584171	-0.3201669340279838	0.08082281823478572	-0.7245112127062924	-0.1636894532437925	0.3122659485385823	-0.08356047156906099	-0.1712344655520614	0.2733275308454037	0.8579166740675077	0.054489839389580824	0.31205531952179333	0.10729938604947274	0.5097285721463404	-0.22467140882165285	-0.030403099638403396	-0.3493113051723347	0.5510095624426391
DTXSID3025178	-3.125625439527185	-2.6777154186408603	2.931923487655235	0.4394776410995912	0.09065415560762267	2.4826138114796192	-1.3754768947942295	1.5496870218617986	-0.9088367279957493	-0.6267453536156233	-0.1900175962964567	0.5238428057491016	1.6683851209026601	-1.206568929071158	1.8529198342163888	1.625867742935505	-1.6069814998723955	2.076547584995262	-0.9473964621896814	-1.558222210930308	0.5874159361414494	-0.8414376675815276	0.42070223714566324	-1.8739577524821571	-0.8789895420703071	1.3059807258137275	-1.559378614825589	1.0281436054769224	-0.8930635505420214	0.47893236830820407	-1.8642135441211674	0.6066994290860078	-2.143315766084428	0.25242080541028644	-0.5345823207841566	0.8467471320009851	0.15570359260042713	1.802291523420427	-0.052344774459395206	-0.3245490032486518	0.6135274965949165	1.2323006308726179	-0.46393079922192954	-1.6626321573250487	0.3961737947712735	0.19994492783429565	0.31166587165262183	0.7789933591071037	0.3444980133704281	1.146902311666084	-0.3336474975848718	-0.5912284179890266	-1.058474368965036	1.3493333425568992	0.10175367181879584	-0.4163058390148571	-0.19299707946202455	-0.7770747698872248	0.9109723038412567	0.11650956677879917	-1.1198334339969611	-0.7751839053507265	1.4637574502272328	0.20314208450872126	1.4785809791671356	-1.5045409357846784	0.9616318258259471	-0.9110009558873716	0.4201892480155674	1.9399899278043176	1.822363991145688	1.1964328825313542	0.07177212756390539	0.7302384345442456	0.31170072870512444	0.894795907220104	0.2648790049293075	-0.12838810383286783	-0.25774559208228415	1.3103707886904523	0.5114106084343201	0.2400750370408207	-0.4330442913627375	0.305589473800769	-0.23661649269964782	-0.8293207170460198	-0.5974612023865176	1.0315442669134813	1.5219697132705716	-0.7134604818755718	0.08186689040544828	-0.23172842807373098	-0.28696429976862203	-0.23530709795097846	0.17901885557372454	-0.027922432487117788	0.49213242336419777	-0.42517667642614115	0.028103054752100294	1.4769674954036616
DTXSID2024747	9.689908953722465	-5.943688691224329	-7.708216173993709	8.488163811996586	2.1252329692147023	0.7959060034511313	-3.6831516048568975	-2.0734275159618045	5.571997337831569	-1.2294102351050717	-5.128450490247183	-5.468481303181622	0.7261662949508364	2.9309765722388548	2.063665112514593	0.36820541161186154	1.055552648302273	0.6434023128090651	-0.23813245312234593	2.1218512155066924	-1.1871092166441308	0.8258284021123092	-0.3337140135368732	-0.05141629472042817	0.2092586995093808	0.5908891726663652	-0.5397671924262544	-0.4806652146019508	0.05522820173382551	-2.164811326796397	1.0410731230687391	-0.6664700215443511	-1.273709958694085	-0.6643478395240836	0.7016046481664405	1.3881146825325223	0.4870472111186426	0.9132869829460687	0.05061996310343476	-1.8944259960136622	0.7100014260505817	1.0293404750750828	0.03772301324011965	-0.5936221637638013	0.44382287083661104	-0.017588986979253266	0.7706336705317836	-1.0880102662757694	1.0485001259948663	1.5147759612225224	-1.010652242667617	0.205691331928514	-1.128790894858687	0.4784943787159844	0.014568265190127657	1.1555454717271885	0.04612246754304638	-0.2951146051571791	-1.3060736883076358	-0.377597587585508	0.2963408684362722	-0.4586212654971454	-1.0838609780130837	-0.49742718915609846	-0.12051003305933723	-0.7953959703594823	-0.3634265576911202	-0.22900455256549845	1.3790683431064632	0.19997380732819228	0.054709057242284004	-1.2097613444595539	0.1451020589781568	-1.3050087829676216	-1.039972955519816	-0.906298862177743	0.98752557661588	-2.1400104338671926	0.22120027579342333	0.8763247858251412	-0.7081833809437721	-1.9396278359905241	-0.9581508013123534	-0.2647525997599589	0.3985628618362599	0.3719174293498397	-2.200363652214119	-0.3997359249441459	-0.9839861004689535	0.2302167296330323	1.5875689609961385	1.0510550543948332	-0.9774907941673646	0.8102466595158605	-1.2996478236272753	0.7012215166034518	0.6920192976912934	-0.42352096788033355	1.8029812138883632	0.3383105778766943
DTXSID0029133	-5.695590127032438	1.6208471242214602	0.5292449363732388	3.6362011980644686	-1.1232216324577946	-0.7586141976492456	0.532226450229347	-1.6706938751423412	-0.2793216759562864	-0.047147134503775716	0.5609383928589305	-0.09056764887166491	1.5439057349418484	0.09460858411346788	-0.8220767382341966	0.1958492972520336	0.3230067846458754	0.609248885371807	-0.7523647485419406	-0.4218551479303785	-0.5595821950079852	-0.28063737653278065	-0.38377622389737653	-0.2496407025904213	0.4522629780046818	0.19958037024724454	0.9547885319706885	0.7192878350484907	0.18436393550927854	0.06304164561289832	0.15246407574300275	0.367699305414021	0.2511670090464042	0.35519218703558225	-0.12209176996296288	-0.1546821866967193	-0.004344019725165869	-0.1411381537412621	-0.1231432962037347	1.438057693121382	0.1910287419322256	0.6028751930310546	-0.14185121233131576	-0.06685718721903988	0.05497074341569894	-0.33499981208798896	0.3682926985334966	-0.1367714355958268	-1.3997201819489324	-1.2286496816513988	-0.2962521616113008	0.8173838171893387	0.7419980838978104	-0.09914984498949371	-0.5270620252238987	0.15192982206332306	0.5946666813374356	-0.0068845671668803215	-0.6269110986560109	0.45596754339303935	-0.046934073493465255	1.800055775589847	1.0155334730902619	0.04068052614178991	0.15834622351584002	-0.5379903180711962	-0.16242593742473543	0.18964262530172182	0.18871743074042477	-0.1545026096832406	-0.3450694245617909	0.34827461760364214	0.49476581361106364	-0.39229592637223565	0.6967355306326207	0.25391037831292734	0.17656908378712308	-0.21213537134484423	0.4815889054546812	-0.3171768421294522	0.3151415867207335	-0.027880898798757943	0.020202094854578887	-0.26973655364661087	-0.16682691627362725	-0.26556885813647885	0.09317385368132317	-0.29424809856435374	0.6951008457734947	-0.1420210767475142	0.20371477009210148	0.10784566105445999	0.21358688594983608	0.07090225746720423	-0.22915149516639824	0.2303240277235818	0.36839913489678017	0.005468385315533153	0.10027694621797931	-0.09745804439329
DTXSID3045196	11.183655331440848	-3.6304805542678804	-0.040064397461509	2.239545355734102	1.7297901267889189	2.945822861175912	6.493994918800184	3.3842683461244096	0.9280387314678357	3.506137398432221	2.481825715453573	3.1705006684297214	1.6504611537654834	-1.108753098786833	1.122698189952217	0.03586546464670719	-1.2254376213244265	0.7733077614136727	1.825190547981388	-3.0805754787980075	0.8349066323451751	-2.0051327444851497	-0.22701437233700877	0.24446424465101751	-1.9507431348793638	1.1499160605154055	-1.6683624898325717	-0.8379446889935794	-1.8989664068669572	0.21050209831653774	0.3908430169490585	0.7225219294050046	-2.116796391594691	0.4864402035507523	-0.47652746168395105	2.3230206881592648	-0.8248652644340584	2.5748357619217774	-2.0264966001230307	0.3575822332822276	0.6216775594799131	1.5554825432971608	-0.6645901648630604	-0.45053391375615726	0.2956990939714831	2.086674142565196	-0.7203805936685886	0.534238757448008	0.5765208433675972	0.13000445473819075	-0.6689577971511869	0.1035344780249145	-1.7337565731835047	0.41427774942187906	0.8383085510597945	-0.3226157410787788	0.9326442279747305	-0.6242205079546803	2.5389361008477014	-0.3765584052510701	0.19055126361672026	-2.571959352610808	1.6245672186555002	-1.5804878584323754	1.7991654807846313	-3.4067422102883227	0.6262112581014884	-0.14476837459225553	-0.14783592741281487	0.21833866795475598	-0.2621439884938089	-2.3129164828963553	-1.8315148116660032	0.19775539981537446	0.3811561374645962	0.17448768031404624	-2.2184857753275002	0.7026295681936696	-0.21706995767974124	-0.20185042039812304	2.179603355400412	-2.5000005150286437	0.5535609908355135	-4.335079757305084	-3.182214511573429	1.2312427960693635	-1.0678594971489161	-2.1968205022059286	0.6551500076849512	-1.3828063135466684	1.8039962573794155	-0.45446032479030457	1.0083989833789637	0.370189115429878	0.42857569632739456	2.6248546642230504	-0.8296951068935758	-0.19738382792089135	0.6326126215898967	3.2385984693760657
DTXSID8021802	-3.4789082894341967	7.168459867122462	0.9351594922442314	-2.1474334942380975	1.7465592240959025	0.4153353749609092	-0.7473779436559262	-0.7207338784623196	-1.3715884803641434	0.5489069401062815	-1.5499247512768402	0.9678543283728553	-1.2133970786307542	-0.8248601672726978	-0.4246472272759136	1.266395380657375	0.7239935564432056	-0.00890005322144511	0.45495983685230335	1.0370530207549462	1.2122899986394005	-0.7560221540218801	0.6940855604253355	-1.1532661367825117	-0.13974115527114547	-0.1864596424146172	-1.2699564014089133	0.7949151747699517	0.032136680761040926	-1.0947126363732667	-0.19590781367910065	0.23506225560615024	-1.0651399453611656	1.0237845326090083	0.8525786421240988	0.3744876170104138	0.144260022702011	-0.27293771709398396	0.0774908648300271	0.097266773054478	0.320551413281574	1.180318226012442	-0.3560490113856936	-0.18315675662149436	0.19490404340360493	-0.6960072823205772	-0.4284576322364646	0.5808172581616081	-0.515272167180249	0.3322285294692846	0.040510192515942345	0.19937012867602613	-0.34268089391445633	0.02215794974824944	0.5662415051182473	0.258296107003618	0.06678927404584023	0.4816287508291901	-1.3363294087326445	-0.3535876686357899	-0.6244752091828722	-0.9382989466355369	-2.1234428903234734	0.4314943059794136	-0.6916037468507813	0.01897457580744798	0.4321064951516671	1.3371635818993313	-0.33819433054357706	0.2786998085985157	0.7348593291261063	0.4374478738875722	-0.06645136368874527	0.2966644601004736	-0.2720884689307533	0.1461575656949732	0.38001669710382924	-0.347371902443938	0.6952856797958729	-0.4384956703590735	0.860412533733232	-0.2231245875521381	1.5079128766731633	-0.5817627896882736	0.25811480540861464	-0.8497641674349403	-0.08975863911932819	0.07094109358464883	0.1217509700473062	0.8380390940036413	-0.2987274767654017	-0.051011903835723856	-0.7989550949426454	-1.2904884008907305	1.2955522190867421	0.27009650886578074	-0.5407210288104155	0.35869031258850814	0.05620030732994748	-0.4462257744783027
DTXSID0023373	6.252200976770949	-2.833508679197069	-3.451768384212254	3.1665692278113986	-0.4251178089553071	1.9905802514561537	1.4954770547306904	-1.6887679483319575	7.767248067647996	1.906866506393441	-0.8673935748806486	-2.498598394188185	-0.511446635824844	0.7794646604566245	1.083522862539272	0.36463457421327095	1.5907437521023746	1.9915051429809134	-1.846154390402007	3.396844513160729	-0.9651200807805885	1.0321890795895239	1.5824973192111136	-0.21817287129810958	-0.06333089877400931	1.7537918211351289	-0.7333656992813185	0.6042283142319033	0.18741969095185906	-0.4653065294795996	-0.11370622887495022	0.7949898024733761	-0.5110315891136125	0.5201774266231691	0.44388891715383216	-0.7658182290358961	0.6132656562789289	-1.0450715788929865	0.8117337974857335	-1.639746844485563	-0.09063127626205873	-0.7855330922915806	-0.0018896250218706884	-0.16915542221991064	0.29622506558556116	-0.12633691017000978	0.9819083800902018	-0.1446277114910216	-0.6655834824276671	1.485692485798049	-0.19679875786116044	1.1633911907993333	-1.46618758783891	-1.1685037346849705	0.20253061142761908	0.12787429466070008	-0.9441993678610592	1.259629330749995	0.6117875927433212	0.18553789812113336	0.07194133722384473	-0.32987809448195166	-0.3205771467078742	0.7648452784716889	-1.0609140279667202	0.1919351017452945	0.23922868456291643	-0.8043263775148357	-0.3556609606613226	0.5336726720091877	0.06343941474232714	0.6267015004312156	-0.07360610791049588	-0.46862542902704735	-0.9180642748933999	-1.7782523038903517	-0.619611943969269	-0.268457097816367	0.9707437992422328	-0.09381750028182852	0.30461942621128785	1.1630737304755208	0.4251625467006998	-0.40482751254056887	0.7750762146897519	-0.34896536607878176	-0.0950878450041022	0.49726078074833097	1.1051976473971743	-0.637540396878075	1.1174912603649398	-1.05360135230409	-0.07723833897670246	0.8356266194282115	-0.5774399832746319	-0.6145690794465533	0.7080394045856381	-0.16686606075685456	-0.9248105480984705	0.2824721420932629
DTXSID9022738	-3.2208124682922823	-0.6533126099710204	-4.150375158891994	6.580456288120006	3.29988291784119	-0.8014909140764581	-0.9187069922938853	0.6093341263323908	-0.6546115172111996	-5.6524672738890445	-2.965636042849851	-3.8519506704282103	0.9687836230438728	9.857393350452439	-0.5827343234119166	-2.303414441598121	-3.1829615308659065	-1.8161922136288742	3.9088043936344423	-0.12523332114703317	0.7875456156945868	-1.1347364570438103	-0.26679634480841397	-1.1601960646820293	-0.04666803792371729	0.12624360012778776	-1.798303793609901	-0.5328569467239631	0.4393143269112368	-1.481191217985188	2.00874084599178	-0.2113447240586225	-2.2659979248518676	-0.24076088234329973	-1.3254430589849644	1.1469327326734486	1.2356276737979393	1.4925369208310522	0.7635976309564212	0.17311113897021926	-0.279998298006741	0.7131446946633734	-0.13098716502300936	-1.1971636506032703	0.09404665619747132	-2.031271111816926	-0.37947619534576693	-1.262983853868921	0.06959767247129835	0.5085554013231246	-1.2819480055628174	0.042820534067293255	0.13648978836359166	-0.5688675607688182	-2.1243755753972886	1.1839148596822124	1.8368342562797977	0.2839321174160901	-1.1720086900685833	1.5383257422048253	-0.800833542450513	-2.020360047626272	0.9116307025030667	0.4894977633111878	0.39272318482288426	1.0303196421760235	0.5844420058722231	0.0019335281895981144	-0.32657662406629356	-0.8675742258390868	-0.02852044514168992	-1.661870710405522	-0.703489912024054	0.05405568014754518	-0.500351884317271	0.45976183628474054	0.40504386525735714	-0.20290533431301674	-0.14575237486835904	-0.5688862276945164	-0.11264169383499735	-0.30341044848907556	0.5040162871630006	-0.6428556763557751	0.055661022575349266	0.28631041023060516	0.578657227432756	0.4799555253065452	-0.30058389210230474	0.06879638176462208	0.16109928975967197	0.2703873256705904	0.3464569985941954	0.46385033992888774	-0.24734369856400007	-0.14229351454650174	-0.19027246405374526	0.08061660280351605	-0.027605740635800985	0.3970241189414096
DTXSID9046815	17.654647789425262	-3.235729622977921	-10.075241462744637	8.88837707128329	5.0800708918884645	2.187910691184079	0.28853699701642094	3.7295722007885472	-3.512455914419415	-3.8466351755101447	-1.489278543107196	-1.6209679960478889	2.2007818599407387	-2.5040497855183705	-2.2030873159866595	3.064439359652647	3.001213177699678	2.1797027603614945	-6.185992062888329	-5.4308563163851185	0.4255592199068468	-1.2028320096171412	0.09561952694557996	1.7734313436287819	-1.6572614817654658	-0.9486807417951985	-1.8618702486052137	0.933316259114766	-1.7427543058104307	0.7713039517625059	-0.03283753885675355	-1.934474669061348	1.7895893901079254	1.0312025260740914	1.4836504459290265	0.3459217913471631	0.6034789729312597	-1.1745203181506854	1.3206054685831967	-1.4498767000497785	1.1712965731251983	0.061045888455313155	-1.2714216120460458	0.32940375420595686	-0.3714199587732986	0.7325665862281382	-1.4061468528708956	0.31782215638563305	4.137178299630668	2.085716140620057	-1.1357889718055516	0.7121134789271767	-2.3867052272295437	0.3073669789237504	-2.989883540136801	-3.148049362752135	-5.317636770482179	1.2191943927143547	1.890060967378264	-0.7442935398627499	-1.0394856469694527	-2.979510564633128	-1.0815251883300652	-1.8104085108210823	0.4272157027882891	0.519362964967938	1.6201288460922114	-0.6838353870789617	4.161626315561162	1.5744232126963973	-0.8579194416517739	-2.0052653546777233	-0.9410929288379645	0.016336753843765598	-0.7974218804472618	0.013392126108275317	-0.5238769492465386	-1.5188728278755435	-3.6869393699821575	-1.323378101981224	-2.4679813467556038	-2.403625833844036	-1.9622187350458966	-1.241095952207048	0.42888227871656043	-3.951476561163486	-1.6480549270317697	-1.5483869866359519	1.0664791730306935	-0.06368050969311502	3.2552896122042565	1.4875124313520292	0.14576695078328636	0.8413241307925107	-0.8835125050918691	-0.7241817302407508	-0.7065387824345414	0.7469920620335078	2.4613290519027053	1.4652919631700263
DTXSID5032365	-6.511081870267829	-0.692737363376658	-0.5793144536804151	-1.7059851291839467	-2.4332363564237056	-2.5362903234172895	-1.0924000271265943	-1.3681364905997968	-1.0074889827649283	1.6725159824192743	-0.8077221811799329	1.4089877168837979	0.3261282574010536	2.1860135206524145	2.4528760814602206	1.8056132753840193	-1.367490772397296	0.3580775301628692	-0.6706901869290331	-1.627099534589661	1.0762904201660906	1.522316012528841	2.07739279503403	-1.8471135903968636	-1.124337153688314	-0.9839010673521265	0.09129973765361543	1.0242576215789352	0.6427677541079286	-0.08476702757829684	0.20123265822960057	0.32138124174579885	6.0254033685594295e-05	0.71776147119923	0.4819899494609233	0.6450455632749496	-1.0480627082665435	-0.17374430722536546	-0.45997620156498487	-0.6358283756402489	0.3170304208671507	-0.11609495900338068	0.20729369487502244	-0.6645538300929394	0.8010994334371313	0.33897042394097215	0.1265815461303606	-0.6557705904024286	-0.24756765330870595	-0.36454253159606476	0.20541406106837204	-0.8147086753313567	-0.22977570895994973	0.38836001390906666	-1.1791997225666446	-0.1383541616649625	0.3228614903084702	0.08793287678331983	-0.16181534192364264	0.5008141617545729	-0.10240022278197614	0.21458564980770067	-0.13603246839770547	-0.13376847337790332	-0.1747238137031429	-0.03971127524217223	0.03292325428508421	-0.4869201518743217	-0.2244892641440212	0.7479552492219679	-0.029489766749213248	0.17624314308886124	-0.07087131932340093	0.12342392790395208	0.301862722924982	-0.12408638044666499	0.14797378802229538	0.27222259047308833	-0.07839148473255533	0.05911824017886352	-0.3354954240561917	-0.25415657616401366	-0.11124982075080452	0.10165355187270282	-0.013786240762879726	-0.20192670243454477	0.17159067244345774	0.08099394177591575	-0.0768701194788546	-0.12200857111987695	0.07312365894690291	-0.25562508551698826	0.04508311568648428	0.12977791219499488	-0.1973064318112155	-0.011400291121827581	0.3204969013140476	0.19387039772642412	-0.09780508589302096	-0.10310406109677128
DTXSID5040465	3.6483619421612223	2.751684218652905	1.3171604153274836	-2.3034974201925262	8.838160961463537	1.3931537438228414	-1.5706463116349074	-2.212759775961447	-0.12243155294370216	-4.269878339874438	-3.4428654241136036	-1.5340562165543516	0.8613985702573623	4.502729200417695	1.4314722605258778	0.6126037816503306	-1.532221065403731	2.162763154767976	2.55023811718307	1.4555291898100096	1.339572607688561	-0.587701726421135	-2.581196308460083	-0.8748713625202195	0.1919511528216915	0.49016854445814795	0.18387618172509348	1.6938360827837937	-0.2167795650638555	4.400948039417818	2.760695945391713	3.531163970528874	-0.8805576666366529	-1.6249827792668956	0.598763533321759	-0.5637514855970938	-1.2494182412817185	-0.9300954958424864	-0.5963723565555399	-0.9296755535624388	-0.20591570075477586	0.9711755737296478	0.08620589124542437	-0.2778649563694567	0.0622997577858288	-0.06996115051753965	1.7869463327874617	0.3427947546201068	-1.7634112077719524	0.022916118309951043	0.7383457941677938	-2.0444704784963106	-1.1569796343764922	-3.374857530069182	2.0299884020236623	-2.1875607413178217	-0.4929449431809767	3.576649610643183	1.0067006638432068	1.9111587803014856	4.1449931668701705	-2.455326592434723	-0.31660106087396916	-0.6307401917039289	0.4671119611200039	0.40006447983597104	0.7750229124180841	-0.9199606288902755	0.7693198842169263	0.5500242875432728	1.6073461614344422	0.4326666731901335	-0.9105689290035472	-0.2913445946697577	0.6676518625605286	1.221828874212718	-0.8480382895221834	-0.26665597560526316	2.0555773316748542	0.2787135604506975	0.812441740089925	-0.7642773849165284	-0.7446157790313687	0.05524205495743783	2.074374744778692	-0.1693457505392769	-1.4066663624556723	0.3298417612483816	-0.47207644515705655	-2.0306303886675763	0.43849735660644534	0.001220524476251171	0.0008782200308736205	0.5326639874290455	1.0966272465348819	0.030957708794314674	-0.3406361485984127	0.17717704012871272	1.714713699115057	-0.7894692417552244
DTXSID7022540	8.21576133928692	-5.624098453080205	-0.4674033447992017	1.2937097474575734	0.5160157086647784	-0.14411414322137805	0.4695475463945887	-1.4559339938128422	1.651821229267334	-2.273151174699108	0.9806850372424073	-3.1468744218827025	1.4926517735523577	5.428115746234328	-1.2838960254178087	-1.7260379791815033	1.173045561684522	0.38506500123449144	1.8107007245320972	0.7966633790851424	0.9666657352892488	-0.2008402636204749	2.0832801193230566	-1.9958913617525174	0.9703779426264052	0.27702170189874753	0.4213689452039117	1.4122229889044131	0.43330345285438954	-0.9415878427749035	0.7351030685392358	-0.8670473624313835	0.7043508724576529	0.4886614787428005	-0.11023935849832053	0.7457849919662887	0.40874828788269507	0.11237157655804372	-0.7778052805598905	-0.0416766348642808	0.2565240923578385	0.5362567281019599	-0.20605230180725845	-0.32746295304184647	-0.05055173437380123	0.21946858903206565	0.3617011568751999	-1.6939336036324513	-0.19188205926148855	0.0342429240768422	-1.1438882796439578	0.7001327429827634	1.0503677361163257	-1.6599446793817396	-0.36024853872223367	0.8671041135099697	-0.1665512898075211	1.2371139101155355	0.2767365817032621	0.4233272664346777	-0.2211324124260149	-0.8164497882081051	-0.8258616694585518	1.095758505484272	-0.9303089828549842	-0.4734391318115995	-0.052732665575704836	0.5272907437887716	-0.2519860683017857	0.5022876104967046	-1.8910784595550119	0.48474307209473	0.373475716352001	-0.167333881459039	-1.396836499249073	-0.04057933142816052	0.4428784308072478	0.9363949320907072	0.9082492906373627	-0.2738790403295305	0.16324458558490076	0.22715870607503127	0.4646497886771812	0.34987746955652643	-0.5656342811222255	0.44312445400760764	0.45222525904890215	-0.20682598622444892	0.023742621239766427	-0.33697206721455025	0.30674455447532006	0.8605588465717053	-0.3960806393467485	0.06504396330015962	-0.5626985980278897	-0.23079446072283105	0.3721190164531974	-0.4526708904957185	-0.02862797992526557	0.3749367107874248
DTXSID4045632	7.333773916912957	1.1882178206035525	-1.1097106464362159	-0.5464128119361404	4.94957593675455	1.0953532209614387	0.10264652161196862	-0.5676653978468985	1.6252017567391575	-0.9422455858530885	0.8208799187546367	1.693150959556944	1.7904873601317564	0.5107505025371999	1.3537897791260565	0.0767677175975047	2.536750622738061	-2.407457457402775	-0.9528692160219517	-1.8522740067454198	-0.5981694697866637	1.4506112246490541	1.417089637722842	2.5997091649463107	0.6245025352850458	-0.6992966922060774	3.5638265387204706	-4.145134943067236	2.6161017633540564	0.6921034458319493	-2.600842937169359	1.788335391484096	-1.363475836896323	0.30771306358570855	-1.6005173254791687	-1.9449079058720629	1.6653489090222804	0.6258085038119454	1.8001852938834182	-0.9607107214737882	0.3929977525386225	-0.24922268351949592	0.5881756722721682	-0.25370308679228226	2.3422410021690085	0.8868300315678709	-0.5806179147897987	1.042343552536986	0.4648396158092952	-0.6815719429782219	0.8173787683556187	-1.4178356965879841	-0.009282527885317119	4.635644247867908	-1.0478286968026411	2.0650023928433234	0.9767227406454928	-1.8853981004221159	-1.3164569710697513	0.47748721132169103	1.0041099401414473	-2.855612551916526	0.5176608442712763	1.0744642511399638	-1.5867893642366229	0.8472186661142709	0.6536494528063568	0.14906339786715675	1.1016161738288972	1.732596057914187	-0.41663186356801046	1.2564448989404398	-0.2916273361664083	-0.26174012383254885	-1.2842760433671738	-0.2921344046424151	0.03556399053667162	-1.4807502905876326	1.659055143795694	0.9897894293450316	0.779517653713498	0.06852004592022705	-0.23137775097538058	-1.4264757882622692	-0.11364916089115534	0.11168709584607678	-0.5313206531161799	-0.30352473797561974	-0.34377107387696826	0.5670139519922472	0.4613405476720877	0.43733787124127543	0.033583523000892734	0.441005168329558	0.28043084848088606	0.16470457441561348	0.10054523211250666	0.04021423081859301	-0.8965006059754022	-0.276860278580486
DTXSID2045783	-3.501461323509892	0.6486439515686756	0.754208469210842	-0.11566069466964751	0.32490628851049	0.6838783357175116	-0.7419173412357459	1.261175769125675	0.9508701502432453	-0.01911874826599154	1.8669117209743546	1.1847362634739687	-0.45935645550520554	0.7145006851952898	0.40556472716881964	0.010513339976071102	-0.9972093023819187	0.7253938394452855	0.597084442562865	-0.9445836721599019	-0.8513171180927238	-0.3130404901149143	-1.427263048284509	1.0365766706308333	-0.7497396627830406	-0.3250434450230041	-0.4578701769708147	-2.2787061692744297	-0.06716324268869074	-0.7789778576705585	1.2165989794829957	-0.3369478843246771	-1.1747835913164288	-0.8110042710203843	-0.8466673169943743	1.2717299425695137	0.04506876588054338	0.4002924477566384	-0.7991441247298917	0.24703110525705124	0.29495577407276363	0.15255272049204605	-0.5676197833520311	1.247089606126416	0.016309192850521986	0.31948165560667685	0.29610287582714573	-0.31752782003902336	-0.5331231550978095	0.0010992869688431445	0.04004824505234547	1.0421929669981098	-0.7263499700048587	0.767582240931778	-0.03949854343531006	0.3267823822027201	-0.4354950003497913	-0.9973370075036077	0.4010711485961724	0.01634821068426535	-0.34367406712093	0.06025296911751049	0.42469503163617034	-0.7356432002019871	0.6006590440407259	0.011994229983737155	0.24407450336330402	-0.04414146184709589	-0.4404453135198968	0.20831662081644345	-0.2724979194893398	-0.4048485992176116	-0.7104039504579468	0.12821577424292416	-0.2940286036929728	0.827126738195874	-0.4054138541976425	-0.5030780307144946	-0.11983969682451864	0.3508570035396811	-0.16155275857688126	-0.2279218678959819	-0.12758800668564313	-0.6991070218436692	-0.6979034500852348	-0.7717923415439403	0.22617007000832087	0.7917278229889194	-0.6652685333817765	-0.18461722620575202	-0.2977886131005323	-0.539141695738288	0.004600717037629818	-0.1342416970807055	-0.34594742237538123	-0.4955368873506541	-0.47486786684051224	0.2745474263382607	-0.7443887927133097	0.41883995943195307
DTXSID0020282	-7.4071040180092815	-1.1152372472594958	-0.07681852312028843	1.92789187121659	-1.442047933029043	2.55168388998286	-2.2260244684896855	4.226122943738599	-0.25122477005744687	1.57783638988329	-0.344568815939823	1.863381095626747	-0.31939746516725637	2.7949694664093143	-1.4601055822293205	0.7359917657406477	-0.3116854466301479	0.6283654446558615	1.3239354183834529	0.17226284333898573	-0.20899284954579453	1.2518750843982538	0.24096717733978068	0.6054522848504589	0.18309542565913334	-0.5439895909915177	0.3248813248179306	0.2928247460600708	0.0701802210540367	1.015285014072932	-0.8042119787843603	-0.5211729171747937	0.14514299064017047	-0.14814010488516205	-0.17119563600778287	-0.2749969520591565	0.0962772380506473	-0.4105735154853123	0.3280430323470511	0.06937966245458047	-0.4217752281125182	-0.7062777616255009	0.5771035031702946	0.05705696803853909	0.016804330817247318	-0.3239676656541693	-0.1013513673249675	0.70188956651417	0.7079958969650872	-0.5823582831201929	-0.559453437066425	-0.40631541267929894	1.4214551188310949	-0.032879476645762636	-0.29197283763271026	0.42137092781007396	-0.3168897783633258	0.0439840768969122	0.13883260376444537	0.2983927662371184	-0.34749469620236106	0.06048872812145088	0.12804791879138286	-0.17318464651859852	-0.6269173289129922	-0.3969119556558516	-0.397851777728685	0.22885041716505938	-0.635848102223932	0.5380403572916274	0.08777102831513972	-0.05853190400115295	-0.3382017538064815	0.1776920114469006	-0.09472729586308638	-0.5095593104382609	-0.07930464497669935	0.4593893503646365	0.11398535380943865	-0.13055739985602988	-0.30275348984183376	-0.2492743146312213	0.011804143695835868	0.3484412496919842	-0.10040958282870063	-0.07431802928207377	-0.06573935949012387	-0.17210034724457798	0.08565960410495099	-0.023442330903704536	0.2200153697319283	-0.23633278316729187	0.050977750469303265	-0.05711384789336151	0.16226515697575475	-0.20901191638421132	-0.054056459692542747	-0.22479295391103757	0.2961599569387724	-0.13236961944172046
DTXSID6048622	17.10190298739441	-6.250522707239066	0.16456026315979094	-2.8180546804873408	-0.9020488753746926	0.7624403476837139	-1.3764054716692067	-1.174002635056383	1.7896483633088827	-4.430725005143111	-2.463227175152082	1.9713996431671	-4.482130430350374	-5.076694437602519	-1.6641726922871451	-4.0764317457847605	-3.0628017038247277	4.10629189397089	-0.06675150121795179	0.3566722873778982	-0.26159263998681537	8.230480582187592	0.4556675616073598	-1.834862449650551	5.568731942991275	2.1840092486799745	1.317274827579123	-0.7366362120453307	-2.4852030195878063	-0.5221513402503957	0.2128920120289964	-0.6709512859742622	-2.3142064575003642	-1.5300601723342733	2.291582533572059	-1.2407087849785616	2.0704743151809204	1.0918099908859729	4.636693630843386	3.1005764660165864	-3.5023966437441265	3.114175798154663	-3.065849837027556	1.839381647791941	0.28783521641549475	6.247808935799657	-0.18782730064985917	1.6603664259235855	0.6515457941397577	0.8715413740596499	0.8963252002633189	-3.12485467902988	-2.1557444023548693	-2.3325924630728703	-0.8144055600577397	-0.6725770133369545	2.5901269861362426	1.3345534684843576	-3.895526604308859	0.1372056526847703	1.537418630607679	3.181632694900878	2.3513207606028153	1.0118766429187152	1.9993246139989058	0.9299492528463139	-1.0916080973403395	-0.8211438790958449	1.2935277174579167	3.3224193714004246	-2.535806791948543	-2.2918341204142174	-4.378071847835584	3.865266594624435	-5.45329636983482	-2.3506513515640806	2.429513538676087	4.334157344911407	0.07358104048125805	-2.0761007114580097	0.18472103043846774	-0.9285875382236652	0.8532582788702288	3.8560067682747796	-3.7438884630453857	-5.52234495747102	-1.6890185230649417	-1.5465242923223512	0.8251330059455367	-0.9401432139242272	1.9598388053461213	-1.1528416751122785	-0.2303030224112869	-0.5763427021691967	0.7375625219542234	-0.7522043885102542	0.5028305946921064	-1.352673363428611	0.3358122698679627	-0.22462691071007515
DTXSID3033519	-6.631621089990223	0.8933076098523485	-3.8584861924984755	1.1891617869585662	-0.7428720559710733	0.33895871075249634	-0.8476060692538933	-1.6151379026430581	-1.0779475156891012	0.8871213525065351	-0.3508909902542431	-0.24860696128558651	1.416654421882586	1.270831916350947	-1.2353596104253888	0.03717920738522632	-0.5453579140165696	0.7096815468577679	-1.105804681517042	0.7860132817017846	0.43557429869123393	-1.090795923944317	-0.5226952543524052	-0.9374902305625132	0.42694729329908987	-0.8882560762189334	0.7446325997686023	0.4028786746986988	-0.8619347430263983	-0.26687771883361894	0.9229784271609414	1.0835676696031948	-0.03469971765424397	0.4561885113055753	-0.23829377508594862	-0.4534348812402705	0.35518722119883434	-0.018890512103137934	0.005232642880497907	0.3982588181421717	-0.2553427324906912	1.441866024804812	-0.2028125520924565	-0.6272473590925522	0.1595012174430173	-0.01356363574661241	-0.40493313547442533	-0.3254589393663121	0.36169279128436427	0.009449886948521554	0.13779339453281056	0.3092945676362176	-0.5968053817676623	0.3619224582231916	0.4072795360407494	-0.8355966165700357	-0.5157304414309635	1.5350112043449016	-0.36279421001947143	0.213960875175593	2.125846688207758	-0.9195422761489976	-0.7780802738336428	-0.5403219600644742	0.5677515857222639	-0.4970541860557907	-0.30968955166794543	-0.057108577096433494	1.813157903858099	0.2502162119514824	-0.29287284261046603	0.13243880047611115	0.16577534105384223	-0.15256715247919836	-0.18588721071439537	-0.04089700761720734	-0.781158293050651	0.08656558746763998	0.17502653543735305	0.4173616291364585	-0.43374440308651063	-0.28224262935860855	-0.6954239830027337	-0.4091485411290747	0.5825119981514011	0.7296632391013784	0.25214577097049695	-0.7648538770590202	0.09588528151217779	-0.7389750015897436	-0.3845037108373041	0.5010253384616243	0.021696967061454346	0.3828030534261523	0.007496829030381871	0.13796986763875194	1.070494638026033	0.6325237960483069	0.06509928803701018	0.06379885721262034
DTXSID0047325	13.845327653342732	-1.5740400606067608	1.8344791948235712	-4.881855644043616	0.017175319307944106	0.8276375533098352	2.281035527739165	3.745254473123742	0.08314095725402235	-2.833555443796623	-0.7366387721966573	-1.7195463123474193	-0.8381849541402687	-1.8250802598453384	0.2936895477196249	-0.23845432911044784	-0.5427465877756581	-0.8348312732002083	-0.652269616142094	0.569652273919689	1.0526243613505242	-1.1333187671893232	-1.511228429881792	-0.33424614883380227	1.8010275761678873	-0.5288896355786962	1.2473545971242277	0.6888167193282488	-0.7069071281068757	-0.5036624972093247	0.0017649411382132491	-0.037405279734314636	1.2900021890919255	0.9104570693061694	-1.134519476580904	-0.9818191372385383	0.7589659365581494	-0.9960208555631181	0.17052096425529215	-0.10944774853216885	-0.8562878825810737	-0.26692003214544385	-0.43833547878293977	0.7664383385885347	-0.4546372376014134	0.9594689393667947	0.7833480407145201	-1.0859188429071436	-0.03542342201565777	0.9469309370378449	0.45760488218106976	0.7535995561279559	-0.6579084997462035	0.4444132070509794	-0.127405673799103	0.5810328637012993	-1.4930057240888102	-0.5700362636265117	2.4192821687400596	0.11085965565363623	1.9375001414888982	0.245640317101657	-2.2622955779885787	-1.2251838667817463	-1.197513451055353	-1.4249445518884325	-0.8144224313328289	0.11713671201142153	1.7305925196302185	-0.6817434981140719	-0.03813156791239589	-1.0495945469945582	-0.9240879474281954	-0.23148592867352236	1.1245755129723454	0.29754102068055405	0.9588625897359536	-0.004910099376607266	-0.3718367458780864	-0.12898915384320989	1.178655340391971	-0.06260809355048333	-0.23206273419614137	-2.331828882595817	0.9205896621910525	-2.222117646809919	0.9235371407958757	-1.060091868056623	1.7584026904701606	-0.21896455345903384	0.2337581496865142	1.314389720061909	0.992781481263626	0.9632994901982015	-0.2609727479546584	-0.07638495366508202	1.0293437197655908	0.815538802455484	-0.9892894540813673	0.21591811517114498
DTXSID0020238	12.027054924287807	-8.275575168774896	-3.889361868629919	5.3796462015721636	1.7860540621091763	3.3936767466381275	-0.9723928933903596	-0.008741487936620078	2.482278295737848	-1.1214906899450467	1.9099936815613006	-0.1357341192636782	1.076991046202971	1.5846144661321124	1.7140004478756983	0.7019819747397488	-1.2887155466363451	1.4896501307483196	-2.528750905997205	-1.7274119423299887	0.445548295148637	0.5108051289234601	1.5416387095598805	-1.786699990185045	1.903209676105803	-1.3141825825491835	0.1662705739190129	0.06935478070141292	0.5751348722702724	0.8796483265895083	-1.8111674730514913	-0.0025415245065620803	2.394318019508475	1.7895274380527884	0.5528052478723435	-2.0617180692651997	1.5515435325831801	-0.18667328893601123	1.545081569405787	-0.9167996670390186	1.1640624291801922	0.20250385217710698	0.13927691463470315	-1.339118246551739	1.0126168699023437	0.6691710426657884	0.6927590986211118	0.7183738298484662	0.4591449303833438	0.5838088614679112	0.5414229408848443	-0.2293193090160345	1.8209960383138641	1.4564600602834117	-1.5573372307400444	-0.16014406538143044	-1.6551876265164416	2.4628952089331695	0.6738631816252341	-0.4319750492291022	-0.9175887374377947	1.8191839053141705	-2.7777053069823223	-0.5066750554890725	-1.260099972903182	-2.542111699120805	0.5873014150379944	1.537374496499258	-1.2532668362703516	2.7721750361195996	-1.250690572448637	1.2159375379285677	0.1547705471231154	-0.8046569084230866	-2.642045030798736	1.1653971265578962	-0.041188362045439984	0.6346276109429838	1.2398669407994967	1.023001581702405	1.2190986164721818	0.05153455445459452	-1.3344560208078144	2.00317244764971	-0.563340104853515	-0.5779433227508101	-0.6882403512189414	1.5598865293677011	0.01916156513208432	0.831551182517725	0.9090554188379453	-0.3091198665774584	-0.8994593565992993	-0.9845019822305967	0.8724782815118522	-0.5634764955069207	-0.7157720119560621	0.9775321073182665	-1.2068148700758887	1.6451606576717426
DTXSID3044916	3.373598044449906	-2.100772957957019	-5.918519740199691	2.5713645256255213	4.288360014705797	0.26606937871807645	-2.4016112510800522	-3.8323884286284557	3.8232719264083244	-0.17566653021118162	2.151868740836751	0.42709823411930126	1.5637175022720975	-2.1656767806870882	-3.2669384532072936	2.34991031093996	-3.8830457911819845	1.0346990565620726	2.1120511530595105	0.9497537032203234	-0.5376016213201569	-1.3166702847751797	0.3165494108043392	-1.1938825414990513	1.3003034218533727	-1.0705018129299992	0.67168476402658	-1.8864118479339154	-0.21197309625685534	-2.8527013620675956	-0.2982334733010366	0.9363646016364614	1.6738536833331636	2.202533162368459	-0.9760011046529941	-3.65131992294539	0.7645215672438133	-0.43387942212943	0.380169516809235	-0.2400907349997971	-0.727622429043424	-2.7276012266768586	0.23201162478832943	-0.9814930964130769	0.31272071093992715	-1.1468128289692925	-1.3519602355239078	-0.10330631122049902	-0.84502804900998	1.9374659016941855	0.10532657478986149	0.07966549813639152	-0.568617040333994	-1.1824466333399442	-0.22830661839867095	-0.9931102544127602	-0.9320321154594039	0.07027856355333632	-0.29108451920778217	1.2494606601288176	-0.6601032093393003	-0.21241761158130448	0.5780134469084961	0.004593142538525693	0.05526550546667703	-0.04738684029213174	0.5313788828140777	-1.0333404901396637	1.0237134584632506	0.12766398208681454	-0.7646538149527556	0.6072583429085253	1.1851276474763677	0.4404921895663233	-0.0433105999822195	-0.5419258004551261	-1.363550248606648	0.3183761231729026	-0.040123301954206554	-1.3655959659339933	-1.1427819225275602	0.48855101430567377	-0.007324889348919298	-0.108387103170037	-1.098146337912196	0.2068180330291483	-0.5275239803750043	0.16505698446397066	-0.28404384139004984	0.2932534648997132	-0.26977103455528945	0.007153702642657023	-0.9282062659371604	0.85146583430111	0.044918255196302145	-0.19830177427326265	-0.4825380109186527	0.18555688278380175	0.4499273571323786	0.7835872502241098
DTXSID6022553	3.1159174413121518	0.45830774296853516	2.565516224634369	-0.3751782520750402	3.9884210945689866	1.2402313861777485	-0.5371976057645041	-0.9158449538923242	1.271163063883167	-3.3592492172798303	-0.7364369158971001	-1.1760954032204944	0.414306930935132	4.720202942907114	1.014723372577572	-2.213965188518092	-1.2616532596920131	0.1466021212916835	3.1277350485379873	0.29738853428256173	1.0779303385757542	-0.6228817282339273	0.05688136979303098	-0.25318989134121317	-1.37518974961806	1.1466012895938416	0.2840437823786158	0.30576730741999564	0.43714851351920814	1.436902929900129	1.8588130037850528	1.5080074231497496	-0.43778407534802205	-1.857498365393117	0.14595345443084634	0.6032408807393714	-1.484679474909061	-1.3760980264390223	-0.6434139752620968	-0.2614655766824756	0.045660509524812355	-0.10958166880202314	-0.12187317085809249	1.1904532589086432	0.3626669262958897	0.2175903346894906	0.9012364198986953	-1.370743764366988	-1.0045445797563919	-0.08813364589189382	0.27102554750278474	0.019551077683686642	-1.2399051375365744	-2.0738641024356683	0.9326452987099794	-1.7747050227488197	-0.3218186009986411	1.572769575949789	0.4273037320917532	1.3195578608634955	1.5814496754262095	-1.2156632202475395	-0.0342665276485755	0.6521112980819505	-0.313905848946501	0.24191997829749615	0.16921771068717706	0.3907290681396486	0.33640703291634166	-0.0037105010061307987	-0.13954554220417245	0.2570137637083879	-0.06356969192133036	-0.5104716239155959	0.6504746060202333	-0.3842386947534423	0.061116521201365806	-0.18646133620711358	0.9176463006322737	-0.038983117329041944	0.08241347258706265	0.5166379575144593	-0.4712302567699848	-0.18863499524254917	0.17297490060560355	-0.4520073040328044	-0.166647716237079	-0.18870263414543	-0.15572573324064717	-0.8282774338251613	0.1770428691067865	-0.11484944430352963	0.36059571560280995	-0.11304760844611375	-0.03176914475418427	-0.15615974296103255	0.11524024726164883	-0.10071801914582666	0.06638535799051504	0.1583666161106074
DTXSID3021275	-2.306061748965796	-0.9205354654672456	-7.16658763421844	3.0334217842347364	6.914938684368037	-0.8321445141954418	-3.1708212670587494	3.6853891947382134	-1.7511302140731824	0.2622041006972923	2.2962723663555433	-1.0140410606159231	2.3036960805658	-1.35561542488892	2.7309462171322783	2.4026158573028615	-0.9095612518616656	-0.33951190326932335	0.2500961950034808	2.3388008000884155	-1.9828547092343025	2.3117891008139577	-2.0688043325289	0.8704794199508976	1.4417648304126993	-1.7629954269029389	1.560923672970003	-0.7478946683602389	0.4498519888750948	-0.4364897275953534	2.480601427480231	-0.33285129870818503	-0.9964188220437078	0.6764936350826043	-0.14097197556519814	1.3615256144077221	-0.08946556981941005	1.4190812008052207	-1.1806771657488702	-1.1957801589617982	1.2020984243127704	0.5177236397322255	-0.8959472332043484	0.9689378236721096	0.8717989985919611	-0.022813620460647947	0.44019451948051863	0.2730238697134336	-1.0232704462087776	1.6118338827112204	-0.029171278760127463	-0.5770699556153922	0.7132507269775109	0.3906823754831145	-0.16107849547619707	-1.0243822490279706	1.5586361908486113	-1.441011856112458	-0.05751516602730542	-1.3419595157149333	1.2869622127177534	0.6693145764811526	-1.1991316782268429	-1.285612578589676	0.3965399279456873	0.2056204596433909	0.6919732649737893	0.9811388585915322	-0.5225745461096222	0.6621675827478097	-0.18904608070559106	-0.41748596174995056	0.847619036304144	0.07420288841618948	-0.028653443809422606	-1.1515607737946372	0.9761926196502491	-1.1756251711427037	-0.11182660114671988	0.30663791811934366	-0.15857884345002135	-0.4419978466712148	-0.6511577753592717	-0.8427258418136011	0.0766047176248775	-0.4447298353881417	-0.6633355203598481	-0.3573855852382969	-0.18733291045116615	0.10096450579382762	-0.11673742699659731	1.1194251147443965	0.27110652500416443	-0.31842789940247984	-0.8961677450653878	-0.24847190179265605	-0.22681249596521702	0.1939260794980334	-1.1037256078381905	-0.55110428468827
DTXSID5022932	-0.8017148549524539	-3.0337221213035015	2.810651200738538	4.084611442095418	-0.36297404727700744	-1.4716306441363993	-0.5323595479679749	-3.1628926506770094	-0.8161584143471953	-3.846525882472212	-1.2016817297163338	-1.2530304961112742	-0.3925599244782321	2.4043035741366054	-0.11059741257259836	-1.3395935718167618	-0.1395432567259644	-1.9073368068496874	2.897199144788006	1.9921180718907026	0.604402132484264	0.45441607373158743	0.2907983488110444	0.6638241044089312	0.04826147900855752	0.15341225900639766	-1.1159864655790448	2.493472066681985	1.6655289172183854	-0.4805860820445327	-0.04755647041032849	-0.02876454725467843	-2.0938387636751736	4.199519874695911	1.8111994017534794	0.8162081169947649	6.191428184121006	-2.0785260655972126	-3.360804003236854	-0.5402380132333225	-0.8284616958371632	-3.2243397792144717	-0.00024597206437925427	3.730049339800846	-1.2131634548329113	0.9729909304261939	-2.55911013476112	0.5095162234655964	0.9019324952913597	-2.243433598507761	1.6626627561126068	-0.16977602731504737	-1.55715110552458	2.761308510964033	2.409219186645782	-2.5906167499230484	0.7133713445087199	-1.372248019529979	-0.4274612666738275	0.6536732551998738	-0.07580343943571477	0.37589911856551694	0.7004416194526574	-1.0456706168434797	1.9309742983012628	0.8802832094843926	-0.01469900888902372	-1.3594305421555175	-0.16133222973773004	0.7291393893263746	-0.5975532130509954	0.40534381792680324	-0.9136570145359459	0.6873959959347723	1.4132132651200613	0.7056873171163123	-1.228305627434592	0.2677070399069627	0.2569135365085142	0.8072397400299494	-0.6693414892133484	0.26441685551506916	0.3097094197543633	-0.29932044494558974	-0.43533357525963823	0.5730635297958344	0.1413296698278955	0.24813930675519144	-0.31060879977018396	0.2037889823799546	-0.5379089981368069	0.2399304585185257	1.2733152614773913	1.2137322093799898	-0.4488737723709813	0.6314847488714131	1.0632018904911522	0.4198095927579386	-0.29896415728363035	0.192044907034869
DTXSID7023356	7.190229496161168	-4.803968355106505	0.43661931327125403	3.932616517133203	0.9208541731981198	-3.195403819848246	1.4761589450958996	-0.6482414376721848	-0.43144336262812794	-7.623666692181755	-3.025903542427796	-5.174408437677572	1.1608632493935525	6.26737946699261	-2.990858869503009	-1.7223448872074039	-1.3970237535371006	0.09508808172256175	3.8661255773960206	2.557662044051832	1.9847916953544513	-0.2644230737158828	0.4951272485380355	-1.44464702826499	2.575883196117118	1.640854224238216	1.6089898773000015	6.430071703818671	3.833912792606383	-3.318339284191278	-0.3559300930113446	-0.18997499786294955	-3.7848549638262963	6.783854570247726	3.6672888128566195	2.6465752046792046	12.576744303142718	-2.6089500102557226	-7.582211321928802	-1.0995194445783183	-1.9320660023874583	-5.19236360528168	-1.3062135125378935	10.13422015514859	-3.6646945371203357	4.436709760938496	-4.706945965724636	4.058476422520562	4.8202868874085585	-3.9780003709014626	4.891851673301605	0.7384626947437813	-5.671783718590647	2.617839984724127	3.444223689122946	-2.439538363804205	1.8391831617926586	-2.827002997970075	0.3438793719915006	0.9677073988128374	-0.6533295574773402	0.9754274035671459	0.902648581844134	-1.6238245158369773	2.1640516125884246	1.3500087257364188	-0.015359553768795128	-0.7308790648513919	-1.877945527167258	2.4251535592702345	-0.23254644170574706	1.316559430765857	-0.8133265465364452	0.0915288077515399	-0.904133276518045	0.33154758513994065	-2.5208126050519337	0.23116098630768087	1.341314506352835	0.8965259103591235	-0.783077165352454	-1.4349554823846609	0.9612764070591763	0.7413036727906644	0.0755472557678917	1.3479975063717413	0.8491229343412396	-0.456994326864932	-0.5480248810405699	-2.5053059147615686	-1.1234756059999638	-0.1767043677429995	-1.5864907646642288	0.6271092078062329	-1.032610833500631	0.9556037461566478	1.5552631124247436	1.4413835000073405	-0.19827701123659727	-0.13170564714137545
DTXSID7021106	-4.455424814621439	-2.826212248887999	-1.3317914771695376	-1.7538911083355748	-0.4204033391541767	-3.633427445735289	-3.1835224294641367	-2.0245712878301956	-4.842384287572218	4.9382506589762825	-1.2867533357587515	-0.7902508990806959	-1.3493519067384685	2.157487764135346	-1.5302044780119626	1.5570132013828542	1.7313546065114334	1.485472801134229	-0.46513713192905537	0.5494738045851195	0.49809042277216753	-0.12767170563538435	-0.18362360276768974	-0.02714683665598577	-0.778220270997204	0.4798742101470582	1.0201099687085684	-1.0254184290954713	0.3709608832857254	-1.315717687854291	0.5735771636588505	1.234217576646076	0.06891011557756431	-0.302723696105431	0.20019996729038647	-0.0899681929961662	-1.5173412618373416	-0.6729134430689093	0.6256906184978718	0.2126522882488191	0.5923212248809588	0.2065085441848887	0.6419833585296965	-0.28916124667907617	0.53310798335	-0.44078196469435865	-0.16946663268107431	0.43786832292586453	0.8177941786877768	-0.43710554822713893	-0.6329576906417276	0.1804568863675499	0.20802163734255566	1.5030245208100388	1.2262423503868436	-1.1797058123099557	1.4086816231043173	-0.3935301317924968	-0.770460361840977	-0.1334538811522626	-0.0876739853395124	-0.987380564876435	-0.2495937699825069	-1.3306887972321029	0.8112036280653057	0.25323294915757616	0.8074444903596056	-0.2209912693657679	-0.44553788678533446	-0.48310750816516224	0.6639678385727853	-1.0779371814773442	-0.6570530770729657	0.09613256127496576	0.27822653207143594	0.8621408669995175	0.4669040275813718	-0.20913504096298863	-0.5847855006276317	-0.2578053031461926	0.16941097932446403	0.7448738733516448	-0.4898218989153924	0.21860761648212387	0.23364125237651526	-0.20196214163584764	-0.18635865383598277	-0.15090654614576807	-0.7155481810466605	0.08584194976698803	-0.14139733216427972	-0.3713990609933248	-0.338772620278364	0.0884103110909579	0.27886316103468695	0.03200197596172174	-0.12124766700714934	0.2232675271544819	0.317893109671263	-0.2085623256613516
DTXSID8025751	-7.802228542742798	2.514628640125391	-4.182146614735051	4.442003390282285	-1.1124175707688646	-1.4242587348241798	1.2060345103522252	0.1734865571542481	2.6721962530852497	-0.16224382916824667	-1.6616113150306646	-0.3968386598071889	1.4025572252327199	0.052968753949747725	0.10388600049908935	0.5412521210466188	0.3389730150397503	-0.5943788311443	-0.31842968155066087	-0.29683432404787813	-0.5771485965021702	0.7913103337235681	0.19101134284551266	0.42490096382006215	-0.6177333277707648	0.03863367859789024	-0.3719669523712222	-0.4307978874823213	-0.8303478577000294	-0.28246522340999947	0.726023252530081	0.2061337895829828	-0.016155946745343493	0.2699066276626368	-0.24594204085678834	0.05617607251278178	0.40835212932478215	0.4256571930726819	0.23512700774739242	-0.7008022792719887	0.2694652801484544	-0.02879068120122354	-0.27314304466398454	-0.10910653773258375	0.331786702472883	0.34413743307672856	-0.7963825728618386	0.6201891380387635	0.8204658728510476	0.014761377701269947	-0.48893531969690374	-0.12856591256124486	-0.4090698361640405	-0.024388614766692015	-1.0142800689234481	-0.8698501026209293	-0.8040938864846183	-0.14310683132965024	0.43297646244383003	0.28936335729663504	0.5506932720352399	-0.7266928700309458	-0.1531413162705887	-0.8499685436172274	0.6602436234132318	0.007393211550148179	-0.3796260077904588	0.33985216145617037	1.4969935820581999	0.09160651424295335	-0.11212276362409122	-0.7871161702266514	0.0471169252515375	0.08844677307972529	-0.31140735771493333	0.4698521186641288	0.17183780889490746	-0.20042886261232676	-1.7266248338904002	0.025343814167028068	-0.018621959466034562	-1.222902643430797	0.6704681679395444	-0.031238293155756724	-0.5878177538462163	-0.47274675920573433	-0.7741173011211104	0.3314719574014439	-0.09268207455795632	-0.47254721733742083	0.5914117574142747	1.2616455691705484	-0.17743372972036683	0.41566671683888606	0.4946317460609027	0.2529866863402171	-0.382314004722738	-0.14870253431577593	-0.48892200059023017	-0.06760290623744819
DTXSID7021526	-4.937406111601283	-0.3692949628138973	-3.8174158929815794	5.504035867814241	2.2718372542638416	-1.5199732431058304	-1.228996020189794	-1.9828712446870327	-1.2527993817459138	-5.241539623778531	-3.6627358654894002	-3.2927845109120937	1.216416772036252	9.409006630549513	-0.6088813307604969	-2.493055410618594	-1.8277303967623868	-1.2877263710514524	4.398000410424088	1.2915824446040338	0.7205351360107022	-1.171216147012629	0.6907013312937261	-1.445523260361882	-1.4814348414478533	-0.04856541846719718	-0.850308618745601	-0.7091844888618757	-0.4545022162812101	-1.9029883365902167	2.4276996648632196	0.06828411857150772	-2.302007011478395	-0.24443010938274584	-0.9453910392743953	1.5350062394967254	0.6869440703164834	2.2396366208301406	-0.5585664883291098	0.4427914512712382	-0.23335827545267054	1.2922412888185038	-0.5669161176342649	-1.3434608954067764	0.12224163275941861	-0.6934167901426477	-0.39058562833131527	-1.0638463868232861	-0.5198500714821777	-0.4026592596265832	-1.4267335633272462	-0.2260014395339712	-0.5724059377905288	-0.8829751386619425	-1.4648007903583808	1.3264721919501323	-0.009885257301974149	-0.13090748542628744	-1.183873957893925	-0.016145345819405663	-0.33769469830356363	-1.4442396230920882	0.8430773642444547	1.104205960718391	0.4208817617809424	0.6066586442715685	-0.2478363350108713	0.020404091780228503	1.0073451190285143	0.5178703008950719	-0.01768864274501023	-0.6719859187678077	0.02162212765590616	-0.7712404919546852	-0.2111771869080109	0.2927383261213647	0.6127981086014637	0.2982691624458349	0.1132677073503235	-0.46046837247684363	0.005438123339770448	0.11068592793600615	0.6260187136751054	-0.28051644185096086	-0.38586601682708926	0.5955315791835989	0.5416373851266818	0.11308760452347308	-0.57128675371996	0.2669724821203257	0.0186048699160805	-0.13133137053474037	0.2946707503421065	0.5523379852577291	0.05382075040874841	0.153364620944714	0.02960524429478026	0.08043586266684383	0.5458167379134148	-0.034981487872343085
DTXSID7020716	-7.8395729524014675	0.07841607489406537	2.3093111875319456	4.3972590015101325	0.8228518857599182	-2.0075380889810694	0.8062280186747706	-0.9430048044015688	-1.8911989504852835	0.3748839370092739	0.16995661483576888	0.012353793382176891	-1.1007638354668694	-1.1725589780129575	-0.3253299345757304	0.6930949489424693	0.30144470328017875	-0.77894589755688	-0.6071705983463176	0.5542725934962051	-0.3640257066392026	-0.4272046930747315	-0.053874125370187514	-0.44710108194092996	-0.08302790208750237	-0.45771198586851486	0.047997205596787454	-0.4276207017645637	-0.1014033517413006	-1.1077177586044076	0.14472374937225746	0.7622936920939054	-0.2586196428886296	0.17866645133779624	-0.10370798239335771	-0.34642087380258046	-0.6351261804510296	-0.3469991745890198	0.2524477464937164	0.12457783591866328	0.023186714707262412	0.757503525785124	0.30691491342554905	-0.5380371942769426	0.34284881960553254	-0.4432549019395588	-0.6985713666153794	0.5224199196338771	-0.29503666012367497	0.3102461623826381	0.3043711233225864	0.2624039391566839	-0.17790373115815364	-0.09562109797852501	0.22576871882543845	0.17467029186042926	0.011794431312701682	0.7958623764006276	-0.9395400065137737	0.36110534917818754	0.33375714489082886	0.1270248011489225	0.13820094998430307	-0.39823325207394394	0.7124661640962117	-0.28157333146430746	0.48613283449043776	-0.005193514370117819	-0.07436887365577546	0.6701831812352771	0.16451829238991694	0.44924046656114	0.6122613519050257	-0.21005396351995376	0.310547845930575	0.2839553795686588	0.10488533953991211	-0.008642198903554731	-0.0076297255764883115	-0.464914414917556	-0.3344991124731533	0.3937196124521484	-0.45077315771811166	-0.011975822465612686	-0.025915419881770315	0.0813128332673672	0.08205216142841364	-0.13983789938733965	0.14211978708769257	0.27364013880823873	-0.10020242954951872	-0.10767932470830181	0.42875424408544915	0.027275248529777137	-0.022607391369439834	0.2071221310826554	0.3552995095478406	-0.11640955651169169	0.19069631172774504	-0.1578062572255242
DTXSID1021405	2.2547935872439537	-1.8434835086968062	-2.9162327176939966	5.122274897326364	-1.7900896834831246	0.6965428421432527	0.24556633224258015	-1.4157429344380357	12.973077692380249	3.5453335913802784	-9.28180970449225	-6.104290653648837	-4.350026409142739	-2.259215904025238	3.0176642264211435	1.6915588726215678	1.9950842186541828	2.5291506774802874	-4.638800254539975	2.741344558584227	-0.44203191131564745	-1.4548152134456667	0.1993599806984145	0.06755500341830638	-3.0723585812264336	1.9235632129615676	-0.7212443353940405	0.10860634148210438	1.2617707460126777	-1.6994320545811972	0.4412596746972391	-0.13431297510298942	-2.080573821001161	1.3608083714138264	1.588838167877786	0.721730547135064	0.8011362442274225	-0.7351786560724582	-0.9963911287701422	-1.5795731239218462	0.5553102774014447	1.219542262742762	0.3712162546720691	-1.1491124357195308	0.5558750045075121	1.2604476909976259	1.0918501565405547	0.5434735962571374	-0.8621215760532075	0.699637514875261	-0.1684325039408804	1.3146015134276636	-0.3526263792966331	-0.9250817405184679	-0.3718257625545224	-0.4604427972096779	0.5647124238402574	0.7454163448347711	-0.6643860815603304	-0.7327391046138982	-0.3879345427156048	-1.682670359355671	-2.0641573989681032	-0.007149446608656748	-0.2225458564522425	0.5031072174446347	-0.3131799621263211	1.1552776204196165	1.355944721275065	-1.053296143187346	0.36003412533727136	0.19951631252497848	-0.5192635323841944	0.2511313805100811	-0.529293360607665	0.6613739520919683	0.08583921190607595	0.4287190324594117	0.9983385541713989	1.0232569028702394	-0.4500221710083387	0.050106419183842905	0.5332687657005217	0.4346014704380151	-0.38467064545476154	0.7103278715113273	-0.8770629101485894	1.016973126100483	-1.8777175422045245	0.004354080827226477	-0.7276458985161602	-1.260419054557469	0.5495495402625548	-1.3625662387775024	0.9845766932229006	-1.0736572640809008	1.4007211819410976	-1.2854896426855622	-0.23748084726721572	-2.961257062546077
DTXSID3048576	9.692961780122065	-1.6348293449690416	-4.067095875447605	2.195784216034541	0.5382491198288262	3.240172530825075	3.3744737231016377	-1.042456265445001	-1.6210588374166113	-4.595377863899806	-0.8197046727024434	-5.384784430558075	1.0359273884064504	4.060421212226799	-0.9757123461124623	0.8353531060198178	-3.0850645776858	-1.2975963426132495	0.14176659291336632	-1.1031656220299952	-1.0655044131889546	-1.2308267549951633	-0.9186377979248571	-0.45858240809940837	0.4915330342955147	0.06681333710518672	-1.316655968355568	1.987570107143511	-1.1481475450926957	-0.13923141413958093	0.5634993202848134	0.14273588161107822	-0.5388412246517064	0.46011210935899904	-2.0575209408524415	1.240820365488255	1.3509682354088492	0.7195743302969322	0.796427411037116	0.9117889018224392	-0.648185434439224	0.08364878290294317	-0.6519444592029129	-0.5185818799450669	0.3565142369003708	-1.3922874541761987	1.1002415262690703	-2.856252614926502	1.4486538714910822	0.2419596153136196	-1.1230619606224863	1.0467609169178733	-0.022562375438008465	1.1673097106974395	-0.48580050803589053	0.6166620161929223	1.570346315437268	1.3954585451728705	-1.0795348284352797	0.1965711664969867	-1.571432650071038	-1.6462278298304494	-0.7457970948120117	-1.7331990793420677	-2.043886367763	2.673210346509127	-0.5156326683390311	-0.36010171630994947	1.208430805796018	-0.6962593449581458	-0.22173736404375383	0.9628576682033267	-0.8760184258584628	1.2049976260760409	-1.1910230123676415	-0.7773646556184732	-0.9470141526888555	0.5270301219099792	-0.9408702976752616	-0.8796386544272	-1.2772375060587082	-0.4395180802831175	-0.8160881672322834	-0.9980067892853027	0.06487005554294671	0.25689553946107396	-0.6216718327498193	-0.5217349175176886	0.5194989681945579	-0.82698033191488	0.6149633959729494	0.1237783657700388	0.12281511677389852	0.30923762677247557	-0.16248115408936947	0.40421424678592077	0.24814973150206346	0.5828628955131626	1.6706090944532597	0.38221290582457423
DTXSID5047667	-3.2000210770132167	3.9126522352045296	-1.262623202321575	-2.7065945880134428	4.565662614290586	-0.8597085734518395	0.5161597607674969	-2.0678356587670277	0.6231297584368581	-1.2583521929899748	-2.8430471170338696	3.073153898482159	-1.6107330043731207	0.3387273101947023	3.3233842039878607	3.4538929197536565	-0.7879501793548525	1.1294191804615366	-0.3312499297822659	-1.6886801667758686	1.5709548624700018	1.2618025380712026	0.4020932686278761	-2.539202527986764	0.8723885382188308	-1.3805280566444407	-1.3624078409298743	2.28541613940309	-0.2398937481695356	0.9598769729622931	-0.21486440130519976	-0.045638649944582596	0.2476540980992026	-0.539362140905676	0.4516998364864886	1.377736742893003	-1.3625837605220485	-0.3875518681688695	-0.8013542765568077	-0.11877918099369848	0.005495535134919437	-0.28805168982805635	-0.48315885116646884	0.35305893169851293	-0.20130886665842965	-0.29828607468337026	1.066178498188826	-0.7381599519120444	-0.9202869099735017	-0.3859110430495106	1.325975837463999	-0.8704157191849504	-0.7202926648195102	0.547155702608644	-0.90707579289535	-0.574984264105489	-0.8688855367452568	0.03831342633359494	0.35528346822499396	1.102755701576955	0.40338623647732186	0.7725750356630795	-0.0156117474468444	-0.13992098064488126	-0.11668081746461133	-0.596004943796004	-0.3239568303680532	-0.2327909791290356	-0.47471090299790736	0.015897700436950508	0.40800059626153135	0.49952067583749077	-0.06599787452463513	-0.22111714441001445	0.2063975328783531	-0.12299012912043442	0.14024839508115272	0.279900460030223	0.051591300154397765	0.364010174632768	0.011134973732729179	0.27413113945175116	-0.5723544469889531	0.3845455975508502	0.6986856518268866	0.2305954350606319	0.06786426703658609	0.04084242225089784	0.09869523167981945	-0.49147873089930155	0.07759428764910128	-0.1339955606318459	-0.26751331383387633	-0.02526149579001454	0.26549545775667693	0.021991327957371853	-0.1875987291155028	-0.11985644002937791	-0.1693929066960814	-0.12666733016577875
DTXSID8045694	-0.5364401350440389	-2.202069157568354	1.2723600785865832	0.9248149153645695	-1.052429588450723	-0.24520667625931258	1.053215359820099	1.537622431778481	-0.31290680179701513	-5.004072012760936	-1.3092165641214952	-1.8140642446020192	0.5599499997631725	3.4609159712096202	-0.6599889263918004	-1.025580068972875	-0.7915576006591052	0.8553523525139664	3.1922957257626456	0.8182759591451231	1.5352875567647044	0.45356042402620933	-1.4508278877611518	0.2517686231459672	0.7649125029460994	2.08489877888982	0.4464787832418309	3.379897809580893	2.343987313377067	-1.0638102657141906	-1.1395988950680855	0.35077705805626375	-2.6286933612782	3.0559320225381756	2.076785528233234	0.41040829655465433	5.850999596442783	-0.6745094464701077	-3.7886608155452857	-0.44866957605111896	-0.04799624877115299	-3.2737438067687523	-2.0118753005463117	5.968889584134243	-1.3768854546722935	2.8600273326123773	-2.9666001764642806	3.0021064370164674	2.7834937147368537	-0.927904672740126	3.009221811407334	-0.21682898873337147	-3.9159547950852547	1.0543324187732146	0.9090601525111928	-0.5209597095015115	1.6025533049603857	-0.42663692242641127	-0.6000940592101964	1.0336507744433863	-0.8492885224766664	1.282038018621077	1.2900707178628525	0.04474903612709183	2.1319770510935103	0.32080882286787177	-0.24088494257160717	-0.7836173678713676	-0.009518399461752463	1.1776481414207889	0.8312691085667386	2.021403562571401	0.4277223756269995	-0.05086086807815704	0.8310118403189807	-0.20606164650988898	-1.1784472123278165	0.5057198817807392	0.8283067062107377	0.005264596398540754	-0.49708679594296706	0.22125991627206948	0.2556767580546897	0.41570916726587376	-1.5777187451971943	0.7390606875370103	-0.694374541110011	0.6774120687329067	-0.0175570985279978	0.09965812581069523	-0.2552792616769074	-0.4586652019471458	0.018456627544622697	0.03661361397884366	-0.6266714466422205	0.7994065378870294	0.8800538225362893	0.018658077695163765	-0.5320869334715661	-0.12837981704349802
DTXSID6041426	-8.277657292971014	3.6070352966431236	-2.150417207335359	0.7738081631102183	-1.127862309000586	-0.12348451744005488	2.091005856826686	-0.687556132087751	0.4357818583053082	0.4790496496827781	0.3607123240287271	0.8204039468837337	0.8905747872236958	0.5245615203160006	0.10479781166938353	-0.5563717804846734	-0.6430423711148536	-0.8769783900907185	1.9241871326013502	0.6041516289825418	-0.6253581954652362	1.1702260177495398	0.6759573398199742	-0.6418850484255426	0.4636701249921558	0.488949616118571	-0.059882655009432434	-0.4027188123513492	-0.26985408210694417	0.5343115291612451	0.570998301637821	0.4609382872259044	-0.1566015787237145	-0.4583896945026591	-0.381467595156564	-0.34577125111792884	0.41138558519974305	0.5611096138789892	-0.08884258698558395	-0.4511085822530214	0.02107159757092153	0.2330208545029314	-0.01806419824914303	0.09273036691591963	0.33933835512549526	-0.09784230585842052	-0.10248680190593673	0.3212118204829867	0.21162790434168405	-0.6372327170642942	-0.16734530398690825	-0.7949530188366576	-0.06614010707850783	-0.4299046794044545	0.4000711314143709	0.12945287923017543	-0.4897278744696095	-0.17099984740105217	0.04748544351783043	1.0283031384662211	0.41232779639360023	0.4408682115156714	-0.20954518653019064	-0.2218936039759533	-0.04466800894929756	-0.3265963561684202	0.4090386418343482	-0.44666889291427064	0.0888313185254655	0.3030947347995038	0.6537217800298094	0.2510771532268766	-0.1961031398423345	-0.9299190657627189	0.06808189558172664	-0.0640789885271803	0.6450673194215464	-0.0022232467497331643	-0.07557387808327201	-0.8307974743232	0.4114776759325301	0.0676694970941298	0.6333752971900513	-0.27499747399200014	0.7328726325870827	-0.5573811933819082	0.05462892098194774	0.08514375066833026	0.6250730269000134	-0.2736533876906622	-0.201928648619654	-0.16374343275546266	-0.14952711519310344	0.1834523179815231	-0.16035314316221436	0.33765113764435256	0.2159228779292164	-0.27140848022557473	-0.9075235028876423	-0.31609832131193305
DTXSID0045094	20.5343952029258	9.494487493383724	0.5634409001063132	6.361846358000685	2.063435960356437	-1.773015453131101	1.2670941569091685	6.956293039882243	-4.019365382391882	1.4666528166998496	-4.265090739015678	1.0006705849124153	-0.38418938455306145	2.748410981862766	1.6503889387662591	-0.8258261386661626	-1.5225865970435384	-0.24601332286289876	3.5037907039530642	0.4636641316290069	1.3543653556483628	0.38076116111562947	0.9925632779113556	1.4895999928303478	-3.4595180641785763	0.8736995718567199	-2.3916208091144395	0.07160852535926229	-0.08363535848600459	-1.0696286014997238	0.624127416980259	-0.385208398691849	-0.7934888560730476	1.215834257700476	0.926327687483326	1.1268617592320591	7.940510058078147e-05	2.252426846192548	-0.25283667533275084	-0.8621101898074928	0.629417250231756	-0.2570238691666349	-0.9128751322793405	-1.6333049824445436	1.0751775076097771	-0.0035876516741971828	-3.2017185043573964	0.41379300994967283	2.240189048843542	3.0271093203960935	-2.4151924090592254	-2.2356434535114373	-2.5482845538108383	-1.178336985434684	-1.5019259101795879	-0.6733257806076783	0.7962097169427048	-1.7811308260509222	0.12403689014753469	0.08756829274208536	-0.31722079886856225	-3.939060251519461	-1.2918861511661361	-0.6550092027880546	0.6801438862042845	-2.4744766199344896	0.633992275848319	-1.8703582105951997	0.5408055531694952	0.7843469625377213	-2.33294062356885	-2.2752324053291173	-0.25772557693581233	-0.9517690223282116	-0.287899987808785	1.007101785995344	0.91410450580759	-0.18088082250027407	-0.4039870201125422	-1.3956132395073526	1.2336940696739351	-1.8409014564908173	1.0837893673844075	-3.139264071037423	-2.8343474349325093	-0.1882213921991624	-0.048314950880458236	-0.4602684423308124	0.24789457935325163	-0.25073311525466524	3.046930368239018	-1.297591967632995	2.651485054624465	0.04906199379531697	-0.3167603149218655	4.332257111657968	0.2232580971002127	-1.0583695874740608	1.242100258385769	2.878522539502093
DTXSID2045860	2.3929448353036085	-1.8075693849450292	5.889351808514087	-4.854042434290082	3.355185494990697	1.9008518901332645	-0.8620986744905561	-0.31182904100532	-0.9270180694774701	-0.17698736576296542	-2.1142271579042267	-0.6126195695562179	2.287564148999549	-1.176183238606323	0.9170049552710028	-0.15405575525061313	-0.3056975566037855	0.9244908549738305	-1.5484689748827607	0.705080848112246	-0.1775345237891871	-0.7835965547688908	-0.3921789635866012	0.3387395184303312	-0.5534995338732858	0.6396097102373631	-0.18749104719416337	-0.651242578713567	-0.02072596471361288	1.2437654866849879	0.8400849709745405	-0.1661387984365426	-0.14016611757924988	0.4552178655127124	0.47928999424202434	-0.3887814896607112	0.47149422497169236	-0.44881322403197926	1.4571769475914251	-0.27511896623254006	-0.3608726262174789	-0.550216167141534	-0.07909416253431248	0.39547093484496615	0.1931284546482275	-0.4970772744563067	1.081641455753111	0.28289699933862017	-0.002268874208389442	0.06466753734400321	-0.01401445524951592	0.32750925564224703	-0.36535404483031025	-0.2927093524175665	-0.43982704072721607	1.2470069663178207	-0.39610335014910675	0.24471714505482364	0.46740404160613275	-1.1176932604918717	-0.5873435066506899	1.2856853167640687	0.26753981768953305	1.024336442869681	0.626119346549991	-1.237057999047554	0.262706267409966	-1.5450364814622222	0.22185092061327938	-0.01244015856652642	0.6878271557348234	-0.09932328119270344	0.62209470065943	1.7887717942602892	-0.253966953058827	0.4389002710813594	-0.11608153276177308	-0.0378405551038671	-0.8541075263744978	0.16292525411875367	-0.348451111281456	-1.5780725826674133	0.40305150475193596	-0.45747899708160317	0.3841745086337802	-0.6903435878611741	0.5219951133229196	1.1215843282662286	0.7826279533882261	0.1379167588256021	1.1096346902716956	-0.7273727897206465	0.15782009725441468	1.4722450762196826	-0.5219553931362599	-0.12431106799946687	-0.8956618202136649	0.0802009721704313	0.8301054257752474	0.3395690335001824
DTXSID2042195	-2.7896593068557527	-1.7183081750638292	2.303729497510786	1.7993467306211088	0.6212981735078529	-0.07687259517038683	-0.026385046755920086	-1.470013019346102	0.12816968356056066	-2.995989409397699	-0.4703555331724332	-1.981798037652703	2.0979873124178248	3.900388509555113	-0.406985742802905	-1.656195518528357	-0.5856440321999581	-1.0669314477445122	2.7506760595462834	0.6482621959143218	0.23872920674359147	0.07310361740924237	0.7594654562031783	-1.2025844377054167	0.02470012757496041	0.2741660986673011	-0.3766474572996708	0.29714472680591997	-0.46494588089239824	0.14275534665130316	0.5373862747767927	-0.4189704502437887	-0.7423204511054979	-0.04092876281027415	-0.6531945190336966	1.5026728786085295	0.13126316347940525	1.7704646386885408	-0.19124900372334377	-0.18735252158931853	0.8436014184042717	0.22034357229267515	-0.8079557285099312	-1.1760197740620013	0.16922170392713493	-0.33037768036312426	-0.2686468731976613	-1.0907845173456874	-0.02014683715278573	-0.16695300719651848	-0.42954586720292903	-0.6747504819817015	-0.5538721393534976	0.007407807129746372	-0.20936621061792524	0.24967142871033632	0.7736065159870764	-0.728363533600914	-0.5707825858088779	-0.09999994804174399	0.17773760264932786	-0.415820265924476	0.5024866795165731	0.8879782099362672	-0.061942119948001334	0.8854017301055858	0.23164512209415358	-0.3709710223749055	0.48329555268239427	-0.7875822290810061	-0.3803490737044099	-0.11652990582725128	-0.08537070322992031	-0.5308636284593939	0.15797963690849562	0.5618418393742829	0.6625449974962269	-0.8830134237827906	0.34722216142377166	-0.29328637241554334	-0.34618012518661734	0.2727630272620681	0.46665447258421633	-0.29793980516633023	-0.9368085396601903	-0.09755088184242305	-0.20495308675634402	0.19645021713554953	-0.8199496924575834	-0.3118323931700059	-0.2778240267228288	-0.17095734087189746	0.4905148090742433	0.20493398485106532	0.43287247231131576	0.06102950244203668	-0.23749381089867608	0.19335719351749986	0.33011453461804013	0.2549863392580349
DTXSID9048726	21.190431600891188	-8.15150617991719	-0.749012310268393	4.514133071631392	13.77696659998771	0.09677697243057684	-0.9296658653708652	3.2434351182681493	1.8774250919388151	-6.990173346937221	0.49243152786228184	-2.7891993731660083	0.2000902495939862	7.517120630125479	1.0526514975789087	0.15866129294178472	1.6599412313378643	-1.3193478115862094	1.8288774397057759	-2.705393806098712	-0.5464741460015577	0.7678962018605605	0.9912561291997657	0.8184677616222239	-2.002475355614963	1.1783376084857602	-2.7717379495144856	-0.8625478388636371	-1.8020485289367085	0.36502917963312104	3.0310905486003827	-1.1095671360099373	-0.45282940861882215	0.3742568811086917	1.2338555492562684	2.316387597752875	-0.39187747149849045	1.5281156487359533	-0.7231550510240786	-0.1818324998620043	1.7103004668543953	0.5254746891204778	-1.0286803743115027	-1.5278657895887213	0.4436903490559443	0.012318026110282815	-2.8743961393810262	-1.4245251832014103	0.3727601813483484	-0.36721188924797077	-2.203746243242524	-1.0052222292615416	-2.279774596394086	-2.519582870140743	-2.4275467657517305	-1.3153241819966524	0.7228026079205211	0.4621697808619933	-0.5159808417599706	-0.9476788687976433	-0.5236202818563893	-3.0334702715323982	1.576311011760176	0.858009280570535	2.851583146273525	0.7991270495387685	2.156039025181016	0.6095422081007229	1.6799434205749655	1.8784911307916932	-0.425813236093399	-1.2804432586300754	1.2570785777438278	-0.5431462749448448	-0.05144119996047599	-0.30968860444752944	1.1004927515724303	0.7178406525861414	-1.8935853398691553	-1.4853448043430728	0.9094295523901008	-0.6845510394297804	-0.9735211730203576	-1.6411238612511876	-0.30886303522607245	-2.6047725204144965	0.11353795036568055	0.5817386073686641	0.27086650862178097	-0.5476520874656067	0.06623920133678979	0.39725639696826814	0.5206023443657242	0.8899107317373144	-0.6661143560697897	-1.2939933012937863	0.8723418437645822	0.32806944702162255	2.029943379241342	1.5824061358981643
DTXSID8042424	1.6972763691687804	-4.808753184849412	0.836924897512089	0.4327271075528008	-2.3831280193527884	2.338739712852931	-0.36772768135830913	4.116503769988945	1.5129073049687984	-3.1521555694031047	-1.583093422026172	-0.2831031516372696	-1.8509696331812242	-4.412738459624005	-3.2394340022112775	-3.136542716215114	-1.7182095984171277	4.567297064505975	0.870233312171535	-0.5389950668412894	2.3116774099022193	5.198639763056285	3.8634542865862898	-2.7148719325967616	3.0614673637710705	-0.9601136505091876	0.2216629842394731	-2.0007296146613935	-2.164293711582195	-0.4288669830798776	1.1465192189025062	3.064779966537378	-3.07883541230744	-0.642527147197416	-0.6846973530083905	1.200340416429995	1.8614019530476522	-0.003227009473562258	0.7853639954651115	0.48734827184170326	-0.24539841991930383	1.4194787733245968	0.4330048476136182	-0.9300092659038013	-0.7797594813443444	-1.235961423003299	0.1794495522242183	1.5830714572316413	-1.8504218964065755	0.22222911872020068	0.11803856300263188	-1.0911442301033858	1.4471156246262518	0.8332728526307511	1.8973731142179515	0.6486198401532023	0.9809527820766668	0.41650187242928793	-0.8830460520441951	0.5074333068905079	0.9281624923789882	2.988140996811269	1.7326347753204465	0.780041275068911	1.8610605643197142	-1.0187780654227103	0.09938909856282824	-1.5762958972567178	1.1717054660762125	1.6771781317767898	-1.8846639530673293	-2.37593714104188	-5.826997959719749	5.22768337116468	-3.3317153707595097	-1.9691507903371606	1.6594769546651538	3.3637567267516566	2.6476934594964256	0.540369839565138	-0.2723798506433063	0.6385484200948746	0.12802063748324363	4.354910783638407	-4.799228961311802	-3.22313891849745	-0.34457110495638277	-2.490616344122789	1.437702127100917	-1.6565015261626308	0.9879249386991542	-0.8659851354887781	-0.6131934236867046	-1.7558400208718898	1.0176862676824712	-0.22781248461695036	-0.4522059832725192	-2.3994502668423823	0.014257053028343446	0.30657209314893985
DTXSID9040716	-3.152647871342764	6.341345609785736	-0.5140279944984794	0.032083652227515386	0.8273139099866489	-0.408697259563252	-0.06740720416285285	0.08119178435516493	-0.49018796219627137	-0.5617008206185489	-1.0551123448625293	1.1750323750486649	-0.5118237783601486	-0.2917428155363427	-0.2612768618756086	-0.18009470749533735	0.25925335837558816	0.2201702217939317	-0.006334307415612651	-0.33991262013169804	-0.30043653168297	0.27574588557536706	0.33845114549739147	0.40660344802811943	-1.2059712548796553	0.6979667379784452	-0.4297584586200219	-0.4789383528515926	-0.08211859702253374	-0.35842738345419306	0.29276319061653805	-0.36942027246540365	-0.1355579573854623	-0.27562844055159247	0.7069411378081767	-0.04259699309768238	-0.05980975819939763	0.15558701894321336	-0.1413749325863991	-0.7647538868681479	0.4525042925631444	-0.4827190368903651	-0.2462447422674262	0.10828982602275852	0.5597668884544961	-0.15359282024960696	-0.5309514304478735	0.39719927883708994	0.447765001984545	0.22923915825764224	-0.5235714984187613	-0.7532354505050627	-0.3775449663263817	-0.40208510517483453	0.040808475884164475	-0.5140901412299971	-0.33267440195811065	-0.6074466241481709	-0.31391298311915505	0.20192652599383973	-0.8261536511351572	-0.16560242938887434	-0.7172842428505207	-0.008988472033195041	0.13795224861162583	0.49312237025271755	-0.09208834955914937	-0.01828278323082204	0.5696173877758065	0.48619470767715434	-0.41988182872182356	-0.4291861360820625	0.29204722634402824	0.45101079586336873	-0.13710273113580382	0.4119439534073819	0.25633014478250854	-0.6207209799396477	-0.01439618359273172	-0.16040570373592772	-0.021068016296620747	-0.6539714976496834	1.156244120658403	-0.198991462834209	-0.1501748448496472	-0.33248816773458695	-0.018304106699223666	-0.18782961485458977	-0.3008757394701382	0.30052150802540045	0.2814463935786544	0.8605733118768716	0.30732536702680613	-0.27666856258162614	-0.16002784836275855	0.639271962879292	-0.014473216768653086	-0.037755571732244704	-0.31424706548636977	-0.07806502319033176
DTXSID5023877	-7.275082435857329	-0.4514561495162316	0.47673173763699883	1.7673036703584462	-0.8283037896549703	1.8825139142232057	-0.2502242536609748	1.706089519635424	1.266484897795354	0.7097446912608177	2.2357111820986213	1.637593591563207	0.9557440046152761	0.9792947118799179	0.14045062807635478	0.6785660848667084	0.35689989318239324	-0.44195725792998436	1.7929619728443822	-0.9985888712060095	0.23441503394222293	0.29067709954782367	1.0266958102455228	-0.29407227823049004	-0.38279705336231906	0.33387701703995315	-0.9348977194638712	-0.714452735826797	-1.1557380397811872	0.192350793044784	-0.30674493848462686	0.3952288172059014	-1.5015199601376514	-1.0358015301544314	-0.3477332502189626	0.334472976926466	0.4773124721795021	0.6046038502307872	-0.6537378829239997	-0.22746097832944884	0.5398562027848913	0.8926213361028307	0.21246929108926488	0.5130332027417196	0.045559791209388655	-0.21063429659775634	-0.3435970029907569	0.9783361739550398	0.07756064813836441	0.020693037485699114	-1.191668627569725	-0.39623259235517805	0.1745757879242261	-0.2131288043022009	0.9857817220755729	0.12583551378784325	0.31930849642375286	-0.4066352202493738	0.7498522266589768	0.7860456450259272	-0.8074563231061392	-0.21419024181840604	1.3146085635363707	-0.024465620165160996	-0.34929203834999734	-1.1689077490563282	-1.121930351945913	0.9595107642151007	-0.32075259053668065	0.5911592446567386	0.43047431053202606	-0.5011947535768584	-0.6034967807558815	0.9695881275379304	-0.2246480167365762	-0.05668322875281126	-0.4612643099996355	0.00038442509519963196	0.044751511516726725	0.7027286342758975	-0.0782565642166776	0.2627727413646395	-0.04287323322458006	-0.20586280681137717	0.2411947124607146	-0.17385913326496963	0.16189551769617683	-0.22731189557040382	0.5735613212290154	-0.4102908677765585	-0.049023089153181924	0.24770500076731358	0.2601872543421116	-0.0801500380740745	0.06195698587584969	-0.2913249206693181	0.10282803733707341	-0.3516125331418721	0.05387680545973658	0.37198568877352267
DTXSID9057767	3.5071588423372138	-6.411316376768646	-4.480716642617088	7.425733932553312	0.8230014027818962	1.5201787317618554	-2.4532631863386376	-1.7499320044798246	-2.6286298604856517	-6.962846518932009	-3.8437143603640926	-3.001266392122964	0.80126321894898	9.533850393936943	1.6662944490300249	-0.007193303023266596	-3.0488142747951152	0.5887767114496218	1.759848554605067	-0.08047068889196675	2.598825237361588	-0.6020000270349161	3.0395659890656965	-4.077721024951791	-1.5383150731248287	-1.2125215847766797	-0.22717182324392166	2.3172858193774566	0.9009763878941469	-2.4525444525708195	0.11522201335352433	0.294476972636925	-2.1560673021194856	0.250011861809181	-0.583891428612437	1.0104697399922697	-1.5301402029592295	1.7493642231996278	-1.1886694919877066	-0.5463192524338176	0.40728141053601175	-0.20531005546976477	-0.09742375649723954	-2.005742458425652	0.8333133320620253	-0.5915463026136106	0.1370780247332609	-2.337499782171832	0.08285348938080146	1.5861308012951958	-1.068185172981366	-1.1567253801937787	-1.9254476304162749	0.39061315609627867	-2.146767275813466	0.40723684379608	0.2532947867571013	-0.22042705825319117	-0.5997230633935263	0.6454603208050491	-1.4210883544693578	-1.4459737324695288	0.5335106729285105	1.004523316540073	-0.06487290890249518	0.4719561365501935	0.6607240926982438	-1.6764474615662734	1.1832396483816245	1.2557200241742477	0.9946545153358043	0.39889694127249314	-0.8658116339570624	-1.0522657166679235	1.7565113202866975	-0.3628138205348713	0.888470062379406	-0.3483458602003565	0.1594376499277754	-0.016830188774354927	-0.9630584459545352	1.6181514866761288	-0.16826253014730225	0.2636814299836204	0.24446087719229065	0.35718338888014023	-0.7885095312145182	-0.9219504887558196	0.3659157399336243	0.909923864923785	-0.10612117591635951	0.055661031016413884	0.4538836178806737	-0.9562417621892003	-0.10602442495403666	1.0926895423481742	0.011235424746539229	-0.030806790622225584	1.1335468707496617	-0.5040895089124261
DTXSID3027792	-0.4441728191086553	0.10883526911707803	-5.567809981584544	2.827563071245009	0.43898648552954767	1.5468464468972267	0.07487998005968649	-2.647361546153217	1.140113263338544	0.16536974466349144	-0.5859183847839154	-0.9511727469906777	-0.1937679123456798	-0.09870073942624956	-1.8753550884529144	-0.8079904441364225	-1.3842356985894577	1.784828891413143	-2.087321401600613	0.05553256152483289	-0.6625393483993004	-1.0532803102056256	-0.4651233719920097	-1.6800847992247723	1.54695618148415	-1.0873731437860668	0.41491549466080746	-0.12187011086726797	0.5654570547720579	-1.2659466936550805	0.1721692552401507	-0.1335005956898981	-0.42609142079683804	1.018189873430652	1.372533229659062	-0.44375700122941436	0.738914231030084	1.2824815127933347	-1.9277749464465685	0.10531228901885306	0.504817184824576	0.9978771727605668	-0.013961604233654704	-0.8917409342670198	0.473988505510774	0.31093097448838847	-0.25835552845818754	-0.6976794208139925	0.3976918014326337	0.07157498222102057	-0.6248005125402915	-0.5716922129005266	1.5103821218996376	-0.5995204314573797	0.9655439618229253	-0.47547043079785073	-0.08181724822904182	1.307444090134416	-2.0675481111219476	-0.1853574704134357	-0.783265984187004	-0.2161961961203873	-1.5512675255906618	0.3141725969958287	-0.9360852807344656	-0.6389006486620135	0.9434358011638608	0.3547769025977513	0.7202256607521821	1.8199467432136194	-0.4283035956271081	-1.3877325443339792	0.7458852827017178	0.8727861629757384	-0.24534837155252626	0.9083882321888065	0.26019697498438304	0.5791336189938441	1.7189344740926022	1.2644778003355082	-0.23841136094859708	0.42659449439745045	-1.8997620446087031	0.28417288736055324	0.24979551366892666	1.118778123135264	0.967299125034353	0.5651320223117874	-1.9900573708611542	1.0378606527765197	-0.11984896338519914	0.4352368646354141	-0.5102486981724792	1.0747893751840547	0.1614350670941278	0.8314372708541018	-0.8999813138728888	0.3722653362863112	-0.6031855043968438	-0.42823214310494434
DTXSID6045377	12.776002950961434	-3.3860234488660566	2.8943367313217387	-2.12610911986671	1.851216959099607	4.903447268361383	5.095585013994522	1.5003097982176512	0.15840920561944266	2.75151893986865	-1.8974140488799338	3.0653652757242034	0.3391984850508279	-1.998724062030346	1.3173178786326076	-1.6775729342983199	-3.2683598656951673	0.9255084508346288	1.3660630715541366	0.01773413467370327	0.7477228165004768	-1.5364809655061002	-2.21401016619971	1.380780612742428	-0.5972859678776545	0.1895899830034965	-0.5954992755292493	0.4801452465164848	0.05658243714823175	-0.10057046302479754	-0.548230784013291	1.383991918925141	-0.49697442573391754	1.6703606471242778	-0.4845589424601309	0.6360881661617873	-0.9592205740047322	1.5768358914453946	-2.1327105200292653	1.6061742654936306	-0.10341330156022928	-0.01821165749722888	-1.010803182295657	0.12578693562471818	0.8965555480096524	1.6601092875806915	-0.3021959452397751	-0.8218314950027907	0.07477717810215391	1.4853435448037176	0.007807342904326945	-0.4456396502678398	-0.8500668066317462	1.2317960942788724	0.2594014539212155	0.0121260662375231	0.77442702558286	-0.176107100904137	0.5320821905866705	-0.527931499496828	1.7670197490742012	-2.1807346098974127	0.2833876307365304	-1.8070513252204592	1.2121523494099116	-4.056018764622466	0.47491793511873914	-1.3257834702525113	-0.32416864255504585	-0.637850594802179	0.14439645509378124	-0.7925414573248577	-1.3448089003968469	-0.17416788462375268	2.250800250854284	-0.32819284449935454	-0.7833971690147336	0.7824605749300417	-1.0567303497950187	-0.7651994177750058	2.1961449853549135	-1.1649716678133804	0.9897068468839851	-4.892362305713974	-2.9723423713317643	0.05223794490330928	-0.0009594635692865706	-2.029833309693115	1.2416974991346104	-1.3733843494411013	1.3413072407135973	-0.08105177369315063	1.6130753469721253	0.0626883601073061	0.3212192517056669	3.2882202368612385	-0.09743599613894016	0.25381162152533493	0.1144231870281524	2.784189584648902
DTXSID4025581	4.162170526796433	-1.8804132972309282	1.9380742250907965	-2.17779687058981	1.8511176719046616	2.103225023227038	0.701146266848331	-1.1162690676194447	2.7671045915002694	-0.1780326703914935	2.695542648574128	0.38487167624708063	1.237315187886713	1.0348572330958297	0.7852987469356136	0.058917796953250647	-0.04777260766890084	-0.3462845569514952	-1.1120808378033662	0.8679464842233647	1.96072964024363	0.3690380739812579	0.6192152160404387	1.8844350274187307	1.7814817648827261	0.8329040290216428	-0.6178663747830373	-0.08509241090290313	-0.7319079442301634	0.036979625355149204	-0.07949365116743073	0.3484751124076695	1.0860313463202138	-0.1994423648962839	0.6407584684568522	-0.1689020465863603	0.04351993946679995	0.3885795194440621	-0.42634174160537713	-0.17976248459669	0.4307383525140383	-0.3098908223036556	-0.20367586920451136	-0.24850192662649007	0.09381212627528725	-0.2520062112161201	-0.25747175652503784	-0.40855881970128394	-0.5182408465059752	0.605936198965603	0.13634038106399327	-0.6250082474379312	-0.3724588362711673	-0.9362308609180536	0.1941368193352322	-0.35207835901461504	-0.10290517701355026	0.08909150361100367	0.3590086758196909	-0.2740890322401454	0.3215475767211448	-0.601354420183479	0.5273308486518726	0.4029661040464023	0.5218909053318344	-0.8521369457873562	-0.14650390541338446	-0.011547291065980675	0.05330429538826283	-0.45491583767750654	-1.7711083506482768	0.94022209668716	0.05000051392076672	0.9466787848205642	0.518920279567732	-0.8912551737485164	0.7343986692246343	-0.4803366721128667	-0.3355248813095034	-1.4539550408355042	1.1172871651037681	-0.7301695856439459	-0.8629755585819014	1.0994600252447904	0.870716570289464	-0.193060262929246	0.4537418423825435	0.28280822838158765	0.01609478812824337	-0.18416043450782563	-0.11843789647714519	0.6608042384969557	-0.2508814282484789	-0.3387649796685944	-0.5009028667214407	1.1570697946566648	0.9414149516372525	0.5730727701370145	-0.1503838480709035	-0.2652114843301053
DTXSID6040296	-4.38710897249765	-1.9177821513282316	-1.3920599449810191	0.4275815353324687	-0.26443718569833163	-2.151942826500573	-1.836374177501862	-2.5651003999566404	-2.992363389645543	-0.04044998104134034	-2.1247496126563865	-2.4836567141886543	0.4292300085271547	5.408632079386226	-1.4088415122637656	-0.3709653337684559	0.44933327325859285	0.5002592024209241	2.755652269309887	1.3718699604048759	1.4359135538373788	0.6138870480192593	1.3912833144007415	0.6200820036607894	-1.3103111850191231	0.3898713660812521	-0.5164957177505161	2.328907216405589	2.229282907968748	-1.2902865194227888	0.9072334697379894	0.7925678762938209	-2.1974476310292395	3.398828389353301	2.336828214857366	0.4756175168654589	5.809113060394088	-1.4102784928699779	-2.475535140608111	-0.8855909720810355	-0.5844767098195276	-2.8962057398070504	0.10998663565240348	3.921463278681589	-0.9243431427636825	0.6240771605257269	-1.8341857933277332	1.0563009882928287	2.003076359491081	-1.9230615857157944	1.1309800207442442	-0.6677014743313489	-2.0286181391044544	3.3889966122732664	3.4061797288366225	-2.322386603165547	1.488254315394997	-1.4236182120466867	-0.17615805289750966	0.024270593475329408	-0.021551913771374307	1.2119446966241791	1.5034823159645243	-1.465501848968599	1.430639397629477	0.45686015664149154	1.1364099290988514	-1.08187915626451	-1.1285319895194015	0.45721413559712093	-0.6159088100037275	-0.1737220288359977	-0.4150348320901188	0.1106529030914217	0.6954043843487613	0.7937515179466629	-0.5587843718854716	-0.4510044700242803	-0.12194143524860854	0.37796735958099	-0.10147868019426676	-0.21005032329117754	-0.17574877366845557	0.43753322067145795	0.12337344517420738	0.7836918907333031	0.7396098727102959	-0.45237366304507176	-0.00465329111015235	-0.09195395495129516	-0.5347023642266027	-0.472405091995739	-0.11942257321990284	0.5062870935463545	-0.42890543116532825	0.7674637972565836	0.50809321163155	0.4352559872598436	-0.16869937922410075	-0.26449174264648784
DTXSID5025491	2.8015855214261216	3.1878297600282153	-3.9682922191951815	0.4414263909764762	6.463812659582198	0.5062408532229468	1.394485071802107	-0.13113299115100283	-0.4690412583764703	-1.631198375000911	-2.460652866722114	1.4960978008893338	-0.752114114438667	-0.7837004214731037	-1.6662687555982645	3.0057681242855634	2.948049124860367	1.316456582158098	-1.4530500176415488	-2.3789484364539097	0.5458123270977016	0.8041656105136243	0.18619310920093327	0.39502726381759784	0.5484364807892641	-0.24864614250098518	-1.8753855263198287	0.9957759618995834	-0.927681225651299	0.5734430283850849	0.8683969102787253	-1.701454410045709	1.368511627389613	0.16974475916616236	0.7142880587839445	0.585725289824283	-0.5337647464900522	0.41395855753032723	-0.533842786851648	-0.6119867349675762	0.6702474210167496	-0.6749494595380253	-1.1310122242412377	0.2669798140070493	-0.3081230765099852	0.23522059669754777	-0.19380968751118746	0.28736305019096314	1.1687984870149628	-0.34300966145008055	-0.4606837751828605	-0.7535980121104007	-0.7461451758627701	0.05777557657195345	-0.8418146028049539	-0.18218042976194052	-1.8684908633115929	0.5680031362899401	1.0955934602326285	0.37996259345013267	0.20738728177850999	-0.5311886854654297	0.2852478749232876	-1.2844128301987714	0.7636139613914018	0.6159755252930599	0.24684731441198957	0.2312247306039671	0.478117690384624	-0.11456512677119254	-0.9203782210568348	-1.306287617983728	-0.14674415991508213	0.06217940452789416	-0.8616082701960414	0.40087181769911556	0.31252830912150525	-0.6294181179544642	-0.964762496414465	-0.40423511149402824	-1.289551113656509	-0.7737273479884603	-0.5513049709799573	-0.39636440881529134	-0.08155565974363867	-0.6444098582264575	-0.8075922045501829	-0.9733042315481181	0.6217510320741372	0.15553282096467935	0.8694657034468646	1.2572639623344506	0.989377736204167	0.4235624818022598	0.22239176590378779	0.06384755784688102	-0.7877652746641003	0.290539190991177	0.4647858665788587	0.31628915759751763
DTXSID5022198	-5.508294188885327	1.9441094902653002	-1.5598233402572736	0.3272169481268508	-1.7706895389069977	-1.9634626553431767	2.383452363491921	1.606151762813533	0.6100972631079776	-1.422349080210409	-1.0913668319089906	0.04289402560369603	1.857407738315569	0.2501405854738522	-0.6470145466728233	-0.05448571651381684	0.10759740297748607	0.544340750383532	1.042061338784358	-1.2298707733546441	-0.1703791237477434	1.6014457322326778	-1.90464855483733	-0.14431349598076892	2.1329817618449263	1.6891003553806718	1.0346628704571326	-0.40589351580499694	-0.48190538148688133	-0.29172798602558403	-0.32652069676635115	0.334846240029832	0.3595728909669728	-1.0480554786555323	-0.07867236469997638	-0.008476928650772157	-0.5408115204989893	1.612181134397781	-1.2671200650471155	0.26804208972384685	1.095580105115291	-0.5614146704160471	-2.7644662816770604	2.6815851296432505	-0.1268754292586716	2.0598838599788496	-1.7892016582033308	2.333719162770281	1.6987414756962693	0.7698374617122291	0.9087324249283245	-0.37301870120127406	-1.6515948742244708	-1.8811471238517954	-1.7472526856260393	1.1131252210923497	-0.14679404244819963	1.2817420233999122	-0.6020646740817901	1.3299464612176897	-0.6515413066840339	0.4547240083840859	-0.07336473303754631	0.4650856333768048	0.4133311715218365	0.27688073293539356	0.008170866935599909	-0.12529093699084115	1.1360853860785989	0.5513663256342359	-0.05841909315492282	0.3391867202169367	0.13833547128599333	0.021226008520370297	-0.5964415261075711	0.14284516510920367	-0.19232861321169253	-0.6104987227216361	0.12891070276879382	-0.2694940103373511	0.031429858761304004	-0.5872233449962633	0.3070648944252719	-0.3780633961633339	-0.45556358177869105	0.09190100955802862	-0.5656128952688668	0.4000967054255706	0.2777911569298115	-0.3082247797735921	0.3464117000115718	0.7312029840317283	0.15661225347044602	0.3367404490282742	-0.1939478359081987	0.24483582966037715	0.028333276636543878	-0.3123324921051145	-0.12062762090777239	0.4580219215075012
DTXSID3021437	-7.213037506423178	5.183675367073363	-0.5201521696739363	-0.39947098471759745	-0.7032712042298854	-0.14819375804307272	0.5789403029769674	-1.018937921433595	0.5178585599353711	-0.38930543676400575	-0.41862929125509063	0.4689394908541582	1.2264027708135314	0.5189209316260925	0.8968922926926421	-0.7309035659240474	-0.5620269138192311	0.02570915378986447	1.4129923980412773	0.6131105807477034	0.1348304726006046	0.2522141204890166	-0.731256840801165	-0.020686282598146446	-0.08995496202090403	-0.004583804045204036	-0.20553658868351737	-0.5356967977987326	-0.35884433216202366	1.4231808831304535	0.9798558382900217	1.255737710496539	-0.401375959499721	-1.2182927013686389	-0.3806642085311373	-0.20973793234671415	0.15475998041437578	-0.44229804123522953	0.736617412239067	-0.36242668890522367	-0.5537397355433679	-0.4196433649324534	-0.0325832172607521	0.5285282626273844	-0.051760533496908984	-0.5883051841843532	0.5062454191994573	0.5490525095585729	-0.38616446907724	-0.5659068735769236	0.61859571426888	-0.28239251529732484	-0.2525398714109963	-0.45201371882971925	0.25502726294387423	-0.21814463834385098	-0.6668606503345952	0.5596649000621616	0.4106324296729729	0.8088436808378454	0.641544353968036	0.07297553855348274	0.060419635641240914	0.32021930304722196	0.18622781811570857	-0.3163405536659678	0.09383430045907262	-0.44109582922701673	-0.1928613313289132	1.133790514068974	0.6377339867136534	-0.12040473217828622	-0.02675342172399438	-0.2722675049141831	0.2863543958046746	0.10899244452291387	0.35299218233053237	0.1659808937702201	-0.10862510895178684	-0.09025745446702213	0.19461674624665296	-0.26866085376214	0.07536951849414109	-0.08299680413891448	0.4278643387977629	0.04226760543790771	0.18560455180460292	0.042860520168146544	-0.2958647987195893	0.013627022217188095	0.17207640826766585	-0.1324439293522437	-0.12542382409681166	0.20099204755795227	-0.22131958438267646	0.08276779599202062	-0.1849400491282832	0.10706328280932634	-0.11827559691623708	-0.05195042047954903
DTXSID6035106	-7.066172663908638	1.7323389677709597	-3.0181412997473136	4.54162531446969	1.3882045287608762	-0.1177529754122623	-0.1899656367488767	0.5978721697420002	-0.0019314748260299106	-3.137488327899189	-1.1846833790496543	-1.4977000697085716	0.8385864130443336	5.256921546881403	-0.11559097669300633	-1.0096530807111046	-1.4397901262014443	-0.6098914621512644	3.2632508634879165	0.4591758688930728	-0.021803912865555424	0.3311157738764187	0.3899269053966005	-0.5874786224241003	-0.5980220324687117	-0.39607808898836805	0.3124812720810061	0.040230420482844184	-0.32419512655008886	-0.2529743604678198	0.7821947820191589	-0.25744026996595837	-0.27134040442250273	-0.012078732845096295	-0.5220071922508774	0.816039880061312	0.25387345974012554	1.396318791124136	-0.235337039674859	0.274170386426641	0.13577155314124012	0.40744907066443503	-0.38919888093555915	-0.3716432973144282	0.1286023914682084	-0.5883461035070724	-0.34133268269690054	-0.29903040780802004	0.11100863961324073	-0.23914518780089283	-0.9091345332598433	-0.47471964780972714	0.37777285931122034	-0.6748883362334213	-0.6105138655236353	0.6110077506340118	-0.0581069052608122	-0.6313531207399119	-0.657736689581525	0.038381971787680484	-0.14449887193650932	-0.5712418873353577	0.3348835808485713	0.2440861552666762	-0.09292840090971154	0.25321801812612893	-0.3319097402436496	0.19963870188456181	-0.06543455885008774	0.429095855622766	-0.8491934734166711	-0.43762247213926553	-0.2030724387401869	-0.09387167205912743	-0.2553669661151972	0.4261884879204514	-0.13936380703446072	0.18174938397328824	-0.5571446836427576	-0.2510119482063348	0.017595905190352226	-0.3889236187819055	0.5638056017230919	-0.021316840096061534	-0.268795434782283	-0.43990504678719367	-0.14660200475314475	0.6740475546496315	-0.2599020291140817	-0.08935812703041937	0.4781234274026504	0.37577752972438544	-0.043908998240548544	0.24067524199667797	-0.3557691894527643	0.20331699153251398	-0.14428628466467752	-0.2019691583127007	-0.4135711261376659	0.4400070958020396
DTXSID7047510	-4.015993586364807	1.099546587836017	-0.36288532100244	-0.36338802092630873	0.061277655856176144	0.7663578742475297	0.7277954158727122	-2.114076546738758	1.490242763588444	-0.4594688655048158	1.5543893732773448	0.296309766081609	1.5036499183431788	0.7790838445174912	0.12183094500642616	-0.5642026034187174	-0.22600171068300312	1.0519397128102737	0.10781805684390935	0.3566382477690467	-1.0901794075924105	1.0253826133633859	-0.7541454966345602	-0.14646209209452693	0.6804309557802642	-0.19313027179948825	-0.029952818790021794	0.18448599660230153	-0.5258199773206867	-0.11443102544287631	-0.2847064710516722	-0.23453088914673165	0.15352822831473958	0.48654632302840345	-0.12025274633099396	-0.20428267120080315	0.4999556400773497	1.196105541703234	-0.2571699111088909	0.033963594246167954	0.30098069804277855	-0.31527538953945144	-0.5817922059154874	-0.665978270422779	0.16256969148185638	-0.37621369146828576	-0.28213549677928	-0.37237880028952247	0.17643843226259626	0.20610861144447185	-0.3411832574739621	-0.7556247144146403	-0.3257340509301225	0.09865880345378245	-0.01433362442875464	0.08295503624277657	-0.5217662511037148	-0.04689626891410517	-0.9465395443821206	-0.30938552458563273	0.31881105754558997	-0.19205732041000448	0.4254423952203698	-0.06831543364427531	-0.5599881908505377	0.24365505497685572	-0.12518528624811232	-0.605471287127013	-0.04189467186989698	0.023890489241379712	-0.17255363511699845	0.4127766489337691	0.20937701409209517	0.585661185996284	-0.6079606446800778	0.4747720214823293	-0.1966201524772721	0.26439076071005946	-0.33965237577958546	-0.1511286750223989	0.21876418425379207	-0.751507116102148	0.25215035314534545	-0.2702272639334755	0.04228813214240046	0.41435351380973534	-0.12146171418298204	0.4927529383907468	-0.12970600011515376	-0.0452227098704145	0.17849752800805754	0.24219545671350248	-0.372236622542193	0.17127757306797092	-0.1999594849109531	-0.2455691877830202	0.24287370013557033	0.19942500293158416	0.30488749451262775	-0.2452377447851778
DTXSID3023552	11.082501086029442	-2.0183800352203702	1.3590505472665568	-0.1499778084625155	3.0303255325327356	3.538737650993292	2.3416742158434216	-0.09497197107484574	-1.1563837628922604	-3.483898544436835	-0.13615538891651072	-3.9258181770800475	-0.9922898538244781	2.7979352210364037	0.0023256766552110725	1.7913124193586296	-1.8970335343568858	-1.468007730133157	2.0033645146384864	0.27853174409333314	-0.48881275681276515	0.28007316199998883	1.8567481059274575	1.6440577195813748	-1.8799672465349182	0.6879945562859224	-0.6284617758608125	4.354350827771069	0.6623066971249374	-0.5212715688952552	-0.07352484747936265	0.7214508414771671	-1.9114703284970938	3.2192487199734647	1.3740893463448094	0.37134616671597614	7.439467331513759	-2.1463968361466934	-2.548507600293153	-1.2639196460121807	-0.6143542780629928	-1.8203846829999093	0.41910378288691513	4.562635842012786	-0.8279732357513833	1.7377024320787162	-0.9835504065126774	1.1696242843451345	2.6375822286694626	-1.7169909838236501	0.02979902831022585	0.007523487689592927	-2.389777683561801	1.8447039695478875	2.2205658604051335	-1.6818415453828346	-1.502764314356484	-2.8586478624643976	0.0030486528141709904	1.3165338868417455	0.7535713525994807	2.4557469064966604	1.7444935074806682	0.5546418878556776	2.795943744965832	-2.0757128532871603	0.0783573507827451	-1.0744337103781134	-2.2718650942973473	0.06363224195220642	0.49858177849605195	-0.06532294464850069	-0.9911245483876717	0.6484230717407352	1.2699338915139542	0.14857614997684904	-1.5327366903546986	0.15279157472752983	0.4625709092343064	0.864583075711974	0.09529285918085337	-0.5353583336789033	0.5549109513422311	-0.1970076751327884	-0.5099528980417233	0.38578382517621906	0.21762975931649226	-1.346860413580959	-0.04604677698828461	0.5576263499914406	-0.26219724994245575	1.1378740499381599	-0.2730707489858603	0.2682382597333017	-0.8804789319252018	0.030683244895191687	0.7731954963965624	0.6219917446260598	-0.04667171102273808	-0.6534767336045858
DTXSID6020359	-6.615198936414447	5.439762064902835	-1.7828228423393453	1.5036830996555333	-0.8799799151863923	0.5061708929841163	-0.010759852568846996	-1.0781272752406925	-0.267129333174224	0.10287873990843072	-0.4035334975592865	0.5547088312727785	1.6678171819311574	0.24864480141036158	-0.8743668370037014	0.14622545530902853	0.2065780536484435	0.2795036883180297	-0.40787170577210846	0.061635856573657714	-0.35001138228185036	-0.3717611320144505	-0.32413870494186797	-0.7809296380145074	0.9319385436797075	0.018080250761885824	0.5190704654969496	0.7581147123440565	-0.2051766072810187	-0.9938871625996051	0.13804208883917263	0.48968350963825213	-0.3284247672536624	1.401271922620381	0.38100903374321643	-0.40287763684343697	0.3199708961693273	0.2672227911995024	-0.7975975923429305	1.523628426373137	0.28301133656131533	1.0053667354837499	-0.031439147031509976	-0.9014418570404092	0.2313290342019138	-0.35904059430368535	-0.7609719962992432	-0.18329667925314627	-1.626894965953197	-1.579593655119868	-0.6884661737358158	0.30963298990307453	-0.03347646867122572	-0.24420427498768774	-0.4186949306098461	0.38848936233356757	0.9803855758770492	-0.38477214776245616	-1.5447511643050842	0.40717160536463654	-0.07773299630908982	0.3056917147052514	0.020535058105952287	-0.1393201023941684	0.3114158548033823	-0.41536014106837627	-0.5474087499760665	0.46837342080283667	0.578194458352059	0.5901913325717025	0.3602890093038822	-0.36243739286291143	0.3469379746836702	-0.25767953465079124	0.8767630408046471	0.4165873501789056	-0.30290273647545496	0.23358067664596763	0.6013915671393751	-0.017044641739761803	0.9141293596588851	-0.22720091556812422	0.6627989989376709	-0.49140275807069134	1.1684736702672829	-0.6246306597947437	-0.1221064149855754	0.015720726746086617	0.19714568999907198	-0.1560852424025793	0.24698952125506504	0.6803680408504904	-0.25400291034591965	-0.2772128220654685	0.27607577572127723	0.40988644267935087	0.19306879310998382	0.27774658268643254	0.045514192948203976	0.0029871092465956024
DTXSID0025818	11.50461237538823	-3.1121629139317157	-0.036547806487724654	-0.9649692807455638	4.406529629538527	3.488778143119596	3.2482294447271287	-0.10601842231193402	0.759422341412243	-1.563611580142574	-1.7044233656106487	-0.6427753388020007	4.4457497681883185	0.21819528122278778	-1.1353469698872702	-0.028025402790758342	0.5909644577960285	-0.4662636815235882	-4.056117714989007	-4.55073886364242	0.2546482164722962	-2.362319187565356	-0.21357481017729651	2.125645183804812	-1.4118807823631394	-1.9024785292530602	1.960536107090632	-2.0187061773312505	-1.0883732957501226	0.6089177547076726	-0.47906375274205504	1.5262654969236105	0.5563515939602123	1.7370127850302564	1.18366944074502	-3.6095340976511054	0.8563312557712489	0.36620897529524377	0.8784960287860955	-0.6749125594660569	2.256585576366301	0.11994377032327314	-1.3917592566931145	-0.21891562634862696	2.313351862976375	1.8852405426067709	-0.04421061182639453	1.752989371690253	-0.545554691077745	0.8493666012584041	1.7247035724608613	-2.7083208658346654	-0.9231739909811428	4.092004070513645	-2.326336098203609	-0.8695415244378912	-2.814132095211004	1.5498059216032272	0.28677681409869216	-2.931814389358559	-0.08877406763838507	0.358186878047357	-2.5925248738213007	-2.136011336929375	-0.07117601922093382	1.0358488826897314	-1.5201383964081965	1.9636797168492173	-2.1132892689274736	-0.8991321087010407	-0.758047610792842	0.4905888585506671	-1.2328180291419462	-0.11329028150290334	-2.904142732063216	0.46235322627618414	1.6500514895442213	-1.8466426308167436	-0.8850147772064184	-0.18555969200382505	0.33242848488732896	2.1261056079137552	-0.6239948479865294	-0.6379662333888226	0.7981780093955547	-0.11458910651904189	-0.1848745198895528	-1.9147614287040537	1.6295805254184794	-0.7866005801293181	0.16079794354120747	1.5929483326541365	-0.04221929545551871	-0.5068569909140609	1.1714086614219945	-0.035979624869712123	0.023335476635680488	0.9231642049005174	-0.11402811044932522	0.40379347167765545
DTXSID4022109	-2.8420139230089214	4.526255325692529	-2.9624361642730634	-0.43003126567705785	0.5073798871761066	0.8301869111340909	3.291602493746575	-2.591763169978467	0.37147359501621235	-0.0891385155511895	0.7790355294947877	0.4078993540014064	-0.5255488812312508	0.9984490278315534	-0.3428629006195251	1.6316558014707025	-0.5843072146690482	0.26155465212728385	1.689943363736308	2.440483848833607	-2.111059203484849	2.1358232153058863	0.313779528312935	-1.5018773786003963	1.8131364379672998	-0.6105904886462531	-1.384170713546736	-0.3179543322541009	-0.4973635424106062	-0.470783101546134	-0.6010006879036649	-3.533353037587023	-1.5735644370732158	-1.944260193526734	1.3467193575934873	-2.4418062950557387	0.7401044550821894	-0.146101642679279	4.179407904586476	2.1401291452248707	-4.317960528945036	1.126677977726219	-1.6198904072541453	1.164000449570847	1.1450458059887705	3.834753036671763	0.7452977614778896	-1.3314745091551032	-0.8734091798250891	0.27126084951263585	0.05500378654010761	-1.2600769407711685	-0.7103547373569875	-0.7064541605479874	-0.45332039980973066	-1.0456106791144577	0.7695823652368361	-1.47766469594688	-0.41447649713808454	-0.3773688942550574	-0.862313828357315	-0.3587271342349257	0.9375843341289826	-0.6184991567875077	0.7533207556456808	-0.5945216900387147	-0.4264578619145491	0.3893001795084327	-0.42106193987686763	0.6757745790523894	-0.1519773976129564	-0.09092549479614556	-1.0348333923772	-0.9039414039373977	-0.5174639002140197	0.8399193096636107	-0.3653008932516671	0.32807031664247954	-0.578166954751218	0.24162611010369767	0.6014315507999447	-0.39319990451207515	0.20833208181403398	0.22703278924586076	0.26562783431088477	0.015552298627573726	-0.11014114133336908	0.4287381289496722	-0.3666884566166785	0.037333243146816394	0.38306713618418803	0.784837599392298	0.3457004572184942	0.1834370621702662	-0.09111029880365407	0.28722005689077834	0.12330737362639457	-0.15651113150448095	0.20115850269509034	-0.4827351746050828
DTXSID9052509	-7.269825754938151	0.1048826968936171	1.1185752577839272	2.196466280903882	-1.6738999911347658	-2.593294683600492	0.6452511553522711	-0.9738864617628816	-0.17280292146060958	-0.21694782520206746	-0.05732726958002071	1.5178845181311134	-0.3502311088666867	0.7050590849006513	3.0309906519484757	1.705383086864077	-1.8581398911164024	-0.6933150032397047	-1.0263225532251947	-1.5413329520165635	0.5417510097197829	1.2199281963590831	1.7537172398166643	-2.0280786149462195	-0.4813915991118969	-1.344023463285927	0.018001646849804417	0.9653624597249748	0.330340460133462	-0.3193701128550757	-0.1721339512318052	0.637147097294951	-0.18527490753448667	0.45117293678815834	0.12441605270477717	0.4079035249103519	-0.9821116880704759	-0.06653741954527358	-0.41678928881807387	-0.5484594597015365	-0.01579010422542984	-0.14808733958500894	0.21841802764286464	-0.5194003868426471	0.7568009673211575	0.13716306861408248	-0.05349078823209466	-0.5446814927904116	-0.6385180811315053	0.3334486106379419	0.8498182352555707	-0.870767713480182	-0.41523030245647147	0.09017723569689969	-1.3281548885051104	0.12018467176300689	-0.28244399576241025	0.18178319975804016	0.11869826789535494	0.8070228594280586	-0.14152517044735005	1.0556562987447249	0.20613317241422494	0.11931120235993849	-0.1682012613603369	-0.2958642640516235	0.17293663222383934	-0.5644311415966012	-0.08360406199525733	0.8442248049611494	-0.16264374249260402	0.6105594027653907	0.43408985632667896	-0.17248224043624902	0.5124103600634998	-0.23096959789274032	0.2383007522821861	-0.07600187732704317	0.005772256926439243	-0.04254887319187048	-0.3264807645097053	-0.027389356880362405	-0.14026377699721293	0.19388195972505085	-0.02558288811557959	0.04787705113308435	0.34689547233402096	-0.0319091590995097	0.35547526361799114	-0.011357058792198501	0.07121328346111402	0.003024547557403768	0.4538145316191729	0.15133668826624724	-0.14687579678706922	0.22972358600282555	0.18774400863579793	-0.19098561484380694	-0.06890510192241177	-0.04228207485414794
DTXSID5040704	-4.0056831382912055	1.9738683136788064	0.44156341500314555	2.0920458948297327	-1.5239694767475103	1.300881532641671	-0.546291003807556	-2.4870621497714525	-0.1440897781867226	0.29204754112471004	-0.14592317864757517	-0.08137260330088383	3.433300322797888	0.5030206336181267	-1.7626604763948228	0.78572281703732	0.25934404368949654	1.3853671307876783	-1.174094114830853	0.48841015728203246	0.05676459494188915	-1.1010523424511687	0.2394847430905483	-1.7768624690747832	1.4519918181451945	0.5401819952682517	1.050544631496119	1.950454927603733	0.4878240086001549	0.565456580410115	0.3259310899104162	1.1868981611915652	-0.31935504415366067	1.4499392197931311	0.2885993292719785	0.2459553716471828	0.0809608570100657	-0.10566508393724965	-0.3634381695071763	1.1628381275473025	0.05053449648540673	1.4772557245614877	-0.11636794066494363	-0.8830532920607346	0.20697493044271928	0.2584652612979046	1.119487909120112	0.18351827670192203	-1.5109022605297138	-1.3673977957176637	0.138980694493578	0.8275106984077089	0.7547704778372156	-0.5454851380583092	0.20802971994492367	0.17720731821877989	0.390997689341825	1.5068755414307573	0.07520349852015577	0.3248827175020053	0.8139455369179985	0.10304528938118057	-0.4412173916069147	0.49844885794192506	-0.18143070952601612	-0.20928996335242786	0.8384896701783393	-0.199382592990761	-0.050475182107958386	0.310191376999472	0.5952858627909515	0.45579293908958995	-0.2837281735094072	-0.10281465171519737	-1.899361997021539	-0.19304206298080806	-1.0452804600082777	-0.9349460838401745	-1.0989272864890989	0.1409736096870497	-0.2566500721938401	0.016034599438528963	-0.3026982285144311	-0.6468352340925662	-1.0540230688882908	0.0037944631800024297	0.9590173543526691	-0.2512316257224004	-0.4159468860951466	0.2145067523627451	-0.5397317818694207	0.2444584369893116	0.14339100262962315	-0.3339500404589911	-0.13166800893658442	0.75597817542835	0.078844756260211	-0.05372184978897546	0.10140187707827293	-0.393263853721085
DTXSID5044819	0.4276351036405356	-3.7424920850656704	-2.6608421109957945	8.105736930144099	2.0627074877041336	-1.352868476694625	-2.2299955091254344	-2.8673634500751564	-0.4109184159826691	-6.216716204269876	-2.27601527329753	-3.916930156178426	0.6989516791454646	5.474040857440252	-1.325220193842782	-1.3263844049302864	-2.9582749243691637	-1.6444550563810982	4.394456337879139	2.983351253613994	0.95709909331415	0.7902514660571244	2.4227807786107225	-0.2916220837708616	-0.38304343400644275	-0.49571123725499633	-1.367772697363094	5.599806273001431	4.803252090253889	-2.257726088813607	1.6863080365323073	0.3822125892956696	-4.7184330271238215	7.3990615839277964	5.270623341279942	1.6263196279166936	13.777972703105737	-1.4961721211354635	-6.047319673791962	-2.7475899499753846	-1.9450121255139516	-4.379066295720871	1.0740280710485572	6.843226680352864	-2.4068283146750504	1.9890548740857479	-3.6469941056283726	2.1778303010182642	4.161866232595274	-4.206527802946196	3.104746077683849	-1.4794044343991517	-3.424898442563819	4.57026830305823	6.0323077148551105	-3.0825659052001866	2.8915677702566724	-1.8797027360098373	-1.1809886342586031	0.1005905083437239	0.7653055706667934	2.992550341066507	1.774014272172212	-1.6567061847594884	2.1447388058611327	-0.7200459812469335	1.0047080717014463	-0.7292126054146449	-1.96029700339147	3.6124453528595915	-1.813995259170031	0.6055997794407711	-0.1920359544227663	-0.0846984907174672	-0.08776419003498294	1.0121745909439632	-0.15484481140982423	-0.5016766312417547	0.7153100705164985	1.8702757027940924	-0.8252686306174867	-2.3154688180337932	-1.4104692473579346	0.08889040911263457	1.4589051299140896	1.6852590081331724	0.11410734778233635	-0.028018650579607916	-1.0177035442891644	0.5355933225390858	-0.0755305612333175	-0.5213740710975253	-0.37030597779045465	1.4143333843738624	-1.1854939259685329	1.6371476199364474	0.2721752191087673	0.7199245408400038	-0.33848421223939273	0.05647069025143334
DTXSID8044884	-3.570706702774504	2.7992887511392888	-3.7496719938258383	0.7451409093340928	-1.22388665109717	0.43344987087774645	3.113851371656039	-1.3332212330691597	1.244622789826191	0.017255667904894998	2.4284385075858523	0.37507633190112144	0.9148236676401047	1.592186643072611	0.3467046642338563	-0.045855768991719864	-1.1557476521295529	-1.042613540443082	1.6817880336493307	1.5716630810355912	-2.008988346493536	2.2825389424600195	0.4019291354808105	-0.23241591856831637	1.1375055583852691	0.3106854358304577	-0.05601683404684263	-1.0530602274055578	-0.8409610379708048	-0.03830804952416183	0.16402421797488492	0.07268590664550663	-0.23965071980439573	0.08391171183579288	-0.48893929374318373	-0.9117264452840513	0.7175161948658609	0.48539256780571716	0.5922974065867808	0.023325815499711588	-0.3707046651173676	-0.9236632217383153	-0.061267882774213446	-0.2870559947283405	0.5483942892042435	-0.6394524685424137	-1.0180916937982676	0.24420449944427866	0.24288431841113156	-0.3875984085113122	-0.26784198487383865	0.0700703627274369	-0.15590355538486647	-0.3038711582348526	-0.16069625425060366	0.4198416090916543	-0.6721472381792575	-0.7910538861326636	0.19539974860573067	0.42852354214453076	-0.07855595478165972	0.23790505199624895	0.14338194123017048	-0.6786357645483392	0.31152417228187956	-0.14668692737711655	0.18757025199683863	-1.0662656280218799	0.3754212883231319	-0.5259760123065536	0.7709229123727086	0.0033888570083377245	0.3847605107286802	-0.44188527117450277	-0.17605131461282766	-0.3300548375495251	-0.15573610126167062	0.7166678344006127	0.5263473170109474	0.34935004284680404	0.6778832052637115	0.2564771104395909	-0.5808414125170872	-0.9324313255311506	0.1805289591974615	-0.461296253936817	0.20102284763717532	0.3826406156161447	-0.3091528327581862	0.23356787803935383	0.6554485698347708	0.5962500721260645	0.20798439563749938	0.060472397371683646	-0.28862639085148817	0.5782570729989466	-0.2043274836674974	-0.2787490557579044	0.0759867823797552	0.5153260945814698
DTXSID9027021	-1.8917573861482244	1.3051992093053808	-4.755123766388077	0.35784997566581517	4.036753901782612	0.9026237775542091	1.0661141301712391	-1.1538285980007457	1.8746065829231398	0.1269686927775777	2.549355679319296	1.4102704435979538	0.0918371118928548	0.9728767217883553	0.03923748463453201	-0.2112764891929394	0.6452806879338963	-0.335693971703133	-0.47961941844824224	0.42905399670671823	-0.9576848573779099	0.842989106919628	0.5673310124483024	-0.6361872913645116	1.0499516903601993	0.08717407080379867	0.5771716451973227	0.11725499249687513	-0.8000855289955857	-0.34208584756130517	0.8317876240148322	-0.17245479478949555	0.6331508220646133	1.8378879255884233	-0.11887158671384307	-0.7039672076666844	0.5383300272812113	0.6139424507912926	-0.19114000924369537	-0.30164876235122906	0.3426953661345066	-0.2874232149607113	-0.09504658696397829	-1.0953748672017478	0.9555341178329779	-0.32190850419263556	-1.2230445250308737	0.2489044392495787	0.23966918314782695	-0.4402956717510092	-0.46053631675417717	-0.5257864878941314	-0.3723734810370394	-1.2719226861902564	-0.6490410333937454	0.5738444078927784	-0.23040204029172787	-0.03900103129932647	0.29618867149776595	0.11684383935474013	0.28501745691742747	-0.41644743521192684	0.26598661919192	-1.1350103398027345	0.5748937694290776	-0.2560039327872462	0.6826232534169578	0.017505942067270058	-0.31382540598073283	0.5526297883468596	-0.6003647590076036	0.013499402778259124	-0.15607263558900608	0.33144488624626806	0.4109481323922638	0.5591637531419282	-0.6744426266720135	0.6780917423797369	0.39791138555352107	-0.7624052681994854	-0.5131845866224025	-0.5982053520510038	-0.059908129798027884	-0.31555102124895507	-0.11699698402269736	-0.12814485682772558	-0.2047953796329999	0.3633789347064427	-0.5812780455224459	0.06261989766064867	-0.4864814157280309	0.5125163093953808	-0.7319726118032717	-0.05425207599250809	-0.3557799786576176	-0.616140948182917	-0.4194476923545053	-0.793759846559163	0.2457165138591431	0.7660944995117269
DTXSID0046569	-6.134530324112732	1.371528470479879	-1.9110054096293259	2.076992772140547	-2.3543886954896576	-3.0195641166425786	1.5151339909497334	1.154656073624488	0.4683301515657714	-1.1643393709149117	-0.8888438810308549	0.4196732305469329	2.0779457844218783	0.21719394907631245	-0.5218206981924495	0.49576588550344014	0.24337528852618076	0.07092068961160873	1.112338334080893	-0.54178117539937	-0.007084450215255572	2.1305670539622796	-0.8552774076934193	-1.0502840642249422	2.2622226183455787	2.221629252528578	1.357447103472348	0.049148198667465795	-0.26754246788999597	0.571091016537398	-0.3415172766192642	0.32266945259260676	0.7041060171995032	-1.3560867443242521	-0.46371423851742855	0.4111098871352217	-0.5248195237688587	1.557279178862315	-0.2566006648827151	-0.3609677908072602	0.9980197510951097	-0.08496624828122532	-2.1217401410335004	2.2924001516020307	-0.4334911570283605	1.9457735182073412	-1.116476421068409	3.5095968240107314	2.3841972150978608	-0.08236720286816857	1.0851332070152802	0.02547003958260694	-1.2848477976150576	-1.9522236802889676	-1.6683703771920373	0.8186163485566952	0.40832966320242164	0.801003965685376	-0.2950126025511813	1.6135452457505288	-0.836724253281974	0.8672342326319479	-0.07729888683992614	1.1404102849072164	-0.27644814989386685	0.20017726237778222	-0.41278693197580946	-0.22819844331656025	0.3098659175261424	1.2992547994289259	0.05899672866662099	0.8206230552076489	0.6559190712411471	0.10531616318515782	-1.5454431139619063	0.1617971668180507	0.10951940074886965	-0.4814180597958535	0.1806587583534059	-0.6361872536039807	-0.7146549051585841	-0.9050422596918046	0.8215612506195652	-0.4481150724648172	-0.2487412023383191	-0.5038078282465	-0.2843619563182258	-0.3099250029331049	-0.044113250373849056	0.25407361297767045	0.45516354884867555	0.4840250720764426	0.19255689286884006	0.005845271258867022	-0.5152129478602748	0.5804741245266686	0.2049226031858305	0.09464801326962556	0.31913756684719113	0.7022982780896863
DTXSID3023265	6.7159125438161755	0.1849322803240898	0.9479842935922905	-4.562022708907429	-0.2694500969945359	3.4865236263811745	4.4126464050074	2.297082485091942	-1.0011914747850603	1.8761845458475752	-1.6487276566636564	-2.2725048038452327	0.28249199370787653	-0.6407308823332399	-0.5089540864438865	1.8141957503217985	-2.3717113473541604	-3.8129784426161466	0.6283568007471867	-0.16870878828653724	-2.898036193209305	0.8408386709221816	0.8338393686673035	1.9065182666273726	-0.43906570650769877	0.2077120958107461	-1.521404386093258	2.3447845770730167	-3.275991592760999	0.13728096031446488	-0.501327035319821	2.2238626479218646	-1.0762284559874686	-1.1480240800630548	-2.3502329231434986	0.8082111759354552	0.7510236584392981	0.3418893184900174	0.4830631536705928	0.7663160715431868	-0.7734828888451696	-0.30621061253802806	-0.6253441283302679	0.8685734158912651	1.331322335294957	1.2707032636931568	1.1124050455874255	-0.806381104556595	0.4377629063404673	-0.667048123053756	-0.7261832351664185	1.3642471001915792	2.2391626628694934	0.36945797572642525	1.1961223061093365	1.1962828880141911	-1.254413315503894	-0.4819939166191	1.1137074921504866	1.4425118872960427	-1.3079590487826118	0.9741602076753921	1.760080414038212	1.1612913878637008	2.957634673649885	-0.4280593857688188	-0.24382754302636597	-1.1378013236942153	-0.118006577521275	1.5721268943032636	0.9538853101539	0.1289475419552538	0.8465529585664414	1.2363082262327274	-0.3729749210283642	-1.5023050167429128	-0.02895275764053465	0.3589011910634803	1.6136380273020745	0.06259929994322896	0.4028895928180636	0.7475760465068891	1.4279619238019012	-0.9624935044554889	-0.37595832759640974	1.5282903859342092	-0.4945606150438116	-0.07355442803249557	0.35089719001425196	0.359829265916405	-0.28084507490072375	-1.2588109361532283	-0.04823556665230727	0.5699505257454585	0.11702675791890589	-0.732716199554638	-0.47963385660205915	-0.1813605944993017	-0.8168432590612202	-0.8102990691695819
DTXSID7057658	-1.367857962383198	1.796872194920445	1.3812258768315142	0.46432690879496336	1.8078672305364862	0.2808150098100155	1.239104828017992	-1.9592241463068278	-0.11696347685778562	-0.8044084842228721	0.6663349119655348	0.3770054600065518	-0.9475450999112031	-0.10222970836469682	-0.13694569443203658	0.03461548137187856	-0.8373364943407775	2.2938762683232072	-0.7393777220767711	-0.3837335578377697	-1.055413538754066	-0.5425874196297085	-2.7370805630256383	0.3249744526804287	0.270084423096865	0.36778755205663755	1.0489419851650743	1.096327096216622	-0.22114981872005238	2.160923196061352	1.3987890176871232	2.389713118572887	1.081036922994585	-1.8966523850508787	1.4387446123937557	-2.3978140975312243	0.29398203375965065	-3.435714286577243	-4.7317294585775675	-1.7094821606790112	-1.848647804673558	3.3917688108305346	2.1657874306163922	-3.4720996172977663	-1.7182999869300315	3.482488165943614	-3.353919865830715	-1.8948205097516488	1.410510063974098	2.318513122738213	-1.1883197432634618	1.6191864132528013	-0.073923269637718	1.928083967168631	-0.9532633930659993	0.8969005027442566	0.506069689936245	-2.2562821561408963	-1.5571125619904649	-2.8072446532997968	-2.9300574344331887	-0.34280478458500424	-0.12915130273722333	0.8562552665696433	-0.47875979167667526	1.817278761319103	0.6634432740369454	0.25066807171166106	-0.4184328425344687	-0.5389988339048378	-0.8567346598657777	-0.3686690543698028	0.47645089477497937	1.0231175480867671	-0.6622185508527475	-1.10350978695242	0.40304560691698876	-0.011660624855649147	-0.5507552426508024	-0.1283696343941211	-0.599324638204732	0.3569982252074474	0.5963407180439498	-0.8301528176252886	-0.40386791542162914	0.08043005491894699	0.39215498158991835	0.157945596019784	0.0844670622479776	0.33637904517804396	-0.45129880482884716	-0.2383252286304043	0.33452076669843583	-0.8204076590168179	0.4978696264800793	-0.8444737063354223	0.1722287843734593	0.14914819241698743	-0.26641088900849863	0.24851370935262754
DTXSID3046295	1.8732967091185861	0.5931397283961287	3.968786582361438	-2.988511313923123	0.3270991212321256	1.9066595058913658	2.951745060497701	0.7091499111253907	-0.5809271838443688	0.19262873325032204	-0.9336350437412678	-1.2914995550667892	0.7310355379644222	-0.7635463989988275	-0.02708374530482187	2.1627652126592594	-1.0513423751446012	-2.1592515964006376	-0.17219731793232745	-0.9014506775629448	-2.525590098380375	0.7394439035832502	0.22902045252272865	0.1893417680005714	0.4111771448070223	0.8065964088708956	-1.626729188867702	-0.14622000936625268	-1.7663199121296531	-0.0368534241028689	0.028922121185587932	2.219116897924779	-0.1400716007661783	0.4318009613153862	-0.1098583818323974	1.2160738426205246	0.3872484995646985	1.8326037719492279	-0.12266284289828396	0.11677280975183779	-0.33976478082841133	-0.5281564866277665	-0.8090255179323901	-0.8973193097960149	1.0895695144586302	0.9572008586792461	0.9146118085793853	-0.5256437074640872	-0.012315957089492985	-0.49851639296670053	-0.1268721198213297	-0.43592815404190194	0.15515399593159102	0.06281088928370233	1.2158685111064322	-0.2615603136201951	1.331301288927427	0.9045428591771815	0.017508500598198237	-1.1423538713348	-1.2996134532740848	0.19358664549482404	0.49379480639343837	-1.5834940834017253	-0.5521682854744928	2.6692138337843363	0.8017439536083255	-0.12578393725105438	2.251247128327196	-0.7635520194462168	-0.08263266143216609	1.5566759614200372	1.263043371993494	0.9146872264231604	-0.5505088669130308	0.14813601458418982	0.0922374259949257	-1.1001744753770402	-0.6956944450646575	0.21223676387414367	-0.4757522204716355	-0.9850522536919532	-0.32007552725552696	-0.5463224744920688	-0.7011018174570293	0.6956415478811304	-0.11491519391939303	-0.41287250795396185	0.7839769639737119	0.2865300124756918	0.4334334486251939	-2.400935923424684	-0.5748694787184753	0.09067946120108425	0.9540027046883247	0.7105255654518714	-0.008105525700168032	-0.21668094213833	-0.5372709895082151	1.2126718692421614
DTXSID2057609	1.648460259275392	-0.4249077698325374	-2.198598885116583	-2.525255586637313	-1.4862923100093144	-2.160192513630562	4.46663023114769	2.682174116685047	2.457136304177987	-4.180176220831125	-1.536924867542317	-0.6910147284109637	2.7211987216160316	-1.683137254140721	-1.9198608719880015	0.16931394270393849	1.343877318185103	1.714051765165167	0.5593404879903362	1.8015942333334225	-0.34476641446254125	0.5184622474356756	-1.4670179898460278	-1.8438062164484952	2.148358514131392	0.3344611671904822	0.2626727108659343	-0.3612529672318587	0.9484425099772291	-0.8811500381130233	-2.64596756640153	2.241277481765122	0.7504287101810032	4.667796291370616	2.4036755062822874	-1.0526027201707053	-4.771272219869636	6.258574917820973	-1.4050931036933858	-3.4367412318067743	-5.704149209112232	4.9180221473184496	5.918342691325603	7.929853824168773	-1.4658589249830947	-4.1959895812973045	-0.5730015525465673	-2.646713559871992	0.20147906163104515	-1.5805293003204326	-0.7146107661582783	1.514765597781461	1.3310204327294861	-0.8258877460804707	-2.0427841358436427	0.0004712504695651661	-1.5413072025506662	-0.7757556415136	2.8079097594131865	0.984525177386862	-1.432225105850621	-0.4184667906639988	-1.590701273143035	-0.32390527757441867	-0.04905406743773108	1.0965421513129727	-0.472917994092487	1.8124528887619815	-0.943079842049601	0.7582624367850536	-1.834950376246763	-0.9733214482622791	-2.079634356735829	-2.0141763333050635	-1.1930449318437222	1.8131634058728245	0.3357090506276121	-0.2424708098094705	2.0997700027889934	1.3233723314121435	-0.1772854466541312	0.2217257870865625	0.5127508923117218	1.240794193615005	-1.5879689124261598	1.3062664876106003	-0.25725965730933525	0.4173330915804818	-1.3613966539616964	-0.7916529316365881	-0.3215181889668234	-0.4606311643657039	-0.49525743092799657	-2.0730641257987457	0.699320092715544	-0.06917308968483717	2.2280240293771874	0.3638095338907786	-0.4937441294478636	0.01567985581588802
DTXSID3044702	-3.152252916090026	-0.958199332071829	3.128848768795844	-1.7223128775975596	1.0149298315156716	0.8362258398621243	0.6283970517134926	-0.5689433844804772	0.0128217944752686	-0.6549053354970594	-1.1749991463810658	0.5267040964107647	1.5268494100755252	-0.8876473317648736	-0.5472998759766423	0.7259985603995917	0.6864315220482772	0.24806678618096636	-0.7751427741074368	-0.730723128992135	-0.3211548790769918	0.9475573742137126	0.4635315365129788	0.7437044084442408	-0.469014358922423	-0.11933125661697881	0.6077883485685975	-0.24390644087930946	3.0634576335830452	0.9491584700354373	-1.8645777192004334	0.7684876663940059	-1.5182905132024478	0.893351098568974	-2.2188140883511718	1.308250280858417	1.1039664243113418	3.7056232451799156	-0.5551919013865431	1.0044770544545463	-1.1532947925495602	0.27020210594002836	-0.6929748121628759	-3.1159738377005937	-2.080004624965718	0.5661175752491311	-1.148299421551168	-1.8113380064358027	-0.010908184306261226	1.22895345310345	0.1698310065639142	-0.19166834661563642	-1.3985920012467972	-1.6930445622819772	0.9341857379220039	-2.023262198294734	-0.16292957824421664	2.2434587782612305	-0.8794665566109613	-2.09784005197342	-0.11526515082518612	1.2228349370275229	-0.9989037212738143	-0.17905754561847997	1.0923350412872856	0.6508642038806267	-0.983095828433983	-0.43830065945884056	-1.519941438309311	-0.23896613054935414	0.5523645739391132	-0.1327343477259056	1.0048864629103291	1.646269047037123	-0.6872820367224096	0.37876334114182797	0.32584483181252766	-0.9238746061555811	-0.5097434292772011	-0.3904542332083591	-0.25296526097923416	-0.7481448516596627	-0.04622447105177614	-0.9914297195537302	0.8479856948058894	-0.8015975652290667	-0.14844346864071756	0.5946135659826494	-0.23634720124658684	-0.06630505126740298	-0.2354560797169148	-0.7420476609681628	-0.2388925827598678	0.3414744779692032	-0.4265487437324074	-0.6853886321779525	0.04910254213932585	0.26765775824888466	0.6088123136556624	0.6783526772310953
DTXSID0023113	-6.988455327760326	0.007555876218618939	0.8557626549580929	2.9547485405247027	-0.44246298912106613	-1.0367817413840537	1.0057094429894795	-1.1189172050952179	0.0899792147941547	0.5910516001764017	3.098404815056031	0.23028055084568327	0.5332995914262214	-0.267929071218188	0.5412882974627734	0.5987771217844141	0.838300235966609	-0.6862919647972032	1.4562136977356988	-1.0800067853043367	0.49470371458877566	-0.25603644968453954	1.2897700274691306	-0.7675961551086437	-0.5020876372297217	1.465643078466025	-0.573592183728184	-0.3999017661314528	-1.2191536841700645	0.2926823933294357	-0.00695214623323562	0.7935090252846506	-1.1510323556386735	-0.8163408953787555	-0.5399916113422597	0.789953660589266	-0.1244218223248728	0.797471825936366	-0.09985565234651049	-0.39672202258690986	0.47269644060589766	1.4509485558974597	0.0729953913716595	0.38431623774773144	0.10350977870183203	0.08473016983895314	0.3620831127232139	1.3286653168072875	-0.0018835643280290186	-0.2761698180580373	-0.369755044230415	0.38654080632096993	0.16375290955482313	-0.12985628671395993	1.0594525723920014	-0.03084097348025003	0.6165120544195268	-0.3621419742136692	1.6916663426269354	0.5343936018686472	-0.7302032249868903	0.4129544494400065	0.7393544639338179	0.6590126473882072	-0.44410362777733176	-1.1842293634424697	-0.6887871086023084	0.9758822384456458	-0.29312178255918814	0.2735188388683617	-0.006694674993576861	-0.39636011482721833	-0.3531877605872466	1.0311889838179442	-0.571893307737782	0.47797192879226297	-0.04331120487056188	-0.38779618429829016	0.4678118958407353	0.6503065111409101	0.17025361934478345	0.3059811221581248	0.06033318622902092	-0.27899527697531834	-0.20156573611379885	0.014291704949721982	0.17738030609045627	-0.3131331382763257	0.640918463028026	-0.18767030924328992	0.042614711221031665	0.3564792636882955	0.22678061147332604	0.03508456856426913	0.11083410123325514	-0.157298880819173	0.13147934331951938	-0.31008984484025504	0.1379630652013138	0.5413716716541978
DTXSID7022673	17.574313534001405	8.738282430409976	-1.9425169974930943	5.166590779061457	-2.6969398456285947	-1.690828664404288	-5.586111744937628	-1.9743953087910417	1.3408274843245755	-0.8174868775264239	-0.06028501992376541	1.8422079792625088	4.5098416112093735	-0.137080884726166	-4.008456776895057	1.5547950877564478	1.4281820760664827	0.27042287056856384	-1.557698673926832	-1.3483091724202398	-1.6118358207912675	0.6896608629666009	-0.1777259030729965	0.4567697397252161	1.2904165627987854	2.9396929368932496	0.27817964361295916	2.370572994172638	-0.17545831540327297	1.6741656339115654	-0.29717984485139864	-0.4896767609840258	-1.6053927345475676	-0.34351791341246746	1.3238508636533932	3.722045507066591	-1.1304984104114482	-0.5272104702481066	0.8838836614824845	-0.8849492042351549	-0.2769873120342167	0.08199924688849652	0.8695595276903514	-0.9935381610960564	1.91911344185539	0.5199207429190944	-0.04886224053900137	-2.1087600915575515	2.667390526446863	0.2616821477327591	2.724126018864838	-0.3940144200374368	-0.6073898041425341	-0.2727594014671198	0.37402893514865004	1.4882257929350313	-2.1227743087791	1.7832522295744861	-0.24011565763844855	-1.8553542460884476	1.0271752473520084	-0.7401619215270183	0.9904295979145838	-1.1693392863212195	-0.3636812968176663	-0.0818687166999238	-1.108370168992742	0.44117070516754603	0.4188158516820888	-1.1074697316292148	-0.9241193347315221	-0.07446927456754421	-0.34951283298020813	1.2008257232690631	0.6937922554426564	1.5270616537494337	-2.398003023326491	3.1379025787961075	0.3879944674695962	-0.9419159018949658	1.5999156423300311	1.8120249264273296	0.08218700116009123	0.7049909263854996	-0.262445022681307	0.23855150187622465	2.151906070061807	0.7945539284564973	1.071034324512506	-0.6190938301462611	-0.06152087845342908	0.6028543996099319	0.3764179336427258	-0.28554026424721385	0.42195606585409573	-0.9257914604831807	0.18870375422322874	1.0686012921721173	-0.31680930501466964	-0.5589907257900578
DTXSID0059794	4.86913514337255	-12.432344040054584	-10.767434805060901	2.4221956508893236	-3.8323959555088902	-1.1247295726532833	-12.541189625657466	-13.855987298717126	-2.3386018897013003	-6.368645853993935	-12.734511010597007	21.86555731870807	-5.74282231702227	-5.254372727970187	3.053413316537497	-5.371547737496626	-3.0981514161327786	-9.394790424361043	-0.7453353126610115	6.459242722625558	-5.6153870846707505	-1.3929356208166972	-5.081162266996087	2.7709960389652584	-3.1707167452743183	9.292677409266334	3.772559497830635	4.16261390129486	-6.74524161978398	-3.55460290036491	0.22421205097140387	-1.626205671089877	-5.011950735841669	1.9731552826297045	-2.8795949840203123	1.0974320475127797	3.4011079419947614	1.3376713564060794	-2.8558227736927866	3.429440287900778	-4.316059903369076	2.8394232594108453	0.34495109427932796	-0.80902494062647	0.4135563118039573	0.6410898528358394	-1.2223192193558114	1.5488004949126315	1.2414970904586804	-1.5119107849171582	-4.845129974099641	-1.4011323719041904	4.0507445858240185	0.9863306346047472	2.419694110893018	-1.8334694303189438	-0.8385737387264997	4.837562599500351	-1.4684338827645993	-0.05166331316207514	-0.05808465719731629	-0.6102039119246435	-2.5114574462195125	1.8352687932334186	-1.9726948349093205	1.32925557114803	-1.6379192952155195	2.3238392670441237	-2.8936314730955757	2.469386309345866	-0.8304525587990511	0.44801899572139897	-5.869438521614173	-2.2720703684616663	-1.1455107882237687	-2.440717859947173	2.3715470082801584	1.3969152740674633	1.5385472190628482	-0.026397786595826724	3.3721049648953487	1.525111159558066	1.7975415699718733	-1.969657177850086	2.9874681515455666	-2.763384474313581	-3.62746167274288	5.177405484611796	-0.37342608503843	-0.05690505219902909	-3.6608556696169736	6.365731143994082	3.715191141789156	2.173483680717542	-8.482842494981435	0.16143109038947043	-3.675098789450652	-4.092966757720591	4.4517706157906325	-3.753103405178861
DTXSID2047775	8.846852306884742	-4.419110864223544	0.9839058657424382	1.9538281335444123	1.83280793007595	0.8423975846642189	-1.1635368460803086	5.623177938711438	-0.7505080171187831	-0.7377873143726928	-2.7543285346517785	0.5354211559729751	-1.1318565036004378	0.6414589725622459	2.185622088722305	3.0933435971471552	-6.042277525628372	0.48371978099346136	-1.888252405827181	-0.2034264888441365	-1.4219423745317032	1.5533271541865608	1.377292340193036	-4.1426561110128555	1.1110572941719998	-0.37126862041849845	-0.38762906051683793	-0.505735353849568	0.23091071556861145	0.3155207532543885	-2.4448994324843345	0.5786733339040868	1.1967234880045867	0.9707267051686775	0.3514868540040893	0.11256164920201452	-0.9165122563007245	1.1399687421734166	0.17059801826284968	0.7047041491575746	-0.907722543657432	-0.09773288576031164	0.3329195914231663	-1.4275747444865252	-0.5346725502088681	0.29327422558373856	-0.16431507017287028	0.6543522816377063	0.026290585588262378	0.3994290447733378	0.3682254377305365	-0.24507240078131945	0.5639545493758145	0.5394149515869119	0.15134958739756907	-0.5410582417737106	-0.7985997648140044	-1.1166485790330853	0.8711517869195861	-0.9267042525004812	-0.673103201335652	1.613166629888487	-1.7980597890073524	-0.16226482353499136	-0.742649115251367	-1.8679761313093493	4.027100283185908	-0.34743277813633006	0.6996780637798212	1.3646945021533576	1.3433297881860051	-0.37560484926301574	-0.17670523441640507	1.0398321457155895	-1.2101685528817285	1.1245247550525448	-1.0847170550983158	-0.33022741235028436	-1.4952044550869208	-0.14282603699455657	1.403995770131004	-1.4619478016598495	-2.731635894218604	-0.171222766105001	0.9809290376884486	-0.6341024334642926	-1.317784645196965	1.7044853480883055	3.7463417522875715	-1.5675232300277415	0.17896710053857331	-1.281048848298276	0.4490040355599101	0.31517745490065635	-0.8691881883089577	-1.8625566031783338	-0.048521244989051894	1.6047787885043103	-3.237094015715264	1.0027744579198958
DTXSID0027014	-5.838176778565518	4.665386452630021	-2.135898336477167	0.3771724295295643	2.4188999385310512	-0.6723071347920744	0.8730419556549275	-0.7837446959508516	-0.06199692190292377	-0.8925161023502727	-1.2879437518973946	1.6854496583972802	0.12926466850304066	-0.167852718949762	-0.28695216692138126	0.8325567588746001	0.7894968097836184	0.913350249643166	0.35182512019419954	-0.5647914862570966	-0.45062653419178383	1.016104347164427	-0.26485482185272885	0.5131706529446763	-0.4190299947315555	0.06717644124429321	-1.1832939661460429	-0.4751846356693867	-0.6478932270672931	0.30570606402642764	0.7037964104083689	-0.7264113056922689	-0.07024203692322269	-0.9414933932552026	0.3496631037236775	0.6805428108875441	0.103992009733889	0.5154313059996973	-0.05289393953936322	-0.5228247302524449	0.29119548044918603	-0.8637902260667746	-0.6237646143113469	0.3064079261736092	0.03477942804393922	-0.34555846846661264	-0.25035227801441473	0.49966709908517243	0.5980607937751984	-0.44061779097390946	-0.42575610235315614	-0.4969322603068182	-0.10821719841533856	-0.013352953817106153	-0.6972729454716525	-0.4249200296884389	-0.531868104868257	-0.3311803637565122	0.0697626688750853	0.10131892800787189	-0.47972727343733723	0.1472427651754593	0.28041431749161283	0.16125100530340641	0.7739483050918303	0.3459358551607497	0.20623572428848905	-0.1263247238641118	0.4626616876581666	0.5361882005425631	-0.12449765440455117	-0.8904250391162222	0.3882722694703774	-0.3247107798741227	-0.5249505808843128	0.156540506924551	0.4539678664193517	-0.5443798549637755	-0.3716094171694849	-0.034864809993056356	0.1843454975878216	-0.07398771303466112	0.5809449211158825	0.019428408768364498	0.003022828006598719	0.04815120032760102	0.09290568220554381	0.13293220631727237	-0.21489858138201498	-0.058788545122496906	0.29389817004274016	0.5780019968879191	0.25013220144298637	0.07512171266194335	-0.0539134573514843	0.5299507984042726	-0.13358740053946885	0.09903264502377522	-0.0596904512703611	-0.07346794673139766
DTXSID1044807	-0.9840889809479292	1.6420141896643312	-4.297630732037812	0.6889922311922201	4.412628677792735	2.312523900263908	0.8151522494084228	-2.2474331900595383	1.5791382189724965	0.10973992376999765	2.3187260520929844	1.6936345039920144	0.06511344449208409	1.2883085355521222	-0.055748583994424866	0.45383970517729866	2.345523448437257	0.41419498043566066	-1.091003592567499	1.0494704706461648	-0.19871499909272206	-0.00619652625653646	1.0522088948016706	-1.7606758489406322	2.3662556818848133	0.22653167729122825	-0.3189092466780594	0.9465181650079804	-0.9849520187996906	-3.0162926332813575	0.3084783016834547	0.7866273075890458	0.6211457335694985	0.8916492346646038	0.7989452511901873	-1.0494224580484401	-0.08577262157608959	0.02869051230565377	-0.8375537733391086	0.15820562751537104	-0.00024523982429393927	-0.3393145344989957	-0.2153507338699505	-0.15226888353554674	0.33911114691152466	-0.9384155325085543	-0.8196997629934989	-0.7635844895753306	-0.5792935926656827	0.8204568498418556	-0.5595110918145522	-0.06537414208670905	-0.9789638376000155	-0.6747030046522271	0.26165385174755385	-0.4519198219762483	0.18778335085724135	1.54955511123879	0.15060556881101617	-0.35246602829391904	-0.09102235480426515	-1.313269607338414	0.323026518417158	0.9909942737991451	0.09338609876209404	-0.5178665908198024	-0.9886185879701788	0.13575723606242826	0.23797259637493817	0.0916574966519999	-0.6064879224403538	-0.06211439985373621	0.5654305036204651	0.8953448955789103	-1.7341324381248286	0.8199559591747386	-0.6368943144950878	0.5367727896512233	0.08110926005053627	0.14606379094295002	0.8415281850838995	-0.02086756792380022	-0.3363240844999836	-0.44903239302154563	1.2862721674343554	1.0007181252240276	-0.08511381242136845	0.17930826924151078	0.029834120164943224	-0.5510105368622348	0.9359988145811181	0.7632411016422093	-0.3882316373830269	0.46587742451503256	-0.48734349424312046	-0.24397728326185955	0.8780291910468697	-0.32189272978811895	-0.1962644181169224	-0.13533414128350468
DTXSID8021725	9.601850947877871	-1.4250461661586367	-2.3125763616389317	-4.846286222498613	-0.39390081671111304	-0.4697744844018235	7.597477562489564	5.3741964899410855	-1.1689235762883579	-1.1938807303382823	-4.638527292784768	-2.991873216199938	-0.2781856706259058	-0.8059060192639838	-1.719306376030374	5.025468126284584	-2.935812810570663	-3.851959324422128	0.536414529705903	0.29974005896025474	-3.3936670327564458	0.5293024754003849	-2.6029975646872456	-2.1684322143989423	4.175431544325872	2.9936919885795357	1.5729655267877207	1.0946855264795308	-2.9370530988927643	-2.3930411941457876	-0.8973625228218566	4.236405814262009	0.48064705650289313	-2.3061425569333687	-1.3905994327009308	0.9983118397736268	0.3383280773033525	1.4921458239579075	-1.4462154905122402	2.650907241048091	0.10642006118715286	-0.06598974304336731	-4.563278969642875	4.449097447325234	0.0771463393951554	3.2841865857715957	-1.1144134769142806	3.9764600749622927	1.7316289633977586	1.044487886589399	1.145567208300661	2.15995341624894	-0.6082430535830528	-4.82886984285826	-0.21781268985320273	3.228586311783544	2.8899480561162525	4.815457840305063	-2.370832135422872	0.7489464744606863	-4.325865791259636	2.782029270274128	-1.7653706856647162	-3.028803804986741	-0.27468777221941776	2.8134437516418553	-0.011987171525804951	0.6185409871647949	3.5369810435815427	3.6196470155414957	-1.4928465185923232	6.397119654518711	0.5184008523469382	1.105318325677552	-1.5608408902145787	-1.5180718863477347	-2.2858907703836104	1.1275582125276278	0.3374005873981706	-0.0879536764016329	0.9532126766783947	-0.8063697390306459	-0.8878005777039933	-0.10984625772212542	-1.8404721366227506	2.552279747077824	-2.0516470811286807	2.0401456402655396	2.236739238986849	-2.269239994740795	-0.4337555813331737	-2.2550671095130195	0.5781338180239738	-0.7889390885866502	0.1157882765275264	0.5464866272003732	-0.22684165461439634	-1.5174809143087646	-1.0671894947134994	0.398590165043155
DTXSID4020828	-7.070134634812924	-0.028732504929844277	1.0543911937388453	2.7600020592927508	-0.3849234082588833	-1.0630678212712248	1.1864129962264562	-0.6042448120924043	-0.06553437693336957	0.5059893129518603	2.2969641069458544	0.4497511003486186	0.06001445654933738	-0.05523316193666424	0.5847236627932039	0.08251110687122956	1.1165929249165316	-1.4070823330933684	1.0267497089706221	-0.45810909303031144	0.12030139695001896	0.2824014353308007	0.8254069489416066	0.09288004918698979	-0.08009979435319252	0.27092365105169164	-0.11551564735511599	-0.10671631070875325	-0.22770074547551705	-0.2510472051823878	0.6504151870294388	0.8121467694723152	-0.14512387160227533	-0.050982065147698485	0.5814962759791314	-0.2041473786354743	0.1347302159561491	-0.501346109519702	0.020241144047537803	-0.14921373203560376	0.26959633237073843	0.4951271857285661	0.10066852384198988	0.4651979017716041	0.5178004789109181	-0.4084095005593011	-0.46552951304826384	-0.14671486551193075	-0.4042339381189687	-0.17045420137110534	-0.23615460876227018	-0.12653076445545933	-0.10484999816052049	-0.8066957829725759	-0.36162003852552466	-0.18020834585109777	0.25673147288085624	0.731594141601253	-0.2835981832681077	0.06889053111547136	0.026918669449316434	0.006732535925048321	-0.2536952478347763	0.8762198512794077	-0.06908448976103636	-0.6174682699193234	-0.09186546258467694	0.6798237144880097	0.6957774381682094	-0.32206968338932	0.2033257248838297	0.013773686003291905	0.511459486021642	-0.19482865326477078	-0.1293097335867941	0.194144252658911	0.7098500676320422	-0.18924453626629706	-0.14407636051639128	-0.3307599949833508	0.42680035859821885	0.37447862150088934	-0.15404141391583204	0.17579139135733157	-0.0017749864724867896	-0.0019048682282965155	-0.026792187126894018	-0.038646484160376686	0.026286288969561776	0.12843818848432756	-0.12561003352992314	-0.11224563124276572	0.3887795416267938	0.15042225366332523	-0.050992854699673025	0.09123441486590826	0.1409365525904509	-0.09144922408541373	-0.13573032517000594	0.057676794830813664
DTXSID8021197	-8.08022717819754	3.231589998507651	-3.8119067961000086	2.1998531091258617	-1.9157597397307526	0.6114009935035595	3.091515064329747	-1.980226463394359	-0.05735172742765269	0.8445767328777669	1.5666120012172522	0.2640908082201919	1.3806971889709987	1.1894940203359226	-0.5781774077610995	0.8225288998028932	-1.3027428159067012	-1.0004864841174097	1.4434627737146997	2.6373216823176255	-2.5949731020779385	2.1205975821244216	1.3932540731161265	-1.8440914919370943	1.345050802292095	-0.2771374787759559	-0.5632411557196719	-0.6945647558813517	0.013634224628800724	-1.0577220387903816	-0.0768189517612724	-2.8853118233597614	-1.633970868887036	-0.8967700495946112	1.2189859058500234	-2.805243178712503	0.9428717465710014	0.18773205035484203	3.8415996500635208	1.4303388357886329	-4.001924673124454	1.9344931706781285	-1.1019142098012367	0.34938169744512315	1.6549419884329803	4.394384571477748	0.41516972276184794	-0.8831557289753472	-0.7811555406587376	0.42442412946128066	-0.31770480863869954	-1.5853490618512702	-0.9255872470369778	-1.5230021942880567	-0.5268341857754371	-1.4201988771178782	1.2818507338960543	-1.1696792441355293	-0.7285667906107712	0.03002015638758347	-0.42187645010748487	-0.9354373244525409	0.9426287670944689	-0.8557561013363283	0.6148176815070451	-0.7549150717287457	-0.6483920298514354	0.582128189549287	-0.34777195033790287	1.2280271572694061	-0.6021090756582491	0.5768934434935727	-1.0837233735349967	-0.8329692463282082	-0.46055207964807104	0.9430899098029158	-0.728657159134928	0.8133013650220359	-1.0853836133611956	-0.07237675625642206	-0.22700425603841776	-0.9382355275750013	0.36968535621956344	0.5410378689675265	-0.1305771357490462	-0.5143589196150531	-0.2193081861949048	0.23735694728771192	-0.33177553752744415	0.183337262842664	0.44357888993811834	0.45217590844122457	-0.04738291196934793	0.20557549349355328	0.4769455906004675	0.36523269701171907	0.2239205732949296	0.21032487200876812	0.1566724644873322	-0.16918655458936832
DTXSID1024912	-4.749874971698552	7.017813372769842	0.7106585584793271	-1.4234478834221012	0.9353061189440902	0.32750325525814616	-0.7647935008232838	-0.5459076711763016	-1.4155964818753126	0.7563906880186047	-1.2559592448893737	0.9254145783900644	-0.680853777141461	-0.7348794356600811	-0.36468076954775974	1.0284416372586966	0.43901940899601155	-0.3056830360982037	0.5000239843604306	1.1346129639354496	1.0743552504280327	-0.7144331962620587	0.8014295786349301	-1.1626771879968427	-0.13255898422300383	-0.23365479059353855	-1.0652838045391542	0.6783989979763818	0.06129516338406348	-1.2621481310314546	-0.09691604957962043	0.40507309457821317	-1.1160232814987747	1.2327442680336664	0.7836949518034954	0.3331650019300996	0.3271605744206534	-0.09709948183763871	0.0754169902108814	0.004842526505341283	0.2754782982756689	1.2806475136630133	-0.21322311435921693	-0.449428447946017	0.3419644840776996	-0.5812629261779135	-0.6846090029598526	0.7465583105585338	-0.3955783633844676	0.30230107318949756	-0.0131162146806387	0.21005705183014836	-0.37385532548806755	-0.18450281569640395	0.3517613224128177	0.33339095016349535	0.25223109882352274	0.37913634329192913	-1.1899691026173949	-0.29121189975547046	-0.42915086046966916	-1.1095149998876448	-2.132736184235304	0.4554552213971736	-0.6122901194044298	-0.15162139685576626	0.26685434663214297	1.3100421374466442	-0.18839884028323378	0.360433214778735	0.5762229778836601	0.2839334962322559	0.03769989107986256	0.07257493662068192	-0.35352687373869834	0.22804923122658866	0.46894361653689715	-0.20024423108812367	0.3904829730471484	-0.4821987973559408	0.7059221302717202	0.05289756411333638	1.3231243073712513	-0.30848469554161717	0.3285198475886748	-0.688807472936483	-0.11826053874112269	0.14288509089358206	-0.007867310880577086	0.607915629293048	-0.2848944361461152	-0.09337748867002826	-0.8387529954752876	-1.12427951017359	1.168091839273608	0.29601790348795926	-0.6026960349816506	0.34381987695388594	-0.021330663457340165	-0.20357917128356712
DTXSID5020497	-5.1778421999086985	0.5192778842870527	-2.615144542558702	0.8300544183758402	-2.84167516833529	-2.188147062757996	2.6736208571698463	1.1030126916979026	3.5340362647928125	-2.0777375653334165	-1.8015711936052323	-0.7533817380943255	2.638768630390594	-0.9340730834100331	0.015504957928884377	-0.11657688370478975	0.6220603317908556	0.5099447829286005	0.8130102270430128	2.4885231090649853	-0.41523771306460805	1.895849939871239	-0.9181786824470886	-0.2763242277207664	0.15411874046620722	0.7498685741651099	-0.9525050794582484	-0.8264036307863508	0.6517295207147427	0.2462257079826227	-1.9449309547481226	2.7925296912522026	0.13280718635370478	4.8053450562697755	1.6627777634264822	-1.8500126081903612	-4.845519813270388	6.083178338847214	0.3320854922458635	-4.09865315343739	-5.1960809491865465	4.789864302925621	5.894055065203171	7.688561079498432	-0.8414004603498665	-4.630146350799234	-1.2321084930706936	-1.9449439535499444	0.7111531371389566	-0.9979468086963249	-0.6119285357495851	2.149872074336385	-0.17400117979573376	-0.49017722376531997	-2.6648880098182723	-0.928074685220475	-1.243277472975936	-1.062718511793363	1.9844463409619013	1.4917526071439835	-1.1298453940597435	0.20830440413346427	0.05575633509738264	-0.8322898013814979	0.17880984749443607	1.578233559720772	-1.510384048271421	1.4316628284200656	-0.5883914324080567	1.1247750330918087	-1.6907165909427844	-0.029289696978068408	-1.1062854961046715	-2.164306602347344	-0.10872978708272689	0.6078445259964663	-0.35344871134711076	-0.2035355277030929	0.7983620433642126	0.17964584788405483	-0.1642356445828113	1.142044596017779	0.48489330137729286	0.21166312189532832	-1.997308288861881	-0.25686044959761933	-0.5662552757905761	-0.3769782183851953	-1.3590282367420676	0.38636121672872836	-0.5953363328587534	-0.6550923916905398	0.39750511767747637	-1.8620780539256643	0.5392980431711778	0.005383798969074819	1.6381809151152222	-0.3679187632525085	-0.4027502815289817	-0.9616572826792936
DTXSID4022947	7.895983926818925	4.309561481742162	-1.7263934942107613	4.218428634448013	3.6222280269851654	-1.3267063403217898	-1.491831426071029	-0.9603213582890732	0.3979405779717095	-3.8813681703505587	-2.7929175488816345	-1.1992837684066189	1.7098327438129954	4.883100922629589	-0.9911521769217646	1.1091787942342108	0.858159769355592	1.8224670950066362	0.8587546234203424	-1.6027687628535903	0.1310743927901895	1.2288023039773766	-0.5523203855118018	0.8352301115496988	-0.2652257378106473	0.6066553683639692	-1.094018211288545	1.3823123748506645	-0.15082289406985908	0.9595270803506553	1.379888546034651	-0.7534903658445236	0.24006228249406886	-0.2939337723876882	0.5323045891834756	0.6666370384037968	0.019582061059885872	1.1629549388490132	-1.0581193868133694	0.8028357781403683	0.625292090757278	0.07212705200286589	-0.8236779545819289	-0.36672644723375397	-0.3329676833032814	-0.02134195474953247	-0.3617957987507919	-0.4073071874948825	-0.12251116175290447	-1.164709532827189	-1.9357259428450229	-0.8755407057377013	-0.3884789405044798	-1.390503894491797	-1.5655971110967988	-0.6471647801298055	-0.7394000373986974	-0.20845571772208027	-0.19306677970433334	1.5127707282180871	0.13532833598110783	-1.1852972935824748	1.2535062113212767	-0.524379881706791	0.38737371458943853	0.7569288044531105	-0.7704076161064375	-0.38309566236078724	1.0003988316931394	-0.09510134402978054	-0.8949654728467036	-0.9551915247081202	0.041854517336144606	-0.17951368846005383	-0.5827919245478899	0.7556648772442024	1.3211375954353486	-0.1767590739040077	-0.06934362502945002	-0.22951472922503544	-0.18265366504105457	-1.09202214056501	-0.06022018225989313	-0.22531466448667556	0.8662751153599711	-1.3838488846354717	-0.6997570319935678	0.19981705376835734	1.074096641999263	-0.010393335433181165	1.5410166612985392	1.021202613005633	0.77751082161212	0.10533954877775065	0.6015237903085942	0.5622292772178288	-0.24515100831413617	-0.2698014308060964	1.117544897808539	0.3551524255075647
DTXSID1034844	0.09899793310314456	-0.9725346772942246	-3.6227156765791824	-1.4210976747579445	-3.542242675997442	-3.2402704626419596	1.3900688554431795	5.4186154793155055	-0.2792555140384803	-4.329235136906052	-0.5537980544827824	2.4310827896752647	-1.3461571120573008	0.1647500439023759	2.193268851646123	2.4461063274333075	-0.9552627356177023	0.5239383001767823	-1.227365958220069	-1.0787755787549382	2.116853491223145	-0.4874758434220102	1.0424574447681971	-3.0033587017728114	-2.4118568487252663	-0.750000456062188	1.815704581351914	3.0357002805872377	-0.7867312928106028	-0.7563915984640893	-0.9994443026834711	-0.1544886354765769	-0.5994034848451159	1.0973268961180642	-0.23774019181599854	-0.5069608057799196	-0.150684366272219	-0.7769882493666448	1.259879917667099	-1.2548247096397118	-0.4031352544900273	-0.003755861233094405	0.5838563640291135	-1.367046578032539	0.7750411051185907	0.243188452171216	0.33909365538991815	-1.254167904558883	0.3569755709441478	0.559691298380694	-0.02566005577978798	-0.6366200427905165	-1.303332914477109	1.072113186096799	-0.7223204659348729	-0.13911273020739126	-0.34667001044775164	-0.11554209697488184	1.2367836969433978	0.22508691033358993	0.3659729404129853	1.023519347596015	0.11270112898472916	-0.37493289395383794	-0.644373061910883	-0.3916660159291442	-0.8719924206613427	-0.17700192571894194	1.050177548892218	0.7069516468108347	0.7904307870095041	0.5513885676216052	0.309794840648141	-0.325006588581086	1.015039456278673	-0.45060671088720866	0.17414659072321387	0.35052395708754724	0.5263932509500356	0.3777624256869511	1.0148709299513814	-0.49525191651004025	0.31326212902130013	0.5178879188756284	0.013184636969180324	-0.013550717778823334	-0.5533955767511323	0.8055351321065098	-0.45838222968864545	0.4595828986836581	0.038937896562865455	0.15135577522075983	0.40743813127014156	0.16511210199397053	-0.23084846139496276	0.3636535766968146	-0.6676861823329807	0.05217270049905562	-0.7536057814511682	0.3584508795805945
DTXSID6032356	-1.8559420641710114	4.20891317140902	-3.047668719411528	-1.0244480800952362	0.3429983349564088	1.3449654128643782	1.5919251929798341	-0.4638542537939421	-0.20728591453230352	-0.6685986329544218	-0.8383881451503863	-0.8522328811159505	-0.5443872575223935	-0.38401684961081284	0.23689853427326624	-0.8868402984934878	-0.33176612834822455	-0.17781963803693782	-0.3041800189218272	-1.691813056134687	0.5605777414132987	-1.2449631555040044	-1.3483987374053907	-0.3846199723000181	0.7393109536137981	0.837584442931423	-1.1738794030731126	0.3740884915144565	0.6599705003857534	0.21542206701220998	0.17749869048630146	-0.9345869426364669	-0.3804483895949787	0.15340972965339778	-0.16110010938139316	-0.09795767160445079	0.46472662499786394	-0.43380765667951143	0.8679266714787947	-0.26271632512472254	0.3922805296712635	-0.2551534206610174	-0.15975178653626332	0.15725478459246314	0.352761779445688	-1.6098774573243	0.1850004062064265	-1.062518551941014	0.22736876825441982	0.9358548823190801	0.3071348459853735	-0.5966575890587761	0.7087961194091574	0.8984133327089875	0.4271280549789583	0.14209855611921995	1.3317536133222054	0.5579651224627331	-0.9370814836492471	1.31146104316781	-1.3970085343626075	0.14706520058188652	-0.7433406014003501	-0.42771561563758764	-0.12017981084782646	0.3832005272439794	0.7808311995848546	0.792189246439117	-1.3939132341558442	-0.5046517063414637	-0.615359414722255	-0.8164869484842354	-0.23058168546611238	0.5021244125727564	-0.004266284289554299	-0.6740929068292797	-0.7400522776721123	0.1581083696434634	0.4095946200264638	-0.5070362402732167	0.2803733821134355	-0.6592156088988367	0.42803904347902777	-0.5681077669560785	-0.0856757567632996	0.07532907840954518	0.528740794588159	-0.5887532946211991	-0.2000170822366367	0.6117528768184103	-0.26596913861317584	1.1030940658823787	-0.6383032848489129	0.02409064274043744	0.5516304039254115	-0.42858187314560886	-0.361801164205047	0.0438602327099732	0.29857874863901923	-0.7381469311317803
DTXSID1046504	6.817073971916423	-2.1239078017950357	1.0487105771015712	-4.065735652120621	-1.7759049092459092	2.256954215413374	4.443452512076132	3.193986195086901	-3.229012384698712	-1.8816329345176792	-3.0375520092334827	-3.359803543924151	1.0270173250720667	-1.5897547862438604	3.8246803561488965	2.0783136591985776	-1.5367238964244858	2.4331177275112585	2.0082039945345036	-0.9873955273878707	-9.287277512052205	-6.1553561889867465	5.903420145033121	5.757603980052392	6.841706758554229	-0.3986444997057942	-1.8734305392415505	2.143327213104961	-2.8924271508018475	-0.23848312677843378	0.1687953166067423	2.91047087164108	0.3794340125153657	-0.14896804208875541	-2.3295255121793352	-0.2591268251963736	0.8160820018549052	1.0368203237112399	0.06522462712246299	0.23274899511568556	0.561111965024224	0.7670200491651394	-0.9093143355563377	0.5993062389827994	0.805301518364796	0.6186039509870449	1.313173225059315	-0.0597469707167697	0.3995917235323237	0.5457980489672337	-0.8599291646068207	1.148382110352455	-0.4860429191076593	0.14816367653908014	1.0496106264476381	-0.2899410188289143	-1.0367659120232895	-0.7495859035998717	-0.2860744091457052	0.8812429822159479	-0.15844165818914033	0.2649700594636892	0.5110880252374183	0.2909558182231939	0.04882790254070672	-0.8877996724387721	-0.157306009868762	-0.8552823003599825	0.12243219207764823	0.9909390325549827	0.2279730216916405	-0.4200351818641096	0.20518100074889714	2.1656304172574123	0.8204496455399842	1.2188885816082728	-0.5700264712788927	-0.4640243814709902	1.2485568693393383	0.09469773125021737	-0.32097951949436604	0.5955560892896282	-0.5256526344052244	-0.31335175688173617	0.016968169357592593	0.0777189372255903	0.22938490690271948	0.5461897365448065	-0.2291540819655838	-0.03765929638972917	-0.13694261022452647	0.23736699909168266	0.520847520914107	0.13124915813763727	-0.7056535152230924	-0.6917445229738768	-1.0771254468766607	-0.38704359141097866	-0.002356397874743383	0.9041789677540494
DTXSID8021278	1.5638637557377815	-1.3022970020515594	-2.6944163487109947	1.3065539884674777	0.5019400001270021	0.5073807075874335	-1.099470093694611	2.5985869066227676	-0.8458876235466591	-2.9465442820857466	-0.5313281810704229	0.22976927815473494	-2.4422450239330744	-3.8737686730774428	-2.3648486257401435	-3.36290580319532	-1.490075078708852	4.077259950497493	-0.4880155229225316	-2.15571242114043	1.8354088513148032	5.694316708230642	2.7287495221579947	0.5577098580898	1.6322969564308265	-0.03753830339619488	0.18137205258065217	-1.491562096459346	-2.9573586984039832	0.314695637516606	3.1506603380889695	2.9205488465187015	-2.501211447576048	0.9337658274384929	0.5301164436247351	0.9128094944929321	2.4332765893152994	-0.41492868971312435	2.6040013175562535	0.21823400595095271	-0.7602453989595028	0.5209047583049577	-0.5493909600227892	-1.1254986452252316	-0.26948757031917386	-1.4322089388504233	-0.10068157304061665	0.47089516334474335	-1.1195579302995171	-0.6381858414539118	0.3896059626488068	-0.9218569015396223	-1.6503605452916714	1.0129040789801464	-1.8172498309088452	-0.6372391453650584	-0.5606569954317653	0.6970116789884186	-1.564151802980993	-1.6240315954825288	2.0902459192579594	1.819612944198476	0.8877170516429985	1.6054977292341757	2.713811172271339	1.3139704703044806	0.2621204691399927	-2.8826877134272095	3.909374326063826	0.857108390359353	-1.6431012310680373	-2.9943212565290733	-5.269298443367437	4.9590742102062935	-3.0904229442607822	-2.6624271820930123	3.038275629758874	2.796882027969053	0.42102792713431925	0.1346436134217297	0.2984008530793887	-0.5728329594807371	0.6042839929915584	2.464901030051839	-4.33315337478447	-4.342155417074628	-1.0290695886375045	-1.6562902972680273	0.8096657354576772	-1.398830193480026	1.5188565167959212	-1.4842399028299402	0.15774000003138477	-1.149642799240745	0.5447533039200284	-0.8269208857135142	-0.8682883398153878	-1.5840668202647536	-0.049406201354084925	0.5192441102351072
DTXSID1046211	0.310266210624238	0.8883032904905452	1.9517727300918066	1.7908198534019824	-2.3209828675010153	1.1709468272922452	-1.3300036873765402	-3.343670482288668	0.39700886223894283	-0.02327275813621651	-0.5758938154443198	0.595293080099827	4.262067611833447	0.06516190162216293	-2.38258441747142	0.6737798671165458	0.9895222995918085	1.6320816134410931	-2.2283188827283387	0.08793663585242932	-0.5239255969424947	-0.7958327434826622	-0.04198394403711082	-1.1396365981181005	1.2838797958722032	0.5299338075898047	1.172176801290062	1.9598550512544213	0.8313566430225184	0.42324108975524083	0.02370330207891195	-0.08020761908831875	-0.10413904305647471	1.7848940101597182	0.08528005533846433	0.2663454297107809	0.25608438323152405	-0.4810254171755632	-0.9214260746255708	3.1359840843624736	0.6133967405484998	1.348834754839156	-0.47306218857127313	-0.07931865718257163	-0.2665696616286951	-0.21942780083999183	0.8410329401844798	-0.6091554613497292	-2.9845399663736973	-2.8089411870349332	-1.2530250765993947	2.007621358347012	1.4486774836682559	0.23335399047359695	-0.7470018604825048	0.26657799603227966	1.6688367455105184	0.49955594878019405	-1.156217236254975	0.4502115214509188	-0.3289490956487813	2.2247980472091555	1.136736588587642	0.4794614419355702	-0.09212845767871981	-0.3175603065306207	-0.052441780889713054	0.20472856263816622	-0.012002477971640554	-0.7106815967138986	0.38032236726459095	0.6576075149510843	-0.269841803210032	0.03773045402335104	0.707828181381197	0.045220266732902976	0.09937835817691484	-0.4338944697442287	0.7497952164169959	-0.6837135131864721	-0.3656964732763116	0.134932681588953	0.9705397781142797	-0.9542707010152409	-0.09211244435753557	-0.6224821823700124	-0.164008870600341	0.526601305700452	1.3026024497576598	-0.32651943415671625	0.2677334178026663	0.07379014194578966	0.15327210750872136	-0.14853304742974183	-0.1803897969992003	-0.3468182041350221	-0.027138336541151446	0.4738693984077069	0.45001172449922977	0.23535695976417045
DTXSID0046195	2.0553571691432735	-2.3637369880622416	-2.3799541853080597	-0.5282187808442541	1.738795642562589	1.071616523847924	3.4380167218149973	3.1189373145253416	0.7471257025938394	3.255318215009198	6.616748959039475	0.4326033039578008	-0.25339913034836303	1.3836487701145526	0.5138254536036698	0.7852863400020482	3.129154334519882	-5.7158161755160455	0.7997243082388069	-0.839157511117481	-1.6710373843423367	-0.12745797550192906	5.99955343423898	-2.5126072235412247	-1.0534538302956618	5.226389598297251	2.4006027256894686	-1.4904569266414016	-3.0226086250799225	1.7979992700232748	4.658513757428733	-0.22063638919663817	-0.4217316031351917	2.057961000561899	4.578654478538118	1.5358655031576136	-1.9063623720869647	0.7913645797128204	-1.2219251153422959	2.47881435331383	-2.5618079615778133	-1.2872984039226685	-0.021281610884691146	-0.8538978341435297	-4.695521570323832	-0.3893904838499051	-0.42285690511451973	0.24995464048999202	-0.8369933898795281	1.999350359493008	1.1167844061333336	0.6510253702441784	-0.5121949552003578	1.9102124154687066	0.1303275432924377	-0.9295272236612837	1.2916378285872567	1.4550915738909747	-0.9255377174716602	2.123391088200746	0.5964948792300583	-1.0886922721174195	0.18172683308681845	0.8310350862948428	-0.6685523804052182	-0.05727818372920498	-1.3877094223592994	1.2375485953716412	0.4344268608078752	-0.31625965237681714	0.9843518794324696	-0.5316905974856803	0.32808362424600657	-0.635468183096074	0.16274065319734596	-0.017111974039210144	0.5864113525596678	-1.4217879188766387	0.3911175986589407	-0.3816813102839754	0.41557770208521555	0.1585390197899339	0.595423934621998	0.5565621839827194	-0.3360567913240599	-0.08408944389641428	0.9047679370345666	0.39998002852771125	-0.27180469984235445	0.1303010743090022	0.10411701891419639	0.3167846250141822	0.36487344021176404	-0.032284338085371275	0.6449536180541164	-0.2361812894264705	-0.3623903896737223	-0.24238844047923855	-0.8039492032953618	-0.04877951598379495
DTXSID3045221	0.17688441166015445	-1.7080646727588111	-1.3882844513119383	-0.6742670807680061	-2.9447849131635344	-0.450378516382249	3.2412985174463325	4.469186061059729	-0.2537890421470444	-1.5759846815225564	-0.5441324343980134	-1.0046175629126344	1.7823610822189606	-0.4324119776485651	-0.2032367853180644	0.18945929974872	-0.4162646560261193	-0.18497431071671316	0.004806610206955636	1.3230686954135524	1.605465376766612	-0.6569761347778662	0.5610838111329256	0.1612498254949388	1.6231512402026962	1.8730963187668384	0.7722045947118198	-0.3872993361736945	-0.4838671857870464	-0.10595590059521842	-0.9788390346345472	0.32749677991570847	0.4146312710991697	-0.08755161338207239	-0.0797585478046467	-0.6291706525068402	0.5804309543836731	0.6105689971656656	-0.7446362396233779	-0.20787026683896598	-0.5288878627587339	-0.376104989413222	0.2519665407263518	-0.9366077398318221	0.04077903416690807	0.2629676325395952	0.23697924452832966	-0.29573436449027085	-1.006856747120672	-0.23930898558787245	-0.22191698078282915	-1.5372833527314442	1.1506699548157122	-0.3960519706885054	0.4278464801083632	0.8127325129147545	-0.497018743274686	-0.9962279909337544	2.109925393774151	0.1963151788848613	-1.132369785902022	-1.1590740627600737	-0.23819915471619457	0.13522954596911413	1.8387868778100598	-1.3646959924375945	1.1648555715834044	-0.9233910205955895	1.5969341551429959	-0.8321928378598571	0.5795355700953873	0.8431094934426647	-2.051928115400829	-0.016524101600817177	0.5095986324816536	-0.2360237671344561	0.08313011036362371	-1.6792516879322885	0.9644192117087811	-1.4677536360597692	1.3017783489302426	-1.0947243425188176	-0.6177180563405431	1.7204550014942244	1.0941674530272651	0.7124233984180267	0.3387960482241951	0.5739603880387405	0.49215732968344755	0.09480006284912768	0.3251328698550314	-1.012956719757089	-0.0974134336785545	0.23129693959225103	-1.1542693551573098	0.3448488088507903	0.7514459409823562	0.036052544225205055	-1.389294152104405	-0.4074012905219005
DTXSID5051650	5.473498328369269	-6.2908155320052295	9.870920942966212	-1.6533596919630185	3.010884722838666	4.919735959163589	-2.853441736476733	4.630051702301975	1.9916818474688012	0.7384185336454474	1.1269565383512572	1.4900688530226074	-1.358371056175194	0.4494185252419867	-0.3559840915930732	1.0089156501524932	-0.6733424613737609	-0.3571696983277271	-0.30532922190999323	-0.6130945908958854	-1.0939794613753349	-0.13616248821100105	-1.4071571630555935	0.36834423068922384	0.7297953041969736	-1.3743623544476828	-0.3746614999974381	-0.7280804740511672	-0.7040965973387565	1.5363002363160925	-1.5302663788201458	-0.754358712551103	-0.17889292413330374	-0.35045563959424975	0.8712839524598373	0.3249918232845243	-0.36050691078036795	-0.8266482254607853	0.6653861264661659	0.38828346335899405	0.6947006333419368	0.8593892524350296	0.8970213239792669	-0.5803169954533063	-0.451324797555527	-0.09047056547933367	-0.8495180560079523	0.09427292008852568	0.256319821876137	-0.6170823147820644	0.25977924218668363	0.29977106909295886	-0.6604398417000464	-0.521365153508137	0.686943700967658	-0.016337901005908033	0.26760431761010484	-0.4930117502058376	-1.9644478166457613	0.24680662828768857	0.2577499056825506	1.482146690759001	-0.41138701302182384	-0.7532386804057323	0.8386178092960451	-0.6037822389694597	0.17282788525665996	-0.6031961453082473	0.5462457920124874	-0.10895861894008306	-0.042270198064168624	0.3880106564389141	1.3748386776548247	-0.16562357533793937	0.4868332179543009	-0.060414513583001726	-0.3826989105907722	0.26195541451929616	-1.8440573687487365	-0.8381218695096271	0.20588947537533836	-0.3536672401246364	-0.09862470929246221	0.7517112409685883	0.5081250832216077	0.3151540307751147	0.37707471828323874	-0.9535221231314904	-0.15842053796312783	-0.23963294671334007	0.1965894007923399	0.6262920020559688	-0.3933830602944712	0.23391703521203208	0.19129395686767534	0.1388550971598525	-0.10741676846209192	0.30866405417186227	0.19009045463248192	-0.22000086129620314
DTXSID5024392	-3.5070509899443634	-1.1022595945969538	-1.1535824162269745	4.277640737388973	-0.11696060861858175	1.448541164465926	0.31066621308879233	-1.2383601037063083	-1.4341548257120813	-3.7538655701489825	-0.9452426394194604	-2.419428500926976	1.026372224482409	3.250619589557593	-0.8769120930175154	-0.7383465433076012	-0.5241089638718678	0.21810631690579466	2.130694828779197	0.9919184368394673	1.5612061710807228	-0.5211166847268585	1.213516248304806	0.04113732362479685	-0.9292829830650983	-0.15864534754981757	-0.5220594622649741	3.9519248366294875	1.7296151983464163	-0.42093968065429277	0.3093116761742884	-0.09111203249843162	-2.428649449470182	4.234898056557218	2.026732499711376	0.33706465814172454	6.7878877748818285	-1.4082279375253997	-2.3362959238794723	-0.793476310825801	-0.9966844029312107	-2.3799500896327457	-0.3338510962610434	3.8254960633625448	-1.1894170314534878	0.6875860897661509	-1.6851928728015209	0.8109749147229971	1.958106170737487	-1.5176298129265193	1.6316092300664458	-0.17686238057136802	-2.5324341555138075	2.8166299640698242	2.197057306563766	-1.6987033601759156	-0.1772268516090824	-0.8084776645455414	0.25177878294209205	-0.20628448016135684	-0.054005311307566715	1.2555098409868026	1.1189281145432046	-0.609894522577594	1.2670445508797232	0.19493558355182777	0.7712341450542667	-1.0808472409085697	-0.1529939776736775	1.3152323493255076	-0.4579804879747289	0.7887458474999783	0.1605324666857038	0.1132523801135841	0.45645985142277823	0.48916277145000797	-0.7492121906959603	0.11044972505938634	-0.02039525566661889	0.040227666108040155	-0.38410894056404155	-0.3836555588933857	-0.15252486652918398	-0.016426801982206696	0.0404719926853315	0.829453896282431	0.23640872421523132	-0.7442929632188978	0.45772197913096285	0.006562547526734912	-0.37990616492011803	0.20310212793551802	-0.20089465479845306	0.4491172641236084	-0.7266563610475679	0.9402326819793859	0.624614438377353	0.5017835536319851	0.03747313597445737	-0.1680343207570988
DTXSID0045090	2.392689531282023	0.7078372888199931	3.5982547966001506	-3.3800050516863536	1.165073508613623	2.610250980959566	3.5084094699638193	0.285297855319562	-1.6421117845498767	0.03317548341030585	-2.113044917738225	-1.4543010061391328	0.5481420159274256	-0.8983670824557293	-1.1504949144441647	3.0379004130937415	-1.546125317130218	-2.712910565201882	-0.4824228573187834	-0.9261716940640661	-4.168428619814248	1.8663440457849043	0.4931638394644448	2.130901100955438	-0.5598784750501148	0.5111528554622085	-2.318222204460996	1.5041119680027024	-2.765921484664591	-0.951756758355349	-0.0748164442079919	2.7796527246660894	0.0499974809384531	-0.2027817892681809	-1.4801189766738159	1.158796287024693	0.5929653170726078	1.130825726737728	-0.5123880991920327	-0.2379838743397193	0.21855492336072224	-0.25560260629088627	-0.9839000268708599	-0.12850867710249497	1.4364749257417075	1.2377921861102377	0.9374467700689363	-1.1685572731424139	0.2345422050179869	-0.047994801843263414	-1.0500086088103835	-0.21134168178078916	0.3547196673251556	0.5208458070576998	0.7479547498283311	-0.8055311711562863	-0.24842737303185394	0.8050678489239496	-2.0023308460506137	0.27658225876410136	0.012116301137645731	0.6762626689523841	0.9608099167252351	1.188500835605446	0.19152136953876714	0.8466945832404288	0.329438387113156	-0.2927725982276329	-0.10016910904208942	0.15657543388829223	0.5262812712822637	1.23819388894205	0.544150800288586	1.1139471128384653	0.17851857136534663	0.19077474433817182	-0.3105479674673785	-1.3399939011388518	0.45322567349960025	-0.08106742092606006	-0.2671996065626746	-0.4997246334822541	1.0688929276445778	-0.5830868426294974	-1.2374048442083823	0.5605696751942946	-0.8070397629176066	0.3756833078376505	-0.640343394878815	0.1481350193511483	-1.4289403536510057	-1.1729368755876923	-0.5310449057668486	0.2929981891736547	-0.1323536880720123	-0.30975096110660616	0.015380310944212626	-0.4401006843927966	-0.6586618187246669	-0.17375254960963063
DTXSID4040682	2.854711059308662	-4.412670867176407	0.01923033585680554	-0.5773158428480647	-3.6621856232009686	0.6379724321079562	1.708698976425115	1.731300880025447	-0.0033120605508656785	-4.248057854587424	-0.8912427875186778	0.027788401214531227	4.322597677064776	-1.0774668420526978	1.8824033750883356	-0.4003318775610436	2.2809974021960455	5.90873848740566	1.2224700219349867	1.126171618599354	-5.329119139115626	-6.557436527960387	6.903036983726513	2.770116661875809	6.6699562459888195	-0.19147476850071177	-1.2535908708893544	2.0341294403970456	0.18932953306220213	2.415600962737096	-1.9751206573672075	2.10857601725812	0.9308151279321977	4.679765149075332	2.427448704149634	-3.237696637299314	-4.123578468447549	6.41262249139091	1.2123623850565273	-2.886909409452874	-4.159916165775184	5.251388890987206	5.326597897899284	7.3692545833246	-1.5597788308983827	-6.490635836301743	-1.1390777418548617	-2.2444889538545505	1.7081504315244493	-0.3791930624873293	-1.908180805696172	1.6297084511454738	-1.3741236377984083	-0.7790215401114537	-3.0113505955636195	-1.4179081899315138	-0.7460277137694061	0.22683423943392908	2.2210896447155704	-0.30265330662606293	-0.6468864449559396	0.46198711865606734	1.1279099745227947	0.051303508449157036	0.10142412359284449	2.069124796084951	-0.3644968963707705	1.4259314909400167	-0.1250699936366464	1.0179038055842085	-0.8826273738056115	0.5356955042544376	-1.5657945870558387	-1.2220985537953237	0.5368904023896023	-0.5822685713751174	-0.6335941337804074	-0.07719116526290994	0.15097729067180807	0.07208163738236031	0.09056511199068554	1.254708990863897	-0.738842809304262	-0.5373373441413793	-2.7943729549912857	0.5639125846385916	-0.6799627943436929	-0.18780435756073602	-0.4681270572351811	-0.29431276849805554	-0.7847203956692341	0.29036153895120054	1.1232299175465887	-2.0694664114748633	0.9921042890841943	0.256962567109513	0.6260551291161579	-0.04149098321114226	-0.7198018820952028	-0.7577377078058518
DTXSID7045152	12.279792699088691	-2.0535020281117418	3.3567260455902117	-4.9058370422053	-0.6342931521755024	6.415109542718275	4.113123271382879	0.8748977706841707	-1.8284308899533268	-0.10491137105039562	-0.8765945375992372	-2.456055472441848	-0.7859239041574474	-1.3109227210535164	-0.19822562278679426	3.6963666365784213	-3.7696789118158844	-3.857097961587294	0.25486173255295	1.5949655381785328	-5.210132505187971	1.9597900635276035	1.2432781179835388	1.7318417619031348	-0.8856035396667798	2.4441181206613116	-0.7009939832189948	2.266642940862686	-2.3242914641380055	-2.304905803270807	-2.1662549332550287	1.9145978783691835	1.6111227455848858	-0.22797080113511128	-4.364200865417479	0.09752225545892812	1.7486320046990245	-0.5586596667695308	-0.38809636068115994	-2.0211425430917296	1.257804481257454	2.8614903783314785	-0.30248980052201374	1.2581072525278632	-1.2789061625338756	1.288104507426829	1.224625443437297	-0.6018212346302502	-1.245342247053482	-0.06910503550619601	0.52445163569563	-1.0052986151837666	1.6885965135224779	1.8880612989475103	-0.014918974138956037	0.01649265268031747	-0.5543122216121866	1.5537823238418524	-1.0281970922662729	0.5181967922288531	-0.508820664379387	-0.07515073010455636	1.938489653879888	-0.7493943135727203	2.7267128064809993	-0.964310993915911	-0.5440383070841442	-0.13485547889614427	2.0343824546644043	0.4711608391107994	2.2045584666442983	0.5461219899394281	-0.19333683859273773	1.2850131239097058	1.7863853988206828	-0.2628526799429891	0.3015351263563279	-0.5999782355614908	-1.1284636019110785	0.6445882326557566	-0.3157523177962257	0.7366569741972762	-0.29026674716632617	-1.7425816620106958	-0.6319622842512972	-0.15680782905209512	-0.04911846779374977	-0.32202852479023325	0.4931554065120905	-0.9977087988603776	0.027858128121747483	0.43400303667226675	1.5061600397161166	0.33203911998149754	0.38145805405342753	0.9830249051155532	-0.6151871344600675	0.11421955030448272	0.5415158350289058	1.0764972670309343
DTXSID6042602	13.65532329006145	-4.234290775236266	2.7638139714308494	0.0591624388443089	2.1259081251174994	5.362570986994701	6.225841305237126	1.7237909683634807	0.6564147442076584	4.32673773456455	0.19226313319275745	1.8203384532247113	3.3326291914365958	-0.9707623983108298	1.2971732506192983	-0.13438768142764035	-0.8548921608320236	1.3847657382744456	0.7397603483300215	-2.449477455908318	1.0915329994069929	-2.67750505615897	-1.2152026450837807	-0.5956190226106592	1.108440119836729	0.6800279545759998	-0.4293280429663803	1.2676351597063968	-0.9768178773541848	0.6928904536987072	-0.4325832346726637	1.4357046661403512	-0.8383468079929499	0.937094108393154	0.7178967133510815	1.2340678126648	0.38370438281183183	1.8362974324943093	-2.1767265103208975	1.6026067298202953	0.6323416479480557	1.5583632276788884	-0.10456451468898198	-1.2623928874001622	-0.2899281811145251	0.7417914164469713	0.6033122041420799	-0.3737896705500628	-1.6070806560776116	-0.40742482988393647	-0.5764943756926473	-1.0124082870726012	-0.3663389973281437	-0.6594098578577743	0.9113021504224599	-0.12475555155999835	2.1605475293994885	-1.2099822851916437	0.1143619819735364	-0.3448315568913986	0.29621578775977436	-0.5472508227865781	1.821267124823469	-0.9009388024021011	0.7015792403140219	-4.60783202962055	-0.27076327527397986	0.2862681908040051	-0.3551416948564349	-0.3844666909831739	-0.9059395671132829	-2.215717152541755	-0.7956365561566667	-0.6718936758945496	2.240192895188117	-0.5109277358902518	-1.4063900363725266	1.4363614166053775	0.45349716371282905	0.2728863679448406	3.143120743815099	-1.6248811506591911	0.21451727853933672	-3.949376048800735	-2.0442203117181466	0.46029066456650086	-0.4246033585222547	-1.90554652935596	1.5394906119938552	-0.6635412072501324	2.224779666780468	-0.4150996753425437	0.8540264807948724	0.32810067546679395	-0.3801941439848261	3.461706636718622	0.02304253015770344	-0.38280024635889004	0.3940877321671883	2.8973100220742833
DTXSID8044206	20.35900457413345	-13.221555407330131	0.256135495897755	8.712121857028368	8.40379338739578	4.61389377752551	-9.918133241406332	4.129961274122523	-0.3511523153289791	-4.247153123164447	0.5531228877611131	-6.0295204165653535	4.799127634437512	8.160596490873301	-1.0862022756850658	3.547620901174959	-3.6172166838983806	1.3374696842388178	3.6016424930915063	1.9395358773203215	0.5095151898015772	-0.2596385081899139	-0.6656010089939195	0.28847218031544913	2.9549224834026195	-1.9963330882908092	3.612275143494124	4.331288217953825	2.818788663220264	-0.24233017542977317	0.9526476516650462	-0.9429821670158064	-3.764122532786698	-0.272960991188099	0.8121588110405282	2.9455435100357326	0.09525405921138792	0.47548338359701237	-0.3743388895570873	0.9081691742402096	1.1582173654115417	3.168121828711032	0.07800202873433873	1.782067492459307	0.21609213755501044	0.02308776461586702	4.675194846621462	-1.2010524458664142	-0.9563958974065332	1.710750430743481	-2.184999894941927	2.636104372119008	3.067805607621025	-0.24294760534664858	0.0574893157391873	4.1141854024317235	0.10385813065760244	-2.293720416577944	-0.382768735710424	-0.4891132748841866	-0.5829731399271407	0.11325926392324479	-0.92448680139979	-0.6763425999699676	-0.1022026484667606	-2.634817403978143	-1.4804983160473764	-0.12713451814365795	-0.547271698420403	0.3631581335207228	-1.1648446361137943	-1.290465719567967	-0.1322280712541485	1.3348596379849842	-5.01336290547839	-2.6389758946397732	2.148099248176202	-3.5710890267766495	-1.6217528069089282	2.847979363818163	-1.6011969312299517	-1.5743736175760301	-0.4703075606082865	-5.024832405178152	0.8998751963659039	-2.4259939822735848	-2.0978112172618806	-1.200665074734345	-0.11973450716150255	-0.019814480025999795	1.6746185352202108	2.3262948912273784	-0.03528027244111144	-1.438065951173629	-0.6693029233834071	0.9880616328073387	-0.5871567999454375	-1.980818148880403	1.1594554036822389	1.2413037249211083
DTXSID2046200	-0.1826960619488108	-4.142596093336905	-0.031449254793073075	1.5657113922718942	-0.8519166230816851	1.9018289408906812	0.6637051528186941	7.657826090212783	2.4124912854260137	-1.2312410140550254	2.9601362915892206	2.7513495825618537	-1.0850554159613737	2.0626751251480457	-1.624193002124669	1.3512770485484058	2.269745128820186	-1.2783371708795563	1.523799467247258	-0.22160960320332426	-0.03907229629618663	0.07851206665068126	0.7671523176745463	-1.0835124849326845	0.971696822399756	0.3268302964523864	0.9851624010269131	0.41220133601974474	-1.1076468429536632	0.5023380117830023	-0.8714998529034049	0.30661882545483654	0.17843247870580672	-0.1618520566271154	0.36623826058186815	0.3177300071207555	-0.9246307595826739	-0.9972449073249555	-0.021519182093163468	-0.0808806526382221	-0.33314512995080436	-0.2034068565540001	0.9413397774490154	0.8476884218885298	-0.42796487746488365	-0.14757388005347893	-0.11176740542284597	-0.17639557186545524	-0.4177891620019998	-1.1012888306073043	0.04081213482050218	-0.25133594039402396	0.20475679141666034	-0.3077441694423705	0.7532321169652653	-0.8116110892044206	0.7837803744128278	0.2541842713300324	1.143858250708938	-0.37461844883317436	-0.38531100507598665	0.17841203483574347	-0.13310333392091744	1.669999629418075	-1.045383039616739	-0.2145334192701611	-0.6780772348157904	0.8185882644358498	-0.6099296713363607	-0.60813332624205	-0.09846303530730548	-0.1592039813238046	0.4608340954293331	0.7518373414506018	-1.2293986413502704	-0.121717137045757	-0.5299859008203589	-0.11972793643666754	0.3402241182383707	-0.44064389975754165	-0.31933314434007787	-0.19805935100460398	0.18452657300049724	0.39371676170735176	0.13973912153573606	0.14958216208934788	0.10297352701593342	-0.03156238434240791	0.5137254021449411	-0.7153763881688838	0.2852767200169706	0.11723806382492548	0.006911034056450141	0.3154706807006862	0.3423643362008646	-0.20894555104036716	-0.32889699253728744	0.19381551583428147	0.6348958299413436	0.18120566886092246
DTXSID0032651	-1.8547782138179902	-3.0268848171376743	-1.9455520610184445	0.4143775766212735	-3.6833038574027603	3.0160612548206163	1.6212161018906102	1.997314658980989	-1.4499142521896897	-3.2169144494995727	-0.41610220217262633	-0.8930995050489219	1.2234880779829815	-2.012803380158915	0.02330561758590408	0.03629737389052916	1.194709886658263	1.2267002181066313	1.2004726368630083	-0.6589466925185609	0.8250940332194752	-0.1824423752432581	-1.1657681458633435	-0.1514471678814159	-0.3572865492044678	0.004445263332404483	-0.5874147885994944	0.6477288294008368	-0.04651869150242423	0.4309791187355184	-0.9356974801201615	0.37768579134720215	-0.7042275900025612	0.16796233618086648	-0.7187574477976107	-0.23515540180623107	-0.6265677734462416	0.6459559155788533	-0.12104685241104426	-0.8612974044668662	0.42683405817992687	-0.6048489112267246	-0.19267954977313778	-0.9181402417573997	-0.3768640037573331	-0.7061951329511303	-0.20269100840010415	0.4673810663085155	-1.3482749362218514	1.1141056108998775	0.7360975493483815	-0.20363923744592993	-1.1704625437264764	-0.3769075776710895	-0.1896587802256041	0.3726989801481301	0.04814540318967808	-1.6776531745336847	1.0062628353554994	-0.07137807694769893	-0.926782045361987	-0.8755321934036809	2.119705154893049	-0.7211367382193696	0.2862206369188771	-1.6277538962816598	0.3768500245278495	-0.2930338851293759	0.6020172907520323	0.7122215204044512	1.6340704098256176	1.0054627862526466	-0.9868290761762204	-0.02258048233078727	-0.6925438987321342	1.2697448779776133	-0.1765387811946547	-0.11647560976029703	0.5478454620351266	0.19556972463239716	-1.15711283513407	-0.25566917279518997	0.21391481644871263	-0.09980851818941985	0.7974737741833953	0.9637224436224111	0.30618382197919475	0.2561753071508633	1.1895126485049654	0.5940528749047954	0.3059706237352115	0.26816586537868986	-0.42846821878006547	-0.2805795499804749	-0.0605675161071644	0.2801108594143495	-0.4291845646725805	-0.8065139904079335	0.1755114007013059	-0.8119212850812916
DTXSID1049354	-0.9953634185956313	2.507308646317918	-2.6238348714829103	-0.7780400991489979	7.516179540329485	0.09957618302547538	-0.6418912732142741	-2.1417972751369843	-1.2613227420679625	-2.9776225629940276	-4.2716726101698965	-0.804556484858488	-1.4839079933505508	3.5389433242850687	0.006454976302533867	0.413884487983513	0.5251640568783974	0.48683747788354703	2.3583138192199877	0.43347071092747863	1.3147835481029089	-0.534192001109154	-0.3621812787258504	-1.0779766820477803	0.493468531112303	-0.04922539148178668	-1.273072208031544	1.3730787246734295	-0.7528589976978365	-0.3943246839060925	0.7435509014007403	-1.128148416891228	-0.10303683859262507	-0.14995342476268755	0.0705262691078965	1.2749732692859197	-0.2299297496275257	1.1022270432637773	-0.7503779126144197	1.0148079496337206	0.10785444044101788	0.7270606200723072	-0.9055422993244936	-0.226648781299967	-0.45382109332425874	-0.7871242687437997	0.3157881998793511	-0.9725188316884549	-0.24283752498525307	-0.7679427704458502	-0.5687686025975198	-0.38841095406065884	-0.010488372964961268	0.09612781061483315	-0.22815947005812226	1.0426938380263404	-0.02460503625274487	-0.08730361936389763	-0.4922924882223588	0.15287182015893006	0.179568067369682	-0.7904729379935669	0.30887715673321775	0.2755748355103406	1.018345532232233	-0.3495022361374313	-1.1414658617191984	0.29109445489174035	0.5295649062594231	-0.987027573748106	-0.1352021405449978	-0.4150176642967057	-0.1938182481365589	-0.43784218360762667	-0.7281898692201076	0.375256510302245	-0.1499121055295975	0.23826021648115225	0.1931149417574757	-0.10682615329763478	-0.09253557090012512	0.22845692814191557	-0.060070487444972884	-0.25744871534146574	0.3649629443614188	0.1562949905721005	0.04644274837143168	-0.023580020174463593	-0.003652765762143279	0.005390006368026386	0.146178255383255	0.04163046421767329	-0.3537340822607634	0.08302920065808977	0.2512703192946191	-0.0353448027825164	-0.0875611053440128	-0.34265819880896914	0.21931930375422695	0.0924369248987909
DTXSID0023038	4.987478365379523	-3.7404169857604552	-4.472632883875838	-0.11408033320422187	-1.182635616349931	-0.8654075638257928	3.3523180903100593	4.256510086947588	3.4957679701088415	-3.79749631460301	1.2246125524148443	1.2941057053668021	2.413764535238992	1.0918555891759052	-3.280092588436639	0.8793840770287948	1.2584817880557342	2.315350610162175	-0.9597541909180544	3.6829613812425452	-1.1354042277423166	1.1634375201336289	-1.1865616379573907	-2.530505020782426	2.744760828561	-0.9944482184269194	0.9898819484480295	-0.06511319158843873	0.062151552856531116	-1.485349890144224	-2.7524616876822563	2.378968251892174	0.8295189506251124	5.418515705391559	1.0286888844419566	-2.959165910387194	-3.8970768577514203	5.606753580640382	0.36105669406568497	-4.0099713152056	-5.5304062505806035	3.5535503655568563	6.130758470873092	7.260436431541302	-1.0797602618203082	-5.3705276608316925	-1.4689861803191622	-2.78437124423679	0.9239503995743857	0.5028287519623003	-1.2360718984397923	2.0361765741657516	0.1932062594918758	-1.1437975145995702	-2.0861406374538354	-0.41056171130109237	-3.0233250808255403	-0.8719641893400552	2.4476173989612326	1.6453668718567953	-1.4038550961104455	0.17307469988643617	0.4530357459786369	-2.382184918668939	-0.6821086891397122	1.5419826168819184	-0.6604108655177742	1.3273712845907597	-1.4237606752982654	1.3791765127131776	-3.016952084567702	0.1625341419567894	-1.8079867550839364	-1.8581420843937824	-1.3282353411741115	0.5733642681925772	-1.5278521012258623	-0.5868006981029649	2.1558871508108415	-0.3990423685375953	0.09449051205126385	0.8062420960322751	0.2466401502597406	0.552844501854352	-1.9992188425504052	1.0094868662236622	-0.6560009753031142	-0.3179851624802817	-1.12879770086453	0.03598333210500626	-0.30778427673492126	0.25376895535774374	0.19023992363791659	-1.3336986985106982	0.7801202358348625	-0.8939334960172582	0.5645877704574992	-0.6637718044911018	0.03444003515708099	-0.2980353697654998
DTXSID2026943	-4.241489087626585	2.5255965060702703	-3.2603616836508675	6.489424136484617	2.064706662370371	-2.3936290776826885	-0.7437259182634274	1.936612335937476	-1.6152296038077516	0.13505800748752272	-3.0829300258376624	3.450475405784998	2.3632624764613355	-0.3919958692705288	-3.410748425409771	1.475782707516988	2.2193806176263813	-0.7454929541774202	-2.19507059188799	-2.6772929760828377	-1.23548104276272	2.467329155828214	2.815715789693622	0.9701981350608714	-1.408620965772193	1.1965080160078385	-3.8190691928973597	-2.0133097088472676	-0.6888241981754463	-1.1209299042520613	1.7185375098642324	-0.6475312209535372	0.091078242775436	0.3123747301055692	1.3422871718736653	0.3425362818170756	-0.5046242873178735	1.2538929860130543	-0.42809062336305265	-2.8373573887268653	1.1421651047388854	-0.1348348316305658	-0.23963912919209773	-1.5422189966330442	1.0857029620950098	1.688118140179333	-2.793773089429889	1.9892587257946133	2.2072516872311527	0.20329875732494615	-1.1089366650604255	-0.9347374923537851	-1.4037953669024712	-1.6236651080128945	-1.146645995338559	-2.1215682434386816	-1.213893141340007	1.5427118971511444	0.8051418204678875	1.703258706549016	-0.34783945043443487	-1.5274161780119493	0.5027964982325069	-0.9650538030613344	1.8230446690656943	1.5944257422298707	2.10228172276333	-0.4597241444852483	2.517231518290073	1.6455268761471973	-1.0487715142692053	-1.4494733614635165	1.3320870526878321	-0.3568092517741093	-0.9516980754539682	0.584159792446286	0.9733397328136608	-2.3338699119372404	-0.8708648007845633	-0.36179232723132954	-1.7625930592113446	-1.341815234011423	0.7407126402770836	0.6447381016341271	0.07085009688126631	-0.5197240094828371	-1.4990693519072495	-0.3183953193769659	0.3867646139298909	0.5380523536843559	1.6162805076635025	1.409809024361656	1.149571428378227	-0.2929401572871645	-0.5464519809523544	1.6171876373649907	-0.9904710675250269	0.3257366919804864	-0.3693359943419948	0.9761973963994485
DTXSID9020374	-1.8811250593224689	-2.989180479609955	2.2686151845396734	-5.217530694233697	-0.12263738684108362	-0.6606374576359664	-2.7585640648440846	-1.5219262245962102	-2.888011035697129	3.762482114610446	-1.4966210863955896	-0.9175408772019527	0.7222480464069985	1.432725026480276	-0.9781751197719712	0.2733632792691614	0.5864725294729647	1.5640678620025332	-0.179331500798251	-0.08908503688024956	0.5521538415178718	0.2299166733050717	-0.4689909614393839	0.7387190539652646	-0.4486074566140021	0.35616969310110413	-0.3606131447639858	0.3209058060353781	0.1335737706721335	0.30376309208478036	0.45881202885705485	0.08170131617982425	0.12080391229699469	0.5225054884806605	0.54311362688282	0.3061188026873403	-0.30409309963014863	0.07517736859097573	0.1459499505670555	0.47325367321739287	0.47656672449120974	0.5613136620097282	-0.33638545369564915	-0.5193335881588013	0.16119721535649104	0.17048144169857418	-0.019351615586975273	-0.3614823107456867	0.1649016482758643	-0.27283238742361193	0.050331204512042996	-0.023455503648449737	0.2695875612798602	0.77632839601191	0.595695610977356	-0.39989036881719653	0.403763225146928	0.27699028960922933	-0.8388185030566966	-0.5773564809658569	0.793947044525453	-1.057861050356179	-0.9216744985319147	-0.28211202469967495	0.5176884817145505	-0.25692085993897973	0.43589010321603466	0.30725155539189336	0.6338342976069807	-0.6060519090973288	-0.19598891968674695	-0.2540826612318127	0.3128114071905102	0.2163785672925813	-0.4572841979610515	-0.1120315066208716	0.4267773463156041	-0.12112775263926256	0.224434096675118	0.1118594404192572	0.17790447285021524	-0.05260471214168455	-0.13925147128997634	-0.3989433291259021	0.1272396628252264	-0.4341391025573055	-0.10227553498277722	0.28650332905230935	0.25822358135780954	-0.1418291832805593	-0.16824916704093296	0.2800558771595618	-0.011764447300396896	-0.1948992837295923	-0.41152426223678307	-0.4583924290423343	0.7364113414303958	0.13395778189154417	0.08139353035541681	0.510686335641526
DTXSID3047897	-0.7711283131107122	2.8122985878107207	-4.065188513853144	9.88243508290695	0.29475619854517787	-3.8497168466993292	-1.1241440785497454	1.6337074543566787	-0.9128302004984897	-1.3273038682789082	-2.8574642604812643	3.322801510429739	4.905477282705495	0.12958668516757285	-3.86274864614325	1.7623146719252036	2.8011142885683307	0.3354186388463304	-2.623690218037592	-4.25088568276077	-2.4429451964218067	3.844189284006616	1.3991722171233194	1.8466915339930778	-1.0923457868832642	1.3126340445122964	-4.294554025690503	-2.3307186488330065	-0.9873105152643402	-0.20830331495048174	1.4157579500730755	-1.9764962737872112	0.7549695134134692	-0.2814680198093371	1.1649200590198807	0.3041160536389071	-0.6472930435433023	0.6225869072639307	-0.5703608142169153	-1.47926568242176	1.7719510762126613	-0.16542974296495574	-0.3699635213477577	-1.3616464263991774	0.45879067069770973	1.8088223261215688	-3.231554286746992	1.4797014167400162	1.4552833787960728	-1.3848227596248568	-1.8659994280514909	-0.01217968433132936	-0.6878617603913798	-1.1334481905507985	-1.9416018219149913	-2.930296281921821	-1.0291609870983183	0.6360012614029809	0.27689707652150275	2.599120770164451	-0.6042068759585454	-0.06907552374499186	1.7602912873825274	-1.5900759098878339	1.7902897486718201	1.3954911625396191	1.1852535491094762	-0.2443881994447407	4.0857208592904115	1.2664529792529189	-0.30916100736640734	-2.28859553813396	2.1397318911367242	-0.23338637601178236	-1.015921684574232	1.0362548473097424	0.48324547328506906	-1.8322444447787545	-0.9860855825264839	-0.816245965596985	-1.1608290828444712	-1.9228622625508516	-0.3519421662899826	0.29330215043742913	-0.9463261477310663	-0.7035399030090951	-2.7254209066510464	0.2908238472029704	0.27142900180809704	0.49075982547053587	2.061538624082239	2.114833988229773	1.2026872365786254	0.38589811293496823	-1.1314124831761274	1.3920856881174013	-0.29940188664605516	1.3526659030183177	0.31442617486790325	0.1328438796011072
DTXSID6046420	-4.557069824245119	0.9044516557553166	-3.698448426379265	4.163070080317228	0.5446277416110249	-0.2323131846628161	-0.6546635396403291	3.3016613549264675	-1.093558833046176	-2.0508110972345177	-0.8905551155378916	0.5857154713335901	0.002561628619322274	0.9229792542497778	4.204623826254901	2.406080350091497	-2.6755127737595945	1.759107270198405	-0.7327105245039723	-1.911179097610417	-0.12852337084668486	0.5924830536481954	0.9093850004648597	-2.8918269383691557	-0.017530169728831445	0.6369564586173412	-0.25868419732109915	0.25034629288989324	-0.24935140829413777	0.3917564432300336	-2.2431840807722394	1.0788050770927593	1.218819991382985	0.11892282397362262	0.26241035781069766	0.916899768417715	-0.26435659427874264	-0.09859697893091444	0.7135005024839951	-0.2659408607085591	-0.5924263158362457	-0.8741053019671391	0.28685515402554035	-0.9802993434166535	0.22390082828555136	-0.9097001902125395	0.27927449342804117	0.17633232481051955	0.3345614490857077	-0.24832705414597234	0.21945554227512748	-0.6816280080677659	-0.3683913522281633	1.0417605590912062	-2.30293872097625	-1.257516387048912	-0.5970544079250851	-1.537716791170515	0.9573746868798183	-0.7893001729738328	-1.5595603960865145	0.43781318703937394	-1.3369094645850974	0.8442289880397581	-0.042841329382900036	-2.571101556711921	1.900629223926103	-0.7546760948211579	0.8992950303802068	2.156628128573498	1.443830731143331	0.3108692060063952	-1.164407293109853	-0.37666309259068675	0.7471943048255937	1.8811500564670676	-1.0192574162973749	-0.7199230457230074	-1.5998736500486765	0.9140651127122587	1.5194009386345593	-1.5892610331470107	-1.326070997075366	2.066861228996862	-0.4691669203658294	-1.4634558543342124	-0.3211325481165819	2.1106660438330356	1.2489016349681148	-1.6162664122502501	0.9242598777116494	-0.5141999101699332	-0.016093264134478206	0.11265244634621358	-0.45907108591590057	-0.7529315121216644	0.6724943418578425	-0.23077029355631135	-0.459580267042559	2.2110266488335437
DTXSID2021446	-8.10366516327827	1.6573934352900452	0.8600521864065335	-0.7428834803990467	0.0016497743685858588	0.6147739056068456	0.3114707694707948	-1.3089587149582018	-0.1667899167565041	0.2867996899446088	-0.7732519978600078	0.6672873734811666	2.1824089140750123	-0.14907305288545622	0.39320035415776	-0.572076040546342	-0.4363437254301657	0.12282415236674368	0.533637641938574	0.3368044335877722	-0.31908025807778984	0.38629371069920065	0.0854833398415702	0.03644571536476468	-0.6350154699222909	0.26168350260474493	0.3828046670620785	-0.39601742775888804	0.09224891654244403	-0.9178099405774796	0.15996874877027756	0.11171832514315679	-0.42849077607947694	0.3016901164590797	0.12462720605208093	0.37319844520934187	-0.6717822279238298	0.20728194431369693	-0.1499943013131697	-0.2539791684023079	0.2346524072179388	0.24579296351115873	-0.2975494199363524	0.2517641733582754	0.5375984671373079	0.3191501628440448	-0.016654729216923774	0.5442599814182831	0.2831278348110117	-0.05621198722743121	-0.39265585288972205	0.6424430029481589	-0.12082617321027203	0.1811788057923268	-0.037397335371258375	-0.4504466300453741	0.38454080588049955	0.5115597879010949	-0.24896341594915666	-0.1555162154301175	0.20427932904786023	-0.19072893979377697	0.04370248380564495	0.13149713530057994	-0.17435795373162188	0.280157665282439	0.07080765066898465	-0.6497436285634148	-0.41901293354321	-0.056048887839508975	0.22701492034081192	-0.25259975183733896	0.15309277310492572	0.2445028061505626	0.16151989277032638	0.6770544172117815	0.45120489047725004	0.5652770497638812	-0.7937296459952525	-0.02731289448351915	0.04248456670103439	-0.4546081842419811	0.04161326716096133	0.18520390528315606	0.29830200796870987	-0.29267132638057236	0.2707366363412532	0.2898779296732529	0.17917481082399245	-0.0755710630412354	0.0039774482086145065	-0.4491220343167886	-0.6862138275738233	0.22053865620762633	-0.048919828676408095	0.6249328523234479	-0.48383631292180096	0.13835060018686166	0.17154986150871876	-0.33213512158966413
DTXSID7046128	12.338205111485061	-10.15160031800995	-0.20652682986668852	4.984199546296458	0.6981777825400922	1.6541424934523579	-4.083521682793506	4.474148089496501	1.5598193286649213	-1.0388150362715145	-0.8214890953571211	0.42806360957664064	-3.2225091068176135	0.761618513959575	3.3793509316558668	3.358996693600019	-7.191060046148539	1.7540059768925147	-3.9212167442047927	-1.7742752726799285	0.9631098015605802	2.1668748977847705	1.454569431327996	-4.20338799782191	4.296879845991805	1.58277046792069	-1.5395745546810178	-0.0682765619332014	3.0572551060193094	2.2562437438968033	-2.7922767390524914	-2.3537266940790045	2.3543404976619136	-0.803107049968078	2.3180158461005673	-0.8331206730136563	2.3604813971659415	0.22409758393575163	0.1958315964013683	-0.865568779502784	1.3672841775796265	-1.675118015845966	0.8061407504984661	-2.2704169252814843	0.4534662163195591	-2.1330161504120984	-1.6782335731760631	-0.7723158591080165	0.18351243574559847	-0.1271945520401368	-3.101588429262878	1.3649344803947894	2.411390684672886	0.14209132047513892	0.06191117695272986	-1.393527050143812	-1.8871770270024106	1.9117942853605794	0.15450591243870715	-2.907857779118006	1.8034321332604772	0.4661578861681131	-0.09071011756700248	0.9716289445697665	-1.42786896841767	-3.421252056169537	1.3300476930701959	2.277956209652032	0.42565059469035904	6.229151037257023	-1.6982211504159794	0.44770926975473363	0.898332785944313	-1.8131731997556844	-0.5746989737367681	2.6859266824436	-0.4772846099625854	0.13855319052362614	-0.05833197471688801	2.1958123164099974	0.16514453639462578	-1.76496254327675	-1.20988967114839	2.534478666787125	-1.697404205528969	-1.9844472819093528	-1.0086801221036974	1.8230042405390663	0.31685695951477433	-0.24178201066809019	-0.31414093969717954	-1.326224964536726	-0.2318556063567294	-0.30190926497695864	0.6894629163329334	-1.7508151074728104	-2.5229898444521455	0.5660585453496754	-1.7805335127711253	2.68137062938929
DTXSID2045109	0.37412861635516126	0.40472307419120507	3.976803167452079	-3.133588641016681	1.6109004289729227	1.7602385157320526	-0.6657517083428112	0.936652412164764	-0.9547994883662567	-0.19968934198020846	-1.3375293923299336	-0.35992912645996683	1.203304961677926	-0.9034873600081474	0.6862270872664926	-1.8500459737293635	-0.2370329147389172	0.2355240171557688	-0.5266586416654302	-0.005470982519461778	0.06032810089390484	-0.2610918801511925	-0.05195893066940404	0.4240268429457131	0.23328706208528288	0.6193054144778379	-0.10917741843908171	-0.9015455589655952	0.19953417207168223	-0.7067628982177336	0.664130913868229	-0.24546566409474363	0.010195014066258706	0.15369618740752827	-0.5341584594736424	-0.6145675528129768	-0.373774204170899	-0.37372812247541776	-0.1910598767483336	0.20712369900124478	-0.24448291141772158	-0.8339008193253825	-0.5795662992514863	1.1326679569542393	0.460681772091546	0.42135450766143795	0.6774447833332305	-1.1057409771384503	-0.44380994389164163	0.7081188703111229	0.18838501578153416	0.22761442369970192	-0.6497081151045353	0.6093973411474136	0.3855376813637972	1.1582644123040866	-0.5045669828497817	0.7361979137901716	1.5513917208743493	-0.16837766276431138	0.058363332548005034	1.3446406986669046	0.09059597912828342	0.44393225687090315	-0.32300971719071736	-0.5877712340822576	0.8691835265617864	-1.0120121179589463	0.33798924915966205	-0.5691336258047036	0.7820994828835902	-0.33382238345142184	-0.8557212215879674	0.2921394790018516	0.24817391246827725	0.85413425927024	0.011898686379552222	-0.9146289762960714	-0.6234784947550506	0.7533912177900309	0.5954808687375727	-0.5623784415982084	0.621005721498341	-0.6237533124895107	-0.025151028025573438	-0.2543009821113126	-0.3909296438530516	1.238344138013351	0.11114027260371868	-0.09940638966653054	-0.4011138273536528	-0.8293234449609724	-0.11226935446005343	0.3065687568489624	-0.5079379802661637	-0.3272126101536916	-0.054464982379138785	0.8479737262605926	0.5341132378549616	0.5863294348668356
DTXSID4049298	14.36816600993217	-2.8187770236920664	-5.4098258532155405	-5.899240410208624	5.738226015098467	-1.3709617060464705	-3.946189064360876	-3.7034191933140406	1.4623211925849886	-10.05929355046453	-8.104596497011277	6.00737058578764	-10.182409792998294	-12.531808268849437	-3.0778069085895137	-5.919119605371091	-2.7849420589735434	5.716202396363981	1.4269114598384693	1.9025909734159563	4.304400598460059	12.256648601527091	3.154670357414377	-3.8245099731772902	7.060879947061742	0.785950469692165	-0.2004060271254836	-2.4495150209912913	-5.910702593097144	-0.34908193903155166	2.9738155882335007	8.142906679221118	-2.159962893090296	4.66246169661911	1.6735688923834808	1.388436850261401	-2.3448974166123207	5.113283236056906	4.223866987478635	0.3223846092722565	-7.598600641479102	7.951346932805894	5.638047946138737	6.992831516777666	-2.745349385810563	-8.02921466408664	-1.0880419556461247	-1.4170505853157358	-1.4527716093209606	-3.964976906617497	1.0278660670553381	1.240670873600806	-0.8997466374664603	2.7330564911913244	-0.6507239435546546	-1.2135244318577318	0.5980512427128709	0.42142049378410734	-3.6022319893948	0.15628110295219227	4.189328558015058	6.772509932121992	3.0896983132464997	0.5483195546882025	4.533787765499829	3.159136848914459	-2.4857682688402725	-0.35157832153370905	2.997284672227558	-0.2502806211655731	-4.270571453651982	-5.302930545775557	-11.225389376080738	6.404284637914932	-8.672102660248683	-4.047458557612121	3.7380807709828483	5.605335686743851	2.9980315948694183	-1.4577004376136597	1.8070773007838916	1.863447748345472	-1.3287144540643592	6.4639537151553945	-8.796458467239157	-7.394052961139016	-3.8735242812239834	-8.501622089217369	-0.6634895798533844	-2.861350881884881	0.8339060942611796	-3.7814496557522674	-1.357813196991528	-4.280917466368262	2.561700237562147	0.3087806411859093	-0.5996880778742568	-2.317782434828005	0.26539902495242174	-1.8366645236713142
DTXSID20881338	1.452287333508006	-7.306881459355176	-8.246072786662015	1.0205163598995302	-3.659541742692884	-0.7807163239582591	-8.686032145546257	-8.349075674788697	-0.8066382517208759	-4.265348941972937	-5.668962752140753	14.006948454532692	-4.595101161575035	-4.529044342268454	3.1308037681784096	-3.9899240068747317	-1.1505626716139705	-7.986175699124903	0.5246069025316986	4.8429967663766185	-3.1695925105914333	-2.0244816926995295	-2.80652569223877	1.1374784243751297	-2.6153220677840463	6.370798203860092	1.91699438436243	1.4182436807402654	-4.420776059395203	-1.9782494918488245	0.5809598632523594	0.11236379026601755	-2.5310281169058038	2.427725637881974	-0.4870889846560604	1.759422762923691	3.013641847984971	0.8407172209329117	-0.5619873953971528	2.5957603328697756	-2.5295415345144328	2.078623033255853	-0.5657049328405537	-0.4548244075119302	0.9870716239820355	0.5419895364588146	-1.634762359230752	0.6734881557817728	0.021938497731767266	-0.7180334576508157	-3.7226563541029587	-1.1029912122713583	2.114022119352644	-0.5830715779300719	0.9842217030736421	-0.7142912255455506	-0.3079733046504372	2.742426557177169	-1.0098653009445842	-1.2308077859976347	-0.7555445074780555	-0.1406671663531557	0.6642283258229359	1.6735102875630103	0.8766446936801398	2.348757709437328	-0.8741486334353649	2.25246492942862	-1.3311210526101118	0.9287128402985226	-1.5244516290907506	-1.6169537401810257	0.336370213558902	-1.005357139151778	-2.4100905499045813	-1.0433944079908077	0.3738986956007976	-0.18027747149802992	0.523605072571647	-0.6144581949547271	0.9740139297087389	1.739477835085417	-0.5845689086895451	-1.7638281229644595	0.9499556786423399	-1.1427997550466518	-1.6521231854455445	1.3902665406819958	-0.21065021939086945	-1.075579514313154	-0.36159639253955705	1.6247880096941718	0.29095160732588776	0.8602214124623243	-1.5011767359198038	0.18468177659528984	-1.2834926982453532	-1.8680769644177253	0.7045776820373261	-1.3216770802903266
DTXSID6042498	1.1020049635748161	-2.2860800047156458	3.559973485741371	-3.3935217004524487	3.147527850305669	0.7365542203631666	-3.8026408657064072	-1.2293184391988796	-1.0888677536680895	1.4884583546249455	-1.3397666181946652	-1.2302707933971615	4.573076292130529	-3.373022044043054	-0.1475363434805556	-3.985027890943239	-2.05343855375336	-3.360896714365236	-0.20060972712350147	2.012191415404721	-0.8457805746267794	-0.33150035872647493	1.174112408248234	0.47938724850560055	-0.43474890142293887	-2.005835018399993	-0.8522359206097603	2.039527501002256	0.9663923649582454	-2.701406826965281	-3.476115738298804	-0.08217340813714806	-3.206731762335594	-1.444396139908281	4.489432193355631	0.11481794083015985	-1.407994972113544	-0.77118381642968	-0.21982917501749713	-1.6301175730568476	0.28576102893061783	0.6101625354152446	0.4606326158138603	-0.4489561924546132	-1.338955053637673	0.0023473007464728077	2.513480130859173	1.1520946956621958	-0.6280972349208515	1.4746488137363065	-1.3594584990380878	2.000295527925643	0.47534265851900254	-1.1467497813855667	-0.3608616812508139	1.3047550076766565	1.38744021965971	0.9638650042428638	-0.825185019758175	-1.7024585315578689	0.17221370887268747	0.9853892543106259	0.20028226893228088	0.7114920035573554	0.5378753596032925	1.28017852800888	-2.1539972208841918	-4.575175846820454	-0.7681737196308939	0.5833159916679977	1.4514235795640629	1.0867333122140121	0.33968254650421953	-0.05375884455976043	-1.460500531963397	0.07379856994325397	0.7148605400960832	-1.2854040445141512	1.6806551769010376	-1.6593788390817936	-0.30660774324464385	-3.053937156975984	-3.11784819584504	0.6220712361562358	-0.5352365516184469	2.191546280477016	-0.7021854561190636	-0.9310686871800526	2.596603798110243	0.6367661445904929	-0.32163834594627166	1.443282704751648	0.12645510407363286	2.060914319664766	-0.056206209844188566	-0.38690569718772416	-2.8913432037038906	-0.45610892920609736	-0.2858481027826639	1.0533404304647254
DTXSID4045630	-3.370896566454825	1.11114093362242	-5.144327951283434	3.869659649798568	0.4603199310021618	0.9037331717961969	-0.779544592728484	-0.28241491142404485	0.9618849486476038	0.5954818174156579	1.80138160351878	1.1576756007798492	2.264171602861979	2.4899085536934353	-0.6495602408369748	0.7803214504552003	1.2059654432691798	0.6534792024668606	-1.579055163072936	0.3502305018076875	-1.0364500952863072	-0.13255435402103777	-0.45849683312253975	-0.5473446876461748	2.2615668665305972	-0.5964629667133136	0.961764362128734	-0.4901952780404647	0.14532127721253685	-1.865197527993518	1.5654431563946685	1.190304578703967	0.02141116334948435	0.09548514377382394	-0.26449808607659914	-0.9257229458643838	1.0743151160999334	-0.26632843643976084	-0.6986470807197098	1.3561435248937597	0.22351557961365143	-0.31423352379265995	-0.18213214267196032	1.048991808976571	-0.09849613215851412	-1.4059398820743618	0.37518419455114216	-0.8471833796879364	-2.1216258418329907	0.20828030397676164	-1.1718205176090888	0.08018787337284765	-0.07934019597418798	-0.2682564192268637	-0.6644545620785149	-0.42481242986716233	-0.06890107677988029	-0.4248310008380372	-0.09742138577053597	0.22505217129068425	-0.8294508703515334	1.301123197707479	1.7795336360174394	-0.0807457522267126	-0.30351294341401813	-0.4826492339350135	-0.18771466461114086	0.04529434696900015	0.035930027969594436	-0.6578312050206461	-0.5213853999061024	-0.012441240648699604	-0.2226834542077166	0.4906950580193856	-0.21007401201988407	1.1639055498209678	-0.4233146169367559	-0.3234438408543884	-0.3100256722442045	-0.22842655507591916	0.48595243035253777	-0.10406894878497652	0.3473545030200452	-0.44449161510970225	0.42954233010332843	-0.3614323529370337	-0.36845510978228485	0.7335906171008453	0.508171575499483	-0.2590206240682494	0.5339593006417526	0.0025062453129437653	-0.04880330638067075	-0.14679850670227548	-0.3712360304223812	-0.0466418151746633	-0.5609391314498391	0.10106595384124406	-0.29472934507650467	0.15779366307355744
DTXSID8051754	-6.0963162769313195	4.387104488252632	-1.6822897298856456	0.8486334317645287	0.9078880152611395	-0.5967263434840588	0.597545985955884	-0.3135782277986332	0.16521019427219874	-0.9104431530478486	-0.4778053978510421	1.250493114442043	0.9434366529705082	0.4023841406097627	0.1559815685503799	-0.14088985648983557	-0.2653844384364192	0.7940326929755518	0.46210751414706713	-0.5052596890704831	-0.8597247500968165	1.0162789531063698	-0.594703245764558	1.0111626454850848	-0.9905476478179472	0.4024058523518427	-0.28797815799001336	-0.8508617118563951	-0.42050477750017234	1.1263979661572943	1.108701153924703	0.3049384677088181	-0.1970524847601261	-1.1749611568345575	0.38267587998462277	0.04198640820921926	0.08039757786114175	0.12866197366498625	0.048443893864335445	-0.9939880393887337	0.18824200188561785	-0.9627127888751194	-0.29001199566873925	0.26931353309697476	0.45363933914150045	-0.007017113599386585	-0.14712158850995707	0.6869202579305034	0.35178359408503884	-0.14537533259319918	-0.1904100470599362	-0.8518771031493297	-0.1129420558118461	-0.8959799400187684	-0.35842089678938804	-0.9682057307303613	-0.5484203848104511	0.018806254601489398	0.450223218849504	0.4995121804311851	0.1440563990496694	0.058119296682409234	0.156527852304743	0.08938021662034921	0.8009141906376797	0.35513246524881564	0.28900313512528625	-0.4571277664450012	0.9086613576736066	1.010300692800044	-0.31258264045942585	-0.9295602868786618	0.5621784696761057	-0.41736116202996176	-0.1740517712822233	0.16661821802715143	0.22437909523461558	-0.5777371421408917	-0.08899225906730111	0.0625162729181817	0.3845818011003862	-0.21304101514750448	0.4196728737296488	0.02495596443227495	0.08782415642875718	0.006382097101107194	0.019758702850007286	-0.05727319740896981	-0.27807050151003215	-0.4215984492123152	0.23018043932006987	0.7464662833383863	0.4730656459141962	0.44167926175658173	-0.1699574966183412	0.5977382640102603	0.19668186731490814	0.1755440122764932	-0.031106857454436518	-0.09748002810534206
DTXSID1036541	7.711903109433682	11.698781458517686	2.2610295615809743	-0.196628952026448	-2.3112982684921644	-0.16773166480350915	-2.4455344229503537	1.3574508748146439	-0.22164904821883913	0.2152810535857165	-0.38045503755796684	-0.014570666767927305	0.015114708903531254	0.19766585610156132	0.25967863670229835	-0.18413696340033162	0.9014867703629421	0.011681472059180263	-0.44844488630557716	-0.23138320789453468	0.730053445552594	0.012222787825210057	0.014351315132123094	0.5103643991795586	-0.7398852749607807	-0.2749507841763389	-0.15537521637040783	0.6207493527496503	0.18977872756443553	-0.24621025317779893	-0.2539315758345043	-0.2469869826047842	-0.08535748696678998	0.24351182661428894	0.5040462959526246	-0.6307855343678198	0.308393538345232	-0.019906833368773462	-0.30913762309352527	1.2421870173985852	0.5585564114445835	0.008939223468555791	-0.5320294692491764	0.1762225417713201	0.17420822337313405	-0.8018049352412676	-1.3911485100852163	-0.15050045431141937	-0.7987834469693845	0.5473428698437679	-1.16161404130887	-0.495412983889225	-0.2465868080550647	-0.19190974157915078	-0.08599480543697384	0.29533148851494107	1.1857261122239648	-0.7556200637490564	0.1397462371179031	0.6708964017550725	-0.15053351808319315	0.28568235155997096	-0.5236692689825705	-0.11878713121271364	-0.09897457544694255	-0.051696832683551706	-0.4607681117758448	0.5286143394763395	0.13104950009525226	-0.04862234396932779	-0.6607132494884804	-0.2850093610558417	0.0724860916660934	-0.22691928289516894	0.6077548214771104	0.3677252152167715	0.7305977386649685	-0.07540380595064408	0.6457598420143179	-0.264512117749985	-0.26579182530727774	0.1352531014122182	0.01209637820611693	-0.053234295082799435	-0.22024228239143606	-0.10893088727099537	0.04942052347888727	0.08444390568538464	0.39164087748102083	0.010559933284804762	0.2728048000003521	0.027517558709287814	0.10041206980872945	-0.38186784877944047	-0.3856008873883362	0.21587387530928925	0.28316514994140923	0.29017034909887784	-0.06830556527041727	-0.1629173803429377
DTXSID8041246	-8.169416834973765	3.2617589769704294	-2.8163605219945653	3.8039237542939084	1.141424728513229	-1.206162195037141	0.2181707123089864	0.9044761392960322	-1.1007388880317637	0.007168479365447428	-1.3050658964577788	1.626320815080425	1.816429023325497	-0.36274158483942276	-1.5280483493563255	0.8660980935557122	0.7323504075961436	-0.25060463631503627	-0.5164607230770631	-1.056042323373344	-0.9615289130719333	1.147814733654589	0.7028640145696646	0.4205304510538571	-0.4257987414977709	0.4621676075334002	-1.2887479921199054	-0.5361993802134939	-0.5353698954725562	-0.5039147351765442	1.2161892474893903	-0.4189337227099096	-0.19888635199027274	0.7824189673327483	0.6331546939878726	0.39820026397795466	-0.2999727098415055	0.6789169143036727	-0.30520194932742273	-1.1886349804585266	0.9468033125014466	0.14153395763116594	-0.4463195764869313	-0.7657297825728379	0.7161051031661352	0.8405442034364825	-1.4250792100531533	0.9912892611045662	0.756373284647815	-0.06676530577745664	-0.5222804169499763	-0.3807356859040443	-0.631253941620906	-0.7655521021598013	-0.717314351953459	-1.1338218842652055	-0.9824818586674775	0.32382479322853625	0.02302237715792968	0.8403150451626031	-0.15732444014886268	-0.8930668466551753	-0.09896098752640009	-0.7316823724781221	1.5072595543709801	0.842435029717784	0.9103720260216857	-0.17344425552340192	1.3032912957092095	1.304290710173667	-1.0658851992444636	-1.1561991477077704	1.1388462519279539	0.10386671080803805	-1.1855879241951999	0.9547548982432688	0.513728182203868	-0.9519862610177929	-0.8318426858941232	-0.5406290076687786	-0.5855179640638982	-0.30886159074177577	0.7035960178427388	-0.14806243797283236	-0.24617553491828248	-0.6798462353812558	-0.9987763575150925	0.44201375746587873	-0.24898946781672138	-0.0903871014926246	1.133975815794465	1.6189787128043223	0.472679837910556	0.29194260001111216	-0.05379242271284687	0.7344551734944424	-0.3349474233832838	-0.1630420947067031	0.10743823311982621	0.7240187195431863
DTXSID3042180	-3.57761827785935	-2.142210122929016	-3.311868452835138	0.3729766468356016	-2.773661389332432	2.862599685408673	-0.6499962782544066	-0.16195775047055938	-3.643552884547865	-0.049945413391099376	-0.06296496810589555	-1.33905285226587	0.47443024371438575	-0.2583759870636699	0.47144326349171317	-0.3451948260163985	1.7229732519006848	1.1052640186590525	1.51897878490647	-0.8412119345459199	1.2928625557379256	0.7507713114181095	0.12751976984715907	1.2184559485987616	-1.2501369362735004	0.18227569131666768	0.275619082654912	0.9954962988838044	0.4251175711132526	1.2476469626083235	-0.36855736805773487	-0.13031191735127104	0.6834855449562023	0.6186803438717859	0.010385838776750736	0.016260330185093336	-1.1998215361105657	-0.6284368162792021	1.0107398487647528	-0.6661648661098893	0.7911100622071029	-1.0548592349937962	-0.31393988004133533	-0.4061474387581416	0.1312379114820694	-0.8816463228510477	-0.09738973428249152	0.051784031459944396	-0.45204061995968636	0.4912935210668795	0.4095049294311088	0.5263513155806364	-0.9762352955254081	-0.21328787803090696	-0.6888369415745397	-0.040161010745810584	0.04486366777693579	-0.8240877523767864	0.2539936867363902	-0.7602246065829105	-0.8851654855909086	-0.31440560786945027	1.264751873995361	-0.5037980022827896	-0.3475639448862824	-0.6415411074288885	1.0079502448219595	0.05243391523667168	-0.08595952751488095	0.6273536616541536	0.5405464984701407	0.3268117793050703	-1.084188824790642	-1.0538982695815347	-0.2922248264676341	0.4706244465569593	0.14491724590413926	0.18755303447015978	-0.07831790863308759	0.11712398793878809	-0.8018391603607558	-0.3248548235033429	0.3676573509203379	0.16623447290017768	0.4330305500022057	0.012640369902903542	-0.021717957260418076	0.3426863971211011	0.21604318199327782	0.23335479808259466	0.36031750915764854	-0.15573828396744016	0.14672361487206503	0.2943126900384786	-0.21582553796230644	0.18307036309729546	0.08208966994214688	-0.048723029888608854	-0.054145409679299816	-0.0901645315488779
DTXSID8046795	19.85786535423703	-9.667725527189672	-8.848899354284788	8.354026748096464	-1.0086928507080706	0.18358785633141866	1.5675496079419302	8.75721180773829	1.0413150432261422	-6.093606789498812	-2.672961041789625	-2.824529047567246	-0.0194490116454408	5.223870893872283	-3.667521058474298	1.6002572179990389	-3.4004081162037227	-1.6423368084845356	-0.25370340035441974	-1.4490117840800318	-1.6857722322588795	0.10574624096345456	-1.2928983162435672	-3.8286749775998277	5.125140721887731	0.6986343120458319	-4.270058843174088	-2.0864457624322648	3.7491149915996456	-1.3383728077853936	1.4177624657478631	-0.9944399894451126	0.1247038802573951	0.2675862595641634	-4.272004969511836	0.7270305461044678	-0.7603602132805756	-1.8355131086883885	1.5327475925272658	-0.11584051931075613	-2.7037836767911	0.7614298790833718	3.577937418895499	0.1728271470561927	-3.6712569845394345	0.45566957438219996	1.4337805799397834	3.3509593135387368	1.0723414687421986	0.3989843226995439	-2.1863558012177653	-1.9630502085914563	2.4189679377241813	-0.6944061102868565	1.3094085437717846	1.4258165251936636	-0.18637444781189946	-1.7111686513629047	0.6086762791319036	1.5200369955184145	-1.6811112196449545	0.36850760091078194	-1.8129282780679175	-0.9236381207369078	-1.5743157966103165	-1.3948940272385328	1.5791207121012005	-0.10290485852092034	0.03484045045787053	-0.8523935883175299	2.746199340132504	0.7652764944375527	-0.912310735961608	-0.20000783433221891	-3.4586931143645345	1.709214932535273	0.9339348972835877	0.27841553241247224	0.5504129238823343	-1.0009184964408278	-0.21979900961624801	-0.153075459042086	-1.543439384195096	0.14128687275549995	-0.2042065536278244	0.09453707672631477	-0.26683293867680224	-1.2775800383709348	0.1267417290815975	0.9829585932376398	1.144846014973396	-0.5436520321936473	-0.6091175898103652	1.024691893292613	-0.13794310157933473	0.5568684259205013	-1.4241186273618938	1.886095028784001	1.0222813377942477	-1.275650792667374
DTXSID7046910	4.447440404810038	-5.615915460625648	-2.3412616713712495	-1.6668297230911395	-4.378881669504432	-4.744579624708369	0.7870137835373036	7.193700546332554	-0.8432143778818905	-6.649607381526933	-2.2021675552704862	-0.3717018160799134	-2.7899845053697447	-4.057108524721915	-0.3016884607072376	-4.127208302938289	-0.6773924792437457	7.848292175878434	3.1202691478839455	-0.3090075550140113	-3.6419040826638662	-0.6857272884154244	8.905968605535024	2.7187386264251057	8.493286703865497	-2.271232060229839	-0.3310035255182057	-1.0518540860936876	-2.3233690059932934	0.4196089460399798	1.9571821615095293	3.05666922090619	-0.9369694665260985	0.4795329595112805	-0.9523520088709451	-0.07025686569428698	0.614245252539628	-0.899060562672999	3.3305918286996166	0.2010384847423397	-0.6249988418057766	1.4455794014437355	0.1762183230447423	-1.3931084368480091	-1.7450622782702523	-1.9929086213081706	-0.3462245633403391	1.631813566512687	-1.426777871862083	-0.6712291929088761	2.133968360524231	0.9967193830379765	-1.800113690524749	0.9395296031306457	-0.0008893900631813292	-0.8870480234722937	0.9228976077101493	-0.7119115803152748	-1.6632893760095366	-1.0251114237968377	3.8036865793668233	2.4301564033642182	0.8994216477893849	0.9677025925566208	0.6704359549363705	0.6640557638818343	-0.7018092882110024	-2.672309759162668	2.254476218552821	0.16825208712628562	-1.5659380868905899	-2.2163762751872618	-5.329741777895133	6.060556934265436	-1.7385156142279685	-1.9503678324361786	1.565510685438541	3.6495159702872404	0.6160627162307097	-0.5580809766660011	-0.5510630028130317	0.926978885960731	-0.7059732446131466	3.080095992753341	-4.043359189669979	-3.904348796712479	-1.3028186920210618	-2.1639259350688462	1.6412744103236727	-1.0363896074597112	1.6529088303698967	-1.204352675901769	-0.9402188507153062	-1.7978565456251945	0.6089970050546174	0.059416043001933365	-0.35324561828746853	-2.5086031806080102	-0.1898634861507789	-0.751766000196442
DTXSID6020561	6.713739847521937	5.465488987312555	-1.8617844878056236	-4.07456588374799	-5.053000590335519	-4.16635219240202	-2.751097381178927	1.3299323817248545	-6.001751642353998	9.579993680121163	-2.608658131000318	1.8986564521029186	-0.7499421611966816	2.3330563778215136	0.12473680622737993	-0.5000767457254855	-0.21230605903700447	-3.1305063991597524	3.9267509853589035	5.547616627052836	-0.29383331592686274	1.18502023832744	0.1633688729957549	-1.0782403116989168	-1.5796650069017544	-0.16201218332910353	-3.6357447485169705	-3.7301072474772874	1.178078315704092	-0.3775805352369338	2.256190340595001	0.033266419063415126	-2.5109810892680677	1.5348026340307523	-2.898628392569437	-1.2159424020589613	2.026070244571427	-3.444321088936743	-4.1103288645163865	9.244491155679691	1.8572715106357198	6.217470850938287	2.9905292211704584	-1.9573834188077923	0.8125837943396635	-6.520766218448637	4.930909095502219	1.3188941906040117	5.471367731809042	0.8131466830071882	3.4767842015472668	-2.6236082336289672	-5.248984363588702	0.08846709115253563	-1.8949618149077785	1.707318823958557	2.162650144551519	0.055467406878151	3.491486999829408	-4.129696370649905	0.3113385005535082	-1.8406179197376011	1.0722611444475356	-1.0524474279282643	-0.8854836163553342	0.24020247789379112	-0.0018162895879835755	0.24439178644703907	-0.4688923093912383	0.6003642718629894	-1.0378088321683236	-0.5554200006935113	1.6215663710530688	-1.3378549100038688	-0.7621809150150115	-0.10552890677917114	-0.44550627554931654	-2.164043626295443	-0.058078408583524886	1.671738394271018	-2.43720994687701	1.4120095153355177	0.4266995502700781	6.0645749235587205	-0.7101914980840518	-1.294814701993275	-1.7194561950682563	0.6533575502290779	-1.5574669160653967	1.1922903200660284	-1.1615763200786369	2.6945911463583423	-2.354324608178857	1.4424986595163183	-0.06315116370599433	-3.8925485048593895	0.45906250255025083	0.5127813236374119	0.03323314817830451	-1.0193376322453127
DTXSID4023545	31402353.725188833	-10645988.496771809	-2771096.2064318475	46887347.04268017	12261449.916509658	-11169560.989312427	85467834.72327547	15668120.198551068	-20686076.13343491	99868228.8740399	-32567934.897647254	86121709.32612668	20595863.448904168	-7390252.156195327	26664135.634705048	-44154428.42177484	-28096698.291957576	46252508.2447761	57303314.33297317	15539357.118103178	43734225.23094691	-21435440.50757827	-28864548.611182343	7190908.723865116	-16770139.277935436	-28723382.257942583	-14194252.04264138	14823408.968642944	3481782.3468880984	12615154.598214407	4117105.0382031086	19819515.028334808	-2860760.3256130526	11895972.192767391	1753911.2376131234	24451174.0002447	-6622963.729243569	17091340.523840833	-14036629.604395518	4817375.773422825	-1275184.0370756278	2987302.645617457	-6100158.83116483	-5076407.721347279	-2022811.178977329	-1659856.12363756	3221494.0967927035	-11735755.320811579	-1607165.1427785968	7828062.7388189295	-1090670.1278695576	-19481942.1626841	-17141259.31284229	-2616020.3158429945	-4176299.75358335	-6704854.949046197	24436099.62332622	3915380.318827584	-36118729.19039209	-13098287.517445482	26181273.459176723	-25112061.954795934	13897273.839099707	3048901.3123083906	-21308799.012508	-68326913.97125882	-6034988.01145812	-27177846.360445347	-21840833.28105512	8118765.337670983	-24062784.90349297	-40925105.186259985	-7796996.848646522	-10196224.510169724	10265745.439274572	14538379.480188442	-42239758.41328022	3574095.3350585615	2621185.6500043226	-41335803.19235853	43467990.30135717	-38566343.82616455	54787125.13209953	-67608842.76408306	-52735719.83350324	54234651.45237532	-16772260.879334785	-24067428.377906494	-6465018.990745598	-16131634.959119467	5696338.264528084	-44290233.16129766	15517990.420759296	-13127522.861403888	1823338.9752866873	96359300.49063885	-9420494.583313024	-3167169.094194457	10726197.29925843	42526832.3268747
DTXSID4020119	2.092120560927696	-4.172188516789876	-2.4952947042404148	-2.8100761592756776	-5.150343022094525	-6.823179506968333	5.335577513632151	6.324655612117819	3.0289835701508614	-7.275024991981268	-4.55182214629926	-1.1194528932947785	4.545036319209109	-2.8044107656490764	1.1829995675329483	0.044978644393567725	2.4376569424241126	5.679555340451768	2.1939469069782214	4.508427621606264	-6.297907792977965	-4.235732772699455	4.716731746730045	2.365792834283137	6.717881433864529	-0.7655673029441438	-2.4720375588052064	-0.3060800599701251	0.6125466441268093	1.7119419332085402	-4.167683992382972	4.458722448918517	1.0838057770282779	8.913578060269748	3.299547704836972	-5.374577935832739	-9.768448263064466	11.728830631871666	1.4211569989357633	-7.925579739347148	-9.644079643776346	10.556635490856378	12.177115325660242	14.390201409283339	-3.013879173891129	-10.486182768277878	-3.27224414309803	-3.4236492808388057	2.2239294434219823	-1.4745436166273835	-1.3049344897054258	4.277276658980229	-1.1640304285318417	-1.219920760422106	-4.065050636556542	-1.8553006594015067	-1.4373176271435764	-1.3843944094014935	3.995969938117238	2.5087186014917346	-0.8115438862189509	0.37220253617415167	0.5385351681429932	-2.601936261569191	0.5133053611032454	3.2672943526952762	-2.923116900407668	3.058088198694601	-0.9098070528804757	2.4559554426107586	-2.760833655529828	0.21786531359991249	-3.1568770208643646	-4.265973731527773	0.8192564473084115	0.8552544742312131	-1.3354989448813466	-0.07121239439550792	2.687703281622127	-0.22287439818887528	-0.21698105656687902	2.314181735562931	0.01671927221440127	-0.12729350887725419	-4.2868828716468705	0.3289841039996903	-1.2166836288829224	-0.09430124905623	-2.7499570402895754	-0.4374836119941583	-1.282884244778002	-0.3377101364746105	1.0275664581190829	-3.091993301724713	0.5031300764965748	-0.607212586241705	3.108806283369455	-0.3979686227319169	-0.1826770225079524	-2.4794892860912725
DTXSID1045746	18.480229606064736	-7.445417739094333	-1.9771181890124419	1.3515251305168208	-2.1328303168113223	4.21593311273371	0.9764826079626526	1.0406919823283367	-0.8512660486783464	0.29331700554054785	-1.666714613484127	-2.3259356859519658	-3.833984764281373	-2.61824754524952	-2.8282622362850263	-0.9761966482999765	-0.7637229851721358	-0.3568463557248694	-0.792576734893652	-3.1908618449483472	0.26822455543655277	7.426426799500679	5.880629176637929	-2.3103077809533117	4.100707623988578	-1.6957808671203147	-0.03563570896635947	-2.8876583723970386	-4.8345424886433825	-0.10649786477409817	2.635177206602646	3.5803580468823664	0.7218078197228249	-2.219671777876808	-0.01592276062657309	-0.09350289654634532	1.0917616292527217	-0.6940146909521131	1.363106579004582	1.0783586085159758	-0.5646990318528411	1.3070054067016967	-0.3817691763260109	2.6753449957862783	-1.957937659587314	-1.9163782151495623	3.2449804274976985	-1.8488953485753923	-0.10614651794942201	-1.4859868655359283	1.8045378422138116	2.625485132449449	-0.21802764742790995	1.0747558957238719	6.498021766839257	0.20342021680333677	3.648612431346177	0.5840681127758376	-2.296786748224384	-1.6039942614209644	0.660008017650074	2.725493857225127	-1.282006478010862	0.5003427594064678	1.1861954423081358	1.6028069663443028	1.8901381319554902	-1.6577020814662637	1.9262355979075547	0.6752198349483631	-1.3625430766499482	-1.4430068669918061	-2.8724587982798138	6.030379479181987	-4.1722594080036	-3.0848033959720857	3.8734386365662226	4.476557870600545	0.4754112998332784	-2.298021406652986	0.8717617628414297	1.5096778154069532	-0.8852069163994765	3.1622474712216064	-4.577457847881705	-3.7136846125030845	-0.6178323352248064	-2.6536954892134523	0.3576920740972084	-1.2482183559626912	1.491021264600509	-1.3097071007895673	-0.3608600615250485	-0.14692396859127374	1.4450088488241744	0.056417711216750925	-0.5663497649367034	-2.5477208608599837	-0.038610790980644245	0.3309775234015833
DTXSID9049378	-2.404790716753846	4.124897159521991	-3.4925022238137005	-1.3079998988930628	3.5473581758818766	2.293253318746848	3.6554928813750514	0.4723207358473322	-1.6860992984653074	1.1589656139669497	-1.6989251943278005	0.1874707643368764	-0.34892030077549097	-0.8404538462680293	0.5538559953394774	3.8191635369745844	0.866893673849616	-5.477453713774606	0.5837506404647976	-0.7681405428748924	-3.123893698206065	1.8043621517945283	3.0987468797824005	2.609374989800549	-0.14397988749771465	-0.06852862418033276	2.800948079504162	-0.6644254660847764	1.3674489163682912	-1.0824112804811195	-0.7907167018579164	3.9677630354262696	-1.4716514600423394	-1.6476245273768664	-3.944742129091252	1.521733791122113	2.046712361488939	-0.5823526714327446	0.7320661074096433	-0.33853969555539176	-0.6921009895116158	0.7874429443173255	0.5230468499791671	2.0534738540140034	2.36583603981499	0.977982306294944	1.6153580591756898	-0.9125055507000516	0.9193526606424182	-1.1850433836117984	-1.649237531848311	0.765467302084635	1.1235395289031185	2.061392574455501	0.39319524301789144	1.5564183852139553	0.12362431406387588	-1.8319641772992972	-2.5772449428592226	3.071771722344527	0.703317278356491	-0.9970945206335697	2.328926601237006	2.548342028507275	-1.448376504419655	0.8254374572678143	1.9756328234561724	-0.43428421618448493	1.5101525689633442	2.5692880677291186	-1.6760115450871889	1.9553301245966137	-0.3546062005124844	-0.42325233306443766	-0.012700842478659963	-0.4365573072352174	-0.5715881661588468	-1.4974202095928806	1.410098680617999	-0.1369003451571293	-0.046262985475840804	0.18472204321846578	1.270411500837049	-0.3922418381805094	-1.4614068015628419	1.3935620260881527	-0.5528244206269338	0.18441082893071098	-0.431428051035157	0.5906142022603914	-0.2100268315924259	0.02815565485709315	-0.4281351376601421	-0.41409190452013517	-0.20688985873226756	0.31355594016787036	-0.5697671422287179	-0.30737178502194173	-0.8680088080791467	-0.35081856823037066
DTXSID7023516	5.127343020863806	-1.879397994136209	-2.63879275636429	2.5238508200609635	2.137094240892077	2.717036236497705	1.4001156796810783	-1.6544094955325912	-0.30016408704472747	-4.949506993643019	-0.8504602463851134	-3.749388625936416	0.8663044286011186	3.8295128476817397	-0.2663209753385016	-0.022241016217519144	-0.6273526981036074	1.6229538522778395	0.6592825740096016	-0.8970109650115089	0.8390394759467004	-1.8046885869368254	-0.5055308701357323	-0.40477465460401824	-0.9363463404578055	-1.1036237041289896	0.3646987382976416	1.279832474561994	0.07469930738704755	0.186600243964737	0.9058257156161583	-0.5329150946258255	-0.7212409177218545	0.8086098383082154	0.49113522080920796	0.8071689784941758	0.9760769800406046	1.0332151881844356	-0.4737911727499317	0.3493308324705255	0.3789935495056088	0.446993257631786	-0.9489685310194395	-0.31898052271673133	0.0840654155928736	-0.3451919449446093	0.574471775604961	-1.018179131516411	0.1776602748493858	0.5498119814750456	-0.7226258932354545	-0.2522155883573886	0.33078695682580367	-0.44614525117321685	-1.2220088233385376	1.2062515460934	-1.2065873072511304	0.8658235586183517	-0.4992451409523944	-1.3536705895985188	-0.7486296034324647	-1.049309822252918	-1.0882305995568873	0.7560294086959066	-0.5443213469728179	-0.0712227891890935	0.4440172400885187	0.6245586737994573	0.7556339563698529	0.4611519879600881	-0.8798630512901203	-0.8561965178121271	-0.6532096637133556	-0.7425050748772544	-0.1771565853414436	-0.032649291101646466	0.6574786127204458	0.3485329496466423	-0.18645636556603554	-0.6471716297721182	0.05327533982777352	-0.0302794512377828	-0.5192798667044485	-0.7326323878795191	-0.2648966362227274	-0.8468115313782008	0.18716368277941287	-0.4154224358804609	-0.36560008540738	0.05770128549332345	0.30952862789808167	0.7843430178249652	0.34451177501592756	1.27169941977964	-0.33410300492556877	-0.5954063923977037	-0.37695618393280184	0.14024177201259014	1.0956538807162401	0.03777691969204575
DTXSID0021383	-9.457652534549238	1.001989132180949	-2.778988616671877	-0.8396444713445342	-0.7286063146777217	-1.2681344916687125	-1.3042181034505338	-1.1416972679520723	-1.9749229915544904	2.369607323556051	-0.9109669232516611	0.1125663790730902	0.9019929532321326	1.3395424337976771	-0.023309627055913985	-0.10164662369209568	0.008810231342435224	0.4370861198225024	0.6362556995260102	0.4472998709026347	-0.07679282468542484	0.34488221201138314	-0.5611089267930907	0.04340782209313702	-0.17888049633555217	0.03596463218659322	0.03069070757940632	-0.6901180591781556	-0.28647483291590664	-0.1946504808488967	0.8332804739913912	0.5440632709932762	-0.09511904722909002	0.02595623829343385	-0.07509970506540073	0.1659412452751104	-0.13759311472581856	0.2496620236139664	0.008728167830305065	0.23640763569017084	0.20593180433188524	0.4181019416996325	-0.06443400242873827	-0.15566503750047056	0.2951791095280416	-0.3684340317327494	-0.3875062173160805	0.060962763384793894	0.24493494682411968	-0.6505623287100327	0.1340024172640439	-0.3195940773755364	0.003816319249914243	0.6316559394293422	0.4231054979770571	-0.6666977344487146	0.23713828942035683	-0.3751184648478328	-0.7975927674798176	0.17916834155122885	0.598512855380063	-0.7682767769063088	-0.4026686347606875	-0.3974724067086665	0.8628172494156106	-0.8982565993442677	-0.298482053523338	0.35852586025674044	0.9377231720218306	-0.14711253503860855	0.02601126178326917	-0.20591518309051518	0.30521589736037585	-0.0028355167301319195	-0.5985622673587568	0.01612155407325539	-0.2725122138683994	-0.10953776746307829	0.14356694049573548	-0.2270762070542636	-0.4499468581528306	-0.22439039928905186	-0.05929886661568773	0.012183893874131635	-0.026939371104032363	-0.2524183246045568	0.2568948666281784	0.2731117921727845	0.35973367613225743	0.6117297701057482	-0.5170988539258282	-0.22757488014486432	0.4037353173491547	-0.16772489535939478	0.20147226924579198	-0.36823791195329036	0.9919044448377731	0.36130511716517444	0.6976838381491045	0.2804106141289915
DTXSID7074616	5.620131049730991	-12.17967730992614	-10.337327189589805	2.4536587683400413	-3.2354547318452216	-1.1791247807824188	-11.829391699625234	-14.347104498159919	-1.8903433859514516	-6.255722552866611	-12.793939940003016	21.336683888066446	-4.775662927326047	-4.589925381994444	2.665302919989364	-5.415107439459622	-3.326285215497815	-8.571380986063616	-0.47471086617778535	6.1571455296518325	-5.644573580719195	-0.6210919133265277	-5.127599554799147	3.168593519570976	-2.8777530688351627	9.135359904922083	3.405355769999511	4.31331354607152	-6.636929216854126	-2.6846818510477486	0.1844602279121164	-1.5077300584088191	-5.077147149168839	1.086507411308018	-3.1510979778975527	0.8054385983297689	2.9278926713329185	1.014138834014059	-3.040378978071021	3.0049523357736634	-4.508938448765384	2.2961717455179955	0.54624041007313	-0.46632357372892813	0.13457907136490613	0.42750915253915966	-0.8003166215247548	1.6316843588501118	1.440497509527332	-1.83280280246492	-4.256446301996965	-1.219012680352581	4.044660603111946	1.0864603573859994	2.3850910803120096	-2.305726164481229	-1.0173294823545502	5.070560049659333	-1.2228382648125915	0.46989907487647087	0.41727392800134167	-0.9680215033773842	-3.2947010066155893	2.0443101456961967	-2.661680122313665	0.36545679253916635	-1.7314682418902778	2.0687865256094904	-2.9281955521890066	2.856512299461236	-0.273831254457417	1.2480266648656468	-6.985253740132746	-2.0832611815061974	-0.21778802416031606	-2.9311599153249794	3.0804958157744666	1.9213013763660518	1.7788782448674618	0.1881336242938699	3.6816054905101305	1.4266104569034816	1.833283728757742	-1.8691116743751177	3.2006646158465193	-2.9213278066641655	-3.747360862085582	5.678078230902577	-0.09371072154865863	-0.08825705981371629	-4.397004486077105	6.975966432736351	4.184402672713588	2.620105530982515	-9.392144719201513	0.1037847201249819	-3.868450824520757	-4.336281709570889	4.935974377339384	-4.050331174712113
DTXSID4025662	-5.7421250682760805	1.596148241595298	0.6284548379508366	0.2871523755051781	-0.9688867120557954	0.8026728680805881	0.2909922795638849	-2.0220646696881546	0.5695464160764804	-0.24513082471947098	0.15099939307388008	0.05029177865642468	2.9200909589124286	0.48440074663614263	-0.3861043729967646	-0.11698406851745076	-0.3639988443434361	1.0053807553397578	-0.11253876818408909	-0.11323784746613677	-0.5155535858298849	0.1297679288321823	-0.6543937910505462	-0.45774188164704016	0.8852793575049451	0.3082508022254341	0.3070666868525241	0.6859486486465981	-0.11607194919440396	0.8512928026029023	0.15555981851985126	0.7208359322887621	-0.05815698537747783	0.01681165334749241	-0.10399543127131985	0.4246890313720156	0.4968377748696514	0.8666830142635321	-0.37955248494623983	0.35820621931614915	0.13812898178688182	0.13826894450730604	-0.42140864002076656	-0.500865978191325	0.02912508365548293	-0.09620683193703534	0.6821328870301006	-0.022603073221062104	-0.4482761775685219	-0.5092190520616653	0.22697365599309327	-0.5932600511733717	0.3588245869783694	-0.058703779813802724	-0.05631139065221658	-0.5541169475865128	0.21796479645544226	0.16478017592408106	-0.14872037946198682	-0.03642279229824027	0.6451448361091112	0.07389987947415909	0.29002447898699957	0.5609216728316938	-0.4922892722416895	-0.08651924891894736	0.1803709534770651	0.01487161360654426	0.220569602797446	-0.48920659190310944	0.20902680948234104	0.43244529404977344	-0.2220524583232838	-0.23391145897019106	-0.5930233353764566	0.23814047896582138	-0.0039194386219726565	-0.46692314060219614	-0.7635362698594869	0.28348569138336466	0.36470485850598444	-0.24928529020146445	-0.21354132655974611	-0.3083131432076973	-0.7239561404229694	-0.3175017061403245	0.25924102129454285	-0.22455710135552026	-0.050066406177174144	-0.1430592969180348	-0.506695804190529	0.024644640403262107	-0.0003302926325412313	-0.2397827646354773	-0.022216774393715524	0.8766946601961921	0.13880218415042317	0.2862323716288022	0.10370624104555913	-0.3788974718649544
DTXSID2021315	-0.3846462692517937	-4.045155209010517	1.0486504949343411	-2.83939616232182	-0.7451558952774654	-2.112816342890342	-2.0442841709527197	-0.9166473425798546	-3.246065036538814	5.956309039765168	1.6765172772827606	-0.6972209236323655	-1.3820321759746563	1.6699541972315413	-1.5572147446562286	1.5699582751758931	1.8402566691381617	0.05956516678075686	1.165500098138395	0.21872617828930999	0.7006402878388797	-0.3330963141130823	1.5910629931855813	-2.0082616521614	0.09366275838644714	1.9469378425172068	1.1568451113521694	0.04175312366596383	-0.2773172424507301	1.0738343312750385	0.6520217702987479	-0.6992339646342718	0.7015039553771303	1.2175413890132714	0.41225220231278664	2.010147509350238	-1.6046060342860422	-0.03976566622300571	1.059752921431883	-0.502817011494435	0.8133240796745795	2.6638297402820705	0.791474819787761	-1.7054043166873765	-0.19935766786263526	0.9377988559754187	0.33816149506661036	0.9079359863515813	0.9300761555124457	-3.8040246166717453	-0.07327096611768466	1.817485137776953	-0.5674701864534366	0.07115217904282593	1.176131290541144	-0.3920691392286586	2.076876681470128	-0.6995790703033067	0.08949729174165132	-0.04885657360984288	0.4875309490910138	0.04576813976911451	-2.4128585769543753	-0.23188970923901733	0.9478704091820351	0.9163573685520324	1.1338080811169469	-1.1273878803688862	-0.6130748193341483	0.2924551586689183	-0.6540312801279726	-0.6424945420745176	-0.27575719482124594	-0.4582112373232036	-1.1109081584266223	0.7025540482742088	-0.07206027993651944	0.05929821985757908	0.008547583287650422	-1.1953200747598198	-0.3169633678412184	-0.04432424287954814	0.36894764990390955	0.5926530029640752	0.8901073137299161	0.6468143596922129	0.8180043564333513	-0.6124972380540729	-0.21122055484425992	0.3076896605899209	0.7559061519478392	-0.9153456993460404	-0.5506950048622664	-0.030542350103573413	0.2003485945904525	-0.6086649378851879	0.0598453587238686	0.49840383714564823	-0.0970756961442024	-0.2476394823585612
DTXSID2044715	-4.522119894028344	1.051608409229073	0.7863545040841192	0.9015683868499319	-1.1375151457389223	1.709907754145762	0.8486717785298378	2.1509420396199452	0.8097249973491496	0.5174329329754965	0.9706056288647371	1.2299559333985604	-0.023560871394827126	0.7614804922044456	0.052073629505714744	0.06771464601355745	-1.1456428407356782	-0.38994201392429356	2.0489716933105253	0.06742601503192616	-0.8925400416739174	0.8134237557263377	-0.06098687936410403	-0.3990313272930288	0.3224083625735063	0.09961501747261138	0.19720750808962487	-1.090517408823512	-0.7045713100283467	0.6257933827005929	-0.8370135507733396	-0.46214835461790094	-1.0759153794911236	-0.8215889817174334	-0.2758389631229106	-0.16180134549447991	0.3680866872179298	0.3295324953240531	-0.23032685692044452	-0.0036473116808639463	0.3087590802283442	0.33460535842413197	0.35922876814923393	0.361940483487555	0.13387928384543718	-0.09626606015663838	-0.26846478835827975	0.5107894686958397	0.27907008310830406	-0.603974799740942	-0.8548457001729686	-0.38488453838576053	0.3295257045006048	-0.008998672071414268	1.0085514886813889	0.5804178884043592	-0.5952619248393518	-1.818963512751055	0.009260752216750667	0.977005948613621	-0.7695547426632139	0.6428082087738245	0.17757285435463158	-0.8976464298063034	-0.12409748266275393	-0.4875960043354524	-0.33438867871286754	-0.4059488233517408	0.35082599694458677	-0.027710075628160778	1.2715559213867458	-0.978156830475643	-0.17852003937128147	0.519921851899024	-0.17510337316750205	-0.2710143375325548	-0.38406146304183764	0.023199147089916723	-0.16591984339124227	-0.4733826554844181	0.026559498278144748	0.38253510447108097	0.2898771079680005	-0.2813436085737698	0.7415649193841128	0.23051599249963206	0.0030430402689562356	-0.02445978503935864	0.35013292800623175	-0.1742842864413374	0.0049954193288122475	-0.028743842759254366	0.5250529730148231	0.41465623126169554	-0.30280164613440463	-0.43204567311144704	-0.0016931347174616754	-0.20499952558064727	-0.6355209091172164	-0.10818649089478546
DTXSID1020221	-5.913944928861919	1.4830004233802279	1.8676882390611917	0.913473107339138	0.8961496552524207	-0.7118781130367524	0.8365783759512646	-1.0952358929468635	-0.8498346036228843	-0.00838479817024927	0.21646002412415916	0.313123942897875	-0.16109557076460693	-0.5561741965209341	-0.052718045044162214	-0.19444289730188957	-0.5014162017077602	0.334180482742963	-0.27940795554444514	0.05422779437094619	-0.6090304537639484	-0.22146178678137932	-0.21172320918745258	0.17014047140793281	-0.9783378462820713	0.3019799191927688	0.5178979997757633	-0.2857911909172799	0.16786728678346557	-0.0699642878422148	0.10694588625099562	0.12117425328126641	-0.34884208682678686	0.12689483637685323	0.470786830557119	-0.010525148062568579	-0.008873466802851662	-0.05204269590046647	0.05291504187188504	-0.2294062099712221	0.07207760828898722	0.12300633207067575	0.18773308863408772	-0.21453432178824225	0.4233350217880104	-0.23877716474018626	0.1150673329943361	0.39720762638769636	0.05479940660973197	-0.10775340380026177	-0.05392885053722583	-0.1904712240871433	0.047114537854163877	-0.6321214404879637	-0.07377231494504856	-0.06797344588045476	-0.2428920792476932	-0.22973623421586808	-0.9236669200115398	-0.2815775679160981	-0.2330493921067956	0.17099668270591264	-0.2021198765651832	0.3085304690920003	-0.3327176827999865	-0.02046621657829928	-0.030910880883008446	0.22718234986839247	0.053860839566559175	0.12949404303807735	0.04773349489722156	0.01834126511098496	0.4471767654602641	0.3675327679914768	-0.0773660185294182	-0.18719007781916175	0.17425220664661656	0.36029994949074245	-0.43322490130775004	-0.30736368891745147	-0.21768137081292385	0.14814194000884806	0.2754735689028792	0.05904853784799632	-0.030650980721891218	0.16620800983815637	-0.18451900052230746	0.22232351203886633	0.03225786248055384	0.08977474817398676	-0.15537203202019575	-0.13207860588056655	0.05165808467861173	-0.1772202999057536	0.018284806884447998	0.02230764701956107	0.11631691613096545	0.09493019261830032	0.10213738761925015	-0.07224087255102946
DTXSID4026000	2.962660410512932	-2.2734141822212193	2.4364697882332575	8.635827080015169	0.06833134671334225	-1.7919232141875376	0.24952095971972296	-3.771542161340569	-1.7706120210437195	-3.302238456575576	-0.7781278649985165	-2.997286955423907	0.5996728484959508	3.326382541549619	-1.932277296167125	0.22722206684718263	0.4571553676188226	0.037834567500034784	-0.37495423562672575	1.1198381126907624	0.714172464412937	-0.9274016611982207	0.5039118020309399	-0.24352624047956853	1.0791187588292286	0.05157099411591402	0.6101618308304965	3.9071320117490678	1.735474806194756	-1.8296680099529197	-0.304500441480192	1.1733636812210984	-2.2185809938229357	4.286793316563663	2.11503731360319	-0.16885824422928494	6.271455190092449	-1.4488957441755412	-3.060230235834807	0.6122836094930781	-1.4866181611324785	-2.1885680342179366	0.7525411876006154	3.1673294143189255	-1.3516314257302617	0.5903246751293016	-1.3633147997479778	0.5743524626858266	0.8690479963826241	-2.3502833815711273	1.3231579850168342	-0.04352406294269586	-1.8394427581472539	3.1106256578653353	2.647228193990944	-1.5168421873931226	1.4589418594841783	-0.829936500366905	0.5298695455580624	0.17514769151754261	0.727866659447188	1.9415311371264772	1.6017294797801216	-1.1366758133321841	0.8750162361802155	-0.11745841668309139	0.5094078502606397	-1.3478293982308522	-0.46716202808862345	0.5802618355159642	0.8137660095557219	0.2188772097169337	-0.6018835235875655	-0.05358659928659337	0.20200433890251399	-1.1674740927765526	-1.9837175524127164	-0.6527458746345212	-1.8152724758792036	0.8796866210895222	-0.3833270882671896	-0.2637902156304891	-0.3808905813371135	0.029904701669296457	-0.4115605814264682	1.097256892770352	2.0512532596206645	-0.40860219169796613	-0.3073124842388529	-0.11310246016632496	-1.2372308830358203	0.6291542771661464	0.8107542520356242	0.31110869987784034	-0.4054243785929974	1.360611587661148	-0.28283911392754474	-0.12345268114124681	-0.16957745431311005	-0.8289168202372521
DTXSID4020822	11.756701662982172	-9.428326773459249	-3.179467438585446	6.297348755649902	1.4334049900896153	1.6077542526122341	0.6879384216759784	8.188062544508234	1.0550388954932428	-10.705463964698355	-4.547101020530902	-2.9059802593352515	0.7680593621816482	8.892072310186274	-3.382849542863316	-0.047956936341366135	-0.7541636940091248	0.29803817817115286	3.5787210432076417	2.500445942591946	1.2559234701892699	-1.4079824336068847	0.25146906791716456	-3.2241646853743204	0.6680605047933952	-0.6953505039651983	1.258009089735315	1.6467722162545073	0.48083445916808903	-1.4500276518690687	-1.314300478312489	-0.3048459511734974	-0.4882024024555666	-0.133538301642504	-1.6034610603985888	1.271290185286886	-0.6025235253078451	0.6133073655719431	-0.2708752909492922	-0.4079732886624839	-0.6614196237691282	-0.014406014366575796	1.2352586720881353	-1.4320860425935684	-0.6448000103704589	0.27887818496225136	0.805934662915729	-0.1165647949552114	0.172125917789812	0.45239222384598227	-0.32585361815306685	0.14460611662834003	1.9330115716984022	-0.7352976093043443	0.23914747080466076	1.139128960121178	0.3051368849209782	-1.1118400098797288	1.4525206586099917	1.1668265165954752	-0.9331633738919289	-0.9703311763643363	-0.10751225760613065	0.8827022765635837	-1.5109482771777012	-1.180870296574589	-1.0797035303322227	0.323872608722135	-0.8390278926347493	0.6139080839951014	-0.6207788638158691	-0.2927694991329852	-0.13296156864733016	-1.456614669329395	-0.5579927762683826	-0.5364819884616037	0.3836839955579782	0.5486261761214991	0.35305217200260347	-0.9510130464586573	-0.871153987646763	1.0874546333626023	0.5671322489619617	1.3970648840161117	-0.5599189412192317	-1.1043606674166115	0.37092414932447404	-0.9049206620967098	0.46364790875326234	-0.002475654494274367	0.699091621927396	0.5348591765542613	-0.3925318725418366	-0.1508005894057449	0.6588438186116621	0.30121517080889576	-0.5033691937538359	0.5189529336549289	2.239833055849594	0.24708447510411033
DTXSID2045236	25.29951788055509	-9.049936972388645	-7.658871332840362	9.134701482577288	-2.71689733755008	-6.11346534157027	-0.9302480517449255	7.325181417716654	4.733728295781866	-4.818904074968685	-6.489619424357414	0.9245833120217324	3.5810361603109855	-6.907753419594579	-10.955422365819162	10.85284728900053	-6.09446557928842	-0.3754709989034742	5.4169273041835	-2.7240951799569406	-3.7834992636020344	3.079289909974045	0.42796471436301425	-4.357865060905751	3.2338740298306763	0.4645924624098288	-2.9615180613983325	-10.222966888185562	-2.094445991764101	-0.8082545393808415	-3.8617292381122668	-0.9669004724575516	5.4950589405266275	1.4530619473722803	1.0533882195782014	-7.4816191028933225	-2.5086614856392275	7.647838211353192	-1.0927183396778333	-5.600281292915107	-6.402140444293353	0.7262181413102208	5.38848295008836	9.165184573554779	-6.063819878809053	-3.8364387003559486	-3.8438259553319685	1.924662394181146	3.934141968431238	-0.06527374808405967	0.5548847402729357	1.9005781342389765	-0.3170031893791377	-5.076761198892831	-0.7755435178262605	-1.5167574557506085	1.1399533332064755	-1.0318626584281267	2.6753409959982686	4.49760968939249	-4.578501132101848	0.6538553207772606	-1.3221780806259136	1.8984220967558656	2.6687716011243543	2.9906331219497178	2.498784072848317	-0.16826537598138114	2.2659531249174387	1.7624017379454264	0.16948201056249063	0.45396747248276	2.587197993728438	-4.070416888536512	-3.7821256522710813	-1.1597135803574286	-1.6958059876482507	1.074293232519125	4.237753612885203	-1.6584728002804778	-1.71167508612074	0.5096095320311768	-1.7508942138744092	0.17841104764389004	-5.864831682767689	-0.41334904701376396	-0.9925049848531822	2.249986104519232	-4.1744132213480185	0.6587565568754749	1.7702022349149964	0.6710982033891518	-0.6306922003355555	1.2357253497493197	2.2344988458845725	1.516793875289745	0.5241485467925704	2.2170157022298023	0.8441463041343465	-0.6043558047138505
DTXSID9047962	-4.635196746491781	-0.5423586970154423	4.4901223525105936	0.06450479892832502	0.505518571642441	-0.1722677735847741	0.5039292483806733	-1.1982494094592373	-0.6684672777803974	-0.01897408776340992	0.007817464622942827	-0.1040023438886103	0.5809052112595235	-0.8260776094311452	-0.218980048303427	0.06254617973918997	-0.013548594872888568	0.10486964358402975	-0.3639199642799162	-0.004867145855918811	-0.4098055489424839	0.2678191648222615	-0.13204597926019798	0.1858167700920322	-0.3161651974339214	-0.08192119915151004	-0.4010520248272923	0.1264232460864849	-0.10609344352179968	0.34406096274588	-0.08802764685510249	0.03776626448415526	-0.3247447933388581	0.37413079858426534	0.23495557435277858	-0.06388986215745981	-0.08126229383360138	0.687710411256338	-0.09470037230386322	0.11811556102095512	0.18455946585084512	0.3207669852043323	-0.3415792889839107	-0.4477685015783269	0.13708804323797216	-0.11151141134425187	-0.08594167273481271	0.017954959848222218	-0.17390513955430595	0.3022708226375733	0.008659060486443295	-0.5649093307955804	-0.06246060231866004	0.026574851871094634	0.14111233073303722	0.4286097407288286	0.02813797277419227	0.9508440346769886	-0.7007190108657897	-0.47677757257176295	0.41382403384466676	0.3103486246240021	0.2430765785305782	0.5796030810965689	-0.23199987298921929	0.18090315293641201	0.576278692348429	-0.1906020849771575	-0.017811818876800806	-0.3781537019560266	0.23388170335134412	0.6272545369027883	0.3191317286435412	0.36968658229179635	-0.046328815634562294	0.18615127549518484	0.28142235083731876	-0.07583530507580569	-0.06275019179053576	-0.047453872571042915	-0.27617172290989495	-0.26831178953467216	0.19345912944518867	-0.1990533427008998	-0.012522559376379257	0.25208699113327293	-0.2115291889979338	0.4029482613567712	0.4044393032547881	-0.050537749521330784	-0.01792981898700344	-0.24413533180873245	-0.00551151603877434	0.20614756497934947	-0.1932081647568487	0.12059671151709793	-0.09840606842457185	0.18379779690038403	0.20731037191010687	-0.009611777863831706
DTXSID4057633	1.3346155716230832	-1.1241044528600115	1.0501052403431597	-4.704952682741528	0.6825628330436374	-0.958351320861939	2.9502477388922888	1.4533738837429053	1.7277068604812638	-1.9242398296678853	-0.28597287944787236	-0.3448443792947105	2.0743324444211644	-0.8662469928949795	-0.2350015573549271	-0.1547216180093546	0.2796495357338737	0.4078315802190819	0.7113142377525106	-1.022363183500342	0.4356832880002207	0.6728515344216451	-2.7235495645636187	-0.14032911637006404	2.3001432845289242	1.8061537393439604	-3.3100225453133922	-1.0089862094658142	0.2915355349785707	2.0148411213995128	-1.5339640512694064	2.2672988819366213	-0.5194326662957427	3.913286048064591	1.6988899897518308	-2.4002475050161847	-2.793426257812778	6.243219729074908	1.1271576993291794	-4.5671116121226545	-4.970579360952492	4.890826413585868	5.962718256502657	7.444786752927481	-1.2771538801313762	-6.332242318266224	-0.3801019509322542	-3.0737965845345157	0.6868834016957035	-0.3249069611427879	-1.1147261103791046	0.5447310374233648	-0.4427663404962534	-0.573136551690269	-2.874542956031892	-0.11085510526556766	-0.05178998977026938	-0.9001227734383138	1.6787853872313503	3.3144861589596144	-1.472745825457461	0.5642108197008443	0.7359348906218323	-1.6920592043982599	0.6675333904630169	1.221610386473294	-0.6723636341428632	1.1195480939042628	-1.0729466576591538	-0.21774006902493012	-1.651108926508648	-1.002957425643684	-1.948901728937454	-1.0002337814772164	0.4511038529438743	0.22169539374223884	-0.312473530532443	-1.0081431187004124	1.6807832811097494	1.0075738780879369	0.7528171792717948	0.6959967385357922	0.11917593602830522	-0.3479977255376153	-0.793547407032565	0.47176631266547403	0.28964184812906923	-0.7363274097100334	-0.5031433572746283	-0.27317189187080276	-1.2583882446959407	0.4490682849429456	1.013317989938876	-0.9057835391323271	0.0639466051148773	-0.4056621385534909	0.5726298307113907	-0.5745164826570313	-0.5173199061598843	-0.07784074999323946
DTXSID3057698	-4.69849018069209	4.028212371298377	-2.736259379227704	0.7460416425616305	-0.31920038194347633	1.3484130077838825	4.249127695931674	1.8392043811820225	-0.22360121847069417	0.210063747474197	-1.2247453360674518	-0.019139287618474242	1.1430974174038033	1.3635592262590068	-0.020670518378130835	0.9870021149174505	-1.8927185707615768	-2.9269568059495743	1.8697460419775025	-0.9198592851523164	-2.4323052499260047	0.8301963572775619	0.5718551691430107	1.1584347500017855	-0.6186387887604738	-0.48936973034010245	0.03810080624627429	-1.5953492180929065	-2.429608488011567	0.36927015920604356	0.11173571650676647	1.7115676269731652	0.543895929745297	-0.7132267309427991	-1.1950903098060006	-0.7616335725819235	1.0360735041229598	-0.10914796816987597	1.3587069236268716	0.5381168283882998	-0.3985463485014769	-1.1437296416337237	-0.49432856456232144	0.41743142546035156	1.7536452540153973	-0.03818386340234706	0.1933212366495759	0.39500294909200806	-0.4781006138580176	-2.14567722741844	0.45876900649846397	-0.037640727409212794	1.2138745964581437	1.9848290960557358	-0.3284255408060259	0.6369019472876117	0.24016518675330187	0.38874263921181196	-0.11929039760705148	-1.1779847212178867	-2.0799042817095756	1.2024692914214055	-1.4182131910301392	-2.6650641839667535	-0.1496469732837567	1.641496593687898	-1.536517184218826	1.1626017353211953	-0.4270910862533057	1.9045390016933603	-0.06655981617142853	1.6597641701952923	-0.20740790572521767	0.3804800011558921	-1.5987534308846998	-0.13827796927316113	-0.21166254505854956	-0.6559846262915047	0.7779606461787283	0.19304280949381208	0.9103628833677716	1.0083735097379936	-0.305567092250333	0.1458516103492532	-0.5199148683131575	0.9797667766166327	-0.27781259646413986	1.3213926827327407	0.2279859110180814	-0.3317573604473309	0.8998595661121435	-0.7366071408180359	-0.14224774686737052	-0.9847396044214165	-0.6444732026007801	0.7790426933843149	-0.37158553196305577	-0.7763214046875164	-1.5111464237501837	0.7047589231784067
DTXSID0020654	-2.8927407050594125	2.9907798536545585	-1.8052999578771467	-0.40714811393706946	2.3981553375838494	1.0384621635883446	0.47085562723137514	-1.7808768938427515	1.2301500430667716	-0.7040649342795329	0.7941890876205585	0.8678197742837924	0.6379176739077567	0.8312568284967401	0.47712946080977026	-0.6184878627970787	-0.6090978262318204	1.1778649895526958	0.12257711365081163	0.7516201947376038	-0.6886114957144186	0.2447877151552572	-1.0568341333845497	-0.22519535185138126	0.3140627127691293	0.13159383829290675	0.6594911617814397	0.17117265896950148	-0.2306507288780601	0.6550154572408945	0.48044261174861086	0.7667735093780215	0.19771367713670707	-0.271341906806641	0.0963694106082352	-0.8249244991403559	-0.02913500991845163	-0.6931398915085327	0.08709431437599276	-0.37505438827992116	0.14402494014975115	-0.32413390539916664	-0.12027952629370978	-0.020879843320733744	0.4847740111238615	-0.3175911206864352	0.21934268838223805	0.06897926967911935	-0.4779847892243211	0.3789883372201848	0.20434240844682242	-0.2112414789810841	-0.21772097718056263	-1.1273518171294943	0.6099211344137727	-0.7519177759729097	-1.006241457176806	0.5176940647557337	-0.23689591635737567	0.7847995924556993	0.78820560413152	-0.012470026733089194	-0.14150394712016162	-0.8340398405443298	0.06751261776865322	-0.18923321612173286	0.12374065035008146	-0.3184874557474646	0.308244668542662	0.7225266029224688	-0.30797623380086664	0.3298977919384801	0.24042623424337148	0.22186110686037416	0.071881399396917	0.19124291761808912	-0.768000218264747	0.3365147122286429	0.36329403119187725	-0.2376100995166978	0.5399404196347017	-0.2527338991491306	-0.026539917420809446	-0.09417240825247551	-0.04166065376685168	0.6034870927486503	-0.2124059539345973	-0.008475978727618417	-0.4827182389149282	-0.5039526711290053	0.030355284977387483	0.5360691488586807	-0.4702044958568212	0.3952471456831822	-0.617116700029509	-0.42301307976692604	0.3882943632142542	-0.13889523136854867	0.26672363812677563	-0.23686304104279568
DTXSID6034762	8.413302930885559	-7.989611186340285	-2.8826913010114654	4.463315188682153	-4.2548591910829225	4.021379117209034	0.4254279858707327	3.8378589902285905	10.143094833092741	-1.5701990246555726	-10.379623363949944	-6.8550440938315775	-3.9131125240374494	-4.925844550428767	7.275081860213539	0.8159504971145645	2.7430460261117426	7.812823351274363	-0.7913975827071686	2.7217658447143522	-5.235049704132489	-6.942949948403013	5.869807203946832	5.777648574041915	2.8111527903738103	1.0110879703562512	-1.1787153945323265	2.9752700172398288	1.2349721417891368	0.33008728017420796	-0.41616892076405687	-0.8361914900606392	-0.454635910662796	2.278124677705916	-0.06757855530733621	-0.3150601947745963	-2.6159242524680137	-0.8415329354259965	1.068292811625679	-1.5276084789871336	1.432624153259101	0.6653288642405435	-0.40628529144471137	-0.8668524570608195	-0.09445434516447597	0.7662216098893191	0.48602682028182925	1.3099108528668197	-1.0912945710004747	2.487458366510488	1.8837216730206061	4.330485314921266	-3.9849366992440283	-0.6685919524008488	-0.6144433095852908	-0.11202552057004955	1.5361178090501688	-0.15760720548003423	1.0395052032947338	-1.0134337537467255	1.1562840023792877	-1.3058244954628353	0.6439448493489494	-1.3072260532985973	0.20827484453559095	-0.21038982428040387	0.4086830635740624	0.18142109979134696	0.3201973539851031	0.015012197091594431	1.236565635118483	1.4000484711798942	-0.4497655451347269	-0.8830270580456735	-0.22723277336616082	0.03459199741151193	-0.04374166431768642	0.03362109948070637	1.0186937013979194	-0.10818035800707053	-0.9475545595742507	0.5911356712776337	-0.2734974415750487	-0.21754561518272517	0.1552103551756331	0.3324677381985799	-0.1068784674634518	0.009556837748149898	0.7582441665218649	-0.36380462910405337	0.5766236119319245	0.36996893117600377	-1.2189583341776515	-0.7381536564433792	-0.06630463409527433	0.3732636965262002	-0.018930631337317906	0.4997563954883957	-0.31020356098363033	0.1811843533295565
DTXSID1049304	22.92710427347811	0.4184747846310142	-5.83127421481335	-9.270589030035831	14.28342493100531	0.5329120326253706	-6.041779834867161	-6.1446042954799465	0.607080553412157	-7.032417011968389	-8.640560609155651	6.589543017111594	-15.970068385825545	-11.749669112534903	-2.876897856330705	-4.95059489358233	-1.9043411115655353	6.246445689696213	1.083919248830004	-1.8247579567987535	5.951872509169843	10.779900636825518	4.04127136938436	-2.1159363124821744	7.099110737192843	0.8141785267557434	-1.604419016516575	1.4626249613763844	-5.958037341367243	1.3257806089408568	3.7807230683665396	5.141085066387113	-1.5905397007230848	-0.2810346234055907	1.5695889578761233	4.1025207172486775	3.0437788979786453	-1.3679782965872953	3.5936569981233983	3.7647185384857464	-2.2490288362726716	2.624971331063173	-0.820706970838921	-0.07551750362932484	-2.13629714041003	-3.481695225049652	2.4132313466868913	1.369882562900003	-2.61515640493718	-2.820466610200849	2.991459133778222	-0.6577895585891803	1.5122829663521835	1.776400920571021	0.5455356340566447	-0.2807864309048104	1.6033969386512343	0.24419994823470936	-4.330944242718476	-1.2400805070478715	4.630357665247905	6.718627966978481	2.408387203531874	2.031404585904579	3.6171562955343846	0.16006316186851874	-2.4825117403149806	-0.7218397948792069	2.9467295780110914	-2.3162004105771445	-2.997064987947652	-4.243955055227635	-10.869521319493453	7.778833184057573	-9.048936217689086	-5.740714208961848	5.407189634491445	5.018659467608961	2.711547854413959	-2.269951648791316	3.0046456807401563	2.5060173220714748	-2.3711131432482913	6.386116090287317	-8.027565911308749	-8.643334542984611	-2.782156862563252	-10.104878912242269	0.9419859358372656	-2.144400613404856	1.5294728191723552	-4.185338244268603	-1.7570835102135605	-2.16208761019336	2.4270970532091227	-0.8971029156338359	-2.138781067595822	-2.6790383057895877	0.8330652937255886	-1.5897334678135466
DTXSID5022560	7.041009623625631	-3.8022312067754727	-4.395022453834372	4.5384374042507645	-2.215041287675209	-4.675292509299395	1.1222115471852303	5.905267794281641	2.445560686323351	-3.7869079538330572	-2.938045976218065	0.9855187224471786	3.589640818070529	-3.418565411810818	-6.914977884625121	5.331641790896193	-1.9615980874729466	-0.12886574098989317	4.723895658989114	1.025240100521686	-2.3785332759449145	2.095783126026018	0.5024856314586768	-2.22044427038897	1.2862048123108387	0.8633300550717714	-2.6673580958934253	-4.951053616194949	-0.4544960981017876	-0.5801388299323124	-2.908107110994585	1.0847247633175907	2.2886699920804903	4.18291368434633	0.7677920104502437	-4.029294260922084	-4.189505674136294	5.739558297804699	0.18842781409030124	-4.878063491403998	-6.26715795672362	2.0700596658691213	7.190062786889144	6.094008324839296	-2.3812048790985876	-5.071108124885434	-3.555946524459946	-1.2009760769291475	0.8936836708659844	-0.8042923237650044	-1.5520906423993999	0.3586259944883644	0.6715067890011065	-1.353958831441922	-2.7365903730875356	-2.7134024648773227	-1.5269768197119982	-2.1628050287513663	3.0847458539518886	3.0677989067190925	-2.770706691826831	0.676435630571456	0.3270549510318274	-0.888182410484274	0.7997978831210075	2.3809366671539975	0.15749014118599042	0.31928983141928174	1.3310414033592628	1.0540907546042115	-0.5973323776634012	0.4673630968201198	-0.10951200344476571	-2.9511903739562686	-1.60304369461768	-0.5039245937125831	-2.102613775203053	-0.1490727307628703	1.6225470041366314	-0.9107394007111675	-0.8985426024236736	0.4715474078827609	-0.9806496087943529	0.9791783933476006	-4.029482153726266	0.33413942293820376	-1.9075871780406197	0.4213307167329542	-1.4826999090464343	-0.21366961933464843	0.09294071867170985	0.3224208212303109	0.17412983795638573	-0.4884291296377098	0.9213007014070197	0.37126112422249624	1.0211472395256151	1.0436863232784075	-0.19785341595285974	-1.0715393290763247
DTXSID4023258	2.2360598398284135	-1.3132680242635588	-4.749520342028025	2.571202144646109	-4.981814529732229	7.668005717551712	4.496739319454392	-4.2188710487117635	-3.549107140043965	-2.5090574622640616	-1.245478471286968	-2.9163761516232376	1.7308084220182567	-1.3474305978561447	-0.8971558351830079	0.9908744771543949	-0.012289760751752246	-0.4590300598825673	-0.19508205730405354	-0.9404912131611058	-0.30909135783539227	-1.7050950465889976	0.2458252658213586	-0.8679980427880302	-1.520995931464321	-4.073124025188757	0.4641098289473214	-1.9205810796320109	0.9029852578291779	1.2899109897462702	0.2745947860902162	-2.2088828477320055	-0.4504161361544408	-0.22858073934423112	1.360970811403878	-0.8383732051690643	-0.9761086749440547	-0.17659986000872852	0.20227774604846885	-0.9362677604884584	1.105471087365847	0.3790224817026566	0.6874472442432902	-0.712504080699541	-0.14172835375298373	-0.2464555533665108	-1.8175212121949897	2.8050926506753653	-0.9429503340144268	-1.5520033906780415	2.1633697247256074	-0.838451879921662	-0.6193953538304258	1.1981079169928062	-2.589514894227727	0.26794935469302544	-0.872270568236672	1.3520282302787514	0.7987794883605998	-0.9099722694638093	0.7849996210828045	0.39252022880477544	-1.2221113806391437	0.3520539105917692	-1.992175400585463	0.921346565116771	-1.1981875272473694	1.8013715901563012	-1.0270223530266491	-1.074528063997865	0.4269549268153885	1.9163840026558858	-0.3296006930476266	0.8999118815841846	-2.732215620579384	0.3549991141926815	-0.14149084430293965	-1.184337766022597	0.6919861256856076	0.9287953136689892	2.663305452577132	-0.6885369051908785	-0.4220402815210303	-0.28887473072059805	0.24235843047354422	1.1628301982331268	0.6657264270536428	0.5683847898190926	0.38632459932443053	-0.7971914661706854	0.4379523939546452	-1.2454226668241475	-0.8907356939565939	-0.6470844435427837	-0.07672806714683296	-0.43800410436730347	0.6640950647467082	0.11507139583302174	0.1351960645519682	0.3321991980631982
DTXSID3041790	-4.831226484069522	4.6138405337671315	-1.939928648273061	-0.5102395120921492	1.4334913599978827	0.7244542458165989	0.8065045571274242	-1.7660849386156623	0.9081819997699538	-1.2734626657378956	0.3331055185717697	0.7327096343775069	0.9201835506062306	0.8475141311216521	1.3293399175889067	-0.30902681982724417	-0.9408961159093799	1.6811738934407396	0.9960633940386485	0.6408727170926936	-0.26646061500278134	0.614998976757341	-2.4598034357963368	0.1901956457724844	0.6902103868914208	-0.3329870813750229	0.674843929552278	0.9068219006446147	-0.8731902794185823	3.8190807554749293	2.6306910124924743	2.6688783574988335	1.6575969509301778	-2.8446204976537883	0.360044565358078	-2.7711477958624995	0.4345803394387579	-3.935301408494706	-3.6649495155561578	-2.139881252919744	-2.261901549850457	2.854522913427542	2.1572667163251076	-2.778354378830877	-1.735062296277715	3.1045172454180494	-3.6404162454447766	-1.2746636516651944	1.8141540031831398	1.683173226311123	-0.8627345388740144	2.092859755483764	0.2192980349816455	1.6366638381850815	-1.053078627108119	1.2196230728423878	0.9062944270896065	-1.313312380890182	0.21529782620141852	-1.7697482613892035	-1.9369405107763562	0.19240566107606547	0.4586487256477996	0.8325313756093664	0.38064703519386234	0.7960863155217001	0.07211224172897435	-0.11552412796764597	-0.41410234693000925	0.1953220406252934	-0.6454081020785772	-0.608408491269099	0.39216084711232274	0.2536576729602296	-0.16330536952897629	-0.3048890997241184	0.019494415757711717	0.09586471317139943	0.25318914052138153	-0.030755169323517687	-0.37721047334131047	-0.2247636035090162	0.3765083537655873	-0.2772173056979487	-0.338152570891976	-0.28065156864861396	0.3625428942137288	0.1971122257896564	-0.21351628781323798	0.3391562229800837	0.2046104988168776	-0.148682504625117	0.44225773329247037	0.11519306520338568	-0.3099754819307622	0.15950924668298483	0.09172203238530521	-0.08010941968203136	-0.018937147591666592	0.01987218069637203
DTXSID4023674	4.5074766674770474	-0.6718937104199884	-4.805810317813745	-0.1022374480972621	0.10142154877496863	-1.012582447332635	5.118980638973575	5.881502938798974	0.8833851958282256	-1.2712368139797865	1.7602306005414594	0.7444070138713059	-0.7829273698476079	-0.37791409524978836	-0.9939109226495503	0.7798215669146712	0.7544484714344111	-3.4193748171611213	0.21600928752841303	-1.192062861315978	-2.833712423814423	0.46779969300593915	2.7754881709052843	-0.996310172125507	-1.5647855423389205	4.055291001598212	3.0411721740954825	-1.8520645257635824	-1.8033220034544197	1.972836958618971	3.8915379889100215	-1.8049865753774523	-0.5423846435594176	2.2164586214899114	4.133387935522244	0.2293991838071397	-0.452970012828168	1.0681867756148602	-0.522686729721554	0.8855613113466867	-2.4069877518160987	-2.3416987343376774	0.15844472721027508	-1.988615059099123	-4.173241101606408	0.056845593713780326	0.0031468674093529476	1.2535151212888134	0.2224599218117289	3.69565785225474	0.27374156103900893	-0.06559262551443437	1.144752804762478	1.645254771821564	-0.7836982612932369	0.43856450372573524	-0.827412609375366	-0.5769407785709165	-0.8347511050278769	3.5768804014266093	0.38407692891808504	-0.42352559581248067	0.6839208924635594	-2.575345345682778	0.6310738545902452	-1.0908923204792798	-0.8626692256631953	-0.6201631648790985	1.8590408905669713	1.328080327046203	1.1277756037338493	-1.1730239876675086	0.4404797362436321	-0.9670497676281056	0.9576244218332314	0.879220772593496	0.2701523648305803	-1.3061736858791972	0.7815249068770344	0.05511264086209072	-0.8403823004593977	-0.11960531815665856	0.2754165796053181	0.9999411852821063	-0.2705287423825129	-0.5916462595334584	0.019302755458347514	1.307236675115311	-1.475895689933583	1.5655685499224472	0.6486589720590283	-0.07973632671934842	0.18748146514056824	-0.4444137522601309	0.029717672080178895	0.19670064308328308	-1.323288621337139	-0.8858241891355918	-0.3604379180865227	0.302847706118627
DTXSID5046198	13.287120496061293	10.946728955460902	1.367886814159885	-3.3695414390734184	2.4443565962378595	1.5840761996361488	-1.9545375680507915	-1.3003449825395754	1.2050080732185426	0.05564626669939176	-0.2048266997870047	-0.3487263114413785	-2.3048355698854923	0.49982256971169114	0.759663710617333	0.6089970330602235	1.3479505099640428	1.215496671310824	-0.02759408336233427	1.1146320628582769	1.4442229097200288	-0.5410869740110807	-0.7483644698668912	-1.188792440785952	1.8516317989182545	-0.5989212614919959	-0.27954930691757585	1.98789655703896	-0.37502000345327996	-0.6000814856451925	-1.78048047860702	-0.34064724620177395	1.0790551991754218	0.04621825951705255	0.0654109946666689	-0.34758199117470034	-0.1771400374860625	-0.4867346667621361	0.5309924148952053	1.685325230600427	-0.20129032173866354	-0.10080336679783648	-0.38964565548806823	0.14905812589244075	-0.4510720773764949	-1.5077907694276238	-0.19347918541805123	-0.32263577575621405	0.07141311778943034	0.5301717481546305	0.18444381647605226	0.3490029661194597	-0.3079498697376778	0.6898650818411163	0.8625383307249238	1.4001296326541977	-0.030010316595225656	-1.1388421995605176	0.12184833193291658	0.5116885501614874	0.3004226495931219	-0.12004972995769474	-1.3792811103001972	-0.6286363142199046	-0.7039642974152787	-1.5240071404546003	-1.0481256955082718	0.24021930768209032	-1.5690328555282258	0.1587172565825589	-0.13681847777198713	0.35509301546424016	-0.002943077535415409	0.18219112790054867	-1.2471343887672535	-0.1158283171791125	-0.05575765671667122	0.8243927730819761	-0.9932813129890549	-0.03761816606709476	0.653909778641102	0.041360270133493256	-1.0167639580272794	0.0032213370802408885	-0.5193226312676813	0.12652083515320436	0.9908017168680734	-0.4053910882146175	-0.012183750455960879	0.42406852734889666	-0.5304754601479768	0.19375100873711334	-0.23371487418498613	-0.22536909455528695	0.16594555980986625	0.005413643218577419	0.6604692944964113	0.34098315026296167	0.06249821675503457	-0.7989504215774631
DTXSID0046696	26.181010429926573	-11.059341210373118	-4.223746380699579	6.012482398085048	5.3602679244360205	-5.220250318043771	7.17306008315097	5.801978356512907	0.05353269328785928	-12.246863817835406	-8.825509351062943	-2.8076411722925307	0.1306944361307728	6.972878093068627	-0.8447995409031476	-8.618863796417045	-5.6870439170563	6.825800903139587	9.722223298487968	1.044966751911762	-1.7208969538161976	-2.7733671836678018	11.446977461147933	-0.01952061736696126	5.270729512281195	-1.8203200209870787	0.17265756888330744	-1.6372619207805892	-1.6701601569088917	-0.7129858403390167	2.8093542997409475	4.940398260983842	-1.887075771701293	6.594586701623864	1.5668892563607966	0.22794895855962632	-4.453076392722311	8.805128691148902	1.3577306711016428	-2.8737640573801397	-4.069764457916983	9.011839835285182	6.010538485323087	2.9478007007769227	-0.7307391227986139	-4.878695027989119	-2.592070825294425	-1.9768486976496855	0.13604517328872853	-3.0538969246811094	-0.9767749790132023	1.1071413658580134	-2.7093386499800163	-1.0283469879579177	-4.328443667441835	-0.9746957732517092	2.0651476178093464	-0.3479540946465933	-2.5230783369994674	-0.9823296970119643	3.6046557776963173	0.16849237702041497	0.5863914708218642	-1.4887081195309078	1.5821451277759326	1.7116306220851116	-2.7478927280063594	0.6983273448346125	-0.5232765548395966	2.054019530758566	-5.5115955210088075	-3.214835376742716	-8.674795925978149	0.6406725338656668	-3.2731731403308246	-3.2863651886679954	0.9593714187230944	4.508227092214385	3.2790791669158916	-1.821263461662623	2.964373368243706	1.1346663953197866	1.8455029404426289	0.38894444083940394	-8.787850961148468	-1.350949215927803	-1.5437655743843384	-4.371393660195262	-0.9505851983696567	-1.174641371591891	1.5132223213322422	-3.296174029659234	1.4825610895797336	-2.9734625348209347	2.9865000463972424	2.660137039997577	0.28645714623074836	-2.2164952963107734	0.49519370008845054	1.8504220913062883
DTXSID5021336	-2.4278404174327086	-1.4301182067559293	-2.97946818035949	-0.5033767649172344	-4.550038111476583	-4.046273379727197	3.925497767812228	3.8972853881135805	1.2884040322274166	-5.271868736993246	-2.7757776190234424	-0.2701414063227959	3.919215556661385	-1.9260878759413727	2.0063534618783887	-0.5917558567813272	1.3503857546614322	4.9213043886392285	2.7599862476141417	2.4286480359673095	-6.448335945476382	-5.898702633623536	5.805975873065952	2.1744336949227425	7.138275706789877	-1.535297400240852	-0.8804294773301313	-0.30273438116759244	0.8559280195397562	0.14267253667505658	-2.176322566651626	2.453762291849904	0.625816205353226	4.325048614628929	1.9927839307502597	-2.4560986199880954	-5.002293943507034	6.3634162167635555	0.08360761620324952	-3.2661945923107867	-4.461432624807028	6.043166585581332	5.806354086711163	7.626263803945678	-1.636146246564397	-5.609277675342466	-2.0182352962679233	-1.1890299045609343	1.0251282592019408	-0.5642114544480881	-1.014040922473636	2.1326927502842246	0.15291888413772578	-0.7879217238069559	-1.4943040930950497	-0.9628254299772042	-1.0058865423140269	-0.23930444084001967	1.511993753632713	1.053125937383211	-0.7594382701449797	-0.2932686530921536	-0.4723886332821735	-1.1359732655566208	0.471832899953998	1.430698615452207	0.10677410920158378	1.6993143142248355	-1.1397408943838185	1.717752514229649	-1.5798433060737007	-0.22858099830670353	-1.8462635089346624	-1.6010896482994081	0.31267873674817276	1.1623001675903113	0.17032526065740725	0.37744012372045266	1.1457827769437825	0.42074528066546935	-0.6996275362007749	0.4526983241570606	0.12839008590243536	0.9240623841248178	-2.0716307555781435	1.4089849002552597	-0.13118572496826814	0.5150242164477838	-1.1618757790430525	-0.6418734058624981	-0.16853178360048396	-0.19605629491057824	-0.07290664526715065	-2.318154949381882	0.5266449812598072	-0.32941023176306644	1.9245436433506427	0.3378416959135271	-0.3234009434254651	-0.11150739821483396
DTXSID1024831	8.249763469120653	-8.619006377049445	-1.1500198387474727	4.598011988490226	3.4815388629989257	-5.208339421028596	2.316217077969618	-0.2840641756069619	-1.8039895135113666	-10.264704811806835	-5.834098978941712	-7.594049370408478	3.346562077628308	9.98170385315168	-3.0091210111463544	2.0646140873790944	-1.1411002039769087	-0.09606167671056487	4.768823508215812	3.9223211436114536	4.343716666447268	0.2721380655551833	-1.0426312777160274	-2.9979135849117386	5.421661305777985	2.7053643206422247	3.11745632248949	9.288987843464305	6.65517494053581	-5.1487276730119325	0.515350332231822	2.727434583282395	-7.865863458447481	9.332889362734608	7.285834681761213	1.231827949271318	19.529478338907108	-2.485424255927011	-11.081274773676254	-1.6721403802066905	-0.6436796890811451	-5.501811877683009	-4.927145110572976	18.290187836114637	-5.422190798276808	7.408874182110498	-8.94473783640254	11.811161487802748	7.791591901247488	-2.13534195826371	8.683605318780403	-0.0373054775296692	-10.484831784790966	-0.1015849138057706	4.428280186915486	-0.5606030645707301	4.802252772858246	1.7676984885834528	-3.040903315937979	2.4180428412191626	-2.5347684664497905	5.658097254684681	1.606500091650219	-0.3971948941179522	3.033537878412661	0.2779465166624123	0.6890379019274564	-0.41054146927259444	-1.5300984605664099	3.5416436543332686	-1.3060880188676263	4.497446718608391	-0.9967251479128308	-0.5951189077934379	-0.6735787932327183	-0.0860181647093152	-3.792272093688413	0.14386093139362469	1.1901492681574886	0.32768381789465084	-2.037370545007648	-2.1642111120181515	0.9037128839638361	-1.1119317113022171	0.4428363903742925	3.9236964605684723	0.8369855289613349	-1.5268143649446706	0.2350824962547591	-0.5423967364653106	-0.7135947464233434	-0.6831644575511735	-2.735104632449611	-0.24570899064010895	-2.5153972301472542	2.0115864407997486	2.4068798467785566	-0.7244725286712309	0.6689006435322529	-1.4491987523098495
DTXSID0046222	2.849017162082643	-0.7245394405213956	2.461159789669408	-3.4790804733203995	1.9600880707537853	2.2309286064806004	3.3949677734234047	0.5626396622714673	1.4111728595485067	0.7598789087069422	1.8875038582624817	-0.15135827533823987	0.4587838437367806	-0.302841156074176	-0.04314402020248466	0.39599535737509406	-0.9535060641998837	-3.1048668696655213	0.45004674027650715	-0.8890314751720304	-2.633151874285848	0.579129337954293	2.954042522494739	-0.8800757365662497	-1.1963480286693315	3.31869794089816	1.6751420172153915	-2.0771330976799303	-2.0384958424764537	2.05044980010989	3.3322729964347975	-1.242398300079231	-1.223254946294658	2.0697202278359903	3.502582519806846	0.7360302563644682	-1.175392951160537	2.137672685194254	-1.4777726097574249	2.954074243573139	-2.135084722618215	-1.5283820115409479	-0.9342413628083271	-1.3548935556761168	-4.41392926530367	0.11872163587864881	-0.0809861017364853	1.3041171764149713	-0.5736649956854776	4.497726758981154	0.5964190935176531	0.898424588429157	1.1632475175803634	2.6590944377826125	-0.007342838530814148	1.3831568512257169	-0.22977566153254608	0.39806971489619336	-1.2676631741619002	2.890846588145959	1.0326333140788164	0.14369680478166025	1.1186568422930132	-2.4903318353041057	0.20543301758076485	-1.4137889180010772	-0.0012699750653340693	-0.12409989967736816	1.091655788655757	0.06923087523938488	1.970401981161208	-0.23164963680900075	-0.6263383274253842	0.11395475400251548	1.338572094981316	1.2889948550297856	-0.2994697776635577	-1.4511801172673964	0.299487365389695	0.5315116822778189	0.43974118252929256	-0.05162616618703447	0.12647106037798952	0.011467015140800943	-0.2816041316640834	0.3094339275867167	-0.14618758390990547	0.1987088058888203	-0.2066550594282411	0.3967064956205777	-0.46098552700604234	-0.028725771807920873	-0.39009622591488385	-0.2824910931858615	0.07121164379858629	-0.17560231266440338	-0.22136076764502308	0.06598468329651418	-0.2364146403407649	0.37297266516299815
DTXSID0047909	-1.5680227142599148	0.10332482768978336	-2.290321661540885	-2.03679911912034	0.02740545027260237	-0.9710081199685271	0.29980534823800553	-0.2298294378707226	1.4549771797705717	-2.729011211159246	-2.2811917809314686	1.7804817142170235	0.5339362629525384	-2.8191737734516016	0.19975170461012964	-0.7811294398891191	-0.7163235047589217	0.4805446892841464	1.0986092008033816	2.9680000963592934	-0.8520215182276335	1.5616787004362038	-1.951972082514045	-0.6045217288566793	0.5178253474717409	0.9471595980127936	-0.3035597652912775	-2.0419966700769754	0.9495888172310383	0.8868093621788621	-0.6055426314607775	2.048146560396177	0.5386878844318448	4.501442045948809	1.837950898251237	-1.997132913421483	-4.533314019820541	6.247153308113315	-0.5872523631743896	-3.385042415090123	-5.15164667426969	4.545285135165139	5.738035209222204	8.695984831386353	-0.28306416082304103	-4.87235192551016	-1.676409552727232	-2.9338077740123323	1.4731961870943213	-1.8133859748085643	-1.9265581784447168	1.276682276505396	0.2916909277168135	-0.7383050109919841	-2.0849551165283278	-0.906522718293643	-1.0651193707722961	-0.7149141670024773	0.7413205875737432	2.0601151811811307	-1.5613992121688034	0.18794306759072063	0.18226342234410345	-1.428871233947265	1.5064762772377944	1.0382601215123963	-1.3180864756393729	1.6097412558482915	-0.2960159355019032	2.033769246151434	-1.6045254270831564	-0.08161594751963883	-1.4287429708784398	-1.5271889477667753	0.2191823402152118	0.8842224147618015	0.20595934363133617	0.18469604754827465	1.28120998940691	-0.03507978854249388	-0.39413402256906094	1.4700240787579828	-0.172437548940335	-0.48506307500217033	-1.2306499858329052	0.3494964605724988	-0.18176620476011243	0.058983699695794554	-1.6867142337602183	0.7729818165225484	-0.9991954327937944	-0.3398332733041399	-0.052871257235395895	-1.1941969259129075	1.5950456148709604	0.5556322946612088	0.3257401434560989	0.31287701435287574	-1.0498791058531234	-0.12013860159216667
DTXSID1021081	8.687615035220798	-9.096368968302789	-1.5983959885991512	5.90568647567201	-1.0310903486150464	3.3064667867073867	-4.114367062430224	2.0923591170801754	11.394574557532263	2.102320871154177	-5.725888038427562	-5.272621995317535	-2.410564396592632	-4.736130312441977	2.9247483456486036	1.9682216254025582	0.6849278319093189	1.3976166444306748	-1.8391349297847497	3.8789607510178516	0.2735859684363388	0.13856633046723893	0.16753207253729768	0.5384081392531013	-0.896135738557434	2.0636046588759145	-0.8511573178306304	2.2625818483217217	1.5241649984837424	0.40268383868285046	-0.6970332442552062	0.12011664081843235	-2.37519026793268	0.08908960420475176	0.7719248957353647	-0.0317422556380993	1.3778427449393396	-0.2502748629245162	0.6169598952303849	-2.1720085477309565	0.5080213798801881	0.20328663412300094	0.4729989129402804	-0.843292196642185	0.5711165913626387	0.5131399635548161	1.9322287441905674	0.4102281176076371	0.522882757512803	1.2930101449627478	-1.4948394535557488	0.48221303368425633	-0.6966079388455849	-0.13739809464617972	-0.9864174740059637	1.8592158537512	1.005252458609676	-0.9880289947868366	0.35984661997588413	0.06339112994730137	0.15811766114120213	-1.2050007061235792	-0.11034666071207745	-0.8739361880087716	2.200368512436549	-1.8794913814374445	-0.6862100707607701	-0.33440264680280146	1.0692485861864915	1.0343211202527312	2.925817288365449	1.025542153321581	-0.3023448047695578	1.0005870909455528	0.28786974809092725	-0.5187228618614541	2.9432412484132815	-1.8165060711882073	0.7904150423975101	2.2468038753796464	-0.07436397430894501	0.17794627560664344	-0.5519191734369024	-0.8282473941141547	-0.37867691081377125	0.21681275236975456	-2.9704703243011226	0.20708682760387806	0.20701015001313644	0.688006621730291	0.6620732345969075	-0.22405905371300275	-0.3538852733161979	-1.27262254019869	1.4004362663689913	0.5523788644816999	0.12584621396998127	-0.636836243295747	-0.5386031077141695	-0.23618254391142626
DTXSID4045187	4.958779944111186	-0.8089973564302148	0.6239622154422583	-2.5264554840031272	0.3915411590106397	2.566706160721054	0.7249164459050187	1.2765843993519947	0.05558581557903472	1.1717018973330804	-0.5250201732278329	-0.2097383882752109	2.7192996800917983	0.6405091188681676	-0.4741686345841718	-0.6520896333027507	0.5530789947981404	-0.18609110917145874	-1.309911689154267	-1.3260601671982717	0.31342966772152087	-1.472180771901877	-0.783940215738334	0.44891184130954104	1.146691187970341	1.5247986728308116	0.8882442878991389	1.07985546471709	-0.0003501933025334065	0.25410341471474795	-0.1383468007275503	0.21107630975943545	-1.2658459848055204	0.4212781559848019	-0.1375824461368633	-1.0255168383730966	0.31930962229548326	0.13825015308309052	-0.3407127862558435	1.133033936498088	0.1360400887369809	0.6748300101975729	0.15987092535890698	0.01571234684429759	0.38804594036635326	0.6874314481933299	1.5655757125654959	0.035186362929580904	-1.8757641944613526	-0.5594123204474406	0.11597471832253176	0.18052446161264388	1.152683943370291	0.15399256321832153	0.7939782444969965	1.308167620225144	0.13279397805373308	-1.7660247797201944	2.8223224186470492	1.075551658556229	-0.988590886047456	1.874138179010566	2.00414528317276	-0.4175294723351325	1.489139652170877	-1.1668990135324866	-0.969561438964442	-0.8790696305748971	0.7581563658253694	-1.3399067305018202	0.7420087014562206	-0.5303505158448126	0.49182950106765166	0.4347273510179623	1.1529967898550162	-0.7373100366228228	0.9885403832280711	0.7187197697789076	0.32112792500983706	0.12487537635162546	0.1475112814473812	0.1463584836699185	1.1066498408546417	-1.152494922820397	-0.19724851118856992	-0.5274556224135906	-0.2755240604756455	-0.10798418209263981	1.2307431267989954	-0.1858405202560465	0.6558946632683179	-0.42346792203097716	0.4661304572825501	0.13620301350458688	-0.4747057253952884	-0.7979286855343428	-0.33438078754220785	-0.040685637904549495	-0.0842243996432643	-0.6892983321815439
DTXSID0045250	-2.8510500427893395	3.050276565148059	-4.721882970543445	1.7473088685686864	-3.0399797820219137	4.22945118714684	3.7274364963345077	-1.2266682826776354	-2.768555627707411	-0.8788152745311544	0.023527088800556088	-2.486704892853078	0.02560255680816367	-0.3819634937848759	-0.9780969263309843	2.6887700253115665	-1.8578977390436928	-0.7941527051064696	-0.6815506209651259	0.4786869842847665	-2.372251738071349	-1.1030423862322554	0.16260924505189567	-0.6278338069166483	-1.2134093728774524	-1.80645866021484	1.1702688709324678	0.9177871784376219	-0.9781087639812299	-1.2195570464201357	0.5286108023892934	0.04159584604608056	0.07947265227803475	-0.5347186541405055	-0.7627530729921962	0.5924519100617558	0.6973968687017006	0.11653912222757828	-0.4092744254032944	-0.35642605583353626	0.1840059382006221	1.3691611730308029	0.350545177457886	0.32562241779012796	-0.12524013802225784	0.10798105906006948	-0.47435699091595884	0.44611343647924434	1.4415963304597792	-0.6147788239379351	-1.494666788374479	-0.3717581138204411	-0.9919103793228067	0.22886962283268208	-1.8399656316748576	-1.2378492681480118	-2.6914285634123027	-0.6116136236855164	-1.4260608209792018	0.9206811585317326	2.4225290049439443	-0.19888645761938722	-0.32274701742179784	2.685371697883178	0.4314944692273007	-0.3424597602964841	-0.8401346509554007	-0.5948849056859519	-1.1271487484295666	-0.870004541585478	0.08607825565020506	-0.03478567091120803	-0.49006817094624344	1.1425803502765295	-0.12019813834731595	0.6663600075452376	-1.46616601820376	-0.5588329674744721	-0.7090877727898944	0.09656088534571293	1.3625714985358341	-0.8219361708662795	0.5167606117539794	-0.05297369193286826	0.021718280765966266	-0.09005870557391989	-0.28317808876130296	-0.09311021014490437	-0.28210084977524696	-0.33449842244909495	-0.01994270850095392	0.39876124237612975	-0.590793340663135	-0.17628897308540092	-0.2950587713879843	-0.5065505678783608	0.39373625829443226	-0.05021816160459152	-0.07110237871800006	-0.15583520032995132
DTXSID7032555	7.56400140073834	-1.1464014745281612	-3.528861328529003	2.338840415334035	-5.173486836688959	6.76282761849684	2.362583596258162	-1.798968361383121	0.03408897912886653	-0.08031542084050426	0.6267876973864122	-2.3293396464737084	-2.385663579238709	-0.6159863601557495	0.3051681165285496	0.6817875353456423	1.2423585764480072	-1.2682185869926565	0.2146175895110214	0.7446611398713223	0.996481533138814	-2.848563455742535	-0.4966027168031013	-4.511198981712624	3.8835768064354137	-2.711880761508885	0.718376689941259	-2.0316574878641407	2.1391946347198765	0.2344052364906368	1.2919941053135553	-1.3447978080230212	-0.12480280894002066	0.4761520288803048	0.3876810507177469	-0.39661105281216696	-0.8789842234242411	1.7631705631671895	-2.322270582559651	-2.010589857861294	0.5051163754745996	0.281516911844357	1.7801245084204054	-0.5284537894274182	0.19451862668961759	2.062312426015961	2.359167110000246	1.0973478321455568	1.6651658376564935	-2.1383064972100394	0.6668873206166664	-0.7764629669579881	2.2594706476641018	0.5935323522215192	1.280792823541564	-0.179630425200819	-0.7841852403370279	1.077343334810946	-0.0004813625900826657	1.3402648722911963	-0.1350039587488744	1.0449060785652615	-0.29244630551261924	-0.04013911716684654	1.1493899819820825	0.26146634481309095	0.7102076827850721	-0.7250532669009216	0.25243939926215	0.06825016283235762	0.6012163475358504	-0.244063581231116	0.2877687625722232	0.15991108826988287	0.12898717349393266	-0.062041446273728	1.2298169123069436	0.5129970003013885	0.20414084730565987	-1.4488643683474298	-0.31818206594818926	0.29640347525674265	0.8942587952024982	0.13440173647332337	-0.14475192730160236	0.15969841524102224	-0.9775383057687719	0.0966965365140835	0.7551571154143154	0.7423666717217742	0.6880286610246812	0.38249683815015034	0.2293766954684808	0.1306719429606302	0.5332740663530605	0.13708519979871728	-0.09346764862554459	0.4398407477773124	-0.0526828669919948	-0.2141921189844153
DTXSID1022186	-4.547361720705139	1.5116792180326675	-3.796182826744278	0.9653599418238304	1.1540555574900597	0.3623809510143663	1.1543417529346829	-1.4886020898458618	1.7458083386140704	-0.16159196263581652	2.7168183689123255	0.9477447006470017	1.1285238515435727	1.1524858158047029	0.037475801223653744	-0.8773176457690801	-0.23997890956092777	0.0633574358307102	0.3579550156072453	0.6440808209062076	-0.9499599810219992	1.1117598038462044	0.21197459941124852	-0.032978026755078334	0.3841815845304837	0.14998584308602467	0.430529662848312	-0.026810109082554635	-0.2609909873415882	0.172946732635259	0.427616405033544	-0.12835709097651934	0.6330531374845365	1.2168876751559738	-0.305870236893302	-0.377230704895087	0.3914353537301379	0.19621723421416246	0.3093194153096688	-0.5707626502124759	0.29288446170000415	-0.4378954646026319	-0.013696375990127798	-0.7171085494238001	0.7476215443749142	-0.2333195957308319	-0.6612861269412651	0.24531578358278996	0.28087578963254234	-0.38004097251127095	-0.044126419233582535	0.07890591278084329	-0.24638810956263887	-0.9883113421946063	-0.5421561108130301	0.16020578934779872	-0.5798266693620859	-0.4937052874791132	-0.3399485014797852	0.4562056021916021	0.33027979512601713	-0.21969488218412955	0.1837367291723099	-0.7323856676920397	-0.07312287363711178	-0.27898737510331034	-0.2738411371826074	-0.00137374510739213	-0.4887571807222566	0.9686507365367175	-0.9422402644416351	0.20721377538391092	0.46109541533591925	0.29639171417076854	0.1362943164748376	-0.1481536195041677	-0.4652387902312573	1.012166845954999	-0.2201446373497767	-0.7495252395251909	-0.5974296573094344	0.049775281563862635	-0.022322778297371212	-0.1447180921436768	-0.5552565481055852	-0.5491921362878635	-0.2884097250108243	0.2979955976356324	-0.23412988881459992	0.09379479747612203	-0.09511156579625747	0.4213878506610501	-0.5450215600524938	0.013249404400430513	-0.5178151915160879	-0.307448210203673	-0.11311265721432903	-0.4333700619695204	0.2895863282729413	0.8377287762115256
DTXSID4028967	-5.142129545102808	-1.4466390759381116	-3.2629553501754245	-3.8888778995748137	-2.5390181527566917	-3.547314651658526	-0.9534793063164878	-0.21561386126323426	-2.690407578646865	1.862534555775115	-2.0871956959784246	-0.12261324589249342	0.48036212105939635	1.781382708911627	-0.7168279635366009	0.08370048836364194	0.7139918838626543	0.6183496109746234	0.881177510027077	0.49217798850618727	0.8685400328427171	0.3497059297763643	-2.2030221820658555	-0.4219725410829717	1.2766681847386216	1.7881729685833203	1.4926039298478442	-0.7674267949896251	-0.7046649665455477	-0.13546456591448583	-0.168185735104448	0.5885491640998505	0.3104886501175691	-0.8079078164440483	-0.15124948719154513	0.41434406869688695	-0.05961377868943471	0.40439008609299115	-0.17937942449535413	0.7998377159993117	0.555442061984548	0.708382120642566	-1.9313880780355441	2.285762885610499	-0.576092758871896	1.1358055291145879	-1.3163555905556217	2.195352437271833	1.7146425148421134	-0.0778556165082715	0.8577068385578897	-0.028185353439508957	-1.531506667990481	-1.162756973594357	-0.5809078342228448	1.5308902662695592	0.5130818525198935	0.8830186524672711	-1.851316705069018	0.42599937877870936	0.08358060635024411	0.2541103814586569	-0.6735557040029801	0.37997702938934547	0.008950118399799136	-0.45569071348410045	-1.065481027715868	1.4161593223899165	0.6701822784352841	0.07535822004692122	0.7797010815065957	-0.1883325859335798	0.7357246713182465	-0.3529063202936199	-0.678943825707094	-1.6324693672722252	-1.8957788088685747	0.18121995413904118	0.6951134253671516	-0.7368337804914649	-1.1377501744601883	-0.1815298982632528	-0.10627136564603042	0.2744027774997457	-1.0130488227615861	-0.3137386146336389	-0.8660041069509112	0.7749301545150501	0.7292649178287105	-0.5391738009061785	0.19345612737432247	0.3355946169367754	-0.4201928647463612	-0.504693398745505	-0.06628417928321369	-0.025440358929214202	1.019497812137671	-0.413585580340144	0.3967559300605343	0.07162291303219409
DTXSID5023613	0.7675448713850412	-4.295625767210937	-2.0508648654474344	1.613805600980179	-1.7931179925873983	1.8475786835931904	0.46321737663200463	5.034586666941073	1.779366787410361	-3.9741552055844696	-0.5902787100990609	0.9304837699219224	-3.51495489708711	-3.788719891053179	-3.6027375652493974	-3.4437880218448824	-0.1852773051206715	2.7116928223727133	1.1860585819379097	0.3440783368224049	2.3531140540036826	5.657925940132398	4.266045725636426	-2.504063127486349	3.4234253899615754	-1.0013956100026553	0.7646889856648734	-2.2293681300254553	-2.1148970825808284	-0.42597461892803723	1.7323650328670388	3.7182262830077746	-1.9355813096581251	-0.25110929260405124	0.17309935947358543	0.7109034261229061	0.2989557557784976	-1.5005905673841997	1.8430200686816829	0.3450873863164833	-0.33431593023312434	0.4670501828743161	0.5579661882175494	0.11786458080219292	-0.3894136095097727	-2.015744906870715	-0.3689045366278722	-0.0017856171847999939	-2.032012719857903	-0.48045635291856587	1.0350814957761825	-0.9745937499206492	-0.2561192414213429	1.4573999003174978	1.6799176793839865	-0.7423359538533496	1.6907410024421565	1.4094694537493295	-2.196104531046101	-0.1546878612653621	1.7639346408847907	3.7323232813267575	0.9814668518343319	2.2730101126972904	1.8771012534389444	-0.15998377561182808	0.2480384902201748	-2.285176042238707	1.5973120977530488	0.8518046939920891	-1.6981790756723831	-2.262069472378199	-4.284089031586501	4.861081546933277	-2.516956077445266	-2.697562782752491	1.9372487565717544	2.9837171004421044	2.265392517587502	-0.29954864405917786	-1.168325460700582	0.9269752317395782	0.2596236607478895	4.307713623981265	-4.857168951881066	-3.6473186311772854	0.05762843891309151	-1.9337082063775757	1.410189580789527	-1.1668946500835813	0.977204445391299	-1.2859763384787102	-0.5077104595873262	-1.2432226188690227	1.397684081206934	0.7021950406790417	-0.8415821917709471	-1.7558478143388496	0.19039988348954112	0.16990996314750292
DTXSID4026979	-7.442852567872244	1.470280110472828	-3.6462073807055972	1.0613310500498976	2.0640437035789905	-0.20407486344094422	0.23585013879080968	0.03678616184718724	-0.36211815702065353	0.8781614529250477	0.14541786822625724	0.8397925263409907	1.2422276834563764	-0.4467107244476616	-0.5240333177035522	-0.8046473708783274	-0.19783684239662772	-1.733393615702216	0.02146857152055017	-0.052935423194529416	-0.19777627094184186	-0.3129952417245389	0.4864435024529537	-0.06079550760414502	0.17031223810677426	-0.3253017757837805	-0.022163386534969142	0.6622765585623847	-0.47203577652012574	-0.8654672771489662	-0.04758541000746474	0.4518696554324188	-1.25483455954061	1.9063061056104151	0.7155744924467702	0.05990446419767467	-0.06403629310116425	0.003752057502191403	-0.20450259807539792	0.25727939546151835	0.21268099146346642	1.3029980407702924	-0.1993027612330459	-0.5511215026709002	0.7442489611145969	0.4292778301860984	-0.9776637948994529	0.7584186315513183	-0.5862970587667758	-0.04735932859862819	0.57929335052565	0.7255001703378556	0.4769647146961906	-1.0286524096908871	-0.13013031626045057	-0.277950855429411	-0.7345820722359024	0.6553666339105355	-0.12155814815754207	-0.05879167443088554	-0.6285146680525937	-1.0424223232838155	-0.7140789002543344	0.5016842863842675	0.41791627248745583	0.19019744243297193	0.6164517915883226	0.21331681258846258	0.5042930624995032	-0.03355286445600692	-0.6357337562485363	-0.4544354214255298	0.6301444440864098	0.1750956369058083	-0.27850976201662336	0.4646318549424745	0.2607000324674007	0.24758718046841105	-0.08009144928808379	0.4845246775511801	-0.23753129715139673	0.48131102404192694	0.6781888606584598	-0.39905809720729	0.7384695345518347	-0.5144267329999374	-0.6832018370104671	0.672575114532428	-0.42999704723666504	-0.12335693033876305	-0.38920585484945747	-0.19939851537429581	-0.5059571393619389	-0.3320959022160891	-0.21261546164634126	0.2511594115391572	-0.8723650163764568	-0.3635492335611368	-0.2031311224221307	0.09672731726132144
DTXSID2045656	4.706863666088751	1.0488889116704059	3.8338317661625387	-0.9246225032142875	0.6208663473967548	0.848333934129518	3.677580466689633	0.367286181742846	-2.1045437438833283	-0.1893188813476715	-1.2014161230223717	-1.9170649098622479	-0.5412360591594636	-0.6931170752505723	-0.23947291002529641	3.520476089208915	-1.5693812705865158	-2.5562790337158994	-0.8832877425674298	-0.6761169219116379	-3.9228282480255023	1.9292987049286128	0.7098240376369758	3.310320477408078	-1.653393642549349	0.062025968934323016	-1.7851483709295295	0.8039621470281656	-2.5911848151092283	-0.5087918152965392	0.5008676098621951	2.852497141659077	0.35737876660372003	-1.0692571616406445	-1.0538249317807389	0.5318741515346135	1.0884257533332864	-0.2755536368658707	0.637665334419398	-0.3025740878721379	-0.7017504991205678	-1.4824315732583282	-0.47514277215461476	0.8466587193619521	1.6030607637200676	0.9941625785341306	0.7216964586318967	-0.20143414676814417	0.6995228118564977	-0.31642571636710815	-1.5121288776276105	0.7831228482524876	1.5916542297178202	-0.8209289691945134	-0.8213299678960069	0.17365642184856894	-0.705734211912162	1.384586976493339	0.05459751173585293	0.4603195336433814	-0.7244413649566023	1.1686728559462807	0.4101516571680874	1.735644836637928	1.4821135992854682	0.2581869064818853	0.14529898255757265	-0.4786824565023164	1.2325947645847628	0.4137783041987091	0.13809389888026538	-0.7571217274919761	0.643478668045861	0.8655453721546902	-0.4033329584196862	0.6445714752769411	0.11778228517772933	-1.4428296331987331	1.098304780190144	0.08007640503544083	0.00785618810646951	-0.4687229268351659	1.1072155649652027	-0.1819551517584456	-1.2478476497064064	1.5067232911761357	-0.5128990332782934	0.1371437779344142	-0.39126419105110566	0.28583158430735844	0.0793785540062909	-0.6241369639558885	0.3590753953666465	0.32303707545787685	-0.007111477078133128	0.2716557133870286	0.08711108445867127	-0.03251393315194403	-0.5442684813787662	0.006752563026680018
DTXSID7025508	-1.9448020103478032	3.0433847134564074	-3.057722623535426	0.41582202318153966	1.6156367206577558	-0.47995174074928465	2.025585616807534	-0.36911139360161965	-0.758716828698969	-1.7309735890123203	-1.7847237872890969	-2.7876279742341445	0.12752905511015372	4.9614399603928465	-0.06584872097689125	-1.2497283123565832	-1.365790741206909	-1.8790012631531765	3.4736390499126206	0.13790892299607557	-0.3800509024821311	0.3361125696742299	0.4187445855774336	-0.35060620469731474	-0.2606045953902718	-0.03248665928769129	-1.0561488654491475	0.35533316097006484	-0.8752271442849653	-0.4443358397491801	0.017245900983114775	-0.7294230963508984	-1.490562787067269	-1.1147498163328458	0.09790065867476282	0.9924253474719866	0.21167135470901813	1.3838309279445054	-0.298551652620972	1.1994925453051766	-0.10784689881755286	0.7961722397943352	-0.5264086100868782	-0.34835894598938183	-0.2798597379997436	-0.5892189415997829	-0.5879719595519527	-0.6660389172143089	-0.12903157433243964	-0.2977663722990651	-0.33534408970166574	-0.435637394285288	0.6704486817042442	-0.10191944333828497	-0.15837020758772216	0.3847337043994983	-0.12538290494322601	-0.8596912812090376	0.2301079822061105	-0.19035875555783205	-0.49449663134019156	-0.5990540383086279	0.8348603671147407	0.5966619986528853	1.0130914068561974	1.1519578556122654	-0.5076973875702139	-1.1899485621410686	0.6344638245221556	-1.0629738545698149	0.6729601191032639	0.25821764610115205	-0.011868283337145182	-1.3342191661303229	-0.702263473976456	-0.5011298604181329	0.13386884295845308	0.8240222341617126	0.11061413434690305	0.4722741310157287	1.1745853495855616	0.33366552637477276	0.48309478893411745	-1.1964271060789193	0.43645564162949807	-0.6910506414332481	0.7395923708472032	0.5739358313077931	-0.3353846744777577	0.08593111665872978	1.5158706838941707	-0.13008635838168622	-0.05226637409573772	-0.47142144814839965	0.26937127089360186	0.4480374759609224	-0.1739729837886468	-0.5042584076487102	0.36750751841968565	-0.24258823653963385
DTXSID5032525	1.5423906406883576	-3.6389241278614737	1.3400723676298507	0.3303275690679477	-0.11895594085520107	3.8098472874054785	0.092745699321636	1.2148310927174546	0.6916009881655265	-1.5287797937117646	2.859636735336884	0.28875261669450836	0.8687174067103669	-0.5872043922378387	1.0128036319454854	-0.1782719850554951	1.1692811100751779	0.8151084776456915	0.5462311247733828	-0.24079168454912023	0.22629416850837358	-0.9767289858304193	0.5274244966400536	-0.9829779649282407	-0.5260201416316794	0.7318548586198276	-1.3136086986125062	-1.8535256215938813	1.0395828387185384	0.25309071704502906	-1.3838313492568153	1.7430534911753106	4.293940317105393	-0.490883612594174	3.1828984941650877	3.372131844851347	1.9559112580919908	-0.6566814699033622	1.0304897843416603	0.5015212018383592	0.2785416375811445	0.45748862045162453	-1.2266633462381036	-0.07226392829407213	0.16243450407280377	-0.3173094036836818	-0.13826813684538056	-1.422629395069582	0.07480749994073076	0.6382250783251248	-0.6716981682626082	-1.2835411977481608	-1.2833646038201647	-0.3082736348873273	-0.7120290512857036	-0.6872212154514036	-0.13678426353530432	-0.2515675093270724	0.7268298036917752	-0.5570437570678636	0.025260113275486964	-0.0005336200234587533	0.9267686438185773	0.6691930700330837	-0.22824640347605452	1.3014005895193348	0.231790540824216	-0.6701525852200292	0.24373804781546501	-0.46135449952113117	0.5560976478604855	0.6328473895912701	-1.0750642660207108	-0.13903380622947709	1.2069018217422447	-0.7259766129948118	0.31289752800420895	0.08277761782390042	0.4482841296079355	0.6131051364861003	0.4041554086048891	0.8629844193000111	0.46027958308979333	-0.15644941400984602	-0.10056629495814004	0.4200685497872299	-1.2523971568092658	0.7468260389818152	0.8150735187577527	1.155038486708541	-1.044861450780087	0.2866953613673816	0.007843939551435117	-0.0926551331509915	-0.3439657321035128	0.5508025641619129	-0.16958828359789674	-0.47788953882061963	0.9234256281270293	-0.15795401793072247
DTXSID7047776	-0.3526284818537433	-2.655719328078697	-2.2256270317945424	1.6188384707510688	-0.22208245602840476	-0.579805500525272	-2.226345008704285	3.160864204669604	-2.8241483213876433	-0.5456518580847916	-0.743410373041381	-0.5217704260282523	-0.09471461402853683	0.4977751413329226	4.062262933364239	2.1219091609940697	-1.9610966370178604	2.872467782417718	-1.5007667045861406	-2.138876320857661	0.7251427109065849	-0.6025441854750906	0.3247054049824294	-2.115657710552083	-0.5578651235348333	1.7813015718605982	-0.4464438594444045	1.1405775943895218	0.7292456493919446	0.679270678831099	-1.175584667562609	0.8937928583712207	0.3817016833405577	0.4567568055118327	0.1383863725629825	0.8246146239000235	0.15988470299494767	-0.683549947726133	1.13078214226515	-0.5007045534122954	-0.28094388670690934	-0.5470295756312772	-0.12229941915692497	-1.035714447610001	0.4189338767087285	-0.4253272065265397	1.644632058227677	-0.7282935675786157	-0.301343355683473	0.4643661444887424	0.2231243868662116	-0.3487328814301709	-0.9141305577509619	1.3918458700529515	-2.897362035122381	-1.2298224509031623	-1.5393075790497297	-1.3940270331307762	1.2960693408183448	-0.7659186727264167	-1.8905982965440173	0.6842280235328444	-1.1981918430222354	1.0159704402190455	0.8370408299521247	-2.4844525380467917	2.2545942976221527	-1.7332544933093137	1.3767636772160483	2.4947208475528395	1.138746063949476	1.6126523234359997	-0.6284070971886517	-0.3187353967424048	0.48643073245411517	2.038775967747582	0.5901590230073815	-0.38351299027169233	-1.6085254162943825	0.8875280650641797	2.2429380535310752	-0.5124400329506615	-0.9271267184163889	1.4360925140178824	-1.10655390590346	-1.393257832616012	-0.49923351834959245	2.041833624140556	1.1191178607162957	-1.4720088794333162	0.5139727491983964	-0.8282301374283705	0.14809137788526816	0.022737215199294957	0.0371326645800133	-1.112506404172626	1.007064324691228	-0.5315304538706335	0.03674562855570259	2.2732571984962755
DTXSID1046845	2.259054584395028	-1.8747643718189129	-0.17089407541110013	-3.8382518148186433	-0.8500629219184814	-0.06142149033962075	3.2102077286337067	3.40518447459717	-0.25411851383771755	0.000984883636973292	-1.4520832106024455	0.040545034922729865	2.9265336101186192	0.5428146033329466	-0.05793840584087019	-0.8482353952610366	0.5887859304075834	-1.2666690960720568	0.48172660401041606	-1.0043885433912347	1.4115665406536873	-1.3234356271376555	-1.5728837556596011	-0.008916588862268043	1.2891383578752473	1.4425491844976013	2.0246927211860757	-1.7615714450948905	-0.46843673709268174	0.3015953643358484	-0.826747048333527	0.6939015219266074	-1.5501071176489492	-1.006776527670155	-0.293305260460551	-2.378530655336001	0.43503259600904165	0.24511564468380131	0.3920731510428065	-0.26165781779840364	1.7562057090822791	0.23162161359176392	-2.068696656131952	2.394141216692683	0.8563050904078224	2.3110231861115826	-0.4503405263183312	3.6367140673005207	-0.353500895210907	0.7654167869949531	2.0751941309126076	-0.6863629298457562	-1.016124174483139	0.2348292099419964	-1.3923526666022508	2.858091785524936	-0.2696969456617457	0.4518189923388254	1.1032183700550802	0.8296459259034791	-2.181987235821091	1.570660350805249	0.021394145635951562	-0.13151022119359274	2.393332438370515	0.10019719706474596	-2.7834358780741564	-0.31260930240091594	-0.8942672274601265	0.3600110233928047	1.4761943325304663	1.113524291577966	0.026381801725881678	0.3463621561855486	-1.5145708458742906	-1.0894377702108136	-0.26081834450700686	0.4719638443168184	1.7000247905872912	0.24546764211418007	-0.6484992327955673	2.2211779539060137	1.2029398121364436	-0.7639025132910061	-0.7880214041650923	0.8752045975209938	-0.5479394605131788	0.6839372501568842	0.35335379184247007	-0.20370009262930508	0.4924159492655447	-1.4541949572341404	0.44295605636895075	-0.4290726010588159	0.24264489298795666	-0.4704972654465243	0.02170483105160799	-0.3262642083166412	-1.107763116428606	-0.5982611052776369
DTXSID1026665	-7.503625738346833	0.6575023101395443	-1.5082983312537126	-0.2729963014439207	-3.89719979058901	-3.3506331410015884	2.2786576844709248	0.5205853685989312	1.0722857482669605	-1.287609229439391	-1.141255146842074	1.179937830673333	1.5509575455929727	1.4522763303669686	3.002231219483749	1.8118244894473874	-2.034464373096945	-0.19678906072973187	0.22946641219943337	-1.710458050233294	1.1368787584276128	1.7834248248971094	-0.10262612741499783	-3.1068861218227433	1.8908570026164624	-0.006922270964149509	1.6326095276429986	1.0774499847959407	0.1641187225412723	-0.16270084712082666	-1.003162350933426	1.0622806959002893	-0.0007896529486403842	-0.48241660381017887	0.12638012893529935	0.4846502760025569	-0.7797521258159594	0.6092127259773743	-1.1839900122775517	-0.03496646522953672	0.7917751332838338	-0.2250016480783649	-1.9396327527781756	2.1040967557706476	0.04017811415074094	1.6191158950574074	-1.1099912123264715	1.971150042332172	0.5907044537794275	0.6494322666981507	1.7932706652528316	-0.6295613125907377	-1.5602871138195533	-1.9299288100716134	-2.9287722113088397	1.398249203788131	0.15333276844980898	0.9313434236645058	-0.9537516614724079	1.7314401381894766	-1.1228120750668276	1.20602582556283	-0.45803464748790695	0.8606488925316726	-0.2904596070677379	-0.5744631199236269	-0.8357278012136341	-0.17691108506329656	0.45024777542830335	1.258623307292081	0.22191623702376578	1.3105106828224191	0.1120546719895617	0.0525652162944078	0.012363802083144505	-0.7430535909305446	-0.5496535221239739	0.4754085784530528	0.2266667555744541	-0.4314525142632456	-0.41869613327057625	-0.3937522995976333	0.03332652424461265	-0.097985600717573	-0.5123937122716656	0.12932137186942427	0.1260308948333956	0.3388944601977837	0.35972596271815527	-0.24245012696796128	0.09019720040925719	0.10337452723012791	0.0727510790037855	0.2817145990733913	-0.3309555689521923	-0.16921190822443258	0.31356645727224297	-0.41133045100981214	-0.19321829417267158	0.09091264520166586
DTXSID8046454	6.800182587160561	-5.200021850456769	1.0673971587179318	-1.5488980397423358	1.0104480731321237	0.7839591791589086	1.8457121876165	4.968087090904592	3.1849453463758546	-0.5823616045555149	4.863482000184369	0.44411340114027187	-0.5876474765945234	-0.1278102228973731	1.3759892384799242	-0.3496979405639263	4.582560815425078	-3.261530402741017	1.889388417724276	-0.5283430087430976	1.776607146611961	-1.055402054559087	0.6416691070515765	-2.6802363301993846	2.8074600904406832	0.6856367739667396	-0.5753273614685713	-0.5727232731109945	-0.8513053595778127	0.743159553817816	0.8390543413843569	0.5338823903299776	1.6068578701683045	2.2268007428756444	-0.09510146077291531	0.2364347757293664	-1.1376138325198508	-0.10704739816230766	-0.4036735770568493	-1.6007983176912388	-0.056715351825153325	-0.6701315399022035	1.0613217785387943	-1.3126204078370913	0.38931069695646064	1.691092160624412	0.9563782054006068	-0.0779306486403802	0.3440151772625546	-2.746234267344286	0.798414541419536	1.1874658246497047	-0.29643968006623267	-1.3122373281337265	-0.674096816795123	-2.041099838166868	0.4523185054449599	-0.06854429924578431	-0.21299254473236293	-0.5176605698287959	-0.1883620417479058	-1.2430220100301543	2.306207385010104	0.6306523775948268	2.2129419136491677	-0.9576611511549259	0.39200828532620596	0.2843448372512398	-0.194905773857686	0.25996555403459587	0.5448947080014501	0.8633520350412188	1.3004076135526148	0.5040901178835472	0.3551493367032227	-0.17616170380262083	-0.24399523263832643	0.7908607792090897	0.23223429712673757	-1.2006644041607117	-0.5149259444982591	0.28416927527600366	-0.7175723826535327	0.25830699143009783	-0.7139244909915702	-1.498776496383649	-0.8617194480306909	0.543117979723605	0.9029568879790123	-0.6493401879650441	0.28282741829593505	0.893472281296078	-0.3718013845205949	-0.8695795430682223	0.18792644092210511	-0.44965762960754896	-0.09244436299124943	0.07851827613897117	0.8278717644725571	0.8745580164027945
DTXSID8044882	-0.1504495641477794	-0.7516051019712254	-4.253576782882241	1.2899475587033533	3.2468181007187478	1.1765849417428045	0.39222166932690605	-2.7915959519953635	1.8922261220994836	-0.19887418752902367	3.3904734745996166	1.8608926239354415	1.1600345287259695	1.3610274094815316	-0.9244892690034303	-0.17275584390253773	-0.08609858756079608	0.6735975684643725	-1.343525538686643	2.057300970571535	-1.204659452441118	0.73567007341236	0.48534106828927487	-0.6911634736963476	1.0601575780176404	-0.3967133848246656	0.19057804838566175	-0.3508086725696845	0.14956630324552694	-1.3530026308895284	0.25995467382336607	0.693954750981888	-0.00045262488173419905	2.017345411773463	0.13256885989676648	-1.119857126784255	0.4510911559135412	-0.5624414432198451	0.5149032556389977	-0.9149612096633536	0.6651583439909367	-0.404395923893859	0.05651404641160867	-0.9298869734255727	1.3314828636091725	-0.382127483327456	-0.8822199712146443	0.43770521348950486	-0.1237005318341442	1.0315651292128896	0.08515038668387391	1.1188479836439538	-0.7025692152033725	-1.3951726433004392	-0.19233476792058748	-0.19294406394379135	-1.0395161570247502	0.13994555056421815	-0.9017421365353095	0.7182458920849383	0.09635704267352473	-0.5150498336057602	-0.13461680642250703	-1.2564944120012203	-0.19762644809605118	-0.42700060588290495	0.4335504641948532	-0.13018037115947953	0.08645654088770066	0.3050196831379803	-0.7601742167898918	0.2753849556984396	0.789886057645546	0.5500066249349168	-0.04678271505842287	-0.043564654220824325	-0.5838890830555947	0.2763414736208351	0.3484930645734791	-0.9361871108297968	-0.9367592795954236	0.959453582692688	-0.1546499029163568	-0.14976748971060605	-0.8072067760910372	-0.2219269783152707	-0.5734608071842247	0.07435053901282153	-0.3859999815311347	0.22040936004796216	-0.5603490606936804	0.036280353579473706	-0.6668592570003727	0.14947696762131657	-0.37928309549335293	-0.28342400128367984	-0.1339719635499986	-0.15752774229809607	0.622456437288526	1.2668641276197972
DTXSID7029164	4.57671643149743	-1.2352833040965772	-7.350135302016564	3.483068163702833	3.6389910064669055	-0.03811575107601101	-2.7437761698524774	-3.32159307071966	2.946824459494934	-0.8432340647901031	4.019902889412535	1.8823057704421662	0.9811290792511927	-0.2186938496122915	-0.7943292800986964	0.7254989542561591	-1.8877634673595152	0.2030373285814282	-0.5486550904404879	3.3291781990783336	-2.0562680274710403	1.026139756166121	-0.2282816715778503	-0.7447793858658127	1.7385365237080352	-1.561069717148974	0.726272819889707	-0.39645747848000024	1.1558985187019135	-2.030573892829514	0.33606266960823444	0.9241275013088409	-0.8089412711226939	-0.016003268821995292	0.620523984712127	0.46689523162640034	1.207562508492047	0.01006686515876127	0.5052888454518398	-1.278127136062462	0.23551840263001114	-0.9977569023740072	0.04561385078377447	0.29296128968528257	0.7760192719797048	-1.1939319493492488	0.244491406547337	0.48960356607733363	0.6722854935509821	1.244287593556487	-0.4858049567484387	1.3822038448055185	0.43518876660481165	-0.7399917531873591	-0.9639553070048255	0.2375553659324146	-0.3305128563792406	-0.9221379875006981	-1.6508905174715287	-0.6903036560277607	-0.28430270458016316	-0.47933982334062475	-1.5461594923299313	-0.7291634996416627	0.05289817183875313	-1.2685314830867613	0.3765506247243199	0.3190425710349042	-0.213774963753251	0.6525321365263367	-0.6101475769396306	0.1427751770739937	-0.7457703328662744	0.6670707186065739	-1.077445579243275	-0.5074904809648271	1.7752755922006025	-2.2436643775612577	-0.04029150976386432	0.8424708659223537	-0.45586068110835937	-0.5789705905723823	-0.4815272356692519	-0.7688914411026005	-0.3828258709335861	1.098014047710828	-2.0613484417936334	0.02765488565358359	-0.20801111192790198	0.6176308206270915	0.33638507759020214	0.0016224536211638038	-0.9170424580530984	-0.02582253974786325	0.28686587635967364	0.03321922525547962	-1.0391792786375167	-0.20448561328383572	0.003974151464452848	0.09995113747200446
DTXSID1038743	-5.7639260640762116	0.2620309931647553	-0.2549409258471708	-0.9223866866484531	-3.922241621786407	-3.2270677599903097	2.5406435822762745	2.8290065944467306	0.26223277742415735	-3.7988147027362174	-2.002175989084846	0.9298275035627207	1.9556813145135246	-0.7391032523159807	3.354219426839954	-1.5175808880556043	0.1933992215872207	4.344038030654728	3.0133455584719364	0.232911648780141	-6.568707157075288	-6.064152813350428	6.258218252356219	3.7844211078100187	5.299684003222643	-1.0599634277893213	-0.9102439266984905	-0.03913551999702175	0.2820262738632921	-0.3761394373855624	0.5188545067612048	-0.0737081053491728	0.5591577001678366	-0.2685448156438513	-0.9785869827973518	-0.8146527324699718	-0.41748764887546636	0.9131891455208768	-0.10778563646464344	-0.20399842812595576	0.34655383887069446	0.03565027510884769	-0.4286798473063892	-0.26585568417705696	-0.22683581452771298	-0.32756060641278945	-0.8660984045964254	1.0571176710567167	0.45466374605281784	0.2113140580544312	0.3008323660542725	0.5543645469237896	-0.6816664636699825	-0.14004932048173843	-0.0048262287326776955	-0.34230607939996704	0.6917777745383008	-0.2781008210735334	0.5957798027733862	-0.1569224662613314	1.2200900870904126	-0.20336363447817013	0.3738296205863865	-0.10651040968193279	-0.8481912871868229	-0.5964927583153222	0.14468568524858216	0.1392892808623485	-0.1322591723495096	-0.10787762142974032	0.16509240563244615	0.2757593920375203	-0.890551603424619	0.022529249251143076	1.174384314149161	0.5532435511568647	0.18235032185215938	0.07942767486587407	-0.6664998027147773	-0.6682748582207435	0.1709148692177803	-0.12291177748342128	-0.912479126566797	0.22671853120568244	-0.09598627698408363	0.599302575130935	0.14886404381730348	0.1456643442880822	0.24515566813716186	-0.023724539510394434	0.22699628748696238	0.23470978149977043	0.14868471607418796	-0.6168976476207545	0.19227251101669934	-0.531826861540102	-0.08690362404092865	-0.6325767865219872	0.10610922576226546	-0.7677731166535585
DTXSID4045927	1.5441880903286989	2.5208100145419827	0.47907015244276474	-4.002164264092121	1.892644823049038	0.030326082409444663	0.04718994730683125	0.359911188322485	-0.8123451024751452	1.0555686548307988	-1.5889790688822227	-0.18825039310564293	1.163459285411574	1.1187156907215792	0.7543757707649372	-1.4493175009683894	1.0115559600594446	-0.9039159251354221	-0.14188687060542035	-1.255255951689496	0.6170872035706786	-1.2098259813698053	-0.5848574815536466	1.5752274179691266	-1.17023610570544	-0.23639219001268916	0.655623644281593	-1.9623991452894656	-0.7090870452849395	0.34960358211293446	0.13207012960240203	0.22890307074692645	-0.17523875079447768	0.20920104659556152	0.1429227879143831	-1.6929623667119669	-0.07866617147238747	-0.8644451488645474	1.4979995435703375	0.033871420567802756	0.7553314646834242	-0.16938761431993068	-0.5933815433322177	0.42745962332791937	1.0684855513910003	0.20765167039044047	0.34779096789067765	0.6543148921656475	-1.4244913227834741	-0.2911262946300818	1.3543595651696165	-0.6239350936333453	-0.07475658874765942	2.7944305967499714	-0.5556945688398478	0.4549689565883929	-0.9338562749688981	0.06202983000342429	0.2595497075233943	-1.3199051407600153	-0.9489534537895932	1.195402432207345	-1.1557722144179967	-0.36535176360448557	0.8910503760730294	0.4532063763838308	-1.4583404904653445	0.052049998402826876	-2.190603159727653	0.44177350161270296	-0.4776681213488789	0.4234890264589622	0.048446699982950536	0.5670888551428152	-1.0958046668131018	0.5345587453772962	0.30063803303063996	0.33278815106750503	0.48130906279074687	0.7436019308327277	0.9301009591050539	0.7001091395214915	0.9105626340728803	-0.6128980640452439	0.15068825375150752	-0.15917772851756812	0.4132175380400001	0.3660517192013518	-0.1803412289619118	-0.04456937675553189	-0.04708537238532061	-0.3216400254035654	0.2060501437434965	-0.25668980359430865	0.24032024758619244	-0.024384093216676506	0.38791993466727326	0.1343438189432349	-0.40877962826890957	-0.1563983162708814
DTXSID6044513	-3.2569659480288626	4.430094927844292	-1.9385604495130757	1.3001065533543623	1.8607225360091537	-0.9017410723036432	0.4295480125307843	0.4308248513004511	-0.11171872615266519	-1.1806162753217855	-0.5742878932816674	1.4216669360389362	-0.10045703880276226	0.08921684239937608	-0.36276211093852756	0.27150700672658096	0.3387991847135618	0.7217369570511308	-0.27896408151185614	-1.3677931969668933	-0.9422968270408462	1.1238436297199172	-0.396548167067455	1.4302799151533887	-0.9971766238313317	0.49334631980537635	-0.9766260076776474	-0.8784627213499964	-0.6281192051135346	0.23927903422205996	0.7206786359219436	-0.3644994393487806	-0.0561564782383561	-0.2873082390596981	0.8352934198372381	0.2764911954228509	0.17378480132955157	0.9867188915124007	-0.24265412911874568	-1.0924784701802928	0.35385578735433393	-1.0835118759739601	-0.47199498835555864	-0.41745585656288287	0.5919634376329934	0.36789915719450644	-0.696937436177337	0.7528670359160672	0.8105463054918713	-0.1084107674623942	-0.33526818999564456	-0.8612291529694021	-0.05456857273390472	-0.5639519050259569	-0.9781089236265411	-0.8692450450501119	-0.3085263186006285	-0.49574509740118405	0.3177353962845882	-0.2179145133671165	-0.5507756689721099	-0.6969310311048452	0.10902933734699415	0.14696933619053745	1.0808970867726029	0.8096582331343155	0.2658075856389045	-0.32233800497940224	1.1871136492014476	0.7482717688186289	-0.45439776314896524	-1.2225975603198465	0.8508247582962144	-0.004524404966635784	-0.2443761272381355	0.27312894914873104	0.4512979296935638	-0.9495244436066502	-0.24747536457323321	0.27547248129994567	0.14170616627608892	-0.568242642490098	0.5281411094027563	-0.3705702082478643	0.05919829699849361	-0.48049766482723455	-0.300288316510404	-0.11361983910556966	-0.6547487716216377	-0.2408330611732818	-0.028015205358108877	0.6046957189593596	0.6251788557546869	0.4990638213504459	-0.42041116403668966	0.48335797784916334	0.4308163596376153	-0.7473490656243139	-0.3882035494652033	0.16555910874469787
DTXSID5060986	2.365492088986358	-5.023814171752622	-6.929731855079462	2.6488171762675345	0.17120289201536865	0.6459545698926922	-4.1509946897195595	-7.613148397563391	0.6621361946968168	-2.9183698588882114	-1.945998034015751	8.518145029352327	-0.16507566829409365	-0.5073156261789219	0.0006806740646856854	-2.507118609319067	-1.0125563694415982	-2.570098880197741	-0.9355865875903059	4.15247773786267	-2.7507828590685	0.5352055419365345	-1.3477675433231788	-0.3344515146800792	0.8787043669894021	3.605872576414301	0.743263565741166	1.5244155164758881	-2.917933990632837	-1.6479507276081173	-0.9484927000005263	-0.19363284347099724	-1.0866599984499914	2.2575209182369105	-1.491273802622997	-0.22222917120768917	0.48352145578840555	0.7932422168739842	-0.030985558872630173	0.23230002279774173	-1.5701380400067964	0.5906316600641212	0.22867463048948566	-1.6329473753595478	0.5185845833874241	0.2638940548934397	-0.5074657819848152	1.0691664843930682	0.5967227999717093	-0.4036964156770827	-0.41488405556824026	1.168852473942537	1.0134665257052404	0.3798579195537086	1.3798080400249884	-0.8938585032448509	-0.4733341366969667	2.2265257569432046	-0.20089662952490872	0.5920505748191881	0.22074563752206394	-0.4499327871254934	-1.2903193385209908	0.9496981083643126	-1.2836396344370125	-0.0009725857644267802	-1.0314580909632958	-0.3608728614045719	-0.9543937732839515	1.1168865343492351	-1.0390938059179196	0.8816305073399379	-1.6005092447760225	0.19270813771305692	-0.8126620830421363	-0.8119502073955968	-0.383282428491473	0.8320791443840171	1.5703295990026147	0.11337870836256113	0.6555311274458882	0.1365366376948914	0.5935833234425593	-0.7939278821707662	0.7429101564589476	-0.6761680250591704	-2.047117603181214	1.828908483871285	-0.36374022675211354	0.11867484732369964	-1.0839194511512142	2.0813936147826704	0.3235006387988759	1.6599323823549454	-3.387004527704496	0.18828388339097685	-1.6062272885626379	-0.8258978235660815	2.4530177418393557	-0.7517057560118262
DTXSID8042349	0.8917468243527278	-1.067866230576246	-2.3980218321030193	-4.303498420353601	0.6284308093875405	-2.331949554293515	-1.7320125709988619	-0.5657546698968149	-0.49720478672730195	3.399450299059865	1.0908559796905575	-1.9157736115671018	-1.2915471508094254	1.2906455853298457	-0.5521388477011457	-1.7377415661409203	0.08472448155848905	0.3638889535714087	0.30196767471209535	-1.5987159074907722	0.4815008606603631	0.5494724362580564	-0.17128242723536882	1.4722979165120165	-0.9650895213146949	-0.8820108314313014	-0.5414669569121491	0.20906220594075028	0.10786100702925362	1.7290590309739184	0.09232992421824296	-0.6347627487973224	0.35283185130513595	-0.8013909200880495	1.0796404935109554	0.317311378067213	0.3173447011562337	0.0649437349877335	0.2663086050149698	0.25541703479769706	0.49695732511362745	0.10717326564025194	0.12295792753532896	0.10882650650426123	0.1289974670328594	-0.14321628188108557	-0.2631659940654473	-0.49700215321790525	1.1523822959317582	-1.0569540472110133	0.20094924665681033	-0.3898533393674626	1.7221480644711877	-0.4546847304450776	0.031230092590503924	0.05342530133820669	0.6015754051511455	-0.3463624109383693	0.028868452429772543	-0.42764699312970805	0.10925578973057777	0.2575539035471818	0.08363739464846788	0.23323257628139793	0.21911391807546618	-0.5236378787910949	-0.09394434416124671	0.5297915222036788	0.31439688722926973	0.5624063859111356	0.2766333965424835	-0.7771051816807222	0.172703841658509	-0.32577958713640376	0.23816907563748152	-0.056830444177348144	0.6386382778426061	0.23402370403336123	0.5003331473569657	0.22256538179336527	0.3807581912862205	0.3735812666506757	-0.28671959712982725	0.2847260077081248	-0.26009896936484755	-0.23781065832964726	0.3332763213610969	0.08713433685783438	-1.0212817348338001	0.6612159983682377	0.7949365299327029	-0.5609967272584027	0.09084044572193008	0.26941825577279666	0.04012140122194284	0.1508414646262808	0.0672280543937348	0.14760095863279166	-0.09093251933191572	-0.05793117582018488
DTXSID4052132	-6.940802493018723	2.949579924144239	1.676014474025946	-0.6318734080275882	-0.10775884484711883	0.69904426931313	0.08893333750153812	-0.7724080956786608	-0.18405600595644941	0.17403163877361918	-0.8439278750229922	0.5065269912924522	1.226424369753026	-0.7605417920523326	-0.23648249069592372	-1.1969542318452895	-0.9554958304490443	0.1823316931810602	0.39846012380370643	0.6430485632448939	-0.020671782202848415	0.4407133520644262	0.8735877195093601	-0.426582510658055	-0.2569517940918203	-0.07160754276933881	-0.1310751319360482	-0.27254424347977235	0.346678654423493	-0.980018779046703	0.6474481503999805	-0.3137536418045396	-0.23918782757342455	0.523280919657084	-0.45551053204471026	0.08531531852633151	-0.5404900325953486	0.07162180273423688	-0.46690999817752205	0.3615173321224753	-0.1553212955830735	0.25187518300837536	-0.3741978257550641	0.6742908371873247	0.6288517934819713	0.537570036649392	-0.4162092582699933	-0.2981552913836055	0.2996291523839611	-0.32893585556440713	0.07029473122044311	1.0010400293664294	-0.17830619354633948	0.05776945186948593	0.23105227128854644	0.8535042236077302	-0.16951141447649673	1.004932573843119	0.23146095227429173	0.3533549983434375	0.41669607285601273	0.43916428029694476	-0.35708391155842456	0.37128266368336177	-0.47551084867478915	-0.3708017541441115	0.5515174217396799	0.0688415653513138	-0.11333971509264515	0.27437449865796176	0.675398685117788	-0.01816455761152058	-0.27984699375832317	-0.1762020438497616	-0.6087678111394936	0.30198752057249706	0.27203872743762497	-0.3074893072896228	-0.5512214861424459	-0.3698706682642457	0.47119609505939153	0.32942982455052455	0.5259795409429975	-0.043466277976538174	0.743645081279254	0.28879210340037953	-0.4106300676480802	0.41716984583689964	0.28840579293952856	0.37698703145645035	-0.40969407528773893	0.014923200139754336	-0.8050911047915804	-0.1090919536701088	0.029791752001107164	0.23551073049981552	-0.18972397066644175	0.3597128722719478	0.3051019069533842	0.36494965494777554
DTXSID2052289	-5.842184278746781	-0.25544822321254773	-0.2145052296950335	-2.079652516115809	-2.740207314927671	-1.6844129157457748	0.7460748686600657	0.05880409030220396	-0.4366993853128232	0.4343068376326168	-0.48438649769492886	-0.3008028496881433	2.050001646377808	0.18161103326235659	-0.9021766200766564	-0.8443098566990236	0.4246691520480042	0.18015620570472488	1.0711785319805445	0.3514089471827256	0.1901259200418253	0.20612844387097914	-0.11086043118936113	-0.781963029735149	0.7860116873739567	0.5543361604451413	-0.7664749196920682	-0.9332225753880605	-0.3716078084650891	-0.3317313637466662	0.20204634812700534	0.24165450082828505	-0.29259975312780956	-0.9261656139522612	-1.2559525631847361	0.5491237429442477	0.5647425000603321	0.9123552585280144	-0.5381836287584638	-0.6970835559400334	-0.0008993226102706763	0.08472676938905555	-0.06319952635289691	-0.19481179890704872	-0.4172432377155862	0.004696085889450343	0.3862430015056108	0.366653145455567	-0.3574630184461192	-0.05193113949912898	-0.02445058029143711	-0.470401021758154	0.1628477931287207	0.3340488624628272	0.38900497223546077	0.2270372979390767	0.44081272652080133	-1.4625730663421717	1.090387903662875	0.8611363102025411	0.10743013961219207	-0.1975271253464037	0.6655473257190506	-0.09831896376404416	-0.39475777306673393	-0.6518495038294337	-0.8845077713715676	-0.5595087907076947	-0.38629751059569534	0.39681102574837257	0.29559665993431594	-0.02339279879595915	-0.5325770050239775	0.4112385745675148	0.11679671439157378	0.6611341094237354	-0.14709657244113536	-0.32163246282734004	0.5628825275467597	0.4960963129591481	-0.4197022048299541	0.5307686601664868	0.14072659177935787	0.0881310577396128	-0.11436315544118383	-0.05022883983330274	0.8795322609531941	-0.2278133789108455	0.6560855608942119	-0.4640542313561207	-0.10208527678448699	-0.11594696430239997	-0.2809888188797536	-0.4836253336854647	-0.5473696370541625	0.09797267268660756	-0.250916853506618	0.07086596083553397	-0.0028952155006864134	-0.160271439647344
DTXSID7024661	-7.64210132121452	1.5319029027456865	0.6552442829158124	-1.091848897047964	-0.41162169119338654	0.26474815240524363	-0.23538539258927726	-1.0191930852392426	-0.6554076152886497	0.7250554636880725	-0.9449564340416305	0.2879874291882185	1.6498793756959456	-0.12554179292884526	0.21961179515688944	-1.1211364689526764	-0.9311152994235233	0.27601822090318623	0.12645247531427786	0.364599991738287	-0.3681571832469409	0.011577857845198587	-0.06842274113675205	0.07904918342859804	-0.6240556877275311	0.36297970611695335	0.27272020595081387	-0.5517710933907158	0.14129668576267057	-0.3955064527280295	0.6363817313967027	0.05840116841845188	-0.193159037053112	0.12358840903585643	-0.09888971110331171	0.14210341539992677	-0.3479028798349081	0.3351368848006764	-0.18173654278190096	0.07328961845361727	0.0412763238688063	-0.0081416484756517	-0.18842594671899884	0.30558004439898556	0.5846030482216906	0.14912616341801171	-0.11531392565150184	-0.2526751937669891	0.3808108042684782	-0.27784034798290985	0.18206403473214205	0.2543370747401494	-0.12459102830300975	0.2925340897992791	0.26674220564546625	-0.13406427053296013	0.19598396865705292	0.1106425034273315	-0.18290721784886219	0.17216353611890173	0.12773448758227418	-0.22084984203510746	-0.017543635019173564	0.3397083926953464	0.5703580811765125	-0.654366221262963	-0.4565802807352058	-0.46494328931235657	0.6725286250743173	-0.3169323149435639	-0.1398998731814759	0.24843650584001986	0.022626509326554675	0.09474089287879037	-0.4674967007751952	0.2437856634466238	-0.09926808881800486	-0.1109983954546521	-0.12564756106761163	-0.1623661119100167	-0.3876467520588679	-0.5053651566002129	0.08819759539598311	-0.1686345100938827	0.2835931774687091	-0.2535422026914776	0.26806704800113296	0.24548522685961252	0.2151439729900425	0.24754455392415287	-0.07378039584167727	-0.4183463525407197	-0.31755401500973496	0.2298369534171926	0.019243889152897226	0.07989169347827225	-0.27347152026517835	0.12324694018845551	0.18589166446983799	0.0005346856076014299
DTXSID6045585	17.84876254341422	-7.7421055941738555	-7.5588273928975305	7.667797804690203	-0.6216085507459653	1.862017310085385	0.08720085207021458	1.1334786740191682	-0.9144423356345565	-5.977422480993421	-2.216954358979966	-4.120976486029166	2.1064630493323104	2.406455024981926	-2.4470929055110116	2.158210712771751	-4.667063819897779	-3.0709261852688368	0.100800116373269	0.4714494183141488	-0.9102477614367919	0.38563525925785935	-0.9639672401090951	-4.613362173875141	5.234612403788621	-0.6000318204135533	1.0599581353079846	-1.7639802051105173	1.0787455372873955	-0.06378989154296674	-0.3883885489114284	-1.061201500187413	0.836892751439661	-2.9697996063262684	-1.0468115188896059	-0.7432432493587221	1.8476681368750123	1.6088015423910549	-0.2417663204976906	-0.8855731574780189	0.47552119845541874	1.9076666220414136	-2.1256166081813013	4.6017020272271765	-3.490972775355466	-1.0284990616471696	3.432985219792181	0.8731895007489465	3.0676820452689526	2.041708296025767	1.344317975877261	3.593679636647018	-2.0770972319328025	-1.6259296756132542	0.8782546276806978	4.261006118320299	3.37892124012661	-0.7814998395940304	-3.231499044567225	0.9094060196537871	-0.14806977625686324	-0.7946955213341262	-3.870146119294604	0.46445090048492355	-0.45801400012544724	-0.4693989790288618	1.8962658945307964	-1.058864477633716	-1.9941861125760312	-1.1626707955646325	2.76798517092675	1.6695801835384099	-1.9273908767006507	1.1784477608508654	-1.8553980107406511	-1.5728622744644634	0.6912309641973114	-1.2781727935882243	-0.42928339254647496	-0.14204367206689397	-1.3771912621675313	-0.6367893389406903	-1.2864513427244149	-3.0127024431946827	-0.003895668374415979	-0.7026638406623325	-1.0069741272549302	-1.1064992289132722	0.9027561741974882	-0.5724263708834166	2.0120554748411195	0.5989606296483632	-0.7064565159217362	1.519254874314263	0.31636713560429064	0.5444914549717239	-0.6858186065633174	1.8930794104263289	0.9443659717256648	-0.11126390729165503
DTXSID3044338	2.1368602123758755	-0.791623078458741	-0.7532740546637179	-3.340342980519189	-2.9371974281601583	-3.9771438936863586	0.9205442164571708	1.9087018672624774	-0.03396019151659022	-2.1118153076228627	-0.8459229304131216	0.14553499448198806	0.3566298438460623	0.3091868817622962	-1.1652411968470338	0.08030418292330052	1.8659789136507139	0.06272541331792571	0.752109461273477	0.39969338253926023	-0.223433603646582	1.1866501126017812	-1.0018839958704524	0.8026725691847191	-0.4993163017263187	-0.02841217802192287	-1.8067457919457202	-1.3441308059270514	0.0978149224838256	-0.14343635171059135	0.38146574310977127	0.19063519049915842	-0.11771092218358607	0.46531132788294716	-0.16961620947109296	-0.34685255878611	0.22803336957253512	0.4456888393255065	-0.2220883825153346	-0.5153449362449664	-0.4843442160310811	-0.6664639239803247	0.007177514208755017	-0.7548907486004681	-0.3831047474348276	0.3230613729711553	-0.24268563659885609	-0.30847335095756306	-1.3265631376322216	-0.3027823899381466	0.12458198238884405	-0.6823622581904324	0.31085183605678784	0.43358385284005485	0.09797917535254436	1.3268407133634195	-0.009714189708189436	-0.040787214375352876	0.03596303079746578	-0.1713663998328214	0.05180653448283752	-0.21798118195855712	-0.15698031636656734	0.6273161558221678	-0.743966611516449	-0.18104364710564239	0.10264587052699124	-0.19909761745558507	-0.35934448969555727	0.40292913232355176	0.7597201245885676	-0.025563530389831376	0.3700662492540495	0.36842881275735895	-0.005957448882344972	0.06130515824645793	-0.94949314280084	0.15364349259796392	0.03558201367602555	0.12057097404634487	0.1838196722435544	-0.4198354958486569	0.1014045982106115	0.048454978479375875	0.4597194301357096	-0.29845976552200215	-0.5560630601310174	-0.5407156340913746	-0.05142136938426804	0.2625555250679882	-0.3878168053595712	-0.13848213128248066	0.17706117398525267	0.45924197878368095	0.01845594951640939	0.0034793284496664988	-0.22746741612951107	-0.28397590496785774	-0.012066568248741345	0.39499761471910594
DTXSID0022062	-7.86616178963879	4.14403513554783	-2.5261364172483223	1.9952984843806874	-0.6573215804832016	0.16634085553027772	0.34811918240677403	-1.5902074093084677	0.3064053100331415	0.03080570284992382	0.0976575982402185	0.971362273573024	2.371540898511504	0.4968542916474119	-0.7102109174183935	0.0852860212916298	-0.5309941873648418	0.9718893165432831	-0.7799345660285513	-0.24563455308674084	-0.8780388444074794	-0.6106082400096361	-0.7852137582856497	-0.3324537498583045	-0.05259061599883745	-0.11320228768487602	1.0794563009060179	0.2706475682953579	0.2952588492403373	-0.7393170623839687	0.5351129740577709	0.6426432571857515	-0.534841597545531	0.6698052392968393	0.40133529287426417	0.19671099640833067	0.6071284007101219	0.1374238094226352	-0.6842605007994111	1.2616817229720623	0.43528679676002363	0.7101053799426841	-0.09903813040233715	-0.21964217852782084	0.24842509147712838	-0.4062570348138436	0.015045677184964969	0.11223802022059151	-1.281387337239757	-1.3710981400082876	-0.6207379720289578	0.6055374636013043	0.2131953287884661	-0.5657477695577304	-0.8011810763145886	-0.6640007031672265	0.4760012338262511	-0.8648594308186408	-1.7244683505696594	0.22135800295526978	-0.41115244113708765	0.46096352054564277	0.6199759011765708	-0.08877439535988714	0.210856862997322	-0.44789163948465327	-0.5592579444556669	0.7446635453455267	0.4627360764111407	-0.19391165300369453	-0.316883210710041	-0.17203621189548998	0.436620309753844	-0.23892758403552705	0.5035204119207587	0.4091793163201596	0.28017657116719025	0.18856762210596395	-0.3013209598752989	-0.4269967651142487	0.07515982443760905	0.2099894600932813	0.2524372936482886	-0.15263009116809167	0.25353498209420516	-0.6841277652641017	-0.23749368413976435	0.056463057871038745	0.1801259374439472	-0.12384179743527862	0.11344686079923426	0.09841325520424124	-0.2673656416000626	-0.497826387878858	0.046916557057182603	0.3934039342060203	0.3183967561720709	0.24242435006918983	-0.19191290674402214	0.046997637669422256
DTXSID0047454	4.607801357410585	1.4131735688058304	-4.035409849246111	3.5501001334668767	0.12052581511066811	-0.5549334917408255	4.339493692221784	-0.6611896056613239	-1.576743429637303	-1.0345917999235164	0.583584297964877	-0.2384830737379164	-0.5914475912271221	4.899273017739908	-2.1927395853236042	0.36531543309995484	-3.858051240599849	-4.501262593004744	4.812868670099628	3.465570192292642	-4.060486132757339	2.452689305635392	4.042648190470533	-2.8911544651925776	-0.9673518206662621	3.275805142094791	-0.7146425191132907	-1.862885878746528	-0.579315552059055	-0.5974653357109544	1.0674601488034052	-2.11377852765154	-3.2639842442986287	-0.12622469989760177	-0.4805631752326169	0.9081637637717246	0.5804921096295838	1.1540196796888265	-0.17210687673945002	0.25200395643579565	-0.10479187139451837	2.1962716658158508	0.2507469088121317	-1.4153043077704892	0.628550513478809	0.06116674767676673	-1.2422638937131611	0.5274803453422691	0.4492794149357644	-1.3487180208833411	-1.347261425707351	1.592491972346708	-0.5446465395847638	-1.5469312238798705	0.4667075457739482	-0.257159525931673	-0.40322431522847785	-1.916548055851635	-0.3341468529321957	0.26339462333470065	-1.3396996801322043	1.2821159133905942	-1.7312641317038215	0.21587340530438642	-1.0329126715057222	0.8618312729399882	1.958512911310762	-1.794941580289389	0.9367598478045096	-3.592849582265702	1.780480395853048	2.791764603866745	-0.3126627109854382	-1.8479981443504199	-1.8766669156991478	-1.2346539700776669	1.1262616181957306	1.7350972079888456	2.254757763012102	0.7133640047401325	1.350424264532654	2.41073318264861	-1.4832851820152615	-1.7074160323802876	-0.7882798823912378	0.20822149242040972	-0.7198211005910145	2.310398721843453	-1.6982316765770267	-1.1315627356694005	-1.634580663932499	0.1353531387307199	-0.5845779820348669	0.022567616936976894	0.6129055538607265	1.18748462031412	-0.11221636629237224	-0.16052870999921837	0.9257689462980281	-0.29697821468429997
DTXSID2044000	6.149007033312072	-0.06657858674798442	1.0467308280483056	-2.328572702354575	1.1805629013484547	0.8599705678842932	8.313365440326683	3.125985981689435	-1.591490971406797	5.914922616474481	-3.492092490358561	1.8922495068447647	3.4528015350680996	-0.2284343202612635	1.0071295733453043	-3.715438282457626	-3.4334064875990764	-1.6759443652901291	2.095491449701799	-1.2264061866393847	0.9528801179385887	-1.9639492516525763	-1.4892624559995291	0.8108907374239543	0.10365475427913103	0.253590630325021	-1.4211527185885862	-1.1215673633838052	0.14488517793230266	1.6344145145887599	0.2949465670163068	-0.04145540378770048	-1.1920279392867166	1.298668640217303	-0.3304098659787298	-1.2340024389472406	0.5582295554744466	0.03282786950355784	1.6132812803467653	0.44725653843688123	0.04712141660581635	0.3568231596986017	-0.5509016957265205	-0.5614588809209929	0.9411041849154564	-0.04979410527509962	0.3359400222012578	-0.6693712100308061	-1.3639964361836023	0.16551687452528902	1.5749710443879337	-0.8572710769036165	-0.04922383508107466	2.586657209880494	-0.7891108675242495	0.7763914575414526	0.9847359463036035	0.8569111890641947	-0.747723989563934	0.18432536792253207	-0.011212350585335448	0.13960897758643206	-0.4342096302462217	-1.1309763251701823	1.338134679107121	-1.846587391038466	0.1507847792362554	-1.8864031422349075	-3.2877334742121014	-1.7294459298164457	-0.27651068920860356	-1.020617168482432	-0.5698485899014878	0.2786739232432126	-1.8905843482293248	-0.9985781379379849	-1.7321984588384778	0.7656556127521547	1.049678636667002	-1.2655479346294292	2.795312675965303	-0.32799738079650415	2.0124649148869134	-4.288000412323171	-1.272386071786959	3.1470539614289987	0.10147476343537991	-0.6606724454919746	1.0123110317055626	-1.4953904576321855	1.6198425250722863	-2.12088671065327	1.245688545651159	0.6007130006300784	-0.40883202342448216	2.8909517253554724	-0.5906155933533581	-0.5331187409535099	-0.4337782454913827	1.3708868697771646
DTXSID8027749	-6.29686934982998	3.4563608439393354	-3.341111280056375	1.0903543322881364	-0.8324342151187277	-0.27973070320585847	-0.5201107518541703	-1.630633643964478	-0.2743605475184761	0.8181880537294628	-0.1314279057688935	0.9823991222112451	1.9152330008655611	1.2799998546200737	-0.8612644008501774	-0.3078820499953931	-0.14287866281639225	0.7224795444529278	-1.1330365567105787	-0.5438096885966587	-1.0085815047877575	-1.0910879296100855	-1.2847047663334794	-0.15617825164891383	0.4849430600983375	0.7608746313792614	0.8569936146202874	-0.4442556390361763	0.07503992391969633	-0.7237294268846276	1.026306948320695	0.9663367215806227	-0.606824260203134	0.40291386410885904	-0.12404859666818378	0.5050243782231354	0.7872211289498708	0.5688572704175041	-0.5401897285260097	1.122413466023763	-0.04777397357049376	0.6413844273045957	0.01363096392544008	-0.24751140915577013	-0.06739789092941122	-0.3708094943910704	0.8066564786558101	0.03387522097522048	-1.5005366109082494	-1.5601151706642908	-0.13406096485735783	0.1603184636695659	-0.2384875348974945	-0.02560422223352467	-0.7744613444520891	-0.536735443593078	0.2490388725406509	-1.6119701567241362	-0.8285756841327224	-0.05490699726305023	-0.44289792552095414	1.0636507438189762	0.8984194790476486	0.12189111907643031	-0.1894166559931474	-0.2815259964704735	-0.3117626057231091	0.6068818304999419	0.032641422854357505	-0.4316803357056888	-0.1786290209384556	-0.3171972696254166	0.4703035202050443	-0.23050670573199167	0.4913072582538305	0.4862855219563242	0.2930478398022719	-0.030366909195917266	-0.36296556881186587	-0.4481967113540615	-0.10880068862539491	-0.07792800392761319	0.3690780327375545	0.08393933570026912	-0.1584657072475977	-0.6464561954701943	-0.22257270753383948	0.03588742236120553	0.4086526712242461	-0.1981403536307692	0.2511432815354981	0.12096049677251257	-0.22996916098871178	-0.5284809439273525	-0.019820002007990885	0.36964486607383	-0.06942348008556526	0.2174852310121602	0.06366788212387187	0.10593254476424677
DTXSID20440585	5.762305385491586	-7.360652655312766	-8.15371882707143	-0.25762313745655846	0.010499468532643073	-0.5821929982524116	-8.981740416030995	-11.224128442788286	-1.1166148693545805	-4.929646442532131	-9.74537202746999	16.412462125308878	-5.443786754398042	-3.8792433748066317	2.4490233367975716	-3.1851686183464754	-1.809827029018875	-5.865317721549383	-0.06678569839298377	4.147142920806989	-3.872452649978015	-0.7272813058669266	-4.342346125297596	2.3028363626612713	-1.7638690507991674	6.995117783488822	2.4618870284461245	3.854596426657205	-5.007598719895787	-1.9498780089924999	-0.2940580389279628	-1.7469908098855473	-2.7886022242616533	1.1423643208674952	-1.6481373667642054	1.3961398527650193	2.6897702647982724	0.9460934940849736	-2.0999380381889257	2.667763561556049	-3.342046495396051	1.761292069154547	0.23840351424310322	-0.3168370140146281	-0.03067531482386565	0.28049222309774924	-0.22932038625413556	1.2859358670539045	1.5701519726735442	-2.093397604193207	-3.550392995348053	-1.1600632445963763	3.1141211032493	0.5107252898747027	1.1407087119748367	-0.900746859320151	-1.1039780825442391	2.561082217863167	-1.0819182406203653	-0.04513669678715708	0.1508403065859192	-0.6184697519973404	-1.8391767180499883	1.1659403003845161	-1.6955323533061788	0.3980808918711529	-2.5009269940861705	1.7986435189805985	-2.7081985851137884	1.418932528163843	-0.6375079871513863	-0.06876975254368546	-4.228198835985683	-1.602593431628171	-1.3839019747720733	-1.8653881911825072	2.477204659461301	1.5466311064453777	0.24459648586675217	0.10658212214902912	2.688518171940392	1.1713466697609713	0.9440738129815831	-0.9563180966493333	2.6598967679609773	-2.419652295428496	-2.721444925181429	3.932592860847003	0.14020529671530985	-0.02559849801951514	-2.455140250903379	4.44436489644381	3.041683362687443	1.8749197845303223	-5.447405831990492	-0.08726646130600799	-2.4913207168510203	-3.0793729886834216	3.1654886368232695	-2.6681240236055173
DTXSID8044252	-5.683280947943499	3.0290362410862586	-2.4217092484535554	2.1830002110060773	2.0705440560513133	-0.33223285201903346	0.39053455483406324	-1.1625615223814594	-0.09919896270729288	-3.340685637737499	-1.4115016320726517	-1.6217238332143753	0.5065275665448566	4.4771132759270325	0.4171898223753371	-1.5056205515710062	-1.3021436081344926	-0.1219573723855408	2.9347138026900352	0.4387068430016174	0.2968511938298061	-0.23838273444297364	0.07189521352479213	-0.5926299777831763	-1.1726692855392178	0.33119561651450785	0.5430775764664778	0.3568105024853533	-0.2233833529773873	-0.29736671885701293	1.0146759812512587	-0.39479926012775607	-0.5535385040676192	0.17359097504133084	-0.12594566299411813	0.7916336147589977	0.18011776757985626	1.5078083599935252	-0.5408600186468456	0.10313324990857356	0.27683977741468724	0.3388941582272056	-0.5000838066163321	-0.575679345461522	0.43422587260749795	-0.3772167875278992	-0.12036843769513308	-0.4838609245062527	0.0660166357997252	-0.4852853863504308	-1.050430236700295	-0.6715216769768487	0.03541646621182731	-0.8719112573122734	-0.8009426201454518	0.29380233752044627	0.20064026680421854	-0.8287394718847396	-0.733759026275308	-0.18693832734740887	-0.2038271416026565	-0.8818770703684514	0.18470334110080847	0.49130226354335677	0.14772481434351112	0.46536748343755985	-0.7785979141972967	-0.018427109707445113	0.5416438839214343	0.11373959436112345	-0.5353556989627074	-0.4732010569973819	0.04257051912322648	0.3264681283592599	-0.055608704527577234	0.48265142306970416	0.11021074004647881	0.35288813051510287	-0.03690852567100501	-0.27202320649583617	-0.0414287258403653	-0.3317206159319301	0.7944260220558742	-0.057652823733838426	-0.25642596439361576	0.1790038448667716	0.3162084723740931	0.3016637820561906	-0.5120706510027613	0.09575169147412112	0.416842252004292	0.32070301416437036	0.202417596152411	0.10320286648640015	-0.000812303298947709	0.11845596708515753	0.16453620339935626	-0.3118251804033862	0.12698351419317377	0.12999554598906615
DTXSID3044700	-0.8393599592556708	1.3883182208633686	-5.403763050313988	-0.7493251815125977	10.391886373676515	2.086633229442716	0.832585253419535	1.3451616749479187	-0.051992875387058206	0.7204240762614718	-1.434558601585431	3.5066170566248047	1.4713589792862314	-1.0930264937437517	2.8692391157277024	2.184628443475883	6.919001486443097	-6.4070708007769355	-1.8273218570238061	-2.317314507360213	1.0150010388223218	0.5096692378136064	4.390263556613237	3.071258385789483	1.0297621142224944	-1.2054423966272738	7.3999975186179086	-4.374284337026691	7.21509515037954	-0.6603740118431493	-2.94520988136614	3.173115129058902	-4.429314057954531	-0.1695104845917402	-3.081776167204631	0.44726639026619913	2.1648429077568014	-0.8304902748045427	0.9119811694134883	-0.5107638281816921	-0.5866427286311232	2.93350869632859	1.63116555293872	1.9031678626029929	2.3579344701180873	1.4615485634083203	0.4200327549394035	1.3553539094400036	0.07548115158005148	0.5428471070514953	-0.3004454933786735	0.101702975878189	1.727002069221087	3.9621465521397616	0.16148570712105048	3.764431025408269	1.7846009126767453	-2.2746471068762473	-0.3336730455330558	3.5411781943883835	2.45873076533522	-4.717320781380666	3.831590479036414	3.9864912934590597	-3.0214128057108676	1.6191329700587236	5.572908266953066	-0.9950394617108183	4.203403740600057	2.0117910352250843	-3.6863754724426543	1.738503432081671	-0.5682166705732282	-2.9373857629849836	0.6271290986361326	-1.02925427245654	-0.6056634503187159	0.27813969599498267	0.26356222555315784	0.883743017638215	-0.2023052698088749	-0.14288768923437453	0.9898007758848553	-0.22558862251802772	-0.2421976290458262	0.2756490329611676	-0.210818124445748	-0.3473281680427015	0.5360729093935741	-0.6060156241376362	0.7683875727383831	0.78974816073207	0.6351430931109501	0.28331854541991425	-0.0282011414441477	0.5435579479029641	0.27581350936747756	-0.07781055277442198	-0.04716224093409732	0.44109562235472227
DTXSID1024209	-1.3794176297223435	-1.0056979753116064	-6.704023061541139	-2.248850447527397	0.9904932595085902	-3.011748711155296	-4.9255412789020445	-2.196416929299636	-0.034445897412689046	3.131869053575121	-1.6304428344783573	-0.6953225398004474	0.10956031123185636	-1.701792539907313	-2.2128408694224277	0.5425800153248886	-3.3170924855556634	-0.8544437927655788	3.577070318778171	-1.5860620457664878	0.4532905417379486	-2.9575453172919093	-0.8054200747305835	0.3369552227784489	-1.0291120523431256	-0.08165033618364521	0.3402277215175842	-2.42454775486169	-2.0098397233231964	-0.9707274194375185	0.07490150446367454	0.15070723918610696	1.038266322463262	0.4327007580660394	-0.8638262456999681	-1.6277021517320944	0.8394114704467555	0.14931822611763282	0.5396322864696818	1.6523641751270213	-2.1549326230613683	-1.194162875299418	0.17359877752571942	-0.1777953580383269	-0.8813466913761033	-0.916627388598683	-1.0672219921468213	-0.6592604185300586	-0.49225487738701057	-0.4504086948712745	0.8809639533584744	-1.1573194325376164	0.9571124388662381	0.37574863141187154	0.5288122405105933	-0.3720388794193431	-0.506791826854558	-0.22860442863117686	1.38636313227804	-0.5882971519230739	-0.7330885824428075	0.24649782185166375	0.20584102184862127	2.1482261945638053	1.446559400838882	0.020781456864427197	0.05923508338654406	0.23016450320160026	2.190684243736229	-1.0541270762050812	-0.2586187772449729	-0.9418409256863601	1.3337609161890793	-1.053539891778016	-1.0647152030828886	-1.1855500300615438	-2.4587763946916406	0.24404974884168254	0.392626205267506	-0.9084600026056923	-0.49551262728168904	-1.3931470431901716	0.380189844693704	0.15466690238709038	-0.7510769373823193	0.27845357865247	-1.1235484911768803	0.8867701728106364	0.3451736510134092	-0.5893759124363346	0.18209094673241716	0.6228729611816981	-1.3458811446574899	0.036888001414767946	0.0314039267404611	0.2639650990700305	-0.18478090002923775	-0.3953605215351397	0.27237378579357524	-0.4694677587450668
DTXSID8045692	-1.56748825371882	-1.2536474602886776	-4.375282672655337	2.3485184413529843	-2.660780572830315	-0.4943153071784061	3.0751894068796584	0.9985306690584342	1.4397416420550773	-2.1903595927437025	-0.8477134833367389	-1.9172464950587214	1.8168405827616156	-0.0317899184369328	0.5669599960302553	0.4915898888328052	0.3033325867187449	0.6876422557440579	0.1556437099168804	-0.8225664959220362	0.6997511621114435	0.012625113550982716	-2.203863641069695	-1.2885331468867682	3.3762089604091527	0.7045273701175061	1.4318459229896083	-0.5296261180021496	0.634096820183467	-0.31380499839656356	0.03817940988991795	0.9050710550973079	0.6119062065633057	-0.7935075030316472	-0.257827295185866	-0.5081960085728856	0.8368965080601641	0.9059344348485153	-0.9263521706751336	-0.037322991964148435	0.8254963540214716	-0.007809695392642196	-1.9995587321879769	2.7176715602085304	-0.5736969481063027	1.282161773830443	-0.5219196874731427	2.350867507795448	1.2532619013344086	1.1398366852210366	0.9773002567203626	-0.4701110185435008	-0.7671880933335798	-2.000661059100976	-1.6928772513644814	1.7670101969494376	-0.47080077850688723	1.7209549640919037	-0.8950476360247184	1.2079706460661215	-1.4157696840619003	1.044910683861627	-0.8826678389982404	0.6752465683834036	-0.6968179377013953	-1.7144536212412769	-0.1446823798639339	0.47301479839075783	0.32523610946150866	1.5153141033097326	-0.06868906588414705	0.5523715814472776	-0.09974898665736946	-0.33903085772787545	0.09691665379155494	0.359489141602089	-0.18693379254789516	0.9309178478064356	0.05422150127528628	0.1344642274230784	-0.9326367388976131	-0.610108280558358	-0.5052647164740538	0.64530176803508	-0.7199342598160614	-0.8568316662367892	0.37193487858379676	0.9916110609171572	-0.7855810468454251	0.3685047417806069	0.5283489331852564	-0.35067974525792417	-0.3601370457771046	0.9339167300823207	-0.20826444115135018	0.015750814424194237	-0.5974640495570237	-0.8320826145229369	0.09852093668926523	0.27362453242973084
DTXSID4025167	2.254872840357886	-4.721661183031389	-1.7923872627028614	7.21382803596937	-2.788058038137495	-0.8873282572277611	-0.4571329277616483	-0.8869955449142217	10.368583153790123	2.811907511126763	-7.650995377454424	-5.572104110362142	-4.269503887012952	-2.9524608489989608	1.9567106410670438	0.30992102407753586	0.5597675169244134	0.6855783745065703	-4.064262805541826	2.8873842480902665	-0.5225065588443999	-0.36099981329446296	0.6674084807442487	-0.565160948302901	-1.2940847857731292	1.5468006885208234	-0.3807245275236121	0.3984188917196765	-0.2965412151786926	-0.682754427614968	0.2890377273796868	-0.02379448267278662	-0.18333321963534402	0.54828141576992	0.3612518319116336	-0.035780110749507106	1.5736271553318644	1.0427845498481552	-0.1381575232310247	-1.641377417037831	-0.33837326399652523	0.11634136074640421	0.5329234980840557	-2.116489690006463	-0.2725193722283426	0.5798899601110362	0.34827087725666994	0.22615095758563336	0.7624962124991705	0.4735689520735867	-0.8873113740117484	-0.2924976330842277	-0.5973170914438186	-0.7737564659471213	-0.5214286325957265	-0.08292276494114473	1.5808292400690112	0.8553157347872619	0.513692028344269	-0.6502168889020495	1.4263762471797325	-0.577066134409675	-0.5561046021969684	0.026037727948439768	-0.6258195582653464	0.16818903828822201	-0.7024269311094351	0.6424882389744749	1.3514240896024676	0.021438723779929007	-0.3440232475042496	-0.1829835874383502	-1.2653492749710462	-0.15322978578684912	0.20172812422659844	0.28392850750945003	-0.03855781850636269	-0.36936139912981086	1.7461045866358724	1.6590441895973767	0.2883546360074164	-0.42112753905607825	-1.226835969784385	0.03542824171042166	0.9671577165077149	0.7797042364521426	-0.39027897607469364	0.4675770745097818	-1.0407302872812954	-0.48621103001175164	-0.5788467500744126	-0.6827531035733982	0.5567802229988956	-0.044019027833164526	1.0523786130463093	-0.38546780648291074	-0.7665867368814728	0.17983199844957043	-1.5280980518997764	-0.6034847520990128
DTXSID8023470	7.170252367798701	-6.424455609944168	-0.9130553330771667	3.0434146685077854	-0.8574380328402299	2.4022045769058598	-0.34397543126179775	0.41134529860394453	-0.48563296785394383	-6.31976167685017	-3.8182991870288294	-4.241781884210046	-2.6199972799421247	-1.516999417223803	-2.9349534743343657	-5.009122225284971	-1.6331010435833337	4.155377287149252	1.9891194332799864	0.1862736449199671	3.5895620532884074	4.95691151803853	3.754608582792783	-1.7682253437710083	3.895454950532832	-0.6382104040017154	-1.0699616977736348	1.3743888542030593	0.6959881285026641	-1.2637663329125328	2.18647870440807	3.437132161084864	-4.33273880056278	3.676960011042273	2.5161807023907152	0.9297805085287575	7.952410051320392	-2.066319034957632	-1.1107430728499086	-0.19077030212446794	-1.5664466738447829	-1.4562279769079713	0.5395918376861268	3.2298089618940278	-2.0712786880158225	-0.5971599080877928	-1.1422701731675666	1.0787734831277636	-0.3282926924506665	-1.849648168229456	3.302498510067049	-1.4644705797745952	-1.9057434267856572	4.03061263390177	3.452947563646909	-1.7097138174185065	1.3159401701837157	0.08983668331159297	-1.6424981240310532	0.10459744286054469	1.2474403980973467	4.783241834776022	1.5551536788798164	0.9645184539179446	3.4224913618383366	-0.737489671521878	1.6473302591969814	-3.594256084140191	1.6616430626277756	2.452333513177758	-1.3844017545436198	-1.4685795827888304	-3.854720397086694	4.633396798904278	-2.363093964292187	-1.084370176373648	2.345934990970552	3.849393000234149	2.3455457783068905	-0.20817941927735484	-0.4604842597633794	0.15349676015025698	-0.25696978792776615	4.693971799802986	-4.462985933887656	-3.0630992097098977	0.7148535155884962	-2.2560838479775964	0.9132002812717831	-0.12503986418055024	1.1301533963606794	-1.1939028556438926	-1.3969132989710942	-1.2376381188858883	-0.3769527908384586	1.2170819027412634	-0.7702364514543988	-1.8056751546465848	0.010119223263544629	-0.2216739083023406
DTXSID9047968	7.467068120281699	-2.120950536458002	-7.605268922064703	-1.2089507820256313	0.7394219911957434	0.776594395172183	-2.375250046137503	-3.0444256786739605	-0.8625541040397043	-5.363272813463851	-5.584043437893328	5.130410485849183	-9.718695830347889	-10.229655434314564	-2.024916912476999	-6.059955703373356	-4.052523617789093	-0.819161105023508	1.1952446525680884	-0.6196781873040367	1.3923298829158228	11.788685462379346	7.378847184241122	-1.2786469538701093	5.48834942931954	1.9386796235258335	4.586427403274672	-3.709419193392371	-4.1581765432243305	-1.286000278637826	3.7621086677658764	10.092832319270189	-5.704132406216277	1.4869670457970874	-3.177891233973023	3.441793254489112	4.88841265377945	0.12828934804377568	4.881706167354956	3.620418977343005	-3.6011004477950452	3.649143236102011	0.751557817691476	-2.1467703410830152	1.1159037901316158	-1.5501594880359877	-0.22364330523637893	1.4192149095193067	-2.7871190433855175	-3.5330610678288616	1.3288277324159763	-0.3901839029773634	0.8147412493038094	3.5476949216022255	2.1622307985235305	0.579262526110956	4.063215873459373	-0.3271123758493668	-5.8475129824736385	0.06494523719692327	3.8948447986158197	3.6375220375424373	4.056584078242944	1.9470701591686597	1.2502210940673695	5.43645129147683	1.9509838883220147	-2.3974101357591557	8.081965411519336	2.117361614479603	-5.986538883409636	-2.8905040851696686	-8.940166871163918	8.567332160399468	-8.82562006580402	-5.119807820717712	3.1024796571907243	4.923068088172468	3.776609464055801	-2.4506322502214313	2.3761977917276096	1.6566437261168705	-1.0472069633350796	5.704018034114002	-8.993360512241475	-6.452087833062338	-2.732383689448807	-7.497028550304991	0.390407845788411	-2.5491075989157395	2.9409808400870983	-3.059530708734383	-1.5123013096494213	-3.231332346419132	1.372897652287442	0.0811420322541032	-2.872876645987935	-4.211113049966	0.5723429264240688	-1.3012562258836295
DTXSID5048766	-1.5657192047234552	2.350741857524878	-5.073391573414537	1.3546524629125523	5.181372517854009	1.6226551090254988	-0.5848804760194724	-0.5708190030900056	-0.4537261957035617	-2.012087538226536	-0.27935942335134195	0.27616723555095496	0.22378198097678287	-2.1576951471928956	1.2134797184187598	2.726406092786592	1.1769261512391416	0.5812824101336413	1.1473255238190272	0.3919919371802118	0.3087649141534207	0.6048528199721215	-0.7707726820351027	-0.07007403330020077	1.4832511602744576	-1.5393616739501683	1.4613406681386238	0.8779593145053228	1.7999564622086663	-0.24678368476751417	-0.5909661673551326	-0.519793718319999	-0.509991193754994	-1.3508059053997903	-0.6901294600786849	1.7391060539274263	0.5525045258508036	0.7382883714780712	-0.08486184306140379	-0.1548479015324579	-0.3842358310311396	-0.03762184918505468	-0.6125640085862014	0.5903651551504269	-1.5615604928690636	-1.1366571512125623	1.212010297555495	-1.317321887040336	0.6354621637693311	0.6740458962920167	-0.7790460589703478	0.5143435240074151	-1.1301833373849755	0.27501581376839873	-0.4507685073893016	-0.3190699515348942	-0.4563314269126738	-0.035679834425177276	-0.781306678206024	-1.6543039220887352	0.4658400295964729	1.2519182308034107	-1.9650483164584975	-1.136062867989487	0.8355824213870418	-0.8671744302287188	-1.6181210720274557	-0.4614876589509083	-1.1069398383617775	0.18859563264003734	0.9789778027130439	-0.7859743785530778	-0.7167784890550524	0.20921972216766346	-0.3010910127580158	0.06880525175394799	1.2995510342498278	-1.8341474738626369	-0.981405756741361	0.7712084870968275	-0.6031423850926755	-1.3768076276465862	-0.6728473608546808	-0.745904384357048	1.2201227982052036	-0.0990351743036723	-1.2598677982751292	-0.1051421082604606	-0.021307766371093915	-0.17032016025077776	0.6743180159446133	0.35893891283630963	-0.23817413842281795	0.038420022219816365	-0.4416662853526972	0.4176795563180549	0.0639612804200648	-0.7130502517754763	0.8084980612591267	0.3787798550294756
DTXSID7022384	5.2197954468237056	-3.43781482443861	7.028156635487162	-2.1244948063186317	4.091859289029879	1.0676496275746015	1.443491553954343	-0.18771334865710934	0.7451843167064699	-0.2853871428470492	-0.1828173593582917	-0.24374103918085477	2.0277743373287653	-0.5264901989551096	1.3887623764635793	-1.215909401934198	0.6809729393858357	-1.8558372047436178	-0.8403725900709289	-2.0978777742794676	-0.13542015863804877	-0.5539500936567588	-0.5301779801934197	1.4786323124860363	-0.22349935208830599	-0.3557382847553958	0.7364792728073105	-1.4844607134782193	-1.0613871297249258	1.3055754559667274	-0.9130899716343998	0.6269968927249306	0.8261469636463742	0.14187923651964474	0.5226401658658146	-1.98668580347451	0.006743618449290657	-1.0122585663349795	1.1528215961072312	-0.30346871559176314	1.226023482506937	-0.04620515214400271	-0.07538164353578898	-0.42122417891166175	1.1668019950114492	0.6614092831237481	-0.31333003800403625	0.7728228710175157	-1.025189605033005	-0.19095215185607556	1.4181687658184083	-1.440913146380134	-0.03320150690896699	1.4908594292633301	-0.44250247968510603	-0.16687441420697283	-0.303102562843485	0.7859404944721065	0.13235548326716748	-0.83680202136852	0.5474473913456817	0.9512845746206398	-0.8601872998676853	-1.220780466456381	0.8327879505804313	0.047404312365538735	-1.1584538984093922	0.8810461687810837	-1.2492213726218973	-0.7920258123104779	0.29405862724406473	0.434152794934854	0.008278093143161682	-0.42678922669229863	-0.09880530657562804	0.13777467102814875	0.14278411420398418	-0.35083462605189625	0.11748444243530123	0.4566901356263432	0.7255804016626961	0.34717391985977214	-0.13448992893760606	0.170152952173669	-0.3283082731120346	-0.576990659269966	-0.2511924638915346	0.24138090126905995	0.11590926633433182	-0.3535044409807653	0.16045031506338253	-0.04353778104183584	-0.06686022731361507	-0.3588856347909161	0.07455583502748891	-0.1971508058469815	0.18993464409522487	0.012227138036122994	-0.394317169565987	-0.06770219558243759
DTXSID2045812	9.776058154343627	-4.538043841918702	-2.78136779403257	0.5208765604040324	0.4005822403437669	1.5634126101571713	7.600493094506091	6.1113002859578405	1.3818605997749587	3.346729002091936	0.14193807413396928	2.297622728405737	1.7907762463362074	-1.1637347167526924	1.4306958985940499	-0.3351998263923293	-0.04140228704731172	-0.6130680456665187	3.0572741933689564	-0.5092125366661837	1.74970472964045	-2.5783409167482065	-1.4439885430648538	-0.33539684871637676	0.786006703035807	0.48007571266691307	-0.48404971791951795	0.287950731922032	-0.4068814411642472	-0.8435435379244874	-0.20603331092948513	2.2630707628365734	-2.2623339529595996	0.8319232706231805	0.4789658405608216	0.4381218911106266	0.17278830665604372	0.9901246526227657	-1.9485836698766072	0.7769487503356259	-0.12094170828013809	1.7096878616526316	-0.015086465407682314	-0.14165396995666604	0.15409280560287883	0.8711014507977469	0.42464072156792965	-0.09235936395083265	-2.2671131236003044	1.1287342228208543	-0.491242510037741	-1.4724681017450718	0.0707719333002169	-0.40835922584512496	1.5245355881168554	0.8263316104173845	0.06936393945226133	-1.0496527219456653	1.0674509291964573	0.2495559497081693	-0.4340856043501766	-2.444426617280351	0.7833984271380127	-1.1567299222484049	1.91055108255509	-4.909676946704249	0.48231941595909444	-0.8818711807022988	-0.4553375131589414	-0.08616989288985895	0.2983081392523906	-1.7345725163280443	-0.301707905056556	1.5161715767109787	0.9259845570711779	0.5252650250064932	-0.2620922618026806	1.7234917486964942	0.5131416295282961	0.8335503734976186	1.5858910506187096	-2.0122119746869926	1.5620989113163892	-3.5935730403927706	-2.9866642939609322	2.4211332984387184	-0.02621073971715317	-0.8629210114084495	0.5429346605230966	-1.020192723277299	1.9284747510462965	-1.3343722848473363	0.36486929550342806	-1.2260302683957527	-0.16431568258864795	2.692412025583185	0.3492756182599553	-0.3935189974856814	0.09746820022820779	3.251594422327397
DTXSID9040710	-0.5723105133876678	2.450182820758897	-2.7999116317662645	-3.444357779494033	2.7291740815698255	-1.9963858281039044	-2.5811788681062384	-0.6724631045895474	-2.284038354561298	2.4002102339689797	-0.8891439907548753	-0.08997264518081602	-1.7917178832242542	-0.44485910850637256	-4.083252116657414	-1.917533077904878	-1.8508960755039776	0.27006556962365735	-0.7848515573553718	-0.23544513158587424	-0.4382573295218588	-1.2564214548225987	0.919093599576631	-0.3925524696192973	-3.0321525895378825	0.4740598824270321	1.671594732342409	0.47958823489014235	1.330948225100871	-0.0981080292583966	-1.5573225116797311	0.3271698863566937	-0.7607315809309839	-0.1400199641759093	2.5481536035861416	0.26546404120551054	-2.0916828194488377	-0.8199313963191232	0.2143628377878939	-1.7332909241487766	1.822124000072901	0.5863843931795482	0.3780942848371548	-0.40000849205744715	1.1102627635562368	0.6342395011686821	0.8197245454093547	1.8710638257514058	0.8779751181924836	0.46804321440155294	-0.7306303724809847	2.345627367006415	2.4673796675180784	-1.269923147629573	-0.1687606943842806	-2.536132676957192	3.3679644012892367	-1.7752565122113269	-1.0023148571483864	-1.4453842816485556	-1.129228196622959	0.3561500097936034	-0.17860034606692998	-0.041932199246200105	-0.730372256895934	2.3630181605778993	0.06705346554443029	-1.9152203137736237	-1.3021011551093031	2.0781700995760777	1.4504817325074322	-0.8621508733583259	-1.2987081264103544	1.8579936854205672	1.7770661713764602	2.6720930223812416	1.0204741640100448	0.6100095177744085	-0.13939702651930289	-1.3509933274171013	2.334593290390924	2.73258754902168	-3.092709472795931	-0.29424788043119493	-1.4406672563669736	0.9973879981052067	-0.30242862876172216	-2.475462404974592	-3.7899084580117948	-1.1003752305712233	1.3358524224863433	-0.28473193108715295	-3.3598369297426207	5.017127639535715	-0.7422672671693726	1.758738962373039	-1.4754022999829153	1.047014721830397	-1.620380951835077	-0.2066211553222638
DTXSID7044764	-3.306825628898254	1.0489616916380762	-0.546997781009509	-0.4399003521537897	0.3555857962745609	0.9408845433656567	0.7257272699970533	-2.078704437972542	1.60111171676847	-0.05615746199103558	1.3504320388051918	0.5584698341581311	1.5931052655836369	0.914884566154574	-0.006814845146804941	-0.4904245811054523	-0.2471245008898209	0.9375865232506028	-0.3649551662029729	0.35650232780983565	-1.0468800541160541	0.7340959132580578	-0.4492132157565929	-0.17458338659869632	0.496573375339005	-0.10968215062185531	0.1632708958516459	0.003185376620974937	-0.39273270153245726	-0.3707693500507016	-0.15055517139887126	0.26466677196989447	-0.1211168112443194	0.3163142869789122	-0.1577613116599324	-0.039485957381610814	0.5220047434435799	1.4646541893242657	-0.19468942804448006	-0.05192230883330421	0.2592201876925823	-0.5387976199580026	-0.6741159028469441	-0.41962101707134153	0.2683467555333514	-0.5086847583921118	-0.1292584792306947	-0.1616662342910418	0.3317996678109649	0.6822479984253546	-0.26200012913779086	-0.9089994342271046	-0.4853223499311491	0.1504262309797365	0.05412023733880583	-0.2841675743338877	-0.6011919628280786	-0.1556139215618469	-0.6945451579116682	-0.4470170863173561	0.024494967935885525	-0.23965663292422276	0.6537887126593709	0.026681978167700182	-0.6331259021659125	0.2996996055254977	0.5079778735856186	-0.45269453613863453	-0.41927151153638176	-0.40256948836273443	-0.4996525238769825	0.5922447408068047	-0.009636764214172951	0.507010564692463	-0.3386137945994764	0.21202901344540243	0.22954891829117707	-0.08943334134834562	-0.4314709279677854	-0.18000472791653702	-0.2868294554638496	-0.7013533176858523	0.3013538432389708	-0.05938480507862254	-0.012261243172008517	0.33841179005982397	0.22217482271264033	0.22492633868662418	0.30057826041785074	0.2475173618117533	0.11272375097285615	-0.11619809246403741	-0.39104229432048054	-0.16893447924845487	-0.1411896301633903	-0.18859969143509445	-0.2862524037457204	0.0077142458826296705	0.09579455719063937	0.07791411760351538
DTXSID8025757	-5.802512382144056	0.7797587547128931	-4.974426893201392	-1.797278375941779	1.4399115250756167	-0.8722577160423032	-0.9883420983980014	1.0072885790478419	-2.107912709573922	2.0712991710676776	-0.5302356585191978	0.6425090767367022	0.04205775548753829	1.311785697219896	0.2461034983872228	-0.7050650133570858	1.0932268241221108	-1.9726428640224885	-0.45828639110572617	-0.699536064191958	-0.13892351875151385	-1.4895137298853534	-2.100456518652537	1.2605573864077888	1.4365620362129785	0.9099647577936296	-0.8204694204805458	-1.3785282947293973	-0.4266762709302945	-0.9522039530898151	2.8923725035120236	0.8611473716428517	-0.899624861533068	1.903867009619885	-0.5542095603201116	0.22317701110610544	1.1418772590089779	0.44590744961599427	-0.4088050680412812	-0.28015096424377406	-0.4190846032608987	1.0324088669563138	-0.3191577210292245	-0.5623304604277469	0.09633267983482836	0.5354570840941045	0.9196873138062571	-0.20000037802439158	-2.4941466154856005	0.015450089839707689	1.0484299650726212	-0.6504397861961255	-0.8967737410191933	0.06883916027768826	-1.1117499422075936	0.8984185136144135	-1.2639893822398556	-0.9135382276051238	1.4654363659490826	-0.4271039563244279	0.4754280704031705	0.19451701994459447	-0.07513669281935113	-0.4594739428365557	0.9506535524103761	0.08260167542866699	0.06509050920778064	0.1601021233386734	0.09361086561719208	0.2455507144220544	-0.7875064976809678	-0.6780193966195182	0.8569672019269681	0.4820470307398779	0.28454110886052675	0.8246419999931538	-0.21619693498669634	0.8705672486829271	-0.39205676832685676	-0.13145080611182267	-0.5121770936993741	-0.187708076553141	0.3376379782827269	-0.5019346884065123	-1.145518849901141	-0.6895709426828085	-0.2543896806165107	0.4562567508102361	-0.7918911401563822	-0.3134436179574627	0.5977071277708974	0.2893354713749076	0.21707480287815947	0.3583957161867816	-0.5147046276280952	-1.0171736187656555	-0.6068261326855073	-0.2158898082838333	0.25672541583560626	0.8242913039438049
DTXSID6047579	-4.654298637058292	2.8663599939465314	-2.962480191830562	0.18685030303634237	1.5690839572886557	0.6297754775140211	0.8648434945741579	-1.9892093891253013	1.2696761159754728	-0.3172718586977023	1.3204414758763376	0.663011819911053	0.9935617973127898	1.0902012152098937	0.5650110614528423	-0.2912138878674937	-0.2376125597672778	0.9404490134866225	0.45116062916379585	0.5725010292405436	-0.5522743183132088	0.8951482557066409	-0.5192062537811666	-0.21004641048524522	0.8326161858353324	0.13409449433150367	0.36753676025173276	0.35386474473755186	-0.4344189830286645	0.1573650512735452	0.3624090647392108	0.358417889800013	0.5709212883164819	0.3828331007674731	-0.05771624653708711	-0.5146437520880617	0.5487153358276587	0.4116451225326619	0.0626080633685142	-0.5202639675818581	-0.03217320217817314	-0.3914287235150635	-0.09170781606431799	-0.4180680924822815	0.4397499423362318	-0.3743863913091912	-0.012228808127350456	0.3280622917745126	0.2779807133059957	-0.08563233560360778	-0.2021363530794822	-0.4808751149256218	-0.041777093138710274	-0.8968286144612772	-0.28962307796366	-0.1502159975266381	-0.5041368659694728	-0.03556421755699844	0.04901504702395831	0.3006116171368278	0.6125391479975847	-0.25422771183746895	-0.11060952931542054	-0.48163490660427594	-0.34346376218585667	-0.43382896164313955	-0.4003578599346283	-0.17213843697338285	0.07877063785015014	0.6036045416172052	-0.293475645295961	0.05562899198715844	-0.02329198251217816	0.2021339007373895	-0.11776658263204155	0.1906764152279165	-0.2403207276986387	0.3810218310782866	-0.09254983706169148	-0.2248209380928284	0.5638764191999315	-0.5878150193322528	0.23662891658468269	0.11379042509715305	0.3033676315625554	0.10154151758187643	-0.03690316853033445	0.17274507119445845	-0.03473272376005434	-0.022939484265763754	0.40046233311514995	0.5242158635231842	-0.5471837229398383	-0.09582873622077726	-0.21786238588688123	-0.18135750852139554	-0.053018327649658074	-0.24236117766767332	0.42831773353352137	-0.17559335903651138
DTXSID2045498	14.995878640542047	-5.682465866154576	-0.9326439285548721	-4.412795040573292	-0.2514749874140642	-1.948100727930858	9.027217937851676	5.298530632922905	0.11328999979501936	4.105582591889869	-0.25706646591392873	2.6865931389225	0.5110663514441157	-0.10001032768252248	-0.39183243028781894	0.11767603808017187	-1.429681688222473	-1.3088247123945638	3.7963486280408487	1.7827482340840328	-0.19600257237312452	0.9349321207750139	-0.419676141612693	0.011021948075176034	-1.2967902818918855	0.09470613055216337	0.013342387812573232	-0.04879101138063361	0.22248487388259156	1.2878075699278748	0.5242160985150477	-0.19992386263238834	-0.04595404703394405	2.0838116185508504	0.2695512092963236	-0.2551229738573968	-0.6539898880889712	-0.5387467296181097	-0.20469100571812957	0.7403013205817421	-0.2659188371826315	0.9153060887298597	0.7109615292055883	-1.36798104504396	0.3167800368984111	0.9552172676553172	-1.201862993934874	-0.5750526854059891	-0.6324616744273448	-1.3887763379992935	-0.36572792055818826	0.11279735372315752	-0.16861071109636183	-1.0713434547478142	0.9084037732811513	0.8878749677967134	0.5132920979557763	-1.1288299151127557	-1.248009323986567	0.14760533084070973	1.721925355734585	-0.9526883383171728	-0.49855750225930967	-2.4311555595120846	0.5045186410955135	-3.8307743935655076	0.708625664678746	-1.5807995918197981	-0.8899348441996212	-1.4082205775182874	0.4715499591549513	-0.03426057626040992	-0.004895652829040163	-0.2852688606451755	0.9900136687615105	-1.297188665670672	-1.7403224031711182	3.5579799697740238	-0.047315451759426023	-1.7951904911624685	2.3001481143141946	-1.2900741660263721	-0.027544251263084518	-3.95729334164029	-2.641916174023723	1.1645129692439242	-1.407415101845279	-0.9730702553894054	-0.25378409624869325	-0.658375944129949	1.0972498446020198	-0.40449393837844366	0.8876573618617882	-0.24140653000023896	0.09082168563827812	3.3345283755723973	-0.7756193200031781	-0.3102684181305788	0.793333389418978	2.4301432706574393
DTXSID7029299	3.2407189887285837	4.8381604339973965	-2.3621988574741173	-3.7049266731428716	12.151288446837208	0.7412795048103199	0.690282624806741	-1.8363944903236573	0.18368694254654538	-1.103939237232229	-4.077655401276854	3.0664920008298524	-3.1803167634460534	-1.5374112175745678	-0.5333479150439634	3.888965993777773	3.660593191796749	1.8865383673375107	-0.04982758120099751	-1.064429913963565	1.217715380211432	1.2687356458401793	-0.26598002414394367	-0.49770925915460235	1.9565740719007185	-0.17161597050080546	-3.105303320944945	1.4750658374422827	-1.0537495742383973	0.9167770764650204	0.3320250621076353	-2.2162254343086096	1.6447294721033177	-0.9232727896189503	0.5637968109822525	1.2753909510142651	-0.7729833692151854	-0.0131560563751607	-0.513948237014681	0.30889544054642165	0.5261126554887027	-0.5315234033370289	-1.3644469733882425	1.079894844622535	-0.95778815771007	-0.8798274889868857	0.6428581332125264	0.16598141767196498	0.5796143471840498	-1.0345638378627162	-0.16080397851371908	-0.24292636023113198	-0.3787444079835738	0.6338112717990882	-0.39352035178984895	0.1073103657032541	-0.9484828625150239	0.21490525053791776	0.472237403717502	0.6942698567366011	0.46833464209824155	0.47536634961943247	0.6280518696535776	-1.0335266400990364	0.8851737201523097	-0.8023002598174387	0.03458225210767844	0.4630514676902766	-0.7421639140294075	-1.0837139936602609	0.3446971401931964	-0.23106260639744372	-0.2320061804638587	-0.06890941596859555	-0.5286970739186528	0.4698171429108267	0.6500039737505872	-0.0647292951148039	-0.26867606990835535	-0.05795532711421576	-0.6554703089106658	0.08255868932786559	-0.8919591364680124	0.042033152961647995	0.20172412295668404	-0.23813434713983497	0.05870202020881746	-0.46537291525801355	0.6278307009320372	0.282446108286742	-0.4456201363581218	-0.2698656764360264	0.13799995658208677	-0.3057013364595432	0.6648954160353278	0.029455513216963925	-0.25702761670355634	0.06543246337005575	0.04582399597400648	0.3960563945673181
DTXSID8021351	-8.541252598614674	0.35710254556316223	-5.8216532105203225	2.9521915234611225	6.157616386840357	-0.25925842528199927	-3.4533531116215426	1.094042040303676	-2.735964003440483	1.0540992191642935	0.8417546053575845	0.5139838538465761	3.3075413111484604	-2.166982048683656	2.571440579986564	3.18086174092795	-0.5383628050946793	-1.1269100673657932	-0.03998965429825084	3.4709867687425966	-1.778656285155094	1.6619338230915968	-1.958120773762749	0.42938184678920177	2.1816479090663257	-2.38632556663388	2.4776282923157087	-0.36156950855382597	1.092889028062325	-1.0630646611940262	4.449980580575723	-0.30894114220391183	-1.7944169668503944	1.240615668867618	0.2649617310972603	2.067114976428815	0.2860127957410231	1.085139303245827	-1.877456985298711	-2.2447217847314724	2.6412673708559358	1.662732945306897	-1.4230290942985544	1.8372588961665415	1.3408678556393876	-0.22584065723539276	1.5507824821133185	0.8441533074992468	-1.7859255722317615	3.2357244843378585	-1.504048691239279	-0.4876347476675009	1.5683745892047707	0.41298368249162587	-1.416080567671408	-1.8745725785692084	3.7223971525090422	-0.5585655661873787	0.9972032705049363	-1.9827042041222602	3.307250704042619	1.1686617670789372	-1.9455376583790407	-1.513414886836556	3.1377402271352914	-0.47592022239874027	0.2913861995109795	0.2596624645742944	0.7616369659738353	1.4553467648648073	-0.26365435351147204	1.1288880125085845	0.5488926094917166	0.6635698963294117	-1.5112013452711355	-0.6510666938628813	0.095984037766952	-0.4642674730237146	1.1295718441872746	-0.07376577878903168	-0.7101737847044303	0.014319134889675402	0.23388310034276252	-1.7427737443062714	0.9235436584851424	-0.16089435698735027	-0.245659540974772	-0.7178487219029183	0.07909173913667847	0.7703809662408921	-1.1775389385691157	-0.08019781019301994	1.1385287904779924	0.9963596868624013	1.0969525060275818	-1.1539544271513182	1.1388338096583481	1.6122333462092635	1.88335809400008	-0.8986046720592905
DTXSID4047622	0.7358428793105996	4.523884793888361	-1.787664258559176	-2.2198692500889914	4.218967764734657	1.8028397005035084	2.456825537662026	-2.4175764026146553	-1.0802198765590911	0.7194306941959002	-0.9527443901356412	0.8191824538081519	-1.9196775529329262	-0.07845368243582242	-1.1170639452997675	2.4838617357461334	0.19000339977554978	0.7163090565945388	0.47899039632545276	2.801512842425544	-1.317470709014403	1.2493821805322949	0.9035948607623343	-2.455213121508277	1.887058179165626	-0.12453871100841464	-1.6756210409316812	0.41561950585700197	-0.08734122559730763	-1.0145927532838737	-0.26670259130252827	-3.86254452069585	-1.5896611399379124	-0.9918632225242088	1.7957887155527148	-2.25418311272988	-0.062077226061584	-0.5143406513794022	3.425123027551436	1.8707957646743798	-3.6187807482931036	2.099195797893945	-1.9633289530947144	1.144366687630304	1.1915512688663357	4.104358172092367	1.2675738847714781	-1.5207486001730681	-1.5877227962832743	1.1748487632885392	-0.18857947372321557	-1.2984649821922118	-0.9392348458886639	-0.8089249925906535	0.6699102498657893	-1.832185906800366	1.10152984915297	-0.6222655834750996	-1.1624217728886048	-0.732034089256469	-0.8510208267148555	-0.32656633211461533	0.12577637019922663	-1.073074015711413	0.2904058131221805	0.20262176352109995	0.700615368111668	0.6455882534345506	-1.0259816934720951	1.4600599663407046	-0.10380639208329076	0.6687686306515718	-1.3532295207636504	-0.05049407544316281	-0.34564227844669637	0.024264121409994295	-1.0877307537172238	-0.19182471980378776	0.3699820502187663	0.06037229632538522	0.5645310370796047	-0.827879487932954	1.3951855225081033	-0.879697383860247	0.07661815339506076	-0.30475479421061363	0.2936497119908887	0.5384009153618593	0.19814437079480499	0.22582185804099145	-0.012483769372232454	0.7118210877955525	-0.3297814407088633	-1.4036360424700234	0.6178428247308618	-0.4726058443313541	0.5367857999079257	0.5014457615274734	1.38698642720891	-1.695907505143828
DTXSID7021605	-4.3042109938924025	0.44056633630415765	-2.725780509607251	5.400387090673222	4.4966212545432915	-0.45441170448969365	-0.7194159074000576	-1.538969113125449	-1.1786694151399812	-5.66057712684862	-3.5891221527841166	-3.609251467914444	0.6953914715980143	8.230247243126732	-1.0403769271504073	-1.472410190499155	-1.8582021423159216	-0.5708106091280387	3.986775034236115	1.511124787919461	0.9365539247468123	-1.4845888834900374	1.1666443115642078	-2.275291844465708	-1.3297086606233515	-0.17646901915180646	0.1658858672301127	1.1220596071288975	-0.012081599324674895	-1.9499124690905587	1.8553296014590126	-0.34614112044502576	-1.8808294592655972	0.8751302416860914	-0.34682460659263836	1.609771781857094	-0.08253895416066245	2.202560452916175	-1.0713056930315974	0.6252401203817571	0.5746120339548845	1.8316883193684657	-0.772251591685025	-1.6564484021919355	0.48250889559975996	-0.35041129471520593	-0.6028910736114015	-1.043117826462473	-0.3904225668775571	-0.15145137512686102	-1.600756260004749	-0.1122154712196735	-0.4567313655293084	-1.3602071202444566	-0.9357358906907555	1.0187127031651309	0.1389187997553948	0.0627065416262252	-1.6959396435796563	0.11862292308277858	-0.21870702921808235	-1.9281111842970395	0.3895259960598293	0.6353321283139685	0.7823672129287674	1.0827230323425139	-0.2524528772669466	-0.1733824122292304	0.5927311867319282	0.45836192427174133	-1.1311299506549233	-0.2370416127614796	-0.0305736284467935	-0.4023107533483022	-0.8391828861162237	0.9302792044356474	0.6780008969109642	0.16904864920419171	-0.050857015272409684	-0.7050886077507785	-0.09849128267174706	0.7248169835101707	0.9796982423601386	-0.4469952994098025	0.14805711665272822	0.35946292706213306	0.18236944293206958	0.32846056646671234	-0.4731101252327132	-0.12893714395307096	0.2532372672829176	0.5261452327395931	0.3341075402268857	0.5255983021143625	0.42706615494551264	0.20206543119582177	0.2583267619345748	-0.7015980670411822	0.6683792765281515	0.46245887368581623
DTXSID8024238	4.180554549308374	-3.0484997674110925	-4.240265802444416	4.207702892396498	-0.8506370934602594	1.3885032276581288	-1.1956398224212257	1.9348516305148078	8.994939783116566	-0.6023519865967895	-5.584064525602694	-3.7279644608602487	-5.795257191765166	-4.197641871391719	-1.2763939156362514	-2.205741866158342	-0.881223225084995	3.802158465553398	-2.3545880861341084	1.0664209956057087	1.8184085093596123	5.1916386146942894	3.253540653030946	-0.35278743674280294	0.7305764387721403	0.5394556402378936	0.9440214713181749	0.023436990811682677	-2.8033469688131403	-0.9066245069422383	1.7373195418686682	3.3760414062156805	-2.6033203243388066	2.255366718732338	0.5714203041172373	1.4182984298288073	0.8383984643441469	-0.34027813492648146	2.2780706481453357	-0.02297547996748387	-1.0840654753442314	1.4489886680879833	0.17734297107343358	-2.6225340334271188	-0.4101549553978537	-0.6705403591165782	-0.021650994508760023	1.2903259445089608	-1.878100486995645	-0.6894700749412267	1.7531562330047183	0.7922611184220829	-2.0708766210280762	0.863779458750286	-0.8434464004270673	-0.21973127455284092	1.4967161145148984	-0.3450575646840306	-1.7887863694476867	-2.2977120735747905	3.482387331322081	0.5514569593786782	0.12437985200629083	0.6445235056478147	2.4731189067574797	2.5604917597120913	-1.2713320797700562	-2.1893512485948565	2.7521203804673986	-0.7424347959626236	-1.877733431158391	-2.157841612600092	-5.7362691666013035	5.955941726239666	-2.7852761517754443	-3.2319671366923033	1.3097365533108716	2.9599402478412093	1.0473785689852286	0.6107906738176343	-0.3531330348787567	-0.8458919550074915	0.17196689245202906	2.6900603459666397	-4.016398638337621	-3.024156248496466	-2.637131592817956	-3.184263965421071	0.7547825608592497	-2.3286053077027176	0.8890588014893791	-1.5005676376573394	-0.27822238055300297	-2.396669122192828	0.9338023895401935	-1.2865751813099593	-0.06196942162185897	-2.7917517188629692	-0.5326421565783123	-2.4224335084541204
DTXSID6046898	9.403565237735107	-7.882728999550574	-4.624120367220659	2.8029628467609244	0.34301012982271634	7.3591407635597	0.30943017075499224	1.7108273366320257	-0.5634830450167145	-2.8386268677036384	4.456079050758021	-1.4607631882632595	3.0925201658130237	-1.6624492451174997	1.8558873218164356	0.5721348723581633	3.767829980218177	1.0723643818221618	-3.141023643897637	1.1017380196886184	5.3828895220345245	-3.8883187107639485	5.124109959607252	-2.2615323267589287	-1.7533080464514357	5.277837941904377	-5.52975660631731	0.7567871625005118	-2.460744051745888	-0.23939875904703614	-2.4702083385755467	3.1014192094970476	-0.7239612364665253	-4.191249203481584	-2.080243183798856	-3.2818895119274463	-0.2929696709996868	-0.5464556046514066	-3.120404421737978	2.3228649650729376	-1.6623204741532889	-2.6168100942708734	0.3549583105203672	3.9926199319921087	0.7996462884431104	-0.6989134426557841	-1.7287023458732456	-1.4767095396054182	-0.30321845777921974	1.619493121220659	2.32502580414055	-0.8390254621349623	2.577632974059325	-0.4279354258304697	-3.8025590793991615	-0.6607324034706583	-0.011765443373697945	-1.0790456443156906	-2.579156351033059	-3.5447503746087214	5.367946062979361	0.36840295973666265	-0.7967325775477889	-1.0911891307495787	0.25017329802372223	0.7148247733074043	0.7278151867053927	-0.884419104204659	1.2556843350817783	-1.5749451532185803	-1.8283114345980116	-0.053587675381947	0.6530970647975631	0.9902354684291789	0.3855056367564067	-0.9592310267303495	0.20519981796681602	0.9837563580382132	-2.0104847215102173	-2.7286820731349293	-0.8112677557279042	-1.205107186949987	-2.0169182463272772	-0.5711267007010928	3.2725462392244253	-0.719262059926818	-0.2846293162407606	1.0977800472179446	-0.815750935862466	-0.3792501650869329	-0.7218858839605624	0.27615660331971253	-0.5204799173076208	0.588985833646615	0.07909532388310066	1.2731259421696468	-0.49802717102020394	1.3459810204620326	0.7634238404037775	-0.4533677627526844
DTXSID9048194	-3.0572897298256234	2.968092598963425	0.34247178794882505	-0.6504279341159039	1.1362182000426464	1.0921368714277184	0.4537920695842881	-2.3543652299312012	0.7610803155211651	-0.4324609017037983	-0.9419542794425306	0.593620405390698	2.127737108568913	0.210093602347625	-0.755952095641906	0.6866615750781577	0.5439668411727906	1.6915600565173312	-0.6453656932135895	-0.7523456661819435	-0.4690085027846878	-0.07136252207109303	-1.1156856305537204	-0.45009883432749204	1.2139836628949625	0.5084908013000968	0.23337993554512487	1.1983899072179134	-0.3332039922385958	0.5666649234120031	-0.2622407592991692	-0.07153051894434315	0.3972486525312074	0.2898296772752323	0.19859563955455334	0.6183641104653064	0.07201345540812508	0.8573379895967022	-0.516243676961113	1.634093600679378	0.21925709073828353	0.32795167963518346	-0.5320223343557249	-0.19070131876058263	-0.4174718992115101	-0.4638324917677308	0.6928202136900844	-0.26765438271009123	-0.9958392738198245	-1.8858159776115113	-0.267227710778768	0.1039122379804164	0.2012356572317934	0.5018758921372746	-0.417074258995999	-0.11266450777440602	0.766908459234527	-0.8110140129233198	-0.8542042553119367	-0.08215883140315297	0.07571099592644417	1.1434001700557221	1.206622753883191	0.2594881185184045	-0.07562857624347423	-0.3742397685643795	-0.5758778357474967	-0.020228904406593542	-0.20302627478433466	-0.8318650632697391	0.17152154523362734	0.02689888993199069	0.27032684530339995	-0.002483605123490294	0.3891152082852347	0.19634297426980532	0.30661858568739364	-0.11144763046748496	-0.04081215723692442	-0.08953805597449144	0.2416448799826098	-0.5208858137607033	-0.0008167156615459633	-0.20187068286322477	0.5614365303218167	-0.5610544455216212	0.23296636414733016	0.1930812199988322	1.0047060388934974	-0.2691076127393207	0.4884260760370804	-0.028117654733550105	-0.3134926582800998	0.02383711851200433	-0.00023192493369318152	0.10004714823456327	-0.27172477891075003	0.17691014166943586	0.32636178606539423	-0.15463790963262114
DTXSID7049059	11.522150734155847	-0.4871431024939869	-0.3799967037396126	-3.221124255982155	-3.0681072390606623	-0.4445363010887347	7.215491233480567	4.725778743733819	0.25251922859683135	-2.443080476923776	-1.7339065190434475	-2.3488332713843656	-0.6825385055527938	-1.587515287661553	-1.8182769769179337	2.730673415733345	-1.406123789859327	-2.8280407350147403	0.9825972374722568	0.508026675130732	-4.801694462714551	2.476066139334075	0.14903544372743327	1.0671252249462648	1.098073016275994	0.8249586730263248	-0.3558411537702794	0.9385299069425252	-1.7582727042726394	-1.876175504654857	-0.1886674728381188	1.808178721832876	1.8639468542740258	0.29407499244558855	-2.037082677085679	1.2959105912743543	0.36689939789997084	-0.21409153965718677	-2.192650959668001	-0.6121304260670368	-0.9330337571487645	-0.9259894973287938	0.10651020404323762	0.35095489120765194	1.2837205039176276	3.0720743935239696	0.44473877352262453	-1.0399873533230148	-0.11108150629120575	-2.130982851463392	-1.4595357262876665	0.7752111425427328	2.5607432683632845	-1.235020464196496	0.07922979466216364	0.5657130738477943	-0.3853877554872638	-0.4533894593303168	0.604782657593366	2.2347746526283365	0.24019761513788865	-0.9782021772403172	-1.5696350716916683	0.21097943344460468	1.563440013552771	-0.15834435270251773	-0.6835447277527564	-0.7715255318011919	0.10257344105089794	2.1061602215873774	0.20076402915445685	-1.0077886200716746	0.5974870793818214	0.5715134443819335	-1.4710722594082495	1.0030906055990685	-0.4510441975270715	-0.43512238370869294	2.002900452366585	-0.4814561589750366	-0.9416284931187914	0.4138623722691774	1.3850543305240777	0.1569058235527919	-0.48547822523557715	0.3791164347995839	0.36152164852104113	0.7482368918930482	0.33587158162784553	-0.8828708801778784	0.44509678736036606	-0.036923519605685476	0.3557778533852309	0.19400139699804683	-0.4498611205512023	-0.13147077845486232	1.408221708865217	-0.2598720068656358	-1.111549951757901	-0.5072490470599865
DTXSID6057823	11.43080197423726	8.078922343588886	1.7198140873601575	-1.9968887667329192	-2.7724366055599616	0.8268855293572582	-1.7050693684043163	0.9224993091944346	1.3921769950106722	-0.9095545393413269	1.9382189492832853	-1.7196442593039942	-2.234204363077866	-0.8858082789765769	-0.18918660421631672	-2.941143490702571	0.2297283482952081	3.317735037993187	0.8106437830662756	-0.3321018385782721	2.179806214037248	4.394366746293374	2.1247318766547436	-1.3663000362851323	3.397034067186445	-0.9466365259468589	1.9263073197643832	0.27130206311810295	-1.5677275601120066	-1.8129056314885974	1.0331774536657465	2.0938796383073175	-1.3551740153090295	0.8468340572999229	-0.4018099417172983	0.15460593481059062	1.5607139780792456	-0.15215071155191998	0.43929651197950703	1.6920274842792784	-0.2684895443905146	1.963053526530377	-0.22768975836834487	0.05408154957715548	0.27989941793542183	-0.7217531655915375	-0.13744302523335716	0.5041633828424164	-0.5769388899236871	0.6598767044007843	-1.0474025586768376	-0.29943818459871074	1.3486167194257026	0.12280690324971145	-0.2923413757672416	1.2945150883564132	-0.07921007861178857	-0.5878622103842179	1.397172209424555	0.8043805676221396	-0.31700698593624055	-2.908078272312911	-2.321433270003506	-0.8875366416436196	0.07410049184204694	0.1709073468699134	-1.5248740753164098	0.6579171932804078	-3.423046694379422	-1.5390579979857502	-0.5651343230201643	3.4997856736333777	3.876287789019678	-2.326503958645353	1.8147533899128754	1.9197409824924658	-2.863796762152465	-1.3987002596178477	-1.6105562168917429	-0.64371402010703	0.09470737251659464	-0.794741288543265	-0.4808811295598036	-1.8012134216994107	-0.021525358861171812	2.4446562013759356	1.2573859841835067	1.4727600571219015	0.2187396174210965	0.16377151267073123	0.17353891265164004	0.5364438111238233	-0.04801196144970319	0.6882076057209745	-0.24446921643015843	0.45935892123948685	0.35229821760574853	1.4248768207894609	0.6737687743081927	-0.8364345568502721
DTXSID3041247	-0.9595492095220907	0.08866953953225015	2.182234194140989	1.1667972289591575	-0.6931824220826219	1.5041501051770771	-0.853335350538996	-3.3303607419040984	0.18157696067520127	0.5603639537992973	-0.18164668857721034	0.3332760445632593	5.0475604092633475	0.5759700305580703	-2.5612080449029038	1.7623432294668555	0.6453402004487945	2.623919752080854	-2.8525510623344306	-0.7128298696001149	-0.4656659888350086	-0.9209530803629095	0.007048782451682275	-0.845795361716828	1.1910401846331373	0.6011235668471153	1.094801777552976	2.4793405717735015	0.932098471873154	0.433086592258492	0.3451891113858362	0.5221606563020963	-0.3817175175938366	2.145679609283899	0.8743388716388562	0.4826526956225529	0.9541065066739177	0.21950587671060004	-0.7816099009040035	2.5888927740326517	0.5127375009319222	1.8009268216450902	-0.4295515042498673	-0.5206301591783956	-0.18657965341157426	-0.018119981011827244	1.3577822863013511	0.16627452513995142	-2.631445831723054	-2.6050192885286783	-1.0008834451319735	1.7700186974416254	1.2478692304071077	-0.7421784216178895	-1.4436759939523014	0.10511024886037786	1.5689151981956468	0.5696799008719197	-0.9909671735291561	-0.28203686886025275	-0.21473021673688794	1.8732482390137004	1.0464106269356663	0.9434653530495123	-0.7929011294145133	-0.5811060235192845	0.14316636872788008	0.8374222597048756	0.3776903115195549	-1.624714070156442	0.21238099690736215	0.3732315928394653	0.17020972962613864	-0.22600026068153578	0.19267825879989744	0.40298838788129476	0.8614881111353373	-0.8358773520387076	1.0731258329441062	-0.6075070708780118	0.0776952455581678	-0.4377344218496219	0.5208315025682374	-0.5811151488235047	0.3407516967664221	-1.1261653234997901	-0.04400836012312648	0.1812981036199308	1.9005428783680842	-0.20058941654137394	0.7055143817281009	-0.38182065745569843	-0.5293137544265892	-0.5154284626791423	0.28328171164459115	0.08650340696817942	-0.3361971271310392	0.42253730492183716	0.6828051261673032	0.18272213171545484
DTXSID8047636	-0.9926238282751093	3.877424398586346	-2.866431167721386	-1.9852000404256136	6.194478970963858	1.2378480371364429	0.8234911939749757	-2.695516864354321	0.9172954644338368	-0.7472553610869507	-0.6540731812180061	1.6307652452161867	-1.3217750250813343	0.03686090245227078	0.01260405796895804	1.2741210945115173	1.2986546026874677	1.7832515657018249	-0.08559028979272933	0.5133400472311594	0.1829140199086416	0.40118385403815227	-0.5082421720242597	-0.8939189281634582	1.4822345884293984	-0.19240850607943488	-0.6613777353521076	1.1057899070348527	-0.6228408934967957	-0.38249904103660476	-0.10751705482540275	-1.0089537530890593	1.0135777273936277	0.07212340238523302	0.20401807978193914	0.18023801183961957	0.11434185213650465	0.1138898461191739	-0.1590344844921572	0.1605970784768793	0.08576347203222479	-0.3878620774213875	-0.5758589990216312	0.03140669281072824	-0.2038241985557746	-0.8718981683831071	0.4043010146994237	-0.04844155539689879	0.23311555503135514	-0.367067043166841	-0.23492781181722897	0.08256038117712788	-0.1474761253117428	-0.07641550985426528	-0.2081775005180422	0.45205130046271147	-0.6944279732348647	-0.15622539334556854	-0.2662853228084764	0.11583102482951267	0.19610860280708337	0.23124314087310466	0.10010000632053952	-0.625035668014982	0.024158628540563228	-0.5940312019344867	-0.6772503616557598	-0.00198742519571844	-0.5328361893146625	-0.15880099136125794	-0.21872541466319398	0.12095564892118674	-0.13436315726938192	0.2619082275211326	-0.5103758719324722	0.2612430223798348	-0.2955075214849357	0.4621098348522149	-0.057625972133078955	0.014277520963635422	0.1969743551390985	-0.19857162448005283	-0.08159169572064041	0.1852249428456158	0.3121426620766862	0.6138499067137353	0.12863598477110835	-0.013688172918030742	-0.029000673587404692	0.07608062006058913	0.21020783619289882	0.0908046654062571	-0.45285490718208876	-0.1232370302334762	-0.005001779875976776	-0.3107768856472994	0.13759612326842768	-0.22204329189184221	0.09633324082481891	-0.2410733693916813
DTXSID7023300	12.1081193710798	9.906577858238043	0.46020950682542283	5.310002438513383	-3.3890402601056895	-1.9516029765323881	-3.4723576466060284	0.7473371141711713	-0.1327826414204353	-0.4870211230991288	-0.808292814860601	0.4288059224784003	3.2911416739039994	0.7713335118216792	-1.2962558844065157	0.811955887453599	1.5237277662611133	0.7310031394450665	-2.0253534469394605	-1.4387588879575035	-0.5188530393041253	0.7977183067022281	-0.3015098930748335	0.7819657984327173	-0.21324342670211915	0.7520760667800487	-0.5573020510618562	0.5713242741376692	0.036537649874499256	1.095735305326824	0.1484108429106997	0.5017200610742414	-0.5800768715997929	0.07993791789070573	0.5264457743722342	-0.07930617056013343	-0.06270467644813373	0.14590635721096584	-0.28981396258026426	0.8257899137850216	0.7245596266527042	0.06502753608849447	-0.40950081533384597	-0.28950476469732433	0.14341455198635855	0.21024854834686146	-1.0118440458947646	0.5334796895086489	-0.5092637285739585	0.10897578019107729	-0.8167767139567249	-0.2082949180647372	-0.060075668808363396	-0.402167548542493	-0.25379243808351376	-1.9635348640836714	0.09094133623049505	-0.19590568782007725	1.1736701909051979	1.536381862679863	-0.22916888397793458	-0.8057603656269573	-0.06396092372450729	-0.15912151545533845	-0.279991028396818	0.5128562365309332	0.5129561994363957	0.19991993387887266	0.9675792400119182	-0.35602666823910684	0.0012752337825833403	-0.20310871392269922	0.11892407761424653	-0.011907920993912401	-0.9544676677481035	0.18302731459596625	0.4945184298484074	-0.6063890971904803	-0.7384828354774882	-0.0030571184846923936	-0.9720470802985536	-0.627042859415734	-0.6960427820916143	0.19362930963911587	-0.7383158416551667	-0.4996230177862877	-1.1817855298280269	-0.18943178337930452	-0.6861722600906668	0.01242901585779097	-0.08658126879140261	-0.21099636500660413	0.2857990343621114	0.7133125385519222	0.4622712790894595	0.4912062014285973	-0.5292261664869159	-0.3714539864891798	-0.006132193964053732	0.07889748782889272
DTXSID2057815	20.677302786295964	-3.6196485276668224	0.6704318068791524	0.6298961798764005	-0.4110087018066464	-0.16908090956413815	4.48635680162552	3.2259210564571323	0.9872258193830251	1.0762508356245504	4.5048692893137305	-0.21435366071554818	-0.9112289097878593	0.9862965836242779	4.169934641450151	0.3762176931557212	3.1284631608458295	-1.4211218623126443	2.7794588900796984	1.254849628151031	-8.021152217699399	-5.042512230793499	10.767244518358343	2.794007208593488	8.54832605554937	0.6425939789923056	-1.2270874867336659	1.9216424008293818	-2.6269036790662113	-2.637006412193004	-0.40557110328159146	1.880154159387927	1.8082802753759515	-0.5875792005870977	-0.868824283424624	-1.271494877741971	-1.0945325651736437	-1.5613493931459184	0.5324006011681317	0.6624213160891829	0.730491288840204	1.084858749796736	0.2361183612577376	1.8169670194175864	-0.06886203635678109	-0.6858545926820566	-2.214529142482754	-0.3754133947419895	0.5192276309846127	1.7040903551373654	-0.7921382788703987	2.325879362959607	-1.9071640874035032	-1.4057246554096106	0.7931302279102014	-2.859820109817609	-0.6139205212770819	-0.35206209771297264	1.1438731271675258	0.9077281088566037	1.165725208081925	-0.7833983095016215	0.026952762955060872	4.1390710818767324	0.5732475486106591	-2.445754073039934	0.4068300496832259	0.7348250294836045	-2.561806046349174	-1.7685920802185355	0.1993983429147447	0.1511685361598817	0.9586099125334714	1.1892790203627956	-1.3304266194170853	-1.3165788155253677	0.13587110715300152	1.6825302160815296	0.7790287180385839	-1.0761735975025366	1.5874480872508787	1.8283975693267283	-1.407128481969941	-0.3813768472650321	0.16313670265115005	0.8864188907007953	0.2618326069104295	0.2029356503944261	1.0491417982572884	-0.7415463289765429	0.12662338530375916	0.7195845601470932	-0.2569030253226733	0.6813188911232924	-0.9238165652348146	-2.217004576081795	0.669621906211937	0.2693230619848073	-0.7613421281646108	-0.9072871306489328
DTXSID8024864	-9.320867117807067	3.4406233298076985	-2.5848302709471693	1.755815804094244	-0.41781812693279685	0.3810129421876802	0.8806121631290048	-2.211927674361023	0.6652496579210649	-0.6090484733958839	-0.015843044776407696	0.6183443253016353	2.3198399205789677	0.7683163638851251	0.736578964358272	-0.18008652295074554	-0.8790925177829504	0.9795065624683376	1.4509523338434605	0.6950531204620177	-0.15008274868091456	0.8582425354425104	-1.710887090632524	-0.49247943137594435	1.3589057636350437	-0.30998752714153366	0.21850242802061534	1.1088831087010766	-0.5776195123956233	3.1895056961294252	2.5448147447972516	3.279584223772782	1.625819476043277	-2.5894285189246182	0.21753249953097956	-2.842725043960814	0.690655817776997	-3.794084119330039	-3.955578870142665	-2.1434852144973524	-2.0217234882785133	3.691592114097759	2.0445945949326387	-2.895206886813013	-1.728282973014481	3.2976873502325064	-3.6543781445198946	-1.2432334312492699	1.664693828811828	2.0766329190138983	-1.0908792626773018	1.9854312379521408	0.3318219853963848	1.7386267537908646	-1.0313026760796753	0.9279450605550321	0.6929397612375182	-0.6669100958185428	-0.1645645026359515	-1.1969986937291859	-1.469462421169595	0.1621931837274405	0.19619571096614566	0.5430121868598956	-0.18269782030692205	0.16851759446898554	0.4491094444514203	0.33259611927991817	0.002822861270037755	-0.03550020853765196	-0.43316647670038905	0.12701205583529254	0.045052976955554276	0.06893920743534092	-0.3367055308331325	-0.12168346032336501	0.542509852577523	-0.14812466815346334	-0.29783561474822245	-0.2277024489566972	-0.19696982978927294	-0.19086271822685888	0.06213761715571483	-0.25007346758375776	-0.6199829064913461	-0.18560089482492503	0.3039536322077506	-0.17712035161262304	0.2965370753544594	0.5114494776401564	-0.1436304707178872	-0.3295267666816874	-0.07932206429468763	-0.15410370651937602	0.4988624491493026	-0.10997614845454827	0.23554345556466558	0.3126789884248949	-0.14136640716069176	0.09037252327507359
DTXSID1041217	-6.876884524717368	1.4295643753891951	-3.531064085510294	-0.44773641341852943	0.20398797974434427	-2.011934383420405	-1.9238824790297275	-0.9347647477083167	-2.732153287690557	1.594791972285449	-1.9316906331054926	1.350979219910739	-0.4753012947434587	0.8210624282685032	-0.8312770150544894	-0.49028536527522665	0.3861975636913576	-0.12347206785152487	-0.2680563664379774	-0.11303274133598426	-0.36974306521214984	-0.5464003028714948	-0.3261893242241241	0.32589393952124046	-1.3066011730283367	0.595796247307121	-0.5475636323788186	-1.2409797084452137	-0.9199812084881981	-0.8207498307151145	0.9122768637938298	0.014757886819848989	-0.5482457051613145	0.0013920579328511298	0.2652859027470536	0.5786615692671071	0.35843199365611156	0.07982033412102058	0.193758128184709	-0.07924487559573887	-0.08395527243171436	0.9694683747119842	0.005265805613572442	-0.3892403665337268	0.3139203695465864	-0.053482293172623284	-0.3809084961535567	-0.10748308201360592	0.4778386799922499	-0.3352811687923491	-0.11460329457571343	-0.20409917042789674	-0.36304026024695407	0.4188907087212821	0.6386239667345163	-0.4342830405100993	-0.7038634802951282	-0.3579971863667985	-1.2100405917586807	-0.6041650258295279	0.12938441759992256	-0.2661887640265281	-0.387656184518652	-0.34161673440614126	0.3569259340380687	-0.2746814736756567	0.09138336193219831	1.4308083546059154	1.096351589219883	0.0639454698469243	0.4611483773627111	-0.7777949023063789	1.3816281659802025	-0.6739852354771526	-0.7314860330556213	-1.0294116956268293	-1.241725609567312	-0.6487491840191236	-0.059047434660394714	-0.32905156604421604	-0.2891028256491172	-0.7808113393103095	0.14301691968249458	0.4178631144826128	-0.5371477144555337	-0.42826787080587647	-1.0142187357715724	0.13017182815546477	-0.38293576264498114	-0.5279627452441185	-0.5861229728788985	0.6477107980963933	-0.5198849635895422	-0.08784501869490069	-0.12231958302114841	0.270556141591681	1.0878876853549027	-0.6786532771231271	-0.3569090946748358	-0.12858539668508734
DTXSID5045885	-5.0396135905597355	-0.42590876985872533	0.4592408245591716	2.0264437601013743	-2.213687917563168	-2.324487064669142	1.3860309425665869	-0.17759634571442423	-0.17943499272625552	-0.34603711746592597	0.6846306148059941	-0.8223188827877904	0.6782926279598152	-0.47276120410176675	-0.3320121161150274	-0.8439038668412167	0.3260335047269701	-0.5398056046101551	1.22369332927849	0.6612246717427709	-0.24053708492214027	0.8724392697688209	-0.07286227444850167	-0.5380927144256933	1.6112825098035908	0.05202924608359503	0.6707542005528053	0.09779651792157501	-0.27976022949998225	0.10269772213786409	-0.546924471413146	0.03582124087433932	0.6875537112606719	-0.8173911403663867	-0.7560064803096526	0.16751433052153067	0.024300459367265874	0.11895466486694126	-0.0753435392804762	-0.1753678189802612	-0.24816533844789718	-0.6127881563555644	0.08559415734994812	0.3217546325887354	-0.13943834329698482	-0.403597660083453	-0.03095413871613893	-0.17203479966512975	0.0345844042376854	-0.2067301126945884	0.11615898273885711	-0.46446060616698903	0.6581248069305815	-0.026508522958038978	-0.2202704129446857	0.0844031536765185	0.07393964679689691	-1.1788173966228108	0.4770052875341523	0.6477088219983933	0.14697646888673943	-0.3685475713170159	-0.055313436864813464	-0.13142168422400097	0.029206730940914073	-0.15376859370232732	-0.35969933065106474	-0.5079570909147724	0.07704552718622214	-0.08609968260697314	0.718627390408157	-0.14176035628710276	0.26361947262464847	-0.027229315507958433	-0.19559476632167835	0.18608174339410588	0.08084256754863779	-0.8746407656121871	1.0978149631040657	0.4389631401906581	-0.5533489021416288	0.04967444403910383	0.27856498769680044	0.4988951804061568	-0.1967904882525095	-0.0843704600056199	0.7960997205301197	-0.15790629797981312	0.38148685326177006	-0.3976616567455834	-0.048001124147742893	-0.2969936219810471	-0.06655819012608301	-0.46541031883976436	-0.6087534546192748	0.37180126935518043	-0.3046691546972899	0.019106921752351846	-0.046990868794554316	-0.23689564005025962
DTXSID5045178	2.2007055026591287	-1.3466347963233365	6.332347178411547	6.225661230153508	3.1526052972101724	-3.628616378645779	0.4183475625542437	-1.1898384661002024	-2.80443447125135	-0.47140881750403263	2.0356038452601917	-1.1215372051834407	-4.800119356576615	-1.7248582466417464	0.07001005450462389	1.0225264227467925	0.14016176291914523	-0.21098266476490907	-2.3460552167167994	-0.20882739976096462	-0.9945292600961568	-0.9553813272346575	-1.1401424743351123	0.3937926264040641	-0.005939578758767954	1.2250379274441447	1.1727366119280302	0.01859327264235599	-0.36168119523051695	0.06613966233058999	-1.3283931528522643	1.1200439309426915	0.606085336874738	-0.11298502984741703	-0.19156242705055232	-0.07983225215683147	-1.6930203916195616	0.4881054136030215	0.6803105502062016	0.1259436647834574	-0.9387563041538628	-0.005278240332718149	1.0839618607829127	-0.9933396880114947	-0.12366654119129362	0.11582646881708297	0.6406917841781627	1.589094897118154	0.36514566300473483	0.04685281391775214	1.7575909728386423	0.004979283591745744	0.5651185278900318	0.12764371099451347	0.35272742450806743	-0.23361018122919952	1.086674272092405	0.047260458964369804	1.8699014778881853	-0.6677817973535035	-0.15823741166909255	0.8403762785094026	-0.6435598537584906	1.2988737474253018	-0.08567847654702317	0.044659566356258604	0.1405829994548436	-0.1406478511532897	-0.5061985494039725	-0.9854388533891429	-0.6046244290079074	0.31843098797837543	0.0846023412274764	0.3103143898424028	0.06847793454339528	1.1029502616779516	0.7337810029028	-0.13954251774470616	0.3511418024566286	0.17117828391230477	-0.44551840696339123	0.014442324580845252	-0.04298246359773476	-0.142013763755389	-0.3172463733897496	0.3223124373602693	-0.3257084114833485	-0.4715372537341248	-0.08474826528906038	-0.14449295187063352	0.5735899840322232	0.31232869669906	-0.33353367652804866	-0.23252037175706564	-0.05644251126083137	0.5150488927196167	0.3688055639001446	-0.10259820810667204	0.5620415607291407	0.04723497482814363
DTXSID1049306	-4.836856841980545	-1.4267742253582372	0.03961823040678384	-2.725025411029325	-1.8785412458889714	-2.4010724657257194	0.5053743241531496	0.7998253399043928	-1.7907487581123698	0.7293439862493323	-1.7588612830360273	-0.17001652665999456	1.8914344884115526	0.3434857002464627	-1.7092297623517343	0.27328995770716596	1.1172167563670967	0.5785052374773605	0.06627176251099172	0.7373976868976075	-0.14004177869497655	-0.3078920143446426	-0.5298247924758246	-1.4436149194573358	0.6213657429089724	0.9147506204106859	0.19247721635019713	-0.39555469437570506	-0.11717113022043506	-1.0167301290234767	0.43178165733578355	0.4634758347036391	-0.03467480706134227	0.6894079687318606	-0.5132406303355153	0.7828030831990719	-0.47208968714526334	0.5996023982229124	-0.16623568901701544	-0.8253153284734401	-0.196179262163065	0.3572382056538105	0.054042067328429325	-1.3581290962372585	-0.2894809424072888	0.4362260207314447	0.38066661457375656	0.6078491107388586	-0.504929380181372	-0.7887817690600736	0.6284552000418137	0.10387695264070007	-0.03580963468555959	0.45667999265649706	0.3628699080852425	-0.47284465018891053	0.9619787966039612	-0.759314876998794	0.35651626897088917	-0.3611628400008867	0.4213838110628067	-0.9558003648747346	-0.617842887733248	0.28820034907395364	-0.33461757650135837	-0.04694099724586256	0.19355069266717984	-0.3822073029856681	-0.44031713986885335	0.15027519515969678	-0.142883977189823	-0.2625193708459925	0.015951387625919067	0.5340011380546394	-0.5051242376209545	1.3058339473913652	0.12100311842471252	0.009351572891130165	0.4514103449578327	-0.1996218390724142	-0.403107741669525	-0.13045018962931665	-0.48457156497814535	-0.14438100406622803	0.15949704807463386	0.02734250596984779	0.3216866693918622	0.027639631007562223	-0.3459983245017456	-0.23526869165353992	0.027674551096828794	-0.43676734080016494	-0.7220270195896111	0.0906064132075734	-0.14408815060389715	-0.24210341983919995	0.2565799193283368	-0.06503494384339586	0.580742638395155	-0.711901943115041
DTXSID6048967	10.588299936295872	-2.5359822273409214	0.10800631468642105	-4.994653487023182	-2.9321350687135874	5.254638078878725	6.41546549821678	2.6785642596575765	-4.24378895846627	-0.5622956434228323	-2.294406449582267	-3.9381930988226315	-0.4621083398265969	-1.9187243631907709	-0.397732672121306	2.753001362025137	-1.6704861699675981	-4.910286444738884	1.6399884156710138	0.0985206616507588	-4.116958369862702	2.350407266743912	0.11627944973514065	2.1389688200920776	1.1030833080797586	0.6665416946407199	-0.4983050731583587	1.7722258628962215	-2.582083111903776	-1.0922482504560886	-0.7405619581219564	3.302682732971554	1.46335225810935	0.6855337343812059	-2.237643516252754	0.7426531885889708	-0.5643127405545004	-0.5497091911245989	-0.4662634019975706	-0.3123564517906306	-0.2160341692833853	-1.5635238559139024	-0.3158602780723119	-0.6236885565778875	1.2080471622659228	1.1599054222604561	-0.1324070057659897	-0.9768114795057761	-1.5393758778620874	0.11871912559237817	0.46434883170008495	1.333467061528686	-0.11208242843858615	-1.0601585290611695	0.35636791834614	-0.5569074603959279	0.04618217839372574	-2.0618762107280957	-0.10683929854387282	0.9253590117605698	-0.1461911495016284	-0.23824986056691574	0.5331239544763609	-1.023950519798559	0.7630937875666484	-0.519347095867842	0.33709575977993367	-0.05187160578087541	0.16899110823520463	-0.1559229789045016	0.06142058689495327	0.7308081933151457	-0.8279734518459969	-1.1319328675617855	0.3331341447745713	0.23443386845147474	-0.4928803490149662	-0.39222227278995436	1.6570638897877814	0.3951824572920868	-0.18553683602556073	1.2691207280036314	-0.2514198270391939	-0.9305536663512446	-0.04477714922876276	0.03971366821717928	0.6726670721726278	-0.5110702389385254	0.28178863450344976	-0.2809637229916821	0.23667649662427517	1.104450897490152	0.8318089488843811	0.8376385350207544	-1.0163784328862364	0.3139103475187856	0.08978577587179264	-0.6686037032517723	-1.0758611339186235	0.25442512945819634
DTXSID0025234	12.422212118333183	-6.66387409575841	0.0383602171913243	0.35430014813134536	1.2835071693281093	-1.3505403769893447	-4.621796372905435	-0.036435125012262336	-1.9037205844134475	4.926500070236435	4.503818053672307	-2.235910245680508	1.8734322802877816	-1.5049962024845567	1.2708121249820774	0.9472176713469307	-1.676568523141287	-1.9392466560529902	2.3185830264052	4.525155556842766	-2.4714104974491335	1.5902261662950319	1.0749329353917665	-0.7264029672784507	2.1765753068840783	0.104703216054442	4.03589704564909	0.8820636471382005	3.038182652666328	-3.2289615956970636	-0.8145006275547122	-2.1454244098813864	-0.15086867580776017	-2.6903253870832926	0.1566206697210844	1.389257069704786	0.4978675967376295	-2.8461542632870347	1.386780493538364	-4.794440281606695	2.519427939178173	3.5598307583808646	1.7420369304019745	2.7845604442713143	-2.982748999998126	-0.8702377243248438	3.4465484788156595	-1.4276784848449346	-0.6875299853003487	-0.6338155037903913	1.7137124926408478	0.013638953124296187	0.494730666748368	1.515596616239699	1.2855778939638256	2.506285678616792	0.24798533282617716	-1.385176631462634	-2.256300682552262	-0.2296601731413796	-0.7142394463240578	0.8347841457408688	-1.7196333533893084	-1.4822822621011214	3.2238861669642604	-1.6451877316745163	-1.6225845467680682	-2.4856221720916065	2.1502420755697	-0.3544400965459102	0.03392990644957841	-1.8051674715539943	-0.7582052553263652	-1.4561190822723211	-3.1881880904379503	-2.4306797985897033	3.652136766492638	-4.814596661874921	-2.9031205131943874	0.12136651978175389	-2.2110362816379507	-1.5384165877280083	0.04622408596764029	-2.760616723844897	3.206678951098594	1.46658138850463	-2.859206195161331	0.5865255234907262	0.8177732826010669	-0.3056282857470096	1.0618862501985296	-1.4034562364694527	0.18655008085127872	-0.45123539737169427	0.1859169540904599	-0.43025231117328966	-2.1001575413810234	-1.8445120835861804	1.2965050435139776	0.15715057190242582
DTXSID5023378	-4.185173976585139	0.03326465362577496	1.172446086535162	7.097777019379743	0.6481634286618917	-2.5040283599864805	0.22269697418644624	1.211314527864939	-1.3868735832183885	-0.21066116152838096	0.27688993555182073	0.3329361795757025	-1.0941259784195696	0.1346622878098235	-0.7469128205484357	1.037515476385415	0.5486327556091032	-0.4061691658776641	-0.29549616001487095	-0.8323757239525762	-1.0991863328749276	1.222418083359893	-0.01598424669624679	0.5599697290692217	0.24368808373481626	0.587241956477955	-0.22918601430646718	-0.883989117287151	-0.7066858662009202	0.3505311712020826	-0.5406023767337039	0.16966661561142665	1.0094126894046251	-0.8000329110309792	-0.3964535236432383	0.22636725245305167	-1.046156670746077	0.4505842788403738	0.8350988727225558	-0.3792361636786732	-0.32102921344171653	-0.4494934785050081	0.3163278616232926	-0.08739460046856354	-0.139855780348321	-0.12414548549467393	-0.3231030536399712	1.2210326475088942	0.9943894136646135	-0.06174492992556493	0.5090461891074018	-0.21954938402826096	0.3307280807188762	0.27068380375392614	0.07191785453022759	-0.585064947496718	-0.3583386246905035	-0.3851912892624177	1.0973882596043107	0.3558699829157595	-0.25671401401124844	0.7940083403144621	0.25478396931520997	-0.0003059222370356413	-0.13446560890193954	0.12810286063809143	0.8335532712946482	-0.3431732333179367	-0.27988371294291875	0.3999570652810293	-0.6027435883489439	-0.5263143744896047	0.4785965352167617	0.15564689903255416	-0.3277826371269045	0.23808783867467628	0.12869370601093943	-0.9147113935917665	-0.4369967500006461	-0.1039662027112313	-0.4858976374848703	-0.7640100026818821	-0.21780029364557776	0.32332024487688366	-0.2630121030675927	-0.4374312808314982	-0.15342142897000535	0.2800504787223845	0.5607897291651477	0.22737574474069455	0.9245764383331936	0.4913306581572075	0.3165799888259886	0.03737753780058051	-0.4607070621694887	0.42929798653896023	-0.5492614860054122	-0.09494471201139774	-0.17205054931250602	0.20275217534593967
DTXSID7028015	3.199393016693451	-0.7113978017935962	-4.7295544523532325	0.4379812945510714	3.806296567412346	0.7828239541267665	0.6363479182045884	-3.021673822609835	2.9081602061649607	-0.6891793413416354	4.520112501464537	2.212996553002407	0.553239812664805	2.0303595007938635	-0.5107975332258298	0.3344142456426398	-0.023473854670149775	1.2502017559290157	-1.6726687094191905	2.4504992879243135	-1.648346079483767	1.058637559120353	-0.03613682237600495	0.05699898104909775	0.6074080532782602	-1.3580873187500526	-0.28082219358849525	-1.4536291761829818	-0.602515744130543	-0.8838672539615201	0.7625750786094261	0.9239628566400097	-0.8561245666899687	1.0013882399486318	0.09973380576742479	-0.7017452706392333	1.010597109848748	-0.2912111966907067	1.2653168694946992	-0.7133858072592433	0.0056296646289782796	-1.6758802947658762	-0.17120798020740358	-0.7128009491147052	1.146060385657403	-1.066363834846898	-1.4063298747683417	0.9515162174138672	0.10886718456818067	0.7236466691267558	0.25802155849147423	1.4927132665719278	-0.536826334413096	-1.2701585669857913	-1.138835996331979	0.42819935733708053	-0.7105308563014685	0.2569225857403369	-0.10106694381630726	-0.2496945152996806	-0.5352313312255786	-0.4712343773773438	0.30692676952413167	-0.2344433657887021	0.9910409735350557	-0.23761205672592853	1.492982383929204	-0.5839514776365334	0.014090848171781873	1.0022987903633673	-0.4215134573861198	-0.888866292943706	0.9887346787824491	-0.5140142072249572	-0.0873554976037454	-0.39789639261682397	-0.11701701550758993	-0.08012219679455945	1.2318977342195403	-0.7051563758452389	-0.34841196970501653	1.2693360066240338	-0.49257420713517164	-0.7141284294278311	-0.12275617115343673	-0.13390245268504328	0.43372134457960826	-0.011941565592532217	-0.6535808827702672	-0.005460520460864074	-1.1559878193894866	-0.2426929356445565	-0.488276852067233	0.42806336049572163	-0.2834167397457287	-0.005593156138337978	-0.013744790687895322	-0.00708295512446285	0.7168501316840328	1.0984774198613656
DTXSID1047605	-1.0647296629503953	-1.355158680993765	2.542125679248325	-1.9153360441344145	0.918056148971534	1.6830469558209076	0.3837617685202338	-2.3123574430745357	1.3605319900804493	-0.08008449365706967	0.7832333079920479	0.15024880414425382	2.525235240848262	0.29398336254087903	-0.3668746374112183	-0.3914921440077609	-0.08332379049550695	0.8628181151278582	-0.48760696258248315	0.684393924237081	-0.6891292578299468	1.206899191592226	-0.42473429415264385	-0.08127317124857728	1.4202725376475358	-0.2644488452244288	-0.9315224475711916	0.4744155711528407	-0.49123044307212044	0.2503217175339194	-0.49590833408846735	0.13864282634824068	0.14071037374724601	0.6919114620049813	-0.24435889763391716	0.06265175598072187	0.30996719639473813	1.4732187727737875	-0.050486620298986845	-0.1170499846516959	0.40835341683716364	-0.4756868146965877	-0.938736574163002	-0.7622432717679063	-0.02622478879896625	-0.23419138721098334	-0.11714520724801655	-0.39227669682256866	0.01914162360859169	0.9763160702679585	0.2744999696174822	-0.6673833158629655	-0.6310644885531251	0.4403547465274392	0.27884229622500334	-0.15133089283353449	-0.40190720105883504	0.3921564221958309	-0.7036932976344878	-0.32792662346837215	0.755582301045298	-0.26582923197190067	0.6239978843960725	0.2912709011517437	-0.7077802899117855	0.27326802223491026	0.5807873639908694	-0.6594658044449938	-0.3803079646670975	-0.320978840814645	-0.37409575251960797	0.7197997988572983	0.4584950430813963	0.44566264067029027	-0.1936845922320499	-0.14852137396363005	0.20970205406595482	-0.18079877846339176	-0.10102712163327257	0.07335377877008507	-0.14424532432492904	-0.33223802034477123	0.12546206442494837	-0.513696815286268	0.14817470063189572	-0.41773136683355194	0.038360722175476786	0.23160318835426177	0.7232281138211	-0.12136378216580984	0.15254297621903465	0.03185363654880724	-0.5662151727348768	-0.06196897023570712	0.031679836430595666	0.03990318938731105	-0.30122521272405534	0.4094071973525456	0.4273523863915409	0.45989464174428735
DTXSID5023744	3.6095073951148358	-3.876816383179902	0.22800528205307463	2.676908738738421	-1.7829731261612456	1.9250643689880251	-1.446546882242929	0.5672862157021048	-0.6978202828600382	-2.873988038901774	0.026687614331186212	-1.0379468550480433	-4.390677186573439	-3.7653361492413118	-2.1354585210321906	-3.8966553455843367	-2.772087041481927	5.025187893374287	-0.3151910687958075	-2.194233829060668	2.109115836166911	5.5196305751463015	2.1233170431916557	0.0442257221683247	1.6760679895628294	-1.1954018688350345	0.9379012362945739	-2.6257830296164255	-2.3820451733530548	-1.414681391134873	1.6047650081167693	3.0288510801362185	-2.184536253291099	-0.2918210962901625	-0.30495104198580053	0.879664838268116	0.49139012315943037	0.22196599681201107	0.9748493902511896	1.213746416516733	-0.3996228862093417	0.9894628451721469	-0.02868690789167968	-0.07351979877942766	-0.2608921735134591	-1.0417059447778818	-0.3329274239784744	-0.3275758116688896	-0.3132776901639599	0.22163554023832288	0.4253517189585922	-0.13212142745039132	-1.1745788723371622	2.8919881015064917	0.6509452756383359	-0.7696954732492911	1.1149538784612196	0.3833178352385627	-2.0066892339904645	-1.0518258585434095	2.8261884236981527	1.7126423260740775	0.956723842058641	0.30346540486387785	1.4994830445757457	0.440009955759078	-0.43370462539189314	-2.0209523299546843	2.9772715772144487	0.1469196111182777	-0.5915560261334221	-3.2034437047604754	-5.759275991305029	5.1480109502565785	-1.896863519404666	-2.8963264601657546	1.3677220690040153	3.4583936413256793	1.3945434337141274	0.6148484438870279	-0.3985881235467258	0.07267227704007635	-0.9548968005996032	3.624086461105426	-3.610769716969975	-4.242820165923048	-1.0638124767070016	-2.53032428907321	0.23908182022419755	-1.6689166367944717	0.9469083485087672	-1.2864539001312425	-0.26661178071631164	-1.1754191080028262	1.0122294235636713	0.02105824730825689	-1.1882650804848134	-1.5905141817436284	-0.9509976010578713	-0.10622949176724206
DTXSID60380390	2.403575087696206	-7.408301765816176	-8.774826646684453	1.4848940008751237	-3.513454545593586	-1.6596559029824116	-9.612756694933791	-7.735527859559488	-0.12118891831058452	-4.752794549215192	-6.578667590313527	13.459215845848005	-5.279621984348246	-4.9752700138919606	2.461512759829191	-3.762369509098849	-3.6181802084574515	-7.214152777146532	0.4407774369810775	4.620994158817898	-3.207782996649464	-1.4148232944335146	-3.3044425126767525	0.10772455106440107	-1.7036299178718126	5.681960539554448	2.3108449539477194	2.587851996765133	-4.102142709808384	-1.248242897861778	0.29384329002089776	0.00010587021007730459	-1.448449861861278	2.1485482514075707	-1.2531791443477023	1.0119996380110772	3.409099989491969	2.1753825694484403	-0.47090346642611114	2.796867034265915	-2.6392449719951707	2.0538675841264946	-0.11829735749295314	-1.346850163656676	0.30398110486335717	0.9128465395714471	-0.9842492465267854	0.9559536322310258	1.0797090683171238	-1.1722702849333888	-3.6844005163717677	-1.5640513696124754	2.8093284493075097	-0.5934994700620249	1.3040641724692674	-0.4146222421768353	-0.31276027918120786	2.4234680783329923	-1.1306946277090422	-0.3627710282707439	0.1447024623919852	0.8508807205887632	0.6143752408933946	0.07114900925656988	-0.06726337909890612	1.5988325108692345	-0.6107869264276539	2.7538250912675784	-1.2694616577557192	0.9058596206631135	-1.706446573702721	-0.6916377413775572	-1.352580887849952	-0.987457617624614	-3.2067410788399733	0.10542969472558095	0.5089885725023094	-1.2222638667192887	0.4961251616904681	-0.27856129400713225	2.5684572640464682	0.34579732260120505	-0.7939373108675324	-1.5568528334719978	1.2001591811808996	-0.8264799029617778	-2.520850074888903	0.7403657625314107	-0.5243074847157756	0.4754225856244419	-0.25458377135504223	1.6549335369985785	0.23051840212895122	1.034328439772746	-2.197343302012595	-0.2835623215534381	-3.367241918265052	-0.608990537646664	1.0279038482059177	-1.0125262999942501
DTXSID9044407	-5.5707979428088255	-0.06020250940781943	-0.7125777175518634	3.7405040747951	-2.3313211376799603	3.5980589133362284	-1.1341323970502017	2.6367785661544203	0.11758591884585796	-0.9409963913687023	-0.37784690357488787	1.866454566414943	0.5945777864429876	2.2599911672844355	-0.4797697284529428	0.38865752030408346	-1.4604773168362526	0.35798546403083786	-0.3776504679194046	-1.9489126874291025	-0.35707629734747615	1.40771398598292	0.1274499716047865	0.49457870393988324	-0.7167007846017531	-2.1625663061026903	0.752053304492495	-0.6429865499540159	-1.4146468101337029	0.8596392390278496	-0.9793827078351809	-1.5088911522178772	2.41567452311778	-0.2587474161827031	-0.263191322125281	-2.0088363929874173	1.3181331724792913	0.6353053551561583	-0.7347559002328621	-0.2386976240686961	-0.7878847044515764	-0.08412725464465598	-0.9783482322659364	2.093066791739504	-1.7566998645080212	-0.48925714897552686	2.3316428281600143	-0.41621848357914554	1.0136742748582082	0.11435191211163082	0.8492902748172843	2.5158237900287386	-0.12346983570477724	-1.3569761404633642	1.8471020661677358	1.6513642292087403	0.4742333716100143	-0.7504162689695292	-0.2763431132342353	-0.995014232418181	1.3470058238435945	-1.9265665440159978	-1.4435435049197767	0.3057281101865788	-0.3243683340011625	0.0024844898414203877	0.3369608410344658	0.05145732971819741	-0.8745456367690868	-0.6553042866749241	-0.061613008836543734	-0.03224402799231438	-0.20471149082058368	0.7151844994992609	0.2114423163066502	0.01992316227582388	-0.22904572037803153	0.2505414056091782	-0.12260624770726175	-0.36032039653967357	0.6225605837678319	0.11386363588922561	0.025700037854350526	0.0895591896982339	-0.43285885729389056	-0.37299519914945706	0.44882088408522625	0.07068574811794523	0.3445931067395262	-0.2079809437777407	0.42498086661981915	0.17920435323279904	0.14875475638078886	-0.15996802345125907	0.251370661696571	-0.3947893274479423	-0.34768978985900273	-0.3120595636978897	0.16938818640616288	0.18309622240717158
DTXSID5045413	3.8651773100771925	-0.5340192124898446	1.676783028028762	-5.621911534130892	1.5693521435535134	2.159127548731793	2.4900594765007744	0.033908560814254037	-2.1939256045897166	1.959505469342807	-1.7969807529515995	-1.9671334918064218	0.20453257662337967	0.4676235760347354	-0.2229949910448226	2.8944173978601366	-1.3330803273143672	-2.984774017885609	-0.30218771506229836	0.08507577688121107	-3.5574825203375156	1.310999933599186	0.10688364455583595	2.352672207879212	-0.1428212551445809	0.4489786517570413	-1.3835837393487291	0.5326290197242746	-2.638629816580438	-0.8318120351891916	1.4090925111593349	3.189171844914994	0.27786758427968783	-0.6773722413233261	-2.1725671173203147	0.5708932898017011	0.8725416908345104	-0.36702018381809315	0.7521509799016707	0.08529318293404742	-0.32690719786714006	-0.8454490654579471	-0.4869571342853124	0.9576290649891137	1.5019571248630776	0.5114156445174126	1.3953642980660013	-1.0754919491717456	0.013903569727656988	-0.6034203424054996	-0.9974714642010211	0.7267515481353335	0.4280988625947768	0.4698293073586682	0.2504847655255199	0.12366394503996249	-0.45383903866658193	0.0698559841933676	-0.6358522627108067	0.677350759135847	-0.2129505079191951	1.7746873111028898	0.8783367675749966	0.6370972386520619	1.1581217828598074	-0.43579435145703044	0.21747499389604835	-0.8479777912850179	-0.1808902093243655	0.3833334687746293	0.3078965803624853	0.2066760396236881	0.47088934542605826	1.2950557602648527	0.5054330519881433	0.8224221381665512	0.00029442282621657846	-0.7265260916985412	0.5926787083148201	-0.48416358727950776	-0.05044227146589805	-0.1770131356711194	0.9280242951719857	-0.7173031718332014	-1.442486040877386	0.46152553490434983	0.01644454589342686	0.816017016466003	-0.6525433483500094	0.33790940593943825	-1.1091091992859332	-0.8489014818315608	-0.23908795409575437	0.22475422894947725	-0.2588850407970387	-0.3872522468794833	-0.7296844867556342	-0.12488570790102287	-0.21252953450170695	-0.06964403856305468
DTXSID0022721	9.832984792539019	10.068548282713646	3.22436203885918	-2.361477673437675	1.9171636012402713	-0.16314664151405	-1.9927678083029863	1.27553477051969	0.1347736649566618	-1.1345852718860927	-1.8442945925576668	0.5414425129407028	-2.015222696702927	0.0017094002195249328	0.9061754588666134	-0.18421796577496033	0.3636493691883037	0.5706868252626519	0.4357951391642282	-0.7230510920691227	0.48456549117058584	0.9909535670048764	-0.4587726020101669	1.677206259220451	-1.5422920644128864	1.0591041877667215	-1.3725992588286877	-0.36465461334840543	-0.09299563901583527	1.6983007959789327	-0.13699161697958231	0.5596044773383048	0.341286305106168	-1.9936685452679754	0.9202343115486042	-0.8425966713223274	-0.5076493439261864	-0.747224517071823	0.497002297992631	-1.0468828721783303	0.13764556298172972	-1.1753795633893567	-0.2955617295930059	0.8274415451701879	0.22840304705236483	-0.33350052558590276	-0.27289172306658366	0.6713437342459998	0.49146105634480614	1.6462049676792039	0.05052497406776792	-1.7103890932657617	-0.7668580242636864	-0.7489271824280461	1.0824131682193066	-1.2973495983527272	-0.5895243439220743	-0.09497938783028692	0.8369940784141121	1.0269943526753469	0.2536713635109339	-0.2457273438140919	-1.2597595321088983	-0.3927786586814923	-0.6613646467081646	0.052228587599082756	0.2751045284582514	0.25363320924601457	0.25334497681268614	0.6960525853787143	-0.06670505984521342	0.25158307054916396	0.4615517058148503	0.18955141383555857	0.8469037668856524	-0.4223638210070809	0.6346009715003508	-0.53529820795844	0.533040589652685	0.32522840275987586	0.7023798781330641	-1.2426007534790573	0.023319269220653912	-0.5016133048753755	0.057124009455831286	-0.924729532220069	0.5376062336572263	-1.3075750503640526	0.380300814006045	0.2716254226260645	-0.4681548390200355	0.3410076915962476	-0.180278567994485	-0.09328720988143004	0.16174141840003664	0.3595454997191733	0.47369928044577386	-0.3556249261844252	-0.5459801822148577	-0.3310356866454137
DTXSID7045942	7.497547752654759	1.9496535338192345	-4.640932258444508	-3.8479482237786278	13.433259613314549	0.9214238593831311	-0.24529613680946075	-2.8257537333245417	3.7546819603919492	0.20847418834242562	-3.8074131203921406	2.107204312217622	-1.5267584271215684	-3.6092988441778453	-0.9065747311125177	5.3952229026041945	1.9011566318990456	-0.7409507418467829	2.9027985844861375	-5.067108728930878	2.502519545267898	-1.4819699922614369	1.249304134456806	1.154434530931459	1.4957511979916944	-2.348857976091695	2.257359368919864	-3.7070914859422617	1.9278156411771903	0.12534469283685234	-2.5486947661534565	0.04486262594502327	0.9792939118782811	-0.41724416978137546	-2.2128430606203833	-2.70530865839337	2.0378446540350423	-0.04905469420814595	0.4232465311343288	0.9583845390959498	-0.7978364028335331	-0.8691998592934932	0.2116462160611707	0.5500581941309689	-0.22107422433875623	-0.2613327222535163	-0.014710254321457823	0.8053915549640697	-0.39069587234814074	-2.02355187349098	0.7227191170337685	-2.3702977709017325	0.9492690853980814	4.648351763415786	-1.4163334280902542	1.4632453699530084	0.4770720220615708	-0.4430040374494441	-0.4557961784172977	1.6187856473302178	1.146290296220097	-2.090838728586518	1.9556474701630564	2.0168464666856676	-1.2781108003379669	0.7196384701288195	0.7099474123353873	1.1081786038748314	0.1093877541780438	0.8003406120816248	-0.4704715493321438	1.0931862484610124	-0.10232706402249521	-2.5784037509744526	-1.790958528986998	-0.15913810231694786	-0.09702587794589028	1.3656464462719573	1.5617141930068799	0.09100088406146999	-0.04309556153211615	1.2797279484211945	-0.6402496133236605	0.865401280254097	-0.3725092246442945	0.27356600043306034	0.8808738706191205	1.147317439727978	-0.487328025044832	0.47783421390193964	0.1143887022445475	-0.7393572560613608	0.22801205924805606	0.08407041120753558	1.6290050717295852	0.1565563982523696	0.32287567627439706	0.45104418774861527	-0.45663525390828974	-0.5458209864948969
DTXSID8029606	-8.714753376674658	3.6099211082796145	-2.2950720387004138	1.3888021765763119	-0.03201684054550684	0.7237863501312758	0.7893730926049978	-2.0314333715057615	0.6796394629181953	-0.700554132868554	-0.16134166376901557	0.7928912711718658	1.9416266460902025	0.7212313967159157	0.5261013945911484	-0.38552426240449944	-1.1100780556973602	1.0688015544684208	0.9863924112287511	0.6115047371469597	-0.537891979097366	0.47055771189789297	-2.008718727385037	-0.5335006601057225	1.1784971551740808	-0.18998209196758875	0.4023735797268221	0.8061809270288323	-0.6521844076596317	2.8016898236882115	2.3943649429060874	3.3747701727142756	1.4861613513590934	-2.701524511884825	0.3027975733442122	-2.7748059748751506	0.4838746976812228	-3.5860137888198556	-4.161956293732837	-2.1199789633414072	-1.961433057566863	3.6561831582050237	2.1497284818840487	-3.1987743978637764	-1.7167606287485506	3.326641489830639	-3.810078912825423	-1.2995689262166863	1.6426397108159412	2.150933610348962	-0.9786047099782232	1.7443786961866212	-0.03982562842012769	1.8597506171063418	-0.7408653110754791	0.7059164910371609	0.8914811903965907	-1.0166732572213715	-0.5278258811548776	-1.345677954611694	-1.5121673552998007	0.0886719403456735	0.3040299346766938	0.46086311385835016	0.07737441771674833	0.4565935619024177	0.47009335980820605	0.16438673060390968	-0.1048482570300433	0.14383882311495996	-0.6235724159529996	0.08310920000184223	0.1870577949981852	-0.020821227740178753	-0.17621740477211542	-0.18318054679246265	0.377720777884936	-0.11192296713687563	-0.5171174484932214	-0.13063462955052424	-0.2593479275487183	-0.14330696368884738	0.10219847413112466	-0.2548655274942806	-0.535565238940453	-0.09617662125784819	0.38235241718852087	-0.12502888238126655	0.19745268480288145	0.2610720975012929	-0.20158189286309514	-0.14918424732200564	-0.12467831708579033	-0.12403474461633886	0.355816815354185	-0.050159682403235914	0.41776889731698325	0.3224948034560184	-0.31177477753791616	0.072822645678666
DTXSID8023713	2.5599187356525475	-2.1725094903447086	-3.0884784560958356	1.2594393935458335	0.538020706273664	2.7166113397453038	4.688272725504963	1.5825962679645489	1.631168284802288	2.372353781886935	6.114055531610195	0.19250216360674294	-0.788399231531793	1.1715563219853435	-0.40712164266273293	1.0030627579285964	3.6108386773455807	-5.626392885329765	0.5507665092065658	-1.615255761826405	-1.3613574845054677	-1.0883232056146526	6.442544297835974	-3.2071510669082715	-0.5923080411977528	4.397088068771319	3.161873958101397	-0.9763307727028893	-2.435202111375817	1.8800865305684933	5.304473657296445	-1.2082172439407386	-0.02743871220477954	1.9542805922467845	4.5196822264725	1.9838918887336032	-1.9176807572080317	0.467287440412422	-1.1572388978639003	2.0433774374390214	-2.0378292803407057	-0.8310986010099083	-0.10031327321797921	-0.3288339625777423	-5.000691585259207	-0.8952547566415205	0.30848740202584035	0.1354053036166893	-0.5388017221309854	2.731940532330553	0.5476838652233136	0.8715667729741956	0.016178511627928886	1.9008692675722048	0.12351001526465902	-0.5343147612128527	1.0114265465408088	2.197059359420145	-0.7363281779036535	1.6704815186807684	0.341949187989195	-0.1485999855366814	0.15070902681142226	0.803099709692326	-0.5521878307939143	-0.25844852972180443	-0.7436368003276576	0.9715789567743978	-0.5706916776390529	1.3983749451576295	-0.38161837876612703	-0.00042342865434529176	0.14594413478825616	-0.7542587411559956	-0.47611989109198033	0.5370906645001715	-0.23503836290976188	-0.28243265899757836	0.404363120246185	-0.6237428332829672	-0.7041669489143833	-0.07883078139175125	0.2187280149254992	0.4688855697593986	0.03010918693116178	-0.21679286557337032	0.4006725345635621	0.5657129322437587	-0.49162198860431267	0.40289504903333406	0.29368544675923147	0.2714726843012811	0.058906355030111136	-0.031229109351430907	0.5168076716656577	0.0485818413003714	-0.5489312366203734	-0.5100510478523048	-0.058115086139755676	0.04203343938977017
DTXSID1022681	5.104525408628599	-4.046833651038664	2.558101114216421	-1.6836698942629176	0.47325926790929695	0.7349267621389923	1.1777559876427153	-1.4563197882747123	2.353499222634033	-0.5334167342881533	1.967993874636216	-0.3572072298524088	1.6987090166593382	0.7812580571223043	-0.6913026033708763	1.0290652811685155	0.46179098014861375	1.6140024615734465	-1.0230611956383042	0.6427495831577962	-0.27030157964476265	0.188089659507459	-1.9521716623845333	-1.6938554178612821	3.6704902062779934	0.5104357199930402	1.4769298745252308	0.6490670469173898	-0.0506722893046393	-1.7092488330693794	-1.4056309901688684	0.7432529471717926	0.2287171682365947	-0.15761289371548234	0.8063310100948607	-0.4611628631796009	0.7376099484701669	0.6632538337736411	-0.4912122736648141	0.14008266517297724	1.4994837683022562	0.8214001685846891	-2.273911189912289	1.5097847080155817	-0.46511218390945935	1.1743393532213544	-1.1077076915311816	2.1648965915824063	0.9195527000940634	2.062293572099898	0.6161014508895508	1.003859614092047	-2.1070867988554705	-2.8433587314909423	-1.3781649462486154	1.8661479766319717	-0.01228777767150482	2.0968626028398276	-2.6372638951384584	0.7772694243732049	-0.3092575282732238	0.8082780156044814	-1.3087755359817794	0.04282409762814579	-0.12497079429883744	-0.5284012495985133	-0.15583318021491754	-0.40973415183618717	0.9405694567374425	0.5766303505219692	-0.7152399585736499	1.9311339158771703	0.3605881824228239	-0.2877069254251461	-1.082152338034704	-0.7594020901770804	-0.7507273409108477	-0.36129131934637904	-0.21556350422783288	-0.548401640083021	0.41213549497747587	-0.8442855992560178	0.5864630630973631	0.011026898802838225	-0.265967646622755	1.3371356961910608	0.612908934557236	-0.3841984889154365	0.22092327639042567	-0.03131586598575071	0.9890903748260873	0.6000742308868048	-0.9069977483118292	0.0027316458953311183	-0.3349519239060424	-0.8037951142818511	0.5325264325500443	-0.285257150487423	-0.34787899857964755	-0.2954081672143437
DTXSID4047389	13.915977105459373	-3.928414650609225	-0.355929744586935	2.5168096924018952	2.864031759064598	0.2297054730715882	-1.8133809311212261	2.260081099272326	0.45613922615574903	-3.120793486880847	2.0473699687189084	-0.6978363805458719	-4.881141177365059	-3.953369586196953	-1.7058124083942976	-3.2235850356116873	-0.15467414843995403	2.807964779903482	-1.2230227059587984	-1.8124353368690929	1.6221268468339045	6.4034163137428015	2.6284659868679117	0.6095452416654102	3.588718095731496	-0.44201889383541665	-0.1447964875269194	-1.678511111661639	-3.007269117588986	-0.54835549079204	2.1824416686355845	3.0690690133946905	-0.669167026731324	0.7907713982975629	-0.023188850074811907	-0.5341363199278742	1.8541477661360237	-1.4478830070514839	3.0898540550475535	0.10610896519799815	-0.1932304661027283	0.31489997147437965	0.3568744408583104	-1.5570442527233246	-0.3100890783243198	-1.8512612712331016	-0.9523815212873731	-0.250995390883706	-0.8754387835965861	0.33528058241408387	0.3056961116371281	-1.1627437131512854	-2.627327608537852	1.1910958018106699	-1.0000843112189652	0.2615201104594238	-0.32469705428859336	0.031073489212238254	-1.9631297763127995	-0.1025142849771185	3.029812132729861	2.7543056431780717	1.0459964529220522	-0.7727358112287905	2.962680581513083	0.1758570557300303	-0.46623476017802495	-3.2882521813911634	3.084369569291309	1.7442182845455607	-1.6829949540027014	-2.0077441446699154	-4.957289305716522	4.288129349248743	-1.9561857532767348	-3.048275756755292	2.2494156071181854	3.3274541644159674	-0.6797141467608342	-0.5241817075266482	1.065879572297932	-1.0764464264605325	0.48507241120886385	2.8147147519464335	-4.7180319099560135	-5.698408790148723	-1.259139347366283	-2.3864907211677595	0.9686028738742406	-1.2342525295469484	1.604956700367157	-0.17603548893768625	0.07402972698642953	-0.877157688603918	1.174004504793519	-0.9409037240264382	-0.8020842098310113	-1.6053170799486094	0.3154589453971888	0.27458774172917366
DTXSID7024956	-1.886025543953075	1.1850006543816667	0.6035721229920433	-1.0161212953226786	2.3023226653103497	2.4335351839907773	-0.12694946805744411	2.102825680227505	-0.783767947963022	-1.147081759518299	-0.4457068003475922	0.9427503799159576	-0.4444639030081282	-0.9848974480510355	0.36048594008176355	-0.3659437757618535	-0.3534469834501102	1.6307979949864877	-0.6449149668465692	0.3775956747244942	-0.015937763478825934	-1.447337265358853	-0.4896954559705537	0.22493952428504949	-1.727553004574734	0.8266916371465469	0.5473125474270765	0.6620434467286412	-0.5272412418438279	0.9473633045123225	-0.092863464591196	-0.5135153423152681	-1.0722848569551828	0.4322742557795541	0.5270539941287942	-0.1464490750609816	0.17578336426945193	-0.5533289807947409	1.3637479015237397	-0.08547732220260819	-0.4804106943809929	-0.8782892875501298	-0.15297008013639718	-0.5630601699475971	0.8349636834036279	-0.4933646878047877	0.012407089520647287	0.24815250391347135	0.32526950770922314	-0.43313060745753945	0.18114453359210253	0.6881086039332663	-0.16001422886967723	-0.4237377087626174	-0.9049481861133355	0.7088309944000758	-0.5378988706460457	-0.27226492427423243	0.24563905127016994	-0.8996766715040172	-1.6145016288877785	-0.30852186934629605	0.3348278029362306	1.153615944039397	2.8833763831751344	-0.21168956106126183	0.8274746534782517	-1.1867171853723408	0.5500593153739464	1.8730102790384107	0.7125429679737658	-0.09777245795428159	1.2543655949331796	0.38516122726617097	0.2842415656620457	-0.37691411313054457	0.3011935007805109	0.2793161934671607	0.9017369360947769	0.5229429433870019	0.7104825327238063	0.3640781832606571	0.28422195291044144	-0.17426484093647462	0.1526350161546181	0.08742882123017502	-0.27270159853041964	0.7112547906796501	-0.2782723851088581	0.3454067851565904	0.18612786782227334	-0.3801616043758661	0.3978858677595227	0.8777752429457737	-1.0200720828698597	0.47057546427441377	0.35293605985448695	-0.383448924738759	0.148268419208285	0.1309299179231175
DTXSID2022543	-6.228853287827445	0.3946351318023347	-0.7705523030833845	1.3467918045993437	-1.5712698253274773	2.352971303054106	0.6990897489319043	-0.5118470170709195	-0.25126248675147755	-0.8438363923787243	0.446769303771198	-0.2647410457002657	1.8749449981189075	-0.5929062785155389	0.10435647695061553	-0.02328221610065904	-0.45820972595723886	0.9471236557262754	0.1783748934420661	-0.5800068286677974	0.3346824083684041	-0.6664860573837136	-0.43542130242793475	-0.46621804057903166	-0.3908844500867727	-0.021954509841053342	0.030362990303422523	0.5035910643800224	-0.9926865094481134	0.452977572492908	-0.3607266748917662	0.0276202099975063	-0.9519494300682608	-0.1252068438709764	-0.7052833171170262	0.10917513620119092	0.5823189402785881	1.2327828565102297	0.017055070177763774	0.05434599806776168	0.3811208243800374	0.6321605399871035	-0.743050027456143	-0.09187294271226627	0.052224662545223136	-0.24770438468181652	0.15129737454850326	0.11856676173859101	0.7159736486541692	0.6528696019123754	-0.5609926270008456	-0.3710797764682311	-0.6952485206444311	0.9521518583833674	0.13844940622742302	-0.07416374945023037	-0.7916213315555861	-0.37375167691198063	0.10879333837947346	-0.0811971240793658	-0.07143207011506351	-0.40284721690918296	0.7845516084893597	-0.1626937790646551	0.15972158147577759	-0.4620416427422342	-0.1776977491199187	-0.3696519741727155	0.5696362680521299	0.6332094707028493	0.5305836167159718	0.1756073659979951	-0.10092592485960077	0.5938575189673566	0.20225709283274892	0.11627041369539477	0.05041553212941134	0.1301702859657382	-0.38404780583890696	0.2835710068275221	-0.24816874098589461	0.06438442813360198	-0.24868709395177102	-0.511951750940807	0.29685693198678365	-0.10149948845482704	0.024244639993710865	-0.48340489516459717	0.6381510614309792	-0.09872707432154088	-0.0630812889328128	0.4101248104301952	-0.18772729477805183	0.2193155473001743	-0.040077068152498806	0.2232623747034605	0.011592872487543817	0.1574059333489713	0.22586884847357636	0.13038173584388388
DTXSID20179883	5.068579144041545	-9.68142514805545	-9.992512631542157	3.4157557758752404	-2.3591352874998734	-1.5083563499681314	-9.999805089340741	-10.041752159380007	-1.285392049736946	-4.972803757418621	-9.371966797164125	15.66114350904177	-4.788204440569668	-3.856865734177089	1.3440540597965525	-4.251632734141363	-3.403776727299111	-6.581097149565196	-0.36838690215197983	4.645879100517896	-4.62511537830809	-0.6979912521275956	-3.8047680043697416	2.0058881120207537	-2.0247119757273997	6.749408008498286	2.3569002675971698	2.924193130554843	-5.071024582295588	-2.104885814524853	0.0515773623540441	-1.2942432771088155	-3.109109873195694	1.3101511055907573	-2.200577668331817	0.774513818089833	2.8772616413834773	1.7591897829401575	-2.1272611025230566	2.5382824516043865	-3.4439370393978996	1.4050520907322597	0.21692278504354365	-0.7820010298679123	0.13154864359295218	0.16690198400452008	-1.0535660788454995	0.7241095593637941	1.4950886522348799	-1.1976026097409935	-3.8197293866336244	-1.2685183161629123	3.1629234222821854	0.5051225939594481	1.2171027836987487	-1.3458101414178605	-0.7672774561621026	2.898765893568986	-1.5476524017174975	-0.30802346591499297	-0.16862818629936335	-0.5311750239735793	-1.7586427991194173	0.8900656923458978	-1.3540197692826819	0.32854238548096226	-0.9425374173232192	1.9551518458464758	-1.7760225528708888	2.3459081270105946	-0.5963996228438758	0.7174653594828169	-4.662241070892787	-1.1618966460779827	-0.8487080150078133	-2.276923617960403	1.4549050299651898	0.30192954213743445	1.3830157899732038	0.35464429957322113	2.775206373686696	0.6551492238245553	0.17653820566961734	-1.1473175338490058	2.0351084272068682	-1.5860032445274956	-2.9325291619233975	3.7965313896252457	0.008204735544015115	0.29346950843661285	-2.830324644892153	4.477428133398727	2.2677182158387694	2.4812367511374345	-6.184919188276487	-0.2707845271011182	-3.8873100062211257	-2.973709671192976	1.9428757310004592	-2.7109511021337322
DTXSID9021978	-7.463329162350597	4.390337879723579	-2.8221025976512024	0.6541607160986931	0.0692042050975221	0.3082759377797434	1.2398082939687014	-1.947233770362976	0.8112235927959253	-1.0556790904828504	0.44177737815832824	0.8417622103963031	1.3291604428723178	0.873568845347957	1.0566650606832562	-0.1842680685007696	-0.7921260717226513	1.2178764514143585	1.1270347379184085	0.5350789399088306	-0.5183715020370699	0.7999143040808738	-2.2949207340225586	0.06687985389717059	1.0718578947845272	-0.5486061221887324	0.3693966283580349	0.5498411114243446	-1.1132061274986111	2.604659657858317	2.1807843636401465	2.647512912845699	1.2119329047439882	-2.5250679016105555	0.2783656189583681	-2.521349783228306	0.7437064432362346	-3.1149027191383682	-3.7661444454041058	-1.9040637694856302	-2.125103791200992	2.78292148262146	1.9491247784022168	-2.829713143575991	-1.6851338932426447	2.9215436559070787	-4.039192323642789	-1.3397648269544593	2.057504763890264	1.8589278357932095	-1.0776602245268152	2.0602867198649584	0.1879185075544981	2.490395771766357	-1.4254684300278244	1.2753120059694019	1.0738654665676732	-2.0373466971911	-0.2375045802149502	-2.21486138752311	-2.6888983571363587	0.02723896918809897	0.43757346142248044	1.0388969419127652	0.212876179335994	0.7024575807184891	0.1580620610789106	0.1310892323802789	-0.14059106925932172	-0.4276909905165098	-0.3955361625867452	-1.001049033868834	0.41863136279946733	0.3158087501648087	-0.3236736615223201	-0.20973059798032684	0.5627543543247646	-0.3678879366474931	-0.23526824803300178	-0.046278700110167784	-0.3453156619475946	-0.10404525422650202	0.5892347486632719	-0.4474615519868472	-0.4669901650595924	-0.5047502960723252	0.6084331808182116	0.2721631990866272	-0.28517224245065076	0.8627013838791326	0.07853580637015575	-0.13664750053235333	0.35467238456764816	-0.11910627359509063	0.006592449698240303	0.28381134580493916	-0.27666463174814704	0.10012816983673567	-0.2679372389677071	0.1277888641214293
DTXSID3048813	6.827233695684628	-5.405517827794787	0.9372688553337304	0.656758574104396	-0.21221276845484888	-2.8396776697756136	1.4325187096459697	4.869928085136025	1.1775287058684263	-2.407574534673781	2.622014571407683	0.5759925610424123	1.0030940905096566	-0.6163320148696975	3.7548574037354423	0.2612863471310233	3.355965265865323	2.486259436797342	2.522571256636284	-2.347599708338735	-5.427814762429981	-6.138227409090689	7.109252342592504	3.307241192829534	7.758808189540794	1.3032454804565534	0.15153893675659852	0.9170673589732314	-1.7677014848571655	1.947119469056932	0.049082196245685196	-0.1650645226371061	1.206664861712751	-1.4306171149560714	0.9169302349014248	0.37070625113583705	-0.7519837213625037	0.008560628465567564	0.9736714129263464	0.2643509664102342	2.3385383666345483	1.0888806340997133	-2.260505119502228	2.5267163183741737	-1.0308271199788792	0.6730561330937863	-2.780189490976452	2.987529910678474	2.8075260054595206	-0.4721936599777126	0.7446715142182176	1.481097608867143	-4.038435395807081	-2.8478550213347584	-1.9585029830474785	-0.14160211566691047	1.4537644415037319	1.7429565463344967	-0.3188617747828873	-0.2753533951137238	-0.4624655781344028	-0.0326222814408709	-0.2579451866416375	1.9514861480091745	1.00409366054854	0.3930881636055776	0.42089336580769143	0.8783520835546005	0.9132974561272689	1.023965867118772	0.24988816227935487	0.3023115815318183	0.3591123931319456	0.08263127867053399	-0.1308080388129932	-0.7884908519522451	0.30023598791635053	-0.22944739115698953	-0.7521756001154515	-0.7065724367201309	-0.011073360609643325	-0.9098004798262066	-0.3338496984761821	-0.6894290034656688	-0.7605864399382145	-0.6261453673871964	-0.46918111784076527	0.599823833683495	-0.6670213170639133	-1.5390257413396413	0.9918069481182228	0.6603467843590695	0.6947937083359972	0.6732233165600083	-0.22982449048026604	-0.8685198729554241	0.5354064657581306	0.38470682991795935	-0.040183553888976285	1.2926547327966909
DTXSID8046296	12.42594225609156	-4.460280073776999	2.150416776840812	-1.2482221041645132	-0.796667673446668	4.140643166153487	8.220814212209389	3.2353510424910477	-0.3864745280078784	5.734751353217876	0.3832791509537559	1.7868908796872771	1.6506054075529857	-1.1141125767652376	-0.23517888581659185	-0.12186436409473696	-3.0389298001160037	-0.7355321868714255	2.2538143253037	0.0032397627195350155	1.161993450137707	-2.438864602271531	0.05849593517978892	-2.0840471069305613	0.3196260338145153	0.3074353047963283	0.03215940641505597	0.8127316305115433	-1.5870841235805027	1.1631031539402346	-0.73912880912002	0.5381340918078094	-2.3029387735985454	0.9461553186560524	-0.2264684327222828	0.7699568283646975	0.4854806878334949	3.135256891149755	-1.0249947821450944	0.4906627288841234	0.060089922257749825	2.954579545869944	-0.08030802942869825	-1.7226780145719744	-0.16448914571506476	1.4647022582625142	0.20720407472934832	0.5556043108789915	0.5887911430668287	-0.11836171238290671	-0.4992335307838013	-1.1620975375458882	-1.0047723181755446	0.34526139941571515	2.189260576607574	1.3120430760359372	0.9327785224711165	-1.489469987865285	2.1754115945107397	-0.3752083773845249	1.7969771675782757	-0.6308704749220919	-0.14468493140370126	-1.8007160087846716	1.196352038149542	-3.4400237814154946	0.5641816088795317	-1.8688563664583917	1.0790968988222547	-1.8231717778296748	1.2434486110590286	-1.7967120197662005	-1.4479914575726125	-0.07462079791095926	0.6138493683807533	-0.9876810493820343	-0.8948945709181605	1.194396602165038	-0.000604840752842619	-1.7176920867537309	1.8201208778848081	-1.8112309472022032	1.6177886326998425	-4.991191008503205	-1.6771832465952523	3.4803000766484073	-0.385123200363341	-2.494535012074496	2.1228001355353805	-1.5239735570904211	1.6949738114257622	-0.9907560671951076	0.6835512248322057	0.2131514463694423	0.5676686771281948	2.6637752306017575	-0.8698751809364622	0.1321697016672369	-1.165172297596376	1.5032976149350914
DTXSID2025478	-7.496969466842876	2.9743197721716124	-3.5131442959727126	1.7492007036018433	0.3096102111689585	0.358989940664816	0.9123217873396264	-1.7628902005646772	0.9052969491209322	-0.12782128555315858	1.1340865440591499	0.9127689223952266	1.2626973540573678	0.7349038312126682	0.037584823572249994	-0.6939088313354487	-0.6259658358478442	0.5176626767732495	0.08233247315374893	0.8420647884296492	-1.0612961836425154	0.316479559383263	-0.30446763710875574	-0.46664196314284107	0.3705029018465453	-0.05620928583214895	0.5945554334983754	-0.2232984155114946	-0.2425232062960708	-1.1199337968333798	0.218737574707004	0.39329473709093327	-0.14080645819619825	0.30606078808743375	-0.08373609090783583	-0.23371858196350784	0.5657526936560106	0.5364097119738007	-5.944374475361143e-05	-0.38331788865029853	0.281515569190362	-0.14757524544178713	-0.2553493667403274	-0.3108859487591787	0.5570280283574084	-0.3984046753005519	-0.17242220141491732	0.15459498871319113	0.11174942104470068	0.5458831630038783	-0.2398445218215683	0.020631842547583858	-0.2295368699221649	-0.4263352830059918	-0.17696314957277354	-0.43182467115888723	-0.6832374265891641	-0.6134145438367424	-0.8482325205625224	0.23559685727042848	-0.26909417652526185	0.05854716125732442	-0.0586688830110691	-0.22701837243016268	-0.06496187517565945	-0.3860557405030012	-0.23719240486997598	-0.2781817945350988	0.2620396129086652	0.6957562485125888	-0.9547288847165536	0.1886693560728752	0.5009746924768479	-0.0632075184091004	-0.5261682523979251	0.07693714894367301	-0.1346319749961877	0.18557699473011724	-0.6342359624950976	-0.2885050809533248	0.5365187865115791	0.003296909305545844	0.4095434261156859	0.06231704000166544	0.10881697812938945	0.2882937749875933	0.3602927312513371	-0.21097292178117674	-0.4343945170260153	-0.10310735530783549	0.007544810916087051	0.5946077858950353	-0.7641217359424052	0.17511263591131815	0.23174721234509812	0.03839736939387364	0.28597902934892544	-0.05098554073627446	-0.2493160555335591	-0.011376657606409843
DTXSID1041184	-3.58528475751587	8.711153285640952	0.5974525126539735	-0.2528027113822027	-1.8676969786407813	-0.052701980030976515	0.4197485618817766	0.3397286875256274	-0.4373830659441323	1.6028707512250957	-0.6761808217621482	1.0964660620860347	0.5324763873218064	0.07324512749052338	1.5164843591328683	-1.15324539718955	-1.051953305585754	-0.4587412885497901	2.2369725018649884	1.64913603716034	0.6863145386657047	-0.28313564113821793	0.009970294896982921	-0.3450010967046275	-1.458444980452223	-0.40740647286305287	0.3053570970541955	-0.09528320512989728	-0.22012959273791763	0.13843350779242747	0.24372969100699052	0.4135850665280578	-0.6533427548206964	-0.2865995581965659	-0.6219439494704928	0.4025578020926567	0.43116310295337934	0.028286281942345712	0.7174923126599947	0.10185019514919721	-0.16081201542109502	0.37447137668109365	-0.17969538236118818	0.6048450622035692	-0.06901337519099117	-1.6006715061215835	-1.028137321891955	0.6943775635030808	-0.07221947775174214	-0.014140137559032807	0.17209796500691268	-0.792595197214241	-0.5533926346764239	-0.1326429219800331	0.07173439623965162	0.6585098720527429	1.2349704161517896	0.11153244022040096	-0.21315222350782617	-0.8895236306611647	-0.35615676014829784	-0.6128331588128789	-0.46023851360506685	-0.38965335316442107	-1.2084354523996468	-0.6267042931822078	-0.28546647915120205	-0.10326175419171152	-0.42338118876257824	0.1499801403947362	-0.45885693031244723	1.2055709336665434	1.0365360753782698	0.92783411423409	0.9139037447911993	0.6241525613931194	0.23108128291659596	0.1591444536035256	-0.31492298235859845	0.7937297080740533	-0.43528998838364397	0.08705272174200043	1.3468338626697787	2.0191163795117952	-0.33103974082146054	-1.6294934847630036	0.2151033223068045	-0.8363646626403829	-0.3531411185542458	1.6011616831343922	-0.5260383635360909	1.5920849552745069	-1.2468396732467713	0.4899268939803576	0.7825908703568711	-1.060368872077646	-0.02163265960276419	0.49026383950315694	-1.1571204672518856	-0.07147621100477984
DTXSID5048637	14.00133820545242	-8.266389976453842	-0.6603857369693928	2.3990542396037897	2.869193919273758	-1.0098175861458298	0.9982867433144073	-0.39145997873698246	6.713234150074322	-5.310824522401293	-8.106383968447426	-9.315724927170576	2.1376736764397273	7.507648270598128	-0.5498006715427405	-0.032392230986877935	0.6260845145572386	2.1626425878814195	1.5785538523755356	3.607988196375055	1.5084060708318616	0.16742009513341957	0.252721686618712	-1.1903845259678774	-0.7397086068081705	2.0079865444502407	-0.904306359990344	1.6438483130113062	1.3949439036305784	0.9452491817411491	-0.51610779940155	2.4412602075834706	-0.2559174402537546	6.41226083303037	2.4969599061475796	-0.9577508888079166	-4.3122471173765105	7.074572346495912	-0.08253121038380103	-3.6573456221244314	-4.703952601544829	5.912420404146413	5.885363977448891	5.28550988611573	-0.9914804737913469	-4.388838632554773	0.08819795406579227	-3.3838690140028884	-0.4731402058964673	-1.223315258554822	-2.3855607026102206	1.9629074671207776	-0.06806461250908893	-2.945244860715141	-3.963201709400823	1.0646366285035507	-0.12268437497488516	-0.8088244183508387	1.5642555732757866	1.118594196327865	-0.5544134266518941	-1.0304321943109231	-0.04561451552546925	-0.641015847195044	0.14835093964702323	2.015367541141162	-1.4986455541247887	2.0427091269717255	0.13499901070869683	0.9002502815301643	-2.7494922601295126	-0.6813225616863583	-1.9027045719937765	-2.1041673973783923	0.1336069154938714	-0.9288595179443131	-0.43214824236110105	0.2691275760198234	0.6572556377190638	0.07719756435253787	0.3385779329328528	2.069607709323093	0.3868139171350054	-1.0324715507409972	-2.800481549020545	-0.7955265018849667	0.3813976149049305	-1.0384400079356044	-0.5219094704971586	0.29535590072758156	-0.21684266795114737	0.718663118626844	0.9467978101249886	-1.3960774307246644	0.08269346196453768	0.02586589450002361	1.126118444767612	-0.278148678481956	0.19152340020387995	0.6153192205401965
DTXSID5042584	9.762363514811554	-0.8915390748705925	1.9110244071310722	-3.5104114115718406	-0.7639490789637793	3.8695840670127932	5.097119800980605	3.616682264091133	-1.768048810866269	-0.7206145614928827	-0.41160357921094914	-3.5813691223605892	3.295691718270741	-1.3700526057153029	1.4125323337231748	0.6896458235775558	-0.2024239167559394	-2.884677054160546	0.42613991474637575	-0.47082107079871294	-2.2111525194052652	0.48808774492069057	2.1382557030676077	0.5720493405851937	-1.4251462547868685	1.7227278338941607	-1.645890854009037	1.0213504864738852	-3.9013334274174225	-0.6560164911185237	-2.401014898707693	3.0591556580635815	0.9202845820783105	-0.7694471074946863	-3.9999967082179704	-1.7543532783154623	0.2015129400536192	-0.4003662009550792	-1.0862129152666917	1.2749353084176485	-0.7561546289035871	-1.353564675006895	-0.6062034660835679	2.002038096905968	2.4865496988028304	2.4043129922018194	-0.24079601665050268	-0.6206552909047313	-0.5218649042020079	-1.4356176046091225	1.3418289306128592	0.5802347948495215	2.5933599328853605	1.416527313492658	-2.452616963377802	0.7231485974835675	-1.5176618835578644	-1.2603833978442525	-2.4846826262518733	-0.6618361709107601	2.900345567316049	1.1688002755122076	-1.4842446113948442	-1.3984220400444538	0.0891015631568192	1.9237359236810523	-1.4999179302495569	-1.1614939922903924	-3.061990244478381	0.5352477042004335	-1.08127630955541	0.022831296358973487	0.9453813017302376	0.8182700119740999	-2.559788990529411	1.231766872207897	-1.3544321851842736	0.31233085203015587	1.4156222539105787	-0.6001024409505967	-1.5795019607746565	0.9915018725036245	0.20260675332766018	0.5286075893987262	1.6193562558512162	0.4937691348715893	-0.4325596125561933	1.654913541608738	-0.819861731938255	0.3385058193514951	-0.4521137798543109	-1.1689944040164713	-0.38633762937281546	-0.8706186267010161	-0.42846254700637243	-0.02877270852878334	0.07180493520471787	-0.365300186300057	0.16934584214766646	0.4635437297868077
DTXSID6021822	-4.930420123338136	3.5318341267292643	-2.54139176877273	0.8914735693801695	1.725727009282965	-0.40518581274106624	1.2735186807098668	0.8281307611354451	-0.17421761650169268	-0.5277874417624867	-0.7891089017834336	1.1183658899206212	0.6971237183288401	-0.23956012630180995	-0.988478138775404	-0.22219004671464126	-0.0299092004011494	-0.007348031053803394	-0.7625448255695384	-0.9107717357353199	-0.9377364892576797	-0.3539055926494643	0.283275040833167	0.40279544997637334	-1.365929739914592	0.9165422737786943	0.29824332873888404	-0.47183345447924085	-0.018922832013031635	-0.3473474914145534	0.9357706161387066	-0.07782246723998582	-0.11697229436184543	0.8953036281417848	0.9867214676486025	0.06920958032077493	-0.1595539812100235	0.24317235619144972	-0.3841549385343715	-0.8658329981874796	0.4187810331502598	-0.22753201142672289	-0.10518436913962133	-0.6398769138503339	1.002786195239356	0.5826564062179116	-0.5944146593824962	0.6131425254011746	0.010559967436577888	-0.21944619956519948	-0.164015673390837	-0.42005474393717307	-0.017175906033882797	-1.2892962177835006	-0.46295180803944014	-0.35506578807412964	-0.7911296545842275	-0.5690973693927749	-0.02264103873330119	0.003552565589994844	-0.776157342545897	-0.32950797322541514	-0.4410415634963498	-0.37401087586369935	1.2040415485221592	0.39955085162403436	0.4899648624437773	0.015366798922598008	0.7007877863298357	0.9255742763533603	-1.4264071775186036	-0.6473227084576358	0.42811577659035754	0.5663182454598873	-0.22343428848783742	0.06775889304460048	-0.07408387666927702	-0.19774444294288726	-0.53711338036586	-0.282858018277391	-0.20911542273232117	-0.3724089299708639	0.279832528372999	0.03662655129457274	-0.344634573399274	0.08113375998780252	-0.4743237289380932	-0.18845830359803772	-0.2574235258906445	-0.24852479614627884	0.45280967331737426	1.1960454760375288	0.5581071763756758	0.8449026519834572	-0.6183774138041072	-0.18856367819967013	-0.2876000344213292	-0.2949239590160358	-0.1456299504292362	0.5836365074970363
DTXSID2024242	1.6565822219431376	-0.5333349201239066	0.05192754378482584	-2.569655090866518	-1.4529250618068417	-3.1934158120956715	1.9569858075134434	1.7425261650223496	0.6339193632889556	-2.8343143574449856	-1.0249716642323146	1.0528039176602515	1.0210868311866257	-0.42843834839790773	-1.6113461369993751	0.7369089707757676	1.3514218975667445	1.3123438446177456	0.07647039221526379	-0.13752865616378587	-0.7316580305514904	1.2232872555138437	-0.8416094920024205	0.7903618363076157	-1.6583562159774434	0.35881570206436386	-0.9928315431313304	-0.8370411466157732	0.7079881244109457	-0.08222926427378249	0.037094468747145344	-0.08915125322229384	0.12617527485093483	-0.08688661701830057	0.522465890286033	0.1605677165237545	-0.39409577665170176	0.5093473342213558	-0.744416466793576	-1.1228348869648264	0.5901950813818388	-0.9855163385775203	-0.2921143468908736	-0.24922828167216549	0.07948543296911864	0.5704097881415487	-0.10148039587270768	0.005488626728185268	-0.46094969138898045	0.5324214023562127	-0.3332480183694307	-1.005322556403318	0.33918025975369726	-0.08060001492361199	0.4679757042512944	-0.6934305916720889	0.02758300458956605	-0.3240220234013763	-0.4235063877296789	0.18641836779401305	-0.20071627015047813	-0.2978657600892059	-0.010258097785306102	0.21177917769677318	-0.5597275114776133	0.45462548734174263	0.2682386912952662	-0.4921778765969574	-0.013418630492658287	-0.46648887318115495	-0.7847545403176723	0.02325666094867478	0.05659305032435853	0.393242383897852	-0.4621994259544954	0.19441511631536001	0.018999403989433988	-0.7307708255365143	-0.5704667629188235	-0.3195333005447534	-0.829649141430708	0.24686105132537398	0.11766983791475134	0.2437535580829319	-0.33022862663584635	-0.11773823546578402	-0.37274925517633634	-0.040990590787450244	0.3813163623825435	-0.013555050446636765	0.3217413817340232	0.29092639619914945	0.20996423635067452	-0.4890731118235926	-0.36275309103708486	0.09394757559983838	-0.17774170088276933	0.12378756569652014	0.24369576754309008	0.04423622591604163
DTXSID0025864	-6.611099739068572	0.2167418510186575	0.5898949880178187	1.3292111848915953	-0.5522453004788326	1.8178831988582096	-0.2814807897515899	2.122689612385173	1.0857068544522073	0.17549649540355197	1.0739485063824807	1.4937376066250625	0.07387206734415826	1.0823441437215282	-0.3561396654986123	-0.10093036458786972	-0.32412763130706246	-0.48229306873536576	1.1079879377043016	-0.32780847116380474	-0.8264554451960289	0.6292949210829808	-0.3385005342027295	0.22496388704228076	0.29985282121836526	-0.28690003827081023	0.14110913118495158	-0.34186442615654405	-0.5253276885027593	0.6505257408503955	-0.32316895572909654	-0.07301284118957777	-0.17735377539614372	-0.08910399162936243	-0.018687293698594377	0.1027813637393148	0.20545282385470207	0.4542412523571274	-0.018161495838234454	-0.11529133196853557	0.2399117241329883	-0.13326051254481794	0.0837011209447697	-0.3394703476126849	0.2940305501423241	-0.26871969583513017	-0.5903983080899508	0.06494194562587541	0.18090174783621019	-0.42880835870149836	-0.06961050962553281	-0.789478047933269	-0.014127744276101759	-0.08476892040934755	-0.0583168064532699	0.08931168781297456	0.05717900766604122	-0.4719550850323368	-0.6250745307994544	0.2117148159946267	0.05697687967116857	0.36484893201727825	0.18236365630977006	-0.2161331898829136	0.30982688489857035	-0.10156155793936214	0.03238283170333183	-0.24001298339660893	0.048580725582338787	0.18752415467471423	-0.26954573975994356	0.1856608777749504	0.13217612824662264	-0.33511284966698474	0.473683097432681	0.009071823732486987	0.09148172829969035	-0.19608315914478944	-0.21135871789983682	-0.1701196714419892	-0.12940622563306353	-0.20513276741082337	0.03181340765466897	0.21214660915211042	-0.10497927797482352	0.06841253853137304	0.1873378577824356	-0.22945791918918101	-0.32557653814043797	-0.17106459540105262	-0.22903626019335455	0.051444434945068354	0.0018895025930017585	0.27164948646512405	-0.15669836054503342	0.05175145546921333	-0.12424257353613623	-0.1821474557460942	-0.027457962575996045	0.03249644372368891
DTXSID0024345	6.788898653073473	-7.317459773041574	-5.404878240697939	1.0446508186890142	-3.1479089473746207	1.766181781888149	0.955590789074332	2.383765309576723	0.41693966545786526	-6.22057850943076	0.5065441416174392	-0.09141388601506363	-3.5094341516438456	-6.057466300839609	-0.8330768360023072	-3.24631251428997	0.18535500197123922	2.588623676464159	1.374233181394556	-1.4786826857973618	3.029959105344523	4.637388835607403	2.324827669891202	-1.6692549348061867	2.043132355605078	-1.5682865360435665	0.5560248310303216	-2.86926345103731	-2.0432585536404075	-2.35464506561608	3.0698059086611815	4.384215152755453	-2.662511845172686	-0.3832395069201164	-0.011180702662889263	1.0016582768705247	0.6341213539684761	-2.042242531354914	1.8706126666897043	-0.08348470602380935	0.6644801674296459	1.0710597955892711	0.8497453584120507	-0.023963904747826368	-0.7327410748579358	-2.17848176122249	-0.44105063876578215	-0.0049570508954887346	-3.1647382247039806	0.6106048967369807	1.2962948190922154	0.5071143064031772	-2.453689451192559	0.5695052523252703	1.2499687651764015	-0.7348814870247214	1.3645622717009982	-0.23477240014409714	-2.1353475348940583	-0.3318584420703319	1.6448893430499492	3.8824499622796806	2.392448109505496	-0.4627975512391016	0.8929848902040665	-2.0407637465840294	0.4220136092367919	0.030576087680658285	2.505461440210061	0.30416717046602865	-0.714637743776083	-3.042092570845147	-5.919409205303203	3.1828855646163015	-4.095695898258677	-0.8360082959186751	2.342643385293691	2.6367035125680123	0.9257590642855423	-1.0441767291504853	-0.21984324686148637	0.20563793387015616	-0.6704780940071606	4.558922571845376	-4.554568122838288	-3.5494817649862025	-0.7254342786722006	-1.725163405726425	0.3892153889641522	-0.14630828447600064	0.9931190341499349	-0.8678014393423099	0.14660217326132285	-0.9466041070331476	1.3862027257110237	-0.5773171140127158	-1.774369725976038	-1.7699429349531248	0.4863918931632697	-0.08239803448066431
DTXSID4021347	-6.822567499788857	0.18211420542790677	-3.5344746545106123	0.6566442519763951	-4.621764049204801	-4.326974831861996	1.3069449260617105	3.027078149240172	-0.9739806982082742	-4.2820592569528895	-2.8659104909902062	0.5700803701949827	1.1308738554777569	-0.6671048837139094	7.184034291293931	-1.542210188175305	0.26852618150555174	9.062100521085465	5.272065637231658	0.03454083322002312	-12.250614288814782	-12.994969114773715	13.25846384477336	7.923627530454978	10.875573155116156	-2.109131690686546	-1.2214722907031856	1.2908935202111274	0.20073877358032294	2.070060048122812	0.2931540057271253	-0.1036612102238374	0.8063389675378368	-0.20149340865339654	-0.15946468399915348	-1.9142828848724287	-1.2608137169938898	1.2014845964936605	1.3319531142699765	0.6044858345344349	1.5902229154675145	1.9913883841816789	-0.4185778324444256	0.06330398834130736	-0.29969278999102134	-1.2550204244505032	-0.9984286952613262	2.60811809759234	1.767550388045578	0.024433510270903465	0.42382814327171936	1.4379880909656964	-0.9311212496827113	-0.07193947442532356	1.1386223132591762	-0.9998322320033497	0.9155545180777968	0.7108301798817073	-0.5811027057583941	-0.0064404415660252	1.2508087506853323	-0.27621896565755594	0.16812982402037882	-0.3215101227607289	0.21630465553373757	-0.9421466299659034	0.39158729282949245	0.06427248641088663	-0.01873167758231281	0.30647674900516797	0.21235095913905003	0.5215744001638589	-0.0633308702091322	1.0715495605872325	1.0665701273337522	0.24318017576997839	0.7458709216828895	0.8198098296159583	-0.4164971822797396	-0.40848170781941456	-0.7010968251983997	-0.6448292996973544	-0.7155999246484429	0.20677977470433767	-0.5579064750851755	0.6466890555608703	0.9359010623065022	0.4558353710060864	0.27961910398485945	-0.1835468615294897	0.5290240522574465	0.20429511308296316	-0.11772028938641851	0.0941548119164469	0.4955364305538545	-0.322507666090771	-0.010226978361036499	0.45791738694692974	0.5406454680300818	-0.190047955072058
DTXSID6027397	11.211950210520728	4.076074172394044	-2.911713644090521	1.1707211508698334	8.099780956291301	-0.893355896675521	1.3581152702251729	-1.1661862311787021	0.6194490332502361	-1.851625759903311	-2.8117972914561133	3.0678237343090666	-1.3045421494765526	-0.4162753070448135	-1.1513461596460879	3.8977445804564925	2.711258420150389	0.8750839966924653	-0.268861307362832	-1.404450098495499	-1.7367298938447362	4.02638914277096	0.16162321723620532	0.7102261395526454	1.457057439595556	0.7560923236241829	-4.540568161084282	-0.7581400451819197	-1.2214750434106545	0.7376052954773799	0.2802548843802047	-2.501229797675418	1.5359381029281947	-1.9686039180069654	1.048855669180221	-0.4060190504714508	-0.30025516407498454	-0.8931179965302148	-0.19259428691559669	-0.7802683881803018	0.7074248486332768	-1.0374980170224821	-0.612384905147349	0.3349954258960776	-0.5745709965969128	0.15030472264329994	-1.1636014083928417	0.47452359834923236	1.6126059989922612	-0.3228565459199485	-1.2443352593802965	-0.30236147621806553	-0.8839636727059406	-0.6705234527323055	-0.26042589534766014	-1.1222095729625954	-2.927102635719568	0.5273131422100973	0.483119153536477	2.699381824096707	0.1445924870067116	-0.40028217625233903	0.7612513681618447	-2.7595089680956657	1.4370302938509345	-0.010080019392538574	-0.1855615031124954	-1.2715750264677539	1.9515182664065127	-1.2194003314361832	1.1091203344469474	-0.40054807025746864	0.6912847060838235	-0.6338883244007377	-2.4219855178439866	0.4978749067124253	0.3457120427366513	0.14977415437808156	-0.7719977592761612	0.34579349563212036	0.18620900333338805	-1.0861577008940415	-2.088294328599282	-0.5038618263772289	-0.1190645718719489	-0.5681756360702495	-1.6655559531600885	-0.07754219425003202	-0.5594736772253871	-0.11811091295173051	1.2997663340626346	1.0452649822282203	0.3970003998398662	0.7461127094849423	0.4293620897751024	0.3886527670775217	0.4226726476038475	0.89954284157608	0.40671493141337206	-0.43256623461176646
DTXSID0047583	-2.3969656899122636	-4.414562838197091	-6.684797600002639	0.49682229056192817	-2.414735303352687	-0.9123873559327083	-6.950303091253587	-6.000926554747739	-2.046913703077417	-1.7676510189953878	-6.305205122702326	10.238911076732801	-3.0824749819304005	-2.8226747766856937	2.080835511524763	-2.9475556568395596	-1.546976601888468	-5.307345071905485	0.15237482502633362	3.1091661274044653	-2.1625275354034947	-1.6165481405748614	-2.9573255265781624	1.008420831213666	-1.3255919029425403	4.503844864543263	1.631571179939196	1.7256171030336775	-3.3027806123409023	-1.8176164671078896	0.39884839913718245	-0.006984317720014028	-1.9954530746733474	1.913148583117273	-0.4901573415331936	1.0619043021894967	2.1848240791796862	0.8657501832600524	-0.6758101534985579	2.1045119283526033	-2.047067984615747	2.5489088799435398	0.01395038708347948	-0.8315273403397273	0.518495781821806	0.7623341014068622	-0.7322392962533125	0.5944124958245618	0.18855006292871984	-0.7928052389455301	-2.011832111792434	-0.6300899064315352	1.8390726705809557	-0.12577029027180817	1.3295655529473775	-0.499640941395108	-0.9552287957863693	1.6643518642810888	-1.2000886880175354	-0.09203491936206337	-0.1686781839578557	-0.637428638299108	-0.3731752298946172	0.5445137707320657	0.611593631594097	1.0511382499754767	-1.3429912346260824	1.1155014333480346	-0.4605117544303134	0.8823860917520562	-1.393286242706553	-0.5906288558029211	-0.35264449308034407	-1.5408671098898672	-2.2803984377577895	-1.1190672451088424	0.0248909121289967	0.11985656780805375	0.5280522466791303	-0.5288794509903602	1.419423736688303	0.4617127582935248	0.12324154923486762	-1.1081599154816937	1.9771701033015459	-1.5346890790905168	-1.4042391800439484	0.9767790493193057	-0.41075565837527434	-0.18858057981447948	-0.4812113384545277	1.9003078763652854	0.013415406782991687	0.21771859046670747	-2.5070111170815035	-0.14584009834903594	-1.6676735768202697	-1.2840882100413211	1.1971351208925292	-0.39922027041549113
DTXSID8051419	15.021174138940577	-15.459437761041496	-15.209929451414714	3.337541493583844	-0.1704800982274109	0.0659303824924201	-13.095922510543915	-11.51521950655163	-0.6605783573400476	-8.083571093492004	-12.83741023183829	20.450975108178298	-8.476348105287048	-9.734409173604071	2.7084847967484578	-8.129798275770463	-2.6030451642324124	-8.442025967588929	-0.14043026372598114	3.7953322845340187	-3.4285328512343707	5.8191900619321375	-0.32170361718865736	3.6749280837402174	1.4822149058138487	7.2998834587736	7.852173520482352	-0.404270853945059	-4.6405616988967715	-2.7042712576786676	0.679161555455741	3.3942115610266446	-8.139200019197059	1.1967991916877136	-4.433457052013243	2.230734181624302	5.548654928724084	0.5000645703278412	-0.14086292502520784	3.9588780406114865	-4.987074340576719	3.8904301831616825	1.5539957046098316	0.1995430250985986	0.9000325273589389	-0.5782786446706503	-0.9386246215754775	1.2927392283612873	0.6185732757991637	-2.3634150822391233	-3.2227753748986463	-2.4563486812248163	4.329180940547094	4.9554650829812985	3.4130723302028696	0.10826824528561328	0.7643183761426103	3.166786254196942	-5.221079857561123	1.5704838932903216	2.9486200740377053	-0.08801868147300064	-0.06795163311085452	4.535152201290068	-2.0710599546483093	0.9463539660421976	1.1110683079888268	0.04247576552128426	0.884917720251357	4.6646538222878124	-4.575464121180976	-1.5380772930046993	-11.735098713077747	1.0802347227836677	-3.3151637899449606	-6.271643250601287	5.519402788262532	3.7283545039277146	2.9869205671966674	0.6638513014821164	3.6481381426790818	1.3874772513591633	0.7275419241765751	1.0107787193357485	-1.6507348080751272	-7.6949070177348435	-4.805860480941451	3.448090774910593	0.6532567605497632	-0.41715491844161334	-1.6713676280237384	5.5507991276369575	3.9134254384127205	2.069173324966965	-7.305700951696575	-0.16604080086922685	-5.525512692938032	-5.738066231016639	4.498542796086685	-3.3521792960850743
DTXSID9044827	-3.8970234789143854	1.636085100649261	-4.538248197077528	2.4985077049659665	0.8212113196188382	0.5308350904317771	0.9881378198363332	-2.7493871052860435	1.8139584415148489	-0.49661628025810783	2.5954618086699806	0.9346125093612458	1.5911684561485715	1.3016774121934116	0.016217938203160004	-0.21011900594082367	-0.1660163081607994	1.0418884286521641	-0.6447902900973018	1.7393017966641933	-1.338615915627831	0.4288063935725452	-0.5372025788667234	-0.8410018706735491	1.1780502804234037	-1.076772070395659	0.4666137243522735	-0.21589483727488723	-0.5381555685075232	-1.7846457007092962	0.019397274737618368	0.26013863294229317	-0.5087456094153272	0.7596504460909071	-0.2190717875138467	-0.7956944456572581	0.8634754337841263	-0.2183576380796367	0.5886131525831936	0.10231697968963632	0.24781836871371346	-0.6250199484044907	-0.4768747997154771	-0.31492040537687027	0.6136466110412525	-0.8632718725257458	-0.7410759895186073	-0.07669591095472258	-0.22527021330887442	1.0225316901769324	-0.28615482374353374	1.1080804939305353	0.03216833239136328	-0.2982340244292801	-0.3185162612284017	0.09247691585848093	-1.5366175522721313	0.17037249433520923	-0.8125831800534322	0.23936422229501828	-0.8831456834841487	-0.33854212009869256	0.014466611370820736	-0.6350273408546797	0.41042966615705173	-0.277891613057492	0.33676271982093076	-0.3851864687972851	0.650787132187517	0.567733199501856	-0.6446137733886652	-0.20007274598822625	0.5544165710081334	0.17329195465299985	-1.2406050744386037	0.43553360535110797	-0.6341829291978659	0.21529223458777144	-0.014037173735355528	-0.6543514247559005	0.6952620512418852	-0.0024890175844926123	0.2152519862145004	-0.5197993134977623	-0.31194750645816477	0.9332303917858845	-0.061997026089113526	0.12851714894101832	-1.1155634684599498	0.19004126977143784	0.22023727016056444	0.5348626815227097	-0.8672077140718557	0.539281961249456	-0.12825520516135688	-0.6622593630148974	0.08290005559163892	-0.20951789980770746	0.09381053219569815	-0.16396886140380265
DTXSID5049316	-4.247155676923004	-1.3360194589707288	-2.012155344235678	1.8850640051047478	-5.051045789759423	-2.729829990659983	2.343583680548107	2.151488705806333	5.96771174429862	-0.9654102530463615	-6.094573586293038	-2.6812303592349434	-0.013973055878157928	-1.4242800587554463	5.316976796297562	-0.2780005839438622	1.6473432845312603	4.993623638171444	1.732514917164581	1.7552958986396987	-6.086271985436473	-5.8828995079085695	7.0372942194584445	3.8948114293734406	4.8648351744286265	0.06549991157800951	-0.7717839735590052	1.4121464043490566	-0.13248748091325432	0.5421189511159258	0.2553459028698373	0.05612957862599021	0.09274182508198436	0.419090682990702	-0.2344223543106148	-0.9712885838636469	0.31614523434930913	0.6498555255385309	0.6879159364634271	-0.6689609622075033	0.5647343610529273	0.5464747813954104	-0.3314224025596482	-0.6852728675997557	-0.22203248884407098	-0.3158957756415559	-0.27774671205381085	1.6553169675565853	0.300537832836586	0.5252683060493447	-0.019934183131753602	0.7283559784751915	-0.8804485898995031	-0.8154077365232758	-0.23967963805868622	-0.07762484322998763	0.88075830582035	-0.06533009576601113	0.7797827283598507	-0.2165600364796477	1.0948733024534456	-0.6920823418712979	-0.006672159658775221	-0.01368790186550576	-0.8358584716915461	0.08534258506948114	-0.14055876289634833	0.1590280477943545	0.3274970164719143	-0.7174948060143451	0.23010150737676535	-0.04723396535620862	-0.8495247341454384	0.0852067098587282	0.550332427445857	0.3198331877863964	0.15947294534771023	-0.32050358564620973	0.44005540826544487	-0.4468607996544635	0.4483956493568525	0.26053440842748465	-0.6387267973578309	-0.015829558903152442	0.4904614805998129	0.4813513381329076	0.15722312845808606	-0.3014881138672892	0.4217950570610217	-0.1522251914947143	0.006324542281679459	0.25648348392173154	0.36684152815818966	-0.7877521512611895	-0.27279085168491485	-0.5182440408823981	-0.48171472242924585	-0.1613324646651167	-0.10674044527911523	0.18458659158088636
DTXSID2026494	-3.029669963852894	-1.5906464878211704	2.4538053689730517	-3.684333740697086	0.3337174955358439	0.02553957914318153	-2.4297957765718676	-0.775746838999892	-1.6538078688896636	2.45835193859003	-1.3697955106954913	-0.3863668095241163	1.7323897994014532	0.026497638151970343	-1.331983960244436	-1.0334249225891021	-0.15016866366973117	-0.6199691464605975	-1.0884374941747266	-0.28871800433483047	-0.4108940220925321	-0.7154327825155867	-0.95090846304393	0.37674799290478894	0.7016866900842217	-0.3255956725283422	-2.278016664095979	-0.5991144383343251	0.2009431978013766	-0.7515398469267578	0.43028513922420236	0.5992547282967008	-1.5370407671777757	-0.2651594106135732	0.6277108637818718	0.913409960614282	0.5959622198108018	1.3480125149707012	-0.42584749434603264	-0.48568336405954565	0.1866962700263775	1.3622573803459457	-0.22976644516342382	-0.8101900266598039	-0.6145050472415089	-0.1295611007941292	0.841574628988848	-0.32977356940315183	-0.6030109964041951	0.4566125727512231	0.9187084256496268	-0.662488449830949	-0.976598138692152	1.060264322181284	-0.11060389018368348	0.110636210712046	0.37270676200418495	-0.3282328705203428	-0.9964028353804641	-1.1024561675532019	1.1232772808318705	-0.16483061332507035	0.16657943259997934	0.9077107763163976	-0.4140236636508011	-0.015275700309280708	-0.10790231870227114	-1.1533025577613008	0.015623663020453305	0.10685665824620064	1.418380432056634	1.0419764632685566	0.1280378554798485	0.2953662961740562	-0.30906399707210597	0.27479446198279633	1.0634341572780568	-0.559077746202994	-0.5100883053471051	-0.2656562305189119	-0.809531227901993	-0.8927238049089407	-0.3842861706337692	-0.2997931532429951	0.03657013329767815	-0.07755365720311372	-0.010847436132122405	0.50661831250441	0.09383304050204097	0.21190181871771255	0.778491966182972	-0.4927479587468928	-0.08405644636791955	0.29565686969083455	0.12776180374183563	-0.30455599816218293	-0.07721680913323524	0.7136439824407419	0.2773479112641685	0.4144238190748363
DTXSID2020478	-4.464067304048288	1.5511073132181046	-5.595946317636466	3.7690585681018707	-3.336593002818708	4.497769588548669	3.136428337161891	-2.3895400456790377	-2.449216168410681	-1.1583317215725657	0.8347382219591051	-1.52605873761801	0.9196658551619185	-1.1237274220982758	-0.2154404981265064	1.4232989763964305	-0.27735409316331694	0.5641682619605435	0.5504829544224256	2.578191881004235	-1.4178256495921095	-0.815175105525891	2.123812777623408	-4.241587203516328	-0.546172900075444	0.7130315209175897	-3.2198477523675795	-1.3520241417310885	0.34705323756517376	-0.41808198313218936	-1.233517727063649	-2.8551593625697698	-2.930304809041089	-3.798789470407313	0.5862532549596009	-3.14642233160696	-0.08714191819039128	0.25931388050700466	1.8185227778224704	2.1202493724296416	-4.616719974819138	1.2890977405529593	-0.32763453140362575	2.1195881316088934	1.7809060271685142	4.7477201688853805	-0.46350811325340985	-0.11568967570493548	-0.8381300148034159	0.01903851833542732	2.1908593758408124	-2.1877263859635256	1.4288270975935033	-1.2720272945135822	-2.2134850456016792	-1.4919691279594116	1.6309874824318815	-2.2945332131181804	-2.2905473219133254	-0.5115607333792009	2.610069147864704	0.6874544070270426	-0.7878670201249596	-1.1827353586958598	-0.2338488421446118	0.7233006971272602	0.21917906210560992	0.24759641362827856	-0.17737827088025682	0.18962407673821485	-2.2428159164562462	-0.13044203513088073	0.41898199711481554	-0.3954201609677409	0.09485074643802942	1.440147760369052	-0.4646595796086174	0.036222943327729136	-1.2410480526677972	-0.36971914173622344	0.23765215767771797	-1.1534029363650706	-0.33729640632442165	0.426201978621658	0.47474958606062245	-0.751228797143751	0.08114712638165004	0.6339647691419218	-1.5034836753248833	0.05732816625972772	-0.6466064949448193	-0.43809822301653534	-0.3931387346390106	0.04631992258304104	-0.3721926262987551	0.3414094542015112	-0.11687835311280192	0.004141965908513857	0.92806684402955	0.34125209816225244
DTXSID1023736	24.152051795557373	10.529064771894115	-1.3977564350403784	-3.9654177593198865	2.723391618177556	4.836496994744201	3.9138638248161945	2.3447444157319	-2.1197334016865113	3.4789289090676654	-0.20984155221192546	-3.5057720085398603	-2.057543170639993	0.5496998540023101	1.459639218192902	6.325933744490786	-0.4259087461212236	-9.043838005297905	-0.07673411707489364	0.48708514072989084	-5.289762442948575	1.9933149968344874	4.266065742820727	3.8884822289975736	-0.2824906373967249	-1.4069013983355991	2.664095545962931	0.8369179996594039	-1.1468768651452632	-4.014590703166853	-2.813795092260718	6.441020347812571	0.222380171003822	-0.3690516389732743	-6.158906494659445	0.1424762395952849	3.2394712482244103	-2.054385312907358	2.782866498897437	0.2635511256652241	-0.2041212729641007	1.2819215645557072	0.011422903177969209	1.8468761176234902	4.403821852952317	1.5211546153113318	0.9946584795914806	-1.0367601610489179	1.1310087350042504	0.1951788300115567	-2.230260076046856	2.625701576248044	1.371596828133798	4.248060340066952	-0.09731566865744447	2.078897236558506	-0.7669888155681488	-2.1934851827641246	-3.8013628120850638	3.29842009648112	0.45491114148155243	-0.8865799618550708	-0.8769808298201157	1.405375368785292	-1.5211006598075523	0.1461057168915366	-0.58376397422699	0.707265229935728	-1.7990586886757227	4.761877054407309	-3.1649601928334667	4.457049883722284	0.04077689081400554	1.0148510758274143	-3.343440216899379	0.42227486685015964	-1.150904495388211	-0.7637925669750688	3.8157801801615885	-1.2612479833998407	1.0045770185829206	1.5236144953680855	0.3765201905500117	0.31067341089587813	-3.418191682447076	3.217771554951686	-0.3888560120423332	0.39157735307152425	-0.5581745615852701	1.384576322168011	-0.4861167415893603	-0.7895330310002618	-1.3961878378976957	-1.0330653768348508	1.1422252649683133	-0.9396651324542193	0.9656616700937387	-0.3063631728628685	-1.153286154182952	-1.2880349858953857
DTXSID4021181	3.4334328420372304	-0.3378203532553569	1.60401936287735	-2.7039945580285383	-2.7893622032371277	2.3453592518915025	1.4210538250463847	0.35103022472774525	0.1950107888706461	0.29955273062317106	0.10855473259459048	-1.2878373131413632	1.0682181000225457	0.6989042186532998	-0.5100936162589003	0.9670065729534093	-0.5729351157724898	-0.38874490646853976	-0.8152712950103089	0.5191305046777903	2.111907998798158	-0.35259061278325404	-0.012747896243351065	1.4060349770203135	1.3227676272754014	0.06188525725436251	0.46179018014127987	0.20825374101845923	-0.7104953859728682	0.5895606236579767	-0.5193324173473074	-0.530889014316986	-0.4089352998171065	0.11627543487606011	-0.12428549100060086	-0.21660027793594291	-0.21341245702084435	1.6082530965071515	-0.724470455935676	0.7675621429633939	0.44214713923166765	0.36493928379876983	-0.6877434041107868	-0.2321737428867171	-0.19933839924001268	0.03117415501703292	-0.0758917892427716	-0.8529857204092057	-0.3525690205178534	0.5865455456214462	-0.24390042290119662	-1.737681010340856	-0.11328537020917459	1.5745970299109924	1.2146575844771328	1.014910760504498	-0.7637582680127869	-0.29185351531613873	0.619490842938227	-0.7893612785222672	0.23202656798071883	-0.812774328269665	0.18005257683744816	-0.7215860797035095	0.9405852700934395	0.8650193972908881	0.9901635384267636	-0.3669300825197576	-0.12802774211103873	-1.2833120611397284	0.04666912592361453	0.725244484889835	-0.9009301711864433	1.055353413834592	0.7073506429676658	-1.251464532325336	0.8441468879872059	0.026800534397708423	-0.5456462440926181	-2.115884040298384	0.35866965814980717	-1.1716127455862453	-0.03993140712296813	0.2416452806598889	1.0661613284002682	0.5424529310543676	-0.2116237575517362	-0.12066865201407087	0.4405850651033304	0.432976787139574	-0.12958230243160096	0.41720252424842075	-0.04987344526670702	0.6473720360347031	-0.3246133148150512	0.9149326124274113	-0.5920874665467208	0.6297941150104354	-1.1670377723203769	-0.5953912389748698
DTXSID7040738	1.6710590988996574	-0.8248650531096693	2.5314913641351353	-3.5439094497111627	1.4372552991885073	3.017678178179107	0.9655274161652247	2.095471925892247	-0.27331692418896497	0.4904160295306762	-0.7394807696223478	0.33173775057932503	1.2825475759322515	-0.8987373301825035	0.36477836862169655	-1.1940976951605802	-0.5351434755557225	-0.7005113657049129	-0.04937215775012012	-0.6255438881860391	0.6521204513102898	-1.2323460270404376	0.13428361936038405	0.23791950438450243	-0.31285867803501904	1.2068062290745225	-0.11199305841695245	-0.6479233460571419	-0.30373097299874663	-1.058270791266019	0.26177098232239837	-0.39959901701943934	-2.4438185384921325	0.2656099649363227	-1.1181124507358562	-0.8497644651852013	-0.7475811114254075	0.2559483421116038	-0.8366894896473623	0.17723601222492258	0.13723129104401915	0.8378152995892459	-0.31872870265462167	1.0224636970906844	1.0393844251887612	1.7339143133668753	0.7924879865417237	0.2429100173968359	-0.7845568622765865	1.1498719308563718	0.25572596177936774	0.9597769075142071	0.34073680343926416	0.6841436408918459	2.240763528583502	2.144661493562	-1.0115815727518607	-0.3753011463346421	3.7527028054926452	1.2898334273028678	-0.926016046868127	1.0042802390648589	1.515333474499142	-0.9431557437899517	1.3368654604254178	-0.9923428203512202	-0.2096638089890051	-0.7272153790734951	0.2621769133518741	-0.7145698109511992	1.2893347789578975	-0.9736520586365249	-0.18024179501714196	1.4080882338840583	0.28247677793227066	0.157663029449839	0.36966924968436055	0.7268630806391961	0.1939678405023476	0.8502843979657574	-0.03582639512713567	0.356811053757044	1.0562016171473576	-1.5104131512933572	-0.3031969142327376	0.3358076430213571	-1.0998569855942013	0.2453198108870638	0.6894498016058391	-0.07290539910613256	-0.08118083373672151	-0.28665407141017746	0.32415237885925485	0.2817562956809568	-0.28156293297423224	-0.6809897692149149	0.13136388058279577	0.16132183486013935	-0.1974046979882941	-0.012833871587834464
DTXSID8021777	9.166531784621762	-1.8039786043371537	-2.044897720064189	5.845639535931073	-2.609243090733497	-5.21303063055775	2.135779167058131	5.248721141714914	-0.17098465711708352	-4.791579430170872	-3.967015399324385	2.6655111090011188	2.682395090752565	-2.137226744140733	0.5846366629125862	0.7961388562738559	1.0634761285979806	3.9716903929499856	0.564974310081926	-1.391781870155455	-8.305310608519921	-3.818670053237214	8.769469918895853	4.541734268334318	4.672376418524382	0.28042439245331124	-4.160109322429912	-2.2810452649081787	1.1378709027601568	-0.9187221585037744	1.1386672813191825	-2.530517129162844	1.766520904944811	-1.0752159226896518	0.4278301430705656	0.33877064877597324	-1.3527641488843343	0.7640516917906242	-0.9408181521458916	-3.216288817330741	1.7159651365481396	-0.3331814755062127	0.19305869597556166	-1.298278898294638	-0.2098124027458696	2.8099703554325868	-1.780971397507412	2.0652710075879273	2.779728290792825	0.041441735978497624	-0.8859274697276511	0.8857288641583599	-0.6831458932453488	-1.1399914553072836	0.3453200031850888	-2.5744403014187176	-0.42670012167227733	0.406942495729855	2.613284263193475	2.228589807875344	0.8017626038971373	-0.43417646957807177	-0.5774528053578931	-1.6404968553676564	0.65317373635791	1.4018204898811877	1.4488667460189548	-0.4590743713067545	2.3990112549110925	0.8615566472083751	-0.8209121330133288	-2.167646706446234	-0.6631088203079685	-1.3330647203958192	-1.3492166716551373	0.0019878245293546725	1.3746942335934993	-1.4443243165726554	-1.498439681617059	-0.790039178632547	-0.8786442444241532	-1.0178212075918844	-0.6702837958206123	0.5709711258915134	-1.3023464326400342	-0.2334457685207007	-1.7833504669057492	0.030072766285721583	0.6238207872659848	0.42612197227744575	3.0673310694465097	0.2084854697065551	1.0943406960279334	0.9237817307434366	1.0847964204147604	0.32863385281197155	1.213484062266275	1.765787331954665	-0.9635146191028148	-0.07855819265839686
DTXSID1024885	-0.263847048913533	2.004516236984685	-0.04082676104093533	-1.2322227823414513	-0.6600878742721422	1.0421581641576192	-0.6953012204398179	0.542623485411686	-0.2961434672741598	-3.313051162521387	-0.3696552731910901	-0.12237808504979719	-3.3117269546018204	-4.284420003703725	-2.321084074181813	-4.240755196412062	-2.436850118010915	3.488031870671836	0.6982611834922089	-0.7252490976120496	2.0834071079554706	5.75325515505891	3.118069572970895	-0.48748794186071265	1.9430646115773582	-0.7429045889551887	0.7582849526297183	-1.3093789646977063	-2.6717329914813615	-1.0366298978777337	1.8673836395122243	3.439722816802779	-2.53766391984101	1.2151876082138968	0.47340319668733055	0.8312293665528241	1.1888453919372644	-0.15422121414143344	1.54592751043403	1.0217281258831872	-0.32361467319041953	1.061327445378085	-0.6792591553162907	-0.5677378396489371	0.10495174070675554	-1.518636831672308	-0.7028105480107358	-0.3070192950771693	-1.5569469117518508	-0.07090756736998736	0.7197402884593954	-0.6602735624383832	-1.7101640635684114	1.9542229516181036	0.002070363559373299	-0.35621386307590497	1.0471181073171578	0.738796912022107	-2.8987646370116287	-1.7644813140587627	3.0492859234427527	2.2068282910720085	-0.3033826747844665	1.5806998861612058	0.9456241831634742	1.1867240520329996	-0.18359868884756733	-2.1651888696682575	3.1347447442883807	-0.4401771297452556	-0.968894138411055	-2.7154892690103725	-5.8490805321610155	4.80491205559122	-2.419309128354407	-2.6046783137587877	2.0198884520474287	2.194132019757546	1.3572003837350393	0.21972578653715402	0.8653858286919737	-0.05054630478617632	0.826834772301493	2.820484194991535	-3.757002914675063	-4.417026080427264	-0.7807887038757365	-2.008828487632983	0.8134215021697322	-1.7564632219412966	0.6969703772930445	-1.1525250974709187	0.04056918724967487	-0.7996142001995601	1.3696907159473983	-0.046893073802933345	-0.7786765077208164	-1.308877414585018	-0.14144530865316243	0.03182446159719066
DTXSID1047815	-4.436551729916603	0.46009583555305833	0.036952464379488195	-1.2110257401542948	0.09192310376491948	0.28108301769267313	-1.432791827370085	0.9836080965900306	-0.9777456247122416	1.0297570433538226	-0.3732478599080856	0.3306669415544978	-0.08086722375691664	1.4198171232594379	-0.47172133132173055	-0.08271055594487495	-0.48371059261945143	0.8305388546999409	0.19373754882728242	-0.30797703705531077	-0.7245888923194084	0.16247346433912896	-1.5888998179452583	1.0803035421684617	0.12546352819405854	0.013942705155394525	-0.03691035485009804	-1.0228235649653497	0.10545320192334585	0.049640467748441816	0.6109988480931913	0.2710673479900048	-0.26304501805278624	-0.4200765305753734	-0.008667691102113028	0.1738434676348062	0.25411001802434646	0.6138302163904342	-0.19270319986162746	0.10895160333268616	0.20072303236611713	-0.17995164406917746	-0.5282732959565686	0.36008866917483123	-0.1676176681719393	-0.3228269067925164	0.760959435986611	-0.37732250857242916	-0.676231033513584	0.5960146224290384	0.18080429098565504	-0.6682333118055038	-0.24428769298008443	0.7323083332517981	0.2190568778293208	-0.29166372450741834	-0.49897711890132324	-1.0444574639163318	-0.6000520242188131	-0.4959329229556802	-0.08402633996513091	0.48080756895054955	-0.07827587788049255	0.11519043215441245	-0.26863544352809937	0.2596635831972	0.3368808147117992	-0.7352177364689539	-0.03150901970591338	-0.27594788171997153	-0.861529874908562	-0.05453042361490898	0.10936799922108785	0.6503793322586182	-0.18115990511432342	0.7433300772828463	0.36755672239205817	-0.27249235442241293	-0.5771615055150813	0.3916336235261578	0.25240081679060433	0.08057834740882265	0.12699991824674742	-0.7061949925256253	-0.034570388788777245	-0.29998830952650773	0.042565368266515594	0.6566693613762865	-0.3213886696279917	-0.6116803878792828	-0.42388522274190693	0.034568702065941564	0.02950024425888516	0.10920382496979364	-0.8078080721527642	-0.06601826767886633	0.08418635047040271	0.5084536242979165	-0.767545995239609	0.3208279379711163
DTXSID4041232	-3.30552507202412	3.069491749237481	2.2450369186865853	-3.160606180098624	3.3669086456615034	1.4482796464038539	0.09054734842029936	-0.9195620059668476	-0.7116642433366048	-0.118285082311261	-1.2798770375748998	1.1496587598052688	-0.38492068225130655	-0.8126733933011334	-0.5099474052410671	-0.37619290453941356	-0.7869722406197988	1.3682139196528862	-1.2167746866497118	0.5250765527175211	-0.4904751104604465	-1.4999715676120962	0.3416456865576855	-0.5896005765090542	-2.0384751625888495	0.8645686259753922	1.146365106086689	-0.28974083795807837	0.5854792021883991	-0.10543525509007484	0.4867785076090372	-0.5693977684887727	-0.2628249069580863	0.5813613990733882	1.3264404074691536	0.26112574146631706	-0.1332554263723672	-0.8008202820476107	0.05607137344924511	-0.5634428953168913	0.2395342204379903	0.13610084093502364	0.30492573477918083	-0.17353937319915513	0.7414602990060604	-0.12153659226184661	0.568437330769396	0.5461455773640864	0.05469087927549113	-0.5330437502029487	-0.33664980545734613	0.25056601131123285	-0.20129388886516011	-1.4601818367593626	0.2873855057004181	0.049311867308389434	-0.046314993200467114	-0.48667563678750364	-1.2459060268570517	-0.7912872320158267	-0.7822299193268826	0.41312477954203863	-0.4823044353819629	0.26171910179044455	0.13309399354937704	0.43433314476290624	-0.26818826638373583	-0.019766329727284912	-0.34929329752021326	0.5093811510525994	-0.5329662355588352	-0.22647887888131418	0.779636549503159	1.258563543372532	-0.5229552724483992	-0.3122004797206542	-0.6507885538699958	0.2038236446732337	-0.23069854455221034	-0.4227030453581084	-0.7382093435238603	-0.19789537403493215	0.7278333615732251	-0.25531130094475984	-0.10544137912702523	0.2849320340105962	0.2585731460726359	0.22639480555414873	0.1031185288903182	-0.02744860551601506	-0.07677750809376527	-0.20417995529932437	-0.10754609712445645	-0.09264719558035016	-0.31486790359937694	-0.12653045353099746	0.30315678515869454	0.12584708634501623	0.20645040147839533	-0.23126966062714446
DTXSID5020281	-6.3389338981432015	-0.2834400695377731	-1.6666439261794568	2.03493069480132	-2.2700815477594367	0.015774187341607328	0.0942760349445554	-0.9503100991058362	5.505466029995698	3.131809929835477	-4.8453908280910145	-3.5695237199074543	-0.47002478965030714	-0.43471983322009033	1.5702722445512531	0.4575801735950448	1.2288829298156834	0.9083893916466204	-0.756532356132134	1.7135634628234597	-0.0903717045849637	0.40253658558342803	0.18781485915224497	0.1814899991863274	-1.011080013858063	1.1695827535179293	-0.19343879334754016	0.31088964521098633	-0.18610649142028277	0.06252059529516725	0.43563798309129687	0.07007191917543588	-0.4400290842949762	0.6601949250077376	0.003004492953592317	0.28069797052054496	-0.07720700945763559	0.02239028651080313	0.41050041397988907	-0.5715398270216862	0.34343858161289476	0.44432865145682254	-0.3322715901018798	-0.4507984158191744	0.22678827134406473	0.22583980398671094	0.32920480753604403	0.2525180990230389	-0.25369352652099963	0.047693161309834343	-0.025431538011515716	0.5382090353272673	-0.5801168926250913	0.34975566409448083	0.04294263164928914	0.16407922642806333	0.5117508717642583	0.18761676644597894	-0.25214510809171525	-0.07087061001212025	0.530576514136682	-0.2758820628149426	-0.20265849347490728	-0.1407504811888912	0.23309453395719887	0.15649121460854426	-0.29951787238933797	-0.28234463628995343	0.13146974103902953	-0.08746048463697763	-0.2651466227952619	-0.018795254563614052	-0.017045185637566965	0.13704298238943793	-0.15527445860130162	0.328448666898002	-0.014547527370191594	-0.039441238445059854	0.22965040721133523	-0.0870700007835773	0.01950214249190332	0.1039992170481771	-0.14050634173706833	-0.5230252221879405	-0.035460307552084604	-0.1016404921934317	0.1609567532005245	-0.02468035275849559	-0.04541645878773995	-0.2231127677327606	-0.05315573850571758	0.05828751534725539	-0.3097891756114347	0.3189135023266926	-0.3957629903863001	-0.023053271670166662	0.36741881449150793	0.10156871374392597	-0.08617313054209073	0.21274161647123577
DTXSID3047265	11.409854082662921	-4.576918968850694	-0.9416706565288019	3.442466607735351	1.1019929804540645	1.0111599074457274	-1.68282897407211	-1.2650151378113605	0.9051318240009879	-7.0695749908376415	-2.5027647558145967	-3.012733502560663	-4.022029148654258	-1.3017324429613202	-2.34677623607636	-4.558956152075391	-1.6357114772474304	1.4127368226205457	1.910650641495313	-0.40500990779199625	3.297444241990536	5.00492612322858	4.640903816698286	-2.088080399895631	1.768597943809854	-2.276570158766015	0.3122856559824348	-1.9672417044303463	-0.7601665869861736	-0.4144658256253043	1.6128919523006782	2.894435014697031	-2.3214715477828793	0.13489980312060493	-1.4194222564965813	1.9107056381582472	1.9183635455512749	0.18274525182548215	2.0305648297025165	2.0465514580976802	-0.5150384438561542	2.2661492377449006	-0.15133889323137756	-2.045031602765377	-1.7869407111700562	-2.1112397216984897	-1.9103940205700682	-2.0040556145788133	-1.1594022037844927	0.09936741481770835	-0.2631080016232322	0.35891581485634827	-1.4397071040796823	0.25096636251633014	0.40155888873687057	-0.5359564709074639	0.7209215146130556	2.417054207395505	-4.190632490596096	-1.0698648524563719	2.3701783430576135	3.990410916426417	-0.9728897114303067	0.31562606354618006	2.386143142143	0.27469246708347644	-1.0230310258409223	-1.9896150119692322	2.3685185430361946	1.3107352684864901	-1.650983711892775	-1.9616270009816814	-5.839365164070173	4.647119784034615	-1.626389592451872	-2.753682371963755	1.7772891597833995	3.4051515508590384	-0.36191758343396946	-1.272150512282326	0.5312873968421268	-0.13049047567743244	0.4033975687616014	3.022077509960215	-4.1357244152184505	-4.236043760848203	-0.6544820576305882	-3.1728959759169197	0.25515231812039163	-0.8477483538489103	0.8548494341941496	-0.47931461359998817	0.029058860604736194	-0.336695617210323	1.1325316088649389	-0.6845486983641019	-0.7743725143362554	-1.487785964624583	0.23871891785100682	0.35521933981276604
DTXSID5041851	0.02364692141667397	-3.1470860788464745	-3.4000201267744443	-2.33681086443256	-0.736224456267803	-1.4231289218218637	-2.614524970766493	-0.6637559254748523	-0.23005612361376285	0.7037065109517029	-1.6687547140172632	1.9064905578373783	-0.45248918662425297	-0.8757402926472477	0.3770363606382892	-1.1488510638199358	-0.8323993185263144	-1.7613374716253043	0.4859140800899891	0.03788764551137059	0.6154835488835032	-0.4948917602260646	-0.8981426741862423	0.43588848944505015	-0.5984162547941726	0.7654237469547427	-0.3372478939247922	1.5475840813014154	-1.024547692155917	-0.010090109490733247	-0.31099830929615174	0.6909653927279019	-1.061286662572426	0.07309765594428669	-0.017581079491921028	0.11931934358980718	0.8346706991856092	0.9696419885397949	0.38679249646676944	1.236846061534913	-0.10340315654159066	0.9003807183186029	-0.4514940873679132	0.02667846688856621	0.06790586199590982	0.40386992074089445	0.24267552376818521	0.07697337472784495	0.0760262417133394	0.627928994193563	-0.37538476672360144	-0.41183517037716666	1.5020442373246727	0.49672106679229194	1.5681425950158476	0.39006472927910074	-0.8766129846959638	-0.40296401997133335	0.7025842594220834	0.19091936684644067	-0.21072361717300453	0.4516246233918817	1.5372519532941509	-0.8572981995592909	0.5071498913514491	-0.6645736809267044	-0.06076766989960158	1.4285262359445337	0.07629128390763908	-0.2628505282877447	-0.20278714741752665	-0.7389795294387858	0.43331058854864335	0.39547381871582055	-1.5935355819423838	-0.7079225079756594	0.12797953887205904	-1.2094713646003719	0.6105331134592359	0.05666367331605679	0.8047596595367607	-0.155847579875231	-0.766581649999263	-1.021807340732126	-0.01947128789614107	-0.6982536101233294	-0.6241994996260737	-0.9548733768257212	0.19828974783537476	1.333975032981792	0.727551088321604	0.20048154027389808	0.1889815956918949	-0.7649686600555659	0.12603208185127035	-1.4633146111871558	-1.140602210349875	-0.025262465561729217	0.3753759631180175	1.2040579595423169
DTXSID0047036	0.7598991733976121	-0.9678308218767927	-4.461756340817128	2.6794369045589104	4.749071511662468	-0.5806569720430449	1.3144636369980314	0.9075436062391109	-2.4849271833385203	-3.9057655139111978	-3.327357623399243	-4.881224516855649	1.8985840325558245	9.150232389992697	-0.908591006486467	-2.8967905449968177	-1.690663102414331	-4.194420069650619	4.209525714635832	0.7755340631943222	0.5044313849972354	-0.7945631015196798	1.7930121480040493	-0.7732509161141474	-1.3320152953500186	-0.07006159446936625	-1.3551621023081566	0.2704125047775361	-0.23760236460285863	-2.4727948558815096	0.15318948202961688	-0.18877872326758222	-3.0376702924003944	0.1565397501594268	0.24166009195761096	1.4462711306799876	-1.1231196366067804	1.4282490929657807	-0.6924590185449381	0.7497806638556472	1.0540437297237166	2.557878561721909	-0.47791368498843845	-1.2973264156716753	0.5475184935552021	0.011639515952362756	-1.145933979779776	-0.804818950076122	-1.2409941450646957	1.5526104217284744	0.04442852094427405	0.260887549859517	0.5697651466734852	-0.5944713743364561	0.7898975404827927	-0.4401031364711546	0.6765309467550308	-0.5277585670844351	0.12149192675816975	0.21626490118678557	-0.35257312301101645	-1.1743333087810814	1.0958833251747147	1.0052250897245354	0.779175218643687	1.8375026913299297	-0.3561405511826261	-1.2442144790310994	1.1760916177800458	-1.9322656118063888	-0.10847311795821724	0.19985431709549273	0.5398223172581643	-2.032811732096304	0.3524916208629064	-1.10777894515241	-0.4328064989996833	1.4295616781115035	-0.16393049528032783	0.3191366915246711	-0.35345583918256124	1.7879471698519898	1.1021104221892324	-0.8557694506611159	-0.5231296496959555	-1.7326862708013986	0.09217581138022764	1.0356899447265226	-0.26361297932643457	-0.037891518066207504	1.147759868941579	-1.1162024010161904	0.6675069476595841	-1.034574686148679	0.7656764367807981	0.7021006573063344	0.0021882104554635114	-0.24923817060964307	1.180815597311454	-0.018949439657697596
DTXSID1048592	16.392259875940372	-8.750448602450524	-6.822519678929319	1.5052243629261575	-3.7232537259889558	-1.6230337442138676	6.529895922828679	7.562569292204878	0.6868806748216699	-7.2453946425026485	-3.7154158587100596	-4.424960130348874	3.8108090451826597	3.5257342872172033	-2.654568389552667	1.0122324292992582	-2.0170562028954047	-1.3687817032575347	0.022746930846636502	0.3420216443629828	-0.23344599319444675	-0.34685369378475966	-3.01745678335404	-4.0709248041925274	5.005397092258729	-0.2231888775799822	-3.3448901337531156	-1.1866961213322973	3.3151924599956204	-1.5731023632793033	0.24847252988053883	1.4662131380984218	-0.9049444686782387	4.9288221118483175	-1.8217544737161608	-1.912347042730421	-4.000456067992641	3.451038160606443	1.9865317405034446	-3.682324271164225	-7.485324885807109	6.881235197495145	8.991787109297379	8.201737253556177	-4.6340022265107805	-5.258788175395717	0.5979014396834922	-0.8037597426946362	1.384007128088752	0.5158764611743137	-3.532827783751064	-0.6717683387645104	0.8833470715822458	-0.6832568234662003	-0.5258719473996812	1.2928529900388073	-1.5224274082913074	-1.6734123710608308	1.1306123594942337	2.23587984290722	-1.070344883962442	0.11064597246763394	-1.5848844844971115	-1.9586125250079478	-1.1174447165339945	0.422276879765577	-1.6545174935411096	1.058056747558051	0.13414301354441235	-0.5303890563805455	0.8633140601493127	0.47363338983037223	-2.1710204530829373	-3.5332375177533386	-2.327690921936516	0.3276554197915116	1.2135427063709492	1.4531368617288536	2.07466589623648	-0.9368707260771304	0.10136661113072132	1.5617875503602048	-0.6017402463772321	-0.9430827646732772	-0.4670549657820792	-0.23336652300739416	0.8433099434916909	-0.6054567340947604	-1.8557008353888762	0.5239133671922451	0.12632392895059258	-0.31856535895554944	0.15443195232183293	-0.004450355187414462	-0.3872715193229698	-0.10595761916632737	0.360901350610156	0.6310652939499246	0.8539702681190438	-1.455392576061053
DTXSID7026368	-5.966338765663072	-0.727062184688869	1.0460232620589747	4.8362988836322005	0.36995237246186785	-1.7069055697821087	0.5365707277026933	-2.3054549720160025	-1.162195017276763	-3.0511626573254675	-0.33802000995865267	-2.1300154234030497	0.8742873625586491	3.2556266603716204	-0.2828083294453305	-0.20569918602386417	-0.6817762360029521	-0.5280220113278481	3.127807170026502	0.8207061980445781	1.0261468186597662	0.4317391241088026	1.1021955326760502	0.4169647936191314	-1.058112033074596	0.03740198703430539	-1.6345634458201943	2.4667573447909783	1.5591565328348342	-0.9290484271598634	0.16910532370215808	0.48572312476972745	-3.1410729610484247	3.5999597653666395	1.9156722705494522	0.6118040250960309	6.606064541592811	-1.1815297108536382	-2.846991533445272	-0.9662922409489725	-0.6852346442350737	-1.867226760813431	0.1820829698751646	3.6984839371646046	-1.2292800884561679	0.8837199015242624	-2.10792596714134	1.9032431779657668	1.403167721884827	-1.7921732227883393	1.5238327219378436	-0.09062492501643261	-1.870471630759388	2.489082915162468	3.1101108796928356	-1.5913025505761569	0.6466687869482142	-1.4000823635572952	0.13883453428405604	0.7394629869037652	-0.19542128582189588	1.2198134295460306	1.6582961775274059	-1.304282972946288	1.0366690146216981	-0.43828110181523466	0.04732626998785862	-0.2641231303767499	-0.6010674374833839	1.112729295379844	-0.10164777644971068	0.07519347711802943	-0.15013996504396393	0.5189450607191405	0.341321939833892	0.7614431622904061	-1.14172702600302	0.03201458384869244	0.06955357305155714	0.3918945602625251	-0.224079626313911	-0.19624231437056186	-0.3111028542017	0.11982074754588602	-0.27438621422272697	0.53792012628957	0.22303714336221933	-0.11587239251937018	0.27264065342400107	0.06205959571772687	-0.5177791944053802	-0.05310312281529534	0.33727424155098423	0.4517974895636904	-0.5742421523768758	0.3939023827321732	0.6126001097961347	0.19857643389619647	0.03028952651771133	-0.2236018684653556
DTXSID3023427	-3.2845273667515826	-0.4292265264837237	-1.3545651910852514	1.6521926840744585	-3.1965607955575273	1.6420355863538765	2.77044350560183	0.37412264882585017	0.24514228895591272	-0.5534109953853279	-0.1728058274837185	-0.6266256647841904	0.7011740391208747	1.1456188921823012	0.4740450134197772	2.3621442941961805	-4.517427704314454	-0.22409658768561042	-1.5076948707321367	0.6754665812487773	2.0930850374116217	0.8587034684027439	0.062244740236155116	-0.1756529512585808	3.7790409795601514	2.015153497818565	-0.0009596795658762773	-2.5036422408767165	0.803070059456245	1.2203942756548039	-1.1337592674540915	-2.3219138985742434	-1.1306175517858919	-1.9532697772139465	1.9266063853641506	-0.8021272839853416	1.284588460363809	1.1546816195110345	-0.43335745049308516	-0.21303990171600473	1.5968263121736774	0.011490926826068937	-0.3601109837951755	0.050624657700171175	0.5017193860645469	-2.148938836742757	-1.6587680069623034	0.2283718721781165	-0.8914728280131281	-0.9453465463860304	-2.2442281749483506	1.7351016361262694	1.0399057476699785	1.4004820423250506	2.856543981421781	-0.19308287272153074	-2.470981565075503	1.64341749976126	0.19288389763076344	-3.7144826459816196	2.153355055591467	-0.4171982619947027	1.1012784673673095	1.4790367217583733	-1.16313643809112	0.03204597070865697	-0.0654930301178687	0.9894866407013816	0.05914726367506024	1.199955164702465	-0.8152489523228725	-1.249871370356356	0.48911194137463315	-1.0379139555437789	-0.28360904658443903	1.332970071059955	1.2237949734604643	-0.8795926763123786	0.13665267462559683	-1.819809949393658	-1.582454463650343	-0.7738689599544599	0.503975962454543	0.8308794370892371	0.5118526232589723	-0.20668980753238006	0.2507305154904589	0.9594159900323541	-0.39093268096860123	0.9976238128879066	-0.9889503564065555	-0.7827410098917531	-0.6169342856395703	0.837548177939164	-0.4530597104725128	1.0400159206011967	-0.8217858561910777	0.22325830795533239	-0.9056141774905405	-0.39264016422985604
DTXSID7029162	-2.343753468206677	0.07321865426164376	-6.763170102197313	0.6740469470772735	-4.777185957312778	3.9598309478313642	2.639673931544461	-2.8763710531502658	-3.778277503700001	-0.31860028175611144	-1.3056328409241482	-1.6816944771477678	-0.3024049512720928	-0.5756189274599569	-0.6280549831002997	0.46210118678924195	-0.5458881523345573	-0.9692051740773017	0.603648376837502	0.5351007430590211	-0.493961765832434	0.027974013106588574	0.08710551107775964	-0.18934803254976876	-0.7705248163949574	-1.8807515341301009	-0.2768432548270098	-1.3205027835187848	1.7816852821979647	-0.46793578857659673	1.1210572581535043	-0.4929198825345927	-0.3557493992444278	-0.38947246363911464	1.067501122703048	-0.165651027849525	-1.28995130670287	-0.23661835489044095	-0.6763876127291938	-0.8486905945282693	0.6117107331121738	-0.08332585919959223	1.3319938975343357	-0.684737001231484	-0.16336033682206835	-0.5927180248123102	-1.5085450143486938	1.222348787001188	-1.0469582000685687	-0.271338212209891	1.6416082934190417	-0.09909068182737225	-0.4800800693712064	-1.2905349167479392	0.19183306290679633	-0.022977597855710744	0.23237816061316302	-1.2465923442415237	0.06387196752279027	0.9318390449786279	-0.08980331412045554	0.05166365871705406	0.01966474442395168	-0.3339984359081487	-0.9558310443047637	-0.7006344944695136	-0.7956153055949636	0.8216900530579978	0.8528344655076245	-1.0092752319306242	-0.6597592303515412	0.8369675275264855	0.11147846454414939	-1.063319884282457	-1.3736178635779936	-0.5942844485988911	-0.7068256574244508	0.21946424550312463	0.03641246677454591	0.09899140866890495	0.6681798060081391	0.03049852811086829	-0.28077009943245673	-0.09116161962940908	1.1020996463392307	-0.1654960909420967	0.574604984271331	-0.45755213527383115	-0.0999914925121494	0.4112280419825613	0.06430090605153423	0.3744084560743032	0.25026282432255215	-0.37713534392584375	0.04967680807408812	0.1961227858620475	-0.7144357222070387	0.2647170653476517	0.16878574303264282	0.3234921859880737
DTXSID1057745	-1.5626634884325457	2.1453671240794385	-0.30075570562459636	-1.372064130352845	0.32498330920331675	0.6697063821346502	-0.5783826831362092	-1.5908318203108307	-0.04532774205124388	0.5598845799696334	-0.49081797257730814	0.2893760302296725	1.6648380441315829	0.9723474347168293	-0.7252255291215027	-0.5286645485478189	-0.013384821358040592	1.357857770509934	-1.3304044596467914	-0.9229872398908403	-0.8841442279979611	-0.9634939181954353	-1.6102016571388071	0.23160257153561115	0.6264268137216614	1.1752452789260224	0.9008103283158485	0.14768429904498168	-0.04806620797845633	0.33400365326077425	0.6197796484480308	0.2291319435550106	0.03784341938121253	0.729560719325478	0.20592138649553657	0.3453360153990016	0.47810857408041074	0.43754190071867405	-0.4431716248343247	1.3937536650241487	-0.13030892839946337	0.41215474969175586	-0.1653540097610908	-0.2487999504495219	-0.18092809812358943	-0.11074408080966201	1.1443939004510586	-0.43224167937338365	-1.5581084877371945	-1.8333596233528402	-0.10608578791520522	0.07646140947628867	-0.1139926631524722	-0.06469644368293538	-0.5974679091419859	0.11433302509611908	0.12739096551623907	-1.5311183806107498	-0.6363090091792138	-0.39435295431552336	-0.18743651799680414	1.4994887528131717	1.0251296201878106	0.17587357562122308	-0.24419367360562685	-0.11371946604045131	-0.4212162212140507	0.051504545474664216	-0.09489299253032696	-0.38787830553695823	-0.14332406944084428	-0.5265854858584896	0.9251565872610962	0.5911642716968755	0.3580303478900728	0.11393417471361371	-0.08692995058185958	0.11568227274831665	-0.05490389707362233	-0.2648685731647435	0.08895691080888114	-0.570443283553471	0.21524580182053943	-0.38345381268385614	0.09880005030183367	-0.5609005814489373	0.009715086473504164	0.1822617027066136	0.9040950570192003	-0.35893592349303216	0.47097450874714103	0.3035339878397547	-0.011777494966033971	-0.037079689039442164	-0.2746226199101349	-0.11086626351145687	0.007956764846581402	0.21589638610882245	0.525086778646895	0.044604030976722865
DTXSID4020791	3.3150320608596755	-0.58610577532664	-7.113809190222683	0.23473655771135804	3.1261921004247752	-0.5731805001484954	-0.3960612320709621	-2.0162975583867073	1.9845788256224508	1.4310792702674298	2.9988806160120327	0.017056850960976384	0.2647880724453548	1.989052497502809	-1.4655694814340434	-2.091391505839102	-0.00882813821533725	-0.3713739122662399	-2.1282048249488903	0.3585209931273697	-0.7487611357691648	0.25620570132434245	0.3539271041741856	-0.13935701796321484	1.1378110621377486	-2.0635938191693604	-0.3905190740175961	0.4449635695487127	-1.2627026174520999	-1.5819114362162268	-0.9942094770037704	0.40947668122563785	-0.5162686773775329	0.3868569453191514	0.18383357461091726	-1.0627121895264893	0.9199320128707361	0.03985128157084824	0.6514646848707709	0.4366769734683703	0.033263452590677846	-0.021053810731483855	-0.3353639378023243	-0.2686904810919358	0.6192308555036561	-0.7246152003566219	-1.4235755561562826	-0.20877437350244704	0.9502557903724015	1.593972448192553	0.5655496382038727	0.943556357557785	0.6563152301549304	-0.5120112209860954	-0.14957397749060733	-0.3706106642788544	-1.5180304570344507	0.452865487004335	0.5509159533124348	-0.34082985774559654	0.01291979456517331	-0.041582222310534406	0.671351865435267	-0.4520890889600281	-0.5547374430603105	-0.48967900895813105	0.6375144218988369	-0.14648407444915132	1.0379004832334706	-0.03794247904788597	0.3196022293751674	-0.035900518910649215	0.22056618019323224	-0.10134406002275119	-0.15723245139442266	-0.2668015031855908	-0.17859498247234062	-0.2581603868267172	0.3674102069396383	0.02286839647584798	0.506036806909775	0.045227661813924375	0.22560685998261606	-0.3620239122605311	0.1536157449048893	0.7864857609990233	0.0023436338688817174	-0.19947670037800638	-0.704417723498091	0.29287327955541587	0.07780686388029222	-0.07983815037070378	-0.48161108383349943	0.13053773364299157	0.00026506141861850306	-0.2697111375105099	0.3147311797677577	0.10744954736475235	0.026265882466242806	-0.19560408380595998
DTXSID5057676	4.049615159098121	2.7711246984599742	-3.5980797369905693	0.23905153776551644	-0.8527284769248439	4.101317303225163	4.344512281742725	-2.1791715827206954	-1.061484331687738	-1.5434116271911174	-1.3727177358457157	-2.1193414372798993	0.17989534712108465	0.25755206016535426	-0.5224147898609863	3.3160120796184276	-0.8433770461441692	0.08135793655941667	-0.28708023172350106	-1.123199397284231	-2.1211108601769877	0.44189377791929974	-1.3845755648780538	0.5520734251493178	0.43877055379565455	-1.568098992685095	-1.062031084336232	0.37663998557378137	-1.3446280049742594	1.7682594623084649	1.7425267211975972	1.1618439595947738	0.056668760617053754	-2.0789424980377333	0.13147063413271654	0.5051071346817847	0.07538729058692002	0.1413995440950996	-0.7587475748338799	-0.3713897703642723	-0.8197934894598635	-0.9694223303908548	0.05856088725055713	0.5569834817042218	0.1633625326486928	0.19448677155522723	0.4856133129913408	0.21206266414061048	0.6947055760519857	-1.6893218013580118	0.03628856631252793	-1.3904463314765259	0.29027499242115967	-0.770480879919544	0.7083329136197011	-0.556837563304464	-0.627331761955344	2.6084744024954696	1.4486694072086521	1.066072837991705	0.6237599659416192	-0.9065585155833871	-0.8817843034609656	-1.7023208051160084	-1.6502500563725677	2.5441737650436074	-0.48365510548252444	-0.10962902323991912	2.449435003039352	1.38860909444989	-0.3993998842899436	0.3218125420405091	0.993865994764805	1.034511743333653	-0.5589230089749592	0.00923919412988283	0.004614097530991304	-0.7908465835919993	0.08898562186462743	-0.013469807945431981	1.150954353163732	-1.4551911832450737	-1.1897425731032052	-0.35003572906417274	0.3250031314303219	0.04974110643888231	-0.3399345625044326	0.26433717734302886	0.25507629225206363	-1.0429079337901845	0.6456304404241285	-0.6686486546422085	-0.09799798120754143	-0.6160508270749782	0.04827327736423945	0.3729225627197225	-0.3343344286491903	-0.21777385572218086	1.0576797705316014	0.658584705769432
DTXSID5024344	-0.7860882633639134	0.06862638379760959	-4.412822468921721	-2.8535446131936086	0.31295048574563383	0.081207954403521	-0.38849032833197905	-0.7925533164853982	-1.7383516782579644	1.6192094762634233	-0.28043999512076256	-1.2966999447923988	-0.8856993495097291	1.2580626100532992	-0.25095952855734793	-0.6504673695200585	-0.6275114602262043	1.3331160268498732	-1.3674376211727448	-2.154933657868995	0.04109200349448283	-1.5506825071953163	-2.554684592993389	0.7043147894776862	0.03628889228925776	0.9189029724536729	-0.6335080605878407	-0.17647809519044433	1.16340286531379	0.14168190766420652	0.9700228606110496	-0.46712793109093664	-0.5167306921894671	-0.04151665384150706	0.24662171904867916	0.2831120298955539	0.5835191611017916	-0.12201051575291515	0.3541363452091389	-0.1957960801316331	0.57590606582806	0.026602834978233306	0.22970238563076764	-0.25796476095704446	0.4225703838189562	-1.2866582253881647	0.4303158280211194	-1.2312625390722673	0.5459657332427135	0.6135610201020383	0.470498460376097	-0.9760360933256915	0.6714067424783606	0.9317838467093082	0.3315793566044845	-0.8532025881183769	1.5072143018868476	-0.2548124245285384	-1.2748532825536807	0.9187373584823738	-0.7580483405161642	-0.9427188004500874	-0.821451046374829	-0.8340626192970549	0.6709038628994759	0.2981004109962791	0.5319232846284352	0.8279123530522622	-0.5142381744977821	-1.3593085440188895	-1.1414896375108754	-0.9540332068268846	-0.19591047761914085	-0.06050580946298548	-0.9632419304984161	-0.7684148736438124	-0.6888506501449648	-0.05421114097943212	0.21423008978962474	-0.6816398038414905	-0.5292042651836159	0.03270606844630745	-0.06045488088411374	0.15437665078981735	0.009882433852075807	0.08705781062071659	0.11742430330084332	-0.07278346571451717	-0.13279997968313237	0.2003360306321393	-0.5072239562821649	1.1224910925531926	0.17977917054141102	-0.15665256236579525	0.09499767629111729	-0.8179219009252007	0.6907828852148679	-0.17513491870385384	0.7137187186909418	-0.06333426900585516
DTXSID5025231	1.9605421259251754	-1.190626439753472	3.45921824991607	7.9620831594879595	-0.6558902789864622	-2.097514733922502	0.6989449457025656	-2.399749748720708	-1.5003995884908814	-0.3581744716789859	1.1614648633877598	-1.0207523885741383	-1.0862806830513867	-0.881815964214676	-1.1190300068195578	0.7761393731180902	0.7293365204553905	0.5508081158323338	-2.9658039025785463	-0.26368605607474427	-0.46717593726566276	-1.354713564599449	-0.9907066438582619	-0.13898965757932427	1.3602502970696557	0.006348288295498981	2.1434709314981957	0.9366861498823408	0.12527828171527527	-1.594569930430196	-0.3991194993774649	0.8465705012032938	0.2758454656705592	0.7290006102548218	-0.33844286385634675	-0.742101064723439	-0.6522956106681821	-0.42739759055764326	-0.6752702507531563	1.78094196999744	-0.623828757276314	0.5057800605223125	0.6678865212085233	-0.23238577711642688	0.2844552623333895	0.09333070503303209	0.43723338252070193	-0.8639597251917449	-0.6689345562330213	-0.5015320442758913	-0.3705936391038611	0.9831257196865141	0.35193470954539136	0.5271623199452267	-0.4261418990938608	0.4685196442195669	0.3912968938061617	0.6474174548272156	0.4950128547178996	0.285837526738635	0.8912586394996391	0.3026200001412218	0.137262230241997	-0.6051963999032198	0.033417285161853355	-0.3900505183962428	-0.17049209339292373	-0.5601084550286523	0.2724233135328105	-0.014006029626790654	1.2890510567897109	-0.03968249981049607	-0.6474564489878603	-0.3640442983332371	-0.25753634759271427	-1.6035089938107179	-1.1101647152715115	-0.40768146311459463	-1.8416481543998509	0.5474929808106509	-0.07465748247833304	0.3784451432988816	-0.4888933952540585	-0.20129650823039993	-0.36185084352768254	0.1496553969935369	1.5389690413092993	-0.28103352411584626	-0.6501819934430451	0.04524448245263526	-0.7486039614775689	0.7523072863431498	0.9493359078639539	-0.020280377593127223	0.36400893930914346	0.6284546488100806	-0.7828063917615163	-0.7299673516538004	-0.11022893657706241	-0.42528936197871314
DTXSID6021668	-5.8532161832116385	-0.013760040754945668	-3.7073126905406277	1.0946400739480273	0.7906558657500617	-1.6308160571884516	-2.6248392578167636	-1.1089710133088695	-3.1410290276870785	-1.5405643856428142	-2.707372742332572	-1.6323492769585164	0.43139024828178113	4.626360886563228	-0.10986632766970603	-2.9424830871826324	-1.5503459086191724	-1.111165119865872	1.8427398932910395	1.2561401587210355	0.35746572808849975	-1.3996498137657731	0.19073426196123647	-0.025135703752812915	-1.9036927639187775	0.440752005267252	0.13075961024676888	-0.6842794284406195	-0.21071361239605696	-0.8480446433553969	1.3931956762592164	0.0001426255600530885	-1.1017325271767076	-0.33030087287774423	-0.07003036184611613	0.31286384948889845	0.2772457310390263	0.5384791495015369	-0.06961560710868243	0.15002955359053807	0.025543147011966583	0.8767313247756414	-0.0009218770455264938	-0.44073440372509126	0.4948041459993192	-0.4295161183137582	0.0008533013911512746	-1.450237012714906	-0.2272118834808693	0.23064714984680126	-0.3452831954948396	-0.43654859787398526	0.06158678031383618	-0.36528764233955346	0.8772311907820622	0.8436992189728931	0.25736428023639357	-0.15812106923016087	-0.7354597530388225	0.46258748854946286	-0.27470664281691565	-0.26241554647258736	0.3084704608829333	1.1420690529604827	1.5087171896549734	-0.4296446551129579	-2.09245636538816	-0.37247364668435007	2.323061403319985	-0.7595366714606093	-1.429742978652664	-0.4579357317368982	0.5513982083525691	-1.4678059713492795	-1.0777882690802032	-0.2231417362960736	-1.516920312379428	-0.4817579316840174	0.7055399168974221	-0.2933321807623374	-0.6075608447649197	0.3216470300206835	0.4902708039043651	-0.4410400554899336	-0.43307085226093667	-0.47658431468401863	-0.7905108007952755	0.08591304727886949	-0.18928034448756978	-0.665357705439035	-0.3674480957286679	0.2266431189948506	-0.625106483558282	0.22119392065024937	-0.037645699353599175	0.9943583306227913	0.26074515218229605	-0.16032242101423644	0.17918945984244028	-0.11927802025151313
DTXSID1035288	-3.445112841495794	4.419193361918149	-1.0845969564804947	-0.7516079286081505	4.51327077255614	-0.014632876730501683	0.3470470108576537	-0.8508635265156859	0.041944262054654985	-1.0401388656966657	-2.003556374281445	1.4993702352764249	0.3952000810632702	-0.3535281147156145	0.058646913934155796	1.3376427390547976	1.0315607564352374	1.2521129841904075	0.7652231075867006	-0.6264914359265662	0.22843465862258733	1.1590367523989684	-0.9924108872543685	0.2582388475659625	0.49904273529821924	0.36866483752518026	-1.4444089452395033	0.72860632407932	-0.6093902748159901	2.252255377604427	1.065087106926369	0.018968950573982575	0.5456722644523824	-1.106771789515928	0.26279751599591955	0.3475348907686573	-0.6723732417446183	-0.184225242383679	-0.2517473362274232	-0.6465394549667126	0.318885608416236	-0.1812952208830819	-0.6643600669108567	0.31440722061997983	-0.2641679735316664	0.023387018398730735	0.42835135850115574	0.35478928258453307	-0.08424706011286896	-0.42835237229319373	0.29830955960844563	-0.9445682438287476	-0.5070672260592013	-0.6067387028044454	0.41896018431316123	-1.2295543071440007	-1.07076245732444	1.225215434587797	0.6309764240036101	1.3103744353885252	1.5114774054457392	-0.36221549774948963	0.31839248690571686	-0.6384051945260962	0.6779050144677716	0.23125340675061634	0.31655804341010924	-0.3122187403202145	0.23947759174797545	0.4088701773853687	0.03128925677752732	0.10994818525467173	0.03675780306057352	-0.31423899268513056	-0.26421841045403754	0.5278898872273025	0.001004141352986945	-0.11689372421322787	0.14271257752616165	0.048844396405143854	-0.12197831692588994	-0.27006910497099923	-0.3815072524590655	0.28977863240271867	0.45143735470007507	0.027022729157492507	-0.8593000103040054	0.0947402362287477	-0.07037577797309123	-0.768899846249059	0.5429510570482055	0.3180162464345384	0.15088004315530287	0.3046555739814063	0.042175767106260725	0.19844304703597293	-0.3218643436680477	-0.12084202758592316	0.24000937571070757	0.025786373136620713
DTXSID9044871	-3.2294174062928143	1.549096947483486	0.23467801860141646	-1.2649736382778287	-0.7769373888646564	0.5810094261632586	1.462506972178407	-1.2035637252262403	1.5946265074221293	-1.9878001759242354	0.6995338352733393	0.7706779923372143	1.6610144135812237	0.4946051496888391	-0.4882873686998725	-0.017432684411316426	-3.1094597670199287	0.2758349810735147	-2.003526348248218	2.3364512854852086	3.9000755810717544	-0.4466170243439311	0.612453828989949	4.2912534526753285	0.7088108408075993	0.6840172640035523	0.6884282332286851	-0.9679842976436801	-1.7838619199815946	0.8795762334189371	-0.4255646350847973	-0.16058134376968403	0.6809251677798503	-0.8759688961569357	0.16627839289260574	0.8566022498648288	-0.11165386620109931	0.6149356678519177	-0.7754727320108277	-0.2358363523928451	0.001203405457213701	-0.127118185348708	0.3414161916266281	-0.3670297798522302	-0.30957665773115944	0.3504830260223838	0.8915273564372841	-0.67612441282545	0.7075666864855513	-0.01693201345602518	0.3820237708189597	-2.069273357966145	-0.36483091894348785	-0.4529470400497948	0.3107849419601898	-1.5121197068469394	0.3186836837044508	-0.8828777560209017	-1.1401122428586739	0.2529998698964664	0.4267241787093058	0.5810582768796873	0.24108180526583714	-0.009012449560625191	-1.1086734863759105	0.21393067529341517	0.05930043524139885	-0.046158861599957274	0.22134585127720907	-0.27955304839517464	0.0539392112110659	0.25258334330693416	0.526982919996906	-0.2966325966856853	0.07436098873196088	0.07183261514632805	0.4452610014925018	0.2675745324431069	-0.5161625789951643	0.49828403112436176	0.56454851095966	-0.09659742464108372	-0.25392506106121787	-0.2080767959791612	0.2189884559300548	0.12690617714644228	0.1487427363001205	-0.43934451771946126	0.054511401736896205	-0.35586334868652525	-0.4332953771592919	0.06296708930742685	-0.1186906999832762	-0.013013157568925635	-0.7701058000322392	-0.25960772081985484	0.21192913273382138	0.2991473761279863	-0.29865872515445174	0.15192432516507312
DTXSID0043763	12.69302443895138	-4.133853463928154	-10.660925767751557	4.093375453575569	-7.627187348931994	6.867905016473693	7.498371835228306	2.3748687538362536	-5.6457119163107246	-8.0825714749057	-3.2111550584552244	-3.1885512771015305	1.7775835351777254	-1.7550051102557795	1.4116465369099027	4.360595454192005	-0.38989674898281473	2.445837203570503	0.023113820691448423	-0.6335961651704227	-8.194684426279306	-5.452993298804869	6.765572441480076	2.9546278869825016	4.521318458346852	-6.138114055075424	-1.7089635355077903	-0.5402601150762376	-2.6203829585843437	2.1000444159538985	-2.0633532524580014	0.9974527307204217	3.0672696806389386	3.7378421937120687	1.2888002624547896	-5.259322730867918	-3.810408153298404	6.071345490952452	0.8137385373780575	-3.7677761544441712	-5.404611195393847	6.085611587934685	5.505060338455546	8.681321179447973	-3.967819088910733	-7.719070788050104	-0.4742317386113028	-1.717889425906503	2.709459451506594	-0.2475730690688546	0.10717194085233135	5.9074556722736995	-3.8561143336277106	-2.494330428993169	-0.0890280164845751	0.9329411305872346	-0.8087207094501885	-0.42152084295839654	0.9738242191570327	-1.2557530812144242	0.11330523023304544	-1.4299027467355363	-0.8747599288326514	-4.053956297629104	-2.935795050888976	3.7446119585787807	-0.5345554907207672	1.745309954719783	0.8699177869691008	0.9857536467110931	-0.37097709833812087	3.2504712938910383	-3.158809740691438	-1.365029065172317	0.9969896220354896	-1.1437367756839534	-2.371795958546423	1.5087259344071007	-1.0153372462823411	-0.4643141364417505	1.226390610199128	0.11401415177781771	-2.0238619554012707	-0.5130616057055589	-1.1037261433381034	0.9408437880064602	-1.0577854375195046	-0.5769977789555888	0.056909773065019965	-1.7144406075894718	0.3339865825835309	-0.32720862235028325	1.2592247636039648	-0.8857234759471585	0.17154319608256355	-0.15470238532953223	0.9408230697443538	0.7781329475766934	1.201921782091818	-0.27416890651510517
DTXSID5023825	-9.89147837274345	2.2651703266506873	-3.3845299028219875	1.026900052287715	0.473221148715529	-0.723393133516365	-0.49050210269263894	-0.6654471278267284	-1.162223774370932	1.1301458117680123	-0.5553573396018374	0.14191318829769428	2.1378658110305415	-0.43596505586340595	0.029583829892898084	-1.3184300664181636	-0.7905035810303234	-1.2637933197105538	0.7263960076687133	0.8785977981387701	-0.45652668501307014	0.17901606583715654	0.3296373173370154	-0.1165107840013696	-0.05207502913878618	-0.518548318717472	-0.0972643039712944	0.16231919687269836	0.11350898655828622	-1.407205363506386	-0.15208475667211335	0.5174459157940687	-0.8688899951812751	-0.3381146721257198	0.9406250992133661	0.11741703430290322	-0.5043969705325269	-0.015890454694685426	-0.1355978520654885	-0.6095266690149808	0.22914735629354635	0.08472606967868589	-0.06588171313476474	-0.4385009994501239	-0.15298164679986806	-0.17730282328320762	0.4564970505142385	0.563139548464938	-0.23925449623977807	-0.06974861202181457	-0.16477322600635147	0.33838140956005963	0.026017605450219472	-0.05146594737195483	0.1948222530574185	0.25764951598594055	0.4053077814305003	0.3539813219761288	-0.7535778984811763	0.19708916604467433	0.10214520129960579	-0.22426268848764921	-0.013773566955929361	-0.1497517115022187	1.2391464135668235	-0.513627250573157	-1.0997194267573762	-0.7439393539057183	0.09590451032663454	0.8767111500181322	-0.9477586506239684	0.24673978827957832	0.25266094524582616	-0.6339832846038991	-0.9269765503646118	-0.05031344564538804	0.17445602139091546	-0.48930927945745156	0.7875946284784913	-0.24905627637440012	-0.10620017716760066	-1.4420869179251319	-1.8197155140648489	-0.7704904277107061	-0.9212116098014944	-0.2545965056524505	-0.16675180182164692	-0.5852522964442796	1.3279249739294616	0.9830762513456603	-1.946681138922876	0.10871972927191174	0.27513630130758193	0.44241852126887155	0.5112693832329679	-0.9365878668661429	-0.40035202542359727	1.555635243484925	0.2429085997272148	-0.7943123435665267
DTXSID6049068	-0.5076389669853213	1.341449302616084	1.0386474830396049	0.6181569509702962	-0.4169712660657997	-0.608864799370387	1.5415964156261033	0.245243140159071	0.5690493370450409	-0.2288401922477322	1.7778934108637494	1.2578648279324065	0.25931519694251487	0.020212800193344236	-0.6170084506106901	0.5842249997179848	0.10121765069492858	-0.3586908833478825	0.45276759744925255	-0.6348708693691713	-1.1996139310773355	0.5391063178581107	0.07057481185150774	-0.4803797661963529	-0.1513036488724347	0.8205555380861733	-0.11273093336228415	-1.2252255404720287	-1.407897775623165	1.1022659454895263	0.24106041614346693	-0.6829443458215568	-0.6970118709574914	-1.13011937685139	0.16074512332815338	1.462455274020375	0.3480364773987615	1.144590750965831	0.6322433398199672	-1.2869640025366913	0.5873613283525784	-0.0019611025160070497	-0.48886919878107105	-0.28259956787961094	-0.11872344535542194	0.12262312322705693	-0.06960360599823175	0.378531971516774	1.2525061501592818	-1.0636070665923696	-0.029222760772940927	-0.44509039863243927	-1.2202189211242342	0.4673477144249109	0.29462940288216727	-1.4103533388681695	-0.0025189082680291378	-1.071833574070683	0.6232741211709841	-0.28716662655048364	0.09660745773702707	0.5135698040785713	-0.7238834697669807	0.36363348839579185	0.35622776242321497	1.5928485233710084	0.9651340174596557	-0.8477141043705619	1.4680235772561139	-1.1333760396442445	0.03130846444578556	-1.2139043288516722	0.010798939491527547	-0.9717471799894546	-0.48567887031472573	0.19222615823697783	1.2907919896982798	-1.6468858849276689	0.08934164233422842	-0.7332171742341022	-0.4226631725203662	-0.48582658272116125	0.8031708200372907	-0.7306189420785546	-0.24329096096367744	0.16777131420183433	0.26986424543139015	0.2662550353882182	-0.027504959028638948	-0.454122288411375	-0.11318697643712522	-0.2939095749983477	0.3677855238268258	0.17214088768257033	0.13198220991907855	0.40012599600089815	-0.26317630330424235	0.28869985825643546	-0.8568056683551831	-0.31560852864370265
DTXSID3057642	-0.8318438735295606	-0.9366312519540788	0.8194647744622038	0.07251789147383927	-0.5249608748228035	1.871335990045097	1.4711234506252784	0.09901354166278305	0.38816244815344764	-0.7772784827010688	1.405813386953395	-0.8368663961511082	1.6049146230512978	-0.686615581789848	0.6829691808775407	-1.1231328636750058	1.2927461393903172	-0.5987309716204281	0.17086902031323362	-0.8447789633216581	0.4348213039290774	-0.5047882259114196	0.6789420515876304	-0.6160845843493297	0.1689943096316532	-0.019244570103139187	0.49935941298482367	0.39091090614478835	-1.067203477691865	0.6509629423660898	0.22659132289883008	-0.44213872562121276	0.6141260299484971	-0.5201531623252962	-0.08257553403208391	0.1192621068763008	0.3752878343943539	-0.23403899073640663	0.2271197774485723	0.2276599647265522	0.3516352877074908	-0.670267543845126	-0.8467227956352394	0.8593985966428647	-0.13490091128449763	-0.821735811366718	-0.08467330180852822	-1.6771882204343187	0.2398665334845056	0.3565796968310237	-0.5206295160754537	-0.556819588721539	-0.9608306032489672	0.40834725610467415	-0.11156128147010481	-0.32639496921597494	-0.6919716163672774	0.08940514279579252	0.2127272792741667	-0.9669366173833949	-0.37418529396994804	0.4329305578990793	0.3284729157772672	0.986623929443006	-0.537800812168464	-0.028813788165595877	0.5241921404635618	0.00046322640922929597	0.5814744067395603	-0.3068667108593982	-0.12970381828640723	-0.08132436325510198	-0.2859111755004732	0.36046640830911053	0.36757708304780223	0.07532598033528805	-0.330845374280518	-0.47083066466079826	-0.38267165484720056	0.06378470567928593	0.2449020274467367	-0.4939415088660776	-0.4602632331542726	-0.4680091789515809	0.1959233325835709	0.02819120401927057	-0.13881385356862894	-0.4908720869951627	-0.18136215619425042	-0.7276860234135715	0.024940537250601344	0.21141632755077053	0.5073863666982329	0.5880995105452237	-0.5205856937325117	-0.3229066080857579	0.11497509024021929	0.30347907339810376	-0.012856339987948993	0.24460396480430222
DTXSID5045465	21.21583217989558	0.1380807189669632	-4.58351401521497	15.968504769516738	2.1235285758252265	-2.9222398819045967	-0.6823460885859342	12.053424418583502	-2.708640656214591	0.22004693189041666	-2.89120946896065	6.244112863914552	0.9693925038753668	2.2855655570312963	-4.866222144786879	5.564550787111377	0.13775553018441308	-5.355441426491749	-0.15916161000932164	-2.803151281165444	-7.508998435617244	8.392279902045102	5.384082288566749	2.291186198426334	-2.4735217957038604	2.7716652747977037	-6.484391417428068	-9.099032247472742	-2.4587876488467955	0.7142690317390048	-0.4129774446363094	-4.226370040206006	0.8351814188382695	-1.7674628240249781	1.7089588713548065	-0.7953108404985765	0.446064255322184	-0.1680341182150801	2.018165633036095	-2.8601663914273088	1.5804334108883535	0.9453524603875115	0.4605148250257526	-1.2006788589758752	0.5410697361097135	2.2447371783495886	-5.736686326875886	4.991978993491092	3.9113282713719104	-0.0460205384032021	-2.313415760649166	0.2839980815050488	-1.1890861747100305	-0.07471518130934329	-1.6911649538449804	-4.100174591694566	-3.594370457557026	-1.4494063604258587	1.0579142317415358	1.363134792750607	-3.0262760733156706	0.8110156632300072	-1.9960650463807492	-3.3095708750789594	0.4389025502893963	2.2798303261879838	3.3381962325781798	-1.9340565483851433	1.772323664408801	-1.1209218607368088	1.354372954900999	0.15292596051958424	1.3317695308881161	-1.3379356954633705	-6.4172614551715	-1.044682871413135	-0.6167790740332857	-1.489646493925492	0.6661738502190859	1.8434963330705532	-0.33750228051840536	-1.3684266488931691	-5.102947966530443	-0.05279918026558543	-0.20497272283948562	-2.505127718571717	-2.2974247180844363	3.3577307972052743	-0.6294159815365088	-0.5957307001519737	2.476406390293381	-0.07857699089425517	-1.483623086101095	0.3322374033805293	-0.069361250426141	1.8693221338105395	0.5335797202196472	2.7532954837336368	-1.4624214097149288	0.5144712024662642
DTXSID2029298	3.3998994044070328	1.1075035149201298	-6.234050324222684	-0.6536289004826095	9.31260257652914	-0.010326272519395194	-1.7413222028469784	-1.0490836225121782	1.7136998644672163	-1.6538935803900228	-0.14931973220788233	1.7203311551116154	-1.7610152128722847	-2.9847471001915253	-0.4930556386566658	2.808270108131148	-0.04173761021051949	-0.641108998559679	0.6073621486778051	1.8550474585784464	0.10599203244888969	0.8519532508060852	-0.5754192587668719	-0.8831603753667906	2.411923131200138	-1.7827198113658609	0.171578093346783	1.149097973251652	-0.02071664721499846	0.47950965471647833	0.9359010663488443	-0.7430455197822841	0.6011741224887949	-0.7002093641343892	0.349772277823627	1.3453116459569265	0.2687772229797234	0.17545376987397324	0.01868691390455108	-0.24767304259634687	0.3810537976385972	-0.3523686597213445	-0.8652598927590555	1.583056645381841	-0.44050524965162097	-1.3938575295495421	0.910069221243823	-0.4193599801132247	0.9780404730200288	-0.4132133492023496	-0.8859490540974553	-0.09808658330034732	-0.444642444535201	0.7325568503039102	-0.7154031702270831	0.7124930628419193	0.021047422638739953	-0.9803037502048741	-0.7807296449598162	-0.6554878632850991	1.8154868340241124	0.6704851670054146	-0.5755087039021487	-1.3455112931953581	0.8791604365039933	-1.329052088324897	-0.45336130142386083	0.44094470443072886	-0.7131864378909166	-0.3687583980659681	0.14281760845533806	-0.42319711261412696	-1.058230495912543	0.86860418252967	0.03440522540794933	-0.24539976224231688	1.9141093500348771	-1.7010280763890993	-0.86973637570177	1.5030867155183403	-1.2674773434882434	-0.5205269115883192	-1.1068102721113255	-1.3688881671494806	0.6297980653372695	0.25273042201888146	-1.4477725272877147	0.19642901786323677	1.0410437463733557	-0.6838774372205362	-0.49372201855536796	0.3765838460337404	-0.43739985109700524	0.30554348792503117	1.9204111641771526	0.652735293303646	-1.5317408735872184	-0.27264688702603856	-0.3505895576338603	0.8610913739874133
DTXSID4032376	0.10925467410955556	-0.11420410000022091	-3.8611109766783085	-1.4517225881385516	-1.5393380628255091	0.606301758656568	0.8960298834646954	1.1015755719032188	0.7067088036932605	0.05369860449011192	1.981812113543656	0.6147522757238354	-0.6786605689883282	1.526278750876469	-0.2802076234975521	-1.6730388979596285	0.7229825948645003	-0.1676620309012579	-0.22523732680715808	-1.4830936272042567	0.12226721470387936	-1.1067149503746543	-0.8357823226589509	1.025382222886378	0.29062464471851607	0.31000163306761913	0.4131837536397915	-1.0269465074976196	0.03362573861679663	-1.4608776663871035	2.3394847521830155	0.34272866089969073	-0.827801142289191	-0.57045281686114	-0.8369706521992932	0.020095537627012484	0.580551936367911	-0.18225625965726036	-1.2006396989758497	0.09951956140041547	-1.0150044517752603	-0.5507029174489567	-0.19281418054073907	2.1300839757176337	0.26292626902245897	0.45957734025683594	0.7170341994892035	-1.4024829991268828	-0.4619463005000617	-0.04983029215217601	0.5788998868389477	0.12746461935181372	-1.0791594633833317	0.0109985613471904	-1.6517348156069773	0.5222369262528421	-1.2724637175078122	-0.3182246677671214	2.2131971270503756	-0.2583387877661159	-0.004311164672083799	-0.8656555360320709	0.17133010545863145	0.5014717808791191	0.04885085179498415	-0.07243374597723386	-0.3994367211185174	0.5337031873012302	0.30460035466509533	-0.41935500080253585	1.1402283281447871	-0.15553329092670604	0.28784178374858316	-0.31047976749343914	-0.37000914077246666	0.27423120267891704	1.0707795279473065	0.4064388912913761	0.3216815305072473	-0.4800948262362034	-0.23907817908327275	0.34019482317564853	0.09012916404236913	-0.3443849983977965	-0.3549387858813947	-0.37016292080591623	0.21435543526475145	-0.771499361083689	0.38039786984255597	-0.06250020476291944	-0.6750575429732164	0.20925686444258954	-0.6237554983213798	-0.05462924393961941	-0.7662997283832268	0.5195315815715823	-0.8799872580022284	0.10442919155969471	-0.03518488750469403	-0.33716962104275505
DTXSID1047786	10.50939304488236	-4.46637981957133	-2.8573120714886904	-1.8489003157289743	-1.7745794845010292	6.138383099352162	3.493318256919096	2.374413900147073	-0.1270981410998743	1.680079440413769	2.6155563216552524	-1.5530704613675146	0.04737250786373767	0.8347661485196234	-1.2488251004227309	0.7973802951201246	-0.39751526059521786	-2.1924197657430438	-0.521469377078502	-1.28216993563435	-1.1755069182986149	-1.4406222627035041	2.4559684151579275	-0.9744709202818675	-0.21246987778107068	3.7694731719349934	2.3423556201942284	0.5183758148692884	-1.1818482513098807	2.72844300086412	3.379131828757352	-1.9275791039434849	-1.2292376489682593	2.4240196263704976	3.1102052843940946	0.144891013568331	0.3253412461721962	2.676369359444854	-1.4478846770047418	2.536481592028801	-2.878533152228441	-1.6118981747839243	-0.5910866061093123	-2.2639686042005853	-5.20492594584137	0.09025044588860241	1.7041001232231932	1.0384837862514018	-0.15964472858148138	4.957005747502073	0.3434601250880177	-0.355400310248427	1.2884815448154026	2.737075388225854	-1.5806923931628765	2.2174253905758885	-1.787729873547754	-0.8862596657298067	1.0744406392377348	2.632294804877992	0.8732083252455554	-1.246901461324658	0.7971943699183389	-2.6567199189145887	1.394902617234937	-1.0020085285960851	-1.0185390927585658	-1.5367531818388895	1.367681253398196	1.3718193611827731	1.979289739032589	0.7930426232831678	-0.9772113936895007	-0.17132231538506862	0.9568660576121372	-0.2972283617533119	0.7084617479908167	0.6961568896173725	-0.24869066264625211	-0.3105931970857176	-0.38048363359031545	0.886256977358312	0.07334993245971794	-0.4532588922257392	-0.26766365418194327	0.6370394257386149	-1.2003170562216234	-0.6272370698624835	1.4420704824459905	0.5591322973442578	0.2774894219948276	-0.04478078731026894	-0.6098808149221224	-1.575505408070098	1.120829851596346	-0.8052344620447441	-0.8386494415461458	-0.331824640493976	-0.755897798414457	-0.8401733266409149
DTXSID9046108	-3.5336575984814886	-0.714111178787185	-1.8598152195364206	4.081108163985275	-1.6565279771833368	2.5431641898000725	-0.16630903834619537	-1.890116086771771	0.8619693284279011	-0.6832760395518268	0.5788901005737018	0.8770262399016275	1.7816974475218457	1.232284197896611	0.47234019739213645	0.6451747979958465	-0.3857394748311666	0.6088341853407943	-0.7931782962026167	-1.5101517518536902	-0.31721041975049785	0.9705936535791522	0.4508457570248709	-1.0932785177058968	0.18364863923604557	-2.1164011482801866	-0.22822618553738372	-1.4898528989120188	-1.6401874095717708	-0.20410033230677802	-0.8485797720509655	-0.9281599666439379	1.647618547910114	-0.8162512494162188	0.01053992739833529	-2.134888363697718	2.0101380408402254	1.064831961916682	-0.7705574963989681	-0.8091339971262438	0.3555338668628503	0.9684095686323706	-1.1247620215502943	1.6133193714280554	-1.7047573044340625	-1.0440330532200663	2.417445207316523	-0.1598320009607121	0.4279463767212835	1.1160915186489975	0.29556182625049576	2.5418614301254285	-0.21875144969202484	-1.6400006860085805	3.4437770293572303	1.7637778686591594	0.46467259633610286	-0.731180576180042	-1.219275405881605	-0.02729279186134959	0.3014698055119725	-1.2617197710210182	-1.0994948897769894	-0.3133102810313178	0.01992305091239552	-0.9330529674076904	0.8526577943769069	-0.13658699215905043	-0.7567105687153798	0.07778631162302464	-0.4718802789975888	-0.20490910569038	0.0734490366608392	0.9757609319719526	-0.005601957955546931	0.6156010351017156	-0.43534526862865147	-0.06898031497566247	0.4256385907638325	0.1128814214196044	0.8040133944636751	0.33050050821980775	0.0015043885524795122	0.38570990092764995	-0.4941775542716911	0.5515089275920843	1.0926600131322721	0.07469593382112297	-0.22806449921848806	0.6181828769745946	0.6745344982849908	0.29741735962955995	-0.11980544073633141	-0.16983454848018728	0.056432338752817224	-0.7128201353816641	-0.16515167153695076	-0.4512187657616089	0.26425394894802634	0.20223973504062012
DTXSID9047259	0.833070993091626	0.7842292832942397	-1.763248618774665	-4.160424602097813	-2.538550323138693	-0.8685056698557548	3.0144195650103804	1.3263241059980573	-2.8695541554498774	2.929150212390311	-1.5874525537260913	-1.4985805428377879	-1.1255549348143694	1.7706279204890005	0.08731088876668006	2.304763677121928	-3.9136851304622864	-1.8794943290330266	0.43131645481995307	1.3851331941737286	2.3108580760410438	1.4788071971726726	-0.16228397803941522	0.9781393327003626	4.382193272681561	4.994301352858475	-0.5993302801212371	-2.1510666634873274	1.4590680939924583	0.6653453258862114	-0.5546800688654241	-2.059984699111458	-0.7076641708711872	-1.223237880091674	1.496959090934658	-1.5811874349030315	-0.10871861895917113	0.1598413812178075	-0.7804395243345379	0.5923773354733394	1.2199646976107694	-0.285369899889297	-0.4204478321850049	-0.4214891460847838	0.8934334507938615	-1.2068535400283789	-1.4694451081687845	-0.5697996281326801	-2.9436113899527423	-1.532726187178168	-1.9853212507846651	2.246349651197126	0.3384341451033872	1.5754730322520958	2.7882904357236855	0.1929801133640272	-2.7799815452240195	-1.1316353053888382	0.9876597970682003	-2.7940845804488177	2.0959948534756565	-0.9449764956613265	1.120824115474281	-0.4417095230196958	0.8441544465709379	0.49053958323129127	-0.5485742333262561	-0.71647461339303	0.20617139137402088	0.24254566945092002	-0.08948375552516787	0.04212483319477213	0.2476616692978324	-0.152004969059304	0.47162886640530366	0.1293682670293679	1.0428622680962754	-0.6872095290454985	-0.5025122089689571	-0.9162944818382577	0.3630551225806331	0.9001779929289638	0.6996786397074852	-0.5030912880747164	0.0991830438949946	0.16760008320396214	0.32050393616170597	-0.3512410820780708	-0.14499099015066294	0.15364609245126795	0.21221710683496814	-0.444175518029044	0.11632281386891426	0.09516214610887969	-0.6408944198574694	-0.30352753969041396	0.19767754154219022	0.16101403730692826	-0.30962761128510824	-0.837613321285132
DTXSID4049373	-3.5094110026814653	0.010873426251979207	-0.41462758732037897	1.35530363674485	-0.39708067150125564	2.113176578732784	-0.39574523349947627	0.5183115619539974	1.3415391832876657	-0.285454684780678	1.6792615073991326	1.6448852836151815	0.43919583045975097	1.828238395133682	-0.8505259380961784	-0.3270325703527669	-0.6388227098166864	1.1118549144618026	0.5966555993551863	0.585386915252382	-0.8233501466357049	1.1483085330816092	-0.21158991044837872	0.6446867345106335	0.3052997690784536	-0.19677757127437162	-0.1117427657442013	0.269385015653649	0.2833985083516382	0.19361760397620573	-0.8428807966528554	-0.3810814488441267	0.14117752736616077	0.19405247048209234	0.08928224128818822	-0.35919856812285267	0.6261755722317873	-0.2114236183930402	0.29073178503772273	-0.5345630842989689	0.12314499497542533	-0.7152374228965215	0.06705775697043874	-0.1715721578581067	0.37653798554146417	-0.2610688253682098	0.15942127043955617	0.10993887297071239	0.17365810732109327	0.5520532267612458	-0.18886135183976066	0.1759964508139202	0.6105226114026444	-0.45055709669339333	-0.36309920832596015	0.11009835532413477	-0.8573640117441702	-0.39062876840462557	-0.6647599545776673	0.32602539968659217	-0.23362754442147265	0.36273357245864507	-0.23211106177945878	-0.037313434701981715	-1.0384845078845064	-0.36161526187173043	-0.731816443438898	-0.11062613381460523	-0.04203577107430151	0.4931095959725153	-0.6901327324923016	0.4321807905982779	0.5529663029397981	-0.10832581016573893	-0.3336596166070456	-0.9891947951417164	-0.19844797348724266	0.31225195155452096	-0.11806884349662014	-0.22423290310433394	0.20941023584524082	0.3647112680695568	0.42704156240508834	0.2710839224276499	-0.5039963947061623	-0.05640278758339416	-0.14884086320116569	-0.05554343327258176	-0.16495466425175312	-0.30590710786981246	-0.03068326711216441	0.2772815386093583	-0.13171700209436454	-0.03255044814265362	-0.0860515754511569	-0.19290661739501133	0.1307751371837991	-0.09056081381785058	-0.10121310873135254	-0.09919726657073186
DTXSID1048756	5.621074436745452	-4.013804639865656	2.367989265333225	4.0137039987015894	2.2138464667741498	-1.3697934746822102	1.450403540650102	2.433081216450166	-0.7977239668556053	1.4502406785748814	6.359667678525456	-0.1999796010200112	-3.5221900991139545	-0.05911019536829539	0.7910487143022422	0.4888327768431021	3.224880234467449	-3.2744284482604686	0.09729996295901001	-1.4011400059013803	-0.12482905113758333	-1.2265192235219746	1.8725236314114375	-0.9265233263422215	1.2971439371118323	3.068070929628362	0.8175286874613963	-0.3953557589271323	-1.3193205883906112	-0.12059048564562942	0.9121000125563096	1.3688427080610033	0.5395025933485096	-0.8662542540784128	0.5436622576640913	0.3602640322907777	-0.8851519969951057	-0.7793076744669356	0.43451634346121176	-0.6115121092426039	-0.3167732754078092	0.787193020965766	1.1031715517252927	0.8571864251598654	-0.33555587510273693	-0.16164241408790417	0.9734092512513106	-0.6834461417563827	-0.3392567569058743	-1.2606799745288635	0.5309243692944466	-0.37349381514462343	-1.8756137978540153	-0.3593843008563064	0.5307938319505987	-0.9981956196381623	1.5624374288178917	0.17572276147228869	3.003179052129493	-0.9654352432113226	-0.20488223366198977	1.5037167543557566	-0.8995315128941145	3.203243069516379	-0.40965641342114445	-0.43230704028386696	-0.15696296812946856	0.07280730943965948	0.22931739286268285	-0.965109878548507	-0.07498599882810666	-0.09042300928277698	-0.058839631704941046	-0.24855162043736806	-0.9124691151490899	0.7126975412884027	1.6549771429016007	-0.5379789523554729	-0.8376326725397142	-0.3606631541047308	1.1405561107104036	0.4200102867639214	0.46351832973578433	-0.9435662576043445	0.5792185072363951	-0.43874806933520755	-0.04057417159261607	0.6540786292789812	0.7388691063196521	-1.2874091951570144	0.6374827577651775	-0.18188829785384497	0.6402234493441147	0.8306004332403684	-0.02406582546666704	-0.35240792464590537	0.9364544343642284	0.08219548226931067	-0.4487870144278428	0.09939298278368877
DTXSID4021006	-7.142072396627578	0.8047634516043419	-5.0659947876743034	4.20166051541632	-3.191720238743498	2.746596120600708	0.7207914680972234	-0.08667472790805739	-0.9601903995945352	-2.522117357629585	-1.2303525416720174	1.2120958753815634	1.469879505105219	0.4369666475929466	0.8496449145902554	0.061321109390438014	-0.31290051067696906	-1.5152802803857932	0.025299386151801512	-1.6999850928635056	0.3148958133695229	1.749051854327941	0.17616609739037323	0.5465842232147667	-0.960417043647212	-2.3637919325201664	-0.003715214462116719	-1.0706979493942974	-0.9735053920369973	0.23037336800335342	-0.2839166418592929	0.027257832505678297	2.7077045823675125	0.24407190037753235	-0.19003168668520437	-2.0611435593742513	0.224000476224746	0.7020285515225589	-0.11519398157017244	-1.3905816373446054	-0.12687490678450475	-0.43518406428984296	-0.5833464516329199	0.7063004906682143	-1.966495745471259	-1.3084614407796737	1.5492155879295866	0.893374336250291	-1.0503310485496062	0.7326147111085938	2.5558045387080757	2.7908098057828705	-1.424449987250309	-2.858085608861507	2.1635136648315907	1.2508977316075622	1.5149630750599572	-2.2804895828315157	-0.44422420290376535	-0.8960159724106748	0.6365105781265632	-1.7857836101592925	0.2880959475995896	-0.296764162956714	-0.3159706029948727	-0.6291425931976771	0.49772628737865876	0.6671523831570313	-1.349987436924227	-0.2796469149717673	-0.6002194510946939	-0.03732760765126696	-0.39499378866954876	-0.20244987903319442	-0.4885975054194644	0.9998680391127414	-0.25739841442162165	0.6444697799855366	-0.7843983836675427	-0.30205514673520734	-0.43946064051975925	-0.155331295089698	0.7497794145141939	0.16609043359595477	0.36690223755898027	-0.09987834975076712	1.0600003298919898	0.08310088157102483	-0.0962883730572561	0.44107809051920793	0.6163512567293671	0.1527104481323246	-0.00019204364939186312	-0.3118947284381775	0.3411463115672435	-0.09188314993777669	-0.7026503116193303	0.06267193264917606	-0.047456133075658435	-0.17555760122825395
DTXSID6026161	-6.094926731271355	0.4443354517530182	0.6793084136103587	2.6175437441426848	-0.09031940879541016	-0.3676585770535353	0.3420396335334146	-2.109877046075159	-0.5368251062941947	-2.9638670128827482	-0.73271254228428	-1.6874256199753928	1.366491362416325	3.846789191800177	-0.44815951329925996	-1.3069084997597482	-1.2801187778780558	-0.12673255089976293	3.1793160085374312	0.8775590123680398	0.8711296326176955	0.8601899483715039	1.3951485653733728	0.955900680257512	-1.1905225280532084	0.443364244072313	-1.1455639075566348	2.9773756302957426	2.3621042017000855	-0.9618044778476675	0.7027681940381482	0.13370515363071575	-2.3294043730631153	4.333748992231533	2.3068823008100017	0.898401728837607	6.575942470510468	-0.962691811983842	-3.1989207006712483	-1.0861974986777365	-1.1130676117385947	-2.5320949849780625	-0.09843227959566934	3.9242383115374544	-0.8465374893285352	1.4904005212063443	-1.8189029090909061	1.221622219229964	1.7051643757818573	-2.2596901403724177	1.829359228264766	-0.04207838025140564	-1.9073225095406792	2.1469745394424793	2.0490140768472207	-1.6232294507647056	0.9123817998285398	-0.8027193751276701	0.4152297756813978	0.05039923688131039	0.44756430960529975	1.0079769319642717	0.7834577200687101	-0.34175700813684634	0.5602164430851616	-0.030756285978808043	0.24784492251242926	-0.3433932926130731	-0.5417771259938612	0.5972240128795997	-0.5478501458753114	0.40018218446559106	-0.1333742070309535	-0.18265015902487017	0.10292392081914557	0.5553546048654169	-0.43211222892018225	-0.06589779005079587	0.12344956893142765	0.18068894278651287	-0.1269770950795386	-0.655697707437559	-0.002181067102417243	0.37278671793831375	-0.13212314897225014	0.41233425134249485	0.5177751732726876	-0.07439064218007788	0.33658400957468476	0.11805450372099295	-0.26414725864201033	-0.4313951825402525	-0.27736041716134124	0.2326251625970905	-0.4520294933087138	0.6727802686106837	0.507699329168113	0.46729137362449624	-0.20576525525895403	-0.11351085026744734
DTXSID5025318	-8.244050283320096	3.703748574464127	-2.7262503972614254	1.816537224985452	-1.3298466122494794	0.038975380230970885	0.9200311899863823	-1.754807362611023	0.9219757019127177	-0.4400784643529728	0.49415221568965395	0.16324884242736346	2.325943480843721	0.8902284734803768	0.06891758602396933	-0.5991770434942717	-0.5665436982129592	0.7043528090137635	0.642515059281747	-0.1329085148648699	-0.6924492670944496	0.22701805761050942	-0.6886489972797818	-0.3990501044059886	0.45194597658796093	0.5215985546202522	1.0749962227880836	0.2962610021606371	-0.19860432427307037	0.979534390767325	0.34242168465596184	0.6891801656336148	0.30767957303817933	-0.10601432947665529	-0.25596506021838633	0.17784357543372023	0.14176867597858833	0.44701733617418726	-0.061349965687484485	0.41217049634010106	-0.09297611297005969	-0.03419769854682051	-0.09087055723864235	-0.021011311388503002	0.2209069196236929	-0.23051066370519466	0.6579315670351045	0.16359016676251928	-0.2728473324374943	-1.234861692975218	0.10385173539058495	-0.26017744828014644	0.4479433093687251	-0.2766888027834735	-0.1958191970472419	-0.45749088967811735	-0.05659051202433705	-0.5206757175685391	-0.08597179779902929	0.33614229376007715	0.29047141600929505	0.40208899540719095	0.37499804742072046	0.12334022177509497	-0.17377044358788143	-0.4646331259704776	-0.38950175965081363	-0.1272394123566674	-0.05521634742305022	0.32177032601069416	0.028074265732369253	0.1234527189583842	0.08981661185970786	0.282783799629364	-0.5185070107848712	0.09723035926952234	-0.5896266825123516	0.1204932812229914	-1.154428625548484	0.08566575467925493	0.10416698175453426	-0.5197738465371473	-0.27227342486668366	-0.25652000476843595	-0.644262184483746	-0.314949343516308	0.73168593649094	-0.5392088769288591	-0.26412890567719155	0.30664465208306324	-0.24879982277359444	0.3235658746342735	0.014174293615846077	-0.042407325147470996	-0.19322060645160288	0.8216270243355283	0.1662146297692563	0.2023851657254372	-0.03421330021693975	-0.12511142539611184
DTXSID6047656	-4.640807293527851	4.322366626704975	-1.6718988019323926	-0.31837817107073557	4.320346004576668	-0.03185454359736034	0.5046737588150556	-0.6561420808462137	-0.27751342149780767	-0.7735620987904223	-2.0201308693091655	1.7678336962399028	-0.224631175525589	-0.5230505005093069	-0.4383103037559469	1.2657786945535674	1.2182823690531757	0.7710712798769108	0.33779018146186107	-0.7924969579096294	0.08868875797869978	0.8617291839445437	-0.5855919729180217	0.231023845880995	0.7036242226853333	0.3720881836558109	-1.7840511899430551	0.29804216038378867	-0.5380258092563254	0.6610098603626745	0.9467648784681313	-0.697011037618495	0.5028562249974095	-0.38584769295110394	0.29562366985941885	0.4901097537286959	-0.19003111857872482	0.302647163674073	-0.42056425117999546	-0.5537981389550728	0.2617028470441274	-0.059853437116257284	-0.657594427670904	-0.01707162456580404	-0.26759595188499236	0.03633203015181893	0.2031776152208329	0.4055869535844548	-0.019208298214362624	-0.6517214295862729	0.016372460853716263	-0.4709267187043692	-0.619539944749062	-0.2364096178009422	-0.5971747973061895	-0.39552894674642186	-0.8501766820524946	0.2793430473693781	0.32247675711665474	0.8120347858211185	0.7397216213336522	-0.09186228898372896	0.12072175723513277	-0.44489735346059006	0.6401432617008145	0.011735089371221351	-0.14921926257313203	-0.24468035632512494	0.3610109195619678	0.3857025905712001	-0.14692779922573515	-0.22219969404698978	0.3127067011276545	0.0507290408153773	-0.3003149364742134	0.8497972290958555	0.5476254113261274	0.055542497048704856	-0.27864373088536365	0.0023131776855549666	-0.33305497046558746	-0.03233556900923495	-0.23292684989004678	0.06433176286740364	0.0964387114556253	0.08306037076453716	-0.19064055750261702	-0.057923626454770435	-0.15173152912570814	-0.32122864856633654	0.4729174910175198	0.4839724425509749	0.30652062616358355	0.2514496108866319	-0.44699328298048163	0.3276338978414381	-0.06725222759994974	-0.02455182279310281	-0.10802500617840678	0.4337793762619666
DTXSID8047553	11.54998281474803	-17.967560367922037	-14.06195986690453	6.267510030311653	-2.2760285013460817	-2.0744217996429732	-14.912222439343585	-19.04710796596677	-2.9172594184524385	-11.200120765570217	-18.25723738214428	24.972213778073822	-5.585136482283146	-1.0867817707406553	2.145030151880815	-8.03695905323472	-4.930696171746074	-10.895602419671997	1.0559608237887468	8.433365218224713	-6.926255091016714	-0.3839293448655662	-5.666878856449489	3.8169158018691824	-3.9355033748497106	11.541743059900334	3.8667109093488823	5.8078706217611975	-8.583149316127134	-4.532037282302745	0.36129798544015196	-3.123419622376	-7.571242295136697	0.8254924630836551	-5.230665037292804	1.2897013708856608	2.721634989701933	2.3159922552082732	-4.882604208478144	3.943359612762564	-5.649445567333289	2.33114951882608	0.6352329715763438	-0.8644368383856044	-0.1405380533376211	-0.07116697077977668	-1.2848137518543874	0.8524487204249734	2.0536259856638814	-2.399843218642902	-5.821474959692278	-1.2894526962092967	4.951440698986791	2.376535270952827	2.815812123099431	-2.608973427911339	-0.616887220504475	5.998568735536742	-1.9996810120202178	0.8877113143563221	-0.013457844536453425	-2.0389450036703725	-4.875530176661567	3.6394683292360206	-4.089568203920683	0.08452846194127406	-2.7054685536058978	1.9918401604776872	-3.654137965477831	3.9623730951642693	-0.09205407535885587	1.9891063756415097	-10.906392991546493	-2.504850351031608	0.9835557450731841	-4.431778950768418	4.458423823531658	2.9992795229947133	2.8055852780566077	0.6600607847888346	4.719346618842343	2.525123226155627	3.5411059304637806	-2.73567294987306	4.070516103608072	-4.08466213171791	-5.199457215057937	8.828686671686288	-0.12754791811030192	0.14415208593285336	-6.744766639509686	10.472548357458665	6.923122494046169	4.028703723213211	-13.311074193001877	0.4949216574322076	-5.684592857652169	-6.256411418254179	7.508141499469424	-6.026046752799794
DTXSID2044682	-2.265497967832835	0.9942179466589729	-5.251120605911794	1.275306416791943	3.595285320004168	2.2702263828775084	1.6885817367625007	0.8557622977957701	-0.07943841434791162	-0.7521086685795094	0.42009507136774477	0.6644831539532712	2.0107442056490306	-0.3088886223019228	2.082289347657858	0.5691305641471447	2.5973412846438912	-2.6549947829230716	-0.8122208251763123	-1.857180249948139	0.32969089892679576	0.05340988724670893	1.5189207341606992	1.8623054033969852	0.3130452798100185	-0.40819435211525407	4.910419998433566	-2.0406530700227816	3.075197378994488	0.36895380417667295	-1.6225889985003144	2.05761830546224	-1.7009358854330876	0.43537048599182165	-1.5558837823403324	-0.22357291091112352	1.6836365639094144	-0.10387427852961961	0.9019268746985099	-0.40240797682119844	-0.600942232019574	1.1049750502433144	0.7727025941090205	0.9139057383711725	1.3991425728518958	0.5626039416195694	0.25829977048521074	0.6768915774394808	0.8291921788212607	0.032515975912291065	-0.3827387318683914	-0.3159996333356411	0.3319516290047479	1.920967355446746	-0.8326226500485082	1.6410222336941784	0.13078636447235384	-1.8402420882504515	0.009127713951583172	1.1463717913697788	1.3701375588258027	-2.992373371934126	1.2633920626195436	1.8901841923156253	-2.210410503052009	0.21380184592984328	2.561311850557166	-0.5415825032823836	3.065575359024436	1.390799629574107	-1.5676928982829221	0.086564519451626	-0.639313385229059	-1.0572133137220103	0.9229427534617425	-0.611711093529363	-0.46571569298139437	0.21183742896663463	-0.5498536805402023	0.2902808926122472	-0.21032004090905224	-0.7291558100528823	-0.3038335082283502	-0.39564228647700883	0.4020412669268881	-0.6232682153543385	0.2741244708443172	-0.6074042564443024	0.6086499066845237	-0.20473806900789202	0.9657313277845312	0.8458157173170583	0.32635043731083996	0.5560672311630569	-0.6704257012132294	0.02172792817100579	-0.09492722984665938	0.15005734095615236	0.3568993299590694	0.821214652019998
DTXSID4047670	-7.522978001862465	3.72991463508448	-2.444738982772963	1.4818026820913477	-0.8512617199915115	0.14775748857182494	0.6554525285575374	-1.7666352906809228	0.7502785570281018	-0.40813607466393664	0.650922515776703	0.29739363603997215	2.1119351231834957	0.8893682508705498	-0.08884270164479913	-0.23265554757392753	-0.53391679581053	0.9801577830320856	0.6181569595113213	-0.19901960579853345	-0.5052561381748119	0.12047117216522699	-0.8551338129083682	-0.2773362199669726	0.5067543171442725	0.5121640762386951	0.8369955086166934	0.7488284799348892	-0.03403562694638281	1.2188390093902004	0.4878365451447999	0.9480703060756458	0.06912479033126354	0.022569376316846804	-0.02437904165417273	0.26783633096675413	0.26757296499079875	0.32593915040283566	-0.27252578816048256	0.31635307301015053	-0.022024466969451168	0.29010227122625	-0.1234870342906281	-0.18538580719955303	0.2070700246396237	-0.02409451036681837	0.8190305142324921	0.20352319723164575	-0.5722121668342098	-1.0828503499434747	0.23813447021037948	-0.326519359392113	0.4543046041366827	-0.6279455475780981	-0.17766267969208188	-0.5980970520542491	-0.1729562079505368	-0.04314906399991175	-0.02349535964599649	0.39647309783482937	0.6215486153567932	0.0778244846956022	0.00023898727274577748	0.2314235110895576	-0.2850688487366365	-0.28096181508512497	-0.1948362526977825	0.058427081251558745	0.038497029394854804	0.3063201845093749	-0.001078279909135687	0.26448081375821164	-0.04400475703433005	-0.14407597729199742	-0.673853791710612	0.08942016748263147	-0.44305877435436936	-0.0038271800848779392	-0.929840531484108	0.1504227516036871	0.4308655322263516	-0.14632134025213672	-0.12387464395736407	-0.1627195196479504	-0.4642160825764168	-0.3369709462974997	0.26479880894949775	-0.32895078186323884	-0.4088155673355844	-0.08663859342024238	-0.27154766945308545	0.37462329058100113	-0.08193379935281823	-0.18149627308746577	0.043844329650432765	0.7450926639677384	0.11891953186561269	0.13094141956668504	-0.037230972915564826	-0.3030896232812854
DTXSID1046477	13.62533244194473	-4.805637312742793	-5.70254475269498	3.924617172682448	-1.214722795893838	0.025186900811183813	2.0411265642938714	0.7833876479879396	-1.8201998531595411	-3.742621113621691	-1.5736787228613338	-4.053913934199011	1.0923852454302867	2.176847739667301	-0.4194737492681139	1.000946510021417	-2.889342217495306	-3.3368228307131247	2.782590396669718	1.611633478372282	-1.6282965620193617	-0.13306603928220107	0.08072966586474081	-2.214265393499671	1.7179083113747668	-0.25425541462040757	-0.10561488428076823	-1.9438847505100367	2.7509279185838094	-2.9728603503143947	2.2144017003750274	-2.0738443043328214	-2.437971355193205	-2.816287662510983	-1.139095232705273	1.3512872846925277	1.3919556705226714	-1.8384489605240852	-0.002101197130988005	-1.1345941367686938	0.006681089782204557	1.2481559481516282	0.7669055054616251	1.914462883857686	-0.33421254611856066	-1.74607501028201	1.6515548124045396	-2.4007613966706	0.8362180565343402	1.7645548182075144	-2.1314851638889665	1.8041291394433927	0.07657288036381794	0.7057308644420013	-0.6554791612800333	0.6170738342461062	0.5249097800563632	-1.0172796609095571	-2.3542499779309023	1.8916365935863029	-1.0185633654502402	-0.1662958461965447	-1.6207942820626213	-2.3547879228804174	-1.007524024248863	0.06996447316425486	0.7093809072060846	-1.0047115354535296	-1.334776568004076	-2.13198126491808	2.2391785327694356	1.2593073163957766	-2.2334769458089636	-1.9470076093924322	-1.089249679202312	-2.305662536415331	1.3798086330796857	-0.007236874451932855	-0.49079450538683517	1.3484295001840418	-0.40370814998731835	-0.03947328391286285	-1.9724217649633609	-1.3896008130905508	0.7527516687737529	-0.8067079498779233	-0.18605733640794841	-1.0109954119374214	-0.39954127767906955	0.8299794612926253	1.5464796721457787	0.31152220724386004	-0.03989630689382523	0.5849949953808583	-0.511335313187359	1.6138194749431278	0.3216718575730013	0.23391620247803885	0.9995775278472442	-1.1641777452125377
DTXSID4027159	-5.756500344619415	3.789255912507854	-3.299379139316162	1.0294389555818353	-1.296289833395528	1.0461184725537405	3.060346772379446	-1.8089586731836618	-0.11750503825960228	0.7033519901418908	1.4896136786763634	0.10978411287311132	0.36125866256982647	1.2349862681834403	-0.616606279108249	0.7785546812072529	-1.1150063775359174	-0.6804070926157331	1.5231819047372996	2.4294224949174676	-2.3094437602073956	2.1390484624701465	1.0844477837017188	-1.6252131766807	1.8120817802857525	0.06737046309028914	-0.6413024745668533	-0.18963541489041646	-0.20258701298309145	-0.9529274130756556	-0.30209267222642433	-2.9809173060878695	-1.4336320633587447	-0.8144901825730377	1.2968765060158243	-2.9229461794402716	0.8243511274133614	0.5137822013728192	3.656333705397983	1.581663628009613	-4.104928831761792	1.7250153648279458	-1.3031576074751656	0.22446689183383733	1.7235535496658845	4.531181574063718	0.3515429723501062	-1.1939889406311954	-0.8571272783120693	0.5683970801615029	-0.20940355787426843	-1.9185103582818148	-0.9353059456904693	-1.3446994560108751	-0.4138668743416948	-1.236966670925229	1.3301169013793999	-1.3439577839246621	-0.2650143540993734	-0.17754450332780117	-0.25745471679360205	-0.7050443319750754	0.6708464965447578	-0.8087319386077759	0.4699249347832884	-0.44066971980077524	-0.34130144075774493	0.31705352553683497	-0.17276824194211493	1.1199881985872306	-0.6580188799534834	0.22154461534909556	-1.1878189806976585	-0.9139223291971489	-0.06869494636709557	0.9228089692782893	-0.4388175081685404	0.30146314275109537	-0.45983359132942614	0.2633850947282787	0.28711465435834876	-0.6025299927639217	0.6149845513667089	0.4733691654205718	0.33669019258551436	-0.03953597574500001	-0.1867739102877499	0.5119693726142173	-0.266242097626064	-0.23328149387503055	0.6789057029593717	1.0734333543995602	0.20139079196645693	-0.03224902512774399	-0.1548673364160542	0.26143269023371085	0.27095522437399366	-0.4123599512964071	0.2784987385006636	-0.2491177058967592
DTXSID4047705	1.0253595203482337	3.5811542245291084	-2.6854265129117914	-1.4872615988860787	3.470600499184911	2.064029665119364	2.7116477125360614	-1.5482127814450513	-0.5666874901268204	0.8291243642579245	0.609918797201303	0.6545852066177965	-1.7348962747616403	0.4637224982330281	-0.911015784714165	1.7364990040607209	-0.2533490697746923	-0.16853695946435274	0.5761336727723528	2.3923166956684523	-1.8645063550398824	1.566518591230703	0.7581085057705328	-1.9291886800351152	2.287477207442635	0.2559689664597493	-1.0299331421330065	0.29438250950824585	-0.4657823121212513	-0.9898084784306536	-0.23828845657547873	-3.354452499996899	-1.57660022925249	0.04117415462637223	1.863066278620168	-2.8549071316923778	0.11071625500356522	0.09495308086850815	3.262388961281897	1.8977135788881778	-3.6307779793534976	1.9724535814935351	-1.9141497378639292	0.45119761662418983	1.851395672007753	4.583418144259515	0.4244304012284991	-1.5442068045784778	-1.6673651377319811	1.1013984657121458	-0.010102048095063196	-1.6718530326729972	-1.0651015251242917	-1.2130523015766106	0.24968884493054583	-1.6229934163770912	1.3312783845272689	-0.9688636086147149	-0.5201622873075055	-0.7092239686545067	-0.46465305403338825	-0.7579199192283584	-0.06051312083988073	-1.2674207703575049	0.8186215823070889	-0.009679960734822406	0.9544974827572444	0.45734916506679696	-0.12083037907158878	1.0897485553441548	-0.45818971218433147	-0.09986281787416891	-1.044951022946222	-0.11840200859657392	0.1900784149468233	0.5578265640836992	-0.8315424367409626	-0.18841195114313727	0.8326265134181361	0.25188669706113925	0.3927114621579126	-0.5625034336337046	0.7362294069694876	-0.9913957946142072	0.299370354811084	-0.2388879896209725	0.1820078294931605	0.5632145306994899	-0.288861780453974	-0.16147279642501977	-0.27677804210715234	1.1122179448971488	0.01087404205560159	-0.8251834031677626	0.19533118049501724	-0.5440773797947926	0.583389761247746	-0.07023662984565197	0.9364407228749367	-0.7974619854612233
DTXSID9047203	-3.139863647907375	-0.20804976828229843	-0.5516878821323782	0.39337357090496705	0.4852922292061592	0.5369774165712116	0.7719674451332627	-1.925438090079106	2.075439248394546	-0.16078295598452946	3.2262230561067424	0.4682009821374121	1.517647451555542	0.49498965392475036	0.48196912677810355	0.09113708364622881	0.20774662787168208	0.22759641530488015	0.6245055890507571	-0.26637032667050886	-0.6887685288718408	0.6200434305105881	-0.23140627547331927	-0.4653686154158609	0.42070312852004793	-0.25421535280071716	-0.5106694561605998	-0.25780583794886974	-0.9278471914931495	-0.010685108631099944	-0.09425248247644032	-0.28138383577100246	-0.41256004396519674	0.5266508773805315	-0.371856205887489	0.06409491707942773	0.7852759208429771	0.7726238750841733	-0.12697696105186043	-0.20346111112215964	0.9011000851847331	0.7873920436515272	-0.27257515105425706	-0.810498709055148	0.27633556573978063	-0.20152481176966971	-0.7069842547675309	0.1815310430168025	0.07657091321851887	-0.09749480789717183	-0.6913093522856952	-0.006623696057999531	-0.3732563289875845	-0.3015188919270038	0.293832576743006	0.5517505149102474	-0.4219467406463365	-0.336886530119794	-0.6888721483408863	0.5498950597098171	0.12768646938134115	-0.3868236237724609	0.6589938111363287	-1.2751157627121164	0.19758643681004479	-0.43025944407236755	-0.4221077045450476	0.083422207091506	-0.032120778658240756	0.49283961431978246	-0.07191478710829584	0.18442592192018387	-0.18667775766284708	0.5081893380877429	-0.29160252029120903	0.5297369713256183	-0.7304879677923045	0.44819528151253646	-0.3185211463988961	-0.2665743578925029	-0.06393014502810329	-0.6666304372249351	-0.03260146835014688	-0.23400304640364486	-0.5770564252533579	0.015337553285831513	-0.4548488960975952	0.31960472229982834	-0.44558885826649836	0.013042271605242404	0.12788428125797138	0.37232988114440596	-0.42110603900918936	0.18629315350123274	-0.299067495317937	-0.7691624601304109	-0.07207541556331357	-0.22168161504992706	0.28767888699631267	0.14203987474868726
DTXSID8042503	0.5725425550238905	2.8293315940066863	-3.3380500797736214	0.06900433799794549	4.1515979233721145	-0.7389364564680763	0.5364998118322148	-0.48108240353632653	1.5673626697474459	-1.0067617368193025	1.785472217063764	2.208802993581796	-0.6889271345202963	0.8146244192057317	-0.3464969223874691	0.754368948095008	0.42076933278329687	0.7441435459455306	-0.6347366425010578	-0.49225304830722905	-1.8044565516846272	1.2077376035096508	-0.37675611915604135	0.6151677298157537	-0.517473811803972	0.562902026426287	-0.7682079128168863	-1.4992055331542118	-1.6765170808387824	1.209101771624554	1.0487990616882112	-0.3445250231879757	-0.3285010840810834	-0.29305821844016233	0.19830898432777305	1.1825551937777237	0.2009745454606069	1.1848019379279506	0.7530358900152252	-0.7055578717230894	-0.1505091050746789	-1.3501695004164522	-0.257645944458836	-0.8109834763757808	0.4629461212904477	-0.17086565397992765	-1.2395795820823727	1.7029375408747915	1.2803604372048338	-1.6965822797959405	0.5178776507667775	-0.1194703769498162	-0.20066116743376258	-0.5855466373356003	-1.3423930663301267	-0.3332515489304513	0.4549802610050806	-0.8223154251544257	1.5549329516889356	-0.905716199024811	-0.7413326015356522	0.06057932427979898	0.024405886667170352	0.8569079061446099	1.7023270960761845	0.5014167460783749	1.5155971170497593	-0.49261694978896403	0.2364539599062503	1.0584078087526405	-0.4272339023718025	-1.8147533609927065	0.7481670223431035	-0.7694529463904592	-0.5800256053409473	0.7898637172686152	0.9416264034119052	-0.667860039113403	0.6321296995483321	-0.5313013112595375	0.3043496191608509	-0.1333954508866671	0.030799975901876112	-1.040847081045417	0.09512764517633618	-0.6130771401541293	0.3222107520624913	0.4414712087011432	-0.804314246029368	-0.5651903649123545	-1.1205132402374394	0.7696447429917889	-0.3583346272820973	0.3428225242225226	-0.07697853987222303	0.5424122063801231	0.09605405651726912	-0.03040570919158702	0.6606906109817375	0.1661236402865282
DTXSID8041248	-2.112993490115437	0.9223456365269707	3.015707815919094	2.1452469326085124	2.597948959754535	-1.5476946514119487	1.0737867980466618	-1.1401858764020234	-1.5399056229399997	-0.15381936701689028	0.7660990620870882	0.31413201786624884	-2.6595111221576793	-1.1825826886357935	-0.34841300544128184	0.466306755166913	-0.6402356993742943	0.9030789953005016	-1.5761876266569863	-0.45041414506022187	-1.2982780049499287	-1.043761837879875	-1.5826721176604521	0.7279402709169104	-0.9641060342615612	0.45745968879585686	0.9540550272202221	-0.36950175936591634	0.28726515503011896	-0.9661016091220039	-0.5359539647573173	0.7392259121529392	-0.9306384908042591	0.20465623685289364	1.11970278050367	0.13600806039288169	-0.28767872289856133	-0.027583611596141637	-0.5669672133843973	0.05599580511824549	0.0888458304893891	0.0885189318877876	0.4279576422071549	-0.5575030520563599	0.40583545634717644	-0.15103962430099435	0.17096838273631085	0.31967654812377133	-0.33755640363669825	0.33943210084280606	0.2581309509989386	-0.5951306161286638	-0.3598364652439665	-0.5856573048547918	0.07882634614112352	-0.8530855154069275	-0.4627499150719998	-1.0989971382770671	-1.6908737231316642	-0.6773936310407733	-0.7124595054641225	-0.783456126897647	-0.5566341808134659	0.10956072457844733	-0.30874384546753353	0.75641090444982	0.13393175470926025	0.40552535688495567	0.056252748010554916	-0.07368115250501513	0.07153830027067563	-0.4347213552227391	0.5864922820218322	0.3512015947570936	-0.1101407728002151	-0.5825346341845793	0.5618408355141855	0.2537608065141521	-0.7895557102695466	-0.3175244358721688	-0.07554260653375591	1.1341377920544158	0.20832503492385193	-0.520189978480925	0.5209863144927099	-0.06679565730099388	-0.07700080206474552	-0.005475668338481067	-0.35379069826370524	-0.13116971815926393	-0.4600098673513742	0.01975500130072442	-0.09865636585671107	-0.8389597713433299	0.6250388673348625	-0.49732543655690903	0.25242295989842806	0.07266920127290963	0.13819338816820573	0.02852995959127117
DTXSID9025794	-4.383101989669463	-1.4902120361439197	-2.6359087888940684	2.4594019516188426	-3.515710474597462	0.33282100402711723	-1.4736458508865404	-2.2791806060189432	6.225944331710318	1.1139689082821742	-5.3183317219336415	-0.48919249120022207	-1.873060245989592	-1.7511396898061313	3.1565342338643987	-0.7501851229396002	0.4774230861595935	-1.1006728186091115	-0.6153737185693612	2.406625113409952	-0.9202732396353228	0.27348910488182615	-0.6538274473188428	0.5690430660074155	-1.2773603835222902	2.658531009695055	0.47583853032520157	0.6798748609743621	-1.1522642550283555	-0.06798237459706676	0.24166548441041144	0.2220304126763276	-0.5733297624459934	1.4406437718445448	0.1329240287284359	0.31202320036852244	1.3821021077599365	0.9378694681888912	-0.003677071479513841	-0.18522892936727214	-0.4763081237905878	0.8784470127153922	-0.22984284839672298	-0.9926765149332383	0.5069408202156087	0.7263911695044996	0.09449206358724542	0.5724761899690072	-0.06236345780604178	-0.17457663136303225	-1.1718412591505016	-0.6365174254214659	-0.08459846189666001	-0.5281771941215214	-0.1868893840173656	0.4533700067578771	0.5689030476276331	0.5713780257262538	0.04202531680425522	-0.37389945878261455	0.7688980349270442	-0.2108002572156951	0.3475953356057482	0.2556987188984088	-0.1743766581761833	0.9075163131921948	-0.9447638492673406	0.19617429471858264	0.3200800075684838	-0.4308037200414883	-0.15879371057002997	-0.6906186300798428	0.2224332431332101	-0.2867198333887058	-0.7935137878514048	0.3741791257607897	-0.07786594744106522	-0.29225519553702317	0.3616306455471722	-0.0007957646984800439	0.17903887778560224	-0.028036976605631238	-0.07976722054101809	-0.49749377209104206	0.736040893715381	-0.08582811088750673	0.02874920533886047	-0.35385746230778514	-0.24813523378375946	-0.3756880109870947	0.29346127966510777	-0.23061679596616816	0.02292579486748686	-0.07084601642138998	-0.24294833460341536	0.11886443155238326	0.3909633729504539	0.2828776527345464	-0.12025221439087473	0.3239662472600898
DTXSID9025580	-3.0860386793323387	2.0196227963710505	-3.614547885329607	0.3864891624781358	1.9779769040910236	0.25071805006787573	1.02634509293512	-1.7578891303302009	1.91942349399312	-0.6445310095869391	2.3681718863281223	0.8807266482310825	1.0628133360518919	1.0004088268841658	0.8726240104215223	-0.5470397425274431	-0.22273545219942079	0.14684982320748347	0.41663643362347025	0.9025243300420281	-0.8789426057778411	1.1774279256190623	-0.5218708543745567	0.02694628322196821	0.6090006642098679	-0.23878615525968752	0.5141013167069405	-0.5043428752900974	-0.33261493052093444	0.1766838340269395	0.3690685774246218	0.10346919759655562	0.5897924611327532	0.6226938153535071	-0.3945885833624872	-0.6113674657237812	0.32695215366793273	-0.15885334638787577	0.5600384304072782	-0.3677226499714581	0.4817079129095689	-0.8649434040929012	-0.08827260028210016	0.029309077393693664	0.7839879102357278	-0.6586757530111561	-0.6014738216941605	0.2288604863139232	0.34925674143707564	0.04396240759031353	-0.07250606059317521	0.07172427124928772	-0.09630111560097081	-0.5213864480540048	-0.3096447234684834	-0.29130274504384407	-0.6032177718783968	-0.9569406577809959	-0.2689607053825506	0.5041545241113753	0.1069703832862156	-0.033493734441902595	0.32830336488992684	-1.1156909368428882	0.01732824986941446	-0.6416461118675378	-0.31793917563771257	0.0892444813015671	-0.026822524836689593	-0.004390699364898336	-0.1547097139816141	-0.18572217914939873	0.4933688449276301	0.7162751833059275	0.2991838674505516	0.4864225046176665	-0.36643172916164907	0.7051973426417543	-0.4453931887136473	-1.0340618769280037	-0.4939094605261268	-0.11471712738357676	-0.09721353927151634	-0.03504033635558847	-1.1006677014163104	-0.6079037782285609	-0.48946362817671324	0.4288903177437282	-0.47462885405836214	0.2981496149094835	-0.12467550343032009	0.37797567090782846	-0.3049231528537812	0.06870301442614432	-0.4216743038309944	-0.18451637233803267	-0.19508684778308352	-0.3343951415596815	0.4812108373984355	0.6995082967827374
DTXSID4023676	-0.11544825357777042	-0.9789534492262061	-3.7134131391382517	0.7499755543187119	-1.6793971521725213	-3.016079997889822	1.6207776501999407	0.6761235354647706	4.2093634983267085	-2.8342124175378762	-1.179540680936161	-0.4572298823122164	0.5825770255892433	-2.1954717308982565	-2.863925223349841	-0.7080519590687775	-1.157805527055492	-0.24351695623619146	-0.3668692853563955	3.878435833686738	-1.423340971496234	1.2928809886782942	-0.27565955728468744	-1.5501676358560197	0.8227635945477947	0.5910943997509063	-1.9170573729983322	-0.8638380027668009	1.841013825686524	3.3748337256900767	-2.485914214658397	4.828862859149507	0.15627865001523752	5.783762831999699	0.9657327977050155	-1.8840171515857447	-5.611279235479329	6.767270950810781	0.17148830591089886	-4.414485892987208	-3.458122737918947	3.2211420048328128	4.708046840093216	8.559190725026388	-1.2171729743215267	-3.3534157162151823	-0.5068070821933646	-2.436882643064567	0.018553294312053884	-1.2759579907730407	-1.252513938927499	2.1596672940016255	-0.652861412745907	0.5621329579599084	-3.1946059584329056	-0.6545189308994562	-0.5694497078828371	-2.3011217434392357	2.3055962912400734	1.0630715975179543	-2.2581805739914635	-0.670542526409503	-0.10477062750799253	-1.1765921808237172	0.5140951245071009	1.4326771970329706	-1.8109517930738457	1.9266766885667406	-0.31759223846552553	0.13243656790406044	-1.6251941267194803	-1.153589412673052	-1.0512658488284643	-2.073600444028653	-0.33762853370361795	0.9919099477273162	-0.49910680091064064	-0.23391985215190356	0.7412891178334965	0.37889116770626824	0.8024956761832464	0.9353826754144564	0.16607024830527706	0.533657228147713	-2.5806395066507535	-0.320964772062668	-1.3834081283067463	0.0865586580943067	-1.9486822492013558	0.7569065612806758	-0.7147444672932132	-0.25522661636177624	0.3799623956830574	-1.51110399524455	0.40731309205095145	-0.5508780932133295	0.9756068424752488	-0.4715891036635123	0.29855631631629337	-0.8559351380950094
DTXSID8045983	-4.7845023487662015	-1.56907930767875	-2.746087896464228	-0.7834979968265404	-5.402394614951659	-5.690401129903525	3.318087630825505	4.742895666502088	-0.6614772300370217	-6.7835578314693725	-4.194415331478592	1.264316681534685	3.140450645679393	-2.0012232711990148	5.492442583972104	-0.6713560713411793	1.501727197200384	9.54860345975948	4.803415280843613	2.2607141546240213	-12.48089378889477	-12.25620980656232	13.13927378578608	5.955962115862349	12.073532745190215	-1.6934696011305639	-1.8372410128230576	0.7386670225030264	0.4042785199697924	2.2536513435650054	-1.5823036322970532	2.236461835051763	0.9944072587806808	4.196045424179031	1.7372508077782611	-3.7034973097100967	-5.2347348201409005	7.360832417196363	1.6209082512259545	-3.865742046299828	-3.4203884687997137	6.705550587120509	5.960400452854265	6.6317042688804895	-1.644285062772626	-6.540961849967407	-2.246612011787677	0.5951367235024431	2.6445151236796276	-0.644942959050091	-0.8272494496183661	2.2871710034144734	-1.251206271150437	-1.0510029490615223	-0.9904836127999412	-1.7265419001700395	0.48434655070921445	-0.13352716067140272	1.3681234518771508	0.9087474045882538	0.04903375152750253	0.48856950289542794	0.767103486200817	-1.226043233582136	0.029089473392529434	1.7017828426538213	-0.09830195770572166	1.8535645284463844	-1.4262055202597204	1.9813227708115262	-1.3664127569149735	0.31559298991154705	-1.8686827009547742	-1.7833051672326672	1.0807511879946654	0.6738749696919449	0.26381771101490226	0.15917606306691687	1.5116342051558764	-0.4317054201763944	-0.4091136241436223	0.8998960184330461	-0.4567885840636927	0.552537736273587	-2.2990314102917897	1.0146025475918203	0.07471194963229462	0.2534311874336025	-1.5790447403598369	-0.07077339840648739	-0.2674581778396655	-0.2981319861294859	0.9205748130702714	-1.5294871262238647	0.4475735769613235	-0.5864167283705295	0.9056150156556598	0.6361788370576787	0.267346925721076	-0.49873153713721236
DTXSID4046159	0.2510992879256403	-0.2363097629089812	-5.130906752645749	0.3332731396361128	-2.3131871131618507	1.0177291635592267	6.668084463916433	2.665997106238236	0.8581801008738164	-1.6025112189808615	0.6557657237017065	-1.2643336387099906	1.2512440159764298	0.04899863818246115	-0.726614003059002	1.2013268960495986	0.55948714557287	-2.458080904105777	0.8544685538680912	-0.017534134460677527	-2.4095513492225815	0.12455953834126599	2.733310777633571	-2.0974857101779976	-0.14863465136659088	3.0187190589522204	2.720842101044317	-1.7430087998766084	-0.9980986335355251	1.4150791569286714	3.284429818370581	-0.3250129760049151	0.020464240193075352	2.6983876442324526	3.7435112747473385	0.20341478144093242	-0.6468951759487666	1.6718445243895483	-1.6898881554062335	2.1413961107218595	-2.9200662792007845	-2.3963870627208967	-0.399899728036974	-1.5507110067931704	-4.688595492831204	-0.4129619726749246	0.4637446928740079	1.3183088998579953	-1.2317391025095894	4.502121695522903	0.6546683438080467	-0.0508996275129652	2.4068226479722767	2.2290012071366836	-0.7880644141703017	1.25171552203867	-0.6685182674983097	0.7795703087905578	-1.302203693605809	2.9495199160123295	0.2845711554381109	-0.8920235283760204	-0.5039726705791406	-1.771343165522341	-0.30604019738472443	-2.181929256244845	0.14029930549126007	-0.36788593971923683	0.8507859339107804	1.27000554459035	1.2091272975100926	-0.1773439341865304	-1.1174387958831713	-1.1170374953135034	1.2349625195232348	1.0686547450516217	-0.8009462235999801	-1.171661445131217	0.620766409119546	0.10134415162179651	-0.3856860123392696	-0.030440511367609023	-0.3964916260781563	1.6509096930868974	0.010867685015172579	-0.06408393049334152	0.7649435493877983	0.2060670706068465	0.3360147874152021	0.7998188369336525	0.5556364161401148	-0.26650061962485827	-0.4400494410872103	-0.23357562303083798	-0.0983407650580552	-0.0521026693631112	-0.843890486635006	-0.637462953340491	-0.001832249826913405	0.15583033277448186
DTXSID8047717	-3.8322051098190766	2.6958040659081357	0.9722743643240397	-0.30017410840556225	0.697103183650668	-0.19886888443599154	0.3249661008384474	-0.5563985814280596	0.11710947918924217	-0.7503745465329918	-0.6849232862427681	0.9235021881030667	1.3015914027684925	-0.19393473779583445	-0.12121851410537086	-0.006139605309445685	-0.0012669013524764202	0.7429743362175942	-0.466903144308918	-0.4397026688119491	-0.8517571879235288	0.9113003313759981	-0.06131998882880703	0.8523454259964508	-1.153279069803414	0.19549029152511552	-0.6038156467720501	-0.8007253744615895	-0.3894168303442942	0.6626439307535669	0.6341118889751616	-0.4095519502554424	-0.28521717861621376	-0.4233669242039114	0.5174421890360587	0.265450425799464	0.2058760552644811	0.8692042548154112	0.04067993428640408	-0.6301303705340503	0.2582963963127429	-0.9836756166506786	-0.5676160871827594	0.0014571498666820135	0.3362552520959902	-0.040587688312721616	-0.39690859224146263	0.5108051081310774	0.7297496167109102	-0.042145301691159015	-0.5084956828058624	-0.8189117338254672	-0.14713779874349212	-0.28784373309187955	-0.4902335716319958	-0.3018358847904265	-0.2753804132175996	0.1532117592218182	0.09649891762635919	-0.34878076115102813	-0.47867387658628263	-0.08365143364236166	0.5373860236627973	0.6312866100928471	0.6228822632967715	0.7020720207101447	0.40159260489158016	-0.6508812514352604	0.6290764092199966	0.11604518340950262	-0.24113639691891334	-0.768087848667239	0.45745848885184537	0.44178893711208655	-0.6284548901929605	0.5451852364993116	0.5181463428822398	-0.6788218337051418	-0.23591869533501436	0.013774232519933921	-0.5615336377375522	-0.7875476977604644	0.5772622216573311	-0.3881057851672993	-0.09273432513186762	0.02326494628356872	0.027313619322103338	0.19033011178865702	0.01891637224504604	-0.02400594815321749	0.4861184679751634	0.1692800853365661	0.3450511958875913	0.3186075422220041	-0.2670821388807751	0.5437677085279864	0.06924099786406303	0.31685120778913334	0.271046075037056	0.06974613030226734
DTXSID1020223	-7.27854673534121	3.6794863930888195	-3.799697263796094	1.9261038247502882	-2.2451044879655195	0.3647783202811169	3.247078132851542	-2.179626448735252	0.3200751115218914	0.49689434548058153	1.810601876693464	0.22186201183787665	1.2892936508421229	1.4391986418372644	-0.25483497852315434	0.8556605770122385	-1.536086495015461	-0.5512973736018075	1.555078344333193	2.690972770313614	-2.82014857608906	2.2151402131538385	0.8132394320242325	-1.3732438800000768	1.102141108071833	-0.602677069322559	-0.643540393547942	-1.122524132749767	-0.16466518429304858	-0.8458389739479262	-0.06997222581066531	-2.7894209671408534	-1.9797593261689748	-1.6810955115325255	1.1689769974676527	-2.561358266844406	1.1605462866484273	0.21948115613430133	4.175984021050262	1.541198653649987	-4.204926269866303	1.3487011642396616	-1.2373419996252653	0.7693182108608572	1.5131268598375383	4.095026465837239	0.5231107274268183	-0.825580388863283	-0.6865248866455834	0.5337475532550849	-0.18605901645605147	-1.440524004095735	-0.7540915167690602	-1.260045260879255	-0.7730206899858458	-1.4495634300156524	1.1814660044420753	-1.5189314390779887	-0.5913443082345897	-0.27567101813736755	-0.8041759952947475	-0.6878340701353644	1.0870004123515777	-0.44061529008826106	0.8451012569640485	-0.7334421120802633	-0.5605944302366763	0.41457323071418833	-0.29764041154894766	1.3388372722922157	-0.557777840191162	0.14184800838027012	-0.8820365898008465	-1.2363493027732584	-0.6116233394519313	0.6922661953642932	-0.40950962379477	0.6688860429133446	-1.1729166821836658	0.044795173067328	0.30653560262478663	-0.6679452015480378	0.38518303454390734	0.4444820201990295	0.02582147530128349	-0.4554165733367586	0.11908561827920812	0.1640941862340323	-0.3964695721518882	0.0693129552558554	0.3207088427670456	0.4885158327340396	0.025705673559458412	0.37627971765135376	0.5909711756999266	0.5386931128379643	0.27069775697298093	0.3031805522898365	0.08982861605691246	-0.3511166829583343
DTXSID7023279	-0.5493801899035321	-1.7939071993594724	3.5037801789567293	-2.4448010418744914	-2.153208263364752	0.33173184572280806	1.8712104304389703	0.5382510629766617	2.202902862807182	-1.5325920209249502	0.13594577292382135	-0.42677878767814964	2.3406992778061855	-1.5771280482209904	-0.396454193751245	-0.338927112647059	-0.6866032662125421	1.475578201329072	-0.003817067821338018	-0.3853336567884064	-0.25259453691094913	-0.7738500558671786	-0.16379225351521762	-1.0304468326031826	-0.1678383683380196	-0.005022727169985861	-0.39011178138078856	-1.4018775077213008	0.3911947522471059	-1.8680570519189923	0.0732124978594816	-0.10074137326654437	-0.8708927275449038	-0.8472051527901765	-1.0625783666465158	1.5734730922205669	0.5366364406267882	1.6624815380623077	-2.7679681540287975	-0.7331070246617825	0.4608404936107399	0.5897970706191302	-0.20069762168598085	0.01115473408997498	-0.09119100346682225	1.412222143997377	0.3547063529057333	0.0726291434356455	-0.18147688416785612	0.8063004872659957	-0.8586273812264331	-0.20776479894408473	0.5148039801003471	-0.10259712691252305	1.0416039054535013	0.4055910600730974	0.7467846805506472	-0.5874407700363896	1.1955932257562323	0.8526551440456901	0.38296472871401366	-1.1073957744584004	0.4794855868307694	-0.8914956823925065	-0.1390337402249767	-1.086893631993429	-0.4334668079094487	0.8074895957307251	-0.8013204873127788	0.7374354718147101	-0.3070364975908656	-0.08366284867345532	-1.5442673061379915	-0.29490762087903477	-0.10079585912834373	0.42749928119581115	-0.28382191366097215	-0.1763927331256778	0.6249323454013864	1.4250535356741827	-0.43839226670050585	0.1082847056617646	-0.04372378853434134	0.9113404281722178	-0.1827177797411028	-0.1404898475129435	0.9794222287201253	-0.019598481473879346	0.9584327061690816	-0.9444543561941624	0.0866417510630216	0.17257422996910918	-0.6977348262634787	-0.3429888362129125	0.4918186907819418	0.2231658750812342	0.42791813324601896	-0.047312812072466535	-0.5270786256796839	0.5944147914056145
DTXSID0025997	1.2352386166579281	5.262997459022968	1.4251452550642034	-2.562203828119438	2.974727205720908	1.7364988601295233	-0.323704160913214	-2.424844018565033	1.4141996610016174	-1.425311442102186	-1.3777516953472508	0.675325556801913	1.3085766968178936	1.0394854119970423	1.1761647046015649	-0.4626358511713141	-1.6644900072161972	2.754343059280785	1.0335261665312294	0.7922901025214739	0.20552029295444924	-0.22090900130421956	-3.4279856340010357	-0.26941462586749904	0.5868508741796321	0.4294984253673178	0.8253854641481136	1.5114502115307678	-0.20865805441551402	6.360743039127349	2.811930306080196	5.270954445042612	1.3251834787019743	-5.151692310000811	0.6833639634127415	-3.483319710487794	-0.6243788566639173	-6.1832771283225405	-3.5104552932571944	-2.4090555646512395	-2.4378578934493533	3.271649394248106	2.5617320692322147	-1.8172247031554394	-2.1971771562004343	3.1777332022494265	-1.9680689054916949	-1.246514190488542	0.6427564207383136	2.5129478626538173	0.24752358579194822	1.1468623880990998	-0.5637879930845305	0.3592283774189869	1.6743303330589157	-0.9263753188843423	-0.7179705593488145	0.8229201256320499	0.467711593439259	0.07306753982941622	0.0733712032006025	0.10373814754960944	0.0921743748468266	-0.11701720318674488	-0.6716344318206743	0.8797496712807615	1.599879617935776	-0.03978325636218849	-0.8196411293291488	0.3817142867338995	0.35038722691821733	0.6764877895965153	-0.5019308222271666	-0.18942882945879244	0.33544444969464826	-1.0083788185546805	-0.22158722229022465	-0.3496304858768725	0.18487384414416358	-0.08183152927272691	-0.1541360551548203	-0.25935083285047683	-0.4504800917713018	-0.043150543119750744	0.11873486075739166	0.20278126223248766	-0.6616232516391083	0.1519794410760856	0.3055810717254993	-0.38993998687216674	-0.05841430920718765	-0.32841370088422844	-0.5426671127436846	-0.3074538346722561	0.43394556377524396	-0.8698017685397319	-0.20809859692259694	0.06166667828258106	-0.2679663313684336	-0.39185042372766665
DTXSID9049409	-7.028540184892103	-0.4299730303927942	-1.2178928219532354	5.346272443183212	-0.6510905443546595	-0.7375902902376129	0.8474293659853441	-0.46793367902686356	-0.2649094376806259	-0.2170464409645153	-0.7222933636952735	-0.22277296797222815	-0.003075554714420151	-0.989578907364135	-1.1522450398528767	0.5962823297802808	-0.3045033586460993	-0.4168277218236312	-1.2378294930761762	0.21731757854786452	0.010108841868676003	-1.2642079514911162	0.44230721611272567	-1.5574183560606691	0.2542830942897794	-0.9821397018125342	0.4813355435460947	-0.6614035387384505	-0.6568294244438906	-1.2037278579913295	0.2714072511449657	0.12196790469906935	-0.5808643199147777	0.053638649129329655	0.46171481239697226	0.49216343413197755	0.5629210993474287	0.3373004315045808	0.028618980019562548	-0.8121875243974862	-0.031600166847046265	1.84407442461186	0.4868989589510077	-0.7458887946606979	0.021647885876439444	-0.18511237803935224	-0.2940283203832725	0.160290604993118	1.2127391889150334	-0.41454789735361275	-0.44736008090912194	0.2271274102112072	-0.2835660402037153	0.3519553717573224	0.6270935013595402	-0.7841592158073508	0.26709930568540796	1.6456652624196613	-1.275333642438942	-0.11721311368471499	1.1591676759980651	-0.0659307299273996	-1.4135643607965682	0.13685122921707088	-0.15122531431100997	-0.9213797208805301	0.02532874167890597	0.3827079137001165	1.1158359014731867	1.2773090910830431	0.21858452839980375	-0.4502521654414114	0.26158944613522445	-0.2864129340321147	0.6525644877103777	-0.31907779990764024	0.9359505392460036	0.5572443701481936	0.41557132032511773	1.0958402170912278	-1.1436501650345874	-0.9770183018594113	-0.3169917835652281	0.8299238247353159	0.5653788287653636	0.6903792518965731	1.1953636405635073	1.2439369877666717	-0.7441811510523687	-0.25809112153532543	-0.34455765034759805	-0.04726028555181963	-0.10170830335314902	0.9858348012712571	0.606374911337881	0.5536538614059905	0.04079260829199769	0.36353214650018006	-0.8472390216803086	0.12368109954785766
DTXSID0057704	-1.7519776053386553	2.736174769202825	-5.0148305105035975	1.6518288696031014	-2.538171305443077	2.938633906172114	4.205693211928104	-0.7237504095971478	-1.266675005829028	0.43050289716693857	1.1344358925830629	-1.8661372055110073	1.844390872375556	0.8769885205142595	-1.216958814029731	2.9991889174382913	-1.271354963686329	-2.4399699151325596	-0.0891267089016749	-0.4791651463573381	-3.8004304047900686	1.207657737280107	0.7469295392570285	1.336480475647571	0.1872568908382159	0.15961843890596292	0.4079174848735283	2.7858663114357682	-1.977032440581173	-1.1033514051910085	0.9207587799767409	2.5201401087861983	1.0735669974473288	1.3271822416643353	-2.026702577841496	0.9021430276815638	1.0463754477581382	-0.15585144898749625	-0.7336121715193513	1.1237149625601492	-0.013514455647169092	0.2887224996449939	-0.21505045565492542	-0.10355994494911996	1.3381206311558966	0.7971742786405106	0.8806470669549241	-1.2528996310130924	-1.0265180680701824	-2.8356577086365324	-2.008844034341413	1.5219549669745047	0.8806140569020624	-1.0135217561805787	-1.0199803870458892	0.09675298483125731	-0.2322603572772998	-0.4410709868765528	-2.057602977111556	1.3500790756566334	-0.3524939560782686	1.1682438051800106	1.1421072610330711	0.37314056040062654	0.20358129825950916	0.5637859075295938	-1.3945814239748002	-0.017837715285947554	-0.7421107277449369	1.4158116188617977	-0.9584124109817511	0.10680468516561088	0.20693085940197134	0.28253491021021043	0.4755949695219535	0.46702559745697375	-1.7522343127888154	0.2940283115467519	1.1447531718964439	-1.097380384414041	-1.1129330420437817	0.479556999940178	0.5027934013533458	0.23385060648065717	-0.5154423197392154	0.04503800640386736	-1.5045924215700002	0.23913310129030665	-0.13287953065712516	0.3957061567922708	-0.18522451221444336	-0.3847319115591329	-0.32354794164569917	-1.0156566401268308	0.47958587830588506	0.007209410046615454	-0.4179363069336473	-0.6408836908629586	0.11575654041375762	0.1023344705600796
DTXSID3043782	11.466880521748049	-7.872182037021807	3.255364488825144	-2.659942135404496	-1.993980475884026	-1.4654354581593356	2.4636094223821394	4.020644755601336	1.3344301023720933	-5.467498834046506	-0.3296624561411739	-1.179710443383857	1.4340828598705333	-2.5597478105331595	2.7044768535913275	0.3731775475015933	1.5292699668600125	5.5610557941760765	1.6691815448077085	-0.3555002204967619	-5.050968954838893	-7.5931988151141985	7.055426119427152	2.134551937566318	7.006010083657949	-0.9358349544970774	-0.5078133463365676	1.5222160762352552	0.28306012516082735	1.3343666070546383	-0.29086704660740137	-0.7624314465273048	1.449980169792826	-0.44528580210219587	-1.2786747306413513	-0.012784155020951761	0.2189360026181626	0.1045476810156681	0.549483920283505	-1.265944936993991	0.5137439637874399	1.2151542832917566	0.29695488179894153	-0.21140250144809736	-1.1275176433570857	0.5024048979557103	1.1478060350988535	1.8660542641455153	1.427483313321906	0.02397219322872781	0.4316646537110687	1.7222128154125418	-0.07479789721314026	-1.1570069068020716	0.1448879552451941	0.5955627927871091	0.42096662031570875	-0.5039066554488351	2.9243765487900486	0.2771538944509256	1.2220898879422992	0.6338443287604353	-0.9100588626968209	-0.432779703278395	-1.276828950497654	-2.248671150713069	0.14639659136736877	0.7003714636795281	-0.37577239513472493	0.4076751553500566	0.050573844984060735	0.2420394951288546	-0.932399276260326	-0.3348417024224842	0.510498551086967	1.104941333082934	0.7495027900510615	-0.02775070224237053	-0.19370529053458785	0.1019749600387007	0.02849928976514163	-0.13820758983638626	-0.30187217069931205	0.9819468362095028	-0.35423183473884645	-0.734915093734088	0.21671972058849082	-0.7119972100410435	1.3478477322920186	-0.10788239135687319	0.5424837027607963	1.2698456783731815	-1.173731949674623	-0.4489148260075222	0.7191280232057856	0.9526005254004982	0.4043372985385794	-0.21014515507868803	0.5395188065001204	-0.09854294435584748
DTXSID3046825	-0.5792715348824631	-1.460150953712529	-3.4155295126806915	3.606150470645298	-0.3425028941097188	-3.0600503517531723	-1.253357892540451	2.3273643580964585	2.307472013337995	-0.7355511139944131	0.11468728064420108	-1.386023535276766	-0.21253002764260723	-1.8293463111118777	-2.917699603745387	3.316602911916476	-3.9759208243594197	1.3771809777094584	4.771174443733528	-1.6519025905098537	0.521435835442182	-0.5435411638012396	-1.557746617862793	-0.9429757412977715	2.0092865626545704	0.4443750697866677	2.831246399999774	-2.0001570605237906	-0.36441713007126947	-1.8111854084463628	-1.090231461898704	0.13732435152801134	2.5189565012475854	-0.0904242651931141	-1.3172193023417285	-2.2005714851482234	-0.00956666826144664	0.9827835379247686	-1.1547391127126128	1.1550929100525036	-0.8614379573931341	-2.314995677822924	-1.7161494409732063	2.455257274262836	-1.5114515653136533	0.7825384037703044	-1.9615794728847142	2.0687057911675186	0.9782216905106319	0.7464834778679692	0.6368198561657977	-0.40448071820565873	-1.5217551225162973	-2.5121130074259903	-2.100966552257617	1.0625444591596163	0.0013237539924268768	0.5552526535876541	-0.7918591808838942	1.0835381437034444	-1.5312093112290075	0.5229940379275897	0.06482910038137571	1.6509015051132856	-0.9449316506953552	0.6390605854760445	0.18997170841830108	-0.36755058862158224	0.18397280824015458	1.0253149410086	-0.05488292431080174	0.8955636993849795	0.2522943112728926	-0.13155492918487208	-0.7813832736504225	-1.0199967992928798	-2.4038930284317375	0.265400005145377	0.3155093529316798	-0.9229664187875644	-1.250514508274287	-0.938295511647419	-0.23916511128264456	0.5630448082961744	-0.10454120115019436	-0.22733839189364616	-0.4664997084548256	1.2010732877328465	-0.0022716651709048176	0.16334145067811695	0.08060708855416895	-0.41903556929404173	0.15191761840615456	0.1261141112101422	-0.019638262160242732	-0.2359865389980365	0.008410382109072143	-0.17583688411159604	-1.2408817584222194	0.422294805801695
DTXSID6046472	11.178827020139687	-0.0817609413662493	5.044586866970761	-5.816026199962713	3.567458386210663	4.46731202785593	2.89720667968331	-1.0624261694275432	-0.5997454211162366	0.5553082244847345	-2.1940431703396683	-2.3662056679938943	2.3765278161426937	-0.2042364295202659	-0.21895142662238587	2.83477981644602	-2.431742319881014	-1.489627095404868	-2.333747976354274	-0.4021866996670594	-4.403073838610008	0.9635965865258204	-0.030393435711091894	1.8043746091709496	0.23984393810856514	1.4414136794294317	0.8320112371712078	1.902050910410222	-2.2946067296123123	-0.17020017994055908	-0.07298761065708645	3.2847341983220835	1.3377286269333533	0.3840580584451449	-0.9811554798438266	0.07219170954551161	0.6022740999877666	-0.5309452229347786	0.351644804229442	1.2726425970078288	-0.2666536588464225	-0.4789156882573429	0.2471748670299886	0.7595338830102795	1.7385101444791173	0.7857108263338354	1.9077066844704798	-0.6454659781154907	-0.06707546605487381	-2.224163152336036	-1.6823444577687983	1.3284554265762587	1.0845193550388883	-0.943337149184834	0.11682361760374749	-0.22117310267878115	0.6049294168746091	-1.3267710408383588	-1.3134175292817076	0.6020237486256941	-0.3103676650073358	2.88759974271068	1.2913610298729736	0.6914369704823704	0.0201109759918469	-1.5878871405277126	-0.8791706437096259	-0.501215920669382	0.2880938297683587	-0.6481639050788913	1.090902084026227	-0.5781296071821697	1.387561928635089	2.283973622897318	0.7690539241347641	0.3400031233836388	-0.619482170066831	-0.5661046651256881	0.28607604801934133	-0.9076769357438688	0.014707713822182247	-1.2289034735379594	0.6823958578216605	0.06430082926023624	-0.15916167279230448	-0.3514201249803775	-0.1062100523190549	0.5312463601887872	1.073004065273913	0.28598234173691683	-0.32432896175518544	-0.18631152419813676	-0.17890878085015857	0.4565148067268799	0.2967382129068301	0.040737659781388984	-0.5043599704956274	0.19197632506846005	0.5941333119426376	0.04821605340089672
DTXSID9046659	21.681200777295246	10.632505673052366	-0.42958641589905344	1.8239006209543083	-2.403670274643242	0.21116624176647736	-2.524689371043651	-0.7536575932975377	0.6358339103246362	1.3692514639113986	1.8703692946596084	-0.04976868483109485	1.3254521455788886	2.226835618266345	-1.3246326655392064	1.53063019889868	0.06804016279258104	0.039763680444820426	-1.7182555305945404	1.4972637890027123	-1.0036789134923914	0.32332395629810107	0.5408241110559111	-1.641427405330808	1.6327305707297854	1.4275094368104253	1.1226993019565819	1.3338088599382927	-0.6887626105331625	0.2501217933612747	-0.8489629359264728	0.9748856224334631	-1.0247390697106857	0.6765806622855711	-0.08617036181564051	-0.4043231847472521	0.5357239950534913	0.24056789667407752	0.7090856972939206	1.7381467352012165	-0.16025888579196784	1.1225440504286102	-0.12040044869830696	-0.4881722804947999	0.10878937777245305	-0.7312608365628736	-0.5701715090232746	0.9586093698408571	-0.015665678193361787	0.20511241889554202	-0.5000995508115247	1.0053831550788768	-0.707336046163916	-0.23169089987862487	0.7155396039809839	-1.3401103435983923	0.40044258199058413	-1.2551010863605048	2.060775811589999	0.636994684988167	0.4406724640392797	0.44004503655959964	-1.9700484423913551	-0.2567361262844318	-2.1843295671125618	-0.7174427280149632	1.0772687845893827	-0.15203539765368715	0.11062570532734636	-2.247580187017544	0.6751464674091991	0.9898000621371772	-0.40525789528597056	-0.29628771778380864	-1.36276828984256	-0.24947924048177458	1.242064065811573	0.13380663856307257	0.9449706337873258	0.19819453080587943	0.6541802431220098	-0.1495802023121853	-1.323397347939914	-0.32181309310630385	-0.4255236168821764	-0.20837237006571965	0.2661182818788419	0.48840404362182915	0.06342208176444442	-0.2985624713291278	-0.8444912035874002	0.10633707080701892	-0.2807705522961201	0.017319903067295462	1.8515439771189806	0.7640650905435088	-0.5718236573163374	0.7030982545431721	0.6844773800725669	-0.49804207842462306
DTXSID9048980	11.273818121370262	-3.416358100081065	-3.764468545958769	3.194639202392765	-1.221039730857006	1.1026090220414044	3.587677045080751	1.234662445704975	-1.2587980567076171	-4.1701245007727215	-0.7173714236659006	-4.290081948461131	2.1710734892533767	1.9379876022853884	-0.4431548548392085	0.7414300938515079	-3.4296770484970955	-2.9895429285359403	2.586443673944962	0.5309213295283114	-1.8727220050767004	-0.40011431501156114	-0.09982604402002229	-2.30232652992939	1.5895084785914806	-0.07772878207404625	-0.4928697655377357	-1.0965544129062872	2.3018654710413378	-2.619102210769437	1.8588015282142583	-2.4669433053852043	-2.811312557065807	-1.926749869872563	-0.49772963099156353	1.7208679009667516	1.837001929760476	-0.6681296323472554	-0.39634064415734876	-1.3929992413359584	-0.19912444058007986	1.9243636022104271	0.7587929201965918	0.5338246264201707	-0.6532661694278106	-1.2466730357968638	1.6054738758515017	-2.228882158092526	0.648939266897194	1.0431477187591505	-1.5708694466494137	1.2565017852830214	-0.5586526251866117	-0.042369909269370835	-1.0209486474980338	1.1310111270880476	0.5968912897589319	-0.6493993671964425	-2.618423305292122	1.2290313205061771	-0.4662965108012718	-0.9064290572534197	-1.7233696828125034	-1.4594092175463045	-1.4262326193603796	0.7154251275659523	0.17769269024414897	-0.7290588671264047	-1.1617599225514557	-2.2279188435804826	2.1538955536944417	1.195608879117757	-1.851886635993191	-2.002338378561803	-1.6497719483637632	-2.406426058461021	1.2321944004902727	0.5322471111202719	-0.018147597381575706	1.4057427999019485	-0.4451445964164616	-0.7628224742505827	-2.0805400434188432	-1.246276817558465	1.0631699254218638	-0.2953094321922139	-0.40267243640823347	-0.7209496114015531	-0.29387338332452284	0.9100057614040648	2.065307085056402	0.03146457802645077	-0.593826673115657	0.6674806821332926	-0.5617656288072821	1.4061916233722813	0.18800302427038562	0.048445247949947264	1.68044931136107	-1.0268446410362921
DTXSID8048789	0.9653545559130563	-1.6843993891355031	-4.5361403994070555	2.423778219872494	-3.8668991343288224	7.586931250707638	1.8682069325083825	-3.613011630387657	-3.226426116806293	-4.165413817678864	-0.37153846757046977	-2.441366756808275	0.4883660278848016	-2.103293267455157	-0.8175922201547087	0.9435513240359228	0.6347071122818482	1.7445805812669055	-1.3610150116493964	-0.5617115853436954	0.12450380239651322	-2.291990479586376	-1.6009147026700952	-0.6994917369493173	-1.6707271845801017	-4.2723789054101875	0.04819996034879718	-0.3777826974796905	0.41912971012715383	0.8394135180610726	0.22488322372895475	-1.904065443527502	-0.3296755932258858	-0.7881133750951782	0.9124583106564506	0.9755051585535032	-1.3340577391208694	0.4543357538665422	-0.1970093109506916	-0.8562959872376301	0.47714901938144155	-0.5196156458782452	0.3600799060349738	-0.5084571245316848	-1.216284312182356	-1.5311347565442928	-1.906201233274917	1.236832784261409	0.10429558085954815	-0.020458466611558892	1.277455729609612	-0.7057097037346738	-2.2532066027260567	0.14560513491344898	-2.2836041665403113	-0.3329905040137676	-0.468390999110699	0.26694562935960875	0.29090857180794266	-0.9058761344127451	1.6023625061929092	-0.6838800270494967	0.7583143210561398	1.0639778531245745	-1.9927270794609586	0.8074531854956538	0.0475670006098951	0.44901689336862866	0.7266733104444238	-0.23337572611079221	-0.19270005233521617	0.9794211569848362	-0.4512829951652049	1.333297107791672	0.12008020719629192	-0.1997448049484002	-0.9985229167921289	-1.986445966291141	-1.5896868517926594	0.37052166977160217	1.976745425472401	-2.4683337310110054	0.05825364879708145	-0.22592485238715415	0.6568947559608082	0.6366027873958968	0.7876528377235945	0.2632962612158723	1.1001387388542834	-1.6743848335394491	-0.5609761919027364	-1.2343217547368128	-0.8791778656187809	0.43784079430150397	-1.0293023136301434	-1.0051766772301716	0.2574007808901913	0.12658698346422728	0.6296457489500736	0.388733671959467
DTXSID7041467	-4.791491401169489	-1.2530378514518408	-2.857406299155698	1.0479495285395064	-1.6970152011333564	-3.6270890158643354	-0.1471593204287327	-0.8822451538017534	-2.127783962603573	-2.4448567261402125	-1.5177959047162237	-2.345403015182009	0.6747167475562008	4.876664325419264	-1.3556654564520443	-0.7429502282572259	-0.024645297767768335	0.1568637089790615	3.5372635984028027	1.3982418624620678	0.7640934227821637	0.6687806708229871	0.3831528155189058	-0.18194981097666707	-0.5373424001358001	0.6916496966416962	-0.14783961625194617	2.46168969692876	1.7368947754098476	-1.2336801910285768	0.06428132455313113	0.8805033693404343	-2.1436587146979376	3.380084030732876	1.9781478795123348	0.5846573608979532	5.74167144990263	-1.1954094928490504	-2.5902470834285127	-1.0294489469266332	-0.9144020078845144	-2.65049204262214	0.5534179015679228	3.6876797914296615	-1.202384461077467	1.0481650422215631	-1.7878998950218108	1.5396425668414808	1.6698319611722556	-2.556560522107305	2.188272359365197	-0.47309952620750306	-1.2663199224417843	3.2241441526379493	3.5774385175878654	-2.5796986104151283	1.9883606989064058	-2.1204426605661952	0.5998098395393033	0.48030092371104394	0.0042936932791960815	0.9985531578419602	0.9228455395319967	-1.068391569944255	1.3025529259241901	-0.023797402136337645	0.015673320312900946	-0.8517372701205006	-0.38301671350982697	-0.09836188847772177	-0.23776792951747508	-0.14688297339301695	-0.08755237333293749	0.06374489241608887	-0.3886295166969873	1.8722922723912847	-0.9552362185156295	-0.5104099997601854	0.5434769332129666	0.041453159056215355	0.1314503761264046	-0.3154538197915426	-0.09253717169377831	0.3911412794392469	-0.2413817779848828	0.6207293813457265	0.5132801292278203	-0.3518461719000499	-0.22150144197281232	0.16229006053716125	-0.5846392607124611	-0.5176978336176413	-0.6170551113185354	0.605036762684661	-1.2125860045276204	0.8740688193192556	0.43036700996218646	0.6890292827859933	0.2616701884998707	-0.7591119982778277
DTXSID8029236	0.692374533602192	3.7081635860613322	-2.3874275929987143	-2.930227001153582	7.757669789615776	1.4081615855341842	0.8348043039912197	-3.259599033095756	0.9538549596970836	-1.0429853633313957	-1.2383923266951689	2.0940027451491807	-1.7110974775332914	-0.28508114317994115	-0.19794765818324914	1.8085178735651586	1.5771097718439568	2.2161222514603844	0.05876464338313823	0.7489018490719052	0.6315960210625984	0.6922011836627586	-0.444963636803515	-0.7471931166870829	1.6017551928618199	-0.23684612614368858	-1.4109046094740783	1.2844343791782076	-0.3267714037911957	0.09801196942169081	-0.3603385431700664	-1.2133318459985922	1.3091818542654037	-0.2832952321886777	0.25530434203198354	0.4533871817275067	-0.20647380178629704	-0.414239860385499	0.1170410171259589	0.0787597138215255	0.08518187321205073	-0.5829395950283495	-0.6514896149392914	0.4808083783884765	-0.5289682480757617	-1.031241172838028	0.9332825221383761	0.06005878786608719	0.20006964974914188	-0.49675555631814305	0.1124233341221921	0.6448050442453985	-0.27338523452114905	0.10427928284892297	-0.12370221542392537	0.3704713675077611	-0.873862281860442	-0.16928392146742322	-0.4535295197071947	0.5017747852245518	0.36046049738784747	0.4067532394152188	0.12175349360339695	-0.5348574331561066	-0.3113981701296748	-0.9873869005243511	-1.046844649682552	0.20446428022875524	-0.933338183265812	-0.40279407810458895	-0.172315092945271	0.2689098941137602	0.08433962702701274	0.19704007552563757	-0.43255311462062124	-0.2642638516471921	-0.1185248204486707	0.7021025522419635	-0.20867067229943986	0.00014909315890343746	-0.4442028092039542	0.5023337534173703	-0.5012814664326586	0.18853800566993287	0.11645143358576159	0.1424721209845683	0.31507887551926944	-0.36280742865621696	0.384692110105531	0.23763190536859458	0.01877574984576334	-0.3601787926909182	-0.5082208094099877	-0.3871850546118578	0.10631058814305153	-0.13162834979897403	0.18915364858422698	0.0912816506316005	0.02294932899670832	0.3026824565295823
DTXSID4072990	-3.7570408767743753	4.88749079122258	-1.8832058541523475	1.1322565409521026	0.6328772454055013	-0.2900784197847166	0.43859685092035244	1.2587144440014624	0.1784850158834079	0.29225511600172877	0.4490397758873367	0.9881350250013439	0.09877210633222867	0.1113091518470955	-0.1544877023590078	-0.35325276823973145	1.5702481950242115	-1.4491949067713277	0.7505736537929715	-0.9448689341145942	0.19345829497724096	0.5534525368003993	1.1421046560693577	0.181885781502756	-0.3422299591497527	0.7300304174746842	-1.0304428929897382	0.21032393927094586	-0.8444420520068727	-0.2872838342196936	0.684696512702837	-0.19228010716543142	0.0466781780044181	0.6027497519928712	0.462338526559616	0.10299313459580052	-0.6235908491254811	0.10786816320624473	-0.11344462310211229	-0.0005806082562476648	0.5681896073812532	0.07169324424449967	-0.7384941029171093	0.31438950933407567	0.5503259384598902	0.019921636904966906	-1.4806760335595945	-0.23017148408927604	-0.15973143472099735	0.18518570204273885	-0.014415817013448403	-0.3094320302702641	-0.5423039826782226	-0.18922961041093736	0.09358583469679055	-0.7166755308803469	-0.49225979892283955	0.5163467917654947	0.27264012865261666	0.14060955766967329	-0.5397634857243613	-0.693899656624283	-0.3280645037198737	0.49960982160183187	0.7250331035737081	0.42480477360584257	0.5640007457173964	0.6208825441379505	0.2831191762502079	0.6938982605613622	-1.103177970979245	-0.21811531420317237	1.1300601051665344	0.7315370890830921	-0.49259064235864286	0.5977993631308773	0.35266255169475624	0.016424718602946538	0.18739040359896758	-0.36946590098342297	0.1539056511562568	-0.39519545433288855	0.5110499362518875	-0.7418824731643225	-0.25104306128726184	-0.6928380545144722	-0.5732489560922626	0.2747821990069713	-0.0653029500330976	-0.07111224251523499	0.3242407158162985	1.198171622333706	0.33995553215990015	0.08699906272013533	-0.4492690452285972	0.3474829718865744	-0.0401107332192784	-0.6389945054144729	-0.537776034166513	0.694688601859972
DTXSID8049250	8.492949848468237	0.9821478059917709	-2.1413705634811424	-7.638836240745287	9.600919316877125	-0.4305640819304213	-1.6038202791786196	-3.072385692534089	1.2392428694579045	-4.102219182229251	-6.412011600167137	4.055732215514934	-3.84779843305765	-5.216798278505437	-0.5613468472228501	2.6198292754533123	1.1850868769232163	2.2091334147755575	1.3857189393415354	3.738952226332282	1.2188307761662782	1.552764109836466	-2.986081879943016	-1.2607827082160743	2.0810423176522512	0.17149744945150297	-2.8629552544100756	0.8733553019749551	0.29507676140515243	1.785073077052371	-1.7055019359782466	0.11254530928199023	2.01609861082369	2.2338620938485425	1.9779945374711225	-0.9484928160120404	-5.197809725708384	5.180078990052073	-0.2873840524276233	-2.2123328268707967	-5.798737627521262	4.0318356341563435	4.698583970036296	9.935595583849654	-2.9310133915319296	-6.3827919949807095	0.3566859554341537	-3.319420554436122	1.9937990328084663	-2.794340092560469	-2.480157672711732	2.474864755178646	-0.2586124516250864	0.7698495803434241	-2.5590785475346185	-0.40510709648806753	-1.5781324019624159	-0.37812956529135505	0.3976368340580403	2.2546916367954113	-0.059518975079086704	0.8035998209770816	0.5164952196355228	-2.4130574865710543	2.1057574926048512	0.2216494045477996	-3.165927391623319	1.6017196371481028	-1.1044545467111562	0.7099445726718332	-1.0935948138869374	1.244759886532461	-3.1418508895503674	-1.78091701857439	-0.5372155040010524	0.529418559756945	0.522443577810512	0.2689999728456079	0.4662406704320088	-0.07817945993731909	0.07291681353240803	1.709704439863411	-1.41551477190474	-1.081182599668081	-0.8946147358797634	1.5018105961216799	-0.4924953591506034	-0.9198680061555141	0.3291117866964555	0.3870902656759997	-1.9998658669948337	-0.4457597859237505	-0.5998939468495126	-1.5195557155553918	3.2947411747074806	0.15111684271872539	0.3332282164791264	0.23527519973478336	-1.3052268951168204	-0.2476507807518158
DTXSID6026373	1.6834909156356577	-4.115881107502717	-23.418856721869385	1.5443563200436383	49.59125088600513	0.5121469373886858	-10.860377248064564	5.257327297811697	-9.475564889512695	-11.323219844747562	-0.48298744208471817	-5.138738684535049	7.647935319938262	-3.9421999239791568	26.19311256118157	16.5442871316632	1.5342648855504502	5.29808905282714	2.989127015165188	14.21264454344881	-0.5371066876937537	18.16321634141662	-16.003416907392772	6.771710814095001	7.677268564222701	-13.215536929322615	4.83711274990246	1.7821740874801881	2.4580555021518755	16.33883390698787	21.720840245095232	-17.369740439462742	-1.8383627465223684	7.72525869322483	-9.864188443423588	7.075019075632843	6.801290768670822	12.859341091290794	-14.547945385662986	-3.6452554901597765	12.524321748576893	8.370336805938651	-14.053160665479117	5.80568903530871	-2.5427334322388933	1.0683599495934566	1.879300386397738	-0.7227921380100863	-11.282102742499546	14.252445341884966	-12.29297329502317	-2.3428862138792668	12.881826989162484	0.8035920253907659	-11.449236944610785	-15.758441452255205	16.930097861806683	2.1699074546116313	12.977724840159654	-2.8041425108227247	16.90559319420785	3.6454813631413514	1.7754681472797693	5.464891250423154	1.0315509719934304	8.133106191562371	2.7129121306234247	2.7955273250777486	11.99295819187487	-5.518993020008522	1.8757957237530767	4.028738629838203	1.8217564926547398	-0.973693124702941	4.599054202609264	2.79409577752794	-13.68397348218874	19.216848429060697	3.1082079541623253	-10.955088165033265	2.6135876213715976	16.489005138919303	9.847258628195517	16.845934580205302	-5.668150981841615	19.749386345478722	12.15584415907494	-5.447750512018359	-3.1563402718066547	-6.793232340630251	-2.422370035192722	2.492058922181911	-0.34718196219395536	5.690789466865496	10.208653733996941	3.488137643538841	7.165070402467895	-13.421162434999308	4.507043051649461	20.760206754653783
DTXSID5047297	10.89327288578946	-5.433351938397117	3.9771085410275298	0.9457656707452639	-0.20542782259746828	-2.5702651960117864	0.6651361049262733	0.01051810090650067	0.7592075621374891	-2.9459941577686326	0.12070598202205857	-2.0364431074320706	0.40751905649666803	2.515057541577441	-0.9995725781057788	-0.8982404551848715	0.706117043761441	-2.050478240384398	3.2792896456614815	1.3799059979999495	0.7157860163134914	2.1357865543724475	1.9477065458877092	0.9127342489148885	0.674659843666063	0.2060505029424037	-2.4703940248161547	2.335844292385016	2.7838278230163715	0.42849791065843235	0.9686613015560346	-1.4764294961088136	-1.1077023417656742	3.574417133067407	2.1338000239328783	0.8447216585373939	7.5452415045118	-2.564630063379308	-3.2122198274261407	-1.725451460187031	-0.6772304447043946	-2.5575246981800905	0.5348918584436305	4.215133213031897	-1.9818578827670361	1.7969504619891172	-2.1289077327878974	0.8047924223143603	1.488801665157629	-3.032481321213335	0.8574145488090642	-0.13129328767604748	-1.9735820995595825	0.7409926106895285	1.4401820013408286	-0.7568836988878451	-0.2514862527063384	-2.1298465362161676	1.0816981396544347	2.0752505298980957	0.29913650021496385	1.2892256116002203	0.13188867203704158	-1.558248688140466	1.3818368995784909	-0.0535280991377698	0.17592918301488655	-2.00478824605267	-0.4808751854320309	1.1560367281376922	-0.31535465544834396	0.6048799002075591	0.02062716930809001	-0.25022731175685514	-0.47738135713811786	0.7193087678564114	0.07939659171415174	0.07204726070404671	-0.7966810286029581	-1.2031772534615144	-1.3505009852267935	0.10645420477423495	1.0359435649767388	0.10193926018349898	0.17463122411662205	-0.4768843207797733	0.7930954860109926	-0.31696136399939734	0.9837077865517603	-0.5256203859857215	0.47512359091855877	0.22567814061638733	0.3502340745590742	-0.44321755204559166	-0.8374710859803719	0.46030329418861643	0.626521723583005	0.4355998873310756	-0.7179887603872467	-0.0697257104643671
DTXSID9049241	-2.823418294046929	-0.27396735647357556	-1.97750866528103	-1.2913646877849123	0.72760694876202	-1.1194670964281634	-0.8914409553861964	-0.7383954355222665	-0.07052202297892307	-1.6057612489532835	-1.856054302181186	1.8308772452321314	-0.18878622634971653	-1.894851232985679	0.03588056494726238	0.3889851428147676	-1.2510379079736673	0.03608172864382794	1.116560450692571	1.9917701379879815	-0.33016759077154473	0.755696772552846	-2.716235550986012	-1.599238209925039	2.73773353429177	2.826712203963992	2.1703161950972274	-0.25934717449582106	-0.1556562812501443	0.9190971194293489	0.22416546185789654	0.2996424649570519	0.35129677146150845	-0.0668755892381044	-0.810861510784433	0.6943460880150514	-0.7458796117296961	1.4246411602003686	-0.9585856565296357	0.5934395481674418	0.6964469950318909	0.13985625431520507	-2.3762767492925647	2.5456668739125967	0.002021462647696835	1.7320663186231058	-1.2059627458590185	2.93829871162305	1.6432520217260569	-0.7759759977066827	1.059823705056378	0.8146982651450896	-1.2202405062622037	-1.7528087491154833	-1.3845742421007423	0.7959760698128981	1.5161424663489715	0.384729505709462	-1.3823906424522943	1.2584084597619782	-0.9650912120542935	-0.04095032178366626	-0.8805504091304853	0.8780942354572467	1.1061226773798931	-0.24809808190842905	-1.0916199994692517	0.018841124894285886	0.526000904656939	0.8781258060961096	0.4459701292572754	1.4867741305341728	-0.2921540894934201	1.0528859977899738	-0.6997649749915494	0.08765906129458602	-0.434819795539441	-0.036622277426929827	0.7282055949295237	-0.9308018537138364	-0.8120697087335481	0.5916125890866614	0.04616005572281875	-1.1998654190236604	-0.19732642271215003	0.3500380081291902	-0.19694760480484821	-0.1214508310865201	-0.19477899619294067	0.013334633469035868	-0.3567958112171161	0.2350363285975254	-0.9559569615836947	0.7710409321367128	0.7864579117406266	0.41117236759530695	-0.8987719778454218	0.30155677187791124	-0.02184014573156804	0.42376830506226343
DTXSID8030760	31.323428034387472	1.0089761196728657	-5.401500809842136	5.911250932023139	5.586453354318789	-2.492978541056448	5.3289916716388435	3.05143298860024	0.2288676002599817	1.2802755506100323	0.17579470220527812	4.218307229302706	1.0848040378164079	1.9479946632024638	-2.5979399817852253	1.9210992939481584	0.6819724539762511	-5.0510722670346615	-1.2225223347465044	-3.0735485631984654	-6.486819280212641	5.085359915501696	4.482924656339606	2.770183676906547	-3.1382370324801165	3.3732157154983153	-3.7006851465101374	-6.80602028603303	-1.5164240207807007	-0.31518351219094654	-0.2469714797093828	-5.26099047211897	-1.8100440408027545	-1.5825534069855431	3.728528004683478	-4.750839238405028	0.6863195107114703	-0.8555617002221702	5.123470892414769	-1.1037431303432883	-1.1940970424877477	2.3940954788754545	-1.9776771848253567	0.2618519483093261	4.297141989529799	8.178913108452772	-2.1101850457484783	2.4048602101998173	0.534860903728199	1.5143655549072037	0.5144666462694155	-1.8050031536891393	-1.7028332605997265	0.7699306938441463	-3.299314329686484	-7.023739070579404	-2.333938704223072	-2.364708714895977	0.5253434938289435	-1.3081458079877653	-3.714271384043296	-0.1535103686361823	-1.7611842728579343	-2.8972350776007922	1.1644837160818104	1.3644200858448214	-0.35605383921483935	0.9400689138096324	-1.623692076005111	-0.5949082192133555	-1.3764120089636225	3.166136177511596	0.8151901746323584	-1.7156346178592674	-6.0215117747379185	-2.234196283427184	2.6320115328854023	0.6867373538463857	0.5913504770131728	1.4304479228316969	0.7547143974603562	2.5466194856209676	-4.055594659857	-0.5438205995251657	-0.17210333190406146	-1.6225417131063613	-0.6289985020393706	0.6143285972364209	-0.8919571417668418	-0.9284405037450411	-1.321829484924438	-0.1698936928888343	-0.1736160366800796	0.14865537203551535	1.5723874195376744	-0.20836632863047974	3.847366638876165	-1.0498337076720203	-0.1787872835500505	-1.4721996692246355
DTXSID7044974	-3.2967508374792316	1.9277573598156978	-3.5901532089976387	-0.4476976266568781	4.906989169964679	1.1430517758901346	2.0752431213792453	2.5493663031443363	-0.5547252650123473	-1.2533970090079607	-0.4534344119438703	0.8329427716001871	1.3545464998976091	-0.6545952892171963	0.7964766921722171	-0.6969553578021989	1.5551539468357944	-2.4680717195797905	-0.9659023536316902	-0.9415543645540874	-0.07819955934840932	-1.1903796643590434	0.5024954510027038	0.5577794904625369	-0.7540710463166302	0.2237815017702605	0.2557803973067892	-0.14977628113736388	-0.699322240303609	-1.2152924218599626	-0.2740417044365646	0.9642143849368048	-0.6947276937648216	1.5517293647565196	0.5641954208977297	-0.5323384175189247	-0.5809494240813738	-0.9646521816121726	0.2622406655939383	-0.5282545184077863	0.5381905350937067	0.43773417688217237	-0.10200735445449031	-0.5795403781425734	1.4362974550743122	0.5025539743953339	-0.7060994401713022	0.9610605709637494	-1.162662855360675	1.4084277958665732	1.1625133002144588	0.18318743315152067	0.861008626863216	-0.30479702957279864	0.8023769994356239	0.05904586751167748	0.07494763959554496	1.2515896163527307	1.685366102151888	-0.16500063595131778	-0.7098694663219826	0.6987435465133897	0.015468644668825988	0.07010639804402992	1.2280568621209083	-0.5144081444828521	1.2121935408498032	0.7015314993025537	0.1064339647033717	-0.4811926014291982	-1.0231853126813446	-0.2316010825035829	-0.36823527046575594	-1.4583952367875943	2.403929692604289	-0.002978384400493453	-0.1824506540103487	0.5508107618059086	-1.0045598525290143	0.4426372158779582	0.17197842705817118	-0.05502443683985522	1.0242661139523201	0.2243739761949877	-1.5406627658066003	-1.202909860461839	-0.9458153642945264	0.39455389808934377	-0.7635024452021661	-1.0212843627733827	-0.2840449527546091	-0.4229244070788485	0.3064663872100061	0.6746199645886239	-1.660202568453182	-0.5332490351750462	1.0599227969479104	-0.4747722309455516	0.457829436383102	0.5248271921449216
DTXSID3057694	-1.6695850526125686	-3.6799363510774743	-1.1368997181268274	0.4214668037059185	-1.787360187822132	-0.41322164270655837	1.0470327584799577	4.691283483534245	0.97298995621438	0.11550851180096079	2.9046205755209935	1.4614297062042918	0.0447561361665523	1.503340687165939	-1.729808307626597	0.5790153340502106	3.136518915000384	-1.4837502443606774	1.538876805859972	0.41167199855811476	0.6996532653592167	-0.277010612817999	1.958463856062257	-1.5817539262517133	0.5972497965314373	0.7752222137369967	0.9127765429913719	0.038563516065800996	-0.5378411081191753	-0.05670366798870265	0.2340667672010031	0.19450782128717478	0.770440516286122	-0.12785769099834624	0.1344328781503613	0.8694575021323608	-0.7966291183506371	-1.56832283893872	-0.028550234085710745	-0.758130402976737	0.019193041552438603	-0.24468168799553844	0.7501644507418762	0.6416250653113929	-0.20609665085011447	-0.23562987039378133	-0.19409821769512273	-0.48319333808962944	-0.5313017161987545	-1.3332813593486896	-0.11462230595568622	0.3454714277340464	0.04909399078752374	-0.6697753717927002	0.39729815674463215	-0.9147107453009491	1.3156657629108424	-0.14496837115557673	1.2783703780794848	-0.22502589003139326	-0.25747805298904886	-0.40884509714293926	-0.7038090606245664	1.6817527332395568	-0.4864634455200989	-0.14819022061608655	-0.8176652512456789	0.7792503288061571	-0.6061498141887688	-0.1313865450047917	-0.7410966953868605	-0.36343412945443376	0.06468239169098389	0.28967798817804563	-0.6968615925450424	-0.12699563158911184	-0.6164990351967192	-0.1129253684336499	0.5952787034590001	-0.28365967653002816	-0.5048590346993147	0.5936112058972037	0.0747583709781573	0.7220795497771738	-0.41118115912979397	0.07502498747112672	-0.08014602655579736	0.012843606331449738	0.37736345352356143	-1.1398159477556609	0.08001366691024	0.1783802666800908	0.11772411644428667	0.06527213170582356	0.5350693043307891	0.04131097403964352	0.009368250555865857	0.01601219958220393	0.09835337682010664	0.03658044054626062
DTXSID0044787	1.6576803051455444	-4.616837882405994	3.743031159225217	1.9666159662502718	-0.9410422937918685	0.7220753384738003	-0.8954686391394442	0.5970221711601336	0.31081415463825085	-0.2966297291717544	-0.3604163840553094	-0.6052850973023745	-0.8198707115134363	-2.541309885373218	0.026380952310487368	-0.7588195317979096	-1.268103452209856	0.6537230682851751	-0.45166705158951465	-0.3462402217695474	0.2563573502632442	-0.27457036034565896	-0.514748093870607	-0.4964808678836152	0.5083095491129355	0.5369423764408187	-0.5816091559385795	1.25362373892798	-0.23902928952334052	1.1899234950692286	-0.6711988383126882	-0.5331281374127381	-0.19036946637617944	-0.2768456124873888	-0.372612462872311	-0.17648628341741313	1.3836980287194747	1.6038668380169396	-0.1674372115492102	0.2770857684373282	0.28928109301855626	0.0035744899576319383	-0.22380310464645287	-1.053275670305111	-0.15729208020655452	0.1627434934512099	0.09347560412821974	-0.3835128490508726	1.0374148120169968	0.5431157924629656	-1.0179726898655497	-1.2740272832980815	1.16840237863126	0.04214216222850248	0.4279088282103693	0.20836654912812502	-0.28231735413849507	-0.058797277285797145	0.42323847219192073	0.5521054941039649	-0.3378353784170396	-0.04839522343348924	1.1075439758535657	-0.08329786505001655	0.7634567352430767	-1.372882428573868	0.5751718672143663	0.4535760643239124	0.3802682850295401	1.8797374971409784	0.10226153326750581	0.23650742782294884	0.6268388407216517	0.7541201361723822	-0.29792731166904807	0.30652746875893905	1.2823814442968415	0.5003904464903178	1.2613172326448256	1.117778605681058	0.842234862580425	0.5212235031783328	-1.1361325819237404	-0.18422317470633712	0.28996559608647243	-0.4046754624920232	-0.19484337323030984	0.8633291156126404	-0.5994308105110007	0.6512377986786093	0.1868386165350348	0.25078197960528015	0.5902845816757409	0.09816406566868838	0.9499677161025725	-0.3796066599431611	-1.1221093431252012	-0.09074850152203046	-1.0875647190151754	1.0248704469651124
DTXSID8020591	-1.1588291773968815	0.9062678792299201	-0.8145222392025219	-0.909212926145546	-1.7704544622877318	0.10103470525078209	3.0535833169615927	-1.8852962432231282	1.5659218405927877	-0.5999924063984976	2.266071793771681	0.77994947077653	1.9427945906299002	0.9456436398080585	-1.0524840736916352	1.0366730233714043	-1.2372266281645208	-1.0740957127841326	2.1847405290334456	3.7059150451827167	-3.6558929788546664	4.403004994282633	0.565029490934189	-0.9017241594876407	-0.011938496739473376	0.33629536314104963	-3.0245267952781814	-3.037577707081594	0.9777152928101671	0.92799244626047	-0.707538685767463	-0.8821325384617098	-1.4008832072700808	1.5053550082097198	-1.3826286650665047	-2.5492823959172544	0.7390858400390009	-2.727955941411054	-3.762333671352148	8.230529447307685	2.9993234449651274	2.738991062348159	2.106357710652613	-2.728468826536938	2.0943969509542333	-4.824952460944289	5.944872789508303	1.675538537651027	6.138694085501519	1.372113521163087	3.4320227830229517	-0.40477846804168344	-3.461306865647165	-0.023006458157409333	-2.2379245289867837	-0.9790305455767861	-0.07616315697879551	-0.13070761394728442	1.9446662446246328	-2.1377616891493774	-0.9886951348580212	0.20690259162972624	1.3521664186567817	1.3859274404950983	0.894455244848905	1.8848089324530268	0.030807447700234098	0.39388809305870315	0.2546223880072779	1.5298839512263813	-1.2584827971411854	-1.5862958008586965	0.586011923165788	-1.4129864711957585	-0.13132838654403342	-0.7280643969233147	0.24110745576577414	-0.3627353807965844	0.8186490268450001	0.6854381156894884	0.7121022304328655	-0.819022652077875	0.42603938719701134	-0.20538814430620614	0.21402594472921727	1.005457503239105	0.09955639452005506	-0.029505789271029165	-0.799900143772039	0.129864288789537	-0.1836371740915465	-0.5397232963365496	-0.6502282796334655	0.4980826891499861	-0.502131623266877	0.4740422037575285	-0.30220403924636813	-0.14677773799347832	-0.43002298355543206	-0.23252253084747168
DTXSID9047461	-8.29046189098121	0.40979262560142604	-1.462489285023642	1.1569432230272676	-2.8623671176786813	-0.2557296173154824	1.3725853435758166	3.1601128094917974	0.6406685651929027	-0.5012052852168857	-0.7346122493286084	0.6993089845285724	1.405498982388912	1.5536587668116928	-0.7501717979959475	0.6212283817296939	-0.374067692595498	0.3481981052107428	1.7843901228438666	0.044951526894527055	0.2934047876813174	1.1638914952102866	-1.5148930054608916	-0.7724318671454091	2.4154517641617494	0.9795680278398861	1.8486066593045443	0.2246199762811256	-0.09910592975932687	0.3914701177550834	-1.114645436733548	0.6539792427751999	0.10989191225715658	-0.9987175691305189	-0.09890338876825683	-0.29335810670182044	0.36239349200875226	0.6336943139697491	-0.5553680116214911	0.3521440462531312	0.48161576388131216	-0.265922159560492	-1.8327208758544518	2.5653242414782733	-0.4518221900488177	1.1410554273197493	-1.139720534282312	3.191879569931819	1.4773844843418775	0.418210767215126	0.7626641385876748	-0.14938284630689136	-0.39334215342909357	-2.456794749238642	-1.9768486759803687	1.7452011815756001	0.1526117766019433	1.2151411209739162	-1.0111524330490678	1.2050529491024458	-1.0148278266333526	0.580502914602837	-0.5043369631317307	0.9125246679083671	-0.4988895816461193	-0.733132596323096	-0.9922658799901207	0.49036124718818824	0.2965954764820356	0.7595115645489612	0.2853085713962279	1.0107807496958967	-0.3102466871152499	-0.00716596496301371	-0.40230533745235125	-0.7755371561186187	-0.4642278242018168	0.4364512024089803	0.4292358164466842	-0.47001532821423053	-0.32391161964857956	-0.2977357847486001	0.18748432569076132	0.06807759212886352	-0.4954373578805624	0.1580571900896441	-0.012364160857394814	0.06085237672178056	0.41161845386200846	-0.09629495807775013	0.021106829116669782	-0.19760701189732807	-0.055371622229823975	0.08541239056974306	0.12324640387644749	-0.21563590158219373	0.1469714312808911	-0.4541787873907781	0.002763403075019893	0.0752297265272211
DTXSID8034085	-0.3141508736493703	2.0981639015899916	1.325290362023156	-1.0098194075135787	2.377731092554108	-0.045532962619787044	0.35372874675022403	0.03346651184693591	0.4001695888352648	-0.608363801745633	0.3484387652531331	1.241095384760906	-0.0014741101736917925	-0.3301230105114316	-0.16590859521912613	-0.30765472863608095	0.24320116472350725	0.3759802873621522	-0.6599366914659088	-1.0863498000416636	-1.0089605787120124	0.1409040881037457	0.1353922366627231	0.6464169793229686	-1.7521711232014847	0.7680361936621889	0.3833633429362744	-1.1127072274036798	-0.03130346590824812	0.613946449234313	0.6394500172716947	-0.7692410454001928	-0.13988155632009655	-0.24766045688209676	1.1452887363334385	0.04553310945310548	-0.11609517043956614	-0.25357879774388864	-0.07360539088104873	-0.9612345439913583	0.934820681519892	-0.6386184922408291	-0.04235626677559673	0.14164821597093064	0.8261859498199948	-0.005535498690153043	-0.27997730919802594	0.08111967565839635	0.5997254875779379	-0.36874470636732204	-0.7195009751693356	-0.7429477662778182	-0.5897190950976635	-1.06775716400161	-0.04556342934778174	-0.6319551744339738	-0.4875536185623324	-0.9179471782034164	-0.7573657175670623	-0.03939650015798095	-0.8357902374784177	0.3046357688804251	0.03532835394726474	-0.43032561075715153	0.5133030258953949	0.7372363505595337	0.4726362907159	-0.31135190872250784	0.8722720453030962	-0.3016286565422702	-0.1817603731186862	-0.7218212317613604	0.4309171254012121	0.8827171140126236	-0.06996455740141723	0.4623062247871587	0.0014800004887633442	-0.677083460327356	-0.43418004108274116	-0.562814847953619	-0.9879836508742824	-0.7339672859733575	0.6008874952561011	0.08690271645676631	-0.8901572382915484	0.1731447795160462	-0.5615911266948168	0.19666463112382745	-0.5772614830648131	0.16927092363143034	-0.03620898205798507	0.23564788498260944	0.8411711771640988	0.24845794520796413	-0.4572284093116483	0.08865394168741286	-0.053476369931457934	0.12430922502125755	0.21274023860834082	0.14581884480291862
DTXSID4048931	6.4817746491745565	-0.3261273765856498	1.2905278778702065	-4.616749894933624	0.39729134594615423	4.754177730391286	3.378698530372309	0.8381596017494715	-1.757695851050717	0.5693612578270877	-0.8324290760215584	-2.965281190017327	0.9565444301746212	-0.25025032676598385	0.1611951691959456	3.0321513628003136	-2.4075129286358896	-2.4144807460930244	-0.969361524884398	-0.8973750715533936	-2.945153006981634	-0.07653001429134298	-0.8023019095837399	2.30888555728089	-0.23976025263482825	0.5072642962352694	-0.12751908277055318	1.8054792318004007	-2.924906904317233	-0.5342607111113858	0.7877249400243191	2.961486869332961	-0.3053949815216689	0.17557022945947934	-2.2912491228340865	0.4806674050139827	1.1820355995648242	0.7543305777331566	0.0013799232185725636	-0.027058565666196015	-0.36814671135443044	0.04217211106895116	-0.521760524595028	0.757534520202742	1.4296532134959832	1.1869221579756788	2.0914920982146636	-0.8093588509731304	0.3930625127532506	-0.015507222590235108	-1.1068007767749903	0.4373656845702985	0.06110914298853697	0.32116758368463955	0.30412241128658096	0.31996371356910713	-1.3741736313228765	-1.2466391952592373	0.3053501436338733	0.504373926513042	-0.14675369390216716	0.5214267984028256	0.9339860820881568	0.352017325384355	0.6243128040582276	-0.5076197497229604	-1.620392167119483	-0.7713246970995129	0.3118852877437102	0.19089307091572494	0.08852565531822143	-0.2970656328629325	0.4853250380262563	3.0799603428092226	0.05352883940477999	0.6771292876379941	-0.24292120723629765	0.3249252880947283	0.43679849023798023	0.04460362447044597	-1.3399828684671533	-0.4012151161871444	0.27041309675992387	-0.8138641936628473	-0.7629465867829066	0.8576562021110162	-0.5802652808992159	-0.16946318823126774	-0.13076627931886947	0.5457838142538889	-0.016166764182554246	0.1281683129062186	0.09615351712466676	0.276297424367083	0.013971701270131153	-0.45418260162911883	-0.8536096240921144	0.10498294636833802	0.1367854958059037	0.24237337106786125
DTXSID6020480	-2.630601740169781	2.8009338719133625	-4.382225884231093	1.2611713344686704	-0.7356900619913275	-0.1286426685346285	2.694293229000261	-1.3365811337849383	1.1115927154933136	0.2957158702171128	2.91100844625271	0.9261676425484999	0.38994630670989255	1.619055724154338	-0.6447224371818333	0.7527435178427421	-1.4271471410234617	-0.27920172302462853	0.3358022754365581	2.109967344858617	-2.3028623986632026	0.9099848255041062	0.530539780100877	-0.9331575786744588	-0.1126116772984677	-0.3285147579762104	0.36558268012098666	-1.219883897741089	-1.5651054645932616	-0.3312036489642245	0.696831148331077	-0.39216214247496795	-1.5366149517414558	-0.3620866037414134	-0.5442494490336669	0.4586671385616396	1.1745960566012856	0.41517618175438453	1.522470278557834	0.25778383875389865	-0.7348632357921043	-0.28180310611898257	-0.3629717116685299	-0.3242470002715561	0.09569051863798438	-0.8797599896152353	-0.8936240920814857	0.8641980323600407	0.8906113599188332	-0.6865526221660346	-0.14087472227811518	1.6451507284250833	-0.3801057982550302	-0.06474590107007948	-0.6509888106510906	0.12043828916744868	-1.1201528345943095	-0.3637221418285733	0.23088166284822134	-0.8776969074699699	-0.6785509402674619	0.5670163946365501	-0.21964726278170021	0.40995413681693693	0.7705258658627246	0.44205759232793596	1.1053995404528376	-1.0737753389339844	0.2093142094303937	0.3202764430647275	0.08097958492845506	-0.1942450314792121	0.7635473011875785	-1.2933600398619023	-1.5745740839336528	-0.6878204710468708	0.40649168499764166	0.7826590129463745	0.8201613499800954	0.18103273560447217	1.161702397719716	0.2863968059341644	-0.2198467940902787	-1.4482997031982827	0.4480189354378467	0.23088891190769956	0.8551386445880291	0.7920551220296772	-0.7641567913245266	-0.7117508622725685	-0.17435766724328258	0.5374840471354445	-0.492505723249386	0.52132353736298	0.974047039057953	0.6120539957957707	0.2826340360695317	-0.06908845556621547	-0.061855519409149504	-0.1968556035203222
DTXSID1027346	-6.564350549519881	1.418379512819404	-5.36221185690271	-1.5885581215885893	3.235447677366917	-0.9909239541636092	-1.6952175835384462	-0.44990616530869265	-2.433546223354694	2.6843171063556617	-0.5018396421313631	0.014903031010106304	1.9028738526377633	0.6076741222266984	1.1416058705151124	-2.873116149325499	1.4831747670102544	-2.9400834559306697	0.21982223481401408	-0.7236285547748972	-0.05540811954983947	-0.26128725845776685	-0.5039777469213554	2.115186531645515	-0.7318021332484231	-1.5761003564175096	0.13534317758556416	0.8317161152045159	-0.16036023492910337	-2.7749210242304256	-2.8163932299465957	-0.16648311083748213	-2.8010853156118487	-1.1613001643793663	3.1188035384295696	0.9522636978788549	-1.1757147191697706	-1.3948950477104936	-1.1187757834062682	-0.3717460907754544	1.216641756682549	2.393922555742769	-0.034113535543615764	0.4228254941442851	-0.6256598999225321	0.2982690350517285	1.080297928325541	1.611322793856604	-1.2305197485774066	1.8857974678375766	-0.4202650273007533	1.4219594193414393	2.4953757273470654	0.0807731702700726	0.32586966529499894	-2.179539638370823	0.6361978533723672	0.4280056913669136	0.5769423472912498	-1.2459005942175663	-0.05951827061363014	-0.4474456809475618	-0.39008866118404284	1.4151183035063966	-0.11835114522349181	2.279054223700113	-1.6997333194717323	-3.397561423729483	0.3905682808635102	-0.28958063752343094	0.42551466562680024	-0.7268779210408596	0.6467892055867672	-2.466790772502743	-0.7454105005921545	0.601368203097221	-0.8845471232823875	2.15786759954513	-0.0433030797430515	-0.3583903340443629	0.3741089095944608	-1.8375460845163425	0.8959598844797745	1.9392633824579744	-0.46253094062241495	0.22328313095299296	0.18117568973342243	1.3881061676950812	0.3750324059704532	-0.9118333405607814	-1.6999569461251272	0.18684918099472564	0.9836677543940754	-1.6790611372675532	1.1599447451569962	-0.22417773270046212	2.221087459642979	0.3068277677412046	0.12483687693303767	1.8250741098334105
DTXSID9020245	-5.283295617410001	-1.5594727746167218	-1.939573812959474	3.9100474246715344	-2.8718097091449777	5.583062514813167	-1.0060849381170376	1.5074051064425205	-1.8927989872530058	-2.6851704617318752	-0.6121290852341515	0.3144074592831686	1.7710816009401131	-0.6100952368151871	1.3303879572800712	0.8174449990861333	-0.7718938198645712	1.3339380332613318	0.22166204476567392	-1.9143737841358688	0.13965950959930076	0.6360707934488937	0.03519859559689283	-0.5490427444589988	-2.06819858369602	-1.6627932480308165	-1.4114503426473595	-3.0989122887833322	-0.21180652102650588	0.7225554545675693	-2.65047319151114	1.6047612631814394	5.65476060895984	-0.5854381002756092	2.5015648143790092	1.098118432514709	2.3437260089502367	0.9456216320701892	0.7137829959294497	0.057633008201121445	-0.06342466254277307	1.2192085528776464	-1.9260824267692436	0.4746006845846021	-1.7884172801263298	-1.205868203168414	1.4615058519547173	0.41204279419843753	-0.19111667458780746	1.6221221375140031	1.2475352208002837	1.7969042764057217	-1.8430300376980797	-2.0220467933056803	2.245037678005604	1.6613541010798645	1.3443602122854403	-2.2096010496475986	0.6165725314631351	-0.9201266778685715	0.7970534262844903	-2.209018124050743	1.9229573176316928	-0.8341326813636036	0.39506754937571253	-0.31804696115236875	1.0801456301801264	-0.134367808489889	-0.9830604055117618	-0.3041934233978298	1.677904762276079	0.9900622665664699	-1.8286342620092568	0.49085307902701586	0.026286857646900474	0.8758544271088032	0.4724505976215793	0.48996203452984843	0.41436012069571276	0.4320994278859423	0.45513841649880876	0.28485429288253494	1.1991972216363131	-0.3662534660919441	0.42768667962626844	1.3208750200827095	0.039302427505721285	1.2911575441731538	1.1521694686990283	0.4489689493670777	-0.46596620035536984	0.8231579831950694	0.3851986489790682	0.1664398937290287	-0.2341518267606558	-0.13391782654639886	-0.5639562943169207	-0.9033576091096381	0.9114481899600079	-0.1917770589641177
DTXSID4044668	-2.116754906758865	1.4486528657626514	2.893103784654258	-2.0442987074667043	-0.7296512206827074	0.9783198102531908	1.9310664726174507	-0.4250688751368309	-0.1666265789472632	0.5201488509555723	-1.786400033567422	-0.13771029086909506	2.1658273172860305	-0.6119450310301475	0.11692111119704324	-0.7434290783207602	-1.9046715093826438	-0.5134609912188589	-0.627592124587621	2.1160036803500493	1.5887552436497407	-0.3890757088448039	1.2120156850614507	0.47463932248525	0.7606061023150806	1.0741340378667503	0.9267181000632018	-0.6282824334737834	-0.3304058163656019	0.37730148607436886	-0.08645345454676003	-1.13837555249088	-0.008508298678871516	-0.7071140423047404	0.08524160880408006	0.12675759644857115	0.14002357899118226	0.02339244980049686	-0.20822060330771822	0.09286950487993924	0.008604095305319652	-0.3374011745188358	-0.07988676192205361	0.2271378995162644	0.0918398279829488	-0.1798930446601212	0.3046993088433442	-0.06219625597549365	-0.06612473988593073	-0.2612564373459672	-0.4594258005398758	-0.3448587640493208	0.7061868077069011	-0.5997272118619243	0.7954483437547377	0.4996859849589442	-1.0986101384515379	-1.4337632882704596	0.7046658095930765	-0.13027062577164694	-0.9630450009087532	0.4289809134333226	0.3916848450090526	0.01397438030476404	0.4332360638816259	-0.12061160156698632	0.4922460556444882	-0.6581664841770017	0.1100055129119718	-0.632447277054815	-0.18151754907983658	-0.139540226148558	-0.5427690086810543	1.6130328232346356	-0.13898919634167467	-1.194023648216168	0.35680329596810667	-0.451504881244926	-0.23610337881517274	-2.2766852773188413	0.43230878262200345	-0.2192253256310798	-0.20506998567955553	0.8833630751568561	1.2567683945677428	1.1602731940701663	0.16652420652919414	0.9317855260150775	-0.12725663243525986	-0.07295666886143809	-0.21805581398175233	-0.40130607599414014	0.308754554196859	0.42477263511722074	-0.4187744092462098	0.4109096890595709	0.32906848820189427	0.3579553398092745	-0.6871058058560456	-0.9131818629759342
DTXSID4048698	3.0569979333467	2.245043577201582	-0.38772969081244946	-4.338858129358534	10.052610417626738	1.7339684923691565	0.5691518335622311	-1.3142427359716284	0.5701426378485399	-0.5970835968384198	-3.1743173863115577	2.2314022690528192	-0.3375303937221713	-1.7807098878594372	1.7921821147442631	2.432296809583385	4.229698548783621	-1.45707786808317	-0.28989269044274074	-1.1631116633395429	1.1215416465769987	0.8560586217740705	1.291749183786638	1.201216774568739	1.3966098186057805	-0.7367105870600693	2.6066373874350233	-1.3840026196996078	3.288225415419214	1.096495141631175	-1.9751846607466492	0.1845489089906017	-1.228044028624255	-1.3554856307398366	-1.3701409621400602	0.7041532215907582	0.6550731859916299	-0.8213411533893541	0.851688866961753	0.5804844566639634	-0.43172406237034266	0.7287075823663232	0.23117747159761973	2.302070693358055	0.3339528683680202	-0.26758279906320553	1.3245576178155605	-0.01638089414647711	0.5666961054076234	-0.7693376345446645	-0.05670690091762845	0.2029858463827539	0.7169881459821501	2.8869297429130016	0.4865623286754929	2.61432227213579	-0.026109200727090758	-1.7481002922563342	-1.0551343461292249	1.882467258192147	0.9822012447261396	-1.6104420866775675	2.2964223382849105	1.8618884000765472	-1.911157355258492	-0.40635181083562844	1.9371793790759713	-0.5237114421031732	1.6011116763152788	-0.08326933696713223	-0.687925193104138	0.9237496371060026	-0.3194001084093973	-0.34105719390314393	-0.34763637355901705	-0.5796117621755985	0.1599500650251313	0.01018422291101969	-0.22943093857344304	0.5560606885275512	-0.31751831085899707	-0.6908691939399348	-0.45371340344361494	-0.554037315438369	0.15215850353950877	0.3039943016621897	-0.038022874847550715	-0.3176372651558536	0.7146145543754818	0.2931659485136451	0.4303526441972244	-0.0056182383460964425	0.15186382058632786	0.5021970893034361	0.10239811608680557	0.04884005470679145	-0.34040229774605474	0.554467409215474	0.10829538485654432	-0.12217476789406827
DTXSID5022489	-5.621446635968397	-0.08841910789744621	0.7508258892994094	1.8654473192870855	0.656394006995039	0.11984280964348629	0.18702077030591943	-1.6277316091200484	-0.23225934997738565	-3.1283368685613153	-1.750044454060258	-1.8661679873838084	2.2471945765999153	4.190600430185436	-0.28194219896376566	-1.4768802329914539	-1.2196044010931328	-0.35436862769679217	2.858693775817631	0.8471259944255916	0.3998069685902006	0.3833253620068707	0.33783409136611015	-0.6534229890990376	-0.2245504579658339	0.13134909144478496	-0.6058166993123976	0.3986424496648851	-0.2330815219251958	-0.10335876408078071	0.5913592169865355	0.09403144016529837	-0.7997018934809972	0.15431441152355937	-0.4506263660248401	0.9117997767502651	0.0878477922407494	1.8579884439289587	-0.45980771514281343	-0.017430529768981278	0.43192531346139984	0.22162223578711954	-0.8922554707485745	-0.8623152901181189	0.22552516582272933	-0.29819844352088043	-0.20823261892862582	-0.7674615890024805	-0.17391711070774798	0.172555933873602	-0.5204898552902977	-0.7767572854022726	-0.3645218201730229	-0.12530467725454028	-0.35912836652689206	0.12223816485343285	0.3394997962718791	-0.1577048470987905	-0.9590744077895342	0.08987019462585558	0.4205503431025817	-1.0450586009543361	0.548475581144852	0.880755857881024	-0.2505006627155617	0.556957992079119	-0.24015952672537869	-0.35207111619436626	0.5676497515323139	-0.3195335151044413	-0.2476955054317805	-0.14075984691959667	0.14070327491323295	-0.11096574276007355	0.14192672521729605	0.12045795734910021	0.7156179952474315	-0.35235021505613023	0.3132797608898729	-0.03392412270040002	-0.2800598139339484	0.3803147239593462	0.2629893266025614	-0.5473415491334509	-0.13787255897620543	-0.45664963609688203	0.3682648650400186	0.1384565393961338	0.23415007738975968	0.04273543929235891	-0.0673555232658015	-0.2188133509778589	0.36271629387299537	0.1638528056233024	0.19822003937375982	0.33084025341844114	-0.04796602707739176	0.2073253309905919	0.514805060697486	0.37787386351410324
DTXSID4021632	-4.15489931052494	0.8684058725241851	-3.0466435259178826	5.7123582608633185	2.9528403804790697	-0.9562872487680141	-0.31513421986153206	-1.9611098667211826	-0.3907129131753191	-5.930066875240979	-3.3733857624389842	-3.523380121169422	1.2204407651667435	8.865617661197495	-0.44012935725526414	-2.000196626169623	-2.1422359629556667	-0.6590323110193896	4.440669615126458	1.474430936546032	0.7853952552983728	-1.0011436010053043	0.9502331210924698	-1.7025321091350374	-1.7579699387372547	-0.3981383572824146	0.03516085069689114	0.2539618363030735	-0.3294902125236162	-1.6308798809880873	1.7533372952664281	0.0019068278527588018	-2.198625592148874	-0.35934753168269545	-0.7355932379578323	1.6551341195045919	0.1576553280036629	2.292830562320809	-0.47638622856521506	0.7171523550238779	0.1658605085964401	0.7700563524078368	-0.8676765984750295	-0.8995790315991318	0.3893859061171224	-0.8798630293596282	-0.6235740167762471	-0.912644115298737	0.01815234143245947	-0.035539890642769814	-1.5121008670922353	-0.11103162769035145	-0.15479153337043614	-0.8447683171281543	-1.148963694373006	0.7704258271541033	0.08220973398917131	-0.22696322340530112	-1.232348782244903	-0.08981788086768515	-0.806504259746865	-1.6617274184734259	0.7454731996601235	1.1042306518625928	0.6380612810835402	0.8343576792130644	0.06246251822160461	-0.09742611328639321	0.6796859510621899	0.19373457330655872	-0.638372458301417	-0.6025172812885705	-0.23371407471552316	-0.5604954911883894	-0.2850829859988964	0.40745661500052144	1.1359417266183174	-0.10301070434902752	0.023223075307278445	-0.5421202683059132	0.0018000570280808828	0.4127992948237631	1.0262004902746542	-0.49324070233817685	-0.09570376644143348	0.4647216462325829	0.7626818296597422	0.212596318508019	-0.424206636859173	0.3910297927265083	0.1497383877599085	0.13733894256867513	0.43726476811760356	0.3252525417545369	0.11738839288157706	0.2517535101937498	-0.12154605658381631	-0.529347784241409	0.4470939911454768	0.16912665466121282
DTXSID8046246	1.8393849710260424	1.0113404381547362	-4.552654711191707	3.0541713942595465	-0.7039627139537696	3.6325240033411337	-0.8316200248397743	0.5396355319351203	-0.683457251963749	-3.203530060712159	2.1110753007992225	1.0857234152087498	0.2937562935952959	0.44963383909836174	1.5453452901088565	0.897622705480303	0.9600676098614427	0.8535596357068599	-0.7808290035407938	-0.6463304175033594	0.26728591159646553	0.1260686664439426	0.8039095364722594	-1.314866063294874	-1.8020246464043919	-0.05349108422279802	-2.64772231867772	-1.5249988755740318	-2.424493024774017	0.368494891572559	-2.4665162763502444	0.5035831863530471	0.6471907652654916	-1.7339239741684487	-1.1057562944683919	-3.5530522370310016	1.33216160824042	0.7491479544197743	-1.7055734011163564	0.44200303024918935	-0.9575827430602256	-1.9054140727311228	-0.866791166443459	2.708580557230309	-0.821146531008664	-1.439958429509485	0.5737208140190304	-0.19862779637406047	-0.22407767593473438	0.7988789317563438	2.8174867363851477	1.8758256638456743	0.8516444046487218	-1.6261129977492679	0.5020515508411709	2.147627176904437	1.0156222550883318	-3.4400233472376285	-3.316417057237095	-2.310711119197304	2.732980531317808	-1.468527427476014	-2.629438224555313	-1.4128326384681889	0.5289082618955128	1.826285216037993	1.8410896234749405	-1.0963507521735099	-0.9336416888848305	-1.603679842502844	-0.5779379247297606	-1.559933694526116	0.7961832177744008	0.09929681807768233	0.9834320850709357	1.2238343733598875	-0.6103660150031684	-0.10209079356971318	0.03604592572262595	-1.1245402445604693	0.08464099896135606	0.9620237419137843	-0.1107598114022715	-0.5766638463477414	0.4659394983478976	-1.1288384279303982	-0.5307563749265125	0.8047701078145995	-1.5677245288574797	0.7309069401929922	-0.8092837403734282	-0.004100415649659165	0.6033658870973627	-0.3090602694971378	0.08543175921678965	0.18529059827661187	-1.5406246266006516	-0.546204617423495	0.788295851445933	0.40852736767654074
DTXSID9059832	1.503988492383746	-7.24487280045226	-8.427570652637707	3.396720730476672	-2.682461563876264	-1.5219761182534965	-8.021422337533215	-9.222467750599606	-1.6950726682093753	-4.892742952643232	-8.64890194193609	14.981697077401737	-3.010211430989506	-3.4091080785706374	0.7836612529169988	-3.5494535099981737	-0.9475023775429304	-6.452326809907947	0.04937858930113441	3.8018481919317333	-4.072324025389842	0.3150778876992753	-2.977689438109127	2.6805301691845713	-2.044168733299526	6.261341466503236	0.7062413937245019	1.8112336145426446	-4.579971957307466	-1.858573426570501	0.03152743981207314	-1.541200779714148	-3.3288478738001386	1.2594332902017487	-1.663964567924128	0.7972191707952315	1.6182766205568535	0.89377713250074	-2.4226371834804716	1.5333861008518461	-2.443987325741225	1.0426487121753942	-0.2298623839360957	-0.4219579228358854	0.3864199317193065	0.6250775548442664	-1.402082774771077	0.8499105133435	0.6812310127322889	-1.121549692784118	-3.3420928330673587	-1.2515475911114589	2.5101638689306665	0.8955640774342998	1.2558223486705655	-1.4016975786029928	-1.1149801343972725	3.471752183204708	-0.9085449360887656	0.43173971905248604	-0.3487306729699832	-0.9466342389212102	-2.0508039345568885	1.3298530244538902	-0.700179733451964	1.395345461278498	-0.8412740640715864	0.8125863638720077	-1.0924753012711308	1.7135504443158056	-0.37990646324303834	-0.08946171235004015	-4.081674333428254	-1.0029532877407934	-0.2530357898687441	-1.5692327103625645	1.2119261947783464	0.18041295150176875	1.234382253395848	0.38121701030420246	1.4772642205192759	0.9064435574667442	1.6418148406049071	-1.2043083599007436	0.939980097002233	-1.839507983639811	-3.752543247048794	4.2792893358587945	0.10440798336380588	-0.5968714546283599	-2.422864747462086	5.168043920817917	3.0019801371951473	1.99668260289107	-5.383127704755132	0.8557819367424698	-2.839796834225365	-2.673072831503251	2.9348894149213347	-2.6070216027798305
DTXSID8045480	19.577267137524636	-1.8682703967158585	-5.4488241664234796	16.475480118033992	2.1561922823226	-4.177194571634543	-3.7709092130549435	11.068090480285676	-1.1283548683835039	-1.2873023346439654	-2.705447135420673	6.070455886727484	-0.762246819977812	1.5245785007912527	-5.297163510922136	5.883808527168692	-0.9490921449311086	-3.5195088329695308	-1.0674532537953791	-1.9573884885741837	-7.036724880784621	8.110779878561369	3.2381804372631358	1.911838272051346	-1.7758681993405199	1.2014737205304622	-7.2196495155267675	-7.337780003460204	-2.101425134550002	0.3707577341511646	0.28210794606782064	-3.9516674407645667	1.0602663902855392	-1.73386845824439	1.6382054566905861	0.7389684495605983	0.2733404376567594	0.5586490911310044	1.389192489766761	-1.747360435852158	0.6703549407124708	-0.11944479140418718	0.35915493479978716	-1.2321323109473281	-0.8844332899058479	1.3689506573045835	-6.231386012001786	3.9421123748740943	4.225817252850917	0.5105996071297229	-3.0113953780661955	1.0969611934722803	-0.16573642192675758	-2.089134580823753	-1.2345041541733488	-3.939243225823283	-3.1903030763072056	-1.1498996919910591	0.30824649577601493	1.66238518487957	-2.4204214295737576	-0.4762977500880886	-0.5961656542827752	-3.1690785465982256	1.1775276179221268	1.9761434145176069	5.094457786986901	-0.9788438801816967	3.865592308379962	0.4224646575532944	0.08090565058276988	-1.9635978692514218	2.200499117525806	0.31151230018797893	-5.278424130450675	-0.29724127180991566	-1.3709698699634258	-1.3184831602317186	-0.6703264078921112	0.9962798734964803	-0.4444447879106153	-3.4741065946792498	-5.510003259091007	-0.7770547515487175	-0.46741987401919166	-2.0986308918062204	-3.531764505043928	2.7091952385716684	-0.3961025319078661	0.17558610342819173	1.6234288738431248	0.6067387627019107	-0.7851329065824731	0.9179211902600355	-0.5611307037537214	0.7419482808889384	-1.6769169105364805	3.0916985024098707	-2.4511472152259413	0.5519427323644371
DTXSID3045514	9.134862584642338	-5.230183481214203	-3.8565818535289926	0.2492944347958611	-0.722514970038449	2.138719858200933	3.539787695716353	7.696256913893473	1.3062376879838136	-0.8225013458270168	4.553457561122867	0.5361811330567369	-0.961777276078111	1.5098676721692619	-0.8369090340121037	1.83937014887445	2.8417308461752575	-2.971196550673712	0.7531633664325503	-0.43184799325189094	-0.09810665815732082	-0.9411615263454489	1.2273496792546106	-1.4305022581802507	1.6081089066118088	0.8924530645111548	1.431360685760152	0.5389487272909487	-1.5073727222804025	0.33443366265824276	0.809172461192307	-0.5917286620946423	0.2867129205622365	0.22173636850239772	-0.4372554142159447	0.4373140938121842	0.3971945715167906	-1.6978220273175744	0.6731209229007598	-0.19525122249996937	-0.9279621274040903	-0.006643066957072897	1.0157436386073635	0.3118496271972097	-0.7630188131555073	-0.25411232218029806	0.10674652970030894	-0.649932814118779	-0.3888234576720177	-1.6474179606257984	0.1951104710898942	0.32523332917876	-0.7651545425224014	-0.5678250909377293	-0.38403102054370947	0.1487753626663355	-0.42315221748675813	-0.7499976270832708	3.0727305447855664	-0.8274857065727325	-0.4239629998947633	-0.4610196998486202	-0.3012533636068948	0.7972911702639527	0.3715290598429103	0.1423587904434045	-0.6422830567368215	0.12113606148728323	-0.7478127105704832	-0.2584440259279466	0.11239237611304499	0.23972924681169222	-0.06851299053539114	-0.5877837763456581	-0.9854262313102056	-0.7413953680802903	-0.14619983146306595	1.846028585899182	-0.003168832132003955	-0.07631849844395364	0.1729380692501463	-0.22047112241426942	-0.6788227618637815	-0.9487020971186726	-0.02771278817618499	-1.5417084302648032	-0.5600016950936159	0.11533257681993331	0.013919818812616943	-0.7536687756069639	1.0878044723920213	0.47004497079039165	0.739798552817735	-0.3406252328792386	0.35147205929417136	-0.43827502361018933	-0.49343394711161154	0.13531789930566707	0.797932626149752	0.28299738202498165
DTXSID6025309	-7.23190171230634	1.948864029242684	-4.42999630560766	1.8361543604292827	-0.240288807038264	-0.5323724431847027	0.4749603617193049	-0.9002203894375552	1.2793289215506893	-0.182120073124341	-0.48760543770649917	0.8219987775528389	-0.10977093406729922	-0.8051321155994845	-0.14323976319566653	-1.1164730047772515	-1.5937690970895386	-0.7595275874025946	0.06003490849400047	0.10390762703327258	-0.6658763220657504	0.18700258848656345	0.2778727618002995	-0.8135738864579403	0.22607165653083539	-0.22891480501812086	0.2694777220638056	-0.45378203717739324	0.23110670984441609	-0.033624372985199	0.9560605374204435	0.5737381889299225	-0.047141005535098014	0.20846426265251633	0.35966748258090836	-0.25317409334926444	1.2374774685142351	1.3719398873683386	-0.595247116823254	-0.2111321232686516	0.3950444769874243	0.03049676105517025	0.18481902238123873	-0.3496081913923942	0.5722242418367558	0.017955651034447975	-0.38903062978177944	0.14796172696659085	0.7114256300432783	-0.30894714118117256	-0.6254745617519225	-1.406900740684055	1.191828357324667	-0.8444577120909335	0.26914456433758005	-0.2589280520991494	0.26630271877265	0.32280298310737715	-0.6941705873190754	0.45552140385727147	-0.2958501390800678	0.4912845353516603	-0.1628429477658384	0.17907501095386108	-0.014162576361687731	-1.1252968828764285	0.4149033770965609	1.2271724281229235	0.3392637299314874	1.1203697167362008	-0.7934313727197497	-0.5567435331241721	0.16286953698188547	-0.1590909927442272	-0.37552182128274525	0.8013551678417917	0.8397825052184671	0.23451501054486665	0.12018713592653545	0.585891945463071	0.40332500141486044	-0.1188922750826806	0.08238959102544116	0.2693242193107225	0.1914124224504328	-0.38686009248031045	0.1442350398303055	0.7204310962675328	-1.185957006793599	0.7087458740166893	-0.2032922564815231	0.09090353864262461	-0.26641482174525305	0.5019493659583552	0.8728758420512323	0.2914429604903225	-1.436235455008462	0.7081461501646105	-0.7992003982011398	0.9169306131166721
DTXSID7044500	-0.8428854020205508	3.0828584223862356	-3.3893409825081235	-2.9991427042775745	6.310344155349331	0.013832112149702563	0.0321256307197288	-1.800119794042488	-0.07233204146760587	-0.6555905001546208	-2.1982233640972684	1.7390112889351994	-2.3395696999042253	-1.0617176858927817	-1.1209515808150576	1.1053271215280525	1.229813382857957	0.22411303126600782	-0.19639869718307576	0.31614386175042297	1.1563956268782816	-0.2495381294225268	-0.33246284904205897	-0.41839849388106626	0.9629682266005541	-0.7955219492024107	-1.238259914728947	1.1776762632284832	-0.841840552067776	0.38022513725198936	-0.6286542687142729	-0.8048900860006386	0.6286995591205787	-0.16796498037691704	0.47817961319535984	0.8628530029876892	-0.21290448994844616	-0.2726948343212244	-0.17600836560856775	0.6766929472666829	0.08939363394468304	0.3431040421808879	-0.7392112448375338	0.7151038485362674	-0.6964769672766566	-0.7128811016265261	0.3223220479631123	-0.12686593532815202	0.44543965455722107	-0.7460884563967612	-0.014891925181939603	0.32889133524255026	-0.03474951314969263	0.8612031906776019	-0.1540308822920518	-0.2991357139301594	-0.5296869789200143	-0.19814094066488838	-0.08240741393580475	-0.19564099278976735	0.9898093115231115	-0.19200203392924306	-0.24885129247315577	0.08832712329675238	0.15535649935191762	-0.366283132672686	-1.3235486574730984	-0.09073182129888055	0.11795266038157988	-0.8676301339322603	0.2850011914806894	-0.386289464280503	-0.2929940058531987	0.29095020573575714	-0.08831832541852434	-0.14084681122720474	-0.17426928464143673	0.4565009586263097	-0.5745797563618066	0.8337262503744417	-0.9046790349584529	0.5811982274012133	0.16274252456309538	-0.13411327563505474	0.7817865613359756	-0.43882989800141453	0.11969679973982446	0.5270588031933636	0.5408979360595703	-0.8576650292681759	-0.4618263531603377	-0.115967960447118	0.3242020377134509	-0.14640542799869524	1.4390944207579737	0.27159705269621204	-0.15584246384682449	0.6768222010987276	-0.49828339276049194	0.6793001530978527
DTXSID2035481	-1.851012240349197	1.1207413752160833	-0.6843837356387373	1.5987470498553837	-0.09386974253461436	1.0078160606132582	0.03688128295802592	-2.1994446873467086	1.4308782154981905	-0.25502795132372835	2.2541785564715684	0.38376181063408454	2.1914133317036875	0.7365732464663965	-0.6029935552340415	-0.22655835109056632	-0.04252076514685615	1.601944192772731	-0.9040870994217238	-0.17821128446546755	-0.8456036993076933	0.35194563198562806	-0.6978563293556976	-0.1290652243908238	1.1307029563954867	-0.44426684760463503	0.8470649861151441	0.9069326194643753	0.2185038142839751	-0.9056678096712425	0.2659287370386402	-0.34021403574150627	0.23314276681459908	1.2071450880930095	0.07474743296177973	-0.33446119014686676	0.38114599510454555	-0.15950400523030772	-0.6537667326574303	1.3861929035629132	0.5406265079423312	0.6524948880936663	-0.4506416574954539	-0.1778476366635855	0.303619365954581	0.05666509316409189	-0.10624737282603586	-1.0619575949270383	-1.3045847959653802	-1.1159987516129193	-0.6714630055924594	1.5976510800012365	-0.13927292876922262	-0.5059133189779601	-0.6242920923742967	0.42283184382682765	0.08108392375669676	0.16171092274147447	-1.376022068146432	0.6272336115311363	0.2805711803487195	1.119896672870978	0.7690967173918195	-0.5581314988557619	-0.3498990046573441	-0.38816013571347774	-0.5024180206219474	0.10837558007678044	0.6848330986575505	-0.2128075225467829	-0.32026103436239967	-0.014774448828156218	0.47632833941714015	-0.49362318163145213	0.16170697069520903	0.41284671141167695	-0.21589383535494305	-0.20032260517084124	0.4898983211465155	-0.26024669966320685	0.6842767980401028	-0.10846458794777311	0.04237667139879788	-0.351841555640178	0.48829378002125357	-0.04623698559189067	-0.21439613924295794	-0.1985238552967383	-0.09316064003282108	0.12715219895354002	0.6515907670771566	0.1490043843868207	-0.44210055971755746	-0.235971111334727	-0.26420982690183076	-0.052821593829561586	0.6709284941991525	0.30257126903130593	0.29497730709262765	-0.1581552757855307
DTXSID9026053	636379158709.5192	-215744385910.41125	-56157656499.492775	950189129408.6088	248482538889.62683	-226355154211.72922	1732036387748.9292	317519960319.3049	-419210787242.8232	2023865789532.2288	-660000771514.4314	1745287643907.5107	417382479773.488	-149766150234.47983	540358292954.1703	-894805317317.0514	-569389698947.569	937323790859.9911	1161272318349.1396	314910659166.2285	886289693563.4274	-434396862489.32056	-584950445285.9625	145726368496.12204	-339853010132.4258	-582089729716.2032	-287651779048.5177	300401532924.34717	70559532661.49438	255650713800.29907	83434664737.082	401649672340.72205	-57974265333.19251	241076068377.5809	35543599279.68668	495511809849.7765	-134216965239.41656	346362330440.9895	-284457244668.2753	97625851299.40211	-25842030740.14895	60538855942.358696	-123621852698.13812	-102875571977.10147	-40992897194.50295	-33637756071.8626	65284807926.34467	-237829428040.03513	-32569928776.101067	158638509516.3733	-22102978941.544506	-394808728158.32666	-347373676534.5141	-53014593034.33694	-84634298399.07764	-135876279410.64697	495206407303.4752	79346660775.93602	-731959165702.8011	-265441591106.2866	530572976085.00916	-508905030812.1586	281633219120.7993	61787134800.386734	-431830548237.967	-1384669495397.71	-122301158580.61522	-550768858231.314	-442612333380.0767	164529664254.20175	-487640973951.6564	-829362003336.0195	-158009010448.38663	-206630214163.29047	208039033694.67117	294625598142.5017	-856003842528.1122	72430220875.98787	53119234736.36507	-837684998595.5876	880894494615.57	-781560793960.8491	1110280796751.3513	-1370117547397.493	-1068708413764.1422	1099084802586.7676	-339895915894.70624	-487735057547.20703	-131015948142.11609	-326913349568.29785	115438358177.96886	-897557570626.3562	314477678894.0876	-266034017102.2682	36950627992.55645	1952755913062.885	-190909729049.55774	-64183825390.64812	217370242612.84378	861821556620.1323
DTXSID2033736	22.778429304436667	-2.7434468441526105	-1.5487195519496315	1.8792035272845706	1.7741927323560935	3.07125007225879	2.446502157419714	3.165341351305685	-2.1641305041011063	-1.036079137210858	-0.7600668338165422	-5.360566029698797	-3.2011336072555867	-2.1247511133725587	0.5389770811232002	3.691731015541753	-3.1532317883612264	-1.4441616574956146	-3.6825480899921774	-3.9744111605332706	-3.1850786106143385	0.007131626203438149	-1.5572649683198974	3.0667447579235696	0.3118231067763972	1.028693706399657	-3.0100371873967333	1.7605725281178186	-0.4708242759142666	0.05863433425408171	0.9255102484886387	1.5443915361192477	2.4245593597237955	-0.058092965964819734	-1.3476399879269534	0.9884694530139634	3.35482516810285	0.44086296378820283	0.8754399260574659	-1.3886478402478681	-0.1896081860486135	-0.16892635302318953	0.20439675616392566	-0.20043141746657991	0.5343799877924221	0.22344284980218826	2.1531394365681797	-1.6267250898864194	2.8453121119584575	1.5753989627832117	-2.414853780817229	-0.5979957657886844	1.431304694495815	-0.3565772364270157	-1.9254498034530925	-0.961133893134243	0.2632393308191804	1.3267731538045762	-1.1163650420111302	1.6324648391284424	-0.3544122854521352	0.4130915920117382	-1.2294989732068735	0.26689732628221313	-0.7369104263296481	-1.2959749337659068	0.9352587733666423	0.8033218169283042	-1.157389394256026	2.63397930516413	-2.2666563666882995	-0.06797803786151431	0.001247539988474502	0.6401409794997127	-1.171871712434665	-0.12517535260839843	-0.07172256187227599	0.8979284256356127	-0.32452573288705405	-0.05700878630995958	-0.21722661272260982	-1.5394343781596005	-1.9963907236585068	1.0154900334630803	-0.05725538479996956	-1.6347931948231085	0.20842982911049596	0.6564448705895964	0.2798623032175262	0.4926128315756675	0.41945674519184356	-0.24986222573316527	-0.04216165928645271	0.3983907955234076	1.0156023982379625	-0.9646790936438707	-1.0162276913618131	0.8200421097314113	-0.7416673487339528	0.5310702360935823
DTXSID1057610	5.479782660277541	-5.047536856911068	0.9575566875249657	-2.3848692205825164	-1.103336468239348	0.10241427606095674	2.905234007992418	1.3985280667102136	1.497517067827334	-1.6293124463499418	0.4897049130175076	-0.7007739235983286	1.0507434962756375	-0.22539914944352976	-0.30407416462461206	0.3303376428853796	2.998381829430678	-1.1053242764389495	-0.1969708525526653	-1.537204347488002	0.8375205163402334	0.2964773290979957	0.7381176194575474	0.1984902240124515	1.0501376347226818	-0.6531995959491954	1.5801816951734629	-1.0017901419046078	2.7364008871081213	-0.30326577164250246	-1.642160333406388	1.4297303552320757	0.508320714146816	-0.26037414053707447	-2.8786828526137653	1.4645281478143461	0.5625839754707183	2.0033789911804822	-1.1140271607966832	0.731958832851403	-1.5417243303361492	-0.7861731768480612	-0.13334508838378767	-1.7444343386555514	-2.665111657733185	0.8970141833677816	-1.4274690340047147	-2.983698868993987	-0.22093648986527264	1.1865135233107924	0.3664736629748674	0.3774617157362823	-1.4545319626231383	-2.193330649291663	0.4559186854334714	-2.8909268243384605	-0.003975785456562767	1.381269146587132	1.1340392660022387	-1.4934424701991391	0.5167074813063731	0.904515912680245	-1.9088688305845498	-0.7352144150361729	1.1082624996629609	0.19808666247275084	-1.6856482688463852	0.06719878121056017	-1.0327072481059774	-0.3923722996213471	-0.6228989089210254	-1.3808938902495058	-0.03425422225907074	0.3361084091901289	0.6653368967444067	-0.04976601394543526	-0.6117092074501738	-0.5729359935518338	-1.3883836930557438	-5.415731424883627e-05	0.8566158965992703	-0.009734751185853315	-0.753627655108646	-0.08384423673565095	1.6511833732315488	-1.1185918262645176	0.19610474968120897	-1.0863455356827876	1.7264755992834242	0.2584887468001722	-0.07323187322547875	0.8309191068303721	-0.5972104363739361	0.3279624565513217	-0.14461702016756459	0.2281351340853671	0.3465755275986494	-0.08699148488407568	0.17142029652465526	0.8287532988473436
DTXSID9034573	8.628081459473977	-7.744688105149341	-6.907322282236367	2.7627693104724336	-2.4369798383767436	4.011015704518881	1.76297146716564	2.8441226839193985	0.44904534615759945	-7.572633616187509	0.41740197859199163	0.20013230078606925	-2.645132043826912	-5.876859554071861	-1.8604276294248319	-3.570591348928033	0.1962916077458644	3.3976440939175974	0.08735819155889825	-0.029959569601053546	3.236995898929578	5.1145252953137454	3.2898414020573377	-2.144841829055621	2.6706702466069197	-1.4217929593722292	1.3720859532607528	-0.5158437420015087	-2.373883545555435	-2.343634008622599	1.0636050123001695	4.585367510010252	-1.7522631656119927	0.8134090285234367	0.7390277671243408	-0.3152529341490275	0.7159445177170632	-2.064024693266507	3.30426054933091	-0.7954040295814336	0.20860889506863772	-0.11143638138651535	0.8739449754297514	-1.3462069576776938	-0.2527067998508424	-2.7169165571426754	-0.6809537591158982	0.18483176578345542	-1.994667150411399	1.6323435839698819	1.4270239638342141	0.3738266220650297	-2.4293496129324628	0.3722492068756481	0.793904641495556	-1.530759456515279	1.541921192043209	0.8101316246941551	-2.009330101771178	-1.0024393912735174	1.9937812309796605	3.336122212305164	2.012910375458596	0.7957605219138342	0.5565849382523691	-1.842520368088929	0.24455667362122432	-1.0882682850932268	3.369579213298581	0.5679479739038245	-0.9614718498175736	-2.5624303168600058	-5.146408181785685	3.0601511806802013	-3.338760521688825	-2.3845952709547023	2.887064435086489	2.8837688103067065	1.356790485364161	-0.4848054040660635	-0.20248953800869185	0.39590265938067604	-0.3020757706574942	4.413622594973215	-3.7217995789245033	-3.3684138290903682	-0.4119706853876461	-1.3378654393287703	0.8736345270517234	-0.05317218279115378	1.4557311501659362	-1.0934676416252698	-0.28438585132759714	-1.0822803006874222	1.4444190960161922	-0.13530128568875835	-1.6040163900425275	-1.592184194031	-0.04238911209789731	-0.1987887966692146
DTXSID9022730	-3.9513561160766586	-0.007794807646347361	-5.630226068469511	3.865549867655173	2.8326938989824675	2.414156409866227	0.577968973405061	1.006757340427159	0.3482958616959554	-1.0731284484780887	0.009267851252759316	3.172263107431613	3.212156855502442	1.2762540749530857	2.289460767414609	0.4664370989660187	2.617328420442318	-4.517823813449778	-0.7466789993358051	-3.7117405085507076	-0.18572095610569472	1.8313162640331997	2.0816596996521337	2.2918815779609107	-0.421304764908758	-2.813787112293528	4.375403474915641	-5.069642302535082	1.6681648945153194	0.9438623666729172	-2.4710008397458876	0.9251836740787484	0.45037692261931556	0.07429784947393832	-1.748998429059597	-3.5383495004563645	2.7950084880638655	0.7148888443677645	0.3578348445880775	-1.1575677091811793	0.5916181547979484	1.4364984762844653	-0.2850047522339472	1.7050720647898467	0.32173093705049877	0.3800946491672879	1.6095699283482703	0.9660635659140598	-0.31557448035336993	-0.4561326389049543	1.329359098141545	0.6858026089323063	-0.2153235729203724	2.517665300774581	1.123077910125452	2.824635095910124	2.0851532718702983	-2.552256682480106	-1.9642996175001708	0.1697303637293456	2.2066758891780522	-4.401051092973855	-0.029284780085967698	1.1528360870238568	-0.7504814379528296	1.8381164959225988	1.76738456673416	0.009462074569379657	-0.19929069363147758	0.7585660862090137	-1.1623741800252791	1.3017188591431208	-0.5201454588968242	-0.814742793049102	-0.5575247443648227	0.6745075339798292	-1.0350957617958092	-0.28373230328513666	0.8483657752597779	0.021807553939430877	0.7176932485019845	1.980349247334057	0.07076742618245523	0.1575285784635563	-0.9459862735711239	0.05322943669958648	-0.4273890204882663	0.7035988881703505	-0.20196978426204626	-0.11725385544650069	0.7050851644962309	0.22170425127330107	-0.2346595944010285	-1.2592676380243495	0.9529323444458951	0.15055517669301516	-0.04458876115579962	-0.23823951032207893	-0.38240128915596694	0.322008323231348
DTXSID6027507	-5.283650554700122	-0.000521724113523819	-1.6741349148253963	0.21664716500809433	-1.473592600615103	0.15490058879097218	0.45539937393763824	-2.0019175964895006	0.6026601338474045	0.9163038056515262	1.9136154757624644	0.31679101819549177	1.9029642375089983	1.6446183713900335	0.03607191483919546	-0.7910243814258788	1.1244359484189033	0.18750900451626343	1.0233720028227642	0.5856413081900734	0.2177026551300385	1.3193346524439251	1.1725779672927814	0.13962766528394577	0.3759732614351359	0.5816899613895438	-0.17346707178555887	0.37320979116203135	0.0146987030319027	-0.25571781811809147	0.3710424996173935	0.3974998593339715	0.6767382996244926	0.10437000849530056	0.04085026979510441	-0.5737191770702763	0.1267558340140263	-0.14042959964557375	0.33233181779467896	-0.36195237434269845	0.23313425946317537	-0.7752342745806639	-0.38070768684323986	0.6041170082500174	0.47935610525154193	-0.5071656805469781	0.06886145243021415	-0.6061275420440579	0.026245171965361806	0.463028598856836	-0.5916427223977938	0.0015444065602673168	0.10262361240519222	-0.06593556206081036	-0.015934576746714484	-0.17260528996292032	-0.0060176571050357406	0.6869694801500121	0.17510195991753955	0.12665690640472307	-0.0009214011157469244	0.018988988622145347	0.37567823949084805	0.8451524121409629	-0.7476928449505218	-0.4927471286996486	-0.6479170734684574	-0.08797090781030865	-0.10055862770023202	0.04791205498660432	-0.6174791989400782	0.14099971456240706	0.46211431830151894	0.4649845657191455	-0.5863505876935213	-0.42730812428171144	0.057535119431283935	0.1262377155574772	-0.09727739151010714	-0.011046274622936893	0.283383029573508	0.14501204035500068	0.15363050278881332	-0.17972828455426743	-0.11688611478749827	-0.1528812652023983	0.2521934553133703	0.06262622426101434	0.40323526244356533	0.005244562117819449	0.5118890179446239	0.06455785507263813	-0.08703557979543718	0.32064493394112015	-0.246588198658439	-0.10331744024463459	0.013587788260276285	-0.11088622787916846	-0.18038357700090132	0.09648558692806536
DTXSID9027104	2.2947795654153955	4.558593030175893	-2.4667749798384797	-3.6164308429000678	9.47599483871968	1.5421995311812942	0.6751533950710532	-3.4336545613575744	1.0069022184786056	-1.109163190310376	-2.0483859991276954	2.1674607996204087	-2.6666452289882256	-0.5814473855623749	-0.044229656942650505	2.553604911859458	2.035199796149142	2.8282693578790075	-0.1963324589149662	0.4262967724810286	0.638896645196051	0.3477834249735832	-1.1348651021991527	-1.0528270044698516	2.0595136196548034	-0.5533624416738626	-1.6202308282903894	1.5860947137636938	-0.5970207458691225	-0.31700247414548327	-0.4427507521660919	-1.533037940014555	1.2952785855209092	-0.8433661137064482	0.30376346170609514	0.8372538723381164	-0.14506539773803423	-0.1389872342217558	-0.2606191631539808	0.5229728452855344	0.16498968623349336	-0.32701128145237096	-0.9941730166599662	0.6972099600620002	-0.9159963626074477	-1.2621934825478	1.1674179447163806	-0.22067000973770032	0.20035664062068329	-0.26889231495636856	0.014593889341786969	0.4498317575581112	-0.2735793890820475	0.5786247528504449	0.007268684702336833	0.2436065784278018	-1.1013641260473557	-0.3314870819667024	-0.6960187170542668	0.2939777607186484	0.27937466446577236	0.592944701577744	0.21985536785623097	-0.7027513198907814	-0.07657199827321663	-1.0155667251224643	-0.9353891611304757	0.1271555661322905	-1.0101284627990867	-0.6345034777621461	-0.23541025406351201	0.5249628063864579	-0.06329461416206361	-0.1424345362533397	-0.944534934460705	0.06446179917324008	0.10846889043742003	0.6116522422851236	-0.5530195242797817	0.015115186942248603	0.4456499238848507	0.3794301989155192	-0.5915534262896932	0.3310142215671994	0.5294546921304143	0.5735708425097897	0.39231177950407375	-0.5075204894978996	0.3159232951599664	-0.03612464406114184	-0.29112274297058455	-0.15188043806449347	-0.5346016758027456	-0.22803199252327785	0.5308326462602968	-0.2121253513151052	0.48541613116782506	0.016530900438810812	-0.07976076835414024	-0.31047075338210434
DTXSID3033983	-7.071567761522256	-0.3108555774551123	-7.892196019496393	3.7583853763320882	6.131584510281933	-0.9404913794527623	-3.326799884165141	1.0727603415264961	-0.6979396779806976	-1.2533928001891603	1.3623285194715955	0.3059963277953643	2.3256892448687205	-3.1705129196587727	2.3659719761185816	2.9713869967512303	-1.9528254831469305	-0.7696021389210508	1.116052026812399	3.8752472277593633	-0.9311403512666212	2.866200367733895	-1.94565978432108	0.1588945385591338	1.6063994706462725	-3.021233371399511	1.7417074991357548	-0.2481027343575457	0.8017181855729287	1.56233220836998	3.368625908546321	-1.33958621091348	-0.23916352353040515	0.5932893303566172	-0.9358072359691642	1.6532155024725943	1.2880296793157275	1.6779562583992271	-1.146925835227534	-1.6032066172626183	1.7378601700875087	1.3180226720811188	-1.8384421171780172	1.2686459551320604	-0.15490868749498585	-0.6062067644369783	0.5157950259016398	0.32810448024474226	-0.20707035720372025	1.7140947619311164	-2.2285285495984577	0.18748283155687326	1.075106474854974	0.5328742022903827	-2.0282294978192676	-2.078322674635043	2.5386818471327577	-0.49708148104533384	-0.28361016508342735	-1.0079168765273	4.095135233588841	0.5922245236636293	-0.8965363899769774	-0.22477738907642536	0.7696933252424871	-0.4778274448324142	-0.02847115273714807	0.48525729517053834	1.663148182856587	0.9523281385386553	0.09206485726255988	0.2976598353994915	0.21303853485815247	0.6282822324883388	0.3963611841848943	-0.16821912436760017	-0.14855511367333138	0.5168830846615888	-0.39179669140175505	-0.1005663780779367	-0.688820761256208	0.8710422799781684	-0.4486451868414362	1.084986873995577	-0.6613503025356174	2.3267318831296047	0.2401441627399151	-0.3392227889841112	1.0345867471991916	-1.410456542554798	-0.7262161547477151	0.4422233602074659	0.349140563188572	1.5043058630020005	3.068795793645683	1.2544024493514416	0.7226863547636495	-0.9138769111276073	-0.20671170265306074	2.704812487525462
DTXSID1020146	1.6183849070603915	-3.6966864316811225	2.455124869786562	-5.3452289625045815	-1.0517988416537318	-2.0915977683177145	0.4613630392968258	1.6284990236745107	-1.0762287567728188	0.6081689597000705	-1.0391002150179545	-0.8696950419577899	2.723888616724905	-1.2179938326870225	-2.302719305013089	-1.4559241606579323	0.5274540803293417	-0.26515682230374077	-0.6617043795837073	0.5122467027639234	1.3210129394280992	-1.6010610198443864	0.9215302432951337	-1.2581307684881173	1.3274677711302199	0.2991845998962635	-2.324973033812106	-0.5838153777146889	0.39433467720503196	-1.4215380947802854	-0.2748807022571485	0.47755261596224996	-1.4486861762170056	-1.058247031528851	-0.697113258156504	0.39868771477393294	1.7684020920738106	-0.4169546423297173	-1.028321992978475	-1.5348369756777471	-0.23096466256346895	1.6290084355823917	0.8120659861272271	-0.0909350448760541	-0.7826093389375028	0.6916007123958409	1.2082742700327633	1.522031434929343	-1.5336537654483304	1.0732977032130828	0.8371518484675059	1.032756598971395	1.3592053666429107	-1.7859320573092916	0.17882341850015668	0.9849284756034822	0.4119795441050037	-1.5809933105255232	3.5107668221089616	1.7264760574012854	-0.4408982511125502	-0.4151073002316528	-0.2687249454620819	0.8229067500019474	-0.9172006508010375	-2.1173858213187122	-2.191678824294071	-0.8025525109321922	0.7155836576678397	-0.04839923493156258	0.8420387307932329	0.27858022463785	-0.7884233454232649	0.3957608663317468	-0.6609817060385746	1.2932707538770702	-0.4275930560117787	-0.9367869229202956	1.7979521021405125	0.8677566455019946	-0.600745082685093	2.017232334031271	0.9742188077949363	0.21099751273371103	0.34268865890972805	-0.7556280977963096	1.2999335028427814	-0.7473725747858804	1.2447742125034433	-1.0849681128199145	-0.11536678962969645	-0.2936110205361376	-0.7487034036728862	-1.7052038028688845	-0.9419271668404323	0.7266937061005259	-0.6171166544501474	-0.03144000353565914	0.04065896021039252	-0.24092841513632796
DTXSID3041794	3.5287028387280994	-1.3091825382601987	-0.90498463725784	-3.163529937910441	0.2069561013312086	-1.3718325574569072	1.391205851075298	-0.7085756972107942	1.3886902222233044	-0.5139720493738208	1.651537850112091	-0.2605232807057837	0.40838912332269284	1.5789515924920132	-0.29593219542716653	0.3824294654882119	1.021227802395421	1.2756040970431473	0.5420736618937448	0.3537434621309694	0.200594290534648	1.04179767933233	-2.053015147629165	-1.027793994093236	3.447795192738141	1.1855167083787976	1.726267226913602	-0.07349263704814639	-0.6319313869403028	-0.24159325679570287	-1.1071413265452899	0.3764860831892084	1.0993280514653274	-1.3838620781339472	-0.024073295491114834	0.05234181241237847	0.3953144906782015	0.5126442153585826	-0.08754924049053697	0.001101347203187057	1.0038553078181216	-1.2781023429286897	-1.9118811289367423	1.7420232284156898	-0.5396394848346652	0.8062185787491157	-1.2342234414332092	2.4331867696375693	1.7719748257900454	0.24001274368497194	1.059649511515468	0.3005970270995257	-1.3939793789989678	-2.239005697059293	-1.8602144434210968	1.8815426818820145	0.9939191173906096	-0.06850596924836555	-0.6410025413514769	0.7589322549603019	-0.7349116156253537	0.5725778481689409	-0.7470770001008413	0.42151808834011406	0.3001975321001202	-0.4135233925353378	-0.9645877642059971	-0.08602767584141417	0.4052298023932276	0.36557663327464845	-0.09426203339591381	-0.04861912333891652	-0.23802693280103995	-0.8246178232928713	-0.16911662748858178	-0.2563783027304503	-0.6260268469394428	-0.11056281935421629	0.6683099970229974	-0.1828260824050665	0.5527225529003436	0.08533097812996568	-0.02270755335773476	0.018160803720495045	-0.7543480262843134	0.1126899534489203	-0.47677523444777015	0.05783388974351595	-0.9028296383917446	-0.7515175134375655	-0.14517922456134358	0.48730665147295255	0.2115593725356819	0.09479608873571747	-0.04229376893154721	-0.24518912278443467	0.5592141857800951	-0.010698836759319978	-0.2930328830721254	-0.07352921042232181
DTXSID1026954	-2.1225691456671667	-0.10260834824505538	-2.4597605757884424	3.4074443003989057	-3.5822206507438437	3.226028845033903	2.6437993762905503	-2.3925483805274066	-1.1620899099717705	-0.5019528195496644	-1.4652926305327867	-1.015152048109754	1.6114543897021545	-0.6365288804755054	-1.4023360889677632	0.97624630946409	0.6178279280350097	0.405425717405564	-0.8746829984896957	-0.7152798187714446	-0.568151004530019	-0.28805524544625033	0.9099953788664712	-1.4489825252803856	0.18781223049785795	-1.7846437812259184	-1.059801209899685	-1.1568827332931977	1.4342214652378351	-0.28901465644140534	1.2893752873836848	-1.8076576203264203	-0.257760463890847	-0.1366479813209928	1.4233764367662138	-0.05217800445935016	0.22860847209081392	0.8706860356774268	-1.675138690852214	-1.3953761778784848	0.8556430355418362	0.9423172708183923	0.5637909912037385	-0.43383189853269166	0.059888349333123495	0.6661992521853332	-0.9843854631091555	0.9896249697502991	0.6751060760485579	-0.5988313998236051	-0.49621489366110405	-1.6644926434798095	1.028550810984295	-0.6452404370430941	-0.021143026909298156	0.5819460643479085	-0.528779383578392	2.1842340283374293	0.4312144079041835	1.431529265326118	0.5366173418456742	-0.15272892536385288	-1.345323901547478	0.5113719418143022	-0.7571574423629932	0.35382979742211695	0.3857125709992652	0.2908470973161557	0.9778449978958492	0.40009084650707144	-0.5642506642248646	-0.562387427323549	0.8210247782699082	0.16836131897646128	-0.7175488245082898	0.243793461994502	0.33572710103808734	-0.4473807930013176	-0.029579721917060948	-0.9820399825955416	0.3589880159090979	-1.0518039584458667	-0.29932063336398107	0.4945419200978087	-0.250301940702668	-0.1613391247343354	0.002117578056095626	0.27157703434548763	0.2184243340151376	0.32551815435590215	0.38022390242130083	-0.709400129010913	0.2387911816909664	0.5219643506082211	-0.9148328631019346	-0.39397166144953066	-0.228684054979482	-0.14801288524198275	-0.28696618921168005	-0.07588866725608702
DTXSID8042187	-4.079414109806483	2.315783648977827	-3.217968116584566	-0.2635621494959091	4.064719859444953	0.363476352120734	-0.08931012468376555	1.786915527125774	-2.0784659064811013	-0.7503679899308588	-0.568853886535589	-0.042208443088369095	0.22228630159928586	-1.394233439025948	1.3356881479897293	0.2880092784360886	0.31106770050166815	1.3996586691839727	0.039346636799848254	0.555698178940583	-0.17646333690740934	-0.22774818364110083	-0.43665301112557403	-0.6276530496692267	-0.5693245301701456	1.3640343147004261	-0.6318607264868079	-0.023990674224421873	-0.6950301406445628	0.39038287526760007	-0.41325169310774207	0.15740011071308013	0.35152781321552384	0.4563829844999046	0.10493206890488348	0.24474955541817286	-0.08235908220322177	0.13232894286509722	0.21214795025150465	0.15086298142703136	-0.1609137947401546	-0.3428788799018341	-0.37111885163423447	-0.5588085945111366	0.33394303826096156	-0.048374709832546985	-0.009288017789847952	-0.015467678306086018	-0.11345753196819969	-1.0212139262745143	0.5808695991010827	-0.05309520198425578	-0.5485812143649028	0.3868517172338305	0.11810698406623879	-0.24724223557328226	-0.34821473682314535	-0.4077553760179946	-0.42501475270842437	0.02222086256206321	-0.9114914053510663	-0.009998095414317128	-0.7861128923876712	0.34468042631408546	0.21950399279765037	-0.7189486945471506	0.364402992226975	0.25866449295699434	0.27598573257039455	0.1929608238785393	0.49291637698068586	-0.023992020007250998	-0.36486614892718494	-0.29995371150637046	0.9998441294219713	-0.031563828914356704	0.10514258319701852	-1.0286445295390507	0.02763742254578103	0.14445238096550295	1.0575571035535491	-0.04504012003066864	0.12159508902040449	0.44970628752458114	-0.6637312847473489	-0.6298645076168587	0.6932654562327678	0.26108818735607986	-0.28863071905100657	-0.19746799686481697	0.5570834157701531	0.07988940132679806	0.09368135701830486	0.640832718819152	-1.0077462769994379	-0.5096218003699196	0.4056222006130723	-0.21288438734128312	-0.25561604010257244	0.5638084543372937
DTXSID7040609	-4.895946352386399	1.388496906235902	-3.971158044635336	3.1361206079200588	1.3641965880821763	-0.991375330448244	-1.3038571185426084	0.3354561949627501	-0.2907674015576744	-2.9452440456691495	-0.3549821761625239	-2.036857178452132	1.1471328189643477	5.250168603230278	0.1965276989955094	-1.8124999606599745	-1.4934965468456292	-1.0485997288220952	4.471440465958067	0.7520779601194094	0.11252928691925375	1.0152993630700902	0.2796061508439304	0.40852927600795325	-1.1705127634373478	-1.0880389497771623	0.06235712610628508	0.6111715509402251	-0.0713496111530961	-1.2358257463894349	-0.7452164997999763	-0.4339827828288356	-0.9919606182568557	-1.2605669330126406	1.1676474517096407	1.0016103749519458	-0.6415879705087691	0.9001047909080776	0.18499305250252893	-0.5583553392040881	0.022264892903297806	-0.5935167594228775	-0.26495640382072955	-0.7264818419191353	-0.9366950042517693	-0.6253173622095527	0.8682080359265311	0.4038432342236581	-0.10877652931928197	-0.2701148050361419	-2.0723709651902507	0.3342926723487581	0.5355696718282481	-0.726941015824508	-1.1934925270547054	1.252084849588094	1.0361815897981586	-0.31352235505678006	-0.5414719827121844	-1.007477681800324	-0.14674300457650852	-0.3770286248157934	0.8473426678453979	0.05712794828258305	0.21885915008386342	2.009180473935917	-1.3062597394503632	-1.427544053427589	-1.1967129550239541	1.0480383364808072	-0.8821230919111257	-1.5928162318899974	-0.13557022393566404	-0.5283394346756635	-0.4360984922258959	0.6532880289045263	-0.02123932469372365	0.25687750886660465	0.433318014656883	-0.0216647592026607	0.695738990153703	-1.6595424528572789	-1.4326479405728392	-0.3981505460696547	-0.7711090473863083	0.2607470062914013	-0.6312406602230864	0.33475503261351863	0.16157236115365253	0.26565994087358985	0.07112297269172983	0.30289367840222087	-0.508314712559664	0.38851407675349625	-0.09823723155514977	-0.09047857324923739	-1.212563512623112	0.20998261323384387	-0.8393744036975237	0.025399347744191482
DTXSID6046921	15.39300597134156	-4.456837743749406	-6.134107143403073	8.805252556792809	-0.13922928350112757	3.615895544513926	3.9437963846101725	1.6754346528819624	-4.427527457992705	-6.079586861157661	-1.6621261274768233	-5.10422661641573	-0.5349595577227185	3.02627807408087	-1.5245532899408103	1.1785637336876436	-2.942084691412704	-2.058518647984464	-0.45718688860641193	-0.5310029528113199	-0.23632248792217686	-2.0735429394807343	0.3933174008143462	-1.7726797266214778	-0.4949638571817331	-0.7407804456037692	-2.1344577761125483	-0.9319982283495282	-0.10848693905526148	-0.9145742294089416	-0.13531235796425442	-2.3247735170370705	-0.8083159425625611	-1.3413789505418623	-1.5150962731925433	-0.43454571859145913	2.123729295121819	-1.6757215830576753	2.0906973086529526	0.3324046076678741	-1.244739981479008	1.9977815809810764	0.523220182583138	0.10806528409039055	-1.777473005643449	-2.565460430616486	0.3742986711876961	-1.7387970750351829	2.042284989043701	2.240028175983358	-1.7407799837840379	2.371991645929181	-1.784682829243982	1.3682900189628873	-1.7858359616322939	0.3802539655144502	-1.3766656645179083	1.2570369020528023	-1.1516035625355252	0.30771924041221876	-0.4830941818988255	-0.027184324951099924	-1.4604080807036866	-0.9279433535837205	-2.8788812292077894	-0.07259479444302068	0.4984510899730282	-1.0876484873890253	0.6646532505861417	-2.0267410803258525	2.72506178213965	1.8499719288907175	-2.9928569463261567	-1.5038708447083264	0.6968800744662575	-3.262198183865707	-2.130086599159532	2.2368816119428487	-1.8947097407851379	0.549059232232111	-0.09096965544294658	-0.41596812855591847	-3.214216121925506	-1.082579092000708	1.252055767074111	-0.9457965419477012	0.14296938927985284	-1.4967016080314146	0.5300124171798175	-1.2001741317978856	1.6488854853393997	0.35608495958954467	-0.4377892565008839	1.1131000919914233	-1.2953543392278577	0.24386251325206093	0.4877170545104482	2.366302513546463	1.068905513980419	-0.8618789914625857
DTXSID7021366	-5.359425642133415	-0.47426968341178416	-1.3586316328845953	3.006419163887506	-2.7914131147587224	4.822159561054591	-0.7437146330882786	0.3116357018500419	-1.9250558626086762	-2.130631824245993	-0.7949449213984946	1.051979074674684	0.8449746010140828	-0.1372579985368038	0.7730930694653688	-0.32098318679083293	-0.7142400438889087	0.27716810931233143	0.21937025981774433	-2.087513792772267	0.09119977559315119	1.8416631890405042	-0.0866906940561666	1.0500634346617055	-1.3696372741120266	-1.6662417403961558	0.0014272747935672831	-0.6280889821037554	-0.8366094115839269	0.8830069359000015	-0.9478661608484432	-0.7931796954684706	2.2125987263970557	0.1704106801304193	-0.00804421621231055	-1.7275080726961143	0.0711493605240055	0.8339158328402193	-0.5466381823622761	-1.136021823332456	0.1286516974930021	-0.7576230470457997	-1.1620000464993183	1.1340333747373328	-1.5251521327137578	-1.0249922668884348	1.781184984268878	-0.056669075112698614	-0.3410370420427069	0.9272852198249258	2.193869234517568	2.875741839063226	-1.8819197154056742	-2.3081179515050008	1.6686503194157052	1.160555500154607	1.5946515538676407	-2.0513586861544413	-0.5342145117224817	-1.3464159979970907	0.7075013222892156	-2.2937707114123302	0.22366830620293207	0.10372939914223907	0.05855671119195968	-0.49264584074528	1.3272596431104262	0.32006133347551746	-0.6300963611946233	-0.6326714448169167	0.9378451240353178	0.5194546340325733	-0.32637852159435643	-0.32121822778192305	-0.37753956566644614	0.9841647526240892	0.5770893141469016	-0.1065408746077145	0.17385340205436564	-0.3351214240570435	0.06462849825771066	0.41660313034587526	0.510777581528895	0.13065593686011467	-0.10589518889422796	0.20504943359520192	0.5384955877041592	0.7213617598867044	0.5041023306822374	0.4081999926257394	0.20605146178101927	-0.00928648384459816	0.04040658257689099	-0.25161982044149694	0.5498867883710424	0.22300160616775982	-0.23444790479563976	-0.041248593689844584	-0.14851381540734437	-0.060565090028993365
DTXSID6021610	-5.9912116332517	-0.3794168668138563	0.9044512317115839	5.1519471976234446	0.3762318639874711	-1.892896463188055	0.8191707725611505	-2.13740842244492	-1.2143682249877725	-3.033908559647734	-0.8740278634673984	-2.2704598960411637	0.34619427651430246	3.418940121135582	-0.30357142763108574	-0.7998402551025083	-0.41276260356502215	-0.9611728904465618	2.874613145050507	1.2117293999680867	0.7235580988621515	0.6941375458702865	0.9796122925243387	0.5242326154562083	-0.5978714359169015	-0.018708027774997395	-1.0195567685182974	2.5564703069971806	1.7431083733714012	-0.8744336371505395	0.31345958583357614	0.527595724091014	-2.1421780178090253	3.4358955295627003	1.8853349939591	0.3699120652626616	6.158275574413796	-1.3013211318845774	-2.4624134524563717	-0.8162912637641216	-1.079520503333209	-2.7262413479639265	0.15899004035403527	3.8395124912460323	-1.204310911269709	0.5378020700238645	-2.13200130212122	1.2649874006359076	1.5251502824068444	-1.8098162107141162	1.9534794043617774	-0.589544105565754	-2.0119406545320846	2.7121638582554333	2.7967414733526894	-1.7182395664593608	0.7148314476430989	-1.166130197952355	-0.013451317340112338	0.4004593569909645	0.1687065096675947	1.84353970981145	1.7081960622459866	-0.9386745004899661	1.1560858352483026	-0.01758386141009881	0.5564491328640813	-0.8375441798434272	-0.9208781728794869	0.9977530493093473	-0.4744481385187047	0.5245337153396952	0.26786175247723126	-0.0016481089187362589	0.7131648959201439	0.47113586096254434	-0.8082572316778647	-0.0158845718328298	-0.10865592264376694	0.05402513399365039	-0.25203167796805864	-0.5852031837152588	-0.2725681428072677	0.3500717087130248	-0.22558314118975956	0.7618076262839765	0.6756299704787201	-0.2703020120341175	0.4109493480332538	0.20285433590568022	-0.3234056945734014	-0.1895457963765304	0.18049299808795305	0.46551034574667133	-0.5620168257841032	0.7008010314251276	0.5261422851696715	0.26343287760767087	0.002158899470013411	-0.33815430637061367
DTXSID7023192	-7.450462165728963	2.114334857825745	-3.0409000941486783	5.183372933707282	0.748995716744926	-1.5521003272434968	0.20973143474977704	-0.8615799264102442	-0.49711266069447313	-3.5868740237825483	-1.9846732438574193	-0.7728800869246023	1.9281669954020781	4.416616339765156	-0.8003318887738285	-1.1790164376229333	-0.965946175673248	-0.6659564026765266	2.7236405167077407	0.42649533690217706	-0.2042016228079687	0.8474710114767112	0.8859474549509302	-0.19365091518469937	-1.4620581145139484	-0.05615883025954999	-1.3101496686210987	-0.9504281239242746	-0.4298625013209478	-0.6807634031538494	1.183146737681181	-0.2870785988147979	-1.0148399902800558	-0.41126431886787496	-0.22584592785703927	0.9976822026528909	-0.11517586175052984	1.165024498126412	0.04803756213997833	-0.5572119504318103	0.4549900964285346	-0.019805429979677425	-0.4720340650944366	-0.7082616605451292	0.44203274258554587	-0.16010644203611663	-1.1126022751555047	0.0893993811236833	0.46054604772318963	-0.35272011142645354	-0.8482913545936034	0.0735925101317824	-0.334054957918271	-0.609229942288483	-0.9816390071778043	-0.09346634881405479	-0.06212000348707653	-0.14558351001955475	-0.8845455807363652	0.64463398899817	-0.41792154815830923	-0.9238485497227084	0.5034896633195023	0.5799757337976081	0.8411588090526854	0.49563899073024387	-0.2703523801459846	-0.17447566005988738	1.1866736636277704	1.179390443782826	-0.41345118621145477	-1.1837008316451694	0.9128072797103032	-0.5516407481563584	-0.3943105781885229	0.004826690979910321	0.4122202475078344	-0.2533649265434063	-0.480045676495313	-0.3216528922567617	-0.3592595830894608	0.2394959521500372	0.5629726750242787	-0.4636762753120564	-0.42152703925982504	-0.4867812553974528	0.013948053264564657	0.04463419392689614	-0.4511887045300466	0.3615501584978354	0.38864966635139736	0.5135766149296569	0.4509161495807905	0.26286979782345776	0.20268328832064708	0.7555599204143568	0.16225649053802527	0.6218415675183635	0.055442329499590506	0.2075399358918191
DTXSID8023000	9.354923667551663	5.729619793251554	1.765134724582747	-1.524997936951014	-0.0838821358775685	1.3732401869706614	-1.2904987601338722	-0.8644899102889763	2.007183588594622	0.400475910798564	3.2182914066605064	-0.6494747626660187	-1.0115250461736398	0.8122308508770588	0.9784994658078994	-1.1987309133089423	0.24532414608820532	0.7658770293442003	-0.026660871919618166	1.4380429415008018	-0.04858047616582085	0.2291005035946016	-0.24730051548354626	-0.6668435182290693	0.9279023062534019	-0.989318798472343	0.4777306075385584	0.6287318593916811	-0.18428646434132484	-1.8167865150662814	-0.9666053781706232	-1.1505779949853319	0.7745712019681343	0.9596179686414035	-0.2789223924597141	-0.5865216139380921	0.20981436861271474	-0.097022888159727	0.3488029820343615	0.4820032601994185	0.32997380870211174	-0.22522702901460898	-0.43562091777552797	-0.25439701490606503	0.34642840659919755	-0.674710124773201	-1.1585904973982792	-1.0774404131068624	0.5249527003410521	1.4479240745038882	-0.5579284807269299	0.7296249425790957	-0.9221901459748661	-0.0033365340969022904	0.5039200624514147	1.6186055185542974	-0.4899216075025661	-0.677129456673571	-0.3725774657955169	0.13994052671632892	0.3418209917166972	0.05344898868860755	-1.07813774852466	-1.0873545224295629	-0.5653497678903838	-0.29688804843179545	-0.5790094807396481	-0.5473393949679809	-1.0611168448684083	1.1122693061276714	-1.3181076148175814	0.3670783148822478	0.319257678548567	0.16470539337178988	-1.3966111846358413	-0.08641399535925794	-0.5523138242227472	0.7237800944089341	-0.7304300531176661	-0.5679734202174765	0.8761134217608118	-0.23710548428155276	0.042227857028222494	0.2593168812840058	-0.15821604373822196	1.19951608439346	0.14412442650026966	0.45228882273815924	-0.4452540245261384	0.16244857759160156	0.37720537944835514	0.3932474982026433	-0.8514105821052739	0.21889530802320958	0.025974518784477558	-1.1239285901780895	0.4616502511559175	0.2054450711579845	0.4736336850381598	-0.6092202518586046
DTXSID7023697	11.324365078173182	-3.9866648879863873	3.8974404361631945	-3.000917300317612	3.574269352982221	0.4446807739427908	0.7160255417099881	-0.6268860967960083	2.5431810223958418	0.6087531273219091	1.940065930948342	1.390751860749806	1.3100016362089626	0.07417753038772618	-0.9867223824036471	0.9335998367257122	-0.3863587124004203	-1.1511858923896519	-1.1480958845012712	-0.3394398754506575	-3.790550531393761	3.4890921323988695	0.9297158161010545	0.37733862351582687	-0.35826109397307454	0.784544229025505	-2.5399174737350645	-2.2313076212286282	-1.431502577971596	1.886688973444396	0.5496630670080148	-1.4873142123349763	-0.5712537766792533	0.2605471494639746	0.17409308266470608	0.7590949950055591	0.5855087048601956	2.3989471761971104	-0.09630350915374981	0.02157950351355739	0.5401208784976474	0.39129147042047924	-0.36079449228051985	-1.64040865293285	-0.11192713284118967	0.29627188477055416	-2.252641617468461	0.8927498104379737	1.813999971758222	-0.9575794283213868	-0.6588460643027362	-1.279466776771342	-1.5812579458032472	-0.6797485444702459	-0.3222645368022132	-0.33360948410249536	-0.270666078392005	-0.1661845728831346	-0.688384446976947	-0.8635154254451294	0.4223411724057253	0.3020325020650562	1.2209669067371738	-0.09331791846074837	-0.07396486463963191	0.7043489686948019	2.8593788148325308	-1.451699172333914	-0.6081434798816113	-1.0532531526655278	1.2505718473255352	1.5942303597269152	1.0114348288264754	-0.08631180672919768	-1.1512836365515837	0.031909495807469726	1.0961591204543277	1.255204301981274	-0.7779570828928583	-0.6552797538118704	-0.5628666576618176	-1.191841871819984	-1.5433315182006382	-1.3598433462453279	0.6068025141062535	-1.4768772604104892	-0.38856727301724886	1.3627718727833054	0.3123094327310441	-0.5864008099729542	-1.4951917024786925	0.026245595401773313	-1.412835764877835	0.0324282729067184	0.8867927329430579	0.6644393747429357	0.09956566778739552	1.0427495778782234	0.9710987254570335	0.49212668661751247
DTXSID2057730	5.744036016094614	6.770830620636365	3.186679724533786	-3.065737707195793	0.050826255899308254	0.8216953550834628	-0.516049713768403	1.4736247431984262	1.3331577010315714	0.6479692270118784	1.923908923914702	0.189450619647206	-1.7304599630062505	-0.04798788355411423	1.6386708951271705	-1.6982892741638569	1.1845445022224907	-1.8009898062505891	1.4878593376891032	-0.01624938856549812	1.0480311827434077	0.12686724878838299	1.2805204241797596	0.16656335310037498	-0.6644878224386902	-0.08328566631330805	-0.3481164467204574	-0.41056965509444737	-0.6865821256409976	-0.2612024654241935	0.16956066778308765	-0.31398044320099916	0.016077203261269293	-0.33518272019900647	0.25556795378469466	-0.1775166182878641	-0.2793152911702624	-0.45720050888942	0.3402416809465995	0.7244626327356375	0.046633878676128955	-0.6003555911008349	-0.523899683539874	1.393043124331337	0.643339679877125	-0.7653321827126713	-1.5358953055076208	-0.9549864067996678	0.11758732705716736	0.5170528125948781	-0.20879431328024553	-0.01854017763345697	-0.6745690030614592	-0.07943466117337762	0.3898581470937049	1.287142190770813	0.9883791111655668	-0.14623643619965138	1.1417979117988166	-0.45206656202968876	-0.3148105447031956	0.745464304852346	-0.7390566018697616	1.145226834950468	0.055118574059838284	-0.6006549157457065	0.4917901263986455	0.47830723954212645	-0.5894451521691451	0.21641461763482486	-0.15338017125517356	-0.5518476509046388	0.4786380591112435	-0.2551568716567319	0.05839600954906846	-0.37353812987767426	0.5865350547837581	-0.10435262822341233	0.0635342382395295	-0.22880759589464858	1.0067901181215537	0.602077016474688	-0.021843618380490516	-0.29825052050652195	0.12728560892342686	0.45929995415576347	0.741830908517001	0.2098499814370167	-0.06138140824569451	-0.1803226330324298	-1.1947197014305055	-0.2415552149759869	-0.39647002769780326	0.20396504497535548	-0.20980926140772427	-0.2721244861975343	-0.012918937656288485	0.3393494858157142	-0.10178690187175364	0.01851924792215696
DTXSID0022808	1.3114406078380343	-1.366723159850535	1.2476270552444118	-3.8409824377337354	0.027897315158020877	1.8912043201215927	1.182564606891102	1.8018171863488355	-0.49754299450365913	1.5058259056277619	-0.9747903065601403	-0.26513410829528633	1.5464496608208753	0.19767137569893084	0.09653056248554757	-1.2338944206335305	0.48392637188492804	-1.1095340826304425	0.4095117614321938	-0.7215707846896137	0.688001565134987	-0.4220457126529209	0.2689271066345924	0.4895567962530817	-0.3805853999523077	1.0324597270284535	0.26813576520910665	0.504720338813998	-0.5914712933559555	0.3843840339314552	-0.8422352720838051	-0.12422211432404172	-1.344711767248389	-0.20615263147661136	-0.1522934268578143	-1.0006421653813955	-0.5722789967452464	0.47237961756785407	0.14043922657078434	0.017028052079370096	0.4049692429035092	0.1809553240930738	-0.09652893809492268	-0.00016768869020474886	0.9014488011735492	0.7085447469751892	0.23279409261864795	0.1209526692715994	-0.03398577029723245	0.8796368955114487	0.20506838077406928	-0.5986552472134268	1.0426408788220065	0.7552417180530053	2.0991485147135633	1.0466016880673157	-0.10557155219410017	-0.8395591942405811	2.4659986187285314	0.8105892350912345	-0.7436778824276208	0.5643793961129308	1.4133845184519507	-0.5557262796857622	1.7900322627115448	-0.5945302498813156	-0.013478660349785924	-0.8971653849306154	0.4739381932337453	-0.9875574110421792	0.9030905844278982	-0.5092628535918835	0.3922575987674002	0.40380425912106155	0.9959270960520251	-1.244913829832504	0.6060508737797762	0.7478283702317081	0.10624718090925966	0.3767428077876631	-0.057660234264024585	0.2911500449389918	0.8635288131600157	-0.4897304778410309	-0.35560153920711074	0.36332930142744324	-0.43979597962226485	-0.2587179300366993	0.5212362618545707	-0.18763110268441982	0.24959320506161028	-0.44373789134985575	0.28862943398225804	0.7687561306710486	-0.7390246123576124	-0.5484358271317785	-0.1203035689890497	-0.35932711734676553	-0.4602735693902103	-0.6425511917408667
DTXSID3057775	-1.0932660228118924	-2.285618537262861	-1.6086929878959948	3.5252952711920265	0.32129762959817454	2.313555156436601	0.3947961235085395	1.4994643021220018	1.1455122978740517	0.14572116495049764	3.7442545560439187	2.065327420780567	-0.047866737155170154	1.5299499181061504	0.1787191161678176	0.5225711842169126	3.154774292174724	-3.250567208788569	-0.5942394228154639	-2.7065891694134603	1.0250910276968865	-0.405655835561862	3.3987034543550854	-2.1641717464914536	-0.2017104944208612	-0.5577304072936937	0.8143563689270781	-0.7444546400448353	-3.2925059290994994	0.4440045719333473	0.8474123761928716	-0.3771127182143753	2.7026415789251756	-1.3111317638575526	0.639247021970738	-1.1800299165286279	0.4557652918709305	-0.5286151536687367	-0.32675612836970425	-0.6767653442196515	-0.003840391566110582	1.1331027614307132	-0.9189576254050222	3.0275441301665635	-2.1282846907644046	-1.5774416318136373	1.929683308744532	-1.7049822448259444	0.28123439089107255	-0.7694018751424564	0.816324805751631	2.475904223768431	-2.6214967849578477	-1.8969903182375099	3.188248074575237	-0.4471689886095035	2.351521443065868	0.45532202777155567	0.3444697526644446	-1.98586554830662	1.083143594904138	-1.4452012521890327	-1.3080308932069462	2.877984034888797	0.10936720619746862	0.5627480926383722	0.8041160034890628	0.8865577769328866	-0.7738083240004084	-1.1358886363917569	-0.7155527632907766	0.1513383298185942	0.2706945169811375	1.0914086253993025	-0.1084964985190671	0.4656461708854052	0.030117187970308375	-0.4299500601855047	0.19293449817556962	-0.4350521158697424	1.0026857535657503	-0.004456262601301551	0.1742298714450223	-0.5841652078782184	-0.14706143774143224	0.17816971693958586	0.9084255896147667	-0.1846204763636434	0.44327691997278434	-0.914615668070329	-0.10046501373825743	0.5830559698757255	0.3162321337490156	0.03559487689722268	0.009942457492585436	-0.07025913956735828	0.2501906697912403	0.16730026084923547	0.09261737189462987	0.43573759688946867
DTXSID7044716	-2.3556117090343713	5.3316245651296175	-2.5015919255614603	-0.7957322013336084	-1.1853646865337337	2.1690256097450775	3.8123407078331715	-0.17743688949988676	-1.7007767504552815	-0.05070556618150152	-1.01169202588891	-1.3500575329534814	-0.4136366478006152	-0.2594932728050817	-0.6303206702571091	1.9452849293174004	-0.8839365948521156	-2.2726132442922444	0.895892754822608	0.3093215725349372	-1.4924430199555254	0.2945058819803492	0.6212441611746143	-0.3746001799219616	0.5331582636925928	-0.10395653507782812	-0.6171465159905085	1.2011511400125703	-2.1201276212669478	-0.8211957023517631	0.38619822957290995	1.1426993686681826	-0.08021574081100159	0.2716202664559599	-1.1197315201879898	0.4406884671856663	0.47874501900768596	0.23327042657711455	0.028704283775050757	0.6922023172719178	-0.7680618962176565	0.017199531309079526	-0.5080047486511253	0.015740468408940906	0.7803084580359253	-0.281098910610525	0.294000986327275	-1.031444841407485	0.1095937229373928	-1.0280037169540068	-0.4248403705521022	0.5953013874307708	-0.021495290296051676	0.49220210292006966	1.2424531147621702	0.9856532682063461	0.3749832853148365	0.6195368888396725	-0.3898659278481842	-0.3956784569755054	-1.2971622476979439	0.15721206311057787	-1.4041879328877727	-2.0051201334138207	-1.5758060242479526	1.7571008958464784	-0.7731477247360983	0.15157635170799028	1.5319956690640082	1.757697382753664	0.041661588884145256	1.4279056068381888	0.2729534666113006	0.45260372416815914	-0.1905585028922803	-0.4913574421256667	-0.5323220021509356	0.405328134309631	0.1576005604318507	-0.5099156744681008	0.4730780782599434	-0.30106641574678783	0.31483244978392455	-0.6593700376180471	0.3912439099731321	0.23385953741752602	-0.2615471658499148	-0.05306449751034022	0.22307441645838738	-0.2422476556694916	0.2521825600355821	0.2609612540967611	-0.007615212890903487	-0.400763120722151	0.36313414677797995	0.9226886090516684	-0.5909784298326438	-0.23728757858924002	0.34623256181105644	0.07605266395255927
DTXSID4032459	-1.5998926333907788	1.3936027523711847	-4.998103285528022	-2.971514589961069	2.7546310012915223	-1.8725803776454772	-0.663130538115944	0.874325750488515	-0.00014136802435340103	1.4795763516284692	0.8611912334585714	-0.23963189967442505	-1.1464117132038878	0.027938288974674593	-0.9353042627101428	-2.728965028013442	-2.384613127406569	-1.4919349593892144	-1.7243079706952396	-2.2651379733071333	0.1437145072941536	-0.7694536194966637	-0.7385031309317792	0.5892947380303392	-0.3807729091378251	-0.013963177832421672	-1.2467357990896337	1.3765732644963635	0.24554368522186212	0.6010016619376033	0.11630263055208197	-0.5375502776520926	-0.47542220963566784	0.07989629967835693	0.191455210294778	-0.08554616719900855	1.4804743677050227	0.3164978679362352	1.0723494146483075	-0.17054811659761218	0.32647565776921095	0.7086699191093674	0.6516529901323285	-0.7863784569528541	0.4887190216067032	-1.0744565735288678	-0.6828268635170569	-0.5181088472903546	1.896683769861119	0.560882566067256	0.536119225393492	-0.5443022485966684	1.0168965725985653	-0.6374697348856943	-0.7965800562980916	-1.0138719629137403	2.266439759045309	-0.004589869360216553	-0.1145232728087158	1.1110126555325825	0.673787265386334	-0.28691928506496694	1.0429822381525498	-0.3690080946669714	-0.22057296542863977	0.5879296308901037	-0.13710556409007046	0.9427896418312631	-0.6904137422908455	-0.9141763425862934	0.42521694358068646	-0.10211853821043687	-0.3860365756391125	0.040764047968903074	-0.4887162965434418	-0.5163522343582407	0.020905638173948717	-0.3612563137383721	-0.29447666534260103	-0.7929305843078607	0.4614316488560289	0.5483863968372863	0.2771316972974684	-0.046378735301620094	0.6788697168006594	-0.32821845530729066	-0.11468859655555921	-0.5987011761899471	-0.18313142813202352	0.15726609683419202	0.27316084256864176	0.29958222675181073	0.09244843135296925	-0.12170541852010132	-0.19623483413241716	0.0021843955433340223	-0.44822818274802784	0.3381972935337251	-0.03512995196372586	0.7785863592884192
DTXSID0034722	6.422198643023294	-2.00221708025913	-2.1855770232684324	1.5425176259765243	-1.9751189166244416	-2.942905518139686	2.7442088463844003	1.3392307807225197	2.356241798737895	-2.9821818337166333	1.2778689935656258	-0.07877835631658847	-0.22715729648165775	-1.2448381805690742	-3.554844240823693	-0.8630366747558587	-1.7080456220797338	-1.1307514594048087	-1.9947502648528321	0.7705797951824929	-0.6918603919108158	-0.14782178301046373	0.9040764213305855	-2.5868367630954503	1.4899880621127721	-0.04008626342525616	-1.2232487885948735	1.1574048688015168	2.873870907166287	2.0855620743306558	0.2646411051405673	1.3764722777995395	1.5361673624747387	3.404454295617057	-3.9366302025429634	0.8117406488402683	-3.6779412504738485	-1.304223328925511	0.7410112349872868	1.2498579945355928	-0.1608765846630042	-0.7869955121953311	-0.1792619338389296	2.060696648840265	-2.625262161731563	2.916103205359309	1.1513930920445337	1.8351191667699762	-0.936454092483308	-0.9439954126068891	-2.897091394853736	-0.7470991255195191	0.13727683816353853	0.8580269125601857	2.179254615135112	1.543314861842556	-0.001248585812024299	-1.496783017805388	0.41899418506548136	-1.5635051173001535	0.054720596154784654	-0.37948471735750466	-0.46172083295223615	-0.12269392215330358	0.16835758419063196	0.44877390330260597	-0.7664548325120207	-0.5461448520828469	0.14605703287493582	-1.1547118133934267	0.13680174943486606	0.02051155572902436	0.042269608824745904	-0.45091593256625345	-1.2784548568967238	-0.21347246593962949	-0.9764213289776452	-0.13645483196886155	0.36054212998191404	-0.032684528219495655	0.13589091673670675	-0.21260999647838655	0.4067965694952433	0.043347306110906	-0.001250602019636252	-0.18104263359115386	1.0812938190760681	-0.20648055969714724	0.09725774974744231	0.7805939342691836	-0.2118914365761915	-0.3858975866720235	1.099751059234724	-0.1150428642178516	-0.824304971826807	0.32636913246221244	-0.1804305168925412	-0.8621483492979118	-0.8450589280103291	-0.3325411642294248
DTXSID8020464	-3.5420665969491973	0.6738626044431961	-4.140006594667804	1.8043322119988146	1.5395976222598335	1.347368223976633	0.5301626949437185	-2.6513143629890163	1.1372929345787084	-0.38298504256024946	2.631902548205319	1.6091417025190307	1.2971833799398975	1.171358158696247	-0.9520374191870058	-0.6113117594691118	-0.08173975660456675	0.6421507993983785	-0.7007580571267252	2.035463371049321	-0.6866432044462008	0.9546016028243041	0.7261014316826826	-0.7209322518462361	1.3115725494305148	-0.10562332734891748	-0.362381347668305	0.2706931451751099	-0.0994018395109621	-1.49348627186447	-0.14150342964943433	0.41893123677145494	0.29829987848515443	2.1504157273924114	0.10398071540454165	-1.0591415708589949	0.37723596877457155	0.2518224283946997	0.21512371361252014	-1.0510835163854237	0.2313243490848844	-0.25046178823229953	-0.1219906751135382	-1.4248639890132886	0.9904009519920164	-0.09582986945684932	-0.7370082689404848	0.2256589136991068	-0.27760787406130805	0.8393480034615717	0.12017268484530227	0.9303315272032979	-0.5843239401440222	-1.090297779190518	-0.17869408990756785	0.26292242115432485	-0.3960496209463481	0.8283359449348041	-0.5203411936366793	0.6091682735650643	0.3959747150699922	-0.6034124704569251	-0.4670067742305536	-0.15645011132349848	-0.32499247006869436	-0.2600962361655848	-0.41596285876753974	-0.7034886899758298	0.43048309470301604	0.8098718283228535	-1.2173046474148812	0.28443996369687574	0.5728258892745108	0.357681640688307	-0.07138345063992048	-0.32025993695788185	-1.0372085066825607	0.11643843268991659	1.0226961846616278	0.17277423057466346	-0.5779423407000026	0.5814421786292571	0.16626158338509686	-0.29955847917887257	0.25458109915651844	0.27117835970311505	-0.17860347602917506	-0.09920950267981099	-0.2991643360398763	0.17221442743453738	0.30448972212073705	0.06645540054518982	-0.7888743918398126	-0.06038634091627808	-0.4164746076509917	0.03536324377101753	0.03203751466703412	0.08692173643201227	0.15795614142913206	0.5088908704860743
DTXSID4044905	-2.4206542812286407	4.3143134197332325	-2.8553862720205463	0.7601426213194341	-0.9124948120784231	1.091765052628742	2.84922192197519	-0.4993524307508847	-1.3382621666965346	0.5517400041115756	-0.9021312464430973	-0.04028379383357805	0.7621218489219714	0.37383217418465625	-1.9039679779440761	2.1857574980385763	-0.5821478518991609	-1.413186924909262	-1.1515712200444599	-0.8503124012932328	-2.9509768266509644	0.6188558099421323	1.251808791696447	1.3255034117805538	-0.7377243884321156	0.7480858484564955	1.5144686155686569	-0.08546852460349068	3.1262585598982278	-1.3896267968988814	-0.8250805458587208	2.160064384191828	-1.3373223211033178	0.31105974100149747	-3.1050349887398645	1.3029828084011563	2.3039112052329833	2.018563113917626	-1.430239311753252	1.2376868021636436	-1.2730413231072437	1.4717683532429235	0.3065275584224114	-2.6813889288550965	-1.7518373633717501	1.1979311172852827	-0.2837273319520242	-2.0441586479780796	-1.4470113536447953	-0.6270535835997835	-1.6712117390272179	1.4296844974646168	-1.155930509959589	-3.155478279964895	-1.1533147178161662	-2.8547967853421734	-1.4746816314648594	-0.3408186714914376	-2.6637923708857847	0.09860631720324153	0.3559638232225396	3.1232200707336726	-0.2991759804815762	1.4738083201626564	2.72722829261798	-0.8875961121790807	-2.476905674901103	-0.5542549084146123	-2.7688272042286397	-0.19069354380884554	0.8736390917211616	-0.6618691856984199	0.5588487876444572	0.5822844270957431	0.5539140558757718	0.1747122696985977	-0.8047487876112727	0.0034261848672281266	0.6875183908721895	-0.016057221205960866	0.6389659348792858	0.4976135856630153	0.9316582132435852	-0.5003169663422038	0.7779947732320371	-0.32753387633558745	-0.6403523275984305	-0.03606284917087865	-1.238394724241633	0.01865600183520778	-0.4162990778525073	-0.007268989459397674	-0.48418729319023585	-0.11381835745288414	-0.020005844850934987	-0.6079296803780332	0.8245155579875829	0.1667232930879783	-0.284064822221194	-0.5839505500955384
DTXSID4026214	-0.12091248690763177	-4.856520612769619	-0.9336053952206104	-1.7100269344335497	-2.568451729447726	3.509708286836324	-2.4811155147162562	-0.2053410195623965	-4.608810669421998	1.3005853690461107	-0.2754201793765434	-1.553876127855931	-0.2729529028657409	-0.048775294905737364	-0.34790827028125604	0.20392993551275965	1.8271893914218167	2.2551096112246567	1.0266976052952146	-0.7660810086539009	2.091021415181953	0.5313661913673514	0.3151115963197965	1.5699350568124522	-1.687115740677098	0.4225361394730156	0.19264595280668423	2.1756034990454185	1.0710893276767675	1.8417269803715857	-0.09574625054292678	-0.689592299351249	0.6296442428191406	1.0752573434817343	0.327912162915409	-0.16548631889677368	-1.1259912910042975	-0.8956237316317591	1.183517939752936	-0.651274393054767	0.8807715994083387	-0.704947747298914	-0.24274433201088969	-0.7819086980725818	0.21488753499306928	-0.4959186909835706	0.297192211479475	-0.02826023498485456	-0.20416208575114025	0.4233205214013059	0.18136467832691344	0.9330502440946637	-0.6897247843262156	-0.5470977293563651	-0.9817128736416671	0.32487637373832756	0.2058103434472911	-0.30977461182624566	0.34820406217327937	-0.8246190742666044	-0.558358626787067	-0.7105140187288521	0.9405907755386714	-0.5470374764677566	0.21992932601270607	-0.6103002591820482	1.0488504961190066	0.17566931767437705	0.17242673527088503	0.7538276242235713	0.6860070574616155	0.8167140439954198	-0.5539525283960518	-0.7670219722617444	-0.6746241491615663	0.38640769217083554	0.9677444190522979	0.6517276051595614	0.4718030876545608	0.0017900547892914169	-0.5309512365930624	0.2186792872631077	0.44826713007717456	0.09603035948979494	0.18857766668667952	0.4249374357081747	-0.6208028411346285	0.23449615486606892	0.21589085789142387	0.2915997871147448	0.29653448661567255	0.2100421286584363	-0.260627603676636	0.0059150448308101095	-0.14226174295682822	0.44922273389654244	0.16499123509832248	-0.16603502099051964	-0.3490136481628602	-0.1511967048742868
DTXSID3046617	9.50846696489189	3.881004493917958	-2.745567835565645	4.026694239152842	3.862343028866668	-0.9893832119442393	-1.025338597276123	1.0215775184889386	0.05213746295933685	-3.104723413932403	-1.0410382281815878	-1.414235310452021	0.9095236359000599	3.266297266832878	0.382651670945336	2.0551537040784997	-0.6530035246203817	-1.6656272317885277	3.9069261526686736	0.5680017516766624	-1.3790902670869916	3.0020781238057346	0.28082787213384275	0.6332542461790902	0.6877908496573608	0.5939023186263274	-0.44862055797268235	0.24973708952575335	0.2614823998134459	-0.09072965834574369	1.6962259706274978	-0.8921736806072648	-1.1915569986002774	-1.796231109556107	1.088035600402651	1.3085949190387227	-0.2859927257562137	1.346712150213205	-0.5125674112645772	-1.2547561250445558	0.6465648656348544	0.23630162577954045	-0.48049105520613933	0.40185938063757126	0.3059959944975565	-0.10842659175299382	-0.11261707584032543	-0.4173177571021938	1.2925382422899707	0.24561545248029065	-1.8005345220664337	-1.4960385512074463	-1.60907921887097	-0.7358764942793962	-0.3349638339629377	0.45710859545558846	-1.0513535584366518	-1.6967312108187715	-0.70015652196682	1.0327398162419787	0.5846664189090126	-1.600181095545898	-0.4317637367914618	-1.3216419785936981	1.0299337511671516	1.0833611484497603	-0.28298379140367924	-2.2027668813288113	0.11371174863463639	-0.32903973926125923	-0.043232060794573084	-0.7970172784679113	0.3727798788090199	-0.7179156027225286	-2.140954036493961	-0.39538769254751366	3.2529356278088284	-1.7526005043331336	-0.28701225831651983	1.452046274901087	-0.8438266958120229	-1.5737621614523136	-1.0166172657303616	-1.7384413010932482	1.811245393396541	-1.206584395451793	-1.181299315020383	-0.09605183248291277	-0.14864119604809664	0.09290044991491786	2.484354964698254	1.2884347976673869	0.8948519629333228	0.1412369607768631	0.5352093990887947	1.6014965224285127	-0.30228728413737727	-0.9659154784433865	1.656253147735269	0.850105090906682
DTXSID5025572	-6.106561329334966	0.4468770814469699	-0.753743432688146	0.9513226958494977	-0.7389249077292785	0.893525853836737	0.8908734810310225	-2.054900514765648	1.0226252267779297	0.18334939852341503	1.7804318923182838	0.9030210505321309	2.2928077301088403	0.8777192373219728	-0.10146384117034674	-0.5508605775099304	0.7707319272178019	-0.13311999160615373	0.45612700019856117	0.9011252705570351	-0.05468765007918996	0.9456941074258873	1.3998256780405938	-0.37214388789994624	0.5700194391654742	0.3659186480941961	-0.496279852236674	0.3420796557359562	0.03253480618114546	-0.685665594771294	0.35030237169868483	0.6639281720186485	0.17224466195872098	0.37921972732875003	0.1900133288381939	-0.4707750860501192	0.4129290074837169	0.03816965591004872	0.11574735727870238	-0.5210355963252525	0.20786533770780222	-0.42050084147148065	-0.33559735118743245	0.3330758868257706	0.5252640324645689	-0.5274416309049877	-0.09200141549049005	-0.25460597765635146	-0.15240701754006653	0.6880131972193974	-0.41399436692587677	-0.013903644619223044	-0.18427100133157853	-0.4415248463728047	-0.11049264814929273	-0.13801637512960405	-0.011242636420558862	1.0251814466143776	-0.05614574636601472	0.0742659494858037	-0.009319390986672197	-0.11188398127201801	0.2918506628050741	1.1521658400076056	-0.8347556839792488	-0.5177282463903338	-0.4953913314455684	0.03500056716895434	-0.021174233349772115	0.03303834477190119	-0.3775231213376954	0.4410991024187894	0.5266672843215277	0.3135713628607322	-0.7794589128576092	-0.33396493246232006	0.20762359135920033	-0.14159831997350292	-0.12028793881149541	-0.22089235036141355	0.00473813029628582	0.2200071877365003	0.2981832087069265	-0.2133495350004975	-0.02151143471960924	-0.20719216823648853	0.28322775658467303	0.13534464587868417	0.6321795766606557	0.08869253761717098	0.4147368274063678	-0.059415413568847546	-0.156706188682401	0.14931679677177304	-0.1543089350435333	0.030567114560783534	-0.06669083288879137	0.015317570007318572	-0.01206923255176724	0.07198942877342202
DTXSID7041411	-3.4319461477154394	-0.4035378354861787	-2.05540984575277	-0.4282225641074907	-2.2557710795183508	1.3786868118574704	-0.7341897674097723	0.038615528507181356	-1.151140952878732	0.0052279964237047505	0.2357861576316623	-0.5902774385699474	0.5797301705256545	0.6826847013124853	0.612795587291881	-1.6059574305626136	-0.24453332211385093	0.6215964725187152	-0.03066492549985493	-0.9413786790223819	0.08702215677904429	-0.7166351738676684	-1.6043411535076604	1.0073323818625346	-0.10293588258284837	0.3088661069792764	0.3595738624377729	-0.420876043282202	-0.3952383238718304	0.13151288447264237	0.752841280939144	-0.16934669684125309	-0.08786738647086473	-0.4087549129068246	-0.9298279941527366	-0.3903452156153436	0.49658896772927075	0.47528782842718664	-0.05978977666027153	0.3932519181783217	-0.29523096113810465	-0.5228328762707087	-0.5538856016869707	0.7596197217388891	0.09255938340291255	-0.10986523905286548	0.674717178420207	-1.5744525084101961	0.3869022661497654	0.2800495137046066	0.07350867924696047	-0.6569609716829563	-0.9328078260498163	1.5042690507839982	-0.5005439007307328	0.21548404660532616	-1.13153690551357	-0.5555186080022608	0.8411331393831363	-0.23434033022348016	0.27427274980664573	0.024453301199827863	0.41733162667646034	-0.06228532228807769	0.4922732830390321	-0.4896432007307889	-0.4837019678713775	-0.6534654117701018	1.4712232008991157	-0.6220091287457054	0.6582956377699749	0.17123761444692132	-0.14525848034811595	-0.17523509418948316	0.21197919201574122	0.4011473604708879	-0.17596726742573054	-0.027516561793714176	-0.33514606226520693	-0.03359406057695114	-0.11166073161000144	-0.5749317511642216	-0.27366595940912125	-0.21602806721896126	-0.5175607298118015	-0.24052649560717565	-0.5347099010473041	-0.16850306968841336	0.028254524918970382	0.11639407622714018	-0.15159797081667092	0.138043371704161	0.02991569997024832	0.3809075365301995	-0.2731781046785352	0.18539524743248806	-0.40609598420074816	0.363570947182047	0.08785054984864317	-0.16784671180976776
DTXSID0022012	-7.039812930575198	0.028834927690409424	0.6987376715236946	2.830034486902835	-0.8661694948011953	-1.3277011769975338	1.5263505512720896	-0.6439561977235624	0.2877943180404716	0.5008043518589972	2.534851244181964	0.19899618117625467	0.3225271143789041	0.15718560023016911	0.8826961061278515	-0.07319877770654426	1.198443087456369	-1.3494922482193943	1.4762191637499857	-0.6758733074814229	0.1259527754723645	0.6383965416397904	0.659789174477208	0.31223878585981024	-0.015215821756952226	0.39116246655989156	0.03398977019799347	0.04083804666860036	-0.33353410782334414	0.2966997007014387	0.5983829755434904	0.5249601395020757	0.1161431711862829	-0.14854017136753972	0.3886552500445629	-0.04300892972329381	0.12882136833223926	-0.39835885191234854	0.13369148156751642	-0.03864341536380959	0.19348835989542776	0.250671392024818	0.012483458895148165	0.6944925495661416	0.3483070133018552	-0.4711360658389006	-0.29504154812699623	-0.30149585880832475	-0.2532425701213911	-0.4759055252098188	-0.31741233779673006	-0.239924294615617	0.007414486735430006	-0.6684274798285751	-0.509644021543274	-0.16863843249658536	-0.03994264687265665	0.3625082195825517	-0.17284382133692208	0.04637333963717603	-0.057319488691469724	-0.020751583869556778	-0.028757779130230792	0.857840672224504	-0.28571429926094544	-0.536987143310456	-0.2615007128665163	0.6137139225067918	0.3620685427843856	-0.2346051154415467	0.1887105803128932	-0.02641075898749909	0.4883674295376884	0.0821831146734051	-0.25213261185342006	-0.08725653465400653	0.5672279296318627	0.13491574683973426	-0.3054332305213857	-0.3878393485394647	0.3479813331033958	0.05906725360927471	-0.15735780160868468	0.2508843659835733	-0.0014387791276459134	-0.15358769582153936	0.04296408309603966	0.1204292248994138	0.15311438855790097	0.31811748550880836	0.11256363934997615	-0.15724210022951823	0.40374353786583317	0.19119941087219916	0.12352966592896604	-0.15103915836624104	-0.19175593162417168	-0.20067116291095038	-0.012782126418782234	0.1453758866951834
DTXSID0045963	-4.740320679299738	-1.6272589249937994	0.15763189546121764	1.317666386263623	1.4667742673806061	0.8317331528219813	1.139824148466629	0.5117945110804196	1.198195412538469	1.8507378841652922	4.030191900668314	2.037270897016206	0.13551153165473076	0.17406632698313687	0.5588674395455149	0.5035359853610749	3.4546413366429722	-3.254616817357167	1.142404309662329	-0.9480815501409645	0.8131116437379807	-0.8586127424149798	2.714414804994349	-1.2788683757288282	0.3927204185013647	1.0533639878501326	-0.41647052598120027	-0.11553842095138443	-0.8556329116967472	-1.4628810961832694	1.6849685655031854	1.5819619726129668	-0.8393825876131082	0.6500263889371298	2.116153166896336	0.37831073954239636	-0.3912119407295408	-1.5039589589835098	-0.6914415318893202	0.046126960201093074	0.8799017060654434	1.6290984485736157	0.17584848707032844	1.070391624556258	0.7886352973972023	-0.5459095594803459	-1.4630928882925045	-1.0199237777614143	-1.4382188328141847	-0.9642366528532444	-0.556231293982289	0.3837371085434959	-1.6730382215103101	-1.6605545976602927	0.07802435927079994	-1.464338724349303	1.1692798284187575	1.4737959326278842	-0.8750759760971945	-0.5627935117723011	-0.7062812395498935	-1.471378015093621	-0.9313088673184968	2.289421917050298	0.5846358848131871	-0.3552692118265686	0.4065234334040185	1.3686998380113453	1.1026661028091378	-0.4865408654315353	0.3738000191649079	-0.5152600120279888	1.1536298960908833	0.5292979911207624	-0.950444247950401	0.23912752375261345	0.6078459883422518	-0.5678999689965438	0.0840243476245052	-0.5982679817892749	0.4145812918721507	0.6807669821095199	-0.34288071607951787	-0.2408328874020876	1.19042611225951	-0.026153124569819632	0.4915818570323029	-0.028300090313060064	-0.19550830712448375	0.02040196436654704	-0.14143529182684142	-0.07376930702371073	0.3696790832028664	0.07408017249543124	-0.20443810768671614	-0.35337464520914663	0.08632288442427666	-0.04632297021310052	-0.17982588989776713	0.5611662644928167
DTXSID7048611	14.288291594221775	-7.810403315438856	-1.8935597165006202	-2.413509029482448	0.9604434039629722	0.7747554366445226	-0.8297839486299688	5.2612113660584034	2.631243158911415	-7.11226763922761	-1.0830048819848554	-0.27860648353311956	-4.774897437205437	-9.178919004454809	-4.867313184999218	-6.5754702669998135	-4.364040337980359	3.3443917712896054	-0.8349268136577251	-1.287430929961525	5.41191260700424	11.522768220728372	4.0671766028300755	-1.45680574606048	7.881328142419357	-0.5496420981869777	3.737573126169064	0.12161729296299922	-2.8476992564395975	-1.76724732973941	5.321415637059299	9.381162142156409	-3.3690522993245398	-1.2115311112701117	0.3855071877528252	0.7829133867152883	0.7736907310436499	1.382729005751853	5.26591457692102	2.9536091302868925	-0.10387402047457997	3.6426351263284293	-2.8716840867625466	-0.03715910325899303	-1.1914679766843437	-1.6705189779340126	-1.6240850631481591	5.032507916828627	-1.6950878633587405	-0.7887168833601181	6.33966062222153	0.14447557445520362	-3.3894958918799767	2.8688253432493944	0.015328684590243526	-0.13184441377472977	1.908622967976299	0.10855156645791832	-5.15995664246432	-1.4121892899351078	4.422043218377444	5.606451258469681	0.8015987580935062	2.6928683024564117	4.1398581445775395	2.0722265777604956	-0.5717220568271232	-4.2593706770009305	4.669168923627622	0.019677778869658772	-3.001958454359029	-4.454514394372064	-9.593007110601247	9.524053237158238	-4.58262701357188	-7.1849972845031145	4.4505138629103556	6.777725264353936	1.1230688568139966	-1.24678217804343	-1.001632208511326	1.0382165050898051	1.1937931707888774	4.89943802893865	-9.370921402464216	-9.111601848177619	-2.520929799597741	-5.766720173312225	1.6654717612641137	-4.108339172468206	1.492847134921616	-1.0324053727296147	-0.659512392121473	-1.2104582924282166	0.8912226235271896	-0.317645392488019	-0.9265607890985378	-2.4042074001665608	0.369446385708102	1.1438307355322832
DTXSID3049382	-4.54929699615066	3.13135499740325	-3.277789040441472	-2.2209588630056243	2.3783084366740006	-1.0474767005243533	-1.347757049268712	-0.9648947658440674	-1.4585915579112452	1.955710638832329	-0.866940283057495	0.11694904910513326	0.5411390116589485	-0.3506411545039826	-0.906026644978725	-3.1391399482466715	-0.04518014127820095	-2.0164056942339146	0.45585426326297496	-0.31001827336351573	-0.3033167325377889	-0.7414458057838194	0.35513386444777445	0.9491912927691588	-1.4276922227169948	-1.1964402616041692	-0.02984141744406413	1.2564050462051959	0.2880093069348774	-2.7675940192172828	-3.169858630289196	0.11472415195601178	-2.4229090171115653	-1.4009928820410666	3.476569995806819	0.519830350660248	-1.5489194225273177	-1.423661097263469	-0.614410368736711	-0.7940798707645782	0.8462444110229794	0.9059288709052279	0.23240587395851528	0.20774171563042568	-0.4996080809678971	-0.05933190459069201	1.148322073758253	1.3659266430204642	-0.531519016193367	1.0597330980278143	-0.8519485941770863	1.4600522027923868	1.4283033150763267	-0.6644100450283266	-0.14618060092746019	-1.1689568510258868	0.8668408865672093	-0.27277021177779276	-0.48823590440560444	-1.4125576021036244	-0.7601514080981212	0.03971777201368043	-0.15295182090336315	0.360494116340252	-0.5286058454171062	2.474915685403217	-1.2024314228976414	-2.9283377071463406	-1.10159832928418	0.8040339335719765	1.2657599045103902	-0.7512672620696917	-0.10070871642310929	-0.3255668290115521	0.17622995184695003	0.8673202388444823	0.1845491569563669	0.5029448593689434	0.26945237150120765	-1.0778004274083832	0.7136291666631664	-0.6253952067142792	-1.040092476923577	0.3631363932510819	-0.2339261299812356	0.567855205339907	0.10808681208169695	-0.0174413592614818	-0.402304521127461	0.20929698429279076	0.059356754723676	0.6846577623225567	-0.5084972989005098	0.33232740972712016	-0.37024083732361524	0.19915515490345104	-0.44752925420798606	-0.39993377508362454	-0.8220943735263813	0.3427365414615472
DTXSID1041897	-1.30680001186839	-2.399175481264941	-0.8808033291248548	-1.4468292173832247	-1.7042981497540726	-3.328785291245449	2.047192182052908	2.4714200224330836	0.030955125309411875	-0.2633406218205538	-2.872395695351582	-0.9038192559545573	1.0147419209366983	-0.879872408840132	-1.039476287812931	0.7801942938699975	0.19256558478992017	0.09612453307424547	0.0024089347855922602	-0.4519503407856776	1.7096013150173262	0.26496461579529107	-2.733540552243337	-2.7068735129883463	5.132210595398014	2.7034008063344928	2.9870242413655177	1.6551677874269557	0.5193252517711465	-0.5906873427434175	-1.7008476968620818	0.9727256272973898	-0.4458859626807632	-1.390695758250437	0.8851259667386305	0.5637272951534161	-0.7437856867788439	1.481125154462746	-1.19028985265844	0.8820970049364523	2.196292868901938	2.1659166519898534	-3.905099816062266	4.474159774483855	-1.077610988114746	3.6702207020582645	-1.7506106737910516	5.6611150130052525	2.5109615154922236	1.2604743172118034	3.2933635139035866	1.3849384218969745	-1.5872595079232827	-3.8774846949343003	-1.757352937547455	2.3633662823199075	1.5781394597432759	3.2170576683235867	-2.06310452708592	2.1057399442686044	-1.9118660167392436	0.9006749544332884	-1.7267272294401057	2.711009149343464	0.07988490261816657	-0.2523589382246998	-0.7775005923820782	0.22464704283251474	0.49302413020865604	2.01596703399588	0.16139420402785282	2.0244811199329167	1.684051300775848	-0.09337457245693144	-2.1575064262352623	-0.6408186178055005	-0.3005429262542309	0.538614397230235	3.0984002286270216	-0.5105844362936951	-1.5711214509308746	-0.19593041485524823	0.6845396853655421	-1.3911641497274645	0.2269670490855373	-1.2396935175067674	0.8805605412554506	0.9203584603824768	-1.4131209242868954	0.5786935529651501	0.2802780024930036	-0.27554612167558257	-0.6514928972415738	-0.1884619433747237	-0.8450337988168503	-0.026976479635164197	-0.12778964852622288	-1.0362170496299505	0.04917584948583198	1.3893080385431176
DTXSID8020838	-1.668959226635641	-1.7513908657844792	2.766434485390506	-1.9791904400803872	-0.40472890604994816	2.2777214734812525	0.40260932377624814	1.7030109453130122	1.905474420620181	-0.9297194412796348	-0.5033505835289167	1.885857657081619	1.4293630973088522	-0.7307419784286154	0.7807268932611022	-0.8238150257339236	-0.3958061426117111	-1.5134537496246678	-0.9556384792402123	-0.4161177330771612	0.7959682987260592	0.12763850964742657	-0.6780629633327423	1.6122680938870393	-0.8686974892259641	0.5517895495375343	-0.1872500616246407	3.2939551064336245	2.0591956369686844	-1.980111261243551	2.0540342238619926	1.050598178587191	0.18034642755159827	-1.3422780395266591	0.31035403406478407	-1.3472752760390532	-0.8912673012181237	3.3773639094623475	0.3363471402650513	1.0028348521337105	0.12480338144838299	1.0088973621239496	-1.551686665869696	-1.2738465634306082	0.5233419455432425	0.283598046925222	-0.4460755242875939	1.008815206053742	-0.04844492818187405	0.02125311696646097	1.7676784926055158	-0.36073549136414385	0.19833465184950005	1.4910014522301647	1.0484164013841035	-0.8148725852277586	-0.544144421173213	-0.3414731483581815	0.6606772040343034	-0.038913157929286984	-0.3771684346479178	-0.4988502254711534	0.7371052888247983	0.05768508481824647	0.7298528714978547	1.2058944573887211	0.6917840481742922	-0.847377553841503	-0.026927608844285966	-0.8396359458912659	-0.42063176143007974	-0.12355652127003251	0.7218278845785939	-0.7576923118302085	0.7190537654700728	-0.3212715836610835	0.06795576562314934	0.9115566642639021	-0.04790253675917703	0.3084750997978472	0.1661419384842565	0.2405121086051327	0.9836713684725384	0.4291873769936871	0.05002627788586017	-0.07681524869663907	0.3461449414546144	0.1468593217257612	0.026363373208030207	-0.09204683159330579	-0.43369660134552	-0.1690793862413631	-0.005744621579677049	0.11264740051145192	-0.37466920716906876	0.14548051771905246	0.04046926289949863	-0.019187319520618945	0.09947840903887128	0.199015219276617
DTXSID2049210	-3.457672688290877	-0.33666995827983975	3.7516966741274755	-1.7247051669248	0.5433703175763752	2.1376630407151946	0.09178659328289517	-2.512958467246958	0.5895772176093695	-0.4476368354990759	-0.8292155372955122	0.2857449494027771	3.0220320627076944	0.04396732498729692	-0.12925574578654797	0.23803473078966988	-0.7364083412135802	1.5461526637455179	-0.3819433653443276	0.4372850548213679	-0.5799148271097678	0.4042531779991507	-1.9958491462946664	-0.5720058925867654	1.7237042932387667	-0.4039661885661441	-0.6381807010937403	1.2166430464888542	-0.7561055518696433	2.7715950147409747	1.7967317002403578	3.0363323584255886	1.1110456047647725	-2.093371526695904	0.6058656599870511	-2.3860774600455215	0.7155364894135589	-2.4808234114428265	-4.47020452587637	-1.9008954606002855	-1.7173962718553701	3.8135713265855187	1.634436065994888	-3.8436823359124364	-2.067019906374899	3.4391660180515116	-3.845978436579558	-1.6495459397791217	1.590720030531505	2.865882046446277	-0.9149056485309488	1.1772719397138978	-0.3478854122797167	2.554024210109018	-0.5334107244883017	0.9823575397984015	1.395357117454045	-0.29488498926758144	-0.8317131022376766	-2.4598754573605146	-1.259812629293062	-0.31406984114123354	0.5162169389153966	1.105349957106049	-0.2964026790935239	1.1402132501790918	1.2260555320939053	-0.08714618613796953	-0.18871702641308535	-1.1378790506994314	-0.1893112201718591	0.5007364443207999	0.04453362112087264	0.28357775136339297	-0.42850153096579224	-0.06613915517099908	0.8742792983702178	-0.7327308056190511	-0.41051478314755624	0.06511059398414447	-0.5599548362290504	-0.606960574872433	0.11376164366265455	-0.6380353923524357	-0.43595033526285626	-0.3079853971423733	0.23586166341534057	0.36616063363073403	0.9174993064549184	0.19182475670818122	-0.15055088822477025	-0.4834437773879161	-0.20917173477421058	-0.19786707492210334	0.25811473220557263	-0.002382717349957009	-0.19483095913430054	0.510633446739034	-0.13954052604616032	0.17176232567163882
DTXSID4046024	6.512217907459225	-3.4139107627005196	-2.610095432780454	-1.5145362040885906	-0.6886521851851267	-1.2831279535101947	0.4319596288404897	0.49482444849079826	1.1508634025868925	0.1695922105618405	0.7455451209384774	-0.4006867440951657	-0.013529762139346016	0.8257729250710039	-1.0397431099696886	-0.9847791096757174	-0.9046613337770895	0.04034631802693835	0.4110675703806861	1.1193170326078479	-0.9661461570636725	1.0274601649582131	-0.36425551892832114	-0.9435669305439612	1.6967480416751657	0.1084598406407832	-0.9263011667123799	-0.7302388370406909	-0.3904187892597126	-0.7904825445907525	0.06026927772760405	0.4921380742725621	0.5798134176163989	-0.30218014635606677	-0.11984493396852818	-0.9149262496460221	0.5612957342793397	0.8749664653111926	-0.02876204200377238	0.6656648059643027	-0.6954412480377795	-0.7713404847481106	-0.2407335092850198	0.1263086255293338	-0.6653218758090582	-0.15678869619907745	-0.3727749250505072	-0.6882837361693706	-0.4173295936427309	0.47628937026065965	-0.4527648965692905	-0.013743878575102859	0.4162907122817602	-0.3157348448856774	-0.01131863934075576	0.017378688803559635	-0.6018318973581689	0.02941724873483318	0.21505721871867575	-0.195845008564755	0.16172759938658055	0.11267594909967539	0.03709944260724573	-0.018974149619637455	0.15035540782079868	-0.6752250820971931	1.0341956445603993	-0.12861378034817944	0.782175162701794	0.422611637275252	0.53882968972757	0.06300829266922928	0.7232482737584323	1.441054081383894	-1.5441410022111808	0.17068557531237688	-0.04410923883161333	0.26413989486011447	-0.018046153945696367	0.18263731891922846	1.5532937504351383	0.1379101085324203	-1.2166888470849024	-0.9383145412586	0.9558410880233045	1.122310879647832	-0.2184705417315764	0.17268843626550595	2.0532067479921565	-0.36817567366611126	0.035560862515753036	-0.9079154941177027	-0.21343780376214108	0.7333780905988261	-1.1711809739193089	-1.0007360120908664	-0.7568850989242415	0.7867702972510274	-1.966279808897886	-0.7016834471037797
DTXSID6042234	4.615173948890623	3.5417172820537535	-3.1231585724851763	4.97890686133051	3.492725087909292	-2.7398317855186165	1.2142820477680354	1.3935784250140129	-0.944797949275791	-1.129731438970892	-2.6044971057836666	3.5213121992972454	0.40114892281769676	-0.7048631124296572	-2.525579758515114	2.6634981515987306	2.116060947312136	-1.047556231526337	-0.39639065072237334	-2.5605358003610306	-2.8479902584845007	4.343082551221642	1.795949709247529	1.213574956684876	-0.7557462271281001	2.284933608940386	-4.5795692444831335	-2.367679939863092	-1.468324466085967	0.4969991460283962	0.8353644921576076	-3.0097032754384765	0.562684860834325	-0.7418732266528808	1.3072926618285874	0.48742303036683743	-0.48191964015206706	0.5705233994643517	-0.301219026586706	-1.749057105534825	1.129976735005663	-0.44405586318823104	-0.4609445592709693	-0.9115051075466576	0.24111052425506607	1.4374908062889498	-2.721793215174539	1.3717637171547075	2.371411538309014	-1.0444616122612058	-1.5531693398557067	-0.5708671225884445	-1.10788469518454	-0.9203383487236465	-1.00763352133368	-2.0186552936432895	-1.9881837107643687	-0.2220357761992519	0.7042483509562696	1.9006409216005795	-0.9327448413316581	-0.6826245322664412	0.3496162991032017	-1.6257994099671222	1.6297121962274126	1.4554254485292037	1.024857610028176	-1.283768733794475	3.048414672948419	-0.5618187367851201	0.5534592191018947	-1.3545028061295525	1.4706205750599466	-0.1350883475160674	-2.456261942442015	0.4867677214012781	0.658305171615139	-0.6389076714408062	-0.4128259816186786	0.15186722152949472	-0.9902213132905578	-1.4240600685818365	-1.4378203182722038	-0.7289002911609496	-0.7062017536499509	-0.6416845428238154	-1.6707722784655583	0.652210475137488	-0.9817365929996528	0.09801066140313187	1.3815181682456947	1.3076262990033052	0.29965690971307024	0.5865048619176074	0.11370169383370388	0.7676849694724416	0.05341413047993653	0.9370688300934044	0.3147195262770548	0.08517202734345201
DTXSID5020360	-0.17196322397178931	1.3189104073339657	0.3447186369975045	-2.9443409307370847	-1.162816559929198	-1.3243815241692594	0.6644773928155163	1.4047626261321904	-0.5610795762527172	-0.7211532828185793	-0.6786481627011368	-0.8583467786018485	0.7538900527074105	-1.0720844261575038	-0.7226580509626042	-0.8431703208710045	0.8511116048203731	0.456206546735937	1.084260845002212	0.18883302511365282	0.9312702650949489	-0.6319795080889941	0.297892830869165	-0.8393277557906325	0.40874342933583024	0.7213571178766435	-1.5230022244144121	0.05741397581558097	-0.1808260395990135	0.20367333287950304	-0.4460701900222652	-0.4053320034146043	-0.33809573403236265	-0.8779536335077602	-0.6812677727056025	0.2604492367449239	1.0995582664012584	-0.05224249451914303	-0.14585351305631195	-0.36811828625503107	-0.05841697714849523	0.12709145719999332	-0.35053788380932427	0.4336774192832044	-0.5910562608666947	-0.4505042514520887	0.7964447886800267	-0.25992813890914634	-0.9879856028202618	0.5710476295426392	-0.09514043978630572	-0.19795051185844645	0.5984265054976107	-0.028403512129100295	0.2564291809359171	1.0227070972000594	-0.5404912444336838	-1.127778735198495	1.335101771015965	0.5504569663466019	-1.078050961014645	0.5417770350388784	-0.4907372039865472	0.5396206079291084	-0.7307125091150289	-1.2292864358001845	-0.37634488386177417	-0.3195756985881854	0.08842552845844197	0.47125597879279435	0.5328323259446517	0.8464813678755057	-1.286738351958799	0.6712017962537739	0.036076270881382606	0.4368195646724637	-0.7874446653298975	-0.9998201243659517	1.2124980446425904	0.9249678136631109	1.0328807729333993	0.09633266677731075	1.083518419900338	0.027067183404466066	-0.29519533244113105	-0.24646278381773826	0.5714235642843526	0.1654608929228594	0.855701764241725	-0.31380604756158875	0.030820861590809347	-0.21330488456932653	-0.42258001353708324	-0.47719293360844506	-0.20795050982704746	-0.12837486314280333	-0.8719016755363562	-0.14898236306441462	-0.07588080242052973	-0.16401349761743714
DTXSID5049235	5.815851223725626	-4.717846877685055	-5.966062335418319	-1.1649283421566763	-3.1722941243406795	-1.8823479935506036	-4.066506577575945	-1.7956934545518073	1.1901300020075396	-8.703503090243487	-4.670762860713169	4.507156361286755	-7.034372203605941	-11.373528276667173	-2.6496093933269758	-9.165617019040036	-5.452651888743835	4.066182589444226	1.222222175870237	2.200228231462667	2.1478107667571065	11.885169194851596	3.655593532600559	-3.3539298860692135	5.404543114234115	1.6057814341774628	2.2259490259905093	-4.673683102456542	-4.800630892606858	-1.4762032334663155	3.960878196896754	9.907058784087162	-3.961697565298363	6.7887674481329165	2.178101807739804	0.5239750449452856	-1.6539983891962446	6.262882586690042	3.471391879186995	-0.7937530797832791	-7.0018039465474935	8.31285654021156	6.457900810348097	5.374713361802338	-0.6725003089069947	-6.685615374903413	-2.6499099202416216	-1.0616991749391167	-2.2415559732721375	-3.0643512355750704	0.669064744993539	0.1745748856411163	-0.24783749608709152	1.031312677596562	-0.6010532637368783	-1.866049263931525	1.7318730212229096	0.3306072939290136	-3.8790562426121964	-0.285766166926466	3.0702806740267534	5.923716167699334	2.355507949178018	1.2241712238839202	4.970650751677351	4.41501564816036	-0.9861933004523169	-0.7081963335594113	4.1833041012709895	1.174458177959547	-5.402982318344453	-6.203464631751092	-10.109534673793192	6.8606615148163925	-8.493066282731075	-3.179261745255187	3.3088873929112688	5.219656723517546	4.382439741731277	-1.6507797020101371	1.2975179187400543	1.9976029949289345	-0.5704178148577929	6.679859378340739	-9.265857754123719	-7.195853653422792	-3.800758704736791	-7.513950619922113	-2.204499309510369	-2.337749518706623	1.4968381744160766	-3.4677838865984625	-1.0381865363374032	-3.918137245872328	1.8895843653219337	0.40218431800216264	-0.910625229853005	-2.9734905156987126	0.24100670848459832	-1.1915136754035236
DTXSID8044545	15.821902709111109	-0.8575591132079277	-2.3202250247948277	11.820610458734143	-1.9366333397428421	-0.39620903713944117	-1.785980217111765	1.3964387092599695	-0.7962060689641177	-0.9464197785943784	-3.1647187434869912	1.5809462026915104	5.514959105632362	2.0224909215323477	-2.4507874461322356	0.589629662273977	2.926012133680795	-0.8599048127885227	-6.049818121346336	-6.485123509527209	-0.4700826550550167	0.48128661110555543	-0.031913346643567625	2.1955265973874014	0.3691779489599438	-1.4422859952171423	0.26087580852758074	-1.6990954565965852	-1.6264053205872955	0.21470817502086617	-0.9547487377112656	-0.6931931914313131	1.9958362047802698	0.26255178376196403	0.6327868913951085	-4.684515039747021	1.5275004741612412	-0.7055998770564207	-0.7424028656840671	0.9229308230372677	0.8516183247706965	1.4207466017951553	-0.7492522631715269	1.1825148145043096	-1.3957616833630089	1.1211331677741843	2.391611442965792	0.6962526284934434	-2.096582797837429	-1.3932641124987442	1.083319934039808	2.7957358349488146	0.8288915644916909	0.5615062985224796	0.5271226787658561	-0.3184159770513929	-0.03373458424091948	0.4054206591555218	1.0258758616133268	0.7311765711788663	-0.07066932004375064	-0.10659607347769125	-1.2439182516834528	-0.65421207876702	0.8677831189845644	0.11287036360294611	-0.44191696573458844	0.531973981280765	-0.3106598513239618	-0.4747303771546212	0.6556379342631592	-0.2772483390370176	-0.17030963009173103	-0.43933728063606564	0.11246760579757135	-0.5390977831231853	2.4838699047482122	0.5203551523101594	-0.3333759041115073	0.35701787681309977	0.6970153229174121	1.7309019684986602	0.7767549320994166	0.1821888765669658	0.13850784521688664	-0.3441649034721202	-1.46816658538951	1.1786615880313382	0.039242167540683326	-0.03127554881143487	-0.1357964203903559	0.4605721933716054	0.1765464401950641	-0.6499910116544334	0.4069351926034753	-1.1262076245108132	0.2657861337674156	-0.25372825897929835	0.29668029218102604	0.4993280556162357
DTXSID5040708	-4.733228157125997	1.878970739661542	1.14787096552935	-0.6658313442944644	2.1164167830911227	2.3594611298977224	-0.3839556655024671	1.3014531974887709	0.590463480958173	-0.3610864259878095	-1.600733977952283	1.691211715165779	-0.5622634864422924	0.3701542562346628	-0.5624939244197498	0.12134705956899748	-0.3553003678468978	0.8962838031743099	0.7960477144417057	0.0044807559457926876	-0.16638715641504986	0.6625759114459309	-0.4285915884017949	0.12590234194170707	0.4573633604863884	-0.32360103571273036	-0.4461040787055812	0.1773883279443357	-0.26629126203991765	0.3169884708800546	-0.5680713915919661	-0.8463599486836147	0.2238300630366658	-0.6435542160268639	-0.3083079404458571	0.2035671660323979	-0.5908078188033836	-0.10495613600356027	-0.12909256569602143	0.6720297426899954	-0.2890294546466943	-0.6869618110297862	-0.28858184320759406	0.9072293038970447	-0.09191009837966517	-0.22644350246594888	0.11118486359391408	-0.20386485485837139	0.43134048457536056	-0.36533784874934383	0.17598533334343222	0.18395562111711625	0.36016761306276845	0.638741627351686	0.23294363187981204	0.41365582940207835	-0.7071351639814778	-0.02635067634539879	-0.01768968184330812	0.25690061508726114	-0.21892226012904714	0.7974405568064438	0.3519806769109637	-0.02085847973529105	-0.33784175741237554	-0.5485632744655606	-0.08725518709089593	0.050988007603342496	-0.4807183753276995	-0.2289454413682698	0.43241639116560177	0.11020428254366267	-0.05202441274209448	0.22869377021516324	-0.11968485853953793	-0.04213075072220324	0.02714180852757962	0.014493796412567175	-0.2520099914498014	0.025774773247274233	0.2972734224073751	-0.20460919807969977	0.06602444320625223	0.06432868711293178	0.19878737315758638	0.18036791059588	-0.07531899788205683	-0.001128936985045405	0.209790124188611	-0.07329878487331032	-0.06590611465600191	0.03877059575493182	-0.4400473860629216	0.06878061221013176	0.0202388382823588	0.13589402415127935	-0.20334962194264933	0.06941587601587598	0.1655649828273768	-0.08899349099257124
DTXSID2048610	5.431475371227805	-3.2765004632827623	1.4199689443814207	-2.832120793869803	-0.5117699272650861	-1.0616917272206279	1.5616108083220024	1.0675465089100786	1.6923727253762109	-3.075248267520417	0.8072286024288726	0.5626516149077017	0.8077739938259515	0.07693313364833994	3.383781455487412	-1.1319026579739413	1.1933027329551515	4.809244356582758	1.8785458869729705	-0.13466984141681865	-5.770722527893035	-5.707983132532427	5.420438612731617	3.1837187272273444	8.827263345091346	0.07095268336124545	0.7795137561873104	0.9242752672540789	-0.8358813744283502	-0.17521533459865327	-0.980840946468732	-0.19612540415343854	1.3121801042904362	-1.2869705213057328	0.0833754379503374	-1.1826749325645967	-0.8264659183469223	0.9594874722017801	-0.42703680539026295	0.9494659782798033	1.9956857942202004	-0.013409553413581271	-2.491503228173281	2.576291920649845	-0.8881986455924619	0.3199529974374264	-2.241196639109705	1.9204427076464377	2.5472549855344018	1.1355685955849042	0.45298515761940533	0.8367989403170624	-4.1126424644461315	-1.7773546828926863	-0.9293738449431519	0.7598071296404683	1.25388522565849	1.2560362131473666	-1.7347403729269766	0.030361848013298304	0.6447454363471532	-0.19993678478591115	0.46470458797813147	0.463014332490872	-0.5956176231634577	0.47252024514652974	-1.016440316978238	0.06108595929470959	0.27471656940594263	0.07831473426315189	1.248972999718004	0.801258778628548	-0.10625565613063943	0.9781171348116536	0.5769493356234153	-1.255200482657372	-0.9792934834542668	0.4026082235322801	-0.16938101678540787	-0.1153526932494285	-0.35047053045490395	-0.6658642604815741	-0.20109613652800587	-0.7878205833780443	-0.09909089797861119	0.1934159791668157	-0.13572218696504057	0.6164317127196962	-0.5257064855281975	-1.3428924027483655	0.2444424184573998	0.5029253303261414	0.34238354595693327	-0.1704369621566703	0.3751072356458362	-0.6263865365639791	0.3572012020726194	1.0708347329765409	-0.4200334964019484	0.20204422197727356
DTXSID2034091	-7.421882708035226	3.200881079891302	-3.624674740567238	0.30665147499983864	-0.3502269235394992	-0.12802029399221593	0.6117754381763539	-1.3433172017605692	0.02637526354259161	-0.10045231568566669	0.30968032242569393	0.05472632809135733	0.5833447680920373	0.9581121160506155	0.01872982227663191	-0.3586974569791652	-0.25653629810674516	0.5897124577170988	0.5010557076818384	-0.1019035569454131	-0.11949732582994821	0.13609547150510562	-0.7857372652201696	0.08584924957703001	0.24098042330978092	-0.26104010220745727	0.593715240990726	0.23234168360357169	-0.726378940259231	0.12679995569548566	0.4202092547128658	-0.048346830967887056	0.37511877885149614	-0.08415791205208384	-0.24747141751293045	-0.03327693950901765	0.5862000765280397	0.6892414429918077	-0.17702610288697823	0.19967245302689232	-0.010243478952160314	0.02936600714847478	-0.3059369089988579	0.04009865851534391	0.10341924297482964	-0.3399649663149954	0.010792216984178522	-0.36196704846714034	0.5405566378159217	-0.4244773548641783	-0.30927001048985325	-0.5938434158226252	0.015185881571694737	0.4282228344663756	-0.3723764916999464	-0.17962178169450957	-0.291037625335082	-0.5436096138486007	-0.18400552995964953	-0.17335291781692433	0.6744148992158364	-0.015442920237097936	-0.3214505355846894	-0.15850414723175318	0.07236297318220727	-0.38834202257492645	-1.0086735954552766	0.06626643423670864	0.8092605044812221	-0.005675331559254975	-0.3131687744326948	-0.31674699883185786	0.018221359068077404	-0.016193352804611604	-0.113840090150249	0.05524176510318852	-0.2854736359284598	0.2747090643930429	-0.6949064188442862	0.25459117759994465	0.33853123130999696	-0.37682245056205205	0.4079511618768497	-0.031127227964205428	0.08225495672255848	0.062219278562038974	0.1172010776253566	-0.0658462351616885	-0.18515439097394717	-0.3345040155334972	-0.021154287166792757	0.9533478642876343	0.007217247963686023	0.18175689413516	0.013926963904626066	0.3354704324734899	0.3022253119290652	0.16869955182436377	-0.22832910961321476	0.0597813738253102
DTXSID6020646	-9.386610223538336	1.4793780897124655	-0.5860541280339558	0.5337638187397145	-1.523316393789001	-0.13826840084079933	0.940842120611631	-0.07627486213203029	-0.46042665498357943	-0.7631079596300496	-0.7872151183723053	0.3829481004312028	0.2629437504462365	-2.0083948908528555	-1.4630318976876917	-2.1950225498089555	-0.6940843514479919	2.778099138972402	1.0994656819635122	-0.6902274667720961	1.2083792560723128	4.488662395391936	3.023894770483426	-1.3848960900909069	2.0496128395711675	-0.1944413709083529	1.4417334863117597	-0.9878120554981334	-1.5392575975072234	-1.3207691302721125	2.55480427715561	2.738432280611061	-2.4271690911022437	0.2164125897806059	0.13901215050987636	1.0336930781053566	1.894053148430493	-0.12410443461757696	0.4732326784415717	-0.3036155890233923	-0.19307816514542672	2.397734666970972	0.22859205105774155	-0.1723906705143721	0.5013584039759439	-0.3278208929804137	0.7088452499107051	1.984484075233512	-0.1276220466226729	-0.6492474941761924	-0.8525082229518627	-0.4016366163780547	1.5680822052727152	-0.728083803415539	-0.9874749355352814	-0.3680004831938818	-0.42555777495879615	0.1477809380270818	-0.038476614580836614	0.9068664466098282	-0.7885479795411056	-2.8901695091755872	-1.3850763196742606	0.025395877951876325	0.8351621549105188	0.09851787673653067	-1.4836309459846517	0.580662331371016	-2.2319253619947013	-1.4005528371301186	-0.5067826326696282	3.2810432977628516	4.030414217036271	-2.653824672851789	2.713138598718795	1.7140263988192725	-1.4797258958906288	-2.017920456877203	-1.4134152696737763	-0.9348553513836703	-0.8807520029074827	-0.1777157904640998	0.01942056339617761	-1.8706353791641464	1.0670156392036683	1.831964911050646	0.950720049511516	1.604402681530204	0.9766946835145848	-0.04912757799219864	0.2676558625273837	0.08457080371128002	0.11693089513265602	1.0691089701024932	-0.3772697470977762	0.5447170574221852	0.09299090929547445	1.027154006463051	1.0089496111129101	-0.5846339220544097
DTXSID1031096	11.665211380562903	4.982244676528847	2.324380571104527	-5.081062932490385	6.121362357643208	2.1381423322623943	0.6471164054034253	-1.1088540098705657	2.0815562256324545	-0.270328343535794	0.621263637464409	0.9158146452187644	-4.1137324328733404	-0.14903270232632324	1.999450955692239	-0.29870749939782454	-1.0041669694432687	1.122956693717108	0.16347926765019763	0.4129159459334888	-0.24198934995747176	-0.5816647649362051	-1.6847645375064317	-0.291449173623444	0.12906938919852468	0.11596793439363981	0.6129951293762329	-0.8580842043366731	-0.11926098360554875	-0.7199554301149387	-1.1158265053218717	-0.48474319235464053	1.0968530266221403	-1.2538369924952935	1.2679272187641624	-0.33504369226117553	-0.44410968179941634	-1.6743455959326183	0.38195962625849295	0.03107492029506706	0.32133606901687006	-0.4279446036556608	0.3224498162524416	1.001078515685344	0.3614221434422177	-0.5017729800764623	0.336511119330444	-0.08867873197437896	0.7713590266059404	-0.15830728563788737	0.13051753718165277	1.1492736301668038	-0.6058890673904798	-0.7354636966413354	0.7472055740335792	-0.6255517412342962	-0.2878318796449916	-2.443549928773057	-1.0194310198892602	0.45978252147543863	-0.20522214715943135	0.8318774896026978	-1.746498657700443	-1.6544059571573388	0.5508980341501787	-1.5066855655744882	-0.5650450274540005	-0.30754973948781283	0.9921181760236422	-0.5758270360613758	0.4493035269012082	-0.8217934828697988	1.0254083457406888	0.8994958439610317	0.6128511740039186	-0.0732712759991242	0.6738098204129109	-0.4870531209652234	-0.046686380561307285	-1.2412475627109125	0.639769537331329	-0.2252034690106477	-0.6543555552895659	-0.8843243738213771	-0.23348010086347426	-0.049021213385874014	1.4739347327903578	-0.9608614851693101	0.1497609370410777	0.625205383838369	0.5288764558739049	0.3214732658835557	0.556866046568372	-0.7100174452771028	-1.6455758136844105	-0.8360011864460086	2.339533562552116	0.4641440486643645	-0.5064701553728609	-1.979298166035058
DTXSID7029166	-1.3814885199602702	-2.3861033127903313	0.5233043153373362	3.7120693083418126	0.47718344333814633	-1.7740229402545098	-2.008808987551373	-0.9750059687115554	0.32186019835360474	-0.4791637277731753	1.22247051719993	-0.3572515665127347	0.7579606747929098	-3.1646750195348172	-0.39625931057743474	-0.10436755124606038	-1.0895209616971635	-2.012498583965233	0.9699760751487827	2.337948368575501	-0.890801408339896	0.918315352084206	0.30729086112718024	-0.4736512504103428	1.354471439674177	-1.321610157506131	0.5827116622321395	0.049973942589274026	1.3600889245365368	-0.31653614753356424	0.4391970757231736	-0.04673635334947773	0.13177827574430367	-1.1105699022468611	0.031873138122593576	0.7212503156859523	0.1585920395907136	-0.5876340923330937	0.14880464857654457	-0.6381647237055396	0.3953988259971112	-0.7986068471468017	-0.03015658144591614	0.6738069400716729	-0.02539487908237725	-0.9390711904280946	0.3461995856803535	-0.8254005851008015	0.07113711523579909	0.37452396903743423	-0.7215451557851351	0.021039289240978705	0.3560305708981455	0.16318360566996368	-0.1738245674614896	1.223777351694964	0.18195131443483786	-0.8862019726907855	-1.824418394990253	0.031098541226711046	0.410292395748453	0.35444824184579854	-0.27817598247844244	-0.7913379199699605	0.8009806299915714	-0.5706885946356799	0.0014693164412809077	-0.27234028529629706	-0.9908102767815845	1.4070551694525528	-0.1735305093541626	0.2862599787678834	-0.5266934297926886	0.46087447297007733	-0.2924048482522914	-0.4629292595609674	1.521926912311252	-2.2515414676946044	-0.23150640883479134	1.0532084082534712	-1.03541035244104	-0.559725755098058	-0.8907480245023834	-1.563499774002279	-0.1869639219271059	-0.004644026981107613	-1.7548691985827736	-0.371788340447967	-0.16694715108292446	-0.3185260046462753	0.37970355163558484	0.1611364701938992	0.26253672158781954	-0.1106807803227525	0.6883236752099837	0.16202230770951775	-0.4768213902700777	-0.06676081623471239	-0.11161711562945596	0.2460551186456796
DTXSID7047512	-5.60777621613545	-0.4759531935407465	-6.183130241724498	0.4724313466296328	6.275557466564956	-0.7555683483864102	-2.8944337754115974	0.9601705574832529	-3.256419827638505	1.9399322751862358	-0.32625665321166764	0.031041873928811647	2.3527341434371216	0.06889772061993193	2.5680449408439467	-0.4546418746735839	1.6018736490250265	-2.29183475043306	-0.35825433020656383	0.6645620895930453	-0.45411214477912804	0.963729858851435	-1.4257953807799648	2.1325480501342935	0.4725526198560116	-2.357021389130011	0.4405153370054637	0.32326825065421305	-0.020194498762026034	-2.021296536760436	-0.5501925485271401	-0.8283638357972705	-2.354006548136185	-0.14089041090696647	2.03700857904896	1.347884565789705	-0.871869210844941	-0.4975317909771475	-1.792523341768625	-0.9239139893293997	1.8955909970809366	2.6799383023571863	-1.0899585459306622	0.887833590661197	-0.40442115439652293	0.15707915790387766	1.1538042603897325	1.7369762303575718	-2.0300316789717283	3.402335848790551	-0.9964574925799786	0.9867292749662818	2.912920954448003	0.34108268177291157	-0.37241446831389363	-3.1467399919512102	2.0213178543651225	0.8468018615070998	1.92825275699333	-1.7636902163306645	1.6087144700625342	0.22568606508387262	-0.37666977511492766	0.7624997300233022	0.7448204880365075	2.0656620320698207	-0.6323451411214933	-2.774418333437017	1.0648094486575914	-0.3207600922136423	-0.09737728886296758	0.20843261943927094	1.0023554435028392	-1.7298340735462883	-1.0536466150353911	0.4866564343306417	-2.0448886866420697	2.27770469914216	1.086066490446019	-0.48884718404328603	-0.21411801248736081	-1.1301722082400492	0.1974507556159662	1.4904042731026355	-0.313125238055015	0.15265277875062855	0.6955460312089755	1.090581557279059	1.100095390443693	-0.6531200273951976	-2.8471890667535624	-0.9165328672938098	1.6866479593151216	-1.336252048522345	0.9886433318199009	-0.8878500739545363	2.5338257087632465	0.7955242240830673	0.484537537244631	0.835230774483265
DTXSID5036684	-3.2655422617898355	-0.8127406358167121	3.41836574126536	1.7402316396061566	-0.47156747813696287	-0.037977719780306576	0.39467177814657745	-1.9326169861834188	-0.4378029912858754	0.05855745221534759	0.5431051186127165	-0.5176313252763458	1.43019872080237	-0.3221737098300731	-0.8886850520862596	0.686423909082203	0.436098146668396	0.7738919780481932	-0.8817060355859204	-0.21084252105975657	-0.2548715267042287	-0.3272721411082102	-0.212225088866441	-0.2165859342722134	0.5295166507238882	0.2069047831658162	0.3301870323485116	1.2043693180653472	0.2515027545996068	0.48998609801129106	-0.059087957946183496	0.23668139057026005	-0.09777964795274405	0.9692108239194871	0.2584568694309059	0.18563279766519827	0.029032155718998417	0.41559570786835764	-0.1488416892717504	0.8419875064685377	0.1806049565427333	0.7760904695099407	-0.3771060278810774	-0.4806333718738651	0.12055642511004895	0.05868615005985185	0.6462208192243958	-0.1353426304165085	-0.8338393788373291	-0.32681503073121515	0.006183998421190214	0.23794008860570115	0.618020274254716	-0.004164299133114054	-0.28380417897912047	0.5164114282090805	-0.004903445762204331	0.9225009588582067	-0.34910512215691525	-0.37654192154472416	0.30501591595920147	0.44526177546051204	0.07565154836582613	0.4820838977893051	-0.12998826602342017	0.02401014220049958	0.6765368797938311	-0.19971647240382082	-0.08822160633361731	-0.38178043779658366	0.10719381188864122	0.7503726528306586	0.3020756040062946	0.3078629175907327	-0.9469820798441934	-0.07441607901696955	-0.24555648541912573	-0.44241499381896693	-0.5271296114007159	0.003303773505988041	-0.18616248804193777	-0.27455749671388063	-0.04435882922129536	-0.3885678226224254	-0.8883310076604336	-0.10331196570736222	0.5751185708802751	-0.04990146706119499	0.13008885018367367	0.11653876561795246	-0.07019832358018255	0.13117754641343177	0.4047309603054957	0.05272173250274547	-0.23929916030975248	0.49631940857346724	-0.20162054277293504	-0.24029667472621316	0.056762641393728705	-0.07661646771657846
DTXSID4057689	13.39938905707475	4.260209614788739	0.5724141471267871	-0.8170604333448702	0.6494243320606008	1.7063624712229957	-1.5175792982287726	-2.0665682755074637	2.736216883421275	0.5104243186302119	4.881850921936703	-0.5541284258409197	-0.8342890415716279	1.6762299551152329	0.7299178679666933	-0.8242590538047714	0.2324623954725552	1.6469268194861613	-0.8070748292344458	1.9312685460017014	-0.4281651104284683	0.4493022084346062	-0.3245038433072489	-0.713350941767793	1.5698036475041979	-1.215090286442975	0.6987868013539049	1.129713373322202	-0.04448839046642054	-2.71142943642218	-1.289730178892102	-1.1519178993317698	0.8261637238895775	1.838619284606969	0.024400008605802756	-1.0982345802044529	0.7965505593074406	-0.4800622500506469	0.4389388117839773	0.40460007570703066	0.3507464390671524	-0.1875376478069449	-0.3278869304317349	-0.6837952714615403	0.5464124551695811	-0.6919264402359339	-1.2736801764083032	-0.9409751688797559	0.6180484776753341	1.89583858773877	-0.8479608520850325	1.4153050931708757	-0.8254745574979924	-0.6818996179266997	0.0008300455623898265	1.7739067164100928	-1.1850833277826511	-0.5028660284352431	-0.5823515618675573	0.12458809764474787	0.27947465915206543	-0.6337147746341567	-1.735567056446058	-1.5328926744582934	-1.1351493259751286	-0.7227207374516557	-0.7102430219209978	-0.342156168908644	-0.6668420894423877	1.0808495551469777	-1.450519291621034	0.17623057871301123	0.3840402630020271	0.41898027948463	-2.217389509055495	-0.0255864682823588	-0.4927130095008682	0.9648197959990672	-0.5676093175465169	-0.78065643773702	1.0856851414040547	-0.2856342481845485	-0.3270456699315695	0.1611489899653236	-0.3160731499528406	1.3235850750591298	-0.04586902649507902	0.7148895655198664	-0.7149167181809609	0.39937248134406267	0.5544304532495694	0.6372161578588649	-1.0891006231947753	0.16244967579254832	0.12188609848396088	-1.7859765579564928	0.8538061155212019	0.22880305886943889	0.671958873900977	-0.842590494064571
DTXSID7032474	-0.2720646795699509	1.5056690023162072	-0.4704912904934186	-0.08765062790234215	-1.8202454322391417	4.152859559336057	0.06258002023358522	-0.05742852358463954	-1.9512805728632612	-2.4677076621743286	0.5055209651789275	-0.8934816650871407	0.1870856616805953	-1.7682155710640186	1.2380232633559953	0.3395559478975335	0.6245934138041971	1.4860091535269162	1.0738154401231779	-0.47523044801609987	0.7926512041212261	-0.10422328016765721	-0.8217020360302926	0.8859380239570831	-1.6532983984617937	-0.6392681964589391	-1.078965123189081	0.24802616670777433	-0.6904583537115158	1.3430476593569942	-0.8416589476269365	-0.23073750111577115	-1.2144508564483523	-0.22925479362046347	-0.39792693556642705	0.8531031409645249	-0.5406313761026448	0.5226882719417986	0.9980388859073874	-0.46177614260794086	0.562368423217189	-1.148548183265997	-0.7049704087169902	-0.5478834364640156	-0.4410954045719598	-1.4769511002376445	-0.5584576923913673	0.7984722903171395	-0.7511090685765903	1.0809009462410928	0.8091933347615892	0.6311735668871506	-1.4892287015229948	0.2294475446630079	-0.3841718513659763	0.7221394616852451	0.20825298264276065	-1.346044866263674	0.36098325005232357	-1.3133966501174748	-1.742023457166135	-0.4837173516391742	1.693091195930328	0.2309414548951007	0.38586311599022793	-0.6506240894780284	0.7496841025824769	0.3379914082879528	-0.5112999541363568	1.7665805048298726	1.0188381769615469	0.10964148548588007	-0.9608001649519771	-0.8904403225804605	-0.6503610969933383	0.2025704000142697	-0.20061831144478678	0.12162819341762938	0.5704301119321536	0.5701404893639618	-0.3224708003402572	-0.3800656372358979	0.7893909677961002	-0.709365079750271	0.6772322003530942	-0.0315266131026147	0.4264444021728096	0.45001017284270234	0.5318296143095455	0.1205472664493853	0.2888837133028557	0.11431534415929254	0.23417270041185062	0.5864708728422986	0.301297932373554	0.4279515083526985	-0.1762013335229552	-0.02087967133047829	0.03847568755694564	-0.33432091412597553
DTXSID7021233	14.186439408236366	-6.948736805770656	0.05442447464466955	-0.8796375955624279	0.5782830747354585	-1.377339707425312	-5.66760337240423	1.3688260807235408	-1.5146613031155916	5.624699656251638	5.920912881649696	-2.9232194661767164	0.7319855136357064	-1.1477199618965381	0.8057069386145863	-0.16148621627820164	-2.2777079097122237	-1.811098375671823	2.0930049143369636	2.8106077910126928	-3.147751554977114	1.4928631658122489	-0.357734391611404	0.33669419024565483	2.0152254190973093	-0.3265088110033422	2.455300167855188	1.3193619504148977	2.9257113265425123	-3.1423759473692	-1.3411688336016587	-2.9842831577608697	0.21273304857365877	-3.0686095361875765	-0.23805953159653404	2.742703688171462	0.1623596370793947	-1.0609727291706506	0.1044211755549821	-4.5370610441241945	2.8711206414724963	4.339131188849407	1.450811013580789	1.0784688683499617	-3.906009002499614	-0.13309719340148868	2.998135862367409	-2.610652127734685	-0.884443361640334	-0.5820039424321278	3.1550259340145264	-0.8325594240897032	0.027718521343635116	2.6680743764418655	1.7348362822377053	2.032777069402527	1.4113987753169894	-1.273682760119309	-3.106412570457279	-0.2734143987621581	0.7254408259315093	-0.1832410654819704	-1.2099819322471164	-1.093304659543372	4.679239916936832	-0.8669961808470014	-3.0675304300540644	-2.9881779142038196	1.7023323082781663	0.9342150510450813	-2.7005315550475357	0.804692064044129	-0.9628251207504659	-3.6706074361740693	-3.338163505829265	-3.0755714823926312	3.4685389922836065	-3.6287699471552224	-3.195094583469719	0.3585655625866679	-2.0087946666301892	-1.1929274188875407	-0.46940303760780133	-3.90462861348956	3.0496792573666727	0.48262724247865235	-3.3669118661538646	0.5577855677587643	0.8115279517598843	-1.3651524026284656	0.4596232129284723	-1.2523636705027328	-0.6410224524169176	-1.1833201841055718	-0.9033420407744968	-0.7723390741667998	-1.393386604752612	-1.7097347315175169	0.4472203909869112	-0.46427711978145114
DTXSID1041423	-4.560872068521021	3.6271345508995507	-2.980307723183754	-0.07077375171683027	-1.781448619619556	2.0315359144590532	4.289375167521496	-0.6273233816981322	-1.1806685907195007	-0.22804415187443025	-0.17823905146600177	-1.2882834131512497	0.5587004003045073	0.2575743477241275	-0.15664079557393215	1.6966542283518313	-1.6720491185464512	-1.782088622201074	1.0679271094180174	-0.03880426719814104	-1.8489943513571367	0.741544388389575	0.1713907936983382	0.338415092194354	0.279214209712763	0.03748118833316126	-0.0443753252333523	0.9416991508520066	-1.7987759673840586	-0.24233080464911308	0.7595464910451999	1.6156212934791794	0.17403733881382982	-0.1510293823065617	-1.0472316606701084	0.25612383725142307	0.9261467800154638	0.3406722727829454	-0.007761939137576679	0.30747448581696996	-0.8533154961113661	-0.4224139535489824	-0.3812300104369475	0.2891288716300242	0.9954292348883887	-0.035390117141065304	0.8590870203577314	-0.6946368249136851	0.4790720609126135	-1.1695194784138365	-0.5302970939060857	0.46263184971580024	0.3666130013516853	-0.11853689585860484	0.5562480402643644	0.4556921668977966	0.29480487521578697	0.4479779360624004	0.03342957341391661	-0.22607585771366898	-0.942186856446863	0.15319734231672172	-1.039944002952018	-1.975555906915487	-1.6801396849638	1.2736345281402994	-1.1589764164304441	0.05545040198877658	2.282118290587248	1.0627450877108375	-0.041042233634403916	1.0747006851699614	0.21908930400272666	0.27776155129153013	-0.23134110037439093	-0.1731622875345743	0.2367184495932988	0.20879142571208983	-0.17668432754536423	-0.5425739237268017	0.06864437264405103	0.0198881541635982	-0.2355992603895143	-0.3523066665717753	-0.015317354846168838	0.35191342708178913	-0.12557378233436017	-0.09054859510008088	0.21347893337656432	-0.5993950064457089	0.3008843863024855	-0.08273482218263745	0.20011172530870647	-0.30382968305726193	-0.1871293615216744	1.0008192280152948	-0.08086794077732143	-0.22498511312486166	0.46258230687127566	0.27544307507579985
DTXSID0048848	3.7814042150861176	0.21767374886384222	-7.071600381618935	4.223993205485009	-1.1822481344955764	2.161857848817286	3.093781578416165	-3.9657556906873475	0.501326096275111	0.4912863702707949	3.9211930065774987	1.7230231008298944	1.6230122477691364	2.6632371272713318	-3.263002481478625	0.7127594312056279	-2.2937280760853858	-0.7615695795336905	-1.2143912640747205	5.163727963947776	-3.68358226989632	1.8265050851435893	2.1410670174254074	-3.644256448455022	2.632213000901682	0.5702947000920691	-0.5141341174957945	-0.7763658233012986	-1.9235786122901435	-3.991435400686978	-1.5933839694892438	-0.8196723309175533	-1.1081665442328503	1.9566475083913126	-0.7386044660328337	-1.3448965461560023	0.9815797195471334	0.6510821210971586	1.5199907604832001	-0.6718819871994329	-0.6608463591616163	1.3782111158589672	0.01637599596819358	-2.6983936258185146	0.427699264945247	-0.2985967473404566	-1.5748062795719084	0.5173672896746545	1.1273987061380129	1.6091559825132877	-0.2265978606725667	3.612706187019896	-1.8684887984341152	0.12298341157895003	1.05461362373943	-0.9319391147169721	-1.5528271921234615	0.6643154619326503	-0.4978234499369812	0.025790980402681983	0.9718988917678297	0.4154580247289164	-1.3890823129724343	-0.9308089723469171	-1.7320071232509262	0.34932693140441573	-0.2554048379929982	-2.3621400762408435	1.8741622884382811	-1.7463814783683722	0.24376753068338916	2.053704790579903	1.0730382043163875	-0.03932374621624363	-2.0025635557004664	-1.7651277739293634	-1.6066563429388476	1.6447661647502512	2.1335157577360544	1.6770505051691345	0.6872613348999796	0.33770537169919496	-1.719761841195228	-1.1602630832278888	0.29353890104453295	2.4000117791654194	-0.14281443259001772	1.1132175621829425	-0.8757943392561811	-0.4468167460975849	1.5465571684334642	0.6655413083875417	-1.4247100175505518	0.8281905693944289	0.26876513605301905	0.5165587405889662	0.5635843921290279	0.8893088251676288	-0.24495736338900895	-0.6344859785047977
DTXSID7040152	3.1893004602930746	0.089187735812225	-0.14167329148302754	8.66817907358709	0.3266659125612418	-4.4680351411950845	1.2871066246559757	2.1471993958107243	-1.471620369739749	-0.7485343848533166	-0.974607555368361	2.30052637330642	0.7940497859189911	-1.312737174473841	-2.323404618670801	2.3065464560233075	1.809310831405962	-2.5326004403817444	-0.8416130984618224	-2.2190492673022897	-2.831555984382065	4.008551707977692	2.0915055344562785	1.4931942145249173	-1.7205110709665923	1.0493570292557	-3.9349730248261054	-3.1542899308944743	-1.4860526806341543	0.19564905664764132	1.3375020354224938	-2.81568852001172	0.18436256293395195	-1.251799370820279	0.7196126824076141	-0.01758862712062199	-0.28377464955967796	-0.36047660201379367	0.5370238691499302	-1.9335097273006774	1.3852015982258203	0.38573649907655827	-0.20916072803289204	-0.6315947832676122	0.2458567733994106	1.2081416481285447	-3.388771245381844	0.9093138876148056	2.452426481223265	-0.06899465761369289	-2.0892171112694586	0.02185109739046926	-1.6505736111356588	-0.8331311647724305	-0.8544653883534186	-2.188928928470917	-2.1850770779290656	0.7963780180463961	-0.04709268322559059	2.1942826815874628	-0.10326181298860615	0.1436434984871877	0.66093815777421	-2.323917289076491	1.7666731915198965	1.7159174584338681	1.2620283869197002	-1.474578461152378	3.5414859652204296	0.2875710334323879	0.4828547615175914	-0.705075399044252	1.8261634669928446	-0.5861094879734714	-1.523869891247795	-0.25822105567089526	0.45855045613013345	-0.5594519426400639	-0.9277004023262958	-0.3281768685032583	-1.1722278217531021	-1.631779677636761	-1.2219535566826214	-0.759575168875155	-1.093543994910201	-0.41333730015730097	-1.1400861857100475	0.5058786085850671	-0.7780283315955585	0.17891331635876392	1.5919906290674868	1.7384212920906685	0.5841075245465834	0.5991302647189439	0.11943921507638582	0.9494020983610172	0.030825963792100793	0.8483157363248158	0.12728121553009608	-0.07097166814575251
DTXSID5021120	-5.8421389123704754	0.9074952828447019	-0.3864933542612868	-1.0333915389329493	0.1066897047207896	0.026486281956804733	0.4653429212046322	-0.2621444386414078	-0.09031943911381271	-0.1564392139507418	0.10977051576009295	-0.3926890881745435	2.5865838185640926	-0.13665644426262427	0.9739769163191685	-0.18507296443027083	-1.2652752918292165	-0.14057130970183393	-0.8045717419195276	1.9537527432658655	1.6759859058805755	0.7829933966949187	0.7196807332036698	1.5762279861271975	0.36229095072510725	0.787068849181404	-0.6725887234244814	-1.1771226708072862	-0.56059350099468	0.7941954817434125	-0.017662171020037642	0.2453912487685488	0.3355703191617253	-0.1625996129482231	-0.10444734971325928	-0.2874881010333511	-0.13351941604626683	1.0559403110521912	-0.6340381459296601	0.2011327349533596	-0.05118474536650608	-0.6178327599545418	-0.10467698980984393	-0.3502969348485238	0.2606471797340094	0.2215555610130633	-0.43093459846849835	0.011833369223743683	-0.37852245829756964	-0.7253131299292208	0.388171994816112	-1.2240226045685119	0.12537421189525014	-0.16844489709271726	0.679669845265784	0.5776388941031164	-0.23731064522051445	0.07586690757148286	0.04836431339260349	0.5705463849998708	-0.28404837229906915	-0.12972412393145247	0.8845624319333004	0.4342954939719624	0.2671124193290247	-0.25700557653680006	-0.5074357008429913	-0.1946802163994579	-0.09626820316001442	-0.9439609771281692	-0.5957941411337617	0.29214365641908085	-0.5505322450924806	1.0674912163157904	1.072839903316755	-0.875072483052763	0.706184575819327	-1.02184757254268	-0.272337527165052	-1.301114075345265	0.43797283552705785	-0.6812408521786486	0.0792177105302739	1.2749994845079025	0.33271838785160196	0.24919754197502098	0.8342683065124509	0.43741583301061726	-0.14981726255699157	0.3280887532677425	-0.15092183812274673	0.3136169957895702	-0.3868040461425513	0.43574820551199006	0.1748401539881866	1.4196378997203736	0.049029180419050765	0.6540618009781226	-0.23291791744130622	-0.47016201565423227
DTXSID0044369	-6.742891427988392	0.4683785458431221	-1.8474319291872991	-0.4960143538492275	-1.5159785640137107	-0.3884399249464574	2.716364118247665	2.1238565666819693	0.5458772711206611	-0.46092570019525764	-1.0259770234174863	0.2784499817850071	2.3124086808353757	0.3325474505673897	-0.42915632000828424	0.09555816238052699	0.5956536965312601	-0.7481534311479338	0.786884397288769	-0.5730032505051053	0.5678827779205937	-0.15308879654491617	-2.006893341274504	-0.8797988902536423	2.4927736892550127	1.3929356421120753	1.8896899592000524	0.8126069079938422	-0.502405337801223	-0.7483291429625555	-1.1830188961926367	1.2280372792310632	-0.9484917026639822	0.02066065312938248	0.23737914492582846	0.16054645663656467	-0.45995859229040714	1.0320070254069869	-0.8274237338506915	0.6494244934100709	0.9671281117252675	0.8485119479638153	-2.35381893874171	1.9249265652094585	-0.021508820385045934	1.7733319572952597	-1.4685545465118455	2.944497049621876	0.6234978202883468	1.0120540710975023	1.8537999222208303	0.12003343502108846	-1.099385710682806	-1.8377912402297214	-1.171952970634137	1.2250970484508117	0.0233725162557926	1.256347306512169	-1.043270245793366	0.9514482242419109	-1.0602650808032623	-0.4173798571657531	-0.33076166572667065	1.0456361674828918	1.0427386047756024	0.19025950546834386	-0.14975013243138524	0.08132569318708938	0.2153023852741035	0.5701652350184232	-0.07526832586620218	1.0893991991345167	0.7261855767695821	-0.24289875431530045	-0.0018023875338575232	-1.0641336582370677	0.15834945811781992	1.0680733989298519	-0.01817063447086428	-0.21966679051784074	-0.47890243765167256	0.08884743968000831	0.7811359656004698	-0.2588934609646889	-0.25528068935538695	-0.07104627348248754	-0.4193236787074115	0.2955167815879818	0.15767209034064814	-0.198289241288147	-0.13912816716115167	0.00040616799849422006	-0.2969614998710315	-0.1623063560420945	-0.08436579453593174	-0.18645183539838323	0.14632811957122108	-0.5399747622333108	0.007826879274105152	0.33757933937742374
DTXSID3040271	-5.8053540837712605	0.3931922774452976	1.5019210203372968	-1.7801705510789727	-2.0575235199715216	-0.6426945165013116	1.9079974003075038	0.45473099927430494	0.4363529860104892	-0.4720483787248647	-1.2103547491679074	-0.18995272709543023	2.7457213604719892	-0.436172015760195	-0.18794813560124105	-0.402384703722871	-0.7712300352942775	0.6200864772999652	0.5361510410475859	-0.10081734296051677	0.30497909772056553	0.053276890955262286	-1.4752047123946535	-1.5558567419511544	1.9892559533748235	1.60813063302531	1.5479612386940687	-0.5631306406077154	-0.5020029943113423	-1.2062096519843681	-0.6331305704964607	0.5060167444758191	-0.542565978425376	-1.3340954314403333	-0.8021904761853778	0.6896992635718481	0.12727476308285937	1.7758157790712272	-1.575166575623994	0.34579818646636445	1.027489554052922	0.182831711989296	-2.3825009701981283	2.1744152088645765	-0.38195792964351	1.7330152749695356	-1.4886118227800815	2.8031143843410096	1.5845853911381165	1.0580728798221282	0.6324365590040051	0.1665490177815757	-1.6386585706504082	-1.834571984199045	-1.117078532346924	1.4218964736501585	0.8760683445785086	0.40255110725158316	-0.46185652639770847	1.0800502014919455	-0.7446019837924573	-0.01421862666686549	0.3317425628019086	0.4327851898215368	0.06202864253039195	-0.37402101419029204	-0.7834893096246879	0.4180863859581283	0.1365098665630436	0.7722138332646086	0.2715133506598109	0.6564576292590675	-0.7184729879552937	0.14870938977072173	-0.11451467410035727	-0.3702551969979752	-0.8695388172156789	0.05259049441674613	0.5985237298329165	0.14582584568803036	-0.34417923838218134	0.04165405034568773	-0.02601047974006329	-0.08341802968618947	-0.1539446056927068	0.24793241145476108	0.09757413856804784	0.319912902933735	0.3658891825998445	-0.7076109413280676	-0.03134168963537538	0.05779370603905984	0.02050265930142199	-0.10790242499901191	-0.06685507052169339	-0.3295357391303769	0.05337311727560481	-0.649728176245567	-0.31628528051143073	0.2871529296577904
DTXSID4047672	14.755858715552078	-8.633086677770045	-5.519325429850072	0.10078277307698574	-2.117797229970446	2.635193593025744	-6.565158530066255	-5.007158356488007	-0.26450097560137503	-3.036030982827163	-3.5075526408802844	4.132090710797899	-4.771231289837592	-5.245548395658986	1.049579625827691	-4.295726623892218	-2.3672887791126573	-3.095536214569571	-1.6257048455462275	2.2881763129248243	-0.9944949166533434	-2.452113483079983	-1.402140341101435	0.19615072109982654	-0.7364148186424172	2.4279281188443873	-0.14749695897191412	1.2648091155243173	0.7103206191262921	2.6660759014488002	-0.7287792981472777	1.1094445548656713	0.9712274584431155	1.376930184808333	-0.35311847036337535	0.4891331176593046	1.8834149276715317	0.407563704262476	-0.26726465585774156	1.205402837300224	0.7953990984092051	-0.15321022245848034	-1.6591889482392923	1.7908908950286648	0.09766876776643699	1.9690366414894966	1.3062764855801896	-1.612824430017313	0.9013939189358668	0.7918783266704197	-3.461093847907955	-0.7225246873392458	1.6062866968805243	0.9487795199623359	-0.1660833814611085	0.8402390698990142	-0.9614989611169762	0.9593908209388868	-0.24838041560699298	-0.16613871297773922	-1.7133830260743583	-0.015980378513791086	0.33206187894274647	-0.41826206236366237	0.9828700501957841	-1.4561870649700768	-0.9413708482425355	1.2502335570195309	0.20615242571771664	1.3392873420133153	-1.553835513458917	-0.9811506246239499	1.4224904588155816	-2.3220142438553486	-1.0657554337765625	-0.9921224036461791	0.44588511076325926	1.0600385489998878	-0.7585789723411729	-0.3669156888694385	1.0735557469214347	-0.06044664976232733	-1.943174827737297	0.42218089112878043	0.535993891219043	-2.4926562463693536	0.22390726013480292	-1.0045205428807626	-0.5293440411503124	0.7076388142624297	0.8605129939943675	-0.04147437516373825	-0.40896847642534445	-0.7670221283404842	0.13737198599512832	-0.562995066347893	0.20408021250475328	-0.2442322684559959	0.39184026034282227	-0.19065157427004345
DTXSID7043873	-5.068787087606687	0.5648212151505148	0.8871585708430042	4.591029958900546	0.04302252048302077	-1.265760109124318	0.14485238616196788	1.1234609281489132	-0.5895476385529432	-0.3430139106666418	-0.13969199136204435	0.8597610572676437	0.19161311144612375	0.34211398637977436	-0.5502403529237918	1.0052405104910456	0.27443337608600543	-0.06994956730522675	0.02033113971593751	-0.6161616082580925	-0.8379159433096892	1.4512948755617627	0.04679797703025115	1.1019783317830956	-0.29083037952401913	-0.4902060971515274	-0.912554947381199	-1.0183704645710758	-0.5085759835563315	0.3254735343071696	0.046089174161939445	0.04164712914111883	0.1905409035394808	-0.5815790056034298	0.24300991191920937	0.02786453569083967	0.05254325034695976	0.12549778552601945	0.6083604357661697	-0.24651045126155524	-0.14452751190723453	-0.6798109005710947	-0.20747893522154695	0.2873753305947752	0.06641661574439843	-0.29866874861222176	-0.7785933718623972	0.8484219051116043	0.5510202351047748	0.1887589686992261	-0.19553915501524655	-0.10585221943379679	0.4452722245685992	-0.20286901063063345	-0.5660730967267774	-0.02811510584709419	-0.7311009647971234	0.4057055817505183	0.2585934061361872	0.13986448346333433	-0.4048901873206792	-0.0025654021555224014	0.24595933015504537	0.07823066687395107	0.3768393427412516	0.18217955525637117	0.8870580121164825	-0.15213378645429396	0.46353247640797685	0.48082772282144115	-0.1384337851351047	-1.1098932723182675	0.5585762997733127	-0.05219748951803824	-0.45109323620625397	0.00327486502689664	0.29017085398246756	-1.000400216900546	-0.26401388235940665	0.020735867109347005	-0.3476593975370432	-0.538015500059801	-0.10759369273740886	-0.23803027980079028	0.019588200548477923	-0.5149364197707798	0.07951727613333694	0.3173021595975108	0.28152334406180335	0.23055876591907856	0.7162157280277561	0.09683712235572246	0.4093493287199637	0.06409066547534083	-0.5289462896933018	0.28382838949676653	-0.3756142654216656	0.14426276142695135	-0.5357555601214116	0.3265224075856446
DTXSID4025404	-0.7713217088473561	0.22965854055580698	4.27230039804501	-3.6388314773324812	1.9098507727485772	-0.17296866138948894	0.0822845741714268	-1.4987548257970438	0.8004978801782043	-0.6734983209386803	-2.4101564368740265	2.071705683180692	-0.18857900551712567	-0.10998449658868152	3.0079276852652344	1.3244414295753044	-1.7007374901335688	0.397995071211938	-1.6746582684793776	-1.6924772150326257	0.9550713101694148	0.7058670854464937	1.7926172388236707	-2.709921830238176	-0.08955819694637993	-1.3842592958465025	-0.46977925272703075	1.1044782367812898	0.04096092604156172	-0.03256693375910708	-0.24380425864595243	-0.8619451165801119	0.31129397195572545	-0.3522313281193091	-0.041988686486158854	1.3973991344645567	-1.4451354958636409	-0.4009033714172957	-0.7473080373601093	-0.24379702661242791	0.006567989410525458	-0.9839000366971289	-0.3641181563912854	0.33593799643316696	0.10840620585148167	0.24429907745960477	0.6928810503719433	-1.506867169256193	-0.32768982826462195	0.09345638164052097	1.1012845790413976	-0.3495940926529355	-0.8888660550059689	0.40067823822492576	-0.785524943099641	-0.09301632756629748	-0.739285255002799	-0.06023082104112644	0.29035323880859915	0.468466594339307	-0.4361588016445629	1.7539261892722462	0.5438027674670477	0.20255281184184679	-0.4851575661050619	0.2514532251784634	0.33567951154226905	-0.5489532302471758	-0.6180680654287741	-0.04470363026196612	-0.3518628182630511	0.4887989242585669	-0.32702995482420655	0.10724687229494911	0.420883822833915	-0.28941527587158505	-0.27410102780620715	-0.19395698856330468	-0.12099154859877366	0.655974827396788	0.10484039490257133	-0.5026254743278314	0.142980213339183	0.01697135333822001	0.11523020895588552	0.24393791935294595	0.08568827686197782	0.11528223423985301	0.8731056695566547	0.4811920208047219	-0.046543974426821816	-0.09173838015621605	-0.4306022127068214	0.418558588784732	-0.05078559209966045	0.6586235196110177	0.16670738778390043	0.2665087907819262	-0.097359010299299	-0.03755559330201591
DTXSID4024931	-4.858619363263301	3.9147765016648424	-2.0703735962314305	-1.1261077932574872	5.231753009354057	0.7284516951885106	0.7898335004185757	-0.2573133236879032	-0.7268146851681716	-1.1148836331164378	-1.7473142001476534	1.4900429928132752	-0.7797802638772539	-1.41696568226558	0.06875166389346142	0.8730126208350114	0.7441089927472665	0.8419954870253766	0.13933454436549741	0.15812995679361916	0.18982433659281958	-0.5099311960337914	-0.1698840932005005	-0.6681779575250424	-0.22767303610901302	0.2592584102306752	-0.7002094267244149	0.46233345771596585	-0.38299415634446893	0.050815805664470574	0.2387781913003059	-0.559576672050538	0.07295741877524999	-0.03410379004916886	0.2784829859374133	0.5721505407719003	-0.05548920102977008	-0.3547731731779629	0.11467186344710989	-0.06433944037201923	0.3505125463992795	-0.007367450185833038	-0.5845766322110985	0.19803522440761523	0.14532530337274285	-0.6961854637565045	0.3252187597177702	0.08684798326316659	-0.18977262942309062	-0.11206169159877898	0.007919365071786127	0.17537248754059856	-0.20689208535177722	0.12671629572195514	-0.07783634899221209	-0.11443768599956712	-0.32789054375947174	0.0019950543001528097	-0.47596589128081124	-0.18100071807845122	-0.469732797271658	0.644870755363672	-0.17979428212442652	-0.08106569155438172	0.5919556562653956	-0.6517646569273863	0.5393999517201971	0.5154639571412074	-0.22988621253279382	0.23454087328650955	0.07501350628223766	0.567316468315935	-0.41814237554217615	-0.08657581948148196	0.6035354272329928	0.12437713898967286	-0.0667737162496987	-0.26337620072502155	-0.1841582601653267	-0.01101340535625948	0.3076255872155603	0.39852220957508744	0.19387013796299893	0.050351531241587526	-0.4748557529036806	-0.1265132603535287	-0.05995460322385619	0.3023574680655413	-0.28627309039641985	-0.1534767463118259	-0.06467096950855977	-0.3472591130189007	-0.36722721357852783	0.17472603257385033	-0.8292833532529896	-0.21126227718051985	0.11939950157238308	-0.29270605488787044	0.037565338330976875	0.2689171566505236
DTXSID6023608	2.380291608194283	-5.3332042438981935	-2.344581269888491	2.3980697745763893	-1.3302779544852739	1.9892602988706578	0.7524384794364313	5.47704539244986	2.7174494162967275	-3.395180716470036	0.10999783007534775	1.0309675505832916	-3.9924282598979968	-3.811041176921961	-2.4881840161825264	-3.3127452421259016	0.630211643656716	1.9594391362238286	1.0606010624116595	-0.7035385073906726	2.2052749769323414	4.92837272066188	4.237789294734846	-3.2933560653764933	3.7687224378866424	-0.916615957245008	1.4094819281544966	-2.408521847882107	-2.7459093591271935	-1.2273292920396839	2.3462795252362674	3.853514789601481	-2.3572637317682763	-1.169812006088926	0.7355962972169814	0.7886849471835998	0.47483130481582175	-1.8579293605305802	1.6738128895448934	0.7278234878960668	0.04326212266225824	1.039848975042258	0.8718747666230797	0.807026480863568	-0.4621041377022674	-2.346634473910449	-0.5634232537469201	-0.5933233532552145	-1.7869782238570788	-0.6322295376350511	0.6339899095726139	-1.3475572001965408	-0.28478600185033554	1.4446179491637863	2.52085343596813	-1.694792055223065	1.9235723729338063	1.9664553726510965	-2.4368750233853	-0.252999832405634	1.196637866968379	4.0779417711780885	1.0533140087919601	2.4642247807107966	1.8941215478351567	-0.7184193342114574	0.5597101816341075	-1.1304877407125358	1.8755737029576758	0.6873257860691706	-1.6799967040591375	-2.7627729663743748	-3.9153171583893163	4.626590756804272	-3.3397001073469488	-1.9329983820925298	2.921767587926524	3.4400177519113178	2.0994963016679478	-0.7433464806225473	-0.11024386326890914	0.4362161121734292	-0.24730710355408408	4.443380615352134	-4.735660537328235	-3.4102482753334105	0.2569246753330603	-1.1427759889584526	0.33381403442610336	-0.6289064288679063	0.8928222334783293	-0.9985173694467996	-0.4425731961084403	-0.6437750616527222	1.1577617967997902	0.19737375572460747	-1.0602343412884982	-2.098001351628115	0.2004771985969698	0.031214474840891217
DTXSID5057836	12.898215997084126	0.7060479943269379	-1.0655458218850398	12.197334427231286	-2.656243067666003	-1.0492511480765288	-1.445062817288979	-0.22185234484234737	-0.5096647200928784	-1.803000400249203	-3.102380984966413	1.4963052581377994	5.700045779656246	1.4519736233014882	-2.6096590879419916	0.6386766485073696	2.1364759053702844	0.07047105079929923	-5.6061568474087204	-5.8086485823869305	-1.0629254162608484	1.4048116417801697	0.8631282730726283	1.2521538186312893	-0.6388112458594343	-1.7511117088578074	0.10655958484764302	-2.0872062759956806	-1.840471234674459	0.9083742513310533	-1.1772358293494343	-1.3351145338677728	2.8459843332838677	-0.19686825891608264	0.6113295777988962	-4.36954213150153	1.5025680873321638	0.04877658927901966	-0.9125193338228753	0.780392680726606	1.0292909067780593	1.1682341013020396	-0.8149487471294105	0.854590399899075	-1.639053982624948	0.6703027201558079	1.6820819476626447	0.7273243722435447	-1.1253606808813756	-2.0063008032401783	0.14122654623210598	2.472800568785719	0.7275333521351363	0.30559576189103954	0.7006093563140046	-0.4525809007079059	1.0767980903933767	1.0150306855100173	-0.248811905178714	0.36133640987789506	0.45742453761713814	0.19458005979902962	-1.148923848176661	-0.5234504051119062	0.12003621468905189	0.29778039127950956	-0.45025440489466323	0.8738980511306039	-0.5913887643854465	-0.11914811318722339	0.7881349795128999	0.06003637540793849	-0.834360241487805	-0.48534262371642223	-0.14502207002866727	-0.4094824216710484	1.1082479359704855	-0.05084607626062046	0.0799882913891497	0.12415582069389833	0.558233466547881	1.182032688226675	0.21794571815019667	0.750908926412305	0.35244961079460246	0.21653279708661505	-1.2336114977979589	1.172091953859236	0.36836972672108825	-0.29491999882297576	0.033709703118661706	0.3782218813986088	-0.11679837748483234	-0.07460395299743118	0.14389496510976701	-0.6733973945281765	0.3996371902146507	-0.2188576630394743	0.17020440726343716	0.31618501662761733
DTXSID0045254	9.078102470188846	11.050300866291403	1.1161385612280614	1.457829293446364	-3.115822786401664	-0.047364768234381086	-2.8196291656566626	0.7967121506998396	0.045197263055567774	0.09523517434208696	0.5832283763050223	-0.6317971432768262	1.1052360061475597	0.715028703122769	-0.6350758384120634	0.3073039447928147	1.3031946916134167	0.5476748180744873	-1.4567988136884609	-0.3442170481319164	0.3273477142636426	-0.7078556693383263	-0.20610855926650307	-0.41666095778615414	0.3507644000015344	-0.025795495348058674	0.9315266518634785	1.4762360837647686	0.22418660048971814	0.1087334283455846	-0.34564169937498235	-0.1277456555749118	0.035993835504805845	0.9811055734466368	0.07146453539560718	-0.19869264169065506	-0.06424857203770308	0.26425828574559557	-0.4836934472068211	2.129734586316713	0.6346499410141414	0.36018100758809807	-0.47997121754627314	-0.2857370992027615	0.017331688521463204	-0.5525212216875361	-0.7452896549453288	-0.3161965604202579	-1.329011998979315	-0.40817547706910823	-0.8067852955449063	-0.03933367600215323	0.27438229348218646	0.2971499412084397	0.0484426683827277	0.3837647242300368	1.4388224551842073	-0.7669662831523649	0.7013173263541865	0.5566309286827572	-0.28338759659458623	0.5541200001916415	-0.19229684799228838	-0.0446729357662113	0.16856446565197344	0.35424891268896475	-0.18732793571882092	0.3125067164324937	-0.4425430606195786	-0.34372710375321935	-0.7498835167720306	0.04673313361592867	-0.28551527949715716	0.0010032488597499125	-0.5931916879446318	1.0496190863000536	-0.13055625027531353	-0.2111914227269359	-0.07656468154045673	-0.23440034685503205	-0.4445942484630003	-0.1693794982745935	0.22806373952984085	-0.2510363318113475	-1.433361166328961	-0.2451899834411218	-0.32115312274656804	0.08728334253311233	-0.13899335513825664	-0.06791143437643896	0.13027570064933477	0.356149959402954	0.5615835596527957	-0.003259499164552594	-0.3047131585860446	0.884712774029906	0.16996171856217293	0.1862948861157807	0.3145215127162054	-0.0974894409763728
DTXSID7020007	4.784125380404669	0.45331356285037977	-3.060595151723696	2.107592093331112	-2.270383963375428	4.76925392511993	-0.9173479011039819	-1.227343076783298	-1.7967394693507959	-4.693755091925195	-1.635683449612482	-1.8955593285306873	-2.542509985146481	-5.501458744367341	-2.2847100810452914	-3.8252788625263796	-0.8561622314412203	4.995466805958975	-0.10377519929348154	-1.5413680638738083	2.0320762646607453	5.59496729719192	2.3733639168204914	-1.0814025662515918	3.3238058654903972	-1.124164331250195	0.7093484828392551	-1.1588132655450063	-1.4746062045760417	-0.34235438899462906	1.30311726750542	3.698106681129349	-1.6087640102447553	1.3337550677397727	1.1229379172730658	0.8546786209198151	0.09216621809903641	-0.7420114509478128	1.3568610085309145	1.6158442494178964	0.8027423578394205	0.4795748095509039	-0.20524857440672595	-1.4278222524087967	-0.663748232192567	-2.7639687798433688	-0.5392417102626412	-0.10745822855392821	-4.303699134363944	-0.5900674831598014	1.606990588695363	-0.04373757678145918	-1.469268150970079	0.9946581327849381	0.47581967831729577	-0.4338011247828161	2.575348826691747	-0.3868197452059582	-4.012629799998137	-1.4835382662500967	0.913030359532898	4.464363266431981	1.5737856356924058	1.189443414066368	0.5064411982672393	-0.47602194998452957	0.9048382517478852	-1.3141918314426404	2.5821585384599195	0.6687557901360848	-1.356719454834482	-2.941974624678534	-5.801446239520947	3.3550622083015385	-2.5099176914473587	-1.4638405003994146	1.6697984445565657	2.2776436723228017	2.7607100594591967	0.13079021384938988	-0.03434015894852182	-0.17969599486937587	0.4275721842896325	3.0855182663976297	-3.184407181769855	-4.200604186292474	-0.004094981655964714	-1.6684032229429266	0.8198547397345946	-1.1747597182207978	1.3150972426902143	-0.7901111016780349	0.049538285763154596	-0.578396088463491	1.2407026201462061	0.3174496932149731	-0.5609293692288705	-1.316044627697656	0.21566868380330007	-0.39762278198065004
DTXSID8025967	-5.826948253373748	3.392969066264907	-2.8251261011383675	1.4766836873572975	1.0718595530192028	-0.881502016239539	0.7764414587048903	-0.012977802089190386	0.3675468753576188	-0.313518463657959	0.6866234841450791	1.7084597190336541	0.4904270099589255	0.42515578213426874	-0.6121589351029655	-0.035702115272167344	0.03853474332655369	0.4001508303017492	-0.21031747839727075	-0.707070983986007	-1.2869523400105831	0.8456588828240684	0.3344632520230406	0.8735028927178132	-1.4133242368438603	0.39328675311709915	-0.2765605979646589	-1.1239182678604263	-0.20790273486820365	0.09865416568034131	1.2843128631248073	-0.20708942282467319	-0.5346008126835584	-0.36021556810252187	0.4535122217052579	0.5060574866893771	0.5596036072793581	0.7542734585566667	-0.18549873295489674	-1.1008949568789022	0.5069901217082864	-0.6684957063744646	-0.31886784396414136	-0.2347483476806303	0.6933580561464867	0.03602018140936642	-0.6184388919136631	0.7288603716862174	0.6207601675693286	-0.11508858758313231	-0.556007450174192	-0.7369307341316744	-0.3053695776946182	-0.9855968752883374	-0.9364660756475142	-0.6539250200147247	-0.4868208237803377	-0.5779540722092679	-0.128486680305056	-0.01702935770234242	-0.6495663350370641	0.040915277910788785	0.18065071317495132	0.19438199016376476	0.7003740575155901	0.6733680386381979	0.8470467002651543	-0.11608411096432261	0.4131282978896543	1.09329668379371	-1.062668839039215	-0.6209076747173572	0.5864744914243708	-0.8310552809701008	-0.3978910466302664	-0.06431750904388855	0.6141477916710083	-0.4552485532688639	-0.5224745206325703	-0.3990582162024084	-0.006905967141322936	0.21541472269020817	0.7792135029266694	0.046909188177621734	-0.14890828526216104	-0.2987777446005649	0.06582005142675607	-0.0346732195886221	-0.3545097136201726	-0.3938800839520477	-0.5300265125435415	0.7600066581556443	0.20002268698834785	-0.11401611195545974	0.056415093248803366	0.6655593426757754	0.0745007523793045	-0.10029361769770632	-0.3416319738689876	0.4743560079465158
DTXSID8046321	-2.1922588901054567	0.8202217881888972	-2.5023244321330114	-0.46996780454738796	-1.786634467699871	0.3045789437003735	2.7767238949910142	4.583587062339431	0.6066163799080445	-0.448829678415412	-0.43006482385116007	0.6105750944139807	-0.024992928505511797	1.3161557389576284	-1.6190248465137271	-0.6192083062297734	-0.5715743714447128	-0.7630066599205203	1.4698731042449118	0.07925229559595218	-0.8852649300619985	0.29646421428313313	-1.0118481012830653	-0.18974695056225974	1.9520045014317802	0.7290616369448806	0.11896836964727686	-0.7159678229742377	-0.022161838136961386	0.3041139875323794	-0.4588684497462795	0.4203466746182588	-0.3825212722542302	0.5429368653169417	-0.36954331443755684	-0.6264716974837455	0.2220340763734934	0.3739082101924456	-0.6817166842589553	-0.12497604892155127	-1.0125466237803356	-0.5674978800519264	0.36135988094091154	0.059291534099546586	-0.200354965907168	0.6007318148224344	0.6947684570779498	0.26490717036798617	-1.4315949165792219	-0.7700086943462423	0.9260596897849619	-0.7136134556601109	0.8402685028910137	-0.33082987817276377	-0.17158238433651696	0.9139910595636508	-1.2052005457563113	-1.632199734788176	1.5690789675953507	0.6505197919743033	-0.5795843930674582	0.019020185609054656	-0.8279539157756003	0.011053842883991511	-0.538800033225517	-0.39532761704483566	0.09464990010821822	-0.6184301775136629	0.23256808427739373	-0.38157209756819677	1.112039926570499	-0.5005143591432992	-0.27814828161021843	1.1922179016359016	0.14794282679737716	0.05470172177440707	0.2842738330508099	0.34930478264721926	0.529792544920095	-0.47506856645770196	-0.47305413120877665	0.27421432392851924	0.242325329920444	-0.6343303237713106	-0.1420448360134508	0.47686803569582853	0.5999479199456934	-0.264346265089651	0.9805411648328941	-0.17291385789872987	0.4794718864898389	-0.5204154898279084	-0.11884089365048309	0.48184538554223233	-1.1217405357149424	-1.0613269550225526	-0.6747779619140378	0.16940214722124136	-0.5030571869883951	0.12064801287703064
DTXSID0023294	38.00744204782784	7.485646718757299	-1.9885733706949413	6.4145610672458755	1.1934524777286135	-3.0024968226910365	3.371845765303389	4.798568088176578	-1.9155412881102107	6.114699944323911	1.0534510115137732	5.427625463162166	-2.5509186465746008	0.7530448825202312	-2.4832568872182317	3.061122451967971	-0.21530854418383774	-4.256459733410466	1.276747670899652	2.869153054947588	-5.419648856343046	6.456149302562674	5.197873484591743	-0.3216704690552134	-0.6601313846388669	3.088292516400228	-5.973169926904459	-4.270255480896977	-0.8708241618570218	-1.302878742500442	0.36532120529963874	-5.17859659594647	-2.9276050812555625	-1.1714969510228468	3.0724082544519327	-1.8147159312422265	0.02171524229876827	1.1233119160616782	3.8665429184895874	-0.3908348892990557	-2.650677298748711	2.5018579529960823	-1.475998444604007	0.07812644396353272	2.4546698093166848	6.0224397176163205	-4.062365535292095	0.944565332098196	2.807660309493611	3.612965867841073	-1.9370439705493445	-1.800481682255283	-4.105138251291019	-2.8714142617354574	-0.42244781912351526	-4.961309294710599	0.5532780277731754	-4.207262318076427	1.0658937669813342	0.9117253790933202	-1.9572429750104359	-1.7893178792708917	-1.1110153321992586	-1.6507411369545566	0.19387539772122936	-1.4776535651679785	3.108481584992743	-2.7087072314895164	0.5854310207958247	-0.6891941128130636	-1.4054206673249547	0.09690080398842117	1.7656999784809724	-1.5451367477813525	-4.172844899758484	-0.20988385154750544	1.7861343327380408	0.8855745036155406	0.31753448394675804	-1.7947769560251647	0.9129317984927553	-0.5513173029409679	-1.978445584878836	-3.077490235420343	-0.9696981031959128	-1.5424827619437085	-0.8098417815878053	0.03564130138200242	0.2700965550764525	-1.1230079253181735	-1.3687852069311828	-0.5317062550652696	0.8099584170095411	1.9802780294652538	3.0116885326149956	4.20969369511293	1.666215814686944	-0.19359846850338666	1.2019275608930258	0.8373022487414933
DTXSID9046786	11.292927592586405	-3.5365681965308204	-0.12119017400593797	1.3520562805521374	-4.007768799010475	0.301107398198885	10.160990253201415	3.675739790396969	-2.379685005689408	2.3964253758811593	-0.6479490837538959	2.3631568142437733	3.014312243627015	-1.1076136586689487	3.328573080100854	-1.0393710188554999	-1.6924100981713472	3.382315141306323	5.071075265914954	0.16852114835017012	-4.901916417136404	-8.436760487840658	7.339925496237238	1.7974536697762655	5.857119628334007	-3.069886771620578	1.00580252004585	-0.05795863002169624	-2.0698167253398196	2.0482956844869666	-0.4100891413991881	-0.645461237060639	-0.7938665881137038	0.8002675214506725	-1.1213204731535804	-1.095028157343135	0.42422337288135376	2.027284785627603	0.5160909318750356	0.12951446850744908	1.832349270173705	3.5684492888527575	-0.9282273303424425	-0.5425195890377249	-0.30203317681804737	0.603845171042349	-0.4087147998043749	1.6959762519636197	1.2667287895186852	-0.35085099254304786	-0.16495500711101038	-0.27071962466324384	-3.164983976554381	2.5127874610749763	0.7766878274818578	-0.02909454480067253	-0.05591431917372327	-0.5676823287189874	0.2901339325996382	-1.7124880096098232	2.7015829340551543	-0.10410977627355965	-1.6402661804740688	-2.5598473163070725	-1.6801156495381058	-1.1418494691416219	-1.0302581093560244	-1.3897841233180335	-1.8482425471409367	-1.9580658845279253	0.9803584011097848	-1.3505848067899948	-2.2152613949330786	-1.4793881500765622	-1.6493987402661037	-0.21190314330119467	-1.421332517671553	0.2015354424296065	0.423410816067139	-2.7761142193544557	1.2702464300195526	0.8445698852622352	1.1893766554065988	-4.328361207821948	-0.6437513611347815	2.9512333659375765	-0.1884309029038167	-1.5427245507771763	1.5718533705534332	-2.6524523023241504	0.9398817587886533	-1.3527926681203957	1.2213227598202918	-0.32053195993602307	0.723935412311427	3.527391076985247	-0.6047847860450108	0.7651882870544172	-0.6617075927193641	0.5253894413499148
DTXSID7041887	15.484097379376243	-5.94848637554471	-7.609868746766427	3.7112912980139505	6.776980206375459	2.4021919761646755	-0.5854173074443434	-5.996998741663583	4.588077022532708	-1.5732974152310668	5.281294916864787	3.9726120983936855	2.533198000047492	2.981330835683709	-2.244846090585581	-0.8240228052564805	1.0160293644431617	0.9441526976323514	-3.980608884187184	3.430568317917167	-2.150361825864908	3.08943015897513	0.575480154798273	-0.5764856240845365	3.634383412582678	-0.6856019451173057	-2.6929732027698448	-1.5391001769597452	-0.9391505516585241	-3.171844473652282	-1.5080384585487565	1.2041719499141683	1.0514452677100792	3.651326254573555	0.29994223713730206	-3.1945006237933247	-0.19598444826867084	-0.48986819494672074	1.2849672895913649	-2.1715905617985705	0.8339622445004513	-1.532424533841104	0.1278273673866279	-2.5463868271888224	2.0507171647004716	-0.07192827930728368	-2.868941810143584	0.40596706832716367	0.4450199337225431	3.055524178227896	0.802873556934293	2.9431635739290525	-2.027543055458615	-1.501433258395482	0.10457400213076071	-1.4792375894963448	-1.8655011190128288	1.372147498118998	-1.1424725290515412	2.097718847679028	0.8051126874021164	-2.298640030741613	0.1336795213841052	-2.662819255224208	-0.43851364011004296	-1.1353740801477086	0.4079167648769146	-1.5683347271917374	2.154036913404055	0.007784712850837055	-0.11584663346893163	0.4804935840879269	1.9865549480097453	2.217304771176533	1.2044234399434948	-1.2653381510682562	-2.2799173140957754	0.37589814898370755	2.0618964072408446	-0.16607837274033588	-2.384348386608233	-0.04285873701030003	-1.5241114195649585	0.2381155041529233	-0.7746053992869618	0.4156076019845168	-1.2316423208656133	-0.705243344365799	-1.0270214204619887	0.9063952525883082	0.09179281320112254	-0.6524462697664621	-1.2537398085735978	1.0300685580294706	-1.513415268052251	-0.5045346931256183	-0.5219784058343607	0.9397224639074662	0.9207741529879887	2.2448596315735485
DTXSID0046511	8.167701469433878	-10.871189993019609	-11.485656475733283	3.50662883482004	-5.199444144196369	-1.7351535647730092	-12.44571824191274	-16.367497639008842	-3.0606515585575713	-6.1142484303692015	-14.642241417735647	21.511147822282076	-5.12001077087104	-6.141503971095063	1.8756741718237862	-6.044448678690028	-2.380728044198433	-9.799744623312634	-0.7968468716702731	7.600983629722675	-5.828780760948053	-0.854289603584611	-4.389884543230045	2.4839110538846905	-2.2316238278134417	9.675832700690878	2.272546689109991	3.7158658958917052	-6.7038126291090245	-3.709262480941644	-0.03636120895280319	-2.3946263616322936	-6.707777071475998	1.8129107538273297	-3.3805609623438313	1.092045335503621	3.0142190751685263	1.6913874526009538	-4.135965722326679	2.3760830128426282	-4.088561794380387	2.896613716944826	0.6222250617966895	-0.9823333113532625	0.482967696014894	-0.12175671755355356	-1.6042704123878788	1.012734347830013	1.536728749814558	-1.4854251566608625	-4.601529219343731	-1.7112095554806759	4.536957277815005	2.7495027990510756	3.643944638226724	-2.204969353688901	0.11555281016056297	5.6467798277129235	-2.3731708985156943	0.7628158462514565	-0.5439184196610677	-1.5788917193160514	-5.901198172604758	3.407393926414095	-3.324410064919778	-0.8112250842537574	-1.65652647455318	2.3718265452047547	-3.3002449415220987	4.814518240694189	0.443918474344638	2.1191674234911546	-7.936304609328798	-2.187006585667427	1.292699150881429	-3.677007439898302	4.065404606100546	3.8376092203794783	3.291508000040395	0.6881089409985833	3.5452037875810505	2.22450929111036	3.228991005281125	-1.4123718741298987	3.364465413673269	-3.7438138755637045	-3.8671036866589286	7.601780751337284	-1.2736955335244562	-0.6423151603604544	-6.21744122961141	8.302832470551355	5.260358521355184	3.612498649246692	-8.17322485951101	1.235923996126872	-5.060040840189409	-4.838441821805622	5.196180390472554	-4.924638949764831
DTXSID5026702	-2.483477928822653	-0.6558850394448559	-0.05313973698572179	3.3731378230401856	1.643563347693114	-1.49947542801962	-0.08502946171134326	0.9768816808100216	0.220797664807861	0.14746956653682713	1.4943863308048606	1.8339891389470693	0.9548460861466365	-0.46226000972695086	-1.2445293191730742	1.6626231631902815	2.0768027172465544	-1.2023166026263767	-0.37546112581034724	-1.664075274460597	-0.7520515809188937	1.2347321089150731	1.5482493885916682	0.423110132443143	-0.5865866779681687	-0.07765311024872497	-1.467979745698515	-1.0462304655393104	-0.18344770508026473	0.18795720876451957	1.7138449341817783	-0.5889814769593391	-0.25448678244848866	0.636424276746987	1.0830818665977955	0.1890404629812583	0.23473911325351715	-0.5275244374401784	-0.00556619746062544	-1.4556938682829197	1.7819642474988424	0.5565071390758239	-0.26143526900510083	-0.4210759572038457	1.0414393343501618	0.5841081830535056	-1.7113180262931853	0.45238415676125715	0.5157583267393198	-0.3859752960956002	-1.0485062096030737	-0.25708538185435825	-0.950771970558381	-1.5336532713741116	-0.7922850999584664	-0.3681590617165378	-0.9382640994362508	0.885103837418214	-0.5180158731798292	1.2940740797834724	-0.2274253646837221	-0.2735518716053218	-0.20592727482170217	-1.5206461086467546	1.7920182757584928	0.7691984385356683	1.7305234017952962	-0.08291374881277871	1.7327948151338273	0.1705657778178253	-0.4457213627698293	-0.7576495493501045	0.5338662722950337	-0.6517947497628698	-0.7642537598277727	1.5059677236974323	0.8239635656640321	-1.9976318879197732	-0.5900756233527641	-1.2379348712612712	-0.9753324691089694	-0.5341965590760447	0.501987722722674	0.08127616630459884	-1.3475493907202256	-0.6665742809743261	-1.3256292764800555	0.001473783467681787	-0.7828231416436208	0.4753327271000679	0.14839765530712526	0.7937614404656428	1.0811002038911275	0.2762994848524345	-0.024682518530220555	0.3931771509340332	-0.5392356689617628	0.0769282477022221	0.33482842832617327	0.7510258649390623
DTXSID0026171	-5.769486782371743	-0.6032067493792685	-0.5136926512319594	-1.2635740436020217	-3.731261104894948	-3.3630043807714274	2.41462354319265	2.390972725967887	-0.1604273812276423	-3.486496306872498	-1.7328578730669253	0.7124960105634844	2.758703759251566	-0.7095366328085452	3.556394720844513	-0.6583796356758759	0.9458328046023767	4.260368519415724	3.449061151135229	0.016400835373612182	-6.040996018365112	-6.172044239322268	6.489037518144619	3.6124752916284915	5.075887335334343	-0.9700556226977359	-1.1864957920163879	0.04650307907080024	-0.35522429102804004	-0.2947104276590698	-0.27079054684600756	0.21736717864475166	-0.3875668315162371	-0.4097299729663888	-0.6613361006488356	-0.9866033840287332	-0.2623380204709395	0.9831373775181401	0.15358860385852263	-0.576566663589165	0.8191724731218568	0.8727717202981684	-0.3490057284122402	-0.666891476353582	-0.43662216027373835	-0.4595950420416772	-0.6581734619744617	2.2909742875761676	0.13689297863310687	0.6700462713512052	-0.5666521887461596	0.5408529162601035	-0.30384654065905353	-0.2971674474168124	0.729383813183554	-0.25239837758692973	0.8929694353565742	-0.3412082588572143	0.8511727112944933	-0.02538814893028878	0.5990212075359036	-0.33069987220241637	0.922421070929515	-0.44374133063971866	-1.0119903428287818	-0.2766077452199505	-0.28348910862931526	-0.34605951269213514	-0.5347111736596869	0.11143290282540054	0.247128259434878	-0.6303515202560456	-1.0664670559480978	0.8733119755085283	1.476976751743445	1.0674858442476483	-0.026388452642966312	0.6056041692162281	-0.7346027193464048	0.1845880565984195	0.30601703698926025	0.028259114037196498	-0.971838635337428	-0.05568221935325106	0.2888849386711131	0.6581225574188521	-3.4409555583561506e-05	0.11793964744383453	0.3429967493777054	-0.5407008230705485	0.0951472832734856	0.3832128168698972	0.03313818665795684	-0.615240636570157	-0.016895859700091137	-0.3067440488716987	-0.2988044041441882	-0.7132678884940096	0.09293340483143912	-0.9034322825812778
DTXSID6046218	8.265013611392824	12.81342705229653	2.871103972508293	-0.2625883064660275	-1.2899891970671076	-1.3199799773494612	-2.8265154514035635	2.932273720938902	-1.0772190471864136	0.19587280731128653	-1.198789197433628	0.6506889607077739	-1.994049923318402	-0.7298863095166169	0.323560829240143	0.3065950432908568	1.4532066021377774	-1.008915163517207	-0.1981344768898399	0.1036066371231353	0.8844629570251356	0.5832222603511992	1.2267020120702539	1.0880800606064347	-2.241324386452835	-0.4396303835838887	-2.1482788130469843	-0.6291479247755422	-0.20111331746596572	-0.7777512397793945	0.06278514566676907	-1.1063800853681185	-0.44152304381768576	-0.5213858343345328	0.5402846587135821	0.16499829350003786	0.050589004974620856	0.3672184787711853	0.5379105195534891	-0.6239625036712687	0.649853188497364	-0.7657647433608316	-0.9381724255571966	0.1834851732065597	0.43521486055240344	-0.6403673529194018	-2.5382775954186783	0.7515447295153641	1.1449357257803416	2.402130561365795	-0.8381139855514085	-0.8161087350986403	-0.8451544466209422	0.22889805990853146	-0.14490869181123214	0.2356737347660129	0.4354832838008254	-0.36092388272940834	1.0274535876833353	0.27106280945193445	-0.9814619625449691	-0.7371563391407382	-1.4468603269339746	0.26620444054714243	0.9208445119457774	0.7757826860667352	0.46005332873345284	0.13992481836865825	-0.11361670437966412	1.1375913035413177	-1.7693354900579308	-0.21288281391507613	0.6715462153062915	-0.3549665613459077	-0.6234413326703527	0.5741057458550372	1.4028381872512148	-0.5789228682830626	0.4655597441876033	-0.37525816124825423	-0.5757671137193462	-0.05240876924415562	0.5542908598406043	-0.2623305446751438	-0.9805210617603314	-0.14566021538556126	0.7450204422457126	-0.5608455356223253	-0.09534902991079018	0.13458240715290085	0.4104969995821109	0.36298708431375243	0.3770200189601104	-0.1819359203241763	-0.22215965965437415	0.8584472743767184	0.2876558911476304	0.1373340839019757	-0.20902855791676303	-0.17536782533815157
DTXSID2046090	1.5335759143997088	-0.9606574616986029	-1.3036768278156001	2.139502280223426	-0.3268061817387653	0.8182025131796083	6.522764501812886	3.74449942790616	-1.5932344522526767	5.435843131964915	1.3140554009906111	3.6351820824911685	0.6272454493950549	-0.5873288166287184	1.243788735920862	-0.7626724991325519	-1.6371563388180053	-1.223973573657727	4.316800657294474	0.4340918741685145	0.23086682412004347	-1.114436967725165	-0.5352239219247825	-1.093227953155724	0.5392909573195546	1.4320569683709274	-0.3282658343845356	-0.6093362249874875	-0.8301849358917859	0.9772933017296072	0.6718810301289595	0.6229498348203003	-1.9360245957179427	1.142862195621755	-0.47622345696714935	1.125575279230678	0.18378663377237764	1.4928290396970407	-0.4360003218372257	-0.18181569941106324	0.3996564220551294	1.625045836204751	0.05238697292082227	-1.2925733344396135	0.4416189594928086	0.5969647758386375	0.2786447401249832	-0.14773578953962618	-0.8721842485053046	-1.0546330548195593	-0.07946431075303126	-0.9389215660472283	-1.6801379133516567	0.15878496614502888	0.9501971425080856	0.678956773826496	0.7830373801624201	-2.270115997799878	0.09861406175805985	0.29519756936087976	0.1533801613841207	-0.5407486497484483	0.30973994122183146	-1.3499674058280544	1.2957704331976736	-2.800927000358804	0.8399628640016465	-2.25277480911835	-0.065995267606165	-0.7226779250078313	0.876741093282341	-1.4027735540792075	-0.9171619760047715	-0.5485123607274389	0.698051858497737	0.6214308822809833	-1.278491032673011	0.2737767225447701	0.8393089054572361	-1.370350444941157	1.740528436017104	-1.4870983956117305	2.0932179372811555	-4.19429296438675	-3.102119331201968	1.8098390008396068	-0.9263046750274844	-0.5144130222067101	-0.9749850282207391	-0.37046752699176955	1.5103799162548208	-2.7111387526266664	1.3687318250991352	0.08283176151364738	-0.32594894219680165	2.7554639331079103	-0.8584988205285778	-0.3287912087394824	-0.18362959982683472	2.284803721152918
DTXSID9047548	4.82877155843573	-4.63303752464224	0.5003511598857554	-7.854131890033399	1.540106703923678	-2.0639539959237236	-6.422590693474039	0.42793964252624433	-4.96196230122969	6.203942710264202	-1.3640621523433278	-2.8626305980164117	-1.2751462629748043	0.765177746794357	0.692576962702457	-3.58203361738873	-0.6847485038494421	-0.624775590580119	-2.1435431357053787	0.06758830020820292	0.6153040158520166	-1.9504879100636128	-0.6019763270900937	1.7022677979552647	-1.0598539303234895	0.09852577602744358	0.06812625323214345	-1.2310587799854789	0.5487613315216543	0.38050204989260494	1.1694307043068932	0.23302718263159716	1.1063143338284696	-1.835333713766251	1.195971771485092	-1.779378437469612	-0.45119164673078643	-1.8466465710114641	0.842043591753686	0.5762473333132526	0.26315029941827073	0.5851782013734771	1.9743199351559615	-0.27910344118309316	0.20878165750628852	-0.3516721595127651	-0.4665349640460724	-2.056859799217474	0.5890810935065361	-0.7802009994838652	1.4322404246604312	-0.10500548204282764	0.43888727592666005	-0.22288733621921494	2.5512290883880318	0.5093674934577703	1.9800696650130793	-0.6799948554937146	0.6290885637268331	2.251723651364112	-0.09657574754400876	0.3684252244534594	-0.7369865617843104	0.3071940335551743	5.4597156154719215	-3.5761277617529577	-4.297504739368388	-2.856017301846286	5.128653725414795	-1.0478494807542988	-3.0813879711433305	1.686665153705052	-0.49481915950247835	-2.4282840805628574	-1.2245371316476423	-0.03865793253753523	-2.3418576175577552	-0.3669115353686699	0.2335651392857458	-0.3429983651396301	-0.2573947484159241	0.07973580637385952	0.29904945675513706	-1.1880225931952746	2.4040525171957223	-0.7751108144665707	0.3325903871125731	-1.207301752877853	-0.21941164147775377	-0.033980212962781316	-0.7234955130050426	0.32683253719512084	-0.9240693743652115	-0.3322718522901788	-1.3985203883293633	-0.01052177405463474	-0.11943390848162513	0.10032100378558419	-0.4478619003103647	-0.24423848901054404
DTXSID6045240	17.384284380452897	-6.589777654093559	-3.340209054844023	-2.9345119271933706	10.93166042739494	6.482506326974869	0.5407683967795635	0.6391719652863531	1.7842933764400617	-1.065248785192708	3.299540520042821	1.2244341931147686	1.9906810188463593	-2.1576401291229637	3.855040179925947	5.029287471023951	8.05585104409134	-5.002020972022371	-0.9544734111594217	-5.497547834799872	2.588330852421111	-1.486323580657228	2.738885534850915	2.8361169007777782	1.881902141834928	0.604608638594645	5.974943406061195	-3.205858362549517	5.6662026194122825	0.8767069518240944	-6.150191398755817	3.20079076841739	-5.398319043052936	-0.4232609223790984	-3.3450096162196026	2.747275976249808	1.1314925855553877	1.0588832130983414	0.4224990977861847	-0.5704975112394703	0.26060873558981007	5.471578025580617	1.753062067652891	0.9524706335164497	1.0311517892068423	3.102093509197363	2.4345781046048875	3.584464220535068	0.02720660692477851	-0.40110360349067753	0.7803287253542094	1.5491263779574378	1.726330146109122	5.354111051259261	2.899044775221264	5.491869197530212	2.060329229932912	-5.176706588748954	2.754217893757585	3.978572329157563	1.1660457195649567	-5.569631434300467	3.2517879233208973	2.921559693070369	-3.2957021530332775	-0.48952560223819147	2.8743190615378067	-1.1751233764531726	3.244678779465134	1.6978700013353725	-4.661578592385623	-0.5864927167153393	-2.645610169929358	-1.5523880844796316	0.07184111705664445	-0.5554648377146142	-1.574444340837805	-0.4457572789702464	-0.06626730021586989	2.954689166176449	-1.6301461343879993	-0.6807461262469823	-1.0558427709876304	-1.511885607808203	-0.09175466685002234	-0.9057856289309684	-1.044730806240197	-2.624519051555665	1.776424892851206	-1.4315081417976676	2.1291219707776485	1.9001189573132293	0.9244619802336463	-0.5355306882285358	1.4523293220771627	-1.0776302085977045	0.7175810931812335	0.3744330408955548	1.6098044285529036	0.4904589141295237
DTXSID9047041	7.129859268220566	2.0956935049331755	-5.854312006982488	4.015603565182329	1.2503622091360742	0.7883526405304987	-2.0481666774454266	-2.3445339941307806	3.1388129796694773	-0.5692988054731951	3.6975742317110694	0.6436354456003163	5.688540083566454	1.6254040970458143	0.12481996075214616	0.785179948139127	-0.021128986119009294	0.9466148488924511	-2.7168249411862178	-0.3695744953568384	-1.1133506074691248	0.40599069111810876	-1.3250663597523433	0.03503339163458369	2.553065899586905	-0.9338325476329477	0.7026383880934327	1.3114038660276202	2.471409906528004	-2.6025081168009825	1.8278297280996694	0.714199782325793	-0.20410469659404734	1.363386160594508	-1.711288740551047	1.1155399281939962	-1.8097654101664344	-3.2065206018988817	1.2966915728299637	2.5189206600344645	-1.104400175025696	-0.36028370041024743	1.3850598772596006	2.3535668619703154	-1.7966529961636093	-1.1031671876737752	1.0319594823053049	1.7987826946344048	-1.7108247606580318	-0.7521695290500572	-3.0431237518961964	0.3388340671229997	-0.2572928390026441	-0.4143089806505737	1.0800535612992117	0.5003865333338141	1.0192812067446881	-2.4237747252782413	-3.2447504407379255	-1.9884065113977443	-0.0888219802522	1.6770096295295145	1.4053917760785906	0.18584288527734816	-0.3731680127653906	-1.050856640496482	-2.2322908888610273	0.8238716336074865	-0.6353294179277393	-0.12757797071440696	0.24294184098078522	0.09264321400193219	0.5822236673877077	-0.46206748461309405	1.4319088894412175	-1.4900018529722114	2.903612498440804	-0.9311746534937835	1.1102625576768186	0.6876785205930113	-0.08057566415735101	-0.15242851871456398	-0.37419230848062396	-1.1203666456044188	0.7558325970136237	-0.5951732991416486	-1.3492092113038223	0.17758985923789455	1.0678915060766896	0.5383723647002311	0.7351362823045203	-0.43057945722316704	0.3093498125321694	-0.520581247192934	-0.44783365582885043	1.0769494728328457	-0.07605486705784761	-0.735134660603422	0.4082229738446317	0.3070264761509518
DTXSID0048638	-0.1841207018248628	-2.5493532769238705	1.0117308453530243	3.2063497054743366	-1.617321133534956	4.282911307961897	-1.8462771175974237	1.2170074298300606	0.21832922750912223	-0.6224365164452703	0.1957932734310057	1.1096659293252256	2.0801256221654216	2.21418834752601	-1.5175082277272407	2.0271539726082435	-0.7705016005232682	1.6199482688046722	-1.7480365581968251	-2.250911101913972	0.13688396124659846	0.7257066901024466	0.631061256075114	-0.26823928059340135	-0.128265044766066	-2.0164111574909955	0.6005558436547472	0.6676251024759623	-1.4758315933348434	1.9292217970396102	-1.4558417091869615	-1.3576594418454793	1.6714553801420946	0.38664580293235673	0.06221415357031631	-1.8843471486818208	2.1325932511317793	1.025594545961019	-0.8636947918512035	0.4423165800154301	-0.4955776784094233	1.0635029389462771	-0.9554985798580381	1.4824918377017013	-2.231654616207144	-0.4810085606044149	3.365820137734933	0.31535647929764615	0.3693511605334116	-0.13792332465274543	0.1241119493251315	2.626608260303097	0.6774899492825278	-1.8630891918591475	2.186230753195558	2.513767735230831	0.32918822997023817	-0.47445234922966356	0.16181705839412372	-1.2004375830554443	0.7753128501558407	-1.6514887570367596	-0.8963551613873654	0.4959703197420613	-1.0895220910833945	-0.25691607787656584	0.6411901518037383	0.38064888160521004	-1.3471412405377197	-0.9581635992578574	0.4413724046034839	-0.024006579831991653	-0.72452898004497	1.934694599239678	-1.0495127211294686	-0.04244005327123739	-0.8979234287539803	-0.03238897697230731	-0.5719657167008572	0.2418400455206789	0.26832677940936994	0.13322496827332841	0.24693106144888247	-0.5888500548651193	-0.8809029387925614	-0.4143676649873022	0.5341360135768165	-0.1066043679078478	0.7322580526374177	-0.24802896519833387	0.29030794989160075	0.6096239660781815	0.3097742640590869	-0.7356754412579888	0.32403099389383744	-0.15173874710339008	-0.43812184196672316	-0.25909516349834855	0.5448862759858529	0.4957197260722429
DTXSID4023094	5.640928182682004	9.130513396022465	2.6289468364410733	-0.30809727333701814	-2.5223909536376685	-0.039126505925091266	-1.9899879762303023	1.0330798601397622	0.3797392751286632	-0.21754272877618835	0.6898619026074962	-1.2423583762368566	-0.7124580861963247	0.8754480240599646	1.7600555168831957	-0.787672192436057	1.2331783380897636	-0.4401338574424003	1.5465274838592598	-0.005380366391902966	2.0233144517483055	-0.7928608803010545	-1.1517514649507625	-1.3987978793313751	1.6807688121166287	-0.8798813646817428	-0.14531418182630018	-0.28393040961456245	0.1651236253278142	2.0468605418915957	0.7595530751608001	1.4379396711880523	0.4816156532129194	0.6386662393458725	-0.070537305058029	-1.1258958410790698	-0.5915580678866086	0.40808538164276165	-0.42673136575523996	-0.9005063927909706	-0.5182514963445034	-0.6216377090479313	0.3584811840388907	-0.6060119754293598	0.16466762570045398	1.450129168678882	2.5601240290898475	0.5579016777908251	0.013010088609258778	-0.9202193500621676	0.44722849601337095	0.2815365547867831	0.7084947090961285	-0.832326692679475	0.8233135130422328	-1.466735934982566	-0.8782561517770423	1.6658733636084502	-0.2961373735522023	0.3958344888537286	1.2690216392015203	-0.014741463447351328	1.3598332110749987	-0.36541093084512705	0.014543724829953843	0.4680676575579512	0.3783905555734607	-0.7075545743277136	0.030883017073952496	0.3359757674392335	0.8144715758820573	0.17770152054226285	-0.8633700097490208	-0.23518899152771322	-0.6213136656500484	-0.7277891908963162	-1.1989098882809397	-0.7804033739719227	-0.7023190520933006	0.5743822658115828	-0.24492809463629003	0.01937406470900885	-0.4563589184402122	-0.27531271897717124	0.09866130684801289	0.3250981473566992	-0.6551429092112666	0.46667071560568796	-0.5996419338372321	-0.379087162934847	-0.39042200110968694	0.4433433562176089	0.09755597724599525	0.23254518814496603	-0.18308301423786902	-0.37325272204896115	0.08453749608565457	-0.30637008500205415	-0.13124495097355748	-0.08012654674037367
DTXSID2021652	-0.21184234273676994	3.770139138136751	-1.800882720508807	-1.062118361254518	9.369568058634236	0.6551652353970483	0.2268358490025602	-2.6668605626934623	-0.5293006170215648	-3.898528829358377	-4.685699679874874	-0.2507248106810309	-2.165302695518857	3.0192937065028396	-0.3032526045419697	1.4843114216552986	1.0443698250675422	1.368349939285616	2.540998759917775	0.4493006417739294	1.6455855669274646	-0.37140756889469045	-0.2201389154542347	-1.6380285090844269	0.680733355905554	-0.2906650516034989	-1.7003594826096033	1.8303028578671012	-0.5897137595465595	-0.3279542747043195	0.4491314335137622	-1.6507954272897678	0.07818341028856775	-0.5548483946811914	0.1708823443193382	1.6819351546634282	-0.48507769371775583	0.9460607838944206	-0.8515258552808272	0.9717725807247988	0.25425164785738136	0.613660136931498	-1.1834153166359311	0.08306273222253766	-0.8035003140289325	-1.0482305341428988	0.7689130964768662	-0.773214024621512	-0.1905641457029356	-0.9570425636319649	-0.741155013810002	-0.004404542812014373	-0.21489222170669164	0.21719326682394144	-0.4615841505660304	0.862798918649421	-0.2214700261052192	-0.05666503519139156	-0.9332704884411428	0.13248456968514336	0.1604638229331769	-0.543618745205681	0.326547236594326	0.2046392942371086	0.3557850330215306	-0.19220935627256905	-0.9520193170656212	0.3306483141301171	-0.260967659426267	-0.9419335363611695	0.2109758766827545	-0.13001235413346723	-0.3903772335300781	-0.12446975591636487	-0.6260523799448321	0.4624429452475721	0.4007305293435268	0.46960230683363136	-0.04066125362290494	0.043889992458126394	-0.1285007599006808	0.4646823829510479	-0.11416977653591298	-0.052703196913378283	0.43213599319722434	0.5592400408202018	0.42859911285349095	-0.14034568461864355	-0.04811813736882239	0.10407504773259958	-0.04665920194049957	-0.35632236918750465	0.0004731248427057249	-0.049257299707522254	0.5825654139932572	-0.05038003555074603	0.17803022006161495	-0.06478070326739403	0.06591466665886292	0.06580275361855448
DTXSID9048643	11.33500889060611	8.088903058666828	1.632034311123127	0.24325123540255267	0.15072491306779146	1.4509831702907936	-2.194420293587158	1.1999908606745946	-1.2396634836675333	-3.898431470746136	-0.819453276637228	-3.5885500470836837	-1.3232995885731504	3.756840071484617	1.2347267685321508	-1.9091485560320545	-1.5318914042843335	0.08150267187822338	1.9892764982636233	1.5313079157074898	1.9697348015512446	-2.0443791018497506	-0.047118946819224246	-0.5932130201338477	-2.1793958295094003	-0.4483728370634855	1.3336767045847002	1.1972292178916075	0.36804149902982286	0.26389387905571504	0.11495877817069418	0.40232415057067716	-0.6929828569694723	-0.05948611385557298	-0.08376116870869761	-0.048458994672892323	-0.06432073484561106	0.03394512614484375	0.371442532766221	0.09752939504234784	0.1422501339435651	0.215959359162708	-0.36157304562933845	-0.0184823628928279	0.2917004484465916	-1.0350873417595712	-0.16733892527100835	-0.8214670304201769	0.29167596604457396	1.7828268293940952	-0.6946162035321762	-0.651806788776915	-1.3755948656632782	-0.6521713442935908	0.4240203547934028	0.6906557683536069	-0.007811598337130742	-0.7051429535114364	0.2117108772015388	0.019619451428111247	0.6048081842751629	-1.520917928012283	-1.7379976709590566	0.5029410645119299	-0.6407205432570016	0.2505426928787091	-0.8622043261096325	-0.5221181589673685	-0.28533971186679236	0.7824403595153734	-1.0449732711762882	-0.2833645718128529	-0.8185593085381382	-0.40455746593162256	0.11919560594296279	-0.1407173738618406	0.39302293040345015	0.4215664158886795	-0.5210509717094572	-0.45501260462082943	-1.0920713119171546	1.3484379261668686	-0.2644675877172795	0.1470678503096673	0.2569040311522043	-0.1448044155439868	-0.0672893061085685	0.20334721613732795	-0.3353276998240127	-0.7064801134852352	0.13224025661036887	0.04357740741795609	0.5917565183952019	0.7081211567199743	-0.385662973541182	-0.2657092749968157	0.5798155170121627	-0.19315887700319	0.5111314641259659	0.4489377238280201
DTXSID8023680	15.71096629009193	0.1478555331361718	-3.6140063088850862	14.456592961611813	2.20244086637302	-1.718635970350517	-2.9132696922144183	11.795431920494643	-1.5819132653378527	0.1592064600599035	-2.214429941378175	5.906698472151195	-0.7832978109959056	2.9890318007337506	-4.925702330522713	5.7379288557291925	-0.1803624108400331	-3.5924332144815003	-0.5538711289560159	-1.680214676447714	-6.4119223271819745	7.443339826007217	3.552515680791085	2.0355903829073587	-1.1191059163873156	1.1379266918998787	-5.770015133434336	-6.934275493461795	-1.6932634809492253	0.12241334074585201	-0.33942279300324246	-3.3016798947012562	0.789031961981848	-1.6719301334129428	1.5801411479832133	0.6879459582830616	-0.057530989720383785	-0.058856713951906926	1.0581108754441848	-1.8362180329932776	0.5505444700458278	0.40330285991259823	0.6707479879831613	-0.29677088677210905	-0.5926399990702469	0.9725575286077883	-4.975685437357235	3.8333499487997753	3.565291299918757	0.9483514267948564	-2.1085264054824147	0.9034800770995878	-0.35571540829002146	-1.7992404204547099	-0.2167483590342763	-3.092898898204504	-2.965919560917195	-1.9205100800086474	0.6094461218868775	1.6665747700722728	-2.523157152317361	-0.13682398935895249	-0.9925794291691031	-2.4319899469842956	-0.2896156079712789	1.7084060364524554	4.155830921067062	-1.4846011473433647	2.087492143007254	-0.8473768222632112	0.08011673237662881	-1.5999998613117397	1.6205112763087186	-0.2348976797603527	-4.198394817775687	-1.035419183181989	-1.2314402492787557	-1.1153268781083865	-0.4992809640135582	0.8737936061632896	-1.3521437709384667	-2.7862169453706347	-4.170176153003637	-0.19660707087896478	-0.12436895816212687	-2.9902146541359755	-2.3916985501749237	2.870433114698139	-0.34462563155430015	-0.3514155094794177	1.7495620364690405	0.6125361020424311	-1.378040080192311	0.7365978168952856	-1.0546724061895676	1.328748343565351	-0.6466509219643195	2.5351793903414035	-1.86649873681765	0.8776216840791987
DTXSID8023347	9.009290903647193	5.81111490361019	2.607180403027903	0.5830988449303576	-2.2985562608673473	0.49777757670919254	4.976498695056194	2.32833854803139	-2.7138267193637637	2.369519348824031	0.6506168270258472	-1.8878802137734603	-3.100661629945916	0.1791069616605971	0.1311158924332163	2.2745181979581477	-2.841407847763784	-4.015489395950928	2.22919568012957	1.6082447623603584	-5.101101786634897	2.6475935940550994	1.9350421977872596	1.2278700224076629	-1.060820478065642	2.281132913060012	0.02660857148293918	1.5166947817110223	-2.597576482322298	-2.6612876744293996	-2.051549221860346	1.9787735383385066	1.8711069068208452	-0.7183410697546295	-4.24187577666272	0.6864625950091211	1.3316482030990644	-0.12685378287349275	0.2643839386855857	-2.788914687001831	0.7447869682572165	2.6649998220671822	0.21356808042019662	1.2503299933606458	-1.975015459220168	0.4065297396637779	0.7192944352280299	-0.13796622480728582	-1.5864051174298606	-1.7047945174412353	1.545055483599206	-2.063892905855309	1.7197592942861584	1.1334142280164734	-0.4777918302910442	0.7183432090559315	0.9200000793162809	1.658452249646871	-0.36922636605115083	-0.5797721546997556	-1.5710684788479117	0.6172629618124993	1.0173900160856237	0.22744687818311027	0.5422668630651608	0.42246274504551223	0.6818320859712583	-0.39883721924809673	2.1219090865113817	0.13175644562770572	1.2664080746280324	-0.2506393969773073	0.9327808843304174	1.5238193696441413	1.0659528655057164	1.1307907685806025	0.2766936674384978	-2.351699369079727	-0.15609073616984764	0.5064367156555875	-0.13633195677445667	0.27753473068440404	1.4216756846694008	1.1058729957929478	0.3402757039398754	0.34842797307131224	-0.6843795572036033	-1.231675146897186	-0.6826285741276422	1.6063114535814857	-1.9291147456514108	0.7291517777797877	-0.22243485510402947	1.563150379904174	1.2652285304464386	-1.1529717774434205	-0.14322042064083892	-0.728250414630324	-1.6051364639211378	0.746894426113336
DTXSID3020679	2.411674302952841	1.7616963974225763	-3.1144176071184457	-5.215805828630507	-3.5842118867933417	-4.479030264037441	-5.454146754904166	-1.2529574276160451	-4.841764592227851	7.371994269060792	-2.38987170753821	1.380046872096182	-0.6250946039376107	4.174414818521947	0.47422488713192795	-1.0968854693155705	0.6041630561744648	0.05486218483875455	0.1442199686486786	2.0948128149207226	0.6144962271954698	-2.1935413111804674	-3.1466254277425105	1.3975606374051266	-0.7030916461333164	-1.275375337790694	-2.5725799641200098	-3.6866422083425796	-1.6337132257461449	0.2993519533868891	3.569962108444747	2.6793440593904774	-3.4730518417623446	-2.2090649435314247	-1.6380669947102648	2.180184385066987	2.0347999930567053	-0.46059198349450475	1.8803689417662595	1.1334596619632697	-2.903834631753067	0.5684224792256352	0.48790053009588225	0.47711860654927213	-1.819665788721182	-2.1357778968742758	-0.07639687557142281	0.5209804289684379	-1.2801084210374605	-1.9843675106666652	2.1780736899631976	-0.3339063390779603	-1.3517315926826936	1.4051518931315357	-0.39535378286415734	2.2213823911163817	-0.18914427191005725	0.628272354170037	1.9945415026982567	-2.296193986754014	0.5936491106124866	-1.7905877623485686	0.5539036255924005	0.6582746760330797	1.0350062895031407	-0.23349497022973617	1.8134710750655763	-0.044207764788264124	-0.6334791697199954	1.269429729614492	2.568244673106688	-1.9975214462662807	1.5901708788630387	-2.147059137495577	-1.611447791889959	-1.2590942275432015	-0.45152694089100176	-1.3040093205851893	0.12062773850595902	0.035267096236848997	-1.2526669745635883	1.6744782600533388	0.0687875206341514	2.7820989434702805	0.2926633078807525	-0.9632897584818841	-0.8360221297207978	0.7800358924934586	-0.6974440970899365	0.8006446514633656	0.03823840152582277	1.1340346385739695	-0.6418817555993566	1.1358863396330956	0.061018343774948455	-2.4686422599318547	-0.11392591799725717	0.41432233041136984	0.6547159816587985	-0.19191377621663472
DTXSID7057652	7.1126980929304935	-4.6968759066100425	0.10578511292150306	-2.4483278232505903	-0.8748892773950947	-1.785263454565068	4.0799441936381555	3.9442812409284214	3.8458167441307576	-2.833821109113886	2.2899167226621535	-0.8510849252284483	2.7838822595209565	-1.5294695448646063	-1.6798581770190488	-0.3076669511682668	3.056995225865209	0.037582487043773226	0.3978016043510316	0.9333651227455952	-0.3189196931826761	-0.3927393667493572	0.32787091904697235	-3.0175528675720718	2.3031284703732084	1.5815544618416069	0.46961216721837645	-0.47623875217899525	0.5794063150611237	-0.47645410681048167	-1.513871953671113	2.2549064391777836	1.529886430715186	3.968144127184462	2.549106272652129	0.35585922012273435	-5.307117932170278	5.252215730744983	-1.3935583460516574	-4.030224537068194	-5.198792408316503	5.350059886143889	6.476944545566649	8.112102851483064	-1.8620361971604265	-4.085627396067181	-0.5526285540234999	-3.4744727069123407	0.012451401177563076	-2.418059411362542	-0.2868863433215135	1.877175765529873	0.3903358702883084	-1.7471484233953423	-1.7139463848981322	-1.6155020323341331	-0.14139869263663674	-0.6618481833777111	3.3569234936521304	0.49809751163227706	-1.5260141421525597	-0.25646165032215823	-1.5428926614189422	1.0964270159551812	0.21317601534048397	1.4879049351447227	-0.42417962893851674	3.140854129799359	-1.8361213400427456	1.7246098730750608	-3.181201246157589	0.13808493051299192	-1.4858042086473062	-2.3137599341828348	-2.042077581677748	1.4134752522179843	0.3948713543173011	0.14139432743424069	1.7793407226501543	0.5004244505359984	0.9147601142532644	0.3857483310562356	0.48136184979433544	1.06234580778061	-2.347457782361523	0.6232858470890109	-0.6132583885375943	-0.12114563043997918	-1.230972720365482	-1.5723816447109664	-0.502271064901713	-0.07345899555902191	-0.7900932669148224	-1.8713146947177393	0.9036730797516709	-0.2232201520522782	2.7451597437350173	0.59315530530304	-0.14591029574893177	-0.10787287764045038
DTXSID6024597	-2.124447073716918	-1.1167831548379108	2.5044175727672453	-1.4874206122238836	0.5324510998672485	1.437735774544228	0.062471603452771945	-2.3667325341577596	1.28414440592395	-0.12136953522742411	1.1475991619314	0.2610266621265518	2.222124149339255	0.3315789578906547	-0.48661346884048984	-0.17523132977465192	-0.1636675264428745	1.1514792692156133	-1.0270560777587616	0.623318352511082	-1.2534300716331443	0.8790107398242935	-0.3286711297070039	-0.4574130776647753	0.6340085108513112	-0.4866185536162232	-0.5121439465635178	0.11744361062387221	-0.3528010192845711	-0.31613392172292043	-0.2946200313868674	-0.058749129648190346	-0.34245945837566244	0.7888455399977731	0.03666138172806778	-0.11411097526450893	0.5041220033571424	1.7350037320375422	-0.5208596303733191	0.052534567947634295	0.45253193184849544	0.05816263641504073	-0.6874946237537074	-1.1297723151789754	0.01791148743738878	-0.27473655871514935	-0.3515266209870966	-0.29955203098311006	0.11872019170428762	0.6769568769194076	-0.4331536033241864	-1.0361725351424507	-0.7290258717093782	0.2262437967534195	0.3033536038060824	0.1931005904421091	-0.17385114538205768	0.9122141181022119	-1.291489814137699	-0.7161941572469431	0.5928608591027431	-0.33153252473406225	0.7360205954981905	0.3116843036136161	-0.7353174878904087	0.5806947680938814	0.6650380926978263	-0.7247672848111959	-0.31126586505842924	-0.38158524537724736	0.12132568625747568	1.0189421986324236	0.07156555856493776	0.5987726697770693	-0.8023370469165089	0.6446996479350513	-0.018065770876667227	0.09344710775565691	-0.47415945102677104	-0.16131093219287373	-0.3765768196170297	-0.8992426836956287	0.3512143832113104	-0.35100588947927175	0.24229046550314082	0.5494606972395909	-0.21428915091678521	0.5166112098475065	0.2350159327551936	-0.16610683117237568	0.055513913017322565	-0.2202901426005751	-0.6198781094163766	0.05132469450528803	-0.027015448087931295	-0.06792027603397706	0.21941848686562299	0.6326836828549197	0.4170177584265991	-0.05321761846138814
DTXSID0023329	-0.1806604522882314	-1.990702254782071	1.6010383261282952	0.24908291433230828	-0.6563040387973635	2.3945480708719304	-0.9609913567381375	-0.6935726546831716	0.35593055423812614	-1.0709942646234423	-0.8923515171068533	0.8070727587941063	1.7723803117248376	0.5014666227025272	-0.9660584839745407	0.5266027402184728	-1.2348712531856927	0.17436428764883988	-2.5898934748913613	-1.8118578272632335	-1.1164553292558943	0.6036438190564202	-0.47366028459776904	-0.08905904031699577	-0.6831603267765405	-2.8786091720755076	-0.36065998435877705	-1.0860045867683228	-2.038906480242811	1.2021720154434496	-0.8329739712168858	-0.5595163108438624	1.1085115060446928	-0.2060482049434993	0.44667224369894737	-1.6060840867383528	1.8858262607601564	2.4044495532503554	-1.0674662584560541	0.22999054616476944	-0.18110536620629394	0.16300290330806688	-1.8486454310529172	1.2577174384079168	-2.122158280869699	-1.104079014518669	1.9216715829940785	-0.7214496553243667	0.532414549682043	0.9917917165445189	0.9727228140956885	1.1157776386565998	-0.7764334504552695	-0.8593272441996777	2.3399731432382738	1.3265185056006583	0.9794570654121164	-0.310273194562151	-1.5859237979285983	-2.517575900400261	1.2103464589134658	-2.525046977887493	-0.5539604820772245	1.1727372264016558	0.6524100753143791	1.0193825159328627	1.973930587764726	-0.5854502113233369	-0.6977341042607083	-1.4108112344732897	0.6005818517844864	0.4287164768877682	-0.33500085153555936	1.390742915489893	-0.12873962162918504	0.5448281984533178	0.21572759256699622	-0.5341843298539796	-0.5314293353668569	-0.06475049581443955	0.4189764452944639	0.001944048936450339	0.06445836323087321	-0.8872996273126277	-0.051962781724844406	0.1179932950892586	0.3532102261264027	0.3364513246162232	0.580401905901673	-0.42381514304957413	-0.021596860870018386	-0.4753703580140706	-0.16343966207363306	0.6790121455796193	0.7157958290349928	-0.39968085026870254	-0.9874929534320134	0.7798151862310413	0.29780653876215274	0.2658053548247659
DTXSID2047777	3.3586899404806076	-0.27327599741146436	-1.1402725656735992	-2.8101716827579213	3.1555086209723338	1.8393436992589853	3.2519298172351534	1.4341788252721486	0.9459271579007125	1.5468267349574596	2.707798601551293	0.5883548089055546	-1.562157549733764	0.8966431691732668	0.19123265591727856	0.9678414110191164	0.0947190108719139	-4.484254140385202	0.3754931244941856	-1.124393770365586	-2.7801804012279603	0.04793800207819294	1.8988670841293689	-0.4934565075005586	0.6800837003347119	3.7599520262396546	2.145854458553394	-2.4488778118898242	-2.0847633314095155	1.452766633840629	4.350090804157395	0.09577632183679866	-0.7015982712826485	2.6766272891073792	4.3643006820621535	0.20644773489812582	-0.2958274773987739	1.8888982374307002	-1.2559924310982375	2.1333797506070207	-2.3315722149517812	-1.872568822667741	-0.3426361332720004	-2.222035699085629	-4.081583275291231	-0.3856870033774324	-0.040985116880237364	1.2349779542174373	-1.3624012270744301	3.9416270995487563	1.1439173349205616	-0.3110688753404655	0.2675042586489577	1.9129613884956937	-1.4365116076436288	0.9646074031419053	0.34973591438374846	-0.8229735917506938	-1.259080054592566	2.7809707156525927	1.5088447249733126	-0.2720181306446435	-0.25656293681346776	-2.7433834189920754	1.259519727010586	-1.5243275206637676	-0.2020038857218395	-0.7827538167025165	2.4327635772656486	-0.319763817184565	1.4872769551535088	-0.9565423300201649	-0.36286727577854366	-0.9077100054918873	2.4665262520977285	1.7824381798378532	0.8584263867494989	-2.1518462402372704	0.37606459603565123	0.3587043208208117	0.5199111261354323	0.22547956535295643	-0.202931556554366	0.012387813830320466	-0.041655663408473875	-0.019060956531198592	0.8464819603960447	-0.1683462422428561	-1.181403031346529	0.7575108537833792	-0.6210324906704167	-0.040203334845359345	0.3278377405253253	-0.6044918506294471	-0.06347759411986005	-0.40251421716429536	-0.633641277549151	-0.11024423155664312	-0.7335949470786887	0.30239442851179404
DTXSID2040236	-5.332369375132081	0.7380103035438746	-1.5794575428475788	4.166230679156351	-1.8557522096628591	-2.7944909646997815	1.4390904726225617	0.6650721686479582	0.5254426056255562	-1.613592770969061	0.23472218599631092	0.2769248222071667	1.2128078387554155	-0.26173876852635014	-0.6582813227030896	0.32137441502788616	0.4653096518380193	-0.29973650697784954	0.7963780275773427	-0.5260661932977113	-0.9027767746759201	1.432166567065772	-0.2559606278889517	-0.2802432875936276	0.698257139889307	-0.01449217189590137	0.20661487215564428	-0.8371593894285346	-0.9426050697772312	0.25204699095411	0.03159908142743407	-0.09995052905510979	0.298507673495474	-0.6298197298775902	-0.3549317698706991	-0.06792415341483943	0.007505910881900179	0.2596080638056587	-0.1124073231103356	-0.5155915816242489	0.15411867070805813	0.2288686638706763	-0.0369100513623247	0.4210841211272999	0.06311536234487923	0.20765254522509913	-0.7370340190533253	0.35457970719002296	0.871744825116046	-0.6447336603742634	-0.6489610652749598	-0.33448948383136007	-0.15979873616811005	-0.09322904594022009	-0.5170918822917291	-0.886704375513932	-0.903049148023533	-0.3950717654569953	-0.2824432622564904	1.0716402812136419	0.26973725130472	-0.7829494988756233	-0.2504354197009878	-0.8174675688455741	0.3148061534694074	-0.0007986478843040565	-0.09712199718271587	-0.5578811204963475	1.6122726205693212	0.1504482669863625	1.3469711420509995	-0.4163758519466795	0.7205008961320446	0.4433929511800982	-0.8522778436872745	0.9308608203715616	0.3266002702352605	-0.6573596176403361	-0.21671903250563032	0.0707211920014665	-0.5458844419771882	-1.079721400195528	0.6257074867072119	0.4884183729602332	0.02993692317387443	-0.005227109980177355	0.4131626095145126	-0.1138927545429361	0.2448290246377632	-0.439485673985192	-0.2489408406037851	0.2940363178939438	0.04139075024634918	0.8254166167251578	-0.8002245973792009	0.9178041061014741	0.03956671953045816	0.8523611848307657	0.11315816573718802	-0.2848354611742816
DTXSID9044748	-1.4514266762707584	3.387074289799528	0.8936291597929276	1.056639516182728	-0.9833892309663018	0.11612997984171783	-0.40546766031896203	-1.3312206260916106	-0.09836520448703644	-0.6154656216776518	-0.1831448749248238	0.22801774672232034	2.1616864406488467	0.2870084433861333	-1.232448771211494	0.5880171802905272	0.930541626743043	1.1570419367676266	-0.8551805701948201	-0.882696085031261	-0.6335643959224552	0.32495421612593717	-0.15187588430760451	-0.09187824623369102	0.5011424016349171	0.733987890287274	-0.011882989012601881	0.9429102571439492	-0.06728273477737393	0.31094374375653044	-0.0862573877812733	-0.28457030763822894	-0.11569118150504139	1.153178565298067	0.5420107096870523	0.06071761224166518	0.406287897064877	0.8786929372969355	-0.7010440414966197	0.92252406937108	0.4808336669049667	0.4558698534446129	-0.358289649735575	-0.8508008720385936	-0.019908488619375646	-0.05581196119696747	0.16821480652885765	-0.204723433394399	-1.1634514952278237	-1.4494403425398124	-0.8796780572478611	-0.2397938447475458	0.38384396308842333	0.1219476671193859	-0.5220917283340578	0.15588148228266724	1.0169023922545875	-0.16106333380691557	-0.9173311227309681	-0.3279694432149629	-0.33534180282089804	0.491598142956403	0.4540125136184268	0.45180264733991543	-0.5699103307787344	0.34807206483683484	-0.39570330339686627	0.24627144141410617	0.2902226670105132	-0.28058549015838175	0.6475800822764354	0.17219549813395085	0.0920493491082409	0.17468639499575553	0.2646650604083534	0.12860444674623836	-0.22698261757592142	-0.27433608957932076	0.49446211865715445	0.15690153555376526	0.49258814840656134	-1.347222158392001	0.8653677357459039	-0.6527057101536343	0.38940769988065455	-0.957205516549777	-0.57247741032088	0.17194373799990847	0.2419294211532867	-0.05284156979178912	-0.19766442993224922	-0.2422551950500019	-0.15455261791255617	0.3576085191067938	0.6508317709836907	-0.019649323101771355	-0.06369602113634242	-0.27254428991147567	0.0895584772517178	-0.21433499184084073
DTXSID8027373	1.2403259741862906	4.309036787303765	1.7605259200414431	-3.2131533747386416	0.9093402534987182	0.8348580903167865	1.3203269531389248	-0.1391108410147122	0.18353343485449883	0.6799935160324978	0.3257474974397654	0.7168143705322705	-0.5076757494590823	0.1381594784124345	0.02108795024648277	-1.08858911933933	-1.6961532774526065	0.6333420925704379	-0.296102390075946	1.1486940383537294	-1.1615635985480732	-0.14302597522028365	0.7550817642345156	-0.2393340022756524	-1.694275855770534	0.17741975551323097	1.3532941774252705	-1.266148992559387	0.17425133296164053	0.45328081663657765	0.2607477756720778	-0.532198474705385	-1.13822774408876	-0.36536821819929927	0.7917331455218616	0.03252903852795543	0.5688285547475102	-0.30682400266384097	0.41785094052394933	-0.09241213352195067	-0.47051543453972305	-1.03058079715642	0.29598913879206173	0.5375862900254387	0.5111232886391347	-0.4247887216107769	0.12115033353329537	0.7642984167863565	0.6261381416297358	-0.9300014381407931	-0.47647108850131714	0.10290459864419982	0.31089085510367287	-1.2542481574203883	0.033341184823128756	0.9863891702293759	-0.3857953103685882	-1.2072944820911125	0.24953688705969979	-0.8013057389805303	-1.2594077980420162	0.7143755647135216	-0.4994700481419672	0.9903468734142725	-0.014611930524524131	0.503348731315005	0.9171499655535905	-0.2922806015822346	-0.42050987632112424	0.36209379030724836	0.9005822211067616	-1.6991016887796149	0.3059931495927688	0.28601530693989324	-0.892219281234351	-1.1131291859373051	0.6475635166836057	0.3889210987937215	-0.3949589122404095	-1.1739111524092642	-0.5770419140993808	1.2030831881586734	0.8863130553687107	-0.9404788583688463	0.9831821371299524	0.700139912184964	0.4407266660496538	0.4824571374947009	0.5742271043596392	0.2079307992378815	-0.5624729182159856	-0.9344437980388806	0.28845774974595917	0.12777615131959014	-0.42397622990555595	-0.562468303797254	0.5397078094331909	0.164511437287223	-0.7050689238171988	-0.003486532293805373
DTXSID2036112	5.668219178663673	4.888243306510882	-2.2378836831590365	-3.7918666802217857	8.139186571466084	0.2600171020503058	3.6353666158056677	0.16416582975408853	0.4281403242897756	-1.271345940406086	-4.216985971315313	1.2319773030704084	-2.525060651889288	-0.38039805560164935	0.3016663471252286	4.436308204516143	-1.0768442871103683	0.052215071790132336	-1.003814818545723	-0.8324900894180065	3.724187534254528	1.280699498104221	-0.09105414868775329	0.4324402109327739	5.0363352614207715	3.998603975832244	-2.5220813640554667	-0.4751755447122154	0.508508807276941	2.2129177385207193	-1.1718526491977825	-2.3530664631816873	1.0713584987811906	-2.8036079742908453	2.2375568651839495	-0.8497654672777584	-0.8193431504961571	-0.3744850691391297	-0.8113886950217476	-0.03076198842774519	1.3114633983056958	-1.2640661422495256	-0.9392651501337417	0.638337450335416	0.2916438712441207	-1.8000735424671908	-0.9250388797876673	0.2380357741896186	-1.9141440951969275	-1.7091438098961733	-1.245451363222974	1.6107941701138961	0.3536548424392793	0.7267718608948076	2.604526867937594	0.008896828920414197	-3.7629497387267437	0.8527383313698206	1.9683931925348594	-1.65318820599528	2.564348859213523	-0.7716159472463365	2.2987293875863406	-0.6908869138609324	1.3773974565201759	-0.6874859213793086	-0.4791155069101136	0.9431439270724141	-0.47322893869811755	0.41442660709206597	-0.5982448653411158	-0.13329977594659048	-0.32076440401057665	-0.9833771487428081	0.7052675295972112	0.5289528012763537	1.296208298207082	-1.8754219864373984	-1.0517412116125022	-1.52091017060708	-0.4912766524334355	-0.715161930447456	0.15058488214033094	1.0032593607667548	0.2241067620258886	0.09318540563675998	-0.2817582486855069	-2.0011119752320674	1.1631333807849558	0.5295203030825176	-0.26365054092598705	-0.5356394020160962	-0.0647763532230145	0.6552946066600768	-0.5903639310609728	-0.02136805475322626	-0.33288705138401503	-0.26525632169386215	-0.7337466127545434	-0.5752301010591834
DTXSID5023742	2.9099802229377785	-2.0711434612529955	3.1599414390031186	0.640451957990995	-1.3786505381397134	-0.6806962544321268	0.526880426192406	-1.6578809715631317	1.2675722372943616	-1.0017146641369366	0.8819880859249902	-0.34340226518033634	2.884015039934106	-0.6201443531228858	-1.1242843449544124	0.705051595224296	0.5546928883593377	1.625284913932467	-0.7776936370783067	-0.3943685550062754	-0.48877863755925083	0.027917794678333264	-0.6287942582334283	-0.08803372099462725	1.0416007622499306	-0.602884474515869	0.29485848954125293	0.6010089202671783	-0.05137549645816776	0.3248152394043414	-0.3708978027382608	-0.22406668112053868	-0.8630460306683924	-0.480697619224968	-0.13428398281782972	0.6823103505646066	1.2519697875656783	0.07974413221117932	-1.0933023492541056	1.1943984618728183	0.4175273330865319	0.292167889171138	-0.354136201775164	0.4857464352816006	-0.6435972654582248	-0.2499582145789863	0.5815937101821315	-0.2201367173636806	-1.510317823781571	-0.6615519831615646	-1.4245093740133712	0.7239440942685424	0.89257516053251	-0.6245853177578017	-0.8504600588447666	0.5250267082252132	0.12802885516851706	-0.9847507576380956	-0.7429489197076314	0.533351292157524	-0.6917755935696144	0.05868324148140669	1.3632878368628443	-0.4184868373497967	0.17971988873535752	-0.18902730709855642	-0.4345615362504013	0.22883990262681814	-0.1467626831524899	-0.08679835062392392	0.9341045163089711	-0.23937296725292528	0.062176878455372224	-0.015322728788951969	0.0875023367191076	-0.5133117117497957	0.08189575629651444	-0.5824047493169153	1.051953334366348	1.0248105620642882	-0.12407766254544954	0.37308036425619323	0.7471871142112031	0.01861088755715596	0.466446078472159	-0.7961353229254194	0.4207256808933052	-0.14081404534347666	1.1729207517584013	-1.2752994398743909	-0.3258522174047337	-0.4660718633055212	-0.20023804602232106	-0.1645625909915805	-0.3069242422509036	0.14888391737330386	-0.1236665126629495	0.20035457758679281	0.01699974878148231	-0.06867365554871133
DTXSID0045173	13.340807722235173	-5.952564274155411	-2.0345038940682407	9.012888186376607	3.878603636135739	-0.8004799118837912	-1.595411714289558	5.65125982779234	-3.3836936680787124	-0.06386381341944346	0.5094212207501692	-1.0851863648876867	-0.1857069434307254	-1.1750262384647163	-1.9157424591360928	2.498276758766532	3.3950787607891564	1.0852936467654868	-5.4209017321873105	-2.8175528076884286	0.33800387664291326	-2.0251268878861657	-0.34199162983903586	1.3588817181133643	1.3692591560644043	1.9558190518181868	0.4385448556885183	1.844454732674827	-0.2060635670372234	-0.0061597422085629405	1.2940360579901697	0.11274991867464389	1.1116154957500906	2.0154624983057827	-0.4243127121853774	-1.2477630370911288	1.0933977428855806	-1.272324126247127	1.4542401200927708	-0.20190471938655513	-0.5346071729885241	-0.31438548067426436	0.692070496324317	-1.5912551219846742	0.23049954385735746	0.24855237778775272	1.0355354435194346	-0.6797383584022385	0.6546154462358069	-0.311006183911822	-1.277518508082951	-0.3098125618626533	-2.1883714897382323	-0.25853407621676705	-2.953101048930439	0.7429394678407217	-2.7380079664592047	0.023258754791753645	2.813958521985851	0.8772036436175537	0.04277065017334159	-0.6349662239075162	1.9948504474127127	-2.1554676570533076	2.7850125502687315	-0.934527631927053	1.225156499996896	-1.9897643089703747	0.43093455535374553	3.309582510383448	0.8310599005167328	0.38436018511904163	-0.5705727261431979	-0.1668688743149053	0.2800279176093487	-1.4497301068034179	0.5504802857533422	-0.6371075524377615	-4.235425740061799	0.4856355866943278	-0.8328245304476974	-0.6994866841307388	-0.5797487969151238	-0.7291597848771901	-1.6243185667616107	-3.606606061760806	-0.00782661049872116	1.6604207374478126	0.6494787723179742	0.8039918522219658	1.4953891518928952	0.5248258536410485	2.3974990233770574	-0.08892372149367815	-0.1216558597319959	-0.21330207170723287	-1.6606459900482784	-1.3581070815634617	0.35001078700729554	1.7692593051234964
DTXSID2021602	0.46178685483619714	3.9006095461934565	-1.7260829696859692	-1.416726954478357	10.044718619796381	0.7418819906408805	0.22088241979771717	-2.8188498028196722	-0.5059191477089027	-3.9452969627670313	-4.983354760976266	-0.14901424371099412	-2.432179032254973	2.9187788090284985	-0.32608242982979935	1.722105186587099	1.2296040191402746	1.5143170910234693	2.531093426003766	0.4161020979915585	1.7846482006321178	-0.37684420418803066	-0.25897823766787803	-1.7048046601739788	0.8275525786476496	-0.33053201391188275	-1.9003540151722182	1.9587090210316553	-0.6205829567128974	-0.3024236406506252	0.3700280677166418	-1.7550693406892979	0.20277907872842182	-0.6756688110827656	0.1973634176754974	1.7655085738036675	-0.5547891774817878	0.8650562382286497	-0.8335811734495293	1.0488394359377753	0.22450789249603342	0.6049329572130705	-1.217329628904609	0.1722788830811826	-0.9280894192967369	-1.1227796082517625	0.8772209134482064	-0.7772690077525497	-0.1540783328892015	-1.0359882189074334	-0.689890066524012	0.06653804164182973	-0.23242779244898118	0.30313485800213535	-0.4349482868450363	0.9169363775708766	-0.2772552753576977	-0.04165539935654726	-0.9516797736067291	0.1757713807314833	0.19327886379440012	-0.5075090687910748	0.3470320672406121	0.15456332361852718	0.36082527670547704	-0.3187192730249747	-1.0344332489169805	0.3731762925115243	-0.37826115001303534	-1.009395446007928	0.264858814745954	-0.10105356452339875	-0.41298638404318766	-0.15024696052725364	-0.6730704942922338	0.43724400692797344	0.4601513795719929	0.5073031344242204	-0.09482683176938243	0.06551478627005385	-0.13237970474301047	0.4733222217034558	-0.23216174475040813	-0.06425311383547608	0.4838109012723381	0.5108160363458618	0.44929221227048627	-0.20078314273680356	0.036673548802639275	0.13679584046571888	-0.0720088938681574	-0.42145551025766775	-0.01476978417942047	-0.09323762996180444	0.6358732918082407	-0.06596271913274031	0.20389698470061668	-0.008850663926355164	0.06743921914509156	0.01733919323109287
DTXSID4048854	3.8459070249107654	2.875098992164646	-6.073098017714325	1.2649849241698587	-4.393539073276715	7.282513726780171	3.641873992491192	-3.45512928456668	-3.9388515758388127	-3.5825281787314385	-0.7925166354242433	-2.6063109932543522	-1.566645368492912	-1.4831499006264501	-0.8989744026104816	2.3864113962224125	0.16972243439929627	-0.09100259397143691	-0.25518784805446376	0.5294360666014983	-0.3165528677557586	-1.6922769104394075	-1.0627932425935642	-1.1861079245226929	-0.857216682912195	-4.1562327898502645	0.1739819788929172	-0.6113983910088069	0.4030461491816638	-0.26928818110623537	0.35238536242078494	-2.087898650640815	-0.8656107892346891	-0.8823295460671726	1.0128349699413854	0.06262098593795253	-1.4078697671126634	-0.1311064331171866	-0.5867488286435641	-0.35057096681765904	0.12287572735088259	-0.3583193643154646	0.8928626870769931	-0.41004318705967335	-1.1497604075024996	-1.6535733850512637	-2.516028200537257	1.6076901401053112	-0.30575566223318096	-0.40886743780661	1.155929976248723	-0.6123652087336309	-1.9079534761206487	0.0023733011615833274	-1.496413034320859	0.4097453505753995	-0.40427469091264984	-0.47117234730816016	0.7324254743969247	-0.2827818457818135	1.388898530546864	-0.8611914498585682	-0.4771029092655162	-0.03630789825973396	-1.8554696462087512	0.8061502126707024	-0.8331929093866343	0.7990126269776555	1.0044635618185038	-1.636715456987885	0.9552081010705211	0.773493089624579	-0.7402049974912946	1.010535707684053	-0.24187591770212308	-0.08966276996567835	-0.8157966594160061	-1.096612367880126	-0.6475735263316177	0.7813870578043665	3.1439550264683693	-2.3241737271402187	-0.01965055894294937	-1.0359424231551253	0.4747756884147942	0.2902756564939329	0.4914186449377784	0.0794463713219701	0.4824108554431941	-1.2000177657082058	-0.15378093697429598	-0.07294854022205075	0.0040644940507615765	0.26404625114189406	-0.16751369000741814	-0.4113411078478886	0.30836622883019055	0.19620631487101503	0.6043445785085059	-0.39401402584239614
DTXSID6025141	-5.399960436390239	0.6274176915629158	-4.996734198885224	6.174440796456862	-0.8536485191881381	1.5013423469574572	0.21011134640091397	0.9988542243590165	-3.0837916208131593	-2.709822503625894	-1.2218258051256257	0.6825817037924624	2.052011746041615	-1.9858723220615502	-0.4540326879756499	0.7188489139100043	1.4569099917104433	0.10899532628355107	0.3720018239216698	-1.7775370032104774	-0.5565594685647298	2.007859314693795	0.3610937310302252	1.0682494172524575	-1.1891235632583477	-0.16190221187326784	-2.596666500846923	-1.1344092983264917	-0.30258658128406674	0.08510735407015557	0.14797662043528328	-0.3180323098238588	0.6570005904825362	0.5201845883490902	0.48644917991102954	0.5283996695097374	-1.0657731368104248	-0.024215467833037827	0.3919635040996833	-2.1068884754401203	1.3608536611908941	-0.6732882433019476	-0.1528782846925541	-1.4525201201201026	0.11141701391042606	-0.19413231520626792	-2.1487669301848555	1.2622028203533986	0.1562986063506332	0.5396111791551826	0.4344778002406939	0.4230401492687333	-2.213527179439914	-1.1266334074146023	-1.3685069410261537	-1.5569002454717866	-0.42407030494961223	-0.44594958126426754	-0.5360000639151536	0.2907168203709263	-0.6858396560062482	-0.99398854057283	0.9609224918147524	-1.1350896434751363	0.025667358207693752	-0.5665061092408759	1.1899875738737038	0.5095822814681754	1.8272302671133662	1.7879090680883203	0.56539954018009	-0.3770864448500499	-0.4958086796511843	-1.683998858006096	-1.012707794033645	1.1325663463643936	-0.16916216178002005	-1.0578629948780922	-1.342357580721648	-0.6076565670699647	-1.1985375109577159	-0.8990619849820168	0.03033345735865317	0.3917031905222595	0.30859243305469897	-0.6097533404295763	-0.9580847990790342	0.5458395319360217	-0.044088177163512925	0.053815980714405645	1.2076970152137978	0.8536077315148712	0.497964327925469	0.7042286333765709	-0.5412443983207695	0.7717368891615815	-0.05422921403161933	0.67005552746836	0.11941425496723679	0.06845161067133818
DTXSID0041359	-5.38833274176364	0.40118578943518923	0.33399078391116416	0.13362892258047862	-1.0297015882089933	-1.8439174685990456	-0.5293666599633524	-1.0271048983820348	-1.7635216649367758	1.6613580642795205	0.36080100703054757	-0.3133103250467589	-1.138352190489736	0.8165086698424594	-0.017072113437987792	-0.4013511017328039	0.07983457835527755	0.8133807824816771	0.5089509741412015	-0.3943642360601953	-0.01837443633026895	0.4047654201298235	-0.43561899422267003	1.0103169998247956	-1.0383836317772968	0.5247360786675695	0.7239380082633161	-0.4041225664504875	0.4095477990527137	-0.6756682342647146	0.3963762165514357	0.064111024590099	0.38628304938682223	0.05050281872455831	-0.09024983921930628	0.01868670709600839	-0.8554386504797673	-0.06802452468424325	-0.3333950075506651	0.17729376561737722	0.011764327871371905	-0.2854938310801833	0.049157574915886876	0.2289309158566717	0.5982776696089096	0.37681065701688177	-0.08309057689011426	-0.3481237077755686	0.4340303557362928	-0.41397804747099937	-0.27903946723522133	0.2862257752310473	0.22958352955192116	0.5111006950808239	-0.11940273861342715	-0.24313923055881773	0.4555711674577942	0.040676379610681344	-0.00384052930403788	0.010695587021474686	0.3850658718459117	-0.5744602107177006	-0.32884764402923883	-0.4521493266135322	0.17959334401454533	0.019109061611384138	-0.12952748827857924	0.07245956057080162	-0.010295881349162244	-0.11750276898413516	-0.07115616104789424	-0.35629516255132326	-0.38396980213070747	-0.1203396506895577	0.4172747567195754	0.16705056163394771	0.26066876941297906	0.20363974002315902	-0.016675402135938235	0.12911792402431052	0.11309768538295611	0.15599868128692337	-0.24352679349464185	0.08459149814542144	-0.006371362926338626	-0.145656521304158	0.06586534582999849	-0.01521529360737137	-0.5120556966008492	0.0649555848970319	0.23742264988562164	-0.1078024104905483	0.005777594543395654	-0.0575743468238536	-0.14792557254252933	-0.11361375217103498	0.12074056618444229	-0.3122001427369968	-0.31963052125570784	-0.0009706581849740676
DTXSID6038827	-5.675716014703316	-1.283445409998188	-2.072765057817999	3.350986113442711	-2.614801151752661	1.2608289799026202	-0.8394681832282451	1.5765664819978422	6.076827735299838	3.2727903429103233	-4.673474619209906	-2.7168183817013603	-1.2331892364248227	0.9957583148687906	1.2857505207212678	0.908868173487721	1.0868637086526085	1.1181322439737964	-0.37233985675987896	1.6198001601132026	-0.3338909572156002	1.037431273223996	0.08746337012427002	0.595151736943122	-0.6276262066056283	0.8084388907238577	0.06160107621312662	0.040681661889753806	-0.16783501815514618	0.45682283759851805	-0.20898083119558836	-0.006121364265731805	-0.2705233854001814	-0.11255125339285599	-0.2405345302188156	-0.015055397896621473	0.10659012512642044	-0.20257113786894593	0.5523922010496681	-0.6048894992494084	-0.04283838627447384	-0.46634830298044083	0.25132153314834876	-0.07063906239301918	0.042879923779996096	-0.12407435969292425	0.42209526755372057	0.5640264611764964	0.2992012104727885	0.006568207442684761	-0.3456907432612154	-0.07062757600245656	-0.0096785624126566	0.3844313378057213	-0.11125894472822452	0.20043446552515995	0.37518191598929856	-0.3895324144595499	0.29941217471949	0.127781378805878	0.11095484952858244	0.00892383337366825	0.2308452714073523	-0.3810757800577937	-0.3710018301075576	-0.07263773636474961	-0.6054674571460991	-0.092352277179978	-0.2525119122911614	-0.22267257458273151	0.2075204960184149	-0.22947594655380754	-0.46189543416139694	-0.017170957598192264	0.07073851696877213	-0.11264538269374676	-0.1469141134878314	-0.014735705685144145	-0.03102512733308745	-0.11957264900300131	-0.012091085864668434	-0.05267127497146175	-0.08130288459785995	0.029167661421621166	-0.04654528647043692	-0.19050746521646034	0.1177410102569212	-0.2124481872892801	0.10169638601933026	-0.10287367614281653	0.030090840101308008	-0.09042132914815643	-0.19488977104867672	0.014075951280820452	0.05816191107213399	-0.002775713433227989	-0.06747068172058128	0.028039041067144277	0.016022497262086925	0.022444407765823106
DTXSID2021151	-5.228075907189175	-1.0563269730001645	4.990073773934922	0.5094919969046949	-0.05135884761764742	-0.2117743602160277	0.6598760881944477	-1.4582288471448204	-0.5901748830177885	0.2467555340700803	0.4959688931170355	-0.07819182727899385	1.1016485344213767	-1.1592460607082695	0.12460881386588687	0.443727181091743	-0.046937071059133466	-0.03307048924053519	-0.20002483056774137	-0.48309055081964214	-0.28919405844878593	-0.27824352509743133	-0.41043714949510274	-0.35296765820362663	0.1992219769451694	0.0057063450592157875	-0.6586150332096029	-0.1638015146092784	-0.9606176637253219	0.027856935121652406	-0.35267921860697926	0.09168972931229886	-0.9416025341436951	0.04602015517522288	-0.30779802442408016	0.8288057368751075	0.3907977649451142	1.2705937252700656	-0.6488111901033118	-0.2445661074964483	0.4265096473946606	0.6769579848786695	-0.31629677308501297	-1.037430808316235	-0.279128259615679	0.06056230711487917	-0.17103954060661272	0.44179170177551025	-0.1923220528488451	0.29806701634906974	-0.18667721533161083	-0.6752069326864112	-0.28712151275498854	-0.03674482637326385	0.3825936852912525	-0.274224149531786	0.1527878286938041	-0.1655279941442464	-0.3601220793213775	-0.1206608169566099	0.2133015924988242	-0.8294890753555006	0.6995228747174576	-0.09047991015373777	-0.10413269202699374	0.6268081482528635	-0.19138397696993428	0.215257252586517	-0.030632897706632536	-0.06764363216132054	-0.06844177112639416	-0.21548518955971124	-0.674183013611819	0.3649087178575254	0.18110710200365532	0.08402413804381124	-0.22608546958058598	0.024194939549212625	0.2160483637321759	0.8008289963457316	-0.2372598311138749	0.1064154735854436	-0.13271812022160276	-0.4848661554794225	0.20500229855915778	-0.10917492959597709	-0.006194546011862143	0.30912780313457655	0.6121619563412378	0.43214374978616227	0.21529918731174863	-0.12827720682597346	-0.2693191453230122	0.22084545609091835	0.1378684603082637	-0.03051565712572034	0.07151742248965308	-0.1241536938713506	0.12997466024604382	0.33256596505068753
DTXSID5073901	-6.8320135998993115	-0.1489914740352312	-4.349637046720104	1.1416503065024743	-1.3378146228583374	0.08064104419849025	-2.819864804162898	-3.7605443762480926	-0.6021884091047587	-1.4747624846357519	-2.8160583243595996	5.344380937076285	-1.5231835144710573	-1.9562951434821794	1.0877410159632412	-1.4685752300123123	-0.73555745271665	-2.7597749842054555	0.4995271233030409	2.2356941174432365	-1.382956508984035	-0.7632437242060897	-1.3986923505231188	0.2635084078848895	-0.6871338616898943	1.9694070907627457	0.5979017131713534	-0.39185533025159147	-0.9485746669032692	-0.7274025853438774	0.605204173025406	0.19387067532209304	-0.9377601589737007	1.3229424795971054	0.07024570620410425	0.8909115997065511	1.4809509399813392	0.39604377847333505	-0.8480560736391103	0.533755465987517	-0.225097026917895	1.3586215154464416	-0.17340601691992422	-0.23958374968635793	0.8430784479875969	0.3458962790368051	-0.5974703803925188	0.5515119901879035	-0.18307677858098084	-0.33175694968131214	-1.4980628068593254	-0.9029569861784081	1.3578219208804017	-0.4516875584740153	0.511646869832171	-0.3094119059206417	-0.0774660648447398	0.6951906625282436	-1.2911350452592336	0.11802955377612026	-0.21675071191731043	0.012589033700888945	-0.5102507131018656	0.4543998043122179	0.6263457628069653	0.3737580723086353	-0.6625086030305368	0.9687785263326143	-0.2504993467229538	0.9820664204065391	-0.6773870273386142	-1.042376928073077	0.7687150595103155	-0.7866076817255981	-0.6667634227806549	-0.00889247933778687	-0.0858182408089543	0.44997316538033855	-0.16993668398393452	-0.31023253815739854	-0.12669720994296418	1.1808287517883107	0.6696913442110844	0.2028419589839956	-0.34639824024564053	-1.0052078123548187	-0.4414200091271947	1.265975694210803	-0.5514560108064482	-0.7355363991573319	0.010818625162971482	1.0451765253342649	-0.2565301845923002	0.5934208948291346	0.6595843987185733	0.9140756837603663	0.02404780230545217	-0.22812598803121417	0.16022570286129803	0.068480543724186
DTXSID7040653	6.0654814102918335	-6.093588307598188	0.6776461001003167	7.4387085545478655	2.7872036486290814	0.06550750795293657	-0.23577872516611417	-1.45303947403671	-0.6314412412233471	-7.781588519279015	-3.5655098948875006	-4.552386972968575	0.019572821399515272	6.004738733067103	0.21599768738965708	-0.86622736201704	-0.9541993421248708	-1.3304804825092156	2.55816380770677	1.8232602067345947	2.8016475744151546	-0.670522765996221	1.614421548222382	-0.12932423898315892	-1.6982253266814602	-0.3221650782908195	-1.4314508122059026	5.995539825585616	4.551059019262751	-2.9253401542236874	3.314902281286327	0.5831211997116096	-1.313528437757332	1.477885719965835	2.213091366575251	-0.8466313264132165	6.1202310846661545	1.2150199446206422	-1.8285336431007067	0.31020921238792987	-0.7652852714147125	-1.3807790878415152	-0.8791883323248451	2.4466262239596572	-1.6933484372956573	-0.27949993003068346	-2.081890723138713	1.3876672842689666	1.8656712360048098	-1.9137619958821699	1.793892693064492	-0.48748678941293727	-1.7233451023660806	3.0869771748309924	3.3731597474387573	-1.5570222685361683	-0.23515968341367577	-0.9824924365173942	-0.424712084985666	0.5709776117719914	-1.5869094157127879	1.5204863399020876	1.6672700332567	-1.2651641416941062	1.0937766409817666	0.4746399301134697	1.3575197409534192	-1.1910165501915702	-0.725140483976633	1.5666509605505947	-1.2111633629583078	-0.06506574325566887	-0.313893232530077	-0.9311873244009553	0.8689416834940239	0.8958632733069214	-1.8945635682378272	0.6597194229867311	0.09930762358714793	-0.37817900768548934	-0.15915189140888228	-0.31033837393468466	0.012690014344307648	0.8490961110035643	-0.2293806617333196	0.47976108565820413	1.3572294720376818	-0.22248868831287522	-0.36105611796468073	0.46186739901763374	-0.012325710458935128	0.1507404949467958	0.3164329901920004	1.0849828849283243	-0.977535964454104	0.33694942938059	0.4645546080915759	-0.16173295166953358	0.6864595886969892	0.05044023774599086
DTXSID8048733	8.949030261239253	-6.667388546177397	0.32893880872608144	-2.3251163496941962	-3.3728951328219843	0.9190257536166602	1.8475871241371282	8.77428010274794	2.433328106110382	-6.600227798236416	-1.1890866263610753	0.6572524951871874	-2.2523182701427067	-4.874972373559979	-3.309120711403646	-4.39410554508456	-2.0184550751966546	3.822702066894341	0.319713558206699	-0.4956106227515191	3.1866236946469737	5.370520535748899	1.6890334038903088	-0.6431528222116819	2.23567223030031	-1.1762286469112773	2.4087186067893938	0.7250196697199336	-2.0283926123939806	-2.4482470518847625	0.8904499616681668	2.8033209792828346	-1.7242337192257204	1.3818526039824783	-1.0947452549109793	0.934934963619919	0.43222903250500383	-0.9882342056262156	1.5270243699697457	1.0826876346936856	-1.7846605226061554	0.9368600989381393	0.09254242760971859	-0.6584064710688358	-0.34590179660800224	0.6140018048157785	-0.37560304942551015	-0.19235047447941636	-1.0460509221647791	0.02799242960591452	1.9329919170457757	1.2581451693654522	-0.42518634258264243	1.5833265750709498	-0.29204022711856	-0.3680181554843156	0.37340195784968017	0.11310290778693831	0.44087263270003846	-0.3590530652068237	4.287074740508191	0.6333810468973251	0.9706485220783247	0.7491601141595142	2.1374273845314913	0.09726849323847932	-0.9361266453486997	-1.8531839059238473	2.5586710048804124	-0.11012238096224065	-0.8801566923316713	-1.7822323699345624	-3.7850119949714314	4.118564937122679	-2.8868055819599237	-3.524609448353092	3.3609727399327105	4.628773195515345	1.032057126733453	-0.7360845076329527	0.27723063996445546	0.6985016605472063	-0.015568324889932733	4.284957011173371	-3.4986902557091732	-4.4473465796060445	-1.3606587497178633	-3.0408896136789765	1.915843865281615	-1.288551383577192	1.2842708614025566	-1.0046138222679724	-1.213621984927847	-3.58527380627798	1.3975276292813377	0.1537673548784475	-0.4763741447367206	-1.8830442351590355	-0.7924787780396069	-0.2044458238858117
DTXSID7047562	-3.565679353371472	2.611152313104822	-2.2923690111348303	-0.3054333289105509	1.6222822509340318	0.7746665824151716	0.6959529311737782	-2.1080283008178	1.3593541028723106	-0.5857957967753297	1.5486450010653519	0.8192375269461648	0.9995589181336694	1.1555013227132407	0.4261906394826527	-0.45528425033464187	-0.5404451083144799	1.1130467608531376	0.6399015000390044	0.78131421505699	-0.422491093050781	1.1064667814525955	-0.63879065046067	0.2084931730963831	0.7073883793459254	0.28012477095043614	0.05192202192671637	0.3551249659897579	-0.10359562287764999	0.771355227335489	0.2956222641937281	0.824339135747683	0.6135009229963725	0.14610752399319607	0.006224182127200082	-0.5879922636081276	0.29602533728047015	-0.02769947222531019	0.2325284420595468	-0.8554782663639302	-0.00179123511397969	-0.5536143225756546	0.014277046699635016	-0.3154916684076289	0.47847591708977316	-0.24140584730890116	0.2558183096302962	0.4020771909735038	0.0543760961271606	0.07912809080518148	0.2578483476486427	-0.3707650657889387	-0.2550098679193471	-1.125334981782624	0.0009871741944495014	-0.4347016641292388	-0.5395619425334145	0.11586789417218993	0.034806944473424486	0.7354326590310568	1.0680762541504307	-0.2278235239393923	-0.23031930041993123	-0.39109576035791677	-0.5819285808858822	-0.4829273800800266	-0.556430881231944	-0.24208701393376558	-0.03395694928508072	0.7270249597831226	-0.40473068555424024	0.15005389956795356	0.2323745690020607	-0.06279176600474547	0.19658576149750612	-0.22388633811020564	-0.17172961549307922	0.2958929199406523	0.035210063590268695	-0.11550031662501545	0.3205568858471375	0.12265808807192918	0.08248724461547893	0.049227635000596674	0.284177104844963	-0.41927604323559176	-0.1933313433431462	0.05863512986113358	0.16817915307513598	-0.22446322705011348	0.2689414184726427	0.4272268745008769	-0.46422414293247455	-0.23004966857939244	-0.2601107170180105	0.052843895133879236	0.019519253478414454	-0.009687208737847041	0.44859477834653666	0.017985831649151168
DTXSID2042436	2.0328886152114527	-3.4001073871677314	0.7049557380798717	4.0548300480187205	-0.5132430501199015	-0.8565603217368938	-0.013401760777100955	-2.208580663753843	1.6049580481626504	-0.3697860771302971	0.5511391612099384	0.11748751721136311	-0.5037633466746693	-1.132817440066556	-0.40646351893119725	-0.08924101517069905	0.24871260714090912	-0.4882633189594886	-0.7794792587016505	-0.47043547305638445	-0.48901561007180977	-0.082000910857458	0.16354800084649931	-1.2431102957218845	1.4320779245538198	0.4483833347042474	0.03453886595376328	0.09601011041157237	-0.04118516299104798	0.47323083408034317	0.3689938015069634	0.6638289342736057	0.5756203952972994	-0.3092285102962851	0.7030346827428425	-0.2338893424402305	0.5357022093035914	0.5109261169714875	-0.5029156617342697	1.1049564073339033	0.3105957876979524	0.19671370818119216	0.20698565602580749	0.36290405147451255	-0.06655276490182095	-0.4812316453436474	0.08068958820983482	-1.1100072900877689	-0.01665344533493232	-0.9115122840316453	-0.9877411268784616	-0.6794317541508026	1.177699862719164	-0.10631825625555348	0.4974652988735899	-0.7189803167823575	0.7324744249122598	1.0981767617082094	-0.8795803956154818	0.05849252257494726	-0.35588903855870285	0.9197299029669851	0.08545446008642459	0.7271622711409425	-0.47904604703102344	-1.547273974776409	0.9512403299897345	1.0816935014803952	0.6149288415749284	0.32980810578720426	0.6642169519579335	-0.024389636498739636	0.2422049509921632	1.026443574897339	-1.0157955005081323	0.07125841567577505	0.16378290541019475	-0.4290425895161883	0.0012943885896644612	0.5562429155842719	0.545026414015107	-0.6335415132057863	-1.3434776994288526	-0.28987735061782127	-0.19061618830065244	-0.18368270137367398	1.248699373786538	0.5408308981963051	-1.0361750357942057	1.2480398027504904	-0.35299381939523383	-0.0650047766096675	0.6760058752205721	0.7764339408090483	0.5225392460382444	-0.03789048698127882	-1.717081816010818	0.5053354912418202	-0.827238117088095	0.2680289466317072
DTXSID4024646	-2.7744070801043628	-2.754309374299267	-2.8799213354206503	5.257099694700619	-3.0474491329130573	1.756350200030717	-1.178255657511505	1.8618346610564884	10.149644086916869	4.029448387190883	-7.388306027746903	-4.932735728134161	-2.908501968665826	0.029763635509126148	2.449651319027914	1.286352969255797	1.50654522721277	1.5510958510815045	-2.6659546354936863	2.60195233697671	-0.6625626054105134	0.1119227072215612	0.050021062588740874	0.6822387145967761	-1.3674653504800993	1.3010922002421832	-0.22479115516122103	-0.17570232570101937	0.2469059378436231	-0.39307841134705424	-0.04366078794432309	0.2657982681105661	-1.1282564356287752	0.27794461179450686	0.4924537974106402	-0.39487353475085113	0.6545974674680196	-0.3051927638352799	-0.030545021186963832	-1.288783210851019	0.016610395277368323	-0.12905051019641214	0.792391326344121	-0.8650638320321901	0.2477793606687754	0.3031686975922546	0.5785673993929509	0.6057191184385052	-0.1919390608422162	0.4903072983410053	-0.16856815523485055	-0.19326087160741431	-0.26978747970449535	-0.20893015281779154	-0.03370683548836286	0.38523195142277006	1.0934422366834047	0.04683084026249367	0.6365600881275211	0.06398459939477558	0.05782886779003707	-0.6849571920522125	-0.4109127816489279	-0.09912511731167949	0.24860500180645514	-0.1146936595255179	-1.3856258142445723	-0.12570906232772824	1.2925015634078931	-1.2114618336931062	0.25489250867301644	-0.10722907969777039	-1.0117393052331844	-0.5154745750219811	-0.2909073617645555	0.550808509086936	-0.6344092456424397	-0.34259871142513443	0.8157375471978844	0.48848694447578644	-0.30126776734825567	-0.08087723335425684	0.09245430842590621	0.18358641497422695	0.07757481466360552	0.1548292554887309	-0.6093342553968376	0.3054278037958464	-0.6040620261008575	-0.3383208776223174	-0.4175989641531966	-0.6580182989188104	0.1487324830655635	-0.3012461375146847	0.3555807508184123	-0.09155642547549528	0.22580016879294912	-0.34924323144526004	-0.008160910696063796	-1.0798998004209073
DTXSID3029312	-3.4909923681704798	-1.664280428218534	3.361402418111441	4.167710733363855	0.4220088022585379	-1.4685458091699204	0.43393849936885964	-2.2337315727437606	-1.7391938424677358	-2.7383783678059257	-0.9631642427817747	-2.4892815784375926	0.6212499652122572	2.8970479611892213	-0.5895525331482956	-0.9325869057173765	-0.362823812092144	-0.866281996125593	2.338683184316403	1.3069828063438529	1.1133993703520029	0.4234858212291335	1.400440292743795	0.5567669867484258	-0.27654175169309364	-0.0033463554239443103	-1.1214794777604962	3.2943307412134484	2.020186273935192	-0.9674431301358896	0.2791169827334927	0.21806268405678475	-2.164333379809397	3.816924426411097	2.224784047051612	0.4715865786560323	6.943233068924593	-1.5646134151680724	-2.705893708980724	-1.0354573082822334	-1.080121636344066	-2.8935564384595756	0.07664702440722859	3.4418098542108635	-1.2006620558154106	0.7969741606574768	-1.993152749630414	1.0837089712895551	1.341230000138403	-1.4828360143676576	1.8351634433252846	-0.50994954693841	-1.6238081010060645	2.062439224211313	2.2954992054680066	-1.5220394934449828	0.7408417624931314	-1.0416760464067583	0.5500543450977929	0.13107831749635604	0.11489866648976828	1.2817921325366883	1.05047487772953	-0.5084253328592072	0.8392790124195311	0.1890411082947124	0.5357118535379793	-0.430136853763344	-0.3165273672488799	0.4932945536955727	-0.627099099235271	0.16702387842566924	-0.04536150916006921	-0.32717015803486144	0.5125586484044721	0.540410572740849	-0.38373685320554657	-0.4152155080749193	0.5555897225015124	0.30011944058867046	0.10790743687947725	-0.06428326633900919	-0.17666223558528876	0.14980350927484398	-0.21281428708187047	0.793697041275961	0.23673338360969767	-0.3837583022249255	-0.23545123604347176	-0.41276913195506354	-0.43338581068782694	-0.07230572867260282	0.27029746887870754	0.03736166706475309	-0.47675055234494046	0.43726280372371235	0.6265599331655164	0.22106045319066053	-0.34386985839654166	-0.16774627114151525
DTXSID9046289	-0.5646091456876396	-0.5993705776308922	0.2689899158796295	1.2636228461481627	-1.5040781544923445	-1.423401944319608	2.5062561251877757	-0.012186032393183588	0.9504931068280269	-1.0717733988684093	2.403135587109736	-0.06030400937058145	0.29633282409759765	0.25775349090718547	-0.1704873464464932	-1.3339934068839099	0.48477117512374845	0.37450908173325487	0.4029701568202031	0.40266528433415427	-0.6090243720391241	0.9767636810610312	-0.46032901591166747	0.391934492576374	1.1339048967319107	0.05362556471731036	0.974956451059169	0.4262967440959857	-0.002096573682818341	-1.2858738197998196	-0.7135192460928147	-0.09780892865605656	0.547756006885077	0.6705174595169939	-0.5362539197223831	-0.29377714644098984	0.08184536575315328	0.02589233857130508	-0.6710238237914019	-0.2089378001876221	-0.3101622869157333	-0.9148391597584971	-0.3570968478293357	0.2260465522093476	0.4117389540472034	0.4161120721512957	-0.20437245357508185	-0.6175119773344326	-0.4466798732012838	0.7764193237415518	0.24076707764883593	0.3655404389856571	0.34298144441164724	-0.6709364555180309	-0.4786051696292405	0.29359137190043627	-1.0049172539250317	-0.4709569602178443	0.8358848317711556	0.5321014034365436	0.019317622980580495	-0.9844665943712877	-0.27658568120055393	-0.06836459337058368	-0.8562223062425104	0.2260302922044812	-0.2963687617322845	-0.37816461398541223	-0.17288653702870496	-0.43546293822666843	-0.8603274171026833	-0.18091886593748152	0.3401667081457218	-0.3394189345033189	-0.3213668709033735	-0.14684781920476989	-0.20496384162626938	-0.1684816727942659	1.1038325103717999	0.19268030897536223	-0.2418483037690902	0.6611234982080042	0.2164342773444529	0.37175151917991095	0.3709445644182278	-0.27076591354459356	0.4479252498588758	-0.1676234769227194	0.11453245290619068	-0.14393247500583656	0.025875618715442715	0.018364647422286245	-0.046624675147618415	-0.6605942988162897	-0.42707410565786635	-0.07304889336502758	-0.1404656227686391	-0.6457761832727335	-0.3185247090412431	0.17318925619624076
DTXSID4023385	10.38867151056993	-3.8167894891030993	-0.08855920084709143	1.3167953806539823	0.30721095138526167	1.6128839347457475	5.477506628777791	1.2893662647507083	2.5831538152933162	2.486348559016287	7.776441579118879	1.459797535878744	-0.35025259779501755	1.762841054740042	-0.5978874137474139	0.3027700637922904	3.1594466642065626	-5.451395445102252	2.3870449133250324	0.32293649902208765	-1.0179420643879966	0.0715288168216117	4.5875571008169205	-4.057179426487864	2.5873233609191852	1.372671574005753	1.0245341956059064	-2.0232682966912514	-2.477033539275286	0.06832149043119663	-0.6978341326936713	-2.876523528593043	-0.7900131547957159	-1.103467792736203	2.234697041673175	-2.8515229091287684	-0.529622053381017	-1.1094359502934654	4.992533977574954	0.48625215764526397	-2.229105968899008	4.053628909496721	-0.7891333477060414	1.485192981673569	2.020235306271017	5.478819998398297	0.4486425317279299	-1.77968186668047	-1.2764665962394202	-2.5341845338201514	0.6475083183108852	-1.7371953331529053	-3.4966042193221853	1.1673927638421462	0.7268107211142967	-2.8429187683934987	3.1967098853903857	-0.7861411477315712	1.7951080993773232	-1.6836094452565675	0.3939140182336434	1.0895241889171658	-2.0330051438235714	0.6958881167653278	0.6767816080820286	0.7417263260549783	-1.3329778038734217	1.2419240557436204	-1.363058011883582	-0.2733962039774616	0.36901067904104806	-0.681551342030429	-1.2986386323169798	-1.009516684538445	-2.501873834779986	0.44975235140749314	0.3533217928386796	-1.3080652344671622	-0.22965125770339312	-2.3088069117726553	-0.4089808089562225	0.9834793288646323	1.313360997420971	0.05837678619555383	1.0982091595401988	0.9025263500443774	0.3842772206876815	1.3085585395119466	1.7734923730809808	-1.5021893144477232	0.32671510805561704	-0.7396739605120467	1.0533277446644291	1.2422822568983671	0.349313413708534	-1.1572278832362146	1.1070853149009507	0.11874281411966094	-2.542768174233732	-1.133522978489007
DTXSID5022439	2.538071960565374	-4.681044061449225	7.253597318544217	4.352033003341841	2.2894044714550796	-1.8685040232363068	0.1598998204063202	-3.011045915658428	-2.1583712206085406	-2.907603861484488	-0.11583562688635109	-2.9383734627427147	-0.8372542839925584	2.4085722774584077	-0.5748531988629249	0.6309747117310314	-0.3478629783227435	-0.1042921981450458	1.484903921860124	0.6379339732815258	1.2265017299638301	0.5026866206344505	1.0270684769243987	2.095140515574305	-0.79875881755796	0.15380691306681088	-1.483512168634077	4.20843783474941	2.8516389290804374	-0.24629770280917376	-0.12830540299656382	0.6462770107746867	-2.428776476999065	4.755168386794547	3.4118345432865356	-0.035307265697258415	7.143693971525276	-2.125724175334256	-2.5718916325056127	-0.8616269121922585	-1.2284688938044523	-2.146384331823825	0.4188663635149465	3.864553604180453	-1.1202112323845947	1.3249787570559257	-1.1402757406286874	1.693717086091072	1.0457098723439127	-1.172292049391922	1.7973174907599228	-0.06291188859384488	-0.9216763138107668	1.208106924394413	1.6544652223319896	-0.8448356511233612	0.32781552208003406	0.21339705016459604	0.5298652688749885	-0.2358698822729306	0.14655707412468905	1.192793258664119	-0.07624481222346177	-0.06634007118554884	0.10770062341849776	-0.39343418558156806	0.38694799223148996	0.06961559756103872	-0.06622510143844898	-0.3305391502959969	-0.1750681959893322	0.3901967390552521	0.15232710592684584	-0.01938658066444302	-0.18311545758857348	0.02197102743539569	0.4773115501103029	-0.25710008105368354	-0.14758395325611826	0.08454933096842913	0.2742017606244508	-0.01526556906349796	0.3541059480040347	-0.13387377701328643	-0.014151995911013984	0.0052862365159385815	0.21305519316815882	-0.18641817842533917	0.5486702837899107	-0.05033110288454467	0.04746332879226672	0.11949987628190796	-0.543095322487458	0.03162926179388936	-0.03378319670497797	0.1891040114807829	0.046515355772035756	0.07067505774655858	-0.10483684094061062	0.2329437322722457
DTXSID3046588	-0.3820621756409739	-2.241179556639662	-1.0297378245241489	6.218015274262074	0.9000477858655519	-3.0661308438016226	-0.43289536177409443	-1.6574784472701545	-1.629528550450236	-2.0559959327471664	0.30302085275054974	-2.9526621344509234	0.18728630446729938	2.395128231788907	-0.021612337232026792	-2.158585901439459	-1.8845619927407113	-3.3102493222934686	4.334653460139441	1.6221805077962042	-0.16057158786724338	0.6525324081700469	0.6934606777797933	0.5677558771972574	0.2827008213379509	-0.7703607447320938	-0.9565889373619854	3.5203933256879543	1.7201931938858839	-3.1526755804273034	-2.267666627564646	0.24898592370657663	-3.9146121208002325	1.733672424199173	4.343115919059341	0.8660717706353432	5.448430611162172	-1.5591984936494887	-2.809434649747572	-1.9099736984335618	-1.3061153142069981	-2.459573339764114	0.8589495255024592	3.1700495364241177	-2.943856757495239	0.7574337846057412	-0.5006365196742767	1.9628227171387553	1.4446010204466517	-1.9143543229585926	0.7707248202889819	0.31486096709582434	-2.093629223500674	2.1357305506344293	2.889884732937009	-1.712061269396398	1.3319508583622897	-1.7229291482478966	-0.007383208933548983	-0.291893509429744	0.4710834050160709	2.277828435056781	0.8511970721397595	-1.731898743959666	1.557443632222209	1.4474665822521706	-0.9022425728954182	-3.0960103862740054	-0.7047050006018434	0.7612236228989949	-0.6260152481943453	-0.17464838530278132	-0.5666284565077743	-1.2904305942104017	-0.5113508368530347	0.38506827032940094	-0.09590561559333546	-0.9268603820041539	0.6316487636576591	-0.11500425826083183	0.6746683923484581	-2.225685839009263	-2.50517539687407	0.4106118144773923	-0.054072922801573275	2.4437265337422627	-0.38047759437936307	0.18562153453269598	2.5472492021139876	1.1568919413643204	-1.210238992843017	-0.4394384001352236	0.62236854352975	0.4563790972397434	-0.0963398500954156	-0.797395600710876	-1.260405016343101	-0.44641855351998183	-1.1237016679996952	-1.7338971181697342
DTXSID5022437	2.3287085010772195	-1.3321455411165188	6.280820085874497	5.9988001623206975	2.9967827694585463	-3.7701030659759813	0.5743579554691254	-1.3722806904483946	-2.5658023193404023	-0.6715514093663806	2.351715431532563	-1.0453081994183995	-4.75202550518005	-1.4583867860834714	0.17693356121995646	1.3666248372105199	0.03446065117988938	0.11210345597760679	-2.613492008318379	0.10858368438201867	-1.149883082785118	-1.0539598037053275	-1.3784703518851449	0.6364740017331518	-0.317845649478164	0.4907949435887202	0.8927430726758226	-0.4918338053545973	-0.7318068933189882	0.24785482230397635	-1.0724282679923667	1.245570886251785	-0.010814983527340994	-0.5652780662866973	-0.2476839860127315	0.31798401890986444	-1.4527306108793754	0.42561042239807717	1.2361666570759888	0.31267813092551494	-1.426954822934995	-0.6110057956401225	1.0390685966334936	-0.9813057323297357	-0.3277442194055874	-0.20950597456921125	0.38666617442775925	1.991224498983867	0.3675771442549405	-0.39834123045213793	2.0411241337587276	0.5905148879760629	0.8511729135393938	0.2884893271040342	-0.13186515840722973	0.22591139274007924	1.293785430381973	0.5082832084251405	2.2217200979032925	-1.2101067032317145	-0.5271070889261212	0.5815701881419338	-0.4412952272451377	1.9642345885013475	0.8756549729486026	0.3025293030434167	0.5045852873844573	-0.17332327575372616	-0.6101004588709059	-0.2672181593782337	-0.335891676066672	-0.3961872720920473	0.2310685618550134	-0.32387938501996766	-0.10004087904021793	0.831139453296361	0.8224548878520211	-0.08711686182731894	0.6449863928099918	0.2566190080842437	-0.155855298967941	0.14932812134758425	0.16820120109153522	-0.5551698144605217	-0.06019249986468721	0.3745959029739976	0.0037768306714424204	-0.5346042443479418	-0.24087862258110831	-0.17310141934174417	0.6004948228926694	-0.0018661926233739003	-0.13809729238144292	-0.03372247600655967	0.004429456367179984	0.6470262241629751	0.3537552859709266	-0.006459075957715435	0.5601002665856232	-0.006419889598406409
DTXSID1044568	1.4647964122209467	2.491021404215966	-3.2694160365238103	-0.02327578310091322	2.6587527616826176	2.318435529625106	2.7392750721419628	-3.468075645221848	-0.5834655792048745	0.7424680035526695	1.8089669735171205	0.47152969030298575	-1.0576093712854457	1.081301830861615	-1.7134684857915692	2.940256026160572	-0.31038285896581286	0.8216370990545901	-0.08795209886544919	4.468780075823841	-3.054448478160622	2.0382559190142655	0.7744539164836302	-3.309969620384515	3.491153932764148	-1.2613205144590887	-1.734493824545534	0.10779401509039446	0.1625707780998212	-2.441708093988635	-1.048908221177401	-5.910655164955104	-3.357001416746871	-0.9195644123567791	3.43220509405478	-5.444129779454829	0.5264129474805969	-0.6693791905454203	7.141644087456599	3.5116549497530314	-7.264180175935873	3.7496261566919378	-3.0624843471937084	1.2497087285852415	3.135637092155827	9.02503438631386	1.3535144266018213	-2.9484640338636545	-2.9214625502641227	2.611468010698425	0.15665301068419732	-2.695688598560456	-1.939932617123911	-1.9777379767697252	-0.08745875366878818	-3.3399986223724	2.6398663397136093	-1.5066760366225336	-1.5294191312539516	-1.1200570209427836	-1.126437353923038	-2.248662909521584	0.8775428319975397	-1.8525629916141615	1.0949815542557806	-0.4175019219640823	0.3553674067241802	1.5966963634769822	-0.34384527070641235	2.165377632992956	-1.1331631245187763	-0.40926155023412797	-2.1739897975209206	-0.29021245195414735	-0.4253440065608789	2.222331118332097	-1.613900117839399	-0.5317156377927923	-0.4185330519181119	-0.406707343922017	-0.42768308702083474	-1.0581478740244483	1.2606657528502825	0.19978694003848363	-0.22441530219950057	-0.05679639838741135	-0.742869707500246	0.8024715956233005	-0.765917369707732	0.02074198193044687	-0.4187573467541438	1.227203762265666	0.3149610814595851	-0.29257183675209203	0.4168902200291449	-0.8345588745176137	0.749517670068547	0.30298951336797936	1.394322758248886	-1.0937619084920331
DTXSID2026573	0.8536229805433623	-0.8427180433633117	-1.6055293907280659	-3.734932482344484	-1.2896911874106531	-0.6193431111500477	3.9116263231929125	2.0645294294490606	-0.25350929828772256	1.4662675621413621	1.2217889158185482	-0.7872549357090264	1.4806476297393483	0.5568389936964507	-1.4040157023424051	-0.9166458408106134	-0.2717826044632102	-3.86611658087284	0.9028529327303156	-0.20227497467007804	-1.5318735856254027	0.32847649145911945	3.430012936138917	-0.7164580959152521	-0.009275611567601356	3.5028790165853105	0.8470442325474409	-1.5253794323902907	-1.2703434829019513	1.4433307258769066	2.734899134497724	-0.5487151522086948	-1.2648877269816257	1.3600125485200252	3.4394552860969845	0.5902402897945619	0.022024213687180855	1.2086021249086274	-1.297970342861186	1.7657021281165404	-2.838891304817655	-1.7167546902287159	-0.11584367830698844	-1.2847557723064027	-4.925920566968059	-0.045116533762950016	0.8336165618216093	2.116648846632565	-1.4084451826113975	5.070579904662014	1.6463186995766323	1.0354089249198628	2.8239722552151676	1.6996057835167224	-0.8947236524885758	0.9619844374960458	-0.12131446012440897	-1.0163058455925964	1.079646170550582	3.8005171043063686	0.6002544194726352	-0.5197905882106455	0.3271977911919316	-1.0271730308194154	-0.8558032748084796	-2.009765740099261	-2.1784415960939523	-0.8356489375272109	1.7931479691379644	-0.12981108432610838	1.799151248729168	-0.4452711110206157	-0.7650734637125269	-0.7173113473350745	1.0250969955631515	1.0691314458214223	-0.18878987837794703	-1.8023561657764695	1.43016520704061	0.925788072395561	0.01578598202114934	2.063518613521843	0.9303875286034532	0.6128448390662766	-0.07693561106096	-0.7104161282666449	0.6516463618261408	0.22241194390242094	0.20043963384943628	0.17147172759627347	0.01148675117403281	-0.569909028231138	-0.246604197744661	-1.7267975858756737	-0.2362421409559175	0.48707299369148493	-0.938530455807821	-0.5486762733656307	-0.4414628948661727	-0.08826588750554386
DTXSID0046270	14.509737878032428	-5.8627595639670975	-3.4336784472278365	6.501697176341819	11.35740553242307	0.12697264160736768	-0.5234527345524902	-2.5447818113684235	1.2678466245422406	-9.579551334057061	-3.956675551038317	-4.971085207764306	2.379618003685426	14.233373873166213	-1.24589598212148	-3.2990262518448046	-2.3503538887217363	-1.1249609906170452	3.689307153329253	0.1527594608486864	0.5016785453945111	-0.8112566182674898	2.1578608570662854	-1.3401264053369575	-2.165287502008239	0.17940930577898578	-0.15394364484487227	-1.3106987075298193	-1.0499264060300912	-1.7844741968385092	1.8272594194154488	0.10336649236997894	-1.1454322505824306	0.9844717862888545	-0.7934785761405193	-0.11596413320043723	0.2052924422687519	3.8075529943888804	0.04537165672609323	-0.5960843999757115	1.2993599055154958	0.425552390644103	-0.7384683029071645	-3.492894438595604	2.003864844608151	0.11840822815878999	-1.4188107884737369	-0.14451751771896115	0.29841821581879285	-0.18462022418058366	-1.1761790335783369	-1.6685354088839177	-0.9849152788427965	-0.16418636291279526	-2.70044153995767	0.8761325130150536	1.0113730548919981	-0.07002394484093047	-0.8369753704713269	-1.1486712795696514	-0.17241362198948165	-1.924081254646999	0.7563718617460565	-0.45093012218243855	0.620095718495386	1.0165168928290949	-0.9111891632661209	0.9974064468403103	-0.7950714567797676	0.5941703749987867	-0.30639105962980623	0.32098129855905905	-0.6387211034151014	-0.7233307856689156	-0.26391543954490015	-0.5086018134245146	1.1626088393517031	-0.39337852202607737	0.7650959189892383	-0.5626389739791504	0.17414098106012454	1.0733052852380225	0.13047518694216276	-0.623637358415433	-0.5085062895536182	0.19128267618310318	0.7871697667481377	-0.35633040514069714	0.029095706264746314	0.5840219964539	-0.6548401515030448	-0.3202867760398304	-0.0076090991249411774	0.1220979195302207	0.3168623746721061	-0.5109374895879406	-0.09107277750770577	-0.9617140919219034	0.5526612618089748	0.05926088607135958
DTXSID6042440	4.35367875868112	-6.534137431034934	-4.355979886079688	1.4732202691834355	-5.04548649835472	5.442595105044323	-3.2226519415677726	-5.439192302200989	-3.4056996808421	-2.042005305083425	-2.4235809744197763	0.5162445851876243	-1.1119960459988776	-1.9398988249974363	-0.20384573191186806	-0.7030127846221461	1.3571899710898396	0.20594204424081103	0.7841856706469098	1.3661519420275998	0.4195142552838415	0.017473951570249596	-1.2586301812642668	0.22470910388950202	-0.5336912374612427	-0.10770717050367339	-1.0254255167820387	-1.017724054308158	1.3727734194239667	1.3337076558704646	-0.9687507796101258	-0.7225045305631064	0.8794446064656534	0.09875927158048392	-0.04679240747114834	0.8278317070647808	-2.41576844477831	-0.7530978056903083	-0.5406212845864413	-0.635589127270577	0.7324962876614833	-0.950596387486591	0.9884135049487649	-0.5947091404794546	0.029301965572642724	-0.5275533251745059	-1.4876347806193555	1.1823686439061378	0.18268837831629103	-1.0859624348158825	0.8065349091297236	0.6389598795689065	0.3491531013097134	1.1177911392450095	-0.9704511936440674	-1.7935633058527936	1.9045843922403174	-0.2409331800095232	0.188777545277131	0.8259383841029867	0.15691947707324913	-1.7635557918650646	-0.8839914126677827	0.5191038280228499	-0.15787755429659475	-1.512304027949458	-0.40997894329628004	-0.3397648113381049	0.5622523630528413	0.831628459897504	1.2799396458739587	1.8014325705845107	-1.7380995374308676	0.9447865011052955	1.6541819182198183	0.3745912556893738	0.44643176584628114	0.4081191466280658	-0.7206575663674122	0.514869909281869	-0.3775671343536492	0.10524832412071627	0.795279268025103	0.5011266681115948	-0.273418355593501	-0.23658149000718506	0.11716142842777118	1.1405710070091333	-0.1127379287325286	-0.6097932863185224	-0.7567543584820497	-0.2250080310811876	0.7958837232569073	0.42749378392726933	-0.30026258396439975	0.12112765974174716	0.2734974712902797	0.8839799420513694	0.05812670319273816	0.21105574001483624
DTXSID8057691	-2.167113200364001	-2.5431561055544165	-3.7482475145003087	2.951848309914934	-3.7355795259583062	3.8851231873313594	-1.7721189183097004	-0.313493914852062	-2.392839570636974	-3.3753001657763355	-2.347910988946613	-0.5889023884412783	-2.7600354991229366	-3.8450088059197935	-1.7349504192433831	-3.942743911392419	-1.8457457919604479	3.404469591660557	0.4911089038207167	-2.4883699986628405	2.2082112358928416	7.703210983536653	3.5987197946990532	-0.5041868851146672	1.5229681936873578	-3.326925036566936	0.287013932003692	-3.2546046551845746	-2.61804067971951	0.49046295005201906	1.5334989770986	2.611937051433751	0.524058414314164	0.19692844361163975	0.878658419501645	-0.9759811285928631	1.019932406630598	-0.22268194273537914	1.349933155532971	-0.2533383931493583	0.35745284696593355	0.5042157795140849	-0.9777146656670472	0.3635664044324492	-2.1968024392322625	-3.0337740541945055	1.3015844687162388	0.12461118267606765	-2.5941837650362225	0.5722963439092293	3.0587082804537356	1.962027839265521	-1.7315785723296218	-0.9960437140709111	3.407988010407554	0.820755511851309	2.933562965611897	-0.6412338257996608	-4.3538908666849725	-1.9102611688647722	2.518443613002273	1.490666158140472	0.6881014727182226	1.2269100409238665	1.610421836059159	0.29899652532154175	1.8745418920381067	-1.7163250710727886	1.0627832858151172	0.063296436094713	-2.1800463569238566	-2.7622326501434595	-5.225941058110518	4.392969443126344	-3.3208507965595015	-1.0931285428953557	2.0450024716442896	3.0740723349400185	2.1010508361938665	-0.3021234303518628	-0.37580309158079306	1.0848440454184547	0.14608373412198067	3.5852197429583312	-4.36646902167454	-3.387925293979796	0.22943450757283496	-1.3360483615960248	0.22772067664452797	-1.077315725032423	1.1277208112015114	-1.3344411271497687	0.07446496947308819	-0.8393001131588772	1.1284075190640976	-0.050416364207228594	-0.6301380047065088	-1.886925770318778	-0.0601734128647875	0.10365288593699451
DTXSID0034936	6.167680240045508	-5.094236236710484	-4.599102448460786	1.5426270835226594	-3.29623456550328	4.436875761786022	1.4128694376138549	0.553705711133221	0.33156357465067293	-6.6270716525037	0.21854487489862676	-0.7720038599268823	-2.7487504176515625	-5.652069675513226	-2.7937563416673297	-4.7752278785374696	-0.8673675204202911	4.872980158231064	0.5171026292181551	0.2646931145669792	2.6934808903825056	5.876871056492757	3.498537003461205	-1.1615626238905592	2.423170642153861	-1.4206906728474782	0.2983007178080706	-1.9629663212893418	-0.5117486692904125	-2.360371315864379	1.7865087557047878	3.7012849753419004	-1.1446492979569511	1.3433323887873228	0.3701298502808855	0.7440322536043615	-0.75991869887713	-1.9426191209161419	1.103518754220859	-0.2554197876307542	0.1857768869856526	-0.6812862423451616	0.01766367330429612	-0.02332817360212622	-0.027100609384301255	-1.6487152131898009	-0.7677395224112313	-0.7400232483018196	-3.0324888477016674	1.284239195388702	2.06034422219178	1.4765539848060543	-2.003111787132748	0.5308436922287293	0.19858331237483243	-0.9618222841488289	1.5481729122942722	1.171162723550671	-2.248576802373344	-0.9447730983805176	2.058838426642907	2.198355018778342	0.9978065525837361	1.3997977590286248	0.6854607919645128	-1.1391757639939142	0.06886515128021886	-1.3142726024967246	2.6272798626427463	0.8457395468312354	-1.4649637730601448	-2.0148415527883112	-5.3567443091948395	3.9819341322068746	-3.8266387544550344	-2.3506521739948503	1.4631657383248486	3.201865627179541	2.167182939282395	-0.2660478377000247	-1.5447937935943363	1.1498315069665783	-0.0442890931838516	4.219506467578907	-4.435056515997516	-3.3413169464744463	-0.286648514666584	-1.2230362404417223	1.7363524333049172	-1.3030439884906033	1.6421711151069787	-0.9800825334872199	-0.8434753417213404	-0.7616521081556217	1.8165196019362595	0.5199257608817959	-0.9330848915992104	-1.6560278478002575	-0.3291061450990988	-0.28945988641204023
DTXSID4047880	-3.208554001050759	-0.8421735096683286	3.323007890346842	1.849945759595199	-0.7326214474665281	-0.14212024835583914	0.5523876240790371	-2.222281567479733	-0.3167007244316556	-0.07015476627027092	0.6446715204108314	-0.5199503002096001	1.6638769545362249	-0.28248357939630614	-0.6760165590247256	0.7332035499716361	0.4324820061560552	0.8599099283189239	-0.7259483932333277	-0.2965236310973569	-0.26598420026222824	-0.1031852927237383	-0.31901504669975095	-0.008610610773788543	0.6000521229568324	0.351104253722984	0.3665560376588539	1.311188547066638	0.2386379265919992	0.7448134358780459	-0.16055760327926524	0.21716953959084506	-0.08121539868533069	0.9885054180125059	0.32230163541044893	0.2115035936091562	0.2552510506135723	0.49159192299043786	-0.1654863943421216	0.8087379710153605	0.10050763881741302	0.5784966627961838	-0.3637563685316407	-0.38327643839940645	0.05774929020884278	0.048731718492554824	0.802974364276455	-0.10792113733448781	-0.7242738339326622	-0.4760000040343763	-0.15299677519268337	0.04974153771073422	0.7601021471432997	-0.028773768444587167	-0.4767913008741186	0.45457198435504204	-0.050753477114281104	0.8003069177004007	-0.20668127074731696	-0.43839503600438845	0.17245889365956382	0.18525959790926155	0.03466127954551917	0.6314826405623822	-0.43903326869826237	0.039306174177300535	0.4191299962583553	-0.09343749089676605	-0.002068753537182136	-0.6779465594218438	0.34022051164397515	0.5341132664264985	0.050274028949646755	0.43565749032482537	-1.0657819517586393	-0.19589008823007278	-0.15515124781966338	-0.38756572897931413	-0.6334948577107896	0.04317401568188779	-0.2587268851366203	-0.42928218953733477	0.05491372564658866	-0.4559403440628303	-0.8577492112789068	-0.23671895551816355	0.608701478729183	0.07528714997752503	0.06673207810535729	0.22797568409635524	0.10616261563814251	-0.054274812676035046	0.08677479946977142	-0.05512143171740937	0.048024743112855886	0.25941870521193183	-0.47769137256473315	-0.22940641755910365	0.20485686127759903	-0.07833843346859787
DTXSID8044204	14.484457891660478	-3.9701620933771373	0.5262379016486131	-6.257170223210676	1.1354948973516117	-1.1546697453376784	0.23431141542710612	2.4155715503864226	1.731957302579007	-2.987954883432496	0.7596061461474111	0.2717774031519203	1.6242629592848419	-0.6217307758395247	4.050708367951345	-1.9935345268101718	1.273340447965236	4.507397473492709	1.4587878204092914	0.6792328700989706	-6.095558370909337	-5.919682490797517	4.482423248121916	5.371615939926013	7.806900869016128	0.03738021157749393	-2.982539553420082	-1.6942185572952935	0.07606762554741567	-0.24191732058095847	-1.1157184232122557	3.0321704546602084	0.06829234646545593	4.502987013483199	0.9311159843609971	-3.9689356040300985	-4.639098455888949	5.94046394687083	-0.1294577522185388	-2.931782591797288	-3.7847650090039586	4.991109438507027	5.60075039745456	8.751087950690252	-0.9358852179958801	-5.056924546768739	-1.6689490743017348	-2.0172344816814984	0.5460299384026678	1.3630582241494227	-0.9453055943344977	2.5611568610684086	-2.0425268597823845	-0.35339729417415094	-1.4302067460547043	-0.14724402646729062	-1.82198947558949	-2.6164733938768623	4.299495610506598	2.0495812728476874	-0.8258291020554919	0.07073676510502017	2.043683266836655	-2.8799925670923603	0.6877352170065711	0.05894545248046404	-2.321991152346943	1.3570415891719114	-1.1311484007870862	1.7017713209286642	-1.5879684200019089	-1.3551972708149869	-1.749528008081041	0.2774687126503761	0.9550249419802381	0.8119653100609536	0.10819401942583809	0.9936524590338258	-0.7118674224429136	0.5449841484405112	0.8396412326428329	2.7300317086357873	-0.708181367942218	-2.3395888539985465	-2.3297008283706964	-1.680190211110005	-1.1485840858795213	0.7114142875761786	-1.2624476412605783	-1.0076004431035472	-0.970040660456952	1.2690090090174422	2.121669407979858	-1.3966914905166012	0.9207226306717461	-2.3808532271374285	1.7230972359289374	0.6047770155268065	-0.17528446873613915	0.7584530982671452
DTXSID3020835	-8.038108285618275	1.449883225815358	-4.612498693185031	4.1687981875475195	-1.7730713598604708	2.0627129024039728	0.580176382186318	1.4568708507160861	0.41241346945995444	-1.487935200578388	1.7251536692672098	-0.042619127967043875	1.813424393615499	0.2507840073824081	1.3339423782074669	-0.0884816710673698	0.03537433892320723	-0.18234478541840005	1.8654458813755461	0.758213416589115	0.1853544319100476	0.075564387749186	0.7903647191886799	-1.259376516331287	-0.24559314851621777	-0.1445797158249853	-1.5354785532126773	-3.0130066188094626	1.2632717250950973	-0.5406083310624411	-1.2746474277377065	2.9404746512845064	5.2349293483784916	-0.4410556089035203	2.9916917048856426	2.905535484883336	1.7518065553626962	-0.6190530170749295	1.8905434989041803	0.8860214686364387	-0.3731731310335178	0.898303891969859	-0.8557331134127427	0.6126966300463571	0.27570339749070677	-0.563869278537281	-0.7413954924382158	-0.1316857940374666	0.3481378866550091	0.47469121900455813	-0.3931796061580247	-0.39722840410838167	-0.28890705819691126	-0.08598436397035038	-0.49599481912852283	-0.24155598416454258	0.025485926922620437	-0.4469424827935667	0.919754354866956	0.18500960392868615	0.08293315509250605	0.05956179516492638	1.1629208705655347	0.3334549345135643	-0.4563138360988171	-0.14928751993396858	-0.9516898148459062	-0.1091785086562152	0.05396373364679342	0.22967967523165111	0.4058140876310593	-0.24704828116724623	0.3895214973629868	0.5148407017441132	0.14708433850912922	-0.21110648945810434	-0.49968395936831184	0.551022264236998	-0.7045242914900778	-0.26740726436746753	-0.2675017445361154	0.3090786430206835	-0.39518584912410853	-0.4525617326336048	0.7496206087323863	-0.3298369479149602	-0.591982110510774	-0.41979680825602156	0.35449916562748623	0.2408247993901705	0.018236565624438754	0.05520390380997618	-0.7601579999099052	-0.6897445265152996	0.1336206987262471	0.5326167699652101	-0.31082038103806675	0.05686331531695567	-0.100475369991243	-0.07942196244239491
DTXSID2047276	3.7404706264954948	-0.46370490518221774	-1.230579744939542	0.9811268612795468	-3.1909872985570895	1.3601759624090939	0.9790749749833827	3.028796027026648	-0.6788520960560721	-3.8941488582114268	-0.5628265258543285	-0.7002666953002902	1.3864673023674527	-0.6574559231579534	3.20066677320934	-1.203793193991534	1.1424003937625724	6.946975280991668	1.1590023809011434	-1.786177520486624	-6.364476938193736	-7.05722243745198	5.72342736074847	3.9983385849735202	6.676393810332699	-0.2521082993236927	0.5853429684897662	2.287650133399024	0.14143392461544135	0.9736191031815128	-1.0318243694433806	-0.3849399158091836	0.6204563684986619	1.1839573634724545	0.12864815096851512	-1.5031173469285175	-0.631466713321587	1.2813262638747336	-0.6089423903042278	1.9249370824551333	0.8721085787002225	1.007198076667142	-0.634473736903619	-0.23777333362369746	-0.14902741612593154	-0.20307613912225245	0.01994385672073301	0.011607888816275485	-0.23344076489021498	-0.7800178138981267	-0.4922927059306276	0.46681091254600654	-0.7654088352382826	0.29833206430819387	0.010142766978730828	0.3158694712753757	0.8685174781028968	0.3626285365222417	0.2001246474077313	-0.3069526933498634	0.07543981135463165	0.5259229573681713	0.8893956095038534	0.3857974526413819	-0.24423655040478512	-0.233395036791142	1.112399263637389	-0.7545255056347367	0.06214615675455754	0.28982521049824933	1.1956588900737197	-0.05567987176139334	-0.19397835830236196	-0.5714514831825944	1.6242982864976212	0.3533788640604443	0.15318359849226296	-0.016375496235895112	0.5213491370927843	0.2398629536550972	0.2746643566156285	0.13426703632146134	-0.25812123140256443	0.3704443474345189	1.2948407211641253	-0.6924224181142589	0.09209894255719996	0.7635573845797115	1.0609453785367917	-0.06392345330497966	0.5129367339239175	-0.053786655936855075	-0.057360449104741515	-0.3093712792252812	-0.6992084576190617	0.1750629729859411	0.0824635557801061	0.3111713249004573	0.6699925508631004	0.42069900152435846
DTXSID8044624	-3.322328535362488	3.1696977984455557	-2.977642154208834	-0.8163376131133634	3.781728814027382	0.8693726094580145	1.0680676417576023	-2.6111952274586288	1.1225444552728143	-0.8309411679973117	0.10378359217328958	1.3889734168886136	0.021222714905262934	0.4036690828889856	0.205768284974662	0.44138444185303016	0.6310595054203698	1.1474553369460532	0.49538226613424435	0.8915620857485264	-0.04584540567092202	1.0920111253942784	-0.3873628876884607	-0.4392999714474986	1.3979887098364354	-0.06543391110753335	-0.5891323149706313	0.45365280168581296	-0.4883287848442351	-0.05633086514828251	-0.16737938912071074	-0.34080373167549705	0.9214662129753475	0.040663979443542074	-0.12350581091942031	-0.15284128197210395	0.0551459460102168	0.20063878451011893	0.2124332548014032	-0.21405885718655782	0.07374095849456307	-0.7777223086234962	-0.41684436084525645	0.1000977432403414	0.05895821591143949	-0.7892662796431996	0.19754890067831354	0.09839713908937567	0.27187211753161944	-0.18434341177674743	-0.023164764175960143	0.07975170074608157	-0.268529696352548	0.016441216945287176	-0.18010998410689058	0.10818294945034344	-0.5006909472229455	-0.4504676202305222	-0.17161938221046658	0.48602746421770215	0.3673882553123115	0.24743064351721283	0.23931599230262032	-0.4469864844192317	-0.3100942624457627	-0.7658069255706851	-0.7731873448143926	-0.18934735598225924	-0.2596019469010678	-0.10591267417621177	-0.05553200378166331	-0.08628782653112718	0.19072042781162957	0.3165564346264364	0.042146114756896835	-0.03600832139600491	-0.23982472200063423	0.359329003507578	-0.12092488526317195	-0.039091446049498595	-0.2679617160946017	0.16307782316175634	-0.1995058401722499	0.1806811812020556	0.12108444756793023	0.12925546377383396	0.3252952864466294	-0.13838736318878847	0.11526121231999362	0.24966689137288228	0.2947631964262443	0.0602836561511344	-0.41916325410452315	-0.12855443664427763	-0.17442037907576902	0.02249363986442992	-0.097459490355739	-0.0535201283112642	0.1232795625729456	0.3977112099526745
DTXSID8026224	-3.38911936739335	-0.2752242869971994	-5.016106079014846	0.4826440019180235	4.8661199670964725	0.9204608554199547	1.1874042762463426	0.9393792952783052	1.5650573999051114	1.9266667915422941	3.670960253330906	2.362367584934429	0.057948958550265106	0.9539034281782843	-0.47194300307530446	-0.10553341342641846	2.7130109589348517	-2.777551812829224	-0.5884349868220182	-0.43947141914337606	-0.23511438264719786	0.08277858017875965	3.452399089998293	-1.1141314677768914	0.014772248261283054	1.1281829326217456	0.27006811657100205	0.19258325085020847	-0.8926789451726929	-0.5385827992037362	2.6378740907314824	0.627924158418482	0.04498659650961207	2.3001030821598643	0.5943974527155265	-0.03874150903901981	-0.08867606501698062	0.22305131546611778	-0.9699286179476848	-0.29595983390637726	0.46173163653353494	0.5445899204386304	0.14635300046967195	-0.4101508245787682	1.2266523131937543	-0.22466564882198797	-1.9639340143686428	0.11583037798773818	-0.3199256102775376	-0.9363644313372459	-0.6063331762915023	-0.9789535259419647	-1.0339448384507623	-2.278561519530157	-0.6321461837394049	-0.29466759080520827	0.9500029475920004	1.5360439208810648	1.0871389875236308	-0.7924717217152061	-0.022410973263438706	-1.2682915323209032	0.7048343062552351	0.9758962274317292	0.7560314490992769	0.20315304033482398	1.5855385846480576	1.4025782817464423	-1.549368268529222	0.8673618485769164	-0.9631704515544892	0.5157369257245398	0.11514769834135341	0.5086141247712136	-0.06791407054540548	0.32178106896475517	-0.05251219666386047	1.1868741334657733	0.43031653864762154	-1.1885937198865995	-1.0596962219142942	0.18170827841406426	-0.04199185581584332	-0.6146379560013676	0.41249669150982254	-1.1732549217317172	-0.6285593753142881	1.0218466092097296	0.2684421658894684	-0.6770366193313982	-1.2629770207636128	0.3044464164020236	-0.5630851122459467	-0.18635319343069764	-0.296522690661715	-0.33093171107055736	-0.5437637240076058	-1.3160037207263127	0.2627063807704246	1.6824401381542562
DTXSID1020063	-5.597802313763322	-1.4157399432547408	-0.9137715195857358	6.306158853971272	-1.9361801120523288	0.5458433517475648	0.10073286700064339	1.61531014985574	6.142690571362816	2.341017309347076	-3.8334958044002745	-2.705314693152807	-2.1421932681779854	0.2894182166508861	1.7236995080704387	1.2073377426806602	0.8926188065246768	0.49799464331627696	-0.8285567787975185	1.571321330004464	-0.7541842375379775	0.9725316461573612	-0.20538604418238832	0.6870742627594131	-0.28530028617221914	0.5801697896923843	0.0764104859986734	-0.2746973489392356	-0.2588706808929401	-0.008170593352021862	-0.47018367522424215	0.478470943436075	-0.3229522975816989	-0.3178107489479578	-0.3160256826997479	-0.3955621987340064	0.20582418161573846	-0.23830892543087806	0.4968368002940063	-0.7323917221083739	-0.33837855299365815	-0.4967804618122984	0.752467939425865	-0.26887252394858624	0.06357059391430282	-0.31632087429519234	0.16490487506383347	0.9399319689855461	0.28238447853200893	0.22074509713345955	-0.10655573500555987	-0.3319225053602219	-0.10960975647864762	-0.024350193976758094	-0.4037005431051383	0.3283318274635579	0.40175188368669335	-0.4665616455067877	0.4429325838192716	0.33219755429099845	0.24612814007594708	0.07072512219365301	0.2788354886398857	-0.41113161866195896	-0.49258637349487655	-0.4267023548759408	-0.8331281351457692	0.10158243251637128	-0.03127551500672407	-0.2245966834491331	0.7216210810947887	-0.20682257242218938	-0.4154806924921163	-0.4044078322262828	0.40599403231035436	-0.15513820320532645	-0.05611674255364016	-0.024441722945159346	-0.19872658366111481	-0.2693203554270954	0.01805168561824123	0.09882688225287536	-0.25349225668580494	0.38760724218208653	0.06559050018335598	-0.28545380797202596	-0.03748016153330224	-0.18192098932894504	0.29304895038673107	0.09427533283121518	0.015355856910569394	-0.00741283351388986	0.2103451984154526	-0.16785413449725625	0.24158202596819733	0.19962794527999858	-0.21420235451292022	-0.06682834441964425	0.12407482712197178	-0.15086603484856928
DTXSID5048847	10.435462902843582	-0.7129453852780667	-1.4627113457001457	1.5902099543828294	-3.998745991195972	-1.904476465552008	-1.6370481712711968	2.2733667941643456	-0.9532159632591994	-2.570544639525565	-1.973195516912272	-1.3197045106916725	0.572003901830987	3.8532601557469923	-3.402381461844298	2.3875855483486212	-1.28266837152687	-3.1874937797353398	4.8097744793308825	3.5830157954956734	-1.2745118910455369	2.215036748289977	0.9805212223307967	-0.11007554496603333	2.2499892544612834	4.367517079879936	2.7241930973190844	3.490115386464148	2.646319038454896	-2.550454330218144	-1.9304967201888605	-0.9175326460670392	-3.1354291255784257	1.7177641395246737	1.0743361030559133	3.618360136651351	6.571559164735466	-2.9124400543946214	-2.340297029258822	-4.14434049474483	-0.043708631275694736	-1.3814048260670464	0.01845929747619676	7.19788343392814	-2.707982784250657	1.7539685117563952	-3.21978168383215	1.4823778908304712	3.6152066651041355	-0.5397516202575523	7.558845201367056	-3.1646145389971574	-2.1909412031019224	2.278935419573249	1.1423619083250427	3.2936027958607506	-0.655898210511674	1.6807472643804162	-2.0921112585736887	-3.107333802473286	-2.2183570301394444	-0.7068113851856513	2.7795663323189412	-2.4577126348461626	3.91504205919966	0.7268328468128704	-0.24896335574727477	1.034301912871321	0.4157881683463352	-0.7864963782513339	1.4676836323282072	-0.6232595153047257	-1.1972948550510105	1.1850850884319941	3.0172832541115713	0.6268852017632898	-3.626621142937272	3.233201693723871	0.7383838392726492	0.1715632282108031	1.6871394659493202	2.380142575197887	0.6549498780186168	-0.2781830217201398	0.8192546504556912	0.3681826163042261	3.4675720112308577	0.8059062841930136	1.10434153759092	-0.8765979845255427	-0.5075861930648783	-0.027107038338438756	2.106007184305479	-0.8004204664189284	0.6057988355916549	0.6419401790208009	-1.514097933437818	0.53795578597935	-1.185574247780333	1.4910033047042865
DTXSID6044359	0.07993767938775324	4.420158892065593	-1.9153542313713572	-1.9121768281913403	3.7551051590496347	1.7432842246531512	2.487798819577874	-2.3510880215978522	-1.0468493137093016	0.7274895400766778	-0.7437291565784226	0.7855435327598902	-1.7178791766763766	0.00762784369092084	-1.1214484191986087	2.363709263398678	0.08900495063071551	0.5955884284005233	0.5180759866009947	2.79502941405979	-1.4132989527777309	1.278669632718241	0.9418682114079869	-2.414154310419799	1.8487142648363766	-0.12102816787670269	-1.572139869003781	0.36561114712516307	-0.08373055236394784	-1.0420835460625186	-0.24839036331597505	-3.794785473675192	-1.6325157678682334	-0.9264488971694559	1.7711805639405225	-2.2985900090276887	0.014916905578665865	-0.4197424083123589	3.4199164500110393	1.8457299867423098	-3.639940305148391	2.104226123041672	-1.9196026533729909	1.0375090848603332	1.246611658560918	4.151643922376297	1.1768838442635376	-1.494596788411148	-1.5608977500184664	1.1409039735681763	-0.2022081359821631	-1.3365240067946789	-0.9543321668264364	-0.86577435254833	0.5809865722634854	-1.7873241739644872	1.1235657528249836	-0.6421810073522448	-1.1113070473665279	-0.7065619211938639	-0.8172942195575226	-0.387176377625017	0.16914408428007457	-1.030723710088525	0.3290338352813603	0.20152048183458082	0.6552082006948002	0.6188620844141063	-0.9433612592631407	1.4107232198916044	-0.1692953460836497	0.6458349688257558	-1.3408799825567752	-0.11601879708939532	-0.34529649665319373	0.12629191710706594	-1.0606794326269815	-0.15982203214786922	0.33559514811421964	0.0781184879732708	0.4938536909870643	-0.7828392900957839	1.3429038497675245	-0.7491267190218741	0.0815980847466332	-0.23593505067025497	0.2392255226788831	0.5518351316488516	0.12276952282505799	0.16841067277894176	0.040969688510248466	0.7149054778189706	-0.28596535200076145	-1.2632335894055644	0.5637384785310824	-0.4084619831007684	0.509382325802183	0.4062837904660774	1.2757660852926047	-1.5368918417408655
DTXSID6030607	-6.851499745829363	2.751635796677522	-2.839896838825506	0.5526304247736789	1.8159001879251853	0.22216418100153348	0.8134334691971208	-0.44866218026973637	0.5887906761690131	0.0544436151884425	1.1150910224697645	1.3909135455000652	0.1894410423178692	0.1853962758352728	-0.42125264277696955	-0.5612909656566268	-0.5671090468814749	-0.49367276315354586	0.25750389083983133	0.04600986956576756	-1.1550870124434256	-0.058024701200606765	-0.22361089906578524	-0.4925763025245727	0.09107404944867721	0.7438694895997146	0.45761922878139877	-0.31888743387539503	-0.7510325029708603	-0.19924335743021007	0.44671259723161016	0.4870623478355506	-0.5297145279387643	1.039891864413024	0.1129403817642258	0.4032440024034737	-0.04317795153555659	0.87982971631652	-0.12626205205120553	-0.16649104322425182	0.4374931989441621	0.4474562721273979	-0.1986274233386212	-0.8092940816155219	0.8710858513634058	0.09342536186710029	-0.7653986931576114	0.5767885231668807	0.011131743667719934	-0.5710053538465797	0.5754233088302354	-0.1625242460865044	-0.4946527936434647	-0.4362769581240436	-0.11537754692676642	-0.6431959229178866	0.06967643730511042	-1.0352498000818546	-0.34454277805742173	-0.22643686171675506	-0.14736490659022056	-0.005947919514465168	-0.6554072174482638	-0.013923720299091523	0.5050877272797496	-0.16823739124435289	0.8961448175911632	0.13561337504213913	0.2794963434306752	0.20709211404586886	-0.6787514298092373	-0.16655132012007334	0.6500384616598108	0.0412742215509736	0.12222450716963985	0.7850902003389185	0.4763851107858639	-0.21053849842300873	0.07905177566982552	-0.6095913136055292	0.15321715431642385	0.5290830568217294	0.07395751407962792	-0.4994787406332546	-0.05851839814204056	-0.38985441249502006	-0.10559648176251077	0.327356437058394	-0.8791633835409693	-0.537113266703285	-1.143516627786044	0.9146472042402181	-0.7796282083006751	0.19408796182162805	-0.2332888363919158	0.15162646948256758	-0.04958544739035307	-0.3988298921208322	-0.12458775569496448	0.5922610228789079
DTXSID8027795	-4.2994969975372355	-2.5586809296384905	-3.404078173963839	-3.7979884627704634	-3.5970874839449634	-5.469814498190143	-1.3252713714911688	-0.36177104147461336	-2.7169166787962715	2.1525646908103804	-2.1204733055124327	0.79442597204354	-0.12040693881320043	3.4519463718460086	1.2176126453672964	3.1208314815433043	-0.5199198090225022	1.3687136285603765	-0.6636887417749392	-0.9869546626712438	1.6916642874879424	1.2725782514743498	0.010265820077106143	-3.415475424653238	1.203653871294489	0.8079000139882447	2.4010238217573883	0.00020836432591811625	0.6776155393506578	-1.1966081079762307	-0.942652902892803	1.85988001161525	-0.034693484797193766	-0.9277114029929632	0.3094894803652245	0.8027358425984912	-2.4689740577356916	-0.0277534311703315	-0.5531578121830804	-0.19936833322365613	1.5069815160672364	-0.5636833477274048	-1.3373708293881028	1.8952202157274092	0.32484761136940576	1.5394291953560797	-0.7601952629167184	2.2938456005946644	1.2529797679042822	0.46406268629538605	1.594917896688112	-0.25798570998056786	-1.7528987340078168	-0.22082391072778898	-1.4167273273087502	0.08323737592444579	1.9758927694752446	-0.013434375449374694	-0.8205291001603575	1.2578047403974542	-1.5551561436247041	1.0216401221846756	-0.6767530433518394	0.08744056777335955	0.12539760152802945	0.2554730181928244	0.012407792761174683	-0.3124641719536367	-0.08090986124839408	0.11438629567327313	0.6754393961305033	0.052389575492963296	-0.394527034932386	0.24537041176032298	0.28222768434766127	0.10032025130758912	-0.637038624892957	-0.4105864785314456	0.28536604660848414	-0.28175482167584776	-0.6663653168896995	0.7586714658039647	0.03136288680048611	0.20597864546103828	-1.1156654474368521	0.057841811829256615	-0.5120254370712931	0.4747885488488934	-0.5445831677743008	-0.4337064378232876	-0.11549127006782658	-0.4435082174538935	-0.16341255212331265	0.2848191222895741	0.24873475402372158	0.17222864336932953	0.2120987912975239	0.1711373079401797	0.031470565523332966	-0.16470803324451003
DTXSID8046589	22.236683888912424	-5.823411655168738	-0.26352501731788064	1.4298712291283382	2.6520899339553394	-3.3004229942432954	4.424863088060965	8.1226219934098	-2.3519457193901063	-6.320352341882062	-5.585409795343885	0.5371852933074126	3.1849692964311966	4.349877289246796	7.381839893538479	-4.940880947614593	-6.6496512755148505	10.306830831672087	13.420877372838643	6.484311269965796	-11.828394701300295	-14.935918489288435	11.733777517960844	5.644024423599134	11.59720962489723	-4.7748339472543435	4.171125043595692	3.60794224023906	3.0358157232480134	-2.3715089068293156	3.0232682540433626	0.3310696305873095	-2.56998415257132	-3.913146401853637	-1.6841071650488562	3.5100277337869445	-1.8215475522572107	0.624670621168389	-2.4964638366268495	-1.4198980191881574	0.6019800901336338	2.5018634976072116	-0.22381028320745106	2.726772475927555	-1.8190618319291554	-1.8936104846567576	1.0439977157422609	-0.10153644683560993	-0.11846762391799187	-0.6454124431925365	0.9578414550382146	0.4914640507854204	-3.826857909494777	-3.8144215319113757	0.07673775728395722	3.3345241799175183	5.02969419818402	0.22423954546259903	-0.2705419334577132	-3.516901368920483	3.3505990553422818	-6.285133471611277	1.2464803976271328	-4.615757038453967	-2.241079046681309	1.8632415693329765	0.15704709134132142	-5.131943557902537	-1.056954910193763	-1.6180402496483075	-0.7653547547392138	0.19991650762059537	1.5234720137076254	-0.3284483846695014	1.1986885302060135	0.31946710107099296	4.924275930989173	-7.915711632840953	0.9867795107286429	5.62950631354748	-4.60449100854623	4.637777909106448	1.6111296513762565	3.977821159932529	2.9616096520540833	-6.1793545871990565	-4.285079587862614	-2.495961623086081	-0.2978893374765317	1.1159814230253313	0.4604454709259621	7.085796859116913	-1.978907268658673	1.2848368621943071	-0.07153254897881192	-5.229946205531868	4.082864422419927	0.7575828883565149	-1.2769987163990404	-2.292054377033609
DTXSID5033098	-4.721197758310435	0.19369815373794377	-1.4568179748071426	4.548122851363445	-0.8604832447153202	-2.2997731871820957	0.9194102638237781	-0.2277332881453514	-0.8540689675989422	-5.0637244382178475	-1.704904023160304	-2.0784666868143815	0.24548901726135094	1.723373995770388	-2.102271741264341	-2.712213973702675	-0.7235119358676196	2.446885505424302	3.3522348964120066	-0.6199787885469701	1.8540034967547083	5.626434659403073	3.519396002981182	-0.13216369339441736	1.0660486312894488	-0.45738446407099886	0.113346802790254	1.2586978327135425	-0.3137593874451372	-1.5902496034597882	2.6026800411725826	1.7558938206368102	-4.305288134499473	3.082970773484036	2.086146928102265	1.4303877911533804	7.952882138351167	-2.1126487486075485	-1.7443880586739957	-1.1199336981682353	-0.912191148533673	-1.02492627238929	0.17993356186227374	4.348346085799443	-1.184285564720979	0.6659602053396458	-1.7018754236314866	2.581922396493296	2.1529210399570213	-2.538913372809294	0.5579065229476119	-0.7832688060305494	-0.9053714960258151	2.576079085797918	1.8254788073512391	-2.9239055394798195	-0.7147688457021785	-1.5689116300023533	0.6619289856829539	1.2746658762482705	-0.9001721283979836	-1.049210450694219	0.44685083882708687	-1.7396432890158835	1.845237536476095	1.1918307436990274	-1.318240506940533	-0.20021987123913454	-2.0071750004814723	-1.0850491296956477	-0.7356869650214344	2.37243059492314	4.524219640650071	-1.8917123649488323	2.781376053153967	2.638797513306377	-2.7652529200897265	-2.1934353400025315	-2.0872562025302166	-0.9151697384042835	-1.2193844089806891	-1.2308090089241308	-0.003785059545028148	-2.0930511235923888	0.14606777995985265	2.607014187581813	0.3662656881469745	2.0701214982685325	0.6905715343800458	-0.1096963591523371	0.2861261353215311	1.1471657805307998	0.7927134966627978	1.6621548570344469	-0.8722256487023604	1.3108325909754381	0.36375511186225296	1.6778625122642576	0.6999912480015987	-0.821205290816745
DTXSID0022193	-4.318524043781755	0.5128057365273369	-0.07391676288786088	-0.2061940692777149	-0.215432445380982	0.7167714447900567	0.6828599036774872	-2.2856597823687226	1.4037902157977722	-0.5011511091886681	1.6696722442593437	0.431247868339019	2.039405403832249	0.7267755109592984	0.03867552789714907	-0.7399501118167463	-0.5979113415925296	0.9655979610702287	0.2072138122297052	0.8520642725647294	-0.9791437476131891	1.2939420507983879	-0.4249139177890022	0.07804487228503405	0.41486867927752485	-0.09391150324294101	-0.1404556145785094	-0.058645584684320795	-0.11785366141245883	0.2004865231409057	-0.24583358856514506	-0.03900944088975351	0.21767412162675986	0.5256390276445198	-0.14403137362430113	-0.2696350612177937	0.359174308609897	0.6961714709927719	0.14472271803395337	-0.3281314368503308	0.29707882583362494	-0.43929243394484857	-0.3799174363216969	-0.4950321847818425	0.2824781156808927	-0.32620305378340336	-0.14980173433472005	-0.05369644999275928	0.1929198073284874	0.20378995958151838	-0.1182845409006298	-0.2103222089777773	-0.3735646866275373	-0.14312473397409087	-0.05133689668358583	-0.08603879357644732	-0.4935090788307348	-0.11717857427151336	-0.9885281505199275	0.06639213351855677	0.44631360017389876	-0.08632851903390293	0.3176053200625234	0.049578143490559605	-0.8426309833935578	-0.07597440418186784	-0.377888305896036	-0.5198583040110878	-0.08122036395353362	0.14450467788493204	-0.2005014458188969	0.3884665767323736	0.5754701611605378	0.6553020092744829	-0.37886732144479496	0.0351813578412714	-0.1296923024829441	0.47031519088832	-0.40670642634266685	-0.3197579511953973	-0.42863960045593086	-0.11674712505074003	0.05580341392973944	-0.23005966474995682	-0.1634751237476855	-0.03598600810802553	0.02786702743323385	0.2724786040172528	0.1709363214154649	0.12087218284274319	0.14348954363376756	0.0007328924838526025	-0.3866364214633613	0.026121466543902707	-0.32797011039035684	-0.0038548422178237805	0.23321389515155425	0.36867289228492983	0.39727646974854075	0.33093812799652383
DTXSID0036760	3.2788862081023775	3.403620159720709	-5.293265041432873	1.635317030916009	-0.8883229180976063	0.6489121344368458	0.49844344048569933	0.4702933950124498	-2.4021519477270306	0.8404915814035169	1.2809115283987644	-1.3264809794141357	0.5428978562013328	-1.1898106772859667	-0.9856842520232518	-1.2180231463552245	-4.035805993850111	-2.964622792376343	2.345509429645083	4.147102273571134	-3.9240887795928425	2.2164351387922605	2.768189448319756	-1.5388563049425321	-0.2776101022583112	1.1009454277324129	-0.534401429348925	1.7217721095047602	0.3576925106281592	-4.912486799595806	-4.634475285322122	-2.426301711848858	-1.1018604538036285	-1.1428285691513944	0.2141725561331881	-0.5065163471623538	0.5564863127455267	-0.9393432214781748	-0.57163757056342	-2.7933998071181807	0.5571757926956488	3.6441838217510125	0.6387938561113372	-0.8135828152026792	-4.656237258446173	-0.6683180255396799	0.8637565225979472	0.8656823890892211	-1.864279719548203	0.259498442910021	0.12592013960668658	-0.19871715834691328	0.5076954106020708	0.3085317724887344	-0.9141478154244506	0.46944910609019136	-0.18643698088391972	2.064234903526654	-2.12988369566003	-1.8819107178592218	-1.1280266352543684	0.3407267201756925	0.5445996668886303	-0.7089628808719696	0.12007830010945682	1.550377568508479	-0.12747728862793742	-2.478044070558124	1.0015187638371874	0.5967532934600057	2.5235343649606032	1.4367440978399122	-1.061961828745428	-1.3764035374191752	-1.0485492321020378	-0.5604075532545876	-0.2647894603037308	-0.11391363493069664	0.39765700949409677	1.904644806144426	1.710802277055294	-0.7122226385954287	-3.904592820114682	-1.3157331442234197	0.9884368663438784	1.5432072199570739	-0.9882477891109354	0.9718006124465709	1.6185555569261902	0.3586677335846546	0.23723959491298377	-0.5900225893289497	0.45517674016585014	-0.559571775697525	0.3498758283437173	1.5600711909974112	-1.764545311280896	-0.5560206232957563	1.3351174481964772	-0.10500099849706201
DTXSID3049049	6.083826843248787	-5.273743725302123	1.8016781918997704	-4.274877326833324	-3.5151817497493667	-1.5931747684656925	3.227390408360181	3.9350537370884124	-0.19421972600581358	-3.913604990737777	-3.2124098138163335	-1.7114698177089134	2.643688393832093	-1.1356502106507769	3.340037575982995	-0.7529958109234318	0.9847377779989532	5.7964463219328275	1.369710380426376	-1.2787483231705785	-5.342885910256528	-6.780993289726414	4.344007016038844	2.939031435726558	8.80606342924484	-0.09153865893897914	0.42830177165467964	1.6638597157364343	0.07202335665668894	0.3239520023013171	-1.4947895959474755	0.6199729418161987	1.2978891913964017	-1.5396162336368657	0.3226206664263081	-0.9185010116789849	0.595610866273143	2.1429292064587413	-0.9149979890895023	0.377401723628968	1.5956806879135759	0.30244507873634346	-2.4047578104409437	1.3594941794192825	-1.5679805800763857	0.9049772020575259	-1.3282559643087362	3.2955407446414857	2.0089124786587074	2.2922334896713017	1.3794470640974874	-0.8053632680804258	-1.6369031904199574	-2.562511146311895	-1.2255269138215414	0.7974379543710276	1.1165359167916695	1.3719146749935167	-0.3878585549120798	0.07902885067304372	-0.003212834949954635	-0.3022787534749457	-0.6164104107254347	1.1691313923769338	-0.7283741790477617	-0.6214035536982222	0.41632927301596034	0.32667427992188963	0.4845994150154221	0.44178526965972814	-0.36387032772556305	1.4591852579201587	-0.9663285784231866	-1.2858819292823034	0.9254836556268712	-0.6093949705992685	-0.2552203566836771	0.24699311870475676	0.2663603328229576	-0.21248731444958543	0.7028608015867992	-0.21315219751842227	-0.8824836085523147	0.5090038525180505	0.7934309233206411	-0.7956898963387268	0.3990763130740315	-0.274957073577752	0.8474650987714718	-0.9097881492581024	0.36038225048029154	0.4137457784286057	0.20601458541421094	-0.9081754075324273	-0.43461934564847665	-0.3238888162810053	-0.46874768706481934	-0.5940442312762336	-0.13374887973597005	0.211581858261141
DTXSID1038298	-2.6080369923709212	-2.0615547868006843	7.117439205687867	-0.4467630176457665	0.3515540651701576	-0.14655799295888275	0.38967620767472533	-1.4313762833374108	-1.3842873995963467	1.036097336879839	-1.949356699504901	-1.062347487334269	2.4062467052106467	-2.032352555888679	-0.04422977783879262	-1.2071498585112284	0.22448830155260396	-0.8474109587956505	-1.1124982243984547	1.0453286006532776	0.15701782649397608	-0.21056782633724752	0.8367638048830142	-1.1040022054263143	1.1542049182317689	-0.14241816590341577	-0.0121967811234611	0.529098290108898	-0.4294353280057158	-0.2636202766759949	-0.06893239986909394	-1.0342716956525715	0.7705277083899004	-0.38218977649701125	-0.6751479499807539	0.7057075478835877	0.5986441290129969	-0.5174896255275664	0.5076694343398535	-0.18189704719319702	-0.14997695551321127	-0.7995893945877721	-0.10635666966998285	-0.7986291535533692	-0.46427276181359955	-0.5527763643080985	-0.2852894380779975	-0.410498670738785	0.3913987151978855	0.15834973441649958	0.17658627771970564	0.23703198183105656	0.34273160196211866	-0.21268500460568726	-0.3023011114584447	-0.16806985149694978	-0.2530756860939903	-0.7676476724394192	0.3499394014864566	-0.12142629070993705	-0.1046102879353728	-0.425614638071084	0.3147301478377245	0.3433320360252864	0.05218346914379028	0.057873542849821574	0.10769729376284629	0.2508150858029151	-0.07422452747323335	0.42576224092485904	0.0477804531891184	-0.11499484834071533	0.2795858730687684	0.20184326603090394	0.3474400177126827	-0.2917097255807202	-0.057222896129772244	0.30679621897059894	0.5347245607191459	-0.20651625186465594	0.2177697111018023	-0.40461584312010873	-0.3729112093792496	-0.22355475869996103	0.49699253272059823	-0.6035389004018089	-0.3571225956081174	-0.7217717812394709	-0.7227040367388543	-0.3253081508807489	0.5132490605184657	0.5800488983150573	0.7614824073246174	-0.7229708142364555	0.735928605579271	-0.2931234453867948	-0.019569363682021293	-0.5124396725820389	-0.7874906400796707	0.08650649566551785
DTXSID8034871	5.65497905785745	-6.073483944108792	-3.6578065214969837	-1.3557374369936614	-1.9615694345974206	-3.0395200210117705	-1.0491713277520938	-1.5475978146597007	1.4484799092442517	-1.6555062640796008	1.5263314238514083	3.1088615994379496	-1.0224706902441392	0.03475492203906944	0.3860307656703092	-0.6825630544282081	1.6686955265336323	-2.115176520836865	1.319747567331509	2.149805425624666	-0.2783954547050617	0.6649981874872414	-1.2866348232817975	-0.7321451938016993	1.2685781991191778	0.49325551276083435	1.240647791962872	-0.7975986645603949	-1.5393049185159233	-1.4251203685003622	-0.45831687255872444	0.359006319732732	0.734241732550921	0.4010767330469055	-1.0794785315338016	0.3402353097950417	-0.21840312605234977	-1.1680591859734064	0.7092845802747301	0.0022443524092452963	0.1821434926188439	-0.16733474754254699	0.06459239565559984	0.4145653547196449	0.3551022634563805	0.3069696264791479	-0.7870751595127	-0.6444103289025238	0.3693851080387853	-0.459434768088595	-0.5499955317345749	1.449501837058068	0.05022452541830675	0.5962051241191657	0.9940756963518133	-1.195095390181087	-0.03376066463139927	-0.5961106128964372	0.13614866789523608	1.0904446372509566	0.670545314232158	0.2834765696804424	-0.6846658220715192	-1.5191422396309695	-0.2453055292269695	0.033794039272110936	-0.33804957582154793	-0.3140927078570928	0.5606501487772888	-1.5313454470569625	-0.5255759499980928	-1.3621649225522072	-0.7062858108077741	-0.5369047733551753	0.5635657572103261	0.8058106655525893	-0.37407218422652866	-1.0007389921477265	0.03683952711040013	0.03356226096544927	0.4571216921605412	0.6269573941274297	-0.06819316620255182	0.24747234588938735	-0.005441352134736472	-0.3857045155541611	-0.48631903987793207	0.0071485888935805975	-0.5226063392950367	0.9481299660777659	-0.4268947201107616	0.3368745178553817	-0.21214839689347184	0.12492535133614341	0.7824575070900249	0.4274926643371323	-0.2663965544341289	0.28402379289559604	0.2571164929125689	0.24766002552621139
DTXSID5057672	7.150961259374169	-0.6391513255931343	0.9781639367546652	-4.597312273390115	0.014304037667804867	3.5250368597555006	5.225166242832557	-0.932359766799677	-1.8755270233062664	1.2145355953965062	0.5727247590007862	-1.9551939691563243	0.09290236364408697	0.7556039052143266	-2.2145306125086157	4.452167713331213	-3.011530691698231	-3.3431446294594553	-0.5556169294092115	2.5339451761484	-5.722815603254214	2.697153106897518	0.7281509440377232	0.7395121200947353	1.4023775293860687	-0.3958407249984644	-2.7613001908742447	0.7900287141460267	-3.404430962063358	-1.6511316293738467	0.03226658879054936	-0.22200176697824858	-2.070790749185903	-1.3290157426893072	-0.9135468775627815	-1.433758474542962	1.915043635603064	0.6157061331919076	4.620722733642953	1.4631461375118266	-4.568025612819213	1.8343800515493054	-2.2008400611122068	0.8348850835384409	2.2053734434667596	5.32184786865691	2.1196093456186005	-2.6726562163878147	-0.46821689443919656	0.7465515038814695	-0.6954551844916674	-0.5391789031427007	-2.083465335913069	0.20544830352336899	0.044007316579549934	-2.2006756859982115	0.7471961835407197	-0.44556761312924287	-1.3109453108931772	-0.6134991413497441	0.9842978837316122	0.6013198096083551	1.5401966106389988	0.6347621329523236	0.04325135400536332	0.36146002505094516	-0.662489086906761	-0.48408995700251184	-0.0397296996293971	0.5016177114200766	-0.10351815131134084	0.8791441945229905	-0.43428430165005	0.5103173030219987	0.3540778359029597	0.6698098531706337	-0.14170741681630916	-0.41393966343891636	0.33627100969430224	0.1706856733937223	-1.0089425875700644	-0.31134557323988316	0.8868335132883997	-1.1108279016856337	-0.9588979099843694	0.20802367764860302	-0.07501911623655463	1.7322524569171045	-0.32487156187047445	-0.46908672573332616	-1.1546178134508396	-0.27418685074642546	0.01820987296565328	-0.039786673002866015	0.9939323955388747	0.17182711109013213	-0.4322792546771817	0.5749529557032897	-0.42243686680767595	-0.13104976919703296
DTXSID9046285	6.092788962936473	0.364219971151225	2.0029647983729064	-1.5287998039606696	-0.7071743615667044	2.0744152426541946	4.0748701902620335	0.561774738298984	0.3093990420154586	0.9078486357458841	2.121897373175355	-1.3115863683238813	1.4152226717176073	0.30988725484616675	-0.7601856037708371	2.197962112699872	-0.6494895441800123	-2.781068423580453	0.1983444159583904	-0.561046318449896	-3.40096944063619	0.42338118194727614	0.6114105406279559	-0.6989967223083596	1.3839850929999715	1.4114678026050673	0.7059401405089516	0.7976345961961991	-2.0609364544933415	1.3642238898804853	0.46619564884197495	0.7365855435806261	0.18315171515446463	0.8381051644039509	-0.8659533446906786	1.29583508282052	0.19813909364449672	0.3449158666936912	0.39911903426281437	1.6089886832260096	-0.23202358627976208	0.43914735957214224	0.0637235812690098	-0.8460528667940621	0.7708399900950075	0.5250155120711836	0.9605808293712415	-0.8804614620366482	-1.185309439225325	-4.280550153029269	-0.2693896032032635	1.7348547933791778	0.8993029789007787	-0.2002673411598573	1.1324862845448278	1.5954835478512523	2.639666816529379	-0.3890160596199982	0.6227587535938945	-0.11832115596706033	-1.4722817084375517	2.478057612270745	0.22382915331437428	-1.995602404591562	0.7444138837231077	1.9224551175868672	0.08084243184765266	-0.6529675897626693	1.4531914184964703	0.14310566199565294	0.21346509484381263	1.0524262765363253	0.8329455267634576	-0.3256865201465725	-0.09781960296697646	-0.020420772296679802	-0.36563881703992096	0.01304192720872397	0.8470155389455076	-1.4320983233241729	-0.24802717685561534	-0.9180914385139181	0.28355649490219	-0.6215989584720721	-0.928644241455788	0.051245052894217255	-0.6732597792678633	0.8138505114191567	0.5628994415234367	-0.7934617021587141	1.1912990125752714	-1.6616179651068208	0.6245554232448176	1.0804129313716926	-0.48065187995762804	0.13482324909022356	-0.30211074871559657	-0.42073746520340183	0.014770353482892839	0.32550747144562286
DTXSID8045351	0.7751830134967704	-4.334051808031503	-1.8512757734431429	1.7860661765326762	-2.075314281884481	1.665167770393885	0.7047259022641245	5.07832141798193	2.1343656492047582	-4.00618711980317	-0.7518398958365926	0.550843469077688	-3.199888401566032	-3.883965233304163	-2.9603418038162927	-3.425780129193468	-0.3277665605600884	2.658650874504146	1.3974789899486075	-0.07176023120613145	2.144761492238298	5.596695671910886	3.4164535743611912	-2.2393356707429364	3.4627235055373333	-1.6283215614034663	0.918907630639799	-2.250527528380775	-2.3092980160575354	-0.6300500139310015	1.7357781349213544	3.521936302121468	-2.207580897100651	-0.4152606199345299	0.26802251496704654	0.4324897714537873	0.6451777399890944	-1.9131724028285109	1.735748278683513	1.0040685054183431	-0.18489119262321183	0.6093969821135261	0.37008988210198085	0.506801809306715	-0.42974754708465834	-2.2137491803875	-0.7604909680562427	-0.4592834582982075	-2.2082296782598148	-0.2793066470256677	0.677924252390045	-0.9642856123867006	-0.02738602466721579	1.55603702149891	1.5116458054448283	-0.7694370854907367	0.9105472854633039	1.3439175179785734	-2.8975305654003716	-0.07815471145338486	1.594432683807051	3.3676403645520874	1.0442241710039744	1.5180337284665313	2.228931776563607	-0.40221862369556427	0.2569456621743035	-1.9536537501700293	2.206763670990336	0.6400900453749556	-1.2297568042491016	-2.4409241815453835	-4.191621728817681	5.113713004777847	-2.7236690235719565	-2.436056709516673	2.06552902833237	3.433477173310056	1.7398589398755513	-0.650510961065815	-0.5962891758550275	0.6548320384898052	-0.11489330076599506	4.148500443359836	-5.021400109819	-3.393488362175701	-0.16921410529588507	-1.6329298592809165	0.9969318009673173	-1.068888982030968	0.961102856385616	-1.0574696300618864	-0.5041837942215839	-0.8340728353960101	1.1835971841363813	0.10590858290041937	-0.7801240876652521	-2.04233156630548	0.12439500450976003	-0.09206912876739859
DTXSID5044786	6.937059585468499	-0.3757278872845617	1.1537200832226193	-2.405705762205809	1.516643127201973	3.7017569517381177	3.7886878206717522	1.0316021254042367	1.5513661473839657	0.8355614745396893	0.25582091583163047	0.0985267308187918	3.7164263847165544	1.6109595361879745	-0.8465674739784426	-0.32833577469288666	-0.06378298951316833	-3.2392013391410384	-1.7027031319085617	-2.3549436403433863	-2.7408080459851205	-0.7692796166095186	2.3845103419001696	0.11414982816010197	-0.7934634116420123	3.1574487727557936	3.8995300398211055	-1.8087761862374125	-2.2522394662475347	2.5293667965638424	2.2816170580630115	-0.09129852480389412	-0.7604000734775925	2.904916409126171	4.222632210047793	-1.2296724263356231	-0.8192531831394438	1.8430325591497136	-0.3046508879307819	3.870028880052588	-2.015330519684618	-2.008042465878252	-0.8273975305201511	-2.2343096452807574	-3.5299752135273788	0.37430755473293104	0.5405561711008838	2.224257502873229	-2.347393889594779	2.9599138618831695	1.9645746891565554	0.11120035707362658	2.246208493979051	4.840882792867689	-2.0645007422062607	0.8236988594387736	0.5433612607756594	0.6057268402978384	-1.0317690495861738	1.400305199084511	0.5529120019010719	1.3047293217850826	1.1175481745895326	-1.8508267093595046	1.5076159022079332	-0.6461198078259103	-1.7858517454814027	0.15158598769075268	-0.4287330113098534	-0.200457542606271	1.8736149830467745	0.2851904225959752	0.19892232502491053	-1.144139155897102	0.7793007925454127	0.5556788674752481	0.9807425295374461	-1.4037366731672598	1.3870935464771623	1.1369772830872322	1.1503729977539623	1.2178782642773942	0.6305375720551368	0.44073605175127145	0.5053770312156708	0.3758220699487883	-0.18618305825265297	0.18434562184065545	0.6791281053175765	0.08402242497379375	0.2960876605182414	-0.4914852719807863	-0.24818449530188594	-0.852744239987347	0.42426844943876485	0.73212091940574	0.3444293149734575	0.14771024716862396	-0.7115429663111348	-0.35116179527917113
DTXSID6044430	-3.216784570812148	0.2867713700874805	3.052450724189118	-0.654739856161298	-0.5529429490117495	1.5205458967375585	-0.13716699781461344	-2.067674019336538	0.5457190932890961	0.06157939806389327	-0.40741608694446	0.10301018141218699	3.7245939988060326	0.061151527667285745	-1.2602256375409036	0.3954729545933327	-0.049746106575607844	1.429695985143197	-1.5795346881421903	-0.5271646156882321	-1.0916842781796023	-0.14934914994232773	-0.9652731323588462	-0.45190633439425937	0.9152668807342823	0.29294673644664077	0.2539635541331294	0.9202362459434535	-0.1963103592453262	0.4080376492382573	-0.17988106967321665	0.3919139327069337	-0.4764189006287795	1.0917954292901428	0.2586318573064335	0.6323824616676018	0.15479667627083094	1.7315337263072557	-0.8463734884122123	1.5686993026233296	0.5021843902353796	0.838856983455818	-0.7275401671388918	-0.9405376424321482	-0.26562714854629405	-0.05962252979724066	0.3043700465797222	-0.2734643959419735	-1.2739247704426626	-1.1683490670478587	-0.2728681081977799	-0.27120559958367757	-0.15166879939371566	0.5973068638358683	-0.14563905676890052	-0.3328431504569128	1.1679058733207188	0.04455584486644453	-1.296962769063175	-0.6600926145989245	0.4069884054188428	0.7157724141229888	1.3674331433209173	0.736923450343714	-0.16812031375985317	0.3530520607247542	0.42296607155351096	-0.2882011893679517	-0.1091461942422303	-0.9711191122864218	0.14115063326540758	0.5340496637379555	0.40902759189002735	0.23713488229374072	0.19976336789574275	0.42691109630943286	0.4177963339612793	-0.3067297272249451	0.010383926898931273	-0.16705951506486566	-0.24342516408745515	-0.6318026441133694	0.1705449465967279	-0.5684108974480604	0.5964407233240308	-0.46660276444890236	0.09194222145181573	0.41183831943292304	1.1784871486957214	-0.45600420280040627	0.37831124242270137	-0.27255293864241553	-0.46509254178642295	0.13514068584551384	0.04889587179038532	0.15752860382420952	-0.23030390417936042	0.49584194718860103	0.5480589668791164	0.1279230139326939
DTXSID4020321	6.546333221408484	-4.628455791224103	-0.9761325363316569	0.6890552755785366	5.169252963212286	-0.39446219643319547	0.8077265628125366	0.7362344535308906	-0.4079657763140894	-6.418170163090708	-4.216518913770711	-4.436646359254083	2.3821035961154173	8.744636332574316	0.5562411077363999	-1.0790810326387996	1.3071640903773691	-1.5668472984827606	3.5366806823707706	-0.5520245505436121	2.3582855304988097	0.18442941240406305	0.7289998190478324	-0.041807832421094905	1.0001441980332846	1.3011115539368119	4.5727539620930715	-1.1883543687678138	3.0389548452390027	0.13812071423173036	-1.6361185603708899	1.4899284563395552	-2.692325426286676	-0.9212904179895124	-2.366800370469127	1.091155605029431	0.5300892609126611	2.9100651202628622	-0.16233583396307005	1.1754530142576292	0.5615350319132897	1.510884430654721	-2.200465175511654	1.7085772618177253	0.2918410026871423	1.832654363784366	-1.241698651567736	1.0556019524007614	1.3927135773175345	0.8316023416518775	-0.5696933519738193	-0.15662868622569576	-1.4618139911322205	-0.2694975793466178	-2.404898944638507	4.3577247243510016	2.173024077401758	-0.06380373201127663	-2.4034585108275834	2.15905018398011	0.5616087219039548	-3.379625825837746	2.6657373563757085	3.927333085122568	-1.11332691465837	1.8319712100976269	2.116741765724847	-1.5116246407890983	3.3007763230768505	1.9903638925867193	-1.9429994454595658	1.1696951737108996	-0.04183675558892872	-0.9299336875653131	0.22848216812131222	-1.3366414730350273	-1.4754047919137492	0.5441433111793835	1.397760670794533	0.5661551967791988	-0.22485377290246936	0.19097368730082556	0.8585116775937748	-1.2875623379799284	-0.22884801123151105	-0.009710821290677329	1.0923529447609734	0.49084854158842045	0.5054847609595371	-0.3855100919987913	1.5939680325350014	0.05675559820480837	0.26991205748861846	1.2165290461335425	-0.4583590074527406	0.16871452835607798	-0.057465254092364804	-0.6133829044000538	1.0367821059761597	0.6369644378097307
DTXSID3037709	5.630394138065574	-10.384284109055002	-11.82919626011878	4.6301857379867934	-1.7043215629334887	-1.5850929358246442	-13.015324836130446	-9.417520364379886	-0.4366935374540935	-5.460130877325239	-6.332377914282087	15.365300314769302	-3.6126939165137952	-6.689384055787159	1.9208745999877677	-2.8480445267296237	-4.502999559728381	-8.46592558743169	1.8107872117653017	7.204996364709862	-5.2424858170686175	-0.3884346227598777	-4.078483248895316	1.1126048216465818	-0.338783669495251	5.827265228471181	4.220284708565832	3.026759994404399	-2.9712285583879083	-2.892107264361773	0.4432728573412577	-0.2759378139051842	-3.989290803672425	0.043517951288013675	-0.9894413138512622	2.4504584441597625	2.1934039394337588	1.1635702556195235	-1.3924222023943782	1.1476857456446885	-2.7515749159650156	1.4971074515894587	0.562595075625011	0.363013403254452	0.30258641258298763	-0.19600368950047387	0.8913133938308886	0.7099224363219949	1.282124532890407	-1.333504543360811	-3.780578173938629	-0.7864272584526384	2.566951708052599	1.1858632480328382	1.835542658513071	0.11481648774095253	0.436480287798893	1.1932553050347652	-3.135415478865368	-0.8028475850671649	0.2996563711999361	0.32810180923665827	-2.8960848283299208	0.4163346021703922	-0.20270167224936375	0.3760854183403828	-1.279551435179318	1.393949652601951	-3.280428146283879	2.5888789610637115	-0.9519519229138582	-0.18787586870622422	-4.415763032509245	-1.063490839653424	-2.2316994378257915	-1.8715508930578062	4.256319943755251	-3.4095818012515204	0.8324955379438715	1.6326983112721836	1.4067665848529978	-0.4005406711202413	-0.09399450259651614	-3.0777894797358547	2.0673287742416515	-1.2960789883718598	-5.517969100065375	2.9237241378768615	-0.07780850144886498	-0.06375969722253448	-1.2221838656978559	4.694307832009618	1.7948990526910897	1.632382482577848	-4.707379534653887	1.1214566237281973	-4.155958508370516	-2.844405419708087	3.0580835235372823	-1.755827921351796
DTXSID8024941	-7.7159836954063845	1.811236514069708	-2.483625338824433	-1.3538048406689496	1.192030984776198	-0.4213761618127858	-1.173345080381719	-1.0907433963450361	-2.029770225623871	1.3791312795954085	-1.6813344749573187	0.7679038806081209	1.2473183331875008	0.2746055155179695	0.559667577690642	-0.5129055255672939	-0.33022532993520204	-0.3806803329760965	-0.013737715573214775	0.6480619086250908	-0.1968471371025478	-0.5792640436057844	-0.8054827900661203	-0.008504878866068611	-0.035495473484059535	0.5965480862447506	0.2857738537710572	-0.33614749628438684	-0.6256329930474519	0.4686473482575624	1.1353145100495154	1.1041194402257661	-0.5407986408224165	0.4447855964553781	0.3437055077299676	-0.16635420579842194	0.09239309518164174	-0.11397866571481048	0.016654978336788175	-0.030914461502748868	-0.23359112427736076	0.47991267834950174	0.19381067375278316	-0.260358757883093	0.4578371371174208	-0.19689546252672718	-0.04830820593577641	0.1297631958601791	-0.35851735080401254	-0.46460061544272313	0.447202424060527	-0.8320971222567026	-0.0497892424848392	-0.48156445275359344	0.9321007751300552	-0.25027568847725484	-0.03773037742966389	0.5040560850908974	0.16423738507565594	0.31481286883042464	0.4735511317195561	-1.0301304615756384	-0.24082406271844115	0.07731829593490604	1.4334701915582997	-0.6530431151976227	-0.5252783517295306	0.19028973809463826	1.2151829848593274	-0.4326574649395522	0.05785551707337458	-0.513906880988703	0.1393152022804484	-0.18682417547792965	-0.6823703632479645	0.07419290737102062	-1.2681223160536206	-0.2730316665554033	0.6532731466971858	-0.29097970324095673	-0.6232229558281526	-0.5598671339949007	-0.28136399383889515	-0.335484867032497	0.4150395720974531	-0.6474149760193139	-0.7700766909782368	0.3539827640115847	0.03720743083477366	-0.09807070822616293	0.16006779229634321	-0.1786475752892041	-0.9807082107245195	0.11489722031032801	0.08539276334614634	-0.146518085867041	-0.7585114150190255	-0.10345784300412973	0.6390056441062278	-0.26911842391757057
DTXSID2025765	-6.272074016543837	-0.3011380544122296	-0.7100054637750848	4.935753958450601	-2.1200083001341863	-0.894978904538927	1.26941811101421	-0.998891289016024	5.847480169620914	2.0140770480722154	-3.696610175534129	-3.6006191664787854	-1.3637960488246836	-0.883201090795865	2.2159184533576957	0.5860316719059806	1.232100947216707	0.3321253775014338	-0.9014126562874644	1.4655091861462637	-0.5173091144761309	0.6486659801760951	-0.057260113582072364	0.4740354126067803	-0.7741466766592925	1.0323882528497965	-0.08719645760675522	-0.13783773104308786	-0.28649706836616345	-0.08647081116975262	0.16037382578827156	0.4636383874167998	-0.3713238823928699	0.07834287271160595	-0.15992662988171094	-0.17440628804478042	0.15958274878628192	0.15794148828430496	0.3210282182176552	-0.7615889813486536	0.049889937800133406	-0.0211263609210281	0.08630241193286725	-0.3661881660144002	0.20047143358388406	-0.11686483303548727	0.29071909868929324	0.4347121067639439	-0.18568233013401308	0.28130597264398133	-0.06474379401153327	-0.19702862361121792	-0.5972539265545277	0.04660008404069409	-0.2992827482582737	0.35379858273478587	0.5324777954772965	-0.03863519718214853	0.12161745997833706	0.052965547131951354	0.5289359176761314	0.039489167857033686	0.18446050383743842	-0.10651497240735683	-0.1905678351824296	-0.03181724114542239	-0.5288500676605524	-0.127439555268416	0.27706702276828776	-0.43048074195691416	0.43321071533034206	-0.025687697589385133	-0.2558249050173664	-0.21469359016897982	0.2997588854660097	0.19934344584745256	-0.03937591555765606	-0.23134525554232127	0.14806432983998677	-0.09573417014838106	-0.024034265569413054	-0.0363889444293244	-0.16389494103887017	-0.026995139903035533	-0.15271099496248583	-0.06875172587568056	0.09769542231476595	0.014665979749154028	0.14712495093860234	0.11343810088357324	-0.06300966844815885	-0.140038593565064	0.17242423338059296	0.0942345253172843	-0.04207350228539366	0.14184527675745465	0.013334923737982918	0.12569157113912258	-0.04237861174455411	-0.035734482442420466
DTXSID6023232	-4.8341035368190886	1.3888650882546243	-2.533026985622575	5.017569579576411	2.409675553644733	0.5176018901793107	-1.0383131421587886	2.075273644672801	0.06519060145756553	-3.53942799623268	-1.4275269086945022	-0.8353217000599461	-0.13150584790449243	5.896360743303754	-0.4181702846729956	-0.36806444852158343	-1.5164564162269112	-0.515675331227308	3.271967094603863	0.2709832896310881	-0.16216591783946696	0.7220696630231475	0.27515389904206733	-0.3475650289883785	-0.43083575081166636	-0.8484485173621915	-0.25528209317226613	-0.4760056381122801	-0.437107838509839	-0.34594073767175354	0.16418533508038	-0.36938863862732596	0.1928569107655488	-0.4087525656017537	-0.27871976020716976	0.6854163978689314	0.28166040815700166	1.1589670014323794	-0.185325827834578	0.37957760222021275	-0.12296774487913714	0.3339214643691813	-0.037029351013213196	-0.4115432499466026	-0.21309600045280652	-0.8703336951097752	-0.6089116832582318	-0.001085498590605705	0.2543784595133989	-0.28188315972560496	-0.8872618786717411	-0.4358698484019048	0.6030826311603231	-0.6992333712377294	-0.4826161614279318	0.8628198249262378	0.21081129959151804	-0.7278085947535023	-0.7728314813021286	-0.09599122925985973	-0.089318189790462	-0.6818234066021914	0.04021234340996698	0.10818147164775573	-0.5324274300107933	-0.02153634359763005	-0.37522811114740623	0.5157423782732518	-0.10445870993500601	0.1883634940757392	-0.39492634765669027	-0.7644925622866224	-0.586559099612323	-0.1646230640841234	-0.049518701195513166	0.4391130452488023	-0.5864401550433102	0.040558061664458155	-0.4544225720984552	0.0520425378376778	-0.09859764061935135	-0.7918503263690415	-0.07705571200254722	0.1793904731182064	-0.22436835699795862	-0.6775088349107423	-0.5773262141913971	1.1915809524956622	-0.38898739753921935	-0.28569543332749875	0.5414181502781729	0.1653515676604701	-0.18070778497954615	0.03305047354232642	-1.3885417585687143	0.17361203212107798	-0.03938890176720871	0.30197003431156266	-1.0595214099891592	0.2393450004513767
DTXSID7046093	7.833260313248562	-5.612085859199188	-5.623892202237799	1.4253489815873328	-3.3601862628732153	-2.087500890443542	0.1151622832599759	2.265618369799252	0.8026121722232085	-2.9412515558533214	-1.5963537804830412	2.47491946542469	-0.8934083867456791	-1.9297206254462647	2.8419543011927857	-0.26462119711155696	-1.1188078248153297	-0.30297586368761925	2.2534093107847872	2.2010016210000427	-9.496455966197285	-6.852096414442957	9.150471197585121	2.213383219795977	5.503546132002717	2.5133755017216597	3.186880644398148	0.4187622561193319	-1.5564918248269939	1.505609645295485	3.2556961698456854	-0.9469825268265563	-0.24173639370953748	1.869946312684389	3.164706261449716	0.11476527860998308	0.589228089405696	2.37792190003173	-0.6848634628031458	3.294848913403046	-3.041853127698613	-1.4192996721545592	-0.3643067350174251	-1.7110058564538886	-5.139596381163414	-1.1150321128264131	0.06156835625011783	2.3765851012468744	1.0614841542263218	5.388685824992455	-1.2053323488179233	0.5761270791171476	2.042591616796611	1.463095241159486	-0.800675320305614	0.5825054120942087	-0.7076046802293392	0.006383677149017828	-2.1320647733837634	2.512044574952827	1.063980946947576	-1.2752919064347177	1.828009228549658	-3.3944159393728084	0.5526292423765027	-0.7009680133276024	-0.22679884031429967	0.3666891592222413	-0.102757742576048	1.151249556405864	1.7689501415834323	0.5380092443053183	-0.8809067078051865	-0.7493310186806835	-0.24742070776931124	0.18201858902182236	1.526910706679176	-2.079944225088077	-0.7379152930500374	0.2334780589214458	0.25083306188801596	0.05620263465856737	-0.5003160653323949	1.1759518434311955	-0.027041108099336814	1.2599326169522365	-0.43415519448871176	-0.9928928122858998	-0.20064216253858874	-0.1726986845534334	0.2633959807736921	-0.7160456337792855	-1.4473917121917619	-1.2551155086676422	1.9969294512194014	-0.3054034687639428	-0.6800099050700984	0.20512996959045493	-1.3273316797094712	-0.3754136792085525
DTXSID3044415	3.2487069650563067	-3.189415281466341	-4.596485655545633	3.22280514941573	-5.621099733747936	9.524390615887446	4.055126030294161	-3.9201046999329225	-1.8095736035578454	-0.8264653620248863	-2.2236935420651243	-2.87963939264026	-0.12385620717604405	-1.7965690225502233	-2.2661702355227233	1.3239950217061245	0.2291275451617727	0.8222355756362534	-1.6468451507127173	0.9572495099091488	0.36037023962585696	-2.666255390437884	0.1527324623438655	-3.8067314901825964	2.034576491481375	-4.2152849487012425	-0.3819497051648564	-0.6574611801756883	3.087033259576501	-0.07026420303215863	1.236081708544115	-3.058018089602747	-1.3970841522924187	-0.35989693036329634	1.720857343680399	-0.40284102635670754	-1.1003730280033475	0.9116999076671417	-2.6426328618816717	-1.016371886705313	1.0615674083239888	1.921410161605085	1.3411415381053406	-0.17205953847394115	-0.36874013743926715	0.6660943473432117	-0.7912086652306856	0.6606148523407229	0.047852598261001175	-0.7748384508646451	1.1053982553380977	-2.0707983993473293	1.5430487912142479	0.43666977092881015	1.678190754321292	1.5997468429990278	-0.8281284111445789	3.0433960654679324	0.4659202506941066	2.756346447107983	0.9619001506400754	0.03607762581074729	-2.074258906237921	1.4228370146195255	-0.41973855395811577	0.7752000150630717	0.6571993472026733	0.008120627540659642	0.24028066596163514	0.7298135860323751	-0.14762090549076382	0.07618781470083032	2.775629554849951	1.6393836617115782	0.13859907671013463	-0.34253275659663673	0.7273897913781077	0.7506898322838718	1.8556368230387816	-0.928974010202318	0.4420279573138716	-0.03272106648419499	-0.508732366430099	0.061003864708140586	0.313848690207985	0.2128055892819567	-0.31300044523047443	-0.2172892180088399	0.3744792588483553	1.1583729299140277	0.13485018378574956	-1.596823115939786	-0.9380042251032591	-0.19623037424073148	-1.0758070287161847	0.2483611975604239	0.1724166835157774	-0.1699491076019725	-0.34107393175439454	0.6486389510346974
DTXSID6057669	5.842759943819903	-3.570559179677967	4.659240963990813	-1.1914262773276603	5.1906790081552705	0.7547094151173844	-2.9001780320961994	-0.7053319082616974	-0.44736464468364245	-2.4230381165744994	-2.8081197464686256	-3.1879360408265427	2.736624567838179	1.8557478315296578	0.10396187615835248	-1.2580726553161723	-1.4282142207353505	-1.6199804823282613	1.0137505510036209	1.243550097442119	0.05097147496245441	-0.5408381136807705	1.0321675756950839	-0.7666641330828396	-0.46258588585615934	-1.1589693035491468	0.22975051274157315	0.17666761439269532	1.0464657896994696	0.35997031614493213	1.1910249352597313	-0.48631949138331165	-1.1644746289340178	-0.6651408228388697	0.8224434834450028	0.47258667001674126	0.12624546211170468	0.2158326451611775	0.23059878518195193	-0.14357797588586987	0.9736937263635893	1.143384483606879	0.15876530390099222	0.7734137899314174	0.973615087023244	-0.8246259076601739	0.39662182548136155	-1.5189928632152119	0.533748139193677	0.6020439960250571	-0.6188790043400171	-0.03664041972560686	0.5679764340354763	-0.4307583466699197	0.23358130065243357	2.3360917861352632	0.7667931277106771	-0.6624358247699697	-1.851840074489114	-0.22075259132434208	-0.16393383331667688	-0.04987081461623031	0.5806684234865652	0.4604608461169216	1.2200176028437146	-1.5299541489751924	-0.8758952925151561	-1.143123555876053	0.727075825719374	-0.22339764644594873	2.186740460308412	0.9847446120178668	-0.12748934547273	0.7145132963696038	-0.5898990538827942	-0.25812005326250714	1.1484879995088806	-1.3450017405972294	-0.8086429117747597	-0.7704921087905259	-1.147874039753844	-1.6505953716276465	0.18315109567504262	-0.7283497516458618	0.4402359168703192	-0.5374764021221042	-1.1076365228707252	-0.8070862242637035	-0.8661093021145834	0.20488131816286295	1.7286851989722134	0.05332562183500564	0.19785400544813034	2.582970521401506	-0.742579281921478	0.706207364504062	-0.7583609094994823	0.5373990576703714	0.7960067234884276	0.9892241077387057
DTXSID2026652	-5.364068474126907	2.6057993518989178	1.8628043172072772	-2.1589538589730153	2.205116165182347	1.1330861694834697	0.17692743120605234	-1.067659374290587	-0.6923117900680684	0.006480207788996217	-1.2253346599097574	0.9861246170000126	0.5323174627834997	-0.726254138094254	-0.41143019507122913	-0.3085862298255221	-0.6624577338316742	0.825878298036822	-0.8287478428968308	0.6617143278814406	-0.4329675157287746	-1.0473850340691548	0.43868168148288306	-0.681876076485118	-1.4718679902145126	0.6080589738016337	0.7890211110433737	-0.2774279677594727	0.3384474215877537	-0.15332802895961128	0.4896370786370853	-0.2528516546032149	-0.3976358845453447	0.6526224000397975	0.9803724502878226	0.16590256949968973	-0.03445064612208209	-0.3891651261407826	0.10665019952621611	-0.4833709755421132	0.21607524041980677	0.2607147326404717	0.1774720530886197	-0.25020598448389475	0.6874723667310534	-0.15884978298152874	0.27493233696072644	0.5603214590665397	0.08277236853796739	-0.43173728838609965	-0.2928500162239669	0.16404840513865174	-0.19721736671260517	-1.0843356814709637	0.21489654626869983	0.08763155513737207	0.023827405989845944	-0.15202513753318275	-1.0800231579772894	-0.5888706644932857	-0.5421427329664853	0.2234392351574574	-0.3521119768136282	0.3496514322573945	0.16103025544707766	0.181239501417084	-0.14508796544801625	-0.12401261881199213	-0.11826492048673026	0.3148431676437781	-0.23018442049956778	-0.13861034780185655	0.6375398694287664	1.0578289979717563	-0.4950007396685672	-0.010706596658061139	-0.43531787818381457	0.09974502658330868	-0.23430534263675895	-0.3572763508765146	-0.7168634592034957	-0.30490182449591363	0.6120834944165078	-0.13936964286440412	0.06436387835097448	0.20973328662631863	0.15624163370756586	0.2863168232141551	0.09029111151509348	0.04236182112940876	0.03172977100601642	-0.23634650840262153	-0.14469362494817414	0.12397520178280608	-0.19432243873881247	0.060123007231528657	0.06355040854993967	0.12256079047171184	0.2442365939303801	-0.1319739482813514
DTXSID9044617	-4.735297087264194	-0.8416218719162954	-1.2202720584206501	-0.45270898830918804	-2.9940145991247205	-1.6646381793090768	-1.802327845624632	-2.589770804768048	0.6864284859933575	-1.2970651705533252	-1.8061254575278136	4.481676546763651	-0.8785401550978779	0.01395525461446348	4.320704345194802	0.29201254255696757	-2.3816205792246823	-2.0699268493305034	-0.510992044542125	-0.5541098500682229	0.09799266944145324	1.2945727237478293	1.136769785459721	-1.8930726272487495	-0.7675732693885884	0.1451512723234673	0.8153110086156681	1.47292578249009	-0.6380873314169985	-0.057310313853650326	-0.14312080501247917	0.44469022820685217	-0.2548227318460335	0.9200044471540588	0.022798727547235123	0.7005835877715926	0.2104028995077373	0.6737356399859308	-0.5998622894452136	0.2893181711799385	-0.5386547612041485	-0.0745954084620499	-0.25226901218002207	-0.2876008471414836	0.917496124500381	0.4877831569978236	0.008541580165805538	-0.6506667583325698	-0.25922810411943553	0.08250285400611794	-0.5747187022870154	-1.8540045066860291	0.13488762082582825	-0.03108630511610572	-0.9763765806443906	0.1976123817252981	-0.5958980502446066	0.36214303282589516	0.3080486884174298	0.4311236086344004	-0.3435221498024602	1.4977125035423557	1.0292388920542264	0.30519649645760805	-0.6422430387572661	0.576811658155543	0.12311480820929742	-0.2609215531075597	-0.4149768669198811	0.381275336348208	-0.20998892788240356	-0.2567220505773278	0.5426745065768059	0.035947980641435846	-0.4210409730104333	0.04872973510335651	0.3339895065864802	-0.5647637488941551	-0.07507178122286791	0.002572939989703352	-0.11331765002545553	-0.32228755532137	0.20462703541142946	-0.3949941250523623	0.57850789890568	0.031437711974423424	0.5287754510576916	-0.4161305966731183	0.16994425592305368	-0.05790944025136719	0.3675252947700315	-0.09354040029314505	0.31054647793013407	-0.31048533618446084	-0.01316559324999801	0.16121565818517442	0.37599774607239056	0.23724352246755284	0.05218852469950505	0.25192800473605925
DTXSID7042063	0.19014856510745298	-1.7200782453501722	-1.8483468422253129	0.8858814549267685	0.43986773840584525	-0.11664588116526851	-1.1235682994276	-0.6046184542724683	1.4634385011065656	0.14486616096346783	3.148383192396209	0.4042105053559855	0.374531735632716	1.419786883163633	-0.5218160036391402	-0.267463737201071	-0.482141724763318	0.42410930778915007	0.9604536509881654	0.34380271944529767	-0.03452856129883089	1.224518682917844	0.11907905454567519	0.9141767661088885	0.0874527569532707	-1.5237719235633456	-1.4583598550459858	-0.5500824997402227	-0.22621551623293476	0.1830920065448175	-1.226163691017759	0.06552938602739682	-0.6357169825064642	-0.5854323112483593	0.21389295519453203	0.011668901133350193	0.6414188950876967	-0.49534195286761684	0.6192631460201629	0.0898352929703577	0.46188990031804616	0.014302470535374489	-0.37207667979460957	0.7129478624905135	-0.042821633465437256	-0.4555275786816816	-0.22823459510833566	0.4693649150731121	-0.13745283817157716	0.954533969962897	-0.04373291118643792	1.5683523174006901	1.0593860315578079	-0.40391178250542314	0.3275561450388783	0.5936501170715301	-1.1656552728178788	-0.3458870657465034	-0.06700428155253342	0.3812300089073752	-0.645510320860128	0.6554742532769462	-0.15653891272127324	-0.04051255563736195	-0.8335254349011941	-0.8754492206180304	0.026731698605910712	0.14964600723596616	0.3624409850755051	0.04253104724964038	-0.2857913660142645	-0.9680035956174278	0.27011350574322207	0.3871023772714116	-0.4383248300478171	-0.33990302812458273	-0.6819812035535889	-1.0353199210666937	0.42163104109461835	1.23192067209464	0.29083038239245823	0.8537928295115076	0.20866056411847772	0.16569602531730301	-0.46125815323560676	-0.024207439856842202	-0.8084789551612191	0.44724499880573315	0.47510487777270455	-0.05638125221036543	-0.2062877356297627	-0.16375129856013187	0.7200448647087511	-0.43237873426989915	-0.10793291958326678	0.09144647384769275	0.12419955497559046	0.6390472750924284	-0.5266580541680298	0.18546901325074244
DTXSID7044714	2.035734140847926	-3.563179056129144	-3.8343630680492637	7.0196275310391885	0.17887907150514076	2.1235926152458933	-1.3286917938866605	1.214865335968242	5.109996866910007	-1.5297340331897442	-5.910606653780629	-5.866025883125295	-1.3429620941740046	4.061524770515932	1.3650448304196354	0.2873335307450199	0.3143785622531177	1.1349378363049358	0.07798811265614446	1.6783392586576389	0.6695199361065445	-1.2083806326348188	-0.558857619406248	-0.2834393909877216	-0.886245874690971	0.2863833524464094	-0.2034208057019231	0.5202058882377516	-0.2983102853068024	-0.39759775486175286	1.104524466330583	-0.555066387855063	-1.1497669551276235	0.0265516533034687	-0.8711761578794535	0.47637249953378275	0.8204339102790076	0.4083803837869871	0.5007110303894302	-0.09202445671511948	0.03934035986186866	0.749755536567731	-0.585863855945972	-0.15595889185732187	-0.4864816475425447	-0.5979419541886768	1.1065878288086497	-0.9638253349204432	-0.31392963851704125	1.1764766461266611	-0.7464840773907879	0.4721327332788936	-1.3783164063405975	0.3793014915513849	-1.1629075647415021	0.8189154786451541	-1.0027277986560161	-0.5526787268004448	0.10823540738122042	-0.4287425538970035	-0.09802585945627375	-0.5834093335325173	0.14407097998594728	-0.02393968156422375	-0.15899150722908295	0.39511915448120083	-0.47009434754987695	-0.808321845902279	1.0369282397566217	-0.24548931926877518	0.028406708351103805	0.16768055979524138	-0.5862335372832872	0.2888567894520854	-0.16704326124364988	0.7284202589526565	0.035215333758189964	0.12888086562395779	-0.34041505077108436	-0.23890361638445864	-0.06994268677144333	-0.04048817187285117	-0.09977388249892034	-0.8956463690590345	-0.33177766621078547	-0.25324386538804006	-0.5229083965809708	0.4148705168781817	-0.21614166852602396	-0.15072095258519796	0.038172756007920174	0.27339128496695364	-0.16812180806013216	0.18050376516800068	-0.6694607198168998	0.008014354818596336	-0.2944182530155098	0.49070298026967124	-0.1787529042981216	0.15214435893466446
DTXSID3041035	3.0495647331380096	1.487366504992234	-0.05699950047297746	3.295822433005131	2.1235647131298445	-1.0492524123735087	0.5181504413122845	-0.8604813697696921	0.835998230724541	-0.7525528987989667	1.9986455410718313	0.6228476963614739	-0.2686105921996176	0.3045782689560761	-0.5054225805277729	0.6656176391172107	2.2400187358029178	0.8973158907149265	-0.9252524462736553	-2.504452859674901	-0.6806035087845815	0.8181898216721569	-0.03180107954316745	0.7907809049492306	0.7495646237696689	1.631615168938254	0.4044408659667382	0.7157242779433077	-0.4129341876343646	0.5902718786749743	0.55103238591644	-0.5821125181328812	1.5123167259659338	-0.13649238813677458	0.593653160862232	0.285453959861791	-0.7688003360429909	0.0756645308643211	-0.9841099757723304	1.1158679085331193	0.18325804083277655	-0.4071451460578258	-0.07622588433012906	0.6841762491613768	-0.10390772794073315	0.36475600924133816	0.27510785014481276	-0.7124288931482057	-0.509278201557131	-2.401192667333121	-0.7540137457326556	0.11092166391553909	0.06620207528333819	-0.6022052959471681	-1.0509894149007954	-0.3829775740656261	0.8325545406213207	-0.2872837320325608	1.2004144099229914	0.23487916244369564	-0.2985090754060077	1.3344404010110094	1.1833480808208587	0.7280541061836076	-0.043873583465535895	0.08602968137669803	-0.7594097133647342	0.16683808075544035	0.47038872680057836	-0.7810166529829513	-0.21458550406424198	-0.9336746696512435	0.1915161818463518	0.1136681727686489	-0.2917981708891967	0.771841322121566	0.33903095680484285	-0.5918183707649186	0.24980846408333898	0.14927929335337625	0.6975738597910164	-1.0065400606419257	0.05325029246689738	-0.2001324219206275	0.49121013342010994	-0.5477918469175868	-0.5481792287321445	-0.0682276716414701	0.6231579499498255	-0.2909866818045261	1.028783631304313	0.6530146258241598	0.19195984601116017	0.0829582893983435	0.35536399225537624	0.2711857267376384	0.32720947999934497	0.35511327996344627	0.6461436999012741	0.13850221617955139
DTXSID6023810	8.196780224928018	-1.2828744725662364	2.2027407074985583	-4.2614180434144	8.301262355180107	2.043024965316967	0.8789645717704521	0.05281874281900877	1.9713992777086893	-0.023081189104821816	0.07987360508680437	1.7106550725231908	1.837226854498282	-0.46001997331686056	2.880074700938377	-0.7427782327480892	2.2422848239700133	-3.386382500909843	-1.367419998343453	-2.4584167901964546	-0.20334708904486543	0.14842782543769778	2.026213253963131	2.482996529123793	-1.238193314137374	-0.29297725385491963	5.740407994687172	-4.733456873921291	3.1611053794366644	1.9933398909994051	-1.7104826260168093	1.1983496575545343	-0.9734749548085011	0.1838726876452018	-0.7347833274774636	-2.3065918568971466	1.4507855797190783	-1.4586313544680434	1.9414462652983249	-0.5934897190716353	0.7301706863846098	0.5467234507511531	1.4110114866364936	0.9722784388753628	2.73408079852471	0.849658173726891	-0.1866696732911054	1.2449678468146774	0.550302067629535	-1.9788363946964185	-0.13662620171760853	-1.1480424881517175	0.15248235837290056	2.661743954152285	-1.0987805082847213	2.1370737712868335	0.6428625569122307	-2.49985658493523	-1.5190377769596815	0.6255787343803014	0.8147215959369606	-1.4841230779726367	0.8701523190122287	0.32289265953586366	-1.3893241707141415	0.16704000042695596	1.0275010428126472	0.17960182809716121	1.20186740779328	0.6764576236320625	0.04960910801241567	0.7611949557352014	-0.23951679519317434	0.9035243825286962	-0.6436145952490234	0.2605874391725164	-0.6017328089350162	-0.14931415565604517	0.7066578829287404	-0.3368444959759426	-0.5138308397993661	-0.28270916608393115	-0.4236043171339818	-0.15299231244716716	-0.3695343054175667	0.47059546753029297	-0.22285340383519667	0.35272548355251115	0.04791591931690083	0.5231818816131947	0.3712023291599345	0.3226497410074354	0.4055519414738992	-0.0056819565089562055	-0.19736299024834503	-0.1296976104406728	0.023747061050724924	0.3039993268876122	0.07390433732732193	0.28933704874169086
DTXSID1023730	-3.607933297311093	-0.83415865029726	0.703547069116509	5.668744707792513	1.5173473644341084	-1.1377986262249953	-0.3262086965184798	0.12572965481822712	-0.6317933884422815	-3.2415673464620465	-1.1030820041006368	-1.964807235566017	-0.06403282189623709	4.654693637759673	-0.2095187697695985	-0.5962591926001141	-1.1661737461332755	-0.6447500031214733	2.6513826583862055	0.4687827189914242	0.02428122937263219	0.4490886807217812	0.24863997867563573	-0.28517155569948793	-0.6541586933213598	-0.7522018287775402	-0.17537112863007465	-0.3390374926723611	-0.1377386972843737	-0.47243222621592956	0.22943754201129202	0.045303544602868645	-0.46826957036064426	-0.5374466649741718	-0.39277109209569294	0.2607885320319882	-0.011866082823398091	0.8014220612213098	0.016093918299648353	0.6309829229937715	0.02061418790568275	0.40152134898388386	-0.27226725844407373	-0.09705147318760941	0.029512318365086603	-0.7938912150114863	-0.4057368239857758	-0.40792690466216525	-0.043883666618731616	0.44140544489162975	-0.8176442367923692	-0.23065066158246944	0.47204557926619745	-0.44053206813129375	-0.3278603269981321	0.7787782794899718	-0.3155088614192747	0.023755412533904063	-0.9400756964273734	0.10466732429294798	-0.20253536964474783	-0.17251437251503593	0.4247780073020066	0.26886839356996783	-0.6279547898443587	-0.054865509500393726	0.28999095086400434	0.2601971012643017	0.38071667848266005	-0.3954403253439196	0.1281720712831031	-0.29170060221700667	-0.085247623599208	0.034619988911883955	-0.030803288613936573	0.37405936192524825	0.2823907679583092	-0.22628143236521153	-0.21958886355033672	-0.26620830900814557	-0.004192570205503521	-0.17082536840911233	-0.18596127135461774	-0.1793902610231877	-0.41024056085010546	0.009814093128125144	-0.20188090013572096	0.4393234800612423	-0.07853861445294648	0.25352084256071283	0.006608726437823774	-0.08637279720175103	0.2974799172769929	0.08125326790541462	-0.5160231797301981	0.04405917254373658	0.14085183881204572	0.3424039469296658	-0.29661730669139263	0.17960505707410634
DTXSID7043902	2.0781986791515115	2.6717144205862655	-3.207349107269929	-3.1771262336594224	5.162999199357534	4.698432992252058	1.9762190171619602	-1.3758182421115563	-1.7835337762380683	-2.556172082883597	-1.6853825072372208	0.6247608478903074	-2.0138887962302743	-1.4311416551494553	0.07840319114374812	0.864327824944656	0.5875125302163116	0.5950140041814972	-0.6009197373921867	-1.1209080328587369	0.37138459512140026	-0.5707751488405587	-1.706075409132829	1.0057102659139645	0.3338631167996793	-0.032217667373920615	0.3449567993371477	0.6990232238563789	-0.14947793904896173	-0.4222468493006874	-0.25374433943486197	1.0304423931006303	0.41933809041812387	2.2158837742984256	1.7162794232526242	-0.4240667811996947	-1.6469376498677821	0.02369819446105761	-0.8681660422202329	-0.8168202944048987	0.47509141683889927	-1.2375324170333792	0.12610299827334293	-1.3969212486126892	0.8107426568231862	-0.2674954647750893	-0.6994588566576437	1.1216102401133845	-1.7566858062194075	0.08650840797747288	2.1234805592027164	0.005290883498292978	-1.2424081507269358	-1.7642380045387607	-0.3603662567503196	0.20212278776088724	1.0638067566518097	-1.9371438968815806	0.37909841860763005	-1.2123532984990313	-0.28265720405056444	-1.3210054221468226	-0.49094238919834937	-1.1375092208410906	0.04225929365868783	-1.2155461009770272	-0.3963445533400818	1.414915705894146	1.0890437800816326	-0.8879587132217248	0.23228558393935814	-1.9940314881529464	-0.7466776206633521	-0.1357445582889237	0.31011371920359815	0.6840104947895507	0.2568186067323904	-0.3033013830175304	0.7197131111382319	0.023925373298688928	-0.9857392910976046	0.04241304404128266	-0.6793777052754877	-1.1072937976224284	1.1281298167774538	0.2467783215055512	0.6806133667490561	-0.9262998919049109	-0.3273519159257788	0.03917508581738517	-0.27848223419191565	1.6089428608441572	0.9661313749471583	0.9637749084611675	-0.7085952206436366	-0.4994079099194258	-0.26506435523939176	0.4212725289213992	0.14272014743942163	-0.5136862354767022
DTXSID3020912	-0.306960122955957	-1.8924447218380076	-1.2010146155599304	0.45188910717032854	-2.3645641726892306	-3.7224131183103344	3.3439137837475337	1.6961691885846542	0.18288119439487313	-5.468065655713298	-1.6604043306854555	-2.7175110699250955	1.4674067090243854	3.6174153007008814	-1.9070335066945392	-0.9404168327988798	-0.9453426026744752	0.5313893859414208	3.0032526278698857	0.9502970956073484	1.8884027227783986	0.51243438949792	-2.066832363706742	-1.345582082920051	3.120959779237483	2.4367953339029453	3.016774046445729	2.7344464893521847	2.25126848794172	-2.4827684954030276	-0.9155611322622095	0.2929615105338144	-1.8453075534098096	2.083463891305333	1.7532220029504222	1.2042768223330427	5.950608228874847	-0.48405681945292717	-5.127606756289812	-0.11308473388930988	0.5245899461022976	-2.92203235740557	-3.9349704588798846	8.848936194019515	-2.3194687530480014	4.485841037947908	-4.3517176020955715	5.1523129362736295	4.139507559608349	-0.7270784694627298	3.771331703716774	0.8984493512010855	-5.4454013914100985	-1.5416134292232342	-0.6370215467381294	1.1427696572755264	1.9793725924976175	0.7034042659871401	-1.6822167725330264	1.6062111391222782	-1.081244942508287	1.529732997944939	0.1261167678725625	0.3130505932116611	0.7467883090671585	1.0131595087131295	-1.344566925955962	0.35329946788079364	-0.3385586654005905	1.7898078144845513	0.02713522972547173	1.959112189341488	-0.8961351629455077	-0.33978153935381905	0.04718079599679492	-1.1367104081739268	-2.9285981144582287	0.5993143602089935	1.46291025810037	0.11630641594377235	-1.3249697948746424	-0.4215894724299174	0.45654403090636886	0.08043363213966316	-1.3116177219443457	0.9056443598570185	-0.4810826971395341	0.6623357456222757	-0.6287424421232733	-1.3669772097356758	-0.5916878243072449	-0.4641846840754973	-0.1712665489679893	0.15558078183347762	-0.266994677808133	0.30728578104721366	0.9654693214344859	0.33022919260821915	-0.9742538386431523	0.21305843829948204
DTXSID3036999	19.312180964428965	-12.242664449633889	-9.572032989353437	13.288705746885523	4.171262260444737	2.3619518572755376	-2.1057152902466756	9.56866272907815	-2.1871067774420863	-11.78818520053745	-2.9402558313091123	-4.947264231975103	1.1789451257446912	7.331801924236915	2.7200481062763386	1.7170132253145607	-1.5661705165003599	4.7999850420746695	4.153354180927063	2.494565221132518	-5.156182916932051	-7.959686019542224	6.714335616311351	2.189212150841235	6.60312968295954	-3.5905430167203694	1.8970429524432568	3.1852551556036977	0.6447088190013605	-0.712037186622837	0.8859935789241199	-1.4424372388425912	-1.9700807794049924	-0.6890496910754291	-1.7327954036323046	-0.2978318743290269	-0.1309294000043731	1.5450856488488454	1.7205162480382261	-0.8313900479663566	0.9660751092185325	1.3881472538787867	-0.15592966404864342	-0.10902604889271628	-0.43851179056286493	-1.6686727843450087	1.4861851608213648	0.09624873786505024	2.510368572051264	3.6564800807205815	-2.072447770468852	1.1897944005927026	-0.32639031640768323	0.8306109518420404	-0.40803949336054957	1.107204980356348	-0.20598718369077115	-0.914446893608826	1.3313671791722237	-1.017788495855787	-0.47666026725872424	-0.6928869915726694	1.2269600839018058	-1.3071154377822605	0.48346474408032963	-0.714955959263756	0.8241185596630759	-0.5252817676014733	0.03536790955926829	1.879890463658109	1.3152140918032724	-0.01427113746319555	0.08155881498750679	-2.0791873463526	-0.5653709701586488	-2.195198167692649	1.886251740929727	0.2044454063625408	-1.0793343411265948	-1.2597201047553845	-0.8933543128749821	-0.5621420861156478	-2.3331886861561952	-1.2617969550739396	-0.4239881474398682	-2.6239709566322715	-1.6914821143219245	-0.23793451449578454	0.2984848149817728	0.8754267523914475	0.8416394095171567	-0.14582530698545496	-0.6288957706222207	0.10218255751245925	-0.4148602545975178	-0.800870329729626	-1.47185151023923	0.6556424717093963	-0.47626033148698704	-1.9161413018969768
DTXSID9020877	-6.383880377962245	1.1291093883395908	3.3067155794831558	-1.2680732651619624	-0.18942614950944123	0.8440086313380145	0.2650932670274097	-1.2656616537723668	-0.29142893984788015	0.34428855451732304	-1.6009320439113301	0.19604780504574365	2.655165105059241	-0.9304799771696347	0.2816300725384469	-1.3694752199537192	-0.7206120857219298	-0.053097974745364714	-0.07702449398825896	0.9066584100052022	-0.05638262037071626	0.04123493061698744	0.7561261879428488	-0.6876394806740513	-0.21636814757020692	0.2162850228320061	0.35863760242905907	-0.2956853083792386	0.06825814022476429	-0.354883228460866	0.6248537341658528	-0.5556960149165632	0.14456994436182655	-0.0531524408352664	-0.5096941558677235	0.35307615694687305	-0.04376403994544158	-0.07192901065559767	0.12846747941398318	-0.16090804410581386	-0.030534694526681942	-0.485479823389962	-0.3058273239703579	0.34204547393209134	0.47914118217680823	-0.012487725494404642	-0.14461867666340833	-0.2093979158120963	0.6452535767185289	-0.07322772227042243	-0.11668825918716146	0.5969739546750878	-0.00533640463251936	-0.028159104108765366	-0.0716269326764422	0.07154941202359924	-0.021682492777303986	-0.04497332775889078	0.3155234688359848	0.042434434323028555	0.06818346884307946	0.24597372908835197	0.2505219517495083	0.29933404018814963	-0.0746422573202197	-0.47025691768256755	0.10595982909032375	-0.19016345332965187	0.11173561784813593	-0.11534141927056983	0.28782478952299145	-0.012996637433442437	0.04906336523299254	0.36359488086541175	-0.08948564315564995	0.23783702800846993	0.0603140781002693	-0.11101591646389893	0.0023050323774473818	-0.27894874314944856	-0.2400739718400686	-0.46517406381224313	0.026463212332902896	0.2668421269824533	0.030527718842560222	0.0885656845653729	0.0191400739539425	0.1872370688297901	-0.04966097656645346	-0.08973384356190381	0.16408177074477742	-0.2774147227450042	0.06032892791478168	0.2760899279679713	-0.007351279777887959	0.09184555093778132	-0.34722554874334177	-0.1346176117823594	0.21384548830043834	-0.06328553690643657
DTXSID7047801	3.015293851685889	-2.250458749063747	-7.292998351622422	9.429373809653175	4.243755651458192	-1.8043995082405377	-5.573900158830015	4.241622594482193	-0.11505775912067089	-2.193076325967748	1.6217123845782508	-0.1928284446076809	-0.4470233449297	-0.8311629105376048	-1.776947138539043	3.2796196391810555	-3.3689937199723	0.004944167250795457	-0.08792287368963161	2.128051165618564	-2.6309796908024596	1.3578801779883873	-0.8225843302507114	0.0772536687697442	1.6363870428998912	-2.955064488877733	0.553071798304171	-1.541868103907617	0.23678546436470052	-0.2164930401325177	1.2045634520153405	0.060113699547371606	-0.3920620245146424	-1.433908338371545	0.022647626450735966	1.6793003711681236	0.9935331216904482	1.1933073601090296	1.2496978704195425	-1.513738999374408	-0.18952417202646973	-0.7919111706763837	0.0732573618904904	0.9848345647787119	-0.24751269593472344	-1.697108209929872	0.45656298338651735	0.5629263986626684	1.6544413738814152	1.581598326342762	-0.5056422536721291	0.8855649794972436	1.0373941393416293	0.5321989486730505	-1.1432024649389891	-0.03876357133003734	1.2431324152276628	-1.972363244806758	-1.0580224251527397	-2.5237509662198874	0.1268478465635045	0.559460429573648	-0.7897828711638962	-0.9743071955831338	0.9858256630834384	-1.150444442909031	1.2956483928080593	0.6508506708421216	0.06815233698801809	2.417340173921048	0.32731324247318055	-0.7161891939476683	-0.1203577705310352	-0.17696251692102985	-2.179430366469417	-0.8854371312362417	0.3518807235834637	-4.27590405045138	-0.3537931701007451	1.61056993305262	-0.5989216603404269	-1.9186762929390488	-2.7461889270789435	-1.625550865486578	0.5926236097459032	-1.085383496003463	-2.591360703008361	0.745731928709455	-0.8095680577802942	-0.1822682050126772	0.43188892849973554	-0.5402318729923424	-1.923154872117412	1.5420634740273764	-0.9808532420956244	0.7451901179507935	-1.86728441079345	0.11254679947999392	-3.949226810748853	-0.255296718799082
DTXSID5041439	-0.9108109734413239	0.9088684061492237	2.483364302231459	0.7835113813285044	-1.6960463198232	1.8836117733823123	-0.45154517296179414	-2.2909924852809067	0.2313919127971102	0.5107034758110541	0.31994478302579454	-0.452132023113901	3.3219409234252253	0.3445033614825161	-1.5555801417114685	0.32720237278716824	-0.08786933063717783	1.9387206843602012	-1.3632974108772828	-0.15500855328978894	-0.029616598815636806	-0.7870038787514799	0.20720956077559224	-0.9517749702224522	1.2750203002186027	0.8273440976815378	1.2356667292869439	2.1869297159155483	0.8685871159044899	-0.036227846942192464	0.05805622298668578	0.0210301992122875	0.08306614973943631	2.291791098936298	0.3421767628066106	0.8076513499059494	0.0508620568912472	0.54794763849013	-0.9409732416991246	1.516478491922695	-0.027550783334828292	1.1861653858489467	-0.34032854368259463	-0.6565305818180971	0.304936243115392	0.9559936815216403	1.220559420217763	-0.3170477114828257	-0.9562374289994034	-1.662214719057348	-0.2302269271072175	1.3800195392995633	0.9060185793656848	-0.16428433522131447	-0.7337587237547524	0.8168337662765478	0.6270542360857457	0.7793782979683488	0.44131595458010087	-0.43609571946964937	0.6789169230049573	-0.1362004362429741	-0.7615949639771566	0.7097296032505342	-0.5989210932343236	-0.24307382631231297	0.5219410567820515	-0.025838091939099465	-0.2744947519215615	-0.039923662965230165	0.4507807659495946	0.1448557965448134	-0.20741948972956564	0.21771532480613273	-2.387086911838643	-0.6961363381236856	-0.7765385836819898	-0.6460987649013221	-1.614310578818555	0.012373883872725104	-0.225543649780977	-0.05768378336069377	-0.048791576127567945	-0.5324023612928547	-1.0840817229830872	-0.34255619008922905	1.344881002576037	0.14488373438913976	-0.13543572179137334	0.30232935110801357	-0.2922362404190326	0.31907188502915185	0.1438058455531345	-0.459645363579175	-0.15085150349376497	0.40799942613324763	-0.35035999382528454	-0.11702143841984347	0.1671270590718015	-0.03196712574409188
DTXSID0022563	0.4850064571628534	-2.3716455545018484	-2.557320644676856	-1.8260992908642948	-3.2360617167598895	-0.3985824603081068	2.386275225003892	3.6207432479464856	-0.2996618370006773	-4.322611781390131	-0.7460234687165079	0.04752884117428919	2.135978931318628	-0.9355690027622053	2.9311560732977773	-2.373677063407378	1.0750656852995657	4.258923961914298	1.9265808604160761	-0.4851358878272731	-5.057370189207205	-6.8219494258657924	5.390164967010761	3.7364339119995496	6.964144844296704	0.8045186958337213	-3.2514019196467427	0.6015663663969913	0.5560570506250034	2.2322361435547506	-1.4016836138079645	1.5923162161555715	0.5252971152525341	3.731739278854765	1.6755058920988606	-3.8914212348374657	-3.3071627461079496	5.758978489568053	2.4529254057017846	-4.199766338083908	-4.4760603509462555	4.4037526081069736	5.693320043368938	7.549477390384182	-1.416167960019272	-7.805259892333506	-1.3280451602688164	-3.0604121757730836	2.2288532284388087	0.7283322899088127	-1.5375995365695347	1.0143994607349212	-1.9706413315442026	-0.37049706940553867	-3.6935697029737993	-1.5326267249851164	0.6085388391273842	0.010867680750117346	2.0567352051200016	1.5539517448404307	-1.060539479663214	0.3350051462355299	1.4815628290929674	-0.5147131726020655	0.44685578220112177	2.6959988794733922	-0.519583383019109	1.065792912809121	-0.7031196433288872	0.12680226116889168	-1.0155939506426066	-0.5460038507754807	-1.612925453311995	-0.6561528866468275	1.548272256408708	-0.2798980102300861	-0.4359039945675609	-0.08050369312119221	1.1157159277649258	0.17725112932162881	0.38645866813446517	1.1753913501815214	-0.6174421378724565	-0.5596414463927468	-1.9519306377139045	1.4181301853627155	-0.8203924487288166	-0.31554121115305306	-0.5693210279248687	-0.6570190789459205	-0.9463720219006423	0.423697960692807	1.1636204995254853	-1.745150747531517	0.8906112449676347	-0.3242586008063317	1.0666689038993193	0.24231175372055264	-1.0504341365205245	-0.8753677696803801
DTXSID9045500	3.236027833925505	-2.525096018243678	-4.24684722583686	2.0245613412917014	-0.9109272126090289	-0.942626353581981	-2.700420860701136	-2.0019487555517843	-0.97585014313109	-1.0562307661584707	-1.7096487846051256	1.1298738959965406	-1.0661607167608116	-1.5110821280650986	-2.4973864268261003	-1.4798963164105452	-0.2673338228054885	-1.056703059137697	-1.0543295829006427	0.8258274473496245	-1.325590870635539	0.17285745169989933	0.5817558682899874	-0.7396261186274005	0.1501416102650645	0.843517605974962	-2.7645171148819174	-1.7266663491719443	0.3967274844088619	3.8916007789797042	-0.2916629668964131	1.4675330085759353	0.872506061067915	0.37003904811697785	-0.7928451420905355	0.5330877570233282	-0.43353121109720966	1.204583382847624	-0.029664817741952842	-0.5175481970454965	1.7538875183073346	-1.3437382112075709	-1.810387909059978	1.205387130352658	-0.47214587567039207	1.278771073551945	0.39299699034748714	-0.7025501478020545	0.1396446277354082	-0.15170545998490903	-1.2449653155687288	-0.9356109114003371	-0.04513973185637835	2.0268761906274264	0.10837092827257383	-0.014809191837886551	-0.2018464658495662	-0.1740014182059628	0.3514515290724126	-0.3118769911009621	-1.6515159237804922	-0.2062991588194445	-0.30063265123461047	0.2910458511000254	0.3718688269823186	-0.8116177552818876	0.6000373914001955	0.6206571306572699	1.2156043057625756	-0.5621519799549757	-0.14060375121010785	-1.7499176566225514	0.841858318853788	-0.6536001311537574	-0.5695933446124672	0.04780514992662214	-1.2177754286163283	-0.6348265814366335	0.11416627778839661	0.332503825041323	-0.16801085919980602	-1.5569170373740049	-0.9628126885989723	1.1558390774148157	-1.1989041978303523	-0.5962781599880915	-0.8848058835677899	0.11616661910997211	-0.20861603083499383	0.34284634553522303	0.4689116562907987	0.48589147185283316	-0.3784687542488065	0.39100238713450736	-0.6299056458267661	0.189030026496377	0.3151711552620433	0.6653864930292758	1.228591252634467	0.008453105960190593
DTXSID4041363	-4.316559941168369	-0.9032084004260174	-1.3832697783977945	0.8158618081635677	-0.12810043090952766	-1.4489875416615599	-1.0699466929745791	-1.5833100634614996	-1.408883083243117	-1.0893054447602635	-1.7018465009604808	-2.8103076698557268	1.012317454751553	5.538734774575711	-0.5929653493103755	-1.4119513470714447	-0.3567736759211603	0.3843611176030919	3.125251345475455	0.35085488850909674	0.8756298802545488	0.38486075203877895	0.7555861793674823	-0.2950432069785992	-1.325013585039824	0.33511117466154833	0.4463174905705211	0.575190292503642	0.08257606456159204	0.07565579438127533	1.0641910203421292	-0.46073911818491986	-0.3458949834613818	0.023911420525554453	-0.3687675585059085	0.6139521974570749	-0.315915718178423	1.226492122340971	-0.14210807465830627	0.5367806144497832	0.4392515150314577	0.2665839237996868	-0.7874049685096709	-0.33962349036195305	0.3121257169774319	-0.2511984657486009	0.0857827094245583	-1.1088780366975306	0.2538193539163304	-0.36980311292153306	-1.4154031550544048	-0.443638101331225	0.3143563937207558	0.04604746572776655	-0.21193906191130654	0.6286677811095833	0.049367460835024406	0.07019880009467944	-0.7584889581770811	-0.08398481846213339	-0.05642025684715259	-0.611661732434624	0.6088933026787328	0.24355645580129032	-0.08138873921087489	0.6442846444062533	0.16637458948786804	-0.34502956805982626	0.0629158885273986	-0.13677797809417636	-0.622859390002639	-0.33430010457687165	-0.3036458364600606	0.35996695739096657	-0.209426609231615	0.3950285189160939	0.5849405723245641	0.18132014262160503	0.04641277513453236	-0.048020010418413715	0.021660561215469717	-0.0991928933972294	0.3771947543424949	-0.49488904610509976	-0.1996570703476501	0.3724125051742159	0.25301082607963177	-0.009927672205945202	-0.29279420473889484	0.09835751415507457	0.12748990349713069	-0.08652032127063497	0.18328493586168704	0.3688453323366481	0.059637115677147995	-0.19725386339972933	0.31960072724349325	-0.07263601723276647	0.19640456476670048	0.311661507371797
DTXSID0025600	3.5306150745876916	-5.13859755831437	-0.7824299341521951	0.5614273038168381	2.146296924189146	1.3812886014869965	0.9386120152593153	5.834600750969918	-0.2519663661418538	-0.3258480126834596	-1.7075581893937974	-0.8229551179864463	2.994489978098504	-1.4728864827514299	0.005941671923460537	-0.1479684285038344	1.29082691105088	-2.6344261490872136	-1.1997547201825969	0.7856508708468376	0.7800245124034794	-1.052430894770289	-0.16512715452135238	-0.4866327954327083	2.385968693908517	-1.4837333971384925	2.696695954513331	0.5737088273522649	-0.3671235104508084	-0.8814871727344933	-0.1361127907125874	-0.4571181953368044	-1.007000941092738	1.0640934645843656	-0.11347366587414995	0.2272349606171657	-0.22103564685224622	-1.8250356531504421	0.6864373429198464	-0.5936151060902869	0.5050612970790016	1.0740838698871922	0.036822233763024036	1.1573005519469066	1.0644405719924273	0.3123764393730633	0.06973484445124263	-0.2947788303423469	-0.17089106996178718	1.8593645503433656	1.007936012766768	1.0264193653124865	1.8236943172643376	0.5842314858329547	1.4034485031083086	-0.30483163753882936	-0.8603826267781358	-0.88904272575982	1.8913877473562393	0.18765923165898035	-0.22477362725667385	-0.8757519423697159	-0.5447345665203435	-0.2715038779198552	1.3645315678590815	-0.9533065740101309	0.26051678504302117	-0.12530881638175267	0.5645973196117455	0.334238405672094	0.07644020289193365	-1.6881168180447934	2.7130487542787103	-0.20222308411746098	0.148499655379079	-1.6647928297325922	0.7989841336088416	1.491288373709831	0.6887226084093218	0.6538470547061764	-1.9148155585640223	-0.1840243632801312	0.0035621437710778824	-0.332111826950931	0.5216932938455652	-2.5262781731718116	-0.6927103707556399	1.4565616860961272	-0.6041454212182179	-0.480520795177481	-0.6214797285870287	0.7863220903978178	0.43878462337433904	-0.017836903557229042	-0.48263354602516073	0.5801387109615218	-1.1595429706402562	0.8366372128078099	-1.4379523205338813	0.5373648649980479
DTXSID8023505	15.981367903351867	8.86548444811911	-0.4932905051843792	3.4746700844619673	-2.047921757867792	-0.5139330366310675	-3.2903564897094717	-0.9156180411303444	1.1025978689591374	-0.3818461377781924	1.0602253419396206	0.29019757317395684	2.3811320317207048	1.7757303937906048	-1.5367490909398172	0.4506297936856159	0.8673137878357797	1.8874499506175042	-3.0285323007863516	-0.4629473449668575	-0.5594063141184846	-0.2761323993684019	-0.7995848286386749	-0.05883444102417502	0.32434105145998443	0.38720223772794005	0.7537071459651561	1.3272250392416844	-0.23898839951862785	0.24066708715532423	-0.5403849665833858	0.8113639817727356	-0.5648959543310762	0.28454923541738153	0.26691241718327596	-0.2005499233224621	0.471913253016174	0.29706363749053594	0.03881957702188166	0.9857265093545906	0.335410243303917	0.2860412507980755	-0.33926315882144864	-0.6716615722127787	-0.021284321978117648	-0.3768671459793519	-0.19069396867162505	0.14532139282776255	-0.2520352748276246	0.6088207060145943	-0.6271252124431874	0.2579522606882657	-0.6011890506826527	-0.18064632623454724	0.11401201875305753	-1.8984566021813147	-0.0667079754722989	-0.421243101463975	0.6291717365956686	0.6493756830807301	0.46946526716682585	-0.5130406356211153	-0.2574010735891143	-0.2586723967242172	-1.552856539941031	0.2804054098414267	0.01689118637134276	0.2451887368516779	0.21049838732008813	-0.44589262870468016	-0.376235877944238	0.610382333849105	-0.16852825714704703	-0.08647115585965838	-0.6127311443534433	-0.7531232879339095	0.3291319900706197	0.07565660865226115	-0.63303979985796	0.14611722620012538	-0.38685445109348654	-0.7177398666346492	-0.543906992752106	0.1799500541501067	-0.45083393990072335	0.02645341570179989	-0.5955049236706474	-0.08487055789005432	-0.3381245382209767	-0.4434481936400876	-0.8601868445170411	-0.32882588483746805	-0.1781582962133827	0.5175954342650372	0.9314741996119198	0.1091802303690332	-0.1806913974237929	-0.319199914809969	-0.17486699987860485	-0.38324480684538076
DTXSID5020079	1.0660218499392993	-3.072632683733885	-4.954733521616364	11.483122143408625	8.447847581252129	-1.0107887276938685	-1.366762089287042	-0.2349908153848976	-1.5695387264480298	-10.276357903926154	-6.122804312694276	-3.885969380943458	2.064666288807404	11.946755060158239	0.08966682739654323	-0.005998542994723078	0.9203261064606816	-2.874115526445393	4.943102568074854	0.04960955639680051	1.8297046704220203	0.34070334141307357	4.206450544749958	0.020374437979098443	-1.6445061530516782	-1.293323787443001	4.72732899593178	-3.71059478273275	6.4648808279380665	-0.998712259790334	-1.3633147423149448	1.2638443315874086	-5.487560972235147	-0.83801912387661	-5.26174388228399	2.53743513421063	2.893553740740097	3.250140761983336	1.0524099233722293	0.4214833113636073	-0.9247811293103557	3.575519332702278	0.5242217799548524	-1.2817895655691105	1.1105286184669323	0.3278650358268549	-0.9255066932569405	-1.5153975078144062	1.3409716168417796	-0.5444818073145735	-2.676657076325482	1.121375095927926	0.0993612343142002	3.1227157213862182	-2.273695081648553	3.573887904103558	2.2200248621799314	-3.314724847582477	-4.25397872313976	3.523586780957302	2.2570519048567577	-7.110089330477631	4.054666779145813	5.254467323492522	-4.572168021113362	1.8705890469417856	4.230458591074565	-0.8712551793283771	7.389449267621983	3.8931374319955543	-3.4822108100145264	1.2799672469191528	-0.274934913113969	-1.7090363338568293	-1.3200143639753028	-0.04650877211328185	-1.3768215020084213	-0.8200104896157246	1.3900445114189668	-0.076057745361981	1.1972201660979913	1.5050896937745073	-0.46496844560602385	-1.9653905890919676	0.35196241248972365	0.6510167687404261	0.9847071109378174	0.402063377156163	-1.6161074668393691	0.3738327910108609	2.5472013473619626	0.425244970332253	-0.1962753817148486	1.4067052819571841	0.17569143497423817	-0.21301621655667533	0.2785294852858779	-1.5557685427680108	0.16012092520514606	-1.585834728983181
DTXSID4047464	-6.410970983572226	2.1759123811444496	-1.659650479491332	-0.5195926556224351	-1.5734500467772154	-0.9068550213277939	2.716670568757363	1.1088850271080573	1.268786621629938	-1.681486857931351	-0.6187348253564062	0.4688130068181653	1.1734598378547243	-0.2043972146134351	-0.427024987154629	-0.6343454534670394	-0.6381784089172682	0.818845492523737	0.8596475600043402	0.23415762203328297	-0.5808504348504732	0.12192593634670723	-0.43967447687940786	-0.4411266446974129	-0.1381526999920391	0.3336762920034436	0.9222882262043798	-0.5880037782612559	0.502773711476332	-1.770970084466346	0.5681660634312461	0.6313336259063553	0.16012811778824215	0.5973173983996054	-0.28224152246201895	0.03659693553556484	-0.38297174915360443	0.5244537271878853	-1.5729172079612035	0.03439938582750281	-0.71250443682119	-0.07836789250816192	-0.10485665587368247	0.5718733663024903	0.6308258191673928	1.022399119852936	-0.15394136007449455	-0.04549891721914202	-0.2997270946991238	-0.5066580045259527	0.027404119774664004	0.40504267004705885	0.4141654556308949	-0.662625660108492	-0.45281746757049934	0.349393777921732	-0.10304002759326415	0.1994144572110726	0.6119249094774891	0.3744742845426264	0.39807291218274604	-0.8873944495636505	-0.9749199348849702	-0.04225112331994804	-0.20298529968164594	-1.1608975724098587	0.23649366815962675	0.13782006158219937	0.3448789414669016	-0.01977096788159866	0.24571649770458168	0.0616805092418139	-0.6609367509460682	-0.1928655627988362	-0.3926489545051274	0.7022149205736542	0.16959380763339768	-0.34695969165290114	0.07895121254702914	-0.16602883362617282	0.4382350045951856	-0.5305653329778602	-0.03416746800012256	0.7493007776228743	0.7866820591028891	0.5018951752072437	0.9829081490988587	-0.4181149015939148	0.9534028381345212	-0.0029461933537695776	0.025942091937345736	0.10483640610285654	-1.0096463229871178	-0.250025033844299	-0.005546787005568607	0.13782131612322834	0.0913965858076933	-0.13085735639336069	0.03981154887040525	-0.08357100273380569
DTXSID8045806	8.694920245741514	-3.4806274462524174	2.5153324996499946	-2.805092145738077	-0.36329750455771215	0.6997100586477359	1.9769008957576697	3.6116350819630476	2.591750564664332	-0.007680557081585443	2.9645746208722685	0.44945380426162607	-0.20863309390741755	-0.33711154541773103	0.4039340061941803	-1.5844061160614793	0.756045789183427	-1.6634169449056062	0.6638888954128205	0.07600505071721025	0.007928398045336366	-0.9373870992218226	0.9537501268938545	-0.8496203371033162	1.3455837079622028	1.7090047297872288	1.3471924960289046	-1.4732620153875808	1.259232431088308	-3.2143591143861663	1.5910497464993791	0.21644876118119907	0.8577271412657609	-0.21586253141952383	-0.21477798447500007	1.5032424292562678	-2.008531140057309	-0.9881093645502459	-2.5424886105642717	-0.05771127174652128	-0.7709706682679869	0.0608817973830184	0.501415558188293	2.1721651212252953	0.046277223711514236	2.1694910626705206	0.7007579315366564	-1.5884349960836728	-1.1549992912633007	-1.3569445023671445	0.6124534406324057	1.9613150023967143	-1.0650953382186226	-0.8411270592915284	0.08174993695096147	-0.29876558802592607	0.9655313266156409	-0.6682605719713853	3.0922952488377073	0.05619602651957513	0.7182251837578377	-0.6432573557204909	-2.00155409629083	1.2670622682462263	-0.02106536443008072	-0.45442214904855177	0.16535113724694483	-0.03145422431596288	-0.2354251691233566	-0.9980787647391766	-0.04035009923222947	-0.5702078042855393	-0.792994964833647	0.009669332530258595	-1.210849044980887	0.6932911409954234	0.7452763041817854	-0.12781114735742508	-0.5168702810662379	0.05743552326402066	0.027396348280573444	0.29915244838519	0.3127215487379464	0.5831068092741151	0.7133791131641826	0.48276971206586056	0.6006218146238985	0.1667197596006373	1.867222214619514	-0.5442761711007087	0.6695390309140868	-0.8980623646194322	-0.615241439416741	-0.5869844227276483	0.0688642882806762	0.06596581441668421	1.4346442041982057	0.9604734743235357	-0.5437957065782802	0.1968953598636923
DTXSID2033445	-4.599163341115081	2.1988964874402646	-3.2889492808711713	1.1326715546751058	3.1440218522500216	1.3529646028410296	0.9908218229139284	3.334085009995074	-0.1491291249919278	-1.3756218688047537	0.21475224824882902	0.8709998287595493	0.5427618238711662	0.44369328587166423	0.8386556460684356	-0.2958458848140926	0.28183695196897035	-1.4421520821563885	0.29784226582806667	-0.8741241496643716	-0.5494787693510047	0.21414235468848786	-0.19257685533311578	0.9180113491032169	-0.020468975240812464	0.040015443034693364	0.19372198117694128	-0.5160899706678553	-0.823334064157822	-0.30482624792731716	-0.5308055284711688	0.832138207460553	0.2706417552360976	0.7398260516447748	0.30878211839818737	-0.614817168881803	0.07076304254649532	-0.08961629240283533	0.2532647080871963	-0.3774714431788518	0.12036598913234009	-0.33777777844573315	0.007216815348681912	-0.34984017130863737	0.8992493036933538	-0.056938945877955706	-0.6903178942039219	0.8029212497960256	-0.4128343232297853	0.8019231489305559	0.5545256119319592	-0.5675268519556687	0.8041316864783198	-0.21447161919266136	0.1467379687259903	0.17919562024529834	0.3816252824500853	0.051723476044221305	1.3179201876273205	-0.31658206067011063	-0.21265971547848123	0.48205952710957145	-0.26025626552868114	-0.1012126450307078	0.45303212810028703	-0.8869468786267865	0.7589678952893472	0.6920643702860918	0.41377246836926806	-0.3255475714740196	-0.3269247195373743	-0.7986054948355125	-0.6575303405617295	-0.8567520241561418	2.0558153788007822	0.35233720591329737	-0.3323444622915162	-0.24884006810989945	-0.6459825511235464	0.6383908711015713	0.473776746095281	-0.46051671377313935	0.26095111909910595	0.28047158854086585	-0.9849579286974415	-1.2415945415207492	-0.762784777285652	0.8596625984791857	-0.585767961819814	-0.8074888309784383	0.29468820801520956	-0.05290388706663104	0.16654002706416562	0.49025195169880365	-2.0809548183862345	-0.262155218130548	0.5668126199261003	-0.24392583405822973	-0.5179935413721917	0.694291547411168
DTXSID7023853	4.873627901368737	-6.879215420581505	-2.3980003343234864	4.881247650990403	-0.5347650497479693	-0.7597311034240068	-4.470384131927541	-3.335889502349385	4.234131877196419	-1.561144521750169	-2.9369562065655885	-2.1465653779306417	-1.3486308972016328	1.3478159120635085	3.038970464237762	-0.14677544033576942	0.1878242517725824	-2.9091978528175	2.4479198381998364	3.243365499389226	-0.2466902965655304	0.5580018744111698	-0.12059099054492148	1.0804310457212098	-0.3614462952352661	1.2822874234053052	1.354877492426522	3.2164163139024224	1.777443017283594	-2.1348738145309607	1.1946599239693763	0.5124438956477656	-3.3428459042651664	3.301880936651598	3.274603244997848	1.480375064166185	7.429029750832582	-1.337197565940473	-2.7913375197248396	-1.6293448269201156	-0.939214515803292	-1.2313100148072031	0.7677315046172716	3.9230427333524505	-0.7573426727827206	1.235434576318198	-1.0413384145957094	0.846443606531443	2.053074229196437	-2.19167029796826	0.059840086669792694	-0.8490732098750607	-2.394405868968516	2.492024176939011	3.274709368920443	-0.7595981904998461	2.0713050170683935	-1.494998918077138	-1.0568611513100588	-0.307032057361523	1.0337338722675073	1.8697366897852765	0.43205275266621096	-1.960973456220304	1.8254484123752075	0.3507212764199245	-0.05629499268014076	-1.0329246607345348	-0.9056183426695245	0.5273362568947263	-0.5056859628186323	-0.877586172464693	-0.4370176328645474	-0.9930665905271329	-0.09280795830524295	0.6024462499965789	1.2930883093392762	-2.089124018269426	-0.4605001520417551	1.6719988516765745	-0.2960444786375836	-2.330549530831397	-0.298406067345929	-0.31664827324144185	1.8500413063808212	1.4421498861398339	-0.3143428677845193	-1.220112035157071	-1.2401458282747988	0.23023699711602363	0.7045853966621936	-0.010472544774426142	0.2687811854282297	-0.27648640539092934	-0.8277091564245148	1.0124002192814556	1.1340537029200892	-0.8566059209715131	0.6481915153629669	-0.9828778032859503
DTXSID9020902	7.701471370639648	2.408123255103036	-4.545552004610147	3.4084748218457768	-1.636541313496785	0.30430907048751393	5.266669467393864	-1.1219708994459154	-0.37052860379066144	0.31621071918508165	1.3772834927587856	0.4050216041271492	0.39452983858344576	1.4991874869936959	-2.0761513462563537	2.0656619293231495	-1.7255636029119124	-2.0639955549836557	0.7195746564755435	3.4065577559494216	-4.813349346471744	3.7823213446874573	2.338701328674502	-2.018432956483739	2.1935666621083505	0.9910292946229071	-2.240802383702575	-2.167474281030002	-0.030600212300364162	-2.1232955280813584	-0.9298850037471561	-3.5492126640661503	-2.2786706545191135	-1.0571187599616514	1.4324845821584755	-3.6971849581501544	0.7633851406568761	0.41701115015105955	3.783515385023261	0.8679242802938677	-4.095825962996865	1.6088311980324872	-1.0195091836787573	-0.33746342930546747	1.779163442633316	5.222924880151788	-0.1266818341222538	-0.6458739511454397	-0.6433017442477078	1.841511978027473	-0.2843312564229373	-0.8099922993820678	-0.611449377789782	-1.0495666941621913	0.4515938951337023	-2.199208447908997	0.2272167226367402	-1.7200102041696297	0.0680265268182342	0.4256156974987135	-1.402400488252267	-0.8585107773214433	0.1719688456942646	-1.878020840814938	0.6180524609246204	-0.09230747014834159	0.819145617070084	-0.4660736254775474	0.8187798103613164	-0.6278584966568735	0.908333916456323	1.6992918813287685	-1.055075099917239	-1.1350766449825083	-0.8307547514891326	-0.8549555001538064	-0.6220892401025769	1.1415648521611332	-0.4844399255513571	0.44367967505084327	0.25203650609761885	-0.6411248296908033	-0.8228656642712581	-0.5928918518977003	-0.1198249932712159	-0.3244932220116358	-1.1919857575259145	-0.17579354473451198	-0.457002523281447	0.028248014381341145	0.38574286990322837	-0.2713175190562596	0.5362386345928368	1.637541946077956	-0.6563851581150169	-0.4097592900561589	1.1574758790720587	-1.2869636727851685	-0.9697034975568872	-0.814831190636144
DTXSID7048823	25.784682665309482	10.784666985480285	-0.9694694980274665	-5.2633630764952	2.7842934299989515	4.931425584669362	3.366278949657408	2.220742823598391	-1.6961768038579323	3.044796860059624	0.7058628637385256	-3.9981537786268815	-3.5385603205619303	0.3309328011079681	1.4535481767578493	6.9839397455330765	-1.1642048149578543	-7.86506945997771	-0.363674541731004	1.322997656057745	-5.958673619114946	2.5391455207044658	3.3685352079817825	3.774936514795497	0.18797820690105288	-0.693816285108064	2.3331779554887375	2.000743493622251	-0.6472608047643683	-3.839595948238226	-2.3230151609396446	6.437784286491719	0.27340961735672203	-0.7744533770648308	-6.074309162017592	1.544368840437363	3.1021024743667938	-1.4631456462643035	1.9911082561127251	0.19800910832416077	-1.2066181465129389	0.5269978467694159	0.5285490106344937	1.7676213448046294	3.533794704201624	0.9653761787260124	1.3629662936963498	-1.6615256095661246	2.1217238782144414	0.5807761324021795	-2.8184609766894244	2.809927546761963	1.3427753913800786	1.847689359442813	0.775885951313366	2.2801295136417266	-0.10804989782407522	-3.3362301037546636	-3.4602834980877772	3.9992364738557775	0.891539452601519	-1.5224965425923254	0.22364983696990995	1.865680210406365	-1.8125579827790754	-0.6218703952636421	0.41871843367550227	0.11906474186431662	-0.26701999288899586	4.584708752969345	-3.380872541795735	3.6780470861302095	0.2927803193152202	1.325129484975366	-1.5357535614091304	-0.01491220048634429	-0.8965962016783761	0.0004980472130579391	2.6275225512313733	-1.7904309069297235	0.6058426763928656	-0.04174836998337508	-0.08388146352858361	-0.06987617453598698	-3.9408573355216197	2.400404466006872	-0.3856908375618849	-0.09954578190449158	-0.5055452234651342	1.325707580960508	-0.586028029780576	-0.3681684806163328	-1.2323082216474073	0.08167430144239318	0.48373422608986927	-1.2243836177096026	0.6694631473217223	-0.121392082251482	-0.4100739638409172	-1.0476448313989235
DTXSID4048648	11.321144122809327	8.29216352526323	1.5016891613300272	0.3675006247193845	1.4978961281094385	-1.4987077223155598	-2.0307977916592406	2.383633786835155	0.28618673553730084	-0.8492065425697366	-0.9154050357529682	0.9354087200386685	-1.2581984344593529	0.0591780876293321	-0.2401484234130646	-0.17985907329504242	1.345100695120437	0.2035706096246391	-0.3833328733158629	-1.5466445582458486	-0.4424216743125729	1.8548895649004518	0.8779437274087605	2.0852251230997116	-2.3935234427031604	1.616878635568542	-1.5449695005656336	-0.6734719936690293	-0.1623679907683425	2.1683403185434877	0.8103878482868886	-1.0553107527342278	0.7612695848840826	-1.0857414253777964	0.812087960677862	-0.37162563087419126	-0.5111327158147615	-0.2025123472324553	0.3868112979214612	-1.8425716129124747	0.518648797188667	-1.215301419416669	-0.34869135319717476	0.1357813983177746	0.37220914600303623	0.3674899461405523	-1.019151604185454	0.6942700106996678	1.3092844083725275	1.0926693922063897	-0.7377263353631269	-1.7849786869260944	-1.109774257764706	-1.4476829217059946	0.2690529855918676	-1.0743081458106005	-1.4296025774870356	-0.040356314879288216	1.0254267387452687	1.2739784581452878	-0.23774669306780294	-0.3773887485317494	-0.46669349388059495	-0.6695744628625264	-0.06409546342472533	1.1825602201979666	0.5958510584897967	-0.5622926006956783	-0.37832599688035806	2.0300609811700983	-1.7670942665372387	0.49569621931500524	0.7106908997316278	0.3211896957396826	-0.2666352397684972	-0.7452073097827739	0.23536687806173034	0.17903934680818714	0.058760069294696654	0.05609459357297106	-0.44504696406262184	-1.8497083232700555	0.20423578370919068	-0.2938060005274082	0.11257091459562277	-1.1968701427095467	-0.1212506698202446	-0.9324169103586865	0.3911226333964304	0.0342524534576623	-0.3852991929554157	0.6319917083952423	-0.024664976745565705	0.6587603142993511	0.47403368825672687	0.38750848320711884	0.041071832610208615	-0.9094236945892076	-0.12653449526242047	0.546134935006287
DTXSID0074059	-4.817371317452964	-2.187619864068056	-5.468701468687218	1.1752772525322583	-2.1793145515298473	-0.6730249608922608	-4.392129982783234	-4.252460532987513	-0.3539506594240469	-2.4604756798356706	-3.107474756264888	7.888169889312021	-2.081454183239271	-2.3024572851164518	2.3019572537574393	-2.0109452660568303	-0.5382325858123771	-4.822711123185205	1.1120903015606594	2.4347076983791394	-1.5690088174894055	-0.5235321669585762	-1.702943807854892	0.24597771145972858	-0.8804411964948898	2.9194271934674583	1.0911381536851543	0.9831717162335846	-2.6970418543761174	-1.1331237986065859	0.38560928589150184	0.07752006819697593	-1.1891677114810666	1.7378890353540772	-0.4742686883941782	0.5096205446101607	2.0268069883492443	0.9054136475864633	-0.1827354009719096	1.4750728583761181	-1.050511316978729	1.7453384447590163	-0.31967977232851724	-0.636969911361266	0.6577769087356308	0.44780739010437615	-1.027479704768084	0.5457043967557863	0.09113530086285357	-0.4866129584992594	-2.2391910946055353	-1.06782750944294	1.2741244584141742	-0.3737000411906637	0.7553515724214401	0.1620390534349742	-0.5688187614862322	1.6906207824167687	-0.7561257792706815	-0.0788962136885085	-0.07248131003938521	0.3360249072057881	0.6880688761616846	0.0065000027569840175	0.379900420950586	1.3344112807427364	-0.39279698776383504	1.0731642512875192	-0.5200775701187381	0.00553075876951416	-0.7122918108661536	-0.9412152823993657	0.12817773591876486	-1.2419870040933547	-1.7146855895023048	0.437837700107007	-0.2638783166151037	-0.38949348564000225	0.03343795382773328	-0.5183903983894064	1.0426401941130294	-0.04871812158421139	0.20906702366709787	-0.6248432994840165	0.6984196271714169	-0.9931287291599992	-1.6114218563215168	0.8543157232975529	-0.88210782791763	-0.21476544010621237	-0.24777127338932767	0.7510185279887661	-0.33967872074854905	0.2530883313720578	-0.5608418684679713	0.2942304122986198	-1.1079453862024975	-0.600433907608233	0.5794558908389247	-0.28955731537731844
DTXSID0044818	-2.909037066991578	5.108611133470473	-1.5562264485564972	-1.0695488520512162	4.616374948924246	-0.3116259454040931	0.6618861837355188	-0.7308334497065171	-0.09729580432888775	-0.8531871466137018	-1.961723568197098	1.767957656599032	-0.8189681735681237	-0.6477127162451902	-0.3660487328757601	1.3378533966753459	1.3294903931357975	1.179411369400607	0.0650216450313833	-0.6053713604130624	0.19510091907496188	0.5645797713358314	-0.2088499735146203	0.20761943194816992	-0.480796549549131	-0.10626749585658415	-1.5682753795315956	0.20047224669194857	-0.7075956833256842	0.6878552540524376	0.665024125056818	-1.4332781247555393	0.3465317285313934	-0.648219432443884	0.4129889183686301	1.0454870752020484	-0.3688785544519433	-0.021610151706857934	0.1650814573644162	-0.16867293703433978	0.2633641374063752	-0.6226710988348961	-0.8248376524277444	0.4272930276322457	-0.24337305656234703	-0.4139283343707363	-0.15044414405386616	0.45673374490579055	0.5261838177144277	-0.765792047913697	-0.09970415920735348	0.15389882943683206	-0.025607766619681255	0.02612980512236151	-0.5341965508805254	-0.20762387536114973	-0.7668073838841045	0.1497421535135243	0.09059929290556319	0.009647880721112377	-0.4536835784518232	0.0325525259728927	0.2501571820033124	-0.0801166153018902	1.185637243062021	0.4724763747765681	0.2633061078537973	0.1020681212340486	-0.22735421602082698	0.6853899155759259	-0.43797348928942836	-0.4891945736735651	0.41726059525654247	0.26988619755676324	-0.6064987145871499	0.19127708631621576	0.20716938613236371	-0.16459527323642062	0.028694310105898544	-0.23684568269635692	-0.3140432351473163	-0.3266703397573093	0.38964328541469734	-0.36373304628931047	-0.33947479359479565	-0.10088034375978806	-0.12429218532278709	0.267710165215868	-0.04042843676267629	0.1460622080848074	0.5598583411181958	0.341055978007881	0.2197044067837115	-0.15066620665283656	-0.4899300287198482	0.19577954577810075	-0.11027124570027497	-0.1422607531382366	0.21825964278038668	-0.22321427124356918
DTXSID6051560	-5.362507771754562	2.4767417521133304	-3.652142431938772	0.020234927132464636	1.0779593820589868	1.173831178327761	3.987101547139705	1.6120556227478484	-0.7709365563142624	0.704905729084364	-1.3873507045928508	0.6752786412882237	1.8358966060368427	0.14962077573910737	-0.7668655460745878	0.6540207129590602	-0.08309234981313557	-3.604363427581488	-1.0862251739044777	0.3811288673685575	-1.3539713422501873	-1.3373405888808048	2.012450656741326	-1.1020012152575163	-0.6382558293376067	0.7518372001855844	0.5667973055190332	-1.1802220910684191	0.06440672975419659	-2.9292884349158057	0.3932204261173192	1.7521800044088385	-1.4191496920909796	1.5605836225679752	1.0876700476956003	-0.6922173562181794	0.11592961278478184	-0.0688650524183663	-0.7826960167824393	-0.12018934840750893	-0.26870686623051704	1.2397937858866617	0.7625507586118382	-1.5716771464500954	1.205134706492511	0.6832201532801363	-1.1891586208619727	1.8115801576559314	-1.1630703061683836	0.43864788835047047	0.1074456386106	-0.31935372259248274	0.8955365286682959	-1.3332880076880556	0.6982339593566947	0.308403338413068	0.22953266350900886	0.9834758571884947	1.0848869892978115	-0.22880873091023265	-0.7263632373558108	-0.4274592191583433	-0.9391564767604955	-0.38221594392823616	1.6029020615534586	-0.21684944682635246	1.4282316811557902	0.35296102182334377	0.3905707599856417	-1.1527465596641753	-0.09768639835595208	0.49974884650023205	-1.2283101696480454	-1.5739518173313882	1.0543386308658744	-0.4962606026767669	-0.06786883224174195	1.4144557339031767	-1.3048592667655559	0.8363417724818448	0.3325992385253928	-0.6437937924763477	0.5153767364637604	0.34702063995484095	-0.48388741714714906	0.08774043310029127	-0.27427639837417445	-0.09465868699436836	0.18992653257517084	-0.9792508790883876	0.7863482684672946	-0.09663128734959636	0.25339381442122527	-0.07492690787150057	0.15536640103205113	-0.3367652869661527	0.49948161444295935	-0.01265035420759422	-0.06247386246674329	0.14475804433111786
DTXSID8044755	-2.1758086555340044	4.513453422177153	-1.8893833277129664	-0.5448537656288722	1.0680518488181947	0.4000488627395392	0.5928308484003648	-1.8222757012071185	1.1998509686704821	-0.3612165549973014	0.8860070418051579	0.36491021330671936	0.15308349336730076	0.7297962065774576	0.5573339724173311	-0.1413199572747182	0.48286730830047697	0.5254539436003204	0.7891939067940142	0.6935027187046318	-0.005802609396436935	0.7412107084058281	-0.2551474517812351	-0.5021428116936613	0.7781482963797832	-0.19932792189307239	-0.2498848831751201	0.42441833202230383	-0.5431598903563349	-0.20424024578413352	-0.30505799208451573	-0.24864717898278899	0.4382355394412942	0.31627133958906245	-0.17571450753556855	-0.47004392521920146	0.29704901345637247	0.023922549056641665	0.40862065138074133	0.1071447505374798	0.1565982621865736	-0.35789244756485283	-0.4284367443386613	0.05474772258572298	0.16630892693872038	-0.8728130590896037	-0.30587257706516463	-0.12327098098807208	0.07989139381638467	0.2081737707698153	-0.23742460954938271	-0.15485850248429828	-0.04590340691172511	0.08647856511591533	0.19825067722172787	0.2810551950573312	-0.745709087583238	-0.16694363525480987	-0.5951448387253486	0.1680366392903319	-0.18683982178087322	-0.13630409704936847	-0.3903143951988832	-0.6286457601916824	-0.6159919284612502	-0.315188320372869	-0.22119658835761916	0.29134296310381114	-0.33263202673857906	0.4529126791591277	0.18851108825306667	0.3978527482168656	-0.0076950574953071685	0.7322144964231995	-0.0967310535790475	0.14193902080184603	-0.3858540598562262	0.42945400679458334	0.16848770122043719	-0.4707922380782172	0.7117532819603032	-1.1770028051507677	0.6340150578179455	-0.4094090826964859	-0.4736151507324048	-0.1613533220242899	0.10567675864460564	0.06665544514587916	-0.08533975982612214	0.6917903589111204	0.22297115806549117	0.3719433387870417	-0.695309248635294	-0.35209678916060266	0.05231800887247559	-0.36588569318128833	-0.1887358907792517	0.04649984517279466	0.3134720875777174	-0.2424603861861074
DTXSID7052654	-7.889774896836739	1.6540075395260054	-1.9686046645967035	-0.3788509364418448	-2.470009731628838	-1.361237741593368	1.1179308036238345	0.4028104898137301	-0.05953917967131984	-1.6479908713793008	-0.6758945773324718	0.5454415343433312	-0.2689029646125865	-1.868972157434384	0.3463824559705939	-3.0459738708439117	-0.9577199689901598	2.797942341567112	2.488705558915355	-1.2467717247736845	1.5604425572988592	5.4448830945419715	1.6244628270968782	-1.1821305522715932	1.7665438233795525	0.20192980035586808	1.5108679926184796	0.5135018141179476	-3.2127763005533305	-0.8305812669545727	3.545334493670745	1.7395036130695496	-0.2552586467256702	-1.8195180776475657	0.3081067043021846	1.0383807749395642	5.060927001366445	4.166974637919698	5.201669387285768	4.84308815158815	7.096869499115245	-0.9263021934772508	12.425455541284943	2.24401385118325	-1.812756835289904	5.072746650283489	0.3093164256293579	0.17690798739074307	-1.7449689727131732	1.2013273675499723	-0.5394919539920036	0.5950092499455962	1.1972898902886309	-0.5622662362103868	-1.146754524574052	0.12350851082783183	-0.9527967296878627	0.18245991512765233	0.6183695296237548	0.07744171016466422	-0.9450784283954801	-3.2853936637649337	-1.2385938443401845	-0.006389404117546815	-0.12062357349619911	1.099639317230138	-1.1095839506516985	-0.19871125732234807	-2.393522678650951	-1.6678415891633567	-0.33523936214190864	2.9866486294454635	4.133518714494403	-1.8886368279103507	2.8901662945287794	1.4499784764606252	-2.0686523645455583	-1.8824170868901096	-1.1639073448946589	-0.6759049800690401	-1.054384301564082	-0.7525836288755048	-0.5475325423693169	-2.1270229444390387	0.7636113922874708	1.9558339986028557	0.7691516858681933	1.5919600282103887	1.1138905248126505	0.17015689335565512	0.3975525655381429	0.0907836973279247	0.8618474612794569	1.0974425046238172	-0.30369396930382336	0.19310608348293004	0.25967738717046807	1.1667740236056756	0.8872330417589337	-0.5456112045981946
DTXSID7021946	-4.49561825793475	4.606641544749487	-1.8750512296009334	-0.5894513071496772	5.282648604829884	-0.02890322581509347	0.6543361156386425	-0.920458723694494	-0.6369959353792121	-0.7780804438895812	-2.5722643184124463	2.0810211064924715	-0.7482710943624311	-0.9842438092411925	-0.7873902739010856	1.8233248016571608	1.736569792401624	1.0384199775353167	0.14529438960088054	-0.6589828993010899	0.25448995023159926	0.7240068340259856	-0.06558487092463193	-0.2481947314205817	0.4448451179223606	0.17911141455207152	-1.7679580900602556	0.6406070824263013	-0.6567419807759055	0.19519199628738426	0.4552971855651787	-1.399015750512712	0.4495080649284563	-0.13369480551780796	0.5654777266349622	0.8637372684138227	-0.44971116633399394	0.2927350206700747	-0.46839114048085534	-0.19984193998075878	0.5236320819180721	-0.07743141712179201	-0.8500724578915291	0.11787105015971079	-0.2476452530892174	-0.18924447152624957	-0.054970779288266186	0.2616106681383235	0.27060648696974804	-0.7137088818704936	-0.3021876076038413	-0.20123886096460694	-0.3244412518164788	0.15037652545908614	-0.3470342075597465	-0.2749606140365972	-0.713487780696668	0.20817145672527768	-0.16469401455292523	0.38565344055872425	0.009217100932211427	-0.14221002513521858	0.02575239294034958	-0.34663617767239197	0.7819823854543754	0.21917057285591576	-0.00357099155068012	0.13314446726724002	0.2161033157993377	-0.03905300441135387	-0.15146289753450054	-0.4368892699240187	0.21624219170214865	0.19532105313255452	-0.7380838594758303	0.5308131188274101	0.16138383945043192	-0.21361657861799657	-0.17327780678744792	-0.010686333091937852	-0.49619243471796265	-0.03617592447395386	0.130149289099156	0.022191535502849923	0.04903460066011055	0.172592250941393	-0.3744790691633223	0.195159711654814	-0.15110233559194375	-0.0005881546414823152	0.42121598823295364	0.35978585053041945	0.16414199051582715	-0.01955428074534148	-0.05639670230483793	0.21935477092842853	-0.204272104551521	-0.05765435867546243	-0.08082424032888609	0.21782781954186317
DTXSID0046561	-1.6520487813398532	-0.674039288219811	2.9699424406343033	-0.07749350642195578	0.49467865522042154	0.6237218334011216	-1.0069704014834489	1.3323974816600188	-0.20439413742072904	0.1456399389314748	-0.749150682726324	0.41580061331433615	1.29405101834769	0.25568323265434195	-1.280082604520148	0.2428880047918668	-0.26227597313570167	0.927975980980011	-0.6833406582667471	-0.9818242709836755	-0.9554003160877822	1.4523408358216938	-0.19172767900528473	1.1739671320033838	-0.1276936598501634	-0.14127248624821231	-1.20693809933292	-0.055978050124626186	-0.23613943769909826	0.8566990469245771	-0.31199033011776156	-0.5102506080585556	0.04953625814752783	0.08315248951989286	0.8328924506103933	0.13702443568112083	0.09909944665761378	1.3597653670184189	-0.5052333636303977	-0.02293868304288791	0.4126032694385612	-0.2557697250578259	-0.7862870909921056	-0.21726691381942007	-0.14463341321413703	0.21676367296332855	-0.4113775402206626	-0.06581807945843844	0.35416064113498297	0.4725110443303127	-0.3015977752532904	-1.1785833531204368	-0.1050945843411076	-0.04025317249651784	0.10360295402604794	-0.3114836135805386	-0.6192664937325353	0.31876983566629263	-0.31856127055334565	-0.41218900875316117	-0.02211409267294537	-0.3941650348945787	0.21152965632049095	0.6264064936221982	-0.365107697528324	0.833064026207148	0.9432312653509265	-0.8946296088501279	0.7416743759485546	-0.5493895586252144	-0.3071803373653532	-0.3612011012023139	0.3015745759571985	0.9596391694413178	-1.1576389719429527	0.6092272947398867	0.20648951399329768	-1.395092849688559	-0.04149686905295167	0.30844289279854853	-0.6928409791919354	-0.7514738348626769	0.2379662532431934	-0.748652444394092	0.6539982230976996	-0.4034786867765398	-0.05007616286722048	0.557260436935997	0.3501623734070459	-0.2528593094309184	0.6692643382524798	0.1602617582487074	0.022482672598560828	-0.0512130978578093	-0.654910466914833	0.29917706369836194	-0.24536541820578384	0.5517315326080219	-0.2606991832831693	0.49109137328011787
DTXSID8020468	-7.546447629586556	0.6427509098611732	-4.973272626722044	4.291881840270964	-1.2926451208208178	3.1842426908629133	0.755020323896304	0.42297132535305376	-1.4809335220192346	-1.9325229064574432	0.36322266030288763	-1.2435463900285193	2.0479706316277624	-0.9245326684143776	-0.13775633342051113	1.2156790184260797	-0.6434001195172119	1.7052673969431331	-1.2092196165266382	0.4733627353851796	0.29006216960755843	-2.3017154100780224	0.1468322544051479	-2.6589725893209892	-0.8675337863056548	-1.505526715635474	-0.19645417935733006	-1.7012604620616698	0.5401033472226061	-1.1461864794120595	-0.8127095429730662	2.1412774392341185	4.422017312093933	0.7271025600143945	2.3918484224673136	2.950615549868259	2.5069354816554132	-0.11945229603811545	1.2888659576500792	1.156949249718585	-0.5498267606341121	2.659332961767354	-1.1871322887787568	-0.896948362525687	-0.2015552425037231	-0.30031993937363705	-0.7486243416683327	-0.03184021019943776	1.3649597413873948	0.2673250726316825	-0.8657848665392077	-0.11053126318388873	-1.3113988593174293	0.6560287785546808	-1.162181795440178	0.11792255861580435	-0.8288793357094089	1.5985183790543092	0.446440389037763	-0.7422284896427791	1.7590815771790356	-0.9410893819622002	-0.19173337367060997	-0.5991235715685173	-0.3862319254700589	0.09479772814029185	-0.287997703275498	-0.29494384917363986	0.8483649234545	1.0631629080718719	0.6416732977036921	0.8095569505095432	-2.092751242152713	-0.23251017002043578	0.4260531815862809	0.5829532770360923	-0.2669900436583345	1.0200791760129007	-0.6752063817579517	-0.46561906909257916	-0.37555283102814674	-0.6792296586357233	-0.4633219188788888	-0.9494476979932159	1.243400870967617	0.5366484330615928	-0.5727835502141363	-0.4079140927518991	0.7141187313053575	-0.10670789702876797	-0.4837045889315011	1.067099677120899	-0.18945906249238326	0.6756253510872015	-0.8651298654092865	0.13309092658586333	0.34002508936333337	0.108848790753676	1.757891822141443	-0.5969608296788883
DTXSID6021909	-9.043788851251175	3.2613851046060818	-2.592827947254007	1.0118582186586147	1.3525595785516438	0.3901351819139841	0.8561779923291776	0.34740372542142633	-0.8130847625387067	-0.6389676810450433	-0.21861499153248531	0.9743630239442929	0.9426079348921285	-0.5748412799864449	0.22422234021541487	-0.3508706339784241	-0.5615410946407456	-0.0904295225539741	0.2427853693618309	0.20185214506064242	-0.6780078448884201	-0.377546593458626	0.022113625485766366	-0.30930995683056534	-0.6760042245524306	0.6421041303284818	0.36164368022073773	-0.3435872741390818	-0.32565793647917946	-0.4970601600779769	0.3176038838421501	0.5617776131704894	-0.41515148987741657	0.7609375835295346	0.3940283401852888	0.0003814909835340854	0.4061118588091764	0.2703990008752938	0.06126124866178549	-0.5968877752020569	0.211725494289715	0.03214372604095081	0.06552675375631302	-0.6786029281149683	0.8149302755799819	-0.219658285710859	-0.337588225009996	0.5765319047977855	0.044873818056132594	-0.20316798445998183	-0.17920177954162475	-0.32603343419194986	-0.31641147481024434	-0.5335797024522599	-0.46126096873529054	-0.3009265065893292	0.24620236432889694	-0.42196401518480997	-0.4709846634016221	-0.32851922066580663	-0.38087220655294973	-0.23827280435840578	-0.5507543891255564	0.13599388472261253	0.5138094386182878	-0.6846083124271397	0.2649657851775924	0.4354183410778301	0.6030976233868469	0.5977076601604391	0.16560559136500472	-0.21279503652736675	-0.20894569317893297	-0.09186903663814024	0.7092686344392993	0.3266233816714975	-0.04043488497643717	-0.2730268393631038	-0.4767855271246761	0.05722790813623679	0.16508399979424157	0.03433515349017744	0.3082045876107395	0.16358452135011273	-0.2455779043851803	-0.4875514897350343	-0.14297016338513235	0.5237116115235344	-0.660819670627998	-0.15058821583728035	0.3436681632808967	-0.05963126345174636	-0.30148774403292494	0.3452180152804469	-0.6534930208199654	-0.03183264232022047	0.16197957378369077	-0.12494019446193212	-0.18971291535415044	0.5270737339520876
DTXSID3046085	9.261716967687605	-3.262536330918981	-2.2071327223906843	6.98125524257476	-0.003913074199919102	1.2269419852293781	2.6512917612729288	1.0818644626081073	-2.2049479639935354	-4.251915052908644	-1.6355410316008177	-4.439749096713543	-0.584259984132681	4.00437697272374	-0.6264050473833411	0.523610179298409	-2.8670386543985855	-1.5120548111650933	1.6291476588629799	-0.2554817185683311	-0.4273194697028902	-0.5816901273513566	-0.5372367008019953	-1.2887514326223024	0.7632173528950776	-0.2214360214644995	-2.3204497955391457	-1.1498005533528466	1.5165813150741523	0.5894253125545467	0.8774039984040136	-1.5344609523406096	-0.7811818246971004	-1.449003477940376	-1.0559568864313473	-0.2616484807927101	1.3690237474951716	-1.1062547047694198	0.883314861793129	-0.012949940628435816	-0.4131029501970532	1.4195500333024362	0.5818443264037031	0.22684926535405128	-1.31829085867763	-1.8081705925686609	1.039763402381314	-1.4256769976621682	0.09693192906647854	1.373058218468676	-1.1703664886850402	0.4513569305599458	0.5195267021295265	0.06859455770173668	-0.2532732214903088	0.8144892712767027	-0.23884674636698197	1.6979234719572773	-0.9996521360585804	2.0241821895539847	-0.31718794799748623	-0.10609615721619767	-0.8840201741688207	-1.0260189516813072	-1.438565072965594	0.4421760109158604	1.059520544240311	-0.4468128141721821	-0.6576785731635402	-1.2563374491681853	1.7689036609451922	0.6602156343089269	-1.6169080592114045	-0.6757056528424826	-0.8699746235413564	-1.3973979128304432	-1.3561977775865492	1.961185529598237	-0.466789593433444	-0.6014014387888897	-0.5493117038665905	-0.5556726526310144	-1.8990324065538449	-1.0183932849446022	0.03567992265795922	-0.7623987720565546	-0.4301688229268904	0.3318651201580398	0.3748622857713245	-0.5760069916672031	1.4379883337641888	-0.5572465991731175	-0.3830375062762304	0.8690979728082642	-0.6644440413737268	-0.6353052071392978	0.3042125468368535	1.4854762913039092	-0.7105213578059211	-1.091049475385088
DTXSID7022912	6.400361290245069	-5.3265656741826835	-5.9158434716342185	3.5053058192041937	1.5978783446171836	2.4870332666000348	-4.7491252601854175	0.9133861976537674	-3.633122481065788	-1.2449359587841369	0.40279904552888923	-4.529277783806534	0.6425139039358041	2.578793391034442	-0.6803285577290612	-0.6958743265624876	-1.1533863976449705	0.5811505544310263	-0.039940666423382426	0.5554242250507926	1.25218853554117	-2.4322756421547096	-0.4378053292747718	0.7870197299798104	-0.35036672033009425	-1.6153989892585572	1.2320942162005317	4.8298004116506235	2.8148383245353217	-1.8977356364374025	0.7284041045745246	-0.3500493742040446	-3.180094580667967	1.9534395678791543	2.619905316821755	1.1943562742338347	6.665745898165419	-1.5146947954878196	-2.6426482475796034	-1.1801277911454273	-0.7377364235749468	-1.7609080451239478	0.7605203237921725	4.073608417568777	-1.7332122797046234	0.04747593123467464	-0.3156117195148963	-1.14392284794141	3.4119385000939846	-0.7008866252113803	2.408932348584978	-0.9405706739014643	-3.519290329803059	4.630095204115588	3.2544099834720117	-1.515957837664359	0.7134709582742096	-2.4225102888158285	-0.5649726592034658	-0.5474808920038842	0.3481585678399218	-0.0802574604250049	0.8277683041846493	-1.0638507195438858	4.176671329075371	-0.7301032359539247	-1.7569125107915189	-2.7272983464475393	0.3914787542771585	2.176536121314221	-1.9723780571295226	2.8673446750792606	-1.4336921237483724	-2.478085288098603	-0.7712900443942202	-1.1121059152231942	0.4030783155901025	-0.9208826970269687	-1.1887877532071336	0.6331902104919014	-1.5273119265909043	-1.2713723728719077	-0.6358716362209933	-2.2050862853352626	2.029303815705997	-0.33817411243419593	-1.721157134407941	-1.8062485537819912	0.44323094818929354	0.08615876432619302	-0.12434464653074175	0.5426109506194433	-1.6996298421085638	-0.9531281508293993	-1.3479019276808357	1.1989594917367328	0.17583188047312512	-0.012689593563592531	0.7933600679545773	-0.793457866000225
DTXSID6040614	-5.681333104668171	1.0989381605983835	-5.040468633483953	6.90328212883687	1.8145004037084278	0.0720694344410465	-2.0736212710465534	-1.6754750265005103	-0.07492044068254834	-2.9533128485205866	-0.39775477021250977	-1.307429771904945	4.559154052367516	3.3859748233215754	-0.5204151612264766	0.04508109965068401	-1.5362941929351628	-0.9335038707794595	2.087435413330235	1.596132447043411	-0.8849208864654416	-0.13449573295960957	-0.113031800613574	-1.5004602592414404	1.165011410929212	-0.7577181634561964	2.2372520634965833	0.889692137645585	0.8996975655897546	-2.1733865978497344	1.5593801048720357	0.4918920097935166	-1.9515354202978539	-0.000594424422811735	0.2691965959835405	1.5014046715214358	-0.12704579165667687	0.896936214481982	-0.9110176651153246	0.48801582570627916	0.7840201173626736	1.7955938591475342	0.002115914877069588	-0.22942057677647912	0.5236778234404975	-0.6705951442701057	0.7616769225054548	-0.7175305794382763	-1.2432203937691124	-1.2781955116383066	-1.1933367926060723	1.0239765785076207	-0.02820145313044347	-0.05352611349517065	-0.711259790209409	0.8241824860993365	1.8987412767204692	-1.1952739802593468	-2.66203291743178	0.1908623108323515	0.3850060520395698	0.22839124426852697	0.18374479202906238	0.10030119047201848	0.5714297246676636	-0.596290499703914	-1.0544454060778876	-0.037660907194847985	0.17964134053878875	0.46233174461169363	0.126980149576438	-0.5771044561079955	-0.042178152245592966	-0.6924637299259406	0.20630606944943505	-0.11378585839169376	2.075826962897956	-1.4049280634190828	0.11374835907313739	0.5498836978862801	-0.7816514163161389	-0.8256957726716478	0.20173520850119037	-1.6248332102758518	1.076003580387402	-0.17968147089196973	-1.2371889264991252	-0.5369389315217064	-0.31494743085494575	0.2835653657326727	0.8751111905596698	0.34999494250959007	-0.1944428345235984	0.03975558262925223	-0.35709482407748866	0.9971864355095638	0.5972917118054856	-0.15834965359596337	1.5432143296630043	0.2980084746859417
DTXSID1022138	-7.511871374941369	3.816028228526334	-2.016657262060436	1.3734907509140497	0.7119084538156253	-0.5844929521918473	0.7741769769083284	-0.23940455834330474	-0.0590160942492907	-0.5886979036202318	-0.6366876238366649	0.9695907504034185	1.474547357132592	0.1701983556517658	0.12359352551730793	0.06574652174959567	0.11179922846465681	0.23744003495071805	0.7989860869762297	-0.6702917731284358	-0.5876271047148021	1.3091841537882418	-0.4732862769058856	0.6490147924384883	-0.03352082498448345	0.5456595377247925	-0.4817223045871389	-0.3204247502278397	-0.5873050799831362	0.8174959976018012	0.8294537231171177	0.16084468928105342	0.14151024859816122	-0.22777364000599365	0.24325300522309648	-0.04882868052166144	-0.06782504604368968	0.62187256782052	-0.19468463404911748	-0.8270226608080106	0.4490587494085646	-0.5014401060795673	-0.4379169578016682	0.01954911458783411	0.5028058532478618	0.18385978431760705	-0.3577401077959251	0.47733586105183307	0.41069158366761555	-0.16892344377279023	-0.26606156505776	-1.038890135841589	-0.20114338200660112	-0.45799224157138635	-0.31309865575229223	-0.9890857534654759	-0.5422552580540219	-0.11660313543583682	0.3218778087415617	0.6405184911809135	0.37831260305676717	-0.28473844931758446	0.06149358482893213	-0.3709625419651834	0.5277023713606807	0.1709731143052547	0.17288184831434786	-0.2996990577230167	1.0340233906317107	0.4146525517408029	-0.1283901171900123	-0.7481451254806967	0.4227123134782399	0.23375908516026808	-0.17229556304431137	0.5978802330572393	0.3511288837937954	-0.5909026335682444	-0.25658846242449157	-0.12117604391411486	0.14629568683906466	-0.46367432893021954	0.36258154351214317	-0.024078434559811606	-0.03690774577158423	-0.3435699780125353	-0.3609155145941946	0.24979432868437754	-0.11199489942117204	-0.1511031117292939	0.4747689834723244	0.8299189415865911	0.3352567587765029	0.3671694645688277	-0.1413667288127045	0.4393903241657344	-0.2937531209749566	0.008795461924235198	0.3590351440209668	0.14085426331034176
DTXSID2044638	0.9080157624121953	1.9915145533261116	-3.9792499470124976	-2.2626222718157893	1.7314222335125573	-0.48446032454137417	2.8022222728652753	0.5811255341374386	1.1381453402417145	0.6237014442839229	1.3270728188727343	0.5541709502364774	-0.7492212784842472	0.2717111106975156	-1.4604002199479473	0.3599161917086874	-1.6601142258879782	-3.068885176770196	2.633897139072601	1.9675702638544101	-3.237855106312637	3.997905400405806	0.6947672797927429	-0.23357672655334968	-0.20575568158769325	0.6725193167529767	-2.070727830280462	-2.418895374874135	0.8502789148710692	0.9125076101628821	-0.5516216055647883	-0.37453714575294167	-0.9439527144188696	2.4230354050586884	-0.3580993580737386	-3.4783246653804025	0.06642729253066482	-3.0617282971707773	-4.585892727636372	8.397685044527766	3.332221054690789	3.0949854905436487	2.4228364539235883	-2.9078328787748866	2.9581767641312173	-4.242737273066332	4.866961256433589	1.9205043845000422	6.168876755390744	0.8227869689159635	3.0630402336372353	-1.0170364612532234	-3.018939500472859	-1.3848356283093046	-2.6884975399936937	-1.1504307553610762	0.7419074292338119	-1.1304838267460044	2.1865902647894147	-2.0263438250918964	-0.6821135300871686	-0.5465111845754526	1.0784459562676558	-0.4407971712968849	1.7944603041459963	1.7340221820390262	0.5530465508791669	0.8094452587960314	0.38797666904086797	2.204530254679707	-0.7733301208460341	-2.877593849470345	0.018518724791718035	-0.6834541245102806	2.241445149586156	0.27638864223063564	1.0692340962527476	-0.4698571499379117	1.1151685571815872	0.5681820645663322	1.5581836947848435	-0.33241872428927716	-1.6460298768324741	-0.8234598345022586	0.449667010768861	0.2301025561503583	0.18937183481669276	-0.7518907070920141	-1.452651176291525	0.1636829216727197	-0.4827935161915011	0.5737726283064407	-0.77827195663491	1.3667203237679966	-1.6427544965483043	0.4360233201096844	-1.3735857584971451	-1.1050535591616237	-1.4085423686026037	0.1651222008913031
DTXSID7047144	12.18399588433163	-9.052606004233805	-2.735298896034565	1.1014447907871665	3.1883105987748595	-0.3853224425607863	-5.701288855200855	7.2952373467560205	-5.9321055945479	-0.8131477447495259	-1.9411757896821185	-1.6856907306123463	-2.2771493957025046	0.6116726176258201	7.889838689876936	5.7836811954928775	-2.4960664330625466	5.723766148362898	-4.308315914635687	-4.705827325576531	2.5846310861220627	-1.44827982559481	1.2570264695251239	-4.3417118958852585	-0.15648043469206974	3.234178786778813	-1.65891501099187	3.464229661992036	1.4563041596191653	1.7211432420243409	-2.707519414750455	0.9538488418999059	1.914731697979483	1.8580583313125991	0.5369540272252156	1.3794477050456933	-0.1448108301368432	-1.9881331544962746	2.1923928903623433	-0.6458379241481595	-0.9883041866181312	-0.809420792972971	0.2738245013270825	-2.6437303925197098	0.1133646474763845	-0.37702757647334695	3.3208102014510885	-1.3568165499802942	-0.5569948359997696	0.2324988559108692	0.5664936463663581	-0.17923271655516376	-1.6953115824782536	2.443139771762009	-6.022729406671657	-1.1856402941009214	-2.437326479569407	-1.4361138505188809	3.8208176845171926	-1.641875100889825	-2.9605558489859334	0.632647450753442	-2.5562509225638195	1.5787036540962243	2.226022757027282	-5.1969452068784845	4.078699682196583	-3.1298870463629904	2.1374574107602218	4.959274522124662	2.731210137220549	3.052852429075758	-1.792153036738703	-0.49859925722108134	0.9881658000435836	4.207065537904475	0.46578188584579816	0.05729785601346484	-2.712674406137877	2.1986809304566317	3.8203883719454725	-1.877613969306982	-2.388791756087975	2.80626609210235	-2.019234856544989	-3.2058403608171058	-1.6128241664760192	4.151616175654289	2.447298968525394	-2.9475391660169223	1.8583274860701726	-1.8213641757583503	0.3832911973740117	-0.14419317472440676	0.32819470927951816	-2.5461927898651493	2.1694020630280773	-1.0487380356760483	0.11519903020527428	4.8356494293314505
DTXSID1046926	67926.28342086567	-23024.353504133775	-6008.525334715838	101356.0884383345	26504.80537659024	-24126.371510284764	184730.1860334376	33868.71737548231	-44718.24467632509	215834.35975642968	-70392.28061097111	186131.31137321657	44514.96297933681	-15971.737107056311	57629.31266400605	-95426.21807179015	-60729.860735921466	99971.71780672281	123843.29549605481	33579.43981271185	94525.70640997308	-46335.57829020204	-62388.15051211155	15540.699138549648	-36250.384133418906	-62088.335461276976	-30679.522319700456	32040.347973473963	7520.1932854240795	27266.43559578837	8896.74553242607	42833.22491910446	-6178.720052446888	25709.132835795586	3788.510612662498	52845.23668139002	-14307.845966304218	36937.79469727875	-30335.01748700198	10411.841938850832	-2757.914470766086	6458.256460286168	-13185.937300026875	-10969.038223360529	-4376.771369679453	-3592.144593680828	6967.649529479667	-25370.084797375886	-3464.9109863175017	16924.823143129634	-2360.9438993420713	-42101.19802567766	-37053.772585315695	-5651.813734995565	-9028.383650839305	-14491.213995693943	52811.455925742186	8466.355674024077	-78067.31642023749	-28314.98706383321	56587.2053488986	-54279.39131064754	30031.070542167647	6586.053674437456	-46063.06998375115	-147680.09381616206	-13042.832884918598	-58740.737868250806	-47200.55534583571	17546.36428977472	-52004.92345504716	-88450.1499067401	-16860.704540856084	-22039.83479438737	22190.375579326865	31419.531434411114	-91299.28550272214	7726.659085643614	5659.112501382222	-89342.16421794464	93950.87030938406	-83358.66097720599	118407.67729997063	-146126.63503495042	-113979.60532073617	117217.33191924464	-36255.141163128086	-52021.687365395206	-13971.577928171519	-34870.04693158252	12312.759788329211	-95727.26936237882	33540.59984232481	-28368.5444548542	3937.259623800329	208267.10685106195	-20359.342914535886	-6839.457974003856	23188.041708940997	91914.9312293484
DTXSID1026293	4.220812987671441	-2.3954517957732366	4.638673827523014	2.548576779230738	-1.0736440893005574	2.29303887453467	-0.9571260248898307	-0.8982642132064478	-0.1066332228608544	0.0036071681262399287	0.668640283701499	-0.6028154007484855	1.6812207721531922	-0.2373461106421323	-1.0173200064586023	0.5362838131960392	0.5496310340994582	2.2944909287583024	-2.184580262973106	-0.42091983690778534	0.0769594456198435	-0.9848761765270176	-0.41386799325410945	-0.33900263454735846	1.3437967290485626	1.290235078445857	1.4348814594824784	2.574478355827237	0.8870594200894536	0.09786240860173205	-0.7217906772502519	0.3030129160988643	0.0431846824750439	1.1159014829665044	-0.15261743202315056	-0.053642837813308135	0.025306851665655626	0.4890147764687103	-0.4780320801310111	1.4786614053989544	-0.30138979299187285	0.20886987559795128	0.1636224333279418	-0.6793889991548682	0.3138321443438677	0.5243085502028868	1.5815057789474982	-0.548852195623988	-0.2458076915930012	-0.8343295100350141	-0.4893008881900819	0.3465870880570249	0.6133684184245113	0.35782846883815267	-0.8857697860381406	0.755767615021719	0.6107474215995252	0.22358382741367575	1.3200839024098578	-0.10625405939555133	0.2692762604353013	0.18495461873980226	0.5704606109668828	0.4461683509035684	0.35244728884535886	-0.7053455510384566	0.7612573677326792	-0.6381891030368311	-0.2944725087237553	0.09857700178278996	1.8812317078276728	1.1008579691461906	-0.032545290778111344	-0.348683484730988	-1.2765040892144455	-1.2635652711821952	0.17426970887290463	-0.484598498748752	-2.157301579891901	0.1171215813039712	0.3587958030411134	0.26285462260339254	0.21945269581632906	0.21252007509386306	-1.3187804695785244	-0.4272316799858954	1.0843131821805234	-0.09527303123606062	0.19078016743057225	0.9171594202396158	-0.2778205046044812	0.28715324046353025	0.15009818314737713	-1.054519017024893	0.45261357028479693	0.9598305229582373	-0.5564906140493427	-0.33749895350962206	0.059953257789045346	-0.29936102290422284
DTXSID0041692	-1.4286325944724936	1.2429747105768496	-5.481898748102967	4.173202072838296	0.2806703513964764	1.503822105169619	0.4717908271639944	-3.3331549696938216	2.573505818573396	0.055775666572065584	2.8533117905312997	2.0168051838586076	3.3379810260182157	2.361424704974913	-0.7484537317345197	-0.5262475292163692	1.7600515804361245	0.4763073184167342	-2.255736680850155	0.9517071619975191	-1.1310283044918779	-0.07356466300411114	1.0965001889514818	-1.6828656196379663	1.5750031209745847	-0.3475805541060139	0.16108242764524844	-0.1549676532712001	-0.8142279155291012	-3.2432960360720804	0.6902391796364469	1.2391282671196313	-0.1897235183760333	0.15123244487109733	0.16202161628983106	-1.2825464772389183	0.4941243229778425	-0.4352089920176652	-0.6449389594048512	1.4112254639301178	-0.18998926247250555	-0.4742309009676092	0.09937204366020487	0.12920935194162575	0.21478302324754606	-1.5176701982603231	-1.2880489563756694	-0.9541730020033191	-1.4466329663193989	-0.13345085423293274	-1.0819186386376962	1.2522541227776178	-0.3028627416631507	-0.5774503838801708	-0.3394535978408684	-1.0281424923668387	0.9012881163380508	1.6696347153898021	-0.7326720025276056	0.020738843643008386	-0.949615729402644	-0.07048460182109341	1.7581641516420425	1.3141896440743497	-0.042072376199129555	-0.9630520226927032	-0.7464471823561899	0.745912446676951	0.6696365279876366	0.17980730810765727	0.009133172674513686	0.44719442798117215	0.23157263393585473	0.3044628723767325	-0.08220941626287344	-0.12077597790594381	-0.692088396814952	0.876684943844804	0.5114706020062804	-0.08721070203015856	0.9798632389204784	-0.2868354641345268	-0.22080017661914758	-0.3916970084725957	0.9812227786945905	1.1868359512103508	-0.35414086403038786	0.15440696794981987	0.33607105700768886	-0.19826937589918397	0.6078243711012882	0.08475523876220993	-0.6482902122051186	0.3593983057960667	-1.348937313773439	-0.07128699662912757	0.5553007802260479	0.099760538147449	-0.1565301347845566	-0.7335549847368628
DTXSID6021795	-3.426107688981965	-1.8072486021178154	3.604201826314305	-1.227319658142796	-1.4059024732593246	0.01945214676978791	0.4721764152136339	-0.4507428544914788	0.41361803554257526	0.28579833317146147	0.34606584957605097	-0.25223257862892356	2.9581984343580197	-1.5082074131158125	-1.0770038987347181	0.2781401463317872	-0.21633308666399712	0.465836697109558	-0.16671232083763185	0.33693137983715704	0.4185520483292465	-0.7588701749047536	1.1584102729608294	-1.8443304898848225	0.3338681963350734	-0.513633135142048	-0.096362843790634	0.22125578070531277	-0.7967456504340708	-0.4321012428061223	0.20839939803807264	-0.6661394969606711	-1.144059080439491	-0.587112742972713	-1.2424359238798963	1.2608443133197678	1.7875008291746752	0.8414692886632501	-1.2387278799615942	-0.6592763129630949	0.5572591393145925	1.6549276227549248	-0.19708491814755727	-0.5287790869141354	-0.47553916948769254	0.19697149091465554	-0.09398033170920365	0.8198356624277983	0.35005536309895957	0.4897480980407547	-1.4752266040986122	-0.0028048105140260314	0.1483506044916917	-0.8074476832125602	0.3156654008135362	0.5797178233479616	-0.1838572437925893	-0.7331269485151806	0.3940422383678325	0.8095218910257811	0.43863717248444023	-1.9005138429929442	0.6779394187445243	-1.180270526845615	0.06967609489737564	-0.26834589044384166	-1.0364434635759645	0.6375855171662616	-0.6644646210371997	1.3305089446496434	0.37715528146257754	0.2880896011889942	-0.9736872090660506	0.2655351398255494	-0.9274931755728314	0.17640513218368095	-0.2431612525540756	0.14928152185509677	0.745892897451303	0.9923333225613213	-0.7326429448156313	0.19069562810070378	0.6863021677103719	0.01241588766636612	0.26494261240898753	-0.5861355652635006	0.3357100278045601	-0.21430456332199022	0.7483378225688684	-2.142839863722927	-0.8216109644850406	0.4167008843064136	-0.08444799944834891	-0.3937173528410659	-0.6248625742908255	0.19037178022150747	0.37567021069371104	0.2663365756776353	-0.2769494354373781	0.3622481873413859
DTXSID4024359	-6.217617273969986	-1.183267399701604	-0.5085785955537485	-0.29848355032338353	-0.798890418379056	-2.6094015403154356	-1.198719209380774	-1.3668916146583678	-2.984049066169795	3.130504760019531	-0.5912150038377247	-0.5975660454027002	-0.7259510731256237	1.27152481624779	-0.7911358433145087	0.5695097908589011	1.2887266385462526	0.6637099365634187	0.23026249232052964	0.16631044615880256	0.3963469735791458	0.33447249091432374	0.10717215008331077	0.1973764524302163	-0.7124867268604596	0.3021326439484114	0.6361742615729801	-0.461115677067822	0.09205707635672829	-0.49010533004149603	0.5655455636898081	0.4405659083471752	0.365801773507591	-0.1159651174750542	-0.031528081112594614	-0.165236062302829	-0.969289517668451	-0.14968064004238152	0.3650690378693405	0.1746005796660011	0.3034688292513454	0.0708463223181524	0.14252904342629086	-0.24878554032065192	0.3571593148659573	-0.39419384005687347	-0.27001437347781854	0.006523733678743006	0.4608409815580671	-0.4080033851226045	-0.6458083598037477	-0.1932976471677569	0.06806154492284151	0.7895947669653952	0.5625698146027183	-0.2727321158788647	0.5924732627217345	0.0440289857147624	-0.7110819580236274	-0.017320086307452517	0.2167186226495178	-0.4362300450224309	0.29234878357661315	-0.8439179651307687	0.5606620452327268	0.24091824773932918	0.5873591217910595	-0.38854111233548716	-0.5768366551500147	0.3094892164766429	0.09118303284037442	-0.36297478464370697	-0.20994640044889168	0.20802026251515063	0.48181723609025623	0.12293566689961995	0.029529978141669074	0.15427729348713534	-0.038579951034782824	-0.0020235816907586504	-0.1931393147737603	0.055897026849061796	-0.43166847873294256	0.1920859082293059	0.28165540378409865	0.05995162404033892	0.30032341289112235	-0.08579683239351277	-0.1337586327192963	0.19532345266857762	0.06734425290781632	-0.41384605881822034	0.13577961029361554	0.04587125529080837	0.018375908095878118	-0.11909809095715769	0.014448967491560015	-0.08496096773918677	0.08128070757632616	-0.09755150452661016
DTXSID8042422	-5.542738886661916	1.5762273225379264	0.3066628167084812	2.4720537722888527	-0.5163336200156065	-1.2670610740319466	0.2730818580797561	-0.03932573858058163	-0.23602056932169782	-0.4568118585460934	-1.00329349008913	1.4072766825025713	2.5964516559997763	0.018235920003277704	-1.114843941121827	0.7611517471733316	0.843766392037766	0.3769656652666929	-0.25653705219346595	-1.337710384135321	-1.0123296620101006	2.1010012776186993	0.618147978647619	1.177167601357744	-0.869572276816522	0.25547285895381977	-2.1070421904772996	-1.057042415075827	-0.5661804214452943	0.47177105307737444	0.8289867385394184	-0.5327378660803513	-0.3138621626895684	-0.37705508577325186	0.6136665987236076	0.42174749564038533	0.2192232827485786	0.9592527884117167	0.06488559137218705	-1.1474172232185487	0.6312189662394715	-0.7318774807284871	-0.7262305514125963	-0.3121944945850458	0.4014954463218743	0.4339130169712244	-1.1724122137904285	0.8503702464656401	1.1072962854981427	-0.05684915483136297	-0.7468621170492133	-0.7989978874625361	-0.3026286747885226	-0.2928149243990021	-0.9621228445735701	-0.7744912111866107	-0.7727596665824512	0.7922542047068447	0.20422023261651762	0.3984103072109351	-0.2261390242623535	-0.5976102492388473	0.5544288365370629	0.13675787491487768	0.8122753847044383	0.8709799734260859	1.0459645836737588	-0.48135553460327696	1.4726154959224833	0.557734330559969	0.0393162085822518	-1.17303648819559	0.909949680555832	-0.11744522592224187	-1.0815794602166255	0.4231134223253348	1.028819624970908	-1.3639256892692337	-0.5313662144996234	-0.3255427841429196	-0.5846034475516051	-0.7909931992555235	0.3984062659953398	-0.3054206519182482	-0.3548930586532923	-0.3794971492898862	-0.2903470159698783	0.2712604507306353	0.2987000419235608	0.3331246489017592	0.7603854487468729	0.4539130065362955	0.8430149339499001	0.2811196596608247	-0.14747389840330258	0.6072271267400928	-0.3460682656115805	0.45272123113042306	0.20233449633623918	0.11754073148195512
DTXSID8024153	0.37578688264739274	-1.9228995997725375	10.515247852272735	-3.6503608402356003	0.5674233293779645	1.4660355581340385	-0.5564940580516463	-1.2206557107763867	-1.144415297955071	1.7935484948610414	-3.860817485285623	-1.0352700939219999	4.256562737904142	-2.6430101542690023	0.3536189198449113	-2.3471083815450005	0.21676779444166167	-1.6636562464383355	-1.198432927011538	1.9959628314276137	0.9392561945961717	-0.8143397130765178	2.140612756661352	-2.917569432298932	2.184007137907378	-0.9355374707765827	0.18316397274655022	0.2111764377226001	-0.9396702652160678	-0.253187441932032	0.2023834426454983	-2.084817930983632	1.2291968184823958	-1.3563160267623695	-1.4930564897054386	1.3759745105387022	1.0971635883025288	-1.730367034836637	0.9793664953597256	-0.6875896981339741	-0.07443610890611113	-1.6008551546680203	-0.11819492159918793	-0.462846644206581	-0.967059738904601	-0.8888100528910088	-0.17387191907011892	-0.7319034633391279	0.7492955174519801	0.2954387156172409	0.16841712494996625	0.9300228993596189	0.38051753344767314	-0.9109083447939699	0.030834866518415778	-0.5427496447042353	-0.30170561822131264	-1.2785291152735643	1.1036643665047083	0.22196152355183071	-0.11010343815306645	0.855035177498619	0.17577240327032465	0.1412107234621487	-0.38237154994349043	0.3243577000906056	0.3148746022338595	0.6121533073370031	-0.051869536042722666	0.4779729710906145	-0.7387035730033902	-0.9547390634543736	-0.8036318860099982	-0.3979153282468088	0.747205922803915	-0.626110030920506	-0.41303456698238444	-0.05082851992410316	0.05840387247476875	0.20151992481478853	0.9650203507428049	0.48877990501000923	-0.06587535880031142	-0.06305573897423536	0.06302123723766098	0.25012549482525115	-0.6022303387126714	-0.39006651631911493	-0.07505609761614408	0.9994438589180268	-0.05183301589361208	0.9583855669845334	0.19363441272469284	-0.12393822009495041	0.002851970366784839	0.240577389696146	0.44265919091623623	-0.25000179032132475	-0.8395455553732213	0.29219537037837046
DTXSID8022036	-2.0737006438300574	7.944416063044528	-0.7777169774695242	1.1694042544449617	-2.057507190384244	0.07790587299058992	0.46392917818459717	-0.3714413117859158	-0.2199877223907923	1.5993640738884547	-0.27862217168325987	1.1068620413173957	1.759678878220782	0.4083082228339883	0.34075151693619765	-0.7535757569608416	-0.6912219379927387	0.6743799269520445	0.41858445723649307	0.8778801050733913	0.1435416541047872	-0.9936659856188621	-0.5027034871119451	-0.5402691587018168	-0.7737753517594946	-0.6904184940889557	1.2657440278555259	0.6510319068452646	0.10550611936472025	-0.6256962337432476	0.20772131201768518	0.2607585515415527	-0.6740038143698556	0.7710199258101526	-0.15953224365155683	0.34171897580283994	0.6965092599693306	0.03800752495967575	-0.2469204730638765	1.686538315259478	0.035767831866477647	0.7969737072278531	-0.08539909783474861	0.2944130883939935	-0.20455565563970285	-1.5364048664047836	-0.8800506726264201	0.026530973735407668	-1.311612534249185	-1.5690586252113834	-0.5852423239785415	0.0979962248185436	-0.02370762323445485	-0.3493745658780025	-0.8369269082174967	0.8225906657324777	1.8233152872366387	-0.45514007819715163	-1.1290576527922906	-0.9976905284248418	-0.9573137607818607	-0.10140899950219238	0.721763580580354	-0.46495074022587235	-0.821277106335881	-0.48155490176050336	-0.7583320775560359	-0.22698579489362072	0.038568793349758546	-0.5387655246402479	-0.42560087569973776	0.5342186539499698	1.00744334626563	0.8860892818698053	1.0691564727866343	0.9709511924982811	-0.035835835663966066	-0.050433404692300746	-0.0743305397162889	0.6578092158408766	-0.7385889972555224	0.5059292664299551	1.2181547228153684	1.7895370982716103	0.5186646947593566	-1.894961562861157	-0.621147086680696	-0.37944491361562044	-0.2398189803122686	1.2149709888000115	0.042802567317200814	1.8208695215707333	-0.7135269787624646	0.3390247974449764	0.3941420501919734	-1.0844208573517549	0.2775915055037029	0.35910394256668116	-0.8188505411193238	-0.23577193071866537
DTXSID2024822	-7.825760153093933	1.7447883941929259	-5.810491173446342	-1.6379836019567708	7.023290703737875	-1.0741575142080457	-2.0108046366980368	-0.16045895300810278	-2.896366012060411	0.3477406235452634	-1.2005351257532473	1.1346969109140075	1.21265692522188	-1.5683311314701576	3.2997720544879128	2.4416327968539067	-0.2556417796519726	1.0625898676784864	0.05464471020431252	2.091759487162008	-0.29767338529045984	2.4557448946540945	-2.54930797882535	1.0235025578653727	-0.4454888094896846	-1.5420616583559985	1.6071827792203488	0.01563647408094205	0.5852628758622882	1.6637976167722182	3.1132906436756365	-1.9447314357116656	-0.35562723920042894	1.1847859012678479	-0.3617735961023423	0.7974248661961286	0.8355659744611481	1.284424693434064	-1.5799866486700203	-1.0238129580254585	2.5558140293021268	1.5131361267230272	-1.3843321240566293	0.37878942661683884	0.1334635330074811	0.2653734000911073	0.2204260817486172	1.123193839813738	-1.0336985496691466	1.7034059534392698	-2.453505220941494	0.3914548083782198	2.573433714652821	-0.17209490866379762	-1.4706137011415876	-3.7312074155717685	3.4142181297199623	-0.2966224470007049	0.44226502620454594	-0.42225702415066924	2.0734701438403276	0.06135294837951008	0.07964545869234747	0.15906227149580449	0.2574732609946599	1.447360367430902	-0.06907956442948274	0.3937349957230561	1.4771640443715113	0.29324776725825624	0.7959567763821251	-0.3103899941900996	0.31854857110547763	0.01913559163157728	0.805957680170081	1.1097270870809717	-1.9245352612670426	4.034963692230813	-0.6649400663054944	-2.1233604130011297	1.8541519344090804	2.3138762018125747	0.6601061581639444	3.089241879635911	-0.8827404880813576	2.478044854945221	1.4852888002796176	-1.19970315736965	-2.057414764557099	-1.0012104102473165	-0.17928377876791898	0.24868507880115095	-1.0006779591661896	1.616358042335501	1.3699461464378768	0.4859822716457227	0.3023220444872828	-0.606977165688922	-0.21982443104587632	3.9106960578711747
DTXSID7044425	-5.167080918636807	0.7437101468407714	-4.299000164757307	4.608272949669269	1.6713452068630392	0.13546388398827203	0.46557345874573525	-2.1248914110534503	0.8307362227848505	-2.699459161550637	-0.12720766157439306	-1.0550353896608267	1.7253202867000788	5.388347605851178	-0.1724296826322564	-1.5386395549958838	-0.10489722901082581	-0.6753100199443822	2.0854959189943334	1.282358049808561	0.060798149870972935	-0.055933621288121	1.6162309959032337	-1.772424259252599	0.04019296298287768	0.1533651114364165	0.15990862595106914	0.06229948575707691	-0.4199370195647911	-2.2374725889745997	1.2496466473076187	0.6673689203301615	-0.7364395961303022	-0.1695699395826732	-0.3661067627214811	0.02746820227160419	0.2930520584642666	1.2865463530492551	-0.5771671833981868	0.06123153391968351	0.2040292862197073	0.05004734649175035	-0.40943031855424533	-0.23700902907709664	0.5637658002730638	-0.9619642627265003	-0.6283635421444176	-0.9533537765749818	-0.045361027212182665	0.7308530838844313	-1.4237796086635714	-0.5701280880524747	-0.5401698229486012	-0.8511602303856562	-0.32800862578507184	-0.09108106748721333	0.03265898865544469	0.44890911766752783	-0.5092202503072542	0.1370957681462537	-0.5989547897883682	-0.8409715410781479	1.0360625755629642	0.9607577816706762	-0.3107489898522324	0.09700933413389642	-0.2900594080287293	0.005226271594125943	0.39755107278232754	0.1201185388710881	-0.5505448998560053	0.15908865068796257	-0.0583610206754099	0.043027717550520185	-0.7125598744094666	0.2560003908873179	0.15964591597864514	0.0053644391162893015	-0.33909037898699357	-0.3791127815259388	0.49006764813794856	0.010842840501394033	0.6870101788767283	-0.038012730722637125	0.32222723882330445	0.8105035114230436	0.43331825978308286	-0.038739874047668384	0.04839067775071252	0.15819272830677028	0.32531322345160046	0.2665906821657772	-0.22399443399228527	0.3577349457528465	0.106432806467453	0.09779546424390287	-0.08419021334649285	-0.30640576116274715	0.13397800030182225	-0.006644406553687605
DTXSID0048686	13.622005384974099	8.927959031412058	-1.2483436120189166	4.01355066069883	-3.0179031612575864	-0.7465191961917506	-2.741029488332378	-0.6215948986039714	0.9470156875810293	-0.7372557640285009	1.3835922927464925	0.17671715739362218	2.0569058460020972	1.7589465680147924	-1.5792493899315299	0.5605564405017689	1.1955801320958308	1.3989950090887642	-3.119097999058173	0.09146745588348067	-0.6137270390955406	-0.13829491592321924	-0.3269856020580956	0.009255245878411372	0.372196143287306	-0.939078785387656	-0.034599441592890745	0.4806042010405006	-1.225210382319992	-0.5579985518478251	-0.5312454503644802	-0.06448315539939353	-1.026323026278136	0.5859282784905356	0.019173784325480732	-0.004938805510489141	0.8442556465124428	0.5846057278942808	0.8611889978538413	1.634602245760775	-0.3505265387309565	-0.5758062441587788	-0.5985720218710875	-0.9131381184548741	-0.1267472113782243	-0.7524982299365766	-1.4102171746606478	0.38796204945023594	-0.23258371862037752	-0.2626444131285068	-0.5592629579023055	1.6618418884667157	0.2884888645702048	0.6416486107002347	-1.1091945865697974	0.12913204957601962	0.8506428292756469	0.14273468313017304	1.260529941537166	-0.4198904440761991	-0.6336382572668077	-0.10367339820500741	-0.08004414077456465	0.8886952616356378	0.4355252745355496	0.35574997362288896	0.16260460293177553	-0.00016920884538055873	0.7264635260520854	0.7607389592045076	-0.07566253805841885	-1.0005394594056163	0.367580195840817	-0.6701176237703584	-0.7809733304515074	-0.774505969415343	0.08564304842468844	-0.01802293438440508	0.2097523756498923	0.5528108791497142	0.4388636026179609	-0.5878868990553628	0.056993542593891326	-0.9656287437244703	-0.2046354364110281	0.4958870471332762	0.21183678628362787	-0.323666488031461	-0.7593997876005725	-0.19425965492574665	-0.7481064241337145	-0.20529438616581275	0.15058200918136516	1.3213080777925976	0.3672097837369752	0.5563670090082192	0.21599435709588158	-0.11317688180086974	-0.2185554555770526	-0.3446567612666088
DTXSID6052740	-2.9857324283247437	0.6709349151145174	3.6186408488571606	-2.761225326807836	-1.0247996888524862	-0.008338329949914604	0.6588220619206309	0.2902456643465615	-0.1923160439782933	0.792498682798722	-2.0877518728341045	-0.35881676807750257	2.2206420833797473	-1.2452773647154525	-0.0049036167417896535	-2.9818828331519733	-0.8784590598352786	-0.02625226874289731	0.1922523598317988	0.606103310982795	0.08885595545536415	-0.3357438848875143	-0.03872251695593173	-0.723121424879149	1.0738433892041581	0.3109455014960004	0.45140490664106125	-0.4249996670914223	0.17030878182887538	-1.079128120853722	0.884956501102496	-1.2404521685870888	0.3954078901311111	-0.6559688253089059	-1.410931877462684	0.936422468822699	-0.006409512655176489	-0.4992338976774938	-0.5299170605492254	0.13560577263368984	-0.5650717636235039	-0.6886754554413286	-0.4691782744928053	1.2959320325360444	-0.009492814070770397	0.5278648324936537	0.1946746513960912	-1.158590793107809	0.2059548305361591	-0.05949834395244253	0.5388103733127113	1.4662206001734999	-0.22658346594572984	-0.10631547155464958	-0.7650959467710973	0.012213650547371138	-0.9129494949452267	-1.3337954835444727	1.3468657731846254	0.7471031121178057	0.08115275174715657	-0.26422006755410404	0.11989053296119571	-0.10649894163232881	-0.018938158445532014	-0.3737934484771286	-0.18588659520436332	-0.632277834583157	-0.12099558085949946	0.22737678070105974	0.23727949083347838	0.21762082729902005	0.3971816671792603	0.2683794591079013	-0.4691256238419688	0.2680128846703988	0.10342473403173355	0.03563955540541278	0.5964033236227269	-0.34820879609771466	-0.0015968810544221255	0.4461487791348503	-0.017663875764418004	0.3958490819876794	0.3801396629605753	-0.06255058384500337	0.9145069994407886	-0.03608154100979746	0.10517716224166375	-0.5628360514559217	-0.11697497853820779	-0.2787639805200829	-0.4479962764842803	-0.11285877113892026	-0.8988513653046455	-0.012913152151792203	-1.1513033023617658	-0.44417663304211763	-0.026576214846495	-0.04334120804036059
DTXSID0047248	8.518101293770977	-3.736849759334316	0.533433771063433	-1.9669087140229256	-4.114163408934663	3.71197299764854	5.096296196465593	1.8452061292015278	0.24338644856313832	-1.887296374034142	-0.8828522807103834	-2.7674661550295063	1.5442821403854634	-0.4103458503621606	-0.8079365398610175	1.2702712291409446	-1.8463060585390971	1.3793417431823465	-1.224831997730159	0.38436939993007807	2.229241708417986	-0.5178155185702127	-1.1506541358999904	-0.1484188809160898	3.797867109927601	1.5886393670300374	2.312039822753247	-0.24096803387715218	0.6038186906064854	0.16015201177593102	-1.3858671661888096	-0.8460950776802569	-0.011980322061317404	-0.5640286230002318	0.809226764222277	-0.31503064592993174	-0.008481803955825677	1.9308383996176557	-2.3832625370954945	0.2948586361718357	1.1471801597476918	0.8102835382357423	-2.0785960160099655	2.654540639813003	-0.8585352635299852	2.614359012290329	0.20981519338811697	1.671196312451473	1.4509425366640956	1.0472803638536994	0.583071923056497	-0.8410513746938167	-0.8114866198223795	-1.4108918382322158	-0.17359527813851772	2.9495600033002707	-0.6853345141940566	1.9607529301375657	0.06337118139371424	0.24960945560988296	-0.8950067383447757	0.5352118220515413	-1.8601543084151437	0.8917581940517499	-0.18676300232231774	-0.41602624126461124	0.6305349629663689	-0.14775569681868422	0.7812566536589971	-0.05127746831899257	0.843864351245474	0.5700353049949208	-0.8972094949449315	0.17525562951892615	-0.17178351595312719	-2.1304121753888516	0.272296023595592	0.845393609442121	0.9691563782308308	-2.4979050442642894	-0.9273504778977257	-0.8006887724544351	-0.7261803713845565	0.6851943227505654	1.3749718050718556	-0.22352451549585226	-0.1916304703471476	1.3604344133491306	0.8750833741346415	0.49301552585860087	1.145272913461516	-0.15348279099862325	0.2141036298510766	1.3498749488983435	0.030933084357031387	0.9855172575930138	0.4402682737105167	0.4454175685542827	-1.8044449421248476	-0.471041712304928
DTXSID2034833	-1.4169791659543411	-2.166358663449914	0.04625737573577605	3.194652188038482	2.1329187792072744	0.7260190633103998	-2.752803557528912	-0.8599296810361792	0.27393321926431635	-2.661554212808577	0.1691602456574005	-2.62771744893174	4.556289947827846	1.8236487514547546	0.719747682171485	-0.4805234991680522	-1.778824735286214	-1.885780647449972	3.794856323672419	2.10597012904605	-0.790911952035788	0.5835648515897623	-0.367709348230772	-0.6837689838550606	1.6282197145001582	-1.2455903063336158	2.2320596921812186	1.2476676438258365	1.061617988075873	-2.100381630595627	0.9061930853399884	-0.021829113473589904	-2.516883055356659	-1.7240369041099937	0.7468538949070258	2.4958638137967477	-0.024726909057204392	1.4768953699039513	-0.40016256305119097	-1.020061525732709	0.9259142708199433	0.30569972595053285	-0.6377037411664847	0.4752789754946412	0.3655747837272105	-1.0067889317682222	1.5691558436328883	-1.713343234594852	0.270250900066372	0.9533687000900187	-1.045307693430642	-0.7968207009338859	-0.983819880507237	0.8779044590990495	0.09594407869745451	1.7343112773547542	0.6325507780525442	-2.019358152453324	-2.7266113674317745	-1.080706931092955	0.5705617438845322	-0.690818538910957	-0.22881140469680447	0.06155713360438531	0.3615709222913725	0.5966550592008157	-0.28309326271477353	-1.2544597454260902	-1.1360096555576333	0.01656533668107656	-0.047058998157779704	-0.9430604857391683	-0.2287351730774013	-0.42754612688522237	-0.8596998765395165	-0.6031312911254763	4.234457705293301	-3.3854473617255074	-0.5506688429698842	1.4843356661298721	-1.203914972205977	-1.6529014852887438	-0.04376836114989113	-2.2235050838076584	1.1087658505631324	0.3946587251138289	-2.05528403940614	-0.1790360166019517	-0.5791629427609991	-0.11487650784652796	1.1790479483795586	0.4908793554254674	0.407560804711591	-0.23939433078500164	0.029332405719845623	0.8031506050665989	-0.08084087077147298	-1.1573266057637022	1.4075407681389083	0.7977820387440986
DTXSID9048853	2.222773227468425	-1.4525730765636293	-2.0021757790312535	-0.7337320836191449	1.387440582738685	1.4214149629114887	2.0615628312495806	0.06283037544563809	0.42858285828186327	-0.44633170908522257	1.05379498166258	-0.9212010654512222	1.3604231671224196	0.6106968324865952	1.1288610318233943	-0.810756299639117	0.8496058576403119	0.20969294814369674	0.47722458851046196	-2.7836859880501312	0.3153160283151249	-0.586123242818807	-0.17682591567702158	1.134568408787278	-1.1862649842765896	0.13404407500806614	1.6563411761907065	-1.3142359545935687	-0.2812256815246206	2.1639215931071574	0.28529800033554487	-0.29531076667752904	1.4899662909819276	1.0759737811047068	0.7792052687902103	-1.9204844539969441	0.6272697069672416	-0.5249528120266816	0.8760869265599589	-0.7568076682875418	1.464992291910963	-0.4057746997070321	-0.23820222127694574	-0.25759467993078544	1.592102303017433	0.47097696733161615	0.23117575090157597	0.21108827493145543	-0.3525804806821467	-1.634496554434652	0.2669451540936861	-1.6224291603558358	0.280290983397205	1.444599692706092	-1.3179451956799164	0.40502426235739813	-0.528247421337237	0.3549069967996582	-0.36021851185875925	-1.1648556530062413	-0.5642920392859168	0.5715011333875939	-1.8628463445546335	-1.544496161874241	0.4685833628101136	-0.5384868429481259	-0.9729374846383709	1.4722003032207271	-1.359732029997637	0.6350112720270997	-0.20262091877811925	0.033023925325248324	-1.1386068387581096	0.09092084787379157	-0.18608594076134774	0.47451810999838345	-0.15272463832032582	-0.1837358577777269	1.1241382562526059	0.021734486206257553	-0.08318322656274135	0.37290244352823776	-1.2302487781590115	0.48354354564473717	-0.9753944212369351	-0.32048933598373314	0.212331002737811	0.15660395423318227	-0.9079595336226985	0.6617042086144554	0.6870168368621368	-0.29477244527745433	0.036097276025264635	0.2699150805620467	-0.8943893361597224	-0.8912193382374297	-0.3558763520518134	-0.4161001409352638	-0.23680859382457634	0.7156760569466173
DTXSID9020401	-5.754270024269873	-2.2812745901993736	0.14475894523747115	4.003910378070759	0.14145795497535352	1.3107150917519708	-2.8145719335781876	4.687455514713034	-1.3961299187315723	1.7861876191715158	-0.326836618366648	1.5614344379685623	-1.6891708393227274	2.3555852683320766	-0.9236296113822219	1.2486342000214634	-0.14205555731873584	-0.1707377561892233	0.051329607256679406	0.4347551517441285	-0.5045405177667623	0.07020839611005658	-1.587843776260526	0.9435714306249455	1.8372399333743212	-0.6679048387413342	-0.23356799420716629	-1.1198319833915304	0.37525647244706867	-0.13447689967873064	0.7212957830999642	0.13101202582605512	-0.2670208780564337	-0.6714827294432177	-1.088211395882868	-0.5921166531741493	0.6040731199252499	-0.9915361125910213	0.48104935681674343	-0.09283706751062785	-0.9044305748510232	-0.5235319166495747	1.032385484459985	0.39274786417681307	-0.5996385339323679	-0.7270079451239658	0.8826108205621858	0.6098176818328543	-0.5774970503686081	0.04230324826401934	0.24759539282919785	-0.40044817801126664	0.3526730689269809	0.2640175683660422	-0.9191428345755394	0.6029282815022706	-1.2450511658926207	-0.8535587656060969	0.8162716849483701	0.8056252077196113	-0.2875772700669865	0.8953879232121805	0.42672267539016323	-0.6854251990779517	-0.2673903141635539	-0.9105355557375779	-1.0106924855335435	-0.6054083774668184	-0.520343862654873	0.9425694318629598	0.046431170420323346	0.4052871895351253	-0.09401364088161633	0.5480952650497594	-0.08236843191272876	0.4733982709301751	0.47808080306953016	0.8911674642909583	-0.769298076959146	-0.44967548272737534	-0.44075451512295033	0.058762406067107927	0.018333805108537094	-0.46269144225942477	-0.32409139851111624	-0.5040051675588596	0.1921604941067983	0.2794674533279099	-0.11332276007805618	0.2858674732126057	0.2364628874504879	-0.27999993417132674	0.522126929513623	-0.6745642202231459	0.4945933594442911	-0.6299320354355321	-0.5433691325308897	-0.11461364586869022	0.5619610740842158	-0.3143961799203129
DTXSID2034962	2.173695213098495	-1.9748970506758994	-5.460514082291766	0.7472835919500928	-3.0741919498730925	-3.202313415686009	6.162593399284067	2.1742883452837245	2.098168553725577	2.1850221628779583	-1.0116131965249786	0.25728129709982345	0.8357745857158586	0.9498591080582531	-0.06930864726619086	0.014456068640405348	0.20428746787259816	-0.0595583966304841	2.628204660323627	2.6640327537960196	0.370241451844694	1.484746770263326	-0.23032820375775254	0.17786393683127652	0.3861382014129274	0.41566060257289267	-1.4484905986472632	-0.757415216481179	1.6239472045906225	-0.08731450330423071	0.3562532138689823	1.1789899694659796	-0.2781562237487918	1.5405302343122065	-0.5080929096553168	-0.10162132625234345	-0.4323988808230798	-0.13191715773171364	0.5865414479727372	-1.3451820438694404	0.1470225603655947	-1.0458224025500893	0.18505298542434595	-0.9634612111001001	0.8164616853611647	0.7267000998586318	1.1559661713088054	-0.03928000643374516	-1.5124996910970883	1.148953379842676	1.160754738310438	1.7052135760895364	1.3830675429731623	0.29110495502745687	2.211632829877573	2.161468852902415	-0.9023714419033901	-2.894185546573893	0.49185560027905506	2.973169805106034	0.4245028747487074	2.734581371095082	-1.541884542589058	3.183710209317145	2.1098753189158685	4.7484836076768335	-1.3834572689158442	4.3916199099910145	1.3546213037801522	-1.1193320233771926	2.4095148380270865	1.7673977628988873	-1.236342038656609	0.26024237463752653	0.5082659492483443	2.7801919637498846	-0.37965295680098043	0.9125316193528143	-1.1337859071534235	1.4214760625349172	-2.0018058656335547	-0.7421197128053975	-2.1155590870231644	0.8902869914724566	0.03653185521806608	-2.735724136785285	1.7243994089496446	1.6362187854498038	-0.32263533343004797	-0.5297249852974423	-0.21484023915911424	0.7944122358669924	-0.27183484319714757	-0.33603961116355885	0.4940649618385115	0.11579935970158826	-0.5482068340549914	-0.15675391670228564	1.5384594387036032	-0.006997038294538075
DTXSID8021721	39.62493727115795	3.059959136098782	-0.24929436211199713	-1.3425453313380085	-5.505019843106234	8.752276191786233	23.01181348033679	9.307527873348226	-9.81326008956857	19.061032456395562	-4.12545096370826	1.557987840566477	-2.132258580660391	-0.6903025323512662	-0.6114757497478239	7.505247490022353	-15.121982342280223	-6.254359544305769	8.519126183357518	10.147777238688727	-8.531459974996505	2.815413258740394	8.148150230170131	-1.967140397869774	-6.769602143170713	1.3828836294826263	0.49294164647080363	5.599170115382518	-2.3678913767400114	-5.204452918944136	-1.2601185657854972	0.28854294063390273	1.5944982255878895	-0.12879586105574778	-10.118640685654105	3.0103475564337403	4.776470156720698	0.8176860295896023	-1.8592617674359617	-4.781139707546744	2.099373970057438	12.65759057977317	0.8508943232799884	2.6479204097169218	-7.255173407899266	2.6464982468175196	1.4220853532659063	1.7350197349220944	-0.963218574860022	-0.7386126414091774	-2.92474899681278	-3.512437967176716	1.1386646297725282	-0.7082592146158895	-2.830309392538378	0.6695666248326356	-4.568041103623755	2.011725759907501	-5.329195221349878	0.684557861180645	5.060310097991127	-0.6154959118677854	7.254534677150774	3.984667270203568	6.675230495987456	-9.686734387745707	2.8995274519807195	-5.104150497953434	-7.545189689956892	-3.921040753822199	2.7940874448271815	-1.9629892414193668	-2.4109304189645475	1.0923334893078804	-1.726601243671429	0.2958967775897634	-6.314351706635857	2.9775734621315384	1.9495613043379274	-0.8695346497693204	1.7975993186041803	-1.3906053769492006	4.172091767568255	-5.9734449025077865	-3.4723955172367615	3.8947231320817863	-3.8713088237108413	-4.179378134605843	2.56362128388947	2.3425690291239842	1.0552478463107953	-1.5637878358913773	0.5814372252046488	1.5498432487759803	4.033710524723909	4.213529862989835	-2.2562588919351834	1.1766501818106068	-3.324869264015349	-0.03511968433083825
DTXSID9040269	3.436752171951086	-1.8042330242441493	-3.118526069521414	3.8657515050707585	-0.7907986761916462	0.94664699466044	0.4083631618198203	-2.1138804269198226	11.737991957313836	2.5379004311782554	-4.89705126460406	-4.813435745508932	-2.6137973200065496	-0.3627292136622746	2.601841963714528	1.345205177576278	1.4434042492155612	2.4978817767451966	-2.886013098227423	3.1005994268743153	-0.4360771485625255	0.03310828437451644	-0.3434032801999469	0.9762385466823763	-1.7428305910298851	1.4878297866555332	-0.3009151077118533	1.0403208969073436	-0.46781874507237964	-0.20911912678550257	-0.10063527551529705	0.14668888386749315	-0.9544855245225486	0.6011262128719161	0.5869090663584337	0.4512667953614695	0.823349894076466	-0.8817274048022804	1.0881434910117502	-1.8918227944373474	-0.2448452741414693	0.010605100514372249	0.11800901177985006	-0.9583564414809719	-0.06527707314168246	0.3373960569324343	1.2148315507280893	0.75633406324957	-0.1340918315322985	0.48336548860639045	0.22667306182074443	1.9867088418381744	-1.7785608059330174	-0.9152109918109702	-1.1297706784091512	-0.018165381979568247	0.10538113094150584	0.015194044259464624	0.3703694032832474	-0.6725426865187787	1.2950132804435575	-0.7726659549862394	-1.3634248758235743	-0.11363374836960494	-0.5653355278876262	0.6344043353265583	-1.5908746366324136	-0.2804729024152158	0.8892604346872308	-0.3131026608082846	-0.4149288664604232	-0.18259091646211256	-0.5233476444594377	-0.39776848617774213	-0.010736490198164174	-1.1816534446676186	-0.26010448539527486	-0.31703345582310216	0.2249953998640596	0.6764558000487372	0.5786493757794137	0.19389401116638919	0.4415762827620142	-0.3618382054618587	0.3602381797402807	0.5486254659365145	-0.19985115751281393	-0.08057891399549619	0.13065670163444215	-0.6884343702598162	0.13552310481533555	0.15488360081280045	-0.3159413685384938	-0.6387038390778393	0.11060218605971432	-0.5353606804875202	0.5772539670904011	-0.4202397127126245	-0.14785089306334612	-1.320311494582569
DTXSID2032342	-1.6421032013303658	-1.0537872687223004	0.26195504101498945	-2.355769595446602	-2.9406350357312596	-1.4494520929071237	2.165906864856076	1.7098669733754344	0.44687720998695574	-1.435775530386855	-1.3210669252107414	-0.6770696384513979	1.9039205019795034	-0.8210315504367237	-1.7398146201692966	-1.4741255727089164	-0.06989316741871437	0.4668088293828506	0.03719847565764263	1.3973350330681533	-0.5084701865460134	-0.13136873283601003	-0.23953715383339483	-1.855688779618359	2.3023459718744252	0.16232975452406506	0.6357847487131041	-0.7316050919489945	0.3765448498258002	-1.9187692011348743	-0.6732575547871293	0.4635738488198153	0.7194506802170136	-0.6735408459499744	-0.6055455190359961	0.7094512941027707	0.08049137375557502	0.634406860408365	-1.78737780161591	-0.8637894719846132	-0.3945240894578707	-0.9041442201127632	0.5426186667383279	-0.34702312288315956	-0.09569418065487807	0.5503642899582689	-0.12865534674816453	-0.2646301969842557	-0.22441263626198038	-0.08848909355185541	0.739329415917261	-0.7112398921835936	1.024178935000038	-0.21415454891083438	0.39495055136532636	-0.34550677197228064	1.8628630125752608	-1.423085375371653	1.4954071612245008	0.6978212833812056	0.6020783145612274	-1.4816142148948261	-1.2944947592874838	0.38870722531786717	0.1063687863391488	-1.0329097493565167	-0.7104824336417821	-0.17645898827481787	0.7360517734095263	-0.4942096736581062	0.7496901172014113	-0.5365178403123977	-0.4785609726498161	-0.9264550452950374	-0.28755564511233	0.8973762833381334	-0.08179886428399392	-1.454448880714925	1.953412619706457	0.5395157252020262	-0.7790933548309152	0.5471058212119803	0.2668088286608831	1.0286784998662513	-0.1443044581432061	-0.10957246888749517	1.5124346236588544	-0.09497217327313126	0.3508449406178655	-0.8637244439659281	-0.01175120999917465	-0.17043291689170276	-1.135273628825011	-1.1229075344537918	-0.47818928813107925	0.7218416539695012	0.1672360081814772	0.5865244079669423	-0.1767639818488745	-0.35405365587571397
DTXSID3051834	0.24941276057517686	3.479753202163905	1.8690946261962433	-0.7570939885905829	0.8088711382242645	-0.3848359165818638	0.03797660045400852	-0.13369480340941223	0.23673391996689064	-0.9982096218983749	0.38612222819194264	0.99328678902932	-0.17208395130037074	-0.21855816137075612	0.13552647225792852	0.33199292288973725	0.4470004248505772	0.3773803975998982	-0.2970628615810303	-0.2709371521179109	-1.0530249353862087	0.5333915989784929	-0.2876152329998863	0.8641950991855754	-1.1833971562458552	-0.038624020742256585	-0.48130205917877983	-1.6001855542109713	-0.6829553261647371	0.297593291812045	0.5001582830121873	-0.30217040353961067	-1.059065854704606	-0.7663198537561152	1.0156645668737783	0.02873876252186362	0.3108638660803658	-0.0037028878849891945	0.40530643631809327	-0.6085364035759134	0.4759872194149072	-1.1916284796514331	-0.28812608605646295	0.1374488113431471	0.5490152288710182	-0.49507028779685036	-0.914090202902953	0.2490277178771035	0.31834679783084485	-0.12946334362145193	-0.6474454079955833	-0.6030316042178163	-0.5297508476129965	-0.25170157073714977	-0.25719855967702004	0.18660393320998875	-0.05930154490306307	-0.45590548269686765	-0.4661690003573183	-0.40057167097372987	-1.2037737763876566	0.2089418133309225	-0.4352778024775143	0.44088057447669077	1.1350761200654576	0.7140672415986064	0.7515466587575047	-0.6204101775488841	1.2709750772006112	0.4302182372601889	0.5042239315418754	-1.7410945145421266	0.625274099590285	-0.16232096953208006	-0.3890944362747578	0.31260143356911824	0.358057123895588	-1.073460188856809	0.11422714664834034	0.06115788190967845	0.5457660047879309	-0.5883357367122712	1.04119563002466	-0.7205726738404359	0.1881254133810921	0.10861352294063129	0.27133255863708605	-0.10013511908651669	-0.781037633848219	0.12521962319096802	-0.32148666704575285	0.41814355337380793	0.6814979026494009	0.5689626674453699	0.5338328853845612	0.5070359131056962	0.035839368278885404	0.6644253277846638	0.2568579210560902	-0.23394554441135115
DTXSID4021767	-8.799666755262272	2.577812149554014	-3.921643654457682	2.4832171485227765	-0.2110250675035894	0.4704103721813269	1.2086768741748606	-1.5284291108448402	1.059123149512953	0.3328808014124355	1.3212554287935259	0.9616962490129004	1.9218953132827479	0.9580290383567269	0.32675513162691666	-0.8519717621949007	0.35852031677960905	-0.5036630069729843	0.48224350977881786	0.7934754586618916	-0.5931359764939019	0.45534289638870157	0.7292377696255894	-0.9413107799101018	0.7514875952384428	0.17514615379376167	0.2219906026123645	-0.21109110655277386	-0.5925729827004319	-1.4858718229533383	0.4591730428313445	0.835712194660887	0.06668343266980392	0.11714940692288357	-0.07630072239851557	-0.43005078292876703	0.1586592120882967	0.13774641805660917	-0.00011435338159847182	-0.12193562327799455	0.04511793333630192	-0.2308149724538218	-0.15444571733530454	0.28995325022571	0.43371245280176157	-0.6744881347391009	-0.5302642174019652	-0.11989409355179877	-0.060795440930044305	0.37355355890759184	-0.3041806478727546	0.07626562134477859	-0.3367393858877186	-0.3127669408166726	0.052651577758504	-0.7548188208937499	-0.25557183163212405	0.266049969052256	-0.3678139322440485	0.17440156069964668	-0.37068943399182047	-0.3376405566303162	0.29858050431375927	0.6035628259635192	-0.13498964370095362	-0.7231669200593194	-0.5203107647129642	0.2508691672836719	0.15506511342036988	0.7202057576699075	-0.542346630558973	0.07399419691129874	0.7140849534234301	0.46293640048525214	-0.8317142189724186	0.04347272309508956	-0.23277243174133339	0.5075838085088397	-0.7673130327112155	-0.3113368633338151	0.5385203647874455	-0.20202795592429884	0.1462403934482243	-0.25037219400333205	0.3856807007515641	0.1694172604191535	0.3804623566769803	-0.16070828969569861	0.001799590490025213	0.11513498664282854	0.4199771519993882	0.5514607389784493	-0.6586878885721209	0.19848821958990406	0.0027429415927746597	-0.003213403721215681	0.30105058221834746	0.04460031789204776	-0.31420358534400294	0.040954301790777504
DTXSID5046770	1.1063754730691582	-3.2643123813309707	-4.5743922251475215	2.266315537582758	-4.267242997696542	4.304672493072059	3.025838985853606	0.05258964907144406	-2.5686067565280832	-1.986554794521197	-0.2832581438764886	-1.9455716151180957	2.337185349773544	-0.5177007550221384	0.6869047208900898	0.36967212153076023	-0.012633786167127672	0.03761292700831164	0.25427250901537696	-1.114426454220021	3.408013849347312	-0.7017152286885767	0.5771697142665263	2.2835431857348127	-0.5031184140592488	-0.7449021259840131	1.2806426163182398	-0.6544455036444848	-0.17156017232584003	1.6891530405726396	-0.8797866860801876	-0.5229780695554122	0.6805557870183725	0.7796677487472973	0.4029824761695106	-1.7218595667124608	-0.19864921420316234	-0.5757893568865321	1.069818980743473	-0.7174316122163973	1.91393519695899	0.0930859673893617	-0.491639129882423	-0.35610060800746607	0.5569189929838064	0.06068378280331613	0.3049082856294452	0.6433811670475735	-1.5209115584106914	0.14014250014080257	1.0018234839492868	-0.5212096522725691	-0.3126287316101439	1.8461551211899472	-0.9841955506068871	0.189163191581903	-1.7983290776939052	0.21008064698918463	0.42999518674837967	-1.688156668452747	-1.2347310342876427	0.2946875005191154	-0.40289878300230747	-1.6547107259384723	-0.3190173491257412	-0.46154015245381463	-0.2800226640582796	1.5681753893137458	-0.7267241717764092	-0.12225858355891021	0.5181638533382076	0.9043347438611326	-2.4134868509996337	-0.7284735972631824	-2.3046521560606323	0.2992404073904745	0.8044156226770435	-0.3930624062906749	0.880642220426297	-1.9095923198970122	0.19668865979068437	0.40200744295289415	-0.6483851087378725	1.181774611074802	1.4497887119373163	0.8844139131832565	-0.4709884480850101	1.3500293546733266	-0.23109006571211313	0.8147484225232923	0.5221264554993846	-0.19908792189509272	0.3147256376484377	0.4164600460602467	0.5001026563089919	0.9776328719680081	0.2934813858486265	0.6854698448377278	-1.472527436691363	-0.668015598447345
DTXSID1025930	1.3077665108493453	3.3260469455595643	-0.6804656375027527	3.674646141995775	-2.548254856580101	0.9698947712512387	-1.1442757114060074	-3.687384402101994	0.4690892680503693	0.22573618728991982	0.28882687911052557	0.6452565303863762	5.705191482445072	1.4171245767967802	-3.1271442745458753	1.2190072338728628	0.6237232533169357	3.3612938627893247	-3.6234500258016533	-1.226331143120319	-0.8503660806446772	-1.5993946644200094	-0.6988102731210626	-1.1780093000606677	1.300480248563395	0.9476606456584605	2.4387827150633776	2.7202348983601046	1.047604604548398	0.021647167076994763	-0.007469199715244245	0.3235086134915944	-0.5120459947640202	2.2241186662449537	0.6510726709855312	0.5008550831129186	0.7656741547153914	-0.26813417563040354	-1.2538955815259543	4.112552913308672	0.4571890029290167	1.9587072400477974	-0.18786687233165444	-0.4249655701846693	-0.4463631187479349	-0.2929985339922696	1.5380005619138948	-0.26533488592072213	-3.918409421294742	-4.277585958667957	-1.2192596454250606	3.025455149586446	1.848907097261358	-0.4490754365004238	-1.6186693016654723	-0.6101965051071363	2.302204509824368	-0.6241523989696549	-1.3859824844617687	0.14147604165870728	-0.975757667759021	2.6350648486429797	1.2611410378155532	0.9911079110606592	-1.1001070950004992	-0.6638325876549714	-0.5074825080385228	1.4307587490304523	0.7904640764972621	-1.9917108671452295	0.30703621061246766	-0.0017151191545598193	-0.29236626698608403	-0.25217535414453623	1.1676197725753357	0.08246166278050761	0.48942942961102315	-0.3477158492536766	1.6989934883722264	-0.6872376200958443	0.010022880077330296	0.012777065831497932	0.5766682477030572	-0.45645555408410415	0.29397782847828985	-0.6237887636279821	-0.7496286907742842	0.47488279682288587	1.5016074893552365	-0.04141572989135756	0.36560789784512193	-0.43738653228330887	-0.19893074761149276	-0.9248702304805408	-0.5899528723713555	-0.23864988623582806	-0.18339560634097732	0.4232245078445295	0.46312282469478555	0.006909549316821954
DTXSID1047158	-6.5657467886178535	4.5752756108186485	-2.249391447887951	0.799283938020824	1.6180271675572109	-0.7782123145369847	0.9151238803254748	-0.6666006241898068	-0.002363777371755201	-0.8060820609867965	-0.9973953984775222	1.5521410436296763	0.44431594729232116	0.004115182895504291	-0.2548012135751593	0.5083613412809689	0.5284084504198584	0.7203130767217534	0.4219304412150223	-0.5886167374653586	-0.6014026673357314	1.0338878094780786	-0.2081781892151121	0.6030279725068564	-0.5642236035024908	0.13668279287061635	-0.9924381159297136	-0.6383306453584545	-0.6313549646411357	0.2560274594195661	0.7189612084486908	-0.5348076059205752	-0.1204998012030207	-0.8901240530307383	0.3269499907869673	0.5767465713445914	0.165871881390317	0.557372005667345	0.006453479863886437	-0.6105921777700961	0.26648305913084624	-0.8846542452201952	-0.5157255737317539	0.23235306543760068	0.1545887844233505	-0.2746417647485926	-0.3376327701363305	0.5562588774825135	0.6553643931527044	-0.42522518737770687	-0.42445917535719313	-0.5435868895402365	-0.10227609234857826	-0.12694402522233994	-0.7291023410413928	-0.4576392211587374	-0.5079337430678158	-0.42177743708789717	0.05201350390582582	0.10976756836981309	-0.5138055309754068	0.10907732003098528	0.24843843868928808	0.17341287501111954	0.7602254083023084	0.3084966900836349	0.17142274184239084	-0.14833139705379966	0.5417747456854776	0.695170285788559	-0.19152947354952135	-0.9515379047615579	0.46373080400464545	-0.32191708358842414	-0.4901878864734532	0.1294703160847951	0.4651585428667836	-0.5583902557211063	-0.45847305560959456	-0.035767871279786964	0.2380403447167425	-0.18348387285052328	0.6374407460020739	-0.016104904860352525	-0.020841907284122604	-0.08418474422673144	0.08896644055947833	0.1338931967196117	-0.24419119252555946	-0.04013715510019281	0.3268965149119567	0.6711409908461078	0.23549765439259016	0.10128750402626388	-0.04916923824525796	0.5683373560492475	-0.1187057077146865	0.16311278701636334	-0.08698425440309603	-0.0939422133662111
DTXSID0047585	-3.9979472970016023	3.0519267292741596	-2.7538385318726237	-0.015168107301780807	1.541369371291535	0.6813665249767396	0.7345897708990482	-2.107738073920414	1.491875045479466	-0.3221980944482967	1.274985011410477	0.8977024688414137	0.9264835181476523	1.2262973407343034	0.6332700600499386	-0.30550744614488584	-0.42788441926171766	1.0341627197024597	0.07657448537354038	0.5930926972049769	-0.7567680078588471	0.6821294098938063	-0.6766970525607269	-0.19171247101586236	0.5556823730875844	0.09110030070273815	0.4831380146273682	-0.1297475873172036	-0.32449276457587367	-0.22719035932847279	0.32294332212652765	0.7635515716298217	0.34914858940721344	-0.1387589096187262	-0.09882806825100651	-0.43719049585562714	0.553430383222757	0.6316638508702536	0.012954842027583765	-0.5964824969247747	0.0015499792830560566	-0.6348123423914475	-0.02636453166979437	-0.2982867082014007	0.4516499666051846	-0.6007626851622471	0.02040188253376074	0.4362267831356743	0.48602065167312497	0.2520106488419183	-0.182446606253518	-0.7861659238343555	-0.3247535845590893	-0.6821282247996072	-0.08687236515027243	-0.6075734600400957	-0.36816697601599974	-0.37102062704240735	-0.13640655715354955	0.22411387700215404	0.44141455936554774	-0.3480909743081884	0.12142613542275897	-0.5029989013228079	-0.3935939964835502	-0.40140723580427173	-0.26345093901937033	-0.17146133281153414	-0.07451843188630199	0.2052134345028804	-0.2927396374192446	0.21700832788890845	-0.19037388528344903	0.04488055719662245	0.10698592146312634	0.25797717507340706	0.05845603386705464	0.14499225337730232	-0.40183004871276706	-0.2763634121506976	0.2574884821468795	-0.598722230887416	0.2312810084034073	0.3556071208640879	0.17178901255186954	0.023606131332346778	0.09619740216739689	0.0787834846544264	0.07366032968770253	0.052809629691052136	0.21911925021096335	0.2750662986084889	-0.42364330377248444	-0.35626816096384156	-0.2655003982288849	0.05623442971953698	-0.13305159981441042	-0.18977578418771573	0.2519237267652038	-0.2619179322912899
DTXSID1044986	-2.5431434627455736	-0.3033309100418485	-3.55175177168825	-0.28946630175359667	5.03883844693564	0.3140745231175111	0.6484511407125293	-0.2057339809832244	1.7660888376969583	0.8866947683869095	2.5124282785950105	2.1019425283624056	-0.0940788643786264	0.4203718239807973	-0.41544456531255197	0.23372475159259345	1.017327601902555	-1.3102367041865572	-0.8467351375198308	0.40412321696651504	-0.8177713489248882	0.7139569415864935	2.073305357362808	-0.9844886300064929	-0.3967952760657882	0.14108314696802934	0.4443617207763115	-0.6703055849991469	-0.3495066416212364	0.7174688491020605	2.2947858403508614	-0.16960413476926955	0.399949077594594	1.9324138029679994	-0.15446993709739282	-0.385803305412091	0.3955588265380748	0.29917852040194914	-0.33730392357977607	-0.7021418241380187	0.5810093978546789	0.4855442682686223	0.3091695899671001	-1.1855244103294704	1.121571205838225	-0.2855873589890346	-1.6285518605223837	0.9605195146670673	0.3576737245041228	-1.3884155180722964	-0.7727753674279854	-0.8429013839824346	-0.8400545269610163	-2.2424697028823424	-0.7895960226583766	0.5683968141983852	0.42571919065956904	0.7196230549463709	0.08725032027591544	0.2224884227972765	0.6310031672079719	-0.38507529776820154	0.7041866817611154	-1.3289211652405812	0.8932257330401067	0.008512786340526232	1.941408083389537	0.28840743498703303	-1.4059813705386688	1.0905644783077175	-0.1319059002928797	1.1488534226411586	-0.6142898551800902	0.07982658996230307	1.0947435222202746	0.7625360681005445	-0.486718011045665	0.9172667037304572	0.7465376838394739	-1.7417841958110725	-2.039935658611794	-0.6102845643864022	-0.23818276041882963	-0.21890387754798274	-0.4596778521933324	-1.0289487319401767	0.16542032513593172	0.2248475531986681	-0.19975430001077896	-0.03706664842249572	-1.9509666085182462	-0.3329410792716098	-0.8861690647582223	-0.47377756601838006	-0.6106461406295829	-0.11316361202549302	-0.5153710530547048	-0.7429675126092622	0.854249922002202	1.6799992431641149
DTXSID5031133	0.0006103020938673451	-0.49245181480015493	-1.7052182713403654	0.009424445173106394	1.6214973433237343	1.7328989693925347	0.3100459189847955	-3.324620592103868	1.3763122414619335	-0.4042812251833272	2.747424356749645	1.74047824859176	0.7000310270945863	1.4404098326841057	-1.4259481971517118	-0.21769897135146035	0.5282941900578406	1.4157792927710149	-1.0558506508146235	1.542451038728117	-0.6009669325080547	0.7770297734244596	0.9635209581278038	-0.3343781892787956	0.867850561673934	0.16004302116724772	-0.5104213372107731	0.47121360709346793	0.3224305715907399	-1.4297308875010615	-0.30478875915997994	0.34735898572923896	0.19986538759786293	1.6118547776642371	0.5234344235412888	-0.8769528528741988	0.7797701461211077	0.3411666563785378	0.0378541158392673	-1.2738585027041918	0.4828632079720088	-0.6721340471106115	-0.3002631954941116	-1.0517727724773298	1.0554814656474627	-0.26649140237959795	-0.01738403692265623	-0.07929688165805324	-0.15090970992958505	1.395169385925575	-0.3372044520828093	0.25510918413524014	-0.5392753595581782	-0.9939701907760968	-0.20100237827527592	0.4882472794406017	-0.32274722767359243	0.7733976403382471	-0.5303192115865214	0.01715962250336239	0.21230697231250856	-0.1038779297762764	-0.32278944512761215	-0.09112984147405746	-0.8817890287612454	0.10159604817727667	-0.03547923763104652	-0.7039701727453798	-0.014822339270759625	0.06217622178725775	-1.0295322000584013	0.5305888977861869	0.26413265532538105	0.023492376751283326	-0.09361330982304446	-0.7643202709545912	-0.5465192349785233	-0.9947665172954676	1.0435201112549866	0.295210661357328	-0.41236922661218994	0.36959469152286467	0.7578138605056592	0.015615448983143964	-0.36279661112767014	0.09730535526622737	0.10474680723503034	0.07677137058719923	0.030223831473263886	0.09529838405130178	0.05606283229510987	-0.14452668293953502	-0.10784077438868152	-0.20207480162183508	-0.04291492665290369	-0.10697901283120545	-0.25430367262198833	0.015476322027415432	-0.11837186825745104	-0.0017620122061278904
DTXSID7026572	-2.0319857414903146	-0.10323148610901836	-0.1785716638729468	-2.3401036658578063	-1.257340197032516	-1.1629935088650922	1.0283782418133405	1.3723936038195281	-0.33671567293895904	-0.8382399413517259	0.04771772311389664	-0.5262861627193312	1.3174477241427835	-0.7948498785664727	-0.6897615803032077	-1.3609940760639665	-0.3238373555027616	0.9463178050748845	0.4449739775911771	-0.11620728140414874	0.07584435180459842	-0.995338813161345	-0.26467440578649276	-0.31894798167799654	-0.2921479615637809	1.0225392909944175	-0.5472777623296061	-0.5453207387585384	0.22211912387114738	0.012713541671297846	-0.13456679180994172	0.12560339334043005	-0.5343381227313861	-0.9750070470502433	-0.2989657683874138	0.2955571901674794	1.3776164635001535	0.10429334438468915	-0.3911366663441874	-0.8181907459469852	-0.04241212583822154	-0.05036635535918466	-0.0287548858210549	0.18939321025358563	-0.14846790528889092	-0.055018100356089984	1.0602828247134661	0.0921649319869169	-0.7877375268264952	0.5420406243083039	-0.021922063202446787	-0.17212258384097728	0.6207079623667482	-0.7737854206796176	-0.2322316809372503	0.26715454287119594	-0.4918691307369879	-1.8146802179011807	1.2563285328226665	0.45922621436948063	-1.027963875199383	0.3283842167660606	-0.25545578631911103	0.5975174178707078	-0.39900328056898915	-1.2717261999713827	-0.6565038706890282	-0.5483816624169445	0.8238461410160137	0.054259102422876467	-0.05640437062105944	0.37589025044681706	-0.9134924869835733	0.44224087020524583	-0.0600622325946182	0.6074040381358757	-0.356722769219235	-1.0113143368660427	0.656583370453677	0.8386391684762796	0.4662060250153257	0.9133937877977519	0.49899179180794023	0.45134020271149167	-0.31823600216927345	0.1065137424032957	0.5519773754319924	0.056513913167810896	0.5527333309538266	-0.9027745204100667	-0.059894377559031924	-0.3089692453293202	-0.05209215278115175	-0.2732161684864053	-0.9322156760249098	-0.011434196507721235	-0.35341395086836463	-0.3325876262278693	-0.33815125967704135	0.1828157346272772
DTXSID80862527	-4.147695188103498	0.5506054562850631	4.263479282737981	-2.6720593792812783	2.0778063976773242	1.5405201290930741	-0.20442006024235754	-1.3176925255130365	-0.28157431578402004	-0.14352355933031197	-1.877940301680289	0.44087593108873324	1.691968348972491	-1.3929485964869943	-0.2786770620816543	-0.8412368425808242	-0.8041985366289331	0.6249166040686834	-0.7854046233210218	0.7933218821214245	-0.13174108793973321	-0.08904317947175462	0.7834847177801837	-0.501080016244174	-0.7156534945272284	0.02085478552831947	-0.07792839365977697	-0.40023548795584885	0.3241067290799305	-0.5258329267601474	0.8053302556835621	-0.552253335449305	-0.2814431384670051	0.5948681715272418	-0.11688359328560698	-0.01172917732443252	-0.926844137787754	-0.008386806198056495	-0.2445851179849569	0.41272260757638624	0.03525741864670295	0.16452221864311806	-0.5796844358120326	0.8924361161421286	0.6909197016065973	0.4813195963063258	-0.08338508126393265	-0.40365244604202866	0.2833999250189395	0.08138945642491555	0.036050012014799016	1.121952928695251	-0.3424084535309594	0.09948397626535485	0.5299032802202435	0.7849093506962522	-0.19075366736544946	1.5014374976873701	-0.006039132657252082	-0.2354107991796478	0.12889264975730025	0.8320230344150251	0.23567264958122872	0.4611211401746696	-0.052072826637613395	-0.31783915595613177	0.9395077822486583	-0.4502648757721331	-0.026692660520283767	-0.5444581687219096	0.7948745562098367	0.395401900563745	0.12008943609326944	0.9625130658386996	-0.5732336891763311	0.8324594535532175	-0.27352143937445966	-0.43567764459719455	0.04037065014542347	-0.11939249972418615	-0.13959053658829768	-0.9088416074951835	0.458037779226293	-0.163911086644613	0.42508072723814655	0.2970593667357146	-0.28965255948551644	0.35752024047794784	0.49990819264812486	0.17760928605087017	-0.03204298725383164	-0.44122999595689755	-0.728887641458892	0.5413525368399703	0.15875804089214848	0.5921294109752883	-0.32960708063815747	0.5653939272012928	0.6936790284286133	0.1450936658460896
DTXSID0042167	-1.9335748900546221	-2.8060439584201537	-2.1126165167293594	7.763238430581191	3.4566086155506515	-0.7594883745650497	-2.80396511820012	-2.562853965364827	-1.2446151562177763	-5.5736758688697705	-0.7195165192953553	-4.238197089376644	3.385444526570139	5.228495934900336	-0.28949880583309406	0.23342789834592467	-1.583700189056963	-2.4822039909243094	6.217669206369221	3.8185520587952246	0.8798587713114187	0.8565086005461794	1.8673268327935832	0.5766180965121309	0.3223098985931802	-1.0877733679530694	0.3820419278534604	6.426023708494838	5.274099969557127	-3.7415699658741333	1.3664386790157828	0.8209094234025732	-6.544944494289752	6.128372858435694	5.838602865586424	2.662396965202528	12.499628634929344	-3.188902877058221	-5.339908318348717	-3.079187693025845	-1.578654813417751	-4.552652866376049	0.6073884568068353	8.845716620450183	-2.2662162696879027	1.0866924295189846	-2.0997081940190223	2.0285696587520503	3.1582964137149423	-3.271102877407466	3.3431349840606557	-0.44142036226358083	-4.813840633131944	5.769485578672055	5.9680808467161	-2.209620016794981	2.130803774778668	-3.5050950084330386	-1.749123428488622	-0.6546929431345309	0.3309297880835884	2.89672400943261	1.4434408435557164	-2.387128573204876	2.9791203977672214	0.3230707060746293	0.9151086561043337	-2.3113443189234566	-3.237432955131305	2.232778853289445	-0.9515607144705137	0.22794797245133455	-0.3679935055038149	-0.19096485608546943	-0.21858744090570725	0.24386455771924817	1.5742575671158903	-3.106563187216698	-0.3927328473539538	1.860131101436085	-1.6746803855429273	-3.2899288394232165	-0.44100803303361086	-1.1518306573102586	1.1586710329026582	2.0655203378781635	-1.0104844286707706	-0.7960114073398518	0.1503704448370993	0.24312716190770092	0.5103862648353238	0.06508069270292359	-0.3893897412725707	0.375270560627002	-1.5164351344822733	2.011098118225868	0.8936387584684002	-0.6566730958994439	1.1282952123604504	-0.049931819383096564
DTXSID7023198	453.62891678513193	-130.8993394266643	-39.658698872859354	614.5281026156057	158.8142988185786	-149.1076089214821	1101.2794263072833	206.53942794910952	-267.9608878049465	1288.200927008363	-417.8544033192439	1113.4992725123604	263.0230061209218	-94.1475299052805	337.92839748207905	-562.6373543789036	-361.01605002028583	589.5452188414648	736.1997976285472	201.47947408972948	553.3147539657791	-265.036340637482	-364.39256781631036	93.30845219935037	-216.98023861195324	-364.76732983621235	-191.58133069915206	183.95714607534097	43.410616503405876	161.0560010244532	53.09202626889381	246.25915835067585	-39.22454667895458	151.56556520069046	26.13311822497673	312.0868048888041	-84.57654876735921	220.50061705425125	-175.9494091248082	59.878680552644084	-18.202277874074266	40.91078820417733	-79.91834027355625	-66.56369224627142	-23.450443108663713	-13.59630118062718	35.32906532272335	-148.560691726487	-15.78680947985184	104.34443005196003	-17.47793233517479	-250.9440090386852	-224.36207121218797	-37.637484993057924	-55.249484336681476	-92.23551709428827	312.0713829234633	46.16034498674476	-462.63084111388025	-165.47991612903886	333.67357145105126	-324.39684815746614	177.2218060030736	35.0919573507048	-272.92133660235083	-878.1534084983928	-73.51353191008191	-353.2974129385452	-277.01361105370097	103.32335787284805	-310.286852518742	-525.6981456365693	-97.26972465185933	-132.7516870054753	125.55007863278122	186.02704982736924	-541.3229260531187	47.04270751065735	34.27396305613249	-532.6379917398924	558.7446517200004	-497.67547913350415	700.5540549372907	-871.9920736810632	-680.0937221139442	695.5158174505581	-217.5471000263782	-309.06381331012255	-84.16777582777895	-207.74052870502518	73.01675234626903	-569.2120808238977	199.59005877801098	-165.90989585298675	26.944535588417498	1241.9590986907788	-118.78448264700894	-39.585075720885705	139.4595123637902	546.5124661187677
DTXSID3045695	4.3674046291580355	-3.2123263913743205	-2.7111950759270655	4.0931649293515475	4.1268515516788025	2.1506105788465795	1.1040079449016091	0.43708630754589073	1.2299021421737537	-2.6850076244971848	2.757045404145561	-2.01340396041867	-1.012317860220519	4.293841036691985	0.541961808432279	-0.4590883535964185	3.3174740420794713	-2.183621746982547	2.329288174865117	-1.4544334959465581	1.631799950761585	-2.143878665535695	3.0042669005176825	-2.811760014168109	0.16846462280418364	1.5162150335623241	0.5226128122114548	0.9028028631100568	-1.4298838626570303	-0.5587113571983944	1.855038032882794	-0.03850063576844963	0.4526691050950071	-0.5422649824994726	0.8114656032303793	1.7046470937604443	-0.9671740729589663	0.042216006276595885	-0.4464295155906072	0.13341153095034824	0.7435831206041057	1.3595280083059718	-0.09855874698720911	0.7221846888704687	-0.19257266120429628	-0.9845083864267202	-0.12011952413637916	-2.2167408445770107	0.12436184938119338	-1.4912233457205322	-1.086425032266906	-0.36011118568363354	-1.934445383879499	-0.6877193022438353	0.30819495241631734	-0.7116081571830938	1.4148299402349358	1.2736291686798826	0.3874544549171869	-1.0880953010115233	-0.6383146898070281	-0.28223858094071796	-0.1809898769772784	2.8096993976386724	0.06842329307783065	-0.17244810502562202	-0.14182678993964992	0.8105593722135344	-0.20115826588660124	0.5723987875904339	-1.2907025602176987	-0.37690144362901157	0.1122138989337257	-0.25344123610688707	-0.7508563224186318	0.5734134565347644	0.4319999908542337	0.14759613249363568	-0.22134001679362594	-0.4861879067014764	0.030581712262097802	-0.5374403157789724	-0.3554360667951816	-0.08614799370750463	0.4271598248002332	-0.34082902337502735	0.9010109473497319	0.34275243643927994	-0.03449459756200233	-0.428841117220954	0.7865124846134721	0.7152414852080861	0.587800601689462	1.1176566466255082	-0.10954118475574391	-0.11761363459230506	0.2821744831410203	-0.49627675024245355	0.5355658141967184	0.5475504473907278
DTXSID1032646	9.624505134774331	-13.530231445409557	-12.709576106142183	2.8854334910053447	-4.050931665829018	-0.4201371074078632	-12.582843657069564	-12.696338899350714	-1.4507617536345914	-8.818822977621398	-12.905197068266634	19.678645695638814	-9.197245100780485	-9.179960160219993	1.0152225615756238	-9.294082518731738	-5.499607308005213	-5.0282671662876846	0.25233142241068396	5.09066413720088	-3.6527087432160146	5.05573096833195	-2.0501041178121224	1.704532195552917	0.2577998801590377	7.981045069981741	3.67318197928735	1.9407779976764725	-8.45096829343254	-2.957343077204743	2.2337489516743814	1.4969251629143512	-6.231183825988121	2.161654553399399	-2.368000335618797	1.8877666842479937	4.391253167111681	1.0420661651805145	-1.2354994153236794	3.972562226009175	-4.530481061396516	3.0045736143137525	0.662381367958618	-1.6639529389858885	-0.2300135573492141	-1.104458403336802	-1.4142756599344044	1.2886758857106235	-0.10262680602247368	-2.691631996751235	-3.432844008857028	-2.45744118398165	3.628391460614213	2.344175163874834	2.9434020486745007	-1.9967938311888105	0.4862069654639993	5.305974522607277	-4.679206230207048	-0.57497376101803	2.066765697682951	2.1333765947830816	-2.25851706746479	3.086575011535889	-0.36150493255808513	0.9117892210547033	-1.63504360423001	0.5836695724376081	-0.8283336796345182	3.5645271304922876	-2.751461542489794	-2.327956212454523	-11.3956147764559	2.5886838187837933	-3.5310236919207636	-4.979898200378754	4.463190762651555	4.819247828767837	3.313232333285631	0.11694113307708993	3.624034358012476	1.8331046222201592	0.9902526958347957	1.9485813318908105	-1.5074574303746773	-7.135734670374846	-4.83419191390069	3.9923032995477494	-0.13639450279851084	-0.7295230913786217	-2.2460883020008033	5.01104529537539	3.6032407959239783	1.8074710854975489	-7.529410006542198	-0.1818767198376171	-5.074897560172025	-5.7534422824462945	4.543429528300483	-3.4220147666587186
DTXSID1021958	-4.495407013309282	-0.003980213106123945	-0.23661901170195732	2.9140064809016346	-0.6356423464537174	-0.821359576988844	1.1933204151925678	-2.5315993936530417	0.6504999875646102	-0.5707403602135859	2.569740189862847	0.343645909240744	0.5858797263158897	0.2777897133356429	0.15702771789966333	-0.14362572303526513	0.26016273527821326	0.3798954877239666	0.6364113527262683	0.2798559238597572	-0.24875798751342484	0.8927706999673457	0.20542778825933622	0.236163287521376	0.08971132394446987	0.08499240563202237	-0.5241695054869987	-0.20360990888765687	-0.33623080079039813	-0.2296571279482856	-0.4843888445928789	0.15648390464691486	-0.26730864234969887	-0.06687642407082896	-0.5539201568194115	-0.6213815971852521	0.5274264270927257	0.18983261349023733	0.1820372562790607	-0.4401887825183742	0.40942561717429216	-0.1816801649278977	-0.19642934409852394	0.06418791436903525	0.43294546200012957	-0.3368441004118947	0.048171329102147185	0.2581773041781829	-0.09337607314223315	0.8960457292545055	-0.620422760462054	0.23027703359810958	0.34174638697020826	-0.11914999453306498	0.2625311840838302	0.6624908053835366	-0.7093450078696424	-0.0583532322131157	0.17930169786668781	0.8687858031545832	-0.3237997902472757	0.32915840471432123	0.7389997079867262	-0.6669448474094707	-0.5944128152808503	-0.6811773985960883	-0.7909300489720846	-0.007906319630749127	-0.018518014969132413	0.24476397099430516	-0.09810608321587325	0.03142863976908251	-0.1578667105270764	0.5556613211732161	0.08008112563077621	-0.4012458408247999	-0.6426642696625423	-0.14272939229136541	0.3942909510993276	0.39180072958531187	-0.16350587367143835	0.22206503647792752	0.2543281505831157	-0.2408392536302776	-0.70375105206743	-0.017654574110277866	-0.052074871790298516	-0.05373429810760426	-0.037759079456042836	0.18859635448305356	0.15110768300453017	0.12386557782511283	0.07548644698347837	0.06609097332126525	0.017174952693481408	-0.4654338912954134	-0.23541871008056853	-0.2636894161138822	-0.059846562224268776	0.1956523138883587
DTXSID4057635	-1.0947490669179722	0.15772962751289965	-3.32197876778641	-0.925007184273344	0.2300878125413531	-0.8221649068936461	2.683513017691366	-0.3030419588731326	1.9764555911277883	-1.2649740444997644	1.3534611012612516	0.3628461718819686	1.1066256346211703	1.2969586297120583	-0.3317266633600469	0.17392265005584767	0.6482514407835286	0.4677588492433507	0.7829734746837059	0.3883267889654571	0.10341791165178739	1.3297927086298045	-1.473714905678581	-1.011745540523061	3.3111701837791427	1.3892515187934085	1.7183529130983413	0.2776228595804855	-0.4030796179255061	-0.3871077662835558	-0.8275938028059233	0.8533229039901297	0.7903425935387757	0.0011282787690067278	0.010483730019286862	-0.95093405032303	0.35918546761063425	0.7666773987621301	-0.46687958543854186	0.13904560390758794	1.0368959021646962	-0.7477870580657752	-2.199082954444242	2.105741939225812	0.14509911644889	1.0283116418175213	-1.575407716976178	2.5189915536027643	1.2496794202210106	0.9156645434016732	0.8365891135884215	-0.028086587363105354	-1.431947975076045	-2.7121691861454376	-1.8618501812164494	2.0658783704883548	0.050924724885998744	0.9570822351130684	-0.89478799044302	1.2296554453976654	-0.6943805810593399	0.5478126478906231	-0.4003612107047749	0.019688394749463146	-0.09171574991687234	-0.6875255259180206	-0.5442734062164679	0.021017125851915484	0.390881387839278	0.3426687603500862	-0.06103225351018656	0.7018397402635956	-0.010564469266706811	0.1700266575360768	0.07612851652590356	-0.4910399396376564	-0.9194053875014208	0.054921758982984126	0.7640065934578933	-0.5675479996608617	-0.4156173929620609	-0.20458117075492963	0.15289189268754727	-0.3011435404745406	-0.815670437514805	-0.14156264038195748	-0.2657952640228797	0.5118806418820379	-0.0068733592251645015	-0.14875527786117068	-0.1254249517447543	0.43611400847675985	-0.15519722091339086	0.12254568873788785	-0.28082430903545075	-0.49401538745340995	-0.27450498264117257	-0.8318645399157675	-0.1591623803773278	0.5887211511966483
DTXSID7021653	-8.311732624254503	4.189572448113881	-3.1084489598272462	0.9065304688103227	0.6138122904604562	0.5194065729974999	1.3260298946269156	-2.0102970379768674	0.6013993675629927	-1.057818501365291	-0.037006463061430676	0.8445675067995576	1.2798882653346044	0.6369136853797855	0.960722921959745	-0.21315844615170185	-0.47464161968944163	0.9378805012364142	1.5247606117730221	0.333590806496227	-0.3031561300439354	1.1886230866117495	-2.0355551948609367	-0.18103001485521658	1.8695236036956093	-0.12976525983176815	0.19151268036144636	1.0480377138072068	-1.0994003753563193	2.5525179691037234	1.9672034021021838	2.4550256513467152	1.88296498218794	-2.231282242221284	0.2722586553395084	-2.8737858455167697	0.6164311295943569	-3.0500084871464126	-4.120351494686841	-1.9673963860815644	-2.0100973557941173	3.152723319125702	2.046274265387182	-3.028920244945406	-1.6898490286268735	3.1793611066278773	-3.9518966436091545	-1.5695718735628612	2.0297941282697827	1.6901101865584516	-1.2456947003425174	1.7702111277136308	0.0971834805665364	2.4167334306765165	-1.3078454509406108	1.4824538596586903	1.0988316021025506	-2.078807435099045	-0.19707771021064446	-1.6559080657708132	-2.1252408991525455	0.2916357224021866	0.3311584740791127	0.6474651937310951	-0.19468340935368578	0.2014771563850888	-0.37989606251315794	0.08627218119593782	0.13713118608062022	-0.6355313436139054	-0.25695209167908656	-0.8254235258413776	0.3443111390993842	0.3211250292448668	-0.20274404395873352	-0.0769330592931955	0.3984592200608184	-0.19820377620431018	-0.42843493675208566	0.1154561082888153	-0.20812145152530098	-0.10578294644393968	0.3572120200043411	-0.14195937387615923	-0.1352826077639977	-0.4062847521590526	0.44065278347264175	0.08446566267532252	-0.2033405401835657	0.7387139102357224	0.08716863948060093	0.1382478350247659	0.24878560859486426	0.023633219930482872	0.08275756737003176	0.2756567137126707	-0.2171172240202758	0.12496681258574174	-0.379304107170985	0.29814229917924334
DTXSID6027268	-2.357828567643948	5.377413349333299	-0.9598468331069084	-4.009025874723275	9.361126281629478	1.1586224898263848	0.5617716824722738	-2.7079407075118667	-0.6701039897336131	-0.8038879561204171	-4.150060525038638	2.631598875618188	-2.532968623098184	-1.7903978219639898	-0.46141776122045747	3.0530275115542778	2.104804652235248	2.022771277563966	0.029164601852013868	0.4357878647738962	1.2170160852910643	-0.3675625758699077	-0.5278811099193002	-1.4638795999244396	1.1884659812800884	-0.4161252194480268	-1.9912967058380944	1.3924817451775633	-0.46643526546721026	-0.07225410858746006	0.005236997541096254	-1.4875643204547113	0.4634404317779721	-0.6642096273948842	0.623762235002039	1.3876839117881257	-0.5809345427267645	-0.4698547288344259	-0.41235926838355413	0.5853278046493584	0.1946958404270343	0.35600981147451355	-0.8414508987011682	0.7941896544734179	-0.9398227677597629	-1.1399118666249581	1.0866062779029326	0.21220302702001695	-0.13016084017731674	-1.018446650386627	0.11825023799063364	0.6123363777170572	-0.2609023427587542	0.6842318179466749	0.16511028091164498	0.12017889409282662	-0.46682736966475713	0.17664578987630233	-0.9475404178175446	0.08880507035349884	0.042806887560113055	0.21370604226311649	-0.23152451027687754	-0.15854611997875628	0.32790769931364	-0.7670157105191862	-0.5705017590414797	0.66458929290951	-0.9543083483972964	-0.7947996717323313	0.6499949405803797	0.34447230011331004	-0.3062965733187438	0.11457462347114263	-0.6797775912781778	0.17215379836992142	0.18637451633871094	0.43443685647449903	-0.25501286724910033	-0.033374578036552374	-0.349832779695345	0.6025697768903582	-0.2999492527154999	0.12824916900726022	0.5471870347736852	0.322028247617773	0.22449466235186624	-0.16741726285136074	0.15442686549349435	0.14550720242989515	-0.4080616882127766	-0.648003298447976	-0.4699932376823483	-0.47279082691602076	0.4634348961359788	-0.004766008617611538	-0.016769945297165027	0.2516576227448555	0.005075848260919126	-0.19142955916591234
DTXSID6045373	1.633355696301868	-1.166622958780552	-0.10401239853612167	-3.557279963734546	1.4672181903804309	-0.9106852430673232	3.013565677633022	2.124465645163304	0.5971323833893237	-1.0566199578352402	-0.863626532630937	0.050614069296242174	2.0436904505782696	0.4406853278692105	0.1988360040500356	-1.504553521447681	1.0754084628435887	-1.63708801408297	0.17640748141140392	-1.7909516559201935	1.025037324218	-0.8043999010267722	-2.1244739478743857	0.09532287714512502	2.378361069931975	1.0047808840065209	2.6438066799404734	-2.0514818357853395	-1.3005074420975555	-0.3864416345610852	-0.5274617481863915	0.46239249875182403	0.6863419590899019	-0.5601445137912159	-0.44090543408411426	-1.574996847608807	0.0011751042509066327	-0.12253820930592808	0.1225976639748216	-0.0033859043523644184	1.8612224441405	-0.3802098832157684	-2.634360996879808	2.5499201620206207	0.5972310933350815	2.1403845438085773	-1.173839736355759	2.305612845208505	0.1408256204002735	0.09632913681046551	2.3292939531811534	-0.5725423004956303	-2.62197839832311	0.5869500972642503	-2.4133015466549517	1.481165660219184	-0.1079720891793372	0.7163523677752708	-0.06830756501594269	-0.09423702025744798	-0.33958580109482117	1.752872988228901	-1.186851255538804	-0.565979991466887	0.5819865706438468	0.5430911183447334	-2.4141902047562005	0.5220065040395087	-0.7718254947214526	-0.32375085422102706	0.21035227076923962	0.546746180713041	-0.6315086302327015	-0.04471620070316738	-0.2304156370938233	0.20473819643956542	-0.6489383220553869	-0.4829691122817298	1.2134194283719342	0.6557941372143355	-0.20442362631851788	0.9649377653701647	0.30156319451545255	-0.5428754004195248	-0.8869259588014383	0.0973210365090943	-0.2880130174750461	1.1070768564279028	-0.6834855734754831	-0.8671879034111891	-0.3912414240869596	-0.25498719759008814	0.6813200959101839	-0.7741685699878185	0.588507039588635	-0.4131280116407243	0.2805140635029298	0.033897125194320823	-0.8663716173034156	0.26392228467885087
DTXSID5034355	3.635193494128155	-6.08937996380638	-2.813547759140494	1.6260447520198815	-3.9471133903544326	6.156565065796599	-2.2963141565578646	-3.5590806044354624	-3.1860190191194584	-2.0890450732294448	-1.5403107796522866	-0.03695534214881954	-1.3615209501877878	-2.496572610014251	1.1427634990860673	-0.7370659013982378	1.7902142105674912	-0.6325601481279869	0.4817898501356043	0.10660960771523544	0.36439742850292733	-1.4288887134182082	-1.6838473654246797	0.4716941323476894	-0.27411561406503326	-0.4770223984983439	-0.20103656295656644	-0.6070372344969736	0.5705086753964741	0.9131650853461436	0.609512640157346	-1.097432017732844	-0.08921883255737759	-0.1725055989509025	0.4368422786880294	0.32247348392216224	-0.3391049531917478	-0.7899519890048871	0.13376816223673108	-0.6718491412526274	0.43500582613177663	-0.09614258991161478	-0.02736342679366667	0.25205460268810026	-0.36127036127814927	-1.0314446932366632	-0.3419476417775446	0.24474179038053345	-1.073274476381124	0.4276447378716167	-0.05199095954468063	-0.5182526534258138	-1.132234913672394	-0.4592885263092038	-1.110452542453176	0.5086342265894055	-0.7294553080054589	0.10945940280503731	0.29399562577701754	-0.052236607279114465	-0.22379706082669018	1.125388074148987	0.8695163209718443	-0.09370685385693993	-0.7261806972455797	-0.6240567611483242	0.9907564862279684	0.02176474052669503	0.5880711871521406	0.1952680974397702	0.26174423933255814	0.27864293620109465	0.19948051526608707	0.18814251906720733	0.11531522982279713	1.110811012866704	0.33784264682658993	-1.3850206028730783	-0.25038209970645814	0.050773722619271426	0.245926895338044	-1.156313739814204	-0.12916582381952052	0.06084403851301546	-0.4325293119576354	0.6724343149900823	1.086967421646064	0.48585373912800645	-0.11914471273457514	-0.3551741937770025	0.024774672086120955	-0.4361366052070552	-0.9454124383414807	0.4245002788892544	-0.06570042848092307	0.10124781532303456	0.3789403764708596	-0.8260192851590498	0.035556939650885244	-0.5331821733544106
DTXSID0047379	17.0576436185278	-8.734379974712187	0.7217374138094691	-5.423612812783531	-1.344667575680944	1.7668445572451297	2.046811595422443	1.7181984512204378	0.8205895663355338	2.4173091547488745	2.613264591642451	-3.465411230565022	0.23174990420248578	1.5812960517266461	-0.21165637306041804	1.0121343816891426	2.599506290941947	0.31570645894414323	-0.2788753086664737	-2.6539136533380177	1.9679361882912139	-0.7151000900052925	-1.5184900868671751	-0.1332674474195633	3.2258434458207366	1.4231096190422716	2.202575545681891	1.5668958336677168	0.7545473969016052	0.9217759127425941	0.8759680729749022	-0.20873955793883334	1.2511953538686842	-0.6200919924390556	1.277729979949147	-0.017533194904088382	0.10194880269447405	-0.47537341270743444	-1.3286322458822049	0.886094727201101	1.1467092672563695	1.381684185970689	-1.5354439857762883	3.5200967136820265	-1.4726222236340059	2.1492495556063838	0.3461078904714927	0.7284951841627904	1.2081541287439186	-0.13300335619206538	0.7254727137436131	0.15726309386425755	-1.797607455913652	-2.684768196424619	-1.5530742726517415	2.2466873717603013	-0.5223596136226492	1.5242606741184377	-0.3004510695977299	0.22918377919901953	-0.46125041605081896	0.08510104701413587	-2.046680945705114	1.340319167280917	-0.49669608837181034	-1.056159243700719	-1.1211582035523353	1.1444766085693154	-0.3292080121482637	1.2693371499180575	-0.7599519041076076	1.046337560752571	0.9034914350575699	0.2279067315903241	-1.5908175489558447	-1.9785533933393191	1.4023390174698958	3.722716140116008	-2.0303077274760444	-2.080421605112602	0.12513856110761662	0.5320358063752683	-0.4907561792457197	-1.1388721499794527	1.0411298122488397	-0.9918301184933447	-0.42923776861216634	-0.9909946976137719	0.9547751488393275	-0.8900005155602485	0.9459782186119537	1.5953264969857843	-0.28907163631364685	0.5088936298237856	-0.4159939588873492	-1.2895329609229014	0.4896883903233125	0.08141358673800843	-0.5438174040153938	0.027112533497148796
DTXSID3044758	9.830702595905885	-3.8121246591916575	1.7035716075585425	3.005384807283507	2.817023871256053	-1.484546342082623	-1.4505682119293555	0.9562127072869515	0.4888107889130554	-4.259524368592426	-2.4143939023922987	-1.4130325965201018	3.5933591048995406	1.1269496942439148	-0.47051206487945074	-0.19964923950954536	-0.20778159852729158	-0.9002624469477652	2.730580017997052	-0.0071584975534721845	-0.39118115713743057	1.3526626857973874	-0.14982774442933405	0.29793502344270384	1.2178042326330805	0.3520377521285345	0.01041357514526663	0.47794590449407015	-0.12522512804733785	-0.7294250976840086	0.6840381900697693	-1.3701725333539438	-1.300535256888888	-1.6052320066835253	0.4138166589130011	2.5259462828237584	0.23614712304756763	0.6246188607599806	-1.128908695666356	-1.8398106877324927	1.055915581000469	-0.34854966660389525	-1.0338647083595305	0.8299519556603971	0.18618802693666361	0.8966360465543805	0.5446622717611996	-0.7599209951775069	0.5586462111095161	1.230113238957802	-1.440876324812032	-0.027167549327245227	-0.024610922422769986	-1.2206963259717332	-0.7457494717839135	-0.28252370134317006	-1.6117587780775924	-2.728424173880385	-0.17585138171498457	1.2505483921515863	-0.777073821322289	-2.134742973228362	-0.37728972278615697	-0.892098314469667	0.6640690039523744	0.8346241983756423	-0.6610674222714675	-0.9918520227964236	1.107086243923471	0.5802822694379993	-1.6406352851822454	-2.511856570111001	0.27902981498540763	0.6293281389500346	-1.408537993624495	-0.8779017363048147	2.9622094577495486	-3.243492516408884	0.47229551728825964	1.888432143838779	-0.8746042750944282	-0.21121698978749026	0.09904056230137846	-2.2662593066432684	1.2168779751523375	-0.999137442125564	-0.511818639808743	-1.1539582224281155	0.678897212839484	0.42512394219655947	1.4572093177994192	2.2108919440671495	0.5839462353117922	0.30254557681474964	-0.4719752985834351	0.9500837327216868	0.10372380695077205	-1.0810402665215306	1.0518875042768443	1.4077297314745043
DTXSID5023037	6.50587324903932	10.345433088432044	1.8306151993830848	0.038990526626890315	-3.634194001367629	0.9427396907298233	-2.449986896208676	-0.3102680446033814	0.39752311416369446	0.39682562531843507	0.8851072324848899	-0.9637261914913151	2.204866222821884	1.3240044469312275	0.304706167939659	-0.217170286453642	-0.11862696529408912	0.9143567360418852	-0.49525896993444063	0.6007777884427696	0.6324282768070393	-1.1036751325149878	-1.0984487736446849	-0.6281489591029712	0.5614525890150172	0.08287339640417242	2.081047947999525	1.926035445561503	0.4608071533592255	1.3685048991907478	-0.008356288782062097	1.7350091022652563	-0.5250317230699793	0.8720782428453421	0.29815322833335417	-0.8820512035821005	0.22772737881917748	-0.6272247126188533	-0.34103771440662184	2.2210510783033772	-0.09425155464009412	0.8607270347375454	0.07452463268466376	-0.34305607619047823	0.10946618456540379	-0.7617947109480349	-0.07285927957811653	-0.14545836248362276	-2.3243710188203237	-0.8340928231217095	-0.3840487247373556	-0.2058197301542782	0.0038857245680390972	-1.0002539450399484	0.5477855169280833	0.05287771757364046	1.2286714548107527	0.06669904207717747	0.425461100229669	0.8411086986844256	1.2494079253152433	-0.3196362087162437	-0.7012486491592	-0.07725745366833874	-0.7622106998792798	-0.3733506676312357	-0.193550662495357	0.6622817700426953	-0.30667878952390876	-0.22426929029019446	0.5461150861255415	0.07094712358947756	-0.485993955074146	-0.05825489814223883	0.372404293168683	0.2835793119614334	-0.6339169355402107	0.6404417306739013	0.6234570139865508	0.10043018931057897	-0.3612635580731056	0.031790210288280996	-0.888335223791002	0.15689579352364694	-0.0529432035132082	0.23164346887464304	0.12161687712447532	0.08647886449813004	-0.22901348603744168	-0.2662024961689383	0.025689268628382188	-0.4881602869884374	0.10211596621546608	-0.3659972745818866	0.01844593195335151	0.16936078860395987	-0.18696271236201353	0.12214710001194333	-0.15982134887800573	0.15791679713885762
DTXSID3044201	61.69031210920974	-20.435305914716604	-1.3293477047671536	40.26939997299737	18.991038521566402	-8.548176100204097	85.16460484147136	20.423966913475457	-20.489635373638695	87.68706725871307	-34.81170931316909	70.74582235198945	20.98946212434165	1.7159046322729163	23.070553348925145	-35.98850114431361	-35.50645550116578	34.60149864857575	51.30482051500264	14.93385229576253	45.01910136633295	-17.501001828954205	-20.898564457858757	7.693416658482779	-9.285396862653704	-15.043187676382777	-15.948828879092005	10.014027684074586	5.501842415752005	13.511503839838463	2.7223936394260244	13.759073737049219	-5.1282522856334305	11.340358485006451	5.573018399190689	19.322522307354593	-6.976278872827878	18.311996074905775	-14.747540631231844	4.2559106845393115	2.4717047589611205	3.282925325030652	-6.007912942621049	-8.278193049188046	1.5550724589967018	-1.6119056207193052	-2.708140433850023	-9.618145325788177	-5.961097053703536	5.9151837649794	-6.312933652033872	-12.900302923070798	-14.514793507950726	-4.400021438233885	1.2984952251557	-3.969322632859041	17.11696469893483	2.589285570698334	-27.20707987430079	-16.03089913771495	27.38633525499332	-27.52631245484269	17.407021080453426	0.4983321816747722	-14.928199899372826	-62.46458953076004	-4.945824457608174	-23.952961950975727	-17.88933178016083	8.095414493574651	-23.288546973009854	-38.71065394119372	-6.11553606364245	-8.404729216561778	11.074149137595388	10.458651465005486	-37.69323034080612	1.7879741031869043	1.6140717144319683	-39.93070256022565	36.067208910028846	-35.103482193165505	49.81306216979062	-62.54731906821988	-49.42481907181864	46.74515147151614	-14.68104247147318	-24.355929541030427	-2.5587042326583123	-13.745882999818901	7.178621801935052	-40.504296471946	15.200504481839772	-10.379860351462522	1.7430104429523656	85.71496128170273	-10.902723816842908	-3.419449115370971	10.671680034282154	40.206928896885856
DTXSID7028300	-2.2494300484624805	2.0746788536813043	0.0854182279371514	-1.3507549391192961	-0.5449737171836906	0.5213462470645217	-0.3629060236849692	-1.5152923002500782	0.2767137768642783	0.4551094656391434	0.19441717868113567	0.051067928663794206	1.6908668314522257	0.8826188062159566	-0.8175040946538176	-0.4541671196016663	-0.3015951759818764	2.158283769409477	-0.9609663098682897	-1.1632191129090015	-0.8798868312874009	-0.08987147580675055	-1.5630157239160065	0.6776952262949492	-0.23290235385201546	0.35327259933716837	1.081667073849309	0.44344297238885094	0.2787567732389583	-0.23389700560856755	0.27472385208251954	-0.1611851107040705	0.00726343049720433	0.6709298793420713	0.2707348261169227	0.38053176603558675	-0.29310483299745893	0.8602449961039323	-1.2816104713797787	1.8520529466258497	0.47737612791615336	0.22614153036859735	-0.6457062521107789	-0.12506091520754645	0.10333758833628047	0.18022258527223078	0.12713086712281166	-1.0769337319940986	-1.145246713935752	-1.4743126069141725	-0.6149092179570168	0.25226716285989587	-0.039752483822501024	0.48006409637104325	-0.3276183932801854	-0.4936275170308771	0.7962349191348542	-0.7521133426426129	-1.440883332154827	-0.3757386376976301	0.17075583115944346	0.3127135089446281	1.1013467945122266	-0.1724084933564906	0.041917503893533554	0.4662134003964555	-0.1263825490536153	0.10334404339335043	0.09004521199446869	-0.6844575813927939	-0.14626539689515589	-0.20196872855330214	0.15913267507624884	0.18244198083818935	0.7231356519845397	0.3282630602941254	0.01922509770538729	0.30566819576361726	0.14569409728536292	0.06795395563363191	0.25879981181197864	-0.2847548737269119	-0.10174626026575799	-0.44103432594388653	0.5561665517264657	-0.3958353703604696	-0.24188478613404163	0.2721342465761897	0.32734995424702246	-0.46279929780431445	0.14651432745748386	-0.13409626964499827	-0.21911062925949662	-0.3713110783033274	-0.23913831234875876	0.03405927276119864	0.4296998063549052	0.3339473905962224	-0.019137915362397992	0.07735957597874885
DTXSID4047098	-5.671685334158181	2.1625101873226202	0.14725201781864553	-0.4922416632150582	-0.22482482440234958	0.8190273869449378	1.040048367243973	-2.1033310197156747	0.9355336900359595	-0.8881302460716601	0.3298518868951728	0.40027399231950117	2.085602613835721	0.5541033255209957	0.5244476257499102	-0.17677412457195885	-0.4723388279928824	1.471978737595919	0.7009262772309247	0.36235266575450004	-0.5965846581079044	0.8877508185819106	-1.9420923372985897	-0.011429300152474153	0.9431153283817738	-0.5114603360821574	-0.06655543001488481	0.9194635017810192	-1.0388175994845046	3.283274318932715	2.04537209941525	2.0624754641569356	1.2992296887662695	-2.344091646649908	0.22139389378921048	-2.203693656625188	0.6408585345576322	-2.8021041701133456	-3.7639378300853528	-1.8233819203745123	-1.9993642085327588	3.0223542288060288	1.6727011969412071	-3.155174897070492	-1.987289611988464	3.0803314513632656	-3.8650395747947095	-1.7171897402919358	2.0318170551265875	1.8945031361696938	-1.111947269153098	1.8546948778251096	0.037376623329441416	2.735896484277317	-1.1272189937223271	1.7630987843350254	1.0390450056411962	-1.278462590846042	-0.5455194516235689	-2.48290065689668	-2.36787787373478	0.3285606861761622	1.1165078516465623	1.3066632965357197	0.03419989187132031	1.2803574057404663	0.503515193063017	-0.29693545400848553	-0.8948825913183219	-0.2289408823603277	-0.5739189772499802	-0.21798768413736508	0.48463487205486006	0.3541861064620571	-0.7116715023327139	-0.6505323101623097	0.3956088694365515	-0.1583159509100127	-0.3245456538684979	-0.09960372866456438	-0.7032862926517319	-0.4548260433773401	0.5376918066598183	-0.6558567061708259	-0.5304406944224854	-0.42112919805137194	0.6181889603353943	0.47007548920221054	0.33248804098205853	0.6759304988736748	0.1042400002799361	-0.632402541892743	0.17223825824253208	0.23361697850003613	0.10974951081475627	-0.03634465589636943	-0.36624006896479744	0.18675323236364935	0.11526925579324128	0.027132387000268633
DTXSID8057724	1.9743600528694625	-1.1646232029055181	-2.7387130142522476	0.9212495268082049	0.8008241240491439	3.57549119055271	1.8878459326265866	-0.5822966294942814	1.6184951983397355	-1.3174374971136795	2.4129376379117233	0.8794627866584299	1.8224088878967213	1.0503769582715747	-0.21895336759405665	-1.2052864937881593	0.7802850983322897	0.7131293110641143	-0.9055382341613195	-1.9886849558460111	0.5800070368312776	-1.2751208042832953	1.20652221973045	0.1853893336908994	-1.2430264969159517	0.32796278021741615	0.7386544556119757	-1.024938552157005	-0.8371829773050536	-0.7611724285655713	-0.26552464303371776	0.4770734693500309	0.36153223302426524	0.35402788382772377	-0.3974145091640509	-2.1050970683309562	0.5950887783204782	0.6442500597900374	-0.15885428204181318	-0.7279418370661577	1.0231661326275583	-0.6573219738011765	-0.6823137793448826	-0.0033740132030777707	1.5309481195047352	0.5079965662442576	0.0174192867758555	0.002585157486909943	-0.06602901372283475	0.5636487256721593	-0.27667754543509443	-1.3567071734143892	-1.1485509662768583	2.2741639768542017	-1.0477439021569466	-0.16101800890366966	-0.415086666394362	1.0400731053240335	1.1777150189880816	-1.3209495545078724	-0.20758713263683748	-0.2488445680312208	0.038719187826669964	-0.8354859476758666	0.018602462441824175	0.024159696754462206	-1.807465219826257	1.4332822532654468	-1.580331252675977	0.6594930601866871	0.30558865566311805	1.2543981428427424	-1.6218621691364072	0.487543600524979	-0.7451468337819653	-0.37319621200450204	-0.5725151688673527	-0.68354766989939	1.0022635258059387	0.9673812624898721	0.2508963033985808	1.1197556182404886	-0.37930138802282715	-0.02974561788167927	-0.5258628201364502	0.7861814372239866	-0.1804861664234692	-0.4229553734074562	0.9657347335937294	-0.17018954950488857	0.5311976596144008	0.024387381883874217	-0.2554054379451457	-0.8333217127381163	0.031923555073239955	-0.32617914040399926	0.15381234315342898	-0.0038717271751511962	-0.9767378219132556	-0.010781358923805958
DTXSID7032470	0.4134512500980938	0.2659751609344779	-5.142769138339724	0.1332959240658483	2.0559511976745344	-0.6539403320443306	-0.2306979816726676	-0.684862315641944	1.3106007836302385	-0.2224352235243355	2.5007087944543835	0.014387612800003518	0.4077196383937512	0.840167536306692	-0.09538417162086046	-1.656811912547192	-0.49360959264511733	0.42103110803671706	0.3209887668917253	0.6067512295676242	-0.46619118914306296	1.208743175224925	-0.10449799878732112	0.7987770452714661	-0.013431251924885796	-0.6906610191594009	-0.9914221715989742	0.08815526682840703	-0.1636024937968376	0.5947223351260466	-0.7841906884694257	0.34681658712293434	0.35645923275118574	0.029178733241201415	0.14891042949300315	-0.19753026764357798	0.2825583277416691	-0.49737576247451487	0.8365136758844087	-0.11870849235262536	-0.06443049409106745	-0.6605748732086655	-0.20269949007857155	-0.1891621504734282	0.23180133113479728	-0.42219613256359445	-0.5356759883284087	0.14718592303525366	0.2372844016146864	0.27028369805977454	0.571507068600077	0.7884983815949408	0.3448206605264897	-0.8624031779820328	-0.4987328205462963	-0.18023010938631603	-1.2042881958981273	-0.15070518464136506	-0.11249307235389652	0.10840722769784211	-0.010770869309040256	0.20716780923275013	0.13457871428608068	0.3135295655237855	-0.4645289460543126	-0.6876373919217188	0.41277130578554605	-0.2934520728575309	-0.12135900774462366	1.4101919479418525	-0.14881971668098296	0.06156450451004171	0.5429567467427187	-0.3690187414294429	0.34404654914632105	-0.7048996862166712	-0.5069980088801823	0.05623901557525746	-0.1515951159056853	0.501588316547779	0.4816554248621252	0.8599538077677173	-0.17774350536463207	0.39723555639705616	0.058650335541186586	-0.5108698202134168	-0.5631042890479212	0.2892391250670237	0.406556551729401	-0.07609184020180379	0.17811258469855393	-0.48589117425444805	0.11844005254989641	-0.30226506795288305	-0.05608235534885359	0.04896825862055151	0.6662685992468629	0.3722631460347768	0.232105872181845	0.486244212717877
DTXSID5044990	-1.1415186467347334	4.9154896362566785	-1.4216920980735004	-0.8023703566406261	0.20943356157011214	0.27997609350973884	0.2845577764180924	-1.706036485743934	1.115163005947089	-0.7240365297596487	1.911557247816395	0.7339711534385276	0.13283671549214554	1.0802608116421184	0.6332808215191201	-0.48161026448025984	-0.8055541582704209	1.109701785655012	-0.04965870368154323	1.5746012151901234	-0.7058042682154015	0.17426633231767222	-0.6074008788868568	0.4152400927288655	-0.8366844045271009	-0.5715051601524217	0.4309380266774475	-0.7940496567378436	-0.11114760829392979	-0.35993142883494916	0.01590267416518679	0.17359920434511897	-0.5969390581343575	-0.1586930428612501	0.19484738097669957	-0.1390857472980201	0.5628819201206625	-0.4737287353361413	1.0756268858389513	-0.33583447034480757	-0.16799380083763077	-1.2936261700615734	-0.031072246190524275	0.12774870833434232	0.5036809052071424	-1.0526602755791272	-0.3862678175507763	0.6404694539068876	0.2167790744101571	0.26632066158862017	0.11197831499549069	0.8556808060371174	0.045794362399218136	-0.3743658584539951	-0.49444262345677115	0.22935421601269462	-0.3385021191466298	-0.8864960534630235	-0.5382521341868004	-0.35884250468638296	-0.8851927761073031	-0.34235824324296205	-0.6271874332475982	0.40097116798485366	0.29062619593188505	-0.1760414628633428	-0.5350844837190668	0.01826703988740191	-0.13685406953320398	1.0226628649853315	-0.3425744107281276	-0.7225369053645317	0.7707584959820297	0.08883018900345016	-0.309349919839756	-0.34763073130524036	-0.027199776447099477	0.7187501391484918	0.2248832839602652	-0.3800995205514511	0.1532296860748853	0.27394711900204816	0.5712774815732423	-0.28257949542877625	-0.3939622744914107	-0.17487034706667776	0.4387835790134887	-0.03791374222115549	-0.47166654533489155	0.28369806844809015	0.10809756534945666	0.03555836270005007	0.12962178448240624	0.1994251190521011	-0.055580762726699824	0.252659287161136	0.40611046711577675	0.048321785330100765	0.021152737901863054	0.143607286564267
DTXSID8044888	5.955332420579626	0.6376077507607347	-4.179798808060402	1.9381173789156778	9.681143103245084	-0.03801319547163587	-2.4037500927235373	-2.078940529893807	-1.3161588050251152	-6.024872389287054	-2.14759568207123	-3.690217478889061	0.447293723551745	7.748230535286666	0.9401081577759643	-0.03522712451428107	-2.281748025989218	0.552404703617339	2.686843151006386	2.6985317513025247	0.4958815818236967	-1.0850455497998046	-1.327136874238724	-0.23549247437711332	-0.4946924147386875	-1.6445331646191246	1.0452812378779783	1.339410230549717	0.4553673569784139	-2.6015785308579464	2.6125942319463173	-0.2538007606871221	-3.2713018553229904	-0.5532646200269172	0.6444680419820975	2.003694796726555	-0.2662200752330085	1.9636392591732255	-1.167154741894496	-0.3514712343696092	0.8034783021850622	-0.09402673330817961	-0.9073469074670474	-0.684982705877397	0.23136564214852037	-0.9005825181239361	1.0319830193666235	-0.7554995804769989	-0.6961436540142338	0.9198607769518511	-1.3226383203787042	-0.01429186062945915	-0.3517495381880699	-0.6219143491745797	-1.09110229298501	1.1486562381338499	1.540027477246578	-1.0445311504348638	-0.7286878578619609	-1.0928815396710128	-0.40515158851776495	-2.1802517256055443	0.0014540495288034624	0.4609475449174742	2.1558882472691057	1.3377594417753278	-1.8553997289644075	-0.7484004778399947	0.3742545526608451	-0.32297837903470794	-1.4538281415687615	-1.976729314449937	-0.029113818498923503	-1.2660405474028458	-1.423884887230641	0.3899299966869592	2.2630501436029085	-1.0034449364206175	1.0977167348495234	-0.28917948248779485	-0.050110455030684786	0.4787168553675703	-0.05611001366334293	-2.4504338452119407	-0.37400009148976593	-0.5921747085931186	-0.01511149430419714	-0.3666650753997123	-0.706224745410361	0.6223149408968521	-0.733259126419702	1.044145729728995	1.2441344251995092	-0.21229113141380232	0.051623061061928606	-0.3721730035139125	-0.49384596078974524	-0.5796545098140659	2.2734422221379766	-0.8791564215144759
DTXSID9047257	8.632161564106966	-1.6003251670421443	4.9601160840515135	-4.782737305265669	1.8901880320248068	3.29955879138362	4.325648505542967	0.8918767027434467	-0.673963160628769	1.127934793980685	0.3564030286618627	-2.1423501972154226	0.2596949846188042	-0.779330939541896	0.11318595547695293	2.8634528762673264	-2.1498196703174792	-4.795798226319885	0.3512213658971349	0.5675354998531479	-4.028350493495147	1.6501801653237191	1.7858355855141783	0.324192711840953	0.5013769275959484	1.1174443875480546	0.03930989875929144	0.8646446775166149	-3.6724037978559094	0.3849968021327248	0.05471601706416874	2.508076947512528	0.9184360108820757	-0.10808822352945077	-1.9174984370194323	0.6027174512506335	0.5238172604585782	-0.10924882387270769	1.5193703298703702	-0.4668397798150468	-0.07311541527489018	0.5749468109735799	0.16563376959381929	0.505488622471659	1.680169276074081	1.066112767409049	0.970085453441708	-0.5684014914539421	1.586920111911831	-2.0395024222281672	-1.1991028903897887	1.1961873630021722	-0.2389667080174219	-0.19223784188056395	1.2850444057030903	0.27044673019335463	0.274105944756906	-0.466175088703818	0.0012584454678014059	0.8738068843113005	0.8153613155583475	3.131953277496124	-0.3568833858549613	0.5969441642653521	0.34472913071608036	-0.7595619131962047	0.2180586603610093	-1.3350803046231012	0.8526600996310062	-1.068193290563369	1.3807012972761092	-0.4024375364993069	0.7490277667468882	1.2395991641813722	0.2237715869112807	0.9507482381331973	-0.24202854998412418	-1.3334817203899416	0.512610812762213	-1.5068306894204055	-0.6500549698229392	-1.1221482183959133	0.9816781789540496	-0.1650742172363953	-0.6104563980981018	0.8567551843367865	-0.1357251349746169	0.8250443935336184	0.20599586555798505	0.16019047619588084	-0.710859122972586	-0.5582626704730698	-0.23126793400381604	1.0910753563818856	0.15965547295956264	0.1761650114974089	-0.6112440573636393	0.029185452832597544	-0.7179124531108699	-0.0773289973946708
DTXSID9023122	1.4316043629028414	2.7870062168719274	-4.045893676041091	2.406138245116573	-3.5809682418769384	1.7984497627138245	3.757130806611627	-0.8257662171896882	-0.2979401778829947	-1.9262533303688603	-1.5598179879696485	-1.1801403236161467	0.4101276145576542	0.5308623329880185	0.5528641400549643	1.6074667979486488	-3.5050854683916546	-0.5168795138748224	-2.3023035822420903	-0.9756480684383078	2.566996161265805	0.29135941808227206	-0.2813070569487354	0.38964691547004415	3.5549596459272634	2.50680810740832	-0.8159216837848813	-2.466684178643285	0.7490186452361965	0.6212462739461283	-1.0469470417894697	-2.019552683593946	-0.6603700504814484	-2.2703972145272835	2.4352904851174215	-1.5868574799683053	0.7010355677509295	0.855367612553294	-1.4239243545372888	-0.7626776556950486	1.6513037745722408	-0.2865521311984376	-0.1693780141541445	-0.46152886929283754	0.6602510836381733	-1.1243377037474267	-2.069249734522922	0.24467295348072346	-1.115542429177473	-0.7109887324928582	-1.9356212849076273	1.1869352054837596	1.1809873675884377	1.0640289170843344	2.767670737641188	-0.6222258454231946	-2.7416422040615003	2.4866944849244113	1.2189647275540896	-2.737179902818207	2.2505416333119737	-1.3009156201597105	0.08379743512399036	1.0069540644982031	-0.08873156989831844	0.14919610759961596	-0.7417089127992235	0.9852968731145282	1.7786452195942064	2.367992884697108	-0.9658671013259307	-1.7335276446028376	-0.0723333236236286	-1.924106161460764	0.5181645031635709	1.0208682224782448	1.1483223642758873	-0.30420025513505755	-0.46732645058196853	-1.605212612870639	-0.83537309935956	-1.097011588365516	0.7500292037393735	0.8084694314220324	0.6786354763580681	0.61818301674628	-0.47015660123733144	-1.1505936858501449	-0.9671448186915013	0.9391603774801396	-0.48412679751721266	0.7349417370124384	-0.30520330879117813	1.013915978058499	-0.9811876964994042	0.7142527325245341	0.28539123422360596	0.8325194633035415	-0.4981152928036021	-1.1020591400917579
DTXSID5024269	1.493902034386699	-4.223520736093207	-16.853336508377726	0.6960828568483455	29.23020410332542	-1.46748035198053	-10.17874325302183	4.6368014465276834	-3.995637145754059	-1.6674275006962853	4.859842992376947	0.45039851648048623	6.49699464206395	-6.517393181881741	19.282368218798315	15.115335398141559	-1.7641221710846589	1.380111126559392	-0.33840570166671763	8.425500781220883	-3.113366296282704	13.062044773849664	-11.204386929551562	3.5851915213964065	9.108253247244386	-11.1389808254317	4.504651314164326	2.107615634428499	2.4160084536223083	5.162622629384302	17.418923467817866	-8.680653862285004	-1.7450030303366018	4.0172311323704	-1.8347661156538055	8.197003802870164	1.0158701475090188	6.0834782752301155	-9.403399362308553	-7.453560621695624	10.842350948266745	3.421992690212155	-8.94311633627608	9.843446167367988	2.3182314417431775	-0.8976709733730578	5.726529337849	1.493740722390755	-10.001971710351643	15.586840701389733	-7.740259782672108	-3.812299426371608	9.875567958411347	1.2705936969143636	-12.29036900253377	-12.911424056278154	17.48699212840183	-1.5154008781898625	15.361467502102991	-10.658661375397594	18.003088060851027	12.329716339010595	-7.243806527747036	-7.215222031044333	8.835618389294696	2.4765735990277173	3.760296701543966	2.1134722656447997	4.69843016602518	2.2356202738005253	2.884342277356434	5.446771592199369	2.413819017975505	8.132391761699813	0.5724532620686726	-1.2208483524576055	-7.9771858928349815	5.794493106067575	8.142838167976235	-0.8441890328761525	1.3574956527928959	4.029182823244254	4.947962747488895	-1.3409173613826655	3.700440602174188	7.02333670497077	2.4266110763362083	-3.4013613463676293	1.9174976730654205	3.494123802653772	-3.044385954965523	0.7720443260060554	4.117184446366026	0.9919242178204078	2.5284605975754535	-3.3463603816700287	-0.13481575726640627	0.05414530202881851	9.943613298277402	-3.192113707633275
DTXSID8026775	-7.9553452183466815	1.7483937615061642	-4.036598579839325	3.2588340683054775	0.9349100796772384	-1.3361969475964728	0.1824980000505387	-0.9040288082878895	-0.6257281087917467	-3.1215546043286624	-2.2324950899716893	-0.774571301986781	1.2547521453660149	4.3392768835553985	0.97085115722479	-1.633449608120168	-1.5139604909180808	-0.8574078800911369	3.4121885570864183	0.6812203311067236	0.7004833013600481	0.15081132197670383	0.021419931149616867	-1.3183858111086102	-1.1020172002241726	0.48270721258884075	0.24366855169263799	1.8021648786089373	-1.5812804108064438	-1.1049215371253738	2.5359666149602966	-0.2760110038149741	0.7850542587533927	-1.4257167310370475	0.021017572120726642	0.7914611357913702	3.4479938280533546	5.703825316291948	4.155837973759447	4.792183157772904	7.601781442876824	-2.175394055324909	11.968636919334553	1.3804628240412735	-1.6322236742590641	5.117431478156829	-0.7061185455938451	-1.5537918378633437	-1.5970871144023406	1.8986297414072622	-0.5760396230554908	0.8294438340588629	-0.637633416538613	-0.9579511234043657	-0.8685953143288608	0.7391423664251524	-0.0702118322321393	0.3823592766620554	-0.284297358679813	-0.46832659451667946	-0.19855947845483635	-1.6490561489946733	0.1284375565069966	0.5532437207489117	-0.3933633738906242	0.8751335584711107	0.31963767001389465	-0.7115350469911564	0.19644381372357353	0.43298899509194055	-0.542659777203387	-0.12649801941729183	-0.21770015391322833	0.012328866211010347	-0.057569492236868434	-0.0447962615860147	0.26790388970520385	-0.0014446943468579988	0.03690211588368138	-0.2169835427869362	-0.38799264215272655	-0.27415195473228654	0.20288693255169327	-0.3089829308465181	-0.16863310883198634	-0.22673590798421212	0.415454345126953	-0.09578229590139942	0.21453087830633766	0.2949638338485464	0.024069723804418262	0.02242973471926337	0.5475260675929308	0.3977945599530624	0.6213585731670412	0.03948575866357126	0.05280479660892572	-0.04225459370831249	0.33323042399895564	0.22762074372132288
DTXSID8045513	6.22117833973648	-2.944222509030311	-0.7058424759395128	-0.6140264677589297	1.117321783471343	2.747857592379922	0.30481213148006986	-2.2000109407489923	1.2820602148144307	-1.4456146081729728	2.081833929944177	-1.5802581482735256	2.2916276383973884	0.5530240728827471	-0.14275567278245174	-0.08505350296644826	-1.055047515635527	1.8035667152401527	-3.1736917407854883	-1.0388928268026094	-0.7967296552340077	-0.6784935480435644	-2.2261732457719443	-0.46622651208496535	1.8270281652132423	-0.6240450589112092	-1.216484965202276	0.4590066197996622	-0.18192335793357767	0.18682729508825838	-0.6398083411724947	-0.420742725992448	-0.31222534531938473	0.5951298154746705	-0.7787298643366063	-0.2607440603901636	1.4387220276719175	0.8263355540053046	1.1951891702157504	0.356966790333387	-0.007096663669073028	-0.4661433810733209	-0.48800511897996557	-0.8619471794691255	-0.36227969550515116	-1.7953627366455653	-0.016358973376698085	-1.1212187516420324	1.3721930893027956	1.6717076511021123	-0.11415799130719774	-0.0831087980026749	-0.35621389780374774	1.6390794911307647	-0.9060063720894541	-0.10635813579695641	0.9600972749120573	1.75177038061575	-0.9346474239089897	-0.06601247784238537	-0.048828310440636596	-1.1323121057942587	0.2768152755548809	-0.012597484845535356	-0.37207438036617874	0.47060905570609995	1.5529139385233868	-0.5983989325864164	-0.6520834216556068	-1.7101412825677869	0.6154963994810734	0.07636536366495178	-0.9120680239797423	0.9063614374457551	-1.1207673672085434	0.3446166623832707	-0.865598781614982	-0.12488716075883413	-1.0852366755354752	-0.31723163791424996	-0.2629664552284654	-1.635441729407336	-0.22887908916072638	-0.6263901481141174	0.46881261606020397	0.5481103180307825	-0.2299020266946174	-0.5036438179316218	0.47829588697945574	-0.5031543674230369	0.25238815980694235	0.34292865708764825	-0.6716359720046935	0.626250739392706	-0.4288295070698282	-0.2721552317010204	0.6283850545661674	1.1442038730980877	1.0201270867893837	-0.17390351014589475
DTXSID3047184	-6.32414633085996	2.164356740291388	1.961018676052718	1.5083876878988631	-0.2846576153626386	-0.26666903641657697	0.6316303446106388	-0.5678949563201673	-0.1439769716885725	-0.3337281941650543	0.73266951798888	0.5094630312359136	-0.7985313004177784	-0.4668732242293899	0.49042974662436256	-1.144354021868858	-1.2615035569311508	0.3448230281989327	0.07849248807221133	-0.3685092930424733	-0.7472859226810676	0.08175205228183313	-0.555433126940765	0.8326037262558672	-0.9540064131040429	0.4237378708306029	0.5601210381449198	-0.7064764413639459	0.5246996402440491	-1.3831473041304483	0.420554559153468	-0.0016136514759685465	0.12054286816722423	0.22511093199219231	-0.34279115372017394	0.2671307132578658	-0.8143946100578812	0.3296976084618489	-1.063150914573035	0.09313840287256861	-0.23460400011794008	-0.21562670686775096	-0.004671385767464776	0.31361751947659977	0.792793993782037	0.8919440751495555	-0.299930799377521	-0.35270800962043725	0.32090157019369203	-0.20368453176716217	0.2479764395201618	0.6203732502744715	-0.2693731412961934	0.10498217297026742	-0.5077080487189033	-0.09395982762783686	0.39093279644691437	0.2721947206985602	0.2364341230403726	0.1705575966982363	0.7053185093904244	-0.4760544435661178	-0.3190187263628626	-0.09242727143345589	0.17056844923885428	-0.19520296720789246	-0.35948475217354137	0.17625522237911778	0.15361294382432603	0.04520327503657785	-0.02115783093260071	0.1928697580548133	-0.2196475827466961	-0.5987370853889982	0.2989406506841197	0.2559943516785437	0.24677420651047383	0.09828835626288347	-0.0881098523055199	-0.05133792485053251	0.01047395341531485	0.01010113627742111	-0.1337663572874497	0.20052748177068008	-0.07438089142165105	-0.2811558652081134	0.17596707035262213	0.01915628449879089	-0.24963907384099365	-0.029436157945984833	0.1877899926391303	-0.08226064795206277	-0.03169923884227153	-0.044395876599605116	-0.13526882514851257	0.15828811225535327	0.2263231343761069	-0.2313176532509227	-0.2701668933452863	0.035749971824997624
DTXSID0048505	4.527275282949672	-5.013546158617002	-0.36093227261438565	-0.41504774635068087	-5.258626358957266	-1.1455354539582634	1.672155551453838	4.61301377703328	5.40911996890277	-0.363495639729039	-5.594908718876528	-2.9764498749470376	-1.4400147778407992	-1.140151344252758	4.8178273661996025	0.869630533745877	0.7284795377322021	6.143190847650534	0.8249909686543	2.667295962683503	-3.9067232282729267	-6.3079118714468	7.216120639234652	5.795193200410502	4.680256190288441	2.060779918362166	-0.6737978894072024	2.028948433777047	0.41263320108698753	1.4734822909504042	-0.5960150306008783	-1.5933406123110958	0.3505476926861205	1.0156508009530312	-0.26964281663104056	-0.38036831835373747	-1.363759320838996	0.8965808186831244	0.3705527497183214	-0.26068058147090906	0.6888435875665918	1.3759968083857632	0.16571619270651394	-1.4136442902846373	-0.48705988788632476	1.0764506989076188	0.5126849949062625	1.603581860793531	0.5963719674226059	-0.7223470681823769	-0.10214542370567486	1.2276749934168854	-0.9532963952570319	-0.05817433660237587	0.3788585757431296	0.5986938348608334	0.8281299546039019	-0.5580557195380427	1.7559639468742452	-0.4066057428644306	1.1807032289696018	-1.560624138454201	0.648669897826265	-0.6952931298688716	1.1298062267792484	0.533321942019733	0.07461750927470473	-0.6676609361749236	-1.0459923359297965	0.05129280451921894	0.8497238136807427	1.4591856028099552	-0.7414627091324026	1.1330662611590396	0.18273331962179254	-1.4096943959789172	0.4698285667288281	0.9510071334282921	-0.3703092556522721	-2.898213126429712	0.42648128299115623	0.03752367410339071	-0.6766533051647333	1.3227659316632452	0.638102161896809	0.18626109324408155	-0.6863248688015482	1.5042656929983258	0.7752750542380296	0.3810094519105541	0.9243496968962398	-0.5766929389244944	-0.33523698022936566	-0.8970081985965349	0.29965397259413035	0.05678010525748848	0.508149064801375	0.39872487938672135	-0.40877315014208715	-0.6415258949386315
DTXSID2044767	-6.198341242764454	1.5181240501398847	-1.7487954724585415	0.698808129642789	-2.0853936472648997	-2.150418598239151	2.3838814251544416	1.5896516035191437	0.40857087195518826	-1.0347384455160689	-1.0724897450477715	-0.08282391462944565	2.3896801959125162	0.32042608104178844	-0.7432550439846979	0.273568887175449	0.28511634497415034	0.2825069861057704	0.8965469415562738	-1.000450134239326	-0.23136222862729666	1.4678388689237043	-1.7835018102817732	-0.43811982911882236	2.1570958368184594	1.6469495918125632	1.184986985784534	-0.1361031718262788	-0.6338260749178815	0.198703821493604	-0.44787174627926996	0.3939110664519515	0.22213553811105285	-0.6822239948822917	0.125176931713774	0.06783720452199918	-0.20497125258642776	1.6682604024639647	-0.9285666395627145	0.14618153637435677	1.1769593436797945	-0.2612220763105632	-2.6325110827371496	2.120115740873586	-0.28124854278602707	1.7782344890365156	-1.8333660931235476	2.7410531613559903	1.6292743867912316	0.6146724773507679	0.7990970139941609	-0.6387531219226216	-1.5700132451706024	-2.174538057782167	-1.8268956524194089	1.0389631266208423	-0.2693246548425183	1.0788376875200147	-1.080314063328268	1.2026665162579784	-0.8280367782100676	0.19683634365735964	-0.03696957538859156	0.6164655951840435	0.493668593491602	0.3954489024594685	-0.1184896911159345	-0.2324178944165315	0.9168706933768488	0.8798301327819318	-0.4150660554565483	0.4149030345272895	0.45979579244149865	0.40801646209551024	-0.8293182358808558	-0.04553952006909313	-0.227364032069779	-0.13889393858220409	-0.056926854919378066	-0.4290631330671771	-0.5321426219641396	-0.5222437047493905	0.2970217655761355	-0.3866457830206676	-0.3633743297894148	0.10870288574001777	-0.5030184918561904	0.49926004611337865	0.40384196916613124	-0.22659475016979788	0.530683503183136	0.7022317128494198	0.3604955449120294	0.5091752286893493	-0.24765843829423811	0.0340105338158081	-0.005408320789284933	-0.4715976101568361	0.012206815037937373	0.5940583925808652
DTXSID2023436	4.361959211273153	0.3999176568757805	-3.411365748330223	3.9641032156684104	-2.967618188995131	-3.5917493829664844	4.93541685680574	5.009534086507176	0.04989873161837108	-2.325870884300347	-2.097889781476467	1.4460430663584718	3.404750281951727	-0.9141991601042533	-2.6538568883827747	3.1880954421644505	1.0002087000325575	-0.9528549331881757	-0.050321690603837586	1.1009468022326188	-0.8620350402683722	4.241003469360857	1.9325168156329582	1.2455946318198843	0.3772634922736913	2.5497350239624006	-3.575477000981798	-3.3477256625952854	-0.22298773841872402	1.3420838808444102	-1.1024158015073848	0.003834431874761189	0.2196597394415543	3.240752804313917	3.064578757046639	-2.5959099160486843	-3.702544111608355	6.458693783330261	-0.4330257851410117	-5.151270472620948	-4.136440806410071	4.740609265253534	6.186813797840271	6.791829694949166	-0.9503858693209837	-4.166194925531764	-3.218646508480239	-1.6161319862150274	2.134786477778033	-1.2377862534329265	-3.8569154783717816	-0.6488175340046319	-0.2309312782135797	-2.1316229665555033	-3.0287291753810215	-1.2791767741107882	-3.9354654679288683	-1.1462460950927045	2.513202158440626	2.990117170256392	-2.8384581910663256	-0.3379701020253952	1.4738602151433495	-3.1795514546228203	3.2316200601826024	3.010651215930285	0.9763706337958172	-0.17495617685895404	1.6016192054978544	1.4590235395520503	-0.5630799292371493	0.4852049437047723	-1.6262973534867637	-2.014281347305128	-1.603396098532957	-0.9206633664356464	0.44963509839290083	-0.7784788158386331	0.1845470271009837	-1.8778759462665937	0.6810474225329443	-0.48893662389274956	-0.42495914223563347	1.0863236828212148	-1.6463266379418193	0.2369877320668542	-1.9355918293459131	1.5067723039987229	-1.2434663938955548	0.7400918736994867	1.0546886750133684	-0.07773599329419174	1.3451777678942742	-0.7842394644952296	0.6633071036077627	1.1335395936055581	1.5519885599220686	0.41942612894866693	-1.0025226039714767	-1.332863553759167
DTXSID9034070	-7.360000891434857	0.15380574057137814	-4.814341379924189	-0.6156869725454521	-1.3236239246993582	-0.8885205908203642	-2.264276591385928	-2.2045484070888186	-2.392019772664499	2.8216623978032827	-1.9137884831567114	0.013406943191409304	0.07758825748642889	1.5987102548732413	-0.09013273897591323	-0.8299003912153728	0.09413819187501746	0.549151642286811	-0.39507149957570437	0.24921450740445747	-0.24668211219229705	-0.7635727525263283	-0.8420380753140645	-0.2596480804166072	-0.011983038882355674	0.14465709284761544	-0.21921871324908385	-1.4966692379001645	-0.44444853082247326	-0.8809319379510698	1.0456603453747957	0.27880413551342964	-0.15739734109483453	-0.11662526552352787	0.26328936959924965	0.47810271165329826	0.7315307606678503	0.534006406231863	-0.3758269103596588	0.2902952173034992	-0.13154740300414705	1.2622775470441954	0.3257703600649469	-0.45370240589381283	0.20315219078763075	-0.1726383839831556	-0.16912081213656632	-0.4622352154935693	0.5486152164019678	-0.49483330839498324	0.03545193104190719	-0.9084106843526745	0.6355417972165347	0.6510410305719271	1.485481942556916	-0.07247696456703988	0.004035238581165892	0.3933995579626662	-1.1146560700295667	-0.10503589696041747	0.390971039248899	0.10510466839970353	-0.7697587476507453	-0.022581784996164624	0.4530549308535739	-1.4233215726840582	-0.09117189957292322	1.6556576340289433	0.9740117181883553	0.22344362014834163	-0.29250932936296914	-1.2193396218340737	1.4022659352602334	-1.24603112466262	-1.0053320037911613	-0.41338232185045126	-0.9994307940910641	0.2746012596738207	0.6991083415477779	-0.05122378654491537	-0.5502154835169235	-0.49922138217966233	-0.577689256349924	1.212659513144933	-0.6485648317079995	-0.16121737417655205	-0.3361330242099548	0.7790807867414856	-0.29823922142753384	0.16403387729456687	0.038396329388109614	0.5870409574526133	-0.6535941178492982	-0.3326392818269823	0.19175094248219013	0.568455895531929	1.0777859910052006	-0.09365613845055812	0.31093585662681084	-0.027191473144554272
DTXSID1048675	-4.2697505004936405	-0.054452398369896265	-3.037708729473293	7.287477995765637	3.1502850725733267	-0.5222435252668751	-1.0483236925901893	-0.14426801634957034	-0.5429284537490076	-6.026311250453213	-3.3937163401833037	-3.415302099229431	1.0958938534496943	9.337857905240323	-0.7049740319224898	-1.625583208587125	-2.4013784958683284	-0.92690624015242	4.821309217350651	1.2832846107714908	0.5189900901721154	-0.48537047243044307	0.8792368205878335	-1.6820471095121854	-1.215854818312881	-0.6115839459071581	-0.03656993674813669	0.012519136961545194	-0.22249717180588366	-1.6592230609638645	1.2005005608996882	-0.06301055247630286	-1.5099470212551285	-0.2358442782632829	-0.641560288906442	1.3617682347670532	0.09970646154246905	1.9976500714086047	-0.5297971610929109	0.7403240524201944	0.30111910189844787	1.2139457787208738	-0.5464456004830407	-0.9057422147647162	0.21835650529568865	-0.8685613154101828	-0.7429742239279408	-0.8695282153784915	0.0016037628527046162	0.16895115538504282	-1.6057621405284692	-0.18159355750052894	0.014685733313941742	-0.971071462360474	-0.7645889386504144	0.7420129734286817	-0.03636024050365463	-0.6503026731688653	-1.6455555251557217	0.22805378333626572	-0.5396221823825798	-1.5215712415642797	0.515189807972681	0.48439482951993	-0.11691739262275129	0.4825997465619037	-0.1104179839231031	0.15471020047773354	0.699119584641828	0.013719805313516426	-0.532742288662884	-0.6583527369945094	-0.2618203702032163	-0.3280756284223532	-0.44841076221465526	0.5882198973726944	0.4633237807230365	-0.12177185446050938	-0.46721968058443236	-0.6028091673284808	0.04919820818632997	0.14680007456386915	0.3926217155116095	-0.20603926740640918	-0.15977557626926034	-0.07306714069809217	0.07370052269821978	0.6776246847729558	-0.4256830644538953	0.10408897109726978	0.21927759143256764	0.27252363396605017	0.09300346257896656	0.371081844763828	-0.2767412085144909	0.134075984245601	-0.11206947331816508	-0.12531218725743679	0.0224603275031244	0.25708164468022365
DTXSID30170109	-3.792777325431412	-3.0056623676115186	-4.400542814693889	3.324424929999677	-0.9607206776633014	-0.8480859441146931	-4.499091627003233	-4.349853260522093	-1.0449796040914725	-4.936841250995961	-4.460977621162316	4.42259062289168	-1.1424158031115839	1.9622805807244634	1.656643382441965	-2.79170247777283	-1.9550345661873136	-4.223998034732183	2.856448879563317	2.9995343854949	-0.6235360674604765	-1.2689936229758199	-1.0379428268841726	-0.5549129226416427	-1.9236680554216403	2.761585132745159	1.0319292413116685	1.0006251596270082	-1.6788801244473324	-1.2484787883515438	1.0399132536558	0.5153573733763984	-1.6123095700110182	1.5814521593287427	-0.42029016318315	1.4180843979926445	1.552916272958518	1.3579212402663943	-0.16991710452823977	1.2858248973660957	-0.5828292498955263	2.3810324538404712	-0.5909269147106798	-1.2056783947355807	0.9113213275069934	0.49070344547183353	-0.8578877698608383	0.09109166917042806	-0.2354767605038915	-0.07879988245345727	-2.4349381998930997	-0.7322108953890519	0.7173663339777707	-1.2012428613391044	0.32659173069902503	-0.05733338354524992	-0.2045070545750721	1.1689235042431374	-1.493295396159646	0.2520620148116254	0.3315495236759627	-0.7011066955868602	1.3067314964050556	0.2126373445772345	0.5032347339707091	1.8531909968454274	-0.6738826263918527	0.9621941945549269	-0.0012507133057572642	0.31404913187246375	-0.9859202450857943	-1.0571364617059544	1.2236175987641373	-1.0552957453260507	-1.5874238438131072	-0.03352553541704889	0.001565754404468815	-0.21802948056297425	0.03929545258243468	-0.8101385983685909	-0.09225684093234104	1.0128427884366173	-0.18345115884864108	-0.6909968280038534	0.4081062712655882	-0.7285001085642613	-0.13017671276020568	-0.3722251336282169	-0.5890788694901473	-0.00039171858371497977	0.5224933301643663	-0.46694001518483974	0.08064193697271954	0.11824194887275091	0.221269966340684	0.04654991892773815	-0.12672533633892452	-0.04607671700808929	0.5275016886698567	0.23361527771788557
DTXSID3048996	2.5897277849769784	1.1894231758709009	5.224604642491278	-1.252754526093428	1.6846862040432782	0.0694300103036086	1.8908914038791123	-0.3665475099254529	0.09136777819457888	-0.1467081716941021	0.6905566652837046	0.13423772547118779	-2.181263047600833	-1.2327490885631207	1.260690496781616	-1.3646040751338684	-0.7850697426946812	-0.19935457684119012	0.6819569167170968	-0.27792944442730894	-0.6834413820591388	0.250963219345733	-0.34674754610366026	-0.08308721738336897	0.3167088767274288	0.48143944373124514	1.1709561603989942	-1.1624280247326007	-0.08973561020503139	-0.4828296911773049	-0.06431113659329793	-1.3578217408403583	0.808218854440187	-0.8860905310698214	-0.07821066660926473	-0.0551259955194399	-0.6611793529803333	-0.6365684729392139	-0.8720834638954366	0.13307530002252937	-0.150393309143764	-0.9419611790688234	0.29063011928226873	0.8923763368185681	0.3163230139583165	0.5421532946642807	0.060407865435422856	-1.2362427205435251	0.5708716723925688	-1.1312471026051791	-0.37555684217391694	0.30095620025765163	-0.5157423499527751	-0.575774613080107	0.2065172548665126	0.6226638627650262	-0.17437435751813718	-1.4584239216716706	0.5228642486421048	0.49619017641592117	0.2237400979537909	0.8101257695268831	-0.4626595226922742	-0.811643563403802	-0.04522091776065082	0.1594916732649819	-0.3433768379178391	-0.5708138701942906	0.8638530171358999	-1.1232034796878776	1.1959638664576773	-1.4855040543834548	-0.665727771479811	-0.3834955951288444	0.2736916752853933	-0.004440372763896245	-0.3692924444487599	-0.18020535228414847	-0.06174768475594918	-0.05594943561995726	0.6197627568258479	0.22148838483395517	-0.10853511210231676	0.008805589178481414	0.6624010100883164	0.6488719060746552	-0.05755336776551195	0.2045903628373659	0.0475379633235968	0.3478275956723871	-0.13868908622972081	-0.8086426269933059	0.338344516279505	0.6636762242246046	-0.08434147636486526	-0.1023968325505259	0.6727645811514844	0.5232552176950055	-0.6570296424835478	-0.5557119349798175
DTXSID6046181	3.7712727807699196	-0.6034020180675681	2.441645565623739	-1.6652478842154201	2.5908058465953054	1.7706062743886668	1.0866539665489336	-0.9774324245581966	2.1391710569095466	-0.587872705299549	1.029830609597374	0.3609197879211981	3.444960986438962	0.19732601827175233	-0.19795013204293282	-0.582148320758482	0.037922666736089315	0.4926733376538879	-1.2772499726090722	-2.9198952908240177	-0.6119626467445194	-0.9518691607999471	-0.48747354097538703	0.5780699607377036	-0.5466836005548865	0.42379296458247345	1.362104183189787	-1.1582816380265437	-0.8488490525462677	1.1218768237937997	-0.058756020598587914	0.05800676393699602	0.4049870628090058	1.2048693271433373	-0.06538893346144216	-1.2683283175386457	0.13630898791685503	0.7921267119678201	-0.3268929592144995	1.0655498582580942	1.6014731213042348	0.8192868941732927	-0.43657909180284904	-0.7319751794154995	1.2172411701232495	1.098471595638207	-0.024668991865809054	0.5085610469804699	-1.6713228682878702	-2.59059503031293	0.12201984831798635	-0.48628417371439736	-0.2832723158341845	1.8385337014089307	-0.8659498538508716	0.5755615838071891	1.0792844602894331	-0.4335462937828146	-0.20017844088109948	-0.6445497108586997	0.09403550317295602	1.7085124704517782	0.8291262684581691	-1.8635767632189282	0.9325359525469379	-0.28584782398283326	-1.7535292159750875	1.393450035189042	-1.8611457615871732	-0.2934469710288743	0.41162613160821704	0.5169471313427881	-0.9191535230893999	0.4866575070163159	-0.06994421652642836	0.7049570432195948	-0.4627981479965572	-0.787394652068631	1.1854459495271499	0.34546283846528675	0.3477021418543057	0.24640124423905943	-0.43989084263184797	-0.3072573324711722	-0.16853677068645417	-0.329104495718558	-0.07981885824824271	0.04804499683463861	0.7584241204794284	-0.3201636986764636	0.5676500046210455	-0.02325679833747365	-0.35578993527344094	-0.22493624506610968	-0.10295088366395877	-0.4470571114016836	-0.1014188648575009	0.07607373820490788	-0.05642121101314175	0.3637807324320005
DTXSID6023523	-4.381458746893612	1.8799615677437496	2.335788578708872	-0.010141854584285506	1.5825637122475529	-0.23318523063297356	0.7666331443258699	-1.128311899904307	-0.771292869777446	-0.39003552670009134	0.6586474452751355	0.4238679396626455	-0.8974261513205953	-0.8477857575990598	0.05936077766017614	0.09223584311308329	-0.4617134993102676	0.9540038042316745	-0.4373857942552852	-0.5163127590348715	-0.5172037379084801	-0.8654796900715594	-0.3427950540921363	0.06839272900085921	-1.6074896837749995	0.8366198638251818	0.4049247401184781	-0.4941567117105685	-0.24580723113499162	-0.10042177396418439	-0.19691357226201647	-0.14927441722717288	-0.7469430343449697	0.08676185599479769	0.5389935869736446	0.1764847652291821	0.051268243105088714	0.4619332226471452	-0.5330147617350376	-0.4365257002184875	0.28971759881290526	0.446734290483673	0.30679903687812166	-0.5882086700262047	0.3666622640874705	0.029883505960352434	0.26504930798217496	0.7595960016055796	-0.02035544929389739	-0.2187608572732278	-0.6263274328369101	-0.5303302081707544	-0.10628671894461811	-0.7430392069662577	0.5275471951343638	0.32126094790502374	0.23024423605373273	-0.7666037008551675	-0.4529589991783909	-0.28742866253093463	-0.5346705862699609	-0.26967669372005965	0.39682261634286714	-0.2119795446303662	0.0634574828143306	0.25659210797891974	-0.9681815114973202	0.17296435796541137	-0.28359192534101435	0.537786017456602	-0.053205999083391485	-0.5272897558543475	-0.0434806128976118	1.1489016736790925	-0.08772706229087208	-0.1611191297839141	-0.8802885680018228	0.30339125265489275	0.04018540263666533	0.45953791971653885	-0.6037102210656472	-0.09943177376174374	0.3342464549887732	-0.3984551090183556	0.051093131419315416	0.07029420314877703	0.006851473993802106	0.25659888733119074	-0.03951228873889944	-0.2647239881448852	0.13674635999671594	-0.04193878452577196	0.08319617852890467	-0.17535484100591106	0.06191194788184033	-0.3712637047799507	0.19552567723572634	-0.15055264408093463	0.05048799526254458	-0.10002770469902594
DTXSID5037577	24.477598379775888	4.249097585073941	-0.6201741333289418	-0.6449029078197518	1.4916091941395055	-0.01742069021439164	5.609399713956894	1.2520097558728154	0.2828524086539968	3.2374552004263912	1.6775956884710337	1.666001539115835	-0.28909033949762325	2.6357090376882346	0.7355056015121632	1.6314626471370264	-4.769771441298347	-1.424262022246868	1.145121183741668	2.250540193491135	-5.233663617176462	4.694556875654178	2.313104892885467	-0.48955407756051483	-1.9317486792183103	3.964710516086934	-1.358969575967149	-1.2025047125672037	2.059022032113469	0.12931009921895426	0.974590915815915	-2.867213807090295	1.2876443077947566	-0.17151356339677978	-4.016291874515019	-0.08947153654407573	-0.9790339404299604	-4.431455577391107	1.6596893257148655	-2.5525300048665303	-0.5050973352003385	3.4972043185120243	2.357301477696477	2.191609118205884	-5.243166791291816	0.7579664329755986	-0.26214187075338824	4.851456884362081	-0.14657237243806626	-0.8525694579997597	-0.8355921816075073	-3.2978132515231406	0.5049995947394031	-2.806314137886592	2.0694922783455705	-1.0839835871303711	-2.7362846074875824	0.7598494389271075	-0.7419553775258393	-1.559142291053413	-0.6023048634807789	-1.8787561439068443	0.7281249998405778	-3.513719523245764	0.8908161119362791	1.171027751365323	1.29588264119772	-2.6864873234677886	2.7924013129093184	-2.4364544700010313	2.972849987807399	2.805810032168157	1.1069317977955617	-0.5493666185352284	-2.3476362239256465	-2.1118738076178887	1.0198678574437172	1.9386409480948816	0.15660192135418913	1.4886812184462659	-0.7113984507506881	0.6397066330300447	-2.5332874330721684	0.03699299391990194	0.9737637664341517	-2.2519598206213263	-1.3920041669836336	1.3891956069019533	-1.0532345005691628	-0.27110736754250103	-0.26383884358654236	-0.0025994446610978286	0.5098521978414354	1.6820389603061097	0.8525087679257906	-0.8410903447938531	0.9874085489458758	-0.3871085614671454	0.6147368698977218	-1.4359316807252067
DTXSID5023900	2.77862736576177	-3.6142880722424886	-2.6884565685898463	-0.26531847202198183	-2.326899839698313	2.8557939020112664	2.8310365816175125	1.3728897662384294	0.35869899118132426	-4.385815523312961	1.1915951095945647	-0.5554276581928489	3.301162612472857	-2.080664130876349	-0.8245065748882164	0.40993447712512343	2.142846460923903	1.8796287069719506	0.5079416934273842	0.9401261892970012	1.371714322126648	-0.5353856361645066	-0.0950479101079998	-1.5786026128579742	0.0287113458050079	1.0141528280722203	-1.7724456222596081	-0.1341007184096691	-0.5157472062865972	0.948064869372145	-2.8615447123776856	2.247870001222929	-0.24890305109183175	3.474757854781011	1.6780939040014955	-2.069104425754448	-3.6136851837447566	6.423595603276376	-0.03234863398097953	-4.433020779621859	-4.411472546242333	4.184725185133202	5.458744794149456	7.72948668114043	-1.5611232506689805	-5.9882652672246435	-0.7067906234944792	-2.755220896200793	1.0254360773839897	0.7243331069561205	-2.61282684719758	0.4845226227667752	-1.1672239567746878	-0.13463777808997826	-2.0985391303598413	-0.5530309084717234	-1.571418855558911	-1.5463854483687918	3.1189549730589996	0.7968163452429505	-2.426774795379058	0.105269072111699	1.4535868566578156	-0.8059384896094569	0.4074965750750929	1.2138883566166183	-1.823815401782082	1.3601819300074436	-0.42755354940945745	2.4051855408555074	-1.4576933470920101	-0.6185359653069534	-2.7128576815610543	-1.1275490031278237	1.2193394194139846	-0.13288303966656706	-2.0220078588327612	-0.5441213523246844	1.4623244259812433	1.4412262962923992	-0.47603295169174314	2.4022010476619804	-0.8791298783045726	-0.3362738861258621	-2.190147513835057	0.07116637562352782	-1.7237648582558822	-0.5645775631584838	0.20517832495703534	-0.7883403157294888	-0.5110736569497775	0.11880273807355578	1.0201955824472688	-1.997982036974075	0.8841892475057535	-0.2742618094917492	1.116986522878591	-0.49326076928710527	-0.4766700609134232	-0.17359155493075484
DTXSID4034869	3.1118769211191775	-1.3822006730779608	-1.5811835958376819	-3.7385714240061145	-3.518965072908437	-5.7093176315847165	-0.471422415574264	3.127486061916231	-1.4542773110129514	-2.59202004101576	-1.95627697039595	0.32577489243424684	-0.31301726013417946	0.6018339243066326	2.6797103353437834	-0.7471685001205927	1.7061662699290425	4.640304829131194	2.5637300177164275	-0.1179145511524474	-6.260211856522288	-5.4249341457752775	5.742627159978167	5.19611654767376	4.770654294630634	-0.8460815134445717	-2.533479812880993	-0.497573380720981	-0.17709156381483282	0.8899725267324194	0.4400376454804302	0.022181779435158026	0.2716188273150918	-0.0245681871151938	-0.4827824164681886	-1.188450551116985	-0.6307309230184032	1.097632860942691	1.0209702694789262	0.025229378789504313	0.18840667831502564	0.32411915864930685	-0.015385951548005409	-0.9094806146083481	-0.6618094421019518	-0.29834805826504224	-0.8232817839375672	1.213404261672597	0.3686469640452514	-0.25504480160808335	0.7070708112376649	0.37215932439123883	-0.8330481917187941	0.7467527918365882	0.632001559013336	0.37457054079343455	0.5845462687878172	-0.1515364740082955	0.34002693736430556	-0.5178239174715138	0.8067275371712468	-0.008055952127705941	0.3050512491939873	0.24617208849740851	-0.8161896655549787	-0.2945446216351309	0.49703902501066133	0.17522341868620162	-0.49208105544479697	0.18841074865176644	0.8513266384485108	0.16105626909664578	0.4616684710084777	0.5000615195489776	0.6424504889486945	-0.013864432436893524	-0.302576079701769	0.32381526356059176	-0.5912010377201989	-0.2710718644530684	0.41851123741261037	-0.42458109322224463	-0.2555883977292828	-0.007842479276655939	0.4576201298791379	-0.21981774134452203	-0.5016806481572368	-0.6205507751441407	-0.05842315166900935	0.33756186701139707	-0.22324783302556425	0.2829538271223979	0.5590376498050611	0.11920822389988942	0.05978993168923635	-0.11072265335919207	-0.14457072738058063	-0.3934982322117856	0.22549755448308959	0.15668663208099973
DTXSID7048873	1.907238274734001	1.0984462480837993	-6.378552850314079	2.815705781902534	-4.311860610354744	7.407470088077351	3.0576596214470806	-3.2056232156096356	-4.151792600061771	-3.447689176857999	-0.6147058031602735	-2.477658469787722	-0.3925509462311659	-1.7610827500781485	-0.5241430993913053	1.6843031612292305	-0.8629286463368933	0.35165148937013435	-0.4655961553269569	0.34616689705492387	-0.5771066262071576	-2.200071573745583	-1.2062284567000392	-1.1983053115043116	-1.5351972139334613	-3.4665682587773485	0.3331542425945938	-1.0374563668670713	1.0384464217742562	0.2052707308870783	0.777813880527932	-1.4592074452475294	-0.6458377793224097	-1.3821017929600883	0.9397538932790641	0.19742519250566232	-0.9128965652533753	-0.7103593602782163	-0.156112423938396	-1.0398345628095942	0.08893368803166019	0.24302746908640893	1.2431842640797321	-0.20144302921201088	-1.0964497958887427	-1.5356807967271713	-1.6309966211550813	1.9444444724119356	0.09429838079600683	-0.19295352849585037	1.1849535109325096	-0.18268160616316365	-2.5326576309366837	-0.9020509242430576	-2.1433676482317408	-0.9732614201722146	-1.1876766431208579	-0.6280359772546054	0.49744748281861456	0.20185341840407395	1.7666095748549666	-0.7183025870480668	-0.11580787551676866	-0.1641447737350188	-2.3422778104441115	0.08447818601618144	-0.6424587852920512	0.4138029532098654	1.2704093180943365	-1.578330196186218	0.9467235188695122	1.9864732750806486	-0.7240584944723492	1.2401315260389836	0.04243963185070726	0.47434231593930987	-0.279699134867118	-1.086777139087787	-1.6432191438348067	0.4541674328442037	2.3240599870701324	-1.9313170104064792	-0.948450470090406	-0.06048874894008493	0.1740142781475582	0.07924794016961803	0.2629851624179464	0.3671833092836093	0.6432286102766975	-1.5823368589568596	0.30016698246284274	-0.9846488128917728	-0.34042352218900285	0.08228635710760651	-1.2748926597575179	-0.2712850815023466	0.6586193574282053	-0.11682362434091181	0.4347808211826393	0.253819557074921
DTXSID5025312	-5.56625482429115	3.2275663081964368	-3.47805967087295	0.27889862160002143	0.49264478733240313	1.1004464037035404	4.799499943746687	0.6341825615698329	0.2612362782166371	1.2549163450316339	0.15743279417854433	0.806838219990466	1.840194885957311	1.1352394656699358	-0.3264845071450016	-0.41510964035682885	-1.1467879417567628	-4.197816074319415	1.0674507765257033	-0.9272769570048782	-2.573110935576232	0.04476120042543338	3.407515013409697	-0.8675254844557836	-1.3854001946014236	3.174337169000129	3.329361618593645	-3.046104633780186	-2.1947139620279215	1.732183233680639	3.325485783847564	-0.16410323391280324	-0.4492426833473061	2.671658796905844	3.714728069204233	-1.0404181907669479	-0.4230462847691255	1.6152871529108128	-0.15716184110799605	2.1786123867404754	-2.023491116238328	-2.0518810043286213	-0.5595287425986746	-2.048283641087313	-3.2693551915973895	-0.018479896084741623	-0.31633299403785026	2.6835725145451983	-0.983227263095309	3.215221205899513	1.542836720078072	-0.3033666624440392	1.3829911573024085	4.242834655990535	-2.2069328485554354	0.2141857299129547	-0.6069410466616982	0.1511310393905411	-2.004646209184421	2.011562427857109	0.6399919210568745	-0.2815536200224876	-0.9187917066102574	-2.794808115421119	0.5136508873923014	-0.8714701811881583	-2.0613081995423674	0.983316936839965	-0.3182755018483969	1.125339085403531	1.7064128265086262	0.12862698831347677	-0.7314404492668122	-0.6474630221847051	-0.20867662119871733	1.1238440339946913	0.2993246030093234	-1.7590386519893666	0.8833949294893502	0.3315046062596673	0.8185603132849705	1.8849506459320062	0.2384344935126407	0.8146121075435551	0.22534597250377522	0.7184043384648584	0.17971927143166266	0.5883325164928738	-0.5027031567887296	0.8229476559846233	0.31418275669340723	0.10869188308493753	-0.6016336913506712	-1.3664445633239033	0.28414470577414797	0.25796902803907024	-0.46338068586231224	-0.6486132187386642	-1.4253505316293527	0.21011127970439872
DTXSID2023193	10.115811918374245	1.929010489783625	-4.355016020548871	13.952871678513292	0.6933506145410753	-6.3865518676305175	0.7422302473946868	4.5173437052302985	-2.8056603820001995	-1.0821110477780342	-4.022487512963318	5.390516142010246	3.4622456320659563	-1.3522943136274241	-5.274671295266847	4.188267008077459	2.4970185048607747	-3.4445061157811576	-2.245323525827485	-4.012173361511902	-6.328020375930865	8.000200031781732	4.5709036211074485	2.4633065050576812	-2.7938959909056487	3.9888659652003966	-8.284592967309692	-6.047337996988377	-1.7922157370450293	-0.10404761953495659	2.216357380799647	-4.840771391828836	-0.061807115891107094	-1.2047264342138548	2.027828911082948	0.6074230178409673	-0.5954091919529082	0.6776452151062167	-0.22918800881253512	-4.101698827001086	2.3806425896771866	0.08237377231624783	-0.17639158032028884	-2.2436130694501935	0.776611061664309	3.6698286571113683	-6.094533303099465	3.2087442472022603	4.451883632880535	-0.3522510333549778	-3.271946952369942	-0.2760537735352658	-2.0024587937218037	-2.2621866203278764	-1.794292988772807	-4.952960692852621	-3.3455684182915735	0.5514619814535552	1.4162148012975917	3.926321099522609	-2.0184696926558914	-1.410459815059594	0.6755443468304421	-2.9649825246073678	3.2037480969208785	3.6665914716342796	2.877156394144579	-2.652947963628964	6.444674882850142	0.14802157169489874	0.6070714580158626	-1.8111163906085528	3.300532462967159	-0.7906332640753022	-5.048385481337584	0.4442910010286617	0.960728880594875	-1.312133476661209	-1.2972263764041694	-0.3551539500363679	-1.952070171929993	-2.402471690793616	-2.0701436986574735	-1.3193714601855486	-1.771274149914361	-1.22772515429786	-3.09044017613031	0.8391937955858956	-1.7116838170200999	0.2065117728008067	3.2400197677486036	2.6834774365607696	-0.08721467478729329	1.0232423787934108	0.2585191234027971	1.8073589488119082	0.208806653523631	1.98319732198532	0.981841816214168	0.0831825317374465
DTXSID1046182	1.758933721328056	-1.520880201134717	-0.7653566069476734	-2.339296898807147	1.1789294167868303	0.11073691194779772	3.4733975956122385	2.7188005007067417	1.5410951853648638	-1.0748806056706097	0.27017109577019416	0.7992377834978228	2.2150725328057517	0.22169031875555822	-0.13472881258647365	-1.891884042704194	1.3685414690397855	-2.364161787995958	0.5155892273054336	-1.9722721229525426	0.09237309636292451	-0.810117280120658	-0.27467198775440593	0.4985179875071165	0.4464244981763378	0.2644625186487786	1.4889273466319062	-1.2448245699975449	-1.125395538604347	0.22686678074895836	-1.2156461334397375	0.837079014493232	0.1559258304868208	0.8830917428123283	0.28722418883664036	-1.7179418882558817	0.03097795245116773	-0.3356185383395287	0.4107012739595688	-0.7190680728621001	1.0728498289095323	-0.5212427174602805	-0.01963058299887771	-0.7778245904131645	1.8593895982728386	0.9616484825512727	-0.7687643198912032	0.613464362935852	-1.4416110500202266	-0.9169474677071535	1.9545845057165272	-1.6810353554094133	0.45113698597201224	1.6199819648423521	-0.5887059121198714	-0.18931094375684412	0.18450098007369353	-1.2579409663030048	1.1332877955236311	-0.4594738605754418	-0.5990785170661912	-0.45636895863509946	-1.2384012812851062	-1.0852867622368485	1.5419748198117864	0.14968722937329543	-1.2788084894099805	1.0681828859631783	-0.7369226542038805	-1.160647725523546	0.7588663806043044	-0.11286623811990654	-0.14090133078264266	-0.3626307820775324	0.17122697956483415	-0.015908361265595798	0.44284662933486385	-1.1673723217488596	1.7356738895651658	0.42757099118256764	-0.11275003888918443	1.6055020120374437	0.20344116716160568	0.43436894309358776	-0.8277191761896732	0.25350245446933906	0.1415404691538344	-0.398376436503074	-0.5195949155023685	0.21644745812073415	-0.22207159887341119	-0.30939690252658353	-0.2737886650497493	-1.2570612039335074	-0.6073506808773137	-0.3703556680824401	-0.5015242671318006	-0.15232962130082667	-0.6929784214144056	-0.08582761067563371
DTXSID5049021	11.630096434702175	-4.04210263236115	2.194488256730628	-5.0215755180530195	-0.1810661059850158	1.945495095905921	-1.149998964632587	-2.1669269721626137	-1.6031146867052963	0.2614716486789985	-3.343521075520391	0.8833658037352017	-2.6364148244209957	-1.8940706970388825	0.7317256612846536	1.8388857254255901	-1.7160596307201172	-5.008461030052945	0.2706715493219888	1.1733007769649457	-3.671215647968496	2.2737327026770577	0.3157944219817778	3.4992699729909673	-0.8114298037524653	2.255724388748521	-0.8726428039948518	2.577835206880139	-2.3961850105169993	-0.19934933137932168	0.1846259762800318	2.8261905685060964	1.9522466562287848	0.6900652527723954	-1.8586346284505004	0.8373372711586092	1.4834040421164474	-0.612436981612432	0.031456396337607315	0.9477552690251935	-0.6598110317192769	-0.13465821644443104	-0.5198085229424199	0.9146781334508223	1.9785751448620825	2.0328483145128673	1.0370847690894427	-0.6538900689881078	1.0557009196027416	-0.8029300960307802	-2.983656877908755	0.5168123858790222	2.541892386397812	-0.5417083506332467	0.0173621052624492	0.08383585760452743	-0.6230158904142579	1.2041041733879558	-0.8437502918455108	1.3963311985124989	0.4697845282018134	1.1399643868373108	0.650179603991087	0.25042844456545676	0.8323908852818103	-0.08190958227526207	-0.9371161489284443	-0.14653160977504018	-1.0494000709232745	1.4092569963836392	-0.5562540487323806	0.5818523146487558	0.8442295516920234	1.0139799279618866	-0.39236783194563624	0.17232063194956376	0.5984251201293261	-0.7182236687130296	-0.8378203785353849	-0.628981064311615	0.04254767310220567	0.6059987895137178	1.5167593242704742	-1.1149004242169753	-0.6211410743487059	-1.2280250843411082	-0.17652737811780295	-0.6538217368337438	0.06924491315810534	-0.2835124857940125	-0.5193261044430748	0.15806733800054412	0.7962530494446556	-0.2293975957222702	0.5784056077535134	-0.18291788344915452	1.2918226308268097	-0.6150760883275165	-0.7918837680635075	0.8020657395803531
DTXSID8035001	-3.091119591777474	3.0171626159635103	-1.8465558297204625	0.6819642062062325	5.467406097972712	0.28767863804565574	0.16593217057334905	-1.8544676536046778	-0.16001890484264827	-3.654511923295713	-2.964634320959575	-0.9921008003153142	-0.5447392841382104	3.9741594140130325	0.06346248324645855	-0.14872200573118277	-0.2855807308331815	0.45270766072535934	2.829429884830983	0.37676441027013924	0.9288688235306146	-0.24692294026852246	-0.5147007308168933	-0.9098089979817853	0.3548281495504449	0.13283566904308472	-0.950131494521279	0.953444492071594	-0.3731825010128119	-0.04104165545965005	1.1467304764838273	-0.41467133458037714	-0.2963827174386293	-0.4125395725329422	-0.1962822365500478	0.9436358462301467	0.027826752930790205	1.21757682904339	-0.7570317676324088	0.32229172972046566	0.020385543204483818	0.6197127374539853	-0.741116613220807	-0.4341943806009678	-0.3191551806315832	-0.5378353807776559	0.5715256160057449	-0.5676448427058252	-0.4916186402157606	-0.6902458827662706	-0.5468534619266234	-0.5338291803262089	-0.49534800583768857	-0.5321059072990083	-0.7908996479050318	0.6021146207152723	-0.2126616917944984	-0.13383063872868156	-0.42784304919336025	0.4497107696806741	0.7151564854597396	-0.6486204255057976	0.3348255357595844	0.24975420012282043	0.1671332127402354	-0.0476263102636429	-0.8605233813861516	-0.20932932365938023	0.27412765743575757	-0.14376948241464202	0.008942989449824811	-0.07123356249802029	-0.18308645746466656	-0.20440582670814686	-0.0005701047092298711	0.8265174401455679	0.6815017384346865	0.5536766238322643	-0.06200917235057832	-0.005491357514957198	0.08981484892760828	0.3304704239278795	-0.07957642952132532	-0.033852971377959146	0.33723491548139534	0.48005121361212605	0.48751074168655734	-0.14380896091422332	-0.32480532702951087	-0.2971527285822836	0.15495618029907657	0.07252034223051193	0.1654458973886374	0.3414599733115791	-0.06778470025783416	0.11305664016116926	0.18620089968141368	-0.17744742961682716	0.03168575665949939	0.35152838715513063
DTXSID8020121	-8.93606465135133	0.3019711192556222	-4.50195713977833	2.82786593103639	4.490484336047923	0.4856355677509415	-2.0022076208213173	1.6437339842057102	-0.3387356373968391	-0.03177333593449171	0.03972253843038786	0.6787423880506431	3.274537143918909	-1.4439056702036426	2.3803271003750996	2.731529765764796	-0.9089104755036378	-0.8958361977746679	1.061863402073369	2.8236843289884392	-0.8712941151982516	1.8634795047363957	-1.426190570793102	-0.25008603743011176	2.094549781469784	-2.4176134714993047	1.9741146919960781	-0.0958843390487036	0.9938099871206091	-0.9199924420159047	2.764485809306959	-0.5084215958922164	-0.4526089299233391	-0.0754971169252588	-0.33095589497429184	1.681781700417626	0.2519744313576876	0.3883895295763753	-1.3705021516658689	-1.5350201189709416	1.1612628932834932	0.8544622157279551	-0.9047061648996222	1.0035937730499043	-0.04559021716075773	-0.43424976500595985	0.8092869047820649	1.1337998142357342	-1.3106066723955418	1.4861203668525325	-0.8905094504428985	0.04517213110987529	1.3206927389786935	-0.29682745585527914	-1.0319689954530387	-1.2390589826972305	1.8993580117724786	-0.8292988834582228	0.3469386130021716	-0.9144323446519381	2.5401305700000085	0.3248289513972015	-1.4413994935804326	-0.8783553174636997	1.0283329072500105	0.07016540308471984	0.04482225998581343	0.5368951665938183	-0.18948788682374007	1.1312537869624364	-0.5235896228387301	-0.5899101179842722	-0.2912491416086221	-0.29660832294849193	-0.17382496330498765	-0.026463008237560825	0.2631765129037247	0.04151442147816115	0.13560167949537963	0.1107069860915894	0.006822266385169429	-0.21821490014204598	-0.283604262061522	0.36498989201475507	-0.07506710719074161	1.1934008795667244	-0.3269301872286111	-0.22194533228038923	0.9906183976165901	0.4265974357759679	-0.03379685427214608	0.841215269249073	-0.08638416369239545	0.24931952265089438	0.7961385538425981	0.6979645748248695	1.2012316046209104	-0.6585026337979526	0.9257676795613909	1.1903569653224093
DTXSID8047189	-2.4311535617593654	3.7467494303691815	-3.102468114281146	-1.2194780277218467	5.4519871465802945	1.0402462612170678	0.923483030354304	-2.6791017897700673	0.8661309880343029	-0.6029872508832176	-0.7878809691364684	1.6645538407181477	-0.8989562075040081	-0.015468307054133199	-0.11122588316590493	1.1884635240915786	1.2929759276687913	1.4883268404201335	0.061026719816229515	0.6367671937969093	0.16790114256315394	0.4408998197486799	-0.35398631397675484	-1.0466643697298403	1.5271996473536023	-0.3291269703030787	-0.7825629923643116	0.9674064356914992	-0.6333048766668499	-0.5489215343216068	-0.13667114245042541	-0.8654144062359288	0.7488905653944368	-0.03271181700016112	0.030154925104529915	0.24245183447603214	0.07215439429996331	0.1182829236564228	-0.07887470302759146	0.276037093885485	0.12772840730506113	-0.3019315403715151	-0.719398132816573	0.18960293749841264	-0.25912067297153774	-0.9197153106868348	0.34407155792638067	-0.111207160750641	0.09844592348987259	-0.16843543760383262	-0.18643526550234796	0.2731082974473724	-0.17203964651193032	0.2047987090976544	-0.08886916181930977	0.27469286841771967	-0.8834175123653111	-0.03192100569135726	-0.41204906511657263	0.24152215827409287	0.03421281691008224	0.2877197116137183	0.17396842036200758	-0.556359184158411	-0.022371759698133802	-0.5962775912687459	-0.33838849147505223	0.07847978998973339	-0.48620534543651006	-0.20788948820521005	-0.21788388893219887	0.2367147723269879	-0.06956489182898312	0.16012741848807419	-0.5339747543940851	0.16585346345389798	-0.26234901927238324	0.3741945599567235	-0.1336714125508225	-0.05434597673981796	0.08196254961788912	-0.060132167831444386	-0.09211229436928904	0.14104794188728975	0.23104876748500447	0.7312270395203324	0.26980712223614606	-0.1685003652336077	-0.10674777679123544	0.17699703539718073	0.154566086009203	0.02609870718684227	-0.6125097039603865	-0.18377763997361002	0.09009779677506687	-0.33471335052562606	0.03694482912262727	-0.20922490009714623	-0.144047102023921	-0.022497054316593077
DTXSID4024436	10.824812184205314	-8.141671895613186	-0.6489301838426917	5.110412341800485	2.464193976162834	-2.2481754986092324	-5.155001183688859	0.5453737312458211	3.5677094921621015	-1.601045826408294	3.646944782300361	0.5632816359251315	-0.1920763385936075	-5.760620636773279	0.431299434022592	0.21821401856946296	-1.852003833899761	-5.309976752486093	1.2464013314203728	3.983902393722143	-0.7122902960261664	1.6133405212316152	-0.15835425772225029	0.43593905156452123	2.6783608477749743	-1.8749429333228447	0.3014934329573365	1.2054304910290365	5.114495209284517	-2.8925994934001835	3.803951021975798	1.2907497617045438	1.10409058786857	-4.42855120232595	0.9050344255464066	-0.295086420447411	-0.8279964053762265	0.023532305724518275	0.4910009950703146	-0.35333536339897226	0.4069388297491955	-0.8806431602725407	-0.40351834551572585	1.8377161018267545	-0.4197454647516168	-2.058936326828248	0.550757661183176	-1.089581424187529	-0.13175642798320486	-0.8550054558729988	-0.33120710451149005	0.960796266702979	-0.4691537017975258	1.21240635171159	-0.2047714348880468	1.0281657017619745	0.002842689435359622	-3.379635187917989	-3.1054456708226374	0.021437929334431047	-0.19626632112217263	-0.1735861795790556	-1.303705865507944	-2.159138999207047	1.5527452762692389	-1.4067947933622296	-0.32346689919489874	-0.5279188130165277	-1.2016249730837616	2.0223523660956917	1.1099043932952524	-0.8909761737788144	-0.9373207916270208	1.8836699997682844	-0.001703374546739224	-0.6752128566674892	1.9338390438357822	-3.601117393809182	-0.9203830440413434	1.9035599150048732	-1.7388106757132848	-0.8509220649952307	-1.969437143200467	-2.5535088297184565	-0.1516655513541472	-0.10101062931284291	-2.9161274607624423	-0.08033678729403464	-0.5478374682766183	-0.3973663354462308	0.7122912251016592	0.6859492857891148	0.2937119196327343	0.53546756304553	1.860664557569386	0.22368475415400066	-1.050097385581558	-0.18121011363908301	-0.13310118132410997	-0.0160848881281729
DTXSID4045347	3.2758577198275707	-1.1725019187692574	1.9956301952158455	-3.9530416581046235	1.7192118779049947	2.2773753783126534	1.272669893164197	1.2834700732752418	-0.16156389192460271	1.2311763709415215	-1.5627624469461527	0.3773345864424784	2.3135217349726305	-0.26981793062069914	-0.0006338078863871733	-0.8937500898701066	-0.9655520468183724	-0.24080998054572425	-0.5751724965746885	-1.1480657352757246	0.6577337917064664	-2.433038573014794	-0.029292032315674548	0.2767479221930846	-1.508241666200377	0.7493454969520236	0.4598057311205836	-1.996492292274731	-0.7583983787531617	0.8110904609054381	0.33730260820191	0.05969434821564092	-2.0790516749663315	-0.3927967806639435	-0.47959940449945065	-2.100848585374508	0.9737503990042314	0.48232227658716087	0.7615998795244788	-0.5838560816123897	0.800278500827274	0.4681851751715724	-0.06673200213841103	-0.140418838414915	1.3970497662472598	0.8693872986241374	0.9317553045131609	1.627163199554299	-0.9916483981441255	-0.2389705980132963	0.48891211391423317	-0.8876100630486737	0.2889609148158482	1.933679844207871	0.2854767881065663	1.596767772680133	-0.8608292619676721	-1.447923545813404	2.2810924991461863	-0.11504251165010893	-1.5530188422934392	0.9265500469542484	0.5280662544393299	-1.6048949410168696	2.747020002001374	-0.9467954884822884	-2.1992223295658166	-0.008349518574662066	-1.1317013362719013	0.694568932180415	1.3311928328559435	0.19185550169024834	-0.5711345490703658	1.9869490413235922	-1.4362728252576242	-0.4534936053367167	0.5260378482048088	0.0201968631444941	1.3817340261236348	0.6386520607001074	0.03569319419868546	1.8352094944759587	0.22002926931930658	-1.230221128046807	-0.11286390785276264	1.4793649465957124	0.2829104656516767	-0.15720622949563898	1.0228937487368437	0.25039420710819965	0.655119154043436	-0.47709256914513415	0.15635692145080848	0.008069108483507106	-0.11171175746228962	-0.9884916830398998	-0.5619002838239011	-0.4339233712145059	-1.1207407074800042	-0.40836046613256427
DTXSID5047081	-3.5303891424828153	6.39581969490474	-1.3943167783727328	0.3445502709158309	-0.8361999254544354	0.3136574759691005	0.03868531173532593	-1.1330611057785198	0.31670266640930606	-0.17837534561298043	0.08800908495951738	0.4641565829078182	1.3984304844008948	0.6291520029824336	-0.08469926262531097	-0.07377855682794446	-0.24486454766896498	0.9597242120975734	-0.6535971675470219	0.05275042811357771	-0.4755078260858955	-0.6307373877974854	-0.815604296672121	-0.11804569940056622	-0.2815965062949605	-0.11252405191817362	1.1363206754298456	0.22719630963378615	-0.06773718429840667	-0.35665970877869896	0.24822573182090346	0.18627544113090874	-0.46255883891078436	0.5916036058463713	0.40535585258329115	0.00429986926149474	0.451340119408899	-0.0639748480551125	-0.20627558110287295	1.5308864744067434	-0.005391035213442073	0.0905288027802634	-0.0023907968875472546	-0.18226965501932185	0.12303029127005603	-0.8076709718287606	-0.38284400028121524	0.06029985480380479	-1.2053188033474307	-1.7041073275530603	-0.63844289452074	0.6491508965322658	0.3264477689976698	-0.2888028363264262	-0.7505288416320688	0.12996334065182355	0.8267437533093944	-1.0883070086909066	-1.254183603591455	-0.1544433600405059	-0.7971357902411689	0.2755401433144909	0.2425042175667276	0.2592768114592487	0.4407530294904855	-0.23265641395956435	-0.7607543934426642	0.5728161489518591	0.18877810147951146	0.40078549537052616	0.1673408268193706	-0.74416383022894	0.38448803544605764	0.03917268607001176	0.7980476831644377	0.06424264744111452	-0.194354680707639	0.7315553861814468	0.49899281673943435	-0.2049494097198802	0.2990243403463354	-0.4293355467808448	0.6260299981092979	-0.3312626859039708	0.6756344807335773	-0.5563673168045955	0.10312026074916468	0.101861016806579	0.1715273658370979	0.12826316736071625	0.4700962603364032	0.09236424860347935	0.14757214576077393	-0.4091504417975561	0.05158033538971017	0.3337642522542725	0.16006180946714849	0.06469084809366323	-0.06265740231774729	-0.08700518417047498
DTXSID7044633	4.7725102662802685	-3.264499369448215	-0.9280120743005624	0.42052631495394416	-3.181563418878648	3.1586116863991247	-0.31629143770954526	1.7537350076621954	0.03747770846071682	-2.761693439466804	-0.5772603289409631	-1.7038934033085236	-2.507181995237938	-3.4208768831562066	-2.361018010835746	-2.6505773411336855	-2.9362618464104195	5.223141266903234	0.39780527656539244	-0.7465105240715312	1.9381110966562003	4.993021333593314	2.9512119270108945	-1.9493063502487695	1.6630037746495845	-2.12085362925228	-0.17949498116456206	-4.6570135963936625	-1.1696141605240236	-0.676561080058286	0.5558685722773556	5.1404492687909915	0.8438668509062893	-1.3174897085563873	2.7868546610460823	3.5256150093513403	3.4617229034264043	-0.03151959989924204	2.8607135796030767	2.4043833081991193	-0.5915454453957286	2.363217544286927	-1.263738978410153	-0.13667158801625853	-0.5685736841528982	-1.5772603857461907	-0.212684254034917	-0.0911842995451725	-0.7095343289430113	0.8436301512892865	-0.1430500860000577	-1.5353521621857353	-0.17961479028858954	2.952935357308008	1.408727730664071	0.6284850713628142	0.25877664401895667	0.3822972992501734	-0.9446891164241801	-1.0043974110340372	2.577374973557497	3.1359365228808804	1.8214772882513206	0.2292399641094623	1.8914218620566183	1.4558805316904282	0.36276914465657284	-2.694012416950161	2.7244522459788385	-0.4279381571426896	-0.01862902038313124	-3.145012162811277	-6.423903847837401	5.183949203383137	-2.564389904500384	-3.4542651948067857	2.9570748553506645	3.6850050183335825	1.6025164429604355	0.035251741853664295	0.2748637801002845	0.6024880326892961	0.829422164932643	1.880381255036551	-3.242769199976636	-2.45679130287382	-1.5314097523171253	-2.4326202076768144	1.056463932669777	-1.7366288656106288	0.045702204088141775	-0.41087401147220487	0.41166647005708906	-0.3439204682999421	-0.15681505486975258	-0.2943253425126216	-0.9840471563227293	-2.0384204618952997	-0.7294674415673609	-1.076655520187383
DTXSID3044831	-1.0367982854258484	2.0409278613614563	-4.439560540908752	0.7687476389996082	2.1818598934545244	1.0531631708383042	0.6980760197050471	-3.1358767835318884	1.9587685635651093	-0.9587519451268627	2.77056145804141	1.433625224949169	0.32619654450176283	1.7350880367020645	-0.4477754615572919	-0.4247909547774228	0.03468703636588038	1.570188449733815	-0.5508114010566463	1.3621632427865216	-1.26197060663947	0.9095975062986335	-0.5060693901690019	-0.6032833401907637	1.3548569104101864	-0.06872502350675469	-0.21829173890441733	-0.04419589334452194	-0.9006512978325794	-1.1013343601450716	-0.5545845152862474	-0.04102863089111553	0.4185409308406433	0.7083362639698114	-0.20877182399249716	-0.2515487522817991	0.4193131581853388	0.7990107021249284	0.4727849352895923	-0.5590220045698086	-0.08275909257196933	-0.9676663000742595	-0.2684230428489474	-1.1862223158785532	0.43835332781715003	-0.5393623731325221	-0.4384173422885242	0.288081235307468	0.341067631760759	0.2884075706238096	0.31968459908071906	0.5913409808776778	-0.256094462710296	-0.19873515830916078	-0.2987662856370233	0.11207584553363344	-0.26240397088428646	-0.2519987619925039	-0.017234132467885577	-0.25592694336238136	0.004009532845507812	0.025703772888644283	-0.10523107719477069	0.028276087218072864	-0.19312289306533373	-0.056381443622955434	-0.3269048865517443	-0.6196527906218434	0.04107271188124528	0.7480960939693747	-0.8539127329033118	-0.20549147524236963	0.5104387824330564	0.028169724614787284	-0.433434635750751	-0.09755466503385599	-0.7188521655682687	0.13369462398163057	0.6248961776373851	0.20278741454750207	0.5570131963825092	-0.14155065440011744	0.24125032146932865	-0.17650201531734735	-0.09739896469502184	0.8523851032973834	0.009304042818536327	0.1401234129291412	-0.6357085802435635	-0.03494938293498291	0.3202175835481324	0.4249768226068629	-0.735206137673773	0.1742320950497374	-0.40715691438203383	-0.22534952549924298	0.4482370509174568	0.16450903773960787	0.15230123263282794	-0.3685941519891602
DTXSID0048929	5.529279917524196	-0.5203693024339465	0.9622028456265718	-3.4978068387963845	-0.3784448481320464	4.866154150010644	3.8473032938406315	0.26325385952521785	-1.1350799098761657	-0.3550912057230513	-1.0702848940896943	-2.284903679450847	0.08715970501187725	-0.686751795715523	-0.37746630205566845	2.645298549516608	-2.069352247931156	-3.1402054517687854	-0.22110262340854597	-0.2857831615708075	-3.0835386009881613	0.8818696381988267	-0.28676040755004867	2.328158867460613	0.16376334994818537	0.20273867270989457	0.01856242571929439	2.8667438516486774	-2.644968589054367	-0.25858534425899404	-0.09148063968106614	2.963551642634967	0.6126284487703957	0.7308542494554767	-1.8400870137212562	0.3025017634131532	0.6166433654576974	0.1087104965135467	-0.159340829978143	0.559823449878064	-0.2874898628390231	-0.493049326083263	-0.8626589734451804	0.8445801193897897	1.8738240924792844	1.2685760857340687	1.2072954441053467	-1.5333223660613957	0.35089363365741905	-0.3429162745407233	-1.0026500791763855	0.5069912140059639	0.8743893273158186	0.41798563735044664	0.06534651952168805	0.04369428662408541	-1.1515979422902025	-0.015022270124979862	-0.6782341511999035	0.5389477038178349	0.2377783324800569	0.3186366592833063	-0.08055917827211649	0.7054534430019617	0.7949047957560805	-0.053942997768329067	-0.7387995429103209	-0.5799921365272726	0.6389161147348553	0.15841902838689687	0.2907574425762975	0.12327442626712024	0.6173264191389753	1.9922408082269119	0.5577300230515801	0.1633780404652571	0.10988373543623904	-0.35560514146353106	0.6454526017857781	-0.38208490479729507	-0.6816397875565063	0.1929895918111639	0.7705110823163166	-0.857198681524323	-0.9220944055059125	0.767129125839012	-0.6491345175491748	-0.5324864236153657	-0.2522471476486089	0.394767709654901	-0.4757922046226778	0.6563036443628674	0.3635501057090594	0.3778223245381782	0.17556931842751797	-0.11216424341190312	-0.31528168871533163	0.34413619967797066	-0.17888677068993367	0.23441056792679146
DTXSID1021409	1.535441870966843	-2.561398584244084	3.6349607672947273	-2.685831577635676	2.365262776774379	0.8036677186981006	-3.7439284745664274	-0.8124417729607303	-0.4115180865328577	0.9804275959211478	-0.32907617557691193	-0.9757137053050312	3.8396222457181635	-3.1991376207291005	-0.7910932642837639	-3.7415721297994327	-2.16064761264419	-3.1830554283626675	0.0020154840173093958	1.1331211327979376	-1.4600482409398772	-0.01182105260348407	0.28585276157391354	0.9628680688365233	-0.025738751659117425	-2.1218193822509863	-1.640576373097732	2.3297481092578205	0.744398932056137	-2.9418813085960163	-4.238365828902233	0.23643170042369194	-3.5157275458023896	-1.543226332904992	4.580280073923128	0.8148565206244642	-1.134703100989456	0.5825817277934967	-1.105835941224501	-1.5067126124054888	0.5526980836240413	0.7207263392691142	-0.05394553632541258	-1.090673585719775	-1.7543413052953685	0.09995623334924537	2.3325573453890787	0.9241336204126057	-0.8775101226021074	1.9842053946510896	-1.3474229488923555	0.9047806082564723	0.16061674754742097	-0.4731567982875306	-0.6041220813857244	0.5758569280258042	1.7600968082622956	0.7652525271621238	-1.373434944133561	-2.3616291050781286	0.7697568165697198	0.19091526145675466	0.33010130116653424	0.7888421555869353	0.1275316324514051	2.2927674637703164	-1.4778335357404855	-4.353766170149087	-1.2299397198075839	0.6890863333534402	1.4537156466814307	1.3913306475115006	0.04490771533240722	-0.6428762334792133	-1.2982807590935908	0.10374045372978435	1.2792022548108597	-1.7158145798586408	1.3817774912851666	-1.3735158617210448	-0.04400286755812225	-2.614820352904554	-3.2531265744471782	0.22851751236009946	-0.5170323501659654	1.6570958291126625	-0.5271659746472008	-0.6379721330010347	2.3250347415502093	0.12533404496977846	-0.3121334784366177	1.264948552299258	-0.0019320829337155238	1.5408712703853291	0.16230597985357112	-0.5588304006484093	-2.42911917222701	-0.504762245802209	-0.9023070452654796	1.034695610691139
DTXSID9021974	-5.8020333463056515	2.2472777686458474	0.2954345664773826	-0.41651035515845064	0.17620966106540947	1.300729799998111	0.9315776282996383	-2.1590287804749164	0.6190994109261048	-0.720917841375128	-0.42138256253025685	0.5454203747267395	1.8079449117443078	0.3408794363013863	0.2505847827530366	-0.21622835051702888	-0.602258934380011	1.4959685733244357	0.39662991115707563	0.32043993440565066	-0.5141747349376629	0.21995354747162016	-1.7796384033280992	-0.4872060536798687	0.9470390750544182	0.05155891930791022	0.32815430438402793	0.9432948412487737	-0.6296547450645281	2.5519178672235583	1.8807839863591451	2.3747370537891896	1.5100603110317687	-2.0874631173196168	0.693278357970473	-2.4866481688620024	0.5412847905198884	-3.101026292528956	-4.157058346399304	-1.8889690792179017	-1.8166967422870268	3.428183055558635	1.875630278749531	-3.218246703537193	-1.7356958797086153	3.2531211581165564	-3.694611049610632	-1.7216265610364014	1.8257855209599874	2.1362289018514002	-1.3838567468693368	1.711808890015003	0.0014456823887862803	2.403335683391825	-0.9020482214291187	1.3281767661582862	1.0498232283966842	-1.5072267450885417	-0.8351696277041931	-2.339725103041925	-2.322186201459394	0.2854743951359077	0.46826103805125846	0.8223880071009838	-0.08261252610391885	1.0107377209895942	0.5265830559596617	-0.15493153962821662	-0.33334793297968673	-0.6192753008949621	-0.5932037292126713	-0.08555948888181301	0.343508071866605	0.8472849381967177	-0.5321850667520283	-0.49321744703819526	0.21082546275808758	-0.4187846322679206	-0.5238841691732412	-0.15761637302930087	-0.6806978113516441	-0.6005801251352002	0.48938288435382177	-0.39669261545588974	-0.6867515444887371	-0.033293133921690386	0.6931814506456802	0.32167050975830114	0.5725453582591805	0.6017241026711718	0.004092741689530427	-0.39247809280200646	0.13571710882647373	-0.05251378344581418	0.19230893198132087	-0.28346307494968015	-0.3410270835608076	0.0756459824814769	-0.18473983947828584	0.05804407268336279
DTXSID2021866	1.1109792152274844	1.9522075053092203	-4.175754760921555	-0.5860213622100662	5.155447660958002	1.8631238199526434	0.2996712596065913	-2.583044986160269	1.4955613338276572	-0.2904076908908145	2.3509228560652344	1.195963880003462	-0.8400951509781072	1.3026951170820986	-0.4351415532811995	0.6052853486304884	0.7451464468695318	1.9612434172564281	-1.4871078706829128	1.0897134752634225	-0.7794026427632024	0.23851042578542092	-0.07068955008532538	-1.056932617544984	1.5830345059558957	-0.222520353669584	0.529989069175677	1.1694272329358377	-0.453293948433266	-1.4762328128491118	0.15473426659070788	-0.6218226818647388	1.119073237898736	1.9269953274552982	0.38721621233375975	-0.7789290080980098	0.6285840650922611	0.5432125525653383	-0.43141648845878333	-0.49983907776458	0.09940874971345849	-0.18305077549744	-0.07720714739979546	-1.608516340489874	0.5450261824154341	-0.35363468247583185	-0.3651235257498114	0.1386853235674193	0.21707070758824976	0.0706255442365484	-0.5640890010830882	0.017241538446162934	-0.3870942865347633	-1.4198785730729004	-0.5414091031928051	0.9594347411336034	-0.45745958687575583	0.4649722056451248	-0.16248974412598044	-0.1558059534918888	0.632198268362195	-0.6844352687742628	-0.23207310388491212	-1.0237355018391874	0.28000863389849395	-0.039679493719019326	-0.7316424271752991	-0.6036850364354673	-0.38774102970653845	0.9187742110857934	-1.3576312388358127	0.18633729941458357	-0.08299870584714768	0.4259587974075046	-0.9302772252668229	0.7643973720790447	-1.0990121040403251	0.7327851056747915	0.4786382454908748	0.00951718919183764	0.14460613787483634	-0.7645653413915565	0.17104841602130924	0.07357033326622114	0.48988205669672874	0.7654382780364405	-0.3584580432457742	0.2455997264276876	-0.3338566154742722	-0.2136832826783019	0.657954213088735	0.7024061172286431	-0.2724001715512858	0.13502600296887	-0.3351397685073706	-0.41250796307598514	0.7273454446107314	-0.5564619710846993	0.3735531808439685	-0.16187774379884717
DTXSID7024112	7.19324665046617	-7.334159946528723	-3.9489267689326337	2.44208523017678	-3.8952108814464395	1.2365269987645486	-2.8279305326857673	-2.4655433081606146	4.551114897988423	-2.0705271618813508	-3.5096728677629874	-1.0901793977931025	-5.837718646879077	-5.322246281188264	0.5422617015919697	-4.27250516430788	-0.9174361854023854	2.111264532056004	-0.7862975118508851	0.23183717427663228	1.793045425483209	5.270253848035119	2.2596193952540307	-0.6092165129425199	1.6802341052282157	0.3397474768883841	1.5510123199983765	-1.6295230694661444	-3.4608777750287096	-0.3940457640392535	2.491790656928079	3.045023289191825	-1.7249727660661764	1.2608146937418032	0.6058982663795673	0.9494278152028996	2.4837678517841053	-0.5280481527136829	1.8522362512217345	1.000906740373054	-0.44493337197646643	2.2772854900143398	0.2595846429081507	-1.434832780430532	-0.3497048480739707	-1.0622672996364657	-0.6303789859020023	-0.15786233894396476	-0.8194395171904715	-1.1834141643320377	-0.8137104245036704	-0.8657214452844214	-1.0350357889534	1.2491057600872313	0.3858145625124178	-0.44777745668131347	1.3668731678642583	1.8213199470723764	-3.3433162117728994	-1.1608788510682286	3.437212283578506	2.754031568753785	-0.1356459403042152	0.463391919104174	1.617887768588083	1.0572160952787903	-0.6527459810211368	-1.816753670945441	3.538974880161992	0.03387724542175266	-1.9316828970714965	-3.7166520823225415	-5.582923208781091	3.9153330688289754	-2.444325067009128	-2.3290434566699494	1.4869562984898284	3.439886154071816	0.8959715902366588	0.2055557015350704	0.05718034742055056	-0.3954217452948272	-0.4658455220759121	3.894768266050254	-3.134988538243419	-3.7333121579178807	-0.6328185918392711	-2.8244951703202337	-0.4695101501798317	-1.371796281108749	1.0755222979477892	-1.2763752074408883	0.5042487471422172	-1.1439697525147425	0.920190113084921	-0.45425850631368153	-0.47260111268405003	-1.7500462943971509	0.18702660865954135	-0.9650785071950798
DTXSID3041877	-3.405545984816925	1.2041107931115502	-0.26021442664964234	-0.3066701339408574	0.3174875969676365	0.8672770246818822	0.7971843224304237	-2.084347171176043	1.429143258736157	-0.3689784951927484	0.9899469291420798	0.506323899882535	1.437092436145722	0.5170524201051713	-0.17792960228602406	-0.8945509436922614	-0.5059885351333382	0.9557462413741288	-0.12298070750051288	0.265012922576796	-1.200522674185331	0.5905429193155889	-0.9020721588165479	-0.0973980200383983	0.4541646094602844	-0.06866129663451383	-0.0921164555525414	-0.009624574955860941	-0.4914677441444368	-0.3983986072361307	-0.5034160509427248	0.008813439866617891	-0.27849472225321403	0.27764641856500555	0.05527770377792195	-0.03177538122813917	0.31839372342851613	1.0214984937845362	-0.15750942884284727	0.13485415486336408	0.3939716504604076	-0.1895552248060647	-0.7653599701755937	-0.3971069809950836	0.26060514766327164	-0.30890476538484624	-0.15969552041554314	-0.4858460865704297	-0.04017225442101189	0.7221709032426915	0.008852099056403082	-0.30287585011677587	-0.39057547885195526	0.290782629433533	0.22804742176401227	-0.42081941656324573	-0.9185745419327691	-0.3814941415070092	-1.359123370307675	-0.29608441085261694	-0.09468990733057264	0.005161553767933995	0.30401188946034097	0.005323120928993351	-0.5221532063885984	0.16270205041080424	0.33967039081977246	-0.5250660365294715	0.16725567909096353	0.010573616686127347	-0.4062004884145711	0.5658617896156577	0.6655297253762481	0.5837021745324072	-0.495073317289403	-0.1050339204770077	0.02031910458428401	0.1376799862665466	-0.390527149509325	-0.1747022113666489	0.42851176695310067	-0.29083571987038226	0.08911359804814772	-0.3708232788503457	0.05782940405501196	0.5846080586382979	0.18224970478920005	0.0017939254340237616	-0.2025524890375759	-0.1213447759635235	-0.21357895066763904	0.25892178373163954	-0.5850272162410775	0.3466645339692268	-0.2100098831890433	-0.4112760235960864	0.2700870003897043	0.2967364459007148	-0.011243858659791215	-0.04574256201304848
DTXSID3045194	-1.5346281005537759	5.1450909314096345	-1.8082994202100917	-0.1806591330812408	-1.9096793353295953	-0.06987852877146351	2.347229515248744	2.1048816315754686	-0.39551546897181866	-0.6394534424143016	0.2647395175608392	-0.6294577756060629	-1.2075066580956992	-0.04712260668951967	1.1797013449828078	1.4979817351154867	-3.1629111639834218	-2.189335136015239	-0.07078101390083837	1.3782401166205887	2.7475400975204494	0.737137967038324	1.1291179930322677	-0.286576017257075	3.5509017932925104	3.763131281765538	-1.0173756870409543	-2.2623776996977942	1.0481915420310999	0.3928659587946091	-1.6672809404454203	-1.8108585451086272	-0.9451342147099017	-0.6537797555484418	1.6904549368549022	-1.5560443761249494	0.46495736580685176	0.45171406542491954	-0.39281303926252104	-0.3123327003589625	1.8602646166920636	-0.09384969944712349	-0.29152502922039514	-0.9221456792144631	1.449235852488149	-2.182603972890875	-3.0492788202692793	-0.15518081846072582	-2.3808539666885453	-0.7909483532276339	-1.968912991475852	1.4341371320795628	0.0473688132095921	1.2776982802040422	3.032580372008448	0.6657242287748272	-1.7972579051043447	0.683885570997389	0.22557483279230248	-2.806972907152947	1.5267425452050039	-0.9059758081913073	0.3609473177653461	0.8214442803999541	0.23625383003215483	-0.2742511294643227	0.05034461737857808	1.1280257474593527	-0.17468107402926092	1.6973342182864621	-0.4660058277224515	0.37357537589212736	0.00700612963963556	-0.9243022241815101	1.8300339388640463	1.612796966092252	0.45721384967418277	-1.2964125275862195	0.5097716015870302	-1.5373392312619703	-0.3897286213153592	-0.5486341249550225	1.7753008427959671	1.184055880237387	-0.4075293633932661	-0.6810856819328226	-0.38284308277126555	0.3217165014177387	-0.3267006652650277	1.256172333173759	-0.9259092753112965	-0.6059671542336297	-0.25868376017291955	0.43866986297366306	-0.5779875871001674	1.1848660671922906	-0.48838906537584437	-0.8456322238511652	-1.4389494423987457	0.4599166311714923
DTXSID2023068	10.246917030739596	-3.4160679875454587	-0.9073816995494244	-0.7130129958591	-0.13719334874835457	1.6658652946017793	5.058534318477548	3.214020375527354	-0.9989208424193734	4.66287357956173	-3.4917655485230346	6.0578612528010245	0.031053959593936597	-1.8765027316944165	0.6049681590636112	-1.930369949415417	-2.017516214366292	-2.205248994972735	2.4821502193155878	0.017244821205651014	0.24185057913340793	-0.6409116522329044	-0.871023035591288	0.9992485592051367	-0.8209306507749398	2.2539759558381314	-0.6668582091005366	1.787413175916192	-1.2603109448679715	0.826180835769579	-0.04807884050072612	0.3862574193698987	-1.5120872372913596	1.9916220302695198	0.2524336435001152	0.44716258302481027	0.5138075349842719	2.7643998190436143	-1.518873867075565	0.9498701776240228	-0.3768629146234268	0.9417106072528992	-0.778679305196594	-1.680383768330068	0.9400508607820929	2.017939159079578	-0.6629727032408572	0.11392976160019597	-0.09617754137209616	0.6678250228760622	-1.142457047367296	-2.7317568717830714	0.45970909552075195	-0.6267493015268166	1.4426404982257164	0.946405959575	-0.11691299689446139	-0.3914782113241328	1.3117551363047986	0.2891231096567877	0.6562174635724517	-1.4137412119230028	2.21809309436019	-1.886664868012122	2.080482429421438	-1.8467750794491917	1.0009684735083721	-1.0941130068371814	-0.5675461599304128	-0.3640163782490515	-0.5332970168806108	-1.9360027663969321	0.23736895802269334	-0.49074739412106905	-0.028707853387920222	-1.6349390697590651	-0.26834225672539386	0.5524533998075117	0.5834685593387247	-1.4838320130524576	2.082496050684776	-1.2601538168073723	1.5890303348139603	-5.1428154269216275	-2.664643563155213	1.6444715654407238	-0.6884690386510847	-2.2863138235306417	0.8776855916520314	-0.4887856686567406	2.3924102550305353	-1.2908561592330743	1.8257603691702549	-0.21196983882572182	-0.3036255715947888	2.3871113405298137	-0.8079698515521678	-0.5130945506010636	-0.2920796585893703	2.124648260504205
DTXSID2047852	24.437090551037027	-8.658651572671054	-1.6000578112810022	8.991895917936908	10.306340742326574	1.7970330049488197	4.344087012137255	2.320780613034414	-2.496230876332055	-6.756311154142014	-8.865823854550555	-5.695714279170256	4.050314330384216	16.391646459128285	-2.245625438954028	-3.929060322784462	-5.4947095030884885	-0.6472509596543907	8.748776141350746	1.983673925844494	3.631069897262185	-2.0776703324148538	1.3788703834487461	-1.7870912147974127	-1.6044031731254038	1.6584942150253899	-1.3944814546833064	3.4250457077074636	0.5026060186536395	-0.5942981352399034	2.219790916886291	-0.05658629599500517	-3.1086401476335044	3.06863072132752	-0.6673065379126135	2.406644562424659	-2.0833684357273867	4.947211191604697	-2.2891334995215384	2.143952592176942	0.9223801143199822	2.633028200447582	-1.1349890308641195	-3.9952837452342727	0.9066256002550369	1.5287227245026962	-0.549321677834728	-2.3583385144055224	-2.117984176171986	-0.37270589457721404	-2.3409585318829618	-0.05355207570956108	-0.8384009099178868	-2.605977239374095	-0.6252864727154726	2.019996808510731	2.2977467170550008	-2.241547228611172	-0.4724918201597587	1.704172037460268	0.804163954786189	-3.6997949213662524	3.144371010387976	-0.6184549944020795	2.3276172407288507	-1.8977505103025198	-0.7562482068011426	-1.9627380885067673	1.4981196769536809	-0.40606091005656464	-1.306623899697654	-3.3071943559096977	1.151152004887519	-0.23149154258575794	1.941900733835633	-2.6005120307361933	-0.22281416459766132	1.6503582348368153	1.793638816740426	-2.0091322211465257	0.7637972734044148	0.8131299883373602	2.187900827135145	-5.980572244703559	-2.770629121283401	0.10378024474898248	0.00305632983040803	-1.847271637403627	2.345770732168934	-0.2256237953603709	3.2957493429159257	-0.7400917865173539	2.483344704282567	-0.04090686097263939	0.5160091587171531	3.1989093530763157	-1.5384579765075195	-0.5081531140218747	2.168290747980261	3.3254095471091847
DTXSID6021327	3.6959917730865026	4.06427044889256	3.402809085327184	-1.002297589685122	1.6896572208207719	-0.3750415687433159	1.708490528398761	-0.029121438691173222	0.21080869091531307	-0.12453604143096653	0.6531424202212427	-0.07309050267916793	-2.68622161167215	-0.8041379951263535	1.2631273512769552	-0.81178764448007	-0.5800293753119095	-0.10424336290560905	1.4467233833578987	-0.15268318466975495	-0.3538897554363182	0.26009629887716756	-1.0033732565444566	0.2452196199826116	0.06330246388396733	0.5615683531357207	0.8829939866041157	-0.36758864628469273	-0.011105816333571661	0.8635985819777764	-0.2511295338836023	-0.4313086339631667	0.5712938618802973	-1.1279804862015113	0.27553402999684984	-0.38914353186138945	-0.8082741470860848	-1.022729543633894	-0.13380711496757056	0.35362521391529056	-0.06178579150371509	-0.21990536891731052	0.28128507441946266	1.0800686238935546	0.15301639074842754	0.1075756512232321	0.3313450855577871	-0.7038869641704897	0.08363075077757536	-0.8760104587837909	0.04345491591194296	-0.08750695952981574	-0.38916657345810196	-0.5430921698356179	0.9581767397144821	0.6417931324465044	-0.7561289184151652	-1.2850735257219856	0.21089437022100255	1.046449441465625	0.535970095920723	0.7167517001469618	-0.6321533793402454	-0.9737756813249882	0.35552475713742604	-0.19652399214849128	-0.296941378997997	-0.8811707942850394	0.025138192014295607	-0.0031513772669178276	1.0894747162829908	-0.9344270524432607	0.1979856795378127	-0.3607956522663654	-0.2957364684474191	-0.6681465065875964	-0.0218303674663315	0.20202528765152067	-0.61259174189721	-0.7907339924972048	0.45036726617211364	0.5514287979996262	-0.40819096526411974	-0.09156509932888494	0.8928799674675054	0.2676419461689518	-0.05862090747032951	0.342651638802628	-0.04892542541991608	-0.38554636548080895	0.022399142044537752	-0.4027431601378935	0.21459818910257877	0.6554790109279882	-0.08502206638928005	-0.9940225026145351	0.4703465402622736	0.11710210985791936	-0.6152071726452913	-0.6907327386976042
DTXSID2026107	3.2169965210550857	-2.5018686510548243	-6.08833447827643	0.8822232917860325	6.007202728350294	1.5396301401534103	0.4058455311901891	-2.0011967824037122	2.8661104029176587	0.41668378236163317	4.813298542806274	2.3218428665909103	0.5856619200720141	1.7515708437699704	-1.0159326859946232	0.009841606155299241	1.099272326281523	-0.5856485753810317	-2.011668132240867	1.8744710942384029	-1.3151803720943553	1.4497188000522567	1.8057472375693047	-1.1216529017620716	1.6290256240241923	-0.34241264796673154	0.0842449108437956	-0.46977806605469813	-0.46769921570341955	-0.8372713903561324	1.1670063213519857	0.4229401052293714	0.8559724282902345	3.3228161537893204	-0.26484229798282855	-1.4530003157804314	0.40421035527721316	0.290844388363806	0.1662445796207202	-1.2088658084665278	0.688360004845625	-0.3493644033685992	0.2756674726845917	-2.037053934768426	1.5892560768911566	-0.2947408592461294	-2.0221026932342716	0.69958144960167	0.21644070860332182	0.23809269327819624	-0.24865526650470077	0.17151691570210484	-1.2078028725797643	-2.175570801303056	-0.5541406702170735	0.6285070824957262	-0.03679734825564936	0.9122372322661291	0.1508523686206086	0.6229777951963019	0.9997625453785738	-0.8732656870078715	0.7059207790566221	-1.9024422718644176	0.5167586554081716	-0.2341553000323038	1.3863651434949888	-0.2982030820407747	-0.9857128113458864	0.9642754624637802	-0.8096777518471006	0.7199521627214585	0.08115238250928618	0.46164444838282476	0.9933338359040016	0.21694994792602876	-1.4249711436947774	0.8335628993312295	1.1302652300824945	-1.226886093666781	-2.1342155139986696	-0.10794726996025367	-0.5595680035993246	-0.2373295313330141	-0.5973541338467527	-0.8166696609539347	-0.5756401286379069	0.16969793385240314	-0.21623249335983866	0.26932837400262144	-1.0533806291498078	-0.18973405574047705	-0.9591207497063835	-0.12817829642814763	-0.37348647335998836	-0.4217794101674843	-0.5994781167197738	-0.5358554935243612	0.9768087694365466	2.0083340632493782
DTXSID7021784	-2.5057571718571996	-2.46332579995305	2.5830317769387032	2.504813472864328	-1.1527929152532854	1.7630216083761943	0.6075027464941645	-1.4564930704398482	-0.7776248805755882	-0.531534641738831	1.1934293389134236	-1.0629054466882357	0.7627266834634397	-1.4550230255507497	0.4618065632272552	1.0286216875447332	0.23039317179877067	1.6934558744697004	-0.14043452804356196	-1.2490203080986053	0.7424248987268215	-0.8559701504995691	-0.016916298207326354	-0.10107161663497871	-0.6605928101989967	0.20269596461640943	-0.7883085746841021	0.4036724664596182	-0.14139310187093443	0.6060326275049713	-0.47582909854998745	-0.10180310384654022	-1.6599249173152049	-0.4401712795209248	-0.265536123301459	-0.04287685904216131	0.9914940367531915	1.0747296318455855	-0.5910719599862346	-0.21756049708764064	0.8292178014490224	1.1394453865725396	-0.38686073024322576	0.14685910615129583	0.07946246001412921	0.049717375841226	0.9045195309878227	0.6430469258316885	0.19679051838794304	1.3402928529236848	-1.1807708008962898	-0.5187489415509372	0.6607242371355151	0.2750648664519794	0.7992033994107278	0.9667933062539216	-0.7549028182312689	0.503466378389499	0.7900096843232173	0.5113619055472142	-1.1447777526809415	-0.022789142526345313	0.8264080472467539	-0.20657833667443876	-0.16632820548013688	-1.1685093431313585	0.03366187572117052	0.3551590099316043	0.07200850813658612	0.7146599864537914	0.5537951246790869	-0.014555998700270084	-0.5204201037191918	0.6442584646455863	-0.17159535886617072	0.3555491299857469	0.1696578196127069	0.1081087168472686	0.7223053663694259	0.8410129532615245	-0.41124565599508683	0.5196005957219181	-0.10666219453075775	-0.08032383259034163	-0.2479668500754566	-0.2909606548837269	-0.15440922624892195	0.09630959416644441	0.36400601888213896	0.2767615611412678	0.1795619074733973	0.2159171433642865	0.02838367353056093	-0.046233544954904955	0.24417616370262074	-0.03881863541031398	-0.45730888713588197	-0.5600590770808207	0.24037585523345753	0.5045020615773346
DTXSID1034181	12.232061049664253	-4.348353474454768	5.887429735111106	-0.7596527015029912	0.6901104375809616	-0.1595006540113331	3.6430734626864205	0.8454378902088061	-2.2982906159458496	1.6848335642255254	0.7252952733681818	-4.257187657006893	-1.827912614378579	-0.8507547027941348	-0.35077184214435175	2.8124281780696965	-0.6019081752158792	-4.11955254824178	-1.1404702819216659	-1.4930951032086877	-3.295715143004837	-0.031685185602654875	-1.265939597562948	2.1635923136566313	3.5520863279120216	0.378451679127734	-0.8220577504167137	2.1855286581482885	-2.3334260439162295	-1.3451622920049056	0.6107051476342737	3.193708452944489	1.943175143922664	-0.6723977527650652	-2.438666619053752	0.7788966082221028	2.033385019078264	-1.7898798054710638	-0.20979123648253523	0.4964538981212186	-1.0138112267997708	0.2538395024091371	0.682535023152421	0.08922189019277856	0.25657524230450646	1.332546648178466	2.3513175364457006	-1.7100668000460062	-1.556823338737934	-1.3579921153334946	-0.12566019453728894	1.4233015193633602	1.2833729594040708	-1.581190627033216	-1.7863572119898112	0.45197224506423495	-1.085670143110585	-1.1631317946397457	0.3818681087450014	2.1681775001704633	0.8045287595448817	1.1190290757145356	-0.5780219304078186	-0.40585170254723085	1.0903719227791417	-0.9103841934829936	-1.5251511583216995	-0.179566569010264	0.8280121928819629	0.7825158537886427	-0.04181042129265179	0.7628942341264591	0.20182738686308957	0.03116957180497755	0.23671767336865632	0.8582692403741691	-0.15887417685001007	-0.16580987078510162	0.023363008501547704	-0.14419519217711158	1.3165614379057538	0.7099016548212366	0.40816667480983737	-0.4764562134044508	-2.171125307327192	-0.19531260460761452	0.5668226983894921	-0.6697677600726283	-0.6852656041619779	0.4938122949120651	-0.7271176629923031	0.5589548478254287	-0.3833159810129347	-0.9381306686143062	-0.9510173422631711	0.0464290496389903	-0.04394694129537343	-0.6266399796453221	-1.0451911765011905	-0.09827489817218499
DTXSID1021328	-8.344071367069018	3.949234302204229	-2.454234106148548	0.6566491422903397	-0.19759723711473096	0.5868892561852712	2.5715636765180787	-0.13751897025573914	-0.8400941162741605	1.0856722058379469	-0.3553854106684957	0.8410199828289452	0.41569067727107717	-0.04136795111837898	-0.6617942104741291	0.40237361983751296	-1.2721946748939683	-1.9447538810347922	1.2538867326126286	1.0934414614574168	-1.482052823450539	0.5947600240813558	1.0841246721053446	-1.1481803429697792	0.3951244156201525	0.7891488267089909	-0.11249971816217186	-0.4563520776283126	-0.5828050499529325	-0.8022587325065981	0.5688618866062742	0.09526150918239813	-0.998297119048565	0.7393170612438975	0.05988904701900103	-0.10524574226259749	0.2551683581906817	0.42896560033230324	-0.1318474093241119	0.27461447547995255	-0.0713140930942967	0.9433693063187286	0.04334426130501414	-0.7394746808390108	0.5690073088306635	0.0035116997685087155	-1.0608726395296815	0.5651512444340331	-0.11776678490292036	-0.6898495438083841	-0.09623542281837864	0.25036072556529904	-0.3952451289545424	-0.5061962922780952	0.24992255255275664	-0.011627473707149116	-0.3922983289276153	-0.3773883677776157	-0.6130596222293514	0.31851265194332123	-0.1601037252217907	-0.07362974155036373	-0.7254986640200154	-0.5440110892773518	0.8123356804183631	-0.029377875990979893	0.7991068931247356	-0.2788023488895945	0.3339767815714426	-0.23724746318602055	0.48162259348660036	0.6378162420041512	0.38002808942776667	-0.5443756978051246	-0.2626103630058576	-0.11130400496489408	0.30304964931751577	0.6278169497934304	0.21756556379044273	0.20908589874069697	0.6525505041833067	0.5490486574279154	-0.05704070567021588	-0.8786158498875194	0.4747523366902966	-0.498120417518185	-0.02386131381053913	0.5395624762063912	-0.46329798661546057	-0.2441119891065854	0.46830477734414894	0.8619392428114404	-0.3512268277275966	-0.23605689086681	-0.10442976118409883	0.6196701897103275	-0.1334587894019099	-0.5141001848992116	-0.24977120008884643	0.3937783638080354
DTXSID9040130	9.282100883531339	3.045932898620991	-0.18831073864730602	-0.9504558359841919	-3.7886646186579283	-0.7629330687532789	4.0483984403410656	3.905051642969326	-1.4798006455036812	-0.4133919739880645	-1.1141666776760664	-0.5326604439185376	0.9309083294433035	-0.17573029272682006	3.0817767572027726	0.8725083571438876	0.12668487334424017	1.607723314085062	2.838771595772755	0.8162056406441482	-8.378352403519955	-4.572154205072514	9.70400920561215	3.892735130448902	5.582298321780608	-0.06002818021786686	-1.3876682592089358	1.3046342294674336	-1.8513718469720122	-1.3586686329198532	-0.17475684048288634	0.07497239023295618	0.35083351312693484	-0.49077418775599835	-1.546957848271711	-1.2913489198510184	0.2362956025909522	0.9902870029020362	-0.2839803587595259	-0.2189671434195763	1.0502924178680513	0.9193979244776453	-0.6953659761710373	0.7266262960446209	0.24410977396480016	0.3014057559645819	-1.6952431864905348	1.230425892581765	1.4922549766367115	1.9780961463264153	-2.538878775175172	0.5701842988473609	-0.8337474816812969	-1.0089935215216204	0.6251236259407517	-0.8454945220749163	-1.7938528484589338	-1.0379534990352826	1.1706844378939063	1.6574889289089416	0.9320848425023772	-0.5456648406318344	1.2076240171974693	1.776001917028654	1.2963899515848494	-0.8717913212429121	0.39538500407236266	-0.8733349227501851	-2.1156858542690915	-1.0578406872870683	0.2724609264413832	-0.8921702552783702	-0.8391116910014338	1.4944598352329836	-1.0237893413080126	-0.2103091128663957	-0.73452134134731	0.3570590816267496	1.212966622868663	0.04802322595457015	-0.39065598698113824	0.6730153481056836	-0.004502039185148071	-0.491329632387254	-0.1337532754902767	1.6148048273777293	0.2087012696861838	0.37108350636679427	1.0663857418920812	-0.2899719439339605	0.8953148670576953	0.5749404204362337	0.600614245069665	0.33435232864067654	-1.0361720866562982	-1.632804565247929	-0.06554155157328406	-0.09113393502568698	-0.982468473446688	-0.8902844125709728
DTXSID5023902	-2.3111277249925344	-1.3058113781573903	7.578026329935131	-2.9722761935878106	0.7815252965937011	1.3371618867810577	-0.34994524483883327	-1.5564302197817723	-1.1611104311699667	1.399792923851964	-3.47133553941538	-0.6705196677013907	4.437387546662514	-2.176076233738761	0.10840332124688883	-1.8134264881140716	-0.2329829603568691	-0.7740466532551971	-1.173315753985011	1.8914830192958145	0.6128224413923069	-0.4178996201488048	1.6919582276717184	-1.909717469207427	0.9719053943484443	-0.2808499930079817	0.007443246345033894	0.3440293060656751	-0.29549295668380593	-0.14055053350021152	0.44657840841371366	-1.1961489041583357	0.7176871277537816	-0.5085113937057512	-0.7805389669331799	0.5923286420805182	0.8618319185879654	-0.7085127142082229	0.9298730907817561	-0.4936448670783145	-0.03239826588082449	-0.8609637436792723	-0.16990246040531184	-0.5048892834865056	-0.08902442693085118	-0.6493111398828186	-0.3168509382943199	-0.16836436396024473	0.9431401711796906	0.44960573254959274	-0.09928735108093942	0.6201762343587288	0.2877031184532175	-0.5515366208299873	-0.0066842254008789995	0.16872509942624114	0.08409779445078353	-0.6515627921439695	0.7631119553258671	-0.0459519406046952	0.02993002161557592	0.4018384067056403	0.3819083312365696	0.4503829959061771	-0.039877155180484535	-0.8039508372704802	0.1636323022340619	-0.08158681194929007	0.07464601534724348	0.35585095636930364	-0.05658086022261228	-0.21752790124643984	0.3956775755384356	0.2333883097709031	0.022279797130641647	-0.11941794498226783	0.15029483421561898	0.0013787555686333008	-0.09124233854964268	-0.38195960275875523	0.10878989494725494	-0.033569528257924315	-0.25173749987654614	0.19898560692781886	0.2377054051165994	0.11385390627126257	-0.38428288832280744	-0.15311293510898155	-0.48567230695705804	-1.0500978392405005	-0.08315398919297394	0.22727974363308504	0.3716609651529059	-0.2354767409733549	-0.10360891663674088	-0.1053060848997936	-0.254455339997571	-0.04562049513242907	0.05016986801221637	-0.22154597289946606
DTXSID2025846	-9.316121232632712	4.226444225479817	-1.7687326963341365	-0.1607389295769364	2.0963028403762998	0.24116837046528442	0.7463112448470107	-1.373584816367667	-0.5744065884973222	-0.09312673505487343	-1.2944125745821877	1.507832684233309	0.3657711173288012	-0.5055132463733312	-0.2803559409101579	0.2896972382753425	-0.11363137107341736	0.3089577688800331	0.30347378610930104	0.5592984530780227	-0.20955398198184325	-0.3322010954852887	0.005122664561559191	-0.7640390341521139	-0.25181970078045074	0.14675122914101782	-0.060629233924187856	-0.010641414313029438	-0.21648311975882512	-0.5644111983164625	0.477969791248592	-0.013766816857857796	-0.45926404811423394	0.2475473964884426	0.39169273572165997	0.47841300470867276	0.06708238212379163	0.13369573559008052	-0.21257746720824888	-0.2111504001268305	0.22031610765482726	0.35676193639479575	-0.08973987338134187	-0.1559630791224868	0.2816794410598605	-0.38688516360277625	0.009521840227633466	0.5487887747995276	0.0014150155977205863	-0.5745655612555168	-0.15265066998741286	0.05059680949269609	-0.21198148455118077	-0.31959476967209055	-0.1346672848348718	-0.2907088130967071	-0.055109711843917185	-0.3341508930566475	-0.9484923471903748	-0.07560162373204636	-0.2842409765359917	-0.2011305852403414	-0.49406731318798414	0.1255528100050288	0.2582399394793583	-0.26040357534409975	-0.2217989856157745	0.3788890030981021	0.008516377212158702	0.37073749375444304	0.0839809343170676	-0.08960890191250433	0.16636926937457422	0.2103645802113371	-0.24898637849375882	0.1701734996001443	0.0011252189762578251	0.17711066192815186	-0.39360019898099863	-0.2209166641086953	-0.10778214300354946	0.14826778996545692	0.6096341947700296	0.07690571075125828	0.20502794428956747	-0.0010481373443769148	0.06502502783804445	0.26797166818807616	-0.43968710402582983	-0.014891924251478401	-0.017005833256254394	0.16421098135972	-0.5403151517926913	-0.1401238720699673	0.10697434696497249	0.20724626979011218	-0.11020335776897211	0.11177028541804948	-0.05688595528445885	-0.05370405462777622
DTXSID1024334	3.074260555234559	-5.694482882276364	-37.18621037801125	-4.55237914164662	77.03668868941135	0.08286531062585102	-16.74511642616915	11.458414642645629	-14.484056838233446	-9.971941985818043	3.023499155353346	-2.6901215251347494	11.550891619946247	-20.18307848078838	46.52219169579	31.233158098417935	6.587455015421719	10.401551951508402	-1.492048030205977	21.573768798137777	-2.3916663710828394	32.62333709257002	-29.011276107140304	15.251456438420808	14.256849589430274	-22.02151031635591	7.261055878674944	1.6896051004011623	4.44408470198643	30.711331755612566	33.41691399501565	-28.895232209244885	0.4797431261000035	11.738286653937752	-15.931873561872528	9.66980907123491	12.26836104037856	18.453755257388455	-23.444119850498982	-7.132519231708466	20.055226559312953	10.635042553506034	-22.94107206419838	11.912999755816791	-6.133782670440579	2.3124396694731915	4.587560343108994	1.5013145046365406	-18.787168221859606	24.170749509722178	-19.38386050492511	-3.9703126669001354	23.611540468022817	3.2380435853791965	-18.88820540088501	-28.972041244429	27.707486928675646	4.188667058345506	25.746784144729805	-4.665672922362848	28.229147680145555	7.697576281197827	3.2276295741136947	8.123549931852345	2.2548629899343204	12.457282810639683	4.090492008204827	4.081498735946326	19.076149733189578	-10.117925985285112	3.54052178105191	8.452054866028533	1.9657557278976674	-2.2139760208775416	7.957557714453535	4.228124856664294	-25.183380204179414	33.38112354215042	4.6622426457292905	-18.877005140691598	5.232008970711019	25.47824725975374	14.555136961384857	32.33228626305697	-12.056958017659545	32.866787863644895	21.366928597864117	-8.797372986090586	-3.1273248293328324	-12.832927739267777	-5.793374838177306	3.461870063683188	-1.3325861633467722	10.486243029533004	18.73493453698593	3.9907628482949593	10.85548035218322	-23.016055715261114	4.793944470395544	35.76038297660098
DTXSID0021094	-4.084040833585791	-3.052705980751156	4.220132809819704	1.7191484112756972	0.1825778087697678	3.8462957794297012	-2.1888499648630466	4.633539296882655	0.4839592472532248	0.6778570131911095	0.6945585205788816	2.291338208569468	-1.0613852221368314	1.2758191969906882	-1.3910676969814597	1.2867375474262552	-0.4051828609918858	-0.24529672284599738	0.6933788801565502	-0.07564028962890422	-0.46521415492234974	0.23059021376935612	-0.4049948536535863	0.21721274951088743	0.7768466497805044	-1.15736495582494	-0.40876969725586326	0.1516424285556793	-0.3361029926726035	0.6295233724471009	-1.1359775352856651	-0.23915923377427462	-0.8623331396629558	0.5366678401101883	0.6841425478552453	-0.15335485080443995	0.17567347019753637	-0.5783673748808457	0.07762258232199704	0.2634893250509658	0.2802230837230038	0.6050678097302767	0.33533800329633323	-0.4802886662409501	0.14609717746698994	-0.016028189187013746	-0.8035274283918579	0.361482418699554	-0.3947840450001603	-0.14823563430365808	0.032557658105042894	0.2080442805752715	0.4723368380715949	-0.45640855048703277	-0.0009457531129625884	0.28120688992450343	-0.12212556250069531	0.6238653056117555	-0.9417798458945404	0.25528539023420244	-0.1567481728239574	0.3001086974493105	-0.9015046056868007	-0.10572151683695902	0.24072961085527178	-0.2650689832909609	0.3760592298053827	0.019904266460691097	1.0496815975594094	-0.3815351167094184	0.1343164027904892	-0.01746580381123537	0.408144053089513	-0.21138381286724817	0.08300704577997844	0.3300236648405085	0.03756244739173111	-0.6692282500457614	0.4556884659625927	-0.1976729963379746	0.03607694509552703	0.32697504107318187	-0.0864687466969073	0.14133932219199896	-0.0007480646805710239	0.6146500217721048	0.05445992550428855	-0.5435728093487232	-0.580642531544562	-0.12413509506856651	-0.16280376169547642	0.07427233599383377	0.1307455164674825	0.09257750916592478	-0.055894483197894564	-0.061888838991130915	0.07718781352137656	0.002651847887305546	-0.008341421077001627	-0.06291459667343502
DTXSID2032550	7.853951619748756	-4.119884718319217	2.1581716245265783	-3.002492250360575	0.8180988825716938	-0.5409351084717069	2.0720778083391274	0.2343908316186597	4.26607812671875	-2.9013895379593406	3.8273996769453498	0.6498763202100826	1.3562515444345062	-0.03735943379588146	0.34144123824901274	-0.40489325902167606	-0.986485757437407	1.2284762364892752	-1.4007383585038955	-1.4073895047160339	-0.10085518733563759	0.9127009061423279	-1.128896482387711	0.2873199622629701	-0.06865352589549166	-0.3871773682654474	-2.043783978291103	-0.29793420971676043	1.5089362843569758	-2.037407709361229	0.5156859763565972	-0.15104172412824593	0.8426328745190773	1.7458679435349118	-2.8464982353992663	1.2684001045905284	-2.1724154385424046	-1.3681974854362793	0.567497693505509	0.1760950161892603	-0.8289926210514172	0.7793587427050889	1.1135703278831197	0.7848324148990686	-1.7358105052044297	1.9308472522795637	-0.3125629963727215	2.6828566815907107	0.8590936692052813	1.0818646041438003	-2.249655546019771	-0.7351504226649649	-1.237272822301559	-0.9115862897822482	2.662168697405323	0.5928393212894243	-0.18160188315402173	-1.346991987029237	-0.9066640830573502	-1.0706934366992837	2.0228876462647767	0.06078709277775789	-0.1445310671673259	-0.6986503548011189	-1.0699855277187011	-0.6127161144315941	-1.4860271074699327	-0.1470662298714594	0.5306770802182654	-0.3568557100589785	-0.3580558075152025	0.9333012830810354	0.32744145159405813	-1.1931059359354086	0.037443939642151536	-0.3453646848424013	0.20997475652808084	-0.43621893916140425	-0.23480425847977315	0.028292931342547744	0.373823940237819	1.1426365969945265	0.3944023933882852	0.9352567997687413	0.8228780315431513	-0.24132589739060498	1.1871134800424066	-0.5836494938966648	0.595917999467275	-0.2384446408085345	-0.6484189058942137	0.0014643746712302147	-0.40673300557001485	-1.1745812533364675	0.3654706962606637	0.5998463058645191	0.15554399419223902	0.13692111866830858	-0.3897495156781113	0.1839302291021119
DTXSID6045086	6.8136666927692735	4.926546395659882	2.3268409248957753	1.5181564295066976	-0.7092656745592488	-1.7508007463352258	-3.7991982988086	0.1794849551446436	1.0133705496200933	0.35355561936344715	1.0496162313083248	-1.9762730806472986	-2.288540639713646	-3.469834823738788	-1.5537744279916288	1.5452482796559037	-3.415939800205106	-0.2381762135748596	4.526319865655421	-1.0409295440209059	1.145233341060288	-1.24620838701859	0.4583604101676563	0.5432646020772549	-0.6128275094942888	-0.5809056287188157	0.558995324320884	-1.1511357697281706	-0.32213172434150056	-1.8068056055281367	-0.9080786476341144	-0.6972559593058935	2.034863617462378	1.1968492534711095	-1.207629317087465	-2.891308790565042	0.48514570679244673	0.7300914758005358	-0.45539539169143833	0.6454098385543341	-1.4438159996645947	-2.4428678993515125	0.0872919142479451	-0.380846420539473	-0.38741420484669026	-0.8169660509092158	-1.5924541790221651	-0.926999271876744	-0.2615466660438611	1.5974152813971219	-0.5918466059050778	-1.7226449913073512	-0.20873977582199593	-0.009349422157405708	-0.3796045317492968	1.1448079822002795	1.1994131013416975	-0.4013590589397165	1.4104485550240824	0.06339189061146094	0.07967438852607357	0.19121338174474967	-0.5343991864992576	1.4663148690814067	-0.8948533948382705	0.4546899940461326	-0.3408905659492483	-0.49727142551136333	-0.07504486474633548	0.41513479961183297	-0.2084344431399165	0.18260305140895705	0.22905937600838028	-0.9689209051774075	-0.08339376611362297	-0.938185080703393	-0.4937231928315882	0.4383665227203499	0.15039397732933718	-0.4764156066496063	-0.32619745403582046	0.06938516706779581	0.02982372177712277	0.45861230150316007	-0.515690886228258	0.3834531488553916	0.007401481148304605	0.9060318759469436	-0.6120398974041114	-0.17547860514938093	-0.4635338680407483	-0.268106379390939	-0.4598256369650945	0.6193315249033676	0.25225377714057734	-0.3962067542825405	0.18401333343672296	0.5252642082801201	-0.44956227568060886	-0.06902253451777268
DTXSID4049404	-7.838289096398937	0.21845467391004564	-3.895760909112322	2.7514919001306235	0.3487927592459007	-2.8239288469905213	-1.5837291701843041	0.23297862892362306	0.4309713520154877	-0.2665945140599783	-0.6304732024442435	2.5071903124641564	1.7515098391854547	0.588254867996214	6.889171879782604	4.899512820905588	-4.342686034367599	-1.6009602344343743	-1.3188687873469604	-1.5480800260991456	0.6620484296397497	2.209058005531828	2.2301655678823775	-4.720165198698569	1.113606787402087	-3.911955920311839	1.212463580592636	1.866899152770464	1.2122981806563635	-1.6580396932619152	0.2938981643732674	0.6983090719800255	-1.474269869260117	0.7577156421390537	0.9702683996203995	2.643494479876852	-2.508928695011951	-0.7404990657501168	-1.4763676042741634	-1.9495442825033593	0.4549522212920625	0.09627097014163057	0.01787112300029998	0.024904961561955645	1.2339838113386377	0.19691588902065774	0.8250941073969951	-1.1313162445443752	-1.8529356732414366	0.8980902985284241	1.845469335533776	-0.6052741769112603	-1.025160478431902	0.8572847870088337	-2.6201332367699672	-0.4700061842501633	0.07900650814868937	-1.338658368001263	-0.11614448723796142	0.4876084277605818	-0.048137693382823414	0.9171221185956532	-1.5306474349137766	-0.6084008759943751	1.0670225404684202	-0.6767412947342994	0.09255498057527835	-1.3204982181409117	-0.18855325417508945	2.1305200279490406	-0.20990442369409582	-0.044310732850486145	0.4321041659826895	0.5944512479664171	0.7180282851969558	-0.530763249599894	1.3561929315582584	-1.0123787157215602	0.11793449981203137	0.796266954884624	-1.3830367191146944	-1.1059497394708098	-1.1367643418627156	-0.8823100777256875	0.08544515526556172	0.8157740184546904	-0.6544831269970628	0.2639989287557766	0.5955028890302595	-0.6619080491704318	0.5708149000651553	0.9381642688207319	-0.3800317211476631	0.3217573314730386	0.4513086039797132	0.721164526784902	1.1563889121263222	-1.2265428728049774	0.48823134244790284	-0.3986073962244555
DTXSID6032649	7.1510928393614925	3.4499437233002648	-3.3254283597385594	0.4892373911494483	-2.5308366677507363	4.3736809472921605	1.669593967379252	-3.2478886065624946	0.6954702312306433	-0.9593993311580767	1.543912457753479	-1.9515728140761444	-0.411761186746661	0.9614037069306978	-0.28630978084677444	0.8678737579763427	-0.7691421790436338	1.8108197530972927	-1.7458915739175578	1.6523903691897932	-1.1686984770033937	-1.5871646221795983	-1.2213400619325214	-1.8510935233668468	0.9002790547476502	-2.8541741984100737	0.7566321361012323	-1.2285073970162335	1.1912751813065003	-0.42181172002302103	0.4729640962483293	-0.16000975384711347	-1.016169652840201	-1.04313387777426	0.4975231756252218	0.041062637798425235	-0.25626732303547806	0.42418949305636156	-0.4941787197091212	-0.566067844687803	0.1174769455547211	-0.3145001530971229	0.9345984381320425	-0.24013395777176588	-0.46692506558934166	-0.6809579456361331	-0.5368912686927217	1.3888219669681936	0.3007246916710587	-0.005547073069558627	1.2699086734802867	-1.0798299778660774	0.4316012307669713	0.18147824650629044	1.2730694326027665	0.49064399096667294	-0.536616645262229	0.9855917796110183	0.7591393747916328	0.9931678118382944	0.3691802393116146	-0.4292690192230924	-1.7548416586751676	0.7583028087010423	-0.3950072826878664	0.620264164302796	0.40435746394996613	0.11842890183543917	-1.3718550068845654	1.201062404092288	-1.2308043252571785	-0.6330594745725241	0.7094531011244223	-0.3523740731776176	-0.8736791443625377	0.4625300336903886	0.3839409794790691	0.5874468140175592	-0.12666536416100024	-1.1999403121501167	0.885805184663085	0.004128450920005277	0.10721613545475563	0.08550923096441518	0.10834607817780811	-0.7402121885894148	-0.033035621933866686	0.4013130502337293	0.14240680688844987	0.36805065846655755	0.3316234456790618	-0.26174451642485647	-0.041311041934261564	0.5207328936145005	-0.3118834307853674	-0.044516482315320155	0.37767365113126833	-0.6815490798215449	-0.11080018494342823	0.21651758840880672
DTXSID5047453	-1.1302566985041547	4.964681217775528	-2.4095589680988345	-2.838835361612911	1.1311369110591718	4.034008825121219	7.316566480445654	1.2232011106101992	-4.044961347832581	1.7822285069581592	-3.526996566065312	-2.598892872904199	-1.3442636088879287	-0.8497122882705472	-2.0362251262124778	6.400756188456823	-3.3014735017573824	-6.563357237556223	-0.016419257251918756	0.5240001046428979	-6.650376577397107	1.1315251231442216	2.7743766178598057	1.7237631270375129	-1.3494253055012715	0.4295061904323104	-2.1848971626935394	3.0412234161616376	-4.494389914633317	-3.9946890124107166	1.1483410901429514	6.071126631047775	0.747055145629844	-0.8157743187135469	-3.8122447828477295	2.177347673204435	1.3197182147881976	-1.0607828018545378	-0.25125608711511904	-0.09867356177784073	-0.58339877583404	0.414397463452809	-0.33274070675205847	0.6460096767668428	2.8814751250228507	1.6299350363132532	1.7623470396650787	-1.3869144043995891	0.08036648444492697	-1.4391607665087203	-2.3756733410990893	2.1900185811272816	1.6328514361180209	-0.6591071355957108	0.8702055772441311	-0.858823802363402	-0.7201485587894847	1.357575740948885	-2.858675878726689	2.2173101167465146	-0.5234553603545913	2.0145941972838672	0.22704590155889662	1.1836659428674765	1.6378722503731666	0.2578943622055563	-0.07509415272403351	0.6503966047518196	-0.8899979045528895	2.466372326460173	-0.4975953265661846	2.095960771889438	-0.4478063253845779	0.9372379275119664	0.48180901598509684	0.7859213572998112	-1.479829761712253	-1.316704419984184	1.6483573267126272	-1.0939663400569688	0.0006908003299424508	0.6065893072959042	2.2889190399610526	0.6385658819546961	-3.0174319273976953	2.730151812385168	-1.290836120793361	0.5890385350863534	-0.9522235134878633	0.43315750138717557	-1.6540286653636722	-1.1796911201965357	-1.0479448813766914	-1.2423286683969605	-0.21689560896621032	-0.37294474735658245	0.14130703904999506	-0.6524147841695654	-1.105219517895863	-0.4046558640566815
DTXSID4042335	-4.690166469447559	3.022650441336703	-3.7873532660989953	2.3627902185922713	0.6467272201947478	-0.45005158738880363	0.9067504217540473	-1.3955910153173379	1.016106964308972	-1.1277466997832775	0.9039227076460362	1.6153345708743296	1.2625042659065109	0.8507975867823201	-0.3676888545893019	-0.569359692344816	0.4138855637636828	0.40075163032943073	0.42963452957269965	-0.14297571746901988	-1.0653421802547614	2.0150661058709627	0.09449509725710939	0.5402421765927382	0.26482515011739594	0.3860815893119477	-1.1220680195542778	-0.7347316869927117	-0.6116344452147817	-0.3181411780310746	0.03067296220039561	-0.5401158817798594	0.7030988739416317	-0.012520623363615284	0.025076522309589108	-0.3756190158775614	0.22486525743080876	0.6175484945633519	0.09717901976412628	-1.1145937414469345	0.4583561707881127	-1.0341489646227673	-0.2697807501969801	-0.4903222547308326	0.5339848765290612	-0.0708039789236605	-0.8543869565279744	0.19331653741641824	0.7635801300821113	0.14565630802982577	-0.4520895232038293	-0.43598504245891345	-0.39256879647234033	-0.3851937913179805	-0.5064846703120202	-0.490954458520636	-0.6247172348922595	-0.4361013645892599	-0.12673410716804767	0.775614933829363	-0.010252463686829832	0.036794891272863554	0.3022019277157525	-0.429883890747155	-0.1271069802184632	-0.015306428783469744	-0.6264958119081195	-0.4663719449155993	0.9327273634091149	0.5968922189471748	-0.5361783099442811	-0.5971894395017026	0.6653992355243044	0.1249861138092491	-0.10822080727747786	-0.09336765844126804	-0.38343326681290557	-0.15145031368172698	-0.3802500248367593	0.08338548675463463	-0.15596101835507709	-0.4372164328040627	0.18103637772659986	0.10819344407162955	-0.3789993888032469	0.026405143931369494	-0.47926902405701893	0.17236600877318276	-0.442598239147349	0.27499666027141045	0.5982876120710379	0.7486702854778746	-0.13999728215380655	0.009715692854079938	-0.3923682515883979	0.30406189265197575	-0.049514853633012224	0.37892061736581933	-0.24966772146925567	-0.03903692179697966
DTXSID5024504	-3.9298488108534135	-2.383597407173121	0.6927511347931964	3.64102959222266	-1.7039422624205842	-1.8357426343720789	1.5254267480011905	4.582974444399951	-0.39178776358363465	-1.370856872054603	-0.10776036482048039	0.7144154154886094	-0.18664301137320172	0.1555330057139745	-1.7117606816305435	0.982106498426386	0.5402705826578146	-0.5469502414756254	-0.2593066968985828	0.5402828105202002	0.1531787862967823	-0.21396407486321617	-0.03962928324056688	-0.6847391000304317	0.6245666636436831	-0.8251164718278964	0.8530790345333779	0.16214206863669034	-0.6837183062883972	-0.4467594419920038	0.04740893255957043	-0.2847097902426567	0.105612231442718	-0.027981479241899768	-1.002148827782156	-0.14347798388689864	0.9934007113167187	-0.6686862099154899	0.5141201626761901	-1.203572606345927	-1.0639285199199868	-0.16310696724286858	0.6402605533503707	-0.39979219154023315	-0.8145763912696569	-0.1579558376743593	0.2844087080753291	0.5802847726491952	0.5043119085435682	-0.32079330299401726	-0.3286232448631144	0.14620736659022607	-0.19117984943569694	-0.5823947470093074	-0.8856395528448296	0.03283916903215691	-0.7729651684964257	-0.14232876138572198	1.1673527418917633	0.19250299775101398	0.8483644493735301	0.05920436195736345	-0.25489396061377034	-0.081792852104714	-1.6706625240792117	-0.4072730918231934	-1.211426495766312	0.06709894434613198	0.13169838576091775	0.5155712106082302	-0.1701936682536408	-0.3543932064506391	-0.5971153982037865	-0.23003245423369445	0.26985870055560407	-0.16872708545223108	0.023491509231570586	0.2009501698878561	-0.12973916662191926	-0.10308608643927328	-0.8244107119745451	-0.22469131470123432	-0.1442987611116384	0.09255565269948447	0.5600321749170379	-0.16208496453148066	0.7141634354384945	0.13908079045478225	0.3033774491853377	-0.2816788887039865	0.010590008575058802	0.04982769444762607	-0.001196399888336059	-0.1201584072763335	0.9048819402412451	-0.24802632025608967	-0.4226027293862788	-1.017320826854748	0.08633323244220163	-0.8843474516507315
DTXSID6022133	-0.6190901548709565	-2.455042340159133	-2.8748087595215686	2.8307272111827118	-0.018626889026885043	1.7945543433784135	-1.130450841346814	0.8910560843939055	2.1954029360521803	-0.2770723036804585	1.2326878530385708	1.3192181267388903	-0.6496260460115321	1.1108800124660754	-0.7458662222562747	-0.16468202338780394	-1.3132593799689443	0.8612719912021904	0.04924796405413166	0.7184964380564989	-0.6025923305123413	1.5601850053940296	0.48330992469485384	-0.17724889579192837	1.0385744834223725	-0.4988556473185285	-0.12080190957681639	0.30982744962544784	0.6729620981331115	0.9726900023606414	0.10878837474755047	-0.5842723292834111	1.1322924430972043	0.6695025080400863	0.051778530141909355	-0.6990958890668445	1.5471892794379036	0.7315564574494589	0.0939523227021113	-0.5784654212403232	0.18557433628159528	-0.7983851542153935	0.23627599562041204	-0.4129500759367001	0.27741841712292586	-0.10920163958749145	0.051099594531619476	0.1198314829814271	0.9187267167336236	0.3416940514158534	-1.0560643429172771	-0.7902521986530728	1.9709808432288776	-1.0851436555357632	-0.1373000084227193	0.3011553317762474	-0.2722120621292189	1.0409883632529542	-0.0841910161122983	0.5710756431361186	0.0572956623394425	0.991611527857075	-0.09862471075066598	-0.18253774121378213	-1.1301809304209227	-1.220004470515189	0.10618654951458431	0.9940796316037965	-0.27323466910109184	1.5599401634481493	-1.543517145711102	0.028852506258912145	0.32049098113460434	0.03925701439618513	-0.7863374232302747	-0.326101481468415	-0.12194096517929008	0.733459010547124	0.887639895726405	0.4687651302610897	0.041239146875919154	-0.33216637747965255	-0.3927330347832167	0.44393079843357786	-0.37737067991043	-0.4657406510347747	0.060977400755748465	0.787960750729918	-0.32088650531748447	0.7990421367959045	0.08502298049622811	-0.2792788109347396	0.03297192976611696	0.05975860214198098	0.8517639910348065	-0.4164935240731276	-1.4983542336234597	0.371523135831866	-0.6468988260068653	0.7798436072134173
DTXSID9025588	-5.155774798708537	0.3567254791257763	1.2269153345247796	-0.3111836706819121	-2.0300255345233	-0.22345432365766485	1.1030123586494738	-0.1310731092006515	0.9151568268262943	-0.6866146446983469	-0.01505573350658462	-0.004496443875921701	2.0316369071241955	-0.6839697027564521	-0.2531630233332523	-1.190685975064919	-0.6102390987040249	0.04724333579438735	1.2404744641361531	0.6925552846654967	-0.4475346083587983	0.791622234261371	-0.24485621127453372	-0.3083736699746792	1.1383486647036518	-0.06285272134398141	0.5240232438246059	0.08199988725334048	0.1515920784426219	-0.4990464786667404	0.005417217375233158	-0.2695572561649232	0.27794009839881634	-0.18103966240903135	-0.6833503742664689	0.7751132846684587	0.04590714608950633	0.3119568083298241	-0.8733632550233902	-0.13667663238695016	0.02306662305484164	-0.270581411392445	-0.4537575335686751	0.5427043524081157	0.15770196601923078	0.3932550901506086	-0.16269752673281496	-0.5089376329712272	-0.004332279519527708	0.006416211881936164	-0.041626016246673316	0.22053799615314046	0.05396387550134697	-0.09562245926795875	-0.5445566388613582	-0.070506581212502	-0.22113960084505938	-0.8083929291156319	-0.28065216196308934	0.6100398119815743	0.6212070335970662	-1.0773354166771176	-0.32679455397071405	-0.36900746256073524	0.19173071277895434	-0.019301837482853954	-0.19242922526896414	-0.32629865968214194	-0.1767468330958174	0.31234161568848134	0.3667738543541457	0.19808007580403336	0.4602756720485815	-0.2988856191764696	-0.4365182217402629	0.08297558795056321	0.5435693526809684	-0.39156047396064847	0.5499933818474843	0.3384374938049053	-0.3704520901532786	0.20287156472544798	0.30436637843136166	0.5633618288148141	-0.01078863523643471	-0.5072171004347665	0.6923821392696562	0.02628551858213923	0.5681916327262175	-0.9842954482813866	-0.2769345088188236	-0.16897792474105744	-0.52494020966883	-0.025679500529673847	-0.746107229677845	0.48444314244342146	0.03594389067972254	0.07493420010956721	-0.03517821425270836	0.08714447037448525
DTXSID4048773	6.718129700025813	-4.677016689009271	0.5473916509898558	1.2235452988505877	3.8827625107021	-0.8147088582547408	-1.4323165748384226	-0.989252002747798	1.9407787805807306	-3.1879959278156202	1.510813564076231	-1.4620071153099277	-0.7023724911961449	3.2342281414172827	-0.6429568608823976	-1.5829645927893636	-1.7015849305783848	-1.740136467263364	2.6411856565490432	0.19392279523723996	0.3413306679382664	0.7141538389614153	1.2600492884370682	-0.5438470127119359	-0.4146728673882956	0.19061119443450206	-0.4279826712803437	1.4948904027149421	-0.09071345612533913	1.49459755317538	0.7762247143404861	-0.6698969194042955	0.007558698701154508	1.4710097011574996	0.2868934806993836	0.8800688264802177	0.3874603583703372	1.4631515862917883	0.039601844453614365	0.22959285949447697	0.6356888754637668	0.9592865161663724	-0.3676781051657917	-1.4386926987750832	0.22117156337365418	0.5113145432157755	-0.4583803155598885	-0.7644592268866334	0.3271584928186596	-1.3208695383855114	-0.8220932247777619	0.22974232881645795	-0.11607558864920031	-2.066423019343237	-0.9842953219810651	1.352812563640664	0.23005158007999987	0.08151964087745103	-1.007498292260952	0.11061843462705861	0.5499689782661613	0.058935954313071776	-0.22813395688469307	0.3691053697110119	-0.3764204098853148	0.01545202583839041	0.616143932404584	0.469235630871006	0.3043389507856679	0.1064546301755937	-1.1875955027880902	0.08103384253994872	0.11639735063547338	0.334839108789814	-0.5519530082458546	0.44239440802453905	1.1422199467133596	-0.6908411616068584	0.3993265509779066	-0.08854568123892739	0.1328146055144229	0.018562292378224616	-0.2541773045007798	-0.9373150204261108	-0.07098945123251395	-0.39671267942601646	-0.555624853711164	-0.4681430920892634	-0.444270989984621	0.7692481165618125	-0.4791950645236135	-0.053627510877751576	0.19556562779160702	0.1282294710025728	0.31266946733879997	-0.6568989770255841	-0.9078418448004528	0.838073679206874	0.4341940385090909	1.1642220964094723
DTXSID7021601	-4.599490739450068	-0.8688319717703229	-5.625742100796026	-2.0695057257056075	-1.4787568176461048	-1.9718464964213716	-4.554623824546351	-2.7567169852978077	-4.311737060447075	4.068946212677649	-3.1327092986552056	0.9599185280320738	0.14080822038988552	2.32740539476389	-1.3490956132772702	-0.5119616415622561	0.926274166608524	1.07544026087858	-2.139949621151361	-0.15061280395555746	-0.33744710862818283	-1.9059196046039653	-1.569562477926235	0.028981021583435185	-0.6191073404530364	0.6319799428685268	0.3231248535157981	-1.2764369094684502	-1.1975218329842876	-1.0845772588944693	1.4032783619278444	0.09272709331931948	-0.8195612045567825	0.37574310449402787	0.3810090406812324	0.8547199393667013	1.111402871596931	0.23030516519150884	-0.5057322770069298	1.9152231001914346	-0.43327323281601626	2.312831491318446	0.23586284846251124	-0.51065337032079	-0.2010185876419865	-0.5110030013072889	0.018634186249219642	-1.2834643148445024	-0.5487073242941867	-1.8141177237195951	-0.6103833406661612	-0.45322205225355533	0.21047986828727036	1.1599774076720026	1.7393668867941916	-0.12707189403265343	0.45902030322608184	0.25500203257137255	-1.7560351232393534	-0.8979756741935754	0.8745346385668117	1.050149662665547	0.2832151565549025	-0.1723237801635079	0.1556461628265939	-1.0523491310666055	-0.24657173173735633	2.9886405657781165	1.601291411866386	-1.2888351660715434	0.6552666099161553	-2.1095918715852333	1.6102118905106453	-1.9076031534618414	-0.35298298336685036	-1.4302729897795607	-1.9589639506414078	-0.5094092501546442	2.189589910490696	-0.4166749610549586	-1.0305074090182298	-0.8170492809339793	-0.7044955090062234	1.2200300392597925	-0.6871276807076292	-0.40458459940200575	-1.3454219375082994	1.6242940007677482	0.7733623468277188	-0.7164324882111929	0.2773209678718604	0.9387015707674562	-0.9582046815696019	-0.8077377146779245	0.10202654205481669	0.7043647881157183	1.2254718034416605	-0.5603062616231484	0.6973288298743897	-0.23236718554101635
DTXSID6022187	-6.314240969524475	2.0525561688860225	2.1156268669155947	1.3811138644026528	-0.07733033027101659	-0.16576560295609186	0.5700535458674031	-0.5916080112517637	-0.18840061556950172	-0.2866104703677694	0.6145562957873305	0.6299921376004685	-0.8244905434110537	-0.5455193929146629	0.292938417708325	-0.9590928634427817	-1.218585741750479	0.4165887659561062	-0.17739980983110445	-0.354711108718675	-0.8998829714916664	-0.06121496520759717	-0.7028147992850677	0.6505122700960324	-0.8776028137170643	0.3656787345059366	0.4150861599143455	-0.7923565919063206	0.4340299437463585	-1.622581020932318	0.35784565889914627	0.0782933907418833	-0.06319530575814211	0.28674359208380407	-0.3359924499455178	0.4700282121384725	-0.9136499134758822	0.5997224831147092	-1.217507730379808	0.12342475656450402	-0.17847826242227885	-0.08428527507467107	-0.03303625241224119	0.0526007571707507	0.7070514703102881	0.8653075368635831	-0.43728917556962876	-0.344306349344012	0.2858420158155558	-0.18466861297088763	0.32430484472002086	0.4578401968159372	-0.5480443031283292	0.3061004038372663	-0.3423881499326047	-0.2866571032645181	0.5386402562428646	0.2773368842081328	-0.03350581955538461	0.023622795401733343	0.7715934112663951	-0.7425981568320251	-0.21980760913127753	-0.11636204566095423	0.2525611139373772	0.08746988521884469	-0.19734840845786542	0.14319000201932225	-0.032236454544811194	0.0756150546060037	0.01563747850355579	0.28945411305445184	-0.2383914555775616	-0.629380582488225	0.2940174243284031	0.26591390569703793	0.20953443875024255	0.07836796193520712	-0.18222496463058122	-0.0908577745557352	-0.1486014718545462	0.03329679950695514	-0.18137473549633487	0.12689802174154574	0.04940893550654943	-0.32101531694357627	0.1854782938443508	0.11022451443437337	-0.22323029956654303	-0.03496391171226817	0.16748640219827732	-0.1619015746771494	-0.12461491248152141	-0.193744208767482	-0.10128757110611694	0.14429134580148278	0.15153275535049548	-0.20526507595367352	-0.24221243005960638	-0.014955565260923029
DTXSID0021040	-5.3388017617790995	3.71470517348764	-2.413888420536851	0.04701021193259315	-0.30058868918109144	0.4373600582971381	3.1287789457151756	0.31339057190548725	-0.38958198288792134	0.16403533810923784	-1.1956022912290165	0.4864605970504422	0.15559665699960226	0.05620336010268051	-0.6108639553657371	1.0848579650446262	-1.0181521310794532	-1.618181018935795	0.6626667176587869	0.7895559089262366	-0.8794651751005751	0.08592399354171945	0.5955123223177495	-0.8227685928804604	0.4582017297953936	0.7901007940467963	-0.44875723587058	-0.2896516295632991	-0.03392230257415975	-1.2543506767219232	0.6795699349741118	0.5728596440772374	-0.7135873970629915	0.7401344955228442	0.19325735296484328	-0.38206728694980213	0.365162758838571	0.5708593792012363	-0.5098454689214831	0.17143136027943795	-0.49035977251279833	0.6598261498943957	0.02219532908151103	-0.8343973768807303	0.2918894121080492	0.14305088155903908	-0.49927219927735594	0.6697244206849907	-0.8346691429341195	-0.31891176781153274	-0.006641864711176334	-0.13535757767523973	0.040714957143249575	-0.4908191464895241	0.1368341313445255	0.1871182938203621	-0.39075496669761467	-0.29890645836568774	0.05810401679138915	-0.032392891827790385	-0.22066239766425708	-0.288668782576874	-1.09337833765276	-0.49197988813497534	0.6328824752004623	-0.09091384515651124	0.5506355651723354	-0.12353205918624581	0.5303918644299929	-0.6223578979875973	0.49047978088239524	0.5540949283890133	-0.39659972750320666	-0.2214369863210911	0.09193669689763487	-0.17980428072548194	0.22483259153858765	0.5076058889142802	0.07475129692088972	0.817941374458853	0.7652782207119302	-0.05542136151680198	0.0971385252365199	-0.5616497743437084	0.21076053174631373	-0.04934033093679667	0.35794097599847147	0.2656948920705673	-0.3094424974524739	-0.14562846978575275	1.182053884445657	0.5788080344853439	-0.15669365197881335	-0.3529377730747844	-0.2773770177661759	0.12940525039534517	-0.18373562152806022	-0.370015959392609	-0.2719322695802061	-0.24102807626701467
DTXSID3041405	-3.7542614556691736	-1.4438764690516064	-3.3731766194643953	4.510851193550501	-3.6667089730750595	1.59984658040616	-0.5567546023139957	-0.3138814446163447	5.233604039120668	1.8561074393103223	-4.985785651028908	-2.8784854556781343	-0.5035692886093324	1.0740587032526157	1.6382797282651642	1.291078866515907	0.912093026404331	0.9289335574076333	-2.393813078258633	-0.20816551708306888	-0.15764090874600528	1.084349367273062	0.433083672825671	0.2307495285509697	-1.6179837001626503	-0.8375331032964546	0.6072828375717446	-0.8564463749918462	-1.6694915384915976	0.4701411876956876	-0.2733202773763345	-0.5813500436419672	1.839373331844882	-0.2772371795982251	0.09068140368281132	-2.18256608921325	1.5928100448977347	0.792529491774999	-0.2367871966353375	-1.1918079821599075	-0.13839201798954234	0.21294627891720955	-1.1107340972548825	1.4679630690570833	-1.733000717033038	-0.7827711485425902	2.9201603004448207	-0.2960365038641931	0.5319172706792367	0.8627212907083904	0.5063187562728624	2.1027715175922332	-1.4418948456817169	-1.0318274073506235	2.3435215633324646	1.4665614202044188	1.5621941332719629	-1.061944807745955	-0.4460649629844333	-1.3267797734730402	1.5756261846677477	-2.0173164575542906	-1.2169606399472521	0.04025491170161765	0.10563999432072532	0.6055783653142052	0.4291463995841806	-0.5472604874161278	-0.4653773350107923	-1.5830822040643262	0.1032744325605983	-0.3424633412376622	-0.6095579812289605	0.6262525679822349	0.5288477247904253	0.5898818423059936	-0.2762209901745234	-0.521667278099243	0.025275374593229746	-0.13889926218100354	0.7165531948281246	0.49300161076412624	0.08068757281608102	-0.16267491619868402	-0.28282883944396736	-0.1652159810958606	0.5876315497941592	-0.09184783341343758	0.19890658255258004	-0.45879799097706436	-0.007273946602309007	0.09491519123716943	0.17635204704809646	0.08105728460734968	0.14849355505196465	-0.09944491584051295	-0.2603966329632766	0.06812354438056217	-0.01320410555777801	0.22035236709541425
DTXSID1046342	8.391608163198287	12.883861970656339	2.337308363719446	-0.28427664329225466	-2.256353455445869	-0.2183573939897909	-2.9416958041842522	1.816306785285712	-0.5509068424822439	0.4255392678420594	-0.4905092437131641	0.003502500346195199	-0.7502269262729989	-0.19902539564064467	0.14840036532925852	0.03482708201205892	1.1994666179594502	-0.4608018828722735	-0.7480342321330482	0.09312420074100035	0.9276764400409849	-0.4670658404220452	0.32590514703202655	0.25798806517991146	-1.0092093649514218	-0.5824122023611261	-0.4507234227581676	0.5870669973202154	0.2079368548269259	-1.1344269000383747	-0.35048249025629896	-0.6110313226025744	-0.26564260149346486	0.587720015467237	0.45746633807193526	-0.38560955281861725	0.27870959395979056	0.1134740514328687	-0.25104382181271373	1.486092005489062	0.7775575804242809	0.3195880267191322	-0.7640499309939699	0.01807525395194114	0.278889337962383	-1.0056703801639864	-2.009944823723609	-0.237174778409996	-0.8108893789713807	1.1604449630463165	-1.194081733637686	-0.15148851497765978	-0.429567237470365	0.254372817863294	-0.15345940570438057	0.5137026646196646	1.4699896100888874	-0.9906137317533061	-0.2454817695171636	0.3702942357669361	-0.6479357911776996	0.32963652570939816	-0.7194585666633708	-0.13734507085392034	0.25522193349465927	-0.02526228847299744	-0.3567786752891766	0.7945688748244485	-0.11441379909216096	-0.06414225061604824	-1.26774232050079	0.30436887510088106	0.4464310569988519	-0.14818966781907453	0.7711530887537904	0.7840054763959614	0.7781512090062032	0.08515812896575542	1.0863022670459008	-0.35134040655557724	-0.2376855682161572	0.1086330455784909	0.15211299824977687	-0.14755864625948134	-0.6035412057711727	-0.19328857341033154	0.3774805523609733	-0.40744025186935046	0.30804248406388224	-0.060266895283137396	0.2525308150206474	-0.031024938648685746	0.17712082200629603	-0.4678100363591025	-0.3020469389243009	0.6308606374980404	0.4868639324172827	0.21933026174980808	-0.2421456115344596	-0.25102541366118325
DTXSID3020881	-1.2686200873069626	0.9314325050103568	-3.3502429106481264	0.6656438523965971	-2.3136566844525768	-1.491448389786922	2.944294038259308	0.9045637128014087	2.0060265460967073	-1.2692070033268859	-0.366423636817257	-0.910471436510434	3.3472896279208424	1.3000724855233885	-0.8897781972851527	0.8623825549020876	0.7995382720120359	0.7437306263170775	-0.23707271771499183	-1.2964650323084925	0.7239243420741399	-0.20911238815971475	-2.1735035572716614	-0.8387342060727511	3.123260167024645	1.6800582637665205	2.503361206406435	1.7052430370932903	0.299127195546275	0.18719832977066153	-0.3778893710475283	1.0298239925094643	1.0308680495497369	0.572708835211832	-0.031006455903662824	-0.057439135366165996	0.281916442743914	0.7236633155550706	-1.010894800802224	1.9788276850614817	0.45324822846845647	0.7978032035859831	-2.233794834260331	2.023665650722853	-0.8324560641595824	1.7086679257453439	-0.49221719404171776	2.814231358591782	-0.6878010258760837	-1.055122867351888	1.0720076264588847	1.1116131365310302	0.037109626175976455	-2.811021400552301	-2.696445315386836	2.0329755628184447	0.4835556774224748	0.9413455409246887	-0.38773221678167286	1.0355999281144872	-0.9219707844935702	1.417980363504536	0.005913852191109526	0.7638401055054295	0.1482805172998453	-0.845639956570922	-1.0441231168559353	0.6800865063082552	0.028785740869791514	0.465944118368608	-1.0727587577879978	1.0908317485027927	-0.24002544522888444	0.016678353456861503	0.40044801134514857	-0.5186389916377103	-0.6563761191693348	1.1287992996266474	0.26256896286419856	-0.3120667391487106	0.01742473068266104	-1.079119782531738	0.38705632764891834	-0.030520564453394936	-0.4081127687548273	-0.5214684054165061	-0.03419771161136456	0.19349905550547594	1.1386146002333022	-0.5870577902489433	1.0406943341785473	0.28188202814418606	-0.35063861959595144	0.02919865956730183	-0.45554839055980195	-0.7335856046361474	0.02909680997645099	-0.9568887982751144	0.05523831078728377	0.3451215779428497
DTXSID6025939	6.859477863055483	-5.333498062133701	-6.452147706907643	0.34563599098768477	-3.5779320993460613	-0.37988634019994766	-3.31959562153298	2.3792603234995164	-0.854034025757533	-4.9733933101318595	-2.104370685884907	2.234951508997311	-8.01847613229908	-7.314321268941488	-3.9749220864835566	-8.799660255145172	-5.798894698276462	2.7134183875258544	0.28861129935663093	-1.6711801172744956	3.755373215624178	10.772150307528257	4.616829755029659	-1.0262184250726711	5.071233439484691	-0.6392295892609586	1.4086177526586723	-3.2285957500143083	-5.53247988330085	-1.229490096120852	4.796854729550015	6.37465408392393	-5.387733653523255	1.2546199765250703	-0.6378700110780323	1.1590169621500708	4.58248509052034	-1.9561505912435957	6.10744799426833	2.210880738693097	-2.0065198705575638	2.5511447764813875	0.523112817014693	-1.6775864938447385	-0.7346516361670657	-4.240470036815189	-1.035373779395471	0.2773994685087674	-1.932274583686988	-0.6208715833811841	0.7147038124011877	-0.8508804209162386	-1.1350036402249548	3.667867446398713	-0.28254041890326437	-0.6947883276197362	2.8673824169221533	1.5382849754001204	-4.989344936506186	-0.7660207980016487	5.33459943504525	4.725487586961341	2.671454164282459	1.0187855718145167	4.04322182740303	3.6870820262554975	-0.39811254212920555	-4.055221721412965	4.148274728322994	-1.5450781246963516	-1.8621543132015392	-7.229629450856461	-10.677994087853374	9.514863281949204	-6.660723108384941	-6.450280023213002	4.010091623083874	6.372349760864983	1.3370928246229203	-1.6850793681047134	0.4357289757518954	0.42279125781225974	0.21811392032228474	5.233206501135248	-7.389298267660161	-8.153109324311131	-2.5506770542552135	-4.9753003650247205	1.2070641959738784	-3.478888337994564	1.9783557336140198	-2.969794473969624	0.6129908452951129	-1.2322466794195912	1.2469837741840597	-1.3256156784290694	-1.5864673346664642	-2.8180206567757637	-1.303343979989718	-0.793490799633875
DTXSID0023533	9.847452865306119	-2.1398665612881143	-7.895094976672706	3.0633256316336834	-5.779596899547964	3.0606565956383545	6.6392976404989765	4.321805443326398	-3.8756074418632673	-6.542125123241614	-2.208076723730901	-2.45411928313007	2.033001259582602	-0.7571424636934646	1.7162433917117679	4.324622474133225	-1.385870683719536	3.3221128178934425	0.20400166257248073	-0.2624573461962071	-8.665464303535654	-5.222803121653706	6.819780158060742	2.6713207591173784	5.0773828192512065	-4.107480328444747	-1.1916899877573044	0.09801486991400904	-3.509947101610754	2.2599020422017335	-2.097210808412905	1.3232204431071728	2.9918077752745154	3.900517439242661	0.7149040699715473	-5.405135015650485	-1.9367839214668991	6.4617697603853035	1.1380343061886289	-2.800306567688422	-5.789176873304509	6.663018856547162	4.611768065075699	9.278303807165141	-3.577743690684938	-7.289397153103811	1.0975137830908213	-3.213814805900844	3.7973080674498445	-0.4614699810738341	-1.6440218726230231	5.7242644744852	-2.996866665740465	-1.4167520157536289	0.564687419079456	1.0847964589635684	-1.5704463134894648	-0.10056411623033427	0.035691734058639214	-1.6395995639240273	-0.45898810416062147	-1.2111990511597246	-2.0374178018913978	-3.903869191767868	-1.6119891539154956	3.9302355899559127	-0.4645882629571418	0.5587011816721699	0.8861989808895584	1.5564797352932973	-0.28355018395915027	2.860794184288559	-2.9130803248662307	-1.3680848395430787	0.7762799611173233	-0.716596416415118	-2.088464680364948	2.111771377693509	-0.6785690067608302	-0.5558221897191921	0.8687959911247279	1.336921005347954	-2.3437275390362453	-0.7288527065755872	-1.337724029056005	0.13886387754500845	-1.8887536950318782	-0.19688789016834288	-0.450530172993936	-1.4657037203758083	1.0039121116000451	0.13899041439070922	1.679597366501713	-0.6154638850972226	0.43542782509191175	0.45416018859810287	1.026890021579641	0.6311857102749202	1.3215995901236766	-0.18709078844463942
DTXSID6047787	12.524193523200733	-6.817421861207666	-0.9190436908646229	3.020633974694917	4.161642963238894	5.020853253299803	1.5462419957757942	2.4822808977000377	-2.17394014432561	-4.390009979361096	-3.327343175823049	-7.0341855648439005	-0.18466753761153293	9.607190935042599	-0.5545005596232442	1.8089080729066758	-2.3284966460331677	-3.1634148452448594	4.350253667157965	0.4050191121996509	-1.6456360121819549	0.883459109308462	2.2362407509651474	0.5360713559747751	-0.6688075179093219	0.626484611350524	-0.9068518568416905	2.3214900385143316	-2.0537274261174057	-1.335411181669123	1.1782610623374745	2.3966380347161005	0.7632891866359708	-0.09125210387111042	-1.844312792729816	1.852348968694234	-0.22462529861658634	0.9004372093238976	-0.5523715943015474	0.5390244331258147	0.014266520942241548	0.28975470912374873	-0.01890778174301814	-0.16699332653132326	1.204977724851198	0.43255957273429047	0.8131070992271479	-2.6718584557493767	0.5197928567901823	-1.2262452245873499	-3.256358771027073	0.253664892516035	0.4670872265157906	-1.19494177161391	-0.3579766339784295	0.40863210514131	0.3799591955321088	0.21101388959026088	-1.8210820290406895	0.912798003213191	-0.5251977328689524	-0.8091345870961515	0.4496286735619359	1.8882271724513495	-0.05815235620547049	-0.23067042870636004	-0.8383465165060872	-0.3111775091566191	-0.16986080461565278	1.9759907587065495	-0.4444713298228083	-0.7626918103637303	0.31392268746216173	1.0993714812639108	0.41031365487758575	-0.3434973787574507	-1.0646069998990384	0.7250462675960622	0.5798063181772805	-0.6582606099626741	-0.8896886679887406	0.24088860085298894	0.25469230004845544	0.5997924452736269	-0.10097798922776914	-0.2723826336160104	0.4552789632358571	0.48471658897614506	0.21523175597997551	0.7144859730911027	0.8566975293619484	-0.255767628409847	0.5238011919319923	0.011057402547163224	0.5097332329901278	-0.2607636893888477	-0.5904122397657885	-0.4174972766916104	1.0768495644776859	1.1532270759159537
DTXSID3057771	7.82672768414923	-6.60498344583876	2.4262097240151457	2.762205664488361	0.1731785933315827	-2.1632507533159195	0.631125622644857	-2.2056875305580586	1.492873444804393	-1.3770857659489484	1.1724494992465868	0.28398913162759254	1.5868310999778004	-1.7892559435251516	-1.452070084414898	0.38992002062311976	0.8894119124702075	0.3769599700765559	-0.2066591175766995	1.3825451033504943	-0.012020224921652587	0.458156758301378	1.223335721041662	-1.7057097338506075	2.2501965722997803	-0.6458878236941905	-0.8252817214370414	-0.46989415189433437	-0.36184226542622744	-1.879437376513696	-1.29361016751518	-0.20360404055580314	-0.9151851847311812	-1.5077018992722944	-1.0418012401930838	0.2923831939158343	1.5352562848463134	-0.9474877166275764	-1.0521602762788	-1.3415037605779978	0.3680157240111577	0.6828474485768756	0.5897388824429263	0.6154090742009986	-0.39369247668586965	0.017713221029147616	0.14972661945828952	0.762005883894514	0.014229572186988247	1.8317414911919867	-1.558068428927727	1.6260894658143357	0.7067440800124044	-1.6291152213201525	0.17350130033455943	0.23570889307592685	-1.176270424993377	-1.273626949513869	-0.12423312797487501	2.3497792942313467	-0.9058673205347906	-1.6734323642248583	-0.2776238875776921	-2.1846143471137665	-0.6137839885754338	-1.6077300118225293	-0.8356828222349982	0.33437693022484866	-0.027524619761513353	1.1007978928371311	1.8701411465862687	0.6342767048130428	-0.512557872533427	0.41380640297029725	-0.225698494701715	-1.3112389811705931	-0.3603681114077808	-0.8781310537830165	1.4655876694509962	2.0182645363802525	-0.4124297482601474	0.8409293485213624	1.154157703099935	1.4779916600477903	0.3028400752494046	-0.09718565332885626	0.7834700389145051	-1.275422286189718	0.6759294787792368	-1.6544879980980614	-1.6493839689692353	-0.35487961214608293	-1.026346555317586	-0.6031935213615972	-1.0972479365310794	0.09771597157881348	-0.03182960872454513	0.1313170106648204	-0.5884863201764577	-0.3724239922602382
DTXSID8026141	-8.694808539911563	1.6011710355221658	-4.00512052361673	3.63167005999349	0.6831743182700103	-1.3446465011839654	0.11118012488081715	-1.047705671624667	-0.7060277331573765	-3.1214824724251566	-2.3996216084967146	-0.6622993235113741	1.5881591934675183	4.350512362534157	0.9754046579996241	-1.6401785209670399	-1.672764352007389	-0.949246088866123	3.3774955827153104	0.8547962375528543	0.6192839899323613	0.23334483626928637	0.12935830620962527	-1.4250674693507879	-1.1059382726885643	0.40534154411856926	0.14645937316820568	1.527743389248306	-1.5717188893592813	-1.3119917044836238	2.5220440468410383	-0.07269094676856248	0.6481753368506821	-1.592148090439079	-0.06816040664014535	0.6896864204718309	3.4669235740544564	5.658860615501954	4.204896564975653	4.670438124366213	7.553756172837429	-2.177348191921618	12.036110781730063	1.4091813942290932	-1.6080371193401068	5.030570270665888	-0.7568969396048566	-1.395053513925389	-1.536843891630776	2.0105281924717153	-0.523551083734165	0.9083527256574498	-0.643162853701433	-0.8753090783624852	-0.7625364374252308	0.5769760037384145	0.10379964661063118	0.5683230624095392	-0.320888013637061	-0.34307039028119496	-0.12193442602748103	-1.605880655727798	0.056443252205912446	0.6269169797784541	-0.5079838661645997	0.599274770799795	0.3235801567883595	-0.6082969929942965	0.400151363327876	0.31113617991803366	-0.38315434339459764	-0.09857478511841068	-0.3092063666456414	-0.10884256697006146	0.09372798786282666	0.0010949527094328475	0.4275374285084447	-0.05670299619536165	-0.042364813251783075	-0.23350004654027537	-0.4353724437693721	-0.18649985810685293	0.04811380931829024	-0.36179328631738333	-0.20141849398711675	-0.21029353344211177	0.46031725623676173	-0.23322186699025452	0.2935095627958692	0.450078563250283	-0.24351822280586025	-0.07985318817985161	0.5815259993958435	0.31429693364460615	0.5480143929069454	0.17061211548682828	0.16640920373029644	0.11049529700133452	0.286250225934728	0.11537623166023475
DTXSID5023667	6.979143720950676	10.936971823815936	2.3757691011631192	-0.3049881521291395	-2.9557935007588862	-0.2495252365711032	-2.438762385087629	1.6838548254357617	0.17634199634791944	0.49310094300760543	0.9999860714940536	-1.095614882184274	-0.8661115484217163	0.7742828306341145	1.994653803286165	-0.45616857234184555	1.3554877125201124	-0.7261016312309366	0.8199230169324966	-0.31515128642207413	2.014184727978685	-0.8387504539921992	-1.000008354133456	-0.8360547226610228	1.0506274877223476	-1.3424053474733673	-0.06896076873073916	-0.3397535954348411	0.40864912059620667	0.40260603874247036	0.5482877999766798	0.31985875922082935	0.6663149447739771	2.020883060189778	0.3642094243089226	-0.9399193790133048	0.18136669296354355	0.6639651476556027	-0.7105333327785814	0.09816766859542536	-0.25194110481811105	-0.17683885653913683	0.39008730169446193	-0.9722728000134823	0.18912532836953103	1.0584262302634353	1.2250798654730584	0.6841484809681865	-0.1355706324709627	-1.6013019385836433	-0.7139075448057064	1.1475356470925364	0.8353414380331193	-0.9053689276789104	-0.8511780258205076	-0.9726544669733728	0.33797344111907	0.029067765457414945	-1.6117225876033443	-0.22157801403204672	0.33273206772311814	-0.17200421827016665	1.558990757601795	-0.5294003087777015	0.10808796896261422	-0.018070725205894894	-1.0112315026874819	0.44970575625470327	0.2202873081571384	-0.017898711336531887	0.2779629076192198	-0.34415175151626903	-0.11586154992081964	0.06724616682900991	0.6857866628576015	-0.4562740569545878	-0.397254525320296	0.5047069263360066	0.2784394135295386	-0.1324160349746201	-0.644851318810641	-0.19577858113393606	-0.48612631785776084	-0.18621212870204568	0.7593053727079665	-0.5426946918124956	-0.5790692263831819	0.5873992018855176	0.3942417424514173	0.002833380988188839	0.6976305457225923	-0.014680071971055404	0.02248761342120146	-0.4649039522518905	-0.06092881721620253	-0.8361265068279975	0.4545262060081385	-0.2696191485957649	-0.12230807983007001	0.18864307120614773
DTXSID2029240	-6.073212136507347	1.2054462038773275	-3.1270246333406235	0.7740254392453283	1.487649620817504	-0.3323385023455054	0.3294726344208136	-0.00848216631369794	0.22513838493001392	0.8562152762937769	0.46359916048374206	0.5976389396053283	1.079594330639558	-0.08444429546672992	-0.7598196290143573	-1.1710136314061586	-0.6175134692445167	-1.5343388571698953	0.3102333446999521	-0.40520291361819866	-0.2894306215011962	-0.00511535444335997	0.48739588280248697	0.22873821787326531	-0.06923431543471914	-0.31316781909341956	-0.06259631548011005	0.6462942140833425	-0.3147711211555125	-0.19348895869558724	-0.3050577585060245	0.5735441660435718	-1.0437463884113438	1.5469858912442833	0.7971284938235108	0.07067152846815497	-0.03626739959698971	0.01701325496892192	-0.119867026776647	0.17230128580162002	0.12068342983096056	0.9746943173345827	-0.3488106243905477	-0.21992204555303574	0.7222136931464918	0.40560829104069807	-0.688696587770681	0.7412084294590778	-0.36840610179754113	-0.034860724569798	0.6768501807594578	0.6627265239001554	0.7272434312144441	-1.108836632202137	-0.28143832228392035	-0.3086706938910847	-0.9479576981328688	0.3930133280516844	-0.2418311596056501	-0.2232284631805311	-0.31868613459780104	-0.8099447639540681	-0.5327586127142703	0.3456256974855306	-0.22743219860619454	0.01997142332085403	0.8196877692993629	0.514376920697202	0.26541112625860985	0.01180928358398774	-0.289949551515506	-0.4286340995766597	0.6172920635057583	0.41963591026039476	-0.15044415991935337	0.1093528216229804	0.6275280539318198	-0.05736393940497396	0.16084202548402562	0.20497843144708813	-0.31677610665070893	0.3760551025652977	-0.2765522708513579	-0.38031311596977974	0.10221293896299985	-0.495762452957715	-0.4348479897442311	0.23752608863983385	0.0889328820988887	0.36835402567881403	-0.5050319362350402	-0.30826080289423063	-0.012502120329205089	0.13628336161265914	-0.4257675425040604	-0.04937268504795221	-0.5849943923186662	-0.13976063496293076	-0.14381188385741972	0.5037171654212543
DTXSID0045678	18.891065650319536	-0.14906771815359982	-2.4800475859694244	1.6264617965265518	1.2031796412596885	0.9664253044815905	3.6306777465569864	0.6589655257051044	2.082810138156782	1.0981339099021787	6.173145406815392	1.1010084720549218	-2.146301190826998	2.542229210296095	-1.7905372732854266	0.07522691217844527	0.4304290001563565	-2.549895140420548	0.1277017416515168	2.035599050083968	-3.7538887064296866	2.7028224032655386	5.041378310018955	-2.5146659908533016	1.0807260767311442	4.05108559583478	-0.04848623032128696	-0.9364433521309116	-1.1731372074237572	-2.6450936547267023	-1.641747023703782	-1.654694440909323	2.138123863848626	-0.570960787452836	-1.503790108286145	-0.8625099810912521	0.8912172762969908	-0.39946959651930025	0.7027531875800519	-4.324812635166671	1.0674206190978908	2.6151128896330516	1.034062875713652	-0.057968259105030936	-2.6737601535926623	0.5786144283836135	-0.1371240608994822	0.5501279842059393	-0.3427273671197765	-0.8455382166076891	2.1298810483948567	-0.7668386186661135	0.2375202852255552	-0.04337359882798674	0.28465990169296823	-0.3881649816779773	0.3513418538137939	1.7037324297558938	2.433449623712041	-0.7632445423514251	-1.0080440637813088	1.0682805562615452	0.4806603005905446	0.7037455974807028	0.6583152571807932	0.1500725765161135	0.9815067604805938	-0.25904732863293406	2.419090215231867	-0.5234850106928032	1.4435590907023137	-0.3374264362601833	0.7129602610472238	-1.1783543236312475	-1.5286235236498866	-2.0796551174031506	1.0515471308028679	-0.2778991364983193	-1.3246411181676927	-0.4247998729500774	1.7483422447056582	-0.05763902649545648	-0.7470931568997433	-1.9950465162820386	1.3754267441013992	1.0455515623057938	-0.3231488583716735	-0.5096361733171441	0.726749741560745	-2.1059045301186754	-1.1223810531119798	-0.9269893515898796	0.4756570024034553	2.786111343220731	0.023061102423600762	-0.04269444265757291	1.1292517045198869	-0.8340168342449671	-0.8971051237663623	-0.37177550124761327
DTXSID6057611	12.64236845554775	-5.296574802863629	-0.3216609481103031	4.95988295366761	4.531769357363233	1.4342480965193132	0.797046935078068	-0.33997633110790304	0.7780011397809506	-6.601135924568832	-0.2581159513342048	-4.5505923563002355	0.4893773804226886	7.8327882224678875	-0.48422711433460963	-2.197354180928926	-0.32170942593618573	-2.1355519960700406	3.766930802614558	0.16507014484379545	0.9559546059324492	-1.3897384315904115	2.8307612205473562	-2.574445742388195	-1.0681786633776225	1.072418250906616	-0.4529106518903721	0.3552305394018627	-0.4901738610194076	-1.3475376161028227	1.4174450136143237	-0.42798666045313977	-0.6563672492446619	-0.5297819936185546	-0.22913178393575173	1.9462426882325023	-0.9284000139627071	1.577932829787203	-1.206924927426054	0.7161558092148541	0.3808374835213275	1.5720783615294482	-0.4145277925105532	-0.1283809648615887	-0.32992497372581286	0.03683743594078256	-0.2201344358857501	-2.560780644574948	0.3001037425003707	-0.469318744966108	-1.5695856394567167	0.14778507738348448	-1.6455365002457878	-0.6788598636021207	-0.16492841302147626	0.49552346746797965	0.830845800895858	0.5858841791966055	0.04202280914272969	-0.7240856075292681	-0.3136081500981454	-0.8678983846401754	-0.061769173075781204	2.579830818848792	-0.8355256007003169	0.2633277729406393	0.035204364877668835	0.25353656962062754	0.573918108389167	-0.48573834612366573	0.1531464891867591	0.2611902093577714	-1.0045360839561306	-0.6801880439206507	-0.8406159509929915	-0.4966660376895255	1.0423624155333089	0.519617679737299	-1.6692696472891828	-1.2321525156076938	0.6121967950100009	0.0961578488565312	0.07871379404274702	-1.1239798718052108	0.5758258945789004	-0.10740833156955147	0.0634782209522582	-0.6342230148129336	0.887314288171223	-0.9852232159943539	0.531163377355506	-0.11118075438568047	-0.48682398839219665	1.3091575493914758	0.09047303111692942	-0.7753953832673542	1.4378972815587368	1.2746201210900086	0.6460738165008073	0.0039742103667842294
DTXSID0020288	-6.551395777279567	-0.02153012325864854	-0.2736008771163765	-0.02828320207139354	-1.4369820531961388	1.1665974421173986	-1.772471238933853	1.9384638867627255	-0.6771331321858102	1.4994544277666961	-0.4016715758256764	0.8668914138753836	-0.0004915257781122149	2.000050632758843	-0.390158967287233	-0.3988270658230818	-0.7295888589038576	0.6305634137989549	1.0239423189378096	-0.2256323053632072	-0.2928520637279011	0.5962539749929003	-1.2288464342643781	1.269160076286961	0.5289697024225954	0.17892856486059633	0.05768831845017936	-0.6648658664800182	0.31726194863538526	-0.24070059106189642	0.5416625554289357	0.07506833346904809	-0.1536901082076874	-0.1938064451314934	-0.5565198482343657	-0.11156083603199675	0.000521997661965566	0.015917741331545485	-0.22101157633752974	0.17220896924771684	-0.3064128381723151	-0.5834938797399953	-0.10091892139889107	0.7102165498069909	0.21892173825785738	0.25371667048831265	0.5203797813231271	-0.27995383706079907	-0.12803757972352145	-0.0554120520022943	0.13528791554276584	0.051271026714464395	0.2612766534666681	0.7642476701562075	-0.5399875545209242	0.0038815359812448577	-0.4685978475928171	-0.5648755588331933	0.5974977217809656	0.2932468040138859	0.15899936509005036	0.1676962708078453	-0.22079069719045863	-0.23919554044840521	-0.18156492784134512	-0.6185104054219756	-0.46421127052986094	-0.39423538074444664	0.3899028807215634	-0.14277828028823342	-0.08405684459643	-0.2529730668562371	-0.09244719120834187	0.29293993270357516	0.013018439616250183	0.548873869520848	0.7392982996276558	0.0516376894913605	-0.21214395094075916	0.14451700724819247	0.35503771314486676	0.04976048014356025	-0.09786478016117693	-0.4527581848288135	-0.1586584178851511	-0.31906993877330914	0.368552964809612	0.0781877519095006	-0.3560001610545892	-0.002951829886188329	0.0007087442781095378	-0.04369406660990159	0.09302612308499526	0.01832853421984176	0.010427333316813229	-0.2670809651601694	-0.12169490653438922	0.031217198241741254	-0.1503999093535267	0.04932527375698196
DTXSID8046161	-1.6233911928234086	-1.8414020348575688	-1.9269996848346096	2.963429105207384	-0.2532150330293082	0.8383889808696403	-0.33450858788433463	-1.1437117447618599	-1.100046549185278	-3.0490497487475694	-1.2617399502479671	-3.553608305219484	1.5334346747322256	4.213608425985647	0.16974324542247513	-1.5559027791283417	-0.7719012555921749	0.6193681757423486	1.9121655983891555	-0.4229435483963192	0.4421015897583737	-0.767774427239811	0.12367063818032228	-0.470441065460469	-0.8041884919497363	-0.353956758513802	-0.290998956811675	0.26835270274916545	0.5168414056058757	-0.21169962248693613	0.8244375811797033	-0.2355175252823966	-0.7194327198165165	-0.43716954960810006	0.004998223933017468	0.47881233617920776	0.6922986402870198	1.5188445549946803	-0.7924102387196902	0.23505000644229193	0.7727859476696415	0.3742580611683005	-0.6641769396230806	-0.38297322182477045	0.15270324706264018	-0.5300755633454393	0.3636826560630984	-1.7001270089994691	0.06502476586996038	0.7321141241048293	-0.9143268654247728	-1.3285144262595718	0.3522557607879756	0.19970934891606235	-0.0683148167106483	0.6752251400766006	-0.08957870275531984	0.6858332607541661	-0.8728477391496391	0.043295922594847845	-0.7254321698313532	-0.5916932252186928	0.05286528815765256	0.9648697057551611	0.2339013182584891	-0.4868330724355076	-0.08470190839398319	-0.3402455193999694	1.3132374994427127	-0.22970646121344465	-1.037297268249502	0.6027143960546392	-0.9386979729792283	-1.4489049163705299	-0.3879235504162566	0.6117910529469712	0.33186579539960975	-0.2953437317370567	0.1321325733931661	-0.2488194357367081	-0.22569306550791166	-0.05043555137989941	0.0052895774464735935	-0.2640931226496029	-0.47657056391593466	-0.6544540731767641	0.04493842915855453	0.3081436416898179	-0.4397759698317716	0.2834014408310455	-0.14700091336584542	-0.3672807329217721	0.1769900686750175	0.5835022677460657	-0.35173991487942	-0.1520729696907904	-0.41030932219272237	-0.0046194576171948495	0.3948573850580576	0.09006333044718451
DTXSID6048626	2.8188305533031306	-3.41345769247212	-3.3072540335498335	0.3870842452650793	-2.603186087320532	-1.5624820868419214	2.6918522164853353	2.38740390985393	0.3718925598332324	-5.77581750465863	0.09246539177129888	0.6685745977280246	1.6989226196069451	-0.4274931453446085	2.854624388160433	-0.4935754563940156	1.4651092630591218	5.432243172548647	2.329856476596029	0.8519847753427863	-5.938304993867703	-6.191609315472707	6.344753244037851	3.1853364318122126	6.420921749003841	-0.9778145214350349	-1.4356092393694404	1.4106642640457596	0.1739313162041366	0.2684008890460128	-0.8710974647172877	-0.29560664455504965	1.3266135506175596	1.0193579281945964	-0.7258875932325651	-1.4444244692097181	-0.3468710625804391	0.2721002819889939	1.1450956800998855	-1.3364361647304361	0.19319638900775707	-0.5222897161928194	-0.031677607236539666	-1.5282039313585776	-0.5317462495528409	-0.5495270343538028	-0.047686037100034676	1.4686180314913801	0.42962628483156	0.5827043189132312	0.9587786068041348	1.4082009276043845	-0.6973101117377742	-0.8035255613653275	-0.2807231442693559	-0.07577844723680471	0.0367841765908572	-0.21040349126351748	1.1019285496599802	-0.35200227359086167	0.7247047909711267	0.18039015502659403	-0.40589516850612684	0.35172703755345797	-1.808624896501389	-0.9385922435939356	-0.3380347546782356	-0.2421410819544078	0.1666612423550986	0.2297068210393246	-0.6113081879663448	0.1273365932807382	-0.839928207153343	0.36066737547715144	1.5019133713365294	0.0726368811114778	-0.6835245952247837	0.42029709990920566	-0.3706993581342587	-0.15012290856899851	-0.10488194712616056	0.5063705293117781	-1.333457934452715	0.28387717246769456	-0.25041866779613736	0.7819259255387873	-1.3700196068513892	-0.2947272116866823	0.7197801880576065	1.6080232302188837	1.1777625359209687	0.49398875711048945	-0.570761789733725	-0.8767473737868876	0.41419744146017584	-0.1247821373809359	0.3570233488039057	-0.8458599898208783	0.6735021611673438	-0.8080748541754103
DTXSID6047604	-3.3008627403004946	1.09041942484419	-0.6435014678026703	-0.5804264219598329	0.5330716858354319	1.0202160613491942	0.8952270404621675	-1.917806953496665	1.5651809171269748	-0.21530193697153455	1.3949873638984813	0.27858345660464856	1.3813083236841286	0.8436471794323387	-0.01054234800886386	-0.6337275474149381	-0.0886109446243874	0.8864860193066428	0.003196809835907445	0.1628223712380088	-0.951042417038948	0.9412558559539517	-0.5505058675813841	-0.08917037887710158	0.8570671035554686	-0.004159195752305366	0.04746063760100535	0.40190395965217546	-0.6384918072075898	-0.0013697401315966996	-0.264639386744458	-0.07317354739481616	0.2359108647855844	0.6466797141736971	-0.12443117079225517	-0.18090419122290893	0.4189428002205928	1.4127636951708364	-0.21768954017328654	0.05380611990005492	0.20848065857650344	-0.46362968624844425	-0.7170698292809358	-0.6121009410238947	0.23962974590122874	-0.29992966497099527	-0.19310157853192045	-0.3813043284060413	0.19222332521037827	0.34638512037025515	-0.19439526304743032	-0.8706672280433183	-0.33682119597131804	0.0741181366159634	-0.01869689153156055	0.1711992646490602	-0.623104592854624	-0.03984705936844932	-0.5464416481198259	-0.3831733764733619	0.27222991925252865	-0.09982836266289055	0.5570383060984003	-0.03460273573364746	-0.4568885363902539	0.27300335873862036	0.24186186260621986	-0.6349409710787638	-0.2972725424461121	0.04167350897945751	-0.5244463316447824	0.39480974834627636	0.18528876588949855	0.6128021362030786	-0.3967225717926838	0.18042145748570007	-0.06744957933654903	0.07078424606946068	-0.18780541887305507	0.007526880279833991	0.19110089540806663	-0.8053601701230233	0.26479361982710853	-0.3500188243707705	0.1853845530268388	0.33081525843507126	0.12163821414869348	0.28936247839665835	0.19651116023037482	0.033749119045116224	0.2540390922324985	0.2737271132852828	-0.430564088380877	0.18489672360631837	-0.16804551147465452	-0.3463683764463507	-0.07486045129656609	0.02708821705264218	0.2657822561123823	0.026319583804225853
DTXSID2057780	-4.129496937310079	0.3402299250397375	4.165794112558011	-1.5930614989770948	-1.3871043644344119	0.6570843777715895	-0.4529618096553748	-1.031260756580788	0.39661618889734096	0.40748416092817946	0.1801145698014556	0.01059159778257677	0.4533570688609177	-0.5544502114067433	1.6004853693764671	-0.4473996397805467	0.6825363386423892	-1.30238981036048	1.3015687629178374	0.5046919718126748	1.2034857429629453	-0.6886007231612112	-0.8814170527546661	-1.3365252073849148	1.8769597960548658	-1.1666408369740757	-0.8563783731130463	-1.148785222916998	0.0015690625316077626	0.5334600278591569	0.8633014429272705	0.2777239847033102	0.3785094142170809	1.4937217039766235	-0.2596047988878308	0.46523010411355825	0.23312943111042958	1.1296427216456295	-0.7269024069949476	-1.2791876703809972	-0.06859885641988929	-0.6966710501653661	-0.21841391417263892	-0.7791875462179574	0.26012414070214684	1.5447586942229357	2.0569384780866957	0.5446037341328023	0.7294247853408321	-0.9078133034086052	0.12838326005123196	1.1665112276254892	0.8568330349464103	-0.31811906747321855	-0.943700833586009	-2.128483656174278	-0.9883647060427185	0.7946083818349534	-2.1988674092299436	-0.7353951931342567	0.20797902309047941	-0.2286427690945262	1.6710565956254704	-0.026443895101464505	0.46466641493665317	0.4835541114894639	0.1548761529141606	-0.2829607639995558	0.7651175906143739	-0.8570959069483041	-0.43767671395820246	0.3157255850879751	-0.5591698048721875	0.24092858837723163	0.4107876499903566	-0.016747839611935506	0.3171922208253702	-0.4947801522669842	-0.13218872204244927	0.2155171839943	-0.38977775681907145	0.44918614424351117	0.3478696029734434	-0.7124907975649735	-0.07067965017386614	-0.5558345511548957	0.18051793430832785	0.407928924178003	1.0666402424201407	0.15744361475168023	0.6102909227964881	0.6641715434395923	0.3527675719596991	-0.13092128000237305	0.09094953155997057	0.2470955675833854	0.15906799175444464	0.4753348246725407	0.2268780296090673	0.5856027747677418
DTXSID9044320	-7.99136554407871	2.5428098535056325	-3.3991870009762577	0.41957222370688807	2.3874693357664167	0.11181510662910546	-0.06901313206811596	0.6452931252792732	-1.5469808118788717	-0.20542189634424354	-0.23967689080007265	0.8701881987702836	0.7517762676049783	-0.42804348409834625	0.6994732020575092	0.12086444271238343	-0.27691622167807184	0.018938493259897857	-0.1517226795276974	0.41771769500137546	-0.6520616728655548	-0.5333099277340632	-1.0008726737492548	0.17149024264826815	0.07399785137007982	0.5617667327062557	0.15670194667794793	-0.8135172720301014	-0.02567216497914641	-0.5159572553630494	1.6992872143117064	0.4215931975527293	-0.6263398850808223	0.7810691612184592	0.0012368945755901503	0.07074968584006075	0.9002292573853042	0.2950479481110465	-0.22663027384551285	-0.8766846373447059	0.38574427175575854	0.12391170700121383	-0.19552768520945032	-0.22065055968315878	0.5892282626418721	-0.28042793538257155	0.4819009364669804	0.3780652121220782	-0.858063235253105	0.39534401708014194	-0.25463538426581167	-0.5304703168099899	-0.4368623358554757	-0.346492846297902	-1.0905345385734824	-0.508141247195617	0.25863498577410915	-0.7442667977894554	0.3722454853199676	-0.4899177529424769	-0.006524674084812434	0.33347666127883957	-0.6305419045404516	-0.06911201571747173	0.7526113694707535	-0.6088879447997799	0.1039197732698091	0.030309099297599586	0.8873537725713845	0.4873023910896794	0.013111610374500818	0.0911807575787674	-0.32324491180542514	0.38682112376664723	0.620673074834592	0.9158981376563538	-0.011357852821400113	0.04130094690099274	-0.4467716797538515	0.027650699742509114	0.20607755454260196	0.2929853630366265	0.6689267908893376	-0.26251610068478465	-0.4556769844567168	-0.41311640989318205	0.09285815065059268	0.7211526662504385	-0.90203592408558	-0.08112310484321597	0.20896109397854823	-0.2363591724272747	-0.08455896605128489	0.21464642506263323	-0.4843636631763576	-0.34390371455840996	-0.09395686805790518	0.012729086040438653	0.06960705603435079	0.4855082766349258
DTXSID0048684	1.7092593146183332	-5.8539557383038625	-2.0328421858162127	-0.9112023175149428	-3.45027361809281	3.917357807660459	-4.058824353883229	-1.67281948982607	-3.7253122192499175	-0.7753426025436138	-1.8737981505614743	1.603015366873323	-1.559400723260335	-1.8121461549822138	1.271943219891604	-1.2659306531625836	0.9613576948811362	-0.1483598215885351	1.186159543031512	0.25764494629152307	1.1882464533029817	0.15878320721130798	-0.888344442075692	1.5440208836209106	-1.5449784341678723	1.6537110650102393	0.6703853671258784	2.1071438064742822	-0.2522180290198196	1.3777753007355789	-0.5387456711754074	-0.2871769372736534	0.4073606702338384	1.2089449781595298	0.05063417574922617	-0.053904199564065426	-0.1971469203721395	-0.29136475968914866	1.1688517637421318	0.18756407317667384	0.15252035678917375	-0.29539421417822276	-0.43038123749347346	-0.7171811313018448	0.4282146961918946	-0.26641896346874694	-0.09908912157511772	0.0780151469286657	-0.08622717605369112	0.7442361087437552	-0.5261181512065738	0.29555512485793417	-0.3633735031533176	-0.6136454247936834	-0.5435720165103761	0.08236929793733647	-0.11490273843838178	-0.1761384168068124	0.28786382061106985	-0.7658098960554298	-0.5574840475538508	0.02089026482239094	1.874232383720592	-0.544628596143232	0.2696341230170961	-0.23101606891189386	0.8690404978827961	0.4112934283720209	0.3307970113589918	0.5449543113633353	0.7261237359693262	0.307173264471634	0.255180024038406	-1.0178259013601534	-1.0354721179247972	0.3006335982687946	1.0188158594910197	0.1381994686756042	0.29701160398413157	-0.027009216879076876	-0.09640082874375128	0.28649929585474887	0.23295059916927446	-0.20775136670881209	0.8958346414278269	0.5241910442496195	-0.1946452652543313	-0.5564883195054408	0.12281490491511596	0.2443587350754595	0.37296912751552097	0.08499649355074204	-0.10835120809884018	-0.13816586000915262	-0.02419720932907817	0.6047069970166921	0.302789592947188	0.15508924801058063	-0.4578517945488239	-0.09189515147806616
DTXSID0051863	7.917292428694917	3.5211478197443196	-7.3560351028855075	7.361272048651127	4.7248025140667025	2.5157916693990283	-4.170987155233533	-3.280838460446674	0.16621893369265553	-0.4086070150484615	0.3620246613949357	0.2752578805580266	8.744736691927615	0.497177864597639	-2.4586767828447016	3.7710225187552315	1.0393899911296538	6.2685993504978	-8.635789559037537	-0.5087220239585704	-2.4085700529510725	-1.3627952087552864	-4.623800868581849	-0.750688741281206	4.268182921304119	-2.239016548724223	5.636867281160631	3.938294826851356	1.5229850273260375	-1.0095928209734573	3.0619265570983303	-0.6452548826061185	-0.6845315702558661	4.217503739186231	-0.09499755002178044	-0.8445918387800296	0.7380647017078851	-0.4895114723464773	-4.306930089101584	8.472180051868595	2.22657220950646	3.2385396376269964	-1.8480852268982657	0.3751443290058473	-0.7126425264950299	-0.7104169637907097	1.1266145465866184	-2.507536143750324	-9.291296225709157	-4.515765380174772	-3.668559131860894	5.201930905092596	1.9716925794317652	-0.9560073357496676	-2.662052045103939	-2.3743039508755754	5.010267250301493	-0.051038982961139165	-3.2545731989168063	1.3981958175965694	0.34095560906620315	7.277479499559963	6.449956543665277	-1.1443553539875588	0.5616106452249334	-0.45602506196382103	-0.6309613323961082	1.462649204275589	2.24089055155034	-2.6987012943113426	-1.2757075593380836	-0.420001881920559	1.4404516230658146	-1.2593256071769743	5.236507320321034	1.4377093616726475	-0.6857103592473881	0.3384765336260399	4.307261477301469	-0.4295530776193425	0.6002732554129724	2.407078309986162	-0.9191369685267021	-2.1635360339220395	2.3360264265504833	-0.08477622560192202	-0.2833939515517025	-1.0485727553321873	3.436060051429181	-1.522624491699785	0.05461024225951464	0.23624723649898535	0.03734917217268366	-2.12375136780204	-0.28853066625073115	1.5541239232034294	2.2496099721326606	-0.6880227390636281	1.4690270664850886	0.36747403772904474
DTXSID9044370	-5.8273927896265425	1.3923914670172586	0.37093305613741345	-0.4246703993672592	0.670322925773203	1.4304238566414906	0.603295194342022	0.07318224600526675	0.1245961285073719	-0.5817133585537114	-0.29582802536795644	0.5572434620020299	1.206535522653758	-0.7752715155455713	0.5394930716584356	-0.2408409473366827	-0.16218332983694958	0.7137028604723865	0.922492848385409	-0.5210819120760158	0.24099236339842103	-0.1328936648724144	-0.27367409547398863	-0.08576910641449056	-0.47851158656430837	0.9324265378698927	-0.45691789729050203	0.4435469780638384	-0.8740237255146193	0.8464564908100142	-0.4901356972079201	-0.1574319927719199	-0.8540865698449929	-0.20961425298978326	-0.42141151759311574	0.1158108164806695	0.26358921837918897	0.8622770646497105	0.2141552079794808	0.017429923090403216	0.33416627694984735	0.11128031540612922	-0.5881041845590766	-0.019787240065477187	0.3655630833421936	-0.20578145762920907	0.22876910818680074	0.2677801400502472	0.31527811321435795	0.18217985655371888	-0.36402700252492387	-0.3711360846935699	-0.12046623548751614	0.4865920596041307	0.36753449123247317	0.23805867145583912	-0.5603677119185771	-0.8022708420752532	0.3587206251227838	0.3042150859278331	-0.7053988798776261	0.045051902479742355	1.1361685422309185	-0.11753547847122359	0.7333251230840139	-0.801786555014906	-0.02247658950915256	-0.26399054440750946	0.1101816193011365	0.43393045028571836	0.6975853292217518	0.1771838314761179	0.11176480041675135	0.9569452459936735	0.4457141427771046	-0.016578748630432634	0.1990372859586766	-0.03367825552701261	0.07333914931414076	0.613096585919502	0.2091587331140553	0.05492797076855695	0.1492712967025815	-0.13102722135601222	-0.22116272365622452	-0.12659309999763796	-0.10603058444252055	0.381623941472834	0.3998741261525461	0.18695618251790047	0.13424504853270927	-0.017520423690576117	-0.06482394555673628	0.32448402628774714	-0.4440602788625593	-0.08099700458361547	-0.2820664488671755	-0.4403246312572062	0.024629495872316193	0.4597723145205371
DTXSID60238701	0.6964383496390399	-5.980296359198162	-7.067660563661968	2.2562579570689962	-3.5136470402905524	-2.14649329729725	-9.006433938963117	-5.658733899764962	-2.0599382858710236	-4.28543609386951	-5.756796023732606	12.023251772967301	-4.6216951311001315	-5.329936191821971	3.2918668113928966	-2.9376571458725635	-0.8023364009816044	-7.44145494788572	-0.1586993645850881	3.0670340761184867	-2.5088288391685625	-2.1604063065189463	-2.313363790333519	0.7318843400801974	-3.236072252605163	5.772236619511097	1.7141621451691857	1.332436223825044	-3.5812735435332175	-2.606920638176069	0.4098302969375675	-0.005198643258638454	-1.6080179918761894	3.160482102114853	0.7127373063262497	1.770946573338903	3.6773919514609448	1.5698924305733257	0.5570570230039169	1.5886387603726349	-1.3840976791429846	3.4966416515549748	-0.738474071077901	-1.98182981462936	1.4896416943833821	1.8574840062168	-1.386759346332836	1.5620224531852138	0.6822325441921377	0.5240700455614158	-4.320565483111964	-1.3427323817100143	1.8941397688997013	-1.56505227861838	0.7031332863411274	-0.6536701656615032	-0.8974159684708004	2.218501544836582	-1.2238476885186889	-1.217537893893818	-0.6019140330256852	0.6371768046531683	2.6333724930508833	-0.5405207876880201	1.0840916663152729	3.86226465785952	-0.01950650273414165	2.2673388068252427	-0.33563605045340056	0.2234894585515234	-1.8911284448667234	-1.9406406551350972	3.2860718784798393	-1.7028314442857992	-3.7723804244865264	0.1944891345889712	-0.3275816571167029	-1.637039143884264	-0.5650607392587909	-0.8163712438957798	0.416366124449978	0.019275767024509106	-1.3525150588040027	-0.9891053342915955	0.814239391528259	-1.0309706846338613	-1.3408683189697312	-1.463729178238779	-1.5766748995092805	-0.36329098957918315	0.31250872683558995	-1.3524092978510283	-0.344676618954409	-0.08791154317733181	0.529785344827736	-0.2483045825527227	0.03019641453545656	-1.9776195132277523	-1.1725594483857633	-0.41812831838661013
DTXSID5021914	-6.350230610116263	4.650545166805849	-2.3974634717062893	1.0465828655770697	-0.013413019776906588	0.20959102992111753	0.4305538654766922	-1.2294949395972106	0.3035993193201684	-0.4464468385408594	0.5560166810313292	0.833556149876756	1.7066523860451057	0.5173448160311876	-0.16650749989574584	-0.30724612542785723	-0.2727455430397682	1.017488885451191	-0.3440042604113753	-0.4533527371385579	-0.607896261542413	-0.03195050213574604	-0.7568279310319961	0.1640113451094538	-0.15457620773076525	0.17070963201995404	1.1849982076645487	0.5618955091891593	0.1375108293695154	0.11254888835181716	0.5731750449065722	-0.09793438269287957	0.08349756433859666	0.829456564185134	0.35990783893187245	-0.15308053109916292	0.513452494542266	0.05397799989095694	-0.6137789821134279	1.0174915240837932	0.3652881235245319	0.38195219546515846	-0.06559519122070157	-0.22356507993024247	0.32529160930328616	-0.2828309697080688	0.09390358501850589	-0.12761671635007346	-1.2270159387425068	-1.7703554236420005	-0.7241319045702641	0.47291041314142535	0.3500081277835882	-0.8199206593068132	-0.8713961902433507	-0.14303088263731298	0.7852934782429264	-0.9209293311619846	-1.165626809450384	0.25353203559114545	-0.21434666640407976	0.8224175315750687	0.8116406190182783	0.01465251089036544	-0.03062996826615957	-0.2910139544939894	-1.2052554500578765	0.5119185196043737	0.49480073180655076	-0.09992050590967701	-0.25793219601445716	-0.44296829768013274	0.5640235896548266	-0.06087802885038979	0.8425889230941794	0.30232423906565026	-0.2916790095900158	0.3728975025203155	0.483526201154074	-0.20421146325362163	-0.013344952307744988	-0.0011738525914565486	0.3324252820038694	-0.1637230919952902	0.30321056418119946	-0.7153933690676179	-0.18989254501204186	0.0774454598392116	-0.20088712437412384	-0.09853628710213755	0.36511789512676823	0.12960941534216902	0.04235324450955774	-0.3311842465579138	-0.5230940228862099	0.47065299160910873	0.46541974018158583	0.11927323916274785	-0.07041639241977783	-0.02318583891100153
DTXSID8021276	-9.48747278534494	0.8528868359741121	-5.019948493123065	2.604962255433098	2.1202150087429787	-0.2341432346723644	-2.3926920405428396	0.013147591770215713	-0.9224911540294256	0.20493380877327577	1.0366147596526136	0.60250303314061	2.8241960001093536	-1.5880261038866594	1.051187582080034	1.3555093155157463	-0.8555248788490317	-1.356147483911681	1.726926205438012	2.84983108073217	-0.8919906048996352	1.280127017528706	-0.6352752607993288	0.036838963302270405	1.2995711803716015	-1.357406291898714	1.1141481198514414	-0.5173656555955455	1.2562756000542232	-1.0273774518663445	1.783532290401845	0.42506669448947626	-0.8112202879127334	-0.015096050083941137	0.6997602810286853	1.5149027836837805	-0.24226015509773877	0.09073575006906182	-0.42833337266910165	-1.6560786071196252	1.2480998341294975	0.6148139145210026	-0.2939460483359019	1.039421994953384	0.8179736009404548	-0.601648465938226	0.828637170509055	0.47770722025837625	-0.6970932246241203	0.9286620828403579	-0.5894545876582125	0.12461514173505361	0.37829927434890853	0.34765937526436635	-0.6647657098938028	-0.17427457016887749	2.0885884969652246	-0.9642803271570946	-0.8395799579911541	-0.6502947338453775	1.8782382808314217	0.4419920295188469	-1.6455471421595766	-0.5821423381245522	2.0118214530812715	-0.8213814421788583	-0.5095000769276788	-0.5634283588569547	-0.08272004310864428	1.197229182437009	-0.15898495722541692	0.00784822702886476	0.32441274062865644	0.6000473201390394	-0.2347108252790459	-0.48354439506561053	0.9115542622839414	-1.418096335389695	0.056414099690324127	1.00937178372826	-1.329144593961847	-0.1429152347688728	-0.0878172044002834	-0.8792869663406635	0.49976906470878985	-0.05801940318838686	-1.1849781710172858	-0.08893793435623666	0.8216569213829213	0.12863573730524452	0.17733794938608713	-0.12344060377668	0.5272193231197996	0.02828382896531786	0.7473174492012502	0.7679024306568295	0.3581123110941025	0.3963814210614827	1.0547950778861768	0.21407598537351488
DTXSID3046114	-2.112016949980387	-3.808619051990327	1.8300425622844607	2.8048409063512367	-1.4794939847636281	6.072879238935078	-2.0081825304039667	4.361281236854278	0.30272558464813903	0.14014930417505653	0.7545173274523879	0.9549214818599563	0.02055714229642791	1.1878060433660735	-1.006939822772839	1.557647076928418	-0.4867741246394292	2.279009215644755	0.642085783462304	-1.1873985522535642	0.6725011682899624	-0.1749725957047438	0.37894257165097595	0.1793762760995102	-0.2199589291403405	-0.4707340212208046	-0.6960095319317039	0.8818092591061101	-0.020964234940784265	1.614469141164092	-1.489346137185039	-1.126664928214296	-1.4136313216507104	-0.44245535736010744	-0.38569513545472056	-0.16105948735141132	1.1436895906146085	0.4380456097763029	-0.480057877553826	-0.13822709575962625	0.24734793810258024	0.5341565102974044	0.3326026617428217	0.1323903259812928	-0.22917073354894194	0.13427122084459897	0.8146904436163493	1.2313223004517224	0.7082703091708281	0.7436575250829282	-1.3791098985472212	-0.452869483126047	1.8263683892652036	-0.1162501985297786	0.5297911312323478	1.498809886999267	-1.0847430072605129	0.39742938663712546	1.3915299322012933	0.7510385023076969	-1.537334217656344	0.1317193184509036	0.7329247751447069	-0.3369667147464821	-0.7100874138872515	-1.4208808971644344	-0.4955177065559591	0.6755873421573035	-0.6502144650866836	1.5705422014426618	0.3080342121133798	-0.014176629954242815	-0.7535724770078848	0.6989989189911505	-0.37596392968544246	-0.3052256860627318	-0.45588192071128775	0.722844794796768	1.0350610532677291	0.8115098309317854	-0.602890591178916	0.29703334415699484	-0.0481072480767417	0.3093367333021528	-0.24508390540526928	-0.2958912676224239	-0.44131328509619755	-0.11759209958327693	0.494592547818897	-0.02283419457401388	0.41033474887409205	0.4388827688691402	0.10845238387553933	-0.272567655630846	0.07945892178508189	-0.13572689921869682	-0.3459708758487232	-0.7570766631754593	0.31958938634071565	0.49827921320879665
DTXSID8045773	8.86553905837371	-7.087614441294529	-2.196868751574626	0.9095301855439166	5.653550343767758	0.18862229829088428	-4.370966689886444	4.547987465938712	-1.2981337805564952	-0.9109879738731054	-3.3447933469992637	-1.2233938759477645	-0.8143049676765756	-1.8668364868828948	5.5525043504717715	2.6664480474594954	-1.4207321843054865	0.7806924054042951	-3.477266765630274	-2.7944126470170088	0.960351018341347	1.3429759314435468	2.711890681751605	0.0174178456192633	0.059378036161206814	-1.6389686241481025	3.971324548468364	-4.611631915256659	8.49410348304688	3.4723516103684156	-4.843964439515375	1.4427010182274904	-0.5502825734016068	-0.8276707969487799	-3.472219449475574	0.7475910150462587	2.448954274583789	-0.03555625617939128	2.163972197137016	0.5843343514732391	-1.2264437609049927	1.0071685734017772	1.4320945149524171	0.11612259517691824	0.27903750357157425	0.44203827524574546	0.26220864515084175	-1.9550679943137061	1.4352223323344346	0.11030311165963885	-0.38921624007709016	0.02908391326323396	1.2432788952654816	5.133511612863733	-1.6219419097325514	1.5617052989265916	1.0540949394458565	-3.108989924037705	-2.5804951275255785	3.0936114066629568	2.4723239883753405	-2.774420407495794	1.9295642104308721	4.786149480341531	-2.3177546284123096	-3.3162134937779593	6.267636096852939	-2.215076446770705	8.269798913120525	6.545123216541718	-4.956094702372795	3.5829879452903093	0.387260609664527	-0.144526014666563	-1.2089439403705335	1.6537020532255093	-4.306048698612854	0.24731400881170862	0.7855699916628754	2.3438774973493475	2.311148103050982	-0.1067716392091479	-4.572379972601767	0.5544206871788887	-0.6561904744279525	-0.21426387642193395	-0.79248265991638	4.545894230639223	3.248120335640656	-1.5521624499836884	1.81957151352838	0.6310895221337938	-0.8348673451927666	1.1052941960924973	1.4774136044613189	-0.42951458338898435	-0.9570320539817124	-0.47693327618105813	-2.2157099597807757	1.2220616223380132
DTXSID5031131	2.830596849056458	0.20889665382700592	-1.5260874950917342	-1.5314203020052228	4.207959559667248	2.2951568288454784	0.25474628546267664	-3.8513677555757857	1.3833913285934136	-0.7394481589074112	1.849571136893311	1.9909617677013027	-0.28338015295942903	1.3034014889719236	-1.0111866277810375	0.5095218137477149	0.8830918383194138	1.864597342066107	-1.0496836537238938	1.4269160342508918	-0.19288313116046585	1.0110199091394327	0.6385192970969339	-0.288010359347585	1.6866638719711848	0.29853157729681384	-0.8102283503179747	0.8200691344038505	0.11251650761327686	-1.4025019034852064	-0.686759178456103	0.26874895149178235	0.9173621603194292	1.4776264463177988	0.8864461674634542	-1.1116714190958998	0.7444610478801819	0.20007753879931228	0.019481154196904885	-1.1811579104769137	0.15146690904816829	-0.95793845952468	-0.023506732783794677	-1.024409804246365	0.8819959524632398	-0.39984517602997316	0.18219690652981255	0.21201029223500326	0.23282963033645168	0.7745077055766225	-0.33733877105292587	0.19213982201161697	-0.4981367846391762	-1.1073296158226493	-0.4739580826047883	0.9105880165670788	-0.02047056204312806	0.42665197954187295	-0.09140954904381227	0.15065130341230465	0.6024393559825113	-0.31224128300325343	-0.6073638162014294	-0.24940492556076196	-0.8891288797097784	-0.8415857013230252	-0.971128150891569	-0.628941511002309	0.3341659511095932	-0.4821612626141442	-0.2909714453896401	-0.2899179027472332	0.18637479187274392	0.048917197515076595	-0.015312259170785644	-0.48656550222543415	-0.2998336963337129	-0.7980150236229759	0.872711651912239	0.6007367136171395	-0.34484315163935503	0.2175397898509474	0.1735847234577517	0.2810512447598975	0.2604175048538085	-0.030861883492798357	0.21167912284975157	-0.06825682043451464	0.14935889949635953	0.15652688169976958	0.32678981938961327	-0.08896722856742825	0.1379929975092442	-0.18618274609714117	0.08486179713168024	-0.010154710389192237	0.0009539366943256172	0.17207874740721038	-0.21947867743767924	0.023445771096505922
DTXSID5022306	9.474490415467763	-2.0601014978779513	-7.755102068588908	-5.975938594036596	8.6015704698736	-1.6678856337339616	-2.4333111329851507	2.8834489246828694	1.1433171362301997	1.764010356487145	1.864828804523951	-0.38183330103422775	-3.6037968087127306	-0.6755364911862939	-0.059840168188521004	-3.4942552894081147	-3.522985493188064	-3.002814250032861	-3.3453119402667597	-3.9682933985429827	0.2906997167447255	-0.8350487651329642	-2.033802284792337	1.3020551350137093	1.018763529346817	0.7571318499634859	-2.6380066346370437	2.1062501223627157	1.2363780310124208	1.2138621412216741	0.5532050956660934	-0.9732858836113468	0.5997835282368487	1.3549592472054324	0.03294237601234849	-0.4062467646314058	1.6880866602936588	0.41162894303372827	1.7564438307301982	-0.14427899809851533	0.6875498940215631	0.4581371713505243	1.0520890677625363	-1.9253372073124218	0.8954840228012912	-1.3463676267246776	-1.37610780093662	-0.797909303667987	2.0292001899846532	1.7049568946864044	0.9410341928030959	-1.0828689921227441	1.9901586645461047	-1.6571341666374066	-1.170373118464534	-1.0936279656589862	5.100997804004849	0.8590206053809416	0.41985043759987994	2.80759618568829	1.0078091829220999	-0.31844614693398277	2.5607688953718077	-1.8802706586894689	1.5518987730248752	1.7395657134018954	1.3300740538444957	1.1779997756329355	-2.9749508788871917	-1.5110388489640365	-1.3406541041938143	-0.580151040573317	0.20269648171377205	0.4041912072430629	-0.7138209992413205	-0.6089055242870434	-0.8392180201966567	-0.5288403828396505	-0.03426738848084116	-0.0728049753981766	1.0350772355190099	0.5362779462801864	-0.3639815793103778	-0.10577841898402283	1.2567134054201359	-0.6646230317479546	-0.3533007834694236	-1.771028142120772	1.3169204302268116	0.2628025750376532	-0.42526867844897426	-0.5128330631798255	0.6992542472023408	-0.9175394192796162	-0.20999829531808667	-0.5544134583969891	-0.9304937260857664	0.8401152237158902	0.44448554231512516	0.9598228600596416
DTXSID9057684	-5.126170464848011	-0.46471578207123876	0.9313814319919523	7.546615013084713	0.44884700847265974	-2.897955369493933	1.5275101586087876	-2.1944637904541433	-1.801752737042852	-0.5695866169051117	1.37366065279717	-0.395690319312911	-1.5823617718910727	-0.029992987168739972	-0.36335293562317666	0.6660820000266072	0.15160691514610516	0.2515284776267744	-0.6470655443013297	0.17178118908142864	-0.5115422296338745	-0.13739397283743876	-1.6583839285651818	-0.8616131433459462	1.591866456181312	0.7375379394929311	1.0789465129458216	0.8572285821849723	-1.662158025564812	2.2847074397340443	1.0464383938480153	3.1147168329955006	2.279065226430606	-2.716899596522577	-0.5883451885295149	-2.52617389149736	-0.8673060187652498	-2.9811468281548663	-2.931411839682988	-2.1544513816155266	-3.0140266037768098	3.89216352890856	3.031131969131699	-3.981500850122703	-2.176563014490935	3.2508118382217464	-3.516473695606416	-0.5329554697678693	2.835199128329736	1.6704493268444134	-0.010174871994257526	2.5515970519128537	0.11443542974327192	3.1868148689390727	-0.8133650180420904	0.924241798269874	1.8051225615849078	-1.2099045050158042	1.4341184976140038	-2.2384327824951415	-1.4458648628393331	1.332472692792369	0.19038529079262048	1.2738566559932112	-0.6551627781371953	0.6242660464208297	0.4897471216096135	-0.13465957829806371	-0.5646277258685621	-0.49885443812453856	-0.5206197348599197	0.27821138247332194	0.01015504744542115	0.17346826514591068	0.48600248941390756	-0.791931871575783	0.45137246164429434	-0.22682721278937754	0.2826636042682037	0.1344978916924516	-0.5976165197781333	-0.6205192361216701	-0.02585167292922025	0.4775028095172799	-0.6387128335139939	0.6196624800907836	0.5019487296306803	0.09073622738766786	1.0063701551164386	0.6479072165822867	-0.02381904151539887	-0.12620963752015496	0.6947892044246609	0.23063995040686294	0.570712873122942	0.32212102386051383	-0.781020282799084	-0.20137896873988484	0.01890124179652488	-0.16717965164360674
DTXSID4035542	10.540658491021658	2.7564701571020986	-4.642455400126965	-6.093265611655976	16.21661410613554	1.5807052247028723	0.6773030298370342	-0.9338175650908548	1.1512736414938525	0.13620626274158135	-3.859230017196491	2.7091763615281623	-3.33500802393742	-1.811571956783552	0.9987170746603938	3.1253111720830256	5.802704563944202	-2.1812715070325357	-0.06297870867765049	-2.903326792163309	2.4100012048348116	1.0198636587598866	1.0648417895586626	1.9116970279726637	3.001486335599733	-1.2188708727061701	1.1539196703506063	0.7797684089256118	2.616800482813387	1.0758424368119024	-3.4277831770779827	0.028590307580083837	-0.6616434856862469	-0.6528172248113363	-0.5268811631014947	1.257753085369038	-0.13470940701595463	-1.1469810739934274	0.4335216211117899	1.3589580370719352	-0.43170628967560387	1.231470391166888	-0.5381007203831462	2.5965359278159372	-0.09635667669671075	0.15514277861896042	1.3901519776520321	0.40423581722143653	0.2497272911033532	-0.6691072021000313	0.8202568402259349	1.090929486358889	1.773368442600523	2.7507271906217277	-0.11659467046318245	2.2768650358011198	-0.6016590523519346	-1.6414860407347325	0.0957166763479472	1.7770892173601676	1.3667268223258122	-2.3302554695323923	2.1630640244210784	1.2799474581341213	-1.9609688051017455	-0.4213664556495502	2.449130440505921	0.13937159683515277	0.6963830190111429	-0.2684286991910962	-0.8933504892334097	0.2099448364755748	-0.23821463948380658	-0.5724399282929553	0.2821810546855349	-0.8663627917611403	1.0410920652968654	0.49513004426556756	0.12610942308435608	1.2303108016417117	0.5096596628470895	0.42835214677591377	-1.9819302233684872	-0.8181542537758953	0.5265385483922359	-0.7079913711647206	0.19383627707254036	-1.0358177270220557	1.0951819962000857	0.4408201060636494	0.013864996828973356	-0.5027993368012726	0.2742281194470249	0.5015158481771207	0.5114959302898493	-0.5036578541785721	-0.5796159187784414	0.33935232109212626	-0.35238305343960963	-0.2132652332607634
DTXSID1051856	-7.708025425146924	1.4612542654689795	-3.6782628396643005	3.7274073845599482	-1.689010841952596	1.464660520750505	0.2090588208732664	-0.4298072955399809	0.30532509333110913	-1.667755775726727	0.23868507861929852	1.5355852582363911	2.0078122723773175	1.222497856845188	1.1697409533360759	-0.20500041618322418	-0.7774875116992065	-0.7840632597141434	0.3405971797252504	-1.0740485414439946	-0.6832285222734343	2.024115149834613	0.04382393418489008	0.08870338859806068	-0.5461562556496239	-1.6546791018904978	0.3692355836912479	-1.663492715163571	-1.4932802464103199	1.1647278865947686	-0.37550605891895095	-0.6944806247001786	2.425996264258984	-0.6086013186048332	-0.18979833856832828	-2.400248356878035	1.3243069251631412	0.7806674382257395	-0.3008906888148423	-0.8827529703570455	-0.08149782415499188	-0.5149103182763104	-1.0279079956908097	1.8924779579560616	-1.4824870888718613	-1.2827564242406562	2.1258496069119563	-0.074170727248586	0.3750474012535197	0.16696365169160357	0.8814246862478936	1.7512539767005488	-0.537626102546209	-1.7840282939939074	2.2745766799372285	1.1455665330040756	1.0563207909637933	-1.75775753746131	-0.948124130756478	-0.35935191428463703	0.6774190265215474	-1.5330128149030242	-0.6515030504651224	0.1852899836794838	0.43224503070214726	-0.1256358743664859	0.3716047383154568	-0.5656009319650298	-0.7585130889002016	-0.8393769853108781	0.09420589987109101	-0.20495932530721794	0.3090976484022761	0.9563599549227658	0.766272115713517	0.7707954571467335	-0.5139317641553117	0.2047058249068662	-0.38599516718024046	-0.8052770027759949	0.16271680497503369	0.6830062072234756	-0.2750616660109899	0.022714958032057406	-1.003836225871039	-0.6112784822535977	0.31157994239205417	-0.0458701212695274	-0.039560309405956874	0.41830953585961855	-0.21501562049564293	-0.44007660239311525	-0.3678447673678225	-0.3638773832312362	0.47838077544221747	0.011630276612473308	-0.3936218247179446	-0.09404875550371783	0.5437221278486077	0.32735727633062506
DTXSID9044821	0.3340108757184408	-2.5430436727351906	2.839842485751898	-1.7379054445874902	-0.18211969862396288	0.0815347785652251	-0.12998892264413384	-2.6557457387595482	1.7822672946838003	-0.7551200713144302	0.29920009411340537	1.9561642230584282	1.9417003248061377	1.206026980221259	2.6538125050367336	1.5433564666648854	-2.2573592960756472	0.5623579730476678	-2.3311453242668203	-1.0125417509356398	-0.3539663834756956	1.7030121717162092	0.785516802249714	-2.047274116547513	0.7881495206544465	-1.5589331069354833	-0.9345258787801072	1.065881331867626	0.08450548542018689	-0.5093711205365488	-1.0519919629525583	0.6016552669358307	-0.37716669638529027	1.046948646158866	0.3116560978264992	0.6570363287583831	-0.506205565671011	0.7446378832035246	-0.649554433372809	-0.7399895823147871	0.5334130886883095	-0.6851518250384515	-0.22001400609829236	-1.243935122293495	0.5234178226015805	0.18081120872780235	-0.09494191531390053	-0.9685701605000632	-0.6055844737030831	1.2759979040332545	1.1120711043855935	-1.1540341355000168	-1.171465437441099	0.603335109607771	-0.9341598195487869	-0.7032151781983972	-0.3310444430768598	-0.19211647050664132	-0.738065640998619	0.29929389738523965	0.1432442946992435	-0.025045361302096197	0.3354132023562062	-0.011736963000118686	-0.7102078922705174	0.16122603370794253	-0.022863106817591076	-0.8329929080802067	-0.07664286335546151	0.0640649209704201	-0.0028785042497472403	0.7803360442761668	0.6479951290407627	0.29364027944344234	0.07700416793252195	-0.5521083889454433	0.0828917898577689	0.08000755845919105	-0.6796048758419547	-0.03744799005838733	-0.4108310399976916	-0.27956372521330736	-0.015524701271039075	-0.376120654544308	-0.20287739131785645	-0.724229361075773	-0.10188364174362285	0.45173780926923685	0.30822947312501625	-0.3452440462757938	0.193517916945341	0.07983075352203702	-0.7012485419188892	0.21296756189390156	0.07875747019903857	-0.11358247737070604	-0.23736067655486037	0.4451329607678233	0.2498356156840742	0.1241261671990701
DTXSID4026713	-2.8444533600997826	1.73336817063099	-3.3258536260094735	0.3529711128499181	2.3563152320446292	0.7757084198644201	2.174700410744353	-1.0602515177987448	1.3683524934794227	-0.8139159009653808	1.1224188663648509	1.190359544928397	2.185065282913744	1.1449971751787411	0.21524439639850002	-1.4394710720128965	-0.5286779289350062	-0.3379556389887015	0.004690209740884823	-0.4939911842910346	-0.6441542563593291	0.043728822820631015	-0.07897567903999331	0.6273864048325233	-0.4005797383457921	-0.04089621670809519	1.3492882291248536	-1.5251314001378466	-0.6100425564248146	0.1591500240527787	-0.1692937656676084	0.6131057707730272	0.774317012840069	1.581503368021971	0.1710657974203624	-2.4081070786979772	0.4460687888792231	-0.2530723896692173	0.9874633711434169	-0.9150858892839456	1.0311409948893018	-0.7405693178582073	-0.18219414358448324	-0.8837705438759522	1.9982490493445353	0.41259381194452505	-0.6002880015601939	1.0385263246957968	-0.7449912323993839	-0.7276191738035146	0.9397127239344633	-0.7613611920459868	-0.22929458909656755	1.1525505484693503	-1.2497579697699537	-0.17437316396425906	-0.6267442506401784	-0.23395063410233863	-0.48488147926046316	-0.5799963579710591	-0.08070343286405636	0.1482672207790021	-1.2090054137011692	-1.6067650825945037	0.3758490989017689	-0.14699890980924588	-1.93342602508255	1.2192261804499778	-1.221310379785013	0.5165090138849076	-0.2847800602967118	0.19467672140722886	-0.10265909961002977	0.7171060397379179	-0.7871443498718361	0.1304307635094371	-0.3524397916220503	-0.2709400668032865	1.023580760244476	-0.07702805444213685	-0.004122719694449478	1.4633739628645919	-0.4711039472748273	-0.12103099976572673	-0.7392086943806787	0.382209939066228	-0.009122699669476118	0.08490473680216488	-0.4556386446738308	0.41510199841642437	0.4949244615505846	0.20766727192540754	-0.3011405589270905	-0.28682743034765446	-0.6611461742955242	-0.514210004455362	0.07389895815193888	-0.24698443490384517	-0.4782892741406592	0.562340519590023
DTXSID5025603	-8.208023456561591	2.7688517195144215	-3.8073112015373445	3.597253669485412	0.5957606678164837	-0.744797790470999	1.650896068508725	1.216497561457408	-0.2799561591669792	-0.4810625335511125	-0.5217160106197164	1.0260388267229816	3.185442694249783	0.3526305746878096	0.46866251206360937	-0.8610472139434032	0.5933415095424089	-1.0769569346433927	1.0191785153177293	-2.054863589162932	-0.3943656575503429	0.850997751172128	0.7570640923939	1.1475203283167772	-0.9549069568427097	0.2790091336582351	0.16249569191787774	-1.6916530997312196	-1.0439985808245043	0.7154854052225483	0.16332536838987746	0.18257456587231727	0.6955480350428693	0.5041614339783578	0.03617659633980082	-1.4698839481482373	0.6157283928142476	0.3007851809248692	0.9922178824022965	-1.1196817935599086	1.2875292674320704	-0.250071102609712	-0.5624036176943101	-0.3250861853870948	1.525422931319705	0.673861562943096	-0.7648015933988535	1.305857442047835	0.1077745723717066	-0.8754415370919573	0.06541236648218648	-1.5178626413407814	-0.30351741307545377	1.7003923154458715	-2.0254347265909884	-0.7726802334248479	-1.0554274664564882	0.24176232797559785	0.15136429310176616	-0.35397266660871846	-0.4132986211276602	0.3037783401515765	-0.8371789182377884	-1.0055289434696306	0.8963490276198891	0.13154050062470848	-1.0047786920766066	0.6981642617608035	-0.9015401123520587	1.2295250958993924	-0.04070874225698093	0.16331187838164066	-0.33321286552895757	-0.4579602409816797	-1.4232302610779597	0.8026948679581694	0.29185095104585085	-1.1559225495336822	-0.2111326795432891	0.35725175517222	0.5398114781712259	0.6864698936474194	0.5395358794509831	0.7147374783063736	-0.06177960262649803	-0.6288833240051407	-0.3711444418830187	0.8136905129263242	-0.033501518092929373	0.09343600239623444	1.2109143432323948	0.2695757398769192	0.10641130509878642	-0.4841038001506234	0.07213629894875577	0.5440811139685793	0.07721467577204384	-0.30838865381969804	-0.7257592797946546	0.8975785977831942
DTXSID3034799	-3.5831450921160095	-0.6362423379536658	1.084928754424276	-2.174143233909839	-1.072891347103997	-2.2699104468515534	1.964737223466295	2.1230429072440598	-0.28563656868129494	-1.5501309060320496	-1.4414554572820981	0.41074874590499955	2.374037745677146	-0.8159501692228446	-1.2481454042331093	0.28694506979955003	0.006399746163676767	-0.5244258873769692	0.09134550048565422	1.0076145427693348	0.6886915704091005	-0.3151774073554355	-2.608146346113788	-3.639203845272473	5.17806553895502	3.0611707630555287	3.895347137886378	-1.016969443539984	0.16346966753089015	-1.7271604919353962	-1.6947696399714405	1.5754976336601494	-0.42651038136134145	-1.41226874062533	-0.4220860674955262	1.548657507190752	-2.540489934151552	0.942970865401229	-1.709207003861409	0.7821878406143074	1.9402740759901957	1.3311412960293356	-3.633282072483472	4.679490775642565	-0.8943290493490802	3.858637374282759	-2.2484829047172945	6.049851789813806	2.0863665851479687	0.45566767663667423	3.987449479765648	2.6403785685054078	-3.1886831413258157	-3.4667663270066815	-1.9339198025480824	1.9714873908318786	2.293196963525379	1.7764416277603658	-1.598766608839617	1.8146344415400426	-1.8833696029024796	0.26278258957101724	-1.8615947676399245	2.7422185849570075	0.768757320012344	1.2940713769288075	-0.4576146270729366	-0.23170397670650505	0.06343141032593001	0.4906099561072201	1.0355626202056039	2.0445473195275046	0.03559732490094588	-0.0048459373736301796	-1.3415596742908495	0.43797499888760677	-2.2304940249607736	0.549948352876215	1.5761184830461192	-0.5533535462575316	-1.6384324430818586	0.10871802971960301	1.56595384848842	-0.006648114403290041	-0.4489683459152285	-0.25746228009743505	-2.0782967755621846	0.4105296143311743	-0.06449983593572745	-0.3403787791154845	-0.8149564389100118	-0.44888235038036656	-0.5078272001590076	0.3520665222605902	-0.5062024633692399	2.026319029435165	0.7297827702587191	1.3454467557015288	0.5848254479994972	1.4804786972188084
DTXSID5048978	-3.858730613404524	1.0775914422079629	-5.406165324483629	2.0936487856243216	4.359185500972549	1.0085434306411565	1.6284690555338577	-0.563955077366219	1.2761611278398286	0.24956777295043353	0.7507751451384892	2.027266258124701	3.4571291901763272	0.8830971678407852	2.119934109362193	-0.22683287188785026	2.9288017819611367	-3.611457825177511	-0.3368848701637536	-1.5387674068398678	-0.201660426976367	0.7688958411169987	1.9240031823054757	1.7147498737392377	0.7536232117081053	-1.3047826604295238	4.909211701695946	-3.851308059217645	2.788402645412878	-0.39766226578045666	-1.8088352055962635	1.9053457220541261	-1.532090600810004	0.8077609459871279	-1.97772703798463	-2.049123706049079	1.8970395875335884	-0.362700345951385	1.3864956407308986	-0.5240979943185878	0.7166745928891838	1.2471800937282378	0.5992569620802483	0.28167512297960745	2.4455363579712497	0.9543096177661167	-0.6388069886370261	1.2624657907666652	-0.356510586831799	-0.518834259118436	0.0631887022747019	-0.7131998802314228	0.6385041324293804	3.883534753715477	-1.357696545850702	1.5527745183151702	0.09027789663912383	-1.181637711238199	-1.1742236326803053	1.277953457305441	1.2442430899006423	-2.5416114926775255	0.9325170497436056	0.3402572791173051	-1.275065917292854	0.8603712628472783	0.8565512200966066	0.26933291497511064	1.154464311948886	1.7995778212331388	-1.303119346616719	1.2946265575591398	-0.4114330964166839	-0.9036156607932653	-1.6355982372833582	0.2901271494203612	-0.9408847801136753	-0.0016376996592006952	0.8118703384369887	0.22802455851350756	0.5931843448537446	0.5724789596294774	0.23373568831876054	0.05397395708904857	-0.31289593839861535	0.9203014398369298	-0.2905880242989852	0.40248843871982176	-0.3781449090180188	0.11901117673988545	1.1104613854332193	0.7372112271288032	-0.26171300316026647	-0.3120935303483877	0.3375198313566891	-0.06338373756047204	0.3577301247091666	-0.10328373759048899	-0.5719923753111334	0.1901709394873585
DTXSID8037596	-2.3994331651704837	-0.8807155343473859	-4.178920387138111	-0.688753210488834	-0.23831874603357	-0.6223931702191517	2.6473245292535417	5.82798213005875	-0.279463005161062	-3.8455461846813126	-0.38032261395150796	1.2807146709136634	-0.10503752557035177	-1.4821076523533534	-0.9117663053816715	0.005664454084412351	-0.549268084852104	0.01981321758660308	-1.112426368932265	-0.8707428526639557	0.8371820980372026	-2.301932933623342	-1.5813525566345628	-1.442491582914129	-0.5321694264891876	1.9155691854127177	0.42299961981501427	2.143879532277047	-0.3771385511617273	-0.5334725197005961	-0.5181714564179672	-0.16321185586429746	-0.7643828317347218	1.270732367462588	-0.85740785906969	-0.5802502427197852	0.9501878945438365	-0.36828268401374237	2.341731866627138	-1.1322019224993802	-0.42854648156289127	0.28686882010803894	0.6719370223276553	-1.8642253408537317	0.581226445581129	-0.7793784830810606	0.365653450443939	-0.38758748702728263	1.1913291804512018	0.5707864228175903	0.1798784181436527	0.09455583371339187	-0.39333195153358375	0.7858105274261522	-0.10487694908324309	-0.5805604926271691	2.062498770045654	0.7567959625103972	0.45931242445221176	1.2862564652012625	0.2774041133076166	-0.7151501344816746	0.7294379561743429	-0.5132953977776463	0.9472864705562639	-0.08331320533960435	0.3785248398815642	0.3679694051404818	-0.37276156712771685	-0.722790139675285	0.47142342134694576	-0.04564339104807219	0.19135007725812234	0.004865152724613732	-0.17469764332763066	-0.3270875562666264	0.1877267861428133	-0.4299485200419738	0.4960737740160339	-0.2605751800885657	0.3143970817187801	-0.5270057276206775	0.12523958425788922	-0.030238688136621093	-0.022315713287122802	-0.076854466194114	-0.16545660830832587	0.28074489025908494	-0.03493678320902726	0.46454184580901114	0.10624467554197801	-0.026713303669258157	-0.2306493345031041	-0.2431241447666414	-0.41761715674190164	-0.4317399249482548	0.026746986836339467	0.31719185980152687	0.028872668122714717	0.2815777478765914
DTXSID4048646	0.46712591740556547	-3.2360654411474417	-2.0015954256233615	1.1054541270057954	-1.1227786625884477	-0.03853561824225393	-0.8107786429547178	4.30343001539982	1.4463193220046722	-3.796559583745452	-0.9249138854578549	-0.23060830676923458	-1.4634491170813406	-4.063809470093199	-2.988666219612255	-3.028936374695486	-2.6529151394959127	2.6072610223127866	1.1834546921511029	0.9882935324190073	1.3701676625781796	6.6786495345577555	2.6281463750238143	-1.4333830457379102	3.422233309570092	-3.0368703659308918	2.5030692509087795	-1.2230780961196	-2.304943477337059	-1.0715191286122174	1.933467174675319	3.4742005060559853	-2.7239047469043745	-0.20492787456905603	-0.3010869863940912	0.32187873175399484	0.6877139395070794	-1.1500619527608094	2.116972987181148	1.056110928837747	-1.0660812042688899	0.9027257631199165	-0.01800327430779005	0.36218727039611737	-0.8138277651831499	-1.868734381762766	-0.033419383243716023	0.5866508178520362	-1.6994776625615227	0.14102655991998758	0.8928911184323711	-0.08911089726743153	-0.20395305274725453	1.424144290202362	1.1404731745252512	0.37907995944692097	-0.12379336250316994	1.1068177194998194	-2.918928362706458	-0.6172896440714231	2.80966032314051	3.517374435437182	0.8591214532794454	0.5755330364941368	0.991883296976646	0.11147123163895724	-0.36754852161035917	-2.519695587530653	1.9411368550483095	-0.2914103691034198	-2.3639529884314125	-2.2848007546623674	-5.089993301009793	5.091828742696226	-3.816217825992602	-2.2485191815154466	3.2643249996831853	2.3992191950374795	0.818857718497984	-0.536862092990002	-0.7488676604789195	-0.6230194259790067	-0.25649801309027653	2.1967329805331453	-3.4941924917577243	-2.54882604733893	-1.0162687980338678	-3.4562278546495935	1.909267248917346	-1.6593051140267683	0.16852328818559498	-0.40876152906246527	-0.9333168175340901	-1.4879489612526982	0.4254525504965522	0.2900811110676216	-0.23313526264323112	-2.093599880688457	0.4060142997304933	-0.7720727769009094
DTXSID4046442	4.466646188029874	-2.709960779113722	1.2620361320417754	-2.453293165706178	2.373696550279641	1.0061873945411504	0.4620302368373245	-0.633356178233132	1.8743931965837388	0.2641404222115305	2.103518342435862	0.08216841788004163	2.451761928737581	1.4762046107365085	1.1471783649867013	-0.9969173597462304	1.680946838793108	-1.863138809996454	-0.796736334743824	-1.2198872851696863	0.6365345622814542	-1.0777614839496477	-1.4887943280410998	-0.06042805915124208	1.8427463734870546	-2.1473234917281814	-0.891510191503006	-3.1695357129737456	-0.9559527511032481	0.0041044575281911294	0.600673305515297	0.870366620707452	0.27419601624299345	2.397415579803573	-0.5836634635044808	-1.951488175612989	0.655260755872225	1.4358578350736042	0.6996697618096929	-1.8897689851771684	1.063449679508568	-0.22924481960975468	-0.3783497651647032	-1.535181056535669	1.1684329257603412	1.959307468007495	2.0523067453883685	1.0823914680074433	0.13702353882280227	-0.2888110609315078	1.5453418556607046	0.0719330400397576	-0.8092568925934903	2.7801697772543577	-1.3030425900029985	-1.9468518214738428	-2.046251980234308	1.5874705839158734	-2.1384697204581284	-1.9767043570142826	0.8423959697747425	0.8250138453694557	2.0465344167078015	-1.614972000278107	0.07689883788745397	0.6899614487158623	-1.3704985617712069	0.00827424716499492	-1.582635141016633	-1.2740258175776364	-0.07907470448253759	1.8134037479272438	-0.29550726260060767	0.22000770376046697	-0.9382979010448415	0.2518629021030021	0.44683696250870253	0.03805748285320131	-0.751806396649839	-0.004032637478657001	-0.6567140601648408	0.6578013720086674	0.2977897484771098	-0.9037336495966696	-0.7005014011596591	-0.9969717298807427	-0.8326125651248143	1.64798018192893	0.4806413315530305	-1.0157157939328487	0.07523057992611146	-0.03831205594253843	-0.5070481432661585	-0.9795703520136454	0.9078254650249956	-0.4640495234527317	-0.3569185596262887	0.9307409783813468	0.19963160195055962	0.24920051544017177
DTXSID4027284	-8.176058529027172	2.899904995591392	-3.121378950846712	1.1536386513233088	-0.24812718352576874	0.3227492655042548	2.496168757249748	-0.11028840739041397	-0.3859946788578522	1.2780378173421696	0.7656404304968997	1.2440442699665526	0.5979000716867258	0.36143524472952854	-0.7151077666938164	0.43675157895314715	-0.9793485188663332	-2.4430930245939257	0.9758900316262659	1.1905212298650407	-1.8144091321197522	0.9790636935496999	1.8801177544748868	-1.3593959501445019	0.176114739905171	0.7366692867814928	-0.013064411071720732	-1.0687657982618368	-0.4943012440214523	-0.9380925455017369	1.0010569576381054	0.18866849672394068	-0.9813817999145679	0.9062502212763641	-0.043083087259381585	-0.39036397417408547	0.6232861818857746	0.5722329327198604	-0.26128474562749543	-0.06257067405657779	0.02257941543114557	0.8807871820908442	0.443378659584787	-1.1341985068442417	0.7790995618407315	-0.13260703001309493	-1.5598547987679028	0.8116605295490577	0.1871842387998962	-1.0096448999222907	-0.6185536969419573	-0.2865459175089849	-0.6452389137340668	-1.0152770751727649	0.010327496421066796	0.23178314703886843	0.03737161816420347	-0.21597820673596274	-0.5234414854362931	0.3755455414979488	-0.06950613815384168	-0.23739240332671538	-0.3650733691115701	-0.7710249909939672	0.6539329866679698	-0.00951078149791474	1.0541413331734641	-0.13862801018010454	0.16280497384003959	-0.3808218769760363	0.9560280429218714	0.7389464466438617	-0.11591726444500726	-0.914585221142105	-0.020171805144767053	0.1722740039854463	0.08884959427479629	0.749429230092924	0.16239923093393724	-0.11868193934798689	-0.04384526131643484	0.25161870263820924	-0.09598491952518241	-0.5445949249076553	0.2971009580944307	-0.6381859798647691	-0.2744024490798419	0.7446585058551077	-0.6788233189197755	-0.1549386238735336	0.018280088225357344	0.42327876914491114	-0.466263813959676	-0.5437168830745653	0.12964503191366755	0.7123117371256633	-0.3202484783388697	-0.4574422814260036	-0.27717479860730293	0.5474808317685652
DTXSID0026882	-7.179510330158199	4.524354758803153	-1.3544523774505002	-1.3945440912971232	4.281204539976361	0.5584444329417287	0.66647797766107	-1.7658515622297277	-0.6954276828952031	-0.30841488837054437	-2.181741057365737	1.9113423253701793	-0.5993459454616161	-0.9471579381940627	-0.5058500986479267	1.1737242949251183	0.6268655314232424	0.8522265313671361	0.1081382464297844	0.5672870588822403	0.24592045925060346	-0.4782349440543371	-0.07791711862581403	-1.0830035963162736	0.15166536769393146	-0.008223227490026767	-0.6644988638160717	0.4529628181920816	-0.2790898032340566	-0.5176786129142429	0.3337549032744276	-0.4717678503432554	-0.29587458389316157	0.056895437652685746	0.5082573739506441	0.7556869589912414	-0.1574396007677696	-0.05901652996675157	-0.30568832796533324	0.05854290649743394	0.22177298145481067	0.3997991255911668	-0.3286023976817188	0.04097226924916458	-0.05786831176250348	-0.6117438851609961	0.2665766853816617	0.403566971924674	-0.10545522373606239	-0.7004508159733602	-0.07396516328462087	0.2256951077063914	-0.29652315219356606	-0.005584321328218945	0.02341391724958893	-0.11241628056833745	-0.204533057390142	-0.07392949788972111	-0.9894709303743779	-0.07508390511042955	-0.25522092040687683	-0.12084568574827129	-0.4313463336928859	0.05791542128882121	0.297874177345054	-0.2388943723460206	-0.17206887724511236	0.43309938019201405	-0.2903693312806771	-0.0473597893837582	0.26373423225321546	0.06339539994293403	-0.04694429631325855	0.20002206353520485	-0.38776377060399	0.23610066851231043	0.04869509239118225	0.12917960274020118	-0.1882163290422239	-0.15717835304796227	-0.26774467975881794	0.36532140295549437	0.3711517682424046	0.06502212253864117	0.33500843942693226	0.23603312536893534	0.01819950727047104	0.24926692415671267	-0.31488814070026366	-0.0011791222798809993	-0.12564890293049194	-0.10879754396992775	-0.48950636846465156	-0.2743802880141672	0.05537995483757911	0.1078235667396816	-0.17671345510302583	0.05036987146256429	-0.007997192374288626	-0.10572431243161191
DTXSID4020537	-0.06892419377352255	-1.6936806412495373	2.236098257722479	-2.8807460529969617	3.1157702335688913	1.2106886561023613	0.8665958352893882	-0.2384804638133535	0.02939162315007203	0.35583661558424445	-1.3895296542901183	0.5822327063306525	3.3944322577404056	0.3204421809264658	0.6957066570243507	-1.1909305826654613	0.8845311358446215	-1.6658279029706993	-1.0377902542201691	-1.0680004343458922	-0.07379121471409944	-0.9226238602403976	0.10718009554113936	0.859783918824858	-0.3568833288280921	0.0028444155708862444	0.802501966739741	-2.277268859011744	-0.6485006711384517	0.41789890311349154	0.6050878874201253	0.7478729567302637	-0.3496503655820047	1.1591760467186571	0.23787993259659984	-2.3645091917923433	0.37686290078110674	-0.3893637298679302	1.088773311349125	-0.41509623097039855	1.163037700910623	0.06566567755288857	-0.5114219253819359	0.20084717052359805	1.6731711903373943	0.4225798105626787	0.21723505491991238	0.8250716902786426	-1.451396012970654	-0.008217132544450171	0.9004239215167459	-1.3167527405763975	-0.41336930305124503	2.0432038232338856	-0.686886331642793	0.34887140863254074	-0.8683291586439913	0.7849105821121954	0.4474943280648544	-1.1809007447641262	-0.5413733933096738	1.3869517307473525	-0.44928132135538695	-0.6482357338740453	0.631409735499137	0.03118198120121946	-0.7533772144188202	-0.3295492616416786	-1.2760396147074973	-1.229630388440204	0.476162762035462	0.5350500388249917	-0.17347056253427454	1.1112877786962163	-1.086379493510218	1.3279981854892617	0.21148482577668257	-0.6819651174836106	0.3447367527297746	0.33551396748366585	-0.4731519883714624	0.19251088795464127	0.5988799332878424	-0.29943991296245	-0.1732793787007121	-0.07185060019239349	0.09687903362991813	1.1181740262783435	0.05210807334528856	0.013554180354292072	-0.31965481766194487	-0.8239304156923898	0.24583695825609247	0.009601550470887751	0.25224704320793273	-0.11063944803372827	-0.6759033515967842	0.002496387031842849	0.057286847142402196	0.21151268092899694
DTXSID8023185	17.00472279464692	-0.14026766178813202	-3.527141949408593	16.305768808692463	2.116599361530257	-2.7880179564534955	-3.163050285643916	12.330529936281176	-1.8144007211165687	-0.5297116990141489	-2.7272542076469595	6.428685028813191	-0.14353396315954203	2.547226499068946	-5.286216922310617	6.1079305972833575	0.35222862022304896	-3.7889296203222615	-0.864033854495481	-2.4929521241552495	-6.9303167226930364	8.275617671249238	3.4291534803954757	2.641519563763756	-1.5842293754473376	1.1428508677065696	-7.020123400663537	-7.625601830881447	-1.8759927069422457	0.1849011722183719	-0.3012754089057929	-4.110965676203083	0.8258221568836265	-1.680494725729568	1.8900700008267752	0.7077208117201372	-0.26757889973984894	-0.47396536640232384	0.9850530908489288	-2.1093693330046785	1.063484074305152	0.46783795200154443	0.6262551014543917	-0.5527442528456613	-0.6136066079580775	1.4313480114829806	-5.941654805086182	3.9254522576206696	3.764126775967257	0.8218640003551035	-2.4255499799229185	1.1131311494713554	-0.4212557028280209	-1.8175958249606081	-0.4923938449217666	-3.7366224399837313	-3.3997182065555402	-1.6783653142378752	0.24508701379855358	2.2245316037597354	-2.753356559675014	-0.8867848896404191	-0.9540682326956585	-2.9836759784524163	0.2938387538647256	2.1729586404263057	4.03825634993764	-1.4361459527876754	3.2510705867031504	-0.6207028405908827	0.5502214168299482	-2.1349535637948445	2.1644320139052713	0.04105853900840188	-4.785218126452702	-0.7561710161738652	-1.544699462204862	-0.9418976361124168	-0.8224397503115406	0.48730971079075447	-1.783506990393691	-3.246070206402583	-4.564661572383418	-0.4781785758605858	-0.8452665449467978	-3.125102007553271	-3.1991990016065954	3.091953664821349	-1.073049874702711	-0.24184215041489332	2.1097095290716084	0.9076392764764516	-1.3570047690660905	1.0526961902054477	-1.4213750965224634	1.0593612666085448	-0.4956503207316954	3.067699936864738	-1.7314782132399735	0.7662442264632432
DTXSID8059928	-3.168439744188505	-3.6915271813946458	-4.753235112500661	6.6112977712702845	2.1597615855989654	-0.943104817053322	-3.4218746556366475	-5.022484864536673	-2.075987896678991	-7.656154345364034	-6.502929147902012	1.8948561485981814	0.09481025191038261	7.227202458067435	-1.1186568849241891	-3.299104979068113	-2.7159296467212046	-3.0942685289955216	4.105246301211786	3.6472991944587783	-0.23564708169993526	-1.0267088436574334	0.6361244820331892	-1.2833711064704085	-2.2021210467265417	2.1194160616794817	0.08260952514680017	1.3521267212745907	-1.3757649016227307	-2.815102624729459	1.3538384973142028	-0.4111700245270118	-3.4515008962924294	0.9570753886409009	-1.3223993074369014	1.4727691738673048	-0.006229270230060743	2.209185663649993	-1.566030866364526	0.7188329662414978	-0.45198613281201666	1.7039466669169578	-0.4048430062235579	-1.814269187299373	0.6051215553431354	-0.3382458593083059	-0.9563071829100261	-0.7793235140087578	-0.21364584961431715	-0.3025195754270137	-2.148643855320265	-0.06833656097830634	0.027496327301236967	-0.4165917327171704	0.21842591558479585	0.23325386188416397	0.6202955675044814	1.3792411349125886	-2.207321367744383	0.5556796842803768	-0.18497317174105787	-2.036720928853035	-0.5145064578539451	1.7588249979446864	-0.5609677420567676	1.1329979828902463	-0.7797624353263441	0.13158025196200993	0.08651078433757675	0.8680341099936413	-0.5542792679766215	-0.10493561704853559	-1.8593842715024325	-0.894080219606713	0.1957990245135188	-0.542700155842801	1.0651761166923863	0.05553690497022205	1.1847477736488456	-0.15788743012875092	-0.1754708124108269	1.8582050988446945	1.3535452678586024	-1.1436547209282784	0.5024057378071491	-0.8356676386324955	-1.1009242882523875	1.9452539808741003	-0.5060667476472194	0.18370934632543826	-1.2645730925527565	1.7763672746207069	1.6985481701405702	0.7190766753252058	-2.096426546032373	0.7025077984733594	-1.092619589103671	-1.047387988280715	1.9598477745804253	-0.6073087697858726
DTXSID8045145	1.390676461813007	-0.8729798802130422	3.1557039787731105	-3.259509369326752	1.051514077078513	1.0121197321351503	1.4919644724441818	0.5526580762587681	-0.11215935303731116	0.7092059469436331	0.08957927964693094	-0.30330519190518207	1.7451700225763567	-0.4064966681031517	1.1141288882706188	-0.7283457844944475	0.4621941616208596	-1.5471538834858425	0.5034686743770231	-0.2392794792681924	-0.00956539149868155	-0.4437078683822902	0.023904943360600114	-0.18057906554988595	0.47768659710266276	0.5589999066238512	-0.06888147113018811	-1.29343323340045	-0.6219489165077293	0.3656215288982871	0.36637017193049287	-0.4249117765109315	-1.093124306050385	-0.07235997508760175	-0.28278022817335896	-0.5201692902334549	0.2205519771803977	-0.4112919212472487	0.03591044149630199	-0.18410574330575188	0.5427171995665332	0.6409342815201374	-0.14503035894289035	0.62679911563532	0.18025901815452522	0.33495401937803027	0.6279890977664159	0.01863142264416309	-1.070414595574529	0.27398498507689495	-0.20107846994984696	-0.02950136868293107	0.02589405564706109	0.027854682696675338	1.5485453806923593	1.2573703829116616	-0.9765024008606864	-0.702288821652322	1.4776356997881228	0.7042398033106005	-0.7014343215257804	1.3358076654540274	0.47190914066872486	-0.6255231224016315	0.3827039755977451	-0.3145983205401366	-0.02716018606742896	-1.1994291305713887	0.42232217756058277	-1.1255751300345445	0.5144968188903699	-0.9907279168809139	-0.2837032196623687	0.9479512948470891	0.10595437197747651	0.4395032390778574	-0.46405510711620257	0.38806382617772184	-0.41741664926209	0.11602497035435634	-0.45314694268669814	-0.49092153962392865	0.9667720606417893	-1.0433448831546743	-0.17525435986855062	-0.22204468374352737	-0.3314775814890266	0.8322675022682542	0.2743954691750353	-0.56940882032053	-0.15715676158843184	-0.8450841724595319	0.9251528879736356	0.7600638382718269	-0.7631570957498076	-0.970801468604431	-0.11927160850816851	0.24967273982360286	0.015990014050870693	-0.13400002007285802
DTXSID3040726	1.3244897805621605	-2.235785199559601	-2.014119524433639	3.656670934986493	-1.954871627275378	-0.42437539054337736	1.7943824063718248	1.3952391848113403	0.7731978638878644	-1.7857976001040643	-1.3375882011125766	-1.2093054370878746	2.2987442839537455	-2.382433750423172	0.26842746516217336	1.065618622691199	0.7861965818527358	1.4057351517366883	-0.17218947116111202	-1.3523989698926513	0.2778141799089944	-0.09883547097437864	0.09915439671608142	-1.287124263290132	0.6747353310060374	-0.13232403026658762	-0.6148131089072193	-0.6245080072660218	0.3089543363806236	-1.0413358004169668	0.3122270625759952	-0.6906342517145924	-1.2731095651833664	-0.9950254601911729	-0.2189759646899732	0.9040437499523586	0.8203278445793727	1.0304530939536714	-1.2547288226728701	-1.7260137836029976	1.0212804217765075	0.6970826980498677	-0.2628620352500001	0.5375357020870666	-0.21243592961882657	0.9547923657956026	1.0492505242222456	0.7340685063320258	0.742242164768836	1.2178001522243111	-1.248278683328646	-0.29454546561104117	0.9360472147725759	0.1254953040705465	1.4665636882921158	-0.01529386981281454	-1.419389942056199	-0.25620429952282436	1.116164940098844	1.5640057846941693	-1.5510669361479905	-0.47409657401690813	0.21539673344803165	-0.950800356558862	-0.6402026491985756	-1.627747164017138	0.35493041150483334	0.29226304009940435	-0.5700993015276656	2.5992583589120013	-0.856088705091241	-1.9764155640017276	0.5191168241716514	0.501358460880628	-1.280250238779523	1.1914264057218562	1.0591772621803766	-0.5024424826732439	1.5364092683934127	1.0774725131655092	-1.7006259187233488	-0.43445500028096296	-1.0362140609677926	0.059773831294633116	0.4012325443153616	-1.542563638981639	0.6706444203076063	0.8113695907838945	-0.48732608036234254	0.6828542854544547	0.7882432952568807	1.2182155766092966	0.5103259405348378	0.1330431041337829	0.09296558563314872	0.11351652943538044	-0.8914227693336814	-1.774099001858383	0.1640444830860888	1.2920653241930475
DTXSID4029698	-2.1359024422481707	-2.972535575717974	-8.472952908296747	5.750996235122109	3.215438679893644	-1.7871558117533943	-5.2906815548885575	0.8098647458260093	1.019923868141308	-1.9097513984258487	2.626198928807218	0.8210063683742062	1.262918945875134	-4.87983569722091	-2.129802015009485	1.7920311143791217	-4.296330981870527	-2.9995483291387846	0.5287662748656236	5.070673410614907	-1.130115046228787	0.4792092408693191	-0.18714568164081755	-1.4615909876431297	1.9051583165122907	-3.1408350552484214	1.9447866002957304	-0.14368649454205812	1.5332497801400653	-1.0745608639514102	2.309306978384392	0.6569814979145279	-1.2019014056017694	-0.15913679029377706	0.30195879121436525	1.4577903646665409	0.9026384871854991	0.18518019688988438	0.706344811862652	-2.2068180527916574	0.36484335195987344	0.7562156041885332	-0.2978531849589774	0.97455325695043	0.04033110093901306	-1.1203504756964628	0.8784548567671229	-0.5369253231525417	1.1904781770068535	0.42967781332490224	-1.3722805778963993	1.0974068619334614	-1.837886629272072	0.6750003861753763	-0.9213371810165808	0.5922669214508067	0.9557061606233102	-1.0150541842057967	-3.210126733592835	-1.309338827291391	3.536971076021516	0.33505427407733773	-1.9453695589904807	-1.2834112136816012	0.7291558373548627	-1.1586398802362579	-1.0657546111979341	-0.23578709624228736	0.41077861678416144	1.9737217669990377	-0.36998664779853224	-0.5992408044475238	-0.6462216635180384	2.1076635486145086	-0.3685696727334316	-0.6412046878082122	3.2573833494128137	-4.180393988317321	-0.545469135621366	3.0541876018795278	-2.966351716857106	-0.8598970557918801	-1.9878071110742366	-3.660143907308941	0.9977485545523778	0.731996644964703	-2.8360850931953387	0.4848489776058767	1.1173811304285877	-1.084405192886005	-0.05719348010893865	0.3546628163186219	-0.4551310350715083	0.9813620750534443	2.676600502951354	1.8070445187021396	-1.7620076593156084	0.45513127840045114	-0.17704813910060171	0.4914157886653382
DTXSID4030384	-5.599355520371509	-1.118320439191075	-1.7079964239746956	3.002507140626816	-2.492589272902082	1.0659680191652188	-0.8187554198968011	1.4867927461389168	4.420335914815629	2.292099093848151	-3.5472391566021915	-1.8250635980051841	-0.6374162696780413	1.0524876705427781	0.882116192565288	0.6326159106200901	0.60243759301208	0.8145109725337484	0.08562975364783525	1.1025377991889893	-0.25838301829760874	0.9110021822052382	-0.29906897738225713	0.41061154862790755	-0.20834967789087472	0.2044040367067044	0.020610766695087067	-0.05304626531660379	-0.042701311228191	0.4058927652896744	-0.30157244485538554	-0.15163778789185428	-0.02056114100993933	-0.2689612102028571	-0.3241569450242805	-0.05050548006870791	-0.03543303414912988	-0.31276260785400906	0.40930133632280435	-0.0862994878692767	-0.014997589147079672	-0.34461963853860095	0.17400795381779122	0.11160009258543632	0.004528878743666022	-0.1194586776599706	0.10155002839288686	0.3260243579936751	0.3395491752562195	-0.1445543686164219	-0.24243288030626836	0.05702877761487956	0.6561167337807109	0.6127400054042723	0.10610801029818888	-0.02098881071374356	-0.04978562905885337	-0.19749507137553335	0.023014434581037538	0.3523116164396692	-0.013803817734974548	-0.025842608948405843	0.08108993852683323	-0.6216266143989987	-0.019754107481843464	-0.4803663523405742	-0.3974316354077457	0.0516155347940685	-0.07941060660720796	0.12369193439986396	0.17499068806104773	-0.2455217253794388	-0.03871832505290806	0.26898475030501046	-0.023921994171214454	0.20107212594153015	-0.00023438802843803706	0.5012666441927961	-0.2362413191822601	0.10501404636628835	-0.007219034405882519	-0.4619871210637984	-0.2730897162106261	0.14019127446023244	-0.21177418096923864	-0.12613908553032607	0.11847691656539543	0.14478531708886122	-0.25530705569403767	0.18016756120910973	0.1426964307701133	-0.1340551109035134	0.11498058619365016	-0.13741394134085147	0.31029614770350133	-0.40641429387611205	0.3506107245008433	-0.6382018867308923	0.21043626931588766	-0.9643056105601612
DTXSID3026065	13.931674675253454	-4.473175290023065	0.3140937191314897	-1.3135576423196338	3.348187239034063	0.7808355447131772	-3.847040051487836	0.5751355975050286	3.9841023017855477	-2.225872378375917	1.8330848095136298	0.5181860907053404	-0.3269929625132623	-3.3070534765216593	-1.7232710579610655	-1.0336003266893172	-3.738348455758811	-1.9735826738230255	0.5085607176183309	1.8708419710357334	-1.7058062076315503	0.8190363243352771	-2.0891384125897488	0.6431362292104613	1.9541194500595227	-0.16807811275016718	-0.119427542888943	0.5534134287388125	2.125383829320848	3.1943093630117465	0.18364277410968316	2.4791700875952163	0.39937799833477206	-0.3255551746260185	0.7632826872273438	0.27086510555707005	-0.8787950061339314	-0.15241562945986278	-0.8079030430252824	-0.8072917107769262	0.48092025174392944	-1.3461132169895114	0.34034006596517324	-0.6407008840351753	0.23852410709652522	0.5535477697130513	0.4323294227486936	-0.9676369121332763	-1.1345793564166595	-0.37582215730478996	1.2576855972198449	-1.514042698894175	-0.19886918814810436	-0.8762924877292178	0.9413676539469285	0.03294304114489351	0.46752368318674137	-1.6762049990019603	-2.028253855626574	1.009334054870468	2.4544937813021686	-1.9834712848923748	-1.0393984430115026	-1.7906473064499493	2.6900223159086756	-0.7566506234056585	0.5407974365933126	0.2507352558400476	-0.901020403864457	2.910584065998875	0.12363803238147945	1.0729180631065163	-0.17755627558644593	1.3125949821004113	0.9314666816575587	-2.2073338535524543	1.4740097327267057	-1.912821780287923	-0.5180270896933118	1.6043913808173424	-0.9756272385134707	0.5703910532539164	-2.2577804935369525	-2.460029267432198	-0.08493953807240015	-1.3355081423857704	-3.2822361603648007	-1.2419787010972936	-0.02740305362903249	-1.1170211804580024	0.034084332927458785	1.003073428259217	-0.18354580557435782	1.5085908290684547	1.205130473543706	-0.7249588035487544	-2.02452816293677	1.3430318368447687	-0.9558815706840262	0.7596538453691485
DTXSID2044713	6.965073609878756	-8.046121111439845	0.5966501739206092	3.723143559518896	-0.4853742686572402	-0.28736670486431776	-6.020757667633416	0.702830937678957	1.9007445765784072	-1.7348711850321252	-0.6929537182280732	3.944919342938722	-1.724382455103351	-3.484168685277527	0.9130554694362168	-0.46606817378142285	-1.7803183049486302	-4.673627489234824	0.31636330247689204	3.640151027191997	-0.6155329786188237	1.3226994003853096	-1.0836941230307613	1.1699806746993313	1.4336146528045932	-0.08090981444219651	0.41597686583437843	2.01423522412177	2.8813610137809635	-1.5721079817777937	2.3121727853837664	0.9231179209632958	1.273702378976976	-3.4349591709855285	-0.04421573691126498	-1.2503379161197001	1.1633563473852415	1.3899713766618051	1.2195736943070894	0.5510637009017609	-1.1384629056635682	-0.4758840160562292	-0.26482217222979704	0.06616303595735641	-0.5256197929721632	-1.5854160325837874	0.3962195103625786	1.0054818193243604	0.7173138073475832	-0.6138008668401777	-1.0067210996667022	-0.8565559652042748	1.358328217588625	0.5871198874239637	-0.0537556134471644	0.9015926832965712	-1.0207752396273262	-2.1059152056106565	-0.9814027703236865	0.2094372135074459	-0.6190594609199409	0.8594584003439893	0.45175689758662174	-1.6143379638890696	-0.14967104294458153	-0.21471343535887585	-0.5575395475985685	-0.26826029138749236	-1.162234159932875	1.0222584740698104	0.7474338422325383	-1.1965641198988628	-0.46497360845782965	0.6317828660169822	0.1639309287842557	-0.7705227177901557	0.6944025628489404	-1.616150190552919	-0.5447526225173198	0.9440204920817851	-0.9037767924348481	-0.42101175014005804	-0.7662847336527192	-1.0174574086719719	0.26290135030947615	0.09259982989881806	-0.9894292336903311	-0.8288690319215651	-0.29313595005919035	-0.41338094934246733	0.49207472756383286	0.05568534584798154	0.2695408462488474	-0.32801820239516943	1.5148460806421318	0.2096884720212092	-0.44779051103419143	-0.008489334054243068	-0.04460945809354465	-0.3565629337750732
DTXSID5044811	-3.6396898360210113	-0.25394973398446824	-1.475338171961934	-2.0004009422297124	-0.7799200023224289	-0.0026877646501043406	0.4843347048986142	0.42317564527980706	-0.07030715569849293	0.6874936877464771	0.016758037054348716	0.0816290528935708	1.4139209900241676	1.4055098739517717	0.40152538575162033	-0.3546287707146754	-0.4339665957906976	-0.7531284804063163	-0.5107053141988086	0.1690127360642077	2.030452126206111	-0.0522131216928928	-0.8113230536655855	3.3575929262789415	1.0663078267682917	1.2008438959525751	-0.3375939191531113	-1.1704321087197291	-0.06656989661048429	-0.7753163260840905	0.5919569583189656	0.6652810838782471	-0.1380619356324326	0.24470071952385875	-0.21812574550661862	0.3892490899013109	-0.7614525085160538	0.7085649553740488	-0.9740191837483199	0.10561584468478133	0.22478403565623128	0.053389735327419564	-0.4683677802688803	0.12025322793871007	0.35241566721496076	0.870672097154416	0.4646746873714396	-0.23591818584067598	-1.3886505750477813	0.4068797031576397	0.8757781485250188	-0.3613867427451604	0.0071306108927743144	0.8669952422016899	0.20259216133611488	-0.16763746971617674	-0.5935792810078049	-0.6991148292879235	1.3114310842247177	0.0026122548962100507	0.040191477863510267	-0.6160848337154694	0.5629073771443395	-0.06570936024627315	0.8365028588143307	-0.12931084528405953	0.04529113612622623	-0.8094596995938795	-0.25484991559394143	-0.6667672995495769	-1.667380275367622	0.26506161648838156	-0.6514990476880549	0.3203635752350026	1.2304864946832	-0.6540431370704342	0.9725092576598531	-0.13151149885373964	-0.9547173512300384	-1.052563740811003	0.6017366202981567	-0.13168802987248573	-0.2594993934461009	0.9049513391375144	0.7544489593897459	-0.9486896569810839	0.5691811069127893	0.7202023977279222	-0.7145404828621527	-0.07150117369901882	-0.5107771740392056	-0.12136070056948269	0.2037853063361484	-0.2952492264626866	0.1554004409928247	0.6894472277861935	0.30144899186931645	0.7966684809684953	-0.0930437099673314	0.03380203201433999
DTXSID5048188	-8.1830020899439	1.9390916959891085	0.3462551871280541	-0.5812571767254069	-0.2247750887307159	0.21010666304237033	-0.02444072842908048	-0.6913971851105276	-0.6682765834098704	0.45439407664541415	-1.1781398106670555	0.9558763610608563	1.4333118022568032	-0.22385151633786052	0.3610849001064097	-1.1032988937129284	-0.9137452003608498	0.15447705852728313	0.5398048169993097	0.20742439414593042	-0.1264578095366419	0.008614897284802669	-0.9616025260714831	-0.23271230489970127	-0.08736361547675751	0.6995316237404989	-0.8779265195611051	0.35669873373166916	-0.9568959479515826	-1.1575521366688786	2.3684346496439312	-0.24757385321826514	0.9344846319209467	-1.1816934326864585	0.060210409867703166	0.6159981251826503	3.027678833715759	4.571629644684641	3.7669412447050283	4.23549777320068	7.091162200326592	-2.338089512778628	11.868508078167618	2.0929228428103386	-1.8447072600075347	5.72905686213688	-0.1946513807661693	-1.2386679545610653	-2.165790414374237	1.8720030246753132	0.8900090954667578	1.8743642323218197	-1.616952510106849	-0.0361471811651432	-0.9154417192618715	0.5282190214399748	-0.5143131668914996	0.772218795805651	0.12085210511043862	-0.8181007904751043	0.41203659874389714	-1.2390654943598796	-0.9088005085131864	0.6411480272221477	-0.6734970762690743	0.21724577790928434	0.7804561603443426	-1.4695343720813292	-0.047491210296774694	0.5654916555441771	0.2282632811048147	0.6076053394992875	-0.054227848559746904	0.7736882706925459	0.5824330414219384	0.2190182817924837	0.49212978327349627	0.04842918037409625	0.12214628955450733	0.07126506247415809	-1.2888142856518225	-0.2010667505967233	-0.45584996075409584	-0.484655678189968	-0.2915102636328937	-0.05851135832138016	0.7467539966911976	0.4200549994381174	0.7888065029510899	-0.43055198885877427	-0.2835375188249203	-0.23284064338469826	-0.10290493371877271	0.5631211122315877	0.383199960259835	0.38744094134930956	0.7372035888817794	-0.2815930670599213	0.2580706188028222	-0.8268839213333964
DTXSID5021413	5.907348748808993	-3.5212667030822926	-7.950766732038383	-6.068358146181375	4.987486611267539	-3.480073530484708	-7.290011850206547	-2.316097226365657	-1.6196327026352704	5.379555161610282	-2.614739316033358	-0.9513294650559718	-0.4099245969962251	-1.6105001229336868	-1.554677210173002	1.5180059664348076	-3.492091063400724	-0.4995090425443007	1.0122903250033948	-0.8879998552454063	0.0647223840826197	-4.19793265329105	-1.5150991324900862	1.2570820721594334	-1.134548723841341	-0.7501011649620829	0.683756325189979	-3.110651486142968	-1.8205116628395888	-0.6863461326424956	1.7968438410106025	0.8340639521691123	0.4928380638479137	0.7189356369117093	-0.22422877757480902	-1.5917557606796324	1.7012078411321458	-0.2894154227125141	0.8967654300720204	1.9925645009365438	-2.782354705111226	-2.3342236430912493	0.9200723975881976	-0.11011922639353766	-0.7588216968300013	-1.681799894475533	-1.258191254723088	-0.36612171468261817	-0.20404790150598598	-0.7560109678973504	1.1116805610929512	-1.821970204571664	1.5508572597636194	-0.6262526133089635	0.2278509290485022	1.0118652841862754	-0.08174281192474782	-0.45224928585357366	2.4359723457793	-1.0566731400767984	-1.7398794888198277	-1.337253685439359	1.0681349905893438	2.146994876225249	4.749995806289765	-0.716405705092793	-0.49758014710065696	0.2536723633138424	2.1054936023636843	-1.0013435421267594	-0.7183451801807603	-1.977995739319123	0.7464617792686569	-1.8193141267852235	-2.6423161176150973	-1.7104295677701908	-3.236016638161309	-0.004709938587854961	0.4706995947572858	-1.953939069338308	-1.265346222484665	-1.3758672912778114	-0.39289824373903176	-0.8468656328046068	-0.09338308442013628	-1.687975074479153	-1.559829717110083	1.0918001842116118	1.5156346100479672	0.32875583285355064	0.6541491754313512	-0.13169034781146238	-2.048576448984117	0.24478919014635878	0.6602741132344719	-0.3522876274426204	-2.364455755997689	-0.982311654171659	1.6768978123895815	-0.5828390557117162
DTXSID2022333	-6.543619806783011	2.704353319121782	1.1526098764719352	-1.4358746866139747	0.37625403029387006	0.44637486321840264	0.74558645935027	-1.3519560314654069	0.14890665265930594	-0.31441889849695315	-0.6833586920972353	0.511887128391571	1.4779631157429516	-0.17226849923238413	0.39595133362304913	-0.5169775633911601	-0.5087205131941764	0.4515076805182988	0.26002527274236265	0.5683624408366629	-0.38507187128877507	0.03591088611924879	0.0752379476792131	-0.09617118699083234	-0.9382580508633157	0.0626662058540693	0.2608842936061792	-0.5064364907028468	-0.29225160592548644	0.6762908843646875	0.4507004009148732	-0.15963358650367412	-0.3095874122676544	-0.22377725795223785	0.23405819915846582	0.19088059410751695	0.26130575716444326	0.05160677149398562	0.6693352027390219	-0.18215236928380393	-0.15141773210773615	-0.5619002959146547	-0.14422252196945576	0.2668776811048005	0.36569020035527017	-0.5511245784392754	0.07763050875461003	0.464875777985788	0.3920001003132656	-0.5570010317223882	-0.15174213821565474	0.042963360850896616	0.24510573781201267	-0.32361181765807906	-0.22996064120685	0.43726170343736076	-0.04001134571942202	-0.08424511628699324	-0.25825889534008767	-0.4950574946188559	-0.5048092705393097	0.5194380730048556	0.27276072816689256	0.7224911376580896	0.3822103655905863	-0.18810559717985245	-0.11064780540160586	-0.3324853537967256	-0.07514816494601674	0.317035681301071	0.18475487451093026	-0.42943672146171935	0.5038750299364531	0.5425963383796152	-0.29258500606544496	-0.09120830353719077	-0.0327895010312326	0.12339896996594184	-0.2536327078145809	-0.16493191865929252	-0.18125524974840573	-0.5523256580139657	0.5076846500772053	-0.15595231244550284	0.10678120667260399	0.13317048824999997	0.39011352468987925	0.2962586822644998	0.15670853161174425	0.17725261152493296	0.24504651095989555	-0.2764766489111971	-0.06967699718680462	0.5386272322683838	-0.2181189063002854	0.22158763580570917	-0.27805682710565466	0.09569384498652535	0.31297327279413273	-0.2311958996113445
DTXSID4048195	-3.6215020263570863	1.0722569396867312	1.3767611928444403	0.7282517937828731	2.067933332001806	-0.8733122579668755	1.247511246899103	-1.2442947220717417	0.06274803273736163	-0.4122013571812553	1.1215375042584244	0.6245427414346534	-1.5521897876722197	-0.5011035856232386	0.47181226484228134	0.6327525619284395	0.9915795258716704	-0.28651244801357	0.9645083059637811	-0.6785581720531578	0.18342957756545894	0.40131853905859927	-0.23873181677365285	0.35288001573197264	0.22543605561028385	0.06799188037501286	-0.31697168843937457	0.18786039379094646	-0.3543608900361017	0.5062307428820146	0.015695381881967348	-0.07328832922173242	0.2726935911244597	-0.252202633740705	0.4969636053451434	-0.14307031862913763	0.21101249168989472	-0.2345920947674606	0.17647896294576554	0.00973725599578319	0.26670019518292215	0.02918604555864318	-0.1568791416644574	0.26383307631637964	0.3023646001573014	-0.4943939500558434	0.024660705979074566	-0.14936813067397903	-0.13705094649494073	-0.48042063493889176	-0.1253006574576076	-0.31834119271570116	0.01806233734948637	-0.4401166994916973	-0.4089406751957511	0.6275788369198089	-0.2504056996057344	-0.07310547204085402	-0.3279019873795369	0.20457895623632036	0.06821227706343178	0.6912525708617641	-0.32876082892275643	-0.17422045925376825	0.06810841148872372	-0.5903577196087496	0.05740889266629431	0.24181330569943543	0.6616586322305125	-0.9165056078892748	0.4019757260706384	-0.21152124511853176	0.014747675640095752	-0.3444832299080191	0.5638961983664837	0.29377606101341325	0.5339077611178212	-0.6237509683903366	0.2251098909223143	0.034858132660017915	0.2508221226351642	0.023643870725562635	-0.12106138087574828	0.3100634346160697	-0.2520089858605883	0.3028423064738795	0.03850296857282727	-0.154113516752993	-0.40511545953657224	0.2891851071271845	-0.260588617440368	-0.15518943565282453	0.2804427121106791	-0.0583417327560312	-0.027025989554382703	-0.02144394826634245	-0.2670222269863317	-0.14056677410167184	-0.33763239137350753	0.01585990812660937
DTXSID0025076	5.22083429154521	-3.944387208370952	-0.2501422467262789	10.014928596791986	-2.8636140861852946	-0.6529947446540831	0.5268943574292877	-2.7705952168825836	7.547752641306254	1.6815799285326052	-6.034107327364778	-4.777467435929901	-2.3887132009055474	-1.836856447402694	0.4133245628011627	1.5258723580377822	2.400144614160279	1.2269954939741898	-5.8819411206452665	1.490334008942986	-0.1990864134046518	-1.79311803740323	-0.339318794177845	-0.42524816197529774	-0.3064374248158073	0.8951979780742708	0.42901259592568874	0.9970106509891817	-0.47857874380461063	-1.9844669388914902	-0.45078126235287097	0.46057397033332065	-0.9599781513786002	1.7260423449588889	0.7810187622740271	-0.8368728598866266	0.69307694786796	-0.061004006416997235	-0.919630393762246	0.16961561588228255	-0.5387957042014591	1.898593371186346	0.9526057041137698	-2.250365339457544	0.10802102280947784	0.667617511123918	0.32556550943804186	-0.48994159779965396	-0.8313828682375441	-0.34310479546879474	-0.8179280473640246	1.164625671081224	-0.49819126171135253	0.09538960677852604	-0.5795459985108946	0.18261302242609248	1.680730179254526	2.043669640607012	-0.09561707512126508	-0.48528258166449134	2.021618605144493	-1.1260697596972988	-0.9922360889210787	-0.31923197723494795	-0.27330834454243386	-0.1890205403206492	-1.2926490611919406	-0.1929568324273599	2.3977278197852	-0.526676034501435	2.1807076715450653	0.03649726362740989	-1.1184694128620123	-0.02068314992064452	0.8235791155386979	-2.047951868175812	-1.7966169596572201	0.5848890269043694	-0.4769451946100882	2.3248284240879475	-0.5639360705817866	-0.6869707089275183	-0.7622041131934534	0.13036300324163042	0.31863023649623456	1.4197176000198992	1.172391550978633	0.5201313494784742	-1.7532137951152158	-0.3521025366904079	-1.5945913061057762	-0.27762043445416057	1.1519930047495288	-0.31376794351311993	0.34799975186231746	0.2773529951171726	0.06850301942448085	-0.9098006019068303	-0.881733468149126	-2.7130545786540003
DTXSID1021164	-6.118976404682099	2.2252720251259466	-3.0794773021329336	3.6844471884257652	1.2603351863464096	0.7947268119575855	5.969692061359061	3.0555989436995166	-3.309266371063722	4.392727810736618	-2.045093808340814	3.8805256746009174	1.7039414442497354	-1.5079853344746554	0.6274487500605989	-0.8485887425374741	-2.4875266772490683	0.32143622543648875	2.785233950486725	1.5098169851742465	0.15434137796157604	-1.2475968296473492	-0.18638518832291256	-0.9347299108302523	-0.6698875116590669	0.40967955816159884	-0.5858825847383822	0.3729376671619522	-0.40690039085409435	-0.7855862651726385	0.10627292725667871	1.6260837728758648	-1.3363487702806864	2.4113325485255364	0.6904117320708767	0.8875167568647055	0.1271321018408459	0.9875762116104968	-0.4056246787308929	0.2007764323513041	-0.2305856042110482	1.202654528616541	-0.0818154665099441	-1.9234927871385052	0.7895309124983128	0.0717658081894855	-0.9868541382895284	0.2845927794363464	-0.408085770677903	-0.11238861242851997	-0.15163506675676064	-0.39746607880693474	-1.6667291633737646	-0.5762897226124181	-0.3469902392399039	-0.44695181677048523	0.6505429217372468	-0.16892194522505422	-2.216006504750336	-0.8498784270046676	0.34882624651303695	-2.2187989964668753	-0.6505234626234581	-0.19892841285601265	0.49508447359773283	-3.3134856086786653	1.3836154459912624	-1.3207217968067533	-0.09157767749791176	0.6749616761613435	0.11217906512294233	-1.1298275215828149	-0.6136094166387058	-1.1509201453012081	0.8288446008888016	0.3454765110276869	-1.696558324707334	0.11814931425418694	0.07903613060338172	-0.9001068143553432	2.387489358284267	-1.0079756505232165	1.458042604430261	-3.244074913219135	-1.5104236575475622	0.8057522405398663	-0.6907766804025484	0.0629782137822203	-0.7310078207343631	-0.8671392113519378	1.976625978715744	-2.0425257117336715	0.7740920836101189	-0.12338517364710484	-0.870022936475131	3.6978650580358243	-0.2836605497730069	-0.757080300726164	0.2852091735255311	3.188264917326269
DTXSID4048800	7.918152374898392	-0.9139222103553987	1.2458507987888	-2.688264374900394	-0.5833327780967923	5.149814502861189	5.833041707536648	1.8651898993978597	-0.5796596820837102	-0.08592456743270595	-0.20379445733897036	-2.826591386361858	-0.5206194638848847	-0.8121182598677044	0.07842030538034218	3.197283988365647	-1.6678635644509774	-3.018274926857959	0.23854981930356614	-1.2304502105724222	-4.132386071523288	0.5896493502647259	-0.4783845575040085	1.447566793009051	0.39236368089904	-0.016140208900941814	-1.1852663183792564	1.4391499615879328	-2.6814530940489014	-0.5955429711159486	-0.302315019972451	2.5386038373777966	0.12431706603298703	-0.5380293327508914	-1.5581668521559426	0.9906547869265582	1.0282752133551656	0.4621352105887366	-0.30217620613080237	0.35582166090818823	0.2561535348205967	-0.180199594025153	-0.5845068523889926	0.032222774291123496	1.3427262887331444	1.0078008706809072	0.8634336077618714	-1.7731277066165707	0.0721675057166538	-0.7273576193210527	-0.9108346574698432	-0.18031331441958515	0.7672884354252557	0.727104907855936	0.8765958907032797	0.31337855178177776	-0.7141365585948337	-0.07650063898344564	-1.3433101581793658	0.7811316194413522	-0.5672038391492088	0.9942656497635726	0.05371118197613783	0.25846800281515847	2.284751447636793	0.03084418544378926	1.0217186815106603	-0.4707239621204915	0.18719790144451542	1.1151408858303273	0.7346568563727238	0.3703523117880301	0.5569453718158874	-0.4757738580585191	0.6796631487657083	-0.0688724197582292	0.03499024793648716	-0.14110979610597818	0.5247413977714633	-1.3081217977280777	0.37515966179970905	0.37389534633127464	0.24789688613043467	-0.07638905463555627	-1.6711129842783363	0.5843997071404103	-0.4303897695064518	0.4811614456598174	-0.4821475946137119	0.45026893361777315	-0.3863827439697193	-0.8759961976586064	0.10007322574379791	0.993306905948364	-0.6984825342980896	-0.8841715614124678	-0.29189584962810583	-0.3371437266816185	-1.1515078868811546	-0.5939644571878843
DTXSID5046986	-3.3381041813614973	-0.2907576775861276	-3.1442862228377995	9.379258099703101	3.7146742854463732	-2.18643061418297	-1.5859062681017606	-0.7362198514617155	-2.267116196062367	-6.465971510038966	-4.664792821348377	-1.9954540108089325	2.5133720218946345	8.13150365752475	-3.102055446097533	-1.3045556235688192	-1.339850820964879	-1.0833136765134639	3.2924579303456594	0.8800694988135161	0.11552876831832119	0.49990875957710573	2.5993154669195935	-1.621272822057522	-2.0039530880495375	1.2749702403695509	-2.4472415213208145	-0.6923861616592825	-0.30874631634085953	-1.8528158327732356	1.5597167381526724	-0.6290966025065837	-1.6504045127057951	0.424064126113997	-0.2796290049497654	2.13188521931414	-1.3560706298445437	2.461840488928979	-0.3592927961634207	-1.282978557246438	1.066300323336579	1.3099961299266067	-0.48923073696378994	-2.485421420925371	0.7201754967603129	0.7104456252414494	-1.7212676948035703	0.42077960504631595	0.9465339165325435	-0.24470113870949795	-1.01752938222703	0.4517806453244953	-1.2193318658944197	-1.0818112070484198	-0.8620762603459851	-0.8273658554744352	0.6275845539315057	0.04711732058227829	-0.6912061118839523	1.1835825326480813	-0.355789679846139	-1.8233977784333073	0.21749934971145848	1.1675641550146219	0.5887709311694789	1.512362684461741	0.28451269007881164	-0.5633397649081141	2.032911871583771	0.9297865796530308	-1.0931734315401411	-1.3106651582459137	1.172749597827698	-0.4205319639739642	-1.0409305818271715	0.7513360641138437	0.9701786861767849	-1.2174393061952422	0.03007975430760122	-0.7504813410363708	-1.5684892721425134	0.8863904492551048	0.5919338126413803	-0.43917858066337273	-0.8498111378614227	-0.3863835526757325	-0.6305437878924434	0.3398433858762429	-0.2359760721207573	0.4040053527891466	0.8140021511350074	1.04010008218331	0.6808462207971558	0.3223348181228584	-0.0937609981436908	1.2681402908920751	0.0381156959825757	0.6787111180681638	1.0172820600038008	0.49237108841700983
DTXSID8045563	12.872165794792402	-5.350217087975139	4.866462790604047	-4.185801296039073	3.578593008415695	2.2042142006908203	-0.48639776983418687	-1.8362294574053157	3.0360223163584057	-0.15398326388860917	-1.1021014400060634	-1.1373416801853675	2.3207520232406336	-1.241005521712684	0.8163348340005132	-1.580497962925593	-1.3870470033596658	0.36650797377973704	-2.572067989321346	-0.026341511914799148	-0.9077013774814406	0.5652231817725317	-0.8999899858979832	-0.041685427040849245	1.421604780577843	-0.459263574086405	-0.4534605069728495	0.35370883076487675	-0.2550825459076041	0.6429675673758811	-0.9627814291332075	-0.24811809009886981	1.068450547944779	0.4406610631791101	0.5506958285562086	-0.16329047310312775	1.0790053263836974	1.333219415898773	0.408901995450546	0.38788914511654116	0.36400396785302863	-0.5550467546816162	-0.366910403204706	-0.6770528279198328	-0.2099890234745304	0.1315151624663434	0.01159686268999169	-0.1250959167149768	1.3608819433815649	1.4669440528279387	-0.0506836439217626	-0.81379717503604	1.2702769192503744	-0.28341100970541316	0.869035269019308	-0.5246328276722995	-0.5890556302324776	0.35474735141088976	-0.11496608631175056	-0.635441807511252	0.2282051287650194	0.6689531311630459	0.5085814386479449	0.07714588307398386	-1.0977172180918986	-1.7428608535866916	1.160685266766318	0.687529800577206	-0.30637963689935543	0.024223932273208796	-1.0902840750810647	-0.1400340888409885	1.3686499767030382	1.1327845129920497	-0.6341579262940936	-0.12810317408978678	1.1638388680579823	1.6261960416371315	-1.1773926607230705	0.3566799932749373	0.3762103216326087	-1.5444693213065577	-1.1747312284110847	-0.14539435451509614	0.37730216136604766	-1.256658688054866	0.30026376315045084	0.9298382367898675	-0.04172957432122883	0.12205331956386906	0.37524451085723926	-0.08692264481726221	-0.38065807320968187	0.40253442539539286	0.6407345914569176	-0.9840278192376392	-0.9034910780906966	1.16172376355276	-0.20786098383817023	0.4589831544621985
DTXSID1022267	-5.097001132171482	1.1495648703344956	-5.202421858517326	2.0596640467512173	-0.5870355624146554	0.703858144561584	1.4131125605319235	0.17943262907441218	0.24689380814734585	-1.3677427301872076	0.6346229302888312	-0.767621180648893	2.3482630524061503	0.22239369142924664	1.3818846764338601	-1.58800257861314	-1.4432648710160456	-0.9027700399793743	-0.7056826856968859	-2.7012854653554803	0.77015582758886	-0.40596661859025995	-1.7417998491068623	0.0882436910947649	1.5302676987490034	1.000044122314102	-3.5837050869119107	0.2135017237733309	2.2448415801320465	-0.38845526655987683	1.4228276734951797	-0.5220167534549149	0.8533070902946026	1.916072614549667	-3.249945714003586	0.6931769275960414	-1.15732307932339	-2.8379403140003205	2.915037794004465	0.15793736111571136	-1.5861086936675504	-0.20038855046225074	1.300191166665173	0.7268170678001514	-1.8169763038539102	-0.7631312144907807	0.27337990355790226	2.2723545837554395	0.5912953379866082	1.0312147202341726	-1.7168947751055657	-1.4837218692259488	0.08133113825299997	0.05485715431950104	0.5078006441437347	0.4927198476712696	0.6550244572853273	-0.5565993168069304	-1.3298627304762891	-0.20265557226490172	-0.1614807383052109	-0.20657324130792468	-0.6152433622156345	0.059225982583691356	0.3151963459715829	0.020349293566412737	-0.43196783888590035	-0.4508355259150112	-0.04239017251773937	-0.2768464604144504	0.07431868912349898	-0.004733705551245695	-0.34560168660681906	-0.06661465942546278	0.39503641415662977	-0.15291691203651536	-0.25467739280830204	0.010179308795034571	-0.3909315938040657	-0.08617567153820879	0.211976640299718	0.3027303806685033	0.019956757080605753	0.15361444248488856	0.14689777573577503	0.3388313779606046	0.1767228297888108	-0.3226555601507384	-0.059676780503261286	0.07877764037609394	-0.04368143388911262	0.005858590222091474	-0.267688311181433	-0.35719375833541755	-0.38135566751366495	0.06986702029711697	0.1502540080870582	-0.16559634238274365	-0.10629267510539155	-0.25283014387097535
DTXSID4024488	-7.268218379166343	0.36621232994905784	1.2050788505079617	3.3788922789151585	-0.8552410812441694	0.5263218894444686	-0.10840867635185558	1.7115523436804945	0.12035691863988512	0.19368228690732095	0.6860738996519326	0.9686360822514692	-0.5537518169100036	0.9817632601040253	-0.03236269835617678	-0.07756918780012755	-0.8575248088225823	0.10070154201408198	0.889568349309419	-0.2292536722857891	-0.6780677025240975	1.0105146592544947	-0.42968224956440737	0.8645875408056423	0.016213061805312862	-0.2645003277033281	0.3180421453881567	-0.4285173983561631	0.12450389175335107	-0.1322575618239137	-0.36983836076896254	0.029529073222085964	0.2604557095762658	-0.42563839554064464	-0.5301168150113241	-0.11842076941964723	-0.23800339573113868	0.02763695270310009	-0.12093685015786461	0.07760946730111219	-0.4807880482349468	-0.5801873105893424	0.4593329564282354	0.3492823257019629	0.2837912003302491	0.00796238247568603	-0.256890016094003	0.36947772564433606	0.686334141125269	-0.2704839385242467	0.008882444268286351	-0.11020399168854003	0.5938723461955873	0.036290070307469086	-0.5551341516652425	0.1617472331812029	-0.14472839755032918	-0.1649790443246854	0.29839254265059334	0.43493434783103074	0.28917388182387127	0.10892653885220514	0.19512267823492277	-0.24230917465443028	-0.4879462509205603	-0.6998033722177172	-0.48330553512547775	0.36410765465535905	-0.26322758699998355	0.2755198589988798	0.409368426030125	0.07980145849038293	-0.09356427421528164	-0.46705155216232525	0.2681956278886487	-0.2948877155555461	0.2691331806769393	0.3427442472839923	-0.48025224129503624	-0.30385687905191017	0.11574502329775736	-0.13577183344100263	-0.24309948737703785	0.5979564983472915	-0.07610122464531753	-0.40416332208415306	0.02628590218517603	-0.08833406125692086	0.2872043972966588	0.2491634022163329	0.19456184005828048	-0.10861648998399721	0.13903028180302	-0.1893031573058195	0.33152997835631504	0.13121217199277324	-0.1722622310665318	-0.20100058146127575	0.07112104035920148	-0.1493048296760159
DTXSID9044403	-6.2128289194931225	-0.41381797818215993	-0.556261376479666	0.6473468505498248	-1.5728632840769672	0.14794855661325607	-0.0672092136414113	-1.8880086705796344	0.16578429677295733	0.44990367586816105	1.5313250650858796	0.13253706782548458	1.8590839107468025	0.18592254620792034	0.20766308399015498	0.003681424827972942	0.017018755738095432	0.16770575804053242	1.3760705478947937	0.0822524387800975	0.5089176769233592	0.30768504897306415	0.09470930370611107	0.00021375942221339947	-0.07818617174562957	0.21571514322583402	-0.7394415641996522	0.14039802257092981	-0.4010681481224358	0.5258350460350969	0.10058821386846988	-0.0700265330624197	-0.60088730573653	0.2655173355614284	-0.10916842053731807	0.3754564601565569	0.49216786595722917	0.39525042443912245	0.04611772533489147	-0.18290472623860396	0.6154529048524983	1.1156700254265113	-0.3750066263228636	-0.15250602361229526	0.2347418143233211	0.0779383803948073	-0.017571583826199704	0.2115212588536634	-0.09979560055440392	-0.28465896441765776	-0.42255276462889263	0.6464065838511899	0.08698066587747286	-0.03660338911647528	0.24241304565668267	0.321931756283331	-0.19846783738110915	-0.28497239167403215	-0.366453988984706	0.7328112709251762	0.027876013984862915	-0.1000571790451889	-0.17455648553984246	-0.25612177317649887	0.1613409229505369	-0.8532971387161201	-0.7965474136764514	-0.18264912721750565	0.7570969371234745	0.1662774475690263	-0.26702719744724784	-0.19936293988265305	0.16719126708882126	0.4688691681585405	-0.24575773072857277	-0.16101432919942332	-0.4740698286966603	-0.3052351688700795	0.3274820079085953	0.38671124545240654	-0.49225710933080663	0.367801693415915	-0.2282644214315887	-0.1417834528464466	-0.15994396166332359	-0.015400106226999699	0.18897675499091338	-0.3229011597093567	0.15643517143325555	0.25039171174435804	-0.06628720579338326	-0.057320868076668995	-0.05045976691468068	-0.2940499941144127	0.26063575323750565	-0.18767156252037348	0.0834672581602029	-0.20227239185503773	0.25797729169053296	0.21181159463295887
DTXSID9046813	2.543033695599831	-5.265019511473173	0.32580409971398283	-0.2410331650180096	0.09477452768496365	-1.1028473806640016	2.345259805998615	2.077150301916404	-2.7876462191852642	4.305932090682715	-1.904063237187218	4.422252678833007	1.7812236781933348	0.9616866135032361	1.8939518475297394	0.012384756455370204	-2.208902721518966	5.258956313125488	1.6958364471313545	1.852262752528012	4.231409027487528	0.23013801700920528	0.0817826175856844	-0.05682926139966681	-2.3454746226085006	-1.038593131147901	-2.066168692584378	2.7181199814979147	2.1604213927551172	0.4545968279575593	-0.8246607377795035	2.397106603516958	1.039693414526863	2.5171628513109137	0.8565717883379804	0.20828611734337565	-0.23767910673190032	0.4636933262048083	2.65156536694675	-1.7646049478255648	0.5917083902897708	-2.286004449047068	-0.6431886281178226	-2.849531147646347	1.8233372245204191	-0.25623979023396254	1.9574673310662178	-1.133312687443644	0.5304666787469666	4.14771670201073	-0.17932821419736805	2.2958114734610473	0.5806535279707384	1.0536977985212694	1.8031178296562418	3.1029138938385694	-1.0227083512057251	-2.4271822411874204	-1.409745612056171	3.153050761234011	2.6227216675720744	5.258295239587116	-2.054010759023233	7.694725760683153	5.071750720950424	9.021464995754028	-1.0875710064658817	8.90542469722691	3.8983082048380853	2.081330452657946	3.6201774910452094	3.3276099615241774	-3.365328662730099	0.8471218137151422	2.1845795095142524	5.611926380717057	-0.19175764912357937	-1.2235604088721155	-4.233333434743258	3.1520272136278105	-1.4010529407984822	-3.6714809931341628	-4.8099110015740125	2.7743613519382393	3.22594476779985	-3.941356325298834	3.6318120606817486	2.979372581284326	2.0889347565425953	-2.1463787029634123	-0.7276203375100353	1.468476151826786	0.13009542262178758	-0.44446624333927787	-0.2391163294552437	-0.4078569332024625	0.17632655142322767	0.01228893562919617	2.1990168032820256	2.383724016761516
DTXSID7044502	-2.4624884656310644	-0.6102236265337038	-0.3022985256772995	3.4171034946851737	1.299346819125853	-1.644719480453431	0.21303324979584456	0.9144438365681604	0.4717337530596063	0.1345178409946266	1.5531319590005215	1.6689671754464181	1.181742120691066	-0.3103561182733251	-0.9848277073007412	1.552282904514982	2.1166207425400616	-1.1960042716775532	-0.010930312735827327	-1.8318529735188598	-0.737600171916027	1.529118997527698	1.325125269122858	0.6039653557456559	-0.3893495828047046	0.04231341928411852	-1.3879523664946694	-0.9618506180355388	-0.3376496009877609	0.5131559158058621	1.5795749385806757	-0.6649668134233236	-0.12317426592207335	0.5638859682514761	0.9818284941857696	0.25349957569328163	0.21436216658287316	-0.4009738652491391	0.06975883926382266	-1.311878884959741	1.7124481591704275	0.3396361860696836	-0.3613541587617012	-0.2326602075875091	0.9447955580117448	0.5317348506566407	-1.6379973879868162	0.33755072874523506	0.604211375076041	-0.5615154175526008	-1.0844884879959866	-0.3724235323386053	-0.8998809453331978	-1.346170963182217	-0.8883036527281785	-0.4385772484006618	-1.1566375659638024	0.5287991427305672	-0.4120005468892746	1.271277669430809	-0.31060753864963636	-0.3577947430137468	-0.08831606847121387	-1.5346622433056125	1.6161954300700503	0.7698807614313533	1.69811482504338	-0.1365846953780885	1.6699722493151874	0.08546865413218085	-0.29139279373162646	-0.9479654403886518	0.5606072409215863	-0.39174342596610257	-0.7754065666873418	1.3067184746425944	0.7896490645269891	-1.900946475032806	-0.6360223102359639	-1.2419087672432174	-0.9786236790591395	-0.7240164500842373	0.43671548362519036	0.10689288535378842	-1.253713940600713	-0.7441734496637987	-1.1651033811929519	0.10478333469178366	-0.6964064056067143	0.6558532711591195	0.3252157661870157	0.7721377008600813	1.0918536795654372	0.2986519921239127	0.09776616610231428	0.17253931664915975	-0.8526808958357547	0.011627862806534274	0.4243256728634955	0.8249105873282488
DTXSID3021562	-9.250795991968308	1.1417279392469457	-3.421075942023831	-0.053502162428888125	-1.8715320744327686	-2.689463153666767	-1.1980223441034963	-1.4428025800016482	-1.123656370423962	0.9777657123131853	-1.3434150611774374	2.416346087293942	0.1738516878244844	1.9620286230559372	3.1405032154490065	1.3037265818737866	-2.0350781596846352	-0.6020800699702437	-0.6104051244315983	-1.302264758283164	0.3611570409428807	0.9297621801183009	1.1840238001935381	-2.1974600861400613	-0.5303145646284239	-0.5948218541773371	-0.06376378242409114	0.28157657901674593	-0.3629641712446018	-0.4112898873945825	0.22263428068762592	0.7553489649180906	-0.42124351276406286	0.6409095211170025	0.06003347353770198	1.2323060843814928	-0.6779865477556082	0.3110735514948499	-0.3951108354620808	-0.4802037202977501	-0.2608041716339268	0.3273569804684695	0.2879772587089741	-0.6367541799990744	0.7183695630660516	0.2511927746684322	0.03699092935529955	-0.36345927013378154	-0.36840014541568455	-0.44576447389333024	1.1357994370957198	-0.9290299470062472	-0.3782729274929798	0.5355447914217879	-0.8869114806964549	-0.4461118899377293	-0.08402143042272951	-0.7494075882529305	0.22187018249567494	0.33239401973704114	-0.15750012295642013	0.62903202656518	-0.4415136135173522	0.2733214389137544	-0.025827675098531667	-0.7100212231120989	-0.1728389916356117	0.5111753088942439	0.5231425075655135	0.3377724074130793	0.07710663551496849	-0.39250356281281623	0.8402524286615821	-0.432967978108553	-0.32811144129454106	-0.41704851468422355	-0.6506153592273879	-0.2943153054590494	0.11713061757065199	-0.2186025346805771	-0.2526066697304225	-0.4676782336572261	-0.10217080729007758	0.6480600194879182	-0.41827475355001387	-0.2534498335543051	-0.27165743665545106	0.13462367559189783	0.19175572544778763	-0.16295042009282862	0.12528564337656106	0.440038958630386	-0.4422906673483793	-0.06422985117686378	0.06542844808839982	0.37331304507583063	0.5709306184503545	0.017036502492229336	0.2235015371857802	-0.08586644126756482
DTXSID4025791	-6.288613413352487	0.5279314228376162	-0.7269363938997452	2.195030459732408	-2.1094548192071834	0.488138431415837	0.7442745028272133	-1.2117967590753749	4.857716609760648	1.534254237241376	-2.378014574843414	-2.2530540630252047	0.44624995302022824	-0.7204944634709235	1.5867174034901201	0.3688724317922817	-0.17528534077879365	1.227649954537598	-0.13163284018191332	0.5865906110261234	0.14669578334991967	0.1996203821154229	0.37736383683991853	0.31545839209071497	-1.1814558370694082	0.9890032827434613	-0.39842578205787593	0.1992119127222785	0.25163829255442727	-0.3478694298027265	0.48379232418179235	0.030042653332328716	-1.0296910727543893	0.5157781093077224	-0.2820148061641405	0.6429425227577452	0.4747105344034468	0.5302934936239989	-0.597364945493989	-0.43571918330505405	0.2492086159185762	0.8607278926232949	-0.3875798268634028	0.28487896909241023	0.4199519942885752	0.9080620553400778	0.5698939041800295	0.7206309836392033	0.059947582311328504	0.09350338917641171	-0.4197132453654062	0.9737545175740748	0.19278234380565246	-0.21625245635807597	-0.18720675713715246	0.45531693625283726	-0.1860463988124201	0.1450515189305065	0.8509080382100989	0.4079934391463518	0.12329018049706636	-0.6866827714168569	-0.28563476921857245	-0.2626486577286383	-0.4036018335405676	-0.8310419115278153	-0.5858880605852779	0.6561077466283722	0.14618199080184902	0.05462827121066328	-0.02524201231779637	-0.37339981948064976	-0.5143558526395988	0.43572663561585495	-0.7317702643241608	0.5476926254872097	0.3166838766042231	0.020482880600946336	0.2388307921278759	0.540595203254205	-0.06072185854220791	-0.07360784540451752	0.03283386127056339	-0.16749076340137786	0.02777182184682386	-0.55508668627986	0.2583683520951447	0.3844265791266751	0.30901916219178854	0.24664870092313826	0.20553335032621634	-0.035054621750320966	0.060988702583688444	-0.5263838414297298	0.5622118146453574	-0.4433843513468055	0.23935845742450942	-0.8604182184178532	0.07660504298164408	-0.3157162718364802
DTXSID9023881	-0.11699180816232632	-4.595652994789898	2.3612324777937452	-4.638318749216791	-1.5869076986724444	-3.3590849287640756	1.477645932579754	2.9201862696846406	-1.2967009710668027	-0.3419092965722892	-1.450351870745099	-0.4120603603145708	1.5688557473740277	-0.3614919651677787	-2.381345420424475	1.0456989141185367	1.9254703040347405	-0.04083048288429272	-1.469734576326451	0.5067158397358019	0.8131114853353552	-1.7612202413454399	-0.3924008964380938	-1.6145764046389435	-0.10729496138943463	-0.5511980414126161	0.14269050758790455	-0.2116065887908174	-0.2825804754737225	-1.348401189489756	1.6897646925819527	-0.29576164589046483	0.15808418669539814	1.1396149500269441	-0.7944619641699321	0.9123755509384411	0.6732288880912659	-0.3813573778804124	0.037226550487177726	-2.0279420827304793	-0.5231999622820848	0.7244594611035604	0.0899016777437853	-1.985226367876596	-1.2342085174258148	0.6604887729692125	1.061979522666898	-0.06894487443677136	-0.8634222188391654	-0.5105140189792321	0.22747168563592152	0.49974530488682484	-1.189825323658087	-0.6285575977282827	-0.43364861341917715	-0.3432276622296685	-0.029800286494188182	0.2805085260962163	0.3844105792209313	-0.944134744525837	2.0033445989508802	-0.2982819330044619	-0.48502237819941985	-0.16383811126164066	-1.5268668480898866	0.7861425329309669	-0.6990946481353348	-0.10979506869281677	-0.41860961605584546	0.5491489958044026	-1.9588970818953866	-0.2844085778320507	-1.2091919673808575	0.09860585449596689	0.5897535620261257	0.6701905150757127	-0.3012196193985452	0.8539064725520875	-0.24162349004743272	0.45153305443316133	-0.6934682718662085	-0.47530076679042627	-0.6076990976288376	-0.7532885771088158	0.3331212413654593	0.020750441377680548	0.4280062601890544	0.3817163867168073	0.506195338132278	0.8847955235238449	0.5535267848570264	0.05851426422012228	-0.6606157274232685	0.73529084195504	0.8799330226778969	0.24290106132593836	0.9757838345536273	-0.6678248213261632	-0.0005588018777711293	-0.5930780204565559
DTXSID8021854	-6.638326638617686	1.4388409795787303	0.19751024546775028	-0.7573626495684097	0.5877815732535917	0.6349361795324767	1.344767390966114	-0.2420453395415282	0.05651076828078269	-0.22117343278269982	-0.6950579006027839	0.305813290164513	2.546432818611166	-0.11428704622433182	0.5136492814030136	-0.950139090153617	0.18008174179582367	-1.102415601210798	-0.0158672272147508	0.012116409122443226	-0.3073457835251235	0.05343493496471142	0.27142653034509534	0.11741957835955502	-0.33034974580745	0.16621150179825334	0.41287567651279816	-0.23925448088560683	-0.4621527488604569	-0.18907910459238947	-0.12815020683563427	0.4684501063038065	-0.5054320808659672	0.784781296165913	0.27056335506569706	-0.2976896770254932	-0.28609598087393995	0.12466400374210196	0.19860157170030823	-0.08097736569662171	0.13818638141564107	0.17937441757076594	-0.18871834485039565	-0.11997418757032988	0.7298655414996201	0.13439245998056626	-0.31995142668566146	0.5454544315544834	-0.2236658598518098	0.2220032459992896	0.3385262963086287	-0.14636181413733418	0.3857468062509803	-0.10328543638086705	0.5203755726110857	0.16267324518555543	-0.24531851496467963	0.43764158252545854	0.30359186881204875	-0.13641604819836323	-0.31066961613667443	0.32548969740691996	0.26422565151028277	0.603307522311902	-0.014161434930896957	-0.26956109573879167	0.21450109332390474	-0.34705571065033924	0.1331398533918676	-0.6132616212432255	-0.15039633329334262	-0.40767388118618236	0.3599454714655004	0.26749008342177766	0.37006758851518573	0.1975293399242413	0.04883398750124279	0.4927111152677451	-0.7342391151536319	0.1535319146668945	-0.4467674052680259	-0.6086422228723508	0.623914984164964	0.09978415777015036	0.08325473894045408	-0.22788165927873813	-0.12493719915294624	0.3454856702996132	0.04288552416734271	-0.17556945535374135	-0.008237046812075682	-0.31275825596150353	0.18678245843266467	0.5568197434820338	-0.32430059391150157	0.016196199480164004	0.17667758223660845	0.14365206539368483	0.579496771489635	0.12642872356486975
DTXSID8020886	0.9792360511671466	0.9250313010004351	-1.4656120738320741	-1.1364059969378193	-0.4194557906795599	1.8695095564479398	2.543465330667655	-0.10688012808876167	-0.749560901613791	0.6367115213761477	1.3369159892787676	-0.8689972237885709	0.7105331899933703	1.2536379332513248	0.21251340084551404	1.9960747966974808	-0.25147817427836766	-1.1323379511705631	-0.09961961748662758	0.8975406511257232	-3.116911167476478	1.065657703974045	0.384309159656525	0.9346027430420942	0.3870526155946397	0.4718582234243113	-1.0632902898790288	-0.20125373195922505	-1.7547737838428998	-1.8098955270740513	0.8273661445689148	1.9353858295369495	-0.6134619849676533	-1.2057850732444897	-1.2410402005839127	0.14284180786660658	1.4652716351340562	0.25882262350068524	0.35337335012966115	-0.2357971431624419	-0.20947462858958496	-0.8380239274373217	-0.6440899778121468	0.9415849224575722	0.15361627986277712	-0.5066980954863284	0.6230023795598967	-0.8298997092173214	-0.36502615660289217	1.0366156417588979	-1.3942993642333292	-0.29272342416811137	-0.7685258721757888	0.6726975373703403	-1.0847472577169888	-0.7849746077461601	-2.026085449764513	-0.18605584089205202	-0.6073587241027658	-0.022233091085353606	0.19789131723234868	0.8972459836977926	1.5897989394394614	3.81981223932856	1.8330065211010045	-1.039496874570166	0.7722781344343417	-1.4708330902095201	-1.831966421504345	-0.6590240849093068	0.8589101758320186	-0.23511451756023372	-0.5485284604919439	-0.1267903676929406	-0.8944432060715489	0.5221565219030941	-0.28259837380782893	-0.6454106292986208	0.6969067994190197	0.9437963404144366	1.4008282522347277	-0.00034424046320358784	0.9427608608078423	-1.1114319300228102	-0.3490375977964555	0.2552476482480792	0.5338677173909158	0.9508021016995456	-0.5955476775354237	0.4749928867731719	0.4357899220424907	-0.39279948759393535	0.058611065393394716	0.5896613169054572	-0.09556773139747475	-0.8416619009439157	0.0679915388039404	0.31101154627690003	-0.42805081819778973	-0.8079711105079098
DTXSID7020340	1156.5831899433583	-678.0344703558534	-3563.3930715529864	-776.5015279464914	8164.775992622607	147.72089123229907	-1713.6684513605376	1235.073407181809	-1495.3367798103004	-1150.9160833586966	333.40197522262645	-293.07011525818496	1026.1171401839388	-2174.8630375636913	4928.027494432156	3306.0704072353774	784.8959556682397	1176.8796433431264	-159.0532149965605	2178.48222028306	-215.16566449604906	3438.692564665792	-3105.517204569679	1642.9561549868943	1504.9068142204842	-2268.239320327878	726.580544995893	192.96594763142988	408.36291794163066	3481.7953163572433	3484.165744473213	-3189.3501279216734	126.61040808019146	1227.4457085921924	-1716.9091697287488	1032.7097874141398	1364.6793745984903	1934.294630935756	-2469.1625584912795	-662.6151328875582	2114.0728413343572	1116.81908993592	-2446.461392443059	1318.2459700989991	-684.4448631443458	232.49795791951223	460.13483712260313	63.249810689514746	-2002.482258832857	2523.6408468062427	-2066.916908234798	-471.1463608467401	2542.568173268309	364.8431565229415	-2025.4496530045508	-3032.885303055979	2937.7524953827133	455.8025385095021	2804.5569793861937	-531.7232470776663	2982.3203965354332	895.8022154917421	347.14522379847466	931.5969275907646	150.87782673437843	1417.2994660619277	516.9461965609102	497.31426486869674	2017.065168154065	-1146.0079811702658	492.7385085883109	888.557469242804	148.5349155372854	-152.68254516015065	949.4156348711978	417.1504810749897	-2764.8868767504937	3628.3678900677733	480.22599584880436	-2016.5632069386877	616.814419299795	2798.7636432759505	1704.5982856843632	3448.8941069003254	-1218.573350938223	3594.4857396120497	2256.9064854104868	-909.0903353451082	-420.0554072272538	-1410.2495443678933	-438.4576505175483	399.58677353016503	-198.7159197944228	1101.139576988532	1908.1389481269025	454.34058420821106	1150.5549875544282	-2473.1883895702513	492.3434840009152	3930.277142442969
DTXSID3048520	9.104721798451974	-1.0161274313625297	-3.267783213360331	0.12589584617696534	-2.9016050090312273	-0.47771727693560273	-0.2896376709967329	0.7356469686722231	0.992252437107221	-2.261434478453748	0.27934867207077635	-1.2807380180774037	0.1694057396208959	-0.7486505386858116	-4.188038904791554	-0.06858829626557805	0.36187899345988456	0.9772666641970085	-1.7429150450856132	1.6166739684770102	0.06386700530237015	-1.1943823315605884	0.4663663524385458	-2.346043193140144	1.2289636459786628	-0.34745535981961106	0.48687749538105796	1.657228703190349	1.3677820675275767	3.616241552926357	-0.975229522307894	1.854310387231531	1.3298205502830431	1.4197355094916722	-1.5540699607006567	-0.5595131832227785	-0.9166072440496026	0.5559100757923007	-0.16230899408393393	1.2399205033351959	1.3751443182085437	-1.1841459148953548	-1.5532977745587557	1.2418728440663045	-1.1985642992982157	0.7438713592893924	1.4584926882950184	-1.177459638660874	-1.7223035835602123	-1.1625639529548182	-1.6218549950555174	0.6366845836976955	0.11323822448949823	1.7730374818083647	-0.8566855707377652	1.0704782213033899	0.9588010522815306	-1.11616842735482	0.7432785303573838	-0.08922393488751144	-1.0814019840514904	0.1838896677199663	0.29273332246860745	-0.21693439462018835	0.18082947808293662	-1.1738340925622914	-0.42900316082321377	-0.3097670971004509	-0.39452852721461806	-0.3824996764070368	-0.27604908208674056	0.22704065305223625	-0.15783147846895598	0.11312962308736615	0.7497184391744516	0.37250584007187787	-0.7591733576832581	0.810384112169798	0.47561658832208586	0.17172514691710944	0.6417366586255376	-1.362134405741994	-0.02271371769579352	0.8020172206571261	0.36153216612442235	-0.3037588243966491	0.1266509162894854	-1.0277655492919422	1.7607811686138954	0.20290825005684113	0.5055847565965587	0.7217875421797249	-0.6796824777561703	-0.34162056559181914	-0.14436333914412738	0.4514711154153609	-0.050036333097809485	0.263786396514674	0.9841120197469639	-0.13904221146285894
DTXSID9033264	-3.338166639205988	-2.646997262790991	-19.117837968472063	0.1259886579194884	36.820488832785216	0.8227523186109336	-9.702724637366085	4.57609083375285	-7.4602839045091445	-4.950911714129193	0.10702122806064909	0.31279230885618836	4.880442872918009	-10.536589803540451	21.45256472860975	15.628753680918441	2.197625746169473	4.49850131953021	-0.8173330463885181	11.608326469451555	-1.979598424486705	14.753637939730181	-14.133039917382698	6.183883521031391	7.033446822804494	-9.986284208533503	3.749243697253999	0.41284018657321764	1.8344498935640523	14.475656383097201	16.939916453019844	-13.280371905078043	0.4337012268769373	6.673466796378432	-7.555312434773364	5.127127021854009	6.571146055349601	9.337390773901763	-11.586849823587098	-3.0894748126816833	9.54061543686998	5.824479350619535	-11.334948147448625	5.398668473455913	-2.3262031104154386	0.7498815001204626	1.5586075109351383	1.3859481079482203	-8.984184857735816	11.522070541747363	-10.205896713638314	-2.3173644641810105	12.129332620213363	0.9819818486989106	-9.870459866204984	-14.36595518398188	14.004253594671459	2.47659048600815	11.753611147162777	-2.943071605706393	13.858299977886793	3.2793313682793004	0.47940936303697684	3.2034321125091694	2.685888571511022	5.4752879079828976	2.817049300231	2.5101695889525244	9.632359930522504	-3.4737706867469256	1.273013503354254	4.8292118661114	0.1655893148217332	0.26610340789602704	3.307149508890427	2.690634826206557	-12.066656092076176	15.70799767021625	1.871582118669513	-9.050731015139192	2.576766046144317	12.080949745392944	6.446448875057483	13.651927200838145	-5.1292007374911766	15.680169927685954	10.051201499221213	-3.875485741106939	-1.192168602238232	-6.118877668178814	-2.547340451811536	1.4289554417351344	-1.4006449658217002	5.066963250593785	9.283084569897017	1.2589850081624754	5.534648948592239	-9.853590851694905	1.415162699664555	15.8105356482646
DTXSID8021301	15.64312912792904	-8.000857565551094	4.277025630254912	3.8470972749708294	11.397345062694159	0.8217678651788857	-1.2434555096415967	-1.648280861309436	-0.22506953778830371	-9.398865990877889	-7.419269200159776	-6.215709460592102	4.461390035350362	12.280324597010324	0.2486693024379313	-4.4585806199663285	-1.963777041831236	-2.8722212232822226	4.326782249626004	0.13692327125322218	1.9825029315382254	-1.6543740683351205	2.851474649587558	-1.5419197185598412	-2.681387254295467	0.5074491141242824	0.16342625646052505	-1.3793457023793556	-0.9145829351409754	-0.2738002399939824	1.3562055739246857	-0.5504146306163963	-0.7565456472131358	-0.1618325047972104	-0.48537429776252256	-0.2749921404689294	-0.8874605223067266	1.1376458166711763	1.237206707314744	-0.38803598052700944	1.5122385269733825	1.1792911920938498	-0.4015339820460885	-1.7862824825796548	1.6233779906200823	0.4029392064231291	-0.5054664545229728	-0.3923231734711254	-0.13193193277147394	-0.24134538752563922	-0.8630357870994259	-0.3834356713949544	-0.4033210205595537	-0.26419698880313414	-1.3180676536600577	0.7057814732236734	0.43778238106318984	0.4162067161851564	-0.37304112266026385	-0.33381512404862074	-0.4278015021765891	-0.1370379843726009	0.34521132751253414	0.019668660328597085	0.570969956513041	0.312769852416831	-1.4116195594843552	0.3790560115208539	0.11741681892378454	-0.7009858540386995	0.20591248391605638	-0.059229591781731344	0.2540020472230761	0.09153216654339624	-0.017974051678075094	-0.28646183300070704	0.15491471069443086	-0.12142191213863882	0.23577715713179775	0.030921895407049056	0.07683837749865703	-0.057731761578278626	0.8182890512504214	0.2634119397890479	-0.3151372263923556	-0.11681678951609101	0.1317899881755675	-0.15655901563970367	0.2285426020744366	0.40513649728903	-0.1823681392293272	-0.4812236825366838	0.4929233897431123	0.7124400440981709	0.503628550003129	0.33862481144594847	-0.23516243622069288	-0.6122551008668037	0.7457634668691517	-0.050742932995662036
DTXSID4023254	-3.2566834620268157	1.0328731322114308	0.19568901225719335	2.6229336650867916	-0.21975579293358985	-1.3549167402139468	0.3803068825546777	0.43127199521473397	0.9976888324459666	-0.85573685555848	0.9870256275181305	1.5149136271314132	1.843790900492729	-0.15486331861716165	-0.30136057516393006	0.6115231281258101	0.740424734827658	0.12829794019860397	0.32973481574013636	-2.336433231549856	-1.1824565459823553	1.8934861365223916	0.14003442747749256	1.4037394431503365	-1.2455526822849183	0.2535961176414054	-2.186365547520177	-2.213883046758792	-1.0034274108696786	0.0800557432402862	0.9512847471300878	-0.741112594540109	-0.8409531780687817	-1.036489125246113	-0.061808734764062456	0.7955801543696791	-0.12731659869260967	1.1118127564135274	-0.5408674428590394	-1.022065759230683	1.2369484806861635	-0.4064371696967857	-0.754739516806173	0.2043746747744852	0.5759425884761018	0.8832895941147791	-1.5451660455952172	0.5345794361940837	1.1124774768596417	-0.05195786941507858	-1.0149924903296115	-0.32238863460011785	-0.8229062688194687	0.1561730961241545	-0.3511009836637281	-0.6791023304138327	-0.6468693556451407	-0.11680496271359718	0.6911897164557256	1.1135779019781344	-0.361369312396086	-0.5094427344053509	1.2466966744538248	-1.214646635884998	1.515193497250286	0.5881291779672547	0.8652980967562001	-0.2384721395586375	1.5022123998238073	0.4911645970052828	0.23925254902607934	-1.545430810747668	0.29785143383607393	-0.2146683205855704	-0.5745982584657484	0.8719876301373994	0.30705312368861454	-1.5512359746753162	-0.515685966739411	-0.05169818391322851	-0.4434177841097819	-0.8056388388694175	0.04182195657754088	-0.1921514954394499	-0.867398450403173	-0.534937757791886	-0.6128536625923204	0.09739438174247741	-0.30191217896561073	0.18152804694807367	0.44322764328515607	0.7055456162498236	0.9803636702912731	0.464837993170996	-0.050788546605240605	0.3736419290323032	-0.4804609183336053	0.26791275343035037	0.04528277966286363	0.46419198304572806
DTXSID4022442	-1.4418712219160035	-0.9282894616503892	5.427940482881155	1.6327069891767327	1.5232150153558108	-1.224537469608083	0.7749830202572906	-1.2721616697285651	-1.3917847783365915	-0.357398779975704	0.7749173175888459	-0.314547181298434	-1.6686294048560915	-1.2620977256855852	-0.10387249283741218	0.46603088975045914	-0.0552113600982919	0.33420944846610234	-1.0867386337814218	-0.39035157118081126	-0.6809453414782941	-0.3782895394505453	-0.8902490251854017	0.9528744621101637	-0.5292713667349523	0.10889336618698031	0.28011600689199023	0.12556642972470947	0.20202191311871862	-0.09101292635194957	-0.47909646422917285	0.5793539428341641	-0.5370259147577419	0.39168049974708335	0.9243479535269877	-0.5427703258152203	-0.039190173030901304	0.01761580492811892	-0.22686197701667862	0.13563401541326126	0.06253297416975628	0.05615185917954702	0.07612277926299293	-0.17441275784090762	0.4291227165433563	-0.08105375143283104	0.22519814420021192	0.04181326098586737	-0.5157368190645332	0.7330373179694554	0.09912963410027764	-0.6060919786423232	0.2072289929153181	-0.5116067882645168	-0.08614085172938914	0.28588683101822837	-0.2493573962977477	0.41138584966874614	-0.6505404306959266	-0.5737025590332905	-0.1883970666755988	0.0005356473211051992	-0.3542819190477254	0.44301700156296747	-0.19267885078025593	0.2527399394248251	0.20013242403344167	-0.0314821370459848	0.5420765049062523	-0.9290848076092648	0.33149592662398664	-0.04413422510163878	0.3662983308678814	0.42972211950663813	-0.0491800186665459	0.07097273876577544	0.5216588433039611	-0.40242492507936783	-0.051814021985182125	0.08364135916724386	0.049704022922515266	0.37753503105652153	0.19674430458402728	-0.453340649097923	0.17643412826944477	0.05175289168064319	-0.2247883580073227	0.008954371334950926	-0.11694644638105864	-0.07495451779551768	-0.10597319504675709	-0.0036707222870557363	0.11252411608554823	0.16335187513452623	0.23194073847025518	-0.08059177070649087	-0.1604540129615465	0.00818519977299875	-0.02108228500123245	0.11347161137471376
DTXSID9047334	7.027736530476199	-1.7825137508445688	-1.0913773964483358	-1.918501260762802	-3.131498307742882	-2.3630520968307867	1.9755136921561236	3.559333883818306	-0.3523836153956129	-4.215282138815469	-1.2138728952447184	2.481837821194439	-1.3442450133722423	-1.4323277458080717	3.5625521913094804	0.20934432649304413	0.9876548022553711	2.299165349184985	3.878687927339914	2.195707321460832	-6.215162932870264	-6.045324042707693	7.229487481761409	3.153788783151892	6.091205095177883	0.9418308555597869	-1.6097747671655447	0.5114346957558272	0.42882858876701757	1.4221060046880292	-0.48482980569030587	0.33518136962658274	0.43614252276612636	1.0846127237020389	-0.5620439424497365	-1.5496411291016123	-0.054134798020899516	0.43809102236392305	0.9263838593907101	-0.6959942223678831	0.5266073958776499	0.39524433732026854	0.028372849027807564	-1.0272201158607064	0.05233620594637969	-0.028218225092390466	-0.08301825952309165	1.738402639558833	-0.04272258374036398	-0.19624425124808975	-0.024080174425006845	-0.04076611707675002	-0.26274163592020444	-0.28107066587306045	1.1163452214749605	0.31399189233470276	0.5301892635666287	-0.9839410783204543	1.9465154258826212	0.3398326819038878	0.36926657756023046	1.0034328727980935	-0.8798836456005286	0.08123537735548647	-0.6382362153670723	-0.15325733692271115	1.11126757396816	-0.7257034738306108	0.03646121271030993	-0.8898772157072856	1.3251555801963053	-0.01572856495807921	-1.4212175008973364	-0.18250976137872296	1.4162089882765716	-0.1702246123432823	0.6448636660018457	-0.584405537476791	-0.2257654957753774	-1.282224908239214	0.8959338140471209	1.320450205548968	0.28950666821849774	-0.7514613175967482	-0.16683097885997328	-1.098908930624157	-0.6159989761948622	0.29887658710374343	1.851707269852247	1.3201130956523208	0.7703774865703221	-1.0123114058750322	1.576385326434517	0.6210406378686864	2.0678426956347393	-0.04260053800832285	0.4218510582790294	0.13576126096016944	-0.8619169382842943	-0.4141212785904812
DTXSID9021841	-7.929731878687343	0.6486132227594456	0.3818099974621782	0.6062537031287439	-0.6303619870058897	1.4693807827913523	0.43219760741593144	0.3762985509099579	-0.09951034223402118	-0.033296466296494485	0.20165195308322742	0.5123733541896934	2.096469216644769	-0.4983338373191171	0.36534573414154836	-0.28502644516597725	-0.17780917364427234	0.12563305113114995	0.6980755158571413	-0.5484151128402465	-0.016846298991693463	-0.17166412796770708	-0.18286124570018833	-0.09118685806157689	-0.3005948289809565	0.7081120252514933	-0.5601991240939065	0.34488981257426443	-0.911682869038924	0.10839759288975297	-0.677805080631807	0.4307384990793743	-1.3801929950586498	0.3106461565151205	-0.3641706208390661	0.31782452525627014	0.2817668986219594	1.272898842172514	-0.09249180825212981	-0.06447614371205074	0.442162358219136	0.8242789391354415	-0.5161192888777618	-0.6610692968065162	0.42307381023739277	0.11797912887142956	-0.2042799955298581	0.6168414606551649	0.15410075908432389	0.4327398354382687	-0.19435267941990675	-0.45524068053824396	-0.28128451029819773	0.5840454376629063	0.40849631832695354	-0.07087103349704806	-0.24454959796305872	-0.35580290389018654	0.17773717165006395	0.2622406965720114	-0.318575175288516	-0.7317145350027126	1.0530848613537906	0.10415545078132503	0.8109642864302669	-0.4422365633465221	0.12566222423209772	-0.43311232813115447	0.053391349049448734	0.6246092404409802	0.5372331559233672	0.25821774992200847	0.24584692710583636	0.3455428081358111	0.26975997312206457	0.12117978382129561	0.4336562878006061	0.19560979077309312	-0.2724405058288372	0.6133651081474628	-0.0006035721415646137	0.24920659951303	0.23567307571745585	-0.11576650323054216	0.1677540308077575	-0.5893327229160094	-0.12578688156647758	0.5147133721282542	0.5192966221556018	-0.034901414863845966	0.016643904123235437	-0.23445225503553216	-0.008578940037923914	0.09801539085811403	-0.2169703891915447	0.06614874776000973	0.1807102338824073	-0.27864336570067333	0.17198596884339962	0.4979377355928264
DTXSID2025892	-2.9104797430993696	-2.062832902389325	5.336052442372192	-1.9024920842922939	0.020027984382277705	2.7766968762356043	-0.49625931158690606	0.3508666945362847	-0.6144433896194594	0.16237034169168404	-1.5566200038181017	-0.0008408714350201672	2.948692846025932	-1.608976468120132	0.3931476561519953	-0.6916700896419784	-0.22824492292732224	0.640777099001389	-0.19739110484374067	0.4660262658240382	0.660289869605012	-0.5728591598049787	0.24686947998861988	-0.7553708138632725	-0.12492492231468914	0.9503426237418573	-0.25366170893834894	0.9475878789263024	-0.806383209480654	0.8346013431256274	-0.620165549558258	-0.5842447330711763	-1.070932539846446	0.07485395749550183	-0.5576165883842651	-0.08453353469074155	0.43863721156779667	0.6838921219476276	0.5833094716193334	-0.08792651284105972	0.22452015245438905	-0.020657726653228046	-0.4640307890497631	-0.5708592263904357	0.33259892373348204	-0.11886555526192631	0.13153416093111606	0.18142509578151805	0.6330441399765367	0.5691988580511572	-0.5320419145040904	-0.13959598739025725	-0.12879666197495243	0.34345506779770457	0.423427692432424	0.3755360198127734	-0.34392718545324696	-0.6661084190064683	0.9380061932760531	0.10734245708871992	-0.6699940079580443	-0.2544207141533753	1.4185787116257818	0.27900685046250917	1.0768035757993368	-0.811211098529664	0.15176677999106963	-0.8518321475953321	0.5564198278777548	0.3023120416272908	1.3576476303094012	0.1916075678786337	0.6861127681078903	1.522202840669132	0.18852616342967374	0.020209423223473078	0.3173450665066289	0.17003381507643303	0.5239747554410614	0.5229070905015475	-0.049463344818138175	-0.07828803964895802	0.06976198590991889	0.05153787985002744	0.16703111747164298	0.3262305387171413	-0.46837749778135074	0.429215745277008	0.3834319086732435	0.19804751520174094	0.4297310910848724	0.0266784034758833	0.17450994904591516	0.1517144741122165	0.09992062226074953	0.07926970426466293	-0.4606085830212339	-0.48954205464315426	0.20544966475546458	0.32338214359217354
DTXSID6045905	20.385567036609935	9.932820849713186	-2.23059565079669	3.967736194101031	-4.305096190959964	-0.7496550775818136	-4.364623261855469	-1.4783755811219654	0.7591358962803766	1.202806948771926	1.9983094678260804	0.9776831611459627	3.0771693348699802	0.8140069045795343	-4.241532292964758	1.4405294546147123	-0.28171818766316487	-1.4602449532244803	0.1576335514787841	1.9201950757620665	-3.5285259849587023	1.6736965281903249	2.2984166436048437	-1.8825791985797313	1.6274147202952292	5.416551787753972	1.9574011736139794	2.9293361574908148	-0.19515970313172182	0.23140760409892944	-1.8235520609824973	-1.8569275303945312	-0.5553315763634527	0.3341238331663732	-1.6248836472708592	3.5277692780833374	-0.5018617556682993	-1.0605405602212483	1.4790577772628921	-2.780617375255206	0.5883456001618853	3.799541027393274	1.3007541044614588	-0.68999105120839	-0.9718546356003294	0.16659768743467562	0.10890658905653035	-1.643845185086327	0.4257934039099766	-0.7502710625873249	5.493994461551846	-1.1950337103887168	0.4124184819944631	0.8927994734799214	0.4186400924296516	2.343382920534857	-1.5368362220917826	2.9025585909774216	0.004574368106193781	-2.956924444341162	0.1584929529852365	0.23785531995782394	1.3922221735793703	-1.2148238004049394	-0.03611354227063258	-0.33769784151347537	0.45301573654547833	0.8337106086765149	0.9593815086046987	-1.306968567110817	0.19108144992220868	0.321648384157401	-0.30910555509951126	0.8833850277919132	0.9155325547998273	1.2519014227622811	-2.5469641451411658	3.4678997772887854	0.832849405657463	-0.6924272560343746	2.7684433160140935	2.3148921088972587	-0.7714883972254102	-0.3533986775869685	0.7243663469215789	0.9806076272301956	3.099298845209459	1.052345332567348	1.0396208301222059	-1.5348250013018199	-1.6827833929180256	0.3033065813195108	0.2775819693277318	-0.2986990617641513	1.4957211604269767	-0.0009596573903845485	-1.3147536773718553	0.8420619212994563	1.1016613496930407	0.29708810640132943
DTXSID6045119	5.14324014000547	3.0795096799965753	0.4803413685498776	-3.3310887206078394	-3.136104781467196	1.453711060584118	6.809036986701346	2.059529402292701	-1.0414869527660928	0.5844503617249107	-1.618985114544126	-2.157967930509158	0.5698815350926663	-0.6409117482400869	-1.2772034181742185	1.6373381475578526	-2.18119755205474	-2.2131522291941494	1.251943440532271	1.3695138194145096	-2.5691895830257265	0.4079529483603719	1.7102339127534014	-1.4989898513900193	0.4424916431352478	0.738477698450205	1.0195238347301463	0.7804479708011145	-1.6457378941234206	-1.2974794373728304	-0.6569435846187883	0.0437091389435995	-0.16323608713956803	-0.7831659054059282	-1.692526682540499	-0.013537354597087192	1.3652821986167682	0.38732059655061185	-1.2648909781598987	-0.05753986051143815	-0.23623255199901036	1.2778046027983099	-0.1506887550026892	0.8474970371427718	-0.07538698905994333	1.335695673258181	0.6551307543840774	-0.1277840167778791	0.21560788939779651	0.05780823943410407	-2.3067887069363513	-0.04724105024179076	1.1514434454453994	-0.47464081930078855	0.6527335015026906	0.5440724015619122	-2.6312779063901495	-2.06010997769118	0.7271087146423408	1.8631158699305967	1.0263840320625741	0.7712798409421979	-0.10003711004866293	1.2559732757499407	1.7353201505142553	-1.119927759729356	-0.04555245722260085	-1.231009491369588	-1.4844678390339827	-1.484672226231226	1.5795401462293392	-0.85164836721255	-1.4506513511594896	0.6665447282744472	-0.9943973497234782	-0.5794264449716241	-1.3512848114610785	0.34931156046794987	1.594503011844458	-0.11073718465602019	0.27570996752942817	0.4765133884533526	1.0263926258209093	-0.9431411428114954	0.3349430946830454	1.2449338787328816	0.6632484764958848	-0.28344793919294886	1.8142072923939871	-0.49692673462816866	0.5288244495954798	0.264107161352133	0.32104056905159645	1.1091825045969	-1.0404890860735827	-1.3555853150488613	0.4196179429452822	-0.43373097502251556	-2.2741825329944834	-1.7579284087698863
DTXSID6024836	-5.2628158477554585	4.03315467782959	-1.3851938904098298	-0.20786071479963303	1.5434700412237385	1.1912755738515168	0.521925962482578	-2.1289737922062653	0.8676365016315499	-1.182904754922952	-0.34017746199233423	0.7781240941998502	1.3870133356953112	0.8364236159746057	0.9655691332623102	-0.3386084361206418	-1.2667632311213577	1.710609979336323	1.029488164446769	0.5604006785190324	-0.28263607422775566	0.45466216064260573	-2.5731834907519215	-0.15653884460822018	1.154651771750444	0.10559218976218879	0.6022942135072337	1.1216674226575307	-0.5642195584973334	3.9263418393938117	2.585127197944225	3.753720903725675	1.6691048311757086	-3.182314936997015	0.5885099534455209	-3.2352245336914933	0.3570777670577908	-4.278013488706662	-4.1112568406340975	-2.2814884806760407	-2.1359787266613033	3.394850558317262	2.3150151994054444	-2.871028273765203	-1.6597781682819346	3.3833532461574323	-3.351087033843833	-1.2628031390088275	1.3684615905559707	2.180971350210766	-0.7735723448936875	1.4570894605776221	0.04862625361207253	1.1497468600866365	-0.41559387519241475	0.47561155665703647	0.678600854126915	-0.6227463025418939	0.1638841145819229	-1.0820589913610001	-0.9782868697939262	0.2092248341364052	0.013353794135144991	0.3313678893062446	-0.12349928334766776	0.4321483811346088	0.5386522628258307	0.07383180187906821	0.18952697598857107	-0.0732384719050178	-0.23916706454485007	-0.08428141301585744	-0.019363223032315285	0.03908461523469414	0.19699377572957605	-0.139140728769981	0.18554286928117258	-0.2632016820512557	0.03776121468848535	0.03891627705897077	0.12458940088026417	-0.11086601663035289	0.023196693745362453	-0.11391460802076184	-0.24061352234673644	0.1587125922832267	0.052476271432160215	-0.0035315391998452217	0.14795667980434554	-0.10302782266586502	-0.09277050646059648	0.10226256596481778	-0.039877854941528075	-0.0841060435762463	-0.005995042395404904	-0.13383431826872008	0.2555906658064883	0.09970346979275503	-0.1769157961799536	-0.056184279937030075
DTXSID7034460	2.6624309188199136	-4.353649265739157	-2.918738079122996	2.6559265168189574	0.4180539597087317	-2.4033962285518453	-1.3776667982871926	0.49688398038991816	0.3531010036716416	-4.013194638370992	1.082584162558267	-2.5510617711681824	2.876202507420317	1.8489192670991041	-0.6167566769347799	1.123247468114762	-0.20363762961461726	-1.3794989211473954	4.140022085503749	2.686606939607597	0.5337923619306019	0.8318206300932103	1.1160168258810088	0.2677558065123781	0.34386305365416275	-1.1908123963857828	2.4702808489987715	4.210511266089355	3.8457308860397537	-2.5759016921662075	1.2360709143481396	0.42222698761277944	-3.168590719981309	2.241445271010388	3.641129232311231	1.8739425001979746	6.876973741685026	-2.1173173217083914	-2.8769023193176566	-3.034456701741757	-0.9745236276857754	-2.27676701024251	0.8318956816966213	5.1460955142612494	-1.1946769020553945	0.7289491996011573	0.7348678474127113	0.6094233467519677	1.7621684232134394	-1.6063267795971417	0.6720844708110192	-0.4377573734932421	-1.838733004447431	2.1826468015320493	2.6960281930710748	0.27559115886650787	1.3429416717807705	-2.0916956253859977	-1.1761519422885913	-0.7455317586942483	1.164851272357358	1.6057488743898334	-0.5082628897812651	-1.6179261806664518	0.8036973157523271	-0.2301606358893459	-0.2956513916301965	-1.2742740830581063	-2.5187631726454223	1.3242115897328257	-1.0240099230660689	0.08019049565835945	-1.3767465675360726	-0.6299775009165758	-0.5549997357521379	-0.7347585430850322	2.656740616921385	-3.03279915664382	-0.24179968597745044	2.455279632893382	-1.31873896937986	-3.1428989048777853	0.32620930832639167	-0.7651163215902783	1.4744167994020745	1.5731722732927969	-1.1171756012140595	-1.2677676676656187	0.6872493402473582	-0.017987376503868197	0.933765939715087	0.23359415795465951	-0.7277335195137766	-0.1281262430224172	-1.1185333611828265	1.6890994655777951	0.8474335755664293	-0.6282211331405922	0.8248962292831435	0.5104840973931329
DTXSID9032379	5.504285602482478	-3.230780396288887	-6.529623633025397	-1.9374887747786407	-2.314230230889623	-1.2524838312044109	-1.6179373972598006	-2.7845027624061633	0.27973543149406266	-2.8752103726010816	-1.825776418429015	2.9290159784803476	-2.303448938373189	-1.2631005162325204	-0.19606203840336264	-2.074918614682773	-2.103558832335346	-1.9815840028855798	-2.2662875542637284	-0.34523693107581443	0.632219772586591	-2.737116785409788	-4.204386234607649	-1.2343432318638923	2.6337343007683414	4.7482930291634355	0.649583140202703	0.6781123245456075	0.7104885214655772	0.07449691601404546	-0.5705863829907261	-0.8973581532622177	-0.15875388781254166	0.35525599272156994	-0.7711565838618406	0.6581806345630193	3.1105815079463692	-0.8037108230464665	1.3338908756974017	0.26258187825036533	0.029633166964323353	1.0915390179509343	-1.3340936458479222	2.016986709233046	0.07400502119781972	-0.4225695130331657	-0.41709808902636153	1.2964731209107734	3.4124559181233702	1.593704650564164	-0.9055791559188694	0.11044080053633504	0.6432770091601318	-1.4684361293216517	-2.008294255592921	1.0815013414976504	3.9641314761262536	4.113392667174836	-2.368940460779217	3.3365537885248022	-1.0511738841802207	0.3298080609445901	-0.5212194075580246	0.38621319773912866	0.02853980530184815	1.837425461504062	-1.0914781773792999	1.5246481713207538	-2.170010409595082	-1.8769813349929438	-0.9116191229693549	-0.8224023654152629	-0.14043711718679724	0.8140717132229116	-1.9405742353772188	-2.0990993716461417	-1.9866045100633136	0.11885868902978287	0.18798763804493052	-0.46096307048785584	-1.8609260346522591	0.06642407117530057	1.2622497452119767	-0.597167235908681	-0.8384390357902051	0.22313013604926296	-0.1032816956995756	0.20945863877183526	0.7445752299984303	-1.715036171157109	-0.33452519436907097	0.7590419215163097	-0.014574578792781043	-0.441661146351207	1.716775992346969	0.5585171721504215	1.2278608574105465	0.3631566740385374	-0.23955570773600213	-0.7935678356489638
DTXSID8047000	-4.9554336233288	0.1722277358061573	-5.035579392071269	-1.2649101878409785	2.7377412388568927	-0.5403705800120855	-1.1563086965040272	0.298108192516252	-0.917033692073406	2.5608998280915714	0.9485320752706107	1.572637338432406	-0.772819057645474	1.3308596573009348	-0.6145367224455587	-0.4668465320525287	1.3409911952292206	-1.901610462821814	-0.7549349504609391	-0.1816393565687803	-0.3261758465168444	-0.7279661501406234	0.46904538579177857	-0.03841534539048661	0.6007635758584643	0.888999109753925	-0.5365224280372667	-1.0448192088023982	-0.5185473016020192	-0.3218937239352781	3.113386216659417	0.14071785530754183	-0.08938098920062494	2.3334987515226495	-0.5759784252895646	0.2680121656550139	1.2111098073005484	0.7510851658679638	-0.3889505592238743	-0.5474361958574971	-0.35787529941459023	1.1430268046048244	0.18787581367231157	-1.4379463218805366	0.4056360688308648	0.24644140302249593	-0.3568370384103872	0.28121002392259253	-0.8969871533343847	-1.2529002342882805	0.017130218748913968	-0.944098637107105	-1.3060765845089854	-1.321002410795573	-1.313260139103222	1.597669786196532	-0.559139106084779	-0.01711688376178841	0.9126933716670129	-0.3245852103058544	0.8593707824118862	-0.06251648490184092	0.41417697399532244	-0.7979206882003265	0.8989336826975715	0.30060591653741625	1.0738429917170502	0.47496298290566946	-1.3068811930699449	1.2837243567106866	-0.716575873469766	0.11856724063633009	0.31127427572399585	-0.03291088208712395	0.3399926053700173	0.6781583343175046	-0.6983275588570333	0.8612064893992843	0.32767401097877086	-0.8718223225730146	-1.4923796549040067	-0.5864489412056397	0.16407459961544577	0.12233326094439571	-0.6555434931610948	-0.7892798781642575	-0.5884353364676698	0.5930845265800324	-0.15122040227327996	-0.3065665243109916	-0.18064749207776945	0.27664467510081026	-0.45794852040414147	-0.25733853712793897	-0.41118135825953583	-0.31491993134381024	-0.7554943274647078	-0.8881244387120049	0.4230994347796415	1.2447644728596419
DTXSID6057742	8.35139104334454	0.9597855457984317	-3.806415258660107	0.006459574235044934	15.871605854264509	0.9704699883098541	-2.1195720171302237	-3.457910058767017	-1.1825032527342108	-6.954457227062929	-5.220863348093825	-2.6814340229907656	-0.8530638986246798	6.485608730696027	1.3750882696830582	2.1540393424291238	0.04832134461315203	1.4008587842819902	3.8601257469811996	2.3232307250654993	2.357082077924722	0.485880020244765	-1.1741895712921715	-1.0594828474604658	1.874493957022524	-1.3468590512395018	-1.0154660155650788	2.989480621755016	0.4799112048794991	-0.44610493803585494	2.7951952374003315	-1.1817419602094414	-1.1255262491052496	-1.517017374451503	0.13584035723687798	1.7922497397771624	-0.5707099300304912	1.4463504130963154	-1.85693776693797	-0.21450111342062647	1.1815393347877836	0.7579758806393396	-1.665355065048333	0.6172456388603649	-0.6766248117277756	-1.0577264361148857	2.423303295201789	-1.3235545949714667	-1.2121432237394196	1.0518679628245553	-1.6037322910247993	-0.5849559256080763	-0.16574708762537907	-0.4519448039202307	-0.5898076930339532	0.7532671883693077	1.1599306185648688	0.3293009534455487	0.09113871511775157	0.6830168500733704	1.795146982200518	-0.639786373778654	0.39824030939168975	-0.34808461114765443	0.5062236635341782	-0.12776071006975645	-1.9289871141416537	0.01222988828585485	0.4461329373597636	-1.7508632230383718	0.0936809096556562	-0.4833900071850868	-0.7218779959235538	-1.5111963677747207	-0.6206840037108096	0.25929704248382524	1.6858285567979834	-0.34518179424379986	0.9307532218319612	0.012920403092704412	0.14360843763867587	1.0203576066907059	-0.5229367276998435	-1.064601090054289	0.19374525508069598	0.31498644300793527	0.574013645261999	-1.7647692858564408	-0.3036725006739005	0.25095956952835863	-0.6907689267073537	0.17716996770291016	0.2756556548817753	-0.38850656485775165	0.9200941916288434	-0.13341206542462933	-0.09889229612835956	-0.22089627305804144	2.012712147944191	-0.11691646310042382
DTXSID1030317	-4.898942218930178	2.8940317381089207	-1.217104463816166	1.1606169394762642	-2.415807821626851	0.022540542961618962	0.646209694245067	-0.4367040587884575	0.863683945482945	-1.6016122599141391	0.4807868287173531	0.21245640358017473	0.35551865954527795	-1.3645067862601101	-1.573327415228364	-2.9007818948022424	-0.9434228884308541	4.386770555468345	0.35576255645954424	-2.1114115123512307	0.6211881132369675	4.117648688312164	2.066407587694909	-0.8656913774261161	1.8217287861488731	0.270595259050997	2.7795679713250268	-0.9507892294164317	-0.7011935707170243	-1.9483928063111555	2.7008710061717447	1.8687792482295122	-1.596959189722501	0.2657001070840184	-0.3073523557355189	1.4916393197578912	1.2383217008671579	-0.793561878265281	-0.537912834385244	1.6091590672320355	-0.11733700840653219	2.161060353060706	0.165851411826501	0.9002397689667585	0.5214709841707424	0.41579857388324254	1.2251359799838246	0.7041713971945888	-1.1215010111051529	-2.425155913893414	-1.2989479396259573	1.3778675867450159	2.058485046542438	-0.30459540163415644	-1.818461366183196	-0.43382632619270567	0.33966606263659194	-0.7314463163339082	0.37879131493521667	1.0902003897369612	-0.9606071201642692	-1.5554486306306567	-0.3884360453068462	-0.7788727325914686	0.7457518563038789	0.16889746291795943	-2.112286122762778	1.493382930635468	-2.236069336895387	-2.1944178534590546	-0.1794766490890079	2.970313214787034	3.9778257088537314	-3.1237914014546417	3.2892186469591174	1.9912966506735668	-2.2970405323185297	-1.9255953825729202	-1.1037378497475758	-1.2230391368542104	-0.35392416513161334	-0.7449344082040011	-0.034267031827280976	-1.790819681110266	0.18863023546113733	1.3071366301907046	0.5499196790999449	1.5487309114737629	0.8119843019597628	-0.060534875043529786	0.8908755849830406	0.00991933383772949	-0.0003564883336773385	0.5438955990993567	-0.18000810751187202	0.3274150533063102	0.30368672616979026	1.28314554147159	0.5323287188731984	-0.7116975859162856
DTXSID5023536	0.9780756528625262	-1.0317705731824767	-3.1132197051479755	0.5754414803050041	-3.1305213807231365	-3.575060531800662	4.094200439715708	3.2612988732897192	2.3174245557956854	-4.123088847576345	-2.0358198212606258	-0.15772225809725143	4.198113762868724	-1.6410513598489769	-2.590561645284116	0.19294981936967742	1.7211403333928936	0.9827398765721377	-0.1341110868198509	1.7675956250491371	-0.9848361634159041	1.2795053224816983	-0.556939727692125	-1.5913928380751456	1.2025377275153106	0.08846870259432567	-0.8710208027127254	-1.7046788764736744	0.5644139925309095	-0.3863527841391849	-2.040189475936693	2.259184279078802	0.317246297478479	3.851760536945717	2.3456826607625554	-0.9328896339270975	-4.339931001403039	6.433335599482827	-0.6271988463204902	-4.38880215596058	-5.5399935520634935	4.548322912002764	5.880480586855167	7.574856457006011	-1.4944123294774654	-4.310734193319865	-1.4164937218540472	-1.8561147212216917	0.6737305403461555	-1.0121561342674776	-1.0766765364638515	1.3425984892352387	1.3952903655283508	-1.1385824374522555	-2.3298122270267028	-0.7986089123277264	-1.7735249794948222	-0.18317419879687938	2.8701982959816283	1.2880283438370959	-2.1069327940362013	-0.04491272380489808	-0.8496833843183648	-0.015514398120707214	0.7092787951679266	1.7553532525405893	0.4919137323025292	1.3713576021749896	-0.4587646548736268	2.133973919971779	-2.4753220159347227	-0.9099414921072618	-1.4218689997785765	-2.3075871944162385	-1.1862700474803223	1.0630472547094096	0.45742490064887964	-0.6541783878634794	1.9291878076018447	1.130460251932133	-0.5449290595957896	-0.004057456003755131	0.939935240424873	0.9908981355215722	-1.7880917828355452	1.6636795891699838	0.12439481149895078	-0.28528169804907383	-1.2558425743058055	-0.60308764304021	-0.1617063909829266	-0.28845826267728053	-0.5383825738031075	-1.948165354535912	0.3359384335154248	0.27049828640481677	2.1220543710754622	0.6322601971793695	-0.5086864655479864	0.07188233600333982
DTXSID8045147	-0.4010160978008856	-1.7512632416908689	-1.115777055336627	-1.683999039289571	-3.8745229177725964	-3.487110347291108	1.0669093253517203	3.3773158315097334	-0.9855561685507874	-5.392912045228205	-1.9757051580700804	0.4313129829914842	2.615744158900158	-1.0409310965915353	5.428124895215292	-1.5446203138765646	-0.450307257514101	9.991453428586201	3.2132105105416815	-0.699248159530955	-11.785401486487368	-13.26735603401185	11.299636792088998	8.997294209072708	12.13000148395546	-1.1230000764665535	-3.619724799476034	2.2058335600426306	1.7543231352966342	2.850124269617344	-0.8967394280096539	1.226447303081505	-0.07319301692041866	5.570957010811368	2.0342458864724504	-4.277719245189486	-4.191409243667355	6.060718160031556	2.5686177083444095	-2.9189544925756845	-3.4684458145908703	7.349368546657711	5.4357338426014445	7.229194588014782	-1.3355335625755622	-7.052983951394694	-1.2499167122068418	-1.5142730856544155	2.34816035964519	0.015959529083164056	-1.1968063352946556	4.124781000836327	-2.298979846751717	-0.4849536310747357	-3.587928042846504	-0.9927703593106268	0.7437001006686392	1.5620809762502152	0.26817049014581984	1.75096326975553	0.8749120414821817	0.015548263608190538	0.7556677151502629	-1.9609803642926673	0.24994941533596246	2.7955233868076124	-0.2788386863179754	1.4524274845133345	-1.3597658572252467	0.059437568654605775	-1.0105868802912732	0.0734506279040687	-1.8892651523197854	-0.549099160563287	0.7060716412689895	-0.7162305230859691	0.0044011103885154	0.08933883169646271	-0.21701430393736518	0.11028594237225718	-0.06054770645177383	0.835832411647183	-0.4156354320523655	-1.2008788356110573	-2.580975854640428	0.6089507351430362	-0.1427189220562273	0.31013382596280464	-1.2919627059304957	-0.8626555613838476	-0.8032683298749459	0.938576273318556	1.774906694121956	-1.2889030027134676	0.5568548162055226	-0.2606638992333815	1.0373652318857807	0.14619130541008252	-0.7273433758442968	-0.5919773133504427
DTXSID2024660	-7.633663130401166	1.603726720039491	0.5253602747957964	-1.0393065763620815	-0.712743172621699	0.11230317592455846	-0.0904857882540974	-1.0626863651385265	-0.39085178236602014	0.6851115577288754	-0.8237224368111477	0.1964976125381987	1.7173195214290182	-0.03722496627474519	0.3027873306086418	-1.2525434480307895	-0.8921954092776192	0.269875895481096	0.3768484704261932	0.19070393848056974	-0.3918696006023398	0.20318522646007764	-0.18757908330001163	0.2199239718953992	-0.5925115715555759	0.3273477884687176	0.15132594170532035	-0.5175548564751361	0.08820471906183737	-0.18116973492235186	0.5465215946612209	-0.03897564351489639	-0.10571478093262937	-0.15694008186993003	-0.2586029047659469	0.28406332136513146	-0.3351384623971761	0.43261090095486265	-0.14804363116770256	0.1485820219104334	0.06088976805681767	-0.12832025812603126	-0.3068808374026529	0.4756202394466032	0.4442515034788078	0.08541958238213597	-0.02473349623985349	-0.38989911558462936	0.43825339493160487	-0.2447212102286362	0.20947854563473559	0.14333676479037696	-0.08305156967265606	0.5000927312454225	0.2646581513057987	-0.21268245557642584	0.066199121606342	-0.029837705469552535	-0.173111233694188	0.1989880435014811	0.1247948746468236	-0.06186936668156442	0.18413510346328324	0.3231937706250914	0.4357045923886804	-0.6143828066423999	-0.44362629496363054	-0.4221731319138006	0.4700590173255388	-0.298928064542375	-0.19497497150528162	0.4151151227958824	-0.0019137187041258223	0.019097436990522573	-0.43384482497318666	0.06951606718713739	-0.02947138369187099	-0.05479869362607637	-0.2922453304971139	-0.21618535883132828	-0.30068850631105687	-0.5157198719981176	0.10469743052107121	-0.17793235125485393	0.1498707255234271	-0.32956945442830515	0.3360753782965745	0.22498541178880618	0.27608881830038734	0.28953449987897056	-0.05331109548503923	-0.432386863962006	-0.4248444548772484	0.19407040536120615	0.050144962669187235	0.015516631454495607	-0.35247438463358	0.10778421325971886	0.14462105977795833	-0.0486912617551245
DTXSID6020357	1.732304212850748	0.8249649692372442	-3.354238609184638	4.644417677622221	-3.7062255475984776	-4.212803979493394	3.8960436398381115	3.4337655760344465	-0.18744224573742965	-1.4334101401230113	-0.5656495879923747	1.7742662255561017	1.674879154733242	-0.1717444327090289	-0.07838017385436043	2.7684307433325057	-0.6709367939273599	-1.8761175295856114	1.428717304790301	-0.6455715093546398	-2.6183808903154455	3.0874678743903345	2.320078383799264	-2.88402439340944	0.2604685821892621	1.7543297650135306	-1.3185857330880155	-1.5562031961599603	-0.6324124811268396	-0.07970963889161253	-0.35382250328103454	-1.1404344443597867	-0.4413456994150623	-0.8000190861028306	0.11537756258040054	1.0221625237554381	-0.3333676847270986	0.5990916336259686	0.08273883124576256	-1.5891378347864131	0.2201209299665108	0.5499169498885909	0.35228628942873785	-0.7015046407754965	0.15092274738658637	1.0925984790580827	-0.937373733130677	1.0913830112819392	0.9951811620491874	-0.8963386222746511	-0.6455484933514256	-0.02484502470766489	-0.14185449383509882	-0.2982942154787364	-0.42316054845736817	-1.2795497649617826	-1.0623422478456988	-1.3391596480309966	1.7782999333902394	1.4560291860355314	-0.9770587410644986	1.2392391956797184	-1.2134252502301601	-0.6568852363476801	0.3960602110885829	-0.10960329026740424	2.207285990476152	-1.8878480091970462	1.736565079903493	-0.5489300454360304	1.274889392276777	0.2915430283602669	0.40475118305382113	-1.2049631771338434	-2.654336777085459	0.9586172911684007	0.9233619673852681	-1.0021222918377841	-0.46504270644701307	-0.5515561811719165	0.4329197813701165	-0.76438433444454	-0.8790801512623606	0.6521408454814406	-0.5701151738127911	0.5111635258323346	-0.6391302975267056	1.1293298578472755	0.9059905057113371	-0.6242211226094576	1.080324894459606	-0.0023408888924570034	-0.27635406156600556	0.5939434126723436	-0.1996699585328032	0.1796494213545994	-0.2990659673435932	-0.03365068051374626	0.20915758362195375	0.021011127381892463
DTXSID6026450	-2.8429945623939394	1.4546951252565732	-3.4636067605541543	-0.4152649418856474	3.7742973685662435	-0.18990814641847176	-0.30451125309247895	0.5345439174720642	0.5023672168093206	0.5861919534298364	0.92641123480701	0.792274067054424	-0.9679528439181132	-0.8267599093731541	-1.874351887559073	-0.9499977904302325	-1.4039396412624194	-0.6586997452954041	-0.8527870980811734	-0.34498216137211996	-1.1101822069046183	-0.7622751217989043	-0.02986891447712475	-0.3111410482239812	-0.5326894427448473	-0.1740794471267408	0.21910618026552994	0.7838155965765237	-0.2558684511715322	0.08287448898444379	0.561667236254052	-0.27914480834375255	-0.5431798264501012	2.1419000198535425	0.5183280922679239	0.6027698293067212	-0.19003743787760974	0.9932304960542319	-0.7706612375552626	0.045494034494028716	0.3249648939634327	0.8335239745049798	-0.2697741299383476	-1.526457816910503	0.7104226711541826	0.47453785511339863	-1.1742784539700424	0.21926196341136545	-0.10234821827255722	-0.6633756931134702	0.7401522722838917	0.031059036891480103	-0.20154349195918705	-1.4830674808699	-0.2811327701462558	-0.10086904977823291	-0.3199431851965204	-0.4391706134009046	-1.263920043670961	-0.6707987478096883	0.08233170774694422	-1.0449956329916448	-0.10044372111097571	-0.4709960067762928	0.8858486272354442	0.7286575780975217	0.8417712968646782	0.734827726788325	-0.8449486371937002	1.6490149821938913	-1.4160064757106905	0.5139624736421801	0.4718164823423065	0.8120601821407833	-0.02800940822059849	0.07703657933571662	0.17827666012762342	0.08064266126141742	0.2998643209146585	-0.0365980422861712	-0.4473458543607614	0.8197373298204396	-0.7099391216263334	-0.7297843402847065	-0.16473783186140178	-0.2126573319668648	-0.9395092865693649	0.2639991672785783	-0.3097751207750868	-0.21040645658980275	-0.35613137624596136	0.36330328404212114	-0.02834801165708642	0.7698937439091832	-0.8381444040051885	-0.21574724999703773	-0.8816784197071063	-0.6704916110992896	-0.32033947282072256	0.11761420686205515
DTXSID6022632	6.090177521009965	2.3020042020308527	-1.6473082542945836	0.5781524340791524	0.3048734802843313	1.3972089506029033	6.262614986657191	-0.44047872784689485	-0.9681844338360879	2.696000150248901	-1.1031778779916632	1.21602693573113	1.1462509181753713	0.9321384520600012	0.2635117348152887	4.575377146863256	1.5086638367772263	-3.466558365034997	0.5768155821710634	-0.5417486384671061	-3.055900233811131	4.351044169398951	4.2138557632077385	3.6778368064649523	-0.4489907902711127	-0.8829339605104763	3.328911090434938	-3.0100234059388478	6.850653895627388	0.3075484849588527	-4.157561675389818	2.945593318833886	-4.0257801168554765	-1.4815890272454135	-6.965138300099177	2.0101801281282263	4.62882486133418	3.540900624328538	0.5546112356063547	1.2010848012877868	-3.294315424815493	0.6122278213065886	0.4478259469830638	-2.136450565228838	-2.8407367407725608	1.203192853198821	-2.2597417936166293	-1.8631673552604002	1.7191892405429836	0.6162152941621046	-2.1606161541801208	1.3811286708998716	-1.073622637151762	-1.6945023141140985	-1.5887718227642527	-1.369220908382485	-1.6169907231140834	0.8792986489037485	-1.1033419379126526	0.17218761838364852	0.8364656163694638	-0.954970693540086	1.2870804624708734	1.9203488316113904	2.129111417236671	0.5191018810516448	0.3828684969324138	-3.888413304766095	-0.13965007949578648	-0.40782418773609075	0.5568504447913629	-0.21187634950799378	1.7900204908376716	0.5413366280120517	-2.7107388246046824	0.24769629624484232	-0.7591723862426637	-1.8139397181294203	1.1709532140191694	1.217862892337291	1.1458256149042916	0.885777040461824	0.4829972499140091	0.14214363217443296	0.0418926813297031	-1.7923426848799593	-0.32232408398204376	0.6862403965269949	-1.3915939708293361	1.5323497886926785	1.222686812409962	2.892313446678977	-0.528481291911244	1.97135059694896	1.0209319554988658	-2.2244068941674096	0.23898267844823282	0.48833631304534053	0.0834923171271813	-1.773413880629928
DTXSID5041560	2.009255976865976	3.767469202375438	-1.3733926945504604	-3.0142721856248644	7.35341081512035	2.0328364770110827	0.19084051777918704	-2.515666231102964	1.3671829492888383	-1.0580908576056198	-0.5190574098023475	1.2850514294837352	-0.1724810152304272	0.5920751069099407	1.4291509488125806	1.1849789726715911	1.3400183980158589	1.7714917745988576	0.3793018341934191	0.8292558986812621	0.7651361487685479	0.49826730945484315	-1.2740187650967343	-0.7494843090492538	2.0428736272795196	0.33760212040121196	-0.5360482323439725	1.3915052066982327	-0.7716683836343925	1.739428945194081	1.0479741211732312	1.6818911973949502	1.0406698012519169	-1.3398703247552182	0.5483526636718338	-1.029800444688462	-0.7408966402116816	-1.279979350500533	-0.2271868874398445	-0.34258610765847786	-0.32211030396211204	-0.4590020600963654	-0.0923263401107507	0.8678974041520875	-0.22510760483500297	-0.7935873696600799	1.0508289303329996	-0.048242728881791624	-0.8165282893812227	0.1529601581388271	0.5302061169542266	-0.8678881243439093	-0.6991723624091432	-1.4088508667090902	1.3012114957169565	-1.3698661603321274	-0.5216571865347029	2.2505200170660555	1.221509343023986	1.1691907421385779	2.179070421819029	-0.693648968451453	0.16817471107181003	-0.13191688530367685	0.07174177793916048	-1.0073188270474216	-0.5684171246290184	-0.3044502776627843	0.06341150328136316	0.11576643207175362	0.8024170546311301	0.40541166574146514	-0.17249662931508236	0.2500953862582494	-0.27874364803335433	0.6722962229042183	-0.7267881468420518	0.46358204263102876	0.7275421723645779	0.34843076100092135	1.1514058952427713	-0.48468340800104165	-0.9131128003522553	0.1916394040884327	1.6666413513710026	0.3793690228732199	-0.6504350903170685	-0.06781817685259568	0.12610551344705864	-1.2864641525760692	0.5792392130628602	0.2905768421735153	-0.30659361086622056	0.49975392743506564	0.13176967593549047	-0.08735816338061517	0.2545317192061182	0.008537704849266404	0.6218973800944375	-0.6620139374063855
DTXSID30396867	3.4644750571264673	-8.05504673495665	-8.64647674877061	4.999135286910344	-1.6570303974652838	-2.406848962610918	-8.553036238676365	-8.963912647816937	-2.3090917019675	-5.088398058805412	-10.427607235830765	16.582262648143193	-2.605819066698056	-3.5565008703267256	0.04649951021715177	-2.8574321077988567	-0.4528978650516893	-6.491912829028127	-1.0446442485995553	2.7722348921932976	-4.574544242524805	1.0251144792712037	-2.7135368154062594	2.8775642726212194	-2.2760272375900583	6.552150137481945	0.03265298230652349	2.2644928990986446	-5.371340675923753	-2.5044522103915	0.5134874352443015	-2.2242249939309438	-3.8887036088472935	0.9995498092681154	-1.7546615696494663	0.41211534669853517	1.3935301825808306	1.1115548612560822	-2.8161849593394006	1.2222204353104278	-2.3216453111636457	1.2991573665841787	-0.009055668802910985	-0.8602595557018274	0.29758547968693516	0.9988144982082667	-2.045920691900654	1.1607901263886742	1.5256031285426697	-1.2213189846824057	-3.6175851678577207	-1.2472826536045858	2.4224601724280737	1.0617805031966736	1.5100761259954163	-2.211638755068227	-1.4949452771549985	4.707482602751132	-0.9213535632774718	1.1402344028305262	-0.3439174902161087	-1.6105603134364503	-2.337393831913684	0.9600392470988232	-0.7801053799972723	1.394214314166655	-0.31460638424877796	0.9093508974445762	-0.543601613763968	2.3908307456366735	-0.07892396366994461	0.1686418940833178	-5.018986418340706	-1.3592346952496668	-0.8867333706557571	-1.3000266092430028	2.0207980098309464	0.1351772378688077	1.4072388586840967	0.2514294952357583	2.313505134079737	0.029140822474843286	2.093275385067517	-1.4640824993173296	1.7282088075843214	-2.377939818170607	-4.785646842814584	4.933985851223563	-0.6306232887774942	0.0010060887651874846	-2.9233487496961823	6.1956268531308245	4.3057659303888505	2.5522048125525973	-7.217388434363889	0.7634362835951748	-3.5456967723523207	-2.654362549044869	3.9018304261953083	-3.05401306428067
DTXSID4044581	-4.377393352362815	2.1656810901958945	1.831630885277079	0.40733616049008853	1.0041941103598446	-0.5663594976918749	1.0623836782207652	-1.0315125767623883	-0.371551320742563	-0.6350616262892209	0.4096149381349732	0.18601047304002521	-0.7418906222853636	-0.5663221902929219	0.444869910770794	-1.057927415246658	-0.9017306005554091	0.6757262634737181	-0.1090200599397042	-0.2550796778921218	-0.8053587014246805	0.0980695907428612	-0.5185003645093051	0.6886307539652985	-1.0988424084781578	0.6326037020397375	1.0001081672023946	-0.6356571965837797	0.2126287055641138	-0.1621378128453214	0.07793607132319022	-0.20885039710374242	0.07059212897455758	-0.17373417576117453	0.261690817965305	-0.25630186131466837	-0.388873247668961	-0.06640245981251006	-0.31225077086024094	0.01872485231278452	-0.19848194869032218	-0.7025713374376403	0.15117214606668186	0.4590506947736572	0.5851612436655189	0.07708943368150473	0.21799358263078364	-0.1877092364985731	0.3103614407863652	-0.34392208232362803	-0.16554878878071982	-0.20757475394716762	0.0211955201022991	-0.4387849395443	-0.055355490630236266	0.14444593669998723	-0.2793974823357474	-0.5361228162924762	-0.22654848862728444	-0.25254178882217765	-0.3456309366023295	0.40780344187297624	-0.008984628809318145	0.22383960978717643	-0.5574982846811368	0.03584462570369934	-0.2987887644133824	0.10047393329892279	0.20788789399501803	-0.27198210909036885	0.4166333075000632	-0.525614802649478	0.0788356824387512	0.6257063886307923	0.06787598683187511	-0.030620781771574977	-0.12528305435001405	0.23185698466105029	-0.3579309063434815	0.01867333308799141	0.057937061283552756	-0.20522179286048	0.3437620368948948	-0.09865473547781287	0.15337788830569685	0.30113754515450275	-0.18797587665463383	0.1450042661483179	-0.23016401073190165	0.1434890995220765	-0.08899409970861603	-0.14846154817768922	-0.1680693564198451	-0.21948527509329163	0.19189410855474592	-0.03409352568240695	0.11977994712980117	0.2918324492088065	0.13433935656055757	-0.047538272908169935
DTXSID2021658	-9.837824952259272	3.739657085130635	-3.2987303633568645	1.7691528785400268	-0.6289310424617922	0.16038324837880782	1.3022640841094768	-1.8162998205041099	0.6293849495210965	-0.6952724146654449	0.4137627653101377	0.6777395491651174	1.9311979842492482	0.7546444510508115	0.7331171774111008	-0.5185022687717956	-0.7109700233616941	0.7553758537340821	1.4726043400289266	0.39844607949309957	-0.5432937864658258	1.0518766212711854	-1.7364778702512333	-0.2870007645684203	1.3137812128466262	-0.21620836944978936	0.3944004234752971	0.8685429661410098	-0.9238044570329659	2.6025535807701017	2.1897831756967987	2.433437522214243	1.657551310249002	-2.0979295409154717	0.09442118150055033	-2.602492651216834	0.6166669627237585	-3.0798284850747732	-4.017232130721988	-2.1043631385417565	-1.9036919492101505	3.401789383491012	2.0381233600065025	-3.082031489267394	-1.7022144520770224	3.239328361682154	-3.936188402431388	-1.527489321548388	2.00923985704727	1.7476709500491028	-1.2403736935848977	1.9358616592342377	0.06528934739207988	2.3153062905889414	-1.2210349454218405	1.283798601613236	0.9251442279219245	-1.9037569926956868	-0.594036308373725	-1.7148808881078517	-2.2748399101519814	0.22993881743897987	0.4968894495011576	0.6948515324494234	-0.22289917881017096	0.5491576503790624	-0.17616398291361482	0.13443370504474358	-0.38671207332844837	-0.028036286909555567	-0.7498291478547962	-0.3331170190476686	0.4502486389797147	0.3851589982422432	-0.4812125834163938	-0.3603186417777573	0.19448676476992363	0.02322394155242994	-0.6640423684153026	-0.14688011310789775	-0.43475816340088846	-0.2936939824795643	0.5469402126178521	-0.3322050384278052	-0.45699184499142337	-0.7287478253720598	0.4145724428795729	0.09834932270249144	-0.0729701898152387	0.9008633270107884	-0.01932155969860773	-0.035468574011424926	0.06294625743407667	-0.05908801202888873	0.3664648164335934	0.19739320819367784	-0.21274797753861707	0.2791850886510022	-0.261406192248703	0.225062044850685
DTXSID1021530	-5.630580251578224	4.965529759792246	-3.0445550099237306	1.0474072639267833	-2.2432629106341135	-0.5335766375554409	-0.747155343287258	-1.3119066199650258	-0.37816918970875535	0.6235275739112889	0.1280794615619615	0.3333432180287716	1.6248688255011492	1.5253199246604037	-0.47107277243029466	-0.2983918627825718	0.37594469078941345	0.22245884436876573	-0.2637766267317286	-0.09856441842991899	-0.6055595667505739	-0.37293502875480106	-0.9847449745822776	-0.05056657917041094	1.112920950442533	0.4219878248835692	0.31339518379926606	-0.314981376879881	-0.47499075146933206	-0.42869064278973884	0.9015112175086928	0.7410015045063426	-0.4396530365665306	0.39476995036453066	-0.4229748878083868	0.03043235659093536	0.9636125508981555	0.583478379396259	-0.13782076404862775	1.3481183580463643	-0.4800463777663662	0.30454424150317133	0.04826694018364906	-0.4219771546857428	-0.23348622327820498	-0.6050428257105979	0.1804067671651311	-0.039604419051915224	-1.5592181820102902	-1.8954795903639434	-0.2726863844383153	0.10097731623470914	0.005790547319915437	0.27900248047211024	-0.9849646068079736	0.8616164568954945	0.6835737366410407	-1.135957904929434	-0.10883643974034038	0.015085742320574965	-0.2724374528892631	1.3188905893532328	0.5347249856961996	0.48331887246495225	0.05417379756433206	-0.5336052399919098	-0.5676604235236248	0.3460929882439755	0.11436968489262261	0.5206487236842968	0.43053751196984635	-0.8466494227069535	0.40490923792395805	-0.7332182662569968	0.5963463264139912	0.45888526388131257	0.03021459224162316	0.13973320667709366	0.38373060316378654	0.01693806744717351	1.0941179351860884	-0.5111982177315108	0.7590173790994175	-0.18448665382944268	0.5389468249648126	-0.6320153664863386	0.02942714261372124	-0.03454504632778639	0.38200018450830003	-0.17610309911271316	0.43226520642838656	0.5992472033416802	-0.08441524844015907	0.010120004910067903	0.3730850286536206	0.642099909433106	-0.03400732212296482	0.353281864623199	0.21247511958081167	-0.05400241760455684
DTXSID9047205	1.6174173012307727	0.679527432856949	-0.12576857349934176	-1.8660278155314525	2.763250905653371	1.30846280881321	0.8786191834155817	-1.7588853643850657	2.267843698619037	-0.316946136463139	2.655138474126993	0.984563230732405	0.17235688726666765	0.9860481813782705	0.9083169793540795	-0.19382429588848799	1.2904016639524107	0.22502871847578515	0.32650327389949346	0.2132654665861485	0.034624443405411084	0.7733803191993358	0.11509892235716787	0.07145751104856134	0.9279698801313374	-0.069265638075639	-0.6636153470610819	-0.032881438174829795	-0.8316853551026019	0.07669211413313529	0.23978765423717446	0.2028478897849359	0.7413666230897826	-0.4928610537690661	0.341907824278256	0.028363991941921813	0.2642566313494503	-0.1889217184444944	0.3520339020608309	-0.30030567779875517	0.1409678609441395	-1.1765180087947016	-0.3417548179201499	0.4106000378683663	0.09973893524295778	-0.9411284961678469	-0.3055257066486414	-0.45367056367360886	0.055042893873363904	0.029353694116252223	0.09163045205157375	-0.09369570478011026	-0.5427828133186798	-0.487709957022548	-0.2343464240912246	-0.31370997004678436	0.26313451197892174	0.07122363845365481	0.1579813037520056	-0.3419679831395934	0.06902792545903805	-0.19275187237280014	0.3043745827463526	0.7504184038007898	0.1347580487665009	-0.3495559814264382	-0.44171593376080853	0.1151332525337736	-0.11393252004492475	-0.005561416930889803	-0.3880897802787752	-0.3173572672900726	0.5534797758459669	0.07544512129495935	0.0494600358623929	-0.23394290849220994	0.14287343477334474	-0.054798413895096494	0.24245696531440034	0.06033873514758222	0.5143457852994013	-0.14673426971868808	-0.08366279170163186	-0.3291255620349387	-0.010157896807405127	-0.46263333689868175	0.3379858193139036	-0.06662177578521271	0.21092012926579567	-0.05649193654332462	0.2230907263051353	0.07289584436669624	0.11104930610453434	-0.22934430284623314	-0.41874339852995973	0.1204757988022172	0.3184367760100099	0.15178322775057465	0.14346748295666015	-0.10728641093422348
DTXSID5047582	-4.447798804881942	3.3257419489203124	-3.3306308936233195	-0.12009122303442724	2.670493564255176	0.6725718392664564	1.0430398703989712	-2.179897652927582	1.1197659941390432	-0.42412092839517773	0.6580214087633046	1.1210127733759878	0.1485541593993047	0.651872791303109	0.11057812930381557	0.13809988702332923	0.44051918001040674	1.052782390887185	0.24212456361437953	0.5005888418913995	-0.4489540004453844	0.61403818883799	-0.32995603628230474	-0.6011230776263006	0.9502227541100107	-0.02423616274856341	-5.266216368778435e-05	0.5036556498914632	-0.5557139562278766	-0.4552653925777586	0.05080914165310457	-0.4541427771554123	0.5921002637679754	0.3050659593441803	-0.08292922343137804	-0.016648100453499088	0.40769450759684367	0.5326235590392104	-0.05463579617877814	-0.11836185241882695	0.0913175453960834	-0.4180115187051669	-0.36179314938189205	-0.3050996156044304	0.15213787299188422	-0.6299117313051708	-0.024726880817194524	0.012976203915424527	0.3147528788875334	-0.21021058852625382	-0.32699402022979507	-0.22858790403511695	-0.1524308579710596	-0.2536177508093326	-0.3092499411864375	0.17327918968662076	-0.6349782956595752	-0.3956289932132018	-0.3212598366904095	0.07060168333645822	0.05664259240192032	0.03404782074937043	0.16975448695664955	-0.4557242236465132	-0.1779612410162147	-0.24815287621737134	-0.4551095656635335	-0.07623052522454243	-0.33772661056643477	0.27810323882609517	-0.4705509132819989	0.09635009769798984	-0.02698738214800409	0.1961157338590595	-0.3760604659407395	0.13613681014323367	-0.3331433666351292	0.45737745139501357	-0.3041319651982169	-0.1538301403679385	0.21294582461267486	-0.35675461318522766	0.26928663031222916	0.2072709503054033	0.14997699453479102	0.47506118237501044	0.03405137065629428	0.2110011672710727	-0.19646458880922077	0.09415925386395213	0.38733805188731585	0.33538957437732664	-0.5705969658468888	-0.11889126231064434	-0.11132891960200156	-0.27497576643408617	-0.12004215045484157	-0.3598113450354051	0.02076013222894041	-0.0996626689481485
DTXSID6021032	-6.028022881164671	2.966579381935477	-2.713586425194753	0.11089256136999762	1.0919481184069835	0.16932747444467885	1.5962257642000999	-0.12825686602479627	0.8353173626076249	-0.7209505843249688	-0.5548171884706786	0.8675331326471393	0.5048572795053368	0.19897416389953887	-0.1162017028060493	0.08943115833697383	-0.47222736388999675	-0.33441329596903085	-0.10200641766642178	-0.26876049909134875	-0.2264434257756877	-0.4502136982924984	-0.6872883931189291	0.09313380014382495	0.15429919547645143	0.3251138336994312	-0.10291750520215676	-0.04708030435281756	-0.10537140889032291	-0.9015406568614992	0.5739508605866598	1.0858674769846803	-0.11362927938883906	0.9597519402773941	0.3182142385170296	-0.10020205190690314	0.322164213622003	0.8404800127426455	-0.5191549559079957	-0.23442535986487764	-0.2157700466742802	0.11843999854970932	-0.06146758469525628	-0.8700858400483805	0.503628725072018	0.14540831690768413	-0.35350024477771785	0.7217785844849934	-0.6191930115091921	-0.21460888871616063	0.4277875707088832	-0.5820106519058279	0.039339765751439965	-0.5891529904237528	-0.5303199908266389	-0.15207764466739826	0.0018507662945144196	-0.646594254072816	0.08365095035569031	-0.3277706666979501	0.07712591226600345	-0.7003145548971041	-0.8683316447996197	-0.1567599229004854	0.4777890885175286	-0.5634977236926739	0.017022993503843394	0.5280077787065989	0.5043072731931199	0.24570924024302074	-0.44970478075838527	-0.3820419964320461	-0.14466276649121532	0.32372310817993544	0.7699960896956565	0.2705755643066607	0.40452216987401424	0.09334180558518156	-0.5766604959043379	0.17477696189032446	0.2591252264917878	-0.24022771646901003	0.1904940146782005	0.019234989022811642	0.008018761165231333	-0.10469022652480336	0.4634256738064419	-0.07114425583697145	-0.35231116487768616	-0.11056792318518009	0.33420654364578345	0.6163342733366611	-0.4780367349925123	-0.06636823445068862	-0.6047817689609043	-0.3474324941727318	-0.22071849771367247	-0.2703397711679462	-0.33171701598045944	0.03038837320964336
DTXSID2032398	-0.30591134901076816	-3.1802629432927554	0.3763045364064759	-0.1502134188480302	-4.654029912032063	-4.267007093762525	0.6856919175868494	0.9324661654693289	-0.052259889563587715	-2.456312652320772	0.033257133457516616	3.6683002147565453	-0.9931663084565684	-0.6050744847556999	7.09253124810525	1.0980717010491667	-1.1524984067241442	2.0493179973383198	3.320719339605965	-1.1182147247077834	-5.902621514412195	-6.135186106770778	8.146365462289346	0.4465483904478624	6.356094324116128	-0.5772490601045114	-0.3454870748722052	1.3565154117807547	-1.247933720855866	1.6883539734631852	-0.30866551759336636	-1.0229327053305575	-1.1637871219151998	0.6612987622248044	-0.6991791176103904	1.2765967932373414	-0.8769427285216151	0.24570071947151445	0.004570442131345131	-0.5810335587831625	0.7865996365849408	2.373904456587725	-0.2622405874819474	-0.2901328384006487	-0.34614297562437735	0.34436263064216693	0.2838575354485998	0.9060163696985354	-0.5289060936259897	-1.2087203773845987	0.47453447158162576	0.9916480118407426	-1.6812749218060397	-0.5269269527826016	-0.14800796925623297	-0.30003971569042337	-0.7874718780529283	-1.3991420772628052	0.9973595375565656	1.1196374890567606	-0.4942807810811553	1.0512439375386706	-0.4601856046085785	-0.5891233294070295	-0.4022642975933397	1.1931103110673904	0.326980083267513	-1.0775939736664097	-0.22175702028663657	0.004984668895021432	0.19605880859865107	-0.4816360616111327	-0.5757424236482567	0.8094297842755804	0.043385188715292136	0.3862660218866603	-0.2384797483948697	-0.3552056186825427	0.9558392556001636	-0.5965614260747483	-0.9804040491866254	0.5459152969507618	0.0207261182935678	-0.8541447102539994	0.03377929981754582	0.5232605047210528	0.46707863406790423	0.6447800693016644	0.8493006032059871	0.028770884323690866	0.42164209595638147	-0.018543825183872396	-0.29073510449676415	0.48093503632240575	-0.0660292453752197	-0.1441701744446192	-0.0772542325560166	-1.0287501273724777	-0.30764317103630934	-0.6448507005118947
DTXSID0046565	-0.757720869537635	-3.3819863679066624	2.120004045437365	1.1818100795962376	-0.4889588006062203	-0.3902865219003271	-2.1750596571750265	-3.7277377070493514	-0.9630844813931029	-3.6930807759642823	-2.4848675246041503	0.6636492202563659	-0.2576129442539442	2.1415639077041186	0.45765703253488715	-1.853523758071617	-0.5761779584554534	-2.282376446731337	2.662178735764856	2.079207425961598	0.7441346198176674	-0.0459264980131701	0.9955306286576496	0.3446023869922216	-0.9147621749568657	1.3338151980084678	-0.4414611691188571	3.8072699943114063	1.0177616012973505	-0.5204024946381361	0.545194543220048	-0.29618263600782047	-2.288981286897456	4.572403613593838	2.2115931502167574	1.2336200238961723	7.836160690542563	-1.0872688802123476	-2.9109329468389755	-0.4701211735708139	-1.4201084514856062	-2.2073083942736047	-0.38081782357932004	3.4113952527865536	-1.238586696835575	1.3104013008399407	-1.7446553864197885	1.0390572577057353	1.4033540983269308	-1.9531092621737844	0.5942443732078039	-1.0657742616412667	-1.2768120694725025	1.575311447362643	2.708951350914558	-1.6611546738300236	0.4372082713633974	-0.18791918808713973	0.13648368239391045	-0.3275364803389125	0.16248932315648146	1.8407239736740248	1.7291076007709458	-0.47985288628869055	0.635622149030165	1.7123818747275286	0.6301437510081102	-0.0796581532085805	-0.9787016170815777	0.4012527685642155	-1.4175746288889792	-0.157411289704931	-0.1544625348353249	-0.2711885185143231	-0.3486305094960011	0.6258691102817485	-0.8146481772738551	-0.5831070500391302	0.6674983703186786	0.5223951207952263	0.058125430769308366	-0.5430951191228012	0.22985423629729249	-0.4103567127432996	0.028256219386078373	0.78474591716261	0.5107232198980967	-0.6258575782542114	0.28818534555270253	0.4546884706158292	-0.0410394185454914	-0.37897489528470873	0.02695946179037802	0.15341622697517643	-0.6628459792684347	0.8037155604749435	1.21301169735518	0.5630017648606336	-0.26614749629230106	0.12959201959036923
DTXSID0044781	-2.6768368072116857	-3.819518326797976	-4.789823840565077	-6.494775791667799	-2.352530682074336	-5.159401583424438	-3.5377717647261693	-0.8608457557856335	-5.085250576238345	4.749331905870288	-3.100220922581642	-0.5434941535741434	-0.6332445757046984	3.396217977047683	-1.555886792597222	1.0798572928502348	1.780925829849183	1.6748874504080629	0.11058577980753781	0.8440572082961785	1.2236367843855005	0.052042732470909285	-2.2903864510343586	-0.4190691501795247	0.767709571970047	1.7157727562418592	2.09769712447241	-1.8941154900936257	-0.25886306392549263	-1.4687771375131236	0.20560746750524106	1.4713811493070927	0.21053510455049204	-1.6815824259722216	0.04798152818526004	0.14515190684906237	-0.737467008018243	-0.2258237211932302	0.06004629789814031	0.8634686537240268	1.0452931972121025	0.376228672324562	-1.3637220142200879	2.462579623449308	-0.3132243233096094	0.7208546529246209	-1.4273284585192154	2.2189591259824213	2.3887247536416685	0.20563941627526222	0.10421300314567597	-0.24936180768012678	-1.7482553002092414	-0.17865001422243967	0.31796778851936996	0.6646574129252261	1.477843302983478	0.22045775267741402	-2.230261192541926	0.36656457172773643	-0.1543287389072694	-0.08520288227765352	-0.4330097090719101	-0.913109529104585	0.5019443238182024	-0.2737516064979992	-0.41466634944532776	1.4359190221916855	0.4461817069834505	-0.6469347333913191	1.490189284557033	-1.030824675167618	0.0914906823087669	-0.6458001144601139	-0.19587833615536868	-1.1480250155746339	-1.614269060818794	-0.32774864667066	-0.01864203437255812	-0.8557952762704637	-0.8664271980080472	0.587703989042276	-0.31286372271730145	0.7754577028209789	-0.9204650378404554	-0.35677027460120864	-1.0973609930578099	0.6373771827208007	0.2682497029568649	-0.5938946020851347	-0.06108905576274177	0.08722335552289359	-0.5474010442588157	-0.6086101804496736	0.28613169538650834	0.2119102976881157	0.8743829695385096	-0.2486544252770845	0.3911133901093537	-0.2613082625301221
DTXSID3025330	-6.178771876448904	0.4098251427313522	-1.2737145911966843	0.6800444401292808	-2.141253508476558	0.3379605404762801	-0.26482571738428173	-2.5183110544556806	0.2938174068810198	0.3311158613086558	-0.8244488394475593	0.19721975305431774	1.2193383693136468	0.2586560713712976	-0.0003114121629584574	-0.8385969156136107	0.03725973580738939	0.08296467519777646	0.5051834840323701	0.6634256772801453	-0.041678888619171864	0.3044844396196969	-0.024865353271683762	-0.23911688702423214	0.34070401215054064	-0.07608938118272805	-0.25287991239779006	-0.4793156117890568	0.2550010581497814	0.17764857372540574	0.3870001176278835	0.12453287412201638	0.2946910778830095	-0.25733620259226536	-0.17916209111744968	-0.00615120442374592	0.4058332576594274	0.18800691915922035	-0.30000693182145494	0.22177836676479465	0.2824617295610541	0.05863059249635761	-0.3370016959919352	0.42348819103042606	0.3865280537047266	-0.2374875703769934	-0.0010172035214687555	-0.45084613222022124	0.24685189551458472	-0.021269181106339054	-0.42082103102306284	-0.342740187568076	0.9618137865329408	0.6253796808185149	0.34910424048445093	-0.09472826656516045	-0.054414749147590626	0.7272074528055416	-0.6353854264544658	0.6056746356021077	0.06487345519564308	0.39331899291261924	-0.2722971141068831	0.1413680995064464	0.2968421951732119	-0.9812573598318725	-0.11130192891047443	-0.20173513478230715	0.3611201897752892	0.35871485357599703	-0.3751835084817845	0.4572353862895831	0.1717189296922088	-0.030935275259251233	0.07748516713053298	-0.001722497337066692	0.2711940118464701	0.12132183440417242	-0.025388557358818054	0.14842004105374487	-0.5369553694505987	-0.03210661913690308	0.1902429243351476	0.08309848090436116	-0.6073343348685597	-0.061905792863414834	0.8149489302420648	0.0996710191860953	-0.027889698812505505	0.30116880111699185	-0.23762344658240178	0.04448494338417737	0.43832989785175175	0.2900101663217251	0.11052827789833726	0.21616077857606153	0.32480018399151095	0.27569717694972223	-0.09182318163447094	0.11142856018968661
DTXSID1026904	-4.208821360313323	2.3143349042710866	-4.170033064039993	0.757747927621616	2.327457226436246	0.6450744652077764	1.228222261936034	-1.4961040629745046	1.5659116923418561	-0.2919316535104752	1.8364287183849044	1.0082886243956082	0.650543090709407	0.8728483841745368	0.42614650619732314	-0.4630893091760117	0.1659634152789017	0.005679945671759014	0.2232689163668701	0.4652895297178923	-0.8780997478374155	0.9233206583630841	-0.20274133644821207	-0.3871634205851951	1.1163819333000482	0.029323928012822836	0.4685974023204092	0.0976056386636986	-0.7949466029165656	-0.3785841526747196	0.31539649408350845	-0.08452229432235728	0.49370560291304855	1.1354637821570848	-0.17222646882132242	-0.6340494473846311	0.49331645576939237	0.5251333087002592	-0.025675622771726043	-0.10873678743666235	0.2456067161040357	-0.4317963558159408	-0.23204906608260412	-0.6218002235498554	0.7093519865856995	-0.39795562062619927	-0.840894513704882	0.052842581759275156	0.1586272647810986	-0.2225572075142741	-0.3143901942192305	-0.304643817723825	-0.11669852392586194	-0.6358564677303015	-0.48980614945705553	0.21659348784534943	-0.4669735249200302	-0.4353665790387596	0.0031775495111288966	0.22275658184140054	0.10779977361877695	-0.27211028759298295	0.06945143615174332	-0.8223001661272881	0.2704699108530314	-0.4509201518309032	0.029038091263419354	-0.05934199348736749	0.27590642375102	0.3045094992274385	-0.3150621566321914	-0.2815574261440465	0.13813322264679567	0.4255005390608743	0.13894401050230587	0.4775466972139759	-0.5126889137857609	0.5685226969628845	0.03595476084073124	-0.5028609440939972	0.08533324894090481	-0.46452146338851985	0.018720973811587886	-0.21350219008109622	-0.08504100238713	0.16744807603435324	-0.0926648106093934	0.305613152730798	-0.6822876349518561	0.08947334142443195	-0.006297210808665522	0.6722139711983303	-0.6457028581746803	0.14396588679770944	-0.3707564007083809	-0.5115640072306209	-0.25243563415095077	-0.5453054804258579	0.06506916900297385	0.4164026302929492
DTXSID6045583	1.61067819438897	1.7814005937826127	-1.202256292083224	1.3070909729678888	-0.19076030020338358	-1.027115701939166	0.8744240243911905	4.109877689547994	0.5896491732087831	-1.8261328308714035	-1.8121577049384359	0.32588027720989593	-0.6861434931255347	0.3719522489253844	-0.7151846207959287	1.1443835221659513	0.450731612499085	0.8156195044573396	0.14510413018455223	-1.297541196790699	-0.08536118131802034	1.3983157579424668	-1.5962744469685197	-0.26239252287284626	2.2843905128586837	1.5193578414669089	1.1789224910276372	-0.7068975785839736	-0.02446141966068076	-0.937366311182899	-0.6666423017560364	-0.08811498130496706	0.853258391106526	-1.1789946780117948	0.43485839172254837	-0.007728663274147315	-0.4578960383865609	1.4110742984433609	-1.3558136325501473	0.04688303786183063	1.2449244278350078	-0.5622531677770689	-2.3168878839967864	2.8234418957887115	-0.30424067836456287	1.7939921695170913	-1.663917909397901	2.3475848107724637	1.7742607197295326	1.541393864031799	0.3366377689416379	-0.9114299201954947	-1.2774776349137398	-1.7133067105769797	-0.7984574952780533	1.211971037362332	0.48474057495139816	1.2701462798111784	-0.7946631510611147	0.9962282922258393	-1.1409509215585991	0.6871069251055333	-0.8039547004498607	-0.011480110150375165	-0.16792150153756147	0.45458723803889056	0.5891356463568868	0.5765396960301676	0.06241466280087058	1.5386639127940966	-0.2003011854436797	-0.11893397561487205	0.16944781409378143	-0.0683421202137418	-0.5056719100654186	-0.5127784459445903	-0.9081128455450227	-0.7618316288305296	0.8648022427515963	0.5834152187039409	-0.25488731598904013	-1.659040414932895	0.7431896514005785	-0.3001380462962061	-0.29242911592961124	-1.1609965308994379	0.2914802002387395	0.9720483732723336	-0.2832388255721606	0.08511559158340848	0.5170506461429675	0.19212736503315486	0.059255856664863306	-0.2526529427605395	-0.06274705062012854	0.05780033828722498	-0.5326132018140542	-0.08200105111079402	-1.112977599568852	0.6427626435269984
DTXSID8048579	17.340880266390847	-1.7558592162313649	-7.961564613583983	4.2949223592912595	-0.33316402662825756	4.999251448962949	4.231483373700003	-0.43862181445737647	-3.3327284722446966	-0.9629829857177769	0.9708095141695156	-1.7667381227660461	1.514732831155419	-0.9800401263561279	0.6820844649969401	1.0088348620552667	-1.4394791795846726	2.6240537996642552	-1.3869144236651036	1.0243211525933924	0.29209134708540757	-2.052047395162614	-0.4827213073029258	-1.6676272749095982	-0.8270016701510043	-2.6097656147373804	-0.34258231517996635	0.05953722838058682	-0.13948695939357758	0.11750088377557595	-0.7181417491474152	-1.0731008071676342	-0.36878057994525526	-1.2672155795147424	-0.11961819447235138	0.018157073939372635	2.3820523300462186	-2.164683438244751	1.0545143503069354	-0.19330447978459883	-0.2697668947441636	1.334511161494285	0.08094310248478087	1.1945615791119988	-1.5013576240639985	-1.968236599787543	0.5427940387613157	-0.49245384817013793	1.8842349588686063	1.6003496398567363	-0.8095405098008059	1.573260098759504	-0.8729093961301916	0.38871293537517576	-0.6635106780842634	-0.34649144990303576	-2.180665785306963	1.9793863500048563	-0.05018495409556031	-2.2085865370720623	-0.606766802764836	-1.227436204743948	-2.141540893381995	-1.081789946559229	-3.162354029849098	-1.7877460432617118	0.5787216289194399	-1.804570885073479	2.3646459266690085	-0.08370262475814642	2.454128097596753	1.4978359190395	-1.9558784445857782	-2.3605896591050803	-0.06494061871778097	-1.8823264597321874	-1.4813464938823457	0.9634341628736827	-1.8449004939632534	0.5268486073458344	-0.9960757539128658	1.5292844423547292	-2.042300612884403	1.5693079278048028	0.5797974905640362	-2.637915480159666	-1.540122073430808	0.20535711263565268	-0.7410445262926142	-0.4447125732046139	0.7491615160734367	-0.7051186694566514	-1.5936295573080907	1.0204453929570598	-1.395806519899692	-2.878753631954868	1.455847751255668	3.134577715058462	1.4026745744374443	-2.3706683049095147
DTXSID6020511	-1.935119273758931	-2.5154267605913816	3.821190190638501	-0.35895252383467374	0.6122310574792451	4.175521642476748	-3.7375542746241024	5.367467998402021	-0.6400089852627777	1.460083171746197	-1.193142532084262	2.2522802883699757	-1.5206351340506945	1.9352595515956246	-1.285976997541301	-0.13272289033207732	-1.3520285947053947	0.7116568736333977	-0.7826833878937723	-0.040933595959426285	-0.8331401152811033	-0.9752714858355043	-2.033082515243094	0.9732373741499619	1.6102540046356864	-0.49593308643194123	-0.07906858960974306	-1.5186899630229467	0.5770026465038582	-1.425924262757249	0.8458658534120789	-0.5009070744383334	-0.827888489620044	-0.4076173959581836	-1.0973139618684515	0.34344353331221894	-0.06457109321399941	-0.7108366155660086	-1.0129366615366047	0.14509595467839345	-0.6712854498830663	-1.0059426528379116	0.1975706896011581	0.8478000078500649	-0.3072561279598631	0.5783881880647432	0.9902358115902106	-0.7683697449957829	-0.9983136587468042	0.6432140905099648	0.8709854309790278	0.5036336296453567	-0.4223241616259649	0.6552152996317098	-0.6259771855224916	-0.23275870086508774	-1.1075367774874625	-0.6604338187541939	1.1060828026718263	0.2403655445711082	-0.15096618808333057	0.46929244578509144	-0.2158438219205988	-0.47380710627676964	-0.051277421095514863	0.2908773449058807	-0.2978364728513219	-0.6622847048576114	0.20134945425309592	-0.3056844728242957	-0.7278861840705305	0.05720123980505276	-0.8162582545848709	0.17430862872515723	0.03137337480391208	0.9892350655726655	0.2762460037545184	-0.1946419371899427	0.1271871166338163	0.56597766843244	0.17025233696323086	0.3563250932097935	0.12112400171834871	-0.936892414999336	-0.45151912547810674	-0.2073364012568307	0.10851288224291307	0.36148910781472354	-0.31573959163567256	0.3816965786370753	-0.17310900073837981	-0.11604124633354328	0.16316725495704895	-0.06885771523540783	0.06623688607374213	-0.06510061112211106	-0.17759233095449517	0.060403684744914886	-0.19952383718650593	0.12055890902156707
DTXSID2045573	30.285592612249445	4.251262592612501	-5.194179089578537	3.66707803792574	4.191557626969151	-0.37549731818667875	4.1468499505076535	3.439146054689393	-1.6008755981815936	1.6343019857884364	0.6598679235953986	-0.024790272738746445	-2.5791525623380687	4.9851704906715275	-1.6416756250306808	4.142210270004706	-4.867130366692546	-6.40908810554382	3.9945809824934386	4.116080248664555	-8.337421401090596	5.949923260231589	6.274312219663957	-0.9106416104532673	-2.249834057423076	6.368533302620244	0.5557163218088862	-2.7628443063326755	0.4941729287622869	-3.5095329874815238	1.474621951737738	-4.099113324276875	-2.131604855714486	-3.109084380833173	-0.43693549614926286	1.617617428652305	0.740292872708605	0.6626180774168247	-0.4910890986153075	-3.6888269996407295	1.2308507273453737	3.8077261675804253	0.5639446944566964	1.8532604281778222	-2.1346538371799078	-0.018809654623650165	-0.8710825234586839	1.4562368369284457	1.6990461876320941	0.14840480214343482	-0.6162292755667935	-0.9222942188591865	-1.166456503646768	-1.3249711686744814	-0.9409636113994362	-2.4035776602038674	-2.0583155283555783	-3.1963019405665474	-0.44592575753319397	-0.692864506087671	-3.3715482747573864	-0.5550676995406881	0.17711184727966847	-1.5431388922168354	2.02195689655842	1.3973095353358025	3.161300832364564	-3.3556075193881183	1.1125453669316843	-4.3974474948678814	1.425616839470681	2.2261135789047852	0.94878846268718	-0.9499732942990955	-3.95474998332836	-3.513753570038604	5.925621054500803	0.2204057548501346	0.5278475452778459	2.939617773691896	-0.6280800093203831	0.19190129419329216	-5.38691802532044	-4.251312396751513	2.657515027701372	-2.239381241659551	0.25131666266587815	1.3450726568367344	0.42785958996362017	-0.5357173158572642	1.6539986142904866	0.6553287851108638	2.181712941680835	0.24484092012614708	1.1746713118927363	3.664152169949133	0.27532813442238685	-3.14243793657598	3.189463120887525	0.19360336986920643
DTXSID4025824	-8.373535127733906	0.369600312952647	-6.058567989304968	3.1415169747876286	6.905323427246712	-0.3663265300730617	-3.8438521543572315	0.9127223274122692	-2.363477035932584	0.7862787318770865	1.293010808692802	0.5105583450688089	3.1719101733243082	-2.5926745838992655	3.006245814831565	3.293396506680942	-0.898035648943398	-1.0591370850621957	0.07437176977425199	3.844484045100238	-2.0977846016865462	2.415560860113557	-2.215103323769876	0.39658701010432595	2.4234178529986257	-2.848438258795839	2.781556743867975	-0.4668674952229102	0.9964168290228109	-0.6023014282072798	4.8972699458974756	-0.7477510202703941	-1.738911997004576	1.548486341490136	-0.06328998798097794	2.1860970927556553	0.3230333605166907	1.467019319131323	-2.218430078426862	-2.028229830160007	2.7272329038679914	1.911432030650575	-1.7106085580277905	2.2018631814426115	1.4582892869321151	-0.24889261687873773	1.2933773519920806	0.8452818371686822	-1.7320077919529837	3.3912573227326317	-1.7597709443257283	-0.673648704656203	1.811901530773092	0.17012703857274752	-1.7492275981065148	-2.2121874352902466	4.005397851198367	-0.35255304399766924	1.1173165548400725	-2.3375365295654045	3.9656185322693123	1.7682890827436917	-2.087172773690601	-1.3700182129436427	2.7237779661568093	-0.31245945147099624	0.8392859354872458	0.42875181658865963	0.8531549104099198	1.555271853867167	0.08508829638729085	1.264284985580341	0.7444529779590802	1.5231711903062333	-1.4797081018629015	-0.2688027431617713	-0.05896027825991962	-0.012147377218913891	1.0324520316229577	0.2567268696219059	-0.9087200591923299	0.5818255580469057	0.8485119637722363	-2.175245415611013	2.086503441682428	0.6344465718953395	-0.49469089745548894	-0.7947220568549878	0.12176181189956956	0.9584018783400914	-1.1617183744031299	-0.28852452208948365	1.116146668680483	0.7030404350755077	1.1146127914056125	-0.49778097283599476	1.9326702846417716	1.642261118627258	2.2138428607380596	-0.9430755444504502
DTXSID8049042	4.057820102795061	-3.529045772145567	1.1614648918487758	2.215106323209738	3.311810438923725	-0.6140537803839703	-0.9819084613927569	0.5424101807305083	-0.12190153561902521	-2.998654936780697	-0.6803394378993005	-2.10884202006923	1.5646299798572134	3.8916195198527292	-0.07784017706898386	-0.427265563849653	0.266574327088517	-0.3509112264514837	1.6548534808476685	-1.164402048621357	-0.01209672735938493	0.60504564115436	0.33256137782172074	0.6703071190096541	-0.5879985043737703	0.7972760778052115	-1.5332711642473151	-0.03655998805362836	-0.05959695881225115	0.752347993319049	1.7638877512502193	-0.8196775864655927	-0.3075890645915469	0.5022554814024471	0.036799982921124505	0.8701981244048719	0.9189522815798821	1.4031214222323756	-0.15354032929384118	-0.5335467245726078	0.7377899146061943	0.4233807810029643	-0.7621492921070215	-0.9230577878429341	0.07038929999968462	0.18313037253689626	0.03216683723008529	-0.8971445899591142	0.10014680205658336	-0.15641810413711946	-1.3902831410277217	-1.1360609606924776	-1.0761634052620006	-1.003436159549297	-1.7108678682294376	0.7825112806982313	-0.885281834527526	0.06204908966584639	-0.15854453473378685	0.1250730008250625	-0.0636893776516709	-0.5839361091695481	0.6719692262226993	0.12789409592072232	0.30490239485630927	0.3408603259692297	0.6181424630574499	-0.8138498286239013	0.9273035242568528	0.15045578409143134	-0.4503318138203138	0.13976722045783802	-0.29442159871808693	0.05691598517512505	-0.2862109782704247	0.8007228342456175	1.3018226961289665	-0.5162476195545026	-1.2256189702034281	-0.4426632201356379	-0.4507082892945517	-1.0563341939907418	0.49999268697141425	-0.7168698217524617	-0.7033857578561522	-1.0844052536446538	0.016020585044610045	0.7129422373452364	-0.06765505465895504	0.29361395864118367	0.9352085050380485	-0.2267181866169148	0.35173017506765797	0.2139034063695098	-0.11519653401907949	-0.7536821440815438	-0.42615313413381073	0.056129989574190714	0.7258690124179623	1.040061269793399
DTXSID5046354	35.92939514071483	2.6325833624377237	-5.483061072913618	5.704183515974597	1.6213544223987542	2.530774799936198	5.505852874802874	0.33189129983173404	0.22284613365673503	4.565016170819847	1.1127921832616303	2.8409967116052974	1.6948965996997025	2.5677242795896187	-2.481671670587949	2.9474449912522473	0.14956272238572188	-0.10940325509468325	-2.3420535093511377	0.029291303211709006	-4.977172684008699	2.6410806921948944	1.8051766498619441	0.9140656893581525	-0.3674198203608109	1.1234701705461032	-2.2176592622981617	0.53747209330647	-0.6278211580381124	-0.6224972267470844	2.4164557734537215	-2.9388401606373327	-1.402120824670788	-2.24655948673118	1.9331096386295874	-1.4956653877442116	0.4954873017538912	-1.9668468518131688	1.0389587259706419	2.5814679610680518	-2.989593610195518	3.5520739392236704	-1.1626281027109864	3.1768762382940405	0.417323483029427	5.3414926118205415	0.3167094261612226	-2.75100803452494	-1.883120271488446	-0.23906142088004395	-2.6869565685206194	-0.7237900051501459	-1.9297552722554354	-3.565951222991294	-1.2165469898146009	-6.5871645843231335	0.49110297645762874	0.43122738424167206	-1.875958723291884	0.758911364418311	0.3794867778317592	-0.7064562108513097	3.005125916233361	2.277458757902953	-0.7382795205567845	-2.983716355922041	-0.5477219057796133	-0.3429640968405743	-2.317444324907674	0.5550039999693865	-2.4351757510463647	0.01232649214846989	0.8235752659005885	0.03991886187374884	-0.35986044068961115	-1.0149552538470341	0.20344840858850674	3.6317192807518737	1.3889537081702386	0.3962974809980009	-1.5064687798248768	0.3933526064486063	-1.278566681235175	-0.07577119413734416	0.33016717975306165	-3.191401636877464	-2.6912515788366775	2.1217869040305857	0.24120439731389992	-0.5143982554115256	-1.261830574459548	2.2846077858694414	0.15156868702824008	2.576304050054511	0.350835394016536	-1.3335972184638603	2.867077894210103	0.3075631354456666	0.22724885941447504	-2.2476282392120552
DTXSID0045179	0.7892551547182791	-3.1153998724371457	-5.791796060669909	1.421746974734563	-3.4752287516009743	1.7472982171959246	1.4190745953186732	4.040928848061526	-0.24030394141670772	-3.8915886294453075	-0.4388219198735002	0.29404228291122714	-0.22987131923676377	0.07944683099505914	-0.36755393411330306	0.38752688802358626	0.8360123050493031	0.16806272333177597	1.2879949040147756	0.2686468993183808	0.5058940617102914	0.5410200531717521	-1.8056687668499867	1.1217147133671854	0.3774236532937626	-1.0287667135321588	-0.2610991344851289	-0.8314293436144935	1.2765817152065204	-0.4572442433061928	0.22694093395108783	0.8131823101870025	1.1725086809419656	0.9905613198722432	-1.1353554420286316	-0.07456537374266935	-1.1908362172884535	-1.1072038054723474	0.027869251231645006	-0.8040337728183683	-0.5204122164195525	-1.6512490561703406	0.6512160134633445	0.17218241139665655	-0.5122368804869102	-0.15988243767046903	0.008131909921929987	0.39883499080035584	-2.1767808529960884	0.5010227751823266	1.8179155170736827	1.1223773068089302	-0.7997967281255164	-0.9139654354688533	-0.9055187774532508	0.7972389480943585	-1.0312496161142213	-2.1399100425308317	1.0485082106116939	0.2690036112659714	-0.49578993739622323	0.05785479272630469	1.0045739265308877	-1.4674747875966985	-1.543186114192681	-1.8752287747402738	-0.2894797518267156	0.8502718919281617	-1.0413601166720052	0.5097118546806589	0.15105547423992827	-0.08708849813593006	-0.8333879308801003	-0.6829829035177466	-0.8851447873748941	0.6300586317503238	-1.1409991527954562	0.18355337977095532	-0.7494683591377033	-0.5315408442671814	-1.844974870498612	-0.19534732929181203	-0.12903664152767974	1.2398063260547945	0.08235449209887853	-0.5314548977304436	0.2992955472914732	-0.287705278951712	0.8208686034678536	0.1811723053606897	1.0584046054963903	0.06676430457768076	0.08585907122639452	0.20082856355580278	0.3510156007535308	-0.08143400903192224	-0.912485272090561	0.020505790367917116	0.795086090685556	-0.07673690118919836
DTXSID6057794	0.049560230886976864	-0.5969448550468398	-6.176945473877336	3.514854361532285	-2.8902035038977374	1.1342118994041404	1.5080642075349673	-0.8877407958120852	1.2035054600616035	-2.3029917299468248	1.3222915513364288	-0.32600888241738635	2.895972393639358	0.9821001726949083	-1.5134787222757935	-0.5422506555816161	0.7358990988135216	1.7961191198582085	-1.4219023834576832	0.4557447723067193	-0.32023153035017043	-0.3548761867923492	-0.991946650730391	-1.3340198868733755	2.4915522676151944	-0.3701504499640553	0.638923802817544	0.22090230245877682	0.05474249462630513	-0.8525597520765134	-0.24408132778057387	0.2959251816383765	0.5948310241898828	0.31028128951694234	-0.8974619940717885	-1.1833717868177855	1.140476697226559	-0.21743099175505148	0.012694319101391275	0.3189009394065981	-0.2291964805476117	-0.18485893119606056	0.3978798528545803	-0.1760375447620835	-0.29189591452422925	-0.6938128122278502	0.665352390521131	-0.6372208926809567	-0.7528396965098619	-0.8097110797053736	-0.28208246936548187	0.7062350560287025	0.009555001416359567	0.19982086117619594	-0.8141780092864759	0.1564956257862954	0.03100374588280127	-0.43100554777810435	0.3161954896495127	1.240691119458309	0.06318085530951222	1.349017720150256	0.7651613560276841	-0.11777819028760664	-0.8382763003430258	-1.7493438790759368	-1.4779547520716858	-0.6423224224201672	1.0657851294840448	0.28682295712802536	0.7690708019914888	0.08176609638341731	0.38367892652533403	-0.3440993723797301	1.3690133376241862	0.6083987979535567	-0.17457189737869966	0.563540040816355	0.7826541993247241	-0.18526522385896374	-0.6325857972156665	0.30240676938794614	-0.273085110151664	0.3136457858929239	-0.03550866104826684	-0.46006584785616306	0.04444609897997086	0.25581400537971205	0.8491059563671971	0.47697395982280855	0.5049190573934871	0.3075277298475525	-0.9693523928742824	-0.34538930652129957	-0.4341738095187406	0.9870283721556655	-0.7053453328835558	0.272610101069686	0.34889230275683375	-0.4800655578827385
DTXSID5024845	7.648915105635908	-3.596521617706676	0.4244664788914857	1.8701469762631346	0.980036531217453	2.3147569317526617	1.19898641873183	2.247923294150598	2.2247582433975603	0.5958286488945534	7.043023669487883	0.12075706685985466	-1.0785580661580858	0.04174031694381906	0.49305093917052545	-0.20835937404184743	4.701263244936505	-3.111023767751882	-0.04316787998589798	-1.9615194683776154	1.7456577172975587	-2.598808360433703	3.9212784903432634	-2.804275428568923	0.820799470386164	1.3931386046848468	2.0649723686866723	0.694265689368749	-2.3124915138315516	-0.49704572203819225	1.6313997411698153	0.25327586578232447	1.1922232038345246	-1.2414414959633258	0.5412922184547322	1.67194088496948	-0.84056545321933	-1.787135077368346	-0.06382719529405895	-0.23599688464038523	0.3205062988248867	0.8146511427590964	0.09908502884907112	2.4491472850969416	-0.5738945795420752	-0.763028260828634	0.16671624644875696	-2.6832904755638873	0.6861364893915495	-1.384949409579675	-0.9170707117096004	0.46048825978553515	-3.3044259140561736	-0.32619518641340184	0.3999248770551961	-2.1024702328226796	1.3583373755444546	1.2407966051990957	2.1384765692433407	-1.9900576932289524	0.44593826050871593	0.5228402317439227	-1.0995950708709452	3.0804888958748275	-1.1108411892578056	0.4761048440039287	0.04921127049669544	1.2184917794448409	0.05603153560170677	-0.155054669149169	-0.8323272113054483	-0.5860321689190157	-1.165976082026914	-0.2988394764160778	-1.0764186015267523	-0.5519090965224464	0.4112062337646619	-1.0538385176247294	-1.3283676422514261	0.2589093611719268	0.6748952569524496	-0.26180197500804425	0.2840671634227439	-0.3210453668462537	0.8055020610574999	0.5934349451141169	0.9314757683758268	0.08371034780895024	0.8703425276073107	-1.2995864990999604	-0.24120578670883977	0.7593319768098434	-0.36219122237665274	1.1661440333165989	0.011996630937575834	-0.08821439250582658	0.9900296330407398	1.042609943650518	0.37194188805990214	0.651790020843573
DTXSID6026167	-7.395370302423068	1.3616187408575153	0.622471622126298	-0.24097177342271975	-2.3213060418486413	-1.020382556699343	0.4401526873293404	-0.9624968181199187	1.0549248745414863	-0.49952906424579685	-0.4624016468616174	1.9290077007441513	0.9472894047014264	1.193481502847021	3.4377340833637673	0.6660887740570173	-2.870689803370556	-0.15130876480390204	-0.5784574300147264	-1.8164862453317767	0.23772139767495384	1.643133189623567	1.440093618447712	-1.6520407316776995	-0.5641103367360715	-0.9214040311838564	0.06565620761908085	0.6165854085849333	0.40565117988696286	-0.5158649584403556	-0.05057487810224764	0.5232719654673795	-0.1612996849729223	0.33882624236963005	-0.07309282313048573	0.8084484709531887	-1.0185042577736967	0.6844495514702749	-1.0163700804183617	-0.5671246253722846	-0.053523844305895116	-0.6390929266741786	-0.09909895326656097	-0.09296078665639543	0.9816216756803963	0.6994899862122917	0.032304962368368245	-0.8982915532124964	-0.16285209154278732	0.15867883232604463	0.8805213872476708	-0.882510428338412	-0.7063439655546165	0.5198051359100508	-1.4762979156937706	-0.2744135250813571	0.05772729933535494	-0.3269773933000097	0.5583546012877654	0.6834368913103454	0.14409864357328694	0.781871646032617	0.14811985045329887	0.3042845858789343	-0.43207568797163215	-0.4634163766080111	-0.0873936794262513	-0.6464340326698423	0.14495297354231285	0.4163494452413075	0.011822697959435777	0.3707369459866464	0.1735739645539224	-0.29901479246232865	0.5224281602789583	-0.15547569985164836	0.4901221921922407	-0.22204592830345635	-0.34123766397940575	0.12840408123329486	-0.036659998104573786	-0.3408510879390884	-0.04548349470272023	0.3010079383252905	0.18954474590943826	-0.23175393136222255	0.6372436615815825	0.044315691345435025	0.41577014888629227	-0.1294971812420941	0.11606480540974186	0.037762772065603245	0.05581937835140061	0.25330024265148415	-0.13903256591223948	0.37961013747364125	0.024842888193660942	-0.034921312112633114	-0.19108455044774084	0.033653008595552016
DTXSID2045787	1.7123305530478024	2.5315192635884234	-2.8188961635911833	3.8655682640711384	1.781430820663059	1.5315225433934059	-0.6995725951823789	1.2294024287025034	-0.9664916733076928	-4.505480534818971	-1.261558726292106	-2.4073617916962737	-0.7035663604472485	4.799840053119812	-0.0902882717827535	-0.5386349546757047	-1.3141736623645677	0.5377839425129816	1.946916871086628	0.32286755640341125	0.4365115386525779	-1.0595580337859054	-0.10023435711139282	-0.6501450898719573	-1.0661547111711924	-0.5386356467922493	0.9466804210724206	0.16635426024595656	-0.4267827258163636	-0.8197574699424452	0.019700790362275934	-0.058872147223437074	-0.44763050338349364	-0.2162463213155205	-0.04497031820027791	0.21535985187984527	0.46132566062590147	0.9624978213211187	-0.01358415784067116	0.3368344124797144	0.05375279849088713	0.14725589126077385	-0.4832571243593051	0.05725536064702656	0.10472838708197438	-1.1694650936847697	-0.09631438346005543	-0.7981975512172148	0.49010545305868586	0.9841606399343633	-1.1950474847197594	-0.6185074870398941	-0.5873386485753364	-0.06636302113682316	-0.4488156546083214	0.5610829667199873	-0.6649564834767612	-1.1318315057882595	-0.817301404513276	-0.8756617719666998	-0.742678495381901	-0.5961503293478317	-0.9699818660753531	0.36407894995776297	-1.1215166409178374	0.05020073320082149	-0.06424687989892688	-0.11121919836710283	0.7113246952579169	0.021779051589612772	-0.3096593948783961	-0.7642096275357273	-0.9566509274409454	-0.020118787938232675	0.31148795565958254	0.3948414388833448	-0.3045873439338355	-0.5800034566886321	-0.3950718926820148	0.0827262992069477	0.5404073352693443	-0.5466111061831488	0.24214252782172643	-0.07254794169841289	0.5799708638342592	-0.6299376429926876	-0.0027928698538930434	0.08626283918973378	0.013900135880919467	-0.21455934128981838	0.10999365371696901	0.6904416798071297	0.5477294313283404	0.6251819394366326	-0.36618349222914254	0.426293084242606	-0.031247384666056813	0.12271419564794864	-0.16550527274536836	0.2000543457589318
DTXSID5021332	-3.718973974141284	-0.2479910174568739	-4.598968896508777	-1.8738397439067669	3.040234353821055	-0.7980525030956768	-0.14701266462109025	2.643907318815543	-2.4051995760300895	2.5406279721751974	-0.10750864954970364	-1.2818129445541626	2.6624913199192535	0.03891509675781674	1.334920656567356	-1.236890843722666	1.707243537975845	-1.459577928653363	-1.5715506473921435	-0.061256723415168496	0.07202125067716761	-0.582435960939275	-0.4629349639998216	0.4059853110217392	-0.5889636104325976	-0.28263416731687785	-1.4974453496031201	-0.30440305715609195	-0.8636234421693059	-1.5413141005603619	-1.241773754928456	0.9658031767946988	-1.2982428546745797	0.9642796219445305	0.5055070242250063	0.14873182969729593	-1.134030223394054	-0.12916993716140934	-1.0778765826423595	1.3931100009806798	0.19044183315593727	1.164386651399697	-0.2572210637410036	-0.8248214504123456	0.28882179859082313	1.2447907759181263	-1.5346596343272405	-0.008919039334723199	-1.6646207456473465	-0.2838828215692935	2.4673154149558103	-0.03860154807063396	0.6600954672612038	0.9401734438112748	2.158977082464089	-0.9622613321139051	-0.7418131442146337	0.9046386903275044	-0.21122299898076474	0.9227706067057488	-0.9345585590045455	-1.636276017339386	-0.20236118318073862	0.3037202144067481	0.2635238421092599	1.3517832396360545	-0.38656027651630215	0.33376519403283755	-0.2042180061594564	-1.3261375503059452	-0.34579411612051897	-0.5865975474925723	0.5545094743229393	-1.6036773644273592	0.9437300711787803	-1.3887380004333314	0.2234065683861589	0.616926497654122	-0.7575704741649084	-0.2740940297534435	0.14733930127476627	-0.019266496309523082	1.6373372741270917	0.012918745446168394	-1.1579177905098097	-1.3538450106064963	1.4706333282042192	-0.01484862771219662	-0.6268289263895408	-0.3759546763251383	0.1707113548057916	0.22910525713051766	-0.011381026619843585	-0.7544314402644108	0.0007410493780879763	-1.183809510331994	0.5662666597811924	-0.06518806076582195	-0.0630066840114424	-0.6695404515888079
DTXSID6025648	-3.936829529801338	0.18502227850896386	5.516977772703393	-2.2410235396935607	0.18895694360905124	1.121967829670917	0.031015122881915654	-1.3344565417588743	-0.5626139381646784	0.7904197933196777	-2.467477324353696	-0.179810351339747	3.3519332341369843	-1.5412002587762472	0.3172336736702773	-1.869438452528755	-0.5963026676234842	-0.22342891530740283	-0.4977215183773285	1.258658447825623	0.29806042709541	-0.13877147230635628	1.1507171256920783	-1.1432530812799289	0.22968216320363338	0.060869217147527556	0.31616977124592194	-0.06950696473022264	-0.000626293083364572	-0.4016650384189463	0.5981022878992787	-1.100109553059724	0.5113152087744948	-0.3883545280991566	-0.8114780553506182	0.6055716372146943	0.20088455490008855	-0.41777496557494365	0.3361730981001207	-0.20205794581038816	-0.08641027637206009	-0.9105312441277608	-0.34382923884588773	0.258242286126125	0.2674079216024243	-0.1640545624994329	-0.1871514766849115	-0.4646153124365674	0.8983663694621614	0.15417281716813375	-0.1328352195451099	0.7963470144584908	0.09982060342223958	-0.12046982803448893	-0.08355684582661067	0.10420697276822992	-0.012603408145177564	-0.42931018696435697	0.8122716426301979	-0.01585746367281878	0.054913783038042646	0.337924566191616	0.3709453450201127	0.2950943443183614	-0.19638682271450073	-0.5574293592328866	0.19702260499789467	-0.08831506755775283	0.002058342117034931	-0.021303332923599542	0.19839903834403333	-0.19257925359487457	0.03495828378303815	0.27239678588809607	-0.020774360612415547	-0.016029691852858415	0.05254394182248799	-0.1524493876119569	0.023923496061733978	-0.32836495730426374	-0.07274146564689749	-0.2372466351654945	-0.16790841757090125	0.3031319184526587	-0.0255025305462174	0.21004160713391784	-0.13353872823402124	0.16000635965971907	-0.33764476759500966	-0.5631161318944388	0.037630246853895516	-0.1839747217800989	0.15855923930570362	-0.057543437780520935	-0.05867882432037521	-0.18214138328526042	-0.4575258006482418	-0.11879479175173153	0.17050517199461518	-0.1737563827675101
DTXSID4045428	12.388188924560572	1.6282486197105233	-6.135566708756793	2.7071770332140876	0.39972742642654346	-1.3259104954520569	3.078409774144988	3.4543123386369343	-3.783874343233749	0.6944635526740917	-2.6821973034984397	0.1582150224882552	0.7184428987422952	0.921081438339481	-1.1873526117514475	2.075176209767979	-0.6286471788127825	-4.6821587109312555	-1.5626732694476633	-4.610237693247351	-3.628729341421743	1.3783485398479436	-0.3383527838418738	3.5181751380044735	-0.29862425434226997	2.4906780652163816	-5.529080891718038	-4.662611636143213	-1.4013949169592541	-0.7752848137989268	2.9450174407530465	-0.32376835321040687	-0.21311760875761435	-1.2914170338016455	-0.9874797453133398	-1.5377277283602404	3.307007570574193	-1.361388220372407	1.7732492920328007	-2.149401970981529	0.01559330974381821	-0.24871422550010455	0.05033094565970544	-0.28743640628280864	1.3518958770495808	0.4710459414146371	0.16796167100132386	-0.05485421158159866	0.7809691254990001	-0.2919158387213169	-1.152967367879304	-0.48417500759659826	-1.3762321874733665	1.678783411900252	-3.260158863374439	-0.9905224582603874	-0.8466257274793513	0.8536587545076623	0.8064092492298525	1.723490344413061	-2.3657784832531346	0.43703818076855616	-1.55523320003205	-4.628846641547275	0.00922126335720974	2.7702672207594388	-1.2650946307371036	-0.9946351865806603	2.084679051977375	-0.07171237687032474	1.0753125620836024	1.344533732433743	0.08955948392048789	0.35183832980213126	-3.6163896316692115	0.38633246113210595	0.8691407222499354	-0.48820369281819564	-0.4988501165215223	0.2589643739542581	0.046934525266452656	-0.05863006308647788	-2.148079238655887	-0.5661685598603525	-0.9555102907793454	0.13836732530633267	-1.0942623003000325	0.9722747199821437	-0.02943400358588854	-0.8299689219775191	1.732626606551418	0.2037227071995209	0.774327292425412	-0.7995002876851794	-0.006535414974660673	0.9592980010950175	1.1129002020722298	1.0416604649345027	0.29907879021028594	-0.32326797355912834
DTXSID8020961	-6.501702162780118	-0.6758509574478256	-1.1304683380289575	4.1768891767507	-1.9426848785888495	2.0596834243724866	-0.3497879731514099	1.8546576683497824	6.432067180903767	2.4754467282171335	-4.824491299440056	-2.391122632298457	-0.986535511272781	0.05713026147448204	1.1548262786446244	0.8840080251255105	0.6285357504768571	0.7112706051617317	-0.6861991084427171	1.8531263415331338	-0.5020516884724644	0.576490392908152	0.09491995523147537	0.17103829078067126	-0.40565340555097334	0.6088282444020184	-0.2446812767945568	0.397578449008681	-0.2865650482274695	0.31107156191055696	-0.3274948037822982	-0.14479856643059355	-0.5959207501355043	0.5209281027996319	-0.1497330254083245	0.14241346894912277	0.11483513433825332	-0.2538046723638109	0.44094618043164446	-0.4971322860702166	-0.07317681699273526	0.11742424144311636	0.1173658988173746	-0.39249942691328277	0.03308474687497389	0.07848327220739885	0.17197725184374246	0.6944055043462142	-0.1339251077198243	0.06550420962345052	0.1255540690402037	0.45081480108401434	-0.13850462086148624	0.07749831492179556	-0.1674680696379256	0.3722695329716048	0.10479327289622895	0.07150522918331753	-0.0021970453942466365	0.15337196304112666	0.19665962327506678	-0.10597190367333466	-0.09572541047653985	-0.1157192147993133	-0.1231939987510678	-0.10665570742646775	-0.5869928943850018	-0.04758002701535254	-0.09181821194473436	0.18271069528477235	-0.024219898166044803	0.08386771511490439	-0.015383809020990907	0.10411804334586887	-0.2469484751276284	-0.024419277468872853	-0.21981307935692443	0.08686633775411387	0.21110416918858155	-0.27768750580913565	-0.1762606034815785	0.04891214206641743	-0.11625874281299843	-0.34348766087378646	-0.0503932171060349	-0.16750877681061913	0.04990597781250661	-0.08807762663141223	0.12075973600570747	-0.20323734118363615	0.07241025187899437	0.14105018861701546	-0.24741557469948672	0.14823668707433	-0.1965566081655333	-0.07115533008490263	0.19535702126282598	-0.038050550538163634	0.1319895209199261	0.13377932635966086
DTXSID4046868	-2.8044434466151733	-2.183576365718619	-1.8312150729569783	3.5059925378422223	-0.6610697174035784	2.727651448973293	-2.9600648242067136	4.840229433759689	-0.31766245014338895	-1.5532765900546224	-1.3973888148240552	-0.5952888592382038	-2.5739739455000663	-2.992682210809983	-1.5556452607057663	-3.6265712486813055	-2.9252704669635694	4.190169816968992	0.5785855090534201	0.06271246869086261	1.065522682871502	6.599346282600317	3.1024649500374095	-1.5590650692914578	3.034688842969838	-1.5578567604011284	0.3170866513474862	-2.9186645707693457	-2.1252989903207875	0.07643188162639426	1.2392906539239055	3.3027638354908273	-1.577062462894753	-0.49454336448454383	0.12777405090053948	0.7110292974317436	1.2236919290496064	-0.5578749611667704	1.8443347786533457	1.5459893991820035	-0.8349081073160964	0.5938853081868638	0.4791497584888349	-0.6013226708376027	-0.7100238725884157	-1.7951863888925554	-0.6494320513311507	0.6811093298150894	-1.3412699213578563	-1.11305856282992	1.479148378137681	-1.0838877308464492	0.7244029489066942	1.6090292852476094	1.63918369148297	-0.2726799105077712	0.6598374714745819	1.2003323764056573	-3.2920607834470186	0.08511082503011087	1.1326480363897897	3.537968841947168	0.5032351775710562	1.5809063702451072	1.0985189609359813	-0.03272740366099679	0.1662693279109325	-1.7748600770389	1.6647567644246473	0.6360176836982367	-2.2213344379038014	-2.8269030576346803	-5.02100705162917	4.232961371469751	-3.1462105426558202	-2.135813454747803	2.259301805454081	2.923578932491719	1.408518113522875	-0.4321508850599661	0.35158841320108714	-0.3253579700551068	-0.3053953357163035	4.202415151891198	-4.937095558513834	-4.087952434211883	0.15942536496253704	-1.8437153988216748	0.23181023770278963	-1.2657322749276783	1.4384566133894443	-1.1991382067311356	-0.5935952369079934	-0.654742325157227	0.26667080163640544	-0.14248470888796222	-0.4882686183142022	-1.7865650707827363	-0.7483208858081724	-0.10482092951479119
DTXSID5041275	2.2014989170528834	3.4092930467765528	-3.5837608566795955	0.9951692834436938	6.510214180532085	-0.6159428529637745	0.4820176505506157	-1.5059928667336686	0.7766005372109155	-1.482790892160749	-1.4354766666405017	2.416460119092259	-0.3498853186866236	0.07966816796651754	-0.8080758424801477	2.6147213387693933	2.695787383522586	1.8980477604222976	-0.7604256221148763	-1.043627937787255	-0.5132118290689635	2.229348867371733	-0.3528884247896025	0.4400287260134211	1.1745278824990355	-0.48892763918578963	-2.8123265873584535	-0.14442318657733128	-1.1419170052807042	-0.15195379746269638	0.360033309065768	-1.7252658828449634	1.0013961343888107	-0.8099810107531155	0.526163418968577	0.34552127255017084	-0.11412043164358938	0.12229523612129137	0.050528790221589126	-0.5434008370519099	0.6491050345562583	-1.33615012490873	-0.9994430916747195	0.21912134140174602	-0.28237291702155654	-0.4017937316050109	-0.7772116064945401	0.4204006696872478	1.1114080085606999	-0.1438094619307462	-0.7351305118662602	-0.07916252331717193	-0.341753438357973	0.10944396661422505	-0.9362893266652924	-0.3788070895736406	-1.6825721496415682	0.36364749712736905	0.4240971728860348	0.9077308212316544	-0.241701569259593	-0.3312877477499796	0.8121178441002358	-1.2477320241449015	1.2568122582472856	0.16883550158268712	0.22429890626043342	-0.285914339676889	0.9612275519138536	0.1114586108036	0.0371711202153984	-1.3550397151960663	0.6591653493703521	-0.10534423724862886	-1.551947658727835	0.7569211617146884	0.18258898972051454	-0.5748638960809442	-0.6418671599824534	-0.2764175780086251	-0.11494628498398875	-0.7248579339395476	-0.30083333153219044	0.05240630214220242	-0.3505782272467728	0.17320401950625258	-0.7916803674416383	0.026056648201217388	-0.15044584671593053	0.3921462472136584	0.8298797349911962	0.7232769237108081	0.6575339485365177	0.3953432243805734	0.14118527304819073	0.15987303235760794	-0.11886290961962799	0.30908674003957104	0.1789495889283819	-0.02018529629014294
DTXSID4020589	-0.4223811101774788	-0.43863968309529766	2.9804499390018693	-4.883731355746245	2.0951147531418015	0.6835014926342392	-2.105742274441841	-1.172081230296414	-1.4907306648652607	1.2485983487374253	-2.3812347601851034	0.6159758274169049	-0.0580459940422494	0.004899404353349405	-0.04022633657401177	-1.7540280617939101	-0.6387571044297813	0.5199703610224906	-1.1582140227801094	0.15342381603306748	-0.28547941997702025	-0.9578976968072234	-0.9684983907827815	0.7802221230086901	-0.2899610177240702	1.029780709491462	-0.6583754690318685	-1.8798672408650376	0.3438863514111888	-1.0490370716219017	1.8885144548591903	-0.27676002620028534	-0.3392948275339221	0.3597000925841678	-0.292547823323033	-0.056029109882371135	-0.09365420920831653	-0.450837890016135	-0.3398516513229829	0.3811613588105894	-0.8303060794618538	0.3172022004692163	-0.14788087516318943	1.06800391820244	0.24674393557646412	0.6567785011923077	1.0114927488491268	-0.8757412303585863	-0.5911559221162251	-0.35659463036986394	0.4160694736363492	0.8422963339127247	-1.1692827218531232	0.15159281540427222	-0.08438807173707373	1.3206376744880413	-1.2268655923996812	-0.02508671724230211	0.41756311864348483	-0.45772877354935393	0.35188440590554276	1.2886276151497686	-0.06975016501273955	0.1013766682188552	-0.5890964287958287	-0.6794769146754293	0.34567522545792245	-0.25477068835890326	0.16618630105741508	-0.4487403792278457	1.321520505949743	-0.5486773678226159	0.9112493404214941	1.2855004403086334	-0.5364420288997921	0.6478561708885463	-0.4551045974226233	-0.22717944323725311	-0.20204464352137305	-0.19071198761347696	0.01104717415845528	-0.9330848739681142	0.021009988294888222	0.027667606970504827	-0.039259323090157956	0.09705267184299034	-0.18241576783723926	0.3356020190185912	0.46574711262083024	0.08633743481905384	0.06327659325634125	0.09359348361094104	-0.25576528996295317	0.4742910716585576	-0.2956296143238011	0.23821332545768936	-0.11294707011720731	0.6594240983834456	0.7009200405803225	0.02348201941120437
DTXSID8047476	-3.7335756822646617	-0.35398527434089944	-0.057524543873688994	-3.622325856972699	-0.757471089978402	-2.123673556583611	0.14189481085773542	1.2097094521409908	-1.4198344950464854	1.1802250049746044	-0.9874266146220397	-0.38598890644708017	0.909082138538855	-0.08376097930884045	-1.5418310064545142	-1.9405961929128377	0.5358276734424301	-0.45031165471183626	-0.46500167123982916	-0.19675584192259588	0.08781583009430077	-0.9925323714812344	-0.28923727767144086	-0.14210772489984788	0.9323422032027235	-0.21470911823272945	-1.0294140862314392	-0.27056696079118336	0.4515956004382271	-0.8765374737710527	0.5749764230242361	0.2369158893863179	-1.3230184690383335	-0.8692089597920848	0.2883411104829639	-0.3222023445826183	1.1308839454988195	-0.49488821884542267	-0.6821531661460296	-0.6633275757659784	-0.2654727466955787	1.53101953765714	0.2980428370334986	0.7936441320086677	-0.3812970329115205	0.08694824742978698	0.8606711835754751	0.1311610212228213	-1.2676383971219158	0.6815074434924023	0.9423246490734934	-0.0031753111664465754	0.3123361821867678	-1.382795966904754	-0.708920399107261	0.28903739990557537	-0.6555587798462216	0.09465292547468232	0.7339015322426699	1.1012135127695406	-0.08219754211229963	-0.22445285494247622	-0.12731541226176898	0.857759373176833	0.1706269847593526	-0.17797742711894624	-1.176803064234947	-1.8217065643858534	1.0089208626783681	-0.6721858699674236	0.988252921628905	1.8089682545297199	0.5140257720166261	-0.15400579867363848	-1.1113502098186068	1.5995459786584751	0.499564378788163	-0.18136436763621314	1.1601342765213294	-0.13377053664219074	-0.7982768604074438	0.833964294184756	1.6063485267885504	0.1560064366598787	0.5527804475219094	-0.3289664592014529	1.4695495339405047	0.08202252993750582	0.9168595182728949	-0.41846085679228023	-0.5631932041142554	-1.52130537980042	-1.5476423078904766	-0.2946457530854951	-1.8986009020951626	1.3181211626601002	-0.6502188429861421	-0.45338463438213783	0.5073545874975243	-0.9736509911529104
DTXSID7048796	4.493532455603666	-0.37163630424842714	-3.053266795531081	0.17123840587387126	-1.1448732788726508	4.11640543031966	2.9803553585431573	-1.1665899547800818	-0.6192242537833955	-1.1010978004278074	2.5191134541337563	-1.9235287118503899	-1.8746600342413156	-0.19779648464078686	-0.0590583553942419	1.2526739127905626	-0.8215028977904032	-0.5469812223638135	-0.6316675467012016	-1.5617761935289032	-1.0179989216860845	-1.7661384633667878	-0.7977410831382697	-1.7817018091481465	0.8833716408994652	0.01889819247170835	-0.4956345852280538	-0.6994569897882632	0.5308195975858477	1.2482923319899777	0.6964483993472835	-2.3804703662807194	-0.28293938725857776	-1.1741908280487734	0.4190561717388937	0.509692538284103	0.9160611920952766	-0.06459802901928914	0.9879630189248848	-0.7569064802297845	-0.013355061583262226	0.5147843977959993	1.2162079670018684	-0.7847566628798908	-0.4134563743696545	-1.6879429548421752	-0.4404827270167045	0.11810346218567358	1.7853659682187633	-1.643836384213463	-0.11579731864432768	-0.8114815320776209	-0.31528548157890024	0.2603443547930645	-1.1873925965410506	0.537590135939823	2.2418621729889696	0.8157981570000963	0.560327157717015	1.4595484222948694	0.4821784890895465	0.5575356747964161	-1.2082803095599424	0.16417014939779884	0.45300494862857726	0.9498122057747312	0.648111386814319	-0.7799260487876857	-0.28413252989984705	-2.3913227592720694	0.039189253627969704	-0.01355896786955132	-0.6266674047736092	-0.1552100928223926	-0.26423019916184126	0.3580371623432396	-0.6250571777679326	-1.0797174463630237	0.09802066608765266	0.46898117283929114	1.722237549704957	-1.571720614846897	-0.6061835013128938	0.10678446540937327	0.13544379954544497	0.33992757519343964	0.721234474887151	-0.20746265724118657	-0.29789456509080015	-0.8141890560663306	0.3883087615458874	-0.16064245571262437	-0.06848348197705055	0.004113319984761615	-0.31622293107893257	0.30056410610419354	0.7524634077631063	-0.22113329277086374	0.6397927062141454	0.05019808315564567
DTXSID4020743	-7.268597497924688	0.8704152696099303	-3.811788125052164	-2.697353357261026	1.731136390303223	-1.4392662947157526	-3.008501869989666	-1.1574822709198354	-3.947002911610467	2.773121016529384	-2.4989169668197553	0.4519418798763902	0.8118285552696629	0.16348048478587843	0.5243011118878377	-1.2301694482288197	-0.7109950963793515	-0.27546401300637413	-1.152604583388759	0.8303126338116349	-0.41616797938967426	-1.3984387157597118	-0.7874577587349912	0.3287772561002149	-1.01498141404224	0.41657561786998537	0.2971697594451443	-1.1399211884738953	-0.27187427974934286	-0.5542343952146729	1.0767420486098642	0.119163893236444	-0.7798173235921227	-0.22298449434769993	0.8251128221729528	0.04621685413860082	0.5437720696296067	-0.287125290352789	0.07946368054093389	0.03772615293179231	-0.08550136289285798	0.7504307282541282	0.7803351840875935	-0.10521539421788906	0.14405647946919137	-0.60999264910187	0.21057823710761317	-0.24937791218554362	0.18258394173341075	-0.37639436521857533	0.28565749922506045	-0.5978244999889336	0.5066722241323599	-0.1750530830678857	1.3494788736729577	-0.17699606557861564	0.5106270741543263	-0.589500229636433	-0.48447909466889333	-0.11261122553290409	-0.7042493082416075	-0.7192203459000666	-0.35253128848604526	0.9022119173417174	1.9150378848662963	-1.3158278754069557	-2.359513145203947	-0.08894433583860933	2.469447818040554	-1.0036820244568976	-0.4323305603859911	-0.5244089909462498	0.18230460979902705	-0.9511143096165642	-2.0447429501983474	-0.26033329512247083	-2.416675185307272	-0.0430945060504669	0.1851953182901186	-0.5744936309921528	-0.8547128523198745	-1.1062649869204393	0.3566188350402738	-0.1809466610742957	0.13405434634109545	-0.8792649925207726	-1.0134734532863985	0.9378873420994598	-0.038409242451287566	-0.05580200016703372	-0.04008438122343858	-0.30475065898487336	-2.114757035719181	-0.9189078013810283	0.6777067749755845	0.12282200223069993	-0.6680817331070039	0.0620114308904537	0.4163147174359585	-0.4121024078297662
DTXSID5044940	6.999429784367814	7.024641485069343	-0.7198292375004526	-0.7487941261954163	-1.4769054532634425	0.5364413137346556	-0.12003549833720852	-0.9023459792859417	1.783185488194197	1.3028039916877356	4.074381351335489	1.3307030635310806	0.0029998401533420423	1.9652182479418423	1.081508675942809	-0.039138374118565376	-0.208861321881284	0.9405340464608578	-0.23935713836190756	4.530400733429324	0.6925962203499393	-0.20927439878914067	0.4371952882814638	-0.3713382631833363	-1.105064896977808	-3.900988805557955	-1.1284089415619203	-0.7513917716044531	-1.0762180166639224	-0.8068947984860464	0.4014331315982538	0.31028106887606866	-1.4684752584599192	0.6421115476925209	-1.1770111786311181	0.7924274346954162	1.190906561171723	0.143703054886999	2.844392780408419	0.4151348418738249	-1.467350321861335	-1.851934703694043	-0.6329455049342942	-0.7204009119146026	-0.3814641814172203	-2.76003224280629	-2.9433688957930486	1.5408964644478855	0.11875611852477135	0.2129523932402459	1.0041102804175088	2.1405909280107767	-0.4520568221348754	0.01733194994157766	-1.5131548912287873	3.4036982323473524	1.8061806803663103	2.641774065331477	1.3379576697165878	-2.436347756176546	-0.9107345439350756	-2.267094624594258	0.6557551269867272	1.0039368355445673	1.8756050084717968	0.7080677877238988	0.8739256348401909	-1.3468435306453221	-1.9725975704938037	2.4362298654972085	-1.8497825441891238	-0.1718257218002177	1.6663148584357605	-0.6596894438475651	-0.34360774277181705	0.322129493911611	-0.37437281302973185	0.24761936959770192	1.7799312116162878	0.8918239045756509	-1.9210823489134197	1.2904927725641304	0.9666373026313009	0.7601350203323758	-0.3001381937226348	-0.9448222803273468	0.6976047219018257	-0.574244176531919	-0.8991646125870811	1.2023128990680743	0.5893223894108995	0.08243838620891954	-0.6512025534137893	0.7193989354925517	-0.4302371922411958	-0.9410066181139831	0.3966782017892036	0.35449028469257554	-0.5277310855351018	0.49308467473746187
DTXSID0046220	-1.237178077948451	-1.633206767135438	1.8327325591472547	-0.2318366209917622	-0.8765550574592579	3.4499912069271716	0.5729181458843602	0.233036469575945	-0.14223339928796983	-1.923793852826012	0.057151483956025276	-1.3245553048721115	2.127111671318031	-1.1080082462389607	0.5802107714347401	0.7329504736558767	-0.5326962717201863	2.980216535429712	-0.49307202672136685	0.011700578540596232	-0.609220447678674	-1.1460981729330202	-1.0740716742098118	-0.6517092872456728	-0.8468698900986916	-0.36415937295241196	-1.5461685719573512	-2.2085821982763347	1.5291056016125433	0.3959031638736537	-1.5844053727277105	2.0141996981745947	3.516385071033968	0.09052403116358379	3.4450486028680767	3.609726493879285	2.2710692319680894	0.5857472563475119	1.0410975754351002	1.2591632735964846	0.06800271389092452	1.044514473149141	-1.7685708213827809	-0.22954469395314972	0.036627514270520065	-0.09454113280589262	0.2514758858740556	-0.7352145737093557	0.08673144608767336	1.0179040418274394	-0.301969146508812	-1.1454800577393687	-0.11108696720064543	1.0295786503907538	-0.2706698451341819	0.4277356387069779	-0.5631383266077569	0.9586027886325564	0.07504056483336748	-1.1478261081770447	0.0018797992850567743	0.030266921215074124	0.2592335353962891	0.8860532584524496	-0.06704075365313647	0.5130509615558054	1.0967258131548945	-0.991901780435734	-0.15821827154108964	0.1867991617124798	0.37398078446298966	0.3374094851812615	-0.7375747402599465	-0.0874833064159168	0.017080653000705583	-0.19371520540915826	0.6617651077700359	0.10623738096139022	0.28958923882273374	0.5343120695484214	0.09911587342891326	0.08785284869677554	0.4904241292096366	-0.4620318616610238	0.4912019133181808	-0.031368811181187305	-0.058623396381680806	1.5653975440540417	0.39869698860058256	0.2740175355515828	-0.1493882987031396	0.25328047442647134	0.34246568358774243	1.1737820886231398	-0.7936765218021388	-0.0005028811759704799	-0.9124892607817408	-0.5224049981790471	1.3640853922206917	0.2015222774782429
DTXSID2049347	-4.559423337197096	3.492267314278817	-3.8607576143311135	-0.02736172504488382	2.522570009806998	1.4692001073210863	3.250146858771001	0.6429452911927386	-1.0022669223290546	1.4169355675384274	-1.1816841671500247	0.8736986066201646	0.6972030125823175	-0.7098237179902243	0.6657362532074792	2.4137726326678925	0.8757155602227464	-5.016413750020842	0.7473786571801736	-0.4670418407878114	-2.1083537781961996	1.2512740692078028	2.8025650570004825	1.4573321960096481	0.5417909371968596	0.12264093590511253	3.286525990460654	-1.8899858561322247	2.2943509700584555	-0.5527456110088005	-0.6086717321290691	3.0654994199675554	-2.444853121341084	-0.8314591464742898	-2.8423706582989285	1.0865818345286737	1.814345329133951	-0.15137777186470977	0.8561574694072056	0.19819302642029493	-1.1880465916138419	0.7277339785049671	0.7177687238585497	1.3159078472649386	2.186139881736153	0.4459042088062527	0.879787084559079	-0.4542573563875593	0.5578835945378403	-1.4252431335727667	-0.5830652870736235	0.8322054456933698	0.886207205246155	1.8655348968879581	1.0428020608501078	2.3115787592055748	1.3112752547237543	-1.666152293193329	-1.4436543294734265	1.9628669590288617	-0.6673683665977331	-2.0757475803536365	1.3829940528543125	-0.151943841230799	-2.494453203986125	2.054467011447247	2.268470206320718	-0.3928893037731636	3.4722325404425085	2.9152608944849336	-1.7903155992554043	2.6727097819638193	0.39473374676558576	-0.5644758332087338	-0.45061745138326526	-1.2225144835033221	0.2870621645134554	-0.6778639255285602	0.38095970290090614	-0.19147269653670784	-0.015971243326592013	0.24970927916771843	0.06775557205701253	-0.7921256361383806	-0.38737312358592463	0.5973969131576317	-0.18522767147887195	0.27731491317567797	0.34934429502436326	0.07189191446883156	0.9334169918592179	0.048578888281119906	0.06713978561357611	-0.3467276023308852	-0.25974569948356957	1.0540667769136556	-0.982886315292477	-0.7202679498048581	-0.4592906445187596	0.7578827028889409
DTXSID7048665	23.984372295513467	-9.169574957966349	-7.132353199949481	1.7875622446191617	10.762860026226264	2.3707468363196327	0.5795232456788514	-5.095694387016036	6.754983253296986	-1.6195361996032163	2.750954379268949	4.651096889144383	3.106727961957522	1.014768883391912	-0.4939037535657685	-2.2892161338317454	4.149000022484097	-5.3353136396752845	-4.830881994242851	-0.6013304497798766	-0.5880750609414478	1.8202844324135925	4.060053234612944	2.3159882904731393	3.3200711356228783	-3.0899586233357756	4.338761555033201	-8.046822000832762	5.539665864962492	0.04318500612726432	-6.769954523065177	3.5123141389535157	-0.5736141122363407	2.0639693981141276	-4.772604136925941	-4.5224509629318	3.4850888561189217	-0.866511754475132	3.7544404905648268	-0.21998725778078865	0.6467392100840664	-0.3708862003058018	0.7313750632248953	-1.939832925262477	2.983251618188377	2.079099531476479	-2.914326502583277	1.677533913214992	-0.7808445621284688	-0.2549651571420211	1.588682353887936	1.4087602155904426	1.1472559970826202	7.766596242129453	-2.9098287066036574	2.048381404399084	0.3416837780148377	-1.741949779602304	-2.568970377450076	2.6301666578779668	2.4795672054056315	-5.51972002870848	2.0547076614635804	0.8027114758787369	-2.6733181713565317	1.7765536213324145	2.746192887393654	0.28490921458734647	2.793146385562876	5.074715790104854	-3.4389422282750544	3.5309722295034827	-0.12103719659282101	0.04972882305894631	-3.1075108944069303	-1.2225547493113098	-4.801175407947564	-0.37832806547557024	4.182779329059677	1.7637902882153274	1.972666723374352	3.6080902853439585	-2.046765790803228	-1.645495546560836	-1.765168491746052	2.222333513536321	0.0174174849755987	-0.5364894918989187	-0.22235713488220996	-0.3141979872838249	0.9112572559971517	-0.059138560897002014	-1.8241169017653	-0.7750244495796884	2.7267396462332214	-1.72510752800731	-0.4200169645289194	2.714011411507235	-1.7990894772205497	-1.7435252823627685
DTXSID3047059	-5.126557605568977	2.4562782121099676	0.19642366761430094	0.45370688058991615	-0.9383207210048999	0.856088476361217	0.42720035112529703	-1.8987472585455152	0.7191244976351696	-0.2148160618853769	-0.004112314778080358	0.31111911047365076	2.9062548174999443	0.5484768253211949	-0.779330287654748	0.06075230175549571	-0.02926410752370057	1.3105309631825133	-0.6413134548159974	-0.7268221432262422	-0.9282689521702195	-0.04351982394272966	-1.0753552850662143	-0.23822151408590156	0.8186807649121243	0.5764279596167512	0.7100170183287041	0.8294234722482942	-0.23670829541680374	0.42802721253715814	-0.05862345265583068	0.3438739325494033	0.00019141573000528139	0.6583655904720402	0.14577597053598418	0.46081816593526526	0.2521501709739674	1.2067158632524482	-0.6661239384754373	1.3778678638281174	0.34132955766188017	0.43094710227665706	-0.49206654627796376	-0.5280452558767488	-0.0819602195050536	-0.21750345785476297	0.40330749310256053	-0.23730405970418084	-1.1391313837709018	-1.5954996277931075	-0.33807454355238264	-0.16367544266516743	0.18695602082888163	0.3119820942402665	-0.4725098095803709	-0.36678617462450563	1.0060763328410136	-0.7752569241983567	-0.9342929602969379	-0.23234446524067978	0.12424142447210776	0.9050410033981903	1.1372375757827011	0.38565630739603307	-0.052292617028951355	0.00850158078904673	-0.3265535721936055	-0.1498465746661686	0.06367099771047455	-0.5505462300159508	-0.07093666878295488	0.06607882021535547	0.3444145147249032	0.013500477600682756	0.4808657508100031	0.2510805435328278	0.2531552957854205	-0.2720168547573062	0.13237784441439238	-0.13895771903457796	0.26205260722755835	-0.5278726057448464	0.1960909925330831	-0.3631115064167801	0.4103265748345989	-0.6142257368124882	0.25715715081590307	0.2438712587483112	0.8800050355314389	-0.3154281130170691	0.3834066601543752	0.04874962509312471	-0.19876600423411706	0.12273894557287124	-0.06410610459145119	0.12855770937938363	-0.1721246730451527	0.21123163529960767	0.3922317414518617	-0.13498959071354819
DTXSID5041306	-0.45238554189767693	-3.025557567179029	4.655048603504955	8.756445322762211	1.3103090095030059	-3.7853040789999133	1.27861248119128	-2.053206840420544	-2.4508016744774936	-0.1625855439729704	1.3405073265751946	-1.1579491165132751	-2.9271420194290143	-1.3608625959104734	-0.4543729078457675	1.6066752680384409	1.317170467775516	-0.3654269381858676	-2.4066345014658643	-0.20666665929609015	-0.8509288635679013	-0.8552151441408864	-1.254449948102304	0.15467558173829282	1.1182865666824813	-0.09077986797608312	1.1621241457091451	0.0025126378076834378	-0.09556865619897609	-1.2303278931603834	-0.643425694450334	1.3927080862497825	0.2231928858987734	-0.02467178890572098	-0.17716911060153206	-1.0711384563147535	-1.1917874703152544	-0.5367820864782004	-0.02793658631262816	1.2045355876413544	-0.4568454859313274	0.2832248425293659	0.9628490083468021	-0.5392148785504097	0.11012111028265914	-0.5984207330665094	-0.09706040655025303	0.04955361514330106	-0.9023165231197398	0.15615571625088293	0.3045380414771677	0.05989080147450903	0.36732346919720515	0.2724327493417948	0.053028195969720276	0.3030050853870123	0.15640510597537535	0.4530465615856103	-0.2009843148251439	0.35907234086816314	0.05425340575670737	0.4114034548758707	0.47471445619888913	-0.6782553969653217	0.6879565801236056	-0.3153726655648607	0.5925787009074429	-0.5003049919010388	-0.09042220100930037	0.002920831489014914	1.0504758247179655	0.3373210832293496	0.11704606416592042	-0.039592435289181965	0.5034547185160613	-0.44462658492048757	-0.7846733814187964	-0.2975716932997037	-0.6147106983763941	0.12991315560708705	-0.1315113416223238	0.18406758821549593	-0.7044240076984166	0.07907471300827927	-0.1447159616628635	-0.018019599541477655	0.7347141502363785	-0.5574405480660156	-0.21604853101992885	0.5080272067570725	-0.1363446825020763	0.48284968671447165	1.2245101605384943	-0.0641317110118659	0.1204260026559588	0.5583101624795632	-0.5626114717708051	-0.7422602136722302	0.2072502202976472	-0.3736413942966055
DTXSID2023353	11.150304019541917	8.228163014092145	3.5030418071573424	-2.3730494840869527	-1.365440781105303	1.74244729168185	-2.349465827082706	-0.36504018182791104	1.3371809162782566	0.2873688700254736	1.4726820528483189	-1.3674940575530312	-0.06611863014940729	0.669426135630672	0.9550476275869213	-0.8725272577380366	0.18172135015225024	0.4395838139572319	-0.24848272092463775	1.1643443837317495	0.6627742888063468	-0.004442332822868136	-0.543754493912604	-0.5629856016393251	1.3378899353211264	-0.6604018209649999	0.23204479016242355	1.2416364972799927	-0.17612084405902387	-0.7956101147294594	-1.1633304978269106	0.048868167693534074	0.4664175342599445	1.0898538026935698	-0.4165890459789356	-0.7095794388145463	-0.1708641277615424	0.6685222172569855	0.02861002374763373	1.6338335073925199	0.03348236052047846	0.11030546292358569	-0.7196293634000128	-0.20002711054824396	0.19507741159698713	-0.525658628579493	-0.9840190871002832	-0.7830664908402689	-0.218196783072457	1.3907888217256925	-0.01690441397278512	0.07333886666184052	-0.43189343134283037	0.7592616423380898	0.8021006010219763	1.4463933491935963	0.6016607942956286	-0.11087213842128656	0.7104307094839246	-0.026694094043497974	0.8776418187998556	-0.1849473444664022	-1.1412202433739849	-0.24913542057164093	-0.7171363073114785	-0.6434378465133479	0.0835086781201763	-0.17247006835588863	-0.9177520401833891	0.03668387638590269	-0.1128029323726203	0.5864090433904134	0.09580754682576398	0.3832452963595719	-1.1259250950829978	0.45308273241268904	-0.5019797605202925	0.39132022037803826	-0.5267762542007186	0.07572897378239227	0.7413309657725459	-0.6213050811134929	-0.4675267321649498	-0.18417269350833315	-0.6692957151417114	0.35143580996188395	0.7566897850596774	-0.03566706463251825	-0.15255913542389413	0.23645277217944638	-0.26596653566711387	0.21690992283615376	-0.5972066078233378	0.009657418076159925	0.139493470730661	0.2956154234756835	0.3759976756120662	0.5619425165896204	0.15762451753370627	-0.3724837306166333
DTXSID4044828	-1.8089428347881986	3.548071802917462	-2.790772574111088	-1.384337799563363	4.6160993486798505	1.1509063907475001	0.7216211813182587	-2.30870697339975	1.3318042727805695	-0.7290402741499742	0.208072625806355	1.275938353988931	-0.6506900735820863	0.6169186647271059	0.3166398189017898	0.6185696970741227	0.7038428150624693	1.421684519522717	0.20418983352416534	0.2715233867879499	-0.12603310864738063	0.615881360869815	-1.0950435953632645	-0.31200319581575936	1.7431149761000533	-0.036988310458503135	-0.6955676736931262	0.7245139773823496	-0.5068736872485522	0.03735191298683414	0.3587317859035347	-0.2141355545303965	0.9436759709514977	-0.13978834059013634	-0.10046804892552967	-0.15425544651792306	0.44955734435120404	0.37844048107069383	-0.24370702406199637	-0.2212160937900526	-0.14370317077771042	-0.3391253780487484	-0.41826186998977805	-0.22099775307163372	-0.24087405787745791	-0.5756538525060683	0.6268783028652519	0.037464279952946884	-0.12980126903602984	-0.24189080719454112	0.09911315636228415	-0.34029086890057486	-0.4870433355357786	-0.39063018804990873	-0.5033962100188185	0.2816944232777834	-0.7811480187641777	-0.09242230042710209	0.1670820024494744	0.5150270041099371	0.988020361315431	0.15312209861526044	0.19783575123753044	-0.6357169515311533	-0.11861463370328738	-0.6788989735800023	-0.8332083419377739	-0.3806784980970719	-0.34836209411734215	0.23801485486959043	-0.33273210740795506	0.3973013952268313	-0.06552679802823418	-0.07161707531321518	-0.10507706220776665	0.6050332171866524	0.12294383129735072	0.7548541043622456	-0.26165171384860264	0.0864247096938955	0.3630470602855014	-0.11354129227847043	-0.4144226823719467	0.2639907028333207	0.37575341621726144	0.5160130154016938	0.2330599218622378	-0.2947043735383857	-0.14759970102178835	-0.3481047291842913	0.24419392380368599	0.2646618438168742	-0.31257662991270174	0.18805840127998158	-0.34664555950475445	-0.125124056720858	0.2724295103317978	-0.18306849111185403	-0.1421251566293714	0.11916271290894921
DTXSID8048860	-2.771402204974154	-1.7181572654691197	0.7613711482148352	0.10577852228385823	-2.346019294712152	0.923537354423775	1.287300413538103	3.332820282956796	2.0464116591225707	-1.505368062430732	-0.16662674214220588	0.7079514350004895	1.233770339340406	0.23029176175787086	-1.0138493697945323	0.7035033067266324	0.025172098818877657	0.6354339778552703	0.5707379785096685	0.025961178025378267	-0.6100703283792904	-0.1475761968220311	-0.6855039119330004	-0.7146901248135569	0.4473870934728294	-0.862882167129118	-0.08137935159597968	-0.8721770584927716	0.012274159540090344	-0.5602101126171455	-1.1817895710029993	0.34044151360084707	-1.0781896329498284	-0.4925142517495954	-0.12054682198877086	0.5514910176807991	0.5666228460987174	0.8023461340672715	-1.5206679790924897	-0.28887569253100365	0.08019343108972547	0.38041904541444493	0.23366846689857318	-0.07488505014899402	-0.34151605588626244	0.26081318782224067	0.055437508646651805	0.7459388530235951	-0.6291227828238095	0.5612664481061314	-0.4678979132211236	-1.020283870151416	1.4854394835277496	-0.17600339974044052	1.0092684275002681	0.06970401870964618	-0.07845144254788004	-0.10466347268462829	0.07464471905531737	0.480966611034225	-0.5316642174753425	-0.6384060899776957	-0.18012298677962033	0.006312333281267605	-0.5698806326702422	-0.7529509652996923	-0.041131552987720185	0.4222309911298124	-0.5195247822360518	0.07918707512343794	-0.2503699076539047	-0.09608421575441588	-0.7914338961027897	0.3414427119927567	-0.048823304585502623	0.4414691660930526	-0.018395976541713217	0.2945802576387393	0.3366487082075229	0.9678533934237071	-1.0256323265887486	0.00767932009854186	0.3562234993676461	0.7990984821886302	-0.025400370342237244	0.4031449942481898	0.6521912504321206	0.32481367734280914	0.8584105273181551	-0.26829953925512895	0.019799603528627474	0.07717472820126658	-0.47606823133784926	-0.34256937026884976	-0.026395125153509363	0.3688597425730248	0.39074140257777407	-0.15563684717708176	-0.143731636109042	0.2907410523530174
DTXSID8041909	-5.712787823698561	-0.49585484398047946	-8.303761107309748	3.853655846674133	10.775139989099257	-0.4759203203342934	-6.516247484196927	1.8789106541025369	-3.053706937057034	0.7211617521071281	2.352252617212844	0.5575318462865775	4.029055443550191	-3.895572747637901	6.231525833804944	6.002948146324273	-0.6570570717452975	-1.2525095559002988	0.47660846086959324	5.704396886378859	-2.74414165056672	3.77984015752554	-4.406195455719532	1.4161869535217024	3.750089462432352	-4.50993222138338	4.293404712950457	-0.49130701678435806	1.9387616953823001	-0.6500308088674731	7.785588522726296	-1.9373266610299276	-2.5763405169342453	1.9706377218507392	-0.43749383416369714	4.018279961155591	0.28813167623037295	2.086861999854048	-3.6616858868992246	-3.4338003988595984	4.512090174328086	2.3833171943839604	-3.0378672433582126	4.646210094808042	2.1116182556111682	-0.3203761289435159	2.799102188749137	0.8367119225845789	-3.06446867828345	6.233043550663925	-2.992930590913185	-0.6247042136019773	3.3860604607251026	1.1923611366716225	-3.4164111347183947	-4.3952059702906325	6.986863196590244	-0.5792409543052475	3.3150834036577694	-4.084614873421821	6.5687857401990435	2.7980891626810283	-3.638802639023694	-2.7354132727455935	4.754248868891523	-0.025847766643244563	0.9989720858956449	0.430959049944675	1.299575053142482	1.2319248208400109	0.011042252542707614	2.555764871883517	0.6248992228739174	2.2513175498847913	-1.7200332834545875	-0.8742477979109884	-0.6825116058140821	-0.2658387450748749	2.5344653755062927	0.28111731352665803	-1.7971784709780374	0.4288328617146234	1.3831950612286645	-2.5537698722115167	2.160981617145045	0.9607331444655886	-0.28632562642437026	-0.8610987338048918	0.33303261942929346	1.964673481277678	-1.0933572113980032	-0.16989326301920415	2.782284781510178	1.3644113845579977	1.1411113746219361	-1.0437465113417903	1.077832135614222	0.5504443090005324	3.029034833734357	-1.7348673965463142
DTXSID7034252	5.871359035816146	3.2972104552723622	-2.7718023710069084	0.759501679657279	-0.385910563623379	-0.5910454030464249	1.0106975279315118	0.5345914723373664	0.9988041175941501	0.7597883935529472	1.2919881017378196	-0.41079141533466373	1.75811628193192	2.117373747488035	-0.4208211507617985	1.1255349788348274	-0.6789756658569983	0.11557146884291228	-1.4830302319124715	-2.1553456210149435	-1.35795693280079	1.5690875924032548	-0.5008974988935989	0.4274902841284115	0.9044532402326929	0.9124428532159637	-1.138676789411706	0.7547338065684122	1.1400368760841961	1.1803182840289337	2.1599429671809536	-0.347646182169756	1.1075207821345112	1.9653908221529224	-2.2869320766671897	0.573877346990478	-2.191884575123385	-2.077105773203894	1.082462827072604	2.5870512612611134	-1.3588474964418114	0.06459825922251641	1.0344814996312184	0.5436095438468682	-1.9582588000906933	0.9305243998780619	-0.751157197371838	2.882852650856494	-0.40571588571055317	-1.9647979414384078	-2.573031617175487	-1.8835594617907534	0.23636653496794116	-1.3936412021376627	1.755285792827658	0.21860982584736333	-0.6812393089469664	-1.3641684542331185	-0.37479706419445513	-0.8632715555696079	0.7327642429604694	0.005457641168231416	0.6812545087968335	-1.1190800915284846	2.1022223478151263	1.0672589621326105	-0.06686328014026538	-0.6262036180598418	0.8962115341543473	-0.386293392958335	0.31738066969325796	0.32016329742485256	0.38591996932306566	-1.2517961962577515	-0.5624380798792521	-0.11458710200394716	0.5604312177205144	0.10041064710125826	1.6640445437457259	0.16475099927534453	0.3327652804625528	0.10662729079014557	-0.21840374620086872	-1.0897962295817436	0.27471940152616725	-1.1422046847552734	-0.2798193894744777	0.5592716903866168	0.020908787260297382	-0.011981138419533337	1.1068339532853158	0.5129231572690736	1.0705372663047974	0.008592653127396847	0.011681166786342696	0.4095470321472749	0.44098287296952454	-0.6202158625135413	0.1452743981571085	0.6356828871154411
DTXSID8022082	-5.311727458343907	-0.44248862166405306	-0.5035969312936694	3.628206538289929	-1.4036007781493547	0.7179353243018693	1.0564410646517628	-0.8047463758212446	-0.7829979422435106	-0.7695496088412509	1.77174130029812	-0.7310724705957748	0.5704469249118013	-0.853660959452125	0.504497121457467	0.6654239459162676	-0.06812479174862156	1.0017592065320926	0.5219927305383536	-1.0567513707726561	0.9706610909160224	-0.6840864750860082	0.09100169496600913	-0.2113019218157754	-0.9887676312215071	0.06700492068275467	-0.10310707483731388	0.3382723955113697	-1.0116030801414826	0.5455784053322422	-0.4838942281085987	-0.04834748253548432	-1.144308573135235	-0.7265995763136689	-1.09477244082155	-0.22453261232800661	0.7760281586181176	0.6458266104836912	0.15008991526413457	-0.058691534141784636	0.3024590318783674	0.9603084850669539	-0.29151204074480097	0.36789390033670744	-0.021929080915515205	-0.28430117313787034	0.46044651328106223	0.8058354803982516	0.787093608634894	0.7549503904648708	-1.1745496449923425	0.11040273150108051	-0.04111645220683962	0.44223328683529045	0.24829170467239448	0.6988883056723044	-1.1582013035839278	-0.4824980481963394	1.1258100832178195	0.6131503754238485	-0.5556751176351417	-0.07362915648194401	1.1669006817711578	-0.8283653989702501	-0.2724679338170751	-1.2066841698470896	-0.7448545262043809	0.3621080675923207	0.34125833251561144	0.9952039393281308	0.902412378832894	-0.22529639812842256	-0.7116302209696863	0.9486726687427988	0.3765067481813294	-0.09043747170878895	-0.41025756192568313	0.27654611837593046	0.04216145951327164	0.6502105279527567	-0.2402456689101298	0.30139960868553145	-0.3076653356421107	-0.4096231366413653	0.023578732536972857	-0.13091775951115212	-0.1899530493535738	-0.6840045673637594	0.8590935588927507	0.1913108636194082	0.033469055766780755	0.559680108603254	0.2665515606913202	-0.31738411537031624	0.1450783133216313	-0.049417853519082344	-0.02450139291377471	-0.18246832263071266	0.13741745786249115	0.27954901303906504
DTXSID4024721	-2.0737006438300574	7.944416063044528	-0.7777169774695242	1.1694042544449617	-2.057507190384244	0.07790587299058992	0.46392917818459717	-0.3714413117859158	-0.2199877223907923	1.5993640738884547	-0.27862217168325987	1.1068620413173957	1.759678878220782	0.4083082228339883	0.34075151693619765	-0.7535757569608416	-0.6912219379927387	0.6743799269520445	0.41858445723649307	0.8778801050733913	0.1435416541047872	-0.9936659856188621	-0.5027034871119451	-0.5402691587018168	-0.7737753517594946	-0.6904184940889557	1.2657440278555259	0.6510319068452646	0.10550611936472025	-0.6256962337432476	0.20772131201768518	0.2607585515415527	-0.6740038143698556	0.7710199258101526	-0.15953224365155683	0.34171897580283994	0.6965092599693306	0.03800752495967575	-0.2469204730638765	1.686538315259478	0.035767831866477647	0.7969737072278531	-0.08539909783474861	0.2944130883939935	-0.20455565563970285	-1.5364048664047836	-0.8800506726264201	0.026530973735407668	-1.311612534249185	-1.5690586252113834	-0.5852423239785415	0.0979962248185436	-0.02370762323445485	-0.3493745658780025	-0.8369269082174967	0.8225906657324777	1.8233152872366387	-0.45514007819715163	-1.1290576527922906	-0.9976905284248418	-0.9573137607818607	-0.10140899950219238	0.721763580580354	-0.46495074022587235	-0.821277106335881	-0.48155490176050336	-0.7583320775560359	-0.22698579489362072	0.038568793349758546	-0.5387655246402479	-0.42560087569973776	0.5342186539499698	1.00744334626563	0.8860892818698053	1.0691564727866338	0.9709511924982811	-0.035835835663966066	-0.050433404692300746	-0.0743305397162889	0.6578092158408766	-0.7385889972555224	0.5059292664299551	1.2181547228153684	1.7895370982716103	0.5186646947593566	-1.894961562861157	-0.621147086680696	-0.37944491361562044	-0.2398189803122686	1.2149709888000115	0.042802567317200814	1.8208695215707333	-0.7135269787624646	0.3390247974449764	0.3941420501919734	-1.0844208573517549	0.2775915055037029	0.35910394256668116	-0.8188505411193238	-0.2357719307186654
DTXSID5049027	4.571385903894258	0.29299800255610153	-1.4831058671155315	-1.6723840339747562	5.590764203894543	1.759068163086668	0.8857410036131735	-1.2390627848046836	2.3037002536585476	-0.3941389251951362	1.21368047112161	1.9305904165868404	2.338182716987561	0.9343452560756519	2.028557680924942	0.3950643355412752	1.811426120356902	-1.691187320032584	-1.5254166902101483	-1.550439173213821	-0.927329652653069	0.38390173460373256	0.833550838357157	2.573040409721521	-0.16374715226799513	-1.5908595415183737	4.8884625552750745	-4.5611422229415135	2.8436488847230934	0.4677605780094032	-1.6383122246515742	2.2145456246351576	-1.9494237535173857	-0.44448616290056514	-1.4616506600927088	-1.7350144290364922	2.4616111295831713	0.1409624373522332	1.9088675117171647	-0.587917493904208	0.16759353473531352	-0.5564952006249303	0.6525734273830951	0.4979978126656037	2.434757309560668	0.2270146268377326	-0.2746466367062958	1.2925160498859174	0.4577151721800889	-0.7011209454885355	0.374669337268977	-1.3091898924889953	0.2993184240805324	3.9096569270716777	-1.7302077005331926	2.2080233301821703	0.7489238222659496	-1.8147085657182038	-1.3056867897876208	0.006285333978100289	0.8042711127928371	-2.679180369838021	1.2176386790796956	0.8253759669961748	-0.5516869229986966	0.7182025285093595	1.059173257056235	0.28640568091018587	0.9245297437998081	1.4888562392560782	-0.7821528563033475	0.7211602440957554	-0.6652630421202396	-0.8004658624620256	-1.5759703199813866	-0.11566810479494513	0.5485691679331526	-1.4033837271912606	1.2939154327250388	0.3656953554071823	0.5267171618894348	0.496958764959599	-0.6241403727963464	-1.0403936068356847	-0.46873804491752363	0.8369996041741989	0.31989399733866614	0.11329700191187583	0.00657352334647154	0.47901204908582695	1.1067006247520395	0.33765417558717864	0.17913784339229769	0.19781186161641853	-0.4098060722783311	-0.04132127297574493	-0.1363341264341322	0.20748537553399637	-0.6618909182262064	-0.5440982713277648
DTXSID8042218	-3.6740113285548666	3.4463035314049706	-3.1102629061095644	-0.5677457784523428	3.122584410098028	0.9800355039917791	0.8945537695607927	-2.0994560988591604	0.9402875880222218	-0.5467535479109441	0.7174018566402054	1.1292143699997113	-0.2235284293338066	0.7071282348956359	0.2107770374834518	0.1705765276777864	0.3160206517852104	1.119202951259895	0.062924064970434	0.496821613989412	-0.4600916234825309	0.5628109279144117	-0.45005742722676123	-0.4763985126608487	1.0961616385158202	0.12555997782861456	0.1873201429649473	0.5144671753591598	-0.5844840414959934	-0.63822216369251	0.00672843465938789	-0.21850117854581383	0.6677505678719238	0.6123605587462198	0.24188991714551736	-0.3929956113964423	0.4620299463181402	0.5912502473439945	-0.24064981523864223	-0.2500185543855972	0.014460097827278655	-0.48368247337743736	-0.16919039299365068	-0.5855367405901513	0.38707853319432856	-0.4944856349824397	-0.1339466024982048	0.15414649581528841	0.30351865843352605	-0.29502848015875577	-0.3841588454523834	-0.4285062354710044	-0.15520458300171583	-0.5593844053992463	-0.4384287434856301	0.3575197720364727	-0.25051768514722417	-0.4265329852943177	-0.09739446257536577	-0.024096621288668327	0.26136355664226874	-0.21384157715495325	-0.18286572641595084	-0.46553286407761285	-0.03767602631839148	-0.4238454515650479	-0.7098933208717731	-0.20063132768142003	0.1789117599492829	0.11731928269824221	-0.22046595198313032	-0.38366840256505785	-0.04598928509992085	0.3051690837289213	-0.2194028347944157	0.48313780962953223	-0.30228747260672845	0.24990719525365301	0.029989632728424576	0.07765425142845435	0.346037614659678	-0.4111240989801707	0.18644021142599845	0.16238191390825765	0.4259777032233158	0.48412157274053896	0.019481921399044626	0.2090402006850573	-0.3295581206827161	-0.015017747469997757	0.41781011518978983	0.5259952628333364	-0.24249399553052803	0.0032585961065068497	-0.2735922302716722	-0.15008272776353948	0.14581266890932087	-0.2782557311751194	0.06364751197723179	-0.13096346894436378
DTXSID3049332	-1.3542047593161222	2.876154011446742	-2.8619990228628405	-2.784556521852279	3.497655719485592	-0.03726873790637314	2.5797593657222677	0.500811480820347	-0.6322055590303451	0.1224405867327329	-2.0497615095494823	0.758116030082241	-0.3205093431485379	-0.14705924207106874	0.049383449603000264	0.8593090974845273	1.2259486613459571	-0.592413558126057	0.4826540827161154	0.015313946425079309	0.2800397309111081	-0.5530737887584722	-0.9306385637143275	-0.22429590571147984	1.51572342454572	0.645293165449362	-0.7096534361380773	-0.22907962280100735	-0.10370353156509148	-0.20027247059701128	1.01192915542029	-0.1009560931794787	-0.4436598802445862	0.1776883754368114	-0.1573676429462646	-0.1395833086154778	-0.13641924167729938	-0.2327549574195919	-0.12095684168116212	0.02398551687497864	-0.2676873162736596	0.045264066630798454	-0.45277292758813953	0.7076725885080706	-0.2792111224960002	-0.0996836069302157	1.4106584078259639	-0.25048626580573746	-1.5916662290604324	-0.4232885134511472	0.9247028682630353	-0.08904093830101519	-0.2531987288397237	0.6368479707769844	0.7054646765249809	0.7840757957144456	-1.8566592029096034	-0.839462674421727	0.9898099817734897	0.6962737505301704	-0.8711478611777843	0.6988937188878666	-0.09712003490622922	-0.31302539134161567	0.44744804247554465	-0.26461044433242475	-0.0847845615784289	-0.8678265992274774	-0.23107414523885786	-1.1524258330191715	-0.0536364938708537	-0.11009606918153443	-0.4963676226401723	0.19797061886648787	-0.041884133940646225	-0.03592645456057226	0.4900669944456629	0.5401283429463676	-0.43104679129688844	-0.3720212579176392	-0.28384078965828413	0.12578719844035496	0.43467731399664433	-0.8366710947802652	0.378673793260154	-0.4941665471915855	0.289364239419597	0.1275793111572637	0.31837609704326214	0.10424333695473882	0.21251401992849567	-0.9566754921735543	0.740635588492602	0.6937643724627458	-0.5628967311219243	-1.039642986085714	-1.0602795421231792	-0.31885669831001834	-0.5450300022863975	-0.046464556562731664
DTXSID3027085	10.24631760172919	-1.6041696968657053	-7.165188126089543	-1.3581337805789175	10.805409378913545	2.27528553261835	0.3737073094481956	-1.5837649434391328	3.7228085056701574	0.5511507711449211	5.171823223210093	1.9622416300544605	-1.9292571989788165	1.9301506673821909	-0.12294913143322046	1.2099027562810434	1.8711987153805958	0.28715864885498965	-2.6028562078960453	0.5981036991984706	-1.4538390522554476	1.0433708897768335	0.6127707810785379	-0.8927097319000812	2.71635724209473	-0.41084693172502196	1.0822583408268267	0.7492841886327949	-1.0728480585149416	-0.7810639920051151	1.395866407176971	-0.21478759427292093	1.6491437944467415	3.5336155306198247	0.10321019207212025	-1.4814206389127582	0.8433551083335178	0.49565208509618763	-0.4595562781052457	-0.389810988428988	0.7677315074825068	-0.5135986501148061	-0.030016680313913142	-1.8102694645686621	1.5894586609355537	-0.4075603896407018	-1.823668135272768	0.4345192471431482	0.5482018900535189	-0.004616507809094366	-0.6285252354620732	-0.6813446951209459	-0.7398134106869392	-2.5573514776410944	-1.1582853554362058	1.287596031373866	-0.45880423866628367	0.1363511041403593	1.0816396536428339	0.07764678657773844	1.0936688842115143	-0.7824238378670196	0.5341235501681324	-2.992415151513132	1.4081401674436256	-0.7375698464151469	1.4612853115011673	-0.0885005188022058	-1.1098474948908439	0.4700379144476899	-1.2765522119145396	0.038497242627653284	-0.2886832119173145	0.42943563458667505	0.3236248021014592	1.4374451856062151	-0.6962227838040327	0.9085670206840717	0.7606034345437541	-1.432236762610924	-0.5783856596046484	-0.7460979073984502	-0.7995070097086696	-0.5370001555959735	-0.3119835190308358	-0.9505083800852392	-0.7422720833975506	0.4206565601872906	-0.3182260338624518	-0.13519811248650684	-1.518048038788094	0.90817895025988	-0.40678677031485566	0.34118734342890367	0.20069061334092736	-1.1129722005823057	-0.04330932712507573	-1.394035773903877	1.1977310108288506	1.3121748828077384
DTXSID4040713	1.6334521716606172	-0.3631512556996231	0.9291373093392948	5.432074956076806	4.370090179178124	-2.2061922404312235	1.3316092510634499	-3.3636603413877313	-1.1185544663786313	-1.2251968489323684	1.4103585152012608	0.7477016392189479	-3.953610395426853	-0.3379038424907639	-0.36549988187970117	0.9603417463130172	1.4019613481074746	0.3918857493387892	-1.1058398657397568	0.1331857388058761	-0.7300378624725626	0.5045927327697171	-0.8146228148480196	-0.1679094421891768	1.9457195032685515	1.4698554547749683	-0.26168795724184457	0.19627069476550785	-1.1314481322427088	-0.5958676901524436	-1.8902223329818735	0.5249666783232885	1.5156489667461943	-0.29628095449799535	-0.3453369814926794	-0.38372744736658543	-1.2761517599862289	0.6340345902162648	0.6020572157630817	-0.4314644602716162	-1.0555681725047648	-0.8799118097090654	0.9614025415017733	-1.152416597192358	-0.20032447300464226	-0.44387471107081694	0.49202203809442924	0.945497431084946	0.7026033588486399	-0.568477122711261	1.3093528581284006	0.03596921744731151	0.06535280311473196	0.5498918187744916	0.17861261463269743	0.04720761073946935	0.8197832920168274	-0.42050054918741675	1.4662390325656531	0.16969584265495072	0.26910306533495254	0.5284388293724268	-0.3450376937343852	0.5419768727527793	-0.6721683554402806	-0.7675995962537608	-1.2223915728265742	-0.5850401651571887	-0.24431267810935545	-0.6206208703850054	0.2686801940058787	-0.13987539509964061	-0.29529770208232237	-0.1609224992404311	0.8022381348417962	-0.516812079479309	-0.3030168953618781	0.01527807111875644	0.5986710716070888	0.9599789896648507	-0.02964696105758696	-0.3025659381328054	-0.30518998598789465	0.6606391722364923	0.47824560876442035	0.5774625912809792	0.08989672142032148	-0.3636029956295589	-0.14002320937917664	0.23984324739645818	0.5404498993598521	-0.04563771158099438	-0.3776700476286131	0.0717025997256272	0.2880141914027839	0.0535442553987466	-0.5793208170906383	-0.10636562504835755	0.10620364261233685	-0.3160682722517081
DTXSID4047462	-4.47585905530584	7.220409006450182	0.3674034505803521	-1.15295504020005	-1.3395297322184943	-0.0667877755282228	-0.0690519585560448	-0.3904625430581924	0.388332229105623	-0.12314939808580924	0.1159566179438559	0.4388955458245656	0.47183553165388037	0.5046556684422367	1.1188370265640633	-0.5757896647551171	-0.8745577717684175	-0.024176223205905033	1.017947648276524	1.0702536742074922	0.1360369992293588	-0.0908851456086193	-0.2846378630001626	0.06285855036507676	-1.1735544028773048	-0.5889907996138342	0.08392015568881292	-0.6728219069321004	-0.3688893973288099	0.7404312099417635	0.3985949857131181	0.8235590206012219	-0.9228460055788056	-0.8674458113508433	-0.030078863665956326	0.26063242788008756	0.39714748396484273	-0.3592017631076838	1.106721397359172	-0.0034538574291669835	-0.6360549108936282	-0.5901119658830458	0.052812016309968554	0.32511346806534547	0.1269204814411379	-0.9621284225849239	-0.5394207553703461	1.0390464673277244	0.08548376580951912	-0.44856767096049993	0.45988604991752435	0.17388883978877087	0.1251389691655484	-0.3924358351187785	-0.005286111650635973	0.20652096409289256	0.13802682635232544	0.12036834982122821	0.41214075322857896	-0.10160155423838668	-0.10371331298855775	-0.5154922313242004	-0.6777816512156898	0.8875092581705561	0.5233837072336618	-0.04468185593191586	0.05985857508633321	0.40579051917133674	-0.3972403121171366	1.0430050343014108	0.33074339506859285	-0.7160925967089955	0.17867763734655098	-0.55693849814584	0.06199565456555132	-0.2528095344766916	0.3311324987096554	0.5035213714985407	-0.0894228452352253	-0.37270349650682205	0.018498299421414743	0.16794120342654306	0.42676082921972525	0.06971723621162622	0.4117423332239409	0.16890539378647712	0.34383779706094497	0.11588253527562611	-0.25741661566012525	0.5253847169494065	0.2767919080361825	-0.27841487705666923	-0.14197571237703605	-0.18222541969021558	-0.28913591531185695	0.24649590302566704	-0.3746044044150111	-0.2741994295239855	-0.668113830063328	0.2670289120711648
DTXSID9024300	-9.10617554305137	1.1561756725132486	-5.009614395288665	2.9130409837192492	3.598031392126302	-0.6407571963865505	-1.4923083301341467	0.19208704908899565	-1.2200303114256783	-0.3817743129252539	-0.11962383810802706	0.7061847185873057	1.9294801761580203	-1.2095813343763915	1.85337144639639	0.6169491542046275	-0.8348586710132792	-0.7073254377712781	0.9413592401578431	1.7326640935675235	-0.8229312879477318	2.0054128854302418	-0.9792972910149841	0.3589560100718996	0.6466431696006755	-1.2725298937056513	0.10269263226385265	-0.17390912205406447	0.057832006374039076	0.28788510243210264	1.1277538286388042	-0.6737434092720377	-0.36312847982836755	0.7122675027126898	-0.03755296494872477	0.6676059491336654	0.47416378929206937	1.2388403724820163	-1.1499745380818907	-0.9619098463586246	0.9897250743528514	0.8863468229818132	-1.1590792335710511	-0.10841628500102407	-0.29472103203870176	-0.03222012150082249	0.15827649724721798	1.1091902963475493	-0.6875877384938901	1.1589233694626724	-1.4642536569238898	0.19432107318536504	1.2790301348146569	-0.29192699761274454	-1.3713490559316013	-1.741991977598023	1.60765904004547	0.36761479163453603	0.20363267049041284	-0.43129226822746586	1.8103436794451198	0.02263111819984901	0.027097950470016553	0.29250664586386427	0.4891612779069137	0.051065734720006285	-0.06242210478267116	-0.2801744399766333	1.1044943772490896	0.7793718097931533	-0.43289742533021447	0.49481330594273626	0.5563436739727956	-0.2188764082082586	-0.26093237742447795	0.5797552296884093	-1.1492698487187005	1.400298239060118	0.34672394156648484	-0.5860326545017683	0.21574649099631116	0.2819345256358821	-0.8555705379763153	1.3254341424601022	-0.5705423901897574	0.9918118789938912	0.7244838940279371	-0.17295726979289314	0.6691446970069415	-0.3565583363981898	-1.6025752737650665	-0.5667306857060851	0.2694843431788863	0.8504514574099166	1.6181474956762016	-0.02373820364900528	0.8117737406389589	-0.22595062475028396	-0.2952193624194581	1.18937904577809
DTXSID5047372	10.831091342116544	-6.991813495864227	1.2283571484883096	-1.7267694390687411	-0.8845537780469931	1.4822697581456377	-1.5626548992275757	-0.02556569889151218	1.3327239425151594	-3.7450640833752114	-1.1822729810901902	-2.0230544758575983	0.29321168115444457	-6.256810466310587	-0.9147884179329949	-2.655018109180112	-2.1854233847492393	3.554981167095675	1.0032158902972779	-0.3176240828684063	2.0239359094868408	6.104889394238194	0.5062050716954429	-1.7495061068603812	6.311922708038733	-0.40406726561025064	2.68979693459276	-1.489613025475669	-0.9914348819184347	-1.447036076671498	1.462989789791206	3.8265725275538527	-2.810936420389554	-2.293537579860096	0.7747555288161252	1.9353704857804213	2.0414760683069506	0.058219913359983215	0.376668356876535	0.6305795719569203	1.0837977609118958	0.8524166570645532	-2.0084389442258392	2.632865220581353	-1.3884429207894955	-0.7158857131567762	0.21507686416520647	2.811310116454855	-0.32334745153202304	1.5525722828317714	0.8981717490225438	-0.903462594438483	-1.7185713016827964	-0.5077175772025668	-1.1278650050978172	2.1116433841393247	1.28278228583272	0.14609076856863845	-4.55369389565919	-0.46568526901091006	0.8925461746364252	2.9682732737737854	-0.16751637321611704	1.0019486013619676	1.5054018466806707	-0.46792112819454895	-0.7620719099565759	-2.0989060724246404	1.2901567330058077	1.4866723914346998	-1.1776845717009035	-1.8479660626164067	-6.4180388820252725	4.95359944939228	-3.3017754363641574	-3.4340184428228477	3.5448654176630314	1.885544298996169	0.4734007727326409	0.3357491174931461	-0.7189474674279006	-0.6575916478069017	-0.5136273148750452	2.4415461971429786	-4.084902646041161	-4.422238860762801	-2.0366824769992204	-2.6152758509690015	0.6980083134913425	-1.8223342244864906	1.6707995560966433	-0.5723265633456988	0.33781098456285424	-1.6537667424994424	0.8072252841364995	-0.4645725422165104	-0.6405987515541205	-2.583123535943718	0.33532605174332686	0.05556562346021538
DTXSID4041812	-4.188324552079667	5.884769965513561	-0.6067188303723698	0.17045306135897337	0.6891935874102112	-0.33812772809898994	-0.1376263791131867	-0.0011364838165014966	-0.40037606460827224	-0.4150920956982726	-0.8118477532401519	0.9889456908062055	-0.6467096085514951	-0.388448932007381	-0.20714004459533936	-0.309256095131793	0.05759169891419681	-0.025514727132570553	0.1562139971201566	-0.04010221552181598	-0.13891526703786472	-0.11275370417913705	0.31784578722402723	-0.0019221938724871695	-1.0860419556471435	0.3533888072216406	-0.5028991132093374	-0.3669110731041564	-0.008239193944387846	-0.540919708823216	0.2263910868320782	-0.14433106990524364	-0.3370464406475284	-0.04354098261325707	0.40539658061405714	0.2894957651754652	0.0625022381765468	0.3869533851501329	-0.05281935902934876	-0.5231440231391976	0.3475960590153419	0.06598450215555283	-0.27523494586521624	-0.21838318752407823	0.404923914005775	-0.20837958401546725	-0.3517410143575365	0.3469782941253121	0.15759708893954955	0.35886829667598436	-0.12361996925659935	-0.3257788223043492	-0.2553780308535224	-0.12014963560396728	0.14956460961869764	-0.46310329204565137	-0.14042734019140937	-0.4990245023235856	-0.890198988304932	-0.14816441287880602	-0.7343440983808054	-0.22237064286498473	-0.5310399164273253	0.20613500591243863	-0.028252561457960266	0.35652964703970413	0.002625511268363997	0.33474604509001404	-0.1465414064172861	0.6946326470735109	-0.4668345530725727	0.6133154264398599	0.45729536373120405	0.08244741559792118	0.1401601537465195	-0.14078600804671895	0.010464805362801297	-0.07838476202415341	-0.2823216008221777	-0.028273693917323543	0.17127973346754155	-0.45718298450055	0.9693006823365984	-0.12733696904125003	0.04328618264963974	-0.423351997973899	-0.054376259200491786	-0.5225406504226855	-0.5057236434347493	0.12280873861031974	-0.6741490971898592	-0.0632933883087748	-0.3309883270189251	-0.10215343392807728	0.08290519201113149	0.38352514254884484	0.25442036178172933	-0.7720990516978105	-0.8258484508470647	0.005468047235650901
DTXSID5048716	14.421543698219052	-2.3134824665394906	5.283173970231216	-2.180209044455115	4.2732747212374305	2.088222349383882	1.1033910204624287	-0.03364336130843388	-1.7784924587769595	-2.718049862285054	-3.826142629798061	-3.8786317055839943	0.5695897057798556	3.9731518601970204	-0.9580748857129964	2.3694704825348913	-2.941708781442962	-2.360820787914056	-0.11335644957640566	-1.6254760993349093	-4.002776785024913	2.365729746675281	0.29302505413203017	3.8374822602038563	-1.1212587132577152	0.9707506496053065	-3.7845733224932148	0.9133936172597363	-2.214466064351938	-1.4286261340026767	1.2048868859111925	2.9807673599086053	0.004403003745646126	-1.1400808204700175	-1.163125634158401	1.396383602376924	1.8037758716528005	2.2030726746146674	-0.6697251523504688	-1.0589748968859403	-0.2902480900033907	-0.644845266598309	-0.5329823798963832	-0.902546932122957	1.2202983918675094	1.8123879413246489	1.2971275352221676	-0.7313489977158555	1.2476678626385298	0.14084780977174755	-1.9246817603085937	-0.816565449170474	0.1444996730151709	-1.0396843912041511	-1.4501693413165078	-0.2793086866735084	0.02758762710584694	0.3591043024928663	-0.7247294341193661	0.6080976390778833	0.4713000063174769	-0.29757518588943455	0.8954263272728328	1.8051196439521522	0.15211928183528028	0.15046635256550117	-1.0519626503958763	-0.5958544016224963	1.6070879431267837	0.4490303879220095	0.27333050684852095	0.03947078789899979	0.815667237008595	0.27655736643205586	-0.15349657205896933	0.5232378452268635	2.285605117558701	-1.1680130353778735	-1.129690534983473	-0.19358127179095058	0.25340960650421857	-0.5807390361824772	1.4648934165038794	-1.3522324825742305	-0.7643739467185249	-0.5349407537627682	-0.12181167422959324	-0.2518265304301239	-0.3464831306588018	-0.019190028556663047	-0.6275899051003418	-0.41461679775220084	-0.27781641992221257	-0.3334812278585567	0.09280669174592389	0.010649098321614757	0.9758754929520951	0.014887274269774209	-0.5631759652462165	-0.10894595277775776
DTXSID9045136	4.229100714882627	-2.084366525988289	2.2977945780532143	-6.7892371449173226	-0.7772545635990978	0.0003522347720957347	3.6208828066130625	1.700007521674556	-1.0885003951052723	0.17812939136091904	-2.7762064947799447	-2.1328241841580717	2.7902882212037827	-1.1843278108559463	-1.184138193414732	1.8537102632131839	-0.629662194856972	-0.8863535510183305	0.33870174814881193	1.3636377503967758	-1.691454699876471	0.9319245936487873	-0.5116038818864729	-0.5078186104630034	0.8394107013986004	1.0790781385846762	-2.4870698522059738	-1.6994289263060078	-1.5643417194785103	-0.11280048924969012	-1.01300036414763	4.269406595409036	-0.8214474769255828	2.8794567179782597	0.38336322592978445	-2.0204811237050873	-3.035907168091505	6.481937730324527	-0.04199238582681739	-3.2950686543438827	-5.446851116220006	4.657930907047405	5.712796170187953	7.744309352268632	-0.4592998634174347	-4.937458116166568	0.0005635131024051789	-2.8008475850217525	0.24915319447540632	-0.5026959926839807	-2.3307715672486022	1.5523372365371524	0.5050779650232087	-0.5836474086998082	-0.0292233958472699	0.8271646966158458	-0.649150745037629	-1.3271031365681891	3.106248685150832	1.8082519817886928	-3.1914893355312803	1.9706519137679326	1.3614628615916076	-4.186370393779935	-0.01626061249658624	1.8199577332649148	-1.4407506136733765	1.3656076318889119	1.1804840403584795	2.5575427373582995	-1.7314602361706204	0.7981514292720876	-1.5302849293657006	-0.051598465606804034	0.3992271411417667	0.7750074966315924	-0.6173846399649036	-0.40676990385701967	1.4607118056411499	1.264584463405853	0.8827383136912201	1.6754493600915374	-0.10939853324508265	-0.9113375763823336	-2.1648556865299162	1.4381735693664857	-0.5153512176667111	-0.2583810331917172	-0.5877933998362364	-1.0218496426777754	-0.7500450653896327	-0.4293017464934537	1.5226531219781065	-1.6818048695744248	-0.09686620359825412	-0.07754918914484499	1.376223738997562	-0.6206750123166482	-0.7613578119318918	0.6274983065425016
DTXSID0046066	-3.8785276622757916	-2.2015187339380726	-1.2008186636193072	7.703594688728838	1.2804615743734054	0.1139894733706886	-1.877951016679519	1.3119045083190988	-0.31354455073603893	-2.5557831122702694	0.37730136549695253	-1.748848374580581	1.2449034387540179	3.4582077636645017	0.03502740587878718	0.6457137162555138	-1.159246410675264	-1.6926801338593376	3.937176524994913	1.7295440482841173	-0.1597219631969557	1.3381664629415406	0.15885552370359454	0.8522256738203742	1.1556599493580686	-1.1707994302360258	0.968837279072014	3.2314844400763505	2.3654583968388536	-1.4913618211548043	0.12730328187397436	0.3214303746354224	-3.071273244137465	2.658322318589767	2.5391077952192607	1.1127305352262624	6.073224354942507	-1.8276429821764943	-2.36583251140758	-1.3910506505373443	-1.1891580706068787	-2.6220883825388213	0.86107818278718	4.712001431703481	-1.163560413896381	0.26645129904088777	-1.2281483253291643	1.1922427018775472	2.0448619601928106	-1.9575176571583255	1.8009590503101647	-0.40148950918011006	-1.7779088116355684	3.187723120182879	2.823528539398659	-0.8168496912488135	0.6484906557648005	-2.5231930925226944	-0.951286144759692	0.059266327417568695	0.1537466037457774	1.5499226815626383	0.8229675659637845	-1.7069102879360973	1.369049993660673	-0.5544810583179826	-0.04113966429115647	-1.1236242220883395	-1.8737001661046702	1.7722867918899396	-0.22683843968676493	-0.21869125481750645	0.00997381518162197	0.0014699001353894639	-0.03957109238814931	-0.41860366904301544	0.9197345854219663	-1.2676631726531118	-0.643039224415044	1.0172574866924966	-0.8868562874603123	-2.1556782636345213	-0.7098328275965377	-0.5964400177500339	1.0862386764711613	0.7808033743450348	-0.6194893121897752	-0.765073400224876	-0.19921281088884704	0.45444845978493825	0.8155716692723678	0.33239228658622105	0.08763469073061368	0.45421997972385525	-0.8708262614774965	0.8430565317423842	0.3890656294097072	-0.8313872175269309	0.9832073203712735	-0.1610550434346909
DTXSID8041743	5.1700503795067965	-5.172493084084553	8.640654824866829	-2.292280762467488	-0.15443196930835296	0.8885352002814003	-0.5503482784977177	0.9246043541895355	2.270499105270806	-1.5493165634594166	-0.6537037904742307	1.6407330142797307	0.3761515787963612	-2.2742076616241573	1.7562240880455655	-0.48430381147598356	-1.6459595136324106	-1.395879198613277	-2.575495571887184	0.37477972244813396	1.4442243852254253	0.9188910460388864	-1.1030801792972047	2.536152998667497	-1.157604470336832	0.583383385566027	-1.1887632185268833	4.994333719714066	4.89843292427829	-3.6806403183033254	4.905176421818417	1.2417159999124294	2.715612201577794	-4.221230897519152	0.05324405002852411	-2.6873092032836943	-0.6117836083946535	5.453550041391748	0.9606172639416233	1.3960501789536135	-0.6495976976730213	0.8787035311009422	-1.8045691267515178	-2.4554918843003493	-0.6257997800786007	-0.4411438898335784	-0.44741164935936184	2.137440823748735	1.0353023365936385	-1.391990646977372	2.1839492195630217	-0.17240228561211515	-0.10454783472488677	1.755924015066065	0.4103517727541464	-1.2877711326530898	-0.4183495251986029	-1.5682801223289164	0.8808071793677125	-0.07034281849700103	-0.06417518106970514	-0.8894070092131589	0.3601796081826922	-0.7888417685549417	-0.7022890442297408	1.0461704196447232	-0.18182351255209586	-0.46146369291018224	0.018576647083494616	-0.7230139587748545	0.3095820396789362	-0.9138081518196666	-0.22729296621364778	-1.0270643262505958	0.9118253081742467	0.0967356927939827	-1.2580456446323112	1.479602402704166	-0.21242134624272693	-0.2697895791271602	0.5804351363476509	0.22847576882202933	0.12637265621014415	0.9420227719122499	0.11653548688804359	-0.5601592059658886	0.977896115699729	0.4489031490914011	-0.16366588454022554	-0.3587983914685371	-0.10721681506517104	0.0008443466583042609	-0.2732457383813196	-0.3424374185741756	0.29363662717499833	-0.1866688456829945	0.1590048808371639	0.07351210736658886	-0.09812070624003881	-0.343696569501927
DTXSID1047603	-3.2946990527852735	1.2486386967150793	-0.1752178367006645	-0.6468366742833502	0.18283664274229128	0.7590602491037292	0.586842626259053	-2.0360812472031555	1.5750856500321104	-0.3789655202283155	1.7406921433043265	0.3566875124842081	1.3961519576956216	0.788336126026241	0.17781855334747118	-0.5144968334355252	-0.34367865624226746	1.2360318618557982	-0.1391410327133103	0.32909455369464113	-1.1132230074758898	0.7820207088058385	-0.8265876685219251	-0.09606534664528014	0.211787916187349	-0.21113473686741477	0.1187545538578858	0.16684332211168953	-0.3442015705812583	-0.07232516911332397	-0.20704417532201724	-0.39418802625056915	0.11140358581257317	0.49929040329673624	-0.09552320340195035	0.11003416977020151	0.4852720639258351	1.2242336427875975	-0.2527866940052936	0.009316412824081154	0.346036842960691	-0.2330154553570267	-0.5910878963638775	-0.6939498211256722	0.07523649483966827	-0.39794421900158566	-0.19361747987428873	-0.27623571551713455	0.2460058380897572	0.1917635153872581	-0.3227103017788456	-0.6552298150012453	-0.3888543677195075	0.043426274442034174	-0.04296557112030181	-0.16034428500334788	-0.5520207917021323	-0.15511440951805983	-1.1332591316958045	-0.49724349854370714	0.23840885507134402	-0.456392311134777	0.4569154802901754	-0.03257194518585675	-0.5694192886703455	0.4911499114905753	-0.16325480586433067	-0.4642465167361062	-0.3821243570943874	-0.0043864638839924185	-0.5091071520945543	0.6691655571455358	0.20313530210412437	0.703025561924224	-0.7211369963209214	0.44941888128173946	-0.21973620284093787	0.574200034959525	-0.46058634178095104	-0.3189922213520286	-0.2778435238579175	-0.8557514742337445	0.23399078149226968	-0.12536597878322894	-0.23185923289228358	0.35959470535422355	-0.18435316490783413	0.5936977263152144	-0.12580941702633017	-0.00029408774890790775	0.2948363392257325	-0.01939175101169105	-0.3650487575046018	-0.087356331295522	-0.27465432189622263	-0.28701316071652205	0.2726369377559225	0.0802668308777268	0.19144398036747123	-0.1653958031227848
DTXSID90382620	6.520598264447069	-11.732680463229554	-10.362663884731504	4.72994290658217	-1.4627472115997049	-1.4553242271651572	-10.74650371944355	-12.956131957640359	-1.8556178733256485	-8.472847029198741	-12.79031381463803	16.691184930182434	-4.397870727167761	0.21992079835003575	2.023226958574234	-6.035248440466468	-3.5629540364560452	-8.140131236203294	1.5947187492939001	5.647535105132307	-4.489074507709092	-1.1341281903384457	-3.838798302775741	1.998765565871302	-3.286452940329087	8.142927800601226	3.056031066232595	3.993857346353684	-6.002674031787694	-3.4057312986177815	0.566839872511232	-1.9019458413324446	-5.121518163035652	1.1257154402505276	-3.009789977580492	1.4819325350418318	2.6071739481650855	2.267889410266385	-3.1015232647411124	3.193505820567472	-3.7318500972849247	2.449192859310882	-0.017576331654295875	-0.9449148955958796	0.293969893410829	0.20716067743979716	-1.0726221725986376	0.4224041961932917	1.2562536562613573	-1.4640456665447936	-4.801315569770195	-1.347124828586935	3.446197736889982	0.6989363058150304	1.534540268096542	-1.3256091969484942	-0.7961138798963745	3.8542664938321125	-1.6300674901609002	0.12391901407993638	-0.3296126973530729	-1.2761909104023075	-2.1647577482916427	2.2030157295477304	-2.157402145727903	1.14150758555317	-1.6020955410172106	1.5825577676841434	-2.1884641399703137	2.1794999027854787	-0.7474041393359373	0.7086458507827641	-6.005865247590634	-1.7758081559859527	-0.3451243476953607	-2.6153048453579846	2.6885484024299178	1.507968948163967	1.6475210005293197	0.18858806945486437	3.267094639137617	1.3156681048144245	2.138597608001336	-1.6926618857319007	2.8023519352855315	-2.03818271439576	-2.849274924447872	4.943159022417424	-0.224840805924332	0.2098898768317173	-3.711678378154116	5.974225418985391	3.9156261520978726	2.6025198193995993	-7.789150277581091	0.03178923890274528	-3.652143428879745	-3.992544920908072	4.3389213703707945	-3.5039435520784314
DTXSID2041389	-4.196888348301422	1.0930234330414257	2.4419715499635104	0.15080519834338676	-1.4435797446655256	1.0738114139163553	0.06011829178743276	-1.9705189015236062	0.32241350602760277	0.24589775004670147	-0.5435273601158296	0.038841939141760505	3.8444155081663625	0.03619335767296864	-1.0170411781295605	-0.39810713541295384	-0.06010784562614957	0.9984964142069233	-1.1050170299916156	-0.3405006861464263	-0.7110335971258607	-0.20263741531911528	-0.5106254391528366	-0.6276917421774874	1.135802800118195	0.3361721161345994	0.49779536701310656	0.9348880922661758	-0.12216168601078783	0.08639110598717974	-0.05042972331100739	0.11545932805950525	0.020324325510637602	0.2889467961239225	-0.14334149405340446	0.6676122955535531	0.6679053281771757	0.9518286233913552	-0.5836481026291266	1.2156815913433872	0.39504702865106006	0.19425787809016037	-0.6019641927848982	-0.7262255004621979	-0.22197939307506256	-0.26971306082763724	0.3306434232508341	-0.4383215943487075	-1.0720354731358301	-1.031816572580102	-0.2957185646707121	0.04141965506393861	0.3238971995938211	0.2845048711004737	-0.49948205711861315	-0.49411422584056014	1.0892788004206266	-0.7420791547104706	-0.5967156410395845	-0.1744664019878046	0.19231284531498263	0.9871223960343392	1.1556345481046115	0.5502387140406592	-0.22683653012499988	-0.05908955210167042	-0.019728630534992162	0.1580281684062601	0.2904168544343938	-0.6940726509779236	-0.22565733934415366	0.15368081074847248	0.23534680653024803	-0.5260203046557663	0.6268097188879993	0.1762622756734592	0.6247266126833423	-0.5191690580550732	0.35342520258222215	-0.14646963150447534	0.4479324548547814	-0.03446204594867138	-0.004417351554853504	-0.37251671854228435	0.15301791821199517	-0.44354122955055386	0.05402468026569007	-0.060797623617874184	0.5428842922816236	-0.7746100747767338	0.06487722863642517	0.01630613057551924	-0.026363972231347118	-0.23252725904871127	-0.0726179164762313	0.05841895847739081	0.10513294991132163	0.22700093689592815	0.018767775788608408	-0.18889372816756547
DTXSID4047129	-3.5860775298800944	2.7096244153464513	-2.088118632774483	-0.05869246106075891	1.9024133084374686	1.2973550727533614	0.7107657017757302	-1.7174407589041139	1.3097233002539237	-0.5346099925273616	1.3194601534983406	1.1789087905825537	1.1180673355986106	1.095477624107384	0.6301145173175362	-0.8605473856680211	-0.02790086063624091	0.5060458084388465	0.49782290039624993	0.9073936746299673	-0.29834278387681995	0.5773561684683308	-0.22607786651145412	-0.1298994622904624	0.6460652396391424	0.6868727603793968	0.1809094858944017	0.09662458277282171	-0.2601255552954581	0.23283746084719106	0.5612310209474395	1.620585443858399	0.3022164018963317	-0.5888744572795056	0.33177152932426984	-0.9123882795687569	-0.3202752631596597	-0.790717260259001	0.02014082605057583	-0.597444057534374	-0.010136002706052735	-0.7256772439644665	0.04053774594293703	0.5537039631152413	0.5326621716806221	-0.48701479620014343	0.1507707539203129	-0.09453919184065071	-0.582499034197582	0.6099696325920929	0.3178175273238552	-0.39068392186728773	-0.6156814169325834	-1.1259777661647763	0.7604079404637946	-1.3714856377565412	-0.30404375294851943	0.7091340500849891	0.2634845602317822	0.7186364886916334	0.7445737952239885	-0.2831015588983652	0.0513478784764586	0.48670211071244635	-0.45393380059190364	-0.525406162895371	-0.5450432253785134	-0.0803265280483257	0.2993629236734142	0.5548414652080462	-0.21387448314837676	-0.03363622618090127	0.7008933260296532	0.3549092322621681	-0.039535404614647544	-0.2510722463810193	-0.41316295245935214	0.18770660513083348	0.1331208693051121	0.0318321071494916	0.6128040021467673	0.527087911817002	-0.16109660019140998	-0.20268643111389034	0.6090143537024043	0.032867487008499535	-0.008807578008001797	0.0017215484359624554	0.2002863127535422	-0.5794677842728162	0.34541590730193705	0.5543316904515386	-0.36204298231063187	0.20245004559458876	-0.42335114518811784	0.031051733639171516	0.33722169614156977	0.03161712501671523	0.11143013124294444	-0.04992015672569492
DTXSID70366226	-1.986913058498473	-4.6345738139450665	-7.46606260835087	4.4387210405509965	-3.469229522440045	1.5004540312671326	-5.510469461345496	-6.257820739825333	-1.359785112111711	-4.050268874687787	-6.015100438798739	9.95582886070498	-1.7296798105840974	-1.4012031649247558	1.1404997264046473	-2.282604982078617	-1.5821709924806187	-4.21369247548092	-0.9745027971162863	1.4809358076424248	-2.850528804647487	0.3048735581013602	-1.8513883384546994	0.960334122551979	-1.652758797377069	2.0404698982572285	1.2764068057851323	-0.2622570143708272	-3.816971052707382	-0.8302766075057414	-0.6616788766403451	-1.596810305350149	-0.11296830921337853	0.545509110793085	-0.7201290442352979	-1.4953512967586478	2.6457601351063422	1.471190593687003	-2.4862721754414356	0.6041419273817721	-1.959664004400305	1.060870290539278	-0.9093448040674863	1.2430813705365888	-1.5253455727258836	-0.6444961110855704	1.782204337383896	0.04258263072369443	0.3573602335968303	-0.27911863027737643	-1.0585702720282186	0.945274374684727	1.5079252536842325	-1.1340030497025808	3.799578201797088	0.9401972161521274	0.7758877966964973	1.3026120443168758	-1.754827424212516	-0.9382700925807679	0.2193728645548712	-2.0601923151871797	-2.733105592928152	1.857438031938355	-0.24440177710904012	0.8321082922954629	0.24047973710796292	0.49706969396506945	-2.037152022438467	0.44040208451805346	-0.6449356543024679	-0.20590309408255103	-2.381674522432397	-0.020374708308719878	0.43111318862509895	-0.26546121529862676	0.3015938449578688	0.7099248632994946	1.2498906505434346	0.23574927856399042	1.1670582156215763	1.6044980521131407	0.8092080436289337	-0.3557239310174158	0.17120503126857844	-0.9970902162945088	-1.7040262249128881	3.1288293340954407	-0.2528005964460575	-0.4089200996033914	-1.3605806486976992	2.860574402592892	1.2937315758610761	0.8586936792176701	-2.7329376031914543	0.5692606498326356	-1.925944872347502	-1.9940227095264678	1.7998717728475717	-1.3999163270145678
DTXSID9021764	-8.625866184227284	3.306202683799785	-3.0805148177454305	3.6355125004920197	-0.34913357329587497	-0.6769694479963294	0.3347160513500137	1.5331767643317578	0.13884938425244717	-0.32765769944556994	0.004033115273130602	1.375447957335672	1.2834556632118592	1.1343954873887554	-0.38843428682379216	0.4093061224093765	-0.30272107251340513	-0.05528218655084966	0.8283517154175691	-0.6601597801679451	-1.0644629133121783	1.57820098780631	0.16895763346455295	0.9885668536166964	-0.5832398610388726	-0.3426294701921734	-0.6029713020522061	-1.1591441751939868	-0.5624190371018148	0.39743127456217975	0.5675913842418406	-0.14788356953287685	0.1409791911526412	-0.4422023012295708	0.16669442159427955	0.4592024008381068	0.4422429212489863	0.515696650089862	0.41350741752650905	-0.6502103925432986	-0.005377962049870525	-0.6702396667026218	-0.16403881405033463	0.19858133001077274	0.13260999807450738	-0.191801305884945	-0.7089213156790495	1.090729487127033	0.7381186545894545	-0.3886652319986856	-0.33242907375085207	-0.17720184379242046	0.40909729843095527	-0.5596262051507443	-0.9308754850707571	-0.3123404123074637	-0.6307062191287898	-0.46941502535217006	0.18307552559331686	0.09897131102083079	-0.5264911213576289	-0.23287390897640312	-0.06823669443325539	0.14038863770209858	0.4505822543791025	0.057011362091178484	0.33399451280647746	0.21021765346869334	0.3221468928155073	1.1862342905855645	-0.7173422079034117	-1.295893518611177	0.5702618415812185	-0.28673047049798234	-0.7114422344961833	0.039852723692436025	-0.0420843860023217	-0.3646019360282788	-0.9144316856552182	-0.05047690838166672	-0.08208432354557621	-0.7167530834875006	0.3787604309534463	0.08704937036440091	-0.018189023906635262	-0.9570221689387879	-0.21407970331865764	0.41586053924999455	-0.15218040870122254	0.04511989584607604	0.7623755267226046	0.7420041255766656	0.05534465693652552	-0.00076218235084643	-0.4457338845897308	0.6501975809006548	-0.3637982620718133	0.3725158033417649	-0.9856355897114673	0.5877107112753694
DTXSID8024280	3.75220331523213	-1.9201334356394728	-2.1958081233137356	-4.877480753111604	-2.589133706777053	-3.4556293010735786	3.659652973725081	1.500836974427575	0.4186497968448619	-1.036265334850946	0.8742530719256894	0.10253954965267392	-0.10703398449292335	1.0694380736787343	-1.4388010137077216	1.4045647869522317	0.5453997124364666	-0.15699373563840202	1.5585714795941976	1.7303436502166183	-1.0231952967931313	2.1180744575392163	0.39345091377524016	-0.015656006448302087	-1.3045888696099288	-0.177623341105489	-0.19678236431399537	-1.2415506687302205	-0.3082597139848145	0.6320843706123714	0.533964484445036	-0.5061039751651804	-0.3705889848852133	-0.07903546473101077	-0.20428700995501203	-0.5184714262730532	0.2884341842011823	-0.38406374286226436	0.5370758085296733	0.11895870568754177	-0.6382928549950813	-0.8158265824978629	0.21637315595669632	-0.12771279380598266	-0.1664932768120932	-0.21696035648043815	-0.7335361780850325	0.11944748219896512	-0.06904953978655753	-1.4374572906570176	-0.787559580547114	0.43349205031018295	0.6746449530945768	-0.06395894566218598	0.22780606990961247	1.0148382975614545	0.17147926515873896	0.09821239918896496	0.3495506264852096	-0.3928734143403094	0.2034495620713077	0.2046437235253112	-0.4016841184871514	-0.004981796049791092	-0.28153086105185154	-0.14453478841206255	0.7442997277050991	-0.740890479075509	-0.2631688167340448	-0.8974398779982589	1.3789099165625178	-0.11398370084783402	-0.5085637376624569	-0.3380870079163501	-0.1337120710388436	-0.5286585104044734	-0.2591946205043158	0.9513258818595736	0.8917901387564323	0.25690296647619076	0.38469947193447074	0.486199214263774	-0.5915318708569005	-1.0243959293367573	0.5981400852693611	-0.3831296003108376	0.09366222487366689	0.6764049931003658	-0.025310739553290412	-0.2380493045080484	-0.22027575695354484	0.21610329996168928	0.34798368138531777	-0.2784999446874192	0.3164412077777707	0.43994520849442365	-0.2039625134074656	0.19366171900720028	0.2532947466387798	0.04832370112608481
DTXSID1025770	-5.7882467931207895	-1.5909647549602908	-1.0327630771248826	5.1044000047100075	-1.9633636012082762	3.188333501352188	-1.362808362927374	4.326030867292076	5.140479556419283	1.6849014197062209	-3.613580429490558	-0.5372549236092714	-1.2649571039574834	1.4313704594425862	0.2600404577186536	1.1784413611649867	0.06024517982719049	0.6492592113719192	-0.06225062821862942	1.3169144935655304	-0.6535676238220566	0.8705801646728359	-0.3173374373435254	0.28092350340766414	0.32126108393823627	-0.3665106314659665	-0.023298883945031695	0.08584990571262696	-0.09461166992025313	0.4848256502740863	-1.0161353268390891	-0.35527323928109966	-0.3345974788437327	-0.24332545234975744	-0.36238396920116633	-0.16810979123833622	0.1142830832962328	-0.6064164720815726	0.3423907849791742	-0.016521551192672988	-0.3638936966575461	-0.5442113866432869	0.5995697479682497	0.0467604024364658	-0.146020542741606	-0.2170825009229861	-0.08117336823237487	0.7651159801532106	0.34775168289985625	-0.06039536733401841	-0.10607233166521375	0.019757010145401495	1.0183256260380171	0.29761636950107007	-0.05729769509265837	0.18913022757066128	-0.4290272108373399	-0.16431733581501407	0.1562351853130219	0.5096238536962768	-0.3861862928690242	0.03379257260476558	0.12504337311135663	-0.5751132468746629	-0.2664389052481515	-0.605086858242884	-0.5389463239177292	0.27599892861428554	-0.2753927643480271	0.3901877553720424	0.3851648503551892	-0.09930363082927827	-0.05232303111561464	0.25737759402907634	-0.18310277659530197	-0.08102239880034522	-0.23804931086649914	0.5328858598171969	-0.06703618632367636	-0.05795111035595068	-0.30064824171841803	-0.4474535922156441	-0.21134594473464163	0.28188701676878464	-0.25610497595158005	-0.10304091383268413	-0.03843758767198284	0.13522231763464718	-0.18958870587469306	0.10023417154988697	0.22215425560782243	-0.1376540005121093	0.189614342520924	-0.2549572509309107	0.5432188859369075	-0.48737622887325216	0.2478899613593317	-0.7721466565026568	0.4722077410124643	-1.0654362793708985
DTXSID6037015	-7.3532439863439905	-0.7250659582408336	-6.104803622594445	3.590478857043798	4.321049392973193	0.3437874719473427	-5.737587287115004	-0.5217660232054975	-1.4238928703761402	-0.02874660474631709	0.7588360677934164	1.981090571890117	1.8932077188078085	-4.186528763376929	2.3809670740816253	2.5051039971793765	-1.6714584449483036	-1.9535208953462646	2.119106093953169	4.396837132908732	-1.8248925806702272	1.432437581337395	-1.9748595033560243	-0.06512748139154971	1.6794500822418197	-1.192083725412832	2.9132575295015504	0.5959102186104674	1.4679571215159757	-0.7365221513266937	2.679934894011702	-0.35296616582339296	-1.8952334537566393	0.009169950517821527	0.6197346735801074	1.9980875069937507	0.5706195373720975	0.6554529209852041	-1.0808294766328241	-1.6988278649052833	1.2111569365332462	1.1577984978480067	-0.8560904880063389	0.971017580669292	0.6135819679121569	-0.6433108986912974	1.339127628701139	0.44973463750554155	-0.25153566210826966	0.6588693849982429	-2.0576218761578073	0.10343542144430501	0.40038889538690997	0.20544240689146911	-0.7495878581085791	-0.23572277621383725	2.1685031677730486	-0.6782962415075063	-2.3505342565429497	-0.513771844513813	1.598547772642512	-0.5744868538510617	-1.2780340435915054	-0.8775983547569777	2.3893129317107125	-0.1546701538620404	-0.7104095630734398	-0.5855967079606973	-0.34726674104848604	1.4758683934996564	-0.607073500691686	0.38163913205280964	-0.6635339712651221	-0.18451088510855243	-0.818862284880138	0.09092887581194843	3.145770647781483	-2.050183193558165	-0.15163160727483288	0.07895217082379954	-1.3441950780344702	-0.09993250453869741	-0.6222617134640115	-1.3862774085533818	0.16651355377138544	1.8220316818290334	-0.8628979904749133	-0.6171066425550995	-0.0962320645001793	-0.1590168252111355	0.17629397041317174	0.34372511373948084	-0.2642551196906697	0.8411160695472685	2.0404874178416748	0.7740269514044437	0.787730608681036	-1.6891136331151324	0.7851421700577327	1.4637226460891497
DTXSID1041180	-6.110193971168454	1.159445143681801	-2.145101057585268	-0.5822075087718384	-1.0966145921912518	-1.5850080477577686	2.0258441687956235	1.5001150114102784	1.3400078658184846	-2.5916251195795077	-0.12723393680041756	0.6281261837127248	3.467101010022027	-1.4073413820845277	-0.39155414153796203	-0.23158703967983368	-0.22626571427536318	-0.05317329356862529	1.0348720397950857	2.1286484636262046	-0.9276853336944199	1.909856947539656	-1.1443328335717309	-0.2847559629337131	0.5877271312126532	-0.458150725112818	0.3287734154202105	-2.130274226945915	0.7077729085233662	-0.16061297178377515	-0.7670577592953092	2.7909386574958552	-0.24495731402276724	3.9306193611661224	1.736567193978483	-1.83333438575938	-4.5629281179960754	6.242690378270078	-0.18343399310016306	-4.01637045123296	-4.940440352175561	5.192019172070531	6.018046426851933	8.885266909667072	-0.2823541413220929	-5.068349487927185	-1.5149573292669616	-2.9352097365974936	1.5591853491088363	-0.991470801750825	-1.3121781758000484	1.310195267413712	-0.7908194501507894	0.07865395137853921	-2.292555401935744	-0.382673944286227	-1.1838717483885899	-1.0604367979750018	0.9804593848177585	1.3739395143878026	-0.23284099968414718	0.18298274747725235	0.17068262327471742	-1.121290590640185	0.5723092270919007	1.3005520801204287	-1.255274852023558	1.2533981160455407	-0.4021531823250273	1.512328675787186	-0.5470009565673846	-0.08716959644465895	-1.6285604877282924	-2.4395550506409784	0.3641279814338273	0.204541827533911	0.5131082857807383	-0.3359881559498505	0.13638918266687455	0.4095938253447789	-0.3711767851087552	0.4071061060908423	0.6649412909968845	-0.21198952561412812	-0.6712227934465733	-0.2788751042473546	-1.304733892941486	-0.07627050458541983	-1.2425167391404135	-0.3168122893870995	-0.9849641432377555	-0.03460520240118775	0.45656116223309623	-1.2118448062997065	0.3015613246089783	1.2437354940088465	1.1864737881090293	0.8790735714224742	-0.5295077477985604	0.4383800800702177
DTXSID2044420	5.3255511432155185	-4.646297600044202	3.2077076902716963	2.408044685889926	0.3389591222699255	-1.609139980370503	-1.2679448628631358	-1.2514037348438432	0.6955569610061171	0.07435457125819882	1.0944237354375252	-0.9582822452941246	-0.021219997495986617	-3.6313163710149263	-0.0846492219226272	0.9109624185011983	-1.7387768169018805	-1.5281186596110385	0.7256142347205884	1.7389793471504003	-1.048332247305536	1.0784336564060202	0.27087294532087286	-0.6243329253658249	1.5099045106656657	-1.190353604205277	0.11220141802529843	0.27747856718576824	1.818315806042353	0.6127864563604742	0.4642007663757856	-0.6187574411876309	-1.119435775905015	-1.220512085534424	1.1328950107174318	1.182813053670738	0.7941902583245019	0.050012817828944935	0.5944321071486498	-0.7738319416549853	0.3343786551580856	0.6405846726802037	0.32930048379500976	0.9456570241298111	-0.5225773112645238	-0.12430845813160803	1.8622104137417652	-0.19403422562175637	0.5719838445502571	-0.3731596053199798	-0.6236466084407933	0.36912366936120194	1.3269009316366356	0.14401983588434292	0.5934819482209809	1.9217170834351376	0.020882295019845613	0.5075767191070338	-1.4211010894486729	-0.38417340879322043	0.1837904830711956	1.9215311702030833	-1.3948493601717908	0.4917756106715356	-0.4745321118346104	-0.8001009045136589	1.013152918276294	0.047803041253283045	-1.1566622989507886	1.2596300700075203	0.9080816442500929	-0.4556620247620811	0.3938468984747765	0.25961323672627573	-1.9507633451936104	-0.4747905625967154	3.6505145305358724	-1.4687652295488158	0.0160984233122587	0.6099740710794063	-0.8310693612202962	-0.8831633654052643	-0.20787031372480697	-1.973070824970947	0.7122020760489054	-0.09082992073175838	-1.1199796713491725	0.8623392791829005	-0.2358668445761409	0.9984710036355866	1.382124532881667	-0.8736342308460734	0.21441399769086675	0.440262392328824	0.7161310722849853	-0.1387291317209256	-1.0844288888947893	0.20008257331456056	-0.531112383994208	0.5448878247015195
DTXSID6045660	3.7960457964619083	0.3968501143475476	-0.28692668874124216	-0.8381934292664361	-1.512379696960912	-0.5621183499845247	2.322847138357512	3.0723198280326476	0.9013839219594753	-1.1932236138984766	-1.512418439550941	-0.6109309133325685	-0.6693572241220181	-2.255893867511858	-0.031236124032725167	-2.1824533676335878	-2.0496435626592215	0.47607916669325145	0.9710998246258356	0.6387778522684141	-0.7127418524263238	0.5656695821073887	0.16496328078956357	-1.3658269221890798	0.6786109710912526	0.3047178458769676	0.777513217592678	-0.4684671356304118	0.23438954987514285	-0.002094495997444686	0.23553242953973072	-1.5054319717951912	0.6081852875514089	0.0799019320817325	-0.7465939387901294	0.3059778225312025	0.33259024442325275	0.5282611749742878	-0.7460463373453721	0.5873924612669543	-0.5765589118452009	-0.8576474972534864	-0.5052655098651735	0.9942579840359188	0.018313627508503072	0.9966490161277803	-0.13357093901089923	-1.3241191974270141	0.5626758378477021	-0.6539639322289387	-0.33355611600624885	0.5251745363376298	1.4014464748402558	-0.2336325073146159	0.7342796335986078	0.9484176599422687	-0.955761343832397	0.05057295266934244	0.998107696640036	0.6200057165861589	-0.6248244289333216	0.6066024052455439	-0.7655549594099558	0.17866558829840967	-0.07416912853969823	-0.9087223310809119	1.7977165515658837	0.37273769259397105	-0.2849299397968891	1.7779426615163036	0.035709738242833494	-1.1277636742888983	-0.04103647391748413	-0.48264028311084495	-1.43605492386142	-0.348710133918738	0.15335071148609541	0.060968703136381815	1.3388876010516535	0.2747956283816957	1.1468861361485045	0.549960090793095	-0.6088574274002699	-0.31547434031522414	1.429009523592454	-0.452235128814759	0.5295970310461316	1.5084009607483888	0.4119868215773521	0.5768235492103595	-0.2031861152045506	-1.190574033686036	-0.03320442395182968	0.979480103597131	-0.3209691702938343	-0.9955977754534061	-1.2280296357155231	0.27997029740268903	-1.36112325950299	0.6188986659103517
DTXSID1048594	12.655863934988204	-5.886979660589701	-9.344683536151702	2.51196332635958	-2.0609109387879254	-3.344138323238181	6.020520668992384	5.953306999089051	-0.31704197666019496	-7.288573909347667	-2.1492670277177313	-5.335496915093675	3.1507991778179356	1.507463871748633	-1.9433675428595665	0.6276453898205132	-2.1099413827280546	-3.584819321990161	1.556153316151773	0.5629019364130083	-0.6891088798249869	-1.7125804729166394	-1.9412032174929157	-3.6706282304322477	2.8451950217331383	-0.06831073862522782	-2.617648443142153	-1.4579831417571099	3.9501613500060495	-3.3018558841787735	2.1498017196011876	-1.4569076978572764	-2.3397223459954426	-1.2671046016946124	-1.8418791206858534	0.15117952292590142	1.6954951937446665	-1.83798336699429	1.305649548494484	-2.593131984092936	-1.0243154492318425	1.7344088472541008	1.9138091865629565	-0.3940521148701798	-1.4390914738141725	-2.308114149586925	2.218710635175177	-2.008721456646783	-0.6988136773225992	1.3430454214498293	-0.17290168450004678	1.2734927390147133	0.6727895231248421	0.8157836997601395	-0.323404518401826	3.0209360607437046	2.7915880108673368	0.7699669422945826	-1.2513248871356535	3.6709100770130747	-0.31075663195296865	0.2239854656644497	-1.542526585218876	-1.3800443873991193	-1.4755831820532321	-1.5189204867725927	0.4216416168863669	-1.0728033471951184	-2.959088922288087	-1.8716511485197342	1.5283505348174453	0.32402938999039926	-2.4691703423253033	-0.33891876722302516	-1.9769426523147509	-0.6939536751843012	0.11383728908923078	0.03347336142838684	-1.2330143500131356	-1.1746242557968096	-1.9429177726426243	-1.676522722589387	-1.819466858454125	-1.8450473173964348	1.4317761648808647	0.8016134564582477	-0.7265930865714498	-0.9980581449035272	0.9386128274836387	0.8414860072933857	2.7659484553407148	0.5158314175420156	-1.3880964761739991	0.34906154607350987	-0.2974495872393782	-0.22608698168251856	0.9926397491117358	-1.3177388420505498	2.3203878030557297	-2.1818017296087744
DTXSID2027414	-4.151962963503076	1.3716798020618022	1.2732763476162983	2.117226122423663	-1.0813757124483756	-1.1438975737182555	2.0889288935908037	-0.6776134011703583	-0.1028882883201805	0.29509284266793173	2.3430631403777795	-0.13792572230136368	-0.4833586244911543	-0.44655406476853887	0.3405821136397878	0.07981469757299353	-0.7281388840368396	-0.482435691754651	1.5197451509799733	-0.34396135685710605	-1.054356949747989	0.3059352459974429	-0.31217818130343084	-0.6342213266583334	0.3092066729405725	1.2235673377773937	0.36742890100241987	-0.6890142477454136	-0.8403988637553536	0.6837245930217966	-0.6634356156336076	-0.0027210450300252896	-0.8471612417654132	-0.5228754784352478	-0.48743928698095723	0.7015645942762604	-0.08556218001759837	1.2919745046675328	-0.16803066789822657	-0.23582854053444544	0.35298787233575235	1.0025368431817365	0.14533878125854233	-0.32090349179820826	-0.010690856899304718	0.3552036405311157	0.36569499837370406	0.759534969529393	0.18831713545845738	-0.8796154310534553	0.03890082388358336	-0.236739842619518	0.02440860288196813	0.3183675728645381	1.048241368180894	0.15484375390639435	0.010071878826071	-1.8985260234537542	0.6443974402792695	0.5278311835259415	-0.3934280735621969	0.668515515913206	-0.19097798096827756	-0.11857312194381817	-0.1234552967090712	0.06152572369472697	-0.14569765065204768	-0.4990257607168944	0.02416916418112191	-0.2149879865054826	0.49821164541262747	-0.5351441289083181	-0.13285780544395226	0.12806937317902095	-0.6393296521340995	0.21191068739459412	0.2131505507436352	-0.12264793839082033	-0.16344062793446398	-0.46997003095913437	0.24908787926430082	0.5313635523117327	0.48159654931877155	-0.46374037352925224	0.44953826092279886	0.10950885922726442	-0.05358928125533824	-0.028233966258297324	0.3308260136105937	-0.3592339384465441	0.08516424589157207	0.030481435438641256	0.16757185126753374	0.44799367644992394	-0.052677162990613306	-0.3481719334567455	0.11139895997863922	-0.16287889041543666	-0.5193243508774908	0.045738614923553376
DTXSID4040765	-4.940919938715645	0.24891709692583927	-4.2878447031698546	2.693844261735987	1.1581542826048181	1.7362794718730035	0.8537115026996935	-2.2787223485738983	1.3298835888893565	0.18814576444561626	2.6318813047447414	1.9380240627839964	2.070974876360665	1.3179491560520886	-0.5488041643072122	-0.8255832190183691	1.4613471513823808	-0.6744839542628256	-0.520976308723996	2.103758401839455	-0.27755320908484254	0.6631426184199438	1.8151467580314715	-1.6184998863156241	1.8381354495324733	0.3905449744443491	-0.8953548929796747	-0.14528144392420092	-0.6830600816451614	-2.7983091730667278	0.25905034891549455	1.525517181764736	0.180235269872169	1.087512353901752	0.29030615203407967	-1.1586643019647758	-0.5875763205277664	-0.25460512686813264	-0.11243289078807041	-0.5187999717026179	0.10440691241961314	-0.4507995869923912	-0.08009435924088565	-0.17017289850201	0.7248423701047036	-0.7590226370712441	-1.2671653263057658	-0.5887537942477332	-0.7320651281516466	1.22620781863931	0.06607285017725648	0.7850054296719705	-1.3480140883029057	-0.4147561152403651	0.7291618489656758	-1.1918662102537645	0.40914416349148386	1.6627783143635024	-0.397761295519442	0.2802022717303191	-0.05222090363808939	-1.157794413811054	0.395889687367949	1.4787944479649593	-0.38321504249390237	-0.5690353386200817	-0.7424354099222796	-0.10425504411531204	0.33909727383583443	0.7437803279649035	-0.5857420239523387	0.22292154700887798	1.3011097204317514	1.1686687491484156	-0.828267475053412	-0.39420348089698093	-0.963223883834016	0.3351795973812116	0.5026380778941207	0.09262440163374228	-0.08627700727618545	0.8571389936312882	-0.3869863551095148	-0.6831694568803935	0.9538416829860036	0.3522850954462734	0.07237313544499126	0.026753620199792338	0.39256554994156867	-0.09215074643976437	0.6560444282240927	0.19703606205559038	-0.5858083139634516	0.33132781938560585	-0.6294397353973311	0.14234324676909021	0.4014010062031388	0.25320338266758813	0.14161864395092688	0.3297045581397546
DTXSID9047413	-1.0425758315475575	2.7303695824320413	-1.0821602736277907	-1.3070042247711473	2.829808842665434	1.1943323892576092	0.2585516731643572	-1.969174155170875	1.3565395727998475	-0.9857662321041687	1.284132671868032	1.0105672342599998	0.47575470837385125	0.9743056133320459	0.3894767486809972	-0.6011669093860126	-0.8895594504705535	1.5996409625442145	0.30882023281937027	0.8389370642231939	-0.49991213614382324	0.5175638570564841	-1.1953616447238093	0.3498343787203978	0.11028042508461584	0.3444014586606753	0.34227391941675656	0.4008419739672086	0.19535964745502704	1.479034141590841	0.47924260851991446	1.0612879346837285	0.3681747417140685	-0.33981762160607937	0.30071701556740776	-0.8163491746358542	-0.11211953462478537	-1.1484445658799773	0.21009905397557593	-0.8229840502401619	0.13863631997112077	-0.4482058404448657	0.08472153042803338	-0.025626684680771953	0.4987785996842997	-0.11989298913380618	0.6057177961915459	0.2612701509875108	-0.612333936532306	0.3263283368479333	0.5820197943702158	-0.15753210743851292	-0.32291694423248485	-1.6532849838268462	0.6543114445004011	-0.9069163021238779	-1.0053390543074754	0.6596464417121758	-0.142464374186014	1.0943904162720486	1.3400965470413544	-0.1295676671980867	-0.44041458768084957	-0.7102979010683251	-0.3336979803293672	-0.20468829766127497	-0.25832022062822135	-0.22526321057618384	0.09204025651413354	0.8722286081210868	-0.43868106286159175	0.40287118619446655	0.38943397679604325	-0.03007476387313041	0.26716228514793916	-0.24874283899406377	-0.6535441980245791	0.43070513801300914	0.44265172615926185	-0.1755314540510115	0.3602977612446994	0.42109546362016625	-0.07787732000305864	-0.08746782190896464	-0.046209602893577194	-0.07763602003995744	-0.5695428319953929	0.06399957175733605	-0.22585578049347207	-0.708621370503847	0.0028031713022035254	0.4806779761552043	-0.4134235331334709	0.11861383340288706	-0.647931178368291	-0.22208587327423504	0.3864370079928027	0.03843329596757298	0.3903543196175176	-0.09562873866204732
DTXSID6046268	7.700312305144546	-2.356616858833254	-4.04451120936615	1.936669887843687	-0.3218272921786598	3.4523413131733793	3.2470585323527548	2.540021493109341	0.6883114147746688	-2.2550250201081212	1.539196399771896	-1.5504594351475227	-3.7991258658700793	-2.849972733333381	-1.8619993156207268	-1.479650965373862	-1.3159121560110654	-0.4031681914123764	0.7150662744364915	-1.809947402830865	0.01945988431039153	5.42424817244608	4.555454598849693	-1.4063000017932694	3.8423284602346057	-0.1430676968973043	0.46440137198592396	-2.4568803021316747	-4.935997482470327	-1.0700826419687663	3.3916999937492633	6.351252555243742	-1.5649434203654002	-1.207922528282076	-0.20239691015218902	1.8960440857382954	1.2595999019113806	-1.0881451832245832	2.5559566175113577	1.3086205224037268	-1.456588476640231	0.03223626599929435	0.1384590057871752	0.849133493202567	0.13444473886366312	-2.5176978329632815	0.42979980292694797	-0.9558803784756535	-1.4536620816610422	-1.868662886618323	1.0523976348475108	0.19255275376638145	-1.3540040829762827	1.64645961711561	1.4496999162576643	-1.2173783802150528	2.477643464444309	1.0349345455338044	-1.2939819499354837	-2.194973523836589	0.2603033760523868	3.5706815801192238	-0.148753230115142	0.9679879286937791	0.7711407434806898	1.5226447947597643	0.3508323359666932	-1.7396990267929946	4.0189892532734675	1.1607755128797455	-1.945847195015372	-2.043513882880875	-4.6807682921997715	5.421986400423706	-2.877069053418871	-2.7198310494746534	2.4453339367719042	2.5488452723607735	0.651202301294404	-0.624787330798116	0.3910625855401606	-0.07936912892177822	-1.2001332912643947	3.254992169782006	-4.1061437604154545	-3.7581018021053896	-0.21580085368885835	-2.3127150656855058	1.0039962566642535	-2.4230890935455967	1.4077035400571132	-1.7187613388116385	0.6678824934088526	-0.40112318291585763	0.20090136859287863	0.43129712192395897	-1.2790858227070665	-2.100527565917529	-0.16712611880248088	0.9577841862999047
DTXSID0047082	-4.069390816583471	1.2162423247839007	-2.131578903059282	-0.8816455262246226	-1.1102238438470162	-1.4109505571900653	3.4900096622724956	1.515282734294655	1.643412783534812	-1.9341351849140525	1.4015357924997645	0.713357163000394	0.7279401704426627	0.12767459444395432	-0.29792440003495146	0.2806663473664707	1.3266058558299307	-0.35441391038004627	1.2901363206229386	0.25297296185847246	0.1754059285121358	-0.3786863881666699	0.02994108714131244	-0.6096238604616646	-0.365821939565932	0.10193264703134527	0.7180050523446918	-0.23469943290617976	-0.7265141901836872	-0.1283266474299151	0.5097945114954144	0.6262443774308218	-0.09856520413640826	0.1965579872597227	0.6059471666345398	0.23394513138658968	0.12386748821932722	-0.6464036774492252	-0.08619260287226213	-0.34432995949702155	-0.4181339911979013	-0.11725793409769877	0.06856138256609769	0.7113219802339104	0.11034703588527041	-0.28687260229858136	-0.21611847563042402	-0.11596808700797497	-0.63986899466031	-1.0609677013029497	-0.17010088022286193	0.23401467647727148	-0.01465072170862266	-0.9192959310901226	-0.40953744700410083	-0.08998183141727366	0.13439937282363343	0.07243609313430026	0.16781645473832113	-0.4546813016370478	-0.037511643505313504	-0.7647793742049245	-0.8953460468219432	1.1495740199573867	0.16547648082429592	-0.6068155031872092	-0.7141308153347812	0.2700946517369754	0.4905389098978889	0.1689890844169814	-0.010685237296514424	-0.8421879423269648	0.3995613987938612	0.46163433520522984	-0.4231137895244198	-0.31940499433168784	-0.12099287908960295	0.07416161791677392	0.1666691356995225	-0.1705138601361751	-0.06895666195972414	-0.09230795143612806	0.2066271566633374	0.026970358609098702	0.5366755324192416	0.24589072924925787	1.004138129388922	0.27660911123856324	0.8222548900092422	-0.47668216067188957	0.1730373836313425	0.4029890381968951	-0.21431925171184288	0.3221037042767335	-0.019823795346353593	-0.005877495671079205	-0.17065722578015827	-0.12764836044734396	0.033569665373338727	-0.1420299079665782
DTXSID8022246	-0.597170612835204	1.6252902697456328	-2.8593018516161375	3.069339600723312	3.594471808035377	1.8155917674451858	5.80561731825163	5.751536358660718	-1.5446953938258066	4.218220974260976	-2.4500654108542217	4.835897101080127	-0.027310140664680016	0.4552501213673708	-0.5923449999547259	-0.18940027421819147	-2.53014810196882	-0.7253005224050932	2.4440714791823384	0.6939539884049495	0.05814367700352636	-0.8035472075817162	-0.40541353867143864	0.07058784663146282	-0.39308620461088273	-1.1334903895766353	-0.6016366240956017	-0.28943461142886767	-0.4042452492641393	-0.2513181270712031	-0.03871179114226264	1.343325560101181	-0.5608544070211521	1.7812065352221123	0.5407742605280496	0.6067027698709797	-0.6589327465433521	0.4455259348136404	-0.4585836961216976	0.7595892835760154	-0.3537630512723018	0.4476709977084569	-0.27281323095253973	-0.722082006208776	0.5176968573866974	-0.008159284759027817	-1.0096743463003592	0.4551038841288427	-1.2255233659755687	0.871850170318396	1.067119370863173	-0.23730145668730412	0.019983432311147502	-0.5577864129075398	1.133334236789084	0.13799768623299785	0.46857527195409227	-0.11002154626424158	-1.1666768303975548	-0.8055817029408759	0.23890995136130166	-0.8789394620304389	-0.2447147600832204	-1.1738716272108467	0.055810057672816694	-2.8488487762593415	1.9286971937350141	0.1728125000181914	-1.3636850492272516	-0.5887427963161663	-1.5878112238346445	-1.5985404515706756	-0.7117235288582221	-0.6132740531388075	1.4956033599257708	-0.5178488559288096	-2.292525716147424	0.03614588805375447	0.6272357313182303	-1.081834708237839	1.8060548440788646	-1.4754003810384362	0.899499961490019	-4.1795548555320625	-3.417265071046858	0.920618276442497	-1.0387920663824743	-0.6247879877804143	-0.62643879462179	-0.8494761766488188	1.1966256378262716	-1.475242326108856	0.5368112556844172	-0.13950185111139327	-2.3410470410395576	3.0469664245696375	-1.1041621612977184	-0.2564741487791348	-1.0355128036024124	2.632865500852873
DTXSID5027647	-2.241405123804865	0.24355340948503437	-5.2319582407503225	-1.9905009394317603	0.6328653571738817	-1.446283680924092	-2.1119455878792968	-1.4429623095184454	-1.0053217236446839	2.682129326673139	0.9463196054284028	-0.10193588967489887	-0.14392541665220415	2.5932772394037045	-0.7833511372955559	-2.073468061760145	0.11090145633287635	0.021736225886100816	-0.16883379059077422	0.15822513636188296	-0.11844661360062246	0.05071212156697324	-1.2072473570051283	1.143094157282691	0.9865241764436398	0.2348740387546049	-1.4147907882604336	-1.200429061872959	0.42893742116138334	-0.8111588295801259	1.272432504146719	0.20806087284855693	0.1492442367696208	-0.20420971188190482	-0.27889003309187155	-0.359903918151296	0.8827298512943842	-0.3239401379952513	0.44798850574023985	-1.0989237444051205	-0.3636576209379499	0.1725985717075961	0.38751929348260983	-0.3771001312177082	-0.4582436278089732	-0.22758111976603315	1.2966933518144717	-0.052905242074528507	-0.6432794507509573	-0.08195516409820364	0.6190707737271779	0.6671376785067471	-0.6487461833129404	-0.25392477889420095	-1.2332237959008372	0.11273896342367044	-0.9615822775505314	-1.439813944586804	0.3340405535521284	0.27821983446056425	0.8555157945391697	0.7418735164990501	0.07107506546141926	-0.37714301082686136	-1.1348704738100355	-0.4763348235033759	-1.5572333238317464	-1.4469666932467466	-0.21776776198255654	1.5148974011457508	-0.06656631981719231	0.18639225319461075	0.40486748411095885	0.5888651576688444	0.308719449805857	0.4822676607147394	0.002526241663870915	1.3406794432951163	-0.5094407155921462	-0.366578547941018	-0.007696031472673196	-0.1557429613778104	-0.4886513251091582	0.3686713651760432	-0.8171206773226507	0.22513440100865817	0.20241343112868734	0.3447868245505668	-0.3024736285126628	0.4504669235106977	0.6308994396056666	0.27980104671558487	0.012420604027217865	0.1312077124184357	-0.35148965223405043	-0.43380255433756554	0.19055570027660584	0.2029475532064067	-0.013897950326213852	0.9486270741380393
DTXSID2021997	-3.8803286268550417	2.185508139961915	-3.860765159182308	3.8488571692590705	0.4590524054007979	1.0101816317308836	6.726603877379429	4.354206183885585	-1.4664350189109892	4.155756321627524	-1.6057890612533614	3.597569108981637	1.5561089890543627	0.2321352566653315	0.9367153111194605	-1.127586626987864	-2.7580309661817286	-0.31723166247729095	3.7020486331463287	0.4472383203658584	-0.0753006337761342	-0.24559318328133942	-1.0282250444571135	0.246862562384078	0.013492736303300933	0.01756539975348157	-0.11661562195764247	0.030931201271042184	-0.7410328455972356	0.227477391019437	-0.3255435087388093	1.6635034968355633	-0.3861764098297198	1.9022991066817734	0.47028093489601014	0.6004017986828555	0.024789838307129088	1.3712189767093463	-0.46442739182891807	0.8266728393601703	-0.6015334160883655	0.13174243385219006	-0.28303995446842445	-1.0520968549835756	0.5610599140538958	0.02350117024047778	-0.952144327886568	0.13493679516967214	-0.5808968432154773	-0.05915885861454379	0.21191771564115677	-1.0654157414141239	-0.38562989052241237	-0.3497172196934796	-0.22586248785763546	-0.17722020320922363	0.2996330844817269	-1.140807486031613	-1.077926712939125	-0.9471266934966545	0.37115034674779357	-1.866009674365341	-0.40490663263617616	-0.6929735201960553	0.11373480176183151	-3.34880205008433	1.2851029753354244	-0.8356892708008995	-0.2681727343196537	-0.30289378482495793	-0.3994278009475462	-2.057050167821189	-0.8120931214384131	-0.3597663992773894	1.2799941063070268	-0.15337416180179245	-1.985060547151337	0.42193836086054654	-0.02621526621683491	-0.7379975015835873	2.4711676623639955	-1.9943119132946863	0.8993481794986025	-3.394384169647612	-2.1898476999202012	1.07156665280889	-0.6008287679965176	-0.19308427471118855	-0.3797985868712987	-0.7379086527932638	2.1056356907770106	-1.5020171094839807	0.891146311934963	0.08832395961118514	-1.2886495656848462	2.946339818764361	-1.1574245555712996	-0.6431707372037091	-0.5559075905815283	3.3080053135455723
DTXSID3022401	10.397481715649127	13.06902850589254	4.044691310106306	-3.770795513484396	0.8983116915085182	0.01960114580245311	-2.4117631506852977	1.777921416990417	-0.26906181286652614	0.2435287506100938	-1.6085343883647651	0.2301824333084314	-2.662687365653023	-0.5688151990329764	1.7209220441941202	-0.3523340467278138	0.44253358350473604	-0.35965158595107594	0.5815203465277784	0.29919587843849277	1.7061660021410336	-0.006053913564553989	0.20825378003825648	0.7257703132972813	-1.8141262545172818	-0.03540426541550061	-1.0509972628079904	-0.11795200057069237	0.07964914694848461	0.13729323360877285	-0.6379136047662389	-0.2822282928831951	0.4346001743068673	-0.9743968358775947	0.7399620927668623	-0.2320597774468632	-0.19281227048005595	-0.5386716072844988	0.889397786311849	-0.1909671791744032	0.20868476379452106	-0.692917438673092	-0.46239205486501894	1.0030093569679763	0.30040821325229333	-0.9959913823725283	-1.1035938911506198	0.8066271650598024	1.0909468850276998	1.7909676023874883	-0.24134652579077415	-0.6903728890552066	-0.5327142314571186	-0.20532519395669338	0.5716651866590116	-0.142863759257627	0.4455741829364674	-1.197610695324933	0.8740623794052381	0.30261039413324337	-0.29735041103825727	-0.4229870589896982	-1.674322140011611	-0.10620493166816838	-0.2965138534769277	-0.5069099431174207	-0.3047269311715938	0.6318136284317631	-0.43432924787890326	0.09018451278908664	-0.6264143800471937	-0.28907775815342485	0.48524450853272755	0.6464244655994501	0.1495159985336412	0.07743632655955617	1.3488198496889705	-0.27456097131901613	0.10155474750084165	-0.6389312353196615	-0.6099928021995658	-0.19318342536016705	-0.36452174233840995	0.007973420867405398	-0.9884496510003943	-0.27594022246773214	1.0580494974393786	-0.37651938231247106	0.4291684820826974	0.7354626511747745	0.2546822081912529	-0.2345930577676608	-0.15397347228976757	-0.9732081054666292	-0.5701085067914707	0.01344509830591607	0.4979934150302275	0.367067185628754	-0.07767056381282243	-0.5207029764316817
DTXSID9025401	-0.8275551226586307	0.9023475085997978	-3.576669542638879	0.17543338115411872	3.757099432003245	1.933281691684225	0.3811473084015131	-2.7993705457632787	1.3385138065597768	-0.6754168939334062	2.2707078972301837	1.518061080873633	0.269158216059762	1.1890078636442745	-0.6553563279889888	0.1606308664127941	0.16638645776684696	1.2135506052807437	-1.0341165556697443	2.000133509453912	-0.6555170701614403	0.9713616523118715	0.03312027704763836	-0.6748915482241976	2.039766017026325	-0.24246302918848608	-0.23212143096488613	0.35410670887050755	-0.24121220602778665	-1.4941109604219622	-0.22402920160778056	0.6676831876301977	0.7830691783296643	1.810668270849672	0.2255655037853488	-1.3332843041075264	0.15345122227126448	0.395295099249815	0.020222654125285337	-0.8714181073967782	0.2022409299348495	-0.6114852319465883	-0.07957729880186847	-1.3934160929566626	0.904999514329868	-0.31129712362060963	-0.6542130155896441	0.3541941738038231	-0.13850944731125772	0.7688343306827647	0.15845358102533647	0.44165043631457485	-0.8883896359970088	-0.9191653625354262	-0.16111195463619224	0.3660219102985794	-0.044486265750693234	0.4046554431388019	-0.2034411784255527	0.6368229271661827	1.0453720991298823	-0.6104584415024072	-0.24411963693328884	-0.7657283239949189	0.09117954298974394	-0.6275633048711451	-0.583444998469799	-0.901682017014712	0.44148299729575907	0.335875319506103	-0.7739989634686222	-0.18077706657241482	0.5939978022606217	0.3107334726924353	0.14652478327703528	0.5118026426791864	-0.6704631979505006	-0.04904540979332204	0.9076171113212754	0.1812872018267799	-0.7192463085469336	0.6829298263750918	-0.4916093769120087	-0.11101902225460511	0.396185335809197	0.2136830976896244	0.17943523158056918	-0.4039501277228503	-0.09867707433106127	-0.12136100325301133	0.3893472385988357	0.42176870459159765	-0.1509771765425933	0.16692052914949182	-0.7699127558270737	0.33724240112177084	0.6077763509601671	-0.06467280191100616	0.2591436206122025	1.0428369577161587
DTXSID7020344	4.508024967790535	-1.0988164077964346	-0.8078264097120805	0.5613745690835819	-0.9783450263088261	-4.602841927758524	2.901154765766457	2.9925548486488904	0.985780355673714	-5.412908979629799	0.5943510234816016	0.5978438736198022	-0.6913717843414571	-0.7606095113318779	2.511586396284409	0.17013405773183357	1.8012214948481458	5.2441222541755925	1.459242266997302	-0.9893377316363853	-6.7071640880877	-6.418833975529144	5.449800455304354	4.386500712946948	5.612781453515269	-0.7152215464353101	-0.2317845358510218	0.9134195247626544	0.7740940819735307	0.27643237619873257	0.14970737010880728	0.005406173343248075	1.7552690165716616	1.0812080729059956	-0.05369825856360434	-1.6383057136269037	-1.199794620829494	-0.042211371986061855	-0.26062545829196726	1.0583014513352447	0.3743073769302927	0.6156176819218581	0.4422859039389989	-0.882394245792669	-0.40904944449455183	-0.07361433481290514	-0.43690712371893875	0.8263412426247766	-1.2247668328507486	-2.161121411254006	0.15813521389085944	1.4734478682388292	-0.4750265481900495	-1.1047475454500797	-0.3282465509833731	1.01066571544764	1.8831179521314965	-0.44321177940094875	0.36757338775180365	0.12465352675453686	1.3187416714354852	1.8153972177818978	0.9040376438931939	-0.5135033956923681	-0.7314747642315043	-1.1796480805874485	-0.6744396941311431	0.25943760125753723	-0.3302016734302808	-0.33430450525417815	-0.09977586331824204	-0.21736894937181325	-0.5659489487253675	0.04255101490000169	2.35524327735878	0.7558099654903816	-0.7094240678539445	0.06834031796015032	-0.32049628989446177	-0.6858466501374452	0.1232503692595011	-0.1601368463927894	-1.0118102329486465	-0.21644487933628015	0.5796479284468761	-0.18477935258400516	-0.5511586238086367	-0.18409152304329596	0.4977618333238382	0.11360480897841593	1.0384267448462892	0.6089177478786317	0.18909147052302558	-1.1421200257785407	0.8189802366844994	-0.4787046753628165	0.51181714504723	-0.7026119716129986	0.7448960503118428	-0.7215645722009166
DTXSID4021848	-6.487225125643857	1.8022758555131388	0.16495161541632697	0.2010139257855989	-0.4340229521804902	1.366326329809075	0.6260492370040643	0.6787422884959148	0.21350528477632275	-0.644298512263233	-0.2885331683904735	0.43514448424992436	1.2137563339304902	-0.4095069472175685	0.8739586802511183	-1.6060959481808286	-0.7970153670573294	0.33415628051905116	0.8733064758632606	-0.14194129337545872	-0.14998518989158285	0.12573500577541744	-0.13591008183254272	0.3830403447016696	-0.7365345175864847	1.0393159814368873	0.7574666966093523	0.12855427367334815	-0.1102277023719705	0.43019860495519147	0.07940532359478719	-0.29449201135808883	0.056157638282835605	0.08911427174717756	-0.43493987629455144	-0.27191122083272384	-0.2687976982372413	0.07380405295931214	0.3777761871739317	0.051534836296420264	-0.11695113436912985	-0.801411520971256	-0.3882689686039322	0.592507777415664	0.921157096259964	0.1310071939286361	0.10165014850985062	-0.47633380690285054	0.6058957969114948	-0.14762638438744716	-0.04249187599580499	0.2065045467183553	-0.08232998464616578	0.24801553123226153	-0.3988610731607555	0.1033711512286181	-0.5528734449581784	-0.5189633851691005	0.5807292516482124	0.2248686771773288	-0.4144812963399705	0.3606505583700284	0.5379078357452091	0.15114471412398625	0.8032412222540309	-0.7633342186256209	0.19615214242014492	-0.5450968629874168	0.5153970893379066	0.19140408803666556	0.5585846469488721	0.2395410358921186	0.4260750713452274	0.4562168208235618	0.5531782901591553	0.0136066024625189	0.3206828477993149	0.022881678369087312	-0.03661147664261748	0.11647429901282623	0.29521882055863163	-0.31752550697986587	0.12608259023382945	0.38809030172712533	-0.4064158393607007	-0.054542554836376045	-0.05340447485623169	0.3394694926548342	0.06535014623112499	0.48112746741537976	0.2887220630492432	-0.27341479686371445	0.01423292645902029	0.7025918524414241	-0.4473195802835974	0.19589810889707532	-0.3124716090209915	-0.3889720889890338	-0.048331185615703195	0.3630782023864493
DTXSID5044867	-0.3413514176505243	0.5105098625010388	-3.380838687414226	0.523373995393736	2.392733541571806	1.4351804307715494	0.4325583691011095	-3.000097958926818	1.5110354758904059	-0.30849155039446224	2.610821742511878	1.8339386739158343	0.8810890661308404	1.3488641121767813	-1.0622464368172175	-0.6103689269201396	-0.5938358068084332	1.615878055633595	-1.3448894635793651	1.755302870828885	-1.0656897800689975	0.27342060603314355	0.06167899630101607	-0.37017890164049494	0.28432955369246665	0.20802445837647718	0.3100668181572624	-0.06035548365445659	0.26898654302933145	-1.2753557425563942	-0.24246338056764102	0.46235542579630146	-0.11235024117377433	1.642827804038047	0.4818744952941987	-0.5209734368854071	0.303891992710539	-0.00357884632899183	0.38008186946175143	-1.0643147688978503	0.33181962394556924	-0.4663096250702382	-0.16112085046236557	-0.9511061195990935	1.0359775682759846	-0.25539572570421926	-0.15272518562268725	0.36379290678059073	-0.06788508384615582	1.0774742833039181	0.2803714527652666	1.124976094377239	-0.7872155041896532	-1.1982621712969008	-0.08001283474545777	-0.7479498765379696	-1.0619592159427882	-0.2131027875616334	-1.179556797700782	0.1287033456527939	-0.1304944476205996	-0.7302903835224835	-0.42630742327721705	-0.32937313142792096	-0.7889018034553728	0.11639606867889421	-0.01445477209948908	-0.38698598544147095	0.015587940752857774	0.3239854985272196	-1.425503202606134	0.3975453106994392	0.926068310558275	0.945444701532532	-0.12475459858619571	-0.8244620354849763	-0.566466833273203	0.2954735161019174	0.6325851449968724	-0.20669571694397953	-1.1266891983830007	0.7844142340467158	0.002609052198388081	0.07379097089070631	-0.293210516620754	0.39038786286724686	0.12454901445237344	-0.13552136826386987	-0.08619889345919234	0.2691073995407433	0.010736245580497655	-0.3547077193663351	-0.5680843287426788	-0.2765835318829271	-0.5821518794394251	-0.23019518281998005	0.022559284419712874	-0.16689710859704818	0.1238901746562555	1.0198146141561646
DTXSID6025438	-8.634210466456132	0.694843908318229	-4.952383884783493	5.6583255619629504	-2.94702756190093	3.2522605306816854	-0.054196132116721384	0.05440917488703931	-2.139562911292501	-2.5645624345911657	-1.2921424890990312	0.6223235305028151	1.4324181110619847	0.0001571804777226473	0.9482060370953722	0.3889815813019565	-0.11599234502930535	-0.5894651369861431	0.7935565337859076	-1.6325839188015339	0.1359690903988522	2.483197253442299	0.8056602292570176	0.7413011927546737	-1.139006630355762	-2.260859512938031	0.18658634439165633	-2.1149574196941456	0.7406130886787976	1.245158906169668	-1.9335072726583933	0.3350364062771218	2.724427349247371	-0.35897735861460484	-1.2780321834341788	-1.3299026131676783	0.9225876584913811	1.3342363271508038	0.037349910865006344	-1.0688235368550207	-0.7234904167637757	-0.8581517154702274	-0.7071862136928813	-0.03615506715280678	-3.019753616308871	-1.688610935475418	1.0033582075253882	-0.11037870374757124	-0.33389230716410834	1.147845315673424	2.019011154160508	3.1836962431958478	-1.9523098749861918	-3.6910801233645265	1.768983036682665	-0.05453318156839199	1.6749976756520537	-1.6551022271506404	-0.9937234341955756	-1.5934661510879078	0.5025152241769062	-1.0458099749581327	-0.9226728494758963	-0.4880237643652182	0.7615891644059798	-1.5157959981121054	0.0050647271316847575	0.25763667989853345	-1.2243128386586206	0.3787574273079245	0.7090711281885638	-0.16540437240393158	-0.2880925579450798	0.27460931436909647	-0.1719332572688445	1.1339796282740258	-0.5128244899406975	-0.3910984967478526	-0.9752794737787507	-0.5076369135089094	0.04943039700735375	0.1681154659646047	-0.14119773727424462	0.22993031049949603	0.1704793836391399	-0.5051686308038235	0.7342803732590099	0.649481562186528	1.0612083675740678	0.031499042980019445	0.17348877547696542	-0.26281887057952313	0.20895448160678495	0.023003697714784763	0.819100375404189	0.06557750275934712	0.4303253117433126	0.16297706288296446	-0.05958611745830955	0.18125918614358727
DTXSID8047422	-1.581711514819667	6.304974080157981	-0.931214237995848	-0.5426636365885251	-0.9026293334907802	0.2211971176414112	0.15598193113258624	-1.1534885432684083	1.30640487213513	-0.6108420077865631	0.9323173860144198	0.2760942529613584	1.430019113298476	1.194975946455745	0.47662931261387986	-0.2598266488488089	-0.5053767179668852	1.7130586983490366	-0.4763492894473348	-0.20371363004384052	-0.4773286085760682	-0.5519337688303574	-1.484673921824057	0.4393715390961884	-0.8993570834945949	-0.4887364774108154	1.37628031722813	0.18942688134071242	-0.07227790815174909	1.338420230427621	0.7088420439338171	0.420624456160247	-0.25159735282515233	-0.3739993030059261	0.2593182679955885	0.2731735742771618	0.4246717729141201	-0.41807968947684326	0.18729100598415402	1.5295384564344356	-0.38641160057302565	-0.5550802473147717	-0.08166461480739207	0.27264561968843665	-0.23611041474796687	-0.8529502107137086	0.2199323018786076	0.1757805799921888	-1.2518302478164713	-2.1978743775377723	-0.24177563900677407	0.5818412655976285	0.5844936624050114	-0.7853906731242798	-0.7814523101612331	0.046576071705473995	0.4701566697174185	-0.3524985720765086	-0.3949126800261864	-0.1245117209204667	-0.2351531510537444	0.21676719359650987	1.097314474986158	0.4408727328422701	1.0854142761107175	0.36562867662917714	-0.609505992556581	0.1567129195791721	-0.4142342709254454	0.6755170928576246	-0.10382251683302123	-0.9243904353034743	0.20720891834021715	-0.293450309665142	0.49938801257915294	-0.0751855407550569	-0.28538250001121473	0.7290828999638586	0.545092945642308	-0.1907317020118253	-0.35939958217916856	-0.4336151708322967	0.022860315815675245	-0.33910277630621205	0.5286044607994627	-0.32361887715638493	-0.12264640080862205	0.35338094387620456	0.08357490216331664	0.0406497759573887	0.8939690411987288	-0.4445457673225522	0.37169175015730693	-0.2244604538530429	-0.4635208117588241	-0.022222140715170365	0.401934280996355	-0.0903624790893881	-0.2617528644893423	-0.10583124004317984
DTXSID8024498	-8.006828932325503	-0.4392128463831383	1.3222424256325052	3.621187708244014	-0.7215157236247212	0.41814302663616404	-0.29870972497022846	1.0867270923752095	-0.2654890999243317	0.5736605138783064	1.2417752859576372	0.8603289999924643	0.21316778981199766	0.4601199984489349	-0.16791121908143555	1.2471930728604057	-0.6813890515963464	0.40926672584736024	1.2242430532641624	-0.5160044705130801	0.2058936122806329	0.4265003868610249	0.3272124685003674	0.18258309148570967	-0.5088833636497552	-0.1202156535675259	-0.7540741374046581	-0.39192418380525373	-0.6305440347807155	0.28689141834986936	-0.7949110138036107	0.29207731932109926	-1.3257849036160056	-0.6208051252816364	-0.720789427171847	-0.03913922199906599	0.6244575517972727	0.43729633256148426	-0.1421991605588827	-0.22711781545082071	0.07075214047389199	0.9670607442125343	0.4887346896481481	-0.008975312062811125	0.05687000753281209	-0.01939816841040704	-0.02020136912637262	1.9006508977048961	0.4103055029033648	0.24083100266536805	-0.8722482018247811	0.1662428770281519	1.065141740852206	-0.36900918188078036	0.49564437418662705	0.8616007143382032	-0.3770714763961077	-0.4507180209591453	0.8874856541466813	1.1635240298564156	-0.5314039157744814	-0.1205307147017965	0.9420976173514688	-0.8408724775422198	-0.6236132130212291	-1.57603395257676	-1.1872075698601512	0.9667801841361732	-0.35058872343788583	0.9208918970848843	0.5939923035763892	-0.5353124814556014	-0.6535041905149535	0.8051361484468736	-0.068031391682517	-0.17226310931250413	-0.2976673337522617	0.27209229464083723	0.20338622937002115	0.5777993869403106	-0.20014274232483478	0.463371698099883	-0.2589494438209558	-0.06916064341828242	0.05264407599811826	-0.3868114875652965	-0.0726242710672781	-0.2936058875805512	0.7842533413424649	-0.011147662432981442	0.07637680426360441	0.2345571082826183	0.3587775552929575	-0.3865985616662736	0.3282578358369818	-0.29600884498443336	0.04132736185076908	-0.4635072363338101	0.23669424558065003	0.31317439925762214
DTXSID8034586	4.714084068440953	-1.5028747077686626	1.8144150134538932	-2.5303442609040387	-0.21989767892728618	0.13154133125470188	1.2614602106689676	-1.5866393509505328	2.161643876366713	-1.4843238509160677	1.5362940853101474	1.700808998960218	-0.6591262116520265	-0.620803358597376	0.12050074146587822	0.24721590538831698	-1.3266953162474682	-1.4590134113583437	-0.2353234004568794	2.4161023803051185	0.6898413234324362	0.2211718181596828	-0.08030419265314842	1.812916541757155	0.14364627738421307	0.4162335527908148	0.2282948086295349	-2.2181788377945986	-0.4655641033529537	1.3011500316960687	-0.2758384454314685	-0.6670820116130092	-0.5943254593595679	-0.5156805549654089	0.19602968384742914	0.32777217195664937	-0.10310048271388604	-0.9470922916393079	-0.2294399146583308	0.4868647050104622	0.856556462608915	-0.405052446112877	-0.08759834420010953	0.9654178282808605	0.3642821766011866	-0.35148567821665316	-0.49434376000156893	-0.49063634544780005	-0.4014454652397307	-0.9420908975055055	-0.8239216151941645	0.010148644358157717	0.07949689883897916	0.46195229232874746	0.5811079015162492	-0.014807605005449198	-0.8852901173193657	-1.2001932213505857	-0.9264978776517158	0.1493000795846664	-0.6019160074261086	-0.09942329329770963	-0.12184266560937791	-0.8039800658163397	1.566584469079728	0.3257357250568759	0.4178312829360329	-0.9398332040765303	0.26474719492451976	-0.9625601816116081	0.7815949148662951	0.11342894009882339	-0.7972130934680255	1.4502423111063447	1.0751231977108153	-1.1972915766162984	0.6140369580252311	-0.3912471257533787	-0.9746093311836289	-2.721910828945502	-0.6854741176552073	0.5191430877569148	0.6592988476649747	-0.31658868634598747	0.12481763500822758	-0.7221347740827629	0.05213301570376189	1.6207976347351896	-0.5343299773152965	-0.34209150676088684	-1.4137616487968443	0.04591789931726768	1.5232236230022576	0.7707323440403301	0.621274896134218	0.801235426519678	0.4790206091082609	1.1062410517560408	-1.0184223834086874	-0.25784464461403744
DTXSID4021137	-8.290371048801127	-0.6163257595043389	0.8661369237559003	2.775331677983579	-0.695975642911233	3.3640594709499756	-1.7691203103578903	4.395107340542026	0.07066283756679435	0.8291747012769396	-0.5399746166903671	2.238495149602275	0.11034023006540924	1.8839936527682564	-1.570243668439497	0.887423501235038	-0.8906983070672596	0.30549133259619216	0.88837411486459	0.4240033003418514	-0.5047985088367839	0.7253855978748074	0.029135391895821913	0.19723020905037422	0.5003080428337053	-0.7811858056096085	0.06825844099220156	0.5258053178989035	-0.04961165358586411	0.6873542683329361	-0.9683221747030335	-0.36500921447119583	-0.40714660806342795	0.4603945986992808	0.018227011594448124	-0.07106367021775185	0.1715266458622706	-0.34416191812652125	0.18458838227290322	0.14851463674574827	-0.3926858700686377	-0.1332898306542482	0.4517228561109078	-0.22617524496434369	0.058022250569107585	-0.16172400170472095	-0.30259582820862846	0.9278303753649039	0.3199968445844353	-0.3529342883565924	-0.054263539453691514	0.01391516671961699	1.1993658346698153	-0.27803653928873934	-0.34096715476605605	0.3391579850942604	-0.5881350175480617	0.2865555427140493	-0.2814654238883911	0.2547739403255771	-0.3188458352106654	-0.21903128933703972	-0.22242124875291291	0.08880884066282961	-0.41770588269530906	-0.49595202741852656	-0.3351585375450836	0.31347307588176243	-0.35121007570072793	0.6738620296284489	0.005402430651383465	0.1058910259734058	0.15319380909252847	0.2866017051623732	-0.5090346345540326	-0.3651111619750729	0.0633677954770489	0.40031201181771303	0.1361676132576901	-0.3223523642498514	-0.40144403957764413	-0.02241314264587707	-0.06375972455730163	0.036230588744625154	-0.03775525848082176	-0.20192013352137123	-0.15181291656399215	-0.01698582973801026	0.14414279434708457	-0.10423650404919792	0.17657897913319365	-0.08856628560265999	-0.017094771954090832	0.12500734936223654	0.2472068707691153	-0.22098195964863535	0.0793403700183039	-0.2053663451422524	0.471929556874208	-0.037460778664156744
DTXSID6046551	-1.1127515084540889	0.1883128204946422	3.147531325798711	0.16813859490979705	-1.0183343283585133	3.302818933474111	-0.9692911968072234	0.1045092102236551	-0.42518732770626233	-1.040366370346823	-1.1389324430258705	0.8152456892338712	1.2865042640561284	0.3638279040441011	-0.5175644322204641	-0.32290280232656343	-1.391076443390824	0.5340534652016128	-2.0827787547157435	-1.529250130192225	-0.5137105684802261	0.9477716644051227	0.5028536803325705	-0.223029312839402	-0.6439303693509656	-2.1992888867969373	0.5139647041498497	-1.2533768442135387	-1.2916999805269642	-0.5753347388537835	-0.46651376501402747	-1.0260600068857815	1.7747547982725984	-0.03911298853489279	-0.1976495869839775	-2.1700787230357284	0.8087463606326338	1.7138484320011111	-1.6676802821063037	0.12482884191796922	-0.32583005261044734	0.10794285631391205	-1.6139606098272667	2.1026388334140553	-1.5316580623266565	-0.2288743210572827	2.0893423130492716	-1.2714119816096472	0.749974137545504	1.0377695041954016	0.7023246576716928	1.9036072388871663	-1.5458304286869786	-0.7315840174616236	3.029194848644574	2.1643901016298686	1.2992185125630595	0.013708603231755784	-0.40412887348996274	-1.6210465425299838	1.9427503508862989	-1.55331775939528	-1.1062817682252244	0.6538628001675526	-0.44198258774193855	0.7321611580143988	1.8319645756186287	-0.5986908621269277	-0.9635839946322512	-1.423496781951074	0.9411336961360011	-0.27761654540689396	-0.6223364704399873	0.6087110810127412	-0.13152744820383463	0.6925998885091691	0.050748886662765114	-0.985618308146523	-0.8678208152684732	-0.1961352264407357	0.7670787191052374	0.5574244366060059	0.5479281327940493	-0.4283251786306967	0.38036119879779284	0.3138983125292535	0.27697394453137475	0.6214605599384062	0.6359638450530447	-0.31841756138673205	-0.4573490480117985	0.04001252075930149	-0.43007983779746145	-0.26597513199240225	0.5117987060830972	-0.19215984850142098	-0.3481296783371284	0.8825530567694136	0.45687100769876954	0.4384227348793742
DTXSID2041412	-6.717605857999201	1.4691116008411909	-5.094171917000845	3.5770970126897432	-1.4844833432310045	-0.5963005266576535	0.27036637133288466	0.16276963434507333	-1.1593876830947414	-0.8094110713720069	-0.07540356016258608	0.10430413364700528	1.8919476613097461	0.4143487301906141	0.16669159224959582	0.006988609783082515	0.6015228024145436	-0.28724660431777044	0.08773424473679546	-1.0279398874955419	-0.46677398300413964	0.44360712997434204	-0.6155694053793154	0.5089529662477742	0.09031498856541255	-0.18179485668969167	-0.7868561728758475	-1.3301713436718798	-0.7904378199200773	-0.07812549699543803	1.2414433795639492	0.04040387960836794	0.28962677937006215	-0.3272651810312862	-0.6862421470101838	-0.21646017710918133	0.9903932849509922	0.1139543734269213	0.3901404838022927	-0.6565110305497832	0.12158709905038428	-0.1441519872062211	-0.24391740268394863	0.27976394648989483	-0.06293120055030929	-0.3296492443524499	-0.27685682514179366	-0.021647887874001525	0.7389531286616977	0.004119575633300887	-0.5976553228216196	-0.6688465531327631	-1.0328577700185462	0.5169527113368155	-1.173704782228279	-0.31360792295383244	-1.6420420480800437	-0.3758532785421277	0.2617315709857746	0.32886798562341535	0.1506948549119084	0.0872550302141256	0.058234775888153005	-0.7651472444597536	-0.14023436564246894	-0.5729403654218311	-0.04221834857749188	0.07179832138501249	1.3619606734635972	0.6566404430775197	0.590348541660584	-0.824603807198633	-0.04894557122757027	-0.40211201561780974	-0.048361224157973746	0.9400036056425439	-0.19454244376041563	-0.3039620623999329	-1.8279361117192225	-0.731513732419369	-0.22513943480600793	-0.8117650583583312	-0.21636774281936624	0.2270009279717556	-0.6600382790863779	-1.051874501574889	-0.9596800477304501	-0.07709915052164455	-0.08286666654844646	-0.017032956587154785	0.7084194496268906	1.0257035900426734	0.44251963151586055	0.599961661763202	-0.45616715020156295	0.4929449989909571	-0.31219461219188555	0.5145294790035846	0.4575934584341486	0.16068491675047816
DTXSID2044393	-6.965324040444313	1.613597103508677	-2.188724513809509	2.750845261756888	1.0340837370476983	-0.9848289469014524	0.8103677257755281	0.46549801358833487	0.4945405748115247	-1.0036111648831736	-0.05891121848923889	0.6878635835512253	1.9595933589225853	0.41204932722499943	0.4222303935536942	-0.07510617201306968	-1.4131050812030765	-0.2995307400222157	-2.086261585158312	-2.2345968195229773	0.34717079269580414	0.3389968678926062	-0.1067603408617674	-0.8953411860889138	0.11619927140897081	-0.0739810316762064	-3.7275191783433916	0.5264898766745653	2.950862142025225	-1.8458354124887066	2.507389027878227	-0.23294242500248724	1.4839605261608497	4.10049025355179	-4.522551243570013	1.7262045804038255	-4.41675343892219	-4.138898664625641	2.9234891358043313	1.3863120255102044	-2.45623990122736	0.476328557483463	2.352044549983891	0.882228515373108	-3.185681788270659	1.195736939421774	-1.090531020306326	6.158169001251201	0.9513310749202633	0.613312169828264	-4.156055803838174	-3.5877832680081836	-0.12018899248407863	-1.3623624779122343	3.8738857102401836	0.8872340647493714	-0.440984079676239	-1.774855521547208	-2.980182036476623	-3.8128180548709496	0.8702681757738174	-0.757983816456329	-0.7543385879204066	0.18430481612780003	1.2545396089950478	0.4356831437129051	-1.1467783990001024	0.14418223823044168	1.6002981450421068	0.9971098744992671	0.4138726127520441	1.0691166954338056	0.6496458784982672	-0.8665191875845675	-0.1512933694281871	0.2266709153390185	0.3169447251904164	-0.8172563202863291	1.3985368011126553	-0.4020055068519886	0.17962396843671963	1.198839484747247	-0.07477307074454576	-0.1474557432327507	-0.11671887212285673	0.15276125036830895	0.415676170226087	0.5046413208636297	-1.6404370848871959	0.3419930896596828	-0.7550000438630639	-0.5754733135715127	0.24227179988353917	0.2223994887972022	-0.4488612399643955	0.35046325236779285	0.42433608897004665	-1.1115385252400924	-1.2497008614474303	-0.15140572007615907
DTXSID0024555	-3.6986938260940674	-1.935327661852154	3.1622017017532813	-0.6647541503592987	-0.6369846073991883	0.5135168005279374	0.15898614484131288	-0.512755903489316	1.0807613311912576	-0.26034468879410744	0.09148533085662955	0.5732134426623916	2.3775822116964465	-1.2665972822546692	0.05258186971273682	1.0170163978093556	-0.7132016521309841	-0.4285057598363668	-0.37329898299817654	0.27019578547008843	1.4797431506548293	0.5064524195776797	0.519003369811102	0.7694102688182451	-1.1190153171733015	0.05516385010578543	-1.2931036345735487	3.381038162501798	1.9052371777270452	-0.34293198368859645	2.447484918621183	0.41903438987236025	0.036225735278662734	-0.8116290251163838	0.1749050162255268	-0.9540603720324808	0.4775716010092229	2.716096529469064	0.8452127699154696	0.4049184813111976	0.08240988114965019	2.2938578587633605	-1.5519169550336087	-1.2233898117756388	-0.19798038718014385	-0.17803785502342886	-0.07869213254866023	2.1317594126118204	0.4895997153222063	-1.072998361099748	0.5030505001241833	0.8430503950356646	0.4146109763674934	0.5430080331863005	0.17958063245489714	-0.09719003235422773	-1.2508715894679492	-0.019351774649315097	0.04823383148699408	-0.030794922281166464	-0.14213629551474977	-1.2401163015624233	-0.4062903365481916	-0.22708992170712747	-0.8375107246666648	-0.1938894296662327	-0.7096413108920856	0.17367451029411685	0.3999419413439497	0.19263675915678208	0.2985084238298549	-0.5947311284099756	-0.035870168673551826	0.8959773353427909	-0.3354564095373975	-0.28290406895903836	-0.5624835022656925	1.07318345610727	0.16983177672704616	-0.07349354191464291	-0.8662387744504049	0.1529958769797239	0.38616154083141496	-0.747642038944432	-0.02470564123959737	-0.6451261685110121	0.6316405013660158	0.7499972261552242	0.7226878512062543	-0.4856559479054527	-0.14836163008418105	0.6512477661680803	-0.6764825650742878	0.48048163617760653	0.41840537073687906	-0.3931682379061677	0.3373846038675026	-0.5710222614201224	0.287415312638932	0.14264125177740072
DTXSID8046244	0.7079429474109401	0.6367202574310288	2.1906934608346003	0.4687889374725034	-2.0407984830704877	1.112538564928795	-1.5066956560518892	-2.701642900358788	-0.3813222978605103	0.8573351184111427	-0.4669318126339603	-0.2582692687082958	4.7570513862517565	0.7573295674452348	-2.2915035141615943	0.45487336683443286	0.616034847869044	2.289969756254371	-2.7348227854372054	-0.8015057425736893	-0.7101080757247699	-0.9943322830839554	-0.625326463250228	-0.6915493972869421	1.2556553048515102	0.6871926376727058	1.2546833371400004	1.8810151411809939	0.547473838815337	0.3493744825805064	-0.07127772899955098	0.19111734269636674	-0.33050140630418334	1.6036122731470874	0.6026672357253763	0.09917422189713855	0.4348351335807616	0.31957032150070874	-0.9252910493877946	2.9610322434732543	0.5320491877481793	1.388864544491031	-0.25450201133077904	-0.6367878469475506	-0.3588381595138394	-0.15798092609612915	1.0073706336440238	-0.7856826083456429	-2.7765287110679266	-2.715094019604067	-0.8027778368271462	1.2767574499275878	1.08761558298157	0.23066276164503674	-0.43032449790008376	0.1250452115355629	2.0184217501808654	-0.015245739894517786	-0.987339009812273	0.0411876384908181	-0.24183718407312843	1.9235821895116851	1.2153307354546685	0.8614391105401374	0.0033445389609208145	-0.45460559562564046	-0.5098979577809483	0.0790641276395368	0.9697642976768927	-1.5581586159156409	0.18736219292557463	0.27513015730267215	-0.0742783648622266	-0.35750742244223743	0.2662667178298364	-0.11580706837360959	-0.11771379618819304	-0.6125198506351578	0.9399308134059952	-0.371065320391141	0.03410732345527768	-0.3088373432717607	0.5920477017687978	-0.7861405484694438	0.6617212876068991	-0.5239681506600385	-0.3245298071656682	0.5692438553995766	1.3141633067339873	-0.2933493960993101	0.1784949054107996	-0.28668709276555526	-0.42407753411215815	-0.0969133159925819	-0.23822636062808109	-0.41665374869309363	-0.5285015759446098	0.5057483345350929	0.4278109476431413	0.051751155647944726
DTXSID7044843	11.971281012843232	-5.406348099522878	3.8027317495121116	-1.0019515740601486	-0.38185015111942117	-3.0937328728215414	-2.005313202793827	-0.6701943035030601	-3.7335364560733146	5.760486532147532	3.705099146027624	-2.6150172687292113	-3.203727762258637	1.0855701564587117	-0.3368497553054658	-1.9048208908457467	-1.2179687430457533	-0.17668257142590046	-1.2450277211590732	1.9418903635554603	-1.9747539954188367	0.5828924386088065	1.5030011332824238	-0.2630998012269823	-0.05719152927036456	2.178239079521307	0.7089275473826545	-0.007574474962739169	1.3641639429407417	-1.1906771121203665	-1.8690757901918285	-2.4372198578207067	3.1151734702138367	-1.5606456967179223	-2.288205949856189	-0.2743828821633017	0.31390040384552226	-0.8094256287685812	0.5642847693976146	-3.294153394609668	1.2978304863087007	3.3731335684872397	2.4120565696666647	-0.6183903019969366	-3.7393756756909484	0.29625749957602726	1.2257955700488268	-0.7714172905544678	-0.338647426515211	-1.4123306431017122	3.6613299411774705	-1.473335783381358	1.4789093753029112	0.9803706018718684	1.272472998236045	1.054605887309146	1.7480648349534733	0.6859154430929811	1.3754193024369514	1.1428983527117034	-0.2027651716815151	0.4388666787157926	0.7392172298233131	0.32179014239770565	3.3741900711313706	-1.3739900385816906	-3.1688362141776563	-2.116598097814603	3.0254594128253793	-0.19499785224000574	-2.047362442815921	1.686310050982717	-0.967763306596121	-3.4468073693056125	-2.214581958992806	-1.805381218238813	-0.9553775143406327	0.07284477045327764	-1.8776728119654995	-1.8826396926978488	-1.0523109342051016	0.9517603414155906	0.47904972097341586	-1.188328278745732	1.905869224170963	-0.019445384481410744	-0.3072885678900124	0.07349990001114913	1.3596657024037746	-1.3979992352474873	-0.624299739061313	-2.1613428216312824	-0.6536346478655274	-0.7269098150730505	-0.4277419751541899	-0.7229597028221028	-2.0213024028676267	0.23324775158258654	-0.0435417950335545	-1.0475648813740814
DTXSID8030423	0.011507050837022186	-2.893918874085422	6.4888214752724735	-2.55916902412783	-1.2992132668220817	0.2791866528661971	0.7165273950398788	-0.6088635558128421	0.8088057391097293	0.4346333377953168	-0.7215462236597516	-0.8480768958720379	3.530745696594435	-1.2890527647705767	-0.3292262605870011	-0.7169918779141488	0.22722458957832836	-0.20303532532476903	-0.15398789805394988	0.41113107765734946	-0.46613343447629413	0.12840644403079224	-0.1424788523216973	-1.6944596044190725	2.6439492831022653	-0.3386007201404618	0.39512124340355237	0.6002860515829527	-0.705643574879835	0.286442569222372	-0.2602999304216058	-0.7839916013934837	0.6975731162214694	-0.42820171468413176	-0.8779498911312287	1.8719832633013695	1.2387371830041454	0.9090081164502195	-0.8546854010415005	-0.37751525069396874	0.13825351520548712	-0.23840389430134715	-0.3101783967177762	-1.000070785470282	-0.8729405955738121	-0.032433226090616475	-0.07865384949503439	-0.3722376783159965	0.3236176607263751	-0.23812857907527624	-0.06798447463160909	-0.9867440675037646	0.13769899269779873	-0.5878923806831668	-0.7297945351591052	-0.7072458831740381	0.13949212636626623	-1.640829866747777	-0.2249945612887646	-0.2474607804803167	0.6992584596746286	-1.9616293217383534	-0.09602774157238886	-0.19455003563437295	-0.0992985144585926	0.8882189109533086	0.16572738345005317	0.1630146247835937	-0.4766610328987071	0.125038270922862	0.2710807822198178	0.24003412549649716	-0.25153955183386767	-0.5500006807813518	-0.7842827331107091	0.05248783115880642	0.4818826011121231	0.04186155569708714	0.02348844618441785	0.3397032435306114	0.02251408367870279	-0.3542694549597317	0.36639718686517136	0.6014712138208735	0.06711331483861277	-0.5672480711404896	0.4586606805436837	-0.004325565451975875	0.45901557426182876	-0.9754304944497985	-0.24727961005598745	-0.22720015242490943	-0.8492705180726592	-0.13017389952927277	-0.5906798567378773	0.21291847231295224	0.15503207867038415	0.8016264417006016	0.04759947192071553	-0.04528343275935186
DTXSID4022577	2.118740998312602	-2.002272895399452	2.741276713234056	-4.005107834691214	-3.0521476007868915	-1.6923933831942766	3.3216710582139677	2.4165782898426014	0.8717344026012024	-0.9975738515142873	-0.9587419908488035	-0.7433968341298245	1.9057587417659496	0.00960196767946819	-0.7365992240892352	0.46844597328910864	-0.7312376923487551	-0.12018358085516258	-0.2828404173669346	1.1460461235343065	1.0543174167269045	0.019697050701464925	-0.551467120031366	0.5384617690930145	1.477768008700879	1.0476268826743282	0.09547498980298152	-1.653259178109175	0.08360606414337339	-1.0813026534713002	0.0062690819086550975	-0.06178079758036718	0.3474470505473902	0.31855480383698914	-0.3225762525204348	0.4188056653270063	-0.5054966224172717	1.3521679768973263	-1.7729141162274875	-0.1955157910911381	-0.3562554776696526	0.34779376654744887	0.08067685583900319	-0.9005840189775628	-0.4945865164669056	1.4042345175119122	0.39319438149367936	-0.08213618736419019	-1.319719487501449	-0.7323325891090261	0.03514385349121034	-0.7223264483567522	0.3632814225500436	0.010231704147059166	0.5870946697758065	0.8777807783966988	0.16737762225972613	-0.997719484134528	1.3305858301853992	-0.41893341043093324	0.7538852379878465	-0.5424271570263107	-0.09468181694920835	-0.41038889550086666	-0.06034078817531799	-0.4069388246279632	0.7776707104386639	-0.7217015033858372	-0.24079626689148353	-0.8332722506251063	-0.025020254957419035	0.1445858770296816	-1.1067421295162632	0.9855113272097704	-0.2803540346569163	0.12010083592847788	0.19281004538342206	-0.43779813540874435	-0.798638395051167	-2.2153690545247926	0.6119401566936353	-0.978907874884864	-1.0066097310099524	1.1883914595257512	1.3343609860667642	1.1294241941095033	0.8329255339983119	0.8241922054887066	0.40254143300818424	0.08071818738862267	0.330587818288099	-0.6655850268532156	-0.6477075848677729	0.694553719488836	-0.29321018686185785	0.13313082331448528	0.9069256390378787	0.5172966235827948	-0.4635975269908437	-1.3070542664406435
DTXSID5047162	-6.016957110988173	4.193194134228044	-2.446105182609615	0.5747058150868042	0.7315057119920843	0.4502621835465478	0.8073915555786948	-1.9797583721173126	0.7854102208601478	-0.7396140527749379	-0.11581481315935006	0.410075908993221	1.4047742253736568	0.5853613127899067	0.14573044983095831	-0.02964288143830755	-0.1455108500146666	1.0660333445268106	0.46306665687085896	-0.12278127840054659	-0.3495399737372219	0.1758901043606447	-0.8964829548666464	-0.4434753226797885	0.8903079645685354	0.5374733987572482	0.8039970559473089	0.6642797300122932	-0.29501510215224697	0.9928379402882103	0.257966032489513	0.4225917694287293	0.5791820187566793	-0.13910923636185152	-0.04986629804702832	0.11261162005791535	0.07513975223921737	0.3347976889766474	-0.19447705361003528	0.5440110973848575	-0.13477611746186768	-0.10615962334226434	-0.08362788783325568	-0.015053022119381287	0.11807614091840384	-0.297701024668919	0.7345419828677843	0.15544932563809333	-0.2689248866639193	-1.3843004004256476	0.0671713177617544	-0.2800405744525978	0.4618851444972685	-0.27857076522391805	-0.2619618842089726	-0.20832220515059285	0.07538957139964751	-0.5632103595522928	0.18412761084364468	0.3193904817176777	0.43264772562165554	0.45510513979330736	0.21055861871391005	0.019468008123654432	-0.0784203108729225	-0.6404831124635163	-0.5576537237824774	-0.10271909045491329	0.09174810593911026	0.0015797452818835974	0.38622495217448305	-0.11868879712916434	-0.05664389148244612	0.2608295819421417	-0.38872900079844985	0.2970535136993815	-0.5420310544211318	0.09369869044253293	-0.9453243931811539	0.2061979787578677	0.26586374814657293	-0.3755838486973044	-0.2908858941693487	-0.06821275762124919	-0.4138814590818531	-0.06341737385688664	0.6450779070431983	-0.4226523338237138	-0.3651881509861651	0.06890498169944488	-0.09376487887090514	0.5138689991197254	0.05170488372796093	-0.05664935911030756	-0.40260544519384084	0.821677434922651	0.1860330371307015	0.013742234753911786	0.01787984440889688	-0.10896172712608175
DTXSID0044363	-2.384508921376807	3.6676358806385125	-3.003897740883059	-1.2304275968353204	4.908828750404973	1.0229845311993695	0.8778267593268917	-2.484852322071023	0.9816602987455381	-0.5914659801501633	-0.2097935384067742	1.5008662233755476	-0.8485117059468757	0.19902018368446853	-0.11353319199275763	0.9276387309342137	1.0636816965335243	1.5110026171288695	0.004700486418480667	0.4876002617705774	-0.027586851864057148	0.40363954001111696	-0.4020616828043216	-0.8510037899996548	1.2924506021436857	-0.2204071193033209	-0.5684953893114031	0.9575148433255687	-0.5684848485029149	-0.47914200102234544	-0.06545504525854744	-0.8413370703092863	0.7995136678353012	0.11661087400973412	0.07040894907755328	0.2232929498546576	0.18750083008464027	0.2889203334112089	-0.16475327616046492	0.10621894885369246	0.12639167143032293	-0.297566385821564	-0.5651237805845156	-0.11062855842704172	-0.15492302187642892	-0.7744078802410846	0.2741041192947703	-0.08838190023635237	0.19467559367281573	-0.249474796062208	-0.20290274670717273	0.03535667912607822	-0.2073813130544047	-0.04671625562959115	-0.197770406290684	0.3612625778396216	-0.7453675276134922	-0.13430557689412148	-0.4038938777460704	0.14776350062641522	0.15437505203371082	0.173056773305391	0.17421128652236523	-0.5499387839602141	0.023016606990112532	-0.4092721898838365	-0.5329144688238933	-0.009667475970828171	-0.5904472356966329	0.03753916320554144	-0.47750832554872297	0.3204972680764513	-0.09568490023393521	0.06450429877391159	-0.5491762046676468	0.19332580828262966	-0.258419680401725	0.48153308045453697	-0.20630343353170397	-0.05070459339381792	0.17632631386660627	-0.10759242813061393	0.030646798584649516	0.19491286395903293	0.23230425713413608	0.5746943082439844	0.03642336086914788	-0.0017650248017886513	-0.10832141686609446	-0.011788913574703675	0.20423435710837567	0.14556368041596698	-0.5429064529279758	-0.08492768217339793	-0.02678017939086108	-0.26475572811369336	0.08161379624485422	-0.27512394652621613	-0.029220075130038846	-0.1482875954864188
DTXSID7029904	7.009768444122691	-12.188339930556834	-11.25925167166413	3.939843682373279	-3.0888695540867803	-1.8864565200633696	-11.814570419351455	-13.300029771394838	-2.1980434301184233	-6.429530399677862	-13.385133961287467	21.67608252883437	-4.722772345091459	-4.750476088439168	1.960726750696785	-5.235974529476614	-2.420551823586749	-8.841540784620925	-0.7712240831764361	5.049498357132401	-5.923640959823554	0.0710284138418801	-4.877090626417411	3.7184144677170945	-2.851617490675287	9.432013410474292	2.522856090966475	4.0844001451498	-7.175420470319434	-2.9152087371687667	0.07687809842016277	-2.421003417828122	-4.861883700313802	1.4488805675963907	-2.9415534373997487	0.9934173612177608	2.5597540475550202	1.5544192037713118	-3.1781246924737023	2.8526559391377027	-4.122557585194188	1.9845899544885997	0.09223107826765921	-0.5952504891981246	0.23801525556330191	0.9231383404971534	-1.5623974697289627	1.4075008967456535	1.8679858712653263	-1.734018571634394	-4.522061734390299	-1.33315374212203	3.8849686746729333	1.4326982904086376	2.084397610649601	-2.5288790820847415	-1.5999708087716036	4.843402835822058	-0.9724801632178068	0.5621825335318442	-0.1784765413137556	-1.1101460949900668	-3.0337691035096985	1.8427339520359667	-1.995083331436327	1.0662932561516882	-1.321642988668761	1.6025863365792348	-2.243716121088364	2.9740396709647525	-0.8318983249188423	0.45835303932494637	-6.400970761897951	-1.6376207659664934	-0.7149333917582176	-2.8608705213599515	2.9383287622461847	1.3041762177814826	1.72646411208779	0.43527925447286353	3.592125790550081	0.9982211452660336	2.1158893012658933	-1.9566871234625127	3.1706154881778232	-2.98834634667103	-4.254848366617937	5.975877483282784	-0.10201563417813646	0.08758427714664369	-3.9134466422273544	7.567985888664594	4.8070562128520224	3.085768322803936	-9.25970322355668	0.2624430835381292	-4.358125010167442	-4.411215454035579	4.940020342318096	-3.9694511311528196
DTXSID4023460	-1.3410556868684897	0.6612637594433629	-2.3788875368690032	0.6762015489650268	-2.963345888359435	4.4362073942061695	5.028308568650824	-2.2857263992606285	-1.5592729424904055	-0.4298283034407304	-1.1145846066251468	-2.1571294145091495	2.662222977073956	0.3184099158023498	-0.92846822137555	2.179939555391563	-1.1646488046115138	-2.1523573127609525	-0.7745702985057058	-0.6009427369136551	-1.8071170599202437	-1.1832438390050153	0.14636182386365684	-0.22507101851640107	-0.39186053598037346	-3.1630452699096177	0.7347899371495973	-0.9180380619699312	-2.164542863513428	-0.23476248450829681	0.813737403478174	0.9764832857290814	-0.36423351973082146	-0.6818986115098933	-1.0189305642717685	-0.6592287104098927	0.7974878963404971	0.5269090514655755	0.6283995912958777	0.47800763192055895	0.004265818369793701	0.04555519358042968	-0.4580613683585025	0.2814450341182742	1.110941165706009	-0.025071584145853792	-0.34311184666172617	0.6394026231699587	0.43965942959903337	-1.8512311483608859	0.2778737741876803	-0.7630439200590469	-0.37618572586720955	3.028643231669457	-1.0397415842729036	0.3268029434453004	-0.24195647775087056	2.063629936520432	0.11942389779440118	-1.1816330662343786	0.13439113472038397	0.2180979399010565	-1.2799690573788491	-2.08684416254752	-1.3365941752153	2.9779677102212774	-2.272886853070295	0.41831309899601704	0.16917754858056663	0.8298924433654086	-0.02027269426567496	2.105652411816109	0.4591142075312582	1.2487940792547043	-2.074241953940972	0.1240871229950203	0.04252315532376324	-1.3023461086161012	-0.4424965158570569	-0.29519683980681183	1.2564645369458973	0.3795693810167184	-0.29591144388649737	-0.30547300057489224	0.46898526823710174	0.876984339048021	0.4312259594994024	0.2542541858888166	1.2262849975294874	-1.117324994930383	0.1505147977837002	-1.1751445672084346	-0.24012496165893965	-1.148931015320465	0.47358392429622387	0.8476266913530472	0.033020268867856285	-0.42163763063712495	0.299908684178569	0.5778007374635833
DTXSID5024473	-7.19625622055864	-0.5519122766675331	0.3256225158313794	2.867644549944225	-1.1273125754625397	-0.3098600622197747	-0.6325873170639573	1.5073832278697372	-0.8052139571989382	1.2192587264991928	0.11579057449198157	0.4050361345165972	-0.5605000403901816	1.450235116114745	-0.3296651385394032	0.3314670150821173	0.09817185072617268	0.021988759547471905	1.1155600914634083	0.00410863494028404	-0.22805595063684744	1.103844046522414	-0.26545644879011887	0.5904355192579275	0.1454843570754238	-0.31034416237137263	0.3550945706917533	-0.19262626398399907	-0.20303515999246208	0.5501679111365222	-0.46299889933350374	-0.04619979156462789	0.5456157840773771	-0.5620601549723216	-0.49407725050521645	-0.34527533605480615	-0.3532950654891488	-0.29453750642007887	0.5864635339199504	0.18973609761104382	-0.3104019772376354	-0.5173683978705712	0.4566911946010478	0.12398884216408415	0.017712014607073272	-0.5193646219184993	-0.2513057895656951	0.4136337292741803	0.6352188789239634	-0.4244944049136004	-0.23784429855635209	-0.3329408654156126	0.8487282817932419	0.3440659526929371	-0.07062997797791669	0.18993293234903377	-0.17592422631864776	-0.225202814636706	-0.07402478604228467	0.45348721746947085	0.07227222120863336	0.3321580840700719	0.46911681681892853	-0.5140281890337658	-0.17490446153107883	-0.5781477209445576	-0.3407490341045319	0.04310801593277153	-0.5262676417953013	0.610322195687612	0.20212733242956574	-0.06290857748434155	0.09562691413426254	0.06952822487679489	0.38520261302935654	-0.3708786899831322	0.010054804138752406	0.5945628352377538	-0.37636395087616614	-0.24650742348293334	-0.04106767684827737	-0.2507715782959345	-0.3821568896829184	0.3134943151088306	-0.09357038522159296	-0.17949856334472808	0.13474893499543417	-0.20052257125471348	0.19076802976669252	0.26489277953708945	0.2680266268535201	-0.05604419121376419	0.19965787168701726	-0.012515157779294276	0.11894296852688237	-0.10733711408601337	0.012370432893007733	-0.23075534085722257	0.18245775811933015	-0.20623433525589063
DTXSID7021817	-6.807366009320367	2.320856892552617	-3.957927090210303	0.42174942330762877	-0.28410255066226364	-1.8555941907188638	-0.6065156471099166	-0.26710483294387904	-1.5412366830071578	0.8799977343062768	-1.1053704788798002	0.8902054298873887	1.283257555815515	0.736975384269037	0.13162081398971476	-0.6334507084137909	0.37565200272459015	-0.4172061339916764	0.020904954849423472	-0.6188049233343523	-0.8638162854955499	0.5007310281948476	-0.4294300600860106	1.2355907934229473	-0.7296689972431173	0.4384893280132844	-0.4693248865494145	-1.2639065706891788	-0.9895575550744014	0.3290496563605107	1.090520285030782	0.012900687863254486	-0.5115302215388353	-0.39430881200058704	0.32060932503910894	0.18702416037098063	0.45281044543314747	0.5347179934734948	0.300955306939458	-0.24504246837717164	-0.047979261849821986	-0.8621515031259166	-0.21769948107432807	0.3047633030559673	0.4030944962898746	-0.23688311124644748	-0.5566953836004924	0.0036026050129322014	0.5062544566301929	-0.3241856030313534	-0.1659647040355941	-1.0858919629337487	0.26666704107749495	0.031716848697838806	-0.06805747272373659	-0.040734998394614474	-0.6493343580399528	-0.39422435908340225	0.7394723481774587	-0.002592375064724576	-0.9456683858703869	-0.4033934356683036	0.47064634595317384	0.3320725175391056	1.815247195385252	0.04157809176442673	-0.22759206342935587	-0.05361559209281133	1.605424955614323	-0.3209400410190689	-0.47032680954475026	-1.6309470883979167	0.541695581325975	-0.4842444951431102	-1.2788080809018931	-0.050828542804345435	-0.8506208709658897	-1.0020594305458035	-0.061479883811576215	-0.23581882388313405	-0.4757760501227373	-0.9166699508708771	0.4605921581042241	-0.37762085320470185	-0.2191235706704995	-0.7848595066177989	-0.7471830380848075	0.40027038090042	-0.1418943011564587	0.2981524853319036	0.7309739990968349	0.5801660560031644	-0.40547622675538375	0.19269380010729445	-0.012056303979326315	0.4327245826650146	-1.2060109186093302	-0.11401200493080141	0.01874206723610522	0.12383750804279114
DTXSID1049431	-3.0277607899341454	1.0463192125164928	3.5000433341514077	-0.6368131866406375	-0.8428099709563466	1.918640903064112	-0.29503961189918426	-1.5827691652811364	0.044496583899077694	0.3458506561404117	-0.7163413443429429	-0.1068071015276831	2.7890588253291417	-0.1193147197636699	-0.9125694883969113	-0.047141935271489965	-0.3989094246350787	0.7028361383728412	-1.0042502671186866	0.21060147336134677	-0.6391627157665792	-0.1451549349666819	-0.4585799604950541	-0.8620385350570341	1.417016431744642	0.23747094655711518	0.16298775152650014	0.6769529464049708	-0.24454495275506605	-0.3023494064238174	-0.5131626895185964	0.8394315222942975	-0.45619018226981556	1.2212837438256332	0.3187516452822088	0.2229989791968385	0.06852688156619995	1.6160334820252398	-0.7509638544843896	0.8625278904903112	0.1997841595670127	0.6907930400115709	-0.3791174512783556	-1.1902174857283179	0.17568631484011846	0.19198338890361952	0.019069302834320845	0.0010040256442428268	-0.522835696580985	-0.37865168414832234	0.03095833071533277	-0.6135041771651759	-0.17503167597097274	0.5230312643707811	0.3584824201444878	0.20725721248707601	1.0953930735477284	0.24635785854221018	-0.5152648961288083	-0.5598433974107948	0.9122442683603221	-0.16185682521697467	-0.10777186672061534	0.6964306144627167	-0.21623889540118857	-0.09414627922087115	0.6377264363255463	-0.6169518251297029	0.14717506145225856	-0.17589718654404213	0.7745285854440559	-0.19725960080766783	0.2392925396675215	0.17151943562644412	-0.9443597125360647	-0.17328687196656722	0.04807501828331398	-0.7974395258508633	-1.5506492481942273	0.1348316634758005	-0.08386651766102962	0.16596566891066594	-0.08235789569794384	-0.6740217811136802	0.20355244360193495	0.09447085217200495	1.0166728543773333	0.24028004833073172	0.25373412145180657	-0.07239972164593275	-0.5372053342525266	0.3722584045000195	-0.12097957089970252	-0.04812308871744798	-0.2999270991807466	0.325355026544111	-0.016050666359727794	0.5586370452880033	0.21216930042284	0.0034297240158754167
DTXSID6046713	-3.406356781971838	0.814088248836172	-4.262932620667842	4.29147244838051	3.111381647664601	-0.4843886315047245	-1.0661259795079565	1.5869861580452873	0.12036049765690479	-2.880293286476181	-0.30062959749991774	-1.6910449760174266	0.9165092544293274	4.948112000177715	0.33931258702252093	-0.7300339354608528	-1.2005444335322428	-1.6132070550683586	2.819919958781001	0.6124931153523704	-0.388667314154701	0.6950590770408157	0.4741965838657319	-0.16954165005125585	-0.3035264905135516	-1.4945575594127904	0.5225236450886713	-0.7594770104969317	-0.11383612936524388	-4.163089431028088e-05	1.374381617087035	-0.08606108715864229	-0.8370855685677382	-0.21313867700626676	-0.2878446998740942	0.9320937791757701	0.39664687523026276	1.1795194534855669	-0.26690984468390644	0.16772570697508565	0.15462500554000036	0.23718593470938967	-0.07733642035175223	0.038779803024507176	0.4035773942795024	-0.7902659697546939	-0.5346396761654842	-0.40174794448768697	0.09356197617523093	-0.272117475068055	-0.749021008513239	-0.5611557814021676	0.9077991506054912	-0.605245286865168	-0.6121302106428501	1.5128956423898017	0.33639667955930863	-0.5626641092280908	-0.6222010942427442	-0.27139716888305154	-0.4306411241176434	-1.11060721139306	0.6760687476616241	0.4308943606712002	0.7260029225736003	0.15658903743922994	-0.047695783575723356	0.260328473993535	-0.3101242103806447	0.794601082851344	0.11363005137076973	-0.6452418093279447	-0.6483804474684112	-0.6089037612574874	-0.3020199738452268	-0.13055138622025728	0.025610097118539944	0.029998937803805067	-0.5097001494628536	-0.11407797521864427	-0.557885885980748	-1.0189955036562157	0.4104347357744242	-0.6523807275078399	0.1396314906971179	-0.8109983517513858	-1.0922083505005276	0.1633885788209298	-0.7731677334375516	0.1380359759931222	0.45896995406143615	-0.1344485549631035	0.264215682618165	0.40530114561980307	-0.6895371451022132	0.25662893172929796	-0.2586781024370951	0.9607789644413269	-0.16084429579011167	1.141494480757919
DTXSID4048694	-4.82562120254015	-2.0165127914451255	0.2686832756161213	-0.1772056516138262	-2.6296519498133506	-1.0174425253694928	2.3708778702030013	4.987361039630632	1.3409000927118653	-3.0942523365623913	-0.826869665933689	1.437056984293234	1.858972060611988	-0.19583027535620087	-1.514026364795014	1.300571087308735	0.20642655963660378	0.14483315584165385	0.5432540011136503	0.5967402169863971	-0.25153749768052236	0.0022759419875438614	-0.4818019007682351	-1.314769647158025	-0.586434293413964	-0.7755266555526549	-0.07606813216037644	-0.2976090293399807	-0.7968340526874875	-0.8424414937664954	-0.7250113175616071	0.32551646732353073	-0.7918365177291673	-0.14856468639104262	-1.0406130991697886	-0.021651838139727538	0.3501680953691828	0.7422950443338083	-0.1700828947513707	-1.0567514908858249	-0.3832636685220776	0.13707345980310592	0.2997480093566972	-0.9370852172984312	-0.44184528318376315	0.2111516515157851	-0.15840228095302958	1.0651688030688284	-0.13894330144570527	0.47734319380716095	-0.1438922613115361	-0.3829106701099444	0.6649519756968019	0.1573761775445086	1.2866814027890812	0.21517205995919997	0.43527430245905957	-0.0035093265832200128	0.9609195812603554	0.2535359311319083	0.6175520745892294	0.5701107964837177	0.8537913222646054	-0.25272762914379604	-1.4804043056968967	-1.2062127401286278	-0.8801181473389578	0.6027806789055696	-0.31336663573357665	0.04484436220856572	-0.7037667774055014	-0.18827780371145417	-1.0016082735902643	0.06588461257195409	0.15646349278944313	0.1913943899137069	-0.7409569406640427	-0.35843235033716203	-0.04631850798552655	0.10705603706261412	-0.4683339174041337	-0.16658228471181868	-0.6336044764315039	-0.21908810949789082	0.4972439321353816	0.2963805071840768	0.27976143702986106	-0.15944170188680612	0.6846516111029637	0.48147597873032477	0.4030398791671583	0.20916413986242446	-0.2589796846614255	-0.06533106835078871	0.3700797312057422	-0.24113050936616498	0.18845878685873246	-1.2139892409861877	0.4510194015453798	-0.6591887963771219
DTXSID3047970	-1.8139695205162334	-1.1168878470096963	-3.807369766207231	-0.23575133254643227	0.08793011898963553	-1.7651586301401396	0.4786170611932934	0.9598817052441974	3.913665122952821	-1.444701616365221	-0.4596265286857328	-0.7907044279048814	3.309215781622064	-4.116288691350662	-2.860669652392713	1.9511975667998414	-2.8981517166410407	0.15306407599927258	3.860493451598948	-0.7020007514026253	0.19338544485841966	-0.23327562353339906	-1.2339864649891479	-0.5613352027299643	1.0347907742631341	-1.096931861508669	0.07528477728172984	-3.045083590796172	-0.22133127498704908	-1.626426218245055	-1.5100492588833208	2.586675168243312	0.9024261130977879	5.555715424381082	1.127872861347283	-4.133204825106924	-4.182812042623367	7.189897910102875	-1.069980533367958	-3.1402021613526054	-5.834021329686592	4.355536306701455	5.797127134504107	7.713125166263532	-1.2822651114963795	-5.022403616042051	-2.7546270930897716	-3.3204321527081557	0.37852875555399634	-0.23071668350616054	-0.7742034060821834	-0.12211988807347449	-0.39251366085695477	0.03548064884994269	-1.7842783692802118	-1.8663186759951296	-1.0447782582860565	0.3308944505992953	1.8881964386394186	1.6366188046301666	-0.6762595068532858	-0.29562058551577114	0.4714748994557883	0.6311703038427046	0.1853400894658069	2.600287796922324	-0.09534790366695249	1.0368048679626911	0.4022434100471229	1.1787816230329635	-1.2569096336859515	-0.4610403094411767	-0.14400597688891997	-3.241285860642076	0.5306612964597316	0.11277476137146901	-0.22547548872548995	1.4148398235449589	1.3216054429861337	0.21304837398282092	-1.2024475743870429	0.16813678123102607	1.2071236024941165	0.218154681392595	-0.7847198579760252	-0.5588826409845615	-0.42530380937476114	1.398870300114743	-2.367062084946442	-0.14638775383440952	-1.4346232251895514	-0.617595364598679	0.20164760442311205	-1.4149214320227361	0.6670608385266648	1.2031702287795496	1.1477458371625506	0.9217618226858555	-0.439155061090781	0.1657239599841167
DTXSID9024194	-2.7935985798720298	-0.45022400941906005	-0.5406976860979449	1.674532747290583	0.17331236337424472	-1.0893421941096026	-0.4528920047551598	-1.4194498849327168	0.021380328834983017	-2.7769165698764033	0.154156830672205	-1.783815759401625	0.3332795499892006	5.016083959485098	-0.17461031212236344	-1.8186234261890153	-0.9050581521799881	-0.05654478003318555	3.6056316182686228	0.26597718740950405	0.4439843256027986	0.3387404511151479	0.47980082383725015	0.04095850828295914	-1.5976277070603304	0.42438450203651995	-0.12244780604703492	-0.2962974627389588	-0.03436371666651842	0.14902366584711021	1.0430156533675305	-0.730693033223043	-0.6653055234885528	-0.2710389069726278	-0.5577378439629357	1.5157976708958452	-0.6298666002210345	0.9285205218920811	0.08810669447581708	0.1847918523590228	0.4151293195349289	0.08850211905456785	-0.7649150912676287	-0.018589615768337	0.5035031698096097	0.15349267710756714	-0.08944407489952452	-1.1015684975271662	0.11588592261441942	-0.9184543444079677	-0.42633246090659027	0.9714800431127594	-0.030038167461532705	0.11004718664864876	-0.6682302840516314	0.595668880791246	0.6096973227283858	-0.22178152951616104	-0.24754176268787925	-0.061809379458228994	-0.09838722576318312	-0.08757023305907963	-0.06998092049032005	0.8748882677561415	0.3653057445394505	0.5545220547360866	0.0632574349280475	-0.2607987044475521	0.5369109319631805	-0.1608111330539435	-0.5651994931169309	-0.5615101661538208	0.08328512148484689	-0.6587094665414905	0.08103904347821898	0.13069086871313415	0.45732513001886704	-0.38692572072961506	0.650721401366884	-0.055336207764369684	0.14744507428459744	0.3163410530916831	0.41265638257243203	-0.35698168954779264	-0.87829726119362	0.12460762238283055	0.3610853535098701	-0.05934316028684666	-0.9738204110778512	0.15603384884662788	-0.14871627706332044	-0.2833199294148214	0.12542724830801763	0.47860498231611076	0.060820589261863206	0.14722060894734268	0.15507093589738985	0.19320057613757652	0.008066484587393648	0.2573021824410439
DTXSID9021718	-3.581805344658732	0.6392184496407702	-0.6982546552158206	-0.9537129009600374	-1.2182266691616428	-0.06083753054241584	2.511210952573975	1.3419333536703362	-0.9964692596564948	-0.036107522468486024	-0.5492181015131967	-0.8834582713280353	1.1084606086644144	0.4172574884306412	1.2572911529576387	1.4159557176321977	-3.734046693080634	-1.3286033357088076	-0.9959489985626133	0.6516576939686984	2.112376096627471	0.4227736715181819	-0.17757788477469974	0.5199143786316437	4.00090179117204	4.356731026586919	-0.24126081769896857	-2.46163116950194	1.112269188627832	0.959557351389878	-0.643810668496844	-1.3351189752715589	-0.8894870385053679	-0.9291366683987481	1.522284974457224	-1.6643504305332528	0.9469699373075126	0.6307226104619579	-0.5480061019673114	-0.21910593838036496	1.2510899780122815	-0.6855972714017003	-0.39724402384296054	-0.4228872970437467	1.1372444828450505	-1.7996181620234184	-1.34113839093097	-0.259069233464795	-2.6595971906538045	-1.0625032307293794	-2.117207917992081	1.3039334626740418	-0.0063056363151903225	0.9449632224617704	1.6646598204060437	0.4559656019369643	-2.8557550150894286	0.020596834424890995	1.05838903897512	-3.322816059137573	1.6632894215021075	-0.9376984639820121	1.873374540607045	0.7907509449235068	0.5260311794764077	-0.18690310984609548	-0.2660813113198552	-0.230862563322535	0.7106638307491555	0.5992410416113702	0.144744537533831	0.11770726491257033	-0.5260546630232471	0.3494552597981519	0.7794469422634431	1.7926358421690975	0.7774684680967454	-1.7800989599242054	-1.0780670873444873	-1.47890038261919	-0.7395970790212745	-1.092954058438995	1.3521817801361984	0.5096100892347437	-0.10887905949068062	0.2757575320106213	-0.24349222626600858	0.008019432850508492	0.22576921618993295	0.7888831630569989	-0.09449754140827468	-1.4731845229761629	-0.12161446771888931	0.8835616575777119	-1.1662566724440946	-0.2514141717911524	-0.3159065928953251	-0.16064603017219795	-0.4221469208909209	-0.057321773149195954
DTXSID9026342	-6.87634044906092	1.7424110352105078	0.5158257916654507	0.9917072034401634	-0.22455603968194537	-0.2045474803114195	0.4932788993015531	-0.3423862451319386	-0.04762416734565109	-0.14178829909889307	-0.806885597238612	0.718398106780199	2.202977973901424	-0.20560563026568277	-0.6529196430098888	-0.027081544483230486	0.10671709062415963	0.06180281204367689	0.07848550808738201	-0.6876313297710682	-0.8509326911068347	1.2493336113441265	0.032781982589712724	0.4155685860862953	-0.09388394545560348	0.27920825721081816	-0.975279195926856	-0.3320759368397335	-0.5447098927759404	0.3186425560699963	0.35294116406508447	-0.10126149456550497	-0.229241544516009	0.1445290242733028	0.16487973654990015	0.3009022877879142	-0.07461077493899293	1.2597645664218848	-0.246921842841674	-0.43203136164348355	0.5821738029350869	-0.21212826113769426	-0.763577208944389	-0.37562119322438436	0.3429831954231701	0.2645998472128695	-0.6935448194381086	0.24196777075548034	0.5504915774723896	0.15046220047981904	-0.2156755625659947	-0.9766806602953307	-0.46130164790380385	0.1923568438177807	-0.10300133260447196	-0.6069661251353847	-0.5398519075075809	0.25896813722022377	-0.3462419772005514	0.1945555072755025	0.1836566128724917	-0.21690110284055483	0.5406537060981389	0.07419112050025069	0.283301978210021	0.4926239809481291	0.7702951991313274	-0.44206424548630474	0.6028459262004359	0.11655710330087218	-0.2578485206277889	-0.28605737019743294	0.613159159056513	0.3305436277292123	-0.541214970330374	0.5901349259386581	0.8364294568726848	-0.7456269981479681	-0.6331484592296454	-0.23294844924062055	-0.3828736608536531	-0.4344053395462644	0.24130212054580566	-0.409282536184428	-0.11240340623161046	-0.24117637109992446	-0.2791187733018585	0.3000520180696986	0.365478585672335	0.037286928796872267	0.3361086075895367	0.47489399306754454	0.24580862617697563	0.32843670463344826	-0.14473977569750587	0.33084469731902905	-0.11679060441148875	0.24090800539516896	0.3224445413330975	0.29486869507556007
DTXSID4036489	6.5597879715368554	11.137827463298896	2.0137243299922334	-0.4553335311847033	-2.521003976991669	0.0658360665718852	-2.3336484405231808	1.4045392853173597	-0.25148540127393315	0.11100507416379178	0.3227692405787664	-0.6500999247636835	-0.8194152146124704	0.28341919769760054	0.8228268768319625	-0.7238048999666669	0.42762850912001943	-0.5082027692489922	0.2277306482897491	0.41151790101754593	0.946891754905492	-0.3522149172511421	0.26140430729735237	-0.11573304970434617	-0.5077771337883065	0.07513872602210783	0.24915214356755208	0.59138776510867	0.03455266402350271	-0.013798544519350408	-0.5215545092640983	0.11498981744784574	0.08959512558164076	0.6021644732584686	0.18269497910075774	-0.34789086339556624	0.1545916943137225	0.6734496093259882	0.11807732065015684	0.5385205583664499	0.06242767032080693	0.04675094459825164	-0.2864652786562587	-0.4816089548592568	0.4069093651908166	-0.5048153392592059	-0.8998336394790981	0.19938875688135713	-0.048529991104347504	0.9031556495077223	-0.2858924863565207	-0.7088857367694371	-0.007566653967076648	0.03507452683329157	0.28041091815177255	0.6651997532911311	1.277411301344011	-0.7768012020467828	0.9115741336853775	-0.15176289353259964	0.09193132718027079	-0.4450222851907923	-1.2850540693205184	0.47018891212754005	-0.3250756784974152	-0.11145584358809284	-0.3411993597649442	0.20049142016010166	-0.5606346862756083	0.23814506342272454	-0.478286608291927	0.34099018351954913	0.06720518182192833	0.1737802377855177	-0.39956048479690315	0.041534902654631965	-0.301125571246508	0.1937318194322265	-0.4077922361445241	0.44460732598646324	-0.3994329037404458	-0.2306943881791717	-0.3366004978030033	0.10609608533552585	-0.8377456234102025	0.2484120606253698	0.72894120845348	-0.5119479681399894	-0.7694581641849157	0.20460557414221617	-0.8554175342794605	-0.5591661703640304	0.05006435807170247	0.06978194664874118	-0.3290530541833973	0.5989360544865886	0.5694645386949602	-0.6002769955582627	-0.7196827209435289	-0.16528345409578712
DTXSID6034265	-1.2673121059729138	-2.634018434921054	-3.1219972261868856	2.8191096159225717	0.07414493251701897	-3.5684789675061306	-0.45958545710285575	1.6994859217000358	-2.2674737822055375	-2.740456564534612	-2.430211086863093	-1.9411253416209382	0.9955540519636511	5.702502614699341	-2.12920175532408	1.153299104897668	0.6427998113712788	0.49453516944571063	2.8815787279429714	0.5764967066622557	1.1017253021795557	1.9595778905472356	-0.3925647025031002	0.22635134896600323	1.1052236117438652	1.6237666404912725	0.20303973545217854	1.3996999315894805	1.8988450519475113	-0.883481074936527	-0.1209664790061421	0.7293145703650773	-1.3625215700796334	2.4137749687597507	2.2631718656393525	0.7231725067998196	5.303072620495729	-0.8478202847821267	-2.9207920566672416	-1.1338228984387497	0.49854612150140176	-3.3187922627920776	-1.773483048360765	6.298608435253691	-1.7427041223135695	2.336897610482844	-3.5089128590980594	4.441098018268747	3.318039193380615	-0.9709162114560371	2.548893540229502	-0.3936901877982182	-3.247785112908095	1.0493566966189969	1.8156832800916722	-1.5055498506839244	1.9598801677314188	-0.683148874712274	-0.3553190839319564	1.1585236799120795	-1.0533190988781593	1.9835128701297666	1.019158419650676	-1.0531770540561871	1.5407310238813887	0.9462164507284359	0.7294571157775241	-0.46316448525708714	-0.5377269048409133	1.100761150689353	-0.8429708274405581	-0.013333815181089791	-0.04965894308043239	0.34603993875192407	0.16106094124936718	0.4577496503074633	-2.2713934686814703	-0.5364589789942062	0.03524013860204372	-0.013827241448341429	-1.2033882701388878	-0.684637049248368	0.03475055349241132	0.3387179807810697	-1.50551078850607	0.13463738012460003	-0.7266185761165925	0.6001351833087418	0.23048146709826658	-0.37855310433315775	0.05671973513527664	-0.1017932061031494	0.08655798522336913	0.2653313238711677	-1.0842821073662219	0.9750413597078724	0.1113868892230146	0.5894051039285582	-0.6522137744732767	0.11880009914565368
DTXSID3044914	-4.308406555447365	-1.892210217774158	-0.38864088385234447	3.165021400482956	-0.20605691543116728	-2.821614285792679	-0.6976793152911651	-2.2653091388147137	-2.578328010151639	-1.4281358407569897	-1.1890905231228146	-2.6287256417119482	-0.11336705246320684	4.73068810152933	-0.7245961873220558	-0.4838676608150346	0.19119961635593555	-0.13541704263343374	3.0494323554599267	0.9138685609918977	1.0062772624511889	0.8093829153489851	0.5323458830027936	0.9565694678695623	-0.9750373976698503	0.22319600433904477	-0.7319624501410089	2.2695253844437175	1.7854330493103923	-1.0674903747587943	0.3657301694675963	0.5338970788683334	-2.178377594059741	3.5346249501876117	2.2308905823184078	0.32454927235849707	5.745203387874792	-1.5416549807602227	-2.4994952730814903	-0.7166563514683514	-0.7563589100359969	-2.822096080571527	0.28053987639883443	3.7102962083041873	-1.0949373062914172	0.657969293051606	-2.2229873906665345	0.9730073538786035	1.7234284445542807	-2.1776782179220406	1.5753229922895762	-0.48820460418911404	-1.970612242603636	3.315456137639881	3.127522558312235	-2.3339136218426733	1.1703623349830665	-1.6329492176896216	-0.37826296599471154	0.17268115976320209	0.06450885002834335	1.0444877669670145	1.3034680808006547	-1.4779728449730474	1.4102260290439066	0.3008228987328892	0.6174394311074908	-0.9110336758257799	-0.5107460797385025	0.5291929737029436	-0.1465301549534453	-0.27281594659496	-0.07431015942760684	0.2997611122288395	0.8946502019964558	0.718395757702263	-0.9944737117898959	0.07802704343610706	-0.06584328502764118	0.35514601927673595	0.06370110826499341	-0.3681695761827481	-0.5782758475328018	0.5040520303898433	-0.07654827445310192	0.8599050849725638	0.19639080829184763	-0.042143784264178204	-0.39542743456443713	0.08538316513566879	-0.5269639839674476	-0.34152922305703537	0.35001852299131636	0.8007074039586998	-0.6271852072310742	0.45940199092454864	0.4763468588173605	0.3125139528831038	-0.1391189432053916	-0.5153160749541231
DTXSID5021209	-4.646878102822018	0.515717260838328	-3.380533406204782	-0.5818061984786479	-3.823163650775891	-4.0522573192422096	1.2017538145543492	3.0887584322104247	-0.8618538871657401	-4.543072368344871	-2.3874558942795367	0.7271474390646198	-0.05279640675207842	-0.38629533476593597	7.01622238210358	-1.8342506670469971	-0.024596519342699328	9.782992097719017	5.189327650605524	-0.5765611473055192	-12.395142596546481	-12.927517391047472	12.916672141725074	8.508233307901481	10.64160718585808	-1.8221876091855744	-1.06259150402823	1.2295101186153767	0.3120572558077474	1.5671466591496162	0.2536208286189132	-0.33725751198937526	0.7762340606186892	0.03901180816931513	0.07997912666266009	-1.885523420568731	-1.4791248520851703	1.4428283428679531	0.6251439439014476	0.8232640381821014	1.4953055941276694	1.7254514209880065	-0.49057279362372974	0.25200477459998305	-0.009840708704978723	-0.7219252173606794	-1.0489714108422532	2.2266874222129283	1.8576051286171675	-0.12471948058603677	0.38610187885432234	1.4456725816970135	-1.068604693052303	-0.16303655040095066	0.8875131869322965	-0.8484392624867125	0.9660511904025715	0.4789064509902333	-0.21583892761922108	-0.5317052269647794	1.3964424739643875	-0.4327043899999846	-0.2897377078269377	-0.38470814288659766	-0.28022380790193024	-0.6241910322428579	0.6595441495795712	0.4910981871517733	0.2708874397544901	-0.2293999688961421	0.7893388938016023	-0.15554671971280157	-0.2954994390241773	1.1088585052765167	1.15654151874248	0.46862573949175845	0.740294092861606	0.4023181580993015	-0.05304184339823271	-0.011297594406290046	-0.15728129603778238	-0.6475060390685039	-0.49813281016147604	0.42090027127797275	-0.4735977248098813	0.8905960949171239	0.47623282338756084	0.8390008625528987	-0.037859261879026544	-0.27831243725412624	0.49221178115357417	0.4720451988434373	-0.031037462017737074	-0.23491312205601464	0.6121399467202083	-0.32557726482830507	0.12790222936612122	0.6159302856387368	0.37732139248704466	-0.0877148726201932
DTXSID8020094	-6.190712277890861	-1.0310129606289824	0.4238324633215361	4.258118740660998	-0.07874162553608165	0.9231280352359768	-0.7161184373220958	0.32265466301468293	-0.4401249637940406	-2.5973605069945664	-0.8320630391961977	-1.0825428659296936	1.082848962258646	4.640175755694482	-1.0275022015185185	-0.09652987440468919	-1.214698943814127	-0.050042327940641826	3.596495807725594	0.9182495490085079	1.0340418539038154	0.824834822378681	1.356054900679767	0.6085192994616282	-0.740719004791263	-0.04889277965696014	-1.4972544513777384	2.946464373598054	1.6085165889630124	-0.22679459408722	-0.356237930448732	0.12301959660220999	-3.0788154653268847	3.6904738551956826	1.9239097824159983	0.6774254738004396	6.870100170446104	-1.0967120035133373	-2.7772765732899667	-0.970428782557484	-1.0714645060558834	-2.304941834725143	0.3127176084580483	3.8261236859995553	-1.3077717266823787	0.9770398258329551	-1.8609699119286354	2.2249323783378703	1.7486182740260512	-1.9320904410692257	1.4216132159320334	-0.2702938002490082	-1.2151112829978716	2.315658263701746	2.9016173079325984	-1.3434195077394866	0.4223912429998766	-1.4966435468342303	0.7183883443497366	0.6649942071560867	-0.44090928882867	1.26375306382412	1.6507635931381524	-1.0243387693643184	0.532426744626545	-0.5594905920345628	-0.22692027582271232	-0.20321568824322594	-1.0202497536726773	1.2466118135961008	-0.436163478539616	-0.021171461579908426	-0.28386781614480433	0.7012963922345865	0.06415857779706159	0.2879222554697127	-1.0680375395932222	0.12306287947664639	0.275476930295057	0.5435949999806244	-0.3869806463084231	-0.36831247233401504	-0.1417505500017223	0.12583222552243803	-0.042685369216646854	0.49848409706289604	0.4215184665686862	-0.3296816219151477	0.5985420793667144	-0.1322616662134607	-0.2293515976332823	-0.03199937709925683	-0.013510677239763902	0.2504916379515734	-0.33834931862790874	0.35788866725907975	0.47691099572857826	0.09236110420926581	0.09854417450842574	0.01664472396391416
DTXSID7026998	-2.495060061745088	5.440408311538498	-1.522146892098762	-0.7465678449578399	1.6307154897409502	0.6575023567775072	0.034053646168449164	-1.1564449962312782	0.44975708675169696	-0.4275435530111365	0.24982037582545022	0.8957980892338138	0.7735643174285538	0.33952581106207985	-0.01829746944139394	0.19913676811739156	-0.36884461371752625	1.766444380861713	-1.4972837899409537	-0.16535901173025816	-0.44141609132169735	-1.222890311226865	-1.1038151122371562	0.02245853334001216	-1.1241316000889527	-0.16643451462178732	1.5331569393215816	0.3913280964575656	0.2558026533661298	0.10750381499507826	0.825849180263735	-0.34264452401271167	-0.056012054465356155	0.8429911583969256	0.801444349974855	0.4233703408730333	0.3979634221985378	-0.23498836509251939	-0.4057099030919981	1.3684330913261142	0.11840718149366536	0.24068139233436395	-0.06990197019273282	-0.30159665755491266	0.1697272332868973	-0.5305616134474305	0.010539822903324782	0.26969419831705344	-1.1732185633933094	-2.043244982767682	-0.6691200500624852	1.0174574185974286	0.47419536204399404	-1.1061622886171758	-1.2099861000215248	-0.1463129335978302	0.8970838924151214	-0.8926877329076576	-1.1332550753935966	-0.5678279150957498	-0.6150122518027265	0.14563730594240704	0.7453004143925254	0.1832807739978945	1.1420760198435413	0.2388114693670049	-0.8354133469870627	0.4421735870941966	0.0569939065879131	0.19124444942118507	-0.5972722914299033	-0.5112016701589552	0.5700946573761648	0.5407241949917423	0.5899983263703937	0.48070065902514086	-0.5347675110836586	0.8319785728346395	0.8658316147036784	-0.4022507464828809	-0.6986591548472685	-0.3523892827370014	0.1417077936072616	-0.10671895892714602	0.07571398271449176	-0.19896211672426692	-0.00459298390263141	0.2550957568159335	-0.0065714812525939905	-0.26480481866067795	0.7968508782321039	-0.3998064437648904	0.29177369953058074	-0.398903559156896	-0.773279638884813	0.18353309729925915	0.7235941144560997	-0.17365653401896536	0.13196145389372832	-0.05940326024041327
DTXSID0046016	0.6010923681530387	-4.875450854324519	-11.051970592838526	8.036600622560103	15.682642213827966	1.558334660057462	-8.345269296284497	11.99681501940108	-3.897147888849073	-5.568227565328284	0.20995587672583146	0.07407752291692102	0.4762609564825353	-3.2019925316694526	12.464337802496651	11.433733429134602	-4.124542655039576	5.3299514153194085	-1.3030170085859583	4.5244328877849105	-0.6770249586023384	5.571923711703303	-4.36766774300355	-2.775219564046526	1.7618697848533005	-5.682587723769726	-1.6792684184744846	-5.214955521742002	4.259713242344039	5.463697983423517	1.345534409360022	-0.05559020125317131	11.117477106278683	2.538929667655961	3.4355868546515955	9.05732069954845	5.81546207732995	2.514287549178693	-0.21322277643982074	1.2307371152331776	2.4884790021385856	4.692789732878564	-5.730097938841981	0.8251812350538593	-1.3942327385792432	-0.2533659619170343	-0.06304349078350703	0.7359333770724727	-3.092783043874474	6.3426218335755395	-4.388050510757426	-1.079779691796724	4.978281158618454	1.098427709844151	-5.751306761837457	-6.5864565693753265	4.97211661899996	-0.31251292859202356	6.861258831569435	-1.832809247664024	5.397821944737771	2.3041302920396767	1.4191651100287463	0.42186729944431184	0.5158729962497478	1.9510284813465821	3.597165527431416	0.2941356712283916	4.145555586569376	-0.04702326525304278	1.83980425032018	2.490667776664822	-0.5677879260185433	1.3865278560172443	0.8758753881788511	2.885231427503268	-7.283987954139837	5.754723556261539	0.6371672258069934	-2.097367903285814	1.9723126677475917	3.2745746203020896	0.4578425322387414	6.689573368167023	-1.6731191668780396	6.001429198335322	1.7595017175837662	0.7115301549058188	1.1259906441482495	-3.8195569499314073	-1.2798127129892736	-1.2269816949660342	-0.6591548269696993	0.5964173970016189	3.212642040650092	0.028246099449340697	0.8367113242642169	-3.461218008208259	-1.1147839040441725	8.36514711009194
DTXSID0041646	7.904487464056334	-6.030317198568161	-2.702873563421121	1.540421554391544	-1.8421930236777673	0.03669001604739262	0.06367900017821408	-0.0063134242661532225	1.6692149333621948	0.9187616642283238	0.33341025486850345	3.2347235356951933	1.3630850360795659	-1.8393645910639842	0.45707932864528206	0.16422364881570228	-2.764196855921199	-0.23695887137054136	1.6998520033220732	3.4779917011845494	1.7592008917114923	1.4772965093680723	-0.02519036088691735	0.37321987899499287	-0.1984803130191397	-1.5642316056961036	-0.14967333744067193	3.535475420654209	5.028355069047643	-1.1054866399505707	3.1477473015340176	1.6706954468242143	0.7240844676467224	-2.5956498008254214	1.1912549833912467	-1.2598396924217807	0.44865124557555225	3.2668369474554826	2.1037908304903303	-1.1650937558841492	0.33110785118728536	-0.8853250739832145	-0.4673367127084718	-1.3545821705644465	0.637896783241517	-0.8671707270718103	1.9446756381277224	0.9546209368670386	1.420076530293286	0.8168906357648601	0.26502050448862546	0.7345576304283752	2.4593236664441	1.085391684777938	2.393789468184896	2.9966583569687066	-0.17603345506024576	-2.750031327970136	-1.1584494191122345	1.9107421857605873	0.4674881155036324	3.4688180759535827	-1.5896210278371616	3.0000160151296584	2.9014605476091857	4.85563102633178	-0.7316064543143244	4.6944620853097465	1.2295918779041104	1.1629361510259713	2.4096593138377234	0.2578370362338485	-1.7661136985531467	0.10043192788555923	-0.26030062092769807	1.970422489641338	1.8595652273856735	-1.1685547611051945	-1.114803724249866	1.72001742479618	-1.4341823673744891	-2.3974084491009573	-2.392286026584619	0.13398556994725672	2.2571846794379185	-0.7013893243077823	0.29424845137995254	-0.19601109300445232	0.145178047081125	0.7054835085928481	-0.02280217150601387	0.4686275956624837	-0.02576711238374929	0.3551721354530058	0.004323842383132713	0.4465072785344175	-0.993760629246137	0.6811924737264249	0.4901160329729467	0.06826707586418143
DTXSID2023222	-0.7383623454617385	1.6912079457989073	-4.931455233714548	0.38008742013501695	-1.674765851682842	2.1682877596946843	0.2820219591516559	-0.3489628763974673	-2.0320587816902944	-1.9378059658785527	-0.9597455012216564	-0.3357179129745667	-0.6132337502576631	-0.47081891896921335	0.8777754076783997	-0.051134400396990146	1.0216597100550922	-0.7501317404664024	0.6808654381914387	-0.42812718027446917	0.9197097482887308	-0.012602719891197062	-1.2044234841804593	0.9877447274420537	0.503864301724332	-0.11631046509979519	-0.8268212229771731	-0.2672689151320166	0.10957190486142815	-0.7074883096773348	0.6362369116211496	1.357247879470572	0.3909072408162268	0.8855752831337081	-0.33307550069035635	-0.39588791208785196	-0.32176631720767146	0.21083349046686958	0.4251276120538351	-0.8878900331157926	-0.01993133413757992	-0.8871126202746541	0.12432867726186049	-0.7791271179725873	-0.21044393168195014	-0.9717127752817316	-0.28423038605626944	0.4896159654943807	-1.7961715458090608	1.0104726664837513	1.473213482765805	-0.2788419663794154	-1.926500819923904	-0.5098848944732111	-0.624509387601579	0.5888806559167237	-0.21022590419969173	-2.0642386454000947	0.5893568480388452	-0.6834690735649875	-0.45009638955644243	0.28306404466214274	0.40250637447814935	-0.9210268836459143	-1.4409132296069278	-1.3444322739784678	0.2127212712211255	0.9727524229835378	0.006526052910484029	0.44522734952227233	0.527789349658233	-0.5162363526270449	-1.0008901502330787	-1.0132850990241857	-0.14202395881247404	0.8224841156049134	-0.06131142180105362	-0.4146614641174682	-0.45226300021738647	0.13990163602609856	-0.0707700967955584	-0.9551973671034396	0.6290686239903636	0.2019405123180622	0.9081623487214012	-0.4429339286165237	0.5996620663156197	-0.2155080727639975	-0.02063411585385482	0.48900137385870196	0.5084299923028318	0.8173534143699877	0.3450173535299001	0.4161410958794198	0.20222142401988857	0.0697883758661928	-1.011445168532344	0.1935885105839605	0.21819087665425296	-0.3178245946858378
DTXSID9047914	-3.208491122624454	0.612745541939716	-2.174849730886115	-2.4856197585373576	-0.3353874998507575	-3.121405156725023	2.2424707949010125	1.0246654363813856	1.6340560667554633	-3.1302923727217795	-1.3192043830812354	1.4383306819343207	2.2149207058328297	-0.27860686068158313	2.551360711204354	1.0310150235400954	-1.8651084065429755	0.585064888019915	-0.6897216859644507	0.5927730479574119	0.46854413015129787	2.9831470620669807	0.283215730040653	-2.2620437930845596	0.22396042755284742	-1.7634116196320713	-0.78984816976329	-1.2234764487307213	0.7311009843978584	0.523134319354265	-1.6743796010399183	2.319920027580985	0.2532635915531273	4.3949805628060785	1.725567468984056	-1.7415554074480757	-6.132446741510786	5.504697410057211	-0.5878767597001309	-3.977501291761315	-5.189032251099639	4.1324925074067425	6.05575914121071	8.63797799668554	-0.31084024178739966	-4.783188433261339	-1.6577392201389514	-3.8129454222500163	0.7266223186489892	-1.0421834604895415	-0.06275845559690774	1.1114110419196193	-1.2603889494291627	0.20402982854440946	-3.2826278365015975	-0.9375405823464099	-1.7750184536703388	-1.1208901244005223	2.2042450362303607	2.2071384131158176	-1.0744807572501414	1.2903193695127004	0.32321494547582186	-0.8163273670829954	0.0794682323353147	1.2146952854864108	-1.4168798050081712	0.7379209514781992	0.07200901774744745	1.4197747681510298	-0.26439318663481587	-0.29012269342766517	-1.1279183104477952	-1.3886841638105343	1.3834451347107288	0.17135493178977532	-0.8405302848021099	0.4765593259672321	0.6522776892324922	0.6206359147917532	-0.572212433344653	0.9698469507280818	0.45005605356322304	0.2647873853851594	-1.282947723137498	0.44454630467091133	-1.116526405472825	0.1961347284841555	-0.5921264718965175	-0.7616525763494125	-1.3382867120342568	0.08448629190221527	0.28163371093164785	-1.7063974393813715	0.9427857085496184	1.4021797242509366	1.133366746169742	0.9395704013137177	-0.4452204825058373	-0.41528459476849466
DTXSID8041799	1.7887674079851117	-0.9385579021276422	4.580077715499618	-1.0490144052383663	-1.2651012293458688	-0.5526921685607781	0.6083656767353709	-0.2732910721228046	0.7907402099043289	-0.8884495773507561	0.9104236844988108	-0.5936112234667282	0.8515137210961391	-1.1278333634138202	-0.11957101451385636	-0.5008124098641553	-0.08347226911101979	0.5638152194218107	0.7733549266336521	0.14864739836859597	-0.005425914494421129	0.8291953051970198	0.21023740051634063	0.10258193225205799	0.7115790934895936	-0.32729780762286376	-0.26619432705909585	-0.1314654428545734	-0.22508769211199828	-0.06973905071739527	-0.4552963817719492	-0.5325544850008935	-0.4369180047484039	-0.70335719839555	-0.5620864351861155	0.5625248859563313	0.5775791296649516	0.4946860635057999	-1.0360243790156347	-0.1832615541116653	-0.026506316308772017	-0.3163979316587439	-0.20652040007979872	0.5459171822117859	-0.2787199334224954	0.4312975721766844	0.09238966488902321	-0.028525437148934817	0.029481568006313925	0.1341330973050717	-0.8871868361998158	0.033422044689118725	0.3909925852987771	-0.41041568172064524	-0.19497653167707854	1.3555597181523804	0.09776348654318154	-0.568952332841599	0.7636498712286229	0.49572616169630773	0.12132591518973473	-0.8190066962997068	0.03483271803795653	-0.2213582693637864	0.014677739539377588	-0.05106207908047004	-0.3382743148236455	-0.21262621647698576	-0.4733073788868639	0.9191948744468375	1.2853409065192145	-0.7539022007518026	-0.36180483017999654	-0.21331469086100036	-0.7092438015915244	-0.5656493275091166	0.01789469522048569	-0.6901325367856493	0.46898549776822	1.2144273874764608	0.08011213703116697	0.4600793117355564	1.0118928942430456	0.1956270851701601	0.6794598981437905	-0.32516599065069485	0.6006786202260337	0.08367013771960778	0.6349878758683182	-1.0380452975530083	-0.5745488278970374	-0.14800974055001742	-0.3745118829127951	-0.1274980825536965	-0.22794775360890354	-0.014250418265923964	0.0941879691379746	0.37499891293024384	-0.11282861215844144	0.06859046839145244
DTXSID3045304	0.11627979539465166	-0.5705929510309247	2.225710217435024	0.1238039605083843	0.9563367868819117	-0.26276338989469733	0.7830373810793306	0.9589609302225436	0.2193397797170183	-0.964079573404457	0.3295880894721795	0.29449123382420445	1.9443968915707859	-1.1476775749109802	0.3463993483182954	-0.4341348682586491	1.012752380310934	-0.13216689010043234	0.068917189803484	-1.4074817126471317	-0.9132432969911233	0.8907709594555837	-0.15494754284702741	0.5698654371988	-0.4506300340359698	0.929609731335606	-0.6379818151407904	-0.3951939303194443	-0.8899727544183923	1.3018644054207988	0.06330381820537599	-1.3741665255824065	0.5102783397644693	0.32473306160270954	0.5151917813957394	0.6453568147183163	0.38878941291219826	0.34019726655136145	0.18782882333973222	-0.7830179634017493	0.8608073661537433	-0.7645347493215805	-0.5703510476546781	-0.8275882882561781	0.24290063145189128	0.047061003057128875	-0.8166851195196787	-0.6259868275922416	0.5807638627366882	-0.6303526751631562	-0.7250664011834281	-0.9467877013281562	-0.7901043471400184	-0.29392053191061407	-0.6645307959002165	-0.46898600482312647	-0.6612790196224588	-1.00811877941484	-0.47181112721179136	-0.2806936751747367	-0.5727719681844865	-0.7391259769252353	0.3835168955945392	-0.2942295465860198	0.6994108742145693	0.6638803864585758	0.6299142520573613	-0.6337091436845563	0.9464123719331717	0.2124298614863373	0.15090248149059973	-0.6727822583635042	0.07987091060835201	0.5721516340552382	0.06293103153430056	0.15863485748623274	-0.4624386920819196	-0.6127807970877752	-0.26831965873319846	-0.04795328940200463	-0.48930190111542443	-1.471585561198579	-0.5141121368165525	0.013731789379678038	-0.6308481243596418	-0.7294106400402147	-0.695873394811149	0.8114995454608817	-1.0629478517615418	-0.147413671070918	0.7289200700112151	-0.2397935036235436	0.6726685290478	0.7482056802964713	-0.4488559205746525	-0.9231168268259403	-0.4450141929482358	0.10487170770207312	0.30550794070005993	0.5283846273017121
DTXSID3024861	2.057804314472924	-5.7252601738181905	5.38028196599605	-2.228055207214927	2.087760859878065	-0.596154348324647	-3.7484680098508423	-2.9732130349291834	2.211191422692368	1.71137282966317	2.7575215845198846	-0.6758820760644225	1.9041120125048936	-4.8539673471929055	-1.7527266050521133	4.677608815428123	-3.2873977643841195	0.6580348639683004	5.385789352510857	-3.3042093525906244	2.464416890265748	-2.0766786265368498	1.2074947268207366	-0.1028426170799551	-2.077052446644298	-0.3926226361299087	-1.4334355380062693	-0.24150554511298872	-0.9642880615129569	-0.2313463653924685	-0.5546212626925393	-0.743708786322745	-1.2644421818095934	1.020758840237102	-0.20279647761192804	-1.0508831662001419	1.662556375671104	0.27810399534975017	-0.33918475840465157	-0.5268614208606397	0.6101008020595486	2.3758498247407775	-0.1054251745904972	-0.6847768439595667	-0.8688325646970086	0.7018320606703095	0.21398169504701522	1.8656312691555144	-1.073058285005553	0.4951638019989981	-1.6650940358387105	1.3081967898290765	0.449699840005312	-1.8143275427260037	0.6454569316508525	0.508437712867069	0.4351692157425648	0.9833150701255773	0.439416223847926	1.276773760058465	-0.47754192027155545	0.13286663593697903	0.2704677863511723	0.45269567595405363	-1.2285524873534452	-0.2914572889177557	-0.8820516063464499	0.6561795784346046	0.7117759618198506	0.3751859860371076	0.24151764703653109	-0.2820701826393057	-0.011009961715034615	0.5104678587643338	-0.5258830239398641	0.07684848898544608	0.13664774406035013	0.17318607555977122	0.3716393308871482	0.5666889408483525	0.1564728838205514	0.10938383087596895	0.6088886533716673	-0.29821090739559153	-0.2064048189219726	-0.2593370036489662	0.07434901370530053	-0.41795823185027453	-0.2740474119832916	0.2808622778843466	0.47648402648629734	-0.05389793136337879	0.17917096852487677	-0.17067084837803154	-0.4411016929298568	-0.33983712875090333	-0.2315424022754753	0.20292120262432747	0.22054634924319003	-0.058432234126694876
DTXSID4021715	-2.9668789098471184	2.571156501355453	0.20082022010470799	2.271465336133732	-2.286643206259038	1.0265697067133919	-0.38947805471501606	-2.4481422491215548	0.32585730036253996	0.25949091941997243	0.3342260691426593	-0.15325771585454634	4.074911395581982	0.9311824433568754	-1.7229390756265626	0.4935664673906396	0.2736347481474655	1.8557010175199038	-1.152144971528541	-0.28052383166664385	-0.19624581739672886	-0.7610072009907641	-0.18728116861518376	-1.1016606473331203	1.311412127400013	0.825112386079516	1.5744643801868705	2.295489082837053	0.5826845112910982	1.1429368605927177	0.29838368352699346	0.8110623194417694	-0.02819531303319708	1.3777118328620108	0.2840436555249009	0.23587243193091267	0.3292657283758486	-0.19809433269261006	-0.4918870349998854	1.919979597987567	0.12592354506082404	1.2981586377469039	-0.21419092052701222	-0.527438925355589	-0.07869834385568135	0.15798288650375952	1.335034544429767	-0.09974041061646799	-2.16581503707166	-2.326931800931326	-0.36855617924643697	1.0916168176158503	1.039791619587847	-0.7020800246383063	-0.4263705470366804	0.0826073434141505	0.6621126861695823	0.6683930130140203	-0.08767886482234352	0.4858254978689759	0.5305023419720125	1.1070467070619943	0.38391283653359376	0.49658958098776296	-0.5076677274609207	-0.23895945641854807	0.23143207993748377	0.1902723498954367	0.010693787365114067	-0.06229486767974279	0.19041415203601839	0.17233678309402645	-0.0984399959367664	-0.29944666535370507	-0.7410702645175049	-0.29321365148747824	-0.44841642921387315	-0.5196043551793036	-0.028350165541474768	-0.15996470040777713	0.027669666412166057	-0.030842720818099474	0.007349054990168846	-0.49237557889198724	-0.2932238522687428	-0.24740989123794033	0.3790399108508106	0.07330224239932391	0.4250802633332749	-0.12208579932873548	0.15607448077028066	0.07544949546608536	-0.09922818755708471	-0.24195957892541212	-0.032402246454526426	-0.004898068902485386	-0.06109529064347969	-0.03414407152951784	0.2357737954174925	-0.06818038807507688
DTXSID7027540	-2.807027537729914	0.17219997080012547	-1.2373170912904838	-0.40967123011090895	-0.4152224916408341	0.645245036869188	0.07924269538929085	-0.011227255197663539	-0.020453783382343563	-3.1344928206052587	-0.00011528859915798578	-0.030355447151421296	-2.2259439426182235	-4.025002710469623	-2.393169773727589	-3.9192993362849857	-2.2229557325900084	3.3977091148864678	0.9434604757885956	-1.0210590567095903	2.26007580333891	6.058593660249694	3.5027139433358054	-0.40145956581279146	1.9116209494722258	-0.8036446942503953	0.6944706109850549	-0.7377143824966393	-2.704171343131775	0.29293378366808853	2.054922449091274	3.352167984942534	-2.1147216253798433	1.2889162232306834	0.6745441182201637	0.8778207650564684	1.9311112387678941	-0.4125828873063814	2.1956503917869044	0.750613621400827	-0.4319667104310345	1.1878017005322103	-0.524560392471817	-0.844559648125718	-0.08044327786197082	-1.6929627485567724	-0.2932831887566845	0.3191657553779705	-1.38458596188297	-0.7332855317604602	0.6815047887493118	-0.6126177538243107	-0.988227614225813	1.016091785741675	-0.7071517152405098	-0.20933045699398473	0.5313044115026411	0.9528033663857001	-2.7799029787125016	-1.6227144185871454	3.030023621484698	2.336651410941669	0.18270514768213938	1.7912636240992497	0.9870060375321711	0.829940426367769	-0.5158430085866168	-1.9819211974344264	3.187763348873494	-0.5561081722774297	-1.494840500003509	-2.7200193932956847	-5.6251571402645775	4.915300733200599	-2.668880524694994	-2.7691224524556772	2.38767380724328	2.648420847632224	0.9655012735874877	-0.010352106616637836	0.05214816868291675	0.2002876060950674	0.36635991598288453	2.983610402286455	-4.143826938718348	-4.227559821008815	-1.0455446667852104	-1.9706262684919627	0.9310870218030405	-1.8144715205012552	1.0243529087488839	-1.406794518671892	0.015277809343226853	-0.8370144075333404	0.491914119004992	-0.3661421526358397	-0.7186701170975711	-1.5387794365674832	-0.15056458354912958	0.36046048483872756
DTXSID0023870	-8.319638164721818	0.2505609548963559	-1.1018370762535081	1.0901129565178278	-2.229266723441645	0.06410215477823332	1.13238961847739	3.2513008125471474	0.16354479717310524	-0.36501916236299176	-1.1961665677588558	0.873659773623849	1.2773437074885827	1.2202868024549296	-1.105046484520636	0.9099472542425011	-0.5064534876601796	0.3536791997225175	1.3557231934359795	0.2607775372862311	0.30199534357298213	0.6839955444069588	-1.6492128430114368	-1.053111135285914	2.560212377411806	0.9045847093797438	1.7450921877583756	0.3155925866037848	-0.1489475990088024	-0.13102897625235763	-1.21486747493107	0.8968907010143903	-0.2960422463699774	-0.4877136540688109	0.19935682360077522	-0.2741111538105254	0.17021127371661207	0.5244660819271274	-0.6425153224684618	0.4850761766280855	0.5486926385237952	0.1672922012700177	-1.8728542969413382	2.274991610981808	-0.33775122038749417	1.290957394185097	-1.3696056200926219	3.3147221992542524	1.1820772666744102	0.5566076460678345	1.0181095846559187	0.25451032346206176	-0.5772941413915825	-2.458577220597606	-1.8151423895407262	1.5712935736121827	0.1831266858178479	1.4398685451758362	-1.333410848249542	1.110576819076474	-1.015551031417789	0.17726740175286465	-0.9435265630887242	0.9103590234460194	-0.1792095527591964	-0.7176997776652606	-0.708650176726781	0.5409829491076441	0.670579277576581	0.7126149051218363	0.3124138163204958	0.8112930395101348	-0.022664172812117644	0.164017851640833	-0.5233221627057861	-0.5654569554995947	-0.40899921808066975	0.23879338473747855	0.6912759249411433	-0.46668223304784734	-0.3505333105849559	0.029993972674740098	-0.0009214864356857404	-0.2253389317828733	-0.2881859472612798	0.214168582738407	-0.036182154728791854	0.08888066409842264	0.25023218527347946	-0.17201894014463223	-0.05064890448558924	-0.09531982046098347	-0.10316129947554611	0.1332334552736068	0.051031629534562736	-0.2576256938842757	0.28694699902653203	-0.44278756831248167	0.011058347194950262	0.14608763300958302
DTXSID7047277	9.693880661982558	-3.9916574345458677	-1.2889172091779537	-2.646987267457039	-0.5315454762750017	3.4453584344295494	7.480399614035054	3.3921034906653165	-3.0438365468755406	7.822253253755563	-2.4961596582254417	0.9941563567658465	2.4743421259119427	1.1784133279005626	0.8150791079368518	-1.680338521910045	-2.911912576466167	-1.1962708793577854	2.5055771712042523	-2.4809854627983703	1.8234033109971122	-1.619465357531332	-1.043327110530424	1.1809127577905159	0.48315439746337535	1.4091084901384723	-0.8314734477823978	-0.32161653132101975	0.685602675343108	1.4760384963267579	0.5646705513204354	0.022493371348778872	-1.5683294578513047	1.5494908932631433	-0.15487417271841283	-1.8355642924761826	0.9884459948564971	0.45388275245689375	0.7792893511514153	-0.09957545388496275	0.46716347977731143	1.1035428304827322	0.08138127314623762	-1.3059725702344354	1.427304557891393	0.7468208952040862	0.9033907761375938	-0.04909574899831949	-0.6859646160697659	0.32593230958851954	0.5444265211842269	-1.7301966466471377	0.35751724085809955	2.315187683663073	-0.40391156279386414	0.6450860281177586	1.518446447156463	0.3577945427279305	0.2589160402853806	0.7666351467480622	0.05830083128433064	-1.4375369876811486	-0.4252795519673268	-2.7990132452425915	1.282677736483477	-2.196182838137492	-0.5030111740342502	-0.6192541914786119	-3.1429338561393436	-2.1602988150369558	0.5787303704440657	-1.2799337812834781	-0.5455757754210142	0.16300193650218986	-0.9673602389237403	-1.1858722317529187	-0.5662850679078683	2.2709882742807297	2.577727195040634	0.7298141374677972	2.7837584087301144	-0.029543861471429782	0.7068022622310808	-4.0789410551701994	-1.8792732477733842	2.381356546956839	-0.44073331610815814	-1.8765474969390015	-0.11758363101757083	-0.1722855038398734	2.467415725228723	-0.8558273354685269	0.9915306892738324	-1.2701636131847114	0.8872725524841456	4.082179388134419	-0.5184772855301518	-0.3751775833687852	-0.16476255809580712	2.159617714197685
DTXSID40187142	4.852458355289203	-10.90327926815668	-10.857575467240924	2.6261679083413547	-3.5506144495701135	-0.6104531018061512	-10.594467742299695	-12.885975363612234	-1.8606304277006147	-5.2139631834035525	-11.31468577449817	17.908615580438045	-4.284269708565421	-3.8020526701375545	2.3543449869891555	-5.058449049895695	-2.7561209216913642	-7.191708543762863	-1.0967149217990133	5.4124310222182705	-4.86881500534125	-1.1464019591974817	-4.599815958472085	2.305583130515035	-2.041614868015964	7.577730758145723	3.1416718359738773	3.302109125136171	-5.71270456347132	-3.067168064051573	0.25779400274332936	-1.646644840795671	-4.183064826243246	0.9937804177472183	-2.601717825363743	0.4741528499003621	2.894594389715938	1.1964890713029688	-2.926630011619996	2.9134558587434816	-3.803658980289764	2.1590917508021463	0.638843000581995	-0.5743783000528325	0.1265358283425573	0.32058186892482166	-0.7812412974006249	0.7967329737405376	1.4354973175845858	-1.4764665534460961	-3.9747504049258735	-1.387598709874736	4.043753243564754	1.404276722000377	2.6526263775799035	-1.6415247411860057	-0.661829684709751	4.692732688326965	-1.2773674963084416	0.4730769379899532	-0.18329593081552428	-0.40005004496896585	-2.9132692824504463	1.89878013241338	-1.863145226243058	-0.0049251119983457735	-1.7625124177622478	1.8619020412361003	-2.0350671500130373	2.43582673237692	-0.9336688467148214	0.703296143400206	-5.800738574882864	-2.103763486780146	-0.6309994523033459	-2.197081572553097	2.0621066240397212	1.9635096880174172	1.6673080285077413	0.5104591715442581	3.0700673333305173	1.0953490978285696	1.548162951667443	-1.4235093009840565	2.631845044651986	-2.2801642633116153	-3.314417598729312	5.125204468610353	-0.7070508769041635	0.1060232861319253	-3.6592950338224237	6.177355133288016	3.3032394582362925	2.248764947487067	-8.053174722370333	0.48727599374111163	-3.5338045932927016	-3.5576648889069444	4.11895663323607	-3.5724427797352614
DTXSID7021237	21.773890606438385	-4.597992040869711	-1.0927907324022155	-0.369117966149433	0.26949112588984914	1.2898917128730605	4.6200021367054465	4.349717050968652	2.6909883675778725	1.9774240933591416	6.8969069269735535	1.362785717258554	-0.8697069866232432	1.7595010097503267	4.114178582234791	0.4676352512313099	5.382934413924356	-3.3680108294964515	3.0101591015037266	0.7425572445123166	-7.406330524095304	-6.005677945082305	13.098401282401083	1.5356520305834984	8.096868932125965	1.2951143563872365	-0.9439750435236822	1.480333148536895	-3.4594676626165732	-3.578408359162165	0.8903877013797179	2.3991915720984536	1.4558808000033394	-1.048307180562925	-0.004897295384874201	-0.7958531099549516	-1.4338456138316134	-2.3125445445235315	0.34757261868825734	0.36481459063253086	1.3172795448191403	1.856299507993402	0.4205868080758531	2.921274725629253	0.149733471157893	-1.270789888444139	-2.844338871345608	-1.3202587597901922	0.6208228866314514	1.0544583862635637	-1.7212137192330514	2.3092557080149105	-3.8342659561106203	-1.6475307067004306	1.3446020567912016	-4.014160624382689	0.7315635963587801	0.41074469340032704	1.0115936343089889	0.1967223326512321	1.2090350668885153	-0.749157140801707	0.25444595434074574	5.359716293224326	0.735201216225491	-2.3907840816815917	0.24525429222679077	1.1996459419615864	-2.6253041185111843	-1.8621843948537014	0.2679050667919224	0.06945901243232917	1.2071753505934955	1.3668225875012614	-1.5637624934214935	-1.658734685099412	0.2618905870102745	1.3174785137175615	0.19114316170396523	-1.4602196119712336	1.245164225432089	1.6356783561641208	-1.2445439186530756	-0.3874760307621708	0.5740832244882949	1.0917147515468844	1.1371366727974257	0.5534151282444422	1.384948482346177	-1.1303676671851919	-0.06039580837019475	0.8332919991734283	0.14987920453168943	1.0830076079381625	-0.7977087284707812	-2.2321854797283267	0.7116419777492131	0.30076745254464454	-1.0817335104716483	-1.1042323982100657
DTXSID7057733	-2.192912171924174	1.462282807182807	-0.2644767018054568	-0.6080411177602256	-1.0348330399710812	0.8707339857138492	1.8198358883574814	1.3119343022963499	-2.7030268721198505	0.7041606220830183	-0.8395238793678086	-1.2325878724548935	0.17002799920551814	0.05498430658274678	-0.6250515045926559	1.5645832856840303	-1.217810712513684	-1.4478890506703859	0.6063304493927641	-0.2735667365456675	-2.9279097494181645	1.9533395544549055	1.08373482437955	1.3497157717697685	-0.9974022655872495	1.3607378643772876	-0.7785478504051596	0.3735218998108752	-1.35367198097136	-0.8155598905792587	-0.16595662386329277	1.2121681778741769	0.36453809840484996	0.03527685063618335	-0.6816924646511138	-0.03522799851420653	0.5752120637288173	0.8763527313699168	-0.20762038807538363	-0.8041525808369112	0.3910660039500921	0.30414873530355363	-0.23013689002291265	-0.6815568001962639	0.8581389545266697	1.073808633599048	-0.16633558777097743	-0.15582760624729533	0.7247107027692508	0.0563948852570212	-1.6383930217875933	-0.7322159265628384	-0.20404438252604654	0.17987714663452412	-0.5986564879075711	-1.0967518548351551	-1.1454815244498266	-0.462640183881093	-1.4494491992544638	0.7344497008729634	1.218217747944147	0.38922383795105897	0.6423187976117994	2.61033504113227	1.6137046066355696	-0.9724943811552941	0.695521679362918	-1.0922468755114567	-0.9594660922918485	-0.8219181273885172	1.0084446121472441	-0.22435649826598375	-0.5980241676909376	-0.24853763039487814	0.5726370028683624	0.5400879748891301	-0.6718457040519846	-0.7743307029729153	0.6402960098878597	1.3386194191342224	0.701363278214399	-0.15697384410699436	0.5736803649154434	-0.33166675993848554	0.044628029003812464	-0.08391669351545825	-0.5381472844979645	0.10626189410533926	-1.1618968574027662	0.23811994239117285	-0.33598735182520617	-0.252643453878844	-0.13461828404444776	0.6979253498406344	-0.5351373842130309	-0.2962285034135887	0.8413819564898977	-0.5643075323616139	-1.1356675778349854	-0.12906180428758193
DTXSID2048666	4.442209885756949	-1.4858318548558336	3.8240900833355664	1.4706295151701658	6.374517899387825	-0.21340509298727936	0.5644460629845024	0.8026638707417731	-1.7918993434249133	-1.8849770712993368	-0.10543004969305109	-0.8522549148894432	-2.2933899909045277	-2.329503264722662	0.907762954856858	0.7838779139456022	0.4740267738243941	0.26862907651286577	-1.3174092475438257	-0.7445798952212078	-0.34811369947532494	-0.20655019993161883	-0.6630001630522049	0.46422886489055964	0.5963104198313689	1.3264479311515678	-0.415388167233771	0.48004938631463895	-0.8305292947421575	0.8058405341004652	-1.5615323752220267	0.8933676020480043	1.2941259426275504	0.08763832496523372	0.17339913015433478	-0.746077180474818	-0.6348107329640197	-0.021707909401960754	1.1760064160105514	-0.01489233489725074	-0.6445019475579977	-0.7355552840599107	0.3978314621606449	-0.7665797604935002	0.2074320961620519	-0.2070880043400061	0.4827154565144752	0.7672090729287565	0.5894219323925318	0.2169093280048501	1.125840207901556	-0.3337586642008013	0.07216045703330463	0.2541462479643942	-0.023084192333978692	0.7221584930169249	0.51450119163927	0.40911081469462574	1.6510408015541518	-0.44862721327317956	0.010804684576864386	1.434526375314775	-0.2186859183683955	0.65369701618692	0.1953581543834952	-2.2117686664208565	0.8414520477866392	0.1512064202927532	0.4390917215011081	-0.6484060919664951	0.8616058130439412	0.16763633852650986	-0.6392913140146965	-0.3521046518659531	1.6810657781713207	0.8191797300339616	0.8663197598340647	-0.9806143765395351	-0.5997201280597694	0.7547709266694045	1.091821860451496	-0.3181912048078827	-0.7411281583442961	-0.058402575768357196	-0.3224320840252475	-0.9619473262064682	-0.5705007991733693	0.04139505788307795	0.4270001007414412	-0.3767951844315004	0.7215073322261067	-0.24126246766779577	-0.19598009703668107	0.8820204959495014	-1.187387766875592	-0.06366566630399463	0.7271643750037771	-0.02316148752762531	0.5065979651232085	0.8948111603657127
DTXSID7020683	-5.834691098350183	-1.4416741524422825	-2.9584580435578443	-3.743738199167983	0.322110236640235	-2.375133740365496	-3.9854405633581957	-1.6728105803785926	-4.175538164044331	4.814746055152292	-1.8656656927525705	-0.11529658747755138	-0.1575758828345376	2.4099692757249866	-1.1179289534555448	0.6538291468894392	0.8097804975233863	1.5236192511685578	-0.6629605258000276	0.8048096521622656	0.34101916626982337	-0.7048360616500503	-0.7148009330120595	-0.16755379448952337	-0.7971697184009582	0.020878983597161612	-0.10906218180688076	-1.024440854765175	0.113723722942934	-0.33940313636477065	1.6164158997403788	1.369397103082638	-0.7032734256064544	-0.6047611023296938	0.26218219886616156	0.22550843697409398	-0.5595052627303906	-0.595327055004367	0.06236238509677375	0.5171679234983982	0.35027635536348317	0.9012472615418587	0.41190653478287226	-0.30375798660266257	0.2834578625490499	-0.6196371598367063	-0.3572404637001605	-0.2637809397740951	0.14672930580285076	-0.5710460877538603	0.4403453491070968	-0.6523979049710383	-0.5382932524679226	0.8397530092769149	1.737562466490347	-1.342695906214655	0.10619674570981585	0.12375238322325927	-1.0878998102299138	0.21309705272356474	0.9397773987442168	-1.4979905913812506	-0.5592159540557323	-1.1063748100631854	1.4411397787988258	-0.6639586150822051	0.6496994630349834	0.7729932456872282	1.111501920187813	-0.8072084968843933	0.5179655420945	0.16123491421639677	-0.15522005316739204	-0.5861696853957475	-1.095652410553567	-0.22305607122066218	-0.812001475725175	-0.9560452892239824	0.7922389736487286	-0.410341456085307	-1.201821222742843	-0.022281509219710824	0.07671255174844639	0.5068043760716038	0.08546980570915817	0.0692580374828551	-0.5461840950857137	0.8216910840033465	0.3197760498940935	0.5259638477724865	-0.6839448396070085	-0.5831960669389069	0.695388718171925	-0.972625026510891	0.4311420103273337	-0.9724254911130842	1.1594726978975836	0.15335390537414223	1.0848917497627955	0.3391081525710079
DTXSID8021147	-8.096772830688659	0.48510099283778757	0.6566961197074668	1.841971023175078	-0.9287519749856008	2.486671239567951	-0.949248501714606	2.941262537232818	0.24138062099781302	-0.09994287406402187	0.49540740371941006	0.2222112711272672	1.494864125271516	0.007215329181674671	0.5228625525086336	0.9723513527315643	-1.0878162243108527	1.1626521950946664	1.1018835942996736	0.14844086900254072	-0.042166749917151615	-0.5424087088302925	-0.20320454832305235	-1.1976075844935619	-0.5090190878321292	-0.25313660178550684	-1.5367974427807607	-2.305318846951893	0.710156481485985	-0.07792083121204263	-1.9933265760294148	2.4360529764121983	3.2836675675733566	-0.16660499568428563	2.5678750085504407	3.239378290155927	2.265921227127371	0.6264029867151379	1.5723653142644878	1.2447975905161017	-0.13794500530954523	2.2055567213861926	-1.066461221066131	-0.6328149453231188	0.36196011268535544	0.19932405776609996	-0.6397472212955644	0.732768852589092	0.6733229022032503	0.6832043549548235	-0.6667563073671432	-0.7243666013573941	0.10151004606408713	0.3898153189617336	0.23038158476195467	0.46735402392220887	-0.4340081576865388	-0.5250001893729788	0.9046646435102446	0.5615521910156563	0.28805929106660977	-0.38253067768664956	2.252076121846876	-1.0382679783680564	0.3859507749329771	0.0948576597326046	-0.5176638072366597	-0.18568933088933665	-0.039804273863068784	0.13222376844237038	0.9717768926981375	0.19676680781634015	0.19183175654631515	0.9025415024971778	-0.25324477009378865	0.17536252396148208	0.4771540323890905	0.3496487193376926	0.32577935723373996	0.2957998002293103	-0.10408633031010397	-0.09730731876977187	0.11122564855038693	-0.5988029261355323	0.5653174909996925	0.4395709499419436	-0.09524186001708806	-0.21842400197360054	0.1145388421854693	0.06510067971822488	-0.22008982451109554	-0.14525761681437463	-0.1946026737379179	0.0023074147769741927	0.06996960426251304	-0.0667226124184765	-0.015486203774275953	-0.6200230941191203	0.578991768461951	-0.022568822728607666
DTXSID6021824	-1.8672339144931394	-2.5874480423377144	3.4299229017449653	1.1413557277486535	0.1482159234439977	-2.854713560213427	-0.5496115661893881	-1.042915159676413	-2.8577147730526558	1.7778596135260334	0.7912475306456541	-1.3682529363701463	-2.174429701994154	-0.1778483023284831	-0.5613158649809159	0.6071380063371582	1.1720028643163447	0.5801514095323279	-0.3686360809733601	-0.3323717109261961	0.24317042468787528	0.09658287931041165	-0.31703304880940025	1.0460488832204957	-0.8585695836497612	0.09979156919226288	0.54351675020957	0.6733058288123973	0.3375297024116313	0.4435259138223715	0.12578469592356475	-0.37187781612634674	0.4852475486450846	0.7108022825945816	0.3108810352857234	-0.4018466121053255	-0.8252908686170474	-0.5855023332901146	0.20751495985191845	0.5320334084308938	0.13542079289667794	0.32802920566088367	0.011353607997368812	-0.3163788596835052	0.12765597263096715	0.1364991038583816	0.100214482317963	-0.41050559481693577	-0.3408499866876504	-0.13490860148619893	-0.29309831705325234	0.2033298175263579	0.6462710090059911	0.06895685876846508	0.12856880849263694	0.7432949630006054	-0.22139592471874012	1.0827688083592901	-0.47062044775818984	-0.23092800880153194	0.19523576124371075	-0.1467714079498217	-0.18734765550290844	-0.27815971462524003	0.4766006834954591	0.6006865378922546	0.24364416501801386	-0.24954237607551272	-0.457788402277517	0.22694140920116682	-0.6642574215561127	0.16178016877306853	0.12813393028086578	0.5329210732702374	-0.15435436746404024	0.11329314773617603	-0.11145556841422023	0.6587345608726196	0.2441509238533613	0.1645375828488418	-0.08806357564371492	0.1646122156270701	-0.019303242016786328	-0.5372642191401638	0.02764853848891718	0.12974530191015027	-0.5146349047171198	0.03651924924686093	-0.4800604963950778	-0.29997740788003147	0.32225227657343947	0.12945455750354182	0.08699613383938339	0.25236939547957354	-0.09357346105579055	-0.41990091506681104	0.3495406789075313	-0.4193464392819939	-0.012477027043315004	0.3825371937042279
DTXSID7057656	2.0103713296320427	-3.0202470435574944	-1.305139220670963	-0.11600883978622581	-1.809666023927511	1.833223201859715	-1.8663093328134128	-2.360059565102932	-1.0721492808793676	0.30273800264576545	-0.9218395596926231	-0.5438664702299703	1.5644123026735621	0.3533870457548095	-0.5375477573881412	-0.21261927198890926	0.998481010453233	1.15625804213064	-1.123694728327827	0.21976191505547918	0.6928603333470533	-0.8886853557704133	-0.28523170756367583	-0.14917611843315806	0.3890835205649677	0.43069552110468073	1.0322782400243917	1.0523269640190749	0.002795101715416686	1.0846475976433625	0.044885526223168805	0.0699348873301021	0.562640219665223	-0.16068967870978554	-0.6211083565382239	-0.3644009075282271	0.2933076378235379	-0.3970437194779004	0.5473801331371206	1.2375338017990838	-0.015092940781262122	-0.33655062597843755	-0.44062747287210396	0.8694906970450421	0.13361291168141065	-0.568250207721636	1.106108589416971	-1.109626270899134	0.538495150255394	-0.03398578170563344	-0.8088445841674937	0.04108390228252765	0.5698709526646113	1.4382479918307216	-0.04563527430335566	0.1860883780819086	-0.5689926179129949	0.3710746212225887	0.665899509746198	-0.04995872878705531	-0.2469180681440056	0.6585547658741037	0.504753118094382	-0.07300929267436994	0.645582611160186	-0.9202268013377007	0.31202794309517534	-0.7727365107818489	0.6433037760744974	-0.5909131900791095	0.729843282686976	0.8554503580514359	-0.5988213054821836	0.16472654846493875	-0.07811659313884813	-0.5520290416925298	-0.48125669108953345	-0.538935068202352	-1.2663153737282231	-0.023835966824476792	-0.45177546894160064	-0.3461466335140866	0.12855764759384666	-0.5197887053405938	-1.0779956688505077	-0.5411719030724378	0.41093885132955515	-0.9305686425004959	0.5446940936804705	0.1606296396351379	-0.38256175811494175	0.5438853197050618	0.09256149739378931	-0.08770144698428017	-0.12890532025209026	0.9272518655678976	-0.43873106533319345	0.2270652706401144	0.12817971170270334	-0.3484320836799342
DTXSID70381151	4.714710811730333	-11.406988038368297	-10.284566962687519	4.254527872122259	-3.443456849414769	-1.4670005640421622	-10.634637428207503	-10.374003498318709	-2.60903756411357	-5.959273118509749	-12.087816650194549	18.9765537563875	-5.371638505280522	-2.7086251952359173	4.312489589040454	-2.456955046998182	-6.636170314910369	-7.692380993448042	-2.0824448655174383	4.021143890028356	-4.164907833527331	0.3663486043113495	-3.943028372296934	0.5930650047677452	0.05564413279173804	10.723375510011588	2.633650847436997	2.6979891180038416	-4.364031466555071	-2.0077072329395205	-2.1208904286253167	-2.9556194547260457	-4.611344524741822	-0.18851273312515623	-1.3006338467087835	-0.04857004318454521	2.515091055807763	0.8536588485059313	-2.8209684487713385	2.472505396917215	-3.026225004982221	0.8432559763511012	0.5520841202783736	-1.0633338556098444	1.0066665927491332	-1.7897799292063914	-2.6290513750851576	1.2817002534603932	-0.12436244976334226	-2.404265195468477	-5.34146548679284	1.4289301844438838	3.7542330284241365	2.6035689515856024	2.8735366399498776	-2.8224127755667756	-2.4797338857821205	4.578696148420918	-0.36004459967438657	-3.1334818280132786	1.7175935685408636	-1.5181375708499782	-1.989555235503625	3.2894694499165342	-2.865468275953529	-0.05095314373840592	-1.94296317988569	2.2848090884804058	-2.5467824540959128	4.741947705185798	-0.38612829245832164	1.185457504505315	-5.969798040862739	-2.9135804357123782	0.20843848891018493	-0.25793016112704364	2.066196710132843	0.6628926639490519	0.6406899935493372	0.930793179723149	2.245819260389735	0.5677726859882849	3.008743529062771	-0.7714147594156886	1.4338087269174071	-2.7980941788050253	-4.122218291876849	4.674129006746645	0.6010894872085408	-0.6271405903591405	-4.522093397947986	5.759541981950969	3.020366168101172	2.2716222885163884	-9.168337833925388	-0.38448540214021426	-4.201298346398072	-4.441515969001731	4.25147355976361	-3.1404656133982254
DTXSID0044280	8.21885623963164	2.682043276884252	0.6656268770022677	-2.5091133304575943	-4.427458342784133	1.6860348599105122	9.834324273832276	4.876401375332346	-3.520470165890217	3.3773790612234915	-1.6170513289699309	-2.498140865716358	0.4086402280978762	0.5075804524724384	-0.5855074367503038	5.569225245541898	-3.232835780973244	-6.26701266011601	2.4433304332620676	0.46852094340209355	-6.186379903058356	3.5294080115912165	1.7719022813469405	1.6245071742603312	0.12230426164838672	2.8910326246290814	0.3720055840342793	1.6710353516100866	-3.4141322519960466	-3.029587441599818	0.568264924266102	3.487181093048267	1.2365076216667272	-2.6536104923548596	-2.8431928703542706	1.4481992615206747	2.1714898331368095	0.5508488170008469	-1.8643089321324384	-0.9321487299722865	1.1464702791155514	1.695529162866476	-2.079905946993391	3.560631432458747	-0.07167693884097229	3.450345522761932	-1.3972265664688486	2.208853226577959	1.8416434035863156	0.23844851355135863	-3.1861499445764974	-0.4793157416852245	-1.8617164032153612	-4.052091630411511	-4.58421150834732	-1.2553638872277544	-2.6741977518132196	-0.07049722403254169	-2.9021220835557235	3.045423666807386	2.660418465711561	1.384325011067016	2.1899052810884037	7.849267941805288	4.456210548388236	-2.568498343354977	-0.2386476594891844	-2.778917135312666	-3.722451351008805	-3.553354422942135	0.677180124704198	0.38272753776922547	-0.6367891415336718	0.5944674241712932	-0.6363127593225019	1.3023250558306334	-2.4204261964348572	-0.9165283247064006	3.2598652627049076	2.606661389522664	-0.5404365543937194	1.1572351628601079	1.50521029090864	1.720955780954659	-2.203727928321846	0.7947946030085877	-0.7665800788352243	-0.18781963875461113	-2.5211279424328197	1.5923882489461734	-0.10483300053785513	2.5156972795809684	-0.5184578900773017	0.7292659502602898	-0.27428221247272355	-2.985648197906674	1.0041194827173432	0.6812719765732395	-2.759523344495058	-2.0176494061144274
DTXSID4025298	-6.1856156856990765	4.374161050804636	-1.6132799578836594	0.045320545649965724	1.8190391630901654	0.6261235285384997	0.359853250838693	0.5651676831143584	0.3757737262778893	-0.732468623654545	-0.47865900014512713	1.426190486271011	-0.5328279153336676	0.725734150718167	0.28666266708283145	0.37224896972995675	-0.3898777271727169	0.4223354487632192	0.8760709871823313	0.09380718711400002	-0.32595036631916063	0.3788730553923375	-0.5991355686553637	0.297990489239387	-0.36227404562298	-0.6223415285148463	-0.18971110122080886	-0.6786666994814495	-0.6243713567481012	0.37152854610939623	-0.01035822602245139	-0.06706246832178098	0.05882366387614168	-0.7457467705788745	0.1801972645471184	0.41960839024961255	0.23268201716564904	0.08471083309885175	0.444610723730406	0.1897346344034964	-0.244608869791931	-0.7763325479675758	-0.28278263836271683	0.654872398124874	-0.038970466581578066	-0.9404671397354742	-0.11879865048495308	0.6011150232682075	0.16103978679340622	-0.31164086364133176	0.1206384990137038	-0.026943289388283206	0.5516878519035453	0.03644607578707261	-0.21875170180535608	0.06840627184124062	-0.05021301198077083	-0.6049185438010164	-0.06263156834989751	-0.5926578173871903	-0.611568512349849	0.24481648717919507	-0.17960328205207363	0.2972886297665432	0.2471329051981056	-0.16273713931409045	0.2232812193295726	0.49194457784516304	-0.2525164735853466	0.04893966326603246	0.002420688194588259	-0.8093605173806437	-0.04819247549307996	0.2529136594672016	0.2185041905061608	0.1410750753499245	-0.24734848557080436	-0.37664334736622307	0.07951434523698601	0.14643930963862795	0.042606932126788406	-0.43764202205896735	0.24482125083307557	-0.20116576218764248	-0.27646819137476225	-0.2997308335929638	0.12703284123936578	0.6023212903953563	-0.3394534362775461	0.0356291440007448	0.27511681151126993	-0.08055638975366361	-0.26346294492840117	-0.24955376154361872	-1.0957321063746441	0.1973843820384508	-0.24506633099735164	0.1823985057034414	-0.7845983778345699	-0.12608338623441395
DTXSID9040265	2.3782243095631497	-4.652383956558302	-4.584438906386336	5.034659133642739	-2.6387904541021907	1.85906407974411	-2.882287912677255	0.9934281992140087	9.353067799997405	1.406437964608247	-6.88022980313727	-0.15163012368234952	-4.054670331501402	-1.236384668907084	2.549154898915284	0.4980596824626847	0.9796473943778636	-0.8867947317465752	-1.8297966952483482	2.510388255861596	-0.8255660178717726	-0.7399220645425701	-1.0325269821664873	0.8100143728609213	-1.5616313509470778	2.8675385519655148	0.6503674225276621	1.6180228527083362	-0.7255621592497942	-0.3178638564200704	-0.7825321423919736	0.16009141474310112	-1.4177980438943132	1.4125763496360133	0.22603939843466703	0.5513113609143839	1.0915559356095947	-0.06872993209003592	0.3830515007565454	-0.12603609958929968	-0.8669443291403008	0.5640493291124236	0.329119039546844	-0.9573555980024517	0.6482817116397619	1.1669508187159265	0.6356909777034785	1.0794247694155057	-0.055259640634849776	0.265429525051542	-0.38928812977523186	0.34922343509935766	0.9491553809187776	-0.5242214148432006	-0.3792925898273765	0.06658773305335995	-0.38976948634898634	-0.30404641551497075	1.0861756579808979	-0.4178210883713385	-0.5882027969803737	-0.6132926765300403	0.16023408401256925	-0.43226925898696067	0.4980176420737941	0.9249116737597286	-0.6212292864539896	1.1243816927185206	0.2800086644330452	-1.098563345763879	0.1369361314641938	-0.08999605165457099	0.258611458346519	0.131982786126268	-0.7564618632608634	-0.4086368132433977	0.6159202945726895	-0.09256444731758848	0.04442005499060027	0.43798061972738933	0.5642804963018102	-0.04278264349391682	0.252593647013703	0.11299138356907788	-0.23790299300114728	0.6486559967235396	-1.449365744308027	-0.9947461369359504	-0.9001147058816251	0.011136826578399267	0.03819284391353039	-0.8413078600819917	0.03566898604412204	-1.059223236951369	1.0775562865211954	-0.9684832441791463	0.23681256781241725	-1.2106698806614766	0.07920026414865251	-2.1053222920948227
DTXSID1048964	16.723168771432775	6.68145554952817	-1.6694333916605295	7.202794179912979	-0.7689792327650353	-1.0246780306617913	-3.944402854766611	-1.5655421060634938	0.6506788742846018	-3.103467202544881	-1.0791111222958563	-1.9477351641949423	3.1864098532509835	6.0425273582165335	-1.9995958463523853	-0.32978733378053515	0.24190816101218332	0.8364088134428924	-0.9630770781802884	0.45575478712606354	0.2022690084177322	-0.5087951492324043	0.33195563104594994	-1.241206829456519	0.5037233718700835	0.050324476204525945	0.4137316317821755	1.5801953114427822	-0.3999958517009141	-0.8947406473996098	0.16306537978278712	1.1444100573675224	-1.367505089688533	0.20859011259047633	-0.32449119313651925	-0.10013031503096649	0.4743309119858501	1.074692316066195	-0.08984935326667169	1.439884550910565	0.34265735464389735	0.9014532759209537	-0.5157695663024635	-1.0251267076656114	0.18553180265506683	-0.5922834020209493	-0.6977629719892038	-0.4565719303250661	-0.2724480516832674	0.9757852848067478	-1.4364382379811704	0.3636058412301368	-0.6529814744166338	-0.5700269553000861	-0.2686650029539859	-1.060165598508273	-0.009432595685005317	0.040067152784111264	0.6518279468934993	1.2255097447253573	0.37941681958440193	-0.7964336956704269	0.22262490829872325	-0.08264300616123378	-1.3722536044665115	0.06054465870503593	0.25799339728299187	0.025799995323978236	0.975609288357031	-0.6663784844658559	-0.12113928788899152	0.32066849489061894	-0.40309857728346876	-0.599556770937275	-0.558449030606311	-0.39036621706897834	0.8834614243527026	-0.49053383256245564	-0.5825374146172352	0.040692198678796615	0.1245390441894737	-0.3403199623023666	-0.2671997668221966	0.1474407570061286	-0.07189956793943712	0.33897288203957887	-0.3576384006346549	-0.29551920058669884	-0.27931461035018484	-0.21395745742650105	-0.8416360282432052	0.03130374835350383	-0.08838363827062734	1.1296611454174645	1.275687653195056	0.3968490723266271	-0.5576060407772657	-0.5407966184379389	0.17446024843018249	-0.18334750260204882
DTXSID8026195	-7.157041798638394	-0.6667449083003121	-0.627708721733907	-2.3933282590017733	-0.6773540649912723	-1.058649893356968	-1.912915881588316	-1.2268294613677249	-2.9694990633614373	3.3960811463768033	-1.1794313499192903	-0.27106505306965084	0.6192486434404355	1.1592916866037914	-1.3024053014582468	0.4925265427791916	0.5982151981374334	1.0304246925137064	0.27823235546700537	0.3634723624748797	0.6479731743468254	-0.012035166893041675	0.3680013835915834	0.020480796620717973	-0.9160122618310298	0.3812348958644615	0.2718647962353494	0.4224776745721174	0.3114199233285298	-0.2912627412355901	0.7457140197241698	0.12081117304686978	-0.0380965076908612	1.1864903881837532	0.5606511304933437	0.27831592257895693	-0.6167480009761339	-0.18578644047591658	0.2176673162650668	0.05622975441483759	0.522245920657869	1.0053089952156804	-0.20990889268482738	-0.731513098085059	0.5259028219224671	0.291015942363374	-0.19303212851289395	0.2474759751198535	0.16937768707328252	-0.625782836453179	-0.3608802853688035	0.7388538089793377	0.2699447258787015	0.25233557837241166	0.28538621130989594	-0.24207486545460663	0.5678379071772262	0.6630579244750737	-1.0750560550477417	-0.23277492139403597	0.48563991044140775	-1.111500551247267	-0.8034969776836922	-0.3149385950758247	0.724283598817548	0.053872008920452276	0.334947992430966	-0.10371890323800606	-0.030030353579134555	0.572802524304543	-0.5733147624855467	-0.318476181778473	0.22274512625486287	0.4102091888907169	-0.3660202196499762	0.3990868426624866	0.403271972307894	0.4176419227045107	0.18338900323516094	-0.035601310272790045	-0.054768961248711126	0.3638897185135168	-0.38568095384797674	-0.3989531496566398	0.27572022727393947	-0.17970592101426824	0.010307643624065603	0.033698107241035495	-0.35819440255234525	-0.27889691215090906	0.040248048842128355	-0.1745229001932699	-0.34582666999682216	0.36163211446213406	-0.15265169391158814	-0.21527099494501892	0.7279224709812949	0.01800768132843101	0.08342489235378288	0.1628593207199779
DTXSID1026035	-4.405238930949439	-1.045001539333682	-1.6209228758076017	0.048878447129232686	-0.7932527993946128	-1.450290156918215	-0.6825298888864549	1.1856306039428617	0.2127652429732472	0.3602029676327419	1.177574046553592	-1.035076948304066	3.5829964927674474	-1.417599538074701	0.3250447836834078	-0.09206481567117264	-0.6243438751103598	-0.5685572972354703	1.8086208969398254	1.1203517467593611	-0.8055077635364526	0.9990938357763908	-0.24280464131245294	-0.7074455645260227	1.270114285279581	-1.0478031044569514	1.0483472520773705	-0.1322972401066188	0.11178355151994564	-1.2026502156882017	0.015866505123833505	0.024019203352667377	-1.4853461624228597	-1.644247328788271	-0.2950257544773088	1.0875821264074652	0.6714175438190247	0.7456888660947095	-0.6526332638254281	-0.936056283577903	0.23863052745495647	0.5374458957261654	0.07131428076865755	0.6397801949708142	-0.019613102890013622	-0.3241410926480168	0.5497138230663156	0.19740053509642017	0.33281149223867823	0.4334595987359667	-0.37929988109067714	-0.31343575246791483	0.35693179734612707	0.07676088432042004	0.9167715376620921	1.0370148532395451	0.10539837819375036	-1.5379111357257285	-0.4174833989361533	0.4486185560089453	-0.00810334205344516	-0.5010242196650732	0.0838753165914677	-0.4835066147228417	-0.36738185938973317	-1.1911147276620548	-0.7266139328995698	-0.11152839105573335	-0.7456190130429342	0.35674045689253325	0.6170765768551717	-0.42887696016004045	-0.5657629772180844	-0.3709191388792551	-0.7297330394875698	-0.049074326754883636	2.2082667642375524	-2.0921527163387874	0.2529267609454951	1.0493249501005701	-0.5925254629558351	-0.6851797372029684	-0.6150672414750594	-0.36799599637378366	0.6665487551645695	0.6881306723962871	-0.7343069697063137	-0.5689696142395905	0.9828563158513288	-0.42323155556704384	-0.06295988986780797	0.5566838529781944	-0.1329517527830355	-0.9717247084293464	-0.7405871406622719	0.5922375136887474	0.1824581624593667	-0.6496681280237424	0.17772960941022833	-0.05747075870947049
DTXSID6045296	-3.5063260993201038	-1.1015229363031307	-1.3558145709507774	2.043140361540677	-0.8635964433585669	0.7284034323521299	-2.22009679580896	2.427717842448912	-0.6057732491955277	-2.0653558452718648	-0.7231824410164079	0.4151823223535371	-2.9207611087615	-2.35877658320772	-3.2241862374815407	-3.057214555591524	-2.762312710142884	3.0575062953988033	0.3518322548484021	-0.17922162926096366	1.8375838465262528	6.1934943657576484	3.013842010443772	-0.46748970011139457	2.8929862545570573	-2.143785143443494	0.6337682260029931	-2.511666391724379	-2.3291602180868023	-0.5797923998414082	2.8027123140747032	3.5636146115897334	-2.0098672957804267	0.463893088230859	0.02895853714563569	0.7466985633090757	1.8372594046773951	-0.7565962551047268	2.380462956663196	1.0058036394675842	-0.8066627195812962	1.3068149069823776	-0.27304489047688535	-0.1434711206223047	-0.840145727640484	-2.2105231475613163	-0.06506929623358726	0.5350791375353572	-1.9659371769281395	-0.04606650212250136	1.00603993942606	-0.1200386292834039	-1.0785550201237637	1.467424981349875	-0.0618044585384066	-0.1740941942505976	0.08641270216515612	0.4196517090364804	-2.85742107748955	-1.3572995971756279	2.929046678175386	2.9883117332038296	0.36801915657899686	1.3353285961574761	0.6356537040366177	1.068722708372392	-0.19754842207730608	-2.508118814976913	2.6290957459223154	-0.37882059528099743	-2.1775792931950404	-2.8762733359835044	-5.234998363686009	5.8858363270990965	-3.3526377395528266	-1.906968674330015	1.806411339761389	2.523523360772548	0.851934396016078	-0.0629346674236997	-0.8568292161673237	-0.08060004329952655	0.14845722090171332	2.287569708816324	-3.8248255248321423	-4.237067418320081	-0.9906053798651024	-1.819437211950623	0.6711961153029944	-2.143218893291766	0.6254507033594215	-1.5115204089860728	0.040782729880104424	-1.6603964582439827	0.09260215560958453	-0.14925372821920707	-0.6622094502018249	-0.9388596218403735	-1.2080680488040385	0.15666017171373642
DTXSID1057666	0.185968924656573	-1.342306682492953	-3.211526310362662	2.0508835510290284	-0.22295268543717595	2.872784953236798	1.7186644421354202	0.17816162221127635	-0.15934676057571942	-2.1270061244388603	1.632058932231676	-1.1509909695448104	1.795794446764664	-0.6444913289878497	0.2844936827519718	0.10304842186340245	1.0643510037174546	0.6225216662074149	-0.9498239181052911	-0.9791263290703383	0.09068121893206044	-0.9772199279044862	-0.09140207951121346	-0.7483716806101346	-0.20187751848380303	-0.5542382681592641	0.5863331022674241	0.413690542394639	-1.3630486338758576	0.41420997535249054	0.08459097852701872	0.08012630645058964	0.25296588151733035	0.20589323963149694	-0.22263895632719072	-0.10278906338842354	0.38572908234250186	0.37453863914167496	0.21735916172166325	0.5504020900823713	0.24009400421783592	-0.10118797896781287	-1.0475265590979133	0.8434734956776757	-0.2953057642647465	-1.06559905167431	-0.17948234807380165	-1.40279648207535	0.7725604810112943	0.8855024665299599	-0.6761911652080663	-0.6182082062019909	-1.8280348661955703	1.2852770506299898	-0.41605424039914973	-0.7814368281658715	-1.4532338821295276	0.6867598441716438	-0.3446356714816081	-1.7716407663054388	-0.25063605738086997	-0.2868729851814557	0.13786091261155062	0.9122952232941066	-1.2205461390166386	-0.2297837380414601	0.9733011494287847	-0.17547004649503936	0.5623836555064258	-0.06844851252542931	0.46038410193666135	0.2846315294516302	-0.8214448957264725	0.5443008048186987	0.18075955088164733	0.2570383593610777	-0.6232916684040782	-0.08548001730360992	-1.3797057457553399	-0.3237810203089725	-0.3322276057785666	-0.668668138201508	-1.202114733679958	-0.7058550749393271	0.847535541984208	-0.7157833041739619	-0.28344728796425117	-0.16259876042345472	0.6009108125798635	-0.7965889785502198	0.015819254851198748	0.2490232979859794	-0.1222264614458975	1.147616673930813	-0.6050335847297906	-0.2046125026926438	-0.011397656813295924	0.585782041758954	0.8080652982959289	0.48271835153205433
DTXSID7026102	-1.0203536796639767	-2.6147636964794985	-3.8134188770080133	-1.5961325904936257	-1.5404960803851553	-0.18386513714567781	-0.9755054281120236	-5.067120386334583	-3.3290824975408455	4.488626468617954	0.4044778213646309	0.04501135814903209	0.4789144064192188	3.414374344955219	-3.211165733156378	2.1165471558201205	0.8186874634385336	2.3691618992651553	-0.06188536340208396	5.2927238586976015	-1.398462328234374	2.49793556746636	1.692661694269504	-2.596542142430432	2.5344005547643293	-1.0519283904017906	-1.5084045924683005	-0.9948500272796157	1.3248237274370882	-2.98598734858842	-1.126409868649357	-4.545672814012604	-2.5522279988234717	-2.028789026967769	3.1194309078389924	-5.34717928233902	-0.38568978062890424	-0.8288780869031782	8.344539865267677	2.1997350548248926	-7.137362152507371	2.968077677728851	-2.20029843463981	1.3773034600810337	3.423134960211907	9.004646974285928	1.876939808683617	-2.5337512648205496	-1.28997130912573	2.5816494412585693	-0.07198845555600375	-2.3778222408489276	-2.0830949505546643	-0.5895149446663233	0.5938774114648202	-3.9072578110324043	4.528833983028312	-2.040601378093477	-0.9774499553787908	-0.3818846166773013	-0.37078506597717703	-2.384108763093112	1.43999064760875	-1.6294792317627482	0.6786614805215162	-1.0052979191148588	-0.22041207704815827	0.9104988973475238	-1.1108438648820331	2.4638681513904994	-1.4996776115688177	-1.7642904450536203	-2.4404578883688153	-0.8526229059484984	0.9767025716518483	1.3137694544393879	-0.7414539552202528	-1.49915006635381	-1.6247936786789803	-1.0429420273927332	-1.9278857005539887	0.7161598854799737	0.9947441613716068	2.0787936518012096	0.8812989446717493	-0.32833551994080296	0.03158006733435699	-0.09026251647169822	0.6093436470409616	0.20629259537934636	-0.2537516014395516	-0.4723417244827839	0.3881947847373454	0.4471133791248381	-0.1363269065940694	-0.2899567028371614	-0.14941048220189473	0.027855755640640696	-0.2195234080045437	-0.6719502116787748
DTXSID0025527	11.961200086921682	10.367650761759455	0.2330720276057409	0.446263438865111	-2.4055460390226635	1.1646666181377052	-2.9578208727776554	-1.0336915367426558	0.9326460674525636	0.5705679509565011	2.322961134657398	-0.9333395190011804	0.9052402094116427	1.6403628097528253	-0.5241688626564488	-0.35777117358767574	0.3269619459731123	1.4924620759345166	-2.0044633318450273	1.0219879696923237	0.06366599154034365	-1.6046189895602667	-0.4531161740253813	-1.4866871805014175	0.947455341213734	0.18655479784600193	2.1755527304318014	2.071126049314398	0.2786638659743955	-0.6976673023501153	-1.139238757811581	0.22381221914808366	0.14112040242703786	1.6809340371248376	-0.030793634177027875	-0.18990829735132866	0.19605495568891143	0.22436879417332878	0.03433393215606406	2.2719242255334424	0.0992855766492594	0.8001691536321152	-0.08111126892092907	-0.8990462571123149	0.05995139505036248	-0.8651946399143515	-0.0603709131104225	-0.05405594548711599	-1.2770854142136385	-0.3321037247808063	-0.23020697705081355	1.1713306667805288	0.37980264699942257	-0.053704313440602745	0.13858742604998175	0.5541426835574669	1.5971450704998378	-1.4017974936464452	0.4273324276251249	-0.11000518580057977	-0.22625329251971768	0.7569236160847616	-0.947618089653153	0.3246422286753731	-0.8941793255745855	-0.5145101834293138	-0.6235337618408395	0.4207822953674147	-1.0892099160382769	-0.15272848086065466	-1.179366926499725	0.7273038699145068	-0.07564619134586673	0.32717787145349625	-0.871441271904305	0.48432343040446985	-0.39650820705141365	0.7755548199661045	0.2848214033409004	-0.2958470846837879	-0.033749574371544945	0.02012371220931972	-0.2946767148204646	0.059898887522041776	-1.0796791195685596	0.5289935108289429	0.3274113761280532	-0.16607425895929573	-0.21645677080767947	-0.08891987001760943	-0.04126163475390347	0.02432470805540978	-0.3206612744468633	-0.057800277513691885	-0.26364263354206163	0.29008725208789404	0.8578096912010629	0.18726276751402499	0.28776706006436276	-0.5138843500241389
DTXSID7020895	8.767412746235188	0.8429573285629294	-5.206665137898395	-8.869473770842964	-5.01805601305674	-7.5286342758615685	-12.30830754403649	0.22007717583041114	-11.625052941575236	13.083773721649173	-5.992194336475462	2.5846191362685644	-4.946867118709643	4.943905756374411	-0.8617580735431584	-4.178087467260431	2.5613639370898293	-4.649009946837229	-0.1877684557340614	1.656226922034092	0.9715199859898797	-5.23109515125733	-4.072205626503322	1.9708726493551079	0.06923764508649051	1.6693929489726258	-6.751338729805164	-6.450099845751351	-1.36211570217983	-3.9142262389850098	4.906806316517373	1.409280390078486	-4.236309388343162	0.6507274549127469	-2.260102499397914	1.9998936856045495	4.19754935804678	-0.9193805754050005	0.5411876355420213	0.7882887630751348	-3.251889651896149	6.196417669363481	1.6278442096863397	-0.7299135434757296	-3.087411749320549	-1.8466191025212721	0.5775017575471099	-1.488130007286531	-4.707993706591074	-1.7025594353149467	2.586470592397919	-1.6832251448124687	-4.185421042992642	2.541677753333537	-0.7735990634103521	5.162333144203509	-0.6429614222413793	-1.798044209413099	-0.07662011752145666	-3.5897409637042776	0.7009872660362072	-0.01700520870575989	-1.1475722438669393	-1.4433714664876518	-3.83829108934881	-1.322055466977415	-0.4000171003452751	2.1606843589536453	0.341640301131932	0.11409262928150041	5.495432369351761	1.330135642467551	4.361885714262534	0.7102969567878232	-0.25032610998640237	0.20244664404462195	-3.603107480734769	0.14745817866543376	0.5100340569286801	-0.4729854171053061	-0.4147975308559927	-0.03480212177361831	1.2035632446774405	6.259848947385218	-2.874846194342114	-3.960518213511969	-3.5891663006290986	-1.801460744647072	-1.3700476023969292	2.7266307894717996	0.18319987715988087	4.813106452404939	-2.7910586790056	3.3945819748251673	1.7804080820322155	-2.6459492157441113	0.21431447141617258	1.1084306175287866	-0.27995398216564343	-0.3749285726675728
DTXSID3041530	2.991734257427698	2.5115188408829168	-4.604152184718968	-0.8751288687713881	4.866005332925059	-0.65454444188826	-2.1007246720299664	-0.6453959944260463	1.9872043532042825	-1.933218679128829	1.5528659526021826	1.032204269843628	-1.327191598403125	-2.0665029503115147	-0.04038796208468313	1.0830983981776772	-2.0431777614308215	-0.00808743678594442	0.28536423505254627	1.9622937490893257	-0.6957776714928933	0.13680303099845695	-1.1612779275843135	0.3167635987315196	-0.4620734667339398	-1.9166443694716777	0.96222374638309	-0.08084246228739528	0.2142663523393625	0.7669751324293201	1.0778058534495139	-0.5699406043855731	-0.18508944078258155	-1.3216756539826977	0.641253477546886	1.7929155519206583	0.7597974917682349	0.19439109277723854	0.6545188429699177	-0.7751315769743506	-0.2752947357145122	-0.9469042262077954	-0.30360302091611546	1.0374226027271147	-0.3043541622348178	-1.3214567598407416	0.6178577430770168	0.2443707274301943	1.3963652970414502	-0.786579597039479	-0.7128177355670274	0.28636874816856184	-0.0005444909239787121	0.02039136558972218	-1.3305948710539337	0.599445431013097	0.7472105370931196	-1.2158230397606131	-1.1062853683792855	-1.96341655162934	1.1116943746624597	-0.029225136874777978	-0.9080043648294039	-0.020898910171619503	1.3219918512045694	-0.1780427861137758	-1.0278233035632391	0.14277229922487794	-0.8872391030092281	1.6406430615644352	-0.4593478880075585	-0.7232349467980097	-0.6424850818422423	0.948040113533662	-0.04534929505942561	-0.9573353381374317	1.7424209701690956	-1.336611339759348	-0.4284897963730791	1.594494466493011	-0.9242677829507796	-1.2142168661989874	-0.3568437170246099	-1.8722745842146353	0.31300217612696113	0.09914369126382894	-1.0484893586924033	0.6151977473429038	0.7409579930752431	-0.7252141182869823	0.3516548072776063	0.34804842836032046	-0.08187358633961773	0.1203830344166226	0.765542563581413	0.8664979135351014	-0.6259269921039035	0.1188415801092929	-0.15617691753482957	-0.44931912282874703
DTXSID7020631	-4.810293687731122	-1.5423035315720368	3.8386585345908046	0.03806039663334346	-0.5033553635926555	2.493377948091929	-1.4392826009557682	1.1101069905534164	0.0741000967964056	0.26149190539466016	-0.9602087585928959	1.7392925693283814	0.479914457858627	0.03637068704958119	-0.8184034812094657	0.20437312265069396	-0.3992739893337095	-0.4337714091648812	0.2843337380883931	0.8422511284050095	-0.3645119409492191	0.1284471450845804	-0.19223410990735348	-0.25504420931159955	0.8886722761299465	-0.5834022076912837	-0.3067783795799466	0.08421882722711843	-0.22909707575010366	0.3190177591994938	-0.5844427871755226	-0.10719213805374601	-0.3819206215110552	0.33147319728632624	-0.14825573283305343	0.3961766711873009	0.2540712225250745	-0.24454713001631423	-0.3210639671488682	0.14861817103722932	0.15791388616194252	-0.3077484915585348	-0.2432879824330177	-0.230830713573391	0.0768090691413836	-0.11091061826342562	-0.41237295236904825	0.12232636790358214	-0.2900174121781638	0.2389446572450969	0.0152069591934114	-0.1428636359236866	0.6607287636694231	-0.04846451651323772	-0.10569938126513238	-0.47402652235623227	-0.16837353961964377	0.3452571398896982	-0.5959299079622533	0.10339783816330675	-0.030890386520995555	-0.3697605527577232	-0.3908528364724431	0.14686970094777888	0.09509209259558932	0.3582521693568181	0.1769121712932579	-0.04348708650924659	0.2995226997651455	-0.20329967181436767	-0.250764196179566	0.06943193602870423	-0.4824244218389636	0.10403173885548667	0.3246259018524775	0.22920203953912316	0.30738970017114114	-0.3863189963708977	0.21720727649885668	0.265954295990543	-0.2522188138293374	0.5940654626244937	0.25561142106106155	-0.629316581889977	-0.3694002978303978	-0.15083366807700813	0.021632580643056506	0.09023367043342835	0.3732866991494686	0.33492779189003674	-0.13729833164052116	0.23171885203159118	0.2731915128773079	0.2738583546416657	0.03299059096280899	0.3333861393492834	0.5895675918896432	0.19095765473931633	-0.08548143550237357	0.31609226843082905
DTXSID7041883	-0.9321654070211686	-1.3989425990604556	-1.7398618888698953	5.982427509289437	-1.5223272328101922	-0.6545451559132613	0.7154351683565141	-1.2963225966717842	9.515982831282498	2.888453651071206	-6.280188653956738	-5.097321833544491	-3.643590178569043	-1.4920343632900641	2.5209307766454825	1.1638013953226505	1.6634885952076819	1.5467356676616713	-2.8667717365765726	2.086149217987022	-0.7428901105617572	-0.23615151545864027	-0.011155141014784821	0.9085861388307114	-2.2382792093101176	2.798358378774984	-0.14893697646298412	0.6797311481178062	-0.09055083553883249	-0.5494058579343098	-0.42670871679501104	0.4029002677462347	-1.3002392890029049	1.1850892775144584	0.9344866919276127	0.36897913953277894	0.25719052560255806	0.1562207552996668	-0.0028237652278466007	-1.536148854698372	-0.33833378508047285	0.34565666041402865	0.35026452099052235	-1.3991686613156407	0.2578700801771076	0.8853995007600465	1.1924520350484928	1.0766249658320657	-0.6622116689740082	0.25220351330032	0.2829728186561301	0.7786517885138243	-0.9057480509783674	-0.8290311641467658	-1.0112830546707738	-0.05953634469414141	0.8574110592894989	-0.3601300194907075	0.6546505192545322	-1.1362625618146978	0.11262613647928095	-1.050147725175042	-1.344902025670058	0.7232723829571496	-0.8928407908803704	1.0136839333010619	-0.8597683477657208	0.19632484515575493	1.19027549648107	-1.5914581115326183	0.4113006292310177	-0.09671532918214017	-0.9288974057976975	0.3241945229506948	-0.048095491533831324	-0.22408793147481673	-0.23974759931823444	-0.5508067359739273	0.7702389307766128	0.8769384625988295	0.31142628093429536	0.020575744633162453	0.40337871920386553	-0.08792825190379897	0.29280065663873783	1.0750150883240013	-0.8371498006069399	-0.2586526593894493	-0.37905525098943516	-0.43916168630004393	-0.3893111206090483	-0.7317744654403079	-0.3518203924740751	-0.9167276544037115	0.2739513640352654	-0.6131595254744898	0.4258371251597262	-0.2990317936884067	-0.2624658724420952	-1.076478827709614
DTXSID7020508	-6.616773444742713	1.116129327165697	-9.812767139734714	0.3250851185432345	14.310828340663816	-0.5276854946747495	-3.5607865495765223	1.3886170471390116	-3.079221715682205	-1.551972154940252	0.08449253773820413	0.3186591793064029	2.6954632187159557	-3.994322569779505	7.8075008993779855	4.398451285738134	0.3822437819527577	0.7797556958082087	1.0622101549651402	4.127536724430156	-0.9341696355626721	6.255546756067252	-5.086596952300748	2.8725534814789953	2.1207874390056265	-4.195251203392701	1.3329088313367217	0.4946681918193053	0.7020543870976219	4.519866777783572	4.909722065930723	-4.978746862905695	-0.5498455727540815	1.8176733609316706	-1.696175611555499	1.9129930847410628	1.7550812495873924	3.2309161493219847	-4.314335400059949	-1.7290066177340693	3.9997052681340635	2.039942631744143	-4.238091073871109	1.9442692043775582	-1.3741650969021857	0.3682186254022458	1.1319895352294203	1.1387489387944283	-3.4729939826737755	4.459881605951914	-4.529034269940223	-0.0749965261199667	4.8862179061044975	0.2271372457098344	-3.772497782140792	-5.736515114197887	5.3944404872839105	0.7405458398325497	3.550536683710828	-1.3223543578027948	4.791637095424367	1.358024524148705	0.29696910958293465	1.427269578718114	0.35373885997058957	2.950900832704961	0.34796147419094653	-0.21222220368146827	3.0012193834570833	-0.5868705970244935	0.38093611466844696	0.8053499180541038	0.34190773194148016	-0.40547680721087165	1.4330942294391629	1.4173446532752907	-4.56644847374863	6.433557370527696	0.3818458360231641	-3.0630912311480323	1.996615874518881	3.709749410751095	1.8830114456504372	5.7066665349900205	-2.407115956504777	5.987143089091219	3.421802382485742	-1.2674255723873808	-0.767398465243087	-2.4950434031011537	-1.482978122046893	1.0333588119926853	-1.3251638698219803	2.341256062598313	4.0182186707598735	0.865398269842426	1.362444902946256	-3.4359087083783875	-0.3054265741595137	6.526229256587686
DTXSID5057678	12.208960899469735	-2.4547609196153988	2.427760820960067	-4.910058474943233	3.2385967990318467	1.8965327666576748	5.122081561182072	1.901666640114673	0.038546380732497935	-3.9465119689707917	-2.802555558763869	-4.836234411369765	1.9825824008465827	2.648184205610801	-1.1203738079589582	1.2121663725814182	-2.996236586778988	-2.595488435443295	1.99759366645921	0.6169650529001512	-3.040104921870623	1.733137391606237	0.8269200891050391	0.5561790517330955	-0.5791924599508138	1.498792838637278	-2.078893449181652	0.7419526996424252	-3.026139411954625	-0.6178088916231403	-1.9218124832547456	5.465710829402877	-0.17830106315428793	3.895431223254272	-0.0240262864997644	-1.3025741918094993	-2.765178995570194	7.663149918100791	-0.7114662929080169	-3.7144920735044398	-5.102050870887441	5.185070667188515	5.774318788337355	6.727087370025374	0.7077352100559617	-3.6179280921542816	-0.6256839491113134	-3.1402122743858483	1.420945460508631	-0.9684387806068521	-3.7192510164189905	1.1809846236534554	0.709991948982857	-2.650488544108879	-1.6862271082205298	0.6696650470066953	-1.3561033153760302	-2.2378301741296727	1.6323131969908269	2.7981840852975917	-1.678743642094229	0.8372268104370172	2.1190026516523277	-1.0468680576546474	0.7287047824127667	0.578458846731387	-2.0582890188848464	2.199453070311897	-0.13857611549488824	2.5021227346001456	-1.8728990778171497	-1.2809359693044013	-1.3665304932277513	-0.16449465001016528	1.1748503433646778	0.4732161641913552	-0.8861788902716919	-0.7248001232266831	2.662898497838229	0.7987933079447586	0.5455180140212069	1.8854996280768659	0.6034438176804835	-0.99550003831251	-2.1899050448220945	1.0397812453466728	-0.423708624284037	-1.1338103555314203	-1.393453266052799	-0.22690671963837553	-1.8396906378592726	0.2734471544517231	0.9537760464422833	-1.5762146014925629	-0.005616933554237034	-1.0776639075676053	2.081314014401318	-0.5290800515714721	-1.0422154885595334	0.7451402857886084
DTXSID5048635	12.119973445260996	-1.8828020591822714	-2.8433226547977344	0.6260570359683848	5.3271584838705515	1.5888046650870922	0.01749274735003668	2.2900839873991594	-1.5139302597485516	-5.894112983667616	-1.4176532877119505	-3.8048505299263606	-5.158298294781497	-0.030351428632313333	-1.493478647835624	-2.0287598871522956	-4.045216838817986	0.6899913712540349	2.483059052576645	-0.5215293216389297	0.28577692951090466	6.433649134830049	3.6091971680005663	0.21210691384627522	2.0492137206019385	-0.632057137077661	-0.26556576741642973	-1.0619056942403584	-3.707322913818291	-1.4759979806314776	3.2587395953055096	4.461580998453341	-1.5415439498683148	-0.22883864355331937	-1.2122124854779606	1.426560302181108	2.713787677715839	-0.40687354301588047	2.097538383822321	0.5200069307419127	-0.039772607879633035	2.006724887709101	-0.25536480811262924	-0.6982684628911522	-0.1122945092436927	-1.5557007663419986	0.11454614058048686	-0.6958194200427962	-1.1752000937956095	0.01889465088713839	-1.1009002884231978	-0.8018241172197855	-1.879680352501888	0.6852758111036813	-1.9053782128150583	-0.6872384608277374	-0.37844337968191183	-0.9403599732249032	-3.6156183833611615	0.0056394182076789905	4.5216380356384756	3.6026650734494328	1.416526124379738	3.052403129871583	3.3623078534009023	-1.186830352220447	-0.6402136923680737	-2.856075708457706	1.9593882181804558	-1.3655154483098446	-0.8830464043468502	-2.6536005412717603	-6.772324918243537	3.746335328580956	-1.573438959026712	-1.5921696083346473	2.1953632365827227	2.501072629170723	0.582178947534187	0.19470684454228848	1.2043267480510165	0.5812340562148147	0.382604859324396	2.3743380687225373	-5.17631833156579	-5.201301896268199	-1.0766428406233246	-2.0711045799706564	-0.10230916527089137	-1.203909943390583	0.7952874252532023	-1.2207726759452444	-0.16874111960665	-1.1075052683628883	0.24203505763592054	-0.9952202435200335	0.16738557761286044	-1.071906615578712	-0.7259424905286382	-0.3997972061288393
DTXSID4040715	-3.3909577184170594	-0.6311597731552134	-0.3108100181513671	0.5079181543681265	0.315519145244251	0.6392547121565153	0.7361698900763236	-2.159113687111813	2.089179506645913	-0.43543475659594966	2.9032327678257226	0.6703439597030773	2.0564861823001443	0.40937213644654	0.5684307518022114	-0.17106457014325668	-0.12611378056733566	-0.08911826060176387	0.7835706307940711	0.23731474483233567	-0.6946552381691351	1.0289966121044998	-0.3791035934851629	-0.2924191400622676	0.7251638357389107	-0.23119545024265242	-0.8638348165819985	-0.8375759219465427	-0.943505082064018	0.056030904052495584	-0.2968622388656955	0.32473868939469014	-0.4176574640834718	0.3075555897758976	-0.5010267499417145	-0.19289998956236684	0.45985998556375424	0.7105040289487848	0.16473375185944306	-0.442504942771369	0.9018795897046817	0.47713592174740344	-0.17907898902586628	-0.6537799646651141	0.43583918560737933	-0.24312749353070415	-0.8342595280668496	0.34950721852106137	0.09226871201454351	0.18615080500004885	-0.2914404515680637	0.18659152673185223	-0.6518327728163101	-0.008073402802363737	0.5401446056614649	0.12309878792790062	-0.12537273501439652	-0.6016205344857808	-0.6900344433727136	0.9564710929922597	0.41108862410285607	-0.2580419358607001	0.7668190683459919	-1.2484845630207078	0.14905566895582673	-0.8696730154382667	-0.5522765765922539	-0.18738346512868687	0.3233540793518635	0.2670044611015037	0.3379538258908445	-0.0250821242132678	0.21659607623323765	0.5970727204665718	0.38067011819349483	0.290173888901755	-0.6003222166270205	0.22972225383699293	-0.2745584581128913	-0.1732580581307245	-0.4021235550026476	-0.1028994487281682	-0.4067595824916738	-0.17642456635829984	-0.48243032729667784	-0.2758246300171439	-0.15752201266741744	-0.00914862372498385	-0.22411250982289835	0.07748956236407657	-0.014891844885506515	0.21195754769629135	-0.3570664659782412	0.34160084712681826	-0.44668490656166715	-0.3447071087753521	-0.15033683172646484	0.06840217657746371	0.4003628035047258	0.6495671383023186
DTXSID7025427	-8.538715142220111	2.6045424321804345	-2.49517126188845	2.0927436080901582	-1.0139645835740998	-2.3829998645351114	0.4359884271065379	-0.47166019851707675	0.15504085773628123	-0.7726969974732119	-1.076748254535437	2.483707842459447	0.36188148380827695	0.9772118389740165	2.751298625271596	1.4000953043239046	-2.153280269705046	-0.5416003385931725	-0.7210180957948199	-1.8874245682453479	0.2251719953354246	1.4354479818801753	1.83462287086862	-2.0664673545305443	-0.8625857066041542	-1.0774519452203075	-0.4554348944070042	0.3453426152489628	0.13511280855306845	-0.6410191495832258	0.07605929753268585	0.3636768226123539	-0.42263939463863615	0.42618064333437	0.4314112759659502	0.7142586186425817	-0.8197658724966033	-0.04160941024062578	-0.46409670365619243	-1.0659055670198732	0.25504136343282824	-0.19336721134853033	0.19317781669611916	-0.596103948713303	0.9374376749847247	0.4255517502007203	-0.22844538151655117	-0.21709930537124142	-0.3485600038886868	0.06380121658925703	0.7803546666809836	-0.5041129671864275	-0.46072390775914135	-0.08145328150130024	-1.4933912520149706	-0.7933007521603427	-0.5414607987386177	-0.6232628315551316	-0.3633480787532083	0.8086640156910989	-0.8063698682562175	0.6221937497213136	-0.18290698885068435	0.001593343673537067	-0.12835821939286948	-0.3934046995073415	-0.03993767936940648	-0.12675117575076758	0.5821271195714426	1.3506048458483135	-0.04738490467721675	0.1591360931404345	0.9786445493096552	-0.01931256679728537	0.30967546569759463	-0.3843773547415919	-0.13027251269446996	-0.02956821146886443	-0.6871743421465413	0.08476539461033532	0.027681460415243688	-0.3801290480137328	0.12090548554057796	0.06906223953892508	-0.026591928584025978	-0.3625213160122153	-0.12410044476831333	-0.22552544095508284	-0.6040946553228213	-0.048770788354078005	-0.5599342182662225	0.23842270951475766	-0.09469793193017544	0.2900650789780843	-0.05549691224998307	0.3017211634889421	0.5629591133069792	-0.4290448861492787	-0.8106519344239578	0.059593687562688936
DTXSID0048977	82.11141939141615	-13.093709383173506	-8.032555784572718	62.293278089514985	19.360089589663726	-13.469471252641274	120.85960976561553	23.37586496193576	-27.101679980964082	137.36236481392373	-37.818611749880716	116.59164645818807	24.21019517347336	-6.9920895791567235	34.59916820209117	-54.99612963978776	-40.43145679667476	57.45668642292991	77.60716555004717	24.684877779157066	50.02132400081858	-23.37386209706671	-32.89581955133973	7.373199267033281	-24.190240258476937	-32.20472528643261	-19.171149625035117	16.262918039241374	3.5409923574668967	16.33794375921074	5.903140311946198	22.786052968492864	-4.26053293477419	13.83435564355003	1.0180779629357186	32.41446113140614	-7.207320039762251	21.00527117950968	-17.921399715297586	3.5361581580008488	-0.908856301369338	8.442819742486211	-7.183381662072744	-4.4548889920358645	-6.361756347984966	-2.6175342318604398	3.034626637082212	-13.49623860601585	-1.1810821057742156	9.178323235540605	-0.8083868931064514	-25.750802518023058	-23.983492428987308	-5.431157892444758	-6.051670084842255	-11.913050318964622	29.266744971215356	5.136196401376651	-46.9578155491271	-18.917945261473406	31.52401771929777	-34.19139911843199	18.640617272130644	2.1144974480806815	-28.145342185408072	-90.25212202153611	-3.361780121109364	-39.34410249649508	-26.992302984050067	6.952729068726457	-28.65859198415421	-50.724946699124686	-8.300605773417146	-13.909086363852538	8.77064583867441	15.83421600376713	-53.423760712645844	8.053051933916612	3.250581687896723	-54.2880883338075	57.75192355040095	-49.53638624200592	66.63507422053151	-91.19951208831412	-67.0372201432452	67.43376834496983	-22.850718236269806	-29.945004851557346	-7.4974954767154784	-22.967708335746337	5.391406354053733	-58.80252797553203	20.007790340602533	-13.98067344374367	4.554232330882051	126.59839850716219	-10.084462870233166	-4.00375479694942	15.643544129750833	54.597765664287174
DTXSID7022918	-0.8845060442465431	1.4562207557240252	-3.6773352836516064	4.839203014264078	1.939132103798251	-3.7201367686390947	-2.3421363090049363	1.5528150554742908	-3.0681426741863604	0.41888172862328776	-3.8374063302892356	2.9479685725260127	2.0680218285645697	-0.504531146811163	-2.4003498745511083	1.0012460325398815	2.107599641446151	-0.3677995637716815	-2.4167415399591565	-2.540615949049149	-1.780535274851958	2.0340920683356094	0.9940941040363929	2.1256609093371	-1.9016518034317444	1.479415281926806	-3.532623821792283	-2.510438294338709	-0.9665429145171248	-0.4930370903755776	1.760316470287529	-1.450211532598044	-0.10190174152695991	-0.11902969473190816	1.6091877572205018	0.3601463450469401	-0.21875897529799018	0.36763677821996604	-0.20981538171268727	-2.0724860895841437	1.1291502772449666	-0.34400820644785984	-0.23039365318326605	-0.7904921204115907	0.7563546194915968	1.394729692544455	-2.507942101966045	0.9891175762418848	1.9121800704706253	0.30146996917793867	-1.213507054091638	-1.1703809159052223	-0.9107654987211941	-1.0959240712865705	-0.5585798425738557	-1.9611111456534547	-1.794551819748986	0.541777534732844	0.6664476192002896	1.5095052512356422	-1.2147486647293833	-1.5418502375776801	0.566559244728343	-0.9009144118027457	2.6901279055802325	1.3806732631595235	0.615125755384265	-0.6152884480988605	3.7447272238382485	0.4778954201570329	-1.1910220375338418	-2.3645277192064116	1.7332640317046637	-0.13456249371083961	-2.756850210210533	0.3598646735283846	-0.45032017800915364	-2.221449367412278	-0.7312279141170814	-0.714490675801424	-1.920769896419555	-1.528083421058238	-0.26520325518268706	-0.28694064227908145	-0.5185576643601054	-0.9621613890726891	-2.0195137341889433	0.379189134400879	-0.08268683700355334	0.41782732686059076	1.7740896143831564	1.643117540600934	-0.27739824781805983	0.250851364806944	-0.5018709410361425	0.7265160326267449	-1.0738868344083623	0.45295585224551305	0.5203017048238544	0.17550628256810255
DTXSID8049331	-1.4121652258236563	-0.6346558249246802	-3.7981398990411512	6.075001729860859	-4.596897877270107	3.3378476774497114	1.5525268948123196	-1.0905704966175096	6.008796331338561	2.153042708148705	-4.932340457073101	-4.1976074034854385	0.7462109180222846	-0.8119798465715569	1.1989130433000768	0.6205332046269928	1.133757973641386	2.215749664770714	-2.488829896315089	1.1393421493286422	-0.6933161154565652	-0.4417378765674353	0.23293577853310427	-1.3055100168181015	0.5524433447579361	1.0327389554900692	0.5791948538158174	0.4948709627102711	0.5814783356707666	-0.25781190111787966	0.24764722771843312	-0.5518838836334883	-0.7538693601869754	0.445278829683864	0.2860347991340376	-0.37621866197122006	1.1838874869622669	0.5709847917024845	-0.844575799532226	0.08690488234030007	0.483735503882645	0.9647889817347179	0.31338925517286514	-0.7665579938866889	-0.09617991913005235	0.03673914248502597	0.9961995495820188	-0.37221207824348196	-0.640574138030491	-1.0151927882085383	-1.2070618144993206	-0.121265950332981	0.14429064092637647	0.1610133334025532	0.16797848789053924	0.5978367737672857	1.2037038629484034	0.4951749993761222	-0.19901368756418747	0.6654437188308153	-0.1990343363693736	1.3002850985619507	0.4021539226264443	0.1958658687279625	-0.1110104025577865	-0.613989332391348	-0.20183374457700345	-0.21610118117681743	0.7674848389837456	0.16520523974070644	1.0285075655314309	-0.3286625065001305	-0.15628555663465366	-1.5002016933708526	0.8606870544829786	0.21417653284032198	0.4912159360897868	0.9415640793075384	1.4639684804374415	-0.48398376167328044	-0.34586175546250514	0.4775032713764069	-0.37380918806038954	0.3325034113538951	0.8434779305225422	-0.2692627309452875	-0.2506209716041175	1.0553382294708549	0.6844888479797955	0.3551581686381046	0.5009876415594915	-0.6572690156184872	-0.020946055232512247	0.2910985203722398	-0.3979945874027401	0.711188242452623	0.009681995306873208	-0.051997130840694676	-0.6690945515981436	-0.4301531550403669
DTXSID4026216	3.5349251670784425	-3.749636714932088	6.060656862286718	-2.5696329539334757	2.229860098158475	0.27699774073404604	-3.7907237227754336	-1.499004488000502	3.165665163244673	0.8993423083730065	1.8141822084128978	-0.09805273627987535	-0.2546893325610422	-4.5378086703640905	-1.8997360265526784	2.0431497918341637	-4.854321288226823	0.6850954457462325	3.904303140157135	-2.869767897624226	0.4805409522601994	-1.8193335667042598	-0.2985410699367249	0.6858719035611398	-1.4530236280505204	-0.5453322804424113	0.1374802683033823	-1.0648651631039792	0.48780011339355417	-1.9623746009638265	0.7346015461122842	-1.1395316209942663	1.2363909557444355	1.3740245213963926	-0.5754507289179931	-0.6865878191015907	-0.1246305946409395	0.3004072580869899	-1.3350529920581393	0.2527355182518565	-0.46413367845138287	-0.04388298260316037	-0.11662100246985121	-0.21313759221746406	-0.2385760599477502	1.3495501178170495	-0.6757962858479348	-1.1960999800761027	-0.2795261220795979	-0.4644601624432626	0.4129528302220791	1.158161669047359	-1.220379056493289	-0.7475136578997494	-0.8177537828526288	-0.6484556562998003	1.1250168097338051	1.1880856406319569	-0.499314418619582	0.4108873717365908	1.4857046137146372	-0.013166567236220143	-0.8172551257534909	1.025686389799879	-0.29586435903038144	0.5411152047082453	0.27008550323746716	0.22041630138558116	0.9893488849714326	-0.23645803742915164	-0.12447923285425619	1.3504388164925671	0.6652355644101985	-2.0192499765078322	-0.24698856163930483	-0.2799014306672279	0.720142897766171	-0.3002764026107621	-0.42555245219983634	-1.0976228291325392	0.2580539755859896	-0.5694369194269913	0.33346831853226216	0.7396759279064745	-0.33445660591519455	-0.4921375186038837	0.4408969283357073	-0.2617826520159348	-0.9138679459095849	0.7410611171497945	0.6269856468394881	-0.5565308154205423	0.17252560481583937	0.1195435165467241	-0.25818490068256117	0.15148065279818718	0.06120287513169521	0.5634020304088392	0.03678871622184995	-0.49671200099325535
DTXSID2034540	5.88381444478959	0.4774930460642991	-5.582715489147173	4.813853186412882	1.0212604799761837	-0.5192934963971426	3.0241810128079343	0.036357050249556815	-0.9725615652772077	-0.9429378370173183	1.9360122993730948	-0.4201108484292609	0.7805231298743307	3.7040443784506905	-1.5099294618197423	1.5574102757398263	-4.230997358948055	-5.622174702944042	5.223663242857903	4.067734717508275	-4.413656018661623	2.6359273783270725	3.636814970905869	-2.7867246439794457	-0.23679221682883844	1.5766380323633433	1.0094430506804057	-1.643178864450293	0.03601427665056388	-1.775911370020821	1.9220399678026852	-2.149360482479777	-4.249300393317829	-1.2478918291300014	0.01683316011678874	1.322739792539251	0.9811457452074737	0.2671751592587811	0.10374162549082523	-0.3717749455216131	0.21101499221809306	2.9629442685458987	0.6291238552041776	-0.2459975821261045	0.8742899299197193	-0.5858036845238942	-0.6695088876422791	-0.14132786232886965	1.1040125242987544	-1.0433577002007677	-1.9546465055508144	1.8299481862170512	-1.1800181155864145	-0.9583434225814895	0.5241506232252771	0.7656246103765346	-0.5717031086969971	-2.4743492186532237	-2.1110145313567235	-0.028673786721757123	-0.38557321533804656	1.1216806588568475	-2.292309522318084	-1.0074791927616422	-0.7913326312723379	0.1850053081847222	1.289375279830645	-1.6816237230894664	0.5340883836052789	-3.06372090395488	2.6484483920417343	2.4428326321427303	-0.5758825921091623	-2.238374111885822	-2.0497581922789836	-2.1735236820579007	3.1405036337319356	0.6240150867787334	1.2237939632557582	1.3425747360424316	0.6077244060082833	0.943078617061698	-1.7449198484944908	-2.9114013901721707	0.12622250275886732	0.02841783266214344	-2.0322561328262134	2.201804456767655	-2.198886830359964	-0.9977198413110616	-0.9750959883966619	0.7092987034841773	-0.44322771721917925	0.09594272910543955	0.09484598491328822	1.7285889983959581	-0.014078606292622867	-0.6358444312071224	1.5633234098362867	-0.22641387895775955
DTXSID9038840	5.345021628906461	-9.639293079966695	-9.789480138060723	2.378072834958298	-2.3064252240470515	-0.41566977564949437	-8.801463886302145	-11.687557242254693	-0.2616421875250443	-4.9629814554004605	-8.042944034081392	16.405554322615313	-3.3348988075839	-2.86592635660104	2.198971182699314	-4.715726951009655	-2.2121040462704764	-6.591824920502624	-0.5282880814843585	5.342776759446377	-4.44472412727474	0.12469687167005111	-3.4820836371827393	2.0920884451788435	-1.4469773599992644	6.8550481944648896	2.4495405012373217	2.9329496260211267	-5.174303814374841	-2.56990898245776	-0.28464940698391816	-1.1020974814338613	-2.9218595557298532	1.6163122231196698	-2.4089282853626246	0.17729010687732855	2.5664069515804635	1.1407315120656207	-1.6741416179812303	1.9870428369827018	-3.3542285312169158	1.2750060045201412	0.3276691585943393	-0.7828224141100067	0.4730912445693391	0.25004753644555283	-0.9794237972557385	1.0995015850157364	1.376107421207218	-0.9074456186209844	-3.457796642660681	-0.7567563853818658	2.778028681819232	0.4705095184655746	1.6309348161204833	-1.2509703543193984	-1.0325802929234487	3.4883531617226513	-0.8949713002188849	0.49129347365764525	0.18894691462486093	-0.3761177004990226	-1.515092102496226	1.195151024618789	-2.051532352207328	0.40975327222959146	-1.7375296749809397	1.0091708377256465	-2.28098181526965	2.1065191613879204	-0.9236365494538508	0.7058965586417685	-4.2590532100721825	-1.2709710066946334	-0.41438395350449	-2.559200032486008	1.313037889725945	1.4044029251670869	1.2694853172888567	0.2531066052330537	2.3691765163881326	0.8116562293780286	1.2254141904525426	-1.1269236756317491	2.5117571366702123	-2.0105056573412683	-2.522700569116731	3.6691978214573573	0.1393771466904701	0.29514260067675774	-2.583885655950034	4.477143269478309	2.469341107488668	1.9560624979883559	-6.330743849586679	0.11052724041475913	-3.0925709633318728	-2.9306371005683585	3.532493246038025	-2.560592329577756
DTXSID2057786	-7.1637043777213005	0.6636348595490713	-0.6154619530699248	-1.7804191567707606	-1.6576296463191655	-0.7006101525695725	-0.8634625705388904	-0.994683407511505	-1.0088436965259657	1.6619453628138723	-0.5209133927132538	-0.15197383928547142	0.9883139913132051	1.1658214784408225	0.13552942298189022	-0.9833154717938749	0.021303138757450202	0.01734592885568349	0.8912977159827261	-0.21024399151663595	-0.21031189594517632	0.5115928661881315	-1.0325708351448302	0.7101848192172392	0.2978796988823371	0.5838406232908784	-0.4381889179610455	-0.6269302303305024	-0.41767419322424093	0.2730319264706902	0.8147315799398962	0.26270909533755665	0.08978680358109825	0.13671700204461687	-0.4171403471358544	0.1827355817035471	0.3448066218343788	0.9324159452228727	0.015365369019615141	0.1442998967680135	-0.1870718721132546	0.21889529951276498	-0.41175293503562316	-0.2867283989115818	-0.04916636058021981	0.010614277039208947	0.23450945664574593	-0.34799834374507016	-0.16362475968695564	-0.5037188879594175	0.07111175536564965	-0.739711288500567	-0.4485572007881251	0.6647991185430359	-0.16615381184671185	0.2867485276798711	-0.33693660390686875	-0.5344371721532365	-0.2790506843782425	-0.15505695820598153	0.714936054420368	0.19412633077862085	0.3070275960956933	0.08242219938477431	-0.10952448121952062	-0.1814845807260539	-0.1306324384672176	-0.42954217989761384	0.005721903165830161	0.1765988710812053	-0.05380544758323335	-0.2801360707500862	0.6713694925598365	0.36725456692384173	-0.05095683176997804	0.4503165542755945	0.3577546209879265	0.2764211129373995	-0.4482443755962043	0.03780882891043366	0.0956358416844163	-0.2608021302221264	-0.21979133084884392	-0.11514975179139611	0.10477877382267903	-0.0733123030351161	0.23496966978592818	0.09156682932783804	0.15768623607139243	-0.2217210373309881	0.20806590021812443	0.18858500436452225	-0.028564690706830625	0.34702541371303897	-0.3816208553832645	0.06274211962024802	0.3207156277136803	0.11928484713385178	0.14935412770176096	0.11420407675073846
DTXSID8046793	2.3855766436098523e+19	-8.087549081304771e+18	-2.1051662651847058e+18	3.5619472499336724e+19	9.314795009426938e+18	-8.485311966724942e+18	6.4928360654516535e+19	1.1902781398175906e+19	-1.5714836810803806e+19	7.586808731528647e+19	-2.4741263190236463e+19	6.542510676434318e+19	1.56462995634239e+19	-5.614241528071014e+18	2.025625926550906e+19	-3.354331512305655e+19	-2.1344551412002505e+19	3.5137193175206056e+19	4.353228860394023e+19	1.180496726138916e+19	3.3224092331761148e+19	-1.628411294079939e+19	-2.1927872731539427e+19	5.462803366978375e+18	-1.2739974152393693e+19	-2.182063389196962e+19	-1.0783121292397117e+19	1.126106772902455e+19	2.6450453448753567e+18	9.583506365122707e+18	3.127691797622152e+18	1.5056528238655551e+19	-2.1732649703223688e+18	9.037150734193282e+18	1.3324129036937375e+18	1.8575111773775954e+19	-5.031353605847865e+18	1.2983987211436024e+19	-1.0663368681501413e+19	3.659672815118753e+18	-9.687329341041413e+17	2.2694030562417923e+18	-4.634177603766039e+18	-3.85646761593904e+18	-1.5366892011664468e+18	-1.2609690963132193e+18	2.447313223508094e+18	-8.915444841368946e+18	-1.2209397549911386e+18	5.94683716345532e+18	-8.285681512774514e+17	-1.4800083689255596e+19	-1.3021899257495325e+19	-1.987343130489123e+18	-3.172662126683585e+18	-5.093555848854388e+18	1.8563663234437104e+19	2.974445943669151e+18	-2.7438747263800873e+19	-9.95053422757818e+18	1.9889439846137704e+19	-1.907717967896193e+19	1.0557505230699368e+19	2.3161969348580065e+18	-1.6187910240210452e+19	-5.190671571338764e+19	-4.5846691153922284e+18	-2.064651719620583e+19	-1.6592083985885841e+19	6.167677223333343e+18	-1.828005996326079e+19	-3.1090060027959857e+19	-5.923239309309039e+18	-7.74588869041069e+18	7.798700712185824e+18	1.1044546886744326e+19	-3.208877515618378e+19	2.7151713076254223e+18	1.9912658042417083e+18	-3.1402061809192227e+19	3.302184402651592e+19	-2.929814954338807e+19	4.162078378358628e+19	-5.1361210933815984e+19	-4.006237156070546e+19	4.120108270060676e+19	-1.274158254859872e+19	-1.8283586848669751e+19	-4.911357978799661e+18	-1.2254908738319045e+19	4.327405247380989e+18	-3.3646488067649307e+19	1.1788736251391994e+19	-9.972742334431234e+18	1.3851577930748086e+18	7.3202411386856645e+19	-7.156579288926841e+18	-2.406041000646911e+18	8.148497114725287e+18	3.2306862167190643e+19
DTXSID9024512	-6.205915483302582	-1.01342469618217	-0.8821921408600982	1.345049017343361	-2.0769122454026974	1.516528600715619	-2.701095339115811	0.17760756373654776	0.17770142981034867	-0.6554380542949299	-1.8329475100610844	3.9533756991020543	-0.7963999001852072	-0.197413506947985	0.6517568126135644	-0.9132365374310093	-0.8560319679685144	-1.801748875810464	1.0859405020474895	1.336976721385168	-0.8860448289091384	0.39100492426920036	-0.8320979472887391	0.23896167737128704	0.019105448492676775	0.944533957072118	0.8305078293007095	0.42727203897187427	-1.1036030629118776	0.1503641280804701	-0.43212211702264575	0.12429773555769164	-0.25845837073349526	0.3922626224206572	-0.33284444178290734	0.0030420469388477973	0.9866687830294992	0.44642722965931436	0.1734237589921178	0.9054907127371148	-0.6863416453991823	0.19919427752613827	-0.17169624567843345	0.061592620170279874	0.40447913178626776	0.0033856932778109573	-0.3846756255014897	0.4602142575043608	0.3812666153995651	-0.05115818831657159	-1.2158086658020675	-0.9013280793543116	1.147584009035632	-0.03515332237475268	0.29630248335354864	0.21189820706432044	-0.5493496442420012	0.4865387524323741	-0.23841817446698998	0.1602276908401694	-0.10979197016926506	0.6982005415725203	0.9036536494069337	-0.06319498052860527	-0.14219792675586293	0.2726818816146678	-0.1354782372566603	0.28372560633963784	-0.31951021995951695	0.16856533751707153	-0.12913010885670928	-0.5045372591024209	0.6374269671418993	-0.07090706329939224	-0.7746006839684678	0.07732159860103965	0.24967466838196778	-0.40936941592280146	-0.07990558427059957	-0.3164106192695029	0.11882693816328094	-0.043257959860841855	-0.003975724095750297	-0.41146258912736094	0.44266746475693847	-0.08991352393990357	0.4152375574627478	-0.7007025665815557	-0.05843200887648355	-0.09775745266705999	0.2895502834586306	-0.08135597481584826	0.20600088319558918	-0.10632231476311675	0.04855696220325009	0.029153856815045117	0.2964996020179673	0.03516355112696316	0.21272697245092528	0.13243232135604854
DTXSID8020888	-5.777645878189783	0.6433122621644396	1.3214058484434952	-1.7255751031148288	-1.9231946647523672	-0.7656330649923208	1.967284389119926	0.4693802836514152	0.34059032970332836	-0.5039906753120391	-1.4954201930859552	-0.28408017745965725	2.8073017286415185	-0.5074054411701012	0.0013780519930060024	-0.5353773039931057	-0.6947135295235037	0.5427854352700042	0.6550096484010507	0.14824357224572063	0.5508370055561362	0.003485948736806617	-1.1692000821506348	-1.71940618317175	1.8585641035293228	1.6220310663714954	1.7765804080707241	-0.6392378140592228	-0.43735549283516023	-1.0013336113512536	-0.4997330172290484	0.3720499823479765	-0.36661888413735705	-1.4242967320025046	-0.8407410058772911	0.43624467010825974	0.011751392854686986	1.2484953856687462	-1.2509357045484197	0.32250575956209876	0.9064077551701398	0.02256613927582224	-2.2636850285563987	2.5772248958626442	-0.32158148189263847	1.6142099345171632	-1.327931880665894	2.814712372073321	1.6341622077673634	0.935481743316155	0.5605487031939191	0.5381000053767659	-1.4305526836328177	-2.0145696513634777	-1.044022986400195	1.5926943859803062	0.6459467589434646	0.46622955319877213	-0.24193126526106878	1.2786093875930844	-1.0139021039673064	0.3075063441037873	0.3297395312913916	0.40772106621542825	0.07707324380930057	-0.6383272818214304	-0.8701889991826335	0.325182751854998	0.18042266518369313	0.7811008126975254	0.3590515840072286	0.5401689204822675	-0.717791466910507	0.4673980288682766	-0.1622557198114591	-0.36861887473618427	-1.1738494531077361	0.10426147053579111	0.7119252693401772	0.10955691239395972	-0.42620929918530315	-0.16197548351988167	0.015311367197068607	-0.007100315457941463	-0.13546845611781597	0.34005339851667604	0.02971268831857816	0.21123779712780066	0.339710695665459	-0.5736309320508934	0.025899761959955428	0.0347964215702687	0.11918250314722152	0.031521418602408174	-0.056264634337716134	-0.2605141550817645	-0.1061311907414744	-0.6785217179547196	-0.22421180764613666	0.34497443163116775
DTXSID6020430	-7.913817247845296	0.0370389829897461	-0.13740168828365013	-1.6279765428391066	-0.8400489869798924	-0.642719746557689	-1.1189190921018977	-1.4461391026086212	-1.8261799566872106	2.3460280687904693	-0.8446187290851306	0.17338055744005593	1.1630432906277246	0.8752695646464921	-0.9029226643612234	0.2603983669895327	0.3742023562171654	0.6412312541628308	0.23774131164346282	0.3896870202857757	0.22615534281504984	0.31345452131835283	0.6175659538344943	-0.1318764192668705	-0.7385429137215805	0.2675421167537136	0.004149333409660482	-0.027986420556147425	0.2571548610927144	-0.27252185278924007	0.7156300330365135	0.3608209748077895	-0.10204384328292951	0.5253814771384154	0.2945559387575569	0.20892251409951082	-0.12058490379928945	0.3628289807227772	0.03488835832754113	-0.276450220259541	0.3773572720665534	0.5864584631695743	-0.10941618183134645	-0.6367753573341967	0.43541559267205027	-0.019597978552793483	-0.1562627891572715	0.40124428989622396	0.3826001208794714	-0.4277256162804539	-0.511970393369695	-0.10463370496668094	0.03080586787297203	0.11733184861315499	0.13412518125967915	-0.11999535056947278	0.7090477960492372	0.604203647241062	-0.8430683152253112	-0.1543197526314418	0.4948512378583395	-0.6457895347610824	-0.22113959353093976	-0.025325706453013443	0.2430348348718332	-0.03395864012884153	0.27875606612598836	-0.12085010899472108	-0.22274020568502	0.3377290435793951	-0.16570100031415294	0.12697806540953926	-0.11149488382943022	-0.023266175987777086	-0.10461878459471528	0.2932088684109961	0.517649496351992	0.12194470267061001	-0.17913010097104615	-0.11282454187550278	-0.233229694915669	0.0344716003884095	-0.02781305500546414	-0.05002084396352571	0.2853955559677258	-0.21151263406415305	0.23804396085123028	-0.0643580140197828	0.0786843424616776	-0.04142296937627941	-0.11240351652912106	-0.40936892553191795	-0.2819598978547961	0.07007824485486787	-0.11768276588131531	0.1416874008078044	0.35363596284215726	0.21994311457752477	0.099245854539351	-0.02523417365648117
DTXSID4025587	-6.051140555259484	1.6535271322857399	0.6110550880435363	-0.1581021730798012	-0.4094268444725297	1.2136775432956213	0.7064405318545004	-2.2721308417694743	0.8753380559987904	-0.6593734901723854	-0.18809616129275897	0.278673985139019	2.622594349894048	0.55215701412421	0.4871158141375008	-0.3753614405049562	-0.8518135022037081	1.2767473869689614	0.6986229500936338	0.3472151113666573	-0.4612855624716801	0.783846206064677	-2.0002030167622658	-0.35186159637369374	1.6433247858018873	-0.25522254651325216	-0.08755904277697406	1.0645225679834447	-0.785133866759002	2.9936003681934116	1.9883905886270539	2.886867849000998	1.631506002255776	-2.6418374400653555	0.217413418709237	-2.5699497203077577	0.8439944425699597	-2.9650140305492196	-4.225267595859795	-2.013100431438693	-1.9176952078128762	3.316478642498648	1.8040795353130694	-3.369807521928347	-1.9595638904236938	3.2834342117769366	-3.7926639192684575	-1.687017868395747	1.8165307442579501	2.434011334992725	-1.009811580110269	1.3360186897294954	0.05821338869600313	2.3276266992194485	-0.881585237456482	0.9602606360154515	1.0240738463982653	-1.0752340709757038	-0.3826540156307354	-1.8622002646440483	-1.5291089445955788	0.04806809771849364	0.541570929022945	0.8344242283114982	-0.34800854449114016	0.758377145000329	0.5973398508168506	0.08633290626561922	-0.06554563694646122	-0.7109415075978639	-0.49743599273209843	0.16983151812139358	-0.036288631386559335	0.0641749589637958	-0.18801188234233732	-0.16136319006420108	0.7915795606028402	-0.41807950225492857	-0.37155030913931897	0.02961622516882727	-0.1433642115683444	-0.3563115198522314	0.08892435278704225	-0.36255971059712727	-0.6175587862834631	-0.22633940576265665	0.2365775569871029	0.09080355324558288	0.6160986604728858	0.303759154425004	-0.23789093777703568	-0.2938057780849728	0.06768762954344579	-0.2117953170063052	0.1494855337601258	-0.0012348304940958622	0.037019859574563475	0.2789874968665061	-0.19711856153912485	0.10381925881248477
DTXSID4047385	19.08754355137709	-8.188801329126697	-5.797548615540564	-2.031443384849229	0.058894065310606744	0.9592351812437109	7.825016680993527	6.268352698377122	-1.7464086963632233	-5.147141966460624	-1.4505240638337602	-7.129089900989481	-0.40952020476898787	4.029030500425998	-1.3450226885013685	3.6748863427210514	0.036774150799177514	-1.780025862111166	1.5290575011278942	-0.813977212101429	-0.36200296432821877	-0.162985703054605	-1.5436994607358672	-2.0988902812431243	4.061530672647922	2.5819102493346304	4.040857073656804	2.4379370345582765	-2.3410155387537794	-2.168853062984816	-0.3194749929847068	3.1607558493332055	1.870629878713239	-1.504385647519184	-1.636889803410515	0.8256724087321625	0.944703920614971	-0.10187022776175586	-1.7738853601999145	0.22890305890241508	1.9010813079467401	0.6805373139320285	-3.344808488995236	4.8170814736203695	0.16842031334461818	3.5170494876720504	-1.4990459642860998	2.551150891454379	3.641368489055721	0.26994285386699385	-0.7032311616206319	1.0410917461743174	-2.8683871652892745	-5.893869893070083	-3.3639934294331875	2.8838778286436324	0.8627984946972679	2.242354039395989	-3.2120101984577207	2.6903003780248116	-1.822896425227515	-0.15749549569046264	-1.7172574875445834	2.0368969192629343	-0.08718308990595791	-1.1612060653158411	-2.2608997337808754	1.6758947028025555	1.0204737008323121	3.513738639768919	0.675931648791742	0.806371546942403	0.48101848395994345	-0.24772033548049893	0.4849198722036768	-1.1335200181249432	-2.457886966693182	2.1545531787544765	2.355729242845149	-1.936541197671387	-1.9246690687051269	1.3100969350324136	-0.2553755026965641	0.6751548464238135	-1.6211345470958127	-1.1437472673270284	-0.8548431023206995	1.3723214072519359	-0.5557130767608136	-0.11857826530008533	-0.7730054738730913	0.3092602974331993	0.2231768935545882	-0.2596181462449871	-0.0213172375454272	-0.01682882810963232	0.2431838497224286	-0.5797110054663612	0.005470875218101747	0.8123822845916527
DTXSID0025577	-8.89426500937842	2.793933143549173	-1.7751856257320018	0.623730117083543	-1.9012041202569183	-1.6432077498448743	0.6878893146412809	-1.0621348390027794	0.8880334718297944	-0.519894315703769	-0.3620668602432864	2.1142131100286035	0.8375918084580615	1.5986821036039511	3.473593169070069	1.0773619452088687	-2.85605579634244	-0.14362365658705747	0.047672520087102224	-1.7258463437908367	0.3544237145142537	1.4371994954182843	0.9347447389924866	-1.8224838833231718	-0.4660375738185384	-0.8580804915728824	0.23373055152058633	1.064178578522134	0.13371052153993604	0.631984131306781	0.006889809309875045	1.2745632928432946	-0.39563297028722	0.07707021063028498	0.30344528875537025	0.6745393966854372	-0.7532215084153188	-0.09402163683647212	-0.5145258588925632	-0.8304183675679626	-0.10493210369483363	-0.31427981193357607	0.1600428275681829	-0.2658459315532975	0.7937214308897386	0.3084665931241374	0.34235730673819226	-0.3261796007187385	-0.7139093691067754	-0.12220937270124604	1.2189336299876299	-1.1679610869691541	-0.5512979045285543	-0.3899690469366983	-1.1997718847946144	-0.9676028622207739	-0.6356876189197441	-0.39128549259648826	0.23402792654862495	1.074884991222168	0.18170481427297225	0.3925747961253175	-0.3374194630842637	0.15473916586869296	-0.48985833136720147	-0.44518578428093125	-0.2579330979513724	-0.3099876678425903	0.265206858656626	1.0044160871301422	-0.17536550260456404	0.09069411121426608	0.44550081738396685	-0.17700095091590098	0.46020115636068665	-0.3687009660434905	0.27651666105724626	0.12079011714530434	-0.2391408546428323	0.13363123220767475	0.11227671306015297	-0.0190013276950187	-0.23677857703785365	0.06777260628449987	0.3866239481717424	-0.3007252961788424	0.29226309441127984	-0.010813390789702166	0.014050023368218135	-0.17554104510934648	0.11229539170829457	0.292018172305282	-0.1353226336925781	0.009646483509093985	0.004799055776642738	0.0972398437784059	0.0963935675778322	0.03988080766771524	-0.3548246090786962	-0.03971497429732119
DTXSID9034496	16.971970880132496	-0.872555734853304	-8.387713939918905	12.95536946584987	4.147545849232502	-0.6960199349377597	-6.124028869721773	-4.650183746140497	-0.392961285430138	-4.968932228959397	-2.210845041781278	-4.685909163235374	9.711480090104315	9.702514421382586	-3.868018465365001	0.6183387773551995	-2.0855951308260896	2.414748686771283	-2.761197670893238	1.9697093390933782	-1.4324355056074327	-3.357311397695169	-2.907128235904018	-2.093630600481544	3.7611096343956123	-0.8889858283867934	4.620121245273144	4.324336395423406	1.8671876875831581	-3.466612523826299	2.7198567797657662	2.5677536651357027	-5.2738213926761635	0.5586012136180879	0.12179927052788006	1.9928729821684878	-0.7700198655508436	0.32192774061037	-1.7840165096260543	5.032236909822404	0.4479323329475479	2.4318604465142615	-0.4233991417621194	-0.8556512298564913	-1.3589405453360048	-0.6789268338940322	3.621535705345489	-1.5830968303324353	-6.7588039373246716	-3.50540913545558	-1.2278096523529438	5.112037817876794	0.435857069986632	-0.2613333092380241	-1.5788408698754535	-0.20713559425266456	2.049479394303285	-1.8064716842943012	-1.885699921860953	0.9840136080308463	-1.3793190078960968	1.9419455337126605	2.974388604338511	0.5077150624461463	0.985400703864104	0.551491532217175	-1.108755886858175	-0.8377965985175191	0.035989353503717986	-0.7501624859902185	-1.0175138592251478	-1.9866706965872103	0.13216413171921054	-2.243659144873371	0.2919700780921391	-0.4139442568198299	3.7906349267744153	-1.9896468972665924	2.5947039121821507	-0.07156138284353442	0.7998625468974175	0.2196158103218278	-1.227038245676791	-3.3429236785388516	1.9730127767115258	-1.132025598907824	-2.489491627688146	-0.3830824329136381	1.2359232043084265	0.10005162825091465	-0.4230532351067098	1.412470841481665	0.4267557817061664	0.23472194595754917	1.1186127901746605	-1.2990959857041862	-1.6158560587453548	-1.3736590415211554	3.0541601128832125	-0.2867824832569114
DTXSID6026292	-7.656535424390011	1.251304967519169	0.9998813892709499	-1.075346668848856	-0.27981410073030794	0.42628387355684255	0.636438827122018	-1.4635541989454743	0.06344763597528151	0.23700191487486233	-0.5787808476343034	0.38107267232284653	2.5486662038616976	0.10814156138459335	0.4263248055745579	-0.4397080653508425	-0.06757770547475626	0.1564244365025417	0.7679700354866077	0.12799041589467633	-0.3728943850762663	0.6355083300970311	-0.32477742749260485	0.06271692558892984	-0.15646595409664826	0.18857478879991635	0.1904329825529298	-0.132670528089553	-0.33168707997783053	0.05460495468915626	-0.1536264236002236	0.1459271056726532	-0.28213237299234123	-0.2600515145513837	0.12924274052007684	0.45162511799287947	-0.08612505542484576	0.4999132310252429	0.06025359314656163	-0.44585021750415166	0.3515798894936594	-0.10661159088964123	-0.459915416366421	-0.1105435243406338	0.07665235239273221	-0.23554817989410246	0.22309076624407873	0.5476026108204087	0.11304996038579121	0.0977134151314703	-0.3417925390580381	-0.3965955519831809	0.01262427930955967	0.17538445766041763	0.04920656194316366	-0.8629741474639329	0.2326846069054566	-0.032842999923188315	-0.5185138137867181	-0.2922945007646345	0.16489987780254603	-0.2241368602966761	0.37563518062998763	0.2244814458441965	-0.4157197772969327	0.6702714360950661	-0.007889605574291669	-0.6166698096467357	-0.5174514507845631	-0.11818299196758174	-0.055934114755381244	-0.12243381076218317	0.09830548784056363	0.26428582581558757	0.4356561423326754	0.4280480680961391	0.6817449928494379	0.6068025467594304	-0.6846734857576771	0.08735584946202374	0.1993270787045778	-0.36866944878987856	-0.09632174084117713	-0.08328140806644287	0.04582156139548153	-0.36388188476038874	0.35426959542593944	0.06829131643188362	0.26739176221650424	-0.22547245390853823	-0.31960696640180714	-0.4185533090547833	-0.5218920582998068	0.04560132677894687	-0.2975029538935658	0.5266117963473036	-0.37423007862931834	0.24627666348719704	0.15047078826677474	-0.26293382805311916
DTXSID1025017	-0.5289469367562286	-0.7214857224040365	3.8135445228186753	-3.2482685177628996	1.977193726892702	1.3440551190267105	-0.24150032996417792	-1.808206201449608	0.9170029663776333	-0.7152180283005266	-0.24288346214495188	0.7113370983256937	1.0302149429725798	-0.7874035985078247	-1.3593769953316335	-0.3241017399465218	-1.1984930029158147	1.0963031029716617	-1.2594343470740053	0.2187783986319101	-1.2023413569705437	-0.01214987232745602	-0.9290259487237416	0.32077115838223946	-0.5725330388077291	-0.19256187514110618	-1.2822648874218583	-0.6568867944512935	0.35341507000230504	-0.01810745261269502	-0.5156284796264936	0.3278700442287824	-0.7403546154585153	0.4685343865159348	0.7136037419283136	0.7827419028726944	-0.09828325122648517	1.314564553454824	-0.8773801560687603	-0.010273200069541353	0.6700551488716381	0.43825380746170073	-0.3303389277811374	-1.1378462390285977	0.23582774445893404	0.13056729445225995	-0.47246064220950934	-0.048715422825569794	-0.21552692449064031	0.510091796518602	0.6017930846884243	-0.7769427481512267	-0.8429507125468958	0.05986615110819471	0.44174423264882445	-0.7453971313696733	0.369973633810864	-0.3535132470125527	-2.4567753554109517	-0.8614755555155525	0.6128680865752759	-0.42433268251077144	-0.11671601809850109	0.7012775101260618	-0.3490878931440289	0.49942860371961023	0.6347851776710326	-0.16819926119494913	-0.12951884787794796	-0.1640262627600933	0.3372685481605142	0.985760463313373	1.006875787569429	0.6413316462690265	0.3228075193489333	-0.3390655009909855	0.5816467919176831	0.17967066771493553	-1.2242361351647741	0.3457234762942308	-0.4293312779578223	0.9879876208467703	0.37912203786336396	-0.005803523372787858	0.11977520054563155	-0.0065210260192841065	-0.61747331293173	0.293475098857752	0.7008094647342457	-1.0276883552711042	-1.033666166166896	-0.2814081665663856	-0.2640230864078662	-0.3204014528797708	-0.2368271026999763	0.7505620850146373	0.47938427148987534	1.3403821973582504	0.005255958820552327	0.07029003378022827
DTXSID0048979	33.634731178796436	-2.7418351393084723	1.645342997938954	-2.872561856834769	-1.7873677897679356	3.024866829511018	14.377407095093004	11.833331397749301	-6.827897256512327	6.7692914984293	-4.77384423420921	-4.543165686633094	-1.3944992029244354	-0.3599988831922916	-1.4375909933479194	12.40806679951721	-7.791115013694486	-10.81948999905205	1.636745617750459	1.367317842491026	-11.109816602565685	5.552594345542652	2.4923140335748832	2.8274974716185395	0.7950944467757002	4.213757695072134	0.06119046598178314	3.55785489831075	-6.077163112453143	-7.162856202094865	1.1275128015539861	8.261691641050197	4.307800229920236	-4.349388163264412	-5.378170883785823	3.1549610088439617	3.989844063885135	0.7668608977733117	-3.0906838948807938	-1.9836076615517506	2.1054693191334226	4.077940314858827	-3.2564418301980065	6.049990684265404	-0.8526090698903798	7.172622549015727	-3.1249347514885297	5.748935808753025	4.576018763097336	1.6919966941472961	-6.20066371156156	0.37013361275057577	-3.601839552520583	-9.149655118569413	-9.830259971802436	-3.6716140869306795	-3.992858987389186	0.2767274295370424	-6.521398204832658	5.462988772841634	6.726474520311336	2.0605225680052874	3.7264202653979863	14.418073480490644	8.993116909643497	-7.8188418847643435	0.6372011284921082	-3.6847021243940654	-7.583372107854649	-3.8256268255660966	-0.0642304829988676	-0.14557127315942558	-0.42400644089562906	1.5910428273307553	-1.6846287364370962	2.916759475411932	-5.591109633384498	-2.088802328305221	4.806004342776771	4.252652261916129	-0.23359273801451516	1.5559009373494617	0.8088899537776516	3.190436090808494	-3.6377260608850803	0.5198597309588698	-2.452599302861198	-1.0555233280184666	-3.4842908638190573	3.074650768050418	-1.4845989165572777	4.6316785945526595	-1.8955151749008403	0.08823279469991194	-0.28794723066683775	-6.365284786959379	1.626585922355859	2.740055789596283	-7.107703445092979	-4.442794151881547
DTXSID3040724	27.024586475277264	-1.6780782930132097	-1.0529195610267783	0.9795153011913328	2.82495895087663	2.5222323438193053	7.9879090135262585	2.881816226877461	-2.803223740207172	3.7265766384373022	-1.6903985793242553	0.026554913582521694	0.11309583806149803	0.40077585069042826	-1.6394216632343113	7.040248869323458	-5.259055156819393	-3.814484673947273	-0.3441862530028244	3.199466645900477	-8.454039109831221	4.863914196850759	2.31514262446207	1.4460390078548149	-0.9940204757589232	-0.47837188071592335	-3.4452817017588537	0.07839199800201666	-2.933937042669678	-3.5413473755639227	0.5115376814123511	0.7742963359603298	-0.09206358386827189	-0.8138154802624209	-2.0438237290843317	0.7144024823415447	2.4052215786634976	0.817141822604608	-0.05826451234994299	-0.495591405742505	-0.08377202712325932	1.5823076604210313	-0.2757438240057256	-0.5770970310064398	-0.6689127668024952	0.9583441089331066	-2.1239106918846566	1.497070242508413	1.4590648819742942	1.2829923498607585	-3.72316860474465	0.5671493720965176	0.32674384175426724	-1.8230162294741137	-1.9679376628637317	-0.9108454071697767	-2.530174897226344	1.684933430888034	-1.652771955572656	-0.23496468677137006	1.878590290590223	0.45017497929352684	3.224095537584407	1.2378986042278162	3.613785226047446	-1.4363682478267894	2.9124294238695856	-5.106407437125852	-2.118875000495612	-2.782815080357289	0.33498382188588843	1.849052707107885	1.5368369744049117	-0.5482759119289058	-3.651311512525283	0.39455397520972396	-1.8597060374635113	-0.7335398156688975	0.2240442166688831	4.725006804460565	1.71134934388889	0.522996318516986	-0.41459384786191966	1.433113450393314	-0.7904251965389005	-3.2215637711132645	-2.7810310110325607	0.4364134389322193	-1.437945589814907	2.007602085552272	0.7623459006659181	4.501344577803974	-1.094416805273665	2.162609875209497	1.2007863327529884	-4.260797863679611	1.390511721895687	3.382454945788923	-1.7461605698662126	-4.565654914381158
DTXSID1046051	-1.0449015406790465	2.349164887846978	-3.120926266519237	9.532835891230217	2.214556932728718	-4.499111642683339	-1.3494425011463698	3.187436400875724	-2.072536848081996	-1.023302099252763	-3.977293874048155	4.160302999960555	3.3743987294441613	-0.8220138713568569	-4.116162140810101	2.368682441067981	3.1245303881463635	-0.39646710274422603	-2.5490167549369938	-4.190468302904814	-2.294745213375454	4.3731106155254365	2.473169265935702	2.333236596976804	-2.3079779588167573	1.324691178199436	-5.991257111251073	-3.329359431662152	-1.0298646367285411	-0.8644398712443018	1.9395659344828844	-2.33872291470896	0.4258004286334754	-0.31620847788835277	1.8913372240724327	0.5131659390809818	-0.8972507198241656	0.6582979727879821	-0.36462392194263143	-3.573626567924805	2.0895532165754584	-0.2735099663917914	-0.4181179683684694	-1.7219099980309933	0.9655276793861355	2.4217072627027516	-4.263002111303725	2.3048738420504122	3.0154282457710786	0.2451828595640752	-1.8885494279332726	-0.7632917548996376	-1.7038630497684075	-1.7919079546904946	-1.8121769272482706	-3.26784159111978	-2.2261721127822365	1.3850611910794641	0.45701570728414176	2.6235617561429505	-0.5748728824979853	-1.851044539080412	0.6926436421746781	-1.983605665300022	2.5051251704353055	2.2665290280756634	2.1296155420528735	-0.6956222422956914	4.424826875024238	2.3659676372841085	-0.7525396726811842	-2.7270893337622284	2.7736079718197315	-0.03562480355200359	-2.384647982042256	1.0164199695703446	0.799127580448983	-2.467404299897555	-1.636492490944075	-0.9924125983804436	-1.9598974883679616	-1.8112115999435647	-0.3631078143748785	0.458718338370901	-0.981480413514473	-0.6775846004872688	-2.618439201611352	0.33242161842347967	-0.15600074154096197	0.7178043842128256	2.3123813172351833	2.5676824972510177	1.543361594311161	0.3454882051699128	-1.0457672521236934	1.5267562309049703	-0.39523954114450277	1.238332427291743	0.10148726408256585	0.4293291049630568
DTXSID1048837	-4.856299292404253	0.42756818259663365	0.0924219211055476	1.3047891228272728	-0.4181429016902783	0.9495782145370864	0.06960846561612181	2.164967696987246	1.4495536712656938	-0.9460403256409409	2.370854649950397	-0.3963750440102441	1.15361006579577	-0.0796265012028441	1.4848293238010992	1.2061027135203106	-0.5406062415287515	0.8657786270075816	1.3252607594539085	-0.4801989410536599	-0.5121261675183985	-0.6073948731631734	-0.4745388895945824	-0.9729946299317884	-1.1522167304228972	-0.723857834431918	-1.6095797134989125	-3.6064838139955735	0.49465384248965616	0.2674369401681361	-1.373098958498714	2.491348847557384	3.700834789342899	-0.8621560844447576	2.8630744735556077	3.7922782504596477	2.8177005028146485	0.47973595184561213	1.7982897094708683	1.2840851838934997	0.08955506312946708	2.0132753930888962	-1.195682785660205	-0.31980744470292943	0.13155700903119733	-0.2487705548142308	-0.8023375417381602	0.4459246191979575	0.4217508757422337	0.24361174201608998	-0.9436197198218719	-0.7035177059802644	-0.013199764306114048	0.06820280120557658	-0.17624203298868912	0.9063511222863856	-0.2108415677014498	-0.8492013068892827	0.691041579739532	-0.04095835967449006	0.12425127068354586	0.09432898121861635	2.048258639337436	-1.214907155823971	1.040324717665785	0.2099307361541889	0.276587097854951	-0.08387372964018446	-0.12315861627368344	0.1596162880135415	0.7672276038526903	-0.157155094516438	-0.48252461434283767	0.21030769636359467	0.0033677937958711056	0.4040892841590696	-0.07317048700392718	0.009681129081535698	-0.3669497623297441	0.2809881885708103	0.39247807426103787	-0.8762896474776382	0.0742229771913871	-0.394305596439273	0.12868579902065463	0.4070923910943833	-0.16211870726311303	0.1400842066974249	-0.19838447972304704	-0.19491447291982328	-0.16891981927573407	-0.2858260880233561	-0.2063016144007914	0.11803336513302495	-0.3267091524612313	-0.4235061006081659	-0.16455741326746318	-0.2474379238967491	-0.14462189334691206	0.28763157664052436
DTXSID5020443	-0.8267365663919687	-1.10934232140035	-2.354166761106033	-1.473658335525029	0.36460502479745505	-0.5968158686205983	-0.6388356303815341	-2.237031273803742	0.35854421441981166	1.3717442032083969	2.578942021095454	0.1954979096796976	0.06241088296452069	2.132825913717247	-0.30434331649811747	-0.16378502655413277	1.2213598465010733	0.7843331595074172	1.0017837584046843	0.08314557182385325	-0.03648406758038678	1.4426975065361392	0.16414592839150222	0.2384453561495271	0.5782014030179298	0.6416252749991836	0.09778029626476974	0.10824818229466679	-0.35557365811499986	0.5907638670461177	-0.03888646357834525	-0.27616475187684736	1.1619262381108886	0.4636311979269274	-0.0907952960447107	-0.0695702556767498	-0.15939301140020243	0.196328972154767	0.7272577773000402	-0.5231413395488415	0.5548695534373432	-0.4468309403340588	-0.07102796790102413	-0.5581457189620822	0.4417445178234575	-0.16719667986773748	0.011481258637597828	-0.2048918677676562	0.6519596390058248	-0.7658675293615759	-0.21994060748063618	0.1678749849555075	0.006149578583116703	0.18907052237121028	0.06168564894509874	0.15422377877092677	0.4356091440790215	-0.45301669051719046	0.06832762425675032	0.1461246696189057	0.47828402075524956	0.3397519951762807	-0.30578550160185114	-0.5534915855486506	-0.2566976489699071	-0.24606954278039558	-0.18905561363965334	-0.3701976838097338	-0.10320990598601008	-0.26883551271172274	-0.5669868017950215	-0.2905424711570292	-0.11419414965159382	0.0053178865789848566	0.3123202957314585	0.19036823501302688	-0.17372425787795567	0.012988746723439026	0.11611728531702493	0.07834733365389267	0.17244020451617437	-0.34269079783789297	0.07224006512825357	0.2802683222185461	-0.6155867364664342	0.05883754457322324	-0.34909822100415355	0.004279164254521075	-0.7042666516212482	0.09915419450108087	0.19819587239639613	0.094054704545736	-0.4721376419687184	0.13537991983521577	-0.14893243063014083	-0.2243072436748094	-0.021179281045081048	0.0920600946338461	0.00016780510889726125	0.16936361222581223
DTXSID5020603	-2.0125920837942215	-2.4272182124091493	-8.5905700196733	3.2278459896425824	7.301139089129377	-0.7776283160461089	-5.642172162889811	5.667179722780912	-3.8813322667537413	0.9470896423646067	3.7471922467674514	-2.7555554314502633	4.870021942333587	-4.36592148832675	4.659956734465035	1.4759892366658856	-0.9030632229286029	-0.3291080293200075	0.5495670961025013	4.248371417797744	-2.0048691911048047	1.8557795998806663	-0.9128686132640349	-0.17631393929316316	0.47248145266024627	-1.2463573445114544	2.572604290815424	-0.21623748834695306	1.0477286742430847	-0.6614738939758006	1.4479948449871578	-0.8046784254482557	-1.7203303011016164	-0.02989521737123471	0.6279639212504152	1.1691785214085477	-0.18094498273075485	-0.006892313573259641	-0.21363532102207056	-1.2304917132145163	0.32972766926897845	0.14924852436876107	0.24734368060579803	0.5910117866158787	0.6237222528643712	-0.11047542943733175	1.0214461343139436	-0.8099846238227401	-0.08024509917878203	-1.0061493552401761	-0.02372685717364304	0.02607955936089438	-1.1454598294236122	0.5101685968891733	1.1719025965813055	1.6157302357874397	0.16948826121498095	-0.4829323053649322	-2.3207645842735554	0.0519174016630505	-0.8469311066074702	-0.5605031177131377	-1.0375257637070934	0.005096139945412202	0.5234426405020696	-0.052117938949625374	-1.0349093170106938	-0.764513441625346	-1.6388412697806163	0.7028803624121521	0.632543696654583	-0.6165066211573089	-0.6624743036525709	-0.6417384341144963	-0.17697002754965574	-1.050848470777697	3.276187651748123	-3.1568301297081462	-0.3591293340211446	1.3226136128299553	-1.103058048814234	-2.214921567008026	-0.4933919274320989	-0.641498319875598	0.06066733871586225	0.438447684260822	-1.7569194160265482	-0.0096121712219374	-0.28296092271288364	-0.04855409499355862	1.6368414029156546	0.41550033088365	0.10075645911180951	0.3043632886094713	-0.5220885901609146	0.644728203046711	-0.20159999668510228	-1.0589508254945041	0.4219121483123913	0.8420747592429646
DTXSID7046837	6.658315781774203	-0.05072915718995066	1.9604997778018844	-5.263891914888216	5.643059456517714	0.7794794188846275	0.8996774852908273	0.2395134415667649	-0.2778204208362998	-0.27873034010485404	-2.279692511578974	0.01399024731510749	-1.8455113321348382	0.18167827602268727	3.6415571212101736	1.9653735833018753	-2.7801653939329576	-0.17154833231776587	-2.0742198169733843	-2.268147559570573	1.646163790874472	0.35519757804065877	-1.0762499681997488	-1.512790229104113	4.313319064663642	3.7522434894780132	-0.6019483339494056	-0.7369779742816113	1.0961692536191665	0.9052871136611296	-1.3213103354394045	-1.3056896278158727	0.9682994024622618	-0.8748981726085248	2.4315706916497697	-1.4670514430869879	0.5013164289197733	-0.8711002393625904	-0.1636653138089371	-0.48390123512536165	0.8329634369413351	-2.2049397447465418	0.13788523592531207	-0.8865122061223045	1.3363242787250142	-2.16870713185894	-1.3215735676246514	-0.6461914562188329	-1.805282358714208	-1.8197271858101276	-1.2440338564584608	1.5805369787359802	-0.8084311961661216	0.4471527996620152	-0.05701282289591041	0.04247888965475718	-1.9514770001193296	-1.573961252013354	1.5039219323655113	-3.1601801412286616	2.2790518633176537	-0.8901325708316724	0.6692779179035117	0.19843369244523545	0.540412918774515	-2.159842150963167	-1.7439628793160582	0.20830266730337652	1.3589361325002214	1.5054722861211622	0.6289107728780556	-1.6378660189110184	0.839662318876396	-0.3949737676965718	1.851973785626438	2.4923925952368657	0.6205782344885625	-0.8567043240137163	-1.2891131508520386	0.8483168905268048	-0.5364963157034681	-1.0215842990109523	0.02952258175933895	0.0590235495338963	-0.7946805600124406	-0.8252346650962032	0.3649910907696991	-1.4963506771815063	0.2897991071962985	-0.23718124684966296	-0.5860759372878922	-0.015267037699164371	0.5316295105721895	0.02500498969686683	-0.48063420132995627	-1.885597117217525	-0.665881529125345	-0.5001330380282385	0.3245372360019235	0.6081197710833471
DTXSID8046905	3.256429419057584	-0.9104343934147754	0.8476385214629392	-1.314610249564266	2.3336135467077233	0.06472589734965317	-2.424167108756002	-1.2211783432644323	1.0372507726001055	-0.6878540022523734	0.9602995671593776	0.4269505760990123	0.8797427176756676	-2.6852964498163194	-0.6768345524448229	-0.82320780996764	-2.4978937181618033	-0.13054200308430952	0.17428833091002074	1.6983673621559674	-1.7213871734914827	0.3717980253270012	-0.49071590595901754	0.05146622465001862	0.058027942217536564	-0.330711929723994	1.2451903984117367	-0.21706585751353158	1.7162345502108765	-0.05653980889783766	0.0473940773413087	-0.2810326697595786	-0.6173510416135521	-1.0416506162651007	1.3557358831825044	1.3962928087152824	0.6198458363492052	-0.0004016036920254507	-0.5421377575255348	-1.1567834808714847	0.5885954616787191	-1.2560937633956912	0.07441546066467655	0.46307077363324095	0.2136961252446847	-0.6665953157373972	1.191253833699591	-0.688774163409625	0.5275405383408531	0.11146119501220772	-0.8859268800000909	-0.7045459715639089	0.003779249281140306	-0.5393248497517115	-0.20632147417855465	0.16766561088704363	0.25878877201413497	-2.676617698499709	-2.71891346853713	-1.2411397080121083	-0.21594770990452092	-0.20599584822023745	-0.9820626216032246	-0.05856009208564651	-0.47567323023642805	0.008140489209427676	-0.23809262053862282	0.2075506914535485	-0.7631143088799505	0.7390782235607144	0.029533866992741426	-0.42314058850601255	-0.45563964087547004	1.2909032281252435	-0.6306548431676083	-1.1656048456470742	1.9299809425030763	-1.9908413297569574	-0.9200089593627203	1.1171623752076267	-0.9512375590136256	-0.17466043528600086	-0.36051908127340165	-1.5767878652745717	0.2005538517858654	0.08831922388086248	-2.060781372116167	0.05466662486461545	-0.22520712893266606	-0.6031722038609881	-0.17715214721909797	-0.07493896848731227	0.15139669354821078	-0.6655641870106446	1.0518442589684336	-0.06605624167723617	-0.31907460012020195	0.578382064562734	-0.12365129281670457	0.02716230993475085
DTXSID4052269	0.07823565569537537	-2.2892714230189846	3.6647599131937256	-3.014202837854595	2.946011683532545	0.9988246830491477	-3.4430717503921455	-1.2616764856823377	-1.039008875117396	1.097621706090036	-1.2213166270060527	-0.9343943364986393	4.722719777269288	-3.2927830320878653	0.06458631043874336	-3.404267793451421	-1.7973287687370765	-3.003369525236485	0.03917627647113263	2.175189502355107	-0.797258043992527	-0.20964603063479803	1.097907946035627	0.3405628626927683	-0.4164321045959492	-1.6873429853081132	-0.5858984739054217	1.8907779446848763	0.9059357310732284	-2.709812613790615	-3.0529111581814248	-0.14444888369057127	-3.1190138922045834	-1.1911989886175292	4.189742472663518	0.09344816499741067	-1.3923483009674145	-0.6913891561127118	-0.11716534005708164	-1.653327502375529	0.23791855760925015	0.44951348983997513	0.32056225959093254	-0.5509799871523244	-1.2216963049854643	0.032165213292750836	2.494244239040534	1.136270539560648	-0.7955529540804631	1.331192295029296	-1.5213045207925282	1.9670618952215961	0.11757781510881858	-1.0142148449298825	-0.35312784372292993	1.4322587957630801	1.1900978808269387	1.1709351453294867	-0.8838144584191564	-1.6725716581518135	0.11860798535935038	1.0143424541208652	0.0597901920015455	0.5761417314761976	0.5912405506371773	1.3941784529742707	-1.663424568818185	-4.263081505610337	-0.8776281892971382	0.4198250222975705	1.1360742735670462	0.8701404406927459	0.5470799067577686	0.19153577199536917	-1.2840378325132142	0.15567305762448982	0.8341993108083543	-1.2375917851263942	1.7421446158110419	-1.2393381015062872	-0.27896673029455693	-3.162774814007822	-2.812416843011863	0.6704892206047323	-0.5409568756361637	2.4328467523054242	-0.8480279550404415	-0.8026822509283863	2.4410347449870895	0.41178235783257167	-0.52351138409399	1.4079911410908654	0.3202447320839099	1.8166350538619183	-0.1846580105740055	-0.3305844213689605	-2.8091071445599924	-0.5559254812479643	-0.2670871429709293	0.9693515345961904
DTXSID8032463	10.155697121028972	-9.909896116624658	-7.515259451312664	2.730662138891622	-3.5278680839982255	3.3205591197785833	-1.752017705230196	-1.1171029245153783	0.5042448699176434	-8.138430105763204	-1.1317230765750013	4.041133980091836	-4.85936527295159	-7.197416082205455	-0.7544393737727585	-4.536700200134899	-0.2901485748384173	0.3393672100023638	0.658295561302363	1.3990881717675112	2.6712960319547077	5.303087101018308	2.5266553878783693	-2.28403217173852	2.826024659552854	-0.4553040657465041	1.3388712371994471	-0.679756401774393	-4.604688919394561	-2.024618132999938	1.5895010902489557	3.812216286667551	-1.4506816025928906	1.1744111734884133	0.25332571318224495	0.4916446776477993	1.717663304786141	-1.269835910580673	3.0967115813509207	-0.10185574684471681	-0.6378572925382288	1.7332054447326837	0.6893393518795735	-1.5232366479528316	-0.8259227367590983	-2.4421550637376392	-1.4615357246359475	0.1686905735019855	-1.315218239352772	0.34368788829694363	0.07155676153849462	0.25236063339891524	-2.5636252429852737	0.3484508868067865	1.285103534962393	-1.468139579074384	2.0704301106143377	2.5012451698451437	-2.8842750962021038	-1.065291929702737	3.6838616042787384	3.6985112090876338	1.6983198963236394	0.8695843451768623	0.23731482419456792	-0.8739562573783861	-1.2627567880703376	-1.0293078832502174	3.528502350476563	0.6792845566346573	-1.5080799973043577	-3.0201087481962365	-5.443388934353621	2.6207687922681946	-3.9855254462218626	-2.610921600136799	1.9480844752684474	2.8490611934968966	1.9658491246305287	-0.31979121298345403	-0.1733047372983435	-0.619992058130875	-0.5624046275928924	3.630468072860079	-2.1949563799192493	-3.337096396943646	-0.06449757313378927	-1.3661140590161762	0.9326152396655963	-0.9163017514901604	1.1945759234132223	-0.36052196240140644	-0.9011207614533198	-0.45431463707927205	1.4801946415512897	0.6017567928831609	-2.012509283787375	-1.2764916317533288	0.14809120718923785	-0.9972425973224466
DTXSID2047484	18.29299529584331	-14.135904766007952	-51.90781586000098	-1.5465528637152373	110.60310676457586	-0.4444832063257841	-25.801389426968722	20.290868683137546	-19.430925559762926	-14.070623922618578	6.525869749079663	-4.215115659041362	15.033968437254513	-25.819260699726943	63.77780938678373	47.943337175334136	8.549861660590365	14.20423326229478	-3.737825280922211	30.62810705960263	-5.073634663995412	46.47317778373843	-42.36386633238666	21.823859158152697	24.096374107858427	-32.456827286181834	9.656097249626503	1.4644936663203159	5.531044961193544	39.720161138874424	53.52778370434085	-39.7385262128168	1.9958387646513835	18.211112192878694	-21.79872564615009	16.847958341691353	15.39128699358578	26.811172338945543	-32.916719765926146	-13.860286530492404	31.696901246126586	15.114663745681963	-34.0430362532243	22.652432280088746	-4.568314048878272	1.696908016765473	8.768426972854403	3.9081343373059836	-29.675318689844037	43.355939766073874	-28.269368208508993	-7.74867517178459	37.22297178415206	4.4329132466907595	-31.88534581412164	-46.18226349792363	47.89527340971886	3.141016139221467	45.98455791944572	-17.23008454258934	48.4883843869275	21.222470795324636	-3.3990801907858574	1.204589993406127	9.649061367906379	16.025554080685165	11.152417147982659	9.004701660899396	26.654200267786834	-8.591757747433	7.172783987373181	14.97163456404773	5.477779200459436	7.024677244294234	8.994423692878092	1.2090273727648666	-41.37465299862025	42.85096320863738	12.94046322224314	-20.991024712452294	8.540733997124727	32.28192041846031	21.054589888462683	33.65391009826637	-6.988493760743511	38.17275902296922	26.55080824531563	-11.034948592217694	-2.5958836214529772	-9.283372911111522	-8.20516561802585	2.5501474150842114	2.3594293452626562	11.137957333422893	20.37741377845647	-1.1074654234708152	11.31280999660348	-21.755618555765626	10.05121026366901	30.104414772691833
DTXSID2037508	-4.429890374767172	0.33958241941110134	-1.011318014013146	-1.5220968938782597	-0.9846473909607505	0.29634231308337466	1.2342331336924108	0.24064014546291274	0.5485091316454961	0.16432055829720824	0.1186429126601104	0.17440867318412573	1.6884309556087933	1.1017008946943498	0.36966888443127444	-0.47447607770754285	-0.6303155544592434	-0.756293873529121	-0.13244061063820503	0.1333818526832341	1.976646298471121	0.41764719340578177	-0.13198096672579077	3.0522365475286923	0.5324534631091603	1.0663913739948538	-0.10412676182665553	-0.6499737801883885	-0.36818550128105565	-0.47625095185949967	-0.34059246207963245	0.5214380913932755	0.11653992052879433	0.35446178037527515	0.06008226207944807	0.47007270683690444	-1.1682807573080543	0.876792316131277	-0.9332348496157129	0.26945977329794485	0.32328283330879914	0.04208450849475339	-0.479709346721532	-0.11404450761107474	0.5834454834361402	0.9343724301349903	-0.25347988433970425	-0.0167655074667006	-0.7431347851990485	0.18422873674298362	0.7345880055596702	-0.27150131340543077	0.41285964155230676	0.7046128311501648	0.5375719351833892	-0.28539300966465625	-0.20201381157388776	-0.3479393360810712	0.9128638486971492	-0.06216311255655961	0.09171469973277653	-0.9174707040285864	0.5516901124368776	0.01632016490183706	0.7789621233052684	-0.09507070936113507	0.3020842460628753	-0.33237352450136587	-0.37405078911030126	-0.6117151153275463	-1.4679418959261124	0.10856184334953246	-0.5300408288359388	0.028562383596586464	1.3873304670778732	-1.222517361121349	0.6577074000091954	-0.20603913399845614	-0.7618652196330208	-1.1009385786429415	0.6600312370327083	-0.2213403813305185	-0.4551092352598079	1.378559516885596	0.9367501830654013	-0.8271191061546138	0.46987280453405716	0.4654075020244104	-0.46885888074937676	-0.11089804073227703	-0.43001526474606305	0.04381408862100868	0.031086077079430566	-0.0930011593088071	0.04161529798045664	0.9347678026695642	0.5392272175217026	0.6520863229037759	-0.12608920366696744	0.05526756039623349
DTXSID7044427	-5.545772874240947	2.464250077752559	-4.616132493521296	1.1377665411386342	-1.2955908719349887	1.7960381610852358	4.389896488589749	0.1691847268528764	-0.3025736178533647	0.7262874783766787	1.6034513840908877	-0.20659031581863574	1.0578029188843183	0.877588950139905	-0.8726329954272993	0.6925718549306957	-0.8366364226402293	-3.507678331447146	0.4375874756939895	-0.05770665854126049	-2.2553547356128623	0.3227696938361691	3.4000356355416885	-1.57959371915241	-0.7049334802717725	2.553308242122803	2.788763314661191	-1.0850395193143054	-2.00448870953921	1.5238680818539554	3.810125900573288	-0.8600581453252124	-0.597198811837968	2.8032910679591194	3.3058139615934903	0.5494728400372662	-0.4946301424610228	1.908283714692823	-0.8189984786710843	2.3091765160268847	-2.9088107415050604	-1.6077295849432451	-0.42617698689855654	-1.9644696002265127	-4.66326558422564	-0.5224996785851945	-0.12834140401596045	1.8171527967758383	0.14660982545666051	3.9544359793320907	0.8239983401025401	0.8082008950614494	1.0653473571719143	2.5078880714556826	-1.356417260029439	0.7631493334827641	-0.6562850224323203	0.5741108907939387	-1.5287935724350878	2.5583990919900463	1.4247350469983522	-1.026566903696376	-0.027300315431418015	-1.8349506285173203	-0.7363127065238694	-0.8814882462551848	-1.238294251681256	0.15152568654468618	1.1288181664836194	1.086729586117851	1.1534338744523667	-0.5394347850295961	-0.5587409674761894	-1.163133653904555	0.9489258165595941	0.7032861080563408	-0.20332829040227146	-0.5394690982391317	-0.3300996819091868	-0.3289269143076858	-0.34012463508581736	0.36720961509621663	0.11948189606941013	0.25759321572348876	0.5157053639568789	-0.34418840175594834	-0.27118088017775943	-0.16702231699711567	-0.5026228991722643	0.5926668093279773	0.15013671219976535	0.6223418891972589	-0.49845450180993683	-0.6170547485969113	0.12332220097307851	0.4671388620210307	-0.6791023629901132	-0.0931497935604548	-0.3212967089506839	-0.09563144628643457
DTXSID1046423	10.125040126893039	-1.2201129680660596	-0.5813760893595299	-2.460392871815521	-2.5836561347017057	3.262765492094404	9.015203340732278	2.9920615520219584	-1.991449883139425	6.487162751185599	-2.083399061377154	1.0959356375683167	1.2155239254642114	0.1499723624415814	-0.32659718836505874	-0.013963933207809599	-3.1350239161617037	-0.04840441434923934	3.127862867027378	0.4857436880860601	0.5035833511642872	-1.1640408027660258	-0.6302817441027655	-0.33243737626525127	-0.3340477282609307	0.023777439793965936	-0.44722680101505813	1.222373182120499	-0.5612717551593268	0.9967669044181561	-0.10346319183627364	-0.07397946688101915	-2.0044620443764765	0.42348059275546673	0.00737784536158406	0.4286282789400897	0.4174008805767548	2.3710171057772027	-1.2577238980790877	1.6853403611101125	-0.7275440886160679	0.9970667663136579	-0.650329458469128	-1.0648670239242808	-0.25386410619181904	0.7981426256374516	0.030874085020083434	-0.4754492524887785	-0.21892625572940944	0.4407678122558927	-0.5503074975500737	-1.3620993595499746	0.35517297162350964	0.6194985769522725	1.1271718424233035	1.3633267451480133	-0.06742706566160975	-1.0746059584881607	1.1713059126495209	-0.9416962307691411	0.8646768231459858	-1.446666306232896	0.38838331692031686	-1.6538396899588084	1.994011823433708	-2.4556731026630785	0.8943887632993142	-2.1499721583166793	-0.02896543653907853	-1.4756443431979385	0.7875520989011935	-0.5152288194992528	-1.1433548603281851	-0.7142741415242088	0.09411694079834813	-2.307827450814521	-0.8800562794705599	2.712414998239598	0.36167362713958734	-0.6275439391780047	3.403567804233404	-1.0143034584708215	0.8118351758435629	-5.213363111596052	-2.137859683061431	3.196651822026309	-0.5503092959631242	-2.0382765663507922	1.3575856453573418	-1.376793713810568	2.4307174041769684	-0.9121577463778734	1.0593411396262575	0.12808497909177421	0.056481113969800795	2.7577714526628596	-0.9321021453990308	-0.2970183019388709	-0.28290497566877143	1.1188129753552647
DTXSID3023479	5.649587300775791	-3.4656994263145906	-3.689814712378387	2.871600284018925	-1.5766285567537113	-2.9935637737649583	9.559207686120134	6.009437426741941	-1.176138610865533	-2.2001672636340315	-3.0925588157930948	0.671397306162028	2.048321553481258	2.2926974263136652	-1.209378336576669	-1.3202248029964143	-2.093458967613317	0.2892247215342076	5.4744813669995835	2.390918754237905	2.525649765431297	-0.8639280236245553	-1.7952905812375681	-1.3365520431811522	1.2400928555052553	0.8594914038712264	1.7835308208102405	4.190751826248169	1.4128109104987208	-1.7212679299081841	-0.6788906742794096	1.0353221307640401	-2.6504240217706316	4.449105925613106	1.7350215315310127	1.4480032555938451	6.129711872740002	-0.4075294612153976	-4.233356136087767	-0.24485676227516295	-0.9881188721106513	-2.3910758221469455	-1.8973283605640001	5.291458245986557	-1.8436439371937825	3.116602961821516	-3.2508357279688105	2.360437203577381	2.425607269431552	-1.1192714669648145	2.866386937591246	-0.39717913837549496	-4.768030034296643	0.5342272379901899	1.4545385496406558	-0.5176494525134612	1.6246023717607636	-1.178470022231201	-1.42593836218497	0.3751752698811009	0.7279979163506494	-0.6133730525589415	1.1049040166745998	-1.401831439150518	0.9588710028202762	-2.24183956270504	-0.36039325344753204	-1.3858727934215223	-1.0702816218140778	0.9441888169311325	0.005001620400394073	-0.16116542597878333	-0.7028897605725373	-0.7702273333398483	0.9206835727851325	-1.1986925477754808	-3.4691690733522442	1.1461406051830751	1.538815497623034	-0.6290424875480406	1.1511104480386654	-2.0869222019113116	1.508655121960385	-3.197068804208795	-2.8321364617038234	2.3831941093476576	-0.46711795500930364	-0.6961788257249392	-0.5146796171479802	-1.5107211404718661	1.0843898966040642	-2.1085343990255696	0.6331383824506623	-0.11473418116630807	-0.27560810990778145	3.8690482610855956	-0.0486330692536727	0.3352927577512779	-0.0997743587628571	2.391060840773826
DTXSID3024108	2.1153843099333605	-2.2967738899570826	-0.22548175769954595	-0.6418170998391365	-1.3470968947163346	-2.1011788107209033	0.022857119825864778	-0.269710623435755	0.9242019359699654	-3.1372019972220855	-1.2003574914346786	2.7016114265122955	-0.6263016113533877	-1.8978781466361627	-0.313823235399221	-0.27994960358175447	1.4084066866739968	-1.4904929995833902	0.8320803812801673	1.5787201171300038	-0.7123812705039441	-0.28760150313614374	-1.4074830772606852	0.37319665869434654	-0.24236357452933305	0.7763485909187402	-0.8858661160113369	-1.1976095588353506	-0.33502570237593154	0.236507189041582	0.6436074731165764	-0.3238306705309591	-0.6590648270910185	0.7108272710918809	-0.16511958437216434	0.6965926793421238	0.5196766726213788	-1.0539564835274697	-0.1027260422200758	-0.03723063605720461	-0.5762446453015964	0.19790516712736808	-0.7887686671069226	0.7776904207485645	-0.20271023150831635	0.20364389445014697	0.2684043035288326	-0.10832588480463433	-1.7727029658581435	-0.3982795036829547	-0.512710142410432	0.7689240487046721	0.4130471761350558	-0.41337190412266855	-0.33818479396149903	0.7612053363035557	-1.5141180163477346	0.487589890126771	-0.6990156829695394	0.044841589012228365	-0.8261338043766254	0.1565812302475572	-0.4293259663908305	0.3418154406253088	0.5069805707832395	0.23717051623228805	0.45966702647014546	-0.6384987560046045	-0.27399890811569766	0.5086501357996062	-0.06811086389462094	-0.12896536926779728	0.9662300567643604	0.9703343021249311	-0.47351161263351277	0.26213383495454595	-0.443853656704191	-0.6837590839213817	0.2490701972989641	-0.3989952460689654	-1.6825884882011728	0.18591630658228953	0.18236449760600534	-1.08816328697801	-0.7935482603984807	-0.18231423852602166	0.6877507690267959	-0.08530285005740362	-0.03683362112938871	-0.4324029639624085	-0.3094424527033818	-0.3573031519485257	-0.7434089044021612	0.30497799085244764	0.14685166057406174	0.04364083662213794	0.6675568953057543	-1.1781826545309217	0.12068664429017517	-0.65922594253186
DTXSID3026275	-8.566113084887728	3.4067332821481853	-2.4305320853645513	0.08892019973283331	-0.6831730659004889	-1.5090472196329388	0.9516816508522741	-1.0681014299867388	0.6297286366148631	-0.8568585158263384	-0.8416656404874358	2.259583254855077	0.035134979237413	1.2522735990893246	3.6401690244671543	1.3672416399294127	-2.218960505492879	-0.2855323213548701	-0.09018369387887866	-1.7186825869389837	0.4587501352731963	1.489261017558118	0.9872361565774271	-2.003212457892873	0.04288416959601387	-0.9220920671709169	0.1692780044610489	0.9902313422760609	-0.2507041504381978	-0.1435463288329859	-0.2677577263796413	0.44298434885076904	-0.04081886086458071	0.44297252148944116	0.3466400255901874	0.5839618606750032	-0.7610169025440844	0.4325280155124792	-0.6920687014619423	-0.5719914713655941	-0.060106120519501614	-0.6682921810936572	0.12180685125823627	-0.33830230185360477	0.7968839133777842	0.09907681456188777	0.03744398897909084	-0.5397038470128663	-0.4161104839117426	-0.396568505810257	0.7880284996522833	-1.2312423282607958	-0.4808766501909526	0.1831416672762347	-1.5923442756045685	-0.2660814195197148	-0.14584412414682368	-1.1972522457670796	0.3679533664071863	0.6463308178151352	-0.36455256403258446	0.6722761299028626	-0.24962252800865023	0.16243123464647843	-0.09772132725857188	-0.6242441182077489	-0.7933714397543824	-0.5319816525091566	0.54560753328672	0.45888281766258393	0.105723368510722	-0.5399269329681927	0.3838841476052032	0.23945229011740296	0.5077254323771117	0.06933056769200294	0.004363487031628716	0.12329146654426427	-0.2699648485339675	0.4168300494942457	0.12494386783826814	-0.2590010083309514	0.07961396355937411	0.3300926783215195	0.5133775253332914	0.0028728866899776135	0.2935110869295457	0.2438194444818689	-0.2765469838019931	-0.1337792707738062	0.3556672770012612	0.5640785249268775	0.11213209590396714	0.32576984879648513	-0.09461758090453361	0.390131246164076	-0.10115340462773321	-0.10185078161780327	-0.3575935863366242	0.06741538853555078
DTXSID6034005	-2.2888844579174927	-3.0521614526714966	-24.8704229126713	-0.908165335142406	48.284521098700836	0.14589284137515987	-11.445662792480435	7.873188040693999	-8.986894549132357	-7.496363075893385	1.4331028355938527	-0.4326225189332705	6.741828045792	-13.24664553433598	28.922963750616514	19.775217207632743	2.5321030891350067	6.556902098270159	-0.08698150035361932	14.348688677979501	-1.9592829100507438	21.361305874396514	-18.382820931757493	8.994790263579688	8.82024953578601	-14.087244575542133	4.124311500544069	0.6223014207184846	2.546948333647905	20.54194426456957	20.98223733277494	-18.383425328491523	1.4127887727111388	7.573470548009306	-10.170526770177851	6.290986183120226	8.672527610012398	12.510018520766993	-14.520341850009148	-4.15076692356412	12.62455866646214	6.745808436681449	-14.672421871308257	7.155390529643542	-4.163555415196901	0.9842857584970652	2.2504021545346418	1.2111421373909756	-11.387380563955022	14.925135015667394	-12.933873531153727	-2.6860571561845044	15.642611806345545	1.6250057520081052	-12.532743160901466	-18.653413514345104	18.042367270962682	2.431664016485982	15.344239375806815	-3.061992798833414	18.42564121247792	5.2321239491307505	1.9904411709060308	5.469916210170139	1.0623527274372042	7.408231317468454	3.2054950459711957	3.3580939648505788	12.49288653754945	-5.505686423976283	2.297824308107231	5.461717371004905	1.1376587213970963	-0.22171498454738842	4.949200480501203	3.176761538892494	-16.90975633079312	21.267617219594108	2.644446161118899	-11.789362672939792	3.863269482915169	16.390506289799976	8.590497890058197	20.764883609891115	-7.155757295468168	21.216422099534125	13.09310611614834	-5.52301781725782	-2.0287428806656123	-8.398270205739383	-3.142612925320822	1.3812778967545432	-0.8195571180757426	6.8335167161013235	12.279474272890049	2.6736110603994314	6.851917499578115	-13.568946974094045	1.8046579676820396	23.676698908669387
DTXSID8024573	-6.548076774749181	-0.5366987297573154	0.680336149938505	-1.7263732326242762	-3.6167657128267803	-2.3916448417087497	2.0984590576550364	1.4918206647417427	-0.10649544934712767	-3.184609865210673	-1.6952131716754453	0.6859904475288042	4.033362322929256	-1.4519351008645223	2.834295579347016	-0.36917317271214406	0.34695166786702014	5.414433900547697	3.3037061899255677	1.0172667111164329	-5.913255971551014	-5.3271601063877485	6.5228389047636375	3.2028942979823314	5.680105204377575	-0.49091361071480666	-2.7184196811200554	-0.49427474705688446	-0.5953835078650559	1.8031326786828168	-1.9286999429299976	2.5379498607643236	-0.8653704693903347	3.5550795077162123	1.2970361902789695	-2.822047268030791	-3.7546189981322278	8.082384676944045	0.341604385729805	-3.9223448975007775	-3.6300258009258526	6.266855593396222	5.3951822994880425	6.957871751163186	-1.2876093843380805	-5.92657372938604	-2.0809531031711463	-0.23689531700731506	1.9169791871440904	0.2410136670941478	-2.0624051496721183	1.2044259646242284	-1.0596423112441373	-0.7925196365034753	-1.2825559427241284	-0.7174455111913235	-0.5548889727346217	-1.3665160262643716	2.1380657054650443	1.5741471538622858	-0.7835399360639891	0.14323751689048636	2.077820557225604	-1.765681541854537	0.20264968259277802	1.2646649992340016	-1.2901060887276279	1.8168586733187684	-0.7572670438617608	1.9778631618202092	-1.2836528432401502	-0.49685880731469173	-2.5354125640020637	-1.1797203358877775	1.2918043417598875	0.15215605374798075	-0.43876397028993513	-0.3967598235736844	1.459007310262434	1.008731521462229	0.2445213741784903	1.8564084197720983	-0.2836123357400636	-0.40764442303000037	-1.4967501574291695	0.5534707023108105	-0.3064353990900128	-0.24658025279014018	-0.5895301024531596	-0.5567891997419023	-0.8092219003853257	0.2756201087355133	1.5684259840925634	-1.5884845211906002	0.34692623788309346	-0.6434166231245608	1.0056208512861156	-0.3296867713177799	-0.48316428191534666	0.021340357510617677
DTXSID3021980	-5.094708728871911	3.2791522565827798	-3.3490664120049454	0.24448240232391172	1.7291802771565548	0.7217694827724492	1.0000077922687123	-1.9094369426670204	1.1111479356077565	-0.40093815564119595	1.2084714253084001	0.9368812482134413	0.32679428082610484	0.9370575372453174	0.20750186724919492	-0.2553918052924317	0.03126844467060712	0.8208872410247446	0.2691927018268603	0.4145326961672233	-0.6861717585208424	0.6772384549642058	-0.39556173986670407	-0.3421013713440439	0.9283839016446966	0.11847887777943772	0.30660029465352084	0.34124544972688015	-0.5504214255318757	-0.6367233889056927	0.03421027407796861	-0.049932854267065264	0.559800599618139	0.566109474968733	0.0496852319631887	-0.3557258144559097	0.5622156008755317	0.7771082485363294	-0.19771803073854297	-0.3094058073552438	0.03786628496510779	-0.4596750319466947	-0.1509577600127548	-0.6528442017391473	0.4282912074717118	-0.4100004000871638	-0.23553404750471876	0.1210772218982028	0.3434691247332898	-0.19407464735874785	-0.3446074968953822	-0.5053554066533575	-0.15967495739628684	-0.5223728055443903	-0.4717000857258825	0.24783041733443018	-0.30897624170838	-0.521087178124195	-0.18803383228965517	0.049396925149739486	0.2521637313254512	-0.21608886961851695	-0.05551556382498707	-0.41129104609689354	-0.07999519235121724	-0.3530929035416909	-0.6838430839519593	-0.20956134187346295	0.11027503725001944	0.35069544758480514	-0.4698833988055648	-0.21167052443056641	0.024626520321505207	0.08860640059163838	-0.23046611285482838	0.35721718384985424	-0.22306800668977067	0.33750543174021486	-0.22736225445162742	0.008356744170506471	0.38618855377225547	-0.38708171819018794	0.252808068875685	0.1987799014852138	0.31195619276653686	0.36916046699754984	-0.009463721884945025	0.17355450644623713	-0.3546417031019184	-0.07458965234514929	0.42912471617166686	0.5894551479811455	-0.3478327121897476	0.06675469906260698	-0.22875044956019636	-0.11604984088942608	0.13219447145190316	-0.28922834295974753	-0.06373867741138507	-0.058217746596350345
DTXSID0041519	-5.480342670057178	4.860402045638153	-1.7458227952929808	0.5358958236889614	0.9441633307223769	-0.7725881267551045	0.7171564819662649	-0.515548615593924	0.12336955785409609	-0.9032810474365756	-0.3733027151112726	1.5164303173125744	0.34074193085769294	0.19465699354263252	-0.09024269245152797	0.3206907277199143	0.034759255473045654	0.8412345930971618	-0.14199425583784261	-0.3521379975315413	-0.8597918092386047	0.6096526892919184	-0.3165040463642632	0.9111896680102466	-1.3484363004737216	-0.07309946674772799	-0.6729164287621923	-1.0685221035060264	-0.6411549573863324	0.2393713771096899	0.8871857060184631	-0.27047178878630196	-0.57130237794032	-0.764002183533716	0.5593109216306055	0.625591027181259	0.40048973479715255	0.5133814026115385	0.24573686139242093	-0.6997048357963852	-0.04588800335462315	-1.2453520121409931	-0.3185128466596799	0.0019288191061789645	0.3094362102545913	-0.3140376499636264	-0.635711846782755	0.9469961231445295	0.7295520789787395	-0.582804268444658	-0.34014254703350777	-0.3620073976938871	0.023763590648439695	-0.4688953176482599	-1.0495273332007473	-0.325147398783617	-0.14246261142397024	-0.23438553905590914	0.27629915245078496	-0.434225960980771	-0.899328138359921	-0.49976048102456566	0.1074511830434101	0.6352808868410464	1.3534946071999003	0.7435704156647464	0.1943989518083392	-0.24906430213329936	0.5495895018796935	1.0328439505627294	-0.31022979209224993	-1.4123476378695843	0.433806288735207	-0.26557816997580797	-0.5575175205355549	0.1988870886565717	0.5059764374917164	-0.5935473739392361	-0.08745241395526114	-0.016396636444669824	-0.05669619340750001	-0.32373501870062016	0.7893259474498121	-0.4970287634399645	0.03873176562470261	-0.22117128958531154	0.27021010964202546	0.20273383536610737	-0.514566626529136	-0.006024687650341651	0.5968245516141533	0.49351291403695213	0.2680520843280464	0.03607869529040317	-0.4108128254269562	0.575403461927132	0.00256699989181257	0.12005600360281261	0.030652666136302457	-0.22201332315752936
DTXSID9046863	7.910232536545565	-1.2534667502535695	-3.8127706432425117	-0.37277938360620116	-3.1821605530133876	-1.6408853292927599	1.805947636456111	2.7473904925247057	-1.9605008318582786	0.6784071110329365	-1.5586760581582386	-2.7744565524925684	1.9566699361859696	0.6751752546356242	-2.2197455715498005	2.257306098168247	0.7994765283565483	0.18498196211679455	-1.4331190594257597	-0.21689855314086068	-2.8439137028856614	0.9104534816871919	0.5592541141465411	0.8004722582791185	0.725515216751949	1.3282576291490429	0.6063741490337184	0.2448368631071968	0.2967320884091586	-1.0491702174871893	1.4094181247106055	0.8094374650495788	1.7365295813539385	-1.0345441798463202	-1.1755904668906707	0.09724028198920526	1.5805718420563772	-0.4421018139152766	-1.1210716259459206	-0.17507997518962523	0.17388707410026172	-0.265771397429338	0.3644507249359174	0.5072379139286439	-0.2665469562569789	0.9222712672533397	1.6955719056247374	-1.1889716860454305	-0.9477545881260341	-0.9680831879259417	-2.6331049118845216	-0.6041691074922768	1.2196685814284354	-0.7036811843304194	-1.2207501210697715	-0.4823388742562534	-1.476042052092813	-1.6833193289244217	0.15910583973846315	2.2936972206223807	0.28637409244901335	2.2160867918504574	1.3772857100739386	2.1830566451525657	2.014321076284093	-2.24913936979902	-0.13821736266774437	-1.7736637766944838	-1.2565036393959264	-0.6379134562163863	-0.9529810604698852	-0.2897949188301464	-1.470681773997675	-0.876271058067116	-0.31885256424180675	1.2513804956016166	-0.4520188794976423	-0.8511223810231561	1.4923296524515866	1.376424794248718	0.10523164761817691	-0.5912065147453839	0.9595522168083885	0.5272476520076095	-0.2626185180524292	-0.3616689538048478	0.21954566969703293	0.3045469481554646	0.14989613582536992	-0.27849103342883436	0.9303132531031449	0.34635578541145046	-0.2906782499855097	-0.37003392835841686	0.4157297450516321	-0.14785564109786212	0.40019487492025296	0.5592924097633326	-0.3515829191785721	-0.02028533772212801
DTXSID1048700	9.266899465206555	-2.184076080524008	2.907417440506696	-3.489425368788848	4.248295817228704	1.9600025176062768	-0.9200535669499694	1.1760917384476064	1.723732546357043	-1.7873262810178432	-1.734054770251647	0.0025457487962142994	0.7608570001835266	-1.2664488572675126	-0.8790992468328245	-1.208087160576865	-2.600459183549545	-0.5178408049907015	-1.0765181459826674	1.3011254660744271	0.5760048469173739	-0.9092497494405996	-0.640309950884557	-0.31162905350202097	-0.2036315297336122	0.6648718666998851	0.8897166296032573	0.06310654122055352	0.0271823543332399	3.9111217898457196	0.6127646518720941	1.7243660345651817	0.9952215596642564	-0.005019231534998669	-0.16879535513658972	-1.492288155503369	-1.1639082724919805	-1.891812658922431	1.7215713847935392	-0.27609992980008397	-0.4151698326034006	-0.9467093044153131	0.25609450216784063	0.4457988594394961	0.6083933634069051	0.23735380335593448	0.4229604564699318	0.12232826126774765	-0.19009830202892813	-0.04349621624412626	1.4573855337136528	0.3822891469031009	-0.11521979440524241	-1.201487884392338	1.4546351747266941	-0.9456078021163843	-1.0054351134737067	0.14553458419055113	1.1929601994313992	0.9295202676481616	2.0386333670538495	0.46443792330110256	-0.6119784140440497	-1.115099996555249	1.4411503200238938	-1.6078289318753711	0.9890336129715924	0.44453702452003846	1.3757234785572099	0.8488996972125135	0.6582516429789829	-0.06524737137112539	1.0842634097371373	2.3707605025394214	1.8350258130936947	-1.7687756730447866	-0.9503242823841552	0.2361596571808677	0.1693866439850147	0.5839435417350017	-0.3950687398029119	-0.2561180048178886	-1.5789321135474164	-0.6576755137381693	-0.6067349853640674	-0.13072177708232904	-1.5223860927302877	-0.3807449789548406	1.273078076600041	-0.6723863501353832	-0.7304071857285884	1.0672309753059117	0.3466042853692343	2.089915525673767	0.4929035705561429	-0.2820198380361749	-2.444470955957291	1.372499233678389	-1.1275539203531355	0.33119763146870246
DTXSID8045195	0.9669377119460041	1.4215853627436386	-1.1491829554627533	-0.9981606545055762	0.6434957834562461	2.731039904521584	2.451562852624727	1.0211062369183084	-0.1638484054628784	-1.219873085327293	-0.22149723094525098	-0.2868738634828213	-0.16083260036618052	-0.6440233368054119	-0.37817569759024894	-0.7228345588717031	-0.3551112455223597	0.19831650906128004	-0.22221809710278484	-0.32508996743987895	-0.0871044289335679	-0.6338007112932489	0.1453346729585013	-0.5547382495392439	-0.26930207139062834	0.15009498542552477	0.8458173191650828	0.5665945399856754	-0.5112051731666493	0.8024491015767452	-0.3440196773852857	-0.7005035314561838	-0.08250866960138535	0.028244000190695933	-0.2741094753587746	-0.8294328204385147	0.10373187979366075	0.24722146594652566	0.14187720846392424	0.17013160336229197	-0.055112107857849035	-0.6154083415063459	-0.5145205021971379	0.2631848861094734	0.3242765645190981	-0.15869712166143582	0.3409209520791213	-0.738442861368366	0.47249641524403524	0.3088482441296315	-0.05267053613606511	-0.792735637764615	-0.3057747145999239	0.47485748979250547	0.6214227904894486	0.8562801348551614	-1.2675307369449098	-0.2177209735869353	0.7971007982892073	-0.3068140136013464	-0.4645579765374281	1.0269230932288784	0.2562805605634183	-0.21597859087557783	0.15986834641978032	0.19504724231163334	0.9363786312355755	-0.3394724021836908	0.3437301334064923	-0.3400987017354523	0.7490916920521744	0.16967894125764854	-0.4410287723068419	0.21722383460408987	0.8993789242036214	-0.5271729993017321	0.3107788860425936	0.03689539164395859	-0.26560509861427445	-0.6672904852617617	0.013928863649925727	0.20136268210850433	0.228973739345491	-1.1461708954087728	-0.2392406375492697	0.35228893015695883	-0.6778977753228168	-0.5861485946526961	0.8072722349089605	0.032217720338609104	-0.09745132826253623	0.04298485373941129	0.20058364473305285	0.7065042781445044	-1.3378398170455674	-0.3321346841805896	0.1272739297189746	0.3078507145884729	-0.5616113322651739	-0.41841123887460663
DTXSID3024491	-3.6103531466087975	-1.8982381703452398	-1.676890053729652	2.791026466906913	-3.652037614783661	0.29514983817309515	0.8367891018889526	3.062702850152277	6.659568711508764	1.6090260580061224	-4.667570198300002	-2.902179236936662	-0.690198815749608	0.08302854113671213	0.4688276282570294	0.32664071776914744	1.4170522917931339	0.9199844232436812	-0.24067153079099007	2.214167387290631	-0.37934591690570596	0.8834674175321526	0.2988305964486296	-0.4227940695223231	0.3210118996447706	0.8054813383570072	0.04838264630567359	0.3059080538733883	-0.15673478320106987	0.42521319614863495	-0.7873610160237964	-0.5009405886967875	0.031110766340883802	-0.271790017890905	-0.6719370652451712	0.4122086662632625	0.37576831505411246	-0.3615506978848734	0.0841784784108666	-0.9995178277721386	-0.3659169231959861	-0.8981623108328175	0.41258430490296827	-0.1684224910047361	-0.4108497691489539	-0.007624427459614729	0.5279914632131477	0.41491132016765686	-0.24134991188078486	-0.1101750766042377	0.2440478926643741	-0.07683130940635069	0.585946563056304	-0.17660481943359274	-0.18984617875611032	0.3940132508947908	0.5786486121039317	-1.0146015815478564	1.2952648067120187	0.39577992240472937	-0.09958174399451715	-0.3285069270824094	-0.17054876229855798	0.21642423981542946	-0.7163227388787549	-0.015170774139631839	-1.1039141848776821	-0.06271473878106082	-0.2014075450510126	-0.5308926904000881	0.28685725446229676	0.017995304836296477	-0.7024861777703957	-0.18591082626477198	-0.3794336954106119	-0.04744012833753538	-0.8548835154716078	-0.5516490736166687	1.2303678227404649	-0.12639114122285305	-0.5383503645188067	0.34010287314983983	0.3015406700849187	0.3080234457878713	-0.43680043866773394	-0.04917295287195156	0.19585103617530764	-0.16845400279635878	0.40696501652248307	-0.3619317044220535	-0.0065031190978314625	-0.2382498337960405	-0.5249311279701075	-0.7113928617782376	-0.26770966868467955	0.039483154310423686	-0.40023765451660315	-0.037164623964432424	0.059927943207631514	-0.271796669101427
DTXSID7020845	-7.929475942403965	1.828590611193699	-4.328611707571597	2.0199990088073823	-0.2313586605913835	-0.29637041175687645	0.4484784564741187	-0.7982374828661214	1.0308582984895238	-0.01665470843992211	-0.813152571917171	0.9372940342848561	0.09800371377420862	-0.8166522936299387	-0.24949158408325414	-1.1336898309064762	-1.3761808000779185	-1.1642848031649067	-0.16762032482883568	0.2027600350332113	-0.6391362516524208	0.0489273250801576	0.5123833550986702	-1.1087101797508552	0.4185500722194661	-0.25793586571841404	0.10586516465316996	-0.6131413078677327	0.025452397628118285	-0.5916517817640456	0.74320926306033	0.7989109004849462	-0.18433183680038845	0.49059757050516084	0.43974516324189916	-0.33169611670030485	0.9883939226322853	1.4206127656380294	-0.6500246198384175	-0.17864474181042844	0.2987181961013586	0.3536106385673809	0.346924779903329	-0.754332885694209	0.567812110348467	0.10440494873841076	-0.7539691471059914	0.3620009429238611	0.616903691036412	-0.41859730199405004	-0.520005034116536	-1.3310078240060328	0.9799186689156292	-0.7405622586996781	0.5086071507254221	-0.23067210415303877	0.5352717769270241	0.7057354288947438	-0.7417502804316318	0.44114463645172497	-0.1890582357681813	0.12800324198086013	-0.25374608790397263	0.2557139543876007	0.14866142960888254	-1.0373801055931096	0.5016232880897721	1.0516659585736405	0.38297231705276646	1.232763155061115	-0.6046263139529806	-0.7480039389822939	0.2634287511619547	-0.23341983041675846	-0.2527236694827092	0.9195899532125302	0.5795508398345562	0.3730614197159525	0.14665566376131595	0.7751895136615271	0.10190605884923587	-0.41677903956342943	0.09506716778321132	0.2034615175631334	0.6336871227121148	-0.46186840240411575	0.19243546482553053	0.7873665801378903	-1.2201784321461127	0.7259022142225298	-0.13936421032817015	0.03324345562389225	-0.27803254983982223	0.18566686478424557	0.7065053057065127	0.3959262607610911	-1.2532287939788407	0.8892173436517878	-0.8316480826623113	0.8983339554667872
DTXSID7022754	12.261553750816953	-5.804055706524161	-6.796904575822801	7.131422303921035	0.06066200482446685	1.5479864033884556	3.1121620142252158	2.86694415396228	-0.8271332019936845	-8.098385787520018	-3.9978890440548174	-6.2540583710968685	1.5062011551158498	9.14345964577613	-1.963276432221371	-1.5688423072910012	-4.461276501324811	-2.1218850627880212	2.4520890678266665	-0.19776506535039112	0.3313365388998291	-1.4399035765987025	-0.6990322296274237	-3.520779617693281	2.4907488470205403	0.4336631321633373	-4.138467083203967	-1.2659999356118299	3.0665294030579884	-1.407045940518021	2.008542185812748	-1.3935091829570536	-1.3060450791752583	0.5348681090398076	-4.222168728797933	1.1845573608841844	-1.2023686225155594	-1.8239193816861001	1.6934424841089986	0.31720713793102223	-1.9626287342083581	1.388410757094714	2.472544200098852	-0.13119459178000598	-2.989136938130292	-0.6144527839819177	0.9673947940537198	1.1469268133682118	0.5360459790426609	0.8010947893535731	-2.695686284194604	-1.691159711370793	0.3281844048787148	-0.24890973953258275	1.8283689767183822	1.6579546026325906	0.5522913168871276	-0.646738168256109	-1.2458739941747112	1.25416066623351	-0.40264638549280357	-0.935205437084429	-1.115254978563812	-0.029798413367365523	-0.9479361516069965	0.12041660880506039	-0.9855028224822169	-1.0851035470403425	0.7314977525369505	-1.6445420698889128	2.4901268225313853	0.21039165340977525	-0.9573513463852481	-0.8893704530631871	-0.5401513896094176	-0.3022260944929746	0.2840137030577642	1.8600741709552828	1.2438495612393141	-0.9508486509606271	-1.4115035122882056	1.3994311948236413	-0.9932087589563973	-0.5815015816712519	-0.6813906318812015	-0.10243945181157753	0.9802607758397022	0.29435979280684427	-0.35581676247152993	0.044028339119083805	1.0992611657476925	-0.4564233099049178	-0.13559888331250597	1.6160195284446208	0.03763090382919622	0.56933161382321	-0.5916043769296526	0.9223853478628333	0.7417650000523361	-0.5776030208478009
DTXSID6027181	-6.672693223602526	2.637553824205483	1.1677133716340233	-1.2308275967894327	0.5641192202031274	0.5857265194817679	0.469720683895787	-1.1989314512253506	-0.011673856478531712	-0.14949134978937378	-0.9070263239689376	0.4919425823055543	1.5285013753520866	-0.37241835443169136	0.46038464836943865	-0.7239330851376525	-0.7243731057511639	0.14538567842482936	0.16966237859595665	0.588601872884001	-0.26517267679710316	0.07085864549492427	0.12194845425119563	-0.2692598080184647	-0.7085886350906428	0.24106365977895725	0.42018582708715657	-0.3857462799241037	-0.09684955588183826	0.3314313547200541	0.3101668380228679	0.06930444025482128	-0.1512228429334713	0.08255398656206335	0.21697627838140904	-0.11478228356290017	0.07482704486456963	0.21416275165046547	0.3255395328500404	-0.13445227141050556	0.07028698211142122	-0.1820442018077139	-0.17108573697332147	0.21533926991060126	0.5032567906228935	-0.35550943053401113	0.016996866838900674	0.37998431592696513	0.3603101282428518	-0.18441719545655494	-0.17417926000102885	-0.13563141930125563	0.03108702968317173	-0.32406303716053236	0.10388346139614182	-0.01516650275855494	-0.104610274532619	-0.17883740865019723	-0.4649239878922904	-0.2052465498732642	-0.2596815125639165	0.40370799382573336	0.09656357954137355	0.45901212236964334	-0.11910784030948386	-0.44913837971046133	-0.07354864694976579	-0.2044190815213508	0.2695482537192163	-0.3542793840996862	0.18891954090839147	-0.08522771902881172	0.4074122791513548	1.0006712162206028	-0.05137781060968318	0.47198584196113397	0.13034921146847753	0.03910216638967557	-0.28714125793055684	-0.215528182958182	-0.5156917176302898	-0.5628023140417614	0.32240944319201165	0.050028088069137146	0.00725188631216507	0.25431697166977224	0.10748911633050313	0.17732630314868233	0.15276450688025026	0.23453962097916242	0.1391135817720319	-0.2111869297788321	-0.07327328828107169	0.23777598646698636	-0.3548279264232934	0.32369945171896847	-0.038103312108272974	0.1765513862301841	0.23074983741381502	0.058016670266426325
DTXSID0037570	-1.6789513252821968	-2.110314108602997	-2.424041704185413	-0.07167509763029682	-3.611076208882144	2.6597032433052163	2.294149901291001	0.6735845192427813	-1.187237483922329	-2.3056863812428556	-0.03145982864213822	-1.13936649263051	2.1385470529459116	-1.5232105804195015	-0.17474915316059175	-0.7394143407745284	1.6250589253977106	-0.06714052881192487	1.435447605147855	-0.8200351089849598	1.0003705867118802	0.042396595178186315	-0.05234955529294237	-0.05404755515843966	0.17058834318430532	-0.259549987266643	-0.22347934803061661	0.6062550078330359	-0.10001324163612373	0.38058830357439394	-1.3506918935362429	0.2887307802999649	-0.3401540829346938	-0.0946837051544438	-0.6598561616110895	0.7640122412807653	-0.8218873849365852	0.15553524963598228	-0.26245225780317755	-0.8630982995322339	0.6689257506010747	-0.7938161627088808	-0.26016442127997985	-0.28066858958967306	-0.31014110071648904	-0.4954972656925236	-0.1702966910749996	0.6956821337881033	-1.5022617674203318	1.2440805671677713	1.4093880184539802	0.21532396877355114	-0.058671449172622646	-0.535360151283733	0.20592155436073648	0.17519921656682233	0.13733393124017684	-2.016992193522287	1.882537966665979	-0.08733799745694398	-1.300610264216947	-0.7458555666708321	1.465996514784511	-0.31756761518093013	-0.5162144050147764	-0.9267952145034744	0.20056603573935725	0.5354287258547782	-0.1542640517291427	-0.12613107105840626	0.5921799067742641	0.18589609688798028	-1.4322439110874865	-0.841810389768031	-0.6085424338809844	0.3265554277205345	-0.29122315916004954	-0.30806758369839915	0.5822901972057533	0.4703107916764746	-1.4571571194359199	0.004866595400202739	1.0413732071342097	0.018661621223570127	0.16488001242879133	0.45423706780766304	0.2867717459044871	-0.35801555559972437	1.1243966550385558	-0.25850297575309056	-0.0007846686253687049	0.45668318030106614	-0.22755046786208138	-0.7624282357944682	-0.0802338256690487	0.08348725185149494	-0.5210006800688574	-0.01765379929845579	-0.02419180945520472	-0.341099552477956
DTXSID5027932	11.125881015584016	-0.867389731118334	-4.2912231700890535	0.9309292185461155	10.021705187704361	-1.4132731983150515	-1.4563555074362682	0.6437570715174634	1.0011217401299997	-1.2139333733853355	-3.6346134861056787	1.7716084532817815	-0.7722844171453546	-2.900136872564205	-1.0551970267062432	2.828113545228107	1.9876566318575901	0.8023493538511683	-0.43495815208683825	-2.3205370592161607	0.13737516531388366	3.1291430366614175	0.49351859905815404	1.7775875635124372	0.7560512592396311	-0.1517207266776776	-3.646856948604704	1.8831116822421492	0.6076086068322784	0.087718307262067	0.2031140609212308	-2.3659802809421366	1.4778425097327388	-1.2765411533217919	3.11053487546991	0.7808402452722489	-0.7644382824022754	0.26492060461535355	-0.8035299056681735	-1.870196948583671	1.247337803120951	-1.3968417123732317	-1.2685206814831786	0.04230791325734696	-1.416526213388371	1.230668366348812	1.4374581024438395	1.5382783326352187	1.0367618655928024	0.3673182362641086	-2.7855437944950228	-0.23049325095591688	0.996316664676904	-1.5717991543480545	-1.5661522961394994	-0.6421964183640219	-1.5172757982978675	2.2491458537841478	1.3084325762176163	1.1704555760888764	0.19636732752643718	1.0328572381857177	0.25685642854047597	-2.4575622746970724	1.4267354534411305	0.8353018265983263	1.3739865798151938	-0.35950623410222504	-0.5183257124192683	1.7999925771881449	-2.653345155911747	-1.4545911422874764	0.9132520981249844	-0.3820922412758103	-1.7854650365464078	1.0826351700347683	2.974008964463745	-0.5790287661120017	0.1984047051677253	-0.21885486733178156	0.8607400236539854	-1.973025959552662	-3.038090022868987	0.423937364859004	-1.609962622632416	0.2162512798187312	-0.6555557998789348	-0.7841796969085157	2.3933240835240066	0.7899818810033866	-0.37774511053225884	2.255426328493122	1.3935727751054883	0.45547890211124203	0.6394545345733481	-0.43714091567229096	-3.422268706450431	-0.05285578944663256	-1.078199456949142	1.5306658048807706
DTXSID1026615	-2.4543528072013263	0.20176520128487258	-3.308494570504905	1.4971817936923977	1.988800745309052	1.1924350469841603	0.458427980502458	-2.9506410637313882	1.303277631406267	-0.6379603703475695	2.615704101409395	1.6047214419418818	1.6451705095869424	0.9409488128082715	-0.7711228923841045	-0.4630361365047414	-0.5487739331382984	0.9972187302363889	-1.045976711712864	2.1936739336830167	-1.079124978163045	0.5359881169858458	0.1300288595952718	-0.6777235162415464	0.7689835647595868	-0.3157190500498588	0.033669903506518155	-0.17861797199166585	0.24210748552673156	-1.3868492803313637	-0.13397470852714283	0.39371138143168716	-0.02686634320332276	1.8586006016042418	0.2717966483127167	-1.026395373664629	0.30717389583529214	-0.7214269908160794	0.5388677113180729	-0.9083433582173552	0.46925734854568835	-0.2206194314057531	0.12478530422200511	-1.0390741134860955	1.0301453784021488	-0.27739619327033477	-0.6072548113724361	0.3620044835660575	-0.3126032813411019	0.7893998999582059	0.19825637594193624	1.491324413805031	-0.5379088421189879	-1.1839913055966054	-0.04853991589010818	-0.21268019271114633	-0.9195837936300911	0.330998129582909	-1.290802393291135	0.7723248866872998	0.0154153700104946	-0.7670956753355894	-0.4802341282577469	-0.708201067658844	-0.23442323944241952	-0.39546505660940034	-0.5783770952714032	-0.3215140036719529	0.5159000491108257	0.5706669338475917	-0.7833813697168085	0.2897091511514456	0.9239754472063388	0.7975373720789004	-0.41776695726846336	-0.17082193920578703	-0.9568370888824309	0.6697826536659985	0.31137360483302	-0.6177922065762464	-0.8214367922192602	0.8147270907041358	-0.11797288037012178	-0.32862378609595283	-0.5720230824771066	0.05390499685206061	-0.5422300924903853	0.06662313650847655	-0.5725774095106032	0.2306180359848424	0.04524008329563544	-0.057775678533747744	-0.8192021205318023	0.25943099975185524	-0.6847299233380123	-0.2277974778054022	0.10214263070086096	0.2093607725644407	0.4813083587505889	0.7325871453406662
DTXSID6027426	12.507660493972585	-13.978719704604758	-13.180020226567676	3.933593384483392	-3.18076094038374	-1.406785120520771	-12.006254691576892	-12.460413405328408	-0.8513095306586409	-8.466743751817761	-14.703974337188408	20.856256389116133	-7.621666173273298	-8.535130040227521	0.5489949336872684	-9.743337602113122	-4.943912922113339	-6.465035419799995	-0.18935695921982967	2.8113980410913726	-3.5622203245268773	5.616024926862664	-1.5177033513346412	2.689937834017172	-0.17173885248503612	7.625922495510805	3.590561034902804	0.5200451148331415	-9.410436810057485	-2.582874510241288	2.4775645890963127	1.4749720344999868	-5.6506051556976935	2.3009762674522767	-2.2687145288870245	0.10644407285503048	4.386778678008923	1.4691666948750655	-0.6530034760051744	3.4063302872979375	-3.550788336917503	2.9993749095431634	0.2926102827324018	-1.917797232947449	0.8492304290816575	0.19704701208360803	-2.2242358385927825	2.3604294378415385	-0.04418017609636638	-3.318381605855119	-2.6989805447312105	-3.597610248279873	3.683431171185754	4.165531758730832	2.0041605356744716	-2.662365262817896	-0.24515186612108822	6.146459907821102	-4.229125245941577	-0.6838534666630568	2.217612768994343	2.5483603614712123	-2.6226091571996273	1.5747596764603509	0.21031117259265128	1.7336651673799575	-2.9575810155993083	1.595682862766653	-1.8420823327768239	3.6641361837237674	-3.0229062212412448	-2.239856326248381	-11.287028665444424	2.6798201106621673	-5.5806325451865	-4.782756274320711	5.16758351160054	3.80451607402206	4.243904609567432	0.19261250954464448	4.212773954806092	2.460616844347201	0.7376902774747465	1.9682949578537274	-0.9594763714256467	-6.412545230505084	-4.955975874165804	3.3891390267405095	-0.15248042170089426	0.05446514350891473	-1.8712240644057205	5.436864584724504	3.9201620599087743	1.5581227803397997	-7.048436465456114	-0.0877526663208766	-5.721689986556725	-5.745320812013381	4.0468765796934925	-3.6308629247462494
DTXSID3046536	-5.147785931358682	1.98709250762947	-3.9418136348062878	3.810535735738883	0.6108580841685342	-0.4380779416377479	2.1431741700211866	0.5191213698792302	-0.5014287336004393	-2.414182514955766	-0.9027863147425144	-1.55524460773624	1.3379129736357778	4.705143945612301	0.725932041267533	0.0054316529408250935	-1.2500902440538189	-3.82717578966978	3.3398535546590296	-1.1383455935719884	-0.19920376059040357	1.46978971806661	1.9524381012036762	0.34819968532141177	0.5795062939189148	0.4424638083239055	1.324942277601494	-2.319523709977286	4.34809041088736	0.6644134901815875	-0.9141574820334233	-0.051819719794895816	-2.8630734131660143	-0.7826157004400988	-2.882538464615658	0.40468503146037704	3.0681981990334517	0.28869448560017824	1.7692292819670024	0.1339853371561396	-0.7002191796919974	1.6614790564752822	1.1915762254593556	-0.07129153406115855	0.6808996584482614	-1.0452745275601274	-0.3397850863788876	-1.0390708332533454	1.3128644611137734	-0.6113606921354486	-1.5768760725986237	0.2314628119650246	1.1165896304646268	1.7093938218724627	-1.4198517046271222	2.41917955742194	2.3721003850109046	-1.715192388237734	-2.5466543838930407	3.9779191018091833	0.7846027497441727	-3.538615752238719	2.0621651540744557	1.3548270863629628	-2.344048038555131	1.3054337917421843	1.850690998952218	-0.01038164362831247	2.4612699818270416	-0.967424928565912	-0.3093484418009985	0.7913861325169742	-0.6361519164995786	-0.869152822294594	-1.944794130891926	-0.6331170525791303	-1.0714211188183524	0.3958999764135829	0.4047746162895402	-0.21666248593576076	0.9899944501127906	0.23781659897192484	-0.43919943780939974	-1.4145023620751103	-0.3740493044666902	-0.0911734487630295	-0.19148951675921017	0.2321634744991318	-0.7091436478018817	0.2807566853634989	2.2224711060066773	0.949841205568875	-0.4406237406974011	0.25804503140092405	0.51156579454694	0.3396353074759607	-0.22053187382534117	0.06257554764791402	-0.19588967920560776	-0.5794988747982667
DTXSID6049355	-2.478991778003135	4.377556109831734	-1.920012447988091	-4.000857850661611	7.790523920198589	0.4814879836007957	-0.09280080119750107	-2.378106699664016	-1.089914256113528	-0.05841844001902728	-3.905456051106112	2.031634391346544	-2.001280820323943	-1.2601215812454383	0.05219880361840443	2.0063889977722296	1.8480118985842922	1.268387797400644	0.20012959156247834	0.24031204108893175	1.0557177265820124	-0.2844768276812877	-0.7816269162708674	-0.7981386574608341	1.1281198846859066	-0.19386762412128328	-1.7557178376857014	1.0657888354000227	-0.7165269926026564	0.24978062030863815	0.1876229726517403	-1.2660495840432937	0.5791246284120989	-0.7140922314199502	0.3319991234180744	1.109032334256763	-0.3795337437700733	-0.40301836189000095	-0.15361149622004563	0.7835489206142017	0.015667332445948083	0.2127237140944435	-0.723249388591845	0.8982920403991332	-0.8121727093459551	-1.0563624073109075	0.8814914110728654	-0.18457470059736783	-0.07094513700328785	-0.8932203074557391	0.3057036397079455	0.2227599367598794	0.06223220908407996	0.8342359553765227	0.4230981102055885	0.35491365065374625	-0.542686379250351	-0.01926493381973842	-0.3877687727466751	0.21757626671758554	-0.011719591520592446	0.334791084443981	0.02444190729104848	-0.14871461255618074	0.8426592410253	-1.052570479793641	-0.8761545621740982	0.6476839408311267	-0.4240792687199868	-0.9678178642191739	0.3051126390973952	0.17830869431710983	-0.15896909507453377	-0.19953362115633394	-0.7777324997025591	-0.10480956562031181	-0.3376073036483316	0.30672106646066966	-0.17990615829329853	-0.16670201833874773	-0.22603265231698436	0.2592086035786498	-0.2993250510479517	-0.023194106518623612	0.33707461907441266	-0.08560878449133623	-0.10900224408395996	-0.10154180532529275	0.32880055255986035	0.13973196394683673	-0.2074849580184223	-0.3374250700105003	-0.8825247788789163	-0.3434960849556541	0.20351912779931366	-0.07753447534891206	-0.40755314607500615	-0.0353069247044054	0.1348766807942844	-0.2469026420282468
DTXSID8046664	3.221760235052859	-0.8280100516188762	-4.151787389235625	3.3531412906757136	-5.292460645879989	7.053431847564552	4.463573246002196	1.1784682026362499	-2.4732169781730295	-0.7990584816896023	-0.20691846653868887	-3.2565802991288426	0.025884576789517357	0.45458586291524744	-1.622461183614975	3.6147754972146475	-1.9911588637328992	-0.5163587585815217	-0.42068893561362236	0.611814865645311	-2.5283424112131274	-0.38794215163435203	0.2842690403834251	-0.8523993376588619	0.12133487854193455	-3.174991622660217	0.8166246192193714	0.8768439527908188	-0.7089354481181752	-0.12840474838625363	-0.08549752790572215	-1.2644742458370724	0.058292436190328596	-0.5905859093874729	-0.9183218097386708	0.2380025729543811	0.9878236244636505	-0.2938705283661397	-0.4338048788013302	0.0824419884004457	-0.3238129726307525	1.1671023049159788	0.6798866542022447	0.6861700494112551	-0.814924880750025	0.3872602590059221	-0.3649661541895812	0.38641051969336243	1.505340088276255	-0.9463739599194603	-1.5502824807587756	-0.037882897523331745	0.7041810190683712	0.5558836631960302	-1.441051603535135	0.380818471475872	-3.6243839588954674	0.5030171476311783	-0.40639697752882425	1.1459008792439607	1.8383611558085766	0.4792838062348283	-0.9420046637989373	2.8105149225851838	-0.11703274656265246	-0.6163989581035191	-0.31645961988531995	-0.5809420963171953	-1.3861903163769709	-0.34636039736930796	0.7185606495819182	-0.8551046289785431	-0.5964094044676578	0.5109773291574425	-0.8526454159772843	-0.3374323142756921	-1.7200282682219552	0.6570002201308877	-0.11320941485248867	-0.6914875761266939	1.201083441507052	-0.5824183398325324	-0.1819035179526908	-0.33098762547868715	0.6261583360653096	0.17713974395125934	-0.3512173282309543	-0.2788068106808233	0.10102353486310714	-0.07053792950884841	0.5667077068526009	0.08297341984691434	-0.22481400975280377	0.8930931370993488	-0.5553109597241785	-1.2615912462081016	0.023187394681578287	0.0056865327942824655	-0.16286924992353657	-0.6278981220831432
DTXSID7020211	-1.0139455927339587	2.2077918514922006	2.032084748162955	1.1349065808963146	2.4950164061382742	-0.9897064262475119	0.39339226294633944	-0.3291594647455324	-1.1596586310709371	-0.78553225141882	-0.39278873547564425	0.8040995184075952	-1.2386138617851137	-0.9240951436345005	-0.5724812533581344	-0.28419310108262213	-0.42354013648074085	1.1840001660514663	-1.7826008100181876	-0.6350415228218272	-1.436373899858342	-0.059632878446188295	-0.26388727671817075	0.8572203689126197	-1.7967579873206392	0.9731455882484765	0.7487566563917267	-1.0954872172833525	0.28892653497996296	-0.31239134901056564	0.16101712895180598	-0.2782604264336747	-0.2545036753391062	-0.2790739978201412	1.2677830446712188	-0.4543692145060633	-0.3268095175531051	-0.1357081981341239	-0.4614635666533197	-0.8196832134765987	0.28130697480158257	-0.9242368523131754	0.33457995417532105	-0.17868265790942237	0.7333756335714529	0.19333054358269278	-0.032072055841551435	0.3679671181226499	0.5479602113805595	0.13972428407354093	-0.6635935605382297	-0.9682081106074127	-0.42827933931641343	-1.190196943430135	0.09844752467889138	-0.7259189163134984	-0.6675083013025689	-0.7389995537093584	-0.6993888586863128	-0.13971937808957793	-1.0654177854286409	0.1427893418538076	-0.02954796974899	0.15214074350129686	-0.12371222107681322	0.9254565723987711	0.08730459683268876	-0.4455853083888193	0.9212706917613077	0.06634647222060301	-0.24083879885481488	-1.1355209600238032	0.6175175922534102	0.9842134557193065	-0.5089298177396543	0.22181847828702278	0.14672261935931868	-0.4425098214635939	-0.6836867681199862	-0.007219912640915686	-0.6277536631712826	0.10721134005329169	0.8036236470556594	-0.4623091413251544	0.4012385733804615	0.47426448249036207	-0.44232803238090485	-0.1646314721848969	-0.37171625642826556	-0.20743875119602753	-0.07428442651647343	0.4622718235644717	0.5482405763891431	-0.3952555792357516	0.13178925484112206	0.3154916366081399	0.652971998546669	0.4172521233722614	0.258771151997056	0.06679145541123606
DTXSID5048689	24.819235566226325	0.534373110544937	-4.147658251941009	0.8767305199773412	-4.580682648663044	3.390985601461497	14.6614468577695	5.158829380774939	-5.476700031086828	2.3252230933712674	-5.484265214688898	-1.3254589723472079	1.345747360283636	-1.370303287203656	3.3734244312025936	2.437710808187033	-4.838815684856358	1.0423403645884972	3.6032473220681154	0.2639761138203139	-9.929922834462605	-6.831383410759873	7.954932074546181	4.365718619460994	3.826088734371805	-2.9088162311106527	-0.34336860721713974	0.625708722223214	-3.145528699218467	-0.1571568835350042	0.211844721728888	0.5982690380370322	0.4337174445711396	-0.5006040738451548	-1.9496136040205165	-0.8296973457800374	1.6732281333105978	0.5459494498004713	0.045786718464624766	0.7892202872728236	0.36774549425695635	2.3525985345911336	-0.6083681754118478	0.24144872960728497	0.5491386266652252	0.7885537697060245	0.2873442445324163	0.38740903651279324	2.663924227136559	-0.16730909956777096	-2.080024549691094	0.7681039463532408	-1.2783768275472691	1.7867169161475105	0.10481239709496705	-1.8139762769777488	-2.014921826661662	0.4496889442696317	-2.4143316596933615	-1.5636026891931076	1.2585107798422215	-0.097943037130055	-2.465560662859955	-1.5856481416992239	-1.8278582754355972	-2.0306050702026357	-1.5278759703682134	-1.6467123528360679	-2.573628172180098	-0.5842330126999061	0.5707871574755339	1.66448101127079	-2.0557830358136564	-0.9229138319110242	-1.8913735205707645	-1.352907316430409	-2.115502131992253	3.7684695130206545	1.224789345563133	-0.7657561796905971	1.7189963306119938	0.6167864543418464	-1.4521606927797719	-2.8244292329722365	-1.8967234896006193	3.2208819427781457	-1.0919066412218204	0.6883657437063183	-0.5645736824774755	-1.6637920757990867	0.4593275469783546	-1.4015128050025714	1.3553669892014415	-0.23541668428971166	0.8588319881594068	4.297642733117471	-0.18729416889550504	-0.3830102374026056	0.6746694880734898	0.4857455238337398
DTXSID6040404	2.355335537159089	3.6354648603967115	1.6241319100691123	-0.7401450764057005	4.062934511762277	0.6867403163614948	-0.7935045489294398	-1.818526566067717	0.4419164123757811	-3.9437557594066925	-2.749031130776634	-1.4535194573735952	0.6633000336294467	4.792624252482774	0.43633194299264977	-1.6968474048639521	-2.185524576090503	1.2471991027290306	3.303208873351283	1.0470311988657737	1.0422860710489343	-0.5437927987856662	-1.1631477452860546	-0.244528308314473	-1.4043649223032688	0.9649468815406461	0.33489362505799675	0.9598150732082266	0.43935038055213593	3.3375677611756065	1.296274549155257	2.443607168683084	-1.0470534675959344	-2.431381195419637	0.15214980279094037	-0.007225958413035276	-1.2262606148133008	-1.4505649325195027	0.2334960399147361	-0.4163755537879998	-0.10562101083359562	0.0889852341387712	-0.13003087533788477	0.7851209152517169	0.02226179374489158	-0.326825547034486	1.7369982377115456	-0.31379859108160385	-1.3496728559729536	0.26250031069882507	0.7175974367389206	-0.9824194785497543	-0.83011449699709	-2.2574407186936516	2.010615475956187	-1.7442246898226548	-1.481158738690461	1.5476988065573285	-0.04333593838472074	1.962885101803474	1.9744053933513699	-0.8970594212242615	-0.14405644385904648	-0.040388436517343404	-0.8056347839057854	0.585504670004087	0.6618202991872211	-0.24436108613137708	-0.05962171905664343	0.7424949688615379	0.5450401501811598	0.22258311900389474	-0.255600220740728	-0.43281642547656035	0.728615465284414	-0.9142669680331593	-0.08258067349027014	-0.2993617127601283	0.8139198301200182	-0.11299654717205562	-0.07332222265337293	0.603352361010183	-0.20298717240117015	-0.32662549613708786	0.4721213665898629	-0.08000105797184516	-0.40185277908824346	0.13815139393530215	-0.08373878360339533	-0.6000392630339738	0.09584865621943628	-0.06519665560092958	-0.3079557443156403	-0.12101117028218672	0.3696730143543979	-0.6547830454354053	-0.13475048856361085	0.006619283646202954	0.2256853849907463	-0.11306189855099523
DTXSID1034187	4.278201953030233	-2.500254812419017	6.415729225357062	-4.449913771907306	4.645665904347654	2.3721099609574754	1.009786022714175	-0.3021572163956398	0.840473392832405	-0.11312237929027717	-2.015861890486344	0.031216361196683372	3.9697437157323736	-0.5877595913620106	1.5549982380086504	-1.819466931733306	0.44799822268405376	-1.9009891367144727	-0.8774143843077905	-0.9983538300960414	0.3265547706300331	-0.8880361866754479	0.7137107867320222	0.39338605995738735	-0.6871645697701054	-0.14671247006794993	1.3091112425905487	-1.8013824922725	-1.015314742265402	1.6412336952617361	-0.3448311479898205	0.13816560382365276	0.9296953310328124	0.3530402729937617	0.5339114484086154	-2.2943884101911864	-0.17654260211305536	-1.8643121193040286	1.937347938457186	-0.4909137319596499	1.1378724437481988	-0.1990021392104165	0.046149908575792445	0.23136889413122713	1.5067678155671023	0.44571713711161476	-0.17382913739914685	1.0225208989608967	-0.6276814245864452	-0.6587463548356588	1.078448233792067	-0.5065377170386494	0.08746108626997587	1.0727914587587892	-0.09786715674439507	0.1965600763224315	-0.5115269090482065	0.8813490969568373	0.42269101755365196	-0.7069071936670186	-0.07064309637835783	1.709574437794544	-0.7883163995387528	-1.0954521143363436	0.9792997654665955	-0.5900237771614657	-1.1633698000536739	0.43074878914924647	-1.1464927343240419	-0.7676401217837203	0.5762513403891923	0.08089813327985465	0.2310545973162633	0.8082759619406891	-0.43018804113386744	0.40531255030121616	-0.6933667164269788	-0.2612947600264601	0.31481737012569916	0.32559696825311635	0.07554183841299929	-0.4990636217259817	0.12078154815666968	0.48002562892359707	-0.15945064952817548	-0.15559382889487114	-0.23731753047141307	0.41834662551699076	0.33117422389201756	0.04786272117659068	0.4370204674678502	-0.26313863215930855	0.03572105083717446	0.3164503124579474	-0.1443734860679831	0.08554142950532005	-0.23726285560895005	0.04990644164905973	0.048128500022249984	-0.042350947003066346
DTXSID5046439	3.170572301237564	-3.3866979629942815	-1.320613507366356	6.758709111302899	-0.9225913393305709	-2.3856390048917255	2.326191429255443	-1.477509128241541	4.01173076608076	-0.3552317581223061	-2.8683478786688177	-1.8263586552906421	-1.956448702072511	0.15928740343337816	4.562000524263845	1.7062953316036156	-1.1243802349489838	-0.6427971230873001	-3.4174124483761013	-2.7929870886265626	0.7881965354187351	-0.10734229376789432	0.6423551286670733	-0.9439841148579289	-0.9358395734615478	-1.1469905092883177	1.1594746960908888	0.31819084196039826	-0.7071490801325131	0.09519861848368243	-1.2510679991995477	0.6047366199696126	0.7947306527989207	1.0879008616594688	0.11971723689078462	-1.3227901644821796	-0.8806401222590966	-0.7149949507959424	0.36012624520311837	-1.2143383992956234	0.09025797205689545	-0.2088010141139624	0.672584283254941	-1.4330747218432232	1.0750052392429643	1.3441841029898198	0.3777088412488685	0.41306951984870327	-0.9631012774807182	-0.5635665463153609	2.464287332678776	-0.927483036953582	-0.5368868317913359	2.2534660128559283	-2.845114675079692	-0.5121841730883739	-0.6819436271916532	0.3197994823472072	1.2111326032120433	-0.52367108975726	0.15565492294326944	0.4795141825264718	-2.420381202463666	-1.1757471792643932	-0.4728678650080508	-0.02953345658467353	-2.7238229147372293	1.0895343558841508	-0.6599284878710977	0.7753400836982679	-0.05044678174924224	0.4463270482057756	-0.9041408286297614	-0.0729677873895148	-0.06529561758192222	-0.33248414960808725	-0.04681251396434996	0.5095039363125666	1.2158520938544324	0.9048961857454446	0.4787659001975097	0.6807104786821678	-1.343590051964235	0.13583417303830625	0.3564091929300754	0.6113661805631857	-0.3767384309990472	-0.4131743241557283	-0.29771966165177716	-0.10540863755507492	0.335069095811235	0.8623151106315857	-0.008077869360097994	-0.6865381304167418	0.19830891923950278	-0.46247691307178407	0.21405322155154247	-0.8647840995593135	-0.4202203150623797	-1.243914447191924
DTXSID5045380	7.89758854253008	-2.7141461587107396	-6.623797633654705	1.4346248361952831	-2.7714918341041415	0.780598546861501	8.17257325252891	1.6684984724104897	1.843209902708561	2.4756918008941975	-0.426003412835802	0.2455074346101116	-1.4335013539646022	-0.36150363190123913	-1.1340649917570724	0.016384046955593055	-1.4659671593247152	-0.072237868787616	2.02197790156018	2.442423922089466	-1.2471188584751198	5.529595637625048	5.649571256962037	-2.8562882239599405	1.8349074352941974	2.336220578054775	2.1304776348880634	-2.1332610812377695	-1.6763697606535857	-0.041054565313431865	6.2245250035247945	-0.861876326429735	-4.266842624044151	1.4038256116696355	4.368183521342998	-0.6649467973636237	0.9083458551627152	0.9861674048316801	4.867497716549752	3.6943833258519363	-7.523536526444912	0.009901625959893776	-1.219680199868664	-1.8173035804387314	-3.223496953443114	4.107351446346527	3.304438507690103	1.9517875202911983	-2.3501050773609413	6.139466125067413	0.9631090559386332	0.6848778221935287	2.9116313614023346	1.5834569384342698	-1.1356422454245734	1.0408652921507124	-0.18111897223036802	-3.2705478032099373	-0.023526776363448482	4.6529122956836115	-0.08703242394759324	-0.8092119094203648	-0.06200728866202929	0.13942966398888568	4.466409475752865	5.0868299941579895	-3.0679319864571704	5.67587887969006	-1.225061266952843	0.026188948340793227	1.6580946046788798	4.707152214392875	0.3295845831360045	-3.3840030571144233	4.360508692586374	5.856522377758629	-2.855251349299946	-2.403159912165055	-3.980088721781294	0.17524600246556846	-2.310571549667861	-2.5245653109764317	-2.407142767535343	-0.33626884070314345	1.4394862381264497	0.4615048276812806	1.865997935381453	2.2119494385346252	0.40766983867176154	0.6498333629016952	-0.10274853388293788	1.1017212217587078	0.6996283451980091	-0.6616921982526885	0.2652642778430763	-0.7458292032010614	-1.347335573851562	-0.004561721340656922	2.45792897344131	-1.292291366086506
DTXSID7044130	-0.8242929747676381	-3.476590160835255	-1.4403497878519915	1.1421599235955828	-2.4673189411011918	1.848119171260639	0.34977355619308886	4.725795063715407	1.0069223550650814	-4.372861692959383	-2.167829009223099	0.32177348413634893	-2.8639674758923883	-4.242621302220364	-3.826498684597633	-3.4606844811108606	-1.6704737134879712	3.7511583793757324	1.1305170989930187	0.70556061429612	2.257447859570146	5.85240804346566	2.939009220031155	-1.7578139060701778	3.366090374280389	-1.7471716291323551	0.6195228468251713	-1.6379571250798088	-1.7849261378262455	-0.17112825560346054	1.2056720097956966	3.3371772383422083	-2.286777525459473	0.6332508918828147	0.09837882231398346	0.4437379933694836	0.7230960633565328	-1.3036560976393026	1.9425291013023327	0.6798695947846507	-0.3974970711132522	0.629619434678173	0.09031130341801141	-0.32986741224896965	-0.2826969162399913	-1.6155528203937262	-0.3290029549070178	0.19371014246083504	-2.1767841959159253	0.07540373573474396	1.2867848757882463	-0.5120576027974407	0.4095679693795795	1.645141296110953	1.2959705819787404	-0.17268342416852236	0.5908769131624112	1.335581165394279	-2.8166400457148164	0.06132693218465553	2.095198647685591	3.3215796175609262	0.560863031194014	1.4590076435254842	1.981228218504553	-0.23765334066308938	0.19270716222286635	-2.5694648364728	2.1716872782017953	0.900663724925018	-1.791171806192945	-2.481635367551549	-3.971389126498241	5.064198096528021	-2.5602568325408974	-2.671084428590535	2.1177032128069873	3.243112703361847	2.4574708719629315	-0.20715884828590791	-1.133112294969413	1.3213106585506618	0.0050012080772313975	3.931850096402501	-4.863372881606567	-3.7824297019944346	-0.2639484738473948	-1.6688580729540698	1.251705267886246	-1.2095416515683157	1.0285040979738422	-1.1026692554878212	-0.5098549631147965	-1.005165733841999	1.3074141000418191	0.5060305245335542	-0.8046804655599809	-1.9868497455094951	0.18797274784640466	0.3343594119130352
DTXSID7049425	-6.198062226798995	-1.0868396838675218	-0.8385489458500743	0.8638144057586971	-3.2678168168604804	-6.3483452173028	-1.304791636091881	-1.2948963876291912	0.7958892793104522	-1.8397306988498885	-3.113019018925236	7.175405514859457	-1.3348861892397572	3.3481716208171486	11.097609235080558	7.653682418066426	-7.932472632496154	-1.5558318701927674	-5.773441756764976	-5.68690073793146	2.636503753301552	2.405617062986366	5.844782713537655	-10.236355724169846	-1.0527291141150905	-5.0869258783818205	-0.5629446419864121	3.7774078408694485	0.9928532928918529	-1.4080929653513474	-1.5773983154304052	2.0397293220982133	-1.943618204392851	2.2912862465136694	1.1268525622255268	2.930623991103429	-5.064612385075195	-2.012286087302864	-1.9309639016466347	-1.6516836311090397	0.28108822705639547	0.263702399680506	1.3439058498069085	-2.4290973308800883	2.0009538566001246	1.7172597178390776	-0.12085003395678875	-2.2111198119376927	-3.3303525922934614	0.31203837616685287	4.820950131641946	-1.1825078059428396	-2.5237418027309966	1.296246791454993	-3.4778444785469453	-2.0660231796718804	-0.5389112467097832	-0.15487492349708154	0.7390610947169862	2.8014896076011286	-1.494841736341082	1.8183628843272903	-0.8625905294745105	-0.20559280768524446	0.037719294213740304	0.08507501856976778	0.7839006541784688	-1.4446515750292324	0.4820397822157166	2.5241685616778495	0.9913239663417647	1.1226316904566773	1.2790237845463857	0.557347945860672	0.8934994969830029	0.12379438883085399	-0.9833686368981591	0.08985999455075878	0.9412939540563823	-0.22673225812520942	-1.3258695247079326	-0.2217038157370249	-1.0533046712069694	-0.1617006508566101	-0.7499787780925476	0.41791734226064353	-0.5736505550473169	0.6665802984321838	-1.180773162873966	-0.9032300860329681	0.1843626595778771	0.14556287906409954	-0.04070871998757655	0.7346563855836807	-0.6734681149436154	-0.2377531289681492	0.901239743160969	0.6254548672459338	0.21874569199401891	-0.5701266017811537
DTXSID2044717	-1.8386427903193776	-1.3252494890601392	2.4445273060591686	-2.0422478174888226	1.57745597639137	0.8299090663532722	-0.6441029966840788	-0.4765065286798075	-0.026476089763934105	0.8046873774344987	-0.4618498034069219	-0.11915806236383325	2.3542560068812928	-1.1321260246308447	-0.9735987487975841	-0.9240463783411537	-0.5215506864223994	-1.1403803363686584	-0.6798294019998813	-0.22892694585411508	-0.504827477702515	-0.10945805226505054	0.3669103342203317	0.03525658382959468	0.06689717164195953	-0.4589037090456573	-0.665412296366288	0.714870518263583	-0.1389973396704484	0.150131423418057	-0.6771493870935115	0.29962271199732576	-1.3724149848772842	1.0264245682835762	1.201462035108363	0.49745409968273196	-0.003992286791731178	1.0036960708068563	-0.214003236582048	-0.0722506656613488	0.5148211394096592	0.942546849795737	-0.6079749729510173	-0.39722595676275413	0.46216584754372614	0.1448754717585327	-0.18343224988430548	0.0366842254756665	-0.0841754907456338	0.6387837843885484	0.5231306534966375	-0.19260017056604414	0.29611126193211845	-0.03613098997340954	0.27481552722051655	0.1318738320089887	0.11532147112156195	0.46035337577462143	-0.8499342570147758	-1.2041425101150445	0.1623034138962174	-0.5669679173927082	0.05941912136736171	0.9604314245204483	-0.19238650268760948	0.18557270732781814	0.9082123315300485	-0.3625615917193663	0.14810181611440126	-0.6249605202717872	0.9225271251938205	0.32154534801314893	0.33737218007857867	0.8870660103325538	-0.2925210043086578	-0.10586582126801918	0.8593793532446121	-0.9388581338521189	0.12519705810411183	0.18718467527038543	-0.90435188157985	-0.709872147582088	-0.3807177009080325	-0.5555590931689819	0.29613235840378077	-0.24994705133846512	-0.5756526719599141	0.2537840129148613	0.05199824102015838	0.13720460392027145	0.4419187944668164	-0.7625863859312645	-0.12633772568669696	0.7404885355153263	0.05315102154272251	-0.11837525592853744	-0.7848702234004802	0.24506046553677016	0.14858554325035547	0.32017945891319227
DTXSID6024414	-5.525075229435331	0.8444195532450759	-0.666550821471141	1.1134973561752088	-1.2459807922978048	2.5262672380916706	0.6560817968226204	-0.183012339512401	-0.1731369047151962	-0.9612611947614133	0.04027988052735478	0.0033748549316454063	1.1879614202895847	-0.4872389275774868	0.014744636895950484	-0.6589906418596498	-0.6695701001803308	1.027494086624557	-0.15903123552882198	-0.3982631364271248	0.007771926877290701	-0.5831423941505536	-0.62498289826655	-0.14990166387526574	-0.40085817760403886	-0.0683498349830394	0.5993467495664402	0.4844476616722162	-0.328641047310551	-0.13892795874375768	0.029974670763022366	-0.26606151562749386	-0.2495525561239799	0.13956455979640814	-0.5933865959497147	0.22961064987100072	-0.051122392930271376	0.7128404899822212	-0.13538651556413236	0.28700611761292455	0.07120156942945052	-0.03534827344328766	-0.8019184905494683	0.3599857804808121	0.2851376067872083	0.005137202102116254	0.09250375389458189	-0.7165413488796937	0.817247232403141	0.37915301130970464	-0.07914506834435867	0.06972779815561882	-0.9354037036158918	1.0807262060318943	-0.45531763274241643	-0.43347420104068396	-0.7864691632912535	0.04882522594699929	-0.09576815119042853	-0.44307082638322876	0.27742820583651145	-0.3931119796464632	0.1508151586497616	0.09953852434181666	0.1529752510344509	-0.009603809683316263	0.3622723829407616	-0.4300713517984263	0.570613866786281	0.27524898023284683	0.4660850848892132	0.5160159594723551	0.07599186759009682	-0.06518107301844984	0.2393549635434195	0.03241813491978871	0.3191196589352782	0.07398084281905953	-0.5414727855257494	-0.23818981880019105	-0.13504263793232113	-0.1495584351119991	-0.22971682077677968	-0.21805277068234014	0.12596092658042987	-0.13385193182511704	0.08746193478260955	-0.37894315507015025	0.3621304160290162	0.17068546096230236	-0.039974975007664566	0.12042576776072127	-0.4078188983245569	0.08863086841351914	0.025271764820930093	0.35660912474896	-0.1103753752437761	0.2815170786914581	0.09907051998445962	-0.051336990954035454
DTXSID30891564	0.9470825750091965	-6.115873718592885	-8.10824598130389	2.617962427359853	-2.585959935986843	-1.1332805648244877	-6.620127622486322	-6.993787983968024	-0.02323065129872419	-3.66399132071167	-6.90130286292262	11.10865802192082	-4.206904763184185	-3.6968716695211246	1.1945876901368238	-3.4562681923558056	-2.982783735264686	-4.904417875802866	-0.3525696986698768	3.1155209555635683	-3.165506063062551	-0.8218963406248427	-2.598644940989048	0.39325382569466233	-1.3963728531423782	4.492916149367175	1.665933492912366	1.6204060676078864	-3.167543584326739	-1.2453557693217359	0.5707469805220937	-0.7031900351922323	-2.0037297364917417	1.1956444603131473	-0.9047061413729462	0.6173232847294542	2.8011016274453477	2.03951790585436	-1.5832409836823362	1.8521441292684127	-1.826092577838431	1.427257667820812	0.07388023048545916	-0.8170986741342166	0.37728161767911966	0.4343324424651605	-0.9101800252402789	0.34681533380346363	1.2720655124036755	-0.9552243699563266	-3.0897526214491102	-1.8304482436951184	2.9836321467485774	-0.01565761286887195	1.560285922984364	-1.064173469220193	-0.35257795148947635	2.660282296687787	-1.5799050067659226	-0.025078042151450475	-0.3333431616457943	0.4148758484857717	-0.8780318356240543	0.7936898899111406	-0.8507627087753167	0.19406666049118002	-0.05573666088153816	2.2254679349479374	-1.081493418069475	2.069458226615277	-1.3188198701103684	-0.3016029550179268	-2.1534884401944314	-0.7366341711768177	-1.364863911402078	-0.5773566698565171	1.2402209518132843	0.46846521863396845	1.523591470749429	0.5779119854889035	1.935310810665757	0.47669638121665214	-0.14222307473816406	-0.7196106940961626	1.5999496613795963	-1.2008465153856736	-1.6856909399241475	3.1570019300764454	-1.215312310734676	0.8329557123184976	-1.5408074366785076	2.434302956981608	1.5008257804475373	1.883328000172309	-2.9781422815939997	-0.1640252691396101	-3.494956239186876	-1.3478970520430273	0.832908662115619	-0.7899387167533486
DTXSID3034113	7.885611102385395	10.932856597362044	1.1421178162913608	2.1302798790528366	-3.4968029532271325	0.09922888973734761	-3.0045532265502093	0.6134373018141751	-0.41781462222216115	0.32771179955603225	0.3348007149165496	-0.35154813297237314	1.893908018439219	0.752407665333254	-1.1790348928491163	0.3922835982358553	1.1339301603661827	0.9773769358008612	-2.1334520846773484	-0.5013392095472937	-0.07160982389648064	-0.7431736839848428	-0.37639180039409204	-0.5079958196834587	0.6202814133616487	0.40557580001360033	1.3462233613877255	1.6724505158395964	0.2021461619210597	-0.41000609873311433	-0.3252815026894319	-0.006540691786019518	-0.03278099688787098	1.7288734607777148	0.44777315191956746	-0.47599873043936913	0.08331537597780665	0.3540804764384675	-0.9324400245179081	2.7043429430455976	0.6336941714357412	0.9212158486583707	-0.23548509167717552	-0.9778824887449814	-0.02556967068380862	-0.3983249865804552	-1.1442168675071476	-0.15543814571538792	-2.18520712802189	-1.6597076984133263	-1.3596259234998005	0.39715204254026193	0.03761854972106403	-0.19233766999753146	-0.4713387901951378	0.23436281562593575	2.3967885362352006	-1.1438497612124634	0.08908466927278649	0.7018213694458741	-0.19076008349384696	0.8798002023142911	0.068291630074681	0.01821817813896824	0.13273917756666	0.26553000275568117	-0.7634738643347477	0.3820389013800406	0.3792877283792924	-0.22879170561371817	-0.5522897529219428	-0.7056761369841811	0.1887104954576204	-0.2227542176918974	0.578058507075311	1.3450640229029294	0.22688065161369914	-0.0339131671416664	1.3622576239393556	-0.3778146419982593	-0.14941092111512813	-0.029942604118224574	0.44453433312579027	-0.21429729144602966	0.4043996567897487	-0.24161651038895943	-0.4810139338030242	0.27848842661106354	0.524297575644449	-0.569327452578197	0.7850328647313632	0.3035379249286891	0.325749254309355	-0.09531873818643938	-0.04690208206364678	0.36673752350462835	0.4247370499635381	0.387658825871366	0.506482775995712	0.16272844382098126
DTXSID3040647	7.1656422087380545	-1.6241832641174598	-9.913350779359224	8.474042821993102	-3.372796452095449	6.120549499113585	13.437481757806884	0.5371101436170223	-5.413576661776014	6.17094660855996	-2.546302862195797	2.9840572101648917	2.5496904875052895	-1.5719374906678865	-0.5705493599216036	1.066005478285674	-3.5931323701897218	2.356240271452265	1.2838989807641497	2.4384107641454977	1.8937593947624982	-5.9659602929885684	-1.0544934403068094	-3.2780946356319096	-2.0077023298354004	-6.323935811607732	1.3018513095041349	0.37295047883511045	1.0463155914344753	-0.8969266194018306	2.2492687554534085	0.5969276431441822	-1.6609704441680009	0.5817797476480109	0.7018345286873895	1.2537671487763633	0.4607431086406897	1.298146337712029	-1.792315937693333	0.6971019487538158	-0.5444075567741573	1.7807050465360532	0.5388539226717474	-0.45712913271839495	-0.8437070795056908	-1.0514693058267275	-1.4300283436239052	0.5967466210479991	1.3371697680983523	1.153175094426365	-1.1148179040613422	-2.789060305503809	-2.8246999081614077	0.04534346901587161	-1.9646389190628357	-0.23870186419878306	-0.8733213862768466	1.6497323530999006	-1.2246108924663566	-1.16350809113347	3.889575910812096	-2.4572469991688313	-0.3042821255391992	-0.8128625675325629	-2.5036680051064093	-4.579128051131923	0.6771816694386943	-2.0315230203296877	-0.5300935618837886	-2.1842091869309215	-1.874445191618315	-0.9931019800514523	-2.6394054424267006	-0.45772646668377687	1.0979748708378296	0.47365565367718104	-3.976865536042894	-0.6719802201515321	-3.21890250183061	-2.915387553285416	7.0121705031571695	-4.75168625537231	2.623000834469617	-6.181597393504418	-4.760121838483216	3.568020887150271	-1.8476310309250819	-3.0282203311473985	1.4784055224298693	-3.4979566572185647	1.5904226081365669	-3.8416060315686686	1.0548784000250393	-0.6574206754956147	0.4547432527356799	7.019637814726776	-0.8455460100061442	-0.5223688947014786	2.2180481179283182	4.715674297756529
DTXSID3026641	-4.344398663417016	-0.35943305805845893	-1.7814755561986093	0.47261453377263274	-1.5221148932882473	1.029405617497273	-0.4618913054207385	-2.472797247785017	-0.5047397213021628	1.34585677977381	-1.2748580444720974	-1.062054653659246	1.0709483174518586	0.7966192296476136	-0.7577772233376664	-0.30541439120478636	0.2837428361233252	1.4477272247779651	-0.8916523851264961	0.17334374974103506	0.17786177013355003	-0.8960573513782225	-0.31198636399053103	-0.8853309435997243	0.8583701051877658	-0.5387185355903695	0.01872072172566125	-0.20716386969266248	0.34603277686736833	-0.5650760680887619	0.6099259750873947	0.003061116125470993	0.02872178554108731	0.018015835106914183	0.45359400385290854	-0.02712354718057251	0.4622212737746341	0.3347147997877438	-0.5389440885731211	0.4748076147064372	0.4884650642994073	0.7943715351271499	-0.3325416479142177	0.043244361295357574	0.2959031548061862	-0.10231359198821262	0.2745452156021797	-0.9725731903930834	0.10884035754977917	0.36938852588526544	-0.13539722169885862	-0.32496688384390693	1.0464835968958472	0.837606482204429	1.1917810642731614	-0.003918429728145014	-0.31822313002289626	1.3343614102664183	-0.9862597526514547	0.23314322891075087	-0.10825292986949467	0.5330064258906115	-0.7732356199686903	0.016675395176810423	0.5027899111625507	-1.0149867287308512	0.5631267534061044	0.12594135843964713	0.7370109830877164	0.3687885951451848	-1.0460492050850716	-0.10623746081705703	0.9149223141618096	-0.2206210716098958	-0.7748581751332194	0.10919254665999406	-0.0794237244308211	-0.0037801203685519525	0.7997659664221258	0.4295358108129796	-0.4641688344530573	-0.2565353574219237	-0.3159389978938807	0.3049985756813278	-0.5796778519249746	0.421863037658365	0.9889685275378326	0.36255893152198415	-0.5422924445828977	0.49708430454708574	-0.10883367974371393	0.251234097448519	0.1714118495324071	0.4469206240561484	-0.05248990020306306	0.06708477472353631	0.3447950607484228	-0.08341536952246964	-0.022225796339120266	0.18642134232705757
DTXSID5059799	6.772138280790133	-11.576159160222042	-10.87030034302121	3.19078190940108	-2.6971870829636906	-0.6959596537667981	-10.32695509091634	-13.64364903576582	-0.7552555816155602	-5.930074326209006	-9.824701720849925	18.86101896834339	-3.5760547692153972	-3.380665321488312	2.276062416456939	-5.152197014878429	-2.725862295288356	-7.508508091336571	-0.6544172147777922	6.2573460060260695	-5.335052861722361	0.0761036321461111	-4.443109592522425	2.279002471749069	-1.238016907138607	8.129894177241628	2.8540964638713717	3.635735801667546	-6.2377530214286905	-2.87584511997292	-0.6300952454272543	-1.2783718943763154	-3.860052174412559	1.5729857822042477	-3.242407010363892	0.3668968105863313	2.349967942812111	1.232106600298616	-1.9960766739419447	2.485148365956622	-3.9417107132749707	1.4846344214781237	0.43664538398977176	-0.7592163807123903	0.25633862452205597	0.29547560938862283	-0.8419233240949207	1.4231045664968696	1.557531921180887	-1.2644769980441861	-3.329599346720766	-0.4083493248722818	3.4809111560464334	1.4804901115105986	2.3280020931173313	-1.9404607589504743	-0.9827413841831768	4.053794245529174	-0.6998681642529266	0.6296513371769984	0.09359270660687542	-0.4660208332440294	-2.642482750002456	1.8020824057152296	-2.540795873193828	0.05071577730346805	-1.8416974511608069	1.2144918682613772	-2.504007407041988	2.215014017660845	-0.6751917294214604	0.9742233844129058	-5.627267809429374	-1.4190040245057909	-0.5803095916802502	-2.4591895853848933	2.0569060326202	1.5943193948141123	1.6140651268715451	0.20569023034351971	3.2130522114635873	1.1053148219286169	1.688435012615274	-1.651611039929139	2.549761384578077	-2.574250723254045	-3.572474413392668	4.919908355936868	-0.10434736634767067	0.1343529403750698	-3.5559637203186516	6.102064133323108	3.2466531775766074	2.728747513660539	-7.979182225397757	0.24516835746530247	-3.6794365907458837	-3.507204299819775	4.72595849556387	-3.398510094414717
DTXSID5021629	-5.9610337261214985	4.1777596101648555	-1.8863176124302545	1.0053939204475995	0.33705001118443356	0.37694010683292467	0.23460760109661308	-1.4105858440773607	0.40910639736348725	-0.48759882835803436	0.32413609196954	0.8975362043403458	2.039527076081321	0.5756997950189493	-0.3656172743395615	-0.10601751329671875	-0.37344167109560106	1.3621178094107647	-0.30392420833430106	-0.37408518145452885	-0.7295667129616792	-0.0076955097657167805	-1.2354490685736803	0.16897376966456493	0.1287756269291678	0.15995257839332816	1.0929011253225827	0.767885005629407	0.17553479143012435	0.8266848683414834	0.8131659564699193	0.5493697075591251	-0.2116426617219327	0.22673678111381926	0.2376202531258316	-0.15475807607761355	0.3026409671182234	-0.27997445408012467	-0.726399765173033	0.9681271408669953	0.4456948694394944	0.48758525466002106	-0.17701107526916543	-0.056023992216211474	0.18899914015456018	-0.22459874847802624	0.4413127595775583	-0.23330313639516462	-1.6418939946478364	-1.4052110397550406	-0.3851729355335138	0.16300564234270595	0.10767392045558571	-0.9181996247070159	-0.280139307209562	-0.7082960668736379	0.3737822599999041	-0.29819262407055325	-1.140218837322989	0.7522190342465345	0.4434742327620412	0.8889807381827131	1.0055685471127607	-0.20293802796640298	-0.10031815682709763	-0.08909297474983804	-0.6310340324653884	0.3543862408952569	0.27914642254562994	0.1807992836665717	-0.15629187441111583	-0.02810586908209574	0.4330504262127941	-0.6026971848621532	0.8740039334490823	0.058554467340602386	-0.17332519882150915	0.18282015121413386	0.5455090640202283	-0.2208115319025359	0.37494304008396195	0.4664264061813694	0.1433208715678677	-0.23819075790237054	0.4938718686379108	-0.6531924105427224	-0.2956423728754106	0.055717767420186436	-0.048326821880866136	-0.5833360882298315	0.05218320077108323	0.1303241495860557	-0.14808797890182726	-0.05976996852740015	-0.2097163974277455	0.2400373363663909	0.45885060402636213	0.13302219274582083	0.21630799824116242	-0.14822181574921142
DTXSID1062122	-1.466118694302591	-4.169404116127852	-6.539131340715952	2.6641775836716377	-2.2948185538866688	-1.2348577453610192	-5.973231836364135	-5.835119665636437	-1.4520514430629972	-3.346677489508805	-6.428178677283532	11.285409513825273	-2.426173199807893	-2.8692507771189724	1.046770075448927	-2.5512677856312003	-0.7625703308520875	-5.023433700322466	-0.004455860460643541	2.173644392409964	-2.8673206791606716	-0.29290430691838004	-2.2894256101693258	1.5879481404362803	-1.8873241143575237	4.914171921809153	1.066094680692355	1.7289172895684373	-3.7007835252271626	-1.568142402075436	0.3663445447666675	-0.9949586337259999	-2.294532860508602	1.6268710490971876	-0.6517507313925004	0.8950858732109647	1.6877525209017972	1.2331747004850249	-1.218924949765282	1.3715443742374926	-1.556956426261166	1.5283850455539574	-0.5121531257797154	-0.6959613720306216	0.6597319674078097	0.9873954131775189	-1.2213816375846562	0.7655494843846452	0.6512406160516985	-0.5901139591296486	-2.7330295259747293	-1.0898458067936514	1.675840884105783	0.053319326984927445	0.8815793433532887	-1.1570369813449761	-1.3270349872344909	2.4044174650380863	-0.7065793689292577	0.054024939613501285	-0.41631856594233146	-0.43053169936347674	-0.48152682331878727	0.5298399734434546	-0.016985903059070464	1.9470320552704512	-0.14682872922160747	0.9151719229424186	-0.4503260681381508	1.0548573730836512	-1.2044966413100386	-0.8459011912795321	-1.2872396725135404	-0.7831939329460186	-1.6067445853119462	-0.696772853002203	0.7829097855154764	-0.41997193709682074	0.7504868963026486	0.04446949056570364	1.2639781737628988	0.22904043655029568	0.8821992372566769	-0.9732322404838224	1.2062012982228596	-1.0717010503707827	-2.1534494012365877	2.1369658793757753	-0.554177021755635	-0.03807964080743357	-0.693250327501206	2.799029137393781	1.6787774282750652	1.2472572896293839	-3.2449985051072727	0.19133388941515053	-2.0221125869609	-1.6630064127968405	1.5632167106099544	-1.0274906794085779
DTXSID8021931	-7.267823208025794	4.285507728270743	-2.387027018358716	1.0078856674631667	2.0599453325350545	-0.5159503757070828	0.8952362067624161	-0.4306448684552502	-0.3232908460277862	-0.5778560568375269	-1.2913929801150652	1.4727583890416303	0.5583890698638487	-0.3128655839624793	-0.4262909464255034	0.5376170575641125	0.8083300287575167	0.3080068653892478	0.5859950332544186	-0.7332806555718847	-0.31191001519785144	1.039211300510131	0.025946547640047682	0.22467515396845109	-0.023044014665930555	0.4488753065002756	-0.9822966871730449	0.05232201229018509	-0.6292839339107459	0.2661314456027553	0.5853444251893803	-0.8505529457357044	0.31126661609372186	-0.019122357655378657	0.3061264001101017	0.4700174662313934	-0.13563760357286334	0.5831563595137268	-0.2747794507572029	-0.4987616696706311	0.46728730823519415	-0.29031879080624	-0.5455583970127834	-0.09354783403866083	0.1821954362023865	0.05509031970416012	-0.4307025738092904	0.34813003513314245	0.48507851797664275	-0.6109704523587601	-0.42129230486639974	-0.5423291656043107	-0.19698317758473116	-0.15877247684236276	-0.5409387965223272	-0.4333293051891586	-0.6065446781694982	-0.23323375248803346	0.007836752249239212	0.4185021206331518	-0.07529890025460463	-0.14558640013216956	0.05870856872664359	-0.270883541419522	0.6090259943034313	0.2558803330820388	-0.04000133879880839	0.011589174093941204	0.566942680830754	0.42484021309811976	-0.3201822083168276	-0.6609372919335459	0.39403869795581603	0.1912949895329244	-0.4626674436980141	0.4243135794972489	0.1604006130326322	-0.20353874993705984	-0.4166495200672092	-0.102232039191194	-0.2499513353906264	-0.3284705930422441	0.4663030717641244	0.09240234355132818	-0.11738097947804076	-0.03386870378570476	-0.38603215943417296	0.3569490638313456	-0.2989611904472525	-0.02180264026726693	0.6638005199865447	0.7604571123976651	0.11833894767448398	0.10977104848665559	-0.20787807610154957	0.2871176578987827	-0.3109711333929252	-0.14492053702186328	-0.0976416748678463	0.25855953747769894
DTXSID7023724	11.37960045549331	1.118696373694834	1.0249131702851058	-2.3573378577205872	1.2681072084224658	2.819885130471536	6.584000253100359	0.4183427573965724	-2.194178554944459	3.735899974838673	-0.6563120352590492	0.23508729532449585	0.016094938753943355	-0.14310768147328856	-1.0707350399543623	4.565825892561123	-1.9748035022947934	-3.993257249015893	1.4640465171402337	2.785264657918497	-5.058951509068576	4.569971213726872	5.047848963431963	1.2887772075061208	-0.7089327311714609	1.843675176538067	2.363232333330965	-0.21834444175823872	2.8539578933936522	-1.525958128706408	-2.9539752095754443	-0.6693010633425012	-0.9029601879966088	-0.29749023049244067	-5.035050056858955	0.9362144043825945	3.4360778662256712	-0.2189097543353797	0.8167028475014817	-2.581297051108073	0.5318104575989231	5.416899367843825	0.25173536902089144	1.7920197952955026	-2.865678938937996	0.9797656654129694	0.7700678759200942	0.06471386262627922	-0.8008491469847476	-0.9899068452954204	0.30662729399824695	-0.6383111399971381	0.8042411595657811	2.8218573845489328	-1.7589933322359514	1.72593211219377	-1.8031402372580818	0.4859440311845087	-3.6738458063078547	0.613365467658787	1.6556694619464776	-2.7652644363270755	4.37764651265758	2.7465189663510383	-0.8756792285921214	0.8338115531849213	3.6830125381610386	-2.587644591712701	2.0784367890994644	-1.0477679909421829	0.5779929008370377	3.057659521492961	1.0113713763405183	0.45818397307793673	-1.5942652389132483	-2.1787956845975796	-0.567796914656702	-0.6653344164975598	1.062003764249172	2.834353177180367	0.16579464367603097	0.5866256711365403	-0.8918460608708516	-1.7768481202982578	0.7436709831668872	-1.2197344383957345	-0.051945674319731745	-0.34490918061233466	-0.12697024255482317	1.3667284793617496	1.4513568908670664	2.797510478451316	-0.4948803208148782	1.3937104748005975	1.7723811053163558	-1.1078343499874237	-1.0499361596416068	0.16678735063021527	-0.4879404291685312	-0.49211764375674827
DTXSID9049320	-3.3804207803658795	3.3564283649259425	-4.031584897689623	-0.13394802163759795	3.1422316879818695	1.4568037755408993	2.923526992711772	0.7697481141846989	-0.94698741410592	1.4215304677284526	-1.0394871637466327	0.7612699545284928	0.5994222768274736	-0.9093321507662864	0.9134664673247925	2.6600541298469316	1.0085011055510584	-5.014729016051062	0.9510304305196067	-0.4564879766598815	-2.1367020582682867	1.3821808314283577	2.6175522267538263	1.5808986199032957	0.7432967632612372	0.05249162595121923	3.545761045924327	-1.8484705649640087	2.352125881562057	-0.36714029692191125	-0.4907372501481896	2.9004569219161884	-2.4331245459685915	-1.1476315339280077	-2.8790973245066493	1.2426052047611398	1.78106832151241	-0.27752322782983774	0.9527569441490853	0.1737682069426907	-1.1005194442894268	0.6796799780761144	0.6887673731062052	1.7349715134656252	2.2462646407532394	0.2833731000792735	1.0928849520035955	-0.6992985853689677	0.7063847039187793	-1.418564665320306	-0.5031284371973485	0.7528621178136155	0.8677374692808549	2.0636692520544497	1.2965237932729552	2.4380662423027335	1.212912149826097	-1.9532524881641395	-1.630370758986801	2.0089376458397306	-0.8332477285571297	-1.9731195195857973	1.420880417110907	-0.2163818032831797	-2.495813268899832	1.9221023686258365	2.1563640247337252	-0.5084551891261585	3.291819774381828	2.90132529961696	-1.6971815212373305	2.675782573635349	0.28055296723777257	-0.6549598566855794	-0.4698980486440612	-1.4545014986979277	0.6971097235931094	-1.1259053866357724	0.3461689246327429	-0.024504322396454767	-0.09773259442848242	0.027114770271650077	0.08571280689965542	-1.0508843987451053	-0.37889379507226634	0.44445295908812416	-0.2706290224706192	0.2890017549236074	0.3583631759627781	0.0719529150178417	0.9681668850243309	0.002430010260975026	0.03847310670561131	-0.37055759505164276	-0.27713277899000566	1.0837312809015605	-1.0399953536359599	-0.7175581942166916	-0.2909666725078246	0.5618492582514086
DTXSID2020210	-3.302755722453903	3.1410356445892766	-3.2886555996940223	1.025913877920186	2.1732020565134422	-0.43662143643206436	1.5314779352573578	0.6473291562870214	0.8628104897247585	-1.120393125906915	-1.1878783265790775	0.9137041591203791	0.5414292698837436	0.15831720049326017	-0.2173374360388684	0.6656481223471544	0.5258317908479359	-0.2797791034500662	-0.14661690536142138	-1.1892755432209827	-0.18814939794003643	0.6722804633331327	-0.5252271354816536	0.7378321326117416	0.5436287390405268	0.5379940836707305	-0.8747702819183376	-0.021812648580264368	-0.4618317714703827	-0.3028616611413948	0.7704359951634844	0.3079568104428973	0.8055560388293188	0.6649755169907857	0.29561590541244026	-0.22612392994777414	-0.04258794461423826	0.8634022314329951	-0.3780471885334165	-0.5099289762979995	-0.044404380558658585	-0.526413975553899	-0.305372180680942	-0.6572047424852063	0.4249221030490433	0.4629153732767964	-0.7230523893502593	0.7525596338422981	0.034656145701383534	-0.36631923456674775	0.14910788588592824	-0.8396814155735273	0.014455562322207054	-0.5503927474572049	-0.8550825968722029	-0.16352943191014907	-0.5941975441383696	-0.5836547276642732	1.07168379548863	0.347458820591623	0.23568946995593923	-0.5487429873575457	-0.34552242547762096	-0.7794825275779363	1.0726161642376464	-0.4780368185974912	0.01540433008038531	0.09363645934605441	0.9832667351049126	0.3490179889742548	-0.7280621306659681	-1.1543577343951055	0.19251555206982637	0.4544056081759612	0.3912808397782918	0.7152066237571154	0.5503194995709324	-0.2148158022165788	-0.8201597252125733	0.19526387032898518	-0.011212712522189467	-0.7584453968827456	-0.06273799110965164	0.13010166568660592	-0.11284170266117764	-0.26440561083729797	0.021358429748185723	-0.06708046088860584	-0.10661803567998066	-0.04564711724519297	1.0881201860192762	1.238772122037857	0.30105270552458374	0.32841238941827416	-0.7254948376744881	-0.1329096914428658	-0.313635530663569	-0.5092029885278695	-0.19698205864679844	0.3579762758769593
DTXSID1047102	5.805655664654363	4.313275773761512	2.7485952689861244	-0.32134944571251045	2.7136924774981694	1.5042610644500563	-1.2013985616467526	1.6813812481682113	0.11945474570420272	-2.8522471189324947	-2.3526433563563782	-2.3116017055693	-1.6299768684993419	4.5778050486713635	0.37246913207606974	-2.385617036820342	-1.9102031434277007	0.631055130980645	2.4637608519710152	0.05618132821269962	0.8199368921246781	-0.34544386364486723	0.6435964374280952	-0.17642893310977673	-1.9597203454432282	-0.026008506192544988	0.5749046400760884	-0.4233734800849904	0.5400061219371196	0.014856967485007463	0.24159656484891243	-1.5449076458414186	-0.04034929293822223	-0.557092769070121	0.13166635095154777	0.5467086368737244	-0.3459661312879231	0.4937363989992677	-0.298043727348308	0.7199330055188086	0.19614494917072375	-0.19447603309544895	-0.5372054411220479	1.0341283156700336	0.3953076930250913	-0.4771558799592409	0.13440170374580432	-1.1808327998575812	0.4970984845614235	0.5834299209830768	-0.90808851661974	-0.2726852434612898	0.7072954390804004	-0.6336039704724875	0.7404158127622301	1.2532099235753134	0.03823038494862301	-0.7459411635577552	-0.2217533339460861	-0.3523412799927167	-0.7523832860924776	0.8389745932805694	-0.7010944168775811	0.7769957413386086	-1.5108292981488052	-0.19918548445151527	0.3558039544967487	0.9064046526809909	-0.5260822433967166	0.25008899597418305	-0.693961062436318	-1.1297476834153275	0.19417760401749598	0.669478562959488	-0.16800034766711544	-0.6371510328218337	0.1187461170237147	0.588000143540549	0.2168053788920548	-0.04071104906321428	-0.08393344232071454	0.0666537184881907	0.38092831608523114	-0.1849006252759128	-0.7549054698147533	0.2227744890518154	0.5608346627884512	1.4399264354906653	-0.17405359619205654	0.5640619617811004	-0.449095804428964	-0.2981061813233785	-0.12418356513276999	-0.07149113643179333	-0.4843386806942852	-0.4002124564926127	-0.011172688458745856	0.7957851316904553	-0.3566183601356877	0.10580866549545842
DTXSID2046678	11.727851105337276	-0.6504892418865331	-6.781070681873957	6.037803384008511	-1.0622098880388762	-0.19959837544330641	3.3406722431785987	3.767741434542576	-2.275211358584851	-3.467171504926594	-2.7937171047686546	-3.2436665241837135	-0.935908563616153	2.9094312890855285	-1.6909636461768358	0.8247559875850845	-4.981025799073433	-2.791277999896252	1.9259689359900438	0.9996096518038792	-1.904541002946722	0.7064964378936991	1.1191259650594512	-1.4685640616189197	0.2464634725586689	1.7608568532412132	-3.0829719351722518	-1.536505712512913	1.7463181996066426	-0.012845414807882283	1.1659997194628138	-1.8967146988499939	-1.1899795990126698	-0.759896542404366	-0.619279765116643	0.5996836382176598	2.220546836125073	0.7328572271318192	1.2195658361150363	-0.6401153713508567	-0.16746945354262907	0.70052973359508	0.3556048646747584	-0.5891710726117215	-0.7378977535793236	-1.2799929610987055	0.03509098658684826	-0.9634593066689229	1.8889650402742186	1.0797824854609903	-2.0363603162909056	0.20350699794893898	-0.19849859144482965	-0.015163954263122932	-0.6904511328904784	-0.22818299765018962	-0.3145290915235458	-0.7931042772700657	-0.8793620975920635	2.441982967748268	-1.4557309753928231	-0.2085016113012469	-0.610607685322538	-0.865094511650051	-0.16873012832741424	0.5259467416242574	1.548148619180468	-1.5897383998846997	-0.7741313339750658	-1.281556509629064	0.32513507319996504	0.5612141575450618	-1.0706679644833343	-0.5428208940170979	-2.1573971408264585	-1.4143004664029928	0.7832126404561202	1.014268522141218	-0.37851388055230917	0.4569821159384834	-0.6339591951252286	1.419760471478155	-2.445713452826113	-1.114667356121731	0.8367829430031455	-2.8249441821009196	0.1695807483411358	1.818731929091373	0.9287705240268861	0.0832039275521628	3.4393081045123903	-0.3298499236555216	1.6344213179401739	1.3964956702004372	0.44271329218119054	0.4910876709459947	-0.9500617160958802	0.4607158096456198	-0.5427801208323004	1.3344862861315907
DTXSID5057709	-4.189917492680691	0.8354119607089886	-2.1685500352350693	1.5361205731766863	-0.7259116141663009	-2.2887283763517194	1.8001102782962708	-0.4720614750151827	-0.02422851591001461	-4.464611458586606	-0.983821211907456	-1.9184711318573144	0.35565606647896014	3.918667414895281	-1.0106730744389862	-2.00062442108185	-0.40911529313914796	-0.34046349081920146	3.6673504668198187	1.051340531953436	0.685719117576157	0.8934948236151413	0.39372180183456623	0.6337682615438458	-0.07304991484793356	0.37621255750181276	-1.495784505524309	1.8642954733683645	2.186528843907421	-1.4690003120008046	0.6990779217783053	0.25882026813257286	-2.019074819188869	3.372500379831149	1.6335453250068643	0.38025272375691205	6.427117282418736	-1.0831132223694044	-3.6759615377361072	-1.2428061725984045	-1.544540200939024	-3.226250669526279	0.23620086640015361	4.3183138019467755	-1.4263495574954315	1.2057444023471384	-1.6640664501138398	0.6124892503904996	0.7702340999530185	-2.4390235357086767	2.1879333518044657	-0.7605228379222405	-2.2613472667568346	2.3526058879853604	2.304657137816258	-1.2524346583640071	0.7694788179738825	-2.0172704858806023	0.8139364281747931	0.7452721505383911	0.19298867469067224	1.3923759867071765	1.285262193591808	-0.710317044423302	0.5499912458831003	0.011140163863561888	-0.3324169096726477	-1.2925707277919067	-0.7329507061314631	0.812042067440737	0.21428407407007347	0.4292293526826165	-0.21827055226752967	0.2295526084426255	0.6564996491016728	1.113077242566337	-1.3435696202849403	-0.23040669225991844	0.4728798580372164	0.4357983281606174	-0.3258697772436357	-0.49942299457107137	0.36593643975790274	0.46119797951593694	0.0241414208430767	0.7383662430078559	1.0558034332747324	-0.22935610521850755	0.4472164760538406	0.06126184864147499	-0.37180354597400056	-0.36425168975300587	-0.6894500991062285	-0.26267458918129244	-1.0310398075701952	1.0553028547257222	0.13054268455490958	0.6997399758967068	-0.19405497567687316	-0.57581784942396
DTXSID1026902	3.49460967033784	4.5424408275158195	-3.0331632845388516	-5.072641594090104	14.422511356802227	2.007111882608743	0.9682492884893857	-1.7135271054340315	0.10658595567830353	-0.8152293707086361	-4.524043821121955	3.578911269120229	-2.4633525787337374	-2.0292172487133913	1.6204721025319153	4.18448092419451	6.13679821969353	-0.9828057432295817	-0.3842022433336417	-1.4282657255508209	2.1336486117019247	0.5989305151158589	1.265891857142361	0.7895247082114928	2.2104637557016815	-1.1043908202914028	1.4186448698910006	-0.49870579702455653	3.0553551653543702	0.5921915993312612	-2.0048480310060026	-0.38226514003589174	-0.9143022300096234	-1.6298916817379918	-1.2868659658966566	1.5111527927826807	0.3954297030831287	-0.974823128980619	0.2419647022418393	0.6684553040110499	-0.27497667902446077	1.1094649831293097	-0.27662434478922937	2.509712145180345	-0.3200914969967263	-0.4874500741013773	1.8557384964099983	0.2908593691232956	0.08219803993262728	-0.6294063321067227	0.014096896269384995	0.4533221259299083	0.9305169952001192	3.293022218969116	0.2559736528383065	2.2559100971594592	0.15939727030223683	-1.135827749189176	-0.353726678203605	2.0425134935144054	1.4576714094277619	-1.5763338349925742	2.3143690838257758	1.7083439715859554	-1.5525312814977463	-0.17994550344797963	1.8945624891823372	-0.0017929175562110518	0.9075834077068614	-0.40626621170044847	-1.0977105284940079	1.2490790413424184	-0.7813857423637203	-1.4430655264771104	-0.23474208350512982	-0.6440151162514416	-0.06579243618026362	0.6788784847246405	-0.11939093556201234	0.724000758998654	-0.21977159836191643	0.20347457051073817	-0.3268795897208684	0.0933123362708259	0.14625616130450844	0.40356812001468023	0.2752114243679084	-0.6732903867608115	0.8089136041627787	-0.041400548602993414	-0.06888563188194387	-0.5589900140930554	0.2072634735134187	-0.14647017844007532	0.7483176878365805	0.053865674741081934	0.21542140694209108	0.3213814444120076	-0.09165498348278785	-0.04104153059330829
DTXSID1022007	-6.243872775282009	3.6303899207716164	-2.3464882866623706	-0.7969452944628456	3.677893480536359	0.5880746506772009	0.962522621896432	-0.8889043303318604	0.06290190935014113	-0.16905377697383417	-0.6916770895907559	1.516453348525596	-0.29564385407628846	-0.4530424755578408	-0.07795785637458158	0.1690941502631884	0.12832780985936967	-0.015161526896552953	0.3291974647304611	0.19878281787877783	-0.2469502852470695	-0.07842139157121851	-0.26072341846293373	-0.48556764336152003	0.25928273056674045	0.2693484859068441	-0.030684045751972273	0.19477305386037222	-0.6640543283911421	-0.0760976680004619	0.5348573870704614	-0.13227602343512065	-0.2122513073106462	0.7706118622990875	0.32512689626112684	0.2555594449130214	-0.09005580422553942	0.22229719632395598	-0.1867961850099139	0.08248572494223529	0.32833385034218066	0.21255162392820076	-0.4287280903371248	-0.14536550818933286	0.5630674795276465	-0.277387633976302	-0.43171755886584723	0.2936828406854112	-0.19354061963683838	-0.5012808948867403	0.1501024208433441	0.010614184896246388	-0.21167655500251792	-0.35797754602032444	-0.1766911831252608	-0.2219784983210205	-0.2016014549506025	-0.4382576144938246	-0.3979485586751494	-0.10672822070021847	-0.10591262334079223	-0.008474198708926543	-0.4812452095322689	-0.26325890874245517	0.6434474497004079	-0.32133250811488984	0.4854651569886039	0.3209660971598826	0.2115035588602832	0.09911336624192014	-0.15891970439204967	-0.2988172406032683	0.39029111096297375	0.5105310451568684	0.33856913065300737	0.34141563322720175	0.07592405734235606	0.054170042559076356	0.2563230209966844	-0.3166286220064535	0.01841922321600537	0.3341246294729637	0.15302571283717356	-0.42063666956967805	0.14324682700186242	-0.041287559738268274	0.13442171725496227	0.2593974824802038	-0.49732844987515523	-0.0863617380592198	-0.54482777271347	0.5336072263601022	-0.48766472565369823	-0.00807061404412895	-0.37390187589464996	-0.09176330847548884	-0.28636199617236446	-0.42574594495164453	0.004769052854394983	0.3995403700008756
DTXSID8047892	-4.055263461728204	0.4788161029111055	4.231547098891707	-2.719648342954116	1.7419076201122121	1.3988353053995441	0.012422713956020135	-1.5361512655289722	-0.6285210932964631	0.14644639909469803	-1.978839350220574	0.40536785909510265	2.248746242832358	-1.0360400434004107	-0.1952967071995704	-0.3365715605490414	-0.6784763539310198	0.5196466325000155	-1.0574402381994834	1.014773631437278	-0.39998867917272896	-0.5848280167102019	0.5380210665297229	-0.7157722680525582	-0.9149847775063128	0.3658058066775454	0.5583342627873187	-0.3178412421423696	0.10364501572058817	0.28874304302345033	0.2864123442997179	-0.01240506531757312	-0.7279642505592862	0.6984177863236558	0.754359922494091	-0.18797999022887332	-0.13698127692470183	-0.10263220897565638	0.4545553217705172	-0.15006901956511676	0.1719379836852844	0.12260743797566236	-0.09771727366280587	0.19350820611884292	0.639014387764898	-0.2918961922823875	0.2522660008009687	0.42277187956618445	0.18748077851641692	0.04954126896944599	-0.24644551497178108	0.20866206226954856	-0.13746184120389185	-0.5224704959851245	0.48121446961301856	0.19197087711218075	-0.2247566910992596	0.303537539789238	-0.8224441460069275	-0.6614702331582211	-0.5881307788277966	0.4723014134074863	-0.0268919725636388	0.7366962531836975	-0.15793130510058404	-0.2583861238103068	0.46811644499684363	-0.5972749383400375	0.22777178610281704	-0.6556362794155719	0.6155262933212982	-0.11944838204554185	0.6529061944755621	1.7646362436366516	-0.5973454620432788	0.25733088849493924	-0.19202228949343536	-0.12415184520829833	-0.322510477948431	-0.3043015479031765	-0.9626082126552976	-0.7282782539400636	0.49568580116945277	-0.08748842438430267	0.4864442163071371	0.365313576776822	0.055407667880859005	0.45864286349526917	0.4910720996587062	0.31569230795642994	0.1699661656264921	-0.37951910623070906	-0.10443777040355393	0.7733327463628981	-0.05884103100252875	0.21761120692497138	-0.6854522487547574	0.1937589876651827	0.6119088705930898	0.20085581326770516
DTXSID5045623	1.2454709309575804	-1.1342310893579668	-0.12938599107535906	0.9924406519920133	-2.220503475763981	-2.0277620636397664	2.389286456250474	-0.2023359469855385	-0.09101553482510659	-4.323546074177205	-1.5528700873322399	-2.3060054624946438	0.5359381773624495	3.366617617277138	-1.346463274684749	-1.0872650978664804	-1.272617262587399	-0.5869559472212911	3.263710732191285	2.0245785191252126	0.7864612596119976	0.6299258120529586	-0.6481950005016424	-0.6367007479543576	1.768955472545631	1.1269790275065006	1.3080772273155732	2.511979977539109	1.771460095067893	-1.3837942164522559	-0.45375370864012127	-0.18345857693942833	-2.439005811633091	2.395622693210526	1.6939415064833159	1.0279190797570905	6.585832560813517	-0.9281995819386323	-4.087531463338214	-0.1844764575635555	-0.4842882085724003	-3.1318119576791457	-2.0876539115612305	6.72744883095488	-2.0174898233681766	2.677529779346231	-3.092250982421653	2.807629343614871	2.91010488653258	-1.6681004423581849	2.4564748179082554	0.26247002520192597	-3.253802994157817	1.074129331203997	1.1667036026368323	-0.020248552783366014	1.0043888821318228	-0.6452063967116894	-0.4652002286161476	0.9441219252432407	-0.6452697319647708	1.3099618693780537	0.29642144357597966	-0.2340179880123667	1.8121410995923557	1.1651072177836785	-0.37819180021923376	-0.9329262994382346	-0.3064179868088259	1.428354266112339	0.5278045552711316	0.7396556066668777	-0.798879187134057	-0.41486347657549355	-0.017658855282733803	-0.6907757096729549	-1.298467792451682	0.41996361527239456	0.9361141600543459	0.013474845322380686	-0.4281457529817552	-0.24360038013834917	1.1002614017009567	-0.8707943093262146	-0.05174128888267077	0.581073425429287	0.15402480570417246	0.28443898418061925	-0.0184798059186767	-1.4632219048156532	-0.21594637519846327	-0.24134622482858634	0.9735378330856839	1.110116201508955	-0.1467687551451205	0.4780808488125276	1.6370784072181688	0.45753899192671044	-1.767122302357246	-0.34659469664351356
DTXSID6046216	2.2166704550992034	-2.567577788347581	-0.5322845927362854	-0.40606439327647265	0.23983490849325168	-3.080594710543168	0.5002485374014536	0.23825465830150358	0.5592699434444599	-3.6319436648968146	0.3619972107631009	-2.7697308410908885	-0.21367914742359126	4.359326345367948	-3.074996704889453	-3.4959106709817545	-0.3201573396835821	-0.11978317009110252	2.9555651873168554	0.6099190435314642	1.0298642301780836	0.33749182799521	2.239474521714227	-1.4601079975102351	-1.0190437271881596	-0.6088420470475938	1.4741128798178642	2.618512872807773	0.0545761960393528	2.704973395046042	-0.55277268148418	-4.271272906771541	4.409721811262256	-2.679497711742282	-2.935443242806138	4.667222221689588	1.5550582302505662	2.1177440845933613	-4.2715838816225675	-0.5267466477468441	-5.465094562249499	0.4014993232363069	3.350919447035175	0.5954423065199582	7.949479751853503	-0.7707262537296582	1.7639451187891106	4.986215826499846	-5.435823521235889	2.3122217453407496	-1.5779391186154281	2.5097992073627546	-4.522685941109273	1.9227401238164017	-0.19381622688260194	-0.24043741509738223	0.2950421645054581	1.563101408489069	-1.7876040165538727	0.7035625251560214	-1.2618396350653562	-0.2842296848472279	-1.1538455350337382	0.3803831835759932	0.26603745203793966	0.913230340514555	0.07807724115225247	0.11835737776909788	1.5290953036502444	-1.7146986103871822	-0.585212680630921	-1.7375352143795375	0.7914376496253703	-0.27078639071999244	-0.16272656634080426	0.9179943956754697	0.026737369147324882	0.03520466864896136	0.41228733116798105	-0.6777670889345125	0.3387686261536639	0.7359345278523298	0.375507152909602	-0.8874898978360837	-0.7337439828095024	-0.5570448894096799	0.011086303560831935	0.6819034832069883	-0.38176289861957896	1.146559030800601	-0.7387045514928957	0.40174910526672375	0.11278254816679852	0.5969382148448359	0.5843266643801668	0.38667258262345605	0.30422694593225474	0.12448949228800466	0.17459645672596974	0.628494815995615
DTXSID5032498	-1.8509625871092474	-3.5000173546008733	2.126614978182644	-0.6442961086953827	-0.678384756183753	-2.74434468047964	-1.5020064908198465	-1.4347706608785082	-2.518566593852191	3.0905930849378365	1.4810957555627358	-1.1338745504360532	-1.3990065633564366	0.9728356442540822	-0.5848925736218837	0.856883603380038	1.6968315138175858	0.5251709503482768	0.7383534760303575	-0.5502327813062021	0.6282040849735456	0.114666096602274	-0.014991797219048123	0.2965840302746129	-0.45433422063068235	0.9774808295361903	0.7502178240339321	0.38565132796832696	-0.14399181997528118	1.1610576122183154	0.25500757159908144	-0.23738240157366458	0.5743975011966842	0.359800497758861	0.24517744938010114	0.6553747862617675	-1.0973735639593774	-0.3957518910737812	0.9326054961998439	0.1284737325810239	0.5973994410331998	0.8452955411603866	0.019736770410734395	-0.3471405098105748	0.06414010406097816	0.24623041714799845	0.452609178020265	-0.060344952561995714	0.21437254504518383	-1.3567632917476338	-0.028323225603175576	0.8625196734997721	0.3007428015373027	0.5169650329613528	0.438826561530528	-0.2423322812063831	0.6856287696231932	0.09499857142893064	-0.020342494085786998	-0.19151692415124377	0.0884505736233686	0.44305738791333193	-1.0555969053553629	-0.10012350547689909	0.42876189871939724	0.39423399968304335	0.7213584351149772	-0.4372707898842819	0.03468588617296852	-0.5213626819420165	-0.7681431828967317	-0.25523899610550255	-0.11223311077429311	0.15704276389631638	-0.12431271105490795	0.6803053303403552	0.27084023197189344	-0.225700362577045	0.3041684643985913	-0.052306512559743105	0.2896847942440446	-0.043908758739642506	0.09026419492535481	0.21857927623306275	-0.29270431720701184	0.5324463317218652	0.16609039138328657	-0.3720130208630389	-0.7947280758291412	0.13109574056006942	0.27886206436587324	-0.0553284478695853	-0.275419109160619	0.29040333276103025	0.119339875874464	-0.3529647477583701	-0.1304202613491516	-0.1542506420261249	0.16554282758174785	0.16140641515849583
DTXSID4025086	-6.523480902419543	2.664590898812375	-2.198334374469888	-0.3115658406402911	1.1075729068836206	0.07575190727387537	1.4518409208897969	-0.3915004866665447	0.34879939858134623	-1.1759982969329785	0.4194208474526497	1.4717191075081875	0.638582619406826	0.10940113728080346	-0.9432872012878597	1.2517250367217252	-2.2419256078056797	-0.3100065786024042	-2.1101730146318105	2.4923505904651293	3.392650143450066	-0.9501584522974248	1.2525435175239934	3.1470487685633874	0.30267675690355506	1.2968154395142972	-0.08359065658889415	-1.499591662349281	-0.08864364033438593	-0.3175096652507768	0.44063696435121585	-0.1246306608968117	-0.19147451264334903	0.4088705203536528	0.8996294790006785	0.9338616452635543	-0.47537458202383925	0.7222466155750541	-1.470378470695863	-0.7413833420437459	0.8234410194301938	0.7052924134750707	0.24220338042964293	-1.1232915016824225	0.43781152595594314	0.2950988875143606	-0.12057246081357448	0.7647068329824634	-1.463020758255511	-0.13772805487118356	0.045624268454033834	-0.6888479838533469	0.05856015006141397	-1.289834023037064	0.2535199473373552	0.06536720143556356	-0.14332953241228094	-0.9134105229690886	-0.5348844479704307	-0.4879827272462909	-0.5686982090316276	-0.8838711196150771	0.45166810506327026	0.1304038340850065	1.4802756895497902	0.2513630258701982	0.003861444489033391	0.018072837062565513	-0.7679429843842145	0.661176857692434	-2.6574265990407056	1.1823149673533837	-1.0439800896262739	1.429567805342649	1.0829917700294025	-1.8636769930633434	-0.06782757353817748	-0.9585178665317035	-0.25373436379526143	-2.7377792082810473	0.4134003572509715	0.10678750926842107	-0.33057473767620354	2.7916788931719125	1.432980501276681	0.24723136019595549	0.11435954648865522	1.436458554594408	-1.3515882140402846	-0.08407961076274242	-0.9223577616704509	0.37588635357910977	-0.47442103315393824	-0.07933598295043018	0.1418952190545278	2.628316291443623	1.089428036065568	1.1518057868623166	-0.22775565748243468	-0.32933963568096675
DTXSID3032670	-2.857600079081075	-0.4574686370224686	-0.5149341398294202	1.7879632812069888	0.25122362725005754	-1.0185988504445016	-0.5308972012126009	-1.3282287727586206	-0.0979357471204909	-2.6768452739452293	-0.003898962463980494	-1.8219302622841453	0.3092326242909182	4.88284822920596	-0.22807206548002962	-1.990672633420879	-0.8522075963103601	-0.21808784040444343	3.739350014069412	0.10727164533801241	0.5216612369472796	0.3880296893504831	0.5989647626122659	-0.08038217938158472	-1.4416746717006326	0.7915059939642328	0.017548963579068988	-0.041083923740482045	0.15069913237771707	0.05816608586041726	0.9150332109375818	-0.7934565108775897	-0.35685536328751327	-0.04489238875298789	-0.5296770644818458	1.3168895353624974	-0.7500114905911274	0.9597680174945534	-0.18982135895907645	0.09142461928799406	0.6592285789254942	0.39136589670827004	-0.742468459192919	-0.02460659360921637	0.6055420089167571	0.31615889880071407	0.03756872997567729	-1.3026332984600224	0.11467018198931665	-0.6958573222230227	-0.5680990413666325	0.6787122409206016	-0.17306536028621394	0.029624378593888504	-0.4259339925939828	0.3659080938066063	0.5061417435836019	-0.45229290424654645	-0.42345107269543253	0.20935307348087642	0.0860476128653312	0.04183281212465468	-0.17111323374699655	0.5422078472181198	-0.11536098020836276	0.42558718639250803	-0.11874370903675942	-0.2444609921473339	0.5888618866966472	-0.5199214800593979	-0.699565869587549	-0.20420103611860932	0.01005201117107842	-0.3416125791103054	0.16529845027002554	0.2665962729039293	0.41298818754425654	-0.4131385486883086	0.5037991061902023	-0.09805656985033918	0.002613520286872288	0.24889815470831353	0.30706455022779705	-0.15040366419522624	-1.0068241979561525	0.09846588957596618	0.19634273243247458	-0.02780966497993815	-0.8957552324318272	0.17033808258218322	-0.16216869649354348	-0.12622248475360448	0.027709056234714705	0.37920603444085754	0.03038460544785748	0.08123194322566346	0.1625960748619989	0.14513101006309853	0.009037131659152335	0.28412961465431896
DTXSID2048169	3.6309060448334955	-0.3849591566987472	1.1808011361425046	-3.930092767875018	-4.209366572656684	-2.125019224519329	4.353068645871207	3.639137193095522	0.7590873797022956	-4.275243041603467	-2.457284668144746	-0.09380558052954668	2.469466069497415	-1.6488610883180117	2.129791789318137	-1.1442976479661875	-0.5319067138141603	6.22776906742216	2.68501589577769	1.4740404139391952	-6.434883074432464	-5.859785395739349	5.455752145845996	2.850649726434264	6.626777343864343	-0.84419231241206	-0.7194440454146843	-0.21909313339896333	-0.026385427745248113	0.3087361325526224	-2.212621950277905	1.8467242647127151	-0.1212111085259406	4.024987068887331	1.1921615624850992	-3.0311891394903325	-4.707644650334764	7.6255488325394865	-0.8540464504312835	-2.752076032954643	-4.547827640649859	5.800723737836063	5.010556240600202	8.601337950263385	-1.3331280264561045	-4.700660257651631	-1.7726520008411906	-1.9975117933270319	2.0017846271645214	0.32011239254766694	-1.7451896349244622	2.303932317178885	-1.2028331164448454	-0.32726827394140307	-1.5639938874028338	-0.6646587159009616	-1.612352046288314	-1.2951250863472328	3.000537377989449	1.252667056160508	-0.04758874435124157	-0.3401237191295293	0.34249216747965505	-2.1978838916132664	0.2168055584769023	1.7340753522944974	-0.40932287489759783	1.1424008270155728	-0.16004264169153476	0.44971309805036347	-0.6685136042752275	-0.6144716538790156	-2.30528479477585	-1.2401225501131805	0.30743783794302126	0.03315329007231705	-0.21250443568261052	-0.5224615196454381	1.49781806602879	0.17403550880263377	0.3148536643218253	1.8095382173141021	-0.25988189138212714	-0.6671892828712732	-0.7821839369724705	1.0128234542720689	0.5230850968253783	-0.3491830993558878	0.5474915225317809	-1.0212369031881992	-0.5895562674846295	0.11657138001915217	1.0913617988079927	-1.1677910019779365	-0.15141630155716554	-0.6715234175866737	1.051580562640473	-0.19623677746819884	-1.4514036711087999	-0.730349130302608
DTXSID7020764	-3.2141263906015443	-0.7532362399855794	-2.0676236569469726	0.3620246609610728	-1.9405077280360228	1.5594366858040065	-0.07655879440342589	-0.9079877879489525	-0.5203226344092432	-0.18092431539122916	1.184472230684408	-0.21953988006807562	0.6664285097925329	0.5794281347366143	0.1237370914715982	-0.5754760898856598	0.42435264660407024	1.2591130676411102	1.2669750048900874	-0.39040037190014293	0.6507328781145675	0.3315430222875097	0.009679118544983085	0.7452633425573671	-0.8155471285620488	0.7205578715517703	0.19928143252054767	1.095140870392615	0.43654896489937944	1.2788935746033636	-0.04248853827889733	-0.5610292530088159	0.32999985730979864	0.24472353750120185	0.2664629970760951	-0.21150315652050758	0.5104676741274707	-0.05509437237257712	0.422450354285532	-0.17572313091218827	0.30982226377036504	-0.5165948984452136	-0.6447345895637803	0.31304347340454325	0.44664067974440036	-0.20525248781461686	0.6684517522616121	-0.38498360675979915	0.2913937629033384	0.1373422065049101	-0.6550748790205961	-0.12184966671112905	0.5111776847201003	-0.20225171003647252	-1.0725931686743593	0.2082899219158723	-0.9046110520742936	-0.2367657017973674	0.13061981421438645	-0.35300326351020794	-0.5746165962225328	0.2394579989705073	-0.5607230192507313	0.3566447085239746	-0.12906638417303146	-0.2480347345100292	0.40280165410114993	-0.48009411464370105	0.7101204912324623	0.10081337353518861	-0.12222337083613365	0.27050813750085106	0.05162981265362835	0.20066257290254216	0.293233184318316	-0.06144770774169205	0.39133262808524893	0.08497025325512583	0.19314119208151703	-0.02097347180539933	0.3019024271606514	0.3711213443638479	-0.21356716863262842	0.2376818286566266	-0.6617703553267037	0.31555152424497535	-0.6849843499454727	-0.28994238797512456	0.20409691544423095	0.23034567993815722	-0.36698572712904076	-0.04404373896869335	-0.4423610196323124	-0.45381250956984776	0.24750625628643858	0.06437605405676441	0.10256850305605325	-0.2158574876640662	-0.11898595334427152	0.0143860510679969
DTXSID6045955	3.213819900360859	-2.509033113021035	-1.3838177496354436	0.29338821309218305	-0.25515502138932994	-2.2611365169006783	3.8876207892871006	5.069969370491177	-0.5604068303285014	-1.9060298036634327	-1.2084178596238024	3.1839064806672805	0.5253204364841457	-0.5236314000514023	6.7715980584943685	-0.8073427158609514	-0.19083210577398532	6.158457480128249	4.123797381027055	-0.4582547845258441	-3.6056911594903345	-6.105599360804463	6.908836937171048	3.1224732788861758	5.724385439240151	-0.9978177532557384	-1.8191690048527862	2.543011890462308	-0.35454955442481445	1.2217667266618986	-1.3840002190727188	1.3708432569277553	1.737198502192517	0.44365188766116276	0.38152765686140244	-0.6376241563839471	-0.6254557364894527	0.059531230567553134	2.095549299552749	-0.5308789066371177	0.6109755033902307	-1.2907174307509204	-0.556864710805971	-0.8415783095436522	0.4770003230054648	-1.4884567806246005	-0.08867405796120247	-0.3589248320684239	1.1014936055063003	1.8530286435282248	0.2565846081928953	1.3669104893744197	-1.824541445655182	0.28366720743384516	0.3584893152364414	0.25696388698717304	-0.670977982805177	-2.5956148209383594	-0.1582456249763264	1.4651511401610935	1.4435084466505976	1.8988653323693456	-0.6416838442496319	4.106947521960204	2.320568518575365	3.4818718101943804	-0.6158592624494077	4.541252962318038	2.4149691465313543	1.2876153226663019	3.056949734196472	1.2150720768275387	-1.5661407333496091	0.5069995575082745	2.590820927347817	2.5441826223516273	0.08334592357740092	-0.7337785793696247	-2.7410523935204187	1.5204877397532712	0.14307860172180625	-1.7011902750203256	-3.8320204114487293	1.8535838850289177	2.525737954019679	-2.8023375679554032	2.557980908881198	1.8506400736667494	1.9455916051388227	-1.8237823454458535	-0.09937513191703823	1.223983031215311	0.8130420118703201	-0.49551544018424903	-0.6604981707313591	-0.7878261455960884	-0.2472585058023414	-0.30496515002034913	0.9002834950499016	1.938020784150457
DTXSID3024657	-8.166311324518128	3.0927221273987264	-3.444054441421225	1.3450846531575686	0.09348306160867208	-1.1463624288620904	0.1537085351364238	0.03991176043758941	-0.9396063356044648	0.29333433592898767	-0.8144056732239683	0.8791680012896447	1.330472055065853	0.32904221552876817	0.029341338481991264	-0.564342327672695	0.2670478047533126	-0.5286777466852557	0.5788418097052938	-0.8759479246675926	-0.6959758857703267	0.9928887192366791	-0.21778856438817368	0.893637458627539	-0.2511686146008389	0.7087189617649692	-0.49404315877884625	-0.4989101286048534	-0.8343635483751204	0.34044403189736727	0.8262356508245662	-0.3015152387938772	0.17293380571288983	0.3113994119729752	0.23927921674997507	0.06724473671925987	0.12992663608042357	0.773790974290125	-0.15505950879980268	-0.4959372974026672	0.31080856692943587	-0.3015984933640663	-0.29505183527085943	-0.22346003941783957	0.4883403911933103	0.2688730005100807	-0.6900643814715641	0.14619078729943744	0.4416574111942392	-0.4563780496146043	-0.27595343231338243	-0.9991046956881764	0.05906446155067147	-0.2592859208867272	-0.3288012525355958	-0.3435979711815398	-0.4397739551874474	-0.36805603849411017	0.40496343748514885	0.36874564695160167	-0.11738455603487644	-0.42249318681324627	0.038132492230618424	-0.16887690218832271	1.1752378199202853	0.004222303272388369	-0.37922088969674744	0.01159802989225544	1.364472323199443	0.303025801907612	-0.6234081119253704	-1.0561521793641275	0.6274796931250776	0.047378790871971714	-0.6378680218207096	0.2636868803333863	-0.4972742279436974	-0.3958237065227938	-0.2853139305436797	-0.14365017191587046	-0.2222340733397302	-0.868446356892338	0.4877076758276571	-0.2127023285665288	-0.26300899528492855	-0.6534443861165039	-0.6735175127346421	0.3643983419349931	-0.25012641437109934	0.06694144206060502	0.7898179430894873	1.0489990433986112	-0.22530599359170303	0.2113574626656107	-0.19777950266127262	0.3156546682792029	-0.5730024963664029	-0.10755964594762263	-0.05508303435255012	0.2672062544523088
DTXSID4048808	-2.3780846730772227	-0.9495311443969142	-1.9581726006327465	1.4496950561773458	1.7634837000851054	-0.04731330815534283	-0.7473925006270014	1.4995920489264547	0.8729762154432633	-2.1790551270392107	-0.2919179970668556	0.7035434802316501	0.377745496376636	-1.346289840913056	0.36064465707477733	1.3124507292908738	-0.4266858989497799	-0.5126097583619864	-0.2285966759720547	0.32826854247629567	0.293340895063104	0.6182157848253894	1.2327912644094463	0.3270234343136247	-0.7542039500194581	-1.1615179578879362	2.3824130223001942	-2.880490431969813	2.9811224232595923	2.1048078059539206	-1.6133072573106622	1.2181386083714005	-0.12781827811425225	-0.4691029102309627	-2.3481894246563577	0.5467880665104372	2.690043538461462	0.9400886632000822	2.4321185282235502	0.20940808097185656	-1.053919528788289	0.5410478664216669	0.19535567036689877	0.1660090199692072	-0.09289101692081794	-0.35224671704432853	-0.41300821079959016	0.36065415477194385	1.8617746443736904	-0.5880659570404053	-1.419102728409821	0.36768795363599444	0.1671150189736061	2.0964261353137967	-1.6023717203983403	1.0336023367287097	0.9160224369042783	-1.5331726328875204	-1.6479512226975555	0.34364168493373914	2.895681927984427	-1.4391510698990435	1.8483154232424606	1.9873691846511914	-1.8353479782988424	-0.3365555145285577	2.999630531824734	-0.06632795476546942	3.9499610735905786	2.6457155913617125	-1.6594113906112677	0.8324669495892574	0.19357501972786223	0.606833018034877	-0.6030411709924849	0.08966889435705133	-2.0126297096501387	-0.842184267609995	-0.41665550744789254	0.9116385292807098	1.0870761963725892	-0.5465680111992726	-2.111134780538518	-0.3360380116137804	-0.26000735077114095	0.6155730229538033	0.0667054958710424	1.1898216536758703	2.1459646905232455	-0.5695410407984126	1.3071268875506543	-0.4032274817805863	-0.20200074481495858	0.7643962394920841	1.5515015173041704	0.19190372554573537	-1.1332738016854085	1.2454077509399237	-1.9898426392374107	-0.05124209211729791
DTXSID1044196	2.7955183516795317	0.8445088839960962	1.9474482798861408	-4.4522773053318545	-1.7768100875334307	0.9143608164652401	3.0189089035403995	3.185049598986001	-2.154517137437538	0.38231581083022115	-2.2704587373400043	-2.225860457122417	-0.04668596480637018	-0.08938264739614891	-0.6739002740229965	0.790487519209708	-1.7421766137288908	-0.8185580298747748	0.9749100050341245	0.08929430004914549	-1.819272577301083	1.7158589619683668	-0.5970540221459588	0.004431430647275184	1.6854288462542455	2.36594198850783	1.603311761935168	0.3145848689287388	-1.0631732732680437	-2.124437542972479	-1.0656612776301182	1.3791883980717388	0.9363495456010672	-1.345044425514435	-1.4661262238271129	-0.22677609964728182	-0.6425968262900722	0.6382462085315311	-1.5002056074953627	0.8714094233110468	0.801427446536984	-0.1151178322766748	-2.486658055908397	3.1280459527077222	0.140726333721943	2.8704548136044834	-1.2647127052311566	1.2833499311659702	1.5761448408082988	1.0417444883037812	-0.3492254728769574	0.48233466709608247	-1.7760736910499433	-1.312240786715223	-1.280575868910188	1.236331552175928	-0.5227248718850608	1.0031867854582381	-1.3707060173746934	1.8328133257402852	0.9914765783185648	1.833394228736343	-0.1361808329712383	2.7839568420320338	1.4243389257642418	-1.242157101586788	0.9526754981785613	-0.5411746925307158	-1.220039718077845	-0.43557945490648625	1.6375589112242608	0.11497425357308864	-1.4985868008580279	-0.5940127902715029	0.4702575784680697	-0.3647270872611581	-1.7877589770189426	-0.8131582768547253	1.4506355690069401	0.9954287418406614	1.2455280783759273	0.38212663767445804	0.6678644889010341	-0.454809796483261	-0.49886859776252723	0.9521896171808223	-0.2755161945851823	0.7951188677271676	-0.3118808212595361	0.1465757764390043	-0.4618115736619398	0.1307838827914238	-0.6613461230957205	0.13253535347544637	-0.7782093208636517	-0.88911152401152	0.8397105950706135	0.23566717718151017	-0.8652440733145921	0.1429133831154993
DTXSID7052602	-5.438696245893568	-0.8043226588346182	-2.102855845432668	0.7977037033052858	-2.5706690324010766	-0.8422352643447183	-0.4979859549682967	-1.2580481638643162	3.3203886805734597	3.046998009397351	-3.687652897254664	-2.9054673994627698	-0.2070972605695621	0.46987393827022284	1.1029649918075353	0.31866110081245264	1.2035600804890365	1.0317082908833952	-0.1927724676252944	1.0604359453142338	0.17581495253236332	0.5532778702112802	-0.11920780850208659	0.285518127357769	-0.8340311331450649	0.7495492528557443	0.055996943675942955	-0.08354868013993648	0.08782567782809848	-0.0009523884629028063	0.49219081701170536	0.08004956238244758	0.034992575812180064	0.05046285248164234	-0.08542272266627902	0.12457532145582902	-0.2774355873017017	-0.058079005116233366	0.318427430111573	-0.1585891278299064	0.41384477718412577	0.13992243041801428	-0.2550602628812605	-0.09280456988871635	0.21606525208440117	0.08054321002398536	0.19492714192682414	-0.054649636367432926	0.1523741404630317	-0.15931951406329248	-0.3665251479241376	0.23813510847209785	0.14089136702354454	0.8124281430635786	0.3544504955360425	-0.2186023582071471	0.4042832373348959	0.06388501262930683	-0.304688992200458	0.08239875671001781	0.3402182875231534	-0.30803368635358325	-0.11859213066828879	-0.6261229640991305	0.41542877840868087	-0.1268877546860746	-0.003012505707049915	-0.1804241511865262	0.11905722517914556	-0.07697687667737192	-0.12192904249590449	-0.3262005652998799	-0.04436535420630126	0.30204043791561547	0.014005951862995004	0.5862343877591101	0.17573385758797536	0.34250994849832084	-0.10840094342289511	0.2874685537264816	0.10025555044901675	-0.31642842677217703	-0.29358438596325664	-0.06774935422813513	-0.1306265331958078	-0.010370482426102797	0.21104474673076565	0.2677687317618159	-0.41416898690557546	0.11629312777109263	0.040062680671435515	-0.2272157538383654	0.012256839271533707	0.01817868592752107	0.06623029465103637	-0.36478314473593226	0.5422368546400862	-0.5309920159144764	0.039961063997271215	-0.8598718044067286
DTXSID4048771	6.555838689418222	2.265437453319074	2.5384812440177407	-4.480156819851818	-2.5126070753163523	5.599990101341531	8.470047755935683	3.5878919341647744	-4.9424579699329705	5.228110195478435	-2.746220691037921	-2.3194538658486534	0.3311437301443352	-1.2286478226268185	-0.7751856144046637	5.474393220537055	-5.602542949069266	-5.913442909365262	2.3268018696529262	2.1904155527315887	-5.536342340249932	1.821537348234114	3.7841573954734833	1.0604301447484075	-2.8560515352951175	1.3752817423592234	-1.242209077821228	2.717766008319403	-3.334199929185348	-2.2703531715805103	-0.04495909963323965	2.4507161986391326	-1.6693372948569856	-1.5181071127863968	-4.357273265402655	1.104985969465465	1.805080040167461	0.45159262319689913	-0.5118424369399642	-0.6539648519087942	0.7059981898559619	3.722848684379069	-0.06164666600994217	1.2331263478399106	1.0075740020801909	2.41985578653301	0.6232621482735958	0.8183718612030433	0.6899690178606596	0.32136901960259556	-3.7928473683003463	0.9461292487497737	0.7987175933458882	-0.5529960256112939	0.14595724254604853	-0.5879130809361722	-3.558130765712476	-1.8468313510479837	-0.9983386030351395	3.621684692142635	2.659829345804448	1.9458042020324682	4.274485342236947	5.482004851085034	5.638959249868741	-3.975717677072046	0.017797390612527112	-3.0206103497316006	-4.980991125652671	-3.8446594392193023	2.5054543519144	0.3490148454155293	-0.3753654259675121	1.6180846490715166	-0.1384594279731722	0.32011491673222997	-2.3018207549820193	-0.42880232186874623	3.7676352453119804	2.564529730027543	-0.9452239328939817	2.694937594384138	2.5293570516547517	0.8769567600478119	-2.0613040508448366	0.8927057412396568	-0.9933716740226772	-0.8810435596902432	-1.437005649030473	2.935742592308871	-0.2395748568697959	1.6359729905339928	-1.3968582681176858	0.7237126002824233	-0.1419832885746227	-3.157198966190373	0.03363098573562627	0.49631194600522444	-2.8636557830673937	-2.6565986369106853
DTXSID3051707	7.9324399654129385	3.5194133848717026	-7.375141363815925	7.393816921606916	4.843267174873968	2.5391590124032586	-4.207212745035484	-3.322916223491437	0.20357660675391137	-0.3273409627262564	0.26084656543356555	0.2602338858429585	8.83470389297639	0.5027348248373318	-2.388712221574739	3.7910322298985952	0.9496783253112042	6.220325264959309	-8.646240886425751	-0.4660207055916631	-2.397614112400507	-1.313185905341337	-4.6172337567125314	-0.7725533193329388	4.356847265483599	-2.2490677433240744	5.575622300617663	3.9049977128123206	1.5139284203493406	-1.0433618881246438	3.0588600795945706	-0.5721806722227325	-0.5763009334895867	4.192894136902265	-0.1449018646579136	-0.8336528731502149	0.7554755994199888	-0.5292407738405349	-4.225389842578857	8.452420461991318	2.1665531538231098	3.3012032331520635	-1.7391121511560452	0.32495457360003005	-0.732525597616912	-0.7080869825814029	1.0613247954580791	-2.36486109357691	-9.164474600507258	-4.596798213432766	-3.610383544104729	5.281585376468593	1.973677126853773	-1.0046399807556294	-2.7028336523277785	-2.401717637008644	5.063822463493759	-0.11716124803542856	-3.2394067092661145	1.4985334429843105	0.4438901466006908	7.242930806387532	6.414231627173191	-1.2004912759455577	0.564186939995849	-0.6669113165257737	-0.7470345410007929	1.5221177963519619	2.2153199242996795	-2.5395597368100473	-1.2424738579891441	-0.424617992331574	1.5046598571308358	-1.358600315113445	5.27048988020912	1.3771728261210356	-0.602988843909904	0.4788419604970889	4.090968644134423	-0.535954654974781	0.6654635959077906	2.429571223034366	-0.9839208782332415	-2.1123994162364044	2.44089807648232	-0.243538313161525	-0.2186614270840683	-1.0970141261342212	3.5558728583413877	-1.4979330218726288	0.1112871512974271	0.33186400482957046	-0.061542330598797955	-2.2009032697812176	-0.30723749686306995	1.5815568305850074	2.276685764274633	-0.6870519066715245	1.5009052930464366	0.3660224433911422
DTXSID1022425	-2.398611302842935	-1.4931857821695262	4.02718595469515	4.053780429806688	0.33569313346131396	-1.234777757091896	0.4421230296177768	-1.5784366772166778	-1.4021579713217711	0.09491444861455293	0.955871576495127	-0.8083722207798784	-0.475221527751868	-0.8374562602607627	-1.0425213437284875	0.9921138169211364	0.7575914396449249	0.3423962686568714	-1.4293811951552535	-0.11700965598611246	-0.1591740508822234	-0.8499222205918987	-0.1466387993785889	-0.20953187315609068	0.39295583299764775	-0.08279139312277237	0.5476465045659175	1.0624477516747073	0.4133561238887249	-0.13003848142736912	-0.027885980681604743	0.41263014074557397	0.047279861796796864	0.9048978729494997	0.21316440149128826	-0.32569146333786436	-0.43407411538577206	-0.4415661057754697	0.02711676252365164	0.9781462312290852	0.07346038560889662	1.020343275057013	-0.002955002228265922	-0.46824950477675575	0.2597402194109828	0.011277769121231122	0.40595504256274145	-0.10402017147995189	-1.1870747078209123	0.007398183670463851	0.2608065675457131	0.8123890788438218	0.7563937289144574	-0.2847161479839631	-0.15714239104279418	0.8240869065880031	-0.12751614866488722	1.340282858130408	-0.32352353939983797	0.0003687445508813218	0.2642171997080296	0.843170131612012	-0.08498050596027021	0.06893551586984627	0.429842269343306	-0.16199585870786282	0.7999157626085452	-0.1808998684010627	-0.009750707872572945	0.05862067058112026	-0.147740526830985	0.887980237445866	0.5546620881974105	0.013589034857298529	-0.6284517889224874	0.02901477148709096	-0.4803524544116939	-0.44053976461458666	-0.20655241941341915	-0.0021938640930905203	-0.006818387171264523	0.1895518771251472	-0.2665295276659555	-0.36956569838968	-0.970537263918691	0.09025157727416712	0.39821486521374894	-0.4551047786768859	-0.08411013264186416	0.059613337284943405	-0.26002691898372116	0.4625076911143616	0.8870560045609518	0.0757181161954147	-0.46424778015958784	0.7045108950289947	0.21896301811039837	-0.4417872348578162	-0.17454930614863737	-0.07438128911319061
DTXSID4046816	21.73928427639572	0.6020884181462443	-7.0386529378063525	-5.614246803785374	19.82831419855278	2.2979279862186472	-0.5834713116593687	-5.941520620607675	6.1998364083745345	-0.964665683262421	-2.583536057260108	2.7432468208572316	-3.4127699965114986	-2.449194053584328	-0.7731353254731688	7.024270393567283	3.4070838930659573	2.0105845082621063	1.579987327910504	-4.516950793436121	2.2787829588131867	-0.8078474551743501	-0.25182046026030486	0.6581188804289602	4.151102127864936	-3.0892099207591723	1.3847420395183991	-2.7035271547983	0.9363797159509104	-0.18992596990669672	-3.8668294388802398	-0.998570244625957	2.4028874110210308	-0.7267331879010052	-2.2860011384110006	-2.807456731805892	2.073563289707681	-0.29710342869720524	1.0814983951185402	1.5600719550226154	-1.0703642148046502	-2.1092506009071395	-0.434056950285672	0.7609612660306695	-0.9745339721452874	-1.0579451102267157	0.7457131646137163	0.406790671070633	0.10015679071852213	-1.5732418062999685	1.093363380096762	-1.0725942001750184	1.1585338365519378	5.295722142588768	-1.6295879669420092	1.9472735676302302	-0.6984466105402162	-0.4916367055486432	0.08860195665814204	1.4845805215052723	1.1806013695491846	-1.7884366638485705	2.3418557638567425	1.1766857633995258	-1.2416061664641878	-0.28215454426211944	0.13038227169187708	0.6981722426335527	-0.09833111629943284	0.006584572708923973	-0.6215271713335935	0.9466755407370274	0.14527426415615743	-2.120266051941756	-3.1501688276204947	-0.20309774989685708	-0.5803443606867528	1.8090291659365312	2.079622987324377	0.4831646918713746	0.9545665169555356	0.5587848560204187	-1.8312260640481648	0.830007641029419	-0.6630805158798643	1.2986732287700036	0.9149472326856197	0.7017357507111911	-0.5906455225235517	0.7178988651813413	0.11129813281851134	-1.2806590576231933	-0.07816065908658221	1.2462286841387469	2.498132363317169	-0.830742921294533	1.0249454507565008	1.0352358936045796	-0.0041362066030592465	-1.3352308417982528
DTXSID8024947	-1.0310192289977125	3.25346982869912	-3.1594327723248155	-4.743985960170927	-0.22996597497984717	-2.122408861464256	-2.8134021251967343	-0.8676361790148382	-2.7452778217640135	2.354669838233794	-1.4940705102267537	-0.12285609473551695	-0.49905603008225824	1.1715998696077403	1.3243112331859936	-1.3051788117840133	0.0061473813656244295	-0.4248776705590516	-0.4863568979403762	0.8719074196645964	-0.19541415930535144	-1.2447956137847878	-1.5050907217200336	1.63836831240294	-1.4721676349281634	-0.674820649528509	-0.6931024579044643	-1.5028040660444824	-1.7119437107902882	0.8009763050946428	0.919588141255817	-0.11452343787931159	-1.3816840421900243	-0.9810265191023511	0.2260386750540584	0.8603815368404829	0.8953046983731752	-0.30672557210693213	1.6188868328609913	1.2537725815085816	-1.4888356571188404	-0.9774551981817768	0.1485810553199687	0.428078197484353	-0.4269487307524754	-1.4362616330683866	-0.7262570355444301	-0.26447704112254916	0.17831628727122537	-1.0816179644298118	1.018862558353772	0.006190305476062259	1.147516873067846	0.8574107329601407	0.4085048375869981	1.9596160894437709	0.21827221659227647	-0.18293455042106357	1.0688120326691055	-1.3385571800442135	-1.618730392972209	-0.8696322205340948	0.17474449972689934	1.9408568647165503	3.566578761756117	-0.5351965474358032	-1.243986944835973	0.3199860218429759	0.9398555114814031	0.4854223517314854	-0.1072013842696053	-1.994008009789383	0.6054543824019025	-1.7551481464010228	-1.9524490709236688	-1.503087842057249	-2.1878617929895685	0.1413787110227545	1.3430318939628247	-0.47350611521893643	0.024367178937139394	-0.9554321559812323	0.18543623866469355	-1.3044929860009191	0.4022644933204408	-1.243972209159748	-0.18387075093272462	0.4174692742057099	-0.005954382584508921	0.32829409622590205	0.9756401065502381	-0.2811312973903262	-1.699631908495313	0.3032482718359307	-0.0928608769997576	0.15062718583040796	-1.1403839765139578	-0.3540751064442443	0.49832437037239435	-0.7717034257835615
DTXSID1023603	5.05589856834683	-2.4989514496276737	-7.767987143564584	2.2962388819765627	10.151103931500213	2.591229215544392	1.6682625287478194	-0.42532833436553696	2.6163790419391284	0.7656689433443189	2.0805875410247583	3.854653511694549	4.721482604246837	1.7769782925503015	2.926649322719479	1.1791400209457124	6.708111450368211	-6.294125438628669	-2.8173868610484427	-3.628563838982508	-0.2819795275762995	0.709827050657154	3.804561001429886	3.5248152406245103	1.7776845123573723	-3.0908627848009327	8.956416368972258	-7.370334929458186	6.154114604118154	-1.5573606936410325	-4.013088087650006	4.147337058195066	-3.45475088286384	1.4246368708700807	-3.5811675314628215	-3.8081440646188063	3.7697698468218257	-0.4103521946218362	1.958034953285338	-1.0049967294936202	1.5985086032305729	2.723751054233481	1.2785341231316756	-0.06116848666490461	4.383615138483124	2.1379173783952665	-1.0790994377640053	2.2112089546231215	-0.9433870884158069	-0.0342139923525498	0.2910738131943475	-2.1123483300422	0.5426482386433574	8.082604375493963	-2.2648526024868145	3.160731855089567	0.7403912371929016	-1.4340055658989104	-2.4003039925885363	1.9974074788476721	2.9125443666230986	-5.6719764267622725	2.183304544323628	0.4397111480774904	-2.644652963738432	2.8690731029552055	2.6586233914672643	0.48108472231979177	1.3660557125220025	2.8816216458002946	-2.653869451171619	3.514522325764899	-1.7495035077510495	-2.7997585863155843	-3.3535740150607922	0.6220191327244673	-1.1720773385374312	-1.0560918682177258	2.0288012949628924	0.6562134366824787	1.1073132749662775	1.7900882790195711	0.15986379595994274	-0.1257630776056373	-0.6184053653728331	1.5012830731799127	-0.9281302542570097	0.7565332777755379	-0.036549984088358405	-0.06958652979984487	1.4561879554166488	0.8655487592536845	-0.08546768696201121	-1.2029331798357255	0.8369876769215239	-0.11465068307455814	0.8147641624883416	0.04709969549787882	-0.812217375141176	-0.14844864224963805
DTXSID7023435	1.510971800974942	1.3115549959228068	-6.540804829396884	2.7248566399253153	-4.377229293601316	7.362410306891064	3.2212884883983666	-3.144798349895827	-4.33852767493359	-3.524799616365884	-0.30821774036555455	-2.314165245184033	-0.8748628144811752	-1.8881271902750523	-0.8483584707818401	1.9832381041906109	-0.6371982582122385	0.5566587897062162	-0.7057601094174513	0.45182729570104974	-0.6451699779116372	-2.2807720907170204	-0.7593970938681952	-1.2993709727684375	-2.1062058428166734	-3.946914278971288	0.2795084502308382	-0.9096777194795747	0.7688392088954956	-0.12949164259188709	0.4672330040836311	-2.0642055710916454	-0.9179737787161526	-1.0594546040120125	1.186602418616834	0.6467697189863587	-0.93831551539005	-0.4389447591222935	-0.15681496799363157	-0.74627907898824	0.10896275319837362	0.05711082863130763	1.09485739383886	-0.5408480153746813	-1.0619073270002268	-1.6301077979026442	-2.2535234565789866	1.9633436972097231	0.3008830145811713	-0.5187673920424842	1.011628628856082	0.14478700182005022	-2.0778359776860595	-0.6642354866634341	-2.3013681781789614	-0.44211192845045505	-0.6208467072547954	-0.3080513545542437	0.2713683862106588	-0.5189021827802189	1.1897834389363804	-1.0579956561209363	-0.19855181598675145	0.3670784175048029	-1.5788728722884395	0.6144656570235573	-0.46853420131039425	0.6565540514189709	1.1979065115477343	-1.2672946734610366	0.7449638127969261	1.5552460780817452	-0.7389586047328112	0.8075253893874131	-0.33759315318551014	0.09563834974612156	-0.6798950154422022	-1.201546679828413	-1.1803573368034013	0.5947826424340096	2.417537366009906	-1.8490082260868101	-0.4415830884456318	-0.3481141913422231	0.28120510025642237	0.20639980788319703	0.16674137425142826	0.5479602392096227	0.44058223395908014	-1.5665473572367068	0.2995387622133016	-1.0735452215807424	-0.2772203777373788	0.03158536917345449	-1.1912608456979987	-0.23445186458404926	0.8629334649395983	-0.13881963248030543	0.36238451784870274	0.02939537783635118
DTXSID5020948	-2.240337291658535	-2.5419524868079515	-1.8389001953264101	3.193040182226645	-3.346116550973396	-3.187399966802998	2.764597508841012	2.1097513593280137	2.9747008311422625	-2.700280097815436	-2.3875129601706333	-1.7437459887759188	-1.0064566221042346	-2.88700913288132	-0.6071478383040632	-1.7692673173987308	0.6975572950705393	2.513565448710503	0.6600453700729052	-0.266150086138749	0.8341364455077507	4.1206633401431585	1.8555322897768178	-2.508911909379595	2.942751015440857	-0.06414982352281136	1.8392677746417834	-1.8130387727873867	-1.9299451734186672	-2.3811006975631597	1.8919659963822315	2.2894831807657647	-2.062684635478817	-0.6188576878356504	-0.603311058559811	1.4031054852834888	1.5686560238411775	-0.6477800452865204	0.40090340798088014	-1.2393720880492036	-0.8503476410485202	1.677159032802022	0.8119957212941873	-0.5380750878597237	-0.5435810814009835	0.008068453070337267	1.2166876165994513	2.0977404062558747	-0.6365433893660993	-0.8458957706764504	-0.3755823141857243	-0.005908891782037708	2.105743552592205	-0.886609420932619	-0.6710869684506691	-1.227266211430987	-0.3435408721882246	-0.8130088152745417	1.2403560606674968	0.9009984950579641	-1.1496546352111932	-2.322192353615784	-1.8440698074711128	-0.5357180199298706	0.0041154564940050035	0.23228653305703922	-1.7537546726610487	0.7737836075975425	-1.858835788889854	-2.0293633837346636	-0.7909714911902237	2.2512164383918742	3.4916698378101203	-2.486076155238327	3.248430276080294	2.7187383241359293	-2.2951282410545852	-2.004331235472393	-0.7657168208300353	0.05738712609475947	-0.8397857256574658	-0.9620338310851826	-0.8892746277431187	-0.928191108564163	0.36484737683009866	3.172022647617839	0.9513302738005202	2.3511996658961034	0.8326255794233166	1.363358550733891	0.4274480452420093	-0.08316573311909829	-0.23585825833048565	0.9152197921536611	-0.004465290551645575	0.3879812465557912	0.20224065343025469	-0.6814280127902528	0.5633308072019199	-2.4449274620012136
DTXSID4047335	20.270999387831875	-3.253592372743566	-5.914416806815109	2.3424366757615815	3.053290009768583	0.30042711769810604	1.5796728725822495	1.6546699173276007	0.279937728126395	-6.547373549148157	-3.2207166723454064	-2.1799694358279207	-2.1213738343744173	8.284797284429239	1.0869480700167276	-0.4017413121799214	-0.520138731921283	-5.629281082499299	4.168355803043534	1.0594210605816805	0.3084674394793602	0.14205366143287698	1.4889709439427903	-1.6411097115394397	1.3618079451185965	2.7079525229735473	6.671304285145436	-0.8871063287696708	2.1719630360479805	-0.9489478100458344	-1.0821914150744627	0.41878771467036674	-2.6364438163023047	0.17046428670709532	-2.2785550787874707	0.6378682779857815	2.286030887421723	2.870493525992964	-1.221195861095265	2.8019487195329686	-0.6255649699907972	3.0768012641485716	-1.5812927555634082	2.1904331843247364	0.10140313626944776	2.0114975701641367	-2.34036086883964	0.8703393499975867	2.2484301227808845	0.11863206794400699	-2.595526452070962	-0.7010056953721311	-1.3690511268079633	-2.0047584521763993	-1.8020563117413133	4.839662936700403	0.28573156424799956	-1.5210314461706265	-2.3951402421696817	2.0467288490851345	-0.0255435183306611	-3.734681433700217	1.4940126827820803	2.6331858032429913	-2.9210733076042352	2.4000648646637077	1.411135050434469	0.086024741961108	2.657769336123678	0.7825669267284802	-1.5828563168746244	1.1681577648694905	-0.15158375107085648	-0.31106834084298784	-2.8227710046567274	-1.8399816814788068	-1.1178137385627003	2.475357239670918	1.2003698955343942	-1.3967376884576193	0.44097637434113707	0.7344925362081277	-1.2669803370139563	-3.295165369898008	1.5961992234833875	-0.7009988886627336	0.325621883409794	-0.475692414351477	0.8109387425280125	-0.46212347529078385	2.076635735873836	1.01626135918728	1.0388065200052865	1.1404312235873906	0.6550357915645125	-0.675004758446512	0.34982408906724033	-0.7198920619794589	0.10713591226967167	-0.454370093762063
DTXSID7034549	-0.49101933417437066	0.8105993818040457	-5.213791671318239	3.842635130944703	-1.3023202829056533	-0.2533067808939318	5.366805019165113	2.508945640881165	1.93146483520462	1.9135296618780726	-0.23617970396835053	0.46184744597792915	0.8657811356411643	0.1231993594782296	2.147747691863261	-0.18805545219399847	-0.984834875112999	0.2730320427447303	2.7285284365478346	2.295702617055359	0.03781321980657977	1.445759661969899	0.33125386594108663	0.42058768855332845	-0.5523856764422574	0.8122433558943184	-1.2525364671475165	-0.20525794628995514	0.4180116099973657	0.8139250410926478	-0.25865941539371545	0.9298435805252313	0.058410838499989064	1.7538919909154225	-0.29939960239299945	0.4481284685772871	0.19720224742701012	0.5776490057851366	1.8235216970451196	-1.1530743885556713	-0.19441211641041825	-1.4364230111441425	-0.06511453328681477	-1.6837816518128452	1.1539900576102735	-0.03280210209689058	0.1568161711385726	0.35301435412471116	0.2443276360532525	0.8215572762373755	0.5110071538119665	1.7004297563208552	0.5888829189763866	0.29108003005680605	0.9995369179059402	2.035789376713655	-0.6618326492780441	-2.5471444217653945	0.3291720681262381	1.8094805151972295	0.3160991289427666	2.25075008482615	-1.2490090542043946	3.895132415071385	3.430161976217179	4.522499115340951	-0.5333879803330457	4.127050731453	1.3500349730303678	0.780158189263776	2.221268831281773	1.437886323106773	-1.4196914536503857	-0.6144230370486754	1.3028736977882256	2.2439187769677647	-0.502290324409402	0.8829831374053324	-1.6674668193104147	2.1372438466412547	-1.3453066899168276	-1.5550607006977388	-2.6656184391205398	1.155471327004288	1.4312032742482246	-3.70795144360308	1.5964702140591434	2.709103958579418	-0.11231506359578237	-0.5518737096415286	1.0910307420283776	0.4963140474919839	0.3266393191593181	-0.12024730367426595	-0.3515325043981154	0.3362150404243652	-0.05157552209463325	-1.2181915736743254	1.107245209576018	1.365857546053189
DTXSID0045416	-1.61544271403004	-0.4157290300720731	-2.227655947137793	-2.362396388802273	-2.92484870551447	-2.1802938941820336	4.9123840032259585	4.599427594025085	2.1142019041596503	-4.498166863040399	-1.2381382315672693	1.2098725525885707	0.9286151113242037	-1.5684397064048206	-0.45322560362525094	-0.5369380767527026	0.32480647945518126	-0.024950485331911562	0.9969356007810086	0.5981392939350479	-0.22620593814953413	-0.33020866947861094	-1.5061203320780299	-1.2177741235015422	0.02504599322288484	0.31658536109508684	1.5566281548659051	0.16331078208239339	0.4756740098604934	-1.8199934110863254	-0.05321027192548949	0.39765164956760807	-0.0321039779782383	0.9628857238792038	-0.135788862775433	-0.3359515096397061	-0.29653592361593817	0.11827524013551463	-0.9527290975978707	-0.6710766931549134	-0.20672205832940901	-0.41086015663395675	0.5035434600266395	-0.3914790887761648	0.8064265117913333	1.2884554310755765	-0.1828468047850749	-0.25129918514828403	-1.0440739916414878	-0.087021639233192	0.6907915219690536	-0.1431124707787524	1.228641470805281	-0.6797679596586115	1.0404218779876568	0.3607060828364845	0.5042503978104131	-0.7586520416786305	0.6894271486961181	1.093197675028258	0.029700341380593822	-0.5645344605439925	-0.10247311530425332	-0.5625945781825469	0.24030808106245272	-1.0395187689133345	-0.4117191893740027	0.7865350818618834	-0.03944277340965291	0.04077426163314457	-0.1760721136015816	-0.6343126519150952	1.1997071268835457	-0.3122590880886014	-0.3260278124107977	0.34581822747620333	0.16058705903333156	0.2233269610733539	1.3188364779439352	-0.5393021202653829	-0.22363787732010978	0.541909488558651	-0.592251880213796	0.8910597183836295	-0.013569405519712256	0.033802731627289306	0.5135544951524853	-0.33161174281050126	-0.7197602663794358	1.173989653684169	0.3621188711484474	-0.17013022455047935	-0.25509478486153925	-0.31112651292197996	-0.8907432735886378	-0.47687319553938784	-1.08571797872571	-0.1838666401245142	0.07001068584414316	0.4110724625078393
DTXSID4046810	2.5104925981980517	-4.6448742414942785	-1.1786850443659658	-2.7726381733887684	-3.9201860833691033	-2.5548519954906173	0.6256982315484912	6.749365374725513	-0.3930419142001651	-2.5134691855930904	-3.196941896829178	-0.17088866801059835	0.2805189953057307	0.7669311104226045	1.47301780229156	-0.020163688733516982	0.3529685546588695	5.701803598078386	1.4530847302945076	0.14593274816547555	-5.426617760875476	-7.8202917433120644	3.276789400009967	3.461109486406347	9.31432175620332	-0.517993245762326	0.9594005792849298	-0.15666149884590785	0.972536896936114	-0.5939400760462207	0.35095160471274717	0.32179620300167056	0.2215460260386113	-1.878507561453028	-0.7191782843848183	-0.8855420087821949	0.36759574107814175	0.6284979545068495	-0.905841291943863	0.48759796705778896	0.9660525096684078	0.31535480441160657	-1.9471818402803052	3.148752894365046	-1.7040269947570852	0.8074685162453008	-0.050660565164638946	2.7373192880783295	1.089247268905017	1.786718240230514	1.2864073499023811	0.432077339717355	-2.1724598430359663	-1.608265567587956	-1.547892692671642	1.256709196009332	0.09665871565508971	0.6958989608572341	0.07595516693385375	0.7301503927316338	0.13400551921345827	0.4857228945163371	-0.6099892304674908	0.08825525222912804	-0.2659920759583782	-0.6824300821321435	-1.043570249110199	-0.4158518879011585	0.38607587265593835	0.36795655961891754	0.06919295113265653	1.3964165433707671	-1.1659001756759872	0.7302769950912945	0.25488288536815057	0.005769364967696533	0.24369463124960422	0.5602170342039026	0.29658397142617166	-0.06810167596290627	-1.1717642849554921	-0.3380659525798598	0.058853845400999576	-0.5623472365635929	-1.2030443940084437	0.34064177245585114	0.9784588438721689	1.2316200772802743	0.042009792759978404	-1.3150745498565743	0.3323572336237814	0.03958336977232317	-0.1154689985688229	-0.942851649852304	1.2685834630052242	-0.8981176871149084	-0.7407962288339472	0.15135306833267823	-0.4511192634866326	0.04182072271357668
DTXSID2047355	12.818851555930172	-5.922104087644563	-1.83903661949388	-1.0171656963445024	-3.7800696018890347	-0.48785678105223856	8.349460769445766	6.720606330442709	-0.29209445505677195	1.8693032713815088	-5.0216961750661335	1.9073115757437589	2.4597310096117746	-0.3063127395928645	-0.6290339784533978	-1.021939519394143	-1.9501275018112108	-0.46236707499249363	1.3042586591917276	-0.47518290196771495	2.1505251978028395	-0.2574207334055957	-4.308978717364319	-2.7402779131020973	5.993902210298774	-0.24254362801111598	3.3957649084726804	-0.27978471830922075	-1.2013420148762086	-0.0863344166668174	-2.381244255492964	0.7154248782920085	2.3865738975384208	-1.451063281614743	0.02616333048232644	-1.753107054727631	1.739057406289216	1.7367749881283332	-3.4390010836614864	1.349131078821992	0.49567561830708906	0.2071774530942341	-4.747894269625821	5.717248590026995	-3.4170352806567337	2.689198221784324	-0.19474898275517707	3.5047378137756087	1.6794241835115638	2.408563273576172	3.431347469469027	1.5897944766295482	-3.0886185882308	-6.487182316270741	-0.6916509561949572	4.903934376706777	2.1074222097136017	0.08087815882873604	-2.873884494030158	1.0214137627209772	0.16016217835018612	-3.092094486029378	-2.3613995099509113	0.49978813731946675	1.345840478949998	-3.0655477670332285	-0.152488998998292	-0.5777122521772683	-0.5095220759417244	-0.04560065376837787	0.6970596018408933	0.5008115010696157	-0.13825223585257854	0.6965988519238748	1.2013004106981602	-1.0447516317075054	-2.3512944783955305	2.5096702890243803	1.9321062346070472	-1.3946064909341571	1.649885979403113	-0.12823615609761269	2.0099349048006743	-4.078424202924165	-4.07186161392918	2.157306601512422	-0.620171920101799	-0.852185845205064	-0.3332246918371787	-2.0347647522966876	1.2147333209061106	-0.864781458108294	0.8732555932002111	-1.1298358987447588	-0.05537441065624734	2.9052803259852205	-0.49597655236104937	-0.30027399028271895	-0.5239107352632173	3.075831218942371
DTXSID0034192	3.9002726755066344	8.52209628222794	1.7294436766929968	0.6247428978217421	-2.2429864481458135	0.08004126754018903	-1.6023310113513292	0.6728919435663965	0.048725307913899854	-0.17603512180872707	-0.2828757950021137	-0.28629745110599636	0.9846436953628478	0.6393581593854115	-0.0978134733598772	-0.5256626642089868	0.5395900717078089	0.3924165588956917	0.3980731720628064	-0.05660516114402643	0.4541287235011675	0.4288898954101116	-0.1373891717714289	-0.17320198584353685	0.32785212434519634	0.5569248982981476	0.27932059067535203	1.0082732757344746	-0.09396408885363432	1.9748073853657067	0.25635607711918	0.9852758262270626	0.13796980926909835	-0.40149200009292346	0.08923565357749733	-0.679016595437112	-0.5295387540542877	-0.19116915785526742	-0.2028993610006043	0.1321218659861602	0.03680402388231863	-0.08036062651564735	-0.17767197913438595	-0.15654126353027076	0.0014602622555792326	0.12364909943936714	0.00026630800887881694	0.054156154205720425	-0.6916330858486308	-0.10954513681884273	-0.046183161337587195	-1.4331526729082862	-0.3562408789796217	-0.8114288220471366	1.315847805643564	-0.12240956695799088	-0.18346356527577434	1.1428860595505022	1.5985924706940289	1.4804077930490174	1.5266441550258234	-0.41061504680961086	-0.586084537891545	-0.09217978560309206	-0.0482506387411767	0.8563494961901763	0.639591242692152	-0.9727181813082552	-0.3021785971872728	1.3161391888722043	0.12855603930352238	-0.5084006547705957	-0.6528941424433725	-0.465272157400538	-1.25501586040206	-0.24280962456865657	-0.6462843053343109	-0.7877580757055456	-0.7446782436798703	0.32489812508063015	-0.4751778210218503	0.002509642501210737	-0.19141393158869308	-0.06182792059286717	0.03308523031865067	0.5897611504155515	-0.22913728691646887	0.5432582892053002	-0.5251246380670361	-0.0597487131199207	0.06850648889642962	0.7240410677138063	0.17783750318276928	0.14332426106512125	-0.2807536231342305	-0.016068658415368423	-0.03052510975549799	0.013204261614452623	-0.08271283898594016	0.06394005320982592
DTXSID1045160	0.9449669796340244	-2.062847489395425	-0.17295759838862368	-0.7799437331756421	-3.222462469592686	-0.00034296085890088396	6.291497105790196	2.4398950480673824	-0.10421710275272504	-0.8119878943898476	-1.2114583009932705	1.360923542724798	3.585629755984763	-1.010289175817164	-1.1186759201310355	-0.21935777280111363	-0.29349546492524464	2.7292882074468867	1.9350711950989354	2.856587360010078	1.0005071388390874	0.7366259354850404	-1.7594202804081702	-1.1858450131129699	0.8940107102325308	-0.657444930584981	-1.1503232059100295	0.6677926982712726	0.7360910528536776	1.404259827799753	-2.2547388434168063	3.0914441705449334	0.3383610707150671	5.822261799450326	2.265575200830887	-2.2205141745244705	-3.898685514453052	7.510868488092627	0.7387131910893111	-4.508569438546394	-4.714375816343305	3.927754940100786	5.124425362161317	6.173104087163951	-0.8130673855018895	-5.191574231235423	-0.13682539044375636	-3.6388824828610256	0.6388482725472127	1.2968712331510082	-1.1930348481262196	1.4384371736270212	-0.13679581790726816	-0.0968360518361518	-0.7568973605260391	1.3734129823232333	-2.808887668602156	-2.2976379707387244	0.543365660191068	2.664692548944321	0.27483651743718457	2.988487223865842	-0.9796527970444423	2.7818038342191134	2.9345107325411477	7.831659984083238	-1.3874335738844243	5.083141389302494	1.6518018064766047	1.8042512173364762	-0.2019740986957193	1.3341603896592622	-3.431832766835474	-1.6762965289631124	0.5375802314611505	2.669366021982173	-0.9868023132583565	-0.8376809454030893	-0.33521546508897343	1.20803306707692	-0.8072321748283176	-0.5129738623487936	-1.7699496180733085	0.3922054121175848	1.226344601461155	-1.1747981376010335	1.3276296236427312	0.6509833867808925	0.5696275557722297	-0.5621088692240398	-0.5259001257422092	0.6850346696857758	1.2840777512302133	-0.1304727360751209	-0.3152771518806778	-0.1662232262505312	1.0061172313054987	-0.4921937177365213	0.2131325421409955	0.00647292041170826
DTXSID4024696	-5.478465266703041	2.6807639326420807	-3.1067979646846	0.49937461029715147	0.8506314126461988	0.548333247975845	1.0967122549593578	-2.057437421513241	1.2249833591002595	-0.5021477889866913	1.5578345565664828	0.9158049129614427	0.9825871092449168	1.0718167767987425	0.25390791042524813	-0.7369765409396778	-0.4511744855237891	0.7118385414915255	0.5716105382758414	0.7737120877610848	-0.6524102119906137	1.067802163877791	-0.11526656514656766	0.05137271766417619	0.5157282389154075	0.3155854080676945	0.34485566242413535	-0.02057124234542678	-0.17376815227467052	-0.1270499283553587	0.016480292490619993	0.17856285778990422	0.6774652639338434	0.4714104177687651	-0.03711927797583043	-0.5069243179640269	0.4381554885578528	0.274818886057642	0.2964682778122197	-0.6874821172832897	0.009741731010269082	-0.7803983753414462	0.02293613221104289	-0.33934923253063737	0.6005936751762424	-0.38894494562924553	-0.055932068375152424	0.3484183355677471	0.41009579973425536	-0.1822249641337897	-0.1293391195636646	-0.08434627231794778	-0.13850864743820346	-0.7432727169591596	-0.45595209599454173	0.0454500116057829	-0.372600616609073	-0.7131332387908239	-0.21405023087454123	0.39487047577268647	0.2632670068308507	0.007404834423055861	-0.07471860920383806	-0.27306977089852086	-0.508295460702775	-0.6334356767139776	-0.9352823293207375	-0.19395746646420522	0.06672674087111727	0.4921939973044765	-0.5173689970058886	-0.28988460832766366	0.4095689478913129	0.3119025932168902	0.08357358107751832	-0.1722554649363606	-0.1893782713571565	0.4280099954073158	-0.25708199407694377	-0.12254247192343841	-0.1532840219762121	0.015026819324606625	0.10572225434946457	0.10315386651175658	-0.042837668623399945	-0.18084439442867928	0.22526504346734347	-0.03450303545363352	0.0219081958133786	0.23654007316774922	0.3318849210667973	0.35378152302692367	-0.29146805516547225	-0.10531762155272648	-0.35944413822602544	0.07729841444261783	0.10989501810979874	-0.033917665113231577	0.08226331374086375	0.3934065276596816
DTXSID9026716	-5.8531971177886115	2.574553681743546	-4.279486950223249	3.5808768982870385	-0.4938791085622638	0.622469891770728	0.6078399253246345	-2.3999422906233314	1.5199326681076413	-0.03981966519364332	1.493323002077872	1.1063940824252616	3.152925370800854	1.3227064819855625	-0.49073894334639095	-0.37572632342067014	0.8160404163099116	0.39739881633323665	-1.0111264363070045	0.33665641326989143	-0.958579287693081	0.0515969864203304	0.2653737745373656	-1.1606677479498448	1.2035145294902128	-0.2313583306248551	0.6825644348264504	0.1021426251076206	-0.22194397657170953	-1.8015504922003742	0.5910417331231582	0.824735562848836	0.11310829746077783	0.24084319298468554	0.0037511615999843463	-0.8423267844754474	0.4896244155649707	-0.4127157076095457	-0.5971805233869093	1.3798451619779655	0.32652497640474	0.1317644957054486	0.023312850161842837	0.19552793022981463	0.21447680560318777	-0.9849102848259504	-0.5741868001285952	-0.6817518396608939	-1.3719398548245254	-0.7302185805885226	-1.0532477396364777	0.717064945205971	0.04785630646113983	-0.4523335232100889	-0.36372887178786034	-0.6726060455834195	0.5367024712926051	0.25465312550924984	-1.2202109265855352	0.6087404989875695	-0.5008364390843328	0.7857628430669554	1.5445487986443094	0.12810037288315557	-0.07763456789651019	-0.949823688951352	-0.879520207001147	0.6907370601919466	0.5448780970994347	0.08962237594883805	0.036186977162749004	0.21689503595217768	0.4346265309920128	-0.0007322001362431678	0.15265963339954838	0.3208620206049886	-0.44427182929485337	0.5688864406978993	-0.34665758441180716	-0.5017509165955941	0.8369905360583934	-0.13037963040914996	0.014027775108529341	-0.2957113305647627	0.3627086899091554	0.07919824763506687	-0.40818628904454485	-0.014270522413476486	0.3316002028458176	-0.17799800212688982	0.37242609597519855	0.36046024462019416	-0.5792906234009912	0.06546768574152824	-0.33794858825061286	0.09128094936305378	0.5679312327099791	0.2915150127295259	0.026252223655556524	-0.3703499931846121
DTXSID5038830	-1.9771045250658223	1.4352396880950586	-0.0973158265830804	-1.0848874126736865	0.9766940786114844	1.0109358628484217	0.7631981311312599	-2.0768636484163263	1.468090837239857	-0.60223585477512	1.1336446598119096	0.43888112457034395	0.9957915069227294	0.5799069930563872	0.010392209277394007	-0.899523946348741	-0.4588005871929638	1.2338702901504917	-0.19126770937587959	0.14716695477359865	-1.153403028455978	0.5546794554490921	-1.0011229732319873	0.06997362311810712	0.3326342052601204	0.09744117909622602	0.12701320724188925	0.09859203274898098	-0.48121226436696946	-0.14427856149272783	-0.47577792998878743	-0.19620700825822227	-0.016021643798743344	0.35831274211438324	0.24360362861866594	-0.20190480374158384	0.3538173559495743	0.9384176039415509	-0.18706962704347904	0.020477784194653917	0.3248182062764392	-0.3848976659845292	-0.6150838069547191	-0.44248187526580246	0.33199798064003133	-0.2859570905372208	-0.03222418012298518	-0.4890869754102193	0.06428327847597291	0.4926899739924865	-0.10098320109771011	-0.47541775903192746	-0.3107398917801849	-0.013957591370933315	0.12862080368850576	-0.16399160182834274	-0.8130665357671657	-0.5027608497429158	-1.1409168330515271	-0.42110955389072274	-0.07720209159454894	0.0449303093850292	0.22229658945364586	-0.005002171931429538	-0.5056196099164013	0.17472201261300335	-0.007074127991587935	-0.6385732532381267	0.2054714802353701	-0.0547849410463351	-0.38971749048929355	0.36622609685640584	0.5780292788787953	0.7972474747774398	-0.4781296566106417	0.02861402160029264	-0.16645081776577075	0.19688039159445944	-0.24922885944927703	-0.033721414519480256	0.5328693845812381	-0.5264950835113466	0.20647326388408074	-0.275569844502385	0.11812689360356658	0.5635489758285342	-0.03540122434507758	0.18439537474779852	-0.23607349879711945	-0.2130205989037304	-0.1284357307451675	0.35558641106946337	-0.37227921737723785	0.47045734783102694	-0.2942694587010109	-0.3314472880078036	0.26983985285973167	0.24977457920222276	0.1412023050309227	-0.19008783329120135
DTXSID3020120	17.247683161076395	-6.5382086847958165	1.6785089705688476	-0.03185494872399647	0.8533968684506104	4.428963560935976	2.6684331093177516	-0.2235389345140947	7.25351464493958	2.154350481993169	-2.858500889653726	-4.176468714738262	-0.0910757587545193	0.7161473106972817	0.8155541247589184	3.2899088659592133	-1.1145569801409505	0.9007205863302755	-2.6490682212697454	3.4506576558822926	-3.924643986405012	2.460864898131228	0.8174945326705525	1.2212595819197052	0.2783380893201289	1.2704089351319845	-1.943447845284031	0.4568336561572054	-0.8298768920798374	-0.2985863347090745	-1.0452827369795075	1.5957862477751876	0.1048645180115314	0.3360725082034951	-0.17643535887738976	-0.010990602306301061	1.58060199903689	-0.48981964368419384	1.2916796031393665	-1.0585410197577263	-0.9191276596215151	-1.0007404502428046	0.27807278429147336	-0.686296810266496	0.45715775954553495	0.26479530155555037	2.0880774847999626	0.052249616097492985	0.21187973274045968	0.7731360575058771	-0.7117254287721468	2.104095539256319	-0.28374495706878494	-1.0996403655781766	0.9035952328380102	1.331316448084962	0.004750130092874896	0.8464608148075561	-0.101240329995989	-0.5005030738942085	-0.7942839057940014	0.29576622914941436	-1.1095859361511795	-2.126474400430979	-2.4878604404921787	0.7970733242209578	-0.09151100296622026	-1.2109687657800396	0.9881892692074487	0.9435455758505062	0.7696187530411913	2.341087019991991	0.36610392647648615	0.25951406990901205	-1.258671191560765	-2.5901055834121163	-0.8554112514412393	0.3015450444526776	-0.4223570569350824	-0.4276860783805143	0.2532016023442856	-0.3656600358745355	-0.08336623141817584	0.503082703606681	0.1653392853374659	-0.8828996452441416	-0.434664682887821	1.7056356253934715	2.119566465985345	-1.132132765600182	1.6214330178849474	-2.2838682132846406	-0.36874978402825753	0.8556993346416175	-0.19855734681939083	0.009106158439277793	0.20222489055087325	0.26131807058163886	-0.8891182406970115	0.7804613440567398
DTXSID6020694	-4.2050678030611	0.7783425611418884	-3.8103477736798665	-0.5928348279219496	1.540334612647088	0.571722675918953	1.7464056761015745	0.8575221178112902	0.3121958495361586	-0.368137976459018	-0.583388555879347	0.8226480924523362	1.034484411508332	-0.5806556516670518	-1.3220697988665244	-1.351960704405221	0.8273221952848269	-2.9519496904409257	-1.2411481373665711	-0.7491851422706688	-0.2032929968334947	-1.6215100747127436	0.563345218461017	0.4002048143422601	-0.5787757033972557	-0.628194484751578	-1.4097780522643226	-0.6863973161326443	0.5137311536250344	-1.9114712283524944	-1.173714115231316	1.75918476550709	-1.4639108093863695	1.641750317640304	1.7022576190706056	0.559398697071536	-0.4797912516835879	-0.10612267821903686	-1.0768438845434305	-0.4315358042148756	1.031182955589016	1.2290702191122875	0.028796281339276846	-1.1296592179972138	0.9378549047113599	0.9532931255927115	-0.916238148191596	0.9816264736129958	-1.6302956179011072	1.388038429134248	1.6300816797322069	-0.3812912774952348	1.7934220864691053	-0.19361883174459887	1.3408646609768418	-0.5917536540741769	0.6708133045731605	1.5639012686937706	0.38206987137052467	-0.2968934550383382	-0.5078638138063006	-0.2763961112581714	-1.101349655644476	1.3210790311939524	0.7351486947824762	0.16135647903742303	0.6528399171438924	0.7418979588834886	-0.17221693886720024	-0.09250231240791941	-1.7686518146537615	-0.4096581954409212	-0.28044145867429887	-1.8085463025442954	1.6026124354139635	-0.19024401392291468	0.1770281017085678	1.1901854081965293	-1.2775476973611084	0.5489162378382212	-0.8564713322014077	1.364672625795592	1.101225354787531	0.28165982849911486	-1.342796160546598	-1.5515610212141306	-1.3381984153691937	1.5054759450187678	-0.38498936779477894	-1.1425183720352154	-0.07283426335842506	-0.14393712314708532	-0.04462104982024161	-0.12095740109252162	0.995892914661649	-0.08246655942368424	0.3288680313129749	0.40469324896701614	-0.3870770715093549	0.8763371027527432
DTXSID2041913	3.0598700124469356	-2.066172436661977	-2.2902551571107304	-4.515773828851492	-2.974572098188065	-3.5568687909269583	3.660627693944063	1.5776518599088607	0.3728140901203258	-0.9708449728022113	0.9588813021186743	0.0960788751062453	0.1152159990131888	1.0466251763554164	-1.5036876334042715	1.3496022790773323	0.5248427961163012	-0.2482749940115665	1.5525013492679194	1.817643231933602	-1.0619295040911616	2.0697696754376103	0.5212991169890884	-0.09262310684807255	-1.4221886102795942	-0.23871418593632635	-0.14778863386446303	-1.2922261912318571	-0.24199155100185157	0.6144084948427587	0.636608119310312	-0.5467694262788388	-0.47387945701743206	-0.04822148891570672	-0.2901119862937471	-0.46223511706580533	0.29311469726997214	-0.40979165166083664	0.5731152994325062	0.11308507757972444	-0.5987642276602784	-0.7355421199287566	0.17391513744462386	-0.10351085521817385	-0.15814128538263408	-0.20812304294472564	-0.7528656895940516	0.09095318659084874	-0.13961600781439237	-1.3633403113204783	-0.7959903550767147	0.5514152567716185	0.6826878023418138	-0.05188303688017822	0.2449341330951451	0.9932342918689621	0.08672032603102098	0.20852217564112338	0.3076858688094271	-0.3502422429649866	0.14380595070463983	0.27062644324499047	-0.33079317664846253	0.03279119687736888	-0.2336404297552003	-0.05370702181029136	0.8410975198222926	-0.7533109692432777	-0.31526646635089584	-0.875367936479464	1.2029375876391348	0.03218365749031522	-0.4758556474299912	-0.38484674047986756	-0.22240507156201694	-0.5344747722435763	-0.3273081312764812	1.0257287752678093	0.8694821251336521	0.21023553055885447	0.24492654734192676	0.5773946513205397	-0.569274823239024	-0.96297301749933	0.5398494080695493	-0.2682880900817797	0.052615890974232526	0.6385699672182635	-0.05988054325020211	-0.2426251381220846	-0.2527148315988334	0.12107717597183677	0.33883323279413824	-0.21998636249676637	0.3021785549099982	0.47511446566371185	-0.2678563996812787	0.12697318213047823	0.17338672932471738	0.15477150617012292
DTXSID5046063	6.5991695409258915	0.6530654974581964	-2.5156848695918037	-0.2972940164494801	-1.7255704026073753	2.1968880917469917	5.279449085395302	-0.7700148734829336	-0.8608173919990553	3.2728121474420893	2.0995483710969496	0.09037506240909021	1.1865014964836245	2.1918288306689395	-0.36897190440365907	1.990318629285768	-1.123986560544354	-2.468626347625593	1.075105322549833	2.580813055704468	-3.3606400046834737	1.6310934451187347	1.6862543895001483	0.27213733673781415	0.6757438824459947	0.42946572224754354	-1.057169349375432	0.6350370768553489	-0.8601439088185394	-3.03872139002117	0.7934575454689934	1.1770429041395836	-0.51940077534622	0.2587279172102764	-1.259383889360736	-0.25226861950860263	1.8153461143689626	-0.40880156288110747	-0.43945037503321	-0.1101771866476845	-0.14892866540747166	0.9852132303793028	-0.30125755566712253	0.7344148491821553	0.0036677423547559597	-0.2150631444758119	0.11465633590759193	-0.6944913551995544	-1.1107823406009296	1.1172585034273332	-1.672886271619736	0.5044484697754126	-0.27629324134838135	-0.7906920941004961	-1.0969340025829541	0.09509206239099204	-2.014662439958129	0.8269669874649794	-0.5368430914227234	-0.09637045427162035	0.4940101191160633	0.06594835947817786	1.1745392368497836	1.9917418738840262	0.29509079258858195	-0.9806793141328373	-0.1430438426020309	-2.9531818516526793	-1.4890780500931513	-2.848310520284698	-0.15554548266362273	2.0477681775439027	0.3435225513929498	0.7816194670891099	-1.9030790952891818	0.4301060131447257	-0.8759882426723432	0.4528064889491648	0.7634498167047107	2.2556541484716472	0.301711208988059	1.1125671469165446	0.834820975002068	0.9383828996162339	-0.9888284737639755	-0.6516923458624608	-1.013867047994183	0.8831212893583273	-1.2865210717207562	0.995623943197648	0.8816500993096735	2.0313195888222126	-0.4946083412313965	1.0820837269997616	0.15434573255219552	-2.7244161219184106	0.8555149997927313	0.8286900192142018	-0.7958786095671606	-1.6287775186873708
DTXSID8042137	-1.0365326542864062	-0.6092577412878835	1.0561530288713257	-0.49218206245160506	-2.209221747398777	2.9478783868931377	0.763669269121973	0.6521587947075943	0.41576030192974656	-2.175317179518851	0.5132419052714747	-0.789731954098772	-1.1743439719375797	-2.7245584138071837	-0.3942538179154037	-2.826086752706056	-1.113815575614382	5.191168131143577	0.582015028845424	-2.7986697938485343	1.3268491801124365	3.40415025970218	1.5456243061718173	-0.6881379480914409	1.1301715980992049	0.1448778930182741	1.5973170720507481	-1.32387337002923	-1.0621888075581523	-1.7047545191106594	1.954348860054032	1.3232614442123944	-2.827293414248111	-0.1919867550391569	-0.26970406455570867	1.635908284073745	1.3150159262617436	0.4786441273084663	-1.0524448329271927	0.3427873104784912	0.3805549159657213	2.1624423217075366	-0.2525185224761664	0.7531021494850046	0.5959284911007914	0.7703280702464609	1.2954856841794429	0.5739076738329878	0.26523169578921796	-0.02663972385485486	-1.3631158226439215	-0.18455427559505838	1.3565884761966065	0.6399520165825117	-0.5556359993439492	-0.26941831394867205	-0.7804950664984366	-0.3004023394428349	0.9316840069259047	0.6242467385835457	-1.503363726595306	-3.4296656351164527	-0.8500636800257183	-0.8614725730556452	1.14765544583687	0.2967714380965847	-1.2707974085602693	0.9119035826339251	-2.316800554606636	-1.2933738696678767	0.22856679593645154	2.9688028474902577	3.8418706882395925	-2.3144040792073315	2.833004290474433	2.087459477856845	-2.360092232264676	-1.4907432554395046	-0.8105717591652777	-0.3953484570368449	-1.182334017059786	-0.355899330139761	-0.601904200283808	-1.529559604067658	0.20046803255241005	1.559875866734593	0.5639728595592669	1.9802060774838055	0.20170297281323868	0.3131562509641351	0.8322280485121788	0.14166346026517104	0.30084146088456915	0.8959016937696795	-0.25085470598511295	0.213527113512551	-0.26260210231537273	0.7855550436307194	0.5169181445651471	-0.3656256413132792
DTXSID8045937	5.684181421431841	-5.625353163562261	-0.20488578352896494	0.7091957370631321	-1.7776454525435395	-1.6236313742712087	0.4369057410150889	0.8090022298458696	-1.7713303673146994	-5.597477456176948	-3.2704371812449873	-3.9448851520009174	2.039285720203798	3.2296947590507488	2.807050757524844	-0.8931203253873219	-0.35037609716512874	5.968737675828475	4.108413100358529	-0.1339306776086115	-3.690987479917456	-7.286618206382969	6.033909065966079	2.8357201685461626	6.497569841117595	-0.48663963689663947	0.16826421118979568	1.9350234312741528	-0.2512175991401956	1.2860944695201473	-0.46653399781872446	-0.9948923144120834	-0.5357928463400329	-1.1013743742221098	-0.3343661476990167	0.21149818716953017	0.11784735503217118	1.6137316634002112	0.22247511433001416	1.200522830023838	2.180723134336796	1.6754866073566148	-3.13115739029753	2.0872133030374727	-1.241277553675673	0.5495184007682327	-1.2094935247795746	2.7131740858766205	2.586733762876252	1.5565710962745696	-0.43601373279373823	1.9943136950048679	-1.9881805146600149	-1.9214412229309459	-1.4895615835538039	2.33338715966117	0.28522839585906096	1.979106436849735	-1.4596286488357648	0.10096293369803155	-0.8310071128189436	-0.6203446580469175	-0.18247031112536857	1.019748188345538	-0.4957075620609245	-0.05106170993395758	-0.4077939120350499	0.6315018033760221	0.49460090303175813	1.66746462819504	0.1799331893691014	-0.1505219985669328	-0.7304607841221936	0.5757647319150929	0.5088237873699932	-1.4759557388991336	-0.3206284563956995	0.9756113773075499	0.8359140740928396	0.3593082800035448	-0.9130551717132331	0.45026128321590314	-0.3380743028629401	-1.3504047311139382	-0.49042373547421403	-0.4207263269460293	0.21495818465699892	0.4519451903859226	-0.7673384024396208	-1.1404375459871323	0.7950187996113948	0.5981260029095069	0.43593903922770905	0.40781220829232545	0.08363471871486734	-0.9255339563905356	0.306570301968101	0.2509984921302365	0.02437095115567852	1.4012180075909266
DTXSID6047363	6.898140689254595	-0.860018686311306	1.806976942238496	-1.4494891520903104	0.8203506426640248	2.575006941475273	3.01146521433937	1.3382188867650207	0.025455129336222626	0.8512667894968993	2.1837342095845047	-0.4300811126158822	-0.6376708075972993	-0.17875966588140974	0.14266290251472244	3.019005990235759	0.5766305098464494	-5.065174916636906	0.7974385675818898	-2.010617819527167	-3.480663436389448	1.8784717886711624	2.3543544745227494	2.0152364712359154	-0.3774672168419016	2.5861757710072024	-2.1368397720653998	0.9014013121600312	-3.6319484842567338	-0.8789251326046404	0.5703161484180791	3.686818859381248	0.6460122835548746	-1.0484920729422462	-1.2468334759671047	1.5565921616838614	-0.09819949865055695	0.4432609417355439	-0.9278010520343266	-0.6082323190708621	0.5592476126355829	-0.014444884533003539	-0.37448574704607507	1.1425162826438193	1.7292897838503698	1.613811931989428	0.3373791212260395	-0.812265663296625	0.42718756248239526	-1.0379717272032833	-1.7650761732310245	0.009246809866411458	-0.09798039194549225	-0.41145860648427257	0.9345962617831637	-1.890360120710379	1.1966877675310115	0.3852918400787213	0.8433064633415014	1.1618556781967424	-0.45546820804971755	0.48458820563501637	0.7343586864315574	2.248486631357255	0.9825429924129112	-0.05467407423330146	-0.7873794049503566	0.14308029967264174	0.46065547829442216	0.22163698807994664	-0.5422200769926135	-0.2133353769632751	0.3721677040213222	1.7193950741862023	-0.3655407929646487	1.2961020703219632	0.2621028525050841	-1.8331006009263788	0.6430342032601932	0.20465778781084557	-0.35786301060958603	0.21020082564790346	1.0819585034473806	-0.45199663313138067	-1.2312485602493293	0.4330664027246253	-0.24615222126463995	0.021796803606759407	-0.07736327535663554	-0.46295200156918254	-0.11753277912802318	0.39495032793320833	0.9052085887702368	0.04731929387960653	-0.2111868958834081	0.12308388361151322	0.7933949627758389	-0.03630183676335302	-0.5907644011553738	0.7087742862354452
DTXSID7026366	-3.471207984262644	-2.7788740762665762	-2.089790967870917	-5.204070702276748	-0.45353677239734774	-2.2703160825390367	-4.704469675603204	-2.198744194634195	-4.817315877537985	4.535575813002397	-2.6272743302973076	0.7184305831351937	-0.8719712795295312	1.8907626086629001	-0.7625601339650397	-0.26051651860197983	0.6558588542325703	0.6067683909935491	-0.8449437101775321	0.49185160047451965	0.44908160201510405	-1.1107568638355017	-0.8906790683068692	0.7238213483151691	-1.411395216641735	0.877534700981824	-0.28659015972006846	-0.5468777606196454	-1.3683427439920735	0.004655079816507811	1.1535463680054443	-0.1586165940894817	-0.5232970052028714	0.8813148011454914	0.24872337312391135	1.130661897132051	0.9309287876754894	-0.0015291820951622913	0.45995563244011506	1.007011745174743	-0.9249871549124844	2.072209005115342	-0.12764477125197385	-0.28475057870263387	-0.13134535551130194	-0.12420299732710317	0.06526278979482367	-0.7398037391829256	0.6963403096243711	-0.986162623770143	-0.09454534491445073	-0.36806243867056787	-0.3939797891652625	0.9226941999371931	1.2909204357557236	0.4423877422709906	-1.0575853086993083	0.40925959154685326	-0.9456038069837686	-1.594520251360557	1.458479683960216	-0.6951347300329934	-0.9569036184857752	0.01115719517370324	-0.34124156747688666	-0.5251722757515496	0.06952954546791765	2.55525794830385	1.1725985146671745	-1.3929919185385748	0.9493514574580547	-1.6447439966360655	1.560327679713906	-0.6991720619722335	-1.9363641274882526	-1.92991888532424	-1.6564652188442917	-0.8500033247360055	1.0451710544022812	-0.8773766015788125	-1.2165606310615846	-0.8706970186187021	-0.29986983491930796	0.6245472329136894	-0.5012262713786252	-0.36575449084690925	-1.0786583020470015	0.7420791619149456	1.4596683171439602	-0.6584693182538488	0.2459285502135559	0.9024474787175569	-0.6735616298604644	-1.1339901643224206	0.040808547411854024	-0.02887489666828599	1.4391764902076178	-0.4797384909975046	1.054281856481427	0.05355552112378257
DTXSID0025101	-6.470477395996181	0.09003803589937423	0.41765644822761566	2.020149019908123	-0.5614397360155999	-0.09238026003289321	1.7054296115071426	0.589037716865715	0.010464402745528878	0.2283968491262277	0.8833691584432618	0.11353752257950672	0.8216113335606207	0.07179471970108449	0.4314561941057315	-0.4813171338797892	0.6910475768529117	-1.2549608516110289	0.6365750370704004	-1.0468169056715928	-0.08590192831962681	0.1875107474416332	-0.7561723740338264	0.9579566402283258	0.2792807840679458	0.27566484947988606	0.3500767683677277	0.8241503596527073	-0.564857160086385	0.0919019568369027	-0.65695496530733	0.43097141255277055	-0.6063084666831419	0.8215574460091264	0.08465966567655345	0.016186698662042056	-0.46517549065376845	0.5272849617184914	0.04087304923790956	0.29011574282745445	0.04921147401546958	0.4418542793318887	-0.252493848012146	-0.47321385365108704	0.5429138861847864	0.3048982898408933	-0.3157200801027775	0.14123491873936686	-0.4268784307113757	0.11310537628086603	0.7787770351228438	-0.4763285712473673	0.4295223086502271	0.325886962150773	-0.019920848566793364	0.0632245735568872	-0.6172489508426011	-0.16471157897818495	0.2625250705222824	0.03531080394991915	0.002354962452040657	-0.7744551211578736	0.4401027105555938	0.26428054886142965	0.766839015557551	0.32254153154212706	0.15581865550043028	-0.22473391528862058	-0.0954262856075789	-0.052414560600149866	-0.03254362186684981	-0.020517330985996788	1.067527464789539	-0.09391102274428116	0.5040300631870489	-0.7477310671177964	0.7705213742822885	1.0589268638707512	-0.37778311892013267	0.18479981245692245	-0.189085076029793	-0.08185160798556153	0.3664695951781662	0.08808328194989984	0.017100797217106813	-0.3854221850197102	-0.3309322388907512	0.17543044152019122	0.018797419092171357	0.2859979771541378	0.1523657706606651	-0.11060314118614405	0.2386125142896622	-0.09355146793888942	0.1248548425061859	-0.19198245838016123	-0.2453231123688117	-0.22884283552337978	0.16595296285772324	0.18532332231000773
DTXSID4022529	-5.251016006294504	0.05874837864049178	-0.3566149974059392	3.1596055786166755	-0.21551613036923364	-0.35314020266450435	1.2515645653427165	-1.7646189836965442	0.49946573136074396	-0.09703621838009992	1.8497888590267608	0.5728318164360026	0.5448854279483708	0.4040156040952119	0.019300397241350745	-0.7054659261854168	1.2736409524273349	-0.7127389642389583	0.15859046402930255	0.8506209723981603	-0.2368482653799667	0.7053000437111652	1.031366393761975	-0.4748815960071136	0.6055737309485438	0.17571460782669795	-0.345189441174925	-0.2586310308483926	-0.330257513945637	-1.0577320187387629	0.10855581897765725	0.5725288574514927	0.5627697326940013	-0.2928593824225067	-0.30052947798433777	-0.7938711627492334	-0.4460297122053313	-0.2912050076570329	0.2976566504368933	-0.20025027718926383	0.07866762407881607	-0.6406371227177853	-0.12866552734951558	0.4015323064510331	0.36050952178324414	-0.8288383098693909	-0.45158950029583356	-0.6162079146632098	-0.31374106004013497	0.8932444139337335	-0.17524164836481898	0.025240869239953008	-0.3862799602680841	0.09640218687180979	0.4462066642313576	-0.13319053713061116	0.0051018900106873126	0.9749445772319543	-0.1513099716927432	0.35386849981936386	-0.038401254373597864	0.533673696873864	0.9572842962402706	0.5702873785624222	-0.21065597011596846	-0.3382319229857234	-0.3231129720799966	-0.3157148823420254	-0.33965865168827203	0.5369478714122171	-0.40834253477167615	0.678668642469457	0.7509698959647587	0.3502012192032887	-0.015726631231423586	-0.5445378227176733	-0.570799312694687	0.046921552607588506	0.09068448016075917	-0.06723838853829252	-0.0735217239381068	0.060612014212618866	-0.03949532965096126	-0.15172180647481437	-0.15792444982696857	0.28569780590257216	0.41390979195619665	-0.15988902849403544	0.4073270367456102	0.13693969817585588	0.3881003570706521	0.014230635500983807	0.17899126841473822	0.2830344009113141	-0.37805372735743764	0.0428678809215468	0.131315959680884	-0.09307513923490285	-0.20789635300446466	-0.11412953368142165
DTXSID3049384	2.1581742807818123	1.3075638434384569	-5.4312522612499095	-1.733153557601453	2.4647617740593653	1.0224593844911987	1.3733371937033354	-1.872830121129591	-1.0256017064203347	-0.46198075888522133	-3.065124593159528	2.7375068608058735	-3.0524813583442265	-2.1351306439862485	0.1867318600216461	2.6016394527456503	-0.7183897008415632	-6.57311635252018	0.4773003712089964	0.5958330327355597	-3.1631691892355787	1.5078515694455465	2.5669850750750722	1.8860097705011534	-0.4797392475292671	1.8799856829873163	1.650869889209335	-0.30127257292090837	0.5878817786582002	-0.018501999598168752	-1.1084473545588336	4.313546549493742	-0.16586235225077103	-0.6315427160463689	-4.694343783763399	1.7342572107256244	2.608828524432498	0.4848049664959281	1.1866425192729737	0.37607871145651567	-1.5024295160991847	0.8641510603951462	0.36366529479308796	0.7388254152959545	1.9789931162904344	1.5413395515969277	1.08024174579669	-0.2562573255161379	1.309780839824521	-1.9401458370245719	-2.021945633796726	0.8495970744142218	1.9060208238797793	1.4974047058600968	0.21265459920569435	0.6610756334415382	0.6389839339554547	-1.7973052800129607	-2.2168998532694832	3.093617278476709	1.2675936911693404	-0.3156417063752189	2.6586561487872444	2.502063021770111	-1.491420900961428	0.8858472530114365	2.2554693092694706	0.8211188147947673	1.8063383519372311	3.067519912143631	-2.218893001101286	1.9381336898441741	0.5109134780413456	0.2590670602865932	-0.7237325113405711	0.07887215130198534	-1.9119902968899127	-1.5701955380694117	1.9198120090732993	-0.5381060918676782	0.9697727564527049	1.2697420736679137	0.14819474603945298	-0.11820251519543315	-2.0568057684943413	1.240001206694351	-0.7898590019394631	-0.6291949206566004	0.07985488040352798	0.4139339257220633	-0.4443578754278608	-0.23785861469698555	-0.5105464313849861	-0.6137002360045704	1.036964102078311	0.4134200132475025	-1.5455553997373237	0.4320620145095145	-1.0804864627079882	-1.076171607981757
DTXSID3023687	2.830396491516448	0.602166669909195	4.431741519298006	-2.241009524240587	2.8469907040809663	0.4499773211536368	1.3257029956592952	-0.18962566218669455	0.3327424716947884	-0.9847035743502401	-0.34851688848431106	-0.4998454506503515	-0.7284386711469699	-1.029316367634527	0.5974736351414228	-1.0182884625556552	-0.7833803553416241	0.7468464207061226	-1.1418546055414585	-0.8227331071645526	-0.7734425017122519	-0.8349101719494033	-1.0663589393540311	1.201903616894349	-1.4914774827376671	0.9895054190991656	1.2488722200166595	-0.20625220235986158	0.3316931437221522	0.3480117984357273	0.004066074990460358	-0.38700751612906287	0.5594217894602	0.510697842980154	0.726852583085263	-0.2013577894970172	-0.8397868531071401	-0.14728314614055407	-0.23520959700348976	0.20910263542879481	-0.20078725956142976	-0.7715818106550322	-0.022277761688749773	0.36189026881156566	0.7314540858295261	0.5331465872693795	0.4573315506663561	-0.37104460067272477	-0.06842363110546706	0.028021172636443784	0.290886071189433	0.022808754620599288	0.30379380568238484	-0.5840407591757673	-0.08818355660350878	0.551016882926381	-0.3814356064323954	-0.6666217705036187	0.31923644515803595	-0.780058927240011	-0.31554842418014223	0.5436064280855536	-0.09319381084910537	-0.07430098056593012	0.5593294241333643	-0.23940247440067072	-0.1117674542279113	-0.33329149936449887	-0.11782336782343203	-0.2766958687603718	-0.6350925714959389	-0.07326107809603062	0.35285496407038003	1.3128739115284993	0.31229185982920776	-0.6169653268506673	-0.4754895752155671	0.5726074587709881	-0.4647819174930613	-0.008371931281465054	0.07380393929661289	-0.9680778406034823	-0.3715092952700356	0.02343307897190605	-0.2315457615337849	0.10615205573237255	0.21816658269654846	-0.0449039603016181	0.36108573544588607	-0.2394143862845033	0.5049017773107504	0.35743191026615145	0.19274607485904177	1.36202867777899	-0.38123365095879513	-0.7981932339941349	-0.4640916886094765	-0.4017569343981414	0.24797568740184397	0.11954256681493228
DTXSID5050426	20.414364545844858	-11.733460838838457	-7.741454579283765	4.239676417078969	5.964286128147004	-2.091975278461428	-0.07325668433606582	3.1453828482852924	4.065372328228773	-10.983542708773268	-1.326057673223756	-2.146894862025756	0.8565792727443695	8.1499738753683	-5.720820357718499	-1.3632256345958085	-1.6114271960687947	-0.24040322367439085	3.0667712119156687	5.497842573730829	0.8063108945697347	0.6897375940349365	0.8161756649202306	-3.7286647149992995	0.6118139582777049	-0.7622291952064391	-1.8549374721970133	-0.4779618937665129	0.24237662756913375	0.423097542320855	-1.6996033045929764	1.520827946108823	0.6136528840683044	5.424899106105463	0.8986621836128379	-1.257366413363114	-4.059304261346326	6.399945152706319	0.48041789182614103	-4.07151928374294	-5.18652078223304	5.499481936024763	6.339841147729938	5.473826543310951	-1.3540467110866738	-5.449216685247136	-2.7593038686636846	-3.1548302425045187	1.5479354040017381	-1.0005639731137501	-2.3206415519536	2.897018977221748	-0.06170096698948737	-3.493067351453753	-3.9052633558133936	-0.6266316208558617	-1.2082283576332906	-1.7177181328818036	0.9800325881352566	1.881687667078112	-0.15397797952481332	0.17991089994723036	-0.6332058901910429	-1.4162031340121293	-1.0906632584378821	0.8324297241166303	-1.2154796949226865	1.7061419004726464	0.8843243358302807	1.670932307378615	-2.6381183842656117	-0.13116900717036975	-1.1323668278261443	-1.6419173654176717	1.480019860899015	-0.8593001535308158	-1.1132893703595246	-0.09450588750887684	2.3042025788886717	-0.5499393791550435	-1.1412575589060727	3.4422447676867294	-1.2980912056691938	-0.29049393196682816	-3.566318918200312	0.7681944451559609	-0.9172555079990027	-0.3653598746913096	0.1487733532081668	-1.187772730801611	-3.7235383296258484	0.35574478583554053	-1.1725681208982888	-2.368944633729177	3.2793411467621922	0.5764687011675108	0.5214652315212321	0.09851593661829677	0.19491484127547243	-0.6369986418119012
DTXSID0041567	3.1234628076122837	3.827937496001407	-1.6018672002062715	-0.01886021408537231	8.657551476078817	0.18193502936329978	-0.1513362721579521	-1.6607161262492975	-0.2135648639534978	-4.5762565147946	-4.089137963348261	-0.5956645668417736	-1.5827533259242321	3.6965874339481313	0.29376882219715333	1.0865638714414698	0.7229404801671621	1.418379449096314	2.4358472953792143	-0.6039330797301563	1.0214974567656256	1.1110173790242277	-0.7167679353400261	0.0499382036780797	0.6706917532605781	0.4755383399057181	-1.7897137683848772	1.1963394398103135	-0.7877999306358483	0.5266680565262111	0.8123416600413097	-0.9833057959348434	0.7980480095668842	-0.9421003695359698	0.5635374103667081	0.5962245424641451	-0.30571701055432915	1.4254795997200709	-1.0657311256787385	-0.11961814996721513	0.27746867778008766	-0.36340725966304627	-0.8648579056635474	-0.24555991631284874	-0.25085256255649513	-0.290127050265678	0.24698173877934748	-0.3152652948649204	0.5503050939632919	-0.6392241850159258	-1.1276247111954403	-1.4531748622053653	-0.29817764949607506	-0.7271779464432208	-0.9485245816727986	0.27245412268616953	0.0386231887191271	-0.19464521634854243	0.5080304281126977	0.7720583897253839	0.9306177366713558	-0.92066658242937	0.2919366035868887	-0.17896818290868474	0.627799030109861	-0.21629926439555072	-1.2354334795992685	-0.5047090950741242	1.379818526069934	-0.6606914879761098	0.3100701515142097	-1.360025815647144	-0.19839316869888723	-0.2572487681154183	-0.3126362793411287	1.051771125868601	0.9193054389203189	-0.4162496636823224	0.03302619534891753	0.37653171991827367	0.47486699326207066	-0.26370235969465455	-0.24123958758298236	-0.08824166151449277	0.8141149189790177	-0.024499072172693506	0.2781321706326267	-0.2698259788316884	0.0787010598346127	-0.35396469238037037	0.5746557797589805	0.8376947168182429	0.6798058984257961	0.347878242912954	0.1827917965271878	0.471462835647949	0.5586608603422646	0.0640913725669745	0.6095082012184262	-0.039570699921026416
DTXSID0027197	-6.772605403487691	2.5323306234885075	-4.1015316589914566	3.5467156204077903	-0.509288931570568	-0.5835976368073844	1.0739939199288802	-1.1421028171000571	1.055697612487254	-0.6457121547590019	1.2675191107356283	1.7502439141197754	2.1646709051334243	1.0534411795670988	-0.3040906097512191	-0.7060279508563656	0.9401100974710059	-0.38035042402687724	0.3908491666272379	0.23780833991711778	-0.9306770522929908	1.6646259020654284	0.9795790085608513	0.10935968967033263	-0.007260973916555514	0.158338144631487	-1.4019623838597848	-1.2590377722993833	-0.854834094010881	-0.9589735105178322	0.5768772437630089	0.15006721487481445	0.09510712303407311	-0.5644155281728083	0.05990539142292712	-0.22858491131933453	-0.04700686704340641	0.036987771225742976	0.3840568441211987	-0.8499508248679907	0.19857990637370465	-1.15895772365437	-0.23892408925166875	0.2477942446833975	0.41952358706595716	-0.46645150365558996	-1.2322655534280973	0.08675726532433715	0.41073201473981424	0.2662966080235305	-0.3375143512912782	0.22681126633590015	-0.47174473686682317	-0.23282296652840548	-0.3474899382666509	-0.9856410529890639	-0.3412360708920963	0.5240474911920326	-0.009358405369573296	0.4445532434432956	-0.6243244616614438	-0.2844838348120723	0.6844256499655217	0.8316703806759572	0.32247104648852776	-0.07677433048488035	-0.4363144522752334	-0.03944327921945085	0.8247603559478187	1.1879700665183908	-0.3990211112317527	-0.7457875170516829	1.2389009447865047	0.1754789821649967	-0.8069117424582452	-0.36501567499120857	-0.3578518046773116	0.03951956300812038	-0.5396893766296703	-0.0627288607527277	0.16229647535840672	-0.13119534263221272	0.17538408080887982	-0.3308586521274119	-0.08758575633200782	0.02088829314115344	-0.26423850981432656	0.05644115578638189	-0.22578853818226233	0.211077883338027	0.7168870758282399	0.6310699858380284	-0.0785488777795191	0.3416483596521148	-0.34170877859043675	0.48977331867069007	0.12607340530709663	0.5654453820700142	-0.38134137937694623	-0.01149151939911172
DTXSID5029683	-2.2507084598306815	-3.1599620445953747	-24.786031252297317	-1.372091974241668	48.79950128553724	-0.009873684973841675	-11.393816296048431	7.016436395611209	-9.234502069498337	-7.035162802401927	1.1472733688534225	-0.5756415953560843	6.576223255303944	-13.747906110946115	28.679231394817315	19.79116912135116	2.647352738812976	6.640881966728743	-0.6841732374726699	14.223574441999249	-1.967115648746696	20.59679434027786	-18.264735483571695	8.37679612474611	8.722535418301849	-13.815458038531938	4.336602829164768	0.976036917623924	2.3839102919947144	20.023078695486337	21.462536163387604	-18.330494353610696	0.9559507714981162	8.084902383053278	-10.149318634151328	6.2363271713878845	8.750246088585117	12.706396076612917	-14.892703407255718	-3.9366128698678726	12.678172368316648	7.274712001212978	-14.776863125280299	6.698110842075895	-3.972300578456709	1.2369818708890776	1.9744518897627332	1.2078605972797236	-11.448546024462859	14.815657278111699	-13.1563733819664	-2.7523990153623368	15.42605299444432	1.3735151906936696	-12.676399870917791	-18.76552065107165	17.921199843177074	3.096771312209622	15.19809330232682	-3.2223371005365338	18.520350336867665	4.927952620153863	1.931141093082153	5.202747840906515	1.5300052037791125	7.539815913443751	3.838765584400391	3.5889085784741823	12.732530392106252	-5.284707727312609	2.325112157457735	5.708893195018156	1.0266865721775276	-0.42334578544713686	4.677366250876832	3.5168672715021123	-16.55079416573767	21.26532267879837	2.7739924475541313	-11.909811487281273	4.2706600166373265	16.33247745780448	8.533310044474218	20.711990145548352	-7.147477184426817	21.85091243783833	13.236708788340453	-5.531143577660078	-1.9333440063609146	-8.206336444205046	-3.4268941663361048	1.557885426062119	-0.8198335636924489	7.140112599200236	12.3761733479796	2.400673595105103	6.929625695123948	-13.920116628228167	2.151882835429204	23.438265646460632
DTXSID8025759	-0.8879844166184039	-2.54260625601071	-3.319605655408328	6.871617065908269	-0.7074350361973252	1.7196161531601648	0.6386233402881587	-1.2427550557541767	5.627467434309275	-1.849637534194319	-6.345648521685897	-6.461639512222183	-0.06984404566897291	2.772690535167277	1.8393417162483812	-0.45941653767272567	0.5205694055423874	0.9298345768652182	0.469103856226503	1.5434076842266715	0.33258396832753745	-0.8700038281563005	0.4751144320105039	-1.12656903221199	-1.241041792268342	0.6836365606707827	-0.5720415517230086	0.347579475699993	-0.014091300367569637	-0.6874092590798804	0.6802863475541758	-0.2821973438064381	-1.2179243040550665	0.4905693717666537	-0.062468498282447465	0.7031849351354057	0.3773311640479792	0.9541142412075739	-0.2655567020027696	-0.3796136334387447	0.6599717380072612	0.9240250313038259	-0.6028726260799248	-0.8343262433739801	0.16119725018274658	-0.14786610242676076	0.38334545963952305	-0.9161126098281069	-0.3640507567349839	0.8109781499252494	-0.8128982550363213	0.07129195362018777	-0.6313075933184366	0.0667438456711212	-0.26241911364873755	0.7499592790255276	0.10441113698324575	0.8083483369034105	-0.8668191011049411	-0.15311956420806316	-0.4501847937876785	-0.6600714491643977	-0.29772051754887385	0.4861735163538062	-0.18165240212620143	-0.028024283310103607	0.23509396709555316	-0.10838763863508298	0.9638617959678473	0.06840923285325896	-0.19700765525096645	-0.06739100885773729	-0.5948242688973604	-0.6895151831794872	0.15700947323798173	0.5996467996762322	-0.14142485351551465	-0.07269396661729742	0.4490707878520842	-0.24159471806147417	-0.13318633483446166	0.05069869946674895	-0.35072990095560747	-0.10833779115196007	-0.3028496126374844	-0.10690946716502726	0.09280760192185197	0.20360719026630483	-0.6663003976061742	0.1373795989218807	0.15851363784196879	-0.0851297319689364	-0.013570284456855257	0.9599949702335451	-0.569891388249541	-0.052641338246192854	-0.13447084638828224	-0.02028118281831083	0.3747240238638614	0.3993358708706043
DTXSID8047921	-2.2869760192118	-1.5230303566132468	-2.8543829444358684	-1.9475609462149295	-0.9152441692599804	-1.4797037220018445	-1.7587812776911915	-0.9050394879250828	0.8720265715453521	-2.8508971145161177	-1.9079506221606157	2.7019346023435737	0.390324114150998	-3.4802160351478584	-0.7864643168377029	-0.7160917155410168	-2.026159933180046	-0.07027689304571436	1.128674854433703	4.147726601250167	-1.1120196929609267	1.3866446066947256	-2.375394524312606	-0.48452838074876015	0.1437496035896751	0.7963294010978922	-0.2296654844877874	-1.1141454354603242	0.7296526192558473	0.5551413565419837	-0.6965561652180949	2.46917846406825	0.053907621976107246	4.393900844493418	1.8463197881000388	-2.007126372884027	-4.179294142450182	6.674771111738489	-0.6569106928695073	-3.5201550219310507	-5.470736383444072	4.6091356507722425	5.551965878086807	7.840969428373447	-0.9639565691900984	-5.096491103919872	-1.621485644836822	-2.720746944092999	1.674784506307896	-1.7679174462977871	-2.8757178221764437	1.3537198098315906	-0.455225231798809	-0.6849255377274227	-3.0319753190746743	-1.3149914334767854	-0.3348699644524446	-0.5284092271391009	0.22121713216990588	1.5466703739141097	-0.028456753322741567	-0.5265150457660105	-0.12198685251358972	-1.9536154144948823	2.2485428619871057	1.7708207642768428	-2.146438115954247	1.0923896856449509	0.4497613646449443	2.2035346896701524	-1.916235596953267	0.7995288304045325	-2.6859291986943723	-1.6703636024935333	0.024783253808321783	0.9595276025372658	0.3545409660756034	-0.4240377065600242	0.9579865668648828	-0.41884228420229214	0.011951002825556011	1.6030215453121883	-0.33615201702382036	-1.5140210757907364	-1.1967385902725265	1.310145613235984	-0.7321239613010463	-0.17535655212179585	-0.4917515617554565	0.18364161427125725	-1.7190503463154898	0.38679527107634176	-0.4318985951264025	-1.222994980084891	2.44275294409274	0.36936127961194176	0.2243708633437865	-0.0004899489548839548	-1.0938233867336968	-0.04720035443625466
DTXSID2027834	-4.769234337811645	0.49581108585567407	-3.759437723728489	4.238373222373659	1.4049424964615322	-0.12441506980189997	0.46509337903805387	-2.463725428453836	0.8507441958971697	-3.421992743221607	-0.20475015260580273	-1.3825955498628542	2.0637687292076095	5.192423885230817	-0.008481313844723086	-1.621784476420951	-1.2095923825661286	-0.2614109412138234	2.5107942935480367	1.629136945787123	-0.15852352142250564	0.6328375131833711	0.45327134443484834	-1.0629579288723539	0.21315135734411228	-0.19054840056650582	0.10176533846567382	-0.10629420268101021	-0.2538510852862028	-1.1730417599953569	0.6564212434529351	0.3978367662388684	-0.5414778369581791	0.366560897526109	-0.6466090225221559	-0.10399937352332943	0.2661855667545614	1.2148914342060835	-0.02354651766619667	-0.1437419475658703	0.3452495937681716	-0.10697000378797214	-0.42077902119078747	-0.7093730582876279	0.6976289536844753	-0.6727902078932763	-0.5752368278901264	-0.5505558351649267	0.07789869448640895	0.4383244094114208	-0.8981496285924971	-0.09895609375928577	-0.3340819023157346	-0.6527025781981125	-0.5065636542105127	0.2557877841786194	-0.29292886334101026	-0.3498126139270593	-0.8628718449016651	0.7441324294340153	-0.03808827795111995	-0.811885492897521	0.674816087526938	-0.07134345589623203	-0.1954395733521929	-0.13930078179145297	-0.5506028694584839	-0.4926838839106712	0.7908629463727374	0.011415235620636472	-0.2768865128741094	-0.23265274322207907	0.17325711037311764	0.1376255174799294	-0.005927899198948504	0.2626946905263962	0.02068942980407058	0.09666754241756313	-0.09398977506990666	-0.5018749971144693	-0.19950964505439447	0.22804402035496765	0.2596852102515913	-0.17305843027969633	-0.2684855521389982	0.16369382915955855	0.3064649102070302	-0.07323306423766805	-0.24681580533283665	0.47821782232440235	0.1555681268104215	0.06998141030071363	-0.10707774911191197	0.46268353653188193	0.026348500943920206	0.07785665770243824	-0.2045069922704729	-0.02358596483958214	0.5726951587559816	0.44890397456334086
DTXSID4023200	5.099408496179196	-5.649854619518895	-1.3590361224697067	-3.631245750955653	-4.291587019641286	-4.807268529401383	0.32089029622024684	1.7234015203063304	1.3725932654345843	-4.846921478755895	-2.1012924724992312	2.7491990364813086	1.146084679331541	-2.487544174116785	3.103836089083421	-0.6114298563496064	0.45072416390232317	3.821695846063126	2.807349534393852	1.5755533125340295	-6.23565914519966	-6.228729453238419	4.458312068551759	1.8610231236182833	7.130414644540619	1.9494037133935809	-0.07048760836126947	-0.2983597665029472	-1.5615036992566325	2.3816178378111985	-2.7247296700676906	2.632919915952283	-0.5966239427627551	2.8295390889740992	1.1739662158124435	-1.809723022847945	-3.178088593233104	8.750074291995878	-0.031447001763939955	-2.347145840533311	-3.5736155887044285	6.736430924290099	3.5506962821527757	9.304621131180381	-2.2579361933333773	-4.10237219254783	-3.111378191331037	2.594746032821916	3.482049194701511	-0.09110090650228547	-1.8263024700205983	1.5917987374701725	-1.3280978346188905	-3.4814891059050805	-2.6865743324384463	1.202699471621855	-0.030724293344993294	0.23070734311774846	1.8506865311788767	1.6235976302756487	-2.4376476000578826	1.6294249505250653	2.082955056249269	-0.7708448937543582	1.0158660482291395	2.2759844201779766	-1.0499300588413951	2.6440151051086844	-1.557310938198164	2.6295957203959164	-1.9315557194290394	0.43577668972611167	-2.982271146681217	-1.3393977219443445	-0.371483848011515	-0.11019384912358668	-1.720865970846139	-0.5321088119928884	2.0380767457115927	0.49168255002596717	0.13784009858608992	1.2305847396600793	0.11835410076406387	-0.9499259286431436	-2.098882583274049	1.094752542031573	-0.8011303560539808	-0.7959452691368506	-0.9517776346276499	-0.7569250909477033	-0.6667248982203882	-0.0646587114469059	1.3554003491633377	-1.5049087091733229	0.9586567198983517	-1.083030580857187	0.7847355896930882	-0.16718134926851877	-0.637109841029401	0.23082424105770613
DTXSID7042437	-3.692370744859883	-1.7919054752668264	-2.8868861959433594	0.036421185332072586	-2.222172146678926	1.3704001609217624	-0.6323011035054413	-0.5983770870512595	-1.131221195543358	1.12783675456854	0.9958453263314636	-0.2335337404486176	0.799724771998848	1.2130297556063623	0.05089307334660771	-0.6239867923351065	1.8835053866000555	0.5453864434972696	1.083956008451785	-0.3108531908627698	1.064694174035247	0.2489509074204848	1.0690088641231796	0.09062920868050907	-0.7474678471997146	1.0480618849819938	0.09895556059961633	0.5993232029902299	0.11936317619014893	0.47993839403071215	0.44089323533754454	-0.06837952582838032	0.6922649875775065	-0.25392241826390344	0.17800253059421545	-0.4125531025173091	-0.3541250728380101	-0.20166070467843608	0.22427775744475348	-0.002182334300176495	0.23378296724684725	-0.7605933752393464	-0.3201385988558935	0.5104339818109794	0.28072522111497505	-0.5925398472702125	0.13062998170996423	-0.8230722355970671	0.3590570726864882	-0.08462698395001231	-1.0343329487371762	-0.5823917590766151	-0.028425162525977855	0.35009023823608937	-0.31037621736293824	-0.34746010603714333	0.2747592618368313	0.521855295838828	0.4273605046038034	-0.4764100511969891	-0.5782667461532401	-0.33678551114117317	0.377874159356872	0.8273667635883752	0.3363587150814418	-0.03631196071036985	0.25892342033035165	-0.4154104653591205	0.09243469456343072	0.33919710373005274	0.17465356225804593	0.29049960333955877	-0.1473217466797096	0.5343073605910057	0.3597071169958508	-0.028301171759568394	-0.13785462765774928	0.5278064018086899	-0.038215624581968255	0.07461418932522523	0.02185941062846034	0.14292677753389976	-0.5085617214883702	0.16380889828410808	-0.14343020697481176	0.386708356789543	-0.5896783251283011	-0.29942506953388465	0.4944941154963048	0.12083688444190956	0.025818572885292893	-0.3814542934577697	-0.46314421653679766	-0.34966746665453097	-0.008765000049387024	0.17453621041033313	0.1046356039992915	-0.1181700479903137	-0.12313892133251704	-0.15981071053282708
DTXSID1048831	4.1593631491959036	0.2697339088850114	3.6797161084270353	-0.9791719552638366	4.574119482049485	1.8069736774510998	-0.6295230759004806	-0.20459278911693748	-0.4303154965602585	-3.959288037595231	-3.1140679371018827	-2.348087236239881	0.17832669995409137	2.946476581182779	0.3176754143105467	-1.8953486028383486	-1.2721875571164838	0.7686931603691721	1.812976784249527	0.3672764012844682	0.6925607140204709	-0.11613177984040221	0.707144622536851	-0.5712567171856625	-0.44870551090134364	0.5646834202154668	-0.08045107911224586	0.3800813727243585	0.06278139708651909	-1.151667702308206	0.2033675880124165	-0.4846661015801379	-0.08170936781314032	0.19228234843385064	-0.1575415365202784	-0.03855831370429062	-0.7530764630281355	1.13787162665852	-0.7164474103140264	0.9308092413078499	-0.1536928588390809	-0.45775743009217185	-0.8110556563686087	0.40398285512225024	0.6868380756985623	0.2019584016827886	0.054192976702989996	-1.6106730484688843	0.4598691140895844	0.17851035369777676	-1.0119619657871268	-0.07207195660372677	-0.6738582326869107	0.005758347740116059	-0.0454568531957834	2.019020938721335	0.16519211649055893	0.430690663899543	0.5433766479527503	-0.21067120000259704	0.16727238481203854	0.278336936977336	0.31015608160850106	0.6168697055494107	-0.3367814289330898	-0.7752656028260814	0.5311034546824669	-0.7604186168666704	0.7441610614612884	-0.9181729005321877	1.2662034749473654	-1.0587355572092947	-0.7846581605689327	-0.03852777522524494	-0.06256739780227731	0.6696723692752786	0.5014177161977939	-1.447966559633514	-0.6079423168255831	0.4919956968808054	0.8037917213614222	-0.21928775387736713	0.181563219847827	-0.165504553350335	0.8093709520629006	0.23679925740815178	0.19399520461150677	0.7041925317114941	0.3738753293015789	0.07917783021136587	0.09201332681967876	-0.34384889986019335	0.1759143520861925	0.8877652393742512	0.03449392211855198	-0.12636363557864963	0.1507902943711825	0.43320811634940576	0.4841749102138442	0.7200997403042262
DTXSID4027608	-1.9714183409731676	-0.9835804963234615	-4.007709065948981	-1.2205838902240889	-1.3215154549675563	-1.158917067549962	2.090342823957942	5.487069112573679	-0.5394740205652326	-3.6756424460430663	-0.1643848904297143	1.3440047544730056	-0.5316380075845845	-0.9356436149762154	-1.0826432427750843	0.41311148141014237	0.2201404113655156	1.2554065357896766	-0.5737251156952873	0.20764075117890743	0.6924860634732951	-1.9638142257693216	-1.2883842810959227	-0.6926586974350125	-2.3491984845142233	0.7334957175383509	2.495838772864099	1.8325874246619	-1.03806831080884	-0.6953517797780253	-0.34918144951008184	0.011895985507749809	-0.48449346991019354	0.45614466275131543	-0.3787482143930953	-0.5438336207299224	0.6092961743256127	-0.07715664481187097	1.4000325038818624	-0.8525653656776875	-0.0828260371904814	0.219658060387716	0.12994798098123783	-1.0573174336177011	0.45399165597399427	0.1524865643246698	0.6282312661352165	-0.42033973569779043	1.0779793213618887	0.5563407447482976	-0.6166021118517855	-0.16564830752558618	-0.99894344382154	0.7591711373456234	0.4071666326126212	-0.9623523696553758	-0.24416260910503165	-0.5793316604398249	0.34074452205705275	-0.4885842319993617	0.8838641615896875	0.15259337264908443	0.7973634879038831	-0.6291604518908442	0.3338235664857699	-0.15001327517257498	-0.6430819105044273	0.029545543118893926	0.8565305146500833	0.4366385181219423	-0.023027371245175326	0.3035075170297842	0.5443856801706571	-0.6279863454189518	0.5261454680186296	-0.457287115957247	0.7875424208332631	0.21098641414346272	-0.22850133801302208	0.031435697585898884	0.7260447979115595	0.24124632882514827	0.09885602766263459	0.2570265541532085	-0.3587669250489244	-0.17874585926471773	-0.15931332885633684	0.5979738692294778	-0.5077839788410785	-0.1337617830441399	-0.0701648879272264	-0.048171712944811235	0.09213200735915751	0.2559520058678625	-0.23427982993179855	-0.059991210958782695	-0.036895131431790566	0.18718234943970546	-0.4950250175356905	0.3741584030452021
DTXSID4020167	-5.808102097893643	1.749696317882457	-3.8715644662158994	-1.4714093240306165	0.6466238390074255	-1.0856096886282742	-0.9781231996333783	-0.4055845020784842	-0.9649956538426431	1.6622213694184858	0.43123306281254026	1.3684446488070907	-0.6666800036682997	1.477846503812676	-0.26138791059323024	-0.4103929324705687	0.4220172927380616	-0.5948130988052012	-0.442100299282324	0.1729735394307457	-0.7000586697580472	-1.1115054700569378	-1.1430603300876927	0.7072699005540668	-0.07347905063235209	0.11584230716279895	-0.8552943282204976	-1.9112520252943612	-0.7100425469386175	-0.5268041172587764	2.5660234426653656	0.6136050876304646	-1.363866157660579	0.4909878227741201	-0.3760194591379472	0.823786705485837	1.430845611893987	0.5112210916381602	0.31316182954740396	-0.1306119543110114	-0.8225698638702712	0.22741634893377033	-0.14818868863028242	-0.5112530146434722	-0.02088197900859867	-0.33382273498196596	0.10211967705668452	0.29568315483709096	-1.0253921427136783	-0.8205267728391313	0.5433559553824864	-0.1250687493770572	-0.9921395371877991	-0.3107434546959891	-1.385591418200586	1.24593168236794	-0.9960203480851143	-0.6114320183234542	0.37897749131633834	-0.9098190927415742	-0.2328011334164744	0.14177646329258722	0.25242123791191473	0.42135430105306687	1.2904426075478048	0.37276679601075974	0.8988101614399135	0.05214892989421822	-0.5766664248025675	1.292829751839067	-0.42662719094953294	-0.9796670793904212	1.0562112132033723	-0.6663711503935873	-0.4819666709440646	0.3082128467019162	0.04612157730946604	0.187711453940338	0.12972035907704887	-0.3551534805510732	-0.18333062071717174	0.23936663928281374	0.16845310887433895	-0.23439753682270104	-0.21614717051737806	-0.33991611911939246	0.08525255116958615	0.3871283656799717	-0.5040058970565853	-0.5086904503888665	-0.17469938263599377	0.27421250099372596	-0.06310661289041956	0.28375155873649055	-0.2550458136462484	0.16340666744272128	-0.2632990266897191	-0.3022894787279947	0.10393347859848906	0.4781979219807352
DTXSID7020215	-4.48165125570147	-0.0038715687625611368	0.7975576882829678	1.4130393517878	1.3047025696637309	-0.8504241457261821	0.7598880065926777	-0.6550203004415363	-0.3062051903556491	0.2507276002046988	2.477124890188156	0.5289758342259254	-0.3968115149738034	-0.37305591839617575	1.056962644599643	-0.08813264761318813	0.8091799867042947	-0.8867774479520052	1.187820467754392	-0.34451550992322527	-0.03228211382047349	0.11334877853470085	0.32459534747318	0.6417977781178101	-0.8462634974048814	0.603257516680495	0.684571374285554	0.0075311308081328935	0.1707933863815388	-0.7949324774070129	0.1781949646653505	0.5511049279547828	-0.5081397468595109	-0.33919185596771584	1.676179372859196	-0.3021469681852079	-0.3504844662013037	-1.0436750729198265	-0.02680515267428024	-0.6949739432704534	0.4166179441927853	0.061126261902668365	0.2091671392295366	0.44963607018926355	0.3874795351482332	-0.25869286059570296	0.4543207926073046	0.22503408844194017	-0.7970451897043795	0.010662179460321022	-1.0667980119440075	0.3176289262884182	-0.2141714327250402	-1.37315862114404	-0.5386961059884627	-0.5180314688013141	0.5273438366252879	0.3231861815530213	-0.5234122428883875	-0.44419672042669917	-0.43494286762530526	0.2266137531631992	-0.5550320446750342	0.5203867976371516	-0.13431214127634566	0.40303717931398125	-0.35110627564139535	0.060781621329917705	0.48201719377522506	-0.3250424145390631	-0.09552115786470525	-0.716320864318487	0.8357600577627524	0.18832557613514495	0.17803785784971723	0.26698704695945524	0.7141241569247853	0.1245468853482929	0.10244731014552358	-0.17511214691347043	0.957663846550844	0.14325683380592621	-0.6342536436473782	0.33946155422424157	-0.34853272970514276	0.8636038927653058	0.051852517299961	-0.3952247971848651	0.0802893095867919	-0.20859530462479023	-0.6745892050226235	0.21907767557564323	0.16567024848106243	-0.0038654094663420915	-0.164248976495669	0.12816953221690647	-0.5016705236636988	-0.21701765674646933	-0.6463019145090669	-0.07035233356953036
DTXSID7025136	-5.673874788881263	0.8440849965907532	-0.47326355601466025	2.2013332486746253	-1.7260424272365444	1.148171636426852	0.419335141385527	-0.5262923198290022	6.447816096074212	2.0853051510776788	-3.8855613338167485	-2.850535741805498	-0.9364796838296849	-0.8880325284350239	1.8774874925486296	-0.06344944394489153	-0.26567154844859686	1.494017783993119	-1.2884779113108602	1.2703976057135824	-0.6944124589697331	0.08638475318919547	-0.17235828222307645	0.8205421947573497	-1.4617771734134963	1.3455591174502042	0.09183212297161936	-0.04059776295447377	0.6003994917984613	-1.4235003178227046	0.7696328873522079	0.16133617350609272	-0.8769563057618165	1.071045707589383	0.01395263602302558	0.7049933203866854	-0.20917450078525202	0.3581577304741556	-0.9101857170786795	-0.6510656617541437	0.1394326749162799	0.3349732154954855	-0.2942576547006426	-0.007504992848115756	0.7979098472235291	1.3114914495898078	0.36131582844669147	0.03665377474321394	-0.09712173710385794	0.2212939822992816	0.2926981857512501	1.1783917005207798	-1.030711277022603	-0.022355739763341747	-0.7161516101251673	0.028716043510026146	0.6920290454222957	0.23804109958054423	0.4244648754104842	-0.16132954733292987	0.9264314322435014	-0.991055749373872	-0.863050224527106	0.04030497815120147	-0.09132636206448054	0.08003470466692857	-0.448790851571605	0.2890301873837948	0.4997918640532372	-0.6696818915863822	-0.0077316881059352055	-0.04152627645706661	-0.47650524846494047	-0.7660765063614522	-0.4656724443153066	0.6475419980436198	0.43435157546271874	-0.4686767261809738	0.11673930768868226	-0.18220459315866686	0.3288923517522253	0.4930150325628314	-0.00687244475204767	-0.07146103991974907	-0.001781151209378708	-0.6274103725909321	-0.13043327295919308	0.23888453302805898	-0.08103983592220568	-0.36698538021526134	-0.1255543104787106	0.01772307221206721	-0.35893968066943377	0.018563297817077214	0.10166139873736092	0.30890077811911204	0.1695223681796131	0.030201427556093015	-0.24888188518688878	0.31833575536634734
DTXSID0052598	-6.545425751484575	2.038412979579017	-4.028447321697051	0.6701163198904031	-0.6122920265785454	0.8871213581488966	0.8606586032462642	-0.865430290501387	-0.45727115497632215	0.07749914180109707	0.2445987784351146	-0.06640505900456536	0.9388079626974039	0.5035026464636081	-0.13032961299729642	-0.4713872539896584	-0.2244118079591473	-0.02016042000401414	0.17696268496342096	-0.46030085982814606	-0.3062283396592738	-0.5842680647249249	-0.5571171551743503	0.0932825097055777	-0.3789175239498775	-0.10274750540228644	0.44555897785359716	0.21937620938113475	-0.041029534984657404	-0.34345193702193744	0.5878675728342487	0.26537594399177666	0.0719574825485401	0.6316213757219349	0.058012420798768054	0.1936114505423915	0.02616007300359334	0.4734106332409487	-0.3060270997527981	-0.11562011155504649	0.12057648038410179	0.17954467749478628	-0.058751933560896176	-0.5462237167043464	0.3484679993541578	0.024502822129403024	-0.202265725850496	0.257623757118047	-0.08087711964798244	-0.2236779200635026	0.5065359187768061	-0.22582615569528103	0.13758772936428304	-0.2519566923617129	-0.2289732838484323	0.017696539225849812	-0.3523673805471603	-0.4846911046367061	-0.3292384511482409	-0.16841654789270263	-0.16045370509560536	-0.4391072963262014	-0.6454511359283411	-0.36189185462853074	0.5237782059105007	-0.2728177275313078	-0.37685896376780864	0.5455001394253222	-0.03130093594397243	0.7687100450074691	-1.3938010371184972	0.05800003967550463	-0.052829947184968355	-0.606258051598773	0.08028927505066098	-0.20354255274788713	-0.2353842615622106	0.6106656478567533	-0.9416378307253556	-0.6703509489633791	-0.1098127480044851	0.12294239630511275	-0.2382123645884135	-0.04369756829677917	-0.19357524419677305	-0.2682294056849208	-0.416837644676732	-0.933918995448447	-0.12214364213372686	0.09738843716490443	0.10803635438422887	0.9706830333058296	-0.3566492007051529	-0.0035040179702644863	-0.49701869753409544	-0.293490766169629	0.012033895749545625	-0.2874524258801914	0.13043166602284123	-0.13598595638617894
DTXSID7022883	17.95625318383825	-1.608912029566108	-0.13937065013045025	11.501688917201626	-0.12408065916836804	-2.112237069089395	0.1213415531247126	-0.1628950193398769	0.09973375951780848	0.6277824637985011	0.851375278328824	0.8417685021464756	0.6382275710490699	0.9037216050060556	-3.162176844980466	1.953618055621063	2.160984145774729	-0.9965434449545425	-3.451529230010041	-1.5831956300012662	-2.6961729437981807	1.0679656963636333	1.1942956087318903	-0.7203633821388018	2.283341572115679	1.9346617353252389	0.6633110272679258	-0.5809369087746227	-1.18614240509662	-0.5040584764042103	-0.6036725175150682	-0.28873272468979716	0.6256382548378391	-0.4792275167482027	0.4963529659462415	-0.08157513402084342	-0.37461120583926244	-0.49468890461837367	-0.14252318717359871	2.625957503755769	-0.41130971926933435	1.0159361369737048	0.8450868257908392	0.29001700680746884	-0.5507243131794226	-0.09404677702468972	-0.2561381837635834	-0.5239331119292303	-0.27015599781432903	-2.067115982327713	-1.6217648103110882	2.077041021900408	0.17106322904226992	-0.1736336561135591	-0.48228930199078385	-1.7087247129740055	0.01060061476017939	-1.59074031920244	0.4549921827342024	0.6403419143878206	-1.0890674425762175	2.6165011596091783	1.1829784639378316	-0.13147541870096577	-1.0238374431514095	-0.687469337836731	1.2782305328112185	-1.1200382510790565	0.730954999691341	-0.9078552383858238	1.8226814644262577	0.1786561126812658	0.8701934727972614	0.049816578526597564	-1.0884385069639952	-4.136495178368166	-0.9255378701015706	-0.2896380279357917	-2.253413174818766	1.212095541620934	0.7241712989635718	-0.1390731729368534	-1.9990913258341316	-0.48849970200121295	1.3339012290713892	-0.34664669556454686	1.6085167065338104	-0.28793460114432434	-0.06294660515479826	-0.08315004509734608	-1.4661909550529517	0.43758230982527174	-0.0015817785481411085	0.6014492318969022	0.8732812399478446	0.5408065520249701	-0.5205081637944984	-0.2693529891733191	-0.57745584832923	-0.3283064010227457
DTXSID8048731	6.011220200249277	-2.263878874943605	3.108793948718229	-5.092578112210769	1.0640017706483385	0.5548944520284298	1.1276506717568995	2.1091172356542174	0.6122094304018096	-0.10290691776719958	-1.315686708115331	-1.057759101876055	2.810012922222276	-2.2525814077857813	0.8447970602838275	-1.0589949494891764	-2.475465951032786	0.03720956388953716	0.18413454194432652	-0.4429120303883782	0.7115725782235397	-0.9271318913656363	-1.3151998604652186	-1.4035043898959418	1.1711856175348676	1.1755453792696668	0.20263304561546516	-0.12920146825540496	0.5208202889991915	1.857061748183443	0.7473488279806041	-0.6382973273429389	-2.1662713338429205	-2.6778716467913997	-1.4258371874876383	-0.05085713034093528	0.6908343610321771	-1.2351246954067667	0.859925963456776	-1.298349470900265	0.06861459484878601	0.9858453848279752	0.967406494629267	1.6086839590104591	0.22641003537174617	-0.5028066767678812	1.6879090001123105	-0.6092095098625172	1.1550597256275053	0.8694412997404677	-0.019979400699729633	0.17237671944447613	0.6440461864690319	0.010361151132813448	3.0041293701219405	0.2707381458487176	0.7631319456036362	-0.3630643864029713	1.5850938863921464	3.9684203686541006	0.317275901133524	-0.9469995309958231	1.228339015831394	-1.8553335047625783	0.6810876866114755	-1.0624470047548649	-0.2828756800583066	-0.1209522687814946	-1.0811268016680446	-0.8336845580514983	2.5405211249483868	-0.9680362551372	-0.5109546262434482	1.3112304849914933	-1.036776186797376	-1.4890825660743476	-0.10472459101443814	-0.16757692112797565	1.7611840036927153	0.4346797986705904	-0.923348551948277	-0.5583543752451112	-0.03548143289549828	-0.7111330934651674	2.42145276899285	-0.1544218144693794	-0.7576850503221675	-0.22946067327584438	0.8823474802456722	-0.9248276787028048	0.27982291832295353	0.31854404717815654	-0.27984277273381575	0.5494756730757714	-0.46295098547163666	0.3185078898391816	-1.1944829697632926	-0.03959045230378821	-0.5242181536112218	0.20907567133348365
DTXSID3024102	0.7608348604128073	-0.05937802292067369	-1.5923917661029718	-1.3987312300508477	0.7260101118229872	-0.5787926816380934	-0.4022651030109451	0.79405799210356	1.2926782926147162	-0.7291838982777343	1.9372552476734257	-0.44197225771413373	-1.1061534292460775	-0.7023343500261124	-0.21385337255559814	-2.0803589250605685	-2.61273507215271	-0.03300913573195126	0.06943625908698199	-1.7552664228050414	-0.36083145946586676	-0.6929456156212015	-1.9918817550335115	1.4109410945992398	-0.010882607568732801	0.966842000898786	-2.4638546344514136	-0.5647749517618317	1.4686153609426342	1.023833252393237	0.6232884877525412	-0.5514468116171333	-0.05742550453102587	-0.26145864405324143	-0.4289649082385082	0.8298188006435733	1.244189213291808	-0.3040004833671096	0.9241603232616582	-0.537730909603194	-0.25148907322800795	-0.8589373660815003	-0.11490860860125748	-0.045143845303859925	-0.009698919945741685	-0.9564909138530442	0.4722544557468793	-1.3468654393405484	0.29084884011113127	0.02298104281017172	0.47579442139825556	0.6638395675592907	-0.025472268346949968	-0.08663322472760843	-2.251507344300362	0.1365988913315993	1.4441632192895337	-0.1584395656418346	-0.7846620974456028	1.2027091979809454	-0.1378894970235471	0.003593707825238634	-0.4205715883262854	0.1940344651715074	0.9526357206359503	-0.08808793963047251	0.7152906944424006	-0.33184175435494234	-0.9284265298512461	0.19191459906355707	-0.7162305201070724	0.20036253913406096	-0.8521446186054108	0.26980713886733076	0.25160270162705584	-0.33487396453706514	0.24695755768924632	-0.8909883269527256	-0.7172505812658815	0.6197139249392265	0.9171651195857815	0.6130720624548371	-0.2582787908011097	0.028074083104586506	-0.266002993634184	0.04420101859394315	0.0015568512229796531	0.026729287694084395	0.9093246280035208	-0.7028160466819183	0.10794399582770252	-0.046988528341332686	0.2877236371772049	0.5571772631249594	0.22045061244542605	-0.07606120411702069	-0.3194243623001121	0.12860581935582927	-0.5971324545434428	0.0849816755994487
DTXSID0045175	0.019683530546243416	-1.9985642800081742	2.923960551101712	-1.1340444678986408	1.6636012312567094	1.359565301238386	0.5630389128198448	0.21853581130348002	1.3676095024351282	-0.40455085146581465	3.420544451803334	0.44264058174430243	1.3427336335495486	-0.6749291859651652	1.1965402416554627	0.6460101166358803	1.3652132439657092	-0.5602541487655284	0.8493422613231428	-1.7668821902315368	-0.03361395774937657	-0.7516741812564537	0.41124485886635775	-0.4788858250671847	-0.49418093258041973	1.3719990991916577	-1.2654954008798336	-0.935708382339522	-2.1292346614435504	0.6868882548014756	-0.6749843705866283	0.9196009417076371	-1.887688904425732	-0.7887487479976759	0.11973525841541029	1.3084134130980636	-0.004281219173915642	1.2393268522393646	0.11188719186757061	-0.19516500504421114	1.0295717371618647	1.2780709233454577	-0.475324685842445	0.024868887705210972	0.11787828165215207	-0.013459685446634355	-0.06575017212449241	0.8424888849871601	-0.23545428643371535	0.022972649515559163	-0.17324705717573652	0.003686766368052312	-0.8131958537841321	0.6588119651781381	1.3868414133808016	-0.1833500998037033	1.1053132722564125	-0.4273025942657887	1.3721654251238082	-0.5191419201431091	-1.1091994446521463	0.36634640809290936	0.9709085217882354	1.040047897922244	0.7811799844264675	-0.8537602374480939	0.6650656895712674	0.06879890596029133	0.12129369088854076	-0.3203086643732891	0.5178622205663339	-0.7039180702451517	-0.37671474313023395	0.49966121924734636	0.11121283365872821	0.7940882787749868	-0.11918869282546284	-1.3430962946610554	0.07604624397656246	1.2080521262143444	0.5292254496870641	-0.23321462236662338	0.23197359406155552	-0.4974827800383367	-0.05704063449648375	-0.5994697816164923	0.4305671955562112	0.35038943690111496	0.19559774184572945	-0.9311367346387401	-0.0017244835577843898	-0.2804105088052438	0.20498732169544193	0.8038728174974782	-0.44260799392268196	-0.30081623883742703	0.24485102008218154	-0.07468876201453493	0.3689183925262058	0.729995100214494
DTXSID3047843	11.034080824532388	-3.3532126456883664	4.313892863321709	-6.2884629036494255	1.2427206540570293	2.565494776109961	2.109821309250434	-1.1829565428454738	0.23818035257009132	0.7911650999765422	-0.5221024708981351	-0.870414687258646	0.6246137133021858	1.601527772594252	2.4470706513116642	4.238690007786256	-4.1482906578379755	-2.439738196200693	-3.5610454438188346	-2.220434880497272	-4.198887355844556	2.5954360837169586	1.0054440444026151	0.48490692666992974	0.634422278268567	-0.7358803918944135	-1.9938838456616135	2.3762076492565836	-2.1435964048567344	-1.7367021149421515	-0.3281994230376261	3.59240819783487	0.5829067768572948	0.5747496781529684	-1.5954606157640794	1.3007345162733748	0.7248887554457463	1.5195408207010175	-1.0003086658809444	-1.0298089022135046	-0.36286104989871837	-0.78969491271392	0.10271039213478864	-1.376876088763571	1.4350939332485086	1.562835221388757	1.809174152270209	-1.8699891246841183	-0.019149387982062352	0.4831774608566443	-0.03473548229199128	-1.4968827245209801	-0.9829248454097405	0.22702329468150007	-1.0711893783898812	-0.2024290007463086	-0.30373146710811766	-0.2090874721839617	-0.9487021481450696	0.7181094722451152	0.7204085712306689	1.3820403300925301	1.3137497014148576	0.8142020034000246	-0.635370319235979	-0.051277640589232405	-1.0490471682468712	-1.3629079606213022	-0.9368844296543233	1.0506415876233037	-0.14917013533244486	1.9589633656360697	0.45279510901553605	1.1092892452623453	0.24657706494602497	0.016128743971220792	0.17412637504542014	0.39223061154312466	-1.1190407441559092	-0.2132880002537959	-0.3957837467518314	-1.1960129168495863	0.9267994021628727	-0.30651629237116645	-0.837404848977947	0.12625719688018203	-0.4853677621981574	0.757906811735137	0.10376160114242197	-0.2633311857234399	-0.054956447130226065	-0.6592243929882013	-1.1906740875569348	-0.16027779933576908	0.2889501161778418	-0.63542057656775	0.059746512162995	0.5425791345353245	-0.2910203772319054	-0.275537524230582
DTXSID4023044	-1.9766650110135224	-0.2160404698978543	-1.2153709406787303	-0.5643014016340102	-0.4518647448241981	0.13661586200202497	-0.835189184727317	-1.327189800327409	0.2653897587364678	-1.8236155258164048	-1.22612816544283	3.1051851402846613	0.2564463402369102	-1.0376086653442	1.7987501946375024	-2.0570817939644153	-0.552503375184255	-1.397951609422316	0.889087554315317	-0.28793759585485174	-0.7724050483317965	-0.38155011628896746	-0.8721894317679506	1.2128744445158044	-1.8766852621388443	1.1576026728030546	1.4170261278214837	-0.8860810355029572	-1.6739584184723482	1.3200985134592569	-0.236678540661887	-0.013024486252867097	0.20831788247170258	0.6349801564631201	-0.08238193416759919	-1.0629685861036353	1.70331183059735	0.6381233207659771	1.0903846454528405	0.5386437687374384	0.22785719575155972	-0.17212406427348279	-1.04858293954771	-0.22414752285352915	1.2988891204956652	0.40015147421277414	-0.10857723971239983	0.608228422728308	-0.2856458369221567	-1.030203288877384	-0.6926560204606358	-1.8762180255252148	0.39637763709234874	1.934521281520007	-1.3435017540372494	0.35476403835600934	-0.9339340621159964	0.906476634971294	-0.6256323840777673	-1.7116395347149802	-0.5326385710905012	1.2104445004169322	-0.005665781998228338	-0.1188622016089074	0.545699067606503	1.1221469370987864	-0.9432716620115879	0.8867552016467932	-2.0959965215951444	0.8337853782536999	-0.05924768092927044	0.27033928880110836	-0.3013200136288148	-0.3162023551723147	-2.134219282329924	0.5100256619302154	0.3758004405629475	-1.4243609716820853	0.937946374872648	0.5190840630059397	1.0972320610876736	1.2350240772765324	-0.012375639922017304	-0.4963667225758621	0.49132426487434316	0.189784991734122	0.36967055268855953	0.2819804291347246	-0.1198963009253099	-0.19933751954341603	0.6584524518583007	-0.7449819183009686	0.24416087879566795	-0.47339083937118764	-0.22819711568006473	-0.03878972235593596	0.8755401492651637	0.009133402933092038	-0.4876010938823905	0.48260882499021585
DTXSID1046500	11.24641830189822	-0.5769900241962205	-1.2834634490213386	5.660690098258683	3.934623059790134	-3.0964058763560556	-4.050920790444726	0.820020348918712	0.13737625647508836	-2.9185852128615064	-0.4721081346180124	-1.4442701286265691	2.6156911283718514	3.2761232667296722	0.03343781778773889	2.031290652533488	1.2500988370165331	-0.738750464695283	3.029209763298748	-1.1675195935236198	-0.20559676791163195	3.342465994377853	0.3178875923298938	2.3425560268705494	-0.6033509142251758	-0.1355084732807938	-1.3971601712079864	0.5286022110166421	0.8103447891620208	1.1251250540150377	2.4303783170237017	-1.4904573426316836	-0.5534110359329301	-1.7675084689521707	1.2704057401630615	1.8557654951001532	-0.4185269742075104	0.11564208721333559	0.2636669949733706	-2.254975356151438	1.7770057847807252	0.2867849472262515	-0.6716067059556685	0.9026103138500988	0.3472360022202596	0.4916018334373908	-0.057795512342895206	-0.38986099057573337	1.788884123997522	0.5660568397445838	-1.9393506848333617	-0.6507087976027159	-0.918739311966869	-0.9400399606546598	-1.140619035346156	-0.10305962030056817	-1.4976250291262099	-0.24961881414148107	-0.7226140961084866	1.6480259261678858	0.5978107129913699	-1.6561624075656138	-0.6712148511358631	-1.479741073904186	1.147867722227961	0.8939432169593248	-0.09208288216887794	-1.0193372442753637	0.6649609780180358	0.9263350894689708	-1.3355372853057246	-1.2536342157273885	0.43337368627568734	-0.5485125231785982	-2.150206088160122	-0.08529672925677438	3.8688523032325515	-2.231011780386014	-1.5141937391295075	0.1776297330689045	-1.3675205982429857	-2.3433112028890695	-0.0016706153718137574	-1.2248758406926377	0.11626356114610738	-1.6164615607845219	-2.46240596914446	-0.32346219945022403	-0.4703694872405343	0.52507390179388	2.458314627509114	1.7675660743248318	0.310320186582455	0.4878551439311851	0.1470414828772661	0.9588289805555774	-0.5105000364975286	-0.9621335666927341	1.901097817394966	1.0961496965566657
DTXSID2047278	5.8540575634780705	-4.11299008417088	1.9242754316270767	-0.6047844480810428	-1.0268110671776938	-0.10646746823301219	1.4388889709458046	0.3970567565633547	0.8891355558129432	-2.87439435619031	0.09848742125569754	-1.0473960981215171	0.16224518308257832	-1.5702147541422802	-0.1183868928829013	0.5661567416216546	0.7572629801262731	0.9029188490262132	-0.13250694434085933	-0.5330117912096098	0.5822478841899709	0.30393301954789537	-1.9447191296954816	-0.5989720127761617	1.8732696104942268	0.7232941236160365	1.0445953754746702	-0.40300478967708897	0.14839506206673464	1.0480883435412371	-0.9788047567486149	-0.24248096680638892	0.6947613404361246	-1.365115688809826	0.486497283095735	0.05106965577568811	0.2671042980302099	-0.03600798594509184	-0.4766335133284902	0.08782466166785714	1.832302352989081	0.07281096443225078	-2.441575654041835	2.9937120138411815	-0.7698109773856676	1.332148044344374	-0.7845896434090505	1.6884993870186662	1.7778575180743388	1.0715358032380011	0.21985912294467302	0.2936674890479485	-1.8878350476287338	-1.7366779319123327	-1.3604596228266208	1.1918307195561209	-0.14336356302556566	1.9702253064301194	-2.234738573495606	0.9193346027931218	-0.9792487783094784	1.865271426728281	-1.33273903228031	0.8553243299969155	-0.5358639968694557	-0.6355219946312979	-0.08933839904199427	-0.31477127237610086	1.1037120557101279	0.8483847605055749	-0.0256675288845922	1.33723537601033	0.05367478865403264	-0.29876771052011	0.6143345062258543	-0.42538825577640993	-0.4996548446142677	-0.22999579141422827	-0.7127433459817689	-0.31562387844257117	-0.9997824750896692	0.21143272156863485	0.4844430380748635	-0.40780925915492094	-0.6260096461584693	-0.681737040650639	0.22832225735685122	0.0741588711989855	-0.27346813407838094	-0.4215513934860156	-0.5680476753013679	0.4158834184288875	0.46190846571951044	0.45395435533700346	0.24814118839243415	0.24512768608867913	0.7199135805059773	-0.36912377469983426	-0.4212615807906309	0.6458658363484521
DTXSID1046502	1.1545660666512712	-0.43350116561529173	2.8156820426394997	-1.2669575006906602	-1.5652820776091732	1.829728180638554	1.3163826671916377	2.6170935844671845	-0.4974516180154993	1.1136412565634208	-0.7125602221252755	0.21398338143401757	1.4436562149543635	0.5798627205088664	-0.36579061008234237	1.2263185488341517	-2.019224230268631	-0.6912287470688633	-0.14047427025294165	2.1811248874865172	1.5669971432432857	-0.34654121415334244	1.2159009571866484	0.333402128720113	1.3850165478565826	0.7759354427382101	0.04368435129353874	-1.9197370393530577	-0.38325461226012475	0.6399401426413723	0.15745310487541914	-0.8495006513513609	-1.3899903348654288	-1.1126370874155422	-0.6641782734821485	-0.12699106969129537	0.4530543700874623	0.881774272108166	-0.14217305054703128	0.008221181640626803	-0.3007081950823276	0.45034521707119185	0.19653635901055444	0.575784881996028	-0.4039944572952007	0.12272900880767756	1.2091008655798376	0.9083254086331877	-0.6647138653993533	-0.04016189178617708	-0.5815649492048028	-0.35547685815612684	0.9277538040775283	0.2233762356967336	1.8499704259611933	2.4981112136138632	-0.9275686010301698	-1.3416143546147332	2.8021690824283723	0.16965161775750728	-1.2568930857261962	1.1933004392832047	1.0242751406826331	-0.14882447355843448	1.059789429608698	-0.30934523125379904	0.776319543117099	-1.4519126865815903	-0.49457794218666684	-0.802746855539169	0.8956627707333679	-0.6436044067728036	-1.1975696923198549	1.7645789912681022	-1.1491711290657844	-0.8718453302726688	0.4747308987140979	-0.8490260391299763	-0.16634358722834414	-1.8904834800959165	-0.21583873636359083	-0.2754156196531233	0.46117515473271686	-0.04456342323095981	0.9270509392313566	1.3011145285779488	-0.1323138292136001	1.9932247664864091	0.812616998352169	-0.31573045966832997	0.32100325368026594	-1.6672277801769262	0.23016416963907313	0.9185852238581147	-1.1208981105270677	0.1429906435428932	-0.13511683471857042	1.1010398529658365	-1.4583291852469802	-1.1940162226377333
DTXSID8023890	-1.6247006959205679	-2.612411137081906	-2.9979715831910774	3.452317111641578	-1.9081083271995884	4.0621892961939094	-0.9447680726828689	1.983448039333036	0.7312612911271498	-2.8317111547600775	-0.1901224699140101	0.26432063496716146	-2.81425277434582	-3.300058636825747	-2.2222211186558853	-4.3937583684664405	-1.4318940119807106	3.000369411048575	1.1434009018425182	-0.5321252049449651	1.866996397479409	6.325919401889898	3.980415914671481	-1.385742370315418	3.35796698055363	-1.2466381152338302	0.04159585463007455	-2.261450287800863	-1.9508361245342714	-0.5146020375644274	1.8832721902186988	3.4208256661586343	-1.8289238636810243	0.016073140540516218	0.6862388377184448	0.38934118395117073	0.7574876992352062	-0.8921630289905764	1.4857169402963495	0.8473377128171784	-0.137344483412892	0.17789082119495442	0.18364431775096615	-0.09480157269314043	-0.24203728944315764	-2.2308142352513745	-0.8739298183817548	-0.14572454721375594	-1.8598839750415608	-0.053529537448173466	0.8474726496521868	-1.2561100393656222	-0.23540625144858993	1.3409275028609984	1.0054848623484665	-0.7301509023914312	1.2244088858374704	1.577288090176576	-3.0450066556767044	-0.691476519476727	1.211555318669618	3.359424212528973	0.8179933913374502	2.3841808436001837	1.1186297034937438	0.14794830234367007	0.18064144709349736	-2.029664976306631	2.121801015479486	0.9479510998983065	-2.1133638094865503	-3.054581225578687	-4.494574615407727	4.788096608077309	-2.715795723688693	-2.377216622669916	1.5293262176280724	3.2505181243684533	1.8819422421523633	-0.28114493471001206	-0.6971006094498808	1.0790572700917251	-0.9948717513989017	3.5878413527851207	-4.1382889123068525	-3.9651073636938152	-0.7250282803287289	-2.2556100991708807	0.34828430601242344	-1.044679006141802	1.0327668250946025	-1.4829179391515495	-0.3480485374348335	-1.119954964759735	0.7934272109111424	0.19936026412499808	-0.6418074466370759	-1.9915751383857614	0.2683623958298197	-0.0017533706041659343
DTXSID5033836	-2.453317982092859	2.4533943788844224	2.0495342406024846	-1.0806607131322574	4.283698603840133	-0.27777613576530036	1.0213208309426522	-1.7595207036536527	-0.33880024034173406	-0.7830213421322929	-1.087759040583115	0.8296542603620992	-2.13930259852448	-1.1734805235832635	-0.10940488227264591	0.8604209870801762	0.9526419098052742	1.1211732974704463	0.35385809281156794	-0.5501695424286485	0.43460923306182986	0.3208367008933886	-0.50463113369359	0.14116362074965053	0.24211282863223318	-0.08637408285408904	-1.098248098073037	0.6860813936938189	-0.14977113056742228	0.036270672512322216	-0.19644957744476377	-0.9954299166626134	0.6192246419427636	-0.5985852389698316	0.05485992192537255	0.4870269416832689	-0.7251033032283203	-0.06352304177118491	-0.38932245160894735	0.701400496733498	-0.11990152512805942	-0.14487891458008378	-0.5933564439985599	0.7358459248042375	-0.34502398378808585	-0.2849493505380212	0.5247408654230283	-0.5086166394403272	0.05236958208646814	-0.5364459603491295	0.25160495921080644	0.25729856735655704	-0.07060261725621506	0.5210306626888958	0.008437461955057088	0.7821399206216851	-0.6046886185450474	0.5281105744345568	-0.26853068026263194	0.06682229480471576	0.28241155735042733	0.5985370357808191	0.22168785691613738	0.023079637300249065	-0.2366192686770708	-0.35631262096745664	-0.1421077398075636	0.35309891146321365	-0.5751185227362512	-0.6761040736092262	0.5066364966638027	0.3969667585272697	-0.19652491092175195	-0.17077167297450394	-0.17127720670591529	0.13775829141750337	0.25032161333598996	0.09268470530635428	-0.06894086325139838	0.20129635286531936	0.27998820325717166	-0.0076344428734964	-0.2402646824170084	0.08976665016588728	0.09556452560039524	0.22278994833629467	-0.28633669961336583	0.07227503916735643	0.18008833655986003	0.07247409948469266	-0.1805545029389827	-0.40213982014272803	-0.22641369839852696	-0.26020692138870655	0.22902233074999578	0.06951940865425825	0.004425604022787952	0.23627651335538938	-0.16708677985407958	-0.16011967796226378
DTXSID6046470	2.663215867563695	-2.0521172135629677	0.5276052702596082	-2.8639499785261555	-0.5759667342340695	-0.32803277372607265	1.370163691814651	3.734322516020541	1.3497125481137933	-0.2982305364254472	1.931134368452567	-0.6599392327397742	-0.03237184576634774	-0.444423034557708	1.1087354286160125	-0.9737451962300192	1.437500490520423	-0.5954176731835651	0.5928372594368662	-0.8094985049463839	1.3453229994109	0.10365736513110349	-0.8780405852564553	-1.292857386914167	1.5471942296636874	1.4950122477827035	1.7441918354655745	-0.132445905829766	-0.5710850273888767	-0.819771996252439	-0.2020912609220173	-0.197823190679526	0.20112377958481562	-1.435315082174774	0.10070099590975709	-0.08120996729896728	-0.8906185803846592	0.32008474530743797	-1.438994732009494	1.2129662215085906	1.1592630938576078	0.47437002556100893	-2.182481846697743	3.336508528553854	-0.23428104905966388	2.4059120369256224	-1.7748940879423722	0.4575132989681744	1.3624931932661177	-0.3318011864172515	1.1562684314109961	0.15953678205890648	-2.317511559588568	-1.5825176061863004	0.13891507730718256	1.9465204844134738	0.9227769986072193	2.7138307595708713	-0.6813228884445983	1.4791998531257675	-0.20167155841877993	1.5499782788594672	-0.3377065707990656	1.098939609280063	0.04400707836535677	0.38519762847538264	-0.7191972807107713	1.134108083509868	0.4031190330065243	0.006455557129237221	0.6286900830151153	0.4178502850916326	0.5261649674570251	-1.0513271024617727	0.04961414926301239	-1.2059202120690617	0.38045309581614495	0.4639188906543738	0.40704506650162625	-0.27574419286358937	0.7289694536838451	-0.5138021475028586	1.0256517475694775	0.09812265499089347	-1.1045645805535431	0.9131603069978466	0.05387304439299298	0.8008576344322043	-0.6703141280289551	0.010689250869021212	-0.528866231194656	0.5750932355538173	-0.37517146188056116	-0.15000132291246937	0.9329216637721062	-0.3614194226916268	0.3557208840647801	0.4053780319170198	-0.8585689463055542	0.08737900370385282
DTXSID9020370	-3.8421138465233486	-0.01579186651447298	-5.255801172385037	4.84478393047475	1.2377428705841542	1.213189212700753	1.3428220907261708	0.20955766372576515	-0.6301640923850799	-4.358668515693753	-1.2136105829040575	-2.790842138708444	2.153949126815611	4.058332674256829	0.14624928264290174	-0.47575163952502486	-0.6737689004086865	0.0008771337487416575	1.9934908126215507	0.5309403745629317	0.876012115830135	-1.7896648132286765	0.4375117222044902	-1.6626235677215062	-1.1217532748108447	-0.6293045723374361	-0.2726449920434234	-1.3032635772665013	0.9979161953521077	-1.5788847148569798	-0.5900593224274688	2.458834781034981	2.959002765012554	0.8543538773249656	2.4919150664272895	3.468871689690448	1.7243270145571432	0.36352518260749833	0.902818161988831	1.7123971350863283	-0.02766890651360706	2.2145359686590855	-1.7445278408789033	-0.3074490799456674	0.6352277745107905	0.09452068277752261	-0.5437248641883289	-0.8475475008196219	-0.11294092074962012	1.0283892249318554	-0.8457306069376572	-0.2411399838692694	-0.09135465976979054	0.09176465616137683	-0.8980197029941356	0.506024935638846	-1.3715132868814108	0.22856585705045238	0.9713895838385166	-0.06701844677732478	0.10931427577995244	-1.0813441427116124	0.5132205415071954	-0.043368997397375014	-0.30292356967904743	1.009101174562419	0.024934957516713093	-0.3157190285750305	0.7279469654470645	-0.547277880978462	-0.12048815922539079	-0.4391823053350452	-1.1246789517843054	-0.12524586142014346	0.541969759249503	-0.31941410522160807	0.6409579281660855	0.7962833453232919	-0.4195156902636948	-0.21379226155545192	0.03973157003216884	0.4330287114758463	1.417503917505938	-0.8924202571654553	0.5183383816595977	0.23826632781096402	-0.4218124719958595	0.12244487607875806	0.04679942974293883	0.2145119717893374	-0.624797682963967	1.3346896321226014	0.652218539599895	0.5668809105691223	-0.03182641371306734	-0.32746684820798777	-0.7312485970758451	-0.8160751454888288	1.6578769387765184	0.22553954111973576
DTXSID8020256	-4.2941503853392	5.2593947650795405	-1.0852024400281788	0.934534954042955	-1.6782743650039829	0.453276143602996	0.09173314878713278	-1.331973338553962	1.071888574694768	-0.4463154825594477	0.68029569264367	0.22460309877304052	2.368682414444854	1.2503629519735582	-0.1295911840705398	-0.7696663833394551	-0.771937246292763	1.2898173851954076	0.04942535498213505	-0.5561306149527396	-0.862183394653962	-0.033324764256265675	-1.342717061596184	-0.00634825431323026	0.19697042826135125	0.7677194060498456	1.545685506820798	0.6114685472213475	0.03254191404676211	1.4963208501668654	0.3283472714384637	1.209586043755322	0.15535501632902696	-0.35913147390800315	-0.03322842923054278	-0.12748029527724405	0.044432922344015816	0.13650818331723583	-0.4301239245817323	1.0482789661908987	-0.01017862990051098	0.1420815092265338	0.029367788608902098	-0.12202208057539832	-0.07983179430179672	-0.22593088495889674	0.7462454155416416	0.07215728803527585	-1.3852787567393823	-1.764616001239696	0.005909245284796891	-0.4101551295499411	0.176683020660284	-0.6937512570324107	0.11044525838509256	-0.9077645107701642	0.6038243129512506	-0.47163081369104537	-0.2402452655628764	0.7771539786021128	0.8299662029697578	0.8644127399145484	0.8475084458238733	0.04443155602817381	-0.2611652117089214	-0.06768609332668458	-0.5366964845802463	0.09068318682385966	-0.02635648346097752	0.16529579821229365	-0.09710316033231682	-0.08453248864692385	-0.0476805316182165	-0.47841470249185564	0.8529832443412065	0.13624337785168114	0.058678451685947666	0.2401480378533051	0.18260069691946684	-0.08918245265026156	0.06615123528832748	-0.2747164229160735	-0.21098769130338751	-0.10538243556737487	0.44224107743648433	-0.23899062230708426	-0.16127481970828209	-0.011007933108951562	0.3925032450085363	-0.3273205987915833	0.3987559953046682	0.14276797869714125	-0.28313742176778106	-0.1540408803017593	-0.3124470838693041	-0.04688731189220053	0.5515801794173509	0.20819424832310546	-0.2222837117823563	0.14402972871013567
DTXSID9034282	-4.3365086300206634	-1.2971861439250607	-0.7509002501586511	2.302050281940725	0.28005961772459914	-1.1528137206186488	-0.529658311596828	-1.4319418010507226	-0.5454346909840079	-2.257686433399021	-0.00743932593006911	-2.0449210419417607	1.071791179377992	4.890020573543189	-0.47031234886858886	-1.1474280312588239	-0.3388179458573931	-0.7009075071101418	3.5896253186124936	0.49786954018379215	0.7610690003026704	0.33115754921593865	1.0061519577185594	-0.5987019713047522	-0.8273086069617986	0.4737818309237224	-0.06075767509696395	0.42788995071422714	-0.008742228999563737	0.5090879431363882	0.9310909938056671	-0.27442681382906764	-0.5807845396094753	0.40314551717795616	-0.33165859482860294	1.0097483501609477	-0.26266478234964447	0.911996692419931	0.25552651369417384	-0.054963237695912846	0.8149426255362647	0.7447223409654459	-0.6252107603162911	-0.5320320311476612	0.5333642916415896	-0.09696241449335864	-0.007425967007299199	-0.7681132741401708	-0.11164697361572026	-0.6574201933940119	-0.629897417424167	0.2539202806589126	0.060754187582855834	-0.2797350449551299	-0.3444713678975435	0.5876520316335824	0.46424856140237286	-0.10984542669272686	-0.596547288314515	0.29159223931505157	0.017525335684325353	-0.12514041324294065	-0.14471988818446205	0.6137796926853807	0.05714768109147649	0.3466912944973021	0.04514700010390137	-0.2259659510404768	0.6285517990000743	-0.5693380713178448	-0.6391422404244902	-0.25221550364943357	0.04202144835304047	-0.24828468102692708	-0.06590951149283099	0.6282908771007742	0.636694159258882	-0.5134179374848826	0.38546556154798367	-0.35860281064243216	-0.2152573925585475	0.4050796529913546	0.5588103958720962	-0.2886986171482818	-1.013365994177827	-0.0883494054056239	-0.1484367389000446	0.039368834064128784	-0.6827558043285028	0.18028650129573243	-0.16637984580518167	-0.10353262092505815	0.25041018515038865	0.5242248615050469	0.1803072904998988	0.13211870673357576	-0.06426707648991627	0.04774064691168592	0.37742311105618237	0.49992589382649844
DTXSID9027441	3.1570854592639224	-0.4207221448752459	3.0500653524662185	-0.2202457012176573	3.4049408152808445	0.1394072925680367	0.8735799476095141	-2.6541895279420493	0.9264246413896338	-0.4487581866096049	0.7104735734421631	0.056776668117034725	-0.7491517481014444	-0.382552456303821	-0.08041068028944148	1.5779487281358437	1.737569316660207	1.074838590448251	-0.3585139501559543	-1.155984666219653	0.21857596159615603	0.1473596773639417	-0.5541061407476464	0.011211977448747195	1.3520233807867317	0.46591379628025914	-0.10047063031903339	1.5438687595811271	-0.19226697264326006	1.3846072741815698	-0.4229407979916669	-0.5593494613824126	1.2284581717298144	0.03724800371251618	0.48812631845102156	0.5115644773153307	0.03897035230312466	0.01593763667428858	-0.027948598405983346	0.9324928879872516	0.0022141227764867597	0.176720626945472	-0.03869521347869043	-0.034258502829952915	-0.49314944186251775	-0.4227314458401334	1.1207980259630217	-0.32848032758265666	-0.13004840792886513	-1.7564032237403757	-0.20082019566868745	-0.11807982240790289	0.3039986979915041	-0.14428963901253253	-0.6052081665937703	1.0189721257859015	-0.03279250947372176	-0.1234743502819987	-0.1476918200292269	-0.01788796454580889	0.35712008145335994	0.6631244384897236	0.1969311951883799	-0.11727622513596345	-0.17717989203151596	-0.7311261777663292	-0.35422434993569685	-0.05178038948783288	-0.6809971709741534	-0.7632242921035094	0.5759783963152323	0.3519307360863945	-0.30511330525605906	-0.055767702936179456	-0.5164761585488695	-0.5041485264509562	-0.18254980146457248	-0.04581474453742459	-1.2754839461866014	0.1341819219404052	-0.1821585160054294	-0.9379963572416073	-0.3620932520242264	0.07700854689569583	-0.48159133332473586	-0.6014463737465983	0.9040218802939001	-0.3707447466402394	0.10813051818413133	0.438943210446675	0.06856306431553215	0.008308587184485466	0.13349857966835135	-0.411320201906798	0.27464229888486286	0.16899626089718575	-0.5770143544550907	-0.2018369802670318	0.01881321739810239	-0.19325783502803637
DTXSID0057839	7.016817570327773	0.3720285590390584	1.526967026100854	-2.504031993448339	-2.3518815388995282	7.687593670084721	7.582894213222651	3.822348834520979	-3.241285183000835	3.0149283781754335	-2.271953279089216	-3.4251178515751857	-0.015386055994164963	0.8092393154341585	-0.43586286910221017	6.0929228676403	-4.9631755352857	-4.770491300469717	0.5357777629069824	0.26435229315107167	-6.646632812960983	1.7462501241104373	0.5578240949275793	3.6290047520482034	-0.972846303160021	-1.4885447875980662	-1.237356240006542	3.4295653363434013	-4.879740387034077	-1.607643027230686	0.339935703415553	5.647284907585049	0.5395277503178387	-0.22696009163660874	-3.751805607472097	2.554240128756454	2.01966475073474	0.19749957753689087	0.02763759649571361	0.8191951022293779	-1.540291418928145	-0.673246506140448	-0.532911234711321	1.1683171368239822	2.0062121893710865	1.3308259443711077	1.550711758301996	-1.203756402898111	0.5612581330466501	-2.272018528535645	-1.9868658668876136	1.5627944318387945	2.7497905911519167	-0.4573427904042594	-0.5980888491793661	0.852157180716037	0.10979330023670299	2.2666310553560662	-1.357584027004335	-0.28172750077185277	-0.9971482953091325	0.2731777060818842	0.9595757842124222	2.083224921117083	0.9965368950493583	0.16556119687050708	-0.40835861948451213	-1.372693309874205	-0.23639875517343295	1.5561364184177962	-0.9510597004990795	0.09979473937854544	1.6514750332526111	2.281708092656613	-0.46121418297549016	1.598900621181907	-1.4910758469622438	-1.1439164921409877	2.3777656299234544	0.5251371431725382	-2.3060243153724205	0.7499771804155279	1.2687994374128801	2.4514109289528694	-1.6824040091013013	1.1208771415428298	-1.003812007214801	0.38910137552346913	-1.8276489821793518	1.5007131679566643	-0.5019140809872363	0.12895522291995554	-0.553948574546955	0.9359724151426473	0.16277619383653766	-1.9597193479741164	-0.02327331006760244	-0.1221332117608737	-1.1891639090501167	-0.0386168002503269
DTXSID7046170	1.4248766924440461	3.418700791332255	-0.3415250415792757	-1.3735477889781	8.3087967960834	0.995222137935973	-0.6144481106688668	-2.1764843495407966	-0.1073611366747242	-4.202760147204985	-3.6847542673642186	-1.1733364995139302	-0.5579423670309753	3.958944077656679	0.8875058792264238	0.4359055441800097	-0.5454416758214922	1.4608985407637547	2.8573888247714656	0.8685707076536348	1.4694191476488732	-0.23917725943055912	-1.355726982465832	-0.9473714587064589	0.4156463997559413	0.21101591084730512	-0.5725706943519164	1.67043967073238	-0.40376761547705886	2.20619607480879	1.6279881081860914	1.023904516881509	-0.06685458020149035	-1.2118189165500224	0.23994874133858646	0.1761154690383381	-0.7882439318229992	-0.04098268469555174	-0.60348895441384	-0.06534760482865003	-0.09622735797708755	0.6236991606149704	-0.41408283222172015	-0.10990477681390684	-0.18842925385976622	-0.42679881430007277	1.1355205678054083	-0.25459746444771675	-0.8763751707724575	-0.4643510369773175	0.04498329110721894	-1.0396309553251566	-0.4933524250920014	-1.7645376950597522	0.6569087307120725	-0.4157445623645585	-0.25805545351424675	1.6704108605530654	0.4029085507113767	1.306019187908162	2.336783789887535	-1.1607669241488396	-0.00957720954361638	-0.229538893401831	0.5404849769987218	-0.2508740781640817	-0.3966093357048373	-0.4915249515796691	0.5777835490668719	0.0131398355117681	0.6872213513708663	0.10816698954455228	-0.5221114006229206	-0.42479100922174634	0.31708931951852354	0.9191297601168279	-0.15271736696313207	0.18429551972065014	1.0483737410750724	0.2741971414995979	0.6898546344926367	-0.11247401440328944	-0.47000504191681397	0.11803113008292618	1.3244369116605004	0.2658188465195688	-0.4740564087953143	-0.13574181615775943	-0.27940099653364475	-1.1722741304012878	0.1962856697586114	0.16583894426014134	0.2189376101224817	0.5291591808003048	0.3777351989553847	0.2068262001953713	0.17889201645988076	-0.06571285542339558	0.7839571984967061	-0.3403464188691736
DTXSID2057732	-3.6215747681030055	-0.45416545509316725	-0.04515282932204187	5.198896937592121	0.2441705649008546	-1.8801104767830916	1.2230377762266198	-2.232441343107501	-0.34563413651053565	-0.2826645335883441	2.534349526294775	-0.00432588357650328	-0.9354867817093644	0.5627701853900817	-0.23847210686236536	-0.08340090265607568	0.42706690871224506	-0.058851008997657224	-0.27019093998442784	0.6813735363999539	-0.8481228049267824	0.7093639849529129	-0.094626095829559	-0.1275598936365831	1.0903767532963315	0.6560141160188749	0.5127488741958544	-0.2755080493008433	-0.3836628668947977	-0.6216254483278344	-0.7372906164918802	1.003787850003223	0.6737492682502269	-0.22107190537189225	-0.7416290284625782	-0.57415779730666	-0.5966308199502095	0.3791073611883215	0.9106968847245451	-0.534830887956048	-0.2654477989977666	-0.7694257413063647	0.34704496315163247	-0.3730814990604472	0.46923554924961697	-0.4924410624197142	0.21476768396690285	0.5738258358426619	0.39269243376821616	0.6209515087463686	0.7401929901353458	0.11309229497332188	0.10261011374610945	0.29405088265748464	0.16276792959345782	-0.08381224833463108	-0.01259507538233096	-0.41676742503234465	0.9022041267762982	0.3722881112164214	0.07565439095672954	1.2121531900135936	0.14901288880207456	0.06078302158722138	-0.6102399562138233	-0.5321360014914761	0.16477150469729732	-0.5443285938645399	-0.2689621458774873	-0.0790144183824908	-0.4481220874042964	0.23236365338431852	0.4033058916403238	-0.2592206807958088	0.4085819059239068	-0.1758003328816998	0.09816522494795016	-0.6870864343997765	0.2636986819192749	-0.04222399490580117	0.17167961059487832	0.24964054387244136	0.12472052544472668	0.5394488298583086	-0.5106582295907743	0.23750259835981907	0.17743512124809252	-0.2681859789979657	0.2781599621654636	0.3588682394542923	0.19870543878876146	0.31389944049355256	0.34608015560687316	0.17063184949427673	0.1527357406620071	0.29808871157702754	-0.4325811370830131	-0.32580151929579587	0.13212552287803084	-0.04939602948925272
DTXSID1046685	8.525640186647518	-3.306019488712724	1.2135116922237839	-0.19796324854717837	-0.18074827438004026	-0.1358655078315826	-0.7630463188967859	1.3696602770244852	0.6800678583685452	-6.684674833471512	-1.9892119800155355	-3.2330784855375527	-2.2218656837202477	-1.2749137472283816	-2.7580104193436092	-6.280595365646922	-3.512020260462277	2.8511244102406508	2.8615511641065154	0.28663138532129134	2.5814954453805568	5.742848669109577	3.541077700581435	-1.9344848802033512	2.4101183527142767	-1.0783191234522238	1.0313534342345647	-1.0002316656809975	-3.108839254930563	-1.220191213449168	1.9105415389966025	2.7321705480663616	-2.645315141858706	0.849750735109827	-1.2922396000726473	1.715702493706181	1.177958021313757	1.012691107647782	0.47815471727831405	1.8011745649159523	-0.5256491781257334	1.5306513262586192	-0.8624184003232636	-1.0687200788060116	-0.5132587015512897	-0.9550065849977291	-1.1717173733837773	-0.876529496439111	-1.4171944200359456	-0.20187125559739877	-0.37138902718773986	-0.4590889537347148	-1.2614071915480707	1.0002822429870484	0.09559234614844016	0.9754714709426545	0.7619811594786694	-0.28054428460109526	-2.0458777249136246	-0.39451138911051453	3.2796679255305667	1.0318518100170384	1.3479167597809205	1.0674346618091404	1.298583366428749	0.9435883372338375	-0.8531091506250817	-2.8394341656237323	2.2425653579590157	0.8273575801221278	-1.7474449940256997	-3.172579942655697	-6.139546537828875	5.1773344613681145	-3.1254452669717696	-2.5285879400931863	2.1818780791627432	2.8534603457223335	0.6921277311499897	0.1252041489087432	-0.01195509895428194	1.72345400680079	0.45114442662270116	2.280959286966296	-2.8181625498845144	-4.121062419086812	-0.352195841240495	-2.240418845146089	1.6578290321561489	-2.7596780520964086	0.5554504441359849	-0.11152036433779285	0.19340003134643874	-0.9158496368740618	0.6392109146320604	-0.5493620618359054	0.1443501399542249	-1.5028845679023584	0.37988085581308545	0.9919977998540656
DTXSID3048732	0.19433374687029023	-4.245537938822839	-2.429662355033045	3.1365838837985582	-2.700898041210991	-2.6705737941497447	2.1441197245762553	3.109468570042426	-1.163169786004835	-8.445722011670696	-2.678406633526359	-1.8394614287110407	2.3198020744767263	2.978276119578896	2.54582544938229	-1.4522550999423944	0.3645593194775678	4.29575678644654	4.961188807285578	1.1638020760607666	-4.9371227816767735	-7.050774987239918	7.268178561402815	2.473011476495436	4.737275737555244	-0.9026648606883607	-1.4445117576116846	1.631997947555073	0.49512788532149543	0.32187040947598994	0.24015369424811278	-0.6204640555030484	0.07757211365090562	0.8523929728780181	-1.0896860624916913	-0.2935349679152024	-0.8083496763428996	0.9975885861754673	0.7005457285274441	-0.8943099107126596	0.4178363031842573	0.5632389692030189	-0.35998261604959453	-1.7685973289266539	-0.5937866368636838	-0.496160411795015	-0.1455686582996359	0.8657563874235257	0.03305333156488462	0.13756139340688678	0.2507342161108645	1.3594037708325917	-0.6529385901355418	-1.026964320566306	-0.5585975469252217	0.27520693985441524	0.576060693254058	0.002877705190257184	0.4890624678087681	-0.2841130065507804	0.5096913925801126	-0.553062691699571	-0.10291655310576764	1.2087502369563885	-1.424687271375058	-0.13540881342220062	-0.23106032771107207	-0.1570835556129473	0.41667434611623105	0.35600017769329056	-0.6502967063965895	0.09313282967295294	-1.0417704925174736	0.19969820014589126	1.4569677640568706	0.2758985503224415	-0.2483656317025924	0.46115951554129847	-0.12507738178488392	-0.5299220781484314	-0.6591409892854412	1.0026073484360225	-0.9906660280041247	-0.12725646212611147	-0.4895561750785064	0.6440992691019441	-1.13028320964808	-0.1629344385348393	0.689524306877453	1.6802000655632587	1.0375381833253774	0.22925834790575012	0.023860273274597197	-0.6655944679770068	0.5385612786755908	0.06054225944104318	0.32364723602777823	-0.9631514117612161	1.136665220398081	-0.6296213347641073
DTXSID0048761	11.22935489477305	-3.503099149401283	-8.513870348818987	4.577217548236349	6.940524167649651	2.956631880325473	-3.2865792217598497	7.1785231711038	-3.8702248794864405	-3.311919695137311	-0.6538941640039503	-0.9092528791725045	-2.227164878499817	0.5481582529282486	2.8541338330230532	4.6179919358242945	0.10905069746968885	3.1575770696566257	-3.8208328061380405	-2.8057214651701585	0.10087804872140002	-0.8097710684575343	-2.9633467770375557	0.5229103843634284	2.2950315088042808	-0.9485922832049464	-1.618186472175415	-1.2716198745511695	-0.6570339893598157	0.734597126754763	1.4517644594238015	-0.5164761416627734	2.2113861679981497	0.015738458902919344	-0.46018755471119865	0.28038603100978843	2.0513949696486398	-0.4140269304374347	0.831030648313344	-1.4045028694219486	-0.590834197022265	-0.8569220608891399	-0.26227194649082497	-0.0009607042717498502	-1.4027400301324606	-1.0761101739156014	1.9717972227764675	-0.1729228818163363	0.16422093445203237	1.3346207676510347	-0.04244738555645708	-0.8477986880688834	-1.776292263102294	1.5940666472654585	-3.7700184761743825	-0.2815541359932658	-1.7564709616663328	-0.7334569414769062	3.652544919176783	-1.5832448491261206	0.2239801878329937	1.1671051957178478	-1.7749055885636307	-0.3361303589429312	0.24866193463861583	-2.728620069935842	0.6614011924663982	-1.5487969698292217	2.0332407438085167	2.618193713040803	-0.07506963902125637	-0.9613063928307818	-2.225773789991279	-0.6387368518347865	1.1964002173642325	3.297231268582721	-0.6098890406826737	-0.05180190351038466	-2.0460377660805897	1.2008988037904753	0.4206573201813236	-1.431462214910368	-2.2800993695275573	-0.16635047537986702	-0.13623149050011849	-3.43605186531551	-0.48174142404773845	2.536513747732001	0.05022869558012679	-1.7250859727350774	1.852003910386324	-0.1092726171888756	1.0475343976518694	1.0861897134277965	-2.078039240598036	-0.8533623449961051	0.37427494673445466	0.6956804389186808	0.08495501289303543	2.1567806205703515
DTXSID5045598	16.871079759858755	-10.017532320828563	-2.6651451085046816	3.6374700427070694	-1.0044247634044225	1.8339429936168334	7.686101837323921	7.804064315414034	2.6424264980220813	4.084597257250884	4.5361232634132325	3.6449590285415696	-0.9033823802953316	-0.8065079019073379	-0.48706623667165033	1.1402584427509705	-0.23214139229314046	-1.6637368454302237	3.0479504496652976	-0.2754118447884665	1.5076813518577104	-2.324663084356466	1.9261040967907581	-4.0043721920206075	0.6117320426330429	0.06998250091040234	0.5403242774434026	0.38029393651204074	-1.4214446098535793	2.1694939915071396	0.9120583614334457	-0.8194901912399226	-0.5921084554528592	0.4759217036703006	-0.31564016829594815	3.0454983242378146	0.5579332591966232	1.1850645965722664	-0.6973037074854713	-0.8321594694684282	0.43680050196016673	2.8296549399228663	1.5573109618963101	-1.147508004236853	-1.2999370864276567	1.231899155905798	0.38689096693884745	0.4220804843949273	1.0690031358822294	-2.519922561597019	-0.904275912194426	-0.24292765055252036	0.3822845831454991	-1.3472912911890846	2.7093152166759884	0.07557183616381767	2.314399394083542	-0.09857761331481081	1.8353336243898417	-0.014551478873312268	0.532820053694124	-0.4199271533789785	0.06570813184648247	-0.12552383368836936	-0.4140890081531156	-3.844579281423594	-0.4944960452496154	1.6018980614885896	-2.6241079981078244	1.9366676147201498	-2.055368417344418	-2.370078871940824	-0.4095963523700531	-1.12046231295852	-2.1198884037941075	-0.8156620034442646	-2.0329441839670026	3.3341425363311528	1.5983191286829739	-1.4999746231994202	0.9972534123408073	-2.0396634136303815	0.6227910475888465	-3.30406418929402	-2.6957608485265485	0.8078079230969282	-0.9983410923404221	-0.5037829530337218	-0.3365167851373703	-0.7817606059653591	1.5224941815863107	-1.8062630507723239	0.8890564627175517	0.17091123138433065	2.3443099771584	2.5923510214036547	-2.2302908591005433	0.8148306551579767	-0.12341532225813247	2.454733789566279
DTXSID5048926	6.325785381879305	1.9582274600636893	3.8780405929002493	-2.6230710536771786	-0.0005470817965647467	1.121751586467242	4.005994525306984	1.2110058824959904	-2.9380615619210126	2.7500588572906746	-1.361830177512912	-2.2405120053144616	-0.7723394715276689	-0.43455252573613573	0.856690631699006	1.2134617603536755	-2.6558128277238198	-2.8719719717580787	0.29818789690657266	0.37121557339281336	-3.2802978266363554	0.48867029956667035	-0.4347375812971525	2.5056811078947314	-0.8662557679512397	0.0015753037985220544	-0.35980836636001123	0.914697174123598	-2.1233730261947286	-0.7751714881171546	1.0814278461373632	2.846862316495042	0.6713905085544561	-0.845234440824963	-2.5485843394922623	0.5990490088672532	1.3128152277004208	-0.18829740666054479	0.14922484347852596	0.3085819344120555	-1.104252028432461	-0.7620945728876601	-0.042897554972920776	1.2874762214082336	0.6600092944135977	0.09004051832992041	1.7981649699917444	-1.306585291709447	-0.20814098606648074	-0.9916054319905788	-1.0398458656306864	-0.36818583584014325	0.4880417934008835	-0.5287292102298055	-0.447136465709133	1.6165790252375416	0.03878002991287632	0.22404227813486152	0.04145022051372028	-0.3691984227765953	-0.3840890014281143	1.6158553254477435	1.5743575337503781	0.6719090831616961	-0.468642070872042	-0.39864248635029126	-1.1095347046772215	-2.341065481279252	-0.1451765949320062	0.0008980934677143452	-0.604991639541529	0.8337457285931431	0.7082135127913668	2.648927746227187	-0.13054019133977324	1.4766408519057883	-0.2004104241318854	-0.7858489706158499	-0.7491270747214013	0.9870582888336794	-1.4728622924697772	0.7959219787915477	1.3358396440431148	1.418871164878076	-1.2953258453119596	0.5902657049330827	-1.3373983449439573	0.9222559363580989	-1.075014642539576	0.9944319377426927	-1.0043889912611652	0.744989840557425	-0.8513690538883036	0.6875780815784155	-0.029967632003149003	-2.741247442147099	0.37289897550056134	1.0183385118371178	-0.5104754265663705	-0.47738279790815574
DTXSID7044506	-4.738173591358005	0.9050137995265701	-0.8317827193071539	0.21981643605956191	-0.08132468175515585	0.8589811086135442	0.9258017945259603	-1.9327828340169442	1.433874983104487	0.0033174876047466213	1.1146437792888089	0.29101586671548385	1.9042409692801707	0.7529463932440875	-0.07220451681481767	-0.7217308705587905	-0.15391943958466903	0.5473235785962403	0.07767486355213056	0.4377093851233064	-0.8990399929805278	0.9442641045294388	-0.26311628773251805	-0.3364156941916409	0.9010542600979301	-0.11484738302427754	0.024323717114890862	0.2289710291777032	-0.6129679283595795	-0.19831701489598907	-0.22896621853970708	0.09934954620166524	0.07234410864412076	0.5902228666550996	-0.292727068470344	-0.20979118145219192	0.3528246991855247	1.2278400299088725	-0.00825183633586776	0.13056240583603365	0.19432662617032198	-0.3569230663611028	-0.7570434446602906	-0.43309833140302306	0.2632228932886322	-0.3591454790394348	-0.29534190987621817	-0.3174832286145201	0.15528056599010792	0.48023004410029896	-0.1535808009530905	-0.5198359669613678	-0.31408375832718033	0.21793496100541038	0.07831615994678158	0.05588627620613307	-0.7846501352573194	0.10143919928660497	-0.6106268360715316	-0.16705198503781318	0.13819648377781918	0.0018889194987557559	0.6093564743289408	-0.030959404623216544	-0.45245414142082785	0.06989092493492567	0.4927003623955519	-0.5872063821088689	-0.2053131246471282	0.06734336744227967	-0.4591797658752869	0.42672091021972236	0.30943712004984036	0.6003142198391531	-0.422688601161911	0.11251341125932612	-0.02458631816627581	0.029557888474652003	-0.238791764844571	-0.12226644657206541	0.007515833275206611	-0.6916240957391978	0.13336014529389287	-0.36987619390759097	0.1677132450153028	0.43884010416318636	0.3203549315862791	0.08538509873322787	0.22690505851560105	0.21973863181544714	0.23025184779871277	0.14202697003256123	-0.528928998088994	0.18271501026632248	-0.10877035964812454	-0.3815944966507423	-0.11387634904251753	0.04199849416005892	0.17707286257161545	0.18137024989869432
DTXSID2049399	-2.3991852183419606	5.613579268698598	-2.2260316917070297	1.1851788868603437	-1.3859559899633775	0.576286081147807	5.917628462844591	1.9357248266878178	-3.1198140848839806	2.5304939402352375	-1.9434601267334237	0.5438755929804278	0.5884807798090215	-0.15699973140468793	-0.8278165339082308	2.3960362164076843	-2.1099485234713935	-3.246268687299905	1.9432660048023274	1.1691408879918834	-3.468697828977225	2.0437623135762846	2.2437042591222314	0.5629520951148578	-1.4095240043205262	0.856283789469156	-1.0076075158249316	0.311082246007329	-1.3669852002492675	-1.5294163757501977	0.8181613640445504	0.3507744361423269	-0.5885332663559497	-0.2247084688723302	-0.9860828655299115	0.7471965069663191	0.7822091256287145	0.21876481769447415	-0.5547171113607612	-0.6903467688417729	0.014626402288707244	1.4892306167840008	0.011144807483117128	0.0459343606914894	0.28287382812853606	0.7861620664017435	-0.946299921211555	0.8294939333172064	0.3301473826704884	-0.7763433779916263	-1.6247915467452603	-0.2318737336485408	-0.0444156380973997	-1.0948309692186529	-0.8135624879089085	-0.19542310974982052	-1.2123822195763063	0.23261182886053258	-0.6151518421573713	0.605924748725914	0.4754685197771378	0.2685886595987036	1.0530554109771522	1.5388893591739177	1.596855104752163	-0.19971767331830373	0.3833630397902723	-2.702026808483369	-1.1840533895488448	-1.5299245088841442	0.011898236663463561	0.5693947120975587	0.5064247607676636	-0.5580290753407913	-1.04537627634238	0.47082434098997206	-0.6194103882479505	-0.4674030606936809	0.3928757579948701	2.214296061491384	-0.07712052489010598	1.1437236471016141	1.3784404546986406	1.1527811367629963	-0.04878269425127385	-1.5833700742548082	-1.061640470410205	0.2391214887693309	-1.485724740158802	0.9431532053121144	0.9267686070853877	3.0202994436162864	-0.5160801218463847	0.7700839231616595	0.10732817981624755	-1.217456198787081	0.903266441754414	0.6607352676569233	-0.6484851695970985	-1.3928001643436547
DTXSID4044375	-5.333706267595297	2.4133960396332284	-3.5631228398042363	3.498932104369764	0.6298060756990297	-1.9064426727011408	0.7552712809192055	0.5544838155454206	0.6187909699717717	-0.33591213746250986	0.1323229611238966	1.7237681918655525	2.097399911750191	0.7704285169342768	-0.5386886079863272	0.3776444190383322	1.047589884145916	-0.49194900974227446	0.03769100355807044	-1.4978769629393458	-1.1651708245608712	2.3847266391278077	0.7627120532186196	1.3706789862002076	-0.534046208452346	0.44295582545123025	-1.6818907867477608	-1.8277461501197905	-0.6770691181880105	0.7482201785131878	1.891468237019035	-0.3273242771957143	0.18928900213722735	-0.5224052202813492	0.010713384349016055	0.04977848445522907	0.5558839445514346	0.7152959107031591	0.31852632683330145	-1.5795225807424782	0.4001326600131893	-1.1832026925972174	-0.3193809981931704	-0.029738063688835862	0.5593533405426057	0.26153214610732795	-1.1618489065496145	1.1735851907808046	1.2191787132690652	-0.48655896278173255	-0.7885905368609839	-0.9822433614998207	-0.49328958815210666	-1.001585286264761	-1.666869750570731	-0.6557742653898444	-1.1298774216515128	-0.03999810828863	1.184377750368279	0.9397813416119389	-0.2467894937529826	-0.08765296206766693	0.9938788648340087	-0.6072162285665575	0.9009070960738756	0.41373864185307624	1.0771018328394533	-0.3675601542783011	0.9765527259557512	1.1420923605774185	-0.19599401229309937	-1.2389769692223158	0.6629458540399168	-0.21637348718207222	-0.3118222423147957	0.6199936575175373	0.9848087291499816	-0.6655211668164195	-0.8759475199336424	-0.7237268009734251	-0.6781396630468464	-0.9137111275440246	0.22146654529939272	0.018453644445662963	-0.6659402467771404	-0.7968731711297306	-0.26241584775489174	0.02047962892911027	0.10616755839543997	0.4515482727457584	0.3765263578032641	0.7160609635061064	0.6254769803157552	0.24783993006290697	-0.24519288763324731	0.6907822679537539	-0.8561929214583374	0.1667613521438523	0.2493103746703198	0.8729161048196487
DTXSID0020602	-6.975329577403783	1.7698271661779719	-4.627632091042377	3.000578515830061	-2.5619406416201453	3.5357343965489783	2.7542225192376066	0.3538313825971244	-3.513970503090006	-1.3017142662604835	-0.40209281607621794	-0.8193729966482685	0.9889292440453894	-1.63407481771016	0.40872322858668453	0.6226488676819737	-0.7935140687859719	-1.1248960196358433	1.766933441586158	0.5316788647391022	-1.009937963486315	0.8281191751889497	0.6409258595201193	-0.367479256913048	-0.3442944454241683	0.3176998165831385	-0.1587823694799611	-0.3667833589019921	-0.024925810981873287	-0.22625383714055694	-0.22634601290901524	0.5240530505169444	-0.3317001520176871	0.9841005657687455	0.10471103263496138	0.07547468003710665	-0.5435228990020862	-0.09335300887219991	0.5322191400156948	-0.6675870956728154	0.27770469341262716	-0.19478879386923179	0.18111624896843662	-1.206710997873446	0.11924853507251774	-0.9192311344129278	-1.1144313577683271	0.9667151980321973	-0.8677686725972016	0.19750233055099733	0.7754933521088868	0.8680384926047964	-1.8572328120572215	-1.0258418940446652	-0.5917222943862674	-0.21757772733421865	-0.0783586487330658	-1.4063654182187975	-0.5242184616769899	-0.5761229863629385	-0.9170976499163116	-0.3780213708099928	0.32377609904700994	-0.7766750016343175	-0.27996452294401836	-1.0660374706295976	1.0492267062711262	0.13685156169423324	0.5007459682603529	0.14011472180153364	1.2225486325215773	0.8482943298594677	-1.2229659896911855	-1.8632315510737456	-0.8132041088674008	0.43909393712839273	-0.19462035111676287	0.16532213366191717	-0.385751373854687	0.3245081846642748	-0.30159721670148604	0.09963890603272452	-0.45254491336489094	-0.3927041139685079	1.1790385123629317	-0.6393446852189126	0.2633471202981061	0.6298284310446169	0.18961927083008798	-0.01161353890606183	1.4389060934057272	0.40405870165796365	0.3583383348217155	0.6195200729419554	-0.22162348833457526	0.7170412058670976	-0.15370998101707478	-0.20728154940094912	-0.06745648796375259	0.3145055775266371
DTXSID5021546	-7.8441858517197955	1.4166247907838554	-3.887607681775416	3.1593569525010614	0.46857006200278484	-1.1714920133127353	-0.3542254410225131	-1.2238675990945218	-0.7422629374867621	-2.1059155832791556	-1.7544314259661773	-1.606682577010206	1.1369637222300644	5.217813731735645	0.11746286951459647	-1.775717601037454	-0.947508771785584	-1.1216687729595034	2.9965937629741273	0.45709956018341885	0.2160464397514616	-0.39645735590754294	-0.048322763873614304	-0.4648667906608359	-0.25368714574823464	0.37943179832770535	-0.0918198673084515	-0.5218432440539142	-0.314615478825959	-0.9099583287922649	1.8143782787105096	0.45927121963835676	-0.9881202242195364	-0.028689741294436563	-0.8001245934034636	0.701049363694585	0.7393506726312941	1.506013347708496	-0.3396003488373674	0.1282940407706126	-0.06467002789920583	0.5881879722763983	-0.46399166130613395	-0.32038161941880466	0.2530040869379578	-0.41465087929406125	0.22565242179424502	-0.6667822385618697	-0.3918225521795389	-0.18623879614712413	-0.794589300213028	-0.791849220181239	-0.4344048957888113	-0.42824599429071664	-0.989461583102037	0.7042136045447055	-0.5937161377016572	-0.928540754233432	-0.40632173939682986	0.23627381600895656	-0.08032256652118505	-0.33930538852087877	0.6182840975584312	0.24208347632385785	0.06591133692319102	-0.043020924716890015	-0.37371166687218166	0.01917512501425697	0.43117311518376256	0.17344965994627398	-0.3072811349912454	-0.5421725275404002	0.30340725328552987	-0.22378111537932993	-0.2191378029087459	0.5119441844061067	0.5071416928395474	0.01224932057920635	-0.6047939820449064	-0.39398225405570814	0.11831143053106166	-0.11510718033972905	0.616105729361184	0.03851599153128226	-0.4738938663754586	-0.19139411259497338	0.3409247421988744	0.009127859957650865	-0.17922320032776398	0.18241634613316407	0.22317089269163154	0.3648983172504974	0.17785486579388193	0.4104548737358905	0.44845983290926894	0.1905947464555086	-0.22987504691511385	-0.11595927900267994	0.22741287083350115	0.3307180362922797
DTXSID7046889	8.103639824218929	9.37472641988998	2.3551000040340724	-2.2235089517329616	-2.5176408254596914	-2.3013314020026514	-0.3916638551423979	3.9468677843667392	-0.06478375627758738	-1.6445915710656445	-1.033923110383448	-0.11562012200897163	-1.6933292191106446	-1.2048586954681386	0.284349107698521	-0.6010748633769151	0.8846777022932532	-1.3252964928366264	0.9224067464208566	1.5481169774923038	0.9274193685018672	0.2687491455785291	0.38941751808307395	-0.5166401722779963	-0.9799150769390863	-0.7661121492945789	-0.6173909878772773	-0.5638930517989764	0.26738748068547247	-1.528408882805729	-0.970528066670475	-0.03227155132864878	-0.2973805751248101	0.6380924331977096	0.0675929858105682	-0.7922255068101313	-0.21218223028080754	0.04661881474225687	-0.15635308530604353	-0.14703460475378868	-0.0069071916391926355	-0.3893335804698661	-0.1944495403586558	-0.062005468467006955	0.4248152809906626	-0.5024029177042267	-1.9865034686519372	0.3838550337233063	-0.25175213034328875	1.829002461514846	-0.24310719695635685	-0.4855272342003234	0.06770111047247726	-0.04021513017136009	0.6827503907740249	0.9917370010835482	1.1091948473148672	-1.189520091138252	0.4545677798672536	0.03179993172464101	-0.3294730650853003	-0.714438197840813	-2.030216836862925	0.3338653994208437	-0.7763761936719509	-0.9131595243656474	-0.02209236502207543	0.4856366590663523	-0.39909299608931803	0.1348929888125382	-0.00018753033863915195	0.02436171422562058	0.3608785288815124	0.6898504055327099	0.14052813619803364	0.37537230337276256	0.03586828660600606	-0.03747924330918775	0.2074072712912272	-0.15289962796086176	-0.8079485637919228	0.9395922505412984	-0.08107460084514448	0.28444667853707734	0.11238518045226364	0.6359318105127955	0.33899214797474403	-0.04079847886671593	-0.19030270109288186	0.26091714990896775	-1.1724175267270969	-0.6505032049629778	-0.34953041994329537	-0.11965462162559715	-0.5124800584628264	-0.09231133502406683	0.5928304230247774	-0.9103274798779109	-0.22575794842418792	-0.5185237490485544
DTXSID0046060	0.8661130902656687	-0.47328775552127633	-1.1060116492934569	-0.41515485365957655	2.6094617627792567	1.0874549607243482	1.8836620569675107	-0.8945064551712952	1.9057794850878351	-0.6224609186143749	2.512567211168581	1.264796675707961	1.408642131187519	1.054160955995258	0.052724397673168014	-1.1019274269000598	0.42242367832988165	-0.8266578873816348	0.01986886822451745	-1.05165322578676	-0.30034535663475426	0.016112504381797444	0.6502061312005439	0.8065590533415947	-0.4102242393893354	-0.09065474497926654	0.9788976117955479	-1.23967783121235	-0.43919374594142707	0.46511604888835556	-0.0044722196795605245	0.35773821856189947	0.9069867187404268	1.75503407619253	0.5511387568123495	-2.403799895530849	0.8302601252324002	-0.4280508000740272	0.9232498753175099	-1.14123406985244	1.4678707188662963	-0.42076540626887987	-0.2657161868545029	-0.988067114466702	2.1516002931560623	0.5423809731128421	-0.6091425340803289	0.5745526149599423	-0.9377556800875936	-0.6718351213190863	0.6137861774133769	-0.9031223447683825	-0.367209571793349	0.7422957425567643	-1.41686845527877	0.6216801928317686	-0.3072368221108711	0.38064937933149295	-0.4391175976200882	-0.5965628809658627	0.10053755869191076	0.6794811188349009	-1.4196941195632053	-1.6656998359370307	0.6116663164512867	-0.06460621054045775	-1.4584267824968644	1.0695907814577688	-1.1036758101110233	0.10449104683510761	-0.5210711484404468	0.599318819970402	-0.40742507738105166	-0.06684262825265307	-0.5210728369654137	0.11865517641186075	-0.14839756354909675	-1.1687253605906889	1.456069768086266	0.0037861222361993633	0.10948358695786528	1.2901422864263006	-0.16986977646030027	0.06819967618569947	-1.085680263304442	0.38385952614249663	0.029764354299553642	-0.10177432511498444	-0.6504173007653422	0.3043231310236923	0.22031677659082022	0.03765226261428439	0.03826863139425368	-0.2654515163258842	-0.5078939815695042	-0.6146107343620133	-0.06548000381295058	-0.34594877729586765	-0.7618873807361861	0.3171021424102085
DTXSID4020242	2.9841127905411295	0.20359234466477955	-6.5625948047524085	-2.53529925900679	-4.131587993814055	0.5823212651492435	-1.0848744771126329	-2.2641016175036106	-4.323214608334005	2.5523700302261076	-0.858870662455455	-1.4509207986869868	-1.141290421404721	2.414469051877763	-1.4944839502072247	1.0739272370464297	-0.36646887661645	-0.9088213509092874	-1.6838998230730746	1.379260307499012	-0.22015532424493112	-2.5297395146689174	-1.5781901208946831	-0.4116685001453725	-0.2127286823626049	-2.098669445478215	-0.6283949614061919	-2.051865500383773	-0.6882141973788757	0.07379497020558676	3.0253499534703368	-0.3153967766809279	-1.4091566760797323	-1.47740112834229	-0.9596848968001639	0.7817150879682877	1.037021850641089	-0.11051075369055029	0.5789632012083628	0.3475437625398284	-1.9886021551348059	1.5206394366680875	1.0055624333646132	-0.025921302610261546	-1.7663968392872416	-0.8363347402530545	-0.11842952827732858	0.689055369617105	0.41019665755363915	-1.5836427203020362	1.239674801318016	-0.35682241019191613	-1.7348756772926026	1.1375474151114557	-0.3808894433204917	0.9100097171867715	-1.8083645567363216	0.2916632789045204	2.0083302922335906	-0.31838608283159076	2.8639197695679033	-0.5258398246982381	-0.7035758642833051	0.3347996874623422	-0.41563421288857627	0.8404604228264969	-1.0316239069220607	0.10267637878880159	-0.04402806957810615	-0.5210489072642326	0.879079802814124	-0.1978781351074496	0.5467124633347913	-0.7476154899797762	-1.1585026898878095	-1.3613758222377512	-1.2851363153951851	0.06607098330951082	-0.5993109280393382	-0.38127997143024267	0.4084847126196718	-0.7075297470322909	-1.0546251867519152	-0.19678367738296954	-0.022167201667161112	-0.9843301300406039	-0.4480464868778619	0.15874782131600826	0.9268632258593816	-1.266502463251917	1.123726388787314	0.5606762959782468	0.0057342689198966405	-0.45819068601974844	-0.4682296124021638	0.3986976898393193	-0.014876931747425156	-0.29952254139881446	1.3605628941852719	-0.036045349016697335
DTXSID6046349	-3.459411098184658	0.291799626989776	1.3917123190081842	6.859197700357539	0.8032658622946427	-2.5457514493061666	0.09710652798065544	1.1295544109703781	-1.4756440405798592	-0.3291659925572058	0.20989553650654172	0.5505858505257833	-1.4169949401136597	0.08386842092362505	-0.8375731251694555	0.9490910575305953	0.43764026409783896	-0.13161912191784875	-0.263821162274459	-0.9066556140790335	-1.0719901031946912	1.1908570094991229	-0.048258547983194656	0.7529844104906578	-0.16693810057001485	0.7317793344590756	-0.418819083889078	-0.8723197727692227	-0.6011239768060296	0.41750592672405135	-0.5873269799142503	-0.08232178630699227	0.9578440907712228	-0.8472894769614543	-0.1495363526999604	0.3382109876611537	-0.9492249370356788	0.3551076216024549	0.7848696701962087	-0.5005128255452056	-0.35585070836654553	-0.2942899981155336	0.3162273947644109	-0.10788485147924495	-0.17015294627685715	-0.024130124169945037	-0.19375055805757313	1.2565034833006674	0.9536001688536899	-0.04680667448490978	0.4858749734543547	0.007634871256282115	0.41388245451380207	0.02427463780137416	-0.0863699756851181	-0.6576637392205457	-0.3895539456566544	-0.4029362290948366	0.9291013144308583	0.21492748161492323	-0.33191810772178365	0.8651578644503694	-0.089753211613899	0.2810795182972567	-0.397904571737123	0.11509017440377076	0.6885261900136597	-0.2914613596717475	-0.09207116116609676	0.46589910445453103	-0.7370134321413534	-0.4324608081359049	0.5946775612649486	0.16760702950555845	-0.3924683700676394	-0.06702172953479173	0.11193492874964413	-0.7824621748651464	-0.20692535553417604	0.06401320739182266	-0.32948276219320577	-0.6717656603849086	-0.32754446063106735	0.391271568482279	-0.17688773486571385	-0.19323072792540685	-0.0625194394224798	0.23906256028148873	0.44212168468423885	0.14442266108979773	0.7888296184140711	0.47072655112963774	0.13938721965635317	-0.04066613163319882	-0.6135774280814824	0.4048347420567527	-0.29281872112632046	0.06512963681831703	-0.3220393614566645	0.05871340145116797
DTXSID9037038	-4.06832089686532	-1.603849221862736	-1.8127530675975922	3.133377476186221	-3.1453305340123743	-0.2619538955318763	-0.44142175236340986	2.0991218901988953	5.443984781718975	1.0558909055054406	-3.4655980414654906	-0.7383607329751182	-1.2913104858821398	1.6626589602635347	4.374297428880862	1.6901643273479057	-2.8361108858118795	-0.10210397790889629	-1.907103311060934	-1.8658616880899628	0.5371459300138459	1.386745279462124	0.06494949773896194	-1.435994581826996	0.5236609193819343	-0.31930902787051896	-1.4540932480344388	1.3066825674458271	1.0810753365406358	0.3839327461294202	-0.8328726616260932	-0.38957082927105524	-0.5527213570432251	0.24069660906128937	-0.44707648836395925	0.25205827895424376	-0.08047787665231676	-1.2443694465114572	0.8676933027289903	-0.9635886679085556	-0.2758137109002808	-0.6822958225665062	0.9892901803629337	-0.6311362567410366	0.5095222699301617	-0.7271915902423666	0.1949993103998341	-0.9053891690553003	0.19607091780528818	0.6467198954086694	0.9769188081947218	-0.3188732338745357	0.4460158639044689	0.875411815780103	-1.8984335052445618	-0.20809281048349285	1.5384913892020415	0.20892604707323992	0.15239325251250252	2.683042373495978	-0.524861652706789	0.13566229507532998	-0.12573356543120634	-0.7554060517058356	-0.07541699390904089	-0.4645835385255877	-0.4098923880695929	-0.2385810041767667	-0.5804837932059415	-0.5293196100669738	0.35138232048975493	-0.5851021237333858	0.08662800620875337	0.525013450696641	-0.24710948177728437	-0.28986395949357757	-0.27700994108494204	0.3400762342980136	-0.10739863772597216	-0.023243794646614087	-0.002124629716958965	-0.695767577138993	-0.3326598081896231	0.1333679046364307	0.32228245657977467	0.05454645572110489	0.16304183135777292	0.19079865318821243	0.06431285612270644	-0.43457075922158467	0.030005934619720325	0.7908270239152843	0.36237068001777534	-0.24104970951235877	0.21907630165864705	-0.3713042520758886	1.0462649956752081	-0.857641436076267	0.21290807680417703	-1.2230987530976658
DTXSID1020980	-8.288374749610718	2.8673859391209557	-3.816202678993113	2.5464153505121407	-1.0087334841395477	-0.6339601985002513	1.5144064059607079	-0.5846184072295408	2.9065107372632317	0.1435596970499283	-1.0903189521355547	-0.8432398865222034	0.6424855034246042	0.15954068308714364	0.6234895922722754	0.20106933069625305	-0.31158528191347157	-0.14037058624169635	0.08505976206357073	0.39279922241934895	-0.2054451748168466	-0.052428396238714994	-0.20041475430298744	0.09101558205032102	-0.5351507725701042	0.08368592545370422	0.7247309363236285	0.4024348619527241	-0.5683040819558139	-0.08677545617211296	0.5052202195479568	0.39716335616789417	-0.10369157462613593	0.6110995951162643	-0.2826728255240872	0.24348743984865764	0.6511375111616279	0.345827894544973	0.2243283783090706	-0.20729864409475318	-0.13876104047551008	0.22145120026901696	-0.21028950749882885	0.026217249512977513	0.22161090919280155	0.018866507977169787	0.02720021746546994	0.42581219708472706	0.3702771310436957	-0.29525246610951905	-0.22127261656487204	0.13665663157872363	-0.14147742732361568	-0.1329447799488071	-0.9900595588971983	-0.33404159749799944	-0.5808431436617092	-0.5835437953317276	0.15907167004960454	-0.3580167833929747	0.5623373027366363	-0.621855716619828	-0.6252786546812861	-0.3179132783197509	0.0771208947475922	-0.2856996047946313	-0.8555427915074597	0.46063253796092724	0.5872951629327382	0.061021197630939786	-0.29474975430054534	-0.3471675519999929	-0.2474128363728547	0.2937649164373693	-0.1643756965915465	0.0316042646159042	0.12225670733708201	0.3798849505883515	-1.3587986194664232	0.1744948127503362	0.2811945045286349	-0.835805811583105	0.7333204450099672	-0.1347087024570118	-0.09636088660313616	-0.410017809284543	-0.06779631806051233	0.34390508730860686	0.04086374001252621	-0.5399508407771985	0.28110097644925097	0.9437164589086158	-0.5404971707310073	0.1806441061175214	0.6046144040666291	-0.12372412787352075	-0.23203753503768434	-0.45413540524089513	-0.45275288918557083	-0.13912770418360734
DTXSID4024270	3.80243249701841	-4.298863833869938	-2.4539947117485883	-4.622722963817022	-1.7143746474635593	-1.8688576044656546	1.4460547502552943	0.31639639390167146	-0.3937507787803173	-0.19817446127189484	0.04350475928138045	-1.4592012049012575	1.67497308128212	0.798749739000296	-1.6965739093361012	1.1967256864636115	2.866286456875491	1.5333138598743252	1.0238034650058248	0.5590267643614626	0.6638684567712804	1.1696051408323858	-1.292348563263441	-0.06802809291883431	0.3462629233326634	0.6024210340075206	-0.4575252879962263	-0.26366987979617657	0.7118509378695376	2.031078632175434	-1.5172393124311672	2.3278724519389145	1.2708561524696982	5.0871122223790985	2.6500431163686033	-2.067174911710807	-5.149684981590936	5.599704644097729	0.60540714606293	-3.733059524281423	-4.33307134828294	4.656923808906606	5.901278742381226	7.311351793865745	-1.0830685400580107	-5.116629400483979	-0.8651273778111943	-2.857662867195517	0.5738537740536894	-1.6716384366900237	-1.3019168250999653	1.0907547384523606	0.45343776771195365	-0.21328893253120643	-2.1175946279499	-0.32629149337280206	-0.994404051527127	-0.9047072661531518	1.4233114947951668	0.7807145537139725	-1.3624543194446177	0.258802543878322	-0.6576352421856356	-2.1203537325367705	1.0409321500812632	2.019792847105542	-0.18601065769055883	1.525494816854808	-1.1283189785954604	1.340769869383347	-2.4847853811696696	-0.4477110871151619	-2.1877957527511884	-1.8999999061846573	0.8147363516988403	0.11513580990894441	-0.8689322756015739	0.1118286561141074	0.9148599120251197	-0.4061011149476171	0.0962355252728751	0.8217529627631183	-0.4133578135088847	-0.08833666924897242	-2.6701838380790397	0.1152950969826588	-0.9995538292569728	-1.2128466875132304	-1.5281339917550605	0.2968231834837438	-0.3884684849708688	0.27500596863496424	0.30133485288324247	-1.0382760922799472	-0.0019502836895431645	-1.1867999090754284	0.45789924970426676	-0.32137455436990603	0.008949305097860226	-0.4021071700754255
DTXSID1025649	-3.9753787063944075	0.15625447528232506	5.467040324136155	-2.2576617300573893	0.20358216207891786	1.0978519256892458	0.07830120810003047	-1.4039288094689188	-0.5468862706780122	0.7898539613322334	-2.493671922614085	-0.17259484653972174	3.4231720168891284	-1.5134168718916383	0.35927638212050256	-1.8174594503320052	-0.5766513452554245	-0.1825258041034912	-0.46639137647676254	1.2446488777681717	0.28951283995816685	-0.09288113929830914	1.1185696357805792	-1.1497009716110416	0.24385118282995777	0.08338109217534657	0.32385497419315834	-0.09752705785266305	-0.029588138063693616	-0.3652856679157328	0.5755113275326215	-1.1039870583783558	0.5066122105684109	-0.3910750889908805	-0.8047650250058291	0.6383060274843925	0.20557749146351922	-0.3899787054784798	0.3537827829739579	-0.20293522015454873	-0.09865206170237648	-0.9459563671254486	-0.34752665127446947	0.2840623423704346	0.24034967170947993	-0.2005992932992301	-0.15423089223541744	-0.44068249246315977	0.9297332577724984	0.10049381279503283	-0.1607466271141657	0.7608821904971788	0.09152595166148478	-0.09093664050837365	-0.08494695582796698	0.05496943410948557	-0.019888149846244808	-0.4753766074321027	0.7890706791267729	-0.06663694139879545	0.02525084247943028	0.2743060629209333	0.3837373468376175	0.3030308775299979	-0.27489757793330505	-0.5501446053974578	0.18528597100849253	-0.05682399502005384	-0.013516936329772352	-0.0785315006483459	0.291622045245151	-0.26771683234395016	0.020275469402617884	0.36225829947458954	-0.044217606422218524	-0.05015035736753277	0.017638263103930633	-0.141179276100498	-0.007900383923922361	-0.3248561347353086	-0.13090135207828982	-0.35034010235129326	-0.1848540162389935	0.28749632536931474	-0.033316544386060125	0.1681527627094635	-0.10436788812269712	0.2069658202870884	-0.3076437770101613	-0.46145329432976084	0.060659233480604376	-0.25964090813916224	0.13380993696592886	-0.13761868585269982	0.050409874965642115	-0.22958172036083915	-0.5276124933582887	-0.05580869134777653	0.19333747894964215	-0.18759341147459896
DTXSID6029703	22.16793651748738	-16.967618727351212	-93.68177987123562	-15.862986151787124	208.58507792725632	3.2063808494161106	-44.148453384348656	32.76715684473168	-38.12632346658183	-29.316619158116602	7.009768444993638	-6.051061512083858	26.313222757188722	-55.65153666125395	124.56265159910558	84.84954160486838	21.21738349737396	27.733937892951566	-4.455326297017817	53.996009495075334	-5.525279055701502	87.62256739419033	-75.60606908433627	42.4852209349483	37.92183410126375	-58.350242202240516	23.665579649643018	0.11369633782671376	17.021177412971433	88.73173121433715	84.02250835822124	-77.73680881917998	0.984580092846916	30.43825800445259	-47.53163376034814	26.119038015227087	37.58825157404335	49.378060835254324	-60.27332770955364	-16.200562894331398	51.54303080113037	30.091485386944463	-60.185172827654085	33.048034199228184	-16.69206887401661	6.4971560861410955	10.86238277357354	2.2900413462059683	-48.62990539751579	62.121196503394856	-52.829481905131566	-10.929801736344096	64.73514478491478	12.628335038604147	-51.8694118351879	-74.01845661613079	75.21157425099834	8.370948488510644	67.0124873660014	-9.874501589826297	78.09575404725967	17.73001890792038	11.581261644774923	27.00934077992332	-0.6036776937635352	34.975639418960036	17.84242276684111	12.327403138703946	57.36641529131338	-24.565624396827946	8.521692445749764	24.504108757251938	3.432723196708228	-3.950216052509601	22.124427756887393	12.086158586069745	-71.58916672306556	90.25796640714508	13.011473272169438	-50.410077011296394	17.58788625806515	70.85907288102591	39.711067211065235	85.8919348101327	-31.42183645150128	91.55755090462335	56.834982266355375	-21.955019604844335	-9.697298769838921	-35.91148809357776	-9.522922357273364	10.442820543026977	-5.358390367430516	28.51204460588073	49.44011868258427	10.970871773054625	29.624659546008033	-61.47730348749357	10.714353585314546	96.35903800815956
DTXSID4025117	-9.409832216284746	2.6853659542463744	-2.7144399977986797	-0.06331375715648548	1.3952657767837011	-0.22610415797205793	0.22411107882949588	-0.4762551664770732	-1.2190318883991336	1.2284426408332911	-0.4314484165906004	0.7155456807880409	1.3209067235589775	0.13836668541092337	-0.3943769286713831	-0.48709801332409536	0.08668303201971639	-0.89489280111594	-0.06547265800833267	-0.09972749463018345	0.18106849326120736	-0.554312451401949	0.4782926283711867	-0.020097836223393794	-0.21709310417633218	-0.28731973236195174	-0.422799759238304	0.3432837304307566	-0.06875840992782506	-0.8996578074848285	0.25710519779900604	0.5586900212522405	-0.9876355578792806	0.6649572985508662	0.8058798431974384	0.04161869934298917	0.2915157924706038	-0.24452015301630753	-0.13420738064495163	-0.24270000198913944	0.36169621417949477	0.9822291693700733	0.2215444205122894	-0.3642385945778925	0.5175428969328618	0.005970911012721445	-0.3087421634604615	0.7556066304342653	-0.2891090606224361	0.05851789511958477	0.46809237886516697	0.21295851736021312	0.6637399802781049	-0.6629051926964856	-0.059016576802776506	-0.3427259169714328	0.10075368877453283	0.5608370500094594	0.06220720670301966	0.09288524686841282	-0.24768265081021526	-0.7175210961321489	-0.8378219497642324	0.5444005879913596	0.5979273087698487	-0.4331992045817744	-0.32605282303220195	0.40849673905067646	0.894218995558646	-0.22987601097974128	-0.17206050918956534	-0.07058375043392916	-0.060979861058124356	-0.6366738475154455	-0.35291890153757344	0.3693442146801028	0.06428257352624726	0.19737359302258553	-0.30306247727862046	0.004903140941048574	0.08751519301762568	0.0500536712128035	1.2705573180052638	-0.1509357990539098	0.028156222986411277	-0.8824313909472826	-0.6711290261603122	0.7171344730871217	-0.6329887448533575	-0.114089826547202	-0.10824069694565462	-0.16301644216753586	-0.7502360398183695	-0.7988595541034507	0.060551430176731216	0.19899062712527993	-0.24349369671134302	0.08506520912047767	0.20983186071245857	-0.07317997093254505
DTXSID6020199	-10.314339687800754	3.2416776782762846	-3.2425110940364212	0.35773844073998784	-0.3693166786886558	-0.5801675594643558	0.32269888480972964	-1.032254255817643	-0.65898422240909	0.610117819272371	-0.5545382690605555	0.7289548447619443	1.3289780991040825	0.434733681447099	0.6338926709281912	-0.992678700988958	-0.6730413259758071	-0.5253369815043991	0.9026477803879411	0.042599612386399845	-0.6570371257543242	0.18425599493621275	-0.5716280218783908	0.31776000925509407	-0.24582580811422583	0.4716193786518854	0.35327531006503143	-0.5621624232647016	-0.5554846630563407	-0.07012258969602711	0.5464190426051515	0.44564694313352265	-0.1945710209762756	0.09643282367493405	0.045799645388138334	0.171845597231241	0.44727039275756175	0.5778308790408815	-0.011250881868810444	-0.1478180667979842	-0.014892321744589277	9.032565757358022e-05	0.06469313453602867	-0.02963465146630777	0.38294600708910403	-0.24780151059135316	-0.05251009765361461	0.23841826142385306	0.2087076115037117	-0.5373279202908143	0.012361716765706684	-0.6729584142028461	0.15678399758253622	-0.14551192081571876	-0.08690759908626354	-0.22960656036491717	-0.0019127861262440674	-0.9156344902605321	-0.38832488288478495	0.037144574288563624	-0.16388881521855167	-0.30058469426765405	-0.2376058412881235	0.1925665660856293	0.6344741726830458	-0.8367643127929653	-1.004350204929484	0.4141965445360513	0.703891890515636	0.16218274974978972	-0.2979022276994959	-0.5315453045622694	0.4442030517969747	-0.19082330219535715	-0.36124138813014184	-0.200221605385358	-0.43180955672944776	0.27560801492638015	-0.7468350028623943	-0.15156102838538227	0.11794653175136902	-0.5718511995110378	0.43056852434420984	-0.06549502085560652	-0.03832514709254125	-0.8062710077337204	-0.09194554310620709	0.12312104210398045	-0.23528591719163092	0.09191739951356662	0.08990150286358944	0.4542661106384429	-0.8987578509148252	-0.0008669215330468301	0.36283333148768315	0.18827291979306343	-0.285989478788677	0.2741549018637007	-0.23419330542784797	-0.012950933224731167
DTXSID3020546	-8.795463580914593	0.3936251873295168	-2.2876255404165486	2.6942177464836417	1.3175860674674655	0.36301950994606336	-2.678594485753092	3.497438046952311	-2.665757911095999	1.3158692579225828	-0.1596778930610113	0.1700699079962934	1.7787609930322263	0.5044709149678261	0.9092142370175603	1.0811368746547778	-0.9229562205016936	1.0155886568520063	-0.6432282332006594	2.3654056981360028	-0.7747063697859113	0.6862593817062892	0.1339973708083345	-0.929392619149909	-0.7432843026129629	-0.803142310722522	-0.579025251004084	-1.840272166249561	-0.03556094103405642	-0.43371002114624335	-0.21114689254265367	0.5752298870685106	0.08856172637556006	-0.06160217736855694	0.04693681484738122	-0.28916435082065334	0.16576286327941736	-0.15196679311005362	-0.37482418112123234	0.6913807732626712	-0.562125603676941	-0.11472472805825065	0.4024389908570041	-0.23046846682558678	-0.21322264356182402	-0.1555402308554374	-0.8812881104845989	0.5580706203122431	-0.15435264726785633	-1.3971993925120987	0.5308056996255923	0.0012608157471127729	0.051678782888095146	-0.12298279084052623	1.2569161404816027	0.06590188996198566	-0.3178773927329554	0.37979071020854754	-1.863959292180763	1.201815240404927	-0.882304618194398	-1.2953193879971516	-0.5954080532257614	0.01809445918111681	-0.6570050890262171	0.24062864256633984	-0.9277323383473547	0.6463946551358758	-0.26595539536699814	-0.7348157350891711	0.2761335055224385	-0.7772860956360229	-0.15091647726960813	0.12515893400905834	-0.5234355461621298	0.06173594328714734	-0.25973486152212993	-0.9057354964209421	-0.001204397252149667	-0.542825231398829	-0.4092954017074046	-0.6350309714916973	0.0063114898517710695	0.2624537332817804	-1.000497064226983	-0.8542473072046359	0.9154704018635281	0.44737720142771903	-0.1030601240764054	-0.02275374110639805	0.16438665948814685	-0.2397855563218003	-0.35515891698097957	0.11385436245560615	-0.17468064021109367	-0.01875454873855374	-0.11014415937166469	0.9237389076613279	-1.4380599795985702	-0.7432317631615514
DTXSID4057768	1.7682464764626595	-2.7889392836466347	-2.9474999700096016	-1.0006724797790745	-3.4055380305150837	-0.6922015076948902	2.1051981666537785	2.880762485219522	0.5386598984085673	-4.356948306301473	-0.4216445114467002	0.41524991468508027	1.9905135688508162	-1.1773924177173563	2.368683481408811	-1.798788466327602	1.7108832480466378	4.757860835446191	2.162404374534014	1.0140220473913237	-5.531585577848556	-6.070600518284397	7.05413115462816	3.456219424720209	5.6299288679289266	-0.8046814635504287	-1.7410469349193682	0.8526408834232596	-0.35112111623791387	2.7173040320879958	-1.7652009797458508	1.9318264890420918	0.8725374262355251	3.8256234435127463	2.398275792358379	-3.5035873663984707	-3.827539121705381	6.672840744569296	1.2071382178384105	-3.2602130842339783	-4.573907906396641	4.0829254784544995	5.208720443896077	7.68432628814779	-1.465036623736189	-6.832693778483076	-2.227890025309387	-2.3293859182692236	2.2814908854390326	-0.26313005729314165	-1.9655127918354331	0.8439669819052633	-1.20971268042673	-1.2119938223482876	-3.386279080821578	-1.104027505401726	-1.0628745229992729	-0.10866849069090155	2.492163029504914	-0.5119723874090193	-1.211520429562245	0.02137168661062591	1.4593600900829629	0.2330975967323063	0.9359163536504681	2.4374357529462105	-0.3743885575483246	1.3649663716247762	0.10609751959214726	1.874089386621016	-1.1657554119083364	-0.017164065871028113	-1.9719369286086272	-1.1986359252776562	1.4778874021120119	-0.4788499731620973	-0.3916735210186238	0.09904240781363248	1.472043984299628	0.5055557416464149	0.35121070684181266	1.2916422144951905	-0.7557160958580635	-0.7240984487161062	-1.8157426967042876	1.377117285535828	-1.022781273871536	-0.47729250835473874	-0.700929588663281	-0.3690475238063918	-0.7548938825774624	-0.32513424090047144	1.1413981230539572	-1.6501366953978225	1.2132989993282017	-0.4553276323934434	0.6916972730166346	0.48266826537858937	-1.1239318511566148	-0.5451679882842373
DTXSID6022892	12.754273015136635	-6.088758201541018	-3.4072564212824044	-0.18152259392893352	-3.265460009100172	0.8033198477839448	7.4722113679984075	8.65545189975132	-1.847728806036061	-1.9326353360389217	-3.2206298312455583	1.8803804784318316	-2.0386004711709185	-5.057592987225884	1.4962767867274436	-5.315582649577677	-3.071571957087318	9.105214228016541	4.81192615979709	-0.8986926589528357	-1.7237796453242524	-2.3992088601045958	7.669249637682615	2.074395809107055	9.949763368515727	-0.467844679377125	2.705600576357151	1.9496274883353413	-2.2291581402162213	1.6918832957050722	0.9137426847537559	3.4467363948036565	-1.7561331381367675	1.6281842796025854	0.3439835522784606	0.09322311062144022	0.6677097745143358	0.7561464349823883	1.6090656510506396	1.6680075015958902	0.5057270295823125	2.08994783535818	-1.846870930936755	-0.12330989975950665	-0.90469276858269	0.0835842437738818	-1.7519190906169855	3.687798820379344	0.810392149812902	0.35061235604813784	2.448457672398794	-0.43804157873584426	-3.4134270545384697	-1.973225639838016	-1.5025535597052482	1.2145206610277186	2.0794743299231118	1.1752921942230345	-3.4120106195044135	-0.911416711193596	2.861524480005878	0.4424720438526881	0.7653857957649508	0.9939670028700327	2.6671393852698686	-1.6719756059102548	-0.650279833897717	-2.7284330924067253	1.91490611965025	1.1154083722912513	-1.3385825828471658	-2.288119356362258	-4.852313104326401	3.986039971493446	-1.4381321925608028	-4.592415000704887	0.4031563678852391	6.409470064472232	2.2439169243807657	-2.201514303433731	1.4330243751503993	-0.6772039522091517	1.3182369313448252	0.20304181926758585	-7.6992955877984155	-2.2551746595107938	-2.891817238553597	-3.4173679367342826	0.8060931837428044	-2.0187886295379935	2.4471335128261718	-2.177545893948231	0.6810140694485903	-2.127958244859934	0.6986708069172167	3.3570762146539064	-1.5520906138811776	-2.167966126418019	0.34383281964762924	2.0025479778541726
DTXSID9045342	2.9827385787105016	-0.5241561767355647	-5.678159402020473	5.168333345528864	-1.0568562380507824	0.882832378290014	2.997689149174507	0.4402069372235299	-0.4210174473475712	-2.692670948144213	-0.40432864687098163	-2.8237776065376634	0.9870987694059529	5.934388227067366	-1.4336000378154472	-0.5660348229976775	-3.1798490774379498	-2.4156623149038605	2.264104322241445	0.8261205519363045	-1.0332446949587157	-0.014106739775837939	0.051902150590231365	-2.011578253545336	1.590445129219414	-0.09552282763622594	-1.7828247346792727	-1.0503339597272654	0.6811657968983055	-1.4352852820270057	0.7297435163289481	-1.4914391832966165	-1.3049939051235206	-0.14695352720533078	-1.5282511719809184	-0.342390052702874	1.4572841703249404	-0.16511009724182435	0.9916368861475234	0.3304945894552755	-0.30710531574365024	1.1459421711748403	0.17761778045921606	-0.5018962088473009	-0.6242854286918856	-1.7730774328534644	-0.21648754597512987	-1.4308145883697778	0.13230049437823413	0.9582040895933196	-1.1702798985503582	1.1604200646537612	-0.08360391615315585	0.3100425253269335	-0.6148202629479103	0.9982606929700581	-0.40168402124897573	0.035591936213622666	-1.3419205070654772	2.1922233681456587	-0.47415932280204026	-0.7648604308745385	-0.20149243537294612	-1.6668337062674787	-0.5847930787964254	1.1193240393757593	0.4688996271163438	-0.9741658227641857	-0.5035337069438797	-1.929066541043631	1.1341804452371596	0.2030037554840711	-0.9521631956348334	0.2739228868066969	-1.6206258741135908	-1.0446334483583044	-1.2320285955454087	1.6598828469125184	-0.6049384073671781	-1.053905605596279	-0.1492726507172514	-0.33859569056859423	-0.8154383180110426	-1.2930689414062648	-0.15018985431585524	0.3715607218291733	-0.3646816804896391	0.2620056187728496	0.5788854092278917	-0.3112532013587163	1.2261539420585184	0.23109823176712851	0.15276596667744435	1.146138906154442	-0.42025862804344577	-0.6634492915076035	0.14219064888145633	0.8191759405161714	-0.5175091485588236	-0.7134121832633259
DTXSID5037072	-3.4576681853218685	2.033603459956969	-3.631578240048367	3.139615958775696	4.098993869804408	0.3031473324309033	-1.6077237170061447	-0.9396262455967557	-0.03424315881880489	-3.407199903858862	-0.3352454953572956	-1.289626997528219	1.4911271475323302	2.9680231920996762	0.7164544870656028	-0.025762120333094714	-1.6966381225517	-0.9597514900015433	3.251042661178212	1.5391603824330893	-0.4017496399353593	0.05677580783455927	-0.6536293954906215	-0.48072543983274785	0.4166191889034131	-0.7259970009308043	1.5822308481448715	0.672220133153344	0.6660470231250062	-1.9283265588833713	1.3814707025522732	0.2554278080344444	-1.986221360982105	-0.6669912268199689	0.7258896023750243	1.6502360586977483	-0.08114588929743488	1.3175517804767563	-0.7721321774608397	-0.8694204946890642	0.8078980970418004	0.7887815287583775	-0.3158909761933408	0.2582864041719489	0.836932078206719	-0.7165590348971503	0.8272892002125463	-0.7386284539324597	-0.038696852533474164	0.4486815272357219	-0.8506940556865756	-0.5830237938192455	-0.532694000990936	-0.02843665100542592	-0.34467027673175016	0.8607725477356882	1.0431383863818475	-1.612006176113631	-2.037191419297343	-0.7102930549791335	0.4317628996545499	-0.8432467636645904	-0.9444461385179539	-0.01756194716166732	0.542886980732843	0.13385667421389733	-0.8386594891115734	-0.29929451854189804	-0.09137693176551129	0.2042807569369158	-0.0741513536834632	-0.9044649175703964	-0.14743786165432338	-0.1389030098435394	-0.23763495644935445	-0.07949174011403885	2.562987579884868	-2.0538841609678884	-0.23679783195924636	0.8351971995975591	-0.6239225422034816	-0.6877179564260812	0.6655216634823602	-1.6159607053479697	0.7475304234514002	-0.08908860166456735	-0.9882418249319089	-0.09010232471762501	-0.9380810225012627	0.3391231504989974	0.9325971282607228	0.8373377971958611	0.051038686040517076	-0.23231960863176956	-0.5537397123813104	0.8918866878316268	0.24398599323649964	-0.8047444673737384	1.1298763733527324	0.1606331857893681
DTXSID6046054	33.78978001401567	4.871591436278715	4.657727517363496	-5.389429593994619	17.08578103781582	4.63015330861421	6.722154403830343	0.2086529504146226	1.3754310458960537	8.173066140385583	-5.250039498003831	11.011396504924015	0.6343901540543525	1.3005708074715288	3.2512117192842753	-4.526032524429315	-3.796879078732299	11.0290674738345	2.3527420005521447	0.538688624443923	6.705976057236496	-5.8714319758189815	-7.881982417701499	1.6341958369270277	-2.2530258671761856	-1.3349704368199875	2.716215991469981	5.653008342826681	-0.40165330584595427	10.29291871144086	3.4817472663879236	8.623461602535075	1.2359488687458746	-4.487211377857445	2.77324643698793	-1.2633191243955573	-3.3247726861172713	-6.307821025673956	-1.4864577698275905	2.0096526891466215	-1.2760602040453843	0.40219046774763995	0.5094171080237915	3.435952095947158	-1.3123616030686514	-0.8616093528129596	5.481944511853026	-2.244238561652247	-4.3224805589399296	-0.8062921908210904	0.9578108833707557	-3.1564017861493197	-4.903465386965719	-6.13516561694941	4.139645892325949	-6.6495826373867635	1.6033060497123475	6.332237096821869	-1.142070013542752	1.7627911666985798	10.921813980705712	-0.28574271541382684	2.620227509047836	-1.5846382196409607	-3.496787806151073	-9.043834055071162	-1.049347281924796	-2.5453765135934447	-1.3615179356278087	1.793118149117443	-0.6197285550626019	-4.550491439511374	-0.7430416493299559	-1.108318416641333	5.514164412545352	0.06880941686433484	-6.051739019662939	0.4055571658923285	3.9887404843437664	-3.630229016092016	7.713460810791486	-5.399599356014533	3.7140951146559815	-10.342839628969479	-2.369264431250413	4.429073832065564	-2.4691648753488322	-2.7118701056349	1.933903767276496	-7.458243512720126	-0.6850194224069783	-2.248716415815734	1.6460074425517777	-0.23969010229274987	0.6937028135765436	10.485392266353841	1.5069323804180927	1.2884152933083974	2.013978440958984	2.7512457484131714
DTXSID6025226	6.211256503710506	-6.050647666509976	0.6074623965773059	-5.578144126442003	-0.6867179452040252	-2.9189584207041777	0.2288702774917049	1.3535412418073227	0.6129573190823008	0.5990229058752858	-1.3376381687536871	-1.9492941738317566	1.8836113481095988	1.2236183053041612	-1.2406561132014795	1.0935305226066443	1.5130112573330798	2.6383707878314575	0.016783983293823468	0.7558674396356354	0.09744389508498516	2.5067525623438436	-2.2187752422794706	0.6965104208408395	0.8115504506865407	0.09644912437006645	-1.8659150786502738	-1.3366512281830665	0.5621586241894405	1.9029315889938334	-0.8323709895361895	2.2837326418176267	0.9603569270897581	4.723299592530918	2.076724891179921	-2.0208337818484603	-4.585259076211004	7.113359442019876	0.6804847570289155	-3.6490906689759846	-5.101787059201936	4.923299473099038	5.705607354963439	6.879747679213504	-1.6143276620672833	-4.88599048968189	-1.1171784933396238	-2.583420531730889	1.1994888867993598	-1.2400101095170912	-1.1781496829021174	0.884598466341623	-0.05217264839221932	0.040126744950265206	-2.4108781338445886	-0.7630845447225122	-1.2540281857531528	-0.5368292014295886	1.2069378687009855	0.36410627399034945	-0.20941706114908532	0.5167972764752403	0.3397938531105421	-1.2774222135939406	0.33582127437233067	1.2452288177822817	0.5906553401481905	0.869217609590831	-1.4231522326628971	2.6867833792856377	-2.159216661472767	-0.4992757083987906	-0.06981579893123818	-1.5076079807085458	0.3335635868882289	0.33502519070129466	0.36412405770482	1.3662541540332216	0.8805942753184938	0.76373041075142	0.4178118296146572	0.7817230497674951	-0.8542322240813405	0.04552565061978988	-0.4719623376296186	-0.5613390554347307	0.2587650517020936	0.7289807930518518	-1.3038579030282382	-0.23904833634756117	-0.8937493448289909	-0.20801387540199365	0.3135772858230661	-0.8988434325033506	0.15615520151886042	-0.001837017505860518	1.073842680932689	-0.7855709235213877	-0.7431325738341206	-0.21018522078940377
DTXSID2034255	-8.920681190988379	1.7167944909547128	-4.5050520049755685	4.356067935976356	-2.404410854819484	1.336247362752474	-0.4419221759737152	-0.767578994945156	-0.4326865454308158	-1.575840079577807	-0.7030652857898871	2.023529782059493	1.5687639649433438	1.0285015844922671	0.2808941422641262	-0.17668627124619207	-0.958054606648707	-1.4069192039376788	-0.3363355895921806	-1.0393971348966402	-0.6599133743133082	1.0583225783674068	0.23632795537822276	-0.46095251169492807	-0.46864664026083447	-1.370481015404885	0.5823780848412238	-1.4541526697389728	-2.1910426140079244	0.9077822507493316	-0.5183479776697152	-0.4101557008635498	2.32117884095782	-0.06444463725235908	-0.497587724177898	-1.8020232272938574	1.6297049070968233	1.2822505218065934	-0.3863308498307508	-0.6349318535191916	-0.6079521028663716	0.415558816741973	-1.0258184915276063	1.4988295515940262	-1.6248168246648385	-0.8764846036699653	2.149012324273227	0.2089926360162866	0.7795182109860835	-0.15094751507255078	1.050413785286216	1.926560620732009	-0.32999147437830517	-1.3111990357755772	2.2464367131679723	1.164230889687058	1.1972102441718786	-1.1577564976379764	-0.41821894251940545	-0.9127408937873783	1.1957036366637133	-1.7932440054495513	-1.3740240034485627	0.8805052690128081	0.43469179234282107	-0.08633109668059377	0.1319033068424499	-0.02766368511299131	-0.5489179322641007	-0.7011880147319538	-0.11871527637488456	-0.20755783009229223	-0.006150869625453512	0.7078160548370999	0.4559067089355903	0.6573809613704339	-0.4967873699342718	0.2407115998056307	-0.7829476980814682	-0.3663690542857092	0.47813682725627493	0.36975041310168405	0.46898771810312406	-0.046772057671922336	-0.7033682254576541	-0.548199173540895	0.00918988683605814	-0.13738987174267123	0.221078743415622	-0.38349483161969344	0.1385033212302634	0.38159022865869785	-0.40482076421769236	0.22513838473536427	0.7176756579958954	0.4694849551703492	-0.23847440157338423	0.4721083257661614	0.19467431239740668	0.21667055159175305
DTXSID6040743	4.2396865530662415	0.6765001478297586	5.154910181662374	-1.7941570549105146	3.578995128087144	0.9206936756656137	-0.5049516694171577	-1.9541666982133903	-0.8533260683326508	-3.014932307860558	-2.683462928233129	-2.1812982687413767	0.427779105921661	3.016923272305608	-0.5655917490627586	-2.111921758029486	-1.5069831650265517	0.7666655538503474	1.488390452535686	1.4073490701662403	0.8976234048465965	-0.39116654622976066	1.2296561937085642	0.4288844712755329	-1.5823597871919493	0.6281374011820154	-0.274457990895927	2.914861875927299	2.3985581979614916	0.0350995126253094	0.0964965353702965	-0.337426297279406	-2.129683140490561	2.8509428598513167	2.8682307297714082	0.5025974086191891	6.431613377734305	-2.614552355877603	-2.523649710016974	-1.1961701876668467	-1.0774647203966794	-3.593750526351867	0.32775407951601815	4.376699671880221	-1.3172354064447216	0.7246073079532092	-0.8241664678013217	1.0131367191307887	1.5905648795391272	-1.6091966241271343	2.0089799181366192	-0.48676088005737295	-1.9035235069281993	1.3892953335835432	3.5142592906879777	-1.9792434531396996	0.17097070189306007	-1.9635998289478886	0.1551453052398842	-0.09320832921030527	-0.4075998102969688	2.4558339847907646	0.8104695085129505	-0.359321049167173	0.10959248167904512	0.31946123219676076	0.5765627196337907	-0.46166609242116646	-1.1045085528276275	0.926282518925405	-0.759100750497917	-0.008344065538940394	0.16258423949843132	0.6404940574260726	0.2800883256520683	-0.5607552486684083	-0.9127271994039262	0.06479270067663924	-0.39962160863264173	0.18441077310312196	0.35403450941820563	-0.02971753377962142	0.6083812519024168	0.024538308692833147	0.0717992646676788	0.9947486849591431	0.024764094589863884	-0.1684652459510278	0.4761862862590228	-0.31294249203597463	-1.1057384882749033	0.2683330461101562	-0.1552768602202652	0.10883895993494327	-0.7170414292366869	0.3566379934602817	0.848316086813996	0.7503971877198337	-0.0672050112066143	-0.31021767196409133
DTXSID2048909	11.017315106956346	1.919978797190352	-1.3627417076353234	0.14085923023971678	-0.681605057870661	2.6185527352665963	4.9201827070450594	0.016643634629853937	-0.696872713860029	3.9352535118578715	2.500698221796583	-1.3825628733948734	0.8116886856450105	2.597429661691123	0.3528872832187325	1.190885100045813	-2.9463846983267605	-3.402171774650324	1.4765775932374336	2.323411222897764	-5.2763064395470485	1.5352985119579055	1.2296264645069812	-0.027972560059240262	1.0471203066996781	1.238396217774516	1.4465250024261078	0.39519725775007136	-3.247135036698415	-3.6275501683563305	-2.0240474763042267	2.0931535392020537	2.573948760648242	0.153962752842863	-5.2518780677664605	-0.5492857699972112	1.7857501664851498	-1.1734810897720696	1.9979654031874274	-3.035957764612428	1.696913965136377	3.6535853164903562	0.0293068577556107	0.987167790269906	-1.5989302666135967	0.7626405720085149	1.714195801739	0.31869007806431604	-2.306143465870141	-2.626606180698654	2.9902616113497458	-0.2726244073111747	0.5985557301402576	3.362634214320095	-1.2066397849084596	0.1686775183834947	-1.0318834672514043	1.7476519260072207	-1.0631705173106116	-0.5212839460587767	-1.3471944297305052	1.4959828353725668	0.33982431534424495	-1.3475112464953731	0.9711774260005801	0.19986200700010198	-1.446910226011057	-1.4991006819181654	0.06115061486140482	1.1465887081661554	-0.056767396301154634	0.5069185073175516	1.055810522318648	1.6549175194997872	-2.8642436969297775	2.348248114341374	0.15047877956122577	-2.4146160343688314	-0.32822111303466867	-0.06092529953685343	-0.35902367532739093	1.8221885419124655	1.0461524523859047	1.4449514461866526	0.4767631207549986	1.4702461943052505	-0.5749813294513371	0.3207803996570178	-1.1795451529167131	1.6550629430494361	-0.08577197437788808	0.9939880055557623	-1.0695516028326832	0.5064259943099669	0.9715777962119552	-1.9277348913322436	0.7704247182512945	0.06773789340479938	-0.8319140471855179	-0.10408543840487217
DTXSID6046765	-5.337712728019492	-1.0691735166050407	0.4459179906134315	-1.2453931843794017	-2.6593117142724285	-2.440988974187717	3.321507497583648	1.9265714004741037	1.1649110745985976	-3.015751027804885	-0.5244539216905538	0.4544136479353151	2.9333529955583812	-1.1122895868010547	-0.899668989844851	0.7414684312366027	0.6041925553084868	-0.06967705731584499	0.8510201780277459	0.7428000165636297	-0.18046197191701743	0.11546067501962626	-0.4277271096217359	-1.11110927117978	-0.31244670124991425	-0.19266350579726532	-1.2034969040559074	-0.9466264461743983	0.07821818869191897	-1.1112184922427086	0.11369267223903075	0.9576158993765558	-0.8109077812931565	0.33485978114611004	-0.7769244535538593	0.0934114754429402	0.40738738769058713	0.7786166973020944	-0.7724548893780585	-1.36794026137055	-0.06831521863957887	0.3961938835938774	0.005772946173996389	-1.0136030922122716	-0.16622058353355432	0.4600623335295977	-0.034783822560110936	0.9458421517061529	-1.293061605342989	0.42990607938800324	0.25665060009379914	-0.15072174169842276	0.45550437202205557	-0.3838070226333554	0.782278952419636	0.5363451921855394	0.5417380110127572	-0.17187885027515973	0.5898982662259113	0.5939996470720963	0.46037619053237927	0.14061354489334238	0.16926348081412976	0.21410914762058136	-1.0679902523882758	-1.5675778472894744	-0.5445173557608857	0.19771249491229895	-0.075566441126368	0.17581687087297276	-0.5801125379493941	0.07918295557337099	-0.8508916961087978	0.1077765756170368	0.3489429353685238	0.7426251079663754	-0.41505531501100085	-0.4548501860207021	-0.19658556127418328	0.06610339132641942	-0.362451308730069	0.6471622488336158	-0.5537946228141208	-0.01461355741227731	0.30050030966275576	0.1571102577886278	0.12819324969113832	-0.1129034762613956	0.8704664995300032	0.4819922108339415	0.29752394214491434	0.19650817555098235	-0.2963152076859623	-0.07916598408184945	0.08582919404123118	0.012201126181123284	0.371359092137481	-1.2032979954599103	0.4911234893052427	-0.5226959031528831
DTXSID8057641	8.952658407539877	-3.526732714132493	2.8841107365363903	-2.0598159397055857	-0.9520616028186634	6.646522856001356	2.2136478132878414	0.7239614371607956	0.647643620377704	-0.6869032068250219	0.3735063500326751	-2.2739302996741513	1.3805494102049918	-0.8551884694344661	0.9243125747000493	-0.30621066580336687	-0.05377518365559557	1.541392577357066	-0.9577831663601272	-2.1956106792730203	0.5602508056516079	-1.3234569579468134	-0.7071452636448167	0.672312185290158	0.15575357229512043	-0.06463987238259841	0.05222507523574679	1.1756608759298621	0.5659795679694523	0.7106486986904705	-0.7455147512549144	-1.3018872927464022	-0.99285147443673	0.45688498527205	0.39818892763756186	0.11479371145833621	0.1850216027542242	1.0052588228100054	-1.044360630168966	0.010208337233179413	0.5070290472803409	0.6994277198288189	-0.38410949975801456	0.23070913821871775	0.24902820060702233	1.495427798024847	1.3090379840589688	-0.23371134280335595	0.36349256471096786	1.0630212493441575	0.2793967465591827	-0.26816083383036726	1.5395560953041416	0.7281698751508656	1.1389603928849852	1.9107837381404151	-0.846650892760671	1.0251463887545058	2.256058732254395	-0.13500190393112504	-0.8075813032897063	0.04702820339178427	-0.45813330664587126	0.3680060225336713	0.9850396763758006	-0.8329846169530736	0.5293035327505489	-0.16266619358056209	-0.36515250978649616	1.1454592161234738	-0.09333882728943518	-0.7275836096891068	0.7903440583627929	-1.1831880437795255	-0.2075444462119952	-1.0627699690864092	1.1242809789133368	2.315135490815898	-0.035767848746407004	0.022183793585184592	-0.2455228811282887	0.11005505921927379	0.2229526795548142	-0.22854430497382194	0.08524814030752799	-1.2873394242608354	-0.3220918604458962	0.16500679213545258	0.6074511249515261	0.03419889906259363	1.0573251952776632	0.41348762136631023	0.1366086972115822	0.7820561038284041	-0.37533050644845944	-0.12607200010846786	0.09627145045332143	-0.3790401663430543	-0.22624106778660355	-0.5085240815045577
DTXSID9024487	-5.291377433848714	-0.15358836572436027	0.45815329601955423	-0.14243090666538585	-2.356773619461726	0.39469475190321746	0.5603772459504233	2.7823525704515366	0.8939439280363614	-0.5860294368649197	-0.305479711578005	0.9374658971650894	1.1537001574424526	0.5276762380463008	-1.142360939517309	-0.6954729495474132	-0.45930899405579084	0.6790761098432357	1.4077388258030687	0.27297348192304277	-0.3247426278006101	0.6714399612210399	0.01563324862832738	-0.6349115882779127	0.5015256125737872	0.006907669120586394	-0.167395142456253	-0.705568762021068	-0.3153063733197551	-0.1796877312954314	-0.9389642527150706	-0.5192744057359402	-0.20721399573791205	-1.3751893673968445	-1.4924202682549268	0.8047279820064935	-0.10492094602408168	0.5324282396249053	-0.8366121667255897	-0.20213013184873052	-0.22170577143875828	-0.7667777221868953	0.09900484395087274	0.6577216148801862	-0.30039126849094805	0.15344127602698968	0.0453234280509436	0.29518949886475787	0.32571910784693564	0.013985280846770084	0.00026596020337798685	-0.10518131619670669	0.9808780224205914	0.5146875706449324	0.6521453469439303	0.04739567820109697	0.23302189371513934	-1.382772262175316	1.4988788495092085	0.9748792690403377	-0.42779619333926927	-0.10648231778384219	0.7874731486634508	-0.2562273204940276	-0.6156825094988704	-0.6867687112418442	-0.8288371858906408	0.20450862506610704	-0.7495038904368843	0.12628941930873827	0.4028911746168225	0.1025544698801422	-0.8844719581818621	0.07804787705641895	-0.1240499502296097	-0.1457236451467056	-0.8276104066151072	-0.5654112924962925	0.8321821440118914	0.2967382289594608	-0.5092141208699671	0.3359386295395359	0.2721136879834539	0.3861529484065569	-0.41671548976990846	-0.1577630492759761	0.6216223118914664	-0.3426559190938897	0.7773769284879342	-0.3241061311586344	-0.08058053534168057	-0.1485258558189732	-0.5370472448343478	-0.8494214541093646	-0.12657068895526694	0.012699746356649633	-0.4558348231809846	-0.23827158694979259	0.0450110163054877	-0.23694044969565273
DTXSID9047706	-4.4388965073694475	4.487230815284128	-3.080998868178343	-1.332770927546557	-0.5501410262425266	-0.48032937936576703	2.9861501773253045	0.22266564234784136	-0.12013267206365376	0.5457325675158162	0.6571182526550143	0.07022533823612065	-0.3171415233488132	0.8287870762909145	0.268240637888836	-0.6850181601071891	-2.1958287039011166	-1.5728440637969379	1.0027986552767665	-0.6418785212144209	-1.4710395842406598	0.3273542050337115	-1.1693109487648103	0.3759659533779662	0.5001579250381005	1.3283113379582898	-1.8745568119913718	-1.3291139501414733	0.0029988917283171675	0.6402054858403111	1.2052259299255579	-1.1183031753469408	-1.6214623156164631	-0.8300678153982508	-0.6967746075214907	0.1891853338442641	1.5364457526146706	-0.42697954987705944	1.5768412556847944	-0.11978999310349088	-0.7731085132441352	-0.5199770265989615	0.19733620122788215	0.00048394093346430236	-0.07586026205857511	-1.6934913666545846	-0.027313624763119212	-0.2997349426481219	0.22993294225117628	-0.5842695131682857	0.10259252913892364	0.5679404051973932	0.19000461507639263	0.2161189296233773	-1.3890519157607504	0.39990627110358	0.9739403064531242	-0.43740999031774225	-0.3251654449493928	1.172764891726726	-1.1149077194455284	0.2179161094418177	0.10634149227496602	0.00555867941273793	1.0774048282005566	0.8383516673153538	0.7868608843728114	-0.9241694545398421	-1.0795659473652892	-0.8285099393530592	0.9657928421615158	-0.4640998700816127	0.1215582790466626	-0.07815954780837701	-0.8761096468549072	-0.894567484640157	-0.02804052765730067	0.9732626589788496	0.45703204347007126	0.31052635742413576	1.1702324064204317	0.02380405550775686	0.06527035044741399	-1.2918956818198568	0.45435932970315734	0.012202797223838225	0.7096038646584824	0.6476339866114945	-0.48521642051211544	-0.4091780578240261	0.2741270117267774	0.6796116700767032	0.09018447419048604	0.36867912886511456	0.07897643492960896	0.31046783959091184	0.07185452233334128	-0.10102567424071025	0.04247576079899135	-0.4568368662093114
DTXSID3023001	8.957637829006364	6.8509402730535545	3.4032388303789722	-1.3120564394206338	1.2734129507380334	-0.0631937215839949	-0.658781197441236	-0.5111856864283252	0.7470073594460559	-0.12265718069330905	1.3168817310951548	-0.821809693508375	-2.9741584568437665	-0.25353745058568056	1.323929783549823	-0.7492071099999011	0.7376025319759028	0.361361991510293	0.42468833904087894	0.5906062285371277	0.5708907673479592	0.5237383982957181	-0.5129729389245508	0.19589898019261956	0.6549597308742807	-0.678997327316525	-0.1791304320862862	0.7401668206389449	-0.2451025376009497	-0.8844268385804815	-1.260395424753622	-1.1661459555973035	1.2836312169222814	-0.025606113625820225	-0.42770391230092775	-0.6499403138097665	-0.32085072333328374	-0.18761353600806238	0.27174391969507117	0.9657241530073338	-0.2205851164850832	-0.7576072249116895	-0.30932841227200314	0.43332339182224416	-0.049648733318231275	-0.8062294059333689	-0.7919179536218709	-0.8854548906126393	0.6550331395745026	1.0147277152906016	-0.22462215095806431	0.02587214643578855	-0.33848399060884493	0.5089720381761241	0.3920531292681767	1.9745199428789306	-0.2654348556672814	-0.7597208679045049	0.4407355462945256	0.2774877999949866	0.38003857435259825	0.3721827410492014	-0.5488622422833064	-0.7007487001144449	-0.6262792044587542	-0.7458494517564876	-1.0398510319454248	-0.1517320725693176	-1.4389157292476435	0.5536441551102627	-0.45159235498338485	0.14770353240250356	0.10679580695311895	-0.05798589096089586	-0.7102427058172494	-0.2867353987141514	-0.03975675927381842	0.99919683027237	-0.8133438862158938	-0.2426984229367347	0.8307853004623967	0.06010877161235366	-0.39231647172048173	0.17732946450726428	-0.017875828135568907	0.4956066008321643	0.1016234142723526	0.34245798108193676	-0.024968335472327692	0.010457361000615643	-0.06635048393740323	0.15125886123387344	-0.6049043562236271	0.13859538454711315	0.2663410843687462	-0.7919943950333814	0.32102553040532944	0.2567128321247157	0.24165099930266515	-0.43704950324565056
DTXSID1022718	11.923844360116382	1.9965762504011124	-1.507263511001751	-0.5191192931952354	1.612351530167813	1.3937343283661707	8.429760851593953	1.333916031207749	-0.8163076170780532	3.2306697112304925	0.018911409735576607	1.4595691839592806	2.6644665821509204	0.3951841197034871	0.11301440130103971	5.355915638205124	-0.16265174151842976	-7.916628527465421	3.3362364000359133	2.03007854779664	-7.20476337454812	6.488865781586187	5.866608874636315	1.0383505564414728	-1.6669480903482212	1.720562099407726	2.5063238000725008	-6.698435216807914	2.196029579176154	2.26845601649101	1.08436031150415	-1.069804813306509	-2.828967363633933	2.1997411076405533	-0.5440161602054951	-2.615542214873685	2.0847847009459355	-3.039762113881496	-3.997948207714216	10.401577264179153	1.0902085779120996	3.3021361743809545	2.622751424542967	-2.341342360752476	-1.6936085037612114	-3.8811700372319784	5.953066920386053	3.4957597123720383	6.469381891741944	4.231892209558264	2.0888567952103627	-0.459589864541648	-1.9520823556134252	6.251944145120495	-5.5017888006631335	1.2773974206074699	-1.216996885278852	-1.2008663543601799	-2.929242280817714	2.577361418759721	2.2727305025989475	-3.4851823030265523	4.01687194484739	0.6379901263373787	0.40434417333227723	1.0820955674324837	-1.0163719013980028	-1.8125955002499519	0.5524020433663983	2.8621271765574177	0.019062615273336223	-0.07905884002048395	-0.14420572158134926	-2.20929688260424	-3.198247782659311	1.0119162717933572	-0.7771440038917551	-3.3056544399135164	2.1035382930057445	2.434248826105753	0.7913685264710089	1.5165072156918462	0.12588874497463506	1.7505571335341636	-0.36021260965322466	0.5695028449946572	-1.5695014513618055	1.4395947885145872	-2.510852869051749	2.0838396457607815	0.9281511119839837	2.335051495502192	-1.4055836969832927	0.7208349364888811	0.05371804829081281	-1.7486000785975646	0.22751652189140967	1.021701283420887	-1.2413503492812994	-3.064809237785361
DTXSID4037611	5.255748120786749	-1.2846619637489838	3.241439186957144	-3.154656667432869	-0.22539199432823584	-0.18025893051899528	-2.127804521906655	-2.3428640396964515	1.5256844061696049	1.4262908040492777	3.1020077285423984	-0.5984113526666632	0.6974095637026124	1.2538902965177572	1.1627714923995982	0.5193755627627137	0.1196779043377938	1.104089858847918	-0.06376150267802	0.08765927895084483	-0.4688196987447409	0.3108172959423199	-1.5322190121852222	0.19719178760720216	-0.07146787746583305	-0.9043066175508028	-0.8447931685163786	-1.0401460015043826	-0.7046492155589846	0.04277268347662053	-0.32959922674515796	0.5297403612566443	-1.0712448156493153	-1.210116773142975	-0.4652730210861633	0.27494317697161647	0.6340916034657023	0.7631391946525655	0.2556785240057381	0.40402236016024823	1.1098550852954805	0.8200706102637876	-0.237501768364409	-0.12224794531622404	-0.31481678460112855	-0.9149950802193716	-0.644335486422675	-0.14710665885581944	0.46682479672346494	1.0560587932913263	-0.34739915408094646	-0.4726272861889228	-1.2439488209122833	0.8517445578658112	1.5273183396717323	-0.6630985007089536	-0.3807952569532661	-0.8636861893363043	-1.1530233264228404	0.5315773309143951	0.3813014748501372	-0.3273396299062755	0.15539873884585867	-1.3588351044912312	-0.1306825360356849	-0.8258202160676192	0.08730538953526117	0.3330853205106121	0.21857174589490244	-1.302059319033545	-0.058840976575064784	0.9801687637386145	-0.2708937639587775	0.05745837630832923	-0.35782571061719604	0.8725754949346379	0.13113505266837377	0.0008430655781784657	-1.0211170915794126	-0.4671810576474879	-0.11354642216638287	-0.3424222960259447	0.14848414333762217	0.7225867506962226	-0.3779659945007814	0.19981328050384295	-0.2867804739491768	0.13800317172499796	0.19804223163044185	0.4350811466818003	-0.17258366208745643	0.3461071314680677	0.07789710856612071	-0.6860726893297036	0.04710085545637696	-0.18592035714972313	0.13428625902348484	-0.30126735133534455	0.054176708599407354	0.27237299411870053
DTXSID5026178	-2.4497008118341537	-3.2620683176689713	-6.855594940067421	2.376556708956714	-1.3857255441402112	-2.2627873508491527	-1.5072863569840662	2.3829575857368535	0.6200874487782069	-1.9482348061301522	0.7077034704464781	-0.7483393880087946	3.7552650759666606	-2.15931962118523	-1.6183439623639275	2.7656617961763175	-0.10545777799422289	-1.216645092325055	1.1449995609407797	3.2037597482297957	-0.48487689193370875	-1.413325418463929	-0.8617560870170528	-1.6430329716965817	0.9620078177110634	-2.408313106855516	3.4345646624587047	0.037023794055063036	1.2098390096069889	-3.472771257278745	0.49681282193262977	1.256574034436972	-1.6302614911422062	-1.7530771464515802	1.3382383383278222	1.9214465903425768	0.13680534009282394	-0.989510648005791	0.4554456247328152	-1.830312342889928	-0.1216426925771085	1.4974401442795091	0.5816673665509604	1.350071847508793	-0.005968116634667862	-0.9947716355451287	2.0248014185162493	-0.6803530261769112	0.42749302816840895	0.6991573029257354	-0.9328334679922494	0.7771335013441741	-0.5823237081334984	1.7652727857134427	0.7943459294118093	1.0935700789096676	0.6045752757321858	-0.7556256134871734	-2.4558727537812484	-1.5689808223637296	2.488069770227196	-0.37796301914701075	-2.8290798760970164	-1.4579859794573924	1.1972775279530314	-1.7455348948788405	-0.9329875233533486	-0.6072045149499049	0.11505028062511151	0.17042994925982682	0.5112239526266396	-0.341645675971247	-1.257885109500202	0.03032760751366064	-0.5941766427008838	-1.5230729648031216	3.4458401368293528	-3.706340526795239	-1.0415790307705162	2.4773156546390287	-2.64100239800773	-3.6680677286679373	-0.10516536925014568	-0.6908907760688328	0.4748672952802385	2.3528829808278897	-1.585319020287813	0.14187649037660785	1.245011262390097	-1.7185184071059596	1.184215473476746	0.5344547066688363	-1.0762412700415793	-0.3120023449540853	1.0350442613548672	0.7353901403697762	1.0792705250850252	-0.2352374161172702	0.3893722589132229	0.6699622184586577
DTXSID8047684	-2.8750014467170386	0.6754094561220254	-0.1834045998233037	-0.6989122620060343	0.4060516372707593	1.0008543460824773	0.7249508819698907	-2.099287337472383	1.5570290396044109	-0.3247014864675995	1.6384269814265369	0.43386253618383314	1.7260155920070819	0.8833123310814693	-0.11254757629313292	-0.693754550367723	-0.40867039288507384	0.9799441097089375	0.28588741041213767	0.5156247694442172	-0.7222276744892208	1.2465117177239053	-0.44721715691183617	0.2793080543734388	0.690461084682995	0.08296166273499282	-0.27729112497121683	0.46242673196524775	-0.19293455737900345	0.6780146631654248	-0.1991417176750147	0.339356671421819	0.22380686193489097	0.5256199601879172	-0.09987351440307021	-0.19318718883898875	0.2905689679004945	0.8089167914439817	0.07871740892479931	-0.3146252773716649	0.2221339392670736	-0.4946194658573897	-0.5919142586260664	-0.4015857437997455	0.2685099472672721	-0.16027022103901642	0.11221389683226009	-0.16125749226988076	-0.0250250518495186	0.46697224126250564	0.18949700890805166	-0.4975648018636221	-0.3874644492940316	-0.2944674519896277	0.10269127792459261	-0.12275990801013892	-0.77790266905688	0.23156472413669923	-0.4825884890835401	0.10851050366347445	0.6753103305154946	-0.08310322161630604	0.31183275786365605	0.11752702245845527	-0.8586361754095029	0.10898331062757967	0.12688663790084687	-0.48631398857982794	-0.3912420829183184	0.1698742797789692	-0.5939096723481264	0.49865206760270203	0.4486832268385175	0.3575160090111049	-0.21782315240494599	-0.32061009843498184	0.02508540639777761	0.1453822119080323	-0.1491787259512088	-0.04689502924624073	-0.15084989381413783	-0.01543356204751371	0.15809119972966612	-0.31908755226923446	0.1257992710905081	-0.18237623197345673	-0.04904664538151022	0.17762020746417687	0.42121560500720656	-0.018183514090689634	0.21548212136822292	0.11979860453918063	-0.494592841853265	-0.07960390945714553	-0.11342044177575987	-0.16617368200435687	-0.1511769424186175	0.1893682705224394	0.2516978536386091	0.3811474314081555
DTXSID8048993	11.31874159950202	6.823335533813351	-1.8394786147798288	1.6277937409830237	2.635878162908738	0.21373760756899898	-1.1930127247301419	-0.6620072267828955	1.5440636908941578	-0.7598075709015167	-0.060455814320118983	0.9841686725576542	0.5133980649936284	1.2956898201761768	-0.37588542724414664	1.6308024461017139	2.7812278131653523	1.4954117705266414	-1.941524710824126	-1.574677087611837	-0.5062161291645226	1.6467638715786461	-0.4439953973500098	1.061787693178582	1.769970716327585	0.6270730406186545	-1.2059069342442916	0.756606953672632	-0.7825316032026618	-1.255975724508684	-0.20563922256644349	0.11143524064038106	1.2673400942360502	-0.22164506446406068	1.129956845468897	-1.149906757980288	-0.022368867553763154	0.3465567474864475	-0.8302139106248176	0.8879043894669866	0.4716123409496399	-1.2848834095154662	-0.48611659500197807	0.4480192448553372	-0.07496082876272256	-0.6701444493458558	-1.225269816791098	-0.3456964933989081	0.06805796134399834	0.11991781555012068	-1.4503888511702512	-0.9782362973447611	-0.8611961155205314	-0.1867660898497657	-0.7350665319352	-0.993882617589047	-0.12029036608780713	-0.6766076811032754	0.3597970105739218	1.0813545725390128	-0.5894611047660456	-0.5972525255441333	0.712896532637228	-0.450366557268138	0.1866821181093928	-0.5920336174190307	-1.2346221791885195	-0.1597872804782521	1.081290135315076	-0.31188349177547564	-0.4485833332851193	-1.235355411869497	0.6946250968447883	0.6220515390367879	-0.5754827778736944	1.0027098778439896	1.2477910924962257	-0.5597336058619234	-0.22934991075727226	0.07469124871166559	1.1207038548852133	-1.4165993842436704	-0.22539144553450488	-0.6378349184580504	1.3557062281276255	-1.697247673134331	-0.13150296775649284	-0.403365885445563	1.5475299726976168	0.26395433043116073	1.473978749365514	1.862240782954444	0.7824043752660914	0.25604349820299127	0.405373031862739	0.8663306989701669	0.43259991154954475	0.020915941847260165	0.5819492384149285	-0.10786581162212143
DTXSID2046206	5.49296654004443	-2.449646267316025	1.9314239072008634	-0.896323957491235	-1.272980114777418	2.4998620487068277	7.578648800516554	1.3462900841192011	-0.9722147099789593	2.9625393509442586	-2.6212382353442902	0.9680996152759781	1.9579834647406764	-3.10199403726436	-0.15670438430451183	-3.4476548570025556	-2.62755850600838	3.993404270315363	2.5507746711264456	-1.339990047804681	1.8479023286705394	2.988763105490128	1.032461959452326	-1.6388966228360644	2.646828459652356	-0.5178565956522921	0.9881754288283654	-0.8189323417264075	-2.222233507101981	-0.30334278472538273	1.641275781231569	2.72497121978543	-3.0506010926478533	1.038305196958655	0.16795827804801783	2.1766505263794933	1.5249713470818143	1.83250933403103	-0.9800883978628563	0.9538511643190956	-0.07922948339803632	2.400886680342949	-0.3950496396591044	-0.9647674988699205	-0.04862202141326566	0.41304048157208245	0.8841213620510819	1.1322988659243307	-0.818412434932023	0.22682846168776433	-0.5753770529241853	-1.8435041064109463	1.682369108028296	0.13137994585854199	0.6313663629914413	-0.2868588137054294	0.06847786264620365	-1.1169947159689102	0.25095708070126915	-0.5251427827872617	-0.831872896376858	-3.9235173451129115	-0.940891757679725	-0.8722681581619217	0.1615066386558956	-2.4433794662114177	-0.6901611974232247	-0.14662588572817345	-2.9236405632821283	-2.7977771583818862	-1.1076823660574242	0.5736212279981093	3.462238271360532	-1.952737629135513	3.2944538436352406	1.7379827824883334	-4.248929571027351	-0.5864347674257048	-0.6235665069832765	-1.3804994925883325	1.167306154454749	-2.3702959821228555	0.44502293112923763	-5.742814952303125	-1.7350488399163688	4.050805971900145	0.1329759277676043	0.45373178430119127	0.19512682439814583	-0.9231333079278131	2.003075835776946	-0.41602182977894026	1.5081200197718205	1.230018935374198	-0.32908990768315977	3.084620318941898	-1.4291654007090104	0.8792931866893535	1.3013509095175564	1.7653690862137557
DTXSID5022227	-6.713344969301307	1.9025593704242434	-4.250399040913592	-1.022176093728928	1.3428798097369539	-0.4155296446457495	-0.018972524446912904	0.654811379568623	-1.1754375348652348	0.8565065265734365	-0.1673654422025553	0.6757846830261532	0.7070658534003479	1.0779670781538866	0.8336980945325914	-0.7978230168892538	0.8959278407092016	-1.8486673256766952	-0.0010424786309203421	-0.6974958231259579	-0.29888575232329834	-0.6540286381106822	-1.681239964620983	1.3070452662370715	1.0743320485400831	0.4639285996389337	-0.5305250220324381	-1.2521029214455166	-0.4436496984150634	-1.0096089136485469	1.8354488991908462	0.9725261732958737	-0.8134251434756071	0.87490159377407	-0.3876050009225344	-0.08172106139188558	0.8566990517323305	0.4195672255528935	-0.43249025636979005	-0.4753304871203579	-0.014288426252436077	0.5355762028564462	-0.2661321130785486	-0.17395330166818457	0.33991328648186797	0.32308423590592944	0.6075331147948575	0.15474448049774372	-1.8255550105102327	0.6312169125961947	0.8019592086927341	-0.8823206068555748	-0.21585107858075936	0.21851219396664223	-0.6382230764134503	0.23112712908808125	-0.47071363389806936	-0.6005585748299255	1.5226028223514092	-0.16364288811415723	0.3773938374089428	0.5976296802171397	-0.048955283713071236	-0.10196639765111695	0.5932624563675989	-0.1709129933891678	-0.22218005132135435	0.011485821050234568	0.49802942874527806	-0.3061794433398089	-0.633727591612048	-0.549482786708992	0.40347769821508395	-0.35756445336425197	0.8134932863912215	0.8452974954127056	0.24753314966504786	0.7489941199320701	-0.9279548195616195	0.19803287598572417	0.17683622626000164	-0.055515455261162236	0.965014529340186	-0.2781551105229055	-0.9390559076584992	-0.7052371155742512	-0.1979108096216056	0.4163298031647975	-0.8375470985093714	-0.5567152500279795	0.0019244900439030824	0.2786280807963541	0.19393715446018273	0.01994157536986171	-0.4404892244257141	-0.3725378282939887	0.06731522683934256	0.06266443272420748	0.06926279203419469	0.30457665655724814
DTXSID8048521	21.078784322151733	3.0691717153160223	-4.6292234542121395	-6.533509008845967	-1.5253774866948622	7.892961281633766	13.497136983439978	4.219289285108923	-3.068380967846634	0.23982914905776523	-0.8784718934265745	-5.366163600711656	-4.061125224626881	0.39892759634321584	-1.3208687444936527	7.215873214240194	-6.367544615627908	-7.091397460878158	1.239262684043348	1.5288960699520175	-10.088134477803411	3.5916676546817956	1.5923570869374266	2.8955601675626093	0.24845969207289767	3.3755793423311307	0.03856442544384846	2.61743307389983	-3.2427305922961187	-6.906606601844883	-1.2916301439743547	5.103326121823881	3.4444086577901096	1.1212026469913086	-5.082587644577207	0.8852990947518721	0.7183103522853589	-0.9417908618595986	-2.7954498336119267	-2.123335054906339	0.010538800127171852	2.0562311219238225	0.3574516072321183	1.5289900483238883	0.4679982050577431	3.7678189093664276	1.5505051102786627	-1.7354998759422635	-2.1095161696857057	-2.2083648833067304	0.7315910340419022	0.7925912207702257	2.2600406657942065	-0.03784338584508736	-0.1824159568108827	-0.6875184551907988	-0.6743007216505355	-0.03121910470317365	-1.696265302071359	1.7538454328043787	-0.5419693149561586	-1.1902020178350836	-0.7593603068747206	-1.155550254859419	2.835096859376367	-0.6902722070989207	-0.5558000667280201	-0.20006113590946406	1.6771064396802904	0.29885182635050245	1.2981660260963015	-0.7995075211425058	0.7496202477933714	0.6182884474761912	1.0105382326424157	0.004109528374700435	-1.679985040260434	-0.14925425419878682	2.652974724626364	-0.16716391623283094	-1.031085681964266	1.6424568672034003	-2.963154919248125	-0.35213798551645675	-0.7223610805408863	0.05484782264722725	0.8785049112957705	-0.5930494292047694	-0.23644396020871444	0.3726960542404519	-0.1617723770878454	-0.4691189331309348	1.1161110083259318	-0.9358670122336203	1.352604650194189	0.6996467927750841	-0.9287757235640574	-0.9499309998813726	0.7157873398317645	0.4669861850683928
DTXSID0047797	17.15386794426235	-1.2711981708757734	0.06994952789755418	10.63063318327671	-0.5249190950207074	-2.4356195378242838	-1.0101052976249192	-0.6171149158822575	-1.3392938938722618	1.0630199013523132	-0.31885745016321815	0.0594291203481531	1.0857719135997204	1.1637086416083946	-3.344684537560935	2.3495636338735193	1.054928647618555	0.3912620055252232	-3.7913579317247916	-1.191607262753504	-3.0846708952982906	0.9169925240465046	-0.3778349243553753	-0.12689968843962168	3.1213245290684117	2.311375028412218	0.43552917570898875	-0.5802722290488483	-0.08341043528600252	-0.28669815636296025	-0.35678080855537087	-0.09710145022288902	0.26419506349542876	0.3193266713542063	0.1344728760421191	0.021405801434781314	0.13515235470731526	0.02445107085924722	-0.12863316885388212	2.534555194191175	-0.6724952417243677	0.9421009520197101	0.7753682529003401	-0.2839053370535707	-0.6843588377147255	0.4343595743080508	1.1021536019417846	0.2949977104634592	-1.0928532136723508	-1.9077493284047546	-0.7738710191927418	2.1507629502802557	0.9433846324371874	-0.08862205623227014	-1.0878981553097642	-0.9236442850315264	-0.7712304565043129	-2.5395695237381246	1.096462336079818	0.8181164517603485	-1.5887392660825708	2.673246767948652	0.5941688174496095	-0.31504141341852626	-1.0985741135543068	-0.7454669269679871	1.4307365360980502	-1.8366645323224036	0.6146766757748467	-1.1089304017164423	1.4016079770020107	0.16709065562119035	0.7953462043357019	0.34933354147087387	-2.1065135750794615	-2.758571255880485	-0.3909967191776527	-0.46842315681987834	-2.2721013273959634	1.1194710297645905	0.6900680872927252	0.1424157845313574	-1.6690519681515739	-0.9216052509181871	0.7812766007515813	-0.8503103781621141	1.2360461035455468	-0.047605435463092996	-0.389417138674616	0.29831103297729183	-1.164768278291687	0.16101894547679757	-0.13421016956670545	0.12631985505336304	1.0583142205325116	0.2659111757690996	-0.8267386152250256	-0.16539271022997443	-0.13225157437843793	-0.13948300276745332
DTXSID5044522	-3.5396643814269284	1.5842204331807535	-3.749798663984491	-0.07620380701137677	0.6232561119635722	3.6951151973181506	2.0829340284242397	-0.6299381233669811	-1.5307938071374103	-1.7528866705784136	-0.3100693441481433	0.3291660962958246	-0.1209113515104263	-1.2197997167697467	-0.7804664432637933	-0.23934246960228145	-0.07790959422025341	-0.418449203050809	-0.45818613894590593	-1.042922456979671	-0.37944377942980156	-0.829177224855279	-1.1188505288364814	0.8349482965997321	-0.6727268779314133	-0.4444434632450098	0.34587483354049253	0.228451915932257	0.1909647157902467	-0.7346568827383888	0.14396942515706837	1.2446378143486128	-0.6293388627849638	2.165876161577367	0.8592522618769122	0.3760544179809639	-1.4934346967030863	0.4816083218150666	-0.7598083615401051	-0.8098130306393081	0.8996601937994237	-0.48786526057073554	-0.19630793674226482	-1.671376710347871	0.7524145945340485	-0.021370204264320878	-1.176357833067929	0.8159147129168086	-2.0948421672393436	0.8853917225731709	2.3772876244323506	0.2903696507035961	-1.49503614520656	-1.3549529593284266	-0.07514921702877182	-0.4627351160175937	0.44087880318108097	-1.5659388709869413	-0.5553168806063948	-1.04971536054351	-0.662453229348513	-1.1317146106654337	0.1676734525615817	-0.9029970542510228	0.08760158130660818	-0.06823327975779643	0.7804593519703189	1.567104556279473	0.11689515002352474	0.22697587765081112	-1.2736183459167523	-0.35759315422803645	-0.47704206285644385	-1.075279622758822	-0.02227955987447311	0.037876178245287835	0.3517406853597362	-0.01930739610386691	-0.08490446966253958	-0.658782723305723	-1.205555642228958	0.7754443957474937	-0.052003993894829514	-1.1006022194375609	0.39887554072272935	0.2516218855293692	0.4225334090215925	-0.9007958888588975	-0.43259859025920894	-0.290744516979014	-0.4726919506978286	1.6190712011178736	0.12121336296764364	0.8850906574230177	-0.7932182554014787	-0.509297914702683	-0.6663641976616219	-0.012623059221782378	-0.3003400792202806	-0.1642936705694106
DTXSID8049046	6.013391389629578	-3.8501562624568155	0.41264204154021034	-6.907596297450361	-1.1564711431042463	-1.3536341781561594	2.9169063711283245	1.8111924638088153	-0.382120999671713	-1.0333206352484359	-2.3560087873047637	-1.7987175761595255	2.323354582281216	0.25682091044268873	-1.8812834394816496	0.6023811982944184	1.293142088974464	1.7686888548481003	-0.8959536261325141	0.29380629716666606	0.4020191959479045	0.621729941164347	-3.6527994876222216	-1.5659253653522907	3.7758682351359507	1.0973059587427378	1.9313953853453254	-0.835298053202563	-0.732357822050882	0.2848885680072671	-2.823891388415097	3.412599912571128	1.0209077723576914	3.3271932937861037	2.390836259714992	-2.2859484875420257	-4.385747301193358	7.313159156223187	-0.9112439928412669	-3.3444497406451665	-3.9520182205165186	4.049918693609681	3.971615523908849	9.003582001467665	-1.8956176545994605	-3.867968448118546	-2.7137167694733653	-0.47727535566874557	2.7810559534864563	0.27613594444821316	-0.1556311738534973	-0.13465789285151855	-2.530275619971654	-2.4348066627037204	-3.6514197795431222	0.006797643958643906	-0.3497892513577909	-0.8832416737870139	0.17311763334236643	1.0833701778869618	-1.3324950186606241	0.01566619227578167	-0.2789390987336685	-1.5133847027712146	0.5898395630603284	2.65108372342626	-1.212854164173833	2.0155754835333535	0.09078501611721106	1.470188391380485	-1.8738204724125707	-0.6497137168551838	-2.071711752643564	-2.428352467152177	1.4283004608756502	-0.805153297681737	-1.0820202232818028	0.1360513554340319	1.2518551774507825	0.43238929473049054	0.36047725797948055	1.436974994551951	-0.3989263727156283	-0.7452036177216425	-1.3061487908123164	0.03226629459531613	-0.3927030955169634	-1.1275002219205787	-0.8176339395081823	-0.17637161124623743	-1.162130749693737	0.8582539792376629	0.643302290244548	-0.5180332735641968	-0.5721703784183754	-0.2252639429295732	1.5487844820516816	0.21821840178593574	-0.6499744043114011	-0.30526072430865187
DTXSID4027153	-7.600621409791871	0.7365981084883692	0.008673644548855747	-0.43218080242243695	-1.202589394674729	-0.14870038758935866	-0.6776048193834666	-1.586239885824089	-0.6889590368430496	0.6197244100386898	-0.8283066744853441	0.5757337046344138	1.2854600400065417	-0.349784012180441	0.0758176559758507	-0.7264364475808809	-0.35446255901322216	-0.46260525499009586	0.6377843995723291	1.0068340499057296	-0.03456126978483146	0.2223433250218521	0.06764670521837213	0.09154749312378883	-0.22011903025961477	0.18320014087078773	-0.15419280547565148	-0.12604944653253383	0.23883430464409108	0.2748190771626818	0.42499095192525776	0.3422934009643762	-0.1367361743630943	0.30810657766982774	-0.01764839083936948	-0.08119660705129637	0.12630162967276165	-0.18069062185958176	0.04785174886473995	0.20374555822917978	0.25311041557411573	0.14124515451380482	-0.3153245495052221	0.2539739227593632	0.5420763701710235	-0.1817291125260496	-0.2144435857048074	-0.06209319232728902	-0.1066142004535012	-0.14757824448819923	-0.07586653815516238	0.10148414079476104	0.5328963431165802	0.1766094500786717	0.11966618190141518	-0.03385100986946282	0.011307489388612427	0.39332449063919317	-0.5203438631928213	0.5786244901349656	-0.015465630563292395	-0.27983200026700433	-0.3307104615052475	0.37013716681432557	0.8690335544389708	-0.7915619836859134	-0.5457252540648825	-0.5717496938884228	0.8179793396866768	-0.08966304883796457	-0.3740658614183168	0.5476385912062023	-0.017362560406564618	0.18869945169090205	-0.32732915110217564	0.3664760238391952	0.3301285697888058	-0.21525452937842934	-0.09402146345888174	-0.2515012286272287	-0.5878352637591941	0.3011494021709514	0.36892252522211305	-0.7399938601252398	-0.13338092622713035	-0.44699476735958044	0.3117041345163703	0.08549893034762139	0.23343614988508093	0.04055987044890436	-0.3245539371108019	-0.09273901240122087	0.2563464686474538	0.11713719337420503	0.054106387289778596	0.004604785960159948	0.26397881658675737	0.27944880912175707	0.08824273182863461	0.19867873338397937
DTXSID0044604	-2.575480907070468	3.8866086552708916	-0.7700544863337859	-1.201451133453846	2.2154833355528805	0.5168369322106444	-0.04838576728945129	-0.2369712371893645	0.7161183035547222	0.45048486448425346	0.45668222114089696	1.3150502160884747	-0.9660367880874315	-0.029910057959143956	-0.17824798464101047	-0.2163405692665414	0.4414715195116794	-0.6958063352502082	-0.09068324893349834	0.7397232891421671	0.1623798650997589	-0.1452335616311674	1.3461367948892442	-0.8507290235591436	-0.7008218967773744	0.15451281928237884	-0.026028030729353734	-0.3475214763515584	-0.11984227691401712	-0.10416416417648583	0.9396448970696637	0.3426042560031257	-0.07243960997146862	0.5530383001863124	0.07803698774528056	-0.3951603943277581	0.014284417878107527	0.1390383132060888	0.10479377594570254	-0.2390440185292917	0.26619599239196406	0.3419220474774468	-0.227403754059756	-0.17626686330283717	0.7456909632270948	-0.6016007262791156	-0.8678948094152009	0.4906958690370253	-0.03690387207649668	0.01688194425715916	-0.18396756190528374	-0.3958699082599777	-0.7976580188886263	-0.8832226328111008	0.27970864278659563	0.2451163313384223	0.09368547948081452	0.4563940415389244	-0.39820145110272936	0.19899694139768462	-0.09305286306137175	0.1911143091248765	-0.28532955686557027	-0.3360077677437343	0.2617937314403798	-0.13991832958326159	1.3374907255163313	0.07713831830068371	-0.7272463345806888	0.5422578132440588	-0.461191564454134	1.173121208249085	-0.07792685019578749	0.16663937105702664	0.9611374306381996	0.6482630854898747	0.19788754694947822	-0.23860070957945778	1.0715297877208234	-0.6882857465834437	-0.7611186583962845	-0.4530783555731629	0.37903426816785896	-0.3247004888927471	-0.0732581443151289	-0.39414106802866666	1.0269601304697256	-0.7321242767191061	0.114704548134268	0.18806775844526974	-1.2835691980669928	-0.13647159221909522	-0.4999424546820705	-0.686559064251277	-0.5111450626175178	0.6934196845653061	0.04443461194647335	-0.3995976563130553	-0.20103504540865982	0.943174866873068
DTXSID7046596	-7.58524037421398	2.0125739209581974	-4.676299304575557	-0.4382517416208986	1.5938413055351182	-0.6983429318526841	0.5841147413520698	0.9683997805293664	-1.164922927450039	0.06309863446250095	-0.8035351401965182	1.515142731496823	1.2304422434042936	0.1345607859047557	1.6478924643396502	-0.5435949216746926	0.24855316862141116	-1.6541481676618202	0.3710945468898688	-0.3410559103935827	0.1073740204530418	-0.21849258769985472	-1.7222521634844972	0.37858489378791266	0.31444230389465144	0.5014917088977104	-0.007990952216573595	1.0370868969938791	-1.6930322992057325	-1.321573113951539	2.5933367687726654	0.4240747902472712	0.6453888725964196	-0.40664084285179714	0.4351611435381035	0.14147127696130185	3.530200970607758	4.613045665033369	4.098493544128959	4.320249902311708	7.7493753625154325	-2.140529917477888	12.032595597175687	1.7353101308387118	-1.5134204030641711	5.836268610170646	-0.27322389968112276	-0.730051714398658	-3.134128933560566	2.8982889269889474	1.039844885636603	0.929947554795131	-0.4571368321554983	-0.18164153678423559	-0.5217950532162464	-0.036823129416415266	-0.24476137838990605	0.49084950815921435	1.465234051894444	-0.8734630582430554	0.02018744349099844	-0.8873012078866112	-0.5271168982310844	0.20195676940644616	0.18581913924910193	0.7632937046692836	0.7278150791466492	-0.7359284317669433	0.30098967668851234	-0.16812591595002968	-0.8557470897059049	-0.23075577630418687	0.06741635989714138	0.05502557360013426	0.7259958207333668	0.20287309279139532	0.05945924679929661	0.6808462810305698	-0.4149749555109459	0.24985160234923795	-0.44457694891961047	-0.04556130615720985	0.520026170450784	-0.5728994487682084	-0.5819107333829746	-0.7803184818157319	0.050124343074009106	0.2734963048349775	-0.454675013544991	-0.3491401324185526	-0.1978308669046484	-0.16928801736032392	0.5237842762334782	0.19161263104312162	0.1562936618905926	-0.6316049156551148	0.0996056247237355	0.11275767715782116	0.19102572763007294	0.4685557657915228
DTXSID6021666	-0.9036370120726772	3.6531837278524644	-1.8279059260308521	-0.6924904551983173	8.565818010754404	0.5634603275950107	0.2618084897507948	-2.535249959470098	-0.5226791679355309	-3.8345434730925794	-4.3912513551732415	-0.3525553528437254	-1.9078902462927905	3.156708403331471	-0.345771461648683	1.1922111593955884	0.8439809531405289	1.2023871259810754	2.5615577479888456	0.44718368262758196	1.5097705291210364	-0.40905550481963987	-0.13773419455643007	-1.5909304366133439	0.5153641481576422	-0.2157398488687191	-1.5113159566463628	1.6978059297059678	-0.5667032482550511	-0.3999570199203726	0.47434438264504103	-1.497748042926203	-0.04026716332176473	-0.45950835640296406	0.16553785940316207	1.5822682559464123	-0.43443091544119755	0.9984677074017051	-0.8281952928455051	0.9044188493096508	0.24976624878090417	0.6011416498846758	-1.110786705939707	-0.02235430939285722	-0.6703953485637894	-0.9782747316846333	0.6548170097547403	-0.7683832415475644	-0.19018516725595622	-0.9189995721688821	-0.7607288455774609	-0.06975327894759914	-0.23282099202433085	0.12691109978956064	-0.4608346567656396	0.8536075881038313	-0.2102037551579405	-0.08619228725494485	-0.952888136488373	0.10151783683573663	0.08637110711777927	-0.5897260564192399	0.3038042555240255	0.23832099145608682	0.3453722062919745	-0.0962155381292573	-0.8845333649220164	0.2816036137991749	-0.17545017863248338	-0.8534761279622252	0.1513749096161055	-0.17377934447408616	-0.36841199385151263	-0.09890511838219224	-0.5906403944428374	0.4773003478386472	0.386889696317592	0.38280617408954554	-0.002439022381746042	0.0507711851870305	-0.12877837622438307	0.4106654465507846	-0.024475823800755542	-0.09048469239860134	0.3992024191003415	0.547655472328618	0.37694924854340556	-0.06823610155985119	-0.12197104525842989	0.09398091250255272	-0.01223068944155222	-0.2945382678156479	0.016871385396339623	-0.02208233468012844	0.5023463454899346	-0.04200219492278262	0.1357836928181239	-0.08250030080809183	0.05851381403335466	0.053545378075796
DTXSID0045543	8.86725993498457	0.9147001636124984	-1.9421139622723493	0.8651762690142504	1.5265935448213117	1.2594115905998824	5.96733874535059	0.8327116704981085	-0.28224622330723487	2.799658679256463	-1.1881327266396302	1.0126986130160063	1.2824367289689211	1.210223777987332	0.3925697551361423	3.7435981414691124	0.5003352981891517	-3.894215829269832	-0.12468185854938159	-0.028140039452794554	-3.1696231132946675	3.5399063953496985	3.430036453156259	2.284177325971576	-0.15871201107171085	-0.324525759060243	1.2924525277469603	-1.8680460816185582	1.943299455148121	-1.5599974107181285	-1.6576006367818914	1.8858243462612339	-1.8937455587528718	-0.517135724396731	-3.3192369740879846	0.3564789506090324	2.0991482101710317	0.8011853727477743	0.41857340434403456	-0.30113474042016053	-0.9880456017426239	1.6816112125616376	0.5737993157224545	0.3541713863722472	0.47878448419098973	1.3072981408839484	-1.2447909427495194	1.130639035421892	1.301940337957132	-0.26925383971777334	-1.8958086772587768	0.32314408096341	0.1528319867802589	1.1909931399906675	-1.5701608763481125	0.8468625824292161	-1.0553856230200513	-1.1836445824718904	-1.1229102169541099	1.975080942676454	2.1136034143045834	-3.2001361387459384	3.723162849931032	2.8799873378390832	-0.8672307139082015	0.48909224628044645	3.5816431231484565	-3.761390441766409	1.2379116506647951	-0.3269912297198835	-0.662882080258464	1.4722864204348303	1.144182597251359	-0.7870017240297743	-1.5827199145521162	-0.41231567847821	-1.7100825249679747	-0.17961856094263304	1.1661331735895673	2.521474940571097	0.2907061305053061	0.36309936249512714	0.3158260770774121	1.4439802365072687	0.041957137048332	-1.3087008132092934	0.2602394644876129	0.1903157839897423	-0.4211813895549451	1.5693836934047285	1.4389267648660684	2.7403938839010125	-0.35198926723785706	1.0618432072608743	0.9713709742793224	-1.6562831074900168	0.17593204108878513	0.4908088860509159	-0.5910274441973492	-2.7491624805687747
DTXSID6045745	11.659749026983327	-4.678219072737982	-0.5628030647882256	-0.999071355520451	4.311732571331503	3.256524261232095	2.9714885308106505	2.709052323954605	2.223133519932959	1.7641007991126645	5.916513980619169	0.4820308375262343	0.028247568372377543	1.6774794105152895	1.1186952967469983	-0.990540949331193	4.294692653567251	-5.665840198846768	-0.16100589003997792	-3.6334517933864205	0.7606051823896475	-2.0851637623744663	2.987817650463896	-1.0158339402342218	1.9817595878311645	2.314483130243369	1.2964337881932975	-1.943979528337576	-2.306632837552121	-0.305483746456599	1.3355556918073317	2.586947095630744	1.1610568662331548	0.14908174865991547	1.2611222876481205	-1.5346410347733141	-1.1116235753381054	-0.7072663167602717	0.11808561197454785	-0.6095743606198663	1.0014752891490821	1.0719955540260178	0.5908413977280674	0.8956621342473682	1.059306268085295	0.963896143124637	-0.08581391072286818	-0.25704242809746014	-1.6220575846907535	-1.997403070696032	1.9088460017835185	-1.5798535330334271	-2.4759273980070167	1.3733500586061296	0.2773873568524002	-1.3867074312183099	2.064219677597553	0.980708408649716	3.527876414888772	-2.0238365691719853	-0.017266785732739178	1.4582268542213213	-2.038244575523918	2.483811405262015	0.2338198789806754	-0.4608808616500138	-1.2152874022527405	1.8285270001607015	-0.8735523654724192	-1.4742301478273139	-0.23184211961164095	-0.2749893184684115	0.005628710157258493	-0.1199996340259069	-1.753179178244351	1.2077105058309037	1.791550173151373	-0.8635490006984032	-0.4052330305398231	-0.5972405045399983	1.5740989599640098	1.3991459376046596	-0.29064347159048237	-1.349215786236261	1.1910769804995878	0.09487094415072873	0.4347525862264882	-1.3968138035520234	1.0638856555244551	-1.3073936539739681	0.2448449861719504	0.6329453289499666	0.5166725426643709	0.2816788073287879	-0.7111748807768424	-0.4353188519500396	1.5034516288429538	1.1613694775887655	-0.7793909550765121	-0.042811996498803205
DTXSID9041524	-5.535211374487687	-0.059620246457511836	-2.4571244052548495	2.360563010498127	-2.811975543392141	-1.6199259294353414	1.436006958628797	0.3612756266750858	3.0859273034421313	-0.3810411918724879	-2.6606182155046088	-0.9491839046849303	0.7075636388127253	-0.03714490517572611	0.5125974438354649	0.8731999343709503	0.03597380940201302	0.05664976945734631	-0.3530821337097203	0.938738991461172	0.1684140584897647	0.6743683769206852	-0.9549277791556686	-2.087766890076594	2.575101662929706	2.252481426858426	2.0119124617698563	-0.18709843812900287	0.22351785696900908	-0.981504019566892	-0.3922588274107389	1.6659879025089264	0.2935866144663474	-0.9201436223841564	-0.2498708945707251	0.018487395309980798	-0.0800520094510995	1.8649720668722045	-0.8619650250183121	-0.47354028549271193	0.585478198893127	0.46995055545833186	-1.338026289564297	1.3503017074540882	-0.23684685924699425	1.828901419774593	-0.9766487747331494	3.9529938214847493	1.9717610975161788	0.06583900961360684	1.1934940387955555	-0.29879879314343283	-1.1217888915823637	-2.0415627225159683	-1.3128486056089446	1.0965502768247029	2.214653636270034	1.173955084661497	-0.30191852358747967	1.1205350703230914	-0.3137997053444385	0.1345294945861508	-0.7981783671519078	1.1557603710601556	0.037378586881731214	-0.6475920838604431	-0.8493525576329081	0.09991083147856919	0.3804583377417692	1.0038303345416342	0.7907542167375577	0.9172174498553667	-0.17572139264525116	-0.4142822749209369	-0.5549088228625371	0.5479388642630254	0.0489380677986416	-0.044835961280999245	0.7451651769389351	0.0407698020079376	-0.9036887681002538	-1.1404022430302998	0.3792933735518694	0.09069633381638487	0.07413476619223805	-0.16814215560098417	0.6377262967909685	-0.1568131063922976	-0.41182749494996024	0.16273118230503986	0.04302481641874093	-0.2863569937012989	-0.22221618813970048	-0.32884636003250567	-0.07109499409592807	0.3898575291752418	0.7093973609504294	-0.21478620721889527	0.03508359232173622	-0.19137672968030633
DTXSID8021305	-1.5107250479034346	0.19119904286088976	-4.267348197863701	0.4830948910976056	-4.8438776088226145	-2.361846598204893	3.3619859699997856	1.9308736125653496	0.7670404883041809	-3.713238043514528	-1.282949011406242	1.0400451835248559	0.032074793626976905	-0.7724839208499802	2.8882226024512607	-0.07712969467599017	-0.5179118000539628	2.844510459857443	3.8789113007493765	1.1761109050614256	-7.519009056118354	-5.798734211952415	7.097796717801225	3.076582872708023	5.609451179807312	-0.6056936089928056	-0.337961623843562	0.1688075865803251	-0.292508423407759	0.5678590930236057	0.04223719976388981	-0.6583435888690763	-0.044311338638341365	-0.1262964804631828	0.07126388041330278	-1.023741075767965	0.32784286951582164	1.0892944787893915	-0.07205245167501251	0.35298383472523104	0.3501200374339151	1.6402122075648444	-0.0548037794081317	-0.19876955534658217	-0.19195386387049754	-0.5118409757099294	-0.9194807332880249	1.0638663536242488	0.9490790518123838	-0.38342770498789297	-1.161182290376703	0.2399285470587082	-0.11379357449577177	-0.22442889634310367	0.6858794333858603	-0.3754472240718704	0.3792884650501551	0.6778656805736436	-0.64067142596418	-0.16540642385076168	1.2881296075286097	-0.14589648579614165	-0.8459261162755203	-0.8091459632788194	0.08031509877159547	-0.10917172225887269	0.2182804245984492	-0.6736835309243477	0.33568442467563325	-0.6544874463877869	1.0659940549865774	1.2830125031530095	-0.8925009699118861	0.3029607965493044	0.6884469620478858	-0.5183125571485404	0.7837415479417501	1.3145466422521708	0.3494830867275001	1.264375293645255	-0.2974323979661949	-0.9363342172431081	-0.38194572662670134	-0.10877617416968774	-0.0025053398694044786	1.0443109706157196	0.7932121387594079	1.2523454142509785	0.009173991249729369	-0.9534696062009742	0.6861885897130389	0.40343930640885395	-0.1140734846904287	-0.10203328263301482	0.5064912487932067	0.29587193398730555	-0.1082391873804895	0.3366428823285859	-0.48131553871141386	0.19609948799549975
DTXSID3023471	3.7884190498344514	0.19252975957468063	-1.7735287071197194	0.5715155422389415	-1.2171706648489398	3.7334482649932954	6.229212056543071	2.5576305139828226	-0.9550779922425727	0.36601422192186006	-0.5034935546483806	-0.7623184523014055	3.140296929687456	0.392111636891919	1.0237033736012253	-0.4332637098158424	-0.34565572584759313	-4.706853399449967	2.174791206580544	-2.185892500453642	-1.4484257871939088	-0.3445510623837832	1.2155740452120478	1.2183584753938355	-0.6286431749946975	-0.034429387641493434	1.3844161861153104	-1.7200824178935155	-2.53231813291436	0.5455131440642276	-1.2975748516038572	1.230705454810836	0.30394008130023187	0.6306219344070366	-0.6723426967794158	-2.7815761157334435	0.684715117171319	-0.6337765516892713	1.6602438839018727	-0.0906290121504466	1.2446957783308321	0.0684137122248004	-0.7982250490156093	-0.11768556053854126	3.1444791759286534	1.4136532010953171	0.4001141472787887	0.2537133714689644	-1.3969444698574462	-2.217173232014787	0.8690139804688372	-0.959880604202825	0.18759961733174954	4.258468722955187	-0.697411867171769	0.7047997276081077	-0.5649479329769561	0.5092414981931744	0.18595309735590934	-1.5932985784093807	-2.276824909171519	1.599250838496031	-2.762713613344237	-3.5170900713618556	0.5004011820261491	2.75986099687178	-2.8083111865413137	-0.21570367140931673	-1.333163465268086	1.1922857887542884	1.023723906138804	2.428989763808102	-0.2729443171860264	-0.29435342329315706	-2.894187787311716	-0.36401892578594297	0.059691791622584964	-0.8550234146680965	1.3933630043296872	0.2478685322057542	0.27954694854245915	3.541431736278385	-0.3693004701909137	0.9916067350507234	0.47863756498236576	2.033219566595242	-0.8621350381820725	1.3238431602423693	0.7802212434900959	-0.5436424382859879	1.123977527077614	-2.4720386942984334	0.4134921224176634	-1.6129151627585427	0.3969838924100448	0.5760156574169909	0.6871701679127791	-0.8827890136850801	-1.064171718251808	-0.13455864484561847
DTXSID1030604	1.8547137898833492	2.2969198821092536	-1.065297907626015	3.592337163471654	1.0458921281179447	-0.6380804895576351	-0.572677324946639	-1.7636081934902137	0.3514764819216513	-4.025813826050784	-1.034493184649555	-1.9304283648311624	1.5788379892733024	5.027931702164438	-0.8701625885311627	-1.0656890749298227	-1.2460824770915095	1.0912968012318573	2.076683327342294	0.08436784129458431	0.32775528000136955	-0.18422721717297064	-0.31903486597130304	-0.03719699583469664	-0.8155421412934564	0.5148298781914517	-0.11396082847114813	0.9600448456423979	0.31626686752520755	1.3240756979370536	0.8296028264506891	0.9049077509216183	-1.0953899476257032	-0.2976866445777811	0.20469177129313398	0.8193446920050128	-0.15166512704810572	0.488750239668454	-0.12907634781447241	0.34573149710735296	0.02553363733791056	0.3017541600921964	-0.44946971270624436	-0.5755412028418052	0.1487875788005629	0.1639119437340879	0.8773523464758302	-0.35768191312390574	-0.9273587789798281	-0.6812381269499331	-0.03143250510702943	0.2689928721381031	0.37957498018576946	-1.207709330990156	-0.42170564420258505	-0.3733331041288645	-0.6088382437479539	0.4108008158347083	-0.4079956284179361	0.6041442119346214	0.15990566057252162	-1.273534199362174	0.056785160789586224	0.9249359570882699	-0.16001474285669065	0.7555332203685542	0.19991553316202837	-0.12141459897955825	0.5574259399244235	0.7444654393398189	0.18851474104907823	-0.21924823454738684	0.32806585066119165	-0.4714660892607036	-0.8792942501586567	-0.9895857810145434	0.00035839397780594053	-0.22877296827555454	-0.5627140396717849	0.20802958700211638	-0.004264557598785909	0.5966988403402654	0.06501998515988278	-0.9442813034070532	-0.35036469005267523	-0.6197311011364572	0.11764654969681719	-0.5940714925624417	-0.9292006024001142	0.032490831809903684	-0.8138099050323879	-0.1582564365090219	0.2790458360418512	0.3309788883067472	0.12499072118174238	0.30230934849156266	0.5358210421030802	-0.6117971079895036	-0.16575259245500204	0.36078053595955156
DTXSID4047919	4.479857884885003	0.12695423260755548	-2.4322436086217643	-5.4722379132594225	5.667890111515044	-0.8622090650586166	-1.6603020718402919	-2.2560547995462428	1.0994897357605655	-3.6203379655702657	-4.825453580033923	3.4994611892820853	-2.191529026166396	-4.608718233640861	-0.5940780345148874	1.2324808297824206	-0.07314013910184693	1.2494688231995978	1.28744855987059	4.008235707594691	0.40372471837171076	1.4408746041405553	-2.6050062997585	-1.0382850043886527	1.2819537512801404	0.42831665131749896	-1.798468699609765	0.07545194982326563	0.47934029793093147	1.3378748201280315	-1.2812824445061368	0.9677818987761078	1.3356830055978453	3.0011414289866196	1.871135757069889	-1.4395439680952782	-4.829495618739826	5.523829105489706	-0.24133361109895768	-2.700504763092915	-5.73774846322683	4.234833422018508	5.132505469911242	9.227683277238736	-2.145561519377162	-5.928157400583716	-0.4418209163322754	-3.0442272956823477	1.9528612348757668	-2.4597659238498	-2.62785790292411	2.228464706290697	-0.2713754870198018	0.11877358469845876	-2.708815208730454	-0.6701658529011565	-1.2068297208050462	-0.4633788474741919	0.40969406576096473	2.0845666503575604	-0.17293630153547745	0.47772508535765285	0.2604423778885801	-2.2689075443471274	2.1512312807132705	0.6965720327869123	-2.773513915182214	1.4137859847890455	-0.5299715272790761	1.392096589196084	-1.3902544881710357	1.0583565259291836	-2.9208658336657316	-1.7022471046799958	-0.27192537932557104	0.6556367325338328	0.39519007992088184	0.05909725740208411	0.5678562016635977	-0.29687659597158506	0.1131763457206928	1.6515336725958372	-0.8885574259750383	-1.156710859149829	-0.9729677272303839	1.4650727356871938	-0.6464016091208058	-0.5951134454650592	0.022252604168672654	0.3147916701515393	-1.7858924782621208	0.037202873560527636	-0.6204809600338677	-1.4365451278746981	2.825179555103817	0.2783018143418955	0.17050332258729947	0.003452084563846456	-1.2036571734017012	-0.14716056117814597
DTXSID4021503	-10.174249576655425	2.432823365925663	-4.003748188429308	-0.13070057588036307	-0.8977075611777848	-1.1836243721865487	-0.7581547841005609	-1.0001738227994958	-1.4134425491990326	1.4034821426155821	-0.7289910163053294	0.7966306131275893	0.9177912235033127	1.027118177195129	0.5969490021647894	-1.2209574921383075	-0.1645281440413159	-0.9014604844583367	0.7616282814699541	0.08893146280192107	-0.4530204024342074	-0.1432951611545625	-0.7100698118212391	0.5374197653328071	-0.013734641381334468	0.6748143936461645	-0.1675919783762508	-1.1916935162161093	-0.4887341931928078	-0.265169346094759	1.4671777970620283	0.40230507689237344	-0.1938300094643314	0.020891338483388613	-0.3897768362508737	0.13481219541063938	0.9713853228205723	0.4633516000317738	0.015651076900017803	-0.2886327184891111	-0.409798149909187	0.29810084574657536	0.1999511016813123	1.293833220580069e-06	0.060743607359580495	-0.2644334049687596	0.4301803776120439	0.0193005623902982	-0.23568172358254974	-0.6648041266031975	-0.017645824575390195	-0.7994249960017054	-0.21671348177576583	-0.12758961514080822	-0.37871791903981783	0.4233342139357899	-0.391152104959063	-0.838516564573459	0.034272904953383615	0.06989696997049638	0.08465349297691672	0.2121315799743197	-0.04109212306258637	0.1763839425650251	0.4381268681294464	-0.8852830873738455	-1.1095062828827231	0.3392405151221286	0.49331094748176946	0.32369514918710285	-0.19543204359388308	-0.4337758991870906	0.4927107943553999	-0.3290448728734305	-0.4762406532617765	0.0559629535209857	-0.7064715715627777	0.3660998667977835	-0.6576414512799169	-0.14180411792845016	-0.11149724403610144	-0.8219754625108312	0.5045226984082121	0.2765276501647595	-0.3752765233263836	-0.7054551840373066	-0.2521745269531223	0.21188919991661956	-0.19503181164283018	-0.034911893700708	0.2529351323848729	0.4073937498582598	-0.7672676332382763	-0.054660258887721046	0.23918143014896917	0.3297378797465125	-0.2680245371603514	0.26625072765449137	-0.1462245058023538	-0.09527722070705935
DTXSID6037069	-5.79430512162972	1.3730611428618715	-3.4134766993613557	4.045814428497895	1.3902641513048934	-0.9622778358972015	-0.6621862004801518	0.511941271750014	-0.717958799672933	-3.4891888663466264	-2.428241197391663	-0.09769860423102357	0.4494795313493488	4.892881754282644	0.461999723519774	-1.337539097256246	-2.1351403175124215	-0.4567532482124478	3.4589243789144506	0.4610384181545132	0.43680544717414	0.24909527000892662	-0.23205227863124875	-0.821326847190655	-1.623453448173176	0.159546986341769	-0.21070312060181243	1.2787931018711742	-1.3971375829576136	-1.1484598260666266	1.8307883750804177	-0.5059955611571164	0.7431514173167784	-1.8344064591371048	0.52676693095182	0.8835349751037286	3.5581174039305914	5.010414956024611	4.387629090091795	4.838186021389727	7.396392975715892	-1.9486279631871282	12.237743434763177	1.6437652701309662	-1.8872610735388717	4.975178470365562	-0.6734435267112715	-1.2817286177263005	-1.6836835333812261	2.10583438582701	-0.32489486665664624	1.6278899823418482	-0.16585065095263446	-1.1883722672492347	-0.7386445251669913	0.5202644315796182	-0.3977799079280497	0.10113218966337689	-0.9112985292453325	-0.7077944023883401	-0.6352124929124201	-1.6533597544270113	-0.784890688369579	0.7780273176199503	-1.2986372191879503	0.6071618894922914	0.3846120846999877	-0.1800058996350939	0.5021476048680374	0.2531780217311329	-0.4192691877395867	-0.33777564529479714	-0.17889433947664016	0.11676064957227261	-0.14514402027206488	-0.5190455456182217	-0.03418273839523431	-0.005226167563358216	0.11726421968863868	-0.05319019689583034	-0.19800180471028048	-0.24085957188133666	-0.3307902450009245	-0.19220287327166335	-0.20867797443642272	-0.3097213292317733	-0.06296564910906619	0.3456079672989959	-0.1264936004356772	0.10416060825624288	-0.24017976771877042	-0.01620246171380557	0.24826910101248822	0.0793854203594615	-0.5146249530649394	-0.06217687425379348	0.2524598029952428	0.3867228669139915	-0.5808553521491684	0.1705922286536059
DTXSID2020927	6.096628888046096	-0.03842783165210062	-6.086945989511318	-4.990368000663063	11.913604909370857	-0.8856637834257657	-2.164529312194273	2.361100336094093	-2.577930279561598	1.6883861286014221	-0.2593184384400624	-1.5861004831234393	-0.5067775898480343	-1.494554331580817	2.538125976449647	0.8680945944834483	0.270941167127002	1.958098620216094	-1.9805562877091707	1.8075260467650553	-0.3786527178778446	1.349788653439326	-1.7982824368567447	0.21797922835512148	-0.008217816109459973	-0.5268402256116225	-0.3591699444488327	-0.14552003245782352	-0.8876151927879045	0.8651173369457457	0.9302696728082739	-1.2494692142170272	0.22285953685801077	1.283401923352096	-0.3417698262399341	-0.1867037196580921	-1.2319452119143546	0.4087323225850935	-1.1875041859456272	1.2228731430166555	-0.2599841261077946	-0.528953862006625	-0.6521038566709124	-0.13462777571144627	0.2934622444251339	0.896149455667426	-0.706457579503829	-0.2673207355534636	-0.5740049861138575	-1.6370300979515189	1.966683609068497	0.0953094272777689	-0.21848023542010064	-0.21376655539568398	2.002233177425144	-0.26638749690516744	-1.118470473644609	-0.10983402408150557	-0.4248998637389744	0.827945427060399	-0.8179810496846041	-0.12406986843315727	-0.13642500346489952	-0.7079651113558987	-1.0453806790010147	0.15411173347963308	-0.4184501564008016	1.7467078926016384	-0.8809068557431889	-1.2023102079807892	0.10839161559563715	-1.2960802874983346	1.0365357289951476	0.5623968953024476	1.1330908743806702	-1.1771809771250952	1.4521053121992422	0.036714717923535645	0.6498356585864129	-0.47645518775553164	0.5191657611602942	0.665672584882174	-0.8523461214376918	-0.28465092460395736	-1.314884782117822	0.9258104936221565	1.283798099327915	-1.7736571214029073	0.4513508896638273	0.4343941254324452	-1.3245651625345365	1.6750931550677204	0.9159744805251261	-0.4231966880760975	-0.34905908112544565	-0.9184544071029208	0.26483657983425596	0.45403559708181607	-0.02102512846544357	-0.9490946753441982
DTXSID9025455	-6.699906753209518	3.438481984830212	-2.891349302880762	0.9335419447665038	0.3436545089282489	-0.5710951235868621	0.9412664504045968	-0.5225253302069286	1.1769794266330644	-0.848864856067054	0.5194893707478061	0.5222309673771189	0.9378213939140042	0.425934836850447	0.7109853411061531	-0.4681546698557064	-0.6953935623675219	-0.3769692677119708	0.5158622379610965	0.15168910524575643	-0.25031951333990987	0.2986594042445168	-0.4067139443677083	0.01488265896593608	-0.054213427743402674	0.21046400118188793	0.32908365392836814	-0.32344928545677826	-0.05737847110698163	0.18108557314044993	0.7399073843370781	0.1420668932700175	0.5252015153415804	0.20405619058420837	-0.568669923154765	0.03283949919974844	0.23496701874245324	0.44958852789195236	0.19326701792196893	-0.37979255587156846	-0.2017607999992639	-0.03186937851731048	0.31571742437911693	-0.3030033484683353	0.22776912691769755	-0.15070703469823504	-0.11495837034723189	0.8248082043800123	0.24350837653813895	-0.8693024327186063	0.2821517165522384	-0.12152622673486949	0.2512497325418886	-0.5050625071041204	-0.5310750656173945	-0.22109338412067853	0.07900834298052245	-1.1228774120152583	0.3057438479277585	0.1716860182982694	-0.0009289098247816267	-0.08871513541222284	-0.1676507453739351	-0.06150069468187559	0.01512071036457841	-0.6393561419096644	-0.9204898475445161	0.33903386107274736	-0.036294119720501755	0.3210516061454201	-0.12708850932656302	-0.05389265061768736	0.2579678860206995	0.5091041928442536	0.12548632675007168	0.8029351958081724	-0.07201343987063696	0.8616621149170934	-0.8585306841258444	-0.08469772548033914	-0.390395044571833	-0.6637228607129718	0.670844475532237	0.718811803366624	-0.5718439125057035	-0.37204631078658074	-0.06286489212757937	0.2822023796148405	-0.8251899260448788	0.0022125407223172458	0.4958494822594799	0.08757890683541418	-0.5659395556720922	-0.010216366972921248	-0.7886416678473329	0.5470471009787499	-0.16606403918268708	-0.016656770301079506	-0.07655786355804102	-0.2885271155670489
DTXSID2044397	-7.062807114283954	0.17594181690625593	-4.8373286717864445	2.0785050334146633	-1.3315141505622745	-1.4924864000595712	-2.6596024942746723	-2.163906013349101	-0.15593831812383582	-1.3340878282329318	-1.782366104931558	3.7864189963097057	-1.165265405245663	-1.9810795590840844	0.2792801258144898	-0.9933605298895262	-2.2158414168594955	-2.186584400303736	0.7266183290288329	1.8463811608084284	-0.9287900146559452	-0.47422274470002973	-0.5656822422844007	-1.1442194812258861	-0.6921910728174561	1.1535176478975422	0.2998723758387262	0.5259139876628172	-0.9848830848185541	-0.9083938621959594	0.7038475250759412	0.7116263434733482	-0.15077606050136955	1.040547434932999	-0.02330467988429252	0.326256975167691	1.5487066626825898	1.495644032577788	0.2610249072913329	0.5351517921181619	-0.52870250525196	0.9908448263390209	-0.012835087835785965	-1.3039340186422737	0.30923552471018756	0.08589212763837041	-0.7698810919589506	0.618380435742368	0.7029370986382091	-0.4983226151101566	-1.4346926878436816	-0.47963074363118097	0.45832440577803724	-0.8982215238072251	-0.09924784103877106	-0.2596593561124612	0.022323185190134924	0.3034311682343	-1.6840973212127315	-0.15232078135604127	0.2989313362826601	0.10982280488913818	0.3692199735471356	-0.5135211696648749	0.5203139633415628	-0.1384113535408284	0.20863767124331553	1.4273740689373715	0.2528329976138979	1.3726613886443961	-0.7410164297062686	-0.10463722193098006	0.5932077265161004	-0.16143791961204426	-1.666667755921511	0.7442556836644882	0.04582197433464023	-0.8511271015647051	-0.3613005995993984	-0.2052223960197914	1.1654529775330584	-0.2659361519670001	-1.101656277133536	-0.24431808572695254	0.6703737410831864	-0.15934054151987856	-1.0607062055538112	-0.43029070142964443	-0.6084807137019743	0.1276078630208732	0.23121753731942685	0.009740277480991563	-0.27669862871706014	-0.16492157862652534	0.5105616714436264	0.000974581088031603	-1.1500113889955892	0.5326787718622782	-1.0628590769155764	0.05386310347524129
DTXSID9022813	-4.99596621693	-1.1974590745184899	-1.5344890063694294	-0.891137811802416	-4.281234637738151	-3.7569235744231375	0.42779713977624784	1.390348439178712	-0.4965308392105483	-1.4696094251587826	-0.612643573779606	-0.4391912191455719	1.5723487867925605	0.16076994595232358	1.2878649430419589	-2.9406494054533576	0.7111704015235452	4.316034410801415	3.647603264808279	0.2894848546372135	-5.675564310165095	-5.301018519273348	8.52813452735186	3.5885644815883273	5.669205803035849	-1.8498964999641743	0.3663061981411258	3.400084387294745	0.1307429949778526	4.031514039008737	-1.2472861706198255	-3.7403079646190824	5.297718332287413	-3.140240179151262	-2.3597868727591353	2.7045957150856332	1.778937632828911	2.3962423744782626	-3.3174891809148463	-0.3985273667114212	-5.0343676301907045	0.6315675095410761	3.6040812376569793	0.49010641732905885	7.448077845213498	-2.078614396180356	1.0223674168097983	7.470524341027361	-4.513873420594534	2.8110411465256995	-1.4107518905039134	2.120859337295581	-4.589790433699504	2.3396088408234057	0.27329785029990405	-0.6931327562330533	1.0968092371880624	1.9145064197440926	-1.9032970208819557	0.29517267812756137	-0.579472573941551	-0.5741108224691112	-0.8384777101642508	-0.14126821949180046	0.9530090120212965	0.05496827165890501	0.3049442390922898	-0.09358033072185731	0.7672148096767489	-0.8609809661288863	0.45574636465810664	-1.2723221784703755	0.3492562463413127	0.3994320745548624	0.5822229366313645	0.3768469326965803	0.35692404554245877	0.4878346330768078	-0.66924122915871	-0.4174070151602201	0.3515105459259764	-0.25832247242358347	-0.6090821787949335	0.0019925673490424124	-0.27482882406731596	0.31516236740173187	-0.2368924339935115	0.8879609882186219	-0.10611085201605341	0.2432288517205531	0.2382527555618845	0.09475567148365112	0.3259983209733311	-0.029107811791712387	0.2847160391454635	-0.7036276879133401	-0.3650342252290257	0.03373682460145995	0.28398175830687433	-0.03305013350681792
DTXSID0023088	-1.3825664686947337	2.596482953200319	-3.9212582081054475	9.131110432046713	1.2020209985241435	-3.683103634669363	-0.7723696025655641	1.4553012682864237	-1.0795744161580587	-1.760336948023672	-2.631990055922341	3.3170466297018772	3.914172891934412	0.015836121578613638	-2.8439167662861777	1.8494144277700368	2.2635323675794874	0.7345522038394444	-1.4202080299548425	-3.160977657992016	-2.174151140851679	4.378039526699542	0.3401201142468696	1.646185403622173	-0.42581821929274144	1.075095620626882	-4.569845875186831	-1.8064564937505314	-1.5657828948354944	2.2945606100699076	3.2488285722162074	0.22068728991908684	2.2026101541283913	-2.953262814467137	1.3921565670624108	-2.1024723448036755	-0.5329711335701082	-2.9682579320271865	-3.854354806167858	-4.831374300801088	-0.2735588492995748	2.9331027544568635	1.752494130093198	-4.170610704502491	-1.2987276213855494	5.424262048238398	-7.012062305549672	0.20537532449492973	4.619496154846442	2.406976376307917	-2.4485464630921028	1.7776402749005307	-1.1562682527989159	1.4306603565256073	-2.281950928147153	-1.4883634146339784	-0.8718826551186104	-0.7198347154375511	0.8289910216419656	0.3395013823669067	-3.0219974291788376	-0.5247785660543351	1.3204580439223852	-0.7941444184862357	1.4574349406930451	2.7107141197470743	2.1244235197651395	-0.6112186189014588	3.1735376286610855	0.9791496799568776	-1.2501319540318103	-2.4768314340356166	2.5719700697774	0.3188521016860472	-2.683204380070174	0.6611288196081669	1.0205388221008564	-2.4951499521849487	-1.5345201338095973	-0.9787828139444573	-2.1030052570563353	-1.6083894849021192	-0.15762067802393487	0.2103154446273564	-1.9239580251319999	-0.7032108080870952	-1.952878264261984	0.3519525241048933	-0.06541313103875199	1.328742357361865	1.8901179298809467	1.8048299168035442	1.4246298970109366	0.42048938572024835	-0.6181094796254313	1.2602133948482628	-0.50943638038127	1.191697190824126	0.11643368531906483	0.44003023842546096
DTXSID5020861	-7.007866736641627	0.7845656820230614	1.9140321700344585	4.406866706343184	0.038799553714460894	-2.0389364290209047	0.9763320405013196	-1.0044330678215008	-1.2902683654641345	0.036597898223917735	1.0159729332031349	-0.17913136266686053	-1.1568637142176343	-0.5216428136954424	0.046074846013580445	-0.09125351406725514	-0.33908329580750435	-0.2274588101600404	-0.010575711276208766	-0.10776657952977178	-0.6646178376546202	0.041437355453620824	-0.38340290245687486	0.007481194871638667	0.04479916795038683	0.7863113093204319	0.6242389767505377	-0.422556965378027	-0.15947814429452517	-0.6475846075982999	-0.16940990335668432	0.6607842143902327	0.26874127775997664	-0.21701437505328394	-0.7246247875730819	0.3610357462064812	-1.203780750919705	0.5026084777040843	0.17859120382299856	0.029826324182138104	-0.42046998058934676	0.07962607815062207	0.26762058995930177	-0.1014811160863936	0.3511225360354749	0.25205685520438814	0.11988228088940321	0.6189373155673031	0.4337826465571597	-0.3040547763219254	0.9648717940869386	0.4850890350058919	0.09248065569519837	0.5413562879535315	-0.0032038282500416572	-0.2752937533737463	0.4478954627496842	-0.08551198180543645	0.8868864303232232	0.08278422782993602	0.3890622891072338	0.5967352507057427	-0.18249885677070574	0.32822821120562584	-0.12986332771928288	-0.37836316680777693	0.352592818308711	0.06796750924186126	-0.24138658699085008	-0.035964611027117434	0.03954475097365386	0.250073447341689	0.18727355697473333	-0.40026330387733106	0.13964129004301265	0.42342441685316	0.5048464822163025	-0.3070528646502345	0.08601741766922791	-0.2506261221401966	0.18511088583760943	0.013212379768583199	-0.18915744345653004	0.4170564251944534	-0.3395813588833053	0.015832399031211697	0.16202428246029937	-0.10993912328571767	0.24059101646506537	0.26005334559436327	0.14538392506679992	-0.002429163431918735	0.12459993467099552	0.06958619212450086	0.2183709584306285	0.35484112471462925	-0.08507897444447478	-0.13904054316080625	0.22955953264844942	-0.09201304985494951
DTXSID7023221	-1.012195040496661	-0.9023174555077497	-1.6537885293520895	-1.6438788255618562	-2.004556657302359	-1.4793585804769924	1.6240002030902039	0.7964697843449925	-1.1894968807712452	1.2383435337700137	1.9162448150709253	-1.036184622104914	-0.2738193200484945	1.593440134140903	0.620469218247161	2.48642122280365	-2.795799357375589	-0.24925403632295867	-0.0313691982156873	-0.26490478756700203	2.621700610388172	0.51463578772044	0.8752882577979818	0.37809915658471765	2.288626011032752	4.975628353176611	-0.07541661608822053	-2.406665866159792	0.5409768754484173	1.905112174009196	-1.3274382908257136	-1.6836797374746337	-1.11258358136445	-1.700374993558947	1.5298192043348324	-0.362938530446448	0.342236878895057	0.8278905966233155	-0.0597989680558425	-0.4832256156435943	1.8050143817932085	-0.09875355224152488	-0.1889652198815712	-0.8239404721424565	1.1386620269258154	-1.46311477497917	-1.39509377614283	0.781990831834768	-1.680792913695799	-2.166418994275764	-2.5020223509452846	2.300195069636194	0.8745091704579988	1.2334727834220263	2.4549855183631353	0.3592475698197483	-1.3649758156119942	-0.2538569861144616	1.9139162776082475	-3.5448623570374167	1.147778859569484	-1.0297410677779484	1.581730368338027	0.6101841846474826	1.01217449782828	0.08991490188977733	0.161327628403864	0.6481326658298333	-0.07298883757147996	1.0747417390689653	-0.3316032180536823	-0.6037280190880495	-1.3675316749799626	-0.5853017851005708	0.7525837796024416	1.4037943779804314	0.360993698906981	-2.2568533926638517	-0.09566112414005155	-0.990550339575977	-0.22906034399683192	-0.7803335235684797	1.306951937132036	0.9135132168663118	-0.7193473591323172	0.43367903269739877	-0.2463368245773872	-0.7604373910638342	-0.2879859073980535	0.3326625295078395	-0.3889608333397502	-1.2768705862518108	-0.45424470514593895	0.9100750040314474	-1.2297082889753648	-0.1914528674155013	0.24994374488895502	-0.3361573170228768	-0.7490075475125049	-0.047242676810260585
DTXSID6048678	-4.516757458739025	-0.40556888135158903	-4.402493315764261	8.33185381799332	1.135639574132617	1.4205341727819618	-1.6020763424065771	1.502778728228444	-0.9195643044982866	-4.428428226100693	-2.2626285964731347	-0.45427996869604814	1.286888059626122	6.11135086254146	-0.3585622477639084	0.4788476694490271	-2.101046721179212	-0.8267327020621602	0.9212271434691057	-0.672581644094734	-0.23558428202371784	0.9095797880289459	0.843806523273851	-1.103926430648745	-1.1489228494201351	-2.910842368956394	0.547417958330084	-1.6488517687086337	-1.7096175445348694	-0.5081773943814096	0.24984894663165075	-0.8242471746419194	1.6410614799614696	-0.6464408482037866	-0.48298855447684713	-1.53633202348714	1.716745417887132	1.8014690483953053	-0.717600645835187	-0.36663325380587397	-0.2847113023563437	1.0269400141874998	-1.068694907850458	1.2850459555232203	-1.8796145640210615	-1.6696564835336434	1.7424015900994143	-0.3504080594146061	0.7741687118854216	0.96255766015699	-0.19163827597885816	2.018917911192414	-0.5673957197792021	-2.0875743330136367	1.8683611967361222	1.488733292151487	1.1954829969541787	-1.3756363444390411	-1.501849742058303	-1.1403409806712412	0.9353421782882039	-2.572970540306171	-0.9520930425444479	0.44767210984036926	-0.16124496949166356	0.2624342899805043	0.8090519554816427	0.08673333528482156	-0.3600151927882156	-0.5892131202927238	-0.18150809435011017	-0.38042273572196994	-0.3997310616590486	0.49373236178448854	0.1180320203725274	0.6913799775737764	-0.6683924623351287	0.08333850125672285	-0.7982209848755066	-0.5534265322882147	0.38583324597935376	0.18168435890005047	-0.13292048915190388	-0.01147148124654119	-0.08435155082009821	-0.7365072169493606	0.15674292682979182	0.6189942100708743	-0.010226219821549405	-0.19572573121903208	0.10358152568223493	-0.01853381173376871	-0.23638044062746819	-0.22030461773308083	-0.30450201381958797	0.07550384667392453	-0.4541813165813831	0.4969175331736278	-0.524424993331135	-0.00046284122454705757
DTXSID9045053	-2.634299363833245	2.6439041126794858	-3.6418872921696273	-2.158787132714631	8.535184936865196	2.205751372707578	2.5222860708046952	0.15067255005119456	0.27880771109385377	0.8353303408615741	-2.459067215952047	3.6778283232485784	0.6909780208617311	-0.17827838805928292	1.6854868868133468	0.7045097977373379	6.841836916123296	-5.74566862013169	-2.26595261666974	-3.1946151444381283	1.774666032885963	-0.3192160135418409	5.03375726942112	2.747915957856159	0.05863898709242974	-0.49606597315941936	5.946865724079522	-3.841638563780263	6.670464498134974	-0.8513763488312299	-4.242808915509814	3.435782085634856	-3.96754938730811	-0.05471983939873058	-2.8380025098239936	-0.3614346336084211	2.0169084029557123	-0.8878878276914438	0.9972864713889976	0.12463417599702711	-1.107907148771321	2.4641629026843064	1.7204564300237843	0.7023498433538518	1.72601063406633	1.6591127633967693	-0.1381216860180917	1.7657609553072526	0.07291958274927807	-0.07102981951462814	-0.24305720914153384	0.274424596604938	1.4763338217669923	3.2482524036230096	-0.21673227932470984	3.3687826553269526	1.302988363789404	-1.636739635303988	0.07794301015750615	3.8560913217058945	2.151784891441025	-4.890486922745422	4.171157322876095	4.109341225488893	-3.262121034871777	2.083664073656844	5.511303544439915	-1.0461560570574244	4.544695739855658	1.8997382876192448	-3.8304483915123098	1.700494569719212	-0.3122081389284758	-2.725405181663127	0.8156941036444697	-0.3908235938627146	-1.8369498862799427	1.297355768492084	0.6819884511231922	0.37291159156769677	0.7206071883825442	0.3739214161015728	1.0771330378433763	0.5857221827382425	-0.6492528065374195	0.5105543954539293	0.49521817469399304	-0.23210561716159386	1.055922392700157	-0.5739845619123066	0.24748136352242558	0.725760087241659	0.6163961585217235	0.057493032877042695	0.37601990947341796	0.13161004491162068	-0.028423746929781828	-0.13360115088061683	-0.06710568345829232	-0.26403894988150506
DTXSID2047939	-1.0751479659511791	2.5772616046235157	-3.472652258179323	-1.6761334635775322	2.2343792270331857	-0.5077732943781005	4.645645986554802	0.47820380673223273	0.2562416935522207	0.10783530656682792	-2.815514118812975	2.186768771878721	-0.4593251704192843	1.0391982209438833	3.8616646083862642	4.746363354513995	-1.232966349174647	-4.910351523793252	-1.7224005378895375	-1.905112075064608	1.6932308677838872	2.0605053844578975	4.4747979013141235	1.006860942320046	1.1820303818061866	-0.47233469172531406	1.6822251411671933	-1.0670303485489558	1.767811159490834	-0.19919035273689853	-1.3619956094952244	2.544920587321416	-1.5687027234024338	-0.9586218925618949	-3.0866696526254365	1.541627567330031	0.37307759539861257	-0.41207504960558405	0.12614232903871608	0.02608225533402665	-1.4782985822996078	-0.030424100923202368	0.6099204309419308	0.6450822181914375	1.549518525113828	0.9187688497489348	1.262131522960367	-0.9693354079812759	-1.0075913015496551	-1.1604633474740753	0.642668618862246	0.2624810140772614	0.6008419786136853	1.921060920354809	-0.21814322759916643	1.531214465216276	0.28466313996739107	-2.038046546971981	0.5939751723584714	2.49414201598602	-1.1631999015003565	-0.9655903583152137	2.482336436563864	-0.5301444934779335	-3.068914635346366	2.248908035850121	2.4632676479684035	-0.5627774270901853	3.2697261284151784	3.0951288631261185	-2.521201306696851	3.0926385587684435	0.14735131648316646	0.8203075750242887	1.015491846505414	-1.9715826889362815	-0.689665400825821	-0.15968987293550893	1.0459584358974954	-1.6710658514968781	1.1050376670948516	-0.13450206289996716	-1.113724248541664	0.8837574389398775	-0.25697152074521085	1.1227096129903358	0.9005909061995283	0.9063909232872159	0.012847873770039417	0.5580155204579595	0.4094844422416535	0.010680079118592369	-0.027819220478244037	-0.8652130064682807	0.1461629989566789	1.5858205571231185	-0.4659936922644708	-0.5503045847773389	-0.4917647336357014	-0.538152493860761
DTXSID3045859	4.887366284264109	1.9598433295145246	-0.21641144605833937	-2.95826680520377	3.142096229143034	1.1482967852307708	0.5697422174354595	-0.9915572563314956	1.1081011662560125	-0.21174026666505222	0.2735433312936482	0.3851090181404881	1.19003668182692	1.380910447086426	0.721252959422288	-0.7086570298654699	0.4212227125230846	-0.08266454562141975	-0.9478101524905652	-0.5939907934534077	-0.29359276906040516	-0.6066989855695325	-0.9744730311490725	0.933036476120941	0.3616760529589072	-0.4731086959902277	0.4894512595087176	-1.9587487104713672	-0.8563318747072749	-0.15283636576334048	0.2731308795212144	0.6619754018165102	0.25832451981112176	0.7332941111131787	-0.07996111259439853	-2.4789962124016314	1.0380082846840142	0.07479048305047792	1.1640174431097567	-0.44066556234540805	0.7190792450224442	-1.1791640643063606	-0.5275495800420247	-0.3660514154228044	1.305102863312575	-0.29586639688551186	0.01096328819833048	0.5846254755306916	-1.1201114282840816	0.10045199536556776	0.9036254178690948	-1.577383361722657	-0.6061889054498228	2.2584582428277455	-1.1989589291005123	0.7744721382272035	-0.626258127022487	-0.09227006494836061	0.19683330721098585	-1.3581091330167265	-0.41898918303752325	0.6275721468054934	-1.051566149316201	-1.3515491014877772	0.6177118116119055	-0.12859076187339477	-1.5714203424681426	0.6295732394854877	-1.6501767641133385	0.22412244304969223	0.32776712920452666	0.49875287769321036	-0.648794876074288	0.8369338781178929	-1.0344247648013494	0.7681588435584344	0.3638508275731976	-0.5792851816696934	0.9540575833093918	0.21433843065549402	0.9652722734769098	0.14609137267701647	0.3076025809094062	-0.9741516927006216	-0.6701334685126153	0.18876821800191768	0.5653474356513184	0.30135940646953785	-0.2067340183144185	0.6938676931561101	0.37461341571955775	-0.13019296406945996	-0.03242882857280844	-0.29427955289109475	0.2869362048425228	-0.7615807801375578	-0.3250513313516239	0.19903033437996198	-0.3471679221041935	-0.4807456428760394
DTXSID0024979	-5.248479067114148	-1.252428759441402	-0.7733759102265553	1.299622368990891	-0.14000542484600448	-1.6228375215356068	-1.1155778541279413	-2.4750910433399	-2.31105108479962	-0.9670149960077987	-1.8458144398460876	-2.2276418898975416	0.851143570376126	4.820747162545715	-1.190378714108577	-0.5094705959559119	0.04935632081892081	0.16673755602766752	2.8277944227550553	1.3495655857986526	1.2667634289688405	0.6095300220823621	1.444214591813572	0.5505378897340448	-1.1873484362738567	0.30610241834192986	-0.755066927459714	2.569088976257473	2.179939685030455	-1.0691309092992123	0.8132912576059118	0.6771063876685456	-2.348803831028322	3.683628678164304	2.383475472135978	0.5391925659287738	6.1337623127654215	-1.3031763408903922	-2.5698654513244605	-0.9651976145645129	-0.6660408486559667	-2.7059131447644966	-0.005388468586631733	3.88682059202601	-0.9353963331277001	0.7175566113462686	-1.8087303579974512	1.1782129703118929	1.7792998177141575	-1.883759870607642	1.3465988009061252	-0.5739743400593027	-1.9574830036601318	2.987215660855142	3.100168962160603	-2.121362476501148	1.2399384087509109	-1.1868153489776385	-0.17745031873455872	0.02313871658512439	0.006904828428098637	1.2586135468976887	1.3505714868349068	-1.0730187154375277	1.239390435931736	0.3090856884040192	0.9301594824805924	-0.9473043832443871	-0.927301815414124	0.5250404950161865	-0.6285612166128397	0.05617459722194024	-0.21765499092747914	0.13776300118636686	0.46438647993382315	0.7445170039831737	-0.5323935164428562	-0.41383957494621915	-0.017084927288845992	0.31478205726465436	-0.1767882370786133	-0.35742183695669794	-0.10048081784541894	0.294525988519335	-0.01874361745272819	0.7162098756572972	0.7354767895927752	-0.414851816032093	0.11691609634739553	-0.014496314855805905	-0.5457220027492389	-0.47337981090790426	-0.11679993679736006	0.5227473416478063	-0.37189552129436276	0.7419687580868216	0.5867586562207628	0.5306488260315512	-0.1437913664138684	-0.21677244310664237
DTXSID2047511	1.7017555181155537	4.374076994486308	-2.641751157272432	-3.440118391058892	9.361041080371526	1.5817884994249487	0.7333821499028268	-3.302459295423585	0.9437954227550532	-0.943853473677725	-1.9732628752332222	2.1630755666739208	-2.5103792674574374	-0.5516210299519905	-0.1650912850790913	2.5519818316722054	2.276503028064644	2.48480274299104	-0.16531362767618907	0.3985873016941247	0.7913403004604733	0.3910237517419136	-0.7384646498076481	-1.230411343986804	2.1513643066666757	-0.5678285926239227	-1.7105540275302358	1.757331623553325	-0.7097563352273469	-0.2325070215722952	-0.3628935060478014	-1.6364107753797985	1.419790526868423	-0.452877084642775	0.23533986823156233	0.7741390988995709	-0.19471677006640847	-0.10675999351744693	-0.24967829808535533	0.5436968868401207	0.09744673764261064	-0.25950892409818876	-0.939092964628061	0.45838246236943914	-0.9016792316263724	-1.1942120808543335	0.9632424166119923	-0.17525695397489158	0.19408148989891733	-0.542150806972801	-0.013612742257084878	0.4360566235785694	-0.2319721784468636	0.4805688946602066	-0.07733449539736635	0.5604444906650612	-0.9568028134855645	0.0952734636958418	-0.45551773002819373	0.2971020858762041	0.40945573000531194	0.3920930151723831	0.28131035743374977	-0.7616924804321646	0.11118570313819974	-0.9358420676878709	-0.8875882054455156	0.23771690492635422	-1.1697046492200864	-0.5097829579348288	-0.17636623522976816	0.557354081082883	-0.2575064146918124	-0.030090323167273596	-0.8424329089368039	0.12693625102446052	-0.11084253188739102	0.7580522362871485	-0.32671467234247537	0.05557330323881231	0.09441968488698374	0.09040783442544278	-0.5523675843560862	0.22354900419077803	0.4367430811717019	0.5500144192660509	0.21951929336486464	-0.37872346363228626	0.2839019341501724	0.09533646428415961	-0.030550892820814288	-0.3068065072276475	-0.585634355047268	-0.25658437663832484	0.38812759515032713	-0.34301481520313853	0.2886262791627588	-0.027438608883886963	-0.03243423946112399	-0.25296233457581124
DTXSID9046449	14.019667331763797	0.1669262654845174	-3.202815069989591	-2.181366952927	-2.3249653477488037	4.039284883851257	9.464941132078897	3.2301718338821663	-3.5293990562281468	4.165319151824633	-3.137788621853312	0.060072669682522575	0.16065963267707867	-0.7850190614535103	-0.22196733584928535	1.6419710115177424	-2.63051188499293	-2.4175116126113583	1.124045978852827	1.4567343999831364	0.018674665439087607	-2.5906467622222196	-1.323551451083301	-0.7576848957560337	1.441752884535182	-2.591467718373951	0.2844662797451988	1.5333136031724743	-0.939241045827217	-1.7868167262363104	1.630487687605865	2.2488155057205534	-0.6848231061879497	0.4725423255806697	-0.6812968550459335	-0.023782655754649887	1.1651162859528212	0.5413594309047914	-1.1209812502343068	0.893696232418005	-1.681420836447668	-0.13236991264054526	0.5952948880670287	-0.32653065272035176	0.6981790303424802	0.1003044961516629	-0.13594232362226955	-0.581193134739888	-0.10286583188115261	0.07800328703588721	0.17318661317212367	-1.270262482890931	-0.2673880052215203	-0.5754889660079316	-0.042059886556672636	1.4602365453460684	1.0735967939820028	-0.3969125743253049	1.7550430073711702	0.22339700854411965	1.127525455716765	-2.126269773642947	-1.2037423022172642	-3.0919115311297056	-1.1757654292884665	-2.022222184274758	-1.74960346227456	-0.807760403642564	2.406097533982046	-1.3547908756054643	-0.503849642985682	0.08176357723995284	0.31304710752777026	0.8302041275770364	0.5283221939231032	0.39703131812598386	-0.3653151480623465	0.13836176999322533	-0.002437315908259354	-1.6266918111530613	3.689009512889048	-1.9565576011361645	0.846555948856274	-3.878805187866101	-2.6643394868332133	2.0084950505372485	-0.4003108631061032	-2.2627292626476296	0.5141252359658752	-1.3478926343942117	0.9996134093164836	-2.353757695133213	1.2127167439609912	-1.6023917206810445	-0.22079115611830916	3.88497450338581	-1.2903695605962715	-0.5322763032194522	0.7489485511945024	2.441528925672411
DTXSID0046480	13.76899510909076	-4.632690589004692	-2.614894911554951	2.6241208236039792	-1.9166434667833725	-3.354158613830834	6.304593742403697	3.785117539496815	-0.07308567323015354	0.29057677480821853	-2.0480827708925333	0.7142577766203311	2.870369018878095	1.4248208636447774	-3.453676437958319	-0.5122222397880927	-3.6578441145702647	-1.3948828402245568	5.751602742866541	1.4287119185626742	1.2151932990852103	-0.21587215187257813	-0.39673470457883464	-1.0878024966945292	2.999369152308146	3.311736450968162	1.1758878970808875	4.745915780620687	4.503603673234505	-0.10184040057516551	0.5094005594835957	-1.1187121707565624	-4.310349203125158	2.7967895074386617	2.484988981256523	5.553142329565673	5.772328270086697	-1.8828790351718747	-3.302933875593094	-2.7703874474237304	-1.8395151866711914	-2.991833514720594	0.7152287147375628	5.197221812498339	0.004199702529856645	2.790172919402249	-2.1280489087957037	0.39467091917523633	6.295243044750168	-1.4520412214734941	5.3533777240468865	-1.0945263929915297	-3.289183744449326	-0.5616238278611775	0.6677884789063039	3.889882036829019	2.4061397688665007	1.4356856922135512	-2.4569699256940245	-0.7298624174244598	0.5032340558780938	-1.9388979697683464	2.15730356265104	-2.7518225360214688	2.919368817106003	-1.2205655225001457	-0.8956108778883483	-1.4334014939034487	-4.016833281767494	-0.684569546052174	0.19374461618408417	-0.20753824993939055	-2.175174063452153	0.02897633564560874	0.7179855165431389	0.22122867556465864	-5.837402727825356	4.7867824508396914	1.8737448207808725	-2.362712558964148	2.0498193683174475	0.47122492583944126	4.272939531802378	-2.3216364097781756	-2.0937326939594754	2.8713326514834523	2.68509613123285	-0.14519365011218238	2.181629227855602	-2.782782136710789	0.6826836988920263	-2.5493726430788777	1.3203090178026422	-1.5690021599630726	-0.6498593506826293	2.9857472964210547	1.0458602104197658	0.6689910763981054	-1.2510787877503833	0.9608476864267991
DTXSID3046827	14.789659815099032	0.7889791067798526	-3.2842163902096497	-0.8778606378622316	-6.343160837020889	2.628726928539822	11.254555674422305	3.3731756417625123	-4.837005502864476	3.3297095480248378	-2.350516745400505	-2.5333422192785218	0.0508984145040305	-0.15143049945846587	1.6080003797682487	7.45358265942614	-7.226778615045327	-0.3406226037095087	3.5704133257891097	3.3189794808519792	-15.509004078346708	-2.7365907820103064	9.675824093958619	5.482725582419137	4.303686787236232	-1.070269524572716	-1.3879986094395478	4.573837482674445	-3.9375247237178748	-3.0531612739812473	0.6111905217638252	3.6483392339874454	1.0517974385606927	-0.132653775790598	-5.002076254265091	1.1781045886675912	3.6065714881478335	1.34346894370208	-1.2729226696190175	0.9133745610728888	1.1059373631999065	4.9000809381330805	0.10067409286552043	0.15644215047166182	-0.6073237525023116	1.5970940903604283	-0.7313030040482631	1.3159373124935996	0.5902596836779747	-2.3884178093505612	-6.086829030302528	1.805605291035741	0.6686554153657275	-2.491160236286154	-3.1108281181734623	-2.020566593703967	-2.8579620074786853	-0.5360138014100146	-5.219369456238261	2.8051755759157597	4.957709611130747	0.8183667463790498	5.288615220162441	7.248103474373017	5.032690737130185	-4.425784063096603	0.31409855013520577	-3.691991411581945	-7.047843388874549	-3.3627000702180734	1.0793854314062374	-0.3764649946537198	-0.14149112847946718	1.5062992043045464	-0.4017251362436913	2.4751931019975273	-4.319320707990779	-0.16271766769142637	5.891086596335296	5.018617336303467	-0.5853976476528648	2.4631619712252997	1.5667423349577545	3.029445516719235	-0.17088071279126688	-2.0749088919417518	-1.4814354966954792	0.4286784011855939	-2.8792053384794976	4.293961314803296	-0.061068189601502905	4.611746392046051	-1.4955521186600074	0.8132517356508135	1.996802648288443	-5.089344876356497	0.03910161033877537	2.3034924278651516	-3.5833331399996293	-2.817302389104671
DTXSID3032751	-2.3934258784052793	-1.1834339756698258	2.0014448181918136	0.0888084985615478	-2.389650966386539	-0.6362684775481827	1.8563443622458318	2.1919617363438864	-2.4938620921319536	0.03169852172205748	-2.0419077119252163	-0.8356340159707913	0.10343386773737838	0.3668638566106564	4.565693378717322	3.519337310998726	-7.6292078052635235	-0.2571586094141655	-3.013699183414038	-2.2480520163531956	1.660450453716544	1.6558730373622512	1.2367079609378595	-5.0281328198425985	5.155925529138444	5.895954317259199	-1.2164474022530072	-1.1245571265420207	3.3801266668429433	1.0077517963640583	-3.698573995435722	-3.1675810376939606	-1.0434845611420736	-1.463027446065411	3.3697232340588736	-1.637687692897299	0.9114027117561679	0.06608631058783733	-1.0664643377689247	-0.8062517746912862	2.5483743760825224	-1.747005452867585	-0.5465578031332322	-2.5731074445275905	2.338147116969579	-3.7084308310919916	-4.210384519901736	-1.252823186943905	-3.339567262354293	-1.49748532656855	-3.919696240654069	3.8198208647876646	-0.76920186788581	2.346894477173843	1.2689383280325737	-1.3774325243305436	-3.7837594123600526	1.1204955106360912	0.5071328892400533	-6.661317203271793	4.3660495349523	-2.631550671021078	2.1349466690351386	2.2884657630485976	0.004459778790083555	-0.2740648198341552	-0.4689865124902794	0.25268838039929636	0.8329988378422176	5.142974535483869	0.9107167693434339	0.6317702250343461	0.9229046163782019	-3.1341959015201755	0.9040030453745191	4.170037821822716	-0.055102245376048006	-1.75445776391637	-2.0197344054575104	0.6527325189655718	-1.7529960058595264	-0.27048480622710425	2.257048101499208	0.9494552666990416	-2.0492064170200646	-0.5622480595696384	-1.1557163620130462	-0.9773335207306283	2.0904660898006706	-1.4917265093299719	-0.9317757587600516	-1.8381627364490027	-0.1513912947046298	0.3425944785437985	-1.1573682695552956	-2.1266444910181956	-0.0010574266628882267	-1.8728409324887374	-0.07162665008504755	0.9799155173160933
DTXSID3023180	23.64849639497197	-10.556673189230892	1.0451222920075052	-6.7828550701616255	-0.6311830069002409	-2.527657619131663	10.144388031370216	7.777150504910709	1.5963128463715868	1.4079044313602063	-0.8066218622354232	3.479663546550738	0.9893324527700138	-1.2121602625141683	-1.1172962294463664	1.2459757208519815	-1.00872127938175	-1.156577562912175	3.6364370482909285	3.420474851594212	0.20666266197115346	1.0581623423524438	-1.4380021654733377	0.06585667788983489	-0.33759128284941636	-0.8994735092900165	-0.6420451840802146	-0.02262587821319808	0.981571760213783	0.251662152463603	-0.3700277581047449	1.1644586876577485	-0.28292149776031633	1.6209366798620533	0.37254084841753565	-0.37960713288004966	-0.8022680143916966	-1.0513942383003527	-0.2069500168215754	-0.17522181784457397	-0.5841519318060264	-0.10198001304146775	1.4461973081186121	-1.6446589130915923	0.04375823465018591	1.3200409949859504	-0.8065357814680443	-0.1606804562828201	-1.289030826799815	-0.48271209660670095	0.383805510623549	0.3631003591494639	0.06448437377473312	-1.1870442048683165	1.1053631752236066	1.1752260588666215	1.7084572021061923	-1.6952333389961485	-0.8041943406601642	0.7174259263805584	2.421398021779368	-1.2497692636520121	-0.7949765617687069	-2.2474066793336167	0.9883159940918221	-5.1895023443167965	0.3970607569097889	-1.7573726848836086	-0.9728802624451125	-1.3658570694950525	1.0597059643682365	-0.6620489706948006	0.7599997852748612	-1.3394433109085344	1.5407666279419507	-2.0340528346365643	-0.6767465422076772	2.567823991160395	-0.14647451802332806	-1.3771039225667066	2.50382761423336	0.19429955743673027	0.3304897390990357	-3.7389855556833167	-2.4664712342650765	0.5110397076036735	-1.1469224594080194	-1.876007274382228	0.6774232858556023	-0.3607009224772837	1.3847739782299568	-0.23541468246018663	0.5245292889584037	-1.0203481930512006	0.9751617994603267	4.747396132422341	-0.48232442748975685	0.24772683332563597	1.0603009324371742	2.3760668264740623
DTXSID4023416	6.22533264255722	-6.416098559943064	-2.1651499275280304	-2.0511089906484985	-2.6037745421680847	-4.888584502634401	1.6899540604320589	3.344263327531701	2.3406502063511403	-3.623045559461958	-0.1991711372716144	2.400666978236984	0.6706802650201664	-1.5974039092539742	3.1322457234468666	-0.692858368065188	3.7147058703953326	1.6075389000988793	3.1214981414985403	1.7143127345067906	-5.852689047645829	-6.070639166144694	6.415280754634376	0.5400089464074992	8.9495046648934	2.0220022181295576	0.5814807655204972	-0.16109330954719203	-1.5792446352847547	2.039945407029796	-1.4949488511185212	3.0754734044329624	1.2917799415094005	2.213077411329024	2.151799474240447	-1.8330410771344705	-4.952188568984857	6.784893641375089	0.7434511330023941	-2.30183058315376	-3.6954339686184	5.743468111163015	4.007039247393077	10.545995549606044	-2.552918055795585	-5.366496982505659	-3.650436256076186	0.6657344287303447	3.14734876352567	-1.5503750696741	-0.9582735158716389	1.688778775002422	-2.990328224898414	-3.6620527528379885	-2.9853588568445435	-0.19559922204769295	0.9455445215161167	1.1492468276721242	1.348929674391602	0.8695797705749192	-2.5521786659736154	2.1453954685811727	1.2965306780283659	1.3718887600183223	1.3962421798841134	2.5787796766985482	-0.06783977973802321	2.1279336504322086	-1.8001862330884324	2.4710449932846745	-2.057789387212938	1.1078789172200902	-1.9543637070024487	-1.7521066508532053	-0.6280177697511571	-0.15473543725525682	-1.17192776663509	-0.7325716241797483	1.422093676033809	-0.7777676479936495	0.5464664613230537	0.42878155675943636	0.012008593194394106	-0.503717175057943	-1.51560179453612	1.389011101670534	-0.12244265456106398	-0.6616569333521435	-1.0518353330371608	-0.37355915517009175	-0.4001691159782884	-0.16677782044965506	1.0547883749457787	-1.3106651431373675	1.193702012534433	-0.8111941223596565	0.6696917008386559	-0.006613288169285627	-0.28206162535101786	-0.2875596981644724
DTXSID5057701	3.7794238361043146	0.5016934751964794	-3.2682508557704124	-0.5999866228742123	-0.5847828814951477	-1.8535177036870127	4.409604298064355	2.5404717858505332	-0.88572828219757	-0.6352489962814516	-1.5117382826684636	-1.777302851894359	1.2469394996663976	0.7409640908768075	-0.539565660929689	3.7797209983880036	-1.4329572502147236	-3.323901578256006	-0.30301575273251125	-2.4455015647509515	-2.9563680863016466	3.3086836828938933	-0.6279740654862219	0.7997044586294372	2.378362499107792	2.7183145463350087	-1.4828797355168497	1.939646622393209	-1.2513034472881257	-1.0354750613870585	0.8678176860172517	2.9509961968070644	2.4678769685530844	-0.06669774780697214	-4.8638749192500725	2.143803511600304	-2.3554966911043596	-1.2613896513872516	1.3485921624084043	0.5599498596150437	-0.5903795000499414	-0.41846951034330954	-0.7535435847557993	3.4603392049052424	-0.9085865858383356	3.77409259312237	-0.2887680442105254	5.289464017671096	3.166182266924979	-0.5113825038190712	-1.6018996184378118	-0.9342910124941769	-0.17341399398425783	-2.168262404976732	0.9953853739251848	0.9046218308656766	0.2787164320474618	-0.2874968648456284	-1.746944463156637	0.7224307733679272	-0.5340531993247298	1.4532340379787934	-0.08151145858932334	1.3861031209082293	1.0520700707988777	0.4132202283010179	-1.7473082685805545	0.5075572843982067	0.8465308291356505	1.3762775592137266	0.5674360923376566	1.7383688295402	0.5884959954460287	0.028652403455557585	-1.2107845071618268	0.11253276618354868	-0.5013784596008144	-1.4376530982817446	1.9674140419861836	-1.052940767830084	-0.5329971843745404	-0.39688803236282805	1.6939683966946628	-0.012834851203363954	-2.7003685539430866	0.4195771747510406	-1.2336034996933283	0.2361503468187616	-1.7569776632013925	0.7073266990174705	-0.5612684854189895	-0.3751343107880004	-0.07147089845932857	0.013346866831885231	-0.8245189504094877	0.011731686725951212	0.032379949360585816	-0.3201267371224705	-0.2675328349110055	0.5213409736155176
DTXSID3020916	-5.857155251395913	-1.7411526836163864	3.304580422783944	1.4397071069725664	-0.28425791658428023	4.163411436055082	-1.8912183010122443	4.535280869213284	-0.15200317684315343	1.1099858664597164	-1.5604201016922565	2.0545770425057106	0.5653301434552104	1.368527679098041	-1.790761895682919	0.568278876645534	-0.8847412275361841	0.21742963174072852	0.09486975840718516	0.5089396883232011	-0.7338196528618992	0.3668768188667066	-0.5688688559282224	-0.23806422573334088	1.5475502981107074	-0.814785490919861	-0.06526458621983686	0.422583738970591	-0.6282672797653172	0.02367840092056651	-1.4708498793119946	-0.24340030192646817	-0.6192208764654747	0.41052854529411775	-0.058126923562425006	0.25927445105661545	0.07365966792199911	0.3196425969673294	-0.22389241696930529	0.40458532333686054	-0.33695662023827294	-0.5376944002190662	0.17755181814263402	-0.8384375342055005	-0.1466898850137377	-0.25176091677419504	-0.7855559029751406	0.4458407359155262	0.16341822628097408	0.09666677095049475	0.25489988217357396	-0.5405638389463089	0.612282693544759	0.3564929561145496	0.0462929420232051	-0.3002092996485257	-0.25388397010430197	-0.5260153450070311	-0.31106511185845365	-0.23476533114438214	-0.2660504704793862	-1.0160215879048227	-0.06702622617313872	0.09614733678058705	-0.16823942310630982	0.1272486931607142	0.219314965336254	-0.02582962174004421	-0.08816563927183851	0.26716784590465037	0.30613607522362624	-0.4938341921048403	0.2553246221010898	0.4279925052170712	-0.12990101376547036	-0.3734462040065308	-0.0388660980407055	-0.15597574169610465	0.49701423705230346	-0.010597602601426554	-0.2945539966361376	0.1630835918682249	-0.5394378945465802	-0.2417353336540176	0.6229972968399481	-0.10176064063670093	0.03925375685182013	-0.054586930066585555	-0.20034312860082032	-0.482696836852129	0.06972176249783124	0.15908798376495983	0.292292074077493	-0.13718064788078538	0.24250027835968807	-0.44450256804723604	-0.280277683576978	-0.15340648103037632	0.18789870889374968	0.0679462020614857
DTXSID3049411	-9.838861108813935	3.6232812034794257	-3.171015905681978	0.2419292664373577	-1.2926245392747118	-0.1242483386157677	2.495377919986218	0.5307685350883705	-1.2302398473338643	1.0226118663213148	-0.644532761593733	0.6260016021330932	0.7050262614830254	-0.27652004581206	0.015191642119197801	0.06416846979341728	-2.5887655382651578	-2.4125418605906734	0.71029019113947	-0.1602968897547024	-0.9363840164212618	-0.11586596657415867	-0.03349373487085842	-1.180935064937238	0.615588811680082	1.5265121300714617	-1.0709759967467245	0.12052086664211734	0.3858152401226985	-0.7918350818369685	0.7709041249130667	-0.20421310032029474	-1.2221553017876998	0.6331472263776065	-0.29366682978124997	0.08021739160792143	1.2600274624644612	0.11606559678229728	1.4453527055743123	0.05639853612189203	-0.02598398456157252	1.1781942963915886	0.5619614519396696	-1.1006067024388788	0.4512532982118911	-0.8701218413256038	-0.5440689966552594	0.1366413256301294	0.5651501049106911	0.08641757494236138	-0.19320293775038122	0.4553244312785499	0.08770436504884979	-0.074015641246167	-0.146006157269236	-0.38387443767666335	1.5443781297177512	0.5287905038649858	-1.225552710697852	2.005025833136296	-0.36139183192583757	-0.39362138459164137	0.2469391009962196	-0.8791109973037031	1.1268623175726045	0.934700417370898	0.7841784459044574	0.13137270304708512	-1.0357508995999696	-1.5496358962022925	-0.0267904121232484	0.18541697580534897	0.7073708163474695	-0.5401343410032172	-1.8726972165021754	-0.5093859235702363	-0.19809627033521832	0.5423896288851491	-0.40593851072481074	0.04916681917884526	1.137817340925039	-0.015554709489962733	0.07290093498084117	-0.39510465745583717	1.053880777514608	-0.43177512061756096	0.05371654861061857	-0.3072164303467619	-0.11062701791269089	0.12054770352886272	0.9649449219434316	0.4210135885215176	-0.06220172499179239	-0.456781813921872	0.3750047750171983	0.3146435346964529	-0.48301741155044725	0.4703726004416591	-0.4681886476179768	1.1015140532668128
DTXSID5045673	2.4716049048893214	-1.164096324616565	0.21234515177949778	1.8604621346583694	-0.9619162318408535	-4.439031984596443	1.7439947380033654	3.4734676830298716	-1.5733091881870338	-3.5326069119923154	-1.7197306980145064	0.085815161667858	-0.15012772145014172	-1.3637250090504698	2.823205295501214	0.2744065968331705	1.008001137148775	5.480885509536441	1.3655348740479305	-1.3832663682783715	-6.016685969515779	-6.151421213664229	5.048273151323419	4.406462705247374	6.6217360258606766	0.8443583400566234	0.9207522087599727	1.1144286552323293	-0.5225934511066148	1.1159734904713843	-0.9374724771577955	-0.619529690698438	0.9504850353739828	-1.5569278138467253	0.41202842372758647	-0.564567672217152	-0.20341819498773392	0.8893163063180124	0.4392302721355492	0.06264053689972167	1.8428334597578666	-0.0056342578893673135	-2.5260030048239352	2.195898747702035	-0.8683978052630873	0.5254323108156833	-1.7051507895817177	3.4572310168431417	3.2508311741138827	1.4794637391114254	0.17283254685048557	0.2568045705496503	-3.1798586516897474	-2.3445801336024985	-2.0784484273264647	0.23511008847525394	-0.28054576368030476	0.41654355049562275	-1.283714601749788	0.01306674088962435	-0.6970332896210005	-0.034017056712323385	0.2073273304586842	0.1578751226547927	-0.19023288165586125	1.0879458147621273	-0.11689887055386707	-0.07363577248604126	0.450093296579388	1.0890996736126033	0.17411215927956084	0.4451052072217242	-0.48173087040633433	0.5092559916631789	0.5367954353977318	-1.7143719510542923	-0.05843772035441178	-0.44287123884689583	-0.5206579142559588	-0.00409848204080725	-0.7595641214101839	-0.5127105636980428	-0.24845435646272207	-0.5413117155061606	-0.6157984458768421	-0.48706997582563666	-0.08144133849275617	0.8786905141919356	-0.2542584396830238	-1.081061728133786	0.9867686798386222	0.41955681210985224	0.7511252651077397	-0.10007448319708691	0.3353042828995187	-0.9368985416493151	0.07846811038450756	-0.1159548249517354	-0.18290212948806225	0.5417423169464866
DTXSID8020753	9.810855477591627	1.5726456481772297	-4.604795495990181	14.98446988434837	1.8583235553051103	-7.2638680068343495	-0.6747795349816351	4.717873582517722	-2.0166597729511464	-2.2024192533221543	-4.664918049162803	5.903506797149839	4.170141499380784	-1.3054958932156797	-5.2466026347206665	3.8470169566438703	4.049241018594802	-2.091188903717165	-3.3103394992694453	-5.757103330347333	-5.289574844793491	8.195011481718195	3.8703571145581748	4.1155892293180045	-3.2944519902494074	2.9294044476334373	-9.254445546693871	-6.089443364593713	-2.0300516572207745	0.2613986853818876	2.5179097890331317	-4.661515157621421	0.5872000362943655	-1.5811087488624336	2.351707661867312	0.6503911277441249	-0.645240678856438	0.6967953906852178	-0.08102472605597988	-4.776270352821276	2.564695616775663	-1.3063671940222426	-0.545649459562422	-1.956187356070473	0.8647450265558985	3.7365376639814203	-6.499417370363865	3.224486115236992	4.907994683217732	-0.06096910707008258	-3.306976319846711	-0.8593601096949982	-1.893979848659558	-2.338034077069029	-2.795125704749589	-4.908395432428664	-3.610058186731245	1.4347989481896504	1.9300738900604915	4.09133902179351	-1.995958049818992	-2.1837230099132885	1.5512190318047872	-2.831404948567823	3.9976450102706003	3.840698210280615	2.7943890619400014	-2.235599145727949	6.906114183982459	1.791639618979585	-0.17662781322490873	-3.604022456436366	3.589215720212859	-0.630665067681313	-4.495852295383497	0.5917478956769588	1.1510990323541177	-2.4786235723989662	-1.9723303016426625	-0.703912461390222	-2.462528120415842	-3.0803979503685563	-1.3635290113893856	-0.9533611000077681	-1.7666231973580686	-1.3572357028640833	-3.2436416628005853	0.32184294209572295	-1.3412493576252558	0.6136227417498503	3.4139642818159284	2.9787707504459005	0.5612163654189554	1.21492972763392	-0.2991847212773691	1.6471829341137265	-0.29234040497523617	2.0984945976933482	0.8498353377717424	0.40232020057924955
DTXSID5047661	-5.200715062331253	1.3875403107488846	-2.593203775644772	0.10252913195367007	-2.454277516307481	-0.6850842306700436	1.6075577900719182	-0.16051704847396472	0.7132120655998151	-1.4072528205501489	0.7053456384983178	-1.233634632957229	-0.14107338809994707	-1.0955623355363315	-0.7599454835185406	-3.373384511035613	-1.4149129992964768	3.0952765049819924	1.122334769274333	-2.6980920784572233	1.3616379578925264	4.571535996605871	1.363412510997587	-0.9078877431273695	3.2539646684389507	0.7839606051729149	0.7114543092168877	-0.6762948394761491	-0.936365870001307	0.07134046922095853	2.120846515597324	1.5558248248979734	-1.837660225202102	-0.44627952524218495	-0.7546083661471314	0.8865592901044904	2.596305715780629	-0.5954075510154612	1.6890537364312197	0.06681786855357362	-0.3812071200613613	1.477052303159321	0.28102673677276924	0.43738295876568906	0.21885785517657408	-1.561351744465603	1.3634525054183928	0.5250617094791034	0.5307666949896411	-0.342615228607444	-0.9536357248730842	-0.5987447292397808	2.597060579061334	0.26953557415350193	-1.6017399812647046	-0.3736827006164754	0.7096323492742269	-0.0287841914575483	0.1707613235275621	2.1815061867502323	-1.647715683013917	-2.502025402208725	-0.894398760496565	-0.35067186403645784	0.35398939167481297	0.930248180542932	-1.094164818417309	0.5878634116396358	-3.26304796632708	-3.3042570323128757	-0.3698112139563848	2.450385459737818	3.8122719593734513	-1.5413510210799761	1.8533433414067106	1.4418093841951023	-2.659963323989677	-2.2028229833606563	-1.6915703614918722	-0.8913671708337395	-0.5104457837656042	-1.096248534019828	0.3186315355809469	-1.9531225024156862	0.8453839689368816	2.7103232800321413	1.0040806130137288	0.9550662244463447	0.9987238751016752	0.05994747813190958	0.4249158429978352	0.7336015176891861	0.0069913230747281774	0.6647959971675496	-0.32050082018940307	0.19854782253007455	0.29419999200873803	1.3227819184848006	0.8664619262793278	-0.6900957759991071
DTXSID7046885	0.05988674516487586	-3.0734685470690013	-6.4139482124926905	4.0102882983386605	-1.1082766512009972	-0.04686170095880438	-0.19927276600037896	2.263874260958505	0.9524634434263726	-3.5767289404891187	0.06251045910696368	-1.4909143509676208	2.347309369171228	-3.0329419588230047	0.16392646892002977	1.1475736383152415	-1.4311025889111428	0.4137526554540341	1.734104740940745	2.0143843302182223	-0.5371260381522597	0.020368914304819147	-2.295039876919043	-2.7165982604915846	3.0296175932030383	-0.08050700197127843	0.7998277617874846	-2.7842486122642436	2.661463281932623	-0.9752122961029767	-2.0251767639646765	2.829686755354333	4.311125994207124	-1.6336129954041967	3.2814807210648147	3.520722916554573	1.5001169806159762	-0.16864265364876013	0.35443199773727496	1.0393775404626733	1.0474875294003596	1.0562970062696042	-2.937130303956183	3.008024719905608	-0.4583995257633496	0.7909617449272209	-1.1172076538553313	1.3765447035371394	1.3656564948636947	1.3532710182415837	0.22310774110734466	-0.06649642561097294	-1.208245448875759	-0.9569528251700392	-1.5195358511684733	2.448855125956053	0.46041905562005975	0.8483005621523438	-2.6459607662005538	0.8641331455450996	-0.3837351014357688	0.6601360348564248	-1.0723224555344497	-0.3916094065319839	0.8779914064645129	-1.1369236771747127	-0.3174550583863928	-0.44668679061352684	-0.22983448697776288	2.5042519470073206	0.984163932985873	1.4190523690204278	-1.7389892929010657	0.7216116957082941	0.41814761593101624	-1.2620850904832939	0.2548368445962772	-0.9363829797382909	0.4863860266240572	1.296843071508215	-1.1795651540255683	-0.8190507098944374	-0.7869069132186371	-1.480673099788348	-0.01719744962595456	0.5168333357171742	-2.4148929969298307	1.2117562873067649	0.19959090145098138	0.4668935266441059	0.05556175018047751	0.6265664872694193	0.05198487001146944	1.0753938890780887	-0.6836601269316135	-0.06193782489352906	-1.1327410428943863	-0.9132623526620708	1.1240992613361915	0.47779624558070277
DTXSID9057846	1.4251990726224077	-1.5086554582141793	-0.380609280132798	0.4725048898681003	-2.509379918310413	-2.791765501313444	0.3674968156181944	-0.5719664864386838	-0.924596362859173	-3.579158472154847	-2.19915736131752	-2.677950192207984	0.6140258736310048	3.847140671178794	-1.3714421626935684	-0.5813436639057964	0.4018664880878669	-0.6188340172412313	3.248047593116317	1.951617167256316	1.8803464706529391	0.48549895474847987	-0.5936637939973203	-0.7512520504845948	2.002026510919592	1.2124945526501183	1.2030219413402246	3.003585552097679	1.528963428673915	-1.3409901020332902	-0.763979847369832	0.43350676754671147	-2.2447116557932363	2.8025213407353733	1.8650550822472292	0.5386962003195351	6.564489338348875	-1.1501158119079267	-3.511416666018901	-0.16316245629661333	-0.12007999964357736	-3.092340049327953	-2.1165872209409846	6.402162496321622	-1.8395490067721738	1.807047151202155	-3.4921053572426515	2.7110485433866742	2.6712081742284624	-0.9751459841789016	2.1121688556933633	-0.49568654380742294	-3.5193113927579067	1.5070152408275665	1.5863110059681007	-0.4521445448372967	1.403451480969343	-0.6889492586968011	-0.9623474780824589	0.7915527040921769	-0.8387336429190099	1.1094384186168604	0.02764277940611178	-0.5188020538228029	1.0182704655012724	0.8986710290917675	-0.2918950175351439	-0.5975326868149105	-0.34472126885539556	0.9081616013832816	0.018040852608272515	0.9496869422581278	-0.9453254184130306	0.5276458043028264	0.9161107479535933	-0.31039420070133483	-1.6476103081243678	-0.042558449076363816	0.9522899665657913	0.6441648405736324	-0.4337774073320882	-0.40220221169481113	1.0022962596048435	-0.2532248802513301	-0.24606287167058405	0.938737032811331	0.3071907289615356	0.11685522066091633	-0.5512033085312983	-0.9273137302753136	-0.9035339442548348	0.45253296834011086	0.8580444396841388	0.5291325249175425	-0.20888747828397763	0.637458223625449	0.04586642199771101	0.18360908608188517	-1.1141982270907633	0.3886108071353991
DTXSID9020166	16.088924887962097	6.894065587625101	-4.353491777750114	-10.363136099774259	12.766450444096161	-2.9230410708591825	-6.84989181539554	-1.5895519143549648	-0.8508400806619939	4.4880423571425085	-3.3330951688550106	-2.177590919763818	-4.322306639901728	-4.9894214047771746	-4.6329748587299315	-9.151686949020604	-2.422844530587753	-5.7664783790019944	-0.2550921058102992	-0.9797336477478564	0.24624850903403644	-1.756938281319318	1.0173939772740317	2.135661129575338	-1.1389827508194852	-6.282344077228266	-4.714741723047439	7.057780500963438	1.478554555539037	-3.944065972790976	-10.782825350966109	-1.494598922004503	-4.271046762201951	-6.312336398144878	9.759178267836914	1.9706807934498092	-3.387951198795143	-3.397055435139268	-2.820405254534642	-1.4661022241121997	1.9600882561393376	1.4509781255315015	0.4041939493673887	2.4651242588600315	-3.8405961494137633	-1.2336799208314038	4.48097795143284	1.6837772337091503	0.10492286420345541	3.5688556812249046	-1.6278864568536127	3.451582454598263	5.109353390613243	-2.6607486633808763	-2.5977080514620736	-1.8434474677188781	4.347557272709373	-2.957118829544677	-0.1685477425848057	-3.714847117483922	0.4919703092508274	1.9054863523357328	2.2019116498354308	-0.30328825443754037	-2.035332392026486	4.763544850035	-5.994847893292236	-7.057349586833864	-4.735675450369047	4.2057486832062185	7.867347189084511	2.4609094595727354	-3.782492512268426	-0.6141684826089163	0.04301955952131341	-0.11596946978474064	1.0821396237753769	-2.4699852363322314	2.0633714355154513	-7.633357450606629	2.655313140671128	3.09969570255596	-7.733523295248374	-0.233473378061234	-2.4728399703876947	1.3781810853769525	2.1602631869514073	-4.402402561079632	1.0120507080285857	2.5128829219611304	4.82405641550556	2.452354191486161	-3.4600258991121096	5.9684139208960785	1.3635561801700455	-0.6367020072405388	-3.21361431752012	-2.2951507388234154	-0.8853930894582506	0.6759143668717823
DTXSID5032442	0.9504844226404091	-1.702384138440824	-4.1306156105408744	0.6777708482434577	-3.562179105130663	-2.5904055333453386	6.17563639046848	2.8727112911652566	1.2617622462503977	1.5864778880165025	-1.854931732212768	-0.434631604033744	1.2419350462812246	0.5354802970773953	0.4848808866355678	0.6549780515706481	-0.7140643164681444	1.373118548125844	2.9401508286357023	2.518436748527957	0.9297727503150008	1.8922330942502545	-1.4872612597609207	-0.43838212100223245	1.2988804586772174	2.0346146057971537	0.37411138535922117	0.017834348092304303	1.394589569733177	0.5779145558129791	-0.9619084222680154	1.0986202199661068	0.4977214690507739	0.864622466854751	-0.08670649008781518	0.13691035904280663	-0.6681215514581739	0.9403508156695194	0.42321714401660837	-0.9040170107754334	1.1001168558557755	-1.2851804209875335	-1.9574862227184804	0.5973104317635641	0.3531578642955906	1.8707069864214507	-0.3346848023990572	2.4175876936252902	0.8990951043863905	1.7120380674333684	1.4361565746701874	1.723134701972265	-0.58696543007097	-1.5693146965245	0.5784700048110458	3.5294613278058016	0.3956592461547419	-1.253231597419736	-1.5394109242197254	2.9709789199461265	0.056897621014094305	3.05876335981692	-1.6858901166453089	4.182621070244335	2.5816026040251208	5.080363549055924	-2.117056229789747	4.700216430608356	1.4111330591579951	0.5451280342833393	2.176627609599714	2.6631366873690707	-1.5809088920417735	0.21865371891397445	0.8182767079619814	1.3955922570362678	-1.6128741119455672	1.3716303869748758	-1.0748650471394283	1.8152498976640765	-2.0587249000449863	-0.9740201593533139	-2.6161264744703168	0.8273149561159993	0.2167399698032138	-2.7571281093905813	0.8468464849154489	2.4677956577545825	-0.028933873040091762	-0.7848110993477806	0.9136678238605339	0.6312558810773041	0.32470799525017546	0.13397621886601624	0.10235695625952647	0.010405507793487095	0.23996340218937415	-0.7686420787894231	1.1344863145285426	0.8229365902929053
DTXSID4024729	-2.515629722746186	-2.679318216031107	-1.6871740945055362	-0.29848852009385063	-4.112224577291971	-0.1120945947344265	2.246519864546211	2.4336697255866198	0.05714322059994435	-4.431579473073067	-0.3211575962448737	0.5673865448334445	3.641637231968807	-1.59826168645031	3.041656754113834	-0.7653883172552495	1.5858960449245163	5.2512995130151925	2.93576156494043	0.6823022795201233	-5.1280331072751215	-6.3528134052857865	7.004777599491197	2.720161882644689	5.309537318498942	-0.14732998609062403	-2.5066561621881673	-0.008404699618545742	-1.1556309122409112	1.8028608206460226	-2.2304551894125026	2.2412715612281366	-0.5332202409752483	3.0814853488219494	1.2744016595869714	-3.1987071250921404	-4.044120656694276	7.5087894700683995	0.7591926380327131	-3.792431566745969	-3.7057571412734687	5.685394278721389	5.307868387312296	7.5447034247105735	-1.5415124991430291	-6.549278485753023	-2.076470831724466	-1.1907175320458507	2.3083773487775403	0.6423594982140249	-2.530922244907561	1.0517394503616222	-2.0003700001906792	-0.24111649458350018	-1.4112150697883101	-1.4151888078445591	-0.6532107340414469	-1.0202191813837764	2.838537278948278	0.8161125724840282	-1.1877759385793634	0.0587353668924833	2.624218677461148	-1.1122550813661962	0.48447262722268364	1.5313607597180632	-1.6084050218813033	1.6541657742581461	-0.26031226921760214	2.052998413101142	-0.795612161555813	-0.369901145430973	-2.3318779971980192	-0.5798852768553661	1.7575706669033175	-0.10080079777517308	-1.1162427208780785	0.18731001205541437	1.2002132210565413	1.0521532864919396	-0.07064784188137391	1.7870365926831477	-0.9146372752250952	-0.6818056908470421	-1.9034021947404194	0.9169940275977722	-1.111629248911231	-0.23503603499551254	-0.11866526693502152	-0.7231804264461376	-0.8853093788737154	0.36384209261921185	1.1729431614541344	-1.9498998173310043	0.9588742620011347	-0.36330470296957007	0.9954270089756009	-0.17958969819868942	-0.8280549340231032	-0.33326957574177984
DTXSID7048613	7925237005671672.0	-2686802934461702.0	-699367242407589.1	1.1833313439348606e+16	3094512109124619.0	-2818945624048232.5	2.15701578046185e+16	3954279308523918.0	-5220700268200700.0	2.5204496143573388e+16	-8219412070769366.0	2.173518417937645e+16	5197931185066979.0	-1865133733440571.0	6729427702837001.0	-1.1143583377136214e+16	-7090974384452750.0	1.1673093143894698e+16	1.446206750513217e+16	3921784011480441.0	1.1037532863714024e+16	-5409822184026434.0	-7284762319129864.0	1814823745640473.8	-4232407073329933.0	-7249135996995956.0	-3582311728783322.5	3741092575185153.5	878723025103265.2	3183781979606831.0	1039065286091240.4	5002000463643354.0	-721990635348678.9	3002274591189956.5	442647193058077.2	6170925742769430.0	-1671489779735035.8	4313471805857796.5	-3542528147486994.0	1215797216187561.2	-321827350152021.75	753929123605769.6	-1539542061438270.2	-1281175347808796.5	-510510788069746.8	-418912507878507.6	813033501789593.8	-2961842100865100.0	-405614171058827.0	1975626902651180.8	-275262544668794.72	-4916805806902748.0	-4326066746003391.5	-660224661526139.9	-1054005091818702.6	-1692154281101255.5	6167122369364004.0	988154756095599.9	-9115556013965958.0	-3305714041837418.0	6607564888469335.0	-6337720096335840.0	3507358749761216.0	769474739356217.6	-5377862229824365.0	-1.724417554625812e+16	-1523094612340124.2	-6859077135916418.0	-5512134701619716.0	2048993223518224.8	-6072905185201151.0	-1.0328575898081092e+16	-1967787347907234.8	-2573298319946817.0	2590843251501950.5	3669161162026218.5	-1.0660363774757624e+16	902019902884747.1	661527831527754.1	-1.0432227485594812e+16	1.0970342997592678e+16	-9733276840252882.0	1.3827037447331756e+16	-1.7062950823195344e+16	-1.3309309951468256e+16	1.368760656536619e+16	-4232941406240927.0	-6074076868485053.0	-1631625464893229.0	-4071261197757531.0	1437627765888297.8	-1.117785894906811e+16	3916391830876506.0	-3313091902059554.0	460169822243039.1	2.4318919334724676e+16	-2377521056242440.0	-799322261414981.8	2707050768928918.5	1.0732815492237232e+16
DTXSID5041728	18.980108550086253	-12.166515335604615	1.5055711634106235	-0.004923725313310122	4.487939008843838	-0.657415483910859	-6.882312439178955	1.1684987107857796	5.596077323778959	-2.4892953640899123	3.7430954474111107	2.532932070878618	-0.4981897913940618	-6.6290032547139015	0.6524602793503806	1.7560389055249588	-2.8400381059103323	-5.273953271350007	-0.02442041912231522	4.506581465544881	1.1465968332799041	2.082298467013727	1.309362110017803	1.0976479015415224	0.47558384454568775	-1.8955100785142254	0.1550839657942623	6.024391023573275	7.999441570212666	-1.85768564415602	6.4806156322990836	1.288634960361459	2.900784532238091	-5.467340319802357	2.352050503225471	-1.7790795732043012	0.8423771772519171	2.534744175269365	2.5763114836136105	-0.7016294811080384	1.0498250631495927	0.9278057651154755	-1.1654708032903003	-0.49348823187962654	-0.343105472772607	-2.1893005788035658	1.0835299316678015	1.564412165374568	1.0214968160475628	-1.6480073200694134	0.02344638637106737	0.8063503448700264	0.9265611178347515	-0.5898335943489394	0.11720809744462299	1.4567474924583015	-0.16253961637691433	-2.8971061197141776	-3.3266607002135866	0.2539642627617466	-0.21001423901830257	1.274747998339259	-1.9441527782996384	-2.9691092563985717	1.1948999589640918	-0.9288821182841988	0.3312222062844141	-0.1393654065679832	-1.3150568491322374	1.8480797899376107	-1.0934928574938971	-0.34872932617298896	-1.273134286097192	0.02973436366270748	-0.07775787201262536	-1.091623603585682	1.767561072071857	-3.9204266274224957	-0.04148119765487857	1.7419762879208984	-0.971827103148139	-0.936466500929851	-0.7464624240123318	-1.7266697068879662	-0.3658634522974583	-0.588503680246811	-2.4285102667514127	-1.3498525084903952	-0.08282528656286407	0.14761315163004785	-0.08534519972627715	0.325232126402774	0.017611078753053303	-0.412567040240225	1.6530015683198476	0.509704394069816	-0.8671435459297772	0.39985410254594383	-0.2910249006359818	0.9244964894072392
DTXSID9021425	9.00132408021573	-3.9768969264819782	-2.2873367346554647	0.9608115640142929	0.22373306626362	1.8735777441020105	8.33512888965625	5.963777378571475	1.930742569343873	2.791216258573082	0.27145011245941303	2.4266910797527963	1.991562367476141	-1.4964315101965429	1.334535051205614	-0.4167756143849966	-0.1764272193542037	-0.5771823957985793	3.3850379196613574	-0.5446528182167949	1.6924700222628413	-2.1741509409364	-0.7657445385482751	-0.6516342722341968	0.1983415783053154	0.3395123610993658	-0.2250522924325328	0.828737877705493	-0.6948551729399156	-0.5524604100017446	-1.1020036777730022	2.077025806731114	-2.0921106298360588	1.0034912600522945	0.8030414484695957	0.5258285586655461	-0.2480624107267285	1.1784756188272052	-1.97756908382984	0.9414772585988522	0.032665316165394205	1.7071377916899777	-0.09587588248479113	-0.36447892679208704	0.4093636740003	0.9431454085838991	-0.2641161808002798	0.06020605092049626	-1.7276072311514303	0.9797403604256874	-0.6654599671835326	-1.4110008290303226	0.4751812529570408	-0.5594374767298761	1.880523592271256	0.7032476127394188	0.4650295601625512	-0.6251109774540651	0.6568905269184587	0.10519380980238516	-0.42183014843871613	-2.741482157113993	0.7593812953346963	-1.0475141810539133	1.8903892711235428	-4.739950884895465	0.8279154055548912	-0.43279826544771194	-0.5423743615573837	-0.11205358929201233	0.46899381738022733	-1.8681295413439019	-0.21337673598791757	1.291161872254953	1.0522251698321494	0.0013696517881311451	-0.6520338195627061	1.5684231321715658	0.8635440668036272	0.8449999491878482	1.5933968380543302	-2.0953110770677954	1.4116406025514148	-3.1651155468599472	-2.8545606328468933	2.6331937262478258	-0.156796360512043	-1.0903944283473914	0.7147345039620646	-1.076606156785988	1.9626289144553228	-1.2364933872603783	0.24729494476896235	-0.9824241407981391	-0.27133320956830403	2.917448351353577	0.5793896780832473	-0.519970927917977	0.055656559012743294	3.2627598730844687
DTXSID7045360	3.7520157049876786	-1.6709798922836068	1.347727915983022	-2.4066977410000012	1.5672004235493076	0.7344831850834449	6.073575508346582	1.5907248651704964	-2.2386914098517137	5.853515732021827	-3.6103414627867054	2.813806125089733	3.599809303895658	0.6382592324741807	1.0441107915649603	-1.8945676218934193	-1.4630761609314729	-0.2580394946033647	1.8223000972923873	-0.09174008496758075	0.8811472066774219	-1.6426236109720052	-1.0274248970451811	1.277228135037743	-1.1712956182619325	-0.4048312144464553	0.3437775111850473	-1.8383374450623648	-0.5048511145155423	0.8342943950255728	0.9487493086959633	1.4946497003129269	-0.8129541220410036	1.7215329677168356	0.501942628087975	-1.2611687680611294	0.010683899278221427	0.7029326775057885	0.4868882771665012	0.463336696923626	0.32722040619808324	0.022437343568294976	-0.7653938989784879	-0.6391701473965722	1.3220775632708763	0.7709227890010178	0.22667624832965824	0.4240328376084139	-1.8876469217721976	-0.25060044159814426	0.9088636310838442	-1.6866434544799638	-0.6496562600444428	2.226994546863565	-0.8056274888738244	0.3994064079001996	0.18752406473399152	0.5397029823678623	-0.5587381022045151	-2.177330015614918	0.35815760730159774	-0.20676171360321013	-0.5285617061484092	-0.9181327511526906	1.1441346008914148	-2.311714454918637	-0.4737602122887841	-1.587854375688178	-2.0344854278833027	-1.0059259102609324	-0.4486745027264824	-1.0135642443971211	-0.746654746376531	0.31285320802627	-0.8427826889315962	0.474013409117433	-1.370583255691121	0.41157344669731855	1.0415156394294398	-0.2634695438334884	2.393012191164603	-0.9950358526799713	1.6822447765673492	-3.922137066787266	-2.092060375137454	2.586877004077035	0.20174215901933218	-0.4243923591735453	-0.032519859256057757	-0.7576940249676808	1.6860056406292978	-2.286154929488313	1.3109990386166672	0.009271729823985176	0.13651716704472136	3.250980848915289	-1.056842344464267	-0.3080525090525277	0.008765545580214295	2.1136662510550313
DTXSID3021772	-3.793228063205486	4.911369028658265	-0.4069245892070972	1.307570231564428	0.8072581994798431	1.297733464538241	-1.223359709643484	3.2984312216009117	-0.2723196958629061	-0.3101425477885808	-0.26531786702353727	1.1392224149398822	-1.5430594941018843	1.2461318549735454	-0.358554613083731	0.21846558914016703	-1.122697282654313	0.1448132312487608	0.7225373791173137	0.2873539128885769	-0.6184565689675984	0.025916928105330427	-0.2992438184658308	0.39650074281074044	-0.5693518502529658	-0.5325828918632652	0.5930677127722257	-0.7678432342796913	0.040584106956667775	-0.2576731206748601	-0.6440335606166719	0.042908805589485066	0.22420363824227013	-0.30919153396582827	0.5354349022193782	-0.040220778851929734	0.02765481832509356	-0.40505367810049536	0.32038615793895175	0.14079392650037317	-0.07408901368863008	-0.07423994351222256	0.11209586235768774	0.6507823758433272	0.06626944783526754	-0.8070986872298989	-0.17782376068193653	0.49706113574648153	-0.1873687392470104	0.5649999113296778	0.10300186768554398	0.1275392997077684	0.46844610790422025	-0.29369225555753126	0.6131598642925867	0.20727743830627576	-0.462519684318126	-1.4170314920709024	-0.9146691211543431	-0.350555994763448	-0.8893498875851467	0.375291135499447	-1.333449234726724	0.01743426039928274	-0.6774047889848622	-0.16932505221446642	0.1403962748215845	0.35308988293975974	-0.5802158313022467	0.5697963591631737	-0.9244179894830238	-0.496117937922897	0.16072870206249615	0.43348100072633167	-0.20493501335439	0.0836468860979098	-0.8854058030875748	-0.3330833663452057	-0.12833030976214269	0.19961226721451697	0.47494605920420097	-0.45678366484689836	0.4556080929720962	0.20483966325854902	0.24820295535033837	-0.9255245562514116	-0.3423515004421619	0.6702086862951658	-0.15425981928514884	-0.4252120971203986	-0.04579041098926207	0.5960412102699199	0.021275614162449365	0.09655047364340708	-1.11238621625946	0.5409364742699414	-0.025122721100497344	0.15739387244869518	-1.575884737919192	0.40689886302997286
DTXSID9047047	-5.3630797978344384	4.846114175943196	-2.4016676083109547	0.5174650156979187	-0.09488532869369794	0.2180413167570186	0.7088480973724021	-1.4592786753649938	0.7762495170281223	-0.49707652160434307	0.5201628385686148	0.6909419861982451	1.6590349917959426	0.7531956856611601	-0.16243326856489645	0.004353818252652457	-0.15529669852328296	1.4178927130440846	-0.5441027011983012	-0.4775918599455017	-0.7498437682087797	-0.3055657889376781	-1.143925160512405	0.09899070435568187	-0.21428300792504532	-0.1274787111243661	1.0862796256086094	0.37298790405627563	-0.21600260766584603	0.29440331050602153	0.5578277851755584	-0.14318582611886502	-0.0648767692193315	0.6242382149279702	0.39766246481133805	0.3023875086719192	0.5606431993013686	0.28293764179799036	-0.47504766784171354	1.4423658480151427	-0.004795915333875898	-0.015976886487366396	-0.14042320034662675	-0.331547638320852	0.0026467397580048667	-0.5695989372614512	-0.10786443105507251	-0.017005828003715494	-1.1552459602225373	-2.2838008041666185	-0.6999536540155197	0.4355622259712622	0.4743363389322492	-0.6027562387095677	-1.2270924421737268	0.09622997635692328	0.7656679020421554	-0.8943020263556205	-1.0254440776104679	-0.3479078827519603	-0.45235733562530345	0.340480608052277	0.9535034983525057	0.23376426181337112	0.7133982512537939	0.11235008008307333	-0.8384466730017214	0.326012527961282	0.11088903320860322	0.3324757023924194	-0.1008951846080715	-0.7707585634863804	0.3555658312980706	0.1331580223850055	0.6210647940449735	0.17883064226669013	-0.43855520517408164	0.6392379262010497	0.4623497101727904	-0.1248105415584999	0.033317861589683286	-0.44641112835680097	0.2575035410032741	-0.3730926110296097	0.5620963087815581	-0.4322652796023559	-0.027363332829797138	0.378727066665222	0.08632455579495502	-0.09757578916633197	0.6805385932349416	0.0035186024685553777	0.05261398342622492	-0.30881153847393367	-0.4267177192956163	0.14330067662848	0.1720309335228968	0.08199712366149652	0.11941971648114809	-0.13957341091902384
DTXSID5022801	-3.864311259811942	-1.7840624329368853	0.13726130884289764	-0.6241114351069696	-2.8208259207203685	-3.9075344405795582	1.064885102282656	0.23363501860507538	-1.903865608444753	1.264997617134346	-0.6391445431765048	-1.4313122690502262	0.4704082248381464	0.8904308330690626	-0.7551722908870785	0.36621185843030296	1.2284481981974051	0.6520633227312816	0.721427294402229	-0.0322988310397768	0.8245583669057124	0.5284129337757116	-1.4033108862686796	-1.03026059643472	2.09862955537363	1.7671390229991444	2.526082645903106	0.1428411670507502	-0.042721007293410114	-0.11162606133923496	-0.5849220692927434	0.4106382397993321	0.8906295308309938	-1.3682277735771047	-0.3916802247044627	0.1378990297449086	-0.3434612651946292	0.4483067605582725	-0.3914193204530542	0.4110806977038291	0.823419278157966	-0.500601051997549	-1.8644693375842118	2.0897618464001595	-0.6495729591488028	1.117326382465644	-0.9152664412097921	2.4668129021728347	1.5892513403595099	0.2700010262792829	0.6151127253462969	-0.11627991247564463	-0.6565807194603491	-1.7369972668534348	-1.449853521985062	1.3743714122108648	0.9789203809301732	0.6793478133953922	-0.5237866505571211	0.7221823576799687	-0.9538359524556093	0.2822069442974281	-0.36618927404785656	0.5318290102234776	0.017652762033926146	0.35454040176799057	-0.48329701867403957	0.26174232841646994	-0.17964960771868713	0.42780025189017085	-0.049255835166438465	0.6195821429572222	-0.8165924928444043	-0.10325215525690042	-0.14903525020922376	-0.3871922772733408	-0.7292222025682332	0.382032205145803	0.7484328619859871	-0.2429554550165145	-0.12291021256593827	-0.08135473247600399	0.060198000635163444	0.07174168889086492	-0.7571531778658765	0.4035147910895348	-0.4185195947794019	0.09858554593405464	-0.5008378381624692	-0.5016128366590783	0.06790012265052174	-0.17060632733095546	0.1370663825881784	-0.08621201972953557	0.08931476275811025	-0.5303026006274252	0.08163529181446416	-0.47944610595715936	-0.27733646075545687	0.06963248023213808
DTXSID1024916	-3.3339898860032693	2.7551292962505722	-3.704757692592508	2.6751938570371587	-0.8584956334517594	1.3133717281640862	0.962195487297758	-1.2323580683038564	-0.058727336599777726	-1.592075604696452	0.5997124779799468	-0.2707768956093086	2.1580369565102946	0.03328193352234574	-0.6496338608316631	-0.04390832894452559	-0.14203628691113215	1.8863813169817316	-1.1522584259421362	-0.8935638915415273	-0.33571955460461317	-1.094855256094812	-0.8219648219826268	-0.23856824152968223	-0.47032499130142114	-0.2762727792211791	1.5238424065925147	0.8563378327245786	0.04372035858600926	0.3816449660997208	0.31254173999955287	-0.12644665042470055	0.2037761300677018	0.40795207325091354	0.22250139320627504	-0.2615546573839911	0.8622266109532575	-0.4745771588851842	-0.1988785993184206	1.2709318666910494	0.2959656919287727	0.44002482983282104	-0.4927321377211237	0.3895230172404836	-0.025223853831864856	-0.6375297225561645	0.6528215153864849	-0.7361644172349013	-0.9462236707165969	-0.9830249153719023	-0.9492618836569011	0.8522496266962811	0.0013435386040722514	-0.23103346063751987	-1.139405687983261	-0.3108254528257852	-0.5685731030451303	-0.39037274848189757	-1.2912511429083355	-0.22379906422796317	-0.43297196082561945	1.3102473056156623	0.45788139372508324	-0.07379637522684022	-0.6315042021297262	-0.5866608310165651	-0.34857103858014526	0.36983678914725465	1.0351151403235135	0.09352046756768856	-0.1941326620792614	0.14863858774241442	-0.32067123177116874	-0.21646052813753724	1.0842199853009369	0.010623037744318935	-0.40129112327050975	0.08241062197133653	-0.0966323773229384	-0.2762756474464501	0.2644985413390585	-0.09803175716040308	-0.38157714943875526	-0.39188578751622233	0.26380888184443735	-0.40229226150193503	-0.1578105402526284	-0.6747830250173993	0.39201398316144104	-0.5861674852904158	0.07755431189402678	0.17167735470824705	-0.18485685435615318	0.292054853341258	-0.7337705241179694	0.0919741571995913	0.6786586746886071	0.4117538111632892	0.2924903880213873	0.23292417482958092
DTXSID6046846	13.446372042061318	-0.17943266286918377	-2.0319419225165456	-2.0054109075310422	-1.9306869975005643	0.19092781470880163	4.314733169841003	5.122742740609386	-0.11277458487054702	2.002506734930419	2.622486522109875	-0.047770631200718235	-0.3488514772979585	1.4914087027908436	4.286273653092885	0.35540892016377124	2.815706841751931	-1.4804629261453466	3.0983918384089773	0.8412793077166836	-7.805609508546241	-5.983253427869283	10.404344461473938	3.3905480752264388	7.708573408840564	0.6532449420479381	-0.5727466106988754	1.2367321096774195	-2.0077201595478518	-3.2150570960932723	1.6340110544525486	2.598674480036382	0.21751365258832048	-0.3490916302637388	-0.5397772206922117	-1.688723462671088	-0.09756713632807536	-0.9515002338485503	-0.45135666103767624	0.9554288258463913	0.7790552235656725	0.9462002760410759	-0.36804815793563433	2.7938633920716547	0.46273516344657956	-0.8994873814160896	-1.871150449746594	-0.7782791851584957	-0.40388207184646685	2.1220609143309757	-1.6832800520626243	0.5539843316312025	-2.425662644550055	-1.423634988928109	0.3121444935391408	-2.3773486825255836	-1.293638664650743	-0.8239399326531263	1.2773824272824779	0.3873481508464507	0.4652492789350594	-1.066739215203573	0.7244489235407914	4.250586372905728	1.0608759862293353	-1.8223931890766472	0.923534386596558	0.09282754093780643	-2.3106854743776775	-2.4704964491118666	0.30135915330389157	-0.7288855266300124	0.5271290306941876	1.7569380561082322	-1.7293151251259944	0.21379646406307123	1.1043374023221533	0.9195830548926834	0.45731849826659393	-1.0221073646758645	0.9493519942144633	2.2657736680041096	-1.1265153156289496	-1.242157004558025	0.7620458547161815	0.6876555938768967	0.7238587686557273	1.140058956854049	1.1389008489548351	-0.8210022645209505	-0.40451396719921523	0.4093634127175546	0.7385665554003773	0.47313649998957724	-0.6867810068231469	-2.2189355474319012	0.07630360196712133	-0.32688826041899943	-1.0969210321464389	-0.5891994337205971
DTXSID0046648	11.911356895458132	10.629582721807509	3.4043888123913666	0.03691912696850505	0.4215872733554161	-1.6744253052987335	-3.0368661069445815	2.6541567927034704	-0.46954229098755923	-0.7393028172909202	-2.1488894024801235	0.6895742168860478	-0.6111930841036021	-0.28076314584466805	0.07636861550430492	0.7323448575638384	1.8948757162448961	0.17691579328114662	-0.24459865627956018	-0.9683569110884869	0.44357711036315733	2.032623414087194	1.1664855274808976	1.8019823292601715	-2.5926752967296585	1.2401180442364192	-2.455338149670962	-0.4425987890252339	-0.05840845719810425	2.4707637683600714	0.9006910837508578	-1.1782178174724705	0.8097107866909735	-1.4383324955956758	0.709595863948801	-0.41383910464125756	-0.9036707138169863	-0.6972248150018214	0.7616874546273628	-1.8738522955037393	0.4659088906532418	-0.9517691395936536	-0.41392118145725104	0.3579646859169867	-0.11903718243229995	0.14257859490260394	-1.3983823591625724	1.076470841242594	1.3014976106777925	1.2772612761280608	-0.8833910480314442	-1.7429870693687328	-1.4411791797657574	-1.2295198350337229	0.7532661298421971	-1.1467287624213973	-1.412196255686679	1.3070521700920559	1.4931122340974101	1.9592733912315339	0.20592699188694003	-0.9494612989618801	-0.9477155786788629	-0.7007632908883596	0.13608892576073175	1.5101775519843383	0.4668161114896832	-0.4358140590347891	-0.304927749431296	2.072376212962428	-1.668480983252068	0.5831638139890135	0.41533572294518534	0.590021922181644	-0.707997134761686	0.08564333364701442	0.12726753932937881	0.2725372384369092	0.49785070016555827	-0.1662030171283947	-1.0681948824761058	-2.646723111140913	0.5750340281542081	-0.02022471509144505	-0.19296207985621894	-1.0768981117438219	-0.2603651546999885	-0.7687941755946752	0.9824866919606992	0.6055143554955392	1.4502081038120844	0.8794034991216763	0.18668120329181404	-0.09887328263985841	0.33844394588296994	1.0832837679448442	-0.5534830568758122	-0.08316448181076833	0.2291133515398	0.46541772176938856
DTXSID4045002	2.444722480189237	-4.045412010997521	-1.3761819682750123	1.4409758357080495	-1.3815676010436848	0.33075610490638313	4.686315343844316	1.9530807588056198	1.0676482209763836	1.1503044112485221	2.11024739407712	1.6812904445327808	1.5312023271355615	0.561860578260009	0.6899665149055004	-0.15514363848861798	1.9682977543744782	1.069726839779809	2.3468702215901205	-0.11464628424641132	2.8803829534102365	-0.6230748967803043	-0.13683282864812646	-1.8711763838092643	2.1651094884444992	1.8408340335006046	0.9059800418601659	1.2719146164813093	0.7770595934236906	0.13475018552994789	-0.024332931840569866	2.133222132445803	1.0491570140733961	-0.32090861228600803	1.2995331298058879	0.5006173743872929	-0.38211291527451025	0.5244176544923347	-0.022898291135380458	-0.684155011609025	1.538381095098775	-0.4642681800502886	-2.0309420902583386	2.301200246710902	0.16595234481916768	1.1330626507334367	0.1862358580304438	1.5833766729699643	0.8869675175698631	2.0208205320653363	1.1248150872795022	1.2145762449775444	-0.9421215623932224	-2.7665513069733003	0.2046405993581084	2.677405910664084	1.0681659233569543	1.0466530836855306	-0.8145290345916761	2.1721531597132118	-0.5191547272849532	3.8547435819310105	-2.231588655916635	6.909409821861925	2.083116642447716	4.119146382347356	-1.0834254535638526	5.880520673529012	1.9800585879805228	1.1954386985332397	0.8277222018219678	2.5914534630111135	-1.3568270987858158	0.15397494309665521	-0.35890466667999743	2.6204457176819247	-0.48579256920452746	-0.4322160479469396	-1.0596037567518715	0.6287218153540548	-0.9450738374629476	-1.8105764770211101	-2.0943917339595606	1.5449265977469888	1.2610952394352408	-1.2952390624233834	2.011393485131308	0.9696593827948553	0.6996454689671396	-0.9036263960724331	-0.12278006229717377	1.1376763676838484	-0.07750653811002077	0.19449142329633268	-0.5528047784441402	-0.04554944123045518	0.006538312814941027	-0.46494575956738415	1.2902373550201751	0.9650704389102466
DTXSID8045698	1.1683602155470383	-2.659651416702082	-0.11233822502052862	-1.994097825003855	-3.912362595716071	-1.5775317151242896	3.3994319688603714	3.2058493603621976	-0.5366097348834283	-3.9511810174481847	-1.9526176514499194	-1.4943542376594063	2.09770729221161	-1.3488782265238284	3.382433814888892	-0.24377751404532902	0.7536623452272219	6.189675568220683	2.9360404190947564	-1.1101135099222554	-5.067374442223417	-6.673597152094385	4.874332614854011	2.5955137848235728	8.162388280940316	0.1495922049251281	0.666954546660215	1.402705699583819	-0.4129484571553453	1.364934517029917	-1.3132876308351142	-0.09187202629568095	0.15720129601387176	-0.8474604033957225	-0.18773413958947238	-0.8412508845960937	0.10651555100031028	1.8398890190653518	-0.7849492238944152	0.7147633972930932	1.8853094582890901	1.1865375392160835	-2.8560001531486106	2.427140699321479	-1.149387940846687	0.9599478924818451	-1.2447072151120855	3.6378320629226732	1.8228824928331082	1.6974197484524385	0.7405391276256302	0.5384682744166762	-1.7658033533316841	-2.42179827749395	-0.7304201535573993	1.7727519733487727	0.029391547507401673	1.4951409766486965	-0.7093463706302734	0.6682261454227502	-1.0248350280117813	-0.15226979756073228	-0.3101396185988544	0.6015842667355432	-0.7647369837056607	-0.5807756373186709	0.23522334524688843	0.4457217755966715	-0.03252859417091762	1.049799611259484	0.1824586479729579	0.8311333558155541	-0.7752243171649346	0.6395751234507121	0.3676553944675382	-0.3017765885180313	-0.9401037595632243	0.4520956041459165	1.219553353528953	-0.020303437576100137	-0.597029731094933	0.2827465867940619	-0.7448639343423501	-0.20484829212319416	0.19307334524011144	-0.10710728491555366	0.10379352088445044	0.30246236504126894	0.6895206948161483	-0.7608956094188153	0.3052981482568542	0.6187680602176071	0.13917993813530302	-0.06473576840526021	-0.9444576521594924	-0.5419538581286635	-0.4638466981058485	-0.720883027276038	0.08765865894148364	0.8840104721732208
DTXSID2021234	10.01688082233678	-7.179205606421183	-0.23920864286698573	4.418124916638887	2.289805975941785	-2.0836989426836965	-5.781026625944117	-0.15412600032001522	2.6901584766107436	-1.9214115646364256	2.0001212949276503	0.8422122057432591	-0.044874454312931196	-6.184023479275621	-0.27080133147269075	0.2338055566118478	-3.7054776505688825	-3.6299686593867486	0.5683570327196069	4.443686405145384	-0.8127333602384642	1.5605108767723876	-0.3497431303873794	0.4756889329072432	1.9308896492424619	-1.51862902548478	0.8194814913913225	1.9688125153768976	5.723008156017108	-3.068711343571947	3.2636802527609308	1.0686582072917536	0.9339231825147007	-3.6487575247900943	0.6855046644017124	0.3349727249931303	-0.9407003414667532	1.0371888347524743	0.517184413402836	-0.38774352078991464	0.0736895003466383	-0.8057775469100107	-0.6545604829471801	1.4387045561138092	-0.0496777115858016	-1.0183246984109349	1.2639195979866382	-0.22881009198257438	0.7380566742740021	-0.5937220821771331	0.16030266580405242	1.8102093568167616	0.3478532348028957	1.4326073602319083	-0.3233208728146711	1.0248561407024417	-0.04104309856622557	-3.2226002453011344	-2.2899970891445234	-0.21024563745132846	0.005438207396219862	-0.13904728402280428	-1.8253880032901602	-2.1166322344448925	0.8584862875125386	-1.1360380870110673	0.22728238049082247	-0.39657764794338635	-1.3626619965431852	1.4687394850385482	0.7416395682271716	-0.7718843262188948	-1.330559109308964	1.4461190629130172	-0.6132608042188424	-0.7710153912139994	2.3367212762634137	-4.312576470230473	-0.2521913148303405	2.0859880585157224	-1.6535847015705316	-0.8002533693389668	-1.7024003601640658	-2.267655833837056	-0.011696185819489481	-0.16968651227121323	-2.860240660153668	-0.4229411783736934	-0.31591134660772957	-0.005625322156537363	0.800427761257266	0.08475706969800124	-0.1401915620160397	0.06568073891192273	2.3830985547530696	0.3201528360178045	-1.6070659105033824	0.08744345664967468	-0.1383306927871673	0.47397909874403765
DTXSID7041623	-1.8096057510019634	-2.0070035013564564	1.6405137001905374	-1.1396271939760119	-1.4059762369167061	2.921840367230783	-0.6809099346566283	-0.5972661991652775	-0.791906482535192	0.198218566290918	-0.14239572797374836	-1.2698173524354512	1.6470968398996286	-0.6570662740606643	0.3770985644656478	-0.6282192674423287	-0.2580205422176597	1.6194117409412705	-0.7032580055411947	-1.027786881195248	0.1302683820806153	-0.9713454720705748	-0.6701125283672632	0.0364364789538687	-0.4334334731719292	0.16953204356319176	-0.5282425126355066	0.07353806555688258	-0.0668795325575512	0.6693122519349759	-0.20779042186309388	-0.2508690191468817	-0.9640861202916595	-0.6162598029115616	-0.015251065314132251	-0.03964402294299224	0.525736786421954	1.6357064780242578	-0.651661896393388	-0.08575929598220645	0.8356636898892292	0.4266322136873315	-0.45601209112612084	-0.3051251843081068	0.06922398966997051	-0.051646975356732384	0.6102160003722169	-0.6079939818886607	0.4246669914477584	1.1293266849222388	-0.31738292182020805	-1.3951947232566264	0.053524568889714255	1.0270268973293173	1.2244697279316878	0.33078674082933723	0.09752598068525434	0.23983415466638927	0.16167983599613536	0.13049020033723155	-0.6258920176299083	-0.021388854902417667	0.8882309186870082	0.4805542141204437	1.1518048303063662	-0.87024266764225	-0.30816968120615457	-1.0162282581011937	0.8022976518729913	0.2815510431872258	-0.5399480847904737	0.9013624316080593	-0.1295750171162917	-0.19531618892347108	-0.30839622906652125	0.40637679960213463	-0.17761095311906155	0.11496213210550392	0.44606296128931366	0.6648601575328943	-0.5566559950540393	-0.06590294642467102	-0.11429038850745184	-0.15043171574497555	0.20375199989958379	-0.3169322445698599	-0.12106133910269112	0.2206332145789209	0.2639042452581451	-0.030588036406576046	-0.17377902906627068	-0.052977764777424476	-0.21554888527621027	0.4266242079883021	-0.31626532329450535	0.37000062411273815	-0.562612377314671	-0.14044897451289642	0.07772309287652351	0.05201839701080924
DTXSID3047182	5.864387577891287	3.0925970417313424	-3.6440308234852927	-2.79634244218017	9.195776942875368	1.812248534850423	0.5893630497124859	-4.165702973770267	2.022282875449172	-1.3636571767314871	0.3300164933903063	1.866004207124557	-2.163914301736645	0.5793181712743393	0.26272875194740386	2.4939147250854607	1.7582661494959344	3.249351831791122	-0.96580179631803	1.0672809050478012	-0.08765928507432458	0.6017411549637145	-1.6248103368712932	-0.877968646098879	2.662520912172277	-1.2344176171376322	-1.101728092066988	1.3427094123481758	-0.8912907372490868	-1.0590766774966467	-0.6193875896871744	-1.1960422206559194	1.1446786903367376	0.035143920226934716	0.4489595641425369	-0.08522162179644392	0.4456486046073389	-0.5533107318194265	0.1612509292801508	0.6056879016396425	0.037934084041693066	-0.8802554536994673	-0.7400102055667644	0.1072486247987717	-0.4580918490659614	-1.3784745406012784	0.3688988985665069	-0.06029869513764931	0.19720576778510607	-0.011255615201734586	-0.14794608935360215	1.053282330933608	0.018336494586545116	0.02654055678926688	-0.5786465513645287	0.7860088062689524	-1.3585328692889933	-0.07398462341772478	-0.4846270373229934	0.0751770570463335	0.115730251826118	-0.23834809760200767	-0.06999330850012071	-1.2087652791641939	0.43013531468427574	-1.1748780222212338	-0.968830562010647	0.009683367568580044	-0.1877047286986654	-0.38117297762725727	0.1279254039613445	-0.4696051325973867	0.22003822035178017	0.136041536341687	-1.459837414482477	0.5698838894614997	-0.28789107039024653	0.7763671449922207	-0.08565336321341094	-0.19099225604766587	0.9111924012459897	0.008762545946724525	-0.7823280411815313	-0.11656344652733838	0.2248985447301935	0.7468799309344227	-0.016534240031128036	-0.07240623980940494	-0.40138686993775025	0.10769143835866404	0.09963680226933869	0.17937919849008227	-0.33403357858605287	0.3246234874927512	0.26601094058743097	-0.768438694526598	0.8280125951283901	0.08952200927997102	0.36456565854916106	-0.5905743648720856
DTXSID5027061	-6.248665914898723	-0.228173298032403	3.8318082473437194	0.9712085220233039	-0.6589976429574971	-0.6138231304780029	0.7368231613517172	-1.1700375562544483	-0.8654405784029882	0.41881868414840523	0.10785433971131558	-0.2682917519313708	1.2215185437241827	-0.7541319192657092	-0.03269270476475812	-0.35734321832128224	0.016922152121576512	-0.3317205051290981	-0.02361190739856122	0.1010114549924677	-0.2737012842712685	0.3558476107143244	-0.039808512168575914	-0.08155953510857337	0.34700325733648824	-0.04572541214071757	-0.25119035861533023	0.25295979218411435	-0.2828890283843902	-0.05030074597546893	-0.015229507973565705	-0.05119911629761982	0.054801086370268	0.08640116291223174	-0.18347600275881398	0.3228455328346406	0.4467253819102055	0.7176104692247548	-0.12154556881459687	-0.22083707669677538	0.08913832105995355	-0.03786361264240156	-0.21445159276665066	-0.9275684782328163	0.038889646005873975	-0.23601670874837696	-0.36626716115495406	-0.0011704641957718629	0.1453551697412935	0.11924548839082086	0.016226133866180735	-0.7077846674432184	0.022245971555024127	-0.0838742616017721	-0.3476560296663691	0.06284979148731787	0.26411829265935566	-0.00018759598888000637	-0.2653299597323247	-0.2584498683861836	0.6084770105057645	-0.4279995061167511	0.20153466554447427	0.3648484474503993	-0.20014416765585843	0.13421770229958493	0.07152377531290086	0.09492387981462849	0.12212663662935573	0.0299052920006493	0.1205613594468936	0.1873198406718714	0.10118069256049968	-0.3215547989442659	0.19365810660498797	0.04068178051121158	0.5177146658478994	0.01330650842980425	0.11050963133694273	-0.10520242235611513	0.013718878279270572	0.05946564168223669	-0.281597452726224	0.0686939734682629	-0.03243506090158916	-0.04505267601323688	-0.2207249950569762	0.235878778584211	-0.13360740324234258	-0.36102050298162536	0.0012557769863709865	-0.17950998109127228	0.37394928125386695	-0.20404930715852082	0.03165300367523596	-0.1401882597861196	0.051817438264109957	-0.05817813852617635	-0.03716747143655023	-0.18459142338374399
DTXSID4021056	-5.696888719760946	2.466544642900969	-4.045850902318221	0.7936006805568648	-0.9189758721432251	0.2329920536420568	4.008532555720458	0.798915629282526	0.7284257190772969	1.1719682004133698	1.2735913770263723	0.5363887801850087	0.7551865694187782	1.1755292349818744	-0.8343819366489509	0.8003458660305619	-0.42610873671526167	-3.7430094086835393	0.4226459848231928	0.35378019294706275	-2.3674611398229235	0.49547606851127496	4.197743792454016	-1.5792406175770877	-1.2276451345574206	3.215657270907148	2.266265543293255	-1.6020985415732945	-1.0149825707024427	1.1814708816637305	4.547338162656867	-0.7595593781513764	-0.38688865459249505	2.374174073902414	3.126041424126967	0.7570970402467072	-0.37080098444112813	1.9695933755438093	-1.0184167789418548	1.893480801540271	-3.113874375644587	-1.875084623240966	-0.014118902231559172	-2.238123474361235	-4.75106090259137	-0.5752447821005232	0.17573621874841341	2.2337886818802044	-0.3856437619948798	3.708562881450666	0.4502952310030077	0.3302207602066253	1.4720672610030716	1.7219615088816203	-1.4623638630492999	1.1272200657507438	-0.34199803422265435	0.4030848759088608	-1.3335589720192458	2.8855677160872855	0.9064283635398253	-0.6214474168185521	0.6803342008774966	-1.8208665479580537	-0.20626434100202953	-0.7889069570563761	-0.9190603452103195	-0.07089339276794596	-0.25986516007438437	1.6750403062822323	0.7088349968538222	0.5619226099987418	-1.0410158607942284	-1.1804934956398319	0.854713899010268	0.7682405594041989	-0.27589851474351523	-0.32853796627730636	-0.6350597872420858	0.06566409845572517	-0.528236096239968	-0.17614315287077334	1.1852910571681428	1.467434441864074	-0.06071242192476624	-0.09376035460239757	-0.0629520653288686	0.6471528216018515	-0.44357474078013565	0.6486311603981035	0.5363519391719442	-0.3794097192803047	-0.7057985640502694	-1.1177934132199836	0.24996999518050306	0.4334278870920472	-0.7373613248453126	-0.7051553090914543	-0.6588755016084857	-0.11389602309916508
DTXSID0023163	16.36746198000434	-5.868149337980811	-8.527043357595385	6.451769634685657	1.8221829375838767	1.34942675924535	-1.4408868264058203	3.0554960591062614	-2.1800852866438425	0.5631896636001114	-2.4774613646613988	-0.9538093322299217	2.7849989539234983	0.626382283164023	-1.698244004595402	-0.25216238822315296	3.809491972029172	0.6261982094811236	-5.406243891164371	-6.57708891666908	-0.389570163498654	-0.09142357381292734	0.9298337344666948	3.0424162242531945	-1.248125815446739	-0.9228721056725409	-3.3432453545738547	-3.5380448918639	-1.1604440331591377	0.30938570198634135	1.3607201355346081	-0.8654088737099936	1.509686248872015	-2.5367997203770587	1.2588973655086217	-1.4897117162985094	0.10378478732170657	0.5975641288376234	0.2919047710577413	-1.952571545175558	2.0514994907012607	-1.8479226351638864	-0.35271654602791264	0.051663082566307944	0.6621968128613156	1.15804624404342	-2.003896866563116	-0.3527681651903359	3.050916523332297	1.191700248355896	0.5945584931082414	-3.1495770390066733	-0.9730600455969619	3.212130829836307	-1.1672239420991088	-2.793448422824566	-1.904029979645432	2.41512018803057	2.4018805164385246	0.4656953770605077	-2.0642996536826987	-1.2210340548712157	0.3929196630148894	-0.5100071250645944	4.555946441025148	-0.16429639859863604	-0.6600890861951839	-0.782223733353747	2.1849067307529406	3.0041205143664214	-2.814844777250748	0.12795394124267875	-0.14993565019454091	-3.772600156111921	-3.075434010069775	-0.6490336392199031	0.6512071937169654	-1.6843756932126728	-0.7295533378898102	-0.4209927615060138	-1.0575365625575206	0.39072203954168044	-1.5226839030029986	-0.6492825555586481	1.112381513901835	-2.5586823985852334	-0.8337763459682465	-1.1487879731745874	0.763111843465714	0.6959411566799352	1.1898595761489037	1.4062563128619365	-0.15749329518401617	-0.21443875728200507	-0.06389256029314126	0.8360582135451808	-1.5415372631973228	0.5475997015767249	0.06507963859989144	0.16740742744565593
DTXSID9048518	2.9948356539516294	-3.3882828842243966	-2.17839275573672	-0.6898278779217852	-3.3823079513284755	1.2263803250933702	-0.6646037007407153	-0.8360138749411221	-0.20733938337955754	-2.7228822815043947	-2.0325758985517712	-1.9324375308541726	-2.970771392039805	-4.540903432193426	-1.7536024448044414	-5.709871936247592	-1.6904250514184096	3.9502104991003275	0.6186551659432479	-0.9053932336485636	2.054479127447472	5.734779230368298	2.215006299286717	-0.9609133700675857	4.299197165437573	-1.0909271847801654	-0.09797037817681684	-2.7902526280166193	-1.2536578295550507	-0.11609330652435056	2.6300072424484155	3.183000421258566	-1.7269960283821857	-0.6024845108130349	0.5060050259673566	0.3179583455437317	2.0660211748063846	-0.6619607690259751	0.6597396363498129	0.7055079287204925	-0.11854984249998998	0.6283237099507314	-0.08140547429762832	0.3344966461345092	-0.532784128862013	-1.6597466767243167	0.3869061597048584	-0.9357559370061423	-2.367939115187605	0.07439640215454069	1.155110785996709	-1.7334246076031754	0.6427246384399817	1.3419242907087343	0.7517042339773536	-0.2511955469048165	0.6265377613763807	1.3881698983347546	-2.703719405487687	0.35631106915187416	1.5423734803444522	3.114057580123732	-0.43529920577573006	1.940615651544137	1.8520179952198093	-0.5405454637265529	-0.3390096741921002	-2.97876008358269	3.6270165606415734	0.3595448817856234	-2.226742178169868	-2.354213802397039	-4.987796696468485	4.292044695336173	-2.7303396041317822	-1.307670713578145	2.391865072575752	3.1447930969819717	3.1355173515673216	0.4487964168844702	-0.6983989616118709	1.0596736827528634	0.12093263740678238	3.6259845524919045	-4.167573572294421	-4.28538390734586	0.5333387991205066	-1.8780955854168575	0.2207955082025033	-0.9494509693075546	0.4357565917310342	-1.533068646103285	-0.27007215647265503	-0.8979091328328089	-0.3610556206807462	0.6162456556226433	-1.2296175231477167	-1.799036129017521	-0.07782442342746944	0.14777444877332777
DTXSID6021379	-6.435111768351199	-1.5375190053169039	-1.060333193486084	-1.223453279300475	-1.3428343343353277	0.12864876102498	-2.714279599617003	1.34925856098983	-2.2053739765007956	3.3659564966868336	-0.8563575868188369	0.6149564343863124	-0.3560133756226263	2.707682190641623	-1.6122236492896105	0.6934578058034505	0.7368203686011646	1.1993526719086498	0.7677775710983585	0.16817417016182948	0.4008659273937085	0.7645645200484464	0.5249999641747891	0.39601451024413303	-0.7241215252439153	0.09168414539499885	0.514043814312518	0.02868018485892863	0.2806401060890746	0.2995622605158735	0.1284060329332003	-0.24275886683476605	0.3292275945216765	0.15478257575714596	0.15439177335887258	-0.07433726008913664	-0.4930406170990452	-0.27527846840062153	0.2733498708025543	-0.016651955052389245	0.09302644968496705	-0.1730814567869711	0.34888793662793444	-0.3389039513750972	0.2381976972755417	-0.17280963515226538	-0.0856761198964114	0.3342889402118223	0.7299176614431995	-0.8014101827325384	-0.8935189196646901	-0.2290510910457149	0.7889777161933058	0.39024675533499864	0.24577441344120987	0.026443971509443765	0.5624491346263453	0.23564342263544105	-0.3917678925210315	-0.0893610857108922	0.028306020015905497	-0.5630211221407857	-0.010871411981117556	-0.522567910218089	0.045530301125860144	0.16559069357285192	0.07321120201755571	-0.07721301260139615	-0.7220312621407777	0.49278762419280747	-0.11816137272212258	-0.31294963130253584	-0.5293773213169995	0.2743920382425898	0.08160062745864592	-0.11802749846575845	-0.1265468410160855	0.4279588401072847	0.16234090788503416	0.08944854146847456	-0.341218576339262	-0.154482103116614	-0.16957064723129037	0.180864191437145	0.1456292481860316	-0.01798957301424269	0.03632156846405296	-0.14965530091508358	-0.22686550548411324	-0.0754454007515955	0.1498151962176492	-0.48327290417384516	-0.14706733231947142	-0.05047101543711289	0.03308959697589683	-0.18884730590903653	0.20487538163993663	-0.008895172447321317	0.08526204756220104	-0.1259419400109225
DTXSID1041683	-0.893969106902195	-2.5692360689605382	-3.1806498755172026	-2.8755245746056137	0.36187512619626633	-2.449132546443068	-2.2455602027531567	0.0782395070274721	-1.3940378345786875	4.114583873251597	0.31742605023667997	-1.7347804493347565	-0.07702059891902265	1.3731673238869828	-0.4200037736710873	-1.6956428363238771	0.9026601203742675	-0.867367376093992	0.7726860832417944	-0.9456150107565402	0.7322270984879727	0.6424823559092373	0.03288826090582794	0.9767116962015866	-0.07903131573905445	-0.4290490650060717	0.09474017660604012	0.6065304837803722	-0.49057189317042366	0.8053219389061942	-0.2088959197901472	-0.45975135459148475	0.4677193331069883	0.36154580637775446	0.2605454614952862	0.04014856802936936	-1.111909814210609	-0.39658057586303563	0.4681566360203794	1.1589448254526171	0.3097702263030129	0.8125097900206028	-0.1850557705664343	0.08837878977432148	0.01734925620164042	0.19589985545046287	-0.7997979711841277	-0.7694536474334943	0.3805393291474398	-1.0506073383072358	0.4276096948061068	0.6036911754090116	0.756482343774536	0.3605780574206344	0.8773812554564174	-0.1134073219021597	-0.6338092629322432	-0.17957808700513042	-0.23456560892266815	0.2402518745887951	-0.0330744447563311	-0.39259898674948474	0.11312496091916195	-0.37083783132180836	0.7585993645973813	-0.11138875429192789	0.3565272240157257	-0.6314851715170147	0.11592378774134322	0.14565958929062306	-0.7574404249163227	-0.4317324513575704	0.5144332213930195	0.47714971391357036	-0.17707439020951957	-0.08565955115487174	-0.41674889759923267	0.4197764447029051	-0.06472917448196282	0.8059773636430605	-0.1092083314565663	-0.2965122396668183	-0.05711910907607071	-0.012291160632719423	1.0625153564208503	-0.18185747574158903	-0.23111149595644184	-0.011465030627036158	0.03345095307081753	0.41477554326927063	0.03201560831220852	-0.4008700528922803	0.45094027509351053	-0.19216118244826444	-0.311798249101263	-0.25681573499356386	-0.14667918579607883	-0.04365079083738712	0.2591468629476242	-0.0847065740961192
DTXSID1025437	-0.9288640077889795	-2.171168085708468	0.5484759564150071	4.8423121172141705	-0.9026107344628403	-3.5326050132521956	0.7158645483685817	2.7620586165509917	-1.3367611271631057	-5.5624698060032705	-2.280205787294834	-1.844132241128861	-0.04407642460222822	4.080895251095	3.332448351587219	-1.5901399843900665	-0.768305888779734	3.8095891814174876	5.455422352965017	0.31333648587456236	-5.790305509986704	-5.798695316884481	6.6119103253633575	4.039092805040494	5.758081200064843	-1.665345917622508	-0.5402676033234082	1.1551929626449753	-0.372175285356328	0.6296257613310936	-0.21134036586476734	-0.3656336194472944	0.08349096433280016	-0.24755994830788403	-0.5492044290847657	-0.697495310203672	-0.27363869520944617	0.9814170741797096	0.45655688946068335	1.0049815753348328	0.4142020436192103	0.8890071319889065	-0.5286363829352814	-0.07301472604825411	-0.38269321578405197	-1.0953645116660513	-1.0734110071125451	0.6151307123688333	0.5210076904282082	0.5462716381344102	-0.45362208159494277	0.792031925125693	-0.0788321281525694	-1.153581151385431	-0.5162258138518186	0.30142664605531144	-0.3878884262051074	-0.6088832522943478	-0.47229929078195704	0.14210223958118626	0.26221757010131735	-1.5482866377113993	0.18397604029998302	0.030446950521560462	-0.9741536194039353	0.24321394693426407	0.13356280361525336	0.31927036757005167	0.5513453486580285	-0.7072492354764757	0.3913798215813785	-0.7706616392718431	-0.08315694300097713	0.44246681786665565	0.44866328269208117	0.07237741267789437	0.5480083428595823	0.02812959363704373	0.33177965060607184	-0.4409367723213472	0.15371870532724952	0.6010132473624303	-0.7692330918101793	-0.27961972641142613	0.3522882079480061	-0.09647915679155339	0.013634888250633165	0.25751004116655307	0.07016263572799511	-0.17579022862110955	0.07668271230106567	0.46785455744367865	0.43458540196185946	-0.4159370783744552	-0.7737602165523432	-0.354490506372165	-0.47901054469638993	0.08318827029435383	-0.30069910110591036	0.4384221206854765
DTXSID1067629	8.927712037453182	-13.524422303098953	-12.606303901116412	3.2258694383130564	-4.236610560869806	-0.4256533484652724	-12.635763014975785	-12.66330671132219	-1.6163479089710042	-8.869047257815227	-12.891862200647237	19.685252857571154	-9.073142137124718	-9.220949925132828	0.9510165135994224	-9.083353666418144	-5.643981640456451	-5.007361378376008	0.03316774670467657	5.371302973664771	-3.751913113448337	4.845577048148553	-2.0554365832303314	1.589075473258021	0.28893366331523584	7.766948198920355	3.8454637521871953	1.6487708796722627	-8.254177158299303	-3.4026890589150063	2.393785229187133	1.9745909003186297	-6.625087274088265	1.864837904856182	-2.402847513272585	1.6626191340734875	4.479533135288331	0.9175620800734328	-1.1968833860359318	3.924782780203414	-4.375774295181373	2.833317031091037	0.641025381991618	-1.4127686876839696	-0.050338708513535044	-1.262624001298209	-1.3611134500822804	1.2978817480936293	-0.22624975400567549	-2.1155867960999593	-3.437939790411431	-2.5173790335563466	3.5365432773107157	2.4859518881078193	3.13879411319643	-2.1536303394512837	0.4600638777696403	5.291871618230517	-4.6759442608480155	-0.4494900473559911	1.8745251326032923	2.4270689136929593	-2.240639893109495	2.9718397174106044	-0.2762942729400465	0.7860067023915758	-1.2530404466299732	0.6827436645707082	-0.527610168747032	3.0869944632274513	-2.6860105715919778	-2.4187914872727996	-11.44222779272056	2.290297727924844	-3.5196637832591517	-4.581081588292459	4.853116815811048	4.247388189005891	3.1966281887555046	-0.018059703748843595	3.7218263541498136	2.2919678947751834	1.048432405435028	1.9282574605760352	-1.7805469983319466	-7.022059657112458	-4.924747222250046	3.836788932409723	-0.2638404873114356	-0.8299106352082685	-2.516345374272513	5.145410166319571	3.6835811994780636	1.794091391413388	-7.543103094874076	0.06269545649717677	-5.078284825841811	-5.80958081531252	4.429612854250323	-3.3251396216671805
DTXSID2020266	-2.668397319285139	0.6889292851721466	-3.450312816930466	0.773918130054516	-2.101780922021061	-1.2478707117635006	-3.582813435556737	-2.6845546647628575	-2.4146877402034903	2.539888731566391	-1.536485380970027	0.6087560993773754	3.636516681884339	2.3341124787817216	-3.3965572948101865	0.5707878778503277	0.6493567245998589	2.1494273077092427	-3.2560144449699258	-0.0677304799823983	-0.07378930059527368	-1.8397862650024208	-1.1771086064486338	-1.1976973475833934	-0.12988043200800914	-0.713499745680692	1.249159620494709	0.5157394690328581	-0.44680171059634183	-0.049907919552415275	1.2591325133607745	1.3946862083644558	-1.1580304996740634	0.3038173761247784	0.20040522060605004	-0.4859576620684763	0.17157818646090825	-1.5121245541838821	-0.48423359372417735	3.031671685339811	0.25520454577152324	2.626127183875582	0.4040802403507555	-0.7760641844546967	-0.48124589661422196	-0.7474349414476181	-0.27661535303300333	-1.1958019713167698	-2.321151601446378	-3.03861774261498	-0.7554628847742955	1.5042326786339986	-0.6551698622144311	0.45212050051130026	0.9405830931999533	-1.8258411782426567	1.1210815207229206	1.5530814343368549	-2.34317203317844	0.9352054332571481	2.232799956265702	0.4719300572025045	1.3132554525368139	-1.1530914894092552	0.31356546235359006	-0.4484578047555692	-0.6369222590932561	1.330042894948113	2.3423358533989975	-1.1402059055925415	1.7685601394726527	0.15136570393843415	-0.478998178467524	-1.0519841138649493	1.6828389288630135	-1.0569073579664268	-1.3626523918519975	0.14133714215273274	1.7963347276899777	-0.04163457363187921	-1.0069129346596455	-0.4339159740379071	-0.5195748460497097	-0.3081761664221429	1.21049615041754	0.4684688512561564	-1.4986484417127872	1.0817797840532468	0.7304038597747181	-0.5221524905701485	-0.6923796288030177	-0.5990170728272414	0.13926834089458998	-0.4024928106517397	0.4374504957791626	-0.7526907861212407	0.8698919179296821	1.1477968928536528	0.0753315351838592	-0.026378888413949773
DTXSID1045902	34.8495435455166	5.262119253851785	-4.094961373109779	3.3965349260568294	3.9684852042147996	-0.5951466774996809	2.672095111338482	2.240615693346325	-1.1349294266700969	1.0000564783385752	1.0423351069333904	0.2647086856798341	-2.1891934564627022	5.438118157224843	-2.8338782884146583	3.480932721198815	-5.996586779885957	-2.673937509953728	2.3763491141261257	4.107534124711273	-8.714182241008636	5.599406785621018	5.1626116892831035	-0.13057037962586773	-4.477493299775916	6.180757804343145	1.8035629131808106	-0.5361674014012491	1.751572340897259	-3.787653969200467	-0.0338953670872501	-7.2919504231481405	0.34442744274153575	-2.5342962463597836	-2.5570996957168117	2.079012085653387	2.2458875425214266	-0.5055023752763557	-0.9705555776484479	-5.822892152317112	3.0462201948657404	7.541287976155108	0.7080054364041808	1.7837273011196766	-6.032312875929666	0.29975004955224355	0.601786173936547	1.1520441146136093	-0.6258851403445884	-1.8757544692624741	1.1968077282422138	-1.3039163164153462	0.5835021147210738	-0.7170700328059838	-3.150173555006069	-1.7841536635854423	-1.9571578043651814	-0.9741638769839056	-3.0080343631174697	-0.9539944526027169	-2.68910330473096	-0.48325909527717814	2.147731765094876	-2.707386233780413	2.747968380259332	1.4226243576988695	1.1682950617791932	-1.7845417009747322	2.5037036111631723	-2.3674853051675946	0.7679315942182695	1.6088844788981695	0.47652133211336495	-1.3561717301283018	-1.975842685089368	-4.369988948552858	5.866080383075603	1.3555839182189013	-0.4584195680385839	1.8018154657301648	-1.6825955335153642	-0.833955188742395	-4.98531407136821	-4.579663692645348	2.6679536925884464	-1.8229778128535863	-0.6795366529044357	1.6858176631368436	1.2988787045901524	-1.9668257156414837	0.8304505778127957	-0.6878535095283158	2.459501786889213	0.5649755115275716	0.3860982803694421	3.8553044453928327	0.5432052918212413	-2.8658250479658625	3.596354962789604	-0.39722456579699517
DTXSID5044233	18.914254607148127	-0.7583637975181331	3.458272518744762	-2.2269461145163545	9.496931506485366	3.1344798186790297	1.0479406949826264	-0.03417331996688616	-2.0362089415057785	-3.397629013252386	0.8194703131294248	-2.4884693899488637	-5.352413634947404	-2.537448375001266	1.2050894757318455	-0.2133901905846986	-1.6579095542528102	4.488515282330954	-4.955974105401291	-1.8809073446134923	-0.6437489500605383	-2.786758284633253	-2.206974810114033	1.3425356819223766	-2.4340629485577	0.8886750942989625	3.893948230423748	0.08596486951975366	0.43083594186111657	0.019644609794708258	-1.0028943837523072	-1.3623106876925635	2.5060768594000704	0.4459073852611485	1.5365879936651168	-1.095461944919874	-1.070958616394073	-1.9771100109389768	-0.0350726209535546	0.18764299319741642	-1.191417901488654	-1.5783044541102849	1.4082744148695574	0.529950772453136	0.23383953148506	0.2471035869208562	1.579683680398597	-0.49917585577216694	2.5200476162987946	-0.885928670138061	-0.3730857415090072	0.5464856556002367	-1.5255958488479713	-1.369140310038655	-0.8166004765201189	0.7746092671318612	-1.45608104963529	-1.8046184511369892	0.18136761853499359	-2.0818656152836876	-0.15684850257434324	-0.09403154986809073	-1.29243329483836	-0.6523552744306798	-1.6804753590438744	-1.0683433921448107	-1.6799337084592258	0.0730625499356044	0.37247411042654555	0.6458376243036161	1.0890054780902128	-2.2468541635723867	-0.6002699701066311	1.7014860846644533	0.566269613209955	-0.572754467827622	-1.4869380937688932	1.9596638307638072	-2.573414321259157	-0.06261449415536305	-0.3798858771345417	-1.1245315274664205	-1.4966784450808126	-0.5338543000091096	2.1383074744524806	-1.1434044294242909	-0.9028806439581033	-1.0362561828698467	0.7603864366032501	-0.729923372956535	0.5623063936897019	0.36140717678354994	0.45388874908191673	-0.1848919623697662	0.5259616459622648	-0.6522954029885695	2.092687444016611	1.3654681788020697	1.7390610727207663	0.04732565128287164
DTXSID0024000	0.5927426973424897	-3.8211611893275026	-4.617435398218969	-1.8130255419396855	0.41606065944359855	-0.0561494282546444	-2.379316130965781	-3.321685538631631	-1.6092333024968581	4.150180537297312	1.7428475377692347	1.0582012475617644	0.47545768783849773	3.840760207353626	-1.8397780220351065	0.2605446651357141	3.2923655308015434	1.2245616610572878	-1.3010112693789755	1.9819198296996674	0.496264573214767	0.4669629045295487	2.237997131553108	-0.94483680272024	0.7454786890011471	1.0040260318812442	0.162245780532589	-0.8759301548426466	0.22782807528737767	-3.7317890242129104	0.7398800623973188	2.18868600009778	0.4900222084135875	0.06462132060417829	0.8122203813937048	-1.4436007474382653	-1.131347475983419	-0.8033923695101207	0.11932194001284487	-0.7271661441347671	0.6410346157302116	-1.315089251525277	0.45731065520752007	0.3024573757364268	1.116757343120101	-1.1355971507171996	-0.5838859611484496	-0.9540790492457856	0.25026258656924766	1.5651989624264055	-1.3329186048688202	0.08434553248853034	-1.2631125238511078	0.61990902340723	1.5388804924820036	-1.7087565610152116	1.6877054533653735	0.916420194561812	-0.3280799188489565	-0.23670944619554263	-0.4168339072926869	-1.3670499650015948	0.6152973362284854	0.30454859467479894	-0.2299917277910623	-0.12612404842304803	-0.09251355082385333	-0.4770067027536238	-0.37212999684028736	-0.2956029236000265	-0.1876627855726791	-0.7245194653679521	0.15282843192044807	0.7972253797807141	-0.3021727431556753	-0.5668558413575844	-0.5112323909504668	-0.7425274796148028	0.026253425548667983	0.39946513558712937	0.1712425989646301	1.2260593640895923	-0.24891458853003712	0.11459928076755892	1.028025130914347	0.14559839441651626	0.4112753574346958	-0.2057432347119716	0.12148255939672575	-0.22645032766050513	0.5706802858640939	-0.21012683902055768	-0.15453370037681047	0.24797670540481112	0.08259779783765304	0.16553493994684682	-0.1619664564383066	0.14901554448048812	-0.39159541499414735	-0.16417902478043098
DTXSID5047083	-7.277891811875845	2.864465741122361	-3.759062782332972	1.63434360328772	0.03131721042539917	0.530540393250735	1.348507133038008	-1.5183106565413493	1.3572586700810583	-0.028279070318408515	1.7722025406390522	0.8640392020698263	1.3956864518914853	1.1551910385097581	0.4883228622635849	-0.9073613543122787	0.5238575510652108	-0.16118584751797987	0.6362840881919707	0.39841861643630583	-0.6227294208456788	0.6012334544956772	0.38201573349455553	-0.5770281995680276	0.7310060130922065	0.3498485177950055	0.2627679607061208	-0.006302278495167421	-0.6828038121849199	-1.0879721684035732	0.3682250870277761	0.5495888048056912	0.29027866364261634	0.021004587279959113	-0.001139535834622615	-0.42675822456400553	0.2463282287109311	0.3863152236189902	-0.17889565167303295	-0.13741399948297509	0.04607260492812134	-0.5414369536200621	-0.1914398773571297	0.24091056089571378	0.39351183184980953	-0.6714095650644696	-0.4021176631173882	-0.36197338055892475	-0.013748486188460404	0.23559211244987602	-0.3958892892816905	-0.4416439004659637	-0.2985022162581818	-0.32274424201865953	-0.04162111517277081	-0.5772096191171749	-0.19456359340054702	0.021990579172647056	-0.14617207790039166	-0.06440630522488548	-0.31658549204030173	-0.2818352557251318	0.3861991322558085	0.6131477860325404	-0.2638137491381966	-0.38026424909964857	-0.737339726061893	0.1312549003979723	0.042630200246749544	0.5224152912692489	-0.5541866253932325	0.020934908103442618	0.4699839421310071	0.5145721198899172	-0.7243347964532925	0.09857688039171789	-0.2839801744652215	0.4722535255851324	-0.6255084131902544	-0.12883578089047643	0.7527751423788196	-0.3539940876163287	0.34139491255722865	-0.19522107705012537	0.3384528220772036	0.20604424059949467	0.11315364786285258	0.1704646347383987	-0.06950790932870732	-0.0714664538067058	0.5191993348793562	0.6828974440233353	-0.5070950834782016	0.20868220863928197	-0.21203387772065005	-0.03683406508894634	0.14601163724137237	-0.11716953474228489	-0.21886082689338462	-0.1363872635711439
DTXSID5047035	-4.9758207580788865	4.435725703311092	-2.2125704029048485	-0.7333586756672208	3.5615321182902995	0.9562872691875112	0.9142798957079036	-2.7960320835085604	0.7813233994619702	-1.3322952274127313	-1.3322590444232207	1.1717611757205626	0.576177154638328	0.15348764733717685	0.8128875792256763	1.0342875486790317	0.26221698222862116	1.8858711115194549	1.3033194451613968	0.47615270303907564	0.42559299269928014	0.8270528938415516	-2.343042714918821	-0.6706659996880786	2.171855107945731	-0.46526948239647153	-0.6761238584164784	1.7594052770525994	-0.9009332295474619	3.492648458561913	2.2531671625089396	2.425229555320658	2.110964882821933	-3.1873034650236174	0.3043374006128749	-2.4679612169679714	0.37725510534626383	-3.8028704818614654	-4.169947258614229	-1.6990206523954552	-2.021745564116492	3.4391781612207577	1.7430398189336107	-2.539217472795142	-2.3364519676880264	2.90199670161407	-3.241940026274423	-1.601111577031348	1.634221455171939	1.8533170069298839	-1.0049289309327227	1.854919521768175	0.19262408999812636	2.344505233996027	-0.8505935849571754	1.1625637067526862	0.5889930704086822	-0.8187771320748493	0.030755004097132537	-1.2654489606665225	-1.3853587676160077	0.5106461073212298	0.41349107164148147	0.3771493863251989	-0.06649385281335489	0.17107512922659912	0.23497843990327413	0.33580021271918475	-0.3850074762192811	-0.8028583157757007	-0.059905013347228704	0.19859166813218984	-0.30656919574552305	-0.04864514846926617	-0.275825458535256	-0.023152824622242395	0.4466160490399873	-0.01215282928070095	-0.33017047129726046	0.014264327936819211	-0.048856481830251375	0.018624561728273578	0.00014282454288392133	0.11750744979566799	-0.29873542794866575	0.24886017353606915	0.026466821773791564	0.014064117902238481	0.2674567675422478	0.18685502439679819	-0.06011365919515533	-0.27683140911966436	-0.1793288945239101	-0.24705900590812246	0.3436555149346835	-0.06627091380305666	-0.17004272606830423	0.01739983321654168	-0.2280435063685502	0.06277143713344599
DTXSID3026512	9.50579654268875	1.6526608664069269	-1.1832104932475769	-5.108774666678498	10.975922723449072	2.940082398713211	0.384058897089727	-5.26845220114604	1.8339482522681898	-1.3658281805830177	-0.9330813590717907	2.8899216960425465	-2.894234098957084	0.22356474781436744	-0.9822952932794691	2.6101235525312827	2.987912273728791	3.315544869936294	-0.8003089185429493	0.9252401780478056	1.2844776231982054	1.271265441334981	0.35525963079055384	-0.7728355098274899	2.790558478683361	-0.07776440307202374	-2.840720332141718	2.296185830385877	-0.21712740733147887	-0.3820281474879964	-1.3200077595557849	-1.6596651943523202	2.5289614668164657	0.13323754403519644	0.8060066123547233	0.0284153487914816	0.04508820306886181	-0.5832207069056143	0.22089454310034773	-0.357517423015274	-0.07405045548825126	-1.0559467469390236	-0.5854288900011606	0.01745676904267595	-0.667217813414189	-1.1370409053800177	1.4157805598606874	-0.10024589779261533	0.5770848034941406	-0.23255358863190317	-0.01818910862874726	0.9570895034334915	-0.42022422287886785	-0.1950343656773734	-0.3299237280776438	1.5297501729463576	-0.6870861016785788	0.6549487322335361	-0.17358342341853972	0.5690351418038423	0.9378214907450749	0.415245651158925	-0.01572154681961915	-0.6009304602340769	-0.9678213517181019	-1.7769325368778386	-1.9077917516019849	-0.11733927423984995	-1.2877338426749483	-0.7684482505560942	-0.10572635334878121	0.48398972082243075	-0.062495248685736644	-0.16455851054350606	-0.43981117672739023	-1.1857686129913814	-0.31725134811850575	0.31033413693394796	0.3334502581688643	0.7446421815827423	-0.5588031169185861	0.016132037910773313	-0.736466680195748	0.45147156784167475	0.30298162002579576	-0.18996840752523508	0.5143946779721551	-0.586748565696907	0.9172895746204828	0.3847474239506422	0.27272801239751865	-0.876654336032637	-0.34617016442967175	-0.5921404587046899	0.6350164397496575	-0.3787365813199288	0.2741452801127882	0.5458016286555681	-0.3389927215327272	-0.3399132922906252
DTXSID5020653	5.298315881645752	-2.3134644675494447	2.942650125696654	-2.6647931454479714	3.90513506221581	3.7076759152346064	0.05561303156249134	3.196849403405057	0.5199344789118877	-0.07855071891008118	-1.7294898587079912	0.2197949836452664	4.029765955399734	-0.5596921267010274	1.4877683871147698	-1.2573586429767178	1.8877132258151228	-3.3833830634063444	-0.527128969123303	0.040947009567846145	1.0295375713070432	-1.4862279405685295	-0.25857042709219946	0.5692971638855846	0.7667410711808544	0.5454618403233519	2.250787336878725	1.0973878477352403	-0.04193262598314876	1.805266868236248	-0.4836397879273785	1.8209929411790937	-1.767998132866069	0.72105806928317	0.6531748856290249	-0.965934631142884	-2.7768094753962655	-3.3857843563221324	1.337340816284903	0.16268015870441116	0.2759206300627522	0.8605137739965291	0.2656843424693083	1.4292373405875534	1.5000957985380787	1.070959323001802	0.9807344931593482	0.33377603718657045	-2.306636010155359	1.2604183040195922	2.7092481239360438	0.924919958528363	1.2092197328607726	-0.06344585140638136	3.368656620702824	-0.009719793562008347	-2.1342375040004478	1.5224155382265478	2.5344838823121485	1.4246362972774733	-0.39151679116366966	-0.4783431909851814	0.2911744378029716	0.2043493092944392	2.6961868965380673	0.3634660930697243	1.70133050086536	-1.5394525237909265	-0.5382720867636194	-0.5273038507676752	0.6200008867211445	-0.3466738967161156	1.8774593518315732	0.4661740408795699	0.9113479838166617	-1.8983841720373529	-0.23358504989362816	1.5774249946178565	-0.3268297880954195	1.079146262518869	-1.507492988894844	-1.2981609566086676	1.4610012412579336	-0.057406037617987155	0.3536204139019531	-0.8986170464633266	-2.7303319636336676	0.062203033158827574	-0.3966123326800319	-0.41336686877973156	-0.04885082668744564	-0.18340718278533139	0.6666816041177023	1.2275665340728856	-0.16303838871528317	-0.12190829284093492	-0.8723365641284637	0.5663810849457396	0.9007342563770008	1.1022314881308428
DTXSID3020621	6.533583824219995	-4.657034756169058	4.6041192457162925	-3.374182909712317	0.13816384580693986	-0.7719382040970155	-1.2085577561213035	-2.8796802349580943	2.1482897659710267	0.33483815975594167	2.117808324391042	1.2745592339599472	0.5585569956276176	1.36514515616198	3.2667091585711443	2.2208380228528957	-1.9550840286857947	1.0864139528262	-1.7747952568160348	-2.379126151779015	0.8271639024687454	1.1870645232595383	0.8152728462992643	-1.4681003698035577	-0.8597804633339847	-1.5688542246436306	-0.9309216062383412	1.4254368790496905	-0.59979856873686	0.6244420683663344	-1.072339065467716	-0.594331681479434	-0.4907979283913186	0.4622154737853893	0.5125593549744835	1.1778650821934051	0.009543723158572935	0.1486839137158946	0.06077818548784494	-0.6312081096476063	0.8480279264659702	1.1187707622534007	-0.08854083622448242	-0.8288259127898076	0.04804052121372745	0.5358319036349142	0.3104920504589365	-0.6640354810050878	0.40861223700675076	0.5277891808597502	0.036772155835434944	0.3916653749721085	-1.1913751542380255	0.21522610667426056	-1.0084868379370204	-0.3953850267089181	-0.6015332614302136	-0.198902615944664	-0.3866352924169114	0.42932092355068635	0.5144629340666993	0.7190090013949622	-0.31386596150369217	-0.7404854487630838	-1.0003761294880416	-0.8386344671294045	-0.9573715426406134	-0.3652489456189388	0.5696696648836047	0.08279651355575876	-0.4720029556288488	0.6694411946045661	0.3469460101259937	0.7653564028477354	0.13605116350199023	-0.8297233422827603	0.27556647825983	0.9229265316119863	-1.0336225771210097	0.22708153573906742	0.02811202857981529	-0.7900033891126589	-0.14692849407738168	-0.03063518066756855	-0.10794117533292705	0.17415240985627298	0.5065168092793856	0.31483433811046313	0.1724343626394777	-0.6632753457817472	0.43066152988606243	0.7303855893549095	-1.0048276612764762	0.2161421072030756	-0.08239040687436552	-0.6696570694909492	0.1742069680511367	0.025966857068779808	-0.2815762770840772	-0.19900113323927449
DTXSID2045608	9.282100883531339	3.045932898620991	-0.18831073864730602	-0.9504558359841919	-3.7886646186579283	-0.7629330687532789	4.0483984403410656	3.905051642969326	-1.4798006455036812	-0.4133919739880645	-1.1141666776760664	-0.5326604439185376	0.9309083294433035	-0.17573029272682006	3.0817767572027726	0.8725083571438876	0.12668487334424017	1.607723314085062	2.838771595772755	0.8162056406441482	-8.378352403519955	-4.572154205072514	9.70400920561215	3.892735130448902	5.582298321780609	-0.06002818021786686	-1.3876682592089358	1.3046342294674336	-1.8513718469720122	-1.3586686329198532	-0.17475684048288634	0.07497239023295618	0.35083351312693484	-0.49077418775599835	-1.546957848271711	-1.2913489198510184	0.2362956025909522	0.9902870029020362	-0.2839803587595259	-0.2189671434195763	1.0502924178680513	0.9193979244776453	-0.6953659761710373	0.7266262960446209	0.24410977396480016	0.3014057559645819	-1.6952431864905348	1.230425892581765	1.4922549766367115	1.9780961463264162	-2.538878775175172	0.5701842988473609	-0.8337474816812969	-1.0089935215216204	0.6251236259407517	-0.8454945220749163	-1.7938528484589338	-1.0379534990352826	1.1706844378939063	1.6574889289089416	0.9320848425023772	-0.5456648406318344	1.2076240171974693	1.776001917028654	1.2963899515848494	-0.8717913212429121	0.39538500407236266	-0.8733349227501851	-2.1156858542690915	-1.0578406872870683	0.2724609264413832	-0.8921702552783702	-0.8391116910014338	1.4944598352329836	-1.0237893413080126	-0.2103091128663957	-0.73452134134731	0.3570590816267496	1.212966622868663	0.04802322595457015	-0.39065598698113824	0.6730153481056836	-0.004502039185148071	-0.491329632387254	-0.1337532754902767	1.6148048273777293	0.2087012696861838	0.37108350636679427	1.0663857418920812	-0.2899719439339605	0.8953148670576953	0.5749404204362337	0.600614245069665	0.33435232864067654	-1.0361720866562982	-1.632804565247929	-0.06554155157328406	-0.09113393502568698	-0.982468473446688	-0.890284412570973
DTXSID8045854	4.518760811065593	-3.9312496019698546	-0.7290936238842919	-1.7626484102239675	0.09063477234603036	0.5594463446661234	-2.5165680704280144	-2.491165207999794	0.6940881111258604	-1.261920406393089	0.7953712387515744	2.5234234848803276	-0.1123075706824342	-0.4810324207451427	1.5214736750063855	-1.0607458525325144	-0.044478833292227134	-0.577980371235286	-0.22270527296697884	1.3560378321055728	-0.8662027809384002	0.4964695775373508	-1.3568761906930038	1.4105363651943916	0.2731224795143739	1.3846585273876002	-0.2504507147599215	0.599663988954184	-0.5944926892169713	0.5525360885393357	0.5182798081565647	-0.03819464809689021	0.22098671430109607	1.277425585715819	-0.2821430567044068	-0.060390270781704385	2.288878115147868	0.24493538421619349	0.8981755803441442	0.2929883806855199	-0.6515748554145926	-0.307230498028947	-0.6563605210522151	-0.20609013761372225	0.23148156407055875	0.007934296012717668	0.7486754452164054	-0.14685110925158337	-0.1914568495117273	0.5313641015983893	-1.1292535101038323	-0.2572178841488143	0.4291876683308028	-0.49746442647192074	-1.0489571729540383	1.3165171452236284	-1.4243618366281496	0.7838166312629694	0.405177872366248	-0.5113575301755339	0.028763786035118043	0.8487004912851356	0.7943011722691027	0.3443043449592678	-0.3664381765110627	-0.07495197862553517	-0.02581303584232398	-0.3570752713490433	-0.5786247013091322	0.5742763403023391	-0.7022315593926548	0.0367625686015236	0.48487516179077833	-0.1485758086530167	-1.1049373872143895	-0.03290324399526927	0.5762525250285003	-0.14062577741746438	-0.6076008284159625	-0.13444782218352497	0.5968321367437297	-0.09931607005500397	0.28992235661864685	-1.013774065583545	-0.1516033351706163	-1.2816496268838413	0.08678462041981717	0.334504233891043	0.014710670938311365	-0.10388220797101765	0.9281555766323533	-0.5498546474033413	0.28825761607667844	0.061721054527702886	-0.3389667025069479	-0.8285268131314125	0.13378496089587583	0.2896151587186162	0.37035329396366384	0.8699250595310725
DTXSID1048259	1518.0231858007658	-515.6026082639692	-144.90000993186047	2215.321222286797	573.6560672793541	-508.80516724881704	4008.7360655182993	740.8750558926283	-979.0588665028955	4671.1526176691905	-1528.0608280239596	4031.9111077297043	965.7433872315678	-346.0324592506929	1250.6213678606896	-2060.779492324518	-1320.8447892413726	2170.108396257361	2673.6959400002206	719.7504355887983	2049.4852927402853	-1007.119776865659	-1353.0837215625747	335.1040131994837	-788.8535874870937	-1357.12816583047	-663.9889711442098	694.5054989227199	154.77479630377255	593.2088432179827	187.51282345294797	926.0251616840868	-125.30321342810079	555.6613020624599	80.99312573980338	1139.0855556267506	-303.59341636018075	799.7001144432985	-657.2356726176009	226.04463585144123	-63.05225507779307	141.98387959249484	-288.67625296911405	-231.7340463602732	-103.07143761842016	-82.35214429089586	160.20923468326734	-554.7179105703616	-68.85329181973468	372.18334101187196	-50.325847671863556	-903.1345768095993	-808.9842176353627	-122.9972933200064	-191.1937055417426	-311.2565120062138	1143.1036835756754	183.3428017445461	-1694.4475099258825	-622.3214867815485	1229.4058697232997	-1182.9561249081294	642.8249943871841	140.86836780369032	-1004.7061908777611	-3205.054605994241	-279.68182030173114	-1275.4150139064586	-1019.9411368833903	379.19432673942964	-1123.0419559417508	-1915.1371093113423	-371.9724107348841	-477.757474039586	484.9350896858521	679.6470781065678	-1985.179471041497	169.7999491851812	117.6297529344935	-1937.8959253608741	2040.6946864751978	-1809.3346427049785	2562.8307174955034	-3169.162482627373	-2471.522704123421	2539.3168934926243	-788.7400371963015	-1129.1949005547574	-300.763522140433	-760.3164396756088	269.0598899655404	-2077.080489406662	727.4995241838479	-612.9598645610978	84.48727268563239	4516.582654884005	-441.02179197983196	-144.44253737992526	507.04646986756484	1994.587770665697
DTXSID6022975	2.1962598896448298	-1.256736657261184	-3.6815860945898984	2.309547256589234	-2.6861714760053577	-4.238827387739861	3.8358365697165535	3.8874267207079027	2.185347689460412	-4.224781669268237	-3.2292328193471893	0.2741460581083316	4.823997672546426	-1.8039517413556347	-3.153572567219249	0.6086809733840676	2.452780477731559	0.6181356411872097	-0.7636628655128063	1.240079974771906	-1.3678591769590422	1.9967537293304864	-0.24035520963955156	-1.486822102023711	1.464391731920688	0.1469774026214337	-1.7620815798689173	-2.591323673507048	0.1365605428818304	-0.7411008399703803	-1.8429158586711796	2.3266352389242226	0.45304608459828566	3.2326093877508995	2.2261856001285047	-1.0100880927007618	-4.81750278864698	6.708499214391114	-0.4799896719518026	-4.754094476402891	-5.224046248085793	4.031142347437173	5.691127951417107	7.715654324243229	-1.3994511976508737	-4.172143053130378	-2.144378425703286	-1.685350282685871	1.3235381596102134	-0.5040692068384756	-1.2590020483967392	0.946878034286802	0.8488996917844926	-0.7234640431858793	-2.1042368041830968	-1.542821736620105	-2.197529962870367	-0.15450504194973871	3.264753342054098	1.9065825744579619	-2.292394413215874	0.1028766696195541	-0.033171374485254486	-0.6923097885945452	1.3578171751407109	2.052685170794011	1.350940595214792	0.8939867763880168	0.04189230587851302	2.227323885378544	-2.4136524269132504	-1.449293019108281	-0.995496898999546	-2.288005367930234	-1.2211666964792904	1.3175984437536146	0.710819646578312	-1.6438947713332888	1.4322058636772872	1.0020849950525352	-0.8750835976560776	-0.4115304622567821	0.8548752750481282	1.0389435057556289	-1.8437364563043017	1.5633598679123402	0.04161172899117167	-0.5142310298100283	-0.9604062328936058	-0.3438459151649439	0.23417160554346772	0.12412013066528264	-0.15221563692169596	-1.7819607691841512	0.46949238925913733	0.6522771799139814	1.7402519528755944	0.6988652087591694	-0.42690805852986163	0.262936347039162
DTXSID7029619	-8.222726493944416	0.3983622146043106	-5.667032201547342	3.2962549918711153	1.7151437290953946	-1.7165605595845215	-3.0653044539047345	0.3322901967463546	-0.01916542255661581	0.048588526774771115	1.5766082913121233	1.0315703666264442	3.1932788990662346	-1.0129836500560085	4.883381288881379	2.871643776460221	-3.131507303297154	-1.9039229977068155	1.1497368758492634	1.045067567641447	-0.7337608435541845	2.6075196573450232	0.4698303044810217	-1.7635337898597534	1.4770896742017556	-3.10737406410298	2.2034979991250885	0.7746070039649704	1.6550855420940396	-1.5045210040668826	0.8969082400818338	0.4379746523092268	-1.6881539061605042	-0.7621085316813226	1.188324131846658	2.2370492324062208	-1.44359381627097	-0.46514174226187854	-0.7107177290294552	-2.2042785625520764	0.9432625781626401	-0.055319176570723334	0.08165102785510646	1.3187174532765926	0.983146479359118	-0.5308206247005868	1.6436749316727115	-0.5323265792960483	-0.7256724403213205	0.904568520038909	0.3439114612516714	-0.38901603411639474	-0.6277215597389761	0.8303657165628268	-1.3938945660995015	0.3390180702655717	1.0024645278751174	-1.7847265528073255	-1.1204309953601657	-0.10174217883765611	0.7741457232272906	1.2187235495298956	-1.3553626718047278	-0.6617760477649455	1.1784538450127322	-1.0030281662598142	-0.793095852903531	-1.3120171762974528	-0.8413335937012063	1.5634271466706033	0.21167337668280106	-0.4521530829014732	0.48035933612964116	0.41634009351974244	-0.010005297089044816	-0.650893566979375	2.6723751630947925	-2.104108548693423	-0.5022036680407221	1.3514707259663223	-1.598452684228091	-1.3959463393321265	-0.7328738387439335	-1.1924898174611227	0.3713237230185642	0.6806732625054902	-1.8533465938236204	-0.20220634951923708	0.732651406749495	-0.15366766219811825	0.39566383226068436	0.48330841364563976	0.23048045930324282	-0.06199184541649841	0.9639242326006596	1.3063083226236523	0.9365941708784894	-0.44186568863304543	1.1937812709228501	0.09679384214208853
DTXSID5041279	-4.274863369352209	1.7976408309038538	-4.720679817596267	1.9343905849070917	0.6574982243147344	-0.7442532479377757	5.585696937747519	3.182725144684249	-3.6375061669049726	5.2196065225967745	-2.0273857443129577	2.9873122389508047	2.337010706274354	-0.5341532734473693	2.464916307658568	-1.8034815979667789	-2.305753071488352	0.38296065586069916	3.606521728036341	1.5624617334065816	0.6088030429125829	-0.10834562854682397	-1.6846515111477613	-0.3802365662111269	-0.4748820707795595	0.855692704504971	-1.7226609697420896	0.42127884984416564	-1.6540687184787117	-0.2592975455264706	1.9570630296808047	1.0190845367780619	0.5683123771057339	0.007600522328372239	0.3216335546107974	0.6432163633656606	3.2778051537370203	5.181675281888527	3.498375220873003	4.9880390688918785	6.3640081638144	-2.503590181228343	12.098375504514978	0.8273329722962998	-1.8438837135472304	5.8034386281181956	-0.9018588938368325	-1.4667096228129033	-2.8305163932208686	1.0526366706536707	1.1243381230241083	0.48741215132528487	-2.2456963875301703	-0.3756600332086044	-0.529907879926653	0.48734910406840654	-0.2487382398492695	-0.057688091268319655	-1.2048249437352436	-0.9133506399675186	0.2965379817664696	-2.8618670459955684	-1.0285907986536553	-0.05347816737903269	-1.2562813107859476	-2.5514457714761463	0.6913345963776873	-2.059102620805314	-0.3797817257004515	-0.2123075797252348	0.4881793161321755	-1.5430570483249915	-0.7550331354669143	-0.19752571145697256	1.963764269935833	-0.6041335005481588	-1.2841706246472588	0.5900723325481464	0.46956111741726037	-0.9520951556940521	1.5417946874062067	-1.6941930123128743	1.0500635846772384	-3.6106731025822305	-3.2158553626295983	1.3782838950257141	0.4242990289847819	-0.4290584164550591	0.0070049516534342205	-0.7573745294268237	1.624584129169196	-1.3346399953370596	1.1571868415613398	0.2823103320513174	0.18069046514924017	3.3849944077565413	-0.041092877038401865	-0.7753767432327183	0.008108905842545021	1.5191950001258843
DTXSID2046670	7.204010118836351	-0.716150630022588	-3.7113220235337065	-0.6338976299276512	1.7113367674627984	3.9891767407539405	3.7395263562505927	-0.08174378486186074	-0.5582106273256718	0.217126482308596	0.8785057839112514	-3.088246308370563	-0.28106866966703437	0.2067988727767754	0.4162992098057075	2.6546117709089523	-1.009699138602236	-2.3829567881029687	-0.7234634211013293	-0.40697137654563376	-3.9251551798656688	0.6247105063782818	-0.05643859864715363	0.7467880852212251	1.5014888328356217	0.24759132514209145	-0.7710532495924856	1.0266302754060892	-2.568235069921083	-1.2025639344451104	0.8880765239693322	2.5049405277445937	1.7433152255490074	-0.3026474085459262	-2.5078788639693324	0.6510131567598606	1.3234288543411576	-0.2636419615079841	0.4186937536922145	-0.21363881493211934	-0.07643582538197081	-0.32939457595919797	-0.3415797175887812	0.40542262890391406	1.0939132952707118	0.491327590123651	1.795294824760052	-1.6384282169624373	0.2267888402324293	-0.506457907960694	-0.9538773335084225	0.8047872604230175	0.43050601632716906	0.05541064609185799	0.27148796083146765	0.13325889906694316	-1.5387847465599644	0.1963785513909397	-0.5882089496468086	1.1729039084216382	-0.605937145575537	2.5138860829152296	0.024830741771897914	0.21182538402210183	0.4089620645851946	-1.0855924062472766	0.23811735890012525	-0.8080426547593539	-0.30050066456103014	1.7478731828863	-1.2680922284531737	1.1675001195095214	-0.2624183876059449	0.8245526045613322	0.21480794560508767	1.6578787116224298	-1.0871216963642945	0.03692648291632215	0.31518881153331874	-0.6864193944549991	0.22787750395352266	-0.9146844659404163	0.4355360224564212	0.2572271999293519	-1.8247473758570667	1.1721980953082491	-0.5235949919410632	0.407516799478477	-1.1108341970256679	0.7099515237832225	-0.20289088159812962	-0.3814994805336729	-0.9191227665825942	0.12519660379053668	-0.3285740258229347	-0.8495774525528561	-0.2091640175753208	-0.1671683532484065	0.29378324216699503	0.1150381925773985
DTXSID4025113	-7.719815582177718	3.961419553935752	-1.6264067041597678	0.853475625417876	1.0071286032044315	0.6460407868113858	0.028116469457997475	0.9702511665410077	-0.08075324916630461	-0.32915693528354634	0.021771846431205617	1.3874286876342101	-0.08289298696095944	0.758031212213817	0.05185421680789366	0.19629582901251125	-1.094537274110862	0.39245643476193914	0.3573474295026483	0.31627560424184425	-0.7972918678108155	-0.013492373575978982	-0.6107403369269453	0.34972367441831487	-0.8504719598219237	-0.4847955068994038	0.40718438680562014	-0.8381489148642998	-0.3029511035901658	-0.11331880094632703	0.24953384945040286	0.19540267980034895	-0.3221991758743755	-0.010500522946706906	0.49135040748757214	0.5185894504409145	0.3676929836088173	0.3237104816647568	0.13683829692755115	-0.12718068218381004	-0.15166719143675442	-0.164815748312005	0.00501359719455441	-0.08235908681717267	0.18981977574071804	-0.502073602858624	-0.3037224344335858	0.9420078190200819	0.06292972996434894	-0.3575378006395889	0.05360527739315733	0.1677112554655019	0.33790298693265935	-0.5399689779971011	-0.4805486975213756	-0.16208899761873086	0.19173783675010192	-0.8005713744871603	-0.6133612400532856	-0.7283002694162578	-0.464967319998738	-0.4903545980402154	-0.6044388395727909	0.5107784287904669	0.4801479062303547	0.001302146710141363	-0.03628726480945191	0.2919436232035875	-0.036531637766118535	0.7388236163630963	-0.5054539714367733	-0.8444161036131627	0.3643255735015547	0.09269579415284629	-0.2479192397416774	0.14384297037065943	-0.3830963133544279	0.09473153858384038	-0.10322156994807068	0.07797273788244219	-0.12902071632484996	-0.2290865804379401	0.21482642731959864	0.08001972427104449	0.10394300859679831	-0.41029326128431903	0.17809249937696583	0.5877203203782926	-0.5517811643942705	-0.40387950064221334	0.2918655671294948	0.057186752248964204	-0.1930809344093076	0.05037792061922237	-0.7399460443934469	0.3392629094173838	0.2912120581702612	0.2502475883553068	-0.8480118968426958	0.21831115041744129
DTXSID9042097	-0.774675277730593	6.122450266999586	-1.7996485673586002	-2.2799969411256815	-3.3516216128010177	-1.2424256510942342	5.359763338034354	0.6930189827865748	0.3445718526035837	0.09169420900475435	1.2120498434697533	0.7260874877928958	0.12367496288379087	0.4723852943401729	-1.124839828494976	3.4532303385266054	-1.5676508680509642	-3.687886015970661	4.75659502713288	6.875055931307687	-5.041500627094695	6.510169498078009	2.1761192383020815	-1.5780840994168028	-2.0679262218466885	-0.0368327993412995	-4.984142214312186	-5.928293226213278	2.4872894789755877	1.7215555873428061	0.5221957020016954	-2.149245139319113	-3.2296330065854297	2.031140493348405	-2.349473153871932	-5.014170408309004	1.355010328807711	-7.284269391416249	-7.756494164237203	17.106660419184276	5.344601336254608	5.9546819689627535	4.753721186720672	-4.0894274226946505	3.8243333195831064	-9.926063862385522	11.661647654718774	3.6125033994556546	11.802605007619276	2.0166266661695222	5.859504312969397	-0.7427761395202922	-6.440428440791075	-0.8554827299861298	-5.071347039548448	-0.6086114211240574	0.3465954316460561	0.0811268872708179	4.84832976253912	-4.255356415007826	-2.796320937985032	0.06461962064356061	2.052652847368383	2.395878476637599	4.1694385765843975	3.7796591956958516	0.2856810507431675	1.4761396066385182	-0.23129499428024414	5.0378137042584905	-2.7189421799426703	-4.057067705265988	0.17183134708422507	-3.952020293661857	0.2372296008978341	-1.634392231337519	0.405280530978368	-0.4940709382366946	2.485645480200535	1.629181816330679	1.9428559307064681	-1.813854158479153	1.132066790913023	-0.18789301869730748	1.393480472937039	1.5243341114089042	1.4420689525556956	-0.4599258168898285	-1.5259294209681225	0.061293294073483856	-0.42246287688879997	-0.8854511361022892	-0.179669916794134	0.8718221234798161	-0.4533785187721801	1.2396316369044837	-0.5825660920231664	-1.3465652756120134	-1.1067515606513993	-0.6912736217854875
DTXSID4045973	-4.718794241449703	-1.1078565341038051	0.9294736682868944	0.10829559117131192	-2.7316741046205912	-3.278004932916208	1.886834169945536	0.42773963325185765	-1.0351573082607668	0.22063432231180083	-0.5187248996262309	-1.1522211478134499	0.8604078931717004	0.2076983127882102	-0.2874381131776841	0.11500681404062459	0.7691129298176054	0.1381175014396414	0.819168986473127	-0.06795954875267855	0.6147049528671503	0.6332953056913777	-1.6586109407392415	-0.8481707503934417	2.2751765295773336	1.2364103882639694	2.0737603473490798	0.10022068298204126	-0.11684267877095723	-0.26343662672784285	-0.6322472205882123	0.40667859222647224	0.6633133676923044	-1.2547675802687486	-0.30111296937473725	-0.16070217441335322	0.13505309286601244	0.428034496364916	-0.6589335227086935	0.48454579148957533	0.840867084895183	-0.3972358038447192	-1.986369897925207	2.1094979891294763	-0.5727918939998462	1.047269208072966	-1.3773190322694957	2.2707101414660533	1.2534204751456108	0.6421442793255198	0.6182468678294234	-0.26462240653301305	-0.797925620959121	-2.1211945373902164	-1.7383580568846033	1.6325557897805154	0.616597459995979	0.9102413699059356	-1.0354519936901774	0.9502567783723124	-0.7689420287116585	0.15051674920501495	-0.2635138137167931	0.4742166963597182	0.10427904799777057	0.09964769073000397	-0.7703822916981612	0.32990705874930953	0.3041044030527339	0.5603050835730886	0.2005630318880067	0.7509061622700193	-0.5279427898654386	-0.2558022015411352	0.039348971106553644	-0.5229327233213155	-0.7124724994314034	0.5007430550946066	0.6205647452192177	-0.30640727242028065	-0.07147614230736873	-0.01150727167885304	-0.09347089139543734	-0.04854708297863866	-0.6347171658526252	0.3337984119932804	-0.4240221089932337	0.1724002539208291	-0.4345172863969544	-0.4885764324800586	-0.007805172604121702	-0.06393545737507511	0.2838359740407951	-0.08452990075970057	-0.10873273100864815	-0.5465384051999997	0.18420468998034709	-0.516559750396859	-0.3912733337888224	0.04149734748778864
DTXSID1047104	-5.816523641584463	3.887851879923106	-1.6281780034376203	-0.16113896335583666	2.022688415751544	1.0668994651704786	0.49571305988053976	-2.4134557197363633	0.7027832111275869	-1.131940789680387	-0.5721433829823401	0.7447344760943494	1.7014990695156924	0.6841022062359076	1.0983778466780563	0.38554748465566985	-0.7762183175053459	1.6310346731366572	1.1735165544436488	0.7791503333246576	0.06634740786553875	0.7483536360034874	-2.564207658771413	-0.4828914263548203	1.8983443740420989	-0.16690487627841216	0.07505099460999158	1.4017362295092262	-0.7744916986947902	3.941080211723219	2.714036568214792	3.8402615784227936	1.7722676397855788	-2.91174641983491	0.4769940875553381	-3.1860963470092107	0.3909069329556452	-3.9662584084252006	-4.1436386042407705	-2.283854041176376	-2.1838940026143567	3.6191516728717916	2.2833896681621177	-3.1045713662128276	-1.8094002753257787	3.311143139676421	-3.475665978091563	-1.127584514107197	1.4605342885894546	1.991734646819713	-0.7764804067758628	1.3996899246117764	-0.03129418155815794	1.3497504374867464	-0.5409537184316103	0.6282115113353852	0.9042322246654175	-0.22268049116486094	0.3659948673050475	-0.9822637791380431	-0.573450828856409	-0.20264840120399108	0.06258505360648514	0.2868107014645385	0.014714972006075874	0.21702470717102815	0.47016142209137224	0.014626591174397277	0.20127686513560789	-0.25771052148356993	0.20864382590420494	-0.0018179760233014224	-0.27546572269166414	-0.054125875540538076	0.07399808321915798	0.26335136801884573	0.30963495682835673	-0.2440805127467297	0.11387858796280105	0.026128977927767246	0.08723206928682235	-0.24541823740010876	-0.1600194308876986	0.05197013484018043	0.1626120438288537	-0.021140025077751787	-0.250105521685497	0.11927487557221378	0.1730952380408449	-0.1582283238983505	0.09021832102018819	-0.07850901329190908	-0.023937399163478198	-0.08904615703619058	0.2566769871305122	0.027548617317137564	-0.06618584894923495	0.10397727254084105	0.16688049035856592	-0.099585129987034
DTXSID6025307	2.6951248467490205	3.91899320717876	-1.2545591358310082	-3.4906425265736414	7.558685195050216	1.8675729770228742	-0.0552073224309233	-2.698140759841535	1.3286630884664141	-1.2363141092855932	-0.5968381073491607	1.1292472720922622	-0.6069447933899044	0.5812409197459628	1.1185010568706817	1.3044210800021252	0.49477457161778526	2.4585146828872317	0.19622871970031272	0.7961836303346111	0.4383328385312493	0.6165232157066098	-1.9371325335914988	-0.4117088808601144	1.8460750561833703	0.059646411572624805	-0.3293214650071073	1.4610475717362104	-0.562376625071961	2.2637321443812826	0.8220968047083321	1.2230494627934616	1.1390312596443375	-0.8956291898554072	0.36140565188529966	-0.8710850078585263	-0.3748258904726813	-0.8508695983587132	-0.10019996523921687	-0.595994066671975	-0.2559250554526823	-0.3263907637385148	-0.08882381117802532	0.06965172970636387	-0.1372704467930672	-0.4869709744674343	1.186396018413053	0.38381967398100497	-0.478069780645594	-0.06696270790916262	0.6480057161659043	-0.8791713268867221	-0.5251431670680844	-1.5926683422715577	0.9441411174366916	-0.7781867465628015	-0.8103037290071237	1.6863032227672217	0.963517814727038	1.3181845097479672	2.5948922764801035	-0.47146851464116113	-0.12684575106077953	-1.120087287293758	0.19707396175528963	-0.8384186408335634	-0.3231832795953557	-0.6218999827880107	-0.07698561122869	0.35608560714883053	0.4927513182559263	0.5153117878950495	-0.4529326107768826	-0.21911857159198464	0.18437841434639712	0.6703901408616058	-0.7159398995121722	0.3748034119899733	0.8705218619426124	0.33234907816200937	0.8734985522315072	-0.6102697652413757	-0.8186654457011618	0.4267879741333522	1.356269899884192	0.29925838047358405	-0.7150245818020591	-0.17561256911858064	-0.0924997417586386	-1.1815657562175506	0.3602815501699892	0.25508184236008713	-0.32523064909836097	0.32651774711199294	0.2098901593076381	-0.13774559584472412	0.19831617207649668	-0.055569876472878484	0.7137754745697745	-0.6170871888007327
DTXSID3048780	9.712393871566825	-3.4627255588023202	2.210347095038279	-0.7112845394948496	-2.2612485649170875	4.881872415628645	0.5266160370974631	0.6429270879788294	-0.2593586271401921	0.3738274198317157	-0.00882678095610066	-2.0717168400705592	0.1588373015929158	-0.27362666265949626	-0.22771406725717497	-0.20302266995233503	-0.0236317054057027	3.201798529472783	-0.8434117725872786	-2.4611304333524346	0.340474045868347	0.27504534831567257	-0.22879104246015491	1.5671811968227387	-0.48555736801592286	0.48827790497021584	-0.0822589734975313	1.4692206048262735	1.7216662880038918	1.286260712258141	0.6917807713140441	-2.972473448193862	0.8763085280315448	0.44084845719545995	0.5247744156876049	0.6478602420552472	-0.12712293987853884	0.6722773912227092	-1.1769187098383724	-0.39712997813394363	0.3249752858668801	-0.26783846762268165	-0.4787083663893529	0.4873690253148107	0.14811278586735996	2.132354062741225	1.216032327495977	-1.1540622421739852	1.7454649582303958	-0.37306540172404556	-0.5043267068051589	0.17249673071629232	1.1471609059183205	0.2588403476798855	-0.6860792924589252	1.3643795169540602	-1.2298279630746456	1.4046867829671759	1.8301700108315857	0.10083282112288808	-0.07967921227850094	-0.6164003964771403	-1.2777260390899885	0.097347082641899	1.0768841948353982	0.08748285085934139	0.6658660232018386	-0.4132344310119648	-0.11159392573780652	2.3106052296577206	-0.6576838424558941	-0.43467660924187157	1.0423314145634424	-1.3992800365903775	-1.4831989195977995	-1.0657156558808953	1.7174233438337356	2.089849343895073	0.03363005039367241	-0.8389534226289973	-0.28047577815868496	-0.2538583079326181	0.03879381148388237	0.0018271163143459888	0.1571667623149895	-1.2379253866400688	-0.4198616335956826	0.06718184535297099	0.3816811843245977	0.5119765863749397	1.9496798309170533	0.7935070355506753	-0.1361148670347139	0.44946349112811135	-0.07813639765862895	0.1651197603045401	-0.06900178001362949	-0.48506220535585287	-0.5345166941713236	-0.33291820137232975
DTXSID9044164	-5.176420314192097	1.9150490152828459	1.7277878238192954	0.43745525360223053	1.4227947290384941	-0.6509857940293848	1.0728209787036007	-1.2186093599884908	-0.2845640468452844	-0.5188602341444057	0.09034111076318146	0.33781762070253724	-0.9291922500083131	-0.6632360972337621	0.09041970570145647	-0.17141408549611872	0.09772465004601275	0.49053942105252096	0.5093877233745712	-0.45154604948191834	-0.11355445989798638	0.4656941922388379	-0.35015340162823083	0.44492247219229497	-0.25870850172164583	0.09439404608265367	-0.3284420879921938	0.12771542965484145	-0.04817804854424794	-0.03589501962839066	0.06631155712590324	-0.4641158458885993	0.3104305218830955	-0.23676310270528086	-0.10666730487530555	0.13196149321618114	-0.4562655813771345	0.20471789957968622	-0.3322455692806041	0.36267524506093163	-0.08982523867702895	-0.15958443916840606	-0.367414250203095	0.41901799240373416	0.14384456355081843	-0.011219194286369307	0.10336824447705124	-0.3848791880418354	0.08122386865431037	-0.31435872853016694	0.1211477449754714	0.005975706740184741	0.01942454346746597	0.15919942470557502	-0.13506717484486983	0.5716454996485013	-0.36780721026555335	0.3727518723384921	-0.16155940222164303	0.01028759595660318	0.27201356381171543	0.47827319181538963	0.16469255122716586	0.12305297009178018	-0.2798180327608992	-0.13662700900707786	-0.0010265026543970143	0.18751218978538667	-0.1762048531150735	-0.25886060427754704	0.30828736348399877	0.2620922942347104	-0.04114299307928353	-0.0889418148280884	0.03406016606161918	0.16236402240788012	0.17068286907063623	0.012122997228919286	-0.02387204109612052	0.07739045529669476	0.356348759198997	-0.13452546703427745	0.03170738434396463	0.05266182197958222	-0.03756290716298102	0.1534190881683493	-0.26660114653252204	0.18360636622472512	0.05681425067164277	0.0822327513499536	-0.09782958667861193	-0.167952670431745	-0.135329664321641	-0.11452831782933362	0.033611300702001384	0.13018383262853223	-0.005620878056823721	0.15617463396795728	-0.06396613966900087	-0.11633210629162864
DTXSID5020572	1.4562824821804645	-2.3594554130047554	2.499775052551842	-3.6827588872030437	-3.2346164032980242	-1.9906994158624485	3.4569606331327494	2.177924305025597	0.6564399414116662	-0.8987979672943625	-1.0868606478526353	-0.8224818202502406	2.3611221308034027	0.11049110968003788	-0.8970131892750561	0.9298590493674527	-0.2463537202686007	-0.37720709175000755	-0.07838678218625793	1.3829467787507623	1.2593971345388475	0.20484382711660534	-0.3338867632296844	0.3276606243965032	1.7945889956510528	0.8759487740473987	-0.15485238392818038	-1.2772448878652958	-0.15456813385711654	-0.3399637615191885	-0.11929707780333801	0.034809669273105415	0.2172499325592241	0.29870975749161255	-0.17859061199956566	0.14190224030235607	-0.05767235500114329	1.231450426589611	-1.3496867811961872	-0.3251397541291044	-0.31113715513837253	0.4812861028033987	0.13460513290942633	-1.1359572913307312	-0.7319456927489213	0.9014889766495772	0.4845735393799865	0.21609774076205174	-1.531950201737625	-0.7402996311451499	-0.07750027509117292	-1.0999460113773945	0.6968432668198062	-0.19269325487823002	0.6668615559850665	1.0150004868028375	-0.04560268427589634	-0.8463863503844559	1.0741938705798009	-0.3717954138063197	0.5349074258208876	-0.40040890612769536	-0.19252934255021847	-0.1478517302801846	-0.2520352954100852	-0.48530608817090365	0.7825106321044246	-0.8113333310731505	-0.19290951365112313	-0.7858769146446813	-0.0017272001710253609	0.2325747324753303	-1.176216881383978	1.191785049182493	-0.3125494668347148	0.029131466779203745	0.2750131456816069	-0.3535646930556441	-0.7282123958769123	-2.247959123814717	0.596773847393243	-0.9104236754537891	-0.7973014471778755	1.079330395866214	1.4003064894943962	1.2485484710601362	0.6390185131923457	0.9542189395473025	0.4990281615916959	0.10353352099997888	0.19537588456376462	-0.44568071412970084	-0.49294512430336385	0.780741793603979	-0.6171827344677667	0.12577696890777987	0.7236891521177732	0.4608198439479734	-0.2551342913130109	-1.2700800037902533
DTXSID9041104	-5.315951233967504	2.7423806543277602	-3.1148965666568067	3.5975605022494332	-0.25181349736554853	-0.3361745804610258	2.3081908287902855	0.21002733527919817	-1.0106073086651537	-3.2968035287888346	-1.2233582883415401	-2.245678948220314	1.0185631211541228	4.4335701038390365	0.3701398823671104	-0.5746601787269043	-2.194634170273854	-1.5633105390577686	3.9265426772751577	1.256053086915634	-1.0698303533727562	0.6734059432240002	0.9974331874352836	-1.0336772645677166	-0.8350602383275411	0.5754913975579478	-0.3530262328419336	-0.7449993587029875	-0.5877673397496779	-0.7629245543017089	0.7458868089703151	-0.035569155165296094	-1.4444090109172478	-0.6477674575496557	-0.49823398383431183	0.37724995640557574	0.8181136684379171	1.2683830581779072	0.13541034652971531	0.38505924662919716	-0.32034865991700606	0.21174216648434652	-0.17703262200749328	-0.8067537986414672	0.3087618991137627	-0.7297045428179703	-0.7592537522781094	-0.27692893312420647	0.14359339801648585	-0.4995590630637066	-1.2442947926672325	-0.3376767675084802	-0.09433705748593284	-0.40933344956798917	-0.6797541776558991	0.8151548691543451	-0.012226722151680688	-0.6172956661182576	-0.5025980361283381	0.030094125335026603	-0.713617347114257	-0.4013193968490317	0.2153185500264572	0.3187025487225209	0.7576109140123796	0.011461649958526337	0.1758160062573962	-0.5096298056390133	0.9779169743271908	-0.32371166818334873	1.158967003466356	0.1301093774070983	-0.5376465648877211	-1.5519976353094842	-0.04477279674447487	-0.06663410127727931	0.5121616931249905	0.310479704138215	-0.27461610359062505	0.5407513552655598	1.4329246373875923	0.26517542934101873	0.010653871504346189	-0.6520682603127959	-0.04093279447445469	-0.5862328968143332	0.15570016318141625	0.6638625621372299	-0.5457572955200224	0.04461227696017104	1.2455953292361097	0.07885234301274772	0.5870718643065564	0.3995059333248227	-0.29482110721360444	0.6343029613305836	0.2885244211237653	-0.18683742177124457	-0.012149360041596417	0.19631019349345244
DTXSID1033539	7.350830217095809	10.90720866769594	1.769808057877035	-0.3343671376868122	-2.8656379177721965	1.0631069919447775	-2.689586639287437	0.018030944811859337	0.26735321537656936	0.49756153766695677	0.7605921255924872	-0.9753278542311324	1.205697437458845	1.0017259070920927	-0.19154417964846251	-0.3352385476528555	0.26061987478340726	0.8536263594588952	-0.9133530097376026	0.4794062677132298	0.595870378882462	-1.414972146434323	-0.5841747071071222	-1.1218687389552897	0.5174907469702824	0.22728326316674405	1.7457684827065354	1.9898884491393056	0.3199399833363091	0.8453642539158911	-0.37033106042287206	0.6865044508082263	0.05957251815622789	0.9368152288437563	-0.0908791140515539	-0.1380201890215147	-0.14657363275754592	-0.042659316478489626	-0.3200162824429522	2.273520287639551	-4.637559366058134e-05	1.0360636742843667	0.013524389251322167	-0.7023519777401563	-0.22146218374928608	-0.6841682786363372	-0.031521871954465104	-0.16123428206522047	-1.8816548075730675	-1.0757832403353051	-0.16042975318983266	0.11696114597718818	0.12095537415543847	-0.28801170720516506	0.6422064821988808	0.4982654330377951	1.8818401359308712	-0.43835694786391977	0.4164331903708559	0.4324421664000054	0.8187379745925104	0.6298245292617817	-0.5016678287586338	0.28431340336506006	-0.5049101745272312	-0.1086805120970308	-0.4791060537040405	0.5189853276831163	-1.306768540570434	0.4486850958290484	-0.47609213143983803	0.7268027742662512	-0.3689850782581363	-0.3181734453191276	0.053201182612826435	0.15827385673904507	-0.7873551620101108	0.8657412642634715	0.20933009526671836	-0.015376839452632485	-0.07061682009313366	-0.02345357756593637	-0.17348232093715021	0.021504475825005614	-0.45053207639209064	0.0817631239976186	0.1862328167440459	-0.026513933113341208	0.14502126380059577	-0.41920305021675236	-0.09826963413236435	-0.16733493501156055	-0.2456164810551916	-0.3581807263970725	-0.12309474550659676	0.5272964032711694	0.31169027845706676	0.24939288183730693	0.14853426650971568	-0.31035255074377555
DTXSID1038321	-2.610962648062387	-2.4624413060108714	3.690242010140012	1.8737130830078732	0.6387593404172478	-0.39096544803569155	0.042412336398633205	-2.2880938034041893	0.009054598778097665	-2.8778056201095543	0.7282673551305406	-2.015933745878687	1.104627588367082	2.9878249807919905	-0.2972895545528512	-0.21427538481694872	-0.18318738532581205	-0.6101152759047334	3.1300618603529853	0.4251039167705693	1.086069757471803	0.1315103216321839	1.2577537742803504	0.19786113618254927	-1.1913867128711775	-0.026399350455740843	-1.9330234966608344	2.613233770105456	1.3940001988443764	-0.07205763429449238	0.4280969112431566	-0.21018763955255262	-3.2549493867760857	3.7329990531419885	2.2603457123517074	1.3165585970984008	6.806926870496429	-0.7312412579284401	-3.0056362739070863	-1.0895142099149098	-0.012928044262303514	-1.2438528198480354	-0.21270815905363483	3.3529112258136977	-1.4537147383064997	1.0815794733007165	-2.063345685111747	1.245140737060535	1.17372151893649	-2.098703702556354	1.27177157133972	-0.2962369531136747	-2.6665752221322534	2.3111833841137304	3.3448802568643092	-1.3846125181194913	1.0338883828286372	-1.0582113241952658	-0.42190960202571176	0.43574026193849585	0.09373880426790761	1.7852914865674734	1.661472301576288	-1.1380776704013225	1.394077286359314	0.3590064013747137	0.5037367309025443	-0.8240005049842998	-0.6565685193543456	0.711172404906383	-0.8202903046521124	0.7158210102130442	-0.2565271130051177	0.1908912506542734	0.32887734095938137	0.987806566987247	-1.2564004037939303	-0.3488223447929663	0.051640554215124215	0.40387770871057654	-0.4526477282379015	-0.5502704952975843	0.23429755825319007	0.3303604500511841	-0.3283691514385383	1.1526666969588224	0.5383735316097087	-0.24970831993679657	0.07107100636412385	-0.2136611728876773	-0.38650847149964546	-0.22648505076427425	-0.05846075122468724	0.4099117122316041	-0.5430280131515833	0.4170156418169785	0.44518724635349044	0.2725559464041362	-0.019029730464919653	-0.10336242917914931
DTXSID9021217	-1.953693224539605	-3.0317216998259884	0.9560135510303449	-0.6731104894996244	-1.83259194722747	1.4507337590247986	-0.3285585428393296	6.602847625108163	0.5902223817161812	-1.2963057362357353	-0.6649773099522682	2.052293855601373	-0.8400138646111667	1.847048120096017	-2.1453104639547154	0.8076074970977032	-0.1389065899598926	0.9570041291582331	0.6864652580739345	0.41865509567284814	-0.506465450899168	0.44259450394559535	-1.2456586551825122	-0.13317144510925183	0.6380478150257167	-1.0736064542746444	1.1884541367300767	-0.2448403954370515	-0.5408563318771079	-0.36725291972187607	-1.3223979202877312	-0.5312438589839761	0.172208878323669	-0.25701826013091505	-0.6335526307948236	0.025142313971812002	-0.4142773242898365	-0.4196485059183916	-0.49776054710925044	-0.052533176888187545	-0.5091196900568348	-1.3100361694062737	0.549313342110255	0.051233870890058306	-0.3715612673682951	0.2665710094622363	-0.18645256589363743	-0.22358412279381543	0.22107873723058608	-0.12880415028865294	-0.15945074875828968	-0.4414144938428514	0.7288369939454199	0.3647503373460459	0.4173978145419267	-0.4192047657247704	-0.0542305827764148	-0.6413060446374459	0.3363268464898203	0.0538810361948467	0.35714606829791595	-0.300845426922785	0.13140171395903982	-0.8093014146843357	-1.0189429740338667	0.514215007815245	-0.6684017872666949	0.3787405508911428	-0.16156096858804647	-0.6247758568353899	0.17265407231277696	-0.9629960518424812	-0.7980408202744623	0.01806340780139445	0.23431376332362827	-0.18936852339537907	-0.9561568937135618	-0.14321900440590818	0.5946824374634241	0.48023632663125626	-0.15679850488439948	0.015370283024426576	-0.2057319939891473	0.2938604106285694	-0.05000997677813069	0.12297700647937918	-0.02383757409075854	0.007366003226804823	0.4125491039713842	0.2772088777168858	0.030081989968085556	-0.12962721681983946	-0.3858447548898441	0.136825555414041	0.4722617328033133	0.185319189011754	0.06836471297069088	0.4565757663658586	0.16527726674225499	-0.1363745462133237
DTXSID5041302	3.467761862264659	7.023454348506031	-0.7063815485954331	-0.6431723413996641	-0.95931437986222	-0.17745363768752004	-0.16111127448571996	-0.5802663353830227	1.4146125685324507	1.1873540332049386	2.7246575247980815	0.6680177165931972	1.217385691429172	1.077441971939063	2.4661222885161105	-1.0329415280851175	-1.2258738069335753	0.1194581538029671	2.327814380434162	2.8962082415869865	0.8812556516420279	0.6469305468658907	-0.4711140004848187	0.39232153744332365	-0.6976831604265817	-2.931762168507245	-0.7363677179185921	0.460150091052501	-0.7856244595837916	-0.4402026576939177	-0.49013120337415284	1.038626387833404	-1.6403412196349676	-1.0604529406557892	0.141458713121652	0.3678576966920223	0.7584511982252131	-0.40244654642070266	2.223137534792919	-0.22474625268361753	-1.5852514124194825	-1.4465982654113294	-0.2035267621158894	-0.2878025375134252	-1.0885812205619338	-1.9733811855642311	-0.8129708203813217	1.936739543551822	-0.13177238449214898	-0.25124744240114766	0.27445707676175185	1.1439878839938302	-0.20922316979417088	-0.9008266751626887	-1.2693038342115621	2.574930106536025	1.4145034754302819	2.4414169948604743	1.6342701439842733	-1.8826703616013165	0.254990351874548	-1.244458559741516	0.2565168453490313	0.033285813818829404	0.37773555824101035	0.4805409895650581	0.1789200470012911	-1.2984304318996585	-1.125846080876346	1.4180270366778938	-0.7294378133991863	-0.9213449525020821	1.4921024770626679	-1.1448009583276793	-0.37796868890900637	0.5507040028807003	0.9899592850910063	-0.4737338607671156	0.8330466522913186	0.9489272182006285	0.02767762256696157	0.22513780797177052	-0.2872920800550431	1.275356172878104	-0.13603627229818405	-0.09661594632179772	-0.6718354773357829	-0.44262387565076267	-0.018691097002370035	1.23782768553177	-0.8010274563980436	1.1923690623193761	-1.0867822491809467	-0.029879853995835873	-0.09526702933232706	-1.7128042898650295	-0.37640810222383236	-0.043854157185122915	-0.7682953746170975	-0.3617704741077816
DTXSID0025991	-6.990308606260172	0.4923693037390933	0.8918327273145268	2.7912142164842315	-0.995401152888594	-1.2279645246434827	0.8419785162889096	-0.6816766713858446	-0.06533477124198707	-0.4027095544957235	0.053705902893844096	0.060151609514160494	0.1417083183720413	-0.43221538755766153	0.13923649401977048	-0.08690745377180753	0.16730905659674195	-0.715046953919283	0.12170880034401611	0.46745686124241	0.10334931542000159	0.07901023632270901	-0.1895440854856678	-0.030883302564578465	0.0072459602276475936	-0.2950438938385036	-0.2599333624359017	-0.08007618766658481	0.12531946647891548	-0.3502649922726123	0.5095676607919334	0.24012166986702005	0.21847029477757496	-0.19436491208181952	-0.6629584068363626	-0.45858449675765084	-0.19275233833465932	-0.08763804856354475	0.27349451321889995	0.08765152121978435	-0.1195526453677297	0.21708343451713133	-0.08933431885444651	-0.16435124164576517	0.072309047644195	-0.4098831476264082	-0.2655232673864055	0.13544065552894377	-0.38566991914824117	0.11456616154918497	0.1557840804964041	0.05184444274722135	0.09336763698757854	0.14853182307535287	-0.01928161286305585	0.29349823888124404	-0.3366791151109099	0.3528369179883938	-0.32563465465737806	0.5424018467970122	0.2971248971346004	0.4074754757307086	0.4799212923036	-0.36770001955208986	0.45857951609638864	-0.3788822781184305	-0.09790373690484534	-0.32093574707252837	-0.048525845151849045	0.48945391042011815	-0.026571825839990175	0.6945991199686102	0.38699801181664156	0.23317895212962933	0.32374894447935987	0.519511910648025	0.09968454792654824	0.2703670847051453	-0.10211321159886966	-0.18058339543210516	-0.5329747146634581	-0.14984760755908952	-0.024846681417588008	0.060946560960414	-0.5815083442827761	0.15788871639698937	0.4203429659810727	-0.1023418684153316	-0.3383595257919978	0.22674137239747577	0.07397927206540637	-0.35458822606656587	0.2294543385948654	0.05330511318920323	-0.4009823584917277	0.15213982380499866	0.4825127062382925	-0.08694996149877368	0.08686170469792387	-0.576318717152338
DTXSID2021103	-3.7596012754064874	-2.8812563586464637	-2.4316514637186852	-3.4816879749888257	-0.2606275958975078	-2.43747824665407	-3.23407103032948	-1.542394651526097	-3.4151329996695754	5.471937030864606	-0.43318320920233566	-0.15235020184205744	-0.4707012019825402	2.7307284604466	-1.183772833835617	1.186993716882264	2.7237828048195065	0.6282546427351771	0.3054287456215765	0.27074573553237735	0.8546320786428043	-0.14008621280007238	0.883500910777024	-0.5978667158016684	-0.6275056967647717	0.8141896549087139	0.8152482025835464	-1.1868363239161	0.06957357809136985	-1.3760136527649114	1.2390624945589404	1.374414500991331	0.07200340016003702	-0.790754596019401	0.528824263746696	0.2662264010399075	-1.5927787278645453	-1.052132907525283	0.5163076133762686	0.19407944440112485	0.9850926161968677	0.25562552443490527	0.5030856745683582	0.5325369376250402	0.5422162039913667	-0.6925745228036374	-0.3483273969809373	-0.18208336397894867	0.7095133245708778	-0.7868732605608432	-0.9596905768094577	0.18427620109599094	-0.4481554417173079	1.3798043200578538	1.4778178683688983	-1.7677421111722316	1.8016852656695626	-0.36302282880936015	-0.789323150664769	-0.26744079872960835	-0.32902746150590984	-0.8142990090351525	-0.14262968809131202	-0.7261275124430896	0.8704922586774624	0.010067695400886733	0.9721464225604111	0.21380601355353274	-0.48961014198678965	-0.5399331425541841	0.6245593070899806	-1.0723718062639784	-0.3750883830106341	0.25892349310617724	0.00794489835976079	0.8520495738673661	0.6531770817265327	-0.41778206376148835	-0.9449196746638538	-0.5224744528566728	0.48165201872792457	0.7106746343975525	-0.36306468667594227	0.21961991609138584	0.2849635974923668	-0.22830908771383232	0.0809219140713819	-0.20868840126515767	-0.652278842718122	-0.028190296897292393	-0.2068947489957024	-0.14298301692456017	-0.30645449521372287	0.2015139200652531	0.08937371663360094	0.04344255759411996	0.0789913815483765	0.2806922723410588	0.16340517952502934	-0.08859648744437418
DTXSID5025998	1.2352386166579277	5.262997459022967	1.4251452550642034	-2.562203828119438	2.974727205720908	1.7364988601295235	-0.32370416091321425	-2.424844018565033	1.4141996610016174	-1.425311442102186	-1.377751695347251	0.6753255568019131	1.3085766968178938	1.0394854119970423	1.1761647046015649	-0.46263585117131395	-1.6644900072161972	2.754343059280785	1.0335261665312296	0.792290102521474	0.20552029295444924	-0.2209090013042194	-3.4279856340010357	-0.26941462586749904	0.5868508741796327	0.4294984253673177	0.8253854641481135	1.5114502115307675	-0.2086580544155142	6.360743039127349	2.811930306080196	5.270954445042612	1.3251834787019743	-5.1516923100008105	0.6833639634127414	-3.483319710487794	-0.6243788566639173	-6.1832771283225405	-3.5104552932571944	-2.4090555646512395	-2.4378578934493533	3.271649394248106	2.5617320692322147	-1.8172247031554394	-2.1971771562004343	3.1777332022494265	-1.9680689054916949	-1.2465141904885422	0.6427564207383136	2.5129478626538178	0.2475235857919481	1.1468623880990998	-0.5637879930845305	0.3592283774189869	1.6743303330589157	-0.9263753188843421	-0.7179705593488145	0.8229201256320503	0.467711593439259	0.07306753982941644	0.0733712032006025	0.10373814754960944	0.0921743748468266	-0.11701720318674488	-0.6716344318206742	0.8797496712807618	1.5998796179357757	-0.039783256362188546	-0.8196411293291488	0.3817142867338993	0.3503872269182171	0.6764877895965152	-0.5019308222271666	-0.18942882945879255	0.33544444969464815	-1.0083788185546805	-0.22158722229022476	-0.3496304858768726	0.18487384414416336	-0.08183152927272669	-0.15413605515482018	-0.25935083285047705	-0.4504800917713016	-0.043150543119750744	0.11873486075739177	0.20278126223248766	-0.6616232516391084	0.15197944107608594	0.30558107172549975	-0.38993998687216674	-0.058414309207187536	-0.32841370088422844	-0.5426671127436851	-0.307453834672256	0.4339455637752442	-0.8698017685397317	-0.20809859692259727	0.06166667828258106	-0.2679663313684336	-0.3918504237276669
DTXSID3026308	-7.423142492055444	1.5348224874367302	1.185203754574263	0.9537471321490164	-0.5338753698683049	2.3798559523148954	-0.6917968661011495	2.0371565139529917	0.6245214860565436	0.07117570318439388	-0.5617284884250971	1.6384745302800812	0.23915481853145865	0.7433260281681079	-0.3840164959200245	-0.9112270930725758	-1.6314473260565683	0.5662700119885549	0.647369834677077	0.0748801250904911	-0.7467629925980017	0.44577515272021007	-0.3223185468363113	0.4879005501666567	-0.3567268247378666	-0.09138948401866293	0.393186117170356	-0.5922884502248	0.3260021501220525	-0.8143735063911876	-0.03455237300395455	-0.3787867370357302	-0.13159764400215815	-0.09981023469600196	-0.626427793570401	0.34685276104276674	-0.8212123610647197	0.053945319182999836	-0.6425291636684463	0.36145417825322984	-0.3126812922516225	-0.5210297057056348	-0.07685304021197831	0.8104097356028447	0.5862816543388716	0.6294023601935693	-0.3196456081705257	-0.1773154583462205	0.5656505744647283	-0.1484654745521326	0.24925054080036785	0.8300532997141346	0.16326720519925028	0.5045996898354634	-0.16402682740372032	-0.12059417885577839	-0.1781225981438954	0.07940006111351093	0.2950399860063755	0.36886104662082214	0.19877270048085988	0.0796427611009753	-0.016641368868403294	-0.1785607995101454	-0.045874842462528445	-0.4778863829719346	-0.02206238659407853	0.11079436211856888	-0.1828240702592943	0.1902964258444214	0.05787208792597995	0.2112975594633034	-0.06279238309829441	-0.24753025295097647	-0.001277331987306722	-0.002033239582512053	0.06936735712162978	-0.001613406494015245	-0.15680527741354341	-0.22390126283273315	0.060633847700547756	-0.09522682899597203	-0.0609831576719021	0.29724028625424664	-0.058652192892596676	-0.1811986605335924	0.2287585744985086	-0.03345966908274818	0.05967887580362328	-0.0564391779703023	0.07990567310240043	-0.03758383949809352	-0.2571645944485638	0.20400513768269185	-0.04568014797159659	0.19571776153838297	-0.0912488717234778	-0.24316065970808806	0.014324531999039382	0.03989031630494181
DTXSID9044663	11.851660508750701	-9.164663654831278	-2.4373646842195185	6.25985261030385	1.1994154856278132	-0.47158080060620655	-5.630225584347907	0.15395398408651748	1.9538032707775792	-2.9263471684141376	2.38663278531738	0.2198270271445748	0.43409194557511177	-6.0383826083912	-0.35681048791019554	0.7465102871107818	-3.1282613424926122	-3.5582390924366347	0.18838415744127532	4.128508855986103	-0.22497890745169877	1.2023060923298925	-0.5770503390242644	0.18157842861928164	2.4532947168555177	-1.7281681822058346	0.8863654288993625	2.933482725931187	4.681185658343836	-1.5479693117527538	2.4594715576700974	1.3758512178292879	1.0100384531365538	-3.790104489347544	0.8946689562510393	-0.8177872095637666	0.46447322429554305	1.4313457728660792	1.5387985881582336	-0.8652715167955695	-0.07953376646111163	-0.8194086763375469	-0.4283715280560582	0.4263929327748061	-0.40975084444634013	-2.035343311321625	1.377502340825991	0.047791327436189225	1.3448170902148213	-0.19287123663131794	-0.28981785650576475	0.4080875161977139	0.16074704125141767	1.359058941653288	-0.8450710750130072	1.0330177219045429	-0.380463486217827	-3.4783795783854106	-2.319927924531562	-0.6264033569194145	-0.06901733923198067	-0.17590394572755602	-1.9472277007322927	-1.6478530315900293	0.7211785678316275	-1.6623774945338858	-0.20755929491398784	-0.8494890502977948	0.18097614845293572	1.6865383751385228	1.4647193949845103	-0.7676533706601254	-1.2919788665153453	1.5626521932450104	0.390132734649762	-1.2194852068499522	2.513063673684236	-3.9264586051483463	-0.37359149981177997	2.525842409218556	-1.4430748372672142	-0.7644098046533907	-1.9805096126584187	-2.1872275207528222	0.5731361550987204	0.419819231602967	-3.372816042795805	-1.1116363935230864	-0.09018984468661474	-0.07309814042695767	0.49054680578342347	0.5941543530962515	-0.049358257538051765	0.376513806993856	1.8894613961904003	0.8144864232749685	-1.6738210363902162	0.5891131605628741	-0.14059422976750574	0.12937705015089393
DTXSID1037565	0.1507346554400656	-1.3213238956295341	2.096304916185852	-0.47269780491453833	-0.777137258580862	3.385142197607125	0.6284031487051649	-0.21458682152788142	1.0613153674356497	-0.9702299142821769	1.2104860859584428	-0.4637021747053477	0.2675220711337297	-0.5974607031966366	0.682910216411423	-0.7932257620022932	-0.18652727977342498	1.5007572388728232	-0.15409515844198243	-1.4907022686777267	-0.6131843725437175	-0.522359245760461	-1.4731865633778056	0.44808906907370427	-0.06739854574199675	0.3137087505256417	0.35750378744992595	0.003443791492511591	0.1472982075232386	0.41701017853897204	-0.04363162299267844	-0.5625080225249659	-0.25716081662278245	-0.21077669243775138	0.26826861611235103	0.5882071351380276	0.03459764912257157	1.37967852294674	-0.9054532865112003	0.017645553420312723	0.862547362491018	-0.13672540707121697	-0.7909921233759126	0.11623017179700532	0.3654849531122301	0.24037942861534778	0.40411057709980025	-1.4272787820943307	0.3935403359174322	0.46085112798786215	-0.13376419126768313	-1.1275796300093357	-0.8528463821679894	0.8845314814358252	0.09713136317617672	-0.3120213063159548	-0.23774719814213308	-0.3531093067742482	-0.7236741519137765	-0.5116139338246594	-0.1511304049738689	0.17086689689965892	0.028640422382470044	0.16536860590368507	0.5669111498366987	0.16415283947124346	1.068694855474736	-0.8472862199408179	0.31500804538811245	0.14202045455156942	-0.21115081137883873	0.551686331733159	0.5167654634914931	-0.6734565730281146	0.3597585089187813	0.26596600724658276	0.615809234975383	-0.1425011298879904	-0.04770207491939061	-0.008437885841809723	0.03017263797809774	-0.15740887330867293	-0.346749086738049	0.6020738991208473	-0.07918868704184899	-0.22706857558176555	0.4198822834121956	0.16813355611940237	-0.44379580902524507	0.17345227257430113	-0.15895772981627443	0.02487688108197516	-0.17215422873624572	0.4689425235313687	0.08179447629932067	0.363816251624327	-0.506802215052198	-0.1497214655566354	-0.03440671417396315	0.04932369688150163
DTXSID6044272	13.717153778110863	-1.8203846936295667	-4.821170006830133	-0.6647840177967997	1.1401635614899166	2.1027113574782414	3.54527441553588	0.8428155544590883	-2.287204307756835	-1.1628070195850517	0.5925202605381562	-5.332068883559736	-0.8472362814999763	5.885559726452121	-1.3086161857687357	-0.4071944018661964	-5.609961033597374	-3.1700206188226123	0.45509992799759635	-0.7877705418949252	-3.0839685124374565	-0.25906291747523025	-0.37381905145597116	0.4850346412065639	1.5361440105430646	3.954786121280465	-4.1646629162591795	0.8304385618288973	1.5621095808639722	-3.423202024885081	1.303746788227831	-1.3962787384875979	-0.053407721737257274	0.37313462892067173	-4.537019326349682	0.3792529211193501	4.594124640311863	-1.3938840246581297	1.8604112518663254	-3.098375971190948	-0.2254490571268074	2.9899339032454764	0.3904910005208247	0.06505369418476345	-2.5633290936079023	-1.9201620625189018	2.9022570255399525	-3.132452172926004	-1.5468819069499762	0.8451467376952474	1.3227566453433715	0.39495422473834657	0.7216814139253761	0.6682716026592216	-3.7351119318610544	1.7174460495877724	1.9803337021397804	3.344444483844322	-0.6838079428097095	1.974421491914811	-2.5233353070774593	-1.3101435634951712	1.2325652141302963	-3.0456309265747854	-1.1464675945180323	2.6405738318285388	0.15646138929144784	-0.3348964564161911	1.6643816636382793	-1.6366504498647771	1.0007068246264657	0.9405258342725864	-0.9633056455476697	1.2638367455326842	-1.59163978721448	-0.9834114076787456	0.5376560088149082	0.6693601121958258	-1.86037507750977	-0.4133634451669778	0.3769636714892343	-0.24730161856999777	-1.5610261070587583	-1.7929382167771675	0.37649011527267173	0.9814374518660971	0.2820445429502426	0.3344355769282174	0.8480661972557642	-1.2433809763337267	1.1442364459642225	-1.000742481478544	0.2794372331254983	-0.20041541737734064	1.398586977074252	0.315279095413253	-0.9818793972953572	0.2130078348786574	1.794204312764051	1.4044031856222774
DTXSID6048838	9.99780490298059	-2.7551431510121183	-4.0061487351274465	-0.6440964174714163	4.489188193251625	2.1367664234565398	4.341960359069341	1.569261291674827	3.9467553592923794	2.4107055883991717	8.199506459447996	1.4708661787905202	-1.3696037552054616	2.460438404089135	-0.03470157818993602	0.6861799647692091	3.3794885824379644	-5.954647404403815	0.03776927083079866	-0.7348850256676268	-2.0134032545701506	-0.13206815471707456	6.42043641687853	-2.4493727428567436	-0.4035799295662201	4.766521776747015	3.0141019365340926	-1.3864453299588613	-3.1629951692254274	1.769719960919957	4.916606532988507	-0.699714645846685	0.8748591756273668	2.4282256757584055	4.311088599526983	1.5014648775721153	-1.8272705610652957	-0.018833638549390797	0.07832998384217368	1.920112902764798	-2.6491361695387656	-2.0462724356464963	0.3313556962490081	-1.040846350681676	-4.544743655335422	-1.1934409357613502	-0.7021670970497305	0.9397117974944745	0.019168346336919998	2.377941979512865	0.866976666708156	1.7827831975324329	-0.32246238421234696	0.9829828608316845	-0.8887219954003555	-0.3121995854142322	1.2279180220418116	1.1066501754524576	0.06819901611799008	1.699142235678042	0.9057781777791394	-0.6842524513620208	0.7631376501013936	-0.09612336354847541	0.5505501330061597	-1.0419976431512956	-0.981167761196384	0.724112679379399	-0.8415305874671319	1.7775738493959645	-0.2644768320857075	-0.13367258178090072	0.45395156086337407	-0.2483911310722608	0.3840430747332065	-0.34639131808248746	-0.4255652232142084	0.08646270593018454	0.04391456201017167	-0.7904165044249077	-0.3040666615074536	-0.5663333423721577	-0.13012309716920792	0.22660360383105985	-0.34042771893142715	-0.7217640822929624	0.4905012569733634	0.6552249106051743	0.2411384160861979	0.19684657790628657	0.29053895019911546	0.1966061969762941	0.024851575291478512	-0.19843735042378113	0.22718684285723154	-0.6733259303655813	-0.1506608520384258	-0.7444752381409137	-0.08860281787314588	0.43017805234763556
DTXSID4027286	3.672587466146716	6.1296058896834005	-1.3077679565245666	-4.945382616742667	13.83056364439233	0.9535875628064286	0.534078198585922	-2.581090731108729	-0.4619610126197743	-1.5798570045070306	-5.941169876070399	3.2454184186268065	-3.9484114268666195	-2.326034674630853	-0.611990312934686	4.905300637883175	4.156860932162946	2.9691081415014584	0.1348699869340705	-0.9745500260285748	1.9013771099715115	1.001327463148937	-0.8604646841101558	-0.8057889562243248	2.2408286459970235	-0.47017391799478014	-4.024428557185657	2.2197936266251834	-1.001206209318051	0.9875553794375937	-0.17861797159094614	-3.0509072444110568	1.9026975268021735	-1.5051501592522687	0.734985956546451	1.9275631546309309	-1.1700143260702356	-0.43727794788551794	-0.5529055728607255	0.6882857349002544	0.4231424840764619	-0.22702769173453963	-1.6468597927674142	1.4503027952892784	-1.7812488038075576	-1.087325021323655	1.4005477804612974	-0.00023899701946015277	0.39031744650479405	-1.3341961960494302	0.06349428039781067	0.4617555551690023	-0.24983194580636822	1.3118766675692906	-0.16136141203484178	0.1258532842220494	-1.1941775863076878	0.4701556231742382	-0.09717053013849833	0.7583856455741085	0.5586643675203091	0.4601298337969641	0.40028206158704516	-0.7820196513430693	0.8181862257127377	-0.9476928870461949	-0.8743733040164517	0.56852774210813	-0.9615974569682757	-1.1780571288723676	0.49969122433437557	-0.0010298012111775482	-0.14168439410401373	0.0014981378069544033	-1.2353775165883494	0.3179445668194449	0.5096507420543896	0.4022507453645268	-0.5029820907179531	0.21567438694602992	-0.5379935890814216	0.23150671237332832	-1.096166682824339	0.12587466479276155	0.39345429487852135	0.08164240328463075	0.049820116788934735	-0.5886643048255558	0.727997899541331	0.27283247938708566	-0.026381300581188018	-0.5428094242595344	0.1345342569676446	-0.32088109215465727	0.794485983677183	0.02129311088794471	0.18021470124306138	0.4247848521620006	-0.04919096858533133	-0.031079138207465634
DTXSID9020089	-2.0128453105571307	-4.313329703709753	-2.211675740499902	-3.4723007012027347	-3.302895788299029	-2.3360353825930167	0.017377698412617854	3.5446097401822323	-1.8508145591083902	-1.0314840991840732	-0.7734391065211773	0.6240286348443198	0.3573706323837195	0.19916065551149692	-1.799534316799312	1.5391850110414804	1.2143841190653657	1.7980853206604444	-0.2209263188409056	0.6379888716315428	1.8731323174634242	-1.287996504340379	-0.3038813373111274	-0.8547254895194151	-2.5471805426433183	0.23197548351883765	1.722464438881996	1.4939471984535255	-0.8906798931554983	-0.8233439375243188	0.12833357051797295	0.1807767369862022	-0.9712876286100788	-0.13147209165751958	-0.8921074499713928	-0.7624614347268414	0.3776899927471019	0.09071789245572712	1.2019963064810546	-0.7105209075669513	0.3263855285974227	0.941168464267613	0.05755554136776409	-0.5975192699774726	0.21137147787376045	0.33388327600507756	0.7840868547635056	0.12990894265252725	1.2476916520305104	0.9099507609298559	-1.6036444059775152	0.2254895202020613	-0.24748072859963985	1.4183198214718604	1.5027480522900518	-0.31987542286497067	0.554174456812779	0.6112724363110552	1.2020700444705557	0.1410592100175844	1.3248807059350085	0.30667142783571627	1.374099061217862	-1.2705380904187666	0.02420706771652453	-0.5793052948596853	-0.8349777195025764	0.020391599584811227	0.4602273551216337	-0.2474803357407559	0.2385955932563404	-0.01331000685949901	-0.3841265211897846	-0.04524084477697052	0.11870966352727579	0.26432807640725264	0.8255545636551626	-0.012097617967748598	0.3878869635241831	0.48212388525144856	0.44916762025268986	0.3723777377518355	-0.007053998122444114	0.01601851079751814	-0.09245435426802412	0.32969596395405604	-0.046568902333191116	0.041223863233322174	0.005874546878126755	-0.050319280447798494	-0.224043163884127	0.040866783676529725	0.1742757623747044	0.22590425049910415	0.2020856066229525	0.15576103050295742	-0.08906895674838505	0.2516233463502141	-0.22556582493723912	0.17031635047135138
DTXSID7047198	-4.9672791924191335	3.40421520021411	-3.225873602947543	0.40216773831463437	0.5964974695765217	0.4044644865177983	0.9692963225103202	-1.9343054608202934	1.4259400269090496	-0.3819770096558942	1.723260692808841	1.0411517492701816	0.6020750404078118	1.3236071086388506	0.31138160080112554	-0.4278722770311237	-0.3396882954618336	0.8923983524739887	-0.07301835670782991	0.6390024830106762	-0.9688903772726727	0.4153666835316897	-0.4087240721843346	-0.07810860887477997	0.06802719937620866	-0.29455078255907996	0.46543187456818474	-0.46169312402503987	-0.5124764672717819	-0.7594397957185404	0.27328906064640635	0.41797875839702936	-0.1773555812905891	-0.058832270440305104	-0.031213643832905837	-0.1765278314251751	0.8108832649269911	0.7711884461656621	0.17833003507426984	-0.3572588395650413	-0.10942581506105006	-1.0090464216062507	-0.18395985265554662	-0.3156412304459156	0.5145182825336788	-0.7625951950838534	-0.3339656943362787	0.3884984178594396	0.45396572793373313	0.16346621730844552	-0.27939356353846573	-0.3934740685622466	-0.0817107703965251	-0.43207840506895745	-0.5879957459373676	0.016636749154525312	-0.24687745514898765	-0.4715697461947464	-0.11476570420036686	-0.3822506843171321	-0.3874664147951706	-0.25520939972194656	0.18683981963802557	0.02708102643979232	0.21422968853029223	-0.03152679346392186	-0.059657496273114057	-0.1626097434352941	-0.046906088955904035	0.38676411093166935	-0.489486992637929	-0.3278088662072264	-0.03802122161097233	-0.15991841376214103	-0.14203309727554236	0.1835674187003012	0.07615834398768427	-0.0692424486341703	-0.10295396463113374	-0.07228828393728856	0.25285379246847645	-0.3603017960422652	0.5220151841951783	0.026266627430924908	-0.02490736523247388	0.3342268231556324	0.3203710604380064	0.11699973919411596	-0.38089450425946014	0.15069524477903656	0.24889486437852668	0.1931135594001941	-0.22174970223990537	-0.10785549814586108	-0.3249535248335203	0.07335955614275322	-0.020245513652708887	-0.16730117492653132	-0.13785817349366022	-0.2762167566049867
DTXSID6025143	-7.143964338770146	1.7551482108267247	1.6777252024046998	1.617270911540751	-0.603367920266267	-0.6319756974095995	0.8522444225013924	-0.7386470029301871	-0.17813939330788847	-0.12687091892468766	0.7829065927170343	0.26228350457415606	-0.17674952775375297	-0.21371355022305255	0.42707198159697296	-0.7139247825925052	-0.7874490009745599	0.09785172560876139	0.3905798068563684	-0.3570958365288849	-0.6753301298848827	0.35997047774181107	-0.5658356485030427	0.6172974065838411	-0.6104319755041817	0.23448377666428438	0.23352441242783983	-0.49235050183960827	0.13882214048150204	-0.6489292091778145	0.19168709782578858	0.15336650853770586	0.06393372786479162	0.06566599995215468	-0.2744245918969844	0.24189419249174104	-0.4235377830855095	0.6019222022015239	-0.5778612744057801	-0.013187298508111163	-0.0943102623640956	-0.059020596437480706	-0.0478264610147334	-0.06587851390838513	0.4935317815615896	0.3417815138943415	-0.2819467565328644	-0.06677649077621158	0.270178213919039	-0.1808959606720675	0.2035221210715619	-0.02451314303516484	-0.17382572623169562	0.12483730468118469	-0.3969461589748881	-0.12290484087287087	0.276069821704017	0.06765022803193033	-0.19096490266309302	0.04142695813648945	0.6749692770466749	-0.2741308964316331	-0.039781179533121054	0.030330104243568246	-0.00944541675907554	-0.18691670112552952	-0.2402077299686284	0.1259012058335189	0.01878989741054536	0.11922030514867418	0.009647351905781153	0.30103536095074596	0.06886469298112399	-0.4037837836007907	0.3211667992989906	0.10454303527290243	0.3455597878288863	0.21738001504710128	-0.26877258264829	-0.1469707041999322	-0.04270099446137148	-0.05044684658196458	-0.1914123281922777	0.2473907484002417	-0.11625223493926537	-0.23574049942532885	0.1099743998215748	0.14011088705630875	0.04085604281711458	0.09171096383256179	0.11784684648297652	-0.0898572590775591	0.20701565988990783	-0.024212726973224043	-0.16689805535730565	0.16369777836150387	0.11873854192358707	-0.15315618950152776	-0.1918906606488889	-0.07958490154040965
DTXSID1048706	-2.608732986259852	-2.138346159145525	-3.116177305956751	8.419897100284624	4.6470689510562355	-1.029307681365026	-1.156600453265785	-2.524211670229658	-1.3886202981999163	-8.908618771199096	-5.108843383834656	-5.340563153091548	1.811707387686911	12.758569839004581	-1.6074111045147097	-3.2389248773142345	-2.909283014071694	-1.5089612910306545	6.435591808530221	2.5629519416186155	1.7121582783549758	-0.9074676547082177	2.4627160116880282	-2.6024474131923614	-2.1196327907020867	0.19935993996715004	-0.7444804370688403	0.6930934009233294	0.22123986699249235	-2.231960803946435	2.1117590012582634	-0.10866781054624704	-2.4141513667135097	0.49878369228295827	-0.9852780242634293	1.964200043080615	-0.5654430939173627	3.124681911946903	-1.0696074833917282	0.22510821027138686	0.6083257699960978	1.7248370000271955	-0.8073034988280359	-2.2019704103216458	0.6581787647741437	-0.5177026731846914	-0.8678062054231491	-1.6230280453549475	-0.26109846176564155	0.019996243863474674	-2.0836757126724366	-0.12997850598311406	-0.9627879749649945	-1.5298444331315433	-1.0839043393587378	1.1586182035755734	0.9328394490459704	0.016099033756591098	-2.1334001271340544	0.764015111290835	0.0040199306091621536	-2.4715856537447967	1.0601688247141763	1.4360758660306	-0.000767067065925029	1.2344065378485387	-0.6396309099502281	-0.5336855746931215	0.9337616010448404	0.4689630846877443	-0.7767634003701525	-0.26408999818677864	-0.11931051233378064	-0.5995968130516255	0.35170439278884025	-0.21309142301427503	0.8343707508328752	0.021822381080221116	0.5870758679260892	-0.5140178677980378	-1.1111411175742778	1.4648366290073032	1.0224325991269414	-0.5336109635032105	0.005504594915780605	-0.01447128073425647	0.7815833453827689	0.07900954490956731	0.020921088255679798	0.4237374250511329	-0.00210184710752503	-0.29504943491282515	0.7238147110498956	0.34264221898225933	0.43844106810837824	0.564521323304452	-0.036073904723487114	-0.1442775592186181	1.2477102039129422	0.6663362069268634
DTXSID0021545	-7.826754274733688	1.69005572653349	-3.567824307144323	3.1011920582677113	0.16026275425160455	-1.3652313713609545	-0.3544965866210422	-1.4846019403843074	-0.6505264111498555	-2.487602254168349	-1.8108029730088806	-1.3407848791530799	1.0981259817268985	5.224260957910004	0.09969173330153157	-1.8940467490955344	-1.1700535937778147	-0.9573261853750905	2.9992732348799915	0.6194313795351382	0.051515912965220484	-0.4403242472358797	-0.1838517287687421	-0.3642636212681736	-0.8633614322572599	0.005972120098675254	-0.6454723667463912	-1.0994014300139472	-0.5248286120206156	-0.886363051239544	1.7393187703545478	0.20660861094462737	-1.3171830387398094	-0.4921241955071751	-0.7722135005895984	0.9259246771795958	0.7707817581382278	1.163651333249273	0.013240443607721081	0.17136894611211595	-0.35716063051047287	0.4896827671527557	-0.35197451360707666	-0.4339416866189397	0.021981221958532804	-0.5939476046828487	-0.028562450046935615	-0.45022359340947066	-0.4176820310398369	-0.5813900531156845	-0.5663432072381125	-0.10296031596949465	-0.26816204339125144	-0.32554713451023193	-1.1165600617125868	0.8530750768346429	-0.37776337020068596	-0.5375945267390094	-0.7342176565260643	0.01353345633939412	-0.2840102644243031	-0.4235480339195527	0.44850857479157336	0.6912034150358415	0.39983561741799944	-0.10443159180679377	-0.5076298400241978	0.16414472251074352	0.6114622414239186	0.7784600772670945	-0.01985316161797941	-0.7107572340143845	0.5076506898756626	-0.5337094284672862	-0.21330055066184306	0.15496357174223332	0.3085360361402007	0.4481290435103185	-0.39891461705544984	-0.28536471882823145	0.2687364043707561	-0.2211066203303267	0.4123471942321165	-0.3032763900918073	-0.5464708614851743	0.02101753102636518	0.42116660466129874	-0.040267757905117586	-0.5785302091263334	0.20622107772877982	0.01281008903531505	0.1743277723658397	0.04974599504593549	0.3604411480944294	-0.004727327102699576	0.21289907928276033	0.23802359471885856	0.4080662138095738	0.005896898202554778	-0.06715812188939885
DTXSID1038795	-1.5355241390021948	2.1895277413576095	-3.271567613720986	-2.5073201596877155	2.0511330786929602	-1.5248000137188713	-1.740801563666009	-0.7716318914776139	-1.596600460649878	2.1744011791421154	-1.1737662087578353	-0.3962673540077877	-1.7342684685561185	-0.488519492174081	-3.324787559930353	-1.8290890976955625	-1.6097101067550283	0.5528457839868111	-0.8124108262251597	-0.516827322776901	-0.5054783200358905	-1.0669259471120605	0.6561431649099916	-0.6706758342151153	-2.241518518029733	0.4223427933741804	1.4418240486695435	-0.2632283320723332	1.3516232656199105	0.257750924709622	-0.9495369861713163	0.10127908379703528	-0.614982608874037	-0.2823276701053836	2.314579425222373	0.38790737232513617	-1.5754548824334285	-0.30280603564395897	-0.043544158945674885	-1.73386088839365	1.9116965473033907	0.7333860503654668	0.42767302219741204	-0.30032493084430123	1.1320050679813047	0.6678287978498056	0.832963744521868	1.508695849296723	1.0532703310086982	0.16492272358693433	-0.5098615743102242	1.4661939273981688	2.812163625014976	-0.8548806459394348	0.6561861013782164	-2.367327118253063	3.1062871559442904	-1.0590330873773204	-0.9471923660023339	-0.9832041684572448	-1.2378770703522977	0.8199111215606723	-0.49918233778413457	0.37455359797241955	-0.8547007927247109	1.4059126331338312	0.32090894836420786	-1.1946013028416986	-1.1054017015774666	2.172495174134933	0.8332711872856082	-1.2989418422102412	-0.49343390726884195	1.3804613078931909	1.5391493614011584	2.7009635291705645	1.2926082003527712	1.2687176703534433	0.569565649822264	-0.8011756047071957	1.7709963095700925	2.150874879076305	-2.6877817318505133	0.15692312586568574	-1.4152093876590432	0.4822415472182437	0.10389036231703229	-1.0748693712173913	-4.1457206405967835	-0.5546620043847748	0.8979879160775756	-0.18034144501390978	-2.7763440830896684	4.7089069024400585	-0.4268728044836733	1.9467646815052955	-1.6317120941785042	1.2715414281906736	-1.6308551511868354	0.15935755540531255
DTXSID9022524	3.8804495289379903	-0.9904545722611854	-5.4036225470369015	3.3527124328815723	-6.552854990499681	8.021268149785033	5.764405110850251	-3.7768112295365386	-3.616684691923778	-1.4361071752011225	-0.9589593986235353	-4.527811464657793	0.5545571184937541	-0.9781586212391028	-1.8513845512630367	3.9559229760748167	-1.251178543550946	-0.27311591120387885	-2.0551322842235247	0.7011399252446409	-2.3540435810116667	-2.24774387574497	0.7225481535177835	-2.2178396344341924	-0.4832040357082509	-4.469348895018992	0.4788026327464566	-0.1545417173107241	0.577213109292243	-1.3578218623258982	1.4157021698786336	-1.5003368707570277	-0.6318613190430797	-1.231364012942227	0.26167421415775866	0.32808730194626307	1.097702045307285	0.18860774726103519	-1.5737366281114316	-0.9142906837830354	0.3991737158366561	2.008566831840438	1.1239769113917497	0.5436296130893898	-0.5995669545831356	0.34345053368582534	-0.7997922470608398	0.9677859480302284	1.4732547595187238	-0.7049580381434791	-1.6133204757452984	-1.1053855309722045	0.582427627512133	0.19887873374841591	-1.6610357608793738	0.2804004267212872	-2.7699969601961776	2.0762243950172126	-0.3317079141144282	1.7308733358313795	2.766052582935133	0.41865150287290537	-1.5447731056375493	3.6683264986084763	-0.377800108333747	-0.3838416663132585	-0.11332843684317014	-0.22961812775372958	-0.6616020499640695	-1.0985584010397988	0.2826273608808273	-0.3854540659042135	-0.22091168644887832	0.8144051318522456	-0.39039543613510774	0.17555652897826385	-1.352867953409277	-0.7628747657827649	0.07261151732134742	-0.3784619316814515	2.501675169053357	-1.256840466868942	-0.08638954115211842	0.42115014011678825	-0.03456577004347744	0.4328785704502334	0.1608719845251727	-0.05387639591006362	-0.11614106332861082	-0.23675551019199487	-0.3429338132847797	-1.0988414966473472	-0.6606161199490037	0.7941641664608555	-0.9305922755091994	-1.2596966635499467	0.05280861882052509	-0.03965918018473904	-0.23558153501046805	-0.44266671075281905
DTXSID2047727	-4.404307424859419	0.798667861714991	1.3638213100104584	1.682128362393229	-0.020838648667555117	-1.0736306864052443	1.0651691562164298	-0.9192323323263433	0.33592699857623937	-0.27541392810296494	2.2574989097283806	0.08517126315401626	-0.4379196869196864	0.13198343020268008	0.3477700985118621	-0.3503676939141926	0.2453054858161345	-0.17207968496081077	0.8209443266602544	-0.7360181440337084	-0.6572107317973735	0.2487851746981229	-0.5047459928759351	0.05882363289074751	0.1949286481551309	1.0914783567569233	0.6774102948166663	0.06040450443165791	-0.5846145655851392	1.5447797291380327	0.033208798475662375	0.3087290638703596	0.4394874131881117	-0.617826895440053	-0.28201244261602465	0.7182263307694232	-0.12480894189408744	0.6882125033358473	0.21395553857485272	-0.6209781858888768	0.07233717779997496	-0.293721469733123	-0.0037400800318038896	-0.4014884137133636	0.02483008489309875	-0.0762405448008323	0.6760905068224587	0.16751183409730835	0.12952739553316417	-0.8006281085037684	0.6805810660890177	-0.9497720365288383	-0.06694115126768817	-0.253840732609252	0.1026472396767109	-0.5550251914180145	0.28197225237495555	-0.6376829856365148	0.6697939888864539	-0.03765604003395126	0.2863307864570264	0.5980511144375503	-0.12237360514231363	0.5254299556764958	-0.21661093877319915	0.48780677053383414	0.14412554027195695	-0.16100034657196255	-0.27621137545184277	-0.32219284887200067	-0.7583767787906323	0.3843072182041011	-0.38800892468957143	-0.5893776237910754	0.2799372162920571	0.2627111914672262	0.33573255698275584	-0.5430237775759938	0.3443626381532847	0.10837833310115154	0.2556789500345879	-0.4243892456712566	0.3042415817318906	0.1970033959116338	-0.5581665924874697	-0.03563836383014248	-0.0904652391535919	-0.2765578957698907	-0.3945906158491433	-0.25387618268492834	-0.24130730484727667	-0.13041548149041454	-0.13094116491254074	0.030220311874534122	0.3002142604932062	0.061558374538978465	-0.32474641410836774	-0.02257620158423322	0.12559069925650332	-0.027122907033000347
DTXSID5020570	-0.49629875897893255	0.5082472731685144	-5.466807786970689	8.66063617154464	-0.15862062750468914	-2.202945756987463	-0.4703941181438202	0.07441794601093293	-0.13288918588154155	-1.0646610031260775	0.8246445358499654	2.0822931542937684	3.993075637906994	-0.44057408481212146	-2.0045707975702913	1.8230939322180186	0.44969717115608043	-1.1001533774845351	1.2165370222850236	1.0910930219465813	-3.5701728175069136	5.113799768590833	1.521768623730446	0.08907758037261941	1.5588173618616263	-0.08161715045740887	-2.682129167932818	-1.9403501310378009	0.4209971680904905	-1.3596042608872916	-0.00753516102430787	-4.167877841817907	-1.8846583187882708	-2.772418624202268	2.4229158160990907	-1.5902031696432346	-0.6297544759928833	0.29805517515766994	4.167625240688183	-1.7556157972518767	-2.738357685948199	1.099441667077766	-1.3387314423429388	1.0734217941526438	1.9156651746841373	5.530918556403483	0.24178807865748428	-0.45300001585795496	0.8963224621622792	1.2573292366632227	-0.513844470223494	-1.5473412382354081	-1.6772141435485737	-0.6243076309981581	-0.5914744143675168	-2.583553452497079	0.6627694795226642	-1.5112314711919679	-0.5171283068917454	0.9453198043231994	-0.310422718317521	-0.8527276037082444	0.24057866374794587	-1.2793335409826279	1.1231717175632414	0.23363491150900761	0.20729897417358004	-0.7244501798978394	1.3137690250657286	2.5639541580366187	-0.6243177446235166	-1.948599096676656	-0.10709163312638724	-0.3640645416351996	-1.1895698234527277	0.4690711829362585	1.8636473856220177	-3.177545686987177	-1.470265512738448	0.10355659946615321	-2.4373155337474848	-2.7738218202218508	0.34680494859716693	-0.015962670838386643	0.18796162483962284	-0.018264672782885353	-3.2980215883394193	0.4073853532174125	0.35285287454578784	0.5597715504880286	1.3068846218886185	1.2282259225055896	0.9688229092901859	0.976111507751797	-1.2815965414559776	1.227168699088208	0.009157771424190957	-0.28437062803033974	0.05454208376029688	-0.00751446530649565
DTXSID2021492	-7.435729378878659	0.8422506927260742	0.6116106256867974	-0.5065639785513121	-1.6959429949715945	-1.1651345221643956	0.37614345713293895	-1.1726013609762844	0.7166912464532638	-0.3038126403141616	-0.6922784546463663	1.8673638314209515	1.261129083704846	1.0595526317930606	3.038818716040777	1.313808503760801	-2.313921994133819	-0.27404497026359326	-1.002279294271043	-1.5090206229461842	0.20206817494365004	1.5276093773138444	1.5822690365966072	-2.2397951783107444	-0.32082212217838824	-1.1701640108737552	-0.1358670211300613	0.8696891484268027	0.02491820041704657	0.01757242771024521	-0.1985194383519589	0.5304638246393258	-0.4113885873969315	0.6124532856857312	0.16286626591628175	0.8048967109210263	-0.7509267026723668	0.9841981482185925	-0.7856307310951189	-0.6082637648132354	0.0890269397184731	-0.3473049102988803	-0.04505220420459771	-0.814771957606075	0.6466968087998372	0.20288601413344762	-0.0873444398116748	-0.5811857255315835	-0.28243640518881996	0.029244165148997907	0.7224931469395387	-1.5936435383772147	-0.8403958469655937	0.3722118420662423	-1.1734428281800702	-0.18541855701263496	0.02727862967233529	-0.22411482954042666	-0.0918938381768021	0.3455874994330263	-0.06353227466970052	0.6265649861764209	0.49107292333629166	0.5278516884593749	-0.48072682822965423	0.012721931259465918	0.11312378824062601	-0.8257392934857148	-0.24491319688232	0.5520398543845849	0.0959030708280271	0.4870492251521792	0.19616932378049876	0.2404798584965487	0.2925867945002623	-0.024900733547640837	0.2843315058445374	0.022375380463715518	-0.4070283921388724	0.09811852036588349	-0.5350140366396334	-0.5133813233536919	0.11439340249699075	0.09566138003572826	0.40482322829027917	-0.02562917230079006	0.2859558598003702	0.35821456455874107	0.4970910716564209	-0.12670273019987158	0.14247791131947357	-0.12435542227719705	-0.03375764297807317	0.20112656876066878	-0.02390141954711784	0.29719973220899465	-0.00385671749945474	0.20123727870135297	0.25435425104492104	-0.0064222762681542984
DTXSID5025815	0.8197562674255885	-1.0415013261666035	2.2385095551526177	-3.1035603111481525	2.833064922188172	1.2024368341424139	0.9754397718394967	-0.0912251634144264	0.5596824993260943	0.05956056756764693	-1.073778021705212	0.6203212520843333	3.0541665935986653	0.516242256775555	1.1600968278338522	-1.7172260121740732	0.40147323252223727	-1.2900855398498094	-0.8921209053908962	-1.108385355419176	-0.14727872678140003	-0.8143220186423112	-0.08432172338489732	1.4222864929116352	-0.8865535446021786	-0.1947096407007681	0.9692282801974799	-2.81692875913994	-0.5554812028047298	0.2160018638010168	0.9020981885956803	0.44919045088359916	-0.3233079615419417	0.5892249711512414	-0.16060159393226564	-2.08516545634091	0.0644044530656452	-0.7039957940563987	1.1632249855355437	-0.1297741732631697	0.7309005712651151	-0.7069609596662996	-0.5877621050433767	0.9474161381167631	1.726456971866183	0.6391233656345272	0.18670923488427998	0.6333093835117892	-1.1373887851857267	-0.2913715763105887	1.0674865421878634	-0.42062540562297007	-0.25771861422666287	2.3227266369231545	-1.128951713327853	0.616076715494623	-0.8905697671214122	0.8772717462708521	1.2661805058176925	-1.2089314219931875	-0.666984675186748	1.5323941080876375	-0.3157068358977239	-0.5219478208936698	1.0682137055461247	-0.08137400886320273	-0.62217514700447	-0.22598452232544805	-1.4076861435988204	-0.9561236610007919	0.5435007572194994	0.1307117576286743	-0.2658535613348905	0.623294486804375	-1.0646613672069498	1.1060898126205772	0.2367231540029069	-0.5997411069646738	0.5338280171745224	0.3919040767779243	-0.17265172000691856	0.24820872563376126	0.5475423787220118	-0.2961234705036252	-0.2619129745409953	-0.05281097697887828	0.39924583613315123	1.0703331270573193	-0.06710687430500524	0.03934424631478812	-0.19492637777792274	-0.9939402857860385	0.2834412883272755	0.14038213904282257	0.20583287369201747	-0.07724907791167208	-0.6542424380518304	-0.08759556044450437	-0.0037349953091050775	0.1614975389305032
DTXSID9022360	-2.8769517181926334	2.2346183155587247	2.481406508466111	-0.32163869818835417	1.8292106674972093	-0.4379998743546505	0.7293695792160603	-1.1017852738206544	-0.7436297612723806	-0.42678001657032527	0.24497707691532616	0.43766332177205364	-1.0971048403624555	-0.6901686669540175	0.11620569193797697	-0.42734491421223897	-0.6409835819867706	0.8143559513133435	-0.7240809287017794	-0.15652424478941987	-0.6601010575742441	-0.6470209069644761	-0.49843513719611315	0.56822735830899	-1.663940140125851	0.600254796270223	0.9704619961448078	-0.2182518672916966	0.36615234451778356	0.18410731040445869	-0.025869932590598395	-0.19826631528915056	-0.32333419337195635	0.0027920561732118817	0.8729506134210898	-0.044664676573963995	-0.007117674775141018	-0.25536113460228965	-0.11975752021355367	-0.3111303884342356	0.07727338050522485	-0.2497319314266321	0.23050596878444163	0.012880655436762242	0.47964615575616915	-0.25625711821284874	0.4929011611512436	0.2643784817315633	0.03886617388848729	-0.0687955138857575	-0.1636218937047705	-0.34175437015787496	0.17010641653025857	-0.8811162612298722	-0.0750731873992329	-0.20443060337241745	-0.2100694040538296	-0.6185063800826297	-0.8803120076268246	-0.6199927930927032	-0.6370913807398159	0.07776656315221209	-0.3678376622966015	0.4658215831141091	-0.40516385152649176	0.32420671545915414	-0.3734995343329722	0.17849632091259976	0.06111355767920098	-0.21129418846067352	-0.0930907125742669	-0.03273039878268991	0.1952240494972968	0.8222667715029226	0.0013705020239271407	-0.23342133609630233	0.02462343997858348	0.4160734712037954	-0.17873969479728838	-0.2129638372835475	-0.5061003622043085	0.031056010653688217	0.4990578531286996	-0.04055698392811584	-0.2980978973248668	0.29469935016202264	-0.185381149631548	0.24109280052581808	-0.29352323100178535	-0.05281355482885872	-0.08737750479640087	-0.19099101066282675	0.08444434778775407	-0.15842230723681883	-0.22984959902244942	-0.15891753935851097	0.25994306688264496	-0.06166368986971869	0.07064524632600915	-0.09306151989702854
DTXSID6028028	-1.7645187503839925	-0.16839124012941636	-6.616776269394736	4.255970374979196	2.382034731138368	-1.7236783601835137	-1.966518945424306	0.0330168445042436	1.7600402799502723	-0.5959661066649647	1.4327057008777973	1.6028322262456287	1.8282506961678018	-1.2476718837813365	-0.4471004173656717	0.46553278391105246	-0.9555132443640749	-2.0346074569390615	0.8886002705024476	1.2834042447208578	-1.7654883196688085	2.3735102878673486	0.538595389992874	0.6985019838756277	1.0042273583635029	-0.7104278782597482	-0.23352804984393483	-1.7491421686420934	0.7610076202452081	0.15243463560577022	2.1030241779961636	0.6965951335257388	-0.3697053325342455	-1.157056426923194	0.2202788713680785	0.7735203648975475	0.6912673454773532	0.8817669504709171	0.19131701638883944	-1.9641126495143764	0.3106608026069431	-1.477317444273408	-0.11056868945258935	0.9729463789474249	0.6107641798103788	-0.6160937615000742	-0.07497575258917397	0.6275148249968251	0.9852593098546191	0.14151839667193716	-0.9575071995152765	-0.8121151262091998	-0.27700824855504236	-0.6464134313920266	-1.5216788383870639	0.31522961724707804	0.11358629580633685	-1.3495352046709088	-0.2684236874990221	0.08038558567094989	0.30955208914317056	0.5200939471891131	0.21510966118273125	-0.6867920852281948	1.1541733718651546	-0.6818545128042455	0.9847202835758163	-0.6106062737662249	-0.43290547113577005	1.748545850580362	-0.24015792082607065	-0.7570873118489306	-0.3569352559332946	0.2496074668983879	0.15748537409894678	-0.5627782794675158	2.2753497275298487	-2.644235364106166	-0.8940234623455827	1.067389143964515	-1.336832841126551	-0.9797243247070829	-0.5553785432694123	-0.8330250875483889	0.32567035482535006	-0.25320131736845447	-1.0799635824152507	-0.42879095404683515	0.7940650634807275	0.40196510078337533	0.2720442747988776	0.211978256660624	-0.09418883830852412	0.308507373230061	0.8895603532344194	1.0873988183144223	-1.795852340355017	-0.17907710036523544	0.11615374908548193	1.2852829807166752
DTXSID2041464	-6.20124813335278	0.6528575553733613	-2.9589801237871276	0.5679547457350155	-0.47592242821792125	-2.749878179877242	0.3316994296626151	0.9523348973520633	0.19801622190353255	-1.0184851278678941	-0.7880199948662965	3.385284655782385	-0.5766131649884214	1.4613144672236373	6.011709761171975	3.793379384523841	-3.684731582254528	-0.4909681696427897	-2.5879034914238326	-3.427431001620615	1.1759299762130058	1.355925721509428	2.9103488046554586	-4.539893593571195	-0.742121128501903	-2.098782564913475	0.21825312806809435	2.763858033056813	0.14852504845103723	-0.3326165662840808	-0.40562447292091103	0.3659894467090067	-0.5044207313047087	2.6332106671689917	0.6736825971996361	1.8158695990713287	-1.9940956842675277	0.1414240709494557	-1.238556258781608	-1.0124397807354848	0.17118429012841221	-0.09572950042301451	0.18624983271391324	-1.8169171463531095	1.2879913963701135	0.8707509779273659	-0.24108852842359393	-1.4044171801165697	-1.5217813080470002	-0.08757140141947972	1.8593849388523593	-1.3737704471629764	-1.5456613052762516	0.23056374714606936	-2.8508706444273595	-0.39881551834302675	-0.5793217171392774	-0.6504176985408067	0.4868017765623928	0.6028422671164573	-0.9434677434377104	0.4684467061676731	-0.23530942757347628	0.09427313666418986	0.5288012510398571	0.2720933460371396	0.5608221343991159	-1.1113270236408492	-0.5219478594100802	2.328172878209885	-0.774476910923038	0.5995010188108089	0.24076238036515407	0.40210068261125254	0.7839397956429696	-0.346585390958581	-0.851507599640499	0.31303099566608145	0.16496621797107144	0.357487666332905	-0.6371621700483572	-0.3019476337733054	-0.18956867983920717	0.2805985389770884	0.3604692980065815	-0.6306836949473089	-0.11216792139034484	1.2003899272308733	-0.08984434533104947	-0.5654782349574932	1.0832047173483415	0.1294034691860321	0.22607020330939617	0.7342989017766487	-0.6052459158259753	-0.3471801058524417	-0.1243696309234023	-0.9220579944039421	0.26611700157586293	0.8201935204090859
DTXSID8024733	1.140515789863407	-0.11787772292984332	-5.058457834649977	3.106120108774813	0.4736949002155727	3.755961411335114	-0.5361123294061958	0.29381623893790043	-0.5334332426483461	-3.2209875075546015	2.052241205179318	1.5808063804183352	0.4325959484501131	0.3539347527120704	1.3926907628301484	0.6392486464585251	0.4910070640143054	1.3633142129031757	-1.2463323247332643	-1.091406012927218	-0.07647427265253678	-0.1731240589136283	0.37447466822337416	-0.9711667876222417	-2.4324148178125635	0.11966927515385196	-2.435061526006195	-1.6405589038458215	-2.216854347200942	0.5972549911370532	-2.1794606625050807	0.3406408376929589	0.7671477356365641	-1.9799805102683967	-0.8820656720864437	-3.032214278773566	1.286089879420602	0.7916823633751282	-1.9812665899415394	0.20508449350779812	-0.7636379788550262	-1.8363654399787066	-0.9345942657708499	2.747239882147556	-0.8257977188225185	-1.0847946047852701	1.1195933754305416	-0.13268866705572338	-0.10323221950538161	0.7723352645705882	2.914449020471343	2.1295311441467937	0.9955603823513753	-2.0150006963190696	0.18000330249490634	1.3835786798117122	0.9182544230966222	-3.7299853026184198	-3.6546834254489333	-2.469548158009731	2.8124219195745908	-1.4325077760367695	-2.1718249611406217	-1.4016481463844381	0.8465643570615236	1.9032461937164484	1.72294657730121	-1.1588428185260509	-0.8972803064722207	-1.4061253386557477	-1.1106732203023497	-1.3495687416745705	1.065812137524811	0.025760566878207634	0.8292629451021435	0.7192219730904761	-0.5374057177221357	0.12582047244223035	-0.2293831462667285	-1.171843975496102	-0.3139850404090325	1.2576832220655314	-0.4633088036426187	-0.4313133534694239	0.0034246217573603013	-0.9606247756907298	-0.41473663686517936	0.785107713848489	-1.769438770691893	0.1452715895324554	-0.8579281828816225	-0.4333269490482584	0.3184360972413476	-0.12831084556720068	-0.04994393733949372	-0.20790968073042712	-0.8266771399573866	-0.2572587950655996	0.9343532916451152	0.08158988051633631
DTXSID8024521	-7.711316572978359	3.4543199177379407	-2.455801908682146	0.3245348171321625	0.989938445661535	0.26319885789680797	1.2108669739311881	-0.5054734273240271	0.4331220420487076	0.18130110866131638	0.7733459172631639	1.3068182023660417	0.539417371392015	0.3836412486546161	0.25597807953643353	-0.9454796812774666	0.15446197360133374	-0.6450661729508536	0.6423937971592055	-0.07633081975000057	-0.46928018338295974	-0.20891847688676096	0.6383744461741098	-0.22969939076794885	-0.584059613538499	0.9042318743209375	0.5478601705565839	-0.3698279258872539	-0.3737543131450648	-0.6255467683495471	0.77922947259424	0.6933744858649274	-0.39487667051120506	0.052962421594149336	0.6829376926262266	-0.07964349034000447	0.013423769520033506	-0.1832233219109365	-0.24197111537084542	-0.22854083713220325	0.13466504729089823	-0.09060889333388802	0.11090456941351927	0.5175016847045925	0.7784568913552413	-0.38580786876997986	-0.3590814520756039	0.049260798165684905	-0.11996129382427168	-0.3363333815192467	-0.14591637297669727	-0.27132018468458113	-0.3079436132233472	-0.8934098841075498	-0.08293813576610735	-0.7974568982885839	-0.020718768351151735	-0.5216248175969809	-0.35662660625939596	-0.304853432905909	-0.7465092546533492	-0.1724686561983188	-0.3170379543920821	1.0176644458052504	-0.07361083521917415	-0.47473897474080123	-0.3088799739657805	0.5159816322777041	0.2955521883438755	0.24126840787112683	-0.3216850315747611	-0.4384276051304683	0.7754795475929388	0.5209291208173701	-0.36847431691336396	0.10240538752385248	0.2975845703270929	0.30682806530348306	-0.5510607548147369	-0.28862302216796276	0.534236521376393	0.38544117076866474	0.39915316448201366	-0.13501523795625148	0.5449134950195107	-0.3198302661928326	-0.08882671853293356	0.34298319156087653	-0.2829562512228834	-0.421077842794452	-0.46179099763711545	0.7938806836773283	-0.11102508060425269	0.19330273147268368	-0.3218352166879644	0.361267022096298	0.11767170956872311	-0.278684805626448	-0.34774553664914254	0.29980646871301925
DTXSID4029220	-7.615382149621432	0.6787483905468267	-0.9710579883053008	0.549093041991808	-2.5603693585245044	-0.025465145271490918	1.1658304378422355	3.2632164366213328	0.7259792378458371	-1.1433904243334385	-0.4459506416610482	1.1292054160831078	0.8596742277176982	1.2644894472990278	-0.7848000633256805	0.19966530870097116	-0.8010514926133108	0.5398173135121956	1.6351521205248705	0.1935462563763948	0.00042733143325605666	1.1640085211085014	-1.8862541515819087	-0.48567369145144323	2.051283017328278	0.9950477370469268	1.638457086091545	-0.5245957848883664	0.2423306221973096	-0.35682220627994876	-1.1431145971320769	0.4589223464346844	0.10196984843420395	-0.9767611423585204	-0.33688338949391156	0.02519333142373224	-0.37169554958940454	0.5340172953781143	-0.9739798363811474	0.3249247327847321	0.7008838389717003	-0.5756075301531237	-1.77221189288317	2.7060705491394823	-0.20999665230408013	1.5418075127075297	-1.456997219738891	2.781460216600518	1.4834674570448745	0.44089235006932037	1.0676620135964237	0.299938087834885	-0.9777620678166038	-1.9244860513044775	-1.7508036468684969	1.4888485724746245	0.6986766498408956	0.8960781994524034	-1.1599896050504372	1.268929640727773	-0.7484896938356151	0.402241082565018	-0.3661369783517182	0.6537772501376699	-0.33423040904367335	-0.3650454806022026	-1.3084059504961276	0.5277210504555272	0.14918331922379338	0.6253035849338843	0.6174656205487465	0.8272113324661317	-0.151514572931134	-0.22238321203137024	-0.07781557342330432	-0.7249643429914738	-0.9667968498957532	0.3796774403024768	0.32089358456926437	-0.4806967255675033	-0.7160181942343475	0.15871730438731116	0.14288622937296203	0.14925360562664491	-0.9339775855469993	-0.30770911748162316	-0.43529402277776186	0.398488941347034	0.038315902874205394	-0.17691037936595652	0.09739787546456442	-0.39354530440758145	-0.07725801686899762	-0.12449412772158915	0.31682611871657357	0.03799593210714569	0.15504958393502719	-0.15511330426980896	-0.09663782888703808	0.08321637600675624
DTXSID9035753	-1.1010602807161596	1.765723558343913	-5.022039478615789	0.7571472727541108	1.5817512843755945	1.799749329702249	1.9402825576497862	-1.7256625479981336	1.0293821351749335	-1.0130808181218223	1.7029423713401797	0.17124742047254818	0.37346104776033867	0.9008771862168945	-0.45666052720588207	0.13848457623793076	0.300286916395012	0.8230070505309383	-0.9997138606071571	-0.12274141600638158	-0.21783331811363113	-0.41084779338378935	-0.3039347713838558	-0.38989672761396005	0.7360221223981556	-0.5627621388749315	1.1567264823179026	0.8348091000770994	-0.5370558089045413	-0.6847295576948865	0.3102088699430148	0.15926716084543127	0.4381455715991736	1.2907344604683364	0.08518908663850094	-0.7082445968655593	0.6618255080174377	0.4458465906383841	-0.18978556064576083	-0.12754483796471494	0.0855095194616734	-0.43326554083951596	-0.5155127177140468	-0.27024292448358717	0.5730895335689976	-0.2896294269615041	-0.06766016881234944	-0.19457978929878636	0.18462301816710816	0.5731774103233718	-0.1928339710014659	-0.23058593783940295	-0.2588656405135118	-0.4451743846099761	-0.5468534528908653	0.4056823678065407	-1.2869155080041867	-0.04884327882883195	0.333031052622435	-0.4940935738100342	0.009299038104235852	-0.3090162564661647	-0.48156343822940906	-0.7422438850611	-0.5272656285723205	-0.05643170418639253	-0.027937544238720666	0.2435666965334743	0.38152773680921337	-0.0685579982110899	-1.0268388286444807	-0.48304739320540335	-0.44337385433150156	0.24331506021490332	0.09057930080396791	-0.06532938492481412	-0.3963181374010005	0.09193854005969418	-0.16534681177607222	-0.38726328064138904	-0.11624734061752691	-0.35101819486457503	-0.1454532700540072	-0.48384515966963165	0.07166692340112014	0.35829756122657047	0.09703361935453872	-1.0015562224710786	-0.19058649563448188	0.008524444770447337	0.19231538959635008	1.0778666756441446	-0.16914200292757636	0.41099625763008774	-0.31595897319099475	-0.6680761315714252	-0.4155494755080922	-0.07751587510404376	0.22567657509388042	0.036628931078830244
DTXSID5020499	-8.257033306664102	2.3513803799384347	-4.031007718627575	1.9944744549746731	-0.5417470962779424	1.0745834026484438	2.07090803693375	-0.6987804844602308	-0.35064813361863173	-0.26596233840230565	-0.09677572945338918	0.11243008816201269	1.9330964448073011	0.10781761447643722	-0.2502635310995654	-0.22114196358623195	0.15994731033999954	-0.9610281217700994	-0.10274661272309017	-0.4201814535458811	0.22805701178608112	-0.8043835322962807	0.07780313807947499	-0.2920193417106448	0.014397626209715112	-0.6676799649399952	0.6875932635726335	0.4414725692343501	-0.5717977824583662	-0.8070358547738059	0.11853156499518908	0.66363647560193	-0.533562990946758	1.1798577242486725	0.14975307245467076	0.09894910212179694	0.07240231713832865	-0.09388184199904831	0.05367252646069388	0.1478832263436679	0.12480925316535146	0.9343717984891383	-0.3879042977656347	0.05538091674257313	0.3876641955977864	0.1453111584672404	-0.2810203652567959	0.5321447937067875	-0.154790411855969	0.21669618951225897	0.4278939934820877	0.6009602470564855	0.035130682481711556	0.05830965534065055	-0.23011097951825588	-0.26087457355079896	-1.1780872516071796	0.34735571939369836	-0.07082516579547617	-0.2501438191332335	-0.15364370782576173	-0.6436630129002353	-0.9210474022991062	0.10341286107785792	-0.28373948624063255	-0.19274071245301963	0.02957038942588838	0.47212556744844375	0.41785288662320724	0.27142189753237095	-0.7628221501700595	-0.6732984166137379	0.3153211829360007	-0.3181197144764595	0.05080203365532684	-0.2838393356606711	-0.015150282793081737	0.7648808079334023	-1.1587535802266453	-0.4148482579343222	-0.39273838225279034	-0.1324577628457426	0.2810150792835145	-0.5205915868792766	0.4639669000458584	-0.7873568135646776	0.18777199941742473	-0.8342923594988382	-0.1038381874367948	-0.13592285980904587	-0.08283977241424843	0.78913831070881	-0.3279786439469591	-0.03789686119218951	0.13040534006556806	-0.15126049513306425	0.008601393183419246	0.45780061474400374	0.16631831909215192	0.20895932753086552
DTXSID1045669	7.903756448832385	1.4486671288408777	0.22045254670700026	-1.4485841254093819	8.780358025314401	1.4683649094475937	1.1835335893426524	-1.7841330383469551	0.1728482621114877	-2.02759525032649	-0.35808715068360525	0.08079585093951337	-3.7401856951346533	-1.4174744398409531	1.01071498678659	2.6001683838693803	3.1129030045513715	1.7247728752605147	0.24965006709545232	-1.3562234604076797	1.8204777722025762	-0.41718104800037165	-0.7294292848538709	-0.7912638100265993	1.813164445268319	0.49407787038435586	-1.009226144439718	2.2707251334488747	-1.2788206179879367	2.362182253206152	-0.5279657827123257	-0.6154153838726504	2.5649817247564224	-1.9925351034053238	0.23057142233575242	0.7459976660058211	-1.1574173257128795	-1.2946767768302907	0.6821857075416264	0.6934654535461289	-0.5700006026305224	-0.1706068014297997	-0.3458388981709842	1.6800135654300483	-1.5924846865048068	-1.1301434773808945	2.0383265286507113	-0.48096034792790854	0.6419157181783849	-1.3852588553841934	0.8236310721586878	0.32519205266598405	-0.7892561595928633	0.5672326945473964	0.23079909301084256	-0.059982226604903384	-0.8992922540299139	0.7361971582909419	1.396425586287953	0.006648360786479655	0.8503241533740366	1.1975594731541783	-0.3440233122854425	0.8036869756384469	-0.7164501244936187	-1.8000586825195328	-0.9839150019613868	0.2615305923951282	-0.8221882852487924	-0.6016417612913408	0.35046082671539003	0.48932647285822733	-0.6122685749744796	-0.3580416061208426	-0.35235976733751356	0.3059080771840553	0.2320012543220433	0.3849299973204833	-0.8996465731010758	0.29363375213193516	0.805440734881931	-0.40937825361737074	-1.3392591157189666	0.17608899064951747	1.2224903780817529	-0.43749457140568754	-0.05083391136914456	-1.2181472759056615	0.8934291197076519	-0.8292501808818061	0.36537651510498487	0.19355685082068502	-0.19816370631670538	0.36858854410189884	0.28840730516647545	0.09065441981117779	0.6019315380622884	0.5348261265948907	0.5182392630922253	-0.12542728601586273
DTXSID3020708	-5.375362964914577	-0.8334257302066351	0.009707838105709604	4.859401488607336	0.17183422575699586	1.4277688609084502	-1.1487911926623817	2.172382235535109	-0.6011502956172159	-3.09476976219829	-0.7234079599602806	-2.1345937936764097	0.8237951520166871	4.035068370459645	-0.08980616010848971	0.033653288481004226	-1.2411560422211971	0.36833092856078353	3.4404757104244674	1.559707871260372	1.166975287030627	-0.0477762020116417	1.3023698831317991	-0.457237541095136	-0.9482345217169714	-0.3472424348207515	-2.069256184665881	1.070984090616859	3.3591225981043875	-0.6448256057786371	-1.3929574869423067	2.2973801625800165	2.093795285730353	3.905766379511467	5.124237691365582	3.43841637158092	8.551215129011464	-1.9686137189815838	-0.6215692185638124	0.39919122996264006	-1.597699195550086	-1.0371279010938117	-0.639436437953309	3.4958474136752855	-0.9413082057067168	1.071597633746253	-2.4004438741264864	1.4099700133650859	2.111236233353586	-1.5729268264102085	1.52975538616567	-0.6429410211257491	-1.6015802857068302	2.3181042590485204	2.1874110027692955	-1.168833299200923	0.12313498934927201	-1.264771333117806	1.2361963549803183	0.5439797553274607	0.36125320329392574	1.4697457308866886	2.7378775540117513	-1.5342554459768882	1.3379863624914727	0.516058657441502	0.17411553058389068	-0.8816257182689732	-0.7926153782152553	0.8330868922804611	0.02354095193143448	0.7290187055152542	0.5136387209392725	0.3790017346042703	0.10322626122013799	0.42009930954287183	-0.25573937385369405	0.4852777205846425	0.3895391838941564	0.02429359812735465	-0.06399251902649648	-0.7029706809316064	0.14097860070776008	-0.023597440494320814	0.2850571828812029	1.2223874218149895	0.21243287661760119	-0.5852568293271223	0.05072802277979072	0.2670065487159261	-0.44646177895718403	-0.2608198893314547	-0.2535359159320844	0.1952609044037035	-0.557235368034245	0.6577399267469356	0.5544219541984583	-0.24892857293904916	0.32229264136893543	-0.3099976415660517
DTXSID4048690	27.578795267883407	-4.9786485857311495	-4.358271838671168	-0.2319654345356206	2.1661389819962356	6.96042701773103	5.403441353961023	1.322369496870911	-0.421902246777413	-3.245151356558194	3.1406804295229547	-3.009059816588821	2.043879550679359	-1.0068446486728386	-2.2651182210157415	4.262592598055839	-1.1649342563753413	0.019692775491602817	-3.963152634467052	-0.19680744697007463	-4.922394674162812	0.1744052020697902	2.0014947774856493	-2.277184550560209	-2.625965885238933	2.0356115955990983	1.3995412043524489	-2.144848526239875	-0.07401619112525701	3.241715883229859	2.360004613591851	-3.3443646280273063	0.36374008149461884	4.430444165553507	2.337391732523696	-1.3922852956914382	0.6319362513812394	-2.0541374336853466	-5.715189654779224	12.326199523896912	0.4191788432772693	2.7938938031148903	1.8076635308027826	-4.242232410562222	-4.597212833034365	-5.3091832795774225	7.980442951382186	1.452688710779987	7.461311790755932	5.956887575174283	2.5375567602131177	0.9594284202078993	-4.5497840000141005	3.4510594677444995	-5.1310652470253855	-1.1273004586016244	-1.5260766710841587	0.7460273965617961	-0.6037284799893352	-1.9160638412977575	1.3051586036944445	-0.5115685061880103	1.4624908327590715	-1.973042371507375	-1.739470534050682	-0.4793723607298435	-0.8424703933006987	1.1946777386340253	0.8964107637199618	2.251707582774296	0.5152460586033116	0.7588300006263837	-3.6660998334656196	-3.247851496783629	3.0259419877102056	-0.5686555824594767	-1.2207366721975483	0.3850787076901948	-2.4781539744691528	-0.09811548914903903	0.1884592631272708	-2.814006653303466	-2.3055933294307143	1.1565136294565856	0.8946271180346449	-1.8347638682250011	-2.035184628765536	-0.9985030009270708	1.2685105944612824	-1.2580191430098457	0.2504802672813695	-1.1179577423585474	-1.2603727837202643	0.8292514438480598	-1.0207065011685872	0.40779847254575585	0.7753664132515958	1.5668263796478386	1.4961273164311921	-0.6057858803565851
DTXSID7047693	-7.094289813562367	2.9898464468210313	-2.916101914724519	1.794960857312721	-2.142061395782574	0.30981956805749516	2.465166684483615	-2.3255744950340675	0.7459552685290972	0.22308207482878603	1.9466134570012223	0.24292820254319814	1.4115477025643748	1.3052682347489564	-0.0986222914303688	0.006302937787026251	-0.9698235573964374	0.21240976466504705	1.8415527648198655	2.2348866728037913	-1.6771289123718927	2.1215037706381117	0.5898853397097642	-1.4363477377578515	1.5680841912815744	-0.4873570807190275	-0.527836326169628	-0.2930985207824477	0.2450721238572256	-0.08546154546818534	-0.3938194375774981	-2.4711982659439844	-1.2404749568840998	-1.3435729040987485	1.2651203104560294	-2.996204226455453	0.9455111806235245	0.020111166778902678	3.9532012933758254	1.0459164268618153	-3.89212911045988	1.6752907555152863	-1.3095522282037595	0.9599989855704015	1.6367300552310733	4.541511912764069	1.0710380660103949	-1.1261900849699649	-0.9263181847794365	0.5731484744437267	-0.0009085304427697043	-1.976268687777882	-0.6104931746466221	-1.5174124960504602	-0.29715122030357244	-1.409784576412526	0.9540644631616433	-0.9706057488802903	-0.23080407197684905	0.47782817475529615	-0.023356155227371594	-0.7407482345271065	0.6818860617238404	-0.5156300449361428	-0.044072151509773	-0.8595420586206205	-0.6634888319596507	0.6384046767793824	0.12837695466239152	1.447346388752823	-0.4757539303007705	-0.4056457862903207	-1.0610762689326767	-0.7469527287157149	-0.25052298380059895	1.203772177373206	-0.25719052460414593	-0.08313601256849212	-0.9469102556965792	-1.1695802036468006	-0.39046850486994444	-0.702560171736324	0.7993576340242425	0.6220207749289287	0.39107750069483743	-0.18940053865389406	-0.2003617691951012	-0.09613239765570328	0.4166839556689551	0.14838821031212174	-0.02842216932738524	-0.14767209779569096	0.04618952715921587	0.45780094580780045	-0.15535925722357308	-0.19812666453516556	0.5670470615217806	0.02041019380107719	-0.7819905348709087	-0.5408625815938046
DTXSID7045659	-1.8273391115642035	0.8729774765173022	-2.6624948912788975	-3.2590844025714447	-2.407303868454881	-1.1175613190300109	3.6593471909506654	2.9392696648777608	-2.559800146824151	0.09826423199754732	-0.8311173904444272	-2.0150599917856833	0.1071622381651749	0.5966406557113498	-0.8392292202199413	1.2022217381453952	-1.828288476991363	-1.8635851569084259	0.7621991948090997	-1.1258399971798838	-1.8395395547539997	0.9832757600150255	-2.0074439351272715	0.4087980831574797	1.9599737879169337	3.3979109175981335	-0.5828327723389333	0.12556006928271216	-0.1574214238387996	-0.9474400186665595	-0.38614371111636825	1.1438343544168843	-0.0050363161317487325	-1.359126490868353	-1.659995627691836	0.047477549753741875	1.2214262405490606	0.16487452862763724	0.329962885901731	-0.8792743943730199	1.1205269945620446	0.3251794833835825	-1.6487956640861667	1.89150373899724	-0.143128687072498	0.8935022924555733	-0.48833129147583737	1.5143234265319332	1.5706280345914283	1.2464858066227826	-0.264797842996023	-0.11363722372006431	-1.7685279904871964	-1.3130384835640083	-2.807454366902785	0.6117911525370675	1.2825066963493783	0.736271085694455	-2.995582740997208	3.3395103997188658	0.1861188656104391	1.21754102852313	0.5335833119145045	2.900441032728092	1.6242839671063285	-0.3870872152263116	-0.10431669232750108	-0.937557797900386	-2.625700761220854	-1.2261409295495242	1.219303812989846	0.5931953936560537	-1.3497190457739816	0.18285035361785534	0.34440475833274614	-0.3443438453338266	-2.138175012389439	-0.027726954019438196	1.2915730001336394	0.5250098443518406	-0.013223530120411926	0.21406399509791182	0.9953658419561509	-0.16643555678415367	-1.1799765300991534	0.4020923852691569	-0.5395212004928999	0.9628310493739171	-0.7164433234925435	-0.1678530246578532	-0.005291926503004214	0.04536945233501023	-0.12367229524469688	0.4238954315613775	-0.456296646527567	-0.527683199120038	0.6773584600175913	-0.1868311958978892	-0.8825047006438566	-0.5697120560151787
DTXSID3046530	-5.539177964140289	2.273687892364265	-2.3385159168500227	4.037204708813805	1.2906376441459246	-0.23089231706521737	-0.3112689261286752	0.20398443964774376	0.17731813140430244	-3.4206537726374244	-1.4546644871421577	-0.9945631834711339	0.6039721511520589	5.338519065071135	-0.03735630035808733	-0.9833834999839501	-1.6840945090424726	-0.2902651090683481	3.1235995449803475	0.3755379053169457	-0.23631429832910508	0.1931939129060701	-0.11696236459407733	-0.40402706498487395	-1.0819109567286498	-0.3969108514168429	-0.011197724291206836	-0.6084298695291344	-0.3099154393834861	-0.6729809846615848	0.3834224096253886	0.026634947004323457	-0.7612336559313162	-0.6058793256385326	-0.22547764504438306	0.9243498476394305	0.2949366512513868	1.3985948394120673	-0.28084757280925593	0.29790837977351153	0.13940680534741226	0.23116148017993052	-0.32723356432458395	-0.17820450963127135	0.08424907131207911	-0.8733085278377518	-0.3889739078590598	-0.19577972866814872	0.23343927772166334	0.0454071237212798	-0.8660777867299098	-0.5585813310591387	0.14427837988319162	-0.41243256760143426	-0.493211460894814	-0.05735273612792836	0.002420061329151127	-1.1258409671335297	-1.2154437514586496	-0.22999916014797595	-0.558145506818983	-0.9376055666209533	0.10134773962015024	0.40231679681722576	-0.49478977341225927	0.19608087841092162	-0.29801087145495986	0.401674742538417	0.28087814106674186	-0.36537549572891986	-0.27221619612487646	-0.5657527997088072	-0.26315977753975517	0.0884832728829901	-0.10042497363984325	0.3147604419821126	0.17402621536482882	-0.05766613319430472	-0.580290065469139	-0.2094462945574514	-0.22186045074366859	-0.38048946398218986	0.10168556916368617	0.02989407936685072	-0.3916243792264279	-0.3446498325265986	-0.02043437605907308	0.776687909275518	-0.4826040632345196	0.2289353312251206	0.19059875195892237	0.011308123719423658	-0.1254993832447099	-0.16044895421865193	-0.6996301993477655	0.16419472425778872	-0.1817042974940336	0.26358399872963706	-0.6345102941848978	-0.010331661486794616
DTXSID9024489	-7.26086069918553	0.3960762584994493	1.146056411467611	3.427452575930982	-0.9424395664142231	0.49951963211904205	0.08017967164312229	1.8432907457735146	0.05289854005715105	0.19994708742602588	0.5472482307754534	0.8100751008817249	-0.588151561650992	0.8500731465631175	-0.050706523328009186	-0.102092628826718	-0.7665888003500977	0.10011265998732359	1.0907039648028864	-0.27545986760815044	-0.568209859440189	0.9136127336624709	-0.6532667699604779	0.8549857184231882	0.16424533420514992	-0.2252332037496744	0.41338368241016266	-0.14506241487213448	-0.022013437185916116	0.047678030460606244	-0.49674672701911726	-0.14827477178128756	0.189594830467836	-0.11750080637591019	-0.49073155986282824	-0.03745439195568568	-0.4649991496843076	-0.08877955480885229	-0.046400893689327635	0.39773369984418877	-0.4478070211585648	-0.5153658043635724	0.18373972249194775	0.5130105747014725	0.262960001000642	0.07331156467051764	-0.24636096841154018	0.12125170338085164	0.41040165612701207	-0.31948869618840525	0.13820086152400163	0.19893171935687168	0.6443809415529392	0.23937542332079542	-0.4868213616286046	0.1435340214564804	-0.5545563065806333	-0.22202184305843958	0.20768233633273744	0.35640184544501385	0.0833491452054609	-0.016151265341998816	0.0844230282291686	-0.27091498024655286	-0.34381437372738577	-0.5231751637948582	-0.2812913686842411	0.24750803370238594	-0.1854461217338701	0.24297958652770557	0.3103157525467565	-0.11924853829631017	0.1836603207884538	0.03671051106148079	0.06411202410904109	-0.3094346381299137	0.08619474490874562	0.3187190675300639	-0.1437480044508295	-0.25964027339857704	0.050251287332073555	-0.18011628915390468	-0.35960411366882855	0.2976323731785669	-0.059750652998430555	-0.31241944925819637	0.12310403924168674	-0.008160313457940755	0.13595520553631163	0.34281916765669085	0.32937522138448333	-0.04644034018371433	0.21838539337093424	-0.016575356682025706	0.3314500530524606	-0.17096547272290627	-0.27872478083090485	-0.31667512092996253	0.0812724041676552	0.04576756820046932
DTXSID4049329	7.567397570684009	-1.9107499264718188	-7.450898107159352	-1.355589559302643	0.41573246422813487	1.5085220669508543	-2.1826062200812832	-2.8664517601708073	-1.74678064732892	-5.213911556472407	-5.6107347568269965	4.282299293741715	-9.9351062790512	-10.191483409232731	-2.1962364102011804	-5.098232530481541	-4.772405743592748	-1.7920627680202503	0.8008820964577386	-0.6620609805018002	-0.00969633531673662	12.215263041862782	7.916829142784284	-0.15100155328562356	4.544621631895106	1.7600223219506952	4.495285454613054	-2.865371480746613	-4.940644044355223	-2.2626299163487382	3.8068145321312192	11.529963170929937	-5.005344362038892	1.1422253686088966	-4.27529592126335	3.7037115475097435	5.301733495578513	-0.19047681005372477	4.779548497847803	2.8016990360748033	-3.1171693431694627	4.049352311774729	0.9151652755668686	-1.8918820647644128	1.6216724264534281	-0.7473440781825298	0.09440604422777783	1.3556771835882016	-2.3589131188976467	-3.218247951946465	0.2834676274308332	-0.3446711303086887	0.9943230492489434	3.2980203727126387	1.3473861639039308	-0.3248618288192124	3.1855543571942775	-0.5003815501294823	-7.086998704033119	1.2269859289102665	5.403624565609811	4.377367093044829	4.737636853600161	4.679353168899755	2.466016741174928	4.074048632363536	1.6128062638042924	-2.398204937088023	6.395884982607684	2.2883020101839784	-6.044878647539575	-3.6955188116915982	-9.433144236496773	8.538410251529578	-8.381911258270486	-4.26720077127469	2.2844397038292894	4.2702891203771305	4.510350624021065	-2.5813348546101973	2.3212384836063573	1.6893164996766719	0.22196158517791467	6.178234830759382	-9.907220409030325	-5.8768271284692295	-3.113248410482444	-7.656574630013537	-0.4726943275872954	-2.098414606222951	1.9208135046658115	-2.807851370479873	-2.1362275204617807	-3.2342959341848343	1.4163807441748317	-0.4579887285237924	-2.3172954994447705	-3.7908333737445026	0.0803208762188483	-2.2258067885243706
DTXSID7034753	11.059305061390749	-8.858637318724167	-8.331625519292555	4.282451109767372	-2.864890276856874	6.734321165781238	2.9796741852487467	3.038241357453482	-0.0017206818176457113	-7.024558779228752	0.1583147289098795	-1.690308187819993	-3.3447728458859656	-6.442992437838131	-1.8367797606480682	-3.236475534307519	1.8449120777233121	2.139842254589438	-1.1094975043038933	-2.244545249182597	4.568587547369736	2.9377300826051584	3.96537662486551	-3.1718215370829133	2.8309909691266526	-2.650072315501277	2.2019588020254828	-0.7624972191357573	-3.4164967655837586	-1.7070461460852064	2.188187268728351	4.2086705332645975	-1.4661979835116405	-0.159206219556644	0.6562992457813452	0.3169162163714932	0.21532519039836345	-2.49619281966121	2.7368427093002796	0.056139569054555645	0.38722831422225495	1.2483788993425127	0.5897726903212385	0.3008526657088724	-1.061136082006949	-3.1051476516212624	-0.9329952897882084	-0.8318168802783625	-1.2703332538016425	1.1731683651332783	1.3712150927124	0.02549926697860704	-3.3754613958403605	1.4439289939169806	1.2460331582430975	-2.2357054957735256	1.1473730725216067	2.133289762123426	-1.7081815265279834	-1.8546780588298508	2.211674037787555	3.240327170288658	1.4642666937484414	1.2951634667985623	0.5665183824242159	-1.6475293234377761	0.5835181369702228	-0.30554309035417826	3.466333541747858	1.1894118232481912	-1.0490087502211118	-2.9383941956885438	-5.336434722023519	2.7866647616392317	-2.6405097209441695	-2.58954914966237	2.755059672029605	4.301924517714762	0.619212969072929	-0.9801529264662151	-1.3460642679068997	-0.35464601093366044	-0.9183786605773694	3.863149363430639	-2.8508425227954652	-3.70419783329901	0.6577047526297054	-2.4506249358373586	1.365092553306698	-0.7367253617825766	0.970692981689815	0.2865034090833025	-0.3658575155878073	-0.40825835839330277	1.342390166068573	0.4471308728297601	-1.5993913513056097	-1.0008112257823414	0.2536771370610541	-0.44435215037197595
DTXSID9046788	7.243649748398395	10.782219944487466	3.0046747711246664	-0.7130115257113138	-1.8740783170252218	-0.8884679495370854	-2.329185919375324	3.027570220384576	0.12888767602501464	-0.06737280511170608	0.4205948290821938	-1.1880242285782532	-2.052016804072001	0.5554367286964313	3.3465592859894424	-0.698988009209885	0.7264372357199227	-2.147850152893386	1.0708634881399717	-0.8976275437324831	3.0151246439299393	-0.04764308872135286	-0.6102859792143608	-0.8603997243000041	1.2422432240356474	-1.3546536007953223	-3.2474205008639654	-0.7669395910072757	1.4149624227441064	-0.5208325514593063	1.2932576648079868	0.6590187107592799	1.416738567071718	2.7895662321362824	-2.3045752549102074	-0.40332100823999045	-2.2839947631392783	-0.9550389639640389	1.5421852467802433	-0.6461218552817246	-1.8078696622434363	-0.8981781819143108	1.3995661738303158	0.015522894998442586	-1.187339320328611	1.6097965540519616	0.455258985667469	3.965197646994371	1.8349788944220553	1.1346079890218852	-1.972108261709575	-1.7264057584955763	0.2736858041189534	-0.7396323928025728	1.9574433504766087	-0.40625922361792716	-0.17444883155929816	-0.6201500842815482	-1.4859719924221961	-2.2967749395119266	0.9747699430461225	-0.7239638898181637	0.12855323945998973	-0.1573413314778954	0.3762306221407255	-0.26937983825904305	-0.9201267038547704	0.11050304341141029	1.1146713930888383	0.03085495869011744	0.5120514201084299	0.5362502585448028	0.05106966335976531	-0.6111357532421418	0.7296299019330914	-0.191881612540414	0.52908208713828	-0.8596951495610883	1.0505558657083625	0.296921146845243	0.3954567268688259	0.4689071983483919	-0.3969069084273113	0.042844000008481646	0.4445946665677814	-0.11964024680027359	0.3237323805943554	0.13437573552444107	-0.5732075839665793	-0.07038161800180956	-0.39667990082867943	-0.16200074622105948	0.2373978946407269	0.020660647816595584	0.07328043222078859	-0.022493640703619328	0.11082041655077494	-0.9032777668476036	-0.9003578400591628	-0.08844303904512163
DTXSID4026505	-2.0783308098474857	-1.010903568138373	0.7446652777253755	0.5689958896988617	-1.56089912802912	2.2588988984826237	1.9668581104213327	-4.406216089827654	-0.39761480854729425	0.724361111498565	1.8059502461472854	0.40864959123115974	2.3217590932611887	0.9150601040035008	-2.3705661757904593	0.7861741518717854	-0.4780459608850948	1.026420724964599	0.16116211311334835	4.870761990431257	-1.9728648075268405	2.6316104266238773	2.019673812726214	-2.687124252648676	3.248995580182617	-1.144382993515086	-2.4579935692081976	0.5787680522601361	0.9846337833488612	-1.4845904111015646	-1.6374917894159284	-6.058081190852875	-2.472919673433343	-1.0457729113137328	3.0166898456295983	-4.758314541131119	1.0885251908367912	-0.21189915754122873	7.752162788187563	1.8832861980978552	-7.499167745018177	3.187188887560629	-2.875039010109327	0.7231134490385894	2.889018594708029	9.549933012603757	2.0929415265288323	-2.762731821700382	-2.250022187781422	2.5006377567460185	0.7161349634774998	-2.3977296852631036	-1.691253791087703	-2.1487526376303485	-0.8546807041530505	-2.8471852834432294	3.443478326572464	-1.3209890691309076	-0.5455259339039326	-0.6049774701171464	-0.10846647966253473	-2.2974212512606544	1.1142157718410906	0.08784138852746949	-0.061486965880593256	-0.7793379744205577	-1.0899293050756333	1.42207268042434	-0.620166479307122	3.005248774394186	-2.09920659712694	-0.5658111654006919	-1.8693095038893517	-0.7924115329957028	0.31896863992042523	0.9161716454894838	-1.0739876550846266	-0.8996523962444642	-0.37062887355376	-0.9325623030322567	-2.09339459843106	-0.38601621743983644	1.4561219943787709	1.4751017664200772	0.25506066207161676	-0.6035673241890913	-0.371222699314509	0.027073493939514342	0.670030728984609	0.029925555050324366	0.1322081523964764	-0.1408179796854829	0.86774983454996	0.3616475398556964	-0.1175977635727006	-0.6113270334635512	0.3981222278581781	-0.015672443767522883	-0.636942392687804	-0.4134903378778766
DTXSID4021684	-1.5784923362342802	3.5301372259056745	-1.9157576602786712	-0.3305666204874805	7.879762933636789	0.4709477973256113	0.2744570886315393	-2.3878284314236384	-0.5290057516685651	-3.7871771887549297	-4.090721523259788	-0.46449453170539745	-1.6266720251361673	3.2662348282177036	-0.3023913521661539	0.944756163934218	0.6504304911653827	1.0509125033746192	2.5896136144050894	0.4755594269305552	1.370903601087575	-0.3836332142519947	-0.1058232806879372	-1.513388176349866	0.3787781823535023	-0.17418306489154906	-1.3121849940207528	1.566432099924499	-0.5396848228338487	-0.412679213894214	0.5501099967739987	-1.3911273171262888	-0.1460031776719803	-0.35445241415822515	0.1279396671760715	1.4975699872325956	-0.3611793354643786	1.0801346860587182	-0.8361116679027308	0.8266505692745619	0.2733247039369848	0.6008466312865538	-1.0713882941355617	-0.10421523072215232	-0.5501525307174668	-0.9061946118299387	0.5480255467864674	-0.7588263145591412	-0.2103677379661587	-0.8476795103476872	-0.8100133373360819	-0.1429479633961087	-0.20913566955011298	0.04300282483410187	-0.49467031097325886	0.7977525493301283	-0.15459001619649693	-0.11859655407758125	-0.9250310148039508	0.0691092371549357	0.06262046906674293	-0.6186728798604284	0.2896055847129408	0.2828107608461205	0.333052031589855	0.007960337728265786	-0.8191677113010187	0.24185775088602418	-0.061762934029224587	-0.7762828185970632	0.10186031740366552	-0.20609746364442913	-0.3416987600324649	-0.08000509319053084	-0.5370498218460253	0.4931195583545964	0.3373633504481514	0.35909812294131505	0.029697342059553714	0.02341274374441737	-0.1128868511572859	0.3956073886045865	0.08703079378360837	-0.07226578211563399	0.3497950695400785	0.5818326060122189	0.363531191258097	-0.012882024931996377	-0.19509965045426536	0.06471103791089453	0.01939807653232478	-0.22199389350120372	0.026932186370199025	0.020097987138829185	0.45241052658841996	-0.02645566947973346	0.11202173663129517	-0.13712638412742195	0.0607166389631265	0.09950540372644863
DTXSID2049262	-7.254779025380051	0.40374727632735774	1.2261276102215093	3.4636692328952816	-0.9390469871176075	0.5250913075975897	-0.0966227545818048	1.8398615145976303	0.05780554772070706	0.19884865046348013	0.7433368482720646	0.8247091779143703	-0.5831358903470437	0.9235105894221033	-0.0012891641007798395	-0.12124761680278638	-0.9557008453186023	0.08736954717418893	1.0774505851622784	-0.26361841663044905	-0.5578035265604293	0.9800436084570305	-0.5314050726419501	0.976899926970255	0.07001962437539505	-0.278377464581067	0.32996810529821013	-0.17166913574541673	0.1343838760097029	0.002850775918030962	-0.4237430991563883	-0.05634385543584548	0.27714953026835504	-0.19903088697223692	-0.4669605455475099	-0.13515833621364837	-0.2597227130948694	-0.1912343919522998	-0.014457978087241096	0.2073481192997679	-0.48564662460845853	-0.44965202586806197	0.3659542381889878	0.43573731534388543	0.3199464148831029	0.13793417706218405	-0.2379550677025912	0.32195955695968476	0.5393112058813478	-0.2786115494166201	0.15652953426770788	0.24520972825198195	0.7773838319557276	-0.03321388316260423	-0.6354221253691933	0.23533067328571022	-0.38725367796959465	-0.10655515328556446	0.3374066299275108	0.4897819047741035	0.2765428471212102	0.11166397338459122	-0.07490050000969345	-0.22887077147749793	-0.42662153987057705	-0.8161638580228788	-0.526262966963088	0.43261519846852037	-0.05878346198053948	0.28832435499995074	0.22799623911345615	-0.038768648644601	0.12878400687795105	-0.35034397696753083	0.11636229032136977	-0.24597759226878566	0.3406990495525734	0.3982861985375508	-0.359503784793967	-0.31217608434606436	0.28357470514528177	0.025366885615350224	-0.32670823036163393	0.44162449471363596	-0.11717677252817398	-0.40744758789459884	-0.07089128147929569	-0.07811041415054527	0.195295004391772	0.20680642871532134	0.24868428436388426	0.07885897191387703	0.1564204192898124	-0.06198625666448899	0.2304814693555118	0.042994212522068885	-0.06763723968278437	-0.31335480919952075	0.023319998346894702	-0.022914766136448293
DTXSID5021708	-4.555010289281567	-1.3740897168841415	-0.8327845864549682	6.3311577376268175	1.495871645873375	-1.3147107428185771	-1.039418864919225	-1.773870132505789	-0.6558202403959916	-2.741537089414379	0.7759323811129368	-2.414792062505031	2.2701180773035947	2.034917399594634	0.5203332034982157	0.677170661921292	-0.9788148774513546	-1.5019576990722194	3.7495498451282487	1.5499003523701476	0.38302416854311505	0.7022338678777056	0.7995974973774	0.33355928609591967	0.172116396829441	-0.730646286218072	0.24047965046262357	2.9047768345765332	2.2788537427949436	-1.9424214489171505	0.7771320682307848	0.6162207777045083	-3.9867613996250832	2.4902975603907467	2.429186924225075	1.4585967433055755	6.459601348278173	-1.2638403751115237	-2.742410405456821	-1.7386560791617478	-0.5409773902211189	-1.5519337815989274	0.3613669426447362	4.750821809480635	-1.025251430481842	0.49504587468519556	-0.9217232815090336	1.521499543634496	1.7368104336378931	-1.3929363553080512	1.345070938896519	-0.06954440679209899	-2.1692600972324447	3.0910577489355218	3.4378562497359644	-0.6326091504330307	0.898901618495628	-2.2269153933938792	-0.7624483410152905	0.2514968344396139	0.09919439846363222	1.616737088794946	1.194624585484476	-1.8107524686525425	1.4160530689338267	-0.7676754305660758	-0.01510209065524158	-0.7966083012903821	-1.719202696698153	1.6543062215676654	-0.22626068672856406	-0.1642081935538534	-0.43216301152898584	0.26863470525108196	-0.1577406304167594	0.0429763812876132	0.9196111432337881	-1.728535286453333	-0.3787202283653022	1.479121252587992	-0.9193702948487691	-1.785758186661395	-0.4704500188014917	-1.0110241001904112	0.8389013816547791	0.8814982925094863	-0.5863136741575162	-0.7757238652462931	0.03639172985333904	0.3731763018212012	0.4803322363194603	0.27161976848728653	-0.02385346306498579	0.30465738831467754	-0.9851256746300182	0.8927994817600337	0.6206030971365964	-0.725234688621381	0.8197119442154088	0.04285274269323767
DTXSID0032520	7.128710410937469	-7.660677941074476	1.5485388796572939	-0.8690588591513733	-0.044446667024424444	-2.440266820526319	2.2385051334794337	-0.4189455175210709	4.160719695872787	-1.7469456092561324	5.057264923558713	2.4480450697350853	0.647388120396861	0.39885819823197033	2.7532379224875223	3.2641111989509524	1.253510096313167	-1.6575883401879585	-0.6098261559679063	-1.0632409119577253	2.4914260112239783	0.6655289672375985	3.9824528096523277	-3.9590033308063997	0.09440610897628834	-1.653822377652314	-1.36129422151532	0.4550813009139723	-1.148497927771708	-0.7240486596709893	-0.15595132735280115	0.6895089201792447	-0.5431102467525968	-0.2002610193837007	0.00521604739444852	0.6463892089834082	-0.5416728104748786	-2.430323656858811	-0.2719543649780712	-1.4422278527195758	1.0365032245410564	1.3545029859041797	0.7228664408379221	0.989651158928014	-0.18724832578386866	0.0037088113624565854	-0.335233801372266	-0.882145834358054	-1.0363763589200061	0.17894392739474085	-0.7232732354051719	1.5219577981677144	-2.21905657170978	-1.0696902815120706	0.09023882568104397	-0.542916568484158	-0.08771426628884917	0.6223590170037023	0.992259187680432	2.1371123441781723	0.04297609520825692	0.8169040017143026	0.028355354418587653	-0.2906248415694344	-1.4433960474621828	-2.2696829903558413	-1.8788423147693067	0.7551959408370965	0.4412825878500762	0.6999203944777806	0.3018902740297507	-0.045324326983341615	0.0415290490069411	1.2593443658046328	0.2645153697539425	-0.9231156812901724	-1.2669474228725728	0.08850302450118061	-0.16391154729477667	-0.007369613085346962	-0.8803855509644051	0.724740418675374	0.12379456259261358	-0.07310473132684267	-0.014259877823338051	-0.4826860121824821	1.2067228778373462	-0.1779514068531655	1.7184652851529298	-0.687249674299695	0.038849939837161195	1.3347347998519532	-0.42819385575088614	-0.6018410141747672	0.8878897146442931	-0.22187894493188318	0.020802811545455935	0.2075852403425063	0.16407785823071586	0.46504459242759955
DTXSID1048916	3.1399278556092223	-0.03588834980171866	2.9323669076911907	-2.930346817570602	3.068297869359852	0.46518630460793725	-0.03668344702405378	0.35971553638539794	-0.6256124415353589	-0.3076625170607191	-2.0825524950562224	0.3276834388868782	2.062539478287478	-0.3920754183787312	0.012355017912351007	-0.6511174985544679	1.0048372541837918	-0.317381256866665	-1.8627718776656847	-1.0843194306137733	-0.5888035050771153	-0.1671081410918455	-0.18047445949582383	1.508371054562395	-0.8329387739186904	1.0234495481925898	-0.5403151761014716	-1.0329792452962834	-0.09745446121158549	0.2810173085153144	0.7074208467388572	-0.25136683389461983	-0.43543917916561864	0.32561745220936	0.9700964569948753	-0.5263057418860424	-0.170393109277145	-0.2091973084354717	0.3045551655876488	-0.9032576824925729	0.321778360159085	-0.5487846354830046	-0.3081628454684545	0.4778021522584092	0.6207635872632651	0.5161694982474689	0.6335937157906734	0.31631957137831873	-0.21520792770695457	1.0404070597227288	0.11410665447891971	-0.6065437866895307	-0.16470258785023406	-0.4509030424766127	0.13136044760795104	0.1054723206178813	-1.1818100601552919	0.06180799982700821	1.1930550811120226	-0.3009892990923019	-0.983117699804468	1.064831977912667	0.5561034134766986	0.5773408065864151	0.23244462540299554	0.19442939161407194	0.20567569444658312	-1.5646888264211989	0.7217307271889867	-0.9803280564348644	-0.6484689769208107	-0.6829315285452715	0.8015360040585406	1.4314374597112534	-0.35965423427270876	0.4142679862990328	0.39331983680406285	-0.07886651683915256	-1.1439885113013213	0.4129215258946866	-0.8754075636613942	-1.4359372562781827	0.805828307051846	-0.5929438477610665	-0.12435141681667843	-0.5936523196016883	-0.24546229674218156	0.5000772206013423	0.1303387225457508	-0.17548041569412803	0.4094871884474846	-0.02306223767241624	0.5774194191453755	1.0349485402633616	-0.30282556506869396	-0.13498926369408606	-0.35435733114847967	0.5014493001656958	0.8145309624402981	-0.05483490153354192
DTXSID2048743	19.673590279166675	-6.438681162086006	-7.88570862672553	0.9816205673878194	-2.1455145914351523	2.269580380064167	4.3515505791438365	3.4867400870725795	1.9435032900679876	-2.432286978537861	1.4534793275973048	-1.5361782228887377	0.5439269036394593	2.3052876601638044	-2.441496359544394	-0.4793978111559372	-2.1231299456253634	0.28157047450170464	-2.9485225107489033	-0.7598979346005386	-1.0535227207163245	-0.5398584265916955	-2.2839408924737374	-2.2074704060953394	5.52932251096922	-0.02229794042692928	-4.560891656877122	-1.9250991535495128	3.640007971196513	-3.0013090724771465	0.3982564568648342	-1.1569309883899654	0.7011882136728959	0.9565908613601973	-3.8409551413786662	-0.6973075766849189	-0.10936191144825592	-4.5882694724717705	1.7169998699628932	-0.6829973773477204	-2.794544227303542	0.36498260627855456	3.0588374292334795	1.0773222825000985	-3.26629310018707	0.29579182432404566	1.7521250976964573	1.9740974397267828	0.0074517768044500545	2.1931221030391956	-0.8226955186953683	0.3997312542828922	0.7901991211760778	-0.5414363070311563	1.6691934380758984	0.9038841394533129	-1.486004549404453	-0.13783722018807942	0.3760705979512865	1.7271307088254302	0.08395460336103366	-0.039175445119615536	-3.0661590230381024	-1.4838954587161264	-2.3629199076361957	-1.7224025354314225	-0.6889652520278984	-0.9391942964387701	0.5339156745876653	-1.5818375906638023	2.330167684900966	1.6657338064143936	-0.5705584743115659	-0.9674586338067328	-1.1177896030911214	-0.6655003383083341	-0.5910290335957782	2.072725573891319	2.1255364370038814	-0.3896595084168158	-0.2890289340372819	0.9124282239317522	-1.2852701318452542	0.7961228928699783	-0.6747168893414568	0.47177731982639665	1.0606470558008643	-0.22613105534437714	0.19546530515435787	-0.18220494847092855	0.6707324261961293	-0.7431167241310301	-1.475358351878938	0.30971892419464375	-0.8566158730253057	0.16532594520936228	-0.024883015730231276	1.2381177983214704	-0.36368228538915987	-1.6419705540179514
DTXSID3038808	4.591038424912558	0.8267162783547837	-1.3956696775776474	-4.229694551587784	2.0968339607865816	-1.5530048567843628	-2.372177773529748	0.4938218400238775	-1.7511778522343031	3.3635665273734867	-0.5852937298521708	-0.45035629828652424	-2.320712838486188	-1.0678328009456293	-5.056458654572094	-2.6331444358937515	-5.094792410930931	-1.4697273942371614	-1.014845269308875	0.385948525477973	-2.1037596817005304	-1.0508039189402592	0.4445804593520775	0.19113547643499854	-1.9669992142513917	-0.41563413894115836	-1.6299242075278564	-0.2525097907488757	2.0887347430008534	-0.26326694921491123	-0.34356664316243607	-0.007353089230882907	-2.6966629006485374	-0.8169458758905039	2.899511768359291	-0.10500720277670798	0.4372841759435606	-0.18161697963417517	-1.0671842415690673	-1.6289710383114921	0.36151617587317	1.134968936416439	0.26824685037362067	-0.2717898647804291	-0.5640294304357488	0.19649393985380267	1.656456582183446	0.9330281061132334	-0.6113993458041888	0.8104397081199303	-0.48202446833436763	1.4255290971358399	0.5914507217210059	-2.95094355255419	-1.5526144616221587	-1.577867173536072	0.8279138284148897	-1.8041841874614049	-1.9825448712530187	-1.5884911567072448	0.1394396601646499	0.5125435494882791	0.12084157556447643	-0.5057360875086483	-2.2679876905250205	2.106514235969128	-0.2960362599952346	-1.8670435960625353	-0.7051884791006879	1.4872412940910014	3.2568298248772303	1.764145621569682	-1.6956529203518225	2.171881485897751	0.5251781985720962	0.780024676661442	1.8232155149888372	-0.2592301506188045	1.2306946968877923	-1.4666568616677382	0.7882873794837566	3.015053472649781	-5.3921340948152094	-1.8557240356638216	-1.9767128369451863	1.3707281747694453	0.8949310634222833	-1.7118820483627515	-1.261602619969984	1.1892925847931746	2.2756212089033427	-1.198132742737039	-2.32834003946037	3.782708160014537	-0.4724621433458072	0.6292607395731603	-2.6229310110919797	0.44121450511647503	-1.560643488825301	0.2911224728211477
DTXSID1074915	9.35941529770725	-9.44912138930339	-10.239425844156429	0.7043129815555974	0.15957948336312552	-1.5943184612492922	-9.882842903717105	-9.905170575864869	-0.3996338427998769	-3.9643011605202636	-9.328308729550749	15.413023814947008	-5.608379895727662	-4.4127690803233355	1.3305519420867393	-4.847677795599761	-3.401652895313028	-7.436445950305015	-0.2776732667994222	4.159088197580042	-4.3250151561523404	-0.7409327150930195	-4.328266541267979	2.387919065869826	-1.5934059574806472	6.390312419936488	2.6907155595533947	3.8504060322036535	-5.196825031382252	-1.606538362332213	-0.3438953570254453	-1.0598710548846575	-3.09336192022571	1.705497582950288	-2.0243279123951665	0.8583985743548619	1.9750586113014466	0.9546053861163252	-1.7342605103647435	3.118003304038198	-3.0687319307375582	1.623151343577102	-0.20974266928363255	-0.059886958482332234	0.49231448644652115	0.5598616937758548	-1.2237250955058177	0.881790149081138	1.4943179674510243	-1.1350540922563004	-2.8836268372141634	-0.38198049065218004	3.510281439464282	0.35635111288178983	1.5449713680911152	-1.5627210832841143	-1.547728774644555	2.181041138978157	-1.4092977920553524	0.04565824896632078	-0.2227925549584677	-0.25547819990493625	-1.415541712723101	0.19544813518758955	-1.1860295192839347	0.3935324953819125	-0.5951899790843119	1.843169915113624	-2.907723528293146	2.764492561079838	-1.0042309657314814	0.12101678081166117	-3.7859338034828425	-0.41165182724056487	-0.3820307406536323	-2.030760756399729	2.8935968950041944	0.4746075139887041	0.8072025974882255	-0.20815742654380853	3.646760081824528	1.939083096950921	-0.3431800613484507	-2.243005638709145	2.1417795479239863	-2.6437479236105075	-2.6787915597155822	3.099479240277399	0.12076168298226175	0.42667000915946846	-2.693169591010977	5.259116880732373	2.6407063996815	3.240551682827247	-6.038229425881904	-0.2526793123290947	-3.957627560484688	-3.4309730477425244	2.9902690118220097	-2.7661305420986353
DTXSID5034303	3.8569842964495558	-2.570534963377224	-4.403734498584873	-2.135253338501411	0.713946639283404	-1.0020676685432088	-0.8658367588101208	1.237288213846843	0.7236934252879125	-0.8924204054351951	0.32900313514135276	2.622322332967449	-2.0635623411939563	2.943388506463254	-1.1913310757120412	1.7616498075574984	0.6471415189440599	1.2593926787946392	0.21134962733118437	0.9226239238538522	0.3494707971386655	0.9632733210645844	-2.89911823763097	-0.9255038827677218	2.7951094114680886	0.7518653568692005	2.5922882975004433	-0.37898409873408717	-1.869365662663578	-0.7437081917384544	-1.872574986287756	0.6589610913075425	0.39578380935842383	-2.123605137637278	-0.38560499488393235	-0.46643668522838627	-0.033509506869070234	0.03975305733948408	1.0192331828113683	0.2550689590814449	0.6434876468284022	-1.1774879989607527	-1.2050117570717673	2.443612867359646	-0.5673712724055058	0.3614422518332975	-1.3650147492766742	3.0287969442530436	3.485306589295066	0.20259181170148946	0.45190243503908223	0.7081185988216264	-1.7847191620149143	-0.49504573434037885	-1.0220008483348928	0.392190492050828	1.277838245830963	0.2055568762621308	-0.6886260286109195	0.7676168550439327	-0.10539681580078887	1.093468339069832	-0.4040271563956917	-0.445224275562496	-0.5906627651649731	-0.5402744478936635	-2.030143314373122	0.22081148670596396	0.8527622194069623	-0.6170755596969508	1.0968425223232752	-0.7620409185249929	-0.7469891944102907	-0.5188154669129995	0.5582229436381516	-0.8246761106810007	-0.29222396488195607	0.03658566044528635	0.12480574748696731	0.0299473566388733	0.17407542675765336	0.04281530103079324	0.12952743055294866	-0.25647784038312127	-0.136961446115839	-0.046057986795693846	-0.26088936808126134	0.6141090999138928	-1.2292207294615358	-0.22431077481292983	-0.5413360261513956	0.29217729975757656	0.5338171031437852	0.5054685813203872	0.4429252849251645	-0.03411358169075683	-0.46680842703787934	0.6246702870663992	-0.19266597464252846	-0.18320134344294087
DTXSID5049310	-2.096236673031282	-0.6232300039436458	-3.675576154087866	-0.5854563559900473	-0.621802808023649	-2.1906449565618584	1.9794027138809056	1.2471895682284213	2.4993751888377456	-3.638167063514909	-0.16068009249479137	0.7520078000214547	1.9958579251161905	-1.9987686390487713	-2.068896602856446	-0.7970521565073433	-1.4713500902609091	-0.31401650865032177	-0.2548847657357429	2.6532770908504735	-0.3527511426233475	1.5421527014970713	-0.6560188000551543	-0.7460957864717489	0.31777218070790886	-0.9002638428867755	-0.4795227401646503	-2.0826321546034885	0.22262822057143597	0.6294625413364505	-0.9321393331761204	2.92716821660854	0.7071989104817421	4.620428943112822	1.2683416444402285	-2.5436114993856025	-4.091377634972275	6.564722468295325	0.007892539287472697	-3.675027684404802	-5.3290270880222135	4.824496214294029	5.725556498299511	8.375133374060352	-0.7482126385518396	-5.017207325416375	-2.4385068589956154	-3.033270375417515	2.0839674065164626	-1.063466522225201	-1.7804490543157594	1.4199202661229926	-1.0162682015452984	-0.292231221872707	-2.887148215255614	-1.2164401370282454	-1.19374404149419	-0.39732882353354987	1.5233859529102274	1.176419250750854	0.8484394206928356	0.15076525829464715	0.01638235297573711	-1.3373762203578645	0.3783418786830607	1.3074041593035421	-1.3380211982952668	1.7019384880709756	0.907265540703399	1.4270230684098617	-0.8239635832829638	-0.31084659353287597	-1.9603709049776632	-1.2583926904476288	1.1756107147342658	0.17280542933296547	-0.6417065966924627	-0.08371042546044748	0.1961281024204493	1.235732448577531	-0.48997470656424763	0.9039582856321269	0.4231792742672951	-0.6687367252328161	-0.7863064401589301	0.007967802364806249	-0.9405269617730793	0.058220483968303836	-0.2023423947325238	-1.0730063018204932	-1.815992525963569	0.04638466354475977	0.12257291659241625	-1.2643333954885836	1.8144654216671934	1.3714075304733782	-0.11173749859939563	1.6199197115516601	-1.3390152460816132	-0.018655445688159737
DTXSID7022544	-1.736157515508653	-1.7873150688593455	-5.784416401184319	2.832173716238862	-3.447655906821912	0.15725207210274936	1.2262060922795681	3.453953771771326	-0.02767385460678571	-4.673409358986505	-1.1455918027019112	-1.12529255841169	-2.4905938563787315	-3.8156449579945475	-3.2881395370060322	-3.5493412000182643	-1.9229449216425718	3.904361005741984	-0.09372974754980781	-0.5716473327137194	2.2401264752792165	4.958571639705226	2.3871439535638896	-2.140312420319845	2.898010588152824	-2.3465472949460957	1.383836005592043	-2.228791845899344	-2.4375891288046376	-1.1545688028362495	2.3761145794219165	3.1740391973107056	-2.12481477426684	0.06859254348389235	-0.21814758858784639	0.4592150616025031	1.98250244358495	-0.6428320317281825	2.210719878457232	0.04084754676473475	-0.8662982491664395	1.2683312166771827	0.33802722592336837	-0.5996011251691972	-1.001805220292048	-2.156404080075772	0.07766308250337381	0.18931591109138465	-0.9448790949287803	-0.3538441748367333	1.018395516860489	-0.8100995490160429	-0.9266803268409048	1.817588090013936	0.4648016472478213	-0.5514031230479925	0.29021825567783627	0.5071376653038718	-2.430596434307465	-0.9792196201441954	2.8105466580875107	2.8438437095518334	0.35360746839879104	1.3104282483489644	0.4948252876854454	-0.06488391062916009	-1.0220752162009739	-2.1936162087698823	3.0592795837383107	0.7160586845559249	-1.4779324805456173	-3.2650981210339682	-4.823246347894351	5.01822698017349	-2.8573768870849636	-1.7235994720464545	1.8489204802625907	3.8592275640655305	1.2711691718313565	-0.5979355658550087	-1.503747701289899	0.03201408070668302	-0.6314044069739349	3.346532458356524	-3.905192265879332	-4.111850563981057	-0.7403533379020681	-1.3932636215789478	0.27425888186115427	-1.0057792350863521	1.1403618603943886	-1.12534379829156	-0.8819538909435373	-1.4115237035149484	1.164522897015463	0.47998516214713005	-1.1851491437300383	-2.095958924821321	-0.2578404442631303	-0.9244535587797849
DTXSID8026933	0.32273037693366424	5.038857183936061	-0.7512619894000118	-3.412062572997711	10.000678306386197	1.8093037499113265	-0.2300156301514541	-0.7613200589502677	0.07508462821457108	-1.3734642111267519	-3.8209636907488527	2.4604082607816458	-2.977459776166508	-0.7930186751534709	0.10716657996087726	3.1703133941012314	1.780034024506094	2.0039007317419433	0.825105846822073	0.10492891660684878	1.2934670181287895	0.5132166613537391	-1.187143491808481	-0.6291949377332048	1.7235979180702836	-0.9308815141066814	-2.1124520866987018	1.3346661783803155	-0.6010370418321781	1.5216713013798806	-0.07597061463333331	-1.0394140530279943	1.4230500554524657	-1.7679425567371363	0.25251046566039076	0.8729894461227752	-0.7330921669079594	-0.9766945657795956	-0.061643239093397625	0.6574779884189679	-0.06208427833345284	-0.08678734799323685	-0.8554696368638334	1.5322222141089812	-1.2761222384131379	-1.2798812709360843	1.3938749484838064	0.18137387146971015	-0.33999024386071847	-0.4741291200280577	0.5890204844851261	0.3225509838317731	0.2789359537661652	0.48518532064825726	0.6759307057626013	0.08801233180538354	-0.7497328896072044	0.6589042809882155	0.07268985671062803	0.7198333507445955	0.9680701914038096	0.9164538392550634	-0.021680669320819187	-0.5892250412081577	0.20083974995585707	-1.216053001707451	-0.2918822926766068	0.5732650344844197	-1.1417867438833202	-0.7442319049262908	0.34092105080998375	0.5393545735007532	-0.588374524244098	-0.3336910499504904	-0.11376030391510504	0.2993943087456437	-0.25493598145784035	0.22118339683483543	-0.0009464690162892451	0.36189212504148405	0.21898364783177388	0.2565242208056882	-0.8573455697326452	0.3644946994199344	0.4583161167836311	-0.04956815649388581	-0.27734864899717326	-0.1307627959963611	0.32224494005845516	-0.6306747243716634	-0.3294631074533215	-0.47485789620386626	-0.38377185428897903	-0.08095384716318725	-0.42602584058760506	0.17430963843972466	0.0681284380758599	0.28877467104750887	-0.5870885612377029	-0.11891312753089746
DTXSID3041615	-1.912003965297957	-1.1392680273956621	-3.9094528196128415	-0.8135863010551243	-1.4254594856242961	-1.733607621353861	3.1867803160637864	5.089966055963172	1.24761410303649	-3.992606386293678	-0.8600059848518196	0.714235869408153	0.919515457608933	-0.5373989093255959	-0.8110872329765788	0.14889222247410883	-1.1598058560805415	-0.1625438623384798	-0.7272126694116505	0.016803095053741588	1.0424442199955686	-1.352777240224746	-1.814579159076613	-1.1199276726958223	0.005254079737449539	0.9464865913454893	0.23502584328068124	1.322133094306872	0.3674658544492734	-0.5161678686023711	-0.007229911167090177	-0.11327384574676329	0.3971930853621991	-0.0002451919295455454	-1.7192425913426814	-0.258930488735715	0.5584781613839699	-0.8792084558018864	2.3498240639800807	-1.2764809089293288	-0.7613384959108229	-0.35509886927550677	0.7305922272519305	-1.042960883326272	-0.22948441077080986	-1.0594200939267666	0.47568114370092807	0.13687414817984586	0.9246979677142718	0.5694147122047495	0.7812399241130763	0.5307157986143182	0.3790574489787384	0.6041346879090703	0.17220850702894536	-0.950423505494771	1.6785636678162112	-0.4293146314386654	0.8256723468812284	1.691829915471554	0.8073918098971632	0.029268424762389812	0.1782952487193261	-0.695411915134276	-0.12147394846927763	-0.40264994451352	-0.6583724498732242	0.5906594016467116	-1.0187637488447643	-0.7332354557705193	-1.0114626578594557	-0.7374906097070306	-0.049049142699248115	-0.1519829609236392	-0.2287871458982051	-0.6933048916087244	-0.4472888738405644	0.15870633558186545	-0.5073265139005518	-0.44290631391791324	0.33214085226749734	-0.13669012633038138	0.047956599645150054	0.5710522157885485	0.009515064019098558	-0.28785157871502903	-0.16166123796358783	0.5287138311407095	1.0807346377134746	0.22723363764491597	0.05815251105223966	1.1838591710903925	-0.48028978784579063	-0.5009863578278504	0.33888186432244244	0.3040803696190403	0.2652033562540459	-0.08866931046781075	0.11504728422813291	-0.32366537548987817
DTXSID1057828	7.4444555346876955	-1.2129041220023906	-2.5118894560151617	2.575742316093376	-2.1183298308153757	-4.607731142015534	4.632192159390743	5.9876247238296925	0.3987747400947786	-4.980133246652118	-2.7359260436610695	1.594709124196431	3.9192651463957753	-1.9791416331626672	-4.051237006394464	2.203699410584293	2.4687323483439205	0.08472931619084116	0.1142356782860419	0.9823423942671404	-3.026376144119177	3.5737900702519974	0.3487706569765986	-1.470964309893541	0.3141211541704201	3.185734462547079	-3.393732292278118	-2.795228391653841	-0.12929535370805426	1.9616004170067365	-2.0352466690148003	0.8739528476248822	1.076147238630429	3.326150556845495	2.0164167192090043	-1.297575873050405	-5.088883604616947	5.946046930370845	0.3710945583376693	-5.981978070901971	-4.590848406574743	3.84398111071801	6.4084551578087074	6.025334564859397	-1.4540081540445267	-3.6893704345240868	-2.4506940401267525	-0.9003447155461431	1.8829246728124012	-1.6423890384778579	-1.417498280930634	0.5349867494202436	-0.15315304042237796	-1.4791401315221706	-2.4348997886716015	-2.9144633159790163	-2.1305435880497003	-1.817587659918882	3.6371208343039836	3.0642894389652033	-2.3329530205655233	0.002903624385214182	0.39049925224566423	-1.878112280962114	2.376434206191098	2.941249624902189	0.4977004966976092	0.03644379460684987	0.8097824867450445	1.8867407899278377	-1.2076597102054842	0.5915164640902012	-0.5354999025754451	-2.5176149778034254	-1.8863570740869604	0.5650953320988897	-0.6973639716446476	-0.5994025781190884	1.1848010014401984	-0.06614891014343618	-0.44386616089950787	0.32811729023674574	-0.27842352249433266	0.20970138758684853	-4.170999268858116	-0.24175241723555363	-2.08410798840633	0.10938961652972878	-1.0430842264004483	-0.33890694401130383	0.9744746306126583	0.6682252976214919	0.08009690096019959	-1.1077904725191259	0.45411754832527307	0.5388629656634923	1.3498886741934817	0.8559208868525026	0.48950253944666616	-0.5632373707051442
DTXSID9047045	0.7636743354660499	9.899718753291168	1.8493298542556222	-1.4574749462241032	-1.044997413783468	0.1660623532210362	0.9785694349978109	0.7388203191390617	-0.6656466095577872	2.745805746738421	-1.0152635147482312	2.040623018259156	-0.47715173722411763	-0.018772307780230604	1.8959640709636398	-1.4690010042999815	-1.681875771046088	0.33393704148557957	2.5041685175453243	2.1254096991296976	1.2691358619726758	-1.0307275037107375	-0.17005673842892263	-0.15051131438209328	-2.7123628952092145	-0.9311486554340139	0.2279362485964249	0.217130177715348	0.0689266734390469	0.22743867722885477	0.14803498000479276	0.41918589767853376	-0.8655356795295831	-0.589285126438069	-0.5837512257505455	0.9750718361581758	0.47605594762336406	-0.2962400669967952	0.7411643100418456	0.27108980273076916	-0.43086838792155835	0.6087369670513847	-0.19082650185375766	1.2656547421699398	-0.6661740453259756	-2.2611250821195807	-0.9745926959015591	0.8989426251798366	-0.2358281882136138	-0.41524947361582343	0.5644206038941987	-0.8933266591216585	-0.47412793399530606	-0.3651490159349384	-0.29592375318085085	1.1134855939816348	2.138401248775376	1.0676371479931646	-0.19104930072679382	-2.2225472557276955	-0.9948510997621068	-1.254820344367377	0.015035350630930654	-0.6489589654471536	-1.8585308729490502	-0.3183260699452	-0.13247866393106836	-0.8996364550694436	-0.3926301193505791	-0.7622645936066262	-0.8285590754035468	2.1095948671708586	1.574565469135841	1.785684561774644	1.2990121970868005	1.4398379776604568	0.4787581866175301	-0.7625741590171855	-0.0020473858328267738	1.7136519838300024	-1.757336284878959	0.7109020784484484	2.017672531092719	3.525741364701392	-0.3510967387697582	-3.231923394746253	-0.4913608860904168	-1.5170626256400643	-0.7581595742103006	2.9275222830085927	-0.1602012501961531	3.5017009784200113	-1.6785888611721411	0.7237719848435186	0.551930854453795	-2.4446591483417914	1.1914319644316742	0.458883456271442	-2.090113606008283	-0.6513863703894318
DTXSID4021636	-7.974249889903158	2.316549889300596	-2.605455486047076	3.5248356110531915	1.0995089052658082	-0.5861100074451118	0.2609926818801688	-1.549865580439275	-0.35794950417271854	-2.7334984173877257	-1.6219394113197958	-1.205664215653798	1.2868876329550023	4.559839130283777	-0.206257394008495	-1.2280528664039025	-1.52255709432566	-0.4081849356305698	2.7276805585259605	0.7534104074028981	0.2791469318601458	-0.4040484494200705	0.7722731587901206	-0.9283206486979466	-1.263937797490751	0.1407077361900186	0.2625406323045186	0.1340207423808801	0.11205115550408888	-1.091897868138056	1.0966117967296356	0.34279203173777634	-1.208199424661377	0.12158501552321828	-0.09306674574326555	0.8585745262269625	0.43571827416778663	1.2762604454862316	-0.41189276460104934	-0.03138041615621762	0.23792325224534208	0.7037088038020622	-0.3393278905550213	-0.5102005889740886	0.5283549010394131	-0.4329807313060455	-0.137354651829524	-0.02960619033894583	0.11005686565267075	-0.20147572842552847	-0.9824210484583163	-0.22800073694277365	-0.04283517238646636	-0.993304216358687	-0.8388699997685006	0.06508779357075971	-0.03210487274596389	-0.3988525555567171	-1.1161052418137096	0.07262941507849127	-0.45360902378407836	-1.135270299836246	-0.16961377308662595	0.6445992667615401	-0.18759046307224672	-0.00472924360063395	-0.35258769325756933	0.4553019926194917	0.5881705869069802	0.035920728384070746	-0.43975154928909566	-0.25336523340847455	-0.0905511914297687	-0.2083236902445902	-0.2874394794501176	0.31967345676757764	0.8474148350145841	-0.0048379184440280245	-0.43224582602728256	-0.4610674854308416	-0.16718774275123444	0.0958527849107026	0.7926821381109904	-0.08546095726711651	-0.20648916912563048	-0.1698116649025967	0.39559575436096184	0.043040161759861896	-0.29469759311482163	0.45203404380076784	0.014513136045247224	0.09818440883270158	-0.026341570749645493	-0.3157848903743544	0.275594086551911	0.27923547207265353	-0.01575579048120153	0.0029668749382048823	-0.10639767679968433	0.18116619194592057
DTXSID1022926	4.6462593261429594	5.9460939304995994	-1.2514429390273154	-2.100104681698923	3.3251200079540526	1.0321812055172115	0.8704170069026878	-0.6175933765358554	1.038838101267986	-0.48525285547811736	-0.23003204192540816	0.692958755193047	-0.3894094245827227	0.6962455256620328	0.2950151268681158	-0.7484581134929007	0.9283042328902096	-0.5883144098297707	-0.12004854356189917	-0.368330323626478	0.47659513355087557	-0.7309782995527332	0.3271928859911145	-0.17020093885254514	-0.12713677591512826	-0.4430743780951671	0.5545816231469168	-0.900377239470118	-0.9143450221070748	-0.6889124671996794	-0.9318229403400767	0.25274858505697767	0.5833700267829112	0.9918198322679637	0.1455695679048681	-2.5239722021585473	0.1603050100808787	-0.5242229913652836	1.0323806028394247	-0.11329893640700493	1.1234511131733935	-0.5498072006382633	-0.6094536570276959	-0.3188330713599381	1.5446472140690635	-0.45097576045397336	-0.8175162454027834	0.4069902652049303	-0.9200054051304665	0.2740429781688924	0.7783233427341273	-1.2506797533283638	-0.4593846660499041	2.323537066044997	-0.0335537836736979	0.5408633582088362	-0.6462072376736252	0.09312230662306309	-0.8110697463817738	-0.8320328921142689	-0.8162871287130739	0.4304278294187688	-1.9149132374056796	-1.8564594600673583	0.029168729545092368	0.01231822396538084	-1.2582647040511696	1.708866374488281	-2.2243071248694384	0.6369975143103728	0.3037982035638582	1.1506363676172768	-0.8316174335801397	0.7536051808004106	-0.6091912607847588	0.21770110775859022	-0.27059994913531316	-0.732179611856816	1.7090351761525442	-0.03445552977972961	1.4074746430250056	0.191864562229152	0.679557775769773	-0.6313962408575055	-0.7874219224740023	0.17610027913939588	0.2531336394314569	-0.3351235782014307	-0.18046409972371721	1.0490974938302138	0.0031950366599094353	0.31108302961106427	-0.3377636286890204	-0.7593762590590515	0.5426025950007285	-0.5729945890821994	0.01974455534000346	-0.06115776591883288	-0.5810508228288901	-0.6861919316384434
DTXSID4045343	2.1974609639864107	-3.6919978579639023	-1.1168397617196777	5.218625913010443	-2.2503530672418663	-0.2621732138925096	3.492509098976239	0.2018997310514056	1.8831093493905988	-0.22692336085785283	-2.5599347363377967	-0.4308468102048258	-1.394262950895199	-2.7289625776379705	0.34907379548225065	-2.7022905396367003	-0.09824182756024404	5.112084708313486	1.1535035825445046	0.33556060482954014	2.8517391736726974	3.9913663490208617	1.6397775024049712	-1.0933693215012885	1.763577984042987	-0.7652920118150978	0.5791352668869244	-0.3145125077411359	-0.5656051108754272	-1.1455836451091088	1.4265829812333675	3.014379735962902	-0.9406146149903434	-0.07974668299331983	-0.31314581962022103	0.7578591486805417	0.9593600327687422	-0.218732066601219	1.7446601354913023	-0.52383656454912	-0.24845002744211697	0.4370456510410643	0.22164132842107534	-0.7701408553701065	0.4319327923568829	-0.5728735101028757	2.047902457742464	0.9745688896815914	-0.09667554863818467	1.794814674567638	-0.47593045848709636	0.9631813783067535	2.7422289122068846	0.6498487801165452	0.863325211586131	1.5824464676919923	-1.181739650847625	-1.3643388614763226	0.30976171429595917	2.5460547306980152	-0.23171601351260324	1.041234117101591	-2.0710181976373243	3.051541892147653	3.3688697918861594	4.966021091310964	-2.048042916546454	5.065185083824876	-0.7372228401586932	-0.7274080947832106	1.2909726629488494	4.898784713363471	2.2508631628207185	-1.7938021138878482	4.297817171401837	4.5012165505901995	-2.9457251103441986	-2.1270869393755327	-3.162607410994907	0.7220030156256567	-1.8970312433171326	-3.07648433252564	-2.8438325952948875	-0.07412859510127512	1.7728748199563	1.3795793832768928	2.6781040006716057	2.2678132604659633	1.1653567828330444	-0.17093462845217042	0.39222884196614155	1.3733280543007667	0.3062793483185734	0.626480881387931	-0.9432317387981987	-0.1014363150255587	-0.15013688662703745	0.3409738932229504	2.0851097696159577	-1.0132284079739557
DTXSID5037579	2.319016862414075	-1.766423377716499	-3.4462521348138684	3.117642181508236	0.35073850125501244	1.78119227663241	0.21694878432960293	-3.2945179647059897	7.382867418068344	1.6289568566078036	-1.5830288386108662	-1.9116740568074535	-1.3059028134647084	0.5777893907269867	0.5152411686442822	0.5740276768713756	1.1322837443050802	2.5100094104662185	-2.749517460344885	3.3250325742588025	-0.8235007372910328	0.5098789280798238	0.7166696123410872	0.13061507241895043	-0.022144083033633	1.196286871293623	-0.3998539276866385	0.5091817951201474	0.6588261381920418	-2.1070667850359954	-0.23133108137980976	0.6644798541944894	-0.5291451497310561	1.6300121758637633	0.8008788180841949	-0.8405346774722813	1.0276287188075839	-0.46732337660955137	0.3862575423891435	-2.0023690804141925	0.5646273352787279	-0.3577836051776859	-0.022759464515958158	-1.0390649423375602	1.1250083343432438	0.10763635388514996	0.6625772405504277	0.33212603373316496	-0.5152652721336528	2.1324599412392677	-0.19271309994056832	1.3764836321393548	-1.1650437091455086	-1.2223176575898054	-0.43092747071721915	0.27776831335424884	-0.19700630908392572	0.048873201636837	-0.3903146588109081	0.12014302044312072	0.18260737146638092	-0.08172537707330227	-1.1427149042070894	-0.22742663406537175	-1.1713920579161565	-0.12080713588662094	-0.6396936262857951	-0.7074143112318324	0.770081488267586	-0.32101829123333736	-1.1183879781501405	0.13427640520361442	0.3960861361123619	-0.4113147637924471	-0.4316045623769025	-0.7271400966596623	-0.35937057963653796	-1.2729035271133868	1.0671888596895278	0.15406417680851928	0.3007627803767145	1.444275356468936	0.5533270381387594	0.07195499750283728	-0.041862778736395836	0.118311454374356	0.12559065314234763	-0.2261336695827307	-0.21525789296977424	-0.3955934491936343	-0.3087333861026929	0.47794376696621477	-0.18806555806068292	-0.21142142423378948	-0.04160527479299529	0.11504332170113858	0.2774711281370887	-0.030419730101202018	-0.42685818296265426	0.14821839935085065
DTXSID0047371	7.993990309457572	-1.8828275998871307	3.2324727411285026	-3.0072173329052716	-2.0903668833676297	4.3547551616065725	2.788609802825191	1.945387161192256	-1.0210622010147363	-0.9322244919900988	-0.03431885325637151	-3.741973493198446	-2.252957709538749	-1.8431632161616596	-0.5395626146127677	1.3488221918642045	-2.2497108191575332	0.7056894144614428	1.053362567193852	-1.7979544522728705	-1.82030723644733	5.607591507491318	2.955778820287085	0.6131336193634306	2.431276168867323	-0.1847694041233422	1.2104250295715941	0.7462948311662813	-3.101277972220943	-0.15213832616286863	1.6699658243779816	4.333686775239219	0.37418556866756003	0.06536363834285981	-1.4485739391735397	2.7701161025040864	2.284130878061851	-0.756310078389389	0.7254967218034977	0.19124858525599517	-0.4477459717496114	1.7674977716345925	0.15779328080618799	1.120121201780958	0.8807174984788405	1.4412805369059336	3.3669610286849063	0.7393934909719538	0.43496727139660624	-1.8352474120815423	-2.0979758056710307	0.6440324650639001	3.722151550878842	-0.7720539313165726	-0.5668141288279093	-0.2047448633689099	-0.983505534968332	0.1329910004198941	0.1598077010688902	1.038688588847058	-1.2070102285146869	-0.820916725648388	-1.614802598600398	0.801299950008187	0.23520140347723034	0.9951865370538703	-2.0507610309957878	0.8834917246104433	-3.4254104193978994	-1.4455541672437782	-1.9699731888132204	2.8780046173586507	4.748100505897383	-1.1637938504572232	1.5537914382756712	2.6964659480775595	-3.52161082800628	-2.0048289919358533	-1.1093694460889563	-1.326018620039345	-2.107775929717918	-0.8130669689309736	0.8052159938651061	-1.3842532730340422	-1.1459338299116975	2.0801508579835106	0.18150725351975916	2.0979695158000906	0.7378095001091113	0.9112033748505922	1.4161098670098384	-0.4734151417806729	-0.15361777926570586	0.8087057368453269	0.26096390714319156	0.5050813189897962	0.019313071236354167	1.6174006313410134	-0.09892516178966897	0.13227957920687325
DTXSID1046392	-3.8780762509872475	-0.9131874454624833	-2.8460721531349993	1.8682353830391478	-1.8032943642964243	-1.70169357429315	2.9733035139835367	4.323157824772069	-0.4871411507773279	1.101628672544492	-0.8937162145549601	1.2022951488750335	3.0435328252176364	1.0909387182053536	1.6533306431277892	-0.28550713244037673	-1.2835388502230507	2.789073356002124	2.5991349888441406	1.6597303490961004	1.541145199275701	1.1879148011763967	-2.54273831727735	-0.8637222919717761	1.6050870771295795	0.9609640029174488	0.952597850832998	0.2376016549537361	0.3963024340455381	0.5651470854570371	-1.3751713676670123	2.0906038375849136	1.2551625131315103	-0.7677715364082592	-0.30385360024519054	-0.24955312027615786	0.27690465717382895	1.6527540432259535	0.4867711525950139	0.25183971698082563	0.26000546558136994	-1.6568875584339018	-2.2020422818164653	1.5381080760416712	-0.148717284655311	1.1776154716350247	-0.24951941922186946	2.5549859034973337	1.583566518059637	1.717757596470184	1.5186429560246812	0.8176664305552132	-0.1333095498571817	-1.7926904229765888	0.18842443378886498	3.318588838593851	-0.38452180059023905	-0.7361531297943875	-1.5858978041491552	3.359648161986923	-0.28582795456758486	3.2613771467903554	-1.2816431542273223	4.79420999516261	1.9256622271423545	4.257134639557638	-1.9567290424571306	5.09266983897107	1.9504906976173582	0.6458032727449882	1.7468105904394085	2.336690103180973	-2.1646706101950937	0.2860798997058328	0.3437995713202221	2.257008912522008	-0.6090649673662815	-0.7366116518025784	-1.8492331659457815	0.7503130837029375	-0.3050292398837793	-2.9390310177925723	-2.0627354801192244	1.628965483165555	0.8431213886902875	-1.4060380462793303	2.5295778107422486	1.1846062370446708	1.1349180453276526	-0.7930343436822418	-0.03559540668574863	0.9995572941465275	-0.3752226046190549	0.1738038064058099	-0.842958452923893	-0.4297261067293271	-0.15547019691312247	-0.2699558381647113	0.19515813913254623	0.5338597232304888
DTXSID4022361	0.9680690969827523	-1.6109652020180412	-3.802560862907918	-0.76061866532392	-4.138198525811824	3.7343142658062956	2.139049352993619	-3.2040986673956606	-2.421198854940787	0.6538507242787378	-0.34672858504486964	-1.6085152595010948	-0.4693401596655482	0.6592576900277861	-1.9846484480732294	1.483499868851246	-0.03714160630074607	0.20402386771222755	0.6001966719400668	2.4120523587761755	-0.8292029761538908	0.4064391607719795	0.470728656313419	-1.579432881013495	0.024465641045839186	-2.1084600303721412	-0.7499476401316916	-0.9870151728624647	0.9158691487563831	0.6111187564343441	0.36561665469711363	-4.713451872732813	-2.0856160015713168	-2.5204270147970598	1.869758290337883	-2.2894518187095936	-1.0128327758035809	-0.47532334097593215	4.1627270060485	1.485548388313744	-3.6482481535039653	1.5317373225122195	-1.0706903287819087	1.416139304456925	1.1431241704673496	4.284228466861735	0.31020659976888926	-1.124370437261702	-0.3384936391634862	0.13274094074807835	0.5289960553390837	-1.6532853994624166	-0.8169879111685184	0.40987874302293925	0.10801238290510964	-1.6249199598032802	1.6501367165533607	-0.42847179327570856	0.14241574548641375	0.014005904760881243	0.33721496527198963	-0.13813779838946763	0.8088158973984105	-0.07847400596977157	0.6738406974387591	0.5710598221033185	-0.019053249514762397	0.2510956803562454	-0.34937702458170494	0.676481384244691	-0.820772321374817	-0.18245119182873373	0.4967419251387998	0.713278023727486	1.549546177205238	-0.17522327307422292	-0.22931157315738648	0.09632381608409434	0.19903077893094945	0.45081610316927057	-0.24557525211761147	-0.18924597830590145	-0.8474948214553643	-0.06328079957418176	-0.8330036422870557	0.025552680662185953	0.3044594310121928	-0.5346375217855365	-0.43365644630326233	-0.0694759613311548	-0.7068119646214264	-0.22178137063337394	-0.3756396107242693	-0.45543748127738554	-0.08807228968574338	0.5332730312141358	0.25503316564855294	0.1086179304321808	0.4677045627774821	0.3468885682647289
DTXSID8047133	-6.331144725372124	3.5314578255673896	-2.5265248851729805	0.5380558847607114	-1.242901263501021	-0.48453875775692407	2.5880921608046936	-0.37605033865213416	0.9225628663977169	-0.18619064620844644	1.0087053571944435	0.8834909436934943	0.8627090746127131	0.8555059477892488	-0.055426869097828756	0.6446710590287037	-2.0853713907877656	-0.48731783546549556	-0.032670616744586906	1.7157665599951795	0.3989459652029946	-0.013208694786570378	0.23567374243196407	1.2678346989868257	0.2357035426232153	0.09094643173280288	0.14838038335860246	-1.9356205633259134	-0.8372159510129275	-0.18807543765864157	0.48520092534242787	0.06302516804110982	-1.236640089072308	-0.7749967181420315	0.17187875773514932	0.651804012458936	0.5099755202393501	0.687484681376771	-0.21517729907133096	0.07488894100495498	-0.06992761986187093	0.016677995886118967	0.1001009439254912	-0.2327811813028861	0.10459496615631596	-0.3367037999494339	-0.5974344844994298	0.8540652207258744	-0.3600029459328145	-0.903462154419658	0.02611542608280161	-0.1743913618691459	0.43707757692252525	-0.3860473838590751	-0.07361560071024036	0.48935956767191785	-0.7266604680736158	-1.0065389869860155	-0.13700205963491263	-0.3669136231410366	-1.023840660136613	-0.46461464373080535	0.07314311845517621	0.17509683153318156	1.8063916089279148	0.06837784472325428	0.785343171718777	-0.2288820277359806	-0.024128162716993903	0.5974824699971598	-0.31732333371245436	-0.4626948422078362	-0.40333448309055103	-0.33134337121489366	-0.355274882800116	-0.90988063599377	0.927386949620286	-0.1942320819510636	-0.4832106991651091	-2.361610008096506	1.156822311155325	0.03578649541874938	-0.1438780394088966	0.4322899328546292	1.4085635142382114	0.003265210658255665	0.2992669447143477	1.0507714507746222	-0.6044890662422692	-0.06509642271880221	-0.6126306283931341	-0.010570957861611281	-0.1928266181081085	0.6776416561641458	-0.10817774487773613	1.1464365195348234	0.9058054338835062	0.311799212332864	-1.1776347610821944	-0.8022953432204366
DTXSID6025692	-6.400687768551279	3.9765961412990967	-0.2282432802716377	-1.154861922570943	1.36831900945584	0.638032237966812	0.6168441573124702	-1.3502047205394783	0.5540059723913251	-0.6650391252176748	-0.5702899113870907	0.8672565009608528	1.1722600737236601	0.46756883508103964	0.8376745836743563	-0.7148427151800151	-1.328159568187149	0.9337462490615634	0.900145690375375	0.2807407232890104	-0.5106873052065836	0.20642358509280034	-1.21840211943009	0.26323741549033247	-0.6093496732298188	0.8243785010351486	0.8847370528548731	-0.22560836056420874	-0.09040477492040497	1.9285812320564004	0.8294421113006997	1.4787912639312049	-0.08214577229611897	-1.0881771528188604	0.33994035938795986	-0.4227594293477784	-0.16362688639969278	-0.5812725471040847	0.09540473905199746	-0.7085723103948618	-0.2033261930780322	-0.365214467435814	0.22328671409499384	0.31566516054829635	0.4511476481833341	-0.22401614869573144	0.7008289876473925	0.7203415414666118	-0.22033036711910015	-0.4699611835103802	0.41671294251294483	-0.962695042918681	-0.30407970758354075	-1.3860991179657105	0.5902318723536796	-1.347209814529851	-0.3889590389901179	0.173779080334114	0.08211490890978246	0.7346494399068607	1.1977451111906097	-0.26330175148889423	-0.20075841907766886	-0.25980552139143986	-0.22354263595893362	-0.36084267065377135	-0.12518834031196274	-0.10189517497307182	0.34641564031159966	0.459375150691563	0.5149605938351308	-0.06514298309363963	0.0376659873874451	0.2474299650499864	0.7012274804851089	0.04442305405475989	-0.0034904228413367277	0.18093445716850323	0.1884131301602422	-0.11291722838703563	-0.026221333916212255	-0.2713675985604076	-0.4607843754856387	0.07518231935522403	0.31081786863417976	0.08973492194047449	0.3444184090538487	-0.1532680644146044	-0.08110178998182348	-0.3866481001560757	0.002974959587520481	0.03185634377824764	-0.274473502834895	0.16088678367216253	-0.5609879134337193	-0.09272296991062653	0.15095869553880914	0.10083892722428077	0.15670430001330166	0.0961107231293134
DTXSID7045605	31.395505032691606	7.578327288217854	-4.737068154474268	5.1110690247780575	-6.680651449129555	-0.3866010759827483	9.256325919420235	0.35344075375815853	-2.952273539742279	6.483169099186697	2.6962145829464648	3.430074931420805	0.39556906636585804	2.7759239117959154	-4.231290807747904	4.994068964514873	-7.133102337750483	-6.503683940632987	5.589407261180367	15.302176986868702	-11.382200262620405	11.669242944333341	8.15548505739103	-5.210903676410375	-2.4096811345751483	4.809342535690477	-5.805001775333034	-5.627766397778861	3.0789254808847497	-6.677080169803582	-4.417266860919927	-6.677898565917395	-1.801623334659197	3.9351320640298124	-7.063363844553957	-6.498510462517455	4.596964225475483	-8.352065463787762	-7.24813412439803	10.546182324141961	8.168838897436084	15.404951307729844	5.490949273816139	-4.366078480285183	-2.3710937058733665	-10.201433855568615	10.019290301155236	5.23062384659009	10.445227939830739	5.4747590202791665	9.038378049608184	-0.7106640381342972	-7.015104185777165	0.3158717280272926	-6.417790591898611	-3.6063065822035303	-0.6565988649668986	3.5724073959531215	2.8739351328838496	-6.236393641867547	-4.234778706856161	-3.024476645525558	3.384181096485546	-2.8574245347679206	0.24012742707717433	2.821796879724726	0.7602639087883059	-0.41307260783645844	6.164008192659598	-1.1237964547368908	-0.18633751882709698	2.2089991621795075	3.415825412289939	-1.1965278445834289	-0.7927316464785109	-4.726206597355793	1.1191998728387162	0.6662906369996747	1.0343605601760264	6.352657603560582	0.5151919873664731	0.1741123205373215	-3.496086008388837	2.682828224171438	1.9988881673111827	0.7975274425055007	0.17027415773799745	-1.434327825281765	-3.497161901635226	0.6809451262904803	-2.127774074175831	-0.08892350222988679	-2.299561312880408	4.424655165474626	2.7499921973603567	-0.7530329400292974	-1.1716056076650345	-1.3078172372204842	-0.67146737537697	-0.8603142384402053
DTXSID7049001	-0.9808838435483815	-1.4293507931326388	-0.7806262215988955	-0.4172891402672223	0.836116964423706	0.25103332551916885	-1.2049836894513184	2.308884852396051	0.2928543089692392	1.6857561956876945	3.189335508607624	0.9682761531428681	-1.0879161234597499	1.9994179166882213	0.8868149155411151	-0.3397411771169797	1.8756008941410798	-1.709356728370724	0.5368419227250385	-1.0235799773954872	-0.1509756829731109	-0.5292109484932053	-0.06678226632339182	0.9256057442024904	0.5732830150012178	0.24485646733398667	-0.4186926048128453	-2.0339626846715393	-0.5082732146807989	-0.5956818002578557	2.037180816655686	1.2069681481975718	-0.44052992197885477	-1.5597074172663152	0.8821637346706565	-0.20933233594416076	0.4463452768254119	-0.9289084286968596	-0.2020689510731745	0.12333621911852866	0.09545376725251475	-0.45757728392278973	0.20556206262842114	1.715701290862288	-0.15011756324893136	-1.1316216691078445	0.10984921728866102	-1.4357074519957185	-1.4756379442646284	-0.071558211789183	0.023458357810864736	-0.7721831556946028	-1.1298179127644548	-0.3087534046226476	0.08750563950160058	-0.39163393899292975	0.4900409476035364	-0.29834298998877923	0.522674195506305	-0.5303051565939068	-0.9807967419903261	0.3782780765970977	0.0886042258500588	1.8772879808408298	0.9360863136482873	-0.48998753636622844	-0.47145948465775683	-0.3407623324564333	1.181286280502645	-0.7913676972369991	-0.706812554279539	-0.580788736624152	0.1958822031871927	0.0879209897132236	-0.7886555183971353	0.910599522652679	0.2705948554375665	-0.8083573727078466	-0.24791267799976985	0.4039217670473755	0.6167994614223079	0.13479331755413015	0.054809284374869836	-1.1064618788121483	0.5391567494638343	-0.30849964159056076	0.29743061547494687	0.6081295400482889	-0.5202358046831572	-0.5066871431191559	-0.615558236659037	-0.32899036085906164	0.6136542808373225	0.023204583811726475	-0.9048291708686914	-0.23545646054057595	-0.05784923227674059	0.7392047374942143	-0.911832805734832	0.10376797833637408
DTXSID2026789	-6.43053691855247	2.7729055803609786	-3.8927325774253827	2.043830358550782	-2.5163081296807635	0.5784727418463306	3.729375177591053	-2.37070334207139	0.10855398694135264	-0.04933272017262318	2.261969205183783	0.34652941437953794	1.0038418590800393	1.0226195061039753	-0.6460676876294084	1.3321409880381907	-1.435029719048185	-1.2884305969763636	2.4828144444608014	3.708117701685986	-3.099399776501794	3.1314767694513232	1.2622209919748835	-1.765005488152756	1.540732425069689	-0.9462935841130636	-1.9212319964857116	-1.2818361258890998	0.09975740550240476	0.14177689708524213	-0.4464650103698401	-5.954375438453403	-3.4380775061895243	-2.5854009860664546	2.7209082092109798	-4.634373411857031	0.9220639033880673	-0.5163773197981628	8.069440054890674	3.341521749250744	-7.949164525262594	3.1268838284906524	-2.527579208298749	1.9792520890088992	2.919224824392966	8.991938420891879	1.0680907781433822	-2.276965004077359	-2.024780042065031	0.5253045215479297	0.43840297742134804	-2.8896023738826564	-1.4844395912921504	-2.0412687841073973	-1.338414057110955	-3.1352807141858645	3.3701690856084277	-2.588583727893224	-0.6273937394146343	-0.7215810286409047	-1.3148248579082937	-1.3665460624575918	1.6884678971741762	-0.37693847685015447	1.293680413727001	-1.0930037868743694	-0.5438134332367992	1.6706896497852224	-0.427796704333288	2.136127841369946	-0.917575986915128	-0.848398889910397	-1.8344841863820962	-1.3410474066423113	0.8030989148713689	1.7461244693018798	-0.8959235127898335	0.22706117221262476	-1.5592261128574951	-0.531556352444567	-1.4006895899086542	-0.29461651950895046	0.25865005347034953	0.948936036971794	-0.5234189937196104	-1.161359594170494	-0.5036994963057861	0.5243347046712363	-0.7169611815836877	0.1238020728042373	-1.2171175312388054	0.579348923475999	0.11233043139183503	-0.12280877131498395	0.47195486975365686	0.6176677774318109	-0.278333975062717	-0.033529389589593665	0.397080906831828	-0.11310634291335864
DTXSID0020577	-5.3342652275850035	0.685767607070237	-1.7828704599227865	-0.5306641065946901	-1.8097820558695525	-1.2368683153345619	1.0534020711349326	3.0525590698381464	0.06592274443510565	-0.6739165032516955	-0.06573169411103696	-0.7207226594130981	1.377831655475961	1.1450678427315573	0.5412732750020162	-0.165700984325005	-0.7470965140397842	1.3431310352100707	1.2625731094753563	0.037658316590141766	-0.24887653230681311	1.567409587656723	-2.41212550438751	-0.48205131313976923	1.846267163743905	1.2599894388036081	1.5288248942575244	-0.9656545884893131	-0.36587237650360194	-0.0656644848373597	-1.1619762339237516	0.5064689005652787	0.6956992573534334	-1.3067810009332723	-0.32329849089731416	-0.12086826536802768	-0.29577494503644647	1.4413226473658725	-1.4875374397579335	1.3036355991974398	0.2946525559167261	-0.7305166449976813	-2.3216314652349452	2.8084605636429463	-0.6671083137519592	1.7136372227175583	-1.569932798739907	2.0595844186277055	1.2675509334875024	-0.2596100247294844	1.3322646766679558	-0.33908256504884565	-1.280856506366268	-1.6440271422480306	-1.067249531561612	1.705470193354501	0.16294630727847542	0.8166852933209355	-1.5379382456985151	1.1282779583444618	-0.8674610542048419	0.17562408405353763	-0.5471560384872279	0.7141493794653424	-0.8991735275029097	0.2567226782107727	-0.9255989071440692	0.5921418371699544	0.1162298587886794	-0.1929760409935806	0.545896715164074	0.24381042647778733	-0.3251381247347159	0.1707979505558282	-0.16521809862734008	-0.6609200232383939	-0.8715167488485746	-0.275337750241146	0.4580546185079854	-0.1460192958714165	0.16712413742676893	-0.9025001340993771	0.147793122792045	0.0764564747882187	-0.8642238507954296	0.08014277161983242	0.41849078469326967	0.6219012347773617	0.24802986745927005	-0.22940158124123972	0.14754097396501492	0.27578349945052544	-0.12194296528505114	0.037820170573501316	-0.4374235630973427	-0.33184668889614083	0.13776413264394735	0.09884285934226321	-1.2482975175164728	0.024814214028997895
DTXSID0044731	-1.803559032891379	-1.23273743914818	-0.033030720765145793	1.5245087868516871	-3.452144047317189	4.8383690337864325	2.3112378407250636	-2.256367868150759	-1.6972989815718462	-0.18880851221461048	-1.2691315439839173	-2.5125587558039673	1.7465724903486934	-1.399970647759052	-0.5236704417259854	0.4843711623115944	-0.21704087920243395	1.1198825721332106	-0.9949547840912469	0.3005115162630406	-0.5636650890433258	-1.6555578297113562	-0.12720056147445996	-2.2690931786160347	1.1714809792958831	-1.7818720501137708	0.2465908602186043	-0.21943677316934124	1.2245299004468106	-0.3811436908377837	0.4983552350357583	-1.5938743699846254	-0.311152352812443	-0.12040241786876446	0.9977381275618457	0.5497829237457665	0.5214046014262369	0.860177497347622	-1.408100447161834	-0.5549816910070303	0.7396679639216339	0.8412733303969037	0.2916899914056963	-0.5624889545593564	-0.4404994630765764	-0.03820966240305006	-0.2757653154487105	0.16029610755109955	0.3488134322821744	-0.2567408672702239	-0.15263784402805533	-1.5648562987782701	0.5920430122424046	0.1994595127666443	0.08851850656318547	0.37492823887752647	-0.5273580050052404	0.9640594257396333	-0.19058775906958725	0.537786717838818	0.4233314455181196	-0.4583007016278167	-1.439631562494971	0.8942622719889626	-0.5035651043532702	0.20518532620279703	0.657001824569795	-0.13168099905236771	0.24712365682746998	0.5837669750938322	-0.5222447624773343	-0.18829031510450306	0.6515043743829473	0.24299640523887098	-0.6123046489158074	0.64881130123267	0.21754529070300047	-0.36487654400955893	0.17058700694720422	-0.6326823687083971	1.1051646494403906	-0.6764154760007732	-0.6093496521116634	0.2929806952748282	0.44923893824594113	-1.0267764824238115	0.32352545793023324	0.7378972346537724	0.16547577549548342	-0.3444390521357352	0.6574174407953733	-0.8350956570527416	0.3090552220895743	0.5476897471314016	-0.40050560157193993	-0.5739605085489906	0.44377740650443975	-0.8499993534333522	-0.45505161487093	0.40227840631294043
DTXSID7041091	-4.632808348739039	2.517392198974556	-2.5339066217692907	-0.9613438444685222	-2.355557765232	-2.5667476586557822	4.747412956852487	2.949611299094098	0.8479927593456837	-2.98628611654202	-1.025379515826323	0.4495543110082325	0.9439581182532402	-1.0486083675484354	-1.1323876277187628	-0.4964504721387679	-0.3695357207153723	-0.30127559350672395	1.7239763527715073	1.2287011708930962	-0.8089520228735972	0.6621008540316036	-0.5074529680407013	-1.3267415649281644	0.4374390495704805	0.6498371190057243	-0.19413861593059895	-1.0097498103073559	0.546488092729454	-2.0465933897632755	0.22281929801549957	0.2574184449788501	0.17258625427289007	0.6585544913415733	-1.0762983760406397	0.06376028140391504	-1.0694742917328846	0.6599946461540872	-1.0280448775342064	-0.5190996075984314	-0.7450232825248344	-0.05951784383047732	0.020424313937885404	-0.12126556309642919	0.1913575874492415	1.421818620903929	-0.12982868454813115	-0.03231802939005022	-0.8279660312730979	-0.774558891442333	0.9973659774042665	0.7694101690828179	0.2851726230061576	0.3213574892435379	0.8898387215123973	0.947669835413347	0.19269835670653285	-0.8059668955089371	1.5047271170040926	0.6382367075889138	0.5434471428981096	0.8332217728167595	-0.869181653177289	0.23782523010081458	-0.973943211631102	-1.155691777680239	0.19950329786452306	-0.32543085726936866	-0.08924193488385171	0.0816197614186522	0.44798743108188116	-0.5005670225062125	-0.2494518162813473	-0.5052011896266309	-0.43074603286462476	0.8093920367885677	-0.18361564479934667	-0.44651041401517005	-0.3622677776911894	-1.0507973152319103	0.6292099178215055	0.5106854328841327	0.04981839384948115	-0.1773801244352741	1.0441670425443643	0.32288544048514883	-0.15301788481430303	0.2419658861299376	0.5616612748451049	0.0075596464087692205	1.0244074622825023	-0.01689213102589391	-1.023885391159933	-0.22353388961225765	0.5008404589341127	-0.2269129714406066	0.6048067643061352	-0.8353558949449441	-0.17689584901316138	-1.1449533678978414
DTXSID1057743	10.101475139006599	1.7648026084700492	-1.3372453762302061	-3.3020185215087485	-1.9088703308641977	0.04630114464062897	6.743988805194967	2.427058200430593	-2.771991356824096	1.9823031541022813	-0.98763603740339	-1.5577044020578212	-0.6933430098661734	0.46153971220273626	-2.096535837416956	2.1526748934252953	-2.353329524214383	-2.8935401876777123	0.6759345509865686	1.49531857232205	-4.730249827482608	1.861268999466802	1.205587823776272	1.3943941936528472	-0.2097622885129384	0.3713973358150573	-1.2053029713644332	1.1806005631104854	-2.069190080787488	-2.7901312617163043	0.21299248305393165	1.4560041386615155	0.026655599785616015	-1.049119362556698	-2.5898179322132857	0.5083132911583144	2.24676046535892	-0.59127263293841	-0.6719886928512413	-1.4132437976026786	-0.4841001745222369	2.020955537076707	0.12075236423801235	1.385809110724227	-0.41482051429707784	1.3751578873865833	1.1423163236805038	-0.284822880033079	-0.2170489738261719	0.2499434031332431	-2.044874176662913	0.5992282625583735	-0.37028692272869	-1.504300889315126	-2.4924322607182843	-0.6400821081653977	-3.8689810240263314	-0.8158802557369602	-1.6266096001479295	1.8422311455235527	2.224748916324848	0.5048241762996643	1.7181055012483968	4.103660651946172	1.3528622749447445	-1.628337740156999	-1.0533892478676075	-4.049390776936886	-2.9664424899821595	-2.4984374440943107	1.5247001533613738	1.5401479216028768	0.798154730302625	1.3101267244433734	-1.1192816363815445	1.3006677441185879	-1.752777744567671	-0.24701093390464463	2.3242251554215385	2.362084343032684	-1.2882049190513623	1.105948390428042	2.834715182301561	1.3435465513128904	-0.5426361447526409	-0.5662011527928426	0.16561191426082084	-0.25021473230073293	-1.1406309833127792	1.2623978013160935	-1.3542517607798188	1.6185602994855453	-2.4586235273479615	0.8441841965150851	-1.0636825175686242	-2.053028709746335	0.7399240383719768	0.41454314928488634	-1.6570033724317486	-2.549062653598158
DTXSID60195123	4.951194158255971	-11.498113744044367	-11.113861325353414	5.275605244820024	-4.295057317619517	0.8325770300816602	-10.75686071303795	-12.08896943767978	-2.3171051269401657	-6.650643500568201	-12.162732652076704	19.330316331960503	-4.19215354094434	-3.285855947903429	2.3591581564082387	-4.307465906534194	-3.031358989393075	-7.527675603173158	-2.131630707451493	3.572707410420978	-5.372916745331398	-0.011806916209989464	-4.135207048419231	2.28915458118579	-2.9338159922692815	6.024907367882434	3.2967704971936707	2.388658239280071	-7.052577313711521	-2.4788232156382377	-0.49804459093893394	-2.869961698130075	-2.611619804155482	0.6000228298645358	-2.4801205992625066	-1.5163967917399586	3.8655700669934965	2.0752946253381785	-3.971835538894278	2.190971439106909	-4.030527455434102	2.0842373908912166	-0.40374296989181013	1.0058893015663732	-1.7777953676600007	-0.4999443737148448	1.537580350449058	0.5413418768358134	1.4915553919159668	-0.9926344029387787	-2.987598976307636	0.5146602216582009	3.344095804631093	-0.1634214925492716	5.146768093682692	-0.2923198387119378	0.4431493150925923	3.7996395404835615	-2.0914964977959887	-0.7185086024102928	0.28196436316264223	-2.412627834963813	-4.228012424591828	2.6492080749222158	-1.9571154971607008	0.7409385117931188	-0.28064968663638296	1.5729133972534173	-3.491638614222585	1.7770043519260734	-0.561048299558196	0.8483711329169944	-6.42056757831893	-1.1246782843757042	0.1159634560421972	-1.5987821965011402	2.191152599746153	1.9381673206735508	2.3321136276668324	0.32816748282600755	3.638324511437704	1.7982178000704068	1.9105540813230506	-1.3441407234825793	2.332234097215062	-2.361712239600697	-3.3248535122444487	5.944271041186306	-0.9210230829496967	0.10201080716517782	-3.821039263396245	6.221112962101686	3.9527356534658136	2.2576337562303843	-8.235412537896572	0.11955016695999922	-4.029421935661219	-4.13863260798317	4.633444615769332	-3.629274937926232
DTXSID2021498	-5.424361003627567	-0.18653743094499953	0.003771632830890907	-2.0891505656989318	-2.628167206859495	-1.5772978796874833	0.6579758160428708	0.3078890525872166	-0.5273097159315412	0.19912572700971687	-0.3453446829243281	-0.39860698095755503	2.189395768846433	-0.1492576158868181	-0.6413747998197962	-1.3767941422732581	-0.022950476166421267	-0.026282296353642473	0.8080882919206936	0.3724156463873905	0.2130369637515927	-0.11616885244795158	-0.01671594579046929	-0.4806893168208015	0.5905636462381532	0.5062881326937874	-0.7636745341594258	-0.8370662179969102	-0.1209822899760134	-0.1485802046132684	0.31417215137238147	0.24366796258869283	-0.4858096016612405	-0.9977759126901141	-0.974370633822894	0.16891307654460277	0.9708183363042446	0.5912527568508009	-0.5224220456090274	-0.7658562371973162	-0.08668780367184008	0.05049660719404793	0.06958406669841233	0.05995014054007933	-0.26995855045851563	0.01642840637437796	0.5876971937330947	0.16788534707969474	-0.5489872641642267	0.21316723240287044	0.2059607098262479	-0.4099959484234499	0.4780332978079522	-0.19198002759421187	0.3269813658731408	0.5237404881504927	0.18579918004980134	-1.3426758465983368	1.44525561012802	1.1340128676646377	-0.22494245158902137	0.014275056663019174	0.43900663979767973	0.4092082563308125	-0.10095007780040512	-1.1694840167491642	-1.5039612499125703	-0.7409131023767207	0.5800248553383088	-0.10520366799409496	-0.09834604017647519	0.28241625404385867	-0.5974427131696506	0.1381516605708342	-0.3214959718314089	0.624895417371361	-0.31409191008309834	-0.5790139374547185	0.8880181677594783	0.5217546930539692	-0.408092239097018	0.6976669224092864	0.4007431998938293	-0.00537412958671978	-0.004477993468564086	-0.04008730016933218	0.6427090770892431	-0.2576678865227525	0.6962478463709846	-0.47610490899126917	-0.37085463217691006	-0.20202611633707093	-0.2306711122048564	-0.3699167097535734	-0.5867481239539742	0.1831131416293751	-0.5002976127444219	0.0041374543435150745	-0.058334991834796554	-0.11332258454066757
DTXSID5020528	-3.8204962016617046	-0.751241944310004	-2.06619940461856	4.353670831016138	-2.305590294113935	0.6692849672679541	0.5730229253880189	-0.8776575358062174	8.814914161912634	2.6447867525217394	-6.493854389757763	-4.43755332840022	-1.637330473964982	-1.5024527218686587	2.2137169891502535	1.0132736913796367	1.3368933389031874	1.0950310135723247	-2.4916887236063956	2.3284057228856336	-0.2945148386777265	-0.584569179673197	0.25141502258965615	-0.33809935191244384	-1.2712662938823491	1.0074188690471202	-0.3439564391056621	0.173630146708732	0.4730388082937963	-0.982170082808058	0.5915886115169032	0.2536991160983014	-1.1053282673923643	0.8754811096332973	0.33872633615302944	0.35025086069348993	0.27598189479250607	-0.0763739961906103	-0.35381431284955467	-0.7488107796150759	0.39285660674756195	0.7928873219363258	-0.17061332109828745	-0.587268661290591	0.35095419814312473	0.5784095028425649	0.40289286454872575	0.3401439632181339	-0.6316703573679098	0.5772055331180461	0.02008166370284284	0.7221705879737629	-0.38127779078457597	-0.056297818694889444	0.03433021460170496	-0.032276455975697824	0.30951828871607495	0.7773690335390995	-0.19745774220070827	-0.057638193815526484	0.15094975444761075	-0.6893077952250607	-0.7675711611955429	-0.19592938526549647	0.5184622999451712	0.0775031965853341	0.10363162816987466	0.05489172015275675	0.5099085478535311	-0.2531200630799039	-0.3035252567923891	0.23269327793833444	-0.09609243769136873	0.08570035883342117	-0.4386858950887711	1.0089697952318466	0.11772263753003188	-0.03741639472052103	0.5180394164845418	0.5264398462980715	-0.45139763644314984	-0.21618153834281678	0.10752865442745561	-0.002260871489046056	-0.09605121418997385	0.17097888032296132	0.14318257278804017	0.5629779638175956	-0.6051490629848258	0.12219914064987647	-0.1353412809971402	-0.37258101017404577	0.4587446289570713	-0.46528282900863427	0.40091203784575596	-0.40510708077754964	0.8031210195492587	-1.219584782951162	0.045038876344451674	-1.6096462130990998
DTXSID1047782	1.2141446139468972	-1.920435807435248	1.7049238546588	-2.782388800538032	0.14930248085833195	1.4734515727028867	2.0765287097826937	2.1405188427991613	-0.747880156477299	-0.16172937445723526	-0.8376846531657448	-0.8622780712689594	1.4651718254469253	-0.29374289233576534	1.2408181243338137	1.7277345231684789	-3.6619036431336816	-1.1452407230814698	-1.8082370397810101	0.39366442769139126	2.760528625073814	-0.424040335816751	0.22718098446795737	0.4481774813038109	3.3428532155775468	4.78973956576405	-0.186664227848508	-2.246381657803519	0.9971828735835343	1.295418380230216	-0.8283962185901231	-1.4591127228007876	-1.849594213220869	-0.8546285416723258	1.4882738654854366	-2.1513098785645504	0.8129421476949543	0.6819531059656366	-0.4478567197958489	-0.3545297705686147	1.4166686340471009	-0.4033038468511548	-0.2915784588593069	-0.3592986770202371	1.5289846150375348	-1.4544316037903056	-1.001462107457315	0.1591045707557262	-2.732894721904072	-0.4422439836112923	-2.3266506976211363	1.515395467107959	0.20262813745925617	0.7751234760969755	2.566869320145666	1.2894715996120454	-2.893595088594822	-0.11322991121459679	2.2298271829606175	-3.0812617000945797	0.9828987737173562	-0.7273280538692903	2.7864886363694628	0.40894918883075415	1.2969955127119812	-0.735831540743615	-0.28931247302419716	-0.22165702306596585	0.8082236433955363	0.33969509171210255	0.7074292348504908	-0.04155352441175199	-0.4194279244663416	1.6314660964582675	1.1883566179516787	1.45102761136727	0.608875711998318	-1.7623119591861698	-0.40636960609008255	-0.7719878272798641	-1.292825531709525	-1.2503984370773684	1.5092119073449708	0.3665124391192587	-0.34422492194473586	0.8283729975227127	-0.5222748409135123	-0.42831014512538623	0.4654124269228914	1.0396239635236888	0.08732898470079072	-1.3649670127574598	-0.034006847726119116	1.1330347073728553	-1.2382920379193314	-0.24960828246573652	-0.8141414291533128	-0.373741046412095	-0.40532475441458343	0.20487331996292799
DTXSID4041444	-4.772137905125229	5.079896716698689	-2.1581817634247265	0.22690048887109637	0.6272453157583139	0.22779676633592352	0.5765173968631112	-1.4969420089995482	0.5537379689359637	-0.7370187408543203	0.3161655600459548	0.9374657486836018	1.2984752941748607	0.562716987939407	-0.018105842140283053	-0.00045100257895555634	-0.07105185486837746	1.3320830065713762	-0.3490153984993764	-0.4010649374048985	-0.48092999938764164	0.004145695774008583	-1.1007439196072224	0.3564799528356606	-0.10087642125787533	-0.20685868981772396	0.7362501506400987	0.3847601285014647	-0.24151152443763155	0.3242845822501172	0.48483872995995775	-0.07865565421138193	-0.15937381721714322	0.28651763712462996	0.3682717084014043	0.0147993038767052	0.541204440069962	-0.046413274592926	-0.27743573416100653	1.2943275196495845	0.1218626730260099	-0.1586407529156796	-0.26608980174971086	0.09816012240104616	0.15280682267316367	-0.6281679729512835	0.023053325162254834	-0.06992273928887134	-1.2008951584760534	-1.8143796999101465	-0.5307587542154912	0.650103672955095	0.5136235419596646	-0.47956796943180585	-1.006406619529087	0.036313792265694526	0.8263429139993079	-0.812016191810378	-0.8575600883957526	-0.08327097208253796	-0.5152136890587145	0.9303530310334999	0.9634237143757891	0.29200567075685496	0.34660623399757984	-0.23029077138585627	-0.8067872232396642	0.5120149899626314	0.47742614214412366	-0.04658694336294713	0.20002985901784634	-0.9036362234496876	0.5775703778431599	-0.19995780394423968	0.9689248365883812	0.08728796379460291	-0.08082763138843181	0.024618775177952308	0.8852135007080779	-0.0948679741575225	0.3605087978546149	0.08044072610361074	0.31092923829886737	-0.5888378283543659	0.35908433153591013	-0.6444029638898877	0.18028440273442325	0.08946376010026606	-0.1898293875813292	0.011035458736612441	0.35516276249226514	0.0012317432832430267	0.0191674738121586	-0.3424169637256402	-0.6419211522728159	0.36789678586976654	0.3757690855421892	0.2400287429623446	0.12359549804184719	-0.3784757739329237
DTXSID5046142	1.2750446987753878	1.8141482773456523	-0.5880609654421441	-1.560078509239353	-0.30383488658952845	4.29153792744433	3.3563674574202382	0.9591129626464756	-0.8538916635451185	-0.8170137724252968	-0.04320011103852179	-0.9639144693467794	-0.6768691143147357	-0.6847467965591865	-0.253757261118163	1.3379785912827193	-1.9688641877612698	-0.5285011982428203	-0.029085425279107974	-1.2309323302723654	-1.7121628856238982	-0.5272857747836612	0.19580478271060822	0.5382287417198088	-0.9863020806531132	0.7502087069053565	-0.4290616124018362	0.5334970637548637	-1.6160459088257142	-1.4746188362694963	0.39311190157836223	1.1133467855174077	-0.7052662669437303	-0.548647814305543	-1.7287442237573076	0.7138306775229806	0.18520916876717436	0.9210726693306523	-1.208550916236277	0.7047209602784043	-0.583790193271897	-0.5966767441239239	-0.8887060819034804	0.7874491298689266	1.3802517589929302	0.8854645649471984	1.0698920246876908	-1.4320857532799283	0.67218185743344	-0.023324417598582593	-0.8446835680479786	0.8260782791987463	-0.10775515580201678	0.9930796744230667	1.18874549469845	0.6662275249620726	0.6655938841863392	0.8338282609254576	1.4910339687608933	-0.3946454526325523	-1.2554308017148323	-0.016069496827351815	0.07791336876409162	-2.6668685071260905	-0.5315665085613978	1.3027344688024456	-0.13401082083503987	0.3015596561990371	1.9736773524311624	0.9342509117668447	0.7338255310088738	1.7706956736511925	-0.9759624977969344	0.3460465953025126	0.5651993512135145	-0.1139604566068007	-0.15184512470989844	-0.37999350597669795	0.2893928213543749	0.44914659859787226	0.28481753949347804	-0.18868056246986536	-0.2560926982861284	-0.4815343553562484	-1.129566600180125	0.5394127694896723	-0.6972532458983575	0.07877052657230053	0.6715350694557087	-0.5774760950025737	0.06139678280261351	-0.6578184631732314	0.13239888639767614	-0.7215075849387841	0.10918113795724314	0.6654202494322925	0.08046369873338627	-0.27420331865290853	-0.11964599337750452	0.3457632754160729
DTXSID4025080	-4.890110226268984	4.740883499278404	-1.8605046184867688	0.3116960924372974	1.112840420163374	0.6947901580643961	0.07773871163263102	-1.202484341907831	0.029028977826678154	-0.15136031530021474	-0.07194344129297486	0.9754378728489275	1.3173693839710003	0.2081044892083058	-0.4981676840246551	0.09873924961546167	-0.3539901158047473	1.343072573729038	-1.3765181524395924	-0.19737655124947806	-0.560457196990574	-1.1430458485727093	-0.7656120142384427	-0.3976182174068169	-0.5947648005548939	0.20539329906679618	1.5598362586704784	0.5457222447579041	0.34099400809536734	-0.42440126241619297	0.6795478678001347	-0.038979066441343184	-0.08763252115525995	1.344063084079345	0.8391842894136016	0.11216715324182282	0.2955905381395815	-0.07117780812932244	-0.8006865796770944	1.2268055885594535	0.35565904293024936	0.7803937940011043	0.042535296128468104	-0.5975385256516884	0.34826609844754597	-0.262204541541265	-0.03646196379461274	0.1315535758542169	-1.3427030647767058	-1.8925627744605902	-0.785514852196215	0.7326884942504116	0.18514012247445388	-1.1305968224930043	-0.8644007288004566	-0.3477280853672901	0.8234422656660703	-0.8509619009464845	-1.5518478269807472	-0.19089642624489628	-0.39083232897711667	0.07560934804339244	0.48352130361915685	-0.10035661069739545	0.6454241804588744	0.030853543891148884	-0.8666231425600619	0.44105844775875797	0.3817718910763149	-0.008427209295705871	-0.4489590846120874	-0.3322325660419795	0.49337109863344764	0.6477288971549847	0.5805383883493427	0.6087120598231375	-0.6169856533388972	0.6133820969670051	0.6039438074007755	-0.32354429673136065	-0.6341740564020318	-0.3590769415615534	0.17252843130012335	-0.0349839174896025	0.31887005215109804	-0.2994426885585491	-0.2422353789675878	0.27195156496443823	-0.00016682965799596925	-0.23093463557598287	0.5926332159150873	-0.12580941801776538	0.0943863190150372	-0.41929737137703066	-0.4564072525479653	0.19680252542151588	0.5434857028598091	-0.002419510987219093	0.06397407692406104	0.06725509808028822
DTXSID8027034	-3.8348269139360136	1.645648846042389	-3.913194376758779	7.068138244810599	0.1942379853162596	-2.421487171725875	0.2996247549993936	1.0794305053813584	1.9148948469762253	-0.26686336058649107	-3.7721100789854694	0.7416263743215434	1.715422416617871	-0.742099241721616	-1.3966892203376398	1.2643268537405699	1.833175843676573	-0.474389750925788	-1.6165852104813039	-2.0458782016344625	-1.3026555272310227	1.970190814699743	1.1013390473340687	0.8221540609610045	-1.0122283131061613	0.6479987011397816	-3.4104911335244394	-1.8744265845765793	-0.5659783791438343	-0.8493162103498533	1.005184424848457	-0.8032011126028181	0.008206582096483488	0.4188231781266955	1.1027427405812635	0.2795006147014054	-0.27175008018896624	0.49986246716418314	-0.4413063657602771	-1.9263009027515323	1.1267741602542234	0.26583950287736474	-0.06903908513674645	-1.2826112208102427	0.6659374295914162	1.5479792715386687	-2.326388646231373	1.198679711069728	1.2576372230337496	-0.12042060718242614	-0.6582952641513292	-0.32242436945703673	-0.37928070407252196	-0.8243486284860988	-0.7634690701199841	-1.694088129054031	-1.144767683138699	1.1914000620109462	-0.0455666071144255	1.4458103360908987	-0.29473615489175403	-1.6031129934759463	-0.2827629318680945	-1.2518480639958947	1.7062796295958116	0.679074666369845	0.9073298363698492	0.30339665179784014	2.808815120006215	1.2841860677008137	-0.19384368107769498	-1.5508356952060576	1.3302126702110315	0.02366765761039587	-1.0888949650149704	1.00419342596432	0.26098867075761345	-0.642000716851438	-1.1467964176985368	-0.08829432643747027	-0.7713440280503059	-1.7373283141685765	0.16140993450284638	0.47014171714941194	-0.8231587910655555	-0.5079222702830056	-2.089741371966441	0.7525898547537672	-0.9287368868766667	0.24491949446530073	1.2487329654872468	1.432762856648047	0.4244289543702637	0.42259755024286233	-0.2032238382152913	0.6233276832126852	-0.5114208602315018	0.2242561246039701	-0.41828552775488087	-0.00349696279006902
DTXSID1032513	-5.811236834890686	2.0576101807595513	-1.8381961942663194	0.8829388773057442	-2.3177621896577296	-2.3638179790102485	2.3191420417550885	1.9219090036993065	1.150138778815724	-2.6270066735927258	-0.4902483483635152	1.427882809487919	1.3798607105174698	-0.47886170849380955	-0.6235794505061246	-0.6276982005053859	-0.3636228569787465	0.5760616312399843	0.9205418609538837	-0.349369888767828	-1.107604825437135	1.5673447807469796	-0.46878173273447066	0.47397651460467893	-0.8727543087282611	0.4199276636922092	-0.257513642468111	-1.2372207786666511	0.4668450985598407	-1.63508669678846	0.6267666866134165	-0.043630282662885614	0.25863775707411707	0.03052640798700441	-0.4939905078629394	0.27755801055742885	-0.7991082887735329	0.6642373103627233	-1.2830990493249803	-0.6856430506793282	0.019916301511818973	-0.6943050858336605	-0.2512817584974431	0.5549351742303236	0.6848195931144674	1.4253249454918815	-0.796521905567545	-0.03860817900452937	0.30086766107275015	-0.16276499166918465	-0.005760452315974062	0.28545642986064873	-0.1566411271175723	-0.1840775623940274	-0.3518498539797859	-0.603851744724557	-0.2261794394763786	-0.1263135373674055	0.6024937223919542	1.0993356375545786	0.462143317912397	-0.5111536502046168	-0.09480983224325212	-0.3306118279292862	-0.24927618260668746	-0.2675191016892698	0.01243935811436072	-0.07090481588083244	0.5963572789460243	0.10807222679716652	-0.15029497196268887	-0.387352539537077	0.2695437958350931	-0.4697968745279217	-0.7324517008077559	0.9548173654074517	0.2142118206088973	-0.8691298216165934	-0.44651965880244915	-0.46015076486525847	-0.07455906831910752	0.07245736581827925	0.027472966497069335	0.5642676705846408	0.2834818189059647	-0.504696680047704	0.010517850566949781	-0.20070096226336787	0.46576927067600327	0.5142174289384595	0.4249105501503068	0.43400771620065726	0.07160913891069234	-0.378094786996126	-0.14132579696629652	0.7069951159705153	-0.23267154191481118	-0.01649411242809692	0.032585258853418314	0.2532886313414038
DTXSID5045128	0.010734842752194804	-0.10292671990035204	-2.8221199571722093	1.074263085561692	-3.4764921964034396	4.572854780197273	4.793653227569639	-1.6383534519425145	-0.9204917126942633	0.09088359955641152	1.4309398857946958	-2.7062846989560705	0.2629625467638895	0.006454172387821953	-0.34613132213652764	2.3897644672923204	0.12963726362012384	-2.350467955158639	0.36628813360413937	-0.694986696086805	-1.4591808620781461	-0.6551799628370183	1.0899755504386845	-0.6749666291708514	0.40741660604419827	-1.6546193011941792	-0.05423653771533135	0.8881053472109355	-0.7908096168212031	-0.2698546236073711	1.8724304931006268	0.31558002511845384	0.13828617720347755	-0.48113466219422973	0.06826817488415582	0.6637587493299534	0.5227595375813693	-0.3133973804626487	-0.8542031030396396	0.2790363531688013	-0.23792307036135688	0.4016501438287141	0.22905854752764693	0.9444924362741721	0.6329069311954655	-0.11592952447877207	0.04494524655116965	-0.9456863949997151	0.17586799390493063	-1.7126489165418628	-0.6589053316272352	-0.10110264021411215	0.6359051449958403	-0.628305453412749	0.2736799059769623	0.8166062141886057	0.41427538417027865	2.267802176392523	0.5397053414450877	0.27283311720525727	-0.4355882598423544	0.16808391331181255	-1.2959892502039048	-0.7118226837588227	-1.9557865086802013	1.7380089708998188	-1.2372521595998187	0.7408688285631374	1.8452633928045876	0.8816587149089783	-1.376313610692927	1.4693535323278923	1.3387160271364174	1.32532347177079	-0.974145552131293	0.04695939349567833	0.03701305028092667	-0.09815622708825933	-0.5336243059920337	-0.7513770957094964	1.2785807995910397	-0.6596562965176834	-0.48704166272657234	0.09241425349976765	-0.4184088259763211	0.229287001129365	-0.17177171473479888	0.39376655163368035	0.2993842587610984	-0.7785492555481978	0.22209557497269272	-0.5910259392606817	0.241764536067089	-0.29584901744272807	-0.4163272793311021	0.31957934897466866	-0.12509111998973194	-1.0335552650135211	0.4976493702504828	1.0425607410065763
DTXSID8022828	3.352429748741519	-2.147236283970282	-3.3483802048705607	1.2522138505887992	-4.1483540066079305	-4.294592152895563	3.7563558004886706	7.309537516503565	0.16424652556472488	-3.0151237157167303	-2.6777573532829586	1.8598067405617646	2.716605801465136	0.28368146407972766	-3.8569361503867006	2.6594953490507165	1.6945095331879991	-0.16496401716204254	0.8221234631683723	1.532633516009476	-2.3865088207028413	3.452366171771366	0.11123271280119246	-1.5535577366407176	0.493188409083211	1.1376947088810447	-1.2126209188346915	-2.1469837588308587	-0.5649084335820584	0.621958692296577	-1.7786712931341848	0.8759752991216366	0.6359332726900963	3.132816918215784	1.7274545217663693	-2.1961057838346028	-4.054753660314718	5.875638218319624	0.6199262187273304	-4.885487573527816	-5.023995206153928	4.160584472170278	6.735719462338056	6.930610947129772	-1.5411608560940986	-4.503855205839956	-2.4386195633647336	-1.3711513212213065	2.308669298915005	-1.1535759870858793	-2.50242582480431	0.5653852372066388	0.6484616206300031	-1.0919988194758783	-2.164726220695579	-2.0029768804459733	-2.1717118899024026	-1.606584581275653	3.069192206200628	2.4527747758541714	-1.740321044760567	0.9822600514748816	0.6431673973694898	-2.742263062726527	0.6813942562984008	2.576307736510618	-0.32105412849631276	0.9165500057023551	0.33482110805144555	0.7863682611645952	-1.5804572110347763	-0.21474684533414617	-1.2610049750931271	-2.8496081367194552	-2.09573130887836	0.500657486052108	-0.5688153446757322	-0.2956581711085514	1.332242730681273	0.01059790311491285	0.7088633156951253	0.21210624459759725	-0.3955767351458902	0.35235337414256723	-2.4188363835838134	0.25600858957254813	-1.3380910413471645	-0.1156144062197397	-1.617634107333208	-0.09686361222399692	0.36484306797690563	0.704889764397737	1.1664296711806443	-0.8956010596588012	0.438001844226974	0.23083555308045928	0.530630114926941	0.2859526916231009	0.05080576075331462	-0.6610633278125745
DTXSID6044309	-2.005884341013117	-2.4742668649446173	1.0552800705396994	-2.7404471867856266	-1.9085660472796728	-2.4146329114454086	2.1339779812983113	2.9126964276001086	-1.3216241855367319	-0.15304927445874378	-3.409226049525292	-0.9747427258669209	3.111853457576149	-0.13933641888746925	-1.2725158874298543	0.8325774835629084	0.28898582659052424	0.26644852078040615	-0.7264288200716313	1.059251915202718	1.097623251408817	-0.6832738820802036	-3.0915967143102687	-3.285081044171387	5.971465849528267	2.4134572748861887	3.5824654720200177	-0.5169766834879165	-0.01038887701710064	-2.192798905555901	-0.3238481266589522	1.5105490498553407	-0.060000637406838954	-1.4557132046176369	-0.2524918106952158	0.03757736271404205	0.9599937520427917	1.309066529814202	-1.760989467929203	0.27356588553044636	1.4001636593601337	-0.07180987426637513	-3.9504082625175503	3.89495630800432	-1.2489842588882774	2.393836162822411	-2.2148682811642977	5.249364427838617	1.7846065544052832	2.2363132205676055	1.9280792839151288	0.04121509900048314	-3.1915221207568467	-4.879412074182676	-3.4788212987134908	2.897616328911554	1.3385013706771127	1.4617927696491027	-1.4699373253690478	1.2278822330086852	-1.7427715549436051	0.20047775954075162	-1.2068093058798763	1.5842130623172486	0.1956429167620032	-0.16382253701282543	-0.8349760167236928	0.061871560526370696	1.1189307293348154	1.1219304009463174	0.1649362073553784	1.2751772842539375	-0.6019357135170326	0.12218209790572536	-0.8020567790417694	-0.3511946234606586	-1.4026518065654592	-0.06125685688417037	1.2070984275558831	-0.3922949975335092	-0.9021037896058512	0.13489071205101189	-0.22762055647601084	-0.7224309698317362	-0.15869850219194384	0.3095571181150426	-0.33490220650404345	0.8997687382750168	-0.3094188219517489	-1.1316708844538854	-0.45760221721961725	-0.34535594884230836	0.4031713043512512	-0.7898213689074564	-0.18717462924224576	-0.7925770548797229	-0.1988252924815637	-0.28794733971071546	-1.0295840365699136	0.07428550973937281
DTXSID5045883	6.324817286571311	1.6301177446181967	-4.80470469266892	2.2727557988313887	0.927167027768579	-1.8894103186594107	3.3754078356636628	2.4926309973442966	-0.43221961500747613	0.7192050681471814	1.4054234551215299	1.9896754887325558	0.3268071024114965	1.2113191474257081	-1.4421368999357136	1.4944206600490129	0.22505267173955706	-4.020912503368442	0.35393290091903246	-0.7822934777566463	-4.421285320875623	2.9587392581927534	1.4391355510672157	0.6678702401145236	-0.25865903792215106	2.304392156361118	-2.3978282151030816	-3.7491871760763344	-1.4109995520319778	-0.17903133212085356	1.5441025915990023	-1.444773674088718	-1.7077928618759664	-0.414652939996726	0.0028856038237583294	0.1573880135276332	0.3505409477837322	0.34360416486552153	0.25274009616411536	-0.8207846483516202	0.4115355686411534	0.36738983933113334	0.0809961950387163	-0.9555140241174341	0.5968773745703492	0.9253536018616788	-2.110466394291023	1.3709450810624728	0.4939417954660314	-0.5516125326297812	-0.08012014424209254	0.037218332181980625	-0.7940677596601534	-0.5522374243153814	-0.05978444118945348	-1.1101400576155138	-1.691398117828693	-1.282211588880329	1.751473804888081	0.7812197722799963	-1.3875814135518751	0.9965981402076574	0.1126253560624647	-1.1988767604079	1.481146577172717	1.3528608474680257	2.3254431565803073	-1.9260769825098687	1.4370119964236905	-2.024189151751861	0.51421355656926	0.558079669820836	0.8051369605741245	-1.6940774078682936	-1.4823072769462817	0.30244058312965655	1.0851227114287045	1.126919898339515	-0.208953537667494	0.31266589112473286	0.5582845258749218	0.03680014527064813	-1.1927623156713996	-1.790012334291988	-1.5078487086226373	-1.4612568439112399	-1.5670836325916355	1.7825986426437876	-1.7474618462585947	-0.943027955532917	-0.5709016724877216	0.6635418846316967	0.5486406215594269	0.49704964807489727	-0.008260396531808392	0.6611047055654402	0.08131756642606032	0.43707749408479185	0.7169488603793948	-0.07917966641740704
DTXSID8051542	-3.7296254619431783	3.4745963015913937	-3.162732176629358	-0.5041981794063638	3.305796535085946	0.8719325918884717	0.9451728704667695	-2.196705270986761	1.0449873443903455	-0.5052928893340856	0.5058062223169159	1.220887796699385	-0.26793725532344725	0.5648981341770013	0.039452542531393874	0.3339091499638527	0.5606180452172205	1.1683438363190373	0.13735037034617187	0.45125258504893406	-0.35285086111523023	0.5374291717536749	-0.3978940424838676	-0.5981096152892068	1.110707433823807	-0.04437238525691323	-0.1288949578381416	0.6589809914226734	-0.5618018614903256	-0.5537635629697716	-0.015833541839392826	-0.4593372700809187	0.6729984284318659	0.3404990750328247	0.055869245534659676	-0.06452627563385561	0.37595868903526736	0.538921668603142	-0.18496518105201096	-0.09317497987315897	0.08551040012819257	-0.38613152636515863	-0.36548781879981224	-0.3858982254020383	0.13773918113906247	-0.593707316110373	0.011230685592028548	0.0007741540944677893	0.26540508945118013	-0.21977331632518404	-0.2819138592537186	-0.24645805717955302	-0.1863357105415433	-0.27458168250932946	-0.33225164953707154	0.31161484391066635	-0.5341579257449109	-0.32949451435290916	-0.28760797148288514	0.09319123592400284	0.19392187916238038	-0.015133839249509723	0.07067965123559788	-0.4792869964642656	-0.03363139079562418	-0.35339946045191134	-0.5881045087256779	-0.11448133984908589	-0.24089938537219638	0.17821495428906778	-0.4675776090385808	0.05546039164220405	-0.04965928111518337	0.07633427766561349	-0.3825510829830756	0.2787833478958646	-0.24013278498373491	0.397889480100728	-0.19539186372467254	-0.02194652602010231	0.27495280256169663	-0.23514869307235137	0.1533384443357221	0.2078379367673914	0.26489173607468275	0.5045452768819597	0.002467147880867399	0.11211188476641926	-0.24312802535052738	-0.056633484315267664	0.3292226277952953	0.3654177020366419	-0.44607953304601244	-0.007375998664993737	-0.15216461658541489	-0.20425882182711344	0.08721493302590691	-0.3112737362008339	-0.03926174409697668	-0.10273597630078977
DTXSID5035957	7.724727154043984	-2.5428506879222863	1.8101373296543923	-2.523575355355251	-2.019833457416288	-2.4176026945414586	-2.6626753267953522	-3.639351503020876	2.092225280458919	0.26430691660551586	2.383715101532389	1.8600833110290256	-0.3160046634113894	2.3058197431183944	3.6902398889055608	2.4843791785021456	-1.8485016595986297	0.7239094266513109	-1.4647970606198863	-0.5760708696874668	0.8352352291081303	0.8046711156448422	0.4063620408279373	-1.7670962579859564	-1.1036693874785555	-2.163713500764951	-1.2473817851238371	0.05263346110420565	-1.360624518817769	1.2332631476303824	-0.854266973556545	0.2791173988720829	-1.762283029698296	-1.113614962508533	-0.7364702378847829	2.139081956410018	-0.3102952680011563	-0.4846647405797107	1.5252312069978362	0.16511660845072534	-0.26212706323850504	-0.07299827708305541	-0.08228935895342035	0.10517597009993956	-0.35514742281771583	-0.5767400340667805	-0.15910107934746834	0.17982288653555958	0.436307848816041	-0.2723408007135786	1.3904400772044334	1.7266321867589571	-0.4561162899935388	1.8031652281629875	-0.7409307449401739	-0.7424346643536045	-0.39515692205122116	0.050516849742219753	1.297478990191848	0.2701277592862836	-0.6364711822943907	0.3655090034628869	-1.0013283154824046	0.5982889538816282	0.41026223771338105	-0.9281051953283042	-0.0776807538211754	-0.014421776240438893	0.3909704275682068	0.28651673159533597	0.004212640123557637	0.3381961785365735	-0.2755494663135303	-0.0316457590496447	-0.06777367620605541	-0.7593768610236711	0.3629838872653513	0.42854952963126136	0.2999857451528487	0.16494561109461434	-0.2982350409961853	-0.46786843361886205	0.8819205821894266	-0.3927710080926246	-0.6030080590626808	0.441163500497384	0.8432822909732083	0.2851287718344743	0.018557569655555033	0.12005298734673726	-0.008890293092741636	0.34387825652488085	0.16559721963818927	-0.013908990878097228	0.25646335780788254	-0.2902260142185207	-0.07141409654772507	-0.05355254718851745	-0.23568287648538502	0.28366082502339085
DTXSID8040484	13.283541808834112	6.472723172678519	-2.693138467928511	5.57368087881965	-1.13420067180294	-1.9710768907383887	-0.5663946943119347	-0.5042035240840632	-0.24011476989815686	0.32951087602854384	-0.605652544667947	1.831902483057313	1.915342087693044	0.7484026082748858	-2.7944186031225255	0.42126383036050247	0.5433982186867525	-0.1252912361664842	-2.1086330371068445	-0.9125121069857808	-2.883960308433264	1.900183093597332	1.4580452538226005	0.10333318025165303	-0.59527863512525	2.899546353836647	-1.9423630511530365	-1.1338630868279194	-0.5376815216619907	-0.6015404728620324	-0.1438662839701276	-1.9152743441977162	-0.5128244055777351	0.2583777814645951	0.6274756488270248	0.7099729785606451	0.4004065515285179	0.968481032686532	0.2288265271041503	-0.41479675974572	0.2613998680833985	0.6335245147676877	-0.2792906938978589	-1.2465651275842795	0.08375291855672246	0.7452394999003201	-0.9729851948422356	1.118729203300686	0.807784230753747	-0.29930902441749635	-0.9717531165904082	1.7037589081575937	-0.5287596452578136	-0.6753000369172926	-1.1694230013686233	-2.302750178221892	-0.8973720544008533	-2.071476781200896	0.20772832898262542	0.6740921141678058	-1.9080736712715125	0.7354231688793421	-0.2991399671115052	0.04869559094259817	-1.156775613935877	0.5512685102541428	0.6272357235160623	-0.8434822875298322	1.2210524295197245	-0.044147927592641016	-0.44859097562819306	1.4957911451477865	1.5572475919754247	0.5068753074773926	-1.207274485989564	-1.7236268712669531	1.0056326725623086	1.1142454725840687	0.6282186608595197	0.28418688566219247	0.008823509763416965	-0.9643435583243134	-1.067106537494355	-0.39863277705429273	0.0013990234924308581	0.281943223303856	0.1487185924005718	-0.8877629767113853	-0.5490724992606454	-0.07793206218168428	0.18941827570651948	-0.481131935235801	-1.1324003225583787	0.8074910595683982	0.3611770488493062	-0.16925504434762256	0.43678274057966726	0.22456801860802733	0.1587081833507175	-0.25908762393345774
DTXSID4041575	-5.049370707186679	-0.8632023556328651	-3.4695490439035797	6.341438811628116	3.8335464335572094	-0.8732460258458541	-0.5235491093926699	-1.7130912213672436	-0.8490475793101241	-6.308506015175652	-2.7688006902224944	-2.74372638608229	1.6525534362628114	8.237171905702796	-1.069120859097421	-2.2175530094661116	-1.8208810791761512	-1.9913587904711567	4.619956369619595	2.1035849057299285	0.8316610198979152	-0.29214534819703875	1.7174648529265215	-1.9634396251835635	-1.2608637040637485	-0.2614006020709549	-0.9561856660253356	-0.14233636316917242	-0.09023048465069686	-1.6705493432424905	1.6158009812093856	0.01523936420691355	-1.9957522133072336	1.0393622024220295	-0.7019746364682847	1.1655248754981045	-0.3711300448511815	1.823156253189651	-0.6531574941931174	0.08518406182170804	0.9365232227841009	1.342441845355001	-0.5200144372727428	-1.7246123197847358	0.8800745033079646	-0.42023457048173884	-1.4255653559567647	-1.04008730344621	-0.48844339966053874	-0.07057767956454748	-1.2227364169322241	0.15033830103186593	-0.735530015539025	-1.033857007971445	-0.6626438932378893	0.7230548191033191	0.8315029895379769	0.02917555019981729	-1.9023986435910005	0.803047088804411	-0.05956592032277518	-1.839229086140134	0.6571922292750809	0.6982205151878829	0.4845686865124686	0.6578532478353426	-0.3508257597088018	0.01950397004175824	1.124966766236824	-0.003822258203309701	-0.05767117584524486	-0.45393523885595405	0.21533675951773198	-0.46195500993684585	0.5073483179059347	0.3375635767941613	0.10996223703062909	0.15938679751747933	0.3193788480229472	-0.7980954565353701	-1.0115655177592195	1.4209218533740358	0.6729837625919698	-0.5715769225711693	-0.7043553377356163	-0.45087747461293043	-0.5477073668997814	0.5876972595229956	-0.9300191672644453	0.19769072528855322	-0.5737461559514667	-0.22876250262385647	0.10925447342473359	0.44457897361241794	0.5997466028110948	0.4322480742967668	-0.28093733397816373	0.1370752330401243	0.7669656363778051	0.7461264188342581
DTXSID4037582	-0.9670346452739498	0.3763815726243174	-5.564490409419329	0.5202119849156398	1.9313820169381242	-1.6280004755290498	-0.9940615979793337	-0.3267516440432995	1.068245561061589	0.3149572508293823	0.7826991372978264	0.211852123152351	-1.1521646868812359	-1.3822172509440902	-3.204077211321165	-2.8932837066743042	-1.9320949242783354	-3.277077534971695	-0.5868157822254845	1.0957207812443013	-0.8367004810819318	-0.35593480647286696	1.2038200954250564	-0.8154123869442796	1.1688307200910104	-0.8511611823472387	-1.5543617597302435	0.5839993929857167	0.6102257484380378	3.046296226070943	-1.4543443847553503	2.5990404344668026	-0.26327535042387606	1.4975339410587143	-0.35111010354654404	-0.08765190459930272	-1.023527355956887	0.9057331143045831	-0.0936775737734731	0.3044215501434326	1.9134618193043484	-1.0260140950470018	-1.647338832836662	1.2298546419568293	-0.07674304837451104	1.2264645741420797	-0.2256118001332005	-0.24071551205493621	-0.9014928737264337	0.1431054200292425	0.16104904548767845	0.09678296534472293	0.6771986551780288	0.736341330678024	-0.35885432324979066	-0.15991763939354925	0.25080518283954084	-1.2081277066180236	1.0331767863143944	-0.27543919602006534	-1.511830448840833	-0.9989715244290589	0.14153205684435624	0.408300927212997	0.6838328683424912	-0.15272600842432882	-0.2716094698209049	-0.20276726491856825	0.5167291063934627	-1.020425858580961	-0.5250981886286555	-1.4497055549916442	0.4065146314366393	0.2623796716491142	-0.03932209542869949	0.6864614596932365	-0.33188555620520677	-0.2819172055636651	-0.3847911807805276	0.8568932317889127	0.4880998951298506	0.0754011618047196	0.34191190306836466	-0.1412342904731879	-0.0008185227356284572	-0.9219883331047569	-0.5402579612240872	0.7143557426635232	-0.41473378747789647	0.5354529132840798	0.392894999334587	-0.10642764932879549	-0.5618069530738284	-0.235699041933276	0.22535078376156112	-0.04625177365670162	-1.1407771076342643	-0.43181192520571077	0.32031831215753176	0.29978662135055506
DTXSID0042038	-3.0435920976390918	3.525453173629265	-3.096350508497805	-0.8635294073456463	3.9421757063075855	0.940898810851015	0.9133005373320898	-2.2861990797719187	1.0403158500507637	-0.5631523225411559	0.3092179162763695	1.2833851680911315	-0.4780680904486299	0.45423588420444394	0.0774397964472739	0.5063647388536401	0.6819223733307198	1.3214710125375142	0.07960232423532217	0.4639057896125053	-0.270694421789753	0.5358098432956482	-0.48842335373035006	-0.6138707646185307	1.1548829368490885	-0.06977466617473473	-0.21741600311954298	0.7307539338916603	-0.5825175658888296	-0.4669781812357911	0.0020964941392288402	-0.5835816261888063	0.7221233898732657	0.28148684776144706	0.06579835669503001	0.004659361434971173	0.3289824279568706	0.47358911419856936	-0.19743730490724842	-0.05255223164290473	0.1246940968776804	-0.3910640940113168	-0.44131653332522597	-0.29249433810105024	0.07796999072349443	-0.6491854354621398	0.08003892154769919	-0.01589544380704368	0.24130061370273664	-0.19501130713377723	-0.2901705620700054	-0.2255284072989582	-0.16325028737796668	-0.22738856497670532	-0.2950714590661202	0.2516166496084825	-0.541512408316377	-0.3147808943998274	-0.2855915145212333	0.044376206421769086	0.197233486570835	0.05827476139485931	0.07573145473658621	-0.5241173803457561	-0.05833467338627135	-0.31989434383683846	-0.5076562378844602	-0.07612396706870635	-0.31723604367838126	0.17231660067207158	-0.40041841992516297	0.10103742567190943	-0.06421202660836005	0.17270523615606068	-0.34049898580357396	0.22903106226019776	-0.27249785698662377	0.3838627219170459	-0.12327356104518912	-0.06948630460866319	0.3423850984701904	-0.2500559895394914	0.19698337228939658	0.15043860803775877	0.20677125785185207	0.5063461683994362	0.08185188557643493	0.13932124629461373	-0.17059582817162355	-0.019626878152104187	0.28504840266465314	0.3629712806928618	-0.48929624321001264	-0.10518057123608121	-0.15071952021996202	-0.27059457773783585	0.0859535378666659	-0.3103818989252466	0.09156585730435075	-0.1855033475611727
DTXSID7021312	-0.40526333207988924	-6.86538039405519	2.1485024933290666	1.6700617044529662	1.1745389830667492	5.871216782489633	-7.527041281994665	10.558243297631506	-1.8815370740317816	3.610593421314268	-1.342583931269089	3.819229398377143	-3.1499036222221912	5.071406725270305	-2.881852184332986	2.480823547579808	-0.11477757210305276	0.5515064046777227	-1.3802856426500336	0.5909711461475339	-0.6752399801730937	-1.0073429969707102	-2.3769088890373404	1.3153126319655997	3.6707582885118186	-1.3203592367531083	-0.723567323972496	-1.9315585350211888	1.0367767683446332	-0.3173706558770071	1.551310677277729	-0.4767571818239808	-1.1170337580397773	-1.0242197589266149	-1.4525744838348946	-0.4890962229941341	1.9864831247449362	-1.691617213695773	-0.2079598224731626	-0.7544409781672929	-1.4290273847051023	-1.411712657346026	1.748790041222984	0.31239198672201557	-1.5943914790717557	-0.7961901673690432	2.384322820841504	0.5293379455018118	-1.6686644101922063	0.5473348739482758	0.19067537708925808	-1.304765520535266	0.22620741711353393	-0.13266059881132272	-1.6798356544412094	0.7867051322885674	-1.9212351446920097	-1.415997499549843	2.0061254358406666	0.5501474384800455	-0.951828778291157	1.2264887026248374	0.3302489856127513	-0.7214563765938682	-0.9149759475942385	0.07617692139781725	-1.4830041339681723	-1.1803503038539396	-0.8365879321420658	0.647862936979918	-0.6728597451421238	0.5858382281507787	-1.720527168130224	0.6954582612701699	-0.3206131663853504	1.124198713550452	0.44397537491005235	0.763690612535755	-0.465296911163514	0.32226651072996365	-0.7980092978616271	0.20190146584413965	0.9179933031947526	-1.1975140178688166	-0.6540277337556317	-0.5460779388134358	-0.0657433955800411	0.675730696051463	-0.32135038027838175	0.5074441140076119	0.01321018977556455	-0.6930344278494871	0.6372429978751085	-1.3398489465923031	0.7640191129845806	-0.7827355543115646	-0.9107438685040604	0.2999541243550161	0.5383049252222114	-0.3054019654468595
DTXSID2036409	9.242237168269895	-7.622338943664341	-11.34325761393215	13.751770786130583	12.79371474349404	-0.40964758607503704	-5.081177636468803	-0.29388371741750946	-0.9027812851446205	-11.219136290794951	-3.501721903135863	-8.374050173565635	6.269777113653328	13.342341276105678	-0.2866362279606771	-0.4979413942041767	-3.593939438879843	-5.601231662923223	7.700637264165394	4.972850553039137	0.7671991750825138	-1.560913342807349	1.4121367231859239	-2.9558796590090433	1.5395003493552677	-2.931227301544082	3.645014330450203	2.8027893454776596	2.423901326822159	-6.653857723358035	4.923875560500632	1.0191553244539153	-6.582724715020605	0.1742996506162031	0.6406133560121152	4.135847566165736	-1.152049663404905	3.6799943064794434	-2.166963808861327	-1.360522860881594	2.0724333447211785	2.9466911441869246	-1.1127082666681676	-0.76850831386345	1.832776917762581	-0.7199913958105757	1.6549195707161612	-3.3204141415427446	-1.6516379700555022	2.9031849021678746	-2.5059978561072622	-0.022531747089115938	-0.8865465650756145	-0.3741268877706935	-0.5229999876956214	4.114323962184193	1.8683200585790591	-1.4197415582301154	-3.429663547940145	-0.7777267018467013	0.1575413302557607	-3.1811630418722125	-0.2289785454519098	-0.5053644133224324	2.4926953691727767	1.2325515381667997	-0.27300907826050647	-0.6761562393178203	-0.7232872901289192	-0.16589498350131654	-1.8808313335847338	-1.782725772896764	-1.5925790232577417	-1.746514412920344	-0.8597606887870811	-1.8525379491989566	5.893138706142064	-4.570045348264751	-0.17085682711680814	1.3368227069673086	-2.3540449705540847	-1.476774573376768	0.2847894954793573	-4.214776379366758	0.5707397815125455	0.5682346962348663	-2.8925707136142185	-1.9222865961865074	-1.5657491055403883	1.5266127405719077	1.8868237883146373	1.25454289752839	0.47852689802600623	1.1760532670203505	0.44272666207985945	-0.47257429985979366	-1.8853771655011153	-2.77665319012206	4.4021592133379315	1.8939817347237835
DTXSID2044680	-3.527094487984537	2.0446556954805177	-3.6202986609188232	3.8746085439574913	2.582325781060914	-0.4469327983022414	0.3326870023040711	3.46937701010056	-0.05838144049370237	-0.3806933895878182	-0.7846940743879395	1.6724570305712652	1.059553734177673	0.683869849093884	-1.7350137669104833	1.3446188775013252	0.9345243506429853	-0.7389179318864412	-0.946288707097161	-1.9985235414606264	-1.1910702376144948	1.415936994456419	0.8734084351115114	1.0637037469524253	-0.317287934050066	0.21595439769025496	-1.1767939901257582	-0.8682427152877569	-0.5255956632025041	-0.07863925309466081	1.0315482180027657	-0.14258716430893892	0.8008758302920647	0.8731839545464056	0.6517477661159978	0.09808472952549369	-0.16247479179196575	0.8781761598886322	-0.3952133264718947	-1.171856508180159	0.5961807984871711	-0.6023719103931475	-0.21325621777180742	-0.9370224768354797	0.6847196351978768	0.7787879450671505	-1.6480512942836087	1.2937860743122758	0.7268535565708741	0.09090497369290221	-0.35268989796454664	-1.2309015996213721	0.12679059091145048	-1.1278819344454292	-0.7442465482314262	-0.4467571770707327	-0.6919164682087825	0.2896330732825691	1.2126652259999404	0.4781973845187365	-0.05013946895706286	-0.7999646113147956	0.16668183515596438	-1.2901211542324855	1.5150710687324478	0.7053069504622623	1.5489471058032913	0.5578486566981864	0.5132997241226632	1.085014390041769	-1.5288651841139045	-1.245566884470248	-0.05232181504921354	-0.014678301556363614	-0.09727744909373522	0.6061710702740916	0.13710702800521019	-1.0019916934570736	-1.0890599079001897	-0.4167257254522197	-0.7909964483165207	-1.2080304435681395	0.1089150633714168	-0.020779375450780985	-1.055118277871375	-1.0495015409909645	-1.3528056959079438	0.43968450863160913	0.3575135225689119	-0.16975703163068906	1.4034224954788102	1.4980354431034126	0.6558915215719172	0.291287051155177	-1.1750610828918473	-0.05394444741508353	-0.800261746207157	-0.2518820950809576	-0.4794891532264729	1.1350656143106297
DTXSID4046157	-1.274311212688937	-2.3471967988936036	-0.23487649558505058	-0.07774575063854554	-0.7586190871701645	-2.3473775704125974	0.5940768075909444	-0.03608943220007146	-0.5926527728687817	-2.6748805491558323	-1.8396050594121882	-2.756605848708306	1.1948247176956945	4.6678646588847705	-1.107005664226326	-1.6853750791200703	0.13662586199321897	-0.2233587506586297	2.9478241179122877	0.5950340041125767	0.8246012445721359	-0.1562096627832066	0.18917512741182513	-0.9791651676752634	0.30446391600549894	0.010436681732232148	-0.18853037268160283	0.07578829371152698	0.11793065989519887	-0.5051964665454244	1.087279905546543	-0.3477769988832263	-0.5665354889325757	-0.14141660388289573	-0.7489924497512372	0.8021376751196881	0.3813017244743302	0.8775538790033477	-0.8520224499050462	-0.02149973442497407	0.01789225118544785	0.035924806720687444	-0.6158949762095192	-0.31198546996419074	-0.36310177009742356	-0.12168664395733599	0.4546683078220265	-1.4317676707919724	-1.0955877914786285	-0.18953148865588357	-0.7347713841209882	-0.5376709980058437	0.04053375690829571	-0.827076085362565	-0.8499537237859112	0.6301037300160957	-0.534166852865472	-0.6766960683263136	-0.3124006814577454	0.4309179251920073	-0.2125334682589808	-0.973418394695388	0.2771606528921009	0.4362506448723726	-0.5305424188568761	0.9560881702869629	-0.18224395650557743	-0.7000028334800852	0.4531510721174549	-0.517561938346621	-0.32568025364388653	-0.21532462123379298	-0.5720914758649259	0.3779763066848069	-0.03509328252367774	0.6892414293119468	0.20770004843050555	-0.2506779214873306	0.8502791344193353	0.2664227724996155	-0.33188788959641896	0.5510612722195966	0.6696204590995699	-0.3923996777791546	-0.12129139700857115	0.41363226132767256	0.9011817059676233	-0.14099832831970416	0.5264243098441117	0.8974322032135841	0.04628623241663495	-0.2907612946692623	-0.13132799884755636	0.061226375948500424	-0.3655127088853059	0.24563423262245282	-0.15521210208388736	-0.08079842654467792	0.1004443485594072	0.30426754588145166
DTXSID3047681	-5.473305915959923	3.9197135467242252	-3.1621839035824553	3.333810629647048	-0.5259891311204766	0.5814941243422708	-0.34783436607883184	-2.3389535809532283	0.028221004377569803	0.14022688596068228	0.19065498041056025	0.9105594043962927	3.554101680209272	0.8485365407129324	-2.4719300007141527	0.8591267241149607	0.18841321564402527	2.0979810703185238	-2.475134940168375	-0.5446339736394222	-1.0505831043086784	-1.374367714338814	-0.4716433128463862	-1.424754915791047	0.9906158368687031	0.5531754393328138	1.8834092919444583	1.6181974045112228	0.36767988402015717	-0.5237327260078765	0.48507794903552504	0.4709079810062647	-0.3037448998644216	1.8915836697773092	0.43288859228773297	0.402160009825629	0.32834431711357887	0.1205714635132602	-1.0620526473468845	2.6393798136560873	0.3352682548939459	1.5943743510350272	0.03230794529757306	-0.9873980471829226	-0.07280590604840864	-0.15143788477460354	0.5228080319802365	0.1281445700060937	-2.6157271970692224	-3.363669315464571	-0.6881574537309917	1.7965500742682396	0.7694363671184813	-0.7504177015659099	-1.1084233331257347	-0.33031096781864167	1.611003919277483	-0.5470734799037483	-1.3486548734797277	0.18890680207280341	-0.5890413924947742	1.753239791972955	1.1594423201124697	0.42888936098825575	0.061973075747030926	-0.2521576425671025	-0.4319527314777721	0.8222772076111813	0.316387149717532	-0.4209817632071048	-0.4366258809367966	-0.10572988152970257	0.16520451141697307	-0.2778069185334653	0.667131146678075	0.9024149650700638	-0.09782877897325137	-0.11847651511472528	1.084171414492161	-0.3924845451421757	0.26035324720476294	0.10269175771394626	0.42063352060266085	-0.6084378170391519	0.7236821744958513	-0.6235445284442895	-0.7344802543422989	0.13749223700654087	0.8511735918444191	-0.42851607975318123	0.4443235147122238	0.2198596041886071	-0.48532431416339733	-0.5153189935573453	-0.1521975266336161	0.43661220327228917	0.3555926636398278	0.37771735959791597	0.6156466598797714	-0.023251123776509196
DTXSID5023166	25.702216140416187	-12.587897538323077	-9.732789856697947	3.231821490403457	0.9581885603377187	5.190974106768153	-5.101497149975204	1.0756568669271522	-6.452964938228263	-0.373230161851968	-2.3352874013445972	-8.523281844664943	-0.9224532382534233	3.7406966077280925	-1.2538885324802764	-2.06696942521762	1.155194813307529	3.2673411956898732	-4.728022503219204	-4.004535297808559	2.87863718011295	-4.3610856254526125	-0.14220992109327865	2.667134987620376	-0.7972328527392695	-1.822920591493336	-2.043598282822273	3.9435774390191516	3.91974924191539	-1.1756578496206642	-0.0038504015633085485	-0.41536277563302737	-1.0513124749296423	0.6916967297901409	3.6420028526031616	-0.22177109301667156	7.658543802849464	-1.9651319297954297	-3.5579532681475143	-1.1878857832657976	-0.04675530690743898	-2.874999196899577	1.264720058944878	4.477800588065534	-2.3445131972054076	0.6907076483170772	0.23225657094377242	-2.487673750377231	4.772130644193685	1.7671423890367028	3.1255977082422297	-2.653133622878067	-1.49744383568099	5.0538050034416315	4.117634364337947	-2.7046148799817926	-0.423711092749578	-0.0814909231245545	2.5740697206510252	0.8428846155509516	-2.099140728372279	0.2730264053099482	0.01086988421339138	-0.01353010989123065	4.416926490503039	-3.7598188532852586	-1.4791953154608481	-2.4908131422459356	3.534036144236418	1.9543761799649966	-4.721618936894865	3.906762076104456	-3.1501421915747403	-6.675681814532187	-0.15120414013323	-1.8160693107905794	-1.0290064526009959	-0.00835030284908388	-1.300685108526125	-0.24745880858396704	-1.404823435095937	0.21080577980468457	-1.2528976843447248	-0.454038752603204	1.4863456198058322	-3.838525046241692	-0.40802096072059846	-2.5302156491308145	0.6478440257059727	0.6421783212881552	-0.659081241055839	0.2800404046939133	-2.1039500714830974	-0.9437964956818266	-1.1802926491442185	0.3825909741712795	-1.452079632540912	1.1169169787159527	0.39272464490670783	-0.7432339905352532
DTXSID9032581	2.376108418355498	-0.6202346991138502	-3.5389306727768792	-0.8647281371271257	-1.730439850942948	0.4356982914371348	-1.7154540062636774	-1.814376921343651	-1.8584001408603783	1.5162346082004348	-0.18990616860684084	-1.2030173879905126	0.6205614201745007	1.8763215873041514	-1.1185975877724104	-0.07836310923218519	1.4556825685623098	2.9153520411962304	-1.5701087683482644	-1.5254433883831466	0.07919522586746558	-1.3835135479559209	-1.02073824391179	0.4795405505185696	-0.4186146420876772	0.6410237669962217	0.7050958399750461	0.04568861047476068	0.5795209218163915	0.570160622032358	1.127089209897534	-0.5093456836482431	0.41721104934975783	0.2895027316111706	0.29890092485999975	0.48181760327961437	0.6153148617256632	-0.2622956181552204	-0.19236316053038305	1.2541703471902999	-0.047747476520598825	0.17587689468434425	-0.2124076328157824	0.048611057082920336	-0.38911178318386175	-0.24710146109070116	1.6041382485636584	-1.0060672102587171	-1.1545971374217194	-1.7961946127748423	-0.6751706261640181	0.727934926614903	0.7833764928089271	0.5398041702281862	-0.7975448299978561	0.6414127537897615	0.18113138075956448	0.11364892746229754	-0.2578177523453151	-0.8158699186119347	-0.9495709020448343	1.6335810679655558	0.23918414573609517	0.4782800403429665	-0.13489490016503727	-0.43926004241287103	0.5470296260495344	0.2885389371963964	-0.40030721908624944	0.7317550508127819	-0.7940004196916048	-0.5236992308931768	-0.19406230449078135	-0.5948851634951864	0.8224766602508983	0.11047758855357595	-0.25868987478757566	0.46432390846182964	1.0667145441847448	0.32484940305226845	0.07535860460747199	-0.41763359303026065	-0.5044821249393396	0.09962247647252838	-0.22287949677284058	-0.5503062073786883	-0.0228664797541901	-0.019450272388953603	-0.2345017288867807	-0.2525557821992664	0.7129011847341978	-0.21310588352893334	0.14833966530579623	0.4841588945951907	-1.0584577963597692	-0.11373084727450986	0.38882080420566467	0.066919658191133	0.20823155063428797	0.0031809091184970923
DTXSID6020226	-8.371537214872633	0.41591120377748564	-5.872525053633025	3.299681543200999	6.094754157728129	-0.5071573571113298	-3.826318359752409	0.646999274968246	-2.1676479304055034	0.9172083429682492	1.4028053487112908	0.41257677382668856	3.0860210647877024	-2.5252976577198587	2.4352186519870727	2.737381306114196	-1.1331460451010893	-1.232521295113664	0.12894084971115033	3.711829489466525	-2.1408242963817785	2.0620433339544575	-1.7615401495655343	0.1825459262897992	2.1684767891695116	-2.685656435486906	2.881898200319029	-0.41733846011352893	1.0752482037705624	-1.13892804134122	4.092574243151789	-0.32152131156724234	-1.965954404050765	1.2387087196683202	0.20613110598026252	1.8474110200521157	0.11119773161440166	1.1489380254315629	-1.9058976504177287	-1.728275410205756	2.258514293740192	1.6428736678911484	-1.285550378801504	1.8089471311910557	1.317777050743043	-0.24657681592222744	1.1873224068570696	0.7745615803855868	-1.266505130443905	2.7522173933275598	-1.5034862282951167	-0.4926243696900166	1.1900945515413939	0.08609057141186527	-1.1721783374340347	-1.4368594511163029	3.0312183152398444	-0.2669471632553904	0.19116714338256965	-1.8628142172777464	3.052121617696531	1.2542080513771936	-1.6784013795916866	-1.1236499845183452	2.2486413287836577	-0.33004980447054566	0.6652055857343843	0.11203809275502671	0.3710419002520519	1.3788181858262223	-0.15267399704448772	0.8906629836932358	0.6095917322213965	1.1480500011119705	-1.6819335356177467	0.13192329204638314	0.8758678355658464	-0.49669598163930756	0.6000483324756851	0.35310177795223163	-1.1047965839537328	0.33584447771859277	0.3800808478297906	-2.3514735867110526	1.8877880026074152	0.5836278078569195	-1.0532257565635534	-0.6620637956524101	0.23736078965624297	0.7787885414205961	-1.294227742195744	-0.17360937641059693	0.9751039685154351	0.5228780237718056	1.1100225318103598	-0.09528961807539443	1.9077154852276645	1.449416801454888	1.9884125651072577	-0.5914685513799305
DTXSID50441560	0.7975502361567348	-5.385783484556496	-7.895709104013334	2.1946584127355204	-2.0430921351337785	0.022138135034625132	-5.695238101146866	-7.629027538605465	0.2599320418427685	-3.0267035073756974	-4.219027604813255	11.330727692132887	-2.3689535222819105	-1.7005551178504164	1.8609990857155079	-3.4356461681920596	-0.6369901512429776	-4.953494335365935	-0.2148816283424114	3.401671260865035	-2.952774222662533	-0.5184841880092563	-1.737389199133364	0.6356875976410191	-1.0489128113413433	4.958168637314718	1.9087968584102024	1.9605475133648402	-3.7365809281112545	-2.6129920144423675	0.30547545496511447	-0.341819447152184	-1.8077941299416584	1.2952547705922917	-1.0324621569143653	0.20465466901241058	2.0876934001917693	0.9404480491819558	-1.2804260011983593	1.6380143967517298	-2.165883531015448	1.084191380585599	-0.015339376743874188	-0.3427489854483057	0.5500959804584168	0.02207824859967345	-0.9690454141979333	0.17978247757280555	0.5408368398231003	-0.31037215779001043	-2.9428770779262297	-0.9709732086486356	1.6181503012551604	-0.2196111318080499	1.1053153610824498	-1.0597993769414058	-0.670594646694576	2.6857221942293887	-0.6458712117751709	-0.34347284178945586	-0.3956764774711232	-0.39768781587281093	-0.14624416592150463	1.3722628765219904	-1.103944380347297	0.9314344420261343	-1.2766534316761087	1.257519571726795	-1.3845989434758212	1.2050025747682767	-1.11675208892358	0.19983721913794036	-1.825561638994497	-0.49399484537830796	-1.5867063245533546	-1.3567739283021596	0.36583227883857145	0.8100262714336628	0.5924885640398957	0.018825090124209073	2.0194000368213163	0.2490522828893816	0.6245267430871044	-0.7982429253587	1.8179543982457824	-0.4557558317742614	-1.5912253174858386	2.012560402551883	-0.1263580793027866	-0.01160759847585163	-0.864854082782373	2.562287477717378	1.0707143153514946	1.3408565621709818	-3.6241358753709205	-0.2376648448958173	-1.722526062384295	-1.8590722262574804	1.521905566812501	-1.552648861764071
DTXSID9020031	38560571.760896705	-13072742.64521498	-3402811.7938234177	57575402.51468752	15056452.601921672	-13715661.753621038	104950348.1104207	19239679.268402513	-25401498.460279923	122633329.03574818	-39991831.677799106	105753276.77227126	25290720.413891762	-9074873.289609332	32742251.448358566	-54219477.31614283	-34501380.181674585	56795828.8531502	70365677.58715332	19081571.08678526	53703488.59310799	-26321678.380816206	-35444255.84126421	8830083.7473077	-20592919.065351516	-35270922.186220765	-17429855.828581735	18202408.3026121	4275456.789258919	15490798.163302863	5055604.164063884	24337394.138058003	-3512874.3311355263	14607664.776097775	2153719.8767228983	30024844.520722784	-8132689.944890009	20987336.397487875	-17236279.791103274	5915500.479696534	-1565868.2024128484	3668272.5175341573	-7490693.920771972	-6233599.992598107	-2483899.6106232884	-2038220.544802018	3955846.9646831835	-14410950.234607527	-1973524.2796122346	9612485.286975255	-1339289.974604425	-23922888.724908564	-21048629.795117848	-3212336.2502553654	-5128301.416016008	-8233234.210280891	30006335.9052865	4807905.557239349	-44352052.8537936	-16084077.645111537	32149331.847331595	-30836394.367286187	17065166.321660034	3743894.953469364	-26166175.073474836	-83902127.81809491	-7410676.769957546	-33373065.7390299	-26819482.01155623	9969444.127600422	-29547924.752035253	-50254034.054531254	-9574347.414773826	-12520473.899778228	12605836.949654745	17852428.496845543	-51868372.580155	4388818.270986819	3218689.016321758	-50758358.530195355	53376582.44627085	-47357580.86865255	67275916.75011799	-83020365.60588716	-64756901.084952846	66597516.84436082	-20595514.834502634	-29553630.975005932	-7938727.553718493	-19808861.31501813	6994826.4992726995	-54386254.278176926	19055339.799026463	-16119962.397168979	2238972.7446163455	118324527.58739951	-11567904.33522837	-3889121.2684108326	13171247.799445879	52220874.10153319
DTXSID7027205	3.336105766390607	2.416474433782832	-3.4138722739326703	-4.229820679890703	2.14177807827042	-2.4165386233549304	-2.5007940225471215	0.27443979956516273	-3.124849417214508	4.1157678358891925	-1.298724005258293	-1.1185667807319608	-2.6070993159102045	-1.4575021923869789	-5.356705748261529	-2.558746865559458	-4.21845965889499	-1.8490134822918272	-0.4005126925095526	0.8683235742954317	-1.539515147221573	-0.6273154072083762	2.1000768538841936	-0.5082893166373421	-3.362320026200901	-0.8885429747619584	0.4261846120958885	0.7297467737831193	1.8223539568247944	-1.3196946385875485	-2.123212440107834	-0.3747464189981874	-2.0720355158873978	-0.6671907609337866	3.719963593055172	-0.39502329651986073	-1.4603760796620706	-1.007314993314083	-0.5481549469519611	-1.587102755083708	1.69355206637312	1.0939544788636635	0.5401301562912333	-0.3804567437007571	0.6542908952330246	0.28470878106956304	0.07260483996067829	1.3374177560325102	0.9953186565869186	1.3947977158368068	-1.9477067876858587	2.4815523265731225	2.408456359254695	-2.5463219359077014	-0.3011832857670527	-2.2300590805412215	3.1502903228666645	-1.8040605472957056	-2.5238723231049587	-1.6463678060932143	-0.7007972143538552	0.31566805356182703	0.36501148627258706	-1.2395360002616091	-0.9202463941416623	2.933672513658537	-0.37658748446148177	-2.634669413521669	-1.294155246094446	2.3207605246753644	3.244857411205787	0.23771694798844914	-1.9524811487957814	1.4566884884400402	1.4934891656139895	1.3731868868828347	1.1873696017559567	0.41296039430515785	0.40484274195949815	-1.3087255110130112	2.6409737551573467	4.009719256401431	-5.455675940086213	-1.1860030249758835	-0.9500730920896894	1.2976650679597974	-0.35938573692336917	-2.4145363919554486	-3.3129262297562954	-0.3563707619186641	3.1424259703426647	-0.39610966316344387	-3.498588005813089	5.280010760549791	0.328644691819814	2.0034556235312153	-2.226009602614716	0.039634682652671366	-2.3930376480632076	-1.009780784182646
DTXSID3048865	-4.558607335318382	0.9222602450402437	-0.10340238488066752	-0.679295652265519	1.043949407003668	0.3173174129640283	0.6672259533374167	0.34104282442077966	-0.6639581137562697	-0.257800409559358	-0.7139970844668879	0.2651113373617266	2.6437973225707347	0.27775767274062013	1.0190283298945733	-1.1923081144099628	0.1036922092191819	-0.26102110095547204	0.1210480732082602	-0.8489610129327391	-0.2162150456412016	-0.6561434039243772	-0.560112609807609	1.0144196853236058	-0.7935166382081524	-0.12004241528384708	0.49792987824838353	-2.1752554588521975	-0.7851964894341004	0.8551645587256366	0.5726648592278388	0.3195398715867787	-0.2315687968567259	0.23883559976803304	-0.19256849575317603	-1.562065207305324	0.9432523488788784	0.0026322137253781274	1.306512069911953	-0.4511085868382866	0.6552595126483871	-0.37617194881606175	-0.6944229459233139	0.019903743717470657	1.030750118894848	0.007791565126634925	0.4542154079688382	0.6485986198022565	-1.064692540432858	-0.667967700277949	0.6725679882212077	-1.1107243264802447	-0.5803263552390017	2.404873928198779	-1.7119591799134406	0.31490336816386916	-0.9262396583998412	0.3623765698087631	0.009383661550231608	-1.450564709501917	-0.649936076716635	1.1204113819042048	-0.6226371640429499	0.12968270800098652	0.8364048600439744	0.14443214418653288	-1.1728311747202504	-0.4800807469693892	-1.3554300114975533	0.5900282745305498	0.3524218152040571	0.6889764591800219	-0.54110554303453	0.3864293402823082	-1.5140423015221378	1.2863216933366017	0.28285359853265835	-0.7268382141142171	0.5473277427858063	0.8482769359567887	0.5284070335494723	0.8691294432016412	0.4163646448220001	-0.24785281665992306	0.3916870422165898	0.1670702827452849	0.21724256877862758	1.2860781082135186	-0.14032309513590532	-0.12423817635562395	0.43007654287392255	-0.9971513300849181	0.3209804913679372	-0.06975417755291294	-0.19657418216552303	0.13261315408102922	0.31963244165503735	0.09024155314452063	-0.14067067326827262	0.2787832844444895
DTXSID8021488	-1.3933767660781509	-3.4401818160778004	0.63440517925564	8.172911082224749	3.9629754670546244	-1.3015994578763919	-0.9556982616680567	-4.059304736030747	-3.383155205886396	-8.623385337940839	-3.8805478143573895	-5.658923572589313	0.6531020502571544	10.836069938004288	-2.7434594935378684	-1.3045497302384355	-1.8430282915380272	-1.3468798634992762	5.858376952580675	3.931988221820474	2.733482793853867	-0.08297970081958785	3.771275115280534	0.6914155424929018	-1.905940388301904	0.2815180411011964	-3.2832212164215773	8.495378634547254	6.103496943799322	-4.051684633657931	1.1302826739096439	1.464442975670457	-7.6709147713684045	12.665697086938378	7.475970002936626	1.592400259228339	19.106727535791688	-3.900906815739275	-8.850862083641847	-3.1072114790136762	-3.1164685080652585	-7.026681452094894	1.0465872713658726	9.880661488814674	-3.5242904040914818	3.169888828863133	-6.405777352409818	4.231435249902156	4.145524959155901	-5.630052583948944	5.8855407844823	-0.9229880052984755	-6.879154137183688	6.781951676999637	8.311895832007169	-5.548852238958037	3.4656189989002106	-3.099989335370213	0.24199253255597117	0.09133481495892118	0.328987472492162	2.8984771117314003	2.94583474100078	-2.2086806574769593	3.8042821959701816	1.0028815074009436	1.6130975426269833	-2.228896468952952	-1.9645721832266174	2.5569813364622465	-1.7411788407347846	0.7357424181180812	-0.0487328221110614	-0.170047096012847	1.1105584978779568	1.9800166905934804	-2.6914213141870507	-0.40995484184171305	0.6816874132465123	0.8382143228913232	-0.9514674962157607	-0.8446047143583357	-0.3703564222299467	0.8816944625090593	0.7358301287864886	2.2170896354840695	1.0415394200264183	-0.5048615604902847	0.3991385811755397	-0.6506701986254971	-1.2666463631102485	-0.27135368075429656	0.03194070995642075	0.9522946013230418	-1.8119020751844068	2.291713583035776	1.8592886572624443	1.0109717610313098	-0.12372372620019888	-0.6316207196598722
DTXSID1043881	0.908157716445614	-0.27159589789075844	3.009659989675653	-3.101930543156859	1.3345576053333073	3.33667510829385	1.6780943617305475	1.9454837129623774	0.26970896168998043	-0.05014451624020785	-0.6307539387468022	0.46057288208681774	1.5036309459878698	-1.245276294947815	0.29624682332492214	-1.2507518909564197	-0.6856971118638574	-0.6692037930826189	0.26609175682160846	-0.636969179006768	0.595069391788483	-0.8104096846841546	0.8022559077976087	-0.08108332242267256	-0.8754192917439152	1.051414683033106	0.13861356518679555	-0.11090003785068082	-0.5890540592592755	-0.7699712924450947	-0.6153913092318428	-0.5824808967109285	-2.258613811994728	0.44399121230134386	-0.805871034906764	-0.7528953640013932	-1.1620787649875541	0.4433484344940758	-0.8634397509797829	0.3332288107020732	0.29075292890028476	0.857990063272679	-0.3882418028256623	0.7920174885189429	1.2903037490370446	1.8084924454820313	0.09216393535696528	0.4275552067466905	-0.2327581488287122	1.0003702780095534	0.08365912520452698	1.0380110490804906	0.7533992255083977	0.5217606969061843	2.5788457600169297	2.0020156805679368	-0.5888304855918542	0.043352908339212674	3.355102689955699	1.1565922224963803	-0.8776344090842477	0.7035392740005519	1.479552758836334	-0.8452366814407254	1.3225922799959329	-0.8541496720949855	0.12327658472476492	-0.26197513808744866	0.17594745391165556	-0.7105746259030171	1.468869772184397	-1.1031024318854712	-0.0773777564314504	1.168143097638953	0.4165257404289263	-0.3734298242384305	-0.01332872572552233	0.6109326893592778	0.5087429684895755	0.8334675695046696	-0.01532424863827908	0.29334779430088287	0.9005744507419015	-1.0648943842262495	-0.15033260553591035	0.5327987648542031	-1.2143461456048719	0.0061649886873070565	0.8825666214598933	-0.12899917504757907	-0.038189207903877115	-0.1690141528315231	0.18843604701396477	0.5108694098376736	-0.38664280670585793	-0.4494713842784788	0.37326460027798364	0.02699379239791702	-0.2252901028189341	0.00913889912837033
DTXSID7030197	-9.558612254371079	3.1064198514255428	-3.2661689230542694	-0.2073470685539514	1.80208087572435	-0.3663134139756124	-0.28322597039105596	-0.9063602805702874	-1.4541003206698395	0.5627963337380117	-0.9104783954617829	0.9382262426196315	1.1667882256292965	-0.23978198287680624	0.9511176329758996	-0.24332948888902903	-0.6217501198586618	0.03957317776008359	0.1558040914202126	0.7777373166658633	-0.6489745157135937	0.012627286352654995	-0.7506312991259332	0.17349826672311047	-0.5693045557347272	0.22827978455139544	0.746399635144747	-0.5318525381891728	-0.18142415299710585	0.12336933377245134	1.2509225589912127	-0.23847226880719968	-0.4129632585176407	0.5628518389215351	0.16531387286434987	0.4244143261970406	0.5389136376715998	0.43879125088409976	-0.40701352134382496	-0.4044580566152792	0.34414860121446134	0.536279062248096	-0.07558555960452784	-0.07625497584813841	0.3557489681263585	-0.1694114955460574	0.10567584491213795	0.44327274921509996	-0.13229288428869543	-0.2865147918869687	-0.4110772501904368	-0.2937282302533118	0.3835812988726004	-0.5213515055166817	-0.262035272881047	-0.6891142330814278	0.4156949414748463	-0.7354743290531688	-0.4317172722733539	-0.18428087614278893	0.039464245179684776	-0.3435925285240389	-0.42718179013587904	0.4334735412613689	0.6819612110112789	-0.41786837622644296	-0.9036425755742263	0.3966633045626539	0.9143886116991438	0.2724247382346287	-0.29444912133944334	-0.3441168865367028	0.5391930309677476	-0.024561927293220907	-0.5760418094731984	-0.14421390091997505	-1.1209879508827922	0.9609861123157801	-0.4594037882148895	-0.5971832241782129	-0.12817165846856163	-0.07707754610398705	0.7460219354785605	0.6314175939566766	-0.12727827844648315	-0.034118677964379236	0.1713625166314799	0.178530872750335	-0.4131597735389368	-0.3115819563332935	0.022061261623862308	0.34515227976026	-0.9226318482263848	0.14658820233478573	0.6926675622824829	0.24630893305964968	0.13770261159614502	-0.1295883002609465	0.08317325231814132	0.5456703414563221
DTXSID9020378	15.876709898728246	8.382063353275294	-1.4864614327060766	3.544211599471636	-3.9725089668489653	-0.6074073652839406	-1.5013064631369386	-0.5568050891383388	1.2366453354866087	0.18520686538258313	2.2830208382416433	-0.18315081924164112	2.9716705677492286	2.1106138377182364	-1.9445138622033247	1.0313648671973987	-0.3294155523470819	0.38037299841141253	-2.3376515360320855	1.9010619218480351	1.4569925021825707	-0.42205662993706516	0.4923341484492854	-0.07470730623471238	2.363032126524258	1.2945025841783633	1.1769057125760145	1.052977232583275	-0.7599465723551477	1.012029918745491	-1.1270537412931252	0.4258593387716529	-0.535213458017932	0.9192238183657127	-0.15646214328103014	0.15669542738789122	-0.28929628762412823	0.1688583432591978	0.1904146046111421	1.6213361458815916	0.44801164238446567	1.327910162566835	-0.2627769810824583	-0.635889028000825	-0.14583492014267624	0.00019089142404923239	-0.10771742460229358	0.3643816060977575	-1.2806580406721557	-0.3672598582390208	-0.018264855182197486	1.1525523371773825	0.0005394868803708816	-0.032426419082977394	1.044806345165549	-0.8046044424470168	-0.42143137327142294	-1.1461664850809092	2.0670013102434637	0.8930192309594471	0.2714953250471377	0.18515005653171815	-0.7491640908458682	-0.2872056633451999	-0.9381891009973973	-0.003679679753246453	0.9222350062806053	-0.2104575331903046	-0.04264874817906614	-1.2011166699960867	-0.6051429111592314	0.38719870679163493	-0.5431547564285079	0.8850521322184074	-1.255538357591102	-1.037128421261882	0.33614918196383303	-0.6016017126082537	0.4218216607748722	-2.3218153445330394	-0.021426235100170162	-0.14289509839974485	-1.3284468290035296	0.9666993569789659	-0.10478150095267008	0.6794573562186498	-0.5280598518836475	1.1985553243459144	-0.5750844389106966	-0.5291877162499038	-0.69155482551323	-0.30221794446029415	-0.38503959174591906	1.1838048059468524	0.9199391782486475	0.7401058963002402	0.07830637546625101	1.2294930518439695	-0.3410423138354631	-0.5817673270401099
DTXSID8047680	-4.601494544985582	2.7484532004478406	-2.4825983475158147	0.5529215006296577	-2.3401833968586105	-0.7773901993473701	1.203126509985671	-0.022981213439882207	0.868375163340768	-0.9106630012185408	-0.08331094979281319	0.7483083028654617	1.811582844899058	0.5521355392934225	-1.5639257142147205	-1.1145114003891743	-0.29444717247627955	1.3142553415609652	-0.5460615020581232	-0.3450032193540113	-0.7694514594050398	-0.4974221381363222	-0.7959726390084111	-0.28497808614164305	0.7739862703887432	0.8006057075296494	0.8240535565185418	-0.5552766580730183	1.0450663793290464	-1.968427554755708	0.8608621944676667	0.6220583237976003	0.07595310457104092	0.31780497257950796	-0.6227308479168184	0.3354443459127199	-0.19352782389051654	0.22650378603418453	-1.734623209545046	0.9537592975069542	-0.40769249122565515	0.14842708317268996	0.015175784453808112	0.754639438647136	0.20187383947360305	0.7646808325114673	0.7286307420366881	-0.644261492163624	-1.7344751669958218	-1.5926831745224177	0.07094091843145836	1.3582214902830043	-0.03163969919628645	-0.17346981847142343	-1.200461205668095	-0.06807874400925491	0.9533365475791948	-0.9913799103653855	0.49628316503918357	0.9358582252522677	0.14959740794566542	0.7948357664021455	0.5288294449899769	0.048315584366300506	-0.2848781588277408	-0.799779716793167	-0.6912440460581004	-0.1906312885538102	0.21327965900300921	-0.39629888391068546	0.41352085054210497	0.3201624616630997	-0.10134134916641159	-0.6304009780399433	0.7347321477212069	0.6377880487103459	0.013209029221137002	-0.7676183801650778	0.8737951563834266	-0.13293963979142948	-0.18493887513262786	0.28686277537234767	0.3412882772149893	0.35287497846091814	0.36477615474507125	-0.6475663763380128	1.334557638706314	-0.5088398148293962	1.1173709682468893	0.02173045198459864	0.32307810017085276	-0.514559693672366	-0.7484158671317581	-0.7787013306904509	-0.18784626701456547	0.6528910759679448	-0.4136358283385108	0.12943096539439583	-0.1838339722490431	-0.23913488857985246
DTXSID7047851	23.717590541476337	-8.745323216843179	-1.5810587906039444	9.360190092944258	9.94519981591688	1.7326018836437378	4.252934225771744	2.267148206669973	-2.5989213762289833	-6.768822577504296	-8.78783279872463	-5.589861677374786	4.163452372667992	16.387092442146752	-2.334441512335823	-3.9207029286144546	-5.57026595639609	-0.7709917975581493	8.79930849725168	2.0455178212697054	3.664955296532417	-2.0211250469664828	1.552521492726588	-1.7557008967658037	-1.6584488035491676	1.5521728652725104	-1.5827443615445886	3.3434531502363947	0.6258319838195497	-0.7733248183223408	2.2499766012331692	0.12135816250278422	-3.2995696923808753	2.9451285007778107	-0.67241169496569	2.3139193347967746	-1.9028797482585498	4.88922633463505	-2.291517002877984	2.0577097214269418	0.9728665305222697	2.7043241043339266	-1.1645558712828172	-3.939066922336765	0.9789931053220005	1.5423359127749343	-0.5643505862769443	-2.294710798708243	-2.1960260073238667	-0.0892898920805627	-2.3372886182613595	0.01938830991289279	-0.7203702030486051	-2.6240618874219552	-0.6547893618803051	1.9750960782014626	2.3662473090877616	-1.97772015754492	-0.42271596506389225	1.803173511663565	0.8297428386166483	-3.5334335370279115	3.002015928554256	-0.5005129957099865	2.181703679916953	-2.053878841524049	-0.6217893107965627	-1.7405897928891871	1.8081273580143138	-0.6231074238290154	-1.2581045011825975	-3.2235145754614933	1.0698167676864236	-0.5790653990722432	2.04210079470514	-2.5174470967932265	0.06583001418719533	1.4324489833829923	1.8214266671740282	-2.006327915072405	0.9076872294947461	1.1060999475427264	2.2339272114777695	-5.969809730255558	-2.9678353624692773	0.24228896658837712	-0.05228518491419766	-1.9775231328723282	2.254106508132503	-0.28113513659965955	3.106887308194329	-0.7525365820101847	2.397973041870005	-0.1671972616436241	0.43822405343426046	3.3172932513527744	-1.380869012433939	-0.4681468366450431	1.9557746050379612	3.3324052353007234
DTXSID6045820	11.979545226576677	-4.1049772926050325	-7.188967398831807	8.13566007402739	2.4579431209597518	1.8683868554907581	0.1174102613004218	-0.6378038556019768	-2.4009637114002746	-6.28746583331277	-1.0312535899924953	-5.778725215512146	4.050298909469573	5.694635815352363	-0.8440515533029157	1.234921193167	-4.963597914788657	-4.610640754721593	4.667098969679638	2.6612987936303574	-1.2003896223191086	-0.5259791217289865	1.2914008845469878	-2.1094303986895846	0.7619313817303729	-1.153841229499472	0.33950885099577727	0.3219511195636521	2.6327554326606917	-3.3980310241255958	3.0136215051834143	-1.9809382732085827	-5.4444691430941266	-3.008322310924672	0.03195515463472305	2.438670560718563	1.9484535083403427	-0.2966593648878973	1.066477613226908	-1.578413665418194	-0.16121530115280594	2.651547206616933	0.4206572058644361	1.1224787264174374	-0.17111828332030296	-2.7164234488221153	2.600594255527219	-2.6375912911696844	1.227438116383558	1.894429502247823	-2.5632966870375817	2.062880596448446	-1.3917453163607212	0.8775861352097928	-1.5545789946417556	3.2591480523991954	0.8688474648100015	-0.38691864500136536	-3.819341451750066	0.0813924431897375	-0.28404909295112774	-0.5080015296427157	-1.932853456590609	-0.3986876410308274	-1.0987643817251458	0.5563976710384047	-0.0071980459117426945	-1.632954562147625	-1.20785134565607	-1.9711807601019375	2.645032072270323	0.852969667634478	-2.5101177292808767	-1.9862657165739064	-1.6738182726354578	-4.133733074021332	4.3468038190684615	-1.7988346898857563	-0.7031817541603537	2.2546490323011055	-1.2048630432448888	-1.6211398146486566	-1.3109102222707056	-3.937203706399368	1.9038129808182207	0.6449755471507657	-1.7138147964926445	-1.6114543695264871	-0.8354125849518129	0.26904012092122515	2.6623423361243965	0.7424677587370763	0.05520071878594606	0.6012979708412417	-0.9308712015878552	1.5573516114371606	0.09442277851757758	-0.07249955105272446	2.9363112852578706	-0.38799955771174044
DTXSID1068772	1.131464426193974	-5.656468849616101	-7.4969689640000015	1.8045327353047824	-1.9562973503639676	-0.12643645846412876	-5.844783167108252	-8.036989888174887	0.18651678761700288	-3.432300868932285	-4.595788366376191	11.204226322914659	-2.0878800444677514	-1.8638445642854995	1.8175613118726202	-3.4165218438350204	-1.4318953331971804	-4.668895378439307	-0.07328266793766891	3.903641424811295	-2.946803057123276	0.08418519049677813	-2.227298528308104	1.0934982829408177	-0.913661673212189	4.613188767921349	1.7186113735320896	1.7468742254436669	-3.4668857958713764	-1.8195907639677291	-0.1436640606268977	-0.4100105122237747	-1.5836268418902952	1.6096394111304935	-1.3602151549897883	0.10723973942449465	2.1223935374796774	0.9802455923076699	-0.68860934999486	1.2281539749048624	-2.1208927671621316	0.9781280682439037	0.046844644040279604	-0.7755833876869969	0.6582602797966178	0.2432528408636865	-0.7977305182812231	0.8002288208099178	0.8456059997183047	-0.3860130185721779	-2.5387557207333447	-0.6344486386541355	1.7231239247792594	-0.17079144308991911	1.0107445585470987	-0.6078960648994011	-0.8824977614958945	2.2299787475774657	-0.7108177025585417	0.30361167586948073	0.12873732621688977	-0.02683431925033264	-0.2688498212995507	0.5483532540297785	-1.1451021308053981	0.714970785568128	-1.2348765313869872	0.6462265428796661	-1.4098478843825548	1.2056835529146737	-1.0622815718710175	0.09248239486875984	-1.793684219650145	-0.8440584803945133	-0.7750930448864403	-1.5407942376901038	0.3156607050482775	0.6350502769933403	0.7345318720940229	0.03645361243405597	1.2575556817432914	0.42254020841342665	0.5728227679385817	-0.6368697130612662	1.5706518923544903	-1.1182738942249728	-1.4361501292441952	1.7608256042841735	0.006149551612679259	0.2921102608685063	-1.048115355763825	2.171851119327636	0.9870389882984706	1.055433200260627	-3.4331141857387006	0.08078985128657955	-1.9347009680057619	-1.5913134784867615	1.9286303080501934	-1.1387371258108998
DTXSID5057830	-0.5827134191017663	1.4471434898869882	0.8172349699664019	-2.8794969707093054	0.5006508955478256	-0.8465078520959521	1.0814029102491554	-0.3127316518026899	1.0642520622502494	-1.3036778125503148	-0.5758589737848877	2.003526733631744	0.6612746233081945	1.2038967648979817	3.746189998857402	0.8707294656331939	-1.8533972478208092	-0.49203675123674245	-2.3480517880919294	-1.9409791646769912	0.13418719335612742	0.2568219462922827	1.2662093585134457	-1.0618102549516066	-2.0004203822753883	-1.415471920650492	0.4375004170931787	0.23924634117990898	-0.29512990583741916	0.07715976337127055	-0.48861313279017726	0.4940371814498236	-1.273276231612838	0.5467904293359971	1.0402645168170255	0.7988664640274662	-0.9812921330479805	-0.15864372052801834	0.026911234912808904	-0.611068527912435	-0.42460175700296693	-1.2824794871207295	0.16537864078535247	-0.39690520673078533	1.0051907752328357	0.23431395978660258	-0.008825216320004435	0.01786026533153585	-0.6799861152900724	0.23819515053489693	1.463674797623937	-0.6130215242819793	0.10698508778014426	-0.052516666208071376	-1.2243976361271673	0.32989971219600805	-0.09984510125801184	0.04129822179080154	1.2657321186481156	-0.7128668120853525	-1.6240198982556209	0.6962838374671546	0.45890648839205633	1.549173026414994	0.6865896942282831	0.49568276096269587	0.19933366813861594	-0.9386309572777094	-0.27234745737047433	0.17733829031675755	-0.44595131890215134	-0.8509066665382764	0.4450240131170841	0.04982563160895787	0.6748704194829999	-0.716616880940196	-0.12286443181972843	0.7249315529364393	-0.1696030096812139	0.7540832492154295	-0.7802047237673545	-0.8433006399119335	0.6701751951491366	-0.1660032593297536	0.18847980494563576	-0.09853956721827227	0.18862838546830818	0.39181671004863206	-0.3495349459456136	-0.5518636421911279	0.22989609003575734	-0.7501299604103315	0.44489418296340805	0.8711004040504645	-0.6115138558342261	0.050573948938582615	0.2600144563838763	0.06825748556925287	0.29930907641561794	-0.24327991544903108
DTXSID1045611	8.770251573207975	-2.7153175795191182	0.6675763717662858	0.9075813486131964	-0.15053914554901807	1.7513721004316756	5.083920034372573	0.590415443084253	2.044356646582084	1.9161878266921255	5.858939615483513	1.2181452008058042	0.1561603838481418	1.4464366504432937	-0.6630083795803962	0.03949916437052862	1.922355719313516	-4.502360577118769	2.265800722016518	0.7774233729090008	-1.7247305623262632	0.5026671105788079	3.3870904613674733	-3.7166427626415897	2.8304593508886824	1.0853665486218178	0.503926287818466	-2.4922065834984433	-1.9474396211456608	-0.06594978859293946	-1.3359307073643947	-2.697643678849289	-1.0691468494232033	-1.2101491750674238	1.878417170951254	-3.139426494944714	-0.5275782493127155	-0.2965928484634872	4.749018928530573	0.6384222805940775	-2.1734125054799462	3.5669036213703906	-1.0464052001289073	0.9476476790638723	2.1845369221512736	5.673083362852895	0.5226630600514321	-1.3794267703681187	-1.604554343399388	-1.6955818749159435	1.1359731744606398	-2.113655302776612	-2.758292023051057	1.6982776143782115	0.9726069918226821	-2.4449193351363974	3.0531559376816824	-1.2865552987618198	1.4307232137334516	-1.2749081035016891	0.08599345188168113	1.4583828568495796	-1.8416087414963573	0.08193778638845582	1.032612679841286	0.6441725880684172	-0.6698289808952042	0.6730581536111208	-1.21767881629114	-0.45715635833984625	0.5426234175897369	-0.42313542070099197	-1.2997144316956226	-1.3093365642739327	-2.18218793147528	0.9574974372013347	0.3085304332900229	-1.8246938914717137	-0.0484123883714442	-2.1116311849883607	-0.1533704715378152	1.271204878380726	1.3281661776295752	0.19931362491285298	0.7517897344217812	1.1712346401931424	0.23830735983922205	0.9103246374879949	1.4861059527161267	-1.3032465241977707	0.1272808795615774	-0.9719701988497086	0.8207312452351185	1.2346277482887713	-0.0915080626902062	-0.935027919345728	1.2339456211365443	0.25347289892526415	-2.5169686638999798	-1.3158498337732853
DTXSID3025881	-8.242928873891818	-0.9723359029505176	1.1270691145713956	2.574782821749054	-0.36054047136488987	3.573190895372123	-2.1065649906151025	3.932351006286881	0.1422310195345971	0.9639339364819568	0.1384447602807691	2.51722383365892	0.26938251976505184	1.4762709552996318	-1.6148283375353423	1.6931680096910255	-1.0210369631018856	0.8839398487153131	0.7858828818037771	-0.0454119050442533	-0.07080324872481533	0.11185613737257016	0.7342903928857655	-0.37940348370632937	-0.39822500287668877	-0.5201635987112995	-0.8208177964554675	-0.3206002981368081	-0.5717909024246149	0.16954742455210184	-1.1358093351297704	-0.08948168457715827	-1.8772227072497216	-0.32005176627107484	-0.5710137675619218	0.17078774599381283	0.585511600141415	0.5369822803141455	-0.5551591350270426	-0.24953888776332273	0.06634119029579291	0.9177761908705637	0.6290834350086141	-0.3997299152891512	-0.047813756974933785	0.04882447297802038	-0.19817951071979933	2.1262839439693666	0.4141466725924452	0.21487588071118435	-1.0479488851879746	-0.014306330393445522	1.0702724717684444	-0.3014182832846041	0.8576064175706489	0.8458243229659076	-0.19469834868081182	-0.14458059737680862	0.6300429877311304	0.9748925028667005	-0.8814089928139035	-0.42013911551635463	1.0176259581647862	-0.7579567976176527	-0.475100832849311	-1.0542888130562251	-0.9552377614067727	0.7788599886441333	-0.8888726211234663	1.2782989056236247	0.3670608065931979	-0.24028585027544502	-0.9783499584735419	0.9359979707733536	-0.3790176664964171	-0.208143617175852	-0.7853174461205691	0.14434868865241346	0.5537823378746386	0.6621332776840745	-0.8016520927751525	0.36222721072186387	0.0660416564153739	-0.18871192962149683	0.2136473450547421	-0.21100521866981906	-0.06963995883362163	-0.3506839687540928	0.6755634743594358	-0.42782314109257547	-0.05559021374208211	0.0815076183280909	0.15901910306564365	-0.3673177181535904	0.277247102611505	-0.25848701820764286	0.14690368050064342	-0.3681575128933115	0.41238893762574225	0.28902380240608005
DTXSID7046174	-3.079837134590568	-1.1725955718408596	3.795179443314564	0.28830102087911547	-0.25610020347295087	-0.3907804016424126	1.2779784209759903	-1.2337167586685889	0.34142974844855617	-0.4000450890192928	0.9948670238576456	-0.5499159104450936	1.1106119266650116	-0.5360603656543731	0.1321102043449853	1.1936400506105058	-1.0155301949927034	0.3114503852686246	-0.8660308093727305	0.06040497162346587	1.7427853020911066	-0.04999765380322805	-0.06259517545027367	2.103135902374203	0.40652094187434895	0.6733353385650587	-0.6487797256500355	-0.29409709136538054	-0.8221936244998458	0.7061763830870165	-0.543273659600584	0.07921268242085971	-0.7988653147905722	0.008610875288755303	0.2061714731913402	0.353926055874308	0.12468423725453681	1.6373708800185323	-1.0681409496181542	0.39484206195626115	0.4291189509291137	0.877260618738179	-0.47109292169823447	-0.47470044328217287	-0.17316841055307783	0.288230137213225	0.23090465626278658	0.46380398571063614	-0.7940873449191966	0.44497441016962863	-0.44642499150608045	-1.0379187103823786	0.45632517719081794	-0.08085556348372071	0.5650463365445396	0.722048560401692	-0.7149273915962757	0.10647391324473421	0.28786264254507016	-0.3964873630079686	-0.2967568668164062	-0.7228002756198545	1.116861156907551	0.007059912865309113	0.2214630647271532	-0.20877034909315298	0.2963645971281688	0.04482818972925257	-0.24222294331660865	-0.5535425792261333	-0.6087630076944672	0.5805075833156129	-1.0269024540998049	1.8278347040263576	0.07556890858848615	-0.5618127167667186	0.36876462365404367	-0.6857848281275906	0.004509946802483741	-0.7905090987840807	0.4043675247654712	-0.8007772237709772	-0.49677842807337613	0.6713929976836996	1.0815877801084532	0.38472576247350976	0.21672603529134674	0.7893037499086758	-0.026537915542505494	-0.033453901017068056	-0.20077514624493448	0.13703341645288195	-0.2445668064881831	0.09645571033921266	0.2176998566492923	0.5518721303519943	0.10093187588729596	0.37477019935999184	0.08076913673462745	0.14896039436694017
DTXSID5021671	-7.35583203119849	-0.047519098789451555	-4.942651827661808	1.9391204552541992	-2.081013992777884	0.782119096122479	-2.327682152714162	-1.0804749894509902	-2.5678896923709025	1.2348529139444393	-2.5509047320911193	1.1661380182764431	0.3659056071295595	1.9309258581233406	0.45038602160957547	-0.18967839338143988	-0.40137655106507125	0.015923583594338934	-1.250365994562788	-1.5378514029566772	-0.6445808657565913	0.34801269886099534	-0.4176181062170191	-0.30493807163356323	-0.796475956514774	-1.4513008044742868	0.06061651189004311	-2.5933319768101124	-1.6915889771517256	-0.0985427986067439	0.2466976318790452	-0.7645574727054902	1.8029469411947214	-0.544346145020103	0.4881171142104166	-1.6106268491798832	1.8735962124538759	1.2650973541797514	-1.077047297246727	-0.4545114484173085	-0.42299988812302497	1.1182100264272756	-0.5758790008448639	1.2284545273476648	-1.6997554314228043	-0.9812651438636796	2.2354127000297113	-0.5893545435585938	0.6701608290008431	-0.0644149051945284	0.9855677206459301	0.9606732354859371	-0.021433262648956973	-1.2106045063559414	3.939935662261247	1.4625069902378314	1.1332786961724206	-0.681413993797827	-1.7320487941399363	-1.1047272382423774	0.7763175892210383	-1.7423969996813862	-1.7301390570589235	0.6573641905595639	0.5663722640872756	-0.8032242553242244	0.9515458409702184	1.3059921002940755	-0.3832832115706357	-0.5571848729573626	-0.14062149236387217	-1.334472796561921	1.1703127034118752	-0.3366736755796985	-0.4950473942499845	0.3012818567558968	-1.056930176150444	0.32673917006685893	0.8842730676504625	-0.39083993814589574	0.018904514725169342	0.07557230679558852	-0.42654803430083654	1.2194721888443296	-0.8697796118362564	-0.4657333551668119	-0.15435934808993332	1.2114063225816902	-0.37117071199884194	0.2423432024068099	0.2917570386874124	0.3133504236013749	-0.5777179337754621	-0.5101656108584791	0.43908113559477235	0.2963618594729925	0.40558329967521395	-0.3454282404433379	0.5985529370850469	0.0843441267581299
DTXSID9044247	9.69131136666785	1.521554372269326	-4.568826326988163	14.964638545598639	1.956936788241992	-7.235691798886778	-0.7693642045377228	4.911907321244538	-2.177317171007841	-1.9732662391919462	-4.782364505550157	5.8259443674404	4.150833505694478	-1.3151586307802896	-5.364543517179608	3.6894641773754904	4.120080246363596	-2.2407749458225026	-3.1252676825304873	-5.9711883997712665	-5.177499076970714	8.256819664187955	4.0348104579577555	3.950209908116603	-3.1803949107875114	3.2620020998680532	-9.152463335481341	-5.860518779880016	-1.8591384538873015	0.11615655028643705	2.3984063486236638	-4.726007992227017	0.8833350256434944	-1.358748741876896	2.372750116329787	0.48116359807468173	-0.8376498832403237	0.745609824437975	-0.3103695685356794	-4.86726313030236	2.8335535404601924	-0.9335724922682989	-0.5273387577619824	-1.993596502353322	0.9875425879948055	3.880058392668377	-6.420648128482186	3.053100968761131	4.93921829319171	0.15488941215304416	-3.395432738554708	-1.1112722051567738	-2.0833295404627608	-2.4214285198203	-2.5479210322116117	-5.120920774085571	-3.7222461977225736	1.1603790808054624	1.7146724953308567	4.310080828204666	-1.7284483930648957	-1.9715649894236382	1.4494181197908997	-3.209236021198372	3.486536145430049	3.666774262628683	2.7594221241283408	-2.1668783436540764	6.927461504680853	1.476474300293408	-0.2656153968369083	-3.2399807198562076	3.644330334768971	-0.3019047444195557	-4.366728245793734	0.7367131208104932	1.1060276741965567	-2.5343992960458377	-2.0771439407113395	-0.7911265113264432	-2.5726998660002174	-3.1193987003654438	-1.5806876055241217	-0.6136885480166784	-1.934728016902222	-1.354189865502039	-3.49417908383359	0.4380837111807925	-1.1441468244014352	0.7083164149119549	3.3506703869168484	3.1481747065446006	0.7144391421691546	1.125039045427454	-0.361962915097265	1.6549643200544206	-0.25634741446071496	2.0368088884704583	0.7911150192521267	0.35964040565368127
DTXSID0048923	10.532204812360563	0.8416564102443305	1.4201630062764148	3.445391164646918	4.545313256621432	0.7945000572133698	3.7891084683205487	0.22831795759239115	-2.7132974710409123	-3.7646401362531385	-4.298034662170244	-5.89331460151714	-1.171032526904095	8.10644937419747	0.2465995283077462	-0.12413623836185429	-4.723305814289049	-2.9583348231664353	4.378805541063135	1.3272415415396608	-2.1674199475687095	-0.48074291245525497	1.285239396535456	0.4935066112723584	-3.2264281441673437	0.009954534602756861	0.3815983321012564	2.1194287313227425	-2.0348545126464876	-1.9980784764794632	1.7187482424521003	2.8607990494232625	-0.48010931323332884	-1.3150129322208504	-2.6731104013721603	2.0568715151410943	0.5850248520741735	1.3021787741953852	-0.687575190763894	0.7750741074081643	-0.6352453706867132	0.3783924387107238	-0.34633685990253504	0.0760375909975777	1.1993091679898524	-0.2150441600544192	0.9036019513897235	-2.0025809229411973	0.25952346380842134	-0.7966581193806355	-2.810652787735225	-0.5184966040675313	0.5523189463021119	-2.348390053851461	-0.6931319374970039	1.4415330961326784	0.7749830146247536	0.42437015270103295	-1.3511029473419456	0.02462102488681154	-0.47525382621728485	-0.4099423268464961	2.0663400886765326	0.7253024958839345	-0.2832217337999705	0.7627494091691326	-0.699969950442903	-1.4343739200848074	0.12608593199281218	0.4389742144513854	-1.2745553529521065	0.45487724221977377	0.3532740279503623	1.1858490576347236	0.1847962048496988	0.5167560461889176	0.0025547302083928913	-0.8716936352934574	-0.3741856638682813	0.3406370966240434	-1.1428046896254933	1.6385698431047195	1.6334979455381844	1.886628216913089	-1.2398916609342954	0.9788329244761607	-0.6771773462343635	0.17359965199323804	-0.8045991006180485	0.9562242222442134	-1.1479348361407566	0.9886306542191353	-0.706737608434632	0.5089963279103468	0.31822187512225514	-2.4633199062974565	0.7635334007045709	0.33023761219376535	0.027745710157705113	-0.5614522681800996
DTXSID6022420	-5.494174294682074	0.10665228021202494	1.56289903495893	5.228213440871825	0.5951019071872754	-1.7357897470660668	0.41219801904749326	0.830821465855643	-1.2035873137599	-0.09171548574997943	1.4101448378407864	-0.24384087974941548	-1.6903157143515417	0.3474267548922562	-0.2505844993073053	0.512078678859837	-0.1006506057980399	-0.46238337415047803	0.15848341194364104	-0.22969430689654222	-0.7875045526950677	0.5664464841204281	-0.22052000293666807	0.14557535859446225	0.3497341069845671	0.20572667004584738	0.6010608966211322	-0.3573569307213984	-0.5027361437303335	0.4703582250949976	-0.7115890237871043	0.41342129679539413	0.8949476363974587	-0.35222087999506885	-0.5802730060923085	0.033311264376808605	-0.8182535605441625	0.38541881540259887	0.7076592084042108	0.10036342907020075	-0.5773609171997292	-0.13136563752383065	0.5044957427566635	-0.3136722567164355	-0.17042586663670853	-0.3678949207615935	0.10292700361560021	0.9747603818512369	0.40852372368762735	-0.3626176093271112	0.8417572555789717	-0.1344863321006142	0.6879361801602535	0.1810475795483764	0.2546905150498391	0.32622007852142143	0.24305552457670035	-0.22246670354096687	0.8483220666985886	-0.17941607538940146	0.15536249782765654	1.028283692103377	-0.03577573193409562	0.37060930920262863	-0.5797835170505824	-0.239786965975084	0.4602658827266839	0.19384604204352035	-0.851947590209439	0.14353492134151466	-0.35868401415473716	0.015625059269028713	-0.03793061094438587	0.06534339570361006	0.14024604886938136	0.47993804862715844	-0.10721805227724697	-0.17810071172702258	-0.016133382062551365	-0.002451711953537309	-0.09927621336399156	-0.46455065866782563	-0.18815978429526659	0.26825685189938814	-0.45159788338750084	-0.177059097519928	-0.5623292901294084	0.4521451779448223	0.31730594210795265	-0.006939043791506958	0.3588744397647341	0.142497520015679	0.19892562349591522	-0.017944937173050846	-0.6656853695142603	0.29310791333340674	-0.006163835983680361	0.06617398068084852	-0.23424979471235838	0.13400061249243475
DTXSID8025593	-1.9819761720890448	-3.1395988013020437	1.2850476267152047	-0.38726847671076126	-1.9430933434814823	5.645168647876747	0.10274795615918027	-0.6849960082612163	-1.343859342303189	-1.5483851790389436	0.25755456179180664	-0.2504800062735043	1.862702874169403	-1.9185283607979127	0.028502451655690368	0.6400349065231162	0.581364518368141	1.0642725925915546	0.29672293940741434	-1.4233568450041607	0.9974708023503353	-0.6566888318706395	-0.3312292185717609	0.5016259615122286	-1.322420690935517	-0.1427992386915309	-1.2606396895635272	0.7159387097520732	-0.18621136786888837	0.437458525574643	-0.9870274841166671	0.6230861006785109	-2.2163016840011296	0.2682160197656153	-0.20454979018352032	0.5650134361295372	-0.47216374793049354	1.6107271306201307	-0.6882175686494982	-0.8254033145382195	1.339274265939193	0.5998461394160775	-0.595679016425285	-1.110022620158459	0.02763705683419207	-0.1975340272618449	-0.06638836458704227	1.3503521171812274	-1.239332543934575	2.123436236295948	0.5176418838875103	-0.16928394852318784	-1.160165821917445	-0.2808587136066928	0.6800824281422938	0.4211794961585451	0.36076957498494755	-0.9695895384289284	0.911208239546661	-0.45857307787404583	-1.0075709146721619	-0.812794179684371	2.4733057317540212	-0.6320373145272011	0.1441780647909073	-0.9412959320459824	0.4400195323751365	0.5413751396643953	-0.024511521859783565	0.3228199919635521	0.9461721014379674	0.8608397062515001	-1.2657369216613448	-0.192872227397647	-0.5811371392281952	0.40894142072069567	0.5433468072550041	0.013391536783078773	0.07906581776388212	0.8910346551234278	-1.2231479957888027	0.06548249675067053	0.8058963169723674	-0.5550974437303937	0.4905321083688402	0.8867946707745455	-0.14555452972228483	-0.42965921344011065	1.2965595535521803	-0.19369298181405903	-0.23422703096134917	0.7739488250076934	-0.03685397491642477	-0.20919334854578783	0.5326895694430321	0.3299794365523449	-0.17938483908748507	0.1187096547083018	-0.08866103521481106	-0.09435111716865831
DTXSID5046196	-2.497999310876188	3.316853238877864	-3.0261343927752233	3.8901111120826113	-0.8307991187368149	-1.515979754435132	3.1742989197102434	1.527899329682916	-1.8729117548017384	1.5260342832025213	-0.5981162147628428	1.8968888772229555	1.1780300715685883	-0.02708444154944646	-2.0936125766842517	2.749959344483688	-0.6036147259708751	-3.153265994079824	0.6140692017399988	0.8054288917680053	-3.6322359480005924	2.944209931658546	2.9275202196587524	-0.880447005568697	-0.5554780607257481	1.1585628568282815	-2.0308333144590085	-2.8077075809833536	-0.37801887804802814	-1.3288280014897236	1.775654102999279	-1.2139102563410704	-1.7580795221260757	-0.1254971350034691	0.5028957212462126	-0.25638882934236795	0.6032996026909546	0.1395026354425607	-0.345437269003262	-0.7270420800581687	0.7804770098834581	0.9975445667353956	0.2782210703357783	-0.879246640075635	0.7689442663770382	0.4109934845776438	-2.732156654819919	1.3268230521514055	1.0414196553834782	-0.25638623222796175	-1.8467969788255791	-0.08017741641924914	-1.1425255539139705	-1.3152291594157957	-0.10993151569361485	-0.975988687004957	-1.520418205001599	-0.4279557256212416	-0.5514637082529177	1.3651657282576288	-0.8683195515812109	-0.26647893954929813	-0.07104835283392218	-2.0933876212678264	1.4909808322736593	1.2583257597621311	2.198240433390569	-1.1849016850898093	1.4769086477106779	-1.2301045902542709	1.6122531194779992	0.7688479064954753	0.7215152941048499	-1.38779863168535	-2.2325828770641105	0.15129348669014142	0.6138417642645586	0.3451977600194986	-0.4182189079313815	-0.2602365554714699	0.010522730825069635	0.5898273950646963	-1.124468526942631	-0.7113182326783967	-0.35646454950954176	-0.9507376282385824	-1.4338037389281542	1.3787188881881751	-0.7075011201155859	-0.09171970542905428	0.9846439660567207	1.1090672605821699	0.7392888796112668	-0.06427022449267958	0.3493410215860671	1.4727633045928052	-0.4718204930552532	0.14811591716388126	0.35630305138253254	0.2916190743487689
DTXSID9025164	-2.304513862426678	-2.543267653072161	-0.44625286283925925	4.089850272295758	-3.2899459379367406	1.0099300613209903	0.4460528991273786	-0.9569990649646059	11.907850456062171	4.599134561591797	-8.186268779616501	-6.860827985566075	-1.8448041131702493	-1.7795925496539937	3.13436230313859	1.2720655042042972	2.4642276727596966	1.7709202032792841	-3.1799085329297	3.1731628546977544	-0.11850902910454607	0.1276866521122693	1.2686457030751346	0.3019063649574216	-1.822696519555423	2.1560412900140515	-0.5448966309032255	1.0702925041024876	0.28881938718490296	-0.18612528560974012	0.6824721432127323	-0.31839218643148476	-1.1643033932818723	1.2486299207428135	0.5353712306040815	0.5325068261535929	1.4668264700689835	-0.079878014141597	-0.034200965006822834	-2.084787142005756	0.3573767618526465	0.24389036676742887	0.003880549507599398	-1.4520819271026804	0.14607290181781787	0.6305206296507839	1.170062666134486	0.5945766396870004	-0.5814090203287139	0.6427349868664229	-0.4479733904891869	0.2541444112131876	-1.092299332725551	-1.0301696462165004	-1.0098213999762005	0.8842431389523362	1.3025817599084175	0.38638132936537034	0.879109819915933	-0.7501753021371448	0.7411847926522326	-0.9906956641273584	-0.7738287463288784	0.5591089951261082	-0.8468301634805472	0.9747369270123846	-0.9002336012944884	0.4191954637264429	0.6304549450210717	-1.30485689340907	0.07173769628980974	-0.07109981251372229	-1.3504515949419111	-0.7514941807603142	-0.4478430171172465	0.47386162006634597	-0.011662188138305763	-0.7602072930135699	1.2776192235532768	0.1254917937023843	-0.014768092470811426	0.5389801696282677	0.35635678398001214	-0.2099330845044789	-0.40061120485647406	-0.022495742658258457	-0.9272113219363415	0.3233268478986274	-0.5493085309914906	-0.9720807083103489	-0.35377141523717875	-0.3466129334802208	-0.0011857211209997116	-0.47584469423460957	-0.0461320058813607	0.004839813407072246	0.22303318667659655	0.3016164427167142	-0.4341293591649566	0.12064141913964421
DTXSID6042494	-4.91106866649262	1.7847925619022973	-3.5502371316376484	-0.05322250346066627	2.1274291022139886	-0.3892355932085789	0.36663328208875784	-0.06920506010372647	-0.01119715799737882	0.9617924755184593	0.18743267776427885	0.5401596808784647	0.4456648071171042	-0.07317199660936911	-0.8890684904055992	-1.0908572916762447	-0.19641329448344727	-1.5470236657713416	0.41653067634147645	-0.6701526744168189	-0.14398859820581317	-0.030684117687984413	0.27123740251034945	0.31030462513864404	0.14032024369281132	-0.20483824557378258	0.025590153299497133	0.90575230520282	-0.5583646627942147	-0.526007248923912	-0.7392890178444339	0.5211935343555513	-1.0275413654593888	1.7471700783842319	1.0980137920274844	0.06357315440758683	-0.3348623854436003	0.09578713531536716	-0.23381536060382938	0.2728234668324612	0.3007674042602812	0.9360331643153085	-0.3777780451935814	-0.32278635950202306	0.806555024545635	0.4581564927165997	-0.8505028979700191	0.6940757588069706	-0.34130753143394205	-0.049536659836233	0.44283017670553204	0.6000121750387949	0.8082721175528618	-0.8985972882480069	-0.3016722621735573	-0.38155427112847684	-0.6090234369671305	-0.031918369276340855	-0.23386356206456566	-0.5582009229546979	-0.5499765856772533	-1.0365649303173106	-0.6235182902578477	0.21419246359220256	-0.21477893948832164	0.4849742012200763	0.833778216229716	0.1498022777610159	0.09376355575598892	0.12872069482287235	0.1338879593945689	-1.0917069532315056	0.5501708481281526	0.7463837179793356	0.23946189394098613	0.4120568982158897	0.582129515080916	0.0037425724232083967	0.0528012494632251	0.41597533957602784	0.257448685489451	0.4601316706295218	-0.18999933582225148	-0.4726536404190455	0.5686659227650113	-0.6118786631442703	-0.5323589244629535	0.40393931522751647	-0.5644300719767306	0.1437412972445924	-0.015515111571670943	0.05501424630039302	-0.2595591565177647	0.33434901450489624	-0.311092510614721	0.046023105358912096	-0.9354219651145779	-0.1993148090441522	-0.374149244558481	0.11270162561559136
DTXSID8057774	-0.476350075788575	-2.198257237148105	-8.346534317560792	7.407030218952724	-4.27617523727793	3.773423605189952	1.7351986891887408	1.6158913644402497	-2.4725428162841423	-3.8560949228447545	-1.015014288979735	-1.3477505363642401	0.7198747167350388	-0.2841602592328034	1.4272106190187615	1.7898561108647781	-4.752067932016887	-1.1430273402306532	-1.6521556729722613	-1.0479566784029462	2.1881672963641146	2.02129697475361	0.3363593697431311	0.38698252917737674	2.514867218329112	0.26281634546204136	-0.978256340624554	-4.087937660764009	-0.0480452430896441	1.5764654513522527	-2.990738995957427	-2.7283251953665584	2.029128405984307	-2.4089410595470646	2.0957956352348686	-2.6022583275990248	1.2516314297640616	0.8703417593409898	-0.3154921366330679	-2.0780180088712004	1.3521374402997723	-0.9318943448427285	-0.6564520572154856	0.4167914014204966	-1.8023793093898468	-3.6032464871589465	-0.11931924749997823	0.6630237116332968	-1.3566162057284388	0.07531859092783498	-0.19230074126907543	5.121692023869491	-0.6772583781628697	-1.2416176761632918	4.212374024051131	0.6423888283881976	-0.6576234127045999	-0.7477193533132137	-0.34984576622319014	-5.068070832538778	2.3369828804251584	-2.371158302232918	1.1374909395392092	1.235942529687028	-0.7143038467692288	-1.3886759639104773	0.7194956834952086	1.0119440089596339	-0.5788458303652344	2.405836973777583	-0.31433623495538643	-0.4750593622638752	-0.8616094272638952	-2.0632388833219713	0.6193780630369162	1.7349466418493418	0.3699477136160039	-0.8018200728315975	-0.6774341521490631	-1.1915390386799714	-0.9095391546396818	-0.6196865099770157	-0.5269887560969315	1.9092541265124883	0.15236171653537375	-0.10533195154295869	0.16462272519562077	1.7064991121282662	0.8180752148464773	0.6136363169233799	-0.5706415473453732	-1.1710936910556207	-0.13401705779069434	1.175105164521569	0.3829321529209938	0.7865450076844499	-0.7338233622529177	0.04787251889362535	-1.3186614251860558	-1.032378428566519
DTXSID20375106	1.8391584569917538	-7.649947149960444	-6.792609141119229	5.756245073012506	0.9544586031076585	-0.9506252582084089	-6.758502671260985	-5.97194453662884	-1.016662336362215	-9.364577405716563	-5.840886444698824	5.191314750985666	-2.4929635827579646	5.444534666189982	0.8141375463398949	-4.642986498798847	-3.183248018837064	-6.066808678905495	4.494612402449863	5.066156429140087	-0.8340993004625991	-1.858807138660759	-0.28857739053148324	-1.0700018380095366	-3.295348223296682	3.7826302626737967	0.6785313245288264	1.048093846400409	-2.1255216726171104	-2.9307173359961234	0.9432737328962439	-0.21325582301393795	-2.6937021493270734	2.3837040040253177	-0.6732064422656809	2.3977409490147155	1.552756977273189	2.3910746490831007	-0.39833845210848	1.8559313112327112	-0.5002536180569291	2.750192166858269	-0.8894772446081907	-2.3023418631534622	1.1315151798727554	0.359839331259984	-1.890970700918452	-0.5105999100274692	-0.36003857266324796	0.11509601977418289	-3.6712756851803037	-0.6633179484111064	0.25948572370156886	-1.6598340505430837	0.23139485476081617	0.5359411510559344	0.44011514817774017	1.138310618509968	-2.216126235044669	-0.14744001968333093	-0.062002359494080235	-0.41053661363646204	1.551509003925592	1.1216845299437277	0.3732393648254682	3.0514335659535514	-0.6436769614355439	0.7128420313007312	0.013694184138114313	-0.30724359781429467	-2.293706026156755	-1.9180738777022983	1.2083452679449511	-1.175088915294493	-1.3261018521959071	0.10550183306160979	-0.16576407350452194	-0.9185386326612509	0.5905147591857699	-0.7392777695342077	-0.9431283280791861	2.5607416564711754	-0.2942358831524861	-1.4451495102247478	-0.22832873781272212	-0.7980623308230549	-0.9140632628231092	1.16721557039701	-0.1596569006113075	-0.0877596112245245	-0.2693771457844893	0.06816471876511936	-0.23158811743592658	-0.5426245720112551	0.6643877655808866	0.5700276682890674	-0.8063096948718599	-0.9213268076494796	0.6192345378977074	0.5052959315170287
DTXSID3040643	-2.2816910983339653	1.4413972935852468	-0.4147349728748901	-1.19089156250632	-0.8224043143552805	1.0738891506466512	2.4786121910561394	2.1527372470702617	-0.377841475822079	-0.11155782505565572	-0.22240751822119909	-0.7665385612994201	0.08399948750110185	-0.16682862560456632	1.3027587815039838	0.06554296175457852	-5.808564887374991	-0.5197830801820071	-1.130196522794532	-1.2942864150117814	2.8879196908036056	-0.6229168753534116	-0.5459194081592785	0.4575120160200037	3.0351820359870465	6.027098613641399	-1.025029222695846	-1.6989346553322477	1.8953572260026437	0.7588683800115402	-1.4361890131760273	-2.959693479998892	-1.6279405457875644	-1.483147103454488	0.2945846115360237	-0.7019141828375979	-0.0861516401643644	-0.00819448189408703	0.06694302622977155	-0.12911769248432628	1.3678573495815234	-0.42546769572366344	-0.3108484732468866	0.37879482391898306	1.697635343375279	-1.6356392414494447	-1.1636000637666584	-0.7706166906017441	-0.9664003700458719	-0.46493220232732074	-1.784613543046246	3.59704967969165	0.8372613042252114	1.9805191900161179	2.088015051444324	-0.23923752250185507	-0.78123460926435	0.56687636020998	1.921915867843556	-1.1268634466739962	1.0664322460403335	-1.5804512316494108	2.4185170480328453	-0.05106592467693058	1.4983124300000654	0.047746383953920446	0.047258988863300794	0.7050026204265659	-0.837041914015694	-0.07716109164785957	0.1378567590827072	-0.2836002925406629	-0.6061768655034137	0.7099173479763121	-0.01532164673487945	0.5182416528351276	-0.06488702383439324	-1.8231354702335072	-0.09317986751531494	-1.31558691874885	-0.3623151303880049	-0.9608093116624734	1.5435645182727713	0.8360950802179827	-0.4472222277070213	0.7590094840499422	-0.3783550875832558	-0.5342504681373033	0.9505702149175564	0.6453840250890607	-0.40668062467950683	-0.7140988943205264	-1.019215027829399	0.5979686912215808	-0.32203636484577886	-0.025128149810464392	0.31104367174637687	-0.7849962599099392	-0.6125365980140333	-0.49086672979067947
DTXSID3032331	-3.792829702973017	-1.8573430005830067	-5.9417823651561035	-3.3139112796555965	-0.7575263880350297	-3.313376706804692	-5.225438740128865	-2.094915403963304	-4.146688732803733	3.6432758824781515	-2.7562784666033098	1.1238620564215798	-3.166448935803365	0.47116896774652295	-3.4607449573757707	-1.8395892226184853	-1.4646107845643461	-0.9565351877786638	-1.8817032512333263	2.024344990321411	-0.39419950409462934	-2.1186157721263	-0.05330373282409913	-0.8862950639348375	-1.2389681448275582	-0.34886198535853585	-1.6746338477094689	-1.658048376981816	-0.3373875860103528	1.8633079291700803	0.8048169090015912	1.8191316517767306	-0.804977680403362	0.6434619575267086	-0.30887245453446727	0.8475056027908181	0.6020293830764463	0.9111023353914717	0.11434636546025573	0.1278268915453351	1.0311139983144004	0.8950177936848638	-1.0839784497545766	0.6765607250747447	-0.6522415178619632	0.5910855556303067	0.19048258036145235	-1.4705442605071013	0.36076242538276343	-0.5493511618515374	-1.2245311406311463	-0.9260752887984202	-1.0560695082642688	2.052410658209822	1.359159183558061	0.20150144613246068	0.20026911188468483	-0.4133535022366574	-1.4212605279783075	-1.685088444194472	0.5895091336458699	-0.9711330626064407	-0.685493509005568	-0.3452290551368918	0.11367099132133186	-0.9315652937195907	-1.0212453739938248	2.971694851520639	1.8450120472764586	-1.3024652238501861	0.6927059213892794	-3.028613292477019	1.8374902829350594	-1.7475923715986887	-1.2120445140227745	-1.6187180859941048	-2.2344409212881766	-0.34330746881645746	1.2040786148904605	-0.28402851124209655	-0.6947415200308436	-1.0354198007661106	-0.9837466280266923	1.6864811238904014	-0.8250223291391363	-0.23892360846967856	-1.1656778896942543	1.972949634362982	-0.10921110002010415	-0.28358100559707666	0.7145523029819714	1.3418230557544268	-1.3796786639380476	-0.968546300680926	0.2589817487537077	0.5224186598474116	0.8033193334951833	-0.9788209271459055	0.4663003877845526	-0.09786645575608843
DTXSID4027494	-7.469388881056725	-0.14983171924295902	0.8649303252567264	2.3603267169287685	-0.9650494248717668	3.5329651402761133	-1.7264547234880716	4.27420835176288	0.8653614051139417	0.5074825776653031	0.1970410603965535	2.425789510954652	-0.1895000965621128	2.011703015044006	-1.068686129331527	0.533701013011094	-1.3087330242240316	0.8763189556609895	1.142044618568325	-0.26220254875259	-0.5715703746878306	0.8429509953109964	0.07394783237338574	0.4385298086644736	-0.17007396681824466	-0.40243126589449757	-0.11366826073511796	-0.49986912459840416	-0.18419887038302535	0.12751665815467172	-0.9592677369838367	-0.4509519408110366	-0.7510340166552676	-0.6048928617596822	-0.7967096768009532	0.18184494941967094	0.029143412052031113	0.4239854653197294	-0.643116168381649	0.036907859294615375	-0.34224255865869746	-0.3738891555394646	0.5248125709720317	0.30924383341863537	0.0803042084899895	0.18327527997039483	-0.19597622442531887	1.0243388852068203	0.8064285793765081	-0.16962895444906245	-0.6334581111212272	-0.1873190161351311	0.935461163498896	0.17734753888305896	0.17827539054170022	0.4667476886490401	-0.17543043692641602	-0.38243831400883643	0.8057248518330007	0.6662261497708905	-0.4339959637095497	-0.12624783329296357	0.8139970169103395	-0.5486221563622672	-0.7158065751705449	-0.691696816471658	-0.7985540546166296	0.5213262986882837	-0.8892019595432248	0.7306941103595874	0.4617143685808743	-0.1198280524329045	-0.9041755852619148	0.25258596939912115	-0.03202120410073018	-0.40168949761666606	-0.5014931160986483	0.20915493883584543	0.0983907127875534	0.2831028149916192	-0.43260326369508184	-0.18109535747672206	0.04693721887423306	0.3010595753004879	-0.00226482015396028	-0.27228406996005805	0.05506485734395966	-0.15747842645328008	0.43554358885946703	-0.15929123985680385	0.1746219264201379	-0.06131400707106637	0.017699153337308385	-0.3451438212648626	0.31659769734652976	-0.1495493071889243	-0.17325975286667913	-0.3246563317450771	0.2286133304342516	0.05576179274373475
DTXSID6051724	-0.0291902479528334	-3.5307295889856145	-2.5048498091144156	1.3485604448045871	-1.1271504116591196	0.21654613853405436	-2.046609975183661	4.48797647555156	1.0176161081270851	-3.4444375094538358	-0.8740621191404736	0.698879543083911	-1.6528790218974847	-4.652938013288391	-2.55261006963599	-2.870285554046556	-2.5848272097630973	1.8498464814130373	1.8197556759073164	0.9793336421088777	1.669516809346182	6.564860599449614	2.66134194605651	-1.4782079574432891	3.779310547225364	-2.8216884698604785	2.988523288438507	-0.27447397712880545	-2.1806579221884412	-1.5067707873774951	2.11172301777775	3.0603757077621454	-3.017220187692371	-1.1917039126497286	0.017141552843080957	1.0763142553334843	1.054868607693843	-1.420291608204249	2.7248758214975526	0.6396695816158628	-0.6382240950050553	1.0763721511723394	0.25906263491449744	0.7536827414132726	-0.6124276720311588	-2.2249508263066993	0.4057854708727119	0.19791415306519042	-1.3268918739852171	0.2871837476073803	0.8961258383433942	-0.028004376775323452	-0.19332706000499447	1.9003701946819131	1.171039537555581	0.23984452500565723	0.43054161952811304	0.16980111518070803	-3.1916278413246997	-0.5917764404978584	2.9071604988549122	3.5283355213148875	1.0623064600727454	0.03193065551114118	1.5188061423911483	0.8561019638586923	-0.825454746884232	-2.5222614930938354	1.439330809993015	-0.05404291646044792	-1.7632560143200522	-2.4802409708946223	-5.049888904304906	4.476906300229072	-4.002621788549244	-3.1579516327604504	3.932850035994463	1.053756029904447	1.4263838991657367	-0.16936103474882258	-0.4532893703730562	-1.0059969134257196	-0.08651941844365052	2.0515402776952603	-3.3018750258263143	-3.2915597187578998	-1.3069321036842727	-3.5967573256352985	0.9158552517906162	-0.9858905740742285	1.1275001106341251	-0.7924581309015017	-0.2892627861964231	-1.8243429618254439	-0.368764742613775	0.11932001285550163	-1.450146418761372	-2.4952783595095878	0.4035824011707791	-0.028904970663523953
DTXSID4024014	-8.123311023040278	0.8535523964889985	-4.668064780993564	-2.1132809080807724	1.3252765666703439	-1.5969149612563396	-3.2414137608580105	-0.9159002870825391	-3.827668283823827	2.323009648512531	-1.8327285233321575	0.8628242643886912	-0.0051380586990457475	0.4530375342984789	0.9827168395115429	-0.7304271130056903	-0.14133450901858513	-0.31194059012825354	-0.44549700094327677	0.9708881188084812	-0.3872532430488756	-0.6733487436419212	-1.3572668649830508	0.8512757696242305	-0.9740784155396801	0.19412187166706749	0.396181777933553	-1.0504758202983242	-0.6578125781821065	-0.04597432694107942	1.8295130374466722	-0.3128594964398452	-0.5554102136386508	0.21036045762989689	-0.047362831807729676	0.40591720909556067	0.9313694427892548	0.29276913441866503	-0.38618326799744623	0.13138150241227362	0.09624605070581853	1.295562861838653	-0.13005550513325456	0.0205781659569788	0.18690651001567896	-0.18771022492435663	0.048067494095928955	-0.48476697912876704	-0.2929238611472225	0.22747520279677483	-0.2327729838577901	-0.6224281347832302	0.5389258514382191	0.205807267131711	0.7493222029799658	-0.29004068985022224	0.38354511064907837	-0.1783242367486704	-0.13210189888154655	-0.3429765794692831	0.658922025835561	0.11583343861717908	-0.38872651364568284	0.4953338567050449	1.5301548047627602	-0.7258298788357831	-1.148027277088621	0.9141665202193855	2.1309752134590347	-0.7455813475208549	-0.5614391961815175	-0.5220065325190697	0.970864139153894	-1.49383699513979	-1.229256499470223	-0.4127345291591833	-2.3508609528753937	0.23118828163725116	0.42821119769248783	-0.7255199340768312	-0.10910865288009336	-0.011628392814113538	0.6825899626065748	1.1528761794019813	-0.7061623022989266	0.20331443177356728	-0.6979898183549748	0.21030186051733055	-0.19024420919067087	-1.3333300871805673	-0.15879151703524555	0.8922021993025021	-1.3020741694652795	0.07796174962852154	0.3793326826722096	0.8135768692561547	0.9824148943941108	-0.7923695819304748	0.14148141981625484	0.5422914032999523
DTXSID2040579	2.614082535546305	4.926094551757912	-1.3167084478722948	-1.0611552289263604	-2.0721621199254283	0.43442849231186836	4.2238238333688285	-0.5440292426472098	0.22518657760558208	0.6008028270350069	1.1695027335145205	0.14736955592664722	0.7683242595174161	0.8444810564563651	-0.1909829276050891	1.5279602832980999	-2.4833625894560276	-2.4047867778469634	3.644147302406443	4.967241202063279	-3.8737937494735437	4.741364008017853	0.8862529512910581	-1.4677040819718656	0.5768955310902832	1.261992970816177	-1.6627090573110845	-2.9542387534542107	1.7947079230724918	0.5713487526784716	-0.2699972811176719	-0.5142145777164043	-1.1378974186613877	1.0199106660434683	-1.1614935325875537	-4.143428728630024	0.5761586509026038	-4.439342270362898	-4.19330438763676	8.333596513426246	3.110443792038291	3.3385334136255875	2.8255409998512	-1.8272520870503015	2.475600286743198	-4.853710900426735	6.087368012549092	1.5483747710412445	5.881544251597559	2.0173363378237354	2.446595534730161	-0.7002672280018768	-3.9114949294876062	-1.2876937416954488	-1.0838127400406536	-1.495962189202672	-1.0808070865899728	-1.4664439292044062	1.9468634809911738	-0.325099948295879	-0.28512926063451854	0.2526796322592907	0.3483902223946246	-0.9693570793662135	0.626355499751156	1.136969727878787	-0.5676970168778916	-0.4544482740367872	0.5893548944519356	0.8578800438516083	-0.4037293069587783	-1.284442240718475	0.33370344356170795	-1.4955852438006085	-0.6353197687081791	-1.2054423869890452	0.156472720774387	0.2683161771798016	0.4088963502567719	0.7561580390448195	1.1244600321757512	0.31517331359140677	-0.9652355616766457	0.026035122621674484	0.5922946014148331	0.6694770983304744	0.12286143008438634	0.7054682957011946	-0.827552087799545	-0.2296034237323903	0.4612457846352419	0.3922868571704581	-0.09486675050353527	0.36422981510591906	-0.5823779101417921	0.16958528808756218	0.013396278735358773	-0.5225954679037321	0.14872761162570308	-0.38486943331470147
DTXSID3020413	-7.159025787072474	1.7870915135405032	-4.303367636476495	-1.9574381045191338	-0.6809440929078824	-1.6185182800782245	-1.3053799330988722	-0.7272648386671614	-1.977442629407692	1.8772280807282218	-0.7911151844365029	0.38013739366828453	0.34951061389268034	1.277700005662625	0.7644720124350561	-1.5148602841018657	0.12705056098962228	-0.8818893643365545	0.42664322771939933	-0.163660920336085	-0.41918244106737895	-0.6351561246486274	-1.3854056775756947	1.1591579627300677	-0.18480858863334065	0.5564360171178013	-0.2859088676781472	-1.2007958501872742	-1.0223322636178998	0.3854963684425239	1.4478118214388747	0.1459830562934912	-0.5442599335257582	0.17945334097796836	-0.16366416739501188	0.369238030020594	0.9785026346067381	0.3780613151723653	0.37865694131292355	0.35533025717389305	-0.7874136656696727	-0.08867703111993311	-0.014047903038682587	0.10326016281079997	-0.0689352377458806	-0.4008526037501112	0.25227962433778645	-0.4924134016465723	-0.5129157250425195	-0.9453774301128796	0.4530998443264713	-0.7811869359025554	0.17347619105337223	0.2328322581038083	-0.2309596569135833	1.049178962834098	-0.6479912105208533	-0.7872963495900007	0.6677176916375623	-0.5776927478053508	-0.4328580130349982	-0.17313819597526028	0.26732202496240187	0.5935001285713031	1.4786475312895844	-0.35708715904542965	-0.9756024153315843	0.2220168967429691	0.7871942162933704	-0.1199872345193254	-0.2496059037704743	-1.2396466890743119	0.6626963755591662	-0.26098037705228994	-1.0257222648442172	-0.2616913125139621	-1.512755087723394	0.1518628170604677	0.24236703444306218	-0.1983002165324895	-0.4124326211752621	-0.9397511102042163	0.13936876896184128	-0.37015458696226705	-0.30921231911862634	-0.717424714037816	-0.5603057176768435	0.5363316678671779	-0.3044646743436044	0.11101322861929531	0.7843496055442944	0.19735460585195408	-0.897383898169796	0.23614394079364712	-0.24960020868663896	-0.0937824741138599	-0.9763156403644881	-0.24086775503019278	0.07287366022520417	0.030855409471728414
DTXSID0024185	-8.836189367257552	1.8418390411253056	-4.303280339927759	1.960532914705342	-1.12081607904008	0.13545353778012764	0.702270342300511	-1.121504695680009	0.3340896955220146	0.3814027334898099	0.8604231283808734	0.674022174450004	1.9395633833293286	0.8094019828775972	0.5659040835843824	-1.1587326155950337	0.45374555834872343	-0.9587296896287162	1.1091283155040446	0.6007011815063573	-0.04756343988922842	0.5128113130122389	0.5101913001672453	-0.25402228267408955	0.4136319360992113	0.5735735507336179	0.023401172246484477	-0.2961228751317462	-0.49864302713148073	-0.41828326765034796	0.6991378445183377	0.7022998500073546	0.28235680155740084	-0.04377050607256825	-0.06893481828591842	-0.25052553197226557	-0.18940282477883041	0.08678905559280692	-0.021459872839248627	0.00909736197650067	0.0066915212617863215	-0.2943549208174558	-0.05639441950280983	0.5153438960184669	0.37199177538004163	-0.5216894200196526	-0.45652978166685726	-0.4106605908077179	-0.09153940328696364	-0.31840760131828244	-0.09324433612392186	-0.14195594152775032	-0.2301796878612201	0.024057453520069844	0.06210803374277055	-0.8301265555739705	0.26935645514545714	-0.21251661683875528	-0.12522186432352483	0.352145158797183	-0.3277931806250912	-0.32643448993822666	0.23022806631024703	0.9440817076618455	0.396836277545548	-0.7997342111057612	-1.0729525483429858	-0.13759148266250293	0.5110968980725396	0.34831238710441476	-0.5113520547186621	-0.17255570110657964	0.8671512148677902	0.4656911534420886	-0.36270063110803324	-0.3293655250772741	-0.6239777837053926	0.4759345017734328	-0.5986006861207751	-0.0874643358918359	-0.12077542876712473	0.29130133887598464	-0.24887555034117165	-0.26787256002174054	0.4124443278870434	-0.44288688261583986	0.3040170758171677	-0.29319382432243996	0.15818643464374008	0.14183479843467728	-0.12914984329758106	0.2073440314243523	-0.4869003630919379	-0.018560876386241702	0.39609576955934056	0.4128174819553387	-0.061507499467269224	0.026587010206439676	-0.16673348092990922	0.13239903527166993
DTXSID2040151	13.29960434361054	-6.965862843616318	-15.237824126071413	12.209221491056429	-8.641783974729915	15.629995090529144	4.973442689845061	-1.7938223897861576	-11.427900574507643	-8.825801053473645	-3.222293145089515	-5.589616783206474	0.4463539671362391	-6.714296223782487	-0.7798776308911676	4.372125097661598	1.9883158773054552	0.38540604612828944	-0.49708279844733033	-1.7178236815460688	-1.5875374840038878	0.4678828655406974	0.4527132149512941	-0.7253101089992092	-2.8166243136246805	-4.575266271808632	-4.267941639766331	-3.6583058194051583	2.329799718624145	0.5666178883797949	-0.34058695423349905	-2.3440679714976826	0.8040475002064378	-0.23143809084495398	2.018454712298275	1.983281625376773	-4.702270360336358	-1.2573665003819572	0.7426932125644955	-4.121633249461573	1.6802721276762842	-1.7657348999869569	2.332594099835105	-4.208195058644334	-2.4189785849302448	-2.326913320008375	-5.203657312370499	5.063369118354658	-2.026145650328635	0.7294534443248104	4.6846607671908	2.7587429733619553	-4.962272328735298	-3.5852716071981625	-2.9633669781481298	-1.3132231808643746	0.6285008170336933	-1.0290410667898768	1.3127905623523841	-1.2181806600682865	-2.030387898927905	-0.6711818235517604	2.0306744854947203	-1.102038935976708	-2.6085878679751007	-2.115408214095945	3.7217473983562623	2.250446250268542	1.8837377879004038	1.5857106988888146	1.807259722500482	2.29252165516875	-3.4633647804592993	-4.950216138494796	-3.444683587304909	1.7561356108561061	-1.842610526727751	-0.7394841514534316	-1.5476912023964005	0.6108478561299383	0.29252447513205726	-3.5085916665881105	-2.25340799429082	0.9914625141272748	1.821799790906625	1.0374932045443186	-0.0675657889102343	1.2924650496393766	1.0779636169372053	-0.8315385918294699	2.9635231532087	-0.2246600157859979	0.10404720200215817	2.059375975890833	-0.8230120415345431	0.9653406664185628	0.24658688614285862	0.9530793160510824	1.0916228456122004	-0.4188713215072088
DTXSID9046572	-7.490879219309282	1.1847686465306828	-4.28319866991099	3.7773381801038597	-3.155409613532676	-0.11681494322241485	0.3717073563473823	1.2317391735238925	0.5127429044535101	-2.20825550010319	0.5450338748183114	0.6997047086194099	1.0628519491178452	1.2284678017095225	4.0035781899717175	2.3544102633351076	-2.8308553772011606	0.5223020828701574	-0.13508879027068305	-1.281773932197453	0.9197847897235425	0.6050736202944137	1.3006732595124355	-3.1658708324436677	-0.7221289802779386	-2.446945167219737	-0.8609667302063231	-1.731752061994026	1.448292028514714	-0.26577918576208676	-1.862757103670188	2.7519540776966975	4.882461635240091	0.10455526897874629	2.9186284479359506	3.528147688835016	1.5719445789570299	-0.7285017935073212	1.5567105409646587	0.6483771355449274	-0.4550556261239555	1.080746487991323	-0.751505989129288	0.04264431332701812	0.5476963081187545	-0.006796007766319089	-0.2672378289382726	-0.7606764330792966	0.34471843528628365	0.711365426221859	0.33032605888085237	-0.8899166941828307	-0.48279732473189196	0.5826168796334343	-2.094364609921533	-0.017341908923452283	-1.0185054156817053	-0.8406171398402813	1.2206889479719052	0.6635071617325692	0.3638706245881455	0.7895239545836585	0.6823278483804662	-0.6959590125353976	-0.8991357042928811	-0.1570179000472667	-0.9342342852983571	-0.478861162687647	0.7198848114437097	0.3575978728328582	0.77401201424167	-0.09516399228162219	-0.142780393424273	0.3764711557438174	0.5841705895996608	-0.27422405402847533	-0.3527639778161252	0.5669618788642207	-0.8001951927027945	-0.05233025797076268	-0.25629964274918016	-0.4745185253173505	-0.18681524130027582	-0.28170243543127277	0.5423652548981626	-0.04663373012667965	-0.5007446254346749	-0.35998346927519825	0.1278741013263291	-0.014326050426611652	0.048031645176587846	0.3936904660506263	-0.281835328777761	-0.0632054763467623	0.05080373251531725	0.3872568564696973	-0.2893312318575	0.4418411911545874	-0.02391896869863548	-0.20105066597094248
DTXSID6046842	5.371310850305833	-2.565232151453444	-3.4490274094334534	4.483050563579382	-2.903026448046092	-4.439850660640124	4.263442312616876	8.315127857740249	0.9800617368196205	-4.026099443152664	-2.238256892540054	3.3148635514187506	3.272177022209451	-0.5328337724377479	-4.414614535134944	3.006727458214856	2.8351067620894166	-1.7792569521117947	-0.06246153843639793	0.7263807178415475	-2.626649355640813	3.4401318187910657	1.4281515833960645	-2.1887985796674685	0.42407270472479874	1.7617144559233429	-2.231430769701339	-2.825813088621089	-1.8381375311835573	0.3050408391629002	-1.4873876476602879	0.7042831814510545	0.5719948339384128	2.4773811971572948	1.992110457965264	-1.622276206144421	-4.414198241523124	5.647866912442087	0.9802862813415241	-5.654180479004517	-4.876314970084662	4.557816431260196	6.812715369327726	7.170299689921626	-1.7615283782938889	-4.375451166377952	-3.2660295306003335	-1.1411557804284607	3.175479606710377	-1.378063065092386	-2.5353410247635	0.9002413447201764	-0.7092516399791466	-1.1325758701046902	-2.132322107722417	-3.6619681202281216	-1.9786241797252322	-0.9036160955999101	3.8084638761351424	2.464141401340758	-1.6016185308634519	1.081878697345173	0.7514728750533742	-1.8909088438429027	0.578175487383791	2.7783821630159955	-0.4385102637438055	1.2846248783942635	1.4986573150550364	0.774971289761763	-1.4071699055458418	-0.6181171958765302	-0.6040010922596759	-2.651091953330055	-2.498494896586488	0.23272969213957	-0.1825051099577428	-0.8069995737334673	0.8908647475238994	-0.2838818455753719	0.10572035817464667	-0.517850353635107	-0.5555133530064424	-0.07257105924316125	-2.5862821975058785	0.38159058409224716	-1.1266170634606858	-0.023536523547873195	-1.3687542639139978	-0.19764797273712842	0.645319772084627	1.2770854860357697	0.943689710854615	-0.7154319346271492	0.6208786724000737	0.41581466099153175	0.49870856766669014	0.8102461735181815	0.07969230558080297	-0.7173140635594634
DTXSID6045662	11.64984285593578	-1.5411802281056814	0.9634864336705691	-1.8599995997454108	2.3624075539622327	3.2198443345589403	8.082178640739984	2.0676443455003017	0.958913308004503	4.08088982726452	-0.8471276760745409	1.7830459894578172	1.4917408209738252	-0.3714830271052928	1.667050153713249	-1.7581530845461684	-1.4131599723291064	0.1856726949785416	1.358350099110413	-1.1530812945043478	0.31119062972818357	-2.1646796495314997	-1.3899930312900586	0.7269334983775114	-0.7950941866118988	0.41709860328396986	0.28653566335169905	-0.08056818339134433	0.37824595008030726	0.9932157360489987	1.171639758153927	1.1574644539554102	0.1948839058400476	1.1942938253718094	1.6597038961167465	0.6714393309422794	-0.33787482181580814	0.8080316504590674	-1.361840895349082	0.4316721984618013	-0.09132710969099107	0.06933157868815909	-0.13631355971455064	-0.12648819861747523	0.31511485573430703	0.5342920069315461	0.5864160378447354	-0.9127044206549497	-1.1005390673453639	0.4513000675204762	0.42668474036335635	-1.7144127591806748	-0.5571757004735809	-1.3424327576928854	0.2986913113570951	-0.025533148407695275	0.27687537999323	-0.6216999274134517	-0.7660790069306644	-1.4643774681255988	0.2293478796610814	-0.43115051766338225	-0.19705813063519392	-0.03719960793086899	0.14465823206309375	-3.6488508513470843	0.6014944052045568	-0.8932217669379432	-1.2758822505530023	-0.17853174168508462	-2.52940678009792	-1.1337583461563774	0.2899852507505376	0.14497383117592977	0.7901735661313044	-1.1312008167877865	-1.2135737815548175	2.5825707551167305	-1.031787203273545	-1.588171541461868	2.2389804112547833	-2.2506656816881576	-0.06550840856967058	-3.272653177685327	-2.6748808863088103	1.6233897856536816	0.679514582607978	-1.9389345336240829	0.48922696729803944	-1.0744592818356564	1.6307598007559716	-0.6575636727098054	1.1516139777846928	1.6224220495998585	-0.7590127570291888	2.483625965619205	-1.1163950174149553	-0.3635493760099623	0.8382628062113415	2.2395404430869417
DTXSID2046674	34.800647250518495	2.4440121242107167	-6.13334017866403	3.1620046442965757	1.2222145040549486	2.911756391351367	4.50435528074386	-0.3007514896728633	-0.22834379496806742	5.109383241093185	1.33092360475553	1.9553485145788496	0.5203234835775754	3.2134749346986875	-1.8936523254523683	2.6013366423557907	0.027621439619824446	-0.8468880359765424	-2.290027387609648	0.6513367015343251	-4.897457206175741	1.7669149879110713	1.1179860630520226	0.593730565168016	0.5651873506516453	1.0538131072653836	-1.6098187275230949	0.09111010389100034	-0.8430604779572511	-1.7423796501404214	2.206121302657111	-2.2932849299910583	-1.6871003628196608	-2.17585777262499	1.5454794826149523	-1.7607437206611607	0.9307756792881411	-1.9565785416454369	1.1761212379853037	3.4227334652895007	-3.420862184641714	3.7963233135487213	-0.9747892426446655	3.432923810191709	0.42035609545479735	4.76628156097286	0.6220571341137312	-3.1869083368469746	-2.421196577982487	-0.1803728237533593	-2.2770378700254024	-0.6376161981842464	-1.8054178274913413	-2.6835935360141767	-0.9283784705119565	-5.6859203860055825	0.795219014378159	-0.6857355537693696	-1.9291460317623494	0.17704327595056946	0.20436549377603377	-0.010632585092101158	2.710637622511846	2.331290499818823	-0.7832564657366701	-3.5534861249274057	-0.7499128136031413	0.25504296721338354	-2.4015295038577604	-0.28799373496579506	-1.6294149350942706	-0.12220439707266172	1.0251373895819094	-0.12904028969842773	0.022511600149242063	-1.1233086207586114	0.26312641488582894	3.5035586326994013	1.4622637725993548	0.6066102917180847	-1.060135921693064	1.1113396125614328	-1.6909184542655065	0.5154184807577656	0.6492879526663153	-3.509180780355371	-2.278805799476311	2.2374028933917587	0.4497998888793962	-0.36354884377487945	-1.780275046531854	2.55539543665076	0.16002029151665917	2.5712928677697606	0.3159491970308616	-1.811436630365958	3.122831946829155	0.29607148500119934	0.2191028022004604	-2.810863341289394
DTXSID9045637	13.981786443307628	-8.485989838724233	-6.244228893973531	4.24089265022147	-2.9074772112250566	4.999101981389012	3.737146864263874	7.474413958456877	-0.9314485406164259	-5.312605505597149	-0.9739130611600927	-3.0885545227907603	-0.6873406117768933	-1.270749308276588	2.145965858373555	3.160433276295643	-1.5788292575772227	4.219435535405973	-3.317122799908438	-3.0177639000615266	2.683595607862086	-1.1868720717474894	-0.6524732955335784	-3.688769094470168	3.940900603530683	0.916769739892112	1.513918265050977	0.9880663533596824	3.1907618919886587	-0.9900053441150987	-2.9462916543524247	-2.5201206986101776	0.5415896400583716	-0.18168596711189006	1.3760120939840246	-1.4969959181938977	0.2993194947998823	-1.8704302120942184	-1.802598888695904	0.05334214391866755	0.28015628941341686	0.5459225247503481	0.34954231447793915	1.3657029345551137	0.4979896439288595	-0.8316484044022402	-0.9602159719993306	-0.7773988481715747	-0.2854786003046624	0.10244022033898988	-1.9627409725478062	3.790673729962378	0.7578160392693615	0.5780243781046335	-0.02397527028900291	0.45421154832573263	-5.083412211881284	2.975566610311275	2.0324438126312567	-2.3343272963785284	0.4866369228291262	-3.787000014136428	-1.2437625839353237	0.8617431192379156	-1.3548132399846855	-3.0226666235802893	1.3253620396627497	0.9166066018327069	-0.3341172684086463	4.822173150300778	1.9372268741718717	0.997478549014257	0.9310868384947014	-3.4638270019678963	-0.4812766032619384	3.534473174515002	0.05329646745367729	1.7019466825702334	-0.21542749373149422	-0.7357760195044359	-2.553981399748368	-0.31351799916077355	-0.06459021721142773	3.7874370820832306	0.8343660508171267	-2.9034320052202855	-0.10105292594939339	-0.9112805827201006	2.7756044386216425	1.2500373057761969	-0.16197178651101135	-0.9187685228920667	-3.5027588093319797	-1.9592131480836283	-2.155293033955865	1.3020215487164026	-0.5383028769195041	-0.9262371769879694	1.6150701273618275	0.5024385406439761
DTXSID4044450	-3.1034279894173733	1.8680776500660394	-3.232393016111639	-0.8617407497427522	4.5071921780629065	0.8775471850808778	0.6006184906274143	-0.5712305243102467	0.9028421351394891	0.3084202012507464	0.9875057174762901	1.7657235085925738	-1.2226963117004799	-0.02537523412726038	-0.3128915399088767	-0.2303582157821906	0.23631623136073676	-0.13480009815486915	-0.7372630485189553	0.17015060133064494	-0.8281000305789804	-0.01628621640617516	0.8735369588993646	-0.8816137193261984	-0.26316485970754705	0.4821433727296235	0.41213746614823854	-0.7799745756994236	-0.3562820925265098	-0.13124462378312368	1.4183868602436027	-0.3047580913207758	-0.11557274603723532	1.3704314808833735	0.7937607786847897	-0.14849734892581973	0.47327298084414815	0.6370166279383873	-0.6157704685759249	-0.8960345193382303	0.5936617735647006	0.4783580107623531	0.30204725003473165	-1.0697970076809151	1.1821806133675459	-0.10708241030641606	-0.9773019399204905	0.6167161129400919	0.4727978901386372	-0.9822211014171179	-0.4630572123493271	-1.0066945062125563	-0.35686817518659314	-1.7117948998675332	0.07367208133405814	0.16664265136126516	0.6729936380468448	0.2905638432829455	-0.31064859900725783	-0.24469621600782912	0.03297265167142002	0.3445701641451065	-0.5898177198124382	-0.22531023126032945	0.3033526653790964	-0.35930291233842626	1.0765495182003915	0.23913829785865248	-0.23279976720450352	0.8254832388998906	-0.6038413870909827	-0.4398721842507218	0.2868525066810988	0.05235875158886031	0.762853929997652	0.9498579642676285	0.11176070759251087	0.3789128289676752	1.3769525095779909	-0.41635580566459546	-0.7887998346957656	-0.11514789194174072	0.0007310365680451115	-0.055448795296794695	0.2411657136930621	-0.503684789973988	0.1264933138251122	1.413643800370751	-1.0186093484263576	-0.05978991838767731	-1.6241771954012976	0.4804245169303744	-0.5159994155435015	-0.22438999756924052	0.08253996001071291	0.4775354974567194	-0.29244733858922534	-0.6535253790308905	0.14525631789480695	0.5876891247317576
DTXSID3021356	11.665211380562903	4.982244676528847	2.324380571104527	-5.081062932490385	6.121362357643208	2.1381423322623943	0.6471164054034253	-1.1088540098705657	2.0815562256324545	-0.270328343535794	0.621263637464409	0.9158146452187644	-4.1137324328733404	-0.14903270232632324	1.999450955692239	-0.29870749939782454	-1.0041669694432687	1.122956693717108	0.16347926765019763	0.4129159459334888	-0.24198934995747176	-0.5816647649362051	-1.6847645375064317	-0.291449173623444	0.12906938919852468	0.11596793439363981	0.6129951293762329	-0.8580842043366731	-0.11926098360554875	-0.7199554301149387	-1.1158265053218717	-0.48474319235464053	1.0968530266221403	-1.2538369924952935	1.2679272187641624	-0.33504369226117553	-0.44410968179941634	-1.6743455959326183	0.38195962625849295	0.03107492029506706	0.32133606901687006	-0.4279446036556608	0.3224498162524416	1.001078515685344	0.3614221434422177	-0.5017729800764623	0.336511119330444	-0.08867873197437896	0.7713590266059404	-0.15830728563788737	0.13051753718165277	1.1492736301668038	-0.6058890673904798	-0.7354636966413354	0.7472055740335792	-0.6255517412342962	-0.2878318796449916	-2.443549928773057	-1.0194310198892602	0.45978252147543863	-0.20522214715943135	0.8318774896026978	-1.746498657700443	-1.6544059571573388	0.5508980341501787	-1.5066855655744882	-0.5650450274540005	-0.30754973948781283	0.9921181760236422	-0.5758270360613758	0.4493035269012082	-0.8217934828697988	1.0254083457406888	0.8994958439610317	0.6128511740039186	-0.0732712759991242	0.6738098204129109	-0.4870531209652234	-0.046686380561307285	-1.2412475627109125	0.639769537331329	-0.2252034690106477	-0.6543555552895659	-0.8843243738213771	-0.23348010086347426	-0.049021213385874014	1.4739347327903578	-0.9608614851693101	0.1497609370410777	0.625205383838369	0.5288764558739049	0.3214732658835557	0.556866046568372	-0.7100174452771028	-1.6455758136844105	-0.8360011864460086	2.339533562552116	0.4641440486643645	-0.5064701553728609	-1.979298166035058
DTXSID0032605	2.067110998549579	-4.011448030103143	0.6957007849398338	-1.3739744623584529	-0.043685430908307295	-0.7586607683847622	-0.92618230249816	-2.031594852470881	0.7999204967761595	1.8653945200305624	4.6270488320136325	0.31344930501046486	-0.114462676208917	1.7273665500889637	-0.0032621479757028904	0.08354765580919984	2.321238812893132	-0.08233767820777863	1.113667745768774	-0.04972848289044289	0.5562411045159379	0.8325095636416465	1.2747092228741579	0.15130199261697208	-0.31106904907071486	0.2739289277343523	-0.5834921973976316	-0.07085524371408125	-0.3402721422123237	0.8209640273533125	0.6925606426806236	-0.5666620265163356	0.5885523522353108	0.159701406799267	0.7325399939009033	0.37542465083381094	-0.04403480457916928	-1.330013012129134	1.1812366587862313	-0.44817052830031595	0.7999075771371364	0.3856954883128598	0.001233669571665827	0.07794854571112539	0.18418352701582338	-0.2681395139339213	-0.2718068982692542	-0.6914677403684647	-0.09031051123071349	-1.132835808327454	-0.427447225936251	1.7025535106274547	-0.2174144696712266	-0.7247915090496196	-0.1698452979262191	0.11759350604218603	0.6775013403908404	1.1139698845726997	-0.3886504642338333	-0.12600773840454937	-0.07647988050591004	0.6222351902819825	-0.9097216393353377	0.8324813412393205	0.18761418716035294	-0.2038521198939758	0.004809288889331855	0.10318241345942794	0.5647467510061269	-0.015510430473425266	-0.8603287514650786	-0.02004442173442444	0.5329697107115328	-0.26972168843960614	-0.4492653910611697	-0.1010428093246447	-0.18809479778222296	0.181944269660943	0.35742276201631845	-0.19435659707498518	0.6912108745913172	0.13705675226857786	0.110778089238401	0.1464037918153159	-0.5653447647116897	0.7552782860908511	-0.08712038712675729	-0.333155497405573	-1.0618560676350721	0.11155332099937777	0.21464580204621256	-0.24341586447243488	-0.5309226530577871	0.28695875124408227	-0.3477871941807958	-0.34683567546064614	0.4005666899441959	0.38823460008107136	-0.24663407063608458	-0.10312576173812177
DTXSID6027503	-3.332717429424139	5.163685041201092	-0.43170098507738214	0.9793165210634894	0.3643768212765841	1.149931607179186	-1.0544477111923358	3.067264591093865	0.07308274947044623	-0.4122230497207277	0.22643805789974256	1.3470898918941303	-1.1486084006624089	1.7951395580483507	-0.04838469998864303	0.5235704920397256	-1.250197829481147	0.2713446273315241	0.44636725967986635	0.4898083419595891	-0.8285143300228112	0.16287178240873015	-0.455424693954789	0.8042158636800183	-1.1166017909803452	-1.1691949868512657	0.3537120388086415	-1.3869009239657115	-0.49904439370187065	0.0666629140210663	-0.4920044985197599	0.08593943710604003	-0.3941197610630384	-0.6591226930632961	0.41812080028793597	0.41226877628343367	0.35555280777258597	-0.17684480745162098	0.8565360878113667	0.25662189440823435	-0.6887000144893016	-0.9416310347359896	0.2044176700467601	0.4701254373148838	-0.18056015945471302	-1.2548590856610773	-0.6449217029145127	1.1772554881707669	0.21528105988479995	-0.09875212132889363	0.2614538754145969	0.3888788397027947	0.7872146784667675	-0.10326167536408769	-0.13671337674313647	0.5449233638488075	0.18741129716634397	-1.0290585077606786	-0.26219113136273964	-1.1388946118931904	-1.1537071468071187	-0.4289026818049944	-1.0776507690953054	0.7965314766816263	0.08086206502827888	0.062299975973467966	0.3653230696394823	0.6679575876824663	-0.8166003326771574	0.9542418497396379	-0.2942645311393074	-1.3959798033382327	-0.17841922248805117	0.04500861753012151	-0.06549393486575757	-0.2357907448374692	-0.6540415499845093	0.06591148038555537	0.230907680365797	0.27492945499239524	-0.06697189635357054	-0.6800694169423196	0.30773261167857696	-0.13536122715656404	0.049493483255760404	-0.874780761909622	-0.02540946386509116	1.100282166027225	-0.3148203081898598	-0.13345349715661406	0.4069383708509853	-0.12088802822153995	0.09562148325183963	0.05808732213541814	-1.2973875394676742	0.3235359283403287	-0.1161931556303393	0.1899260643967361	-1.4576992162925364	0.2579825689903256
DTXSID4052550	-4.494262809192579	0.3417556411985118	-0.9806326405331203	0.4781416182821757	-0.7208685101040453	0.1497307640404742	0.012332708749993338	-1.1775342794245773	1.4757733129863866	-0.1671968911019592	-0.8221035650109962	0.6143408447777484	-0.028522262418409355	-1.1848346505018714	-0.30533845024693834	-1.4690300112134462	-1.6563594456434283	-0.24248472724165207	-0.27503592647065483	0.06407526066127989	-0.45452633686197	0.2338351181140524	0.5053685143894672	-0.6601215701880012	-0.006682560594273341	-0.1557854695857101	-0.03432046894065595	-0.3454710120650689	0.6170991729037386	-0.36091645455299026	0.734154211194427	0.19029778298776537	-0.02444217383011472	0.15446631604164765	0.2642675267034162	-0.05791813563603853	0.6477828745558678	1.2320359544286925	-0.89393530311933	0.17639603642922763	0.2961995184763693	0.0685167126582551	-0.2718308684593925	0.17440274492992117	0.5969741171235503	0.4500032890929252	-0.2732548413271675	-0.3932124003879663	0.7292490937320211	-0.06970620289205852	-0.5681909833454943	-0.7523691795925248	1.0312597622439568	-0.2796714165985259	0.5120304947160852	-0.0624464678037626	0.2439646155758803	1.3091763908877023	-0.37729349814233376	0.32923823525281365	0.07766407839121457	0.5810275079970392	-0.043300021162876574	0.34272689709513915	-0.42629918443268144	-0.8845315963272241	1.0008072801419408	0.7974401992473172	0.2114280445888596	0.5484859308669585	-0.3962631859507427	-0.1725694855978291	0.0012173251458977847	0.046704770098913405	-0.5087671653603338	0.9878624498762519	1.1163070554569683	-0.2961992540959583	0.8126401681298004	0.6094223823356657	-0.0013297086418421436	-0.32543981922176934	-0.34365402098834236	-0.13791092701586713	0.28100502617258954	-0.2798638256422438	0.7541174486213121	0.6520969468615306	-0.7494041277793936	0.9318423109738808	-0.2322968970334529	-0.6020328488646455	0.07171163634938751	0.2890829716991622	0.555859902726702	0.1303843617397255	-1.09251634202023	0.753418992549043	-0.5790234953120021	0.6438388459399539
DTXSID1048671	-1.1127230139720494	-2.3920908562497583	6.852666953400736	4.579620389314862	0.30579658177074104	-2.7779699547194547	1.102799267410406	-1.1390262364624766	-1.8942189667509928	0.4135746624065724	0.9841514599415142	-1.1009536361860546	-1.6734076392465331	-1.8478106806024392	0.5262917568880049	-0.514455422170526	0.3552820481077676	-0.6848996781932268	-1.2884195297776924	-0.11175819878467994	-0.4535655611979021	0.026659179856935406	-0.4205023850113382	0.5804159936183275	0.6600589923591876	-0.14018392117683173	0.6030461054464984	-0.11656240662116363	0.09044833124571545	-1.2431013457841944	-0.15410514717246246	-0.2046637300833037	0.9288446105027911	-0.7393632013072821	-0.7989725607157074	0.049000741497567245	-0.014198932114383117	-0.2591091266880735	-0.5105435538978009	-0.029168308987865495	-0.4998911133144313	-1.0887918825457958	0.5736596748984308	-0.5740374045775034	-0.13208902079404897	-0.1497137335170858	-0.42273512068495833	-0.5138821965878219	0.38622420241574656	0.41032581594146794	-0.001995731697063439	-0.48225629984729	0.16016142989731788	-0.2360141901613428	-0.7601354454991124	0.13468792198764049	0.24290203245322115	-0.5185115194009984	0.8747440668053255	0.1777654369116684	0.4816658849532665	-0.7845660615083886	0.40719173653346313	-0.3494767438791093	-0.04033766880091166	0.26330872569491304	-0.3825371355258477	0.3377428174616739	-0.30344626915844053	0.192886679202978	0.24547253405819938	-0.1264367490560371	-0.6463212742529972	-1.1313640222409713	0.7802119967485003	-0.4352476187367868	0.20575811953683204	0.22634766631929018	0.019560046218185315	-0.012699436283063541	0.3181077749179512	0.4183901504118923	-0.5267861802652721	0.3435343946481397	0.2159894759174456	-0.4973640415150366	-0.34890843091129486	-0.31067386707020384	-0.7812160268277606	-0.5491909053558053	0.18363292969852224	0.05963929325517954	0.6269945480870677	-0.9358918407351534	0.8079799399755659	-0.44918030604440684	-0.26694130327666676	-0.48527280085051816	-0.2542135474238036	-0.14663888164267733
DTXSID5027772	-6.7678117134332565	3.35692857211672	-1.842393577862164	1.9741960346249112	0.98389273115617	1.1551809415141836	-0.46807328700816664	2.772877454328464	0.37917251667160806	-0.6277152492148631	0.3294458044078863	1.4961692427969286	-0.5389675337940701	1.6731677932320774	0.018486352597569863	0.5095277917774736	-0.9884072870010022	-0.08837180305695913	0.9012508013870179	0.004157716414400556	-0.7720679436939234	0.7644277725914753	-0.45705448039404917	0.6707905244131646	-0.2186231682340607	-1.1012850765890134	0.019964705868875977	-1.115202959327577	-0.6140324392041409	0.2876156771765913	-0.20377843846688837	0.22434272661630242	0.37985499165407866	-0.47403250427603916	0.1168667034628905	0.17264019463529667	0.4198540213459633	0.2424578293416575	0.49238488400159286	0.13576186710141674	-0.42209176952051985	-0.6823567529466937	0.041306986276668324	0.30978015545021353	-0.05451938857008809	-0.859480622891577	-0.5940359593567643	0.9791534694723483	0.18555425520342575	-0.1112429201687456	0.19505524651177947	-0.06443178566410526	0.8715316303978189	-0.23747118596130448	-0.25628862642296907	0.35987181269919183	0.2569696073493374	-0.5276828945282084	0.18095373354432698	-0.6512000584842027	-0.3256882072203008	0.046197139925382665	-0.4084350622428743	0.18852976197054322	0.1887600895663404	-0.2286243143503656	0.39816751889471175	0.6571637573547046	-0.32510548143590307	0.2958779130215469	-0.447294829358077	-1.0778079609794975	-0.23370392300374762	-0.03514924965545552	0.3296868050862987	0.4226043968235416	-0.6253967956603811	-0.44982221371613784	-0.0019719479156008837	0.3420071379479703	-0.1274161588291042	-0.6820092735956432	0.002061974232983276	-0.012529981409533745	-0.3007653735202058	-0.7519782686071317	-0.3648742798755362	1.0561217436644632	-0.40287566391671886	-0.40401597746405093	0.5570951164250502	0.0716870774151883	-0.20723871406025313	-0.18405428722127695	-1.9521453820735777	0.3990073721577009	-0.1196029362641898	0.1853437789187456	-1.5378638093912265	0.3060355060037253
DTXSID3030189	-5.543490211748438	-1.3006659362311699	4.3581190212730725	-0.366873677903956	-0.12901808118723426	2.672768240028941	-0.7836255049114448	1.3224785972488977	0.1837836962341522	0.5879918605286468	-0.7405794310193586	1.1441572401853815	1.6842999128698546	0.16869152895312625	-0.5992942888581313	0.5368688344834588	-0.6549737368137754	0.29765305784777457	0.25483813688839024	-0.08092019034126334	-0.3461856348968824	-0.04793141472686303	-0.305913030247224	-0.5706715344541169	0.6607070333009857	-0.375132305256996	-0.5617335206397885	-0.17486725950458742	-1.0794662665295471	0.389921173201952	-0.8840037083809925	-0.2017905642645175	-1.173439337687024	-0.16616120130990386	-0.43439627978034145	0.7693088828324866	0.32416785905337103	0.9167108770312782	-0.4032536553805167	-0.024405043616261675	0.26895148299617516	0.20271806879649448	-0.2369920336380933	-0.5519906733013833	-0.3150242101464281	-0.07199093106165136	-0.19852178047721847	0.6558029934775876	0.07399764537914634	0.3130024297376804	-0.1837178813943485	-0.447103399390797	0.15874532149070164	0.2166735730529113	0.6408826252412259	-0.3672932159851457	-0.2346611917202865	-0.5112593685145291	-0.16443494149388646	0.010676442332500268	-0.2896256058376182	-0.4464128507201331	0.7083523900546946	-0.17929916358458717	-0.3112655497624061	0.251907340187269	-0.041540559172569026	0.16598860075511654	-0.12984023468866862	-0.05829374335687581	0.052378021485132736	-0.4824212520294696	-0.5821228983125121	0.8021484725846374	0.0443968617089475	-0.07001681497042525	-0.39163376856152343	-0.15344319724929864	0.2991093060681303	0.7461480788031886	-0.24917511265625716	0.03464340702020324	-0.09363737824355309	-0.40497919953698197	0.2421657843588687	0.014489612175134293	0.07519652867495409	0.25639852226340315	0.7920899429726407	0.42142503594944414	0.17522573142055115	0.08859308587095648	-0.22110019546334295	0.43890863117942264	0.023576520228492503	0.008684255045716236	-0.10910998246623715	-0.17339409933078337	0.2840941404256374	0.36297950222005054
DTXSID9045891	-4.42275896718662	3.0751469514438363	-2.567161052387865	1.2625051076158997	1.6795671318008418	-0.20424000843123208	-0.7349196875038494	1.6207385045794613	-0.4626795354261952	-0.6672549314348092	-0.05726543953313658	1.2835790736229773	-0.8502697570820491	1.0907626065961054	0.03527123887207097	0.3778012892494041	-0.40228565788959225	0.6803286889399224	0.06940186310950046	-0.5114077478365202	-1.1080549792568386	0.5233363719712015	-1.6558252179799637	1.5973982271255303	0.04476482140066348	-0.1998822206660262	-0.4679494787198303	-1.5573958499314193	-0.17502556202431416	0.023881699025123392	1.2190122406035173	0.10292465434464645	-0.3601998038505228	-0.6945662298984031	0.1633269827974564	0.23512958073591284	0.9432030099397928	0.7205373338416586	-0.2797980577920202	-0.6704343404707803	-0.02825599113843818	-0.773986984188473	-0.3711952346983205	0.31772403840222646	-0.021940609486942247	-0.28910875843858286	0.5524862835357037	0.3448363985778431	-0.5386556166468706	0.5205087649483893	0.027933334934565172	-0.6421346911705123	0.1730130267491306	-0.08390577110603203	-0.9836618397999435	-0.3740779370127722	-0.3727956834741235	-1.3279032641522905	0.2500450272478686	-0.5833910710787324	-0.5360503368243803	0.30143724400057476	-0.18783415926796257	0.43114855477217356	0.356790986995784	0.28278516771243634	-0.05688616276096641	-0.5745048714614237	0.565959219760313	0.6072085807837387	-0.6908646040881036	-0.5634431958511561	0.3321367124639371	-0.06820610382199478	-0.1485102322284	0.36727647801629076	0.01840768335752568	-0.4466056281518179	-0.4943368638168119	0.6140577189349923	0.7960553733284493	-0.009005006340085223	0.6392434968178986	-0.5083011051009674	0.2424658256879924	-0.575180723649392	0.1381721027126887	0.3119807716770895	-0.9849684455984847	-0.7352820885775544	-0.7936838475516388	0.1178725979804152	0.16823573947645235	0.5146234409894098	-0.569442459955314	0.17475204001249323	0.2612155346597497	-0.38036954520497074	-1.1026800998745099	0.31223107803350325
DTXSID3049043	10.051882489695853	7.640148112118819	2.7788746981237207	-3.8449719975101253	-1.3801652878006745	-0.2874470372230244	-0.29662495066434463	1.4584720878126303	1.0413219072719553	-0.20819488393365695	-1.019156840414833	-1.0989458620439703	0.14474086690566584	0.560765525107282	1.1268017580107192	-0.4659824687686757	-0.08852067083610574	0.28499471777705027	0.7693888254151099	1.7829092918054146	1.510629898676975	-0.16214180684233795	-2.3903295678589913	-1.759981495095806	2.993070920415645	0.40868247863546986	1.864118990437281	0.4844403634479082	-0.3390895942807087	-0.6632899224726508	-1.812653536337431	1.6940119297935092	-0.030653162251866043	-1.5623761025954686	-0.0997130711011367	-1.1556694086302464	-0.1894556331153704	-0.40851851544159706	0.1923141829921047	0.9860964009148699	0.7303480216508673	-0.36605450492526626	-2.3015664132336884	3.083801242654595	-0.5523034761420168	0.1864098623528929	-1.7868794310986758	2.5542093666792445	0.9713765833473027	3.075329719266432	1.4547079126992257	0.13155284407468942	-1.9336746586306435	-2.167350580905267	0.13650603144317874	1.3729946094068664	-0.031166226467038063	0.7476137749965988	-0.5714511287346467	1.6622892576134747	-0.3122350739452862	0.043858572690855885	-1.9916046655369117	0.060096484199771684	-0.5099790093528694	-0.9471902170045021	-0.15739939530417557	0.21370493505997912	-0.21102427271922033	0.807488511658668	0.10527242006442199	0.9127202292334446	-0.04809856025886566	0.12738974652555538	-0.5352854284110671	-0.9193476750796492	-0.39972488069008516	0.31342459751228713	0.32840223310887773	-0.8000677683026377	0.2672293084141315	0.5604085206331602	-0.5534836603368157	0.03389669955249649	-0.21866896766100918	0.9432297592397286	0.12871349132605217	0.5006296952306138	0.09090219306978788	-0.09107214813297454	-0.302435222250316	0.30312110183929103	-0.7335987281797804	0.11781799579118316	-0.2274009032202317	-1.083263868110089	0.10804327189244123	-0.3710473024012376	-0.2741771989738468	-0.10992546068616527
DTXSID6047654	0.3420210561139333	4.123396499581466	-2.7382417816374	-2.7156333210143666	7.907091706434881	1.4088619254790906	0.7650199633513286	-3.0233029061753864	0.9241348004672256	-0.8222888702077441	-1.3966267919919326	1.9621289886389615	-1.9795303669759259	-0.31978736818021375	-0.18555739002741628	2.0312495120333405	1.882581341539605	2.1682787944095794	-0.14628498751663735	0.44121179004485384	0.5178674053939416	0.3575385767256004	-0.6118930653241482	-1.1272145048910804	1.849456699437851	-0.4567609571614795	-1.3308401782903887	1.4945789238606357	-0.6549140819695087	-0.34374468444635686	-0.2571935363812575	-1.3711528945714533	1.1805662067699965	-0.2323738836844445	0.20066912304357892	0.5935632176483484	-0.0736691272556724	0.021105844342806015	-0.23704049414933287	0.3977825446806606	0.11616719069927611	-0.2499303094296161	-0.8189508357276105	0.25111220089152725	-0.6449875467129548	-1.0491368998526485	0.727152841066191	-0.14827101706487028	0.16869689086690856	-0.43362593005421546	-0.07732529093895044	0.3123914031356388	-0.23633093152765952	0.2970829395030967	-0.10552056060663001	0.4957491250898576	-0.8827235719175314	0.05027616625388671	-0.4575438450522019	0.23081581830270625	0.3123944334236058	0.30243131012274654	0.23037246301276823	-0.6834330110460722	0.09659436120433491	-0.7279354512372197	-0.7417598474064461	0.15346704113456153	-0.9716079469122326	-0.3371342707731266	-0.28380437399902914	0.4844148548459029	-0.20722935964720615	0.010250022874955533	-0.7566389999351671	0.16484514637180914	-0.1742411989859828	0.6457273829423334	-0.25546394345421847	0.025682257497111175	0.1010249013165206	0.03854949229580572	-0.34948578704604727	0.20256435001958153	0.37039635178065117	0.5773002001082381	0.14739398776543863	-0.24690626848673952	0.1369721151671723	0.05489068408327971	0.037731244717454794	-0.16550203672704217	-0.5660732552436337	-0.200483942417805	0.24325311281804246	-0.3144810660498461	0.2183953579252723	-0.11125557362972092	-0.037025122218363175	-0.21293425764742144
DTXSID3045439	3.4641205350905646	-1.1671276447584662	-4.8455497761107305	2.77763898480133	-2.547557297262612	-2.20942807477043	4.306402163116675	0.8184494473856089	3.2355085460849544	1.2700939868597436	-1.7830393785708127	1.0651502405039404	-1.9729890874517366	-2.20884769781142	-2.778240023394074	-2.5861042126987557	-3.068647256973238	2.051078712730926	1.1344736734568055	2.776273064783789	0.7790815983050905	4.548605323362333	4.451708831015181	-2.4657541511229484	1.5226991954640545	-0.2996278796801272	-0.023309042251713607	-0.8067649536729347	0.6238031557941226	1.4420468507495936	2.157401978885575	5.547013693461249	-2.2593055426199276	0.42458382854321647	-1.1912799740330127	1.0643468826471134	1.3598101507797993	1.0069306689510698	1.7429511169258656	-1.0049371000285754	0.6886025963343019	-0.9510536729721359	-0.8256518073243212	0.054346460027571535	0.2235186891026353	0.8501835316383436	2.5912544531201305	2.0713125299498376	-0.5936353189020795	0.911106650251999	-1.7011834987351766	1.0254864597826143	2.7424469417220925	0.43382495251826286	-0.201001490649296	2.000088476728408	-0.4536327615582062	-3.262584430618051	1.959184808603447	2.1196724529155704	-1.669927545312462	-0.09758089680675765	-1.5082481935250431	2.7955913599088555	4.188744133072756	5.6208640815190405	-2.3093110734252424	5.647445451066768	-1.1981599520463229	-2.953570070929408	1.4942407260952821	4.670039776491894	1.6378899188831797	-3.151384213111903	2.864507897911068	3.813231099507299	-1.8494996351378956	-1.4458392071472732	-3.913290379776725	1.1068531687990095	-0.04389791026457831	-3.343055211436289	-2.2682343447043722	-0.3056226229504158	1.4145915780343101	1.1421167340857061	2.6641585155808367	1.9211227135157163	1.2248082633812838	0.006869776708856347	0.5976962543089929	1.1493047019511486	0.21247772015506788	0.028798265790721266	0.08843644545042116	-0.28136274944558204	-0.4688761312449263	0.23075371867973787	2.398234258644345	-1.3291940694198983
DTXSID1025726	-6.412767752323009	-0.9062283666609493	-0.7730877375154683	3.787348920965995	-2.086752482938664	1.7831129165746984	-0.43740875144716596	1.0752878259533498	5.035984897080716	1.597889970948226	-2.5611245535279314	-1.3970034825549067	0.11636100645098096	0.03624136962954102	1.088395955257854	1.4396667190557322	-0.12971635846503238	1.1321135577150205	0.22211588813070005	0.6099849858619769	0.1366311817571336	0.2596475792293647	0.25187042004790045	-0.057975714553604556	-0.8145333430568406	0.3780302916679029	-1.069338229432043	-0.3432777651667619	-0.5591644828446657	0.1464764252154925	-0.6669599522524717	0.13944836509848402	-1.8163113676644231	-0.503889656831917	-0.6810732622120614	0.25237801474191857	0.8097337838187016	0.43174201271310564	-0.2926304595462382	-0.43591329975957016	0.3677410691947908	1.0287906758259653	0.17173151918738078	0.052536393887517255	-0.02116013090564747	0.30838473997030186	0.3135069596714062	1.7247067793386868	0.13708054279881163	0.526687048156278	-0.8783116718536612	0.5066338131085639	0.8078168662644525	0.08727761478475149	0.8022672545224857	0.6214789635559218	-0.2518648521320944	-0.49044956563060976	0.9720510104276195	1.1067597916154934	-0.6301404644385948	-0.3399468018254701	0.7293137449483077	-1.0422862058995048	-0.38407983022325987	-1.4596294001381136	-1.1997043389719473	0.8816701242294311	-0.02624644034898327	0.5332857144008856	0.5660510649975566	-0.6730858724231379	-0.775988315594231	1.0633973202733455	-0.3793473695653422	0.36831145004742755	-0.4162979165173625	0.19108767620687261	0.3124205614208785	0.9335343182580439	-0.20873634170061753	0.1426631587380404	-0.15536532084905927	-0.2979027629915744	-0.11105346832667647	-0.3049419421921452	0.029784988778875827	0.01563843457554884	0.33691990905634583	-0.07868367837890047	-0.033082328160677014	0.19290842092504065	0.27393870042436086	-0.4755179476962682	0.4817836782184982	-0.6166309246884834	0.4235347630907582	-0.8613501904734693	0.2731265149492394	-0.47838939993379853
DTXSID5021962	-3.3333709638131417	0.28053061627258713	-0.4252095052080147	2.157955175489284	0.815025647925836	0.06307737974631426	0.3008590063633441	1.770156343728273	0.08199099175503034	-0.03130347607795584	-0.4674094250916501	1.4443366133803424	2.2664655778852025	-0.3943641166299439	-1.6635783530666612	1.0553458172776118	1.117279121935213	-0.0399619721518004	-0.7825275175270214	-2.2647323534803587	-0.574414716392564	1.041445730795832	0.7671723987951383	0.9016752197603738	-0.755776892713246	0.9654826686107906	-1.6762324802634894	-0.13929404746852284	-0.7884877185247315	0.3453875710353092	0.7283606660922324	-0.40772387003098615	-0.980392335117759	0.49888608200858386	0.17506555896843784	0.3848060160244563	-0.25341436980900306	1.835772434504837	-0.6506389646212162	-1.2624383615591792	1.144898266053073	0.05078664863709016	-0.7605372917054621	-0.9981993943899045	0.8220301013532032	1.1829545416163925	-1.0947912057616027	0.9784646522443765	0.8279323220557125	0.5416397643016236	-0.5677304833628424	-1.3501088446589886	-0.6019407995469429	-0.23852017711963977	0.15698000612457536	-0.3965951145999164	-0.9617057660795091	0.032470260927064225	1.1500514006001168	1.010891977509387	-0.37428137990412635	-1.1810129192105598	1.661060837954094	-1.0983380519166746	1.88494329596285	0.9953054193406271	1.0423277353589984	-0.2441085942910145	0.5395450635292282	0.9938116025391481	-0.7195037473809646	-0.7521054174543	0.6832223781684968	0.6966415269524793	-0.5241368971112841	0.18978350796450663	1.0215718134581053	-1.0326487738484502	-0.32099507488592244	0.12571158350726963	-1.2512853519789235	-0.48727535041145636	0.4229091314821189	-0.5633784129808791	-0.7579211491351109	-0.5519896715121694	-1.0898557495057206	-0.1204607535326442	0.5739359838278227	0.2759402054633866	0.9753128142484154	1.21370044253513	0.8617170042158666	0.2735314110702615	-0.15381299833792902	0.24432997182704758	-0.8392304667521668	-0.3491524558507982	0.23864304142069023	0.947264495152013
DTXSID2046757	6.242294836120683	1.4627466861848664	-0.26536813097424866	-4.739321401085726	0.9642718470697109	1.1443971149873038	5.570771960616845	3.27832208668361	-3.1626582776235446	2.31686084145398	-3.2844948977779307	-1.556783018474683	0.8389817202105555	-0.6402307205975285	-0.32109492595732214	3.0391127155461852	0.0804641753793238	-6.683308634061915	1.1897806789084884	-0.9454732543082838	-4.043658481766066	1.8795852657464456	3.019789904617361	2.87158127150142	0.7336495844926761	0.1095376841643305	3.2026349785186046	-2.441488496137876	1.525089927198758	-1.0141260362787063	-1.1460565774520333	2.930352918401171	-1.5705362429941467	-2.167334455506209	-4.599879630349051	-0.7908473106144782	3.239835527876208	-1.5187952239640288	0.7623983262111372	-1.0146534133146965	0.0917928082584824	3.1524155133389056	0.6767280099968678	2.9231908904673545	1.5295634176106614	2.6835930004334263	1.790374074583886	-0.05028749218875587	-0.9067550636835044	-0.784431570479292	-1.2730143085570522	0.044100362320161006	0.2267076158811552	3.2577328156525156	-2.65281137235055	0.6614623113222486	-4.17143308930197	-3.488371127752933	-3.517746796627076	4.635786751561299	3.2733531965324816	-0.4559533135505459	1.666513892172627	5.540969709755824	1.465328001401137	-0.9792456229636989	0.4213813486921358	-2.219653009331168	-2.7556628057999606	-0.32355292899190446	0.817258371617912	2.8168240273080696	-0.7128077312998891	-0.48777895592209	-3.0728546714206506	0.7890027443559797	-1.316366951670799	-1.199985122658587	4.814386922916177	1.4901857311117794	0.9345699918555743	2.4729653887639897	1.6451110403718594	-0.7707953511356408	-0.554620817545268	1.5734596185253793	1.1163395608042557	0.08348863425283266	0.30940926015825415	1.2084547029429984	-0.03829904231369422	0.5276702046056094	-2.0977278891603115	-0.2513455845926102	-1.453798110128275	0.34252552450153884	-1.1809696279566295	0.052040784882938194	-1.4897571861557575	-2.231406160558878
DTXSID6032061	-0.49423323279059933	-3.3617505386273443	-9.502214061299606	7.781366938460088	6.834069506510765	-1.3075544492852773	-7.073672461240089	1.5270385654439684	1.092066182241371	-1.5229225636645445	3.589713017478681	0.3898850114388226	2.962765641507316	-5.212334129192301	1.5646053590963047	1.3009302227291737	-3.154549320796131	-4.3289736523555975	2.3360251533402563	4.279984757145914	-2.9605413511236476	2.514175288105048	-1.059762029542924	0.0007757713212715549	2.877187690079903	-3.987600274346822	3.116422951718509	0.7789707884586653	2.306205153001301	-3.10847876524875	0.4758937210366809	-0.13610554939119934	-3.033694201265553	-1.2200426206625694	2.606239579596588	2.245323077467154	-0.5613254353276674	0.26638092765511584	-1.3188761281784405	-2.314078047353178	1.2972432722094047	1.3250290389179593	-0.7497099777852012	1.879326463488017	-0.20487116059654276	-0.922174179353566	2.2016843143916525	0.6899134289226081	-0.6648590043622599	2.780439532406565	-2.5694149688260293	0.7961655545855745	1.1219284662008655	-0.32880349166785827	-0.9039283490419645	0.10299701004842192	2.017673482251892	-0.6809542531365184	-2.6469472924646644	-2.7469023039498692	2.1349667935571714	1.1373458725785799	-1.4917307050267825	-0.9399395213593378	0.7987524114133985	0.7421522872884129	0.6832649309367186	-2.0213571199712823	-1.1593824638369032	1.8255847782734447	-0.6625467140994048	-0.24538456007610557	-0.23831001867556886	1.1977119191404075	-2.337919289853715	0.8475745027511424	2.962464028415491	-3.6034056499120997	0.20094185418024219	3.4590035031489124	-2.040009252007082	-2.681521839222836	-1.997196843037615	-3.0150442713733105	2.374661377034989	1.9240044590517247	-3.8624504449132044	0.5594138428447946	0.5570835434831797	-0.2189198312404317	-0.74751825525051	-1.3432294729956087	-0.6091304941347471	-0.8381902368757239	1.2898820276768386	1.2820630487504516	0.45562722924751925	-0.8171934825891488	0.26895344997896986	-0.2445277122435845
DTXSID9047093	-4.944685121401246	3.2036657958080346	-2.9206988478912264	0.37888494380508064	1.7469911289667128	0.8027349460731233	1.191519604296966	-1.4389266040621056	1.434932169480011	-0.2799952140932698	1.4523922412616472	0.926562901642334	0.5304798597006005	0.571358751730239	1.595984271869166	-0.2789052749645916	0.9580793796493152	-0.31669122924505133	1.1211602748657739	0.6448130507910942	0.3904947355401787	0.6990291902183492	0.11839206016213585	-0.8983045083203121	1.5383539314311243	0.08888231623810415	-0.42639079558126264	-0.24119809736280245	-0.7162953686406757	-0.6666057364090612	0.06932628012875953	0.5268083340431235	1.1539893932381513	0.13380261276031266	0.15502793472555615	-0.014465985512231955	-0.17412920947102323	-0.09107120266077434	0.3524867639883578	-0.22833646785700648	0.04026744816218296	-0.6737299267361193	-0.21399627963414355	0.466700080756652	0.21667224681371808	-0.4672962174891934	-0.1743650878883217	-0.31851394268246597	0.01915663463573561	-0.04590289433345751	-0.04856489079676169	0.32848957290660385	-0.6147887974525427	-0.36350732260771534	-0.16805844372083562	-0.8460979480286789	-0.1002958594268455	-0.34805453461273256	0.05446746465597386	0.39187961407160504	0.06845131000691743	0.011814039881986937	0.7488791179457812	0.3101315793757805	-0.02448170670981988	-0.51467019430803	-1.351819275814246	0.21989899597504148	0.46842124921438955	-0.35543364609281886	-0.6824000134008681	-0.7657579412670381	1.2791173405659892	0.5107145338302781	-0.49066668861508983	-0.11404913732046261	-0.7535144039387459	0.5212592248720762	-0.73779600992722	0.1381091015431667	0.10292621551804029	0.3905644016415968	-0.4894452525873546	0.20698799313676378	0.5374048401180203	0.3135166446617629	0.5331212981074201	-0.5876720806850256	0.5589667105701015	0.9300746342361474	1.245572737663122	-0.41684160616116495	-0.8223709969759488	0.18520873667633847	0.48968055443813346	0.3240860335141267	0.29010794426882974	0.29917639985358563	-0.3461830309456149	0.47291082668188167
DTXSID1021619	-8.420157248263196	4.0352748026192184	-2.8952448239198394	1.083220314038088	-0.017227888891082496	0.32950989286957105	1.0853112445469892	-1.6874734175458121	0.6217387487465109	-0.7104240557289969	0.5484593469491142	0.7953846242022895	1.4311505743801685	0.6745397451662744	0.7217613389496651	-0.3847681726685347	-0.7492009238650394	1.0321389119307678	1.0922089876008871	0.3392056322814587	-0.4961671237242239	0.6873726055427616	-1.8966539390690695	-0.2004622923113363	0.8946035605957445	-0.19488679716652343	0.5233472439696549	0.9739947624700748	-0.742753791976424	2.581231159037832	2.2519834988835363	2.261813244726597	1.6202524774319054	-2.0135808015025813	0.24073961987162393	-2.359477515968736	0.5931902530859475	-3.030152379527162	-4.137994830451717	-2.098729232098086	-1.8128765614784983	3.498581947529899	2.016406417741538	-3.2350070061769016	-1.7373831275717724	3.282667555203719	-3.8911930315468	-1.4943189887974722	2.01000301217633	1.787214257804279	-1.2258594150188198	1.947961952665075	-0.0308560934592699	2.2158822617990133	-1.2345518946892937	1.1190262934556061	0.975711570569783	-2.0011679586288893	-0.7582769823815133	-1.9511938685280765	-2.3212239345843786	-0.05769995124887319	0.46113698299816336	0.7195579424854132	-0.148024098486639	0.8888385548310725	-0.15226662397729276	0.2282446127829612	-0.6107512478332479	-0.09250216128303292	-1.0380715743385218	-0.13468075885652933	0.42066232522391034	0.43991730176792204	-0.5061340420111853	-0.2827837637143876	0.21064886265188457	0.19172873411374297	-0.5723905099438394	-0.2498917660296537	-0.7815334523368556	-0.3144506766986613	0.624578384076129	-0.15625299310087654	-0.7322159692284652	-0.6577407443590582	0.31505655369987584	0.28795272629561686	-0.18987507048207095	0.7028882415004138	0.12741863364367906	-0.1750220654595566	0.09523841015062275	-0.27825526666010403	0.17494349315391539	0.14153920305543016	-0.046933222862421194	0.061483249832299275	-0.32499489567893874	0.2819316702948047
DTXSID3034531	4.650462056886197	-6.269244131406814	-5.6727076817917705	3.153477248752806	1.4074389582219164	5.182596600501144	-3.4731283572502294	3.407607264924399	-4.167807418680294	-1.2109258102794973	4.818825263458666	-2.197803043319208	2.334596032451046	-2.7914563981687643	3.1214396733070955	1.2648036795499873	2.4334781653738258	5.46864026654284	-1.5814527387496358	1.600835866543823	3.024154521379497	-3.3090807891427727	4.205005889564291	-4.375471144919923	-4.957428386739013	6.308258838610572	-6.360490339046022	0.3458314936572104	-1.257829484374653	1.0320807723852503	-3.5434970352812862	2.508224953725039	-2.6030570715548786	-3.537716378213446	-3.6696942732377336	-2.7475163122134023	1.1785035531033823	0.7163829302138734	-2.983476729440382	1.5648342506209845	-1.836579221718918	-1.9201735122158299	0.5901798640545268	1.7726775899223712	1.5967550766941903	1.316185817781883	-0.6314816346333223	1.2842009774146046	0.22609143836937007	-0.01827759703244465	2.6702599417820387	0.12814102388165777	4.106886936314271	-1.156727300560682	-3.1360158516548764	1.7894278878500585	-0.835075619874195	-2.6928331595926878	-2.5118523413234843	-0.4580423951583168	3.6506610132574524	1.4576508736829026	-1.5696645675819887	-3.4753923086315903	-0.028912595432001833	0.9920346515128096	0.8707813986170669	-0.724614913157673	0.13235511047761875	-0.7829963139811263	-1.1136196690543607	-0.565009002693229	-0.07323107971664666	-1.1199860242844173	0.5146446483936532	0.24355284198148355	0.7188723669290386	-0.45858319324481883	0.15609057434278592	-0.19726571006601948	-0.3737106806548671	-0.11310459850331284	0.5809515406486031	0.3318409309074761	-0.4543945281192447	-0.19590107690393016	-0.09720635055435368	-0.10982987564507535	-0.8011865198385365	0.39967449079208983	-0.6715781115176078	0.05142372801819285	0.13545430965558386	-0.26523663074189685	0.4309919046587499	-0.026326909742061144	-0.3507032795866736	-0.15534044415919324	0.12213230851464921	0.2769050563122612
DTXSID7024580	0.20371448162793968	-0.8277596652720752	1.31742591717449	0.3419212896264928	-0.4525211856287342	1.4209148328472725	0.020350190800997273	-3.4184827616146656	1.309266962520984	-0.035001156571297674	1.015814876261694	0.347384694004882	3.9247210363811647	0.9390702005947871	-1.7039783058173672	0.7228207294800859	0.09915598190461883	2.2659806045706348	-2.000410998393438	0.18110642577921401	-0.5697709774312728	-0.08374869870136666	-0.34883462516575786	-0.5075475200141766	0.8575460717749622	-0.2970017418554429	0.2761901443979055	1.686030804310261	-0.5076467651515075	0.313211370041643	-0.2957309499019307	-0.19277737622674723	-0.45080327114735097	1.4676058911299075	0.31943523325165746	0.3951491184013331	1.1056982041211336	0.5561954402110972	0.46262266266361174	1.4438960200295052	-0.023200078801231695	0.8492565533524367	-0.8817639557044092	-0.5410303657229918	-0.3197903477293011	-0.32596318741433455	0.5857095089253673	-0.06363396206986723	-0.7836394193346684	-1.0371669454563743	-0.5515214526602337	1.7761072639906108	0.3495520356250036	0.058924408028393466	-1.1150473718009355	0.044562137570641355	-0.06859008211775003	1.0794796750392845	-0.726478793302675	-0.925770746860131	0.3345554485687479	0.7737515262573679	0.506569280854359	0.8781204350520544	-0.945233875245513	-0.16161270088622867	0.12360620461624501	0.11677369111660454	0.5906515513371147	-0.6957528781589148	-0.011257904001931635	0.1637852912309435	0.6346862172990969	0.3401701395204046	-0.43570435385690276	-0.6218721441575542	0.4501056710900081	0.006193886457371364	0.7514924473531257	-0.20842308266072748	0.1051731253503125	-0.9593038418493308	0.2553914983074448	-0.9558296161347843	0.37615668643133593	0.08564221861599859	0.6025982743686058	0.49256964962349375	1.0548309834766083	-0.2306447671197427	0.6108084846542482	-0.1475254422122335	-0.8913418437890522	0.15519452602191644	0.257856309606526	-0.43713490962201135	-0.35315475562426596	0.4099783359304296	0.160801127134915	-0.023010450339862785
DTXSID5027063	5.076258213539773	1.0519755371205666	-3.717158594818815	2.022905788653166	9.327758409262286	0.16589050479561035	-1.964912850693498	-2.0707399124749446	-1.091473676283958	-6.326397982094312	-2.2323888562681637	-3.4067506582371188	0.20358313758790297	7.772875821857299	0.7458814064375419	0.02524320309293739	-2.14481727010979	0.6785281600981882	2.7414296052580203	2.4894562066717754	0.6047830979510778	-1.0782611559340816	-1.1787578604758564	-0.4380377963747462	-0.675467092379092	-1.4919921873002402	0.8773549306599804	1.2758696328539232	0.2690169556235495	-2.222313643409749	2.684304679570209	-0.43660763692430676	-3.0825947211561853	-0.2661725141721596	0.43056855911458836	2.061835001730561	-0.14492759643316136	2.132416312571535	-1.1986842881389055	-0.2506730222111895	0.7747576946915858	0.12065865357190707	-1.0184841058949754	-0.737983499153948	0.38535522715362147	-0.8733670996204571	0.7031256448664922	-0.8118793094636422	-0.6665400571030874	0.7617109888590015	-1.2678218771249123	-0.05667968159427346	-0.3218094187635214	-0.6702616372400998	-1.234589141293906	1.0623660263990804	1.581244135478406	-0.8993538118479495	-0.7565410053782318	-1.1752662576677546	-0.26590581789136747	-2.159929270280357	-0.0408212013004938	0.6798902955736998	1.8464945055564426	1.4253261407824416	-1.4489402561855476	-0.4405421418682655	0.4050100943447243	-0.26301719592141937	-1.0730366455424065	-1.9565050449065913	0.0002987677345686781	-0.8812904055062873	-1.0573165117400214	0.402059965135185	2.009223461932233	-0.8507213967996448	1.1633870769718035	-0.15705842241059123	-0.18009008749538594	0.7466246376395962	0.36626349960592136	-2.2774436312490502	-0.16181543521063263	-0.3976496707174391	0.21619354322180998	-0.3076555376793321	-1.1666328922690197	0.529623453814456	-0.1647774175934986	0.7544479715835088	1.1578035124773507	-0.08848703695549404	-0.12393643735675493	-0.08073366878530543	-0.10894577109365958	-0.7097474005606159	2.240173512586649	-0.7944937165425636
DTXSID9023463	-4.429080958164498	-0.14537424607506164	0.2826504519147838	3.119865395479504	0.8400063407199263	0.21977626064171407	-0.48204151462251116	0.008920121523317741	0.3286574138131383	-3.412199868600296	-1.3598118962792631	-1.5314644303438174	1.5468877164508754	5.156980133862177	-0.3327072018752681	-0.8769900165530021	-1.5413172154304404	-0.10590550981589249	2.6425390062041005	0.5226368706596173	-0.36023564121119767	0.5620442185134442	0.07795719940227248	-0.36315703980872105	-0.9014776451679962	-0.8710473416353326	-0.5767266348187846	-0.5520624040836175	-0.5389947788599244	0.0005868031070979786	0.40457648761488374	-0.1987794778071902	-0.9613121079791104	-0.5058552437270241	-0.38713209830983636	1.0477167225709065	0.3206164491148713	1.8653232396240498	-0.15412246668103624	0.5299295096127062	-0.03539257783949089	0.11671152035546539	-0.6435532383850097	-0.5906676716517834	-0.22221440090905228	-0.7807245124841642	-0.5225874905406666	-0.35798282621391697	0.1312749815406971	-0.10193822395874422	-0.776016931685324	-0.5858233171930176	0.18216973521709	-0.058888273843999646	-0.4416351439676549	0.7432304855361007	0.23340010797285396	0.10024921334187614	-1.101390653596557	-0.6146882990179533	-0.15296515522248955	-0.8097667176565951	0.8119889617957163	1.0287058838570409	-0.197713535526397	0.6327514226111217	0.3088318261320648	-0.1008583414912997	0.012365669698744315	-0.005117577428667063	0.050763109910936355	-0.3718202780731614	-0.21861017151293155	-0.14102498005942996	-0.3705880905385044	0.22620958021102822	0.16590196881798108	0.006621248954248605	-0.2722632583429297	-0.056805447286412895	-0.21104301643310516	-0.612181584695926	0.1318614649669922	-0.4742191146224452	-0.08071469758343305	-0.05832392540082704	0.027100591544119933	0.7270024491684549	-0.0702912818290839	-0.0488743689531665	0.06066024500995896	-0.524889798764085	-0.004479632315932528	0.37381712779919446	-0.5264884664853472	0.11459919192596073	0.01803895843129602	0.6376284940088266	-0.1660128694297637	0.08628625986524402
DTXSID6046638	11.55500089996804	-2.0015575373807803	3.9104306724669837	0.5665157757418331	6.233425535843873	0.1238045530263191	-1.41559748020046	-1.9421209009716633	0.5292091305633779	-7.042326394333601	-1.1855097479960564	-3.621362599389081	-1.4882045572806748	7.538497266313852	-1.2128257212025249	-1.3873633646022254	-1.788127306834681	-0.5751549180365297	3.33455842201251	1.1709717692713917	1.4498362111923657	-1.418201567823646	0.8484731350860298	-0.6110300498108837	-2.520113531605721	-0.8223080152760153	-1.306998171312097	0.796152319739096	-0.8817313755978634	-0.03418110484772924	0.7376942043714786	-1.1376480113480059	-2.105368824719943	-0.17665371663148347	0.4131261525652292	2.3246670209531466	0.43406182130991755	1.11346828835967	0.6808116062365542	-0.010111146043635026	0.6146650971547827	1.5217097268201596	-0.6668731362352335	-1.458768505645554	-0.1535268043988393	-0.7109910542677106	-0.4966988960234486	-1.493499279604041	0.6024083922054664	-0.4949453306809513	-1.141858625006502	0.8697119516818649	-1.8327824192221087	-0.8521678425677257	-0.9783184126718797	1.4801566439632037	0.9565215340088491	0.02855254453899706	-2.3434242458416743	-0.8571318133373884	0.757288533837926	-0.9701941620227383	-0.7725272378840521	1.5353367637132878	-0.003275596659234027	1.046618708514328	-1.2035594632155446	-0.017420433891920453	0.9443986854936055	0.7633121858335882	-0.32294823233664915	-0.7640497543449319	0.6676930090775564	-1.3284555104409705	0.6362793424628582	-1.648185315099862	1.6680275649018823	0.18612991306090482	-0.18005228323237013	-0.41064529203960176	0.3464234508211799	0.7492615937616699	1.5385254056625595	-2.212108835045753	0.15429022215270155	-1.2893958590151775	1.2127191284471373	-0.07172384753468472	-0.41173259562200654	-0.6212915942282058	-0.866514184288907	0.7485374044939623	-0.27545253367951755	0.1945278341140824	1.6749933373161259	0.3701110189367133	0.572567557876595	1.0212439344023305	0.5068066638079534	-0.1562572372928356
DTXSID1023495	-5.1856863595460405	0.09045237679602486	-2.3340966417622986	1.3314038666883885	-1.3217157059001445	-2.108739337595477	1.4807765718027537	1.8345896388998166	1.2803449478475735	-1.8137806201499038	0.5242226174075874	-0.12136722179598919	3.2370663837633815	0.12774773570815823	0.7736750024882436	0.2905676627265769	-1.0704650527963182	-0.8676746230379799	0.34508244510515573	-1.0047286214743953	0.175493548968499	1.7362067405198998	-2.4780166603456273	-0.7833291292219651	3.216882721434848	0.7946221536960152	0.5238754632163052	-0.40203756160105	1.2601886618235447	-1.0257113996785412	0.5711276576163404	0.7652835212606381	0.7208701445060962	0.3677204139281561	-3.0804978481006744	1.6614380751943378	-2.8276686690427155	-0.7690813616076094	0.9101938128477101	1.0778094752976897	-0.2250896572227415	0.6281927452153232	-1.0515208360384931	3.9751691230034303	-1.9770915015653823	2.124771412518946	-1.5116205987260831	5.348960672447802	2.4776297896146806	1.0291689762395182	-0.5096659704214461	-1.5285488655030954	-1.906440198202612	-0.9747595173950677	0.8406467380812854	1.7197096487877332	0.7632159054753895	-0.6801464794302341	-2.4605058315226302	-1.0449423107616334	0.707236195081711	-0.01241717170234216	-0.6134660745060212	1.067968556979443	0.35566389847734636	-0.045076448614261126	-1.6317602122938548	-0.08719037267176906	0.8266679753881399	0.55284396230052	1.3741595479627406	1.4874943025147493	0.3998933389544031	-0.8606521281074598	-0.17934452449611635	-0.8239103065590246	0.6687221014613923	-0.4384799327956056	0.16993739360734114	-0.2863800082890381	-0.933963247623619	-0.05319884424058352	0.22732225933685798	-0.6911183690053981	0.06651243332076287	-0.8235378487872218	-0.5245854770906263	0.5979150773424061	-0.48999556683023743	-0.4097273787787981	-0.5024294491869002	-0.17109497227959553	-0.02628512139308062	0.3484432098854369	-0.3192815708488103	1.13238811910943	0.26196136861281066	0.19188644084822606	-0.6683049544278493	0.805243396228707
DTXSID5048974	10.888216385844956	-3.0119768511140186	-1.5170609424283112	-5.304270325130539	-3.3391927658627822	-1.2130071923961379	7.0346811817712025	4.831936526721609	0.6235218472830267	-0.258188214556534	1.4435983164662094	-2.387064265756747	0.3316907332228227	0.8133797024490168	-2.0782993028181784	1.0167407246506834	-0.9626853125828895	-2.6082021233608526	-0.6399418676671034	0.27573366697369683	-0.7641763577432483	-0.2962728319784348	2.1341601943078845	-0.46543276100581493	1.2646080891802391	3.5744338291040227	3.0766882114596283	-2.3563842602366747	-1.0194279066446965	0.48286852866476415	4.035826368232524	-2.28106015913522	0.38607966075176353	2.9526896852634366	2.6799641388411675	1.169437545671886	-1.3679486650959378	1.8879721441337742	-3.207446921789245	2.453357590987291	-3.7892439892847247	-1.0527759941091206	0.04797273582118347	-1.8096809578463002	-6.0654604963609255	1.7957272728324314	1.370082411043889	0.8391363835123301	-1.6932328853935454	2.850821604734493	1.2343822409665497	1.271351462175273	1.441499326024659	1.9400271535449185	-1.3746740116423906	2.4784370708081567	-1.5044562057342872	-0.7023752721126627	0.7501660125289089	2.6574975565623107	2.1455169731026964	-2.0161584692728387	-0.13879774260646616	-3.039778890030706	-0.8530686199475305	-0.8089222770680332	-1.1687202875353708	-0.8076208629558386	-0.12500937815824045	0.6537728899739791	1.3972284081236992	0.29036786310928675	-1.5774900547740291	0.2753384688079412	-0.5336368065337017	1.0043923925927434	-0.5482843977773632	0.01732578131085514	-0.41800355486501667	-2.7323766783791075	0.031780455688802854	-0.45248563770431605	-0.806528558855293	1.4562059991667018	1.6361533710740228	0.2666511576997493	0.5066381484735119	0.6614285151973919	0.31195425573509916	0.4618419340747996	0.4292028867176243	-0.7439950673862414	-1.6057760970473272	-0.16655757256240716	-0.19813079558363256	0.2712922271192736	0.3705889705138082	0.4586264628002636	-0.18153504390288186	-1.8150355385061583
DTXSID5040675	14.162036268199888	-2.550139059704698	-5.507361821290546	1.0087295311177813	-3.47053786385206	10.23070204702503	1.2521159843978766	-1.1223752288019306	-3.9753854238346	-6.505819689243773	-1.2098020531943678	-4.875885610338576	-5.44544496132545	-7.383697494690146	-0.9548395079791696	-3.9660505066903866	-1.3838872259876251	4.654333802801555	0.5152104071107007	-1.8944171622095427	2.3963311093324773	5.422103519408875	2.351434266395748	-0.4103885709555542	1.8962691501012814	-3.5053648881064707	0.340550001012803	-2.009163389552944	0.3126948023989387	0.7705103747046802	1.5292695754225107	2.0996571125676837	-0.6301503907469045	1.1062969450451192	2.019323266498127	0.8807631628836912	-1.229517743972691	-1.1160822119360643	1.1137102713687566	-1.0693668068582114	1.1256558414208448	-0.35092566968054895	1.167306884270047	-2.0976602632183914	-1.1843155107777632	-2.6517782911021874	-1.65551772835659	1.4944750807347635	-3.458371325464952	0.42165977918699726	3.50487850777058	-1.1068281286637274	-2.377461552178144	-1.027957535433842	0.16159046513827247	0.6787072145373866	1.644213857767463	-0.600484201476573	-2.634930433022257	-1.2565083200064509	1.6830451258893837	3.2386509624377458	0.7929812105234229	0.6850531619968009	-0.8545151178886875	-0.800251218510264	0.7379392292976003	-0.30307544220611154	1.631204776338935	1.815297155332626	-2.3653552840951853	-2.4370786469161274	-6.295976567515012	3.0133862325870058	-3.8612239030667466	-1.5168438204795422	1.734241956203387	3.4948043103068933	1.1376167406010678	-0.834375468226013	-0.052523782720933936	-0.8815614338044615	0.21503629711627079	3.5081784439662305	-2.7714354410295376	-4.5255934653475105	-0.12547279587864196	-1.5818312212982464	1.604248730620301	-1.390248075664135	1.5757004918710518	-1.0488954733013953	0.2447716485052878	0.20600157340124745	0.16571929545697292	-0.2467507064860472	0.20443238023387195	-1.9299334388835725	-0.323281885877656	-0.11813907626928485
DTXSID0033754	-6.99877755880823	2.5091180164894165	-3.284080578886768	1.8938996995338246	-0.8580146596747659	1.0463435427934782	1.4188263586042364	-0.5542947503264302	-0.26381539304725193	-1.4620259498452124	0.47496089708657163	-0.28558747833323056	1.3673803688861679	-0.21649644035728693	0.4300485105790217	-0.4050398427315757	-0.6924756655280163	0.8059900105807536	0.23917706054898555	-0.2344018696311179	-0.3667735221753028	-0.4405506177061195	-0.6689882775373853	-0.15944567612626062	-0.6693955379305048	-0.20047152963362044	0.8969867182423304	-0.15936863161054796	-0.43338793601728015	0.3613702473968642	0.26324032859447544	0.23745538778941583	0.11992524348737205	-0.29519497682878226	-0.23166720530953	0.010176874985511347	0.5706482551540774	0.29165535889916444	0.33188122966763234	-0.31111310044202356	0.12188120280702988	-0.1481766481541279	-0.44181895166978086	0.38468603892582265	0.16234867461113361	-0.6026560393997746	0.3532831767619391	-0.09095227042594957	0.6235986311011431	0.26463116449291396	-0.26165481972189436	-0.2879212709256572	-0.6309145465808842	0.3086588674844173	-0.5098579405049827	-0.6001270850542628	-0.9204387416499743	-0.5294597999960539	-0.5726059670844107	-0.4206536627408389	-0.03541281335261029	0.2605823137043818	-0.30729720747732503	0.04816952147567335	-0.5065869821120567	-0.5304774945620175	-0.1571422286025799	-0.1500334179131492	0.6227512135439929	0.512019819639438	-0.28765074983327854	0.14877850827606143	-0.3346402427421325	-0.17943247493555883	0.37190152274660837	0.13469604799404955	-0.068523866459643	-0.001868430060245634	-1.1229871409341061	-0.2867745486861308	0.0756717021294616	-0.16455267767691256	-0.3471690203246143	-0.08231677563045382	0.11918672793482006	-0.4562193125299629	0.2956254988040208	-0.6371341140268388	0.1216183033953557	-0.33505358742162167	-0.12401471360403533	0.330560289556111	-0.17461313041796295	0.6067753950981077	-0.500868396362893	0.32527551925258136	0.27858019430586933	0.3320970523318369	0.2340393489418563	0.28975566895149196
DTXSID5023586	9.405804757893751	-4.026706842877021	3.402033956213071	0.8180275635750817	5.311693905835178	1.0993247474626875	-1.117163335192077	-2.0211473345721416	2.565570939615295	-3.4479189597935544	1.7028475169458674	-1.558949815586183	0.6741354631566502	4.430783288081853	-0.1123992097918334	-0.3382259833568736	-0.35802082063190327	-0.3637951326556882	1.831815126565346	-0.5226804827007633	-0.05771558972300727	-0.7729780589424019	-0.8320905299244457	-0.9696315287978235	0.6911876599953849	0.417452198289844	-0.04171996232761224	0.5450065700389243	-0.17046004484383914	1.9748985911564283	0.990009053850339	0.6955881830654204	-0.06293703669105977	-0.7123395976108738	0.05516932907151882	1.5546457951013284	-0.43923933307094976	-0.253413290585614	-0.11337787932785849	0.2039314350365639	1.2992416847228518	1.5990600955231904	0.2246291783839079	-1.2703103540726877	-0.08557540870282603	0.03779379188964523	0.4428474782075728	-0.897062924383658	-0.9567383735413838	-1.621759272877575	0.38259819238519743	0.19674768536322498	-1.09761535708825	-1.5140313227075182	0.2736595194800969	-0.6306003768224421	0.8612506304937739	-0.3424477870006875	-1.3082948939423857	1.2677156300633323	1.6668777395104055	0.06134182924916531	-0.3828307988076855	-0.8854433565976355	0.9156910160314902	-0.10796814044767951	0.6764047413961911	0.07368952362907585	0.40158060259549494	0.021478555263464736	-0.17154123952597272	0.9733428664885805	0.03467748235172333	-1.7965096323901615	0.7318308352135016	-0.07867699781218333	0.035508018782746543	-0.4545734820221022	-1.2113388126696982	-0.9350036322072971	0.5051736882279573	0.12579242823406103	-0.1357492153963877	-0.1527810457043211	-1.7876419940423753	-1.2748222399199751	0.23674404894956033	-0.8205508467337306	-1.135428401828561	-0.5819697845447429	-1.2147560194892262	0.7771728652597653	-0.11109934363860224	-0.1670456809114693	-0.2765230299708084	0.5093976141791463	0.17481847033316536	0.3613200431785093	0.714815113916289	-0.004166896884436961
DTXSID2021022	-3.1434318444386435	2.796452764831467	-4.516473339763978	3.937444008134919	-0.5626738465107224	0.27459358613025386	0.15517913970657762	-1.6707178261584499	1.1321692783585315	-0.7876461951318018	-0.09620773447409135	0.942484518969469	3.8129592668503807	1.050847861590459	-2.412774182396564	1.0231914105012785	0.4940914975813795	1.050347967259891	-3.131908206520677	-0.12281419513709904	-0.7562845939275868	-1.350219842904271	-0.226944717862821	-1.2688727756124034	1.4104014154467883	0.17321257375185406	1.4472771587012174	0.6016246548956268	0.8780967699164348	-1.2486996256672747	0.947629811659274	1.721824069991856	0.1382012201592852	1.2694760048469291	-0.2849610745713263	-0.28356292868104443	0.24333398919084118	0.20086316133729318	-0.9270401911931978	2.25301757963489	0.23158470374210868	0.7072177169730598	0.15197751769832482	-0.7496242167211402	0.030674737521820553	-0.3329686204225528	0.4882977163533151	0.3223848011200869	-3.0096779706947876	-2.241631738991215	-0.3947804016585841	1.2910275658185908	0.7271894076030179	-0.3808749482414199	-0.8118965764731685	-0.2561405007525965	1.9541964270301684	-0.7617736495061083	-0.29319434276879935	0.6852599835444718	-0.47079346030033503	2.7171717744860975	1.9240872530048316	-0.03947999248442802	0.3302937024478678	-0.9535099385858631	-0.07207960729204296	0.7627556516586381	0.1292174579113622	-0.8479374723556081	-0.645553888322313	0.029319010232423958	-0.3229113220916006	-0.8197314784911387	2.0643375018917562	0.9169391370867064	0.011569368648232867	-0.6701954661030203	0.3521583437572284	-0.08830194716696442	-0.14222664379790192	0.24162754537208095	0.45442049969859466	0.036998493667099445	-0.13884511637918298	-0.71919354483154	-0.26530963536898117	-0.5897992424470873	1.1375882384914133	-0.5338241145326351	0.5010761997636437	-0.057856805874735136	-0.43115209123960285	-0.4617572275117754	0.054011025408440924	0.7051369763531007	0.2574286913564843	0.4798305211978061	0.39348947463068146	0.11060257289682379
DTXSID0040622	2.2317580299330126	-2.1479904879815406	-3.197698839051117	0.25731458163905274	-1.2990246337955538	-2.383582264616911	0.41033334594541737	6.899469438408652	0.9462785089832274	-2.589882508119322	0.3724353568343025	1.3553348663901892	0.22170476569183795	0.3795363590752143	-2.125672844672444	1.2644074689149574	0.5322960813670197	0.5694535156799087	0.7960128131764834	0.3265130790555967	-1.157606636345851	1.2504035990748905	-1.510727617219717	0.3052279437542077	1.2844986238563656	0.04003472533620097	1.0796853266624957	-1.0303566576297247	0.8621685968531194	-0.08206767199925329	0.5372403290553305	-0.419191655158336	0.22544630217058875	-0.004951112385082335	-0.7778225512957443	0.8454631720157793	-0.694852727898228	-0.3296802423582387	-0.8164090601266218	-1.0676591719648392	-0.41353928572682047	-0.46637314327122703	0.6470454122282888	1.3582789488525966	-0.05538663113898895	1.2785999722471248	1.0080661799892243	0.06389725577454419	-0.23070831538689718	-0.7637483818018681	0.6890097786119957	0.17787946809552344	0.5556949487057257	0.2323173338907205	-0.2426900089489716	0.2131098876742668	-0.7155847397617068	-1.670676557471359	1.493016139093463	1.0453576057962817	0.23091373285952957	-0.7517629410959884	-0.7458830909123528	-0.34225605947608184	-0.38936677901100963	-0.3257733905334994	-0.9013443483036976	-0.6123452287719622	-0.3156890723411481	0.023447690116290196	0.20491679668545126	-0.009464570142767987	0.254741266178951	0.7584007601592909	-1.969767075601868	0.5141888677190004	0.48000193323867657	-1.0682371802647856	0.11573956327377385	-0.45195620802197595	-2.1205077734144195	-0.4753928709238095	0.7898001162639943	-0.46697606263029073	-0.04060949947225331	-1.1072420233236933	-0.3719060576258833	-0.18730160980863342	0.8103850689096377	0.13831310256689225	0.8473157373435165	0.4679868120183517	-0.32399748347828805	-0.5102687357535186	-0.5779145110498777	0.6256688868140353	-1.0676282417844492	0.9360903095988979	0.7135516452579713	0.9780259273149733
DTXSID4027991	-0.3994314542464261	5.316034556326517	-1.5118983102864068	-2.801539223353157	9.673621326813961	0.5076360282695439	0.533132981883899	-1.7357733464355216	-0.6480558445157218	-1.1527390191367362	-4.307927959271087	2.723089763312546	-2.4077496644821954	-1.7153636880228085	-0.8090113806164883	3.4388568086613684	2.967481866690981	2.0243633669846095	0.01756923915505356	-0.7641802998361547	1.0792101370011191	0.7536166038629444	-0.4143968567272579	-0.60859005753284	1.3100253735870224	-0.166169004631819	-2.911060209809139	1.4376714882037902	-0.8040228402767077	0.4930132926789054	0.1605318046517281	-2.212833882654272	1.0871270751125186	-0.7235880637398471	0.7064923207198024	1.4062333478351539	-0.8293582720882849	-0.09165080757193556	-0.5485272412178138	0.23982869076147195	0.4918345407146374	-0.07066841535653152	-1.24773499397217	0.720374627144591	-0.9924260460107464	-0.6234441618087224	0.6408682441828999	0.1472605857647304	0.26655706087796605	-1.0009802810335264	-0.11069209761579697	0.1755092462116675	-0.3268831731899134	0.7001034650559295	-0.22010551491896418	-0.0725913829214799	-0.9326696041419283	0.4368038456960752	-0.18894182553870595	0.5343589292378105	0.2644500279494811	0.0997975290301351	0.15876210429912774	-0.547454265779702	0.8448031852903599	-0.28949140229246134	-0.36520376379122116	0.3506083612510836	-0.36330662987571827	-0.6174657904711705	0.159817320908711	-0.1996549656486315	0.03277082695511071	0.11430125367898081	-1.019587981980808	0.4700993848631219	0.3054924121173127	0.04810335162844492	-0.26744625876896533	0.10134900332643758	-0.575333102376625	0.14985285687011804	-0.4715226777161367	0.03996806546104462	0.24981858343387825	0.16701780818357437	-0.19105443839101763	-0.18743326529942458	0.26174857532321083	0.1311336618205897	0.1694648782202935	-0.10848769055257614	0.15963246330386033	-0.1900835997514455	0.3395100410727739	0.1344662762637421	-0.012177332298872898	0.1749507417448207	-0.07192294993195432	0.11039315041919037
DTXSID1046681	9.31881570452469	-4.266313424554756	0.16666077323931447	-3.7969985319382413	-0.9939841165955035	1.9047703401957323	3.8613127360687276	4.491048088451534	-0.3838904218062452	-0.23657641835948498	1.7993185232296376	-1.3939349337302684	-0.6046232250481326	-0.4945947525654338	0.12595435677272465	2.120027893235779	1.1151904553451972	-4.999957675673211	1.3044837041086703	0.45448161486946614	-2.50471362916726	0.9593631843566439	1.8049977071316208	1.0377959961471528	0.1713848417652783	2.0710139588707404	-0.2898484011304373	2.124881185402342	-2.2666835517074717	-0.37384130317273745	-0.1309392144226123	2.844818352294394	2.198281002504158	-0.16867872071254594	-2.2590831647135934	1.1893206195145745	0.14589392378846708	-1.6972868313779057	0.22761993040671324	-0.9589479290109006	-0.350828931674101	-0.7700023688938441	0.9836394115056762	0.00815439644457273	1.4874443186244724	1.2455877286858046	0.9553396214727256	-1.2092452161411456	0.16333876242697604	-2.365255990697375	-0.9556150806777958	0.7029726381892413	1.1227660289834223	-1.0446010474875354	0.21041396669629464	-0.38023770107766874	1.4181407140265962	-0.795430417852083	1.1446555275564785	1.9289185728558478	-0.17565063952879198	-0.10804909357586094	0.18507344137991047	1.6862347447593902	2.3323181041490604	-1.08952576856863	-2.0071893235490137	-0.6581486230874617	-0.45134655629352943	1.2087880037674152	-0.1181231439618181	1.4917310916442363	0.26659400910700015	0.09803873993516699	0.6279061587508025	0.37709657545923936	-0.94615138422619	0.2877556142376272	0.9304139264506268	-0.7451125430694674	-1.2148286974632139	0.4027328351747758	1.4786782435488615	1.4908147576203468	-2.2583838322232084	-0.2867221516177453	-1.086677898639958	0.4200657985148834	-0.03958889460697976	0.23337757092360667	-0.19890464412304376	-0.9015245960108715	0.2407614896083813	-1.6280255865632451	0.5710597574945863	0.1480092835320896	0.6733937009413385	-0.10409495470717765	-0.27532533855197494	0.05278482698532045
DTXSID6023101	3.8984846598493657	-3.476690919811282	-7.137022203907218	9.212109972541377	3.8461332027503237	1.2173004351240349	-1.1078751614609916	0.6957300336895946	-2.1961418573622793	-8.739435471084747	-3.9398585692174857	-3.8743977097322833	1.292535706933224	8.066824610821689	0.24086515310639625	-0.9190197185497371	-2.3107350833406186	-0.11353570651411415	3.2731339545306253	0.6397914942105281	1.597293126923954	-1.7402819101878277	-0.21133688411338958	-2.668474493052074	-1.782294771034562	-1.4112869239986683	-0.07723994767413184	1.8175459480255278	-2.3555083613174403	-2.060639251531228	2.081294492873065	-0.7932454674699215	0.5976691509611396	-1.5988161065433006	-0.5256989933792156	1.0641631540471808	3.83171732130855	5.4319039869783605	4.691965894932539	5.519169480140408	7.447132272512429	-1.0383626276671352	11.866360165748862	1.0771934091112747	-2.4364758277170737	4.100063203036998	-1.3026942046327745	-2.539537562815924	-0.5480690456653967	3.099584412469783	-1.4236978509904608	2.027373761048323	-1.7219939630931085	-0.22479115978052386	-1.6255689880073378	0.7896541937549737	-1.2269732826717459	0.9884519944218602	-1.2050491613018004	-1.4366461275717781	-0.3155112701442593	-2.8340441311636306	-0.7573840753641504	0.29711056539839764	-1.6595267206594433	0.3082655376059805	0.8785375782196168	-0.3979870902661189	1.7141837099970072	0.3706383266606954	0.5632449912744296	-0.18227360056742156	-2.048082793549241	-0.5854879745799342	0.8975198538582952	-0.14799668245938472	-0.7090592022554614	0.09857209474518817	-1.0678610477848116	-0.6551979978132407	-0.5076861192219421	-0.527871848617995	-1.585592604331942	-0.22087586072118648	0.3200680115781749	-0.7129460994226675	-0.818571879838008	-0.022293176804378388	0.22287974811340677	-0.2942442834479658	0.1413995735828078	0.10747076268037746	0.4164771481476367	1.4553375425429653	-1.1921750181438249	-0.2747801325821999	-0.055381837111024027	0.7051291099390309	1.0873340374751401	0.08269737560895268
DTXSID8044385	-7.005156702251994	0.6661057420722479	1.1902984497889064	-0.6670269796185206	-1.7261821345406296	-1.0560915608757977	0.3830458725667347	-1.2372172680462474	0.7124259278648305	-0.2782549702071971	-1.0221856149588393	1.74230826889128	1.614818710294007	1.0220098250424572	3.133424112959463	1.3786662852462612	-2.322604308731227	-0.15992219831531565	-0.683303649927511	-1.5502786391410222	0.48254016300071095	1.4149992980694974	1.0957293292264538	-2.2453111359576594	0.16430937678369031	-1.1660747666102451	-0.35974025452762765	1.250747516733751	-0.10609009741760031	0.44463308504992727	-0.2208167946993428	0.7893996400787603	-0.3971565110959258	0.2577321386299823	0.04516717388198536	1.0186150043975124	-0.7589283190938497	0.5681974029022633	-0.6450609456430929	-0.6003887027844852	0.09714965299236702	-0.35184326926468007	-0.28417640840317426	-0.6606889465926782	0.4610160001932386	0.2077918247118649	0.12091921606478391	-0.7332533500246363	-0.6412928017948583	0.28497100818248183	1.2193686746089663	-1.4152641965402668	-0.78150771540322	0.40765053608429447	-0.98589451880183	-0.8201247123671047	-0.37122632039103043	-0.11879540678924196	0.06195259335584753	0.6380412128648918	0.25270726423197526	0.2547208558785425	0.24628889379269234	0.3408122748294351	-0.40510183031370395	0.059946820116753126	0.2746940328554046	-0.6450658501676239	-0.013887646426599922	0.5275529201348379	-0.046272681098519834	0.5097012065626699	0.25191568477441534	-0.052901091714096765	0.4024991153579512	-0.18449412505833318	0.4350927627568692	-0.1919438308797837	0.07113386568797131	0.16626037257185128	-0.11065757202678311	-0.30850851236829757	-0.3076321048672881	-0.08010156503034471	0.27352459927621214	-0.3080337333479096	0.2561177705020095	0.25293383204863956	0.3978684145868119	-0.3301891779958452	0.09813394128796607	-0.05530956711287809	-0.031238079965127633	0.1265792569091801	-0.010988444755994652	0.09316347039000568	-0.09518666403014893	0.002148248737961772	0.11460618499626392	-0.047139141645983894
DTXSID4046864	5985.526958957685	-2030.7375488406853	-539.5033577053076	8882.823834936462	2318.912486749432	-2096.5282183023405	16158.297406757752	2968.013924019585	-3919.884810930358	18865.384902938313	-6159.723507068585	16272.049059092651	3893.3146236888338	-1392.3578268677302	5041.2154444186945	-8338.455134255064	-5315.909743795767	8745.367887979697	10821.481279652078	2928.9024939316646	8267.281453582067	-4054.8558741737193	-5456.240269714021	1356.5379264921417	-3173.2116196325824	-5440.339338251901	-2681.7883960079585	2801.7309461385225	649.9202103067722	2386.140618062359	773.7497689682425	3743.0896674807955	-532.5411515320068	2246.734813086027	330.1867595700034	4615.658027563113	-1245.116954289989	3230.5079247665635	-2653.2015498557366	911.131369661811	-243.87791560436392	567.4268865671621	-1156.1757669249616	-953.8369873126228	-390.4505744217473	-318.33278883921787	618.1088240869228	-2223.882033742757	-297.3647884471461	1485.1959387260747	-206.10725410058222	-3673.0577718322425	-3245.4808641978943	-495.2787589487361	-784.8301825911192	-1264.3096241997043	4617.218785305422	740.0383722542987	-6829.447665601704	-2484.2125259128898	4951.196823631492	-4753.182897782596	2618.4726212203004	574.6006562466305	-4033.941374024426	-12918.16956786538	-1137.3297986931448	-5138.5621109548165	-4124.139159910287	1533.5735832315927	-4544.17200588583	-7733.581233533027	-1479.8565029717654	-1927.4079309245633	1944.4033037633506	2746.4898329951047	-7989.423167200654	678.526273260311	490.9219058119506	-7814.11758937266	8219.924527290319	-7291.508386376016	10351.251556079746	-12780.22736378874	-9968.434034406995	10249.188468548524	-3172.269600135217	-4549.965235409854	-1220.2490907025738	-3053.1985537376954	1078.8368710492837	-8373.145800419476	2933.919228222841	-2479.0108021058545	344.0719965380981	18214.83782863574	-1780.263355823811	-594.6510145086027	2032.047294872367	8040.2577638491475
DTXSID5020287	-7.337454967861605	0.5482837558967899	0.13482733806067776	0.38393725073283447	-1.5827411333970756	1.4252448599750704	-0.9971175413842859	1.752730078658177	0.02473621937894277	0.9877280066477726	-0.27183253961630915	0.9301500153975788	0.3778694157223864	1.7100621207322353	-0.38913103571140933	-0.4764665994984603	-0.865516966716445	0.696495231476741	1.3445755679414102	-0.2588811928195871	-0.45790968581883884	1.0813553440727715	-0.6318155629473096	0.8813187690262452	-0.04020184084596246	0.03332365458598034	0.34088249054649244	-0.20075714619600613	-0.041553959817009406	0.1573915000859657	-0.3435841738883252	-0.2306489362491219	0.16893925539167634	-0.12346937302428612	-0.4019449758729455	0.15771239104018484	-0.4852049164882997	0.3317901930625238	-0.20303451028220657	0.3239301335283046	-0.18921637721369408	-0.6154999990038962	-0.09687253069401618	0.3929029708463807	0.32338113431264515	0.2572432345457723	-0.19294482555666873	-0.07977553747239308	0.615675540328721	-0.41419124709283733	-0.04222843984025858	0.006496886311260115	0.5488683290952557	0.7149014054538808	-0.14244677846941256	-0.18737395045695202	-0.030308367840448724	-0.3215314833222757	0.09588030460234798	0.15087761308463093	0.2567097008368392	-0.20256257616271817	0.0024618138318423907	-0.21704093392095725	-0.21084133310029762	-0.3807874122095972	-0.2716649325852901	0.011203980738990172	-0.08699727871893848	0.0805501447833356	0.056313757483701016	-0.2831233654724852	-0.02260036542394858	0.06780420125793152	0.10192744537033709	-0.09886690804144586	0.23451088985166652	0.2276646119187691	-0.21452351007735512	0.021533550206692457	0.22010076373370707	-0.2266620479772662	-0.27347779007992334	0.08648325770874726	0.020311951193483776	-0.2674562018655592	0.21880847456713218	-0.020912965207850444	-0.03904446747310738	-0.030010213284299907	0.1787093592737126	0.020853720835612745	-0.13693569778534448	0.19557508655577374	0.013805483200671962	-0.07424752500510204	0.011813441000265103	-0.13602351674452653	-0.05176832834051888	0.02075509634036819
DTXSID6025486	-1.0683391589220552	-0.3916806512651857	0.38574901996026506	5.103910914575237	1.5890897287763224	-3.192553592916345	0.43392905777097296	0.7089864993020056	-2.1318559304071285	-0.5698900490322591	0.8208046082927237	-0.17501987701987115	-1.4185082336647832	-0.6327150327740615	-0.14691746649869977	0.8837005505777749	1.0213336573868588	0.5137969783277762	-1.113524122038443	-1.1788008690540241	-1.151894370222011	0.12065498465833527	-1.10829588763624	1.2651491959114012	-0.2467193905473577	1.5391145742377905	-0.5330712089166937	-0.9276596207676756	-0.5198363970365688	0.6227903828986555	0.5386800225591161	-0.051663175912364454	0.3220276949926976	-0.5105168019639982	-0.34833707580534784	0.6476787503552172	-0.26544965960451294	0.4173963562414692	0.9082579559210452	-0.8309547393938644	-0.5284577048139435	-0.8193068958063597	0.15768355664083603	-0.5164367503530843	-0.2970630271129144	-0.011974430891358282	0.6780739488127325	0.7770212132352103	0.28843950415961006	-0.4585474882727678	0.580936640405768	-0.3546378466312986	-0.4336870705153336	0.2839044192261175	-1.0650691871898643	-0.34837860747394667	-0.7661143926111085	-0.6491369062880243	1.4976323093777404	-0.3198573594528004	-0.8454096689437879	0.518205429359314	0.28459383787183623	0.6833229996297384	0.5862773767739519	0.4434648160864623	0.5048272240593564	-1.0296863813717934	-0.1098186520243302	1.1815071075347165	-0.7078926464664209	-0.23476257050431792	0.08443928698823946	0.013209079857187325	-0.34545010910313234	0.2370734211139905	0.5257734205246718	-0.4528063356996074	-0.5933477615274846	0.17240257690859728	-0.09933507322899615	-0.5929394481387652	0.26991344775383247	-0.40966998692366036	-0.36520088535606854	-0.7379896555708702	0.15971639175069918	0.6169542167334076	-0.07342037793417754	0.14630300931249998	1.143884348463049	-0.16568392066629697	0.42895002267404214	0.1699828382555566	-0.08179733362831498	-0.3863945260546392	-0.5618839574539883	-0.2608932588236558	0.5441799759728674	0.38166192732478277
DTXSID2041416	-7.189807373163807	4.260043136248451	-1.97595024658483	1.0740092847596174	1.0525156349162075	-0.48526530955968944	0.599747494209775	-0.034706626887795834	-0.4357969313794104	-0.30167917965176666	-0.6408684473438029	1.3045866585288666	0.7315321234465482	-0.033951786678306485	-0.4453081901006035	0.04894487954638969	0.10868684343064369	0.1844507415396144	0.10230136587840749	-0.6627150524541604	-0.613313557511499	0.5620994007914943	0.16129705249702236	0.30008080650190916	-0.818479043556596	0.6201969648299308	-0.3555165357081714	-0.3500910702815781	-0.39856801183618173	-0.07641975032127386	0.6688206672386925	-0.372369972281257	0.020816036811307528	0.5292203329363495	0.647110332420662	0.2827197662977649	-0.06986647587286496	0.5924072845850198	-0.2582610944634443	-0.8173864219171384	0.4047273192873991	-0.15257659570224233	-0.1744352575953932	-0.5085176386034872	0.5723226030124532	0.24725032995565407	-0.6769840274196116	0.7169104326704628	0.557106769874176	-0.6270612748065355	-0.397710654942442	-0.5710557041935796	-0.3138040349486624	-0.7599137050151022	-0.5508313311479179	-0.6417448140508066	-0.2883479802772445	-0.30179771400154864	-0.19439005723553132	0.04378808995448063	-0.22809561760047778	-0.7837305914105885	-0.3369088838168209	-0.16715460970392643	0.6406813253159533	0.5154120188639896	-0.07409445408647589	0.027229451994299176	0.7002059943715617	0.6358325913559578	-0.47906265230382045	-0.8616906828357356	0.5230094919298561	0.6638841578458858	-0.43234053886609125	0.6301382953370734	0.026717772280943738	-0.310555911725704	-0.2751407466038086	-0.2179964723624334	-0.6498559862021321	-0.7329109678317356	0.54727744331115	-0.12981460576725412	-0.16078034676147854	-0.41123690917452665	-0.4567160978393257	0.454991171270432	-0.3907842893296492	0.22914137911891067	0.8228329712596621	0.7871423351110826	0.304839729476967	-0.18148391360374086	-0.4251054789158024	0.39316715206974967	-0.16277285603212416	-0.04346890629945759	-0.130028438008026	0.17366203003493438
DTXSID9023673	8.338959872257478	-1.4924131048598814	1.4537902196100378	-4.923579579248216	-2.427454925688252	0.27263226496327214	3.4099352975556823	2.3099438227176035	-1.6564038490194872	-1.8927198202282043	-2.6697042509428672	-2.1386459702097347	3.037666928530586	-1.2320927521375007	1.955045439005514	2.4889278927665335	-1.1831527457485995	2.9874163068063204	1.6564103085185882	0.0057036633939385965	-9.392225737601049	-5.006427387293191	6.376485949962692	5.247614907267724	6.30342907711914	0.7079710910231881	-2.365514990934655	2.6563007934727874	-2.7916403168349797	1.1819810143500915	-2.247189856426815	5.264450033982507	0.8721004091855528	4.25120003929266	-0.46508103285252145	-2.3062316232244657	-3.6990555875225146	6.893917739612513	0.2009393029133919	-1.876703966421755	-4.135375069683662	6.609038345980727	5.615565519128897	7.313094916469445	-0.10812859969048512	-4.194229149697911	-0.5132588899641787	-1.5230659461795435	1.0296069807373172	-2.4134266294368323	-2.977499790145484	3.8134692977449296	0.7958622179249991	-0.9943272621248137	-1.3670105513792656	-0.8901700357572726	0.10437486662540926	-1.7753666375497987	1.9029476551876685	2.9689354011158957	-0.8608901536700339	2.150971618059578	2.468533472996036	-1.5480975831070045	1.5554194250177424	0.3111243438584765	-2.512056721415642	2.111505098467705	-0.5158107854848976	2.3369312630694745	-1.8341913704052653	-0.24262013517730643	-1.7410672767892839	-0.24020856857352962	1.973790407667305	0.773439696552571	-1.2890949630555808	-0.8566155338044863	3.113710586412412	0.663368571147426	0.7371275354048528	1.8300381764059335	0.6353966863612168	-0.7974005354410684	-2.562849659213147	0.35633030040416225	-0.8767372464319767	-0.30770982173860356	-0.8810530317201086	-0.7684745874245269	-0.6964620765535325	0.9150186814873572	2.1700910597515795	-1.3367560108729273	-0.15944742315298494	-0.8850815359291695	1.7029548095956912	-0.8242626319470379	-0.7885324574387877	0.01481097703209842
DTXSID5046061	13.365180587005543	-4.382395762812035	-1.744101516951432	0.9725749191229307	1.220618324294671	3.649680308787472	-0.2927612110191334	4.331167384334023	0.5545804140135492	-2.99342441490117	0.4321637957629918	0.31007523204332804	-2.743252005837977	-3.8021177753574538	-2.692905978380463	-2.1682328174760124	-1.667097641940021	2.8554998055806373	-0.8152853821314817	-0.9304761910386439	0.9081330728211541	6.821713755818998	5.504122757297004	-1.4851457702168724	0.8809146352376689	1.1069550242853707	-2.2315092578623794	-1.7995016302385847	-3.6891599342008368	0.8204864632702944	0.8340790471350611	3.1889223121771573	-2.673487215010179	-1.4620820412429916	-1.4188495744299467	-0.5475394589955894	1.4004576058493399	-0.00634395423827717	0.9562980748110343	1.8369578585504536	-1.4134638376565434	-0.7062805205031997	0.2485649012334541	0.5021156527452186	-0.045465251127679726	-1.1272000698598736	-2.0566005958083946	1.0199512344286166	-0.06592215251712465	0.10224526657414552	1.9098936805142963	-1.1894440066690593	0.752979457587924	0.6185051859305117	-1.720730506517905	-0.291191976785055	-0.6038747559554398	-1.2690085465637122	-4.003364187893407	-1.8719583770547694	5.457505025233771	4.1565750326609034	1.2135266373707103	-2.0474601316415946	1.2829651979845318	2.866274532648201	1.1968218477819847	-3.4249684351782497	1.3031286055914768	-1.329066102028442	-3.2290801592129577	-2.159397168465628	-4.551637727517823	4.019490367795086	-3.5386460034672447	-3.997378956870444	2.565272482132342	4.349416857842636	-0.5592476749325689	-1.2671452945115151	-1.216532127214276	-0.8962289108341233	-1.1374123029917311	1.7793036029472595	-3.051094727438903	-5.696197303546892	-1.0377519831823832	-2.612177652565587	0.47637387141335774	-1.1128090327771347	1.5243345287645975	-0.5785247896558203	0.23030581406529352	-0.6871311021614419	0.7639387550147847	-0.2970136110730391	-2.008170949770115	-1.7737091642594485	1.128885894819208	0.4890774176455648
DTXSID3023398	2.3652579657104065	0.33598685937163175	-2.22814731873467	3.340918609870283	-0.9211419614370916	0.8215243045917314	1.6306731446006664	2.9153614079189496	3.987589734376947	0.2784279321734756	-2.749705013658096	-2.347347052932345	-1.0423819386658475	-1.1035770179308677	1.647136377333486	0.11430390145102161	0.23285518788567666	1.6989466345232624	-0.6365640384849325	0.02107696859112363	-0.9744957997464994	1.1847019484149264	0.14169069582909347	1.2421794856664623	-1.0528819458057233	2.1769215606289203	-0.25189372245564184	0.06532906575703804	-0.08182837963884686	0.48351330413221627	-0.09936397676770944	-0.8200815268194311	-0.18719932240393314	0.3319431962537387	0.38056685881728675	-0.19514037226820088	0.4249206324397892	0.5142543296766408	0.0892076216228934	-0.8792484267759055	-0.30294222277436017	-1.1747968073165291	-0.2751291186679638	-0.19582520367243642	0.6139909697910156	1.054175923161448	0.16144556751708927	-0.014211828961008637	1.0566229191464145	-0.3958591136489193	-0.7395646792741686	-0.26364670112378263	-0.48492239702695716	-0.29092129109950093	-1.0148710822601428	0.5708805311405464	-1.104370718792814	-0.718988279274032	1.8033545820900738	0.03262574165570902	-0.8641222695184768	-0.6519842516113735	-0.21595508909835087	0.17329294191243289	1.0333230222725047	0.07269929459953417	0.9389280598658296	-1.1751514911089085	1.3458105797316828	0.6935820089979012	1.3381580017992682	-1.4606402391724327	-0.07733611356748102	-0.37793536109223513	-0.6137527527004213	0.06057009732425573	0.8844106186152615	-0.7022173280506844	-0.09645234986208041	0.44520971140369836	0.8564665640895816	-0.2982354546889927	0.2321059565395802	-0.22932383951581778	0.9930807308576634	-0.924555599800601	-0.4891797279759293	1.1388962629847814	0.522305704301447	0.2866332667182392	1.3555722474105647	-0.7110063987293512	0.9397134945030269	0.25783598944329267	-0.031669965112115304	-0.36933849481783537	0.8349001454967864	-0.6491820745603846	-0.5128522631000554	-0.32985950651491736
DTXSID4021929	-7.297623326607792	3.7076905917989276	-2.655541337935293	-1.2973661903294593	2.324331963240107	-0.3038301516915343	0.24121371105717984	-1.4601211285558608	-0.7578445940811394	0.270579152761182	-1.6934756527506056	1.0874961596301358	0.12595842568497537	-0.21625911981748222	0.47376698593825295	-0.10935702233534471	0.3382768148234961	0.06695915576902967	0.7478982248675907	0.1860179573460402	0.06371220305347006	0.05878094776178306	-0.5592324740647302	-0.08536743077848455	0.19789257280928518	0.25506282864239893	-0.35695312304549615	0.08850717247077557	-0.6177031838557282	0.2536893567709306	0.482583342461527	-0.37710029378447957	0.11259656172966565	-0.322327369604658	-0.01153991934211955	0.4452223494074784	0.13891103412767336	0.11902987850331202	0.04289698290630115	0.2698795865213323	0.011237462813136758	-0.056873005119259364	-0.28749658367285	0.43992040104402513	-0.01162514752698936	-0.597565415621554	0.1978023457218983	-0.10866244406474757	0.10235067295797293	-0.6008331092673762	0.045101696859945056	-0.36510533981679194	0.22715478728223557	0.28226572476883593	0.14979743428807765	0.07926577565470362	-0.33607166348881073	-0.5900374838304764	-0.16109422720420208	0.14051566658169962	-0.24457129903248326	0.2581602197328621	0.03524018277141399	0.05555894723856979	0.6241598528908675	-0.6853555151172644	-0.7112048999699454	0.3947067267847774	0.2475605866298395	-0.2912932901722161	-0.03236869782116732	-0.16214958667807836	0.09072381659460761	-0.12435382497180518	-0.3526414784039076	-0.17380831469712552	-0.46226798805704655	0.1748797746866105	-0.3068856678634558	-0.2847475815512085	0.05029782205898539	-0.132647070037089	0.3722732658232825	0.05431684096475695	-0.004435358608590644	-0.2073302874683538	-0.19698043619771963	0.26364023222941213	-0.07286054541721845	0.03730833001349568	0.14387143139165004	0.2567289390505708	-0.8933919562730926	-0.07453872006177399	-0.11406123955373601	0.008397761376284198	-0.6127560996364197	-0.2649820686176377	0.09514448833451056	-0.13116610675657897
DTXSID8023977	-7.993828383943796	1.4590073748224306	0.4170634429427643	-1.0020770569505368	-1.1923480246293858	0.08636838463875503	-0.08564020732756931	-1.1377222222093084	-0.32477848929689845	0.9123120934734659	-0.465198933136906	0.2517228852517755	1.4230786329343081	0.47883672386258264	0.024142570808300057	-0.771377149927405	-0.7047382291647938	0.5141867997707253	0.7235177725608873	-0.10598007734899821	-0.4351049182819391	0.6297067694255046	-0.4615195788540315	0.3904108001704614	-0.3572331385665447	0.3737844891999882	0.05251822934015345	-0.4349632474302544	-0.021327841154652253	-0.5002302395118826	0.36898101858031135	0.279897746564581	-0.04360391714114843	0.11613171772385399	-0.2582170254846614	0.4640234978546026	-0.4405550551676257	0.937992350046332	-0.4120012348046385	0.08230204990446785	0.1780651337617258	0.015141455263349087	-0.4351753845095367	-0.0014051396579990287	0.497802730015854	0.33982066270524	-0.27262744531641425	-0.15160706041224098	0.49829134532031144	-0.26083884287618037	0.05214645196442742	-0.035014262470548875	-0.27247444948812033	0.745440592161675	0.013886581950852347	-0.46625889316726665	0.4712096816322712	-0.0992348238689049	-0.4217405387341279	-0.056563559071480224	0.7076281710530212	-0.48800855651302366	0.004796579011931435	-0.029004673599370208	0.12055667515863504	-0.24254334758517163	0.022789375560667038	-0.17563842965397872	0.06348789806925771	-0.0065382176562404125	0.06511754771729575	-0.009158093764692152	0.09549837545705403	-0.14320358739324898	0.10214077084666313	0.26609797686217485	0.6143062147926961	0.025543538920256854	-0.5246874784750433	-0.07106779504416505	0.1791946398152879	-0.16214992854127339	-0.2270673238210572	-0.0322278935177777	0.2172871353792435	-0.3832242260520073	0.42112767828787057	0.07970465805997586	0.10576265823933002	-0.021235573213934572	0.0247016248897167	-0.11078582616019265	-0.33579493208926336	0.23137434020865258	-0.07025551158432258	0.15780186530158083	0.12510153891145143	0.1053833610003167	-0.04866166234214424	0.012787858087868514
DTXSID7021100	0.14636430190391164	-1.8273875031746063	-3.142945226670474	1.6804454128319852	0.16298133423557978	-0.5241343125477376	-0.3824576975387458	-0.18223058994758864	7.324266241595384	3.4327364309368797	-3.2375876245496586	-4.212380881540393	-2.0667964138764603	-0.8504616792015008	1.1255914371482305	-0.4055802810327784	0.8726339945471645	-0.06530949765409895	-1.405779498535092	0.6782837221595366	-0.17292363061503904	-0.028907496319876984	0.5462040047257138	0.2779093149362967	-0.9614685494307805	0.28632801985573325	-0.4762177568934511	0.8465159608635712	-0.10140642668012602	0.5534743006484742	0.16369517148717166	-0.30758773561293823	-0.16065693911835152	0.736266427364765	0.542825574925579	0.36173522388592677	0.3153132420741539	-0.04162994318047396	-0.10978981943247598	0.035270476352730305	0.20167405197029822	0.9494495774703133	-0.10298970805022013	-0.5973167773836805	-0.03941581855985833	0.39664507386759873	-0.21511754008494868	0.07131082957883231	-0.17958834092345383	-0.45274839483987606	0.1480857812181616	0.44180288896839465	0.013677062011219683	-1.1847945756988474	-0.5531764851627687	0.6241973503847394	-0.21833793308134652	0.13966896263607825	-0.13109070845002108	-0.31143170329250563	0.465822053566958	-0.0797664030846911	-0.4195370129938616	-0.30071373330162515	0.3191458739975889	0.07912946988222418	0.3583917033044545	0.2825124871513287	0.14499790954610975	0.2595631611370868	-0.37961180705292813	0.5206668034582088	-0.4405936053359827	0.3496002713451025	-0.12274152678616425	0.39664083328986366	-0.12681122116779747	-0.1992830025321186	-0.05345342935995307	0.4141863571820129	0.4208712457564413	-0.23501617560235183	0.0666956486784604	0.15692572664892085	-0.02910598417520658	0.761905551539943	-0.553399725164665	-0.29336902102566703	0.6479234720566796	-0.0853643937760046	-0.08372656355515679	0.11490803012478824	0.17453624951889687	-0.14548852640590249	-0.20150334301003558	-0.07386013181910714	0.05909645130334828	0.13792714562941433	-0.1380428755187707	-0.01977927354912836
DTXSID5046487	13.313828414271342	-5.998425993589552	-6.183320498933297	-0.39835080298374664	1.3200646222471293	-1.6423253851550386	1.5691513851460788	3.157423134487809	4.961116594455705	-3.8978270699387783	1.6001962609541482	1.6557083209117816	1.024448652320983	0.589930336817403	-4.842930914231842	0.19916826813495214	-0.34850490531985484	1.641950532801721	-1.8694423953447985	3.708354536379812	-1.1033754044966597	0.7071011654654865	-0.6425361933193039	-2.9018910920545546	1.9330870642659082	-1.3248508844863622	-0.5701434841470472	-0.624991550408939	-0.035750427560970535	-0.2821344452982909	-3.5480232315064653	2.390482395836453	1.5313908405259797	5.098500260517473	1.6510129929216395	-2.965493195398416	-2.7319150451785528	4.847060352099093	1.139502137508291	-4.315055560541549	-6.031753027132812	4.379769081839539	6.821198720451626	6.415827728957216	-1.44008726885401	-5.530833461025547	-2.0554194102943484	-1.763653721826204	2.064705486301244	-0.26128397119936175	-0.9683948128502665	3.1077941442994765	1.1438248031623928	-2.585905458783438	-3.136149747891178	-1.302280101679114	-2.872186243724627	-0.7410123018057847	1.8726070134625574	1.362693790087726	-0.6433584123878685	0.3123173879165263	-1.5339343176064029	-2.246572070045783	-1.2807057731211178	-0.4754641687541235	-1.1588473780275284	2.9083538060651426	0.6522100407505727	1.5014604252694002	-2.52634158070782	1.127325176535161	-2.0832263465552443	-1.1386021491130305	0.09498681406709401	-0.2020163339285948	-0.700615338850205	0.2892926889570432	1.6306730893853074	-0.26039028972590406	0.5847895649725963	0.8077649195711535	-0.5217891250040922	0.544387527510415	-3.254884234397739	2.410565132975113	-1.502665283752923	-0.608467880634641	-0.3003993986038145	-0.969902990864677	-1.9627616856751842	0.5260659339460839	-1.0041049473523038	-1.5982429926131145	1.0128115912008266	-0.7878346180691207	0.9959459310492159	0.10530600615946288	-1.3297536411885837	-1.235573918161412
DTXSID4023628	2.159631603022132	-1.832217820929551	-1.9847642887738324	-1.3262869217114988	-1.0439244093801567	-1.0771604326408084	2.1538744507976046	4.27734142094649	-0.2617288930251959	-5.6692691969834215	-2.1411529247446643	0.21122087039262696	-0.7248889058625495	-4.089547929198999	1.5677775167855605	-6.561883832726471	-1.037340726718156	5.663433541687448	2.787767329542912	-2.5795658032844346	-3.8724458726655477	-1.1251495265971843	9.831519078743495	4.301428762430783	7.966480525659969	-2.765761294024637	1.20616639535871	-1.7877296272570036	-4.14609984341948	0.44073198367185784	0.6122262186288759	3.9151680426314	-1.6517410873202256	1.3412142897176507	0.004757190733036616	-2.034695556545859	0.6119243360882137	-0.3227638813267913	3.168403666300004	1.3313982289628363	1.1264438135202972	1.6806879578539227	-1.1424174084873069	-1.0917176601697969	0.5898601864143769	-1.360913242007961	-1.9156111979363095	1.9118904462183166	-1.9233864549583608	0.006685761871145218	2.573761772285388	-0.9238926874215062	-2.121543105693051	3.656478291188476	-0.1431209185477609	-1.388140656350364	0.3775480421517103	1.2103481076541123	-2.212395785538077	-2.3307992987439623	3.355953010846474	2.3896883775177944	0.28164008838773874	0.37468842435160954	1.7313107812452067	2.138013828013126	-0.9061488383075625	-1.704101062561367	1.1186530111024484	-0.9228876611245962	-1.4794938599131073	-2.4448787738355087	-5.8335202352912585	4.590065628250921	-2.3237971527896546	-2.3394754200394874	2.3193560429224376	2.362319195018408	1.5843596740869859	0.6137446889362379	0.534719122594174	2.1929783024795904	0.09420017990224865	2.9732720459864046	-3.469156743903225	-3.8054870714267524	-1.0431184131904314	-1.9893953062349514	1.170483679784603	-2.831512692889959	0.4804172440280877	-1.0415147909897722	0.5255743906191211	-2.0800679789304453	0.10529407330238412	-0.22109086009349635	0.05484880002983741	-1.4577985161172393	-0.5096609445895023	0.4242643223801085
DTXSID2023276	6.26907232662496	10.514318261601622	2.203647453291555	-0.14097787212925036	-2.169309562669961	-0.12824903673986368	-2.4476939957156327	0.7724487132808947	-0.2982690529957723	0.13100671641447098	-0.18117216315019957	-0.4888045392634182	0.08602249430593842	0.3193583096309856	0.42798149860884327	-0.41130188790100397	0.34959729583413507	-0.04740984554624406	0.24401352123594264	0.8016962992597556	0.9341121660576741	-0.5950573810621219	0.1227495056166377	-0.45251134852160796	-0.5100287557872762	0.0970347940099257	0.40288149557017733	0.8868341447069751	0.26154779187523014	1.0167139848470095	-0.005601053554103698	0.9355435755581937	-0.570067834938401	-0.18018298046337927	0.07036559681959073	-0.34942030553183073	-0.09659151172925877	-0.3337346579962696	0.34119214313327073	0.3439337470995719	0.038305893708182166	0.2021168722557705	-0.19359082616978512	0.043241085784679105	0.27672697106915267	-0.6032440969039503	-0.1749971209090524	0.21207260523615462	-0.5063765206119525	1.081394899197715	0.09679559931326578	-0.6337950521293436	-0.2151652851998988	-0.3952000503226869	1.1108867256812125	-0.06917077756587825	0.2441398160786273	0.19474449975677632	0.9234054507157664	0.5527900218759583	0.4493503192795176	-0.42006945972923154	-1.2093167061445247	0.3012869680739901	-0.7114837097938963	0.03533235591635138	0.4514009067810521	0.18657928465505413	-0.9746462352490626	0.49485563740714306	-0.10416540207480071	0.9167439734010909	-0.3036751120935161	-0.15475382952229366	-0.6260676926141168	-0.2670906812971682	-0.3847696843805763	0.04830800368516031	-0.4326123027678348	0.2540717728322157	-0.2062082476667839	0.08491395772681495	-0.2428210887639916	0.2806059394194075	-0.5439666256338238	0.2774546987456349	0.026395354844906165	-0.3012145424018529	-0.8570188953419878	-0.1592019190587113	-1.1223287183666977	-0.6552916186749518	-0.13365447934141741	0.310488907963056	0.33518508749594106	0.3583286817333701	-0.15393749472441087	-0.783419171303955	-0.4807265831132732	-0.2338712114181755
DTXSID2025474	2.4907185469049216	5.765447166182233	0.07199744942147826	-3.7142678603893162	5.8371252084259835	0.23910700993493447	0.14035736886937522	-1.1196226628863288	0.49525250762101125	-1.3230702769508358	-1.501853226395427	1.6471894091387238	-1.951185673175454	-0.1785197405231252	0.9859136932967811	1.0551239095741731	-0.15227929079597152	1.9925974434718676	-0.91117998655768	-0.04204862331045351	0.10477300234064661	-0.3889652335830162	-1.5448722517980265	1.132729598586219	-1.4572071754734734	-0.47685985634625666	-1.2405738184918584	-1.3479968155711255	-0.5507499492886847	0.6467366792676533	0.9079661890973979	0.033899823730664747	-0.4935997532491479	-1.3664970889149621	1.0042740273231157	0.856237963688876	0.4967037450989569	-0.290552719062897	0.9484256994408724	-0.45617990589126617	-0.7137271091202859	-1.4651493634478379	-0.34206351670085333	0.5901668234051953	-0.09985578031872398	-0.90828983104237	0.41754612543449077	1.5908608970348452	0.47663926419767616	-0.5766451265116015	0.5121238632076359	0.6907234293244583	0.24330967901691763	-0.5741854780708253	-1.3425111390028235	-0.5067559678056546	0.15380701243883146	-0.5307643748707684	0.3596707011661943	-1.4168797562758293	-1.027751340759662	-0.496821489168392	-0.11238186503420923	0.9472942093434422	1.167643135264085	-0.0018125748950578828	0.31496222939385127	0.26128424411734485	0.081923352466076	0.8250556378026821	0.801917255808223	-1.1998321350800754	0.913673757897098	0.6120580776241226	0.43882118490822897	-0.26894842215852377	0.8312676756367398	-0.2594607042571442	0.5079728644930273	-0.08001826582498495	0.24327065106153511	-0.543952200381856	-0.03472178183500012	-1.1298736257847293	-0.0299556251634934	-0.5647663361671394	1.5271546438516874	-0.6318178207434284	-0.21880003165543366	0.4455012279792198	-0.43471218805984213	-0.9833907622813259	-0.056509286008941825	-0.46663260389693995	-0.8348781565400512	0.09427975705484365	0.7756320361724429	-0.15041758565117438	0.21424362413315984	-0.6670920373243796
DTXSID5047110	0.4137802031205722	3.246146792242846	-0.73525958709001	-1.955078079362601	4.5391444986505585	1.7129996869202584	-0.05896951924915974	-1.8260517059590722	1.176786195163749	-0.9703692541821509	0.2635613349052695	1.043599496617511	-0.05607804263478737	0.7297315812389016	0.5895924430655474	-0.3379021267378676	-0.7946782240517166	1.8052430183554595	-0.2741625428229015	0.8544377862852526	-0.5282440581597402	-0.09373426209847985	-1.6076668606617988	-0.1369992844607666	0.2957647578553125	0.2772054095096041	0.7340861284578635	0.41161253402520614	-0.12324549099392207	1.3430326351925472	0.6932669127002824	1.32459251665964	0.218846556796286	-0.6058288152050321	0.4740748691636561	-1.1375134411763492	-0.3561331489941652	-1.3507397163273542	-0.026264161337613084	-0.5418538817942621	0.07133623601384556	-0.2633650267865311	0.038494260272789536	0.04560043063946153	0.49276844989047613	-0.20452107668601047	0.5989671763415472	0.236792598362374	-0.8676007478625547	0.5172843494259255	0.5336659271268573	-0.36992644917199274	-0.39622441537537895	-1.7746450496035038	1.1230914719732197	-1.1618337094758109	-1.0272300785158222	1.137822949619793	0.04400623596752421	1.0316476248583317	1.4780726002474787	-0.13733412285153918	-0.4686546453412451	-1.067898902734448	0.193015172463377	-0.18680216282323014	0.34592548590188615	-0.41073974386075485	0.4347112425369369	0.8531562108964079	-0.0750541781667068	0.36882833323584574	0.1884906401341272	0.21826428296344244	0.3595885448206046	0.25830247086651115	-0.9785868582204568	0.1848829853450284	0.8851731189870293	-0.1099890536249176	0.7861611725982612	-0.17845745822020936	-0.24393797003281165	-0.20540988134506163	0.27896913675027263	0.6434131877786446	-0.3268631299577067	-0.09706230581333469	-0.47004656728619193	-0.9109519507878929	-0.06184454353224616	0.6993226696250529	-0.4397431086034428	0.414436821418327	-0.7690731646436001	-0.47342516588374634	0.6443644644216204	-0.0671278013878965	0.4504328885555903	-0.4413770610247294
DTXSID1023998	6.887749485463465	-2.3578533021557972	2.8063796846745963	-3.3146452220391134	-1.753435892798835	-2.241087922384966	-1.9852165597121527	-2.7389049897362923	2.1219301280035983	0.560747404905378	3.065813498248013	1.1518083310302851	0.14062920812358054	2.5352316032674986	3.946390306907019	2.9165767439106745	-1.8761771834831982	1.25279386133168	-1.8229761404398332	-1.3240973982384767	0.769489414348714	0.7897971387718445	0.09864001320797185	-1.272845382809796	-1.4865291460199708	-3.1836818882045748	-1.3046020218565435	0.11666896811088637	-1.1898249891168236	0.7463814108349345	-0.4139144628592214	0.17460069208855858	-2.098202476734014	-0.9716037267991192	-0.14306821738858766	1.7121298412261232	0.40038197179853396	-0.24847308412557967	1.1314640827099236	0.05178350531636729	0.05497599029290812	0.11906196717661498	-0.0797033323621001	-0.30870778781890135	-0.3957784383525431	-0.772604855709531	-0.5421388568716367	-0.28680127782939563	0.24765948069654073	0.22968814200892193	0.8238700416623863	0.8172584439673922	-1.1443450165495928	1.1591080740220698	-0.9792238889321986	-0.17664901379658296	-0.7162140041388912	0.19619101378333878	0.21235372977117742	0.024428381720707493	-0.24406709304764923	-0.23769301144764246	-0.30406074093277413	-0.04946190937094097	0.5133283929251871	-0.5014887817970665	-0.21718804059880778	0.2526612274364808	0.4596319089873184	0.3377326734019849	0.11172513791388922	0.06584122596450867	0.037683805508682035	-0.5348305181879849	-0.32884538664262697	-0.8472198535779688	0.13435448527889807	0.759407885548959	-0.12515074437080773	0.0009610936338119174	-0.1698486743617289	-0.6451350379512383	0.39113987848487597	-0.13969115197686793	-0.15568572627331353	0.23944587284176044	0.4559640352877888	0.5536612749443411	-0.03160482321680631	0.07174744399633655	0.17277165017564017	0.05136360007738974	0.020007704112167825	-0.1119529040110529	0.25215176296561714	-0.40728904081721556	-0.17014480986383054	-0.3372075598145413	-0.2709300024288389	0.1277284983817575
DTXSID0025494	0.5030268067369317	4.251921910752576	-2.444326160602259	-3.751187229691598	5.730205239666708	0.4534686075264539	3.7080068299531246	-1.283984044366921	0.7340922788098139	-0.5845978994235614	-1.6028589516143126	2.1200518581327383	-1.8806042458696912	-0.7213564700157057	-0.8404706029868059	3.387828178854915	1.0947751911415524	-1.2725454552766522	2.7900682068886526	2.602993500346344	-1.7732728077066418	3.769124083515965	0.75836214977385	-1.6355017765729578	0.9496167689423987	0.4038368680243043	-3.84348103443776	-1.6998485420325435	0.6369367122370315	1.1952705192910542	-0.2516562152348647	-1.938585881171334	-0.3375472266923156	1.1330601234043123	-0.8879259391662373	-2.323061684836621	0.028529031414671436	-3.8117125149860978	-4.50677077756622	9.199499189295247	3.010676331292715	3.18339747191489	1.8518979032426128	-1.6501699674399755	1.5366498187726805	-5.364440688181706	6.273416873747995	1.4017673498016574	5.888373148018528	0.000546974312215669	3.128522054808273	-0.6998088981758814	-3.612804570555357	0.028626955968433433	-2.1624224293449523	-0.3456217734702692	-0.5202367265058638	-0.17019078061271065	2.06723001207842	-1.4052005448592877	-0.8760824629547173	0.129287019705233	1.2606585418105893	0.011857873465031475	1.7834837480080972	0.8938520752068257	-0.04102402302143244	1.3464468286459683	-0.3147381810674904	0.7004066329607512	-0.5145328823699358	-1.851798518672599	-0.3524278287504225	-1.3778706879562752	0.5859694436645527	-0.2588612419205309	0.3900396400863561	-0.21309674895795852	0.9967421540094381	0.6389608364672862	0.3260170141860931	-0.8636757976777573	-0.5422202401921989	-0.13846689150041416	0.7156224869937468	0.5869771287557484	0.38823376810980653	-0.2931047148033615	-0.6280014575621777	0.4078272393675504	-0.8502384089463111	-0.49344768604830935	-0.39147046352368114	-0.1379523781226156	-0.4912743052849079	0.09842372788731	-0.7164625685544396	-0.8822371008371307	-0.7935065949700879	0.19578358067283758
DTXSID2023303	18.912923272063683	6.191261492294705	-3.12807831769237	8.47676283160021	0.12182288955641073	-0.8175160665943004	-5.762493917378486	-1.1707422598741914	1.0583932091578594	-3.189229228606595	0.19027636721422392	-1.8793809449618895	4.720855951454191	4.656046838844976	-1.1664813805390462	0.2367971882655919	-0.43232530584741274	-0.22658015540386237	-0.07846113934351578	1.406606646093023	-0.344499631465786	-0.13515393279128785	-0.22481743781854002	-0.9161332931363598	1.1724286468191591	-0.7187362039914125	1.7885609485348415	1.8059387113881018	0.4832721231813843	-1.6067423498546192	0.4321870521661628	1.007615356488035	-2.309224912563681	-0.6810327565301751	0.3175528497226107	1.0058524764637164	0.11784514112238056	0.532201889777807	0.35341314618515507	0.49766079841587524	0.5865543875629572	1.2698353400997446	-0.23595126997176824	0.014562288378911159	0.44097857544279717	-0.8577452848712362	0.3667511864283817	-0.7341322188952961	0.06842746513080582	1.3053739849832913	-1.1440147508509493	1.196585139751058	-0.9068102883883614	0.06436279598111821	0.007336861141110691	-0.45460815750394856	0.2787192040199261	-1.0594739497346968	-0.6694677604470988	0.8212440614346452	0.6662278952731688	-0.6874117161179293	-0.612727418588873	-0.3189137826927022	-1.1579156395817534	-0.40128216146785844	-0.47096286557740724	-0.25056230738708796	0.07319121534743647	-0.38038633410150136	-0.25857664692585974	0.03591736713477408	-0.20245977048136918	-0.4945673052108457	-0.8765019283265688	-1.4796748171916156	2.8592742757139926	-1.7230760162297534	-0.9439831535031271	1.1164496070441094	-1.1556462316678333	-1.3483667974135836	-0.7806255412435039	-0.8407519303201986	0.4943364222202277	0.44603072078865563	-1.8331909762231817	-0.5602910074826367	-0.8452998709347377	0.13535324781715258	0.2069042865771184	-0.03284335460871398	-0.435281903749533	1.0991583219504892	0.6245192966040374	0.9271588073517011	-0.4793819670266179	-1.3006372548953602	0.9147530469707149	0.15387635734701352
DTXSID4045399	9.536207808827205	-5.328710535393818	0.81583922633188	1.537848899898348	5.133767823899414	1.9932514847572653	0.803619377019517	1.8125011384890144	0.24703843289044902	-4.849718675885249	-2.026609042479694	-4.045787780122715	1.8273053257261862	8.235302700536314	0.308926511933371	-2.9082445263736307	-0.5038948982287504	-3.0986361076525393	4.546836651836565	0.4298544816610422	2.3777800688559867	-1.4066384821906563	2.1388224794321786	-1.0014709209597104	-1.5254174110721073	1.3404623652504595	-0.29121863069755094	1.2020100838622036	-0.409719840880964	-0.4495846204060468	0.7807624836260562	-0.441244759037011	-2.402488023982482	0.2840326141675278	-0.3624509833686088	0.7374438744529318	-1.3935442611715463	1.4362480490163636	-0.37674230423647065	0.34692001833350844	0.920013309592935	1.5148859411858706	-0.3891405049845574	-0.5812189574663462	0.8940072806424968	0.384755612467146	-0.3315548336798296	-1.368358145474196	-0.7646192874364571	0.7216020769367391	-0.9199238629532107	0.034208100162758444	-0.2105163260359676	-1.021673138296667	1.1915624850923119	1.2191366963468881	0.5374243065940023	-1.0067761726916957	1.4704006727746324	1.095779309056849	-0.9454568241369012	-1.4600896132216081	2.0965145017529565	0.9268685523884969	1.8994413260154508	0.2985009905703047	-0.8710982057899799	-0.6974536078742718	0.5974208498186178	-0.6819564754362777	-0.08482847768112611	-0.7985793299607497	1.2753868560465569	0.6217644751251744	0.6794454222991444	-1.9875296264825286	0.6624250186781045	1.6453459267419395	0.16170973808675054	-0.3947139491404121	-1.403105950850338	1.3405810682158925	1.017772620936826	-0.8916934142311777	-0.38583008821007486	-0.5014227014260049	0.17796461925302784	-0.11384929565885521	1.0568517890824725	0.17771807499884132	0.8893295856994834	-0.7005752283713887	0.9460499953074372	0.3823047082621061	-0.19172296957443294	-0.4966204396050055	-0.4211652040998775	-0.5064974608297911	0.5689201769600768	0.32159551889714844
DTXSID0033047	-6.250277418021744	1.4067880884745052	-0.8703184309609692	-0.08123655362507569	-0.6485992857110483	0.7441003997467608	0.8680640562529398	-1.4135634601114386	0.3962939664591966	-0.06365460441832353	-0.06247522619850934	-0.14468704122409456	2.115255897168626	0.6796779650475911	0.25256953467213805	-0.9436698700721294	-1.4304905671965547	0.3410843416251294	0.14834046744113225	-1.129896581116322	0.09492249900935743	-0.1399535596249027	-2.900215743394547	-0.028508910569817126	2.6797926478625445	0.817436424053877	-1.891135395675822	1.092919232037869	0.2318700328237652	2.6186484580744502	2.537898854167296	2.2726806260389187	0.9916751322270886	-1.8885646445915065	-0.2702602441636104	-2.753660081118198	1.644869134184524	-3.6399678677600997	-2.97111793149582	-2.3717396288798818	-2.177818581823124	3.7548614623041248	2.1057602146895418	-3.473879888849926	-1.9210841884738503	2.3736669940368196	-3.278903234916161	-2.3818256809763887	1.7895160235078065	2.8637322922143826	-0.8096610108300674	2.2705655981740884	0.09210177637760963	2.955740432515913	-2.086735321192733	1.5523898074096631	2.369217694380401	-0.4133746897241653	-0.7492639479371349	-0.2548459784345127	-2.170231793246637	-0.07750818875338958	0.40873130609856295	0.6487226532157612	-0.017884313250446263	0.9573853863115024	1.0036606987337875	-0.3307569475122289	-1.1604356030007625	-1.5953057353821771	-0.6892346551329617	-0.22888784009289306	0.08832495574421871	0.9689150337215741	-0.8582696537326477	-0.38526792219046524	0.7393958027022194	-0.4617740862139661	-0.4963780556198188	-0.21189605730686523	-0.2882291684907163	-0.5088892241997695	0.4051352879431507	-0.6117543983707656	-0.2518042466099852	0.04042192458534655	0.778881396374262	0.009681859207069031	0.8915580670990413	0.2741038377156568	-0.35905357142092703	0.15470265564981306	0.26510982861382815	0.12851056891228882	0.12288061023213366	-0.284406307321626	-0.20467947988270513	0.09802372172494038	-0.18731722602763248	0.07040520519809285
DTXSID8026147	2.333784887492824	-3.1968775945101293	-1.0935792528403607	-2.490781107712321	1.3127446478501767	0.18675631312924212	3.549846579577525	3.888049967397794	1.3940007437029633	-1.7118433743199646	0.33796515019814377	0.7333112099052795	2.5841297957070823	0.1818436346540325	-0.10819035778131017	-0.7478299926101157	2.354770452342001	-2.748698376459472	0.20891567305035147	-1.21679506569229	1.1036626661182098	-1.4655836817670784	-0.38265486253031616	0.7963764071681466	0.4360765805728429	0.07481058104938287	1.0021711310493495	-1.3785099521141162	-0.8485295399471204	-0.23961228898620032	0.219936718911699	1.7453332499761742	-0.15710178132969238	1.6304300034328914	0.44608318074925757	-2.400988118011117	-0.2500477196704042	-1.0937991783983974	0.66610828774507	-0.7394658381336717	0.7889005164292392	0.34537441943148556	-0.32107967282493877	0.3492379366862966	1.6275718292728785	1.1223751463660547	0.04799066022767349	0.1916243483224184	-2.6725966552184577	-0.08219127323016798	1.8552083470167136	-0.8198727070739597	-0.588143221345542	1.8226762473972653	-0.5448917194504971	-0.0821271893616382	-0.516117754812185	0.5697477635406382	1.3286275182063036	-0.671633675796887	0.19204478237878758	0.22701482737619746	-1.2710515842417474	-0.01216017476421688	1.1490988305810033	-0.5547888809718944	-1.90787208673679	0.35963697485321466	-0.5023822396930814	-1.0528361377113096	0.0792797202159577	0.14937614037217026	0.8209215890508745	0.9019986890837544	-0.5045269191461738	0.3803739992742837	0.8897109602119959	-0.43730305723174084	0.8548649881525595	0.731736526850644	-0.3245009134226441	1.7752923825891425	0.2191286023867177	-0.23142611581656003	-0.04193364347115785	0.2740274311541727	0.3756203836183377	0.18104146280710343	0.7217011283020887	-0.5040246412589793	0.18840634906545298	0.015713980270473556	-0.009294569172736161	-0.48559721969896696	0.3504989686980763	0.10639792864577599	-0.01689796221197649	0.1484016410656048	-0.38431203214462845	0.44585897356995796
DTXSID4047466	-7.159072827263782	3.137458022206519	-3.399941416938963	2.1018267792669914	0.7378444668166496	-0.8985062154329455	0.8930861471750933	0.08600408866654882	0.47056086760394433	-0.1341762830659299	0.5254745547459306	1.4845097185010203	1.0071080938302057	0.44714394678643093	-0.47807911372049594	-0.20455065021573798	0.37877506834540053	-0.3283838463806329	0.24003940265353893	-0.813013851299608	-1.0997274635606986	1.2491278376493877	0.6260561408118765	0.5303801491374183	-0.6069023773373902	0.5530352628998839	-0.23535878348146816	-0.8647213060094545	-0.3538007657243141	0.11416653972563022	1.1918994735625261	-0.09102335270712725	0.01156805186725701	-0.06257785110874445	0.09904320360759503	0.1352321206566027	0.3704479717250702	0.9895120528420319	-0.3375505126826612	-1.044597036533882	0.6600321991764568	-0.5485136979590325	-0.28628470786903826	-0.18573811785942257	0.7585613711878935	0.08856812768521655	-0.741937409475199	0.5048567431596642	0.7338045310623232	-0.08971925261128177	-0.7012674865800239	-1.2689626756897596	-0.42814278275751644	-0.7903274554053334	-0.6798540426286216	-0.6318075570193112	-0.4947498470384992	-0.6001181409976579	0.16439873610544117	0.4291448732717605	-0.2549554924873991	0.16485923957777088	0.47836801489575337	-0.4079782901992982	0.44332452332982575	0.4133253679616968	0.716648906410476	-0.1304326778257857	0.302263608602264	0.6210017424086914	-0.8313447199845766	-0.3351526816945632	0.26101703296048984	-0.4092514544107873	-0.0830403375758292	0.36212288647775265	0.43281532419839125	-0.5881044523812847	-0.7596396414677159	-0.47147918005102385	-0.25303690035556387	-0.24553891888805307	0.7454354132579948	0.27593417266637216	-0.2700173940868112	-0.5230193855970584	-0.272121285451961	0.08199653721689638	-0.18444001397012197	-0.10802858784178591	-0.20749962937171207	0.9249459562251268	0.10458393426805611	-0.021155493323185982	0.09209901503994705	0.6483432702634073	-0.49537099664458467	-0.24412147223104727	-0.24099578609593278	0.6653694394552235
DTXSID9032878	-6.705961688331128	3.7541564560630585	-2.4828165070981707	3.167733890666533	0.9646811352384681	-1.6255478498011904	0.15012035432891355	0.4200174287174238	-0.8396586508371511	-0.363075714797671	-0.7118613570197112	2.0171578979510625	1.2349950487989143	0.07239998127361155	-1.4320234832232244	1.1797555201772254	0.5544949806447198	0.6987070833726625	-0.8571308370025537	-0.7907077260073762	-1.1101996425932608	1.164186642967634	0.8057909897815686	1.1084848759938606	-1.6851360181774835	-0.06714182333321189	-1.56210263504967	-1.2678188812615485	-0.33614419560417685	-0.2716680606297557	1.6515557880659693	-0.47991587032593674	-0.7904520475893949	-0.3510692979219835	0.902369410307794	0.7544421254369376	0.4319530909349625	0.4334536974403144	0.1036352706466979	-1.475935037878338	0.4626759930641487	-0.6316785169226956	-0.36889872343611263	-0.47757181872421206	0.5362256457058799	0.4192123239761028	-1.1766293628139275	1.5343199962809404	0.967923857975492	-0.23566674333385096	-0.7242950939862645	0.01302583052167796	-0.1901686480656578	-1.206604759914152	-1.562004059773441	-0.6242960044407113	-0.6753848709987501	0.5943052361115821	0.29259648725996723	0.19491726183778355	-0.7689285472109328	-0.6694521825800293	-0.06280732287297447	0.39646329924482115	1.7546001248257688	0.9658877040189672	1.000070378872234	-0.2015356491934758	1.2382113338934302	2.002698454012055	-0.9386098279257435	-1.600117271516489	1.0944005889858166	-0.9941516190213352	-1.490452336100191	0.3145379367939364	0.88288070937423	-1.0703641380808189	-0.4082557840523718	-0.30363196588354363	-0.10152670263672761	-0.0042022650942170284	0.8986575510160474	-0.19027555441603172	-0.09089254703624462	-0.42102356658869877	-0.19275156359960635	0.04674484039165185	-0.3053590194668571	-0.21342927759641975	0.7048404395461672	1.099032930402519	0.6581872268466299	0.20413294637795285	0.09976967055387888	1.0563049862998333	0.3297402321584521	0.3510553853879715	-0.05340080683910266	0.2331884730634662
DTXSID7021360	-8.856295811604538	1.9444365300597957	1.1853045343579525	-0.23555107589535768	-0.23641827595840575	0.6769692999318587	0.36976599132435684	-1.2467013405922867	-0.050457916211680866	0.205098131985201	-0.8299481699505951	0.7662155769894908	2.0138219494713496	-0.3974311769074306	0.028002314672419	-0.5807913175952676	-0.9370896360878659	0.18452266745741758	0.1572069095493133	0.48920836127201867	-0.512316083618281	0.1666647924101192	0.15822590444103773	-0.32838449260591274	-0.45731715772832776	0.20592826997237249	0.06241124015138108	-0.4673892137792853	0.1026104724475796	-0.6445961568703968	0.5705392524058616	0.1842561050328931	-0.3771827781785731	0.40403397695548393	-0.1679459954478869	0.4804042103958272	-0.2390311871084191	0.6177499232942897	-0.3075671173947517	-0.12090176546524208	0.08918437444747151	0.2656181468901204	-0.2785553740852575	0.04254007061723294	0.5527605676238645	0.20864724318558184	-0.23852258433660353	0.23923130284922325	0.43696780412811664	-0.263219716180808	0.022384590929881737	0.31655673030022563	-0.3728159273502961	0.14387747567485196	-0.08884339453683006	-0.21921928691369638	0.2195891995914021	0.30508963667396394	-0.5087565143000211	-0.02185260924144532	0.40782615410853545	-0.3214772152788973	0.022879558998670158	0.24990077249971565	0.022362401599412635	-0.3775329306617912	0.07851292589354204	-0.0790529265484744	-0.03357125688819343	0.0822595690058089	0.2976166059104846	0.2750889287926828	0.142511105876255	0.12146260212828303	-0.2853118400945581	0.29073614135609893	0.35194663924978464	0.015215558187435675	-0.48525713591233605	-0.3790089318611452	-0.38846936770092166	-0.3920257545250421	0.05397568164846794	0.10924635742650803	0.1545513092744752	-0.31419092487602773	0.3337143740627771	0.2820213958954777	0.344608340613991	0.22452470944905603	0.09828386158568245	-0.42341735920395107	-0.3851349606687364	0.24396827776035238	0.1774384479631685	0.22755069992807136	-0.15033573459486332	0.15020809439076965	0.3439481094601308	-0.013222167340462018
DTXSID1046396	14.882495726396055	2.8308266020637456	2.887186349127568	-6.856802038989206	4.804020253274017	0.7021295936523924	1.9665138921593102	0.20394365968278608	2.345727741512867	-1.2081931456120665	0.35545011590357783	0.28420849713512336	-3.5063440538858934	0.08491741615051297	1.4454753819394481	0.498779203839957	-0.5882620310280969	1.6306158532398167	0.5808475511569685	0.404031914881907	0.7526737584882058	-0.08349426879946098	-2.8639008331185067	-0.7847770206529731	2.1309895549880173	1.453027180703443	1.8761478099574382	-0.3958579602239699	0.4291157022831781	-0.4397005516612644	-1.917965814096621	-0.008192553215297407	1.571766017442083	-1.9830865778363895	1.5035215335873144	-0.4522711949264962	-0.38431772412609827	-1.4043370709936576	-0.20498697689957718	0.033863883664486234	1.1422613087773097	-0.4221924334786709	-1.4671046116431372	3.415843484890535	-0.34751189080044714	1.1315304319635766	-0.30471702331738637	2.6356827342754	1.8759808085545644	0.6760988901062643	1.0920661979154316	1.5628246962392776	-1.7402524279106681	-3.301321480308511	-1.0622601544718582	1.3116345513680234	0.5074685371379051	-0.8818596948764121	-1.7563338147943524	1.4065636776518886	-0.7467580477633975	1.4431155477687603	-2.47199121509876	-0.669612092714198	0.26322659943628124	-1.7473947914917791	-1.5618327729060513	0.03031250754786879	0.9622969919701566	-0.048721968350454024	0.424872561719745	0.44366357983421023	0.8274946402117077	0.5608110206879988	0.3841955211087831	-1.2127364055787495	-0.09334984949522131	-0.13662532723890772	0.4433843056407869	-1.4720897526811523	0.08975083917767296	-0.015515606470843431	-0.17776447377141094	-0.7107023156120915	-0.9061415345242447	-0.5050054284405319	1.0921733703245893	-0.5948871724147445	0.6807641675712799	0.1582845360581875	0.7021401971868202	0.22322232938488754	0.6115405036726245	-0.7981762837256533	-1.4467961319686446	-0.7665532441034677	2.266319682480255	0.07492917905017239	-0.7304412809360837	-1.6787827684085397
DTXSID0027981	-3.3227104769138696	-0.19421929282284775	-3.4102725627790926	-0.08898481769603443	-2.943730475043775	-3.134000676992446	1.5080472754954881	5.2199125082609745	0.7028689574677675	-3.7748930805604797	-1.5457021727800253	0.7897700762600232	-0.20268183767164524	-0.006544200999886531	3.079134900778253	0.25584476952466484	-0.3038805510398145	5.048413114533843	2.444161961290018	-0.10932276950242029	-6.555497577880897	-6.98673603770092	5.5814794236285525	3.4539480848379864	4.782406802041158	-2.0770491426042548	0.07813161844459608	0.03870671386484906	0.31054024177396333	0.060256082574779296	-0.3592570713437182	0.4792053340342367	0.6365262737236087	-0.3658163636051753	0.5970669626312203	-0.783622031211194	0.12694624113530584	0.6297288916367408	0.9710816179212907	0.10820291078298874	0.7633141696447658	1.0867414820960757	0.47916000825072574	-0.3620200400149159	-0.3053361928629861	-0.5953630025466377	-0.4926378713874066	1.5913752325537929	1.2238951201910981	0.29585739636543745	-0.19888476910437822	0.07482140476692976	0.011509711751203798	-0.26943278726147446	1.1171256614113827	-0.9153659396975211	0.31000230144023516	-0.4237434237805334	-1.1228927828595399	-0.44803321363877846	0.7908730681059337	0.3652888038109398	0.30256787981287425	-1.01142394650589	-1.0799351784549156	-0.8203111591085943	0.02573227860025609	1.396174597006526	-0.02525583779626306	-0.06537309695828476	-0.31330848703916897	-0.6937702112032067	0.6247382825248516	0.2252371076959501	-0.20830900385696272	0.19543253131311772	0.06747024114012838	0.18136637713544765	-1.449812317994576	-0.5558237099964143	-0.3325042276654935	-0.9113797914122287	-0.809847736689193	0.6660653271441305	0.019069724207970644	0.2355813191444806	0.7774517065630632	-0.22439827889576766	-0.6292220465459964	-0.6082774698412989	1.028915695422129	-0.4896578046995784	-0.24868789994281	-0.7976918852804886	1.5117801564676105	-0.8851706136022801	0.20034685358333568	0.5107812870883498	-0.15189883644312246	0.2582294727043526
DTXSID9024930	-7.488009963400327	-0.05647094553976338	0.8962037924715459	2.356110049657955	-0.815610351869657	3.5837887697197153	-1.7590895943518898	4.543012210258049	0.7385105980146729	0.4807201386813279	-0.2692094276332723	2.509505651072591	-0.41641990010416713	2.128760301556609	-1.2758300595078829	0.20575335018297958	-1.1858485326368389	0.5585212787949825	0.7247845900709193	0.12447287546396187	-0.9470161594270236	0.9248093318705152	-0.1269300783820367	0.47352245218318434	0.18694487891695932	-0.6043057694659661	0.29254850907634256	-0.35084434744226967	0.12325172277177422	-0.007305430978147745	-0.757433842788719	-0.43411303329427503	-0.13519047695990144	-0.3300640371313462	-0.5136288468065131	0.06642883865371964	-0.23769267268394337	0.18683634114010908	-0.4749277059269967	0.0958823240948405	-0.5142917549357165	-0.8426623863563141	0.558240880607201	0.10357089099111641	0.13754097152519348	0.031039723658145932	-0.38538466591226433	0.48664841074303183	0.7851141065379846	-0.3323920794078645	-0.21072143912000527	-0.4348032543178543	0.6840562110968719	0.21188318833739875	-0.2414408776877495	0.16699011157477284	-0.03698263312570534	-0.04743034181342447	0.1987695010240807	0.2950946926329832	-0.06314779886158553	-0.03553379870192322	0.42107149370883395	-0.175999671906652	-0.46619052504327646	-0.20770450729783888	-0.3284872876169901	0.14374591499419168	-0.8234471965668276	0.5629030653146576	0.2284944037538189	0.3339076369142788	-0.47765336629917166	-0.3476122207353707	0.04832764984655061	-0.40387887210815115	-0.17945654530895308	0.251482040651947	-0.17558186266172027	-0.20552841629371704	-0.3944486315949043	-0.30879178587964523	0.0934153509863422	0.564486514781201	0.00038315464557697645	-0.18629819810102427	0.04752528307705563	-0.08003193268334816	0.20504718975699246	-0.17258262710839645	0.14211396830174874	-0.23981996583536005	-0.053173025228090136	-0.12891438073110928	0.23744809734912822	0.10284716826856581	-0.15563524319902564	-0.18816431246966198	0.27602588240294146	-0.19139429982916958
DTXSID6045115	12.894915794891567	-4.332315841760667	-5.409736216050834	3.1092857816295996	-1.7132593996209156	0.10950597370875428	2.3121894421711935	0.28780883802857077	-1.7229753445658074	-3.547930751618266	-1.6382769676052058	-3.9381663625236407	1.158386749334181	2.103060003092173	-0.4712839475857206	0.6078921173934234	-2.798997837532064	-3.363069361495282	2.8849876872749216	1.5068538024272993	-1.4877674800987566	-0.3091123540680015	0.12946485450336614	-2.271266374122518	1.5368868989985764	-0.09530314943718193	-0.1746577439368245	-1.7677176653112918	2.695182820275193	-2.9269284373810254	2.099798117790518	-2.1078240968689053	-2.529415519461766	-2.857616540412808	-1.0222525831259746	1.3385652654662723	1.3865677480603147	-1.8721399833724304	-0.08093720197698663	-1.0348054173929826	-0.02935546593273377	1.2312279580624346	0.7897895450673811	1.8070196092714015	-0.348368639418299	-1.6498510012190641	1.6342415055203547	-2.5149436579163256	0.8127123965565537	1.4318997572083063	-2.0821552731369164	1.7653339018431546	-0.03872451570153038	0.6838167903399006	-0.6249403388124338	0.7650782346383797	0.4449657541463038	-0.8706208060757036	-2.4564362584378245	2.032656638291186	-1.0262779714794805	-0.26698940756740297	-1.6389433758040601	-2.22333689596194	-0.8980025592825339	0.16931169117673217	0.4894549823631222	-1.0685265348765383	-1.3144237628357518	-2.2683974848107256	2.303796089174534	1.2859450135035801	-2.3586006890901237	-1.9150914146061795	-0.9350527318813074	-2.2868263699967124	1.5862643494475495	0.057683732316270726	-0.3323532251638025	1.353329284075078	-0.36961118582659325	0.023816450298355638	-1.6643214989258155	-1.2989270425403032	0.6482378548745755	-0.35548307321936323	-0.0570435853002734	-1.179772598089999	-0.4550304954406057	0.8634107585048297	1.618700354079639	0.3687467772161809	0.0662026137346325	0.7374540722109008	-0.32830345090750546	1.6260045778763652	0.4153061433669128	0.09392095991810905	1.491401593946511	-0.9620870173776395
DTXSID9021267	-5.5107575778166495	0.15455784161209063	0.6490202339934955	3.392617618836181	-1.3879736423605045	-1.6825598331645968	2.151785136158089	-0.07091627285963717	-0.2110728894908921	0.6711964338922003	2.959238218271375	-0.0019046061929053422	-0.525273678964532	-0.28819688119615916	-0.052333659313327126	0.5100670986037478	0.17151558918475748	-1.8056345302156107	1.5138164831417447	0.36363470779099694	-0.45739537798234187	0.21068382750534428	0.6541837187082431	-1.4111946424347646	0.6976644490792031	0.4408906509279392	1.0226996690590624	-0.25478329495959434	-1.0818096276061713	0.8740208329489962	0.12997653188222968	-0.37028401324960225	-0.062336029341382874	-0.014304766489332434	-0.5960735267374488	0.6783938394045805	-0.05786012423098445	0.19679000969268318	1.113381194148799	-0.44496922057285443	0.258864806927294	1.3572168642634364	0.1932146059830802	-0.252539561070671	0.02777579614355502	-0.10578814169721885	-0.09651319573289366	0.28590163398352136	0.7746165681363844	-1.6192177040541063	0.10984035077940246	0.5166327519298815	-0.6848395415726994	0.29059716750794107	0.40466646393447075	0.12579926731802696	0.010210026544893728	-0.6489380659888807	0.46988393644332105	0.3581268373866978	0.8007845774832693	1.3266811354692962	-0.8502465076237634	-0.25130520039094034	0.033959573525320134	0.2514795928231499	0.36434724672795915	-0.618184246527334	0.49176455643181344	-0.5947451262236563	0.4348061695124268	-0.2708207359363537	0.05577694889469707	-0.7330962254423812	-0.19904921872390577	0.28579377315490245	0.6236636769877566	-0.4337211211238667	-0.054204239948680503	-1.3270574821086545	-0.40607798833515046	-0.11154755634794719	0.3747325429954721	-0.10587785891275632	-0.06041826473133077	0.3329684583588313	0.12964437355310218	0.4656018927022232	0.22528213357189703	-0.03737160837131367	0.14878721378631243	-0.27579082256547804	0.28647209822962955	0.6164936934902508	0.307069566953901	-0.06903541745995022	-0.3658514303390907	-0.3743004130715116	-0.5426935566304688	-0.20180902121875208
DTXSID8046872	-4.154775663412301	-0.19899559478611248	-1.163365929301553	1.1040235627953703	0.6858906934310076	-2.084622607462219	-1.465258778526142	-1.2335478617627686	-0.957821856239431	1.3143240935448128	1.3328138504218774	-0.8834443417326708	1.1413334015405268	-0.9440213307783012	0.365546592236618	-3.164283427476682	-0.3802241048152864	-2.6112876429991023	1.1252377017268425	-0.13632685123232316	-0.8054417494543694	0.7667153156539247	-0.12141869773115105	1.4696673360744172	-0.25989819841957423	-1.4232785657828588	-0.22682110483863238	1.2292979941920579	0.005237038337274548	-1.8317844251728084	-2.954071262208801	-0.07933731181687231	-2.0122917373325446	-1.4094868186384022	2.5840518591970745	0.41345558401481924	-1.2101974751857327	-0.15373011675588485	-0.6586759475512091	-0.29818030186753497	-0.04276891864803637	0.601996739108986	0.028126082562954544	-0.114267081043983	-0.9967911889621773	-0.04624424224133825	1.2409615402284038	0.5825130012407909	-0.3574817082041528	0.7540454916391091	-0.4723710776103355	0.4132838861775715	0.9393071184892305	-0.32884885827275734	-0.11601373818766823	0.20621947416593123	0.10796516958600648	0.8173246714955462	-0.408891619926461	-1.1710715784763415	0.35719534403266084	0.4476039561531552	0.39594262247845674	1.0017309929404479	-0.7024724868897446	1.6894355182731822	-1.3604429547115415	-2.8450800409746164	-0.5673662084047469	-0.07534966165250721	0.2076455808421939	0.3382655457542979	0.0787477917029994	-0.6649577060815614	-0.8169569682053173	0.21876364944507337	0.7251702908058142	-0.05917994204300672	1.0635328862347229	0.17147976998940645	-0.33416057447547676	-1.8482792805429162	-1.5483323890914609	-0.1772592839088881	0.17437289467507255	1.6467240164143342	-1.0529336920483157	0.17029938517968188	1.8767085823972696	0.7743541593448539	-1.4927335329234426	-0.21439117370728292	0.794409864231139	-0.5936343733585128	0.5108112327181429	-0.28722249630300406	0.07631674076752858	0.2936231145119908	0.056638955754247045	0.28897378068013263
DTXSID7046752	9.550971380852376	-4.262567133727277	-2.0167005598378296	1.6123169984901449	-5.082347922186631	-2.6247804932503582	5.212521104996087	1.3298521306423363	6.597181272248925	1.6695701388715791	-4.1022666376762045	-4.87506146087368	-0.022512760987848934	-0.4525066894806465	-0.5359611995046076	2.070451780896016	1.1749944558649825	1.551596426190735	-1.035522477928185	4.619803284182399	-0.8342604832789653	2.5799874451851315	-0.3955487632191772	-4.554014484672194	6.570294063555535	2.7032378179986507	2.5901793444826393	-0.46381152954778626	1.1394803107101525	-1.5646716808191918	-2.1184977671200924	-3.1488775452428452	-1.1352401017687725	-3.214381380899555	1.3417819751061506	-1.9334712204859898	1.550342432662739	0.7332418637563388	1.9789135442380978	-0.11877580885261645	-1.8773843701814747	1.0727649144777742	-4.353697497496351	4.7159385128297995	-0.208054136393909	8.251414048656994	-0.12597613181416514	4.05659444123113	2.184912198602699	2.7549406100634752	1.3606710103813817	-1.2659514242227512	-3.819670978645129	-6.516584612209997	-3.03449777887618	2.0854143890092067	3.01648703765146	-0.04755560690358532	-0.9445597161802503	1.891667339381261	-2.2041516401037224	0.5037521673673648	-0.7159587984561087	1.0086905889465956	-1.42765084265022	0.6291573431437183	-1.7290234937613462	1.3118540717762537	-0.5127375069433614	2.000977600481338	0.011542388661824457	0.40108095256689874	-2.308388610876754	-1.9190651686004243	-1.4526534108612597	-1.1122611602030081	-1.4563843360556112	-0.022187445634671496	0.3207020120144419	-1.4107176049000847	-2.1391228671556144	1.6513196703024349	2.068942737725894	0.6075826034130445	-0.29475952160793384	-0.14816538309875724	-1.7109409216332905	1.3121279332867117	0.5434302233190021	-0.8595039763860327	-0.8329835202224215	-1.3279857556547134	0.36654236344593577	0.4386306411886144	0.3453953878613411	-0.26679253616418946	1.6528524707278052	-0.41098920401816247	-1.7730320215847772	0.07073371289208363
DTXSID1047287	8.122396750579691	-7.890635970247257	-2.8563066976936176	-2.8627397704273387	-4.972002864455795	-9.350695885714913	2.2160703111067703	6.720486932943726	-0.3739183959830034	-5.253343954532068	-3.4896708276663495	0.11056097534747089	1.679925478829403	-0.5326115168267765	5.5968820503262044	0.3783738856405905	3.6691221032874455	8.31131133916676	4.520691191046129	0.8955404009298186	-11.240903463140302	-13.42457654959793	12.864342299513902	4.401358467864347	14.978216251858045	-0.13173899336835287	1.3510651675218632	1.1745563694641172	0.2534199556798123	-0.30414220630810646	-0.16048814068656675	1.1654430537828964	1.9763550750088745	-2.461685117438461	-1.214501716584018	-0.7859294851467619	-1.992076051650821	0.33464020501657543	0.8608503274092816	-0.2320088262631204	1.5641592814310679	1.128261795950851	-1.1763990126978832	2.1789290823786236	-2.304760785275888	0.3933668149396148	-0.7837679820379567	5.677052483629427	2.6113600540125197	0.46079929141425563	1.6872707242035716	2.590584049795257	-2.6368573811060996	-2.713608953489824	-0.32029794064667966	-0.7168642722331509	2.4620593435389737	-0.06125143552501559	0.7380849887558399	0.22526038628170506	0.017470745883946124	0.22052008176390253	-0.17830587681420693	0.33689143068164046	-1.5442610304763882	-0.23591456298209604	0.6356715717016531	1.0298140979729513	-1.8146557938238141	0.4246758141104238	0.6018677600634776	1.2673947498569667	-1.564704639527483	0.7930928684619202	0.3162671546725033	0.35116331078190244	0.4822865082804193	0.09553235920130078	-0.6600993388870049	-0.8224329582545729	-0.08290043919385312	-0.7415007306607918	-0.6545182362124222	0.3202554954924462	-0.5746498361394429	1.0069949576552575	0.27464418984327627	-1.2035627183991489	0.46605328643497157	-0.10373828491041327	0.4570213877296767	0.46657603419069965	-1.3622816789110166	-0.9086522099657619	0.49545316791094446	-0.3000690076672166	1.0359306986593932	0.051740845006029115	0.37010081584613225	-0.14631020653210117
DTXSID9045928	48.04770230382447	-17.23933344650641	-5.675658485688572	19.299939362915133	11.728044122721867	-6.676996278216718	25.48031190080064	10.662814222054383	-5.038958252376847	16.41790421075946	-18.990965585084485	25.238920405044276	2.2545181798451344	-5.247331328343592	-1.1714435175455071	-21.405866159569804	-10.637834099637807	18.27080723539729	18.029804046779258	4.7291577912954175	19.593984377697232	4.966316725992867	-1.5828113274120688	0.9267811645245564	-0.223017007065129	-11.531858252644737	-3.743060127654289	2.614219412932287	-3.950504189745409	1.0005809277439417	7.187425597973364	10.777299740617282	-4.638451300833259	4.177779345626521	0.5480116899134881	12.001812696882649	-2.141396227872027	3.0069999973785286	-1.6310764781416125	0.17923324271273156	-0.29302993064622657	1.1926372181033948	-2.7804404482142995	-3.5469054238306765	-1.995578511393791	-1.0907249309346012	-0.31031851642939706	-4.3100034222845975	-2.4049392242995102	3.531860066969105	0.23665278021109498	-6.177811809620339	-8.791191142353005	0.03420955701179133	-2.1485847075404725	-5.597443980200582	7.192784485809218	0.5784075573385874	-14.986083724566805	-3.161709567574138	14.386507108704444	-6.690884091995997	6.790723672054365	0.6356194050881673	-0.7724357437274698	-16.412032855340783	-4.787227243136066	-14.718889362538302	-0.5929382609002534	4.276117935410503	-15.602062844266474	-21.233874664705713	-11.285837034548363	6.442892621887772	-2.168618372822366	-5.406692880698031	-7.079017544664109	6.129793628946132	1.986645982718451	-13.057181756633343	10.057605470241654	-11.268339918906456	18.75987621499579	-18.300652666460604	-26.309572485968374	6.614873597619248	-6.326525910174411	-15.344084344526676	3.1889763156287656	-6.977100718248102	4.50270788823946	-11.947156534409473	5.276221328707052	-7.168308017154493	5.399283170819513	31.013751602375812	-4.1126303768252885	-3.3063955417804056	5.874757232677604	13.865535810061305
DTXSID1020144	-1.8177280693956075	0.0401168501446563	2.764879485158968	1.2484357656663188	-1.0420256267879349	0.0806027515003895	-0.33009109140322823	-2.1165568051450303	0.02593996938381946	-0.28679929062095455	-0.38100427423709926	0.7652604003210415	4.031422352424242	0.09489320346016936	-1.808484270856762	1.360347782307757	0.8294488184932484	1.9085172372438233	-1.4757249317763095	-1.111784336033064	-0.6040981617332526	0.7571357343838901	0.29347164180276647	0.6155191613760362	-0.29177128575657113	0.35291842255220185	-0.8647362900248973	1.0858039554567798	0.28437229039650275	1.1845810876923435	0.49156853573285303	-0.596114836749602	-0.5558230564847753	1.0112636363009024	1.0021232141739793	0.6257997456866057	0.9061207609845771	0.3460160292851124	-0.2146034239414052	0.832411932582501	0.48945753038072937	0.4597011531264441	-0.8220411223909537	-0.254613375085222	-0.09841185731317738	0.2980057477167924	0.38591518382798984	0.3828286011842068	-0.96843139436954	-1.493709345625785	-1.0111043047750894	0.8679484021850774	0.9535148661155058	-0.6002510788636171	-1.567981010646494	0.015355974323231516	0.20790880487475166	1.328331180991651	-0.33439154333246757	-0.3262154184469852	-0.4572796855268652	0.5263996544178693	0.5155575231300943	1.1396630854538572	-0.2088636241623502	0.38892222310259744	0.5063099009449061	0.3251958916211049	1.1490422751376435	-0.7625843183235759	0.2850291269962363	-0.4115124757839639	0.46344633662150897	0.06110276814763602	-0.8731582403336025	0.1770497753332562	0.9512019309094734	-0.9158983838779352	0.6921532728640071	-0.32053032402971193	-0.31930205725838173	-0.8061742754261231	0.6750308323525577	-0.8817490059210584	-0.29853847986356497	-0.5578802841965248	-0.20948676214198816	0.4477144078355177	0.7635786454151322	0.02429912471206683	0.8598996521698751	-0.314607825630879	-0.13882148458442123	-0.06317022655948216	0.034876748962439925	-0.03377662720582592	-0.30871403415358195	0.5411829020635581	0.43404934726907773	0.07808990190748011
DTXSID8044678	11.432087228817997	-6.029675021024578	0.6290620425559962	5.66957818874511	9.75411275158681	0.04790661866393271	-0.6850407290937718	-1.647594705049339	0.01042349865789832	-9.607737522340418	-6.562797623146076	-5.466651584981108	3.8520546117231897	12.985737952823285	-0.23947546053422297	-4.313977876649302	-2.2960147445984602	-2.2907141682522156	4.491868703241813	0.1416256925260905	1.4608397359299725	-1.1955967443632574	2.7990388620902915	-0.9650202929280752	-3.340166647900032	0.2600324947323275	-0.02759401263080982	-1.9080502450760661	-0.7208838861939221	-1.5875642331460682	1.7311492629610317	-0.27853671079148	-1.7620397850827145	0.3115177575095384	-0.8858928021224597	0.05224241578388076	-1.0589269416354115	2.3926930746093205	0.5399520780467225	0.09685284456958887	1.1700770079276614	0.8728568376533365	-0.9237600433796388	-1.439014612714343	2.0987897539441773	0.6789340260246368	-0.9926148925182396	-0.3534892491687882	0.05318998267560132	-0.1320197786287101	-0.9225737753285009	-0.03518311087191662	-0.378783809087973	0.7057584239395479	-2.0201544889047627	0.9599163186518802	0.5651393137793438	0.8298737954320627	0.005256498735189084	-0.8537800126710722	-0.8565575649592116	-0.7364012391018173	0.6760320371486268	0.6290521412979667	0.6633915772139235	0.71501025657963	-0.650972840811524	0.25981851973591874	-0.2938197575299209	-0.6422086282132282	0.4066205713877159	-0.149919053923754	-0.043581337995333806	-0.47121357102394285	-0.506388011490636	-0.15028546518742156	0.8416588929103748	-0.42937390005652687	0.4812930412929412	-0.08228473360433042	-0.11038423077371118	0.7016206287839997	0.9712600268926184	-0.041458564356849456	-0.048566537653316436	-0.018254672172055567	0.6911043530647111	0.17897071954413526	0.20251077331596448	0.3995015176495238	-0.7163622881701622	-0.9489126968033299	0.48192366387196117	0.5960217970844416	0.6859983081503089	0.48235833820154916	-0.36120210153615095	-0.898016832270396	0.7038070319349767	0.20262369990741605
DTXSID2048668	29.201149721910586	-8.70026089594153	-4.326863905905716	14.671684709504879	5.295956603006032	-1.9530098424979165	-0.17057669469510123	-5.7490687463451025	0.10101760035120678	-7.121869030279496	-0.5859076350266412	0.21314092121274136	3.0072123550359313	8.97847049244776	-5.576484869609942	0.2746243091196561	-0.2358407609598685	-2.599849689827669	0.8572816357428488	3.591074866559397	-4.546237584433007	6.948034688343139	5.235300510234067	0.44425259378258775	0.8811262647763203	3.459002056587954	-8.411520235292887	1.7560605787042085	1.7135389076113607	-4.6713304913028155	-1.306434139300502	-2.7209083207989253	-3.8388828960271	8.733946276886673	5.288472253912415	-0.0968448184190648	12.506627542806383	-2.4436000095276387	-4.426068012103028	-4.434553578793725	-1.1967421953621966	-5.087210544273322	0.9383243426633888	3.6303799875794667	-2.116887521297068	4.204935779724491	-8.224293843619348	4.306979106484973	5.973536206472679	-2.1563827373014637	2.709333855225882	2.7141719032115574	-5.911439831041031	3.913638043029003	5.236255359632671	-6.938904918658635	-0.2263588733919441	-2.000221582176211	1.202589059855284	2.5891346991292985	-0.7334991266188955	2.2180329966437453	1.520157337412457	-4.144500634069675	2.4062101251659183	0.8636070574937648	2.245964150203294	-4.688261439406362	3.2349843134086194	0.6613366005742639	-0.14287015694568522	1.593497285494917	3.1665330092952164	0.4284431135988811	-2.586999970090399	-1.0776949859320712	-3.415785224420966	1.0290245994474259	1.4815474840354823	1.3829932973081438	-0.49270467740547025	-3.266464346903815	-3.1117379318677134	-0.6313406080026382	-1.3997683836554362	2.4945373459825215	-0.3210199798940226	-0.19699627194214353	-2.2492281578252316	-0.21316724314772365	1.3620099143790552	1.0828789902467335	-2.8880552968006903	2.5542971603295803	-1.01633082265651	0.9036283169519203	2.5942985991450453	3.0531744217475727	0.5680585128444274	-1.536073436288176
DTXSID8020834	-8.885870980095943	1.5954200584096934	-4.242794043066879	4.334552310610518	-1.693747129942615	1.812206759703844	0.17776087178472774	-0.00254759386184109	0.05401730846754949	-1.0153619480956737	0.3627430560035109	1.9321850382190726	1.9362295247466728	1.3146494768305244	0.8702918336135183	-0.36715488080066083	-0.04419336920434487	-1.538645022472018	0.15926279346638902	-1.109550800468121	-0.40457670375308136	1.57585252271064	1.1767465794259317	-0.4463264087222339	-0.5120894191610657	-1.2334584492792657	0.04328968819083682	-1.5617023228298745	-1.654647357788378	0.04987019263715711	-0.0873523609886901	-0.1888125329664893	2.339713691994908	-0.6460006167008627	0.13919284303521753	-2.273039024790934	1.0304381029111298	0.7437047396059993	-0.6613866710261376	-0.8572560664483133	-0.2469377197983999	-0.23912388533934262	-0.8309897286400983	2.0022219629828695	-1.5292932021450205	-1.3303183530661224	1.7940934450877544	-0.2696730395107211	0.18364938772240247	0.25217062212731645	0.845572244647631	1.7759231344982271	-0.9604447789563603	-1.9684032336201918	2.4738976144365137	0.7358319601818695	1.6862854872389383	-1.150979055713642	-0.8171641574572651	-0.7088934534061572	0.46759362473211685	-1.912537545027014	-0.6556094729825358	1.3705206040063687	0.4158817008136938	-0.21901430900612265	0.09121040357286728	-0.1330710912443139	-0.9726326977137909	-0.339634098791708	-0.23821316348483493	-0.19529772054540606	0.7008467917025439	0.9046009946280722	0.2601407725625159	0.5017394144858104	-0.5115798249490131	0.33964883766935355	-0.6607056135048538	-0.5575182073208962	0.5515305376329795	0.9840367745171062	-0.1545198807474156	-0.03250836666411663	-0.1684112415118717	-0.639501355254094	0.31605063622218454	-0.016781062435688845	0.2641372499697591	0.09583025285059465	0.11633179479373713	-0.07186317551384008	-0.4335085305025697	-0.509765111319871	0.6258470833427853	0.2733715955648128	-0.10893672524991493	-0.0974976857646137	0.04740083745868268	0.14546952932067728
DTXSID4022866	5.410332034082567	-0.37554137039669233	3.4155534303925403	-1.3719309914338877	2.1267925685781757	2.4688411379063524	-0.7863769779409123	-2.34168042731355	1.8593187084409348	0.04575375423959396	1.9297955283885047	0.03945306263523778	0.20925286722572725	0.34935106483383427	-0.1465125706195785	0.045461610714950355	0.5349559290686683	1.018227180554003	-0.8913703185701655	1.0677608816164494	-0.6374403661038317	-0.21429439075887607	-0.8412023217303984	-1.1719906080340028	1.9416514513043717	-0.7883074729362384	-0.4688454536900918	0.5936424340918895	-0.6543751232897653	-1.270364756708791	-0.9094612728866902	-0.16977184720522837	0.2506182043849084	0.13451888361760322	0.20705072738480687	-0.2756361295915512	0.11421649949050558	-0.344004649375258	0.3303982360818962	-0.025288861225428054	0.8123779715315246	0.5195365396364101	-0.5683080960478395	-0.8493505760739477	-0.20306629131676956	-0.6368868313667212	-0.3497472686065852	-1.0335335010747069	-0.6738163908730148	1.4859260646054482	0.16472541437283436	0.5692595142431119	-1.2651555787795024	0.08308979969947579	1.2898842971665416	0.0008268733507294829	-0.691440876542871	0.6725627183155977	-1.9044866992468468	0.3368296540637975	0.7147842437022165	0.43543822960033474	-0.965509952965483	-1.1017737442854283	0.09290229264126239	0.052012339410188346	0.3879018663740862	-0.6921139444556894	0.17055226166175924	0.9759787892370859	-1.093867138881062	1.108007101619108	0.5949758977201393	-0.2986678094365991	-0.31034037570041406	-0.27176202011783823	-0.7804447762946027	-0.3686701340703383	-0.023939620360044173	0.07167456311691137	1.5383507601636845	-1.0202285951576453	0.5618785050323145	-0.4827473507182637	0.08046130090573259	0.9106625346573752	0.630449832739035	-0.7264174849557623	-0.17494701047204156	0.1838392626164274	0.6067463317344278	0.9722649056457271	-0.8896840255035909	-0.005975919124011735	0.07636466294680193	-0.5942467873212339	0.6643268198128912	0.29656221932003324	-0.08683372330070648	-0.8611739939946021
DTXSID9046360	9.996537133362965	2.6119338602703994	-2.687285541889842	5.964807615169111	7.767685374000446	-0.9010643352621982	-1.9883933387269999	0.55023722592302	-0.035527376665617595	-4.973038579408874	-4.493478949360346	0.5530341961138614	0.4357418106519427	4.867761748319408	-2.517065578189647	2.176491137145943	1.6953264431614539	2.0832828498382585	0.039726373470896706	-3.195271716215903	-0.43293777674684963	2.300534327736604	-0.10795489563704028	1.1142864581028553	0.3092545631400675	0.9056670127887053	-3.09829906523756	0.4925867578338869	-0.8082513227085077	0.5597439785386454	0.5664917545648399	-1.7252253209342256	1.6712453000914875	-0.8186972024597271	1.3261978326780324	0.8214974510119374	-0.4375084565751368	1.3180023692781868	-1.2636324865698032	0.23719454020905326	0.6249787020482728	-0.08480578821715119	-0.5129507429148865	-1.1040306423564281	-0.630114985790292	0.571082826764388	-0.8271434478329986	0.27844922412116996	0.6803988358997507	-1.9606503398690645	-1.8891515698855594	-0.6397228102619473	-0.1265336133677206	-1.5356174740163424	-1.931391000304515	-0.6523798985772771	-0.1155044318868983	-0.2126309509988882	0.299791795099928	1.704412668110173	0.28923974469157776	-0.692860387271403	1.5029391291347827	-0.8082570712027142	0.8247851243022616	0.3693815395155425	-0.8883326477261352	-0.31774513213216665	2.3829815755199713	-0.13199529058186601	-0.3628220220830574	-2.1962658605916103	0.5394500860794748	-0.49376354615431584	-0.6695049028550303	0.973032752591301	0.753109064464092	-1.1158184630614054	-0.17655319495421834	0.3480615999711999	-0.28297704624608533	-1.6503195033661648	-1.048325859041302	-0.16035136765193458	0.7284196658415195	-1.2541236535843643	-1.2280520378097424	-0.0864393726152601	0.648218635563195	-0.5308441736492686	1.747101077717687	1.133529371120147	0.7894986629480056	0.27377358531061996	-0.6672879926212907	0.751728764235621	0.7214807325752809	1.1294600209516457	0.23601288750084062	-0.055230867614518536
DTXSID0023032	8.53244759101983	-5.415449775467569	-2.182675914113383	-1.9066294826335102	-1.7234826228399747	-2.818731880472027	2.979462794110464	1.2447002156955493	3.2027017755611102	-3.0953461141345855	0.5911189641985025	-0.9762826376884944	3.4864352368316536	-0.7851471369271624	-2.412025698163969	0.0049600819893277845	1.884100696639058	1.268332152133465	0.09440964717670812	2.799684135471855	-0.4995883589931449	1.0192199523122027	-0.9112344561760952	-2.158320707090411	2.60535026039518	-0.01064546060993672	-0.28252343083756054	-0.9198587573013665	1.0272516633897761	-0.5822316971548921	-3.0117324778029597	2.6566168074480534	0.9430147005805593	4.5028115308849195	2.2406126758554263	-1.409725269944099	-4.541534502463055	5.155528591307108	0.27342570654137444	-4.0495007074507745	-4.9529220602695	5.289664830999572	6.155573332293817	7.671007540490493	-1.279987972604546	-4.5061714915037525	-0.6678862547158217	-2.536815863225432	0.3069721979874528	-0.48081312069392085	-0.4510526521088535	2.971160176531025	1.434161915231031	-0.8698470836184888	-1.4911771879886968	-0.6228483656128664	-1.8201338047476192	-0.753319030407755	2.082025401947518	1.6035626937095095	-1.6105392667911291	0.9764994407261396	-1.9416045709698666	-0.9705999239172559	-0.32648710828421557	0.28344427966929564	0.4281714514449851	1.724431339573921	-0.5792649449166418	0.9703905040941666	-2.5007078522881603	0.06053304095341018	-1.070129866327027	-2.0849437693782154	-0.7390320236010445	1.0656507747402393	0.4929164452657471	-0.3793542978620602	1.8440233511106006	0.6200437219806018	0.328918765171466	0.75937129643579	0.6261818729135373	1.3438164714340592	-2.676199373832841	1.5813165880662192	-0.39597871198078305	-0.5661983658673906	-1.867742530613975	-0.7108153317052402	-0.8833560072908943	-0.12930177356360234	-1.234132391582841	-1.8562376089446966	0.3851609986104227	-0.24439072772834705	2.474455656324719	0.7392149957039661	-0.5036375531721632	0.119938755352716
DTXSID7046257	1.2600092983957731	-1.1117224423835814	1.466733077431296	-4.518077772754346	1.1036146463315328	0.6270412567415485	1.9514243648377632	1.130260925144682	-1.6367416394816836	1.2341127084118535	-1.2193265904751183	-1.871643614497489	2.3824841435718294	-0.656025382646089	0.6924126252002063	-0.043144415027342446	-2.0575762082346283	-0.96749618987344	-1.1746822727731139	0.3801463982029553	-0.8935074968487597	0.38260243230803204	0.21499209606458808	-0.5897007117952611	-0.15650438069395128	1.9148424003109907	-1.4683795802261825	-0.7559323878461862	0.8073886327887472	0.7560022565886438	0.2909901240733025	-0.4750458787358164	-0.8929474022332109	0.8057567282984427	0.20804825630543924	-1.178782686253741	0.8387554929259775	-0.05151578484653666	0.8425308940558104	0.39166635996389704	-0.6810475978476396	-0.30422494407934103	0.26434733456556264	-0.5580259218642044	0.5313327034266767	-0.6328635141268473	-0.20874247628152182	-0.4458036168170207	0.16136843483907015	-0.21789170792039972	-0.10740581886539184	-0.38789751576571874	0.6272669434017906	-0.2266910483760803	0.5904139575915491	0.7468462055799652	1.2762609656039177	1.344356036253582	-0.44443204636359396	1.3503218511334507	-1.0329406774105745	-0.023948854673234897	-0.12443040667087944	-0.08412430347373537	-0.300032575473471	0.38214677147795084	1.112100900774112	-0.14382104919273186	-0.2822121924549665	-4.10216433687512	1.642966738709405	-0.3311063096481178	-0.4543959420955752	1.4566325525826191	-0.5901324434992729	-1.132407057494534	-0.26686204490102367	-0.2119558066486812	0.45251082082404476	0.41352154358323506	0.18892246796761375	-1.4466379346073164	-0.055280207603664255	-0.3106411798074096	-0.06919123763080588	1.0552570285681893	1.1497015951014502	-0.32016548165468983	1.020553255372382	0.25107277784195753	1.2092870173540193	0.2266446557692342	0.35095624080880733	0.660950477344742	0.7841608866491165	-0.3784431389957582	-0.26379222024857657	0.44166270752148895	0.10438580331513395	-0.2089863047389303
DTXSID6057617	-3.1403998001181175	2.6335263381621883	0.17502577958022517	1.326048527039248	-1.7446646282825602	0.9829257396382013	0.434387975473351	-0.5831114439631341	1.3478775108211523	0.16797562174014066	1.994831835158272	0.28915958705721034	1.9093493476023935	0.754043621542605	-0.13342493291662344	-0.9647791373419833	0.9139187264356203	-0.19102045255645708	0.21996981252378556	-1.1691521768488344	-0.39173440784076285	0.14833182245473336	0.14236986020230696	-0.29705065927738156	1.2139088235634783	0.8345644974449157	0.9089006748928349	0.48880637528414017	-0.3095693688665695	-0.5366585148101578	0.43802386497539036	0.5522566328661183	0.3845571541031134	0.40043906454595474	0.17659191574637365	-0.06435436751243431	-0.3008068623339563	0.377545214772696	-1.1647823238496124	1.6884456860839443	0.3448751596807763	0.36028509659300834	-0.2802014198037857	0.4489065125850069	0.2588022586775923	0.07812427125125324	-0.27930051060891753	-1.3110396008789742	-1.4670112447166643	-1.8200398674125011	-0.5958123113602634	0.22814444004987877	-0.22897577731353	0.05625277673283208	-0.2246687616845418	-0.007904209859636259	1.6104304004889756	-0.2107142322321222	0.04665643534514927	0.23746404903592658	0.29033788766397733	1.2431393220546965	0.858487499334854	0.8457056617883466	0.03416957654379515	-0.3635366035631205	-0.3655304390052931	0.1779896874010421	0.562504928818899	-0.4068245764031311	0.2869950385143584	-0.6144503604632686	0.24244537864335539	-0.6120677310874327	0.3875660663984042	0.3021361759487151	0.2746457443802918	-0.5891788056743265	0.012125460088409222	-0.04737181495429285	1.1811748122969687	0.10899343619795254	0.2032724347069155	-0.2211503740158899	0.9489701828445168	-0.07638092033341491	0.07037856236770822	0.12564974608657878	0.48000030061315074	-0.4925356831314995	0.05941327679389977	0.40941892621036097	-0.006987992466019708	0.21872978668279994	-0.14549553614117453	0.00561884024248608	0.41412681897470877	0.330137229989641	0.021464106127919262	0.19653721240670144
DTXSID3021358	3.625599528798136	-1.0434522393869017	-3.2322199670616767	0.3499976756289396	-2.4352374816643083	5.606607255866366	1.9821148859820203	0.815136528935437	-2.232948382301737	-4.637731622856316	-1.3795404784599388	-1.9924605666076032	-3.781770814410819	-5.897685572386976	-1.4773578590469327	-3.3561010561265805	-3.16409027210306	3.910297687807501	1.7647788385685792	-0.6530853426044091	1.204983547329653	6.234828221937407	3.1899354110569993	-1.0570728061830796	1.9075701796052735	-0.6540252600395752	-1.1354220566723092	-4.5180077232360505	0.2961879662247936	-1.3286671347514611	0.6511005213855895	5.465054060489106	1.699089701899844	1.4073960436292652	4.086083918631438	3.6841402229229008	1.5098710445475076	-0.905104063212178	1.9058235665148362	1.647282643025654	-0.10232073910169326	1.4917970429459226	-1.0938498116838935	-1.3792254510213189	0.22997740119304994	-1.1287612745710032	-1.3318087605424485	-0.07272666092633655	-3.2794305560777413	0.682662938510016	2.010036021504619	-0.454032945480604	-1.4581314764979116	0.6277263335497679	0.544725671970485	-0.17440008610240454	1.3566845297351209	0.2804543718887266	-1.7618389947417286	-1.3749264503102527	2.0550122853348456	2.7154489678391105	0.9996304859584766	0.30880334682648497	0.8355746718884882	0.7984646428485364	1.0953238013197124	-1.8427821482215492	3.110173807031365	-1.1612557716603331	-0.1853525335882595	-2.3700093161075273	-6.862759894299354	3.448256005997112	-3.0916798826808782	-2.6185014610891475	2.6056154695946496	3.5463746973028174	3.3825942651378997	1.0765946332512888	0.033422157526196934	0.8910578358089756	0.282742148966518	2.074107709904699	-3.3602597154216447	-3.1800592354665302	-0.735145596868205	-0.9608503395938698	0.12251103721210535	-0.6121534298968427	1.101193656893528	-0.1283026551406391	0.8783740715691324	-0.591835799472063	0.685049962678026	0.11178578308119641	-1.3547949595112119	-2.200423833808597	0.7078919208521391	-0.547892383587034
DTXSID5044441	-7.258917286015467	1.673750131842038	0.16380991009130533	-1.1890283254870408	-0.9574116667268515	-0.025575595996879575	-0.3409607200285714	-0.8868571028823048	-0.1994970642509459	0.749304875137762	-0.5713048498575803	0.40094875915990186	1.0549737997176853	0.396728437502965	0.3536366622476573	-1.418506560841805	-0.6355460518107865	-0.010171300186581883	0.5767304997249807	-0.03769319343483194	-0.4093561569674814	0.18403790007556303	-0.6552969980268482	0.46836482411565605	-0.09565869069555026	0.5266717705641795	-0.3408544916012196	-0.9064463773210654	-0.03353380304249723	-0.24851708725567268	1.101273586861713	-0.11673785693956977	-0.019747447767003955	0.0953208005717763	-0.69460055944257	0.4769095238973718	0.14236870793815184	0.5923424170825753	-0.268186681928144	0.16057871730941997	-0.38720336617563406	0.13967979594867452	-0.41312489772338035	0.3962917887974751	0.09759069312499634	0.2938552438275906	0.35503362649240733	-0.44500359322741423	-0.06212280833349664	-0.5009153052348511	0.221574533467156	0.04391440751587001	-0.6181658438749471	0.3961278764613638	-0.3708391143587253	0.429454567329054	-0.6821969076722203	-0.249968285587658	0.04279278102861873	-0.016158215669626528	0.5476205098219139	0.47939117833878137	0.34811622211577276	0.1789267125821264	-0.3308789800325357	-0.30253188932961717	-0.09385425641259927	-0.16816896624777072	-0.2973092046377137	0.21359857476013097	0.07892654302235641	0.11671500276385968	0.5244301835290148	0.2819671398604223	-0.32311045142811134	0.3554609320435505	0.11963923696939739	0.22171825912206608	-0.5248873935453857	-0.2621438705300246	-0.17816481262848588	-0.483815623335124	0.01313545305108459	0.08514875347944234	-0.13552980660769345	-0.1765850879998125	0.2370175150976039	0.17723088479438878	0.357980335623897	0.09130542633990768	0.2809620859625589	-0.047759349262868844	-0.20978560223133672	0.16478274316287075	-0.1486594420943833	0.14698983216088232	0.014688279143524496	0.10827126139697649	0.22790896863450955	0.12649637646949544
DTXSID6025775	-1.8576003432762385	-0.9123635576396736	-3.262767949769932	4.436621948439546	-3.0243353795515846	2.1820995022151295	2.4368125767057873	-4.153576078472899	6.177510779601219	2.270048234469593	-2.237666294438121	-2.9185508562791087	-0.022518898330969678	0.5772236561148141	0.0007246764374825704	1.6683612691918972	0.48357124951130104	1.638709688991469	-0.9172772906541536	6.3571143091226725	-2.425789385226115	2.780097031802692	1.3473760027685284	-2.299458950415508	2.6597266464234504	-0.17697383432623123	-2.3623427585469208	-0.022683715287453728	0.6658063680386773	-2.0501932598085086	-1.7131611917266558	-5.135554957206993	-3.2124493206591196	-1.078787330598967	2.9861869816789817	-5.258916891974596	0.7456791248482255	-0.22537403033492948	8.055617092386303	1.4326991407407292	-7.498627714851187	3.139831431268729	-2.579619582029954	0.8121636145952366	3.1845799614731805	9.647918853170102	2.2371331031011805	-2.367026428203995	-2.43728139205306	2.9663037803924954	0.8273954927475237	-2.2352953904435577	-2.759538272473636	-1.5895497981915336	-0.5484267855341528	-2.82000817919475	4.127460740656705	-1.8268045494832172	-0.1332701217822878	-0.38422381473060147	0.11234044368245723	-2.086306189432132	1.181638324888686	-0.49905026276518577	0.14632817671708703	-0.9536784647682709	-1.5493621884257502	0.9337596828059647	-0.06368799296160728	2.1890187270096026	-1.594699770297608	-1.1972443323780744	-2.0979359585955337	-0.9271332821542132	0.5947728302426107	1.3694894030365676	-1.2448864306503935	-1.4980215012373823	-0.7073279471648842	-0.9687800997357543	-1.9688030067585018	0.2951126131314213	1.2269011058471015	1.5061435353002726	0.4347585570437562	-0.1762009588063622	-0.24969559412191772	0.30119793874547224	0.7039508158228392	-0.1556201627381685	-0.162333491397398	-0.025309791174822294	0.6337487634613775	0.7999191733961614	-0.6631360962823333	-0.39239491452846215	0.08983286429382831	-0.02577014339053252	-0.27864388681360003	-0.43997874724505914
DTXSID2020216	-2.3341670611084924	2.4941683548629308	2.574723726392809	-0.5716743144399501	2.773674947915429	-0.04993001822745953	0.6206564660593128	-1.0051215152605222	-1.0030853712516012	-0.46612191577045636	-0.3665224891837565	0.672928551140806	-1.4051917327914667	-0.9552889552051702	0.18026715936653945	-0.8856739388176356	-1.3373620195372005	1.2607732691338533	-1.3734592428389483	0.1723779603444185	-1.0213952412723828	-1.0819633802400537	-0.46081468727483405	0.2570806671611574	-1.9966192279241248	0.952607227437999	1.7775235184744345	-1.0891837342253237	0.6539737506557667	-0.9135910314616101	0.19002659814920392	-0.15774881927625478	-0.39285780040855073	0.07740734841354086	0.8772163355953637	-0.15947062041423699	-0.716308128307685	-0.7702495620288229	-0.3485237838335182	-0.24547159487027564	-0.16074552427515354	-0.6251238468077388	0.5944970139483274	0.4188316389630203	0.9154060370283036	0.10139753045447696	0.42682422168017836	0.17033452078269917	0.3494998915131499	-0.3172825200643858	-0.1844069637151447	0.34917795732276224	-0.2557995723656902	-0.9368306755866216	0.20608503323583374	-0.38084915671080494	-0.20214300266903304	-0.9423157275202659	-0.7495686618530994	-0.5531401588780589	-0.9119270625675346	0.09305937989521604	-0.46488518498052295	0.14381477830204767	-0.4112685247750632	0.16547683666951118	-0.2650120482623345	0.18113351720884252	0.22194969698723813	-0.2315148824911953	0.43001844333861566	-0.8443936230250962	0.2786301243077355	1.1611364683705065	-0.08394263765456507	-0.21530012703740664	-0.4082671109726899	0.3458662563070854	-0.4088893224044532	-0.20996402632999916	-0.5979404677678672	-0.008371464883954866	0.39728928195437746	-0.07156622350267022	0.2135161962750337	0.41959037637994095	-0.12704968686682838	0.18555024225670325	-0.3605938502510151	0.19492695936821205	-0.1868979780000809	-0.3577004233381985	0.03259595705118268	-0.4070557953654344	0.2938730762814034	-0.15934843609255064	0.23222018677614584	0.21983818465871244	0.2689791751889472	-0.12736090265809394
DTXSID8024107	2.1244556868332434	-4.302362733313333	2.9601606169823533	-2.720241148789869	-2.20864156563161	-0.9105142970193674	-0.6228490713315279	-1.0284681969422027	0.5199895446626133	-1.092302580084225	-2.0080035019799367	1.8443349344398527	0.8764458387287138	-1.8043311906727442	0.9978623474341668	-0.6814556406122938	-0.14380733973803772	-1.6777793981874276	0.38812260528761167	0.7111596636561908	0.3402980576018597	-0.43524715343326775	-2.3393896176396085	-1.2991241756825065	3.316930849751465	2.357879823980323	2.8529207811590838	1.3504227813065812	-1.1988264947206753	-0.48224022147269396	-0.8967794237445161	0.3264056509845049	0.09490100686262375	-0.05761090560383252	-0.2593326945782928	1.609988574096494	1.0468189565377413	0.749778048452	-1.0790319521214031	1.2856667881262844	0.29210016981684006	0.775262154566945	-2.7620177867939146	2.459282756147687	-0.7828946458311756	2.3323049774120355	-0.6559389404834383	2.4015133702604996	1.1099447141035192	0.6866754932213542	0.4534610633204087	0.472222556306514	-0.5213301057243841	-2.8709882434306033	-1.6239852608057017	0.7541784823756047	-0.5407017443045226	1.480366119949859	-0.7773582898852583	0.35876068531902366	-0.7717843987258735	0.12109334893732357	-0.709581649284081	0.9949549211764528	-0.7229526787129517	1.608494801456243	0.1685732624332869	1.2353296479716227	0.14338376934788102	-0.45734945977206354	-0.714528299596636	-0.16683865002012085	-0.44936992883564963	-0.5009803344008203	-1.4683012071494055	-0.28119878015338473	0.16630704843006677	-0.4682509671003756	0.7060603812485912	0.3672823846223466	0.3941703148831039	0.001713247314940295	0.6451593587104081	-0.8253286749779565	0.236302711293389	-0.3924663799963837	0.18448214061181414	-0.4403445253267856	0.37166316953984047	0.7334104547675976	0.5229402350361482	-0.23487929951898698	-0.6368927469231205	-0.3325983268110499	0.1726731224450568	0.30913247794534643	1.3341018677768053	0.2717381671632836	-0.213770225631111	1.2244051637159956
DTXSID3041451	-6.215539775443952	0.5586914374051217	-5.260977605432557	3.2276285765761106	1.0849906558889502	-0.7459615916490953	-1.93508771182375	-0.6415692752288839	0.9952385299386142	-0.44418451889679034	1.116418995578527	0.8967833239248916	1.8027082319151408	-1.6275941013317268	0.06483281845826566	-0.08896163095142715	-1.935876279762929	-1.8895526732608177	1.5799449821618814	2.0787098454294246	-1.267919131730727	1.2792303667829243	-0.1378548445060442	-0.04379517578570339	1.2922527521925211	-0.6393581457026003	0.7124202271162601	-0.8410018742039987	1.2242306965188103	-0.3746329346497871	1.348378756882981	1.0522616117393901	-0.40716841872565646	-0.49467416439281875	0.331476105527111	0.648694945038328	0.5215886957039335	0.6277823117828526	-0.23122110577828403	-1.4931481882665265	0.19080263910599782	-0.41518621943647854	0.09052386655165542	0.6722408958052604	0.46383742834750485	-0.5834016055289675	0.7362100576094268	0.2773570814746512	0.12214245298298353	0.0021254452859419907	-0.6034915451157024	-0.42630641390000823	-0.10390976715881875	-0.36198149625007064	-0.8907561561399123	0.47055888336946455	0.721122964544317	-1.4201933206691149	-1.4236413978872953	-0.08585085078103945	0.8711591845507498	0.14442494035240036	-0.6690041017557237	-0.38676816581004203	0.5257022998890537	-1.1980606079379807	-0.439438107507687	-0.4128472273753303	-0.47986243245333937	1.4771884411366814	-0.06269245498319839	-0.10095137594638186	-0.4224126888505981	0.76090494719926	0.1559217780875835	-0.4201652467075938	1.8197739551222711	-1.8267761039498276	-0.7128264151349021	1.3988020753053714	-1.1447720843471363	-0.8025884483389137	-0.7098034251634396	-0.9107890063002221	0.4479022809973248	-0.04150471596461583	-0.8409937149057999	-0.5027816043749355	0.5759104810513335	0.21672587604087357	0.24287569717408522	-0.2511184401479378	-0.28961095208773974	0.31995518830457603	0.8506042413773789	0.764105801486582	-0.7860210470380874	0.25726676398254233	0.10980499742981893	0.773206958063392
DTXSID5046568	-2.0647057011840806	-3.7421676652469835	-4.455462810113622	8.101763783533515	1.2584030837729743	-4.1477840460917035	-0.5614600795889801	1.766390389762134	-0.653864189894155	-5.739869049087929	0.6952968023738666	-1.3864137958709388	2.5585277056432756	0.9719264246532155	-0.012660286689137433	1.6642940816048721	-0.5668610114764124	-2.694362078794439	4.162290830490181	2.9728133255686777	-0.6101760270862426	0.2916570810094444	-0.4203418421718388	-0.7677528447122587	0.7485549377827069	-1.000690983812376	1.7819820173084813	3.02721083644167	2.922736473243877	-4.744526915159195	0.5639562536729082	1.1554666824483286	-4.315077645341115	2.5118312714584166	3.4456038417306765	1.915247066480411	5.600624163922793	-1.8906261290762907	-2.501049793373751	-3.3728976741675747	-1.1706102221045143	-1.4587816123467687	1.6141622808242082	3.6755017070261666	-1.4654996036258154	0.7776063150506687	-0.05241698402063691	1.8633226430864842	1.0826974369104128	-1.8421600274313543	2.091736696421136	0.6849177981918384	-2.5759626155222484	2.6860274850073766	3.63718818259172	-0.8615935449254797	2.2127749828495875	-2.4169328950000395	-1.656064702813548	-0.3845776174141643	0.771142701037731	2.0202967822731233	-0.3612978222766077	-1.6223496037062832	0.9657642829098682	-0.6916504097569601	-0.3654451113706266	-1.3526836677941951	-2.0755232847994685	1.6220287209496431	-0.7380187422771513	-0.3248366966586984	-0.38688027896570737	-0.9448964909852946	-0.6938358959129327	0.3881785713400547	1.794810884997934	-3.0140241637122043	-0.286636645526502	1.6778160791358379	-0.9176339823648362	-3.0380459219663978	-1.5501007747265554	-0.05824767159506772	1.4224331533729186	2.232544332968361	-1.9016250714842304	-0.6811652770653531	-0.45142250920166155	1.3698434772235313	0.7883450133312728	-0.5897523432766271	-0.14156115160138644	0.12166221782008185	-1.2497240103985028	0.9449238321455029	0.1545552732925819	-1.318373758275267	1.452738616287437	-0.9930100137208241
DTXSID6041507	-6.3789047281343025	0.747343589324418	-0.05795046810187769	-0.5268489271337858	-1.1116538626773975	0.05143493299350528	0.3019927076353605	-0.4328562003310774	0.5303379971972694	1.0859514743269454	1.461539993612267	0.494960291157032	0.7067662559910549	0.8480159948705945	0.6740916032460085	-1.0362740162047097	0.5879230466561093	-0.6476992030623986	1.4110654599788037	-0.7883158804570265	-0.09785650759779062	0.575874572054345	0.2545311680724779	0.41587418424477207	-0.2718589040452424	0.7332571717557542	0.10035842313014526	-0.643055514178296	-0.31455272538799833	-0.6260718332745386	0.7747237309705127	0.5272316252728662	0.17676621160807157	-0.41401476695617057	0.14847808429144305	0.31626173856191064	-0.6058228029901431	0.23461404188946144	-0.5373502950257616	0.12257375150271779	0.38704209543668244	-0.05970209265083654	-0.28825710552540057	0.7789788071759653	0.5976870085662614	0.11789092487488445	-0.549098218267847	-0.8873434068597923	0.12440079447327344	-0.43441477068446377	-0.21159638620544644	-0.13760910027617174	-0.6289125624704213	0.37100586822898507	0.08737459005938468	-0.815383199044025	0.8477310761641579	0.04208650166516007	-0.11136851332682834	-0.05637751943881951	0.40788436253012245	-0.2810474589803284	0.06893366023178685	0.5242949441113796	0.27487928995219163	-0.36576305216829047	-0.12826329381781884	0.22799108448249644	0.41120444687631846	-0.3049446684733993	0.015722276610220805	-0.20738522283153402	0.2937959317238334	-0.23173196880585628	0.15493504726442178	0.2643302710325965	0.5933242126788698	-0.11954767374213678	-0.5183388844831387	-0.038380884774402824	0.6764015716218775	0.021153647983710763	-0.28510531671036804	0.09143789964932927	0.23923395762295824	-0.18382764721899122	0.41384342648024225	-0.0908782126215607	-0.1552354669868057	-0.23222686677714366	-0.04052903107796783	0.037170114883028085	-0.05387587625524189	0.3594067711419792	-0.24102262178237435	0.12443188214261462	0.3003050585383997	-0.0016577673531692988	-0.35184272488248136	0.0661966723270702
DTXSID4047888	4.686767577779163	-2.774283047921153	-6.598095989191238	-0.36742802756632176	-0.1792567375114057	-0.8862558212790237	-6.207079836107991	-2.7862519716509238	-0.24124730044868684	-6.364567874735713	-3.2544323885141155	4.6167093215196395	-9.556832625322915	-10.498850006465128	-2.3717755241591183	-9.277076567139384	-5.760238549699872	2.2788841722954527	0.49679424922767307	0.24145852718252706	2.370922113778882	10.074919832683786	4.674990865697505	-2.8573524010695657	4.647349976799707	0.9351702619121504	2.5116107795873917	-2.8510205095970327	-5.916025707730267	-1.493672362964698	5.30167285565914	7.7789392380657585	-4.289128825201794	2.8499760911843164	0.47409164797129927	2.4070372777403115	3.4313377562504974	-0.1988975383710511	3.8771908496766563	3.0789509145068115	-1.5255829479024035	3.7639847061128044	0.4103918684194357	-3.266308500120453	0.3970557940941709	-2.0496012094317084	-1.7907133606830803	1.914498810650037	-3.656803293367964	-1.8456661511249972	2.143735573012153	-1.4343436672936305	0.2808402034754276	0.9293757367705865	1.4036235876662857	-1.1805283811016518	2.9496064677010505	0.4714261693857486	-5.6671546525111705	-1.8616153815764056	4.001507407860424	5.466097112281783	2.6515911186287493	1.6549508919851141	5.104362550111176	3.125650415700165	-0.4386845679869724	-1.542048942342736	5.123739728280177	-0.3380326405679365	-3.8457148144485065	-5.7823756586508575	-8.653801371626225	8.766246379554081	-8.566300060603284	-3.4736169707237576	3.303551643595607	4.926567230793405	2.5088676931417284	-2.8073212932676332	1.6459695851845006	1.3989369520439299	-0.8472514468235642	5.5803831285745975	-8.95050658821111	-7.538448524648988	-3.758021986951312	-8.555372769183304	-1.4727937496683312	-2.6790546955289356	2.310732666392874	-2.9816613535009706	-1.9873760996974768	-2.591620633985499	0.8563168002140542	-0.5649167946518441	-1.4391019921725063	-2.500199389486423	0.4917146564590061	-0.9461611314220134
DTXSID6048834	4.773477970433373	-2.9340976433022257	-0.8912336078283549	0.005974858852662242	-3.029562811866228	2.2648768965559043	0.21355080332480814	1.4357373696013906	-0.2939286242732726	-3.1490088257877256	-0.8357411585284329	-1.9320500175890523	-2.4275994857614527	-3.4099474222267965	-2.5998907312283177	-2.928379553465914	-2.880127253209931	5.115626737572829	0.31014450993997966	-0.08336100891714177	1.4956899391028335	5.559497948584174	2.77456581543305	-1.6312930473974074	1.8353110216111546	-2.310106674203395	-0.1645520319447948	-4.729032441003964	-0.7342630231792306	-0.4274849663187884	0.6405160799453079	4.997250832250975	1.8905174926724826	-0.4804569453033404	3.18965250913467	3.7678487592716374	2.9905958060668882	-0.5590223824674876	3.1514110756030624	2.4173037185250297	-0.6626386315862698	1.8000202244995251	-1.3953392543077185	-0.16811520214915007	-0.7026111136357261	-1.6595031440458823	-0.35187393912640597	-0.5972823233323183	-1.0626659828007847	0.40861064468791275	0.41967098874806524	-1.2332736209424926	-0.4783127268022149	2.903892800795772	0.9751780709326516	0.23158228839963912	0.2209708817867722	0.6607413849088033	-1.900479933763898	-1.5356512098949926	2.9381125477182755	3.3461581515124643	0.9571281888325722	0.8820725924888442	1.121396046732978	2.0416822058548605	0.5153880556257282	-3.059993245366715	2.3774515348546017	-0.6377222154800722	-0.850339491145945	-3.1986982433402646	-6.03328430203627	4.926445673889422	-2.7221147659777007	-3.668353078924023	2.412051924534307	3.5830548932601167	1.2157623016091268	-0.5341739092351668	-0.14797480087947612	0.8424263611603707	0.6867817145384858	1.9795495446256048	-3.1289974651035033	-3.244636400274485	-1.1817356443627807	-1.8714150931677105	1.0448458928917777	-1.8800385940086495	0.3284871347286048	-0.7915512739899769	0.7222419030132846	0.06386490539166276	-0.1253894722978704	-0.4366478173515064	-1.2119412134483665	-1.9542880423896023	-0.4563263551633033	-0.9326583168259033
DTXSID7026653	-4.319423329968179	-0.31964981320543434	-1.5516922634172208	0.3896315051829877	-1.166916989160393	1.2706529579647687	-0.7193295861087614	-2.0893877855833685	-0.7115924679372287	1.4011053285001016	-1.3180029142252894	-0.977851278897513	0.6098175412891745	0.5625317063958405	-1.12570664973371	-0.49640731573385133	0.33618798699074803	1.2842044345432049	-1.2356844866451149	0.2458674447115392	0.20931410754752877	-1.2185265526201559	0.0631037931042778	-1.1206966618547594	0.5607376605329513	-0.5777804088247546	-0.10701480394646898	-0.09464967694751607	0.4022236736296007	-0.7024109452235004	0.7730978349439789	-0.33167387326446657	0.21040952140075087	0.35316849182602944	0.447167467761005	-0.02640185721247571	0.2321061780743448	0.2596257137442546	-0.7020099739817751	0.41181263881150765	0.48462167579148124	1.2055953259979835	-0.24062844124166027	-0.47075828380328627	0.274659665770252	0.11801373743576996	0.020829293152880707	-1.0006611472811993	-0.09099650297762507	0.19651742438481726	-0.026186522607945475	-0.0704731793041511	0.9375642032481017	0.5940960340676305	1.303418183155947	0.33405962468324046	-0.026636918697243012	1.9026859432294219	-1.1441950147350508	0.2993807129508673	0.16541590062252534	0.5450109179529377	-0.8334832883815219	0.02484297841438758	1.0034268553823074	-0.8075393681964704	0.47207215949558784	-0.0558892548571037	0.4819515594467983	1.15198776881367	-1.6145976038180745	0.3903812084496723	0.9984249878489623	-0.39882091511548096	-0.6990843595103508	0.14133269082547747	-0.5371958207345953	0.37514239916494885	1.0973725005604278	0.5204199016861892	-0.6378746268288975	-0.30625217106062746	-0.2980817815800691	0.17793356209244662	-0.50754911047687	0.5645746450715833	0.9331288357149053	0.1751361147475016	-0.6572874071419131	0.18693524398756628	-0.14171756518220896	0.42078216071818453	0.19171210006949907	0.5333276152835515	-0.5836387463720762	0.21674719980700258	0.8603467537559284	-0.09296213899194222	-0.16439830483364345	0.19128133919953763
DTXSID3021223	3.919414565985829	-0.4424486511733354	0.7068009353944001	-3.202112302004288	-4.446713974563837	-2.8376460564025208	2.1991551764008	3.6154286805417164	0.39710786192956027	-3.684388232326645	-2.192275035637954	-0.40982327561310383	4.3676227924482625	-0.9202729438926128	2.1026678068619273	-1.2072523548762824	0.8832693508849386	6.471628077599778	1.8695320368341988	0.3857073958776554	-6.437446798742816	-5.765688843155858	3.876561998100355	3.7981442499429696	8.396905526593976	-0.29333357111249136	-0.8814695468115794	0.24533784140005502	-0.016698719947825524	0.4357666235314558	-1.9051369593309784	2.774019690859485	-0.29114807848218854	4.974251669946869	1.0630675780665133	-3.031584902698258	-4.9340168151675785	7.710405214661697	-0.8732924335767828	-1.1925047515574472	-4.483970174158882	6.184020641371561	4.908332792491631	8.238993607902472	-1.8305691088799165	-4.927124520399033	-1.331772617712505	-2.075258939317008	-0.4963310215717255	-1.069629815746358	-1.0351237650669303	2.8026865719572123	-1.2760064650394725	-0.06922722903350784	-2.0582211741767478	-0.6894232222831664	-0.964337730294459	-2.217938947502663	2.8862064430740832	1.639183347955874	-0.7050219459927951	0.4944628939067934	1.769215123213646	-1.4675483485707947	-0.009830746396978132	1.523748188869464	-0.7057673171153145	0.8516362422506377	-0.4803745172510354	0.35882372873513196	-1.1171985052987652	-1.1645700521709967	-1.6032687193650093	-1.0152873990074667	0.8870148185931728	1.1672639541743481	0.16118752562512406	-0.5161338624469793	1.8694129699487678	0.7111142480624337	0.6091882409494896	1.9204775098579174	-0.1994319892546633	-0.9164551649024523	0.23628124149131083	-0.01844417785363695	0.24379919304750539	0.1389474473827195	0.040641380876188966	-0.4834206519251966	-0.6480144185945329	0.2466410959115176	0.8460498935938235	-2.2741432843047673	0.19546624280285474	-0.7129180415820939	0.761998853475246	0.10514540424951745	-0.20329711544237647	0.4179466142749292
DTXSID9041520	-7.204351458524349	2.0077980738939765	0.1892660254180569	0.38885960639413286	-0.6459422721577871	1.2815879518513282	0.8467091878672556	-2.1307167895823396	0.8343367347570781	-0.5814768129265726	-0.36264219185623653	0.6265989223221666	2.221901802751509	0.34740947007974926	0.34142019882458047	-0.4105923800046056	-0.9332682729757676	1.3628131625706494	0.6139280371687942	0.2943400716822965	-0.5467961455794978	0.5582207583157615	-1.8236744469039272	-0.37649340238211915	1.2148245160385538	-0.1158146909232239	0.0681450390478455	0.7168259350592776	-0.5188423900700626	1.8230717679566393	2.084483734552654	2.5138434838189663	1.4565233302879153	-2.0593431792845878	0.11890806274930497	-2.22041856477991	0.16249227608641392	-2.797624158576674	-4.572659450015443	-1.647899331308092	-1.9155631416684635	3.5096587909092443	1.6566937055001942	-2.930103728756137	-1.6543047645013869	3.6851689015192015	-3.992221380541952	-1.9559381160202962	1.9959505389529488	2.2130529020921066	-1.1490953715223575	2.250549298084942	-0.21532431993101087	2.987917958227517	-1.0365842005910182	1.1433088846114015	1.1778288973214075	-1.086155683850736	-0.486140513976334	-2.045085860128371	-1.8264368108673106	-0.11379552038416482	0.4993820894394428	0.6810041245521514	-0.056847303617315145	0.7756380336233591	0.7680804519829838	-0.045409203529013	-0.32283598882958275	-0.7167828837503322	-0.33817252547068355	0.1302325061903366	0.03915461045710939	0.3258763534456479	-0.4871351960425459	-0.2741543171826032	0.5232262478554431	-0.5443109908065383	-0.5092960406562866	-0.21162796463320022	-0.5852258468173246	-0.5742110646106012	0.14750188082792676	-0.2819892005785724	-0.6444213673119794	-0.2977161087894981	0.7958332182740973	0.29007367409509865	0.6663668365168215	0.7323131773147591	-0.0006093446664751186	-0.5767172402077747	-0.023307459338157907	-0.1025701396165035	0.3982259794328719	-0.19585659138852476	-0.39586446895245686	0.08533236241871757	-0.16017365979994938	0.14863883128863245
DTXSID2024799	-3.5268127093607795	-2.1014634198971387	-3.0466889536145523	1.299734541351726	-3.6285093774780144	-0.5707504854596048	-2.2002578607918553	-2.509145872314647	3.9670704719883743	1.161242306715738	-4.177169036261584	0.21265264356251837	-1.6875190077271522	-0.9956972794799355	2.446709176249479	-0.8400586675950745	0.5205532525227321	-0.9624469766137007	-0.23731157086724633	1.8513995107794068	-0.6136379495674409	0.1692107932191957	-0.7000647348530942	0.4954779346223728	-1.3778071555425733	2.124185745519572	0.7150521820880719	0.3918087330633669	-0.7208726760317545	-0.11433406307646524	0.48440847697550776	-0.004566683310934398	-0.09582479143198573	0.9034925087800515	-0.013566236372455001	0.3373835166222113	1.1110095335798102	0.6358558703990975	-0.04065923795540795	0.20908794773092482	-0.3401834150789369	0.8152975276569395	-0.15708487440144323	-0.6394097716024914	0.43727120764453775	0.6086567060081882	0.029624020850969313	0.2611902731753191	0.28414175985567625	-0.38641709020318754	-1.4682710894609434	-0.6310919433935769	0.6436368406774383	-0.19618710747037518	0.18429084510716182	0.1731260895314971	0.30222041372727937	0.7006562559538377	-0.20621103582670847	-0.1627723985151567	0.5182869321095702	-0.11761264580628283	0.48784787387461864	-0.25096619210930765	0.1763177935199922	0.7411887552117404	-0.62268064658282	0.2933545519673468	-0.10014304563944443	-0.030551750796444014	-0.45901637910900245	-0.5709908582430713	0.24936768932215986	-0.20456845027662462	-0.8555825396896889	0.5612169872241212	-0.01936511953340321	0.3250719547749198	-0.07446115507444963	0.25531958743457084	0.14976187558930987	-0.40889162241366034	-0.11232818904162493	-0.05078859168506413	0.5127679091134477	-0.06549287540753056	-0.061849309013432045	-0.09804629666349753	-0.5754037390385658	-0.1259542759181342	0.3132900195520307	-0.5427801895910743	0.28453372314109693	-0.32018580661477547	0.231351032388211	-0.17148099806203154	0.6623532118311896	-0.3707299705558868	0.023894319185653413	-0.7505476479984835
DTXSID7029879	15.098828415768748	-6.375843371017948	-1.1901330552006502	-3.9264575766494225	-1.188994209120029	0.07041558864452162	9.105945524996056	4.326797496549309	-0.4585990954092945	4.9827768648008135	-0.18345146543508745	1.380487877945328	2.2718585835084966	0.14109990245831744	-1.2175249436874909	0.5642858330460258	-1.2248335613823829	-0.09417753576105332	3.111003523136836	1.682718300842079	-0.05099574831660752	1.6663210466652367	-1.3699523847170125	-0.10599272769874057	0.4853674574121081	-0.13848495605175282	-0.5538648843350902	0.3093235896031047	-0.580179007188767	2.892080104516841	-1.2283427370298923	2.262895557699281	-0.3780295641105211	6.3940764832184644	2.426980903248528	-2.1292680820436227	-4.26793736033271	7.19128821167781	0.08730343114998414	-2.487446027693256	-5.2204815290810425	6.3420626142547984	5.7219358357922	6.334365330443255	-1.139552795405884	-4.541991432318177	-2.150744708770899	-3.542966348897777	1.5014812876142707	-1.4253214256540863	-1.6779414788157805	0.3878120831449534	-1.8107860735051768	-0.7503270568866341	-2.0410733313199603	-0.36702022639270454	-1.7006392799513734	-1.274938063543328	0.25721104001474454	0.2653596853570553	0.9719955062453456	-0.9026938957393505	-0.014141536030682477	-3.2047473582132304	0.5088096901563977	-0.8510404991742233	0.5403780075023215	-0.34594465037568334	-0.9324684455688631	-0.3354621551272982	-1.6059748071330058	-0.39428287302687276	-1.4027149202422184	-2.9762768177624976	1.0245288638005576	-1.5208508118943918	-0.9284270478340866	2.9422575603712446	1.201330397659587	-1.0861769266019516	2.573555150139752	-0.3391767056069977	0.13904735250767103	-4.931498351192234	-3.0323773700485064	1.2724719185790871	-1.1614085844848987	-1.8612699339635992	-1.386429548911679	-0.9823204922384896	0.17054044715013789	-0.28974075341247657	1.2046347075882495	-1.2103701324698415	0.887439648634394	3.63445110105321	0.0304834852864041	-0.3721023549348233	0.14112357555926494	2.024589961904978
DTXSID7022124	-5.998103660271386	5.062606983614078	-1.5549750815194503	0.796147858883251	0.5983882289436453	-1.0469409028133059	0.4992685298199028	-0.13873133543362642	0.28288776193434245	-0.7022789203004665	-0.25445406207592003	0.8684634593471923	-0.3655104259107226	0.34436182660121434	1.5420512446523489	0.3367040889375566	1.32084315470948	-0.36413970155009173	1.643027979711958	-0.7219013114171218	0.827251529221371	0.5426767146198886	-1.010808352618558	-0.4005647391324214	0.9005345868713794	-1.117266805683391	-1.8507888000121941	-2.1590349925984658	-0.5710252154934695	0.43222918246901465	1.3701445863320754	-0.27752421376255226	0.5438383616918154	0.143450726943409	0.1102788527058846	0.05497804939644705	0.0258338477912259	1.225980163977174	-0.22614021137863188	-1.8535359340991302	-0.24956524066424846	-1.4523467390989202	0.018206426417362132	-0.3503838277559262	0.34663869954805276	1.2750910731635017	1.5531927927602767	1.324142189161474	1.6890415785304955	-1.5019831791306424	-0.15547145618219863	1.025965406481849	0.8028163038897471	-0.30536062279920695	-1.4322266281990317	-1.9438569914041082	-1.1895549259101537	0.4368543213288201	-1.3824251788221005	-0.3933403657577175	-0.3632365823837629	0.3275128048869705	2.1367131255993392	-0.2718394768177473	1.078215909789292	-0.05895384498138415	-0.2022663630619115	-0.14970480896516067	1.5607817299142734	-0.08451002518070509	0.35436290639474977	-0.9822442041351807	0.2903152278155986	-0.14151724831845677	-0.04157285647479004	0.02880739534648394	0.15461052501235142	-0.626008330195659	-0.3080663893005542	0.013288253924475512	0.12413644094085988	-0.3741078094125791	0.21042114753844957	-0.1453732458378996	-0.027693650930045895	-0.15985102758340378	-0.17223143598390003	0.27875628742544456	0.13845818519263006	-0.11208423759365495	0.9022561152652403	1.0394292971766765	0.44166480640028033	-0.1936655315607336	-0.33938998862482384	0.46017538308038636	-0.17043398462703016	0.6490898998454508	0.28039005555630286	-0.14131186794089562
DTXSID4024771	-6.040222413501211	-0.5729460677065388	-0.21118315224049816	2.172382895938412	-0.37012188653606753	-1.2007733207136784	-0.27039505728909957	-2.4425576682410166	-1.4272554380175468	-1.9372883943335268	-1.298368603096763	-2.097207130914906	1.442412500826149	4.409389296535929	-0.7441164283940815	-0.733928338459744	-0.4219809783388017	-0.13999300969410822	3.2003450182532913	1.201611045867961	1.148534350315014	0.8911510629016018	1.4342016675869926	0.7118997994532645	-0.9757308214430306	0.29429410968958486	-1.0153760346277627	2.8959961877764755	2.139500655791644	-0.6108480813558943	0.6590613289663658	0.5515995199643376	-2.357588165653829	3.8631568655131754	2.384702308230825	0.5742492605943569	6.62871279192366	-1.162172322203448	-2.573656596770867	-1.0680314830897117	-0.8455876915625119	-2.6571538419687606	-0.07050569684669585	3.902824685824633	-0.9809678168042738	0.8224581404797738	-1.73196799769226	1.333892143967427	1.7087601476308178	-1.9748027644559498	1.5186937820427364	-0.562997497595572	-1.7615438580822682	2.532155168581779	2.593446824003515	-1.8514668339346916	0.9086777716020906	-1.102480632017683	0.05127915639951206	0.09034995168705864	0.09308143794596511	1.3430625362317095	1.1610967185110888	-0.6413337794841033	0.8016748227050984	0.018784863743159113	0.5964137480981052	-0.6903140815771053	-0.6505647711327945	0.4533008362445553	-0.5797108081626489	0.1889132317525409	-0.07139607611119	0.07411739409032374	0.26769081526662925	0.6256678241135976	-0.31690480858904685	-0.2879790761013637	-0.03731604880968388	0.20929322314307497	-0.09456986009409077	-0.44233013315376957	-0.011262519031081365	0.31310204382370943	-0.10140392420290419	0.6090010924999969	0.6323653714631109	-0.2714678256023027	0.32223356912646045	0.08635320853710984	-0.4521748081742231	-0.41423901888094616	-0.12592374062279413	0.4662475722822111	-0.4219938090988488	0.6979050461686968	0.4708487131833355	0.47859494485554516	-0.09252394725328016	-0.15789836567398854
DTXSID4057843	-0.8834343925584909	0.03927522747255955	-2.869315095960032	0.2986423340958296	-3.647588073864323	4.130909233020869	2.8631605948036976	-1.3593046355369331	-3.617168038384721	0.24274181374924053	-0.2747850428217484	-3.3398997061868902	0.46815914803005326	-0.107765511358472	-1.435585889478197	3.0343221744621065	-1.1798385397453697	-0.38138603548574884	-0.6596419608780792	0.3891896900500022	-1.8912896716460819	-0.7376392804073039	0.37637829520524974	-0.31615995310228096	-1.0230967882839337	-1.7294896145909273	1.0235931521396606	1.5170279340297017	-0.8532123352317883	-0.6085439076782904	0.583696735853341	-0.254016317525817	0.2595090538428517	0.01696630127478482	-0.653705180978458	0.46095148644122824	0.4417285453775332	0.021232515530213138	-0.25440106691002007	-0.02870852658895228	0.36578276973344204	1.5769917732808243	-0.037490752987292625	0.3572026254435901	-0.15649774923476154	0.4276072521307069	-0.2824339029078662	-0.007961652383627763	1.2141851455836767	-0.4949092705661288	-1.716656906549854	-0.12784557314104525	-0.692349929103642	0.6094662762118207	-1.6809773852257248	-0.7744546895188328	-2.7558544796906785	0.21831620926419523	-1.253690411238806	0.7593624592096125	2.7368280201272697	-0.1107422523912238	-0.3207126181543272	2.6599207098006015	0.5191082338525332	-0.14418534306412384	-0.2670040671093616	-0.9968744624697067	-1.1044465410554367	-1.1336163005345083	0.0057531571008130255	-0.06436161189498052	-0.3760796815158303	1.4821323026220004	-0.435684743623874	0.6102560948772342	-1.4595585606635997	-0.6857454584902671	-0.26924853733086024	0.3382805836805749	1.5183858875785872	-0.842390466899041	0.3197244460420592	-0.3777991839699482	0.1801610745640984	0.06335672854690828	-0.2118676079145198	-0.08948121418604656	-0.037824537350116344	-0.48232689168127213	0.015169602058083041	0.2773408074141918	-0.5248695514807257	0.3825073345301288	-0.21225858401453504	-0.8332096477196297	0.2785089408409948	-0.06459134258589312	0.12291283220849217	0.11894599814760162
DTXSID7047433	3.3511511787488266	6.527078398227181	3.4367740903501143	1.2065454365810322	-2.526882995122862	-0.4959035901135667	-0.6760356346867104	-0.03137824711700805	-0.20522243517832123	0.19233213097142687	0.7593438702311467	-1.1772791296073455	0.4074244572467369	0.050075297480748446	0.532674096797267	-0.6645528553882604	0.5832138289318157	0.0056823600158098335	0.11632023445368785	-0.08978496829667378	0.31105879408685505	0.10936301462849898	-0.7891595646293287	0.16583653764848447	0.5947370366018302	-0.23446286107805975	1.033723094977609	1.2276290004006365	-0.12915255206656678	0.8896827038596774	-0.5383658124541951	0.10515079962431029	0.2205816192013922	0.6470260081287105	-0.03968421386236808	-0.9948539403849228	0.049537193729010755	-0.22812501044964328	-0.3025814011328022	2.0512797204767517	-0.07854815930940011	0.16267644984447455	-0.11673765247502813	-0.11182713959475385	-0.15212312093563	-0.7421556953797869	-0.6112462928757216	-0.863546005876934	-1.671748045611892	-0.7129397568568537	-0.8104730479752891	-0.5329823032163766	0.15500156113460653	-0.24383848648191628	0.21682487280679358	1.232389352267285	0.8039308683867274	-0.2151895887984405	-0.06436500750304618	0.5119160780234657	0.6018558484612362	0.8165421970034153	0.27560856270086725	-0.07679056061510536	-0.611539327617782	-0.10730420225711422	-0.5408681847547395	0.1606828048670108	-0.45268497615863823	0.23790531932087514	0.3257060096741355	-0.3353351484193651	0.004697191239963584	0.022412956152621444	0.84556012490304	-0.4478688905444255	-0.5672746768105843	0.7947607767769848	0.42926063754701244	0.08164414188042499	0.3387491227119232	0.13029966481440386	-0.051506871023328	-0.18268386719204333	0.8322573974252083	0.43738408438160997	-0.24092931522968977	0.584046522225895	0.343946991773778	-0.28158661929263507	0.11293362276674644	-0.19252903612883282	-0.19366028985216754	-0.0201134675434908	0.1851224054317529	-0.7332012251169727	-0.509218851549495	0.35352649571438366	0.27794999893955313	0.14255263726298814
DTXSID3021770	1.1392790283212244	-3.828594778618399	2.2594354548564333	-0.8750570300712028	0.949651972756808	-3.58450345936856	-2.4219134374288758	-2.067588588599115	-4.492123385325007	3.8627738997602763	-0.253671148095121	-1.2232058053754802	-2.946867000585308	1.3249914572017785	-1.4160282976444027	1.248133552158398	1.2767720601300914	1.7587163142369686	-1.2143750340798651	-0.326634886387478	0.15109278815996027	-0.25910176645365823	-0.4971159014527446	0.9440506476630618	-0.869747827696109	1.3225359808570176	1.1489782073844839	-0.3306772012856942	0.463532211737507	-0.4633530778057462	-0.22961094519860084	1.2775051834683306	0.24253664488527812	-0.3739889870292543	0.6070897654705281	-0.06948642724454063	-1.398764846037709	-0.16990195481793566	0.6181897249936503	0.07057109228348409	0.08890622008940452	-0.10693900159923878	0.6332109780765158	-0.23179720380874344	0.42783510579917544	0.05918926585957894	0.866658909080874	0.5778576140056377	0.7043682450405913	0.06277485185332846	0.03872078921965383	-0.050513373314159817	0.5699836288786826	0.910544568165917	0.8524370594969981	-0.9353180239581115	1.091460587860941	-0.45497396722427424	0.30758052828860044	-0.7147694618240751	-0.27134711049203	-0.00551720301049901	-0.7604570887192612	-0.12168010382535868	-0.1707760031987574	0.2183900362332729	0.9822722531865331	-0.08230020284173918	-0.3076602206290246	-1.0816957751053204	-0.012127876800477473	-0.7685854999879954	-0.28959221410095376	0.11126394559121469	0.310709077954019	0.10096051331285918	1.1325231581770294	-0.5773343444913414	-0.3397736495065691	0.3020503031628902	0.6673041628024817	0.8528236165365011	0.02823166105903412	0.09429177210817354	0.43753353233559034	0.07243143398208211	0.12209827419874543	-0.7570720367050245	-0.2655658444616637	-0.22005326157236868	-0.20917388701323814	0.028988949319054803	-0.5032950759144831	-0.17949596676282809	0.48559992461537516	0.09490606111491491	-0.09464880560231322	0.11864031941980699	-0.12725669924111027	0.19330931199618936
DTXSID9024481	-3.746996965127235	-0.8988716492588279	-0.005805879092507684	0.008439732043557387	-2.1054894251669856	0.05579518551202081	0.897136119491733	3.299650394966565	1.308481625951584	-0.6603732987153567	0.9008007670227461	0.9844630795246501	0.2852414500581976	0.9840663658992911	-1.0679877670985534	-0.723422151190516	0.5606509703825742	-0.40607912591301554	1.5378283742496062	0.1834416081364703	-0.6466204354162455	0.8878256198644966	-0.016890519555811653	-0.5754502378142595	1.0825866034338631	-0.1318515025173496	0.4334641325133067	-0.5130555758472575	-0.4602434833207811	0.7030741096341661	-0.7842533605568479	-0.4792416260281198	0.5673344970593363	-1.0270729059879047	-0.6872103391215819	0.3445447084970129	0.2786477700555037	0.17697238605271748	-0.25717238175738705	-0.507577549902154	-0.06796294738313183	-1.1849063556998436	0.35781459928462744	0.0076332488418807505	-0.19430781981141373	-0.4499974942523268	-0.2928540178801661	-0.25903462553315776	0.088992234278432	-0.6220295834315891	0.0616369445309078	-1.1848532372944576	0.6698390174009201	-0.18260505760899245	0.10576235373228714	0.14147655384122126	0.4890863330436	-1.51132379848145	0.627507386426138	0.5675479699462761	-0.28727972461863915	0.331303255537167	0.2556342387511471	-0.03673196874710127	-0.1617811231702883	-0.07987236457674096	-0.3813158610875675	-0.32868675520704105	-0.22798694475755354	-0.3004125244999133	0.06829961290206019	0.16340792113193456	-0.4937869357452702	-0.5236068541447721	0.4342519851069284	-0.04400661576430322	-0.6517896072139401	-0.8542100480097168	0.8248557289456696	-0.06870146786726981	-0.5860190473494266	-0.0583830407104321	0.4041020273192516	0.7172629427618292	-0.561721639378731	0.21124095688087235	0.5632070888237977	-0.43078531358323646	-0.004235840054952756	-0.23744831203833405	-0.27327593597871774	-0.28050627519202576	-0.29156015461586476	-0.6338901945388893	-0.29476190300152216	0.09448993799056946	-0.5591091601998377	-0.13142450430490843	-0.08329140608122153	-0.39954643302013615
DTXSID5047241	0.8323970478961508	-2.421551808634741	-9.184075427315792	9.97417089946372	-2.9179376837248894	7.630312240548039	0.8086910767325	-2.0878043733296225	-5.636592883781322	-3.271454226153538	-0.8543556234119976	-2.663567262245287	2.340288062052255	-1.7162441433221531	-1.4080089878341542	3.9588882613873055	-0.5287701706554347	0.7972908626597837	-1.629388664378723	1.3919344366471509	-1.9874367856504862	-0.9276387472421265	-0.5508066131433718	-2.0246861282348125	0.5795083608809036	-4.258808085172313	0.5390558010109825	-0.8318186819150131	2.083946041770226	-1.6416124356025907	1.2142801162743162	-1.6553335130962397	-0.7492648256630869	0.47117868758106746	0.9724558902687529	0.3205764596268665	-1.467700562897929	-0.20423169050105464	-1.4142987334893797	-0.14553501620336837	0.7644566573381457	1.1613756282871681	1.0117132712282446	-1.0591355594580953	-1.1280185903318558	-1.6285180437970348	-2.078526480765751	2.501667416377111	-2.2937124408015874	0.157991999593099	0.1059412694705751	1.1965230337035262	-0.7318381820592301	-1.3721315318547884	-2.6056507833931843	-0.9787056548546396	1.1915989511941658	0.06002004656780636	-0.11861491959610258	0.02459959058486683	1.170729249518615	0.729557974622592	0.6442387933192223	-0.39471935677218356	-1.8638297718296246	-0.2854817968967064	1.204229651290037	0.7839339695862727	1.0801073294221544	-0.424835370622214	0.05067610906425104	2.1406814488346315	-0.3705260827277236	0.256410168449518	-0.48115240915936913	0.6495375465790526	-1.9942887590364693	-1.598200059071652	-0.5208388236021467	0.6565053039319583	2.700744866490723	-1.642309360517473	-2.6498059172217756	-0.4537299711994021	1.345897182685124	-0.7937478630300738	-1.0761665363490247	0.9176935258373362	1.9356982946433912	-1.171278696908904	-0.13197574104754725	-1.8285947501717368	-1.1429345099903983	-1.3431935726486002	-2.107644004182253	-0.6264110912326202	0.8157578206973486	-0.10898075371168905	-0.594720130033154	-0.9568684224512408
DTXSID5049239	-3.3794444100220753	-0.5855280069902258	-3.4559387995631794	7.934174054120596	3.915411821491255	-0.6543364402616748	-1.3280507400358652	0.3150082800854293	-0.6104379225363249	-6.357081709647949	-3.1565333692846047	-3.472483980041856	1.048655472146903	9.460377685572903	-0.4793914101724809	-0.9073599272272809	-2.495984953243216	-0.6846222730545041	4.531901512465801	1.625918138432535	0.2912392457182937	-0.2922069748476002	0.6015152411872065	-1.4621560858769977	-1.1468746595256243	-1.2188905072340603	-0.0852807271722509	-0.40009639502339345	-0.334638636061908	-1.5331872616403217	1.6072986097607045	-0.07550307099100316	-1.757907880750407	-0.3352118466777651	-0.8064793330196934	1.6260697928754977	0.25195243381928817	2.066948453038628	-0.28849117937316376	0.697352209114456	0.2011363142893945	0.9839597268002076	-0.7022417572121904	-0.7370212406963855	0.1363136194663919	-1.1153865013013002	-0.8198731736630184	-0.5611880513420366	-0.10095954836759527	0.4235172741659959	-1.5924843720132926	0.123754519828296	0.358886934135994	-0.8660652039544426	-1.1163192959503074	0.7081458182878438	0.27907823664991377	-0.5124499943524218	-1.2545503424108564	-0.2733784632414249	-0.5994154070179684	-1.4949538660587811	0.6014474262978666	0.6810120402200182	0.31745310471462496	0.6050466037378671	0.3612284327458498	0.21933607933933774	0.6994626131148186	0.4626365864694597	-0.46528585976484793	-0.9869714878108694	-0.06766901082801133	-0.6135951468790573	-0.6757055022851113	0.46673854558989086	0.18016325534359068	-0.09174637120676775	-0.367517586827441	-0.5862676365207256	0.1638847917044661	0.23352918176792634	0.2601621502834989	-0.4756468365910484	0.03874632014393799	-0.38417348068405294	0.15262575391122576	0.8021321801682025	-0.47918098391396874	0.03510696738124709	0.12410542039922084	0.03329318069301357	0.108458646483219	0.3501667327307056	-0.39443652132810936	0.1766187118854973	-0.19503867554270535	0.043685992532300454	-0.41945624694833794	0.07263021067238018
DTXSID1034929	7.616385709613327	3.344676293046485	0.9683165533256086	-2.368857263512592	0.33538257172999125	2.4875620091359063	0.12719397762934972	-2.0923757115042254	1.9041379146676964	-0.24157822957283928	3.9936095248567303	0.6556411961409593	-1.5960579196786029	1.9437683017050764	-0.4479537187431348	-2.0693736893364547	-2.4818500317751275	2.861934403751777	-0.6315505239562005	2.499002753814482	-3.029544392111288	1.3443920345261726	0.6628345484692546	-0.7525850468777845	-0.37179830567921807	2.5186915068603764	1.696270891190668	-0.0942237090204336	1.2700660205461236	-4.345767623391853	-2.095129673856688	-2.4269451988243107	2.3753390090474524	0.4615197502715352	-2.872165386946984	0.07193904038173701	-0.2164176842148546	-0.1526160071730316	-1.125973226617322	-3.2082323794773253	1.4030009124749803	1.6172481983355949	0.07247789015684492	0.6402548292206449	-2.248149933457465	0.9967145823175538	0.6582866877767815	-0.7083514751299179	-1.0153234341454742	0.057665841511118726	2.774262985398654	-0.16427649466050742	0.1460336566037611	1.5326288225500944	-0.3220057580253951	-0.1401514780890352	-0.03166552287224209	1.0136813885543432	0.1995960479403801	-0.5765431680763015	-0.23513410358565956	-0.8356486672853117	0.26187015389325885	-0.9887783984162889	-0.15899423552197872	0.7737935127545574	-0.1899508649174453	0.4426729688829956	0.9927689267472295	0.2657563945980033	0.3081463831031643	-0.3304200504186241	-0.28853054827475194	-0.29124428512501893	-0.5781091874250621	0.3356238008500706	-0.41665553170200775	-0.22496894882497034	-0.2568390473796498	-0.7921490246720934	0.4947901512063031	-0.7454464490196572	0.33207711927187283	-0.4759170222145886	0.043968549769670684	0.2796042094865626	-0.08274705700775875	0.003698546496164574	0.14136610876644243	-0.6174167750897477	-0.11045855255149273	-0.5772074462883745	0.37915519266900083	-0.02421280441296431	0.3933241084580722	0.6559987680797537	-0.006395660989397813	0.018895199350527005	0.032027897057566285	-0.06606628122901315
DTXSID9020792	-6.804909766547185	-0.5410236309057104	-3.1724873643661793	1.7791846171277992	-3.8710379589372956	-3.233012636295891	1.4244429965430756	2.7518949515718587	-0.688190044731472	-4.3600294414892415	-4.0570814305796405	0.7410901248365631	0.9731957894515434	-1.611467644920507	6.410264751097889	-0.42780364839472	0.2794803188951039	9.23915933967141	4.035484344705093	0.37641341999923095	-12.374445133501755	-14.20027579767104	13.55966773938989	6.834539527449242	11.172927466010885	-2.8022600777326976	-1.2811521362495435	1.0472565030971848	0.7471899148519251	0.6688695644786682	0.5417874407542729	0.32817006620887135	0.05990602319840466	0.36009872317516467	0.8232075391500805	-1.673901592371067	-0.7741277179389063	1.17197386905743	0.5879034203125405	0.6169895334619285	1.8460748290798366	3.0327832968075032	-0.39380588449311205	-0.34611900757334946	-0.14072125134443556	-1.2427520423108678	-1.304870291116677	2.86470129552249	1.364291229752517	0.5393280047769398	-0.1636147214431088	1.2759002893670282	-0.7242922390586858	-0.5813396892798732	1.2827343495688026	-0.9121503315079894	0.8791535570011998	1.8831865187220516	-1.7376592052590132	-0.41957584181310104	1.2158404759838781	-0.8056134777284488	-0.6880971919459775	-0.5161529601275892	0.6859337484798009	-0.9098715746725206	1.5593551464587223	0.4068306371369516	-0.014429811783178701	1.087340643233535	0.36152467642796254	0.2446713175128678	-0.05159258671391478	1.159009811770672	0.9440415620978678	0.7307159323942204	1.3942760059098784	0.9391703061326031	-0.3548168032537955	-0.1715220947775159	-1.022604759831904	-0.7740264385342984	-0.9993852966624576	0.3787795640686072	-0.30221816297004267	1.2868259827000397	1.2048818861505923	1.1020944979871754	0.24127373590203255	-0.43919814730282614	0.5904218416430389	0.31279207988478236	-0.5493539600305077	0.029181123301026967	1.004945185030115	-0.41087151490355595	0.2755664021854189	0.40194821364754074	0.22783864274788557	0.3219411697274249
DTXSID0023169	10.567816592452619	-1.157588348366687	2.43503195901054	-5.424384125327156	-2.8270598056367526	-1.5656103889182835	5.103548407025339	3.5708959360873487	-0.11861792959067526	-5.08513598342888	-2.576553706703159	-1.6440642966672852	-0.5417136095191502	-0.3996915874113126	4.113115618120517	1.5789644347490275	-3.0275725363213684	3.9119103188548867	0.30500380559261847	1.587901002851578	-4.563978582556409	-6.245581998521993	6.643172249852054	2.805301598139878	9.557291977370621	3.4674751972456908	-0.5494337581247162	-1.2741527584786692	1.6551388844499013	-0.8581244565839862	-3.4822639083941027	-3.080131327717064	2.613951705894365	-1.1119475975019766	0.0032303745606127605	-2.462292731148204	0.44597677098611044	-0.015307690355086591	-1.0135735018479803	-3.6383183178306	3.149849595081108	1.9206031920156263	0.49811661393684914	-1.3222334386570245	-3.1465546519877168	-1.9096419913382907	-1.7282873741731422	1.6509154520840787	-3.9732619724669163	-1.387958699067228	1.4870459311515225	0.052767772484662474	1.341943057200364	0.7263984514688879	2.058396021266294	-0.23677921907544414	-0.8677243651775132	1.476518270207729	0.8168267736866778	-4.9005485057522575	2.2104358638312935	-1.600534758772632	1.5376999316494964	0.30920701973931636	-0.39216215492759343	-0.4332107603760041	-0.7689358746018078	2.524667729567942	2.273108575212525	0.8712465679139484	-0.25798157960431284	-2.663167369175959	-1.3421315555751754	0.3799171621768179	3.073182320576196	1.9336060353104438	-0.08030170477265355	-1.1966196096799246	-1.9681547580360241	-1.3413652317059213	-0.07517934050897308	-1.4519354626915275	-0.8517014044527697	0.5319516454769421	0.7396538213342041	1.6309154142543312	-0.3284170289580825	-1.2899228040607094	0.9956292220175482	1.933942221206152	-0.16431320903147656	0.22438585181735124	-0.016787115588224332	0.6730820146795936	1.087987520419653	1.0094633202281726	0.12582787421458458	-0.07036159459382046	0.9974966135722618	-1.1443510880534697
DTXSID4045420	-1.5069509573248532	-0.3750071491781913	-3.546902525969136	1.2198672992417667	-2.7736255186798267	-3.7150562286780895	1.644146846712735	1.528685298502541	3.106099002598617	-2.2371092536204005	-2.2809533023647233	-0.2762330091602522	2.2095453843677544	-0.46442632659005884	-0.34872359464950453	0.22436580994925523	1.3599997573297504	0.5789719064232225	0.1423897058564888	1.5669692332625498	-1.1583737600990252	2.376516527159529	-1.8702104480059702	0.9513056739642953	0.23952180264812184	0.9305719728341231	-2.4139014874351266	-2.41639641797884	0.24186030724958163	0.4578139534398893	-0.8265758094746489	2.4250969356296426	-0.03673326246342396	4.193028399955881	1.4924061056980495	-1.8425779824039021	-4.343704352547325	6.00611518091454	0.409152074198888	-4.481021290934963	-5.385218326071738	3.8924763113907455	5.928195817686725	7.707594595229207	-1.0690351114676708	-4.418851255648572	-1.4877729691022832	-2.197390863240628	0.7451199076847679	-1.3003355571458282	-0.7757747765365711	1.7178460248229428	-0.7004671445545869	-0.2638168688969946	-3.518760553252317	-0.6745149182370173	-2.09111309410807	-1.4434029649435265	2.582175623114352	1.7162624564950852	-1.4089553168892106	0.15810219554956825	0.6428174656858259	-1.4272173961022168	1.1002344156420412	2.005524434443746	-1.331642887772498	1.2834168511788335	0.224525585478342	1.585232623920254	-1.0082401586475491	-1.1988580991378064	-0.6669228115394262	-2.258908247633454	-0.605847197127936	0.876513771072682	-0.36278578283899804	-0.716576700851933	0.542104141855961	-0.053431502714760735	-0.032405402797559	0.7669830686538109	0.28502586462487906	-0.07378087544227246	-2.79081633693649	-0.42771557159928564	-1.2918902956216651	-0.2382712050520744	-1.8711105274196023	0.33108334624957947	-0.08672357067065253	0.0906609831436999	0.9096252422891329	-0.9890294782525613	0.3283879217263361	-0.09684455818661813	1.1162106271146992	-0.1338288220959043	-0.04976129131119224	-0.934009538048075
DTXSID5048922	4.1781639351531075	-0.028130106369352183	1.7846290416217052	-3.547254414955622	0.957155447014626	3.6557913826563233	4.005288946065711	-0.7319423204013243	-0.6408632412569291	0.6443683010652184	-0.6808476985754198	-2.202488979941013	1.4485001570829539	0.1422527755510475	-0.21881087878433514	2.1051366844987136	-2.299302713905882	-2.563167992769079	-0.4507960555700564	0.36165808427023743	-4.274349810569701	1.918850213115146	0.10594309104671969	1.5833886148524434	0.8647231569492032	0.5401180579581839	-0.5389609186110116	1.9436053246501284	-3.165475122779822	-1.3909056505396684	-0.6716824990681829	3.18344721763376	0.5249660892616105	1.1373458493055617	-1.448448741813906	-0.04515051159653812	0.6284270642819857	0.6260457601629457	0.10564822538659081	0.4460462455001162	-0.3527759336673747	-0.5355959508262841	-0.7348287460753448	-0.013611380990411029	1.889095924020206	1.022242528208889	0.655389288580198	-1.3252387060556807	0.17625731006432202	-0.29457715138315876	-1.141053003151869	0.8063022459832953	0.42908314680450393	-0.13096398105829266	0.5302405436171289	-0.14149317607686068	-1.1764645420088844	0.06619899426728122	-1.5831962287336279	0.47797690015759653	-0.14220303500039552	0.3717423437444859	0.3518713163128001	0.7990824335438746	-0.019063461896389484	-0.1845129355346406	-0.04160868008620592	-1.0110182771558518	0.698705486958818	-0.0668331491697793	0.5892270906531538	-0.18019138519382213	1.1390866400683282	2.733374925437739	-0.3672874866267432	0.5454575585313858	-1.099309420783005	-0.6150328151421924	1.2285584479903402	-0.1285548563627203	-0.23558533567535364	-0.82076134691971	0.4670563106231269	-0.2552576608321633	-0.11265285629980283	1.543440213036793	-0.21375695917669518	0.46202388948698797	-0.5734980962080891	0.7288114134099664	-0.06427373762030551	-0.4472525028881357	-0.22166512149819248	0.6856022134145857	-0.12961726161716813	-0.7593618707001981	-0.42660458487056396	0.08532381845056074	-0.14761614071417362	0.4838881154972998
DTXSID8057697	13.940645003360252	2.486116959670692	2.8610637098805225	-1.1242496347854931	-0.142559193239162	2.1860832263215437	-1.7914026665668523	-2.4228454165983555	2.8294113009220427	0.2991334297275226	4.1343220592199135	-0.36031790415023485	0.2737587751579656	1.2574028610262655	0.511202274616989	-1.3823979489097715	0.2754649287715816	0.9358098819876616	-0.7889637253770565	2.296429644782606	-0.3797005820530174	1.035037317146923	-0.026074145741414975	-0.5033601829365858	1.7891290270509574	-1.2511178401884326	-0.4566566811671779	0.6053677913264209	-0.09368105596077057	-2.5520759469681296	-1.6389798051919355	-0.915123717303927	0.7733177452821874	1.4251510711462416	-0.2937035898432841	-1.1153490532078136	0.481324380402273	-0.0654424493908381	0.6382778002683758	0.185795940977323	0.5437659240921681	-0.27770751441237335	-0.5590289364639763	-0.6328858471063926	0.45957602495735356	-0.6235407446578872	-1.3940680671624	-1.1674339804850886	0.47685967299544657	2.6946392683939853	-0.5526523844253753	1.5011209416665712	-1.1093207076058158	0.14678074878285902	0.41835458083170735	1.5445261001578587	-0.557447777131845	-0.0946375996111963	-0.6404402980142486	0.34803935582580825	0.7671787026971242	0.04964152829722547	-1.2968499365027801	-1.1332306430045531	-1.169519352364633	-0.9586516203515804	-0.437279702289252	-0.8290225687272491	-0.5210676569202248	0.9025557372516988	-1.1893981903212154	0.8348034239828366	0.8428416982100022	0.08895134626089327	-1.3253694274930996	-0.8685555048515982	-0.6265008112303563	0.7098724193295652	-0.5515630035998653	-0.46507174496022885	0.7450815439315521	-0.05057216224289707	-0.26834225114624205	0.40521815157822655	-0.3357371067306059	1.3071938382908743	0.47099353746181727	0.30482837666921514	-0.4411849077364801	0.189174116631958	0.4807217429958425	0.3653904717395639	-1.2902415238098919	0.45881583747380766	-0.0445127689971427	-1.3427477836372537	0.5243035697146992	0.5649204796510429	0.22563620945416493	-0.5271549277356774
DTXSID60379901	7.881577643814721	-10.64273292546694	-10.586524127480278	1.6514525141412044	-2.9140891038615298	-0.643061653771995	-10.35943306418536	-12.75657470493031	-0.22209588351321108	-5.651580652968529	-8.257113775587113	17.46372884617509	-4.527100840650686	-4.183774045920152	3.2763463175249425	-5.524788163384475	-2.32917408892022	-8.127615781430734	-0.25169219109614765	5.89857477584662	-4.500876496167676	-0.5522632165901722	-4.035090621606841	2.299760110461561	-1.8532459610573937	7.835088291401363	2.485023419593521	2.708042057403891	-5.416126053372779	-2.6524708399950256	-0.6540113683646595	-0.6210039011455382	-2.54370851292905	2.196968444934387	-1.8595972534887446	0.7117579840277927	3.4139728916083953	1.1936601151681183	-1.090248618776889	2.234998281444005	-3.42343144202754	1.8770294545509771	0.061152677306727125	-0.9930365448696991	0.954393410239601	0.6609626537944756	-1.169758275352162	1.2732233224370166	1.4001349387441364	-0.5072119054860822	-4.099861130208929	-0.9717852726234665	3.0602932725634675	-0.0558468608860783	1.4717353587342181	-1.189445998849139	-1.001388772840008	3.071525175555443	-1.0055539934643598	0.20426504890089855	0.1528759981807786	0.06993155491376352	-0.6379146698396609	0.8691053497220697	-1.379870363265575	0.9084034351169405	-1.9999442849656284	1.4329458088983793	-1.9018548370622874	1.7437236455155662	-1.3128470213462162	-0.054419264677431994	-2.3956200735462048	-1.4574500462040363	-0.7881147749531324	-2.589757156549262	1.2600646869313594	0.9317392753562144	0.7764722468459567	0.02378027209418922	2.149064826067504	1.224538723056842	0.4926354556116736	-1.1363505143664019	2.1618597862082884	-2.065996642001427	-2.0264711315065194	2.3346968697763786	0.10891845077572794	-0.28440623292997397	-1.846622733640546	3.4738499568800036	1.830488275666312	1.439738346672721	-4.659325943342538	0.15247725910653445	-2.2836235907835567	-2.540488360190003	2.6276857266317633	-2.629751625295534
DTXSID6027185	-0.5133104360440829	2.8594121567070925	-3.084663329012732	-2.8195272211048104	1.348688445334298	-1.6866780446886656	-1.2875153098001764	0.08597011965576572	-2.770837018792951	3.4069580367046854	-1.1971510946565933	-0.5839160740715995	-1.6147265265920188	-1.092776309525281	-4.233674836383021	-1.758673601021349	-3.4238230513072025	-1.8736677958874808	-0.1031166550031795	0.9823426261226226	-1.510568583665835	-0.46476765191922537	1.9233842872706186	-0.6953299995658134	-2.569858786603254	-0.5484869193370336	0.32497902824954156	0.4242086037428472	1.3121120333086491	-1.4352565384217915	-1.4837384490016043	-0.2090760749212336	-1.9493526779819086	-0.3720980862423647	2.905095146086231	-0.24638730071966172	-1.0156560411746625	-0.7047793433657209	-0.5045959924358814	-1.194076462593532	1.273586354174662	1.2247000078726713	0.501295229780904	-0.5303039124676316	0.5959395039970139	0.24475452168781955	-0.12629232345684593	1.2952453743797154	0.7147892952052813	0.9211493459141291	-1.546149211007972	1.973287078647466	1.712734662272243	-2.0736547924526034	-0.18715542866240237	-1.7179518311131294	2.3226696286258957	-1.3339025496921344	-2.1090746811481513	-1.1856930891114903	-0.5680432939176681	0.11481263066554169	0.10823618805131922	-0.9408932147927229	-0.5067524268406132	2.27200735113283	-0.2320770157317368	-2.0940743059386886	-0.9378105116632346	1.6971633603739051	2.5928591291001557	0.40516943753952006	-1.3750535178205	0.8366984102527505	0.9189735752198659	1.0590641474349176	0.9585865909403776	0.5629348029570407	0.2365534037109398	-0.8669766909011944	2.068213934195747	3.0928223376060435	-3.9479565398808063	-0.8950202196981261	-0.6051798620885261	0.8369656156839177	-0.2869687228869636	-1.6198348237581726	-2.6358515942849525	-0.43337322404968615	2.5717765636527496	-0.2381150150132215	-2.698666610807577	3.9305482496991444	0.3216784605110847	1.7624570199735168	-1.5192011351099735	0.03331416517463523	-1.7979940184373684	-0.7336181816478107
DTXSID5020659	-4.26975050049364	-0.054452398369896265	-3.0377087294732936	7.287477995765637	3.1502850725733267	-0.5222435252668751	-1.0483236925901893	-0.14426801634957034	-0.5429284537490077	-6.026311250453213	-3.3937163401833037	-3.415302099229431	1.0958938534496943	9.337857905240323	-0.7049740319224898	-1.625583208587125	-2.4013784958683284	-0.9269062401524198	4.821309217350651	1.2832846107714906	0.5189900901721155	-0.4853704724304432	0.8792368205878334	-1.6820471095121854	-1.2158548183128812	-0.6115839459071581	-0.03656993674813666	0.012519136961545194	-0.22249717180588371	-1.6592230609638645	1.200500560899688	-0.06301055247630294	-1.5099470212551283	-0.2358442782632829	-0.6415602889064419	1.3617682347670532	0.09970646154246905	1.9976500714086052	-0.5297971610929109	0.7403240524201945	0.30111910189844787	1.2139457787208738	-0.5464456004830407	-0.9057422147647162	0.21835650529568865	-0.8685613154101828	-0.7429742239279407	-0.8695282153784915	0.0016037628527045885	0.16895115538504277	-1.6057621405284692	-0.18159355750052894	0.014685733313941742	-0.9710714623604743	-0.7645889386504144	0.7420129734286816	-0.036360240503654516	-0.6503026731688653	-1.6455555251557217	0.22805378333626572	-0.5396221823825798	-1.5215712415642797	0.515189807972681	0.4843948295199301	-0.11691739262275129	0.48259974656190374	-0.11041798392310305	0.15471020047773348	0.699119584641828	0.013719805313516315	-0.5327422886628842	-0.6583527369945094	-0.26182037020321625	-0.3280756284223532	-0.44841076221465515	0.5882198973726945	0.46332378072303626	-0.12177185446050943	-0.46721968058443225	-0.6028091673284808	0.04919820818633003	0.14680007456386926	0.3926217155116095	-0.20603926740640918	-0.1597755762692604	-0.07306714069809206	0.07370052269821978	0.6776246847729558	-0.4256830644538953	0.10408897109726961	0.21927759143256753	0.27252363396605017	0.09300346257896662	0.37108184476382805	-0.2767412085144909	0.13407598424560105	-0.11206947331816508	-0.1253121872574369	0.0224603275031244	0.25708164468022354
DTXSID8020545	-7.148752561940318	-0.42739819636030707	-3.3100427702296282	4.373582600925554	1.547903631191178	1.4694509041367028	-3.359007546021065	6.210643628775602	-3.26784223079861	0.06686616595088775	0.09757457572182573	-0.9310486809886034	2.0840767329488328	-0.16213141552332017	1.9181027441274414	1.5097130982911258	-1.4911635854081546	2.509467453299637	-0.5432192586150144	2.749705529065734	-1.0023535396316263	-0.4272582106838692	0.10148858613490143	-2.258646799929842	-1.269335492912258	0.24288298564008862	-1.1872644477071514	-3.8784087513906718	1.1472680133343378	-0.46275977433311755	-1.9717332697716787	2.8425439384170845	4.7899375482635556	-0.277072817637601	2.398474725056818	2.9236265557469197	1.7220030124065349	-0.5146955699270598	1.465457081345093	1.8195765761572709	-1.3315977364953369	1.3252026862788437	-0.44980881293633357	-0.6238679005699949	-0.1868378497807183	0.29285151833486067	-0.6186278364391833	0.6292300890854795	0.2743987070776738	-1.1160703091306676	0.6380618647690407	0.08878144543634293	0.1823691638936276	0.47427157029418404	0.9859160889588717	0.09353261800899836	-0.3518263353563768	0.4044443128305344	0.3060387869770523	1.1030812722838177	-0.596601707220106	-0.4100330897778664	-0.4373870889955353	0.22115374758842238	-0.5828849067938621	0.037688183203922414	-0.46219037709686045	-0.11976785286757236	-0.21519315988599813	-0.4573453131995223	0.4705036571579725	0.1695383383434699	-1.5563363449138579	-0.277916246490333	-0.12557769157305507	0.27931427922516905	0.20583473293471694	-0.7779544957802152	0.15262979245341082	-0.1501315471911115	1.0013756816403343	-0.740904220907742	0.6637289954008123	0.35025184981829766	-0.635522253757251	-0.026463301718217657	0.46145571447833533	0.9753319753805337	0.354682444869222	-0.16696073440237763	-0.07335545131639458	0.6381710839732272	-0.2251891981602972	0.8382564781846514	-1.4881881261459318	-0.08927062080343344	0.11385581541939824	0.05882154493282513	-0.5488327945193647	-0.3267184783290561
DTXSID0042080	1.3400582617748464	-2.555266127411628	-0.48843721909558824	-2.0152846816475805	0.11878187781703316	-1.7973010979085806	0.8995507088044248	0.9115405591574868	1.9959893138173674	0.4338174900734529	0.7993563478641923	-1.1103683008503553	0.08685241907644498	-0.49284165938860086	-0.9747625005612515	-1.1114739509381544	0.19470039387649093	-0.512088616025054	-0.028271789320582507	-0.932623013736287	-0.6940582184745309	-0.15171284041998967	-0.2319434040994645	-1.2894591846296195	1.1583228828303807	-0.622710859969301	0.3704420109961582	-0.02023471316104226	-0.5204757036531497	0.6133938211568921	-0.281516731509755	-0.25971922719069557	0.30284039414118047	-0.19941492861632878	0.08300070263002941	1.1646464613592855	0.3092586085012883	1.3162235645066946	-0.9924788184717216	-0.09110748244459947	0.09188017628385406	0.4783006246469714	-0.10735548350033393	-0.6602244416916975	-0.4982637572373174	0.2734707585551168	-0.3404855100483708	-0.15109915077262484	0.31347670548801504	-0.88915861936338	0.46300417390346327	-1.2180609034625234	0.8154759087167448	-1.248775143553992	0.2844909834004923	-0.6017715325161117	-0.22262273378842076	-0.5609192567772431	-0.17291928854968228	-0.2750242340377428	0.1223966007321349	-0.04094260360735172	-0.10157870566970026	0.13638059182451395	-0.298922968352264	0.4588524139176664	1.2076356630956064	0.25372182786335856	-0.49361253864360455	0.13016235418669983	-0.9306271544990478	0.15070874363898412	-0.173949346841183	-0.011169287867940707	-0.21925242845969212	0.9258505341537953	0.31308863913190144	-0.30017761187454134	0.5397940351700085	1.0113429880540383	-0.10106220919082173	-0.4303745864094179	0.0642798163825397	1.1595442815201584	0.3566453497153949	0.7169908057427228	0.42710264191958824	0.37088090995292267	1.3881716560542272	0.9356126663350166	-0.21314728560098695	-0.36942236178230314	-0.19078186945032957	0.23244992372366888	0.12922326903205786	0.9287926504957539	-0.5030584507239586	-0.3770048720764617	0.05781120264795403	-0.3981493316615957
DTXSID1027716	16.953869797600788	4.8478955096236085	-2.36687030476283	-8.24099913733663	19.478406207846156	3.3039687634364663	-0.02601271529538173	-5.5511017624656755	2.5758783404792	-2.7354293300122183	-3.3777546289873714	2.646379379487029	-5.4849058328896545	-0.8045874618347427	1.1239689768648686	5.25810577624031	4.292415639343358	5.297870469474048	-0.46383449102176333	0.5808579538375901	2.0852314976733215	0.933523093445697	-3.1909810241341763	-1.2283593575366336	4.878596004328616	-1.5961756346301303	-3.092324382867434	3.690217676855253	-1.0731283436364834	1.8467914311876399	-0.6016113140910644	-1.9594915605320027	3.277003984300731	-2.222607861532709	0.40332367394230023	0.0581534704200852	-1.0183636720337577	-2.1917571050340876	-0.11529919070193648	1.2098555019303998	0.21380320865378968	-0.9389237291409088	-1.659128459891667	2.123589640715661	-1.9647090878254965	-1.9584769770707653	2.8053644140781486	-0.9015883087272794	-0.5212635159084655	0.17697080514886615	0.7503396903699769	0.9255653048327412	-0.07997408204645501	0.5038031746969539	0.9137721954040494	0.43894879587620106	-2.4718197460664535	1.5148011853333396	0.4521723418302833	1.8076049187904986	2.262345171095403	1.010470018672809	0.6324353986176652	-2.5526467207755426	0.7096141112221217	-2.5351619843086786	-1.5727284702986184	-0.13339209024353627	-1.3299477193426152	-1.6172525506382982	0.5058125600453027	1.2349040599797205	-0.43397228856336095	-0.16972945682907942	-1.2789099224097094	0.8397261774090253	-0.6181934743707758	1.2576816795906232	0.2746596490750365	0.42454310230621545	1.3914818754085445	-0.0849936885218881	-2.1663405228781074	0.3744875120557085	0.45769938116761116	0.7387229030023013	-0.529738090292805	-1.2438988926552603	0.28622382166354554	-0.8148871849367012	-0.555412764622014	-0.5000733697092838	-0.21516485282059356	0.8959323214379555	1.2004761566331947	-0.7785657266392868	1.2556529292296907	0.5303964959937343	0.5739802667575845	-0.9850286194950699
DTXSID6044779	-2.24542979674824	0.44807695574879636	-3.84885967419742	0.9755889925877039	2.487388495056182	1.48114741820082	0.3975396743474021	-2.7560730575570163	1.3844021219043112	-0.36355196651375454	2.529148018928814	1.4998657422488686	1.0713569544333943	1.2831737479632719	-0.8785909481252094	-0.3866330450979803	0.07092648275746483	0.9564073904275918	-0.9213105933559994	2.0426940197514	-0.757375792876992	0.9954094760345222	0.5782529056368968	-0.8677656120442233	1.2881720619789132	-0.12073168747569314	-0.22674915622067726	0.20070716781287268	-0.19572609283570128	-1.076594580127941	-0.001311573323780572	0.14440901773450868	0.7781847770227577	2.042460129989251	-0.0234850251430303	-0.922048548719498	0.12552504847598203	0.35088555411558103	0.25640138224024295	-1.0889213957519663	0.12993084026538618	-0.2869891620120933	0.022240267544905698	-1.614412814173655	0.7976360864653078	-0.19514424586959453	-0.7214300770284823	0.39866508527378913	0.02385259233056895	0.3770317379205067	0.11488313895613331	0.7997887296133291	-0.8084045894020944	-1.1347767433425988	-0.17308102453813695	0.2807782959407365	-0.21595727977637638	0.7093214634987332	-0.5239539612996688	0.5259792957612089	0.9141600868591112	-0.6668640542620659	-0.026138238096383416	-0.5576185132495576	-0.1829564269721307	-0.16905641556672138	-0.5755755482576084	-0.8413406584776666	-0.20584817704193742	1.1335819688673832	-1.1177442400110225	0.47662921598138414	0.5852894342037358	0.6196793683902821	0.040733170060272314	-0.19776326058146523	-1.251342868455448	0.6795683711884931	0.8790660565705123	-0.003589211853779381	-1.1385106945680086	0.14108905885857337	-0.2651726294979772	0.012671011580619774	0.1863846424675846	0.2966717102844979	-0.03307689240863327	-0.1381639948367677	-0.012943106988356773	0.11631442189274853	0.5263478610888254	-0.03949728501250957	-0.5631435274690894	0.07439935592737874	-0.7415742120576913	0.05670371594273278	0.3294192722218803	-0.05400271535415833	0.45331872382803684	0.9436165069235878
DTXSID9048807	7.655138880336688	-5.200128840698917	-3.5650114531853427	1.6624621448174373	-0.8091989941706111	1.8595249413544337	-2.2414534522170655	0.168202491689722	2.3459443114386755	0.5507187117225081	1.6664104514631917	-1.9405977444006568	2.012263946576151	-2.454086489250216	1.2307086937430607	0.4990182236518991	-3.253277629488701	-0.4729748425355447	0.687521017654447	-0.2706590455723545	-0.6670909660787177	0.9512944497242576	-1.1307135887292157	-0.35403163047411546	2.5785369148100648	-1.2092966871680613	1.3327415520852242	1.671226582025645	4.596191611017784	-1.2289787906660572	2.2384133711912066	-0.8298136825685675	-0.019783719383255453	0.23941447731765025	-0.6311457128202816	2.1423831582775366	-1.6769500376675353	-1.2312625384804943	0.7242541190954448	-0.1578071007477109	-0.4490040634423416	0.12406607867908215	1.3174883710477978	2.7989187278148724	-1.4389933852980672	1.0623589032883385	2.6137751219759693	1.3792139616870172	2.041014625123471	0.7192710088315073	-3.398764425753741	-2.6797529832465785	1.5247550459408785	0.23132079234203323	3.1577103378946036	2.630763882141753	-0.32919332674770024	-1.6561919092798603	-2.5168962672605057	-2.2033481430578714	0.8656199112016534	0.8728840984392103	-2.2247811711257106	-1.090969255684916	1.1052844515863545	-1.150554959974984	-0.04427206428684761	-0.014094552813818566	-0.9616248511458323	1.4183061333669456	-0.666836404390542	-0.8117296929497261	0.29561955906434706	-0.9503467976245288	-2.233330331030175	-0.7949679700638765	5.821744190202864	-2.1664870416782254	0.6603859029600258	1.2395052630999497	-0.46014621689017715	-1.1532179989796383	-1.2539241195137758	-1.3968790578146817	1.1625166942473317	0.16788351120164496	-1.7572710618143537	0.7493582096528676	-0.441495599330198	1.3768184984643077	1.293629042743597	0.08100463203960508	0.17058914322291907	0.7515991994002844	1.2506284241283327	0.6378763739211523	-2.221538970597417	-1.364652616521271	-0.9560471000216761	0.6387926893044068
DTXSID5044289	5.224909537167021	-0.820850820305912	-1.761478184232467	-3.0399436324437454	-1.4684615176898335	-0.8681955748818486	4.146083208555644	4.5242364969966635	-0.6686118495266058	-4.586744512535792	-2.345537075174974	-0.17457664773412038	-1.6167692570330703	-3.7908289574098024	0.8613856463278144	-5.673707727497181	-2.1535048747883123	4.296786402487371	3.1378292776691916	-1.9874932869393784	-4.788096522877137	-0.5870188864085377	10.60868247778626	4.028497314676407	8.160538562827163	-2.245336238381612	1.5412463479194873	-1.7007686874242225	-3.8820174427130287	0.547621353591873	1.2481305007877963	3.305842331803582	-2.0082183852119133	1.9181536565199573	0.29927547795656106	-2.454463480774326	0.618512743233587	-0.23401405452735316	2.6390916144414414	1.5656599958243433	0.7517413695005056	2.03669306748893	-0.8452254761774776	-1.4137112290686698	0.6849612556836434	-0.8205803881349956	-2.0523193265424533	2.1234185502163494	-2.283101446448775	-0.6550263798664784	2.511126111238072	-0.7454689152627827	-1.6580419223299687	2.8005138989403036	0.17686515956662294	-0.7291004010273239	0.29772983232449596	0.8952862174371004	-1.7464133929402006	-2.2228867427935963	3.4880458321034795	2.329291275543962	-0.21034548072742093	-0.30319587704648465	2.122471453078478	2.764455209741532	-1.2644473729586345	-1.878644221557934	1.0692151347672225	-1.8920237110184743	-1.2548526342533448	-1.9967974980931196	-5.790789343534492	4.7792677735351825	-3.0593161090771526	-3.068965259879133	2.2323444141644972	3.4517490176506604	2.475570008437101	0.8468221726889871	0.8533684483695492	2.4636947821749584	-0.38947747976209446	2.0134866276369423	-3.333740577683319	-3.6740822622973255	-1.0785431140671609	-2.3597667819687804	1.0556030461339787	-2.6705570076715133	1.3727751647705109	-0.2455459476404663	1.1128326997350326	-1.7625634101911014	0.46749996635342017	-0.07984085946350723	-0.38925698809838155	-1.81163829004918	-0.44455016129786623	0.22724903033341134
DTXSID6021240	3.5795409280622095	4.25223866950654	0.8744800292572266	-2.7356567136838166	3.5188554502688705	1.542609443964385	-0.24201912693708694	-2.1662971567428038	2.0343228951036703	-0.9642683810603517	-0.041428671269525964	0.6665753601266703	0.7088233100169997	1.2688006653055415	0.905275950770095	-0.7983615760669334	-1.1212117791870135	2.2392093572869167	0.3757007298809335	0.764579664175455	-0.3122806574359883	-0.10797416312258543	-2.1779906392055643	-0.10603509599157643	-0.04857976161118338	0.5268631325684163	0.8310778284867182	0.5215236121613409	0.009741701384912474	3.1990104524869047	0.5452074466667264	2.4252988352296874	0.002633668691819818	-2.366829779228143	0.14619415990670803	-1.0381143723301747	-0.9218984844552965	-2.3182201439718204	0.6411420076375322	-0.5256829153080553	-0.22584825710416254	-0.5994469988039598	0.16002231928580235	0.975223756852525	-0.12903773202297328	-0.5276718546735083	1.6155462260660032	0.1425944548403791	-1.0225441898839596	0.5832150260181421	1.2383899385941226	-0.8203429532799882	-0.8486268144964193	-1.811149544786618	2.579841249872109	-2.2608688902614644	-2.2808321187334393	1.680444376979726	0.10865857984498603	1.917052650683455	2.031897764028736	-0.30510649263617057	-0.025783293480446955	-1.3063718690853765	-0.6621918732548141	0.11453192561134852	0.9560423253846647	-0.37582778846606013	-0.6923622980148072	1.1547089969003044	0.45158481408506834	0.9236776497033329	-0.2680085603270973	-0.07328914421835493	0.29598271949056515	-0.7654716809423715	-0.9841666237141247	0.3243542315216426	0.2715907543684521	-0.329802980421448	0.37133952031242934	-0.5555811130880425	-0.6483920050279073	-0.04880755243606637	0.38226899156926414	0.3776528840232474	-0.7991384307346787	0.14967171437016732	-0.2035055454268467	-0.6961553712429419	0.12404803068922177	0.12400010564701618	-0.9904779786188183	0.051333061909227505	-0.029146080667130616	-1.2176138345978917	-0.036013844304601215	-0.035687879698866366	0.17997917653877743	-0.6350880817264061
DTXSID1026796	-5.653411938121327	2.014316290395263	-4.432251227867705	1.8541865409364433	0.3459845586691286	0.12458296780014885	1.5051932113374407	-1.3902300849687588	1.8655945344222182	0.14437940515876635	2.834732098455382	1.028224997714686	1.3504534306458262	1.4789483076632555	0.47766047861417127	-0.6686369806805781	0.6641854207552901	-0.3262402600675635	0.6255990283391786	0.41470765553963507	-0.753526955495377	0.7205988556100172	0.4335491672830197	-0.23616905068081975	0.47504021429618254	-0.08965697978775658	0.20652301626143976	-0.19658686310167442	-0.8387303104579	-0.7264289669461386	0.6985737243052479	0.4717092935906157	-0.21623367101058985	0.25551011953222097	0.01633983255471989	-0.23722704366790517	0.5155222543073629	-0.06616642355511794	0.26789723334150445	0.14773858326973396	0.04996420757669364	-0.6520240176642348	-0.38085809405765725	0.46688187340154713	0.536393856282779	-0.7615836814473416	-0.785740983662415	-0.19869934786488488	-0.1276495159664338	0.10011614524883448	-0.2510768261182026	0.31120593956995224	0.007529231034116116	-0.5438860158243239	-0.5963857130354561	-0.351846215399786	-0.7010930421530419	0.1175808999596783	-0.008256253289508929	-0.2842949030621576	-0.7304774989820342	-0.4129230181110469	0.2929756135790538	0.6696107948558613	0.1444766005940343	-0.4256178921027793	0.12823671541983253	0.4604593175126745	0.07463375214677866	0.6571830468562514	-0.4962625835178999	-0.4152132898105922	0.7861867691725061	0.24125357649955506	-0.966227427130987	-0.03306241314940159	0.014465680865692665	0.6384589710947868	-0.25694121152700483	-0.5155945770432737	0.7827795226254771	0.0557985712067491	0.04893101395323802	-0.48009151676364153	-0.018994149674394705	0.05666744732863212	0.012015486661221826	0.3689036941801642	-0.4535146705970031	-0.13561524850103937	-0.0662476919159727	0.5896939172651819	-0.4771945076327832	0.44285294856397767	-0.06525861757724559	-0.40538007980587404	0.15852702381772735	-0.30693504003997135	-0.13706614515723925	0.28925560505343145
DTXSID0044868	-4.761658249416597	1.317641746316456	-0.5606247307083839	0.8660306988014869	-1.3422654880000429	2.7081977772914576	0.6783687256667267	-0.00584336693854845	0.16376922604891134	-1.1523429687561797	0.26182106634811014	0.08767767161016851	0.71195396235978	-0.39724010322905207	0.24343445934523564	-1.1943860464170362	-1.105604879938254	1.3498655661704868	-0.039090115861271355	-0.7054402486772587	-0.08703287211921595	-0.506896277091093	-0.8183632623450762	0.25746152605957273	-0.6673706106705913	0.1459728154631655	0.847009329964378	0.23096455354937342	-0.07334935105945262	-0.6253876894516839	0.12668458673382924	-0.4781693767368913	-0.06606281274670622	0.006118949937781457	-0.8137391727678022	0.37924148952374465	-0.4551340260404228	0.6742855981902516	-0.5591974996286848	0.44515781002471	-0.07642749479421886	-0.3882673027655512	-0.852081418156685	0.8611903742955588	0.4660641953890906	0.44982762244075003	0.14547506817040082	-1.0968367218299404	1.0208490782298216	0.27194148588357825	-0.016538151334959793	0.4684801561826226	-1.0453440062964707	1.2950886046407974	-0.6132800350005047	-0.4909822672505085	-0.7515642365185178	-0.0751071717469341	0.36702846220547003	-0.3958536768528931	0.4160742852251484	-0.47406384269159824	0.06152932388728232	-0.08018105611403925	0.04112861270176801	-0.035647965595017664	0.3160439505038584	-0.278133749571396	0.5608032331505851	0.1193500179140824	0.596202917699298	0.37650773178928176	-0.1742814018445478	-0.24014884431397054	0.3487884892593994	0.02118835403937596	0.30402487873179534	-0.02023376143963987	-0.46861211045688844	-0.17899309610093772	0.02240828781005395	-0.22144801349685306	-0.31563341441091103	-0.1166829024056647	0.021801510536737827	-0.239078080948629	0.16398659380733452	-0.3554170790368721	0.2591209577740634	0.23573032953784565	0.04371004856804133	0.09471558330266903	-0.444488568810429	-0.04164109988281247	0.08596277888851075	0.30027134328052807	-0.127174427227407	0.23447156888857248	-0.05260312460021728	-0.0413407463469452
DTXSID4048852	6.491832642985197	-2.47382854427569	-1.3440073370288037	-0.47154380278325214	-1.3171035243074096	1.1376927033115458	4.716537823911003	0.23950992682359667	2.016627557174058	-1.0749432742943248	1.6883249909169378	-0.6582772512283394	1.9491136524620947	1.2277849257905025	-0.23633276114538937	-0.7823088924204866	0.05986926576551123	-0.27127324670308123	-0.038014370949374286	-1.377427091669786	0.02864564432997689	-0.3543630136991215	-1.812887136198309	-1.1324702423827218	3.010656045582591	0.15736057931452135	2.939134977232451	-1.8867797490103186	-1.201078199356475	-0.656476559128381	-1.8647866640197486	0.3161306480009527	0.26956420125869623	0.04097949627297926	0.15010925177094342	-1.3354319290098382	-0.027472122125002933	1.0046385826332576	-0.25104597040795346	0.17843425316360031	1.9554316359133974	0.5560274671533808	-2.5203076305322445	1.980422894645951	0.3999910879264029	2.7505300645725876	-1.4512482665675273	2.797022059443291	1.0222437692156887	-0.09035826230147612	2.1743661075127236	0.3262788282608125	-2.05092799548197	0.565430548781826	-1.7514643102532457	1.6233289723018776	-0.15483054332602877	2.090321994956018	-0.6107729995916896	-0.20362019373960977	-0.519805307290688	1.5117869331609415	-2.844039557503275	-0.01438406125484467	-0.07394539378020765	0.6728243767895172	-1.3762801893132273	0.43691702439955626	-0.6474554384045536	0.27726913817576904	-0.003458544348608528	0.1706148706875044	-0.2186913030570637	-1.3102282445042215	-1.9144408724286135	-0.639229596738328	-0.6707863989327731	0.1143268868279101	1.3941422629230766	-0.4106782312979952	-0.20985721971934743	1.5572095463458417	0.16850126453461123	-0.20509647259253067	0.27754145932884117	1.1375922298373808	0.4678176192606091	0.6767459315286569	0.1402550132132159	-0.286923173256619	0.39400334379997254	-0.4010749997613819	-0.191469686383592	-0.057165890088523394	0.5562817947466699	-0.515950416368727	0.45841705643747466	0.3155561047793615	-1.1651075895394534	-0.43494596056287277
DTXSID6041503	0.0540522180582619	-4.510444227479537	-0.907633265777524	-3.2676762303115634	-4.905579546922149	-5.372119791439635	-2.6785913503715064	-0.3455176899629057	-1.6436840103675452	-2.2371694632330184	-2.875509152234628	4.36629000640848	-1.6080366905196781	-0.04291888971975354	7.573788442215094	0.038624935941505685	-1.306596248353834	2.907068477508784	1.663047956594205	-0.8456832519947933	-5.414805798530467	-5.8115143394762825	7.62756849032543	2.517260479633105	4.351015367192356	-1.2112575807439765	0.38915921098453354	2.3353689011136876	-0.2334383745693619	0.969218322106609	0.05574102687384189	-0.2713823642818073	0.017918737043272705	0.6255867674683349	0.23410545627743684	-0.10900954414332394	-0.18077313969488204	-0.5154826601281678	0.18392966823259044	0.33455422290847003	0.5066261032809658	0.8720605944113953	-0.041302766826785714	-0.016754434916073067	0.4462836736374385	0.014121063504118148	-0.1944330887629872	0.18772929884804915	0.24458907670558808	0.2950013362250468	-0.3467275660067831	-0.279726638955491	-0.1097418013346052	-0.9121218846694741	-0.6825476864259126	-0.7570469197838245	-0.40247802981345	0.2413936567080203	0.0029042533364314204	0.6147409570130314	-0.17669074758366604	0.4391165593664362	0.5881884788769868	-0.49412836985164826	-0.3091905288286904	1.0876033796265825	-0.4327215182264427	0.2561359194951725	0.2587825366875527	-0.6377335220443762	-0.45080588974528	-0.08401316842978217	-0.16560745509996577	-0.22311039047354497	-0.24029846506716823	-0.05500689592513778	0.030018387493187745	-0.08684880386944444	0.17773275447603593	-0.3522847752234543	0.07303988903428706	0.7217352944390693	-0.03982360400535031	-0.3437901127266746	0.12444178160353962	-0.21865732826198525	-0.2505215009770059	-0.22975971230589778	0.3626075757897253	0.389020778958999	-0.04912580910982714	-0.19378402598969935	0.083192735022091	-0.3160935551358943	-0.2579690020546425	0.20761334716172325	0.09419631962235099	0.1482264906450341	-0.045280857214533926	-0.07864317756183557
DTXSID5041699	-1.7279047080959165	-0.4746663353504957	-1.9062091790417741	-0.24912015695780915	-2.9714097438579388	2.8995885767538425	0.22571434467113705	-0.10871679164216771	-2.0571254154795904	-0.6332538616843288	1.134098002376903	-1.4361070470298198	-0.5107720269413587	-0.025078626997844106	1.8288757645743177	-0.11571313800713831	2.0720924866693795	-0.036883490424250424	2.09360237280374	-0.9837522973414258	2.5413011696864145	-0.3180363772426347	-0.8734879821009697	0.6935242567825339	-0.059003299634075405	-1.725243991268665	-0.5241577698522478	-0.24792554818067686	0.7676164097666294	1.4279254899406866	0.8089235853271863	0.36129161443982966	0.2616524075866974	1.7284527508922596	0.18092058767660016	-0.1172989862602045	-0.920139093031609	0.11738497144613944	0.5731843249733719	-1.9024247222373787	0.1356413325190117	-1.8598195606262868	-0.13293455796762693	-0.5233297861092544	0.41916434909679073	0.8635204637227019	2.2232801584862467	1.2260661080007755	-0.16021480941227795	-0.05055829266576208	1.379616605013882	2.4593445014664876	0.5013043051673001	-1.1081947240906886	-1.6754710777871304	-1.1270731171811526	-1.2972005666794517	0.19533567384106523	-0.7300287053137916	-1.6660059667494003	-1.3676020473148183	0.19431847113744846	2.8493928621906357	-0.22744802384746687	0.015489014746347143	-0.5278018561589806	0.9269235716923484	0.6734164710103905	0.6992968515374031	-0.49439669690792787	-0.02221943200579067	-0.02246810414753369	-0.7276092082624513	-1.278304303016723	-0.609579340152236	-0.24873625888135142	0.6807184788786864	-0.0838828437729735	0.3254589876471946	-0.10044433428866205	-0.742596004189595	0.16756489038161004	0.5986727328844113	-0.5806466454563073	0.1265723164138027	0.14715211608915216	0.046441260002223775	-0.10737380219349221	0.5861524347949713	0.058216266889860493	0.4253440448265476	0.8777265007756977	0.35224277361851997	-0.11209439096875035	0.04439759332430588	0.06987243720068669	-0.42673415594994885	0.41028246049607114	0.1285425065558149	-0.24244254943223245
DTXSID7046411	-0.9801138229491818	1.663907476646978	-3.7082588974501114	0.8652022132551389	1.8200342280938828	-1.7691116843696542	-1.8222761518594939	-1.791406518041747	0.607459847222648	-0.7304053846743399	0.14126813903711094	1.6451868759269903	-3.150123119257471	-2.7541938782803017	-6.54082371945142	-2.3796724241378406	-4.026459423791421	-2.14043530090989	-1.9198624048489688	3.361894950399173	-1.8772931222514633	-1.7402178318746517	2.383713171901402	-3.4121109249190256	0.3809522008077551	-0.16599875513279186	-2.332728930810914	0.12946266601870085	2.232379267202763	5.568322151173551	-1.3555237994025549	4.265090994330567	-0.46362774165483345	1.8729546960695258	-1.029418260031397	0.8615041545462302	-1.7121936035375587	1.5815055199491694	-0.039580495751994293	-0.892679779010632	3.475260111617058	-1.7768809130437626	-2.6471942029902755	1.7092901988420164	-0.6730608036508448	2.3334129037404963	1.4370168925600613	0.06216356427393674	-1.2974342960819691	-0.662696450037669	-0.7719016053696333	0.8511309100316943	-0.6317204127573163	1.748249338130231	-0.8305673220514909	-0.18079139647722348	1.495667345938057	-2.3025099501553337	0.07211242328222116	-1.1274835668450371	-2.5383262224621954	-1.4067678381098172	-0.8900062154339544	0.6673469618000113	0.12756751704122066	-0.27147668619424	-0.7176959944818322	0.8005043622726575	0.15885516780732248	-0.9669598692230823	-0.5272248817505917	-1.5862870983278226	0.6523313503424093	0.1408852113577902	-0.842038640469099	0.66281163328954	-0.15691186825157463	-0.06201054781363063	-0.16876885270470884	0.056343996102291	1.3410014011652078	-0.2126149340201786	-0.06447190219591914	0.5611593542996469	-0.6474272130426328	-0.06815465089950555	-0.4296986178859927	0.42596660695492394	-1.2168013662499573	1.0326049136810276	0.25924645016946585	0.43474773206026807	-1.0547703168302385	-0.14918695244097988	-0.579449744032649	-0.4120232756126829	-0.22753991803539292	-0.03036684381140351	0.8489570911533193	0.043132007897009696
DTXSID7024241	2.8447606631072744	-5.080135146105582	-0.9178120004614255	0.8083901462597045	-1.6906478924657484	-0.8193177413653779	-2.4682255879413693	-2.292400539668709	5.033449924209618	1.334390421305877	-1.9804453009269138	0.48679168156239483	-2.9568626589613918	-1.2399802742465378	2.776029510614998	-0.0033896791785016657	1.2405801151007385	-2.195065559378199	-0.11194601991230486	1.6860197610551109	-0.2603217343997511	-0.29692753656490434	-0.8131062354012125	0.5514068985651945	-0.895754843271134	1.6380729063708197	1.4527335973334394	0.483585100445713	-1.6619919035534374	0.007867923697626636	0.46191075803311604	0.3401345095724374	-0.26928041180898593	0.18502843700142085	-0.025961314486999117	0.3750747909829376	1.0262291857871173	-0.5387525465761173	0.9864176083995346	0.39725834652103337	0.07915942089875184	1.0262040163245731	-0.25789054808787676	0.25548043509997975	0.2917311521078179	0.12055914833417242	-0.08391711223985643	-0.19578144811896223	0.4760157883369847	-0.4157280694344453	-1.737535103070438	0.32756785689692325	-1.0387792345687326	-0.21039926883770868	-0.020849144767382196	-0.14777203712054235	-0.1909469587492984	-0.2004520381693324	-0.2538778658261192	0.021388168746962477	0.8934729973182428	1.09699845037369	-0.03768089952672	-1.461517867841553	0.5852020838304631	0.609511069059808	0.11809281759001243	-0.2556379778425701	0.8225220695139112	-1.3108034877806556	-0.3367583498653746	-0.862154230033425	-0.16503166753703993	-0.6376661291893596	0.14246523138461795	0.5044683266895179	0.664548059225695	-1.601122016897335	-1.0226700822158103	-0.2431804473181504	0.7592317833336605	-0.27599984426001284	0.16402650304874655	-0.22148856944815562	0.6320775642236713	0.32863733857100924	0.7810124593612862	-1.1960517075004775	-0.19608525806368038	-0.021785836429379687	-0.22402635565210466	0.4291133020158326	0.5640873400631929	-0.6772096810681094	0.589953352775109	-0.3808970194905917	0.1451961693343442	-0.7411592239878038	-0.017208450644751655	-0.7989450792654734
DTXSID5044865	3.1775094693367736	4.190694600384032	-2.8836083973406477	-1.3615562487932986	9.950774650442199	-0.1829481837033545	1.0603458902497203	0.061160845556292635	-0.12498347480431017	-1.2271677057201154	-4.166587614468921	2.601906052262413	-1.5676306081540492	-1.399796327390141	-1.488549057244193	3.552890892685683	3.5140853625203046	1.28158257739561	-1.1007327414787007	-2.1050473270392884	0.5453321533067945	1.046865375619774	0.23826614334101492	0.22427006009021713	0.7666535019171802	0.24438713484725838	-2.9733323332831705	0.8588465705041767	-0.723105538304156	0.5401971239980765	0.798304449890335	-1.840514443731299	1.4536626923536466	-0.36939450298694765	0.9348453746465006	1.0682333162656967	-0.9274306258272429	0.10480584105489019	-0.6056684175138655	-0.40929539123060116	0.7577358379643528	-0.8407170858706314	-1.2422722328372222	0.41159610740130864	-0.3942511616508605	0.05316088233596036	-0.020402306301501225	0.5490506663836846	0.6089433600881002	-0.4932871381643213	-0.2380354856920338	-0.6294128606288197	-0.14595687606006488	0.024132222667243262	-0.5480906590036394	-0.2740530970072834	-1.4490031394494358	0.5678382632091513	1.0652455211614433	0.8189498965901768	-0.04493710019771675	-0.04013021045000798	0.6868711854675109	-1.430583363148645	1.7669528397933785	0.03672435409060524	0.8110643129102197	0.6061789623445064	-0.11917410821387879	-0.2976406414956025	-0.750497120816092	-0.6292742216335045	-0.18776196297034242	0.12786869068789677	-0.64205188546445	0.34659077429790036	0.6853229031623168	-0.558961406711904	-0.9096038862641721	-0.2571060745038098	-0.8416393559270248	-0.5828259762213043	-0.549624142760841	-0.011427560544296464	-0.851001582200363	-0.22714613334702735	-0.6572635004456162	-0.5928233319884336	0.824441241935668	0.26389496213733726	0.6867566676438064	0.5145212097834015	0.8128367681146558	0.2822035044875155	0.18944770840609354	-0.3751764766178348	-0.5727116875203592	-0.04602720983000077	0.14417185008744546	0.6454432552222483
DTXSID3031492	-7.726879736566651	2.576966971767136	-3.0420198491649066	1.7876839106377695	0.09307514492056736	0.3903872975146461	0.7647943699810719	-1.9450628890175505	0.929484977897864	0.05254048395132123	1.1083933530404444	0.7596833210391486	1.7714703380477659	0.8402632746901043	0.2382163065474072	-0.6667339270686528	-0.774583719629673	0.6408664077108093	0.2697316689953813	1.046319528773586	-0.7868513004504093	0.4979574412425452	-0.06905041068557076	-0.5618821617366431	0.24730369777831163	0.07339134260474135	0.729177598759981	-0.022713770263757073	-0.09184792175732437	-0.39436620769095443	0.4229716422100635	0.5825213646125074	0.14163494187456133	0.3312334587403526	-0.04606496281005328	-0.41300136718679276	0.5274569604337024	0.053372737108461125	0.2699171374943306	-0.5235580580516926	0.046071364767260044	0.005893849245751066	-0.09569897291103373	-0.30191235526305865	0.5350652306398546	-0.3310808592030745	-0.012610691917504758	0.4721722473843371	0.14981416271841833	0.14379972068931982	-0.21861642124497543	0.21388007722882071	-0.1632278635752602	-0.9983417918003284	-0.1949266258890265	-0.4807642828630646	-0.7693533329825839	0.0164418270364001	-0.5857884553528561	0.5663976904884218	0.25024905943334697	-0.21759105716453433	-0.0726966912455113	-0.28963518770689733	-0.25805091127159524	-0.6070715801368761	-0.3338074192378043	-0.24975703459505852	0.2769644272447626	0.9234711435097934	-0.6705460872484622	0.23639917557124052	0.5189042304303296	0.17567420593878844	-0.5386945879775086	0.0701693280747022	-0.21509980548840366	0.4447740214790081	-0.2649941136165784	-0.4032127720239886	0.015023652593265536	-0.27513231503040425	-0.09531959145310469	0.030070667836758554	0.16907428331296043	0.33504574556732036	0.6880822995825583	-0.4254874037840143	-0.18998850334641512	0.09037780348060996	0.25957000072774283	0.04711580797640781	-0.7859540568278406	0.03987733945099814	0.2205850402776864	-0.1893358342313635	0.5433739909835491	0.016528033745712017	-0.057810194991728056	0.08725991313176146
DTXSID1041689	5.886235031431291	-2.2975560923220057	-0.43477813220747147	-0.24743215015906045	1.3930420916116824	-1.7095171226760333	1.8703244694133176	0.33129920814808506	1.9540448039380516	-0.5586703023277473	3.6634426442043098	0.4221721836460945	-0.9514191810040541	0.7960165299496735	-0.4815252780236751	0.44739726183651474	1.3914433464761538	0.3277876550168569	-0.4643961948902048	-0.029779346481021856	-0.010124354263670494	-0.36699312734402334	-0.8244513812047116	-1.9899420771869931	2.2888400069308767	2.122116820636195	3.0751900060890898	0.03927460672363621	-0.17254843695330288	-0.03098264184027762	-0.6066173239257399	-0.3610681605387013	1.2927768877858117	-0.3111272944244449	0.14325285447011238	0.9699311589704431	0.07335021479991534	0.06945564280639635	-0.12315940215156969	-0.7650758247626867	1.3374930857401564	-0.35071624690140685	-1.4187653471154422	1.2216564234055647	-0.43347854434024163	1.0953331789858194	-0.9845563680395337	2.7117997902319937	1.7473612878757099	-0.5415465772172487	0.9646513628012541	0.7768210956558406	-2.174929437280081	-3.6379284406969297	-1.8300820542080538	1.2213829115184838	0.7251503573681075	-0.40337256722023285	-0.9765704645980433	0.6544582717553157	-1.4418170361002594	0.44158457998794975	-1.0754319569651547	0.1547488024225315	0.15615051447250808	0.7801772879367409	-0.4765088143390703	0.10721932334779227	-0.8393362459638744	0.8413438644220471	-1.7014301818143351	1.2538013031809385	-0.5995860259099277	-0.09095729834516035	-0.12459641401658968	-0.7125539905869093	-1.7673359433086895	0.06445793583372879	0.9202837764363574	-0.8730939905776469	-1.630491124565011	-0.8416111635398602	0.5609483527466905	0.6942544887890271	-1.6387183993593444	0.09562881397897292	-0.2791105381266418	0.09642672756901724	-1.023048494618684	0.0926050565967012	0.052209796453928224	-0.4873108099843826	0.3426399832012772	-0.8668003420950823	0.13469241959788142	-1.0061459027661241	-0.28545171623325905	-0.9893306628651042	-0.24684311889734692	0.18344512151701567
DTXSID7044552	-4.494577380990618	0.7834145005528125	-5.22209875894507	3.826227120488513	0.2613270507561084	0.9448631207058067	0.24652499077551995	-1.4845529764487155	0.6990602233322696	-0.35128022817650856	-0.41887096667406587	-0.34807081563452397	1.1443463488835341	-0.2162793342409538	-0.573028349641308	-1.1526342905305713	-1.0830091338620016	0.1885139806836403	-0.8720560789557279	0.2492598066984739	-0.7880082961089786	-0.31609286147033633	-0.3789561259661788	-1.0318676218699587	1.3105575561857306	-0.7799385799594395	0.09790652122415122	-0.35385567628476533	-0.011307381015151339	-1.2211706012102062	-0.10206725567427152	-0.0588314260550805	-0.40783631659455166	0.6734453259290045	0.8959400203171246	-0.24445018739705918	0.5049886850110749	1.0186608083388418	-1.1921659920737613	-0.13891915334939642	0.24713186964870484	0.8498471977923727	0.0015794181838250522	-0.7885694947491284	0.2400469510367175	0.1908594203007679	-0.31414947544146804	-0.07663740211572923	0.17865402171697103	0.13172327768224099	-0.38009639364508785	-0.2836710348294286	1.1746058136211763	-0.32677404768736495	0.5852134053471058	-0.4961131354631299	-0.06406483539279147	1.0351834709976828	-1.1468807004102723	-0.014481074743933167	-0.4183137101651276	-0.15396002678558382	-0.9090355703020819	0.463756111366401	-0.361985451621661	-0.7309134373748906	0.17446939594120284	-0.11555553820257357	0.8458114127134391	1.4075163100379602	-0.6464145749165735	-0.8271220087265341	0.8617487016182327	0.26197790436378227	-0.3240372688619969	0.5446072784612905	-0.18788059311358013	0.7543923578276245	1.0150524496684605	1.12984671339153	-0.28691444282828116	-0.4976368517384428	-1.442558051043476	0.31305007249557715	0.212662920908609	0.4202070006245178	0.5050773004147033	0.8292709781568443	-1.125969770941026	0.5894777107746848	-0.5790084105199748	-0.025719180838364337	-0.17994972697177242	0.5179999361643771	0.20029531734725337	0.39182630456543766	-0.531652532442079	0.3687068063214087	-0.5855263775938737	-0.4620293614136155
DTXSID5020813	-8.012726518707707	2.4649286784308093	-4.689439798997039	0.3430899532872066	0.5222335264147618	-1.3455530486088423	-0.8657992617565736	-1.2449647150420748	-0.420069502014119	1.054049552799023	0.36526907444303425	0.1509494555772549	1.6749363611316341	0.047332250427119534	0.6434895489414577	-2.74167115093326	-0.5829317476111453	-1.9377739921833186	1.5034462404144862	-0.10066569254921302	-0.860491742351337	0.8811295454637869	-0.2916915112279947	0.9981513198304218	-0.3591934700245757	-0.8168996933499661	0.340060458460477	0.13328971212728077	-0.3401382922963121	-1.2268045175796825	-1.4223327360516738	0.02331503730001617	-1.3803988781196745	-0.8482721674498156	1.4986091692909218	0.2678103770298559	-0.6542817149711097	-0.005913306234751651	-0.46158322105604366	-0.1878950906637008	0.2586376691443681	0.4569382172968028	0.00040825382053346655	0.27034879935365846	-0.23486657686178145	0.0073740579070258475	0.5246572175526344	0.6444822626975233	0.023571859997961374	0.16852789993827702	-0.4265239210234091	0.3098652526925994	0.964013055079666	-0.3043116119302562	0.06423801726528683	-0.4933964743913946	-0.05693021614688624	-0.00013199582680289482	-0.6317310020014458	-0.5017336366027044	-0.25122469507936424	0.21465689726518705	-0.05928261565146709	0.7432648991527855	-0.21909259685977345	0.6670232891424317	-1.4849205370625562	-1.9204707896035653	0.08519446480891404	0.26282838097188277	-0.33679457412981895	-0.3958442534995337	0.29278549534719406	-0.5294085298669098	-0.640441586627884	0.6019797041087102	0.21738711263124713	0.7428799799872714	-0.2986624713005327	0.6907772499214496	0.4311582009146764	-1.7162144553199024	-0.23334788004382562	-0.16084844950705374	0.3805245342982413	0.6398123658764462	-1.0387118010926544	0.2988932462391052	0.6734110726066306	0.3417641757356717	-1.8321653485950355	0.2505141207184536	0.03143677249063064	-0.35021975733002514	0.8135830480040465	0.31168977658743546	0.3531367746010043	1.3903377060555664	-0.3754095365412506	0.144014624537367
DTXSID7041336	-4.963320243795056	-1.7440367158322427	-2.591598134316499	0.07485335087877334	0.23451033580998532	-1.6898686095601825	-3.4530571656025337	-0.7065054706549967	-2.099850718372836	2.999469559368271	0.168561186624633	-0.6298775845990126	1.4169113126816641	0.0668930108464652	-0.0066452808888583775	1.436259659391931	0.6081974997521334	-0.3235296946696546	1.520406899696741	1.2261459826760623	-0.14026620323397945	0.7015854201087466	-0.11821392498766589	0.043804669522967736	0.3850836521005461	-0.5812669615720848	1.9344060459661183	-0.16247099059403944	1.0464243570297127	-1.4529036440876753	1.041245042306399	0.5463486392226576	-0.7767267234384588	-1.2338183256842126	0.8329457534910796	1.0814635219197481	-0.9817548713452526	-0.543637780579927	0.5711278338359713	-0.9158659789754474	0.8478592773317745	0.2993805900243761	0.13749008530392134	0.8533351441995566	0.4653915173002548	-0.666955430380212	1.0002161569711112	-0.21051784243565552	0.6607043996258949	-0.028346257631874105	-0.9324348158130122	0.3025075595392356	-0.3043457090828145	1.306323796904029	0.8268473863204817	0.2471781349405926	1.0029918048024775	-0.9412713700939022	-1.8770778737132252	-0.5102531120065644	0.49561465839072294	0.06824312642600106	-0.7861180117493871	-1.249736232608355	1.0620908536814715	-0.1331000697308523	0.4032447856566414	-0.8843655630373092	-1.1127475237668982	0.6031493203468137	-0.09305817503450736	-0.9171268453637985	-0.48829788996734624	-0.06653940671810833	-0.09424083843380045	-0.14025495453496298	2.3688016289417235	-2.017990230835949	-0.8637850801380028	1.0668988723467685	-0.6331537664447221	-1.1669207653464206	-0.4779598939751402	-0.8491298097673098	0.8442481227341311	0.40749397844279484	-1.0331610062920054	-0.34206173439023135	-0.26336931149229376	0.2497939195224285	0.6685303622902167	0.030599665310377576	-0.19515400789109916	-0.1307399109911271	-0.05600736950036198	0.3495649572944662	0.31978032064058926	-0.8606454937930627	0.569237882053275	0.1798886314443134
DTXSID5034357	9.556877434688305	-10.81535572526194	-6.479188193947649	0.9592069154538664	-6.204546044914935	5.314632336831814	-6.132198761848	-7.026956203862128	-2.756589286957904	-3.3388533058422025	-3.610455108142987	4.574047299874507	-3.935442592250355	-3.6448486464642706	2.6785838485338815	-2.0097650476197613	1.0854542831340892	-2.7048364688082778	0.8685786942331545	1.8768474568733513	-0.5402920389518546	-0.9208400874388875	-2.999381389218309	1.344547456204212	-1.7744720912676328	1.0877982568431617	0.21426239645656284	-0.9648583741540696	-0.46139933489186513	1.018026423668302	-0.3060653384161563	-1.4031457867651875	0.3376536367194425	0.4504268176525382	0.6148704317401815	1.405732114964251	0.15914216082683624	-0.614346586677217	-0.027749212323785147	0.4056914549138258	0.007823791197393454	0.23872337238394548	0.7876381149158332	-0.5898469269048854	0.1178744325459115	-0.40027671180392194	-2.0885736728021764	0.9601844828128807	0.43309058298688596	-1.0899502092731568	-1.526160548818716	-0.6223314659820764	1.086915771131482	-0.19014904837016297	-0.5079591709400996	-0.6924376734339007	1.081715627183437	0.9102115236114449	-0.5581366289450683	0.19654593443593277	0.04434715012617757	-0.36678541180451085	0.7091411755614483	-0.01952063955023159	0.4590574837736229	-0.2742735467466969	-0.40565679432852575	1.0678623340815583	0.010990116593583118	1.383419795236516	0.050041689833610146	-0.7672823031390347	0.2167525202881016	-0.7670235272645596	0.3166749946588397	-0.3937447923850136	0.06857143359326848	0.5028741569694924	-0.3774601051762159	0.27518771695186633	0.16286714647129028	-0.20478470217309602	-0.6434685200717376	0.5705159284263344	0.3268997549099736	-0.6290329605852727	0.8088416246453903	1.354350884563326	-0.6367826176096052	-0.0783135343494165	0.07621685065628876	-0.629682795128562	0.017706245546677227	0.4491099866319918	0.14632164587412208	-0.0481940647400459	-0.20749457795666632	0.05883536901351271	-0.22404811884262082	0.06764537057837447
DTXSID2022626	1.0004927152513197	0.7694690659979179	0.2930260266950338	-4.36779298316705	-0.7484630087465435	0.6203527960115466	5.162399577997271	2.599314244346433	-2.387860909058535	0.9979248646469687	-2.9036005676882146	-2.026141391857975	1.6229572296850272	0.09979733501166076	-1.0249945880236153	0.5864993710539679	-1.2558802826061333	-4.02391004787179	0.6623427932636594	-1.1270555873250374	-3.2454519869084884	0.14364016204678995	0.19546141702041445	1.6708272508935211	0.7219158380116399	0.25891288698574577	-0.38548963108238843	-0.24459840347512024	-2.959689727084172	-1.2772100322187445	0.5243494372809329	3.0347867386085556	0.336396117352335	-0.7960854847542512	-2.5688131167390647	-0.8730928051978769	1.528142180122809	-1.0032892284833483	0.33830208781197435	-0.6693299876068033	-0.06297398862644156	0.5980954262249342	-0.43607868622122037	1.3780385910948256	1.7250666316079297	1.720939176367131	1.8537136338437925	-0.4926650691751214	-1.7651940659773542	-1.149453208653958	0.43429113910264716	0.25239893605159786	0.3314273470414315	1.1531392309378834	-1.2738458695704382	-0.36069625322737175	-2.043216750616951	0.022195868456779625	-0.818256492729763	1.4555799321885936	-0.3682185354559201	1.2393615804480578	-0.6880366532684979	0.010157690224684466	0.990832249837982	0.6779500905515611	-2.7484332496570274	-0.747485899072169	-1.5170206380705635	0.8189520497031608	0.7346003106013201	2.257586624974939	0.7620194845778631	1.1935299097345855	-2.1069968929990863	1.7587938615844263	-0.5217555664165993	-1.0158477791895613	3.0120158219898405	0.19186877050457687	-0.2872241291542332	2.0582429995460902	1.928570959299655	0.7240985128818754	-0.4612045459292863	1.367593638049355	0.8702815115230031	0.6548953767533028	0.6902242882735291	-0.003592062241651076	-1.034464071074086	-1.6068706127202983	-1.5598946589494682	-0.7245974698130999	-1.65387661129591	1.0721360252391565	-0.7639186614153332	-0.9010232360093846	-0.8046407260775308	-0.47425914090933013
DTXSID6048965	20.901938812968492	-5.933796283612434	-10.665189469878737	8.835319625472476	-1.9311042907081113	8.28228060476377	9.177983304560144	-1.1221902686028198	-6.549700922020341	-1.4103538778611495	-2.856348661790565	-3.2397986495959312	4.372896607287076	1.1373156478615054	-0.03455170559265018	0.42374897841356496	-5.0242812805173385	-2.5462876640376435	4.2945063047761405	0.2157237615082798	0.5480075381140759	-2.4337506289794364	-0.2962228601010355	-1.0529024106359186	-0.7632301210939503	-3.7293413223690566	-0.7865871104503984	-0.5643062085955332	2.8927193840307703	-0.9260688146894043	1.5773948384743544	-2.066894288061446	-2.748865668844743	-0.3155681391734892	0.7181204556677027	0.22009549266714176	0.5880364429797388	-0.9693359499984637	0.6871880653832021	-1.5540254438870522	0.4550432232813167	2.1961375942367396	0.8356091681319453	-0.6514588789779989	-0.5858369973524079	-1.741822611160675	0.7066572126140986	-0.11075063760305935	-0.7097508492776141	1.5223067396272747	0.3940995503227191	1.0488893722387516	-2.8980900971448005	1.101236024810963	-3.703643721771251	1.648604527508627	0.07789326694094778	0.2459384819775509	-3.282742840204839	-0.9566422700146215	0.7381104030027675	-1.0942417123282768	-2.4703307739066327	-2.4516023865800576	-3.7768128004884147	-2.3480664294989233	-1.264878750925673	-0.44728620844408407	-2.9028276841845053	-2.7911011616347317	1.4467178519022434	1.739966400328682	-3.847714213168513	-2.1696551894628047	-3.190072631377382	-2.8527789313492247	-0.40459628825221966	-0.16252766737422844	-0.45823499501468595	0.006531967393111953	2.9924311344660066	-1.9531986094842444	-1.4364115157257098	-5.188158776026892	-0.30522178350963675	3.481914134792099	-1.6925506231262768	-3.4218993148691697	0.5054939523800392	-1.015261124077544	3.152991546215305	-1.1076335960927108	-0.03420426239994605	-0.6208881596363366	-0.489698844657259	4.0176840144235575	-0.036939123165708486	0.16781020523151258	2.4357451144950257	0.6203843333144683
DTXSID5049075	13.71546252538715	-1.0647550752168664	-4.259835599308202	2.151745067153527	0.5853640945629497	4.1156945177131306	3.070541368550914	2.4319967182363564	-0.9478327672752673	-1.8142210507307757	1.6425036452844715	-3.4602592291770957	-0.031652299691994366	1.8691061934438913	0.9855856124117478	4.583761929412076	-4.27939163139118	-0.6518968308634507	-3.2141757961865154	-2.0031163268001424	-0.5694358408012279	1.273432653251665	0.019063104908964613	-0.7678717607719272	3.85864315235921	2.277403485880315	-1.8947448024672142	0.9394487714932497	1.1902855873573046	-0.5696727327110963	-0.9567552976522165	0.1053087208166952	2.2200772688984336	1.1718192966627452	-1.7625165607121038	-0.7707572707455949	0.18546910877152445	-2.2285084969109663	2.377034207710873	0.9346950417697132	-1.5022188496622808	-1.5207199269955207	0.9199080496978589	0.35389587601698125	-0.43238969591988724	-1.8017693921166011	-0.9413194404785828	2.539375597252111	0.9847778079236659	0.006031316942687219	-5.005571619254659	1.503844802709055	0.27653900095030376	0.22975132953314464	3.1476085252320734	1.343064936077483	-2.3692355123427045	0.6175916907672088	0.3161595393740152	-6.679569254396525	1.8799239305080688	-1.2478768475305841	-1.290537811680974	-1.1456603287847245	-3.439235407324411	-0.014530840750251454	-1.9386190504191363	1.2846991864991586	2.5877373774798467	2.9874800935376955	0.07268964405625708	1.897455349733628	-0.6670329965391502	-1.5646816256352456	0.028503180855095935	1.427394645157326	0.18148849241293616	-1.3200425519982284	-1.364693524777388	-0.1562216205624849	-0.12274715467965285	-1.2695634796156572	0.23896386861548016	0.4717192896724533	-1.040870172242261	-0.7403015975761751	-0.9930086912129545	-1.243283930010094	1.3493212960087937	-0.31698309742468467	0.2513915577679069	-0.9384201934370893	-0.5209431531225271	0.15175085910139186	-0.4000359769241884	-0.03872484403035254	0.0838383218970287	-0.5231127583281477	0.3029894017017419	0.5128518646973664
DTXSID2041252	-0.35979454595859467	-1.6993593250220618	2.0430617444300183	3.9037254190074138	-1.452265359010773	4.552449365555242	-2.7883131238987278	2.862321667561288	0.21936881694833799	1.1569293386256612	-0.3292859370300088	1.39999291274998	1.7651822321175537	2.465788603159296	-3.121603893013576	2.145404542489089	-0.02756184791634714	2.001247431495234	-1.4002783175880482	0.4856663647393788	-0.3258850903376512	-0.6402469487107194	0.14326497928459733	-1.0222593065699854	2.3796940168881577	-0.4151163309498063	1.599319014282003	2.148888610624768	0.7679831546161515	0.4089882601885544	-1.262368870615695	0.3599586628993232	-0.5388076546892651	1.492536784387498	0.38912818758142176	-0.02216824406610376	0.4074036810037471	-0.5374636014192021	-0.259436608819794	1.6711469693559484	-0.37036749769139504	0.31960914778883404	0.5888670080720368	-0.25510205254371626	0.08073535510355183	-0.025226265259688806	1.1867551606665743	0.558942143318624	-0.804197028884462	-0.9443258872469101	-0.47741174446321943	0.7679514226679734	2.09151343318083	-0.22665518757521105	-0.42537257569862486	0.8133899182477351	-0.1453434506335153	0.2516108067188688	0.5894599521385256	-0.03534110228284017	-0.6719567265109586	0.4943037551714881	-0.4544479238793839	0.27740288776123206	-0.9503517684740684	-0.6131259569934261	0.6662451344482629	0.06426793993761383	-0.5722023171853912	-0.20937085944523184	0.8604733064881611	-0.20029991580559633	-0.3827855411842213	0.33203793981419927	-2.4115724702854844	-1.0549298814255605	-0.8167321843219338	-1.1561038743449432	-1.633159006678946	-0.12799938028002278	-0.2975902172590172	0.5239533003287283	0.1052849843428977	-0.15605356118102715	-1.0730720155781595	-0.15721407389690686	1.0573690111338736	-0.35302954980526835	-0.1412327805780114	0.19841981334544906	-0.587153346310625	0.4909738538648805	0.6197119389463748	-0.4578051091521378	0.4686482672476728	0.5100642651923143	-0.789249483665003	-0.3955898611779156	0.4790199572624149	-0.1533989138075008
DTXSID0044941	-2.665205597215961	-2.545617032106696	2.017555822544148	0.46770748702145576	-0.7544954454963562	1.1129627818848373	-1.77024226326691	0.7479044919244732	0.6402112727260131	-0.07319655714057408	0.4953823451852576	1.517193967523778	-0.3698723490357033	-0.8499972345323491	-3.9433710560499264	0.21481864631611272	-2.361768308495142	-0.30172179806452654	-0.585766576085173	1.7619698836881459	0.28446413870878173	-0.16147558303451356	2.1870532352910357	-0.8141679283380653	-0.5996622146948912	-1.3789942086358247	-1.6454211553209708	0.813226648526645	0.9856457948365986	3.6988256102546138	-0.6720675635115865	1.719485678333744	-1.2978519557519779	0.595288506944492	-0.6959038951533192	-0.35848249369130214	0.9763946891273261	0.602900816153947	0.2565942640973683	-0.6554291426033696	1.7482803993656812	-0.42223730931522696	-1.776471679396017	1.765084689077678	-0.4698057415496772	0.9272466188893622	1.1505728351781086	0.3212366792303761	-0.0003181110077112796	0.8957300018829857	-2.4327921821665486	0.3478703143723858	-0.06795840249736378	0.6158974297973725	-0.8016866681090227	1.016836189877051	-0.4952510006248948	0.5330713127192683	0.5150676267348924	-0.24491917749385736	-0.5109109752730592	-0.44111401836549974	0.15325879446679078	-0.05925907092965356	-1.4765432540223011	-0.9857864802988635	-0.9290794797290028	0.9133566674920317	0.814604684567832	-1.1510259448141986	0.29263626803904536	-0.8771208716626928	-0.37052118687865343	0.47913854884763407	-0.26507420652468106	-0.5023664376624332	0.7078133206365684	-0.3061499270138268	0.35528130473171493	0.7360491340108393	0.11268505756698402	-0.17357598059086712	0.18645329390306747	-0.1729862185127585	0.016930527078549786	-0.07486495954178259	0.45652607845196774	0.21103966117162157	0.6586788780757685	-0.20075949102822085	-0.3997242523675888	0.25695425934254557	0.1541036991567077	-0.364567697224374	0.48352928170554377	-0.17444111499922385	-0.4369545863256105	-0.10066840544533841	0.004224210798298768	0.3729060374799961
DTXSID1044982	0.40397859483763987	0.5609998878272443	-0.3184162090849118	-0.32056834886970004	-0.8739400777541529	1.717375434262637	-1.0957833015864884	2.6137176584377473	0.42837848885661384	-2.540954523470957	-0.3092831654620343	0.8231883347012008	-3.4959278610788527	-2.9111508807438584	-2.7927358504875257	-3.0491220516425845	-2.0793207918080334	2.6642942877199656	1.1925876160053555	-1.4383132362844195	2.638069901485199	5.937477215608599	3.3349984809956785	-0.2973514172615386	2.2751827593174307	-1.535473750684367	0.6480111270178829	-0.6195952304017914	-3.2924533871593806	-0.4368493099633458	1.054952874788982	3.4344047765349277	-3.626051086105564	0.8773244914303662	0.4367069261701404	0.298139553866933	1.7425439161512855	-0.6070544126103218	1.8304727300486248	1.3171528825104	-0.2887538604736824	1.6371950183966866	-0.1641034984433899	-0.3748476172392678	-0.1928518882718481	-1.529514951912403	-0.5984456056375221	1.026262312942219	-1.8251127222694261	0.27042777807129914	0.46970148444342374	-0.6967705995368586	0.06632049341539487	1.519983813757008	0.8350266406400568	0.28881093060918894	0.20776826325934178	0.5117559839102825	-1.878017940381937	-0.9950899384264671	2.0563797115932156	2.467465980846503	0.3946396027141726	0.7658464684246522	0.2568349130351818	0.8362761677139059	-0.9360830902080575	-0.9776128136658705	2.712886361179217	-0.6209279583963998	-1.01158428936673	-3.5580682968442265	-5.897776440032731	5.471245495413356	-3.0005902153046367	-3.1334291431064827	1.948496602676457	2.905630165260619	1.6114973432602917	0.10136489460559568	0.9557517884746409	0.00729502983506883	1.0467458926831315	2.2140417161092745	-3.8431893783721827	-4.356147236498269	-1.0536300653007291	-2.8910531373062063	0.4199898030226945	-1.3886956574263065	0.4961105984995991	-0.4691405706295038	0.37124693411388804	-1.0217393945482027	1.3436346765959142	-1.0007754746462625	-1.27297569752377	-1.535903436311787	0.14976771911092443	0.02529495970874105
DTXSID7024031	-10.220922926288878	1.4682742080978697	-2.103236570700474	-0.13204334439333812	-0.06897390353881482	-0.5173890863508259	-0.8645294746900293	-0.9135742447357124	-1.7415768781489454	1.9995860569657973	-1.286173453415869	0.556837158678725	1.0154400967084254	0.6297633517594136	-0.4513110718020234	0.08272693135339812	-0.14302374842491886	0.1839787158703796	0.314414802652469	0.745692107434019	-0.014751834722740057	-0.05364292279295946	-0.11850382316316865	-0.49696171138618433	-0.051403234455352644	-0.012960913006489444	-0.06582581248034483	-0.29268417480064757	-0.2709006813880344	-0.5064785575921181	0.801586778188995	0.5393250954434136	-0.30454924913813647	0.5475864728482833	0.015375475555989927	0.3321727347747864	-0.3045917050652286	0.19220011378063423	-0.04120383065850832	0.2173129696118861	0.1755417198121872	0.8116701802560127	-0.2072115992685478	-0.3659057386674393	0.312034480818946	-0.18446459708061438	-0.49543691385195693	0.3422159047145876	-0.030475781336588133	-0.5266595496169343	0.2522667847471059	0.1750046322100793	-0.1900490009898126	0.29530664551901625	0.35131130533859967	-0.5337509231824713	0.08231834723762388	0.17354646438261717	-0.9065394977265171	0.1943377416517679	0.5365035272061465	-0.7401401719081528	-0.5086638110139629	-0.23223465797816975	0.9484578715595711	-0.6114556889154417	0.144793397878064	0.19585924941147684	0.48398594603299677	0.41671479687786006	-0.3671136554506874	0.031072674238005926	0.4521975285587248	0.15136746075976165	-0.6042097503144961	0.04646898164955702	-0.13651337400178112	-0.11966829568276083	0.32796361276262015	-0.26480662540644023	-0.5451087761911162	0.08575580621421353	-0.1101958791738334	-0.2931001689838532	0.271730420766509	-0.19696268737189618	0.5175534151660373	0.16642411985569108	0.5306097316207274	0.5266166047646625	-0.38029064264888535	-0.19638794771517723	0.03451804893869696	-0.028585635270615174	-0.03324280923538337	-0.2693491567068662	0.7565395200901152	0.21320818835031402	0.7554546931007876	0.2843064860888149
DTXSID3041665	5.340478036261885	3.0278235738098944	-0.05757748462506425	-5.888369482026722	12.632828691115618	2.074878304805946	0.844840746290496	-2.0269059311905337	0.7044339746473328	-0.9396366624417162	-4.466941105561589	2.685458196053391	-1.4418830015130433	-2.0852446677477046	1.720998564909506	3.2758143035365967	5.028391721319017	-0.7750899597647836	-0.3264299249094314	-1.3605302552110572	1.7587501739530376	0.9077587190668096	1.1051065549806534	0.9736006169867373	1.8930172912982983	-0.8703371957245146	1.6334474638325807	-0.8225589494865874	3.082315442194338	1.3327081143301278	-2.3533393467164325	-0.31701671018941147	-0.6635609484266675	-1.7487270169771867	-1.3065732080910004	0.9762045608350796	0.41145550668394304	-1.0175382473715768	0.805341314635249	0.938493202453819	-0.5364296279819047	0.6084879297277394	-0.04032316812721843	2.572424336765427	-0.27477228172029955	-0.5088562605952418	1.7466516425075582	0.011413602061378248	0.5745701618695395	-1.013541895916061	0.0031204773716880622	0.4381198128003496	0.764754143469863	3.2142440260816563	0.3879985645907893	2.6755025079611885	-0.2022640635932059	-1.579412413054958	-0.897991321908901	1.9736925856909229	1.2303880365373563	-1.38668871941208	2.4603833402221555	1.719246163641489	-1.9914894844969164	-0.7285338343124798	1.7389144400439411	-0.26036356477327705	1.217764666527029	-0.43172814141314714	-0.42733411884586964	1.0546131137307522	-0.3830445096884241	-0.2979030365198554	-0.43923295984820393	-0.5843552989045997	0.04673730522108566	0.47882881441977493	-0.351384793296455	0.515682605737767	-0.16871772529934825	-0.5246192764421561	-0.8217411451518685	-0.34681237117404445	0.18291829318889627	0.32195538878635477	0.18054458398124731	-0.5404060154627399	0.9938588274453984	0.3658847689756847	0.33546862154273843	-0.24153731977799456	0.10682965600100283	0.4029911232597584	0.45869705264045924	-0.09923574083919733	-0.16208017295645907	0.7126690754437847	0.07650867301799527	-0.15714356581946826
DTXSID0027567	-6.655452254724359	2.0799025623401	-4.1564622174284285	0.0016617214016791683	-1.0230781141195777	-0.7628601204696166	-0.5575739109983809	-1.4341330511948323	-0.821777664531933	1.2732479039736373	-0.09534576178178757	0.34089596431267905	0.5122798558030434	1.5457427130634445	-0.36353240804240555	-0.7090433222750654	-0.28437998165248174	0.020928110069554598	-0.11451463629853306	-0.09392366207768223	0.09778853839773322	-0.8147446999496656	-0.7042983040897582	0.30925340748410274	-0.009229807116292966	0.05345755335276613	0.14396220759049885	-0.5781945103187645	-0.3554332664537411	-0.5668762763885106	1.1692841010314932	0.6404779431456711	-0.25243832993673376	0.041284146723782576	-0.29596573973090895	0.0858035720128203	1.196326151595788	0.1421107949294117	0.23804169604812275	0.059688332976742524	-0.46639963844619764	0.5631074115003021	-0.029214486406406906	0.19727092617439676	0.08958951234261253	-0.27943992999586753	0.4709659078787217	-0.14235621476219726	0.1930040350618169	-0.24976611853796304	0.06926159304397173	-0.051607953096865965	-0.34357582461203434	0.1675384399513698	-0.6691162925234467	-0.0638776024715818	-1.1713805905373795	-0.6613688733342651	-0.10767395074762157	-0.20630807102084356	0.35092649284437594	-0.00866193357620229	-0.5823371744448349	-0.1355957272537696	-0.35838726543592475	-0.7333518855249008	-0.5887200760636866	0.6308178172757902	0.7775825841527212	-0.17867168521167637	-0.2131198659789026	-0.342726928081509	0.3912669336567358	0.03396223514361041	-0.2270721450774038	-0.08525688128915114	0.16291485088880053	0.14221139582329229	-0.8722506801393283	-0.11735519062854695	-0.16666410956060176	-0.31047014485839214	0.28626363426082696	0.17534733303544275	-0.4214409379447614	-0.19788964521835764	-0.011089742689271438	-0.20697047386061684	-0.024253171632052387	0.012474881966810214	0.0430090802458707	0.6337884469620327	-0.05897830987704801	-0.30386995059394345	-0.18759702533826866	0.2478489409892105	-0.006435507577559939	0.1434602718773171	-0.3676583492888329	0.2273225578485982
DTXSID2027048	-2.2281903730276693	-2.0977635976030182	-3.968638182987806	4.925923039937883	-1.1929711503435252	-0.17996840264715436	-2.044008098716192	-0.7361889660152889	7.30467628627231	1.2700397074457073	-2.9559136226090703	-3.0964829154157893	-0.13844955277307142	-2.8081153830045986	1.621517895991254	0.6436712595170666	-0.8317626906598896	-0.9442695733137674	0.13218071750927984	3.420457309087559	-1.3678158065758497	1.4297979331558102	-0.1391400576987117	0.160565421609165	0.5328849766767956	0.26597449018162234	0.08732420309784567	-0.156921046231098	1.037706245043958	-0.48126759339759323	0.3881196502096163	0.8569815307945595	-0.8045530073451495	0.2102068315238553	0.8858302247192419	0.5781767596228035	0.4100136882064101	0.3410331039839584	-0.06983460979755411	-1.6274535614781118	0.368469611925495	-0.10614727308757943	0.20550811392677368	-0.24498080143066997	0.4329132265009795	-0.08196259982832321	0.5072009216579714	0.08513304824498145	-0.11222461082937443	0.06019618762842238	-0.5362428903759482	0.11989216776440059	-0.6919135726660683	-0.05312179762007969	-0.5883867672815456	1.0740404672028991	1.4917732184386492	-1.109102552499978	-1.7246759299963497	-0.37494812487172074	1.224062345005343	-0.7336337044100854	-1.2318450483763863	-0.5209631848370715	0.5988400951674793	-0.7786737693646556	-0.9669126392268932	-0.4140556726851154	0.4066998191097202	0.515993195886251	0.6218269920369417	-0.5197030958759736	-0.6050391180447724	0.6790269878339602	-0.18375150821092753	-0.14074922483737268	1.3981973514247308	-2.4134739502236973	0.11133470171514114	1.452152924646322	-0.8991556272099643	-0.6215388684835753	-1.2240790468739464	-1.4963229457562048	0.6906374600562831	0.054696045556180004	-1.6527479373645462	-0.19395799085945234	0.07053794018789308	-0.22935320977402857	0.37685587651082963	0.027506849769565474	-0.1667360352886934	0.37357819630540273	0.3432981265461628	0.5201312779558159	-0.44635213205455493	0.40439654820982396	-0.19413206525431795	0.46545819153017354
DTXSID0045127	-0.24449186988362057	0.5690333868472993	0.36986042802762464	0.2880445713487258	1.4036864126112663	-0.4206486982310278	0.7861372158613585	0.822386630873777	1.1545297111360655	-1.5625730302617258	1.721922992453272	0.6776101979130272	1.1441850389890014	-0.48045404726337254	0.6937865723145862	0.2350699584631378	0.3310559461595364	0.6648390049005543	0.5357466767217155	-2.0949223382915756	-1.1036902973641276	0.8584285687793212	-1.175085917777806	1.3254929274573253	-1.144404226119506	0.838686295847563	-1.5714431315784396	-1.371592788084433	-1.224480494699797	1.8494026415876856	0.40888786536179816	-0.4498709632597878	-0.6693497034686852	-0.5814807701636505	0.16682075069394944	0.7049372136801143	0.5552328164900975	0.8021286441309322	-0.026022298459138046	-0.8649951378764597	0.6456953174361079	-0.1778993945625592	-0.4574653769174673	-0.6036166549184817	-0.060300959489346447	0.25118484443563577	-0.3614167559169242	0.43652077182407834	0.1295675653982922	-0.7580491733206272	-0.5704149828667161	-0.8368293908957521	-1.0475541592506292	-0.3332564078162581	-0.39191836497364463	-0.24145872303195884	-0.8371557188039186	-0.7263720907320776	0.043263608774863925	0.2302930554683972	-0.35766718314257057	-0.6104060907292534	1.0153118223700113	-0.5764970049975164	0.8126936824816736	0.2702963593958585	0.34739105983679536	-0.44088622238584124	0.4849504491740562	1.2924243344117663	0.4732388092221695	-0.7519057996403054	-0.219704348308147	0.6182677447410148	0.330120048314346	0.3600236883837806	-0.2912735540647804	-0.15398205597546064	-0.48675401234148025	0.4031614258907536	-0.25999772907035706	-0.9970622606876051	-0.5183576962327837	-0.6263626244378387	-0.5040316940015569	-0.785339826176275	-0.28369340020216766	0.4883768588040808	-0.6157777602735972	-0.29021796486214924	0.552996812045285	-0.09719578432226651	0.3863982328138396	0.6811481781820944	-0.8620688516641318	-0.8186408367899831	-0.009287005659951485	0.3348712438345492	0.3717454846983109	0.8734134213251635
DTXSID1024918	-8.127492480950348	2.1795457493414476	-1.8865614121990752	0.6365052186634361	1.337694981821571	0.5314593919651488	0.8082657281766831	0.5062065549632238	-0.5345676457394583	-0.3405261100092948	-0.3223011108507859	0.7042126492568409	1.4367865620739912	-0.35722127393855796	0.4368661623152217	-0.25131509325289925	-0.5462266073498383	-0.08624201973195321	0.1917924681267095	0.02507116214762407	-0.5022015267380107	-0.3727598331324029	-0.8458932669146338	0.025731632990616246	0.22805656038860384	0.8265607794799378	-0.22192846614556885	-0.6082670213782112	-0.23749268401536303	-0.012699659860824263	0.9705228499219226	0.9411825476133892	-0.4152033478823225	0.9144261916457441	0.055686962645467825	-0.036329365596600986	0.5731298500080979	0.43669030569406797	0.09264171825153984	-0.7144483949131633	-0.161522827184989	0.2904377036295212	-0.16162661207535428	-0.6596572866485325	0.3828180774831996	-0.08795873142707293	0.33133280371638973	0.6389873729161054	-0.6093244669635148	-0.33605851008845683	0.2906461335246574	-0.2128247379042905	-0.9780813028136098	-0.44988779243548876	-1.0241247157042497	-0.3925219153071571	-0.39466276198294337	-0.4459237347712075	-0.2150055217628606	-0.06141478333154267	0.23002997029967812	-0.4745273420791813	-0.2462906863711897	0.047685003403208547	0.21054890260747106	-0.7050350770976714	0.39886737115770904	-0.3134845164919684	0.3538523408177226	0.8989751171707745	0.3735050422141338	0.2242153496576544	0.01313479115065748	0.6646848056060704	0.9052897591805033	0.6885101880891181	0.5974552086507264	0.23231618489968067	-0.3311201838893721	-0.12101978148628807	-0.23462852018480976	-0.04230004209144246	-0.5698752339596413	-0.16808131580144792	-0.13526347627768903	-0.6543397179537755	0.816500072962855	0.1482028735640731	-0.07167876305012717	0.006740278077056798	0.22620904030036287	-0.6634326223503701	-0.01488237516947035	0.7002828279786744	-1.1349984786805987	-0.2759570579784233	-0.0849434455382819	0.06117840701269695	0.4890257818714942	1.119356584937269
DTXSID2022121	-0.6456666362770467	-2.6264067507616353	5.77299784977286	-3.239474324719169	1.0519258908694906	1.4224415924880696	-1.4797798453587938	-1.2810468405463644	0.08084107330926008	0.8113499756846835	-1.0524666349950362	-0.12960737594582075	2.542412833841488	-1.7410283149564665	-1.5818298888118245	-0.006397841724511495	-1.205953296341983	0.18763586877079777	-1.2896548015284652	0.01213723455715294	-1.1740238842273802	-0.16872929903967393	-0.6583712741864048	-0.5864999540689368	0.6566225980977696	0.026441264893262487	-1.3025459113941522	0.6085629402511101	-0.139265387671511	0.779070822412691	-0.6337254585186884	0.43612153237211043	-1.2110061107853973	0.5768919682014444	0.780460515026566	1.582593172147461	0.04808222304811145	2.622080825264808	-0.5115290977980689	0.007040899402001943	0.6673465039418215	1.1565850495417684	-0.7687637666734894	-1.1219160168918825	-0.1634573826732994	0.03073719287318248	0.12125560485199395	-0.22520762771048097	0.2673351116705247	0.23328202280996732	0.8998930188068156	-0.9732616042355088	-0.5730647943778442	1.147106110487045	0.6072081435561864	-0.5619518663214695	1.1651143137677527	-0.3027238983896507	-1.8003563356437762	-1.6329966382457615	0.7156286647926106	-1.0782111501876448	-0.04739558740648537	1.3852727755893182	0.011982886628258591	0.2437474774794416	0.9170080186791372	-0.6295125854512358	-0.12093185089686007	-0.39362072768123035	1.1712989669248919	1.3866136755819316	0.16184703474130627	0.9995612750685033	-0.9053892496284919	-0.1593959791307498	1.1938237796351219	-1.413443823802812	-0.3870387555414557	-0.1881960803748104	-0.9553721582531	-0.8393869304485736	-0.20776836305162222	-1.0412710960132954	0.8527560430649006	-0.5161502765721062	0.24823924185179094	-0.07124970800615779	-0.007329637793670878	-0.14803208069361398	1.0722264353390258	-0.6314124759094176	-1.177243311129256	0.6723676369780726	0.3770913152149816	-0.08137125916720926	-1.0330532387557716	0.7956870929033256	0.28424629072212637	0.41635403153500994
DTXSID7046592	8.612102464747217	-8.224961193011588	0.020068698377945775	5.299606054685464	1.5088481668156253	-0.8514361628396091	-2.3827809880084807	4.916580689490463	0.2417514831782258	-0.423952357615913	-2.9786480482963227	-0.14335513552146778	-5.093232415279882	0.9258208461125267	4.213417656966044	5.566744617807733	-9.84474712076468	0.8034202402423539	-4.8298309063500255	-2.934834778808871	1.383495991672083	2.7511003361087236	-0.013046031747579888	-4.372708379579646	6.5755120952565465	3.6930113973870826	-1.311076284131555	-1.9228517389172888	4.441360793679767	3.094669872723476	-3.27598050765081	-3.5054417854459246	1.3053417993073047	-2.32925709437232	3.916918365630771	-1.8977331792592302	2.193961487745205	0.04294527473299883	-1.0668851201892953	-0.09386698576887555	2.2956617625747247	-2.6349059213360984	0.7534158759144173	-1.6729292732873267	1.053294511142247	-4.137836323841232	-3.9714706568535516	-0.44245317056956224	-1.8724657965123126	-1.4933309321183303	-4.951404094237289	2.744234932714009	3.208511704273263	1.0821298066037346	1.6647797327237608	-2.4647960110901557	-3.9708453957738183	2.803944113054911	-0.23228131679121128	-6.316136839720143	3.979053615649855	-1.3735441227853045	1.547882695718223	1.4107577311172017	-2.3185120695749277	-2.449953966661938	0.04395298698259578	4.134225410134799	-0.25068567194841224	6.994744769690011	-1.818456587741045	-0.586960436335463	0.7348104649621541	-2.1369094974427134	-0.3414154245602554	4.509689732143287	-0.5896799730967449	-0.16246461130629075	-0.9245993698777166	2.070554346251186	-1.5742472963825207	-2.0956115626055967	0.036441590403113795	1.9113808388834048	-2.133904268169767	-2.2745556908457467	-0.8586139788707938	0.3832854119099745	1.0602295250115399	-0.015857284733701488	-1.5371812541481442	-1.7686092026551217	-0.5052642158035168	-0.07262927740480522	1.1336492390808428	-2.747644504397797	-3.7837415333260664	-0.6050010049541403	-0.043298246203859456	2.6486670692184164
DTXSID2027466	4.756233501451901	6.062857489339857	-2.180663458399601	-2.2569054110664686	-3.2244299422854232	-0.419790350001801	4.363910629957561	0.361547719704909	0.8026262279539561	0.48486504727963176	3.1761097497511814	0.6540058486989725	-0.47453459945804966	1.5537887028578972	-1.393938543045218	4.2373177733785194	-0.8601193444071213	-3.44921281965207	3.5496104539884934	7.918867109070948	-5.077916526151673	6.660043869265039	2.66290038082691	-2.105452405985369	-0.9565106522831431	-0.8216434879165286	-5.196668344747679	-5.626079369520328	2.1287970091813726	0.2871953276734412	0.33928416622501817	-1.7592488349033089	-3.3309434758416683	3.3211635252453973	-2.33246897975481	-5.746947051526705	1.9083782868341859	-6.58928428528034	-7.844905175836392	17.031106802976378	5.017697700228508	5.774681590212898	4.882650192718456	-5.590269531595168	3.969443817525882	-10.191557305590162	10.513839065095704	3.9165380933236564	11.851786926865135	2.5034978668627845	5.543762384948526	-0.9176914935842797	-6.904883478280809	-1.091973057941018	-5.331371463520751	0.6499447579348623	1.0875150722462927	1.2726364867754263	5.369221227294299	-4.669134203434448	-2.2739240383712507	-1.2979583586025172	1.5760590785723658	2.305956455358012	4.515382135740621	4.001982486212033	0.5257780517901817	1.1946805200694348	-0.44564894125234433	5.64467520094085	-2.7980548207328217	-4.302185973979223	-0.35740561073478405	-4.496257116525313	-0.04002612533070545	-1.0692092582396875	0.1521642442847541	-0.4950684943011062	3.5488301625973824	1.9846361745330123	2.0390926741745155	-2.4150320299572123	1.215209081107377	-0.36079730491961054	1.92172020493409	1.8120329112142486	1.5061111060386447	-0.301657574807101	-1.5935787006727669	0.08731865380366502	-0.19448827977787306	-1.040258800406315	0.10032841283911804	0.7544597038265317	-0.2126799173415913	1.1892951909623533	-0.30922681881404307	-1.2957457251765658	-0.8805484795788552	-0.7840081137932075
DTXSID1044930	-2.4330430203083298	-2.5152458020919486	-1.9869563761773608	2.0907628078896994	-2.2677247077512153	0.3306015305129865	-3.0125628204721147	-0.9158777308242936	0.2073640190339743	-3.3125592712520833	-0.5740081564656163	2.670769623423637	-3.6546433975704717	-4.352436066769278	-1.7996077316833605	-4.385883112460307	-2.4065182401001706	0.7743460427843265	1.4552681496597795	-0.006499449357370957	1.4524145641861304	5.385195634697251	2.3431293037848993	-0.6535742822537423	2.2368786488455377	-0.2896151632477539	0.21925171854184725	-3.1614374280041333	-3.9883691955118623	-0.5532308415855246	2.589034885024774	3.3039199339008216	-3.2161370236406306	0.6093082091585841	-0.4436938792597756	1.3059794341911426	2.4802083195947393	-0.41735997190864427	1.890619342583859	1.028228001004399	-0.8346005625421238	2.5524494234597257	-0.5574213902361723	-0.4650125526543842	-0.5465756272209505	-1.7636483831084435	-0.6458442310278646	0.7114959078907711	-2.098194850452458	-0.6975322480740922	-0.28744250741101146	-0.25272915801418333	-1.3074701939870719	1.416371975751767	0.3878811605665524	0.052078081965009126	0.24069629796974137	0.3830953171749167	-3.0128193092444016	-0.9330221196153289	2.830479373213648	3.0378861446444705	1.0189537263382216	0.6463299140017648	1.4065161694655162	1.0714179914892648	-1.042849993287164	-2.0986414890402743	3.183233962142215	-0.11782821210147333	-1.4062685964571957	-3.6493383630604166	-5.257774329531215	6.04998899795888	-2.5690734882335895	-2.088309044489172	1.14436200186945	2.501819477923385	1.351358029036131	0.16866924979722087	-1.1753569356111184	0.05322093873272324	-0.3316278977556152	2.0661633149170253	-4.467837067978852	-3.4484151175558253	-0.7867501023330046	-2.246968351230909	0.19878624845467652	-2.525457984645238	0.570195410656857	-1.1639621029252656	-0.5847255640169435	-0.8447031051550122	0.903084319977792	-0.09583468968152876	-0.21628715223876124	-1.9236658381528748	-0.7122768065916317	-0.9604810161661865
DTXSID0040129	0.3262753059098671	-0.7679357239615276	-4.652020104872053	2.4928737125922824	-3.5417266147248214	-1.5053946031391583	2.1371335386280275	4.554410259749619	0.8805001497313946	-1.8698547871687823	-0.5042713498137278	1.929870505056175	0.281411462232927	0.9540055386272812	-1.9384099079942982	0.4535400307377521	-0.8047929407793185	-2.4372692106812055	1.5753534234683473	-0.21308713322295708	-2.006057897282514	1.7631458919686769	-0.5869870341793096	-0.473425933972564	1.7194307493797512	2.29497986475168	-2.2878583774271624	-1.6990880909541841	0.5032974941406966	0.36644880833263627	-0.2598623424458684	-1.0947524916096947	-0.544318368825711	-0.6055783221634055	-1.158961919135753	-0.06106274501678597	0.6405856833028915	-0.4101305959069321	0.9314040207738822	-1.1264770828737094	-0.7775533861043336	-0.603069674606123	0.94623610762567	-0.1310698854982253	-0.16736281606530282	-0.5632046015079528	-0.05448458149910326	0.3187736612223344	0.380672235396206	-0.2233249069388529	-0.32861506481094804	0.06621344752522058	1.2232513087547416	0.4183825750387926	-0.6952502873195435	-0.5780213097652495	1.1433242348304409	-0.2742297876979501	0.868102238979986	2.7097492613094665	-0.9761038148701097	0.2678758842379221	-0.24714963343500676	-0.7738202056225173	-0.09372280505763164	0.47860175498586405	0.7319790775044658	-1.3951550504171504	-0.7690348023443644	-2.0684407316697286	1.1385480529118166	0.4339823306629114	-0.511753596419203	0.8530069511686594	-1.2687334082702224	-0.24040947057890177	-0.29338367162629003	-0.23858443387784609	0.5419244241648526	0.5927768917256934	-0.6137898989629204	-0.901854805841649	0.05919136915628132	0.21018803143105663	-0.4748387154070825	0.7291419286672808	0.16268965003970168	0.029920422111439558	0.3840415209994212	-0.22699539724169068	0.779030892441962	0.32925179160100754	0.13619585828200773	-0.012313937621683856	0.29827651247035797	0.5182283823764704	-0.46973859926732414	0.5031182990579117	0.2845739966834848	-0.07483120875190272
DTXSID2032500	2.8952289226675916	-3.825370720019126	-2.098213802605239	-3.7142373294013895	-2.227495917303071	-2.200163060488281	0.49228222591762183	-0.5170853044116184	1.8939283672970024	-2.7889888763116764	-2.161218676534978	2.15014672322389	1.1666083920983212	-1.3890543281897112	0.39998824823373536	-0.06056202292413916	0.18037831278116695	-1.4463491276831044	0.5334926048967019	3.3424105259262413	1.3738601184844588	1.2314077570420507	-1.9610410131361369	1.555922709961441	1.3634120056220649	2.0106761833398092	-0.425140455371737	-0.8714326385886902	-0.9354358231405847	1.7450638128253582	-1.9849216791614281	2.4744708416057617	0.9711803774648411	4.758903509889217	2.0909463305758007	-2.1421715354702617	-3.919374582214502	6.056282564669515	0.3452963867304233	-2.163230643636343	-5.0517773335325575	5.212909648946219	5.580746640875064	7.710764968699039	-0.9013262637231815	-5.100863505128455	-1.8014335626895568	-2.6876716289271374	0.22342045020155826	-1.1672481131906867	-2.270219614548809	0.17600140435563258	1.2090918129959882	-0.6595889333229777	-1.6342109860985294	-0.29367450932674044	-2.513330380752103	-0.8903198310309041	1.1899778622558266	1.3705312553646407	-1.4666892155040874	0.7324771794551349	1.600123050868332	-2.409911288646542	1.9639560173307302	1.6564573147953132	-0.23183197282336845	1.7882557413252573	-1.1732223709124767	1.3816603727844239	-2.682423434042674	-0.08361054744893334	-1.1712864567388563	-0.8057644124457197	0.23437106174475517	-0.34641619244001093	-0.03722863080180564	-0.5540034460491569	0.39132282058000045	-2.160212450511024	1.3574219923974549	0.693041487645598	-0.7442250244600259	0.2607720078123341	-1.1233049772907593	-0.16351814966680916	-0.3433239709073516	-0.015533788910004561	-1.8774806148509917	0.20196355486594256	-1.0485965108845676	0.5022907755060512	0.5415319997655185	-1.3943127245827103	0.3693698386891011	0.1842670740848737	1.5889048630469262	0.18983879832444275	-0.3565017332062433	-0.24445510856463457
DTXSID4020113	4.972483455469572	2.6642057506587498	-0.6563268476012332	0.07857755508625214	-1.1063904838051497	1.2835252863399258	5.844747741254109	0.5276614223139708	-1.3996270485182953	1.862870707911492	-0.2316220866490578	0.27752846430613265	1.213546829728614	0.7390074308432251	-0.7094783416603474	2.533539591658059	-1.6724249608781112	-2.1392088915055556	0.9907060522637714	1.2268486465861828	-4.259345622558323	2.626953704243529	1.343085347834113	1.0281308650971845	-0.8309746931936187	0.04327217648593778	-1.4038163999703075	0.08894044168384559	-1.772972057482761	-1.4439040518232047	0.1785641095905991	0.18525593680341323	-0.8343501874725456	-0.5185276800881494	-1.0609886493794483	0.3825421694482597	1.17592753123094	0.5453786489653611	-0.33878149832119675	-0.3548199660941368	0.16840063364474947	0.43448005666713513	-0.5758187811074228	0.15538097621532443	0.09910662883839125	0.3129534330253608	-0.9125730912692194	0.13847870142960353	0.26334296439043686	0.2793623126666278	-1.7391059215158229	-0.3672911661824626	0.01492990346301191	-0.3976344768851081	-0.7591755369758869	0.05450366538411171	-1.6874396252339279	0.7841992870840417	-0.7446208519475225	0.011624920471039062	0.2967074141847156	0.22009950038012713	1.8831967865814676	1.4227019008340307	1.6153162086383726	0.16421822629648125	0.9577657854572008	-3.22176807336612	-1.1185609873804476	-2.335971668852353	0.4053990798218685	0.7340471374833517	0.4658510712314002	-0.32925366908713055	-1.49329081323138	0.3334704075970846	-0.8222169471661953	-0.6410320835622371	0.6751106576935719	2.3405697563431165	0.17473844958460902	0.43747845942289015	1.1591646725910691	0.7023338775043736	-0.7911929699263366	-1.1190645965538375	-1.13858635300162	0.4341620296726573	-1.6260134822701104	1.0077677638613012	0.6701885986995145	2.3971456294002467	-0.35006980599666054	1.611467078710586	0.250640896479622	-1.838621716843488	0.8568886552106589	1.1359011774066672	-0.36068249405955827	-1.9060344574015358
DTXSID3044388	-3.8625691210643436	4.1273171301871	-1.5703322168760818	0.6427162543825443	0.638152473094336	2.0202727301418695	2.0361273636800457	2.909411441655443	-2.470830607540671	0.24629906044266592	-0.7486959099569942	-0.2629621010566893	-0.9426463006184507	0.09179292276205324	-0.5650978273050598	1.8717404226226015	-2.7059589260533725	-1.1908511452312576	0.5218975361981252	0.704731301941186	-3.283945464707361	0.49475457281295204	0.6910959032461024	0.8162673777943629	-1.5245456026721467	0.9707098146361012	0.7059378685102732	0.22195982577520643	-0.8094473135545072	-1.3415725658342066	-0.29923006326260077	1.1880855201676834	0.13065387164422843	-0.04111140203898125	-0.1887965514464271	0.3980219824208402	0.6928065002604591	-0.6046589820600049	0.057556675547973946	-0.6690857087834893	0.1376127253762473	0.8817175066025373	0.4150575832676001	0.13655307906932423	0.7809165623555149	0.5073685095748763	0.3555557852314145	0.4589290825519902	0.2826973571266904	-0.1156114914042137	-1.3584889317795945	0.6150939407923807	0.010972834686783247	-0.99398816277716	-0.6588064104376401	-1.1069947766557595	-2.003804036225134	-2.120155893261805	-2.3461466138804012	0.7115593521774267	0.28660017481550726	0.6454600824442756	-0.5516204944875439	2.5717038013143654	1.3433468628975704	-1.4169957766691978	0.13070058372077262	-0.8015369486344742	-1.6010079617159003	0.14733309868086608	0.22301286310235544	-0.6418895912216904	-0.3006563240965081	0.021580939189455275	-0.4020603513184189	0.16768598232962	-1.4830245572497347	-0.2976176307742477	0.5444080706883134	0.6087676637374205	0.7715149829676704	0.47905614089458914	0.5990707103887648	0.4261726736341774	0.1638054262777076	-0.4805578334838036	-0.39803321684743165	0.8669204664052672	-1.0783083194196867	-0.05919583144450576	0.23094863812032151	0.5227449378783061	-0.07144445358929492	0.5927134032730543	-0.7633785267725717	-0.2516233392565557	0.6554315680965329	0.028597732177528475	-1.1577339266556803	-0.02153976888723893
DTXSID1023310	16.833164861010122	-4.206757202701853	-7.39850929284764	6.420300153918848	-1.0800287297454494	0.9635063419713883	-1.549215796489955	3.4991172825451855	-3.681183229539326	0.07540123709956244	-2.0070624918440734	-0.9143242721232487	0.8569489566175063	-0.3656267808698539	-2.697699600470952	0.948769683709564	1.7705487889266462	0.5778699610092566	-4.680903319489724	-4.242005098567233	-1.8485927949911063	0.9773143032035037	0.7713985560652762	2.1619830449539164	-1.84948690312101	0.28067440287863	-3.600755841229531	-1.9178804391441158	-0.5623142688230551	0.4534165903371576	0.7926040929231646	-3.214154299264344	0.5824166747449929	-3.0113981241258667	0.6607200262598232	0.07610243257292884	0.15716203074492388	0.31021744387679295	-0.08551871383773299	-1.584329703437548	1.0329263670023352	-0.6068842704804369	0.27161805724482974	-0.6501255750168217	-0.7729946402874591	1.0346740285107996	-1.6564561265375741	-0.7422556967355836	4.186006363481437	1.1264187257196605	-0.8139669207659065	-1.3244439675214448	-1.1564180465410916	1.3115738337722775	-0.2856776288662336	-2.52882072224969	-2.233902045664194	0.38176690135508096	1.9827360031173957	1.6773410443424366	-1.6312635444858439	-1.4813825893207262	0.735845484108706	-0.882293909690478	3.963564394436418	0.5995732243486465	-0.45930742712996314	-2.8104190684863495	4.635364756475751	1.6063468068128546	-1.2862711061701533	1.448346055825313	-0.0007604508659535274	-3.701374345588538	-2.348012818603667	-1.8642210945614972	-0.06682628946106074	0.5884990170774932	-1.66674036346023	-0.47572794387908546	-1.7611198001650499	-1.2512830073256842	-1.4037571806533466	-1.822649686954424	0.1659865117599068	-2.318233984782934	-1.5112356868456562	-1.8214756851081635	-0.30184220183170757	0.41248924723384267	1.3824040959581232	1.68207423951186	-1.1782324150486565	-0.46858074750535705	-0.23688548350773325	0.9161440038172807	-0.5007863383151532	1.9488343304716138	0.8226525150389606	-1.0541261861037639
DTXSID0020155	-6.577481129608134	0.7670018096076555	-0.317331810156783	-0.7610416871170047	-0.4397686934099176	-0.22469667047654093	0.3791234323213612	-0.3938616975061684	-0.01214948372862225	-0.010570383377815731	0.3144525367401108	-0.39346360613973996	2.7133186312935953	-0.11793577737563836	0.8018196054513237	-0.036489627228995035	-1.275693964660893	0.17777299089952828	-0.7567609276336836	2.0136604830620883	1.5741496847708685	0.828594924645578	0.6820686584651475	1.4666421181757103	0.17147520830952295	0.6945795348606529	-0.785716875059043	-1.076658054580393	-0.4306072698112529	0.8414252975313156	0.0379018296942691	-0.03456845296108295	0.31771915489185365	-0.2725076703365223	-0.24166296057822584	0.17141927990083816	-0.09973871237112565	1.2078833536383273	-0.7148183225074529	0.19943142937344988	-0.010419369091256667	-0.3478558924749583	-0.16290895392688898	-0.4715053864324295	-0.012700612840268116	0.18979348271191174	-0.34094265816407465	-0.008372573961785467	-0.30747713969025564	-0.8996587069831969	0.32653120746233866	-1.177954548086274	-0.038196780423882894	-0.08526694858972508	0.6594388575282495	0.41908927681869773	-0.36456607234547006	0.058826868432531855	-0.3947182122222458	0.5265687014477045	-0.20813870627569975	-0.26774218043258124	1.0076683193216205	0.529706586642261	0.05726778482688901	0.06566910093574065	-0.610875021489451	-0.2839204346303961	-0.6260505225543178	-0.5370216821208832	-0.8874125241366656	0.7376048458393581	-0.5318918772422052	0.9221333673226046	0.6743730546427754	-1.0347145675568457	0.7024825903091813	-0.7344583569238085	-0.5409035202668113	-1.471693186299944	0.2790113982068376	-0.6000347817215147	0.11641235148619096	1.3576289441698046	0.4484150825868645	0.1678411034844035	0.936473844499773	0.5553398662722168	0.0008899502616295044	0.29097768274789565	-0.13845528063191548	0.15224632201537358	-0.5061101309899073	0.1887998061083572	0.3834393109150134	1.4186359220433915	0.16561223481184295	0.621562830787096	-0.16133377820965408	-0.592491451101847
DTXSID3021485	-4.1297388260981345	-1.5104356890609119	0.5666042949143721	5.596001367534556	2.0133895351263495	-0.935123925999078	-0.2527106072604814	-3.1054195917035883	-1.9979260158424976	-5.790672477486557	-2.792554647509622	-3.756972685240328	1.1109336566380164	7.1489575695285055	-1.6916701202805504	-1.2129893883288623	-1.1792027203450655	-1.057908768257376	4.491984741680854	2.7152094626255443	1.8488321925888824	0.2764326202720674	2.658204972509912	0.3815126278944066	-1.3153737459334625	0.1391210879084393	-2.2976051088251275	5.655847965022937	3.9766233627802525	-2.305487330754175	0.8383773259108539	0.8330651272422146	-4.997080578136831	8.131887662766884	4.70695699894918	1.157969942278184	12.735479195754221	-2.5466122424845676	-5.670628475514512	-1.9480201154494243	-1.982768663150715	-4.820357823625431	0.3396640804233958	6.974885385260817	-2.372201252239028	1.909320472992689	-4.169781723216617	2.6591684518447023	2.7702123759897344	-3.706209153707605	3.8459564598872467	-0.663071869222724	-4.458532326545722	4.799454342244128	5.641740804470592	-3.60354377007031	2.00955892450929	-1.96438319798058	0.05757534020628507	0.1919795433121555	0.16127207538148383	2.4847274712598475	2.355111834771568	-1.4421290313856718	2.468356228344513	0.6110000828882517	1.25843817787596	-1.5837118347573274	-1.5253072601487745	1.7636889118413221	-1.2812404058980726	0.7696751685288564	0.12022557607704559	0.016487083507347015	0.7098271786241421	1.2714873064109027	-1.7424281146988145	-0.3676803435113348	0.3669449325111159	0.42714581170952653	-0.6906575986212861	-0.7931642028880781	-0.14245799474035417	0.4218210838641528	0.16232593914495264	1.556413046530723	1.0125527695060195	-0.44600120274783783	0.4368295944258054	-0.2598293508577113	-0.8147484961583874	-0.29188061432162055	-0.109973418995437	0.7263094483258702	-1.2862362885361847	1.4583721933495253	1.2480701371195655	0.733835421080158	-0.08502280828614424	-0.38170574148523134
DTXSID7024087	-7.744843624975758	3.071310642249266	-3.726328091726067	2.3680580945727185	0.4067904176016697	-0.9206280225920231	1.1217107753675555	0.25300566943934	0.6038049485873686	-0.03017874460920174	0.6419191260727621	1.221090049597431	1.3811457475693982	0.5253023301614245	-0.3095833978526613	-0.3761980597410027	0.4353736415248329	-0.698562408260552	0.6217022082297071	-0.9672243019954774	-0.9720918623009767	1.4788745217777926	0.6465957136996168	0.5469009097250942	-0.3187213403175305	0.5729952159567177	-0.28981558938021423	-0.5815688187578392	-0.6331435083930848	0.4755487770719661	1.1106411142784771	-0.2899368848597192	0.305839703110964	0.32555476973250713	-0.08782925680669411	0.14663747744723227	0.2491478886185016	0.9951726262480375	-0.14436957213160406	-0.8596213257913099	0.5392985105907436	-0.5242594455176923	-0.30085362316206377	-0.2995419138242653	0.7036045473541052	0.19021432376446257	-0.9520447256198799	0.4938266287257362	0.7850903466363827	-0.4822572875232753	-0.5429048687642916	-1.1105667317698265	-0.2719076771203756	-0.7309109597115809	-0.8141905313899007	-0.4145340989193694	-0.5512595919780366	-0.4771597460002554	0.4436619512173973	0.49280725166335543	-0.0645078228825003	-0.02950535574935126	0.4911745428981595	-0.5448185651327574	0.630479590360393	0.2998408681546944	0.5569714352809881	0.0007723132429707816	0.21085265400161873	0.8153728065026543	-0.8403278579058211	-0.4828333678797765	0.3322399149967695	-0.11927123952630504	-0.022220758991348837	0.33986348777543635	0.27496601889313776	-0.1834940466025255	-0.739763385208757	-0.4865430977658653	-0.4264581917994537	-0.55612842362036	0.5917828206114648	0.06837030271241978	-0.3581661180480192	-0.6852728908106287	-0.43919682098249235	0.2743125672879451	-0.19569052732632122	0.06554831954600114	0.21451244654434742	0.982607568934239	-0.011143758660700654	0.05221900773383869	-0.07755079018289512	0.38341818660621074	-0.706177425672777	-0.39142991813265143	-0.17857161859629175	0.786545364278994
DTXSID9023128	5.090570826343093	-1.9803729033230155	1.5269886096678862	-0.9001699360446357	1.0224710931534846	0.5718493353310177	1.4345138207223753	2.993526776017996	0.24640931485457296	-0.35505383366398885	-1.7142930770056954	-0.25959160070169385	2.894426394983799	-0.46786290636550354	-0.7336295536383038	-2.1364645195503544	0.4303182980965564	-0.4397522802688955	-0.817493596760756	-2.4765202549193615	-0.24836586822554385	-0.38213667930899387	-0.41343013975479337	0.8742726219338446	1.4830118911242354	1.2138813087936566	0.7477428008781237	-0.7025136548228976	-1.087746877543072	0.7578937039246035	-0.623176428877703	0.033814540052261866	1.0678823896484886	0.19969083626347603	-0.06377896548892802	-1.5411266471190457	1.2052867865966064	0.6056209949764759	0.22731423856781863	-1.0514889694937992	0.49616219335983425	-1.4668413932962234	-0.5007316862365462	-0.954616094285216	1.0595895999851996	1.2207449264872319	0.05933627179955569	0.30589996516500156	-0.2635472764326713	-0.5752926337664396	0.9921652750954673	-2.407173376593399	-0.41454868305879894	1.3579953912408493	-2.384724382994654	-0.560663975388664	-1.2701536586524724	-1.8664359530576728	1.7285997707366692	-0.44816159330237737	-0.5465926824070543	-1.1683299982604702	-0.9071686596717287	-1.1373108961284963	1.4411247429120124	0.26695161096304404	-0.932264687817716	0.13516552118684746	-0.2055437200571606	0.5059983173042331	0.9500089118974909	-0.0847923125697725	-0.016051979988648355	0.6157778298418118	-1.2854077378330542	0.7073048397979582	1.7371764109714307	-1.9323669610807743	1.5863001113849278	1.0482771135798647	0.5328981908713798	1.049417841371319	-0.10049844541723633	-0.03269767111805612	-0.11456992683212142	-0.08049661662083928	0.7233089018202501	-0.49576673662174586	-0.08930619713245443	-0.6143508036384588	0.8154401515354508	0.20473132690980156	-0.19852340058253587	-0.7466205322933718	-0.8559865921135819	-0.25050276597309307	-0.08955476343098727	0.25455995669749804	-0.8671728198003626	0.6279519980198912
DTXSID1024128	-1.8005895353127812	-1.434035645021159	-1.0314910770795163	-5.286159906116509	1.2552691744303717	-1.155094246944948	-4.857422656295706	0.18060396499840836	-5.028128011572444	4.9536243264658975	-2.8531573687632448	-1.760449728557108	-0.07672445045354127	0.2564664256621593	-0.49914054706013705	-2.6859553114508334	-1.2895200956718937	-0.17463613641524872	-2.1273327303245986	0.8223240767373092	0.37231036468362294	-2.046641572047957	-0.43900337961589786	0.7662921143596787	-0.7215179646166857	0.119306427473034	0.027029751147400104	-0.36423464664685806	0.47639692918990467	-0.670042829757563	0.7667422315716208	0.7146519827496256	0.0371846793402724	-0.24281639797484705	1.1127240000920635	-1.3172717652747605	-0.6023974481872506	-1.2099513057890938	0.4175501796223805	0.6702524310719035	-0.004662576014859047	0.9072170789966136	1.163513373151811	-0.5033282030702153	0.5988206142320507	-0.07233044561691566	-0.5820400467060964	-1.0404584088933462	0.10297342378051452	-0.08434254508633829	1.6804172808852742	0.5060887612783196	0.7060908837607671	-0.007725571225613192	2.006800083098506	0.07222211302299844	1.197522097030537	-0.1259023067995446	0.24845748580735433	1.3970356638086008	-0.18979140864790264	-0.7874177858843123	-0.9964516341794505	0.6550930853883671	4.24861870442938	-2.7173681745914906	-3.0642969678948027	-2.079257568652978	3.9692775377129355	-0.39811250683936883	-2.2867459395799266	1.0353090732234125	0.056279526218338455	-1.0983993499877844	-1.5841208755441047	0.17026124107424356	-1.4184418725889436	-0.336425994978038	0.7607589812343908	-0.3285875148486497	-0.4326721307655656	0.7655266764360276	-0.15617972241131475	-1.7607556295264786	2.187961017581669	-0.84308774984051	0.10587328213284948	-0.5746172903236418	-0.07584124755518373	-0.18297270130874657	-0.4715076339171135	0.38566520711268126	-0.7898588790069972	0.1873311011097083	-1.2849948367163981	-0.051097061799024804	0.1901550897436906	-0.16293903535309334	-0.14031962528346995	0.13032191359528436
DTXSID4032667	6.533583824219994	-4.657034756169059	4.6041192457162925	-3.374182909712317	0.13816384580693986	-0.7719382040970155	-1.2085577561213035	-2.8796802349580943	2.1482897659710263	0.33483815975594167	2.117808324391042	1.2745592339599472	0.5585569956276177	1.36514515616198	3.2667091585711443	2.2208380228528957	-1.9550840286857947	1.0864139528262	-1.7747952568160348	-2.379126151779015	0.8271639024687454	1.1870645232595383	0.8152728462992643	-1.4681003698035577	-0.8597804633339851	-1.5688542246436306	-0.9309216062383412	1.4254368790496905	-0.59979856873686	0.6244420683663344	-1.072339065467716	-0.594331681479434	-0.49079792839131864	0.4622154737853893	0.5125593549744835	1.1778650821934051	0.009543723158572935	0.1486839137158946	0.06077818548784494	-0.6312081096476063	0.8480279264659702	1.1187707622534007	-0.08854083622448242	-0.8288259127898076	0.04804052121372745	0.5358319036349142	0.3104920504589365	-0.6640354810050878	0.40861223700675064	0.5277891808597502	0.036772155835434944	0.3916653749721085	-1.1913751542380255	0.21522610667426056	-1.0084868379370204	-0.3953850267089181	-0.6015332614302136	-0.19890261594466388	-0.3866352924169114	0.42932092355068635	0.5144629340666993	0.7190090013949622	-0.31386596150369217	-0.7404854487630838	-1.0003761294880416	-0.8386344671294045	-0.9573715426406135	-0.3652489456189388	0.5696696648836047	0.0827965135557587	-0.4720029556288488	0.6694411946045661	0.3469460101259937	0.7653564028477354	0.13605116350199	-0.8297233422827602	0.27556647825983	0.9229265316119863	-1.0336225771210097	0.22708153573906742	0.02811202857981529	-0.7900033891126589	-0.14692849407738168	-0.03063518066756855	-0.10794117533292699	0.17415240985627298	0.5065168092793857	0.31483433811046313	0.1724343626394777	-0.6632753457817472	0.43066152988606243	0.7303855893549095	-1.0048276612764762	0.2161421072030755	-0.08239040687436558	-0.6696570694909492	0.17420696805113664	0.025966857068779808	-0.2815762770840772	-0.19900113323927418
DTXSID8034665	2.2712458448149784	-0.9596375164612624	-2.914873233908064	2.443297577051347	-2.298984139607609	-1.5224230077924663	4.349722065581909	0.07926843886828351	-1.0190210786357612	-5.4776697351807835	-1.6655287264509655	-3.7562499933145386	0.5765330826581012	4.073254724066591	-0.17146886978497422	2.019095966807522	-4.184662208020778	0.14458400373914657	0.9162350722000207	1.776817776878866	3.4483803882992854	0.022125026920907346	-0.8339914600483344	-0.6176480559919449	4.419344278669292	4.488255851577068	0.507599075456285	0.06555752517028955	3.703459072149224	-0.43292172899436837	-2.0291943971790594	-0.9749731516139253	-3.3611484216279535	0.5333172758007284	4.191264859535852	-0.08897054991468623	6.723129716596006	-0.7317864287976327	-4.1085840685694635	-0.8297709892754562	1.485559323851076	-3.4975838988786623	-1.8463481305263054	6.1162984121191295	-1.216690379290175	0.24208976143648211	-4.238411619293357	3.8559445708979787	0.7011350202715301	-1.8247558251428984	1.1856448934122275	1.9936160180212643	-2.6774914850339675	1.785009139252779	3.6759018467987157	-0.738631234078376	-0.9233376699497065	0.1255619705170374	-0.5538553829081018	-2.7259962025134383	-0.2540564087431414	1.1019793163739737	1.8189356382553932	1.2293195759258548	1.4146129499033673	0.41419857304560537	-0.12690599169590555	0.3468764935304092	-0.6612045295019443	2.535146504139711	-0.8792908368054717	1.2270098112079175	-0.5223799710614072	-1.206753013139845	0.5134716640206566	1.1695945911867447	-1.1949296845552613	-1.1719231389439975	-0.22761407562248026	-2.0205869208163385	-1.5714148808093729	-0.34607446069680825	1.231080968641146	1.599915076481606	-1.390213093265515	1.0808115727799643	-0.5178814886394074	-0.2507112709126241	-0.2059726268989894	0.25718916072447373	-0.9692176765037402	-1.2943264423563825	-0.3904468080054665	1.2545934299269579	-1.5087593165741942	1.1965403611037184	0.9035564528574952	0.041989793333542254	-0.5753801907372168	-0.9896777132977908
DTXSID6040373	10.970719964645072	-9.703847993849521	-0.48771596462934114	0.12339352534453178	-2.951330460814862	2.9280452925081093	-3.31693629714438	-2.8511192081270904	-1.060321989740493	-1.7121930819909958	-3.1685663396708477	7.486056112832297	-2.5026507638675577	-2.612002776598122	6.593990048082222	-1.4380470234296205	-2.391914316277906	-1.9393155093050443	0.7351079684760612	0.9392897498801903	1.9937604820002228	0.7109674499964174	-1.074737042178957	0.07003061994733346	-0.8346109847293368	0.43590619016413135	-0.4980101463917399	2.5296380526466553	0.1607079839335196	0.8722166829067312	-0.7347691030114358	1.4307842396713568	0.8700180121528723	2.3089937764705812	-0.10723967148676869	0.8044079265805562	-0.06230720122781436	-0.26651049721335984	1.3158261972109098	-0.756864355679226	-0.6288300605048125	-1.4694666409518344	-0.21030549854864805	-1.6222925662825824	1.0470942381337252	0.0606032935911284	0.9253096636699263	-0.7023084746877561	-1.1915628506873193	2.722466287022946	0.09969568131448099	0.2917383192274188	-1.0031640474146686	-1.011096719948064	-0.6684219646769387	2.627819127491032	-1.3906317787424558	-2.3573513437266085	0.3044723974156122	1.9379985805913624	0.750967322729527	5.173194820095073	1.4035425169750146	2.8974910723957965	2.0029784894540223	4.075700817698825	-0.6491859700351829	4.471521357868036	1.3598633067811363	2.044874072619294	2.0681602737679454	1.3817446546182452	-0.661675572341938	-0.5087035314700844	0.2939183985494725	3.1442868486061126	0.7948850455150291	-0.8426540395317286	-2.9868292841859265	0.7703123467508426	-1.9120289572253453	-2.078664840861119	-2.082725483261168	0.31688432525455973	2.7498263685224957	-1.6294599682305118	3.122640570436282	0.23123347966211752	1.3314109667788112	-1.0855746530909516	0.5780099449529816	2.111599856009899	-0.2423536139625967	-0.40279912976934545	0.322645819244659	0.841278370354094	1.003112285059888	-0.23899177292077434	1.1322999929015372	-0.16675295140217075
DTXSID4020371	-2.0607829815282828	-3.274218331779244	2.0687386154581864	1.7915744359782726	-0.0367843227075345	2.926672108053018	-3.053896028497449	4.294286391329991	0.527918461062956	0.0898911821972629	-0.5539804622145534	2.3927132691486035	-2.0558050585031116	-0.06130758930761344	-5.05202863150929	0.16254898231466644	-2.389445146988135	-0.6705267984911427	-1.0915038799594603	2.3618334433604207	-0.289896359852118	-0.33639812298111765	1.7937697921931095	-0.9924587300286267	0.0846569417942951	-2.1307111136885233	-1.0605284443915246	1.0384096295692493	1.049104352557146	3.6578698161189536	-1.1140847733315715	1.0614488277526435	-0.4824614000514325	0.9604666783948543	-0.7382928942506278	-0.5949068358468966	-0.027579563596484342	-0.30207014155912737	0.5678896197683478	-0.13371122700489865	1.3049779487177848	-0.9538170585983367	-1.4070339539872068	1.4385296671307315	-0.6495822894665967	0.7650382044423736	0.5084851652646732	-0.22061330510525776	-0.180868544612837	0.5820574931637921	-1.6585425329376837	0.6029626718215061	0.03189640505649602	0.9055422465951517	-0.7288920891273712	0.9287545862868429	-0.6115327012774744	1.0031594016165326	-0.19586994980182187	-0.3575557672793479	-0.3984296896136811	-0.1470871271423242	-0.0955237295021694	-0.15956121540142854	-0.6107399081488969	-0.34553023484084155	-0.6021988448641711	0.2681432278620329	0.2681682677208932	-0.2484072260999758	-0.472506475924278	-0.29007720129739134	0.3739049430379766	0.18185346529064494	-0.1270723392558679	-0.7202488212375119	0.07004868996331812	0.28131130471667487	0.4118605500583875	0.2997119899345707	-0.12423574134630273	-0.4643236614836617	-0.03871089035290275	-0.20973828436736172	0.03979296347188592	0.1939395277952376	0.3803931938211008	0.009862335286810098	0.1904602782296836	-0.4781820661244924	-0.29330333498212185	0.5311706771222805	0.20777117993774374	-0.052476529239882365	0.04524746687172018	-0.04966298714613175	0.03418353790763777	-0.20585291828731034	0.016410812305244604	0.149692801135296
DTXSID4057687	-0.3652944655123702	0.9070511312726229	-4.145491498138358	4.20194739211127	-1.7921280134574384	0.49991127600676855	2.9872839089527683	1.4129787545727108	-1.4214443132057744	-2.7441200551123894	-1.2853059549411243	-2.9542825156989516	0.5552553668597643	5.333366574907365	-1.1458740426679013	-0.4362353236722372	-3.537177564004663	-2.656552890999004	2.9549709425941812	0.32014860272482454	-0.6423284239473058	-0.20948502234783292	0.14894209283123555	-1.4048097797863095	0.6138189824318733	0.25410688888161176	-1.6306065032608377	-1.1777305579847044	1.112789853654961	-0.6732423146352615	1.1811245111888045	-1.265180403172574	-1.54812678748288	-0.7929478324086884	-1.2560972549507035	0.014216175032798801	1.5447512618208887	-0.062145442869868485	0.7383954904488559	0.1042000691237213	-0.2730523146713845	1.1181585856940246	0.23695011776582545	-0.019890636309601546	-0.585558995120346	-1.6395965214974155	0.27817002864620455	-1.1284419867873987	0.10450849659924868	0.646889364242358	-1.2572917829645924	0.40084127155352284	0.1483236032327862	0.185678053027429	-0.7944698122650574	0.9982405849028648	0.3633575747427368	-0.265738753311118	-0.9359647728961551	1.9956396675545967	-0.4060907453883324	-0.3201222898443915	-0.3866554673815542	-1.0056111623865236	-0.5880358917716741	1.1752752158165862	0.28476527795308143	-0.6669139988902556	-0.3896942067680292	-2.322566248908262	1.2998472598412845	-0.16191489540875018	-1.151051305033626	-0.22470246554231832	-1.3152764471362834	-0.7673946873877763	-0.4483024395389781	1.075252010286771	-0.7396151396131182	-0.9151948882442185	-0.15361168270047043	0.2258599074862864	-0.4945323135081491	-1.2722624958788529	-0.23868116863735347	-0.11536982727782334	-0.11210781127894845	0.17364376015134664	0.8386166835778096	-0.5343829445489767	0.9866801608873257	0.17844178162138685	0.5610982711496114	0.8597346318873126	-0.28060633511776667	-0.013144209867929857	0.31949174328104746	0.928075991961199	-0.7003456967593071	-0.6764607075892981
DTXSID2029612	-5.875891068237798	5.4169966454297676	-0.25078706753070573	-0.8539161588463714	-0.3443722820941823	0.08097027011214476	0.6743528714720045	-1.0055226859697737	0.7884837125998098	-0.5545416393360942	-0.2825967053561537	0.561328950543843	0.8165882056217992	0.5702260896247954	0.9612231976482528	-1.0353764276025108	-1.0070599578028652	0.48256596820009967	1.4111407548444461	0.3734370300378964	-0.12045592148783604	0.29386844755008373	-0.6996631275937761	0.353985557846972	-0.9004162859366069	0.15689113101136506	0.40330759895940765	-0.3976584360161468	-0.22298999449109821	1.726100184185573	0.5485301996976789	0.9726602357836833	-0.2529169475190361	-1.5474097792972923	-0.06356617200001001	-0.11832871102031224	0.02314674610720157	-0.7650855720412492	0.7618877676939412	-0.23261327426675463	-0.3925073264829623	-0.7496000883057345	-0.05033474309136076	0.9214279391496928	0.14057037702963995	-0.5916966659966979	0.5268436576961327	0.5353410884983494	-0.1296608602504887	-0.43346857262103083	0.5040563210764792	-0.2554300486898069	0.22001145501435798	-0.7023680636383421	0.438480685142944	-0.5104552017796953	-0.6606961904495221	0.18647096009730166	0.2725581539662027	0.6261478676287283	0.3301016871803699	0.34665191466240736	-0.13170409309572464	0.3023909929085988	0.09677357717312653	-0.30775769889632154	0.03088479820473918	0.01583858935024379	-0.12446582036447	0.9372046623630061	0.2592755176568199	-0.33021761421258555	0.11872174742515043	-0.33633334473447946	0.2795637423960562	-0.5511056745005039	0.208493390840473	0.13614481886135338	-0.17838924385153945	-0.14229803138507788	0.32418969942341375	-0.03838876875143406	0.15565354059364583	-0.1240090576049071	0.12285465080540224	0.11859060104107799	0.37093515707167585	-0.11044436293535723	-0.10700489880752884	0.1753007923047784	-0.0146423270250796	0.057171013055625344	-0.30573727643540966	0.090654785619695	-0.3850415793758267	-0.09712953795011317	0.10751070865456033	0.039443159723863724	-0.398083180493226	-0.020683215030314082
DTXSID1023996	-7.481315994471572	4.8003236217454175	-1.0508707144544795	1.1342903330025074	0.5619564951600181	0.49697830769253204	-0.3085453106607536	0.9546807216691416	-0.5781061527512168	0.1087308530580839	-1.057965748936326	1.1117785011871741	-0.24946867672148254	0.2697097207736736	-0.6023658916614801	0.45555423669786127	-0.05064189045542717	-0.32605025724203585	0.954528427677272	0.6626035587804764	-0.08331891116477792	0.17520085162014973	0.3480992531004491	-0.6526057496767164	0.12033586828890476	-0.38735157142589427	-0.4537942198289357	-0.12283211165443365	-0.38108532273364476	-0.47773634339900223	-0.20113463327310882	-0.11882097099727097	-0.1815287187550523	0.16454183958060367	0.03237386882427226	0.3221728980371052	-0.06978759572043419	-0.021763119677770282	0.1994914323212033	0.19915687615607675	0.06035815794644539	0.49636582918527616	-0.12639997946148537	0.03957353934738561	-0.10591179734609747	-0.7232452645288912	-0.5045042465821568	0.38434326329637614	-0.1928795290196207	-0.06480631144659353	-0.012544384642007772	0.09472387185657145	-0.010924906339065699	0.21727791334825058	0.5535734078446514	0.30639797668538804	-0.29711791991515957	-0.29445132867316043	-1.118080772526277	-0.0569648658732161	-0.5195718321209637	0.03486301055602155	-0.9652925106740344	0.05507460587256849	-0.45076474811394024	-0.07489740459749501	0.36690915254773976	0.5111404035725643	-0.8206609838720733	1.148894062314201	-0.11003699098683871	0.1312667578389831	-0.027769727097532452	0.15922351510675156	-0.19617046039130578	-0.1541389875033906	-0.6181339093193572	-0.011182351783719919	-0.15340726199366359	-0.08993144836700986	0.5653414202004048	-0.5606052156589949	0.9424839604491511	-0.17311323526867625	0.35168509873001824	-0.7600171174360184	-0.1422141015736035	0.6825864260458706	-0.0591136298811601	0.06104082154382967	0.04693679949828298	0.5369178764972968	-0.752143915029773	-0.3488395253843412	-0.11205805068583848	0.23168976220251553	-0.47173130378868583	0.2247774002841769	-0.547262727683004	-0.01977648608542775
DTXSID1057612	7.662050034292194	-1.5280926365769967	0.6089324166435456	-1.288539695121845	3.5659256318830685	2.204896159008837	2.620512852436222	-0.827757148461268	0.2155783608259972	0.023660646229407032	0.3676662661103774	0.5989605105148321	2.5735856482470387	0.13327224761913725	0.027846151248166678	2.4082108351460567	0.30920560093971333	-3.526310546520263	-0.9589142524693973	-1.3830087464155607	-2.6476588276276587	2.271106551931326	2.4922304238489184	2.8813779681432203	0.4256456887080409	-0.3973301584471768	2.8371955618046685	-3.1293177613757748	1.4815416603796139	0.8958067358011363	-1.7564458929961162	2.9718442345390965	-1.6556534066537547	-0.031151428355144367	-2.48076014924074	-0.9384432067054636	2.9361682906420175	0.8163796814833184	2.2431365710555524	-0.8833415856152397	-0.5195963813143861	-0.14500240504579115	0.2904454689634076	-0.05661750962730075	2.916872203459519	1.3198240958717051	0.9745967120412773	0.3777763049151611	1.187292963572666	-1.7618736093184575	-0.00016923060347801377	0.02673345703858051	0.28878045536231933	4.184498796233613	-0.7587139666285807	2.2279347473808624	1.6164337966183773	-0.5080577056900336	-1.3842103815031923	-0.047911007800342055	0.5111487912570659	-2.203404403194025	0.26976478704186124	-0.3247209940283118	-3.369790140645862	2.419585557104033	0.18651324930815558	0.05839848602996917	3.258001351696655	2.2237701665982046	-0.3063680544126957	3.022759492026684	0.42935392779917314	0.14674316100919452	-2.5716210615830652	-0.9295736581029831	0.9102403014774816	-2.003857346397473	1.7350425867290449	0.5369157074755246	0.22132587364937936	0.7647100875712438	-0.9494038725705103	-1.6766081039011742	-0.37701442993408013	1.0324017198839903	-0.5289165340785975	0.4893202713972525	0.347072057662812	-0.15629850697462142	0.8618491270549248	-0.47734161098064054	-0.13091379772520942	-0.015041853753130338	0.5840465099303576	1.0741418756155081	-0.21108687869415477	-0.3244294758925728	-1.2744246532383743	0.6353022014838435
DTXSID3021190	-0.8582133272661	-0.8239333343334594	-2.27333396845881	1.1919304257215746	0.18035220954533093	3.013111503450096	0.2686919053828649	2.4763363624472428	-0.9002230316151326	-1.7844059443277605	0.23658362855606982	-1.8591697996988004	1.1639494273671278	-0.8402086268308094	1.5907148895883731	0.02948510085084259	-0.29133667142690345	2.5549524395248313	-0.5711755351178802	-0.847335595173725	-0.828720418038165	-1.9705882650668693	-2.032331956669565	-0.4489323338256185	-0.25708490713518906	0.4540475407928148	-0.768423963139959	-2.708142440274217	1.4931380968734675	-0.5008768352167109	-1.0634060853038723	2.2776363272501365	3.9736231662982204	-0.0003907936605734247	3.0332803376326756	3.0267430056542493	2.594199813905045	0.10172066060970548	0.8341584985020494	1.2083917978655017	-0.10942999491771005	1.2991030167242774	-1.5017944055047767	-0.12481334637801589	0.05652580194445987	-0.020703751144417828	0.806289246584225	-1.1491825811308456	-0.43400679211885573	1.2871554343636433	-0.31848152789817386	-1.5784314606456638	-0.5707173173126658	0.9829085202533318	-0.500023165156846	0.1363740337832931	-1.5565744837769133	-0.12706312859248559	0.7752281832020496	-0.7131649837792318	-0.3673371559430994	0.5810553815796572	0.1868249961790505	0.0920983453399893	-0.044831092541127486	-0.18860606063262716	0.9102598883997847	-1.466116952111163	0.2789659808682455	0.5649369222317264	-0.18020667123204548	0.6572396305491955	-1.4156109698688955	-0.07909561699753849	0.5768921213981703	0.919253826548715	0.6638143930033183	0.5013139824812441	-0.6618321845637796	0.8120690848586442	0.9965715898901061	-0.24533987893315196	0.3591965826584877	-0.39518878418622233	0.5423363439485407	-0.221022651167542	-0.24223071404200164	1.746279185116946	-0.17973881796023097	0.029506098424419373	-0.2491334641586002	0.3756682809089461	0.6595143404343227	1.0561019100984044	-1.5127390441018067	-0.6110623342796964	-0.1285185145208589	-0.7610684986400257	1.3071737888129595	0.5005203243654112
DTXSID9021427	-8.183419567317895	1.939808057686488	-4.260626462960172	3.898041772623825	-1.782813151358711	1.536036713535856	0.164308556753024	-0.19510143609356534	0.10769132104658598	-1.3975022902021776	0.4816719854003157	1.7078260242807641	1.558980903813181	1.3471698561985264	0.7518125120342531	-0.4171043578015794	-0.7926570291645777	-0.905698924429134	0.2651840367548818	-1.2728719321481028	-0.6138652759878446	1.831304801423629	0.5690959604310516	0.13374693802015575	-0.7789774259551204	-1.4091833379459482	0.34475379716454707	-1.339355790296028	-1.415831614430811	0.8478780908242587	-0.3427461369789581	-0.8030081291840118	2.4683362501751356	-0.2652670160585958	-0.019780182521777927	-2.246980012978866	1.536031146561121	1.044345749115738	-0.4614766965820186	-1.0789829168667098	-0.19661230049467948	-0.31231156188762593	-0.8743380597234425	1.4783337444360882	-1.4171936548544999	-1.0250421480513046	2.1023444206630444	0.021153164275156813	0.46067148622446297	0.03697789195749149	0.84041481443811	1.7236846634723704	-0.5350718459543978	-2.228017126903829	1.9967295206887254	1.5019617758920312	1.1874905276933856	-1.7272106580699755	-0.7921519286147982	-0.5447188089644437	0.61144440748569	-1.5173392631714138	-0.9953833669249148	0.5535856418605566	0.3537973428284372	-0.042976901168313174	0.21925830728032975	-0.4514046066759622	-0.9455807231819684	-0.3725976362468373	-0.5264562278863173	-0.2054208737489004	0.27448955410562964	0.4972852518885371	0.6967263954680666	0.4828250001368987	-0.5375886382335665	0.21789797839775613	-0.42646184462404885	-0.4574244003408446	0.38616273419589464	0.7563416006944118	0.2018360813090654	0.2167818046584371	-0.603305487118812	-0.6438355701053631	0.13720339130518097	0.027609310052123016	-0.14661925315485	0.18427840082603253	0.033138689958334466	-0.07974877728134334	-0.5701643627808657	-0.6696047310355153	0.7017916276311083	0.17309179358393256	-0.4142563645368544	-0.24645559118374935	0.01971699110772434	0.21559550287524068
DTXSID2041547	-4.919708153605005	1.3921216162509824	1.1606494367323574	0.16730578243881414	-0.40419909534687126	-1.0946729539056164	0.41613228559228305	-0.8658898024783485	-0.7822331958695906	0.3633354829039709	0.7527725072074247	-0.09756630310939543	-1.1581392577102838	0.2796687875377171	0.22923810805701697	-0.794094902827488	-0.3541011457660862	0.7921742565436495	0.47155478656364275	-0.8200845808914229	-0.5566538714634838	0.34070959123212513	-0.9622131518953457	1.1744542153992195	-0.9766179745355122	0.6879478941805697	0.5926550482068467	-0.35188547059350617	0.14504288859304548	-0.3132668166008589	0.04651354583688219	-0.15025526545549567	0.3806681560588364	-0.08885406232010562	0.07043639780894556	0.17913958377369776	-0.6139235697833826	0.42889085623476036	-0.5550314608298946	0.10498422760560401	0.010183780499204398	-0.4162844568689102	-0.07923156448289544	0.015891797262861083	0.44679704015497207	0.36972057581261675	0.02608371066234061	-0.4615229259873095	0.25684905148699166	-0.39108128102146733	-0.07441876192673175	-0.3209694103822821	-0.015494540240176833	0.3127689225289416	-0.16217649202891704	-0.1724388333226888	0.3376196600586723	-0.41987489621154894	-0.2438198204586658	-0.2556867485830741	0.37939241135952617	-0.3055704128595073	-0.0911900177649909	-0.1857252083994629	0.058798484514159775	0.3185329864629317	-0.42084241411443024	0.028120821488353005	-0.018844449433067206	0.017156357876717408	-0.20227788779949904	-0.23937700615730056	-0.00788674321689631	-0.09027925676129879	0.3726834702526708	-0.14352332639279863	0.04989209443048166	0.27505786668203275	-0.2234083764340042	0.19828358800349902	0.2796425188874223	-0.09002157220583613	-0.06851683610292102	-0.08012640619769527	-0.08382598193346456	-0.14986277786525115	0.15711735566375426	0.08171825377141513	-0.40260328325132505	-0.14837719111376807	0.1453351411358852	-0.02482719560209113	-0.14653717888091977	-0.07261700063882542	-0.07530640334255827	-0.18345998680121714	0.21270013546414138	-0.11559180440258263	-0.36417218914536087	-0.15859800328845552
DTXSID5042299	-6.583955507355406	1.4722499760341035	1.7530693792570893	1.1047698918191302	0.37025828961129387	-0.7774766443292027	0.9326282861634466	-1.001156032505416	-0.6956502529026065	-0.062123609678064864	0.4819941885602482	0.2140424130233311	-0.1571577142653923	-0.4337605083009718	0.02153290695668191	-0.1491324303742642	-0.17698384684685234	0.16296993471256663	0.11958762222335974	-0.1218234663909599	-0.4265947099023442	-0.025538412657135304	-0.12446039406582071	0.21885351874935727	-0.8340121489079483	0.2803201730944371	0.2774473033330783	-0.050193127567562924	0.06583207814223552	0.16886148953335814	0.14130590871604984	-0.05291913760240684	-0.02406490646854904	0.22138360820319208	0.34748330779365716	0.05457528934539333	0.048649883348807335	0.1079781999182981	0.06117643009190775	-0.23891827975844182	0.07038947219332801	0.19365855268147195	0.08130284418047547	-0.3373763564195056	0.33644604192413247	-0.18946539579103266	0.054737337803714	0.29351350977994184	0.010311135154459236	-0.27439996283090023	-0.09849666173018705	-0.3156547116144328	0.10912102185191984	-0.5748414694135868	-0.23258986832348147	0.2252044129323441	-0.08190535178492249	0.026632238845920794	-0.7078357547184377	-0.2401518778623851	0.054339696422164824	0.15588893673736942	-0.037735364459045635	0.23420362295189434	-0.10253898439685982	0.07812172446641397	-0.23118555289682177	0.12387378015207309	-0.1017315463625354	0.2852054960661762	-0.15342213698138848	0.2078252880462712	0.41720288629798236	0.19962033881629102	-0.05616413285486912	-0.16309206586082234	-0.015340813056678625	0.31692972305808204	-0.22461566340962544	-0.22614533628653258	-0.21106093928355715	-0.1317799305271992	0.18892786992033828	0.09205972004754284	-0.19875978448818277	0.026101033090594486	-0.06737578197377413	0.24586736442400717	0.07915050165339456	0.08602509485003983	0.0780140305517768	-0.1986296968893537	0.07458668280110364	-0.012570107763827812	-0.04506477541801469	-0.009355131729874651	0.02486406850052758	-0.03228025882293562	-0.0013410385225670598	-0.1694597451706492
DTXSID4045892	22.207943861589627	-5.852281324336789	1.786384965656736	14.40687907492268	1.6397628955185102	-8.12400628260828	2.430890783525052	4.05341593068576	-1.2075961356096612	-0.6964266895476842	-0.06151673996575342	2.907303943108595	-0.05183265649281024	-2.6615550607009517	-3.332542872498458	3.985463956343359	3.8054994735852112	-5.554625889036197	-1.8873060243503261	-3.1382043737868592	-5.557136594511523	5.700238317738147	3.4389704802784116	0.4821116925553316	0.526268823183412	3.401330014656821	-4.650172665806617	-5.194965543216234	-2.949656738491946	0.10069666844446988	1.1734170852350647	-4.180197663156479	1.0586313427341856	-3.082002459926841	0.7130006803987052	1.3542937566008684	-0.8541981868728966	-1.8106861784319992	0.40575651044555283	-2.6924149503650736	1.5832939539479742	0.34035451219715507	0.7971408722599561	-0.40978346675384153	-0.5780879903390156	2.2982308424616913	-4.697591618282521	1.5501638018913486	3.7295483608732507	-0.9630408003033462	-2.4302057311740257	1.0581383330932328	-1.9782135584022411	-2.0813967662161255	-1.497552524419023	-5.467620800048482	-3.0952976453911756	-1.663294715324759	1.597170158833344	3.604672480882813	-1.721590262967619	-1.0707685848434623	-0.3022002184499633	-3.3558875377765207	2.8816076180299097	2.51616804125153	2.1927578309184512	-1.9221663392677357	5.243122721845311	-0.7172350623717971	1.5400555471031954	-1.1131030178605774	2.8334756292003123	-0.8010350178661957	-4.046016536499747	-0.6064302725553861	1.066843822135939	-0.39362632802541814	-0.5778537240686792	0.09744904098496708	-0.6457440437196632	-2.0777015443804254	-2.359209823374938	-0.9223409522182539	-1.4485382804445233	-1.3978288972070785	-0.8767554606809397	-0.1823476992991063	-1.4732876792398908	-0.268779670474196	1.6993766628813154	2.5539359186456116	-0.6574788767034558	1.711974761528897	0.6480442669882591	1.3251200864673365	0.8210822526995425	1.990811881346196	0.9970642790991286	-0.17083264111377053
DTXSID7042196	-4.626164970238514	3.0298950689401116	-3.8131168123675203	2.2493596846758654	0.568815956318935	-0.5207949310539051	0.9847556182114874	-1.4868121274914339	1.1354230402644454	-1.2278179957144506	1.061978500782222	1.6534490737568501	1.2865511916047931	0.9840333170614577	-0.3142271012316354	-0.39731048511295225	0.36103500789405496	0.5622946907006887	0.29591613377190995	0.01572982460247164	-1.1430190915992422	1.9657768676356273	-0.024668841517906742	0.6615828642572817	0.10887211475769815	0.018960097384235194	-1.262064789180382	-0.9899452259911887	-0.7966972942590176	-0.2272835980443815	0.15865540463034433	-0.4773524041253125	0.39464871374059224	-0.23866714158325533	-0.0029842571715003718	-0.17671088034421392	0.3450101478009019	0.5863009989608795	0.3751070731990198	-1.0212265083759058	0.21425691139754696	-1.3370127422764693	-0.29222738227168976	-0.4843052768899532	0.43194603742191373	-0.2334702006168075	-0.9813997614031762	0.39438133834927486	0.7647958707072141	-0.07694071415511942	-0.3103229427437869	-0.14321724026675564	-0.24954160364765912	-0.30477098326322005	-0.7487809617696688	-0.2611936715359967	-0.5211616557474755	-0.2055899898588746	0.04917520283950562	0.5044524808902573	-0.19468730231534415	-0.09260815391087082	0.40333424097242887	-0.0972034702091325	0.35355974452935	0.11362843956010928	-0.4444946679433133	-0.4827096572158175	0.8807764086756481	0.9560025659526294	-0.4018119334736634	-0.9544985695369137	0.738632345838073	-0.1921107736219359	-0.19248021406928428	-0.2292730626320632	-0.3390963243382951	-0.1252374857230334	-0.23332772966007798	0.12610584884060416	-0.011129464357351892	-0.3697735344206932	0.28662821007123485	-0.0983845812809369	-0.2504724520407158	0.05254687673823362	-0.3145264029796238	0.14083251346627418	-0.5206634177933728	0.2606924265358551	0.6117400315012609	0.5915728408166573	-0.04227909008050364	0.10911464072933283	-0.3619322677743922	0.370050558373655	-0.05703999259762129	0.42699018344029754	-0.2506383685410144	-0.0658643540102547
DTXSID3021144	-2.5217486424209374	-1.2077418161448281	-1.7997931386802435	2.429528325559926	1.3020157348947814	0.7228962836868991	-1.829037055033526	2.8401026895217067	0.6741044615597055	-1.420358831841457	-0.38070047785693134	-0.5120465297411546	0.5560954744966276	-0.9102061512291307	0.8977166064534918	0.9700916002381755	-2.4017586490278013	0.9685085929523788	0.566115106685123	0.7901418078674562	-0.7084649074554812	-0.03326139981275087	-0.6466904680071277	-1.7550989616487953	-0.2568886102680595	-0.6218809085852854	-1.2838297218410384	-2.6411525117153056	1.0223842494201785	0.1442989873894726	-1.2645109652766768	2.562761416520479	5.460402315265006	0.3127549848225336	3.01145332265304	2.992459624497125	2.7001887644472213	1.1311486753984623	1.8708551299301481	1.8908841593718042	-0.5285068985217991	1.5502037150083612	-1.4228584057243039	-0.7958089076821782	-0.10198246002452509	-0.13661375095784228	-0.963201188148932	0.2800965770920309	0.8018345563929055	0.7451940293561867	-1.2273406039708716	-0.8934721431854934	0.7568443179558322	-0.37147219339563553	-0.7994062301165834	-0.16126168827087242	-0.13881717826918485	-0.018857776119082903	0.33494382931317607	-0.7726722785201547	1.229596481701756	0.48216172061667173	1.3061352248151896	-1.239741670844202	0.34511681441593667	-0.27742190623354024	1.587613638111843	0.47422443715201384	0.7655543416379125	0.2678477028438697	0.37691167825497257	0.4510126419596029	-0.13872973741246508	1.5741940871540299	-0.5701669502910309	0.9903277803156015	-0.20553435553845528	-0.09940498533034099	-0.4301727863753489	0.49039762354721317	1.3523244684310134	-1.5547235732787015	-1.435417843638078	-0.24535579010767808	0.6802234233442852	1.3092761949447296	-0.9025621871067754	0.31814093759652307	1.0103964169124258	0.30842101945185546	-0.36713316365343	-0.5959832989708701	-0.14177640128836555	-0.0731894416032406	-0.012726251106483916	-0.7731082559605361	-1.0565797259778182	0.347300433405984	-1.0623564504124925	0.30486168259832513
DTXSID6041422	-2.9688638323038994	-0.5461631444990562	0.3563676662314861	-0.5102793137016939	-1.5010687755779168	0.874858711787463	1.6738434706521839	1.6636365038516365	1.3623243960364717	-0.5361626205166556	0.12616614796583872	0.16383447848882768	1.9827580047861062	-0.44061643712588594	-0.16206014441143937	-1.549709039383062	0.20738225704642765	-0.8808099663152487	1.0295040147367291	-0.23800870567885443	-0.23862229416039873	0.19512524839360545	-0.8880118659579717	0.27285063404603893	1.5744290899511881	0.1425750322596662	1.0018928733699137	0.845928072146966	-0.27076919528782356	-0.8175414371843378	-0.7765859203586294	-0.07355964270266035	-0.3983037215536229	0.5264588702311375	-0.4764507984589756	0.8082019903335138	-0.7002085601592647	0.3309118836529947	-1.021923462880065	0.3050778139996299	0.08764125927351818	-0.021979241626225225	-0.622894844532495	0.34715970133409896	0.4704959330196234	0.9265746075680504	-0.32023331113803566	-0.7058746117086832	-0.6046962230915399	0.3678321234876866	0.7938502631386638	0.18104150738024585	0.19471061646408752	0.42871382221169946	-0.07722321506275089	-0.25736206559698954	-0.7475049484316608	-1.1995997495602801	0.35012917851640674	0.5576447696600458	0.1809193961968878	-1.8899527153528526	-0.002657526949895485	-0.40045012256741536	1.2903082134357213	0.6697947443831542	0.19172605373558632	-0.6895475714742316	-0.3853399658440584	0.14921987068009337	0.1515608086370408	-0.09960517971004419	1.2924268691246532	-0.2647520256430673	0.023707104604793867	-0.6468766936080188	0.8270893853717183	0.36947905163385997	0.48142058063075394	0.7896821575494962	-0.5383187023560735	0.2953876139059315	0.7420466066742296	0.4343365418106591	0.14260741241639305	-0.7528287127017277	0.3840200229958043	-0.0533971152450463	0.2980925565350512	-0.9404264436899874	-0.3058004701178199	-0.05252702073545349	-0.3251960208835889	-0.19819377932926832	-0.633409988165767	0.26637073112006	-0.06668220362871609	-0.06805871214887572	-0.005746662215416932	0.33218178584498204
DTXSID1025063	-5.97370570555184	2.7982054186979353	-3.849021658133388	0.7075957553519593	0.09107731566583097	1.1825446281538536	2.282162756004139	-0.7842817781395046	-0.052530989920788716	-0.8386497218570335	0.38887149809350013	-0.006399943728832468	1.192309070039242	0.35701089498260613	0.16512205052959103	-0.111538538168121	0.5126270751015494	-0.40988882015564065	0.23315023874015375	-0.9134022131952073	0.3754497738666037	-0.45368132859218424	-0.36219274726955336	0.257903156634013	0.1348718428175445	-0.4243852784911274	0.7547375497292581	0.8222168783109499	-0.6667360804125744	-0.1363390183799339	-0.030500584240547923	0.22083475956860554	-0.1532834502131561	1.0939149233618624	0.351500547540666	-0.03799721991567185	0.26518559158269145	0.12420635118877617	-0.16753786522705785	0.12043331050140864	0.060522674381789154	0.43064184052991555	-0.4631191038281927	0.16397194108074353	0.3494650490696515	0.1209670300518764	0.027957804174998845	0.24198128875971567	-0.10204937025613092	-0.033403193290277335	0.21885207972279086	-0.01499624364611924	0.26253737158321017	-0.02680961120199123	-0.4930098080968675	0.09097077747674988	-1.1085972733512202	0.06686402317279456	0.4713791768200408	-0.5142351503305379	-0.06721656597686283	-0.5752691403756817	-0.9185826630656849	0.22177909213271982	-0.5718306134215054	0.044698559683348134	-0.42743598318134896	0.33400033761556014	0.5744358232371438	-0.39042442920270987	-0.5506559652569833	-1.0028619378847115	-0.0677080428561698	-0.16789647096639898	0.14267875364633625	-0.09995961962826043	-0.07252902875216641	0.7061601194226251	-0.8069476683565072	-0.08110335835714366	-0.16139300768398412	-0.2830728699967422	0.4011174120561628	-0.3002052501016421	0.49028846689848044	-0.5730419919862197	-0.1585591733447583	-0.4753351361200398	-0.2122138691482605	-0.3014775533391893	0.03759766331774307	0.8051507587702955	0.06195023340521639	0.08651918448926613	-0.050358451574384205	-0.1830910511769839	-0.1958610502314803	0.23713124910850766	0.25477432508246417	0.1074387269196207
DTXSID8034956	3.1924587796906208	-4.955989720930549	-3.8526008828368044	-3.5853812770084263	-2.7957065921495854	-3.3496811182059774	-1.167664070451197	-1.0941371928875845	0.7891233033930812	-2.4890944084488	-2.466267731797614	3.32293450887493	-0.7910748545422085	-1.0605688581812345	0.17705622414018088	-0.8078148974139653	1.4200664879637963	-1.9650852919205142	1.458086290493715	2.55903211849868	-0.6482315338285587	0.4856177681539427	-1.5622019550563198	0.30295823081906276	-0.9947561313204433	1.1512320803853495	0.1767389870090307	-0.7297870026586335	-0.9085942704138044	-0.024492483360410162	-0.10828613997683675	0.31007254214671626	0.43280978017468213	0.6754394593646412	-0.586347545666599	0.39583840960315586	0.1949989528678527	-0.41598824046382465	0.41766532260880923	1.0593591435590053	-0.8415678775631735	-0.34678846837414257	-0.43883243710738085	0.358253418121426	0.10713253139605598	0.16010999494403616	-0.7321099174049762	0.047107663597416354	-0.7504423696908381	-0.4743530108564617	-1.1681900076593599	-0.0626616557830625	1.8469333307540432	0.3176680343994494	0.8830934463189376	0.7756308310682983	-0.1267238928474894	0.5998101699003143	0.08575065334760806	-0.06304695328945642	-0.16795427044733197	0.7652433563669515	0.68496666348606	-0.2330322484269817	0.6997223966168435	0.024036380509577952	0.5419929593206049	-0.11893463785104406	-1.2821730677363492	0.09851648174743073	-0.693196235693107	-0.8955046377479194	0.41632511362425556	0.20730241318901324	-0.12959323654240387	-0.10145602699381533	-0.8265494369588189	-0.25956121519124803	-0.34099303212839127	-0.6075703841383375	-0.12793982467082093	0.4732827671144528	-0.7845115466546543	-0.3455140921963592	-0.12813661795829107	-0.003284393877128968	0.18434768381665925	-0.2824586386222779	0.9824345664710501	-0.22468623986892702	0.21545219392261405	0.37139818217649434	-0.8154793274487424	-0.04705570563780632	0.350151912314259	-0.1372060925976972	-0.3214173857453321	-0.6757703167675148	0.10416053641685168	0.0016687396454891739
DTXSID8040694	-4.007562380200889	1.0857525887756638	-0.6206128760566229	-0.3940471745816498	0.3655249793967261	0.9706062615269117	0.785761218612733	-2.3385631145107655	1.21220599868782	-0.4008742150422041	1.4488363744414752	0.7774805826945435	1.3838275869727423	0.8932042617501658	-0.10662839009913538	-0.4044368869886763	0.09971356963968625	0.741248422701632	0.2914919752087866	0.6609371555246607	-0.47670831377084016	1.1712606372147003	0.2348511270190787	0.06999119360597521	0.6843054060640136	0.20502946694502255	-0.29226895776825457	0.30153376154653905	-0.07565503454215651	-0.07633350255355223	-0.12455930261630895	0.12001197391868554	0.5253696501882814	0.5350330685603608	0.011033420717845821	-0.3949552003796908	0.6268830572139416	0.7603615734702601	0.12742219344165534	-0.6765278509433611	0.20880869236528318	-0.6692724882371438	-0.29334670125665935	-0.4750595628472603	0.49424171443171794	-0.36178231920731363	0.04720721767732313	0.03214167120266843	0.3227859836963583	0.3059672650646097	-0.30267331827613103	-0.5022364914627392	-0.1868356000267072	-0.33979713790238253	-0.3257241610144904	0.4559156368605352	-0.0947307333063453	0.011692340749248709	-0.19120943471984758	0.10006443132101918	0.46173836515066635	0.13885783429449605	0.20849426818953246	0.06911073790559737	-0.6274291830809403	-0.3319575116975046	-0.5380790835612763	-0.5207591440428934	-0.13558457504438723	-0.008821885466920136	-0.3918235403514387	0.20945682809072824	0.17624122632519856	-0.03839900098113665	-0.06091102541539028	-0.21115119997098425	0.008065554681670875	-0.20719538254522937	-0.11646718567177754	0.023802500958656	-0.18147091832270026	-0.22591409998292092	0.38080188743424975	0.16620009135609154	-0.10301783866615391	-0.2297653344664396	0.21005619412534005	0.18502133369947188	0.32072195744757737	0.07780663162630992	0.350590411989486	0.07025220884991143	-0.09023489703558346	0.03170033958944181	-0.09725826658838234	0.08946807841358537	-0.24212929833972038	-0.05224852438593559	0.012002894113014669	0.05352677069210573
DTXSID9037248	23.744696050636247	-8.023363981632109	-0.8289715110681389	8.581706970598669	15.781978058714335	-0.4654570239966644	-2.178899948310385	4.12108591169569	2.584491415696285	-7.653440580722436	-1.0041985624190384	1.2165132412238138	1.11480200816788	7.838898590926415	0.4396715924140761	2.1945289460569337	5.913964213896836	-4.952201962276634	0.06763639859515054	-5.61676544511097	-0.6356350906639989	4.299739489958092	5.421222760264432	4.452217764041418	-2.279483109574584	-0.653770608162919	1.2892459896144872	-7.004096738262889	5.484272200154999	1.9690422138132848	0.2234119225121076	-0.8993946278589888	-2.7876511848747145	-1.8506325555614829	-2.4475299157689956	1.6671134625572135	2.1320585050604373	0.6296756759428961	0.6222746626193896	-1.4196439891225137	0.9327683566692203	1.858373986364238	1.3019641393443113	-0.23560675959788202	1.4391039673781054	1.9515027222830672	-4.100598620139155	-0.9771655032255633	2.7074328835970882	-1.4498926417749265	-3.2874175771489926	-0.11088716166772966	-1.0602064418070734	0.7596436931019763	-3.0047829566768764	1.9676969559622077	2.2910336577702153	-2.022706087759332	-2.6267246796197963	4.605398492674083	2.572913609521022	-7.449223442760948	5.321351489354529	3.782138957020672	-1.62428232581288	2.7068424280053476	5.189827124051352	0.057265806053781725	9.028273830728338	4.743628468215076	-3.5612051090660586	-0.3987206270565348	2.1681642078198964	-0.8461786120826128	-2.139730874156692	-0.09725466252230297	-1.2956852348449437	0.22250619742689406	0.1005608155486145	-1.6235724183598403	0.3216866458512625	-0.8346061108110463	-2.032086447489417	-3.244504356247157	-1.800610761665259	-1.0394362347148767	-1.4172321871808036	-0.22583045879888333	-1.6029961084576827	-0.46912977818716356	2.256549833360512	2.9008315947619208	0.3653474549905696	2.172457120621769	-1.6891728901120677	0.07385431851612176	0.46036350009194277	1.3972884178159448	1.2987578239080455	-0.8682765741489605
DTXSID6046391	-3.198854854174489	-0.4551674375038081	-4.7492895771204	2.9655206189156953	-3.640667809914287	0.012674721183538094	1.857008418428642	0.97463911455025	2.603147964521502	-1.9186329259551724	-1.106283497465149	-1.8152846026332348	0.6281256473602281	-0.31558061808231463	0.28023854390522657	-0.030691933369895914	0.5359096022085531	0.8001923723119069	0.02357163789916588	0.8786244669485018	0.14023104337391687	-0.31257022591421246	-0.6930797566634707	-0.7820921867468618	0.25241216906538916	0.09655663430319245	0.7872403217653723	0.4657964360068767	-0.26351530229959774	-0.2913092092166727	-0.6598059186228148	0.5073725306596552	0.26204781547792977	-0.3538139897903776	-0.7947162198582287	-0.5682438983195922	0.2236614431487298	0.08125734389885125	0.07644022539826	-0.30136487822906494	-0.48123908742260285	-0.5377508981623826	0.04242555880703087	0.17877209312203216	-0.10497597117855596	-0.2451463069418027	0.2623273159208544	0.00977569317740699	0.2870671005647478	0.19832851393295406	0.013373208020477475	-0.16113421067203954	0.036298057725313145	0.5009335179309128	-0.636835918310099	-0.2090010798069464	-0.2842803617622827	-0.7955546744530303	1.0011682078161648	0.212658372612013	0.045205543869735125	-0.7815144466142291	-0.44920636098165445	-0.23153672965078345	0.4080250587063733	-0.752434070436574	-0.8202085002061185	-0.7667708877593118	1.4261133626653215	-0.3736377028530675	1.1793885228982812	0.38152849351024287	-0.543025617666189	0.10133098116380367	0.13471110787864737	0.802947954322949	-0.3524537300065764	-0.43532430234921426	-0.25299769368458325	0.037672468682890814	-0.27959632307874854	-0.33431242637808956	0.03348667237085411	0.30598938623918676	-0.2046008520304026	0.4099149729029619	0.03259529368352849	-0.8890907796855053	0.8376638671496844	0.026303563076571498	-0.04937319710282313	0.2056852571552837	-0.7488174286324197	-0.6016270013074216	-0.250904477546826	0.46136306889969997	0.1871858977030517	-0.20441197173458922	0.1989094690553589	-1.2478255106958713
DTXSID2046597	8981.62782360773	-3046.6937820063035	-803.8540847626799	13356.498753046679	3488.8589424697843	-3161.405744076938	24309.906023245465	4464.198766067002	-5893.015427534999	28391.290931778178	-9266.729290056177	24487.50775220558	5857.370190868065	-2096.61910072835	7584.154494982873	-12549.864432205253	-7996.096009936035	13157.075920341167	16287.308446617759	4411.28244841078	12438.607251043757	-6099.153452180996	-8209.285346647137	2042.3894969750422	-4772.8824555506335	-8180.60890383102	-4035.9690844312013	4214.842310530413	981.8757893906727	3589.3384348286163	1166.123617053068	5633.472624081696	-805.0362022786751	3380.810242147433	497.29216180221357	6947.94068838396	-1877.0650986171145	4860.735003634176	-3991.979817313065	1370.6852978701938	-365.7692734656812	852.1681148420666	-1737.8307110655028	-1437.886248300614	-583.8057359465355	-477.07187445427303	925.1790692302166	-3343.0921095005106	-450.4969697101582	2232.0862545986147	-310.1913362262703	-5531.344429913197	-4880.449480122421	-744.5853002366855	-1182.7530124920675	-1903.869600090611	6948.326960819577	1113.5151151505124	-10274.769219273518	-3733.707017364821	7448.447048087348	-7148.226761766924	3944.2273447115217	865.3456181573778	-6066.8798513103875	-19435.645446532686	-1712.5652734466948	-7730.90559644723	-6207.998492476358	2308.192344284417	-6839.423818679996	-11637.220867089563	-2224.046824385904	-2899.942176005507	2923.9489020176024	4132.942374003329	-12019.272951140587	1019.2561670058222	741.0661027566163	-11756.667054866728	12365.693578556906	-10970.785460822884	15576.720122220324	-19228.98394269426	-14998.697118323615	15422.368326022688	-4772.041110894279	-6845.319743535345	-1836.7894529532482	-4591.9739726411035	1622.220191151772	-12598.123855627015	4413.848447456671	-3731.3764651076117	517.1250677421303	27406.21114163511	-2678.874501766654	-896.3341045403713	3054.5446404496806	12096.65339437843
DTXSID2052281	-2.4654580248766784	-1.3781579753187783	-3.1654000790036037	-0.3337226951173126	-4.684918085961891	-4.039895194129704	3.85303465344286	3.799934042454356	1.2499533909823113	-5.2540756420687735	-2.6753137519884156	-0.23290656785452082	4.017424026351973	-1.7676404466491855	1.890410517815184	-0.756407037466744	1.2465772176911758	4.942587491700573	2.8662288789285997	2.2689514287421555	-6.468241540369034	-5.886409147062269	5.9063345746532105	2.0977245222758483	7.18436354384567	-1.0107892428590988	-0.8621069838430615	-0.1784109282732805	0.7334199422370777	0.4734365422969399	-2.3782735793819607	2.5004237408324688	0.7673251384963617	4.38651224244922	1.9698991445433713	-2.1651464098407565	-5.111345371984822	6.698457402304318	0.2165881363888726	-3.434998272981384	-4.617553489883003	6.145130957896221	5.835162456142465	7.4357311886682265	-1.6720259650220275	-5.351201843543427	-1.6944592332443176	-0.8702442546775743	1.1911783644275789	-0.8236468169157138	-0.6687728349852559	2.287625209635501	0.36781636932018313	-0.765899872203164	-1.5545931305403673	-1.1456321815577166	-0.7490930384539456	-0.344513176429237	2.048574446682383	0.880349126372158	-0.7407930446362866	-0.11552177312048881	-0.7506933439391151	-0.6259992628272244	0.22701810502142056	1.347530285676698	0.06378161597228904	1.6984734086402042	-1.0782290404490775	1.600550628587297	-1.7728551512845523	-0.15499928432821228	-1.822737154012846	-1.5886814297518763	0.20316044169038597	1.137153283477031	0.2878437391256201	0.3616580143181157	1.3510548500039572	0.6097804202768394	-0.5326229283688348	0.24724410339356903	0.22051314414319614	1.0646732457072823	-2.150397595959852	1.5607790481330281	-0.08873181259086621	0.36071055727716167	-1.1108795587601128	-0.7472461004985651	-0.1865875730748752	-0.30349303170398656	-0.2856366889313027	-2.1989048836377068	0.6405639149809261	-0.26586985679922986	1.9720169145543724	0.5420575126920913	-0.31806851377561907	-0.09165634971299214
DTXSID2020684	-3.171125715943852	-0.40068594845283273	-5.0151076073677725	-4.292231682999821	-0.7726948457422977	-2.8158997123755802	-6.395028688122257	-0.6116735024842085	-5.863610749080939	5.659304577439699	-3.322176562818961	2.3269650992579853	-2.7987874676017492	2.868334574231382	-1.852295897586586	-1.8611861072571116	1.9535458886866934	-2.5153712689409264	-1.9489358996172366	0.2075459781568435	0.18446345565487707	-3.550540974923124	-1.6808021795116506	0.9620789119568666	1.0426547010355725	2.2124283677152894	-3.6760132195262347	-4.326891702596499	-0.10531541083354054	-3.3079926300973184	4.783382976002184	1.4112592547955352	-2.3366182347422693	1.0135656853250095	-0.8002459596973872	0.5162639525123087	2.9200974917323026	0.24565731582552786	-0.5309976859407392	-0.9466512886480095	-2.0776945226013512	2.9800690163569166	0.7152792149064798	-1.1260105539683984	-0.8637363644747679	0.16886467571191957	1.8883171460518202	-0.6249466922785987	-3.2565984073013863	-0.2653738724575291	0.8746299837708919	-0.7081825971236346	-3.275406516261351	0.01300511274031223	-1.3578205877249268	2.407791587287627	-2.3369966868171543	-1.2130695737394028	0.3258818452162744	-0.811281592847233	0.662821649096935	1.1030744059966093	-0.7307669977534458	0.2843415640250817	-1.2498653723978919	-0.0807139585148347	0.3471256774856191	0.32849997221953386	-0.28463264807069444	1.2068890118683555	1.4031528404514504	-0.07220024800300921	1.3650671428535113	-0.16258852253155504	-0.10290866804016104	0.026984583844451362	-0.9268537964427301	0.11568800623284335	0.6918220580420053	-0.14456746897690487	-0.592824061966463	-0.45262154228394885	0.1252632035024839	1.5491821790537919	-0.5250991696828181	0.44003909442858397	-0.23425940067816406	-0.13414470722249766	-0.14681434880895167	-0.20860148204535886	0.20696248663891603	0.11963572607081475	-0.10205535555988215	0.16455358835945155	-0.6154935984258751	0.3338353375773936	-0.7356144008683472	0.3536421632372385	0.05754759620547526	0.2574613203569541
DTXSID2032180	-1.1514817976703606	-4.512616279242772	0.17795390956883014	-6.576300490773613	-0.598547905739106	-2.4646763993403007	-4.335366376780071	-1.6620032777895637	-4.8343356698772215	6.83514382103948	-1.567951193189254	-1.3102515532818142	-0.6303565029148451	2.8952386252516122	-1.8896708217677944	0.8874583514178089	2.282124372606129	1.9880678555823668	-0.1792556597942716	0.024714204276060896	1.6857660439762527	0.2176744076603732	1.3348492945281791	0.20664833192426557	-1.3218901545363226	0.6511299871212031	0.754390852815144	0.24563642063900695	0.6618441673849302	-0.09446448160863237	1.3551314849768916	-0.4616824326957825	1.3452535798391934	0.5349566401095025	0.42933074999575715	0.5913781932543537	-0.8930991022933167	-0.8329649475445003	0.39960524793451296	-0.3159893331978204	0.5166086200939696	0.40774648377379	0.47074352050180274	-1.131003173717788	0.065084021181314	0.26576822595207095	0.12236991812463939	0.004880238304310623	1.0713916770986212	-1.5062959403602267	-1.3005696333360752	0.4399805820524599	0.417905459806017	0.06733928612991251	0.3576465644884813	-0.44064303815882044	1.4566556924532008	0.3684440712998268	-0.6280192084141719	-0.4350228330310263	0.7747888202824723	-1.5184669437693963	-0.6588211965449369	-1.2220136416338778	0.5275804782230541	0.9661238236262238	0.4899562341557245	0.08328757933394756	-1.2214579919094948	0.9035187389464335	-1.049568192175418	-0.8055619564423562	-1.2131170985896513	-0.14550532939184238	0.48186598726603835	-0.18602853405418474	-0.08432333753138045	1.036903729350394	0.018950182319591953	0.5018704992756481	0.15621225811415695	0.183422015674726	-0.33779568728637643	0.2180634640603524	0.7654620168563885	-0.3828956904048626	0.060301419044866425	-0.40394566368908463	0.010759375791216802	0.41258060453347967	0.4341985148376683	-0.16925909809490375	-0.6575377667847673	-0.2524418631740749	-0.40311175383397596	0.0707653348774807	0.8814171757722328	0.031880643822955024	-0.34447148850710413	0.3719415305749711
DTXSID1046847	6.9158001834079945	-1.5079857564694303	0.9865513471770445	-4.523896361612647	1.7627681031154878	3.3855232151386936	3.249190407447327	-0.5733468369367463	-0.6164778226221439	0.6934076483855701	0.8581925056342058	-1.7078978312890933	0.8328113205678113	0.8853877211796052	-0.7065490754593468	2.4507656207146686	-1.7999505581057433	-2.8922712195780744	-1.249254077387676	-0.0065048228023573545	-4.456752064723776	1.6134476786598566	-0.7320852351682791	2.4492432887679887	1.2033173463705973	0.3717559082334192	-1.4114700369082525	1.253772589928472	-3.221401242161489	-1.9187118022665588	-0.04054955669771952	3.5168982556778965	0.16211365005796954	0.7338718609962037	-1.94391747638305	0.42619701383401726	1.315271146641813	0.865654389905734	0.1271615281961685	-0.4019867316542583	-0.027541330964869125	-0.19625578281523287	-0.6413852425332625	-0.37326866626916566	1.5363263490103962	0.9688643815983679	1.1664924559219918	-1.3593424190589558	0.1630813184782552	0.3462102511521767	-0.7108366602330078	0.17907911942366586	-0.848593474390372	0.5768388196913817	0.3374523330711736	-0.6630280096262083	-0.8675575219726073	-0.24522858212024073	-1.29669929246041	0.3385258898765787	1.0989897556485173	0.6508719818605225	0.6463663246883284	0.5787221362442936	-0.46391846472039133	0.18873038897816857	-0.8911302585092219	-1.3016522502926355	0.30633767005629703	-0.2579032880620449	0.04045106928098753	0.331519278317699	0.9589673443906898	1.4248246172581684	0.26284752491491237	0.6794854626644345	0.014968316171365487	-0.3251696360631709	0.06847141363230436	-0.18296395830550663	-0.5529219967333981	-0.2250713927034681	0.8518403255019671	-0.9425943340133406	-0.9904801103508754	-0.14768767921434245	-0.5361953923722995	1.4745450749351525	-0.6269107811382332	-0.30674910087827073	-1.1842787041854483	-0.4522225127659235	-0.253791660110043	-0.1633650620601752	0.6196556699735104	-0.43740746041987033	-0.14994360295352158	0.5286215534681784	-0.2832576853930532	0.09415653412637928
DTXSID2034968	-7.950320663098967	0.17973232755418872	-2.9637158635290417	3.6826560382602076	1.4089250299858358	0.4818530762266685	-3.036738702012816	4.750950014403971	-3.1184120319366766	0.6502367407689909	0.31451392698839487	-0.3471472927167983	1.7921003757780496	0.21299750508349033	1.336932867971108	0.8893232472204267	-1.08975030132005	1.337569276672646	-0.44295848248092456	2.3564574615287386	-0.9053525734179532	0.6469361385075733	0.17508312318934388	-1.0895599851382465	-0.7012356510611665	0.16937817716471026	-0.37212326841972476	-1.6625278776462404	-0.19049542192458224	0.22967457476464445	-0.6001150886976636	0.7023936668414976	0.6777947387346986	-0.22603483292219975	-0.4188222793997555	0.04880076846362758	-0.012454188024235082	0.17066079088525948	0.22679465973817287	0.34510531041783526	-0.7260681306608933	-0.15369612520128184	0.3464241845329459	-0.4323796738228632	-0.26600637251671566	0.06415756446376428	-0.25383046192775777	0.8518281165608731	0.1274047426666467	-1.3727549015318825	1.0309870111146444	0.3168552993671189	0.144049030758397	0.2721146120649771	1.2242966190705031	-0.19056588836478433	0.059924648523366354	0.059580442433740104	-0.7530977970008876	1.0573844874318385	-1.0158148175369952	-0.26246433658538587	-0.8825550641333446	0.8155623664431174	-0.7587188927251179	-0.3523214197173188	-0.6233355317366159	0.18113662340606107	-0.2509026204025829	-0.37020854266611913	-0.2844406397746947	-0.24127076159458477	-0.3745797224119333	-0.5673168577422837	-0.39022188723528417	0.4341459862822263	-0.1541688004091783	-1.413700596075495	-0.056600670240840846	-0.29926824684555164	0.36676471829092766	-0.5290802748008845	0.06166693268656271	0.7751702121528802	-1.1879243849021588	-1.018900081995835	1.0727954153656136	0.24101527497558514	0.02848140773928238	-0.6186083524755229	0.4458694550304348	-0.21817624355531318	-0.3932006670530814	0.7300367503007236	-0.5866383970540099	0.30952401462899837	0.5513443333317598	0.8308449857088606	-1.3937155977814073	-0.230367358327663
DTXSID8027086	3.8678000504889143	4.357713630984625	-2.8778396493066345	-1.9008842998954825	8.855460052057913	1.1035060562188894	0.7478810947353193	-2.332838320837712	1.0779851298750516	-1.3476999730074266	-1.6180637510409777	2.4534124382352953	-2.007313371251003	-0.14332688628900994	0.0534244471990655	2.579198243312983	3.2451469348925857	2.0378772251184234	-0.5804391392884422	-0.42867934551877523	0.4748829364447438	1.23692663560435	-0.21943115686752365	-0.2412576485025557	1.9556429462144072	-0.08626910907893853	-2.4569575736292117	0.8976006728160627	-1.2625894012350634	-0.5714632351419855	0.16056111763901423	-1.0783614236424737	1.405492911235116	-1.275133935834391	0.8751383332736565	0.2787922930723443	-0.33870886122766425	-0.12167131136569305	-0.3960441600608425	0.09377431587124344	0.009769380803729072	-1.4231518278187223	-0.923309526615819	1.000072373460709	-0.6885458206530213	-1.0736106960483518	0.12945085411740287	-0.13224175775097638	0.48992254225814613	-0.2018564620930751	-0.4927017337054969	-0.25050238224252497	-0.4121757620593865	0.2186033268981056	-0.4405534056933675	-0.22290980463944166	-0.5057249937376586	0.6937831552174418	0.8014181924653416	0.14200438431246057	-0.14373688668189621	-0.2289308573403384	0.6841380763299718	0.29230263107258164	0.765503046678795	-0.6162496672450926	-0.930548447523734	-0.028222127014532142	0.10512040907545529	-0.18616329382860516	0.1294727449546469	-0.961484130693959	0.33668583925693685	0.16925153208108296	-1.4672302661640129	0.40057781165477285	0.34997933584223034	-0.1492724836906789	-0.28401007201444955	0.3450939162466406	0.7416185753436785	-0.24479135432047405	-0.4702978968074628	-0.5133210778896943	0.9186250827526866	0.21427311194537602	0.42429804907303487	-0.37813341235928877	0.4589852957864327	-0.1101825823222895	0.67239829208415	0.5112393123007193	0.05237121971535762	0.14709836918840116	0.15903827095113626	0.0786862593577915	0.6599641907850792	0.2733919734302135	0.16156416459644973	-0.47511542098761744
DTXSID6057798	7.4526270421740985	-4.949776201906584	-3.7257264917178854	-1.75033946097139	-1.989344011618019	1.1232650249101552	2.4165222608692662	1.4143630278283037	1.3885321983667558	-1.671964227403339	0.6679601463461096	2.5988707731506007	-0.7139957755198797	-0.14822421486126497	0.1720546380951142	-0.045551407062846765	0.17327906889658917	-4.15929164433161	0.8209490665862366	1.7122582269754691	-2.1921989408396625	0.7594504454081822	0.4718839933019687	-1.6724149922642941	1.711880824621184	6.0247272282845525	4.541551116314802	0.09040073121438827	-2.193807621505316	1.527516564064487	1.5798556644811517	-0.5599901360929248	-0.34431078661141196	2.4261967585334876	3.131427074833813	-0.3152608497805983	-0.19734506428804316	1.581630495474764	-0.7057725402262363	3.6973645282567227	-2.0965164899156052	-2.638625658528603	-2.7312218116207956	0.4344055428615712	-4.5570921483500015	1.0593819996468539	-1.0346874036091434	3.4735823953516736	0.7568004216628038	6.0437833847440245	0.6716639816875227	0.6721015124173476	0.6872467276874031	0.5953786660809178	-2.1254572617829197	2.707154365509475	-0.8410569137485764	1.717301857495311	-2.33943355472583	4.142105177718698	-0.36369053182917893	0.35422133826395097	1.770891839341693	-2.1109532475446566	1.1861575897315084	-0.5089524497376469	-1.1706861100646635	-0.25061385118451307	0.716773742768812	1.45086392761221	2.050673238252474	1.1325881984330874	0.9044772717380763	-0.5404679429427887	0.44951047993789506	-0.5430240927242528	-0.8852294584536868	-0.6166634528429894	0.8209888159638389	-0.5911447160013588	-0.029715823337655652	1.080451084943254	0.6126419228204598	0.15508481561968246	-1.8394430033967812	-0.2377500516232979	-1.2411839920503012	0.5651445848507988	-0.5150423230692275	0.9780627269062653	0.5986412045543666	-0.4060255517404357	0.2664138496924395	-0.7033901336402952	0.6493594216850891	-0.4551410645183381	-0.08233089847398012	-0.6482537852426923	-0.44154517284266076	0.4900611830779068
DTXSID9026130	-2.007001938593923	3.1872180355534914	-2.765665899231271	-1.5252096999174045	7.156713775156272	1.0625159475004895	0.24919844240839642	-0.10321374894623873	-0.10534654919957943	0.0479273096382286	-1.46760316925198	2.6348743943989845	-0.6917320229131977	-1.58391543126884	0.18403491608519162	1.266432063622821	2.0469331176946137	-1.7260831995118462	-1.1961874066053169	-0.5572869908962004	-0.03454877881627485	-0.629302466513886	1.9945816102154026	0.7595679237051931	-0.6199587113257604	-0.15279234380586298	4.011253188534962	-2.3585141304735022	4.032346079334316	0.08878243197155557	-0.40677231255369617	1.213703461334247	-2.358252488947376	-0.3922286298237177	-1.2902820402718778	0.6017070427257071	1.1993584917048008	-0.5627361177840411	0.546165890474501	-0.5798002705278945	-0.09665240928860924	0.8999660149627619	0.6743757265614326	1.1826659922298541	1.625168715564332	0.11486361092037954	0.5782230027351528	0.22942345167674605	0.2315694009993984	-0.15256622308554788	-0.10651827900597251	0.03115999117147402	0.22880575748866291	1.405768428816767	0.24731364855500693	1.7809263940269238	0.7503643573076368	-2.20241083171082	-1.8628283280525444	1.4319262515545579	0.503301435985552	-1.8500775964638663	1.4742946900624523	1.3552705387710535	-1.179454052875111	0.5849900421322294	3.2094278698341494	0.3984240509225468	1.8469243906165351	2.0329917045471	-2.0314931494461037	1.6320830379291984	-0.4628087046301133	-0.18199910613347023	0.44496107433005394	-1.1236111735019643	0.14062507278231384	-1.3690414582001433	1.02158245997666	-0.27520688747737276	-0.026489302485733623	0.35368840970224663	-0.05501974522291499	-1.5538850684686079	-1.0856207658582655	0.5758858009744239	0.22717028848092627	-0.7718141280534031	0.007917504213999057	0.45389795082276385	0.13615865128294832	0.9487914187499841	-0.4713264326005422	0.3717326232630203	-0.8836369322561984	-0.32829106733014274	-0.7259300281458251	0.01684691038240595	-0.18347777448959765	-0.3566752679651873
DTXSID9046738	7.252762637934579	-6.740587483672958	1.3191174950780766	-0.5621277520391432	-1.4186657783538354	-0.6056589128062498	1.2452103530775338	0.830818466022378	-0.22392908878129344	-3.879260974345488	-2.6774562684892196	-4.391629670953165	2.436408739380123	3.1152646133702757	-1.0121455841039053	-1.15242882011139	0.5010010476415897	1.2135060774607878	2.1521641262707303	0.06684705797959115	1.2280125882806963	-1.31414774944158	-0.554143802643543	-2.4532473274491666	1.5753563325396174	-0.03677725882981528	-0.4643102142486258	0.4964189415807029	-0.11321276028112143	-0.4711476957178647	-0.04970748107463118	-0.9550747055571984	-0.5171736709205006	-0.8521913623018705	-1.4210262131294078	1.5172187091815397	1.0408364548570066	0.9705951226822161	-1.3306200546805045	-0.17089178822556106	-0.01701441017472286	0.6909023532632365	-0.09191831171480475	-0.6858401332656509	-1.3746046666766014	0.254665455467092	1.0223793454247179	-0.8522963700158251	-0.47560617674614614	0.004454215746365249	-0.8009136316109926	-0.36985346734648883	0.8583492668180039	-0.7616108890442644	-0.46809084764544173	0.6522593008488924	-0.7302030330358436	-1.3723712760602471	0.7457530350425364	1.0404045662775192	-0.8092654761658186	-2.102720753123956	-0.039166712315787784	-0.10353437103829868	-0.38122013465120186	-0.5311497588468728	-0.5904173068756459	0.046618681207430616	0.137439881984529	0.8011430159912926	0.3904646554380667	-0.06375362424996264	-0.6701654098701654	0.22199288631662814	-0.5074421191115871	0.9039176969445851	0.21796185209534938	1.2069289625789417	0.6743386525913706	0.11917381601625428	-0.15472575279012615	0.6349639416791547	0.106557391331508	0.2531552797587393	-0.12053962180904057	-0.2877237646914647	0.7352226563763655	-0.3107407422990985	1.1175960616490266	0.7150410973796496	0.4052466676271121	0.555205892815778	-1.6376103431311584	-0.4901618976301858	-0.5096912716247136	0.1853421023991642	-0.2558418487674708	-0.25058736570575524	0.505002026058648	0.085372509870528
DTXSID1021247	1.0041392837648053	-2.9762606081957346	5.235109839767934	-0.46777058095787716	0.2749362792659201	4.131017294569981	-3.94805912039955	5.345842210520886	-0.37303364531150884	0.5807051829359989	-1.3500465291653685	2.051102071362711	-0.4933319256783693	2.819326059165911	0.06308809688562231	1.6541453800337387	-2.03603711346989	1.5446954737284135	-0.8195634656401014	-0.8493992604368924	-0.20949513298310962	0.526968670908332	-1.282651737138367	-0.12582621559496687	1.5053994616471655	-0.5854550782081158	-0.8902529697259098	0.8172994366411134	0.21075873063378256	2.201688216774513	-0.9120222271224407	1.581172554601875	-1.059499883306637	-0.7177586279825496	0.09780743066637837	-0.5260730779094543	-0.2916185218380495	-0.7901796446582251	-0.38122832233054293	-0.34600205120354305	-0.644059738549485	-0.7382241688547198	0.47105290872897093	-0.5910145898960899	-0.4991481581894288	-0.03910410926939411	1.0561086138395386	-0.19000599674076168	-1.5538941324946847	1.0212497511622982	1.221704830762771	-2.0813417379239616	-0.6944251559119207	-0.06545300541695341	0.3660322263907697	-0.9772993757352744	-1.4094577501950456	1.3449345203584773	0.9282576566386391	0.7471802870785638	1.0588541467604384	-0.4100269809170692	-0.17835861401874806	0.12584072344462696	-0.7539231037095587	0.08557119697871216	1.1043296977392043	-1.047396181505562	-0.0705012301001884	1.0859098472273245	0.9198538772633512	0.7304391351475811	-0.4201029383102288	-0.5358520798338712	0.3244663977100296	0.18474619480807075	-0.17891552790027973	-0.47192275418490337	0.4984844398457838	0.9877544374947813	0.06580447785807853	-0.14913545857063204	-0.7013745783654319	-0.15698002187093085	0.5826441466751187	-0.7790405952942466	-0.618128988842351	0.9389737762548966	0.17834353990230634	-1.4399036276644943	-0.13217034450401202	-0.2544090672408087	0.07778103925003892	-0.27355756870132636	0.6624851808779572	-0.7995489972885076	-0.4344154191507527	-0.11451805379016905	-0.20792961896164266	0.6524097225850876
DTXSID4021218	2.4513618737336964	-5.284644086526483	5.61907244150569	10.150387987392582	0.44091647881095625	-6.184335805794993	2.2890856497881895	-0.5777004039289217	-2.502359364918839	-1.1965303469077266	1.6151447761167337	-1.6759226873093616	-3.7283189988935685	-2.53817408274627	-0.3204135134740298	1.0440535102009114	1.0381888893288673	-1.8162010274543658	-1.913073539582216	0.06879351769019465	-0.7825983086354804	-1.0417871113920314	-1.6093205028561315	-0.9350091107053893	2.7250528001875387	-0.009805517882213356	2.3549850542931376	-0.10589443079335147	-2.0751445318102273	-0.7442500004481073	-1.5464478691551393	0.6255581885248431	0.9330122814369373	-1.1681135554764879	-1.5091895562284183	0.19578856758575544	-0.6739198144325338	-0.8229012876815369	0.6356267267889278	-0.08329014430065755	-1.2677964490525697	-0.0023624841888323653	1.4171564762476325	-0.5393747525559196	-0.9656891575972042	-0.3241802858489739	-0.08197712494912239	0.4203540116280825	0.8542400660295537	-0.3616010217558175	0.905456704862225	0.4809853444887158	0.08149076812154556	0.3712688126331528	-0.4772852653950578	-1.5856432794846362	-0.21344333861317802	-1.3212812775083742	1.341367803048879	0.4193344776595879	0.6862169268655106	-1.0282517713121793	-1.0116050106239567	-0.8054709107225682	-0.016002648075236495	0.3694998260053978	-0.8989791996576991	-0.026047283723385373	1.0387225603235026	-0.41372652454649483	1.241701299455963	-0.6966045836968856	-0.5913945497606272	-0.32008294860632175	0.9557809741554232	-0.38058610063385584	0.16345409380303697	0.19733557474497673	0.6205219340657653	0.9722694184911571	0.13585022658780102	-0.18989631840258786	0.0868378418955468	0.46520195724594965	0.6166502067429253	0.08522053725401744	0.6866804315541359	-0.4296965664104221	-0.18584263505626156	-0.4973823034844717	-0.2751465950711967	0.7502535118578806	-0.33912803666597824	0.9349068787541559	0.22021314927554406	0.4142548694194958	-0.49646660301757767	-0.09335275981434252	0.08636018847691708	-0.2034296058081078
DTXSID5024059	-3.478970820756782	-1.3857593731354918	4.752083636180529	0.5646359332822434	0.4135935981386502	4.813027590895026	-2.3109581935261923	5.029475863575925	0.5059654118542654	0.4279103925909419	-1.0198237454738184	2.4831401483397775	-1.0047029035756698	1.2651466907939126	-1.3735924147361034	-0.26980693812879214	-1.7243433155575187	0.7328518335029409	-0.12285218806001982	-0.05458646714364	-0.945233115498874	-0.08225435439712651	-0.6863793977956352	0.32964772828264904	0.5419876663663362	-0.8079288928024475	0.3838401198504349	-0.4673133444843726	-0.006201683324353121	-0.8691554875156956	-0.9406916407654919	-0.8073055175274771	-0.3758230775358844	-0.09753493401386536	-0.505912547033037	0.5327309973736635	-0.8840500270288416	-0.36653568074905896	-0.9939672864180359	0.4491745278653976	-0.4209884678017133	-0.953545348265624	0.14117894030721978	0.3636684560521106	0.1742535942020944	0.7218400209539698	-0.44598036803069724	-0.30874358932912854	0.2114124317050159	0.2691778307122693	0.56959841894267	0.7060798783129835	0.3966126091210083	0.30246971788828764	0.02737074596916814	-0.5132910573024115	-0.25395504852391093	0.11713998187609412	0.3144342392961407	0.05240561849272281	-0.0037813922304149815	-0.1464268730215139	-0.29606998432268905	-0.3181201387900215	-0.09909403112696437	0.4121178113858571	0.2717229079596677	0.3033737044369194	-0.008237310063101657	-0.19778097473761166	-0.34297190760652646	-0.22217867918423279	-0.567531112237888	-0.3701566972495888	0.3224448351505112	-0.11206757253058273	-0.4094757681765793	-0.3447021569756392	0.5904869137640425	0.46781515743266266	0.2615027260622555	0.22197665575331804	-0.24624590330212937	-0.020533351765696733	-0.07936860161914114	0.06673852051065178	-0.08856398524404846	-0.15919071005073265	0.1558458507151571	0.3016776240100291	-0.0471783384105963	0.19269974581187643	-0.17121071473758792	0.3388440344183473	-0.1509287440394797	0.42993132842741305	0.31494811018879193	-0.20443635321779022	-0.2399382254701711	0.16129483087088223
DTXSID7031290	0.7371410990177678	7.108049511557715	0.21550044589055842	-1.1671940089744048	-0.5007382730740654	0.47364283445955013	-0.2894718789574234	-1.2183169157979366	0.8394047691484255	-0.43653176539437344	0.36174944751215105	0.5115335046456593	0.7936774469741663	0.9926575561224853	-0.03390574989970581	-0.4195669056938313	-0.6357730924002902	1.846701642989001	-0.7240994575063324	-0.11075674004703293	-0.2279446786145909	-0.8196148618907407	-0.9425236745636831	0.46872860359722224	-1.2734262431008008	-0.3904108755258931	1.1746406998449368	0.3609366713543549	0.3070211606785999	0.9887557358596503	0.3632823977813941	0.36022151814792847	-0.6534319356127417	-0.6466327326231297	0.6172125829260035	0.08569152174936961	0.510844114027208	-1.1970834291581947	0.1963336508023472	1.436850523585273	-0.34998097693740904	-0.4297579451100195	0.06765364584555845	0.6390181238374121	-0.22860838007045317	-0.8702912194238431	0.5495852356508901	0.27154009770002574	-1.4110385167143378	-1.8720557380766871	-0.21724462292899893	0.9747734753897493	0.9075061525039276	-1.0097361339872073	-0.5329900437590056	0.14245649337350674	0.3751092488100558	-0.1745318458851429	-0.4938260414864401	0.033121456499185735	-0.5096620441517443	0.6833799439934354	0.23419551621681103	0.7310279423274643	0.40783333573886416	0.10054884893435805	-0.40037224229866447	0.691861792409326	-0.2354536481682198	0.8610506028612592	0.3624706094461895	-1.0053036885855218	-0.10150666833758411	-0.6376242617053778	0.5046150908569518	-0.8947921948732568	0.1733672626493113	0.5071840755135791	0.43122267845965034	-0.3628604323681261	0.12769412482069045	0.36912270060637004	0.511428252533446	-0.5149669694372406	0.42563415109604924	-0.14177034003084907	-0.16958693230202052	0.41121261719141733	0.16266173155976701	0.38908136640843094	0.32052822735626824	-0.17778523087013268	0.08161367912173263	-0.42240558478819484	-0.5066769899532608	-0.3798855104021071	0.7189617201880323	-0.04897786886239027	-0.43850855960195884	-0.346639515601579
DTXSID4045925	10.04846716921199	-4.974482700704502	-6.1368142083718205	6.688517183000686	-0.40265319987389697	1.9075453170655943	2.761261007947047	2.601628906588143	-1.685750392563386	-6.591385263280254	-4.9812074421977455	-6.100582246170603	0.3484860858949479	9.05768933495285	-2.1208788932365503	-1.4023570273184396	-3.20941556074057	-1.7998969764977497	3.784360085298637	0.8447016622977302	-0.005124556771508272	-1.4742150286846563	0.051515961915483764	-3.6046810879284243	2.408766922315703	0.39646661047742404	-2.773034625903382	-1.8569647405875314	1.9877028649092547	-1.95399047521255	1.3261512743730293	-1.4073368414016927	-2.015548404749602	-1.5813541195155447	-1.6988639942705301	0.42158745233943934	1.5108806005779982	0.7236659502359166	-0.5284048018906036	-0.38572916771850535	-0.586966718158785	1.1768853966181707	1.1006503707681308	-0.9187507046486714	-1.198161685519339	-1.5702782784166887	0.961436733274353	-1.8350987734969273	-0.25445764966764206	0.7524113247009168	-1.3358357386748236	-0.467249168652459	0.7273601281186597	-0.25911453437166704	-0.6498456651451167	1.5867601685067925	0.6341385182338725	0.036588535718415804	-0.6438207296539449	3.1049713359890236	-1.7406345143298338	-0.7624645894153806	-0.6327417858270105	-0.26964777626380076	-1.0969655225526067	-0.08526496308161507	0.5505945377775415	-1.1638676111281014	-0.4045555122321873	-1.1047379336694871	1.8603435099093184	0.07997934289298231	-1.367760247376395	-0.9944848565677348	-0.733947354375228	-0.13171292213189942	-0.028213842768650913	1.8074351343602753	0.7157062713870758	-0.8390383944254933	-0.7083331002155502	0.6657723262736671	-0.8992883867752016	0.05113901221623116	0.11694636109712399	0.002632834802012001	1.2057987425620098	-0.28195910148527376	0.6762425696859937	0.43344918766998786	1.2575005507235728	-0.4042421997363121	0.12365692930401927	0.7513112923913655	-0.02639826219092445	0.4062716927507357	-0.21594146725563396	0.6786124808353459	0.9998306500633855	-0.8198306372889016
DTXSID8021642	1.8241930639763364	4.159133409462598	-1.6415958387720593	-2.1334989551342995	11.494393365761205	0.9094160911534984	0.19436486521840346	-3.1051626521199505	-0.46695954878228735	-4.063053691564048	-5.562318134575035	0.0406587038970249	-2.9439500210143685	2.694983673598234	-0.2816366851448153	2.2350645515825116	1.6118908307231787	1.8227425047170052	2.529346989350565	0.3723515002985182	2.0593654385306825	-0.319487301752844	-0.3915278231195655	-1.7996440972864947	1.1461715164721553	-0.44071034119897773	-2.2854231530966502	2.2179577145763454	-0.6799574246865537	-0.18082967708972128	0.26090526228076805	-2.0159626462749296	0.4653871674077592	-0.9134840553868289	0.21673005057995698	1.9458641031010828	-0.6711428908934671	0.7364957446632739	-0.8313657443462799	1.1941293297621598	0.19569917972776504	0.5890561565804182	-1.3260502617843248	0.3828824428899566	-1.190478179652619	-1.2709624667845454	1.1083309420453715	-0.7918915217181565	-0.10528155126260011	-1.15705026716337	-0.621434600144089	0.1914248714638091	-0.22243650624747438	0.4873543977335813	-0.41598252471480635	0.9798924395247536	-0.34944099948899454	-0.017618982974564414	-0.9371547287059263	0.25765054675998006	0.3040899486702129	-0.4113874154019282	0.40333447604042455	0.0679213536336776	0.3659799837914753	-0.5560306492465706	-1.2002472434690825	0.46315143734853453	-0.5826452946021705	-1.1656601007799556	0.38099652831820313	-0.03222779144914839	-0.4576114595065063	-0.2032931442042904	-0.7485875648832857	0.3877920662294854	0.5389723859894816	0.6402397889808424	-0.19944577691341805	0.08199793141897299	-0.1238093235040882	0.5233417867062323	-0.44325535175161546	-0.03212490989768049	0.560658047175399	0.46616621897921645	0.5283687789099295	-0.3363034370783995	0.20133179803694923	0.18175500125459756	-0.12786349429174343	-0.5471974511571951	-0.04559537448831374	-0.1584797254652444	0.7766846971334341	-0.0934645551932866	0.2726216401680959	0.06792546825405778	0.0783916510110087	-0.023322380074537085
DTXSID4025406	-4.072758736092562	2.923943600120372	-2.8961132832611685	-0.3078049972488871	2.334219695514662	0.7558459696290034	1.052699857360248	-2.315519109088186	1.148093398299221	-0.6515386607895675	0.9733338762736345	1.1910449286954126	0.34308184695569416	0.7743250428443328	0.11617860822409327	-0.18550909828168805	0.019382400187054147	1.0482331100306619	0.4424681597010954	0.7564794724397791	-0.37135334974794537	0.9599113361790467	-0.19188854112360862	-0.12217289003158666	0.758413665786122	0.2285435737962954	-0.026191872956038774	0.29249510902023	-0.21864301462066693	-0.09844184335788199	-0.0826002466639019	-0.13936549681956303	0.783762811339219	0.3315224944483385	0.048145769396239775	-0.3096510869357982	0.3064947886907584	0.15865412391544506	0.22603356332975671	-0.5017699122921624	0.03000847771623444	-0.758143333765548	-0.126319791773622	-0.20589659139956176	0.37056206893426197	-0.5214078063646714	0.12556205623802214	0.2502318241441364	0.3513666875084263	-0.25711408039815076	-0.10037678708951663	0.01987305631026349	-0.18935442731472696	-0.5485598405883061	-0.3850279308450845	0.14794590503890487	-0.4780985256414564	-0.609749401963766	-0.245239593325614	0.38512037782297687	0.26012284295065957	0.07423195063847352	-0.03015733880443855	-0.3207950400680855	-0.47492948155012743	-0.6311067616894963	-0.9183944254972961	-0.12021108682197879	-0.1227649886195245	0.23503914398696363	-0.4034272535861431	-0.20338952746166594	0.2919776273912385	0.2854229996977841	-0.005173581761518213	-0.16077767723953862	-0.1661275086420077	0.43715458360461273	-0.17737250848800398	-0.0747987772036238	-0.23450393581594056	0.15252536903019415	0.005206616529153485	0.1504119528673773	-0.005349685297880818	-0.021650502959689545	0.20006045739508616	-0.02062567102693416	0.04124806205517787	0.1854633640386593	0.31355960307383235	0.2100567414934703	-0.3341976398341828	-0.1614796324036857	-0.3293311409049436	-4.085163136586142e-05	0.07684951408425186	-0.08273985494461639	0.06742826327226098	0.3823125224906656
DTXSID9046524	-3.302322874077783	0.6606892939107433	-2.8141982136679418	-0.4600018578854193	-2.317629731797511	0.12604748123005133	3.5869955304499372	0.47247966786957624	0.7321018251777055	-1.486974545515772	-0.46712002128135827	-1.0434938030917151	1.4048266556588576	0.32356706038507393	-0.364498256891042	0.20997077874557804	0.08447898292765085	0.7946693987826933	0.4269328114505957	-1.173737335886623	0.44231042347751065	-0.23314201026417478	-2.0962713885691047	-0.8256813244670744	2.285346887147606	1.1604832022566773	2.094655275954534	0.30355124676849077	0.31507572311946686	-0.0976581797102782	-0.416634007200515	0.932210416170176	0.0749843034271069	-0.21865777784254178	0.7103602327686068	-0.2351633197246377	0.4385973232016306	1.272173210450819	-1.4610127153818016	0.2203863432085735	1.1030258982067407	0.0460487153587527	-2.3500359997314564	2.342462355088253	-0.09134973783678271	1.6374114502918449	-0.8021122565607086	2.48110289117874	0.779882392143658	1.0352803639919381	1.24056656118333	-0.6377239154132206	-0.5659536369602741	-2.555217450688234	-1.527854124404154	1.8264340474970657	0.06421698602540876	1.5285153175550623	-1.093475633860086	0.6045787529247646	-1.3721092671693966	0.45567570926029943	-1.4336389597169088	1.0004853835807825	-0.33189690218207524	-0.49686035547750057	-0.22031165043720932	0.9324280736281669	0.6126373632856471	0.6334558666500342	-0.9239503899942947	0.47562544553186964	-0.15250264638264138	-0.42898251519710456	0.0018546190669654697	-0.6247885344914693	-0.2772437032507034	0.5019107757797378	0.7272586952049771	-0.5100745999341332	-0.454079365867823	0.06785151524069176	-0.27684719289230464	-0.18863034920642024	-0.6488516381808315	0.03468020084408993	0.26208179655545777	-0.3497194857493704	-0.26479442526349767	0.05477793621683882	-0.03589084577594338	0.6141541160695897	-0.05196055935740854	0.5282237333659968	-0.558961322230121	-0.4845472785510437	-0.4722295802139022	-0.5373911312115085	-0.29863247205477866	0.34516261767941264
DTXSID2021600	-5.6862476869032355	2.9556198578219	-2.4933267644881174	1.9542171059550983	3.0915122179625065	-0.13936735528596633	0.5439441882682794	-1.587328762099595	-0.23490855154889198	-3.4991256340406522	-2.106512444644312	-1.3109030124555727	0.19649293914474905	4.261589663120196	0.12140172148338414	-0.8719402637564986	-0.7312627639523952	0.018519765492147375	3.0828728663867504	0.3990406440684151	0.48947094422002485	-0.011786062208260048	0.025350177043146294	-0.8475836868646013	-0.30742796743637263	0.25723846780951615	-0.08768584042608675	0.6936726458995762	-0.4833375487325124	-0.4566432122374551	0.7546521871994566	-0.4727557759931253	-0.4905635363564511	0.06180708082678875	-0.10342109497357181	0.8166246634079811	0.11784542505195264	1.6158248377309052	-0.7124332555414593	0.3262357989557724	0.20356591447754024	0.3412306192049793	-0.6103150408345329	-0.6171205309798871	0.19759243105106375	-0.47782869529008304	-0.09689277323284941	-0.6116742120435505	-0.00635509959968203	-0.6751221346863843	-1.0109057393992686	-0.7552056356550126	-0.08194657151288451	-0.4942775758506586	-0.7774261365198354	0.5959754867315135	0.1741379523491609	-0.6456193356975977	-0.6736512189734221	0.0036033410391120295	-0.002641066290999069	-0.8477669281753135	0.20102627538612444	0.45811171060492784	0.13342103207710576	0.20952190463101383	-0.8277142460147402	-0.02467809772088106	0.6536975521018796	-0.226340857291136	-0.07214152723732821	-0.667147367814583	-0.1530706555317347	-0.02824931676175171	-0.12438398477241856	0.5295670017139548	0.3182188222147993	0.2031830017161026	-0.05677906728962056	-0.019106543145477658	0.16119555167104316	0.012308692523278054	0.5321820979729085	-0.04506268136295246	0.2125722459631185	0.3794356193722959	0.2980542577541408	0.26672973017638973	-0.49294276296980283	0.007045579960587894	0.319824937298443	0.32549332997693614	0.1530949308056022	0.24044737571058802	0.14455392426393468	0.0910135653231059	0.018961256845516604	-0.25811105718447164	0.05849274512330633	0.1799428019979683
DTXSID6047448	-7.525910665985712	-0.332361862969881	-6.197785897345704	4.893663474711794	3.503748161709796	-0.30953684077365046	-4.541711931020876	0.9275692268552042	-0.17850124412411142	0.2844419741750357	2.0235700363040254	1.0779329862304592	2.772328177478052	-3.0826976590039803	1.228038722509702	2.533892608738714	-1.5600079567031844	-2.262255379386639	2.2757414971427403	3.1933466127591466	-1.6715163337966807	1.3393712287258188	-0.4826374306987062	-0.6730927827852599	1.6853009789160236	-2.0191617068447694	2.790814710463393	-0.061855026517618594	1.94283242768123	-1.9794499480317442	2.382459233586294	0.3217799280118085	-1.9007768310605153	-0.6449471826929861	1.088409432281611	2.28302885144811	0.03756842687692292	0.4496815807901391	-0.6201269406816593	-2.2537650799804387	1.2171141893497284	1.4530694527628538	-0.2645176126823519	1.3596329783280898	0.9701438149497159	-0.8506932790933432	1.349361669910441	0.23650997354079065	0.08407187972282111	0.9353916065023256	-1.2522556106282432	0.38044719592615883	-0.14142560387844547	0.30110400397779524	-0.5535863127017311	0.5545244451986708	1.926249524006276	-1.1769678336785905	-2.830451451662514	-1.142807195754782	1.902691289179546	-0.07076604683107722	-1.7082446154873743	-0.9883363777842838	1.690495744337322	-0.9657924856847478	0.3512084502943523	-0.46479156407431377	-0.9894385970021518	1.7743904734451998	-0.10914836952640651	0.17522024672451103	-0.20610023360045493	-0.047043385350849815	-0.8366357959998162	-0.5351373728379895	3.1844367391301036	-3.433534651398404	0.13619108831996946	1.830274447005549	-2.0083771752005752	-1.781364853108276	-0.8811302410438663	-0.9592035829099036	1.1354130908787707	0.9373065022089596	-1.7982623976328218	-0.25407940447202865	0.05772215236216394	0.13744543228675338	0.6557627505291215	-0.5977637799017015	0.4954365385102541	0.5567260820140598	0.5670231365362578	1.4526254510529228	0.4585062174132625	-1.2433778376159175	0.7207471372973036	0.6143282021961393
DTXSID5029762	6.017294931771352	-2.223591804856739	2.4936561796483434	2.7473909815222104	3.886683352853444	0.7319785899006817	0.5182300425830283	-2.378390820310658	-0.44353573496721665	-3.7092891858525565	-1.381598188554839	-2.1109123000602295	-0.47988030755690986	3.3593517146360425	-0.9952937502432591	0.23149829792967858	0.03331352031950412	0.4786182268209414	0.8995452967376496	0.010580758268677	1.0866930162712511	-0.47001169831337886	-0.2795032914627913	1.2183939697118817	0.8703298155934176	1.186958841877882	-0.17795333548590186	4.789719010130954	1.962475011460314	-0.4508740070581904	-0.6615072112735478	0.9950190248033935	-2.083890150949626	4.830335064208633	3.248082423750023	-0.08044659052231913	6.185898665073492	-1.302049674610704	-3.0423602726605177	0.03863807923428815	-1.4691483851736336	-2.9994097892123937	0.42771138315145185	3.3101035058742307	-0.7951636193724946	1.313517438053343	-0.9396768614906726	1.08637594204001	0.8779671160973722	-2.4822924830049167	2.4716976685956595	-0.5569356889284008	-1.299200324536064	2.2513309205898504	2.2917297159411225	-1.2313184964430408	0.9070740100893316	-1.9599493884000072	1.1728529580884113	-0.08365489992434634	-0.20768855020705723	0.9235010025956539	0.914431362392004	-0.8158415515936347	1.7637557081046071	-0.6187357212420085	0.2569981918875166	-0.6556459373721907	-0.037113712642515895	-0.35112979785502374	0.4712947395964497	-0.36332231317822294	0.45818356723704945	0.8209209250697583	0.5948703192139694	-0.5111959207888632	-0.19312541303775743	-0.4272606521710334	-0.3282480411975266	0.9491610467125385	0.23805486880150173	-0.5455302698433637	-0.37913202432864423	-0.3750700858967497	-0.3271660436877602	0.3767609075159213	1.166196902366022	-1.1424785514141953	-0.1425327334692579	0.4163283457757731	-0.2777630769570427	0.735366606279516	0.19315700340790176	0.2976121560685783	-0.6525586067963574	0.7218639503659291	-0.10233040934265861	0.07924101715438574	-0.1356380168453629	-0.2466159142119605
DTXSID4023672	4.827417472385479	-0.9740104818565559	-1.3255110799576284	-3.953419843265001	1.8764615867840764	0.9948246019554575	4.811542906710339	3.3802455287236044	-1.3709240478986873	1.5809120822633245	-1.078035977795746	-0.8639302185336982	2.1325134543740694	0.20379992612549122	0.9291094970366601	1.7207464497668914	2.0094550229039077	-7.067773028846072	0.43166178217985146	-2.351319116963591	-3.42311797052742	1.041965165162752	1.808268384648396	3.3377551380857784	1.520729765621776	-0.40587767532379954	3.2439807032813106	-3.1781256734274614	0.219417292626206	-1.1831179439210953	-0.7462094064180358	4.669997747935488	-1.9692769784595219	-1.549028877951747	-4.016338856414876	-0.5850621573096632	2.6870901306155233	-1.5136161027728476	0.823214106525549	-0.2466754862569484	-0.6111941880454235	1.3975403750618278	0.7723817854843174	2.686304506715819	2.425786867104172	1.8682465665689862	1.2489891348053002	-0.7935435058229902	-1.4024948422213914	-2.1291794829041972	-0.12603333707228245	0.11872510952765511	0.3653526040171644	3.479243858069976	-1.6044099107689354	1.2415352968538003	-0.6877347656761064	-1.7701487148241644	-2.051995772551412	2.6318440568118753	0.6013226832428779	-2.8521327555110036	1.4312305531055736	2.524268824268936	-0.22462803763260963	1.5464192518444035	-0.6729498390128965	-1.1287905993960692	0.9643771004242758	2.3362507963371244	0.48216041107679847	2.2890827712171915	1.0222231964227149	0.7487110050599882	-3.1780715959860957	1.5170163778643055	-0.7980913342149815	-0.7727771554629413	3.436813986257613	0.24257885213621444	-0.23871691772873097	1.6451644032656054	0.9987909637298669	-0.5134426994262592	-0.10494313184824172	1.1165689190110872	0.3273260180479452	1.3390882013352152	0.5049151439787316	-0.15327256194559538	-0.5126025184051015	-0.9714181040436541	-1.047762049320812	-0.07250900887979866	-1.5759753415397726	1.0592046044018868	-0.7967848826794203	-0.44002067273388734	-0.8241902830108662	-0.4849683441607566
DTXSID7041966	1.3847350583959213	-2.2581804517545074	-3.5720107919434994	-0.3367425128126886	1.202925421511999	-0.6073599675196468	-0.22093529364716205	1.2860321969451216	0.9340946995360503	-1.1495953477076801	-0.2834937077428221	-1.0321141641063964	-2.5650659589468554	-4.043986873686198	-2.8810590740037454	-5.580395163642669	-1.1549907617765816	-0.04008585498405658	0.3438708855293803	-1.5919774625867922	2.565766748865855	5.645304611295338	3.5846189550030765	-0.604096387244573	3.1056117098225346	-2.5217337360070133	0.6587465953946811	-0.7865496695266807	-3.6936019285760073	-0.6545808737503894	1.241115529767053	3.462556867248512	-2.6702433147878053	1.46862801141223	0.2525621350872416	0.8562085019285058	-0.22044703894803738	-1.254361205383673	2.3221488411770146	2.4347240269043144	-0.10750523339412268	2.3412396067026195	-0.9140397184155808	-0.2794210988457097	-0.2686781454840453	-1.2086880293618802	-1.8533302069993822	-0.18672780556015836	-2.260373866529581	-0.22070863133004157	2.3113610116159524	0.7930096393998811	-0.5858960635455958	1.9223304626671436	1.3399647728870139	-0.6798207453316863	-0.7105959034317051	1.2969373965296056	-2.627744655648001	-0.9417859316928187	2.6243220351290684	2.8859976451569196	1.15513938400733	0.8583620161974015	1.99550611868279	1.635230203273151	1.1159990318988489	-2.440433652249694	2.4153535566690425	-0.350399215231496	-2.355666370996269	-3.2165795708211036	-4.058389757580753	5.333246156832922	-2.240367166709709	-3.039766117588388	1.7403722879135268	3.0617116632081633	0.7850604318749034	0.414314466401477	-0.5571482034305251	0.048463190881898516	0.5342131809993009	2.3987242810193554	-3.680052580757262	-3.8436476308833054	-0.7661114399507675	-2.8819903509552507	0.8293793014331706	-1.4060067084475742	0.5346720077494825	-1.084746757626841	0.7486152311311473	-1.1690148301539087	0.5034465975522349	-0.5956777470968123	-0.4950880793406561	-1.528183164325619	0.29335337992418486	-0.04273383874558114
DTXSID8045852	0.6185939292442632	-2.6610620459005756	-4.979412201206149	2.4859393633223057	-0.9519532875775204	0.2039932392250357	0.7710093576046422	2.9325521155053025	0.11031463208818994	-3.314274435342448	-0.8593493375583408	-1.5062349032355113	0.5750526885945743	-1.3675108307904171	0.17744065734344608	1.348752777354931	-1.9823321056929604	2.8671438379512617	0.40206250632207974	0.47196238552050246	0.06734547074713676	-0.978189209046312	-2.5875533472103673	-2.6760207490474093	1.483889157466763	1.0914757178279944	0.6943586037293388	-2.050231593274466	1.9063164250678408	-0.4404195346102877	-1.8579262631819313	2.756960527319359	5.08051877726315	-0.4812451913867825	3.3314620720237422	2.897226848342398	2.5327427007805743	0.8802163338800734	0.4208312428216766	1.7954287477158701	0.6223045870948173	1.4713110468247148	-3.2591244116812854	1.8611667863598027	-0.6425293263731395	1.4392817731780434	-1.249057382075897	2.268555753573076	1.5457392417646958	1.6878040047634104	-0.09592037276752315	-0.2933019577710248	-0.6258832814972274	-2.468376805026518	-2.322789487259492	1.0913133571935303	-0.23793478925292616	1.598179922605299	-1.1673616123815709	0.29643367119854486	-0.5129573528287512	0.9540566367536873	-1.0053704276825992	0.09702989537292676	-0.09275697082503495	-0.7706130569552362	0.8283876950588328	0.5681792007899299	1.0682371121742769	1.9529720391011316	-0.379448506164456	1.479586980553684	-1.1539145901542183	0.5101704683824461	-0.5266610662178041	-0.1735196701872945	-0.8825744481448271	0.48655195068846097	0.7048363806167465	0.42060126271856885	1.207888681597482	-0.0034690402027021798	-1.1484781125532033	0.019343650941677205	0.22082717482368588	0.904987641172529	-1.3065709928906963	1.3422334914916119	0.9323010549054183	0.3952604100714485	-0.8485264089771134	0.48212292340364654	0.5784699601818423	0.6201050381773865	-0.6119014729133577	-0.7507453789037313	-1.3787907344771302	-0.8081654129468643	-0.1466081880200601	0.45781214308134166
DTXSID4057683	3.8812412240243606	0.7402583479590854	-2.0575316127243215	-0.3085717437459196	-2.7446115803750257	1.455267792848758	0.13165942947691134	0.7752005853782201	-1.0369948880367796	-2.123621755643808	-0.9832607792707816	-1.6170948128552252	-4.0482842588175325	-2.963412168609412	-3.0794181803434935	-3.0762319141619705	-2.067815293724567	3.5244661331729423	0.733187778344503	-0.46873662852175607	2.0388882809432194	6.029737696429126	3.0550912740080274	-1.3409488285469486	3.178661081736472	-2.0061271523870263	1.2636054863524686	-1.8662590291256977	-2.272418309319398	-0.7767935721490458	1.8250521497333259	2.911075606562787	-2.0950466910488013	0.6533021643035336	0.6674616449187333	0.2845697898211008	1.2021954885143518	-0.1819777338176605	1.4217163828239263	1.1878264143101385	-0.09446966969116158	1.2221447579964746	-0.2536210711405452	-0.42831723798491644	-0.5652615789917896	-1.8545714558869333	-0.4736109903252751	-0.35368084801859756	-1.5383121131299435	-0.09856834045028479	0.4955588979487975	-1.3129797232255827	-0.5798475791772433	2.375056667269675	1.6039016371973598	0.3319369147881137	0.6057890938861553	0.21543574766303483	-3.0842799547012225	-1.3812388373460431	2.484037366055451	2.7395105907384503	-0.9207674681147179	0.7279005906021443	0.5949453134562304	1.5140207286518959	0.03728975854233179	-2.1778845791746235	2.6836623427454915	-0.3797507846522389	-1.281046629851313	-3.9302653734793105	-5.481460500950959	4.964376171463396	-3.1576381735905246	-2.6882882468430056	1.663481105756198	3.205538429998308	1.386877791713088	-0.8263474294975194	0.14104817182803342	0.34154747635719424	0.2793343631939482	2.3602091613181324	-3.1533778653015463	-4.173717403006152	-1.1353064851684402	-2.4819316744610425	0.5493422717369123	-1.9015206950549834	0.8419691167119322	-0.6982319181241644	0.4678802458215298	-0.35927686689708976	0.9783967485791428	-0.31513746562993433	-0.8479618856800651	-1.284985556372682	-1.2498689460284218	-0.8877226615637254
DTXSID7049003	3.4583058106484836	-1.1646821100801699	-2.050649041954468	1.0758486231314277	2.559845849095637	-0.07110318792156321	0.16936296553624833	0.8007051122033895	1.4906262246163633	-0.7084291952235924	3.132353693026104	0.7030724739584697	0.7580794097448158	0.5296968548383055	0.5780343212155286	-0.06193084107312956	1.709665334641286	0.5504903481056547	-0.83152888850911	-1.2511079817934352	-1.4117612508455506	0.7750277191547412	-0.7159906042414377	1.0609588752183234	0.32147800663248527	0.570466602035273	-1.0480916351363718	-1.1853123493278201	-0.6195991365999948	-0.3976295402309216	1.6342888795854176	-0.7916427656106537	0.40303372333900456	0.06537986179097943	-0.0031605271987283187	0.3393389069176091	0.2557982472567723	0.003265717143885454	-0.17340507576771702	-0.4727236889265923	0.47372347392501957	-0.9874206451990308	-0.6105013240864808	0.24372334471924434	0.03592286857830665	-0.03815053388551601	-0.46316377538868464	-1.237628880326452	-0.17528038370020635	-0.04705538613477824	-0.5149753563017723	-0.16060887920997668	-1.5670030584253676	-0.08428464373336604	-1.021539205454261	-0.3563664575153523	-1.1577833876469554	0.14329799173913185	0.35285579201726724	-0.2752038188151074	-0.5584626264140644	-0.48962836153639944	1.0380258460269451	-0.005746597767996423	1.0536786722522318	0.5619269907468329	0.2817891152254759	-0.8383208140792513	0.1873042945458749	1.1676013988510283	-0.6688406553258887	0.021391396964243886	0.19068274054960183	0.3974326121857401	-1.2168848530803904	0.7280636833801729	-0.31721384710703837	0.26546327862088087	-1.2243379318227565	-0.34229807259326533	0.46560618869975295	-1.1969588114910752	-0.09748020623837923	-0.8297357600691676	-0.46013925125031485	-0.7575248197881702	-0.5799838282887687	1.033950889014746	-0.6564865759226662	-0.1449163647071047	0.9753032550900195	-0.09044284895787272	0.024524417217946144	0.7330661529704813	-0.36197686543097046	-1.0138987000489599	-0.008045970132527504	0.2079023883763963	0.5845063241554772	0.48301462836875386
DTXSID0020315	-7.438006510085084	0.743569813946623	-4.611566000980779	0.9434130248856379	-1.3274378536738027	-1.5410212845823068	-1.8995144722228146	-1.1838192431450067	0.46718765792107847	2.370368457679946	-2.7084030414473728	-0.4088485610509052	-0.4428389754178287	1.0017511597529882	0.6339937047341043	-0.4713853731225238	0.0386450451704291	-0.3762673037558369	-0.33045020104944023	0.8830060995768981	-0.4065839477929545	-0.5551968296981896	-0.39848859778929535	0.3150605170690729	-0.9750380887013043	0.6615382002673869	-0.360716163887312	-0.928203915943905	-0.5053766367764613	-1.2552057904088538	0.9399514087281077	0.7503488780890738	-0.13496732530894207	0.23939539992874054	-0.1857639808412619	0.3857585376072509	0.5762276089983498	0.26193846026028444	-0.016627907342481145	0.008337981538162162	-0.6191320132049648	1.0695766128882895	0.36062954504632166	-0.6892366561448944	0.21342998647930708	0.18905819145125	-0.4136109253368189	0.27904624347262985	-0.02089028889046335	-0.15165612463192985	0.21053023627510056	0.019233286251206662	-0.03365217480237509	-0.1282926118766918	0.14656297396089887	0.2113545442263829	-0.07589189942456455	-0.26604151823363287	-0.33416315487480874	-0.2563310823137205	0.7294832537966875	-0.24556454093397673	-0.840276850222289	-0.3411700582537524	0.9742332175635058	-1.006911333991667	-0.4729002054386268	1.2278103584884064	1.0307308898665095	0.08530360987526496	-0.47319195817793464	-0.3572424843584867	0.6467615729560757	-1.3873259660889652	-0.665630987622369	-0.3879869531819396	-1.1233148878652828	-0.2609348503928056	-0.6364159932967407	0.10285593311299655	0.47022884422861044	-0.6345580454723517	0.1371683214299173	1.1909116711080305	-0.19612258645803773	0.1439683940181206	-1.040001774641735	-0.22974871781085252	0.3554576577117056	-1.0710791555711763	0.24439469080789009	1.1781906684262224	-1.138580531923911	-0.6133259598806813	-0.3997250706639904	0.5170807097922071	1.268093692562597	-1.0900555277114101	-0.2986238474383567	-0.5915585470935257
DTXSID2023480	7.825868823565659	-1.3610510204753206	0.3641956461405116	-1.4734702802820798	3.1028227123281957	2.830423856094301	3.295357636338447	-0.7098375599673837	-0.4422338508352945	0.25092589470817095	0.344918026987631	-0.32294502513040607	2.794902532319203	0.5163861196002713	0.31815221595873866	3.6676485123540017	0.20600825791922855	-4.624283744514631	-1.0876348151453625	-1.5475851265331508	-3.8764623039583057	2.9153482713921908	2.6987751801819675	4.335653898564402	-0.1458188707410089	-0.9647656023660907	2.5400606162662975	-2.238354308848427	0.1624697270633769	0.08521052792293295	-2.018123911580064	4.418862024142317	-1.3046425753815833	-0.40947927844527027	-3.5684280592729727	-0.3025452007268312	3.240374253223944	0.5029955587491726	2.464225996206151	-1.2151749402785146	-0.3486111434104183	0.09614601791948378	0.22398118867251537	0.42576160059637824	3.1262188459719145	1.9933102874947815	1.1668584173653613	0.5075329967813769	1.5093758010011016	-1.7746014223281668	-0.8338349118992039	0.47849836002987606	0.718037727775481	4.404864060082776	-1.846791795209176	1.5038550912941233	0.3886133538712419	-0.5142781060316349	-2.1852102619259073	0.8256888700889438	1.6826935158747203	-2.0023043681729433	1.1373769650152468	2.939209546270529	-1.736075631368087	1.3383064728180822	0.0510327115616302	-0.36428964594809815	1.358508965938236	2.393319211043773	-0.15938822563206312	1.432185562726965	0.24038046095498183	-0.07827309086304139	-2.510307066004378	-0.3060855296495643	0.004846074404807478	-2.229935183682267	2.473674861935437	0.7359677450803236	0.0950751695851813	0.5668972011948584	0.4496765686324586	-1.217883137955501	-0.5875887349703063	1.3661965165570584	-0.5684237010649446	0.6274873402243354	-0.43943920676006043	0.3242071877731696	0.05253476417761712	-0.6226884130454974	-0.4688414951956185	-0.020706134668086303	0.9733319016102508	0.47641686861405297	0.16377696538262232	0.1381672073562506	-1.5398572305683826	-0.10290023911766444
DTXSID0052621	-4.447351445459036	0.17191275792483346	0.7511790021515505	0.13505362654239	0.6182884637494829	0.834258984798351	0.8517602255082364	-0.16899917856765714	1.3201432011838168	0.7226785058094969	2.981378565306213	1.2585616878068335	0.7318585777150484	0.6232471565404324	0.5473894022965272	-0.4167632860497195	1.940918218086525	-1.6991928162421426	1.138483269917198	-0.9086076324398197	-0.009466316604703446	-0.3057063612807365	1.1908110270151173	-1.0769241961908602	0.6908161737210323	1.686844532828752	-0.03838079952256178	-0.20245238227673107	-1.115450805639085	0.1877339544749487	0.8184755771255371	1.4160783496017781	-0.06921483503759737	-0.8997571297198865	0.6917896056095127	0.9578313703194639	-0.5666095265616108	0.12981054510992474	-0.3631951160349042	-0.498354331270414	0.44427987816483183	0.2943034508867794	-0.005267815830615783	0.4326907583357084	0.16396702996032975	-0.3677436600853601	-0.09084759372795813	-0.4752378812087827	-0.4738852647806554	-0.8004903902953435	0.474422181293392	-0.8647445190270251	-1.2025829622757218	-0.44745661011953053	0.7177545057039953	-1.9586344161407836	1.4824332794022979	0.2815053482019833	0.5861100038027356	-0.5271904949402777	0.03119175095007441	-0.1868040642995512	-0.1786520895559124	2.2205796313833344	-0.10017592258552627	0.1541884895544002	0.274866294733145	0.6393646452842782	0.24211590327361146	-0.6774481057177206	-0.27364273391324206	0.11950006306273844	0.33099659361384515	-0.24939672789858813	-0.38789017843171286	0.4884196383600562	0.7696081281460225	-0.842391333310148	0.1176660960284985	-0.047751648954901235	0.8213983175452153	0.05925490847430812	0.03636463457714786	0.01490271318817262	0.2633057604745398	0.02802901997604461	0.20100589093773596	-0.1910700825395627	-0.030587949210171543	-0.7009309142685577	-0.2946779861881171	-0.025893719157833388	-0.013301223446480846	0.15515574597061557	-0.10118340436023601	0.23156934643087393	0.22104220285569065	0.27010598837090216	0.01520000311635217	-0.03804098768987182
DTXSID1037272	-2.758377986745429	0.5776912930127236	1.7607410393830716	-1.1999382559776786	-1.8207553873968663	0.9445184635634918	0.6898350222903663	3.716408603853578	0.5171781219810512	-0.35615072030227596	-1.515154201115374	0.36292444926228445	0.5699030570214579	0.6022892368614987	-1.048798817450025	-0.3159826892373972	-0.6211633573102577	0.708737854580223	1.143495210806626	-0.1727181762645746	0.5013266466273205	0.6370379199199514	-1.5643675349799202	-1.4009651690281095	2.973287384534807	0.954112296653374	1.4608376267182606	-0.25716828853471235	-0.8642692414553984	-0.8866289697356399	-1.848582235866455	0.019481918784557996	-0.42198290340759687	-1.637368994154111	-0.9209348514958358	-0.039045021256107815	-0.2308502174943505	1.2346309274956893	-1.6596468925560015	1.082224820376362	0.6540571652848488	-0.5329124763518647	-2.2127262635484595	2.5852673187496236	-0.7325250234597473	1.5522387690019204	-1.6755044235405345	2.4934037437166685	1.3703053780484313	1.1020650419270026	0.5924464500550434	-0.17476263116337207	-0.9793117904431711	-1.5000201039553507	-0.5034014569562374	2.2061175506306197	0.3953591876578493	0.3715976684566912	0.002344391973139085	1.2533677706479582	-1.13280549883882	0.7264040003893473	0.11178384225010894	0.2654316982853862	-0.5905167145669138	-0.26486141464779506	-0.4224246378172619	0.5525158010944945	-0.07554632336224562	1.0998576885891538	0.9010174351631641	-0.18498786437858403	-1.0297240081225967	0.4017986653669439	-0.06651482264477616	-0.8250024377361117	-1.287191454038844	-0.355767656675391	0.9095930091334847	0.5344132513417913	0.3349693857664486	0.44971268784891766	0.28023477545521486	-0.5731533711313281	0.15921121630373591	0.9365656945007063	-0.33942063420046575	0.3311712214485854	0.12378341263381579	-0.6221898692260796	-0.5314356651034813	0.7052872153636383	0.07696644037893594	-0.5315748823230814	0.012505234780377118	-0.7983057742213324	0.4642458971731966	-0.18829457093020902	-0.2858961017820548	0.3448205727221216
DTXSID6020802	-6.879646473006079	-3.031920354044036	-2.312572451596518	3.6582000138043096	-1.3157406858836442	2.220954354589481	-0.6956516952590713	10.162902743454861	0.216613300342826	-2.455206889703396	-2.0672790553028384	4.511669601157133	-0.7938273715082923	1.7483001711790789	-3.732082659487884	3.202431299195482	-0.9689802297476079	0.15562732033716462	-0.8123255402419178	2.1030095442497383	-0.16195809084047635	-0.9640305487534685	-0.5937596792007722	-1.7635255732169106	-0.021391924608513364	-2.401893614131698	1.971968748848911	0.7126760594485667	-1.1086590779962724	-1.6808968345068662	-1.4353068001218756	0.3911189104715844	-1.1469348033132443	0.30557755185111535	-0.5999555429991141	-0.7710477764445167	0.4376552210624326	-1.209610340575625	1.1753696757018195	-0.42085215936468606	-0.9926084385914968	0.3970698950846826	1.5641249592946307	-0.5648680032631705	-0.29801613000692934	-0.3513742921547854	-0.4810103455043428	1.6957195918003265	1.2673299328236631	0.4485367649649104	-0.37979008917336854	0.6139544047145332	0.6367297063635149	0.4284572284313857	0.8705941132637112	-0.6718350858194063	-0.23654731757917424	0.7511547654348789	0.19773298875270195	0.2700965958322903	0.9937386015875326	0.22566869367989212	0.12378779836825136	-1.0811801662455505	-1.635775685217323	-0.9790063164050283	-1.446431458042849	1.1312878325682572	0.10217967576675481	0.01838744650845899	0.4492478901434455	-0.6162214808788343	-0.1844460978894142	-0.3250578889767081	-0.7023786107096722	-0.34330732807674175	-0.057935741493982354	-0.07412619497592855	-0.06859382577810168	-0.9286979123875931	-0.8327464472483965	-0.12519840308758037	-0.4741147786457555	0.09001102257189672	0.4697847649790218	-0.18536437394268573	0.28471355605692333	-0.09503947640143634	0.011420807596452042	-0.23714038524294595	-0.10867933591997357	0.0017473875624307508	0.22236769439508014	0.10639259746457017	1.17557317636693	-0.21658745477238747	-0.5546161489748254	0.4573356240286612	0.844361702469887	-0.4546007180248376
DTXSID7026994	-1.2668462727309302	3.6755447648000334	1.6220523435911443	-4.281052674346881	6.7809980868840185	1.3496281463738617	0.5529311514719742	-2.500570716407747	0.12275828090420215	-0.8537263001012494	-3.544568597942405	1.5458925526622747	-1.0734618253837482	-1.5672696069172871	-0.05171854671955226	1.3005560383659938	1.1744150261171276	1.6592172303613517	0.23551704032504248	0.17722436156911453	0.9484383341299335	0.20166841364119303	-0.1401439556989819	-0.7954489878364055	0.71903510549675	-0.1614962001686995	-1.5474888174050585	0.8533003504555012	-0.2865188219135218	0.26109666154592515	-0.04941130243539088	-1.44376804873747	0.7999947658659341	-0.9048689024177888	0.06271742164816202	0.8230339566454975	-0.8741325593511257	-0.39250666502942333	-0.07764929501172789	0.825869652062757	-0.10230778204319853	-0.2531658489028485	-0.8443779333779434	1.4156178059073412	-0.5915205784426085	-0.6405391745575645	0.9440537827955443	-0.3644066563734941	0.4308401518943971	-0.8385859095176782	0.2012595592042929	0.810683027680585	-0.20283420140874728	0.862356217696506	0.37850087403439775	0.7493373367827791	-0.7618040311411118	0.45715743406381276	-0.2843011237683705	0.22873605234651617	0.06672826439234658	0.9752542762338703	0.3852406146772052	0.02638965080999339	-0.13571127113242354	-1.0624230179736907	-0.309220269932704	0.1543974986746978	-0.8833227557267845	-0.9944813627380253	0.8820048258499371	0.36186717397264195	-0.21799134025851077	0.35882983836036386	-0.588471791262299	0.26375510318970685	0.23972676818579486	0.1686132371034982	-0.5078289195768089	0.07330105240276973	-0.011908913354665597	-0.3316358640034346	-0.23533880664389803	0.13003661067316571	0.4815703823077687	0.17767952425235356	0.02626470173517977	-0.037758101837068306	0.5886903375169488	0.23279415604546244	-0.15227109883267953	-0.6008034056742023	-0.6247815760923906	0.0017150848592442976	0.3960435007986749	0.2147731028319545	-0.2387257861025837	0.43632740860420177	0.2056204077132112	-0.14819427592965645
DTXSID6026080	-4.170244314904446	-1.63025263341576	0.7460855472652189	5.6167846290637335	2.4605716147685555	-0.8210146111778209	-0.4854496889079221	-3.00762222498005	-2.2500831344073275	-5.640859373419486	-3.0323433246039544	-3.5947899410081345	0.9365449953649988	6.902097324179887	-2.0289340593137433	-1.04282468434655	-1.1509523886824673	-1.0665741301521845	4.1351066383197095	2.90988443951456	1.903433741010165	-0.1038251733515762	2.8777935380502178	0.10892214688500274	-1.4731354369002192	-0.0061421646655642525	-2.393530034950187	5.682175889665051	4.112106816128398	-2.57813279217605	0.9714056335966912	0.8332088693338656	-5.17548210659595	8.299911803808671	4.78232536363366	1.2435388769121556	12.637500598699623	-2.7639021693114945	-5.678210938242517	-1.9382412855307956	-1.9006515295962993	-4.4904061318293	0.3320585454871807	6.892999285116566	-2.341035961298139	1.9594777928131895	-4.2254373069517905	2.718577490192665	2.592358973423301	-3.5598712338713954	3.953558909568195	-0.3238956845932319	-4.5335073400392805	4.684474214330031	5.777878572833495	-3.598996674483709	1.9608843868863863	-1.6349546690180794	-0.17352691295420716	0.22707524138743382	0.10466503731977751	2.5091663817943135	2.2589741548461197	-1.4530379781105636	2.7062845417114434	0.6979306706959671	1.467619332070503	-1.5648019210104007	-1.6416924440873375	1.9682750893079146	-1.5497510709338032	1.0332163105092729	0.23527850426498864	-0.07942939768266129	0.569823914811188	1.3133479635046188	-1.80333183535316	-0.3946000717055482	0.417926858752468	0.3432904650102981	-0.7562692917055348	-0.5737110536017956	-0.09805205636651503	0.3411359182909568	0.1587564536838209	1.5901384223502915	0.9597251013311306	-0.5673706610583136	0.4378285724981972	-0.34705800303917744	-0.9595556126850037	-0.2917055020751189	-0.18854314897788574	0.722531727191605	-1.3378877333185037	1.5551484505706161	1.3688724980577638	0.7421223579494222	-0.11734612600863513	-0.33864497557504936
DTXSID0042169	0.6126941116776046	2.8747693866854185	-3.5101658179585824	-1.403920655835922	8.091996429498622	-0.09062641073261393	-2.110139893903729	-2.6014511491734913	1.4730258108170073	-0.6026198193107952	-2.6219276561788263	0.8378384412153702	-1.9491371669676818	-3.658517915599206	-2.6708957204722545	4.95716162021192	-1.8222669258106152	2.010625738586263	4.288671928905335	-1.4518057706683296	1.4579403468373335	-1.3273905233336984	-0.33638003276844924	-0.8953907956391718	1.2214711318531326	-0.5651543302485219	-1.0131461034347753	-0.3575740219095151	-0.9934591885765817	-1.1827736715036645	-0.44725335823409346	-1.0441036214269652	2.3254270222510733	0.35658339452634147	-0.508737822793154	-1.57176983861163	0.28616488699456055	0.47430853262705736	-0.6061369916185048	0.6012343493344368	-1.1652802815219832	-2.1375429112818316	-0.4454999370529768	-0.05877287764517386	-1.3349173398063825	-1.4523298851960644	0.13761992141919277	-0.277916496258337	-0.5517024358441529	-0.2308047867896216	-0.0967858040305801	-1.1320221677264417	-0.2618251058031	0.3095984347176175	-0.5927278642292613	-0.29893868967746035	0.07635501317347292	-0.30595679679539955	0.18406008920466146	0.26696183312414606	-0.0791676731082775	0.23633362842808228	0.42898999242576374	1.0721739944290918	-0.14245012146494265	-0.2136573137648573	-0.2751502283497957	-0.10128842308952384	0.3475535435694499	-0.9598274981286407	0.6510636411357031	0.04730872784333702	0.42725057667209143	-0.7231977022791406	-0.21659852519475598	-0.4178923703759003	-0.5700980829767447	0.2540847105122397	0.16001126079523015	-0.3821835736160103	-0.7375340358183725	-0.03530482254310542	-0.580918712286096	0.7927839494451173	-0.0258454097179734	0.22304414642708237	-0.07886733191141325	0.3910412470373732	-0.18064643524316037	0.1047130965543204	-0.46019750981939456	-0.5403232953358991	0.031031198095890482	0.34238575110376585	0.46824979717763854	0.1104829131498082	0.03548979278072281	0.37544150463088233	-0.8461270450860212	0.09009526842480281
DTXSID5045386	-5.1353923375872705	4.186653350785828	-2.403546083594589	-0.4657108810002373	0.2399098352267368	0.973325095548668	2.1598405294477723	1.0855440963869505	-2.9860589646347817	0.83596666541652	-1.2786415433297704	-0.5264062021479161	-0.38385095133969593	-0.39037596864667085	-0.1864410468318353	1.772299751231964	-1.6777514746842717	-1.685631042086105	0.6611611514743254	0.8826825200261232	-2.665232653500421	0.2846333265466476	0.2687681854647912	0.6518164307002315	-0.5719846955517949	1.2326078326360852	-0.46840314166523056	0.1305876157108586	-0.9439481047451488	-1.6298072297806754	0.9425514448988987	1.2752396180987446	-0.361818499649602	-0.08641566668792788	-0.9689076623654744	0.3771449800382193	1.0598640216639512	-0.36698049827278134	0.010886657466265335	-0.6901007775512555	0.13880327316576643	1.0301323627261303	0.00793212922222713	0.16798093695125532	0.5379682707431739	0.47012146972676366	0.7375436586183501	-0.024452442526753524	-0.36529141095145934	-0.033871501494416575	-1.2063393882882822	0.38825552499065974	-0.6968439371839293	-0.26970762229565426	-1.1409403747981548	-0.9348977763867546	-2.2041542074910274	-1.6156449794653358	-1.710186316662024	1.0902249492305611	0.5320215967510717	1.0072399234268576	-0.19159431253349285	2.6232902750215046	1.799510442251892	-1.6190149028832819	-0.0008577485547359273	-1.271282728586631	-1.2666841421045278	0.021599436667833847	0.42330129578915365	0.012277245684655679	-0.39530231030265867	0.08194965830355488	-0.21064205942320413	0.7788288821627507	-0.6315084911612274	-0.12234230414193716	0.6136468196764736	0.654063786669448	0.8750433863761089	0.588400546915104	0.9174553303509931	-0.389136318906908	-0.1298330131367874	-0.18936807761465319	0.1385937639650368	0.8159711912574248	-1.310031979243867	0.45219484194125664	0.14705073489094145	0.38393410755708285	-0.3111658904685985	0.08145633371951372	-0.3617531444203354	-0.515168750705838	0.26906278306110537	0.18155065369835033	-0.507816629333052	-0.5047230285466524
DTXSID6047070	-5.720571146610395	2.149594295273927	-0.4773809892904071	-0.9345741833419825	-0.26880143315113275	0.18958856648280206	1.6034777768320838	1.482404368671775	0.8835440533027619	-1.3320185922451864	-1.028632200603099	1.7438384997547978	-0.03485878798308464	-0.6915663132165984	-1.2346553985622437	-0.6771099512689912	-1.4632446210555277	1.3932669839886653	-0.9551498172296818	0.4508841752521653	-1.0741763462824376	-1.1797760701374984	0.0034197585704367752	-0.8119194668728156	-1.248874860914686	0.42750040526299876	1.1485045046327524	-1.5822990983528236	1.5034383402044116	-4.62265250276201	1.352148541657374	0.7624835825976414	-0.43775827174252036	1.0729211312612128	-0.3761818364793549	0.790591600211155	-1.3249824817517126	0.5953538517512531	-3.0078543122174013	-0.111524190606279	-0.6530389724809149	0.433473230218488	0.13277129411950744	0.4112815000298538	1.281302511475834	2.0750932151066848	-0.6655920391858339	-0.12066385377177061	-0.14394264590996841	-0.1921861967500469	0.18761592214571743	1.5237885308424954	-0.6625467892917963	-0.5785664577570555	-0.47202531997065944	-0.14023696219749462	0.9828931648531055	0.9900328364043096	0.6209359586165912	0.2424694406309013	0.9285539909225338	-1.8504015000493979	-1.3285253460413822	-0.4590503309417122	0.4999821552968906	-0.6946886303545237	0.7594571911192541	0.40376639908817175	-0.08923347893616088	0.1988711963714982	0.11837583653876806	0.6914358131388916	-1.2219607333890137	-1.3219747529792139	-0.26657804419849984	0.9604647563699976	0.036068630518795726	-0.773082765770667	0.2609824050983032	-0.3083468175261626	-0.19481772935806582	-0.17726244896491553	-0.09638098272881011	1.2307719151354193	0.7486590479010853	0.281897037542486	1.3451593820066543	-0.47976369408639424	0.8921350861010494	-0.07731397174774796	-0.12898925763583535	-0.4284414133435365	-1.1663282262736632	-0.6893365120043672	0.06880889612282437	0.49588715694811325	0.29111569351515726	-0.24471361952612028	-0.315533870321341	-0.2439681253839319
DTXSID9047887	-2.4357495062865895	0.6570188373244955	-0.07837619171341781	1.4392032561229096	1.318845995466363	-0.2654998866041352	1.1257786482811907	-2.2253599765783467	0.481650149252619	-0.6294505845829108	1.8568045224107477	0.45718368253289876	-0.6578527680439685	0.5288758896392916	0.013279662239604948	0.003722191835777282	0.6984861033372086	0.5283388076657172	0.10836243283030764	0.4863142844601585	-0.29749854822384847	0.9939176709613902	0.015112452232012656	0.2752985473613362	0.7997903672319753	0.0604441875585541	-0.12247061385280086	0.27986917311128223	-0.10521744589756096	-0.3490061798525803	-0.35049241943593856	0.10908124289052544	0.863654080803261	0.22090537066437457	-0.021711144594407646	-0.8757511259340391	0.19450092634452562	0.11565954701494743	0.26587456025897044	-0.4219430569998913	0.0338129738365301	-0.8469928658368302	-0.035289241097915695	-0.26866326770930343	0.45199440332049323	-0.5559640337606784	0.017488250759690484	-0.11183809139480949	0.10244198209345141	0.4152508862587139	-0.2173057070226921	-0.3301765158485013	-0.024603507604380043	-0.3435378049129598	-0.2797997998579648	0.8096861894454936	-0.27846110493032905	0.10322873742972141	0.036778146520657334	0.3390349970209936	0.37337286562106986	0.5050041083845267	0.23440418000739746	-0.32411261348274983	-0.38160056356421584	-0.4668104709727014	-0.5590671267709199	-0.4654227637819675	-0.037930416943219664	-0.07544981823436463	-0.2343728546056793	0.010167052034652794	0.21386880771404634	-0.11669265706924899	0.3020866850300888	-0.15469676309022493	-0.24840735386346507	-0.2626973635306281	0.2618648768459788	0.1854324424214895	-0.08178235026630132	-0.04204879777749766	0.08440462395127435	0.2688164969572405	-0.23677444603335182	0.056005009723670424	0.07105138334417413	0.011369830747615288	0.0720814712116925	0.1646771521165381	0.35891938800275636	0.18677382068359694	0.43388406064350427	0.004600161000973801	-0.11694628996528007	0.06960697957697004	-0.06741717624988655	-0.23252556962451826	-0.21173357910312474	0.0010157853679386168
DTXSID8047925	-2.9171621417812856	1.6238802839178563	-2.067999611059508	-1.9484877235524583	1.6834936928866695	-1.4195815513310803	1.8002361137717484	1.227286953592518	1.2074616975825805	-2.950858853232061	-1.1227642753348916	0.874448918725876	2.3565690241825075	-2.0921767811209455	-0.2835805080009343	0.5322399155877607	0.7059601538800702	0.3863075127659986	1.0884986599263462	2.2615752054421567	-0.30614969364888217	1.7309823402157978	-1.090635623017946	-0.5416113661181718	0.84829452089398	-0.6187181308228209	0.1444850689634662	-1.6707569515439147	0.7429964018380822	0.2561758660537956	-0.7045762187941175	1.9433941670366206	0.05937832363916879	3.343050726568757	1.782004610381202	-1.682804682493244	-4.893189994566483	5.473055562456859	0.08957896583041192	-3.71606051307048	-4.905897265930531	4.998565286037124	5.78980025110973	9.814802206053429	-0.5232250316491466	-5.483061155416197	-0.9261802485177155	-3.392777430033057	1.5278125676461909	-1.1006081823853755	-1.2855024163123878	1.750917198541519	-0.6544105907814413	0.3842269036969864	-1.8910794597847984	0.11447965433336062	-1.7354425538143228	-0.9806201608697731	1.0354169236336643	1.546949783405616	-0.7272693193912155	0.9009252328375015	0.30874306900096793	-1.223146489594526	0.7047453963707573	1.067008990179799	-1.3183428323444897	1.1418537202390018	-0.7344984655077578	1.0351098270152108	-0.45773692127503723	0.05797356993479405	-1.849847173982013	-2.2764972189834753	0.17587807484528573	0.10057283652586958	0.46098627484986054	-0.6371971914819297	0.42388484706974977	0.6705908224558206	-0.535579001821211	0.26756355856785224	0.7356289558916989	-0.24759099019146227	-0.7100138529919868	0.08145913990121513	-1.5577043420054206	-0.0791642386812195	-1.2838811564454338	-0.32934697503440463	-1.027472218402673	-0.23494792462009648	0.47306886728641784	-1.1201569112724368	0.18486707035384534	1.2593361919258024	0.8708072879014325	0.7246756513093664	-0.471328392324853	0.28695651724484256
DTXSID7027041	-1.0760093425232924	4.19672252479628	0.04888207143099139	0.09887792208451399	2.3122160265862193	-1.1025012154807943	-0.27123312210872713	0.5254742329723363	-0.14378972893926065	-1.158965238008612	0.7864522860951579	1.3098802237901455	-1.3739343484249555	-0.4715368408947799	0.3493023159890469	0.9847972003399487	0.06223526684450602	1.2210063189990388	-1.0484783161228743	-0.8591110292086687	-0.5137951662646638	-0.6229263208450959	-0.44979471083052525	0.7132407343139501	-2.5490223184919807	-0.5051448117299842	-0.7676482494745941	-1.3790232675887046	0.17703130560530816	0.17582150837471777	1.0560770886046769	-0.6029810452896628	-0.6180875595606425	0.324888835311633	1.435370333554297	1.4908195306892993	0.59237772768976	0.06968643719388398	0.20905405617245248	-1.1816324537274387	0.3029929582134774	-0.3053110262346815	-0.15503425036831178	-0.9753693449809692	0.314852354890384	0.49490447518186687	-0.13965838361636074	1.1408650487416037	0.3532588189113928	-0.5938470172293242	-0.17602550292787536	0.6693955395670935	0.0722259480328479	-1.4124215309551595	-1.4458157860471594	-0.9298342569629149	-0.11147481143230992	-0.02186686405358238	-1.0308889277497337	-1.2023698578097186	-1.1464749204369415	-1.5603838108065622	0.24883626894342717	0.46587558479377983	1.5612127322360905	1.8862737388522506	-0.08008463197755675	0.6546579397648762	0.4369053203888059	0.8019319979865561	-1.0302633478528176	-0.5383950254155678	1.2963316839569852	-0.3372504166178326	-1.072184423134052	-0.16158001875274977	-0.4945277521635388	0.19521318583865593	-0.5320888820705945	0.032518331739429585	-0.8689441991290537	-0.2644940565651615	0.10270393614270408	-0.5517562119956367	-0.5727758534939181	-0.40947617652278345	-0.44399051657198974	-0.7545191726833679	-1.2005088791639467	0.4626788888793039	-0.4983257880104152	-2.0221042342446065	-0.4127315880519154	0.4422900300186462	0.3857978064013917	0.05577520572338953	1.603244300260693	-0.8261854817821902	-0.8726657211046287	0.16107706996842494
DTXSID3047132	-6.6767906242901836	2.31347140188667	-4.57202890438071	-0.6986801070720766	0.3650055484809954	-1.0216731751522525	0.8839050906126811	0.9344444571539202	-0.055035982706232146	-0.5194722893817492	0.675621814876387	-0.1280316496124585	1.5231242982566275	0.09856186124780311	2.0184783027566873	-0.8449380429705027	-2.3382668691592667	-1.2363451517962345	-0.689863353069102	0.3767334256168568	2.2425935799139967	0.39528745448480584	-0.5538811537430725	1.888648277087904	1.036131148885291	1.7368406875846223	-1.4851178055744363	-0.5501436713348757	-0.023309413059711757	0.8260417164056839	0.49597375524286297	-0.13988248190451505	0.4674343897433946	-0.26777120350748945	-0.7333760634168396	-0.5138768527841482	0.8790808188377489	0.4638550362275033	0.8261051921937347	-0.19544942231939857	0.029450978465705387	-0.7546252941993242	0.5676156362146019	-0.5440250150069789	0.5186504139340657	-0.707642765662556	-0.33215875980335197	-0.4810378104257068	0.26353925181171867	-0.08597199388216163	0.466116661451077	-1.0712117355017468	0.9495863677927451	0.017456126512700298	-0.02486303458532619	0.10332235841476166	1.8880476393537549	0.396961454968849	0.28627163752315976	2.662762252180908	-0.4106408780234796	-0.1577683152823181	1.2562856502472368	-0.5039322081968041	0.9547310138911617	0.2093710479586648	-0.6001275492374318	0.5527647954422729	-1.0776689349587298	-1.8567624851736393	-1.2453742595913595	-0.5053416005470134	-0.6906991115122905	0.5467709889481304	0.49931166334871835	-1.2897736613567616	0.2254730707672496	-1.0310088271694584	-0.4011065114343729	-1.5631863824726777	1.7159653622115911	-0.7552696776646686	0.37488822127465843	1.6157040778020533	0.6752090898656421	0.05888872982549792	0.5623924485965457	-0.21577455717811206	-0.5383981380539682	0.3788014423102084	-0.1666717579921247	0.9982752120060322	-0.09356675140672964	0.1463697868862746	-0.027861618589888417	1.0620375044215715	-0.41508058475863413	0.8106921938749115	-0.5594518067665522	0.16104511947014963
DTXSID0021206	-8.183693728502769	3.7544941434658066	-3.2833329374126916	3.9796184098321157	-0.08300089578277269	-1.744900221022479	0.5887814774789231	0.4213386015836908	-0.3037306538034016	-0.4040612237507248	-0.9999519799970181	1.7610022751959196	1.9921237959041367	0.24289490202368058	-0.9648998282975303	0.34659131546044586	0.6165625753807629	-0.14852502040248913	0.01196353362045499	-1.154746726885832	-1.148948154393869	1.8595771321442154	0.8152983363506693	0.9739161504312744	-0.9895574256841504	0.3043356911652095	-1.579217694052739	-1.5092947205780893	-0.6867855221750175	-0.048529074431818336	1.2277245907582368	-0.3615874140068544	-0.11843445818873087	-0.6464390290875959	0.33664566085815545	0.4130710561636271	0.14840224905820493	0.7930968267967038	0.16094328528755672	-1.3985856049350636	0.4827991758689229	-0.8188939304813708	-0.3701719153127279	-0.1725960692712043	0.5052014478525776	0.3630725351970043	-1.2518576707440365	1.153563419706723	1.212674304458129	-0.2055635248708963	-0.7113208560002475	-0.5610271131381496	-0.30851993987123505	-0.6439063864377372	-1.0803160653732184	-0.9846686924782168	-0.7781451762644455	0.11367656816467922	0.4341274820872302	0.7285404477127866	-0.5227214949863651	-0.23575906330883858	0.43226222007168963	-0.11875796323917598	1.2159609482668583	0.545954119379542	0.7208966256467929	-0.2576066420302733	1.2801670308726332	1.496090440980573	-0.6790431637617144	-1.383997329553799	1.0331749311035807	-0.5460677783283016	-0.7951186859510785	0.2123592009368713	0.569780777045133	-0.9657627123253072	-0.9976314690285036	-0.2211678527504753	-0.24589729094414034	-0.7001728711935371	0.7394859198180015	0.0681821527825495	-0.15406284443420723	-0.47055505376455076	-0.18542194193363845	-0.17795232640499417	-0.09360361259690375	0.26689381407910767	0.8672804060351955	1.190408601851107	0.4486926599184391	0.06892228370735778	0.030367370457476905	1.0516282572562845	-0.261798508640197	0.43028654396627364	-0.3993735217585085	0.4574272887190787
DTXSID7042190	-2.81305873416477	3.9394080644252396	-2.7699773315815204	-2.041727076186004	7.3851259800338545	1.1720585448753311	1.8617608568311266	-1.759549916160661	0.14350327154047063	-0.3605426487748495	-3.0362689855520637	2.798321658436989	-1.1579098437034687	-0.721553607807617	0.9108196930189679	2.6172337038785876	5.215567394327299	-1.690186789151275	-0.07235547458514648	-2.5020449938170537	2.0799626190084037	1.4887028736677654	3.2220295015073654	2.306506577580622	0.6820306190270368	-0.6609052446131052	3.6383408235117956	-2.183779173921318	8.29475857049251	1.3060577006570226	-4.734353613995771	2.0714086351137597	-2.7643279228218374	-0.9500887809636077	-5.350806385813416	1.6504950995961618	2.9281040001784544	2.563830581094107	0.268549404210491	1.4797390059919224	-2.943047211061624	0.5914645802314215	0.4701708785088609	-2.032300129596164	-2.7869938906462273	0.7403413832513749	-0.8077616271547621	-1.9982589795076504	0.7553216187407428	0.5338381892946001	-0.09287792299483207	1.436394989023364	-0.6618013406077282	-1.098641112252815	0.00611724576638052	-1.1031146660640985	-0.0631702383370066	0.9116734613255616	-0.10476335269734217	0.5714818731419727	0.5722750041318971	-0.12635177337931783	-0.6732960911755402	0.4434308804887258	0.2598948312635648	-0.18852532485354703	-0.96563048901012	0.12578414392107584	0.8978945863798864	0.4182652166332503	-0.1508095075651024	-0.44969028419436274	0.7110538563427429	0.1832845866620467	-0.23208854424269648	0.15658031721851168	0.009089525040558634	-0.8484592944495911	0.19210770228397356	-0.587213068756957	0.8761203903897795	0.45197725368569286	-0.08817096039385454	-0.1431201903585636	-0.06914850588128497	-0.4068515086470109	0.1902649743023074	0.11335601437308107	-0.23310287970789462	0.0047899122301614284	-0.12182834949274184	0.13937538230917457	-0.345621301992472	0.08640637191504465	0.1300153028181518	-0.42004416248886245	0.06543524264208832	-0.48628174960537707	0.034372178552966634	-0.09933078513613576
DTXSID2023690	4.754189015833212	-4.295534947636182	-2.8661977087820034	0.4574343060479653	-3.2183266911133885	4.3192406814137305	0.8085578253931276	2.8175746092324387	-1.138820753243711	-5.883434864218281	-1.814074568957434	-1.908432847762842	-3.2321313454266303	-6.027976043061812	-1.3763242553709585	-4.387004166424849	-1.8116461441257052	5.56366274716491	1.3182294915661057	-1.9007178245906573	2.828524124489244	5.973872007672461	0.23739689229989303	-0.9131989898715821	3.8828301991935095	0.46529155416790824	1.9371010930184334	-1.2891565028829957	-1.169589311061218	-0.2353712914920543	0.41152638001682	3.6534017455664443	-1.7771042536454147	-0.39083023115824206	0.6492846540172121	1.03998373082368	-0.16427929841374594	-0.16687935555558725	1.0379957341562915	0.73278796913868	1.2517277417043224	-0.2507004117034697	-2.153124758484686	1.2095424141569053	-0.8480411934999281	-0.5686208334549562	-1.5729501116262221	2.358792177986718	-1.1484837525143985	1.414992963382744	3.1394899550828614	-0.04892024066093804	-3.3640000106163166	-1.1276530623437993	-1.5291009436558909	0.538649829349581	1.602412850157561	0.756410468996425	-4.14168562723869	-0.5512849396854926	0.15978823695904362	3.234440391741191	1.396992848758895	1.7690455162179441	1.729787959933876	-0.6007936787813768	0.7057345450741793	-1.4847470441737902	2.9311874626327925	1.8480396179320953	-0.6484725021078303	-0.8118402454263828	-5.504858834049271	3.143823933779831	-3.252255350865433	-2.6643293959302454	1.965403994706961	3.5964543177378516	2.0124206357797108	-0.4596407134034635	-0.5829459353727564	0.7091332900336844	-0.06432395196615719	4.026939427019601	-4.526408793397652	-3.5340732174681095	-0.8789668561049995	-1.0668624153038622	0.48526041974388306	-0.8983544059343311	1.262188833087511	-1.3377010274134826	-0.369339127061004	-0.8226063110631253	0.9395645163922302	0.09722114395631076	-0.4309509181278842	-2.2535106070132267	-0.3665472847834559	-0.01903308537346474
DTXSID9044873	-1.9540346470027294	3.37681074656883	-2.798129144522494	-1.5902303967002158	5.371776320582618	1.0950410783599274	0.9744415631697665	-2.863953720136388	1.014071216098783	-0.9374478297254796	-0.5206921627696612	1.672107629903595	-0.6038189807862544	0.09626303588045054	0.07681061022724814	1.0412362393961159	1.0644093610157406	1.4890195013850893	0.32750097308255627	0.8974788402866452	0.22517928387806724	0.9726183085448619	-0.4605420328106892	-0.6307748455866728	1.6395062473534407	-0.19211548251957175	-0.9735694481374223	0.7352684914085015	-0.5150872498050205	-0.06439388718723266	-0.24609551816131975	-0.6064094187840638	1.031004280778965	-0.06109654036525985	-0.00835568376009215	0.04198809178199554	-0.08813966078377278	0.059857376177859294	0.13742315152548357	-0.06631905625237527	0.09305116523846657	-0.6985849212190594	-0.5485719285059852	0.23330111992698777	-0.16936297564078315	-0.9107742400256466	0.4062434147884986	0.06537094286287498	0.20010598644370514	-0.25088268276743403	0.03557748414559361	0.24108846261875932	-0.31586808957725726	0.16701089599024763	-0.11058881510241714	0.17867963722376512	-0.5631242738329969	-0.29552556506900723	-0.24546291030848047	0.48617329201726456	0.41119287859573933	0.272398508497539	0.22564027611921997	-0.49723859275283383	-0.23557445395727142	-0.8486804238322533	-0.8096470162623355	-0.10283801882130937	-0.43803361961754445	-0.30857328167194015	0.027289645062513097	0.007791486172468733	0.1262058439633353	0.3009188543427126	-0.08698118856390437	-0.016934079044814723	-0.23209337420042778	0.400831344583612	-0.08420471547152085	0.012065032566239071	-0.3436436990273552	0.2690581133894716	-0.3481524265543411	0.17134502006740787	0.1921656003857114	0.17691099510142724	0.34236907993837273	-0.23030352178162522	0.18086201946912892	0.25153057182876726	0.2049320632781984	-0.09713756670853323	-0.44124240091311073	-0.191115402064222	-0.052075794782978614	0.003419206359320706	-0.04262523893944163	0.016842266125139244	0.09783995745515088	0.38293681395505214
DTXSID9025299	4.7570420481688105	-1.3617225094611742	3.320001855018616	-4.01561322361177	1.9510677378715275	0.513737108542693	-0.1745404142217103	-2.8887008620930263	2.244358013740344	-1.2724400506515794	0.1259892182615948	1.9864279752115728	0.7932171043378555	1.4277096312659965	3.451838292877541	1.802379198216209	-2.24391006143571	1.2305447983422722	-2.565156259675596	-1.182474327069472	-0.19662859004824754	1.7788837937648037	0.15301650717892007	-1.5401404529918712	0.623356179725821	-1.6037769227138505	-1.0010140520770874	0.9454251535924217	-0.3334514000986624	0.019027469357512868	-1.2286402773481713	0.2993695892384329	0.21565040272907873	0.6632402533865416	0.5956262991575096	0.6905624872951236	-0.5419424629289271	0.7105782973549023	-0.36236073004222114	-0.6924745109233151	-0.025997933863241184	-1.478575613705797	0.09802712574402496	-1.3322267284061549	0.27145037157600044	-0.09657114110260427	-0.09841307665360344	-0.5200536433634455	-0.040052957988997835	0.39001177375253926	1.2064147741471938	-1.2115915820054808	-1.0213198744763283	0.40134859844772386	-1.3953960637578235	-0.2542389531475819	0.29966766794956884	-0.5611972297374109	-0.14217781944276967	-0.2315305816959465	0.2531312411592874	-0.42885154435681605	0.28721577459943265	0.18240268633031073	-0.21385791249575778	-0.1535191496711974	-0.7954649124591506	-0.8842794919057438	-0.22132208353776217	0.33964758452470706	0.493245344238087	-0.12056040359250086	0.6280666074419277	0.5466814233933679	0.3675556472337238	-0.5877428011039431	-0.05108339411608162	0.5699817116742565	-0.4661437089514143	0.23554215556640726	-0.42585929272365963	-1.0489118224748775	-0.27976134726369	-0.484213727521227	0.10380234871156582	-1.035431035006248	0.20821523115659896	0.6242109924465593	0.35302464467486905	-0.2352016485630931	0.7134564558206966	0.04198053401417985	-0.4018942734070145	0.091336873443838	-0.22737306008514294	-0.07410839529013431	0.11376932181958899	0.6094453977281216	0.43563476854949446	-0.3258524617159475
DTXSID9020742	-8.096142455279887	1.38812695943698	-4.472635487687556	2.762050427292742	-1.866705058247136	0.8905117271123569	-0.7353541054387563	-0.1322153800406968	-1.0765712959545888	-0.3378231181639797	-0.5790141955123899	0.9908711303335733	1.6436064596288815	1.615361998187073	0.5414823684167603	-0.026601410308198997	-0.9847071361486535	-0.5288657570443094	-0.913759330757568	-1.7271158762497179	-0.6318279349817569	0.914182858405041	-0.2216164075060164	0.10549000314077595	-0.75498978598561	-2.0113673615262937	0.6469750471840381	-1.4794800295426929	-1.9648867620999428	0.6159028568803564	-0.0742998123191514	-0.5767460316326697	2.198621977332748	-0.7772302002157698	-0.23173699023510852	-1.999410030973716	1.9720128801225312	1.4094490787788385	-0.5863269730427942	-0.5368169933605378	-0.4286047860114201	0.22604662747579635	-0.9166709188963686	1.5723469541852277	-1.9527404638758132	-1.2795150310095174	2.31209567988801	-0.4842168632936876	0.9058739838239263	0.2102347078642447	0.9240908496876671	1.0605201581811827	-0.7520473326372241	-1.2334299567699325	2.6012365944588858	1.2572868643976864	1.0855018289960912	-1.3882768720997258	-0.836919885793696	-0.9710210317141321	1.2143523547763715	-2.15865035681232	-0.7927871115218513	0.5379531226535005	0.7902173745853592	-0.1889603170001475	-0.38442317186341096	-0.04622245568221176	-0.2551287850131769	-1.0269180404269025	-0.5647900772188993	-0.02134354783695556	-0.24706715730079873	0.01507652387433348	-0.14710792347779242	0.3603584571935312	-0.7316075317943651	0.20343460021945467	-0.9506224344620724	-0.5219754759615759	0.4097796929776759	-0.09457318656572193	0.1797569848264818	-0.39565527040879367	-0.3676258754600513	-1.0373803471251781	0.11244828087771576	0.05590496823808159	0.42684045750680755	-0.028252170521858407	-0.04081863363560192	0.06404157673066074	-0.8177325392515941	-0.597252008276607	0.6534144343546849	-0.022434969512249252	-0.6110232889481921	0.3622108204495828	0.17640873427691045	-0.15202969070291913
DTXSID5026205	-4.654188130532643	-1.867901742126283	-2.8891321085545627	0.21151114354533979	-2.393011110536655	-0.9467109121326704	-1.5260896508393933	-1.332547426804853	3.9254163203115637	5.156551949618166	-5.1187427524550735	-3.891487383975567	-1.1912244977045419	1.0027941795453605	1.1587794256941577	1.1595085848053166	1.7993766820522166	1.7543030427425135	-1.1285581775692188	1.72481746123012	0.16586321601671555	0.4703711916598394	0.10519268565935362	0.5037351000013132	-1.208743964014006	1.4206204339609623	0.38686087133058694	-0.28723377198796063	0.11803106987472649	-0.700896537459203	0.6585356972998635	0.9207867032816942	-0.40215305612056285	0.43750310032989054	0.40414049719122763	-0.04128260515489412	-0.2616997116681799	0.006701944553759853	0.37572915633070086	-0.769575965297331	0.4671750636032857	0.12034916384414718	0.17965214116078662	-0.5869968689275546	0.5222852130912924	0.12472614029905407	0.35092967420796584	0.4918768440615002	0.3205482805707954	0.0009387807666761033	-0.6273387168706464	0.028948408546855493	-0.6673324603246971	0.6114740080015588	0.25888489188509495	-0.3443849394406305	1.3960367968407477	-0.3868298542629338	-0.15703735640180846	-0.2866065972419395	0.5770108181648274	-0.9916266595683608	-0.3633369849606022	-0.7243288834991977	0.26381933420654813	0.18020412737341535	-0.14798456681811306	-0.3078400432215467	0.2710627715251508	-0.7489801174041668	0.31340966536378023	-1.0308245870994888	-0.6006236253006412	-0.05131568399331898	0.18532479795699522	0.6322051134147941	0.34305408266213455	-0.4399315122036987	-0.0783414232939606	0.10681885595742545	0.22784221145367717	0.4638618551044385	-0.3584304479707901	-0.06562511621700497	0.5196606852506432	-0.2909090043331053	0.1382683865613188	-0.13784137736881888	-0.21703336875853727	-0.20494557168626035	-0.10108237206576189	-0.14178882171900958	-0.2164524072002898	0.08227963874203881	0.05251880612960036	0.19168502172640242	0.16612389422209037	0.24610135145784368	-0.15726247853476186	0.17054634383604114
DTXSID7045029	1.6229872971241825	2.3377755697669023	4.4467617159817605	-2.3218395627416117	0.7416929181531402	1.531481077531735	1.066536684811315	1.0110312605976295	-0.885129271612859	0.8908853833312906	-1.305050230240299	0.2603011013932274	1.4097017438755786	-1.0218478136647207	0.8363327010096271	-1.585758606555174	-0.19721310056523153	0.3697753726817257	1.0695911630698862	0.4675647896804039	0.7596177406884702	-0.29245805840010053	0.7603045152547467	0.09926977831324212	-1.0541648711708946	-0.04319482878139243	0.13572903899045474	0.8694134204691291	-0.11314094021320019	1.0453303921317894	-0.6359049416723005	-0.22060340377565762	-0.3375593176311601	0.5388523377477338	0.2501778079405012	-0.2133336186436042	0.3305318350006918	-0.610387073879456	0.7422885752103768	0.25521506582373044	0.01833606791283536	0.12532307908611295	-0.5296691961109568	1.1346531135093034	0.002494625951340081	-0.7147978334331581	0.5105044370056951	-0.1983650966967942	-0.5049925254181119	-0.01783415552807057	0.07989170904002543	-0.4214380350985526	0.44135896115710593	-0.3113044462162155	0.24153952630142617	2.086487366209689	0.24366039980348972	1.6438039923962295	0.5994894952297709	-1.3565644409444375	-0.8047342529504463	1.1335938671631784	0.27314738044565423	0.5669925152489061	-1.102201467585329	-0.5409072876659047	0.9643470415206353	-1.6271659454690763	0.11092045910885884	-0.40028122589775483	0.35768020132587164	0.37085150147064166	0.5370973733881234	0.9831214849726686	0.033766337337617754	-0.22943049838682394	0.1149469165515866	-1.644644572880797	-1.3919204401086587	1.4226586241338184	0.06418106226694886	0.6864481538793566	2.082471683578381	1.6204684051195895	0.3305239625302446	-1.6814793049434225	-1.1331413165492417	0.6425137491749657	0.16558268009728366	1.4525593268204668	-0.5773538746903747	1.6967530139323865	-0.6374417782873324	1.9935849785062125	0.10353950913934158	-2.1643266666282295	0.41543918218786885	0.4226148034091705	-0.5378635985328009	0.33901428496616265
DTXSID2049428	-5.614896466134788	-0.9457792772472423	-0.7265650881148353	-0.0728610004323917	-4.660864893956887	-3.516746199752766	1.3735733459246933	2.526775853254647	-0.7337947453351883	-4.245006186977406	-2.8787903091211313	0.8325571089453159	1.7447074957460236	-1.3748636041443105	6.799157726554088	-1.0460998600146623	0.37868760041635613	9.307175571104688	4.694988598212388	-0.16684234027469366	-12.030189775896819	-13.44002657985462	14.088117821854842	7.312562653133964	10.692056255889026	-2.311681096242598	-1.918538937602262	1.1258955548861829	0.07201485261100313	1.287111151243456	0.2415719956529283	-0.21839123219068116	-0.037054214587088845	-0.5360403780265556	-0.2381645718828324	-1.4962494812839267	-0.03671581230241443	1.9041773595358498	0.4068509715445983	0.2418745086574389	1.813863208878066	2.263760781054293	-0.5514515666258281	-0.6144858336830232	-0.49676218368807923	-1.2879294139024846	-1.2997024082915007	3.1329483300348198	1.7391853317006833	0.7657212786373143	-0.7448097769730357	0.7328966817994649	-0.8938865744932303	-0.7307372569922247	1.0094544089695925	-0.5026414378495534	1.1220528581447102	0.5879096880528975	-0.032523412489948576	-0.30404728248063995	1.1995030067816603	-0.8468695007798956	0.6872625284757027	-0.6056403594432583	-0.23770577082689917	-0.4827660768631719	0.6709762530305025	0.5860307626105739	-0.3658332793329659	0.5794618899404583	0.5364674806383014	0.18349021326858478	-1.3293852931756978	1.0800465180295482	1.4886869128187228	0.4298008535191468	0.720155029558088	0.5976740747882161	-0.30517970148583895	0.0843292446800209	-0.45423724551063666	-0.16704744162727625	-0.845201226711461	0.2678822012145836	-0.16605125441655022	1.2161663964320248	0.3871233427347171	0.5786110293959751	0.7049490501622356	-0.8735297668037026	0.2961143028275746	0.5993328883510496	0.32107968097094086	-0.835040038934459	0.6321151222257516	-0.6469462856210477	-0.1145140874836924	-0.07369989485562406	-0.06139769146595504	0.16152295169571165
DTXSID1045825	-3.3404293803810843	0.6743833071774565	-0.15939083803148138	1.159955806336636	0.773004474399528	-0.30783232840386776	0.2940873397128571	0.8543490199733164	-0.8335296494982608	-0.3358253091418215	-1.265708259162438	0.9839549507756526	2.8643273500277853	0.12954899825216795	0.06757232853569622	-0.5838312238376244	0.7611287401901473	-0.06669816366160375	-0.26414258027175413	-2.0801591180538184	-0.7231619242779631	0.1125006504635861	-0.6027269832424746	1.6167165290135264	-0.7688690838053608	0.5580305303584389	-0.6435125018401204	-2.295540962009323	-0.7253354506487429	0.46799356207321874	0.48355265439264966	0.1784705259350565	-0.09638642552406369	0.03953324107429793	0.1636966891287663	-1.2067060241015377	0.8910130631577413	0.8323027950780817	0.5831411489501355	-1.146588471438313	1.3520185140200818	-0.21684301984464407	-1.034168057988297	-0.3154656998350291	1.0336750780287212	0.5928041149422143	0.14723602482461415	0.6062091432325346	-0.6269080825853941	0.07684847620765269	0.26925818976760435	-2.1397249599540658	-1.3097015927950277	2.5527902420330353	-1.7582108523180915	-1.0337092541848867	-1.2762413171840077	0.098466295156768	-0.24945494519621114	-0.9411132926148733	-0.4783031035496859	0.5597312184367893	-0.48138505635255396	-0.42187986013274714	0.6181823252537406	0.9034454185348907	-0.8904218778111863	-0.7141524226108313	-0.8106785799691412	0.34369530419380256	-0.22763915001409724	0.8450887370551812	-0.36702456157272595	0.10668083681882759	-1.8904207919058835	1.2100502884637043	0.9740417687179386	-1.7064327967113877	-0.07609392865553113	0.7893265265340893	0.17547146022128077	0.8768848314050429	0.28642959761804215	-0.13702805273132204	0.19868896444310616	-0.24049057841652385	0.28688664583893625	1.2307517591858443	0.08255923080772568	-0.22356443969140308	0.7251497117649759	-0.5856712735916717	0.1868701478106392	-0.4469254983427052	0.040501133191374425	0.1734907785411397	0.10534651118003194	0.028286587905784404	-0.3264235873594063	0.2554080777710749
DTXSID9041659	-5.436229207383993	-0.5569602880424372	0.2366846017658591	2.834286288879963	-0.8055442303671714	-1.9991601789859768	0.07326184256595275	-1.9806413261377611	-0.20504623469351307	-3.308878338455889	-1.9368442773788568	-0.34464888623117024	0.6202963826942993	4.665273584637979	2.265173151683977	0.6648819089222331	-2.4915753458852743	-0.9791442937771122	1.3756603743368667	-0.2870534618192658	1.6078946406015935	1.4015950476792824	3.153083798430225	-1.9162864551822836	-1.0717405715652952	-1.1735871786701582	-1.1868677480695373	3.8151837819934515	2.26705746870257	-1.066250017639732	0.19131053485515198	0.6012048870601339	-2.4907771979897864	4.20801559251198	2.3183904011943244	1.2075407196854282	5.405164154970414	-1.2583639893484655	-3.299636872427014	-1.4494945752694983	-0.9735306836650368	-2.935441731508561	0.17114188771010586	3.328093683489648	-0.6906013405166986	1.1920028071466218	-1.8893228105502222	0.4042647252747881	0.8378312688087416	-1.5797875397732044	2.698882365491842	-1.2309312306650095	-2.723640755392769	2.821447590403901	1.7193484395251826	-1.817768578912674	0.7057641253290075	-1.145776644424792	0.45579638312888454	0.8175217892652384	-0.27823991652995334	2.516311702882089	1.6144787846561335	-0.6005527661927276	1.0107714925288078	0.2394396368369158	0.7459483001346306	-1.535002292792903	-1.1117795865820428	1.689998345143088	-1.0246631669666462	0.9815045097181343	0.3190074231180421	-0.0007829241702898797	0.8158244791523223	0.251028876900367	-0.9407495916189755	-0.24999816424534593	0.12418727497391445	0.3494279886726877	-0.629831137613383	-0.7305913738190924	-0.003474253740027227	0.2559170002033139	0.0111162804954621	0.8516517959610096	1.024952385262305	-0.3617836941633859	0.5273087824583483	-0.25679691867899285	-0.31155658807571984	-0.024166963867778724	0.12593944299525975	0.5081403412316154	-0.8816478245681216	0.8917336488318841	0.7703013188532729	0.28011270927491994	-0.24293389256941036	-0.16646990591455982
DTXSID5024639	-5.000837179091144	-0.5193057034090741	3.8419110158810685	-2.500762684794176	0.1099963134179451	0.5806052887162428	-0.40801640852701837	-1.2981455810828209	-0.9479185920123396	0.9250178320955413	-1.5286032047010856	-0.15116430493129746	2.4222967533359436	-0.6289775232068889	0.23395835604401652	-0.8269447347970121	-0.22314160108498945	-0.17378815677435017	-0.38988998803306174	0.5808991304895803	-0.10002028308276649	-0.3364733948290239	0.15054777791348742	-0.6046135740744838	0.1190899072763215	0.015809509322950943	0.11632312205864742	-0.25715395084517656	-0.461253340581855	0.4844529574406039	0.3604757783780869	-0.2773964004865336	-0.15624953090427535	-0.11456301917004066	-0.01233259579901481	0.2787078537377159	0.17748094594323188	0.12561549045275316	0.2854467678271163	-0.17564598220441752	0.23524954942234436	-0.23753775951455428	-0.2537102797501788	-0.18907866131121726	0.03458863947603751	-0.36390897229123853	0.06007906962459963	-0.33262170481205333	0.15603070942003747	-0.009307876830912845	0.12462049360748986	-0.2980407100882397	-0.03694149250740111	-0.08096211621605459	0.4702768608002876	-0.348577097059294	0.013551911858870117	0.01587658152901243	-0.37171120407758984	-0.14106573386590604	-0.12106901552381569	0.16614245472412106	0.24151345104910119	0.5273046323716839	0.4170281647977543	0.07395472782025697	-0.16743882053893064	-0.5680570233031494	0.8548517509512976	-0.8305633771943743	-0.4307023306018538	0.045726089534904396	-0.3016738787676297	0.36622443838978136	-0.20511913533671097	0.18693750965333894	-0.39464714296974923	-0.2264311131536014	0.1705806715619995	0.2759546949090145	-0.35650439702760983	-0.542948615405304	0.26191498087055354	-0.2881158900309965	0.16014642162951265	0.1862741783161144	-0.015663686933691103	0.4621452614140664	0.5842817315381809	0.7943634100101178	0.0683076527975001	-0.3927247927132818	-0.38701020079101306	0.7543718135913556	-0.18889707508787937	0.3071385350484533	-0.26098012799692283	0.08944229440574258	0.3117177277104063	0.05942654024714467
DTXSID9021847	-5.364316956676431	-1.2766037386730986	4.613399468454203	-1.1774905323901168	0.37022386361064297	1.0047920018610605	-0.16014480824559874	-1.4524961464873005	0.47287313671184783	0.3749161575839476	1.5072811495574272	0.5500248755724658	1.6295607877358127	-1.3529361255849666	0.05333700813892525	1.044117516187431	-0.2500857772446079	0.05885134017923591	0.2469009974688328	-0.6832473151469841	-0.10596616096308827	-0.7818951391341696	-0.11670432036987549	-0.8873181280086877	-0.6373625202024656	-0.10151020190900598	-1.6061279278895657	-0.9079188687445903	-1.161459847484569	-0.1608074553649131	-0.11094160385712862	0.3946026733626504	-2.2770016888660547	0.03488729926200075	-0.04337799370865788	1.0523652922401698	0.5006669666372058	1.7159625787864576	-0.8118547786226085	-0.3122185828672973	1.4618327363512988	2.5344080483768314	-0.4636667299862243	-1.102931962807659	0.044450320363989486	0.33039723510361313	-0.6066255214213895	0.9552471399000635	-0.3827322423352382	0.34745882348080004	-0.671967762260537	0.009424085081783544	-1.1170159263754338	0.1014811034956699	1.4683325507160543	0.14666289777427635	0.75778150137667	-0.053270481560946714	-1.000308795155513	0.5173389169769762	0.18125201155592638	-0.3172530233513494	0.8079391502048131	-0.6946133012155077	0.7740792605258304	-0.3435253114442829	-0.10297323199361254	-0.04458605082123238	0.39154118027198576	0.19004685105008304	0.14411438908337335	0.11652444702762593	-0.22621216182053624	0.4982171438385122	-0.04048419941206515	0.9535770841336705	-0.3569058160507836	-0.6209678531730064	-0.1277889052118269	0.5622409781020198	-0.4031337940937528	0.3905735159180475	-0.008502556582519874	-0.3649993443393563	0.31471817937355473	0.2216940481340708	0.35578320503591476	-0.2699779658520782	0.21321204115953707	-0.44185987619586775	-0.2871664492675134	0.04333158247321036	-0.1301802883936075	0.036875243032801264	0.061661721603344544	-0.041705400079613264	0.1737074962825103	0.08022722145946984	0.09267306222754697	0.30068057601133896
DTXSID3027407	-7.127356213577501	1.6005376869981431	-4.5549055199630875	-0.045360540975595796	-0.2637635773407079	-1.5653715536178363	-1.0175355479848587	-0.7901472430795604	-0.43828280313532403	1.4286552943941033	0.16307701875692707	-0.003058668355957432	0.17538853845554192	0.7610215439361003	-0.16758377237673552	-1.603558832087705	-0.7194677955125707	-0.5409331793301885	0.6318463299121624	-0.17117293802206415	-0.5361832389188146	0.17577349844243625	-0.23239716715053452	0.5479710602179333	-0.629236602659947	-0.17662022606142594	0.21886191140165376	-0.3530864749762063	-0.1539314839911639	0.004487344888518762	0.41009444328456574	0.19446106108603387	-0.10908113571246073	-0.46330122096972115	0.08078531960441329	-0.029271095042008043	0.4880421980959102	0.405081448787701	-0.17830682607136994	0.2941476924764452	0.19010054858323733	0.05873454802364466	-0.08094458920038401	0.21584882828778096	0.3347789365132622	-0.2769185993862923	-0.39556329995174005	-0.12311015578184055	0.31512645847492377	-0.07515857866268916	-0.09498076373303063	-0.5238824338650783	0.8669054142667219	-0.3094472745980669	-0.1333742917834181	-0.49316552873010083	-0.19805883612405187	-0.7273050451910551	-0.1393969230612465	0.00641880853380784	-0.19653376623380064	0.3167862524298097	-0.20767347621547966	0.04211216051599903	0.5787536817909869	-0.6598144434610874	-0.3506717270002492	0.2172087996218925	0.9782476866096848	-0.033830895527030815	-0.7231731785813215	0.06824476263183175	-0.06558075822154352	-0.38145183696615836	-0.26115973522535274	0.2698125570291408	-0.10739692028935023	-0.1653943432374131	-0.5782864738946462	0.35074848482217275	0.48855861767838304	-0.10390630382695179	0.7080183589314654	0.4461205777507842	-0.29481128782188654	0.4366180705103751	-0.22522156977885174	0.23992173021658128	-0.11316482369339491	-0.19041733070121541	-0.36183122237421317	0.4400724048893404	-0.310693225335398	-0.11226599854488667	0.37841890856639165	0.1662600486292951	0.20865530969853716	-0.26925920313741375	-0.7279055125159383	0.1905571451142508
DTXSID3040728	-2.72869085470978	1.7615323689970395	-4.079126507138696	0.07951542540246649	3.6320198577313745	-0.5363322625065281	-2.066944702956667	-1.8778260969069387	2.147495812800074	0.37198772616553166	-0.29956492307858495	0.2046563325611092	-0.43598927804891474	-2.728144961699949	-2.8943999330214303	2.9409750384310684	-3.4896147591988735	0.7201171337335256	3.8719314461031953	-1.664517613631996	0.23866880860498238	-1.7429268959087298	-0.09689466099916517	-0.46368562746654024	0.11985432898669889	-0.26647954172670946	0.4451594838220816	-1.3545730262883375	-0.6934359793694367	-1.785724690483825	0.03215538320620747	0.4891840854415646	1.4129638990659734	1.1622709035488041	-0.3874404226688227	-2.174660563703066	0.8620509746348238	1.1657538839323764	-0.9694941548314714	0.21797438113970638	-1.052708868056741	-1.9826386224096717	0.025843972295226437	-0.9562630419840716	-0.2589375756787047	-0.798303452606678	-0.9156292752478207	0.12227543887384856	-0.6090823149721437	0.19704123919104505	-0.20279928199630678	-2.046538463924154	-0.15805505728749003	-0.7858978530677543	-0.8887535282871823	-0.7887486616878915	0.4575942860949654	-0.6102293362293538	0.24615322281924004	-0.14421359263067365	-0.15306530550819109	-0.29233989995272924	0.040337830294582704	1.105625713280124	0.08288388880976057	0.49420475928370716	0.6136282119605038	-0.18948086893198207	0.901998909809424	-0.2218876661834261	0.11935558612227769	-0.10027841604862281	0.38089588461097473	-0.48076569180901085	0.4204274455087638	-0.05092373687779407	-0.139317762144671	-0.16502812829002378	-0.0824803669817755	-0.5243480187730775	-0.18870691801063796	-0.1567186287741242	0.39308251349199513	0.4895102238498811	-0.23652125381550795	0.24147225260595184	-0.17692583695644507	0.5689349528398348	-0.1232655794961403	-0.1539418805138824	-0.4867559581713086	0.34327080017423006	0.27279890096480414	0.18980863543720566	0.2204778465966699	0.23831598649195954	-0.024952182773086896	0.11630100837992732	-0.42208840968535744	0.048985364864280845
DTXSID4045181	10.154890400093166	-4.579009419729183	4.756211645770624	-4.841485286523302	0.7356227690769801	0.02281946992259004	7.458621492510781	3.9286074844646315	-0.5450884769292408	0.9288202560635761	-4.844020652389907	2.504403990728977	5.242791746596966	-2.9263022672158465	3.7009807652603555	-1.4998198094785715	-2.354064387404621	5.92346578099849	3.7144000675733504	1.51678764310285	-5.507470071093215	-6.861459889351694	5.538774447178874	3.746029807805968	5.320168684344858	-0.5581002932008764	-2.6285384300688763	-0.06365489852173768	-0.283674029264876	1.740916468397439	-2.247197237867045	3.434513733487064	-1.0740426331738602	5.372244105590952	2.4824257337285913	-2.589500943280719	-4.878174005866115	8.681298861844187	-0.5244175456021469	-2.8039456547172765	-4.341704268170239	6.31166968570735	5.430890111375541	6.543432738903314	-0.9907575984022502	-4.767462476225579	-1.9088146103472776	-0.6969193655908644	1.3860536933811174	0.8882466984868284	-1.745947330044805	0.9725330201407582	-1.549304733232916	-1.336126817947477	-0.6756928511490442	0.04452080976959466	0.2460033822228714	-1.2612682749094903	1.9026487713653408	0.02070863271185556	0.15658464868524202	-0.7722784965055982	1.9080380329112467	-2.778159052689407	0.5970622881241189	-2.182335920914564	-0.1500746677677483	0.6582560032244956	-1.31586311758543	0.4286355453733295	-1.2229469811451672	-2.190192538363556	-2.8461956501697188	-0.3909534633275804	2.024091258611666	-0.47957625158144807	-2.2171468704455743	0.486479466802819	1.0971170299777706	0.48579214290737194	2.514805556732903	-1.4368989128029395	0.7476251226946178	-4.0617660558736155	-3.8007197628187885	2.519752569430766	-0.6796021648702428	-1.585303779334772	-0.07132132733822508	-1.4748566184004974	1.2493708576094467	-1.0023510415529375	1.8774924906678752	-0.9805676164461794	0.6491781964447432	2.308770699366853	-0.026001381222383827	-0.19605880070628914	-0.03503023863241484	2.4240515481414437
DTXSID1023441	8.353208809098085	-1.9438729416202727	0.08871213735340475	-1.456468075051324	1.0098427449666068	1.5921917909490333	6.804482787020377	4.571639273080811	-1.9667667883991058	6.227276581013679	-3.302849694293599	2.975663317766521	1.875445504182772	-0.35505690645626387	-0.37599307981359736	-1.2167268321360618	-1.669053257101837	-0.2647456567370524	2.2914253209235538	-0.6390242724798232	0.9120165116240038	-0.4894564984415609	-0.37934875072881763	0.8305462202708356	-0.54615346100635	1.1954009664083791	-0.8706284079433051	0.7230447609243585	-0.5926983718978978	0.7999068496473348	-0.06510987312690489	0.7290016073535607	-1.5778106459973464	1.2588869028896357	0.5391901764614778	-0.3542270858766636	-0.9001040797834993	2.0307392086799405	-0.9969557955898395	0.3072541477687065	0.21120382992204778	-0.009638103135598472	-0.5313180987912095	-1.1672413225382952	1.155007623268771	1.5215073856140793	-0.5898781157192615	-0.12041739827517849	-0.15114101905550326	0.9390415672478306	-0.03950685810080471	-1.8557689028610262	-0.08752225210687103	0.057708945236847844	1.6680901548206049	0.48726674227684813	0.22116017350475148	-1.3731923298295043	1.499584819448699	0.4411702488484128	0.17601765742273123	-1.52119707678637	1.4512849067599074	-2.0123412423881044	2.4568773977425753	-3.0029442980285532	1.3331404431886484	-1.8719465116024874	0.7056451354217722	-1.1848936680618332	0.26820260382339073	-2.3490395894774725	0.13214162157620968	0.4850948744448148	1.140685579318838	-1.4603978742499726	-0.5683331757361573	0.4547708052156197	0.8743855840159	-1.0242454400596448	2.0124252411265093	-1.321114313490789	1.322496145405062	-4.54504776213299	-2.8522849739990104	2.3489564070100406	-0.7705326541439971	-1.9306728518890615	0.6805167336290454	-0.3303510466903247	2.1085378833713433	-1.1693295256732796	1.7195304814913355	0.8160983917392008	-0.5963255792217231	2.602743953419364	-1.4539271115685843	-0.6918321478245407	-0.3633639985891159	2.0646171119331527
DTXSID6048911	7.98230099951251	-0.004631792571441094	1.2450072733280442	4.635147486762426	3.670765145245337	0.4291537945519562	4.462033556349227	0.5757918603650158	-3.40402033980225	-3.9178715177328414	-4.120646960360706	-5.468179103680741	0.6645620644471447	8.14421073540601	0.08592660996754985	-1.1092433467972125	-4.017130229694316	-4.467823881965089	5.392792797914008	0.9961060866666965	-1.4144897199232997	0.04811490476406723	2.1440812920811494	1.2188553273145193	-3.5031743950306695	-0.6650753308783984	-0.007750467210990423	1.0646042050110394	-2.571941344353955	-1.3964063368976978	0.9284669668062591	2.1797741212753845	-0.0692417941223911	0.028320344545221223	-3.197762066561035	0.8764631832313443	0.08317356043798634	1.0538663458351178	0.38828530465202854	0.2867756345707426	0.5993010571433456	0.8786143609869804	-0.8436130443352802	-0.4355801469271917	2.015621539701269	0.6124383091648542	0.27868654271626836	-1.5301744734883276	-0.6826342806213436	-1.7147308832421164	-1.611410254526264	-0.28608377875812124	0.04844722789282405	0.625870653961335	-1.4979570967987388	1.5186437984436503	0.8617670066971304	1.1783310482975051	-2.0634273286664913	-0.4385665036449585	-0.27331939138756656	-0.06524612862234927	1.2473277983087279	0.5543233103611724	-0.17644313006802276	1.8414374212889681	-2.9921849663379727	-1.2444291028100214	-2.040575970832379	1.1822303284600892	-1.3628782121127394	1.1112853275467636	0.8056506398059456	1.1102536386050206	-1.2867042320371942	0.5414762117399942	-0.6549687322907698	-1.0765404249696946	1.1679572929303093	0.9460615975055832	-2.0573842666045934	4.014605674828656	1.8636512367889235	1.8373634451721785	-1.0822002403469704	0.3564880450864177	-1.0941218452746797	1.1399622584286675	-1.0960539391138657	0.9958088645282275	-0.6441750224161658	0.44645255053855265	-0.5605634257510754	-0.4266751000161943	0.6052757370108067	-1.620645619512919	1.1881290237791735	0.3657815072870769	-0.21987215382768724	-0.09832911675486372
DTXSID7052571	-0.7994704672372943	-0.1409599333824551	1.5185001040098782	0.20827565743935428	-2.1352880599899744	0.9229718994259594	-1.055607155821341	-2.6928657157395373	-0.6702438034910099	1.6120764599320332	0.17390405514370863	-0.8098771324719773	3.3046371798722034	1.0856386230151602	-1.898570859532151	0.8368422656716916	0.9228704347521365	1.9424909592212902	-1.2024679419679074	-0.00950231679706042	0.47649777149548644	-0.5086240834510413	0.8274567822895782	-1.0252204773993217	1.1422167457087324	0.8573945703717601	1.2236693264756584	2.3616230240898517	0.8475093343649073	0.6209327323385245	0.16323161086133675	0.12247011774020691	0.33527386245509794	2.029793293238348	0.5465842494206729	0.4331294398990161	0.415825995361313	0.320680086644905	-0.38517597837587925	1.2515339148867513	0.09435552539158694	1.1482591181623125	-0.10115366544454428	-0.9302304323601872	0.1536660871202814	0.4240563398200992	1.3866613671164072	-0.04225433968137597	-0.8131607882338071	-1.8007797231273739	-0.8059443822748358	0.7881406659392372	1.2907836901920988	-0.3428432215101065	-0.6126062526223615	1.0250817263326168	0.8343340140390116	0.8339091724309303	0.341104702002392	-0.4395727523348543	0.4679168106117218	0.0837348021582161	-0.5822991162874475	0.6638937889565688	-0.7147252312469364	-0.22465067458848662	0.5552376647202109	-0.1090436795024901	-0.4671730454246163	0.04380378294890383	0.46458189602700584	0.1058381864236793	-0.473493448595781	0.29342368817792003	-2.186248729188848	-0.843054471601533	-0.7869361514964635	-0.5563233697057602	-1.5641047917508544	0.10704893604168221	-0.3124675624300126	-0.09817353531937184	0.1290578108935718	-0.373680327387588	-1.0747580634649154	-0.15131909602460383	1.3267695433838254	-0.026108913706842152	-0.14787661845072095	0.3090396362463611	-0.32662527626367904	0.19343716133669742	0.19733079557322147	-0.5065482636819633	-0.25281416131855555	0.404441562298745	-0.3546913366307838	-0.05146380413886851	0.1898549744508272	-0.14947031477099468
DTXSID5046697	4.9899333281864315	-1.8196536422635754	-0.15981459455289115	2.74538093693708	-2.1785689364312173	-2.175822287299618	1.0409590486449074	1.5262414799400115	0.196971420580324	-3.9976261613556683	-0.3600435079186658	-1.8215898901122791	-0.5072209534617277	4.083752050556405	-1.6056650285083736	0.1673425006657946	-0.3166449756439564	-1.537952555014856	3.4338885893180726	2.2701514907130274	0.5150350166942445	0.7653166985961124	0.14262684887687196	-1.4648899888917684	2.315189544276705	1.1156652455771499	1.7085448222804394	2.0531906299563585	1.7573922920067548	-0.895769837908698	-1.0318232843357007	-0.0854745078602385	-2.2371735893969746	2.2078068202539822	1.8377130269035094	1.0241986449246647	7.0070875313455145	-1.2553701182278219	-3.5965194607277295	-0.609488632299214	-0.11032842679917805	-2.669609501322931	-1.3920885970885897	6.643527490886094	-2.3407839430853943	1.7552937391759758	-3.0914175493639404	3.2373696226049655	2.9707035548078315	-1.6337635522191454	1.9586558125939928	-0.555300330280554	-3.4839141390042276	0.8370429247814936	1.9176422428754336	-0.15268635585503085	1.0985310719026389	-1.7131445282742594	-0.8981721203179857	1.1337636120982542	-1.4060155859098709	1.8401555769154159	-0.39150709837443787	-0.6068169540280268	0.6564184277377653	1.3940828482597833	0.0037556076867319246	-0.7558131197791613	-1.202912842100199	0.7309158495624815	0.33142125339551737	1.345100802008439	-1.6211736987362027	-0.1594603805705211	0.07245586542158146	-0.5082836413549583	-1.899792735470538	0.024487286137349414	0.40931463632411086	-0.3221896237366531	-0.946913562038287	-0.7366950603593253	1.8257042714759182	0.00019799187522214496	-0.02637039913727641	0.1709602453828065	-0.20969928149269154	0.3837968372493854	-0.018321708962055087	-0.9980647822227474	-0.619236799483099	-0.3635032948626861	0.9381163740613059	0.7340890495256809	-0.04879305186348056	0.7134437493992523	0.23569067107754207	0.3539231354155292	-2.2151701091151574	0.1673257680386168
DTXSID4026921	-2.597011464777009	2.479759644125893	-3.831232835716837	0.3351260240994285	4.959021012144174	-0.16236068751633717	0.8625303845834205	0.13986773676330755	0.6707174689952952	-0.026344961864302362	0.22398655170880435	2.0711902107075346	-0.3288757133565217	0.10068104438524399	-0.6177231783383902	0.8495222299922336	1.6833049273449268	-0.41549742648584087	-0.2809535185847083	-0.9473642602294542	-0.5130906973195858	1.3804062423691645	1.077639130078605	0.12362024361614815	0.23193511898346303	0.566317168557418	-0.6903439365358293	-0.12364945183331844	-0.7997494175397605	0.603543848033356	1.4577666582157136	-0.7638345627339375	0.64645828199588	0.8240940760631956	0.20573322810427666	0.11079420753736326	0.0848445883471716	0.9082327194170011	-0.4876169816895294	-0.7632170293277908	0.6788106507466847	-0.5322589910232601	-0.48939411429560525	-0.44885389275618937	0.7398209149391836	0.02292027866727828	-1.0809500118181994	0.5354665929437756	0.7120064612945555	-0.6725378083310072	-0.7235445331808378	-1.3109043291351856	-0.5112279716965695	-1.0292820140801497	-0.8699028243469902	0.020467609245443243	-0.27028347686361076	0.034946076478065344	0.9742421047546901	0.32562829625624534	0.1950841152988256	-0.024639885065549386	0.6612201719013808	-0.9370502716612075	0.961179911327426	0.37055596484036274	1.3172406338285536	0.0834612640932048	-0.15809672264848315	0.2585982864317616	-0.521420032479201	-0.42856256948017	-0.17309823400449675	0.0002646772266805895	0.38124979758373345	0.6291545803576142	0.17892622549803816	-0.381511950851971	0.20962788268059288	-0.5711386714078505	-1.012013629234934	-0.45491205892083725	0.22392727885447308	-0.01606996604981572	-0.27013275919660357	-0.49293057991404954	-0.3533621431519376	0.31325863355848604	-0.03890161309726934	0.03616784914269938	-0.40057962360932076	0.5347282143688301	0.08629237265650999	-0.15629908141553986	-0.10499027228078123	0.09796508015744881	-0.8471077173070946	-0.7136730038976388	0.207343197164291	1.024706640565921
DTXSID4022862	2.452063825032459	3.3225737849863015	0.6690066751916208	-0.2343488627669879	-0.3671474236866163	-0.3380555141903687	-0.29428794415733645	-1.7568751491072112	0.8734333329513521	-1.3647661006806435	1.6610370648173964	1.0857479240452161	0.9080855720831317	0.9777887264086711	-0.1943469611294347	0.2299402963984349	0.16665959643429584	1.5829065002970273	-0.5886610085329965	0.6503982393457726	-0.9644135586847004	1.27966132979433	-0.1645249928482562	1.223872658625904	-1.1645574807499104	-0.2479675436290805	-1.2217098556073833	-0.9087524952279883	-0.5347341738416296	0.5193346879178717	-0.16028579047640112	-0.6185029601407099	-0.8417056750089087	-0.2966194611635923	0.5834190197281099	0.3674797023766887	0.6709207505044851	0.23300367203316485	1.2205225038814298	-0.7958524698515528	-0.07575680678810577	-1.8018098876700623	-0.5893991914764914	-0.082998947499145	0.2863787408718424	-0.5044493109043545	-0.5127182498374763	0.9023647003960426	0.6504875227252707	0.26509200063162064	-0.045590051047752725	0.7594441464803087	0.41221050078898386	-0.03673170951612834	-1.0209613367423607	0.19787696894918944	-0.2532980478330303	0.27739632645971257	0.5692344135720088	-0.8762365006248591	-1.2336911682186562	-0.4251522931981649	-0.6299943164069377	1.5168147492243815	0.3467938917661367	0.7241815814767721	0.14484355204294927	-0.3750526813259311	0.8306002507983261	0.4653911295972801	-0.02563721461803862	-1.3664167756338104	0.8569312613661183	0.0938432512487429	-1.2413374509703785	-0.16516376437053176	0.35137619519344054	-0.3991622139833843	0.9071452959808899	0.12642817149544505	0.02813138824041496	-0.5500316961748918	1.0728484451514937	-0.7216641090037041	-0.7813529001447138	0.1418522556837572	0.05594629758120066	0.22321903615490044	-0.6902286574360283	0.3153702719240296	0.5751532406303622	-0.20806334309828894	0.38307063208129377	0.5378022632655489	0.25935857052478944	0.35044965034483244	0.17240068486396537	0.6313582411967117	0.04797321711922104	-0.1906020088387719
DTXSID7045607	11.708236321446288	-1.4901332607131315	-0.8670288510596948	-4.697461176082258	-1.3443958343478375	0.444791066905104	6.548298680477227	3.8311978456430715	0.05692932943986335	0.8020314133454954	-1.3602122937363015	-3.1638667084843584	3.180339608182299	1.085855399013336	0.0657848412085379	0.30115147860134006	-0.26902445552148513	-4.423326591747927	0.6751191319806438	-0.22072870719833906	-2.3917490699274078	1.479881645070793	-0.11147210433930858	0.628672250057169	3.1897011238436273	1.1414386699002812	2.516691641284208	0.5163935204424815	-3.4897704626614834	-2.8351560732615013	-1.6876905804412967	3.9284011618104127	2.006115883220914	-0.6015376671904757	-2.2467584569867762	-1.6225967648991826	-0.09528743725961374	-1.0093590878796292	-0.0778262575964861	1.2382170102686592	0.6989192934945087	-0.5647952505974007	-2.466700099897325	4.032939190139325	1.6866617308960423	3.089380833854247	-1.168152961548652	1.3291694887081469	0.5196412226404932	0.12523559705095358	0.9994458869731639	1.5484949692170402	-0.6000336104143175	-0.5740713092011803	-1.506165600877238	0.8331771579770949	-1.2527431696057998	1.4311402551865782	-0.7448144113453014	1.864122911930108	-1.4058116314057787	0.713016600637445	-1.2272498515052959	1.229824186739988	0.9021704506735658	-0.6197098006158733	-2.783141011416348	-0.08393361662744687	-1.558589982012628	1.1309406496385415	-0.4122881557798317	1.600237848809798	0.7060918619424486	1.5162901492212841	-3.242629290030061	-0.007159657910998933	-2.095773516436695	0.07105497124980431	2.2862206097593387	-0.4147633060436569	-0.1565536757454063	1.9841764809120197	0.3971552131953792	0.7009813941047461	0.7848156252669853	1.5449552626452094	-0.3718315667435311	1.29302618484796	0.7475349836122003	-0.4835243479203974	-0.6592029314957264	-0.3462309359172542	-0.8504009441316827	-1.1065907706140166	-0.0695872127716366	-0.48538715146395217	0.6729585243670704	-1.3006252753278218	-1.0155290082167354	0.8570873335884849
DTXSID7032553	6.072506113653507	-6.195630987471944	-3.554411500289793	2.2285471066061384	-3.1262566313641327	0.5832702043318834	-3.1141729675034893	-2.4991592909992915	9.128806065370394	2.247273957138257	-8.291561775859648	-1.7718826167437465	-3.7638012052846896	-2.4568067124920034	3.392369777939232	-0.2763063305457922	1.3541011919748016	-0.7982594925832132	-2.1477782312887754	3.056932500331276	-0.43541097858050354	-0.5386111554449374	-1.5399852207334883	0.7112744212932598	-1.0456956410895986	3.3548817498186465	0.5182090054445325	1.2116677829306244	-0.6014025639858728	-0.020311889712839135	-0.21178197271409854	0.37270420461259135	-0.6836796933354143	1.5593923339116624	0.019770136111132687	0.7574607204597821	0.5154616811362749	0.3563652575695983	0.23865694067227256	0.4560215584593697	-0.4432320867581376	0.9381556302416024	-0.2405352486787668	-0.5689629874127768	0.7413522523500244	1.4561188039311004	0.558320092315594	0.36727295559034834	0.1711091763904249	0.13810113313463124	-0.4322195017050996	0.4497739705726019	0.9150292091578449	0.5162422427798207	0.5266941894117995	-0.39688274278717817	-0.02595129574229291	0.04209960746057683	0.7011693624606247	-0.11684839879107844	0.027395859594681504	-0.5748000198575423	-0.07652747309482096	-0.3707564918840607	1.0574539092316635	0.32642574606884167	-0.1729008679436397	0.19449252824030197	0.15353853261138656	-0.5947195575541144	-0.2102889165632862	-0.38770277144377574	0.9376637696836205	0.7883235079441255	-0.4758054020851676	0.1201899652487166	1.3606495987690626	0.43749037070357655	-0.16805779431486115	0.7524365336312697	0.2984416765225034	0.24632011468571355	0.1541015659160303	-0.32884737972119077	0.6308552218886107	0.05327736720512315	-0.19805320922681535	-0.4203942956471107	-0.8061752951150759	0.06959810950471836	0.2877289920119545	-0.15076931200989122	0.4454106440185832	-0.6156017541031642	1.393056701771221	-0.5604668980576628	0.6998248671507722	-0.9237467489177775	-0.013126215532547931	-1.1873938796497134
DTXSID2042145	-5.391338460147367	1.2190159541007461	-4.95624856185876	0.1400080789916063	-0.4735224270650079	-0.7066375513707824	-0.20386336749672593	-1.7871704024596544	0.07118330909992081	1.0960512464689751	1.1777302986411275	0.5627733717540186	1.6041271805588406	1.7302757132676274	1.1115924441622274	-1.435372296961229	0.7042518489289579	-0.5633718222676023	0.1253114375864414	0.604628054774618	-0.7280207999098389	0.14233898060426264	-0.07427195852735277	0.11659393179445199	0.2391301838371136	0.1353799076634701	0.1506873530489385	-0.9708658743405856	-1.0982827488879294	-0.7142743920055373	0.7805408308559804	0.592089372973908	-0.09460296031363118	-0.6279725200026639	-0.0762271193439745	-0.4645005978487392	0.6213584657236229	-0.15889292219229234	0.5088313635303156	0.34266191204489926	-0.4870538305205971	-1.0368918353533472	0.10019463814874206	0.7763650383680379	0.18016299274487027	-1.1984030022411905	-0.3983686109131835	-0.7673057096146161	0.08958402130899062	0.04395489897190075	-0.14899151572193092	-0.570237256036125	0.27455379914263617	0.11130221288800879	0.4698376983259531	0.09188460160762969	-0.2835809918111057	0.13499914451293296	0.5186681126841775	-0.2709462802674452	-1.0099501268085656	-0.3929548836755987	0.9473076709922823	1.0177565414345289	0.9715221970704225	-0.8370031130913134	-1.3165530258094236	0.3496344667462906	0.7986574565104704	-0.3450657559570188	-0.31516811950058093	-0.7012221246781978	0.3970606794401073	-0.14927898602573825	-1.6416277289962333	-0.35361041943731425	-1.485694534434993	0.27917631988342334	-0.29366575112370136	-0.4517920667828861	0.23656977179536903	-0.924502398677698	-0.031149690235387134	-0.5438538204531584	-0.0489752014031548	-0.29594744462744654	-0.5720648032863459	0.3797121689975287	0.024694213629259644	0.2484733979318559	0.6703867625123254	0.1514250389289365	-1.1659671206700812	0.29587403067211737	-0.22728513866650243	-0.14959110408141202	-0.6477329287845291	-0.09862014793249824	0.08180505793250946	-0.502597080852506
DTXSID3021196	-1.9851731602284468	-1.2186920169434456	-3.7355105048348354	-1.2361040418781337	-0.6662870866439237	-1.1218376414744453	1.676744731491192	5.40198289570895	-0.9490480510942725	-3.523671669881274	-0.4682523948208733	1.5561595445663086	-0.6966048498458328	-1.2223654685544825	-1.4944709666309959	0.9581517958060519	0.2664606552683545	1.5002958321686428	-1.1022789442788619	0.6195838182711361	0.6927375451097791	-2.4185532566663164	-1.1825918980498888	-1.076844186012863	-2.4412726284964195	0.49245287289730444	2.438901956621415	1.8818013162013407	-0.8448800157669575	-1.1460020186355542	-0.12298645538433225	0.06522260487377292	-0.8104261516572987	0.7069847549825848	-0.20613942388530282	-0.37170828483580426	0.5707695613860768	-0.2424511182884715	1.3133924215237107	-0.8836007806245965	0.041412008107003594	0.6750633015087849	0.14514095702619997	-1.1743432054189824	0.4690358527389562	0.15558645875872137	0.6129161522368709	-0.25613141611075235	0.9259207163774038	0.7143326717108486	-0.6085991231106902	0.16585548553377014	-1.1833593655254648	0.6007540038807389	0.4949142743351963	-0.986019246694286	-0.29546000232622344	-0.3050377962469755	-0.032540316484543995	-0.583291989750356	0.8297559841113878	0.028279768012167545	0.6117263292025921	-0.6188699177435096	0.5054023604392396	-0.015000799827378751	-0.4841009709132463	-0.08632166381643548	0.6988349629180561	0.5661116216819592	-0.18710354603687634	0.5191193577547057	0.6151327381332033	-0.6333851434269274	0.07626744071072537	-0.17304341368991988	0.800588304147153	0.023448916879377953	-0.19339626229658763	-0.0986752729218465	0.6995274598252932	0.4880169751445861	0.09350179064147486	0.26336597303770176	-0.17272255169112435	-0.242574314986185	-0.2855542466703291	0.6811419617808866	-0.48379479206996495	-0.20293539846734152	-0.2079497178010672	-0.0011187385753921517	0.08043973203594912	0.35967608130634426	-0.05169224689165387	0.13146945625285908	0.053821173150520076	0.21519259224505044	-0.3181656085961865	0.3344668137677955
DTXSID2026446	8.970241551141344	-0.9537155824431379	-7.1669548781224774	0.8956842618828753	6.321383821274178	2.7350914039777727	0.013335483728500864	-5.575451479617585	3.4797325680590347	-0.7510185785593533	4.106087595688058	2.5430648248992798	-0.31021292701175485	2.9156777297488707	-1.8030245856534897	0.014548814044996368	0.7188208887287512	2.8347077987275013	-3.4159820122581017	2.19990146152349	-1.5997351939483586	0.7455238343061864	0.06695187328222178	-1.5854470843307598	2.862206920408053	-0.5841803550543995	-0.12319283952051861	0.6782454445770366	-1.23883605691964	-3.6282982028801514	-1.160543668642458	0.004075343152192782	1.0792617917305358	1.818754356292229	0.12146006034121513	-1.5597432609120843	1.278286735071479	0.8525553046474905	0.24424708388800917	-1.2439200145110945	-0.08305937619695786	-0.7116819069183506	-0.04248689314440153	-2.2058923129905805	0.8105379783272492	-0.826726329841269	-0.698489128660125	-0.1022375650161423	1.3183504014577148	1.9190533658065925	-0.46460260613487775	0.8914315123185003	-1.4717746058250565	-1.0399047400951524	-0.2446390447649841	-0.011942806076241156	-1.277982075521205	0.6162204294821326	-0.6633333990010314	-0.06589423534182529	1.064545580268695	-0.5834143054165544	-0.05835248952665836	-1.533410119574637	-1.4677557906470413	-0.6875684959631428	-0.8799628511508281	-0.9768276178082956	0.3274060134325238	0.41396894326042405	-1.2415685456326182	0.7297139840056635	0.00675721814331518	0.29856141758564886	-0.2146657056208311	-0.9447583361590477	-0.961772640958123	0.43973930886145923	0.5704771654341937	0.5518524591295394	0.47173068256286543	-0.801979985754364	-0.16537904479125004	0.43248912591162775	0.7719700000949618	1.7427534827690885	-0.07667113192639399	-0.06350629433578489	-0.1993487567918195	-0.07667674187093584	-0.01965781059788493	0.4126941751613038	-1.1289121284705275	0.27259307938749044	0.14379144411852954	-0.7030566943243433	0.6076423252560492	0.1104146492442692	-0.025307853797817526	-0.7554913055232346
DTXSID3020625	10.317435344296818	8.594849643227402	-0.39507279055658795	-0.34322372299402265	-2.544856222862337	2.4927107523905976	0.03652318346928437	2.3653125238704917	-2.2107684326259758	-1.1007757358525314	0.731712958217428	-2.4131599635364065	-1.2426844572798654	-1.218453965526374	1.410068164764246	0.2989599823447495	-0.5122357889423355	0.5278935142888873	-0.3662648318711556	1.106778308622085	1.3275087042228029	-2.4228493761511887	-0.0941001592304106	-0.94073540429949	-1.6285185085434133	-1.1134875561899995	1.7199665373154807	0.7020141238476493	-0.0031723113174680845	-0.22203691896959607	-0.6753965617758262	-0.669706271217783	-0.34300667203143415	0.22411972929187005	-0.09912550688838037	-0.4033144085527424	0.8879733970512523	-0.5130203067258052	1.181473594852121	0.2108822936435745	0.153908665508236	0.36788204974372896	-0.67704288646246	1.1606038955780853	-0.012485066120120413	-1.4556416144949371	-0.07504160250870395	-0.47484388552588797	1.3314359983875228	2.49346184139354	-0.8026770972140341	0.27843930959017477	-1.458206586568701	1.082439087440833	0.08148595218471273	0.5952933118296836	-1.424580236958467	-1.4691443818295582	0.24393491317963711	-1.1570534511759207	-0.7623771171608755	-0.20495418059984227	-2.7947010662359086	-0.008811211517139997	-1.1170899171849786	-0.638587379050383	0.06642799958070619	-0.2705183937603965	0.06731403236155957	-0.09284496898195678	-0.4688718509972877	0.43477132693846143	-1.0316582075976453	-0.16422641405906865	-0.24361098359659034	0.1744881782323934	0.2975432308490203	0.6033584579542455	-0.9090460970022407	-1.2519688967063303	-0.5007542979051705	0.5346667989416996	-0.6345423101575748	0.13860430767454676	0.35349574214976004	-0.6420402712793536	-0.01633723810433586	-0.4643690977362323	0.9377055258218487	-0.8947458066254786	0.288685123106363	-0.6541248471451226	0.6714392218826474	1.4376216223428504	-0.7140921041757488	0.18566375892703382	0.3991976319044747	-0.018012269884947196	0.024445926110398156	-0.24890380725994415
DTXSID3025671	-9.071318782587278	3.5690285835889033	-2.6855512423898693	2.267038307936586	-1.2084832702757005	0.09758915695618572	0.6522371550160272	-1.776825889191361	0.6133572620009673	-0.33461245990896876	0.15370299793718248	0.306385461429181	2.470517373535015	0.6900994848907755	-0.01703639077228506	-0.5433890555102068	-0.6575415455104233	0.48201981602585586	0.43439758015430974	0.2066645189536709	-0.6435026233400656	0.11810664459896311	-0.39937007084774173	-0.6244171496763733	0.4018465432404831	0.3392869166273217	1.0021563552447816	0.07973416702007893	-0.073974443646429	0.6215343748825716	0.4674502384853566	0.8988421672825827	0.18031156951860136	-0.19444148367922093	-0.2922339299298249	0.025965726190587523	0.12566554178728306	0.21080384202744376	-0.013402948853015888	0.31661736252875017	-0.020068976089661007	0.13345691264822282	-0.07578225798298037	0.02995584154052658	0.3124938900963176	-0.24213256891235754	0.5954720973789728	0.3365208990895293	-0.3341511201525531	-0.9268689605974212	0.10678912393569309	0.020080043118136943	0.48912524780465466	-0.2986254352714136	-0.07952089051575624	-0.5407237101294219	0.13303037141220378	-0.1549481493256026	-0.13686530420564597	0.5445140088015958	0.38151736145445503	0.6152573980222045	0.31496703158884365	0.11131464800447512	-0.040415811967599524	-0.7943340183769626	-0.25151809458284136	-0.019354492450344374	0.2119413853082611	0.3652732513415438	0.06427498672894065	0.2244336079170955	0.16464789879373776	0.06570675168724778	-0.4186292460207405	0.22616953668866313	-0.47499825377137733	-0.020928393703060877	-1.094982155336275	0.031677246684928134	0.08463932938980843	-0.33266572182452575	-0.3580532726331338	-0.31012410047857275	-0.8518768724112614	-0.19397436750849917	0.9155156790905175	-0.8565121003665075	-0.27888396726618064	0.2866663852627442	-0.5035600615101132	0.207903012075738	-0.01712440469226494	-0.005871586345272864	-0.11711614553889885	0.9564713755397345	0.6532461962380245	0.40512165447282	-0.0899867934099663	-0.17025038359124062
DTXSID8034823	8.23511721450828	-0.9246013623111026	-0.22574797946061934	-2.7464550612520746	0.586900427732446	0.4642065222082317	3.022882553312896	1.1071377391568769	2.9356006748245798	-1.7107148217941583	2.6502144226458895	0.47998338068441004	-1.4035479343156458	-0.35222495091238615	-1.1981287465866923	-1.6323925085804514	-1.0525611246734696	1.1653434753847667	-1.0886041896689085	1.0367051210915201	-1.3445439088777875	-0.3087798725029397	0.8526248478337713	-1.3617937061665766	-0.01868514262277791	-0.040267868323846906	2.1807798715162265	-1.6173827461620804	1.101639387522833	-2.4567551323239925	0.5346581234161816	-1.350415722582732	0.9596007146885067	0.32358175065116607	-0.26225154143798135	0.2830060089625526	-0.14806610930638522	-0.25924470310624254	-2.1065456337442052	-1.1849320680251219	-0.2702284810210926	-0.7038206318105781	0.6093541029276978	0.30372929434456836	0.5441797120399251	1.4459970182121533	0.2253065731498636	-1.2973465011086307	0.7439282511304601	-0.6820256940756358	-0.7197569349478463	0.6608562201802088	-0.550600230367454	-1.628328895174526	0.5128097047740862	0.7560330318359432	-0.09580984002915403	-0.14972600736155225	0.6566875050004592	0.464317145868995	0.9580100684112086	0.17418567657681458	-1.3903612582837497	-0.9288965225465375	-1.0990558988573764	0.2170586703541094	0.06491383530588513	0.02620879321168591	-0.38992076010560395	0.08850318191591648	-0.39753333342453645	-0.510174840373512	-1.5592545147057981	-0.7869670035025531	0.10799155698857203	-0.18185894976923644	-0.42085808949201403	0.4450382905767668	0.6847142920983759	0.2026070473166527	-0.9530270715256782	-0.21646419348072327	0.7519765690171217	0.6032979877510138	0.2702932474275466	0.7935764599793866	0.2761816604417783	0.41728884406362277	1.0415898284593659	0.19165769073785102	-0.033431000044582805	-0.652275254082999	-0.7698774286963301	-0.4533765350176607	0.6183345060214048	0.4937061037674856	1.5089183692338872	0.8402699586738381	-1.043720374656123	-0.1562095196597714
DTXSID1021740	-8.704977632463942	4.1263141697309145	-2.7296431889397805	1.829751812032355	0.45522352548554484	-0.6912956001120132	0.9679992033846687	-0.14543804799341487	-0.19229150002225898	-0.46903881367336403	-0.5589198233758981	1.1577270628140102	1.1927203085681597	0.11701157179498854	-0.1812184206895236	-0.10795487576220912	0.20110715250971234	-0.05862273450266491	0.7829850692315314	-0.8291147546824041	-0.6924991134105094	1.2184149551788732	-0.009198807213515774	0.5500382673998572	-0.23841655975402257	0.595943982444128	-0.5223886006628992	-0.3317477471537794	-0.6209864036680012	0.2111238125005748	0.6154831122151279	-0.3879443549078129	0.2460501388639241	0.1678222375186251	0.31840897888368924	0.16537943736093363	0.06171099437294329	0.8059248526668615	-0.26136601190371084	-0.7507719095253496	0.4072832678908768	-0.3798702206323496	-0.30620111183041365	-0.2829332918958957	0.4628431863065841	0.24153896216940046	-0.5944229529315369	0.5095877117169008	0.5776478910451208	-0.588693919814544	-0.45959875325129457	-0.7784786289946082	-0.13353485656217426	-0.4487643262109218	-0.7064718278565999	-0.533288893236958	-0.3779788121768103	-0.4711922934715604	0.07480995320574224	0.3841092998713453	-0.011299436473061773	-0.334153100149139	-0.10896260042090371	-0.20250710015081425	0.571739476950958	0.11316900492824553	-0.27246497728208874	-0.04857215134929897	0.9326912310695041	0.6447137402784371	-0.3798401826477683	-0.9586273655140706	0.5572320497320172	0.22355313685211178	-0.34979217852811817	0.46335695021654655	0.14115572287411854	-0.19900816090322992	-0.5919765219438539	-0.021862303621797908	-0.08573838493671973	-0.601114037780976	0.5453773905779297	0.0362314229746471	-0.08336974336378533	-0.3467137760163782	-0.3341871912285674	0.27656209900612044	-0.39409144995006146	0.034844258234989885	0.712371009646509	1.0063554822362941	0.20444193864250557	0.19170136990838407	-0.11469463559467036	0.4594469220159352	-0.18339797205221497	0.06727699699241271	-0.23876325037754717	0.31454359748046645
DTXSID3057690	18.48927613291479	6.335165732388862	-1.5527905144977872	4.289667225824854	-4.406925782419674	-3.08655338704395	-4.284157503627598	-0.7487174026851628	1.2324137441365524	-1.7193445403152028	-1.0159581957731139	1.0606646987850086	5.1636438286150685	-0.26417676343752255	-4.488000532565022	1.9238505076014236	1.6861628267100546	-0.03138856516102567	-1.0966135930206382	-0.295033067643702	-0.35797385112388747	0.6600506006550245	-0.8702516464431912	-1.0132614208915698	3.5845169309754277	3.89829747540671	1.8405665559808164	2.347099658319821	0.3361354670402467	1.217149289010468	-1.0795549818928543	0.6443276799575561	-1.6401464352072026	-1.245690929722348	1.0058958795067283	3.188712264207355	-1.3552394768863214	-0.6338486409765555	0.7328742384233278	-0.4882559385385305	0.4355971780857426	0.18228329831100148	-1.0137829733031158	1.7807866581853253	1.3853860677630334	1.7604226446060356	-0.7076612421844257	0.5216538136488017	3.220844062907649	1.7671372539344983	3.9725055389983086	0.7341360725271584	-1.530898475674933	-2.150975682453307	-0.7497827652395936	3.4045683700673126	-1.0830997672951168	3.690145250714284	-1.086497628886579	-1.0420195584473684	0.0429621198982901	0.675366594973674	0.41749395974856923	-0.1283582772293584	-0.697748029787496	-0.7750426135167329	-1.1464821912631948	0.9334722435175956	0.33042397624874476	-0.7338529383132961	-0.2815845319131289	1.725159236868908	-0.44526197973594717	1.0434666930071943	1.3043431732134936	0.2839049931999479	-3.622573672665383	3.0326970928115102	1.3407559932658817	-1.0513800836279383	1.1012358882178588	2.1219150524500834	0.4856535395820822	0.4256993566284217	-1.0001949529711063	0.302828720803488	2.322424533643254	0.5181963090692924	1.1213178920422997	-0.7915536402994908	-0.9554016085953067	-0.09670972114562695	-0.0077268250280437	-0.2452985215777908	0.3108453728548039	-1.095746654982591	0.4178609906577208	-0.08287123466488144	-1.0731542176566464	-0.16377437454790492
DTXSID9046942	1.0882318483107591	-0.9537922131036006	2.5919555948677253	-2.7146390188230742	0.9597836829144106	3.0821254813700887	0.39148193658750513	2.491730020753139	-0.7376886264698879	0.16096992381438854	-0.36915845539561964	0.1598983015356785	0.8874438599289853	-1.2885517272800713	0.486109573221241	-0.940493562216791	-0.9001771472807747	0.26602165324667265	0.35225031384228167	-0.5611688635541667	0.45984179301500183	-1.003034856093835	-0.12768516727955442	0.09268410277532553	-0.25795936921198803	1.5381678711130047	-0.4128400202711924	-0.5270781695076132	-0.37043947381701886	-0.7088459778241762	0.07329448115385341	-0.47084603129963326	-2.233435642641521	0.10918857193810659	-1.1774536635811768	-0.6810580214125016	-0.28907095163494034	0.6927500193846723	-0.7759673522932723	0.1367983994752928	0.11111586715666072	0.674305921412986	-0.4673840686312117	0.7747990969062999	0.8484656549583895	1.4157094922341718	0.8540324328269213	-0.09567311699368743	-0.426284375674922	0.9537004284322345	-0.21790092379211223	0.6093781722324895	-0.275561400096571	0.8980460576901035	1.6771017365412317	2.009996961396581	-0.926524127814147	-0.6728871559996604	3.178921115250367	1.0246443804488479	-0.8380107449135846	0.7149988640045388	1.3741704266454446	-0.8137676594566702	1.2775912858376932	-1.2137449629770551	0.05815060309131453	-0.9979382354171894	0.5498754362305074	-0.21295854307245546	1.9080207268739928	-0.6659231288583108	-0.5557497318296561	1.411757726419733	0.2545733351022582	0.49230884715510015	0.408240501844366	-0.0329881648661502	0.39780337197346366	1.059394306308146	0.34002181226729966	0.4415821888662413	0.6553469958159991	-1.44617621751952	0.012519699692939456	0.13919944163795547	-0.9888617620718052	0.6835510184431511	0.7570326992787556	-0.040656816853117624	0.28133549749141207	-0.577680625602994	0.3030990260984343	0.3217487680446446	-0.4736973941415855	-0.6324555677300586	0.2677883065792932	0.06978476514335673	-0.358765577716409	0.34781807256113245
DTXSID7029617	2.0330726131898653	-0.3274118354158667	-6.096954919543835	12.849596059919264	4.007292697476723	-4.165912861710211	-4.081230456901937	2.664719748861749	-1.1971286821597704	-4.229448041733028	-2.1558895896749353	0.980334383213088	5.3569738729557645	1.8553613111373215	-2.1988702383519825	2.0120661558043125	1.2022478127001595	-2.2131222184539325	2.0918421238577642	-1.6801773612513942	-2.4511445462118617	4.322037666714792	1.7878889342383777	1.8889045399278972	-1.21656784689324	-0.1123343135028164	-2.4946386538039875	-2.0403802455603306	0.6447151540673369	-2.5936377368872874	2.7326434773220742	-2.276955472937304	-1.8589357238812254	-2.5586377261690094	2.2653969996281553	2.334789914988185	-1.0813099717427355	0.8582725409476204	-0.403802274177879	-4.089847888476195	2.519761516739858	0.0943471650217913	-0.4205812611155809	0.0290300763858493	1.1281562670347678	0.9791251332447295	-1.6842955463198548	0.3670145771148349	2.6528353665275617	0.9793705649741409	-2.9621757824723534	-0.7589583676688799	-1.9096558963848747	-0.8475701221522544	-1.6153648752411807	-0.8474570423751787	-1.2098183943752436	-0.682313819153563	-1.8279446548784883	1.571987425462355	-0.3006581875888984	-1.3973658863906233	0.15079971240165937	-2.078717212530734	2.4593039389329068	2.1402411335326783	0.9095052819499784	-1.594813780801559	2.6161237871161993	2.13127116071519	-0.5292965826685503	-3.0787883952448163	1.7418742998532417	-0.5481450614790462	-2.609814163232151	-0.11717250882540482	4.009058306075263	-4.914619972709277	-1.7180604806881474	0.675965002525428	-2.8863277890390093	-3.291889175239707	-0.29961545237349047	-1.3077216939887049	-0.3346932092925333	0.13577723725019378	-4.155141633088471	0.059946080245669435	-0.7385908165537698	1.125806477107098	3.1191234683866473	2.486899605382397	1.605918184856124	0.24514507078081346	-1.1584921524365375	2.1210739538995655	-0.4880812397125719	-0.25063419815750615	1.4853359835142466	0.7200107892616192
DTXSID7020425	-1.9649790182361309	1.0087520861247206	-0.7527130573196983	1.092946577592131	-2.5526201326600497	-0.061738934374572625	-1.7629021372689486	-2.447040973668047	-1.172184852521076	1.4996249104545458	-0.6357237446450689	0.12048797998980859	4.272519103631129	1.4649988546632606	-2.9262476922070753	0.9466419063135656	0.7255453156792312	2.2232291827939448	-2.794911763599257	-0.4112469176381624	0.25274553393926574	-1.4814935576697177	-0.550257766254014	-0.8043450894332412	0.2726097517124036	-0.4996538495511147	1.7090512978870793	1.9152010240322914	-0.0552620024671094	0.27436038054485545	0.8775162223228542	0.5237626511374713	-0.7077813183176552	1.2758889591037355	0.4214891375439166	-0.2700128683877259	0.8944553612024443	-0.9811877424506391	-0.3958143635267778	2.8850649684116743	0.34995750489410216	2.1505866250738155	-0.2398454455115136	-0.2843265409812139	-0.4201489107249919	-0.5682887275710966	0.5091498910267178	-1.112884053084291	-2.234069967567636	-2.730145404578983	-1.500127183872819	1.6255340175018174	-0.06657572930536364	0.10871796456088377	-0.37498715143351385	-0.6206089444954378	0.9060931897396733	1.1706753767073204	-1.6458136758057222	0.290235744736741	1.6148754688042115	1.106593749722481	1.2090820437140055	-0.5307791256173565	-0.3930505002882077	-0.3076426319836889	-0.7949120680572497	0.9954081813476641	1.5751295169765989	-1.1462970299120487	0.9331705697783027	-0.26346734589872894	-0.2090751522754103	-0.6089852135319594	1.0741001887190715	-1.1003340170979967	-0.3549022769363591	-0.19267334497469654	1.2106883294818591	-0.29162809772483245	-0.7524476828379586	-0.3716990719054678	0.011220904357006057	-0.7636146288108133	0.8593834490168146	-0.2960191557244907	-0.40022736961686595	1.1642401552380461	1.34948785018526	-0.6292014052409264	-0.0723783066495528	-0.18427011196433593	0.18166971442701543	-0.2582262082953566	0.6235256325956393	-0.7461291835617202	-0.014775581571033005	0.5421521834560353	0.049237458808690474	0.13769977569596428
DTXSID2046599	10.200364185382682	-6.163413627482962	-0.05315419630301747	2.067745649067202	-0.02728012882738573	-1.0875737495026634	6.295812355777854	2.1786116176663874	-1.3668920030870033	0.9828070103677153	-4.776358703973904	1.5747160118751935	2.7103843704878594	2.7568040623887184	-0.35901441636113046	-2.926865252464602	-1.3325507281058613	-2.54970500758456	4.872101532471928	1.7681182701484477	3.0610426771045396	-1.4854254242097635	-1.2976601282133209	0.14968689519871065	1.8240948370025698	0.7313617079648906	0.9761564982856974	2.4546643131274775	1.522739622096789	-0.1402780372555333	-0.07852933086561456	0.7982690244417471	-2.1046191661899845	4.61401416511037	1.3746352897890373	0.1944780858587964	6.664631992062602	-1.3486590516478085	-3.7022470599331045	-0.08799226458217145	0.10214908128786986	-2.2729389949951018	-2.3170664735008204	5.2757042146099655	-1.2071900751181448	3.555039011794163	-3.0100747339479406	3.026223025947496	0.9400057199615494	-1.8036580151633015	3.6444615489543866	-1.1869738195351918	-4.132465105435026	2.7752211330465695	0.01750142751206085	-0.699028496888237	1.0611506222932818	-0.20104362797473257	-1.5751748969152666	0.22187073682679723	0.21805459223260548	0.0783805612684971	0.13861829771847275	-2.067824077345492	2.6234005554143978	-1.267469327607277	-2.3250370266521907	-1.614203507044315	-3.3324720782872617	1.8237049095142837	-1.2333465133367323	1.8252396584192065	-1.6347745321106488	-0.1645543012006186	0.24452367617795415	-1.0600864531434433	-2.5857397257096975	1.9055277294405664	1.6321485387915995	-0.0024124946160494682	0.7725994035413558	-0.38101668102808495	2.6604043145838667	-4.406803666413943	-3.4177727269140044	2.6212549468489046	-0.22632957309655008	-0.7204878967071983	-0.8513991288476013	-1.5805434476881417	1.0212228863937007	-1.6834602532478673	1.455132375492693	-0.8697891848672967	0.3227976630822605	3.7388967292690096	0.6816972873745389	0.2528229971768749	-1.1012537450487934	2.3695189013271944
DTXSID4046579	1.1819657381800692	-0.0811018294620707	-4.4078382378033645	2.056820160131133	-4.5761362946310005	-3.183768171151171	2.8474458458323078	2.2611093552593866	0.73990796322821	-3.859836584318383	-1.9309584481518196	1.6575987404640986	0.4515347012173709	-1.053718703369992	2.6036406972393196	-0.1403085035458106	0.029816244717466266	2.9245688983353086	4.020930331492098	0.37938778267407836	-8.177495343882887	-4.889845359186636	7.053084861316331	4.254768492521713	5.214584584668094	-0.07632716148301415	-1.8168221585504414	-1.2071017772256676	0.3109182699301806	0.362270371763604	0.32476524501580545	-1.2255375812150322	0.06978727853042999	-0.04172885333285322	0.4307808236036455	-0.4399109433047301	-0.35747317345784885	0.531069067061338	-0.5781317758395419	0.2695636645103585	0.7309989998509923	1.237602031724167	-0.4597038203061436	0.6191189876404193	0.19818136255476454	0.3376661030767805	-1.5336642570400423	0.9066128340962137	0.6953626557016632	-0.09756999328105806	-1.1770195019699867	0.9290160868692554	0.05130641648300225	-0.5861767535784488	0.15922240355762782	-0.6112450834082953	-0.7882929380776166	0.2696975509377244	-0.5909088456753819	0.44797918093604017	0.2538662277783171	-0.5308188221455699	-0.8216451013983943	-1.2288663298142821	0.8068315703537069	0.14536597945070445	1.1684390565940133	-0.5888355451409784	0.8053792873955552	-0.6498262289830881	1.1618935057426791	0.48736461670921094	0.2086782275170297	0.543504701868238	-0.17827211836145876	-0.7266657964027421	0.2337841830439164	0.7200721766257264	0.1418611231655701	0.903903003777899	-0.6209136985415629	-0.7179190281833533	-1.0769461364484523	0.5882158964320299	-0.9067561519310676	0.7762370971565247	0.047300798195351546	1.1134833802080413	0.21702514833136527	-0.6998759828982033	1.2763347694842577	0.34369336608346257	-0.46702873664074823	0.19373198797158328	1.0102650250044223	0.40762649304952986	-0.2520400357852553	0.4653775244766353	-0.3014264205218659	0.2536926175268006
DTXSID0046729	32.009052742220184	-13.656009157904366	-16.71408225851228	11.573337173656434	4.14317085997621	-4.068047192005268	-7.4956846061023015	7.271473222193125	7.18955739751494	-5.738417711402236	-0.9021313154594991	-3.617409847082832	4.381408268677319	-13.641266348928156	-9.041493270563889	14.517177733263784	-10.660265663384928	1.459733320141368	10.207571420088067	-1.0342842981966838	-2.0718648482718733	-2.550282141781772	-2.298572055001494	-3.479912219013267	3.038383841515376	-4.468519550079561	1.7546926779140077	-6.865267484638817	-1.4181671561009241	-3.92944438515639	0.17141308798577654	-0.11016783760692249	4.547134877271625	2.0653617617725573	1.1798183648628202	-6.005960072247787	1.6997991499962217	10.343054883968355	5.314790659695337	-1.2823356325110091	-0.9997947278986672	-4.3848680507285005	20.142241576804125	9.540371322183331	-6.060694980318059	-2.300346250462983	-2.9256705021942007	-4.355722933640322	0.10402644417573706	3.6176421698469343	-1.5577587279071812	0.26008149545709763	0.4892518682830714	0.1817866209566181	-3.619534880456984	-1.4291604347670077	-0.5608638636379848	-1.0474786898886879	2.9115568410437853	-0.5007894702334206	-3.892323373752792	0.244808904997524	-1.6741598549542807	1.8753649469471076	1.5053982165143596	1.8519375199113934	3.2974098036416493	-0.4564683443788602	1.6652508410299423	4.479688521177703	-0.43377224410402965	-2.2412464499902236	0.7557724611320282	-5.061055936753815	-2.4505857062376903	-3.7624993550436403	0.9567487708452235	-2.102473175176828	3.9527068770491294	0.6802877916575767	-5.062039373670595	-3.327795531823135	-4.346349207213098	-1.6224489003707896	-2.8809959891120855	-0.8384130085492315	-3.0635220695669103	2.4466173140010565	-4.843954091693844	0.7884304951982797	2.298714162352055	-0.451215576657508	-0.1688578281965698	3.3553596031579054	1.1902937200873593	1.1801716708310908	0.35615017001214333	1.4199756156343413	0.80430128231407	-0.4942189008111807
DTXSID1025857	-3.469605199070338	-1.4665339368913601	1.812268647497262	-3.088136613672628	-2.299831307133374	-1.9726515815790866	3.045529825943293	2.2304283908025653	-0.6778786843938671	-0.40571682723951236	-3.473423849014546	-0.7306920905516154	3.487435259045266	-0.5884525016572633	-1.3371735908877034	0.44304237899259186	0.13958674844385047	0.22557351393023167	-0.3577559363644713	1.023274363444637	1.1896095747931088	-0.4011933825703447	-2.370784010197934	-3.7020470719306307	5.331445640864966	2.3867560695009287	3.708801647778529	0.17786228823845135	-0.34823576580248816	-1.9257772010604968	-1.2873318090677623	1.361510843167252	0.11320843992474777	-1.3134102827743248	0.1383444962155053	0.1475335547797262	0.5511509977115638	1.4264932825887104	-1.8073383620463206	0.5033280169199621	1.477068806589608	0.020150396772805328	-3.896318499612237	3.493795433649946	-1.0234057318602496	2.5715774498123882	-3.005795421822325	5.475257380264321	2.419806684269178	1.7007927962106486	1.852684821042435	0.16883275651374657	-2.8965316627690507	-5.121665997447717	-3.1627058278300977	2.863364498087505	1.7596398115767202	1.9806371393286055	-1.951528612041325	1.3099130036530464	-1.5760406214679075	-0.2346521658302401	-1.3136810335834512	1.742889918148566	0.3091105247451682	-0.10934029879295566	-0.7986514489240695	0.5299400657257876	1.0188461619419547	1.1587122235161285	0.4536936261611376	1.1742257482948844	-0.5596175339328923	-0.16994828266058415	-0.48514594087471535	-0.9092917193787905	-1.487354145891014	0.022487995453415226	1.4896459344212447	-0.5174886788574882	-0.7894778539049336	0.18644998328409101	-0.13141018034892848	-0.14480964861005352	0.011391178501691556	0.8295827271489856	-0.27934284163777856	0.4578953070494271	-0.056081526891281826	-1.137319258415539	-0.282036901721737	-0.07420985284220846	0.2811045140625638	-0.4958450742489502	-0.13673751602191817	-0.5294907035822057	0.17143612806638364	-0.5766409208866378	-0.4981964541834868	0.28840921715763845
DTXSID5049071	11.484708210619903	5.857448548588759	-2.173025050935465	0.8538347354013963	5.030173130464408	0.02887761442179563	-1.4262420780084666	-1.341574374268118	1.636933601435778	-1.29625916966015	-0.3183874522813338	1.4799707161964362	-0.13031552010537445	0.9325697725736454	-1.1361804057741292	2.058169775555833	2.127402272593753	3.2203366052713176	-2.404369179431266	-1.6928326256893276	-0.8485143062954644	1.4905166554035234	-1.1811457447704	1.1440982862592284	0.8867136096718873	0.34784854107387736	-1.2094373008987716	1.30150448724764	-0.21644566975135324	0.5331213408303316	0.42763155878752246	-1.1713736151174032	1.846505949799628	-0.3252244631472382	0.8752271894147856	-0.15937276252946658	0.1479456425506798	0.12736070001128325	-0.8522870285400761	0.292671425213131	0.5791487689312361	-0.6051131313125111	-0.4806410020804264	-0.502257961797958	-0.45652102426991803	-0.05195379286210513	-0.3123007203519586	0.032554806732802886	0.18454933619139957	-0.7402003340333364	-1.1998429591172455	-0.5205619574633789	-0.6477396677001023	-1.2547687395520468	-1.0198751390782084	-0.6713971607754374	-0.9098252971302565	-0.19340600986198248	-0.0064562446800706125	1.5376366487315174	0.6190837860527446	0.0845958873121202	1.2039880543324168	-1.488735764915372	0.6001751345355908	0.23492558508790773	-1.149947937742901	-0.7607173687858579	0.04551542948500693	0.8316698348904621	-1.7324082415531077	-0.10906490576501669	0.4260348631341988	-0.47447790080792906	-0.6926011472600923	0.6037561369474492	0.46097802980764	0.16034564687660705	-0.1917049525248967	0.0031888324060107102	0.28614508526457766	-1.1746934669616893	-0.5732728219684876	0.09613585300861002	1.0260952197039983	-1.0294123094349963	-0.8765837610112083	-0.2893351926332535	1.0649742394437587	-0.5937696275567153	1.413862549995869	1.3865666921590112	0.40004551588148435	0.04944073013464386	0.18491817984683773	0.4873530985949959	0.9475913768279445	-0.17753537884500328	0.6441498255657819	-0.3958563577506796
DTXSID3048736	3.1381845089547977	-3.776018965011028	2.2343371295417347	-0.41915609764895456	-0.570965144712068	-0.13264520345988462	1.0230157094210128	-1.2414537339924485	2.3912286214936938	-0.26568457179588967	3.0047960391510347	-0.17964708621115755	1.990893560128228	0.05477331812392514	-0.6182122244486513	-0.4868264407610123	1.0834297554940784	-0.23093204529220904	0.3732445467256281	0.5610147360313913	-0.6017592979064444	0.5855685963243706	0.483180370709594	-1.6830391822099657	2.772591137329272	0.0013019220422026414	0.7123789743470186	0.6582695537728459	-0.6222046389139447	0.685383060623837	-0.4120717181155967	-0.8661172330430487	1.1067200694455206	0.45919020517522147	-0.7555454688179468	1.216690042720182	0.8443519509461409	-0.06199833453270478	-0.021739757138979868	-0.6790039683992589	0.4351079141403399	-0.1256803712399038	-0.1755529086730692	-0.648960097992221	-0.3337155183591853	0.07430975794702463	0.15932725517212026	-0.4607141151874068	-0.02838919411832401	-0.5848631869205504	0.14802025459634408	0.3960591552306709	0.1835887917421533	-1.1306859755743006	-0.6955302783961229	-0.13604213715944774	-0.67741666980293	-1.1745204323972815	-0.09746796791833912	0.41203933235912077	0.10432207451306356	-0.8955986544399832	-0.6549557943289827	-0.6069546036053897	-0.21228928452493182	0.6994951986918707	0.35200813101458334	-0.10295537282916475	-0.3803662455341133	-0.035455754617547526	-0.48182255639316957	0.5605210474798967	-0.0746884112395323	-0.20168528492837434	-0.9511431604987267	0.16072372793039194	-0.3799921564111471	-0.2606304727082729	0.9727605702687601	0.2551236289664875	-0.2813245934703524	-0.6499820239790126	0.8553808662686782	0.6859202089389999	-0.9328793466266061	-0.2370034939871075	0.12849897674149055	-0.31596821913044254	0.003259430171496993	-0.10724390012839634	-0.132860969918731	-0.24422871893671586	-1.0712827001834317	0.3558138546603195	-0.5654571895728275	0.0950527632401757	0.030576369206446137	0.670109130752388	0.16800900550575312	0.38034772045194615
DTXSID6032641	-2.187151487961514	-2.690266225803982	-0.6503142799641276	-0.28655758998870906	-1.8997207264544191	-3.368329016255854	0.5938857993751879	-0.711825970668851	-1.9765370391599402	-1.6854348518502982	-2.408647696393459	-3.2548786214062244	1.5294543713537538	4.94249656766481	-1.4267435343137753	-0.4794516264174736	0.6421721044566695	0.45190481349797323	3.2155034599909893	1.1130411472680226	2.0135958129187577	0.8025344838655137	-0.07788102026457905	-0.6472237561928095	1.258696951160697	1.5354132727547463	1.1873932071517421	2.9405567002201005	2.0514058920185168	-1.0869037243190798	-0.051794824538714236	0.30685319975523073	-1.604078463893001	2.5477748834914364	2.0925970240442746	0.7406959684397673	6.317147572736756	-0.993996967315068	-3.4272186230448134	-0.4643024004496958	0.008862947796080827	-3.190640561891626	-1.9096111297180804	5.969424135619069	-2.0008432061949106	2.058017805940009	-2.9852931675026695	3.260235591480204	2.9636854459078403	-1.5223806298155091	2.103993749311478	-0.5467105427406572	-3.0685261711101863	0.673416441875503	1.3475684509158399	-0.42429854951352697	1.7023868839054872	-0.5483754654148518	-0.8017987217940618	0.7238735765510864	-0.9727163894119571	1.3350287001742338	1.0418120969346398	-0.5298186395646487	1.1619769307539625	0.8103139659128465	0.08113084731025691	-0.42915965431517283	-0.9915855494275194	1.2718405580190797	-0.5678987335188879	0.8320242753084968	-0.8302190152178889	0.1118642636306696	0.24878947600030693	-0.09082546112243131	-1.9492704166148982	0.3929982915037863	0.8180061629713324	0.08382694311680625	-0.4799392210916718	-0.6968319006942262	-0.041394383704032464	0.3186428607710858	-0.7109819149182747	1.1114215800909055	0.030354318250405864	0.08053997769354414	-0.3101167134322523	-0.5946567477567996	-0.3981002098119897	-0.40576123312526835	0.1659596193104991	0.14666582830402303	-0.510187061338317	0.011309478757753072	0.6505664228337296	0.017025333926943564	-0.548938183525181	-0.17541915000498173
DTXSID1022558	3.9743804998698913	-1.6210560266959184	-2.627003737837354	4.196251085473723	-3.285725644573898	-4.316736676110675	3.885935587962629	7.166898895130064	0.4661026616605397	-4.24801022809528	-3.3874796311195516	2.563091885229005	3.919054355249494	-0.7570923720931835	-4.828750891596601	2.8286601485995115	2.2279781571060577	-0.695576636782905	0.574992142583594	1.6029049873380843	-3.282630122195192	4.424778585880768	0.6850669758588034	-1.4991389875097552	0.9463038585290704	1.5671096425959647	-3.811996600641683	-3.8105260310702835	-0.1553347721861597	0.855472084151012	-2.2487479084401696	0.6183825160064401	0.7908630310846685	3.2412178037838832	2.002809605925056	-1.6400703713666824	-4.874556338957345	5.6207979176689244	0.10967991289988692	-5.665599987210565	-4.692558676552643	3.85899711995796	6.785132637160539	6.480650569251507	-1.5274220104474652	-4.031035405634936	-3.4304453384209084	-0.6187079388055742	1.8747255869031698	-1.4489463777750093	-1.8715856196200438	0.9211990495972064	0.6393640281877901	-1.3935469909469473	-2.541677220855813	-2.4831896408148086	-2.086590593816377	-1.6800278297567364	3.0131319338308584	3.240404830777786	-2.4808915078971583	0.3220532819448796	0.06749685659856663	-2.238613948423189	1.4855033759378462	2.5350230174682853	0.010803276356699448	0.5208998456154444	1.1557561988526401	1.3750819904799574	-0.9056992516290733	-0.21687924286145782	-0.6629406733914249	-2.364462174981294	-2.007399694228225	0.5453023599011321	-1.2115772051036826	-0.6649366589858163	1.180235572209675	-0.2823221982729841	-0.6751843440643135	0.40478140154495135	-0.4664847012645633	0.5134438554186198	-3.6866283195744702	0.30614626172969195	-1.996818802591305	-0.039617993739261705	-1.2457272560390336	-0.2899060113806734	0.8239127664857738	0.9501293680574259	0.5698751473245751	-1.045450584961607	0.647442636025991	0.6362582648671057	1.0311324866375557	0.8167133753411281	0.3958463378295854	-0.909684801525957
DTXSID0047165	-2.801504573129873	1.4245076085090125	-0.38604964816527393	2.4861189252161475	-1.7136984404350655	0.32925335061881605	0.8893399508764085	-0.6197238430448818	0.8835409950901503	0.4472979662596072	2.847572701180978	0.5405622827649227	1.8722389049128503	0.4730035585046102	-1.271671070126779	0.18681674458063208	-0.3671478320506761	-0.4245066187277653	-0.26305105767514847	-0.18498690519875685	-1.4276421000877935	-0.6245105924018408	0.33190163357725033	-2.1711219576072494	1.3060118797442508	1.2449570408959414	1.9851415278107438	-0.10002274650030432	-0.6021658324484306	0.30401293968375653	0.32003757038408515	-0.0651531900758568	-0.14280696293875558	0.46997459491597693	-0.9093714219059081	1.4336262463253437	-0.5086873556877587	0.9602843498534875	0.021913627744123122	0.8218545744190985	0.5706490994288999	1.6241389958953052	0.06318122116437642	-0.46408607734791363	0.011884659261817304	0.6168219928961732	0.5716096311152038	0.04554516898157839	-0.218589805766725	-2.981392999078079	0.2851320673453032	1.5105159346049806	-0.5401421084667708	0.8994434142317116	0.4023147607771894	-0.5506453281597151	1.7855908479493323	-1.1637980055143333	0.8479484789713758	0.33618069864228106	0.6539535071730065	2.5102583987289537	0.0158106538429383	0.08821625727634115	0.2296505356474993	0.26275223056667363	0.4914912276489005	-0.3190932199065127	0.37081763600050494	-1.4878173198036708	0.15549390181182302	0.009630520223787468	-0.3511906419951757	-1.5315560399358252	0.05090305161796836	1.188518182430829	0.7043894431649041	-0.9047578676395008	0.17508174860399464	-1.4187645836653897	-0.060217423019734054	-0.41855222431784567	0.8188725187695604	-0.29880106110743576	-0.429402011320196	-0.16020686417949836	-0.36873225329680015	0.16825066383170054	0.5521545693270142	-0.7758627576785829	0.0764419945890421	-0.3577908822517711	-0.3898376910560427	0.6813865012317066	0.34656565583096954	0.40874292048245936	0.05076352675467973	0.4410497285099849	-0.2281663359901048	-0.20339053783289793
DTXSID7045788	-1.2295995529065789	-0.3499796963712658	1.5183690193818649	-1.9915863695356903	-1.1167100945617774	0.1686851934802284	2.3589288156720385	1.2797805489025478	-1.2786807128251965	0.20760817046882055	-1.3024364296328519	-1.3158648292977508	1.6841224803817971	-0.11691594920792124	1.245925899837991	0.8284483074681115	-3.5036702609549693	-1.4493540248515084	-1.385495582901751	0.9488724300624602	2.4506059739016486	0.1890511623672594	0.2950824439482552	0.1271546339863172	4.239554136751744	4.317752313376762	-0.11882865566977424	-2.258532150584102	1.0697798514610424	1.0472402526134776	-0.6925257354400249	-1.955392037134514	-0.5777182978328943	-1.2940065820417594	1.2946074332416304	-1.5647809024272905	1.1225992343326394	0.17321591065039005	-0.3192043321262325	-0.247776393957097	1.2145354621792817	-1.271360241379123	-0.510440742598934	-0.3320759705212828	0.9669001642995475	-1.9744427678619232	-1.226130036438954	-0.691150418696616	-2.543010610551133	-0.8237715029372379	-2.1890531991174984	1.464260288774443	0.16632463357931762	0.8943443074437998	1.737682061010717	0.5584580626357105	-3.0295793411831378	-0.25166837022274197	1.5428825132848822	-3.410868383946669	1.3918509183934313	-0.7090185122136344	2.0661173150322965	0.8744443695991632	0.42354749720933216	-0.08212093464319078	-0.1096436182070646	-0.23535334963648222	0.7225013939683963	0.43014016407895367	0.07966912138783414	-0.05768279035244671	-0.6176261822786127	0.5109260768530569	0.8605517704446053	1.6752967938960046	0.5843814857395975	-1.9740936830271618	-0.6367114874444634	-1.3543523007703988	-0.673226204525991	-1.1445349461046055	1.264021960323904	0.4795095084898087	-0.2785233183177463	0.48304727333730596	-0.4735751045048839	-0.09563276351097978	-0.1470592101534761	0.4884770821541713	-0.16748158370223112	-1.4800240998615712	0.23239221118689893	0.7653328679516166	-1.104338603771198	-0.45532185537330006	-0.38017852479842734	-0.22318939280336586	-0.5967216413958785	-0.16380703337838565
DTXSID2020636	8.473885852286651	-2.9947727668238433	3.3365449069826227	1.6602732269900804	2.0637531881975515	-1.7262385225539754	0.021817267104151963	0.35059446302847713	0.20807441856690975	-4.091457397321755	-3.991193844243769	-1.1891196253057579	2.245112096298422	2.5238904966396736	-1.1190638833105777	-1.0349883122204429	0.11274908349489574	0.04835767218331752	1.7011191185260937	-0.8603570375989171	0.1674443445660129	0.9434986540715791	0.5353361493949873	-0.007093601058129566	0.02916502454016694	1.149209365560609	-1.5867404017058542	-0.11538713234290963	-0.9591806384807982	-0.04753645034682499	0.3696653042770152	-1.2974973927246052	-0.24044121116481026	-1.0008180024464013	-0.27726631904674853	1.6061822300828694	0.6446234707372546	1.0398148423451778	-1.2803714772002188	-1.1151395616457276	0.6161774309706622	-0.6151195863683226	-1.028745782844775	-0.2513121632924987	-0.11123235356485818	1.1175112752607113	-0.6102075555881584	-0.06828902733630185	0.7101079499776187	0.8285198606992056	-1.5695006792049364	-0.4657969341539613	0.28462101705783394	-2.038310743448502	-1.131007048307459	-1.2011505156507614	-1.7042016069554542	-1.7108709039408685	1.0938745686822946	1.7099877468735136	-0.9910375711283183	-2.270868056668876	0.38370151539470154	-0.5274318606772714	0.26494802279274676	0.8532308677721147	-0.3132368941717075	-0.42714695538366015	1.9392583569023694	0.3388670517342639	-1.5568202015929826	-1.9227545699834168	0.11642377562047493	0.49559456202244095	-0.7981965695491267	-0.13309745739621154	1.2096368582163193	-1.4575598719321488	0.5102209264840788	0.7141458043187286	0.10033378168434519	0.6927212105344093	0.29687458479521145	-0.8728501826070382	0.5266873683642112	-1.019970938025573	0.9240913812000571	-0.9541797591776967	1.3540374831701272	0.21848010017126515	0.47487041264351254	1.9410093584540056	0.6312915199276187	0.15883200431451655	-0.1370506076616487	0.5072067237523911	0.198625001290667	-0.29248403710349447	0.16625066618831816	0.9118931011009941
DTXSID8042210	-7.5157799058620105	4.219015486480076	-2.5201982176152553	-0.10225060292672478	0.0017355401894391346	1.1260261996980083	3.7728473954404067	0.3446881675641613	-1.4433735470899827	0.7238370509481126	-1.223495080313277	-0.03393722091879167	0.8051792543276988	-0.16989641534595556	-0.41420725139044784	1.2459037660956052	-1.2988920545929328	-3.333858679970672	0.9184668617538322	0.47174374760061655	-2.3097130644642307	0.493020017077955	1.2019847644094768	-0.0029511450545214152	-0.1030213050123573	0.38325477388554735	-0.7682053864238373	0.22356648654015446	-1.6419915408096124	-1.4884818841083667	0.6810394043664066	1.977118565348258	-0.6347803296939124	-0.07059320712711259	-0.9836777993851112	0.5831380304648842	0.3986895681998566	-0.24138571458550412	0.18954257852890788	0.14340043982651843	-0.5847658707630684	0.027232439743331355	0.024740295531079915	-0.15178610191501804	1.4531831717646786	0.12759996925662678	0.23932015759115613	-0.06656432555574304	-0.11901308158332474	-0.8816535245909434	-0.006149083825507006	1.0265524901669871	0.7296946872412755	-0.35227003684592406	1.3345015547887904	0.39714644816480266	0.9039622730554087	0.8459451622284587	-0.12560844969455676	0.35160580091070043	-1.634979633575135	0.6486587630319753	-0.5179019998422822	-1.8960848456330495	-0.49431445746290803	1.1185617303689397	-0.40427809862404956	0.40987738158549797	1.41272079491292	1.446862620296586	-0.42825102561283795	1.6648679069629095	0.6786968116776478	-0.4641285354259524	0.08715580531097526	-0.2681696722773051	0.33521683155904847	0.3717170188488118	-0.6503318412687535	-0.4356214927907723	0.20383859073182392	0.45283401145374264	0.6885210106442214	0.09913642150825606	-0.7589447451573149	0.03926921448852966	-0.6842991784631584	0.724379125248522	-0.2544416216812581	-0.6333499124543457	0.13650411278412622	-0.5530568693441089	-0.10795141953098608	-0.5408827869327542	-0.37768845162243925	1.0973446681719337	0.17399188520166287	-0.6347329752474917	-0.08694929714026668	0.48370887412163943
DTXSID8047052	-1.519514850124888	7.754624025192337	1.2629235215433394	-2.0873494441371667	-0.17338765896637667	0.3065283126423176	-0.2349500587230431	-0.31301891355001343	0.47741667071344607	-0.2069245293857249	-0.6307930180953537	0.3536464576635463	-0.19951091064960388	0.24878162143983798	1.1865036024791589	-1.192961697754996	-0.7820472183296998	0.1730694762137828	1.4165308277422544	0.506427648629114	0.4663261825538949	-0.07479790529328927	-0.4412047848358194	0.21132077294179902	-1.2527191855092594	0.3962581157043823	0.4532448261110566	-0.00591980201486395	0.08680175990985424	1.4769570378406676	0.1217380490199311	0.635962234865546	-0.06714153176258393	-1.325389623049169	0.05831813194270378	-0.25653076510141865	-0.20741998482847585	-0.9461023631958917	0.6699129798589508	-0.13480596445230636	-0.12429997759921607	-0.42659757569822776	-0.09213793474980572	1.070015959622731	0.1757481521553504	-0.7460881267105094	0.39828010160326344	0.350105934987302	-0.06554981908959398	0.3150617238519651	0.35247495239702414	-0.4842198272430666	-0.07917319471127574	-0.6094967769954902	0.9248911719044149	-0.5946958024405559	-0.5345569022310944	-0.30618460388509156	0.1355892457624401	0.671406035413872	0.27880298316810037	0.30986655946006514	-0.7546136624558509	0.037204815886033166	-0.5903111519237221	-0.3815453516007208	-0.1134237881888583	0.36444316047914116	-0.5681268420504222	0.5028612095931428	-0.012690715862834668	0.3116572460927251	-0.024037380291885204	0.2310675840297232	0.4942257073800751	-0.522681119008404	0.26724177655841974	0.4079610772419284	-0.014736559769567547	-0.3320729517930972	-0.08292273727982549	-0.12292211331378855	0.043148312557783224	0.14006942647090304	-0.34049630059595937	0.15773473567401047	0.40245985792711797	-0.048236598709750556	0.018144984248123785	0.35831887168931303	-0.019065400145096622	-0.03749929022571992	-0.46877034898878744	-0.2524813924332898	-0.48692861837903945	-0.27814707003651473	0.08328676584059248	-0.08186058557698359	-0.4456633798325383	-0.1136911670679035
DTXSID9025293	-4.797454544451706	3.225553221707093	-2.1803251923223237	1.766445979489949	2.2075109339766494	-0.2672794169503788	0.45939629085597083	-1.6260911019187116	0.12328009654140261	-3.55188998561974	-1.5677629296747282	-1.2174769208681095	0.17002562963084403	4.7542457249791	0.2574208481544278	-1.0725313923000441	-1.2059052807726782	0.1332524034947851	2.7002197037217606	0.5023678798257457	0.19059540215543386	-0.23986176099213244	-0.12300878215437261	-0.44654243134297994	-0.9846071178958858	-0.05516846343016459	0.03551824546694789	-0.06375255439344306	-0.5158581404549555	-0.710961878250636	0.8582225866250782	0.2020022804415753	-1.097257919206962	-0.5053637368584767	-0.02687042355096605	0.7908265851248648	0.3830472390509909	1.6844776175575886	-0.4327722248181924	0.22632684314559756	-0.04576274322595905	-0.2839088489477804	-0.48922236011829173	-0.46951255194622604	0.3748568742046583	-0.760136351523095	-0.28209354659079916	-0.25570790498955115	0.18796584736424488	-0.41415992400828844	-0.874200621854282	-0.8199773698056888	-0.04224869949239612	-0.5261944413911226	-0.9599192655160658	0.4926485982613751	0.4598960591970235	-0.6822551539652942	-0.48440548590803717	-0.4400137734002248	-0.45412939634800925	-1.0360334443122463	0.2158964008444804	0.8433203456409023	0.4727912041275133	0.3159074565991722	-0.4312967634896228	-0.0319939806600907	0.7026873066419113	-0.18150926527726924	0.06243234969465887	-1.017298697639867	-0.24783569814931908	-0.3156367715946152	0.12845625445159148	0.4951139383478208	0.8071883517869777	-0.3434329320337965	0.13599146933996217	0.04176676480717094	0.26183432405274304	0.0014125586737433172	0.7080473590919303	-0.337444290718798	0.11710777148362418	0.15457397125014807	0.6189367447385226	0.19025584843726495	-0.5051396984942262	0.18917980679440394	0.14235850510186604	0.184404383218685	0.4353148651345874	0.06436224731026974	-0.15851380541841786	0.3687705232718228	0.036843789668188576	-0.06457813122844148	0.015311517592338788	-0.18722377077468763
DTXSID8033803	-4.282003194790869	-0.02542837385929589	0.4309674881885658	4.104996450113182	0.1952522684770081	-1.5733849497398293	-0.5874290894768968	1.3140445725812475	-1.2092115432307475	0.1585320741684037	-0.21595211113817497	0.7680067555442707	-0.10531930240235347	0.6535268326798941	-0.5355832190585927	1.109897529997775	0.4932677066359119	-0.05652073193823485	-0.3470036106558223	-0.6003827270900574	-0.7848112426347564	0.9700832311034333	-0.6323353087150981	1.415924068967895	0.2192814214491321	-0.3463007194918027	-1.1337250670260408	-1.5322339141808392	-0.20840483720523376	0.03958516864518591	0.9712413810269969	0.1703190817734311	-0.08305978306649736	-0.6934178672888714	-0.024760900012009947	-0.058811032884010676	0.45502385129852607	-0.03460958348486629	0.5540396765423351	-0.40333061240713114	-0.23347809612439127	-0.6912404570110037	-0.21951576879571105	0.5350588957215937	-0.16137162023048077	-0.3638557454859319	-0.0433548308376127	0.5911896344239892	-0.1192104324875525	0.4238133046040064	-0.06613752751841978	-0.2183307842314759	0.037703938378813764	-0.025648031805336428	-0.8887241532815734	0.10135573164183996	-1.142487283255566	0.06526287358534338	0.6539811608402413	0.18563386340702454	-0.486777059347362	0.3082158095448746	0.2698012799164036	0.009550848570262904	0.43164180417080145	0.19283566115323458	0.6523142383070565	-0.6447610688683835	0.5889959400145516	0.38587871797806733	-0.3483992611011804	-0.9529750605108677	0.4197603418297342	0.26146111223227303	-0.614471648620789	0.5827281390581255	0.5860912888871466	-0.9619882258431065	-0.4070885946130337	0.09797343015525951	-0.4203222403391023	-0.4610154883642698	0.10168145206981642	-0.725033391742478	-0.19140888245952922	-0.6065562596078127	0.1655385126183076	0.5854123348079739	0.007641306379082795	0.26495890792671434	0.6235587193354952	-0.09302748603486444	0.6041757787793716	-0.11778113243969399	-0.41400896385344005	0.030313874878031475	-0.6249137696257869	0.29238713273264477	-0.5140266235719365	0.30009206973301666
DTXSID7044899	-6.371968420347984	2.979982017864799	-1.788322887140721	0.8222332718423667	-0.8422569045791679	-1.3560862629897685	-0.028988226738842993	0.7089664300787228	0.7425128071522613	-1.0430765775893853	-0.19510704919274569	2.729543305690314	-0.577408974585474	2.0419184407092392	3.330611344057059	1.6612719972702452	-2.8750278013868904	0.06135463087118096	-0.6139103139577872	-1.6140770559150928	0.05523355197596497	1.174563034990076	1.0681762591838744	-1.505874374721858	-1.4045800940687054	-1.7401993764023929	0.2934187396932821	-0.036465477252389834	0.08024184604234806	0.0386451514894056	-0.34210493634134426	0.27144396641958557	-0.37651009703846416	-0.08947804778286939	0.6433071243475971	0.9156254371506254	-0.4958488229897435	-0.2967891345547392	-0.10059606992280265	-0.6154222913077954	-0.2949042831336247	-0.8857623778266234	0.3842876323528604	0.003772868122143382	0.6019443340959031	-0.2879002015990762	-0.011007996729516535	-0.024324908147051585	-0.38170061120662885	-0.1788628605345182	0.869728648295131	-0.4331327797182931	0.0861248453407455	-0.22572879227809392	-1.6371566439144487	-0.2477719650688379	-0.25612767260752456	-1.155896705737048	0.0059677071737319716	-0.023594689421325452	-1.2051711922182504	0.5812187410560674	-0.41834818278535896	0.5610123558413376	-0.1870094840074579	-0.1729320208144975	-0.2574019989683318	-0.07553866430785408	0.0768461169513823	0.8266338014525094	-0.1769674937779653	-0.6616762366857707	0.34334043830048977	0.23308366255531796	0.24478072072222684	-0.2987771944040781	-0.5778487206436363	0.12550315488580666	-0.08172642919513291	0.2939163550780271	-0.2825790968705436	-0.5732744750069875	0.048577455283393155	0.3515191036227633	-0.1715892177660101	-0.25274986624851653	-0.06712827640318109	0.7078809973062872	-0.5689142202679164	-0.28781462792003587	0.28813514335613455	-0.12215368171494419	0.08171093217637153	0.11372485121475895	-0.8587023584907179	0.3583645670596569	0.1098450850679793	0.27048556387584316	-1.0340251789989505	-0.04219350489299847
DTXSID6045957	21.12986220668631	-5.397104467233647	6.710952728711754	-0.7272129124292119	3.1384065960430627	2.4489780343235434	10.06788964072363	4.931936258617551	0.9819053765409183	7.504508206577117	4.274280054786357	2.5498479441744686	0.47318276517096797	-0.0294838003781382	2.275166739959181	-1.958138402344205	-0.9226495977198247	-6.564425120920931	4.574440971060589	-0.14460446029697901	0.17787927723555474	-2.8880445903578074	3.5125877568883204	-4.105326441841767	0.48834986429206534	0.5548664021474115	4.012443661247534	-3.7257873752935984	-3.5408786921349433	2.309819888414305	-0.5914081838652149	0.16854001020916703	0.7204264787167205	-0.4043811982101634	-0.21343710724948273	-0.7040460007331387	-0.5308517152564216	-1.009808629923864	2.6369848778541862	-0.7929751607059258	1.8102258601131747	5.212584914707149	1.0264397569823358	0.9138092131495582	-0.2703693159658856	1.2264691865979076	-0.32338914269197505	2.0935723380351043	-0.8589671933587415	-7.435668808120066	2.517090549170713	-0.9385307318396829	-2.590402528233993	3.1146890523398234	0.5233798871634835	1.4621270868107115	4.168811769382152	2.326345701191383	3.303882884319445	-4.2080747156805405	0.49819554834755453	4.130940605620818	-3.580790990539265	-2.4119769687721013	0.654230890268087	0.6012789055659664	-1.1014374842755532	-3.535467968596728	-0.24337827283724872	-3.8114554909208205	1.1128042392393933	1.3083839681815541	1.9694548525627724	-0.08859864937732799	-3.5953030708938556	3.0802334928057213	1.8862733965612044	-3.9683854764817985	-0.8389108911586801	0.635494824213679	-0.014652693357792552	4.185807429128971	4.0148179529487	3.864205582037077	2.9319156329834133	-2.3468323421685873	-0.946117596948993	-1.4329744037692038	2.102103283699596	0.9320998553757702	1.1768347256776799	4.3576721773252745	-0.9968355081813587	3.117043618076582	1.9962279634567477	-4.739270438014136	5.45556182439773	2.178994728538716	-6.3194554915494265	-3.6806828071731013
DTXSID1021031	-3.629348899456848	-1.8676629587367126	2.8764015682346615	-0.35844675212502386	-1.1439885381105923	2.308700322630009	-0.5265359980607947	0.9753769051386126	0.37944027219534554	-0.651986525109626	0.083359870576412	0.5811994474347771	1.3950297186710003	-0.796316675720012	-0.05388682904432009	0.07192335603596922	-0.23646011298123665	0.8399193393683763	-0.01247125303877189	-0.20402175246752433	0.675171333161495	-0.5669359191233221	-0.5601887728415039	0.18598459058064934	-0.4756623241352833	0.7079623641728313	-1.0897654025169035	1.2663926177961828	-0.1904169731582575	0.43674142367352403	-0.31616537426031216	-0.06391783740366433	-1.4041055431570537	0.33320009806011697	-0.5683599745686646	-0.22289262852493644	0.550821606318833	1.2371334130875635	-0.13809989994957345	-0.07245437734458786	0.28765426247604	0.8075299927647044	-0.6047957071495651	-1.0088272086277748	0.22200110793224645	0.2838188171374757	0.2092995207791444	0.30259700319571814	-0.22110481242696034	0.7604486766931831	-0.2362410373416283	-0.3869776566919142	-0.22807989004169263	0.43504417732484163	0.13733555578505946	0.362833506454939	-0.34707317457944276	-0.001684571586688279	0.475514440238795	0.33259806615770565	-0.11768881025298011	-0.6232327147639203	1.1525461585244596	0.06506127638482047	1.2596258841592696	-0.4970656540086436	-0.0872827740319078	-0.6902328903997681	0.5174564799983185	0.5052018407234042	0.769074717580541	1.2100271314175644	0.5327360665558549	0.8065082540451779	0.1992249621890848	0.4728614855569245	0.9032873820975814	0.3394954749694211	0.36994485768637203	0.6678175055095152	-0.11377118060817916	0.5187584584474649	0.36349973172885247	-0.05014679477837084	-0.5102731086270226	0.20521025791213393	-0.2938031399387325	0.35276859563101615	0.037376382478185026	0.08767696091573336	0.09343299923689052	-0.22759823319777464	-0.1384417191189105	-0.15796275307781493	-0.35158942927943776	0.314877248357297	0.4213084970853326	-0.3845485204618831	-0.0602716484828731	-0.132338382337988
DTXSID6057661	9.462570668781584	-3.9380240518198875	-4.362852879339314	-0.7718112244336761	1.135332109516781	0.9964660129739963	-0.22967461484554413	-3.112578929044683	1.015936491947842	1.45221624105498	4.1075424626797155	0.6274324807308131	0.8325932721249549	3.479495560225029	-1.5548284674095787	-0.08803282663236629	1.0227987248950463	2.6425904267488427	-1.1015035069877657	2.3957418059488225	-0.5024985330869856	1.3125501452548622	1.2163853184159996	-0.5107667598947413	0.9281374015042555	0.40133535250988694	-0.005323008596746721	0.5620747138876693	-0.32881988976324	-1.0366965908004215	-0.45081880542198993	0.6345390550166884	0.6073540858388116	0.1229849326158917	0.16450503026169452	-1.3411421383038518	0.4770853079754807	-1.0534795887612807	1.4353625585590737	-1.021768304002255	-0.17241497038712594	-0.9846221450937755	-0.0581609684561668	-0.036023133075132656	0.26539984341378564	-0.6997089323446171	0.5155616738013968	-0.7284452690632104	0.8646527334836928	1.4654958501046187	-0.8495071689438334	1.3845826080835861	-1.1673519386898459	-0.37757666693584097	0.6564802550915386	-0.6522482613506444	-1.6623432564801306	1.496470103014808	0.1900621081246134	0.06274210817366768	0.6765473323880633	-0.3103650473176705	-0.2186691463484971	-0.11142775938087862	-1.5866714320151405	-0.2366095494413523	0.2564024483089676	-1.077851724554431	-0.26044790236880944	0.7533911099785535	-0.15354070854338717	0.34577708995511597	0.0887311536304928	-0.04314687780406955	-0.7803192543009861	-2.199701636524437	-0.40345910627738163	0.33009366123508627	0.41087488745853046	0.12583100611441433	0.7611133398470412	0.5048141321354426	0.1835549865541585	-0.19982151442376977	1.109295244063247	0.1170360778520633	0.021512591343814554	0.7276193421837733	1.0599237135529485	-0.7827281535738387	1.2320377835712872	-0.7126950278382711	-0.40934646957684634	1.1820938443144449	-0.06648852959568233	-0.7644838524529577	0.7943627292717999	-0.11507670241592177	-0.9353928150785282	-0.20772837080463305
DTXSID7027966	3.236420297283537	0.015594636834248152	-5.372700366400309	13.474716601932855	3.840701056973665	-5.131731537894295	-3.2312014707801	2.9427238022578788	-1.481234235840744	-4.614990291536829	-3.4776735556660365	1.6936862557333912	5.16198068168067	2.5360305555024243	-3.1860948249288845	2.166629318179952	1.8607240151075588	-1.478295936882368	0.5906364168030785	-2.803360912350234	-2.5590640852671585	4.874208169423988	2.228080790084962	2.379723599189152	-2.2751587486182325	0.11675010564000862	-4.603284704307124	-3.141666754790902	-0.23948055983155273	-1.8769765518984673	3.0245623459864177	-2.8248451511816155	-1.383130812705616	-2.1194464658175796	1.93362185582656	2.080193814870633	-0.9939271181091387	1.1010296933826016	-0.25324604948383234	-4.032988012535043	2.4286959218713635	-0.2584572915871322	-0.5983649377393436	-0.812983464790452	1.0732001051924889	1.5838914774684931	-3.319431320209361	1.0618494609498934	3.140049178557905	0.621665306348611	-2.8428276107413417	-0.5677439989559142	-1.8018187021298813	-1.2615711228700308	-2.2484554961581575	-1.709154376226477	-1.633833943958695	0.2629762840570122	-0.8724767494595498	2.0684742542500607	-0.6442195875808546	-2.010111626408492	0.8122636557178433	-1.7537925659265055	2.9245321757945892	2.575317084103274	1.5252240185781716	-1.260234708636304	3.9383977266692174	2.687517263462293	-0.48305275547188753	-3.6483882492448263	2.5012893500093325	-0.635531463689158	-2.8769649647155915	0.07223381055233181	2.8817728580172326	-3.9781678894246886	-1.692751073694975	-0.04504455177207912	-2.781188527631114	-2.716474346333279	-0.37008148810654473	-1.0351710278178785	-0.692672955595735	-0.2547633506813344	-3.494277992197503	0.09283610894575504	-0.9381990648128457	1.243151522384975	3.190878297548276	2.5261132135633453	1.8096133574144133	0.6463162756489359	-1.383735711130475	1.967778356801301	-0.30486224210697765	0.5857048832130279	1.293577079249678	0.4326791712794149
DTXSID9026132	-2.4862700936456528	-1.4558097326805626	-3.089678331636742	-0.313825695656716	-4.751384681172887	-3.9907964077603486	3.8180109971873315	3.793467247337237	1.34121072871339	-5.292352519999322	-2.5671689875468564	-0.05088038541496205	4.007962705699233	-1.8399253733707672	1.8420549446137868	-1.097959163142135	0.9900328829938525	5.126905036245238	2.9806615234346836	2.0155484889282396	-6.417589828100166	-5.773548127434356	6.031656098661247	2.363380149454441	6.9078275752505975	-0.8643791029073453	-1.0038859882732742	-0.2608417090115326	0.9676595423270998	0.12828515506360177	-2.1853622223118347	2.211650508875565	0.8216788504527116	4.5282245700972155	1.8524825445914868	-1.9058765882566129	-5.341851984910001	6.66554103788577	-0.06240530437182636	-3.3683782179320825	-4.742999929716715	6.263855710250295	5.741362948334161	7.74322425073678	-1.5333246770702202	-4.867168407569373	-1.7048722040112239	-1.087658126749676	1.3183546075018138	-0.973712989573506	-0.5617558046492763	2.9101194941040993	0.35947489248072406	-0.7692835985265541	-1.7817551048167664	-1.086677955826786	-0.7910193211926146	-0.052148628826661325	2.369111518873237	0.9080702999751806	-0.561760984442973	-0.25154373938323943	-0.8954449427032262	-0.5787788432428989	0.025216872947816164	1.3485703865822076	0.07607031105959738	1.9202356415436055	-1.0339423956244946	1.5167095088728448	-1.6227618606203416	-0.07339381134605993	-1.9738576156108691	-1.8232756894197413	0.11032323277655107	0.9824902890243203	0.21250139041012342	0.44119185496109503	1.4657014164939135	0.6658030575791534	-0.30442855809694935	0.16995153061578533	0.14109146089686986	1.297918983513869	-2.0826297513930037	1.5384510123250454	-0.214202954454874	0.3996905563258815	-1.1190196666774188	-0.6858346359153036	-0.21188029889646537	-0.6458746876152761	-0.6449878877614325	-2.2819659038649824	0.898387194335328	-0.27624756793312927	1.807999652570333	0.6166247166507416	-0.39486943984996625	-0.0658771155565473
DTXSID1020699	-3.508629282960373	1.3933596068159595	2.1706181411232746	2.423091580325925	2.1314943371068824	-1.8951312750062683	1.5956646735289588	-1.3693274577947023	-0.8689537432694185	-0.7955618367835529	0.45915119911462043	-0.02192983025882192	-2.611624225716821	-0.9824535864879789	0.48203224491441754	0.344978295992176	0.54429450460504	0.3298332423097291	0.36240447773336476	-0.6800504363875707	-0.11776855272239965	0.44914194789870787	-1.0327644164471939	0.8423057442580004	0.25674435416763053	0.10238881013562087	-0.0009235156790242293	0.098841429709638	-0.22395138426586433	-0.30786757159169953	-0.3794939534452028	-0.12590874206306904	0.5097626697685309	-0.46521935688227056	-0.035649664135027244	-0.33228146349004034	-0.7445940146585566	-0.14475698243608903	-0.2636157113894132	0.69876782873071	-0.33718961589722996	-0.561395369862594	-0.10135261042114685	0.6592435395193845	0.10962707385858553	-0.2173958594445761	0.0853989729780373	-0.4740813437812136	-0.017460333460788208	-0.2550748630586861	0.16113019097025974	-0.13351986684842362	0.11377895796973374	0.317017673991027	-0.2218392110445542	0.6332124383899564	-0.6094891782884542	-0.03571563696651686	0.11888839376507024	0.1662182001996006	0.045040331087548506	0.322144328517328	0.1659444368352953	-0.23314459425218556	-0.17524225846771405	-0.28525234161257734	-0.1807341565515654	0.16549274126328894	0.13807402979489575	-0.7498761544090143	0.8303400941245476	-0.4237157067300794	-0.0685343916703808	0.04865978947162398	0.2739542473000364	0.19092612784816068	0.16511319238215158	-0.14811482136653648	0.08652891428833645	0.255353901517482	0.4435570900795859	0.03859756282669065	-0.3190700561343687	0.08832788031295177	0.21369605576753087	0.18718784702886032	-0.21689113732808993	0.11448382348985264	-0.19957142306905556	0.2802007359619525	0.11513629100158554	-0.11350673353431964	0.1783598460467927	-0.10663256496651988	0.41870864336426084	-0.10920369141126918	-0.2663381662529479	-0.07865912871806055	-0.06774942614369889	-0.04665564704285069
DTXSID9026926	-1.7622107975672432	5.061327284066925	-1.6024789913963946	-2.080305266197641	8.235011762781351	0.34192501445122014	0.5575643535178696	-1.4536554320608708	-0.6830136258308738	-1.0283563230207178	-3.736409958358234	2.5317766243926423	-1.8863348229715913	-1.491930522907864	-0.8474322198912898	2.923280857106063	2.5756236512413926	1.7087180911900255	0.01919868176264078	-0.7174718176316996	0.8041896099841706	0.6996876145818651	-0.2823027942318345	-0.5133151731568059	0.9991628378912938	-0.05568566625875681	-2.528641941062295	1.1781062382671548	-0.7458499767033777	0.36530895283341785	0.26672815375834064	-1.946005942909758	0.8328046454736268	-0.49111710475160136	0.6844179726651429	1.2276216876711705	-0.7112664720477433	0.0344633165758006	-0.5442655486883637	0.09407888030551993	0.5159708435453038	-0.05205559899678972	-1.1277234976193098	0.5033142778128009	-0.7343075174359518	-0.47341132789755064	0.4058624973811516	0.17396361882506797	0.23116834200422084	-0.8881484178578427	-0.17821324526635712	0.055817649583707225	-0.33956774042740767	0.5121261790014032	-0.24582723177692495	-0.136669402065307	-0.8582264145347621	0.40150099692325575	-0.20221782935035928	0.4609970312584708	0.16069616014889057	0.0023342597411524888	0.09998925332912763	-0.46793495327466145	0.8403634359754504	-0.07097284036331021	-0.20700022292072448	0.2710510461984794	-0.16211937340474833	-0.44606510451293796	0.04617850735271342	-0.27056148074351766	0.08479300167499856	0.15746383677044376	-0.940910422615357	0.511975780381376	0.23558914480282334	-0.07065935603273694	-0.18572636421811567	0.07638852746194821	-0.5764752702204218	0.10231404628752318	-0.25913283556435723	0.017124117503076446	0.17894697812030222	0.19937930086502267	-0.26727038303682116	-0.05092546014539002	0.10056770692218873	0.08156676984773277	0.23685324497685137	0.02930503399958856	0.17525550638319337	-0.12932718886158026	0.20027700796949666	0.16332702928039544	-0.07913702668704145	0.0960366503737876	-0.08157708026768773	0.15114322584735418
DTXSID6048703	24.35483673915157	1.151208736360564	-6.884097179462843	-6.922236802099746	22.45342385988766	2.623375979343996	-0.5683593518522334	-6.380954831386568	6.208241782728233	-1.2115841348176717	-3.7246247672902957	3.0652714983508815	-4.5203192205016824	-2.95446148983742	-0.7258226893812224	7.727939620798559	4.314673465083369	2.5161337599634557	1.864303930113579	-4.901572514812411	2.89680793411214	-0.6255145520413551	-0.45339936002256187	0.47451060434894654	4.820998970368204	-2.8848698390916536	0.8601593176398302	-1.8992557937190204	0.9856886495886132	0.11998874818291368	-4.255010195273108	-1.6825221789737945	3.195357062256496	-1.0474754716316292	-2.203398292911305	-2.6703602481957276	1.717635997542793	-0.45263773067771906	0.7418325720139604	1.7941852923516834	-0.8255307070961245	-2.0141209910907123	-0.7750421495663732	1.3050191172005714	-1.3924330215893193	-1.202330037245038	1.4656441271615661	-0.04548735579284259	0.10107138883407855	-1.5179285530777304	1.0007461447613013	-1.2781342423627966	1.0670020411696235	5.682084285410772	-1.323802147991236	1.8776677463962161	-1.0462901399670506	-0.6985466376264292	-0.04182107289753026	1.8334037065000646	1.456465636945063	-1.3738813163575165	2.47056969294353	0.7377570052522819	-1.7527186540966246	-0.7142749607575887	-0.3246944090841167	0.8092189153895676	-0.41474122764379673	-0.8677069825420161	-0.5863781752913833	1.4216526379956207	-0.08887289507052928	-1.800079736046785	-3.2344513186825856	-0.15090082452340572	-0.5742200147755846	1.909055825801744	1.944536712288399	0.6252053752893192	0.7941415362407458	0.47938729115044687	-2.2760291949824305	1.056248074858562	-0.8521230767512731	1.3417842612616016	0.8893818636870365	0.5081219610910798	-0.3256167738274666	0.7833953969574833	-0.06857324128167193	-1.53211380380355	-0.11481987970991861	1.173366427121986	2.8335775171306254	-1.0013594865856927	1.1585711676986827	1.182604487057975	-0.040271831136107356	-1.4152980964612483
DTXSID4026894	-6.4459470273135935	4.2234152535653875	-2.5771437761947324	-1.849927527556699	3.9960355347028305	-0.20934908412687186	0.4331485254339141	-1.1917200321952992	-0.8216012930168565	-0.7572438775970172	-2.533231869310046	2.394167929029818	-0.8252931213395465	-1.0422644071971245	0.9302855972810378	0.7743984106872983	0.4153871095919339	0.448066773347806	0.9515323510792207	0.3577578948716783	0.8709007928616093	0.19844760214902263	-0.8920086072960658	-1.0984438193582986	0.13383081153120507	0.27070122357628096	-0.9052102356991327	2.1498950440172133	-1.7674497511770129	-0.5442650805102905	1.696821854070531	-0.9065058542446227	1.695650455156028	-1.7079997260392725	0.7033368053427452	0.6568737094095342	3.1433688451894644	4.285207795820683	4.351687848565867	4.842327364801019	7.5678703350593945	-2.4988662359802056	11.931622575222708	2.130400464563843	-2.1722294242520954	4.952000841189028	-0.23216045034908098	-0.9469748630413447	-1.7664372141283247	1.6794108873137525	0.41235926987993715	1.3990680146460173	-0.635901675879268	-0.07707259492887851	-0.210414291837513	0.40873242833461837	-0.20015352741388456	0.7608532691734959	0.04583424444382805	-0.6162211085560707	0.04862579195194271	-0.6009307348627863	-0.4894463783418521	0.09962918359849739	-0.22109698502231484	0.31463754452105563	0.45932033519781473	-0.2641034722279153	-0.29123158010195727	-0.14161267244171202	0.146643174102827	0.17365476837509444	-0.198652462197012	0.15081412180519765	0.04801033396431492	-0.026245441296667126	0.011038720650302217	-0.042201119471354985	0.2844246532073169	0.05238791308611027	-0.3614671065664101	0.18822652313142543	-0.2439966853193771	-0.09110565235770465	0.02208726874789613	0.16837374376804493	0.02159774513152044	-0.02680419774772939	0.17022983626303234	-0.07141375426381057	-0.15058714163446862	-0.1754180290682057	0.027537212526008364	-0.04656105689865657	0.08265609739340424	-0.02716580685770497	0.11540654035632521	-0.011185052596807282	0.03807112280615468	-0.06823200498371969
DTXSID1025306	-5.089357709851911	6.88981834264306	0.34842052447884814	-0.1590908080984371	-1.900468111414055	-0.25223210305695093	1.1433796755811712	-0.47996993227303	0.269916586593331	1.0241164898063844	-0.3703214870194977	1.1883670396215937	1.5802398207802344	0.6954612949227393	1.7245434511648077	-0.8621584172922465	-1.2484249681874882	0.38007236201590927	2.528539273824891	1.7091637195509428	0.7175081588227785	0.14902378182142717	-0.7292878870517392	-0.1323314431847265	-0.9364952473535048	-1.193854238639521	-0.1682079640027714	-0.28050375122748505	-0.6810464942120626	1.8099509019560291	0.8463658336267131	1.707616522729052	-1.0374606912928592	-1.4415040547314923	-0.7226494681608999	0.4053255395912728	0.47045895608284394	-0.4351685942183703	1.218719265343435	0.06273598407204464	-1.0154272720292372	-0.3885341780523245	-0.09078341933157119	0.8609245426132576	-0.4541303590942799	-1.5402778681878588	-0.5119654137870481	1.0242498467996477	-0.36223348685165374	-1.0225391179254508	0.9206797798807375	-0.5486469482951445	-0.07132574425644825	-0.598644399472604	0.0791844049182154	0.7184072507118864	0.8102781097421298	2.0246782359696227	0.9958072535529279	-0.5621839765607937	0.4391328915571469	-1.043753894150992	0.43040905587111006	0.2765033375810213	-0.14146247578348115	-0.2423074230244089	0.4658999833619968	-1.0123368524764744	-0.06380134496434973	0.6277275562707011	0.4618747895764518	-0.06532268161370024	0.6644380045429488	-0.3778331179588567	0.3623637870610426	0.5050788285153737	0.23008229641742461	-0.8113107754917864	-0.09694149868764676	1.096345280997088	-0.36520955999948074	0.6665528337848771	0.8135415736927157	1.6816723805846479	0.9284888445553057	-1.2236405368941918	-0.5221646444482686	-0.293915965381186	-0.7196064908432565	1.0507189202268017	-0.07725517489445044	1.3402586854004235	-0.896488750430961	0.6893986749759616	0.3976376113975412	-1.3033254649618384	-0.07622009221762245	0.5194313420673683	-0.9391557297934345	-0.4020444662972106
DTXSID8040278	-0.4509537782619703	-2.5958417193093535	-3.322551441474395	-3.060060277316458	0.6083353258389804	-2.484156371146719	-2.571673500869121	0.12415332036850954	-1.5268022374156376	4.373361446553856	0.07137724015205486	-1.8838777240847984	-0.007302615894656398	1.4039562381774713	-0.1983086124520269	-1.8790984854423298	0.6185582716152267	-0.9771171332989772	0.6433058500802483	-0.9005747990370122	0.7607228346758843	0.6137730217130324	-0.039414002340874936	1.0479118166234256	0.02861971119672076	-0.5037316481831653	0.00891160790818266	0.41302384716525986	-0.44248696789736347	0.6156764307843968	-0.2510372599300382	-0.2695281362946788	0.5588803174122993	0.132278481411165	0.25322206883789466	-0.08777190146867546	-1.1261642987337923	-0.5290977758225152	0.5817495109819483	1.1433494187874753	0.2318386726956788	0.7783571312428217	0.03757291043364238	0.13847272889853177	0.0563054150155215	0.17981484702909464	-0.8679956112695739	-0.7018898071446873	0.588870409123182	-0.9921111274360416	0.6520307808747743	0.7346434853293684	0.8345084244679813	0.38457468059090044	0.9497112720808218	-0.21635014627786814	-0.44095343729556435	-0.33494372891638113	-0.08857303293754024	0.46429562651370304	0.021250525332349487	-0.39341778987701237	0.03688514622570598	-0.36817553911833123	0.979264335084891	-0.6688809406930938	-0.03911981134927664	-0.686789117722222	0.5090716404839556	0.06811294731801132	-0.8062456762454236	-0.39274971584498997	0.5356493210330945	0.22698719380159052	-0.14418177327127166	-0.09516727716283398	-0.3153685168209816	0.4278134915814952	-0.2439806091520289	0.7517654171694507	-0.003613397710744271	-0.24561096370653263	-0.21488271214622892	-0.0848677026752679	1.2372343871384457	-0.4265583118492666	-0.22959088079025938	-0.1326665948324469	0.14935280161817086	0.5119868860653265	-0.0447659301016499	-0.3358001713756648	0.33145857355638875	-0.3358012015216045	-0.4065820505002895	-0.19732408621914738	-0.22972295758186534	0.001569538821399734	0.21797813936772828	-0.21240866012930695
DTXSID2026022	-3.6379155162156493	-1.6163075049353908	-3.337961932457893	4.170878938762218	1.1393129481690674	0.9600977379289646	-4.18422884550757	2.2756361388819353	0.997109378537909	-0.13533195245609675	1.142623528524871	0.9233652285877711	2.4257984842652354	-1.3933428268957222	0.0993400561627241	-0.31033400121057636	-1.8340683764909878	-2.7259463329876192	2.7961824666326147	2.1887046300543296	-1.5753513332775808	1.4053054276092305	-0.23634628663317644	0.5108457551340372	1.3388821257136438	-2.4385336305074303	0.7975521970151002	0.7936776407796138	0.9060153741863237	-2.1297372201968683	-2.0831108359549817	0.12479774860260762	-2.2279793119636913	-2.6628807278609847	2.2642806154782993	1.3542470339362118	-0.7522849078312839	-0.8668235204466995	0.5164517921749195	-1.2610393107182252	-0.22391638023478797	-0.7742837691698371	0.31007222476808094	0.9155433277802688	-1.116588950248281	-1.0994444007186932	1.9816301395234015	1.0151285624422546	0.07626899243309668	0.6419767968346901	-1.471221095382572	1.0716526379092624	0.8773133665858593	0.5733093551423277	-0.606811040508804	1.4151167117374552	0.5325581471211124	-0.3564793352129892	-1.5084552088399221	-1.4381979266943643	0.21816382725132866	0.7661002099358494	-0.32265128507861085	-0.6082908665560813	0.9034995544778864	0.32578055408612583	-0.6020281467498623	-2.0332934217809915	-2.0182222171698014	1.9676192238884105	0.08342879486212904	-0.4798247292588439	-0.17351864845554757	-0.42199364350698476	-1.2684165033507366	-0.701365271752386	2.332241717044869	-2.272686215274565	0.43085894105078004	1.08064087732453	-0.6731068572532732	-3.3534914538381275	-2.254407620198667	-1.372685335644019	-0.057736214211501595	0.9297792297073476	-1.667576226719105	-0.045067957617359794	1.4243800907024595	0.3794030379546713	-0.28322930338419394	0.22123565417888033	0.20339944216883604	-0.36341111413355925	0.437326234801251	-0.3752946506408791	-0.8130370523718176	-0.5309800477753001	0.018234647423073375	0.15633421700811864
DTXSID3020415	-8.86174763290006	2.010691691496163	-3.1228074268873187	-0.8793007105012777	0.8311694759924664	-0.5433306328935625	-0.9873889445267116	-0.8600901875868592	-2.244084497139603	1.5174248153248695	-1.5109583403893925	0.9484521796522116	0.7564351000908589	0.08343052737517012	0.05324410668347056	-0.7230635635097362	-0.25873927019542764	-0.7807849651046261	-0.26662122268302807	0.46519988596990564	-0.42362895811126766	-0.8503606795468335	-0.400554306420505	-0.0300892990027412	-0.2160400672953308	0.47696887915165576	0.17825532167390692	-0.44913451606431004	-0.6359435254207614	-0.685885749748151	0.8281828106592297	0.547034407706246	-0.7531236904338682	0.921345677608085	0.4676577526520299	0.055446563280476396	0.3206018895340394	0.3204834077050762	-0.1869747803444572	0.15710929719759653	-0.054632127005316916	0.5939786243260801	0.1630883084791653	-0.5056371916799773	0.5352223105794278	-0.14432810068321683	-0.43175541213226326	0.01789976240817191	-0.26012023899730913	-0.41146191561631024	0.20220882884973826	-0.5826068451076856	0.04956955266646539	-0.1772022928879787	0.47589917267316595	0.18351644612744916	0.14841816965226448	-0.1382587233968705	-0.2526096901917347	-0.18678371974903243	-0.3175132906137368	-0.8413108979897476	-0.4894002898503836	0.27712998920431325	1.5564201454114779	-0.5488608697809746	-0.6235398406726699	0.4396084598992817	1.2902659543410908	-0.41751429796452744	-0.2895250361233397	-0.6866808811427497	0.3314060254829445	-0.22358505618329672	-0.8176174562733257	0.07076223557208787	-1.1833867253014563	-0.29333952775141997	0.27202105578981245	-0.28825488869815724	-0.4983629352948556	-0.3741089294581962	0.36875861580240754	-0.3806053271658144	0.1876376251796005	-0.6388423298414583	-0.7044522143118807	0.4877816290593682	-0.33998761896360524	-0.019786756651418186	0.24451234495428578	0.3308676359571895	-1.1837372746816628	-0.026463365377478426	-0.1376668649272525	0.06419835592956315	-0.7382812880780388	-0.19783075392713148	0.11982824105791674	-0.025106999299077136
DTXSID3027247	-6.38974782621385	1.654886212635054	0.8926156275169691	0.5276507380539082	-0.04930456821798965	-0.03213954882400112	0.30508804081601426	-0.8626366094001052	-0.1321571848817297	-0.3003436798396841	-0.5248839912246375	0.8368307692029329	1.3990026912535602	-0.27251353804999934	-0.580099841339866	-0.27827958859614976	-0.37676083482198713	0.42737720486931075	-0.03928811042920663	-0.37417961726675897	-0.7216520307680988	0.713994797986665	0.2321389377594363	0.3547351967333277	-0.6067974171282539	0.4117083637142635	-0.6488389919211799	-0.25634347257989754	-0.025543595101572118	0.08196124951293231	0.24673796734049513	0.1293494263080284	-0.4838971651352983	0.25856254828518327	0.5202243009680129	0.2336865052535264	0.4604938903728132	1.0630175742324202	-0.3309792409640151	-0.6246075130614469	0.28636501339704923	0.05605955161033733	-0.4068909358887022	-0.5345448824781449	0.43537011581646756	0.23301660924217876	-0.05901674024595034	0.39574807181447	0.3321150597157376	0.12745501587880423	-0.22975820078552223	-0.6392681975731643	-0.09384301227652207	-0.33144335786507073	-0.30999780451693887	-0.4604874059853615	-0.19969058659412003	0.17387902798514426	-0.8088113854724983	-0.31249527716945497	-0.12601263917228628	-0.3076120981998504	0.0088776028523482	0.6964482140012919	-0.48535953469209037	0.18346201497002312	0.28478180198772357	-0.08454890665933366	0.4676039673060707	0.026827912242880152	0.025322740379953985	0.34407279169611726	0.4692746606001809	0.12173539665836014	-0.30111852128676414	-0.08870938110979872	0.6668273124338566	-0.4429344380768432	-0.6186000880253234	0.1454955013737852	-0.09467814725118212	-0.1922544205795266	0.4214505402351419	-0.33278294721165697	0.449536566690424	-0.21334866645211056	-0.02879054138344883	-0.25011141248381186	-0.08228262844524135	-0.09176721672417926	-0.782023736689081	-0.4130639037272874	-0.3044896903710141	0.21628444478974915	-0.0001395454821315288	0.1782360932934922	0.33263852262233873	-0.37161650051851736	-0.3389111092517858	0.1835696292463602
DTXSID6035285	0.0337874232569127	3.8589169870559754	-2.137922332466715	-2.1322446544370703	6.2056671027076	1.3316926731097856	0.43673508623333296	-2.706836048914496	1.2960503297543882	-0.9986022506491732	-0.7825407830729505	1.2387799242860746	-0.34998359885559094	0.337354794136862	0.7733252543341903	1.043993458728786	0.8189113199703547	1.8852845998752665	0.4509133665418251	0.8343195419204309	0.43039538571457203	0.6887079057226828	-1.219257408218601	-0.6917399025452634	1.7168745906203993	-0.16874280982687873	-0.5255018306922928	1.2188961369672602	-0.575350358035033	1.4625719701413207	0.5183452024111458	0.4179711007642491	1.016635386584874	-0.9333048051102746	-0.05800107849076492	-0.4596707463294236	-0.2708839016432441	-0.711232994196424	0.15889019245719532	-0.15657282412710596	-0.12271381837788521	-0.3917766229215133	-0.4556709485974501	0.5012725986820826	-0.25381377362188645	-0.7478288834217239	0.942708060452114	0.0603398250396443	-0.30372718438923896	0.041306530819554946	0.3967147780434547	-0.2299265956689174	-0.2799768576528088	-0.7389046417578707	0.691829966851721	-0.45521677033098534	-1.178816610564676	1.1376097400354215	0.5485550756675293	1.209332781256373	1.5370381068576517	0.19818803182197414	0.23406321328755827	-0.9177611528375801	0.06343320806709661	-0.8648969368435462	-0.15347574876985862	-0.38998732864850066	-0.29776563675867174	0.13657530388544695	0.12874177758722047	0.621267712427409	-0.24736903306576677	-0.1800464170655123	-0.056844451326768373	0.34875066793572135	-0.5629600085074856	0.4300602317126757	0.4096266105851072	0.1069716984577289	0.5446023014053415	-0.31081867962617626	-0.5942942197990752	0.4282412051451794	0.8041238094746281	0.6568899645498683	-0.27285805393361656	-0.3451092516867582	-0.07795292815624948	-0.6434251844723686	0.27130437339528946	0.09513955754481249	-0.5124083705527205	0.23712246005275397	0.1367586682457774	-0.22925861172735573	0.020457931370790845	-0.24227720354686008	0.2522867962140284	-0.25411955059373637
DTXSID6046133	6.584277920121917	-3.2577372012798422	-5.3078620879279015	0.2697417405369466	-5.190394757136397	-0.8566904349364965	2.5690635748189297	1.9896390189679067	-0.6426026095778131	-3.5506807652528076	-2.525452231396653	-1.1581553350965939	0.1312537093698739	-2.655734306752161	-4.403748072035343	-3.9276235450229424	-1.280742964710579	3.6313183932536135	-0.6896157054634958	-1.9359119884996128	2.9112900486766016	4.410997064240318	1.11352759975237	-2.766492605571568	5.5170342715913145	-0.969922882686755	4.189764749105207	-2.8665427436033126	-3.1896936400343545	-0.8586257634856913	1.1582190905815306	4.101304076823847	-2.5554603075427496	-1.0174208806246592	-0.2929550692228529	-1.6221056486516068	2.2036389640319873	-0.6293100059823724	2.002791457760258	2.2930098407546695	1.0818537234082684	1.971785863041755	-2.0226929134331355	2.1959668066320237	-0.8448268563680756	-0.039153139431106494	-0.8126166635523316	2.9006398176111206	-1.7502630088908957	-1.3803926958853554	2.037136733466469	-0.24994184620190135	-2.155083554530012	2.516373776024117	-2.3712966588045656	0.8248846663254096	1.5271828517081083	2.0938607696025375	-3.524276297430999	-0.3820485029646813	1.6220971375908284	5.046160290296778	0.1380065522318263	0.6866131467477813	2.000571906984955	1.298750202544892	-2.759841385389386	-1.465227213774885	2.6289433447067343	-0.14723948435621206	1.3360425237705091	-1.6077215978041977	-5.670161040960859	3.703969442160079	-3.8062483432869567	-2.920053984638386	1.798965846659654	3.029478170990813	3.876587433249039	-1.0066036410028951	-0.28528614377706063	2.2061219275920814	0.4296751896481928	2.5365825113233247	-3.9194745008058507	-3.237528013525364	-0.5896971361981946	-2.0303079181004673	1.5243792210511506	-1.5792755797868427	1.1524949852582858	-2.3771652931289915	-0.7226292362369834	-1.1929261239288425	0.18473707409776982	0.30793597851263643	-0.7986650531162935	-1.109185885626344	-1.3557280829483864	-1.0592019299395996
DTXSID3036288	2.5924461864245454	6.066084498323198	-1.0809140547634035	-3.8194112136062075	10.52635904807934	0.4553301052353765	0.4527817413450732	-1.9460004373141861	-0.08639946199239022	-1.3981741853815854	-4.4010201400395985	2.66492811551092	-2.977055556042582	-1.7638013419963186	-0.3315484536694564	3.47308473294077	2.8787807821273113	2.41982352435551	-0.21498259388686025	-0.6646966394653249	1.2451140062163162	0.5810626358625717	-0.682495785960015	-0.2522262646877567	0.73429414685393	-0.542177216974097	-3.0816167370881202	1.2793638937438556	-0.8838047626617754	1.0497241096041547	0.2431780722074895	-2.4499511675949934	1.2435001568277342	-1.416293072851909	0.6167795196486663	1.751339893996896	-0.802595591690392	-0.5831165134529013	0.046929597172795476	0.40010290797701925	0.1721156856915534	-0.6206901439119112	-1.2801056314217782	1.2091365404723147	-1.2626454489599672	-0.9501962147548133	0.7847748757237805	0.3811412592814458	0.5669376343097704	-1.175652557915701	0.1318104373332623	0.6775918383964232	0.0009521440031592239	0.7075869665209628	-0.4057689796680319	0.03658157368881305	-1.0116842204588143	0.47183245990517253	0.0742865154604489	0.3037589535803142	-0.14138574953506164	0.23461699442590875	0.3961662912014398	-0.33517407951580647	1.3371236746859614	-0.29833259404604867	-0.43940221650338696	0.39017318838571957	-0.9887294390621079	-0.008435460979828254	-0.06914520200482344	-0.19007327782779265	0.12040242933543022	0.10761458866977187	-1.0431153515706402	0.06934185263135206	0.457100654276452	0.2813109469880731	-0.28566081257297266	-0.08907471173350374	-0.4377658543364713	-0.09230344511640617	-0.3477508602829309	-0.4785935643680619	0.02502894500384113	-0.2657731227066026	0.24659677067755117	-0.3717829065025509	0.4515165077893606	0.26442534889565783	0.30396239940402114	-0.2631526627663854	-0.10865483257490942	-0.3821931795262254	0.15192257703762563	0.02057150405426136	0.202422113475147	0.2083005772736379	0.29881844703992566	-0.33547670811175406
DTXSID8041793	-4.804198825226027	-0.3052407629041338	-1.601805111134003	-0.7418248437587989	-1.7748287071532005	-3.2330824000356015	0.3442690637714352	0.5368167765839569	-1.4839407221529406	0.7739477094827714	-0.5061612525556631	-0.0726610356780477	-0.5112113192394225	1.0567605264193791	-0.9572902384833523	0.5816589735124409	0.24623016139927104	1.4328243482530256	0.22701494507684428	-0.18628092039400312	0.3150770153295804	-0.008818655639192496	-1.364415093986323	-0.9661434432127416	0.7929105229599552	1.8387981371594304	2.647629183434287	-1.0458003728461567	0.8329295273384795	-2.0898452535174115	0.15507863976338998	0.6487380029167574	0.13315882829181278	-0.8525435577383605	-0.20777503923827106	0.48109472705567063	-1.259044936131827	0.23734770042919667	-1.4313267781989274	0.42093854313171697	0.9924348012835329	0.06572740526031666	-1.6572318833962518	2.7444368802176626	0.08412284588002564	2.1030668616521404	-1.2055790013072984	2.528913394588649	1.8083995266921546	-0.052073413373750384	0.5735793071596096	1.2125042212721757	-1.492138664924217	-1.6498199869088082	-1.4740790535087938	0.9165286130471062	1.4417829781620997	1.3129240196564513	-0.8902576901398679	0.8471206578552026	-0.92498883696515	-0.21990331563255996	-0.9849859629070853	0.06050441336325144	0.27984728674213627	0.2936708509563275	-0.24840820643935504	0.6725267906372439	0.02000722315835695	0.2383728563778212	0.5894721657106152	0.7416790831943693	-1.2253146519969165	-0.5600149022984809	-0.4487629450302887	0.3158317748306191	-0.9721352890324518	0.010332530947857764	0.1853673789196791	-0.5576468559455005	-0.3508588186777538	-0.07807321779541682	0.30248238444863734	0.4450986342270654	-0.8428573916403648	0.052562879743372745	-0.4184008822980084	0.3045538561924518	-0.695293666256916	0.10059816923316975	-0.11221125251445499	-0.7202249187515458	-0.36461464097561225	-0.1495142943422614	0.35259606201836957	-0.17339662991814211	0.16407001074503672	-0.313765004849538	-0.35247848018549033	-0.2052624690101462
DTXSID8044599	-3.4172761118168244	2.9133767217493762	-2.7594731549052867	-1.8525345612051378	3.696943245783261	-1.0516451285498947	0.8472988525072682	-1.1996079753784243	0.9932604555339783	-0.8371931029567506	-1.1352712152410849	3.0157326871936294	-1.6200874174951856	0.8081938746979305	3.2745208613975	2.528053628212112	-0.7600137856155252	0.05395529382134701	-0.7654871423255161	-1.8305074170173843	0.9626018251128413	1.4595704514112045	1.4876239592254084	-2.4212801248814793	0.3845033000143688	-1.0609289379301676	-0.39591420023347584	1.6029181006537339	-0.3705052138675503	0.3794685887201506	0.15902100306031805	-0.4957882277944075	0.41603743071376625	0.6126176596719558	0.32404405554245225	0.9471076441238919	-0.9729163187005649	0.27067717928313995	-0.8996367870430462	-0.3704899545781106	0.15521494653328488	-0.6724648313251	-0.2349407291582911	-0.20992790037732353	0.5365499906571186	-0.17489644824172962	0.13236899321149256	-0.7217729125440716	-0.46129279414326163	-0.613460350926529	0.6307122750847747	-1.313911968352857	-0.6560292310384888	0.09366685521276365	-1.5865303834676316	0.15772714181058425	-0.25850812293799064	-0.6946263808620078	0.7588205589594099	0.5287141980076305	-0.25935706098722555	1.0219509375008737	0.26956083078280935	-0.2635501040294625	0.1263488505815669	-0.293032143143224	0.04769630192898095	-0.34910656025542025	-0.5377184831192994	0.23399771303739333	0.011575046031412087	0.10566356906752422	-0.165448408051001	0.23947105238210825	0.7331515892377942	0.000496735729225418	-0.22037969091414136	0.27253487593150283	0.329267983128551	0.12486807949988976	-0.47099273156624283	-0.20317400008938002	-0.04255430342979241	0.29875044088713676	0.2733194003720424	0.10340445411568966	0.2382230220468304	0.35420255424024666	-0.04350347152395138	-0.1881011276048511	-0.21588997699093676	0.11907620911882634	-0.09543690504531745	0.02249555720700581	-0.05031743250135934	0.004546000371083718	-0.45545382673847623	-0.5532717800431801	-0.0015585688273912332	0.3066498556495571
DTXSID8027826	8.19353510382162	1.8374731889889873	-5.233945221457771	2.1154351868929924	2.64474871659047	0.2945023069206513	-3.7289107052183126	-2.4386905549989324	2.2383260713139816	-1.5764215072919734	3.771076005773801	0.9385725116926358	-0.8484325659333288	-0.5874118300439881	-0.7726815328952608	0.3630298196105207	-1.12010342337089	-0.5787251067393042	0.1378239915617334	3.612742817782859	-2.0145798278934066	1.3161503891906434	-0.5041858679834612	-1.0871964252750645	2.8239962182463407	-1.5149955893249638	-0.11322686620720501	-0.2944351951972882	0.3834967182874814	-2.681681800734224	-0.7538483087967851	0.5006853307891086	-0.4976683948409831	0.4473934389741369	0.7577928093778427	-0.6498447202652607	0.6678138715286083	0.12528654155033245	-0.0003955532918235297	-0.9729841254085242	0.3367256222696785	-0.6617542032008848	0.3598708990726659	-0.8885274693434563	0.6210051182351191	-1.2421081946767627	-0.9571378169628099	-0.37871264452217995	0.00043627416110344976	1.0906866855819346	-0.6579011861270396	0.3901096904640919	-0.21284053212757081	0.10402385671914006	0.08541259358565195	1.865965371817861	0.8702017048438238	-0.8730959278135249	-2.4103842791243406	-0.44119433267948244	0.34441688952954946	-0.5187445218836373	-2.5934842207113946	-1.0799209009423822	0.3601994595335413	-1.2123867831780453	-0.7349575671779359	-0.3647079186422921	0.14814347321988822	2.1972299670466326	0.5979431534414381	-0.04969495906085053	-0.5855718982975916	0.458087644934182	-0.7268616867999117	-0.12677168004874884	0.46194309092278224	-1.7987829875131471	0.7797918467361891	1.6141216163287067	1.6787876792632195	-1.5376194150273172	0.09712797847688619	-1.5720959889411468	0.6791859482956405	0.7369553524561651	-2.2904745569299867	-0.1559818008157449	-0.8220904849486926	0.17696671080314955	-0.16375584712439956	1.2762881484294268	-0.5457288591753047	1.0920572057088793	1.1222873291178757	0.44557062458752145	-0.10102550206987393	0.840739212324198	0.17097912922220385	-0.8295138398691704
DTXSID1042570	11.765635285473776	-4.382941257302769	2.4996995938218394	-3.8786981666143925	3.774042857903044	1.5689865488384271	3.9086563358470783	0.714140921716025	-0.7209596700127588	5.0442731747455305	-2.8682229776214654	3.4414652693210326	0.8086292474646444	-1.0974409343206004	1.376802957078167	-1.5255858516192953	-2.164312772788393	-0.963960752658898	1.5025263738796666	1.5493771165481172	0.6275715124770654	-0.7784339455211718	-2.015498051524064	1.7661580041319962	1.0959664340877495	0.41853342488053946	-1.3512336957296691	-0.7198846525723334	1.1040076439462476	0.4432853162469844	2.1169147910055086	1.6983960820748623	-0.2037701012126298	2.2497913990162997	-0.2229865293890964	-0.19117959148445343	0.1544235625270075	-0.2759898568936279	-0.9479566624066389	1.2071902110600798	-0.45007294593596553	-0.17602275295534117	-0.551119107454494	0.694982749750926	0.7672357662661775	0.9311019527355673	0.592515070200989	-0.6577348863050371	-1.8332927318219494	0.7122987128689398	0.4665119290930958	-0.26501635796416345	-0.3515596495324873	-0.23935360256537755	-0.7464861366061916	0.9894653666827875	-0.2046508868819757	-0.11754636804495767	0.5337712400408242	-0.00922149727115146	1.260232469706929	-0.41960200197858216	-0.40719111845908856	-1.3709007335378576	0.6909399279801874	-4.717187256002893	0.668718211165304	-1.9406238990237688	-0.20178078031977736	-1.387127330061206	-0.2660708144342136	-0.6896223114599265	-0.7688647985333897	0.9449788190686853	1.3781801277960204	1.0497132095573771	0.23040903112124528	1.0494009579671046	-1.1926461727046145	-1.713580503111928	1.9966939485401902	-1.447210798828822	1.7698763008290683	-5.752441838827176	-3.608709800191421	-0.04300831954386058	0.15287134659462526	-0.7586854546135491	0.3416503970958525	-0.7057929999147149	0.8013685599367819	-0.8610370801296708	1.6791045953720563	-0.22752198537127657	0.4411403912974905	2.459171869428715	-0.9958170526107437	0.45433642283191816	0.5718869393442355	3.084330816443074
DTXSID6046767	0.35333898342437214	-0.632908418508787	-2.3620533198978517	-1.6500534968891678	-2.7129075641705516	-2.576294352768195	4.245507861377672	3.107220217117308	2.3845639269447116	-3.744896778857054	-1.2568037862922052	-0.9860162220881713	3.6225197965548066	-1.6428475121435477	-1.8087697058712728	-0.16087002261192052	0.9754870196618295	1.161566840006739	0.14243088666842452	2.41076544477475	-0.6650060051765296	0.07732727684026643	-1.2611153388431702	-2.273130078260272	1.3626271262014475	0.12893170608913154	0.8136110415516138	-0.8200821612237197	0.9864044998199253	-0.45011622553169034	-2.3538454406274423	2.401753821526755	0.4526110327471603	4.658587627918917	2.2074626955811336	-0.9759472892045407	-4.593355518852524	6.181399645851199	-0.808183745889829	-3.749548023255838	-5.480630017261202	5.153526806202476	6.103885423433901	7.544821844732357	-1.4914183012350948	-4.607441908998133	-0.7804278791456297	-2.222720947432305	0.15125876428071333	-1.2481023562481561	-0.7728340917526988	1.393821392432208	1.3377490286065425	-1.0725054551604094	-1.732541569026929	-0.6151733434074175	-1.5386670200228167	-1.0118802817523653	2.1642182358629913	0.8671515863788216	-1.817283222817461	-0.24202834218710953	-1.2531837299936677	-0.3146387030337979	0.25476281123422345	1.5118497957377997	-0.17683136539478853	1.6658594136046427	-1.4375403240570406	1.5399063448298578	-2.679571775988727	-0.2899512364873623	-1.667681159352005	-1.4740563325134544	-1.0565810500306831	1.6020103213387504	-0.014289584650671958	0.2723346680244357	1.8179726713334254	0.7526858199409742	-0.9612493538421681	0.13909479638275493	0.790360860232317	1.1835505733682703	-2.0825793229528258	1.416787823798439	-0.1768871441245786	0.3832796476645201	-1.285914805443083	-0.7021781945395961	-0.21496349232824924	-0.3920823978589303	-0.4360920970045572	-2.145639720825377	0.16192134693622667	-0.06344768314311507	2.2000286654583174	0.05511130716930607	-0.3434948897042363	0.06235183846515508
DTXSID1021162	-0.17354355156645648	2.0267848240002824	-2.696000791218004	-1.4748153856286845	-2.820033023930702	-0.45120975839166966	5.043695167989544	0.5707292917422556	1.4780656551078397	-1.2104893484972006	1.0548006298833137	-0.4469007421398532	2.360074121713206	0.6904698633175403	-1.1353996524143692	0.8195365455664628	-0.500784372817562	0.30935870174261443	1.4636198099625606	3.428909448933636	-2.5937336608869574	3.3198317302222806	-0.5651353197485808	-1.426197088991511	2.119926426184857	-0.09069496490513715	-1.2453821419610969	-1.136230280747043	0.2813812591208259	-0.28737596164937906	-2.520576098012732	-0.34000553485783325	-1.549396584650005	3.5803115659585387	3.4070086277784726	-4.864507631190292	-3.933407165193044	7.066825683093621	3.561351905071336	-1.452663849301747	-9.316943801993022	6.391664973509421	4.100648495985425	8.597952938645463	0.4090030430426423	-0.4119019838115504	-0.932284232218897	-4.003915885985786	-0.1743092278185687	0.5460488178170633	-0.9814172794385132	-0.6581914699446678	-1.2317032743178602	-1.5402704966621026	-2.660689455883906	-2.3454432947922026	-0.5501789349472236	-1.944043667769601	1.7009712629119715	0.5788560761260371	-1.6729960561423824	-0.7278390049377027	1.3214161808062117	-1.4538983042267384	0.7136114156225072	1.727975628441697	-0.36014910241796094	1.5457980081719997	-1.1696034444822503	1.1818407460595632	-2.839267369968631	0.35155022406264025	-2.5490736514122005	-2.4567729591680565	-0.1558617030445818	1.5124292092024423	-0.4460959434127343	0.18432031223393924	0.8873064163996619	0.6543943203625722	-0.32381787557443437	0.44437247021346804	0.17753745675980662	0.6685581136457465	-1.0222277661688912	0.2554017432677628	-0.3137600108267463	0.2390098788311981	-0.9823895114758657	0.30388816209937725	-0.053516836237987586	-0.011917155456756331	1.098974179680799	-1.5796326003267394	0.010861256221539665	0.19676608183871888	1.3898348942649603	-0.6741921109455797	-0.3248206915132311	-0.09469829897335069
DTXSID2057734	-2.075829004522251	-0.10661163314516432	-1.2097411911688503	0.8040576090169502	-0.6489974424435729	1.040015773562154	5.573268563113171	2.4878720855803613	-2.151146606507947	5.211495669487452	-1.3599939810944794	3.253881510153188	1.8924068133032503	-0.23061904809020525	1.0057380730640537	-1.1815636664840337	-1.9947515215309761	0.7914781972521396	3.6594123180148355	0.32503918813315025	0.9050602076984997	-0.3670013736362507	-0.650193689642497	0.26666297558865965	-0.9077097101540695	0.7709442671665178	-0.48888361235850036	0.42914930339008317	-0.667925945751011	0.5887502434712055	-0.1267535588183646	1.2406929893704106	-1.6060114070131724	1.011110779455931	-0.025781916655103012	0.5006654580111841	-0.07721870437481443	2.013813107734519	-0.7342497187230714	0.3224968485680344	0.0506147028197389	0.4808705371895815	-0.4809553014809831	-1.0706407850564288	0.7880055410673952	0.3125945444394736	-0.2494296169088773	-0.07458131929987817	-0.11371416869876114	0.4142894731397206	-0.6171131410780033	-1.5174089792056344	-0.8303235445486232	0.39565191114739845	0.7388824660538109	0.08232037934545687	0.9533184339700087	-1.0676976092474124	-0.5925263709360815	-0.37860566439754717	0.4040061638590391	-1.7039402160418933	1.1790155914539475	-0.8392913822571065	0.5426305691876497	-3.1745724004410896	0.5947838911568246	-1.54443350115997	-0.3408223092417866	-0.40313692463825257	0.5189706294020167	-1.5416862905815163	-0.7181233938820469	-0.05469412463892245	1.389235905343524	-0.33924496114624453	-1.275047655324984	0.40182550511615533	0.8381799804308919	-0.026939538364154633	2.2319680489669285	-1.30780581528966	1.4758461728535184	-3.5920768257187774	-2.137392310310693	1.772923275791823	-0.5028624240249915	-0.947477961634837	-0.25977975992002295	-0.4595839232160129	1.5298089090845566	-1.8653061499261887	1.136606417616667	-0.10889599490144437	-0.448674507396521	3.605274708772587	-0.7136774217256868	-0.6093420095452572	0.17404009601569295	2.6837835190401877
DTXSID9040215	-1.8760194536557604	0.5239525647636702	-5.970265808086563	3.901684480959791	0.861926409821848	-0.26871238685765253	0.40027848732554705	0.6109847121453218	0.18945143615355423	-1.0788622803225325	-0.1541058931921202	-0.1525423777094122	1.3487907191553532	-0.8977194146278344	-0.776541525690831	-0.6423952710985968	0.0032967693517857613	-0.936211900186819	-0.5099844127790873	-1.2625690409401051	-0.5285804633515666	0.331537679540103	0.17341530773724126	-0.0055529124958035555	0.10460417122912959	-0.671470042961647	-0.6032666104749014	-0.089681398290085	-1.1053616769498666	0.33623427102043546	-0.05849931431992227	-0.2068651535974051	0.34102151401895153	0.388434389585371	-0.06107712775468482	-0.25667948159041293	0.23392518406415308	0.3937860003891304	0.217948830600195	0.1109831856867905	0.24500257634846298	-0.16039590536492018	-0.6355565555790074	0.16072053590748303	0.15283522724511922	-0.09855082532743488	-1.3062109432867122	-0.10954660419903745	1.1024159631998278	0.21974013386832802	-0.34358116395511606	-0.2233536388361641	-0.18363012427999093	-0.060576771335016745	-0.7476654323320103	-0.8129720711055394	-1.8117311969854615	0.18830384707748904	0.20990353684391405	0.07638028502071381	-0.5733076123616601	-0.447175972353324	0.1187440848400597	-0.5828860458945998	0.3322032914148365	-0.13728298516188275	0.971216377328149	-0.21250611707112366	1.4128274960820812	0.6473488506586128	-0.09511996329403319	-0.5493879647709328	-0.38356735485397403	0.4754588261952751	0.13617119994975824	0.5701880230066687	-0.28485159766849616	-0.7292374379260579	-1.3126786655840181	0.08157529674880531	-0.20710556042692588	-0.7687865824653207	-0.43027754066746965	-0.37956224249360987	0.33578690075886786	-0.397366876798867	-0.866260025871912	-0.2082781021459482	0.24113582374956716	0.1270617183809445	0.5821008425051997	0.5352595363530367	-0.14659210368087722	0.7168715615565644	-0.20556412792375167	0.16740439485144157	-1.364624054892139	0.01818653322468251	-0.056479333384005306	0.15347433596641838
DTXSID1033161	-2.5160962732940932	0.913692776428006	-5.47682384249171	2.3332639182060753	-0.21625563874401954	0.7414015618174272	1.2954593641341878	-0.44780115148645216	1.0676535147357638	-1.4268842753315918	0.5731896117820853	-0.36372219456485655	1.9180121740497993	-0.048860800324740654	0.6722397565643742	-1.2360796353044192	-1.0949836184730204	-0.25954171655308866	-0.5400073065895497	-1.548177756174425	0.37485897516381605	-0.010972270484037823	-0.48289477898626104	0.132667322556096	0.2646782165052537	-0.36400371558603967	-2.1168426203383417	0.5389695207684143	1.223176831821662	0.02552621337931801	0.6596546805250463	0.27273189756361904	0.8653515392316738	2.035880200092428	-2.0446806233329786	1.043768093797205	-1.7158185233275332	-1.8515255297965896	1.7760795393229614	1.2190002621964486	-1.7412238227698131	-0.5612710721055973	0.5922027442271569	1.075768885747685	-1.6542665712564635	0.3671627330653493	-0.4329506613515272	2.902021857010839	0.4580239822242774	0.5031483256231897	-1.6773868425778216	-1.4363946641082344	0.8371333777565145	-0.788219608463342	0.9041606709971908	0.6089105750649692	-1.4315390253092999	-1.0879422206841973	-0.8894389133172408	-2.4645891921279075	-0.6668978389414645	-0.4591808534282554	-0.9360337235174248	1.0940657150975146	0.7068519423625971	-0.40454111276444665	0.08137983965557373	-0.19262849073345653	1.4185165529150723	0.8407246215742263	-0.20766477743800874	0.11288654380690454	-0.20097375193233483	-0.4365281947883069	0.4247095359458274	-0.6394776128844653	0.12498725622766908	-0.3939270720165124	0.27966507035331245	0.5521511841623141	0.6786037184675057	0.731996982002534	-0.39640403961876974	-0.0020491735721315427	0.6202757048801314	0.47867277106280043	0.16927543163391237	-0.8094018566895637	-0.1710395950347135	0.3279302155179283	-0.031725954826194974	-0.6683867307248098	-0.3888029252143099	-0.04195318925268291	-0.030902156774468753	-0.049955502102322524	-0.5066508180914113	0.06495803742727395	-0.4960513817471791	0.4226280145131649
DTXSID5048718	7.1361560541220825	-2.8355172395983126	-2.8906465322528416	4.825452266658586	-1.2982394357482052	2.37208963574556	1.8049852626276233	0.3803246673202013	-2.16909171003466	-3.6463608813701622	-1.8382893918339602	-3.751896146240025	0.844023656961284	4.901321657841396	-1.0320945355810172	1.1601796850311397	-2.1354919874260228	-0.13640726866595884	2.444111210133161	1.0916505608916898	-0.8021747544237844	0.3816717005650415	1.0350116633230984	-1.4829272193904983	-0.5613985164560261	-0.869514346612902	-0.55648270061217	-0.8945739458517215	0.6162431851819241	0.249029359689765	0.5521262428728304	-1.3147614479433856	-0.6245274585228348	-0.7549880319336354	-0.04010657325995363	0.32465647963409033	1.1088922084399053	0.840671728112298	-0.677819977209059	0.2755668399210366	0.051310586817594594	1.4000696886594122	-0.04869029098627909	-0.05715608656397468	-0.8475569645359458	-0.5638120823479577	0.43064459465509114	-0.8331170752603461	0.5156435688354153	0.5756380539411898	-1.8039642302743308	-0.4162094873923759	0.5202074134267436	-0.16825526337175764	0.37595098113113096	0.8602911262485408	-1.1640013074561621	0.44618126927234336	-0.8126452373137869	-0.41916608759349355	-0.18487116412774424	-0.3666301113584642	-1.4674892826509645	-0.0773260610598595	-1.6538440980273221	0.04790994730516026	0.5110182277593449	-0.2783147697342859	0.9308996667644331	-1.0337175553613198	1.372361804546579	0.6561688318703602	-1.5696783324860346	-1.3640611246527905	-1.145135487121639	-1.2165083229956302	-0.9485013538500177	1.4636555529112754	-0.27643856945017997	-0.13768104979787535	-0.5212770541623312	-0.3554325549427558	-1.4855360777690556	-0.34617385442347637	0.2533694147398204	-1.001681340523313	-0.8863154675379004	0.9477155117317889	0.4636417192042419	-0.39834347975697565	1.3637983412363937	-0.8927088106728591	0.07428603134959097	0.9205203710338126	-0.48702260768897343	-0.22037741827519428	0.20043875619594823	1.3339622655436414	-0.682061611557523	-0.8538161741843694
DTXSID8022741	0.645175068617036	-2.42284101686869	-3.441801965821741	2.7313121027736296	-1.4299306107134	5.82943864937877	-0.9176110811521242	2.018603654945066	-1.1657864953458117	-4.348065583367145	-1.5697150801528217	-0.8008057111133433	-3.890589232621006	-4.770317881557459	-1.7964444608511823	-4.029821676265208	-1.7997636941192177	4.169798600946927	1.5394170536617187	-1.4683741351045903	1.9697317779522565	6.720635053877524	2.512049423279421	-0.22575650843122355	2.858641341802081	-1.8972198479893971	-0.026799274581490402	-1.840114936676864	-1.7337890253078385	0.5991133512975797	0.9733857669726707	3.0870617974562706	-1.2168831533601696	0.5226224905856006	0.6381192481040018	1.06256447517596	0.06693127560539752	-0.9477120494706814	2.046893505171849	0.29897890617854456	0.19952060978693908	-0.35937070435926227	0.3086666542215749	-1.2622839545323212	-0.697579296546116	-2.5977185457794536	-0.9865590728703575	0.6717964404778283	-2.3719462655393904	0.018052818281163594	2.2356455369150012	-0.5718359684086025	-1.1259295573825534	0.6498634533253699	0.3043763045072482	-0.38198925990528393	1.1691762276820412	-0.20826563475951596	-3.324955984252486	-1.2128988012667172	1.1963954174788838	3.310949740187886	1.5642772382150203	0.8784901674467109	0.6498551682376694	-0.7032194747900219	0.5462732134686306	-1.3827871562145393	1.8716348658177415	1.4914044282525047	-1.776871440312053	-2.7649431184132753	-5.771996223299007	3.3937636408856693	-3.149809505948739	-2.0506913563256353	1.7623931099617263	3.359038549137368	1.4074648522316224	-0.116729371049677	-1.0216466177911478	0.14921314269945785	-0.3446555007474555	3.8328727919758596	-3.5577376430597623	-3.93758653085714	-0.291443288277581	-1.6249121404098015	0.38975092473885675	-1.1889881600559276	1.5151250197101038	-0.9406520371276932	-0.048716162452622155	-0.4987900565179472	0.5730660178331337	0.026182053290047407	-0.7318434114704878	-1.906121001071026	0.07705103990176543	-0.03343270923251303
DTXSID3044629	2.9185640047668033	-2.2491567978873865	-2.7229139851361803	4.475515258117279	2.6766066781017117	-4.442053802438489	-1.1940748415095155	-1.1893226765701517	1.057016056242782	-8.150375602444965	-4.633946492977153	0.4609174960372163	-1.1126109695000763	9.979605379992044	5.276883443242987	2.7395151757628247	-6.286951602543125	-1.531737727060836	-0.2780616744463455	-1.5111228399641554	2.9366636633831313	-0.24580631006449025	3.691491604087789	-5.820745322485069	-3.1923750979062384	-2.7157453032744203	-0.3089594452158283	4.730299828923902	2.222950461316023	-3.6483679930847446	2.958985383644766	1.5740500752477435	-2.170834780301708	-1.2873782978504	0.5299015278990112	2.0406100767865616	-2.5761033613920112	3.709996418759785	0.09340679526327002	0.48337533142502226	-0.06747347026133518	1.0558644368533339	-1.0404396877037259	-3.048390607633707	0.9947589326541142	-0.42235215316858554	-0.2485788464225361	-0.6371437790815908	-1.21824378878465	-0.3018933123728878	2.3803641213354805	-0.2105629078540004	-0.8711014533593665	0.6618440202298703	-2.451163041648457	-0.411409606447244	-0.5495332739892055	-1.577658822057996	0.15598327498268025	0.37912285675639745	-3.094280332804659	0.1768531643330333	0.36012345243916705	1.35866422925388	0.5752176970182522	1.9069454005447461	0.9256977319472979	-1.141553602275353	0.6799584414159545	1.0264241078957803	-1.1821974423835455	-1.4800407957221715	0.7578897962773257	-0.8226757623729191	-0.31251012375715165	0.14928950967036775	-0.10707542979001457	-0.1501847281350578	1.0154993212304193	-0.09615473732709835	0.5256885564496606	0.8368656562765268	0.9158289187430063	-0.39162453426215427	-0.33636262733361266	0.8515536439823534	0.9056533301800169	0.41333017148772416	-0.9908602523173068	-0.42986057949737416	-0.17310980632403955	0.35547656341755085	0.4463465846783924	1.5348090978112445	-0.0417278091903103	0.15398489504342536	0.3625802983845493	-0.3007574473083614	0.718155144599544	0.07700747223467042
DTXSID4041361	-4.771290061320255	-1.9295741951472585	-2.253716625838781	2.1057298689741155	-2.5615841544100015	0.5955068457990199	-1.6187584960204815	1.3144683616763193	3.5425470852311878	3.2796846554281895	-3.732594098881463	-1.999339987138403	-1.0075501131306825	1.7010289179724418	0.6181013926762536	1.0307813751674102	0.8875732022803275	1.2717710264322253	-0.12582302703018486	1.1242417338266342	-0.13503821629910895	0.824423552323432	-0.4694869041851666	0.5573009103483727	-0.2694953765939099	0.31959097009619764	0.3585691200869497	-0.2935377934405165	0.08458519352336093	-0.029211984990536857	-0.22977356672517504	0.30593494996652904	-0.15235242010512792	-0.30675873346269567	-0.07117360723060784	-0.1949924335949446	-0.18023789376086158	-0.34207415150314846	0.3865844817893051	-0.09835338071100258	0.11086561617471108	-0.48764133520509856	0.327061390998865	0.09068872738600908	0.1898846749335969	-0.15470306494039812	0.12598228632160896	0.35999731947306113	0.5186161575851684	-0.05245482112128714	-0.4910199290755954	-0.12876383096735491	0.588701731332928	0.8439433227216621	0.2776617761750574	-0.34382759723262885	0.26656699150284036	-0.5158620334555438	-0.004413020549227396	0.2028041493995982	-0.08778087541026214	-0.4153927861492253	-0.04315235870947099	-0.9228058967827589	0.07064080458964467	-0.39384608940561744	-0.19311237588599636	0.008355668312121237	0.10041074602233697	-0.34830480367177197	0.4406209358020852	-0.8184076048405541	-0.2580236140454377	0.277319512033757	0.06569796376941761	0.4323087042833751	0.23189406442484	0.1661118572163752	-0.28557760459123194	0.22195836298158278	0.1224601480893752	-0.17035922019003905	-0.39732277745947514	0.2887518625081386	0.012721773594771854	-0.15168026519328306	0.052354597827597396	0.15698538282618296	-0.44373803180698773	0.12588235667238606	0.0860320346434482	-0.23195648229958674	0.20382081813105624	-0.13259948375079852	0.584184515133761	-0.36274941376373565	0.23255402645147213	-0.6189499681639128	0.20421906532402048	-0.9654444315277252
DTXSID8046824	-4.959947851595443	1.3812522786324934	-3.94539449836681	3.249551141836464	1.442107851957989	-0.9206319867831427	-1.3818623150000495	0.4266773071368462	-0.4100834775131481	-2.8451727497379755	-0.5130379692987094	-2.074971681334653	1.1230858932660652	5.11693287295114	0.14306594563784322	-1.9845491678918379	-1.4406459909760012	-1.210142789193353	4.605158861758857	0.5933724180479176	0.1902061982637346	1.0645886013054255	0.3987700896189465	0.2871885883434092	-1.01455972807765	-0.7209174578494499	0.20235389573238904	0.8663850899387018	0.11371323789113934	-1.326683326376128	-0.8731989422299251	-0.4967462604833823	-0.6835104580558162	-1.0344204147930005	1.1957082311907306	0.8027022394185985	-0.7617328608788622	0.93135228651055	-0.09293500093236493	-0.6517225722751167	0.2663641522938638	-0.2906529817691749	-0.24250977174601973	-0.7324988197600146	-0.8346561651446222	-0.46265114051640527	0.9952208408017322	0.20277843329080147	-0.1099922699443848	-0.04751778285119671	-2.214137545650293	0.041524870156599926	0.3925424790035668	-0.8073638238792682	-0.9511962355970571	1.0223240626034544	0.9326260106533746	-0.5440337297871652	-0.7173812927197376	-0.7363152288612187	0.037691834052005754	-0.24762557963205906	0.7462103545887216	-0.2755524722554394	-0.2618075746639496	1.8802456055923373	-1.4882608834151698	-1.4112063411273708	-1.1447620002904872	0.6889279894753527	-1.016489468381744	-1.2355071018547863	-0.20880333424943248	-0.21124254724447833	-0.35183908543408954	0.7891934330953214	-0.06557626716833428	0.23066468090791106	0.2863957194802014	-0.06438512128863026	0.5509074361559776	-1.7269853512406481	-1.5382397729174742	-0.1915725207170888	-0.8996359841488393	0.23460527348453758	-0.7959832813004821	0.3662885279204272	0.23963753979967622	0.27996417460914524	0.05767055326150669	0.4599911230634383	-0.6060329046329671	0.28911512887824325	-0.12867321536915544	-0.1564672389709165	-1.205038373658503	0.16191304715936547	-0.8384037566257649	0.052226779957466475
DTXSID8062101	10.259917905915918	-13.590797636110466	-12.167111197589286	2.895676587237745	-2.4630470286940027	-0.6560095794173828	-11.761262209208452	-15.670104082387212	-0.6465025674559841	-6.650191949211666	-11.781913267908479	21.84040926605285	-4.6602759481320275	-3.830964216852875	2.6225325304425935	-6.273520825915104	-3.21444185016928	-8.46626918428183	-0.9717326378139346	6.706308314732218	-6.110415467648272	0.2935339216726417	-4.970907238651107	3.3412782754031474	-1.9542122105076871	9.292391514333167	3.1680197850419782	4.016530597559961	-6.991499526793241	-3.384750465558054	-0.5815063898208621	-1.7160883746203552	-4.345608029534513	1.3501402181739386	-3.4585350525706944	0.12673914612606024	2.9915254658034995	1.306256819307049	-2.76483367810598	2.6864893031724235	-4.65321739980665	1.3841970555819005	0.6416329203262081	-0.6673462785414377	0.3541964478490152	0.2382944729627653	-1.1089966030671896	1.3959039870669891	2.004859467292406	-1.3455625772921473	-4.30321760600593	-0.8747352164560672	3.9159936087967733	1.230305803064186	2.2540144566201907	-2.153702973369308	-1.1244985326594408	4.546333234549077	-1.0828914173536777	0.7412984273386752	0.24454716857631398	-0.6642951378640543	-3.073891697304789	1.921746401501263	-3.1317700338339627	-0.2714659390614797	-2.34650095796431	1.3717947698834048	-2.8356533085744333	2.972672582582865	-0.6155747288487508	1.3015792611103836	-6.854289503397377	-1.6627551694495082	0.3328700156225457	-3.815243515933264	2.6221484372148685	2.183753248427541	1.8492354030533096	0.6587370647164299	3.8208870397109953	1.317905095364083	1.9465170335981452	-1.6451605661357278	3.5700455772947297	-2.875861695281764	-3.463271962657652	5.558377147042598	0.2224724670940737	0.2672142860512614	-4.483418472745094	7.01975044045812	4.171594119637537	2.988281423717543	-9.501384023617051	0.16874974251401254	-4.125488618747263	-4.2368456497068365	5.129304841665105	-4.2146294893813225
DTXSID1027974	-1.87948785592352	5.203597845157018	-1.511409206892167	-0.41534907097146306	0.9204194047272819	0.6625381520381255	0.06738260494624033	-1.3589647719550613	0.5816182800597702	-0.28380672996476813	0.8243911790553579	0.6986003641418685	-0.44457151206414136	0.5143514001022503	0.2532498388005571	-0.6394402730763218	-0.3561053269140607	0.6133495969262999	-0.15230866686566108	1.0715018782549863	-0.47589633052226515	-0.31465353690472714	-0.2934352692018587	-0.5513385455039977	-0.13610113733765383	-0.005231516100961749	0.5753870351070073	-0.11862331123191229	-0.0712272496071397	-1.3785226406751492	-0.28853976315380625	0.08212920366285774	-0.22667979240843542	0.4119158168179985	0.3172502717594755	-0.5604333916810048	0.23140295838461966	-0.2320617031217078	0.1928443052243529	-0.09708618265956767	0.30571486240178375	-0.16765095371310187	-0.16569434171187256	-0.12300039080823788	0.6371734138937587	-0.7071831355300151	-0.42672069650290206	-0.007622686535775485	-0.11549779668717519	0.7668659759662612	-0.2114252469788533	0.2518673132529289	-0.27220607944204445	-0.25904257881038495	0.36991308569971804	-0.12488448708617506	-0.5951950537864078	-0.7862085150497004	-1.1149520389878183	-0.011805605614037854	-0.7064556387177695	-0.1663534218177847	-0.9853754943439581	-0.4155881555907154	-0.28664344664468117	-0.21675980407550746	-0.27875499231120426	0.07312190870074894	0.24993301164824658	0.42352213071512035	-0.41926260239555757	0.1115895275270894	0.444704028670227	0.625140956399557	-0.23535174731855546	0.32159908609432736	-0.37544144865495943	0.27196935559030644	0.17315570021543134	-0.40063112922217486	0.5149131737825379	-0.39672191503118315	0.7020016241331976	-0.15183282475424908	-0.19586501743785886	0.33336024308436946	0.10081065610776042	-0.16429540740497126	-0.6498944662522361	0.3008892797822925	-0.05113719300994862	0.6369300514428637	-0.15543749638065082	-0.16034852867640165	-0.14505396300717963	-0.047430401272747315	0.44179596924226844	-0.1277775710063622	-0.3340426729056884	-0.2646213494738676
DTXSID0045757	8.0552549150456	3.1690803043929248	3.9374606440203883	-4.094326671906996	0.025324192289597158	2.1479971393845747	2.7554374808868913	1.8704763221788006	-2.1226311666747253	1.5455206329905375	-2.402195818912651	-1.6185599398116972	-0.289123296179775	-0.53325567893146	-0.215724359390716	0.3520724978567016	-2.7944197142019647	-1.709150059742096	-0.0758492712701081	0.36487463314812035	-2.9038406157675367	1.2418051430252237	1.0456151534993399	1.4315657685619083	-0.5715587705001505	1.7449704633871486	0.18057360759211327	-0.4658966176081793	-0.10596356676458113	-1.6129807184460414	0.8024373397283772	0.1324511826286643	0.3261944661876383	0.1036284658731276	-0.8720418866710459	-0.2798129084108711	0.1402911567080905	-0.06882895577106246	-0.85550794759213	-0.22197355798070761	-0.42596738733052053	-0.09352859816925504	-0.02747099343169364	1.3373620902044736	0.820979551845455	2.0974594146664565	1.030154106216488	-0.5993093292364225	0.4514180952882911	-0.07753050726133952	-1.4871339530379146	0.5729875219299688	0.019096682238656508	-0.38478746628400873	-0.4467124335693805	0.4808538735741566	-2.3564082739981362	-1.6744987792620412	0.749109252607664	1.0541438555979559	1.0515895909036015	1.4686076222473077	-0.19716991805916245	2.267846624804552	1.098180960039358	-1.3361228894967538	0.4080280679045565	-1.6887563950460185	-1.3532679472219191	-1.4788508232693027	1.5942177632860703	-1.398240290460016	-0.5267008368029753	1.0413651537202235	-1.1775431242841212	-0.4925474849763959	-0.4023181436942423	0.11347655335219299	-0.38199968248290356	0.05596463804159786	0.33217231700341854	0.06636819240633533	0.7232062373903821	-1.0399709783859148	0.4577722619531004	0.7140178331878848	-0.014311951477124541	0.7833986979178893	0.18354201891113814	0.6409926853293676	-0.23038454543719744	-0.6693346715272116	-0.2162883753981543	0.9487421333319382	0.0033580490910784157	-2.0027599352996	-0.05691217460996509	-0.02278140494134087	-1.08794674243964	-0.6883800568736804
DTXSID7024166	-6.747410783317785	1.4304321048519704	-3.4548166144183994	2.813660192958613	-1.5373739793249441	1.6465761105375651	2.360767130851135	-3.9490824547500947	-0.34041638789075845	0.29152964587121644	1.7937851892367453	0.7965213836348354	1.853758411478528	1.2333705562101933	-1.92366017859433	0.8496025092890291	-1.1105256149765101	0.5633842830782749	0.8435048211730382	5.09680814848936	-2.366947221031296	2.765253223256949	1.0819430664394205	-2.9379059048458918	3.5180830029222094	-1.4004618439915977	-2.299511601092147	-0.33742798685101894	0.38063899962119835	-1.980534881576648	-1.779001875055589	-4.962150219705812	-2.879630981525932	-0.8922509390367394	2.8675110964395394	-5.365984326645148	0.20611733981576985	-0.007897972163924145	7.899862154082415	2.3156024884892767	-7.681454457235848	3.556611679929361	-2.7524594206145876	0.802966361639282	3.188596494576248	9.48990427460141	1.328126748791843	-2.3297278875475382	-2.3662096459625883	2.1888823536913327	1.2790599596712877	-2.138224939988507	-2.183754600261663	-1.6442478928746722	-0.25859141248906325	-3.3188330850445316	3.3658069133912965	-1.3792608326538627	-1.097867968480236	-0.011735892375233878	-0.03243761097498521	-2.429507355233562	1.167889885293496	-0.33107513068409866	0.5438600845299015	-1.3430090263762784	-1.093746937183665	1.1188115371843759	0.03339030318663967	3.1236570580508274	-1.7509948384859995	-1.1334340826921876	-1.3871516694665653	-0.2878351097118744	0.5081805769827364	1.7588193925355795	-1.194912692938528	-0.749591083823815	-0.6472147227910244	-0.9252554489700309	-2.191364613191522	-0.08114788735814865	0.7316871281602013	1.106368647864101	0.7720240657431491	-0.2312504316773882	-0.30485821361555954	-0.027463263973093503	0.7275934815303344	0.44740301847443453	-0.14859233571687486	-0.18255350912851914	0.4379662684485328	0.8590314728278523	-0.5302023398260584	-0.22648770496787765	0.7781852974593945	0.35141370192484644	0.08315205271975125	-0.21639787196342228
DTXSID5040700	-3.8300751027507705	-0.3201790022685382	-0.8818802590582033	-0.3403141128155706	1.2854227504651434	0.0962932984321396	0.06235439188421188	-0.06731356303064397	0.37146482263431485	0.9744946279911526	0.3101206635316802	0.13043974054387258	1.7490517638058631	-0.5058802333951514	-0.9056230336741781	-1.0558729570848102	-0.3202123635847905	-1.593422027408762	0.06250036342292367	-0.6541070172136314	-0.39191001755872945	0.16654002690716932	0.2014556543133414	0.27807783199842645	0.43821954718127937	-0.42624992530134553	-0.545169916210776	0.9610374384726443	-0.4835866783415202	-0.014690858226694097	-0.731350774812195	0.44282998400215295	-1.2571320768990772	1.537886201627692	0.8443583507463408	0.5357269877337972	-0.09849563254661077	0.8761333239073106	-0.30573141047454544	0.3513069354831995	0.3600798415656117	1.0898463272592198	-0.7512043577481132	-0.4467259108962742	0.5160916356571781	0.38982208953200825	-0.6798546067229954	0.19953683105397227	-0.30319295706614724	0.30269012192956907	0.7770744370003494	0.10859183487080329	0.4653020534316419	-0.21936219428878315	0.010166128807302261	-0.19362446309758294	-0.6660138474702915	0.3050486650848809	-0.5750931454888386	-0.7536024943168663	-0.052752851753317516	-1.0312828577082416	-0.08382092227503046	0.6465784649736663	-0.2526735142767299	0.3769742564966577	1.1906556429538937	0.05900759856300417	-0.013661156611656646	-0.29617051780680853	0.18506177010036035	-0.09891099293051116	0.5974982307281997	0.559113206153726	-0.22717795607804941	-0.1316031075433853	0.9410770587899919	-0.4777455941666764	0.10319979555083125	0.3378188378921792	-0.5345000884602357	-0.029134576121132412	-0.3676622162318617	-0.5709179845878876	0.4095123435842745	-0.576053204309531	-0.5076578742255056	0.40482443210233066	0.11487603938631316	0.1709876209727639	-0.08310566033797719	-0.5982981476957691	0.059550950548520505	0.3010951176285746	-0.05480487169732369	-0.3137101474714421	-0.8186443046701166	-0.06808345854585303	0.046762021873995044	0.31196685065643637
DTXSID8046086	10.03954311051828	-4.740153244162015	-5.938193643666358	0.06407930487754591	-4.1391468489952965	0.030755463503450473	11.65976440166334	4.300531376101822	-1.1184681752393917	1.3686713141467444	-2.815542218022434	2.037350153026811	3.291619430439414	-0.05420320919918659	-1.5667395348848536	-0.3549982706470655	-0.060758221736198825	0.05125993235802425	3.4724347600077348	0.9965185138307303	2.2461299374155113	-1.3986019043267244	-1.9823629304826123	-2.038722756565158	1.807397470349222	-0.05694339319531568	2.144105324810679	-0.8591444063989935	0.41183588351813094	0.3101727401046644	-1.4256076503654256	0.8647960993046739	0.3292213991694156	1.4549221059247335	0.06745320639168739	-1.10452620183828	-1.241209445749256	0.7011858385123616	-1.174356725289881	-0.036599589473515916	1.700642584660025	1.0054202827721086	-2.165908085231477	1.3384332186427126	0.20348720211720064	2.9809383421892415	-1.0643454567635415	2.771171021611921	-0.6553498256100782	0.19388452767771602	2.275495780751679	-0.748162286241828	-1.430574828151318	0.4283161129394724	-0.8453394065093732	1.9427568536397162	0.916609168288301	1.7367098624362096	-1.868278016609384	-0.028706758182661423	0.0808082576510133	-0.1998097716477804	-2.7909659972273837	-1.045438237413183	0.09994751688087111	-2.091772484230691	-1.9360692758253328	-0.8602253625012628	-2.467604652276868	0.32208588602277444	-0.14577403046921777	0.22909927418971202	-0.6393016927877391	-1.054713872013838	-0.8055809868486145	-1.582175748576051	-3.484049794733952	1.970059089051316	2.504391597257166	-2.0863858353997027	-0.22729986497731844	0.9519978318727669	1.1285758755956852	-3.1588807759208177	-3.314370975877187	2.684129883931914	-1.2134695168092824	-1.0075232008994304	0.9604068228419878	-1.0769024088872505	1.5548071644885768	-1.9012808108030477	0.16423089178498143	-0.9395808859798372	0.9337264819688528	3.834825398074775	-0.48475050020830895	-0.3415540146463916	-0.42644550153927024	0.9739026705635648
DTXSID3047683	-3.6611156455819684	3.106584110753677	-3.4116155539102437	1.2239458188528962	-0.043283228981171464	-1.7326918143701968	1.670920152547191	2.0074619911061684	-2.193039922992365	0.9917118227949785	-0.6443754278684488	0.06545745713211096	-0.41709535834346795	0.06526491219186621	-1.4145512109169909	-0.3578617499202003	-2.4985565895067494	-2.382242446062232	-1.294597440663354	-2.3009482941900403	-1.0642869959244892	-0.7689583229263335	-0.991166318282416	0.4722417677884031	0.9466901789211773	2.1440911065772865	-4.784747520492871	-1.6858344426454335	1.6203731672945476	-0.3635486984481646	2.229324923807309	-1.6840857953162813	-2.647644679690444	0.22288520335508524	-0.5187077947965546	0.19444782782364553	2.508716552789045	-1.5495544590592578	2.5844218827834635	-1.4591329779941218	-0.8301637129667866	0.40652443102659674	0.7726570522154923	-1.1269784198125172	-0.10871443452881045	-1.784939269973397	0.24466959215546016	-0.1298090230645188	0.2016159663815908	0.3483610744113673	0.13192106363710587	1.9029168929992772	0.33255020656819884	-0.11410228590923875	-2.78553785054631	0.12136653346391739	2.1274281569091156	1.6581203028452962	-0.9153927411413632	2.821714942489511	-1.8648374714749125	-1.2798433533797093	0.04076793065336581	-0.18315030409741745	1.4528560394282974	2.0991975054275085	1.545715329500707	-0.7741426203053918	-1.6761187611251047	-1.063438932167004	1.079849484446004	-0.6302211383176051	0.5284305194145097	0.5074900559463315	-2.2775445484424734	-1.063627986222027	-0.5395697919691796	0.579567742891836	-0.056204286494783796	0.34256569122842817	0.24312379156324931	-0.4203339586297438	0.29839772306379814	-1.8755432645835293	0.9213526202448812	0.025408789210159696	0.18715720415653694	-0.21023253009702436	-0.9834554598592428	-0.40635764322757373	-0.05857987223353537	-0.029984644898949205	-0.14205672968451272	0.69100771967402	0.41986310671516186	-0.08947113580200135	0.8105623493450766	-1.1438799382454707	-0.7882836088317777	0.15058289347412637
DTXSID9023590	11.1450339287013	-2.398454819276966	-2.1873761580882314	6.5681635414560215	-1.7341423842765677	-1.3673052367861775	0.705564707229795	4.71212015400759	-1.1127502715666278	-0.43725784330298906	-3.9163129158002006	3.3589599831479657	3.9634681788054666	0.8056307546853418	-4.727372452009201	2.110440875573141	-2.5879618230087953	-1.6894768759602694	7.4411521967971055	1.8317510548787888	0.07704982825843942	0.43681447129340767	-0.7317345114712069	-0.17453256284697372	3.6601295797580664	4.875543981620945	2.1879329489788257	5.095465733308936	3.233994999626988	0.4557961020528053	-0.9435798184926798	0.6240225286145777	-6.462752587413958	1.4618423344561828	4.357302909529656	8.215780377765121	3.7476535130444395	-2.0412811209437582	-2.3230281102210744	-4.0397399799984015	-1.9742856701896823	-4.326955283616955	1.6988907739839554	5.009245274892535	2.465368998949887	2.973483497698486	-1.9787673241759653	-1.030225271220279	8.489331675595999	0.09137083022307219	9.281366714766627	-3.2016287559895362	-4.266877542240979	0.9609311121167995	2.379133578134983	5.190707393371981	-1.1038738975666607	1.355002553955513	-3.732576777725647	-5.668572745089331	-0.3051794424132261	-0.904948345165345	3.0163774355818695	-2.5803909429740712	2.275998121629291	-3.2564819298505037	-1.9910266727266601	-1.1381322656297341	-1.348528419953736	-2.114561277566415	0.010428353833670006	-0.41484986261494794	-2.545429788187149	1.4317564730953467	4.7179638703584565	3.928815099676884	-7.756873656508068	6.378159944876557	2.275610401532533	-2.589944708820713	6.206448434507969	3.8990843944342486	4.287298928317011	-1.8108210286259263	-1.6012738982051984	2.371324536013661	4.9767123070913435	0.507452755884094	1.5427195000003058	-1.3149401305091077	-0.11566439115701965	-1.3670339042198494	3.09446141079103	-2.4435885243250732	-0.20655926210757952	2.33919465680592	0.35760283587233177	0.9624597134783792	-1.1714778489965822	2.31324201137155
DTXSID6045870	-3.0944782941760334	1.3401952797410701	-3.7428161775427244	3.8851722774025794	1.3556352748960858	0.5990949215738018	0.5252019230547046	-0.9754978068632366	-0.8713055275773068	-4.626161012983684	-1.0125203109874201	-1.9922911576909552	0.7816552559592976	3.8415912691878527	-0.2683236924222436	-1.036035524508395	-1.1727186604518056	0.3956908544550048	1.9929467493272568	0.5455001081283011	0.47859167348750076	-1.080122300422942	-0.00829897668118036	-0.9181716424379177	-1.5542112659075649	-0.39637430952226943	0.3072145027616988	0.2105076847124946	-0.2136565943847478	-0.6106777218001789	0.6516261802475888	-0.2861360355086141	-0.7985172698237565	0.07628089227048902	-0.3856553243724466	0.9356917674116184	0.21976673129142116	1.011447116373593	-0.1531922775022808	0.032419907340067826	0.5133503145725414	0.45675364355126247	-0.6932527901481597	-0.37943095039804975	0.16990481640195249	-0.7620581562519289	-0.08817349054960937	-0.917474477227853	0.3461014433702222	0.3848340079284223	-0.959355185280385	-0.09126821784405525	-0.994325298291938	0.04683702444995087	-0.8078881091788159	-0.14222453800196863	-0.5443650696537312	-0.6546078296503619	-1.4265801110609524	-0.5186662094614191	-0.37363284446841727	-0.9453855808162583	-0.11171342275552461	0.49505676565553786	-0.4630125425379928	0.45946139635089983	-0.38285157940747266	-0.1258505186230583	0.6702537415042982	0.27124144402771966	-0.3910187564491422	-0.09799849336423098	-0.45615480597510577	-0.216014447597497	0.3456943461664169	0.08373772452209272	-0.21025164931359094	0.0011420907748599784	-0.6708302501035102	-0.43380598049726876	-0.641034814240368	0.45395788193987624	0.10048680353553961	-0.20997882982125096	-0.2656966325352978	-0.519336492816692	-0.14566345885429213	0.01697595300493816	-0.37298704757675655	-0.18746954930485857	0.16463963975048285	0.16747224411099457	0.2487737624319184	0.3532654011712495	-0.2262066818463481	0.24143653088053102	0.13232289544873282	0.2860637854675343	0.49865542491117093	0.21499114728651317
DTXSID5022485	-1.6557600801513643	-3.239275036208978	4.578729878405118	1.0480268624072562	0.5659578189018065	-2.4650759146896135	-0.6528040890173912	-1.548241314790976	-2.9241837060859472	1.5402026896297392	0.5957575904992274	-0.8818220421954951	-1.5105833006425173	-0.3407359371463344	-0.3289454467735848	0.9218048911243933	0.7832925390444277	0.5258136709513879	-0.7566446680086746	-0.2557419456993419	0.22916547001858317	-0.1434988182686677	-0.48811258554652576	1.1142262796773343	-0.3977656965576679	-0.044710022641401004	-0.15229029140918562	0.45900361160532316	0.39864400662996663	0.17271253960829316	0.10137904771314846	0.2944364845231246	-0.18374662473862602	0.4583137980237071	0.7026855392043183	-0.434181236529147	0.22258222274928705	-0.7450846767150278	0.08318735328524068	0.3734189462858022	0.049617712429941556	0.3747393227667894	0.10980550049031328	-0.09884529200546394	0.20621962629961296	-0.11001937421200421	0.21388173832089266	-0.18770057772719057	-0.555541890215166	0.35734599122003374	0.0938230977762046	-0.10920588451087505	0.788168078905789	-0.36418989661324447	-0.1895973641540868	0.3461578413134658	-0.45918219668755933	0.9431049482224968	-0.31165083105361097	-0.3091743998274631	0.13128511329509765	-0.6246782860960697	-0.969515297977028	0.09071033569569338	0.002083482936762797	-0.22410360042951524	0.15331368296183776	0.8345158549092179	1.1350318851297403	-1.2639638171002883	0.3039402422645683	-0.037717572745719324	0.025871758971098013	-0.043818319055864655	-0.5656091635079371	-0.2110384102960077	0.26792326791219323	-0.5306951885087832	0.8267647925005884	0.05051569800997116	-0.09468795520539902	0.18528622867827443	0.1542298265728687	-0.2827317108495687	-0.4604713943716709	-0.1849510701993755	-0.5614881700271493	0.29032221215146276	-0.007945538341615814	0.31257744569234847	-0.15060556461317298	-0.18973322749397994	0.40011115349977533	-0.4771189189392418	0.34122104413733984	-0.636956376705452	0.21965907501852117	-0.08878516067511155	0.18281070291291054	0.44657549438443334
DTXSID5028114	-4.442293712349728	0.7542367334522546	0.12564623066311773	-0.9296501942529114	-1.35180822516352	-0.3082397886064103	0.768536510628144	0.4496300891683174	1.546571231896713	-0.984148477336741	-0.36778995861575	2.0687658667487305	0.5165850081186542	1.0251968125829105	3.54581983429505	0.3983339288736012	-2.58355845992051	-0.5301287512261744	-0.7566116209529636	-2.226932367675129	0.424086778735595	1.0772960855467417	1.0393639806443873	-1.4088030687899384	-0.7998469234299159	-0.6941262836286819	0.7381189656718641	1.0717290472223635	0.3247665428899238	0.0016509802744311673	-0.11374259307686824	0.0577114084661926	-0.3201598935229701	0.6955018364452938	-0.09469777748905182	0.4180408595153272	-1.477294803530017	0.15657711316321865	-0.7303411413451113	-0.39757116070265647	-0.026926807854335176	-1.064563826556702	0.02473519304111683	-0.042050970465363706	1.3864337465590475	0.8238155417881435	0.008499749838172527	-1.274004800941596	-0.3860943877722869	0.002697326232524883	1.3011857671839324	-0.8221124027425261	-0.4152482768090113	0.53914709145742	-1.2049609826336405	0.10493042927026282	-0.33957027455181293	-0.9028592352129111	1.0346639076406954	0.7680478295302504	-0.47854637544301515	0.6694246294109519	0.585150780436107	-0.18957234821062827	0.7124549752746042	-0.3128749603464757	-0.15863521470137426	-0.4720102881764719	0.16617554483923846	0.3111851951187226	0.2834246147798287	0.2675164175874209	0.5848843581948405	0.4586851240230092	1.0439273072946162	-0.5806384610543276	0.3786462837320099	0.4462432680729343	-0.06838528540177394	0.10625184230206015	-0.2923011469555175	-0.5476601257181666	0.029350036558750434	0.17013881639806744	-0.7144490160506574	0.13083544849850767	-0.30885656555932056	0.017862776233981314	-0.24163664662350187	0.31097412081887243	0.3191764517219946	0.26161231876595037	0.08918430717234947	0.6722781544939536	-0.45309665895534024	0.04587123771700872	-0.5401077314303349	-0.23736033986931707	-0.14481368790127147	0.05294370397811541
DTXSID6027345	-2.2817805035741534	-1.9549071639152025	6.031817040319132	-3.4276431492074235	2.200578880788421	2.034419557570147	-0.7557916852487836	-0.9349982091459343	-0.9557871463310819	0.2677732121500174	-2.315058000963242	-0.006978515941421504	3.737155323094506	-1.7157150883666055	-0.46324170196190745	0.38756227918945124	-0.42875639738165594	-0.11437738358119613	-1.6724533203097671	1.4344549730709983	0.16795313648361912	-0.7679018105601096	1.1989913474840646	-1.1733401840992528	-0.7233703397636965	-0.26240784532069134	0.5751423931708813	-0.056523325326686844	-0.08135258647813941	0.6218112594763243	0.5749506200999087	-0.3799624426925549	-0.7561466484712878	0.5943899539166562	0.701510846521655	0.11429356872630815	0.0713746993432986	-0.17590501403414152	1.2079344516069122	-0.5594204923314039	0.20336624672497478	0.7512467259485116	-0.04760900481739116	0.30907989989061985	0.39224532488671376	-0.5333917923089119	0.522694913149058	0.23461504499756414	0.8119602442839472	0.03190842263669543	-0.3916994791915064	0.4825323334681098	-0.5410204958822796	0.26407891469645345	0.7243985889386425	0.8112018476805459	0.27738753874320915	1.03231227457309	-0.7805395903336354	-1.2688860263972663	0.47488330340750495	0.4576920704824119	-0.06081903633484965	0.8378319286559179	-0.10502291829063852	-0.6340571484712746	0.12649350591226072	-0.5549894135869252	0.3142949841529032	-0.8673036998096286	1.4755026500664643	0.06374145373795938	0.2957941651695027	2.021202810331724	-0.45029236485435553	-0.3789517851347731	-0.02361602967915291	-0.4317425480122099	-0.328726982582197	0.03887109191284496	-1.9869025174079495	-2.4998316903942	0.34282991825872255	-0.4473589279077655	0.44323781849659966	0.0432816425743474	-0.39046898383799455	0.7400917934645435	0.5639585254813283	0.14374228138208753	0.9671775040279383	-0.5256756061389675	-0.3887080696150161	0.9803916826617748	0.1690478588311112	0.23666617703048376	-1.2832155795065545	0.9431782091261395	0.769775331554209	0.44561996865934955
DTXSID0020606	7.047547856010774	3.3129661863323863	-3.3415719042478553	-3.2492376899500957	7.727890445348757	2.0087077597190484	0.029030774036962477	-2.9548415188264183	2.229391782132613	-0.5898905639609968	2.1209245927204443	1.3088496160790046	-2.1236107782301796	1.3977083436799775	0.34139659358952906	1.3157446698574597	0.7540618470032232	3.0368515361205155	-2.069603844752158	1.260367985720206	-0.4083774963943183	-0.11115887120903023	-0.7298874521482077	-0.527807389584008	0.7012658295145393	-1.0158424604094143	0.12199113461455223	0.8958712393059075	-0.7062500115582456	-0.6916667603361848	0.3153495570532926	-1.0599438038340148	1.2679986912031709	0.9335573648201253	0.47885528582597847	0.01246168121859177	0.6232984427142116	-0.08376053118065624	0.48697772864825256	-0.20888884329304888	-0.4924678427567295	-1.0434702557596713	-0.10946297993006147	-1.0109272951805623	0.03274887355127424	-1.0210724734898367	-0.1875877942901976	0.82219684600223	0.7869780503711383	-0.48508145583354373	-0.11766921950486159	0.9046653539100146	0.04559762394907597	-1.4404798338112992	-1.0850439718671978	1.1860116883760887	-0.2669380796472267	0.46198616216344013	0.2984846722537665	-0.9333350337885913	0.22106148932535277	-0.8699399859424372	-0.010572770906707437	-0.609290028350378	1.2118788425659315	-0.12382021658125743	-0.7894207791290195	-0.35423579592829907	-1.37051708578011	1.691957188047341	-1.3234398329182537	-0.2244152785827243	0.14074257522606748	0.45977511721217185	-1.002664382562793	0.27371879354410866	-0.8047245791295874	1.237379030900946	0.694650665447593	-0.25627545226693016	0.08249522333666695	-1.1386357404525662	-0.049124274723519226	-0.45446394665098566	0.23622478145679573	0.19510779479658208	0.3351071588023529	0.1826342338743696	0.06852169579478658	0.1641786996016976	0.9485212865120494	0.15782921353365792	-0.1359665420232721	-0.25518489159513674	-0.6177889784341577	-0.495729032499519	1.1729655954916647	-0.3791065515736277	0.8351798623494101	-0.896909998742895
DTXSID0021672	-8.550269954833135	0.3171162215108011	-3.5893060742061103	-0.9256682132199124	-1.8011572504103237	-2.851182752517194	-1.9151335366343751	-1.6041441372121445	-1.8335980539112813	1.6331788765376045	-2.224653686151928	2.2981195635457756	-0.4532477047301159	1.946833471363352	3.1906033525822055	1.2499189899446335	-1.777731921799969	-0.43376667546910247	-1.0146669136148665	-1.2878017237917594	0.41133958457397873	0.4762500945913306	0.7185071374915367	-2.146500204630916	-0.7168332732961021	-0.940462361978414	-0.3043884782700479	-0.233135799168786	-0.37373132628663874	-0.8512521914280994	0.4210207585847253	0.48739835458282177	-0.6888467056054102	0.5267701361445968	0.34552355255124173	1.2089827808208296	-0.5896645406014626	-0.04284849722502487	-0.6088481990494871	-0.1812356352590571	-0.11728092717764249	0.6876801493452337	0.3670347886191075	-0.6460612042765663	0.65489436395509	0.10547977425635814	-0.21631348209980406	-0.9283863932525709	-0.47630016278514886	-0.3692507673542982	0.9601378977575764	-1.1813845525574067	-0.4075208900625835	0.8363999073157524	-0.11268017650272032	-0.3340995714784923	-0.2983210201439106	-0.3628634300086928	-0.6730694651086584	0.3472567825967791	-0.14576715037090043	0.49255010951688116	-0.4374423278933117	-0.12835717870000235	0.2880061695981986	-0.8291323060824748	-0.061624723992239526	1.0382543901781043	0.7124984223261068	0.44570225922879814	0.3070944620023508	-0.9223742770112309	1.3830692423329531	-0.700079681855516	-0.46221478753155015	-0.5738214047703959	-1.0869686515684638	-0.05167535972973313	0.5844348614487934	-0.3370548851901117	-0.6793790752650027	-0.5157571081449353	-0.48482773198915374	0.8387230433127902	-0.7765940818071718	-0.32884912159416047	-0.48931045756847263	0.8889180752531485	-0.15829339471933535	-0.1762253805057143	0.1551993128140827	0.5741949811113749	-0.4414736179003873	-0.18034108408466226	0.0395371800029404	0.31000505051233623	0.9138780382860939	-0.22816865365552927	0.30172584226267324	-0.12618161833987376
DTXSID6023024	5.06773322368184	11.55757930742426	2.882727817361573	-1.7913341057679324	-1.068953868632441	-0.2843724014484121	-1.8888137349268124	1.539512399906559	-0.42029091762579424	0.06364485200255533	-1.1401806897748914	-0.19680348495617916	-1.8089326956590093	-0.41417946520107773	1.2961885467364371	-0.6934918657726232	0.5841364161537496	-1.017831337411614	1.4203186514978487	0.7568028072843466	1.4288592701835965	0.15182859319875933	0.26896624304148237	0.08908524399219618	-0.5630436945519838	-0.35648193476385087	-0.9105874030638842	0.10047509359891085	-0.19932695698441094	0.08387692789050673	-0.4865499918919398	0.4676248627218233	-0.28563959920299026	-0.8674089678731155	-0.001961050501225439	-0.6026476915958575	-0.06654230340031063	-0.17290705034784362	0.641819486871216	0.07293016785854788	0.20746138743263734	-0.44396545601883214	-0.6190053752284351	0.7813394306997498	0.34867710234970745	-1.0049457680738798	-0.9685349632529715	0.05382511546215313	0.12852091940452817	2.095161860463037	0.0028701938140915963	-1.0034555909195804	-0.43260097652174306	0.4345263506198014	1.154749586630609	0.3244085352017638	0.2747226041973094	-0.5069277453047735	0.6942064155339152	0.4789944467963828	-0.05365469101246124	0.12106549898091538	-1.2794287703188	0.0552799309462611	-0.4707088332403347	-0.380928498553686	0.29803344010180427	0.28647361845359165	-0.6228920704998887	0.34762880054817663	-0.07965121632084116	0.410062665004284	0.1716395183470348	-0.2853148619598924	0.40739364056376454	-0.16162892847509233	0.7235520370999656	-0.597019917738421	0.05157579817557294	-0.0008507454277770795	0.6574711898281373	0.3584728855560366	0.19971293549420932	-0.05728824931507995	-0.09269500023462011	0.04744185201098361	0.41189562268776336	-0.42082201392758517	-0.26419929126041986	0.0945797162633312	-1.102990418972752	-0.33841500703173916	-0.3986306733514672	0.1883513786689112	0.1787024539935796	-0.06853887281216076	-0.006611983586922792	-0.5564393101355146	-0.5527330857784758	-0.3442695039115219
DTXSID5046483	8.417376481696667	-0.8225569018020147	-1.3107561838607542	2.2587158080392267	-2.261972415887569	-1.478686887391817	2.543057676904923	2.372010585035994	-1.247687398097132	-3.509812267941689	-2.1652305106654923	-2.593017649313748	1.6327892628887086	1.9547901657405136	-4.467229890574508	3.2470794367986135	-1.801134402388131	-3.1618017826682268	3.45150680768982	0.6612061268170419	-2.5031921820411074	2.3610356566466075	1.3933031136392782	1.0318950473034	1.7560530971031532	3.8000927865441296	1.6702002921240124	4.714258205587148	1.8972058047101	-1.461404938330781	0.564914713651463	-0.4349702220763114	-3.5397974931448144	1.6345326707252539	2.244332293451787	4.61866590009522	5.509702135435049	-1.7748877608574212	-3.7954283693056468	-3.1574448445181726	-0.658202802966606	-3.3175623863745107	-0.2446989367966495	6.09641376721884	0.5098104875078485	4.712032874088085	-2.4436230056947106	0.6847886066169463	6.38876230055724	-1.6339304389289233	4.153587714183812	-1.1590517777806713	-3.6605952925807923	0.016333829431922634	0.7838502807218659	2.510019088760984	-2.672611276635797	0.48684745598214985	-2.1124693260744265	-0.4551134262118606	0.6278353932264191	0.5429603440216321	2.9437190002208578	0.35784507084482053	5.1988001082742255	0.9386304703678146	-1.2151422237713747	-1.344605783656568	-2.4375296957835224	0.11795290981835832	0.4567481700304456	-0.16738539690245577	-1.4719106025964148	0.5098137296119695	0.8069181882029796	1.5512992350727133	-4.506651670754792	3.583861401676342	2.3908981694092177	-0.8073445025908719	1.2149898835155701	2.0304356107206036	2.9909187885607476	-0.5468054405318162	-0.07130566297006764	0.4952746192691842	2.1409812687088072	0.7694686469491178	0.5120384778968496	-0.2623108872027447	0.4009561579643921	0.6476268061724634	1.4859366822342095	-0.5687848770917466	0.15362001092877145	-1.1153242903911351	1.709229225114634	0.7801044833959727	-2.4422483789043703	-0.7076839349645788
DTXSID8040274	-0.5944117978360793	-1.7961974363771496	-2.5874938955114994	-2.8202131230368095	0.38035262951046533	-1.9781044701290538	-1.7920052163520774	-0.4445123678180558	-0.21506040838746263	3.12169239715106	1.1017436609955182	-1.2678403033549448	-0.8051227075080073	1.2990247591026143	-1.0240277353408682	-1.109445442850026	0.4037402632048242	0.03723792089915605	0.45086232050762354	-1.1789329228262653	0.2572604050494843	0.3485140314252376	0.256307633703713	0.6511491536170447	-0.8231610322481734	-0.34987784553445883	0.17411162195231095	0.5192892708557298	0.07902211484618595	0.9647568137441583	0.2973040062093848	-0.4913410040270048	0.6876404900337394	0.20757817769246958	0.536076612818456	0.2773096970868655	-0.18870030499694018	0.37876165453967203	-0.30240019868314266	0.6965439606057147	0.3393781613426322	0.49844235735415554	-0.1891845871814526	-0.3842721069498716	0.03790862157088584	0.13803230186300752	-0.5185657059814827	-0.5280457985753744	0.5076117635911205	-1.103382834870489	-0.4398079472853523	-0.4144809934613532	0.8569591874275517	-0.6032010984472169	-0.18603322718421295	0.17157416179552715	-0.17024184528068034	-0.07376292547737129	-0.5138092526019429	-0.4685478263136275	0.3667577930215145	-0.21374975716066383	-0.07567541494704037	-0.5134235549421275	0.5118433164727069	0.27244734251927255	0.8264436544887657	0.08733186072691405	-0.30478295586791637	0.48974147701390275	-0.663262215099717	0.30194742592517043	-0.5226912209220916	0.5891094314080533	0.14215849090869062	0.2861855365605593	0.0258041060580738	0.23859763221879302	-0.34447451189506306	0.7397200890846053	0.44642719847844514	-0.47127218625266054	-0.024640224649696715	0.5854331594483883	0.05507058741492849	0.9174318079585664	-0.5803077041860856	-0.22510662230627054	0.3960869003481763	-0.08912551084050943	0.008135456383672105	-0.22101882052707927	0.3770585547702179	0.060516661238428145	-0.0639958387036389	-0.1725329374385752	-0.020258255179363936	0.010773712523027867	-0.13773513424753497	-0.20412497535283694
DTXSID4057681	19.705302725397942	-9.001636630662944	-1.13912822085562	-3.8111099509619386	0.38941001068425785	3.371793498708187	3.710315318898713	3.9628852062330213	3.032130888556115	-4.437352175195116	0.05069082457410818	-1.6725248044453271	1.4993912067243824	0.8005216348321266	-0.4039164838466296	3.2059785520581534	-1.7475887572528885	2.485959223636411	-3.125331350558265	1.0658563067347075	3.9963939668873505	1.7641091566635232	-3.0297255513281955	-0.11531792019634106	8.34018579715187	3.8221728527131824	0.7520312478571468	-0.2888446420068195	2.7161126662811497	0.8477154484663891	-5.305622176066557	0.8354541291873016	2.1670222365647143	2.513930101443547	4.55035828457647	-4.422623517485267	-3.3536111346767474	6.139588231212239	-1.2158289415220647	-3.33893111472165	-2.847516063993144	3.0530594497532606	4.349160662356526	9.217185699204155	-1.0219055824298848	-5.326947433445758	-3.561919003035342	-0.07644525703395126	1.0739045287465236	0.5501795184856968	-2.0919890305940467	3.376624884687269	-0.5135574156675928	-3.2397464408964036	-2.9873487466538173	2.1754850344575414	-3.8915801487150867	0.6943986995291264	2.329980278553733	-1.1821064880806729	0.17736512508336744	-0.6379794131027406	1.2703864708482107	-0.6851388029006648	0.22500964418074562	0.07864739167773907	-2.1722147400994056	3.0973034002746336	-1.045197907555416	3.800485983630544	-2.9292985561224643	0.6969940323857212	-0.751404200399843	-3.586562269790474	0.7079870011205129	0.18594898226433304	-0.04408163890542836	-0.18164076281096408	0.29806407605191537	-1.5991114487570992	-0.5947665461634954	0.9401060071156195	0.10869100362223365	2.311236084704213	-2.416522637709486	-0.553509370037428	-2.2883545198175614	-1.7304319599805895	-0.8969500705775295	0.9279583607047734	-1.273941958969078	0.20032699700832612	-0.5016330733109247	-2.8299275126475667	0.17888336652251427	0.29632286583035017	1.6212884180856024	0.19440488627764327	-0.49587881328762873	-0.31701598888927535
DTXSID0024474	-3.5817041318620726	-2.3643714827296636	-1.3911784088414074	4.348482579304342	-1.1985777374746909	-0.795949710465863	-1.7565738813394296	1.216856369618932	-0.004646109082500592	0.6829459074967633	-1.0287788758968057	0.582422958768402	-2.0844552051126883	0.3853756295184435	-0.8957171010307806	-0.07874871121518151	-1.4909538010433088	0.10329082328795976	0.2899232510622523	0.22983487408314565	-0.7871738419248514	0.8346964207488343	-0.5936527669520427	-0.6019647559321485	0.8147784239796797	-0.21126615329351126	0.11606814600634564	-0.8055582521959813	-0.08498348863639049	0.6281642051141944	-0.5367473589150443	0.28726348655300765	0.7902963768447544	-0.8825667164885874	-0.23348610842019218	-0.30852002459417566	0.15375586315560724	0.807606964143725	0.38637496502953134	0.2690648319465522	-0.226378473516661	-0.4789251365633288	0.8038664719265106	-0.3209830852324449	-0.11955295263277373	-0.39270628170331734	-0.33751687440237976	0.4134378606540796	1.5414950477058358	-0.6091352332789154	-0.3840463037242259	-0.9247377778512621	1.8003226707994926	0.48658553968869206	0.7696424469747776	-0.7047062123139447	0.4824805012062234	-0.042147805773984054	-0.47852277971566065	0.5667139804762492	-0.14400507028219234	0.9410027137976537	0.0980400867403494	-0.3359739647273618	-0.48061397131136463	-1.5834805134505026	0.4328558236085993	0.8830786233596317	-0.0028879688342152007	1.2750542877606383	-0.0008955110911403596	-0.48166332993394234	0.25951360483911046	0.40264887161232427	-0.18058313690610903	0.4431266367457012	0.5817176431772573	0.38665632159011315	0.4997046212476522	0.3327588372471512	0.4711647210043898	-0.2360761221980639	-1.5341918863031898	0.4959072052228984	0.269950895610821	-0.16129335349292126	0.25286503898285184	0.529278141676016	-0.7854348568306356	0.9623759088077686	-0.08175505181233121	-0.3184853565078412	0.2996038186477216	0.8056938642777897	0.900257506858092	-0.13169821212729155	-1.3479698615369693	0.5767428086684957	-0.5511597884826617	0.21655849406674363
DTXSID0042612	6.833457075980027	-2.6976369028670444	-0.6137424728492169	-1.6683116607773734	-0.44468087475025236	3.7459620125753883	3.396804557683637	2.000179090784418	-1.1299654147878644	0.9662107594957934	0.6046737126293227	-2.572609237696185	0.365713426811635	0.13486365053624172	1.2337018413764678	1.582415691843243	0.7641219024349339	-1.4962823593552614	0.6297032946067175	-1.504736354372207	-1.3594231514699358	0.24160445502218436	0.9283622722166025	0.896913975799556	0.06459896535006855	1.6112711949250003	0.09254988429842295	1.1101697127113843	-1.4098998363819406	0.3408684390904238	0.19376889144604645	1.6247428881101218	0.4469806569183766	-0.16054229996939173	0.30213111425216704	0.08483285292212858	0.6174126703414288	-0.5011263262256367	0.2760878072300507	0.6405647628120329	-0.44073607616539096	-0.9668446538777123	-0.2232219811856997	1.0127207327591448	1.297251654974202	-0.20764914298990822	1.2843808452785486	-1.7745547623138767	0.40385897777577506	-0.7648946630708865	-1.3741295871280335	-0.21485054457693323	0.6381171948041389	-0.22319844944205888	0.7632457889854177	0.4281928368545191	0.33623768766904255	0.6318457394233837	0.7888987431417824	-1.0148167061781788	-2.8915029030483206	0.24989654433156633	-0.6630788405461936	-0.8090506244944361	-0.7730743915838476	0.333718312492769	0.7851554937876983	-0.40686906518248767	1.9000335870450002	0.9696164267051738	0.5322865719723886	0.928571147780608	0.6622323796062353	0.8959943602088728	-0.1099046153710145	-0.4661400004273393	0.4747346622862426	0.46842922824112093	-0.31898361366462613	0.20014235315103357	0.4591999483283259	-0.43469663529880115	-1.013551667656866	1.011307958862394	0.20734153032220573	-0.21803419121452405	-0.011574941039249477	1.1160057051935248	0.5444616763794181	0.20894740964994216	1.2031600758658565	-1.2236514424761715	0.779278638046173	0.3741420489723083	-0.07449426420494967	0.2718128084765247	-0.37972197466601704	-0.7231623697191574	0.46717094694972233	1.2534103106935892
DTXSID9047095	-4.017236371709049	1.0392507225318748	-0.5500060650480851	-0.23266023566304242	0.15547535068471796	1.0251216362857378	0.7642001846445792	-1.835607351905971	1.6177108426154407	-0.27009991145642626	1.583083616255935	0.357276154536984	1.4905832392005214	0.7497287564573927	-0.07346712459395964	-0.9926311607009364	-0.40373872505514913	0.9593337653925925	-0.039345852976878315	0.16174418280382913	-1.0331359759899554	0.9687678304844944	-0.2856218486172152	-0.018231658960108723	0.5436721689701468	-0.03158352080563272	0.07988497437572324	0.08553395209732802	-0.3099629500256494	-0.5752083887291775	0.0878472728093025	-0.2513758554241653	0.2769313326690193	0.542765456598554	-0.47232800525973795	-0.03215510844794572	0.15428583438951485	1.3406643909103046	-0.4601846256567442	0.0682792800703475	0.15662142936283346	-0.4578809186261724	-0.7425825203294164	-0.27747446359457034	0.396881288167003	0.05507860540087359	-0.2706111668020324	-0.6098176076188162	0.3688478496493731	0.38361228925616725	-0.15887489490855708	-0.36403102412057226	-0.4524841882286704	0.19834943489755147	-0.05579142281688119	0.28317083670758236	-0.5171307905116248	0.31517210878404495	-0.22591668883473548	-0.20356090460164528	0.489994046263561	0.037072488784059124	0.6761429839972151	-0.15018200188713118	-0.46781645371164954	0.25447265178516787	0.30343382379669465	-0.4778093898780798	-0.3967446698424315	0.043991330440716084	-0.4859815772017914	0.5930977564344777	-0.05275522045629886	0.12602455583552025	-0.47836938424935244	0.3051682272094549	-0.11691634046382925	0.0450347130681833	-0.29627636884846537	-0.06788645615852353	0.2784708051465692	-0.7908536373122914	0.21969296953241138	-0.1217731284221574	0.02443046903429417	0.33031636889319993	-0.036704216946685346	0.2610069411568053	0.1587439304342423	0.002125465095880157	0.206802480252394	0.022207393896732396	-0.7236514496219774	0.13629485292347293	0.04379455466844073	-0.16894060062507255	-0.026259163188901268	0.05333898515053851	0.16165708087788333	0.018754732149401997
DTXSID9044455	0.42628608524099787	0.9087776759910043	-3.2859075696138413	-0.2848295526346451	4.018955338281578	1.9328946957386544	0.3116033219689755	-2.7792703457261014	1.3800130734388487	-0.6097403927725157	2.7089114841424204	1.604212536944209	-0.20243823679606207	1.2432130386902907	-0.921322692766073	0.03326085236002269	-0.017664285589144593	1.694548835785509	-1.2213881390918264	1.738143669528322	-0.6668762202151334	0.6382512505788653	0.27521839623480093	-0.388056466825786	1.193785661237479	0.004128957762486425	0.045413491174423344	0.6451631057562456	0.23241616062139484	-1.2222257890042092	-0.1232992619049189	0.19066911592674463	0.8424608903181084	1.8425439126421725	0.496709867714073	-1.0714648327877612	0.34787636911453934	-0.08311378396766292	0.07052402915804339	-1.0343515391587244	0.22354064242506694	-0.5233432960166133	0.03696454400413413	-1.345924594720375	0.9091702463457051	-0.1586622929985619	-0.23707533561351815	0.397389631927434	-0.10810361177194902	0.5931799892055694	0.08303399026928934	0.751557251929748	-0.6757799891292153	-1.5222284477707797	-0.38888225574216195	0.515295459841831	-0.4162347954938896	0.3292057231405561	-0.41091836974602947	0.527882967194786	0.7737149754092999	-0.4558114745615209	-0.5023179152312963	-0.6487416269682609	-0.19564628029958564	-0.44301090657840647	-0.8030926854373611	-0.5481703205060128	0.06309037692147397	0.6488953930547242	-1.4390484377372033	0.08535339961733439	0.6627823781260366	0.21565540169502612	-0.19033056278621618	0.06619641308720109	-0.6036875807119668	0.35264521771307816	0.7364411892746933	0.05483100089812648	-0.7476988528590723	0.8978739708600997	-0.21649709087062888	-0.06730622445737541	0.013600535744471986	0.15165361263345564	-0.008422743868210947	-0.33377100569213036	-0.05011303803675957	-0.2215062530701825	0.264591097353005	0.37179679348842276	-0.21590886035775958	-0.02999362352986891	-0.8378088944727913	0.1552823737779697	0.838894888664183	-0.15576370193685443	0.13096424045519736	0.9860956460537118
DTXSID8025046	-1.5398010040199348	1.7278648170370083	-3.700810613559114	-1.6358704880785	6.68649942895791	1.094937333331733	0.7739225160596287	-0.14851364143005877	0.8934884556583027	0.4794702772521965	1.158617738432447	2.1283579676840523	-1.333654308339217	0.031193470555690418	-0.3951949864007994	0.49002319771381125	0.931202798659897	-0.6884763648924892	-0.7561797834284142	-0.07746165161791796	-0.5366739949663691	0.19324111336391783	0.9467811856606455	-0.5809739515257719	0.31410488282238097	0.5279991365053253	0.3897835557796459	0.16154933732837096	-0.7746585993369747	0.25856201328118394	1.5009485048088176	-0.21659036941209664	0.28472889346743735	2.1488065591659673	0.4251515742229275	-0.08942658074979525	0.17421777221701706	0.7152493940882114	-0.6370448887204331	-0.39405851221355803	0.46377216130638044	0.20260233209190903	-0.12986737439230478	-1.1117509962758834	1.138510826828682	-0.07813758376011207	-1.2008303638333333	0.6767606973725695	0.0765104505862964	-1.0131254051014758	-0.25361406497514066	-0.8604816586363494	-0.5904211276733382	-1.6558082940318508	-0.730225966664276	0.486181538217618	0.5335290614551567	0.02168144948205277	0.5272801136009927	-0.3666097415080768	0.4891370653027743	-0.3858283805523291	-0.09121218604843963	-0.8555814772896289	1.111931376955677	-0.05727598072669541	1.4441919401852832	0.3826782045128206	-0.6149262949773485	0.35600038135923545	-0.5038575361102434	-0.09173774507635801	-0.2541234237302998	0.3488697445007665	1.0842786297265177	0.6178346706105542	-0.17660409541410144	0.30553207367281027	1.0041333406352555	-0.6942607719160868	-1.0368803915014448	-0.060393113468989665	-0.13571432385854665	-0.5203673311293809	0.147491474279616	-0.6222474635335319	0.03607084484930129	0.34962742787963685	-0.3216339491664441	-0.14026434733576526	-1.4190579030791424	0.28731389239300664	-0.4215802731951341	-0.3006099921686986	-0.330274963422565	-0.2911015831913022	-0.513172775020316	-0.9157013250660364	0.32157044986460287	1.1818444758447977
DTXSID3028001	14.624620587213997	-6.746950044644108	4.897763834299591	-0.5000740072144082	0.9291460624502378	4.498088426978537	2.8347169091882933	-7.6910876344296035	1.6429308946357088	0.717309818086305	6.168558047154777	0.35515502395585313	0.27693247292272133	1.2512567495295366	-3.1526508726161153	2.7023013005392937	-0.20837085734784797	1.537644957514682	-0.3152580448423518	8.498161032180938	-4.339734113718567	4.295977259313006	2.1063095916844916	-4.842251112595045	6.308447718218871	-3.2373221333584468	-4.801963388396185	-0.740692378892979	1.6025286248466042	-2.425409284883916	-3.899827173643575	-11.976173948721469	-4.904935341553548	-3.8510812019749494	6.613152543378868	-9.816104231829526	0.7095691035849149	-1.8381130943272792	16.275420306822554	4.511697027217321	-14.044447023589655	7.145642622038849	-4.873487042230303	2.6692405625425515	5.2870212070349245	18.892538869110233	3.9943073085954737	-6.316956135867336	-4.465479909567788	4.873426092120786	1.4371192337877021	-4.055057905670473	-5.363824670878642	-3.8414396098135923	-0.11506469642704832	-5.917087691239168	7.3098463056483185	-3.484812971467409	-2.486673402064533	-0.5284285210842776	-0.244015917426666	-1.7415480232867513	2.3605288104700795	-1.7802125221361758	1.1516779808757391	-2.202468768470297	-1.5201567532377995	1.8599039674969715	-1.0179902363855444	5.235560894658135	-4.050918729393192	-0.9715648094695293	-2.9250281050536984	-2.0819287169227456	1.5728403211980477	1.9460206483465181	-2.666432036658813	-2.2412992366321367	-3.677240478695949	-2.678176553242188	-3.7614657591800693	-0.33777777321728364	3.084046070979139	3.8876983105640197	0.27642616876105686	-0.09040842042430726	0.13267072199812455	-0.3680204522878082	1.1346161815708138	0.23782334686957113	-0.23929537948098287	0.1911291081077796	1.005552168836954	1.0594141926257457	-0.5285374406718992	-1.151229622326583	0.2962797253730487	0.5407269124345518	-0.6054617462293885	-1.390715903116855
DTXSID9021639	-5.513194830778499	4.544073842636659	-2.5561933370529344	-0.7141603821473845	3.9284574003405615	0.9658117092673781	1.116731589152653	-2.5372696233363037	0.27785466989104796	-1.2534773077441679	-1.4372336380246575	1.495941199918035	-0.029005022008265158	-0.14889182898057662	0.4916316412328054	1.0864105682785368	0.5833027818596986	1.6516262394514538	1.0625865478328973	0.4701594288298027	0.35111224867386814	0.7848930702921311	-2.043618195735415	-0.7531286005106868	2.3051608591921875	-0.4152024603670282	-0.6576414596520338	1.7321945393774592	-1.1205556314587144	2.5090560780060684	1.8771802985244566	1.735947696528446	1.9829106525702644	-2.445553340789211	0.42525918752572966	-2.3621207936103925	0.26359268031566824	-3.422446715960643	-4.248212970777385	-1.5673658200902727	-1.9053491739156547	3.388906406348792	1.68127612130602	-2.762323698373246	-2.18535422291117	2.8916637363575317	-3.5958154081863882	-1.7547229235083461	1.8165506360359365	1.6262466474611346	-1.1502422780937354	2.1999266274267644	-0.05097996904592441	2.8300562908958544	-1.0527733726845565	1.655807776790557	0.8185805291136938	-1.6314455611503222	-0.3945075740156206	-1.653695605017243	-2.17095823211462	0.4567575613710348	0.43360550410070064	0.5349104628166046	-0.03282954927579088	0.30923031439680293	-0.12891873715181654	0.24706860851867146	-0.3968889270968042	-1.0488245511754946	-0.12790950055551883	-0.4220952824503693	0.11522676113284004	0.2649212639080603	-0.4735125826726801	-0.07256356311470234	0.39973889336111085	-0.18920833299459042	-0.1739987142562154	0.1003966594623568	-0.47106277508017946	0.29582697415536674	0.18082373429034462	-0.09298820627277612	-0.09696567418418486	-0.018623251404226486	0.36463690892768924	0.10759145441096565	-0.10558346433262235	0.6327016354238004	-0.04999140551500788	-0.2538207139063558	0.10795257947370065	-0.12153414016661997	0.11638520400658887	0.09151160499684291	-0.2910936503804898	-0.0007605286996259123	-0.28001688354234	0.23598110494012076
DTXSID2025424	20.922612359881427	-16.249459689317884	-84.93097881277161	-12.478140553285394	187.93782043542916	2.9154832973499514	-40.08765741600595	29.42294679986538	-33.668758820965216	-27.581148246341833	6.488943286253749	-5.0506859432352424	22.882384614639097	-50.56731044711372	110.97045055679102	77.29836956040049	19.249905686269823	24.186938429714	-3.4546875902530214	49.44911451125022	-3.980644018618667	79.15140359239014	-66.94464339834579	38.04208654969724	34.803133978864444	-52.54213742615167	20.025638929264623	-1.0481268219508615	17.077453884608197	80.02571916856603	75.0291107497077	-68.98903236058936	1.8211337228097983	28.362286125719567	-42.62371116132485	24.079130314153353	33.51759789749036	44.36256345244166	-53.36954656411125	-14.980964453208527	46.47272736367335	27.077994654684034	-54.04334053677803	29.440985357324752	-14.61007490687353	6.057358395230702	9.090611620636444	2.4246350990952488	-44.22670686388975	56.18953213949752	-47.35319064736696	-9.267925272837664	58.30509701190926	11.547251667076171	-47.6437213498824	-66.25497034876129	68.57903499941428	6.539405802463937	59.83480770469735	-9.014338717463486	71.72453755834107	15.384398687330966	10.273086714714838	24.240189624575663	0.4234993895960441	32.059222788146926	17.33068277708891	10.814607186359783	52.43759830221611	-20.982589880868286	7.2821293876369415	21.715315470437908	4.855558984669546	-2.0293029074382973	20.303671233410817	10.277337516682147	-66.26940165305717	80.36047894857032	12.162777022265029	-44.19478654034201	14.669943529005614	64.68254198150493	34.39683919410146	77.06910436470537	-28.38889721306324	82.03524239759487	49.738254625635314	-19.31737938258344	-6.9494085019755545	-32.345185228572454	-7.922145377385884	8.841491860509285	-5.056993030678793	24.871751238070487	45.70131500609314	10.695647615286704	25.37400753083671	-55.252637804436496	8.515293352765203	87.3332214387397
DTXSID9020081	1.314002488371728	1.1728890443315865	-6.569305673646896	2.7596178429010294	-4.296608433229229	7.4225838427515916	3.154509396509082	-2.871387334163557	-4.393233790578729	-3.440928466508517	-0.12569376481917827	-2.4630569354818865	-1.0519975604749574	-2.0288882045971586	-0.9268060552150845	1.6869706194955778	-0.5222805453582018	0.4614747735551915	-0.561729121709022	0.19202364325269392	-0.5204721677117992	-2.2607971039827928	-0.4405082091814657	-1.4355824720043295	-2.2236025476756	-3.514421181621767	0.5017863313111007	-0.4908955710260103	1.0927961766307144	0.0722139445605095	0.5186151098376576	-2.5368495756195926	-0.294993677050749	-0.6702263424525351	1.1569951456696412	0.5775487864308254	-1.0724577287816195	-0.45140893304527	-0.44326771287634187	-0.9361074146389029	0.3421258391284973	0.5149873911128684	1.170925669641042	-0.790724035290622	-1.0536145249169417	-1.3222317037583948	-2.0585312726940876	1.7094688906093065	0.2564825369920877	-0.6406946263195783	0.8134099267976952	-0.06715247343287835	-2.173877024628759	-0.9833299942927443	-2.10664594531318	-0.40845865279963217	-0.7321615024080315	-0.32065075109171215	0.04686793379864903	-0.2431098749015712	1.5244939047150101	-0.8780442137457727	-0.1886041158574885	0.019770502000311774	-1.9798227804729	0.7504474629026531	-0.8741558799053121	0.6409833705759784	0.9100903027526046	-1.1460366840278622	0.16971343014953094	2.2236845500228104	-0.7668736415033734	1.0605199097389613	-0.3602200388212979	0.1649765659475577	-1.1269250755911044	-0.7766397494175781	-1.3364932035127937	0.5153468753520892	2.161242502907512	-2.176783428875746	-0.3437172147555206	-0.05908389510035	0.06939164738426239	0.18976396899645556	-0.18554764335061907	0.5673700693486876	0.5243706103478382	-1.6941184867581165	0.36665129282279424	-0.9624621198584236	-0.3350877912722092	-0.1654901747687376	-1.3110042728938496	-0.2753703836509494	1.0049061356454954	-0.26645775757208406	0.2924169791632477	0.17003548132088575
DTXSID4045763	-1.2225853088465624	-1.6290152943661025	-0.5334206702220515	6.135282659501019	0.9765126967317663	-1.6882998697789604	-0.14858008542998138	-0.08572829775762848	-0.4257713088631611	0.25354005830267323	2.6654278369395943	0.06613209030323412	-1.308706507261651	1.448233445073438	0.16323638277477812	0.24570329091840906	1.0097057309365434	-0.5338423006628749	-0.6223557008932287	0.27225854849212944	-1.0214147442365307	0.4433939152946779	-0.4948903801839896	0.022374330572816833	1.6792511913523243	0.35275518271220885	0.08426990656738913	-1.1910132995761646	-0.5379224746835866	-0.9619338952923076	0.07158843824536441	0.9388995996782398	0.8435089976293344	-1.058358670269801	-0.8743103469630235	-0.6819948602087392	-0.3303793459846446	-0.26993605653962033	0.7384723749303584	0.05807719571308843	-0.788484420065764	-0.723102783589082	0.555524945943474	0.6781778209958931	-0.4995069723188028	-1.0289861952294335	0.6149382299379061	0.07501649082607485	-0.310810437888634	0.7970714776604686	0.644197520861659	0.06829354241043466	0.058573876365267744	0.419210910193021	0.21981730943160444	-0.31662196484051697	-0.4905887299474535	-0.1130173789674173	1.3314514100786181	-0.049203595562580395	-0.5477602758551723	1.1736126558898377	0.5069565551867954	0.8253530193008738	-1.127655686938912	-0.6982501838715601	-0.2827028539373302	-0.2126828472390691	-0.5168393790780567	-0.21176921371526033	-0.48740411941815104	0.45346950383028223	0.03206777257745847	0.8600705107141482	-0.7600574173599397	0.658542663331842	-0.16418492358059594	0.3042460876124304	-0.6112348980747534	0.036159497920978056	0.486210507905737	-0.5819241598192982	-0.29418455454110365	-0.28181097765105007	-0.34556095715132656	0.2809248441911188	-0.43132996817178787	0.5485686085058077	0.026868927723454596	0.050798421642827975	0.47784128595627756	0.047034603575258085	-0.33563844083759864	0.07676859036219193	-0.6071990211923988	-0.29092742044106523	-0.25212393432714675	0.4017158554285973	-0.2989790249635869	-0.17038645293017202
DTXSID6020981	-8.354070001165065	2.732899765354923	-3.486238062037702	2.665796521346621	-0.8705695027921914	-0.5059669294335766	1.3323204653655483	-0.6455432096029526	2.542830461964661	0.35017248461122397	-1.5520407672188812	-0.5274522624103583	0.5139348274195337	-0.08259111539865692	0.2012294667606935	0.205425542597856	-0.5545348538359179	-0.017594890901445014	-0.15056635673813928	0.5165496602237099	-0.17212014620537255	-0.4266547521971399	-0.12688977160345186	-0.05461639311327963	-0.7152047127645821	0.2377332403998322	0.4791770334060527	0.4118161795464098	-0.41719246124622894	-0.5322327072172865	0.3772332724072195	0.5506977047521805	-0.47292273239370475	0.9610477178587202	0.1344151120446619	0.3662798731477723	0.5701412075622133	0.1740122722687709	0.16297612619555327	-0.1976955584673244	-0.20266226699085452	0.7489910733447462	-0.1835742315731579	-0.21221907736540313	0.3113346652380394	0.24247231984868764	-0.057352504486673936	0.5780079249184062	0.08014587292735105	-0.27983483912378576	-0.0008288490121349561	0.7518549944496133	-0.24137576741925834	-0.400171804364779	-0.9814314474729087	-0.5228428081279834	-0.7582199423472237	-0.4818270760614582	-0.3514839885560017	-0.40011458358868646	0.35037597344678406	-0.959502157994998	-1.220648282801834	-0.048283467458212825	0.04112762644808701	-0.34224777619799474	-0.6518199938360745	0.45244007054970375	0.9530095825851218	0.23266067074481941	-0.40656066357874576	-0.32493799614975827	0.15799392272495766	0.3820739607225698	-0.35963630403417696	-0.23176398375973123	0.13889595735970553	0.32192767913273657	-1.0389212532663459	0.26013998900330504	0.36890720221947376	-0.48940585864013625	0.5065947511367944	-0.1727722597216326	0.45893329064403543	-0.21443421260776874	0.1320989290841589	0.06845206530012225	-0.05204311022252037	-0.509796676608879	0.06786487123441971	0.9087380038838692	-0.6639680663884232	0.06613583590415663	0.4232090509846171	-0.14323778453597025	-0.13123064623973452	-0.31505689330766595	-0.6690011021913796	-0.036401400526926635
DTXSID0044525	-0.949329136845194	0.2960025692880979	-2.841936374448443	1.5958529924384142	0.36789952344189336	-1.348383704631834	-2.106403737114133	-1.5189071672010295	0.7724028196100411	-0.45491438258567374	0.9191254615118553	-0.09895656499688023	3.124953988078724	-1.1478571237748927	-0.5348558039642162	-3.0077403648233103	-1.415971943752677	-1.4686639258853087	0.9129595541487482	0.03322901685167069	-1.7993789948982135	2.1033420504796996	-0.33123987805631494	1.5907811977845234	-0.15686497533486815	-1.7126090888985	-1.5296500542567177	0.6787123501698084	-0.28105376442703156	-1.4921176550436037	-2.404080660148251	-0.8051988767288459	-2.100151549383111	-2.0495328955547114	2.5208707375123196	0.6382151432326115	-0.9097738407691159	0.9982313667508539	-0.7360198744943711	-1.0088983575200705	0.023487010265716465	-0.8763548600042432	-0.6042170863052885	-0.46942617798249525	-1.3810912185556439	0.15675496822360616	0.9139162850396985	0.4026751249558056	0.35474647886505256	0.7207720591098923	-1.175028622953786	0.33963192763680533	0.08716081743666279	-0.1941134306327564	-0.7961980991623676	-0.016107099582770033	-0.13598222780857208	0.7229574002702607	-0.8949271776941613	-1.1809717631160983	0.14672363030012958	0.593604187195878	0.8786044003879009	0.6578852623714864	-0.24925689003179627	2.2470458157057824	-0.8515693288600102	-3.0776890326615938	-0.005512427905209503	0.8310379855467508	-0.12727738530699306	-0.2513263361689589	0.5521797482555728	-0.25364322994187516	-1.415724820648505	0.10043617844177447	1.0305173301474175	-1.1954679221833084	0.954353321523115	0.3693133805611076	-0.08393620907565699	-2.0692144878239684	-2.3427293975817074	-0.8236942831809967	-0.14355747242142325	2.4877533802387686	-1.4037720177279673	-0.6273606709562506	1.717873600189473	0.936599283317849	-1.1906507406359625	0.6342186792900704	0.30584094519339144	0.2010034116987844	-0.06537896909390198	0.2584863355447962	-0.8986744163691126	0.3336651943308799	-0.19156042126373	-0.05545897668449531
DTXSID0049315	-4.662210578167499	-2.456173176584764	3.3898031316728474	0.32918021602674385	-0.6216282257605193	4.20281710017594	-1.6294537226646928	2.8756196364044846	0.3706289917073622	0.03814048378021672	0.5306278681193882	1.5755586795802106	1.1285294499499536	-0.096964910218434	-0.455518039699295	1.0774725105110345	-0.7743918304000705	1.6701287950444603	0.7183602254387723	-0.9601629473779585	0.420199823810247	-0.4047196950579157	-0.21548971957356983	-0.13226077872814768	-0.7952203744286539	0.7586228491033304	-1.5657640973445452	0.17706517035429303	-1.3714365674101634	0.6020664817442349	-1.730531810669561	0.07706542686760087	-2.9406694449540325	-0.9036787462425799	-1.108185690667583	0.1199910955056193	0.7422862522161182	2.1773043472878144	-0.7309381098081098	-0.15861612167525824	0.6053083590687653	1.0906697498645697	-0.18411052290239427	-0.7989007746320353	0.042299369013143906	0.283364544338547	0.1333383553702331	1.6266571013490958	0.5250854202350068	1.2362083451781827	-1.3109593192776599	-0.9307749525506517	0.09369579715632843	0.8742747946888667	1.5247670914374611	0.6766974088753327	-0.009402348024459715	-0.9880744520325533	1.4630658620219807	0.9737509246685062	-1.021617453509768	-0.604131933802244	2.6186327865819896	-0.7830046936073536	0.7301987979802148	-1.1808072791510118	-0.6310916044746103	-0.06289039342981291	-0.25913638281653134	1.071038567409335	1.5268337616305392	0.23550065593729852	-0.6302279747642199	1.4276880234525031	0.4470653827811473	-0.12632072092884403	-0.0896915183021035	-0.06684494225896215	0.731377488560038	1.5963361039764972	-0.12763155363787304	0.7585937455747608	0.15793320550517567	-0.3168273578454621	0.0751940011512868	0.11025216684662156	-0.23734509317821278	-0.01590437991175943	1.133585731452663	-0.20363027137623144	-0.029413471552846217	0.3130193699227142	0.051531921393591335	-0.48481025768913943	0.10609060082492518	-0.012145218692322034	0.03708893798468995	-0.6174041452885624	0.06391466452070357	0.5521687886673009
DTXSID3022904	17.574313534001405	8.738282430409976	-1.9425169974930943	5.166590779061457	-2.6969398456285947	-1.690828664404288	-5.586111744937628	-1.9743953087910417	1.3408274843245755	-0.8174868775264239	-0.06028501992376541	1.8422079792625088	4.5098416112093735	-0.137080884726166	-4.008456776895057	1.5547950877564478	1.4281820760664827	0.27042287056856384	-1.557698673926832	-1.3483091724202398	-1.6118358207912675	0.6896608629666009	-0.1777259030729965	0.4567697397252161	1.2904165627987862	2.9396929368932496	0.27817964361295916	2.370572994172638	-0.17545831540327297	1.6741656339115654	-0.29717984485139864	-0.4896767609840258	-1.6053927345475676	-0.34351791341246746	1.3238508636533932	3.722045507066591	-1.1304984104114482	-0.5272104702481066	0.8838836614824845	-0.8849492042351549	-0.2769873120342167	0.08199924688849652	0.8695595276903514	-0.9935381610960564	1.91911344185539	0.5199207429190944	-0.04886224053900137	-2.1087600915575515	2.667390526446863	0.2616821477327591	2.724126018864838	-0.3940144200374368	-0.6073898041425341	-0.2727594014671198	0.37402893514865004	1.4882257929350313	-2.1227743087791	1.7832522295744861	-0.24011565763844855	-1.8553542460884476	1.0271752473520084	-0.7401619215270183	0.9904295979145838	-1.1693392863212195	-0.3636812968176663	-0.0818687166999238	-1.108370168992742	0.44117070516754603	0.4188158516820888	-1.1074697316292148	-0.9241193347315221	-0.07446927456754421	-0.34951283298020813	1.2008257232690631	0.6937922554426558	1.5270616537494337	-2.398003023326491	3.1379025787961075	0.3879944674695962	-0.9419159018949658	1.5999156423300311	1.8120249264273296	0.08218700116009123	0.7049909263854996	-0.262445022681307	0.23855150187622465	2.151906070061807	0.7945539284564973	1.071034324512506	-0.6190938301462611	-0.06152087845342908	0.6028543996099319	0.3764179336427258	-0.28554026424721385	0.42195606585409573	-0.9257914604831807	0.18870375422322874	1.0686012921721173	-0.31680930501466964	-0.5589907257900578
DTXSID6052112	-7.438914930341924	2.4125146917448794	-3.040539758089469	0.6169436234721517	2.1221285168247004	0.26725546750271284	0.8897143117897918	-0.2917944107972263	0.6043102727617617	0.22829994497735664	1.0392443586649251	1.4071525264180207	0.4704723951421699	0.047078045221411215	-0.13510227621254	-0.3956076487593539	-0.34837206054886705	-0.9089852793889273	0.30423285279006035	0.13175313434404898	-0.943392438588094	0.24011919954768995	-0.048354423803013684	-0.38148725234350506	0.15801793405551579	0.16986117756631658	0.17706878663301248	-0.29061444646089407	-0.7354586074057184	-0.2962286975761071	0.7886280881722586	0.2451467404863686	-0.4027666872279892	1.4430700965521506	0.09877439011642486	0.09128951860312118	0.190790186728985	0.5897977576114438	-0.27797992335245825	-0.07722197114911353	0.4921711229902477	0.5940225643671204	-0.10021605180380692	-0.9644015719988492	0.8850404781500786	0.01459019547155282	-1.3545811799022542	0.48534643193086097	-0.07606969594439017	-0.6784136994355959	0.16558440581992603	-0.19736716859396006	-0.48184556007788826	-0.753646337537599	-0.4266867960234396	-0.27227829644494345	0.07854970433848402	-0.493043402120589	-0.6248602766473008	0.018524766942036804	0.24723779564337128	-0.5347868504368316	-0.47901756712851856	-0.5405519441782781	0.8474612938987576	-0.2875811817707039	0.7189591299140174	0.4258325420015579	0.29376397628241663	0.5970710687068389	-0.3209201558355273	-0.18858883189998266	0.5391791810914721	0.038095654307788815	0.47762515858111837	0.6307212571975963	0.13439542501164967	0.4544662842783153	-0.07953074619922217	-0.7987961423468277	-0.16948506093958768	0.4248862507435365	-0.026682719771713194	-0.46732948723067563	0.024892298891696665	-0.5417066134309598	-0.2985003657677864	0.572558376210229	-0.8942195318665972	-0.3711917451844971	-0.8681268186645582	0.832436786444185	-0.7709362096097828	-0.011207498176502906	-0.4184039938173078	-0.06326958727811866	-0.15549795080495843	-0.6171877603702964	-0.07703133193792717	0.7251918092976232
DTXSID3045645	10.876499158384856	-2.4999056549886496	0.5158487084975402	3.0679909137430768	-0.33391231482402123	0.9172552405848118	2.8573157006037833	1.407130601215316	1.6614840892721896	3.062368933004421	7.593816667188263	1.5141842143388493	-1.237120677296247	1.3548132907266988	-1.3775155933035035	2.209415314651144	3.26501323168225	-4.7224920914184	0.8873956803156162	1.0537106326387944	-1.7903227034714044	1.0179034701309497	5.381088748698777	-3.95004606570196	1.9369736993733788	1.967941926944453	-0.161262412622272	-0.7696942158515838	-2.1099948106443316	-0.6026602456622345	0.8813295425376537	-3.3801042838445157	-1.6337331047209467	-2.001217933141911	2.145182630847787	-0.9333723569455451	-0.4723624301736997	-0.5660491136738106	4.552979247863788	0.4992902224427879	-3.093636464059605	3.5743897965987914	-0.9451136653198112	1.8525240667168952	1.1535602210202822	4.57097069992667	0.037772456050607896	-2.0003187766717523	0.4189450257630866	-0.7310654387546519	-0.7006929223286891	-0.8206356496836662	-4.08809708597039	-1.3846277950557861	0.9424954136126752	-3.7977040105511497	3.108982657092575	-0.38571809185258077	2.3232353500356657	-0.9600811064038994	0.024758068968365517	0.49168401143938806	-0.38388195326375174	1.6419065762206526	0.5356550368323991	0.6758762574508234	0.9237850249107077	0.14405614060259106	0.04388902018935745	-0.6816011314577688	-1.5044535510611519	-0.012651217783161955	-0.9670208115792219	-1.1522067751681304	-1.9775257142558234	0.4906663964062825	1.2773289666873304	-1.3493981239045998	-1.216467176757267	-1.1612420160996337	-1.2338903114446027	-0.5026079490131575	0.7667687632908426	0.24924842397877742	0.4411429535557203	0.6494006106803145	0.688428786861367	1.0342029278088336	0.7660833741134331	-0.9744902124641766	0.4351395739413793	0.8372159231102465	0.9780597647507557	1.1429442990138778	0.26924801874968957	0.08960316083720114	-0.03440771901736284	-0.4414530525631968	-0.43486182643433674	-0.05476215693357458
DTXSID3021483	-7.195493792845212	1.6518912222745863	-0.023961372033883727	0.30321189340037374	-0.5244114039996105	0.8810513746848376	0.8403701867696184	-2.0094397269850175	0.6365148389507262	-0.5821055246518361	0.1303977626486153	0.33206174945002975	2.505966185502167	0.38101911844325165	0.34212485436321677	-0.3076690598999105	-0.5995781974775967	1.0040876142807815	0.7319504524606983	0.46760457719830856	-0.5638766311885905	1.1258235558806504	-1.7112084610052	-0.36740168932047435	1.5551723862188294	-0.35902276448193676	-0.05454639510149201	1.1000017257019004	-0.9359367426288843	2.830556359821375	1.9182374113198069	2.413093747764269	1.4189700815405475	-1.852613729481615	0.12699984502248968	-2.5784474214439714	0.4979749171748	-2.5227347083133624	-4.192681287531622	-1.8242411941212702	-1.8141270385693302	3.535301287554573	1.7075548966530676	-3.4714234719205552	-1.8450427582830335	3.3528715353340695	-4.078008047967379	-1.789106362850674	1.9835561476405883	2.1200786712042237	-1.162531963547701	1.5809814676091818	-0.23437038682825576	2.7561064432285356	-0.8155082978180439	1.5088884519955348	1.0567141304812928	-1.146855545853068	-0.7673509709081991	-2.041057215505137	-1.9064788063250269	0.14551220689636346	0.9690782770364836	1.0281556220213115	-0.47585159493468204	0.9751320186881477	0.5637019693908888	-0.2634231784795733	-0.5350508655983136	-0.6290653225554282	-0.3936312885356224	0.0765018080661178	0.3307112292264521	0.5844332579568462	-0.5635576655065088	-0.11653905514100828	0.6061982698119759	-0.281209909207735	-0.39803215478068166	-0.13961463447849584	-0.858049063476814	-0.32918997108001413	0.2945806002373438	-0.5624254144500413	-0.3157120616967392	-0.35967383763342553	0.3291182826547597	0.34786218375659306	0.40818765569184734	0.6988081168357091	-0.0735281672925688	-0.495716832806431	0.141874978243359	0.07922581406606351	0.12879236549928394	0.031634673453158874	-0.12814995819585687	0.3461775700531259	0.22591543497767372	0.2892219072296467
DTXSID7022170	-5.303969562641941	-1.0712901001382953	-2.00620300580427	1.2506354294746356	-2.5431579652890943	1.0948707432300444	-1.5876425229531144	-1.0319806966802727	-1.8280069687986717	1.2982858110128694	-1.4555350130045286	0.4045084477066766	0.9728929722098362	2.1796922957907454	-0.3290967442284069	0.7883663539095571	0.1749394533241226	0.8986897772539172	-0.8765804409270377	-1.7070373138366555	0.10549681041759508	1.1753823438509525	0.6762454129291187	-0.06426613533486213	-0.9181749556737053	-1.6853295725769384	0.549853575080522	-1.4579091087580032	-0.6368888191366371	0.34020537736648226	0.03360654117089121	-0.47748888146941565	2.145164163239519	-0.6674811681102846	0.6764056396798627	-2.2102828625084316	1.4472741368257007	0.8955172923498536	-0.8271476900842951	-0.7546778593454005	0.2359168271830729	0.1968865887548352	-0.9975836016397284	1.8275994035104823	-1.376966210821773	-0.9580350196237368	2.7434129254014015	-0.39022662949377085	0.7080027457607206	0.5961609381508023	0.22753475561124914	1.4274814490872652	0.19396350154774877	-1.3362689646240604	3.001965349156271	1.3148514242080587	1.4790723958942054	-0.484790830863652	-1.214296629240702	-0.9319058393660065	0.5825123244609384	-1.7040907077370147	-1.4422421099199962	0.3480218323848494	0.207696581100425	-0.1042762757936554	1.5840110450064269	-0.17972199955249146	-1.0545542547092714	-0.8746786797964119	-0.26420219577281306	-0.49475239030303036	-0.10311973042987176	0.43289246108763785	0.25867878859075716	0.9279892202913569	0.5799114944749847	-0.23809541996954142	0.2823232868716997	-0.10376341986984117	0.6743763350827003	0.7641800181250729	-0.012251398993301486	0.5900395017752483	-0.45185895312156416	-0.2786580554299653	0.8313220449177735	0.2720710141771026	-0.26743742283422917	0.34355271034958457	-0.004227401639988994	-0.42063287513204783	0.1893657485106345	0.01345330759525847	0.49350867720774766	-0.0071722729231327	-0.3173037132713179	-0.0797890305022677	0.1487451567063603	0.2673464043735577
DTXSID0023458	0.7392892061509054	-1.62509584040329	2.265309898784738	-3.6683657837039476	1.3672980816463842	0.48124830073313674	0.26762344066273663	-0.32262249954247435	1.0279113855374113	0.3342853085590266	0.8450973534272775	-0.22557345865656295	1.2449106102565493	-0.09114722102067856	0.6901082733192574	-0.1842074679885569	0.14348483040658797	-0.4530021300093338	-0.14118933745293064	-1.1143269619286738	-0.3986663159574149	-0.6850114865656665	-1.2399950575784284	0.6775523413356808	-0.3474484950434932	0.30029365220114096	-0.9290470103813127	-1.1483162107786486	-1.1505830390726226	1.1073806886179391	0.7866256596197089	0.06122720304314954	-0.9197268108814081	0.6518476925210761	-0.06153342025790204	0.5758046843771715	0.665709698306292	1.0028102567168817	0.08797796027590067	0.32042495204453847	0.08710410676088319	0.701823192332246	-0.44888717771461756	-0.5884425002229096	-0.04176927716898274	0.22615146129978497	-0.10171479241671154	0.2098249853546062	-0.806955037429205	-0.618809542567831	0.17240325488359337	-0.2658682842118327	-0.38726447981684986	-0.0517751198151967	0.05036839410176121	1.448476898207795	-0.5499045635763026	-0.6103794542707399	0.36094446195040336	-0.6012881393348968	-0.077912008610789	0.13977851090824356	0.7899027268475627	-0.37716922448376317	1.206855546888154	-0.5046389837156177	0.399130796705429	0.038942451713983244	-0.10831045860348298	0.24743140942189276	0.061515523676641065	-0.7070930216441654	0.3939266774707094	1.2938942774358515	0.20120371047631702	0.19913964008814639	-0.5849876230727893	0.5449417583278301	-0.33896611466973203	0.1700443205856099	-0.35144869462731354	-1.1548104399505228	-0.5618555935308056	-0.5259226283120112	-0.5194584345472989	0.03810411125345248	0.06726923437944556	0.009891849467402474	0.2486724099830878	-0.30127531580905514	0.450292598160859	0.27373616866855643	0.11026144681180443	1.1223784614703385	-0.51369967858487	-1.026427221684268	-0.4827013510412221	-0.022310464306173908	0.42809415286934155	0.7588379525842016
DTXSID9042594	11.040982444641179	-3.240039182754645	2.6457080100555586	-5.898779846434064	-1.722852602594809	1.7083815602531796	4.6002534062331435	2.2104792141656993	0.14162091848687697	-1.1323834495957685	-3.0197502461348478	-2.5321100924742237	-0.2508557957063931	-1.8354970198343945	-1.1868441414881135	1.9685254569301358	-1.973904964666429	-3.2223109005861366	0.7398464600079289	1.118326842764004	-3.3975959640624382	1.277236798626052	-0.8125069629044456	1.5123765007942285	2.6086973371905864	0.8226709895433251	-1.0062541861498826	1.596315002048402	-1.2869039393906399	-1.9328446501518306	-0.41310751660604833	3.5877150436623415	1.5900446079411703	0.3666779405910332	-2.2587411372132324	1.1010835083910098	0.6385838568091867	-1.1001069048361238	-1.6919175825558028	0.4196873288672267	-1.1291484407574095	-0.3012813771823677	-0.18026021068197992	1.6101175259370226	1.1553294146560207	2.526988612334767	1.6684430191909914	-1.2325872334403054	-1.1838595443566837	-0.9089321610217106	-0.3984494177648591	1.7129495627353373	2.482478990669923	-0.5386029524372968	-0.23337885881384987	0.02837351942708082	-0.5354944627207978	0.044644283714331996	0.23647746343400958	2.3678834588369413	0.7339989770959657	-0.6091323143397296	-2.3037982386813582	0.5490563741118861	0.6905106905923653	-2.0895256766999073	-0.7566522301223699	-0.23576310057057334	0.2359091437114761	0.9615943950847234	0.4953908610733218	0.40005956074056126	0.5851607469167892	1.5185172965340281	-0.0330017621647097	1.1952611222304326	0.8491484962335357	-0.6921167360707625	1.6666906325750412	-0.07072968382590544	-0.7726936278270882	1.0868028349708148	1.1529607588536497	-0.2537779519341673	-1.2918682491265674	-0.3072252256649536	1.8347648410877193	0.3090655296947569	0.915042915720717	-0.3391335416492864	-0.34984436631469296	0.5380907448725698	-0.9117434546123633	-0.8680464673737877	-0.5552407815896582	-0.10350132599411288	0.35828170700660916	0.2777966738458	-0.7604425496017888	0.9053103423444104
DTXSID2025395	-4.208362921461469	2.475578469379431	-2.35136186866555	-2.29534505584483	2.264258990763635	-1.2527284887000236	-1.0395711353422663	-0.2124933761128027	-2.477492385664874	1.4032711600724488	-1.3930604051467965	0.4217674286804281	-0.35531815691437635	-0.8114616664403401	-2.1848556912686985	-0.7263159197789839	-0.7581993213198732	0.546431116327764	-0.4535864620133629	-0.11877603256324684	-0.2838075182677922	-1.0185347124839763	0.3874478022364985	-0.11980501939931967	-2.914911903235257	-0.0548938958223771	0.9648778868484202	-0.13844857111029837	1.0315108951117864	-0.7566376199089955	-1.1306931085319447	0.28309551150183204	-1.0654514048387964	0.20324575700986802	2.4981392495389074	0.011547681734742443	-0.8295374221007299	-1.4064697802619766	0.019250680391631934	-1.251959080431855	1.730798564315146	0.5733334189460259	0.3630907480454548	-0.18918590856559359	0.9637522979758953	-0.23404887340020528	0.10737744862220201	1.1585907729265605	0.440713957088646	0.43598902741360274	-1.7338081665671745	1.36376391913451	1.3364358294774157	-1.0047562236179592	-0.6209693146649511	-2.092653251537964	2.0355874810820938	-1.2793528256675626	-2.3926389294312065	-1.221189042429395	-1.2629836748858463	-1.1797278132608775	-0.07343731867378976	-0.5292286316027727	-0.4876644525911634	1.5049560244181421	-0.03690590869428703	-1.1598976175486717	-0.6019266819119188	1.868649849768834	2.774233310469728	-1.0238627452445872	-1.5143851330105127	1.4338702021131604	1.7617272588078274	1.5060789790804578	-0.025366466978706217	1.0517788531721655	-1.073655984771158	-1.3751359781937897	1.2872302436120975	1.6695898430896146	-2.263689196984908	0.12775025913657428	-0.8424086387462183	-0.2973401583795201	-0.09264290054755175	-0.6476729081671325	-3.2524898970303298	-0.36493636610000263	1.7571074894683738	-1.194117006064483	-2.5294534396914563	3.268271777944723	-0.24908086807667412	0.47123316124531667	-0.9121352371787965	0.9902011626254522	-0.9544527344823848	0.2932504336575199
DTXSID3049330	-4.205438247401939	2.2179015743311137	-5.091843434275252	2.5422978251155817	-0.9507750704432375	-0.16119551132619186	-0.5991559619722442	-2.905259833200746	0.64236018282154	0.13391576953623552	1.3886065044148526	1.2231716223023144	2.551803591761151	2.1070597964780724	-1.1059292639720684	-0.6675611512654946	0.060372443431427225	0.8477982497809815	-1.1685020124089922	0.668504570165598	-1.1872580962139159	-0.08667188511687798	-0.7287217549273636	-0.44223215092931206	1.5046932235464991	0.39278767069626536	0.09257180053721445	-0.6638338918946595	-0.36221179496118183	-0.7973197473852155	0.6582036106861945	0.8403028135667191	-0.11172793088081488	0.40850689070072915	-0.772259298788462	-0.03054446557864977	0.8889946318312167	0.20226296677457137	0.47525172422571615	0.7828066570787305	-0.45727214749622264	-0.0579805091025594	0.11990234480851096	-0.5261792875686447	-0.043312506113287075	-0.5400510708218479	0.5099403979868408	0.26009666270818066	-1.3044184757804733	-1.4004867005931771	0.3368143810148449	1.4469186701643382	0.1442421010353624	0.031920538535749	-0.9439294462582406	0.20651469776851544	0.3394442154039645	-0.7870327630343777	0.20772698601431752	0.38268395617978873	-0.3456230214173092	1.9720305813190964	0.94178121632877	0.5334399562213349	-0.2823418306692607	-0.937186548213006	-0.529315905074516	0.13734706198827565	0.30692169821279336	0.13783295727726325	-0.32062007540167003	-0.38519413885126	0.6891587376281668	-0.6886397350044291	0.46200372040663057	0.2201467484149422	-0.1972816655334138	-0.03429422281021608	0.4404255579531603	-0.15875683335058155	0.49253526156919847	0.14965455196236432	0.25466527352457025	-0.11784030265261	-0.32640439687322736	-0.1031998541162763	-0.37745936428658444	-0.21064992548942282	0.20418996297204858	-0.14352556589307217	0.3406557288047503	0.25475971133680064	-0.7227100899742228	0.017898514302833856	-0.40213596376093597	0.5336485953194133	0.11027737325138928	0.5992185815703781	0.300687089512885	-0.12988519864685208
DTXSID7023061	12.633621941246233	8.904909191959284	-1.218946090053404	6.621749175485741	-3.906083349906434	-2.9811309907291963	-5.405060081992245	-0.1326411642282652	-0.15011932783825002	-0.8351614382567397	-1.1376599153514546	1.629712699820101	4.406391947720823	-1.2785622945033235	-3.7284345566249044	1.9570027087138522	2.067168602579353	-0.853046483123041	-1.0096515494592486	-2.1308811457846417	-1.7594113344071838	1.3466291652912825	0.6209753231285804	1.2301463648975377	0.7508789049845618	2.770304472270095	-0.40857643610996003	1.2443131546306196	0.6160284714123788	0.8851128606862835	0.3524360474955422	-1.114719270733418	-1.8923760321144845	0.18324194885579254	1.8069631833812827	3.5537088510092474	-0.8833264572774635	-0.28115253068239815	0.09381513233652243	-0.9473960401146677	0.37356818356000815	-0.2508403338776233	0.9632591321444215	-0.8502802250604458	2.4348668089962264	0.819666419765316	-0.8739947610448211	-2.124633129634598	2.264709677223142	0.09344179650462131	1.7657968203241463	-1.0650107478984259	0.24603197696862783	-0.29242722940119364	-0.48070143427148143	2.426280712172101	-1.4576155437560379	0.9373687548879892	-0.8593140364412896	-1.9287485045550685	-0.6321100213718407	-0.7269523479164403	1.3246246151899248	-1.1365095574800042	0.6353751821405352	0.2188698846559444	-0.9435629833246407	0.6543814155204576	0.8958783479329157	-1.0935245490375065	-0.22240973623089683	-0.8637154131860654	-0.05394432892963729	1.1159777422633521	0.5107339871841712	2.091354426396765	-2.4903048640260295	2.4677387611776216	-0.5183791909595875	-1.1691338699013332	1.8023951078740241	2.3432939833686515	0.9130280218997749	0.575337203524282	-0.31223538893358366	-0.7279669030048833	1.6086378159435823	0.589732688838955	0.7058138486922536	-0.017375992370237597	-0.7453385027106216	0.3650941677820113	1.0177773879449086	-0.09337497112632562	0.3735551033078179	-0.49157779741445295	0.0774221718326219	0.19321112979950933	-0.1854938253305685	-0.030325565220093463
DTXSID5047039	-0.5463515617140526	5.781798268427868	-2.005908532026877	-0.6088926616186413	-0.8405849727129233	1.040507458153521	0.6875599842694202	0.23537473300229886	0.025169307616956363	-1.5564674125928635	1.3683831466395038	-0.4683646850953126	-0.37726108813645715	0.14847877124932587	1.2340832507251078	0.21090156541687377	-0.4347145957755278	1.102618678502247	-0.3972135623451156	0.30170874579256257	0.20115239702364535	-1.3607907903021659	-0.9577034468370262	0.3834366640441656	-2.0323142610854936	-1.3600932096752785	0.7347818577822468	-0.49003493993382974	-0.829429133561043	0.5696021295519489	0.3465584449400965	-0.12067747179275233	-0.7233429536398468	-0.41844355745406003	-0.04659477683573706	0.7952720896020903	0.7911896121243966	0.0676281176266998	1.386891092061908	0.37460642431340313	-0.5829616574329193	-1.1567466540795994	-0.647745784568456	0.4899273376816608	-0.11626166817499152	-1.3642831075822233	-0.4165047003044048	0.4485967893101437	0.7121454906978292	-0.03339113195289629	0.12032362755337708	0.612466546518069	-0.2671567806963139	0.613492935738432	-1.2162433499975143	0.4396544494773527	-0.4349305617625469	-0.2670878624168839	0.2709592635678662	-1.8486404038216457	-1.1654842059920936	-0.8389885348779891	-0.5687398082474925	1.1128053515012692	1.167572908833855	0.4181547581485397	0.27136680607932817	0.21266740254612054	-0.23551468229345235	0.9940254022982719	-0.47575177675485647	-0.8734796086760307	-0.1796709884982248	-0.34882977637335566	0.17189515426025923	0.1161355236338502	-0.08111469468501321	0.4737487564238179	0.10863313864470464	-0.1667994618506951	-0.4798906453862117	-0.5366933643901461	0.10450794203561191	-0.5058145103826137	-0.08830414093812078	-0.4168676963392989	0.5673237928497101	-0.38117776076402077	-0.34382245174380827	0.06041062779352141	0.7401033069369455	-0.5763668272421864	0.5565967010158394	0.38688902633967326	-0.5194016180734222	0.37095610035142773	0.12329964136857066	-0.08983612390726223	-0.22820126255941178	0.102600006197817
DTXSID1047310	14.39686128315044	-8.393825031410607	6.684145947172421	-2.019175996633926	2.5710304657565235	0.7152804266616731	-0.2493402744131632	0.4542900318670088	2.692882965426884	-4.099681264113295	1.0102676753055155	-3.954489295448588	2.4137104458086682	2.893042698750513	-2.1740923401702186	-2.058728378607997	-0.6401493353429405	0.825429635369683	1.197501648206744	-0.800065388712332	1.2957553757670628	0.04326566557320271	1.1761946310830629	-0.7814274025245951	0.4891310173545564	-0.7835875869128549	0.25210203947899	4.361548537154107	-0.2101138083993109	3.8766573655063445	-1.7557528596658165	-4.026875745273804	4.2799354038076265	-1.8151828509632755	-2.584230579127109	4.957249018270306	2.7451367495572883	3.1204775642694362	-4.6339270956154595	0.3182981042918152	-5.3669145987302755	1.7000245066386956	3.659025557802934	-0.5715614108210187	7.165015475328004	-0.17384206472562128	2.1983207570304284	5.357935663003739	-5.214412171439006	2.1928699468576682	-2.218223847349108	2.294786554877774	-5.00190389214062	1.4145896158795126	-0.977456226510612	0.7722628600061922	0.4609255064492029	1.485940085879813	-1.7343427635582935	0.8794891960562452	-0.18811873839401977	-1.4816223414688499	0.041175702916471206	-0.27884332054996547	0.9423052966785207	-0.8022159611016104	-0.479732435769251	0.2927410549621053	1.1317966708014648	-0.8643784191000121	0.9800745527053688	-1.0785157908487928	1.1367965322656766	-0.0351828306171201	-0.43129997868590275	-0.5912268619043034	0.20378933746674077	1.058019338394338	-2.4947210100064154	-0.2766551068578213	0.4926199931704796	0.05547116202802258	-0.31622655796118404	-0.9393745276555884	-0.20961419459004418	-2.7454369023704706	0.7564764842040479	0.5948361883715391	1.290525180348744	1.462432202981345	0.6489983916396985	0.9644852975313767	-0.5957486895466849	-0.12798682463618322	1.0840739070607919	0.4552383426127171	-0.15358651011728777	0.09157602976174296	0.570475247897075	1.2510352788253016
DTXSID3023974	-5.150829547786717	0.023664789752825658	-1.2311666605146983	-0.007780084229317958	-0.9341488886045357	-1.0567476287539173	-1.0800268058577904	-1.3666133229669082	-0.2566383847601618	0.6448674360515125	0.018732275750924565	0.341967203941506	-0.23237626164998706	-0.7335819744911926	-2.9478120707860866	-1.330888405186629	-1.56128132055555	-1.0049808993281348	0.010349599227959414	1.7664632972437482	-0.46960461620631944	0.1364199985247128	1.5476129911793426	-1.2985757517687968	0.1428549464115272	0.12312140231022792	-1.1490988961616728	0.22517056842558145	1.1278425658933415	3.3217436217866516	-0.13300989385695702	2.0505562553990986	0.3597083702316529	1.296245824152679	-0.8149190690489793	0.09141995906719358	-0.8957114761349648	1.0887402159030726	0.18347970512947054	-0.45670544936078905	1.7732841062543252	-0.8421119822357237	-1.6845744648049492	0.6150049416537505	-0.1920669493328306	1.3277112830725326	0.639597731503583	-0.13939737811498593	-0.6254926093335053	-0.6111343428952103	-0.8499277250021877	0.32932133734836283	-0.17838186572574266	1.1484997656458438	-0.4318018642995213	0.4296164494592891	0.8897012426589924	-0.23376780888834803	-0.01663548786653081	-0.21485144121206828	-0.5786752166336052	-0.8084541374127437	-0.34350079433579084	0.3050432030250974	0.37034239297242205	-0.4622610231313284	-0.2912737203229459	-0.02910716101618558	0.2085150690844416	-0.23204304076603274	-0.8446988948795007	-0.7205771845245272	0.5539254025530674	0.00657428313744422	-0.2570137986620232	0.43023453326215927	0.09879962229851572	0.4370801923329106	0.15044657264474895	0.5001940409965264	0.6217263657188433	-0.7357240537044035	-0.2100489878495675	0.17949940652499444	-0.0960546628841932	-0.027703306682140685	0.15478856631248172	-0.08049391937059268	-0.303836618484495	0.2447611310765254	-0.152110822342971	0.021270174761479917	-0.18808905768138545	-0.008119461374680483	-0.5956024982267126	-0.19413011267475605	0.44038098131667913	0.21839815723147687	0.37137526072413607	0.15464837707232681
DTXSID5041273	2.913950677405629	-3.507618034425386	-3.5609257199151365	5.53484593115178	-1.379668671835043	0.6896391610124029	2.344503263949598	-1.0078625636325644	0.3620053130303983	-1.8959244507473185	-3.2632057289904823	0.3717026432139558	-0.11466730677756899	3.2628185398806253	-0.6992434625267999	-2.398684289463138	-3.245920718660761	1.0233896279885593	2.852030667881626	2.529267434696284	1.5160901358763397	-0.5777886296192937	0.6162104813674667	-2.713210847311995	-0.10733253876933328	-0.9097685347597475	-0.331411046525255	0.9051653329520242	1.7744420171425836	-0.6936413077607059	1.1655877504015948	0.6264483957533601	-0.6931324349890869	0.021851081987453256	-0.1810126070350701	-0.06910990667925593	0.6940771593890926	3.3248605787482863	-0.11436085682636427	-0.7313331609154501	0.9742442889166874	-0.6300660046581793	-0.18806676303913064	-1.8757705222539418	1.0591765768162018	-0.06797506728965379	1.0284614568512362	-1.4579437020495158	1.0994369256743672	2.1496876116063977	-1.190226518445783	-0.8654890016822067	1.9798748133751847	0.13626902113849448	3.089527601434907	2.485677225631696	0.1559617045657041	-0.9090938084704893	-1.1685718566311265	2.9578849404010383	0.5121819661337935	3.7224159775130077	-0.08066635918882031	4.034835775992591	2.5187413661297597	5.028117481078509	-0.00820849348417294	5.077388251190174	2.2160415151890756	1.2447600069290377	1.3930454647620463	1.0125902204502464	-0.9963711563174104	-0.028017671009124324	-0.3944498322335674	3.9186531310858688	1.666653046806437	-0.2854937011675389	0.0011221180731661115	0.7188514437916113	-1.3661757317184413	-1.252164183099014	-2.2527671679075807	0.6501799463480169	2.027646282108873	-0.9170906386268992	2.0165443792616933	0.7823305258004526	-0.8390752438312865	1.3541477124703118	-0.5650104033606987	0.4955189984143889	1.145583834315529	0.7385051721100379	0.48310710012338387	0.5356319423255119	-1.4018687316692255	0.7566505249202148	0.11267880915434567	0.4485629711536978
DTXSID4048199	-5.203253903889794	0.6228754748952372	0.7011347762549054	0.5430158382921497	0.5289896213613118	2.1209961476694765	-0.22410776453340658	1.8791741313124521	1.1258348728961225	-0.09828750539037624	0.6269473719500995	1.6042317180146908	-0.40160112414512966	1.0666118371565552	-0.0664848407665708	0.09308271000386295	-0.2604241142836461	-0.3343953819155627	1.1830675003169981	-0.42532588030798685	-0.6740229052930975	0.7845568128274201	-0.6496833419669019	0.35144415192614564	0.7572832157600423	-0.15092517322011959	0.007370042548355028	-0.32870846944867	-0.7297073012847838	0.5890842192825217	-0.5995255404559262	0.11481543339107755	0.03349336678891	-0.22125902842271328	0.20155193170501812	-0.19063918208314443	0.20451079230442504	0.44466428355394844	-0.01874142694539771	-0.04192990539618038	0.08648541244301902	-0.4057160312984798	0.18612193763783152	-0.2575891615908645	0.32863255577978334	-0.34885233036630686	-0.5872577106895601	0.16057264748218583	0.29686855138062296	-0.5522325213116129	-0.04986077253972199	-0.9562923734594188	0.0035493694821933882	-0.06429006171239014	-0.10876118669697132	0.15584921383556546	0.23351859373151837	-0.7501403607504178	-0.3493905783639158	0.20267402004534232	0.12562480942394924	0.32559158342841826	-0.05921509954205901	-0.2730674154104025	0.22048777712432927	-0.5478676565668499	-0.1998543086026192	-0.20996542126048592	0.5449440203532715	-0.26940231293797573	0.3182092611246274	-0.4315851399266352	0.12138644965634414	-0.21345340056551	0.7610329124671895	0.17494545385349253	0.24793542982619488	-0.4435602059870422	-0.13472704439274216	0.051920314789044436	0.16120712716940938	-0.3110748416103734	-0.12893134287544789	0.2219923858021551	0.20601448282907414	0.06402167773426866	0.32017287143499273	-0.25508651565460927	-0.3459153958773054	-0.09694883521440249	-0.13490512388588402	0.2683739452493002	0.08071742418084876	0.16058679691084035	-0.2392049327589962	0.11324444599051278	-0.14976247080697977	-0.09201500325423087	-0.09615084300287713	-0.01378932537762396
DTXSID5048714	6.447035435379837	-3.440592268637347	-0.5542286640621492	-0.28450754108675685	-1.0390796354099305	6.442258719293949	2.226956495520119	1.4822871880356594	0.8678860055086521	-1.3219158467165946	1.2790222133395663	0.0076742074354464885	1.6765125455675904	0.1061702750740761	-0.24585520789490908	-1.6347865745011176	0.0599136653939813	0.04105592616958929	-0.6653161976738794	-2.5040203106879617	0.8943649988128781	-1.5209079146703233	0.5672580500243449	0.501287624110956	-0.9483262214644288	-0.07990017522090355	1.14964374111236	-0.3790704107619233	-0.4016721074080677	-0.24931000942654236	-1.0160378989010077	-0.5539363404300085	-0.43911691728258223	0.4799454387323575	-0.7929776698581219	-2.3436620287581094	0.1415875938384518	1.5058167388137522	-0.9238092790073728	-0.09967870409982879	0.9164301530208253	0.09149430280050885	-0.7562484767994955	-0.3837855522745194	1.46830939725373	1.8506362812647124	0.13382698908516372	0.08637101476931779	0.2269657048971397	0.45919829770837234	-0.009586004354532954	-1.9161085738693118	-0.5685863259181303	2.900178070980339	-0.654995467559061	1.455414819335407	-0.7909674801656302	0.8633687975546506	2.746341535273678	-0.9977396930245712	0.2512884083942079	0.19302666368716376	-0.15828126772380785	-1.4404405152762942	1.225175076558235	0.8073950087747251	-0.7408029387664867	-0.012055124513280507	-1.1286151065184071	-0.027261277021263495	1.796408633306991	1.0617557640403	-1.7263482870063467	-0.8473151358898539	-0.3146535596792605	-0.12390960014801326	0.4824900429593246	0.26937875059424815	0.47131718101684766	0.5219983710466973	0.14125939550231878	1.4924864803933229	0.16858144848920886	-0.08931110146218098	0.11003962505753326	1.568178607755843	-1.719173794546917	-0.9383844751016768	1.7588094928304485	-0.406166277144898	-0.3295801202917156	-0.37647247748468315	-0.7546357062854957	-1.9015838198181636	1.0937725577398978	0.3306319864293096	0.8965623357371213	0.6742205743851091	-1.0103295061420037	-0.9500900929942245
DTXSID2049056	8.378181062580989	-3.928515153271314	-1.8305686237992926	6.868996844422466	2.4550061121186606	-0.18260985612373168	-0.5848589509059992	4.068371184719813	-2.1115871691952193	-9.573386885735792	-5.652919858266704	-3.6320649343824383	1.8952096992603922	8.9306551766949	3.469479208599883	-2.9965010825742744	-1.9176899522797242	3.469298567488818	4.945241274641621	-1.8248460360861691	-4.682603689623482	-6.853573706388442	8.317179780338908	2.9182648535646982	3.985281841925446	-3.5643530346141055	0.9227464822338964	-0.3864502785223264	-2.154608115003944	-0.24431556073119662	-0.053723413632510784	-1.5778447227997134	2.1500655748483815	0.10866678433633438	-1.2564683808073291	-3.6085876176134373	0.868598324448262	2.794309507455598	-0.2371500267734671	0.5281653551543397	1.2712256587865696	1.9513499730398287	-2.393326994704681	0.6367389769035304	-1.0373744292036442	-0.9704908129712327	0.9397019236952432	-0.35454764887948714	0.7069840563841195	1.096412267928974	-0.001882254110208679	1.9441382608901505	-2.403822996010858	-0.5641655739119252	0.7755194798265845	2.0932776397123747	1.0371047300414835	-0.8615501248194434	-0.9545952874882137	-2.0897601917337263	1.7621803460983032	-3.209846947663339	-1.470428490476069	-0.4365486938561562	0.08485760844704135	1.5387312694259512	0.2920728054926249	0.07287322025108986	-2.0733836885116035	-0.07229372090764595	0.1572445238228412	-0.10331830517598144	-1.1785065167301585	-0.19718613678770724	-0.6914826272307888	0.7856243091917228	0.5351284634848186	-1.0866097781064865	0.2014958748335754	-0.2731155290047512	1.8593336066201265	3.0240870945126894	-0.15464028446134678	-0.31355151326089314	1.0193558784873202	-0.011838525909299463	1.0509561170725066	1.0189425461976573	0.9904674224038403	-0.7923437054542292	0.07866486709287683	0.5350795464929088	0.42241245428661944	-1.6374733413350742	0.031595470834717296	-0.5226178002062408	0.21527612033545598	-0.11720591452616719	0.048004576251930726	0.4092013928197964
DTXSID4027026	1.8154399569238424	5.229147513314785	-1.74532979008139	-5.33908545119884	12.11597406794214	1.5154117531247233	1.4472410168554846	-1.9837019669097815	-0.0877685660807368	-1.4047363373406643	-4.651566864915607	2.5543034776766875	-2.6824048667809257	-1.7998667749659865	0.2944750677438499	3.143532674996104	3.5884912396281137	1.0950079647458133	-0.01393912898410788	-0.4702993139586558	1.8068135777410768	-0.26229116512974276	-0.6118464034276365	-0.7867157622920399	1.62523102535275	-0.6739752550220538	-2.410075932639693	1.7617105958622503	-0.8209928104175128	0.10331690674689989	-0.5769878547322359	-1.6649424350485689	0.9492422081834114	-0.9405610927814558	0.5366387401891507	1.2812657149911282	-1.1240076738791882	-1.1184469123129381	-0.1930513586496261	0.8258773250782007	0.23810647463800835	0.17179893547200806	-1.0918328082957474	1.3821634336660975	-1.0451407297597954	-1.0101191767141622	1.3636356486214367	0.2508986541009445	-0.477993830903532	-0.46147942109467804	0.8156339856789957	0.804035420055185	0.50080833663768	1.183498735290119	0.67360501686672	0.42983990260276883	-0.7720678501350643	0.6826407257040342	0.39012113425370254	0.41599736085726907	0.0396558439319581	1.0190026603516444	0.368689273126111	-0.28221664609641617	0.515781194495499	-1.221804591447691	-0.6606508738090401	0.8680787073756915	-1.4324852552906648	-1.6692509277507608	0.1765431603372684	0.30164549697198106	-0.4320019299256787	-0.7229873091015913	0.1243527852891925	-0.17385627325408964	0.28030322428790805	1.1993116482154123	-0.9298845459092546	0.30852498392528055	-0.23787874301474868	0.418277671395805	-0.2897273575722793	0.3787228915814229	-0.11327315266055041	-0.16856314513369156	-0.006325065967882714	-0.49474604045301696	0.31325322683463735	-0.21499133802538564	-0.7061743699076496	-1.0253297223856215	-0.1343119523243065	-0.20670179260074656	0.3105069320076419	-0.28405779027598527	0.5250107868722474	0.23397576240669757	0.15916178719594	-0.19236194659346317
DTXSID6046422	-1.2979195958166965	-1.4944834486196892	0.9593571785681202	9.754901054345767	2.127724946655574	-3.0434345418857567	-0.553173956999921	0.46581250782048805	-1.7157547686692431	-3.606125378348854	-1.4202311684068643	-1.6233138826578752	-0.8672908753049153	4.404510381004902	-0.8646615814903035	0.026925898299567416	-0.5282965992970713	-0.8249392011319208	1.7038932628993066	-0.366547135480256	-0.74021378272167	0.9373221732471878	0.14866450865028843	-0.07401422239362833	-0.5220244815332549	0.45490447667118705	-0.7602990695475978	-1.0716871919050452	-0.7592094399554946	-0.646992117161772	-0.21973957515417647	-0.02272999650085657	0.11897525797945849	-1.01686423379797	-0.5034486062930836	0.5872907024390726	-1.047045857051188	1.2131634389988435	0.3199719997180058	-0.1232739449016617	-0.1929774545457896	0.259489746881863	0.357463664491567	-0.9365443351286443	-0.11441740393821322	-0.2581802509550918	-0.8413211568634197	0.6152697219078832	0.9216745448670493	-0.07572288344451455	-0.31220925001122607	-0.1918237422663666	0.22802046820932598	-0.1549580390969001	-0.3776064230729579	-0.3621447589718437	0.20749347952057956	-0.4186096989326128	0.20701395589754384	0.496059237188411	-0.22412800555039925	-0.3432075166713974	0.23202464317448077	0.2813338381366268	-0.24227153755751732	0.21333341038098513	0.25751703950053795	-0.19578861411196208	0.9456208524303851	0.07170856282868691	0.10293268387326909	-0.8191900526424013	0.2821951037251571	-0.07185249189545444	-0.1533732993786155	0.40625785976385453	0.31782133026849535	-0.5452669436775287	-0.308323071412295	-0.266850965072204	-0.28498263092518544	-0.6929127775435054	-0.4211499699450876	0.23047109490714376	-0.42632486452976537	-0.00399211687223156	-0.2805829328942432	0.3729764933257422	-0.1350193544694007	0.2755020762241449	0.6895359141908166	0.4882396714902863	0.4718748503195762	0.2685346890222086	-0.6895213495059044	0.3554154405207242	-0.12672105374560974	0.299964798635656	0.022268672985330244	-0.12874276814299576
DTXSID1027920	4.120379460188953	4.510873131030363	-1.7838101569504858	-5.300285043621922	11.632689701215169	1.516820053202626	1.6509214557468606	-0.4861181937047223	0.4361420157733151	-1.6360144164243813	-3.671191274256775	2.1795258008722844	-2.820843720385208	-1.9972096721409773	-0.4877349815793015	1.5786867569812915	1.4355183553566315	0.7203244875508429	-1.2171143641332227	-0.467703587936015	0.843206710883685	-1.3765457953402094	-0.42027990349768696	-0.4338863333955591	-0.27393962811637346	-0.074005601775503	-1.2461047681830002	0.842572373850549	-0.22430033095750812	0.2133889804028588	0.5009707438606062	-0.8931582037746121	0.8317543923132152	-0.4279116789980251	0.46826696904515713	0.5602722250169035	-1.033624473208275	-1.5750791024670665	0.21962949402944948	0.07200484973118321	0.37513408953774513	-0.42100257491761817	-0.6858989181603448	0.8167356233626565	0.21932475700152873	-0.5778649595631582	0.8199050349945687	0.3072521608610507	-0.6391091067861171	0.2888916687889539	1.4601791495165692	0.8953330154606031	0.5113274847177387	-0.1110053305493411	0.9561018264431907	0.2379374834877767	-0.4572208058596309	0.15876899691046642	0.2415575981479216	0.2667339193523657	-0.4108134920087659	1.943362685413308	0.11863509353920877	-1.1927711663093168	1.1814979358271274	-1.4966042213285125	0.4300091035227063	1.9439492200092903	-1.285854929719744	-0.13840068750368997	-1.110741285069644	0.9822506791721489	-0.23173071668872516	-0.13836330268915462	1.7475047762321618	-1.0760292612678268	0.5911888365521502	0.32427269560970123	-0.3404933493844148	-0.6414288560660886	0.4810278636058903	0.8278376141844894	-0.6285174446285188	-0.9205808445808751	-2.064799739854793	-0.263646558147592	0.271725355232386	-1.4851012787893543	0.16250791144974533	0.058797572746436884	-1.1203906488243243	0.15245506253032148	-0.5277163251968716	0.36228848013311205	-1.5589156083216689	-1.0993712562973434	0.335320236497479	-0.02565281948117552	0.26549652562234216	-0.5007009169528802
DTXSID2021236	-2.8317480061206597	-1.5002897940451292	-2.319719642734532	5.68542670240522	-1.4885271098226192	1.7184326972604498	-0.5040640873020641	3.975652187433731	4.840117954792792	1.0282348597862025	-3.261022898555664	-1.1875854578787852	-0.40234368794314107	0.38913121211719187	0.723709675745777	0.9509115038282825	1.1751896064780012	0.772140292349505	-0.4436685616689593	-0.08965317947753688	-0.4489178473230208	1.3501794397476734	0.1814650268335222	1.0164716395800024	-0.2989616777407989	0.9227604539145343	-0.6551724221689196	0.44986876242822577	-0.2616727290757309	1.0141351081027183	-0.4025648535192005	-0.6423790859821181	0.08312568419463963	-0.030727605054816795	-0.21247092230615233	-0.2604994368136938	0.26037240087535407	-0.1572331744475087	0.6488719436700079	-0.7497711400187371	0.06459045940457998	-0.9739417684212653	0.12007227599109112	-0.21707760582769994	0.30843656386326823	0.2771387972197708	-0.24459528420423368	0.542971348970557	1.054079490762996	0.04041280312887171	-0.4918184537007902	-0.557041078255701	0.27115318101387803	-0.003297336580491337	-0.8060660080473384	-0.11428415684822733	-1.0967568462587354	-0.2752687062892005	1.1221954512740056	0.8247239324570004	-0.5977709857842457	-0.4082465358208455	0.7518832070770444	-0.7852973355683894	0.8553314081891646	-0.2639751947628854	0.258078333271494	-0.1742191903896779	0.5140000375445412	0.778669618022094	0.443851055662709	-0.2972107410154839	0.3702811898572902	0.09761348202513703	-0.13394666212845716	0.1416716251072718	0.5804437954302791	-0.031116852778670087	-0.5439312793130039	0.019648237034853935	-0.1490503214184956	-0.7338150611376018	0.05844484326069999	0.5003157198072707	-0.7437587576559965	-0.7537079129415342	-0.8637163389979559	0.5901666751527526	0.1282379475524724	0.6811887386322885	0.9251109137889434	0.21990106084885466	0.6299076730052112	-0.287574032119845	0.3030367168002181	-0.14015391037986108	-0.192569355462481	-0.9912734172329916	0.2619634259209202	-0.37996385283998607
DTXSID1020859	-6.812711259740871	1.9454936316092808	0.7386782736984338	0.8447116550966208	-0.5554040455618071	-0.36187025376865584	0.4257135246414367	-0.6895650359455631	-0.013911127505964337	-0.21683156424371264	-0.5727640729180168	1.0312606070743404	2.0501371948069056	0.06189655763735775	-0.5998119640806405	0.3137144459933984	0.008314715273525456	0.6019229563900252	-0.07527425052529488	-0.4870344740858663	-0.9227423602426073	1.1453407418457726	0.08490935460087888	0.6641009155952206	-0.7262750740680852	0.10060944159183907	-1.087437516561066	-0.701884659235419	-0.39765005523937624	0.2533775063577436	0.594583419302107	-0.031948637833981545	-0.5585506691530323	-0.3461836711988096	0.39497352132306685	0.5625106325944432	0.35620797402048554	1.1018903578489903	-0.005031714754351962	-0.7044305452117089	0.32639575851022773	-0.4682388973258441	-0.5964566298006666	-0.30831757395688586	0.28752556925345524	0.02676511403623244	-0.5605577941882449	0.6759313482106947	0.6839105077827272	-0.0436851059132164	-0.3668409355430735	-0.7197875797380092	-0.2953430915439691	-0.09945251804472681	-0.6258942219580902	-0.48624872160255905	-0.2227127025942398	0.32793066021923317	-0.26676514680612934	-0.1360670192538745	-0.07460833662197479	-0.33326258549659926	0.3506084417023545	0.5799766843221303	0.5113228375149116	0.5191547290622585	0.6199740460463101	-0.4727013918155706	0.6187572012489897	0.5313981461061432	-0.17180211003857404	-0.5844792678847227	0.6643477110064496	-0.28449160787553796	-0.7509152900175025	0.16992703637339354	0.9706612866755395	-0.841981284158868	-0.5266480661952085	-0.16923945481086738	-0.2414413625629748	-0.28448787030482914	0.4259750895369098	-0.30757852764423976	0.10518493683982585	-0.2870359130263101	0.36317428958030396	0.1783429877296576	0.3878376757547832	0.04694528270902457	0.29380575755364885	0.17601136009366822	0.3757806410444742	0.17565639720466003	-0.01373038429547807	0.5610905076195342	-0.0463588277879863	0.2886665601468455	0.13439543981024193	-0.06217153845690372
DTXSID2048824	22.44614529065202	11.519846853833196	-0.1706312384175927	-5.323485919713639	0.1982293860354322	4.682971300061948	4.254478019703608	1.9970985225562181	-2.097132493820263	2.678305557387624	0.11217207348231364	-4.7961354041127615	-3.681872526852893	0.7128969194458256	0.13483411072831267	5.981743640974247	-2.897190511186712	-6.164460043646127	-0.2801412941128861	2.1692244462583417	-5.932531143740832	1.4593799842579127	1.900882126752466	2.163931942428766	-0.5350799479651962	-0.7348198817820323	-1.8500925365753775	4.274888231784503	-4.567605168558327	-5.248731532707353	-0.9357156098403994	5.077601915273557	1.8426678269379375	0.3603992747634321	-3.942353541553926	1.18497990424368	1.8499651560600567	-1.5647991017358502	0.9277341420037448	0.6649282786465861	-0.5733844959716605	-0.0011989990283305463	-0.5793987763514815	0.4423837998255096	2.7561314372058203	0.4809550030378744	0.3347237469840034	-1.7837949749505992	0.9553085661741352	1.3203733539066578	-2.7404439663050977	2.915519998506317	1.1916297984982644	-0.4227991697131425	0.8656256541875811	0.5152558688734207	-1.1204374477327914	-0.5517605824301814	-2.643935873458504	2.0669128092063422	-0.414753043900977	0.7690269503292892	-1.7068858121037402	0.0031029912574133643	0.4982547061450268	-1.0005424502255273	-1.5961085557894787	0.7928102318365462	-2.3762024691231187	3.269995873588493	-2.178393444680302	2.618195870777868	0.466401336068403	1.9130825009763794	-0.9956794474723902	0.49580064241186383	-1.3995620719385276	1.0926551603005998	1.7752397270627156	-1.8038209582971263	0.7010311364176411	0.05036307797235526	0.5835959860489034	0.7713231946076295	-3.688843261162561	2.4646201256178037	-0.6109066691464088	0.5244942012821515	-0.7418575487676577	0.9303481440790623	-1.282857547878732	-1.0862825543757284	-1.2501592153858554	-0.6103113044687908	0.6599157023345233	-1.7275775592431364	1.3016366846261032	-0.3943158090824508	-0.4046215598782995	-1.2777662307105266
DTXSID7021780	-1.384591013345818	-0.7910717338167089	-1.9443940305454275	1.0358699138870624	0.7795487663433316	1.3795497075680392	0.25714215611214397	-3.4202442156663153	1.1813999152975085	-0.11812072249907046	2.7487012018588453	1.7041819358276156	1.2891195517685883	1.406215382961125	-1.489644829251396	-0.09605484298730267	0.3766044317446185	1.1998388494519612	-0.9108425114564688	1.8894938896490443	-0.44479109833662184	0.7079640061622056	1.2903207929032277	-0.39031882356644215	0.8809431647763484	-0.07873382978296649	-0.37210565850386923	0.45816400997549017	0.6584037688552694	-1.6356374926418789	-0.12018102110230311	0.7589031930252371	-0.23056913385131203	1.5179741917385354	0.4844327525206057	-0.9974140425864118	1.0273451242697365	-0.16275087095882895	0.35919688852514164	-1.2286952675609877	0.5706955017119898	-0.5976166803022944	-0.40450268099492576	-0.427356209205478	1.2762530781008905	-0.3229428515130042	0.16078225255531647	0.017979250825081654	-0.26214793430107547	1.92528062080735	-0.334425188002005	0.8119081816304672	-0.23382676699896746	-1.0720553250886982	-0.31025818353536705	0.3898504932215874	-0.8986444984876404	0.870943593629388	-0.4262655726415246	0.3342199178396078	-0.1817522670726934	0.21764333629653224	-0.5138019437642022	-0.05353602269371617	-1.0440218012592537	-0.3024385595389806	0.3384356711630289	-0.47813244248845166	0.3291781358539616	-0.3854881710446484	-1.064910350286113	0.49264333997335435	0.38200250982474365	-0.16840242133692493	-0.4216731847167112	-0.6535139830473982	0.04760045001177801	-1.4245212791323156	0.8870575011821004	0.036591673055716686	-0.2474679105889321	1.029155192577671	0.821469103398845	0.12641536286483904	-0.5479278180863704	0.1530632819268209	0.05107203191305555	-0.16508096402097422	0.033834246404140435	0.2168590711055043	-0.15043550861127628	-0.1768668418987232	-0.0708548202672879	-0.027942653592911985	0.2380163732561906	-0.022663897488318856	-0.44135322758581885	-0.13469451453688983	-0.22305031334361738	0.3134297564184748
DTXSID4046361	22.12613912350769	2.583310658940112	-4.577662485631933	2.856647289438664	1.5227675375705476	-0.2047959463545826	4.8802530855696045	-0.8084469732607571	1.2630546473707476	0.30920167371261625	1.321707164418347	2.277928167801751	2.4028286367336245	2.3691115345038534	-2.3065818563191653	3.2889800095574695	-1.0120803236640796	-1.550390167853622	0.8493579630605348	2.570469592389975	-6.337396702556901	6.094666368926649	0.2935667598075033	-0.6610635826865191	0.945425434215475	1.3737660208089681	-3.406149159420361	-3.9369860817926026	0.8415830642051751	3.1416695768360583	0.6962171985701403	-2.599785620418698	-0.8148238404398431	-1.7974020137774496	1.5089812307252437	-8.933928357220788	1.0046996431000672	-7.409347785552577	-4.509273998917901	7.323563232512517	-1.1099802459143293	9.69611270278731	2.9481358469818417	-4.7183360443204645	2.5873253117033412	5.726103952373129	2.6617100754994407	0.08615931366772857	7.173129404890142	4.981136785206553	2.4705151548321336	-0.0904826300885812	-4.458512448003243	2.1908670096164418	-4.280578427722938	-4.323271439257797	0.28784929720115804	-3.587836010646191	2.366926369601675	-3.7382532937727646	-4.5501551050839355	-0.24503925896538398	0.6652576439807937	-1.1513072386895622	1.402480368090663	3.252643737606098	0.0357581067611917	1.0986093302861557	-1.3815133270960853	0.5770093945529894	-3.395582399818345	-0.3856628607627036	-0.7533344725690195	-2.0740482522433155	-3.804804893420371	-1.187860279654291	1.4361800232770867	-0.7153863373660222	-0.0593675136838604	0.4932700708219744	-0.9322415094311312	0.15387648614807625	-1.3977746472920078	0.6677602005444572	-0.8612007085041073	-0.2387724110450642	0.04195500347186988	0.7314636548291128	-0.23497573248345763	0.26008812320847147	-0.7138204029692753	-0.544568489278243	0.5661290098976646	-0.13494853837493495	-0.3517969754829029	0.5304487498432838	1.6991548001159138	-0.5750242340732564	-0.6166495970650148	-1.8934319638078623
DTXSID1026792	-8.225751754151448	1.1798782452902923	0.8305804228857138	1.2458100600694793	-1.2060018240020831	2.027366230248189	-0.39023420162946276	1.7604314456853476	0.787134119114581	0.11047915282170652	-0.2962196951591266	1.3544443926336156	0.8711316017801705	1.03764925459399	-0.2923380433285779	-0.5682136786080024	-1.2420136979919667	0.3000050466147469	1.0524846841106623	-0.09856254170738622	-0.824419662910609	0.9025506654814195	-0.6025906374606768	0.5528886319728394	0.1344603447148161	-0.19075824700737953	0.06467173446606961	-0.3330042323319279	-0.11925407884197788	0.019977324456565762	-0.3832731249388734	-0.1145200836356031	-0.11878865236953866	-0.28725233854925103	-0.5513548802933043	0.3181471161223195	-0.2679808410509723	0.6116580747210809	-0.34088356195412034	0.231698860076866	-0.1728264886612439	-0.5031492269700455	-0.1621539788045589	0.3630473931478354	0.26161620847724815	0.1560008725774285	-0.2607727550170352	0.038955162955260546	0.5387628295626553	-0.09190849192474176	0.17319468532749907	-0.1534589375683672	0.29342994457088273	0.6106872006216001	-0.15519318474200813	-0.22917145125703015	-0.15153999516048092	-0.2627543561404535	-0.09749241637054196	0.23313355358728452	0.24997146140953302	0.05109859388998065	0.30801173520057024	0.007424790776464833	-0.24153502715475914	-0.4361293785998842	-0.22135046226699637	-0.018567071791179186	-0.2245001313705121	0.2020715180597179	0.07427918302235689	0.25077815051519814	0.08704786764870175	-0.19920768112734483	0.025734851961596784	-0.17411801429886153	0.34065654932736933	0.1175934001949863	-0.47194012420974474	-0.1722276626148262	0.1057019701230005	-0.23471406514819776	-0.102166051203203	0.16511276388250837	-0.08463169830167248	-0.32190825472117673	0.31560078208258996	-0.02621076965512139	0.2409801076734004	-0.08145658467622507	0.041187575855971235	-0.055563270104390904	-0.23754409544345217	0.26004828078460224	0.13778721600840624	0.08613035215820991	-0.0474295556275225	-0.03807640167753638	0.10963871828155906	-0.07189972704428332
DTXSID6045452	7.066012752986587	-5.437046667534366	0.48345403179636776	-6.824865084363499	-0.05200206241187044	-2.726308993542234	0.014571053395989292	2.012585970391924	-0.19901832143952938	0.798306709198963	-2.452933080556614	-2.6375559099558084	1.5963846562162392	1.079894108608485	-1.0577881950592176	-0.2061702263835349	-0.039851283455989275	2.1379349734397075	-0.8382801981805542	-0.7688737972264964	0.7236212207620181	1.517850541314258	-3.6875690634781177	1.3581661698276226	2.0505105551411167	1.309817392021439	-3.7227037548760182	-1.6216858864941959	1.6263672273576726	1.1972409143396516	-0.3374012108989142	2.127145664380755	0.601026048180168	4.529716796252614	1.4663554533387182	-2.317294068421821	-4.095413540622038	6.379271681188102	1.6282257755976428	-4.225576309433518	-5.7513279454873265	4.850220509231999	6.148440062258763	7.099784044848385	-1.5652601233871182	-5.4521357101154875	-0.3723185461018904	-3.2722948907823968	1.4282664773720093	-0.41161836375276006	-0.46086827016620485	1.8100156799892002	-0.004293315632796617	0.630794788216591	-3.4258667242980256	-0.6850854194483232	0.6671963220484779	0.12160522725082624	1.8175922552126393	2.0786956604745717	-0.0602025325658845	0.3684641328977841	0.15165389026248963	-1.401437033568992	0.38082210664929295	1.0962086515988727	0.5333909251687211	0.7050009657469194	-1.8313726023653767	1.5495179678527147	-1.5256868972699296	-1.3562411882679521	-0.3120984351724573	-0.988603292634305	0.30955813111001423	0.23466339158376448	0.3888368324664613	1.0502998049321892	0.9577503903047416	1.020041661514002	1.1211889058821738	0.48394753118109185	-1.034970842029534	0.044431415095730266	0.17223952786192767	-0.1639132322346972	0.7728734934054169	0.13371988706325807	-0.9329283307892865	-0.3174131244649302	-0.4321488228589213	0.2836294723826863	0.1372946683599617	-0.6360236669324846	0.06024223064364562	0.1151156788676022	1.2904808334198175	-0.44702368142738125	-0.8097213532019675	-0.4819005647675605
DTXSID3049041	5.654191431535393	-1.7241967480094835	-0.8915285493638408	0.22046542337588365	-0.13174475546801775	-2.4957187639830565	1.437015738574574	2.5310916194520634	0.8218709458207328	-4.1808287098945485	1.4512526479692447	1.5633864905722974	0.44331636302401134	-0.5191954019665718	3.215402069311108	-0.9579131523734301	1.1487577712332075	5.5619255122102444	1.9281756778632548	-0.8181356256271503	-7.748359136650442	-5.424256301590147	5.7454952203911205	5.207558541683512	5.286295474844276	-0.7846616570840664	-1.4918691958594341	-0.0008201228371979546	-0.6059674715819111	1.0941141381001431	-0.39033206577798946	-1.2375601543170596	0.6018325836600481	-0.1638064546569398	0.3195592124729321	-0.4861684401959541	0.06549581437110807	0.06733896395402682	0.9909043196639169	-0.9035931068667428	1.6088192782013844	-0.45041822982171276	-0.6225262380281101	-0.7845188318708585	0.08565522417215107	-0.6438090881297188	-1.50462456712055	0.6863858468116202	1.0232842484169948	0.6094599088521858	-0.05926851939013431	0.9327976910448221	-1.7875959787703162	-0.8815009386426778	-0.5181924375641445	-1.1204074734015903	-0.7983683974689038	-1.3074180796834194	-1.1160984774758207	0.06453298718151346	-0.14370772026040482	-1.040604547867709	0.38872361268988903	-1.0453271087270333	0.7157338233111004	0.9247483217705752	0.5523431601843688	-0.7177208362467103	0.5198649301230939	0.994318938548355	-0.5510572318934465	-0.22130497838378238	0.7501546916723785	-0.4807396115973408	0.5509535635502623	-0.7840373619064416	-0.23597921955609447	-0.3282679167963563	-0.4896526295612396	-0.6427305131282373	0.19969592954431029	0.5250074218569515	-0.5212742969222439	0.07399606250551215	-0.7241081105147046	-0.7598900906568183	-0.3908152015712076	0.327295615535666	-0.7134365409188423	-0.7760279820732849	0.06330026358176263	0.5156887685426261	0.6507559732978504	0.2823681195746913	-1.0043381554335733	-0.671507102420186	-0.061403749283157845	0.01011452130061014	0.0873767065966397	0.26101455223808967
DTXSID9049083	-5.640832593112772	-0.5795879504620809	-0.08149945916705795	2.0098118327339973	1.4804087388043459	0.4075305314962262	-0.2378415968715495	0.6909701909506907	0.5445191369670924	-0.5959823926930857	-0.8668207381092053	1.1618672051516237	1.5585535249934106	-0.09798703710181204	1.1198375019097262	1.4512138690070762	1.140093478464752	-0.9571678038644955	-0.22234650235200296	-0.4668182117781573	0.11390673612902798	1.5298365784770303	1.0063311864805122	1.1259001727330833	0.1826572321884664	-0.8511233170836398	2.2483866559613137	-2.2899385887674826	3.5868457471371418	0.4518209347185364	-1.418013348423769	1.0902508949728664	-1.4306852387267093	0.0015464196562071425	-2.6079348122387893	0.23661049894886943	1.245621625592398	1.151648599138636	0.5734943890821578	-0.21415757832114807	-0.5491887520854244	1.3527761969789582	0.314108156776428	-0.12824179076293377	0.4738319676334254	0.5885291223992021	-0.4260764366773568	0.6262736885266003	0.618199310128559	-0.03374279697223954	-0.24691811957816817	0.2879427435374482	0.2923944172004039	2.289644307168256	-0.5054772000254866	0.5422368302106417	1.1825817532451786	-1.3459653430778402	-1.5904284133406337	1.5529725225974975	2.420454827770361	-2.727640887717929	1.7763168257236834	1.8655649903505647	-2.3517183753562456	0.2523863342216896	2.5398372232377353	-0.5216617432291011	3.2352084330125925	1.7424116111266712	-1.3520779965374738	1.46976211946473	0.619576452088199	-0.2750402902163528	-0.4701338295704706	0.3729552309006345	-1.1476476270630396	-0.124575503341752	0.5746271818157175	0.16791210469225404	0.18677975245836195	0.03843149068688643	-1.213294225300372	0.18599922863206378	-0.3909622578590395	0.3419436184872731	0.48386118733934685	0.7046326762871146	0.4910817235162798	0.10556633539507863	0.580046530508875	-0.014052109531097123	-0.20998658130583772	0.3614610562726981	0.003837511280390374	0.4443502734924609	0.1194634436195931	-0.35373525950907403	-0.702381811541963	-1.350399725928532
DTXSID3023261	-1.2146404288326995	-0.3425675152513739	-4.627864346855909	4.720422630470714	-0.22982441561265898	3.8441768752486745	-1.6445017593399804	0.3637570472382995	-0.47804741552134733	-2.6749295213341657	0.09354445052474428	3.3516398775434233	0.17839234643933355	2.0170956988840607	0.24590438785795335	1.0884177780920228	-0.6934877214812711	-0.8542249099166855	-1.966660153713498	-2.6246956891754194	-0.881637111458812	1.9609202173067732	0.07139334118349398	-0.15544767512572805	-1.1552816037687854	-3.543660259495102	-0.0824548696469292	-2.5403285393603428	-2.671035970414526	0.46046192642835315	-1.5745194076529432	-1.5529448314969785	3.9345097068613675	-0.07793333354648657	0.7404812394616793	-4.235345666645117	2.1197450729253355	1.3152593629548148	-1.456749145076909	-1.202028813322304	0.02495918449574403	0.1423038256923558	-1.8367552956462048	2.555892677721425	-3.160159137651971	-1.8637629160300369	3.6900705276457106	-0.4341719776364702	0.11343593825897963	1.0349853851215145	2.277765025252403	4.207543998120375	-1.8147945111720358	-3.5408271715988584	4.9940953840137	2.344854951471812	2.3763888252115635	-3.091086431152833	-2.5107763199618747	-1.966484756323254	1.1820036439500787	-4.180680325669703	-2.473973348261466	0.19793453462219876	1.1313571700012488	1.218123941623204	2.166423973973815	-0.6996371927433165	-1.8626988755781404	-1.9756657337439212	0.19931214207562167	-0.5265665541227124	0.6416672970907662	1.5671811778325955	1.3927766992835238	1.47578004991605	-1.07523509343964	-0.46874631032759606	0.2985413465050488	-1.1602568709591348	0.4530574714659251	2.3602559154867726	-0.3062821683031586	0.25028574635549405	-1.495782851284346	-0.7477328992375228	-0.586097945182142	0.7206172394742252	-0.578694799454351	0.0703726481178645	-0.4251309019115067	-0.2657806767219363	-0.08495245013629218	-1.4884960960260984	0.7446792243019401	-0.33895361494106996	-0.5270873750422052	-0.711189884782059	0.6883602083710739	0.3341215290297488
DTXSID6042369	9.826603919287278	-5.41165405435794	4.542577332522606	-1.4149835643341753	3.9606313254583796	2.405443328008176	-0.1860499345794259	1.7890566907077257	-0.055439053184930344	-2.7524255767686294	-2.1779276100385876	-2.1001095036670714	1.626248503787026	1.9731942392671509	-0.29936354140602434	-2.1714618388900537	-0.9818026366704368	-2.0435940823344683	1.4626837356943976	1.605789948431806	1.0825660597185134	-0.5561786309888925	1.007649991293039	0.3396669354435354	1.8917175666857164	0.8934309176842917	1.7691696045366305	4.015614827978452	1.9803769808896134	-1.1000994584787427	0.018980916579380232	0.34823353336684176	-1.895926054344819	4.313794952888288	2.713096151100293	0.4888662720057623	6.820211129514807	-2.1866122142189406	-3.027872982435296	-2.168341738501924	-1.6042199856139403	-4.278675949757455	1.0302900596762088	3.21394651403333	-0.24955746316667002	1.679978752319783	-1.5779533724168067	1.1048251602954624	1.6391212638082409	-1.6982677883803403	2.7440226771551104	-0.8548622144546224	-1.6425513509108804	0.2908585922655558	2.0837670769989254	-1.2151461915747706	1.029544898532955	-4.508977005719718	1.979668791692565	0.47171052010159564	-0.24655840370786453	-0.5887462927958786	0.5492277166710786	-1.5177338808274963	3.2042307213766534	-0.23378324535893344	-0.17501604194985618	-0.7264077283352579	-0.2473111440201196	1.0667361693406898	-0.5665458739667874	-1.3111555484181054	0.9999354581888696	0.2022792388150488	2.016364458637491	-1.4196166945716213	1.1375667262287585	-0.349433092229292	1.3832598510417273	1.5783280880268649	-0.37899786983463674	-0.06451612209224943	-0.49066094738346744	0.05703951362940749	0.71323271081406	0.24165486606463477	0.30087107798343804	-2.154485065131515	0.9330760449140174	0.27865566574096795	-0.4209167548731993	1.3412792168723222	0.06128932072088942	0.3901768481948019	-1.7728154964607532	1.2923983314913292	0.05892372001485006	0.34701342315828326	-0.8830240396336952	0.8121818204973843
DTXSID6052299	-4.831494074219017	4.533821922466699	-2.4222389711745826	0.8714268002202802	0.051629825114879235	0.28685068252171153	0.4840772403273693	-1.6221099416313425	0.6787752123521006	-0.26586689221759585	0.7175713122480218	0.5498118759060658	0.2778700473136115	0.5602136951711868	0.005188527394455405	-0.45270624202308746	0.18008466175691673	0.13114618954404184	0.6370717500091748	1.0620052997503675	-0.42164071873014364	0.4363381092837783	-0.11436110675935722	-0.7767505146239366	0.9512979340015018	-0.2633778822450708	-0.12368811809860245	0.1196840534372757	-0.5116518175964638	-1.2561825804627536	-0.29506564053777534	0.14825725838664564	-0.1399259138836677	0.3241735313366813	-0.19838222496998603	-0.6384247822314949	0.3031006572676837	0.0557208647964852	0.19645097736171246	0.09950654928198774	0.3099924722367213	-0.08485368782434419	-0.3717373263650697	-0.1595286621176049	0.43034061334979923	-0.7216723253584755	-0.6339661941919462	-0.2818767607766162	-0.21256694069099374	0.6871058748136197	-0.2153855987173906	0.04283901779059252	-0.24667040546343613	0.24057394009378608	0.3943353976688911	0.29700579256610815	-0.7742682845771885	-0.3130181194570473	-0.9760675587840679	0.410390751202336	-0.40485128645280605	0.22918840285024605	-0.6553424544715303	-0.5195148343234486	-0.30217885654072274	-0.4171329438542889	-0.026807710469653474	-0.0672276155928926	0.17375498292307887	0.8164830798581811	-0.11634029808385433	0.23724703414478981	0.3229565989966295	0.062238315606241774	-0.27943091454912594	0.23426627028623415	-0.3019563756414612	-0.004991905140047456	-0.014173150979270703	-0.24617661248921877	1.386621895245003	-0.3470828117456171	0.8923782319594238	-0.3444531695593206	0.09380791608368408	0.17443598763671267	0.03547198818461608	-0.08470578523430962	-0.521742639841418	0.19013703773759288	-0.16406237040068086	1.057300600010689	-0.5452680628580797	0.11692425212325971	0.27559342783679586	-0.022609660412424137	0.09765026827575478	0.03239778608354115	-0.0756282311714803	-0.32051098085631663
DTXSID2021365	-7.4328505049552716	0.36942647699566833	0.6310910193158737	0.6344898962206476	-0.43890960384087263	1.9043143093445878	-1.3605602288125673	1.9145687516534808	-0.20443329695485452	0.7894778592471265	-0.6870679524767475	1.5006231122383684	0.47719465696349944	1.1192690141732262	-0.62829839918537	-0.08536753003321212	-0.9815135103168079	0.3949123752179966	0.21018737240458424	0.1660947454251794	-0.7554551794560721	0.06335290380156355	-1.1162641328022107	0.5118672855939707	0.6119085092207835	-0.12089185710181406	-0.2442877509643211	-0.8439836452770991	0.2521206123042109	-0.6581012282934268	0.6153585026227003	0.11003011045205763	-0.6781197429914022	-0.03254395484534704	-0.6280980154105718	0.3176931186532239	0.07006590812971622	0.3782570010800489	-0.48619012141484175	0.047568802965924736	-0.2337926498793149	-0.1700847767040564	-0.09965579870553666	0.32954966143302755	0.07776648675255936	0.12317766355869766	0.32466113840667565	-0.022942364071215735	-0.2534459119823817	0.129206283617516	0.3456141453991767	-0.06203727734820162	-0.2877735094920038	0.6582755637901941	-0.3750722865248916	-0.16002524406865742	-0.44652271774070873	-0.31133673474746665	0.04549522266192161	0.16215686721303146	0.14619056853148804	0.02067773879185548	0.11681900579084502	-0.028899784519974443	-0.08564336792168636	-0.2711355811872163	-0.2430874711721758	-0.44124874295946476	-0.10871600040953103	0.1468075899538449	-0.05388211840155662	0.4043986508992475	-0.04834127339122637	0.1726968414773635	-0.2619405992692183	0.5145666972380648	0.5767466160434582	0.08863886715727379	-0.5083554962089526	-0.18796724282271532	-0.20545501775165306	-0.03237314121581356	0.08986817612252469	-0.40497188390434785	-0.1253820943650838	-0.3828636938626818	0.3539840847614245	0.3121187473215832	-0.037474284303568715	0.0044695452451352915	-0.08324313333687156	-0.3202631135046905	-0.11043994995818326	-0.11489870210451297	0.24603471084580697	-0.15797416194581296	-0.3183768971079247	0.11855254211465795	0.1876230023083076	-0.04719218541270811
DTXSID9026631	-6.939746054971471	0.5048257839107844	-0.5240936621064243	0.26497694115502557	-1.5565412233319296	0.5224136601874002	0.17413652945976457	-2.043177131881994	-0.1795542714242032	0.8608922610210531	-0.4094478262350038	-0.3546829398480051	1.8788949710928275	0.5614537218656916	-0.2413568410072849	-0.23316798642451328	-0.14807137288007222	0.8073945547467711	0.22645929952809984	0.015730814752171453	0.07372505640200391	0.1895463899476641	0.0706474996778125	-0.21427963150189538	0.2790637308004181	-0.08613560851637792	-0.23474431482650293	0.22015431840558122	0.2215673550254235	0.2439607719916014	0.4483672942942572	0.010986220576095076	-0.006725950375751223	0.43223937872701795	0.38754769436375447	0.1691555973816865	0.7579851581223231	0.5646452387847821	-0.23533829787106728	-0.03033109663690394	0.21765528277501103	0.634064269174432	-0.290241332272385	-0.17721886812269025	0.2789343628129292	-0.0007834709732151499	0.23728995540202677	-0.10003826974857996	0.267174651258067	-0.23155107368535902	-0.21390903389536403	-0.3144772142210068	0.8302605984723089	0.014658353375624074	0.04099340903724709	0.147781610977346	-0.14866092375537723	0.9120824339532086	-0.628096467190933	0.01337356069844858	0.25420088586427547	-0.06862596115540547	-0.6905354461080077	0.5014199067226103	-0.3134097710597833	-0.8471073262297883	-0.050647148953272915	0.3450792814982342	0.5398410405611774	0.14132658376603824	-0.35992106800888807	0.00796298784736402	0.4578391387212477	-0.05526540217962339	-0.6725827117669728	-0.024590884312163018	0.4277997250101143	0.24810930964678263	0.21795718490838828	0.055054238170161945	-0.2961477996689173	-0.36189064889617073	-0.11438144655615494	0.17134910491966057	-0.2710791652176641	-0.10493544603612594	0.5270069729649411	0.38673658711733844	0.03749131154791089	0.516823451933304	0.06301368130181165	-0.130861026965646	-0.11329869986452148	0.1341879963512469	0.06348280760478542	-0.03494133190699661	0.07100599218277631	0.096101828771648	0.12331904406799071	0.11741821298497879
DTXSID6023947	-10.776589559801561	1.9451585758042949	-2.990760999758054	0.8650077432510336	0.5712482023071934	-0.4966623535259546	-1.1310322575026155	0.6281815183362662	-2.3539379660773383	1.4739599702828579	0.06612478017034455	-0.5770403280617394	2.563074314079877	-0.8176219624974564	1.4150346005227405	-0.5756300089519784	-0.7477877104238544	0.5415804152905899	-0.4978051333125256	2.159513035466021	-0.3820739037394208	0.231296856323434	0.25139782053249027	-0.9514749253348286	-0.9626306205705688	0.24029438141680357	-0.4993357868711578	-0.7615276000532607	-0.17826184253920985	-0.2967078841889057	0.5659017214981453	0.5661117305704463	-0.18341490715409353	0.47178946503734054	-0.2154445508785603	-0.3556113234799406	0.1384107710730179	0.5071654800271904	-0.7055470429108667	0.34854025295729507	-0.3513296039941831	0.04342293794073314	-0.014520220304720036	-0.7689553843305967	0.41819374789466657	0.6333123276373174	-0.794664716201295	0.08414353936385634	-0.2102886961215045	-1.5258168577223228	0.8038383982206126	-0.20862323951305126	-0.29261851196394245	-0.35939721248845125	0.7030421148242325	0.05785622282139513	-0.08070960754620292	0.8315924860846498	-1.2680281801029245	1.6802322866558903	-0.21809012404395667	-0.8517110126591952	-0.32762910819108465	0.3733542455815197	0.4514602850111833	-0.02335264819518991	-1.5859648179264847	0.13722706959060763	0.35704771713256617	-0.19727640418709988	-0.5899098213941132	-0.038832895299163714	0.5034456834475743	-0.31330486118040074	-0.0758355620839548	-0.067607867340545	0.8724259502231506	-0.339647849773078	0.14717587723653813	-0.2662488833780082	0.3983200298436651	0.17720409615399962	0.6071540244692591	-0.02788838521284274	-0.8936614811986209	-0.05104569175530207	1.6586027500968672	-0.759247539122596	-0.07400819640042308	-0.11211309288547354	-0.1588643569020729	0.33054896772010217	-0.29388237711531673	0.8979600403787665	0.8074680476342585	0.28938796021569574	0.5210487236074389	0.20289522198457324	-0.4885601031120823	-0.9756432990050409
DTXSID7046332	4.359674725303735	-2.949364636450366	-4.338557564033382	-3.7740109691681307	5.663331949130976	-0.5052290241556554	-0.1454962710054813	0.9264894477950728	-2.351309902567844	4.90903332386324	-2.1970688068535855	1.6939809290435646	2.685266057337134	2.2433056957952755	2.1547559062729107	0.7288923020638074	6.059802438547759	-5.683478231368242	-0.1083860425325756	-4.041814240703495	1.2013673752750782	1.3149963210295925	4.29646835348364	4.190136213957656	-0.5157648047401491	-1.2951767538397887	9.459372029908284	-8.195413598195262	6.791752508032737	0.5959916996092507	-3.836809668536982	3.285596887819685	-2.5903027482774448	0.0936156619185314	-3.097681234388709	-3.7406573699551298	2.0622079646659333	-1.2760734028848753	2.548478366745095	-0.28256823173539997	0.9477834994129762	2.641777207155665	2.254862727153851	0.6477093215821895	3.943329768477453	2.676256457276242	-0.6323302427990259	1.8752392159462559	0.2270045316571872	-3.5213130593511996	-0.40510525154746607	-2.077719941798955	1.0073603670809719	9.185562586063767	-1.1032034966228463	3.696329064852894	2.157779427052079	-3.069453441465536	-2.6600125955298353	2.000929235641365	2.893696902323895	-5.738894190592831	0.9985021385980404	0.39048193248847046	-2.529726119478732	2.676230180970689	2.084591766360205	0.18679578114611428	1.5897573895779864	2.8004783071238317	-0.31789146135997415	1.2788900689535516	-2.0554491214302675	-1.369832896148878	-2.801701800349207	0.23473534724931822	-0.6018988911773445	-0.8232923319664694	2.2602639314609414	0.6512967883820295	1.0022499758866121	2.3569770177756206	-0.9607666341517197	-1.0344005155435019	1.1948849986889296	1.3059226392674568	-0.6619114052436645	0.6047505290428895	0.25008885305719725	0.2448610119397834	2.24125562131927	0.5327332657767284	0.563349310908528	-0.8940707502428712	-0.31779016743210153	-0.03402636619708578	1.068773180146586	0.6177360672570892	-2.2583007118324536	-0.48654961331357904
DTXSID0020076	-8.308076918933649	-0.015871697074576988	-3.300344302247633	1.818084248928932	-4.263510838887769	-2.5741573447415793	1.9304089129105775	5.1890662131676235	0.37202435533551514	-4.200758554123667	-1.7328597772982182	1.8249624976735073	1.1381253685820545	0.5654192174941847	2.4928344216409513	-0.013470897461248325	0.2112479312706682	4.10421270777062	3.660636568092269	0.8417034630995289	-6.3256734228444405	-5.877866885072965	6.118837723481696	3.816286049101615	5.42557384340228	-1.938749724246327	-0.7553360223657448	-0.014587549737772534	-0.1732593663000914	0.7298656613958174	-0.36022939314165564	0.3336362411882067	0.38344939042959864	-0.2600301726562861	-0.8184341762070383	-1.4914852812497768	-0.34976916282463555	0.021781374978766185	1.1082812403614397	-0.21430974283199739	0.14714590520266843	0.2744723230307019	0.16013313059462847	0.11430411385227884	-0.41598590793474016	-1.0493469686750614	-0.745838044807101	1.9257717008822572	0.7833570114056283	-0.03490902299399953	0.09814757045094336	0.6791305310365722	-0.2551125641603658	0.11457868288012804	0.13835717876272527	-0.3700269113008813	0.17141499646373293	-0.09568305854832074	0.11639477531371992	0.1970245407865849	1.1399474342219127	0.23684335622158106	0.3588970977193758	-0.42566080072279927	-1.0671189516152253	-1.2023184039018346	-0.8279390175433113	0.11179356224678091	0.043993997893882295	0.08987874372878292	0.7572258130990148	-0.002006406111830342	-0.4469679207710055	0.8396760311014655	1.2518279494393716	0.07130706605115862	-0.06397216329235214	0.5315456836236128	-1.1421325088157346	-0.8765913778374783	-0.642254046638935	-0.25640445617187246	-0.8826957855202993	0.04328759248429833	-0.5373480668135046	0.3416558475196458	0.28351165263336875	0.07966917992922214	0.8192954389182119	0.010194716591451497	0.2720619276641518	0.31873261959079485	0.2106214069716397	-0.17061646462093435	1.1243764779913166	-0.2719621662333713	-0.13131695512704405	0.020425154651413736	0.3959625527913555	-0.751533415195981
DTXSID9021550	-10.46817046092567	1.7744938797164667	-2.97687872006236	1.0250418982572638	-2.3383293806312575	-2.2371667176417245	0.12704537103576807	-0.7264164120102312	-0.22704670551847858	0.4039924104503574	-0.833748615765486	1.6042984605207795	1.1689815870325064	1.4608753777986587	3.507720059216731	0.9818919226141506	-2.5816249148464236	-0.5763357027748393	-0.2176965279601247	-1.4273912982653476	0.4730187062229164	1.2380474148477876	1.0391930664667255	-1.9310780763468651	-0.2972091550108255	-1.1768686122442549	0.38379022959450454	0.8187878979075485	0.0276092384644592	-0.12841811207037843	0.024273775296816798	0.6612367261318841	-0.2255876531485697	0.7212195036208207	0.258068355611573	0.5686183238914143	-0.953521895442108	-0.13858423696725375	-0.41094034965783727	-0.36967654039139475	0.09433008004573498	-0.13235725734227843	0.10021141887898356	-0.2772009928403521	0.8350316111977621	0.20600350480444699	-0.018116317860005	-0.7060164236625411	-0.6054928249902718	-0.3080646668439958	1.1401122833994368	-0.5466325188386993	-0.27974337521941706	0.3320195410245829	-1.2196543549328276	-0.5282716991376935	-0.3710432262104626	-0.8246175248899799	-0.1345452820735374	1.1352983612708394	-0.408479840728184	0.08396604688533152	-0.22040410435427202	0.10515634942942624	0.7576666268873902	-1.0859003732108163	-1.0594524062136341	-0.7460000651916181	0.9533358689369301	0.8270784268546447	-0.5887993015091122	0.030558916942977615	0.7787402208333561	0.3473376171917549	-0.33576151319714986	-0.12774460758937156	-0.27543266769158065	0.34847966260004404	-0.007635737090343857	0.025077678605394556	-0.281551949403446	-0.3185645545679617	-0.48714233399820484	-0.38098422546580424	0.1990657065464431	-0.6479431101514279	0.47638780991753843	-0.08921470115050353	-0.037235575236919526	0.16257277390666466	-0.31233528786784676	-0.17287313128772555	0.1337653416041434	0.6685266679095815	0.41909723967380735	-0.1613768246165598	0.3452757140162798	0.5238224976859107	0.15259430234057006	-0.05933668611048849
DTXSID2046832	5.692070481255779	-2.8668082377951336	0.39012790454237134	-0.3270484866559427	5.053302556699099	1.1744016706098084	0.4226586891124213	-1.250022651618789	1.3065416294659706	-0.564086867997398	0.8247258147522789	1.736384726204115	3.3416364401337937	-0.0015863507593253112	0.481772910839686	0.4595857541548291	2.2992450460172553	-2.1361804948831984	-1.3743931011343844	-2.0436759468818297	0.13761466880221185	1.4473201955333022	2.6360577519373476	2.843940828626732	-0.09729639944067552	-0.9395190154641281	3.624273769809297	-3.0577472499807947	3.408031529870893	1.2506567993742659	-2.0139462261408307	1.4157640980713286	-1.3822506745488479	1.0528593430628659	-1.0685471111189562	-2.2152671431187008	2.7102137951321095	-0.3425938805855986	2.070873269775172	-1.3877425437840076	0.6274915410025921	0.7481198070051435	0.40519024047278257	0.3168342118153899	2.545027637091992	1.3760086507435554	0.31481450634605423	0.972286555357877	0.7069183281481082	-0.3073710937790817	0.014294176345771233	-0.5587137510842505	0.3150977025750407	3.44997661470494	-1.8173927770585592	2.1442188863630083	-0.24138733312653018	-0.33984461635226354	-1.4931347886115225	0.5337302470880034	1.7338430475655064	-2.4730491857252033	0.3133928314749962	0.9996083803316195	-3.0141270511275815	0.3562564055404886	0.5567445679936891	0.8518229227314387	2.008869576801174	0.6614872039095209	-0.44385196575370905	1.6344788745874779	-0.31281214720661044	0.002506393718095888	-1.7605235835395456	-0.7795106310025578	0.8346468113100542	-1.6812931767422132	1.1919541217921599	0.6143853626775737	-0.01175214736256709	0.3489477025547174	-0.422355964743987	-1.5198666936369738	-0.6333179084678734	0.14165554357538326	-0.8416628795012722	0.024408651038602864	0.11086333520119092	0.3625905026313997	0.44455767287297027	0.3613808181548053	-0.36729002463334665	0.07127603299208492	0.3336324691438452	-0.20306297588222674	-0.12415392569329121	0.05531709128806519	-1.2977146660541317	0.2876577564531264
DTXSID1047520	-3.997207912690004	2.936050220634932	-2.8311719364487624	-0.6708580872431666	4.489190320499356	0.678615951238669	1.2463477763045614	-0.7638330945336133	0.9180058880881615	0.25538581875915917	0.6879398365338473	1.8861146265323867	-0.4031894554396582	0.14201691785320894	0.3221372715909848	0.3771841811055939	2.2552285002193004	-0.8602077544426777	0.9798045671783742	-0.35495518579911783	0.408609166861448	0.03221673761201535	0.9583790598482914	-1.0127378148355017	0.9472823087395695	1.1847490299910668	-0.77346216406543	0.6643719077165299	-1.1668115029083679	-0.38020022083299804	0.7052277956873091	0.3536586469543543	0.1753209910323827	-0.18282184483100178	0.6268310645807296	0.6219166903738874	-0.8353983628742107	-0.4823785046394827	-0.2934115893705912	0.6003252057881956	0.17758982303929133	0.1940598417770364	-0.40402622240704883	1.2835777460387237	0.10223221048468568	-0.7164139921746417	-0.31468286445997673	-0.31483403922595427	-0.38307964091136454	-0.7590500542165428	0.3755796782840127	0.19325086372821793	-0.4480322039705335	-0.06749502914406216	0.25905127185056837	-1.2965574188798503	0.16782126995533198	0.18144218818158106	0.48449212533355834	-0.5218318726111663	-0.618156376082381	-0.17592696404988822	-0.1320701165949298	1.7784409076354126	-0.1767596980654051	-0.8370896301315353	-0.11835725176120497	1.1416509746266537	-0.28095419822201645	-0.49289044374022994	0.06574646703019324	-0.1948323898235937	0.9689230412399465	0.8815776220522509	-1.2000173827737861	0.5796212947117212	0.7380176065641811	0.49428152265254505	-0.28569513073524394	-0.5601845044900012	0.9484724676067934	0.7653452403268368	-0.2892178044911723	-0.6103064156633485	0.5636434490001158	-0.47765711188554716	-0.3593566289172329	0.7612953869245828	0.09836739131115924	-0.7451927668632836	-0.6823932405170524	0.8072223095142849	-0.45960531401028903	0.30343996326608524	-0.22454097935370212	0.030849041347172607	0.23076191018986408	-0.4040968433331607	0.12571690258803403	0.26235374180903986
DTXSID1046764	-3.25400991281432	0.5947287529584254	0.9422607610598286	-1.0850540537429685	-1.8504240416980131	-1.490503393610279	1.0097826973429733	3.077486046825022	-0.3500053047959018	-2.8094468705216307	-1.5514432444112798	0.8169723994162087	1.0005145059089533	-0.2192557552672842	3.57663069406341	-0.7663550517325622	-0.2929425849149322	5.141071038292981	3.4306021531331408	0.07511303694250557	-6.222901329287893	-5.989411106926524	6.3167884032653525	4.129681555165399	5.551302949543623	-1.556942284548874	-0.752459708963749	0.17900734304478183	-1.152956979832348	1.6772955424122142	-0.602227175538165	-0.5593784092331885	-0.30245052029941716	-0.867713275048476	-0.6237277476505492	-0.6644560501986166	-0.2391427829011156	0.7168162435248281	0.8628419927643544	0.6437007907213712	0.46718697201548587	0.22975648935219598	-0.7369789442779344	0.7976713751707547	-0.5367731446738608	-1.1030735987423026	-0.7089860973020062	1.7479076616363862	0.7202197592063192	0.4447203540127943	0.046228416741519424	1.1906248202746978	-0.17773848465179257	-0.21788381587274205	0.8590569516729714	0.20492124662258324	-0.4113781434320959	-0.9917076999015577	0.5228497019666637	-0.21451493008231184	-0.4154230440725004	-0.3714510737425149	0.8364333617420316	-0.12562517785158012	-0.3036968091211517	-0.06059044182007126	0.38430516949723653	-0.10929972947952181	-0.5025179260001575	0.0884903134659082	0.4026152839723574	-1.1946895233621249	-0.14312556493710793	1.566302186731797	0.3053461393889509	0.04078204254182256	-0.6153961754672327	-0.33946100938973855	0.8184456149446554	0.49312023215527956	-0.07645860525649414	0.22117063300375314	-0.505919376233954	-0.6011722200219914	0.7228372757727233	0.018268068949466934	0.22627231198585043	0.4757479312334942	0.5937814819534463	-0.6063317362126225	-0.02897835246846279	0.5334543619964831	0.4516548171010892	-0.06815674422549277	-1.2353021759224638	-0.12442902189240462	-0.6440921062626056	0.06204526731518227	-0.3274257404471028	0.3903061579042103
DTXSID0024638	-4.99575772294908	-0.5531919313199578	3.8587147796971286	-2.5515371448452306	0.20384334056630318	0.5792203766610804	-0.4172539774914306	-1.3608668583376438	-1.0025316209550446	0.9763656976947921	-1.6115066090039476	-0.11433628236015529	2.454786576740651	-0.6454724099694076	0.17887862401024532	-0.7476805916642519	-0.19767080527109074	-0.14698294328492228	-0.45082799449072614	0.6031777343611936	-0.10163198700933422	-0.3725113049852181	0.1684162594154924	-0.6756174836358542	0.12514227591705704	0.013429435978009241	0.09310009360529192	-0.2626037579733073	-0.4765956372884891	0.4387983796441551	0.3274717389230665	-0.25784570457041556	-0.21681320221441247	-0.0608186091164547	0.041452339477768926	0.3247166471743188	0.16544950373271577	0.13563161795934556	0.2758400297000992	-0.17476923872862593	0.2309652568276245	-0.2092641592378412	-0.23940133283506	-0.20837434260398477	0.015726335768270025	-0.39155093388076956	0.05942625031345793	-0.2860772908877016	0.17181316817354744	-0.05445588540447938	0.10932540042123035	-0.3055133082109542	-0.07015491634087093	-0.07899919163166219	0.4801988360452265	-0.3981170763629724	0.036224479909093214	0.013251149337549149	-0.42530081127126623	-0.21310686218850905	-0.15134275720257237	0.048538489360073184	0.22666595240920775	0.538073062581772	0.3595593295674635	0.1127466829753196	-0.14072423082444924	-0.5238083219689399	0.8255821089349592	-0.8687897345048645	-0.29543376336582894	-0.011369826863637012	-0.3357790299306172	0.4646178867340203	-0.2456355678376954	0.16787328937607193	-0.42800261175006377	-0.25197096285827814	0.1713400989530843	0.24332177712954772	-0.46364973132459025	-0.5959793074512819	0.2326215289148064	-0.32756226599908156	0.18339902014096118	0.14566223887350774	0.008281005669363378	0.5086217535148504	0.59000361254458	0.9001002020344041	0.12526038721481403	-0.4802102442141202	-0.43991854578986184	0.6866057961237002	-0.09115532188348657	0.25142913148520035	-0.33132119208510075	0.13979129219088487	0.34547978496432574	0.035228303962836556
DTXSID9025291	-6.009851766709827	4.675631728339938	-2.5352589454204666	-0.17563453700929424	1.2602666823909188	0.4950619122030324	1.1949250977237347	-2.0230181417408017	0.7385680207962058	-1.2249685714832095	0.03945777716406252	0.9680293859953107	0.6655875177149533	0.6188482822726672	0.9557933305045901	0.018440914426100068	-0.3704990783776426	1.43659791678327	1.046186556741303	0.5215507307400268	-0.17421374743002438	0.6820249360154439	-2.1265718483769556	-0.08443844476043855	1.060531920415323	-0.5286772799790704	0.11988364973118769	0.8803384652280691	-1.1396195112763685	2.8171449770423007	2.1780006808339674	2.1464553576459395	1.5111268196332395	-2.533715519314522	0.3402205068434872	-2.486949505023766	0.5679999485338666	-3.3810447619561868	-3.7520585220360707	-1.8072972452194658	-2.174579263948579	2.80377843602979	1.898822622456003	-2.790904414215017	-1.828245566533714	2.873552070952238	-3.9406561646148908	-1.4684816072418376	2.00605948953864	1.6316281158829655	-1.0900958619366865	2.2351687067817565	0.23771448299919898	2.440626659107266	-1.3661018642265697	1.6159943496101443	1.0349955676462779	-1.7570791389112272	-0.1299125587775875	-2.212239682405285	-2.6784120177189514	0.2392517072481097	0.45315670147096304	1.0091209504074408	0.30686869211421647	0.7618925118368653	0.09983330628584682	0.10197534269431338	-0.3629473865996076	-0.34918499492651217	-0.4204613359461307	-0.820365276991333	0.30445098980053253	0.45191185648337173	-0.296102445469443	-0.23727695574935115	0.3017141450164011	-0.25288601230554547	0.12452006100040079	0.032784859455358015	-0.42120784007685125	-0.20454497031028127	0.5955986114698764	-0.4802136151705754	-0.4642114150003245	-0.3010803323994721	0.5256123942631669	0.31277202051120306	-0.28440866806532467	0.8171654762440707	0.13843795860404448	-0.19275466154363535	0.3605333301085852	-0.13031085015773994	-0.29508058693024364	0.20387819573437	-0.24658790208670806	0.01761540512482567	-0.17373987991914333	-0.037042791649695005
DTXSID1038876	-0.1638092273523208	-3.393592035082203	5.239582341930984	1.0169737416863944	-0.30432969573227103	-0.1602822366992559	0.4215107125389593	-2.975283131559076	0.28642173430249285	0.14514698220282993	2.375489173859754	-0.32490658678595546	1.7516104204939538	-0.6832708718318578	0.14443076572163518	0.43557473061701063	0.4072505785470607	0.5207547051659892	0.08058847296195294	0.28443643723264145	0.1743796711522332	0.6453306728418748	0.0952853497697137	0.10460639017848411	0.78657203242871	-0.23438020439952129	-1.141773654022057	0.5870385995252624	-0.21484392460743051	-0.0116663263953892	-0.7202458628005123	-0.38012616360872786	-0.3362190246155797	0.2126782171450661	-0.13120458503065768	0.24774236094029958	1.1138365918189517	0.027005943364095078	0.21892232409491186	-0.5961122129891798	0.6577591545263002	0.45965335328686563	-0.20365198083588895	-0.5988959078210712	-0.09492777461436415	-0.13011720802860627	0.19320149555079136	0.13253645564916652	-0.0829720077850739	0.8217709180732454	-0.5694250611177186	0.6992029783362655	0.22512086400945758	-0.3957767432416487	-0.11072232388374108	0.5758816644739987	-0.432528512553746	-0.04350140620093597	-0.15321049356363262	0.45222267222615775	0.21419008488292296	-0.46839779637651774	-0.10926539754632957	-0.34924075732618753	-0.8710513473950047	-0.6425527158902745	-0.8511247914816604	0.31103538309833756	0.3925909326808393	-0.066621428980995	0.19756855329528522	-0.008854345390127607	-0.09023697346923246	0.2813907981938121	-0.3383573905423275	-0.6153362828942839	-0.11258255613825452	-0.15183612168418095	0.18268623811636753	0.2528509749366331	0.09011732276960573	0.27271548956200936	0.10587699796399273	-0.018375796085429864	-0.4102013674797162	-0.2447031590163577	-0.3447944479413983	0.0817931127841036	-0.2787725556209805	-0.1198947359023273	0.6858767380183846	0.15181408121225892	0.08960835263230067	-0.4301942056850823	0.3485340732373567	-0.8317349366105501	-0.4061731111247906	-0.125438068772102	-0.035727806577997255	0.12815319065292982
DTXSID3047895	1.9075897789708767	2.61380110436148	0.9301951495118888	-0.873934535759423	-0.4010304740522895	2.04834292050191	-1.1533953426280565	0.8080828844847656	1.79980564153931	-0.5153406901043007	2.705080765877898	1.223768445296143	-0.4249710887781472	2.073817748254876	0.29922843871309673	0.8038944471439916	-0.542072603925888	1.7637813337149928	0.24440353397803008	1.1517625395926343	-0.2771296761136729	0.4271064570562855	-0.48566505455503967	0.849481686625465	-1.0412420557280573	-1.3661969503926916	-0.5789529078051947	-0.6901967257436334	-0.6217696680426839	0.5295653593059342	-0.787634092283573	-0.5583212523333602	-1.1992159662756978	-0.6416605714533077	-0.33828623048577755	0.32532109949834553	0.9028219296019449	-0.015068394734684017	1.155499535021728	-0.04039704325992335	-0.40644806496080166	-1.4275314069095666	-0.001053443648602541	0.11850417795009158	-0.15769809894588036	-1.1088717970232747	-0.4232524846473451	1.3167397244404895	0.46321362936891536	0.3495159013035294	-0.3895413973655807	0.9135505807887506	0.8858931023824215	0.09132773168263758	-0.3561752127408997	1.385478901225767	-0.16614436609902702	-0.4076845381679944	0.6984335769445179	-0.5409490416502266	-1.3333473058803542	-0.566485330457612	0.4074625157254919	0.3821788773138558	0.5548230243614369	-0.10994236017446841	-0.9024974683648648	0.18629726020243292	-1.2007939802848726	1.4606137357294513	-0.29134536396785066	-0.9474048176696679	0.13297208318187612	0.3306170016830656	-0.6427217149437937	-0.6810873362759347	-0.7843141359883457	0.8148975078559054	0.962607456073385	0.3201067049959657	-0.376349837668146	-0.24732362117230922	0.6196636181720309	-0.44880005695194825	-0.54544161204905	-0.3700528946440987	0.3624449611957655	0.15285551103958608	-0.11140724761948742	0.0675497275759581	0.7492001345305329	-0.3084693538198697	0.5688086358728306	-0.007589052942797825	0.19860946050286987	-0.043923121620268755	0.0767886872840465	-0.3235685195675182	-0.061242547216060664	-0.12221821646113425
DTXSID3020207	-0.7401321744847752	-1.0922561821136756	-1.8388219615786707	5.823797524652917	-1.7570000526480973	-0.8088063766926726	0.8913034584812337	-1.1721976745287048	10.007161358327087	2.6517150870439696	-5.894879361305563	-5.354187683044578	-3.7177750720228824	-1.2082688056217614	2.813909115522882	1.512472114394887	1.930082334974457	1.7302549339442814	-2.845237103336988	2.2681166284576113	-0.9152742826772656	-0.2575326856483276	-0.38929987152143997	1.044852937945378	-2.1860012578589845	2.17782915336718	-0.07181936416540638	0.4788824596455028	-0.3769780206051211	-0.27786804468141313	-0.12798562193890942	0.3344780708216523	-1.3124789881614043	0.5242410426075264	0.4498787364684745	0.6120601701694299	0.22112814813204523	0.18588643116264922	0.3402627774858734	-1.2878040451353296	-0.4508217496705727	-0.31740545555850647	0.21108771735094808	-1.0846434049688896	-0.006652031568085158	0.4294270733904928	1.1004931586814388	1.0296783843647337	-0.5656767461798872	0.17180591638005996	0.37160077651966494	0.6816260939763037	-0.8892311033468353	-0.33597130481918525	-1.1060511089135683	0.36304027621994905	0.9339119458696272	-0.36511622192088256	1.0639886561418102	-1.2579874629431889	-0.011788994170862105	-0.7968039494347671	-0.6479901978960718	0.6634726437453212	0.13677038002032577	1.2921287825943393	-0.7685194769991962	-0.2565220581588288	0.3883877544177178	-1.0518059363429166	0.053573900555015916	-0.21161661522369313	-0.9955186286844279	-0.20084034285963903	-0.26813518029760636	-0.041065000980280784	-0.2873593889489566	-0.6668561153534119	0.5670433054370938	0.7662130967350875	0.4697582822259275	-0.012549407289772958	0.5410472655581166	-0.2701066236161213	0.11490750014028785	0.6622818789076707	-0.5981942857651191	-0.011317568492641905	-0.22046844883896624	-0.5777742304738707	-0.17563670382275293	-0.4856524169726979	-0.01334146513297687	-0.37885274756082815	0.215254985530826	-0.366496892135384	0.1840657531875307	-0.6752760250053415	-0.012217084254569159	-1.3212462090072172
DTXSID3032547	-3.3698876729659006	-1.325608567904459	-4.700978452962126	-2.5527888139190638	-2.526381716492718	-3.2940505678427594	0.22453781649971216	0.8071907074070799	-0.6418738040589914	0.43882560294668066	-0.745475019939037	0.48413062902009774	-0.7924614561787199	0.8538884232249736	0.08573533452290513	-0.8990294192707114	0.9041064607887405	-0.006594307598646824	0.8360933308424958	-0.09149245510810079	-0.5534963097812459	-0.26320654071338634	-1.3537520803018606	-0.6363421531315486	-0.03027449313842904	0.9674632671690941	0.8212694581687682	-1.0083615475126442	-0.86058517859875	-0.26657531040318977	0.6121738123209447	0.004122568258048346	0.06880942195026016	-0.24090802734017913	0.01194885324965404	0.6270012741010093	0.45292945703888526	0.9114680265877181	-0.19236009486834413	-0.09747741827788106	-0.19284439603538048	0.7076340810115387	0.5613073983958351	-0.3565054128514686	0.05637758426521491	0.10253118342986568	0.10712949092888953	-0.63430056299035	0.2058080701971773	-1.2214150780982698	0.3043554165355421	-1.4765190306320168	0.795622943426629	0.3661722085189278	2.0709874137632993	0.1081622824511818	0.44187579629711343	-0.6952115101611481	-0.012813670573994428	0.08044959681973271	0.11274619257892544	0.8769959369103848	-0.44897029170450103	0.07497019416244895	-0.20844739163942985	-1.0584229116496955	0.007643655488499573	1.213716606049695	0.27306837566239756	-0.5315147948317746	-0.5760719186160866	-1.3951085074157588	1.1048361098757367	-1.2139488255794944	-1.259133156883736	0.14747859217572298	-0.9061347626653414	-0.6729003046540183	1.6289883476891318	-0.40871285321167256	-0.5249801522112083	-0.6861264225941824	-0.1659709807933039	1.4076790742206768	-0.09282933667001676	-0.14265160426396933	0.3348635503080785	0.9721872974343154	-0.576804728789902	0.8524039800764103	0.3545546215145104	0.42278798225469316	-0.4776637775412293	-0.627450336666322	-0.42989766984976235	0.08880249602006215	-0.43589013526512954	-0.8830543321219959	0.54884912185342	0.20972956906050702
DTXSID3040279	1.320482471117122	-3.5804720974261803	-0.09125854518124303	-4.422705615819935	-0.3051780110114468	-1.642605876479818	-2.537181345009785	-0.41185352627324623	-0.9439913411841905	4.032613768836179	0.0017413988960694696	-2.3547918690830834	0.28001354672861595	1.0651756169606292	-0.21836058061898633	-1.5543521998826435	0.4351720951005872	0.043183980366404445	0.040761306937868655	-1.0428955658017014	0.3970806661081968	0.6584160499047123	-0.39789273096832445	1.2063904645038466	-0.211589160235037	-0.994084762399291	-0.6450407959956028	-0.14047653726776735	-0.1364316447138805	1.4000461182334982	0.05730316910990208	-0.53543776186864	0.21642964910996948	-0.8156766597451529	0.560937948815916	0.5267661098351182	-0.3747736536352799	0.33769401093057877	0.4759466353833931	0.7062775982440029	0.46931823851140614	0.581110413212418	-0.01826566565201751	-0.010567580454159948	-0.2306638421356075	-0.029633305991388904	-0.4292292769135892	-0.8659678482331301	1.005068849162308	-0.8939072907721793	0.5102783143013356	-0.15858110164233175	1.145578879880393	0.8612411554063257	1.1084207587255712	0.20057143514942086	0.4819044840073376	0.31684556797528657	-0.43584529944807615	-0.12781632703647178	0.3298717039891831	0.14453663964965677	0.19333535310895936	0.49511584971933337	1.0107035929239945	-0.7508522232017968	0.24565559761665637	-0.44785858125792366	0.060480554626943316	0.6804592179856259	-0.43608696308187395	-0.37605070620616365	0.7052374914873454	-0.5347423650438908	-0.17673518542476718	-0.27508202383388314	0.5523439161456952	0.699912612967778	0.005569567537314515	0.7260598475246838	-0.08282499755958236	-0.30802786722926173	-0.13199181866571433	0.15567768617938002	0.9478947735782585	-0.48826463763946815	0.2788911685448636	0.4375346750158813	-0.4823607438996767	0.26535219929087817	0.5354609846941086	-0.39184771679101216	0.15148966574212577	0.41827238611715745	-0.11330115319727514	0.3255538888689418	0.01992716528116697	0.3619806111547991	0.14982004051390363	0.11905119097973199
DTXSID5025152	-4.582585759786623	0.7763336050220556	-4.828214416427044	2.8544378195479	1.5096670494943016	1.5322101448864003	0.78095993961871	-2.340082326217212	1.6272262446978838	0.6474845192743444	2.5782240626683106	1.9122547179504528	1.6665118357372741	1.5819146490020615	-0.46534453553039357	-0.5040530084716667	1.7984305840751942	-0.35969708692453467	-1.2160529496518109	1.5232175211810839	-0.626867190880521	-0.1010163401094458	2.096461669836344	-2.0970893187957955	1.3425878029005405	0.21456218134322477	-0.05437905081495009	-0.19317916804751833	-0.6467418528777203	-3.4093243911672517	0.7859298354039932	1.3991886740859594	-0.14213576309962536	0.37892976023912284	0.37289897926195165	-1.1053829348609172	0.19385533042561126	-0.0736878497070444	-0.4455169761009656	-0.3102896919621376	0.0550000734550216	-0.3479795897403165	-0.008562498853544794	0.1391984209484999	0.6943084283190719	-1.088528891833943	-0.9844951425581305	-0.5934518703526428	-0.37213259017956896	1.4495222919499355	-0.7749630507629548	0.06269596136978135	-1.0205084262901611	-0.8260835667272087	0.4958210133015798	-1.006622695210013	-0.027048610357847978	1.7450141393703524	-0.18095783729686357	-0.1856938826791522	-0.7891405907401583	-0.760583587399419	0.7616322023597305	1.2104670953935057	-0.3810296152986164	-0.3359611083561322	-0.11275843646330393	0.22136546358469822	0.05146193025263508	0.4080756021931044	-0.6569489867590346	0.7183586546527387	0.4043666847909518	0.7227674412490266	-1.4196982060387904	0.12883797914207273	-0.6328570465403629	0.1319715827762586	-0.15310501015737024	-0.18026200964745046	0.6920652371516924	-0.07499147580674577	0.26819531026813365	-0.12026300464497275	0.8964729803588405	1.2430816196940164	0.056430629360833665	-0.05146273150525113	0.19542452293946494	-0.12879153683554923	0.480014816139494	0.2609420699040873	-0.8283192256363555	0.3330424132688987	-0.3769133830558122	-0.06816846918713597	0.18549533286172432	-0.14818793909426056	-0.20877560399110237	-0.2563150076663868
DTXSID0046690	3.9639305686215227	3.381707289820971	0.48822185661093803	-4.454680118699548	2.7307400181525754	1.679221266963803	3.6292881399389163	0.6864692412921902	0.6019943012005936	0.559286084536399	0.473669757735379	0.005473779525533235	-0.5686864573627884	0.3710575504984443	0.01617010374291629	-0.11569704215462666	-1.5954270366888865	-1.83623667827849	-0.3955322589058358	0.1477159965152735	-2.9059988774062373	-0.2580465966553491	2.630867615427036	-0.43305927595966986	-2.8569622639557077	3.5418083624603773	3.4250554541208014	-1.9054639421819008	-1.2990935262898442	2.7593288459999457	3.577103704089926	-1.6489747436706885	-0.7552347491185746	1.6901786399140002	4.453026877980976	0.7843276243200353	-1.0343083352288855	0.7984823580258413	-0.29763881366372713	2.584454962379535	-3.0936315084689956	-3.1421366997852407	-0.4612779386048345	-0.8680846985179949	-4.414199500186601	-0.7787643001337524	0.9150321635966312	1.825580641517287	-0.13700659977389038	4.09331218411196	0.918846884555866	1.220457843497538	2.0002702718134002	1.6030190053117588	-1.0200195351179298	0.8816777028503665	-0.933377825347555	-0.6457985435442636	-1.6308526779242933	1.770597913799729	-0.30385074477558643	0.32972001162260406	0.4151123838988184	-1.0886779133860507	0.10704261765100415	-0.8943406208192995	-0.5775728312752606	-0.4234242241572479	0.4263822650506927	0.767788167354635	0.7128964306045731	-0.6593214788230453	0.2764026003374658	0.6503480320411656	0.530183402163839	0.16388720055440537	-0.07727350341692914	-0.3506235691738836	0.20767781707203475	0.07198601248277813	-0.008688145463493042	0.2288256046716565	0.17698311394217026	0.19729416508766406	-0.19634461522717417	0.5796143645393598	0.22774792154630688	0.3370427640905329	-0.15884128088411248	0.6008153865949581	-0.18968100543402053	-0.2721916452444957	0.1695017777726741	-0.023747839045822044	-0.35409906825534027	-0.11095322609592015	0.22008786442053002	-0.056812506660213986	-0.02223179604831567	-0.20899240165982724
DTXSID1057668	6.557554695439873	-5.276118678072301	-6.235218703388748	3.926140250751659	1.2537578972639571	1.9989115852958506	-4.04466198271724	0.13884046244521278	-3.445219847165388	-1.0909306605219453	0.07261454611299593	-5.167847300579565	1.2678734028114966	2.591925247079969	0.143603203673107	-0.8786837387189687	-0.7842750989370996	0.35054002588500977	0.7176627000022531	0.11572920570165597	1.2210674136589592	-1.8324974950703308	-0.16230303058304477	1.1675863809134603	0.15733907748229797	-1.5082589007622813	0.6366811094741748	4.245823600232429	3.4591791591663603	-1.9635659195725461	0.6252996427193703	0.006385805040686691	-3.0022212917918867	1.917520866609948	3.370272506780641	1.231588231962256	6.94917497173848	-1.9319386936587417	-2.867105770711414	-1.3576910567493619	-0.49916887189103093	-1.7788921599986214	0.7996577258305932	4.725685388513556	-1.5127380711014244	0.25170223467102	0.0475028601812296	-0.9504270805566024	2.8618169224612497	-0.4723894507202598	2.4842565273308765	-0.8451761946960025	-2.140347684117894	4.207612606723684	3.484279413851413	-1.2407110091010518	0.61674336432711	-1.8341240748663172	-0.398489427182152	-0.23478861170760174	-0.4656561841026575	0.613787704358996	-0.15573039536291822	-0.5969184731084322	3.236755226277265	-1.7994420330183318	-1.2029024971774434	-2.128825497113962	0.4123045394224911	1.8764888374996764	-2.420705726126273	2.0603139114796125	-1.540014858659739	-3.0286837708897627	-0.8476592059191712	-0.9015438812611359	0.6923087431247216	-1.2856590176400855	-0.7781612999938218	0.8688634546891123	-1.1970608388731894	-1.2367442179930344	-0.8013263213312523	-1.592651634310538	1.8755097005506638	-0.9768288631371776	-1.1571315479796374	-1.26657208030467	-0.05330623902004721	0.40944354550064205	0.19203184669021248	0.1382741808789748	-1.4471995296130256	-0.5819364600792937	-1.5753449553871286	0.7745948391510359	-0.003824366583598321	-0.3386643670843972	0.8500947076947173	-0.2945272237527173
DTXSID0023589	0.7644468001123734	-0.7207024665208518	-2.1828022424599136	1.7773698057925138	0.2686394020513829	0.8181665019875067	-0.352717426258661	2.4175736720722227	-0.25296834122816647	-3.4612211878990524	-0.4376427684584578	0.3459593290336979	-2.204145176647396	-4.179922539725043	-2.471898755967115	-3.483597459022814	-1.67529262595377	4.077968816244186	-0.145877274253895	-2.1982293138996947	1.7830243743182521	6.098945444850656	3.4418680941326465	0.22087526707041977	1.0665243267545663	-0.16040198251693522	0.4119739431155201	-0.9659487581711779	-3.253791305258563	0.5643407651093963	2.2038928268859443	2.795978300394447	-2.284009410965896	1.0688554096756635	0.8449868611162492	0.9885398674786922	2.0088246094777484	-0.2616200667598226	2.6395919999091024	0.3860228661280056	-0.6610737126571754	0.5214967076102968	-0.5568212422623118	-1.3816039445587818	-0.023248692987531055	-1.3639372265217498	-0.8213559255445488	0.6795737338385972	-0.494792384124235	-0.8592221633930056	0.2595988382541778	-0.8237775577539027	-1.27343450887338	0.8415512295360925	-1.4546690754385077	-0.7318836506849281	-0.18734178285876107	1.0821084093975148	-2.0031597227499254	-1.707860725621427	2.105249103288394	1.4965997630981651	0.8605664802897143	1.6905309566420508	2.6743583786316387	1.3790096470341453	0.5455027399863488	-2.4167805843695884	3.783705162105195	0.9027463903364243	-1.458379992077453	-3.149331601043509	-5.156283412182526	4.6842320601867495	-2.9558517229724726	-3.213084067455754	2.723736622518412	2.668036006018225	0.65862354764988	0.11513797976091684	0.32971157765400416	-0.6747929312694163	0.4058009740790337	2.8958287232000295	-4.152158186761939	-4.223691691508868	-1.1563292342066132	-1.8990787775961522	1.0359474668339064	-1.4351375890886617	1.584670962649356	-1.3418022317957146	-0.0015705224807917833	-0.9460346310134485	0.4198888041032275	-0.5841899915086721	-0.6361396657389654	-1.7027534822381574	-0.08891762416581396	0.5127679153085655
DTXSID3024366	-7.699773481911121	3.3963351328632765	-2.1105783171898347	-0.23970283781096374	2.3970752271632234	0.38123390349053	1.2398588134013853	-0.2300960893945673	-0.42783273238493497	-0.2762326178051229	-0.946005087448762	1.4548035086627764	0.6956405203809539	-0.5964685321753264	-0.7022340135872174	-0.26767603741862445	-0.4740663137340204	-0.49288219242347336	-0.6081121820682679	0.3312508087679099	-0.5705680465468005	-1.0892612704034306	0.3701881453648725	-0.6305671652008347	-1.0533407926148093	0.33889727820074084	0.4300991392961736	-0.41954261343546045	-0.054090307793072584	-0.9018188012852875	0.7057836609249113	0.5030947390769821	-0.7980472051249212	0.9209139106234248	0.4971441782663856	0.11621421899238564	-0.08742461229523531	-0.18077443955785683	-0.029319121196978888	-0.5204340166901685	0.26718053182446455	0.21610091259528003	0.12411677776489267	-0.5926093499590096	0.953075954265774	-0.047495897961578486	-0.3978770434089669	0.7536417216298489	-0.3524755348519493	-0.08937672676805603	0.41115400252724865	0.16480112362945828	-0.07545485187200732	-0.7860394501585329	0.25425910131512053	-0.22626513096468098	0.06817061809092395	-0.13523973506418138	-0.5581413953748157	-0.19351413652673613	-0.6513532833900993	0.005680669188239786	-0.4422926259122259	-0.1677234119766754	0.6278687556254562	-0.2496591112961579	0.4368599545496471	1.0576811200595944	-0.0011394755602075588	0.3513965009650804	-0.5694396225926773	-0.05132402747407905	0.05477665960897056	0.1597963404399069	0.6815975784175446	-0.2201291149263634	0.06461683779720942	0.06226430354691976	-0.3772850044448455	-0.5018562313234655	-0.4092658380909165	0.3518957516469279	0.3329290884203694	-0.3191740735737842	-0.8109462279137647	-0.024850343195606066	-0.15583523488141146	-0.12584011960930586	-0.6849984499539953	0.08366016493256014	-0.13980243440796158	0.21938154123770873	-0.5556573710437771	0.19992788410075568	-0.7819638085523705	-0.36961251046524557	-0.2978837497409697	-0.1375960001031031	-0.1764960851036911	0.12104605094199852
DTXSID0046226	7.1022800178092576	-7.020554902953343	-4.553221372815493	9.75932784371829	-4.100913948672467	-0.002764391888229939	3.2320427096917914	0.12050930432155162	11.930661587921385	2.654062429060034	-8.991456201562157	-5.440367648276462	-4.658123756306796	-3.6877764258200485	2.4538080095427133	-1.138897986970801	1.7466274204474421	6.516103614607684	-2.6516271961469418	2.5627837073064605	2.5815971538757174	3.460578719285976	2.123987705684826	-0.4268797493564866	-0.4609759202776779	1.329126008385503	0.31884302361157524	0.4638198912202017	-0.9745445720614566	-2.0881876979829346	1.3489143870106417	3.040534616568724	-2.1861083950172135	1.180186204218136	0.3109603553633388	1.0506496040311066	1.6700671948949424	0.17744153555578532	1.4807823141823946	-2.46418006264299	-0.7562068052293717	0.9862271354793016	0.8656253234387636	-2.6856728497347637	0.19750964291402548	0.41395281899213693	2.85300427267555	1.819807429443675	-0.04221914908721373	1.9586248562113837	-0.7845151578888602	1.531688224213442	0.8728958393326496	0.060074225863348873	-0.2910355687215383	1.462734387021957	0.3609432010466217	-1.0552117993363197	1.3613300919255666	1.3165214931480056	1.024997466320355	-0.8997132289390866	-3.052690372600016	3.3547449949821058	2.655349662895656	6.313892949749765	-3.736905801643459	5.055159583030007	0.3374781088904007	-2.1034186709983387	1.7589407030822	4.987311774406008	0.291634398299646	-2.0549703224846794	4.7225703105356995	3.989776763780483	-3.5735198936730854	-2.157485390142668	-2.4492276034430014	1.9657711424926725	-2.166703293637961	-3.4718289747760607	-2.6125465960159566	0.1080563620786288	2.6059843870737414	2.1160312946013335	1.6677935241760864	2.5630835856001597	1.0132939553776361	-1.246315718396849	-0.043172225937824146	0.6650303068398026	0.05019700754861657	0.05609516132862926	-0.42630749936564	-0.35808352833169815	-0.09409122176096875	-0.08267944532933956	1.8335583016548924	-2.380693259125525
DTXSID4032619	2.6480461439706384	-2.715507218600354	0.07101826605783224	-0.6926787261901675	-1.816319417976904	3.7910299180372813	0.7445424657761138	-1.4353490167591634	-0.7717792452218896	-0.8958375930558979	-0.14773900764598147	-2.466228737367736	1.1082897948368924	-0.5259109388177395	-0.08987275613102588	0.4824199110699896	0.08462945009733114	3.5060645700232183	-0.9183235629598414	-0.9915017626405971	0.4830155078665684	-1.6580428651349046	-0.45439577865701164	-0.3566466431610866	-1.2028961294730434	-0.31717728780484944	-0.9584995935519451	-1.4884914903182633	3.0102106124688377	0.36292797898688506	-0.8015371338081242	1.32524886306335	4.221433257802644	0.44956943321782145	4.147739579084378	3.1211589043532775	2.2653304786429893	-0.2055005909444356	0.27624098632645233	0.8118364456661679	0.5891092422486441	1.7081298543607764	-1.561296782085271	0.1993305650615122	0.344760597206848	0.7412716577901307	1.211581529527917	-1.1248802928354467	-0.12572908374076425	1.3714398476593979	-0.4533322487110124	-0.8098367971042046	1.315286322814203	0.21545396788846632	0.16467280038234414	0.7070833962766448	-1.028629760880231	1.5881058002671034	0.2326061244777755	-0.594699619679242	-0.24307241414618402	0.5771133239649348	-1.2811080032499527	0.42660189354904404	-1.2609330678708899	0.11326634822458713	0.6399009893874712	0.12078631522302022	0.1266262581237376	0.30339948725341587	-1.2255918511609916	0.2976003462613728	-0.5066601277771017	-0.30135508913414427	-0.04355104422500374	-0.6326220851380088	0.9486388606237675	1.3469546474705638	0.972043302381278	0.09428457363133903	-0.04728259347443318	0.5030678288617233	0.28661912303267895	-0.2519797002576246	0.02486524117716565	0.4355216219894961	-0.15510226261245977	0.03326076369051766	-0.5864341395432066	0.342460070134808	-0.7762461980449141	1.409973921002368	0.19257311368019442	0.8173344999562758	-0.8094521626585286	-0.22945821709203582	-0.7586767769796203	-0.599745677167914	0.9448051978099529	-0.242890057713222
DTXSID0025737	-4.425352202933566	-1.1233099155823911	-1.4443336355658685	5.54953148042891	-1.2602898680958237	-0.2754666949957179	0.6590936012359073	-1.9688992366795777	5.63069992631863	-0.9847354739506713	-5.368850001825012	-5.5429420853700595	-0.26791153726428557	3.0518453480566827	1.4101150550451038	-0.2704445446407374	0.4138349347516491	0.1867840664708443	1.5515077475388643	2.6370124319490076	0.6393240192187066	0.7497299582863114	1.1712968058416224	0.7472718840111445	-1.3273214603911123	1.2546129380661435	-1.320973326449385	3.066676419176364	1.7182992597502782	-0.7618962887788674	0.47886891560399036	0.44247474699956807	-2.8319900237293267	4.339228522376029	2.2816321488066973	0.714362390794824	6.696755246451201	-1.099279895868512	-2.542899849507901	-1.6443412491412512	-0.9101380323390683	-2.502928558418082	0.026865019057088244	3.3063073379779344	-1.1523031005681657	1.1549589390602768	-1.5597085072312324	1.503174321984384	1.203875082641557	-1.7091246711595465	1.9498268654810136	-0.2503816369353614	-2.759260431725519	2.5256829444252547	2.503145838967277	-1.6020330380889871	1.3610738021878486	-1.3483063531118777	0.4166035717985152	-0.01634221694431619	0.4383351971623183	1.1039737893345944	1.1367065151868396	-0.6799539250371651	0.9127093581368355	0.4328436702529439	-0.07301139834652515	-0.9103784215032585	-0.4249454099923662	0.2821537913551895	-0.4905492214867056	0.1447006482503837	-0.2010557889592193	0.0030890267417346584	0.3212657907185685	0.7402575490560204	-0.961645651738598	-0.2965913531513842	0.3317010609879365	0.24259191991756957	-0.1738389315401441	-0.4427743415096406	-0.14915463729830397	0.02592745586693465	-0.010126692768291971	0.6568188375147505	0.46853904609517993	-0.1067278477582383	0.24115614889574427	-0.23995288298635736	-0.36551176734560364	-0.10453572171202567	-0.19596682422166334	0.5101234436526171	-0.7374773776083193	0.6867416605504825	0.539884693997224	0.43070220168248036	-0.1531447657280172	-0.05915205278858916
DTXSID9041368	-3.3842868280667524	1.4576882375273208	-5.792242835681865	3.3051508473632567	-4.279372106566344	5.258793778639825	3.2554144940766143	-1.850086523982927	-3.4160507532719184	-2.3989377996518093	-0.29008771089729823	-1.999776309051362	0.16781274355882717	-1.7309029595983156	0.37417742854075287	1.001664677496361	-0.6356332053307858	0.2242500679595118	1.0752612760542126	0.35457694965328657	-1.2433418338879307	-0.19421624609801522	-0.13089889824754014	-0.75164288112484	-1.1561852643130441	-1.8827923203022496	-0.41437614314881094	-1.4063269476200007	1.0038459014942684	0.20226772025127024	0.3415880003874464	-1.1491630314095203	-0.5864350275983808	-0.7782981530091696	0.8585359265690321	0.5847140636040381	-0.4919582051688652	-0.29864111266972665	0.014719366757776176	-0.9547924975773668	0.35051524187061994	-0.3936403476302139	0.9053329730817344	-0.7381735144309397	-0.5602562711308016	-1.334546228514064	-1.40735749000499	1.4565792517128207	-0.4126770886520478	-0.4657222373614655	0.822381975874502	0.1524995360081095	-1.0157338219665455	-1.132657585326295	-1.1597658065580445	0.09521610438226966	-0.21355172879379453	-0.7033318105395538	-0.4072860581950394	-0.16080040511484023	-0.6767850474536254	0.059110361479974255	0.21694125153115526	0.25399783720995	-0.9506427074488495	-0.5780961441994702	0.46283616600441435	0.5300929679598357	0.27895690141202295	0.3609179978334659	0.7028872043082128	0.9891171953576992	-0.49092484606341746	-1.2446900690007252	-1.0577700749717558	0.33247587064759343	-0.39275666889640765	0.13972913397780418	-0.634106932892387	0.46129504613893485	1.4655727040632074	-0.6597441980153029	-0.503181245879132	0.22739299940807228	0.6021419027826163	-0.2727644225617032	0.28274262704950864	1.0266904694299084	-0.2305108995271666	-0.3441815728478233	0.8601886355925333	-0.5582134091960302	-0.12652327005103947	0.3618760332410802	-0.45922337187434203	0.4562692286986875	0.3520247667065051	-0.15527687765085293	0.21819665081441075	0.14657188895013967
DTXSID6046977	5.224420587206084	-0.797688891944582	-1.7856877090917131	-0.1229022639615058	1.3725731489393105	1.7046315814722144	3.150202071959045	1.3096459097761002	0.8740010706218216	2.139122123848724	4.536401971694137	0.23433277501783273	-0.16333170200662156	1.4302779185363295	0.08192863889515895	2.3828627890878735	3.1077076190641675	-4.503823005242298	0.3802771513440504	-2.118632548541687	-1.595946930386889	-0.5368848100189638	1.9888943078522177	-0.07101406628758464	1.6793243289605249	1.9978191338622846	-0.3312342807559767	0.7537443560943455	-1.7600259416128772	-1.2249204830462106	2.9234306388084144	2.481522873447334	0.2800178776142377	-0.03635038540462363	0.4016783544740108	0.5875166247771798	0.4396871644722354	-2.098335982839434	-1.0063057884512245	1.582414242277766	-0.01820984290925762	0.6228605781870428	0.4717200071871111	1.399956007773292	0.9169345736210912	-0.5111508628724196	0.6976532568374557	-2.629690140590277	-2.955662823088172	-3.504778509899015	-1.1180330254268596	1.2398653699205942	-0.5789423137097327	-1.6348832635079609	0.38662094331489105	-0.28193275420991293	2.86609847701426	0.9246313146469692	0.31120720028987087	-0.1206670880730838	-2.046345587433731	1.1704866970265375	0.3106554123984092	-0.3913921730221174	-0.22523158355882994	0.8416318893734264	-1.48554303374159	1.3782265807697132	1.9246811388754368	0.30515647978459814	-0.23864147345832523	1.46916216162653	0.8814035260976089	0.4450540764689311	-0.08375323963407581	0.2620435614246559	0.5295028125274679	0.19021596997052703	0.1618994051993782	-0.9274865105079512	1.0556789660899806	0.3006278103546647	-0.18886683101859364	-0.783233619800632	-0.37804652825068713	-0.5273650554381677	-0.5629816471094169	0.8406527853701683	0.25092520113249434	-0.751252857894931	0.4870019572473833	-0.6623234775467121	1.225852546829556	-0.4282258864783011	-0.7034454734491293	-0.014985843681332975	0.058290979817686904	-0.5429428450501396	0.2501699316642901	0.5252292110903835
DTXSID7020182	-2.196789246916374	-1.1874981880805098	5.384908930323384	1.962374620546016	1.491502172017512	-1.2511164999041888	0.69522228812867	-1.2903513519704106	-1.585889680668798	-0.17182898648812464	0.6568713431504226	-0.21964089801064943	-1.3807504063302758	-1.3709420260889702	-0.2476136773862316	0.6198913912047668	-0.08362634257852919	0.2862319507120825	-1.2764032717352292	-0.17997961011523875	-0.6958015584866711	-0.5202185833413051	-0.732186325271633	0.7270593166494425	-0.6018363847895878	0.05492819314263703	0.3053920440921483	0.06998671378374774	0.281208147490719	-0.26014694655581716	-0.3500935009697241	0.6036863344655923	-0.7019457801800256	0.5443201647790255	0.9021393798244169	-0.41325043278650947	-0.05529741194855513	-0.03297640259324547	-0.19026768116646053	0.10702806050091984	0.09743058704772806	0.2747341287524388	0.11066518200416804	-0.2987853592637911	0.42653395843139175	-0.07126783493764663	0.15383966411048586	0.1750084996635286	-0.5297781111446203	0.7263597486192485	0.08733312826697358	-0.4020150929727659	0.1295767319892555	-0.541858666257215	-0.060055951413243665	0.17517115953641393	-0.26866433451509686	0.5415969232243217	-0.823638156650221	-0.552580695491147	-0.21112869677581514	-0.15014063026347296	-0.35283364363412356	0.4491868502172312	-0.14915328958558868	0.3081604190882953	0.33952852669048755	0.028924217631054818	0.4610709115515202	-0.818094355291981	0.28324647098240363	0.046732740645802184	0.40932289729261534	0.398746676725901	-0.18775560664404425	0.03958646321645596	0.48825002501753684	-0.26962855642286354	-0.12640594476364111	-0.05139494906873803	-0.18793345762308866	0.4532708310869125	0.17752721069195046	-0.37509243543021503	0.18103922191331412	0.10012255105103463	-0.23813614361070815	0.06179946832309393	-0.08926327801127439	-0.06966780931854422	-0.0983398146913658	-0.17312481921358588	0.01484387417703376	0.07723262671586796	0.3378606567904796	-0.11573654534684116	-0.2016435106534922	-0.020530696089730516	0.053110165910599666	0.21001591940985165
DTXSID2021993	-4.50582129736876	-1.183864192235378	4.326061383137839	-1.8121774984158758	-1.0754312548748692	0.6981802241946513	0.42354389217844385	-0.385737003826374	-0.6240840770133431	-0.15368771529091024	-1.3434884905629079	-0.3785528865413835	1.8840213639549168	-3.5223424306993114	-1.3005016272780943	-2.323064416220901	-0.83085501045714	3.139048169441321	0.6463045034116177	-1.033167332474156	1.7512804484036506	3.6068706309396563	2.871141146011296	-2.414619813332922	2.5220837541660854	-0.3488449527371661	0.44152716179938073	-1.238952386489878	-2.776003469912462	-1.6527151013621477	1.6822095563923642	1.6456649501674865	-3.5617223526866546	-0.5203159955028634	-0.9718862095286565	2.152811304068745	2.4365158115326198	0.33012359164304483	-0.13742706960901543	0.050838180269119744	0.4712045439612361	2.891921483326446	-0.15203524291364143	-0.6737064941859181	-0.1858387856093536	-0.22510424676685425	0.24880146210381363	2.124308135018638	-0.2303059711742535	0.11869753048591533	-1.3935138892229921	0.06852973016030704	1.6216864307123053	-0.10723463665315174	0.29137578276227494	-0.3209241127879306	-0.49162071266402374	-1.6860369881518436	0.9668661076107264	1.0705707451781452	-1.4003238417148587	-3.89565369885484	-0.24603656999000012	-1.1208560107463235	0.8763780679451451	0.08636623378040144	-1.9858424155878376	1.2737143215097146	-2.538171406859879	-1.007531734676156	-0.02143301389363311	1.9399503720853346	3.4960738769466864	-1.3251976195863937	2.63030892438127	1.699163007313626	-2.772676278785332	-1.9206820223296284	-0.8160083955378641	-0.05498670912898836	-0.8055712571157528	0.5154854794152918	-0.6926315759868892	-2.598153167972792	0.9708021233921525	1.864303481736653	0.2620618275418416	1.9469334204532487	0.454970052801988	-1.0313651688592218	0.06295519844144344	0.9396938511294063	0.8174118943263734	0.44365948551078	-0.6210236797147285	-0.6237441555631295	-0.18207940486131738	0.8702519686659591	0.7415215403187759	-0.14541924258725394
DTXSID0023244	-0.3001720853853583	1.8772929029188252	-3.759826735583987	9.130179799204537	2.545715555908582	-3.6620549976002468	-0.13973089669155053	3.645102478392964	-1.6732598047530394	-1.3772402330527977	-3.537394622781022	3.4023272057104905	4.413314538053956	-0.5694112349838558	-2.3932143033247764	1.1256040197257775	2.852417358270062	-0.8938756135545454	-1.534090063730009	-4.866116182782508	-1.669977262791338	3.453421310064048	2.1652538808042103	2.891068711450233	-2.4842334759958336	1.1292535106231825	-4.192638892176053	-3.8718845253935847	-1.501524305773419	0.15339274968179142	0.9313495105113357	-1.607411630499147	1.0544052905969414	-0.03392003471634925	1.4762737702046047	-1.2048927438322756	-0.15702035359627234	0.20385690056913078	0.8844794355830972	-3.2608057627579496	2.513054291044866	-0.48008883286308135	-0.7610569182735863	-1.3326767077178074	1.829908987522912	2.415282710586676	-3.4999851936667947	2.5733540337347933	2.1308142217263906	-0.3012106810158723	-1.0618447416287184	-1.5881626829738678	-1.5173554779928429	0.7341922453908143	-2.974463125627007	-2.9918700877977558	-2.6277323751349497	1.2998425554242035	0.5440007553002265	1.348929684159367	-0.9597774066326097	-0.9197803172070563	-0.34166257348665396	-2.3104696865028966	2.347267755928281	1.765176338573312	0.4766807112546782	-0.032580041630840585	2.1648251923461443	2.3175118286197818	-0.3382662461038728	-1.6243307458344387	1.4825702496154602	-0.36236299164779956	-3.147798268469505	1.2013391608829274	0.946367254794049	-3.0034358206724066	-0.8949515633394751	-0.1620580548529016	-0.7831724092440263	-0.25698608559162567	-0.4762888580874229	0.8236699788260352	-0.5285536266842052	-0.7674998606058172	-1.970725983558891	0.8893850312029962	0.035347384123094384	0.5268586273268847	2.6075395596415376	1.6214032394145141	1.0266197774013819	-0.1956014549939735	-0.7089529351171557	1.1653684746429478	0.06649996680190735	0.5330333425128128	-0.3227720462184186	0.8322074989498448
DTXSID3042269	1.8641780334581617	-1.470392268452373	-3.702929521763174	-5.192113797683647	1.714747994293014	-2.668407044766998	-2.269628068674802	0.24803412018748328	-1.142127896754657	4.136223593578646	0.5080421426905193	-2.011279942781668	-1.1375568332995782	1.5520173297088613	-1.699315061202982	-2.8610836285336627	-1.173782314818143	-0.7277829375165714	-1.3616228815539442	-2.645880262057491	0.9203158807320192	-0.1911054077611889	-0.5901411170425898	1.5917200397765527	0.013402955492636282	0.3236050608767628	-2.111002144194819	0.839047721692226	0.8499903127575353	1.3058097829980324	0.5809613726421581	-0.8359160981573721	0.23138177459419004	-0.4735273024676173	-0.25670910092525623	-0.2044494708327607	1.1651545678895079	-0.36330036432113605	1.3183967313346738	-0.3103307381739577	-0.052431740031654066	0.5294847064768928	0.4768109422418127	-0.24249516727891418	-0.07035154195514094	-1.1403718933137843	0.17626271674630378	-0.9426569417839724	1.8287267193006222	0.10207209305583732	0.36719408828875394	-0.13721452434023518	0.8872452414535442	0.008804489084380649	-1.2598183740178908	-0.34409987670026654	1.8835702516461648	0.005216751362108861	0.29328046762790305	1.1710707052079565	1.0254909193015207	-0.1276762745012834	0.7397431105735217	-0.505361074741643	-0.7149087013513256	-0.050142646959244815	-0.057996382575468707	0.07333948028344289	-1.1778995946502948	-0.4617544654428476	0.6601585655263652	0.11670009700952005	-0.6973305452880332	0.6745749128863937	0.32801403564950377	-0.6192418164367257	0.599339993635283	0.20311976911514398	-0.4541498822447982	-0.49210551539028163	0.0956136759490906	0.3177271789249552	-0.07107225735581736	-0.30124566480284976	0.4653341197005785	-0.33738099350406525	0.7008651479437679	-0.6564656815331393	0.3800949853941933	-0.20911813596816195	0.31480153852891674	0.431436114659427	-0.24641797288437928	0.0680985880936245	-0.14445019579853624	0.11567297515882076	0.32134804753025403	0.021108923892200416	-0.097628918422085	-0.0253857196746493
DTXSID2047933	-4.794865152116342	1.1623992331595088	-1.6642398747103178	-0.6199386444849454	0.6772828915545106	-1.2942071233579053	0.7535302439476478	0.8669653600904456	0.01260875060527158	-1.273691209556556	-0.4276579745713359	0.3893967034720612	1.7030988859477951	-0.9753156386262622	0.021577851984526913	0.7956958066523896	-0.30543217446579884	-0.009438426664540586	1.2551372572930048	0.9140108465907328	-0.35438241103236373	0.7783098312516866	-1.9892483946035278	-1.4910172951793572	2.987487413713461	1.7591388502369365	2.9102775604446665	-0.6615453648299999	0.30995602596545585	-0.08210555100678	0.020137824120709646	0.5811277242758606	-0.36491850982185675	-0.8798168917246835	-0.19758861150833235	1.0310778202836144	-1.1707691634036328	0.9432497776714496	-0.7618017346307489	0.11818891276901426	1.1777840002399753	0.4307428178949639	-2.0254746690989935	3.378434073061343	0.29489236552938153	1.535220798275526	-0.5512227606751503	2.4854405964949757	1.4069416785985847	-0.11216029887750859	1.8140318539145728	0.771008445592124	-1.5942259228184321	-1.131420740502824	-0.7944969807271091	1.7763288816635965	1.0826966874379567	-0.1266034292894025	-1.4873053697625203	0.8152078912695496	-1.1175853490674732	0.48156851577855214	-0.9963986645634244	1.3034998806271991	0.5041032652832914	-0.31436115433283035	-0.5502244628487136	-0.34712015460628515	-0.06583215196530255	0.3657033703529373	1.1153802215965316	0.9749738858383123	0.09327410472213091	0.5310692554359643	-0.9711645273121345	-0.31216087241969526	-0.04167133770491047	-0.836550816410355	0.5934312932748459	-0.0716501705503916	-1.3065321477700809	-0.6408298412952639	0.6086653399434402	-0.7365540120270451	0.15226485252572422	-0.17448852306335313	-1.2040090797931062	0.14812438051417887	-0.49449255726740843	-0.2740487418140523	0.034287937291948255	-0.028441582129563367	-0.288801509191163	0.7627186068638618	-0.525731616845674	0.9259237453072946	-0.4219294615990883	0.6317671171661907	0.4203786733945466	0.9744534273219978
DTXSID2026101	-5.365438434570738	-1.937799919209772	-0.9285648397572587	-0.9502331547240958	-0.8699722765303917	-3.312495752422284	-2.1691368997547023	-1.7413033400901468	-3.855124094957167	3.8091115117088625	-0.7300616005561104	-0.7774607533063637	-0.9697127749118587	1.8268461925139587	-1.0691515958038083	1.0305693933012663	1.4801805607935847	1.1264614709217864	0.09662316647148396	0.29032121760590995	0.32539748052635187	0.15955909063269097	-0.2865615762281421	0.09169891280808119	-0.6894619553957074	0.4266915231096988	0.8920498117082207	-0.8801103173742972	0.17827350413573784	-0.774251692703321	0.41764129912286413	0.896845312145984	0.11634180439735459	-0.493060357393563	-0.01448055139693428	-0.09333389479061253	-1.361737414363841	-0.4406255473034427	0.6074627663898564	0.23761295089682805	0.5502092608565479	-0.01098060927182416	0.3178529526317494	-0.05307260193127557	0.42669478877568545	-0.46387200591345934	-0.010991173818420656	0.19182742296818958	0.5944672042870115	-0.3468620837287893	-0.4924637131708204	0.03103042746522606	0.26054050290987635	1.470031045179991	1.024328540850974	-0.9017484447443556	0.9822375694780423	-0.3930766215443373	-0.600389032694002	-0.10348771376185778	-0.06152339292023746	-0.3913861061291325	-0.03303287982724235	-1.0611348427890102	0.6131558354545401	0.1919190143025279	0.819399194083565	-0.2119330762143328	-0.3215286926280295	-0.5061430834917684	0.5205730546070394	-0.7563769309260914	-0.36917141644089346	0.2206723450379947	0.29316012758982235	0.7830626351484934	0.3222486219708721	-0.23933832858530146	-0.2980261870402253	-0.1940153854081373	0.2102765425015741	0.44801150514794813	-0.40360487101361125	0.21408121794877338	-0.20765707487032725	-0.0019219850543126297	-0.18492049481592143	-0.0743442536417782	-0.6188199516193406	0.1367941051336119	-0.26464658924795476	-0.33537607382566625	0.10547751319770811	0.30066535339706174	0.14258987621117036	0.05061051588867733	-0.026921909943741624	0.24345489391191621	0.18646166425223054	-0.24038938377340321
DTXSID3049209	-3.2629378471990846	-1.5018490865652712	5.322537098332347	-2.1830979154674015	-1.3781670998415632	-0.25863275924817325	-0.09778150737339747	-1.3097362431166242	0.023945620348880883	0.3310377905088038	-2.176165281217739	1.317887639778446	2.4717601068200477	-0.16923872109640864	2.849435565740694	0.7902432225853806	-2.279132082497455	-0.6010201845151103	-2.11049078189058	-1.0911928016944052	0.41042310218393235	0.90291127496455	1.495650481294752	-2.840237358022863	0.9579079259506187	-1.326778443066568	-0.3720981040177748	1.350419712377138	-0.21196945031289444	-0.6743162761523654	-0.6154424002967323	0.12936971313352055	-0.2883923059977531	0.7163290740969941	0.1377445081964121	1.2994887730983298	-0.2450335424201944	0.6921294885754109	-0.9792073129753464	-0.5994009488615206	0.17047850024930977	-0.7440168149714853	-0.17652821944336408	-1.5934670513619797	0.3537186636701891	0.24260871489274308	-0.44460170729996856	-1.0903578597934123	-0.4493939827609097	0.5255388124537675	0.9783346692963373	-1.3981912884444772	-0.8504032820512634	0.4409538069245845	-1.2830995022092855	-0.6605410626584264	0.326609611902676	-1.024739626045419	0.1803163369612006	0.041317353436929626	-0.006704944717485365	-0.6209453370540278	0.034444117794528044	0.5062360740314101	-0.1471903227639292	0.24300556109860674	0.09948394856216261	-0.6916678056579307	0.3737979085897127	0.41677821261088194	0.2629180182748462	-0.21055205676896904	0.3395765798367227	0.07591790595446167	0.3677578684018461	-0.19966223388089788	0.3577901235067349	-0.26415719804628224	0.05100160865688959	0.17335708588598775	-0.12100143847954216	-0.13328758481968286	-0.46439365025731194	-0.39697145152887825	0.6969857553541654	-0.4429363392021213	0.19786053977201876	0.029137978813012135	-0.5187404968636206	-0.9724204944674493	0.033963653499717764	0.3709273983382932	0.3694755523765643	-0.2299036648418166	0.08818119968121493	-0.3099150177280854	-0.018778583194766864	0.22108630550085862	-0.28182307755915453	0.06060724475985783
DTXSID6057667	-4.6113466975068516	0.4660733963110668	-1.7345164373561799	0.6278233310434375	-3.313273199399084	1.5318993727867707	1.1668709053977084	0.11138718212972121	-1.2121173083682468	0.4909951515424431	0.4350422200753383	-0.913250069235886	1.0406387981561704	0.4928315665009011	-0.10820212954344147	-0.4681989419236113	-0.3240521301724198	0.5036063175442688	1.0156384954274775	0.1085487289332062	0.11918248955459478	0.4543483917131681	0.21180567306754222	-0.4706326471074361	0.1282235043486637	0.08977921150627281	0.845220241493505	0.5847740262058604	-0.3746743585861614	0.8043598840770021	-0.10032321827983695	-0.6269713366319135	0.15863891565382068	-0.1181800951143119	-0.6522670065258251	-0.5214588894369769	0.4887002217084123	0.8035348652711036	0.2293746195589184	0.04904768503807537	-0.03247194648408931	-0.008393638278048537	-0.3610410905107022	-0.021477725078832086	0.021635460430339707	-0.16848237165493987	0.183785102858105	-0.5442785680588209	1.1435402578557197	-0.2835193213251413	-0.8348461427787939	-0.7833481796763019	-0.2785027059774831	0.8858132971992035	-0.05029607576839593	0.5192049648277512	-0.6975674869221191	-0.26303038725384026	0.489626139687479	-0.02072296712092298	0.4470338513792024	0.07430249838632502	0.06224543867669862	-0.10198935136517756	-0.0007723099378298264	0.17424504264061624	0.11946240281133537	-1.0177705667312198	0.6095678913302418	0.11228692191717336	1.07568364891423	-0.0034070336414469293	-0.3316848193490191	-0.29532846454473854	0.007345602701008973	-0.01735799123475549	0.5148756633621956	0.5795733377064366	-0.577895127172426	-0.6333126433185682	0.03313774055314134	0.20461066657335236	0.09434944288839027	-0.3806920701212761	0.7755174278057791	0.18415618265225112	-0.5212486505038353	-0.16434746389327254	0.9189707861289673	-0.11414861097718647	0.35716648186481886	-0.2009642877576136	0.20353257368421324	0.5136488373386903	-0.5643965224438697	0.27024532565209725	0.3878046578162889	0.15364429798922813	-0.6253306513059024	-0.4048448306375263
DTXSID0045709	8.878320136141252	-4.140107017450162	-3.152944454035737	1.8900101079828604	-0.4736017535173403	-1.543307282502203	8.101220545040388	4.022453488177406	-2.1823050178744188	1.9962970990888083	-3.9101399111625503	0.7890182496084517	1.9242674731383465	3.7882560573602735	-0.78223804215428	-3.4862718553966157	-3.007726639287078	-2.7899889847214183	4.469562048753092	0.09298775685608521	2.701215740941427	-1.9608571151108942	-2.0344631542312057	0.17417500540585268	2.906472255052837	2.176301945768668	0.05227989780650177	1.7527355691828093	2.791107702390896	-1.22859036934819	0.7602528431532186	0.5504141141253989	-3.3021697153275418	4.588560648913516	0.9649898641577181	-0.41579443022844087	7.497258403856605	-1.219393550772937	-3.2313071827075475	-0.7151290331946948	-0.3451108122807934	-2.080409922273725	-1.7459323371223354	5.390358557828928	-1.0909931493032008	2.9233949973338826	-2.197293423636781	2.3417555064012445	1.2073463702970508	-1.5506169575676947	3.632940907132658	-1.4475302347155614	-4.714352339415686	3.192161349809456	-0.5533191034019399	-0.029973675541152992	2.3275217427448185	-0.2139710456242726	-1.0934651241108775	1.8171234292433693	-0.25622954697082945	-0.14111925215502544	0.3878944490970782	-2.5519266961127522	2.234089147132294	-0.2230996276791983	-1.3436123992242264	-1.9629345771990785	-4.281945181274625	-0.039460775667604996	0.417250812071009	0.5040715342612699	-2.0249702345575566	0.09850193965033154	-1.0079255940811944	-0.8263836613125802	-2.593154207290779	1.3470277270141513	2.089217318168823	-0.8246839621354982	0.9291035423007854	-0.893871993059069	2.8848925979707514	-4.600917817282747	-2.1825340126888486	2.907240897279799	-0.03018304626133981	-0.8537060882216809	-0.19559975612035138	-1.4859701662423803	1.406029533545801	-2.391584474966502	1.5354340162797284	-0.9056394328845815	0.9908010709118237	3.4230265524269363	0.6014145399487351	0.21725698381618233	-1.8469423587834866	1.7980557368106829
DTXSID4049321	-3.4810319116246826	-0.7741746220399772	4.908636007902285	-2.9581686412484283	0.15608589541180592	0.5704560384685943	-0.605568040345645	-1.4069106642381282	-1.5305182895142482	1.6052250500879204	-2.798194969829389	-0.6935276908360903	3.531409426522319	-1.2827680006400228	0.20602752904961774	-1.7199168028214773	-0.19348921162170227	-0.39447543389442846	-0.7216632672378307	1.3484846679988913	0.43565132196589357	-0.32628595819181233	0.9686568441610215	-1.1408954007128458	0.4728473959760466	0.030734703576786596	0.1771836036894121	0.10212069453512787	-0.3008880460648142	0.1776030161690335	0.3938160059034065	-0.8308796463652511	0.40480224897893763	-0.41987031499484667	-0.3702867966454345	0.23245762718875967	0.5352446268996689	-0.39653215224180466	0.7349388463178808	-0.19155515776886858	-0.0035866951480423306	-0.7870275039620559	-0.1430718895264832	-0.2104668232240107	0.0472156591705889	-0.6531328672498151	-0.14857566027877164	-0.4476342788347191	0.720126830120841	0.11947399617686688	-0.058971040700983725	0.10302635149730305	0.30770532040306947	-0.13230934479567394	0.3622373749949957	0.09430430762597679	0.12524552007140372	-0.6234751681108484	0.539321922417705	-0.04569107795921555	-0.2442341408853807	0.08506934050362182	0.3443888289225646	0.5719114947330147	0.3326133218159194	-0.7585002160383809	-0.3264738372572653	-0.48137394919052706	0.7205954679238308	-0.32841804673239816	-0.06726332785202153	-0.2532213611668576	0.09747410431755299	0.4720367379163501	-0.3450426672522955	-0.09418188784797336	-0.2927448443642206	-0.2239102042236636	0.2052749624579312	-0.18964521054196715	-0.3409558387661408	-0.35256124553305057	-0.15289737494390254	-0.1643384731929705	0.312159211113539	0.1491202370352801	-0.18678392397713048	0.191588373914419	-0.35483942859648526	-0.48583245462408636	-0.08933449335406612	-0.2554168804492979	0.14523092926919393	-0.11448015140923765	-0.016280082772946076	-0.3792370622229538	-0.579953412818255	0.07208685531247311	0.20047708160949435	-0.22183152167727732
DTXSID0057750	0.5843892231581241	-4.398670446064129	4.223153397600077	1.7452354798019987	-0.5050164231989501	-2.7128535610631452	1.4834079544291083	-1.2011797319720294	-1.147801859626652	-3.6437576507513483	-1.0163545653592778	-2.7996116391021864	2.181353183389231	2.746687266287015	-1.1022804821676504	0.40782381172136234	-0.02087239028539763	-0.08545966905774231	2.498333336245221	0.97940473970491	1.845249777250668	0.15178251871529647	0.03306749749384714	-1.1978386966821908	2.0255847527160187	1.4968438111465272	0.0863604444875857	3.194687117788488	1.600204204524469	-0.695450431009025	-0.8686179192012851	0.1466578789367612	-2.7052245129220887	2.9684288799460252	1.9019458477303612	1.8505525072712765	7.171041102817538	-0.8574283900197598	-3.8235515204239268	-1.221013834653861	0.25924759579076817	-2.50920991464824	-1.701978721857218	5.314517221109541	-2.5525843669556854	2.5868251342818778	-2.6039547170240755	4.297957285174543	2.5309322132226195	-1.3105969566672753	2.6148159021777873	0.1375295065852518	-3.1527826551659612	-0.3554482100731941	1.1180891770082984	-0.7117252377647292	1.4614669330999162	-1.0868264375056096	-0.21318374993526698	0.9850730417717318	-1.4621091245385995	0.8125052018355012	0.6971271503544326	0.05447449709972022	0.28880029911107463	1.013898596063986	-0.8400440227960221	0.4378159456294253	-0.7020614410308855	1.0155854842220366	-0.5028997141701227	0.45421735811906055	-1.3789050946863162	0.2512378766390959	-0.24584058496760403	-0.16593489967336902	-2.29670725778472	0.14897757443947282	0.940663233119198	0.6092203160646884	-0.783842272709552	0.2395684580243446	0.4426211221580652	-0.10884090078953433	-0.9989704334208119	0.12885799266401057	-0.6397150370856339	0.39534407682905737	0.10915770103216506	0.08063893704876103	-0.24667040225236944	-0.2573706144461419	-0.08637631042156406	0.06278076299365902	0.18877705806440026	0.08085549532073699	0.512804638328144	0.05561206156733249	-0.19576607423267248	0.3666629454977125
DTXSID2021311	-0.3116672846829744	2.616028400218106	2.8693048993378154	-1.509313093378022	4.053092403823962	0.04567604081992131	0.5958333615947138	-1.1671075101595636	-1.284847502947623	-0.4737107786623338	-0.6443350186438827	0.6734498079387806	-1.7501438687209672	-1.0478884892974047	0.030437598529104704	-0.6861964087231283	-1.3843686379334725	1.6105939490179928	-1.9697670351882246	0.32159193657755375	-1.2058683633080856	-1.511543517906871	-0.6137700369913335	0.14609667494620465	-2.3126995124645666	1.1295658254417587	2.18271111969619	-1.0710277783511863	0.6460398906508709	-0.4228848559976012	-0.08496467014878861	-0.05209677449057938	-0.5988958174667027	-0.11747000186750178	1.5172032111103442	-0.3810843026823926	-0.3905099801402343	-1.1128321846392897	0.013625002383149754	-0.4833077546737175	-0.05374909079186287	-0.7415290118450291	0.8821859250100901	0.14758303667255632	0.859251590982807	-0.3593233380168504	0.7696446441726607	0.552612992704903	0.3040828689305967	-0.23375402431880027	-0.3164110368886539	-0.13298496740152477	-0.1667430086737572	-1.486590849771166	0.4760610557836732	-0.5949989575143065	-0.429338689042433	-1.6542314331172976	-1.3899175031293312	-0.8313604051358086	-1.4990632139799211	0.4020329287359396	-0.5761649907665386	0.3055587270244723	-0.686523703240901	0.25101345787872636	-0.3161094975998194	0.19769983077208936	0.2694831673381131	-0.17690307609596734	0.33513867542400017	-1.1389257240304644	0.6401389112616558	1.7170220876333808	-0.12070096782513672	-0.5315052053956494	-0.3107907022298328	0.5718980365617412	-0.7033974818493152	-0.31948290007820856	-0.6792537823419124	0.327059748322542	0.6418742080439673	-0.2759474248996258	0.32619086011987986	0.6948214180610458	-0.18965354809822327	0.11307894452266204	-0.32686913150564856	0.05991683640612104	-0.5116244658527143	-0.2155139294243194	0.1909164219042364	-0.5736983345732044	0.17366484024334525	-0.297106073557343	0.5679687697739464	0.3840858275996432	0.4840590729565755	-0.21517219003993862
DTXSID4023096	15.541395833616154	-3.769935639858812	-3.3135361076419163	0.7990714008230302	-2.7171467783396204	8.322977674645152	1.7164882585273111	-1.7442898412742707	-1.7447986036064924	-4.613565015636194	0.06369271812311403	-4.32896531123476	-4.679757452231242	-6.143235411260351	-1.4892710077919389	-3.4342481563441956	-0.6032828012623552	3.731715742671798	0.030381520008545566	-1.9802091410360487	2.873006731332821	4.7339493810778315	3.5863427116183084	-1.4688627488200336	3.0496893768554734	-3.3287540071352657	0.5791154433523139	-1.6262338608282392	-0.4194081767713882	0.019927658865743	2.203756926128894	2.265408119919345	-1.231456470232503	0.263350870440851	2.452853564023134	0.5069996157264812	0.2662338993288082	-1.6304427907635564	0.8550125242007273	-0.09461280268209975	0.8334346771050903	0.8009547486082131	0.9431852574501721	-0.21441937310699474	-0.9935662970624123	-2.3364646147126593	-0.9865311186871953	0.2947314948646519	-2.273379575615969	0.11804348328205082	1.7674409357321585	-1.4008272481611854	-1.4564042347717494	-0.1661546538396271	0.38953039894696984	0.5237007193873636	0.9093999145299384	1.0081149718707603	-2.3983841559984844	-1.0255974496759854	2.1349540866334644	3.538292482897127	-0.8552338185907168	1.9323852372256272	-1.1953928924181985	-0.9662604847995973	0.40428892001107375	-0.12232409556766838	2.6717527402745267	0.7378314276118412	-1.790078121156235	-3.2387497014934112	-5.190249279925138	4.149415177403752	-3.733044612931584	-2.4915565558618016	2.7666556679872345	3.0771290219829313	0.5079658725553425	-1.0928317930382232	1.5625579495019606	-0.27703217878197905	0.008115264737950715	3.1505049608059594	-2.9956266586052704	-4.6895948910161716	-0.07358990798040092	-2.291728430419175	1.4019313284866013	-1.6524713465874754	0.997761435286232	-0.8163637740671013	0.001530136980519833	-0.2102642860566831	0.9609843264040869	-0.820270803849708	0.1626478010649228	-1.3439902990432242	-0.13064398296037122	-0.24680694497669844
DTXSID7048588	8.05257807244724	-4.348188185016913	-3.065796748101991	-0.7757589339450719	-1.0366908534967172	2.4618876477713663	3.9526476209312253	7.274354202752805	1.036560734210796	-0.5406082694426757	3.3579271345882153	0.673122162913066	-1.1878452526070327	1.4017773840142074	-1.6772595864028048	1.6846619283462994	2.347000623403878	-3.0011692104453616	0.3639398304960648	-0.5811636747068809	0.0012507835738761648	-1.4522010508357348	0.9089877392383849	-1.5763224515864345	1.7779223877944976	1.3864795653731243	1.9511137951511308	0.8989299207767762	-1.0827052688667795	-0.16324072468979886	0.9601053360603381	-0.3178773108520705	0.2708027270840016	0.7598709713317409	-0.09862863461543811	0.25291105583496487	-0.11242795265957185	-0.992092426258581	-0.3237364324849165	-0.3347541040223252	-0.735189569253807	0.08177780731647481	0.9056514090605249	0.020570361715585534	-0.540327617996662	0.3357140138864532	0.49981672705788893	-0.9373694433014383	-0.9828421359913244	-1.3173738079563693	0.4136344486347904	-0.32898837714617796	-0.8076441642496434	-0.6190686934373512	0.3449620002885008	-0.20672960520619685	-0.07979309436468017	-1.2047796875259054	2.770284232238545	-0.7592652017349739	-0.14567635570826437	-0.7207144425684849	-0.5458239548559259	0.438998058737983	0.0712822513521915	0.6664146683711182	-1.1874763413849574	0.5260657611446974	-0.4866082835593215	-0.9208731052843808	-0.4902014814432379	0.1504810623052404	0.0632724646886586	0.30044215183704687	-0.8931938853120984	-1.245910718086115	-0.19381102463968558	1.6299849535545126	0.4767719219097652	0.027832052631773508	-0.28082899539660644	-0.14447323639445792	-0.6783849874468227	-1.196399779714486	-0.2694307688313424	-0.5747491482538369	-0.09126978448461254	-0.8535537024959237	-0.02263655490765709	-0.5536946291021436	1.3266125686368084	0.8754458911329855	0.7586120229904465	-0.2393585713953231	0.58689927442353	-0.9082601877156902	-0.9632111922510994	0.4344123539956942	0.5159730177137831	-0.09175681715443756
DTXSID6044511	-0.30744037681057773	1.6193239830339028	-4.271097335840824	0.22145468851934832	3.8032187610277517	1.5865907753315678	0.3372593411997509	-2.3644493894435534	1.6289053547251426	-0.05524775673715142	2.8224089569664286	1.0682440181052182	-0.31106014168702956	1.4248276211047917	-0.6721589027775294	0.24163001630208755	0.48211458464329726	1.7078668047086625	-1.4555346924102677	1.0583450192494708	-1.0423634334394203	0.18782896561657805	0.009193199299861086	-1.0423976059999693	1.2776814498909639	-0.31231081889927553	0.5260796415108081	0.9943117320153372	-0.3835045966068317	-1.5587688043080843	0.2507353965456136	-0.4830664655610125	0.7970113047862166	1.9131996842000663	0.15326268480604519	-0.5552276926237976	0.6754315385731331	0.7239547696819452	-0.4218529620612579	-0.5281157980897114	0.23004574441487954	0.019245119971560844	-0.16210290818767403	-1.7278943824324375	0.5546667330040664	-0.27589081979279884	-0.5284567297317662	0.06376935721955748	0.12744773426514333	0.3319170644626463	-0.4626756858675949	0.004101376716972846	-0.47902520248137004	-1.3040839130830724	-0.4224157608533102	0.6803685042520651	-0.58240208107219	0.5315603524635253	-0.47815619363685086	-0.18128425358006986	0.5409651403523544	-0.6779248304581902	-0.08704736781422574	-0.9811662058360097	0.23114929453417116	0.354703376379896	-0.32453902835417126	-0.5532372313313607	-0.687134539275653	1.3440779176048734	-1.7401488970565835	0.6595952183743996	-0.010250269033015605	0.21163396191240544	-0.9366035769289738	0.5222520860826259	-1.040551597385676	0.7171388878934616	0.27905033428469744	-0.21956811445497473	0.2208866568835759	-0.6314657745217812	0.41523709105743983	-0.06864074780612166	0.25179902616490324	0.6301581235268522	-0.3839363434769185	0.2964308296650206	-0.2952475494816664	-0.260554550081044	0.557438921891496	0.8044651120039403	-0.5474505623690624	-0.02388300860354759	-0.40493393732550276	-0.4536625975087012	0.6224489567127459	-0.6190254104723891	0.373052029975808	-0.17821874289792577
DTXSID7021158	-4.418574964503254	-0.9412913668412641	-1.840956357920089	5.18013677239581	-2.152451752897026	3.9101694376376948	-1.3304847820552297	0.20645111546741024	-1.5313632688093675	-1.7772554328599992	-1.8522411746455707	2.2007074181162274	1.6010196332598616	1.8319168017838874	-0.9940986875820129	1.8703073175779588	-0.9051154620505203	-0.24591103410220858	-3.4686943849428347	-2.7805350199711145	0.029518747929075384	0.8047636006513961	1.476020632411993	-1.1235807213874343	-1.5440308218919165	-4.2657408826813565	0.8759870752576879	-1.6559135559730083	-2.8973360887280615	0.42424214290327733	-0.8264176024999716	-1.4803990977319368	3.9862768797508674	-0.500445511496376	0.32142915390014726	-4.3366600527326415	3.112409367870664	1.306316630200592	-1.0957534253793677	-1.1254898004253948	-0.6583538396042604	1.2004298155256818	-2.0701194141581625	3.1108693890446246	-3.627070254502832	-1.8620795711509524	4.646321596159224	-0.5416887791468139	1.1103613964629417	1.3962387396320495	1.4687970605869658	4.470033103703266	-1.794755112538623	-3.073727209572744	4.805539669495126	2.9099185219282835	1.8440448293157221	-0.8334301269966617	-1.7795637213612587	-2.3640285106040997	2.461745142441607	-3.7354494118046007	-2.6421935465322015	0.7076442154060741	0.3975468216238881	0.6685403279879849	2.061177676644251	-0.47868942574915113	-1.4732420603881788	-1.6579928849691052	0.04141374076295456	0.38113361103762317	-0.3441197958831726	1.2644926824395193	0.6626794448512798	0.7692011593646767	-0.198238102399377	-0.6543273161756509	-0.1816353544596316	-0.7451617853108242	0.8134227416660537	0.9338297489277901	0.4587688528758167	-0.17002046473179921	-0.5064625632683195	-0.19776188745879775	1.1816695195246216	-0.13209971207294163	0.7713477628468128	-0.46104275111421394	0.03642448275375451	0.12837651654128368	0.39909371245299713	-0.37934376225694566	0.36392656042027177	-0.28165326791055484	-0.4579099622219534	-0.04496180635607835	0.4697672397092655	0.21121471874666561
DTXSID7045780	1.1821031574918794	-2.2836164923411433	-4.824887381975876	8.169587985723986	5.481641067170421	-0.20308853663422166	-1.2597608833966147	3.073903732747264	-1.426470413180466	-7.1021211012307	-3.3272040639004494	-4.445695922557967	0.49412819235487326	8.895087524295192	2.6429883138320207	-0.18104254517727475	-2.8325092053077614	0.4144060248873323	3.8011710838626254	-0.4666440982906124	1.033439919085778	-0.2090002382224353	1.1914538464585473	-2.681231412143081	-1.2281679420490654	0.11722978164480055	-0.3766105811676822	0.5594082909151377	-0.09428760293292389	-0.3215266164116722	0.46671907452113176	-0.5301326980408414	-0.29947591420315206	0.7857953210703701	-0.4748918576436046	2.1109166908152077	-0.010625647231425164	1.7413224912639618	-0.18071602382368374	0.23257691055246857	0.4368372812469086	1.4286909682403592	-0.5052157612566414	-1.7165700626323395	0.35483153246770854	-0.6870662618395117	-0.35901788697327086	-1.0698077952488734	-0.004903056269083121	0.14591366476179052	-1.4411597265388574	-0.4519095640683373	0.2505044783451497	-0.5743981577474814	-1.9190882188566367	-0.02818653884835479	0.032818503897760136	-0.542671435298314	-0.3680198623413062	-0.34351056406088026	-0.9730217573862233	-1.0513799426449997	-0.33429657524347134	1.0984379662275998	-0.07110369337307053	-1.0012482791592856	1.3052253047046034	0.10236092224238341	0.8463325847331999	2.185210107593033	-0.18594180757740938	-0.31827704375630583	-0.36675899195668565	-1.0393071819534059	0.5752920206946249	0.9724438761856882	-0.49530389982150264	1.0707711490707363	-0.6600227002308469	-0.0341273046736838	0.7271808822505565	-0.47904993580054406	-0.4046788625900119	1.2907436497029101	-0.5398620284731895	-1.7268326163682897	0.2952783536566594	2.4537464317198485	0.01656228092755325	-0.5106949979678276	1.0586478605789904	-0.4760543396952541	0.5212874422535789	0.43821552566292543	-0.5910666754225644	-0.5564187156177844	0.5866182259026178	-0.44674844459937074	0.39298461162551585	2.115546263969076
DTXSID1041188	-5.245189294559466	0.6138604908259858	0.040079755701366244	0.9518466494595285	-1.3141978714096492	0.08678677639436584	0.9971519750362156	-1.0889335939426161	3.0896996740034135	0.301090897802117	-1.8302271745751655	-1.126295942344792	1.5243341407537085	-0.08436737371925872	0.5032369587826515	0.14722050540178871	-0.2569289355084249	0.43821889808314257	-0.33817984002320306	0.48206386895340225	-0.1337011207065495	0.1374614017206307	-0.4432521538428513	-0.023878911381294495	-0.15360712545522337	0.19178943968643067	0.14277086258435973	0.5158623166631234	-0.5532149801957813	0.5296438502114621	0.24510390316982567	0.6066588116350482	-0.11185277431813417	0.039428631187079545	-0.33119205119921724	0.4366658158594887	0.518769417635115	0.614597206377003	0.06801463030455446	-0.17950819645176666	-0.17828867744405488	0.11272731115571671	-0.6282243807145068	-0.12760723051810666	-0.1268592609437205	-0.0006639417102151356	0.24089179464592422	0.07816276672408713	0.14008655090375344	0.1779337913624533	0.0552634717045188	-0.32222955002910764	-0.49290494990833034	0.15242654516743112	-0.4048338997197706	-0.8390419035768523	-0.5990157085498	0.04461889990033437	0.033431649836652505	-0.37313452065198344	1.1342492911069881	-0.8799535949463397	-0.15985690168865946	-0.026986459484339788	-0.31299061450457877	0.1802738666088786	-0.14688568829913148	-0.12786107088620352	0.5181080195705721	-0.37681750105458145	-0.011601322785755507	0.2626666703812895	-0.3087898093682741	0.33701935026155344	-0.014613827180641643	-0.1899772870218765	0.33656282500508705	-0.135488014278126	-0.5315666316856363	0.4321755031655211	0.05082639952294532	-0.9220204219787762	-0.00641861798180541	-0.2912597493918762	0.37560389968175995	-0.1307347910480339	0.49664791576416784	-0.03676834763168375	0.6900500157165154	-0.5726957746566566	-0.06268841141236699	0.0387710322596775	-0.22516092815677438	0.06565367945517993	0.4493828386337416	-0.2967459095951647	-0.10381148808491482	-0.2520967906074349	-0.17934680474812528	-0.3938559231027049
DTXSID2025210	4.199825338787091	-3.890428326290246	4.879189852775028	4.541224182494517	-0.742782818433616	1.5198659135605996	-1.5185987236753928	-0.8343877571672684	0.5645165880909131	0.9748071199392834	1.8996221237721023	0.05540225892764606	1.4459635994151594	0.7680290071797755	-1.4895987641881316	2.3726398460855953	0.7539928642748757	1.2779732977409526	-1.1456187507274065	-0.5881439112496987	0.06243810321573407	-0.7595212368620866	0.009927525813999668	-1.0102435539319008	2.2069547737082105	0.35494567696168605	0.8901396650225564	1.4281430702166553	0.006873147162087969	0.8807515834437828	-1.2567648682097972	0.6675435590800863	-0.6965201241612726	0.45272635653629784	0.06702489287572484	0.5573927764734138	0.47014812186600874	-0.21428126337048373	0.05228400341074519	1.3547881508352018	0.15033172545070592	1.4557812082385575	0.7499980637158634	-0.15393299681670689	-0.28808870298909084	0.1341938892178806	1.550784859065412	0.9213641857132139	-0.5694796501238553	-1.3391957045285034	-0.6352477558760488	1.363820578640093	1.4508687301476397	-0.24978654703429523	-0.018373362526202554	0.6657012210712604	0.32711975966961976	-0.4475845860014948	1.101378303089092	0.5978664826298458	-0.5810931005430118	1.2685739845880595	-0.42207527265109374	-0.10410586322973298	-1.071936112310303	-1.5105897062053755	0.39910416172296065	0.26529142242943565	-0.06214022149670999	-0.6382060019346433	1.350947558931581	-0.24799029249753798	-0.7707723099072511	0.2614800959746454	-1.73581964983097	-1.0759935299393193	-0.6684440574464889	-1.3480472940035242	-2.17285175484509	0.14300794477922343	0.25707837226360236	0.43636115090865724	0.24878598610514516	0.29790582361446455	-1.0032629978703311	-0.010579871395142928	1.6091644422454803	-0.9088673862888529	-0.11056214524060437	0.6860117914822496	-0.5987461175432315	0.6629849711689374	0.3280016218950033	-0.7306524894657136	0.8299055670263592	0.30949062357467133	-1.2671895488304565	-0.2877902374080925	0.4700637168676732	-0.09742913408784674
DTXSID5046223	-0.9925772072237169	-3.819060109886368	2.8858362849943897	1.1652933134862742	-0.5125522438497182	3.586622721575695	-2.0288612569454085	5.824011717589901	2.3425441946104426	-0.29667800005674777	1.0515894413927211	3.082484347977671	-1.141125634172473	1.5776674141861422	-0.5508839052055181	0.9101260368108367	-0.43595963279499533	-1.020748942758679	0.27384150619006586	0.003301968242832611	0.4366743250830621	1.1581558309635949	-0.15098946561405682	1.5523855965101268	-0.22250356820709088	-0.5502302916611709	-0.5147351996311785	2.594028703951117	2.2463267447581883	0.1327407144450964	1.7423838422116595	-0.12560382950797966	1.1227590142295008	-2.090779793127349	0.3003505682652203	-1.8813031513187584	0.29887460909419955	1.7433421166122474	1.0695555470075815	0.5113920336384647	-0.35869709331364746	0.2503462136959991	-0.2596474015622842	-1.198577267175767	-0.37142912490204466	-0.9050099286141127	-0.3902629693881509	1.6412514851326083	0.32091853730828473	-1.469619601218386	0.5862087061832558	-0.6649730769762147	1.024541654519988	0.056471729476130106	-0.07364402496990745	0.33008350944492415	-0.9730723929074518	-0.8151255070957396	0.10580494903773086	0.37163858080162965	-0.9554843501549373	0.5272892194283505	0.0916390891679748	-0.6626765152676551	-0.5255439470674791	0.3895399621879561	-0.2703777302479149	-0.279358343948382	-0.2871025558690177	0.11832740766481814	-0.08399802088643314	-0.23722413662395492	-0.31875203318309686	-0.23177398538713356	0.6630263744590722	-0.19511286428405633	-1.2241020178957696	0.8873596922238568	0.34036986965294086	-0.3387660763861426	-0.38214048662586003	-0.14202372353866505	0.4885910990726134	0.7680632449879519	-0.7024837471323111	0.30534579511876575	0.1761719442059585	0.1026631170634347	-0.41513022373133546	-0.22402129834548093	-0.24101286272973632	-0.028668775907600468	0.021000078720527705	0.14142648094811894	-0.0983625150602277	-0.24913629584380598	-0.0036379022171668415	-0.36334916872913503	0.20408689776307712	-0.3218321438691779
DTXSID9021219	3.8993933766961777	-6.239437492050031	5.059501526733103	11.760294215497671	1.3962606134265265	-6.353842840388262	1.756650097335496	0.4355220038985212	-2.733347863220156	-1.6177281125988756	1.7736613647862578	-1.8876376788462708	-3.9167568939584267	-2.399623136823749	-0.2712948683281416	1.831330775752016	0.9035850490421655	-1.7365788547874332	-2.1363440301347443	0.26100029282355364	-1.0656413833449683	-0.7387794190964129	-1.6969465757595432	-0.825899506320859	3.0318912629406083	-0.3215294901506011	2.5150285099179515	-0.445871089546943	-1.956100327372474	-0.8341231521342863	-1.3186017289653378	0.6657221168742564	1.0548073817658121	-1.0556861963768003	-1.7097834526604703	0.2138541688088129	-0.6728209814313254	-0.7439206283494394	0.7520298546753379	-0.27298100235479256	-1.1686693872925762	0.0209910933696752	1.3253847647082244	-0.3178327624681949	-0.9256745035237667	-0.5125098995518036	-0.024550409823701453	0.5862169491837541	0.8347052417394094	0.3369542008474233	0.7875541526648119	0.5346172559089908	0.3022150828444425	0.42957668809798155	-0.5063464856069713	-1.8664190662422802	-0.0802614729750556	-1.5646860290164295	1.5171609089506464	0.095719443667352	0.6421143103480412	-0.8342732365331124	-0.9656445488694333	-1.0303040253728004	-0.22814608477065887	0.27233435143473395	-0.40501560592794533	0.0711668243892621	1.0175043255550351	-0.21550480199892644	1.087991852437223	-0.7444802879724086	-0.3706015672996231	-0.34700163292665265	0.6250543465937564	-0.3830603230183946	-0.2968613455975171	-0.0009234709540141429	0.40887380673714463	1.0102021279597222	0.02641646425346655	-0.3226566810872014	-0.5012546454575684	0.26230986166709364	0.7725569654753408	-0.746956109129285	0.4054390784912862	-0.07370605568684027	-0.13590590933846045	-0.5829813513589414	-0.4546647595269027	0.5861102277830749	-0.511329176623625	0.6687745081430834	-0.132588390316719	0.38520606184485234	-0.6900022110685146	0.19025366751227704	-0.9252438205069979	-0.593779636308308
DTXSID7038317	-5.76446496549337	-1.5082494352251263	-2.670870504833522	-1.3859727828421873	-2.5392963731209015	-4.322862445080635	0.06108415313453623	0.48606897200346394	-2.571577517410609	1.3124772957764046	-1.1989617647955655	-0.4796017513880876	0.09430878541888779	1.7077805669523962	-1.1390106875466814	1.242849601233818	0.9797910888252181	0.8777620044740019	0.5491599433939147	0.19352879847882296	0.9477303399432617	0.3113326692702035	-1.757321781313473	-1.264537770075692	1.2375984785248524	1.4609516720455038	2.826201218375814	-0.5682007819336561	-0.5696894278073398	-0.9267664102677472	-0.36519317956975894	1.1365219311550314	0.14056365393267123	-1.6234354891715448	-0.3267047847696258	-0.12300933260657144	-0.8586309257121897	0.392203189676468	0.36489846057507846	0.2672396752318954	1.3347660779439103	0.12958137465010183	-1.7411005628586778	2.314127930107525	-0.3739325695244827	0.9507512199359247	-1.1530002625957385	2.802152113954441	2.366569315532292	0.4672438558535152	0.41195379789089903	0.3008532549543585	-1.7537726240963247	-0.6303609784960463	-0.45728728407180064	0.24017194999035651	1.5332256327651281	0.8050847607626096	-1.431799056328472	0.7288370447120192	-0.38748753971693944	0.8621724779518068	-0.08773850826148544	-0.20655908794977668	-0.06282042102520775	0.3032044285087135	-0.5217679131715784	0.2623512318358589	0.38381560844769946	-0.08544498929313955	0.5417326886674038	0.01203353220370006	-0.4197288258479483	-0.1821834934919568	0.09999253613784866	0.042483030264221726	-0.495737238768691	-0.10989877929122313	0.028159754819585842	-0.36306405410538883	-0.1758148380186562	0.10082883574342302	-0.09045982502604585	-0.11140384023746928	-0.661999118838553	0.052798920818784525	-0.21600303298470533	0.4292960928753997	-0.6326363516493151	0.06209605689121083	-0.41110499143455204	-0.45281680142817476	0.27738806406445654	0.44832766929016166	0.08828929973141737	-0.07330839786467863	0.030885119221461352	0.08132177219733765	-0.18039017057526116	-0.2443021253228567
DTXSID8020919	-4.223102379047396	-1.3550192661223412	2.0427242732167152	0.23170061305937428	-0.4713106542348628	1.5307853741880266	-1.4798733104238162	2.5009201349891264	-1.3553889284952616	0.6009071158809285	-0.2996784371451547	-0.5130110441148065	2.2026170620951837	-0.07098111076137102	0.7275388632595899	-0.5579644853432523	-0.2262152768376784	0.9570490259860083	0.1610933578768031	0.78338112638206	-0.22992544409157087	0.6997286955744364	-0.12738031759442292	-0.47104267138650663	0.16786918496186265	0.6023922104667766	-0.4070031126396727	0.09351556201136672	-0.6919527571704227	1.1051860757049219	-0.9115470938982164	-0.4516954851548756	0.43992059425266344	-0.36327398711875636	-0.693474700864999	0.37701702358375005	0.27923839781721277	0.9324208368884392	0.29848274803142005	0.3839646192463414	-0.3523373532421815	-0.8733062470238557	-0.4809478819012577	-0.6219973426753549	-0.2838868912659844	-0.16206190491485858	-0.09382688409549943	-0.38487542935902136	0.5079542091001477	-0.587426956979582	0.4683879403884986	-0.7319257918385833	-0.04776802927287182	0.8515872330510952	0.43643365778451143	-0.11609331951135711	-0.2807740900937515	-0.7106630776861828	0.0018686049491691283	-0.006258163938940418	-0.442335757359181	-0.4089956307672102	0.4144479535590954	0.7266561942226637	-0.2914134214441311	0.35680372909091823	0.26521239531990354	-0.3110720169087136	-0.20097819019182112	-0.30914705972751927	0.572550843579133	0.08282676486506514	0.2259094755572494	0.1044485322089384	0.18519242694396207	-0.21532269317315283	0.42551575049080465	-0.6895481797499401	0.43291208965703754	0.1421805606887798	0.354412215042268	-0.6506996954622616	-0.006432257221063405	0.49389436278456716	-0.8714110097604103	-0.2562830529639771	0.1340305485852088	0.5745770106848651	0.03609326582308032	-0.23559600766472338	0.3443371170747732	-0.054164931500619413	0.20562820256704373	0.03805723759701843	-0.414201569278468	-0.11101703498672674	-0.07081404600608177	0.25906549538483614	-0.9666453589985446	-0.031103562033708586
DTXSID5046518	-3.471284559655428	-0.7740169992468379	-5.807855442466307	2.3434278818681706	1.0445843689692114	-0.9132196713827592	-2.4258861682385766	-1.4946353016710079	-0.22167785417073727	0.3555625438497705	0.09134688538935039	0.44847419125279675	2.1894778458578426	-0.9399610536888001	-0.34376251917001266	-2.5173785219475193	-1.5917167085180375	-2.1443308156706506	0.4041161089627769	1.288856738343492	-0.7733216573509987	0.3478647743243641	-0.053364583477538634	0.12206119291180628	0.5821482172802185	-0.9762920061699083	-0.7077613640253316	0.7587849533091862	0.11121854241375047	-2.161911980411897	-1.35952516841333	0.25089303909486854	-1.201735803090384	-0.4290402187214842	1.736756841181079	-0.04983825951330053	-0.5715989376993668	0.20587983949326052	-0.5199560341193046	-0.9071975649523513	-0.0977167670084725	0.24570796114373503	0.02928339036015939	-1.0767594854975895	-0.7248036536685658	0.17331478354390395	0.6359000928935082	0.6475973756048325	-0.26136731735206087	0.4536917423099638	-0.5248234141987681	0.9387048726138868	0.557180611808758	-0.5912759968584905	0.040151598958405775	-0.2318832718392121	0.5276996377526918	0.6404732092127005	-0.8293645966279808	-0.19726433071619795	0.21350724021985001	-0.32777932562873696	0.07449709302124916	-0.12360816788805407	0.8953747250363882	0.19059491298532838	-2.2545674889195393	-2.121649990177022	0.8578393958933536	0.6250178231883673	-1.5860619299563383	0.5873484390593641	0.035818026431561775	-0.6429275703373596	-1.2202614267644498	-0.20123276374599247	-0.18841674696611294	-0.5079759558498878	1.406319224297626	0.8679776628722323	-0.019158786276095695	-1.8048418411158587	-3.0185328555483437	-0.7806325915963905	-0.47650230731301396	0.865196722832203	-0.7957309635064984	-0.4685541075546297	1.5164133263674033	0.9586830966395333	-2.90199420752316	-0.903489642707063	-0.4571768488474901	-0.02076378044451134	0.6831026134976595	-1.1661486655878783	-1.560671049874373	1.160738372440803	-0.09463658380173913	-1.7549270707709794
DTXSID3049334	-5.343081882740022	2.882793293591155	-3.889328840917175	2.635811988095813	-0.0826255885575415	-0.6736459906479254	1.004225496538433	-1.33932848516937	1.097467376154575	-1.1706799146964018	1.2739959010917934	1.5772886094483494	1.5292516749218186	1.0127047036218844	-0.3904777080300793	-0.6141100537880054	0.2850377827694957	0.4399259445774213	0.3026445319707157	0.06812161679646625	-1.225859000629227	1.8849110265643667	0.1021806748387727	0.6445363541196394	-0.14932817570339357	-0.005136785282404706	-1.115328804459651	-1.0961112315362256	-0.7335487407054427	-0.20288237393922076	0.27233608793728725	-0.48336034218239227	0.21559236168843104	-0.1876521004429328	-0.0684452464460845	-0.17858572870548037	0.3457495846745022	0.5569786711810971	0.40440214708298666	-1.0558064052516223	0.2940558888547642	-1.3004835624457365	-0.3579756022721634	-0.42539296885271544	0.5051559158091052	-0.20798292918294004	-0.9921533242909231	0.3041400857538611	0.6462624050843132	0.08024947816045597	-0.3442876311883476	-0.09472368286261947	-0.2201731154578843	-0.3179166156281499	-0.6754599326362484	-0.32788085426434316	-0.6194621053971394	-0.09999211355686498	-0.026133421780435286	0.46716514336234505	-0.3548653074818701	0.007830725809001677	0.46355500470955774	-0.03719539920025937	0.36818930878940537	0.3350366988922792	-0.23056808326051956	-0.5276268467550881	0.847679622776332	1.0439033771502932	-0.5806246074698102	-0.7957682112642708	0.7622008442421361	-0.116301658430062	-0.23320139058609873	-0.269950350098088	-0.4865465913911005	-0.1943989642101197	-0.1309122792843582	0.08898299189241853	-0.05604395127798241	-0.38507059969854046	0.4560169304311962	-0.15679319044600032	-0.4306163557331563	0.12481821096521142	-0.3553869260826462	0.16099704340342116	-0.5933473104805387	0.26747922904909666	0.5419489401096744	0.5535333704437455	-0.060040679866690407	0.17301049089529433	-0.3535244180088284	0.36785751597251204	-0.1283640065797338	0.4120735239966511	-0.2462347028713501	-0.054745078217046904
DTXSID8022901	15.273546984905552	8.2569449254688	-2.173123525181498	5.984286115260968	-3.6911966772943807	-1.865457210794431	-5.533103057668628	-2.014825983941783	1.037917714686155	-0.7140603508217949	0.2614849999703918	1.5584403721982687	4.7260196005549995	-0.1102233984191369	-3.8342193661656134	1.1767687787003607	1.1676701616909453	-0.24755933713436923	-1.1275445932692665	-0.7115626617500689	-1.1949742906317005	0.4839245058820752	0.4966944878709105	0.04406379586611533	1.1960424181119746	2.7504224221051725	0.5825908834331565	2.3999307459724157	0.0967531969276071	1.5721887584650605	-0.16234036927394874	-0.14208975355996933	-1.978862114527693	-0.026861532413761376	1.0659338259910702	3.3916467858242543	-0.8729619504194923	-0.8665305135297792	1.243829764445897	-0.7979277750860645	-0.4911406622831049	0.3317331352766891	0.9078894231087368	-0.8353500723630972	2.1110159077951125	0.4240027384326895	0.23730118016288723	-2.029686850732455	2.2006830145619745	0.5122267770993331	2.862593079681835	0.32313284218429383	0.036084593545297	-0.3234902438592799	0.3665827543031588	1.8140023976329596	-1.9746144653620463	2.295656620283152	-0.10050122877831588	-2.1367660115316975	0.7169880504055088	-0.32172500062182935	0.6774463656697496	-0.6799902453150013	-0.9414702062420292	-0.5386709806440304	-0.7107717261758314	0.9548994172590309	0.4585368210805945	-1.3709087978841814	-0.49669212302777094	0.4710312775370098	-0.47449729139550945	1.2131177742258095	1.129627909300488	1.2784874982519525	-2.7281255058592415	3.13331334465073	0.8815024691639397	-0.7630488001963532	1.7704886905266943	1.9125006677353094	0.15177524770050949	0.5675640257122064	-0.3614867925407251	0.5400876028863003	2.1204705234654107	0.4522127503243812	0.6238054965971249	-0.37928453954761393	-1.02235563913826	-0.15406926595939613	-0.053489768376907214	-0.20183010344300278	0.2684731253218808	-1.184055120447123	0.29115275714902417	0.23674313638984384	-0.8615335802181959	-0.39367198555664074
DTXSID8022408	4.056528363117632	-4.174334066131297	5.545088819003526	2.318709920186934	-0.16206273571434043	-2.2193786442091814	0.7013788794351014	-1.905577014739253	-0.4701630518563568	0.05227333454604153	0.03997854875390796	-0.9431367340448976	-2.2895376537617604	-3.0001675340407883	-0.9345623014725858	0.0424940316916655	-1.2421868773316043	-0.5916470110858002	-0.7009382933365741	0.8066132845449474	-0.5556263305966282	0.6051019157190628	0.5864587517327614	-0.6917683692579379	0.4630810433218183	-0.19316812021891092	-0.7816657806592299	0.47126977181039853	1.0956161618982962	1.3649434497608548	-0.32714354781878247	-0.7005869198068316	0.21614250049011507	0.19857662707489382	0.4748045183180019	-0.3119224890426327	0.5427471964283647	0.3090063252819454	0.01290491255837998	0.32819982368966855	0.30121584759128045	0.8075791615125772	0.26439440426218924	-0.07250858556599811	-0.2970897827894767	0.3923573801424965	0.522533552692168	-0.20861325406508482	0.3242941095184639	-0.10938597877216044	-0.43775720395072665	-0.2473997882827483	1.8956866625279103	-0.4175903396371434	0.9561193967630512	0.9180796739854346	-0.24481280375697792	1.603036942588739	-0.567910120562146	0.4366157397912601	0.08143797029969525	1.5569954596503668	-0.6559334359478921	0.488040006401169	-0.9836885561941232	-0.5748532903279963	1.016495093809217	0.7181454883301498	-0.17498995281287205	0.359734765773875	0.6630283729052964	0.5111219412451641	0.6129958573571178	0.560090287167841	-1.4450167093153814	0.03589841142727878	1.239769836700595	0.3928055669994113	0.7138750490955486	-0.5440977382483893	-0.2407190298112681	0.6854150597204554	-0.0004387354472953737	-0.9420363857572153	0.02891097403596812	-0.4637989978763833	-0.1885339745947607	0.9042947514508671	-0.21314690905702735	0.6528470564534185	0.5446934913583185	-0.8833781470651183	0.21932884654905135	0.6963903344388471	0.7801054706372963	-0.5036523202426557	-1.0551565836490078	0.7798802872084342	-1.0290021236548523	0.4006365803859537
DTXSID3052309	-8.117839617788086	0.8089680373779508	-2.029775753377931	-0.9401545755542711	-3.068030799256571	-2.2897409197408773	1.7872726752310235	0.31229601935305296	-0.2531876899475619	0.22740908221562106	-0.8455101083796179	-0.5155230709965334	2.027281930108247	1.043967362312432	-0.25791621817800503	0.21249375488872055	0.12887267237218325	0.4971665485569541	1.7165102630857723	-0.050215166286386975	0.7105192579560371	1.0401609469383934	-1.4439886119265857	-0.7800810667444323	1.9087290109820345	1.525439470674245	1.8495474001972931	0.1299815646426424	-0.014109043003872968	0.11067079433600878	-0.3629328295282456	0.928607751114769	0.35519028303197436	-0.8648153751338454	0.010176988965339407	-0.1330923670776193	0.1747947998793434	0.8732143163800916	-0.5010834807509741	0.2704698873196362	0.8448655288449259	0.12819680567228403	-2.1926398441697224	2.456848497539289	-0.2776665364794216	1.2968574075348382	-1.0461675465865599	2.8797285529369	1.4725659475916963	0.32386156228935786	0.6804224351701709	0.036950916212732075	-0.8348908410086654	-2.2190295506478663	-1.8091782557726637	1.5044284728970718	0.5902922468901161	1.2569953723499518	-1.2594653377072351	1.0667414437554312	-0.5838144808820379	0.3691223726067979	-0.6531531770657937	0.8293966473705888	-0.13588839292550708	-0.6643485774581454	-0.809791369193031	0.31188285197999116	0.49616545606077317	0.6444510218877784	0.07439668148672272	0.8892378198109891	-0.22025638350140425	-0.03817126245538112	-0.2902942781464954	-0.4693505521359559	-0.15928776378171955	0.45386257188050333	0.2392135848041814	-0.38418679903723735	-0.05980762665800601	-0.21279967190543947	0.08529665440706138	-0.08453084794851398	-0.3733822964960043	0.08261090563312863	0.1370046134399812	0.08116386711519018	0.3424729020830455	-0.09777762075736832	-0.041909774741852486	-0.17421655645781475	-0.20478904190584105	0.1882821433710724	-0.08588361611377898	-0.14978308045224964	0.3569446429949437	-0.33908945696432846	-0.17636678380720053	0.1596505172723893
DTXSID6041638	-6.136881804847453	2.0088331760372915	0.6782890737280128	0.6103927276506377	0.13947687701249784	-0.012893928169112948	0.4744469823619132	-0.25080559523025303	0.00880370756014706	-0.39801934112806836	-0.8184643441496939	0.7314616980154152	1.8224807413184723	-0.3107985528278262	-0.4998233306255619	-0.3938712523115152	-0.09193225151912532	0.28257774180286366	0.1137515757278831	-0.7915142833719818	-0.757595460902614	1.276261418650706	0.1024876134879041	0.6362121104043006	-0.22567642719388942	0.44941710821527425	-0.7656349278371843	-0.4760481596632933	-0.35608145842121985	-0.06032231338639774	0.5903629080107641	-0.33828876788216994	-0.0029547620253707616	0.1939124408648772	0.05238327410132205	0.16244870075319662	-0.4368530342725793	1.0445080359123424	-0.4777524727421545	-0.30551760689070523	0.4329982546667293	-0.4422093287151528	-0.7812246130679632	0.11695577512194458	0.6097204319625514	0.6260078316681732	-0.7017986760685383	-0.08162012648403093	0.6668046635696447	0.023786456615351968	-0.22337837851677556	-0.5090650143310818	-0.47548004336748284	0.18954251149898052	-0.18921194281707143	-0.2928536368250527	-0.5185556265447514	0.4019995974446331	0.23595346217007596	0.26409777846300236	0.25354828383685885	-0.08963449332463364	0.4299148507173333	-0.07789329725505227	0.3171733062527079	0.3857588036888401	0.7402351117277908	-0.475847849749961	0.7938656350008861	-0.08032614647278229	0.039673122288120394	-0.5671761286518996	0.42218973695662965	0.33290535866694687	-0.5304396625587103	0.8239414159434928	0.5906719354614315	-0.9707432001966892	-0.3420276849762051	-0.09395173050114601	-0.08857729695917907	-0.6737654889938287	0.2528763231002626	-0.27674269999385287	-0.018180260058720515	-0.21907722450751518	-0.38381481328617095	0.3653480441795969	0.2525807617325656	0.07753429850997558	0.42769448823147244	0.47627844430792565	0.19946574950786622	0.407353396219655	-0.060736582697368556	0.45650433934100454	-0.23649525663638557	0.23096567927127198	0.33456127263617136	0.29505934051818505
DTXSID7021607	-6.417824441977761	2.8622670824389944	-2.6065114298358076	2.3825238963234865	2.2674742654054416	-0.25226812199042553	0.5913991769947755	-1.4710035731192936	-0.1634110838356357	-3.413396819072818	-1.809216475652723	-1.4557553567903567	0.5219123047138545	4.443249811799953	0.17187261444330895	-1.2006433264412693	-0.9923646796086554	-0.17175727906813681	3.172844555510862	0.3711589359100274	0.3427555648147056	0.02828458859999897	0.07647347771595948	-0.7489220269711802	-0.44513467437157156	0.3263324435021721	0.10357563255927389	0.5287894477700121	-0.4678497250038195	-0.4856058101597222	0.7685787907089152	-0.2803119376724161	-0.5245123496103732	0.10024938055387826	-0.13531163723760797	0.7080938833492465	0.17812385088936564	1.658884591019955	-0.6491108145754777	0.23560662315536793	0.17510330708582517	0.30797052447537104	-0.5081257222983617	-0.678729735667489	0.31478201564008723	-0.4109654507027052	-0.17519879476206116	-0.5577220768051431	0.05808423594013175	-0.6622715964961081	-1.0082142538408378	-0.807401694711852	-0.06822821566659697	-0.6000125053541118	-0.8096276699604796	0.5618932068790794	0.1989230977709832	-0.7369928391574593	-0.6829720928979129	0.021656542211354504	-0.024518924470368388	-0.8808836812868376	0.1798709964855181	0.4694481624037577	0.11288709775459015	0.1590400817958789	-0.8735082982696603	-0.05618946648055926	0.7314480404834445	-0.06805525650737969	-0.13701289251250537	-0.7258037221861471	-0.08105944468678185	-0.021607242318962435	-0.08724627302729186	0.5006342691458624	0.33662091891192736	0.19013978830499606	-0.13805480247118834	-0.020382158820375803	0.21792403755039236	-0.10482453396010774	0.5688078588307046	-0.0881960484924532	0.18715944349663396	0.2377322863042658	0.30578292623812925	0.25431244681707543	-0.5026534646687504	0.03685405299438934	0.33929639259191435	0.4036367854379548	0.15876280509052396	0.27430861273221663	0.15528916828308126	0.12598339229818592	0.04659351759700057	-0.18459933995514569	0.048615720097456704	0.14932880603036772
DTXSID0034855	5.610498482197475	-4.594032226117962	-1.4594859763608456	-1.554978606887696	-0.4580731849124463	-1.3277691183737892	-0.47616598793957776	-1.8012172288146808	2.149162310763877	-2.3934886722912263	2.3165750541760004	3.323069483561226	-1.7965829391784227	-0.4639169756764035	0.6373764630135039	-0.32325886861950903	0.47314627425461003	-1.7394613615123165	0.9324203407313897	1.1653117460267723	0.021000671695138536	0.5052170594927744	-2.1354005150012942	-0.9234024636387878	2.3676092064796785	2.6132040120940934	2.1975947607231854	0.5587256097471293	-1.659870832769038	0.24578653334367642	-1.130304608248772	0.06575138841964054	0.8923693942190088	0.3396844323311301	0.27376198957015074	0.3499769675718391	1.1453233280717765	0.38581301687437936	0.3326782413992039	0.13133158766283257	0.906973094249866	1.2393122107945451	-1.8890362478823002	1.4847326833138144	-0.21043751563245605	1.7077840967636055	-1.5518083930883486	2.6558553285714233	1.8952338291016089	-0.2509677469881803	0.012645261922255218	0.8647363126155588	-2.0516877659681962	-3.2976749275298602	-1.5326394970767578	1.7466499639400175	0.7120777668579656	1.4268745994680654	-1.5847938841325728	1.0568263158316569	0.3959705743712614	1.960768981934263	-1.0662725958561188	0.4125477585329702	-0.494254181263009	0.17213974339557664	-1.6600888484599956	0.25445836596303095	0.8726069716557623	0.17806839241741618	-0.9091315236084663	0.24776949440907747	0.7523056900997073	-0.7782598914985837	-0.291532834996248	-0.7900471355541256	-0.9368806789164894	-0.22467992693613814	0.5066783390152092	-0.5001066061859544	-0.3984400755658304	0.20393502833827576	0.2048152302267508	-0.09525958232493496	-0.3724365786976431	0.2210177002967623	0.06149402632935397	-0.24105188329313088	-0.4625181247405746	-0.21214591028416546	0.17591998701938993	0.3225453166815629	-0.1253370179264827	-0.3662493871773545	0.3281458966739567	-0.025036198716683555	0.49027611379593894	0.2157860108218934	-0.20856038986602116	0.29850623416612965
DTXSID5032315	-0.9663812853067635	1.1390575532214213	-2.8135461054204174	-3.866651439109145	1.201594244711939	-1.7869801259181834	0.6367468857112238	-0.5847136860610471	-0.16349886793285012	0.2284126374248811	-2.306099630336398	-0.40317227827060714	-1.4059528273752042	0.0923360136579911	-0.9481635681158755	0.44335516325970664	1.386335530005298	2.0429549969344465	0.8895764426247892	-0.3707581680470415	0.4370686777194257	-0.0014501520397338559	-1.0592251614752437	-0.5784199879805462	0.6311056192655037	-0.3175008945898457	-0.026498031365505107	-0.11863779634647147	0.275149495300135	-0.7699964758622001	-0.1086780282409189	-0.774991243019814	0.6451634021117808	-1.341488080435373	0.2796020335735304	0.44561013856907983	-0.6549259033973361	-0.46837647563615786	-0.9125641176127113	0.8484543756098937	0.11327524611095108	-0.11947418446866995	-0.16936384540685356	1.373620236034173	-0.3249235570920019	-0.22468124273881246	0.5000772946378003	-1.0666577354112388	0.1761896727440841	-0.8823593278550871	-0.29270529160429926	-0.08674644386161674	1.0719364051514069	0.9945885219772524	0.9548910208289076	0.2592855807472	-0.21173255676778344	-0.19749898537152077	-0.5377618478378188	0.5287759593711887	-0.2610139556394834	-0.25272446960795	-0.5864021597638591	-0.9152632112029541	0.45504062906551973	-1.0697066570774219	-0.1487696357344658	0.4436396386464185	-0.06311898470610644	-0.6937834936307801	0.9395237169027156	-0.44401085155194386	-0.4727857210692563	0.0414325498087854	-0.6494521460440972	0.9337481425328312	0.3543070216041237	0.12112238037957722	0.31950314362200083	0.4514998431490907	0.10345664036985586	-0.331207442312236	-0.08482044827995107	0.5659142560545339	-0.06713762788914993	0.5687070356406968	0.5664895961954722	0.48963158328963513	-0.5326202261778779	-0.05333629054012852	0.06185699096070606	-0.21258646818853175	-1.5640087521527848	-0.17686515516299367	-0.21925200426689218	0.0499761553421652	0.07821705504764533	0.14552403245838663	-0.44025647118679806	-0.2951877520264823
DTXSID9061881	1.1920860930269346	-6.64709235026303	-7.942094053973441	0.22449034451203026	-2.0842244623313455	-0.9516681117920525	-8.352795222084326	-8.58779902349211	-2.090907297351984	-2.951865230270354	-8.21038826264583	13.18170510941906	-3.7565062492972117	-2.989086899667085	2.3733861915124534	-3.8587517407243497	-2.029415687523625	-6.241801192942023	-0.09609827095194107	3.6415925465919847	-3.3296607294811547	-0.9897537687620122	-3.752856410616634	2.02077261212154	-1.4409171346991887	5.965176242141685	2.0683839237787867	2.336670199883019	-4.525469952969074	-2.171787444548703	0.019784406633867817	-0.45070449070628904	-2.6918314331955924	1.42988075999718	-1.2696362214533834	0.6875027900531718	2.3967541974465583	1.1251126091018908	-1.5423022814223315	2.4013345133644934	-2.8301681701005816	1.8945591463521432	0.321203857016965	-0.7717934129740762	0.39077620332115887	0.45903519109176405	-0.9342499928946432	0.8127169924577169	0.843737756915877	-1.2798517501604194	-2.6747944509735317	-1.4318436716409702	2.567904887908611	0.540039473231788	1.6363045260172386	-0.8305886061098186	-0.40889438967574987	2.276845881436914	-0.784453103498844	-0.0910536450260604	0.06048015990108231	-0.8556238295749501	-1.3608337513931241	0.9573809448100755	-0.37303785601449524	0.41040240776616516	-1.84296693688135	1.503623627086195	-0.8059464242499134	1.0882074565030777	-0.5593190393906495	-0.5424256137489928	-2.817985685444034	-1.6618921692385804	-1.1852721294836073	-1.6034087936281634	1.0149131186642302	0.414101674343171	0.9507097686439305	-0.15942885979522717	2.1203644700851125	0.381077381244562	0.592692947100831	-1.6921413084333796	2.0968238264387415	-2.245673286806989	-2.0182564259079556	2.762904718486137	-0.13742264655236516	0.15528607282309717	-1.6582725244381942	3.7370802085965087	1.302972165188575	0.715686035457626	-4.8064689077179406	-0.3079256691318341	-2.327903310603611	-2.1358073057335782	2.3932416429912426	-1.979672582888218
DTXSID4052554	2.9771405579438786	-2.3437604497579123	-1.6729895982205567	2.63022800906727	-1.4537443238014707	4.006412899966966	3.3356338335755535	-7.562145073282955	-0.841061209622682	0.8706248150813586	2.9293359175769895	0.9628876562350159	1.8621459594763432	1.769295912605424	-4.839857800815911	2.389745410300584	-0.5779143072289927	1.9416421571671907	-0.7322325116121535	10.181337413845526	-4.176007257689123	3.9242002482334972	3.089122074249299	-5.806975974486169	6.745298631848673	-2.8785305766679565	-4.112214311112086	-0.11422466570251825	1.9259365811109705	-4.449289555037633	-3.4476255537451137	-11.08666546486053	-5.692116849157105	-3.2466117054040526	5.7407006122212385	-10.242837728695193	0.7718176649298848	-1.419618869997603	15.681973618482136	4.554828134057121	-14.783389354986438	6.00387247957449	-5.581759136777542	2.9352693970128834	5.934831416431209	18.66974293087631	4.144247164851362	-6.001486822260943	-4.991946367812152	6.37289532913889	1.7714586060020527	-4.23210044296663	-4.095174871435675	-2.9857754699480767	-0.2084641319046371	-6.453725722939656	6.398879099288172	-3.255471319926221	-1.2371012601557045	-0.6549929820128574	-1.345039788214369	-3.4155107328766463	2.8624962679777326	-1.1274852658780665	1.1077679084477312	-1.5383059328878421	-1.1275419485406568	2.055123330969415	-1.3662548894318096	5.532456365710439	-4.110225752758924	-1.41545766541698	-3.539118787349092	-1.4342196143306774	0.9849698858534455	2.2381995643992485	-2.540726077540455	-2.9492137719915377	-1.0855333331842403	-1.8371667093764648	-4.018160811712573	0.16297046241076307	2.953380041482596	2.9516157750026926	0.3915050419156124	-0.5589833906194723	-0.3428024000686671	-0.3172789308556771	1.0974346165012008	0.044189468616372136	-0.43053396102765623	0.09910761474943686	2.0145582065744234	1.4868855594728922	-0.1069399195629717	-0.8447908539928669	0.5735395411097184	-0.1900654689112869	-1.0169956064627088	-0.8555956164036488
DTXSID5057624	-5.831710623410479	0.88537571861453	-2.1456508762614166	-0.7386180553269478	-1.5885668563666535	-1.0925168730020978	2.9862976985041327	1.216690809607886	1.3586349661151393	-0.5683501728945921	0.40986624296313395	0.022486721567936744	1.8692117468710852	0.8448158868538458	0.14550889324045752	-0.4646253916676691	0.664257852914912	-0.7267298236731948	1.480910157560389	-0.6833601914026011	0.20109062149876689	0.9241088527407159	-1.3514298454665388	-0.9174517239409515	2.6855686118199773	1.9455707572222907	1.7207255558602967	0.08366995968145327	-0.9309214231577592	-0.23190764818747933	-0.4721234167105319	1.4241207464242238	0.05442135918296647	-0.6462735662248513	0.2588630741159837	-0.312279871112435	-0.1635852972841561	1.3788748263101482	-1.1534184415024467	0.839903967751945	0.8110646622296888	-0.2153886610897928	-2.4319701128331266	2.7439493973708666	-0.14683236666504904	1.1957562907625736	-1.8400746231462601	2.183283626907098	0.9267839904958264	0.5912292685234201	1.0277243464998869	-0.7527960011933029	-1.599770680498646	-2.254902016572429	-1.5481725568167835	1.0014076644535077	0.5983286804486175	1.228212653404942	-0.8484374111187358	0.4898519535712725	-0.9467369115664639	0.09155108279535015	-0.1128168576805896	1.7770245231162702	-0.11618741952655266	-0.3952910400963578	-0.3391528687553157	0.520994172352355	0.5775274564379382	0.15290464383341906	0.1935800109009903	0.6258766898407313	0.3636519879082078	0.6586672718936207	-0.3163561108773308	-0.31450415612362154	-0.15356605257241743	0.4258848280966538	0.2977759314958899	-0.3040847642490233	0.13258615127105045	-0.04008288739576385	-0.047998232723887424	-0.6482890297171899	0.18974026668724064	0.11507721286187778	-0.06390700451782576	0.5921701752702727	0.47041759736828137	-0.5086484317112813	-0.29172939938911385	0.42818680015703087	-0.10147462095857587	0.42112712555813026	-0.4640039848383532	-0.25123103584856304	0.11949881648661481	-0.5989670049209214	-0.26820190584143866	0.6779303582647059
DTXSID2022462	-5.24276470906321	-0.8959007996910833	4.955624587438798	0.5721641125703929	-0.14169391403401577	-0.30716296245529806	0.6435813214520417	-1.315970647301096	-0.674597154252375	0.1439085793558563	0.2578222035509961	-0.03354745082663338	0.8591531827676783	-0.9078853929113685	0.048113294093404285	0.08024364523012958	0.09041823596405102	-0.33572478425655294	-0.3129612153129378	-0.14254792432393806	-0.46179704937321214	0.03901300202906239	-0.34824017936774304	-0.1151516739946172	0.42686875109345734	-0.18221849205393104	-0.28682736658680136	0.09676150983074455	-0.4888246112789552	0.14200768894113924	-0.0900776392511406	0.0129135998121617	-0.18425448680846945	0.20370865714809774	-0.008388245917795575	0.5436017086708707	0.3812687555562858	0.7405423291827307	-0.3336615340433253	-0.28979613366542406	0.1990521075880046	0.08851839345099903	-0.24899172623159713	-0.9577391441403501	-0.15726646371461614	-0.10730859765465019	-0.17798724388744094	-0.03405924328267508	-0.1552710527519473	0.13860882571163352	0.11514532217833975	-0.8175196220673728	-0.16486082587318102	-0.258189720134475	-0.25202331920593846	-0.34800149381974294	0.21017006898302593	0.34544945981348724	-0.6607889324055353	-0.40844016814772194	0.5439755114906023	-0.44462844156254194	0.11795199878745082	0.38483081204082376	-0.2073202715901694	0.8330320708203286	0.11469601765500934	0.09301689852265921	0.22761204492942022	-0.4277553250042128	-0.198095426709492	0.15923055850506818	-0.4106879256280364	-0.33465375412139514	0.27868779741249605	0.09234317247464002	0.2889360590781252	-0.017052362191238346	0.02373017929900399	0.32373239945235516	-0.020856508792846947	-0.031434625727886856	0.014685654995461133	-0.20121737841321857	-0.08141739250721997	0.0035088152962882723	-0.1187782622016492	0.36618285099981746	0.38305709075103106	0.5487991455473659	0.17007912505489212	-0.2939484868104124	-0.34613097103378343	0.2974554236038793	0.0006529628455561822	0.2242080997123103	0.1782740804063903	0.04764554463137451	0.08151032840153549	0.041191034847977294
DTXSID0026913	-4.419493106630534	4.990418028838986	-1.0640444315108983	-2.9128845247174344	7.182643385746841	0.9199003927472238	0.5930523291044527	-2.296391668726963	-0.7276610410180836	-0.5886368836427484	-3.3181991509727764	2.355469038671112	-1.7530238061297823	-1.4496210246624688	-0.566093363340971	2.267070831536705	1.498005643770691	1.534348926770084	0.007514304216187567	0.5021649201494925	0.8052994993231828	-0.48944303621116814	-0.298699610146758	-1.3453079691108227	0.712427138887932	-0.23666485197753226	-1.4263988812650183	1.001358952451943	-0.37667323296201327	-0.31612721812895045	0.14250559511283828	-1.0485693923952804	0.07999815299613844	-0.3117551154614843	0.6115280324469268	1.1161631195300086	-0.4164705393379926	-0.3033879072178968	-0.38645037908692853	0.36645397881482655	0.21495687763442778	0.39789737419239524	-0.6291636067138977	0.4398944097318383	-0.545688292561001	-0.9089420567136269	0.722749427615199	0.2757597161057771	-0.15973895200373855	-0.8710721867871183	0.03865414042482325	0.45459682606973756	-0.30706055516057446	0.38436543216984764	0.13741672207294944	0.0411755456044896	-0.36624406247501523	0.12312363503156466	-1.0024705704768078	-0.010671359773155161	-0.12316631014831653	0.04439337054395263	-0.3347716242011958	-0.05337899292638537	0.3341391884527483	-0.47254085098778925	-0.34340416718024436	0.5514236220790517	-0.6693445337766529	-0.5015499244746001	0.47406911800577334	0.23261124392782614	-0.21497182297927117	0.17033721620821887	-0.5746862012649452	0.22884369223404916	0.11306055671108205	0.2419762998414943	-0.15374303591728883	-0.06532695689296027	-0.35594629842541137	0.5158411277714346	-0.0017104367649975751	0.0687167270523091	0.4584901223218884	0.3231586872948324	0.10047452041823342	0.037576837513182006	-0.07708308281541813	0.07621692535869831	-0.30248018455477516	-0.4414595204819268	-0.45887423803810773	-0.39045092816640564	0.25560434490201017	0.036827798548061064	-0.10340265286173478	0.1612160581285179	-0.004905362944187213	-0.16485839804417474
DTXSID6042232	-3.615493995759792	4.381363676954788	-2.599435366174327	0.6675869309384831	1.350199711537357	0.05498087284730285	0.9034867265190982	-1.2650493576495574	0.7104449275616819	-1.7043467941241064	0.3991417996693845	0.9940854467678006	0.24006685916103335	0.710911771660983	0.6746513384599802	-0.11870796749964573	-0.2743377822588492	1.6733962676452545	0.5505403977261096	-0.2931777980392077	-0.6364768081823662	1.0713893519900113	-2.138011341100882	0.7071544785313029	0.5647250476048843	-0.15695814936477673	-0.06281520235126983	0.5612041182200427	-1.0410896016400673	2.952788104704182	2.2794925684783642	1.9825352630290562	1.6185322645005267	-2.4748128231821402	0.6735450709512624	-2.5482790212559747	0.7228641235361868	-2.8422744867451373	-4.113684046926452	-2.4165256188124933	-2.01532056815969	2.5428108523133623	1.8786217668096183	-3.2705091333287095	-1.6639805453981293	3.379440323466913	-3.963146026928416	-1.4433641338642869	2.2166251011802225	1.9147835264857613	-1.2958222864917983	1.7049687087215575	0.24790098678144765	2.133536750738808	-1.6326847241976992	1.2496026375075329	1.089685610619308	-1.9219722549861549	-0.0927275574233026	-2.442802064031915	-2.7929093307233375	-0.10033673841056198	0.6830497504080388	1.1254606914707266	0.24559596301511002	1.3646405642835682	0.11057329927979057	-0.16311064250883794	-0.08335751674576283	-0.05124814061389312	-0.6935670485836418	-0.7348440600422825	0.5362294424432991	0.3007893429813161	-0.28541679909792395	-0.53919499510333	0.13605511245942636	-0.48208712692908184	-0.026999724734560932	0.3999664046628137	-0.3120807740766203	-0.5442309156874922	0.6793713067713543	-0.5258273886513768	-0.31796438004814126	-0.5467638918944471	0.28852567652165245	-0.042368375017007916	-0.609671611168381	0.47747710182066755	-0.47941015764060535	-0.40463421718686027	0.49290070520499313	0.29192511306009084	-0.1267677455709087	0.15802884718832355	0.2873258523319565	-0.6512260706586277	-0.5333179273177502	0.13340378837747177
DTXSID7048742	10.27499651275006	-2.3448766869798026	1.1618911022189942	5.264078720347752	-0.5543834551032708	-0.638467202631395	2.9592486699038982	0.4978254823973146	0.2864051062187227	2.479383570773976	6.1289750985533225	1.007555022070885	-1.974807903469232	0.7001287750368004	-1.6379626657408737	2.4212717291487795	2.286588198650465	-3.9997011808154963	0.45167378852466833	1.498163281643952	-1.9950205487190351	1.2628150555077524	4.385106970038555	-3.3556615659234774	1.900628976886248	1.597448864988722	-0.11616497241729967	-0.7196211427547596	-1.848507424606138	-0.44847670481497554	0.1927478590612128	-3.5029675616638385	-1.7141541498523474	-2.0128405781964327	1.6398366899202355	-1.3906477034305758	-0.3903021803510628	-0.5777635883840565	4.997085152751341	0.6253384458726025	-3.558703247994186	3.2533766080452797	-0.9208510601819386	1.7436694202135854	1.1528118189601237	4.655727255076036	0.42549919359633465	-1.4720835965178631	0.5983261904182958	-0.15276969362733112	-0.3556285340148581	-0.39316154151530847	-3.1497728506122833	-1.0214038524150375	0.6928692320852399	-3.369201522021686	2.23967013210453	-0.5411094593568658	2.5066521999980846	-0.6052308624283673	-0.08690421624997627	0.9004032699572915	-0.6274787101279518	0.9809678934886855	0.18312687514205622	0.4112353515979369	0.9911264574265027	-0.07277040292678005	0.35798854721717444	-0.8814661882059005	-1.1500520998803911	-0.029402913525277838	-1.2099058413342676	-1.0795382127737085	-1.4793694814452607	0.15723291451791846	1.3517981998650648	-1.3960279022570259	-0.8494979698800117	-0.9182495047873662	-1.1770464649162238	-0.3569416358178596	0.7932305156978383	0.28103672679304725	0.25450982735096944	0.9485561656660128	0.5599270395924301	0.8807809332499247	0.6056726733921033	-0.559586222388581	0.3586594459595685	0.7884407457020345	0.8197408694387182	1.1524998002935287	0.431276034904602	0.003588589933698094	-0.4590083086235783	-0.5953007266579391	-0.43653967634379426	-0.04521169945456196
DTXSID7026605	-0.1409870707372412	2.5851831889764565	-3.8339632989233743	7.702950312098914	0.05715130856091863	-3.1458589020851324	1.3240778381017981	2.254563354954919	-0.9286776735966336	-0.23548037367682104	-1.357784715886543	3.2040007758347655	2.4837726795697646	-0.28017374727409167	-2.379579214249224	1.5495175822655072	1.9236622027124872	-2.622538092624471	-0.2025760522181763	-2.1713347370165823	-3.1449309517616815	4.159270335626887	2.8638793785983077	0.8655932267687184	-1.2100238130504133	2.4412878601147074	-4.236356344985297	-3.109664356325453	-1.4596871282889414	-0.3533861091211496	1.5947861804314811	-1.9661005121926145	-0.108943212265293	-0.7439775589565276	1.0549353033771398	0.3487574280552815	-0.5969106595881382	0.33500374856749915	-0.22983174082834884	-1.8218915592187928	1.213000888549216	-0.044874462442247104	-0.2127470547178285	-0.5336151994998273	0.5713210217261302	1.4514331596124812	-3.499469396720215	1.2191997435787123	2.00452919986552	-0.4033138588574927	-1.6115343128978017	-0.3270789504731812	-1.278261179599654	-1.088095449212706	-0.7235016929230978	-3.094528858706269	-1.623203014315448	0.35045572547172305	0.6708246779555848	1.7900489043942236	-1.334406962471104	-0.9492234010783792	0.5663602659394293	-0.6617302007536597	1.5487766264346392	1.6042684623281347	1.3549545018720472	-0.8412166011122628	3.1353589548283987	0.278227175335208	0.3114513507075781	-1.0279419248955026	2.142102630283658	0.05215732986203025	-2.8372565918670727	0.24070332772004563	0.5990109113398217	-0.3500405527013936	-0.9857565722513774	-0.38515447635728073	-0.5803817296438423	-1.0990131519833706	-1.047683940772391	-0.8550561048549415	-0.6374669665029473	-0.7415449567745578	-1.7180280041646723	0.8147593426542331	-0.8132217231332827	-0.09161880174831016	1.7157301775925748	1.8812364366369054	-0.0631430525953221	0.6616375278972855	-0.22971046836970616	0.9722964767969244	-0.039916637386092524	0.797086510865245	0.24621948009391906	0.3228504197609212
DTXSID1046267	0.522759360706929	-2.227013729643434	1.2750273890228803	-3.0433149063792784	-0.7729748624121412	1.0392415693589645	1.3454886855765755	1.2704837507570081	-0.5776693966705209	2.0627912386980944	-0.7199945603214125	-0.8095506480730605	3.3719988859943766	1.2762198468832535	0.6978038955324538	-0.3638055611249129	-0.5135487589031125	-0.6419975122693813	-0.4610707054532033	0.07813561616103888	1.9063535296898333	0.26362051776640827	0.5567372387948968	2.162294599985439	0.29699854479515647	0.9922897002011137	0.63780925112693	-1.8068625521685209	-1.0579897861845098	1.241126444929136	-0.9045287345362318	-0.07683784532557805	0.1944659406573768	0.2938919411417958	0.12214784580587043	-1.7747555373364503	-0.2587978425267875	1.5488697250207992	-0.4681543515881079	0.522292942519572	0.9044596087457858	0.09090010281819631	-0.4921173881065106	-0.8821268974823284	0.9773381372712197	1.3911263340225095	-0.23766507337800838	0.16658969445716434	-1.0987742338005966	-1.7055255860239469	0.6987125027492789	-2.7881581553968933	0.14423607011887477	2.934720230067282	0.4105887165108152	0.5879811315709059	-0.7552039193365754	-0.02457577797883232	0.02820081043701252	-0.6791146214627477	-0.1908483424554152	-0.7688624007201414	-0.1728513519445565	-1.2172606521229512	1.4636430767623871	1.328291439852619	-1.0335055591576476	0.07883534036867396	-1.980153533625388	-1.1031182987631396	0.8314763656719103	0.8073629071168666	-0.8728759029275257	0.9262585290682395	-0.8341058577992966	-1.6445163292318654	1.3419961285146533	-0.9603262851201997	0.8054656183449541	-1.3685935380231156	0.9012546138776194	0.008189069630216084	0.1525022916011697	1.3247082524907512	0.8916257705780273	1.109973443907885	0.9501877067370749	0.9152439536465573	0.48670674200152925	0.43416346342717094	0.5557964867119572	-0.3143964143064929	-0.022212483710368127	-0.1375307884414943	0.3158397469522221	0.49027505427933027	0.33806736606880433	0.46509709275681754	-1.8425946491797798	-0.9704405242064411
DTXSID2046385	4.782164728020122	-1.2969190507301718	-1.0186961017947822	-1.7588975744453694	2.578735424952909	1.043912524058912	4.460816187210751	2.245887999437159	2.1974496720636396	-1.3273070660489255	-0.12346329729413526	0.830593661189069	4.181313891295128	1.0672760514597277	0.3842409503500266	-3.6046751079315396	1.220672724997672	-2.378051095610792	-0.49990137796771383	-2.390229881360727	-0.20181280770524374	-0.9969651528625985	0.04653286738012049	1.308530312487162	-0.05559568237641769	-0.7483480086647561	2.5617515392624597	-2.5918279070192254	-1.4242839436780652	-1.2725531127077991	-1.7900309088454023	0.6801273419593727	1.0013168635362515	2.2376315069597674	-0.3809388989794003	-3.6137111780960742	-0.6139397954560659	-1.0076207594839168	0.7176183765844214	-0.5232582539693534	1.73029572820478	-0.4941929964836409	-0.90119810610566	-0.5280390510722583	2.928578420153924	2.319071413040249	-1.1232063717064877	0.9683578914170976	-2.367483237164181	-0.11251411420531082	2.8119483517008548	-0.723268924141999	0.039222840395385	3.9672837120407785	-1.2813523815971222	-0.30819582672802054	-1.5813432253647683	0.823178911727621	0.9857743574778373	-0.9925992264803516	-0.33543680151462824	0.007562149658704214	-1.830481095657713	-2.310784271974262	1.1103217786810629	0.9704312175710761	-2.5519888139854108	1.16064300748221	-3.7406356870395503	-0.1042870664876215	-1.155221085211418	0.9719800418172183	-0.2131257589671811	-0.7021081585493629	-2.0243388427154345	0.3882682381146256	-0.5648988508451434	-0.7129847317056708	2.2917342915414163	1.0023753440593548	0.32470291339639196	2.9495839539466564	0.05638744671529427	0.6042261165226227	0.07157019630142203	0.023195478678664047	0.2882423278327201	0.2575670960849749	0.06290576445165541	-0.7553183731769875	0.11365487598413511	-0.2005268145619912	0.17229199476138424	-1.0907534005258868	-0.8287832659197988	-0.3019463561076649	0.8313389903960527	-0.8968391367708242	-0.993167540871472	0.2554434922333453
DTXSID9045394	-2.437291993480832	-2.1860389079222844	-1.1434193219195175	5.127409116028715	1.0857163579626565	-1.7572267837011368	-2.522918302124148	-3.0132809801597538	1.2366787644101533	-2.8428269821446213	-0.8948996716081813	-3.14079150310688	1.4395345335068779	0.4463309742141689	-3.0260242712770395	2.5199491136747407	-4.105118938623718	0.1710949942103146	7.198057355762718	-0.4641146092023549	1.7981676219826688	-1.654554974563511	1.3681369880531276	-0.4459582908469266	-1.0513832785225996	-0.4218932497936744	-1.2380581453566315	0.9162720683883431	1.074633874101993	-2.1572436495276572	-0.03867032230461724	0.06915227360864874	-1.3942078175858361	4.051967869946018	0.982391740371564	-1.2931892252044361	7.025473045200562	-0.9588121561574136	-3.0623522657332236	-0.5861065346070952	-1.727614579462097	-3.72892527450904	0.17836260055293723	3.304214158459687	-2.2306427856052355	0.14885382609629855	-2.5842318098929766	1.0785828612436537	0.6352233799950907	-1.43717551368012	1.2367648967798888	-0.8838653632263784	-2.1757211279339557	2.6145769219217145	2.9148408747705497	-2.2794387828329095	0.9950669139637415	-1.5189520250033155	0.14816914015286978	0.9012648721550434	-0.5615067317599414	1.5562705089573916	1.863254142577163	-0.3201059068259367	1.3319606798004675	0.17524599198966415	0.6673552057196429	-1.0544392539843739	0.2303074710866404	1.3521317668960933	-0.2418656398412943	0.6429994204819534	0.19571259045568806	0.2202351357409581	0.39234063859814805	0.06274095807840532	-2.2080139229712454	-0.08266263784981533	0.37813425614278645	-0.18669322342208497	-0.7891051039488789	-1.160596747458521	-0.3894924964891104	0.512701700580781	-1.0926437092438832	1.3205999265202784	0.29349717013569826	0.19197571201691233	0.0742775272165656	0.04537813495511962	-0.5153267601967239	-0.07687683492061827	0.24084345457667886	1.0398942457482516	-0.6654508771119392	0.11060883733711371	0.757768935769079	0.6916019853455828	-0.47455112776728897	-0.33819647319073776
DTXSID9051662	-7.120513816857079	0.5704704821680829	-4.158302814030537	-0.4605398558895857	-4.153692504250182	-4.860822871965122	3.037687414176316	3.7067821581681213	-0.07632584467374859	-4.56078887072403	-1.4687505747762848	1.1120171588294387	1.8828244748912342	-0.5691054718041724	3.2908148136438187	-1.1231294502845446	0.12930211432683947	4.037108609090506	3.263012172771889	0.6246726042668066	-5.909562589621013	-5.96436715643897	6.411123962425454	4.180266162753501	4.037708227966264	-1.3325365586457742	-0.6129220265984533	0.5479587827978233	0.16887531262860067	-0.3056291432849602	0.23536441383935966	0.30667899447387953	0.4983816870472844	0.5262092728895669	-0.6422406719882064	-1.255067597607742	-0.9440000385517667	0.4841215519052642	0.9445791219521229	-0.17519559573084315	0.2755980446063944	0.7332044557787314	-0.0644389792705594	-0.13632644047504539	-0.049831238613633255	-0.10107466073495519	-0.968008518297938	1.5916351088215936	0.7970768623089515	-0.0717949423212712	0.667615899997038	1.5291329290721576	-0.45287414181360564	-0.018946195110261414	0.6948755247774069	-0.47292670426300026	0.6656007808690577	0.39372365187008157	0.7396142035156716	-0.002443931190605634	1.45679700243883	0.09326049185097472	-0.016152220621119328	0.31713859849061066	-1.247283372028385	-1.3125868889312093	-0.7732448850626925	0.5227937303081598	0.2690017112586935	-0.5124806603986024	-0.5152953910840269	-0.25205481938375357	-0.3298079775769916	0.25329007957556754	0.7316510696287705	0.22381960885602536	-0.23906802661799562	0.4493319441092168	-1.1677879657275183	-0.5437910232478527	-0.39158984495763216	-0.09101948547424972	-0.5149777065383392	0.09473641559502945	0.5052974241196355	-0.1484256704214626	-0.21662182049013282	0.43810188831787367	0.22851135244837162	0.5582937674286222	0.7749831602902145	0.15588666563852974	-0.07101567131785437	-1.0688195457912917	0.9766451269176274	-0.15054912041644977	-0.1372205870416595	-0.4765721374446115	0.31069382263228823	-0.38196010396176694
DTXSID2022751	15.45237721623722	-6.707411614728449	-8.340905414583872	3.66139343809347	-1.3217933032229774	0.33658968508543524	5.038751831256858	2.9483311868415667	0.6002316043896248	-5.599447655341132	-1.1057709184613764	-6.289451613300993	3.3616052027881573	1.96820099146305	-1.0751290297523404	0.13318293641001092	-3.307653424556919	-2.3692184439708686	0.5277030825589435	-0.3859295598556082	-0.11587549028926437	-1.5685030841562404	-1.2420461226572177	-2.7306478497943445	2.92035696895536	-0.3472942446344955	-1.8584643759535782	-0.480872850350836	3.853541416068344	-2.6351765921379724	2.006511708770501	-2.2520970281934347	-2.255945577256054	-0.6138040243133466	-0.7228523524477738	0.5705680824974789	2.466823627016371	-1.021733586776704	1.2598733241893343	-2.0614049120052087	-0.5560538355197062	2.4385468748028036	1.2299876831806817	0.24577176007081766	-0.7944448996651827	-1.8218423660820249	2.3522959165630546	-2.4687544375370822	1.3873651556729614	1.725464725300024	-1.0382464478126785	1.3595322754665597	1.1358913633470347	0.9367768760931654	-0.2564222129056541	2.6253113069304925	2.241007884908607	2.603863517490705	-1.166729137907004	2.9124313247539435	0.1800970638414325	0.45990317972568134	-2.538636914088589	-0.6236715880688128	-2.566509366062902	-1.760009395413008	1.1348183069224576	-0.34651896786925407	-2.4397618668243015	-2.1884501251561845	0.5716551249019652	-1.289715222693328	-1.4734190176765458	-0.6745294229626919	-2.0645190315128406	-1.3135164936848496	1.947526940366575	0.9678825515903011	-0.5345136291098723	-0.16726868840702497	-2.14995983490038	-1.9426503428468442	-2.4836840050081257	-1.492363786204007	1.8444708692612128	0.10229193843936255	0.06975473808446354	0.6117663186846563	0.6832573944581594	0.7586836417886594	2.421112723900771	0.9416259718536583	-1.2494007843786072	0.4103383795803552	1.3115483410458577	0.4673275190921322	0.8416833777825461	-1.0342231234707142	1.4753240489926365	-0.8019679179182115
DTXSID4047913	10.371260235666936	-3.693605490617966	-5.69565207556773	-3.77698101555681	1.8398936004586695	-1.8021961415187755	-4.010199172912897	-2.8474459636444407	1.2635508879947759	-9.631399988350184	-6.477282689838905	5.473235992901628	-8.588942027724531	-11.958858530205365	-3.1288902498170774	-7.261431603400701	-3.9723658562224546	4.804599234574269	1.3026700478074267	2.1799262325123654	3.486386743396256	12.122869384300877	3.5160001824472475	-3.5981172326036788	6.219445552274506	1.0237005354107498	0.8915112613260645	-3.2307830430292235	-5.714805819067013	-0.7574083676322596	3.4417781046476805	8.925584397785803	-2.916724225082514	5.484136100643601	1.5831429099997583	0.9028411711736204	-1.9737019352758272	5.4932473220620475	4.195285250625562	-0.16032743602714455	-7.482105313717913	8.15587568409513	5.987399378700243	6.311012273897719	-1.9468610179229884	-7.573427171951986	-1.8637593181041736	-1.2202876303938515	-1.6026663331677686	-3.557232585485321	0.8379474277530925	0.9575148601001762	-0.8923246815605687	2.107021713189608	-0.7814063355066305	-1.4930953210517097	0.9756993335281535	0.4057386708988689	-3.581616959884202	-0.081240059783532	4.040006225550164	6.457286332728025	2.84243307231414	0.744451285829968	4.588098999216554	3.7872899086443423	-2.0108373051240727	-0.574997664947112	3.61506010767199	0.3248414236938308	-4.582298047437396	-5.469696332911047	-11.046432939073894	6.533318061751008	-8.420318917366087	-3.872973653786925	3.5182327574947037	5.341841661598159	3.2435524082219147	-1.6410220060674114	1.80261047157854	1.8347600891079807	-0.7462202453645497	6.390596191367411	-8.931499849921368	-7.295712957185902	-4.044167013128279	-8.15505687618928	-1.0426089357959087	-2.9577043090124318	1.0046845134230782	-3.348274797873176	-1.3240597119103208	-4.157019200598874	2.096936729805305	0.42934895692850744	-0.7811752244302539	-2.583390163551773	0.34253482814125	-1.6854066220582564
DTXSID0026701	-5.275512668170116	0.29823328439313895	-0.7137620015076556	1.1987957940521063	-1.1041830401751507	-0.026410039334863928	-0.35047785668571046	-1.122661113155477	1.0329748353837689	-0.364889054946514	-1.071110920423275	0.6054035483259111	-0.20271007552296613	-1.262632920711728	-0.41782071592916026	-1.0837474008336354	-1.9638283047072258	0.31094254775597985	-0.019014285091148986	0.3006542272746993	-0.5304581614861067	0.23579053874650457	0.25596394305877707	-0.8136042132666161	-0.16856516861676005	-0.08521800648853323	-0.1927687694161323	-0.4255575261332903	0.6617879270377454	-0.18598781690761806	0.8175014256723231	-0.007978562290329078	0.13696908999851468	0.06807172868794911	0.17178429586140895	0.18693662504705819	0.717066369423415	1.2506025674931724	-0.7278075904098767	0.13132776306854937	0.33602286568368067	0.10816911233770075	-0.38745898774174614	0.15383331710208592	0.4166641000127099	0.32529834162337273	-0.12993940339894125	-0.4225062278051791	0.8194017597283716	-0.0879810035087436	-0.710233239199428	-0.4818291149035952	0.9669467532412603	-0.11747908610948325	0.3809804931933753	-0.2895835742862372	0.21664422672746841	1.196528383257238	-0.8341833950301099	0.24137835017015818	0.17364448878037256	0.6044302188863319	-0.19843101620965148	0.24174699185173654	-0.3935099878152311	-1.03489034986179	0.9758538917643464	0.8900937267960386	0.29743412616305026	0.924323942844659	-0.5345198102852211	0.028519440971007972	0.13741896582600813	0.11540653356721559	-0.8606188345983201	0.987443474924034	0.9271318029205855	-0.3405074017628151	0.858133906159502	0.38859949152684076	0.15512977709696593	-0.295643950514765	-0.8343206400429447	-0.09847534175186809	0.07380157821235087	-0.3257485923876481	0.6685940199940746	0.8306508889591845	-0.6837467766816522	0.8866378946536608	-0.280479523930559	-0.6007819283422988	0.08199751748555333	0.5428354412216694	0.7602740942758884	-0.02533985800830174	-0.9861713112209044	0.748861212580867	-0.8833341516114653	0.6020707058028425
DTXSID2046175	5.846074689944432	-3.16408969129229	-0.8387355987362404	-2.6512240441953843	-1.6879646366268701	2.9913298623461473	-0.37870918237964	-0.861288781001804	0.4765316605605888	-0.6351047204815	-1.0276980546167473	2.040082052337131	-0.9153220208770044	-1.4843026605254634	0.29627772498295946	-1.053817567437619	-0.7048528181503754	-1.4860076728798872	-0.3136075647271982	-0.06734326319734533	0.14597914068276513	-1.4450422758259993	-0.7891296318030857	0.025672968770273613	-0.6303828136755543	1.5155297469823923	1.1623720186803976	1.9440992538684145	-1.1013887000634237	0.6251217280903603	-0.3284504589801971	-0.6042609469652753	-0.8184451539754862	0.4780707841554601	-0.44367210709415617	-0.1376464403497673	1.48164142343477	1.4846748745809561	-0.588973741441233	0.8923386665171013	-0.3885834493198467	0.9543161418480802	-0.4674251804362813	-0.3680038347527458	0.276629869404517	0.8327733322679213	0.5137410287011677	0.03808714825089373	0.6800585457774008	0.39763274179566216	-1.4099626370563134	-1.5992858648873478	1.0660360052481352	0.05698847740215071	1.0602912973818914	1.4275384316585817	-0.9448359777748562	-0.2731873761491772	1.8023164049384903	-0.055542617511064915	0.12808154379922748	0.18399618020112546	1.2771372582922496	-1.0141762188245431	0.916722422451929	0.38236290284374447	-0.4701052479862033	0.46137858745210525	-0.22092615128087179	0.11148790959020828	0.2783924415489714	-0.22676347060113294	-0.14688673040408246	0.21061209104033526	-0.4609980698968153	-1.4105626844576569	0.9714384550497961	0.663715108529548	-0.4230378120744157	-0.7657329702991582	-0.14266707849636287	0.2076073385604182	0.16565648190554744	-1.7492896252324608	-0.003782274700038484	0.30264919620572384	-0.008197550803081745	-1.7187750865066582	1.1364436587104254	-0.17460644212154075	0.6880915918262277	0.46100140388325134	0.02207933392995077	-0.3733359698240745	-0.1539328789193923	-1.1489829147261352	0.11649614613577178	0.18257137678600177	-0.49582510790748024	-0.6881429312466829
DTXSID5047376	11.058443435628783	-6.443264715399224	-4.657559055992637	3.2616793676779388	-3.2509824311256708	7.5545507855528315	-0.5361237889801256	-2.7074908322071263	-4.078375026699363	-4.173268340992188	-3.194182580730499	-3.5324102328207756	-1.8493123175121098	2.41517931692356	-0.9976793284960094	0.41845439353741065	-0.6072661775021612	-2.065539370287998	2.376992085423552	1.5279878207020607	-0.8665721847489062	-0.09259652008052117	1.4078496671758538	0.012498347789029767	-2.02402410729384	0.3976092989730393	-0.268957593536932	1.7152963527344791	0.848481679304341	0.47232916069251285	0.21072600773095945	-0.8569416729052731	0.7216107880337526	0.045512350188780415	-1.6502871412950844	1.8472774315184994	-1.8800756715377658	0.520930150279446	-0.9277818981133297	-0.9823917310953082	0.6942397181479559	0.1839108872043962	0.8413275292384549	-1.209397031160895	0.22000756503885605	0.42863641480050585	-0.5913502472484543	0.32147386102148906	0.5156463132071994	-1.0306101723096668	-0.9636868202970141	0.21324678371759997	0.15494844083353415	-0.4951486937921855	-2.0501139684389234	-0.738206250130263	-0.06294062027148634	-0.7879629365912992	-0.08734716605545385	1.8487254990052642	1.135031707312074	-1.1817469187097027	1.2175746423556735	3.2584936096824704	1.8230330141162	-1.175285532053646	-0.2855534042681813	-0.9420332187313181	-2.645271762371275	0.7022700816678166	0.2106724436302813	2.4477653254140153	-2.009871275118087	0.2992661720058482	0.8969577480158365	-0.09567232404834558	0.006909050828464688	1.0798166448433684	0.7674204950421202	0.6823434954388066	-0.7713814605693792	-0.37449768066777384	2.361478702924041	0.5967713693233776	-1.1789430421035607	0.5256510045061008	-0.043204187552108905	0.6569933988428626	-0.2753699607220943	0.569757609382696	0.08879917058194932	0.11636118374995616	0.6097401313267583	0.03747707848718855	0.20752298326865587	-0.16920619720643307	0.18234624687301032	-0.07737939112342829	-0.22299000705765343	-0.06602102295199254
DTXSID5057705	-2.970872435963957	0.568904377923624	-5.57853152513509	5.134579804812476	-3.426585025594993	2.1523924760514763	4.432931008164126	0.3838223184239678	-0.6010224158910564	0.5929995515058724	-1.0003804881651095	2.3988472257345235	1.9735102188602136	1.4761494112194233	0.41714119135327415	-0.4571777798983435	-1.4121239809295096	0.7303893396153683	0.5525437459480842	-0.45084157294611477	0.9565678514469346	0.6633789466325817	-0.23948323517648398	-0.8158846486486472	-0.3760756231416883	-3.23283610496356	0.3075414461725972	-0.43298310271857077	-0.5931855159174666	0.20578257813505466	-0.510819634190311	-0.34269812076256023	2.377671283439734	0.7238304467490047	0.018740858794291635	-2.310438302858547	1.2975022675533385	1.6406192825850583	-0.27581735500637905	-1.099454646015887	0.12810099396917995	-0.427102734768019	-1.1100046932501846	0.5489529420811766	-1.1979963503537718	-0.6794499347612681	2.9301060130007284	-0.8776724527942943	0.5741560076943578	1.9462901715223357	1.1811474311191277	2.7187259855030717	0.5056311474966024	-0.9811742585684821	4.723895986551009	3.667442345919641	-0.36835465411880225	-2.70513942686076	-1.40047819730338	1.3664701508347528	1.8212833980164254	0.8384701505129651	-2.28788609077701	3.5935309992913838	2.794710901398551	5.702894552244867	-0.4369130610312297	4.467863793066975	0.6661323226913382	0.22654942794685484	1.4785680256478966	0.5667269693387709	-1.3133308308718814	0.9047261938738171	0.6484048190992459	3.2026455316575926	-0.6893684564423603	1.1323697664741208	-2.193058277760079	-0.06294057593912115	-1.0299765439761066	-1.3400822386221931	-1.9301409987931628	0.8041301071134829	1.73816112652602	-1.8522076950698607	1.7394687104691304	0.9191646079199517	0.4979853887939513	-0.3585349626568692	0.19860432692912022	1.295947457346279	0.5449049739751032	0.23055561546554285	0.21180695827326718	-0.4785809434726316	-0.2426759589567219	-0.13989426883012937	1.0856067946703905	-0.030248342559299
DTXSID4042254	2.962895089307801	3.9518589064687357	-3.493621976536448	-1.4788729669978011	8.724435763859319	1.615555187956201	1.0464304013770076	-1.047594912013226	-0.8126821134017379	-2.279983774972096	-3.1036652376322915	1.379720605071461	-2.101439374462225	-1.6650499223020145	-0.366146937218078	3.492322456914257	3.030615307059514	2.510804069874782	-0.5569257555863724	-1.4136931232217627	1.252000203619679	0.32091088822060854	-0.6716975665566466	-0.4503026776279362	1.245140782308719	-0.5064831945693093	-2.0114869337647048	1.6618969133190316	-1.0971389990419522	0.9638311243707871	0.03625504654185203	-2.1062312219975143	1.7062580926469932	-0.6496088818196118	0.42798738562624816	0.9906954312023107	-0.3158289227779627	-0.010054943612114405	-0.22670172825343562	0.18162311131245437	0.3720434341503113	-0.467622165253555	-1.3439914922548262	0.9467474848952712	-1.093935206002677	-0.864110937807948	0.8631025810447379	-0.2616998982356696	0.9828389386470935	-0.5893635992317958	-0.5289233105092601	-0.24657402216448063	-0.8334322715865261	1.0135100884924957	-0.8138960182407706	0.05342140087885345	-1.5523712321711272	0.2989757264831377	0.3939578491056217	-0.05477864739198622	0.3558552862983384	0.0894198046696256	0.11981418857449518	-0.7409644893933469	0.3063085967628449	-0.4831378373804002	-0.3001779720197203	0.07194432535669928	0.00030520325827701207	-0.514215615924299	0.25983859094655654	-0.4306679686731625	-0.7581372489573653	-0.10887726985222916	-0.5318444717821842	0.520365950804438	-0.11987255679602782	-0.16697553048072059	-0.9152525758670932	0.10224501809304092	-0.6032739813219787	-0.37310161240006307	-0.9302032120532209	0.11989333400894317	0.5306686243328421	-0.4247754691136136	-0.2820276404479652	-0.62255793747582	0.6543231221429299	-0.09006527175283639	0.5366587194949919	0.07053385140898996	0.47494693803426413	0.31454169831209494	0.2818857584957217	0.10831413030010574	-0.1221171902369991	0.33756200364247524	0.35001751675720005	0.3139785304262583
DTXSID1043839	5.558091118468939	1.342064059475548	1.866224807833848	-4.676964206097934	-0.3466734429371095	0.5939386809046414	5.089021024019197	1.9785940176280246	-0.9296429010825101	-1.0930035858786098	-2.1945122228165985	-2.306157965001669	0.07649716907252421	-0.16865437112412746	-1.1131785140943338	3.503488984230789	-1.5747711250521335	-1.6623532513853039	-0.18128147119288882	-1.013564125300266	-3.7167660499519695	1.6924485009367436	-1.3863307703368448	1.522552544649246	0.7244432514307726	1.6338475160648975	-0.06993357682191462	1.3029491195063845	-2.64099855872144	-0.9541938003625962	-0.5666239113334697	2.9776959887600922	0.5746226110527858	-1.6762658080731734	-1.1773944536145664	1.163955013970282	0.8684058377638305	1.3762179471320057	-1.113594706603068	0.1858217208477014	0.44576117224064116	-0.6425780697398572	-2.5372869829286393	2.279223906403313	0.6003404679135478	2.5169224712062324	-0.07000437853995682	1.7363377445102506	1.668114767795841	0.13096939826515258	-0.37727982524601134	0.20757571375223186	-0.4256719200029911	-2.4505018755210797	-1.6785303899121766	1.351053132819963	0.362459431121059	1.5613664145379527	-2.574279261234245	0.7578140078683064	-1.1626426501833496	1.2325577500528406	0.2068050313570791	2.2496210175150533	0.9595787481465079	0.7070880680647661	-0.880928041025448	-0.4205862194361775	-0.03532253225706615	1.7619476244176877	0.0967778553143615	1.9180677635893173	0.19920532556876677	0.8423534411899126	-0.5494928415939578	-0.5740574738881298	-1.3981769522153982	-0.2167971405160134	0.9330464393204412	-0.11866620734504567	-0.025872400432782824	-0.755960222024862	1.0523749982318873	-0.2605022247652104	-1.203398142925826	1.3407297690710533	-0.837745936560943	0.6269710053756377	-0.3655212428911281	-0.6335046909717369	-1.1740484013064356	-0.8630714246418318	-0.34041303272391965	0.7015551902370254	-0.22638122029636082	-0.42109212254750916	0.8947444670653525	-0.9330486817753851	-0.7565734757893257	-0.4520456664606649
DTXSID2031374	-6.9304392944878375	2.39742405754997	-4.391209816297995	3.4459799706823504	-3.56678808657213	0.8138104594393276	2.749227417927097	0.47425622256312777	-0.2008594439274161	-1.0731288626296214	0.3330781579125153	1.0833771029984274	2.0034950563874014	1.4893540365685352	-0.5779786568680263	2.0188913806281037	-1.73269446342117	-2.5787464021285365	1.5681954532786697	1.4638866545521487	-3.052888831017167	4.3341865019043935	1.4246429637151012	-1.554515214357696	-0.8772102631250325	-1.3558548312821952	-1.3380102626223271	-3.774988569762802	-0.40627573436285896	1.451765845628772	-0.515630627747425	-1.501207124241098	1.1781739087379046	0.9303397783958737	-1.5881844734038462	-4.825269146450799	1.9284689784310352	-2.511593284896909	-4.5079734432169305	7.871470024106299	2.5156494987964364	3.6616829770747477	1.6380086224146337	-0.5409634226173574	0.1439545795467677	-5.525769054818696	8.477646653896366	1.6076250313391562	6.808791539199049	1.1367158816005758	3.98758730278997	1.3173492286558992	-4.017844085137866	-1.7504762342312474	0.12943605764304172	0.3438477072022562	0.9687936766962404	-1.4605740620923153	1.906282824708156	-2.6711664341082333	0.07377688992465276	-1.635111213032131	-0.08512834959830039	1.0923096700947514	1.5977445166686328	1.7154823466976923	0.3300831282503191	0.7021691212805318	-0.5168247435426283	0.8456940232095795	-1.3665773764454925	-1.9547610694892736	-0.13714769123079704	-0.8093590551967089	0.35180236158107836	0.48069533412216664	-0.03204949510379197	-0.2817878204726258	-0.011930633495219336	0.18688320919514168	1.2749656997601944	-0.903501022750472	0.5951938940299779	0.036443998700404	-0.06543407617997514	0.1685924925499916	0.40784339038228873	-0.18076733960765193	-0.5715046656924088	0.06022727909014178	0.14997877763644787	0.1974304227520544	-0.39603481728477247	0.18674935178724872	0.1635647071875394	0.5830949887775048	-0.756948703795327	-0.5147519420952597	-0.3396921627656537	0.12292576214487297
DTXSID1026879	-7.021573981533101	4.156991933203714	-1.9460229940722946	0.4164830939621269	0.9145647460252468	0.7110566717110046	2.3272415781515465	0.6351943490832183	-1.7836243166952541	0.2723439219426707	-1.3057217695816958	0.7157922833331242	0.048327581315258133	-1.0020062090809032	-0.5783557927183808	0.8740790086030892	-0.8202277102259308	-1.1715067187041268	0.9416510600916611	1.1633230317169645	-1.096362253525481	0.02424787817061636	1.2511213577919034	-1.3622970965282029	-0.2888012156241881	0.8898063251876305	-0.6175609882302738	-0.3067131537267392	-0.2474203191813295	-0.7776697843137124	0.35661225263838875	-0.21246696775564583	-0.891261915513943	0.06683856675977018	0.021422046372680505	0.13185764300877945	0.2519625309442683	-0.2049627024754167	0.17206344946864902	0.05416635121906592	0.025643996247559434	0.7700426521413232	-0.08089235811446768	-0.4684738687249519	0.2983613490194915	-0.3475890417776329	-0.41561636212676895	0.3405470141245164	-0.1829343594248705	-0.12966626308600132	-0.2891100149780674	0.38220482549834944	-0.39905474751589426	-0.08508298069708867	0.5121724241566465	-0.04425144057666805	-0.4860133047704876	0.08650378089714521	-0.8167330823137299	0.14832696481043708	-0.679087791632353	0.5661823254459193	-0.5459070513087998	-0.3677444465056715	0.6896829270409871	-0.11425560846012058	1.1535509976369747	-0.12323373517599061	-0.07762325365010418	0.18959632024383394	0.7557349420922375	1.488561100999701	-0.42915681733881184	-1.0238658440828716	0.0954685737818499	-0.4737823806560433	0.0808631790653439	0.12634530422705076	-0.03734719730757523	0.41789193240590017	1.0744774030660265	0.532582342296644	0.31364526636188517	-0.625785151126111	-0.22209120405722793	-0.6178552780426197	-0.20554539691920157	0.7793945097026121	-0.26320639721007777	-0.33220195429566307	0.9420466385858737	0.10627943456150395	-0.3219384131497386	-0.26135805057365763	-0.6230917945344413	0.35551321608388026	0.26702248305284726	-0.3529966216036343	0.07569954849539852	-0.022861823363034627
DTXSID7026314	4.9102251401216455	-0.9350290546152206	-1.6305466143692655	-5.529075639650282	0.23652534303681055	-5.523168799970686	-1.545507771092164	2.527522240103281	-0.34243455916527155	0.5926982257812612	-2.579482403693561	-2.3567214838556834	3.1805538250879626	-3.7549243425036782	-1.2570861096782215	-7.742419702215455	-3.034344705126281	-4.721663200666911	1.6024053367297828	0.9816385957000908	0.14309709741656024	1.3286216548950203	-3.1529345543141214	-2.008722548519259	4.196620730764558	-1.8198130417197056	-0.46481045221381795	6.199084504865603	-1.941480073381595	-6.40427039889927	-9.155752589943724	1.0748684830162625	-1.7071540537456529	-11.064904495603544	8.266524060045212	1.2128236021673122	2.6221992867791855	8.673686749372205	4.285726501333031	8.72454104886515	15.61263144302679	-6.532017497361696	21.76671832153867	6.800025653573573	-12.27644943082428	13.900081061630894	1.88444142121983	4.958674562049845	-0.8162578588924629	5.175959924446488	-1.6693008316391582	3.8088506986525523	-6.239764854550227	-3.690380779876642	-6.155110636114431	3.533897840932815	2.794430740749006	4.954758487282507	-0.8097600377290899	-1.5018948242689283	0.7184493808802012	-0.07001929462811575	-1.9199336865815857	1.4197021791396651	-1.8088536316687993	3.1627161587139327	2.9409084989366843	0.17663801953455133	-1.2173638427772802	1.771260628069082	2.710377013070408	5.527304519569915	-1.0687295683462539	2.1143898371259504	-0.43731278294874465	-1.944515092480137	-2.6069025982644534	-0.5778778061960157	3.2688101355088555	-4.604777272553011	-5.459348471839625	3.6531627491528234	-1.0760858061775544	-1.819713822643045	-1.6598437928797403	0.5520353093547428	1.1517900854177503	0.030473302606299064	0.8791185420392366	-0.09306578014678038	1.9791164153203227	0.100762530119889	-0.682584143240576	2.8339810184387377	1.7582820818086655	1.3589200887949664	1.3808575474198923	-3.278842063472343	-0.06719827974509242	-0.8673312262878383
DTXSID7023645	14.724583734288624	0.6566557482186439	-1.5028533324829179	13.645841938154263	-1.8534490615487909	-1.6113217545233	-1.5069608279596207	-0.167669596598659	-0.6369268187102474	-2.1640518946805005	-5.011964240768608	1.9729131239118851	5.567979820379169	0.7893599251173262	-3.044091423789625	0.349292891513906	2.6302976316065667	-0.3140686394365105	-6.208158234672482	-6.005600674864996	-1.359434666758714	1.7405659903704607	1.1079764008249395	1.0921855036425152	-0.5459570200588684	-1.5175292336480752	-0.7834581639390048	-2.965585694464224	-2.416732458592674	0.18854573583908368	-1.465857203099155	-1.7641798318174833	2.970212611280266	-0.7674061376461655	0.343461937283286	-4.301276803585097	0.893929252435639	0.4229845697865484	-0.7343479994196621	0.7270257688693122	1.0148766104967875	0.8069489516654749	-1.002135408855168	0.88131136835705	-1.7167474725652023	0.6223606105752609	1.1620582222328324	0.6317676159949897	-0.5660809063874835	-1.6672780811249561	0.16850505681288544	2.8163663158639634	0.40138424603896955	1.2648646012753102	0.9525133932323817	-1.175224727289278	0.9836456171862246	0.528652555174296	-0.625293914956321	0.45300629606022946	-0.2697137128756775	0.46378013059461337	-0.5646640097465361	-0.7136819823309566	0.44830781165732825	0.17259635647074636	0.043735025307175567	0.35478225424571086	-0.44653260240329873	0.4391855320750842	1.1072732909115728	0.39633215138741346	-0.2581856414623843	0.05169960786320674	0.5097008983750734	-1.2730683385561723	0.9394316286684173	-0.2688030883308893	-0.18110218245099063	0.4219181384025516	0.3656418280557163	0.6996548888105111	0.014778311750655842	0.4200681415206887	0.8862580946601988	0.36292342274889516	-0.3725368567239503	0.36801442568354537	0.1822630683723567	-0.018491633201056595	-0.6709923247529511	0.15022577044787389	-0.39548291115475726	0.32298033754887684	-0.29471031039504636	-0.7766055109688303	0.6032170451818178	-0.9200743333065458	-0.09665096830027682	0.23455213009644957
DTXSID9021136	3.3637611780828705	-2.079367117913964	1.0111167142497528	-1.3320228639453766	-1.9151280050630166	6.050617719235941	1.9600817697088462	-1.3760708523439766	0.16055869133017073	-0.8983741866963422	0.029420433619074447	-1.1175072215238915	0.9701278666302023	-1.339013825298438	-0.5274773673570039	2.202772391315721	-0.9249257614033733	1.8663057464115738	-0.7260425894013091	-0.0679689392303634	-0.18043902771194342	-1.4848580013175299	0.23976129757549353	-2.047047593588399	-0.7325493223032854	-0.3328464711510179	-2.2669326394625946	-2.4971331692807226	2.004051797348892	-0.4044968035063763	-1.1078972340857356	0.8982991439120253	1.4719948482524023	-0.9639965051470818	2.6578256790300006	3.185786709869278	2.0443453001183203	1.8164963995035257	-0.9401031272443015	0.8101564893900598	0.8110062462031216	2.8121107773109553	-0.9676348418398077	-0.6538360407494275	0.08316221234824696	0.7379793303205111	0.42868373955577077	0.13583123286833645	0.3587604935895254	1.4632038845927107	-0.8137327926047984	-1.7123824034463093	0.37829155289989774	1.0601248928058724	2.5137230803717268	1.3727467059151912	-0.03620856332410985	0.18076690223540073	1.2309635287008616	0.8077266524875065	-0.2746888613404231	-0.24705307527825623	1.6505180730764795	-1.027422300039023	0.5419347388448184	0.6694323353351707	-0.8769887489451491	-0.455759806859225	-0.9761281622801767	-0.29280162134336346	1.4584168622879723	1.351477794907917	-0.5936344544904436	0.7863051180901212	0.08580038155282761	-0.7301807864928277	0.8573866892620866	2.8507623927224177	1.8867077420539944	1.5849408953107074	-1.5736848961547263	1.1260003288766447	0.3740545942747873	-1.1937758554876734	0.03760300817262179	0.8338953520105189	-1.4993985413754733	-0.17766874103401167	-0.25470913828936687	0.9889090354905282	-0.310431674417959	1.7724990889270564	0.5125736043848433	-0.5059620135619703	0.4125212781537693	1.5488665380965045	-1.0153845073591767	-0.2628778896299246	1.3422751602562462	-0.838434178709728
DTXSID0045597	8.694714747090973	-2.446271566159845	-0.7986212300059197	5.922358849032002	1.6333648267055747	-1.8353305410307734	0.6349453000638589	3.2940320039859667	-0.21924874493134092	-3.8509775944963827	-3.2714610433008193	-0.5368437207124744	2.849342537851598	5.019848887115007	-3.950886277373982	1.3357434299087487	0.6614873813319566	0.626298682266904	0.24552321539612817	-1.6906547481374914	-0.9277787238363613	2.36639760037804	2.278422676379821	0.0838002114855888	-0.7446853644500543	0.3616890965477248	-2.1044702398947974	-0.5286406153631233	-0.584518132353442	0.08296016067994273	1.2229234283761146	-1.6472357604094956	-0.05266533803451194	-0.07173418031627975	0.5580829869511026	0.9434166089838706	0.4978936239146997	2.1892880996136714	-0.7460495146099487	-1.230392611912103	0.12233468599534189	0.5355932070964078	-0.5384295170312778	-1.049067236662551	-0.13437522537824428	1.315504063437213	-1.0970648947011814	0.5784664249231487	1.5492739701793194	-0.4062466440224929	-2.225151728620914	-0.6891706922327016	-0.09658765783058788	-2.029845173885004	-1.438817988161075	0.1900449477337655	-1.2302410483754913	1.2676555456174177	1.067427053913642	0.983490666326552	0.4022274694853743	-1.3084799037145227	0.8251724551586754	-0.2611620663497262	0.07551686897565146	1.774056850729142	1.5283109933376315	-0.88171060471149	1.6186641768572487	0.7062699755495488	-0.08686525698008214	-1.3764354050549532	0.7056099671088114	-0.7748906450799686	-2.154717844403543	-1.258139054083069	0.5946441797393981	-1.421464175079352	-1.129920740652309	-0.5647552473451123	-1.4445533714968044	-1.3578599120463317	0.7306472409245209	-0.4231541370140673	0.5104431469435179	-0.8628108227812428	0.5119307144445912	0.07657251995753082	2.54242772279991	0.047738205581013944	1.167580514897706	0.46432329404875305	1.0545074190844617	-0.09910764710577986	-1.328501707328744	1.6150259955237731	-0.903015759738546	0.168407796522293	-1.177463693389857	-0.25049029808713247
DTXSID1027263	-5.851577864776595	3.26773574792718	-3.6453969994691318	0.7054489040070888	1.5415817872493731	0.5374404796111427	1.123397774983768	-2.008645847812531	1.120754325239036	-0.3506425606011041	0.863830349258091	0.93703746771291	0.6624544241884656	0.8239736187001706	0.32862498466963164	-0.303039153983491	0.09287583478282074	0.6220156091579131	0.4803878412750002	0.5844949113228853	-0.585550655637907	0.8164856761332151	-0.28470305778931754	-0.45926769845729076	0.998044666508638	0.007674931662093333	0.2370690564505364	0.21199309193689425	-0.5868758562073123	-0.5745829029462765	0.04982935289881848	-0.0708920902739366	0.5025150076036881	0.3251335823424082	-0.1715848862957362	-0.3356533729599652	0.4937936968995063	0.5826960056892098	0.02121421824869024	-0.17280308147412315	0.057741536594264245	-0.501401492672143	-0.308458274873977	-0.24271217241567988	0.36047455128226813	-0.5533406191870542	-0.19637196007101584	0.07337633349771505	0.29272162333036567	-0.034404398065644146	-0.34620264927597455	-0.23208458133011964	-0.03982406525147037	-0.2742111888253419	-0.3667971836247962	0.07271238986107517	-0.5451327701242955	-0.496004583946176	-0.17271002348359937	0.20415372003598478	0.05261891084490129	0.07192504726272385	0.06561997669154873	-0.41284034239143014	-0.18853519667605184	-0.5148165085804253	-0.4246728950996795	-0.12436601630788081	0.14625739816741154	0.28360949508485395	-0.3434941613382194	-0.17903908218361184	0.12614022241609274	0.18523462708287827	-0.17713656200468364	0.19519333648770776	-0.27715149656264826	0.3155443988250206	-0.28860217957796236	-0.11253985795907426	0.346892786636706	-0.3839821691059068	0.25027100667972774	0.18076920119693665	0.16309164924532465	0.49899106292443823	0.2596453917962128	0.00034248459993361916	-0.31768649109472463	0.15523767196848112	0.4002535572504355	0.5248175538194794	-0.5119923802558343	-0.014982476450673559	-0.11944370043646031	-0.1935792912772279	0.010976642954531974	-0.28342324828029025	-0.1604001910740037	0.08220699534381289
DTXSID5047611	-4.8984480007534055	4.167171042371445	-3.3215970083901993	0.6494252803060198	-1.6233755825481389	0.5698373202030157	3.373095961532127	-2.201194368133342	0.3954086137064157	0.06487432210026402	1.7575246899668968	0.03181041098970903	0.4090097616492542	1.485358635053483	-0.07467144346902799	0.9006695045658922	-1.2641414401068973	-0.17395461952618171	1.8513264248151455	2.427788099949202	-2.5984715035243866	2.345706910203467	0.2833391731718759	-1.158918605014702	1.4993444689637574	-0.4140532092106341	-0.728376519745662	-0.7826872125054634	-0.4812544011951755	-0.513913435663278	-0.44679719819264274	-3.0459019136715524	-1.8232688032639872	-1.5716286985377674	1.3395944174355434	-2.7652466927190997	1.0010070348091546	0.22360761855285305	4.1144176440224625	1.8223859449804924	-4.300203432772477	1.0357875211542107	-1.4195716477142637	0.8782691385044937	1.536396582029216	4.0624618169921485	0.47009314643963895	-1.1843980207183327	-0.8449643938742943	0.3835159981206584	-0.11642169249267546	-1.647503868006838	-0.6402124550298984	-1.0174740872932069	-0.657244325913639	-1.262092418310871	1.098326064850006	-1.721119128747495	-0.29026598232810846	-0.5607373028892976	-0.8239927376233951	-0.6517917051781499	0.7926338421648671	-0.5020314935036941	0.6556389198462209	-0.45085608717424197	-0.4569167886320176	0.29067122406335777	0.04991457620788193	0.8465939374292852	-0.10115725687763998	-0.44723303654252994	-0.9551825237340126	-0.7203184329615442	-0.3585814097301439	0.9113536327734152	-0.48510923878521434	0.2501332251339082	-0.533151987783304	0.2619113853531074	0.6494924838212853	-0.6779770402441427	0.40199181740997275	0.18168367695870322	0.21035333655535657	-0.12652859553461954	-0.07508383338706738	0.5574842763878171	-0.5467137222703996	0.10570889729234399	0.5036040713104453	0.9483097585122124	0.4403734887052965	0.2785877642142103	-0.018584341905509182	0.32221687802385274	0.11221925399287833	-0.058708320966969756	0.23084257784642845	-0.43039047206598663
DTXSID7045603	17.2448661357393	-5.506883415661897	-8.67179482462467	4.450802446461636	1.6636204734331081	3.2846799580658135	5.7265073059836595	5.709936930635474	-1.8699969810890964	-2.9084209072010587	-3.3405726181886055	-4.431695112429301	1.4289432497943808	5.5448691175833815	0.22830203594169324	2.191290417093525	-1.8304247522250987	-7.122196345714842	0.6808279413790342	-3.2900815331070405	-2.1455989834934512	0.08728510744108152	0.2513644706984962	0.3831407379665339	5.032504816748413	0.08231313701050798	-0.7113032365794758	-5.26099596400017	5.528551666647839	-1.6930861997994884	0.544382800010487	2.1203462252100915	-2.1025822078735263	0.6260369865528459	-6.609676807023629	-0.5946415032547477	1.4599696571343415	-3.002289564071861	2.6549811018033744	0.5652222849361598	-2.520774794236404	1.6125033253268397	3.441890752585727	1.3169524410458984	-0.46462461295319	1.0034493101134054	2.1424359050431163	1.8075017997670197	-0.6176672486248997	-0.9813846849460465	-2.1337958295173176	-2.1210092420640976	1.775750506361066	4.244396671482329	1.0416578927003655	4.049195597723374	1.688390451408592	-2.6842555812146425	-1.5801346463667902	1.99501512849174	-1.1901187574910905	-2.5597721104371405	-1.3382305183267762	-2.0209599462043886	-2.74191373529761	1.9844180063654677	-0.09338285396277225	-1.0725692423228579	2.903462815645056	1.1267304844836832	1.8966155704594465	3.0089777050590034	-0.8400540071192951	-0.9257068198460586	-3.4196070176152773	0.4063944875094624	0.07397989255781116	0.7633658040639573	2.515806998015368	-0.5019897368813048	0.04082462395568777	2.506460127723455	-2.098351035144396	-1.047253899564874	-0.6842437875857545	0.20929943497647874	0.457951839250491	1.1696414028770017	-0.22972390796166828	0.3648136374390101	2.2973309612493633	-1.0042171094318781	0.5664677366031127	0.19244891603403916	0.1202268928723788	0.8088936489025653	-0.5840470792465886	0.6824244070686853	-0.5527361991842057	-0.4790498282981181
DTXSID7046540	-3.346098314414314	2.843503502546464	-3.930395042914277	7.7918352319229784	0.6318007875909085	-2.9257250305385303	-0.3269090557065557	0.7944366204659541	-0.7127238145383251	-1.5336569508564069	-1.965542232091784	2.7514646675894188	3.603134876662404	0.24196681502084577	-2.1574139930323972	1.330275934223147	1.7011475019072164	0.679083582669644	-0.7710906081546901	-2.4338543064194798	-1.8197342586712864	3.738412171668945	0.03922591620719774	1.1823508502893245	0.01990475703423063	0.8989736424525825	-3.523192266042374	-1.2697292341750082	-1.471199021097368	2.4351539217446314	3.023669944574809	0.7526607609494548	2.1169795375079175	-2.859397575155986	1.026064908495342	-2.1960478277497533	-0.32257839658608434	-2.8912173958651426	-3.8088593273404423	-4.319197214694418	-0.6452558063137096	2.940815911528738	1.7953344008661152	-3.8915869608834575	-1.3722778109327307	4.979931776915568	-6.296091856329933	-0.11637864513992864	4.148674535039148	2.29085755667245	-2.1414687601321343	1.768843036225149	-0.8655156196053468	1.6959683338478302	-2.0034251457259704	-0.9321317033510615	-0.4908715199438638	-0.9399005655385385	0.7793195977339487	-0.05539834638500596	-2.9144035260949157	-0.203105997543501	1.2106888778638718	-0.3966201342493949	1.0420866940322968	2.2760664008553304	1.763670596506229	-0.49462894356951675	2.4185754625990508	0.6501952269854766	-1.1983123859312037	-2.0279167445859256	2.0535455058658156	0.2648232149471212	-2.225094224328815	0.5171433150090737	0.9287790716867209	-2.1516803573220957	-1.3336178034754433	-0.7714498989645413	-1.7465512053565484	-1.375232654741988	0.10089852917012347	0.16249024678983562	-1.6727499949481806	-0.6463586841785872	-1.4953620096004998	0.25173050648671436	-0.0196697272767915	1.2342118909505082	1.5251053666842251	1.4271979662065282	1.1455950199241816	0.32369082570167734	-0.39384688758404923	1.1378501570384607	-0.5750984189634645	0.9821217765926512	0.017598883410757875	0.4762779336473797
DTXSID9040502	18.426636799754853	-9.052275163265259	-0.888653401930479	-0.8978270040308454	-0.3798757568280596	2.7191717614494757	9.42952879796561	8.223936562419054	1.2455140850475952	0.49975868024745695	-4.332566476236086	1.1691738741291275	2.059641990328509	-2.221355389463097	0.6225493888724373	-1.8490690996410726	-2.733616598818602	1.581832319962626	1.2908683075804486	-1.0718406067917297	2.0341448752942326	-2.2396969324937395	-4.149945968113925	-1.0988332029102614	2.785037032110684	0.6975183104362955	2.528418447662394	0.2961518427228537	-0.11054981967399888	0.9713106177943925	-1.980643989883074	1.4421390001294567	1.3965066039104497	1.3179896703411835	0.23551247856396135	-1.275100733294327	0.2556976235158771	2.3222169514552586	-1.4750852338392257	0.5671089142884382	1.0251607055670828	-0.04837286323354565	-2.194218512291043	0.34372166077539035	0.1210324705423094	3.7427044757813284	-0.9202034482101226	2.0692220937314643	0.9997947798103373	0.9459137284077686	2.0814200646713625	-2.398679855794325	-1.1816333941584602	-0.430293874222442	-2.0512909523998295	0.49596067403890304	0.8316130540393559	1.8066873881002536	-1.1847728021473019	-0.25555322008913667	0.7503491256275638	-0.7616462834096182	-1.7325596370369962	-0.9309865446423944	1.4076681211523963	-4.408824222799919	-0.7983228629131711	0.3291433542174177	-1.2162124088792143	2.2289309998299327	-0.8871973456599758	0.46873205859838574	0.1648036403098078	-1.2719356540935676	-0.07468009139556293	-1.0204725281937979	-1.3063455416606211	2.7182052372602215	2.180573495913387	0.2602098065378966	2.9294897689504213	-0.01564744935413131	-0.32296522362900065	-2.325468715271378	-2.3118730108432066	1.3390784404682947	-0.17730737773085722	0.09921459650487227	1.5309366964001703	0.5363623981579123	1.9106198711146551	-1.222660996104868	-0.014856888850328678	-0.808587611455845	1.6492007864461395	4.239586584722794	-0.9040676389942416	-0.12542663647448363	-1.1405058203278202	3.220486448900621
DTXSID1057826	-1.5726186832768203	-1.7044746681642702	-0.10765162517953802	2.708564531495207	1.5853050712467895	0.04747548272412162	0.754490206707156	-0.29877845099788003	1.1657681984034762	-2.2634172360479825	1.8925600882205298	-1.2346774435229908	0.6165762913200511	4.786138433831319	0.4821237145950271	-1.6565981533483363	1.373229421639418	-2.336762885525884	3.932964012267115	-0.29739831502409914	1.3099136907720088	-0.18526266445355422	2.2207476186728687	-0.8705277790468748	-0.4660165523978746	1.0433493016727895	-0.19754503263930068	0.7045097940550641	-0.45353380449665465	0.049099173972766696	1.7509499419508374	0.3339791722987792	-0.424689853659745	-0.2524453374814586	0.6351823085786704	0.915241383609757	-0.41306622162726736	-0.36979029262979674	-0.6128532860517634	0.10520959788329111	0.7266706041671326	0.6131612829200995	-0.4359471132953569	0.6287430542828962	0.38314419339437594	-0.5414380495745926	-0.5356305571099821	-1.9877177697024593	-1.138153071370439	-0.7721933861526616	-1.0074833499799032	-0.25223454345366075	-1.010965691885196	-1.6732329049287686	-0.31381429760635476	-0.4307064169076126	0.4722706710540227	0.6096833962281232	-0.530116728698726	0.11498017623605758	-0.21348395098980782	-1.1984219202639763	0.13285547441992068	1.9180171166936288	-0.03751029744653499	0.5235587527018938	-0.40063443706259244	0.6577635709687151	0.5756252534542127	-0.04262856831058736	-0.5983507824384177	-0.3986395387747945	0.5984028636818175	0.17878993975053495	-0.3472801025685078	-0.2818317135430316	0.3741330940576051	-0.12527415195372069	0.5897059134466345	-0.28295753729651096	0.17840303720784584	0.6835155859324098	0.14336755115306532	-0.513616492450247	0.1445309915721136	-0.26629304924957536	0.30617252029559916	0.03915046080580981	-0.24689280086469795	-0.1148270905577534	0.17224404479739067	0.13675120320389214	0.9065490282206397	0.18616485665104318	-0.07884560313558363	-0.33895046115253485	0.20340898248826658	-0.2442811560065117	0.030804648639372018	0.6705123516705902
DTXSID0032077	-6.419972313940781	-0.7799096214589482	-7.747697291207523	4.791527688676752	5.369292031634468	-0.3547907766564192	-4.967393972486311	1.2461917343396025	-0.35492997812098503	-0.12642536886345954	2.6291837651435825	0.4812560377271985	4.12526139159867	-3.648077450049941	2.42663030747975	2.304239290603343	-1.5281618981718537	-2.942587798010918	2.834305199579271	3.5128558851137486	-1.9625226593266896	2.0525865725144508	-1.4262972343265705	0.23845620160169845	2.4000315715280327	-2.8736688634160568	2.9464736088207077	0.5413165696985693	2.1080160543111357	-2.4349997326499535	1.9373606464128303	-0.10461825521436194	-2.5802357131921614	-1.2497207959693706	2.038980458793903	2.6314130458254357	-0.2930586101024368	0.2863745982814355	-1.0047848807736632	-2.7595342848086126	1.7923904720918689	1.3692510205739759	-0.7143213097830068	1.8203786084655893	0.31547077111535493	-0.8197857884713384	2.5513782144980235	0.55035697495106	-0.9547278734894132	2.141367847202748	-1.9246133011044717	0.4837961380961208	0.6999044845846881	0.517114670721075	-1.024062045170907	0.26977532198942655	2.55543496557469	-1.2103108270983172	-1.953295489574393	-2.078953978161888	2.723796338556568	0.9022316807097432	-1.9264909837750257	-1.304273689063549	2.101305731618383	-0.1471219668646318	-0.02122034636673935	-1.136727192696978	-0.9033109432081469	1.6047613581041433	-0.32848201865508636	-0.030835123704275394	0.06371131724385196	0.10052638968009654	-1.2722990190615657	-0.514130281036739	2.9120677799640333	-2.794084857957818	0.48532428443204606	1.9706476348967252	-1.2497958262410072	-2.5784868385967044	-1.2047445877433478	-1.1853989681598527	0.6292580077679724	1.6716478607324812	-2.5895832401947034	-0.1487408138453956	0.6628499616102694	0.09490581040303452	-0.33102157083587685	-0.2310887550982856	0.6210837765534076	0.27127126715132605	1.0076153629676186	0.6398245207299332	0.4674824941027612	-0.76009244615162	1.3206941263745422	0.6765477455893693
DTXSID0046723	34.316914668884245	-12.915136506593056	-9.258636318209296	10.638779603975825	-1.1969559958123543	-9.557008342736705	-3.0040573015637766	10.796582596232893	6.298673477865144	-7.1226083748985625	-4.472574358932763	0.829283166018168	6.1951278589094825	-11.824333602785424	-6.780753334342226	10.463812871361865	-6.200612377943206	3.519577518480321	9.531764984054027	0.2372192451975635	-10.589952618517094	-4.549293125292745	7.648957268485363	1.9639686470892774	8.14644147301183	-2.4856428194989912	-3.1803385259294186	-8.262139008037348	2.960965714139637	-4.058957401817251	-1.2044676049112215	-0.9466794000642599	2.648863581011009	1.0027193712299416	2.624750934463642	-4.05548136908614	-4.343858223064108	5.67851159692984	-0.7754146362398041	-8.704446013892737	-5.484269740072605	0.07080405665786495	8.405010866448794	6.888802901030062	-3.4371054084961132	-3.7987451973881767	-2.6734412306776743	-0.7255543198803149	3.1730986338108487	0.406641992220694	-2.350632122194274	0.7435909115179229	0.945018586061445	-1.614437872839421	-1.6196677440577318	-3.1730396937571954	-0.09537484037201845	-2.225219799756315	4.027528112079208	3.9185669715994655	-2.4044620910160437	1.4588771758492707	-1.982521917787784	-1.0444620899185462	2.463430365549977	2.049067953603365	2.0381064257233974	-0.05179487227883048	2.477287038289869	2.5891380959807715	-1.0958608287475318	-3.3855003284543046	-0.20662411623522975	-5.738696590324449	-3.7628278895753273	-2.39981219744855	4.091231866329592	-3.995442906283383	2.0959368073352977	0.2057140432316585	-3.1174038446406795	-2.324224003961601	-2.2680795539345846	-0.6436581079865765	-4.91395571944358	1.1180126705163993	-4.721845090051264	1.4265474886649598	-3.3338300359133397	0.9315096005685363	4.180328357977823	-0.1429726578186887	0.5666919296710425	1.8973902456456877	3.6229889568081917	2.0994816812121466	1.9190678142725026	2.056057575344825	0.016488060059971325	-0.5593518322650494
DTXSID0021339	-1.2085096884953537	2.992842525080395	-4.25524173497407	-2.135211444368842	-0.7656865804315892	0.3243224181264011	6.284536240967897	2.2927621538200675	-2.7103306080177796	2.5670818524443186	-2.0619683895449894	-0.4349919496890563	-0.06949231459701012	-0.9288605525608625	-3.0638401722738644	1.494860042496867	-3.1679990493509913	-5.47966676017144	1.1898941911505718	2.717301357075643	-3.184288706929668	0.6374179924530797	2.8292079175846028	-1.826481384916433	-0.09718865842218509	1.0087398956249711	-1.6738591230656414	-1.2702126988929778	0.3998497128547281	-1.1537703118191285	0.0025802945289139863	-0.05346466194611309	-2.381020433346788	1.2232139236991424	0.7260396310085213	0.02617877524479661	-0.47660480145902734	-0.4317892988783201	-0.40425198227338544	1.2829099365786978	-0.28488501772759356	1.7814575403111004	0.21139590255871843	-1.1141685102536298	0.3705785985758518	0.5117531693457965	-1.7878428898621637	0.7199223360134444	-1.632903584718263	-0.3861424282793833	0.9578514596672547	1.6614781945063852	0.5383692283308291	-0.569907996409116	1.6231899153727818	-0.05622295869998003	-0.9863375680203719	-0.8933819425297992	-0.2978949591932221	0.2678429699823467	-0.7909087699662154	0.2835338207641936	-1.029593113459895	-1.209885584766485	1.9141228144573512	0.8127582769828148	1.8432743290695721	-0.5958410317507274	-0.10018745778686558	-2.1863418774468717	1.648055121748002	2.9598828602198277	-0.22803123454762134	-0.7263936920566888	-0.12541140211216303	-2.492878871053058	-0.8915140398924006	2.097802618174122	0.5103359147467154	0.6462966720054112	0.6359777199034727	2.796657890029981	-1.7901541536376817	-1.8159560965602402	-0.7017416025883949	-0.9533899543711933	-0.7211506934191134	0.05397832859441267	0.4936756417257698	0.3442395199015825	3.109648385354373	0.6225960670370673	0.9892633196705777	0.34160896075124436	0.4699497646328656	0.4791394312710735	-1.1251644722456577	-0.3404776776717844	-0.18899453821225312	1.8127213261704014
DTXSID7020398	-2.6899977818668703	-3.7625979245705583	-1.5925622926346876	4.5928589239820345	0.33420150010588756	2.287934985738	-2.9693966354852104	5.417601027108608	1.591925056534577	0.34989205417983354	1.1728823090213305	2.649381240772969	-1.5539456956178184	1.8227136352536308	-1.0308254681963571	1.0547865169404127	-0.9787342777112672	-0.6306328962437447	1.4621387828038819	0.1932697805493496	-0.4724349130266692	1.1533614559610788	0.7035159060802505	-0.427300283301806	0.5138058135160741	-0.574400199397185	-0.14367471240782273	0.16242692542955456	-0.2531051203842675	0.8591045468494207	-0.22908898640403177	-0.25422508843289965	0.8199787962474592	-0.2739998365432112	0.14575723389397974	-0.21707093706191985	0.5937082971544324	-0.23738020564379625	0.2984790907249493	0.40360076067833206	-0.4646927999746913	-0.49805324720885613	0.7127306185706886	0.1438499617766948	-0.4167927317531574	-0.6644520730632921	-0.8265823231227524	0.4958307078823508	0.6897413077817505	-0.612494074741123	-1.2818814527849844	-0.3222911639215766	1.3425996154856072	-1.180583893384557	-0.7979034263157806	-0.5234741689272441	0.04059135145924963	0.4156981617139381	-0.2575315948792911	-0.18188280832191567	-0.1517649626657014	0.38944119219196793	0.06421284179765724	-0.04387584046460975	-0.5153629133104722	-1.0810327849344945	0.3697633198418853	1.536897261150068	0.03307221286739494	1.2369130274643996	-0.27592950109799114	0.327005998994662	-0.10569028075821592	0.8011120470154677	-0.9695849454434258	-0.13635405153502136	-0.501297093257216	0.1780479306710724	-0.2843173479425949	0.030498387074706524	0.9410583880570432	-0.7157081175531671	-1.530802170259794	0.547586260192704	0.1698917727875213	0.4702805200520072	-0.8580867039147446	-0.008080047983381298	0.8709934214075655	0.20861081766768194	-0.2584504495807059	-0.48163061914454086	0.4312247956881832	-0.31607168071788294	0.579671286311367	-0.7741848554807326	-1.085238413219609	0.16424161400708961	-0.8800683324711999	-0.17280719000805858
DTXSID5021384	-8.843466325854166	1.1922416880320046	-5.139605694040253	-0.8574018857012129	2.9069824566150264	-0.8239677321297403	-3.2019798142095244	-0.9022486994297608	-3.2618149141785797	0.7023570456429021	-1.816180489593953	1.8873097334742874	0.4614809397349652	-1.0060602530564497	2.764915033261953	0.08708486193601482	-0.25284588011113446	-0.7765515343962388	-0.09269291581501853	2.067844121120544	-0.6884598253235855	0.3127169733321192	-1.999202883158338	0.9598021613939408	-0.3888045371542179	0.06580560201362827	0.802339268923336	-0.645086983461572	-0.5334328522542057	0.47010520548925994	2.6340947763172515	-0.819071594860524	-0.4599479677981614	1.0237401767411671	-0.5596853336012027	0.5349362463413018	1.4277855679353415	0.8546428808880089	-1.0063073745147193	-0.1011401993783976	0.4430238471594368	1.5623882555724895	-0.6582679696150301	0.04702997125598239	0.2320322216974312	0.17005495170919288	0.013738035777786818	0.08399359729978996	-0.9639723728067643	0.7770467153377135	-1.1011663534858886	-0.6340853358177482	1.2121724026539518	-0.25982399765940145	-0.08870669638429003	-0.7613684835459182	1.1543350089021178	0.34933353831010766	0.5686264065373904	-0.03420062248739951	1.1836424379144552	0.41059960423793757	-0.16132905883442186	0.6729801232737037	1.6294739127647047	-0.18545531091931883	-0.9113810023272066	1.0199061022463618	1.9298430200093368	-0.41201124534685746	-0.8045769927408762	-0.21070783830453127	1.0702291937727983	-1.4609950152106799	-0.8840404780520874	0.08587737361790344	-2.383409755337389	1.3188603905133585	0.046847588070409854	-1.2503114774232402	0.4565889526447644	1.109808536006834	1.0961743634024748	1.7988702227983413	-0.5549096735847524	0.941848966701425	-0.026180621764981732	-0.5027869861672722	-0.5883163129396214	-1.6807518087432523	0.055242116343352084	1.0393167699873895	-1.5242257358300542	0.6313487425868455	0.6030656435507251	1.1433779947132086	1.0557851306514103	-1.3972304925533898	0.1889282390327315	1.4738086351406612
DTXSID7048792	6.876711464778815	-3.8257953836920353	-3.6722866617912047	1.0822028536984578	-2.497684447510561	0.7521085159912927	3.618665355730655	0.14562695912360463	1.7798150308489458	-3.043475857358038	2.573570539892083	0.300684482601414	1.6133468051023696	0.26452737160288653	-1.451302699266267	1.6191304281511327	0.2777778787300303	0.08942220130078947	0.3508898188234863	2.444600258724455	-1.3362659410642015	0.8120254766650793	0.7133477321128903	-1.808508265374847	0.913694133307097	-0.16876848672416417	-0.03982256843711626	-0.06551962427093547	-0.6036478881373928	0.04597119751395884	-0.6392458671462993	-0.2773864171951346	-0.7764347078498974	0.06833001883279334	-0.7212108680053858	-0.23972138003721358	0.8722277302631485	-0.31163132604672905	1.5133227369369042	-0.08446771233803334	-0.6061125431246575	-0.4127997503806759	-0.24298376866222537	0.09874534571997973	-0.12011328071680456	-0.4544430263741927	0.19124486490866305	0.3251846637709398	0.13359060815821228	0.44475933642776566	-0.0723217557509808	1.8354309845876722	0.39787762761123324	0.329826072304896	-0.2723116796874423	0.7114261667480627	-1.254461617924603	0.45794005002373317	1.0879134379591233	-0.3510971406930608	-0.7594913105727247	0.8461486389550366	-0.6171105457889917	0.14536235936603215	0.0762667457448334	-0.5200538026872913	1.7556687155488182	-1.2099087117626623	0.45066736838272947	-0.9936210021652863	1.4523497850843867	1.288596793345368	0.41939545231300435	-0.7707518339396097	-1.3055039786630576	-0.6822762875623164	0.0454544212121274	-0.12495226059830758	1.3010063290631217	0.22188375221126266	0.283511218242529	0.023879665571115385	-0.2609626346222037	-0.42771940589486834	-0.7183442896657205	0.4596757948209012	0.16395552559889484	-0.3795574874417104	0.20178218155893726	0.007192827623484614	0.10335486727217727	-0.46356089776938175	-1.189635395321086	0.11850293848760612	0.3526042318427604	0.5866715665216116	-0.500767302979818	0.5865288981387826	0.5146691548872417	-0.009037415637835906
DTXSID4038899	8.125764257193604	1.1509269047157014	6.464816317390324	-2.456728136505509	6.969818038002421	-0.25196351881815504	0.8092749338902716	-1.3592920495318777	-1.5728654892151381	-0.6308483790739852	-0.900229228881507	-0.16806018872752376	-3.6483991729694614	-1.7053345342012187	0.7527274809513588	-0.7667047595724159	-1.7972296012932485	2.477478518994685	-3.2460097079780867	-0.13349356265542053	-1.5367804601087915	-1.9335268960174798	-1.643026312078763	1.0505150561423995	-2.7422176962694933	1.7935648056858633	3.25433680227033	-1.1877359158683432	0.8776096525582716	-0.0017189624423911156	-0.8202553060602895	-0.19596520263015188	0.012013856457057074	-0.42188675366064127	2.1972651444448767	-0.765147778351927	-1.0006197603908604	-2.049410558429929	0.3811942052826938	-0.250405875718259	-0.46925325187792316	-1.4720775134423423	1.5372051892733993	0.5959886488652639	0.8122494490135377	-0.3810601110244705	1.4275612510390272	0.6332301984095063	0.6759924305259615	-0.396744231917179	-0.21110659256541275	0.012005858703111848	-0.07940007622213877	-1.975272632661505	0.5486281111006239	-0.7476712899835019	-0.9062417725413002	-2.9737888452848917	-1.4068778981930163	-1.1459906230700334	-2.0034222832752824	0.5852016286243319	-0.7286374129780162	0.03074308743534046	-1.0239341234897077	-0.07816989063816202	-0.7465779624030201	0.08958624457635027	0.0918475958970868	-0.19035567155367447	0.6963065975030399	-1.948674167688029	1.3730170544331668	2.9498849417954887	-0.007377252838217073	-1.5778820284031354	-0.5054707763142061	1.2794208503528985	-1.3848009573996993	-0.5176762472134182	-0.6910303481268486	0.2103431842651814	0.35071930394538064	-0.48829559493418623	1.0031243263924534	0.3380054877615725	0.2593713978591386	-0.14115287125129747	0.16726729621796482	0.3385402497473001	-0.3249210718012252	0.02095082594292568	0.49044696078867345	-0.7326930264829427	0.5263331012236837	-0.9200507050122687	0.45598019467159556	0.2838547324466206	0.9314428042558727	-0.26799048970455075
DTXSID2022888	14.65844402502955	10.7097208546941	-0.29968556682765757	4.207700714145481	-2.8001993013710287	-0.005193519464739033	-4.0008886938656625	-0.7374788573094466	0.4152952199040948	-1.7893726517792141	-0.4775280955180567	-3.4484992135582946	3.190592698835204	5.6175072302650415	-0.8225035570849469	0.10080951986037641	0.13549240753413508	1.369179742906151	-1.298246928937144	0.5823864261257188	0.7133493755778356	-2.8659724924004326	-1.2812237003096554	-1.1944339829693333	0.06240966245999232	-1.502506176308812	3.3639710975856283	2.9393644217145667	1.053867561616418	-2.083126067438469	0.4949137224209829	-0.17190784442204968	-1.5938136049499605	2.3532286834891365	-0.09872985483415833	0.19297504098683327	0.8210721326414001	0.3064086380760873	-1.4394164751628864	5.907058805918891	1.0519818953358888	1.8574283387650088	-0.8726763422402889	-0.04391206327172816	-0.13117434221232496	-2.0753777565424048	-1.2010808397868045	-2.1661348701375105	-3.7613498006411596	-1.3452045316035364	-2.934146379550804	1.8541066288964323	0.36504456436669314	-0.18041694112690365	-1.6808899341344314	1.027668791812417	1.991932196835502	-2.8011958691867664	-2.623175423801587	0.4343965505693345	-1.5443665351730596	0.5863700646839937	1.6718832758425486	-0.5345932661221869	0.2519517654276304	-0.28426283654308576	-1.4400464759274112	1.26667453349336	-0.5815402956735147	-1.7920434090740283	-1.3697186612801153	0.0207895094570562	0.09378749084388899	0.2242020897220984	1.37736200236478	1.242733223866523	0.9438869583887342	1.4739687749400776	1.3494054700706715	-1.169119465417769	-0.36259306951535264	0.7319959712843297	0.03177677388730991	0.01254415067245635	0.38390010711754646	-1.019000832184608	-0.4813749015629312	0.7374217208350451	1.337943876148368	-0.08351618389781829	0.7596572179444459	-0.49698110325210787	1.2262992538702102	0.16485288190960135	0.6754737779847758	0.24341277590822386	-0.18431614973497892	-0.7519000924605409	1.0352811314622719	0.3403805529576115
DTXSID5044784	-0.9066683594104549	0.6521121163391758	-3.574950249475286	0.7911539587951902	1.5660952824965075	0.9114858900120655	0.7309403256919602	-3.023119841993977	1.7911311658298334	-0.7147918641200567	3.265333607249465	1.4308073547581845	1.0017175881696863	1.564808009194451	-0.6492172009810503	-0.5454603244464264	-0.46834403050554374	1.7259378382525816	-0.6545557319356294	1.867822172464843	-1.0227858162644978	0.8145325527199665	-0.1269864570536067	0.04258157895150693	0.3362395320588713	-0.295797135188815	0.09206521522031785	-0.03151183978193719	0.0761537972498159	-0.6177721200183489	-0.052586049484905494	0.027758858913261998	0.021892679266626813	1.3339085158939081	0.2773937980977022	-0.5749481314758086	0.5578771544997295	-0.43697639540026295	0.768629076377128	-0.8286684683563498	0.12365633915926236	-0.8617173149363869	-0.20944239299424883	-0.6995417373917433	0.8183940194657245	-0.39056857347954477	-0.24928812963127003	0.30318396110550067	-0.15580046290971764	0.5706372119487783	0.1589900225081481	1.5099217512561907	-0.2482561434496192	-1.2013059339672127	-0.6414508010676856	0.0955781252342348	-1.1975989863956487	0.02646502729729551	-0.7987075836381304	0.15905110839756187	-0.1946882838700972	-0.4253070887571529	-0.35741023279113177	-0.1570705867820912	-0.32444662769405896	-0.009870672966571688	-0.29354385153600515	-0.4949746003700895	0.08402928139186448	1.0161951703397776	-1.1908472631746296	-0.07718624337372396	1.0768701317680434	0.5764005527575915	-0.5685716004368305	-0.8032285678910198	-0.7369286445399301	0.5719240158202445	0.8301622115574937	-0.22070370953729956	-0.4281923721704782	0.8201322481722636	0.015916608574944317	-0.2696099123888542	-0.3542934678722841	0.3138026115855724	0.08873086469458495	0.015552428150894084	-0.3701899794247154	0.1359619020710518	0.1423399795095294	-0.04967699907010195	-0.4416210164527901	0.27048656758332373	-0.644771301847069	-0.30417605487006627	0.2765191573635319	0.029175828890135518	0.403588624324338	0.7547539488204916
DTXSID5047160	-0.656605221495585	3.5203012107856457	-1.5180542002210111	-1.420437692749868	2.2246662450629406	0.7931870865194789	0.6255922959259244	-2.121223929343405	1.795260249882261	-1.0125084745296213	1.5170627484684516	0.8963315333704943	0.1775290546731107	1.1730384181052267	0.7664577162875716	-0.6680640023465981	-1.0380966142776593	1.9832814639164564	-0.07344215768820914	0.41201779491149215	-0.9717813945112319	0.14524131862240802	-1.5739441726648846	0.5233961678239627	-0.6546111318907751	0.050119180736949445	0.6313193505477733	-0.2237711869355909	-0.22702997371258798	0.8128817484465641	0.3091406741065372	0.4000663052604076	0.04520079287494013	-0.6886193629387489	0.4016768990927623	-0.21747838640077435	0.43347744358572593	-0.34010401620694514	0.39041374991557937	-0.49918491128532966	-0.18215681536571732	-0.8203621378588839	-0.07356101333323992	-0.032440960031365824	0.34437973210951406	-0.5252550388740068	0.40758783570640933	0.3951266617877507	0.07004197668567592	0.016881625311390643	0.2986820904309333	0.0483201457897497	-0.02653803714978025	-1.1801197803528374	-0.13823965963021959	-0.7363357177550116	-0.8428244884108828	-0.25191360277848107	-0.4228309757637861	-0.028476983328043288	0.2554903557827956	-0.32248929680344246	-0.19229059347125685	-0.17700400158044163	0.0624864571759252	-0.10645985783511845	-0.38602976481415646	-0.20120112662053655	0.15944723707886405	0.7867124708348647	-0.5636003285786327	0.09810568850883371	0.4639338579838317	0.1670080543830708	-0.11276708083182808	-0.22194797744365113	-0.18603744975243813	0.7370345800172108	0.16788274613048185	-0.21121177735505056	0.5449163908340234	-0.3216196117173084	-0.1691189034968516	-0.05620774312363408	-0.1243226487369055	0.4345925482075314	0.17936838303424651	-0.11700934535710858	-0.48875776496026274	-0.4439519805592793	-0.04297778304786332	0.15480778770641437	-0.31212417563426464	0.20625653900894395	-0.8560617537068058	-0.24440498625132243	0.6894733501611584	-0.01286488797375354	0.06279493329465881	-0.32378687320596433
DTXSID7049267	-3.6041477948726133	1.3528392152642366	-1.850379149878514	-0.5166857416533531	1.0059749644954763	-1.1494981254769168	0.3239290538226195	1.298789243255019	0.2781858719425724	-1.3218848421155178	-0.11696368481045614	0.3641271367910008	1.3435640370372337	-1.1516776162281928	0.45143934506655703	0.3957788494171631	-0.8111592607949792	0.13461624406874373	1.4530711722900804	0.8547979070380805	-0.5077591694559584	0.8192203280766676	-2.0790910161968714	-1.1278044112538173	2.744011434295528	1.822786697719276	3.546672941585503	-1.0364377121665225	0.7674647486845474	-0.5415202277478944	0.40797689401854553	0.2893424369515658	-0.19584607963197437	-1.218498075386841	-0.5013208414555815	1.2287002414698633	-1.6205895639134198	0.5069112979459747	-0.9126917737647939	0.1760918904666894	1.0590298525392632	0.21404868468956936	-1.9531022378651457	4.292174432320935	0.6430037960173127	1.8656831949472685	-0.37449274296724927	2.023576750120837	1.735826430502245	-0.20963562360269206	2.0385733361701552	1.4907731993359865	-1.6794255181395819	-0.9579783787459811	-0.6740524269846477	1.923113545696379	0.9546608533271066	-0.3405286844116126	-1.2502164526498414	1.1052910640479419	-1.194956730381097	0.6135537362272757	-1.1627305994785602	1.07744757907287	0.5723125837021565	-0.7037551039599064	-0.7812863978258558	-0.33596323824588886	-0.19818253075742334	0.3996965526287445	1.0429717459673087	0.9035803350144025	-0.06829225542276454	0.17868685236300932	-0.9812422045537026	-0.48223101746414915	0.2547893304008813	-1.2000208127584857	0.4599247127910751	0.09650723351128457	-1.3092902836414864	-0.8540494908893428	0.5206946153439139	-0.8080898864821621	0.18197225289840638	-0.4302256958145609	-1.2615872650951756	-0.0386465674242159	-0.5656142759836321	-0.1777823503270557	0.07714679617655351	-0.006521665468104882	-0.3075418599707268	0.669131560188127	-0.6028075769811218	1.1660140422713843	-0.4357793811555749	0.5616995976835621	0.2430119017890088	0.9856790966156748
DTXSID2040234	4.350152428873982	-8.483949310790114	-1.6942908788141264	3.7219821036639913	1.4908426011562848	-0.9180521914766846	-1.9838568150678673	6.434307016301426	-1.3549726831831386	-6.972428488902613	-4.122461957641937	-2.3368822457505862	-0.1899263847673679	10.504601208116313	-3.302803427020672	0.4079602136363493	-1.2151257132184152	0.1424847173330027	4.294046589388417	2.50404757258076	2.1312945759274062	-0.7708973187546418	0.5756229991053503	-2.2143182130532377	-1.2269657887835346	-0.952720637273794	1.4963825469284282	1.9421251424992028	-0.46896355610859625	-0.8544698324320446	0.34799833427046745	-1.0932298187830125	-0.6363435110025109	0.5620387401194447	-1.5399379979172978	1.3423661368465432	-0.7357095047688201	0.530577646087707	0.7073637274586714	-0.15653173064197062	-0.17879692515121215	0.6615299306778663	0.538865916951868	-1.7877268785641276	-0.6211472280984377	0.10888968349084328	0.24084156676244198	-0.6943639123058366	0.4604308021267265	-0.23009621452605078	-1.459297150686074	0.8757746785037356	0.732274000885582	-0.5192291281706934	0.1328990400761181	0.060465019475811344	0.6808136840334166	-0.11274972622527453	0.028093101758201	0.4424646670400988	1.0058197800038462	-1.1209051357377313	0.5653359966955711	-0.2393402449310674	-1.6420890689072134	1.117151779012465	-1.6550971330035298	0.617384163493983	-0.07338413325279948	-0.058840443049628315	-1.6576379129468857	-1.2915704172385911	-0.5687239749956713	-0.4420973031781527	-0.4142891386519283	-0.6485438041143146	-0.3890503373904978	0.7489846773992641	0.8440743148947168	-0.3618672188237257	-0.6201943027868008	0.7790282763636127	0.20511331545734218	-0.34138475201499113	-0.17035592562367183	-0.5736176869411181	0.2530765114934931	-0.16572197093044333	0.05503188756576078	0.726210021625173	0.7376813464565741	0.10865080356409042	0.4843795237940869	0.15898143781098348	0.7153379106853214	-0.0050323025798512345	-0.4650363970238655	0.2640190223792376	1.3381938442200596	0.8178084964769918
DTXSID9047174	5.974759689499265	-1.8284648225080453	-2.998444591446479	-1.03358646031063	5.609006316036569	2.0169211653180255	0.40376485965070513	-3.071510405810759	2.531345165384957	-0.23708055848743834	3.6995828149571905	1.9965790236647518	-0.1262099500834107	1.5434185121010857	-0.938663971411979	0.3574276633596567	1.1462115041082905	0.7048404762337908	-1.3775868586165805	1.257502250097304	-0.7150224449063193	1.1937899736582855	0.8995482270134254	-0.28718995864813057	1.8383441084599137	0.02882531306077209	-0.3735760715541036	0.5815568971480296	-0.15157418743522993	-0.8863759564079439	-0.022534967520851962	0.1982750268524286	0.9380645963470472	2.5622088828311225	0.5111426761321098	-1.2948070415648492	0.6779420758031636	-0.2960767493411449	0.32114409275632755	-0.9130270197982391	0.6289101836695368	-0.7766925080601164	0.025422122145752794	-1.163165704854824	1.38694170231507	-0.3132668257264821	-0.7933476835197936	0.17102146313337238	0.2178483848036884	0.5804243394110232	-0.16010073504880834	0.4760910435731474	-0.5744351726583319	-1.5883519135578945	-0.6108077641647994	0.9980260926264003	-0.5746597650419847	0.29654415028315834	-0.056140094562625156	0.3968891944526602	0.5203214993697518	-0.5046926470362917	-0.27411401361540844	-1.4025169528363113	-0.11821560203226415	-0.9098113658804394	0.19349760026492838	-0.28456580522794844	-0.24761662880302748	-0.09486380513412641	-0.559755960917729	-0.05742090918399411	0.42598255076560027	0.3296724472656291	0.2231750615699881	-0.20698665232381547	-0.43043240205964733	-0.18591774676203437	0.7429995617660966	-0.5745299654729752	-0.6917235976812003	0.16631493021618174	-0.14101722317104443	-0.2772059689270676	-0.6207096986848603	-1.115499926985903	-0.6143816999738189	0.4797455142640297	-0.21140368153488828	0.11365903051028839	-0.6440235038532736	0.29506580611257044	-0.10783881877612685	0.14400649342477154	0.11956734527793324	-0.6202590921847279	-0.5048737823329129	-0.40220141632046597	0.40752666734928905	0.7351566496898572
DTXSID6045616	7.657311829284501	-2.9470643822126252	4.406989294658206	-2.922546455391034	1.6544376008583621	2.229592147693108	5.493177707414948	0.08435810756924064	-0.02388460971970815	4.022410552276404	-3.8253633106800926	3.343186158951042	2.277697556588603	-1.727592472314147	0.9914250131861198	-1.2387675166579153	-2.22611791827202	-0.42240407579769423	1.9082353072166744	1.692470712988038	0.31993725925748573	-0.7214530671897833	-1.532942676498536	0.3934603684100015	0.26964639211272373	-0.01929362360463429	-0.9752155634019083	0.22441687939801494	0.18528875593152927	1.0043235994992479	-0.14278844081403858	1.7380629064784732	-0.24919633943541739	1.6467676968846892	0.41011276966009247	0.7061174061127841	-0.4549784154924414	1.0969351471473123	-1.17095118949138	1.407074407923165	-0.07467705059324765	-0.28480350498667806	-0.9134297724991368	-0.35459540819244156	0.4303852476827609	0.41629786180054573	-0.33465837831686657	-0.4161788811228968	-1.056638889762009	0.9198411813931626	0.1102763703872956	-1.391469488385319	0.16650260349263954	0.29733093382003184	0.47977618176363157	-0.386373030635065	0.7244064721333786	0.16344564519616342	-1.204632538170243	-0.7823883868303391	1.1231853717140639	-1.5982813495220483	-0.021085312903072705	-0.7182378306183717	1.0166536589220274	-3.322236248445793	1.2373697281132257	-1.7079863424638557	-0.6669776778986799	-1.3864736850421218	-0.4850991810626331	-0.41552157422776087	-0.8722614116737507	0.5198619984985766	1.4018831769517732	-0.29098840587187863	-0.8739217426076947	0.7203794094663724	-0.9623080699444666	-1.1667309845459584	1.9645307034253492	-1.9044149499426237	1.7171980829275597	-4.447950865740579	-3.026931492515751	0.963317677022251	0.09454321264205177	-1.1703922164828044	1.2162985686133045	-1.2891085974159187	1.2925681101425168	-0.921130594532819	1.6568639493363924	0.331437972822225	0.5864766657474685	3.1151830815567436	-0.9412204886984572	0.20561678449338158	0.43027102366263786	2.7557323323861036
DTXSID9040342	-5.6526968742710775	2.966333783005248	-3.758211765918651	1.5628804704131982	-2.340320621748392	0.6734853761238483	3.8226343421892883	-2.3897904459191524	0.28062994428302	-0.2809703697331662	2.258730318402027	0.3354124975975425	0.7314486590898767	1.0732173160715743	-0.5761102267766678	1.2852019203240344	-1.336419978908114	-1.1610023047054723	2.4950128436205423	3.5583213352216743	-3.2038572318974055	3.1790470746404456	0.9752597027778491	-1.7150213711995252	1.6617882481784352	-0.8865830677706388	-1.955201915119303	-1.3585505329117338	-0.08719259329023657	0.19750477155720164	-0.6065169588440532	-5.987228215873304	-3.3954689654858163	-2.7339752870006606	2.703423780837903	-4.650621195708569	0.8293430857287187	-0.2762049312872705	7.959119487460122	3.4066361109278698	-7.963233387959271	2.9027632764397127	-2.576647872783899	1.9485973114850044	2.8663140440191315	8.901632167192437	1.0238934510068889	-2.4486537542486886	-2.0167397270225487	0.497649961943063	0.452904788566855	-3.2542543812410525	-1.6243138672944821	-1.8102786462665887	-1.1833679669900599	-3.1697664555482676	3.4806172894442797	-2.770618000005391	-0.6042423010942669	-0.8661519163991651	-1.3139469595474944	-1.3644330429275828	1.8437231097438544	-0.4090360809903526	1.2904936839134111	-0.8616677625462413	-0.5356468242133016	1.5052824937762233	-0.476259968883188	1.9591004738850946	-0.7750721040694438	-0.9409721069110931	-1.9424211124028097	-1.2221655500939814	0.9837388204820084	1.8100740307657874	-1.0070587383957335	0.07992196354738129	-1.5001678779517063	-0.41288101399834554	-1.3653169050379823	-0.42464150045822197	0.2681455856210554	0.8810295975080775	-0.4274111814359901	-1.100069570116662	-0.5090158238258423	0.6417061561641643	-0.7394578921993534	0.13185306878475045	-1.1983094346247665	0.6513238819353258	0.20162486700395466	-0.15373426082218367	0.31764025871214735	0.6282781176329337	-0.4285592169264706	-0.06983362364263056	0.40121412188699895	-0.2224647849853513
DTXSID5020154	-3.641748727330202	-1.081306864216072	3.4783025932396785	-0.5233234528861982	-0.6423375432358506	-0.9534222874864143	0.1820843629492511	-1.1894414582086767	-0.9472924002351446	0.7231463128952995	0.5721584196471379	-0.7783975348371938	0.15032424346817197	0.007762896441708047	-0.04768340078927094	-0.10892418591478725	0.331045268550501	0.5061423264668468	0.31332438465503154	-0.5549743571659371	-0.21332068901179338	0.816252420290481	-0.5719918438941572	1.0041950500522672	-0.3261468106726314	0.27565796682869576	-0.04987855042930006	0.532251620935928	-0.11340738328311331	0.9728261363579646	-0.1575647800936172	-0.23997878549959523	0.22315101639694018	0.48436978924997004	0.21365220612597646	-0.03664062879792548	-0.1544639917718224	0.8084257659097239	-0.13886631721781997	0.3035740405614916	0.15570493950540262	0.004340842615689184	-0.4288875797081238	-0.42237142906477637	0.030779510291801558	0.1158731968845097	0.10328998126237467	-0.36428717969890556	-0.053357900412720254	-0.1594926953818854	-0.23281744987677483	-0.7834312627531542	0.28284152457452527	0.30897322437052527	-0.07761159416743217	0.4463158462758191	0.023022537718866136	0.5381434965339623	-0.42272026436546545	-0.5315602350942962	0.5121645350210627	-0.16995127174263042	0.14680493105248246	0.38697121575188137	-0.2261602318551819	0.44715250227479936	0.1411979240104665	-0.33099173472286686	-0.1439524734034716	-0.3102746693586169	-0.1093533626579382	0.2153633395918823	0.11550022949933146	0.514547722433888	-0.07663049787367228	0.02450226966650805	0.28312921020440573	0.35845483219600427	-0.06087714318142549	0.21726761193536795	-0.04498856868251288	-0.3605862233010279	0.10050532280825593	-0.3790432876294149	0.14082287704288196	0.03855428733680061	-0.14547683031827555	0.34918420604549516	0.06094146299849008	-0.21481102859418208	0.29343155873443655	-0.05596167833529137	-0.09089012380295729	0.28678455691903254	-0.16111838193094355	-0.28594818211321965	-0.038158367126422496	-0.021412205384051405	0.08348032474093084	0.24586598142635283
DTXSID3044706	-4.717727078759823	1.4973711066833468	-5.220129720245239	3.0814470768555435	-2.9433960369944057	3.578452447414487	3.268905822179704	1.829812387038914	-2.072076632977944	-1.3478514091966214	0.3681924102782484	-0.8844718759513647	0.6345856833337797	-0.08068791334875028	0.3035365371666375	0.6205580486165516	-0.8143445496925974	-1.6857207495629427	2.464553526311992	-0.3799250780370054	-1.1379658491989604	1.7580559024711695	0.2373448267706028	0.7027836324474859	0.0325363503480734	-0.14817322856626944	0.19323812089160441	-0.31656666009926027	-0.17915278945282576	0.870108095299518	-0.40504495571928195	0.08922687079679557	0.4415082611482826	0.9601356787720501	-0.1511314386003375	0.06818186946895326	-0.7177329585356318	0.10974945591161131	0.5207388596485276	-0.2758872990554269	0.010724171147588663	-0.8801624117619554	0.07028509919992433	-0.624525096750421	-0.16254603812220772	-0.8298200676087845	-1.0411474400983434	0.8698872604953852	-1.0695755115088326	0.009363742840562106	1.2080895746788478	0.5667587271129982	-0.8074570792868894	-1.0343140422578476	-0.3893136384578373	0.30863198750281395	-0.5286192485264491	-2.024081317174603	0.33963958276864675	-0.6655799152398139	-0.9611436151911648	-0.19664332085085018	0.6095742378676957	-1.1621907099032553	-0.86722223557524	-0.6220527058445525	0.8254081315403706	0.738846171827311	-0.3902684530599351	-0.4037349063297713	0.3222966594954105	0.23963082252343362	-1.3283189441975112	-1.3165727739478141	-0.7599357682017452	-0.23708395561137596	-0.6369044292210252	0.7007410214407945	-0.3751947899229911	0.27355115720387035	-0.6844879794714521	-0.5955349901733538	-0.6859205036031377	-0.6117634975647543	0.5561118505344235	-0.8527203186230086	-0.02493471956100084	0.6765142714451275	0.2343975425271196	0.14074679038695162	1.6814372009033265	0.8728244284891591	0.4043786605285661	0.6644596532484429	-0.7673171733646228	0.08050237734507991	-1.1556006591302626	-0.30144128349105825	-0.7776680956020177	0.4934393997850974
DTXSID4022814	17.479162678328922	-9.770755804691795	-2.9561458364780804	-3.7957573096891886	0.2299664892416386	-3.845630735925176	-8.660572793955932	0.4058235814408369	-4.450065026137386	9.577944785632173	4.316672951596623	-3.9476760258599652	-0.49870030450301966	1.2382849905968818	0.16955619689367554	0.8841191962026658	-0.9847536607450925	-0.37501783060177735	1.8062071697337818	3.226144418144709	-2.4943920911867563	1.4617219503430046	-0.964560000733109	0.8033900464650847	1.938682015873122	-0.2742489643831	3.67233016850132	0.06291433415750723	3.3310143236917154	-4.541170636135552	-0.9522192104856475	-1.4117647288368969	0.13800609371646264	-4.689864848263167	-0.2515238152387331	2.221798854388386	-0.8383936465428126	-1.9673238623849107	0.802984899301879	-4.13790537923785	3.3943271192390956	3.323920582016082	1.778184102372148	2.377528201848007	-3.464114145499903	-0.7922707340154703	3.3351309918360434	-2.881859690876249	0.036890886007750465	0.25949841528888656	2.4139288359399282	-0.8880847851344782	0.020359909731835577	4.468074112933731	2.951936699127413	0.546660926259271	1.8330051269682115	-2.827957005142821	-3.079702115156358	-0.04991565842325852	0.052468795919802816	-0.10586037858480908	-1.0055663746625114	-2.828251878016711	5.171704305514166	-1.286952271284714	-1.8846740110823372	-3.187648128894011	1.7106246858088234	-0.4089920428785754	-2.0167359534302642	-0.7647460879396103	-1.480072453604362	-3.777894872880038	-2.639422641418584	-2.690416115220575	4.547901529755742	-4.849898562057387	-4.168612093054847	0.39848815119224196	-0.9978413625220578	0.10869942239279945	-0.7749121267778443	-3.350443590937287	3.459847969547399	0.3210257141338002	-3.042458218426035	-0.09970060668675818	0.40735223872593673	-1.3493678120151305	-0.014690504683490284	-1.029141332898599	-0.49781520671376406	-1.0044216463608442	-0.12810956131624177	-0.44203914235754604	-1.7765467119619476	-1.8413646556110688	0.34003836825812467	-0.483186701877118
DTXSID4045921	12.203958235790259	-0.8916908431022801	-1.7175383486623725	1.265339165752544	-2.3880504032756424	-0.6429240613294253	2.23646186953753	3.856429563912022	-2.179052844801278	-2.3767771634633212	-0.6535389401367069	-3.4532878249397565	0.6833510867225003	2.33134895577285	-2.9671187472878846	3.936494474424138	-0.8117676738527899	-5.987967557490951	4.685814598402294	1.4663466350227006	-2.1182026107699827	1.301479330897708	1.911848713217348	-0.47136623891293433	3.4349413845550436	5.48599415551765	1.6128159115668037	4.458634655305065	1.1839099923646301	-1.8435649705111836	0.5078327535932783	1.0610899765564241	-3.733716884455848	1.4969694981343251	1.9005555501038467	4.247185493571151	5.936837498210181	-2.344606397200642	-2.766971773574285	-2.7419723807549623	-1.144988728254159	-2.4887926434135585	0.4165998810694989	5.886313702855419	0.2439979435777815	3.2912540977410756	-2.1187619895269716	0.5617307686968825	5.26214752634229	-1.464960302979314	4.716364746190536	-1.3772387102422292	-4.781108099691624	0.6204103770717172	1.3687972794090888	2.1017942243707144	-1.1944885167359796	-0.555087687654138	-1.259576139844239	-1.1711410440430914	0.2930978687404388	1.465582506464014	1.9593903136538584	1.2634208581157915	4.366403486314357	-0.8426330601540405	-1.403012296527791	-1.1689458881752044	-2.5618465674158144	-1.6738820425638383	1.097210484377729	1.7382594550286816	-2.0637912659584976	0.7904818539986653	1.8963488538080882	2.2374074944524516	-4.247581364699525	3.903231254002698	2.534422453782427	0.4942941583328452	2.460086913174597	2.289829139661117	1.7786711094812342	-0.4631103003582615	-0.9068371389578078	0.3587259822743064	2.9152529596062435	1.3159667228656662	-0.23752015594003148	-0.14802238182006627	0.39654735504159855	0.47118966977212967	1.540221643813454	-1.0825898083333134	-0.587946440223503	-1.1314576071044737	0.9205045481028437	0.8720228590918475	-1.6388630487691804	-0.16074885698108612
DTXSID8026773	-7.465757460648526	3.832611578721649	-3.1178610488942633	3.6476043464792034	0.0046188271867164355	-1.765014358530858	0.6597852779032922	0.5893013410092253	-0.2933409456038978	-0.46823960651278806	-0.552542315249122	1.4446491571821767	1.7821797597270372	0.293530085028445	-0.8686946924213682	0.48560559013591387	0.5887750746641572	0.16133483519018751	0.1425977357514088	-1.3419861697739244	-1.0875348896016994	1.8095643917707418	0.47884316247413045	1.2775901006538488	-0.9739699707070444	0.3379666950528976	-1.320194291603914	-1.0059114809360854	-0.6020943238596478	0.28509919601911804	1.238392883661825	-0.57685939546259	-0.04406936641026228	-0.38293232747054357	0.4467847260511282	0.47179852075829676	0.18030750707410065	0.6849268583851412	0.13204381359572312	-1.2808816189577519	0.5709838822992137	-0.8459813513162251	-0.4894465538268413	-0.12053659913983528	0.5139809182154309	0.4832353569382689	-1.0645458219552946	1.0119804404993715	1.1231960483917465	-0.2731824664793755	-0.6653027671423523	-0.5254540279981281	-0.14799122382697386	-0.7435570580113364	-1.2514048401600797	-0.8340192780213389	-1.0574017774805686	-0.05359295587644311	0.5111184390626974	0.6428973650323516	-0.517265152231203	-0.35499662958136646	0.2554769221472669	-0.16963419698416762	1.2758420974071607	0.6595347048830112	0.5633753902213071	-0.2621570361445288	1.2334555759985215	1.4764287839235524	-0.9675910861580234	-1.5247593708072615	1.0882890059057237	-0.40371694564684824	-1.160210043661482	0.4204611498582187	0.7370074536312569	-0.8939479504263869	-0.9285241701290141	-0.29408265510260395	-0.07085366963582215	-0.543960169970765	0.762743467061709	-0.09092101816348815	-0.3344885097678531	-0.692359689512595	-0.49152025047116926	0.1579714354078283	-0.16730119441781535	0.046683708814116355	1.0000129049861277	1.431928535137735	0.652026229431597	0.2983911846539496	0.0777958412349468	0.8791007861142238	-0.16973570898853577	0.14308760985076238	-0.1399659544405788	0.44094272533557566
DTXSID4045210	4.592447842091055	-2.24461578954577	-3.803320815822592	1.0617460367689047	2.2129749640810044	1.25708006674191	0.9476175732823708	0.3496255122301248	0.9902372362413014	-0.8039441962035431	0.9253975069704918	-0.01874228987642704	-0.23921861709016617	-0.8797411843008339	-1.4198799348399562	-1.960208072156138	-0.00978316272855816	-2.2759295225349954	-1.1894871886236449	-0.7097763497421787	-0.3595726528521542	-2.0100609738984287	1.1897587529771014	-1.034450733686674	0.7142350501145682	0.2152965480906418	-0.04629617632921203	-2.301117555740706	0.6503325222625908	3.3311706032184656	0.7208326989417516	2.8511753607894947	1.1493288788601748	0.9732498104965789	-0.5475012482253595	-2.019055897218948	-0.29855804804995417	0.21945922568176257	0.5170492217100086	-1.0440799645580532	2.7728622787765014	-1.7857613691324647	-1.5780867829389742	1.4901486916025837	0.7313159774027597	1.192599120307081	1.1595364776780392	-0.6258665217943089	-1.9731291747114819	-0.840091755303133	-0.07025914116638712	-1.7554469144209717	-1.4084280061547472	3.1598642820460348	-1.3330552201103814	0.09585813283752297	0.24487141821967215	-0.4153247662698655	0.6925484916283225	-1.3790824197300566	-2.0003918386431554	0.5175449113882712	-1.2194487544409576	-0.5059117004153417	0.8923879826085679	-1.0315004429658516	-1.322521811515394	1.1263298442329106	-1.3467086025814954	0.18280841065825348	-0.8003673709584256	-0.5250416456160591	-0.4620930767323863	0.1641699144773836	-0.7032473525822962	1.1924450680337855	0.08256901136316942	-0.5056579291945182	0.6327506414365072	0.6525679556220396	0.8189839990586565	0.30166082871247796	-1.1584913044686034	0.27880362015663324	-0.4808416341902232	-0.23645535509563678	0.7765269576737576	0.26856661934600895	-0.7946274737561869	0.8420310850647356	0.5193819992792589	-0.03518032480816989	0.41601236725622115	-0.1619727272470774	-0.7810833085462751	-0.9700975445660707	-0.370814535825628	-0.18819677817958713	0.07017840552980098	0.3774475375445523
DTXSID3046613	-1.5089956463421912	-6.468771004351907	-7.113949269059885	1.4290433525765258	-3.045242381530714	-0.5634217640562974	-8.274834839475009	-8.207537280480011	-1.9083812629230865	-3.9730525087641144	-7.592859193808759	14.10438423464099	-4.0694328240197235	-3.943051535542361	2.2773503198491203	-3.2457835066709873	-1.8383836437135535	-6.556340947615007	-0.31549662541767187	4.384128201783594	-3.2799477201410503	-1.803721874686049	-3.071518646576734	1.049097698581324	-2.4364709292807576	5.855515174778978	2.6374639413445298	2.4143080664798893	-4.100388117178479	-2.6928664766159836	0.45739763859715504	-0.49074719715538956	-3.132325526268058	2.235212053410512	-1.075542534622011	1.0478254792743356	2.7327740147223474	1.0676583096253103	-1.3941464135957213	2.316937212502852	-2.366582717008674	2.638103681234247	-0.08311957754503749	-1.0072437154915463	0.7399210372242964	0.737049609115682	-1.0164641437000994	1.1368333155201962	0.292941928563146	-0.6372209788854947	-3.502076794744663	-1.1485062614025452	2.3236779050617384	-0.11320237150957731	1.5323676368788184	-0.7796380168126188	-0.5910699006143102	3.109211831520295	-1.338874027984914	-0.4419221393368441	-0.20657190439905698	-0.1776993139104405	-0.6222469710255901	0.8228830100397451	-0.3810517713509384	2.0227392495266003	-0.6854305210804524	1.8441648163180382	-1.5392322912844467	1.0674039126782744	-1.1388530198876001	-0.5350692446964863	-1.9439919888062098	-1.6645825484956442	-1.8975802148613345	-0.7553765669853364	0.7334665999426867	0.06658324456220148	0.8161115179968206	-0.354543765701894	1.5756413950651784	1.0080182691678314	0.8602626242895419	-1.2394690183103125	1.5570673492744669	-1.3351942441865703	-2.062169420247141	2.273556904743255	-0.7198627836270169	-0.19741582711974703	-1.2047004673194348	2.7278002689444047	1.3022452391414279	0.7688447199965291	-3.8788740275357827	0.12159565907499705	-1.8523569136132045	-2.0001906223608836	1.93376915370929	-1.5344477313920615
DTXSID6047369	22.996702156786206	-9.567336102515746	0.2003220370062592	-0.37568992800058615	3.176030534874374	0.07746790935690558	-2.1179390855032953	0.8277912247567962	1.0683271504190728	-7.176047636030726	-3.092008867545005	-2.733685221754208	-2.9142835474321775	7.057913779155033	1.2737676248219956	-3.857226799118584	1.08338151426235	-2.2554731761134446	4.564695362369788	0.5120125290424549	2.219630459382805	-1.9948358431673494	0.36602057479934547	-2.214536969668275	0.7171919369723956	2.1008979389930156	0.09591770746777614	0.32287101765708115	-0.29142565707256424	-3.9821817649626317	1.6291988736130907	-0.9893996304285115	0.5476620416250011	-1.3315360795531643	-1.2506220968333785	2.598552140884726	-0.5708672108272441	-0.12174907413769441	-2.689526058942093	1.194315098363429	-0.6239417067842702	0.8491322735451768	0.2357317217657822	1.048593679145	-0.75669932732191	0.7429275646801595	-0.15791432584700332	-3.495360883644045	-0.18239184338796638	-0.6499697469049969	-2.103845692809146	0.28001450344804624	-0.6887855887561914	-1.5086647629893044	-0.7055831254192703	-0.13175635376150516	1.2524890763368663	-0.5414655222707953	0.9393380887068434	0.8335827595454374	0.05476939815030521	-2.6923926785099765	-0.5508179081543871	0.7188697270501155	-0.6985231868889719	-0.2340584998689845	-0.9132901361354853	2.2429786096069004	-0.15516824177913302	0.6539263490906028	0.8370819897281778	-0.8665809654256748	-0.11417542579170235	-1.664435784915714	-0.30925483533405734	0.10627826245858216	0.7723355532962756	1.1210821646891924	0.4055907573604272	-0.9398281073155873	1.8758147573540052	0.8686389354350343	-0.07768014854784776	0.3768368047384833	0.3014810760926416	-1.9012001805086505	1.38692415368204	-1.0159787149510657	1.3991905128535742	1.4383393409878928	0.3127490479070751	0.5105474391973432	-1.2417028737074387	-1.8889941992607864	0.5134008485886703	0.660222256490156	0.39597761270928716	0.5371474139128524	0.8868118250772931	-0.7552072061332065
DTXSID5044239	29.35939929795955	-14.164331260623703	3.30684385018498	11.318856199843149	10.951607098712207	1.9018370959560427	0.01562969764335003	4.296294268611379	-2.112231052105437	-6.833875748176554	0.12133140561367368	-4.153654640453161	-1.477342214984858	5.324699189141384	0.8531678937059561	-0.21229357885441935	1.8457346243716939	0.938763643191815	1.1881500862293937	-2.5837164950407154	2.92026398167071	-1.2133967398857142	1.042745268491715	1.2603257928091585	-2.5302093310309393	0.53421555916129	-2.367379990956437	2.295344276173197	-0.807988387767708	1.2314342242689742	1.2054570094129484	-1.028575280324925	1.2771822538237543	-0.26843993496764634	0.5398874735586521	1.0780604832142715	-0.818013042852732	0.7444352608585445	0.36931709468100615	-0.5525037282003831	1.0071768504572123	0.5261370841294314	-0.5283900674117503	-0.9318382417465849	-0.5379534538433269	-0.1866414558612043	-0.6067654616398949	-2.6616667961951275	2.216359522009791	2.046894152913086	-2.7110365777871923	-1.2847339720045545	-3.9441239404095394	-1.617835443174841	-2.8232110132462815	-0.8559239441886344	-0.34231315664631495	1.5274392233862886	0.07942675657796214	-0.6959651250004651	0.8052028344490141	-2.221079273827217	1.8935649033307576	1.3387089455806507	0.7074252457896758	-1.3935770631703233	0.3761618831431986	-1.2054782835879514	1.6344583681055376	2.317374839098251	-0.81360376285657	-0.3021799526573595	0.9952614442867687	-1.1067703555452628	1.042615734931672	-1.2683926325222656	0.6262524460079636	0.6706584772728184	-3.145950850079448	-1.2794843890705418	0.7714187811203851	-0.6075218752810994	0.000926335740324236	-1.9947864534516035	-0.5798428837111504	-2.1179942478741873	-0.940635203678393	-1.34382239836988	2.061317131213	-1.0232823092135002	2.3231948168984298	0.3886841705534354	0.4128494680257775	-0.26327770747641394	0.32949555574863587	2.51823818819685	0.8008170096456486	0.594863494053506	2.240944408829493	2.085595250354995
DTXSID9021059	-4.578550804481637	2.2057006910724257	-4.003922222420599	3.500856238926154	-0.5708094026283745	-0.12081028018860225	7.010858454112786	2.3164404021243694	-1.1317292164128934	3.893923827260729	-1.8194827782048957	3.675623257252532	1.889445939677241	-0.21911995400039508	0.9653042975263525	-1.123415450830685	-2.1297912199777054	-0.2697383596366617	3.059226272139574	1.0837731188807624	0.5364194779715218	-0.5627645711935105	-0.12658742692622543	-0.3500520197842669	-0.4688845538643671	0.10391126831763697	-0.6973198716842945	-0.1549935126978763	-0.0006575623671250458	-0.5974719213232432	0.7434026501561745	1.8819503408778457	-0.5680690848257868	1.2648519641793468	-0.013634850570838646	0.3753460402690264	0.4360595800089095	1.5298297562205356	-0.6905370486901264	0.09028709157860675	-0.6808991506259409	0.24734280499928135	-0.06746795027512194	-1.2563366558960265	0.4452062354827276	-0.0653172433400995	-0.5455122820288508	0.2520284637043402	-0.5590781760021404	0.07146768121557073	-0.3262540222776018	-1.4298372155702825	-0.933546511593736	-0.5873936093411559	-0.45332098111060326	-0.02892837599182291	0.6212894777667491	-0.45188863714596467	-0.9140517857886278	-0.5987259321744939	0.5344609673310752	-1.3159563267607715	0.07583070749680118	-0.407091456839889	-0.12588652767421388	-3.381560179284343	0.836080941742223	-1.2445901198804108	-0.43711097217211353	-0.11629480038550051	-0.23780453290975698	-0.9967892670809951	-1.2753869543464285	-1.0791157894357384	1.337566838768079	0.17425163807438468	-1.6354754285866817	0.43969139705259724	-0.34612744045925825	-0.6222129876373754	2.2138304496447296	-2.028225567275468	1.8683303991844427	-2.6728213190183925	-2.1174330108158483	1.6219097314158255	-0.059842628789862594	-0.7406317401197045	-0.43615034790706014	-0.5824687753038492	1.9035932054942368	-2.003772774327145	0.6172578284785596	-0.5024037114534319	-0.47858471965957644	3.7472003936786575	-0.8550735823956487	-0.6191768438202472	-0.13716963912186222	2.387444539291897
DTXSID0027149	-8.086892610373202	1.1521008839573414	-3.1340721946822807	4.026709884673678	-0.8380445394865943	-2.430743600800471	0.2970917619510053	-1.481832824640986	0.5182680528836605	-3.543100277280136	-2.093775364488458	-0.1452031599173317	1.1426059785718534	5.6790310098327605	3.2761958339253314	0.036217605225169536	-3.2113663069478555	-1.1790021164922215	2.0555888260888993	-1.1041666551142466	0.9067261559685185	1.1698011607974992	1.9767852128385472	-2.938913226106698	-1.0282781125888194	-1.2872819142188254	0.0008805117747210557	0.8462154428062999	-0.052156714866826694	-0.8116375965813616	0.44732393650878477	0.30522633694876666	-0.895584884852343	0.09965798240038296	-0.3779233424121122	1.2398395046873936	-0.8138073840609451	1.0831303362383136	-0.8137006832460446	-0.2769689741044574	0.2168971238816074	0.0715360101595385	-0.18117673498044626	-0.717732677745522	0.7906547781854688	-0.11689248142840399	-0.26056114231603056	-1.2860994226975135	-0.4655016502290653	-0.06218092131658643	-0.03760510983572047	-1.0580171099958575	-0.4724298660019347	-0.09372305812385505	-1.7773858558733462	-0.02549786891418739	-0.11562938126503838	-0.7773531489752569	-0.5056424995454369	1.0161693515853456	-0.5418586610646433	0.10907205983464233	0.5864607824117462	0.34336247979651324	-0.19971762736731752	-0.16606564917396835	-0.648531010822639	-0.41875385031071055	0.6858666778515633	0.7552664404424543	-0.07655307173729274	-0.058955107389188785	0.22791847755085026	-0.0987452358835796	0.4090085191884415	-0.07345535880368731	0.21620172186365724	0.301320182321858	-0.3688773482765256	-0.16939120591748688	-0.04054053691643802	-0.3450495997757598	0.20765734424249888	-0.027195372780951615	-0.35546289915037554	0.08718613199830912	0.5418059470096602	0.01305761764932291	-0.2660700808363121	0.27790247044386757	0.06812676952950683	0.07581133498236349	0.1610572349906866	0.48353917877819486	0.31410897506309826	0.15146922607884572	0.2451119156867234	0.2022779569957843	0.08187758564470911	-0.10855031188730802
DTXSID0025074	-5.04135302289517	-1.3126957687300576	1.3989138469793567	6.9710106010327655	0.7553439993033578	-2.893092804757615	0.9848810718019309	-1.9302365028746846	-1.8321103772491905	-3.1737107374053277	-0.25454493849472054	-2.4294309158202054	-0.6908879057446566	3.308777512864268	-0.13432241680258855	-0.4371766684221894	-0.3617036122066045	-1.2135555936004065	2.6372329519580715	0.8845304002028282	0.46334094973129636	0.6614047094274687	0.2840449089520087	0.8405846516873381	-0.3901190109575216	-0.06381538150814078	-0.9754092073197368	2.329239940321311	1.5253962219688662	-1.2931072409473279	-0.017039282736825846	0.730431791952431	-2.210546967844233	3.805888395378637	2.111570143451025	0.09889190469097107	5.9184356345254585	-1.4679160306835293	-2.6473506284036055	-0.7532571600712905	-1.1873196048284032	-2.500092592273583	0.6534979639191737	3.266966176088851	-1.1870468285831073	0.6521841642498751	-2.6471623837853184	1.4043417185921703	1.4230998506097041	-2.156306488408009	2.1324310027480546	-0.4771650591029651	-2.1272257243754704	2.582821879678409	2.598498452329137	-1.9201282110730653	0.9052624836580421	-1.452188351821663	-0.318821914851055	0.4461522955319487	0.3339220445282857	1.0344146510115466	1.2499152075780173	-1.2296899028224286	1.3748030910923292	-0.09347558533195274	0.24379916343063043	-0.7339750987864537	-0.3163623500623602	1.0590557929462963	0.1574724617805855	0.07008262188932336	0.3624020491348042	0.062436035732066644	1.0148406399785324	0.511195814384444	-1.1366456070567728	0.3930599056690134	-0.032026957499364524	0.09777031895443201	-0.11016761266607003	-0.43594312679920066	-0.7698555219314199	0.6492106214267706	0.1129592265408291	0.7254066039643254	0.19235404138073253	0.018536611351140517	-0.06058422344835431	0.2893366726420617	-0.35754499180921345	-0.11245154963201902	0.7171552309431988	0.6878393969938056	-0.6533360462462426	0.5085577652334328	0.45466581602190365	0.18357194507674496	0.056060053717027096	-0.5288029384272304
DTXSID9029221	-4.700134650687482	-1.6123860677458302	-2.4346573280031816	0.7758162385783807	-1.611617260636483	-3.5898925572286524	0.4154220985907875	-1.0115358375561647	-2.095656425472264	-2.5806188530363388	-2.1869461307441322	-2.5744425401053794	1.2225873091051007	5.0613267054374305	-1.5046318370468696	-0.09023429402684735	0.14189647890181545	0.3028393490461058	3.476948443165071	1.584670745888603	1.556563011922637	0.934838297410612	-0.5709941050977131	-0.6506239995011239	1.1196475495389975	1.7511785985576638	0.8421776173072638	2.031124091505542	2.0312546602011787	-1.30457831396932	-0.41656922053114465	1.2819419869737023	-2.027521428847731	2.443407899011905	2.039263684619204	0.6165083179125834	5.477992677728268	-0.925884765703988	-2.9920305063977306	-0.6793484336536776	0.2372112207006278	-2.939324767160588	-1.6631021895014897	6.1102435114982	-1.6566433740798083	2.097248207337168	-3.0463836944057503	3.9711327595184707	2.95838507856291	-1.4214098958123444	2.851026739075064	-0.1523930359978305	-3.3749370908235092	1.4137804262710467	2.0091589777053147	-0.9837550592749564	2.4258294428659384	-0.6800008785337892	-1.066327237266478	1.0610714348459387	-0.8894558129257131	2.0908170194291285	0.9242163137172835	-0.38046775938835403	1.3233742925144834	0.3248489392566449	-0.17687262329908776	-0.5901887104827466	-0.6817881662351101	0.8738737880671299	-0.19189865311706095	0.7447148248911699	-0.21816851072030036	0.11034974622380381	0.4795101213520198	0.4149392319925326	-1.8017252971869129	0.015721758373300983	0.33224739274585924	-0.06724878343242689	-0.7070293646441647	-0.011073093265720906	0.05788410067723355	0.2564644767729006	-1.2388533290917654	0.7940437411363837	-0.10476912254506679	0.21151664501424683	-0.09273908260143347	-0.32378260524150837	-0.5603504791464503	-0.489609381374854	-0.21925976590398713	0.641844208782882	-0.4743416734435327	0.7806945877769136	0.8257253157708485	0.4541385461330485	-0.11057154202939683	-0.3467364677032848
DTXSID9041075	-0.5412233242370181	-1.9682207670261482	-3.1321715013200597	0.7882151183096384	1.7763515106247776	2.2492412387033816	1.492989509149547	0.6766959801138744	0.8484654902801636	-0.4190418766897652	1.5857913178652374	0.8080605242042478	2.730511039336904	-0.3762441286535487	2.2268470102056876	0.6475567814079299	4.153662572120173	-4.15399623708095	0.25790540878039786	-1.8719479156279724	0.5391813302278426	0.22615450818809707	1.4703916679175495	2.211800497181826	0.6127815941240936	-0.7960612912892124	4.112596867410356	-1.831656714473062	3.692498044740203	0.1187864770247984	-2.0451853102987245	1.6265765928336535	-2.349945149025139	0.46342446857733877	-1.1598706108897907	0.4661363279930909	0.9261499050233717	-0.6987364950439693	0.6659223033504977	-0.1126195909403318	0.14468940553740833	1.694597047850936	0.5349830232356394	1.064225052445399	1.2918548648801529	0.8613715164053869	0.18456066190545184	0.15147671495648138	-0.572156641262074	0.08460856036865677	0.22065562492606589	0.20014477796634908	0.9491048683649531	2.2723568092073307	0.1931468828913927	2.2446747052186344	-0.001969399888147202	-1.4347230320929216	-0.7159599626421873	1.5911573961974954	0.5845327415131435	-2.699354935430016	1.0576527664766586	2.072703197293198	-1.687877209804547	1.0189848393416823	2.672805885937931	-1.1422104802170892	2.422803559472889	0.5457727703237879	-2.438095381934274	0.3568629839576693	-0.4467768661973683	-1.7089670455882964	0.4662811030501018	-0.7421737948869785	-0.41114769573101123	-0.006478557300577904	-0.6663586976526548	0.2568897400854209	-0.8504041628740509	-0.6527679128403661	0.25941845654537665	-0.3430840489645341	-0.4027576125020658	-0.22594869619913358	-0.6830675070296529	-0.5117123702841819	0.029668414748781152	-0.07806663964217542	0.8941369305104565	0.31477539773685503	0.5227323700948012	-0.2557565205758761	0.3831451072024552	-0.4170805476262266	-0.13527875328187028	0.12467019366463636	0.7250167070082807	-0.1997687827386626
DTXSID9036438	1.9808774597534273	-2.2339264769616705	3.5005601175499628	-2.2903234319829626	-0.9977700421395332	-3.3080571109798194	2.251278084676542	1.8930906939913579	-0.34715353387273984	-1.511555129210795	-0.4608580490284779	-0.5248652114915413	-0.06371809332115551	-0.8095497845218362	-0.3881302019789087	-0.6277683116641437	0.6831513643104771	0.5489552993473926	-0.3940235785778176	-0.053971766092995435	-0.5762151491894217	-0.43869692448035574	-1.726634637926543	0.15430260384662303	-0.13206897804052992	0.2556145166368496	0.551317188307251	-1.1437644403190432	0.7726814666593452	-1.5623053971566854	0.6057659861472673	-0.3892549002351166	0.40225390750468537	-0.10964909891700989	-0.5817253332183269	0.042048188504112204	-0.09231381030489096	-1.0007332130032127	-0.8592229608972765	-0.7765832791847173	-0.5981961689961072	-0.9711254820943515	0.513005997077198	-0.3182478748436037	-0.4194355177173239	0.5900801574042489	0.6909256080245235	-0.6191979503026765	-1.1692898538608574	-0.338425910549014	0.3007838900464386	0.2843031444513792	0.09062486018007844	-0.5427460250686731	-0.44295026823547134	0.21262663961790268	-0.36176836252155326	-1.4199841794971448	0.43881010846267826	-0.0006277291615256982	0.16755531288601744	-0.30409257233316866	-0.46643779853565986	-0.4772017857785776	-1.1636103661238502	-0.24892195258849106	-0.6047329519050986	0.2339503616769023	-0.24291592567659287	0.029879843225310773	-0.08510576982468868	-0.5403382308174267	-0.4342347145431103	0.3503210245897748	0.3096828814092498	0.5827540853331056	-0.3989941351289818	0.8074999206033836	-0.37539922797561087	-0.3439661593552373	0.15694743365690605	0.21220985511106352	-0.5371867527427768	-0.0046434508891973385	-0.11864118237508782	0.043115892352987975	-0.22979875567291372	0.07664344450510818	-0.8128967591429178	0.3831271624034325	0.16255594067617066	0.09891826316154687	0.06691484683189661	-0.3433172839454357	-0.15643023744090892	-0.6947287479798052	0.31419937409491905	-0.6070908011974916	0.14237802633754246	-0.7252200324507906
DTXSID2047935	-3.8207767195728892	1.7500807208651392	-1.43642422981463	-1.3898827787045906	2.053914209291862	-1.144586400972163	0.9834467292860442	0.4527575496447638	0.0802256295532614	-1.443460770537838	-1.3565901778760323	0.6443525843831147	1.1441886304249351	-1.2081036354343389	-0.08898900415024653	1.075098297323586	0.09855174619505086	0.250263203678532	1.1647556130348036	0.9460592548382505	0.12295943886577604	0.6820750597980213	-1.841961303435697	-1.7613015672782728	3.118224238447356	1.6687367264287356	2.2984057395428668	-0.3493554347433793	0.2269467489451527	0.0311062061676103	-0.12787991245472702	0.23615244640614869	0.028063994348839532	-1.1186225119039095	-0.27705888615026103	1.1086212198597167	-1.3404217964542209	0.586205615486112	-0.6053139385421803	0.3604516050050633	1.0754339035619342	0.4148832356618331	-2.112454009647548	3.5487549365227427	-0.046251849244534377	1.4125509979211404	-0.4140132160710092	2.5801360164678964	1.4220986218971279	-0.22232719970877488	1.8510897507020505	1.1989388561273422	-1.4830166809251162	-1.0745180898143487	-0.8846142197647755	1.8616046839166107	0.8490200738692797	0.07591600426641142	-1.2773068820809315	1.0108865585154232	-1.0457271908882582	0.8987035025221004	-0.8651136314386775	1.1711924226413402	0.5147639831276906	-0.5601770887724251	-0.549536606694414	-0.15356427872199263	-0.35477373125499473	0.39328323875324384	1.1337114272780766	1.2057427698311975	0.1629438117868151	0.5434636514045256	-0.9701300483445108	-0.3215417406052089	-0.25370605920889433	-0.35943939974288774	0.4397836761998614	-0.2902323521251499	-1.0933482570109536	-0.38304917672425426	0.540398780395407	-0.43443789193638216	0.12360205775134638	-0.04561191642478946	-1.1300595050329925	0.018518551718214513	-0.32879933001263856	-0.30867847121833913	0.06261943138367779	0.028930543714984124	-0.4351664209681516	0.757078073808563	-0.5072153570520924	0.8818865049677348	-0.38607249047019526	0.5150285268437185	0.4111591239364961	1.0195852817784514
DTXSID1045906	-0.4729359644971391	-1.2064554981496656	0.49607552981552855	-1.1965719272306818	-1.6330284392378	0.3629719804233266	2.139091593216114	2.2132950511638403	1.77066158620284	-2.258629504353196	0.297829749319844	-0.03298314248969309	1.1580236206270167	-1.1045941736208664	-0.2734732091671153	-0.008112358218633474	0.272335635948218	1.2423001701386354	0.10887373071012088	-0.46346061381654635	-0.500313777040066	-1.014703462017963	-1.136468327275579	-0.5734599101230416	-0.35687021716450834	0.23207617055127533	0.18986234456977805	-0.38691944558157176	0.05379050055297952	-0.5425281359117606	-0.9579403507151467	0.3782226100952621	-1.2772819044876793	-0.4302379906487927	0.03630376664846189	0.7151329443083525	0.6319270988294401	1.164917641524902	-1.471420117645698	-0.46391956720327626	0.44839203089703666	0.39558082098803987	-0.25687455550996324	-0.34883321280193025	-0.006910692662554445	0.3445022307311724	0.4850061049812011	0.07836887163827923	-0.6723534537091597	0.9036330887696021	-0.43511992756257056	-1.2958849794104867	0.5727505033349817	-0.02344020780933478	0.9029663106427931	-0.27191611327176557	-0.29592723338990934	-0.7756487254147085	-0.13377899303263785	0.15835737491274773	-0.8031162239403851	-0.818392568182754	0.16908857484451476	0.1737083007114052	0.3885756634636513	-0.45034488422370444	0.46519120105260275	-0.15627295584424267	-0.3017315918109926	0.35116947981291685	-0.2538111934022688	0.48124815941326465	-0.40596448752935216	0.20456218174423194	0.27219983323747465	0.4189599382805843	0.5652474860235451	0.16602389263324488	0.19906525213709697	1.2022269706871027	-0.4553424736039757	0.44089328035870323	0.5140622866150106	0.8864802268900254	-0.29440643076063283	0.2421819929882067	0.4320538835083104	0.7168826935756343	0.8150871426217221	-0.21750405548841914	-0.18161128947033664	-0.019464347307256616	-0.39593005197392445	-0.18622481655476147	-0.3211978126405765	0.49667500296501144	0.6534399962862265	-0.27176907300755293	-0.36278399622070295	0.5036011268805328
DTXSID7048956	36.983570161135624	-0.21726267970559598	-7.136136310731675	5.66318207142022	5.9833396803333665	-1.4638547562724415	8.333207467356731	4.196744002778711	0.3387748196316178	5.684705975094758	2.6095445839920033	5.789093358223164	-0.7000633057404338	2.1947724566917266	-1.3272864980711163	2.214565292731767	-0.7001185720044784	-5.150135017173251	0.9502732072412176	0.025091144122647523	-6.8448275458442644	4.883547944419584	5.514592523726132	0.7098319327259898	-2.9078540146529206	3.857345932466088	-3.5134165563055526	-5.590256374415408	-1.381176584170292	-0.7709943533766558	0.971849770197882	-4.410148938962091	-2.6960173464655646	-1.9439844359747713	3.268106875199076	-2.5790329582746527	1.3556132609383735	-0.4192688037477881	4.301677128651854	0.33058779624513257	-2.8000467225380787	2.7695934385913312	-1.4765155777369985	1.2714834615350643	3.032234597439926	5.8334476361468175	-2.557664222268533	1.3637602148446755	1.3804070616224347	1.4224729973237835	-0.8558770641055966	-1.8272640999915037	-2.6962167802680215	-2.3041526168290893	-2.944706007719036	-6.211707638704171	-0.5430460110018349	-2.5823930672165565	0.7481751058587159	-2.7207934046955313	-3.946000324447443	-1.3143022725763713	0.47197599834894516	-2.258016322347202	-0.024780519831258476	-1.1107799891610748	2.6810367533137343	-1.5004629402032188	-1.3704421346033948	-2.470763398583784	-1.1356174948239348	4.267038590735188	1.038842683288812	-1.3455211921801598	-4.429787569150452	-1.914004132154218	2.541563072359826	1.2683085955196325	-0.4357851374610633	1.9205247972870574	0.7795770997054158	2.0332450465215413	-4.334227133757137	0.09965218136781952	-0.4225002707695557	-3.6282297222246287	-1.2185437521585798	1.1691150821344143	-0.5885706815325207	-0.963347774366105	-2.444779617458504	0.18255521338136882	-0.5683413633292055	1.4549866040544286	2.2313286621029342	-0.7005168021188576	4.048420066118461	-1.2329720070747177	0.35093715618725474	-0.8348519935046151
DTXSID2057738	-3.004317589165505	2.0295607787430865	0.4431258320422657	0.14537080097943653	-0.6444740084490722	1.4566774794284345	2.484037742660545	1.1538067836610646	-2.0014799936243297	-0.1471013103779627	-0.8348401916840166	-0.7915892190765556	0.7584753434784129	-0.5348422979697506	-0.4551360346839045	1.6562205799387244	-1.5653824515337018	-1.7584655899262065	0.40232320675637995	-0.10735362804722248	-3.2135417979467396	1.9254467239485777	1.1505678423532673	1.041539433050132	-0.7050882633163941	1.2196233572603747	-1.0575980733226593	0.31539477065539884	-1.4399572327486005	-0.9103540096506169	-0.2753971615496015	1.382417813051328	0.04643539977223928	0.052955972700348936	-0.6850326300688733	0.07470374587095667	0.9216020952140549	1.1598452581926855	-0.33783552764765656	-0.9335720223947056	0.3116144185282668	0.37059263831026107	-0.22789443169828927	-0.7363948653355384	0.8129645307835728	0.9545535834412158	-0.21746588526859525	0.11227272606069161	0.7070025967105351	0.18006150547920804	-1.5422665879446105	-0.9491440150765283	-0.38448536463455185	-0.04393022151334402	-0.7766357240502454	-1.1057096059915328	-1.2191305096407585	-0.4118390927353005	-1.509672822568166	0.6904076699837582	1.1984364887073384	0.37562402663296196	0.735128534095365	2.9080028211900433	1.286721584058407	-1.0711392932743908	0.7102433674231735	-0.9520607855589973	-0.920892697852852	-0.9575135398268833	1.4211651906185436	-0.030876674026915227	-0.6153228686729428	-0.30612763923074776	0.46683780788914725	0.49491233989451544	-0.5113968733011818	-0.9570426277645664	0.4883505020069354	1.1231396071644162	0.4782947459693432	-0.272250149011017	0.7012492536280773	-0.2893557263578666	0.048920792665564095	-0.17612472796946563	-0.429872215353206	0.25615680369070853	-0.8661915438625295	0.4555341551204752	-0.3134791244525237	-0.41041299740385095	-0.23127999371696242	0.5068480227590904	-0.3547456422905785	-0.272323642528045	0.5856723300683927	-0.44884316004784064	-0.9292257963500565	-0.1843615333526285
DTXSID0046567	-5.455988119924492	0.9793094860375766	-0.09203243427796105	0.9372051938235427	-0.4375716338066333	0.7929942493882054	0.5075332456941175	-1.8805606915474518	1.281210283991594	0.06373710985923277	1.612948745605487	0.5368657910734183	1.448195502437486	0.4471317816020722	0.30024184127021486	-0.5806928910957649	-0.5817498478801482	0.5907755368431761	0.4143305849347123	0.4292368498444917	-0.6718167898272766	0.5176900320282012	-0.2676326636854717	-0.2810014909841022	0.4759210005981398	-0.1777375147914435	0.15007784509131866	-0.10665144440368655	-0.018791379518487816	-1.0926584406648767	0.1553604098717639	-0.0715066470620101	0.11607011942115164	0.45456933029320784	-0.18276911084317649	0.2384391487968004	0.16261340635358315	0.2851366558321521	-0.09642106370824234	-0.15020605163438047	0.26549900657901476	0.25602132895253515	-0.38059157691393863	-0.07070152468137773	0.47122583658350903	0.1118582226658789	-0.2654061964724676	-0.3164524597680887	0.26302751402713037	0.049063294023509334	-0.08330991806511606	0.8978892888279256	-0.44464185221289626	-0.0731815841307648	-0.2692194180225978	-0.08748175190516091	-0.3872165021288005	0.20760614274930228	-0.7484164784287942	0.3055240821264368	0.509220050164413	-0.1571555114736479	-0.4116423200292697	-0.3913124515102153	-0.1669028670281965	-0.4681165324175183	-0.16196124217442992	-0.1648594651218312	0.40007558334241516	0.27301588238086016	-0.37326920381305406	0.320428196751888	0.2188511441295168	-0.25408568390422703	-0.4972681121703601	0.16891215532581083	0.10522088746787153	-0.08806649656841976	-0.4662587886275522	-0.3571554952724042	0.3229500131521321	-0.5082281359481634	-5.2987744736814995e-05	0.17531095168445882	-0.06306420401743704	0.34821262700705	0.4569919172968755	-0.16880718672723244	-0.16954278817337623	0.45182710176537716	0.6150311963679386	0.05416971601302628	-0.5611844027427685	-0.0641400084291454	-0.024752874510152685	-0.3023533780439781	0.21644387036417692	0.006424470976963232	0.000593204173520894	-0.16451154697609796
DTXSID7021996	-7.128416493924103	1.4438682952262625	-4.780753632135386	5.042116018939638	2.6010723103392017	-0.3329363959492181	-1.3465732768268506	-0.8789437939425905	-0.004715731847114692	-3.07483770840041	-0.2228858473574159	-1.6268299022590553	2.9005500298629086	2.9726329488493652	0.9775497867311984	-0.2941060369621159	-1.7209580251887957	-1.570763620107275	3.892675655956465	1.9237628211105817	-0.4576704493795525	0.5803196946390707	-0.11953565767938304	-0.7196223211580447	0.5121869042163038	-0.9710395052997223	1.7545262348556294	0.4246557628820736	0.7384951430457452	-1.536639153101942	1.7817803387390558	0.06986867390282873	-1.8209810770403896	-0.8243514213978871	0.10569530648975739	1.7329316208484398	0.01893905172423256	1.047297271155409	-0.31738864062786926	-0.9098432908972571	0.8433916235970437	0.9041129148288514	-0.384729173889504	0.706644934721963	0.7281541497886024	-0.7733624571258015	0.9205416627428689	-0.7114889536256386	0.00794925557433213	0.4246208348472483	-1.0455422063002278	-0.10858295012973646	-0.20252012124066224	0.041292369304472956	-0.4670446649333234	0.9071853779986151	0.6708058755093725	-1.4565047507349338	-1.9264952332655456	-0.19919353045827257	0.42446818351805987	-0.19860415953757765	-0.4620439228173542	-0.08154268471834332	0.510207781144707	-0.21440231906400128	-0.8503195255428523	-0.2657718028186409	-0.3223635284335944	0.7555180359984323	-0.332711279105202	-0.6727847558608523	0.1759912053079887	-0.3393100929549482	-0.6017927255726987	-0.4415064262582525	2.214360072050231	-1.4575055566171535	-0.8651875349739556	0.5470072121225514	-0.6850774555086921	-0.7269364956999848	0.6899067073290311	-1.378897874444822	0.5945703446098756	-0.04847181972870253	-0.7636999757526064	-0.462233926340579	-0.7577386278598829	0.5436957973398605	0.9708314130060319	0.6430146963574659	-0.2576859202803601	0.04401399922932974	0.14569345818294221	0.8813412389147962	0.15277664646887934	-0.6696673383729087	1.075531092847848	0.576217223083008
DTXSID2027593	-5.6771993407545835	-1.189058644043546	-1.3160296530198519	-3.278102543487337	-1.185596802986855	-1.6278137777067683	-2.6631575522118274	-1.7412011719195053	-3.0920766989367565	3.2632433634801687	-1.4408651261916419	0.15579067254971493	0.2248665410670307	1.5075412814350946	-0.5071670570273258	-0.27756522082123947	0.4521404431234285	0.6006932677438198	0.2610045157941339	0.22109320523397102	0.4419727506379682	-0.10291796222046168	-0.3711916627151853	0.6709542066627843	-0.9953569210857004	0.6464081614246011	-0.05248774084541144	-0.04807476664354215	-0.6183871892919425	0.34786591851602167	0.8347376623746333	-0.11077624685880234	-0.11214043173121972	0.6291821620845651	0.16656285105183097	0.6062843182825775	0.4567150198088657	0.07000977798276097	0.4049745718639016	0.5116096707254145	-0.30153901918367226	1.1375336784634555	-0.2916131122037811	-0.14585319301836353	0.13351793443919152	-0.013025777255975217	0.10124816578571132	-0.383712812484285	0.4959199274615736	-0.7342140309312386	-0.2553771348827447	-0.11364735670150063	0.1250563266297048	0.5956174017125243	0.5566283535438682	0.2537148970862749	-0.507323474326207	0.32581186277920215	-0.645470395042979	-0.7808820087801749	0.9302680069607703	-0.43345034703800955	-0.6588448158909875	0.016278755471174453	-0.16109786859744554	-0.4267783237999877	0.02085465091196592	1.240979881501223	0.675763185808664	-0.6442021677146536	0.2443565384663748	-0.8997227407314802	0.8539117319222348	-0.2390711754168347	-1.0461442650869912	-0.8663091972314202	-0.48631805513697496	-0.268074264028154	0.5074107924753345	-0.43272283898183633	-0.4360327738762647	-0.40284374587383687	-0.1810788316227141	0.23816678783693215	-0.2970361626300855	-0.23795637450077772	-0.4849190734220428	0.38810715470360674	0.669791962626137	-0.39146408955645867	0.15195984272814225	0.4407702670528233	-0.4068622003490146	-0.33882073551808606	-0.1336118167791491	-0.08197674709124028	0.8951786240516896	-0.29143750800072327	0.5054200019102604	0.11277300646322064
DTXSID6045533	13.181271152324241	-3.375186317097309	-0.08139206871205164	1.1944571738427296	7.066232504824135	1.3179169302711558	1.8948588319765678	-1.6196271396776794	0.43401894963601345	-5.801946983522706	-2.665598474224564	-4.199197940789268	2.600024532612041	9.693490217565502	-0.16495148575097107	-2.5299855747421574	-2.937059133463903	-2.0718997567632296	3.3529100553966704	2.1688129437960537	-0.10882025255755665	0.17617505444713127	2.243662356666483	-1.2309768400025958	-1.0602440898516092	-0.4685085432838791	0.30835401429971004	-1.9679775459935487	-1.1279023732021864	-0.8728658072340225	1.1978889928523773	-0.5523949191847907	-0.9592949347436275	0.27554706156358827	-1.069658409018943	-1.3876780532043036	0.4023864766950855	1.3179276851357395	1.3643453646384744	0.1253205772290937	0.5687937751404474	-0.9881828746018002	-0.6406044372524763	-1.8296532763339899	1.6749672458270672	-0.5791123359636094	-1.5683421852754864	-0.16578618451726712	-0.20341831453364717	-0.23977361770655364	-0.4369787424741089	-0.19965601104703237	-0.5298782311979072	0.5218890747554102	-1.6343222022484312	1.5764819813408952	0.13763392478956904	-0.3589502697992791	0.08476578257230911	-0.9578077907508992	-0.4265112865125248	-0.1885897874873203	-0.038433288927709426	-0.7154906350925503	1.1535907603813758	0.4763771145648481	-0.7400533377136088	0.17031837978404996	-0.7376874788872175	-0.628220373567458	0.6208155878930434	-0.27537824189914467	-0.23379862830335488	-0.5020496001914933	-0.6019381813006255	-0.435873637362203	0.574417675182853	0.03157502538964125	2.283697674642813	0.44259585039364246	0.750045813678489	2.233316637417568	-0.8125543300273689	-1.4036987193163184	-0.43464171244223293	0.11682213612531453	0.1323670150233831	0.5995698671577425	-0.05593063635261051	0.3640737294390263	0.7420937042294592	0.40212782723199686	1.6962678699438674	-0.5207960678201736	-0.02637421815562816	0.6087123296047857	0.03126281866515785	-0.3289653530849636	0.3081567025464572	-0.06297329086901582
DTXSID4024066	-4.7035364225167635	-1.1996478947807188	-1.6512115427114324	4.0948621512549055	-1.8343737525472161	0.6447252707466253	-0.17796809363099927	-1.2347057211059513	8.179147350625739	2.5233916997036587	-5.357505363170151	-3.7706383050883447	-0.4604318183309377	-1.707376640482483	1.9695753698532894	1.6901807467349783	0.9277553456363091	1.0532627402434538	-1.6874563289262454	2.0387225421248454	0.24871263419497824	-0.7249294460164006	0.7752877998303731	-0.3699994113627747	-2.1830635279875277	1.8023887744119753	-1.4542413225813353	0.4488528298573305	-0.9178317540545985	-1.4029740387722445	-0.37234529876704	0.6724703306636997	-2.489335994062524	1.0556012732441908	-0.21408094652073412	0.5095744947692105	0.28279008526927274	0.9172947879259211	-0.5702316028436816	-0.937538836788733	0.17584318303842844	1.899425211098964	-0.30513519071505735	-1.4560719408490372	0.059718736810037795	1.0642740078015742	0.2224429439979765	1.95943681019606	-0.9626769432910998	0.8456957964747748	-0.6413987995664756	1.7015994682869706	-1.109696139153706	-0.3631931337654618	0.15012947387779094	0.6695626514662139	0.5751778013728742	-0.10201647717108396	1.0310328692969173	0.041432956988577206	0.2502454412386569	-1.8207835508137094	0.27055031715490274	-1.0071477039254924	0.5589211713303922	0.05826398169012295	-1.0949268730919366	-0.07998395280963087	0.7569923787879776	-0.2151173375462008	0.40639617742942785	-0.10142422225199198	-1.4179273633768514	1.604126305131231	-0.3026512736516259	0.6491199023007949	-1.279781377689413	-0.8747250021888429	0.7566274215117662	1.8189350572217924	-0.23093438110425343	-0.34464825989072834	-0.3255710175534558	-0.9185242237107923	0.7329835377802704	1.0319560189250152	-0.4104073450473099	-0.8494088244869513	0.8632804544224683	-0.6217759824313792	-0.14390953305856227	-0.400264360099678	0.20989182866606027	-1.2348864361164507	-0.00874556270909678	-1.188654500674511	1.2830633566079164	-1.4716824535825244	0.07309673150362685	-1.6183074163727478
DTXSID7027625	7.48100051421825	1.4114432341412901	-0.6490218279119155	-3.713945366381804	5.558801976850805	2.506132584654803	-0.12685999541254198	-3.4619990425159837	1.9236625635605709	-0.9150531312431425	2.8016874910375824	1.6785467710711204	-1.4222219378054584	1.703962001631529	-0.19604464863153837	0.8590834534961982	0.4219251988986416	2.7026082482972478	-1.8349292871030405	1.6524263512281712	-0.15748618535542794	0.5693876459799531	0.11168879100024375	0.4759022923706133	0.5226492635254447	-0.4211002818585613	-0.5137024732811468	0.5095098119116047	0.08518208814753991	-0.8076116475494962	-0.1806488913019624	0.10700078193298489	0.9968229799192867	1.16792091616717	1.073166742754323	-0.7495301274178937	0.9264686699586165	-0.1665088947827255	0.6150950008847909	-1.1734655515461627	-0.3784449035541379	-1.7179554026092991	0.23130070647792217	-1.0998986138503934	0.7138287081986924	-0.7207701315384604	0.012445034466393246	1.024558641516897	0.6225547008515588	0.17641122986569352	-0.09325432071168686	0.6775550679847343	-0.101519555651186	-1.6956166849545415	-1.237770599748691	1.451944526961176	0.676676997776941	0.5500477173224164	0.5683928310760324	-0.733494156659063	0.46866861774196045	-0.8847429172096002	-0.6783900275268069	0.19302911174077728	0.3855579338865572	-0.5979435668206418	-1.14560438969715	-0.5837696274238495	-0.4153701145613751	0.7844440801218352	-0.6637308044867545	-0.9190437000212325	0.3585379508361979	-0.113151848945768	-0.12363590449627214	-0.4071542885425173	-0.2255738316035688	-0.2667967746531745	1.271938691853781	0.31863121117315835	-0.43600268566435085	-0.1744955246076809	0.2576600125706116	-0.3533557828862335	0.04220859882401418	-0.7986787562439109	0.6770663032226052	0.06576397648178584	0.28035583808384296	0.1398855655341904	0.8389651059096873	-0.02080269685223638	0.6201052372511385	-0.5213685413529858	-0.55891835881829	0.1667442057638411	0.7922447720781477	0.1482452428231039	0.25277315580565274	-0.5200381856467516
DTXSID8048943	11.630805645949936	-6.479835807409412	-2.263218833579049	-2.430069445134242	-0.9898656457228572	2.717994444090777	3.8629578762785366	4.441212817061925	0.9002130848283626	-0.8959863548296846	1.6406580747028603	-0.6533297227466601	-0.304837926061803	-0.23066124064861834	-0.689780851862502	0.6694566631739943	1.4138843445833147	-2.8000015722491645	0.7232514062999132	0.47410424219614744	-0.8138890220990572	0.07376715110554125	2.814867208209635	-1.2563379254080465	-0.31670543278919566	3.7499738366528725	3.1506613034378974	0.048025001043567134	-1.228252730567335	3.267931535414938	2.534354259931316	-1.5841956292631503	1.246454788707469	2.577848023169746	2.800494411567139	-0.12201886881867564	-0.7889481393169	-0.29465987376693215	-0.1200758288131122	2.2121285826416335	-3.101742240758449	-3.3104256476376985	0.1751754238290796	-1.9144189688823192	-4.72374654678254	-0.4189491172076028	0.3584033971078542	0.8757114018147458	0.2631838408561652	3.611617503372489	0.23862003073607785	0.862931604228526	1.75921587818761	2.213817975749099	-2.062951048220587	1.216632905846133	-0.7080657772772067	-0.816039664766432	-0.06211412788503235	3.662719153179052	1.1504867315097098	-1.8795583472299013	0.37730659037806896	-3.1027378563877765	1.6968833161129182	-2.514637970143745	-0.9339151307005803	-0.8118223885535871	0.9752657566119906	2.21696188510518	2.8126016801230187	0.752797749604907	-0.42940753260535536	-0.6093747254719671	3.0017418960745235	-0.3917063341685719	0.06754290416649911	0.3789788174810299	-0.11040728257089402	-0.3801828141679302	-0.48265416982292814	0.8833260477727184	-0.33213946537642997	1.3741219879192483	-1.0941305207044916	-0.9809074267559629	-0.36109852215652594	-0.6523045764530138	0.7190002483406842	1.1010120517492445	0.3589626165666898	0.272691104815106	-0.20136451909144495	-1.7434035502663607	0.5968629538141961	0.0506635658922527	-0.09526222294318598	0.03749822628549335	-0.20933028455521605	0.31135748179449674
DTXSID0049284	-4.424005435625597	3.9362643389870726	-2.78798903364301	-0.9510006187478715	0.4451022576044866	-0.007157252335365412	0.19732551737743473	-1.1274217139934517	-0.0789106135408699	-0.06898169516789747	0.4927463544030174	0.18975757193407827	0.04628263213804007	0.9578522326844537	0.24342544829777676	-0.45124959495075295	-0.7785275975216934	1.1838101291229866	-0.5203977607578759	0.26409589837259817	-0.15494534132018903	-0.8139029260476625	-0.78934852655364	0.3228017115114983	-1.37783571050091	-0.38807132829700625	1.3157942598076893	-0.213612523933072	-0.3771073826560341	0.2687281080599141	0.7818970147992809	-0.35020599371714906	-0.025464254082965623	-0.20235172953921232	0.11119445442920782	0.30975451549918126	0.5661172576050743	0.06324165009163273	0.2774255524129706	0.06357556896807931	-0.21994203790943814	-0.2810315832382335	-0.06462130415109858	0.17160166898161652	0.19315114653550944	-0.5273633032468527	0.13154839249782183	0.12612217983136487	0.7540752610524739	-0.5858152985475903	-0.24631646493268639	0.19234220158023954	0.22154463704834815	-0.12296771465628652	-0.6026560067398532	-0.30849019163892527	-0.20241970855145963	-0.6975544199749936	-0.23642333231886947	-0.8102265783863574	-0.03353821136556907	-0.38795217667219867	-0.46184252553754446	0.2970605490284278	0.6035752216959045	0.0026005293225819757	-0.9814876219490942	0.1482771300109078	0.46124107903614664	0.40858016389590507	-0.6991574355404648	-0.5190220368295179	0.16433233770712996	0.32662787632485313	-0.30361869746204617	-0.19866461634551935	-0.4876771436868836	0.8197313638235811	-0.3529704697261675	-0.017039469100073392	-0.4783601091241472	-0.4906124687754944	0.5429556972629015	0.05252988864534112	-0.3551057000212229	0.2426440250561534	0.2111253779991416	0.11724401395668044	-0.3733852301872476	-0.3649817746354143	0.20101771772448493	0.40924985890634624	0.324917643932612	0.10526502312380115	-0.3260228799908615	0.2628458793937027	0.6729659641114953	-0.05601282280523063	-0.09443426612279883	-0.04121077296840089
DTXSID4032613	-0.5780149749290325	-1.5354860500185896	-2.918978991907539	1.7787418092748866	-0.10877252540862978	-0.6050182655529598	-0.053880462988594544	0.33648128924644105	5.487709037585019	2.5989925573667563	-2.1576747968153995	-3.2490088647633133	-1.0050115993163267	-0.7084387453865673	1.3243196296840127	-1.3896509553918333	0.5953998779623353	-0.8348996319782258	-0.4161103233129985	-0.0028565021821840213	0.07329694705003967	0.3908187082006562	-0.01268656125482374	0.6039671118311826	-0.11321470401416621	-0.1389489587391379	-0.33328083445711715	0.7125987666845128	-0.3383042820728335	-0.13914118052371793	-0.2919696576562553	-0.5938029414421482	-0.2016209118495286	0.8541530873358331	-0.10940511997010297	0.6092812303992955	-0.9457656436330623	-0.19419389908473023	-0.2152182724286833	0.8395214855502501	0.13566434442455622	1.0393474324929115	-0.5758897086739273	0.3578875298667291	0.1133405406029073	0.9820583174179494	-0.6321319710851996	-0.5709535441860241	-0.10461435218545767	-0.4048773917887434	0.8999517098496557	1.5731720950107366	0.17421846346709582	0.10922822263780461	0.24409550108284694	0.00156141299209971	-1.0496082896757972	0.33554698431892627	0.2405000126248948	0.21237195416400004	0.24632678287974324	-0.26418024359035114	-0.19296444678436164	-0.34811444082909415	0.1600540641810931	0.0002171280334463018	0.7484176749931868	-0.0490854562783267	-0.0339435674561514	0.154898636375885	-0.3975829362807624	-0.25087053361865636	0.6988860226148856	0.3643182270592992	-0.22925981039018511	0.37119650988753916	-0.08101744944277196	0.2087402042067177	0.08009699574505161	0.979070604176953	-0.05519238023372472	-0.5272487820235723	-0.06827785455925132	0.17186668439386243	0.6059876318137231	-0.1080944605495229	-0.02478516100866439	0.3130410523213891	-0.017210081693564357	0.6000437407203292	0.1598012107687958	-0.3929504164149965	0.6657257952385867	-0.57162040456639	0.23140775610846956	-0.31737476407479565	0.28180653803244204	-0.7143755264209338	0.25602746349830174	-0.8321073817025638
DTXSID6048917	3.139927855609222	-0.035888349801718546	2.9323669076911902	-2.9303468175706016	3.0682978693598515	0.46518630460793725	-0.036683447024053836	0.3597155363853979	-0.6256124415353589	-0.30766251706071895	-2.0825524950562224	0.32768343888687823	2.062539478287478	-0.3920754183787312	0.012355017912350674	-0.6511174985544679	1.0048372541837918	-0.317381256866665	-1.8627718776656847	-1.0843194306137733	-0.5888035050771153	-0.16710814109184538	-0.18047445949582389	1.5083710545623952	-0.8329387739186896	1.0234495481925898	-0.5403151761014717	-1.0329792452962832	-0.09745446121158555	0.28101730851531437	0.7074208467388573	-0.25136683389461995	-0.43543917916561864	0.32561745220936	0.9700964569948753	-0.5263057418860422	-0.17039310927714482	-0.2091973084354716	0.30455516558764867	-0.9032576824925728	0.3217783601590851	-0.5487846354830044	-0.3081628454684546	0.4778021522584092	0.6207635872632652	0.5161694982474689	0.6335937157906731	0.3163195713783186	-0.2152079277069548	1.040407059722729	0.11410665447891977	-0.6065437866895307	-0.16470258785023406	-0.4509030424766127	0.1313604476079511	0.1054723206178813	-1.1818100601552919	0.06180799982700818	1.1930550811120226	-0.3009892990923019	-0.9831176998044677	1.0648319779126667	0.5561034134766986	0.577340806586415	0.23244462540299543	0.194429391614072	0.20567569444658323	-1.5646888264211989	0.7217307271889866	-0.9803280564348644	-0.6484689769208106	-0.6829315285452713	0.8015360040585405	1.4314374597112531	-0.3596542342727087	0.4142679862990328	0.39331983680406307	-0.07886651683915268	-1.1439885113013213	0.41292152589468656	-0.8754075636613942	-1.4359372562781825	0.805828307051846	-0.5929438477610665	-0.12435141681667859	-0.5936523196016885	-0.2454622967421814	0.5000772206013422	0.1303387225457508	-0.17548041569412798	0.4094871884474847	-0.02306223767241635	0.5774194191453755	1.0349485402633614	-0.30282556506869407	-0.1349892636940863	-0.35435733114847967	0.501449300165696	0.8145309624402981	-0.05483490153354197
DTXSID8032671	1.724515887569526	-1.1201380439632733	-2.4571060865615264	0.9579984173329213	0.115266837289607	3.783437897194604	1.1999181145922042	-1.4225405442955967	2.8258125396519516	-0.5481544958486892	2.9770146746028363	0.9835239395929016	0.7123375606666329	0.7119414438043554	0.17861425191481484	-1.2597377712382531	1.0848412222231543	0.3912097987115469	-0.5659810687447105	-1.0165396967033113	-0.047925839710675294	-0.5693469945827381	0.7593093730852789	-0.5805535641672537	0.21951942865867552	0.367222502506543	-0.5717537971693908	-0.9295411714846921	0.00718986284757398	-2.68931526928827	0.6139764158623481	0.4702673379634002	-0.7258522413537492	-0.506793878417549	-0.09627423625335131	-0.2117400099944424	-0.8952934677394746	0.32064767764089336	-2.060627806051839	0.3932921923157977	0.6665231426397669	-0.4531803463640428	-0.45068934413751116	1.642014132631469	0.8761186191195164	0.3038161811648286	-0.5880973429217072	-1.5856893076151224	-0.19959102938357087	1.5284644127539668	-0.2722230790776332	0.20382448408776008	-0.5116072880216908	0.6802397428719039	1.2251092203563858	-0.7891158335451786	0.11394421705934198	1.0765613906327283	0.952195498864392	0.04189085176599955	-0.843558600593976	-0.9118320379180699	0.874860269283258	0.5903726956675807	-0.11214492019430615	-0.9213077568160672	0.022471194164243233	1.3944460888539592	-0.05212152954761899	0.0814488556554461	0.3139908544683837	-0.01659403208689336	0.27557868726573415	0.9082315808725738	-0.40842447659875425	-0.02065738783708968	-0.030043888888168623	0.8832591979191559	0.3939345721232779	0.21109654085139692	0.11643676369044713	0.444725225197156	-0.978354518499918	-0.44081470849715515	-0.6126528966962375	0.4056614728244062	-0.6948327277040116	-0.13051906006275446	-0.13545520166558747	0.06844135277233522	-0.2936885417882324	0.6939089604785745	-0.5674967925897795	0.13235029730041395	0.026484226189146007	-0.24457253329200082	0.19186568070309787	0.3696789161438589	-0.19088624866180973	0.043668363707610604
DTXSID2026523	-3.738680119360646	-2.8868527997523965	-4.607903010884676	-0.43190846618675616	-2.2426364681277087	-2.743646797054134	-0.04044663275729511	1.647457798495393	-1.1138145980833798	-0.40048711246496776	-1.467859500326186	-0.04093168626840196	1.6094823243216805	-0.23166309026503554	-2.719040238464981	0.6935596319638779	0.8287200427391002	-0.07958494564282116	0.2423462838364047	2.316453525616704	0.21910089885395	-1.1990128635818018	-1.029913533941049	-0.9137203561602123	1.0877378341477169	-0.26108801810566695	-0.5906559225081566	-0.5727325720651394	0.9760355965352263	-2.54753513087297	0.3072146417413844	1.457695791311995	-0.7779843360997203	1.4341462518218537	0.45480849296957493	0.6920471790498313	-0.8649080657116456	-0.44381087095014765	-0.4003332871028626	-0.7806353052463255	-0.35050674514221486	1.1992396742100744	0.30868529470358436	-0.8683617013739602	0.014113419859637046	0.5317400963084573	0.38269861902432034	-0.31893044298530726	-2.0926036065838316	0.15893919125051825	1.196764120293046	1.466269647030255	-0.526584447302551	0.5744051051207378	0.7231011849630646	0.24015068060513	-0.08422521700051377	-0.7466035035023905	-1.444672068684292	0.2502332198188752	0.8284224609414661	-1.237013733830035	-1.8262561481738786	-0.31320322356628516	1.04935187429642	-1.1792376822237332	-0.11393305805012523	-1.0220782802837165	0.3064953646531648	0.7686913142784221	-0.7317358462528354	-0.033417445397156964	1.10326756973575	0.7680267684201041	-0.7060886241317836	-0.6144685230893238	-0.10183307305896518	-1.2845543885055668	0.8827927995893561	1.1706457373222896	-2.1321518896926306	0.6004265747173062	-0.3336986806620945	0.605199122078123	0.6184934852567471	0.7772039879596166	0.5208028456676158	-0.12321109496526364	0.40536471509890504	-0.5293467248207525	0.5578952492057545	-0.4960837879259955	-0.5672703374842999	-0.2620053982022051	0.36106877772760265	-0.3606162459923569	0.8607466490505576	-0.11311240976187689	0.6565498034679027	0.8236169651470919
DTXSID9022578	8.088345059609383	4.775103733092438	-1.9362715704677256	3.860444485620657	4.477183487048294	-0.8918303482558064	-1.2826191059810426	-1.0996151868399262	0.12224486797455593	-4.091952722558685	-3.5452437737939806	-0.8572178672744271	0.8996039824004379	4.627880275649177	-0.9475575037648659	1.3054140768842466	1.0166468676632052	1.5990937832310612	0.6785136172611634	-1.725870076674314	0.11137663164407878	1.2942747981553864	-0.7094245864829664	0.8147894241241959	0.4942277053218507	0.6290687520839674	-1.3966694755028284	1.0173351857904276	-0.5483404953980991	-0.4492433458975147	0.6008212028077551	-0.7356037137063909	0.27315400337513485	-0.07068813809756283	0.8918123325306611	0.37881616163202586	0.1110280869004004	1.736679866915411	-1.2856834227477754	1.12270263157741	0.6038556152490873	-0.26315178938866435	-0.8978653512744794	-0.44834381004026563	-0.11969054429845152	-0.1756155752845186	-0.8394118792083625	-0.4055855060236333	0.11191645708055957	-1.0543620533411986	-2.0922629686451693	-0.9514444307290427	-0.4118581375374072	-0.7081451217509497	-1.8941026249234696	-0.3520267340512583	-0.07818466802391592	-1.1754570877593622	-0.24107247270599202	1.1423079327018597	-0.34060896871906154	-1.13956721352012	0.9676039367225404	-0.4461731414808582	0.535713176358451	0.1093519506359632	-1.0892252540687286	-0.34131257602637455	2.0826466987302314	-1.1340808839121599	-0.18316729828893108	-2.1041992945237014	0.29097587786592366	0.03359729133377491	-0.22310509064293926	1.1230254598742753	1.7983306049947545	-0.8663678400072635	-0.04049831576487502	0.12678516515995295	0.0645197451986827	-0.8172410610302058	-0.34311067723693844	-0.3852328205181911	1.1499653329944428	-1.1584624221962403	-0.0007287973510564031	-0.13242066050506274	1.0012850518152407	0.38065436231196564	1.3764341920260414	1.1787883648794062	1.048848872320449	0.12593773818267617	0.4527405208142438	0.7614246229895235	0.01774866208146765	-0.0027147902016935984	0.7740948279519989	0.40016322080553746
DTXSID3020750	-7.456934098327378	3.205170374184343	-2.9928468299887956	1.2662193246183402	-0.14889298872777457	-0.6884804711030436	1.0053964367535118	-0.5199923155315516	1.2245255644116562	-0.776225720883425	0.7182837305133528	0.6152858725728767	1.1124514419062448	0.47377267868187384	0.4762981219971619	-0.3813586022639364	-0.6594111915260022	-0.3427351774322194	0.5215375584561921	0.02964960791296135	-0.4247355623857264	0.30024951216771956	-0.5008614133281013	0.011889337566198052	-0.11980162964952652	0.12392749615626168	0.1762724159774687	-0.3326220825756043	-0.06162462506909214	0.11507015102024794	0.7125923721096914	0.13604452440729609	0.24345892282509882	0.21483588981039503	-0.644893181084351	0.33291070029006875	0.25836489676193747	0.7534085721926279	0.01595635235492878	-0.33869050597537886	-0.08717121367878904	0.09930972463726052	0.13953737342716138	-0.4019371795804728	0.09667530591622486	-0.14222032302176507	-0.1050941051159377	0.7185604359515376	0.10202495264409944	-0.7558638596823545	0.3248544102130903	-0.24613361708544737	0.1178082410528546	-0.26027997461713187	-0.4710730899782687	-0.44997732057741363	0.022442508845877	-1.0444605518540249	0.0059551414785157615	0.04430340472201721	-0.019076245929238126	-0.29514551656113863	-0.07521207390035732	0.042694575221991576	-0.06413124250105208	-0.2860719734454134	-0.7079378746586836	0.4198457682751083	-0.24900452984362492	0.30321416373698934	-0.30094854916126484	0.20831362473725074	0.18803272308907878	0.3534004831383033	0.001239392539164351	0.6833741717302241	-0.03941259458315509	0.8850557676607337	-0.9773934288853139	-0.09399966957275079	-0.5278175117254622	-0.5695935617694048	0.7144880290654887	0.6490676993418606	-0.6966758893596618	-0.3974994426766695	-0.07690539770998962	0.3383596315042788	-0.8568976972627876	-0.0009641892026312784	0.37044354093304094	-0.05479543412340176	-0.6883585839460578	-0.14298225802060832	-0.6291032077322476	0.48969585093826606	-0.25451758628154675	0.03356558426554287	-0.23377698434327418	-0.20331341044711568
DTXSID2048905	18.779388501978442	8.763958906067355	3.2186224124247396	-0.9388777281311217	-1.4840001492691914	0.4166063935123445	4.335139330887244	3.912481714829884	-3.269434319317277	5.629033227083773	1.1668391398031452	-1.3074680338707416	-4.304123075565399	0.9062866249277559	1.4118876009826682	1.571758698632882	-3.1864282283715015	-4.281894680695895	2.7034153892215382	3.5743719857950387	-5.336200433071708	1.7366570900118325	2.0409718457929182	1.076841949314663	-2.340356797965047	3.3746266209844022	0.75505187605541	1.8622688564236796	-2.2778934453749877	-5.2283835823551845	-2.5699364314984745	1.0453305401683475	2.7141431385888355	-0.9847347369650035	-6.817068586342051	1.4893714124157333	1.9431181064031213	-1.9352974755889436	0.8312979128824838	-4.667539962131381	2.0031214512214808	5.730654392812452	0.31679836818493334	3.5588500773893883	-5.656636162874421	-1.1697228365602683	0.6201984391738993	-0.2639337582762746	-3.9915315148094748	-1.6753600856911643	4.782349226471546	-3.3439683988172932	1.5062994648904569	2.589113775839995	-1.6361386235178497	0.4254024952533706	1.2310146592503086	2.767632950794446	-0.8516018118082983	-2.6701984850702596	-3.6773165222229465	-1.1100705086677318	2.8146954645957556	-0.1394943246445126	0.9938646744199953	-0.27609144859950113	0.5859174793650174	-0.004630305412482533	2.741522139956993	0.37361575113471907	0.569533156886695	-0.2554280426119129	2.860667060385626	3.6801688785766253	1.111599930309163	1.9763619269005865	1.4991272977588312	-2.067609041740856	-2.4847149261009163	0.7632284723810004	-0.9317118269335984	1.37438464497862	1.1396195369456958	1.8967671137755724	0.8856807112340213	-1.7580278917223542	-0.8631222944342052	-1.0162535539362474	-0.9722517475277554	1.9961796254388462	-3.3440821909812986	2.116985947354986	-0.17131064439314828	2.437148787187253	2.654828888689683	-2.6110346026052533	-1.2725465354681524	-0.8563398850551347	-0.8472114166786571	0.8245491154614101
DTXSID6027341	-6.921697212697304	2.152269518892343	-3.8756605640249466	3.4862537283085135	1.1191664785970994	-0.3529907025752172	0.3314905052769011	2.0473616788934	0.5286638702943204	0.13807379180216417	0.6567602674185025	1.5745907770429084	1.0122428011471856	1.1900200835726273	-0.6365101488445284	0.3917949300910592	0.49826030576029146	-0.8851983094339285	0.4752531123951717	-0.8949563744211017	-0.9994091567534297	1.830459183522701	1.033674659749436	0.5533901700253987	-0.027974276084153378	0.05717461358229221	-0.33108214214777754	-0.8255278433946756	-0.6236343358964085	0.5636044333579071	0.982218230508062	-0.33268827425856123	0.7582590475544256	0.41682068272686396	-0.11931427952411404	0.11693638094065135	0.2982354266019984	0.9075323577619614	-0.023470018329297807	-0.7816296718690674	0.3507753541440085	-0.5099334940360667	-0.09254777348786761	-0.27623475935046793	0.45665508435777197	-0.029202453455437812	-1.1660014707493624	0.863437127215334	0.8869398117115507	-0.4481162766499072	-0.6786497286272453	-1.0822418403208671	0.01606357045687085	-0.8973848941867827	-0.7730858985405282	-0.08503737249446035	-0.43883994811788335	-0.33489745389641257	0.7151474780947114	0.3635996710235338	-0.03126672403657318	-0.15056881859793056	0.5224422806891349	-0.7246171313971683	0.3689115792673849	0.3454449181378188	1.0110358981798784	0.21611689780835053	-0.3527838658341347	0.892311847659122	-0.8245698122073152	-0.6497372360573961	-0.10605700674961373	-0.06915425930059836	-0.005543510310538853	0.3656492323104893	-0.3201189331241135	-0.3329237353616608	-0.6399074207355597	-0.4435597277483712	-0.9097630406283109	-1.0149486954652225	0.39981279127861075	0.35976180582063455	-0.3089779259895229	-1.0678350647139396	-0.6810530637842697	0.7779410744312125	0.03603688235396305	-0.020165395960312416	0.5727038300628241	0.6780471796402683	-0.09354875100388041	-0.15066206516906097	-0.622919356903089	0.31315115515592695	-1.0357616619420187	-0.3487999811145226	-0.5638481576295518	1.0859975601235763
DTXSID8027246	-7.219952287993825	3.4972123227693124	-3.9407553832749302	2.140929379807311	-2.544396950141133	1.4131050126690499	3.2347473522866927	0.08378336200807622	-1.2099568775804201	-0.49928540376089164	0.226154309952692	-0.7368532829682519	1.1512923866863203	-0.008331300266298896	0.22380479417440818	0.42196737845283766	-1.3622889219537204	-1.0105479188543005	1.4018817733536866	0.4265662029212652	-1.131035860569618	0.5312265184556553	0.3751838113349282	-0.8061050878451814	0.3254299105842274	0.3753965042757799	0.4911988816305962	-0.2687072885720369	-0.8214659412072186	-0.13202368961574584	0.07681150691682943	0.03447488930416903	-0.2130876893128529	0.04032244622693427	-0.3073080864025183	-0.3998172939142915	0.8319430558335716	0.5889402469002265	0.22293104697704452	0.21620797335831285	-0.3684993192362577	0.33859416146360616	-0.14836094813081774	-0.13414053224717237	0.09166018945903419	-0.411595744746318	-0.3726534117490722	0.059404723782521485	0.6382751191454396	-0.34630768773477316	-0.5997379448679383	-0.22955499152545428	-0.6191090791786295	0.29595953229977046	-0.36283329525661767	-0.0207591225266138	-0.9050228527311744	-0.6221066607772436	-0.10375599694460105	-0.2139221765185203	0.02664260546227026	0.04770458069761339	-0.7131676858755108	-0.34322098549930397	-0.16449858137029272	-0.3552881269738427	-0.023469696528608423	-0.6433414241554127	1.0090914815894265	-0.42128104498815466	0.9807636749864267	0.3338541013917613	-0.46230045876894793	-0.7365847290059464	0.021411410249987987	-0.1399339615197892	-0.18728975412014537	0.5004781702862583	-0.6558024523031433	0.5407711532369525	0.8395008730618316	-0.12539342352802238	-0.6123904789239901	-0.5478233207590602	0.835436901002683	-0.7356029271730846	0.11135942559463842	-0.12806452249011835	0.05785051632716707	-0.20580338077502228	1.269288775558728	0.7348892500914506	0.1880966542449593	0.30440997247670215	-0.16342945094687153	0.7565142853443144	-0.07803027042209862	0.06967486473556438	-0.011949807495378105	0.2075047408160948
DTXSID0021626	-5.473426193172164	2.3614787237103445	0.7492406989572281	0.19430945627828222	0.4638519109552608	-0.15992136101725607	0.3419517170524026	-0.414919493934944	-0.1891862740115828	-0.34553650376487965	-0.8911734755144672	0.8926408946360643	1.4331854715104404	-0.20381716431033478	-0.5261579142557452	-0.23363888475412908	-0.008020981060490973	0.6693454491436002	-0.25146601827235904	-0.46908971835373936	-0.8341966305968996	0.9042129835471642	0.40850316813748316	0.34647641415872926	-0.9770346414616439	0.6190548427567748	-0.2986925674698462	-0.6523960640479275	-0.1132620328574107	0.3473780147552914	0.5416065331653487	-0.4724133492438366	0.011432167588188198	-0.151894188100834	0.5577011241932847	0.06210017517198242	-0.010871205090387212	0.6094573574824792	-0.14296090962449845	-0.7597108106061122	0.45033988275899534	-0.5343916379305097	-0.35462618049118255	-0.050460318070172636	0.4930733608834417	0.1250245853565401	-0.25721519226821454	0.3550679377274737	0.7213897995656872	-0.1331065334415148	-0.6995248126616376	-0.8952879819548338	-0.38316358684973706	-0.5490195545892801	-0.13534237162163576	-0.4287815449295974	-0.5458868214195198	-0.09573101870996556	-0.31650431045730426	0.052482383009169783	-0.3181164421087498	0.27876717370378756	0.39699563161997514	0.17365153660239152	-0.021922054480246023	0.5611999831462569	0.3542782122366476	-0.5860028372237849	0.5661844080772067	0.18481132043771786	-0.2575789446570091	-0.5541814313030042	0.6258339320246451	0.7223157728382832	-0.6748912656909883	0.44571546872135304	0.2611017959403377	-0.7387813383841497	-0.5653481733117561	-0.17598046761687286	-0.5872363362196193	-0.6199955419037337	0.6190213193110943	-0.11733521344730863	0.05658283894047005	0.09018840531972304	-0.0706880270723067	0.16820844586432235	0.3087792189343639	0.15526900624577875	0.3369601918001304	0.354886010764025	0.475808594019002	0.060332956649245296	-0.0936211157873322	0.5268818836291628	-0.013235180754672995	0.31048821945696625	0.19132719636776388	0.10489377234630268
DTXSID6049307	-3.583407708147975	0.6140430305483436	4.133668999733322	-0.3191763331412834	-0.844025355794434	1.7601413892857893	-0.3121411188440547	-1.5785182086500942	-0.33258349572016227	0.7734300301608596	-0.9151484969363344	0.11860944148969141	3.01994333879002	-0.44989794474277345	-0.9705850991272484	0.14696986546567797	-0.07760710097876512	0.2884906758861115	-1.1968175312067126	0.4185188993261292	-0.39781261244239924	-0.7953817094216535	-0.17734676341089448	-1.7169252360606169	1.8904551550661544	-0.0935522805439725	0.25859529300346856	0.6306170607588986	-0.5284870171729201	-0.6691591079666678	-0.2863131954740258	0.5831589636079979	-0.49643436597926377	1.2177324855510148	0.09577164989853137	0.8758635164385186	0.33234330475558305	1.1936279784252073	-0.7344507034262041	0.5048473865689816	0.23838797874144588	0.7351766476517323	-0.29923769455857463	-1.5708947532723734	-0.02201113153271096	0.057497789903706686	-0.15930200560141672	0.0072727690385590875	-0.6080994812122379	-0.5070491466974569	0.17645818212825243	-0.27554619214141635	-0.31629185858073755	0.04089101666904518	0.1655297091573092	-0.36763271786261564	1.082919896331966	-0.0017962544220166915	-0.5291417824629753	-0.5367407356118236	0.8523850527704709	-0.6142366449457921	-0.27128318224279535	0.4644346834084894	-0.10180650094381251	0.5799421424287514	0.6329374876269097	-0.32922973041632814	0.19604792043236016	-0.16289305932324352	0.22859350245878368	-0.5245172151599797	-0.3297241234233255	-0.2733241581827918	-0.7898620310004126	-0.2012425772793902	-0.260226490146309	-0.8817375569183978	-1.2747954956168377	0.31524613952883773	-0.08035569653644942	0.6543215386968976	-0.34920034348677753	-0.5357111032942257	0.0403783163526326	0.24662517278102158	0.8963290015435484	0.3814221895002927	0.31397036556529007	0.6324397862457178	-0.5969542873078721	0.15947747348863092	-0.26383449469773074	0.03719327943697352	-0.44677260197908963	0.5023741039727635	-0.06304183489849331	0.3719269968885527	0.18761778079155844	0.07548297276051813
DTXSID7047358	20.962234306738647	-7.846291259101903	-2.4604807758354497	2.534220292518201	-0.8146979884594342	3.6426895583732204	2.631480513065438	0.6292814340156292	1.6518648475834663	0.659770067741791	0.16174495107971726	-2.0068762472026127	0.8158366775635456	-5.083754152609964	-3.9923838555941087	0.2721089861459036	1.022806588702384	-2.9594135335748626	1.3554690452523854	-5.1841160007863625	0.485233810440483	5.9753868817083235	7.308520526011333	-0.9348292682518232	4.8194242215458525	0.675314355780429	0.3202929842564815	-2.6498800434810046	-3.3769200753671123	-0.9840529900718463	4.145201178409152	5.269459832660686	-4.0938962909987	-2.9712196174115	2.2009078680488683	3.4146833473050977	-0.3764625438412171	-3.1885279210727036	2.489080412293343	-0.8874657681968968	0.9099024682350819	1.2954333499292146	1.642612936708059	2.1460870649611046	3.533656989076687	-0.24268235379550698	0.5793611517780692	-3.2420344244829225	1.205397723866316	-0.6569238142919952	3.8795751192279804	-1.8105239705721037	-0.5612815050326648	3.239168337905354	3.2543706034288675	1.9672833333295905	-0.8557317938308662	4.834212381109841	-2.7405984546778885	-3.9835017938718846	-0.6159757495455285	3.7961308904543656	0.5540805970558353	-2.2778873336248204	2.0105313493233363	0.3287281630362757	-1.3563182249981942	0.8936221437149366	2.8747494834700893	-0.3296087471032059	-1.282222950872388	-2.7278541297774725	-4.248358264355164	6.332882952826607	-4.344637339360781	-0.31211693837723503	1.844595084981028	6.348010573377861	1.4719492139226358	-2.950697825538438	2.9811624383542212	5.613418370249211	-0.4975420118373184	3.913576949943859	-3.0543009000420946	-3.141940919805169	2.599016950687357	-2.278789408554512	2.6981402076459906	-0.9653666806943222	1.7543137671636588	-0.42886276008806773	0.9853705225054555	-2.6796356637093193	1.5601880503947243	-1.0710223166191126	-0.10962220819927777	-1.6361533013479288	-1.0527137285043777	0.30479990451693745
DTXSID1046346	-5.539177964140289	2.273687892364265	-2.3385159168500227	4.037204708813805	1.2906376441459244	-0.23089231706521743	-0.3112689261286753	0.2039844396477437	0.17731813140430233	-3.4206537726374244	-1.4546644871421577	-0.9945631834711339	0.6039721511520589	5.338519065071135	-0.03735630035808722	-0.9833834999839501	-1.6840945090424726	-0.29026510906834824	3.1235995449803475	0.37553790531694575	-0.23631429832910508	0.1931939129060701	-0.11696236459407733	-0.40402706498487395	-1.0819109567286496	-0.3969108514168429	-0.01119772429120678	-0.6084298695291344	-0.30991543938348604	-0.6729809846615848	0.3834224096253886	0.026634947004323457	-0.7612336559313162	-0.6058793256385325	-0.22547764504438306	0.9243498476394304	0.2949366512513868	1.3985948394120673	-0.28084757280925593	0.2979083797735115	0.13940680534741226	0.23116148017993052	-0.32723356432458395	-0.17820450963127135	0.08424907131207911	-0.8733085278377518	-0.3889739078590598	-0.19577972866814872	0.23343927772166334	0.0454071237212798	-0.8660777867299098	-0.5585813310591387	0.14427837988319162	-0.41243256760143426	-0.493211460894814	-0.05735273612792836	0.002420061329151127	-1.1258409671335297	-1.2154437514586496	-0.22999916014797595	-0.558145506818983	-0.9376055666209535	0.10134773962015024	0.40231679681722576	-0.49478977341225927	0.19608087841092162	-0.29801087145495986	0.401674742538417	0.2808781410667419	-0.36537549572891986	-0.27221619612487646	-0.5657527997088072	-0.26315977753975517	0.08848327288299004	-0.10042497363984322	0.3147604419821126	0.17402621536482893	-0.05766613319430468	-0.580290065469139	-0.20944629455745134	-0.22186045074366853	-0.38048946398218986	0.10168556916368628	0.02989407936685072	-0.3916243792264279	-0.3446498325265986	-0.02043437605907308	0.776687909275518	-0.4826040632345197	0.22893533122512055	0.19059875195892242	0.011308123719423602	-0.12549938324470997	-0.16044895421865193	-0.6996301993477656	0.16419472425778878	-0.18170429749403366	0.26358399872963706	-0.6345102941848978	-0.010331661486794616
DTXSID8041957	-5.261097682266927	1.6417078965827496	-3.3635557483689382	0.37649677936371595	2.7928368702661497	0.6078586458889375	0.8713280359037687	-0.11749720451405707	0.9889807313392085	0.5542897200711552	1.2993640077450703	1.3174455566110495	-0.40991834572566505	-0.14195916020169627	-0.6262313785118043	-0.5754121766326568	-0.19864622422796344	-0.42341748819354286	-0.2629956636411434	-0.07983980194352853	-1.0908979867538682	-0.23565253050270513	0.19841676641947378	-0.8157328818247022	-0.10563545904188747	0.2903699736773918	0.23973875455335455	-0.3452194742665668	-0.6024784155719365	-0.0596626132904615	1.0475571920846698	-0.47026049561504446	-0.5316909238910226	1.8108217233669994	0.4979611128638786	0.5501059178497073	0.15650445520567607	0.8161524362168763	-0.432118510075704	-0.3196302538817391	0.7496360532291139	1.0860409376792854	-0.1562251244403092	-1.248626685518898	0.9262732966033217	0.21420593432048282	-1.2131700912256622	0.23658605946307984	0.10817941793138658	-0.9083454860355352	0.27719008842281373	-0.25452153059011595	-0.47356386560472763	-1.0332074748272766	0.24567767152683445	-0.2486617283015902	-0.14105656337786368	0.11143304907683829	-1.0430346358742195	-0.16966728965236316	-0.004915188340685177	-0.05989504952915708	-0.6639421234421597	-0.2118942150452868	0.6582085700812933	-0.04831176447499274	1.247568593893454	0.3212747246574311	-0.4118143634231167	1.231047230115731	-1.539088619117187	-0.16106980296617257	1.0530858500086464	0.03214033366230087	0.1445278692594516	0.7455200467074731	0.32083386975421935	0.9495529638933209	0.9049485438441207	-0.6261847031158145	-0.7566301684626108	0.44212298823189705	-0.39821741738851557	-0.44794511702134715	0.072819733693893	-0.639685393456553	-0.24198553288326652	1.6756115224699553	-1.3243072845483659	-0.3812793822750146	-1.4064416351436595	0.7829961260769382	-0.9402276664092925	0.19503354856375665	0.0946059692807418	0.09037107160765087	-0.2939107165769533	-1.0586938604049823	-0.15840854057027423	0.9983315951583881
DTXSID2020212	-5.098147110583522	2.0105922393687514	1.916049321490896	0.7747024050037669	0.6596022245824001	-0.5511775884719514	0.9560086334710417	-1.069645207639777	-0.34216134466255954	-0.3887943025487007	0.37087354379316323	0.3746530829831636	-0.5177472021344528	-0.5505317908041093	0.3650577244986202	-0.7952629243791843	-0.9260986626479484	0.6334569601822369	-0.170901762480675	-0.26070263451633763	-0.8527534228706191	-0.05232203877028908	-0.6099146992265564	0.6086906053178247	-1.1309587776224692	0.5650434356190362	0.7890349772053702	-0.6424619066487851	0.30387266138776237	-0.4568987868954618	0.1150035324548798	-0.09140715076472608	-0.10787439794584189	-0.1304119851156663	0.15022734229078727	0.1828513189836761	-0.4017312210758452	0.09818826910428581	-0.41284195706556415	-0.049990149841895655	-0.10330091575127674	-0.41572750677746534	0.11407106349117183	0.3034353349669441	0.5103005921754691	0.14613143030677395	0.17370981455027376	-0.06762399068744596	0.32447027416287527	-0.24319610670420772	-0.039840307173380635	-0.04521908832900924	-0.12463531454619792	-0.2060399627622817	-0.14955993901467327	-0.2538549210759793	-0.13283875760016992	-0.4872497429834966	-0.4567460216294963	-0.23832640847111117	-0.15624898853137198	-0.015408509777930358	-0.05568414913577446	0.14220907353274667	-0.4126026767326928	0.09060378456825856	-0.27109841662530276	0.22474528286459483	-0.04108281584286426	-0.10214152151803323	0.21624493302370762	-0.1490747290999585	0.07608234698169597	0.25417851736922625	0.03462961373942982	-0.23563229912091332	0.06740630079234045	0.33728919232011584	-0.5670461574238391	-0.19347859513320115	-0.17257783380399855	-0.10711427013938438	0.234847381669575	0.027227456135650516	-0.04025337542872755	-0.018027165344572136	0.02355543618927328	0.20195913731538387	-0.1284099186690559	0.14844361679228282	0.024557152883587133	-0.26247170852471413	-0.2533581846627474	-0.3163240062366068	0.25315331254937157	-0.12292602621892411	-0.02070445536237258	0.06591977537291249	0.04793326352407318	-0.07814652980994548
DTXSID0044810	-4.552510345174991	4.806191143602522	-1.5571981337720662	-0.3015322601700627	1.8020810827150557	-0.32236471529149374	0.7466295294894313	-0.6384961401454496	0.2060094387375288	-1.1435175982297048	-0.49359645933818747	1.2772034296597836	-0.46964524409488817	0.03321782593404402	0.3014411893781674	-0.2088044055170097	-0.21492979216172511	0.8379887443309039	0.21265987404777648	-0.46932397421283145	-0.6233578172750667	0.37774127089920445	-0.6648505684844538	0.7868978235856888	-1.045944177848695	0.28106305547175825	-0.302176321594464	-0.8066900162083624	-0.4501832110032479	0.22876192459896869	0.4173669385038344	-0.0846812418489957	-0.3020901396963534	-0.61860924289151	0.5936839220256249	0.34539462047562647	0.36858762252203575	0.6395322081915548	-0.03670178184364486	-0.5984977202408711	0.026369502983925888	-0.9432320073909651	-0.32663069840194303	0.030987586495913336	0.4105174254074863	-0.28048751047784964	-0.024091637092242556	0.5313756209729403	0.3995315454546462	-0.21946025481405884	-0.13756995722509957	-0.5311657551904662	0.18649014681613474	-0.31074690386362813	-0.6057710041156256	-0.604319182975698	0.0314560978275114	-0.8258084335115268	-0.22589613194660124	-0.6541040766430946	-0.7697717535785157	-0.19422456027635132	-0.0035937032739406754	0.5733316170728466	0.3993630871241667	0.32056300478266825	-0.07629504262640266	0.0070035201256767	0.5063695701251549	0.3560227403309046	0.05803549368755559	-0.6053722187098424	0.49027513951018004	0.11079505331885686	0.24003897393317733	-0.23647713390447855	0.1118448769411128	-0.42015823938805247	-0.12371261859448782	0.2992005270177929	0.39322054152006897	-0.3590468726580685	0.5857559798456808	-0.2901009641196612	0.16492072113371709	-0.14394076039300793	0.30993097802075065	-0.25227297804098114	-0.7124324839793963	-0.07137821565976915	-0.604017975733777	-0.12951889494708282	-0.05683501053319505	0.17398125051907623	-0.32819097295498406	0.22305694713471141	0.3652120647072342	-0.5877769411227607	-0.4983844309090988	-0.18951095488523675
DTXSID5032573	3.3657244211555915	-0.7777835796082575	-0.1768975414955008	-4.9490942703004785	0.6343101448132531	-1.4044512678200427	1.4571009702675322	1.057106966432349	0.5416751157699768	-1.13697436428446	-1.7239443838356687	-0.5743406681730033	-0.21606255316076264	-0.4658027629426827	-0.5886335108608097	-1.1013618608045266	-1.078887301622872	1.3172456280856566	-1.3669560655764297	-0.7147690962730456	-0.2181178794277559	-1.2398049820336772	-2.0114398252066956	-0.10420570899286186	-0.004821716244114342	1.3978720892561523	-0.24272223892906553	-1.163580425230885	2.120314220494135	-0.39667479272075823	0.5883226841652708	-0.07015220723215126	-0.4756176606299916	-0.9208034681545194	0.342973643147882	-0.41295346596818233	0.8516619121812649	-1.144018725852964	0.6993774030512219	-1.0717334718700784	-0.07828666250292814	-0.645630510767595	0.8176605459387167	0.6452235833562017	0.17204643931812694	-1.054928317047132	1.8084231597652367	-0.7785583289817077	-0.019827886895339576	0.9497498712518125	-0.3127181296344099	-0.4241342355713512	0.7452617631453474	-0.22171761113719032	0.31984404092792124	-0.19259165418118857	1.2946244262905977	-0.39614688552304683	-1.2531599793408095	1.6386337941442013	-1.0876826949932081	0.9030649923905347	-0.3069248216382471	-0.18570921491746117	-0.9879657882927823	-0.47105103717110614	0.8393788660147636	-0.2666319937837646	-1.4366391853834872	-1.111051493621105	0.06201639091417277	-0.872044244586061	0.4613134175533112	1.5787903871241886	-0.7396071084320599	-0.11656555604774968	0.4264560061222755	-0.040311944345329316	-0.39210294709777777	-0.011184455862561402	-0.35477915733910076	-0.10918772473985983	0.7719158611271028	0.444707779261767	0.6647566832986262	0.8682570816748587	1.4485441901133755	-0.3437287189041278	0.47429744766763904	-0.25301598770311173	-0.5028982556898787	0.17271816476942037	-0.5481082089420234	-0.3288160170899208	0.08071205367944688	0.07588231633308656	0.5273249507176954	0.7712332377885177	0.31643051905515573	0.08774879401127783
DTXSID9047960	-3.4657738100786255	-2.0514365466281186	4.709723581128303	2.139506629680754	0.740832551865045	-1.803276598369175	0.33110251569769183	-0.8284395735220271	-1.9700980656177782	0.684516838224053	1.0729305838079974	-0.7238880445520709	-1.1336875077144448	-1.0509374911736016	-0.5956985958158895	0.5972292365480454	0.1600714617449781	-0.04151275848800159	-0.8717611375621752	-0.432153410440156	-0.11407314267439783	-0.390783197543711	-0.5211547572163575	0.8720322914529538	-0.31927464410103407	-0.3396411210050653	-0.48926067958474945	0.6304262345885195	0.3254304213921583	-0.2106157989329321	-0.121709076055594	0.5677866808122308	-0.6079622484398508	0.598871705741605	0.7309285594728724	-0.39683886388065487	0.021791860276598747	0.0657520224464653	-0.05795214195668525	0.1933374903377329	0.24361070376654523	0.9303409578115922	-0.08125296262421729	-0.5907240240155577	0.36857221702669896	0.009129472212958699	-0.14263881041903792	-0.012354602382547297	-0.7330871005814378	0.892655619639447	0.5247797398743462	-0.03189573047399643	0.3568342857104478	-0.4738542858988701	-0.2284741579700879	0.374012933919661	-0.19762195145484707	1.0371184208804773	-0.5975935402850572	-0.20215821508934423	0.37698367233900276	-0.1722367890666694	-0.4730947809393373	0.39562608281684536	0.35482117826642084	-0.10695590853555113	0.46844138257456347	0.0032239323127350407	0.9490778950804724	-0.6404125771429796	-0.07102831611459971	0.6897413556727985	0.6180882146896253	-0.27818445899440447	-0.19049808633280776	0.16866139867924082	0.607274862612245	-0.48354522130626165	0.6026253891192564	-0.08439798059113454	0.22055302775721305	0.7762284409127528	-0.20898703709218033	-0.11938698237171433	0.002064918991325027	0.033766691587059555	-0.28715480651680575	-0.04591906844777903	-0.03263458344400715	-0.14170034897281938	-0.14694654216687103	-0.19613448980447062	0.41090314828960905	0.1527984628521679	-0.043856049282768435	0.1457387254338859	-0.16137472460763425	-0.30576459890218466	-0.14372459343626626	0.025428618813886007
DTXSID4027319	-7.5114260053689925	-0.04017392597432885	1.001862494425326	2.3765211532624253	-0.6062322079397087	3.739177711094071	-1.725585170642023	4.599600759368848	0.4038910212994395	0.4962545273193686	-0.7763578470729706	2.3815144403732993	-0.2984132010860782	2.0002492590416967	-1.277242099238542	0.5054198907341114	-1.2305868927824855	0.3055508653892673	0.7603644252434184	0.25706425306989056	-0.9416090132629665	0.661469258162177	-0.7413237366766479	0.3159196623190405	0.7101352603037453	-0.7098381833345592	0.13339756164688865	-0.09949708202772695	-0.3694113000227069	0.21006169945277106	-1.3522194527021643	0.03294477862878331	-0.5316976702004667	0.016755508633102056	-0.0801645800308343	-0.15291791084292783	-0.14567414595227213	0.12972192443275268	-0.11296970752189485	0.281933749851608	-0.41201632177974273	-0.5701491049865145	0.448583990395631	-0.24838748047936005	0.10632904295500727	-0.2110513057721744	-0.5528236708621539	0.722299863441892	0.33070377761873637	-0.06088535373881327	0.17692545043866542	-0.458698991443339	0.7921686162824646	0.3192382881925444	0.016181844225339605	-0.23172709556766788	-0.20847980927198395	-0.3058597645101833	-0.32494528709969506	0.16650348275249555	-0.26799078723042774	-0.25534816383492376	-0.07748307734984171	-0.035289695326519155	-0.20222094853360761	-0.4326777850432224	-0.26463872703241986	0.06681370311861737	-0.06346952175314284	0.30992681694604374	0.1747764134570554	-0.1634519832502425	0.20777599973439448	0.2513509383550186	0.1114170761231153	-0.2797106799124139	0.04661252544466033	0.09376291619937015	-0.0036560605001140973	-0.0858113873177544	-0.3003615367088657	0.07870835589851241	-0.22152674159153582	-0.017027603525482216	0.18243251920231077	-0.06941196167468625	0.1338133134514852	-0.1403087223868236	0.015481644478498046	-0.16917018246682458	0.07816232213659123	0.2168728973777234	0.15410146692096938	0.11759891688134819	-0.11768699041579374	-0.04103821680094674	0.007476900231364053	-0.2186397156983867	0.15757921964858534	-0.10590400092511454
DTXSID0020656	11.663581589692205	7.081857749918607	-0.7103701780223547	6.034390509790295	-2.318453499451092	-1.6848813464434682	1.0900641967313223	0.17097562779338316	-1.2769928205405021	0.5914159949756242	-1.4436497049973933	0.06496283728524961	0.8404612372099607	5.51096098901162	0.06083933597969762	-1.6529406092393815	-2.740243956366374	-0.7317358697777389	4.195896825590458	3.704921251151547	-1.2416282150074958	2.2412890512021035	3.242209801354838	-0.5805223719850908	-3.8100127358450253	1.0291763159795166	-1.1308756442476224	0.5597565338592196	0.20272931387157841	-2.7131849947763382	-0.47765347999249863	-2.905095478695085	-0.08609115787847955	-0.24739568654960248	-3.1192462063304123	0.9970684862931201	2.0360738646999224	0.8363306011277506	0.11978301427065337	-3.089397370590725	1.0259402145232046	3.8649516872852243	-0.2911118037693741	0.40716258795153154	-3.78236251555711	-1.6323791301854522	-1.8524201763392436	0.670155957500208	-0.793978234871279	-0.06337496382082114	0.8385630534433933	-2.003388101983949	0.5602381756607835	-0.2632852959829209	-2.716770329656606	1.2308208098880478	0.8960847367122029	3.69065462600105	-0.8058804033972827	-1.9457923383975022	-2.259893349205633	-3.535098524306591	1.9258960812256636	-1.115168278325935	-0.949804532833776	0.6438093639190409	-0.03357011090086939	-1.3758877128569869	2.3991462299066892	-0.2759462409803336	-0.46878595716770555	2.6057279855009017	1.2201732818080193	1.2102231772884098	-0.05478779713210024	-0.11632488211539065	1.40100899614355	0.12180322613629045	-1.3289243984411316	2.536470097998458	-1.8541528132219027	0.104353387599811	1.120288554993304	3.0242421735059652	0.6926792582520892	-2.3511847184844314	-0.872025599304264	-1.370102097609559	-1.415660140515426	2.5280579848196343	-0.31395504223743126	2.978650620747615	-1.1621837019262156	2.3743672720307063	1.1881625609571138	-1.95324013095798	0.213384686663786	-0.6223679294384311	-0.5745670964224742	0.1997617766586142
DTXSID1040245	8.87514082618344	0.013562088046727039	-6.357062985460057	6.652650024027079	-0.7164541606955003	-5.72271670197136	-0.772711012637042	2.7512483208020035	-3.8542309406330766	2.0366151931655048	-3.2863076824951225	4.367302900201398	0.6737711134347728	1.1959219325713897	-3.91117558406226	1.9571899101144665	1.8609552471418445	-4.474158358775891	-1.5200530867150117	-2.4068347163771318	-4.804676374158926	4.59303524200165	2.201467706619761	2.48938077328184	-1.1811889488681906	3.786578333888201	-6.792916114394598	-6.395176528571391	-1.9490571872963958	-0.7531925059949506	3.8776370600919745	-3.124814215927611	-1.1651033333801966	-1.2031090231388584	0.14769007943171403	0.153709449096524	1.5822724688674097	0.33651595481290747	0.030759503109385106	-2.7043286257973707	0.07174299859867432	1.0313649827834364	0.22555855315241063	-1.2171767955981243	-0.2235369211427011	2.0875326946181403	-2.9818468354202867	1.3369768925369996	2.1065289488221235	-0.6591897958590796	-2.1241249075413715	-0.5205475072323588	-3.034407923299232	-1.0265207474184073	-1.9350344996709312	-2.120295971678622	-4.072800499112437	-0.6619261493451946	1.7336702558083066	2.304491481528273	-0.5603380617368897	0.33906726864081377	0.45662616747200974	-2.42765165126916	1.0840515346002126	1.9639366910807923	1.7945108106887058	-1.983723307479711	4.197667923732992	-0.7700717759673363	1.7955523531277635	-0.7453775530351273	2.2007567481571986	-0.8161800849914407	-2.9126118101160627	-0.4533269742665539	0.7234914324101033	0.13350214848662445	-0.5405709757608436	0.15393240471882386	-1.3344590731182049	-1.8265743513906496	-2.1424897755941115	-0.8517236859655579	-1.7317904994592779	-1.057969805533279	-2.101391727815217	1.3908936829919576	-1.0241473134644066	-0.30217591142187167	1.8110417917841983	2.2491590336289984	0.23765203133234522	1.0527870353803044	-0.29688973405463553	1.4099026495314195	-0.47366655698116655	1.1755428278882065	0.8347331895613606	-0.11962006390514603
DTXSID0045830	12.285413790433584	-1.5934425099936922	-5.56842635054731	3.5086919245183306	-0.3933670281106701	2.571044171120827	3.147337926511259	1.015531335500821	-2.510577877722007	-2.9103984102127574	0.2486896072867528	-4.49056437872141	2.516287064138899	2.011198188669187	-0.9217126448387362	2.8667614220615594	-5.251463936311046	-4.411728359934166	2.62741159101653	2.025099546360617	-3.241859829714742	-0.5681161806232896	0.47112651632474056	-1.6948249972935827	0.5703194473366175	-0.18469753432337413	0.12644384604238013	-0.8866407275554619	2.554696588185735	-3.1916184757774295	2.023495820191769	-1.586558719793004	-4.957302950377482	-3.2647064194685713	0.7189527775557116	1.763075922381016	2.4261224665514107	-0.43277183490912635	0.852826010634144	-1.1578311526583118	-0.4712776659203184	2.219283829691592	0.673411978479512	0.6431142320211781	-0.6504248302065292	-2.379136980219387	2.3947907170382736	-1.589289692836505	0.8879688494206185	1.9372702491239409	-2.245563285794209	1.1995086932053738	-1.5233757746081316	0.8513477762024692	-0.8547454042144537	2.055016459734136	0.3903247517442542	-1.178753994378067	-3.233517181836016	-0.3741101138834536	-0.5298900902839542	0.3112284388066301	-1.852002615204622	-1.4170041037453385	-0.22976878648380508	1.297510228100187	0.7461187194944703	-2.159223408043916	-1.428071002562643	-3.2199768706172263	2.7032133527063875	2.115142177192331	-2.325569764028294	-2.6679972437590784	-2.1464318187153446	-3.97806726794591	3.5025817655901714	-0.6599580671179232	-1.4896679629187837	2.2908081830808618	0.3896695609670741	-1.0725902797706883	-2.2960390409516447	-3.15759544482761	1.4353796596509352	0.6804055014819229	-1.3436859373007137	-1.4262257390997601	0.19530721403145493	-0.8718655189768996	2.8906026887090186	0.7031159953070916	0.4556784753290042	0.48379575817735876	0.290757196935788	1.6190310477046148	0.3103851897273239	0.09568149653133849	1.8552820033288755	-0.7785835113963459
DTXSID1041508	-7.3273375330545285	0.5804397950708873	0.15135315857845988	0.4549625300372635	-1.6263198373929415	1.4550107703692545	-1.0162397888379875	1.7525734827772481	-0.030437844393176997	0.9698779440373029	-0.2885411431438649	0.9406726059448681	0.30220270666934984	1.7056796082408894	-0.364412539452045	-0.5208012653250804	-0.934900402689362	0.6231286033490678	1.435684070338477	-0.26255366689641574	-0.34784449836989934	1.1176591968407035	-0.5778193367719896	0.9911838607716504	0.023409043132635438	0.038049146075015874	0.28949279243331	-0.14734674833852954	0.0073331160755614935	0.0960142625682286	-0.37727506370026387	-0.08031647380047147	0.13592214284553328	-0.10723450366956896	-0.30486208183549557	-0.02597883967391932	-0.3949849435945358	0.1949416941909006	-0.17268701847134713	0.3312126493552253	-0.20751557575407734	-0.6093830279498359	-0.115282357160885	0.4999328586929889	0.44201489384676595	0.3117772301423634	-0.19271607537456845	-0.05237171158470313	0.5340044119497096	-0.2755566512204431	-0.012791629848552283	0.13013272858348135	0.6911533396879526	0.6080589812775964	-0.2308102319870253	-0.12972678688241135	-0.06103493090873286	-0.2433803796669532	0.2389836028888604	0.23649681086122307	0.24305186236361392	-0.10627342123113594	-0.22358887602264763	-0.17194495653037944	-0.24677539237446436	-0.6140751174073299	-0.23152286126068686	0.09080190193883204	0.27108883894535507	-0.07802987386638958	0.12613148349727368	-0.4096418347998211	0.034225175309532174	-0.0018694305896885908	0.1869904482089459	-0.03358043983475137	0.42807140603327193	0.011788453939324865	-0.048372367006356616	0.08149239851873812	0.4386581791974623	-0.04154050559994818	-0.29528440130092026	0.035996478008895764	0.026809068099807386	-0.20937349570635405	0.2860221406238551	-0.1853287110703102	-0.09043535844040171	-0.033191375565110016	0.09308828227471114	0.13734348105089678	-0.08817670622627856	0.2172249975910446	-0.10268614201544571	-0.023120324091079	0.11035779964648446	-0.1184476113946288	-0.16938712768372297	0.06904721372232736
DTXSID8023050	2.073819511100242	-4.173413892307849	2.9840210762492374	-1.7299029872295857	0.24816782442693797	-1.608777999395019	0.2912168930753681	-0.28505664108074424	-0.481742203576613	-2.273475877925865	-2.3906676998217313	-3.0363836686685244	1.7324717768918576	4.194549450057698	-1.0123444717877577	-1.5812008151624695	0.08586579792073268	-0.3687565466331422	2.183256063087574	0.4501831983657807	0.7034105570052637	-0.5086366371607433	-0.21103016456136015	-1.3623263700434127	1.2360992395436112	-0.23939373910838138	-0.4335441148995807	0.07422080701149708	-0.38986243140670346	-0.6097358344258172	0.743504936186814	-0.4230531315425962	-0.4413965643258608	-0.2500379163104577	-0.8181401628516606	1.511380768790387	0.49060402948701953	1.1382655922842086	-1.013305836410562	-0.13083052212882468	0.06262901299497135	-0.016452647830073778	-0.5601117417294762	-0.9420675334744364	-0.867271244255711	-0.07374981952121636	0.38051393269067296	-1.4839937924594504	-0.9383254729893945	-0.14329075542900013	-0.392609948331048	-0.7402730110737237	-0.3863945916442331	-0.9048235663066782	-0.8677430805340955	-0.11627432805078021	-0.30694820344972984	-1.1927099318597165	-0.5800452994877924	0.10093221372548958	0.15895701274515836	-1.4975104386496887	0.2911050205727883	0.2875672560664926	-0.6234808303281154	1.4598162997863602	-0.0990308926363583	-0.5116379239536171	0.40223801027789513	-0.6290144607489223	-0.41598692621227445	-0.4865588964072133	-0.8199386039570271	0.14476803886279083	0.29929831467961404	0.4336614170088115	0.2614094505398781	-0.0796067194828952	0.4995295237794852	0.5275752448860287	-0.07070081091598901	0.5428732609983844	0.43713036559923096	-0.46499486870164747	0.17275753314621597	0.03433824193902618	1.0289628888188904	-0.09292179547768115	1.0469014658319449	1.498246195051089	0.3510461413030537	-0.09846835414234562	-0.5847925395377466	0.09608271100472146	-0.23903912244960163	0.48787608884179334	0.04188325506137485	0.13932353936757091	0.0725476436954079	0.43855432547921996
DTXSID2051477	-7.300270520284359	1.5734858465795207	0.24133414679172505	-1.2447563301919857	-0.6006064703129207	0.0506181536742884	-0.4285709277154939	-0.939985916572246	-0.43473895576161387	0.816356949041074	-0.8030089719878779	0.5077562868048024	1.0765631523913841	0.2794756312354303	0.2649790416720769	-1.237582003337123	-0.5989514758838165	0.02744771050114335	0.3588063886613926	0.15057498669554803	-0.3530203811449803	0.005133087502639153	-0.5100646007452957	0.26093069116002915	-0.1496884705889049	0.542604459696172	-0.26687557447170174	-0.9402393187052623	0.003380806186200701	-0.39130269625569947	1.1807320305260878	-0.10155535642121347	-0.11928949646613511	0.2969111236716608	-0.5853478600069624	0.4403103338692511	0.09826417423888414	0.44767144869351017	-0.2280921355306098	0.128520454072566	-0.4007050743217037	0.244129526853214	-0.33864117465645877	0.33635304055033094	0.16195806231184925	0.2813656750695158	0.3190460203109656	-0.3211053491854523	-0.08679072677168304	-0.5631435478103227	0.18115458422796943	0.202744415909395	-0.6569242209163694	0.2702285170999406	-0.3274684057251865	0.44219510652231914	-0.6606047801218338	-0.12454383560789252	-0.018678888470542852	-0.06666250618160831	0.45646938041110025	0.3556179140851725	0.23537392340268395	0.19065948430079446	-0.2936824908618588	-0.30209130457489974	-0.029865325651727948	-0.1573071898029853	-0.23623724673113794	0.18193462150850656	0.19608396300615372	-0.006976608639704038	0.5335281983196123	0.45714740384387437	-0.40361395003714384	0.42825341682334106	-0.0019585495913337896	0.20016342072224083	-0.4147324690881025	-0.2752836176173464	-0.35305042762977384	-0.559496014610608	0.013765547323987899	0.08283403544023686	-0.06582542960856218	-0.12146673873541468	0.20340411381911705	0.2584363305052389	0.34529217543883906	0.1763948916111217	0.30221814738860703	-0.14934568112866767	-0.20282451638458618	0.10698817783200573	-0.0866208302326631	0.1307619677209455	-0.04596405473231799	0.1341756549439615	0.317290373284855	0.1335879364676522
DTXSID5041512	-5.238953693552951	-1.530434760702387	-2.2460462619964305	2.579139878097893	-3.3412718203959986	3.8469182901233157	-1.3658919653393364	0.21860331507846933	-2.931301497469334	-1.0117212078464008	-0.7565459141188938	0.41095644043765756	0.7751071776299876	0.4491139377042472	0.4209098310260045	0.13652279788420532	0.1675200188742022	0.3231514614412438	0.5830307649301962	-1.981333406245628	0.7279267140674276	1.9632179521933686	0.3549026131205148	1.081199918731836	-1.5395278699961912	-1.693247770340201	0.08294226560489958	0.010482254361223211	-0.8140418022998556	1.8358755005674603	-0.8378083050216644	-1.0215713839665466	2.5258297641525163	0.3663001819888945	0.23400954782020586	-1.9855999735099104	0.31047835177988853	0.27639645432194876	0.15435001474218432	-1.2066309450407184	0.2888258966064696	-0.4884339415044754	-1.1027274054692848	0.8885081963453324	-1.6784834001322961	-1.3169820492532331	1.9977547310532002	0.08739220624413209	-0.463708284276362	0.7106558863394833	1.8838976198855246	2.9095861346394014	-1.2659008444725286	-2.5863270397721165	1.7179744019821501	1.5090125957771678	1.3821758467689078	-1.8375110512750492	-0.7084449694552984	-1.2838203691445293	0.523693180669066	-2.099602736910639	0.08864065235851168	0.04913672471013403	0.20523516323951616	-0.46414935575533345	1.2381590754576564	0.22955182196015606	-0.7628623380705363	-0.2921905757788629	0.35585956967690907	0.5115951907513028	-0.188083718474239	-0.027143238198674507	-0.5696585383699178	0.9286130333012816	0.5277368658732389	0.3027016636370729	0.3707397869864294	-0.29641108621299495	0.11216845826240657	0.5923946632071042	0.551023417794787	0.014459995297593066	-0.20456344429423215	0.36236184485505984	0.25262392500223757	0.6198990513912725	0.35855460724571847	0.24723450508738928	0.22720607299224824	0.10697754407617607	0.1922070561357167	0.004048539092215073	0.3104955996956228	0.07230505973732745	0.017300604934759174	-0.2130705244003604	-0.11603617104010477	0.025194879045140808
DTXSID9042336	-6.145310335166651	2.754498981248101	-3.9999268547230407	3.2264408764001424	-0.4289590086639676	-0.751157331687346	0.9032405007856994	-1.2431397854218573	0.9073126544126087	-0.8755730463613127	1.176856962540417	1.5074820747967372	1.7664153878435902	0.8997540688123656	-0.5203264775162634	-0.8423991622136504	0.24327447877610717	0.12495753632808757	0.528703554121717	-0.011120470980938565	-1.0527838126470623	1.9200986102890494	0.533891761605702	0.49097636570706615	-0.12239977654926236	0.3156764650957225	-0.9696441479287367	-0.7879403609852181	-0.39391558332395643	-0.31246711767849367	0.22102062757155688	-0.49722096542119515	0.500406351380182	0.12138463488447974	-0.038844945265340665	-0.3945415048867453	0.31734182920646986	0.34215436976536784	0.28616811074323906	-1.1923688557019814	0.49786787959940115	-0.8502434677617334	-0.27211322558726	-0.3359258449887293	0.649430982744323	0.010052615072970714	-0.8119256902557024	0.22525664099500148	0.6569496475927381	0.2866311224140839	-0.4697431946987249	-0.05737388901979772	-0.21626890896019535	-0.6000851118727565	-0.5554223614222465	-0.46432323858221564	-0.8944335615127759	-0.16889125597794435	-0.20656518890071768	0.8864539593007764	-0.24095693611746216	0.17443005955420698	0.22205850097447036	-0.3145082192527355	-0.1732013451818082	-0.02656587470162315	-0.45862069816308376	-0.3593607760053919	0.9171221206970234	0.8070562097430124	-0.845687787388396	-0.3670137623386449	0.7682711748073969	0.10927142947355836	-0.3215953238432253	-0.20514660432378679	-0.42371254411393655	-0.13126681667673856	-0.37850563863281633	-0.03536419665307266	-0.227293703670274	-0.3741853516391428	0.3305400185774656	0.06469482598044199	-0.6144417250244261	-0.007634479301895028	-0.5519004355164637	0.050106446300382905	-0.4896390549132506	0.36549621883790273	0.524487096866537	0.6785270516910882	-0.22844551734272908	0.07997480873763488	-0.2886600985881865	0.32683790810256574	-0.07148329258019133	0.41348285118605427	-0.35137716125682056	0.0696277331095771
DTXSID2032552	4.127049151073015	-4.5784562718895145	-3.563500610327512	-0.44832357482743057	-2.9857622785626017	-0.015549933792620796	-0.3085568068859477	-0.7098839072933595	1.4638183287783553	-3.1867100064533513	-1.6269581752692228	2.593390418730197	-1.47968287130965	-2.22674301330734	0.32905179495061465	-1.1701078643399603	0.5507211877909372	-1.712102130408038	0.15338613273020518	0.9859169055301449	-0.3242999592463291	-1.3209221812956962	-1.8517191703308171	-0.9343335787641094	0.19509965979548644	0.8722808435863457	1.1772572228798242	0.20782564837660092	-0.5397302092246136	0.18004748986707356	0.18333415400414516	-0.5311234205671815	-0.3880605744159156	0.13596141901203385	-0.36490697495604907	0.5216382800900614	0.9532459777662547	-0.09310535973458134	-0.06602249852857615	0.17086906820750258	-0.25690079440004776	0.954250373547809	-0.18143426440592111	0.7332753682756711	0.15412030203446836	0.481512924138108	0.7430170968305881	-0.3930857231542889	0.09133512467861876	-0.0784403729104936	-0.3100736912974931	-0.382134942751325	1.7511502590082055	0.342783199483887	1.5111212980449618	0.027247663268838613	-0.7488481148441474	0.8004722994833439	0.4022508990725929	0.3869426363255167	-0.3968487629195434	1.7840993754572754	-0.4966293011506537	0.2547095986264975	-0.3951163881803823	-0.650338831591891	-0.165367042588561	0.5856753912813524	-0.005188293754761484	-0.07359013685436093	-1.0851431015626	-0.35281524361626077	0.9448877037954929	-0.24741411210954517	-0.5488487136659034	0.5962605584366588	1.1119566114072585	0.28791554550776094	0.619887901806477	-0.6725858286487675	-0.9060656516630363	0.3941685293726761	-0.012650231291136696	-0.4754081363776315	-0.569973074905838	0.2067949467601622	0.3998460828683807	-0.033650718610770694	-0.9219762699557068	0.9602704165984745	-0.11630572340966361	0.7127416010515275	-0.734695062595544	-0.12742157937191745	0.5866143851879527	0.4041724427807278	-0.6076672003649665	-0.3715163055528818	0.3423072335883521	-0.484395848331789
DTXSID8027822	-5.48827305323895	2.730238082541138	-3.562072072431121	0.4618907322753599	-0.7530988404126352	-0.8649716540036295	-1.4595217573011072	-2.407247525982129	-1.2941915021739652	1.3122011526271844	-0.6152101051575507	1.1648825780141672	1.5893884291404128	1.397974793433933	-1.023451037083916	-0.12969218387570589	-0.03619207024361281	1.2052363203016132	-0.8420087067032099	-0.400145592728329	-0.7043269216014987	-0.8865637273980683	-0.8820958112044456	-0.20139926754747695	-0.24072301038059518	1.1903428820102349	0.8854398775134874	0.12640936024798322	-0.1760124900773971	-0.11804637223507503	0.4166458998385362	0.5037839441792583	-0.43126884554319483	0.6643966245363154	0.33071958824003245	0.9106751929225938	0.522288350205289	0.2480643992999691	-0.26952895829366313	1.417587747987519	-0.11560182016432316	1.1268027650769432	0.03601718720462258	-0.2529473914285534	0.08332121392572833	-0.17476351650806926	0.6607325636664064	0.21214124236742032	-1.0259609466999697	-2.039820249924285	-0.046569979065584514	0.778680642187753	0.7711357710848769	-0.04150913154926803	-0.26307740829130366	-0.7105479607137739	0.5737234379247145	-1.1643862752308036	-0.798057907208157	-0.4699822123405549	-0.5161564889965665	0.8279023086038264	-0.07061547943130737	0.5839427633349967	-0.4175295487104186	-0.6400677289353145	-0.2830474585505442	1.689224149521731	0.8047330167893821	-1.1517220179863819	0.139111247280257	-0.6514896990454985	0.6199760192567865	-0.41352217216684484	-0.19462165102593784	-0.23600042509337943	-0.3438205463045836	-0.43323919005821654	0.7258276258955754	-0.5557050343967902	0.046738560375550214	-0.27451142532039174	0.27027972682732343	0.36667857044169666	-0.4509282189485642	-0.388361472726371	-0.7764059094833043	0.05128882324844177	0.4459659045300391	-0.13821169357369625	0.22405587672372607	0.20667998574117072	-0.7457292025732412	-0.8120155408571724	-0.16343851093243114	0.21511701038892472	0.5241439101736141	0.1973052074226625	0.2971563643250351	-0.026761204039029172
DTXSID0049022	3.006456495239316	-1.9782354730950473	-1.8160199155491001	0.027918362956261294	3.225835644218112	2.2458070145260796	0.11160484534341901	1.918282010886538	1.803777637815301	0.0829867739600879	2.3261233189929245	1.9981437503783455	0.1071928926151487	2.6493007648507056	-0.2782402124694354	-0.4554315981581219	0.5241348122258278	-0.5141073496467677	-0.10112025183495736	-1.1002023168269481	-0.45962460285498313	0.08170705475937329	-0.2371589877442433	1.3814633818423836	0.5572026372237967	-0.28129317661119385	0.9446756311313329	-1.7919910725218526	-0.2685125976020684	0.676993622444495	0.2421523278748807	0.028387444931715043	1.1023732689114598	1.1532590734943586	-0.0078421533998476	-2.589339986488315	1.1192847984196364	-0.8937358144622585	1.0018392842206925	-1.229337625045689	0.9151489737181183	-1.1178618836574585	0.3998271067926744	-0.6823163583955849	1.5393557446908916	0.21278787429261092	0.08732795943904835	0.7083002238122437	-1.0024029338076725	-0.9323182242920071	0.559456657599937	-1.4003319635551457	-0.2922560689033271	0.9407052637025317	-1.8260267707670768	0.8809202347374211	-0.7539686233589176	-0.4597202806284729	0.3418973487048098	-0.4005905850376003	-0.14117056976132028	1.033252150306089	-1.0642336472168905	-2.1242634179111377	0.2799078666783986	-0.22513720264274342	-2.234762999219069	0.7359677663058655	-1.7709785753584326	0.5412563501190862	-0.4176735259862049	0.6064821595814465	-0.8926012618843961	0.32984769169396944	-0.5227926010130594	0.14276716486111984	-0.3123668582486758	-0.5676941437551931	1.0142082686968734	-0.029885409803463072	-0.11473743107406674	0.9178990737314177	0.0022003097791702293	-0.08735435458126041	-1.1952014129264392	-0.013026485711070573	0.031567849246801116	0.24175737483959783	-0.6713621442587123	0.44725597712194004	0.45400755678052307	-0.07090304761891893	0.2257714125182981	-0.8340659367454117	-0.12681908926654195	-1.0436328961255459	-0.5269091398535433	-0.31652531789906535	-0.3697928031981898	-0.0019879285797781048
DTXSID1024091	-3.5740686801088657	2.597798894184699	-3.714668253597866	-0.7708488670009788	1.279129726919332	1.8468679745402394	1.8802785702023825	-0.5486405514237526	-0.1823784491274241	-0.7358403902885838	-0.4282854151758208	-0.3574113979248692	-0.16484294317988446	-0.18588689480382975	0.2423830230723155	-0.8363533413186595	-1.0613643926787122	0.034117822785067524	-0.9735079521710432	-1.9997313514276824	-0.01256388978866679	-1.3981935992199903	-1.8948412722941883	-0.05538870925560293	0.812252767790847	1.0044464280070557	-0.6528960587921269	0.0747464375532609	0.6578822461701211	-0.10740974846107958	0.4471721371786683	-0.20473985625221278	-0.4889482492054491	0.7046123153498142	0.33059475662710486	-0.26328208597552777	0.6925781759240923	0.03597690125683215	0.3887002219391575	-0.5752508848650517	0.35457450133080365	-0.299524290678261	0.1129140216895234	-0.4813876729403198	0.8230467867425287	-1.1477828170711324	0.052205706722434055	-0.5368045676618605	0.3078863239317177	0.6902996882530333	0.390665410907916	-0.8314695657614146	0.6906973475431186	0.19560589143279422	-0.2000946506219088	-0.3626802306331891	1.903637976521766	0.4323931694661057	-0.6092197865499708	1.0534051535784748	-0.9007188252707982	-0.6280134374415848	-0.7342332891704817	-0.5018712674848271	0.4926444654650524	0.25847939321802926	0.6867802693814827	0.7402699272715894	-0.39362200052852486	-1.1434188240944465	-0.5545516639227411	-1.6444208887630103	-0.12293163286789051	0.5418789244880804	0.23065544230614904	-0.0853590244636116	-0.37654735975733294	-0.1731487732760022	0.4137784392001301	-0.3919994229201394	-0.3047269929643971	-0.19924077774120683	-0.23634403066516374	-0.48269492275792236	0.039142910578396306	0.24683865610179961	0.5056813942667028	-0.4832748818072788	-0.5175245238690153	0.25565545145775465	-0.08767060717560278	1.0748819165315122	-0.3268814771218837	0.08723919930673457	-0.23921600658586217	-0.4341845020676232	-0.03554983757305824	-0.0060860971520272766	0.23587277314892524	-0.4155725484793293
DTXSID2041884	2.4645358415670318	-1.7517579524564655	3.2258697538642793	-1.7688669616103248	0.3318785453090479	0.308020378549058	2.0138628854114957	-0.4743279345373045	1.9969761057123054	0.34920156562724936	4.6976956002146055	0.5437684081366779	-0.39755137906384314	-0.09318837339707049	0.6141652078257049	1.661064540186551	-0.22247470023144314	-1.8543340518134865	1.3157782699610292	-0.13865443871281088	-2.2120292281107865	0.7995197094770663	0.16581184970303803	-0.7086659896358537	-0.268681358343308	-0.09593565974847637	-1.1790507036540585	-2.3539232251062416	-1.7433617631217195	1.161175970745779	0.593926372489887	-0.5608319007783145	-2.0806828944964315	-0.7765453846396506	-0.1197566492171842	1.0559004276795834	0.8212123038039432	0.9578904330107206	0.3007076255494871	0.22130703276258315	0.987024781873214	1.3207080843376053	-0.11638137588612182	-0.9508029170798681	-0.0641814924898	-0.3731866363867118	-1.5395748538882745	0.511751088475203	-0.10583522517934238	-1.4421827248815218	-0.525609011640007	0.2177116807110163	-1.2350321114620317	-0.15287550381950313	0.6631362282613957	0.650993396895022	0.7202802467134874	-0.7417657273816508	-0.6326329018954918	-0.07393430805595463	-0.3317739828951775	0.8550851061289921	0.4382605286492963	-0.8398807906425332	2.058059161193405	0.5615966457779483	1.5409085316682416	-0.9509997423884069	0.40809527498823595	-0.9932964950950636	1.1226028578662777	0.4221044548382428	-0.011058943553646923	-1.3915938878048024	-0.2323601336896713	0.8105398641338787	-0.14233348971439289	-0.023427995769518442	0.41827903852538817	0.09764391084949402	0.6047917172347498	0.15049676961561242	-0.5305119123793767	-0.9788224263051281	-0.35959272472952697	-0.16354660542911173	0.19127943421556357	0.31904339011729704	-1.1769457987052563	-0.41770909217793134	-0.715752489170608	-0.03041935673955516	0.21706734648731443	0.2705404996334564	0.30089557704239395	0.4856117699512522	-0.10104552973965522	0.11802647489023214	0.19614697630195277	0.0013897419107292512
DTXSID9032375	6.456634387106477	-6.6412504778404795	-4.611487741926518	5.521529432434457	-0.995255982552712	1.9091044167709486	0.7190999263249321	0.020083181416956388	-1.890695744659042	-4.469872470842481	-2.0491849221396405	-0.054159812968332555	2.0719901855128664	0.6051614422867534	0.9406700374100135	-0.6267603788209422	-0.761821319472091	0.40322869045419296	5.384086678831737	3.920716001941369	2.9264296968731145	0.8905595583772156	-2.0344777206870277	0.43154579808337756	1.7092958828736173	-0.13567403023459806	1.436293141132612	4.323144243948912	4.340048965355162	-1.4795529299006884	-0.866046320385935	2.17068649482318	-2.169473283026256	3.1886634978327244	2.656647995790624	1.2658924378324319	4.719213866235132	-1.6912532804115512	-2.1581124644476035	-2.221189499394642	0.7288318902380451	-4.7869808731740005	-1.631171570373001	5.898440684911495	-0.8498397710360696	1.0777923717891529	-1.8743227883702978	3.2200683498761387	2.1226359629744587	1.845337950480142	3.537646233125496	2.003599723403686	-4.142846567704558	0.7360188297609481	2.2298797667260555	1.90877532955325	1.5144579174685229	-3.705492829321588	-2.7035675458978776	2.4961744817708693	-0.32292897558174544	4.215230568164398	0.5868188264677753	2.2477006320916244	4.694627638410182	3.850561046884276	-1.0599853820694796	3.5063873943494652	0.21098177058200293	3.3795497434638047	2.1549381768794458	3.5880380254086104	-2.972054713853213	-0.11921877806514006	0.6461276022231367	2.2386553387365216	0.20400751344617676	-1.604418962987004	-2.252190881433186	2.010236946584961	-3.8006470652421687	-3.057007840577624	-1.4205955784400786	0.07623671731060011	2.4541739351700858	-0.035154842868749675	1.2116667621810469	0.7006428514225734	0.9179512490244481	-0.66337553982128	0.16796211702655298	1.7513214479310617	0.5516628297058261	0.2878380716418756	-0.7810733848399495	1.363506827299182	0.7474051627446363	-0.677322236895934	1.6253141119987027	0.530593278536679
DTXSID1040740	-6.684250215693484	0.7791527087961586	-3.1074573909732006	0.3806635894520398	-2.627084931610711	-1.622113132930239	1.4869726854418552	0.5433011167115899	0.6076205041594106	0.13348670656010542	-0.5891793599963708	-0.7585411204173532	1.7296943366560142	0.18869379750195306	0.024400892236038054	-0.7933808566229896	-0.06811683032029611	0.1797084937430581	1.0145698913206171	-0.03539493664798649	-0.12068439539592501	0.010915650583474127	-1.0418734321756182	-0.032454400974942336	1.2686961092239146	-0.18558894905527476	0.3256633931954941	-0.5755011885074476	0.6054516402610084	-0.9092812875749153	0.9786588966603212	0.35710114342027727	-0.3026270256011099	-0.30944142298859184	-0.3383309281832118	0.3071095083104149	0.6818968772076938	0.08920242902576989	-0.7331801947184061	0.1900434769960725	-0.34906148010605126	0.5865284421749228	-0.272162424118305	1.3771581526347167	-0.10623833517114835	0.2653941361225392	0.8025578040068558	-0.34263561969029777	-0.6947075866051378	-0.11365684120161831	0.257593728997141	0.05962712202890696	0.9624301630883215	0.01399665614841076	-0.2639015280541546	0.20804985373716067	-1.216499619521556	-0.1181181160881065	0.4768686456149644	0.7568168733285852	-0.209381687390821	-0.30410806849341104	-0.8973805506629233	0.21718337041020663	-0.16195131925628647	-1.320384888098809	-0.22000316949418394	-0.23781671626292084	0.45045136797341606	-0.03601643360688576	-0.11120130038305352	-0.03323676122449465	0.23468624407729338	0.2864128033871716	-1.2033437739042643	1.1827428947776897	1.231312764836409	0.36669037208630906	0.0016339978496052673	0.1788473729262168	-0.31963502462272625	-0.5618881062489869	0.5410904441710512	0.0600647548473597	0.21266381406173818	-0.23438385712322446	1.3819370377546298	0.6809741920932587	0.2000327018649979	0.39527643538094714	0.10510827025222369	-0.4182609930302173	-1.2360205140354326	-0.6942982364594837	0.1477755323139778	0.0011922758165083102	-0.1774673885825082	0.04214943299682043	-0.06444305495740098	0.2742136101849186
DTXSID8049200	3027.286088114596	-1768.9257021687094	-9337.860714318891	-2056.5510528028885	21413.673029624115	391.0786302545446	-4485.835758271403	3232.400123892534	-3923.351897395935	-3020.161595874532	869.3148767003377	-767.9459862235921	2692.5425207913663	-5708.073611291428	12933.474559252305	8666.77402563042	2068.047254733816	3090.409354180766	-415.91744066813584	5710.564778017174	-555.9138898527641	9018.701817510966	-8143.145975881455	4311.288887985337	3938.5242774354615	-5946.042863287758	1903.2560142304148	511.05912051228444	1072.2152040466901	9140.169021725455	9125.816648391981	-8370.774380199397	329.95096996371916	3215.5280881156773	-4505.249514083028	2702.5356913897776	3582.011878111783	5070.399106642773	-6477.308296989297	-1731.894863127978	5539.049261767175	2929.029171869773	-6413.384849290569	3446.5005354366567	-1804.1236253492518	614.7397143721971	1203.3902520996674	162.28469527767712	-5248.1852627129565	6602.629582865938	-5418.658189262569	-1230.6855503018096	6660.666839151217	959.1090159884428	-5302.801357846262	-7945.208196402553	7690.298057981145	1203.4213955746152	7344.43386008068	-1373.4416250107888	7807.16280155633	2330.2600671152754	926.8236509831116	2463.33219713678	382.06240830287265	3724.3464662611755	1343.6053940665943	1297.524569075722	5289.400507227107	-3021.8471504707973	1292.683784792425	2324.962297967227	383.3763611415127	-422.84911592307446	2500.4692898960375	1101.6906708710217	-7241.6937084938945	9528.00188241239	1250.6761176111067	-5302.5231324619335	1615.3226149062577	7350.117741298706	4475.703616314306	9075.973644145693	-3218.9258345228777	9446.40509078941	5930.563289676316	-2388.4251918537593	-1108.4754035487579	-3716.606651305741	-1146.1606876910882	1053.6365229313321	-529.186288244958	2895.212478772997	5014.048280701988	1206.147462690333	3024.3217961286095	-6514.515635616382	1290.862468891728	10350.780311143313
DTXSID50880218	-3.8941830039611216	-1.065848839374321	-5.129716097504827	1.6113167932305057	-2.9717293887441887	-0.7202166447376103	-4.758407898656089	-5.619051280725616	-1.1111320206329895	-2.3001794554835784	-4.397901447381722	8.59787964242499	-1.6453231438010592	-1.8847558130192188	0.923049655761338	-2.133058585549478	-1.0397978819910771	-4.2897950927152975	0.4570170164700967	3.34145071281607	-2.312898784514339	-0.5959947919931085	-1.4232567416921331	0.518140127479566	-1.2681585436960758	3.5559317617173996	0.932038134308857	0.6420792605606379	-2.761059271241716	-1.3629057144324526	0.13146152516834214	-0.004178153999205493	-2.4712099453684533	1.1403631452076624	-1.0563275982088243	1.080054131076865	1.499259560131743	0.9537977959065965	-0.5875880182903347	1.0946626746704096	-1.7430374474725239	1.1441208137789358	0.0620842613544818	-0.6990308145945584	0.42599249515681786	-0.003164447797150511	-0.9717109827038096	1.2871351120794041	0.23686802064699758	-0.9403608617909356	-1.5956355798035526	-0.43382274202762633	1.519920135420196	0.4878414957842588	0.613004210572507	-0.22615688813786014	0.1267810845300567	1.433986139592685	-0.5004241494613219	-0.38745525464696146	-0.5892651554983023	-0.3819959198852172	-1.4202182143659376	1.5405850181396958	-0.1906268108997979	0.8032710795538428	-0.4129908705529333	1.0252070860436584	-1.2678359481619708	1.4959518909661431	-0.16207803419554295	-0.16228474425086498	-1.540710891484248	-1.2026493963435942	-0.6050006270260475	-1.043209890492347	0.5250207502833172	0.5584303697791049	0.5374246416304397	-0.0500823100454394	1.3731063662039749	0.6178346857248254	1.4933211857901143	-0.4959044001837466	1.062621292923066	-0.9959698546685868	-1.1214370715775963	1.4320302723319658	-0.14919655664599182	-0.11034963979313699	-1.2415608483762277	2.1020070230525483	0.6768451915264458	1.0454852771856757	-1.796114860714544	0.7440131245629902	-1.7294757313915172	-0.9496009855383926	1.1606880811766191	-0.8254662267724043
DTXSID4026268	33.022345674659	-20.844128162358718	1.0236955736475197	11.196127404297702	5.024372320260491	-1.7261859885994313	-13.456274625741557	6.672270013705244	5.228775439652028	-2.100283188051683	4.659013957362325	3.9344538747209215	-3.0742123686923732	-10.095015472298085	-1.556619499805995	0.9025615664410329	-7.70136200182218	-6.600401619029573	1.8203118025982492	8.218100364554711	-1.0285157637956526	2.8684773084361206	-1.576605107514934	1.926586182391252	4.451521628821431	-4.319592542463869	1.3817864097145178	5.026551488791402	10.899283925847765	-3.369640463763426	4.595610812441431	1.0076128816792678	2.618998551943853	-7.507624721659043	1.9081051195130874	0.40947597391091534	-0.8774230555553066	1.3323669208230349	1.3252217941387932	-1.4330604720113846	-0.626179031160841	-2.5593226437578287	0.2564151900620071	1.1601303573149822	-1.4813807762945117	-2.196653398723365	2.9503355686344555	-0.14750014531704714	1.5095757856589092	-1.4435034725663003	0.2857165945873306	2.3479380436774493	2.072822952433431	1.1626944545659503	-1.3257508494183858	2.252310649148744	0.16587722687840756	-7.010174194215615	-4.6595488653152985	-0.7305250554807561	-0.09354566716138514	-0.487948513743215	-3.923972800937106	-4.127002037180914	0.9197902490204107	-2.931713530424825	-1.3189353393399859	-0.491817490365913	-2.775870327367785	3.6227232459661063	-0.3126474888890125	-2.3625423584484357	-3.484535713820221	2.599602575138607	-0.38723490898459756	-2.8042070672287496	2.6318125388846627	-7.02976600335003	0.5015798401795051	5.067030281149639	-1.8696117719065513	-2.0283596124367085	-2.754281237775175	-4.886264645812306	-1.0381527480735635	1.2643350823749457	-7.96501765620121	-1.5483453054417429	-1.3334118549551564	-0.909270843374404	1.5001691975605842	-0.10006950362452632	0.3847530874783378	0.8506092787833023	4.873551673148521	2.3507823355461497	-2.8066981686540404	0.057451487858441966	-0.7399464579617395	1.2518701823849803
DTXSID3047849	2.6183566017741997	-2.27242105869654	-4.960598384585876	4.145443179484007	-3.5268281346538255	-2.2314710160703455	0.24041245591472568	4.166475098850961	-0.12415574445533849	-2.6683278195804543	-2.396896906524281	4.3632822703324825	0.3027022047784485	0.2457130252271425	-2.126461463136267	1.380665581958318	0.0774173555519388	-2.6080382773813806	0.8423773989036135	0.7030879711075936	-2.90950950865951	2.2442013397622107	-0.41053483187497397	0.5239256179343067	0.12848600119736303	1.9006358708103115	-1.0051905002196855	-1.7324650886885486	-1.3941057376728807	-0.6080289524216796	0.34340504472589073	-1.18815791064284	-0.7039554044756338	-0.7220681746875823	-0.4656883299280089	-0.10550927295372829	0.9102296233161543	0.24873025541068272	-0.06923346427175206	-0.9982009514428705	-0.7598005844499786	-0.025763581858212096	0.4372400409209514	-0.09632898729755976	-0.3269315922846968	0.9447651715215192	-0.6470125027500948	1.008878649325683	0.7409496164765201	-0.12790385433752186	-1.6063391795386746	-0.5911128519937798	0.36507422826019453	-0.07701280786740591	-0.18777790708146208	-1.0683650949717594	-1.616262942419252	-0.2635501746229563	1.2487683343395117	1.2338558371699728	-0.1344233427319119	0.5789183004370934	-0.12598960258988842	-1.1584667658502723	-0.08335158237382231	0.5965860355279068	-0.3183641454460766	-1.2637007715918516	1.508936733536853	-0.7238014734201146	0.4920220305724882	-0.10752284380718487	0.16971158748293694	-0.10223262000337989	-1.892087751661979	-0.07352801594521136	0.6669265992077965	-0.24993679998966217	-0.02588710742669899	0.6515431406670139	-0.3167711491088949	-1.1961383329868025	-0.38470936264670297	-0.546042206239808	-0.4678077076750041	-0.17740575885594093	-0.44067620471658986	0.7089161361137722	-0.08374570159909966	-0.3619787658873792	1.0265431076833658	1.0490454196346455	0.3017349439854695	0.3508391761641621	-0.18087138523832985	0.5817864825914378	-0.8582788604938524	0.5142578192984274	0.4690673184149632	-0.3204559798281374
DTXSID6044519	1.7139118538432114	0.9756643038451825	-1.0770739231550692	2.276124827980255	-1.540704408722014	0.8875735247476729	0.46876110236404483	-0.6599610179418306	9.074009452347402	2.3957278781138407	-5.937301248224295	-4.634665436648201	-3.050862183966478	-1.3628372407807483	2.164804835466501	0.35316363943553086	0.8164245115605873	2.042555902448416	-2.992319434290483	1.7123844248983255	-0.8572652320629636	-0.8283443698004511	-0.4732846753073437	0.24711714486751069	-1.7995859909090017	1.40262050918565	0.32507593122534306	0.11548153796677496	0.6610958552223788	-1.013874111599639	-0.10955411796450229	0.002174997828856713	-1.378968543552582	0.46921148462259776	0.9080075607319055	0.4957843224389223	0.40053637064986275	0.17071566756250028	-0.899574779683278	-0.8023351156015781	0.437209631789325	0.12780660433418353	0.08800433420232127	-0.6213692651633593	0.295745409339532	0.5846186327505859	0.8871349145217821	0.033928058908299814	-0.38226540847064155	0.5885159044191434	-0.1247105045075993	-0.23742322126634072	-0.5907076112400165	-0.19705075164685626	0.27297254385623115	-0.20820917677646364	0.319893198528275	-0.7260084944425196	-0.4452477375522452	-0.6527472921508489	-0.19838274443771	-0.6532470282874664	-1.0379626223821337	-0.008197279525081674	-0.41872944454015043	0.7580007009044026	-0.0982079437273697	0.3163282847813067	0.14198285699931965	-0.2969010963091642	0.01512947603037115	-0.38586437447063465	-0.351059573972251	0.18273078058736933	-0.569369966256726	0.22143309624823276	0.5027618842659601	0.10003163491441198	-0.48953823475119324	0.42906601766159064	-0.09657550669347079	0.7146495780871122	0.6744503026431862	-0.06418193716768458	0.1778936140771871	0.45734685741515263	-0.3101571474539289	0.971007760786489	-0.9212090117364548	-0.08678359317637824	-0.6410116677706346	-0.03430755455052814	0.4118851113604604	-0.8950046336681741	0.6711176878889257	-0.9676771653056402	1.0954266613978854	-1.0629408950694734	-0.05766845519796475	-1.635965157693514
DTXSID5027512	-4.065121173979602	1.1283877573440948	-3.902626611271577	0.4697504558944092	4.849484372925053	1.1963137548286535	3.2714790233595936	1.4952649691956705	0.2906794851527593	0.1731340429835139	-1.0288778159402805	1.8373191269451288	3.8991620703053	0.9839238912287577	0.7761133807156246	-1.9974269002692604	1.3485102157686446	-4.024317047353805	-0.6386064076047703	-2.644753924842115	0.2233967335149849	-1.4644703379431063	1.2958162859665991	1.1358545219187954	-1.0305227596838376	-0.5514479679165536	2.160621947945842	-3.044635695819481	-1.7524865244440422	-0.602963574644468	-0.3920538361603399	1.7996632752316257	-0.01965660745371845	2.746350533612646	0.5977984128365842	-3.943462173524541	0.03877070175467153	-0.496441948158588	1.2150276658324015	-0.8326119175113993	2.051308262004573	0.8531470068368989	-0.364763104196282	-1.298694165628411	3.4750705303307363	1.693834309259421	-1.654169448285325	2.6638440434905615	-2.0930238585549685	-0.940512278473398	2.1020965413362336	-1.8705657099579802	0.04806131180685073	3.3418921886139574	-1.6811806387074006	-0.37018865252535843	-0.31899465584285563	1.6275347106848757	0.845704145466273	-1.612586848891417	-0.40728083915240826	0.4731679034538126	-2.117934829768432	-1.8329387869365643	1.8588295823165202	0.6263839102969782	-1.8068767101402572	1.8414666390771512	-2.816192063035549	-0.12981800571364688	-0.11788971930230845	0.3468464541193214	-0.7838144363088793	-0.7816258583666158	-1.1706363246581553	1.0966634275358278	-0.001335691568362314	-0.7563716642798675	1.6229955325894885	0.8556662135428352	0.19602062141997645	2.4852800070918857	0.4943550684471762	0.6683343033669185	0.3283414662318912	0.21901976652459926	-0.05515515163876909	0.6413700242920143	-0.5051056339206975	-0.5040255630893282	-0.22040204483822431	-0.3890481204843934	-0.0051328751837955025	-1.212624550732798	-0.013445026646671424	0.11246601976047542	0.6472083287971435	-0.750759231635334	-0.8802184070010193	0.8280184748366233
DTXSID6025012	-9.377551467927178	1.9706631885148111	-3.1705313822970265	-0.4170589953690629	-0.9319135302321049	-1.057622568847927	-0.6249989484853904	-0.9339878351063307	-1.0767171105369997	1.6326931283701154	-0.38907355906628155	0.48381667856687016	0.9780478229249084	1.359197868452922	0.32113961111862566	-0.9080805117431563	-0.11046894520335981	-0.2799053355276103	0.8181995721780151	0.036443996101024174	-0.2844042097555487	0.05463213485996606	-0.675498328515552	0.39888290997777137	-0.12488145601198074	0.6893163019048499	0.029696192466850534	-0.9295440796802914	-0.24132473369679833	0.4352382743038483	1.5777406306326465	0.6485084623820411	-0.03148173594505143	0.015774348626380736	-0.39690012813419934	0.1790796665712082	0.561107782185376	0.2729486757243498	0.06948774053650875	-0.362466616043001	-0.3667166020162007	0.31631027496927494	0.05678607234996554	-0.1259994755882401	0.10403099168115716	-0.16684027828903056	0.46834617149885227	0.17583129898035385	-0.28085384264032776	-0.8680951208247969	0.1705762967347452	-0.6927556567267552	-0.43141114707314715	-0.28002116521009723	-0.3221883596098228	-0.037105719024192386	-0.528958746354279	-0.4766726206618129	0.008364038347620308	0.23270921369403982	0.7442814800454571	-0.15649790845138625	0.11878627678345226	-0.1910989018063435	0.19127656218796238	-0.5172993158948233	-0.438293760603425	0.18892987100257624	0.011997524358812857	0.6283186027343395	-0.11271171650823968	-0.10710263264253607	0.471147359406709	0.12536614667269014	-0.16055603235036467	0.03752446857867773	-0.32693237236933637	0.5076866731703663	-0.21064472758745714	-0.22882477435013857	-0.6196133141970672	-0.6371008945427606	-0.12096732971125428	0.26442871721265887	-0.3028437930021567	-0.3309637390928511	0.27818806402710533	-0.0547809830105862	0.12934443724993244	0.2177090309756056	0.11242229448251333	-0.15251596531071196	0.10418906029570078	0.03284992538808659	0.022815778371883543	-0.18195144365684826	0.300017795972371	0.16147900354488842	0.16895781909123447	0.39411116895931325
DTXSID7020928	481.7265495847848	-284.783038597993	-1491.3584564697715	-319.97877556896003	3411.6741179286414	60.72610319138377	-717.6518117052645	516.9774667064329	-624.559691319994	-480.50441426273863	139.71823151936007	-122.47059029888229	428.76004023526735	-908.280995200957	2057.156316079748	1381.946749078378	325.95650464393384	490.96842375908403	-66.84776025012609	911.0469884581831	-91.16354985139107	1436.495537319907	-1297.2168123241765	685.507098406686	629.7520557462734	-948.231590327309	303.9458175623654	79.81729772711648	170.74021949619114	1452.776539045335	1456.9208672758075	-1331.0579239540482	53.0067239359065	513.5423524069927	-717.0481057767877	431.8908454466771	569.6512892609967	808.5296030019889	-1031.2421526171572	-277.45065950935316	883.5078883915164	466.7798447208142	-1022.1840972567824	551.2287620416834	-284.9130456084128	96.56011178392167	192.1349451328988	27.255484937321242	-836.5260784640541	1055.8729187161368	-863.6191096935205	-196.9244938928468	1062.6271226270992	151.81482917874533	-846.883922794832	-1267.8724031765444	1228.2108769753916	189.56021442634847	1171.6469460107405	-224.09944736150766	1247.0152377116644	375.5146847884561	143.4690057097257	386.859816500691	64.32519467962142	590.7317001257001	217.65111584929375	208.488149478008	842.579379129025	-476.44587375444553	205.1168459255857	371.5806867618099	62.927236536103464	-61.585934669100375	394.9248613114308	174.1204596407616	-1155.407695751763	1513.8816910838152	201.07188269837985	-840.8624596170681	257.62979284074794	1167.914043943467	710.1202337763644	1437.3368735768643	-506.8345706662648	1499.047294331578	941.18812932007	-379.014270995909	-174.36251874972857	-587.4971581527255	-184.10183770053624	166.13285751489624	-82.41685390408526	459.086560925114	796.3088667673896	188.56909787633987	479.8837123576627	-1030.2378525731847	204.8932243635951	1637.0699121200005
DTXSID6040666	-5.645113249969159	0.777877981347474	-1.7859953468265553	1.6598220202983378	-2.3123296825097523	-2.51282305601916	2.417148724006225	1.275967938431281	0.5163783201347899	-0.9721960793677039	0.3743124352927329	-0.43003273954496196	1.0707846968202326	0.3260914668093177	-0.2935437417373213	0.17042976865668216	-0.20315484846369433	0.008500627559882477	0.8923156570852752	-0.31507662616658266	0.5563679901834685	0.39253153557651604	-1.4518144142380425	-0.8656199736670505	2.000847253574201	1.3118486287062874	2.6433918966015186	0.23722942735779237	-0.26811950544374835	-0.62699278523983	-0.6961784000755945	0.7392989735549403	0.032577507801716775	-0.802698910481577	-0.40843973760110025	0.4693138919739652	-0.3228048335942504	0.7437478943174398	-0.5728634363104188	0.5266044849956323	0.5356445352512451	0.5663484728789989	-2.214938487114197	3.046255406550339	-0.4102853916014588	1.7296904367957229	-0.9360384101365613	2.7687314203070583	1.7762599587084023	0.3138695765000617	1.1177680331697895	1.0579685312505822	-1.4640032846016904	-1.796637809293628	-1.8211939501082146	1.0915803035474567	-0.04526688793428515	1.1549234298899411	-0.5150859246447915	0.7796663874525949	-0.5865625096706374	0.37222566844118965	-1.0306308063412548	1.0506235752524458	-0.7275539564216351	-0.13199764772842265	-0.4909101189890202	0.4088547272485266	0.39141948387534564	0.25160721063446323	0.22003536100945353	0.7770123605828549	-0.23441287817852288	-0.12754876025128792	-0.5097917419913844	-0.4715820790597203	-0.08793983424467391	0.09970918741529074	0.10218524944291452	-0.13214109030475824	-0.7127555669035724	-0.5225915034384351	0.7175216597525861	0.07396397473730786	-0.12575104091165087	-0.09074919036950617	0.38252601286489035	0.22070823847197543	0.03720302141212107	-0.22193558510257508	0.006706051300875917	-0.15983975055063118	-0.07808068271088513	-0.2022025834919433	0.09418288528553471	0.10591682250306489	0.27152103241519	-0.1948643094446973	-0.42847274792545315	0.4568499815296626
DTXSID2040608	9.7392817779041	1.3643685407593538	-1.747379528302079	0.5340170259912473	0.5177405355623694	1.441565494323111	8.351173022839692	1.737600949902024	-1.2334243209685205	3.6257085220096124	0.3217664740897734	1.2742219830926953	3.559746603642441	0.544822081567663	0.21310787116139063	4.931169367349339	0.005028075033128398	-8.733952592149752	3.380262182617517	1.9433708086772623	-7.235918619821468	6.538429923526906	6.24047228477021	0.9415248605245452	-1.4236754745224887	2.0033020735885296	2.9191424203431495	-6.594947491685952	2.35873945191903	1.678123258566012	0.9139962151448355	-0.7581251918722527	-2.916368671787109	2.918626810423654	-0.4622309428476202	-2.9424551020062237	1.9825784096566907	-2.90137752236832	-4.405552581296588	10.189686217434456	1.3982295977404653	4.054915844482771	2.791136928321479	-2.6599933362107495	-1.3914212727234108	-3.445126275744849	5.777307839476693	3.5476158235575315	6.247904898117566	4.616001128702522	1.898025602578984	-0.7585650315867778	-1.997633660734833	6.100476941703471	-5.217884283360712	0.9594527755656421	-1.1568208642116038	-1.029410935688605	-2.8822397620145135	2.8180608294829144	2.5536897820358897	-3.7390414291262184	3.8195323033441273	0.553201433435713	-0.06777943972944259	1.2925191366715822	-1.1450398929671095	-2.1069658042489787	0.8399926364156154	2.43126946242552	-0.07472765595199896	0.05511721408382397	-0.15048875210988952	-2.1846808796072463	-3.185061781249465	1.437982927642104	-1.0399085814294553	-3.1096144721106302	1.8103293072867914	2.516833649116359	0.4864153591899771	1.321035849784173	0.5402500325396636	2.2416585183140594	-0.11389886721917036	0.4113796947855931	-1.9934212969487952	1.7516804770533794	-2.5545301845765107	1.8806759250413623	0.954583640981076	2.3826113529837936	-1.2765857443413104	0.5218065911614949	0.17814899534024226	-1.5521612530305593	0.34202138144608807	0.9276369471901587	-1.1472167123767965	-2.8403216791107275
DTXSID1046631	10.24028825923343	-1.5189283376365046	0.054856116857173946	-1.9834422335145039	2.70899927568544	1.5002342104244304	5.303157644133366	1.1883414385157391	-0.5650240484173874	5.541353502790115	-1.9837148345370335	2.7438204267726025	3.563635217442295	0.9140863967842404	0.4973106163385459	-0.2365876188375655	-2.056567941865977	1.173939749445041	-0.47361494293255524	0.0781262522084079	-0.5073950404543829	-2.1770503080987282	-3.7554032387803007	1.2268675121278863	1.538209613298877	0.126344661468904	0.02038882921337013	-0.45500975506838476	-0.2816798346557322	0.4470903653120675	1.9945111071290904	2.499604087784793	-1.6768561546840435	2.156819610233305	0.2966495120258039	0.8813809481462761	0.6566570733428252	1.6201037648975118	-0.4766081820756186	2.323015574957353	-0.8268272182426518	-0.17620939252304182	-0.7058429776736334	-0.6840610528799345	-0.07412843405317855	-0.03607833425638533	0.9267644992751014	-0.17718043463145441	-2.924207981420536	-0.7652601666330788	1.0493571701355222	-0.27412016087429225	-0.8944479801907832	0.20403477656840008	-1.3270244005408305	0.09588486310993964	0.8086471261106836	-1.8544733158283369	0.10645303517443515	-1.6390710813637954	0.2162196038164811	-0.21555764343735348	1.4204463060108294	-0.2764439738383252	1.500261618031076	-3.5029824046242792	1.2093310548965501	-1.9858544200907398	-0.25303710831011555	-1.812846292769069	-0.898675775463212	-2.27594720844862	0.2867128451828764	0.3304594579532605	1.3433975220265018	0.39296889116230493	-0.005829585342066403	0.8824385464487162	0.10277934593126252	-1.3566734045526545	2.1392747787818935	-2.00134867180051	0.849904348161979	-5.552940665030682	-2.21287545302523	0.4930609132798475	0.8813795012261123	-0.6935882520404344	0.646801359693252	-0.6467059089665914	1.5325125407972915	-1.9717667834265775	1.2968703000870931	0.31444537731867495	0.1003543873348564	2.3668958649149734	-2.1587377732377884	-0.19874659380419984	0.9195681440079807	2.68956736637344
DTXSID8047131	-3.60998815741635	0.6704188758559108	0.14308848688452652	-0.3941198253774894	0.02034376999931407	0.992677699061801	0.5767127161313469	-2.169102430417558	1.4339492642290377	-0.5204309930618839	1.7892127247543455	0.7179768570944346	1.6885755480622604	0.9164553093360716	-0.11898560984657698	-0.5627585043317522	-0.31864590708366497	0.8747978198160281	0.23576053979866507	0.5623943460555957	-0.7826606419763961	1.0263928466904764	-0.3547701965021506	0.29440333587349565	0.3657623460933605	0.05666290336814252	-0.3476233162846485	0.1844648834939414	0.0915445885870579	0.3379201751575618	-0.014125402673287131	0.42210717026304423	0.2005383935933241	0.2626971202526899	-0.026923831731506833	-0.30744916305989506	0.469674792833973	0.47276630300163613	0.018975767652361995	-0.6682373699147154	0.42512989709750565	-0.38919495380210267	-0.3273708209837696	-0.5284606321694729	0.3980366603092075	-0.2076474792704982	0.09712997359716659	-0.06210744495421135	-0.10346222967009819	0.5834683534384679	0.01582529756560249	-0.5029755034432781	-0.3212912085160136	-0.39065590666539024	0.04355346853789656	-0.12861442137100157	-0.3146041320200694	0.3409411593976095	-0.6535820092202406	0.33321137180223326	0.8251555975666646	-0.09644200617504001	0.19708905867209017	-0.15683797201153024	-0.4763772989178555	-0.008463701742011599	-0.2837323007346424	-0.423997065117862	-0.18771591938922216	0.29470327813535724	-0.5369575446163941	0.7566837595564614	0.3198851174689802	-0.30481952085509934	-0.07680518737546894	-0.3089212372119088	-0.07653967820212405	0.10205598748513629	-0.2552990070641265	-0.2362465838822778	-0.06757128977580881	0.027491525574779685	0.27725776286471204	-0.001811951337868536	-0.4663348928125529	-0.3557535371701239	-0.09934661577701948	0.21297790713937928	0.15374759348744402	-0.3139495847578997	0.052099259722799406	0.09528107513406035	-0.27364350998559633	0.17293979146246646	-0.3484433318335744	-0.046235766561195005	-0.01979061029148984	0.10107000674195205	0.09349659931968353	0.026360996879629006
DTXSID8020466	-6.873298870299193	1.8442922586376873	-3.45691025502181	1.2133731285135456	1.4069705839645104	0.10863411668339315	-0.05015556529110872	2.248127164126018	-1.998819106159639	-0.4446186588382704	0.5260848400110202	-0.3152036865346603	1.1596674279171824	-0.9329618165516226	1.1771186988490223	-0.4391425371354427	-0.37133856934870896	0.844195288790661	0.1497260810675262	0.44130015577272086	-0.7320490761485883	-0.17696702351066718	-0.3764582120566625	-0.3836828234321784	-0.8440825185499682	1.4358818403295879	-0.2594455907263023	-0.36819946623101824	-0.6134096574741569	0.06702468000591216	-0.3831738651603059	0.7323015049628011	-0.03884130470860729	0.7739210188544673	0.01790273226314782	0.16600448162664314	0.1762570375433744	0.6843746284734992	0.03152967670249027	-0.06868815584865219	-0.1083136441073439	-0.17782319938479596	-0.22677464416522453	-1.1069025391593288	0.5953297448944328	0.2678853000539541	-0.3811060682516652	0.050228773423520306	-0.1296508514198003	-0.8427112435834295	0.6004736445769822	-0.379083109289488	-0.6852837939417942	0.25759032314712366	-0.02626123199726592	-0.42287091308094826	-0.12600335461264447	-0.5104089367074307	-0.6223253240402687	0.006786311629475971	-0.7676414601205463	-0.4411934041075277	-0.7965433043088948	0.498435022146816	0.26368324355415124	-0.48069899171148617	0.38724260070995997	0.17933784509177175	0.49631439687393325	0.5102345985775957	0.13848795713129267	0.02446660407607906	-0.2703130198887873	-0.7032470352111008	0.9969539243797788	0.008183282242746878	0.30814455682655284	-1.0395808474345187	-0.18711751924754697	0.1470634406316225	1.0217181902826227	0.09168490063137791	0.16135040347150534	0.47814159532826744	-0.6989428151677667	-0.7773151759340806	0.6246653665124932	0.26481480765790566	-0.490661393383845	-0.4265315330693941	0.5873924904394755	0.17962510663470957	0.09948166645567887	0.8183292531633569	-0.9849594313847638	-0.40884026041029337	0.5640975689926598	-0.17142370353054598	-0.5083088425274486	0.7493072729200347
DTXSID9044879	1.9411930174767709	2.373563315173981	-3.3639604891790382	5.488115994760396	3.9105215701428873	-2.2250928980334446	-0.6285794795986186	1.9344872533334754	-0.43158389891227605	-0.1525362715439698	-1.83918015566649	3.196165700193671	1.07273617118619	-0.4813612498506697	-2.8863151432005574	1.9078152283528	2.416955120407203	-0.269217418849549	-3.1038223003477374	-2.9039836660150318	-1.6887104914245497	2.158971668822039	2.1953763460137212	1.6915707313396677	-1.2564970945872092	1.287034990104306	-2.544719235432774	-1.4824682287779363	-0.3395405925589001	-0.49920590678728566	1.9874912595893228	-0.493622508519778	0.2940205274270897	0.2977081343947374	1.3639077114153975	0.2675267012378112	-0.19586030256322795	1.0434189275846124	-0.6500145298677531	-2.5842269077259266	1.4192199000866141	-1.2113892165020255	-0.45816280771689416	-0.7148773850062874	1.258010204922823	1.453376078331084	-2.2902674484723198	1.6504714970712795	2.3380972760853385	0.6124992132816766	-1.3441942340393145	-1.8349525639901998	-1.3701668828770825	-1.7876803454847976	-1.2263357685553473	-2.150350200827597	-1.8639756352523473	0.613150300101343	1.3826176503957164	1.672498359582444	-1.1067075410337648	-1.7720258478532493	1.0176189736969137	-1.5429088741217005	2.234079897408596	2.092290073985176	2.1130981218828184	-0.8406676875463563	1.4460468235338328	1.0058689348984442	-1.9669313448218733	-1.6127507437603965	0.6422377731681759	-0.16290026120943932	-1.484203463831979	1.1859459603929663	1.7967243824579981	-2.730112369889673	-1.5196731374638914	-0.966468494412276	-2.2058479311970554	-1.0828069837544685	1.1610840651281122	-0.39705696795585854	-0.27726124597763435	-1.9316797835070318	-1.2704899945975865	-0.3436196413864022	0.3453268075058721	0.256719065881818	1.3315925377363305	1.8273850623147052	0.9188971371359977	-0.2558911235151077	0.0708565021013882	1.0769518385069556	-1.2401537656125319	-0.6217615289679665	0.4389285212649135	1.4670880141599258
DTXSID4044747	-5.577719473383636	1.9564035012564682	-3.4139439622357197	2.175537571812875	1.0679355721885277	0.7519529346544063	-1.142485588199982	3.1012117939485067	-0.054873932853342376	-0.17684943091200575	-0.6966868580843315	0.16516946718586292	-0.3520296204392825	1.4336688767667811	0.1713985478337455	0.11378767280444352	-1.112609796398835	0.4862794080646717	0.9096413055424081	-0.49984860404019693	-0.8252637279099192	0.503610636926433	-0.8802314612629147	0.2442897434643268	0.12220569763065103	-0.9405944360497933	-0.2849369760053019	-1.0567893693978114	-0.41779492563781884	0.18410324058703562	-1.1169121589686055	0.3603846353815977	1.104752296056089	-0.9153981011821688	0.5696728703175445	0.032907520898228126	0.6952642375103342	0.24557140382717454	-0.003348547375161149	0.9615022909192541	-0.4374741670828673	-0.1933757442666725	0.13173849979441135	0.2795341076219879	-0.5900988126208215	-1.0165560761321801	-0.48305671568413405	0.4309216045498876	0.3430282356187485	-0.24335089186861902	-0.3777481385463388	-0.5545591273474143	1.3526635848671025	-0.08601434054967237	-0.5105675737167916	-0.1103287139465648	-0.40228193610437485	-1.0347165961318443	-0.3560702659194694	-0.8081699291933396	-0.2936562728487597	-0.06569677432365688	-1.0634606518392156	0.039054013013267525	-0.01210586742417399	-1.4057977156621053	0.5957950302018385	0.38160592587121756	0.8580214678553467	0.24299348242303775	0.605227716685574	-0.4372433247682789	-1.2509624811295923	0.4333070324949923	0.08094394126537667	0.9345208368961072	-1.3817392384503764	-0.13241181774969868	-1.2923672132959536	0.4972609610204873	1.1460041013124673	-1.5905986903903646	-0.48667495711475756	1.1882448911575947	0.15113531638575434	0.21734987056294794	-1.119831110476829	1.3478083928185034	0.6239827464618094	-0.7051744991193184	0.7023336478934649	0.2381901020760199	-0.27161236436774844	-0.21466482098440295	-0.9448502548299729	-0.27059161609077903	0.49864653086402155	0.7470222546115711	-1.559525255772244	1.0336369308182
DTXSID4034102	-0.723939314242447	-2.656886831402933	1.4721445659202372	-0.5585918620569964	0.0576540348082287	0.033437101764301515	1.4251379373681914	0.5852906987985579	2.000270457610364	-0.08482025367787407	2.9462442270614924	0.9219577888579933	0.8390297804628972	-0.2927080215323939	0.16097221083111288	-0.21790230934550062	2.8398127007489737	-1.891391735428481	1.4908553241332747	-0.3295167184110018	0.33391810249572185	0.1519207942541037	1.5215470007336696	-1.1259440376520817	1.2762222978495839	0.47288943211505974	-0.16129208367066591	-0.1063815781000937	-0.6223738251853852	-0.2903820359641832	0.8049571052487048	0.3868406218622314	0.19931221843796676	-0.8174157570596984	0.7663120004052303	0.7118734096367639	-0.07160058466435326	-0.8496738609337816	-1.014091069753231	-0.4046435420174971	0.6888642763931011	0.31875734560489305	-0.13794560369800438	1.2179629485901766	-0.09968490557091124	-0.5200762667098595	-0.4971119604905537	-1.4012877708600069	-1.1106254339457342	-0.31030082907184026	-0.6298537483720028	-0.6030935737325568	-1.0055330376904352	-1.1243713438059333	0.09357916704061953	-1.0425986686944964	0.6928169364888509	0.42919695905041294	-0.8590463103107474	0.04484669427666212	-0.09749330264312579	-1.219721770610889	-0.07480596021396561	1.0627614843157909	0.45849667503817504	0.4415169914891394	-0.004536388057642253	0.5066450907084864	0.018942555068891746	-0.28545828844118737	0.4581976215272557	0.5604477532066834	0.7405807659440606	0.08764198458970396	-0.5748533276887733	-0.11576654034115703	0.18613119604375944	-0.6292659170736449	0.9013615032955924	0.47657316456223975	-0.13687793393065212	-0.06561994125956656	0.46644770494805204	0.5194573006475506	0.15238812321383463	-0.2935848598646028	0.6177923690033797	-0.15309039285912995	0.6322512273675502	-1.0846483329601058	-0.6053174716352517	-0.7015514646511948	-0.32194655012911133	-0.03530254601193178	-0.7752138873826682	0.541108650197831	0.18894232348215637	0.3653657581678103	-0.09731624815916502	-0.008529612086970988
DTXSID2025050	-7.3422510345865835	1.4539618076322902	-3.0423025023377845	3.4756400594075503	2.156242341390389	1.531829553760652	-0.3470994412701239	4.327591484719115	-0.6099506700175232	-0.22289708754644513	-0.014021661867257697	1.2220071642218537	0.3011611546004214	0.771570755318053	-0.3616159975708154	0.9448971830024122	-0.7501526881899133	-0.4714327782610856	0.5131661229637163	-0.11741211948372868	-0.8488353413178706	0.37139152869565956	-0.16326411009619815	0.0711141674487688	0.4294810640604823	-0.37587785453271505	0.19344899889805772	-0.30383693866267814	-0.6775871991674726	0.011354408414718464	-0.3943523483954979	0.4190867784378989	0.46964160211604467	1.41417996902795	0.27375973558113836	0.3157190675254756	0.17470935907500637	0.28981686634569614	0.3633477503765411	0.15463203417107438	-0.1831064178088032	0.34851535155960917	0.060078330532699835	-0.6241671940412001	0.16963531439969903	-0.37928296358579755	-0.8978794316057251	0.9543439939986476	-0.11463752434773516	-0.2579918622550014	0.22463245453952368	0.1927097083475083	0.2465517964001968	-0.39977593476604245	-0.3722572355480395	0.09168042493357552	-0.21789732416673502	-0.6085421692592733	-0.26840196738699695	-0.600624624084775	-0.26851971787485496	-0.9606172438784495	-0.7995495341030577	-0.3023264986474206	0.3110747391045283	-0.49457052743673496	1.1608857127236212	0.6777720466592869	-0.5056597400614763	1.0369343608196326	-0.4146001436437403	-0.7078338136163228	-0.3285840548105651	0.3874372584980927	0.400717140874738	0.18548667766147928	-1.1034938615048917	-0.24643205486922065	-0.40220714797546264	0.14175223160448347	-0.42306483127956057	-0.6001890598516413	-0.5367138709459494	0.19826073152659618	0.2514744277910173	-1.6300773773403572	-0.5359992978284802	1.510178864407702	-0.1931699446322707	-0.33985713625315744	1.191468576097016	-0.06952689452761238	-0.4204318377598633	0.23766052822825676	-1.9489017218029772	-0.48494252032030283	-0.6329747920836094	-0.2940689178307575	-1.1177810985278789	1.5652940628858065
DTXSID0047400	-5.108054283872718	1.9549578707693782	0.8531783724692147	-0.7698571278675145	0.5886137533289616	0.7533238879795517	0.911587585735209	-0.4187453922216685	0.9650064763749286	0.037911387821234155	1.1507230047811965	0.9647185359257897	0.48978128201747334	0.010279534715177447	0.9250705657017105	-1.2383511910332499	0.3119750769953622	-0.5462532372570951	0.8319787662696159	-0.38617988807767395	-0.13953745830747113	-0.13448679689330378	0.8522609144815921	-0.08097672127366447	-0.9845886704083158	0.925564681250125	0.6641045372571374	-0.7486528831185663	-0.01641735089797842	-0.37662460964989997	0.9381625817427945	-0.04090311514590946	0.17874273601657534	-0.39764730485620464	0.4910180607405888	0.1962111636548734	-0.4726440341345956	-0.6566550702736977	-0.24112715647858202	-0.13504183789421767	0.21968975475055874	-0.2901543452638054	0.01684579348787967	1.263275048429988	0.7486847378963833	-0.08357473649425587	-0.11179619570255933	-0.6557440584113955	0.12536381917195563	-0.6352892616952083	-0.4145602149151177	0.2638799751253512	-0.5189054411415993	-0.6153357325239179	0.022213923163056447	-0.40000201433912064	0.3326729065160654	-0.05592299764393731	-0.008983868180661374	-0.17651846108343086	-0.3760813563177448	0.4445118001158951	0.07280595114097912	0.7491166438879256	0.009818903033224377	-0.3593801621102625	-0.34704004766025337	0.32524581600362923	0.21315453075399704	-0.27246643826681416	0.07289127130621226	-0.24445843479914078	0.45390173521609256	0.48743984897552717	-0.19237784131275124	0.023461798976497084	-0.10704331137476027	-0.03773260126993507	-0.4419331123919448	-0.2943526466339239	0.12136496400888684	-0.3912962906591884	0.25231974226422105	0.2493019745591347	-0.014525053000855732	0.10369198636213994	0.3219644869680931	0.11337106939461969	-0.023633554882322	0.07476039407463131	0.1119258148866263	-0.19468416997284682	0.03636716139349114	0.26908408402383954	-0.17545030725073077	0.062313050163047216	-0.0329729748889797	-0.05718093049655878	-0.1031647851296393	-0.04017929550456301
DTXSID2047305	16.078041850143965	-7.545778913324703	-2.3127293028920493	0.5943386423344055	-2.4270193024760975	-2.7727928468481915	5.010572601161214	8.004479096840901	1.146518502404289	-4.7662923848632515	-1.3805066987938275	-0.8571511806627532	3.4064613540525137	-1.0866832046606125	-2.812289218858326	1.4929601666420127	2.01808498427864	0.5643529484877986	1.2809075083447092	0.8760771925014894	-1.9187148371747142	2.326568996471487	0.0022909281137157003	-2.7559941295846446	1.5483217044297357	1.9604499413923322	-0.5609961540518021	-3.748864301895489	-0.04218144864183716	2.199524325802176	-3.8417107188656323	1.0302424880238503	2.994223020397875	4.31246280001089	1.2620239044264439	-2.3390231824646914	-5.2762563703540675	5.2244271905335085	1.433760358499325	-4.791683427847165	-4.80143093302669	5.447333472484574	6.955677010520473	6.616654045013506	-1.3723755310156927	-3.160528031843828	-1.4131884099628136	-0.3277553909223119	1.3922446172958678	-3.6317016674702907	0.14046819985494624	2.086092603289687	0.8516299430373735	1.1016048741879114	-3.1010176035912322	-1.498411800410331	-1.5292023964971473	-2.0227914148096877	3.6203510259265568	1.236124938163953	-2.3189466401026326	1.3741815839589269	-2.9553555238693536	-1.960097133355174	0.5707757491011828	0.5231636762735005	-0.3656391251416606	1.3144449448387103	-2.5096609916015824	2.1854971380116166	-0.35771652415180066	1.7404888435894839	-1.2059541914320528	-2.71845981315767	-3.292190506192911	1.7640807340145204	-1.4968867506783032	-0.13599205643190726	2.923099490728472	0.448102194286393	0.5138997176703634	1.5859161240748667	-1.5799351626546783	2.0958869435387144	-2.152529108173146	-0.38067756301117306	-0.5379650610358713	0.3375780854858969	-0.5393548900317079	-0.0866201329632301	0.929813274440455	-0.44982131217349813	-1.487209408159127	-2.203909660208057	0.042923771088757584	1.0523899072945044	2.2214762878835645	0.8209782870936714	-0.1927120765186123	-0.5724468054673045
DTXSID5046722	22.714549553011704	4.189581500179558	-2.796454425265004	7.121459660737197	-2.287288465158076	-2.263166949329891	-8.743843928451987	-2.5225542294048884	2.365139227003637	-1.7236927733138914	1.0697000358702555	1.64955074387089	5.096359508412919	-2.5197805826022326	-4.265924234196663	1.305469166600379	-0.2964287951073064	-2.00890181903729	-0.34333446141183077	1.5010997425225234	-1.9274190435597138	1.8594673536204138	0.6660824721043526	0.25684067545640843	2.63105548546304	1.824402385865177	0.27632604655717247	1.940168098309309	1.6559812717265503	1.4038303441250144	-0.23855561218011448	0.38819903343362555	-1.659650209831727	-1.2265311866713522	1.4600996428576822	3.7763809848596352	-1.1352596533829868	-1.2472851474895528	1.447609032264339	-1.8086359629968813	-0.21234514827827453	-0.5231315743357017	1.4049882003943814	-0.09658880419397549	2.0349008835548386	-0.0341149271878096	0.7378532906822337	-2.472148060781791	2.6581181129949836	0.8355358710635677	2.3801217683766205	0.5303981637340645	-0.1370475883332201	0.14220875934254965	0.36412593110883085	2.820434590633619	-0.7678803073410082	1.2277990466747437	-1.6808571185944245	-1.956412697749466	1.7043771669981251	0.1812704676444492	0.08267311495962772	-1.497623059744235	-0.31016625406032394	-1.952697370998938	-1.2055773051449639	0.4746463119665973	-0.3109310903481099	-0.1069551263192091	0.02434041961361064	0.6527937447220324	-0.7414751066377621	1.629066137580459	1.6354262505180115	0.035056255342385094	-1.2358310911333996	0.8344547138536588	0.2696892806117107	0.6688160158870954	0.6890359086581572	1.4374981385428218	-0.7259953666763788	-0.5227641046072756	-0.05600879080015304	-0.13863314307885083	0.8228207513404695	-0.002017143635279548	1.202593211719066	-0.5656392422176612	-0.5391420364771833	0.10937815575864233	0.012417432918877824	-0.04137673142544459	0.8884704038336215	-0.40347773182776475	-0.41777470263131417	0.5900489692694549	-1.0056790156041957	-0.1763822924613094
DTXSID5041726	19.481317769451024	-13.343952483482147	2.1793931140948173	3.995106441707409	1.7381112776860383	0.7360212326600919	-6.45886199663309	0.8480818948713881	3.490161022156646	-3.3805759583574413	1.007562988553357	0.28221256110937504	0.17882221432379275	-7.5942315836967165	0.6164433433280609	0.7210139297977042	-2.836373838342825	-4.29797758884315	-0.8336601026816272	4.389494155049631	1.4099125933094103	1.609701517899872	0.1137770817394721	1.0522396260528144	1.7531165451153066	-1.563829332780235	-0.39401264472435704	6.3588272773896595	7.909863720469722	-1.962018449854821	4.9274414882258455	1.0173562060255918	2.9910071449234397	-5.986346627468766	1.5263122518251075	-2.387369883937938	0.035090430512518776	3.0989533267480183	2.6912573305543375	-0.0271690535262094	0.09075795749584016	0.22461170013426054	-1.353986113253099	-0.40336602396442156	-1.0586870122259784	-2.18660178610039	1.9142831975543537	1.1485380679974113	1.1855087101709918	-0.7098369388033859	0.6726567288717122	0.8458744175866196	1.6828311682696777	1.66830274240365	0.3459546389208326	1.5557555875925586	-0.9080236184692387	-2.5350582441130136	-2.0228911777422183	-0.02757785224769754	-1.0053277664599918	1.3250195986326803	-1.8190937678027546	-1.8562223204274324	0.8758368794080065	-1.7253017909586017	0.4846669376081021	-0.99035528145908	-0.9322236663093647	2.7028403451561265	0.10588318361891123	-0.3896861574008086	-0.32341408463417104	1.0934850130208031	0.199309027972319	-1.3195596384194481	1.578229251690107	-2.515453192710133	0.4310020982062774	2.386899754174519	-1.23862740500746	-1.0517249272189408	-1.4390741938809737	-1.6710446700709372	-0.23250989529277308	0.19166363085447907	-2.3510639422109922	-0.9494589608151991	-0.4047355338068009	0.17447692671695517	0.8878851229795004	0.8477565978422706	-0.4024679650790143	0.3986402567439187	1.2718176118364326	0.649298248957409	-0.9841848753373426	0.36163148910459136	-0.38282026792551466	0.5308957169761073
DTXSID6052619	-3.2765431906766396	0.3539196410206055	3.605010354293881	-0.44512457145555895	-0.4953088041449486	1.4159245014077457	-0.1317498850725176	-2.064468438885393	0.22178025021276387	0.1759176671727299	-0.6504292240394515	0.2989599913371345	3.566013060746683	-0.10470160738266975	-0.9971091690563986	0.17729797488451787	0.03155683364448277	1.0122131232510263	-1.526448575102133	-0.37543187673450246	-0.7576298233173868	-0.6780366414760763	-0.5570418173330298	-0.9342894095456012	1.102069339616658	0.19511950965465372	0.5973408475367475	0.6758495545876769	-0.2906792312146611	0.14087687500122023	-0.009337937864119348	0.18618070765785374	-0.2501118886728845	0.5816966717668016	0.13844922345168895	0.7881448478044578	0.47307887865202	0.7046928135326381	-0.610655602915627	1.0917605777502546	0.4690501927384073	0.4405094275945159	-0.49492824866778407	-0.7456644154614839	-0.29947387161363354	-0.201581649655346	0.472511399948358	-0.2689983585305305	-1.309696507856522	-1.1374152248138825	-0.21272317991069473	0.22228429567142327	0.12059433890079019	-0.1063066575738723	-0.3727690396458462	-0.8282633658445476	1.0327930342533085	-0.35099510404306306	-1.005468560840572	-0.37091772177876864	0.0852839601861665	1.0083696234265989	0.9444945434813614	0.5130864140366359	-0.2381120650874509	0.4530159876195801	0.1519122293176515	0.2087818855359391	0.47054698541100903	-1.1330196426138999	-0.30948585115027627	-0.07520103637234621	-0.12720606390113112	-0.25551896887972725	0.6825623456926796	0.30867502126414603	0.21123307964446775	-0.5588497301612172	0.4263859983043783	0.1989026902622882	0.25180227404548955	-0.24180888245809956	0.15299046898467208	-0.462607420709324	0.1439841533791958	-0.3075627770258268	0.05623160886885879	0.19481933839032764	1.1818716378056653	0.3627220416491049	0.2602857579057995	-0.18768916408211117	-0.4641739037370997	0.2784238303720663	-0.08048403600835127	0.49884853679778485	0.1737639733580871	0.3745998940367366	0.2096485249482657	-0.00838068160607516
DTXSID1051779	-6.713394127887412	6.068861480773948	-0.79806634315297	-0.8333391101637603	0.7234806041180599	0.020043567555807947	0.4470138514684147	-1.0183044846649794	-0.3033849280260397	-0.02307840955472534	-1.2350788632366028	0.8218462279051533	-0.10260882438662335	-0.35580227575259293	0.16022753631689454	-0.001858176423282343	0.22743924267067422	-0.15664650827876977	1.011658394877862	0.6167981331729566	0.3256681045798406	-0.048169665815406805	0.1370416760848003	-0.7482530006981049	-0.09748024945738125	0.0931828713679589	-0.4688740612980812	0.03221538160335628	-0.39482555641786193	-0.3856569757812785	-0.03602972937908523	0.023117776889234935	-0.33966106781812344	-0.08702806689099066	0.0630081072120808	0.28921127510269623	-0.04301526899359018	0.060156663974254905	0.23433319239343187	0.0934250545201953	0.15469649647414543	0.14447628713918623	-0.2707190251687511	0.2314723259466711	0.1323255517212822	-0.775127232471611	-0.2701191823706657	0.2372567575414277	0.02648327536745178	-0.18680485537834796	-0.06639704836742319	-0.24149535689507864	-0.23974839858076677	0.3504359211100265	0.44370010919412534	-0.05346590551986532	-0.14052070042831183	-0.4691014566506987	-0.9162002415767762	-0.039120172996046185	-0.5657079048384737	0.007974464824462646	-0.6962340946048321	0.07890675160627336	-0.3553927794479097	-0.15937654508654553	0.025467752406214513	0.5681851411746107	-0.4378374086085627	0.5266656815295102	0.4777130808756373	0.1430034455895864	0.06917788802745958	0.3969922395452318	0.17085008867992044	-0.06101478587846478	0.0297011849265896	-0.03841968872428921	-0.13904039561729553	-0.3438335368877668	0.5325207905887238	-0.5368796659626817	1.1026004464886972	-0.30466795875942804	0.05338294040546971	-0.44297223464738655	0.27428505658595076	0.14655630584414694	-0.0581050526196133	0.595077597898569	0.03182322602619377	0.31638388580170645	-0.6648503804025736	-0.7230916994360026	0.44101834689972763	0.16456359932996212	-0.470366377126334	0.1477701670113919	-0.01851529162470278	-0.35623299854998874
DTXSID3044881	-0.6966747937973581	-0.7815813464574994	-6.137725469424345	1.7710363172752481	2.108770365372362	1.667258478527916	0.3861579561423897	1.1351821992899178	-0.25167753181353475	-0.10811966349040515	2.571749480737838	-0.25701644963474146	1.2147218702806855	-0.7284965176107343	0.5031719117235055	-1.1985500524921937	1.9865061727270055	-1.096420394629888	0.3259603385466268	-0.6060827259968719	1.1753433281573535	-0.861440015264812	2.493846987609722	-1.2375863996082355	-0.981528102862415	2.2352226347827284	-2.6545196205077732	1.2457666897978297	-1.3423879914889663	-0.11826038054988394	-1.7352303866773284	1.5414191634138024	-0.9932543979505555	-0.07676652200407369	-0.5683953795114324	-1.3249180440317703	-0.6634903969877114	-0.18135381662325972	-1.6259803031749003	1.1501921570774851	-0.670493266309544	-0.6929558998839582	-0.13975254302880552	1.5535250275590695	1.20242375941801	0.47737315311623085	-1.6662939648948103	0.13412085229455334	-0.5675883541934565	0.20304950327280352	1.9369573593314051	0.525193838366018	2.5542121763456618	-1.3079044822629116	-2.189336367672238	-0.0580091717450991	-0.3667476457151186	-0.8386565289087217	-1.5666450594861738	-1.5681114166252705	2.1931973641214646	-0.19125615845446164	-0.8074056393049361	-0.7855210442384503	-0.4085887154195272	1.3976980490154391	0.9449718482460259	-0.3551260536243568	-0.5407633056358272	0.0012303777740384385	-1.4173731876214146	-1.337500494089876	1.1295833501416854	0.36648236969370745	0.12135022284183775	0.2361326485243146	0.12396459447459084	0.9850448239394505	-0.457314427814444	-0.17985330124740864	-0.5069797474323375	0.1320066360332988	-0.9225391912775913	-0.9753400481547675	1.576557693199099	-1.2381398942375916	-0.8080982335292349	0.6334042510270518	-1.040373176704398	0.2420236892186963	0.04818084620838833	-0.22568963123434496	-0.09491955319184668	0.9431262025538627	-0.8014245280156532	-0.07566916966191525	-1.5080160002978302	-0.3760216488132244	0.2240190547818028	0.25968595185523474
DTXSID3057692	-3.9918739576881057	1.2705936211224589	0.4963621870102058	-0.19639046711828076	-2.666570922479668	-0.4625056566268377	0.5849820867763733	-0.9702236575451976	0.2172202304893079	0.21485080530956027	-0.22712157643963793	-0.16542151358563623	3.268557088877027	0.43369634704134563	-1.343388559289755	-0.9713924825241906	0.23929024311517189	0.8771154794984682	-0.47545909968318517	-0.5310816406512574	-0.5672374892329373	-0.21501729206258435	-0.7530908380552427	-0.6047798307276852	1.8925669565860623	0.4593342099274304	0.43217637539570547	0.6116198057733041	0.07605908683485788	-0.0609847757668601	0.34890394532348445	0.16857952198409346	-0.05393555925915265	-0.2412124355208164	-0.45188663952881014	0.3802527893590709	1.3454869791219752	0.5274352544365977	-0.80025951319496	0.8849648266010799	-0.07010870368270539	0.3540277595070567	-0.301709651706904	0.01283182235058443	-0.4894207112522923	-0.2210412499510735	0.8870464503693904	-0.46409949539590595	-1.570343273901957	-1.1709071860482134	-0.13791064007492257	0.08814835576872367	0.4841510269083712	-0.4410327496282306	-1.2647073399519884	-0.10811668162045779	0.5146074333801804	-1.2414550202253303	0.05176194564645518	0.5948488490473238	0.004796703203498061	0.9508047332744627	0.9482323286393648	0.4673980305960875	-0.5290256905564283	-0.303134053834667	-0.7374500177980376	-0.16676587023459463	0.5338416336292039	-0.7507773502143384	0.32418796304573616	0.48152034039509306	0.2984338739863584	-0.5651674162195789	0.32604933085601207	0.6868787335811861	0.8524207213544783	-0.5066763286309108	0.9716541597091963	-0.1401588018364197	0.3393040894557846	0.36283107714533197	0.47562537729085225	-0.10069472176889299	0.20740209403858503	-0.4456287062132266	0.7246689714821408	-0.2629183520447502	0.9565862992069605	-0.6331131206675927	-0.15316704796516728	-0.35955959234398543	-0.591308884162571	-0.5175231328915695	-0.9050263073898583	0.47276238445192725	-0.3763833690751386	0.1347071027748359	-0.08573147818605768	-0.46249893758885685
DTXSID4025454	-2.2082602045565114	1.03412484624451	-0.0023685017455837443	-1.2024837983114665	0.8486360248969427	1.0877812641433517	0.6416816937497978	-2.055580897149172	1.372343181826485	-0.4086294652172624	1.35511792712587	0.4294848018401474	1.5454278262689762	0.750133258244538	0.29620230612946297	-0.7034200763800457	-0.21396650981047707	0.9054356554632954	0.04504248887584965	0.6964694127255429	-0.4828755205564826	0.9872068813836237	-0.3553100713484015	0.08536843694675414	0.6913611423601363	0.03832473033891827	-0.10027013974837856	0.19836170223897978	-0.2432950629196151	0.23733036818510836	-0.13908135139247224	-0.05098187832190805	0.6401882345507245	0.3263169688941001	-0.21830687682550137	-0.13553688514576717	0.4621386627697697	0.7429752009113201	0.20653534271490895	-0.5411223265413341	0.2502166752581504	-0.9045425623993525	-0.5165674216269449	-0.39050410915536976	0.27214559525396254	-0.43084167112890703	0.0576591886994667	-0.12485666100021343	0.27733838570314306	0.5367026071896227	0.0576889900236507	-0.4374066907267588	-0.24324607663911732	-0.19974731982927144	-0.09507607342450981	-0.22236131344170257	-0.33811041171306355	-0.3554392195363971	-0.26020226262979435	-0.06112330265478598	0.40743901289905954	-0.14822438565885607	0.3384762626747858	-0.011280147395786727	-0.556634794014508	0.008678221814424346	-0.36952022344782837	-0.4119460374700618	-0.20402127571567946	-0.12528944242140466	-0.7410920371320676	0.28362925746895856	0.2933697721629313	0.4235415933259195	0.07412389825208936	-0.04480540135502163	-0.11295315748275364	0.06191097373753613	0.1289790771044453	0.010395032251135356	-0.23543500040200402	-0.41496094811157924	0.1591804912833939	-0.045245942725902065	-0.3735861063952334	-0.37238955165267706	-0.006520476540986618	0.1561356954383514	0.29036337678079405	0.04150609040189734	0.28778462970514324	0.004436186283007328	-0.10577498844596256	-0.2389219370841695	-0.26899635693150903	0.14007435203342583	-0.0466375758188021	0.01465973072169028	0.1926067221068546	0.20138754008385626
DTXSID8046662	9.95424065701736	-5.45601789290313	0.26263729244977707	0.6790132893251083	5.824309361533619	1.237874385182952	0.20996303381903073	-0.9928728551401225	3.1677592841205096	-2.65015486441792	2.3216436515418915	-1.3663816773801671	2.091235037290374	5.674690939105278	1.4039346156266945	-2.092353687097885	0.5857391157468137	-1.9088894062463035	1.3619169844553454	-2.1286366628133506	0.1209471180400769	-0.7031430167316525	0.07839774073785882	0.7309494862910212	0.05040753911485051	-0.7409048460052454	-0.6105500203771361	-2.955268008644496	-1.4161323500327425	-2.1928518863185933	1.2976691419618998	0.823098148304197	-1.0477254196635541	-0.360011244530482	-0.8144583302989	-0.9586239285168464	0.2681733171123197	0.9946868565243837	-0.45141711370997434	0.36126131163994657	1.590093878949744	0.898906100764387	-0.8001176266211104	0.10118556926616065	1.3083589967200755	0.8223819232832978	-0.9373803330270837	-0.7451521643597966	-1.2093853328394606	0.26135112921480635	-0.028686168959680805	-0.4837535173086982	-1.700516508922213	1.9474497527685986	-1.0768216498660945	0.7227257333652848	-0.21587662790114803	0.679636440122043	0.7151002153345277	-0.4400494689405596	0.09396741990219133	0.06369395648533738	0.7889187122064432	-1.21617739923977	1.0055705918000004	-0.15535498394819158	-1.2991366979129304	0.7469211109384966	-1.1504077671333344	-0.35134003715464457	0.36084776497674736	0.2772663230856231	-0.8303942882597333	-0.8586649762759029	-1.306681055684733	1.3165538916877413	0.7943039175376087	-0.3938722165332035	-0.47863125503233966	0.37948011269840576	1.8311448412173117	0.9462993161454107	0.15055570651125583	-0.4271713649290678	0.11183007181009211	0.04905890591012224	0.24166043979657428	0.2628110565591393	-0.23983429050614033	-0.3862299976507202	-0.25370681786245974	-0.21293153757421476	-0.3407408783018978	-0.4623580850356421	0.8501628807196233	-0.5752348033013787	0.6763868975678503	0.4116268330307098	0.15625458013650467	0.18388571512057691
DTXSID6021375	11.996870718903878	2.039354393789446	-4.664902395859839	-3.4098387378499524	12.054240934669153	3.2849700956015857	0.012138928588423139	-5.158234276542564	2.596508841505043	-1.6932840705597554	1.4456747564499843	1.981230275491901	-2.976762231643352	1.4226011911993799	0.26310791759814034	2.832917514627463	1.9013435026423877	4.036713671828359	-2.034899958770532	1.1060811633365304	-0.6374867288341161	0.9122719533099577	-2.3527087960953645	-1.2951087529701875	4.738174152405791	-0.47328013541884595	-0.622149815959748	1.9738916151649668	-1.3349510524562485	-2.0988350831773617	-1.6240687451504188	-0.7482462009134973	2.217349484272983	1.4157835569084012	0.9331715992898061	-1.0605287010587554	0.34399951083016606	0.2731737990220786	-0.4816875847427174	0.27988291111932667	0.043389150128722465	-0.8696445980202396	-0.34393629128369746	-1.2309776708544948	-0.07980476358694366	-0.9574972379367954	0.29615112150207673	0.14824713074264115	0.49282500298722415	0.07169625433563859	-0.06040701195235146	0.489636687664981	-0.33472778995286206	-0.32601229291221395	-0.5042691533738823	0.7209748832082371	-0.64717186046048	-0.5759536948486161	0.10642657960998446	0.005851187549347334	1.1278080643624	-1.0836726510694905	-0.8234956685322679	-1.934858123275451	-0.010700919593966272	-1.8421907152436132	-1.9719986118518877	-0.47203959324532335	0.8089266836257152	-1.3505031228805477	0.4741182190186168	-1.1220787436879158	0.12359341793382783	0.8793932643072542	-1.593937021563352	1.6882881983352165	-0.6160256997906971	0.6427771628173163	0.34379056787776424	0.27038964547050404	1.1804360453059677	-0.7986242071460029	-1.4724750148795664	0.10077633207453737	0.6738430395412294	0.9803495623021712	-0.32518197183461583	-0.12457417993982657	-0.6254330556723361	0.023964408668838935	0.4039994211582043	0.6862596050975617	-0.10741533128794294	0.7728957296330484	0.35451545556620406	-0.9993853450641579	1.5388464212211226	0.4335796685356077	0.6269522306846709	-0.705050344920823
DTXSID7020897	9.191374732126555	5.0929843804620685	-2.6840717637017755	1.4911410656601403	3.4061357272014336	0.3704974812386968	-0.42411198254295646	-1.2959022638038522	1.9018114831135975	-1.198784537127751	0.37389553359989824	1.21522097625204	0.584620772452683	1.4499715418054688	-0.18578481905451907	1.5489887861789624	2.3685311643283566	2.0425660833286603	-1.9699783646176163	-1.4979833064711352	-0.7483207472614938	1.4081687789293642	-0.9169657849423418	1.035611235195503	1.6840384164784867	0.31858205435052306	-1.010574641266029	0.4743547063782848	-0.9722663376131987	-0.8845340710202955	0.016357060204979665	0.16778095380937175	1.0263263264080913	-0.2670425256323731	1.0703059834004074	-0.717782333616918	0.28622414907289784	0.6034001678964348	-0.6923709927469609	1.0123924289451522	-0.0219890099961464	-1.4908998515529985	-0.42903735923589487	0.14363263693494813	-0.21069700917143985	-0.7163845636170291	-0.789032343965107	-0.21062719902465632	-0.13051102209985732	-0.5959286250254461	-1.1078323186646688	-0.4081389434086635	-0.36125615268496286	-0.2645048154032053	-1.258646077082992	-0.843413929004555	0.17896200658408828	-0.5425680742126969	0.2892509451854433	0.2702800139525914	-0.6648116670709002	-0.6974691031146429	1.3254654463589786	0.204371748094637	0.5025081524263576	-0.5379348397628502	-1.2309890532400214	-0.1434725670979581	0.9238811931436743	-0.2740583609681076	-0.12091677921684825	-1.3093808720341735	0.834742175561739	0.2659713256290651	-0.37979671798690345	0.31406453770369025	0.7449190405169466	-0.09774715897626435	-0.21732288650070336	0.5245825280780322	1.0137921652890247	-1.0798154963929056	-0.7165913349589464	-0.6504893741316354	1.857792940196838	-1.1569327456646548	-0.048094138624934064	-0.47355783954171404	0.9940675659787525	-0.09495300870205255	0.6898254435493621	0.6509421198996689	0.4716154301450922	0.5972060073762749	0.0022272841116250143	0.4283632913906169	0.6693146646471667	-0.6619317844812836	0.15468933266916707	-0.06727564457956174
DTXSID7023140	2.161220690261627	-0.24174276656569205	0.8389632652721993	-3.206111980859247	0.20551030587399285	-0.22003509337511784	1.6515112840777217	-0.6389306322452004	1.9263110248509763	-1.4790803321571542	0.5556445197811594	-0.1453059182426234	1.3224008423925804	0.9256904238392751	-0.15616537685979806	0.11444889602757906	-0.4276956906350856	2.0051663822683476	-0.9560603708589023	0.6464992890641144	-0.675020668926053	0.4536253191879529	-2.3682978065733136	-0.9301524808240252	1.964757219255952	0.6285100654114874	2.0529676859553847	-0.5459938346552176	-0.20059853229864322	-0.7144407381262269	-0.9544051494203637	0.8031112300686414	-0.21418830494735025	-1.251663386846576	0.3306204325788078	-0.5915114339344485	0.5302433248130917	1.2760272127108334	-0.6686385926109514	0.529715395219708	0.8205288998740847	-0.9943481558591543	-2.3113818680971883	2.2371585715324716	-0.3561916295264948	0.7475758732567629	-1.1645993834608577	2.586087225107667	1.4680760597289442	1.6285791778277285	0.6292209445134294	-0.30205505035064006	-1.5641254239056543	-2.4104260705614027	-1.4727254901517406	1.7731812669322533	0.1846354279628018	1.3169271026428893	-1.598740188670476	0.06525731968477722	-1.2187927597360568	0.860981714632297	0.07888539906901344	1.0311205457247252	-0.10041716351802821	0.04082646248473888	-0.0523210816915591	-0.3462535020849274	0.30631108643238414	0.01891470628362728	0.06699486420721815	1.0954334026406674	0.026662243543717275	0.40719780469715017	-0.7377041245202427	-0.05879258852752922	-0.5801339454843853	0.11228546992127635	0.12659781526354022	-0.3364730603935596	-0.15893016414336344	-0.5144382146549911	0.6766172893804995	-0.3239050838717287	-0.35626257428142283	1.1193257384103645	-0.04645045891818847	0.32831040858556837	0.20556006975219068	-0.4645233898448086	-0.1617570234163988	-0.039360857448275055	-0.12994736053073455	0.19608597390458993	-0.4766947462624866	0.0533595104636242	0.6549705705540148	-0.002160561073116201	-0.0649302961642809	-0.16138009611811455
DTXSID2047694	10.446203251978435	1.1354051646483654	-0.3479075950297787	-1.3517325275150593	-3.190417346825991	1.2392732642150754	8.521712218191878	6.040755304457388	-4.357944402286303	3.5440970124818505	-1.6337621106693279	-2.8065063730390465	0.00486517827523803	0.9394585963769496	-0.4893182510106761	6.488976067532544	-3.233514420163711	-6.2213937135935735	1.8179867304435766	0.7385168459725495	-6.407255142599999	3.3751617394238953	1.0294682486811897	2.00225057824834	1.0202086029469581	2.7045559467687905	0.25801832126957275	0.7999128930447449	-2.994073259497421	-3.4759777728567722	1.7124276646253134	3.72971391967202	1.1553071199504876	-2.66150637928187	-3.340775125977977	1.3904809126256865	2.582801992957378	0.4282972580430691	-1.7355057969045187	-1.2941253570758404	1.102072772699764	1.7778727303027708	-2.077244742170438	3.958198254667513	-0.27860611680022157	3.202826283516148	-0.6742336584540513	2.2559929404495676	1.2661165181622802	1.094448614796426	-3.125750969736991	-0.45351711889800783	-2.0688251987496953	-3.866817992890865	-4.966871206993442	-1.4199562336995286	-2.9075024661289612	-0.6963949673253211	-2.3386749848160715	2.857118009276039	2.6231742987494227	1.8416864977285334	2.22288325111355	7.503561615041277	4.302146732239692	-2.828661617624014	-0.05886626686058368	-3.1168963892212362	-3.655855076626826	-3.301264401413994	0.3531721657743895	0.4833120494987021	-0.49678437206462567	0.7887580653741362	-1.1076168295224562	1.8384234120976035	-2.4899457196561396	-0.9621359002032076	2.716661193144524	2.615731371919384	-0.6763017452999028	1.1436658613015176	1.0692253797720201	1.0797369072057903	-2.1528926590521134	-0.24947908300133156	-0.9245036645307059	0.40095311943305056	-2.6439053352213704	1.5518714402736369	-0.32176192241709717	2.253639415900781	-0.5854026139554387	0.20938195565253406	-0.5303130204057653	-3.2389416881248874	0.592350263970123	1.0906511472928149	-3.704051047192938	-2.4274479454820463
DTXSID2020137	-4.961094737149287	-2.3644266757783527	4.6130755792176625	0.9037900382805834	0.3675976308905277	4.506337151822679	-2.256221126872458	4.554661331124491	-0.08828137083414049	0.7996971043792687	-1.217005005853123	2.3378743982690158	-0.03403359795807933	1.2825780694502067	-1.8577962124175875	0.9406610282221521	-0.8729572813069232	0.19937127798724005	-0.3249076702754973	0.30902300150774675	-0.9178804780921879	-0.06359808732545291	-0.6304404447740306	-0.3263268166930915	1.3228875817918055	-1.1079044103457707	-0.20578600239807393	0.08010240113303511	-0.6656231630346724	-0.0015512982164508928	-1.3560058454044932	-0.16972261453531465	-0.8406349597360427	0.29303199569861954	0.06725488880914103	0.3411458625099254	0.040872945027044805	0.23406142332722113	-0.4218581135657726	0.11182549760483729	-0.12894482699605314	-0.3044610951340046	0.2478341449532181	-0.9878307458227321	-0.22368494231120553	-0.12166202134163494	-0.6460353640442543	0.4852024137363226	-0.10957206909173697	0.367270817895264	0.4102593211380569	-0.6094858710192288	0.4345181752374114	0.018679758528491828	0.23096660444342285	-0.5564107449602688	-0.04816497611696955	0.10918893807430266	-0.6972760254341653	-0.2942188778629408	-0.08471843243651736	-0.5366510741807834	-0.15352767605463932	0.07560525254166882	-0.07982293759871224	0.6505157526196617	0.3020216656813839	0.06926315517985052	0.09703484422773977	-0.07594769884227663	-0.22403516386559866	-0.20762030831362974	-0.23272561889921575	-0.06290256919596789	0.17494002935160125	-0.08063583258470276	-0.14445456085275102	-0.27670886415753393	0.4288918586310426	0.42833341226981325	-0.09557689149867074	0.2794743887908459	-0.2056193174378848	-0.28968621423171204	0.23758099311430145	0.13052422559745394	-0.18610988500951212	0.00875761906480513	0.312366053454426	0.17010224869427595	-0.07826805193453214	0.16092681559318925	-0.13225958171172736	0.3917263482415579	-0.09722917453142187	0.3438994964737175	0.3401074858046318	-0.006923509480397055	0.09680619352265762	0.07042967613229453
DTXSID6041137	-5.104197075282509	3.0104992239654824	-2.9200142961639135	-0.2384578795745658	5.022938201779903	0.9252491081800712	0.4885322860709218	0.06917852718737434	-0.15149567271436915	0.2780139994546323	-1.0139683768022016	2.5681902907876553	0.18286826288179145	-1.1926378793347532	0.0010410290356009696	0.665876769128926	1.4712695655649968	-2.2456928924396986	-1.249845972925361	-0.44093949017962464	-0.3224571559430623	-0.6581390440675345	2.378827865993389	0.6718599637317542	-0.7997007526200551	-0.0694991361686942	4.115274771708795	-2.6432452855991677	4.0764061158124845	-0.38137440505529	-0.4506415001280799	1.7215372893858292	-2.5000127734600652	0.07407823409208066	-1.378562247280247	0.3432549614918137	1.4288810686462505	-0.26395411682321157	0.5457718289760827	-0.7066301654802151	-0.2930801803207694	1.078123858717423	1.0036563528083926	0.47904995841864184	1.7656882602439554	0.4239508086174569	0.05655308118828906	0.6345272718182876	0.27615130368667024	-0.27725830709208993	-0.14788999291469976	0.12471378714925538	0.1610673134128201	1.0573265306402717	-0.14405498134483244	1.7984599514367805	0.9323563996340778	-2.074956731588008	-1.683803130944548	1.602970175591859	0.7459424465002207	-2.185508450712244	1.3778820919879948	1.5023827953130064	-1.1169299529540277	0.48603997399309995	3.075308395539981	0.471489412296278	2.2027260213173188	2.1636274853471424	-2.265856789505141	1.4407407097357274	-0.23175588715497855	-0.5032068922458034	0.416082409822031	-0.7999066915950147	0.028071853812875285	-0.7879567884876909	0.6121441205924002	-0.41566089771100706	-0.1909306457596114	0.7051844773056879	-0.16431613518637014	-1.002414622819104	-0.7737131319397906	0.7262754408862407	0.12408219565906155	-0.825965613043755	-0.19577422218655294	0.31777012922934955	0.39998932317581515	1.1149941315748408	-0.4038206268314664	0.549254131784955	-1.029951451271657	-0.06563940176076921	-0.6823640889364104	-0.21788617061020238	-0.7173925851019566	0.1857695732965665
DTXSID0038887	5.244624066851381	-3.0589885717473506	6.0784110617587	3.3240934543415643	-0.9248745661991016	-1.241205526329582	2.779802235700175	-1.481626910161811	-0.8699988912802222	1.9208191268480401	3.6051662439033216	-0.7547838377797701	-1.7922497047734858	-0.6958803975172039	-0.3597152996103911	0.23025904319809762	-0.28228048436897935	-0.7840674545728479	0.9157243704337888	2.5686552465749175	-1.9066370725278925	1.709600315240007	1.4982317573789719	-1.4532424285112417	0.9678665792040368	1.4356424961354468	0.7312681972178422	1.0042937505907572	0.3381706572023912	-1.243240254882104	-2.284842448032556	-2.787732541874196	2.017791921471776	0.9430258682001967	-2.2691795265877475	-0.1297662832236236	0.44557825689239255	-1.0283121678541696	0.43126461289821577	-2.6489567506531544	1.7061823851861444	3.920350479118336	0.45338771881073175	0.011176157472663	-3.3051050145236087	0.26285135741780435	0.19679479527132443	-0.258386785519818	-1.9758309736632698	-1.0642127827416181	2.026265176047212	-0.37650841071687613	0.8195909136187706	0.6070197020970545	-0.2570922484035078	1.3933163757709708	-0.7758730484993668	1.7610740665945768	-0.7651408574823864	0.14653479321158722	-0.16680129357590653	0.18615530267223854	0.5272915488635135	-0.9917238591790877	1.0152096763567193	0.6584138316320185	0.6307542289944856	-0.7514885763386606	1.2531094510610314	0.7152287104168134	1.005334316306067	-0.7800427512949826	0.8682671048093648	-0.12765878927538757	-0.9334245547095811	-1.4332521419783704	-0.1967256975945213	0.2073778787359031	-1.4420237401233909	-1.9379270488577456	-0.9113813694377892	1.0177277433806677	-0.09865538713343194	-0.7748295484353742	1.2800195288426035	1.4627068937414118	0.4899454428835464	0.7345494138531417	0.6772610619123499	-1.03731016438444	0.5166079492678569	-1.6376389142457135	0.6015647472247959	0.6160095500611058	-0.2040897948335233	-1.1949036889938494	-1.489392058307893	-0.29153287634404673	0.29844251268833355	-0.06705737380016871
DTXSID5051999	2.896943690382173	-4.2097735734129005	0.41512625422336413	0.16811692800612313	-1.7747883725869011	0.48514864133613866	0.07535530162993528	1.6852843693882849	8.522626135690844	0.8595241812609168	-4.801151493176232	-0.6459797484488284	-1.8604067589904518	-0.5009116344895927	5.26017064461928	2.500811965188665	-1.170981522484615	-0.5411752945838696	-3.929157752704585	-0.3400910729917849	1.838360026856871	1.0184221443878287	1.6171630404738822	-0.5052585453403754	-2.121269968763119	0.4452913051831786	-0.2493931704874619	5.330353109547587	2.638791425479312	-0.8572168096186882	2.3154541687485017	0.855934260623784	0.46470065032973484	-0.1418364015021901	0.9367956865690428	-1.0429308576131398	-0.931237443967047	2.4357161502088824	0.6645356898754251	-0.625993877494794	-0.10888960230338951	0.6350109326130406	-0.5880907613153742	-2.549056826662195	0.6984120903800718	0.5929641214564357	0.522974631209725	0.8908970271289363	-0.6807251365546368	-0.37388831662440963	2.311424205127986	-0.729224344348343	-0.7087017648778451	0.2519016081054862	-0.9579576680778852	0.16984024207351472	-0.28670438155973893	-0.9990885853148521	1.3893561716169434	0.43578703375987143	-0.6160369898369935	0.17014430981318776	0.20186030762690346	-0.32634558702333455	0.43985348435728894	0.9136121212772218	-0.48148958612496356	-0.7924872930570634	-0.1625895205950143	0.3122152897316881	-0.8040311442037783	0.0694932803066873	0.4509582476774915	-0.13192822788570213	0.7766667284709288	-0.799877277935074	-0.5440523477112617	1.0461935716646524	0.6819127326715114	0.1265008305191847	-0.03955037125089305	0.23474564467079936	0.44444132615731746	0.2071888549415134	-0.1209135852690954	-0.049774964144516765	0.018043470934865333	-0.10138240266565587	0.13388117896642587	-0.13740213063424567	0.16361819127437457	0.6017307451680874	-0.07337614456045405	0.32522681558428934	-0.6878885961073868	-0.03452465871864188	-0.13921958928753286	-0.26972921247628046	-0.19265484296565208	0.44341104021402244
DTXSID0020448	-8.973131741235926	2.523326503943106	-3.946354452863473	-0.5742517736409954	-0.9258523254740948	-1.2738075588733042	-0.7291494933183346	-0.6463251747027682	-1.2029509768953166	1.4741728523502207	-0.3387098053820733	0.8287384033472276	0.2811363723598517	1.406841640640467	0.3472484079315548	-1.0065398809267678	-0.02609206217131137	-0.7868634773581414	0.6119223238929842	-0.0861318922333253	-0.5197690316485589	-0.5990039302643739	-1.5694450968345832	0.9198548946215863	0.31270547953348027	0.4396011529049493	-0.7877480986494187	-1.618087520174883	-0.6300125335619807	-0.3422724858914582	2.031191346265258	0.5406014451591107	-0.7918168426324063	0.17884375505852806	-0.6223969832827994	0.6163195817581414	1.2879180948161018	0.4897876259862589	0.24725673555444208	-0.13867504742451692	-0.7980995710071066	0.35525349615019813	-0.10709096309916648	-0.11863686086060699	-0.22398751369687955	-0.1786858951083639	0.586039544295885	0.09815311913143239	-0.9483299175785246	-0.7836784072551588	0.5358629051892552	-0.19197941945738436	-0.648096035447734	0.08259726905853326	-1.2045080426626122	0.7817111443274507	-1.1093693377100518	-1.0722592595459317	0.21934401715683993	-0.38388561648345637	0.10069757448952381	0.2893118723037296	-0.025250411389495974	0.30167600583199006	0.5597089816639048	-0.30880544537669413	-0.3082335774236947	0.20862963616954774	-0.06481977586822936	1.0862947794201956	-0.19377015819423218	-0.8894201693372857	1.176984629785219	-0.2194621453827193	-0.4113749784625155	0.21304112616378698	-0.07713379063354549	0.6262056023592221	-0.6285068244837393	-0.1751210876458368	0.17831063127551453	-0.21142788411685406	0.27772926937271625	0.08868981823083089	-0.42284487207251065	-0.4367636353785066	0.058394573582293566	0.2335375165074454	-0.4151035720890015	-0.24438476989067462	0.433700483954739	0.632655957880036	-0.11752385387932424	0.30889155310052174	-0.19077873778582627	0.194418902625212	-0.12086277996551636	0.0013047906422776188	-0.15664646634187707	0.35336053291904057
DTXSID7041756	-0.18880680432404853	-1.7694068337013331	-2.7326983296769387	2.9296764885066438	-1.0206649599327042	3.9465112765101997	1.1209572821809795	-0.8845690639119377	-0.28610858419493596	-1.8660305432940962	0.9244160310542103	-0.6758966863319129	2.3029312480686928	-0.6226820336173177	0.6084828098787339	-0.6745995314165901	0.25395053878683205	1.523215422147332	0.515256075105432	-1.9938994591285149	0.8563895453235885	-1.3321782873926342	0.22155936766170134	-0.17386884928705115	-1.1187636738237114	0.2549625688175568	0.2142554402591915	-0.6162655364455941	-0.42956307483545475	1.775175898493799	-0.9072606525098095	-0.5999406389262806	0.10885144992490156	0.4834889264675581	-0.05003471928169952	-1.3265722252191336	1.042939060961902	0.52847929223393	0.7101064966936642	-0.5555543392494005	1.4875436363162864	0.5056557970502288	-0.9311320914115365	-0.22679332188707488	1.0107081428565052	0.40574645205976645	0.7544611705829861	0.8242278490701619	-0.15012279520974195	-0.17432269544804935	0.026619399701180144	-0.8511570886786114	0.22919233983101067	2.278616749384742	-1.3455080765601974	0.22842169202391455	-1.3348112714144316	0.5717319529522374	0.2351204904271539	-1.1747200795266748	-1.541309609022578	0.8840614629014476	-1.6190246840778126	-0.26673126902299543	-0.06934582461836378	-0.6391595433445121	-0.6698562266767871	0.5811281936419322	-0.9892106645428926	1.3166498646405094	0.27193786272944814	0.9499037643442918	-0.9497924009765748	0.4508826348728611	-1.360165493008735	1.1605136638662465	-0.38265007319417116	-0.5761430938329698	1.8241820904022912	0.7357976129936044	0.07628992285036702	1.6097133396846885	-1.139753208276904	0.5462359331586149	-0.4702737513406016	0.7327177227889877	-0.6945550112720066	0.11407360363053448	0.15067816224441563	0.4022912235186038	0.2073378874083855	-0.20211151607525682	-0.8140446251974481	-0.7884435720276398	0.18432788872550288	0.21673183132367818	0.3176963331151818	-0.21227599983767487	-0.13740558180055326	0.36094043909437473
DTXSID5052672	-4.559862485863521	5.272706353584686	-0.7014898675692659	0.4348482642677354	-0.11843790814112264	-0.2965467247130761	0.27918735668428357	-0.16070170970346384	0.23635132755605887	-0.8239720289378867	-0.2926140000243858	0.7465975202221014	0.1001322323286659	0.32711546584930895	0.27888762391085553	-1.0059012193974761	-0.48288894056120873	0.24324383240736583	0.8477195610447168	-0.4694969315926737	-0.4788904164836078	0.6503587242567425	-0.3274104197219482	0.6345046360801667	-0.7363097109790376	0.7067199222196361	-0.0190888227248811	-0.40490379856667097	-0.15446363478655287	0.7755219989685234	0.3438515204964857	0.5952304815209187	0.0497085986120732	-0.7468622572555884	0.3125589525151356	-0.31558308451984135	0.07298828453063971	0.29641275564142583	-0.150575695316572	-0.8284582576611804	0.03346640665033295	-0.5177446616229806	0.0014522741468550877	-0.053351863014139286	0.4130439321759476	0.06738076658561219	0.16823570492543302	0.3377008524670231	0.1678194544421135	-0.05764781791254681	0.047156129573883473	-1.0717108262639736	-0.067936142949477	-0.6885301618259051	0.2522062974739068	-0.6716227162045807	-0.27880669226972965	-0.25892707265398995	-0.023334508704332197	0.476577996071436	0.26642795702807304	-0.14092500636813485	-0.20710809729621207	0.16048039289781718	-0.1331271418993397	0.1136145809345592	-0.31039825039351854	-0.29828466960403893	0.3036625874140525	0.7994183681931689	-0.036350847878227274	-0.08404637951208214	0.1268923278181781	-0.32634921036216774	0.2501953958686559	-0.35994629939288947	0.0756201385566086	-0.2581288503046978	-0.5387205018742032	0.35366608028412977	0.29767210113598624	-0.33072877069896295	0.3303849448470883	0.02151334507533202	0.5644692752694356	-0.20817517810142774	-0.3086180590682913	-0.21224237935446982	-0.5889655010994275	-0.15774987101293478	-0.5679753192111938	0.24078917673467834	-0.09264467615734123	0.40053052648846366	-0.25611975839557066	0.04494544039417711	0.5558958359771151	-0.708388414823471	-0.8276339798882953	-0.0011962228738364351
DTXSID5044609	-6.587652781800792	-0.08052713437537959	-0.21538597125022496	0.5855348690934842	-2.71007074344615	-1.5479719098342897	-0.7358940744949378	-2.355765628552191	0.7067905330071275	-1.1641834660156172	-1.4368323015214632	3.264671907091485	0.24001693071868976	0.16328078985426878	3.1554463569705957	0.9807435927080917	-2.140136775218256	-1.506112904918717	-0.32317649981113805	-0.252605210143476	0.3193618217704641	1.4633071965497189	1.2121740190556638	-2.18973324946616	-0.3138729252019688	-1.1140526377218694	-0.6589762088115174	0.29614810003220793	0.35014647004869776	-0.2520860049616301	-0.5013390951558885	0.5377498417546622	-0.3932361652450356	1.0100847139389009	0.0015816325647467519	0.6312608815556606	-1.1845478838502679	-0.6366866504262373	-0.987465434546575	-0.10063209177703128	0.2779792459606134	-0.23767349446375766	0.04210304564030919	-0.30287984397788703	1.0560060552002062	0.3076582598296588	-0.7961934934691256	-0.7617907801496698	-0.9268574489253777	-0.29151262058673133	0.5564909089946067	-0.2642253150097024	-0.02776197265825297	0.8418958588337826	-1.2709400992382334	-0.6783991094801585	0.13313262850892602	0.11349182675668129	-0.7882004128610912	1.300737287690668	-0.2714630494144415	-0.2559583360417706	-0.5706301418855054	-0.01760861034660987	0.6298059764296629	-0.5398332723354913	-0.5646591012053703	-0.9444571927546381	0.6047888821146656	0.8745993423005686	0.7686723806890086	0.7585816259872163	-0.037653924287954686	0.8359692371655929	1.0285072757081524	0.07271040489631603	0.017738853825810908	0.3628650471138344	-0.2294056074916197	-0.0523845827670101	-1.0832371160582275	0.40233337327191254	0.21055136360744386	-0.5583112642051324	-0.5025469882926288	-0.33224557993443365	0.12131502212087154	0.4642014290528579	-0.3345911433665072	-0.28823748891363826	-0.3442036566868935	0.1437675436753951	1.0654036891245222	0.4817216286213365	-0.10977718386174551	0.010733201062135036	0.6468446760640577	0.6551581951709445	-0.08445250091938662	0.01961371652109978
DTXSID0044656	-3.922751242452282	-0.3447657051803368	-3.706387819887338	-0.3312556582375318	1.2194804632187963	-2.738945392791905	0.002287012928141763	-0.07825798709217759	1.4811094998433125	0.07996916751233318	0.5803559181987032	4.651412861290939	-1.561587384558331	2.4871227589340235	5.220869996611792	3.8883874270604766	-2.8275216185680265	-1.412041745431637	-3.596604458529935	-3.2270774621396128	1.015480323675404	1.8902661739557636	4.890257798710599	-4.98985978182642	-0.891833181972473	-2.3191427418470965	0.339198198762772	2.011621731796469	0.4132866842482318	-0.580255459366907	0.9267916250400954	0.4376792351183583	-0.29099491087062	2.580732392786509	0.520693543962237	1.3387591454402454	-1.5685623088644984	0.6143498229086175	-1.8528696325444873	-1.6645232040529532	0.307660701869457	-0.26962592379557365	0.719127836887852	-2.1395142660659094	1.696022380188835	0.7258155925843187	-0.8222266459019595	-0.8849710937587107	-0.9858783819811019	-0.3356466343018	1.108058495981441	-2.531286300628265	-1.8033957417485866	-1.0660679013377174	-2.995919367615581	0.3062073076186046	0.37297431000595216	0.014054839646899197	1.2605100798138826	0.8200439531475299	-0.44714791991781305	0.9756527380210404	0.5843161767989593	-0.36137359940214137	0.34364002849288183	0.7241771629706276	1.255298623006856	-0.9451604495629858	-1.5521619562888327	2.1101931767098385	-0.9344840504522507	1.1558561041626794	-0.46388770007232316	-0.30494809038214266	1.3178755259653676	-0.19462936153159593	-0.7948171534302981	0.31119586704905394	0.7170442589537458	-0.20532084400795986	-1.7473528644951817	-0.6079862506757029	0.3622571362559444	0.4813858647436819	0.3399457935553873	-0.4680453592197231	0.03609490101732829	0.6773481901659666	0.19406143545540303	-0.4971276460855391	-0.4723567231054919	0.04869587883907195	-0.16611556862425647	-0.3300585569227464	-0.021925253587182465	0.2898862024976207	-0.6107534020267005	-0.8965950510235196	0.23005814742714392	0.7068456140092975
DTXSID1041269	2.196773933859694	10.462753159984777	1.5218629856510952	-0.7751056008691493	-1.1805311669014027	-0.2804834421008511	-0.4628041337064763	1.3819178594867245	-0.9920993599904617	1.6076172480476116	-0.33965195710359564	1.2183887477370559	-1.6680171050160189	0.21385944289035205	0.9220235450206998	-1.3518282399061607	-1.164380077798369	-0.00252255492101278	1.4333964952841405	2.284072357312175	-0.2455439207113505	0.21741719670141077	1.4838363776014485	-0.06378750388740476	-3.265900072672221	0.96902864341866	0.43815116646062624	0.4273833556385927	0.4384766392994609	-2.084496929141997	-1.3666830328117243	-1.618703718051148	1.057411238683775	-0.11026564202655617	-2.1690409589803115	0.3465664842133789	1.013780376575427	-0.6238880086520356	0.5480218636073679	-2.8815135975147856	1.3938976111231431	2.704139262861659	-0.10379368684387714	1.2237698563602928	-2.9355956667140806	-1.4749430555788379	-0.9389022097937056	0.8613479644896531	-1.4982443993502088	0.2129025411498834	2.42214657687609	-2.214875540394984	0.7310719700083339	0.8842144319148978	-1.2526546338286557	0.6309552270229536	1.27354239243472	1.8130135074676452	-0.7304547659341885	-2.066769013837454	-2.066282571018995	-1.3908626891605784	0.9954637284454324	-0.31205825205158433	0.12688052712654088	0.03768008024057366	0.03481816972961709	0.7445925289040026	1.134226802491917	0.4537451553463009	-0.5562424905060575	0.4174192889920466	1.1846159128984783	1.3123601119119788	1.3610227284108625	0.7428500070850829	0.5840949903439266	-0.7217361125274082	-0.9622477852449388	0.9372954134298032	-1.3563914587757169	-0.02264566193463828	0.7852737305157018	1.4520327139773839	0.2773669262160535	-1.1600703572309534	-0.03765500946412117	-1.1404466624059455	-0.8374062660851591	1.0787243232953474	-1.0949876939530356	1.1717024356300285	-0.35799286967460925	0.7676559577531887	0.40002904439489956	-0.39597587003104084	-0.326592816720544	-1.0064166129123855	-0.6457606415907292	0.33596156537996213
DTXSID1052610	-5.05553533652108	1.9481391735526947	0.42620735682768573	-1.0469666991166908	0.5004771842913549	1.623624418924674	0.9083587139744579	0.49997532843120707	0.6291576873094052	-0.37466858098419475	-0.5636256133916372	0.7898247951402076	0.9587968720083502	-0.3337062691094268	0.2801165651195607	-1.4985077279617207	-0.9550714587659029	-0.1426875419586197	0.24881955749876825	-0.1568537555119894	-0.2130232004089989	-0.3691993955915258	-0.2266322703059162	0.4063543771700114	-0.7286499755906342	0.8378376577377277	1.1560627692291663	0.1283799272560477	0.10051971540921613	-0.007020520392751237	0.42525655697285825	-0.10226471649999858	-0.2941195659039808	0.5673528497976593	-0.04878586730339162	-0.30380707558552783	-0.6325616250957127	-0.001031721652603498	0.0020536506909032788	0.02022579443897196	-0.08776202154046768	-0.5900517767279864	-0.22206039985838483	0.45914476599446347	1.2539881552932195	0.5000619306599569	-0.02189057958606923	-0.3054730255373984	0.14065910497077083	-0.16106841956600776	0.5146982286679569	0.3816259378861796	0.1431449209943449	-0.12547853165852713	0.02429447934260672	0.30377190968586176	-0.36698097473664715	-0.6239478778011766	0.6037215506564306	0.19444583860944034	-0.3494432064477311	0.16131761351287696	0.16873008011443338	-0.09350754905573795	1.1074951454137016	-0.5172970644442866	0.04859393009445075	-0.10366589637666965	0.43603460188805837	-0.11260818337127292	0.03995688334223155	-0.1271617918278417	0.7354612900220062	0.7903998740853387	0.6394891686256988	-0.36352526260471546	0.5705406480645483	0.21077247648425865	0.2006416295021275	-0.03348763074346678	-0.13651369217569975	-0.13579937863316113	0.17859992242271228	-0.044018727094361935	-0.4256244128357461	0.37866021767606967	-0.05808922115541733	-0.34359039850616885	-0.25174732001560673	0.4874990468638703	0.15743261084633575	0.3030059483123883	-0.008411095107829461	0.7619056783044371	-0.6359794465353993	0.03397082566550844	-0.5864024964056197	-0.35993139469385915	-0.08751623547567204	0.3040880311357083
DTXSID7022592	10.846156983849939	-2.719723352889299	1.8811640397098808	-5.454994446028135	2.962523566457866	0.9296451120395157	-0.3216721365042212	0.6767619926989589	0.5996968148668528	0.02485557068884067	-0.2681456780422745	-1.7048618782246068	0.2414386182261059	-1.3367111498618824	-0.02560956575501155	-4.5626232138797995	-1.030536775341381	3.0109856963189996	-0.7254211550596676	-4.153978677453147	1.4222627577545088	2.924889226402411	1.301590210780369	0.42525492947111343	2.412843588985329	0.26005428574795714	2.9149147589851103	-2.7667284639438954	-2.413256570554452	-0.35461587106418613	1.3925779538041148	2.3181015194180943	-0.31958727423300537	-0.44420333952404417	0.22158525602012166	-1.1228789743157732	1.654201720440886	-0.9903111983770229	0.6464961191445975	0.8386787813573948	0.7060683393627587	1.4762017621145394	1.147452866418585	-0.5470155964856231	1.3690751923623068	0.8890426878461263	0.7293936443314788	1.159163171588781	-0.48620586643439545	-2.7459826979499837	0.4700389353349984	-1.1786553221686513	1.9293437344403899	1.5520902881149328	-0.9396539336610809	0.27783595793853727	0.6490025869074646	-2.467847578849925	1.892671670575067	0.8044840708154994	-0.9424544763291615	-2.464904667546999	-1.7150618741943637	-2.656676967237014	3.3435162457834973	-1.7188387388661341	-5.51990722329012	1.4014517379234515	-1.9752146193390034	-2.3018915323271134	-0.15681564274323645	2.7307375484420686	2.7841322132564494	-2.574381153535928	1.664457443294194	1.5948872973930623	-3.795542613146837	-2.7434467590597786	-1.188379665015535	0.1348948707412225	0.24675147804282666	0.23625559278570737	-1.668342408568831	-2.8223616056750207	0.6304094797463801	0.9386181298351333	1.0740015125901006	0.752604661314752	0.05119967255768391	-0.09020583582098234	0.110024859015186	1.2671591328329643	0.585777621640853	-0.2047837558478399	-1.0608092379761818	-0.22365761981539398	-0.10090506850873046	1.2055646013794865	-0.3070755722225743	-0.7487270828999286
DTXSID0044575	0.25968574719946674	3.2992368992379775	-4.046354153680692	-1.4605736564064724	-2.1655077187051006	0.7817808685027045	1.2880589047965068	-0.8993283023905697	-1.8267759611546135	1.6058337593787542	0.25200732738116205	-0.6090872663643101	-1.5435865705355163	1.58282824983268	-0.19038274948803216	-0.018990564672954454	-0.7084099138063097	-0.9445441053638751	1.1724737112662311	1.3453214567201952	-2.307030504177934	1.1592562721031803	1.1936958309323427	-0.8822845011526221	-0.45676289410673915	2.32140031440967	0.48135721090082656	-0.573178060142243	-0.18688734754257463	-1.794095543870135	-0.8019720162058666	-1.7344720016338824	1.2417348890546747	0.2213320463719201	-2.0629638159994697	-0.2741630457897988	1.2461014101186147	-0.019713055254536427	-0.4850101157539646	-2.269214257074649	1.2142528560847539	3.2549374521788454	0.3204582055487175	0.3153775782344543	-2.73455673761339	-0.3154841085983975	-0.24995793386576234	-0.1261800013586135	-1.812360967555909	-0.912952314520055	2.3601013821252743	-2.865546013181311	1.4063569394503637	1.4552811921097415	0.4910758932967795	0.7600032792492464	-0.4203022471550134	1.4322487104618613	-0.6317933300013993	-1.0393165833650928	-1.3446023828396068	0.04733993035358688	0.10055838680863098	-0.701605308749837	0.5858373780452055	-0.2335671150555598	0.967348768537505	1.9948305483853737	1.8035045642150953	-0.4357325471398638	1.1359673278828042	-1.1472459797109968	0.1541961676172712	-1.155918919049926	0.1824773059879519	-0.5080445781261224	-0.5689571502383874	0.3287208255722862	0.18369530869925993	0.040071925507879816	0.44695922952622924	-0.6256590280373644	-1.0860779013896362	-0.4951726198197792	0.14148279041650164	-0.013796320198678816	-0.41421063082337317	0.03565674517166167	-0.5426648755527074	-0.25204603827589017	-0.2784780832060869	0.9044136495092779	0.2617124440272402	-0.11403364400811494	0.49214668788662	1.1326443011976202	-1.312949136016812	-0.3756303041716369	1.4608540353505204	0.3154565046599911
DTXSID5020520	-9.579303692876913	2.8717026919405098	-1.9521455637869922	0.017377428676702753	-0.2832331337233017	-0.21933186918456807	0.06151411784346579	-0.9374393722364185	-0.5109879312254598	0.7673284505425836	-0.3448972865577125	0.709273412349538	1.0346543552937533	0.7170823340323026	0.1167595463179838	-0.5078484838894322	-0.8076898637321972	0.3393671912504037	0.8595188826393704	0.14705152660627982	-0.5012912021435968	0.2684094577358514	-0.6484801519421285	0.1988446696880162	-0.3739057499156602	0.31475794913825555	0.2608272833896268	-0.29479950262208565	-0.17360657086458164	0.23750629591168362	0.5953652352903357	0.7271189894254951	-0.2835626682212318	-0.0722248534220781	0.12441693414383638	0.24006830250723304	0.11464638429151988	0.30630698650025434	-0.16599186096687843	-0.1904035302414954	0.10627015511788748	0.28540017163225384	-0.07778289312334802	-0.13698509271446602	0.3453509750418835	-0.1015302474953435	-0.027326413155065354	0.4131251581508497	-0.04432179335199183	-0.43653144160700924	0.23215781445712408	-0.42475790090631793	-0.0642061465425033	-0.31463903321445497	0.06649593135306253	-0.7958833817720323	-0.09361761722218746	-0.34063768523142396	-0.6538815933833668	0.21767412024641872	0.5323641511443162	-0.46957909002636716	-0.5375653817507869	0.030004510449126512	0.22823836444386814	-0.46281275609281086	-0.3085368499766289	0.2984235933568793	0.4519744057185767	0.43093637899458	-0.36375493762447086	-0.1179705626103262	0.38194226077008847	-0.201272798246864	-0.1788707050537793	-0.14037412081988201	0.07834565179646703	0.17659960696676544	-0.3523361528618335	-0.10431828457818892	0.09649309237665335	0.12132785277436456	0.17269695718358172	-0.00024532643898017006	0.21469206660167134	-0.2740318397582646	0.2896599058316135	0.08212887422694372	0.0929946486684384	0.08952589500857473	-0.245344118686093	0.26525208151138635	-0.22924561643345523	-0.08537527700368273	-0.002454568585945201	0.013065695105363293	0.44053395693811076	0.19794752438570032	-0.04629681272058159	0.2553997485985121
DTXSID3023219	5.897864740530783	1.7112307002238092	2.580991269879954	-1.82125087897729	-0.32397040586270176	2.8089940231779345	3.1133174118620572	-0.185995059651399	-1.1107554641079074	0.2328490568879942	-1.809779612985309	-1.8127620200934949	2.6302469858470534	0.31879630068671133	-1.5481242765512215	3.7175883562288505	-0.7381015721595026	-1.4676301517939518	-1.63373922762867	-2.0830621135671628	-4.639423163552165	1.794731132516811	-0.36137085557327914	2.5849792989165086	0.28166742064556344	1.2531492070283392	-1.2675005986788062	2.37986073105509	-2.7803915111457256	-0.7997664680391712	-0.2982953614588269	2.7725866537847463	0.7947569297866663	0.2037905765020935	-0.9211127766155328	1.418604480912847	0.7496823669825645	1.508784461857679	-1.1522574174603855	0.9907658868234671	0.2526024195797187	0.12422077559159256	-0.906534628469309	-0.28455623532649377	1.00846274603294	1.5057295915706796	1.2582232878325108	-1.0176829175074467	-0.4858727242071452	-1.572710420677054	-2.0181397882660326	-0.06619247728005709	0.8503026488567496	0.12636674665967704	-0.48556868670590586	-1.1391900987693617	0.5031049071837279	-0.13030204934287154	-1.2473241203901153	0.46025394882350146	0.11933919361915904	1.3471072864969826	1.536927240306579	1.3406260532994423	0.607732468454649	0.9264677568546259	-0.5324732525750264	-1.2097613614610112	0.4960673731050788	-0.22775832477248634	-0.30150172813375836	-0.0065132883667048695	0.7243987605240753	0.8868321209150725	-0.2100495339705849	0.6877004453690014	-0.2720198232100578	-1.241785132304415	0.6412761920054256	0.1705029313066936	-0.018147008665040747	-1.3433569572586845	1.0033014651613856	0.10490251459393592	-0.29681924584859437	0.19494047606692988	-0.4245708981535722	1.0091155085780512	0.8347281974771578	-0.5147112118223856	0.4949752323026194	-0.25430345333598375	-0.09233670997633538	0.09564343573960762	0.49309838260608124	0.09800081861315235	0.16218842918338855	0.2816422504067317	0.25648218245027965	-0.4064318677432228
DTXSID0020367	-6.248293118778336	0.5286511263837217	-4.424491274665224	4.102530773766888	1.30483522857319	-1.3386201199167898	-1.3070432822803801	0.8514088861219279	-1.1713836851202364	-2.8967423097964096	-2.4664417453648553	-0.47344316834143146	0.8284528955770895	5.245145427400381	0.9306081599060677	-1.0044569548320217	-1.681807483659122	-0.921204052040437	3.2752634221000183	0.7350266526502369	0.4341960799039554	0.1524621622736962	-1.045836428560339	-0.756807847672654	-0.3746990676202046	-0.016895744272265995	-0.343130973223473	0.6162664511622064	-1.4268938275708964	-1.350407606054667	2.983229362627476	-0.19200704896096435	0.677795673733994	-1.8799811400098032	-0.2781390242389932	0.736537279283552	3.837008391018283	5.2164456627680655	4.396094778085016	4.834707168257346	7.371242450129936	-2.148217987231564	12.106987573992269	1.9605758675932854	-2.16277487635961	4.727878869703569	-0.24360833174808258	-1.538528329529738	-2.266057511480465	2.39540003868666	-0.2707440594459592	1.1432945144424311	-0.6552935665867508	-0.5539609395450268	-1.0151985941919872	0.6409089358617762	-0.5316488852513049	-0.20808186241171642	-0.06279605366326328	-0.5168084193749154	-0.3575505717802724	-1.3283440615543898	-0.18666677569186726	0.3121691432675041	-0.7595261272620265	0.583553428310602	0.29323707288771816	-0.8452018964397242	0.38408585568440623	0.10102848282108354	-0.45928143139336736	-0.2506467020299451	-0.4186463935697748	0.540898935245357	-0.19642850676439513	0.4729689913380169	0.11033395190077168	0.05240458231514273	-0.2712171031826132	-0.11690575462304442	-0.5169858486686081	-0.3745254198360607	-0.22861597503606962	-0.7153087577015756	-0.401837193027385	-0.6138237291010789	0.07376521638840827	0.6824223014716816	-0.18175891610195663	0.3357815684873997	-0.057051522495227165	-0.262727825688231	0.5534634697214348	0.1137071394140701	-0.1742689872161468	-0.29043737030224526	-0.3781864395191461	0.44815475325922033	-0.23438842459890966	0.20108779333366802
DTXSID7023566	22.21675630559838	10.009850878909296	-1.4478749608777928	-2.444899841029569	2.0342824142520537	2.0171956712364003	2.8171473645999607	4.261225280943666	-0.29928564952226605	3.4154520307386105	1.1309376192291984	-1.1442372761182469	-1.9505446552137975	0.31044682261082546	1.1777053624205855	3.9832272723615385	0.8790409481569755	-8.04898688996404	0.1458678430876733	0.2308370979183156	-3.6596501541182116	2.0813907876301245	5.698356049498939	1.1506423778589578	-0.10486240507356896	3.12993357279792	5.102614802328239	-2.57662745768151	1.0526282492709083	0.8179526408579443	1.4266119854506147	1.498470950307376	-2.2009243859734497	1.9530185299115823	1.0050133408618473	1.167203224543214	0.8275116823376711	1.1344563890068622	1.0278767940366895	2.9393535130534763	-3.882047645175821	-2.059487134876669	-0.01036859542994775	-0.2870932805389059	-2.6391487657012247	-0.40136298144283444	-0.20581762853961388	1.4024723982235832	1.2754439923018157	5.477222102959725	0.1272747670969852	1.878821019070536	1.8353114377789528	4.639959959808703	0.07339846767935887	3.394875935896205	0.9488603553717421	-3.195816910026268	-1.5944822783283539	4.840965196227182	-0.02070810437700449	-3.9010554209362454	-0.18648251518592263	-2.9709420024801045	-3.054520615981796	0.33118798802685945	1.4187913003683297	-0.2539391561200349	3.5624402315365136	3.9074466103337815	-1.8184282187109526	2.6386538020346237	0.6839699592926878	-0.21860629424637323	-1.0218166761127447	-0.5230626079495057	1.519752172427603	-1.0439219085890687	1.1332681028109015	-0.9987577763314035	0.31468994632619435	0.4641537908449486	-1.7339715762103416	-0.40991051348071533	-1.596217069687948	0.22849798791571846	0.7149325760840735	-0.2620544930296631	0.7175649018072144	1.2918663910239274	1.3196302757394756	0.11729290137732785	0.0493283387125744	0.03790861646464637	0.8590388855830563	0.1514481206092197	-0.9457894372882226	-0.6916504000597368	0.03278270244646037	0.7245789067815483
DTXSID7044972	3.1723647736982894	1.4302886569099411	-3.0736366278317617	-1.9173538801035384	6.75086996677346	2.358432809495079	0.35030744390964247	-3.410980475784603	1.3845969173153265	-0.9305044031821569	1.7307608584323189	2.028687707467329	-1.2452727232924892	0.9683879809160895	-0.8098484799735494	1.117864651004503	0.7192180565473504	2.4040935098364065	-1.2449177849386321	1.5235697803221957	-0.24649496742652077	0.7951148032122944	-0.15864228245131218	-0.4841074290789699	1.9061871747991814	-0.014893892118011618	-0.5553564788241889	1.1118609704919202	0.006309792888191694	-1.0737839560278373	-0.49678001699806457	-0.16911738531740594	1.2406326965504344	1.6132752184925694	0.782886255331328	-0.8165345639347898	0.21262183963070314	-0.04198589905737921	-0.1107949371807636	-0.7922540978763151	0.12028568563457931	-0.7061928308492729	-0.0997583294823942	-1.1588933632213825	0.47369667752971767	-0.42100774258544205	0.163518626761699	0.41745015620714065	0.011411394414226058	0.17932765158260422	0.07116176940778009	0.6041752301506873	-0.7580193612542453	-1.2065266595510602	-0.4503475521881969	0.6259835928282705	-0.34314239913240563	0.17734617308432604	-0.34388398884614846	0.40037680396031605	0.976095921176819	-0.7104985580453462	-0.5255349010609918	-0.7339851468082921	-0.35411807321823585	-0.7475125453881915	-1.2196109026064266	-0.3571233317803562	-0.04941734974504754	-0.03936615178436212	-0.7867173090776362	-0.3003572243593444	0.42999981489693745	0.34464624544600286	-0.3094498336343975	0.1158408690017018	-0.4924389478654854	0.43206945116440815	0.7026467541508769	0.27884996747573143	-0.9097249447191937	0.7596309863160823	-0.6810993989389206	-0.015528348642248715	0.2792116805223377	0.11080449575986123	0.1326862076613908	-0.3380038885466378	0.09370380485028157	-0.039046919848070426	0.34708777699900656	0.01728117862250201	-0.19210578305132575	-0.2568844329559326	-0.40851233547667826	-0.026466058241239248	0.8502698074462164	0.08766887869117589	0.09723994318309807	0.9352636795084572
DTXSID5046851	8.468278580384336	-1.6144528805569254	-0.526848401635373	-1.7647298474074984	5.244180591644454	-1.1866962584163523	2.183177027442964	-0.8239984496331773	2.1233720709568757	-0.9948667805433213	1.4879543496849583	0.9122213724476926	-2.3043761687293296	0.200056681769463	-0.6499967979392444	1.777062958175446	2.7088002095842345	0.7676422402777144	0.1209491586203509	-0.3155189933052673	0.8309518110265509	0.26133785113915514	-1.0494218132863906	-2.376477776695249	4.310739515823993	1.8948292023142104	1.407761843234094	0.917858674947941	-0.7734806062157316	0.052731448282614085	-1.401723560693379	-0.6882225658168953	2.2633253829619293	-1.2592621395481627	0.12536011175136483	1.0034496507765542	-0.21822798787593342	-0.2921229451088243	-0.030005715844318704	-0.16032633379572508	1.0202439889905488	-0.5558626825838248	-1.5566933674055499	1.7411364536449172	-1.1837456357232163	0.700306015686909	-0.5509227309290547	2.525275078333867	2.0184532302251643	-1.105803943820507	1.2956293617499186	0.9347559712404176	-2.1895099977411743	-2.8833610244134977	-1.730509503194675	2.01134996217411	0.4296096645067429	-0.38503376728815486	-0.7446965555568655	1.4303813662760243	-0.9654560098114718	1.1206468248750703	-0.8900181242297047	-0.2056354449122547	0.11293642767141282	-0.6509731395092795	-1.123259353598099	0.22636685487497893	-0.9731919004184731	0.5447100736920387	-0.6941063217789206	0.9242927939345681	-0.6720543577936599	-0.8923606830097105	-0.16179559437788996	-0.9600019364869138	-1.1413850974330686	-0.034393501409803184	0.3108184174203798	-0.4887269844290164	-0.5760602892909303	-0.41606624163672734	-0.1696972060452239	0.6532194820881395	-0.7253621382447587	-0.13306717185843117	0.007987951086760946	-0.4910947096101447	-0.5388403410985244	0.0064841933127090835	-0.12873073327624632	-0.20352599039231517	-0.03272302548724715	-0.6354308617639436	0.7378240563031988	-1.0135011307028798	-0.1320478930249722	-0.5534729201000171	-0.293620042714165	-0.04363783225772941
DTXSID3025091	-1.744657069364917	-4.216153203799552	3.5404742838051484	1.7309928998445123	0.9178269147731257	4.1280241691096515	-1.6598302200932067	5.585737757731044	1.5617275181653283	1.5596593369126939	2.793094737722696	3.0932623313070553	-1.3042013388746454	2.1219564169536596	-0.9323586362181693	0.9165482193500459	2.1586048391969808	-1.7886532709131706	0.5639174864571006	-0.8215822492953949	-0.2369180465177676	-0.2150704590777452	1.7046246324571788	-0.7461301847811456	0.8560942377951206	-0.39643158305647236	-0.002913877254794233	-0.3210016334582398	-0.8644918494723481	-0.05868095917060153	-0.022988898369349378	-0.21690083447000585	-0.21703790706627274	-0.7328667373235195	0.7615970294076639	0.5064307217278997	-0.14048688203952836	-1.2185408423923851	-0.7410657201502048	-0.23862268975847573	0.23019211400631176	-0.36111447641665684	0.9097047801001632	0.3201958518590741	-0.31602657550896174	-0.7769617180755447	-0.9172564835601928	-0.6375825646280772	-0.3920251169108847	-0.6433169278852261	-0.6510365906246489	-1.0265283127570544	-0.40453860949574927	-1.188647415783833	0.21837083133466928	-0.991130298452851	0.8669114058684955	0.7483249062038487	-0.2887250433867109	-0.4758156057527817	-0.7136640140262303	-0.40750354249099635	0.38841094482724664	1.2140931728567896	-0.18066717053947687	0.8518092553256548	-0.189762131493358	1.0488834497467294	-0.5783988476678411	-0.01669444289896108	-0.33628091026224155	0.055932314341288994	-0.5518476511094672	-0.24069824841642606	-0.13884805091082714	-0.43876368139646443	-0.5994750058116782	0.08320751394263087	0.06475745173712924	0.12446083085496121	-0.022814820577446573	-0.016649314295781543	0.06037854914844352	0.3095403197085293	0.1372555441865232	0.1696451556181971	-0.3958158760824549	0.05854177908008707	0.19362843746162506	0.10868540933625362	-0.026747117813768595	-0.2185071861633338	0.30374053167606824	0.1295041073922709	0.050727781905041944	0.16360167885793866	0.40850584938133727	-0.1127369558773908	-0.04478226227239161	-0.0638721726555393
DTXSID6057744	2.3840451044899056	-2.03980782774293	0.9127484113702896	1.2133162622849303	-1.7057864132539344	2.1208350919068515	1.1965535288443774	1.089736393124793	-0.14101463670554581	0.18620302898208574	1.0584210161889758	-0.38229394359195396	1.110636656752092	-0.6362197359146552	0.09835613678890077	-0.5034032559028483	0.4255319449849115	-0.5153547537837739	-0.5282203678754097	-3.088306081410522	-0.1036343079887405	-0.33180791995356124	-0.2929668317762114	-0.0776686964124849	1.0197641741976373	1.8648813790285534	-3.2485223760471476	-1.0784691606078276	0.4220491892734082	0.24565431119169565	0.6771644161032272	-1.1382100953558045	-1.6686502918382027	-1.3733334238217814	-0.10912293446160357	-0.17584368025637098	1.447044704264615	0.6544437682300626	-0.07050618730904658	-1.3125183625376315	1.0404659097805051	0.512749571903976	-0.10175157780155557	0.2695426185572819	-0.14140277099580786	-0.8649106260970615	0.38145167440444494	-1.2293986247592563	0.7025767625465977	1.5119441127357418	-1.3984441861888373	-1.5256120613264692	-0.7983961610903381	0.8226384160668806	0.09053288514856866	-0.3925947674465744	1.2392735305652087	0.865715538794872	0.31639448311257623	2.1406524329102785	-1.2812156163105113	-0.12510001236382084	0.9678136968001849	0.23394694520227532	0.42461460302622545	0.5874797026620893	1.1652644963358134	-1.0020559874983797	0.09689977161785122	-0.7948305215397492	1.30566928144764	-0.8635122810490605	0.09453041218324379	0.6153746374012964	-1.2256759650203883	0.2113127267028133	0.6082415344127882	-0.3847225966880237	-0.1362548636627817	-0.2452256867066634	-0.4653733131449443	-0.03159183502852094	0.04459511421531829	-0.41784336653618515	0.6758010334398654	0.3813373691975538	0.19274989222892375	0.21913710922896595	0.75323367294138	-0.2628402497153399	0.4989589151234773	0.21733162380012166	0.46045397315080094	0.6900177526647281	-0.338946779726139	0.14749464690572223	0.35430677722507053	0.3198071187313897	-0.6511052815858491	-0.5439487997147763
DTXSID8057770	2.8639778530295787	0.8098879289289662	-2.337154904398157	-1.3162178038199588	-3.09401759147576	1.8837121547756308	5.411824197331285	2.3627977761567878	-0.8972249135765786	-0.20326420833471792	0.38431259567434556	-2.1012986892946484	0.23158659200969592	0.8881136430017464	0.5843505093701556	2.0374319310734337	-5.806915117258245	-1.6729511566669004	-1.5940774179955097	-0.8081448218281262	1.5928860635922235	-0.2818850719928421	-1.076514809522889	0.2586710615945665	4.060455460324813	5.083886523145815	-0.535445400074434	-1.3344282717857399	1.1873238291667287	1.8068932355773255	-1.6383149455515482	-2.6331717442605798	-2.0422623961713113	-1.6210761279931758	0.9072395590466513	-1.0315154749388076	1.2801013493466324	0.8050647769449646	0.80509672685747	0.2549081667962151	0.8693245462666307	-0.9136988283982256	-0.4987272938794673	-0.5638822667587948	0.9086614659206459	-2.8979800006544636	-1.3942894326083215	-0.7648680753197875	-0.9873720145382268	-0.24708330621972902	-1.7320176137296797	1.8768049287599264	0.5179521744122842	2.292225636098038	1.611698327771436	-0.49759044865624785	-1.424765149392834	0.11701171988267002	1.3183406743905213	-2.8102686817897626	1.1028445430123952	-1.7661015299406255	1.921801266741291	0.3673366767774813	1.3500880130277204	1.6001273836157592	0.9747414212154417	-0.09095750549348411	-0.5394827469999361	-1.8368068261117017	0.32199896692417135	0.1387664273245097	-0.46535070006683243	-0.43401240959888626	-0.22432657371907783	-0.5274167037845544	0.8125759736685838	-1.2162817758133069	-0.6823702444083541	-1.3925658204586022	-0.3133893227372384	-0.4907487053741801	0.7234116790718269	0.0926441142509971	-0.09646301641903006	0.9187264954586472	-0.009163478811184293	-0.9276108896192292	1.0518952641971622	0.3525057883925986	0.1705829551450848	-0.43298559995523583	-0.12571761002114604	0.8895098364788033	-0.4858441430365031	0.3253551213586058	-0.3291241947806513	-0.4432460845703972	-0.36398522928303395	-0.9423541323407816
DTXSID4024981	-5.247307174635712	-1.10889719025617	-0.6684223702628663	1.2279795406977532	-0.0501352585385617	-1.4941740316703362	-1.0524259395710316	-2.128349247681958	-2.3703709503236094	-1.0349615380140225	-1.9164680568983214	-2.444787395717014	0.7226001672935316	4.613348743106419	-1.211268577429227	-0.7405447777997893	0.029503671015463022	0.0968108057793168	2.9573218021843	1.2662311164241606	1.306666153332971	0.5074664604949035	1.2211274477615721	0.4945343911858031	-1.1774396003394048	0.3675841166189882	-0.7980372983827251	2.88688839469519	1.9492908783814498	-0.8032530675279745	0.7035255423597006	0.15377567185037133	-2.1057498020157026	4.101812666869269	2.282391692220451	0.7202354142220693	5.763809746949596	-1.3347674910324543	-2.531745924045051	-0.7252412651735702	-0.6949578925867461	-2.426264098153226	-0.1295344327420266	3.556635853144728	-1.094018949348659	0.9290248902471776	-2.0200839025515385	0.9813798163743248	1.5928601615312243	-2.24618911409777	1.6093167917081672	-0.193370391553135	-1.9877197750916649	3.1252532797477666	3.215925531220063	-2.0058266557141162	1.1648563330666075	-1.0532439283798736	-0.3529135277774079	0.0034922375909267112	0.2049680471972959	1.1016346081576658	1.2801881742624424	-1.1265460071027942	1.622136082934757	0.5293978329035762	0.7782922243327244	-1.086786081944617	-1.0677724108332147	1.1111025443305342	-1.0644446917798482	0.14279203202586213	0.1213039637020579	0.4477315336609254	0.39352643205443943	0.6850765772554809	-0.9901182724401787	0.15794309353046662	0.21320075645533781	0.35579664778068115	-0.29833908530499587	-0.5332990730907693	-0.31546892337615373	-0.005247242016701345	-0.020894895877064373	0.8237476185623922	0.6377876806346919	-0.23920365673851424	-0.057830854936941296	-0.20847287229052178	-0.2927683693952775	-0.25091515052165214	-0.19312021792838413	0.6861311370050266	-0.743779970551943	0.4821989978468514	0.8787610877106012	0.3375844943996964	-0.12111558587591865	-0.14783104762318047
DTXSID0026202	-4.600365233834326	-1.668263325445906	-2.6598607701452575	-0.06945688278401158	-2.359544592047782	-1.3289515155824656	-1.4262076307165865	-1.5521082078008477	2.476432764080206	4.2030682719985455	-4.072494129870794	-2.9488153366700067	-0.5356841114813334	1.0745442615606962	0.7505821169956156	0.7920361959520091	1.523284054085252	1.4154564197195614	-0.5714905014456325	1.2398046012060804	0.3553662472093384	0.4522520447799984	0.036406820934200446	0.25214005640654336	-0.9518369520819151	0.7620368460962393	0.24505084077251962	-0.44767732168518287	0.3339263201721775	-0.5724729250244381	0.6787175080655662	0.5964981757359414	-0.02516692587481417	-0.21006909464782872	0.06876388685024977	0.025539973621136396	-0.3747017975784301	-0.21947471365271962	0.3823271384295232	-0.2619880192000459	0.5002342530948736	0.06797035924393748	0.05030043477801244	-0.08139622347378098	0.34634335606822625	-0.0527095546685064	0.19787284811761158	0.16443005763133564	0.5023797675296319	-0.06465526096516465	-0.6601249697500501	0.1197049067015511	0.044826665828409176	0.9367587508620137	0.5358155291575725	-0.5219669321424808	0.7889423296850218	-0.15293742119664544	-0.3331721089216912	0.07586193251167064	0.29024586538653974	-0.5318538769286167	-0.1236515660284294	-0.9839577457521583	0.4316144467356299	-0.1940336552869303	0.2517179227645586	-0.11807070385354139	0.013580921737639935	-0.3271354600020425	0.18605707620293208	-0.6436845573657712	-0.35520982364672954	0.05652268329038467	0.1716450996101169	0.6761305537936396	0.47558649933766317	0.0701440031066628	-0.4240382680092527	0.21356882373530878	0.19602079123594135	0.02473807225029458	-0.3327399098822936	0.2378158844158653	0.14471462274171248	-0.14367108027344452	0.24417861977123675	0.14300890779633538	-0.3769989099615373	0.15467423816891532	-0.029368713333374236	-0.3588983738937571	-0.07909639273071645	-0.18803406883725127	0.3080688461648162	-0.1976086304696788	0.368322814113793	-0.47559830402707587	0.07399858794701551	-0.9261764216159585
DTXSID9048859	1.3547743446684093	-2.7811880512056586	-0.4128950514541644	-4.35533920374878	0.5980696674539345	-0.3847866274568849	2.0392107252257086	2.8399825177471825	-0.21566709773848383	-0.27274324623678436	-1.8427062008156354	-0.29950515279954226	2.8113661101725915	1.0707965101918324	0.012432225375624661	-0.8463983433483873	1.1558828636944327	-1.213806768963727	-0.053695826474010416	-1.7136132108674564	0.9641741206806135	-0.6911943570532487	-2.935528340069743	0.8146796477948758	2.163792000180915	1.3905710964908904	2.397154319228438	-1.65415213979738	-0.6338679225804575	-0.005424621365132075	-0.8645654000255698	1.6344139836161107	-0.14857828764724437	0.2653248278684109	0.13959927886239373	-2.410781581460662	-0.5173469377432471	0.5944434409487389	0.16155595571790063	0.21154230408866279	1.99875369327688	-0.10924924855515392	-2.523390226604748	1.8479791854254655	1.08082320595609	2.4271523974674345	-1.0692114242347686	2.925078012571453	-0.7003893708232692	0.8935676656424754	2.788209229192948	-1.3392421614029648	-1.790802842284964	0.9040421581232977	-1.77120498636852	1.5172409711854267	0.20117524017678273	0.9971913743357348	-0.4516492519444786	-0.047016990603820745	-0.9890157254998962	1.0615011593336312	-0.689877670894601	-0.2731256344008057	1.7617779970471066	0.47830767895207565	-1.8977949796125235	0.07951011283096943	-0.8022565810787193	-0.35146070011341346	0.410187313850201	1.14745526167145	0.4312554014931241	0.7503497381503369	-0.3309545292490449	0.058736792227181193	0.0020148098592642424	0.1601430333609598	0.9818035543788095	0.6971686386609958	-0.3991902515586028	1.475186719473702	0.390883869856279	-0.6017321542363593	-0.838527564262376	0.44872556420197035	-0.5751406443567858	0.5816337487477399	-0.4129934013895925	-0.3899910233315579	0.203461232543387	-0.43843329250503704	0.14300219997664557	-0.34561539846547645	-0.0679638277934498	-0.22341185590082616	0.1945472639774142	-0.08841544085015471	-0.6294143622258793	0.4624278325211242
DTXSID3026728	-5.023532016003697	3.908771872055077	-0.9030706764215353	0.3127145906105328	1.8847299096704886	-0.09112722303837796	0.30848458306555115	-0.25059193821330494	-0.0408111306270428	-0.7465670363301481	-0.9979564528880295	1.3268485976385087	0.9095025137449223	0.1968237683134413	-0.09114455367361046	-0.06084803315629657	-0.12203674003879833	0.774847674165698	0.25526204014171294	-0.5570932729023453	-0.5918422999608821	0.7649370724518767	-0.4580328037553978	0.6489492371001846	-0.7407840876775693	0.8051148867014725	-0.12986924871355301	-0.41161395974313036	-0.18473664006816615	1.3946125240645846	1.1246138214991845	0.6407529454360709	-0.018657873768914014	-0.9363028005337916	0.5265981258161305	-0.3179804346556716	-0.32264424684120196	-0.22243848373093392	-0.21940132155023476	-1.0807205370512307	0.40336622822457874	-0.6036875362028146	-0.23798783015230196	0.28446216612684505	0.566988921352539	0.19274073826440996	0.12623769209184166	0.5438304138066606	0.059953743639476614	0.1045149484575491	-0.12505102337575513	-1.215577545168985	-0.4095329989025836	-1.1921845648348042	0.33224971365821726	-1.3669792179849187	-0.7951639011238157	0.5045353509093856	0.43215888637096034	0.9368433876095288	0.6220029140278048	-0.027019623205111587	0.09925708155440387	-0.4696397301902468	0.43103640293322204	0.464277037113443	0.6118729698046078	-0.3907514604974889	0.8424042857201042	0.5378663722296807	-0.18185039654364069	-0.43278349860676407	0.2445754088507796	0.02596444193997079	0.08453762055862919	0.3665428557748799	0.03874913290219167	-0.8124111933918382	0.15670533653457344	-0.026840006255029195	-0.039779095538788965	-0.3232566548977033	0.3085130769003397	0.060475548927344684	-0.05804007636692666	0.03728827115506633	-0.3484719977272776	0.03507756838185943	-0.0490331752802521	-0.4414063494754126	0.2155796941756818	0.5962837414136184	0.35034985294962523	0.3318935955430542	-0.31574363075576967	0.3479000654775822	-0.07887333150308361	0.05327872273899675	0.24296359406889934	0.0034267287276272635
DTXSID6042074	-5.765001859867887	2.0698899660204524	1.7880410271415041	0.964707823641648	0.17237948257289598	-0.5663886084836476	1.0241416455579158	-0.8686973557403539	-0.17547227789372605	-0.516241068781491	0.58136075802638	0.2396515669005454	-0.5188446237434506	-0.4627354540117578	0.5125349185253625	-0.8942613476634412	-0.6475556976145878	0.3908276834863621	0.15923859296372245	-0.3672845114956596	-0.7452340794547129	0.08386755696780493	-0.5609946510976562	0.6174523378816024	-1.0071465914695805	0.5294927940252975	0.657992820947844	-0.5370292228097971	0.15958420467289408	-0.2433844299717291	0.1937199038900081	-0.27815293041701933	0.26872315262275076	-0.11280400801160806	-0.054815426005647	0.1617703851505077	-0.4393534857180873	0.26387602103571095	-0.3890539841363455	-0.06511243955014445	-0.10208693954070804	-0.40334583891802583	0.04453624697491766	0.17428015220338083	0.45189500970971436	0.18133556439208653	0.05197619968910495	-0.22338273775865564	0.2877836841632638	-0.3680035958303796	-0.061959221127168035	-0.18580872894701617	-0.1159384098111178	-0.10635296734677975	-0.2052270657014507	0.055769509584573745	0.08270008584082969	-0.27640918249986873	-0.21146180532495457	-0.1317326439480592	0.14073539808264027	0.11803030406554672	0.22272247859180197	0.02317362512301266	0.007380695473161256	0.1746149701067697	-0.5157578693994789	-0.05389033873439911	-0.1940497114256838	0.12141185150475708	-0.0967111583546496	0.0786972973925273	0.10114349065866256	0.08175463322440245	0.13352084455252258	-0.13627766812794723	-0.2688933138655836	0.3574557800757893	-0.3923351781622077	-0.06783905900450221	-0.15551124859567378	-0.4124376329696256	0.1764993829024551	0.15126298555892295	-0.14584608694082565	-0.07009353333462755	0.10932975073847308	0.19376746078786417	-0.11833983284857988	0.031608034806827126	0.24001760451722767	-0.24496122766026637	-0.1463925827707435	0.03712208862496118	0.07689431259338858	-0.011035348518734363	-0.09567564745639418	-0.12023055509448453	-0.06025282255811605	-0.17390767079724104
DTXSID0047741	-4.485293868640009	-0.4703668621334737	3.6973134521604387	-2.493432419867946	-0.47159512182901636	-0.1361908140702502	0.4331290037364162	-0.13652239588257495	-1.262672834213845	1.3039499406573298	-2.64787141641755	-0.31682843465658683	3.067304542921315	-1.4813488002270523	-0.7868590278880735	-1.531856484929896	-0.003029067728722866	-0.56697684013943	-0.493359220174452	1.304503492668898	0.19424043574808672	-0.776593053823398	0.36298203738149276	-1.7597867336885462	1.6775381476866107	-0.05606090364828121	-0.04888320028923068	0.07423096238051421	-0.3658141553210866	-0.5822580004037043	0.6197433559200327	-0.5237952380367953	-0.31006978446378375	0.15919689903953332	-0.5803002358616113	0.6184645702822467	0.8163315193039034	-0.2107656338972143	0.056006567910374075	-0.27583499495605446	-0.26499883471655794	0.2580820549555527	-0.23835449953759968	-0.17509245692543313	-0.2396264396685385	-0.27184063257983226	-0.08498825333630781	-0.1822698230733727	-0.29236030048534056	0.06114155986073272	0.3875789692070798	0.5222712100214403	-0.24196359767525552	-0.693464915830949	-0.4494534635298494	0.0790824494153137	-0.6401236466847257	-0.942198024941244	0.19613270082162187	0.33525841136972445	-0.14331434057733225	-0.7922463089431088	-0.029722114442426627	0.340508892084762	0.23353516568457622	-0.1371439393020322	-0.042451542025766766	-0.8990574485216023	0.1338581178793882	0.35676250766638656	0.35539204321752627	0.1470369163022398	0.8139424397199875	0.799593549768375	-0.8019312073699275	0.5234163257411831	0.12105879284974654	-0.00992030445914312	0.6831680851635035	-0.35458311544259197	-0.6013094836782792	0.508790673044463	0.04890251340700725	0.034444296448993	0.8647207281782135	0.07381968105271956	0.7058035909136029	0.08848488135924755	0.1783600478004881	-0.6011614020906304	-0.21903622780389492	-0.38460642998164424	-0.3184378026126615	-0.013276803505635143	-0.8251842457550566	0.048379249239577836	-1.089103331820107	-0.15377654697430446	0.3082922613520809	-0.09491911249249585
DTXSID2026238	-0.3898499812774008	-2.9948107079706756	-32.77969976775566	-5.651472052096318	70.56831158992684	1.8018515542183613	-13.256551510256955	10.674528592364545	-13.301565082468176	-9.435039356282866	2.3933697899210555	-1.1714516749042385	10.635216714668362	-18.454258036077277	41.53794487293025	27.625243610963214	7.1094198632466155	8.167326704181333	-1.8241916989507674	18.25742652840691	-2.3178056957029582	28.309000779967203	-25.993310021245634	13.808621970867941	12.388743068409621	-19.37085854872349	6.185471529300325	1.4194459379811686	3.0599609943410306	27.616757244585212	29.48633035893322	-25.892786016939308	-0.22170320555699582	11.668756245404765	-14.01290294415606	9.099551399503833	11.346162309597595	16.60322261209692	-21.40290827649543	-5.989126989475889	18.419774079390717	10.816182162749271	-20.618497502927372	10.034011801024027	-5.05813508840828	2.512380383709897	3.1362420229451713	1.7458589040265604	-17.610794212278723	21.840342895684184	-16.80980134629079	-3.901401553096221	21.614061721847385	2.813285621153991	-16.744042461420094	-26.199455704067475	25.095104841379953	4.553121930592663	23.428068521725343	-4.460330717956368	25.157597748323003	6.756296986309678	2.602400694573973	8.326639065139151	2.006942257868537	12.094976660080405	4.585245745473677	4.643083062554103	16.95492003408169	-9.383820531083202	3.261687070982878	7.404049790818942	1.640242358442364	-2.786746158430921	8.477907180369323	3.624058213486823	-23.111790765726138	31.738067312990573	2.6043946096784167	-17.071463489188098	5.072045947504484	23.906899441521322	15.708867736497057	29.590691718128333	-10.572014212018754	29.435702712580202	18.703428125509735	-7.3042208344775625	-4.227968831937353	-12.998886499506039	-4.018502839308587	3.4319428044135014	-2.1697820433310495	9.25607737969848	16.352951896174364	4.10259269700785	10.744926646401805	-20.769416628069408	4.275179243014516	33.5490370313366
DTXSID7045312	2.8573719477580877	6.173858157993057	-1.1218947624251037	0.9566280894104381	-2.9197700507669424	1.0791933680284835	0.901616605837115	-1.3705326505946636	0.5976593368880853	0.8313563041859918	1.570519690481426	-0.38720493523084376	1.561789742783328	1.733717939131053	0.037443378995976696	0.5782139570943672	-1.4044164097144545	0.07158580788451582	0.44835897509486033	1.8683172998234046	-1.5321784829112357	0.44996471414426414	-0.4690507313345351	-1.2009529608065617	1.450666047699416	0.35568622364926733	1.2339888108967525	0.3247907016303034	0.0015879719831974962	-0.35649775539288064	-0.17482252513250235	1.3724183469227371	-1.1286661875979833	-0.13693064470343821	-0.15625902813577663	-0.7858502762136167	0.6142989181468844	0.20102879682403754	-0.10710756079446912	1.0338884756364701	-0.19231061779294525	0.310498059792697	-0.09995960472260974	-0.18023244224961898	0.26797886793635095	-0.6631564805490817	-0.032855265308654874	0.10973642989761354	-0.6744491576130472	0.7174913551441856	-0.295099861858319	-0.1756167418206799	-0.3175639278539502	-0.3820248163572703	0.9391318690606594	-0.6310973263535595	-0.8237627053515681	-0.5590083137126336	0.23019822865136857	0.6969070591784353	0.43437212054792634	-0.42409722333139427	-0.7593573272862477	-0.7635223153702226	-0.5172942872571196	0.03689017140970639	0.8059287635130599	-0.9102768124773283	0.016509626598640803	-1.336671515926962	0.8218680300757963	0.9356905629271928	-0.34223213280004583	-0.5045589691960637	-1.736204310522278	-0.22470214217034384	-0.11881826149416229	0.28052542255856505	-0.53540301849642	0.48719001469419076	0.6203557356467755	0.7648223570774458	-1.109704421855141	-0.16710265307555708	-0.2856135490710747	0.5274351274809501	0.4810222770877694	0.4157829591677748	-0.5943206304782768	0.022463260040927944	0.34871810170481377	0.25209223692402916	0.2240943846921268	-0.07147272164706214	0.06990597902114544	0.5520829160864525	-0.20515996933667835	-0.19675368776303395	-0.010703621365897293	-0.29071002740016516
DTXSID5041148	-5.017696665189893	-0.6545020618174647	-2.2739356656008867	1.46353010944613	-2.0212090854592093	-3.480747215173718	2.2393775274689984	1.4672295537784932	-0.30494283926825577	-6.807977956138034	-3.6508099304592383	-1.5538663797950458	3.2088654975166384	3.518240359147281	2.6347647135696106	-1.9052256748931289	-0.015945250351390338	4.502777937982153	5.939621791417354	2.1902087133918053	-5.450223446578034	-4.8392148135827515	6.617876179558636	3.0983094484272655	5.689114412562334	-0.6674518871640137	-2.0812353131993273	0.38169233126938096	0.12866960548238232	2.058396827467658	-1.103115427075657	2.2464050767842783	0.1968634099584858	4.192026281072603	1.5041916420573256	-2.773075296837216	-4.883439716179259	7.713944325758886	0.9998909989704733	-3.3944980739239017	-4.015288130656813	5.4897752085053275	5.064309234484387	7.060549383889614	-1.125701316357587	-6.423823984134625	-2.082748961303473	-2.0887022700591764	1.5635521383928486	-0.5623750750827213	-1.741314044033569	1.3207541251500892	-1.2721091999316247	-1.1181775919242005	-2.5367495992793025	-0.7127154391514823	-0.8757703292596498	-0.7331763495285827	0.6432621127951912	1.4104155847319522	-0.4769472573348768	-0.09966969734288228	1.431638233654618	-0.7577047281328876	0.2936745689875404	2.309875113263532	-0.9982453808895686	1.0722120554066215	-0.2725863549510133	1.5982148601279835	-1.832928554525405	-0.19371110700139352	-1.4818174202731564	-1.6835921065566717	1.425389420350105	-0.14490756756170925	0.08093895449092302	-0.1559612708628782	1.4353854427125545	-0.05696750722218578	-0.014128028757779588	1.5649846244249026	0.005043307568219811	-0.6227509377908563	-1.9058433064764189	0.19608434482530324	0.06091691370591851	-0.2553398071903297	-0.8865101276464109	0.43027042088124695	-0.48619288639241215	-0.14415890096179146	1.6994915452386512	-1.2568441556572598	0.5975837703239018	-0.18980843845121215	0.9061087414057968	-0.058812876490314366	0.06757880449782289	0.047796159129561956
DTXSID4020038	-2.3923930146548598	-1.288034366833223	-0.6749031805133401	1.4033715566497336	0.7556962186845837	-1.255992334847322	-0.21127950942891055	-1.5088399739295115	0.25624143087117024	-2.168862071081706	0.21853138149878917	-2.302129006446309	0.8187475880647044	5.232637429275864	0.17556791035646915	-1.2794208584449223	-0.24164987280855804	-0.24384465359997623	3.441517818775905	-0.09024469447423668	0.6266060488416637	0.59594312424777	0.9521592252242097	-0.1964837757374437	-1.4273281514825098	0.183361109507163	0.43617135424140635	0.25287431145758377	0.12789077413378977	0.8779875186691012	1.3640040506535658	-0.6944705373436864	-0.23880825488420898	-0.1518617211054972	-0.1659788291017254	0.5555576755965774	0.32335207053864007	0.7973261334411842	-0.1196438057881526	0.07767911018190257	0.6112293379560341	0.3034961024763399	-0.4365174229387052	-0.20024307293364413	0.3583789370663581	-0.4223151726896596	0.096595920306508	-1.0175209583219926	0.22852813950503742	-0.9540473502526277	-1.6328554252469896	-0.6558915227190142	0.13419761933470326	-0.993167107158868	-0.7557710768565022	0.9412239782474239	-0.01788278754899596	-0.030360862216686442	-0.8494261310982533	0.1869623559048027	-0.0326920503761452	-0.34867871543728723	0.4790551214284801	0.02115083903887137	-0.2714649356380783	0.40813578520820665	-0.030136658308813347	0.054129066178773534	0.2829341532833446	-0.40495923488025054	-0.16170370280805063	-0.006195464671259965	-0.678306731141266	0.025024960065795316	0.0999992963796238	0.41396651679803237	0.5250862391894998	0.21104535510993042	-0.08907681669424507	-0.5436170357552004	-0.27828537054654734	-0.5795272650497998	0.5157556127083559	-0.12035523757226277	-0.8632255414063635	0.19403231638166668	0.10913848812375164	-0.09412411325470685	-0.5230198130525642	0.42978062601698286	-0.18793102906817097	-0.36612991968275055	0.19188773573624962	0.14277426831350087	-0.05828055207171964	-0.2728794935591662	-0.000806510101343034	0.10198158946608428	0.4157886903867661	0.49433103645447296
DTXSID6026119	-6.569292696118039	3.187430555199367	1.730022707189255	-0.8894170468162897	0.7722267499501493	1.3543727008503603	-0.11563432061305252	-0.5287407734461804	0.113419595785645	-0.007101626407074171	-1.0794631947773368	1.288692673839297	0.362141977893929	-0.7251546481538024	0.13342576919747184	-1.6838295172656477	-1.9488542736775456	0.8318083246799488	-0.3401411231506097	0.4765292567582706	-0.47078021198801806	-0.5993661363721551	0.3880821660367174	-0.03312784593998901	-1.6586637203292018	0.47541956302940913	0.8367942478671055	-1.0875766215964282	1.0562506236250329	-2.114395922286479	1.1443449721564756	-0.46214358992298793	-0.1825793415006855	0.34130162801188596	-0.4973751600865346	0.6583159652312466	-1.4016416120554103	-0.5103634252977789	-1.0059687964643729	0.1906888347068854	-0.18966442511554418	-0.10424087150786807	-0.19987795595726013	1.3096327979089593	1.1697417775665735	1.201467508782125	-0.13406234042295215	-0.4143363539245864	0.5667450890956283	-0.2497916916348168	0.2971523447182924	2.240953768390085	-0.49754407800838985	0.09610717916216444	-0.16319948833308953	-0.2504979485069404	0.06188760798090787	0.6041362504121776	0.3404378664285757	0.32788735096960137	0.3037948048141769	-0.03686028920685361	-0.5516942096928236	-0.17455463216985181	0.30276876819679477	-0.5649485563144147	0.24330765868978207	0.22476216154938627	-0.11343027057747335	0.13882877095998417	-0.051335263368572116	0.36500286198145615	-0.17436597586011987	-0.14553323615723832	-0.12838482534896764	0.3627840596773317	-0.012698911931717533	-0.1297296927986199	-0.04055093386728105	-0.44114780167247175	-0.2921413834539393	-0.05426120781284455	0.08488161279543303	0.31017713933446595	-0.15608386462110907	-0.17268137459211974	0.36311169126662907	0.03515977932527769	0.009721990338672479	0.2468787924078764	0.05190945048825898	-0.2132725121753056	-0.30551971253122473	0.1299873465789769	-0.2817588597241412	0.3575565401574896	0.010391521595442004	-0.23390433170685718	-0.08490098096354563	0.17728471159362277
DTXSID6044800	-2.56833169962429	1.4801515028428416	-5.246746679427341	-0.5492699804385408	5.451932945844883	-0.4716687892218094	-1.7037118751032407	1.3618927241955496	-1.0476273243717116	0.663585457636687	0.8573517994221413	-0.4873782381914705	1.4237630917797737	-1.4910302517324452	1.7078922982116633	0.7570685954135347	-0.1654196357309675	-0.17630444871380524	0.7727757401168273	1.5405627672935531	-0.8441030670219019	1.0201350441697214	-0.9887283131990209	0.0641024765975023	0.5348647906750185	-0.6615257174283609	0.965439759680796	-0.007507019813029024	0.1357291425325321	-0.4930388831246892	0.7143362283392789	-0.29100916069254085	-0.8080836278306396	-0.31289349669442607	0.5219215288970901	0.8033515057174042	-0.568726364910925	0.1521945743823361	-0.395472856229276	-0.27471745256008206	0.16109294771992613	-0.16138919441804572	-0.16693473014250196	0.6576378911127863	0.49527784235696715	-0.09729354078776212	0.49588461665933165	-0.27941960066527255	-0.18780276942486748	-0.8237971690952405	0.6616365624401002	-0.06733723723588236	-0.2764995215298101	0.4012866405899963	0.9427974960566337	0.7301564425916373	-0.2965731690514458	-1.0591194952531957	-1.3628037568175342	-0.030725461226751394	-0.2867240800430689	0.08501902338335557	-0.7423914038641203	-0.6283343236741723	-0.0003425197044503932	-0.16934014857549165	-0.46833271754432104	0.559081244628126	-1.150771771893497	-0.09938666719374124	0.24536604566410367	-0.9644002755234881	0.2707443928920246	-0.011986983505430088	0.3457727712177677	-1.0916272398196898	2.280102225610172	-1.6134039016528756	-0.1171324228360275	0.5075782050594061	-0.26312624901572745	-0.9936721186767447	-0.296506803405259	-0.5115935794754694	-0.4008323230261452	0.586571536102324	-0.5586977486507007	-0.695765030894431	-0.17896977402415287	0.26608380362975936	0.28972421051748526	1.2527125807102493	0.39634782766580506	-0.06137768027728575	-0.49573197925886014	0.009043169474003429	-0.1711835310659543	-0.3993010202271827	-0.010216930295087063	0.12944665342229542
DTXSID5045889	2.8776015033487212	-0.36196289375935436	3.6189806903758672	-3.7094518263164247	2.050143348742535	-0.9727422779514578	-0.8111889736827633	-1.2361240086760117	-1.5991948885274962	1.458252796325328	-0.28183405312128973	-1.03794850453733	-1.6187696059808865	0.39383694859236384	0.22611075271964728	-0.5180822804359164	-0.2445324463820323	1.8095642578824722	-0.6455619080265304	-0.6214750874867104	-0.2134213549819307	0.012777716600709877	-1.1580458856930216	1.5319089087715665	-1.6140000795052227	0.9280858212894785	1.2918931082799658	0.023914053343808236	0.36635290798582404	0.9034017415101914	-0.3139676830139905	-0.44244824862315074	0.6773203702282097	-0.1810260033962458	0.8959112804060199	-0.20151831480112567	-0.7624502936866852	-0.4316401663692127	0.2956720350427991	0.2384794571325647	0.03393669974705936	-0.6803395702890863	0.29490723372330324	0.14589994574081555	0.2333747156046172	-0.014515095313401555	0.7233162981846509	-0.12043883802856228	0.6481623964198681	-0.4703232635988926	-0.29985462898745346	-0.2710412936394854	0.39472208786330615	-0.13485896170473224	0.2942165950604122	-0.2209332776771515	-0.031124325771354874	-1.1359240450810817	-0.6290880498929737	-0.7839589085418347	-0.19013875601167315	0.03806570865223659	-0.3364948476692774	-0.13111916125540587	-0.34220457214330263	0.08938895511046896	-0.3474458127467223	-0.1005466501283277	-0.32446767350919	-0.19705597818326462	-0.18719894042417543	-0.676229521537092	0.4500319508859046	1.4401589097960497	0.22206574329360365	-0.44965611877476286	0.22243691793334075	1.052312969210204	-0.7648265959238932	-0.05780549829382948	0.02289809546372112	-0.08229131144961511	0.04010391050559375	-0.26366337450247984	0.26718857327378853	-0.045741760844741096	-0.1259136167481458	0.11470949661222701	-0.06843977512447542	-0.25821548843445574	0.28219498376124	0.38020787818592966	0.020898964550512537	-0.030405059498629358	-0.40965570211201474	-0.4399210849764268	0.5312879432012967	-0.14247170677168688	0.14284813867468005	0.1386020052707083
DTXSID3021986	0.16078372143651193	1.9003036561367475	-3.885779151154963	-2.099094808046242	6.0041229121466335	0.00842732358255286	-2.242910543886424	-2.12590379832763	2.4471064958992317	0.6943356156589117	-0.6006545901475765	0.4900807321677465	-1.4787772592328305	-3.0853688421342786	-3.0366094567566937	2.8523264552939387	-3.306363225237134	0.6771778028921691	3.12515903451243	-1.822026580186141	0.510316242034987	-2.2219760696455935	0.43668111834250617	-0.7900963514245636	-0.2545577118338906	-0.02785376761324688	0.5904096950586876	-0.9882765539858356	-0.5616497684657681	-1.556353907593521	0.2577911573290634	0.0966679597487629	2.0368091882008117	1.7728294908827988	0.14694457554041623	-2.365926721156431	0.7834376907620191	0.8772999197118799	-1.3006483552716355	0.23292867820839297	-1.330288330873872	-1.7510559540162018	0.4013468563766065	-1.5166019693355297	-0.18695471431681024	-0.5794963968268823	-1.1395381332366736	0.5581664460866497	-0.4949062689984456	-0.8012863590525712	-0.35657207702487786	-2.1130270366898993	0.12008464750203339	-1.9136590524802515	-1.246763216500759	-0.16527225729113193	0.9083203659965932	-0.12495532041185774	0.6786703471473107	-0.3076661932484945	0.20695303309666085	-0.621311599413981	-0.3240902920198786	1.0670046161532518	0.5649120292079033	0.4076553718236225	0.2806836778887307	-0.12750447190560626	0.6881651622451725	0.24088890583881967	0.04259174811764205	-0.07222261684974766	-0.10959816137006777	0.19935463528764186	0.7173197859481746	0.25005302029854687	-0.4652890476429737	0.5821558027005854	0.16843947452731392	-0.34506345646155073	-0.4358106982705159	-0.6970077167571022	0.4370143069574068	0.3500964243644234	0.0926657063742816	0.6283858168665424	-0.18979325654711282	0.4415537673056119	0.3245346697917528	-0.21246352015215633	-0.28414703008793396	0.3373276319585131	0.5372823048916084	-0.05198263075546965	0.03832149525724205	0.11030704910091174	0.2568469771210369	0.030028744207907458	0.12660809628128503	-0.2356833464032162
DTXSID5041437	-5.051379900424985	2.1864645359953427	-3.9125986240912134	5.590655146783756	-0.47804868275086687	-1.7889394693718308	0.899115991695061	0.4090986947954946	2.474513949770218	-0.14176721537550532	-3.146055597772576	0.1071536785303705	1.2259701638358864	-0.49484429531867397	-0.5403673118732897	0.5419789195468616	1.134907424849206	-0.2499514236459811	-0.7845105762387107	-1.4127056756938672	-1.0431611460762222	1.4142840988034229	0.5044156884825907	0.6268957705205669	-0.7796878009790638	0.6519221365778216	-2.1853520820073165	-1.3283215603437337	-0.46812185153653063	-0.478852041947268	0.6871203481916001	-0.5433763523580782	0.0009246901168748897	0.27874615260846597	0.7450150312239064	0.34215604862814325	-0.11154051244529929	0.5086428488814663	-0.3198813729116482	-1.2748121771507654	0.7339423886537878	0.13606562363471525	-0.18172036411031436	-0.7148009610177436	0.5105895752059343	1.058654893864099	-1.4697363037990765	0.7452132964031318	0.7817753370877212	-0.21812789729396242	-0.39586291325599354	-0.220583987944616	-0.061991102344169914	-0.5054770489708597	-0.5757817830753211	-1.2950430005335876	-1.0748612023333413	0.46134396281257356	-0.17556463652777535	0.9462980133567991	-0.41540837713189155	-1.0690276543912096	-0.4122073888308204	-0.79306458421961	1.1165423876082479	0.306007056653871	0.5261278553775274	0.2595798658934462	1.9831711751121937	1.0569282199132153	-0.3727547686158039	-1.2026104880174096	1.1133385471484119	0.24868827058568585	-0.7458615849567314	0.5455774119604554	0.12552878140443668	-0.1786916467434016	-0.9111977728190224	0.1345064191919842	-0.38502584772754167	-1.4532810592383367	0.201605379034445	0.36783500995236523	-0.48292715425570165	-0.3128863718669403	-1.1345360879262114	0.5866793950856862	-0.8180276595514699	0.27064243611399047	0.912969646311735	1.2000968647094128	0.11810533783706835	0.30169097019626606	-0.11819159838194562	0.303111756888807	-0.478651915338388	-0.04851736125144577	-0.593706036469517	0.05711974665943493
DTXSID4048987	-3.264976629445518	-0.3700335825413784	-0.5145748692779559	4.566310380129335	-0.18184493825024883	-1.54998160671252	0.9470731094023324	-1.8142491789628257	0.36899517751848937	-0.8555130209205488	1.8913657245891364	0.704584603535411	1.2897260642012829	0.033186252421891736	-0.30136585125426674	0.5511028978847767	0.9457235585481139	0.1808731973456287	-0.0032420425037437963	-0.2790749723249837	-0.6363906640048012	1.5543340670601278	0.35734349709338065	0.5512940147740741	0.20925355568209628	0.016928154612740533	-1.3078817728540126	-0.840906531390564	-0.51965512294777	-0.4694493383193575	-0.204614965066264	0.0676698731167728	-0.31887050888598595	-0.2998250101744059	-0.4305003076041112	-0.7967162977532999	0.24015977700427468	0.14857256523291437	0.16996131877340742	-0.8060015114399396	0.8787581834118439	-0.5405640176099168	-0.3023683072814577	0.116755264271058	0.5661860265478086	-0.10204857368828933	-0.6278496506621978	0.4317322763081013	0.29924851942359926	1.2606499835418883	-0.9161136525364918	-0.06125375960047085	0.013034904720950992	0.019220443809242493	0.2703231280782728	0.07576057438464254	-1.1825964745601365	0.13167367674059982	0.4472421933750097	1.4972455212475821	-0.5854164300526158	0.020919932312840294	1.17855494622126	-1.2976787315849492	0.10550325353178971	-0.30870637751968927	-0.2344048270764398	-0.2948248080434141	0.7648648851774452	0.13843432184900079	0.07939672578914254	-0.5921364322915486	0.10909459919864327	0.5923054741567932	-0.36119173475787	0.2030994908547361	-0.45576513980076394	-0.8853559858064739	-0.07854641198760896	0.054265121561763455	-0.4781838246989962	-0.00930380631209277	0.276657708137511	-0.3082346012530339	-1.0284792083482353	-0.35886014115273496	-0.6993677844425931	0.0903571324245301	-0.08540528557551756	0.3074718900852045	0.5032753182649994	0.5839633631815122	0.5591320813945766	0.3576531824454662	0.10522787456977643	-0.1677648336291523	-0.6651536876342578	-0.15523997669185005	0.20719664275132957	0.33428857997323586
DTXSID3024998	-5.4598068389540755	-0.7957178413254457	-2.1161733133387832	0.8124310294475042	-2.559898822058058	-0.8414273212315139	-0.5064619514688795	-1.2517544770995546	3.3101092229043134	3.0636277062448514	-3.6933445370550513	-2.9067015632305657	-0.20641312977438706	0.4711582513566366	1.0971057275973606	0.30541706208390007	1.1923086462682726	1.0210259999061309	-0.19916616255215983	1.0515679552205155	0.1750319307301452	0.5437992766558802	-0.12204784627658796	0.29838801047946806	-0.8436224362639525	0.751132616747242	0.06696356167438502	-0.07534657742982019	0.09253417786983888	-0.00409588897155156	0.4905636336458247	0.08753184662127898	0.03991549543161766	0.04717154953812514	-0.07388245804911453	0.12631320701354182	-0.2793774711391719	-0.059067674405900654	0.3083786453245454	-0.16219021826267585	0.4256896099164794	0.14365163631879613	-0.2539601021241567	-0.09118410251484768	0.21783108302826032	0.09047511495765746	0.2084608901645622	-0.050963761509092494	0.160895223953341	-0.1493675388483612	-0.36950002843513585	0.23665147592083152	0.1458939216363098	0.802153368710454	0.34330655679605576	-0.22861670331427855	0.4118791291078363	0.04511789235160777	-0.31547511536540834	0.08497289616477785	0.3481852018700222	-0.3149148747235726	-0.11133961592207386	-0.6312956946040594	0.42840379165659737	-0.14679265419409093	-0.022379682797241954	-0.17928426705732983	0.11976317336753177	-0.05140532267023331	-0.11954475311361563	-0.3231998015240263	-0.04100529036096986	0.29459085509059907	0.006013879018915848	0.5730391129782479	0.18309487047061992	0.3457694359508877	-0.11073696671850189	0.28762313620445285	0.10701462449051367	-0.32218956310155994	-0.30027187537971833	-0.0648694991596355	-0.16019771048091597	-0.031230473193945747	0.22730340311194117	0.2591561055875201	-0.42323159924581766	0.09385377388788659	0.04754001119235322	-0.24179679568131598	-0.0029687887184754467	0.05819015423933716	0.1211564477080911	-0.37801234833236547	0.5849572467537049	-0.503833967399908	0.056247849940441456	-0.8742900889954922
DTXSID5024211	1.0546527359019437	-1.0360059042067589	1.5589668563130883	-0.8676303328440532	0.06537968712259326	2.0191978815399523	2.1339680245297847	-1.2290801190952705	1.2454815487068884	-0.5045797971623961	0.5395742472147507	-0.4449350454990729	2.419907192187695	-0.048494889288886005	0.17988248643242918	-1.1978973087031395	0.12502347808976064	-0.05025107013495514	-0.47529498808739745	-2.138918829778709	-0.5610847939373674	-1.0581631324862253	-0.8651012184227911	0.143295864816935	-0.046900381071815635	-0.7254211269660824	0.7818472566280001	-1.6018977137205936	-1.0144383997070794	1.3206019676350536	-0.12205545841611873	-0.336335927692047	0.22599035958740965	0.2853723503625303	0.22876373870898356	-0.22074115043294681	0.7536566740201577	1.2490029598082815	0.281890252500254	-0.4379209817168423	1.4180992210783308	-0.24700258192047672	-0.8819347723538773	-1.0875415718878676	0.7947501069343382	0.4772095880063789	-0.16662928373358393	0.18061272395543662	-0.5213623089956073	-1.1152184453462781	1.3879227776316536	-1.7424785540881425	-0.21868243855012306	2.446096248483942	-0.9357195761943157	-0.3218067726223183	-0.11737766046309034	-0.2070415505756196	-0.6959999721720388	-1.9053114177870794	-0.48544696184552916	0.2986272022935633	-1.4128823833526982	-0.13198693574527623	0.6165127641196141	0.9920691206406105	-0.5856547786865554	0.9334204907747429	-1.7361660532978977	0.5970092878533831	-0.8645242260770822	0.17549118244557452	-0.18208646958535255	-0.6864351707720155	-1.4073020703207562	0.495014144461006	0.4840226621465571	-0.5181934050379468	1.3965150506476627	0.09326426476915597	0.2479719473888189	1.1815342056477711	-0.9609617389746575	0.008316980889581332	-0.1098606399205709	0.5436217031018924	0.38555239860127216	-0.21715849614208027	-1.203822331236528	-0.18704553351083478	-0.11262355461649093	0.08519138913794101	-0.13970205494558624	-0.058539843871691165	0.24576125884904537	-0.2780631924938212	-0.27240805716645167	0.27175694330106587	-0.4945094139175953	-0.10522610361832424
DTXSID0043761	2.110519741186138	-5.54722094313646	-2.458143204790797	6.01204430714839	-3.150684246931675	6.107063933194584	-0.32861864800782326	0.6191229396008858	9.611870662168196	2.4898637385555866	-9.325909307304064	-7.505874275228845	-3.5611393038401955	-3.9812602832491035	3.3052992734373214	1.4733298336057945	3.4132606739781126	2.5183760448970247	-3.1839592610564353	2.7034814552766333	0.8849848493248282	-0.750485318144306	0.2231210943138327	0.6384054644035543	-2.4444580579956745	1.8893043980728965	-0.837081202100588	2.297398306617136	0.28824016886407866	0.7343235188125548	-0.4414689550451435	-0.6330502667642149	-1.3174703511691594	2.126716201945743	0.34507166120939536	0.3430913127762946	-1.031743934774476	-1.0028328455461284	1.1051128549338878	-1.7621718428908233	0.9795035626026176	0.10106641728068533	-0.360214617150469	-1.7382589241281292	-0.05293715825545061	0.0003808710993617147	0.6753882302750374	0.38989254314255806	-1.8274197859629722	1.7831382698029448	1.30425916785301	2.0293187426044974	-3.0720177547279537	-0.623806312135786	-0.757570879896487	0.5971470835744188	0.6901811886320278	-0.10622268722592053	0.3879524171865232	-1.1287539614507003	-0.42922285754010675	-0.8808096876493215	0.9701525119217128	-0.38221404163993306	0.6559898847141175	0.44655649949578313	0.5632022659354085	-0.21717079250628474	0.6418659876766775	0.21773053128407432	0.9342029206270883	1.3596998264735836	-0.5377431519743009	-0.7444186251872352	-0.9050706384406076	0.6470430136054086	-0.4042955573746381	-0.17693219620207432	1.5492086647344994	-0.0627340295636797	-1.1297661406592703	0.39246654842266104	0.4326712410919211	-0.8394100744214845	0.06733098900518501	0.8021487168478025	-0.6862248857037359	0.2960780606959273	0.06062784890232157	-0.1614470119048639	-0.038062370714706015	0.31553517949283055	-0.5792068533000363	0.1299338414512157	-0.3443260995116615	0.5216795642416264	0.28884721765346394	0.18258270356296988	-0.48719992647408716	0.0273397653636149
DTXSID6021117	-3.4113812825076577	-0.6380518682066848	0.8391998691916709	-1.0778636455153086	-2.3172224391956404	-0.24926272095891763	2.4252557799886043	0.8048590421604345	1.9198033193540431	-1.5201277186369062	-0.21938291456056858	-0.300054948909989	2.2803485455690136	-1.003505572657847	-0.3825331152055629	-0.14375034255713157	-0.31304544102026693	0.6278800135938828	0.48139313114937315	-0.1375683234932755	-0.42447314525562446	-0.39853909911611984	-0.7944879472335779	-0.6883391638498634	0.3311149179085428	-0.243496514453541	-0.11396068932180656	-0.7375146199799555	0.08602561347371822	-1.2582636661152382	-0.405848917743648	0.6015829654471017	-1.0055013894542284	0.10145480283535807	-0.2295662009730673	1.0616155660561928	0.17606760843096564	1.3641396568287738	-1.7906276861269301	-0.11378055779301384	0.19952338278269002	0.9879378782814673	-0.45953045325222025	0.11994413368404852	-0.007086789778349624	0.9579478799615435	0.036541327584481136	0.28035999798912103	-0.7241486818437073	0.5795146015950737	0.014471970572701647	-0.15920535341676434	0.774297004672927	0.018596473403013947	0.9023480897735794	-0.10339902436386537	-0.10557495093874439	0.031178347237645725	0.21394695694810714	0.41718140842177925	0.09619409474599024	-0.9365064502943503	-0.4938563672228411	0.16679701169167516	-0.2407221799912638	-0.8133983817827761	0.32315880908641753	0.1935957219739518	-0.23033423111853257	0.04945445696232166	-0.6422302456316856	-0.17849313034811526	-0.3751562422443949	0.1952730827143949	-0.291597567365297	0.6898509198405874	0.49158437983164055	0.10040249393529092	0.22007689376836653	1.0043633549438329	-0.5629056897573345	0.19001726486903875	0.11619230265015347	0.611556689643843	0.535544478374976	0.15653105344567547	1.0658120460394294	0.3943152924816401	1.171391061707285	-0.23503200743714436	0.13457696338710246	0.21750897706362857	-0.8563794222960798	-0.16854914297373802	0.04267611311828634	0.4699162068538635	0.34487850383869967	-0.2971660690076919	-0.23540963183392297	0.7367502535850778
DTXSID1041891	-5.497002429062226	0.23127890700713977	4.052643636307216	-2.105671968264759	1.2604961988674641	1.3782304463316908	-0.1535228115094811	-1.4443682174031596	-0.6910262894035119	0.16103943372012827	-1.8449461058709204	0.3776780590748981	2.402666984750119	-1.01017700524132	-0.218979428768466	-0.1969339105443585	-0.46776522794370123	0.11421987711325765	-0.8147013649199655	1.1283296518749648	-0.22378576714514276	-0.20807189864765108	0.7412509914724013	-0.8375260609619587	-0.4388823113602734	0.06564201489065559	0.05307991042047562	-0.21409778899569087	-0.05004837489563371	0.16015701439715657	0.3790115310653083	0.10724197479144729	-0.5668005786009551	0.8369410072321589	0.4700452922259379	-0.35030276487535345	-0.08690741955428606	0.20518240934271723	0.3041531446557572	-0.1214678514148811	0.16321061655672545	0.344383742476416	-0.18580493837446507	-0.1535499076787845	0.5648111406633651	-0.18990532812664276	-0.10352342535274585	0.43617018562953536	0.10783110272475543	0.09103967319037004	-0.22081435530908256	0.09173116281288717	-0.1314677453099036	-0.352719874488206	0.45857899711755945	0.493572102353053	0.15421071905165526	1.03530030463563	-0.6153698477867274	-0.4289275789100039	-0.03395644670829667	0.44109978824068297	0.027102620690480906	0.7461420103959506	0.04960150438882224	-0.4159281783846627	0.4918625060714401	-0.6415979818386236	0.37251300204608195	-0.5195813680738424	0.613063085622038	0.10442626820952126	0.4559915147805304	1.2893410905153448	-0.4278017825650915	0.6746808914382938	-0.08845322515973632	-0.25863893871821436	-0.07696679771548481	-0.12605341991481997	-0.7836778469821436	-0.7772867153556653	0.4254988475961058	-0.1715866366454086	0.4772688773377767	0.38029767571692524	-0.05508279795738584	0.422011803890759	0.49871275130836273	0.15385510050115694	0.13471215328901384	-0.3051974967905805	-0.11388962404888629	0.7612420935889159	-0.20669721175010675	0.4516445413439146	-0.3169562750391669	0.33500983606535406	0.6312317018362281	0.13362292443093743
DTXSID2020977	-9.963977994919896	2.8462056684853785	-3.7614861679297054	3.1319548756923123	-1.2826078287295923	-0.5057104511573877	1.1371081931206013	-0.6031340873902251	2.5865326451411166	0.6756026107092994	-1.3539473813523228	-0.6799527916253657	1.1713238823151713	0.5342703325852469	0.580242436261767	-0.2114101712793471	-0.25106122661465774	-0.676709048082621	0.4049777138909195	0.3255680610435174	-0.5735460713100634	0.09980321501791903	0.1575186389456662	-0.4207607158098583	-0.1906924256517473	0.6842134579418898	0.16415428117820366	-0.2896301332609977	-0.46889686552067505	-0.6705104577367922	0.09057573864064866	1.003185606136638	-0.10872667042144954	0.6264804882790977	-0.2442331585651552	0.40556275628183475	-0.09597299261298588	0.7233646901324244	0.1230169625392291	-0.3336095633826849	-0.13089156267509483	0.5142976354783937	0.17599444179418613	-0.6617448001735317	0.3809983524667523	0.3286033791501415	-0.1998872747295937	1.151814595774897	0.08356838452311129	-0.5485981353138977	0.568776815991999	0.34075033323495474	0.16282739989884057	-0.16500360221542942	-0.5858482713694835	-0.4252337880882746	0.29002241539867757	-0.7486833266873549	0.22580717954180687	-0.17192722166927593	0.23603720868944866	-0.49400421350971774	-0.8425632752620583	0.11165876954161798	0.381138783591651	-0.8190877830233947	-0.21769051399234698	0.4692039105010269	0.5079651550437875	0.36093543841330067	-0.07881919047852551	-0.17608487627529293	0.2151336478527463	-0.03095820829744617	-0.1602383042012722	0.5132961614666368	-0.1135926149987865	0.26926209442705407	-1.1553202432897067	0.2967267201942192	0.5048334178802648	-1.04046892193732	0.46714367079854036	0.521698386437528	-0.29262118877476345	-0.2640859502853418	-0.3372246729418169	-0.04094947752796502	-0.15341228429172174	-0.25704783312163904	0.21533386228396367	0.4821300198846676	-0.45833076431277175	0.05389926648953099	0.3061979090861988	0.17594306714521474	0.4666818005508151	0.14996804855857637	-0.502794550818083	-0.44701369747007164
DTXSID2045238	2.6307303083002447	-0.45232002289826856	-4.927578854704295	2.9369299471867008	-3.901749228755961	-4.567675559094015	2.2065214276269405	3.38264268982274	-0.517039716621664	-2.557808627833085	-2.5031458818802736	0.7388401284983681	1.2857960502056704	-0.5067562616172305	1.7769340936371045	0.6982961855192369	0.763519729043233	3.5438988116455454	3.030010884618324	-0.6753135639406977	-7.927436320685458	-4.215904166355614	7.9521180227993815	4.764374266088931	5.0621478575477985	-0.3349439397329322	-2.8643230019463073	-1.0547011221462748	0.5100178709014777	0.7330559148941542	0.7108763686022961	-1.3584163073859998	0.28356795019411746	-1.1972503326557336	1.0266881045705858	-0.9613271353626991	0.017959819393003368	0.45777081089232874	-0.004982199847198192	-0.6559040451819734	1.1472363832100665	0.9549428953453057	-0.15318210655549788	0.30694092475423995	-0.13490872961486294	0.17170965609138775	-1.4426591328362883	1.3031588756797619	1.4460773471674773	0.4308193846184412	-1.1935194990021312	0.24232635677889464	0.0959216951459276	-1.0143624436748582	0.2853584159021317	-1.106632931335231	-1.0438266368580584	0.5346932986268617	-0.03690383099099414	1.2535723580860996	-0.16189829221359764	-0.3095939909271234	-0.6519411914162562	-1.1349855179399417	1.2386102767784362	-0.28013621128252186	0.8809200428910513	-1.0662017934048624	2.154831604010838	-0.5877492939468364	0.018085977819248863	0.7227292921063323	0.12844514935321172	-0.29652696056342454	-1.1198323317876042	-0.6720729288125055	1.0299459526317056	-0.08137111751141177	-0.12115581209114956	0.796851554657692	-0.5959218825937669	-1.0768723598316219	-0.7493993257028798	0.023577511677029622	-0.6261293114819633	0.47624454934462274	-0.015758784269297495	0.689045708468171	0.43255461422853114	-0.31874499004753337	1.2646110150247616	0.7935767475395331	-0.6249505693265559	-0.5539113161735185	0.5796758050192891	0.3732655293724184	-0.43570206468609596	0.549248746032653	-0.3264546643846888	0.2432008553871516
DTXSID5046225	1.0044769160285	-4.664627976858539	0.7762568746382204	0.2698009602571248	0.25109836412617703	-4.412605599419222	-2.8170508192938066	-2.1413216854847805	-4.0825517196786105	3.9123468604874465	-0.6621124008242995	-1.4417361860394406	-2.990928036685154	0.7596428026994357	-1.9893208367951658	0.7563811586458786	1.3568971843820583	0.9049175719917543	-1.2090326817462154	0.6243433460678357	0.21691564153499338	-0.03137487682143979	0.02363796534829547	0.21318505379056235	-0.25953750688394994	0.7555002095948619	0.8917033767497802	-0.6066272435721181	0.4634993079886256	-0.12024299116018738	0.023205740990673327	1.2842655419443318	0.6267866719898357	-0.8350983972973514	-0.22301087200660397	-0.20547340907747	-1.790188876331769	-0.007669656903190168	0.6966767728148118	0.4638204728250571	0.17818916250102554	-0.6663284434471363	0.2954995378185218	0.24359512640458186	0.1824298646914885	-0.4178386020981177	0.4825854288530982	-0.04581467406032949	0.7150484984993511	0.2318894324685286	-0.15085813790325658	-0.160167381576206	0.5340610947988256	1.544246935002193	1.2309822123333676	-0.8227648492745978	0.9078477590576717	-0.50966214236129	0.30367423722423353	-0.21685990830915552	-0.4351348335011661	0.5003090127773486	0.3001878290473728	-0.4751936315485154	0.48740886668247946	0.2784346497552343	1.505776446989589	-0.8977737743041484	-0.8628948010924432	-0.5243646576320042	-0.08604356892472012	-0.1485331294117136	-0.7276039701846714	0.7087344521781601	0.4172580243699039	0.31913175555695217	0.4632170974858576	-1.208264057067107	0.025920963028737094	0.3827022281301579	0.03556397570605805	0.8936452803274919	-0.23422181883448107	-0.11862665676456016	0.4180670527659896	0.2585462644459323	0.41824881883303355	-1.10410926772449	-0.07562242820528552	-0.039519471755786205	-0.0029049526939843437	-0.21163520559771526	-0.26083156179155104	0.34469125013583324	1.0732564487746317	0.22088070719314415	-0.7708618953756653	0.2152492756874671	0.027014513116865917	0.3825533113155439
DTXSID9020116	2.1691448378713525	-0.6665955115432629	-4.2691639529780385	6.246485817081964	-2.8197578877817584	-3.095568124170591	2.542879505756227	6.177338625087827	0.5577770195549241	-3.709412849302727	-2.0523783511802933	3.120572099471525	2.1495657409324718	0.04350473000584513	-3.502850653684857	2.739325774249263	0.8455253099575039	-1.6418820880857556	0.5261476827595383	-0.009460098661459517	-2.8445334145485734	3.6111533223228602	1.0445493309646172	0.21540716582063424	-0.5385063006971963	0.6990314628453483	-2.7132253051560724	-2.7089945225124583	-0.7313330725943553	-0.6592353817144502	-0.36075998605320797	-1.3468862781835038	0.10134656479864453	-0.8170439906986282	0.3259207648166464	-0.21363424057730465	-0.21244392364325063	-0.13944905853780412	0.03520811185615877	-2.0572720632261983	0.15639992760466942	-0.5727702660878777	0.743799759582031	-0.7759655932724122	-0.04686984306185421	1.2772827167824155	-2.2163906492115477	1.6200561606848907	1.395070859325332	-0.11489370693881718	-1.3334347826057287	-0.13973856388563918	0.22702516333722075	-0.49918552927442733	-0.20774096152286128	-1.7063425779452157	-1.0101759302718143	-0.2560957605961134	0.9298714747593492	1.8672673580441197	-0.1925948661822311	-0.14645174131212577	-0.25851479328450777	-1.5124245901729583	0.301755087398476	0.22139145642857486	0.08123418758570022	-1.0150709921162848	2.560468892166197	-0.4280007667435784	1.0184740233392326	-0.758982057170249	0.8481819438986145	-0.24933556580711624	-1.5869726811309328	-0.3666241458768731	-0.0719487244012603	-0.6666921035819198	-0.7185819248014018	0.21548364789329597	-1.0849343456408276	-1.2374413226083651	-0.9530368102403916	0.34549903585007524	-0.961237423491191	0.018742601575279308	-0.9734129874419958	0.2008017913867842	-0.03533172873543366	-0.23542373620904267	1.9081056673095373	1.2695757959890965	-0.15114347434433423	0.18870247846667368	0.49957918370920457	0.9299452268984411	-0.3223678935934257	1.0534073655743572	0.36089131010391773	-0.15907743859022924
DTXSID4049325	-2.131471264399349	0.32896231211096166	-1.9932723945128101	-1.3886510421841325	0.3614000595613512	-1.0642187539976018	-0.7704391899399488	-0.5478614021360506	0.4252429593296794	-1.8526254710061754	-1.6500057399199648	1.802209600874664	-0.6070177634557096	-1.7523177154586265	0.3945070670867535	-0.42098674129929137	-1.7206733057052535	0.2669957193222996	1.4439839547595044	1.6808400779680304	-0.34569153100332745	0.8778128433790515	-2.7605870134401496	-1.1546862930472654	2.331855365657576	3.059808741335745	2.510008963071499	-0.5801262974892175	0.1373525899190351	0.6245488023375658	0.34216282404710197	-0.003291394513947202	0.7317865255562539	-0.46456120203848417	-1.1654373357674814	0.7290723690944317	-1.1922027433129103	1.1025821111426262	-1.127901761086854	0.7656625768424768	0.4775642962164479	-0.37391653398922414	-2.394013259797891	3.342002360453171	0.1903624709479314	2.1081120857162388	-1.0375628128197238	2.492492593050999	1.9345320601195541	-0.9036788754646379	1.1510074422121659	1.40021275358535	-1.1929656558566677	-1.5723753793646489	-1.490705347075365	0.8700140955749889	1.3214955189112731	0.22736003867234286	-0.8176823199354897	1.5024241088074366	-0.9711541374282512	0.2682048551066282	-0.8546983286751534	0.6583198595412505	0.9960470172053869	-0.499498037107961	-1.2537227495179548	0.10932782871509311	0.4450673233662537	0.81331310229929	0.39819632906767144	1.4229946142961087	-0.4704595399131692	0.8938386557800121	-0.5796061674833047	-0.00019256768551699304	-0.4998518240008228	-0.07404413231491877	0.7050208642037923	-0.8576644200451722	-0.5637853714027942	0.4113077556403271	-0.027877811444454892	-1.0728815418838877	-0.41003136573224225	0.22677740112325362	-0.1409519505121184	-0.2317371237914685	-0.2287901006413939	0.12892588207080238	-0.32232226475896936	0.25021748574498726	-0.9442473692687827	0.752227160850204	0.7717767975423517	0.43714986014774404	-0.9184877834277166	0.26359275012282196	-0.21707459045316457	0.3951829676932208
DTXSID0024052	-2.355294861791913	1.2470960149574406	-3.570960508068499	1.796280027759125	0.18232416542548768	-1.557258641172322	-1.1376427520843813	-1.519509816090166	0.18993134403939319	0.16472768740020097	0.0896027301731995	1.7669464396248011	-2.2540151948661324	-2.3768913338992768	-6.3996194971547995	-1.9080774374582439	-4.3993132414420195	-2.7842810991848785	-1.6143730901007203	4.531876197333503	-2.1939976665706244	-1.1728043332402003	3.3594112400788503	-4.134584999553376	0.7406001794423241	-0.1622907676929303	-1.9845414665615446	-0.537461859721209	2.753707057352157	5.432601712543317	-0.4150849426561602	5.101695730020069	-0.7564450096915251	1.2374540613807195	-1.4686026390408526	0.1351981709708473	-1.4129095668765537	1.553521474157763	-0.3818114651087869	-1.5158566586611009	3.347013371544674	-1.378071243311081	-2.134224822047022	1.5428596244630093	-0.6632365642107617	2.471389929282114	1.4290625821029508	0.44409464341293436	-1.368466467858465	-0.5303060298222172	-1.4254084611810964	0.036765542153044915	-1.1504462429596156	1.141572893404994	-0.0937407113825206	-0.016485255368539675	1.4896516146546066	-1.3157088314426657	0.4684711071533947	0.14647853763143195	-1.530466842086893	-1.5543995863088755	-0.612759877511755	0.07268748374600413	0.4891137379231292	-0.09507606684771155	-0.24001464135936754	0.07005289480577351	-0.02458665919407903	-0.6626012330331957	0.1617173355925667	-1.1709367044534629	0.10612683708220842	-1.3360738814775148	-0.8079353542985394	0.4365013934076675	-0.004776431818918321	0.22995648367799967	-0.27285613824821625	-0.3430953019163924	0.9009248520679869	-0.02922994458513027	0.2473625986146676	0.9579876782275202	0.5444077913391434	-0.1743687236915799	-0.33852372703634054	0.2088716427396573	-0.034694143782271314	0.5546722509410215	0.34838621922435525	-0.5650156335836196	-0.43119203440171067	-0.14178155621719754	-0.2658393788660485	-0.09180450546786599	0.21585649549003488	-0.12961607206653514	0.006184842735909845	-0.4814947093407852
DTXSID6042365	-1.4836250247053369	2.2304462090208492	0.6292792150267154	-0.8616967929492642	-0.2628783241812903	1.2690479693812022	1.7557506877899336	1.3776000366116672	0.3809997130563693	-0.37634137290413916	1.204236550582025	0.5347030579096079	-0.6667843147983287	-0.21722412772892252	0.7830200378500455	-1.0780240603593063	-0.6577051253229641	-0.028178335527528214	1.2945538572297206	-0.06554630478952764	-0.7778681445220504	-0.12230737367068739	-0.16941257061141027	0.1222201703839702	-0.8351769445434843	0.9695529796923824	0.9349819404081882	-0.44905173468817344	-0.3523697108613013	1.0797679298199696	-0.14988837901834584	-0.645462686225564	-0.5017951686877197	-0.7227218720007931	0.32262417905573804	-0.18079740304300254	0.4664356844430259	-0.07169234779597995	0.6417002042410996	-0.36282126565535167	0.1670379057698414	-0.715655641400325	-0.07253022074384437	0.25156545408246944	0.6637229016093215	-0.2771559023033252	0.2483232451635489	-0.4181125632205711	0.358913299777759	-0.5717485484436028	-0.3907566412019049	-0.4594087544782157	-0.1643494010759372	-0.30477331176421135	-0.014201501233583167	0.6383064093701684	-0.433389816053141	-1.6516821315314725	0.11176896829591762	0.012137972203548505	-0.9472700375730687	1.0830049467075584	0.11735117348392786	0.09360134323066809	1.5542530775363161	0.10030868726730939	0.49127746357226787	-1.152813181675885	0.7086042242311928	0.37792639869654954	0.8010193092568565	-0.4651365922094418	0.6636033330127791	-0.5353546789171395	0.33394876817861385	-0.717939046972084	0.5156439148522276	-0.19850367959275103	0.012654982196805322	-0.44130356291043227	0.684949719017596	0.4617461617815906	0.6420903741137665	-0.1780879588266485	-0.07172689985549412	0.29645085577635666	0.150005043474715	0.23518460573623465	0.048513662698638556	-0.07984133676679181	0.06768622724319563	-0.717838636725787	0.5559752423488051	0.9695167413641728	-0.6215326514631815	-0.1262178152613901	0.5124959818129043	-0.3014781839819302	-1.0662679328724227	-0.43603408133087923
DTXSID3025629	-5.721831782040871	-0.18326347905520382	-1.2010883276866897	3.9568255020015664	-2.3261651610833955	2.103082228728325	-0.20914507365167512	1.981697763215113	6.920606926082057	2.211231269298455	-4.3050570177496486	-2.414045825381228	-1.3372003345563517	0.30913353539640653	1.6015915451419793	0.2942966954531693	0.14400690451160894	1.072439775431591	-0.28012848793210193	1.3791955041776744	-0.5665354683816156	0.9040138822457298	-0.165639808862541	0.8480628361544605	-0.6655356425378157	0.8690685079559961	-0.004347456801791698	0.22569788957613232	-0.0062685380343865055	0.0825094910648969	-0.242822823568035	-0.3895753825676024	-0.33665118932593563	0.36222763906475824	-0.36553213023012	0.259212558420165	-0.08964623868937267	-0.24902301975697833	0.06373646908939545	-0.3906492443172718	-0.26205417613642623	-0.3300394334311198	0.06478993016005642	0.22785686081912537	0.2206812778707995	0.5488089158147778	0.3350600317889756	0.3217078017094253	0.12538990343236028	-0.08366427454743117	0.14801772090732884	0.7878741213411713	-0.056553991938341326	0.18677112594794512	-0.5375282303357384	0.36021044654140877	0.06186009082653208	-0.15340430662042037	0.6477730024275665	0.19232015182432177	0.3317978986794277	-0.15282170221265207	-0.288664482809537	-0.1845833500099307	-0.45891072633037344	-0.2547946352332584	-0.8100377276685177	0.21343554819067329	0.04084740112456588	-0.14987063682605556	0.12954362438023231	-0.15266108062402364	-0.29193742703549735	-0.11951287825412561	-0.1645630990103353	-0.07748398096041008	-0.13967484540032787	0.06286409117971635	0.1802295076897677	-0.1800718810682005	0.16714297779319381	-0.04151015962238161	-0.12181613912235471	-0.11994862729176015	-0.15299834786186867	-0.34277090650719527	0.011344563027464435	-0.027396036112112304	0.016897868163012437	-0.09698035889385043	0.19578546726777887	0.17924396329226802	-0.289817896610721	-0.01922966337623455	-0.07837450525054969	-0.07939003704907074	0.024960546297056782	-0.12198752528106631	-0.11905044865975876	0.19601373057312496
DTXSID8028008	21.778625851182717	-4.613095365480473	7.646056000943156	-1.7845686768229316	5.280112336799013	-2.033670996397507	1.1597128029415047	0.7904131878456712	1.6974866591351723	-4.621106041617701	2.3744140812233128	-0.4924966179890053	-6.058059472588786	-2.952421061743641	-1.2421776442263828	-0.27579799129466653	-2.316021440151052	3.399864131748243	-3.7284665343096886	0.5590305622063126	-2.242180184909704	-1.0678436030614553	-3.1405388367772913	3.1053465821692883	-2.0765704139821617	0.4917320670340447	1.3941099910902794	-1.7477319221878005	3.9331765061727793	-3.6787657922831225	-2.102195430808282	0.9111722141166119	1.144469114978299	-0.5056326050311332	1.4314282505928162	1.0879428703251592	-2.6987705227535774	-1.1818118464633898	-3.1154740951465723	-1.1480241807859914	-0.7909034244070783	-2.23085955694474	1.9804287417369124	0.3354619274573475	0.34239225412987967	2.256793680373957	1.9425106028929444	-0.5858486161964117	-0.22066611137847314	1.266659429380779	0.9919434154586839	0.9009783490507094	-0.6191515558804473	-0.8110020965757042	-0.06327262518402148	-0.4373344029651677	1.38436191941338	-2.283882310143412	-0.9481098172638184	-0.5315103832026551	1.4198270708957932	-0.909948430036142	-2.0753436127134144	-0.4503766545355876	-1.390415071535722	-0.7779243982039833	-1.4772529629794033	0.4098258950191234	-2.219406623501654	0.5587713067418332	-0.2613854657030201	0.2579739171639318	0.020026924594218582	-0.2118486137143501	1.4036109714005665	-2.7735910954024128	1.4246084118499027	0.1802380415059281	-2.533454713145753	0.9932676653791488	-1.6103319105841678	2.381540900225632	0.2186475135627584	0.7685500005910063	-0.22378962950115913	-1.221225599491213	0.13935206438517364	-1.294184510788807	1.6251911743578384	-1.9062691383481423	0.13486590991341937	0.07232913404945546	-0.634280251159339	-2.9850049384687316	2.2194693634017475	0.11166534691616442	2.884417597778393	1.3283645784792888	0.09160426885998908	0.2795150339662153
DTXSID5033595	-1.2042886765941807	-0.2769515468607292	-0.038506996696910614	-0.512381418582575	-0.8079774678839147	1.0870867934962234	2.444571488680337	-2.1152900912309645	1.3782843885150209	0.37888030704629844	2.850344589013256	0.4222930488159607	1.589604050251865	1.1936244991659322	-0.3926981807175503	0.25257836223521796	0.7400884662294627	-0.1112625928095535	1.2108426230369695	1.9761415245284921	-1.5564062424472522	2.3214143048523934	0.9739597624715215	-1.3789921872935487	2.0594384478606083	-0.30550904535570594	-1.486046330696351	-0.29481754896876294	-0.10178986828365603	-0.026152099237718423	-0.35868188485656816	-2.7390406267637446	-1.292612957677414	-1.3313275724351066	1.3877806320272696	-2.5689120579524096	0.3565429057476763	0.42353103316120944	3.3810467833120206	1.3317784603063365	-3.287118218043246	1.1541956513497307	-1.9102077408144948	1.3192304481575476	1.2846950476540402	4.2504419300112675	0.8152315757236462	-2.2668334229360556	-1.3931997071478024	1.2743690166679638	-0.02186577860122292	-2.6695613456512906	-1.4799839897283709	-0.6718386567319776	0.21110835142887932	-2.0975709360990864	1.3896251939371518	-0.82486821348053	-0.546462809255541	-0.4109048579520742	-0.24104488693828308	-1.2289257878628896	1.660815058552477	0.3754019470370952	-0.22574176051352615	0.11762866340902034	-0.025594714681099036	0.5720944785192762	-0.7376606959706137	0.675592340802283	-0.37897011271417147	0.033637601027866476	-0.760159453742144	-0.0883579145394363	-0.5446168142823927	0.8872610869792686	-0.32538402011689316	-0.13095579022737336	-0.5617206215090513	-1.1157489911512577	-0.7813745760335216	-0.4548956136287205	0.6251747963054177	0.20665886813452528	0.07893405775778434	-1.0107411358245149	-0.5563623170765336	0.7373690814767531	0.9703556351213655	-0.5095804731527139	-0.6367236156805481	-0.4646961287018199	0.4130975826472373	0.756309367072923	-0.022020706915986402	-0.17704891327589098	0.3462524270612571	0.29695431717168086	-0.07705283042763895	-0.17777863996526497
DTXSID0047539	3.3021516417233743	-2.033414438513675	1.241690405599564	-1.8974569109995292	3.1021717476373634	2.6948171790561712	-0.227105535875785	-3.419369042068495	1.6280809152773752	-0.35775525054343754	2.4700963343483737	1.2189717503833881	0.8041144083754694	1.026995231251369	-1.343483529693919	0.51682218446808	0.8249676529845654	1.5858076863332708	-1.5531317643487461	1.3958725485791927	-0.3943761556701118	1.0615012968667834	0.8599002204455324	-0.16582732431282038	1.6364674163008988	-0.2144003458382607	-1.263581136303511	1.165247510349089	0.3628720176296685	-1.0689882198510579	-0.4723184097357275	0.21384045456542444	0.8025824283654837	1.748978528758478	0.5012123088307668	-0.8498246696484034	0.8032031512131512	0.8580098311749516	-0.07911972473972609	-1.0619497394915358	0.5099865137334373	-0.35363407040254874	-0.3763692860564513	-1.5111180309567198	0.6182650816690295	-0.10777939174850973	0.018455222364178864	-0.015554061374643283	-0.014875579095064262	1.428427734582735	-0.17984052597212305	-0.02136272579562239	-0.6911075818844804	-0.8171157142720988	-0.2908764169649125	1.2621432368858851	0.14795839456149373	1.4146506683757711	-0.3151613239839632	0.07838602997352498	1.254185891104789	-0.1171139876079074	-0.023196342637777645	-0.06765598389726349	-0.4838776384021225	-0.36892639456229864	-0.41155835638736704	-1.0073990209050374	-0.3887463062501779	-0.04394340481452636	-1.1801536147502905	0.9727648605528475	0.4040046887518762	-0.63898637264398	-0.42636069009459043	-0.21911227188634771	-0.12251585143721276	-0.5710408336311849	0.33770022138195394	0.2981827998313251	-0.49765517888509353	0.20056128652364275	0.37420547826306455	0.16066320288007327	-0.002256365545054922	-0.4246722819797637	0.026625181348136805	-0.05187385336407424	0.6132892140032423	-0.4886514004624861	0.4720340583245912	0.1697949095710221	-0.12629484577046482	0.11388126414521557	-0.08610572308610948	0.33916523639095053	0.15084196204329917	-0.0012532404435683436	-0.23052095231903927	0.3482894996758081
DTXSID2021941	-5.377327288813932	2.037549077323931	-4.147489654812213	1.8765709107430417	2.3197172423399044	-0.5327580224201477	0.922031833418358	0.593344629175959	0.7643580272691416	0.32149279856733665	1.1840105171463584	1.7148495631818779	0.769974277984254	0.5131790895047632	-0.6901830583446794	-0.020390253106173203	0.9480545331084493	-1.0514263291112613	-0.16787445939919252	-0.9104997078788103	-1.0099293353437844	1.3903370809752065	1.301737913754982	0.27624224364425876	-0.1998518135331637	0.6334839614444993	-0.24020884333612957	-0.576407240294065	-0.6926821819572743	0.35855508715568285	1.600571353735864	-0.25426850303424453	0.2867158788765506	1.0601965774945208	0.00941343360736321	-0.016335127845480808	0.29828369693974066	1.1748913200572992	-0.4093623122269159	-0.9898692583716924	0.6936145749045202	-0.38344535965062526	-0.26197377322650894	-0.816833856307746	1.0330588054394252	0.27156758207448556	-1.472945419664738	0.6518152407017699	0.757389266176202	-0.500673464708279	-0.7028272443753627	-1.407882102132076	-0.5674527274281922	-1.2449763046912858	-0.9330800046469635	-0.16556867734008507	-0.20814563240883072	-0.07018652826698069	0.8230480864632042	0.36583147266378857	0.13598305283469087	-0.194160461909824	0.6488096058977026	-0.8365348442292635	0.950673999624738	0.5528534998994233	1.4708346317031524	0.05278605849130059	-0.044074842041108175	0.7763034598095242	-0.8761232570952023	-0.3293508481548229	0.010599872519792239	-0.23420173668389654	0.43714556498611035	0.537113573970969	0.2243280239134262	-0.34336298337577287	-0.09534010690043025	-0.7312662445708341	-0.9578644558521913	-0.4427427915686854	0.48273701774895034	0.009284405980178717	-0.3492564135891599	-0.6732819464864408	-0.4548316532488172	0.37520491684229407	-0.17590876801864544	-0.0596853346727313	-0.2975039475350761	0.8146224568002661	-0.0803555928795569	-0.12048319197076951	-0.21651926313259048	0.2176538007617928	-0.9067726013133556	-0.7824599474257672	0.06547654376691028	1.1628891829131724
DTXSID3038852	0.33138307542753054	-3.9149877168491547	1.9254914524590179	-1.972628896289177	-3.281551258908062	-2.861987356204154	1.1548545764202653	1.7578370438636202	0.7603099992981986	-3.5031257652766032	-3.2195096937350303	0.22114713530075475	2.1281822229494525	-2.7372994168487264	2.283215577330755	-1.3189997982781314	-0.12568611401134686	4.89392115630839	1.7757109139145195	1.624498294120254	-6.597620981563341	-5.506633383801867	6.268674474953017	2.132875929879383	6.931563588117229	-1.4466382294887714	-2.0337895447556105	-0.03022277424283048	0.29731435000194495	2.626826352364594	-1.3226651249741705	1.3789155991208772	1.2352857686515337	3.948049645680387	2.1153027319513003	-2.4808677090475566	-3.2284729674484782	7.680285438638365	0.5699186040452476	-3.620671242578203	-3.6550791960023603	5.074437338251736	5.472803332871398	6.435525047046074	-1.9297874819416254	-6.222589881135946	-2.1296390167641084	-2.109029591486807	2.4363985158463017	-0.5393632796496289	-2.014573885024994	0.2489850620330199	-0.2847852664719554	-1.4166412957492664	-1.8191684915493025	-1.7141973241789452	-0.6346195277745601	-0.179714785322481	0.22210488873648346	0.6610277197828265	-0.47248092705520645	0.8363338985362861	1.2344766157981903	-1.287074439137151	0.06760712224964459	2.3670905974678096	0.3343095147437064	2.4629882538574717	-0.8256811648758472	2.4497673589006714	-2.649819484252466	-0.11826752823070015	-1.9177813474976484	-1.7053228228464394	0.5164870442911055	0.5929050817463307	-0.0410650941621847	0.16049559262654492	1.8635310923180297	0.732327924395149	0.4506310582783888	1.0008847291271072	-1.1389457030693189	-0.19057015223246115	-1.8710643957580908	0.3295132168189079	-0.4261993530246291	0.9497833177094951	-1.800163790233605	1.1887276603679455	-0.5977690544012844	-0.5554533569271533	1.470112722079434	-0.7637995899011429	1.3007557400225618	-0.5581077905518835	0.003293528352967695	0.7371001850088305	-1.4610775491972843	0.2385806920030746
DTXSID5045174	-0.24638525546505405	9.456328947917582	1.2326703192967774	0.49326833586386754	-1.0158249070245542	0.4552932437534915	0.09051018833940512	2.59289425073554	-1.376629832029376	2.8173456694804373	-1.159757631984155	2.4127947270874963	-1.0705787829418711	0.4720379151442462	0.7227497228202395	-0.128119328873021	-1.3295849540157298	0.1349327563997915	2.0997959544124	2.7814725699025793	0.8671057570197875	-1.1275847665481349	0.1333738395148742	-0.3378798592105467	-2.286263471021894	-2.365170130995302	-0.3806543912668061	-0.304706871728815	-0.5095582941023004	-0.5711482439735122	0.07533492786287742	0.08878031130128554	-1.719079243382585	-0.4321370949271452	-0.7466263181295308	1.4312709637922567	0.6167785961931058	-0.30939109847502666	1.1104830652993607	0.7589567626627074	-0.6368761835367569	0.6659860503284246	-0.3269911733446564	1.063133991247707	-1.095107918155289	-2.7861876195997377	-1.6749095507561278	1.0980101371020472	-0.7286710865199835	-0.30565192503021493	0.7724827008183554	0.02139972935952831	-0.14156485937204324	0.37038418135259177	-0.29222108316360407	2.354542022902486	2.298070894200896	1.5696606195888523	-0.6655480808043462	-2.897185577249685	-1.794115153010544	-1.1921467230388698	-0.36148822573641687	-0.05442751046465415	-0.9512273446940758	0.03671652222545512	0.7012319096603095	-0.9115029889804837	-1.1012402593324893	0.9932582268542249	-0.8755172497392241	1.679009096296616	1.5912540999689067	0.8648958777264506	0.657305766702487	0.9947961965256183	-0.2962676459703816	-0.9127405229639519	0.3177355867665304	2.2276762508314087	-0.2309043092151187	0.6447727155125376	3.12463035686963	3.0596396732818416	0.18147481000665802	-3.882937511859515	-0.6842975856204456	-1.1177885680586594	-0.8695593894733985	2.4090521061049435	-0.871647376215427	3.6083373904392086	-1.6115933950041117	1.7829159151660339	1.602901405928138	-1.9882673735019734	0.8507449909522943	0.9838470866911562	-2.336432446702995	-0.5973776417192389
DTXSID5041697	0.7930960221419134	-0.9433063484391381	-6.623496822219367	-1.2213553416332994	1.138545612749091	-1.717131191136651	-2.2929641539275702	-2.125868823344827	-0.28717334472709316	1.7286713991529523	0.3391764947351749	0.5166737976616754	-0.689673661482289	1.6620533757488476	-0.9180005866815698	-1.543808581417048	-0.811984962309252	-0.12513620909148299	-0.9415438235214969	0.5431552814929633	-0.6903743638705645	-0.288325628949811	-1.1654510425165068	0.3705237026605609	0.133396496470777	-0.5601482600616229	-0.01676729599531025	-0.1706660873148937	-2.16007840539816	-0.34649565327955517	-0.10051884385939006	-0.06626305418826761	-0.23533950474523874	0.47110949565979643	-0.23026602625208592	-0.02649314389340394	1.0629126922753342	0.4658645968256645	0.8033840225403411	0.8801502627571827	-1.068311726315523	0.2931775948224868	-0.25466211262055805	-0.327495777465801	-0.08837479937511249	-0.6412918620766934	-0.9999139674925719	-0.550156591679447	1.2686215002234207	-0.4044722646427838	0.16339461849449094	0.32661927940740454	0.09894979003891997	0.35513526634434495	0.12372904604016666	-0.07579636230896117	-1.3351765311270196	-0.10385108104801129	-0.07476000268783466	-1.1603232310760354	0.7565137175550479	-0.5899901058115506	-0.4818399450406934	-0.3035280985948909	-0.024294661878185703	-0.7600633793450083	-0.36531865373031885	1.0303138079090635	1.5251130797134678	-0.1068005810365618	0.26875171362781813	-1.4596136595386102	0.44539167654465217	0.13926884512813945	-0.7259037777625436	-1.189136981876137	-0.9864786566445918	-0.3429731895489094	0.5221080798578931	0.18464500220223878	0.2832294160018127	-0.908640700583742	-0.6289162684343635	-0.4733831347558	0.17663765112855997	0.4789842004649388	-0.6056667345073088	0.8429984998586477	0.4274410063683317	-0.3819709035577617	0.2712321370230859	1.2903683493084517	-1.0206573825303022	0.353518677092697	-0.0185118065192361	-0.18839132661114352	-0.2992569704926982	-0.6863985537052626	-0.08416652169200976	-0.6996482676617694
DTXSID8023393	3.9316708790026573	0.8390858977763477	1.8534926657471311	-3.0813410687587615	-3.426906264803003	-1.3297204062439396	3.420448843330659	2.617824002396033	2.002123561166715	-2.8130099082237408	-1.072345173436408	-1.1113701617429315	5.131531857952889	-1.3269746161584695	-1.096626398573196	-0.7608536998347867	0.26444155990888674	2.1432435053346106	-0.04222698924646946	0.9570809104966118	-0.5958559366428837	0.7457730114072224	-2.833383483736303	-1.0382098833939652	2.2943043439324025	0.1370810070717362	0.5743268838887511	-0.4328952048653907	-0.4450497485213943	-0.2704554298408327	-2.7297463307976932	2.727035935646036	-0.610417558785899	5.2366806560729	1.400899051130209	-1.7362455770806617	-4.771524836648086	6.873710046256376	-1.2250772965503063	-1.224170955652643	-5.410151615318039	5.170702847127425	5.154124144027561	8.24642941804858	-1.2925472251892096	-4.170311617138339	-1.619206416398309	-2.9594992037875536	-0.9712584561818989	-1.8041062989388656	-1.0073296141325903	3.0128521212498756	0.5321035878593608	-0.2535166475781352	-2.228064357818613	-0.1762740855561479	-1.0434750518323324	-2.1740065382905533	2.894380980196603	1.722435809639959	-1.6124758770168224	0.09863866263904567	1.2061420679805746	-1.0451335504541628	0.8902555684825882	1.0521399631456219	-0.7824741650710161	1.3089085860865233	-0.10952858190105288	0.7671526801252964	-1.198095269176692	-2.079663611929522	-0.7036433543475555	-1.556751568282593	-0.21791345399882556	0.9465219391799884	-0.5616827746154692	-0.5469090199891355	2.5791084626370413	0.6956058879037416	0.7067361429923693	1.9748537795207601	-0.26696647646243155	-0.5132064067195982	0.3683309055075938	0.19084720079554351	0.30443362348911807	-0.27293689319505365	-0.3383772096804301	-0.6332714653808224	-0.6205011525509012	0.01070185878236249	0.47607065977489527	-1.282137892383999	-0.3189180296804147	-0.4450532678687716	1.2760042879932678	-0.27694335889828	-0.1494235013609092	0.3345911838104941
DTXSID0057623	-4.0865945020873795	-0.44691202968991184	4.121547779126957	-2.039748021398731	-1.15443721198604	-0.3106805510773965	0.07533438564184453	-1.1132981436622431	0.7023055160758231	-0.33613836022071997	-1.247424371774431	1.8649576684544205	1.1834639373702838	0.5356167478314037	3.3208216751842468	0.833446054681978	-2.5545571747578504	-0.15885074240729785	-1.5778132818122725	-1.6648526134381947	0.296272989183371	0.9187257634578121	1.5129888991010272	-2.3643158250089233	-0.16532632102703498	-1.1058326943702694	0.13894872942318107	0.5053008441038461	0.05485296877085372	-0.5989302806352564	-0.15493157145510889	0.1110065005904825	-0.28638501405460975	0.33039013572012654	-0.004581146657565354	1.2388845335861687	-1.0642606590860675	0.48869300448236763	-1.1138464880040957	-0.7059033494202621	0.06209270096863832	-0.9035928687250575	-0.14726341606909177	-0.4186760828473261	0.6450145510689742	0.6225521968545557	0.11340941886697357	-1.1684401488924954	-0.30438660962188613	0.3162278078456818	0.9434897117659166	-0.9423244926955283	-1.0471250094714093	0.3264707936412066	-1.2072619320366598	-0.7552572465641871	0.10532707554428211	-0.34666157541176595	0.4180497512609773	0.19559580773799548	-0.022085020840416494	0.6418935373620142	0.21037095862740693	0.31919127363099775	-0.49169412732557705	0.48293224621275804	0.35402357832813186	-0.6261427051602872	0.2411591665575157	-0.20006437851573391	-0.04657024168898987	-0.010884899131908921	-0.35549839878654227	-0.013751182562487975	0.7520805166528584	-0.10870472697974666	-0.03707627679460012	-0.47430343026858335	0.0764665641812701	0.6095611044799844	-0.21855793785574998	-0.5440912964718108	-0.018089353569535893	0.14863676436311174	0.1466923902126842	0.07069305290554755	0.42483560633457346	0.3680108210140009	0.6488038221714387	0.5632646111989853	0.257584209213548	-0.16731751909741896	-0.1143396448608309	0.4757438008361801	-0.08100346826125623	0.5633162811706057	0.0017843583963162656	0.0497702105961036	-0.15023065709729858	0.07135530376087101
DTXSID4047707	-6.261897629619779	0.7514157178583444	-3.119310911338467	-1.0022415369480433	-2.0394876691895676	-2.0877438172861185	2.802507876734599	1.3349445862358884	0.40005899613702667	-1.2478597389974007	-0.12335854601221856	-0.22276941568437855	1.9923960391845286	0.34537437034718266	-0.19496268934674169	-0.4753229309766954	-0.022987950785931365	-0.6294971880358058	1.3349880207139333	-0.819919615627789	0.580180537299854	0.07805664955503465	-1.5072493773209379	0.20892288437017859	1.2921608478061652	1.0859686002620375	-1.4168506615223424	-0.03056518047624508	1.2711732351024183	-0.3884867812380316	0.40822706760687866	0.39557803944313685	-0.5084618552306199	0.6889015154685665	-0.3379203941314725	-0.4813183619229014	0.922161604242991	-1.0096783143253227	0.7611809361765381	-1.2452531302951908	-0.4291485828131103	0.17343897774179126	0.30229242113928345	0.04695578388530803	0.11255252963455015	-0.680306048649602	0.9274379159383308	0.12765581276532464	-0.9502785764566224	0.438624239798265	-0.03710913416003038	0.6105969285104029	1.1213205406527977	-0.44771837587152946	-1.3833112853967373	0.2476478701135697	1.3578326792727018	0.9977003372186692	0.00312412757944287	2.208642616701449	-0.19348537803589066	-0.8421512762770208	-0.9449946949385064	0.009788981500766368	-0.5445815987622217	-0.2483877829227958	0.08959261225982748	-0.7064928872955677	-0.9927181306516761	-1.1132562766385703	0.011891174098714274	-0.7099860660806083	-0.3434029366777166	0.7271865793274669	-0.24871589868731953	0.6082016544103734	0.35917325082920926	0.3935747137845246	-0.15888030149651686	-0.028162840240628102	0.43190394442208435	-0.1300923584737218	0.24913630304775777	0.433658826367792	0.5795206764039164	0.30085005685050076	0.6100885963117385	-0.31541492663825066	1.0088758976839738	-0.6437094946993369	-0.41107956180154787	0.39640583239846156	-0.7365022083881482	-0.0387975513020872	-0.23103974850599363	0.3630707105356928	-0.31049229090488345	-0.004507490867655407	0.17423892220292614	-0.51153600369052
DTXSID0045705	1.8129362958061557	-0.12236731182867334	-0.19504550808243698	-1.460574296483014	-1.870952753772081	-0.5704003832063499	6.8664727962563585	3.7715808952657244	0.6405179677573024	0.4137598849455586	-0.32501626194817007	-0.48603658551961654	2.0353728079770455	0.5467493847374812	1.0157858716102157	-0.07563561439463995	-2.5064404414060855	-4.287227146343144	0.5823891786328067	-0.31652723363206386	2.445028211104409	0.38858266239815986	1.4881319840751561	-0.5025427547737253	4.658893524581159	3.77815426731107	1.5743344549988674	-3.280844425966223	-0.09043089004250111	0.48874444543337425	-1.8289585702878348	-1.5191855536574337	-0.24802582136325949	-0.8328833168487015	1.7329546552976627	-3.082791627669571	0.22574185459870444	-0.36975640014002176	-0.8992259863807142	-0.03019304455610674	2.165238325217716	-0.1219651169997048	-0.4970411104110186	0.06769224724682935	2.082926869562992	-0.49278246906557266	-2.7861938974629274	-0.02014433680304216	-3.749939208709282	-2.1280679546142207	-1.2142220794198155	1.0201825540810856	0.5768392656264844	2.0206894043673658	1.9696760071638832	-0.029616482211686865	-2.9267503360490874	-0.004766519567938157	1.487975741743419	-3.3198995007467995	1.603280708313896	-1.2264224388502798	0.29178714920298077	-0.11363920859870952	1.0586364526108758	0.6497088789700086	-1.5364972598797488	1.3983233047557448	-1.1029317982425815	0.517498291710883	0.3343137098458574	-0.28318800106682895	0.17672784120072124	-0.47914073681302644	-1.4161451665394496	0.8801684662030277	0.8115369174260912	-1.9613599626120135	0.7840246384235038	-2.0693363625559495	0.08530504194932285	1.7347960756667833	1.0733792570728953	0.8156237085674007	1.1498713036697885	1.4405747255657573	0.34671345266802506	-0.7413056117973551	1.1730409551461736	-0.12984982085156196	-0.47025243045037873	-1.191379524616515	-0.15460703557432762	0.39945532664202965	-1.5288538500895437	-0.46658178641484244	0.8975618410975523	-0.5897114765955696	-1.893603497273678	-0.936768662988938
DTXSID5045752	9.176856946601664	-2.423830937601267	1.0344910871551758	-1.7105968759668984	2.4823081370943583	2.16716673622061	6.011878008101543	4.708788434772758	-2.7545823194195798	6.124810803763457	-3.7984747461138655	3.2646981035850926	2.4128662476386316	-0.9355190515850915	0.21580185715490463	-0.45271610954234137	-1.7831792130094042	-0.24031695554131147	1.500874048889294	-0.0508423043565928	1.292609150212653	-2.073332234995568	-1.193822101210075	0.16556979922714915	0.7414385082198235	1.480258577175089	-1.4459462370381932	-0.5938574914776024	-0.5510552484537554	0.07643456559460744	1.6918149358861785	0.7761833794910095	-2.670760539334951	1.1302578584749583	-0.5442106729747899	-0.2328468073785628	0.35435821848619814	1.2642083221287812	-1.1098859597394504	-0.41308908484286055	-0.0966822858153355	0.33715268465830545	-0.38551379347141196	-0.6840803799217966	0.5475196492522759	1.4517161109150443	0.9656302276759245	0.43055081290961417	-1.5427983367596578	1.3990050281184516	0.11626486264662964	-1.2256817062853895	-0.8165961666072072	-0.3621951864593106	1.3955574382010605	0.9886413991222702	-1.137100897541059	-2.2154889587977635	2.8592339158632876	1.0302479985325406	-0.44209492443240417	-1.244411216517042	1.558158614800713	-2.4357500565739447	2.1870261568188076	-3.483834418859958	0.20322021003077775	-2.1056643326342654	0.7144573140447216	-0.8240860400525362	-0.005265559360730005	-2.814261969447745	-0.500505407190606	1.9022384319201582	0.565302147467799	0.08132155240963229	-0.5074732221257957	0.7526369429109993	0.9618493374448004	-0.4980869332877012	1.7991591233431186	-1.2674860474640293	1.5938521671422585	-5.810626201639957	-3.2610332407396734	1.7532579170848848	-1.359445222250205	-1.1703485572844567	0.6401474224342276	-0.2597655686101208	1.797242349772309	-1.0853009564611817	2.5671977019842043	0.12981239936675418	-0.18134371574309296	2.1895061172422805	-1.836438751348509	-0.4844125668248781	0.00844426115371043	2.4530786994346103
DTXSID1022897	155.96152122610278	-29.631274656826932	-12.447918020222628	173.8778122670936	43.20954482191281	-44.88662135711651	296.4598292179657	60.7129521075505	-74.49172739029841	347.912038638908	-113.16598258837136	303.16945858772976	69.27623059484051	-25.443687772035787	86.48512902345622	-146.34848458454974	-96.15967563191539	153.64217472278133	196.58790505643594	54.0109789302833	141.57980817438278	-62.807808579279616	-92.2207249976551	26.418940589382814	-59.98148146914705	-93.75497119253993	-58.76872399575237	43.72411691257367	10.679789232186769	42.82574658078089	15.00664062695056	59.74320953358936	-12.413766332988473	38.967759194265504	10.01470171499219	82.31217775618386	-22.552123972455345	60.16760846110669	-44.203249712470694	13.820542305609996	-5.955694929747561	12.556477428550155	-22.49715500615248	-18.743009430086776	-4.328278849979662	2.589397668340489	4.669844205737577	-37.51239570822904	-0.15391801578284534	30.4029844688978	-7.451274037992183	-68.67791043065168	-63.344350308798724	-13.064510105931676	-16.113599881911345	-29.76621697812302	82.54664551797583	9.284343165139838	-121.93954000052871	-41.90130602361578	87.18958256888845	-88.18290124013706	46.701747468463935	6.66533136128728	-71.61979064478774	-234.25102141898597	-16.39508951628568	-97.68480628291259	-70.8409700042676	26.916376622119248	-83.72261063297086	-141.2417323129879	-23.81489443211483	-37.189252664647626	28.98907631222197	49.56414843896997	-142.91347136831973	12.331037195676807	9.133879882175847	-143.3980717568816	148.96078736781698	-134.60083311436912	185.06891866348354	-235.60628521965023	-183.39536499766962	184.23107024379942	-59.64758222463753	-82.69406567118165	-22.907172572958068	-56.01798641863607	19.678411998272114	-151.94612739938935	54.04731532925071	-42.54142693671374	9.925252992748279	335.7059819359344	-30.400258867677774	-9.695481786673835	38.51303443325713	146.52167079412834
DTXSID7026285	-4.573047597725079	0.006622520934753775	-0.9449180111319754	1.8539463127368003	0.030958218869291215	0.9574907898266707	1.1644559448648364	-1.1228098845258707	1.6708546498564871	0.40122762099081877	3.3743655264968186	1.0411715043697118	1.2137037429698059	1.0239352504810892	0.6211515432528474	-0.034659771446543745	2.1771271688715395	-0.9812185666994702	1.5038870995792575	-0.4331442802750297	0.39763255263680847	-0.03907969104293684	0.7560030374996639	-1.5669867171588971	1.6231743999671222	1.2413879894985633	0.27845358921167623	1.270720800698059	-1.2179287390655014	2.5758248114960325	2.8658804258355284	2.9416578803550726	1.9826950187886538	-2.4171991744046584	0.9791662124332352	-1.9415356670262698	-0.1388790848200384	-4.116117615857259	-3.9913204200507315	-2.044048174908039	-1.6534207421453309	4.15071658712209	2.2517844226907147	-2.3064343394290203	-1.7802950378314677	3.1630045521169055	-3.9104191600260014	-2.2232337240058664	1.3966194475386946	1.0722688419891206	-1.233675706546937	2.4113542645193013	-0.46375818728834045	1.7888807832051454	-0.7603424541182277	0.6501123951158893	2.21527833823896	-0.42968741579598385	0.6589728761394842	-2.3930271853070373	-2.709497702126572	0.6360151878263838	0.07160091280825723	2.727375828717269	-0.06234379158180861	0.6679861218575464	0.6552793676580457	0.7178323828467558	-0.45645980993657786	-0.7686133489674029	-1.1292466699269652	0.23266924235588385	0.4253185624296425	0.549823860208427	-1.3228092118231916	-0.016290487885593515	0.6368073435075757	-0.7175654360027603	-0.11519886825529294	-0.43763668486820756	-0.11381193568468058	-0.4406903721748835	0.5434423543853257	-0.17250480960068054	-0.7843517598641482	0.18995441003027225	0.5986074361708504	-0.009674194503077374	0.46341900857440743	0.3275252230827585	0.11246189206049297	-0.20900783246672577	0.29269364826215155	0.18743431659009982	-0.012336895256496293	-0.22806753659975706	0.00031146995900185236	-0.109698833077962	-0.13700936590849286	0.3806783859211137
DTXSID5020233	9.470699394128552	10.699310915871768	4.208280654560076	-4.038189945232779	1.9302255004348539	0.38696876678965547	-2.3238025190507643	0.9290808237262647	0.22010241055672497	-0.5509373102831573	-1.497300039156484	0.3238610861810362	-1.3027159699137165	0.16685078675575665	1.770560891677754	-0.09823595111058114	-0.32458806476202334	0.803842454380311	0.4665661024783235	0.3703031866916105	0.9878692265265121	0.020991931514621583	-0.7087135256181994	1.0290605148039844	-2.2468230868629124	0.8734673762616405	-0.22572942302184465	-0.09327043150075891	0.3357277935744417	2.616507417786832	0.43038814276831944	1.083792083905111	0.21363380789645853	-1.9351982095104678	0.832213527050744	-0.7296792095294751	-0.7667700593200466	-1.7347184746473423	1.0533993295665691	-0.8807379125730946	-0.12669486463226182	-0.7630901531568454	0.08213412298475972	1.1178026838129809	0.13849598873242747	-0.6794195059223496	0.09659402902458562	1.1248119276852744	0.2799334500757479	1.2067708559485744	0.3353225133873072	-1.2004616452259032	-0.9779639778665211	-1.5183366762513109	1.5135854401641258	-1.537977559014158	-0.7251676406323521	0.47792455567482384	1.0025731028770213	1.2355904236104176	0.8257814439396255	-0.800936429172202	-1.4675647831605065	-0.5111027355801507	-0.47103628151142124	-0.04895897010253806	0.160802545582871	0.4606625904295076	-0.4173432407872023	0.44910429995028756	-0.29227167495132783	0.43856189745758406	0.20155866619182702	0.7251671761844358	0.6009280498984304	0.17897042578599542	0.294729418871339	0.43999859425483134	0.9642563298177609	-0.2542396164015977	-0.6968091999286794	-1.4723215467548234	-0.47055920507767657	0.1552483976767719	-0.3028813825114306	-0.617082716528602	0.27990513219645097	-0.6477322768588936	0.5109310703704645	0.29528704246700793	0.7762371963676628	-0.19205871658425894	-0.10451299466975972	-0.676260424810539	-0.01799810229835687	0.3384932508519218	0.03865800781585741	0.042485491902812665	-0.17119495652622008	-0.26981376563204557
DTXSID7020714	11.436510182062102	9.870187767020298	0.10623558326764776	5.24961445402655	-3.1249850582909233	-1.8210932379920168	-3.260231446950243	1.0282288779837878	-0.42758619818748206	-0.578256174706817	-0.7769985770994348	0.3963039150561197	2.3115197142322876	0.4353578282027971	-1.6820126655933865	0.6274323129586967	1.9941829227927597	0.4198338025653502	-2.209160297417334	-1.6386559558186813	-0.5630041858129269	0.882901707692274	0.35763558603458007	0.6480384127612611	-0.03755979491580232	0.680739420686062	-0.8532819895298082	0.4649302443537718	-0.08987911171304104	0.002395259827672627	-0.18586941062245305	-0.6209460395971819	-0.07148401299783368	0.6414673675443545	0.5267550930267333	-0.14632876363941488	0.08518272061101824	0.6390129578379662	-0.5651763575513318	0.9109437867449841	0.8781130077493824	0.014358068774679485	-0.43742927203851867	-0.6788747416257126	0.21790501099527704	0.2664838668175325	-1.4339696295786564	0.2248844259189403	-0.27971102207302856	-0.11813777955384736	-1.2752908762381063	-0.1296067106007393	0.21741299660018512	0.0313439592801569	-0.6783324960016734	-0.8379338038108091	0.7740689261705372	-0.6779441867725822	0.8883358871114218	1.1079619450097211	-0.7694709913583584	-0.025068430652636448	-0.04543330711858657	-0.08702127957109132	-0.03489763010982197	0.5013416331533235	-0.03209766376813676	0.11086227999521422	1.0355051598990932	0.02706760933947176	-0.25794668483999733	-0.36700451668033096	0.22410603825698777	-0.04607108855625275	-0.9094770754311309	0.19834621141385708	0.31571528316353287	-0.6443858293095288	-0.8799675289827202	0.10513008810569595	-0.3907289927205329	-0.6620083927149634	0.043280659683915694	-0.15623339534927227	-0.9405153376805819	-0.4724577771735958	-0.9387429363737362	-0.3126348178714819	-0.5862849805537749	0.09046509064442575	-0.3636468015835309	0.2930370171987412	0.3576765248182049	0.7956303279210214	0.10853169797321731	0.7964093393536013	0.031592443290400306	-0.19489561010219666	0.13111324415383027	-0.07670166684708889
DTXSID4025668	-5.39686845886019	0.8485906963162418	-0.5238553640337642	0.6033494054467656	-0.4360511182044762	1.2739755722669364	0.7611781414023041	-1.763017249417066	1.2519190031723826	0.0020739196099591873	1.7911206014278773	1.1159882154230802	1.7537385675319075	0.8170501698142111	-0.0367461197648913	-0.9936357439156213	0.30062847097005396	0.19545391292520628	0.1610945369396636	0.705492951590229	-0.38730266875472874	0.7434183062266847	1.0267888697612115	-0.2058311654825587	0.3176871858169588	0.49269855999523837	-0.259133226520724	-0.1404541048411571	0.1893669910474105	-1.5006412527058681	0.4767271389730471	0.5464583743905762	0.1928981238620768	0.29946604803720905	-0.06109741289869339	-0.19842772356334934	-0.19061379720664146	0.2501859760826288	-0.47798741399086303	-0.3641822728119662	0.15263250796326497	-0.6176781938839278	-0.36815344905839603	0.5319748459273521	0.6770281768502723	-0.08967159881267422	-0.23144267688350348	-0.6337779073950566	-0.014137618438988003	0.6819856898043644	-0.23772066976650252	0.26583955770550644	-0.6303143439771666	-0.04636717163569589	0.0013592558068089664	-0.40511695465168707	0.26016098628099865	0.897228262701737	0.09719445906784256	0.03664942772977655	0.22362223337248374	-0.3538387404539802	0.3667583935815575	0.9036182165267259	-0.6035225508377231	-0.29802411011881974	-0.4414133185567453	-0.020598921781321222	-0.18859783643617795	0.043098294536872014	-0.3806418220593548	0.4483435902118555	0.3591994730979615	0.07229973088539376	-0.6357470814530851	-0.24832367772521527	-0.007171486614996106	-0.1733640663121369	-0.1823561218302652	-0.1449628425508473	0.0229422709222377	0.15480422414086875	0.18872607616755946	-0.10282013522619429	0.03318862983827971	-0.29462628412373465	0.3541780162827405	0.17296802896533617	0.5119693592277264	-0.01737438142496167	0.4065855851173521	-0.0854064662754058	-0.21296512709298146	0.08264153191022452	-0.07709466651254507	0.1281707818551771	-0.02933151019654651	0.008086755467593658	-0.1433746516722056	0.05959199854351419
DTXSID4022367	3.7620346410245182	7.203557312576262	3.505533699691734	1.0107911164951378	-2.5830237662713045	-0.45789402655301387	-0.9030419117905211	0.4537062699736465	-0.20405403307724634	0.1578263195514538	1.2191993315094622	-1.1375042200907663	-0.4936035024157603	-0.2880374289457403	0.4811217133784586	-0.9952934710942318	0.5206190780593002	-0.05075611303102294	-0.24556996672568426	-0.27741304972230957	0.27849596587367725	-0.08906103578725302	-0.46154203325855275	0.32713062635827994	0.10624756055884778	-0.4751412986558919	0.918702928146611	0.875815221543146	0.17639706711940523	-0.49678578671989104	-0.4239745258039235	-0.7546518677532545	0.49347095989210726	0.9712938831396966	-0.3014713132161964	-0.5861085765053237	-0.10990137093187337	0.28520745759325505	-0.7616619670645071	2.2293215713734513	0.0682524466027614	0.17665735182340847	-0.3116266376457102	-0.01919943628331176	0.050339746994699036	-0.4130702006579509	-1.0391101631299053	-1.2394415269466106	-1.2287317738056571	-0.5252182993143681	-0.9600414147650477	0.022517615870721326	0.10731161831219822	0.28025936131419127	-0.24055627074371402	1.7637249019276644	1.4204503777623816	-0.5353355781971281	0.01679366974235777	0.14996521176706026	0.3755960902501078	1.009862825294014	0.4294647253843808	-0.11416902644870358	-0.1987243351949312	0.025632090871226178	-0.8224831714231297	0.26464357284308293	-0.6972381724829143	0.13808839980875875	-0.16790222881743733	-0.08978376180923751	-0.06377959641447746	-0.34434129057144747	0.7008452717841951	-0.04087906633829069	-0.4157111095782699	0.7934114183201212	0.26088053854422844	-0.038854716612495496	0.32745488433117653	0.1954256966703272	0.0663455472592372	-0.024721883582065635	0.34401921667709817	0.34168551058219754	-0.22065745866835504	0.5150478532787701	0.23335244101760536	-0.3281722481320135	0.13763102250359097	-0.3162535847323757	-0.27302448418807934	-0.1459397489209632	0.05041116333512417	-0.33659655119418425	0.041585715661507795	0.3169167278301756	0.1305461386692801	0.03241079371399138
DTXSID1044514	-1.7869290113668792	0.79590496495753	-0.024723685770584983	1.1078450983205321	2.0270117165193193	-0.24839994255622677	1.1515383069397274	-2.3968053225335733	0.5145443157599117	-0.6799402427185233	1.4754370824596312	0.5867841619765355	-0.9305849270279577	0.34703709984426867	-0.08511571081944	0.23447726966661755	0.9801428718194223	0.6782992034663484	0.10167805336197293	0.47522157176670327	-0.11271778658725161	0.9177871144523242	0.05056494979302669	0.1416006175925585	0.844780504933815	-0.018786611291552624	-0.36250780353699563	0.43914189622018895	-0.11343459672486396	-0.2642853974756875	-0.39800959656114143	-0.1376884616294197	0.9451748837691327	0.005733802818689656	-0.06909763427950578	-0.6937286881658297	0.0820711504038941	-0.06141101138152721	0.3482763956610838	-0.27828159307058464	0.050265654899277826	-0.8401925420480182	-0.1516948063429395	-0.05277766296242317	0.2695605956212354	-0.6786230324272409	0.17724525867074306	-0.20893475244206255	0.09625651279748293	0.39442138479942707	-0.1664653417704436	-0.1527593146757751	-0.030515549790947095	-0.17997541978564222	-0.17825461493253877	0.8497687135427774	-0.5037160252416906	0.16470574859094436	-0.04606383635303206	0.39716711266202853	0.26280764511283	0.6999434686623103	0.3625140031268903	-0.3695671877543315	-0.3863875387556268	-0.48454227865357585	-0.4972521173139013	-0.3979451386423679	-0.31092929991443846	-0.11749895816432279	-0.28272538544889403	0.20663883450580575	0.19437752149195325	-0.1346815236783013	0.2099696687415718	-0.2714270514777165	-0.25558920209614283	-0.20973080923269433	0.1958503470987427	0.15295138486818732	-0.12010985861446578	-0.0017542007193848013	0.06830712254527505	0.2789410017246346	-0.32074938302811057	0.09579803857374906	0.0652367241717171	-0.014559831795065287	0.1396566314404981	0.18538212669090484	0.3243003804701973	0.07931174981621666	0.31248718365756645	-0.04380194959303095	-0.060023727015843756	0.009651844571833861	-0.14035754046805746	-0.2487950906303527	-0.22598929601265644	-0.043642305382520785
DTXSID8022404	-2.251324589909219	-1.8340695954604207	3.9671748402492435	4.3825313106236266	0.290432031083469	-1.2565368853348644	0.36267104430343367	-2.787117593255561	-1.1183091880599938	-0.07055207366810486	1.25527867026041	-0.39722034959199143	0.15056068763532876	-1.339419154438507	-0.7046699962032713	1.7594573849521298	0.5872329394159942	0.8908114458817943	-1.265063414679473	-0.566877111706856	0.22492705771600852	-1.1135815125153468	0.2759824711067007	-0.49402946894670446	-0.20666828691027983	0.36721926555039036	-0.3216936905615112	0.19693994629589656	-0.23322565434555406	-0.40999446373315035	-0.45424479825305786	0.874348124070336	-1.5544048743219239	-0.19286229352061438	-0.3747083818981544	-0.14960227251982486	0.26265564662474167	0.40187320808825155	-0.6208575752219362	0.6409928735503636	0.42334294600573613	1.5825611490093607	0.08402812138530494	-0.06726999505762772	0.11449166930234494	0.08496620222661883	0.8107690599485698	1.0528658767653798	-0.9273839818072386	0.6799157396658697	-0.9093336999153568	0.6465818455418632	0.9080875108373941	-0.038439119992464695	0.905412630992129	0.9837460805292837	-0.0012568920922530727	0.5893248165296068	0.8086624953907329	0.7825264294889392	-0.7491249806811378	0.5143820124834567	1.110921558379316	-0.6089579909830459	-0.09902937673960582	-0.9859630628455457	-0.07623891362014493	0.380581874746482	-0.17474381146653253	-0.020978251053095674	0.7789345540553192	0.15482506148187108	-0.9278343603348543	0.9682800589829289	-0.5088807903375384	-0.08843278968317972	-0.9459339711590578	-0.9067714577179651	0.0069217958225926204	1.1082066719279056	-0.30499369304260016	0.4254381074427062	0.06085715547162413	-0.8214113359291749	-0.6988152656626662	-0.03200280096203994	0.7862898324419558	-0.8138216321770831	0.2496497212148326	-0.017513132647356405	-0.40779966743953383	0.4011747717374493	0.47325906130302065	-0.39240806671192985	0.09892743421109326	0.2657487800840945	-0.15146470838337314	-0.5317318827064591	-0.018209672334150898	0.2453361110391252
DTXSID9052686	4.0931189636981475	0.09294978185838948	-2.0800186451733658	-5.140398756503557	2.376341344410472	-0.29445172762684263	-2.503449667097292	-1.5652352160775587	-1.140281848435095	2.32099324263054	0.11614271291840923	-1.038796261792583	-0.524979435108021	1.602282734114454	0.6535596830271251	-2.108706677310184	-0.42556016656339163	1.1865714630961977	-1.030890624266122	0.7597834784460876	0.21604748656104725	-0.07223415124374472	-0.6759620829330414	1.4430357235013682	-0.13510432492786817	0.027122093122073847	-0.08071203192939998	-0.1152368293836577	0.0834633708225436	0.4388372564467068	0.20072168689792572	-0.19235621770512926	1.4412730408339363	-0.9206781115020632	0.39680087543363035	-1.1150030182605848	0.05981650660030584	-0.9026753184681687	1.16799371481036	0.10558812167029481	-0.4040302858909072	-1.3374004643019894	0.7760923981836103	0.10162877412803496	0.2060192941361828	-0.7532329480336598	0.11596759959515844	-0.7571496403150626	0.9032748125319773	-0.2750856446187539	0.9075670525015892	0.30455348425892975	0.7382796953780579	-0.187417584607464	0.6582063123866981	0.8058715290493441	0.44573603691567876	-0.8155411264570858	1.0825381341241493	0.8636201130637674	-0.19478321960899747	0.08939519147599148	-0.08524213776603724	0.2836726425110699	2.4749523862116303	-2.2215666635677778	-3.0068444004509076	-1.6234387324101582	1.728164410706595	0.12449640662397843	-2.054088984500899	0.343983903469061	0.13544692459260274	-0.773396785457599	-0.8393742354063455	-0.8110717929165511	-1.331855670496081	0.28798567681325593	0.33672635729628597	-0.06540425760670436	-0.11662981706337376	-0.2091631590741471	0.2829737871998679	-0.9189276078573242	0.9925036453124717	-1.0294034856794798	0.3581546745933536	-0.1942595454636917	0.2583595227081814	0.10505650610675775	0.43817197099144656	0.4584007003006758	-0.47516089380661736	-0.24798112721809187	-1.0521270470803397	-0.1733451370005364	-0.1505329332742987	-0.31366766587341194	-0.10871333068063883	-0.236196988809943
DTXSID0023587	1.8386323227198083	-0.486637336729996	-4.1298861453094915	3.1115637704148464	-5.772580442798236	5.633000101425458	3.5057266469016253	-1.639795321932583	-3.170145967914889	-1.2740922474698784	0.7125566364546985	-2.0742340349944217	-0.7554174983054699	-1.9204809762466728	0.31308349655362666	0.19025776638836348	-0.8484371730033444	-1.1087577936800956	2.538368026996267	2.146465062535883	-2.3109732157006277	1.2965258216634985	1.6458049591561021	-1.9495340472339708	-0.924089512210653	0.3771063765063566	0.4687898160114695	-0.6226434236903616	1.3578639904784287	-0.1915044627824858	-1.3625992232818076	-3.60759838001332	1.9489001308439196	-0.3270189441173636	-1.9535617997241954	0.6824401410117857	-0.4826293576950626	-1.003477028751392	-0.16340493884371207	-3.357130499358113	2.1265140435673446	2.8907365492960913	0.8770002013042404	0.18915107951913365	-3.661044668631442	-0.8600809683551413	-1.1275066069454567	0.9276128014839974	-2.1593995166743865	-1.6043820788017518	2.8899082686677557	-1.253670029382381	0.0735610801946184	0.3484173283148281	-1.275098238613901	0.33140153053170907	-0.28241242907549063	0.948945837651093	-0.4973012118719741	0.022278756248367452	-0.9726987330894614	0.26275567705908204	1.5295375171707493	-0.5750223511758265	0.23150383177978937	-0.23557660053454454	1.1773438169840522	0.26009797355243913	1.4274056145507112	0.5232867278692862	1.3121659546139108	0.7800761255978723	-0.7636437142827127	-0.49400752601055875	-0.4284254504772573	0.1540344539848059	-0.35110616579432247	-0.11576040680076824	-1.4487190038728404	-0.22167730175583608	0.0554119252061871	-0.7627113761266684	-0.8141176177073959	-0.435240999161002	1.062827796246039	0.8080663291066255	0.7118120053548578	1.2555530221228273	0.43752479617113704	-1.2222358057577805	0.5897975250351967	-1.6637624162105789	0.8622979839264122	0.8102178634733902	-0.44473193367005837	0.2595456032835921	-0.5759526233525455	-0.3244682185837542	0.8734132138461267	0.752791323228454
DTXSID2046628	7.621973047155129	-5.067969796680579	0.09398657342768106	0.22685155053909023	2.491866607452446	0.720042949462003	-1.732499979502173	2.5643654858850375	1.8579748515748786	-2.1435802598520346	4.7442033103357915	-0.07561260914215005	-3.8145932486613074	-3.679748133584447	-1.4285746023253514	-2.55042174939502	-0.998563325939727	2.0293655798605785	0.8621786845985776	-2.7171858052947813	2.0142194322662963	4.938340026880156	3.3511844887332476	-0.9897380914291837	2.4061878742908376	-0.16259326176353855	-0.0325217429996416	-3.0534830784505655	-3.904915653700024	0.6070368916204973	2.852011166466015	3.6439723449036343	-2.6329890493398325	-0.34876258396810944	-0.26195553764135565	2.185901677353137	1.680749450419264	-0.46424618886149016	2.3568056908942165	0.33434514002638216	0.5984318266256056	2.8445075205400077	0.2836286774187005	-0.6038063898274622	-0.9119428239597148	-1.6988549284387717	-0.06905344485234877	0.8114801282985838	-1.598617590138306	-1.1437603741316338	0.7181832288003158	0.049847558708777585	-2.656834602783993	1.220528147736537	0.8708745607686605	-0.4308120690644042	1.3168898949531866	-1.4064879492332787	-1.601948106006578	-0.7863664654855741	2.4236941287574485	3.4419234690396268	1.3462977494765314	0.5137760028290945	2.015495546940126	-0.27710745105724843	-0.7500812293681274	-1.7404618819847841	2.006605488339943	0.5061836105716857	-2.347043022227251	-2.588178540531265	-5.9165411414549025	5.777708902506307	-2.706213498117937	-1.6948874856942509	1.7077283904285585	2.71447153822204	-0.19457304854046809	-0.028454578542762687	-0.004210329003028768	0.14630429613715207	-0.2213332292340962	2.4212031232108906	-4.608293992353745	-5.262793340968443	-1.2969898355422271	-2.2936750298217987	0.49095370501372554	-2.8881816529318067	0.5748741229008478	-0.6927801159502306	0.03366011084233109	-0.9244548262691324	0.3005319036321197	-1.0835987436214047	-0.40927829995957316	-1.6547699900348407	-0.14260424083777015	0.9468862045692931
DTXSID3045693	-0.5665260595769024	-2.3780909891391575	1.5081465502480957	0.8496070872726813	-0.8040629889075022	-0.020101793222366115	0.8899780325363572	1.3920966228634508	-0.28839979702941065	-4.965973210970093	-0.9705751634517178	-1.6935771221825768	0.6146215610310045	3.0908173851341143	-0.6878522006126694	-0.8150590498258736	-1.183329395782941	1.3804155153967468	3.2210480144640177	0.43436071608920696	1.7682965080645552	0.12621724612699717	-1.2457389594903485	0.1463327861574734	0.26708371872913983	2.3085245835767916	0.07408401409093143	2.9748058606858034	2.2326683124888906	-1.746205350517274	-1.0754357885340482	0.2628414642483112	-3.343967931770796	2.983133474968049	1.6530526972890702	0.7684223149770826	5.654546165703215	-0.3425407066896478	-4.392561680763944	-0.38782832897918323	0.11160954175059937	-2.6384696734498743	-2.0952314349176833	6.241476620575472	-1.2762953549907496	3.4246252713524425	-2.968744580762582	3.3257077999408935	2.85893677785702	-0.7830762679335199	2.7149233558177026	0.48953272398274067	-4.052378143330834	1.2116246967221278	1.4049626599879341	-0.2525685156551218	1.6551477615617465	-0.5130827466522129	0.06807881415635987	1.3982037214747207	-0.9881031288354613	0.9041970875324774	1.6992744798717316	-0.5146681380602651	2.1247141516146866	0.022140360240885684	-0.5038227683627224	-0.4016904593309521	-0.19629168547937406	1.4362897089182365	1.1726231494513728	1.6320685990035604	-0.10835897392085868	0.297448453337701	0.6233637701005834	-0.04738887835385087	-1.6785990323150453	0.3679733206554762	1.1332928805667806	0.4738994976929718	-0.5106605378701042	0.3251473262399605	0.09205019959343323	0.2357436730446192	-1.438303261704714	0.5556070772923095	-0.7198067972458089	0.6467255941617528	0.1719337055556124	0.028053851551560625	-0.2542266798943675	-0.48320424816285246	-0.16681327715226016	-0.21337472407083566	-0.24500115047542065	0.645251997316082	0.8712437600265684	-0.0330157239436664	-0.5338001093220904	0.13361484198192888
DTXSID8026018	13.896948500855583	-5.364359900764561	4.928787152551349	11.72175212704613	1.0077220643533351	-4.790102944808513	1.4386820779426586	-0.15172045066588696	-1.0465855414830687	0.8357804170839251	4.430937408940852	0.7090678410802131	-1.6284373122447828	-1.1733870266663142	-2.0178333247847973	2.892925963631483	3.087390891928184	-2.559811285059526	-1.627144871038509	-2.0510502805436324	-2.4397303647512296	0.6696627770755768	1.3868116577188834	-1.578825646239116	2.191502802468509	3.688983514535748	0.4404446081981281	-0.805093872360758	-1.6988272820857355	1.520184306083499	-0.6442551753782368	-0.8585778549041965	0.9199057172037752	-1.0522165389244376	0.09644889211619709	1.766805341735006	-1.9861656863577788	-0.4329560414136062	1.281380535879098	-0.2738696728050922	0.704044336136242	2.184314461315814	1.4670584231880603	-0.368309532068048	-0.9042709357002704	1.2863228769558397	0.4720680983852722	1.3128138063388874	0.9274300394562947	-3.8927753415455784	0.28658371448253084	2.2509200768439657	-0.5196884589067639	0.3176591174418273	0.3645087439290266	-2.23912707427775	1.5043844767805779	-1.6155927896012798	2.9224267647488555	1.3649739759451964	-0.5742376803283411	3.3473709478149987	-1.313784478883253	0.6544592709716708	0.5957906041722599	0.34545991831439654	0.9666501087077093	-1.0873240651110796	1.8077675079906936	-1.5977301290565133	0.8351657812894776	-0.8970642245072097	0.9004381333425847	-1.2287023687623617	-1.56436120012622	-0.07254987380023085	1.6415607095217046	-1.463982279858246	-0.3715604484334016	-2.380219914226241	-0.00020692918562902353	-0.9616000675451034	0.8662827411800743	-0.303341259366959	-0.11924388292959452	-0.34799846392055483	-0.24292407475948852	-0.1845085615556716	0.8295544073287994	-0.6564603541508606	1.4677769770045224	0.39341604679032116	-0.25322875138467704	1.7298101554065954	0.8504349918827375	-0.2900360835479035	-0.3002952971283057	0.5253912783202153	0.0015981927925402836	-0.9532349568418261
DTXSID9044374	-5.908504491820409	2.481562351278386	0.3592137869730678	0.9948162009137035	-1.0892089250914818	0.9831070105267167	0.11754838310339984	-1.812617318499474	0.5851933219779846	-0.04887962392457396	-0.15299872505722298	0.6619100712684345	2.8925036001838604	0.37012518101571495	-0.9028687339733263	-0.23777089167367868	-0.6050252680705727	1.4031377985277556	-0.8678815642357282	-0.5442271288095557	-0.9208297549379955	-0.26347124112818887	-0.6746332575104468	-0.26820098725790326	0.31346364428066065	0.5443761936419322	0.7866573495297439	0.3992255562984375	0.31218848845950137	-0.5530521831490682	0.2868104992009205	0.3621044218904772	-0.1763204718677388	0.6320063791345477	-0.07352057523813055	0.6416624246991394	-0.08821299735997042	0.7448861220395008	-0.9024226564448903	1.3988116595025242	0.2540584197899496	0.5491675986060137	-0.45277535329162893	-0.03304308418479676	0.19854410870957337	0.23558274112772748	0.36802146139320874	-0.262496145451634	-1.0082610514899355	-1.4342303314416316	-0.2113199037257501	0.8772232801240052	0.12135303258902544	0.3230968309347641	-0.560157968338014	-0.5477778832691796	1.0327193979632494	-0.3084096069955474	-0.700154543556653	0.042981061899230386	0.20997788579683685	0.900377408943575	0.8429330430760948	0.2892424269259887	-0.13751502129157814	-0.3252310377846556	-0.09538576898610936	0.3137031960544892	0.18427754066059482	-0.6099605217975261	-0.025028054860356575	0.19657470988123235	0.18797299198813966	-0.4560520872568869	0.4282174422072208	0.27014903736979295	0.43410979244824127	-0.3870609887802252	0.10511352396278459	-0.3157433833320853	0.22226259913795401	-0.23103935171916468	0.05060713599215113	-0.24672323748120165	0.1561119866357683	-0.6518131801304233	0.3155859613242919	0.03100697681937872	0.8468068600500734	-0.15707620592031143	0.2114043011174191	-0.23837910291821598	-0.4594801354438655	-0.16784938497698929	0.09949238767594384	0.21586074307169678	0.0142998128413405	0.27882223536562406	0.17342305827948756	-0.09512821546764141
DTXSID7028011	18.483186007219047	-2.2263683358486928	2.8082121030631986	-2.6799259555902037	9.201641500338129	0.36063575685922944	0.2693036588179105	-1.868674015996844	1.1672208964831345	-0.9384498822902514	3.6599851793545124	-0.6955606511785739	-4.514732625229323	-0.20448791467641372	1.113968117198723	-1.643422569942285	-2.9996256056799204	3.2031131516117477	-5.301781922428425	-1.4364250200607114	-1.9842006587681102	-1.3106579106734497	-3.010450780070652	1.3066175816631729	-0.38213577445461816	1.6452952762502504	2.2515671958677212	0.23898146701320247	1.7000187500442487	-1.7804659621643373	-0.7791684538903376	-1.312611327171036	1.3179094553374104	1.265624231662085	0.9259821595408395	-1.6307898326351637	-0.04601220164545994	-2.22478825192703	1.1446263259050957	0.03381932238161287	-0.44373179453341594	-1.6466025595859302	1.9142112068939985	-0.6287398701119477	1.1415642620226556	-0.4254351810806712	0.7321767182945895	-0.8707802979669761	1.9896265394340027	0.8646978035809688	-0.1043572849704854	1.3104341597701918	0.09221909659985947	-2.0251816073406017	-0.32600691353882144	0.17812135133171803	0.2508455027625506	-0.8049209935998701	-1.1294026509467878	1.043961377282256	-0.730855545970921	-0.6050359376936599	0.3864965226966819	-2.2596526811526507	-1.0343421668424706	0.4534150429134116	-0.6007934314245618	0.6700827860072409	-1.8019215400139224	-0.7887461707354111	-0.22280570302979016	-1.8539644534405886	0.8939659561740528	2.2911188899521946	-2.216960133190811	-0.9081170787995325	-1.309323210981003	2.112294463268863	-1.78571502140853	-1.239235813438505	0.9868364561029513	-1.0807661797727575	-0.29711614161299865	-0.6400930417953278	0.9985425419236417	0.05167241275789691	-1.3184237039845346	-0.4925690432721235	-0.05501324936918137	0.3511399563728488	0.1254018965751879	0.5256627108196048	-0.15177345020519828	-1.1370129587377804	1.012087172165205	-2.1589298406770845	1.5164619300129747	1.1733625840197297	1.4556207535412127	0.3937375494187403
DTXSID1039719	13.351779400011797	-11.84918922210602	-61.298918684763436	-8.573492193200018	132.65420753132554	0.6965468992972147	-28.587690403105427	20.41215340200242	-24.221523754002867	-17.677618559580036	5.1015216502836545	-4.5992023146304275	18.2076979640079	-34.643433828674745	78.83784876200784	54.43537155043946	11.934621386741025	18.3278722029473	-3.5930332114121315	36.577374382070666	-3.471364900258272	55.314199742279456	-49.33442512445794	25.65558293665794	24.398251553799476	-37.59040802823459	11.761566489965581	3.1810044808284643	7.600085656426824	52.45116252355113	57.07013511099456	-49.88236423767893	0.9998143523799081	20.559762720585194	-27.477473712794637	16.615285216535003	20.780711530975264	31.37460840241438	-39.97483750704266	-11.997709859840105	34.11498794605512	18.45146071773965	-39.161235217890514	20.166710103099653	-10.492326149167704	4.137687826599747	7.295287415678553	2.5143898699830696	-32.30623022908044	41.66889384579598	-32.94273627828338	-6.358989116380579	40.13182836786306	5.514839096397469	-32.443199993227495	-49.64967260122003	47.41766162691457	7.573035561592165	44.658159282598206	-8.653437180149838	48.42766789313075	13.414302869162915	5.251442381153933	13.544099696004437	3.079177431273982	22.15847185874655	8.561743384924192	7.720625960295687	31.977421923095505	-17.47982060742702	7.148891322756417	14.286378074062663	3.3599355006454767	-3.0346469601410653	14.538514961325946	7.101720373657968	-43.32487726827087	56.91430124511747	8.355870712311699	-32.11729844112133	8.888300941219404	44.22102987677958	25.38209413720069	55.75818678753766	-20.137927645638822	56.81438217145856	36.242851862400755	-14.633223626623888	-6.121356724779813	-22.111140224222826	-8.485687390821623	5.963892644603641	-2.251598961650124	17.21650962506572	31.108609474055086	7.144806884883397	18.313003017128732	-40.58604554260812	8.221082354793797	61.00368641772562
DTXSID0021547	-8.460028840924377	3.2301351403615364	-4.046154594774534	2.025762078952393	-1.6711540563565017	-0.6198815202659297	-0.24953873652100872	-1.5234276662205748	-0.05515638692284148	0.6362406028817849	-0.0778698475856587	0.7035597346818613	2.4054305597323364	1.2931971049257718	-0.3091687165797757	-0.5995515785818184	0.14510391907535058	0.05126641739549118	-0.2784101405020182	-0.4317925313182437	-0.7645832632919718	-0.22153730149768477	-0.9438040710496649	0.09915959621006816	0.7669664255390176	0.11985729083167028	0.5298575823719396	-0.5767568411062443	-0.005135414300528462	-0.4842795333307926	1.36914475134094	0.6946229344302527	-0.12846626946727085	0.2048713524132078	-0.46685115626734797	-0.22238896045739262	1.102451363953167	0.13134237374762328	-0.47968274603716515	1.1770201339046127	-0.031439072800987775	0.44762088511013204	-0.060985914374901466	0.16910625514816116	-0.04608703916520834	-0.5237658713281038	0.454550117887365	-0.3438041312713116	-1.6268086287444392	-1.4617254771270658	-0.6606655963146896	0.08547458206313725	0.09099899441388873	-0.18918049444552829	-1.0504279894042596	0.2101331024216226	0.12016268082571537	-0.941347493109823	-0.720557033880564	0.5810910978856672	-0.009918008901998338	1.60114712268413	1.3314648044516297	-0.3290240497756328	0.05263262659000127	-0.8871882188215299	-0.7082152380427735	0.5621819632558606	0.385276885986193	-0.023018419099465035	0.09119465211567888	-0.3337380983298275	0.46227561476771334	-0.45623005752087015	0.8601639344870816	0.47973510983417283	-0.09128749568598779	0.21341770150925435	-0.4112802326114234	-0.3003546475512136	0.2897169404019613	-0.27912369570780604	0.19831434359857134	0.004996815211733882	-0.19981779318997273	-0.6483713024262568	-0.17771346261178525	-0.20678337296940494	0.3880465810392562	-0.05252633577224181	0.17953390147629092	0.26534114390493124	-0.10520387975537801	-0.1543309552077587	0.049106291282193335	0.44498799530304073	0.2236273022295629	0.3746582130858391	-0.06707157041849691	0.06419076443800435
DTXSID5025609	-9.506295499712529	2.427071961014209	-4.060696519559996	2.597707172303702	-1.1057466825693227	0.49793312083271324	1.5417677086580721	-1.0620322088228598	1.2577744674723137	0.32828476835176246	1.007153075189849	0.2129885521686946	1.7965374947405697	0.8331273586198498	0.5684956646653727	-0.9938342921175584	0.3892551883479249	-0.6532872195774205	0.7432611026890573	-0.03991895256883416	-0.3297878356119617	0.4335983994488966	0.8874608682261127	-0.9666205307608967	0.55886102823591	0.0596290411937252	0.18809324611116393	-0.6841303816972102	-0.38783767769001315	-0.5111113901624266	1.0095815240094894	0.46469685203172145	0.31750005645612933	-0.2843488212914341	0.06011987143933946	-0.16511482350507592	0.30772550102773033	0.49580810018777566	-0.48840520047101904	-0.14856573345527488	0.17965569079327168	0.0766486794640162	0.08431329407160876	0.3941235361967959	0.3310961139016085	-0.5316358333915447	-0.4538594734969834	-0.23678238406791244	0.3492940935397369	-0.49610521405911284	-0.4629250208169099	-0.8694489863512377	0.2187597634652228	-0.29612287750626537	0.2770880721823236	-0.5232259923415297	0.38642258934863316	0.657868163335777	-0.2611316028564233	0.1976550154523065	-0.16581511112390362	0.21780381580085648	0.2247975774265781	0.9675876172992345	-0.2583941106239289	-1.1119928767669038	-0.3655767767899592	0.6354815200045899	-0.07636977929430229	0.998562587027476	-0.40901730689587185	-0.3129979456098232	0.8070106408442795	0.1630768239463733	-0.41920539494961917	0.5204436953613231	0.06103258075957624	1.0594511906682764	-0.4017349131286379	-0.16474318354596343	-0.04755907845643944	-0.33796904349844636	-0.5002340973195989	0.11538785863539701	0.034155010473805064	-0.413999027446036	0.4738218284226063	0.47346473757547863	-0.2574928974504648	0.3698555079920804	-0.14134058704125874	0.389787135055603	-0.26156020037600775	0.2525856285050708	0.242634952785234	0.6737258928745731	0.19241298699642623	0.18427082466333414	-0.27508545920701777	0.09906057191658083
DTXSID2044840	-5.5228757987952495	0.7774229407501981	-5.250277488803483	2.96381805254228	1.5116654839759835	-0.7443363686027508	-1.8674913904476327	-0.7122510573191256	1.1233041762961458	-0.5298498849205836	1.16672616715444	0.8749116446831315	1.5854006500404652	-1.7923419241183816	0.06516000214730933	-0.13292126692894343	-2.0135137995904717	-1.6149403469666115	1.5670691065215123	2.0502832662654273	-1.3576399001047235	1.326402548189892	0.057159205190937035	-0.027196171852406168	0.7182559730615506	-0.6849122154958909	1.0957663382801721	-0.5442750462008372	1.2638675291376757	-0.04357796459980942	1.0871796987720572	0.6506532136331196	-0.23076960611854883	-0.6518310234271235	0.4490938014125513	0.8636592064389231	0.31886204218938113	0.49034737498288195	-0.21420343754927365	-1.3610059804564039	0.39782912883760807	-0.5130022075055245	0.05728119489071811	0.8278177860502639	0.5155675018804193	-0.6263237643113027	0.6402168400437726	0.2153545117058352	0.4248250645917826	0.002196506048587102	-0.7587676996072826	-0.38868010864539454	0.2557952033658869	-0.4344190720341317	-0.6337600611160416	0.2982792618490236	0.8044301906694918	-1.497358195343616	-1.6498995303443593	-0.19469475584589482	0.684494003121324	0.2158295566450088	-0.623826268560216	-0.4402085561456508	0.6422180007272191	-1.0507068884500126	-0.44444805414347405	-0.11070452740257655	-0.7169761881260363	1.5841395027559293	-0.37259864158944117	0.03473884000430561	-0.4280042823493772	0.6033410493199792	0.015602825764290916	-0.8968870251782239	1.5044404845003592	-1.6916881617584292	-0.8250775505645254	1.2295381116128905	-1.1403285767922986	-0.7735289424941566	-0.46935749765202084	-0.8062179443903491	0.24860113729045774	-0.04764669805947251	-0.9098406171584102	-0.5117318629683856	0.5981552385406181	0.12884979621176668	0.29693771713113726	-0.08980339153305274	-0.5428350088484242	0.22747215408394003	0.9274487179161323	0.698128942045112	-0.5908835419536053	0.07670406016526675	0.029549980669310548	0.8381418305533762
DTXSID3046792	4.034132912586107	-3.064982560869917	3.357160450340553	-3.8904930000931106	0.8048360088189774	1.0561607429944977	-2.895759439498378	-1.5314643422844867	-0.42045119433953254	-0.8856574632091339	-2.6612029185091006	1.8998300687636247	0.1553177040555626	-2.191483884284769	2.1046667474953664	-2.282228600934919	-0.7477192469238417	-1.1151123669024952	-0.34103291581521206	0.9207494672685842	-0.4785861452337529	-0.2320359155883257	-1.2680397448076288	0.8802049518813205	0.08327066408490998	2.0461741448532917	0.3069452513892779	0.1863369251172168	-0.6887377406991289	0.20704998750944179	0.6389756546924332	-0.486670092643433	0.7360434616862974	0.007026238055997476	-0.7092984756168731	0.23274982343590273	1.517585398668569	0.1106485713387787	0.483875260073944	0.6970664468306532	-0.8397535338730154	-0.5126774791979426	-0.6089984669660349	0.5898361558498195	0.11858838268438197	0.24790676673418002	0.8485847017799754	-0.6555347882624744	0.48803342091911023	0.3967044204350021	-1.0352137186612418	-0.5996887991329413	0.13330953996087175	-0.0013358071778798134	-0.3130030961061756	0.7691394900714545	-0.9342057493314767	-0.16500769802352597	1.079962610324386	-0.41093569052389806	0.1222111429099878	1.634734846234738	1.0357697138350526	0.21379201154615535	-0.4479863184741031	-0.5767802535527858	0.10649033404027997	-0.245458029663547	-0.2743037169785685	-0.08791188181347094	-0.014055695186869407	-0.27938189436646643	0.23463121017132824	0.183977415441752	-0.4017646112479939	0.5325146140621184	0.8822505152678927	-0.6472033868174498	-1.0097639796512432	0.0460626342660298	1.0931627621443014	-0.5608763982038446	-0.10340900367062032	-0.8270237116691601	0.3559896342558944	-1.1584043029715383	0.36389346703702047	0.08024623491141143	0.12779961306774223	-0.43001385331126013	0.6910855454044722	-0.29282007976584656	0.19837402016265934	-0.27423133853864723	-0.25772108748560824	-0.4500731495606746	0.2569121492159282	0.3246362711633241	0.24284362603552342	0.3586854750771743
DTXSID5044362	-5.490686672028284	2.703571693780643	-4.026433835182729	2.462407208187641	-1.219938772061004	1.7608950042774334	3.039348402263667	-3.4625058971534526	-0.483851031672352	1.0786152711040717	1.9985074622763643	-0.08070678492563951	1.1366981066190345	1.5212913874275056	-1.6787251758196697	1.8564858035115872	-1.4119460573364808	0.38271096657464004	0.5794701518336454	4.6121400107509505	-3.2985676005703106	2.3211721161484813	1.3628030906241713	-3.200400948509444	2.913311532705831	-1.112922569849431	-1.3106886129443596	0.12644959223628036	0.2889772115333358	-2.230991303374864	-1.0360851014596906	-5.8213986925451	-3.0039604327619838	-1.2449726478810539	2.900457439987751	-5.1258418346094246	0.8895648882864329	-0.09266654776278586	7.690471605795845	3.1355253172130517	-7.969713016604368	3.9141046809006217	-2.630895195503418	0.7527084825461011	2.89868493782857	9.236380568719404	1.4134932021081341	-2.3702928674360244	-2.0911682003928638	1.9191015376692164	0.3594185271525738	-2.3534560235867192	-1.9075283108854668	-2.330076064317179	-0.720013829363341	-3.0866087821047055	2.64775652558748	-1.545289126605146	-1.1354288409791826	-0.6965879894620794	-0.7070536759132152	-2.2202171066981826	1.4039879452286064	-1.0127144285479057	0.9322662746288679	-0.9540320135613977	-0.8741624294955358	1.2883346005017648	-0.7270605246019315	2.991592099541386	-2.341798149206278	0.17297840888925384	-1.952573560850699	-0.7281466578672551	-0.721566179062931	2.0211297717992784	-1.3234721722615965	0.3608865477448445	-1.3491114616621926	-0.17338508306851624	-0.8253601335634132	-1.1619733564058554	0.7850838827108015	1.2385965724485257	0.3430540716575001	0.12369577261562162	-0.4218094417402389	0.4532980163503773	-0.19582299476179327	0.03208844061364982	0.7031284828432603	1.0704027802781446	0.05230664318218016	0.3638194762581203	0.11398702385975133	-0.16176495295067664	0.5915540212024363	-0.2555902065878486	0.7762778261455279	-0.49735317694546627
DTXSID5047164	-4.316197997049307	4.3319935666450995	-3.1920868533682754	0.39558102645484505	-1.325378774814275	0.7058040328377511	3.319860870609583	-2.156508105661436	0.3301063337721596	0.0205899560954306	1.7306572937566564	0.02756915236126926	0.12598561123450955	1.4770216856947247	-0.042217100474225014	0.8741854904698898	-1.2621948160009593	-0.1153985610285639	1.8211134363288064	2.336261769613713	-2.5522830754535732	2.3066751616518544	0.16083068656866187	-1.0199300007523866	1.5376528421072448	-0.32618110755216256	-0.6872341166329052	-0.6879657740509965	-0.4770095173486131	-0.531670955778861	-0.47521789207484877	-3.0156756608903192	-1.7351488177186192	-1.5810296158243697	1.4455340392950815	-2.856050997343978	0.9730818254772282	0.2409844355964318	3.9910783904881146	1.8047087157788735	-4.241289311299108	0.9794493983456689	-1.4403525562741237	0.8543142377516355	1.5827685214748637	4.142381933588423	0.547587880762969	-1.2429554862688696	-0.8658884334207678	0.47326476294174646	-0.13788705322478378	-1.75769155549987	-0.6221006373423947	-1.0456342212116818	-0.6651559471745716	-1.236631656595135	1.1882465811034577	-1.8001720879812804	-0.28870191856890126	-0.5655944809044261	-0.7541846285525834	-0.6460814562195542	0.713013877653397	-0.5445038061042528	0.7420062444859562	-0.5344214562456605	-0.5461780941341497	0.2344826646779684	0.17711807877375835	0.9162337520365773	-0.09057141220681551	-0.5277302398270141	-0.9469921774621719	-0.7775391154879393	-0.30499238867569406	0.9016726325542819	-0.4077842179728536	0.16984067839956776	-0.3809532549212448	0.3963780706376764	0.8453459600009027	-0.7230930496201681	0.4507839022639124	0.12372193537731165	0.13991980930395795	-0.17308539928312483	-0.01833150646798898	0.5463586091135921	-0.6211501511800271	-0.10733097153092973	0.4490892900181007	0.9908614312092053	0.5019286567146696	0.4048756863434076	0.09825113028821209	0.2606826182607649	0.42377137109730356	0.0928822745727623	0.3361331636409177	-0.6293125472092298
DTXSID3029235	-3.881305725434745	4.997922903983627	-1.0862024941872794	-2.9325001109410858	6.579243690839652	0.7664419082212159	0.6742501307010828	-2.2098421627479694	-0.041291708133005055	-0.8095937273402201	-2.910154692805339	1.984098642459573	-1.3720921280267395	-1.0028252829979312	0.07022039064627292	1.7531223152019861	1.2792220762461985	1.4150485217192863	0.5994203462037121	0.19581521939010738	0.8106242257319461	-0.04148495770231875	-0.9828505384058389	-0.7185366583123355	1.099073554125037	-0.09481042981051137	-1.6243753717913323	0.7942498294844109	-0.3457389508914148	0.6410841670807683	0.5709968799128796	-0.7363161010602203	0.4324993170390079	-1.0466904241864816	0.10139498123013209	0.8957020456464936	-0.19103682170334768	-0.3585074678209771	-0.20440326682077103	0.17381888397298056	-0.04218787264776926	0.13952878246145634	-0.6582611039613843	0.7929897290586123	-0.8136589263601793	-0.8757493841985093	1.2643440775018797	0.17802158531135678	-0.3799512369753089	-0.8255657714700246	0.3346131488250421	0.16375490774128942	-0.43012960422964536	0.30326745024619856	-0.1066431589375905	-0.06812530789080114	-0.7813001482602772	0.019056146619102217	-0.3474528483648662	0.511597586756326	0.530691557974795	0.5293135409163162	0.06927405972582912	-0.19024173736066383	0.022597326904712396	-0.7540416151456688	-0.5791514703386794	0.2021777074552547	-0.7796893838564318	-0.2446294544027348	0.4715304039764907	0.6024485852304207	-0.18202601223465567	0.03265488870377289	-0.11404343115058145	0.344742796299376	0.4603208065003441	0.6659682392554964	-0.41228633385832925	-0.05766964655015012	-0.08428055028528181	0.4366713126047384	-0.35410251447550395	0.22279571717084865	0.3053174211501807	0.3072754237492137	0.34764897182806226	-0.2661081808773075	0.020902299416899597	-0.17550143334659407	-0.2450012248169887	-0.3888195183230175	-0.39449968821979425	-0.10992267474991842	-0.04469379162179427	0.06072502299265856	-0.12872210350399238	0.13307979762484615	-0.07794312266572069	0.039999086637111214
DTXSID3024786	7.501826645846071	-1.676151039830445	-0.2141480657058435	12.045287332583085	2.5678266529622107	-4.553506518913881	-0.9952465650145939	-1.3248600641704802	-1.650132257103898	-4.551747766698575	-1.6320380204316167	-1.2655531642425089	0.23734372468602158	3.438880255728406	-1.9182609963092532	-0.5882074946698046	0.9401274440220908	-1.0367456537163582	0.4111261818031816	-0.013859400256625154	-1.0500489306875644	2.406973294789243	1.1047870191761	0.30899176709666015	0.24907088134509509	1.7405904930987126	-2.8667719789095347	-1.053338914771651	-1.167027347815437	-0.8528015417637587	-0.5807220690786392	-1.0170679968646303	0.6256143672441717	-0.27439194418575386	-0.7464938912390925	0.6237420668428065	-1.5476130604707714	1.2795491010996511	0.9467716603394094	-1.5083953825876546	0.32374987298496266	-0.5705164450488849	-0.022750168199981893	-1.9009481319591774	0.09374627583913768	0.7161597532058923	-1.6746300990835477	0.5429100684572484	1.5577694158576605	0.8852414870039143	-0.046153677113591154	0.6881915931796609	-0.56750000308877	0.07427520507658394	-0.5694664098576929	-1.4378617348034983	-0.6928101694561244	-0.5281586889450826	0.8570778023535064	1.637934621515581	-0.8257898739675338	-0.8153186739362924	0.27181843636050645	0.2872390472954018	-0.19798173972749214	0.9177834165519033	-0.2108002233272484	-1.1216992817059062	1.6320371375899583	1.2847813216126465	-0.8656866694794351	-0.6711338155436372	1.755565245428436	0.21523063286553148	-0.6548916266252551	-0.9822914517747277	-0.02354629626651901	-0.3003034852773809	-0.11389703687257136	0.1625378317092885	-0.43841173288896373	-0.657005296107776	-0.012327132983800209	-0.38118706043496264	-0.20994845706914678	-0.5669887677688302	-0.5157297940722693	-0.959873767518214	-0.6063098367968294	0.642960004308553	0.766794679124992	0.9262523087129774	-0.5354980177924211	1.0043769331578374	0.8297032475691665	0.2722145905724924	-0.2644487043039475	-0.16374207910656297	0.6748257474669637	0.5623080857113986
DTXSID9029279	0.7751300134927455	-4.177760364842536	-2.535240333824539	7.809759680218791	3.0341102621024287	-1.9189933919896687	-3.177896649610646	-2.9456066249489825	-0.902335955630804	-6.586247983458143	-1.085244152619045	-3.545936259463143	1.108784036522841	5.184902434538743	-2.1346997528292597	-1.0067066404647136	-2.816402155737794	-2.4568318030107394	5.386021271413119	4.349225420167701	0.8404743800170518	1.2091347728484831	2.576728132965449	0.3974852875621632	-0.4873919202130608	-0.6707426206082194	-1.951083921121629	5.398371986015967	5.3821872496419925	-2.4674228327612027	1.138525810843027	0.8461417745405452	-4.99974008319016	7.7482890937003255	5.382369568279167	1.8934966648186127	12.81199071734206	-2.601518938705845	-5.93049797109765	-2.9854264182014045	-1.8899417286621218	-5.076770770064714	0.9417355717970971	7.083788002783564	-2.392707668872378	1.700171879555867	-3.8463972360902483	2.304083237692142	3.119170605960933	-4.171891559333597	3.289396292576088	-0.46497535621661	-4.408218951368665	4.513381244557087	5.164700648985745	-2.732884020552941	2.896348300364613	-3.081907977413114	-1.7532749967177716	-0.0871885506144302	0.8641423910974421	1.9686402765453501	1.3586267741466567	-2.031188116390217	3.0703953002141633	-0.04364240766663487	0.44942217698468034	-1.719349135400415	-2.1108799480509224	3.1901049926958995	-1.1942045333300182	0.8632265203322707	-0.5806338601121567	0.6511804445811782	0.5210868178615254	0.33553865712271524	-0.7461019657808591	-1.7815329963656341	0.07947432341133437	1.9139123549907737	-1.6798157383150814	-1.5363611754361879	-1.2134538986654975	-0.39563428440066617	0.811065621853654	1.6960471956779644	-1.2123710274182846	-0.5189831560782971	0.44718987408135874	-0.43501655611324186	-0.3997478198458977	-0.3926945380163363	-0.19652823633026031	0.9546477355845344	-0.6518676173058093	1.869940401329274	0.43469621784681817	0.8068920534343136	-0.18145488127767426	-0.1983870608067095
DTXSID1027265	-5.953697257726609	3.6044582153323868	-2.261457906303513	2.486877703485677	3.0653913008770015	-0.6161050541068129	0.09159788422953967	0.6521826025501742	-1.3192073327517508	-0.3856335778902125	-1.9181188787356078	2.0310501232195888	0.6701955038125885	-0.6089337731574608	-1.60838302358295	1.596691091983587	1.1769564958558687	0.2189782050963883	-0.7584121686827617	-1.1970538047152262	-0.7069293021520563	1.0982928196267823	0.3026741864754411	0.4191612857445925	0.22359666908034354	0.49731169732111524	-1.7157963847109334	-0.20248634978323993	-0.7016072585484123	-0.7802949807051495	0.8907810355993621	-0.37670306138634835	-0.13528898947281986	0.8424526218718537	1.0653935629218827	0.23376363764470615	-0.37221973337942194	0.8582816130926033	-0.7080536106259794	-1.0284625247604824	0.9002488950548201	0.03437140495905746	-0.5772032085671133	-0.9167568675303508	0.6836789894525376	0.8063147309910009	-1.399512499280899	0.9239250136509591	0.5728112767936046	-0.0861374028638894	-0.4646697268203565	-0.6476099853540076	-0.7706083646930889	-0.5926556600413563	-0.7304643154387194	-0.9364323463831271	-0.6540845537439415	0.4007234684041972	0.23055635027971758	0.7199763070567473	0.12286877347051976	-1.1472560057832766	-0.3878837672837098	-0.723343442434902	1.6422557418803498	0.7035733001918691	0.7758972382047091	-0.24843244593554858	1.8597566787451485	0.452564955308076	-0.5646746123427048	-1.633740862744299	0.9477398395237506	0.04750119506765533	-1.0142765437202703	1.4189051707415032	0.783856833889394	-1.3976853624083674	-0.2984106674902487	-0.12535928463327325	-0.5359488858564724	0.026620832131135294	0.2782523367336382	-0.20509297427726006	0.18353370962687715	-0.31966920049104786	-0.9380419959379813	0.3292027316191993	-0.3699351989696236	-0.22508725884805209	0.9843647336001405	1.5537139676621985	0.8799347548201587	0.33713173758070075	-0.28962298405616693	0.7830922347805761	-0.11504723609159986	-0.15347300448415777	-0.05770803174911743	0.7467493868677997
DTXSID3042631	0.5040723271857472	-0.804432807830372	1.953560722554034	-4.107634357960411	-0.38448515229905506	-0.20513249726311794	-1.7639226985856422	0.5515839373631419	-2.147023219291536	2.0031865558343607	-0.9961247060975796	-1.1483675276060628	0.7154716900822488	0.7851940543545789	0.20856871909952218	-0.7040853207232368	1.3764968878629866	0.721841597631029	0.12816925449895028	-0.2907532269349456	0.4395659661969454	0.009609763455386595	-0.21916368887409493	0.826893727017984	-0.4671232759564342	0.9362945050839255	-0.06158282909511148	-0.3202947975361587	0.1018439178233347	0.5246585117788373	0.44316018076705854	-0.3629058687672024	0.30987310182777383	0.05427559689432898	-0.0708475426714485	-0.19479134764067071	-0.08938869527911224	-0.11861450268140177	0.6636869367571235	0.021090178659049066	0.15563912178418915	-0.31345302135445335	-0.31926114595338145	0.21635401800101067	-0.06347628616076295	-0.27418715649637654	0.9065937731792786	-0.7346725055168789	-0.16925069147036906	0.13914657706332748	-0.5613125004073136	-0.6526965914643644	-0.377053178515308	1.023571063018133	0.327276787447672	0.8042520069936915	-0.18575999251283562	-0.15187660983120932	0.483739911469527	-0.529972317301308	-0.17664541893967953	0.9262803896557048	0.31180260016261807	0.24860389246496623	0.07526567263752765	0.07355177253642091	0.4952927941356814	-1.6087770575633003	-0.7909639643313531	0.2578146579953864	-0.26426089361605737	0.030573127028026312	-0.44202817331120364	0.5094537114277264	0.13194398855781403	-0.00047833973129505505	-0.013424322320598609	0.10179378456424402	-1.2362040750096708	0.5674123597852881	-0.034333904724489085	-0.3906316449373503	0.5625650428794239	-0.17934605703050807	0.30399476345573634	-0.4124432673496145	0.2690321901371633	1.3193632753052167	0.11860478064984822	-0.17972008203930395	0.4508554338550003	-0.6039732386960137	0.1039275029514966	0.5293483090202831	-0.8074291266554868	-0.7338928420482321	-0.23414499299332459	-0.16092856861147303	0.1521273433172191	0.36386029992713653
DTXSID3045809	7.257077837423347	0.38897518826191263	-1.5895456320680912	-2.5545756159132496	-3.0332503450559662	3.1977925942876424	6.3147857934098175	4.158337046604953	-4.277214697369437	-3.3959306244547625	-3.1537782977315145	-2.836203481075145	1.1414072999229736	-1.7736883997780162	3.9089934125106436	0.29333132126559236	-0.5218949119370377	0.4989001172090035	3.6319787050400247	-1.9641633854625933	-8.757778292874704	-5.405610789889567	6.991350668995713	7.214696058099589	4.675166780234517	-1.4860056067501604	0.004176041705190268	1.9734948650284083	-3.1073412630180823	0.7652541631856599	-1.2131892989728201	2.6831831023144064	1.7943783012334173	1.231769056318896	-1.9546412430092628	-1.6056421503864677	-1.1360516086223633	-0.5165558282485875	1.5099514460179302	-0.29591569100380277	1.656778424101282	-0.6713038051929054	-1.1308474708039187	-0.04308895081081074	1.942662327747041	0.5452852706735635	-0.34608963353875827	0.8167206951539301	-1.1762646934487861	-0.19207652889508434	1.312552824643888	1.5064536079554198	-1.4710928927429874	0.7867354759998776	-0.6650013729028451	-0.7060129869475236	-0.8833917355920202	-1.4907862088054276	-0.8663692043682804	-0.7621392820594325	-0.5996110521542417	0.502987340075234	0.33705865161946874	-0.7776653789241612	-0.24505425615213933	0.5435368493352296	-1.129073409250963	0.7479789560489045	-2.320532825139747	1.24027046328931	0.06753680977914538	0.3914482608192708	-0.8538239728985884	0.5175701890353782	-1.603023913698395	0.3431027657753327	-0.9881210531061252	-1.055768868043964	1.9709513360046684	-0.2943452394458668	-0.9226734085676468	2.2127287088724237	-0.1155079968080414	0.13635706141350545	0.5419361932704119	1.8787877330289284	0.22964620804321884	0.749033616081521	-0.055511100762866465	-0.03972976555681375	-0.3813861466408674	0.32679897989968826	0.5259117114969757	0.032342023272117035	-0.24328178726551006	-0.8894318693295034	-0.36394401121649117	-0.39340835510408023	-0.7587138515829561	0.07245499518015255
DTXSID8044202	-3.8019534517557565	3.5504422758992944	-3.2903576357048054	-0.44783838110328983	3.8870269483926916	0.8186320511157527	1.014829532388031	-2.424619206086293	0.9654924252136396	-0.4949989723839963	-0.17025077096875696	1.3905605705407964	-0.2818192853809686	0.2850598149144017	0.006906998024698475	0.5907685075924037	0.8581996685995615	1.141908223942262	0.21743069613428057	0.6309627180382534	-0.10544741581894727	0.5449408591934247	-0.28022976368262814	-0.8573012604599906	1.2807562376303263	-0.2010719244078127	-0.3980861517701796	0.6884669414756543	-0.6063349185395338	-0.5549149178181462	-0.05541551547601028	-0.5988009930107666	0.6295991882632767	0.07571102968142024	-0.0777244112656216	0.05074084360436771	0.21661076955701855	0.25967157792470724	-0.007973554174118165	0.1291679747476193	0.112984249978154	-0.37291672841632556	-0.5818011051756268	0.048027149297064024	-0.03022744728118798	-0.7931320856051157	0.13287219053962604	-0.0748505516094611	0.1673507108519794	-0.09972782469879507	-0.24659601483790128	0.11492934787659054	-0.1297998561361804	0.04738078063247629	-0.1613273076134924	0.20272449030243808	-0.821766854334975	-0.19292079816796714	-0.3456671558659577	0.23581714217236446	-0.01806361766792126	0.258508476041528	0.1777116074717606	-0.5065942603939614	-0.08997255096267363	-0.5113626701898988	-0.29791746757847326	0.0013941490346591852	-0.30622212509099395	0.0026549308137935154	-0.3015724325545675	0.14086683771059838	-0.0022112472270856766	0.16903739276645774	-0.40622325109565743	0.14491276730484956	-0.2739299841514849	0.3369625160960071	-0.17986907672622818	-0.10340123343658797	0.16406506558168785	-0.16664667634939684	0.07660199987944359	0.1595625726486972	0.1576395515262409	0.6834441897780112	0.24161244331612	-0.06452820276760067	-0.19246299419616847	0.15735212331629783	0.25694542266628073	0.20058375656864846	-0.6121248837373912	-0.12287872018313331	-0.025637842014452263	-0.3135255336753883	-0.024061489922162633	-0.28187647866566123	-0.13044343091634775	-0.0020603677713997596
DTXSID6048593	20.074573778983623	-7.527894284236598	-7.974146314537837	3.410076715140895	-1.7736436068951293	-0.7244740782071653	3.8563545476800685	7.220990840733508	0.8480862823039219	-7.38465712793621	-2.8676565915261865	-4.612605633135652	-0.6586416794223496	3.600377595931814	-3.2401634537507	-0.0316808569770916	-5.376766073825156	-1.867988906116074	-0.30993429836176983	-0.5085763216535668	0.5895212250910802	-0.8219272774074632	-2.756505699986656	-5.1231348481289585	5.360177774525019	1.1124836618508152	-0.8583721353031847	-0.2430424063778409	1.8248254396822419	-1.215192904492689	-0.19530200494466796	-1.1514443462186703	0.8408271406237217	0.49942827081597785	-4.7042354695395705	0.6727780270704615	-1.9238545744644615	-0.9063774728776602	1.9354196407114452	1.8522178104679534	-1.5545597888555855	1.744724032585976	0.5523777505976627	2.4460429964143615	-4.003507581254689	1.8157973240913627	-0.8991640953101107	4.023298873915904	3.864243804952722	0.959303017375153	-1.1015905096595129	-0.32091323090375745	-0.8549684235443682	-0.5650179676199895	1.5411296792745979	2.346464763723177	1.6691227680127858	0.3362844927472394	-1.209260135832981	1.0132277511469532	0.7418605119521852	1.0742763244982316	-2.4498855004095867	-0.10878733485063824	-1.468936768750955	-0.7122525715307224	-0.6282616699674566	0.3651688553092961	1.183837780024356	-0.48463590586723526	2.5550293782745492	0.677658318932685	-0.6526222518364249	-0.2281515582716287	-2.1824565495190953	-1.2588723331812066	-1.0214798531617033	1.5002019752411646	1.1734348212808716	-0.5704568669806952	-0.12294023746010847	0.6445899624437574	-1.6273655315601674	-1.6058038875193177	0.7839748481334707	-0.2020390931021582	-0.07935887008501605	0.4562313132950492	0.33842062963852687	-0.45583226185762343	-0.08327974595170161	0.7044104762700202	0.13603773624235102	1.969797327600048	0.8150405968331165	0.3389620658988309	-1.143280397500023	2.806639232633136	-0.3344490442836058	-0.08391749379866673
DTXSID6057825	14.501518283944087	9.812729663900738	-0.37972293699233356	1.8365797239579889	-1.8610010861575375	0.28419856795119197	-3.0324031039304207	-0.8632937677466429	0.9846067173711261	0.1420167256505378	1.6729691594355707	-0.4691408454348529	1.220022788823488	1.6163548939500751	-1.243851736595728	0.12585281434793816	1.1002945975860767	1.9630567875599578	-2.5395571993933648	-0.04950022808422981	-0.6234719737897021	-0.6700444427357733	-0.585106857185649	-0.7266390556681891	0.9780171167962685	0.6856788093915983	1.3731284352913076	1.8064880177053004	-0.04673159271762497	-0.4059064564930373	-0.9884087673422657	-0.32394552134557325	0.34183735382285724	1.2578739388240507	0.1508446034908282	0.07725891872966954	0.062305157188399886	0.72870688738952	-0.2470460971798738	1.6925394457332927	0.4036257130682269	0.24966576619877892	-0.2933370165176869	-0.9593162278991539	0.004146628275338631	-0.4622795261807288	-0.26442751285329363	-0.11175927007769619	-0.589156528975492	-0.25264603775469424	-0.5895119233643731	0.4453404374600271	-0.0011711280743087445	0.005919112897663583	-0.0698544101367496	-0.061101856893104385	0.8738414363420574	-1.6744827285472532	0.605799940795474	0.22453076215468634	-0.4634573124475419	0.5903010868440915	-0.41359634214008395	0.015276707148048919	-0.7068935340775875	0.19007072225574026	-0.5005373297918576	-0.2891335391213036	-0.8626222197391333	0.255478324564661	-1.4875806955217787	0.3528707452083479	0.09111035623090827	0.3583329403104529	-1.4644058848947719	0.21977328577459496	-0.0880324968002728	0.21408382035992737	-0.3206971226680007	-0.1336350149371131	0.20387701704475428	-0.39165533486252346	0.004154798928846608	0.05823288360042434	-0.7753375784611167	0.12448531807543459	-0.015252950613974034	0.009820731920920771	0.029189976722009826	-0.19643285028263802	0.08513829706047071	0.5796460192683753	-0.0248404520091085	0.4726880251499536	0.3193745693962437	0.40180551816788396	0.44561866001786843	0.208144329981943	0.8036563710190453	-0.6110796983167169
DTXSID9057769	-5.429210996690569	-0.6705278892186617	-0.9056327169499334	1.1920956998078653	-1.9841490408390232	1.4422586437172218	-2.752562324908929	0.18067540586944675	0.34766324070341803	-0.6699845416904138	-1.8506383980172723	3.992485832543915	-1.116508052553864	-0.21026875343097462	0.7391445007837814	-1.0002155594642006	-0.9106087011010608	-1.6714280798029846	1.0628961761841311	1.3348303205233234	-0.8979462323243529	0.2181874824512922	-0.898118996038217	0.262420993820167	-0.21038019834271868	0.9034340578575787	0.9789999340210152	0.37893024802739295	-0.9592260322098947	0.1072111659438137	-0.4305568425701896	0.006931102998026815	-0.29739165398803763	0.1655818149638079	-0.43160955882954855	0.162109768142459	0.8919282635603772	0.20972106422699108	0.19388524542425373	0.9781301347721876	-0.6518753257296858	0.030517994120310286	-0.21170375733963676	0.42932000722523683	0.4084126361177872	-0.02870313567412124	-0.19670989905849112	0.3324525362414842	0.42882499388595074	0.0857809863441386	-1.1848559057231247	-0.6957652580805572	1.1983949099778393	0.07947345076131258	0.3313523014929627	0.045275525982816214	-0.7990044982359107	0.32070227556370534	-0.24696396873535054	0.18934658148029082	-0.353069491691702	0.8923705680129324	0.909904513620417	-0.14263023553151824	-0.17772933064305327	0.278502791333607	-0.08168195215236027	0.3633803969802102	-0.571244619033544	0.12679754868095924	-0.3587682668720405	-0.3255194756220378	0.6050516364193415	-0.045082027887765316	-0.8053870468938968	0.0016346762176456967	0.35686669529115594	-0.4273178731303528	-0.25235636434583103	-0.42568839194510877	0.08811771032714769	0.10834225550564977	0.1675502625048617	-0.4132438716957823	0.21977978496144182	-0.1615178898438359	0.3822686443947524	-0.7089192920602274	-0.10638824886609544	-0.05496622692660461	0.2768869005334342	0.03450589541064589	0.33391048577112403	-0.1566009469093458	0.027864862115815268	0.004016804279850298	0.23082833642896397	-0.13624588633673446	0.11572986324535303	0.09819550098141155
DTXSID9036933	-4.3247111498632	-2.522346865152136	-10.516992099321122	2.9372547231867387	12.566050230498906	0.4207846058368896	-9.548779060868878	0.03206076775306015	-2.8994442477836344	-1.2850412252371892	0.8682409688780753	2.2589813681474706	2.4266568592034052	-7.651641883017648	6.882951621224175	5.6928934219551035	-2.121994014992772	-1.4554011887593654	2.450628566054817	7.673153028070871	-2.4729538284001196	4.5604392179744195	-5.370505444575237	1.3988147848763937	3.299378281126947	-3.427333105582143	3.9313085558703813	1.252170065560623	2.5939416706720317	1.9673825573374613	5.8331795556336905	-3.119738132874994	-2.2227706939006797	0.682409974104738	-0.14124686586237323	3.394834502867311	1.7802647384892782	2.4708574806226657	-3.616165314789728	-2.6831563099909395	3.1392721094043767	1.9302958329154418	-3.1300575989778348	2.0735861116456196	-0.42662330689000794	-0.5900477101269361	2.5758092010008635	0.5936169005780333	-2.1366754351269877	3.0900376025800904	-4.900540527146568	-0.18966413487122066	2.9094308078821483	0.5081128752058448	-3.07411424351924	-2.7720101100427343	5.569710311259726	-0.4991947719885434	-0.695916286865931	-1.5049291860070058	4.950442033712403	0.19949298640923865	-1.4391266388836186	-0.60584089797156	3.4557612448662725	1.1894562171230776	-0.5403471934968958	-0.37931024988590495	1.3789413136927577	1.075377413362055	-0.6779125296352061	1.463452394334002	-1.0868191588424863	-0.11589712596466419	-0.5308296981027499	0.47179756711689996	1.241481899630157	0.5591831432983432	0.5031379174956634	-1.8129099565369169	-0.8391788259638616	1.9770199443859584	-0.060876717498907204	1.0510324538271085	-1.2267055282727546	6.1123239160959475	0.33925117103958746	-1.4510098145749089	0.21515024331869104	-1.1760106573756364	-0.35614876268195544	1.214135748688358	-0.7188196434655795	2.025137750033918	4.7052409282552095	0.7444804533240166	1.5797187626260605	-4.33683519035309	1.206562978793268	5.693636941387755
DTXSID30382063	-0.36984560790728116	-6.005352321201709	-6.631939556601901	3.343695134098803	-1.334726231646183	-0.6109414194981423	-6.72083923562696	-5.562890413082553	-0.6948549151735445	-5.952220148788896	-4.068376058209364	7.130917598455308	-3.111183800189899	1.4162625032581266	1.546246088793357	-4.124273532565003	-1.8210978510252842	-6.234896596979756	2.873697242487436	4.151438034240057	-1.5234775931458606	-1.8909249760902778	-1.560996504395747	0.14323309118747768	-2.0780026875965927	4.276407608162781	0.5337960624133142	0.01793955777263906	-2.1734577563859707	-1.9839056653806815	1.0778725012429893	-0.05221924084893141	-2.0366192734698974	2.5061577154417924	-0.5544476448134468	1.8984088491434765	2.510606013074037	1.3715610856125433	-0.29375496734677475	1.5367242189577788	-1.1799189863631112	2.4492765663101284	-0.9968207715862976	-1.29910909530225	0.8276280009673062	0.5419024401586042	-1.007392094231952	-0.004021348997810947	-0.9967764844913092	-0.15887649723989983	-3.2719445782217695	-0.9699285830794778	0.3302110071111277	-1.5179906090306305	-0.3780592624411609	0.7858302232935368	-0.7541688989152024	0.867824017195539	-1.2008540496491458	-0.6026012947379107	-0.14379906054890532	0.5704286572250217	1.196146513428156	0.7699145032665795	0.2869281708604501	2.6875150252389126	-0.5179422168396406	0.6028779238000364	-0.18602956275733168	-0.2672296511340477	-1.9555072271308809	-1.9808809137430334	1.511694855345451	-0.49536904011236216	-1.3300475710614652	0.6295565907197316	-0.3802497380696086	-0.7694076734028354	0.20079780120745627	-0.5560885566163692	-1.1673196427835741	1.8285034101604203	-0.4673987830521539	-1.4493372568441574	-0.7392321993770956	-0.431116841207754	-0.6793461006506163	1.1850777820584641	-0.1673642793923194	-0.7046125956762477	0.0842342649251063	-0.08118353335618128	-1.201599974002661	-0.43453213168873184	1.2406732611405282	0.5834416528087142	-0.2993096458271854	-1.1920839591216286	0.07833804528662416	-0.22983588632825894
DTXSID3027322	-2.6351223914279878	5.951489710736171	-0.8047779618583031	-0.49710796699656584	2.1795106361212118	0.9741097303062097	-0.321648281478225	-1.3898239653823041	-0.7902359060624785	0.01678260251208552	-1.711233533763139	0.9254041950483116	0.22657985912924408	-0.47052117931030646	-1.1541273582683182	1.0691785971131194	0.9937917382340932	1.1053231526374752	-0.9630904129210967	0.22913866232547564	0.23928487221673403	-0.8563607911006202	-0.4633709964953342	-1.2039377250852923	1.0280247415097443	-0.04528530975744524	-0.07268717285253176	1.1448493890964793	-0.1600785789722851	-1.0083674987832643	0.11361261300087276	-0.03279328666416746	-0.40569931647534185	1.287516129453061	0.6689453262381038	-0.09847348975775179	-0.172590417670445	-0.2709362055076872	-0.9727576807122782	1.7092472636983973	0.5397987257396247	1.1405372999292336	-0.41697858714811786	-0.41314350384233633	-0.0467273431225132	-0.5955279843046063	-0.2796110268893333	-0.4612087218729208	-2.071105985115632	-1.2300592115829634	-0.6870087471489666	0.5564932784813746	-0.03647708383937292	0.09451131963363821	0.22398584088237145	0.13609248966973303	0.8618645400060156	0.012058222335854343	-1.9736788782386008	0.08139230669735151	-0.4238888638495519	0.5483993790345991	-0.3015547591906223	-0.27054879354978145	0.18003525637304543	0.044662311586825605	0.06818804167380094	0.5879102228969519	0.16761671630609176	0.687450332634433	0.7157331729352222	-0.1626054965288303	0.17664304909897413	0.19055175967118992	0.8017477337070678	-0.03738302206388931	-0.6521226027529211	-0.15072148068478494	1.195256440489975	-0.0817109482502621	1.134315887954562	-0.2979912093044455	1.1605216681273205	-1.2430963105137192	1.0694644406841975	-0.6409472973855237	0.07706837547378387	0.09976797660036504	0.4004724046507957	0.025076323387694364	-0.12081270316383942	0.5682748046661025	-0.4778892870933639	-1.0719501732230872	0.5147173534321541	-0.006516984673031841	0.3025058098909811	0.6842250586645209	0.6618363632855551	-0.814430664432507
DTXSID2045072	-3.4627439006964527	-2.112306749303654	-2.653809674747182	-1.1014401291701985	-1.6972088794098132	-1.8367181540582438	-2.5722695782423877	-1.547835174852191	-1.3142531862976026	2.4626893735382054	-1.8532983498716908	-0.2738765302153922	-1.0203711591367806	0.5359412242606736	-1.0886868411537147	-0.29429364958840654	-0.5985132976818061	0.8992950947703493	-0.04859849713454661	0.46124685576198543	0.024176439107558206	0.4343049244765035	0.060739893779000007	-0.697875037428948	-0.2588724910706243	0.011051620016013045	0.22846035472765322	-0.9317198387823508	0.5418988322570556	-0.18631367879543625	0.8532007664595458	0.6111429078423825	0.5446238955799692	-0.41221247280851375	0.5052268178297262	-0.3830571306357718	0.31820255224338223	0.9197245257178184	-0.12834380849713162	0.14016465712613674	0.7046482728022002	-0.1019214567065164	0.1295575695163457	-0.35077872993708115	0.38732939316029885	-0.23417203547914536	-0.31728962222724916	-0.3383512991289141	1.267454076478971	-0.32609642519153026	-1.4473648120430607	-1.167678139303666	1.1202378622425004	0.6089058756466718	1.13973554621462	-0.7829131888475854	1.1597205306920564	0.49094107298489054	-1.330172200449097	0.18700615371465462	0.16627535958597142	0.181076264300176	0.012489505740142747	-0.7621000660201633	0.23569880657638087	-0.8835215421057581	1.092017153625566	0.50060471788711	0.30155872881378004	0.7879945498177684	-0.18353687545578576	-0.8793796201896956	-0.15621854405768645	0.3738726819135562	-0.2499314068206916	1.2165799866327633	0.8335754929594693	-0.2359659072683345	0.626282967209683	0.583393616879581	0.40604640681701726	0.07457584038335147	-1.3097091089559387	0.11427750698057589	0.4532290026256685	-0.1290588464466987	0.5179438947498546	0.593363983049187	-1.203393426283281	0.6776761152011388	-0.3125972363838753	-0.6237341416137944	0.2117295540436903	0.9016030995541678	0.655944734990352	-0.04887757604391646	-0.8775371446843219	0.9020044336958201	-0.8883069555745006	0.45000037045433416
DTXSID3024944	-4.636789107783942	0.44126790794079374	-3.148826562520138	-2.0233107799037016	-2.1736509696014585	-4.23607317026172	-1.1400201580257165	-0.8555581836844773	-0.4439907980130579	0.1052513326532008	-1.5231933930069104	3.352088308579441	-0.9696384579495961	2.732634454553418	6.477891112420847	2.49062564968484	-3.7643599535427077	-0.7343782281882884	-2.658667426414481	-3.406516119870522	1.0834681892222597	1.1938394898597975	2.3213788470297074	-3.5241393637424303	-1.4865143516365364	-2.336982698793671	0.11299762851875544	1.4654676744596413	-0.17511787662461195	0.06881722951830378	-0.19146671155206357	0.22377438625507093	-0.8794490121237307	0.8521591499116619	0.755992152755623	1.5510308336515897	-1.6322969218653147	-0.31242004717372635	-0.8135192405047585	-0.5695887793136096	-0.47583392701675936	-1.0129752629746447	0.6028654265568639	-0.774070353781128	0.968904404128666	0.2863702366630754	0.10653303221103581	-2.006658480024132	-1.2143693785904637	-0.3833413536316319	2.049030051165236	-1.8854340499511042	-0.6809285390441344	0.637080802802607	-2.0142167658149397	0.2912815252070207	-0.5413933498283907	-0.9214953054896845	1.036527012422084	0.5461433162314718	-1.632001201367777	0.9577100201572859	0.3843385533362331	0.7548977862416814	1.0858107914843942	0.09824377068145218	-0.9113841388751189	-1.0218503690797698	0.5470739773404095	0.8402993080352441	-0.44151836083909485	-0.40612781378670076	0.46856911290674175	-0.1266641627017113	-0.30030264649239424	-0.9537318742943138	-1.8674846884374152	0.0714390888780137	0.7420310556593475	0.23916676305082935	-0.8960070031658145	-1.003022608296493	-0.06940871884226196	-0.12489477578806696	0.0315112749458778	-0.3357467936629913	-0.648685817023717	1.009124748058688	-0.20237743782864218	-0.3068691935610354	0.7198810868538306	0.0052156224918657595	-0.4794854240977943	0.4918945343227812	-0.3179309352806528	0.05576705460812171	-0.7235219787759126	-0.5016193468823923	0.18596382507791276	-0.4907551647660857
DTXSID1042281	-3.8128110798154458	0.08272884335780567	-0.7472296826751704	3.6624249965951092	0.16184089632679566	0.08170494681781983	-0.2023084766395362	-2.3793179052226674	-0.17847530088595584	-3.280198057822069	-1.5179620885359772	-1.673216000022022	3.475147168616996	4.563616064594683	-1.7548370543878653	-0.8953414930458045	-1.1162770536199844	0.5013765933975756	1.176499917890078	0.5376050539820707	0.4564383232754754	-0.2786439735893262	0.5659030666829462	-0.8466345799171937	-0.3510160940727827	-0.27606611593914815	0.4054294625621921	1.3800395844987126	-0.06814530878363542	-0.30969483686844573	0.7476453354552096	0.014861063893304837	-1.2015987636201884	0.9950818496615967	-0.1808205427165963	0.4445523889421548	0.5768115669740577	1.1842741540191866	-0.5388172785971989	1.523285881633399	0.3968586214017846	1.1349265863911835	-0.8807445945656196	-0.5766284877013563	0.12814551357768025	-0.4305904976260184	0.07309000662563456	-1.0742870201747245	-1.0578112979695677	-1.0203354054827427	-1.4542480613050148	0.7012309985269499	-0.07142782644270854	-0.3808285972931592	-1.0712335444113217	0.36163949420281116	0.5495834617504606	0.47606591957560374	-1.4059982575554935	0.08363936649442069	0.4534463684093985	0.40843796653140046	1.1366919043676627	0.9784209323770415	-1.029483990954875	0.07752691228037827	-0.5711641877303861	0.3016636680959393	1.3086238173344593	-1.1576522075960167	0.15379856307972842	-0.41198473565829535	0.006122582897462744	0.019869821678188442	0.8783228830116551	-0.005850829107791313	0.9581546474377665	-0.2905994939653663	0.7366908021933477	-0.08141735955217005	-0.4320375779683478	0.46588436005423833	0.43844023558834394	-1.0633896171630908	0.27277520288405027	-0.2594460154898037	-0.05565598020838124	0.4971458895395376	0.854087690640903	-0.12911383306572047	-0.0343986806955706	-0.002104490814586489	0.23340443683303444	0.003023939918073855	0.3748442520680367	0.40111731586353755	-0.018990292391694277	0.46681974571782675	0.4537844606414241	0.41648285288188985
DTXSID8045222	6.189283693639126	-3.1348237206280998	-3.4408852568709003	4.2821146784728645	0.6524558593101322	1.6478047783407457	4.3146756024550745	2.6533664659800285	-1.951752168804787	-1.254369167107403	3.61959664689326	-1.5167814082081095	-0.7050291662433466	-1.448531254166923	0.3660405011907359	1.9296005479759502	1.7590964526389812	-3.5927840085749647	0.7044769099802142	-2.136969546385933	-2.450841013682801	1.7766836484059034	3.0869931120421286	0.9238726001325812	-2.0261607227072678	2.4940185848184555	1.4331557684705742	-1.1957155982598957	-1.5479989120059874	3.926115359415315	3.644178005201762	-2.111222884977015	0.7185170266829471	3.3406618606343854	3.682659126233626	1.3242058824900689	-2.061640493387067	0.05801058660714178	0.559948471006918	1.3308936668176423	-1.8621632416299854	-3.105459103005362	-0.2523143601069113	-2.6216666990424233	-5.021467440597585	-0.9104015437453453	-1.1230722006630334	2.0604526812324795	-0.9316465194632421	3.963593139762839	1.8472454578287616	2.08665706476262	0.07953827400503746	0.917909681725637	-2.648181167346443	1.3061772602115713	-1.2273897699000744	-0.19426339266493162	-1.2732376181247675	2.457027165950677	-0.06983010103812629	-1.0311802609466325	1.9241496900097754	-3.302503050124349	0.5394439784800114	-1.1529877077341875	0.4339515287071187	0.486499452257516	0.1741126605202015	2.8203081280092133	0.951904607563159	-0.15094127639528887	-1.1734497281103013	-2.618117794790499	-0.02292169303681696	0.7547102377115761	-0.6900722327609351	-0.5374823855784648	-0.7341827753493684	-0.9208747561311755	-1.3395167374200307	-0.6020346240111479	-0.11079854446894004	0.49118784145784006	-0.46866167448721435	-1.505265789593648	-1.0765134249146753	1.069186993879495	-0.5598981735931555	0.9381228814834882	1.3521041183742426	0.15326909108854841	0.7432787504599254	0.6958758162875505	-0.07142284866007366	-0.584327581047865	-0.9031153684489306	-0.8198501331841922	0.39233734900321526	0.5745442326335075
DTXSID7048619	23.5311004789036	-11.998082358989686	15.949958615500273	1.1709100370879288	-0.908596897731854	-7.894000391862846	11.206035671354641	7.65746733776365	-5.4642570764712675	2.601493263596476	-3.996803177662648	3.3728125297153624	-2.342232933753508	-4.927565777171735	8.743359105902401	-3.1475402115411533	-2.0486575775878983	10.353228226286635	6.731396342463959	2.3773498800685724	-10.790538483592588	-15.088685502571273	10.713299417748951	6.987359553261213	13.766920502719076	-5.695023749543147	-0.2733253639278976	2.7595019732911834	-0.6837346968287724	0.15158680949377668	-0.6561694442235154	-0.5705833010266852	2.261189334854153	-1.1534867352372329	-2.8344862575484435	1.387859349857333	0.04402388041244394	-0.011657880094765427	-1.681598471661028	0.04725525634926119	-0.8945133420242258	1.6249900114509626	0.7693881736725939	-0.3166115461737859	-4.546647363895361	-1.3834922264107257	-1.689019824564131	2.2168084094839946	0.031093237624771744	-1.3017340163144995	2.483276751301763	0.04146830715927755	-1.7686089810363408	-4.989349553595189	-2.161539590131946	1.0739011469958073	4.701018665729246	2.0811283482179843	2.083324068813195	-3.9539983137604855	3.0348585049437466	-5.661645261174214	1.601168591374309	-4.3463244688149185	-3.4906070673315464	0.7951718664173113	0.14750517520975776	-3.2590844228586437	0.9054170889777435	-2.7582370798065696	-1.474092802305295	-0.09392309062013503	0.6781258713550081	-0.820013345859308	3.194833701331943	1.205377916766651	-0.1669915046532165	-2.4146797279372474	-0.25139705069222945	4.3439978106859725	0.12412009688894067	5.328182106390131	2.3402320669333747	5.508256591457316	1.5552667286184274	-5.992164806611435	-2.8366434889713052	-2.6231415695798797	2.3686370693843193	3.630209733995647	-0.5276721039772907	6.752654396891514	-3.444949321884539	1.4221327900736465	1.2465848565121154	-3.688742413980627	4.592572616044608	2.5981126739615372	-3.41500948450453	-1.9785402331305733
DTXSID4046101	8.07048410483554	-2.2506053922559306	6.310125936609403	9.096189718493084	-0.1922062995874551	-3.607384743588452	0.45347529941950077	-2.3935559447924053	-2.04315164633173	0.33061975752094624	1.7479262839359349	-1.7234485283261998	-2.0262114429107343	-1.4337311923321732	-1.3311661655629168	0.28209738577572735	1.2895541338131071	0.32705852717931827	-4.368301526607988	-0.9347542149213031	-0.6020909647747277	-1.7104648381066259	-0.6512368338962352	-0.11310802048370788	1.710377231735894	-0.022329291546826287	2.8777690005684464	1.354431697824482	0.19215185270583152	-1.6684792295042175	-0.6081036633391149	-0.2503569568298456	1.2736306531562829	0.18035215343470656	-0.5922096370396873	-0.2067122472729638	-0.14723077713052174	-1.6631366524578797	-0.9041698457265295	1.970895717094517	-0.9292671840850278	0.07853129028027471	1.4815046872038387	-0.7676721678051391	-0.8167008844203387	-0.044955832812298153	0.7619823388856097	-1.1353642590202186	-1.1537688509128823	-1.8979127308693513	-0.6506821345185089	1.59399203808366	0.7127290509536163	-0.7394032403125043	-1.477303615141167	0.01662587644740009	0.4894805756630117	-0.6723207376273846	0.43635392661296285	0.7728969571518642	0.5316797801860752	0.7899646903618123	0.6296493548548182	-0.838538795537689	-0.4780807097718518	0.38512384818843204	-1.1670487451286518	0.7529161561386051	-0.28927683332152865	0.7818355131792335	0.5081724954632624	-0.20187973628822553	-1.326924375628241	-1.3221018648058913	1.519190503968752	-2.6701989250635134	-0.9281951001994247	1.0643682744571255	-0.6457726442687184	0.4689630680147664	0.7602128230816272	0.7062586612477525	0.007762924698173609	0.16306432741652116	1.0910571074192856	-0.6534091776458237	0.25416547733806183	-0.9189839435376447	0.04622740301083176	0.8013276679442008	-0.027567025560253276	1.014624235809282	0.8792525221798109	-0.5230554742972928	1.4263897652149464	0.11045829183052562	0.06774417853605871	-0.9699102434848575	-0.7980422154663654	0.2190596408619546
DTXSID8025040	0.1589317403367004	-2.7621268876088285	1.5406057022812094	-1.7599791230176605	-1.1088046933353004	6.036477951483207	0.4248929375390056	-0.9898661714140983	-0.30996744629545747	-1.1646096846620886	0.3033189646409144	-0.31827991898249	1.24157160787233	-1.7622105806328396	-0.695929921090206	0.6746322173931149	-0.040867187052863956	1.0497918751208544	-0.16426426710516234	-1.944675816227035	0.7825895097800861	-1.3382122667672773	-1.0509668417392257	0.6600838206003641	-1.2565665079457353	-0.2706607827800837	-0.7342069831188719	1.2306970695637658	-0.007070310878376633	0.6930006983651822	-0.5761753231330423	0.2957970480909674	-2.1556261339671363	0.8273363847358579	0.03158519874341275	0.9944779929539259	-0.8329883561500436	1.8748344899299216	-1.1544724861490596	-0.4420489017301439	1.3772913349351388	0.7888557584670628	-0.6456772851637602	-1.414405847851411	0.0947491211881691	0.26236877846438844	-0.1074745020897948	1.1708989967336398	-1.6002054491918623	1.7008899193903622	1.2396514547740147	-0.08475937473818386	-0.7950649490798449	-0.5823963687835981	0.7814052628807091	0.6238584931449703	0.20063026884071072	-1.5457414163243464	0.6080559212965262	-0.6398760926847897	-0.6827982485375934	-1.354901787436195	2.101648137769642	-1.2466289341174444	1.1183545406860473	-0.4546118083360979	0.17418026454668697	1.1788178168091308	-0.39750506509944367	0.6416391852901805	-0.14645683522383043	0.8499675328563905	-0.7584702767478356	0.6730194089377316	-0.8428150163613103	-0.06857445024725323	0.8693962573580362	0.8927389976873525	0.030524787768547976	0.6155191307014215	-1.339182918848575	0.02088266192520006	0.6403456645878259	-1.2736329879957895	-0.06851391531537111	1.513402339923357	-0.5903528539480509	-0.843724788361005	1.2051404739265175	-0.434529998575234	-0.25648848947689257	1.835637824566096	-0.4151697954573792	0.08003778762654773	0.4239057060969215	-0.2166337192663479	-0.5282255301263852	-0.09147586410686463	-0.31783709785228687	-0.10914983751898412
DTXSID4022602	7.0991284527679905	-1.3518574315962277	-2.973588426742975	3.8419218491761122	-1.4609121364098987	2.1032825767464796	3.2586142548607837	1.0926052110467026	-2.801113926765645	-3.8477696535952646	-1.4098289341218322	-3.5238164693387906	0.5964616396896425	4.418963156713298	-1.6716118602740808	0.7985149045422453	-3.803201077478139	-2.137807367561077	1.9544954022818422	0.1347959879101636	-0.7882353166881797	-0.35253681400061676	0.6541327979134164	-1.0562015285392456	-0.4876047123692879	0.2640701762673365	-2.4595540977068726	-0.6651518614183323	1.0748907980620055	-0.20410210515690946	0.8095139291178641	-2.3017913055216663	-2.054687900726997	-0.669480249978551	-0.684597035323211	0.13865644649585587	2.415533825381786	-0.7693369431088176	1.1159879737179081	0.1401974318166317	-0.5353550893275202	1.7039467414838372	0.06938863795073431	0.07676318901933445	-0.9742096149706468	-1.849584641728329	0.6921938837207393	-1.386150820858455	0.5953715166258831	1.3575820392045541	-1.7449183585800112	1.5280726405146587	-0.3294795112177455	0.11786955475704622	-1.5232871083555746	0.7148561735210123	-0.37962236117736514	0.571890572320806	-1.4460072148115937	0.7917550482679029	-0.7534128129510744	-0.333593804350811	-1.2359765697972154	-0.3324152046184582	-2.3461341991895672	1.0105156039254355	0.28674783335533677	-0.5917462687418178	0.28912077579704015	-3.4816899892131286	2.167208132517829	1.2922279359699336	-1.7828296515485214	-0.5461894660369938	-1.3885276587422728	-2.0925864899147055	-0.7172542883276565	1.508353403051906	-0.45602198720099213	0.30895890811958987	0.1361477379595265	0.39722684083844156	-1.7513768771981928	-1.4828037762196389	-0.14760321408379445	-0.45043792691015927	-0.134744064133453	-0.050634469765504474	-0.0448204017464987	-0.6637967493659909	1.3181511296170347	0.16718534732662665	0.00910322665257782	0.6253665736424697	-0.39081656487917754	0.23124226046304727	0.021542111924843007	1.7234115987654428	0.41829310190081	-0.6249446993388749
DTXSID5021415	-1.5554934940713607	2.7270868877745484	-3.3426556344075617	3.6714944880378613	2.5491759577778006	-2.1110856472858393	0.5685579976315719	1.921426670310269	-0.5943322962604255	-0.6042958425180015	-1.2946808537244008	2.537147848823436	1.4308621719964587	-0.0030748651647447	-2.556314213264697	1.8349367963162846	1.3511036431245986	0.5855628708571384	-2.1372728266565932	-2.1810321312921284	-1.3828441013462833	1.2734848903509803	1.1438316553869825	1.9017330342999783	-2.4752060426831286	0.2123380651858712	-2.7658167744251014	-1.5203978510559126	-0.6972278504283578	0.08469495116987542	2.0486282862252048	-0.966388085075601	-0.7383811436873893	0.5224116214017768	1.5590766398948652	1.305498246428753	0.18704081339976072	0.7015597377826951	0.1237617991483576	-1.85338117381313	0.2953947226599276	-0.8303653790939666	-0.621382517935704	-1.41405599321408	0.6659839164347494	1.2738674346261838	-2.096649190552121	2.1160151020866618	1.0161763251177967	-0.5792448794849	-0.3396615251308731	0.34122237125362903	0.06895757103373253	-1.8493499783701512	-2.2876995174885404	-0.666131707931108	-1.1607198845482172	1.406286008618933	1.1503871486247024	-0.15332861049820815	-1.0380181212943924	-1.6508923105731599	-0.09319486411206851	0.37209918517710466	3.0063706246148327	1.7337361599010608	2.1179673637442673	0.08940908681260247	1.5578754339357583	2.900122343682292	-1.831589629755834	-2.1487048328008047	1.2830450413103858	-0.8728659143686762	-1.417177108274404	-0.6148826443999786	0.8683448321112182	-0.8439712350051867	-0.15018934203712428	-0.2537031085972234	-0.489996003062996	-0.6013216472551008	0.235269259545671	-0.4905703935329828	-0.35913102359263	-0.11955344563848064	-0.48834653978029	-0.28057582116780405	0.04137838456810594	-0.08728384225880167	1.2659526608171665	1.1263726514202157	1.0248622398166927	0.6435310547700066	-0.43323886591595073	0.15293907909501495	-0.10274685061950059	0.2251377479981559	-0.0419160260694159	0.8124052519488365
DTXSID3057729	-3.4638710622733435	1.383481367625619	-1.402674918995577	0.3403546637637277	-1.4786675996759888	0.057828608958128705	-1.099769779322135	-1.8327822190982421	0.1986592091056713	0.473872529481316	-0.2889923598613995	0.4463117488140466	1.5661318200282905	0.6281087995537978	-0.6922819695362983	-0.6066269757497854	0.736010703572795	0.0986415456772415	-0.37706777656500334	-0.10161134009604315	-0.33706345697755696	-0.4934073715685914	-0.9488076610273948	0.049663007265270516	1.070473709829171	0.7540749496274513	0.3718916136161467	0.5318464376418804	0.12095134122817773	0.7084017328139955	1.0228746447790444	-0.11400924782474407	0.6779454680422649	0.9704720706750732	-0.7277919096812017	0.33086135815179596	0.3332987979162014	-0.1260707034539211	-0.35970670913806835	1.7642268645725458	-0.04538138103714842	0.6599395653430754	-0.4566101023575521	0.05897434230073688	-0.2422688306477538	-0.05641336807985311	0.6749613108395074	-0.7167237809593832	-1.8841019886086858	-1.9964145577699197	-0.3081003682735102	0.735623929689432	0.48383810856218135	0.31457016293747525	-0.8411890029460933	0.7387313407364372	0.06351801596006051	-0.40392421904993403	-0.26885440865285615	0.5518004736501979	0.2242974743146747	1.6433010804474246	1.1778930213587304	-0.18785500198434274	0.7387695162809186	-0.3137539667656099	-0.5994934002797484	-0.3859587625957869	-0.6231285940608334	0.5498913482971808	-0.7768999015854725	0.5290236109833186	0.5385165762445951	0.22746755310503022	0.521235623510572	0.5467139212851008	-0.2324940341439744	0.32307550188754713	0.1592024235824843	-0.4128624420915366	-0.2728626107068499	-0.32446681975430003	0.4477981160217532	-0.6270823638653101	-0.5447390526559819	-0.9124207016967554	0.02754214180714797	0.10281557322566526	0.8856157181530612	-0.6073505774179995	0.6814464740254621	0.6945830318741506	0.530743968374508	0.3120133135969302	-0.4397347705587036	0.04733752959500719	0.38892173842833155	-0.0887583648222254	0.39417615963531494	0.3392321899911442
DTXSID0022432	-2.299192455463693	-1.3791035468510415	7.739651572932921	-3.0514878572703243	1.087501775915243	1.400079907406239	-0.4226439656733387	-1.6025068142496475	-1.4726541971882878	1.5728894799399629	-3.70946685541405	-0.4579946580062607	4.426954215136875	-2.320603410606643	-0.13811182409701206	-1.547854562830743	-0.10481866563539123	-0.6620421738545808	-1.4248672544106047	2.0079534046225693	0.6649959116885168	-0.6802022871256848	1.7943944238596603	-2.1980814961713833	0.9128217723114087	-0.3318655044686203	0.004999119755428567	0.34328676065627567	-0.29523524276396484	-0.3530881428376733	0.48316174005109114	-1.1929390339968753	0.45070000913091335	-0.1784758095833809	-0.6077477824423348	0.7099197480388221	0.8444689106328758	-0.6797506730516764	0.8221378784826606	-0.499747826913089	0.01979179660710785	-0.6967380308433471	-0.21003823311207853	-0.6072500089764542	-0.01272497000688248	-0.6867273076243373	-0.38407774028383607	-0.11479505881210646	0.8439554851509683	0.47354541122785176	-0.14612029617926542	0.6575761615227802	0.18147718773554863	-0.6319464441001192	0.08762264963903973	0.12294508237097822	0.19506930190822958	-0.5226732960866897	0.5950824015753007	-0.31073689388783193	-0.06745765071457255	0.06269827726451502	0.272324580366912	0.5316463568336739	-0.10660793714990006	-0.5991855247914091	0.29850792263601733	-0.09454042309258386	0.03649650350333855	0.23900056272027942	0.10787789319085656	-0.4082632506545125	0.3223157923149835	0.4439461300598828	-0.1992752876354835	-0.11473294005766828	0.008947145734845993	-0.19202023311393632	-0.00033289820405955065	-0.36831203589956923	-0.21550206691952237	-0.005745530953584469	-0.36078563675035	0.07334794201308269	0.22610760655132664	0.2544076590899928	-0.37386032276647047	0.0631062740504003	-0.5708721338714029	-0.9956925927181998	-0.22387429617207522	-0.10701442202644772	0.29343414257235445	-0.39520699901396805	0.040922266760469825	-0.31409406318248095	-0.4354797337434299	0.20500429200513076	0.1925429665453733	-0.2656551646902725
DTXSID9023833	-9.601082140275004	3.1824603444076796	-3.944982046286508	1.0190608164948822	-1.2665788834790668	-1.101742688044183	0.5522330999650235	-1.239068872074039	0.3558851732412403	0.1454470577541278	0.31193255533684644	0.22803038123032138	1.6904601850298997	0.5022583036159154	0.17769222916240288	-1.4679727457996394	-1.0178802732699612	-0.5177644135026164	2.135652794914946	0.132689249085349	-0.549666483963714	1.0128209888030195	-0.102977957906966	0.40750491875970896	-0.6182077871474672	0.12128387018638877	0.7068588946664814	-0.1586466924551809	-0.09562779744579873	-0.5898152711127412	-0.5993116741071663	0.33101080007423017	-0.20956316031857458	-0.6680070693276828	0.5877249773165837	-0.11024523469356882	-0.33677478790731774	0.1415775652179369	0.3760980329698019	-0.7505573065810797	0.05254459690252533	-0.6507884568712023	0.14402376851606583	-0.04639363354049189	0.07978286978751302	-0.19683650965127464	0.4290261133197885	0.7755305527531179	0.45259851615220514	-0.5320597252368867	-0.9021392765785264	0.2998770376288156	0.28888853279416477	-0.36060358085377947	-0.4673476402941913	-0.31457694148506876	0.19785390296131766	-0.901217609125136	-0.8384798335943999	-0.05492460313185586	-0.3407768877603	0.21644825626612052	0.0012350036181805579	-0.3764439267594814	-0.39403243415424494	0.15514010497407255	-0.8856998264307141	-0.625509834698839	-0.4922335344492498	0.8422142025528319	-0.1822852312078194	-0.9848979279503901	0.21299985220852044	0.32036193426779297	0.5587318204014075	0.5084619413428866	0.6718262394546942	0.5970009381901782	-0.9350752028155169	0.3064934594714325	1.0517821880690688	-0.7175184335993675	-0.9123042197517027	0.2894953856543545	-0.2815624524934987	0.29495077784229334	-0.29871685448462393	-0.3711591625342592	-0.4362895067904566	0.09170891458246423	-0.251187899607643	0.6315041897208484	-0.9954413818957453	0.5916174379844343	-0.08620116116522937	0.6283179120235793	-1.1003439751495554	0.3570074397894983	-1.1499832648195205	-0.17093904356958986
DTXSID2042224	-4.07120566024128	-0.167483749218267	-1.1683644084341578	1.0829098142543399	0.3782335351708598	-2.10044073115626	-1.4441418954507015	-1.3648871261561606	-0.722080629866711	1.278178448357076	1.9042158538591045	-1.0648815984548572	1.324281096572893	-1.0283117265073383	0.6173230530056726	-3.063356045407244	-0.6024462325699619	-2.393525575628908	1.521707314449848	-0.6028888930795717	-0.5631416774206583	0.6995996044963659	-0.07328573703055787	1.5107088528746822	-0.5604238425090932	-1.2436257309966816	-0.6103078223605182	1.0102859049992827	-0.37287057011074876	-1.7293016601871183	-3.2370671628988816	-0.0341559972856918	-2.574395231250569	-1.813358305520506	2.260454340922544	0.4871477441144642	-0.99095636691767	0.28225824391681614	-0.9265183564311764	-0.36745136056980404	0.15108430464306313	0.9882636797233917	0.01711416158331353	-0.017193404161692283	-1.067333316626969	0.12990966682306826	1.3622366010949458	1.036691540610986	-0.2898900973635516	0.9784471429031981	-0.8666760171584228	0.4462250251696473	1.1017074025381604	-0.2660158553033253	0.32685334227191776	0.4798251228386026	0.13146302684312197	0.311355527477869	0.23081428309711838	-0.7762078394720264	0.12470097371222019	0.4089385870529269	0.9639471506150818	0.5715745244667115	-0.7917244929048972	1.2467721278683062	-1.923361073770362	-2.6209807927563453	-0.6311292558648349	0.17652945439562645	0.3921103133000837	-0.03422772810559409	-0.3470281492743031	-0.1764086309301495	-0.7775374439072351	0.27234406055325233	0.38074440586356956	-0.10202604647064849	1.2623116658866929	0.66830211533089	-0.3043293415579785	-1.6240775675970718	-1.6346704857775964	-0.3945631380572817	0.21736421003234724	1.564804321574056	-1.0266919384957371	0.019103716633449192	2.0384546543763213	0.609000161871308	-1.3916418483359252	0.05004532348934704	0.8990550175823746	-0.5746740277558048	0.5282853478062052	-0.4338125102992891	0.14323503230764079	0.10441351342518743	-0.00010146718712527953	0.5175407004248155
DTXSID7057602	13.455522925667811	-0.3095677861021166	-3.2206767674723022	1.7452062971430127	-0.2211236983688535	6.972672710715188	7.612918544037299	3.1803089708048513	-4.453268628875521	-2.4240765467388683	-2.712033169824178	-7.121669971641265	-0.10701776114256277	3.909725612024071	-0.2838144650934814	3.585851754910961	-4.098642304153688	-5.375173727122159	2.044010620394444	-1.1067143641204669	-4.3253181293629765	0.2344838269673713	2.427579296272011	1.6215634718123542	-1.5482170560759245	0.021312679202367613	0.3129432481944746	2.5646374168708475	-3.509898867692315	-2.41063741111243	-0.190888516882351	3.4246315954468707	0.9808068968775333	0.5551501819063023	-3.048983177900763	-0.5716644135327005	1.9891747099049202	0.5383939058630697	-0.11243874565914357	-0.18232553450338312	0.8419056604540028	1.785797970100565	-0.7582599224907024	-0.39880174809346625	2.666160912429058	2.6071037374790165	1.2782148451985673	-1.4871126000501165	0.4487834197338992	-0.8336446883454157	-2.800509144802219	-0.23555932333904872	0.48577129912739997	1.675379360880026	-1.7718235035210226	-0.12784331290533807	-3.0565398751947597	0.423937301405075	-2.186380000968109	1.1416711481020492	0.8480502856228262	0.6247312254267161	-1.1130540246118317	2.2902560716663785	2.3410702775574497	-0.5126198011786675	-1.536247775582405	-0.19303853780634267	-2.357718388404683	0.5840834012070021	1.1049048228345215	0.5245819533685412	-1.2348648161251463	-0.7924300718159396	-1.2464930819013227	1.1622626868186146	-0.7648156430499152	-0.3212397342377602	2.956235996472052	-0.4096231836036256	0.16457343868037244	2.252406393865777	0.5666601215339154	0.15204902486090363	-0.9485586775228484	0.9980247222414265	-0.775621191935532	0.1817829543982706	-0.8957640043849507	1.1705994045370605	0.6347478654542766	-0.6725461577019405	0.5015711030190815	-0.3647550362107676	-0.3403822484659241	-0.5606114426259575	1.4467375928387454	-0.3216009455963874	-1.9390546362461636	-0.8184398326432517
DTXSID1038824	-5.065171205425851	2.860057639778797	-3.7657382150260004	3.777156847547109	-0.132877366830191	-1.4531705061458609	2.1390950303813234	1.5417632109921295	-1.053902368630488	0.25286946544452527	-0.014552872620031947	2.09331767131579	1.4542994992120757	0.12389886314439112	-2.433190083093193	1.69743703458327	-0.3609319367834827	-1.7716126466324595	-0.9301480324242561	0.2881964649626728	-2.003565928204481	1.6489126004598111	2.5774920643791215	-0.331775260795183	-1.7001027422773638	0.1397378850762769	-1.3739083075671472	-1.9465675871950674	-1.8308756897096718	-0.3361554185167681	1.8769432300249083	-1.2922977227758612	-1.2893433732232824	-0.022683142634376128	0.15697526410915907	0.38659051275799766	0.7991854619427611	0.5765052366171001	1.0825992570522198	-1.299272929303366	-0.11343493408455627	0.4514129621254109	-0.09329990092416302	-1.1378903274117396	0.28853995466282917	0.281188456128136	-2.375771906754593	1.572546892711058	2.212549300891897	-1.0964504611878707	-1.2907598700959566	0.6113685808371352	-1.6873206898918656	-0.8063243944042814	-0.9928997101855155	-0.7784172861480629	-0.9775243368554739	1.2346688681327762	0.6715638251884434	0.07751560161886029	0.3561816362072295	-0.364283117950437	0.16455656811717848	-0.34583638926483834	1.5255686943052444	1.470622145849153	1.0902031346205128	-0.9075975066173197	1.7999256564154227	0.7967411633231296	0.1753340605656392	-0.9377324988264617	0.8702095852335059	-1.3066593128743265	-1.1463293931730294	-0.4940288346865698	0.5576572487571277	0.21066188295417929	-0.008112026123484046	0.08012421202123046	-0.8990637023454302	-0.7056148299701994	-0.011721195805339799	-1.4844836906800971	0.471880415521444	-0.641302684256892	-0.15449973145337167	1.1925262920264836	-0.2189116696265464	-0.7380427825793692	0.6812534712975763	1.2330215431971874	0.12143881285212503	0.14478861187052122	0.8797916022940977	1.7138465117163915	-0.5456745973215734	0.2639861013315243	-0.550346004851155	0.3919977793896426
DTXSID1046130	-3.7511173782663887	2.3024657864390154	-1.866065512877929	-0.2945104987684139	-1.459216610070228	-0.6869864693861	2.471382869755156	3.3969072187879785	0.9753293930239821	-2.1370794470066543	-0.6815108901396334	0.5943489931945789	0.5333802827434181	-0.9776629307305283	0.24571029960726157	-1.4942907158082692	0.6324467827957087	-0.23926976416266685	1.2333766013139427	-0.16350156139173158	0.12362986861879177	0.2287469368787185	-0.4006317568542173	-0.5061696350356638	-0.013906118610801195	0.1630157068222366	0.44865185139027264	0.27865759157737285	-0.22651314849270363	-1.737403827727531	-0.6990530140230368	0.007452643573713201	-0.20135096175284636	0.2604544854367851	-0.854170059984249	-0.11489294750718777	-0.921512016885108	0.0763480017540612	-0.6512289615064533	0.923897342342597	-0.40757872746209106	0.05914702713944203	-0.49561035659059427	0.697595281267522	0.327693535981559	0.8049154322870181	-0.604626408888267	-0.6218010580754155	-0.3965260570684145	0.11749085475864934	0.3191550958862335	0.39609440502154825	0.2288891033236486	0.590827752992572	0.6402637500290808	0.4928698722236246	-0.9243255668412264	0.17530086983512502	1.0198982089211581	0.6918801015883282	-0.3487889486565106	-0.08931049786526582	0.46973440454004717	0.08849248110164946	0.08618483097013355	-0.17462932793878116	1.1884939888100559	-0.30387379962739636	-0.510645550151387	0.42399082489003104	0.862322544824045	0.24789839741709613	0.08156445854041261	-0.634876352255952	-0.27311506605527724	0.430964014867598	0.08349790632712756	0.13406751782701676	-0.7103094702927917	-0.14872866899441012	1.0028300058065278	0.21122808197060533	0.7446541402650637	0.5215057295773182	0.960852006834528	0.21813988035915477	-0.21143570609658272	0.30208514656448915	0.41189543156080777	0.6321848296675425	-0.33104346318363703	-0.4544623737670953	-1.0857260491037413	-1.1991476719597711	-0.23756309296925776	-0.1914238415784379	0.37335343191861625	0.0658926261825447	0.2159033884473976	0.2955132197989892
DTXSID0042583	5.887269355276378	-1.1412468739539425	-3.5126286382103182	1.6509118060332155	-0.7211518832470608	3.434112230732647	3.664992940222777	2.3602134934392245	0.025273160532916807	-2.8116657677865358	-0.21642899061808268	-1.753437084479501	-2.738767099201465	-3.035928239575787	-1.8190140259224121	-2.5036619491524417	-2.1782062055876166	-0.009476721324265237	1.0130165503468023	-2.5513926740060047	0.3420570864586052	5.704708179417613	4.7398549527009575	-0.4032253965227201	2.2675804918239666	-1.425312993239069	1.3067563596889384	-3.1120898306702056	-4.58476309121701	-0.5333541896220199	2.6403053159033707	5.222983894758629	-0.6103007081205342	-0.39706203415646735	-0.26335863983700775	-0.5777851518317326	2.1026011539980236	-1.2283282056753284	2.709748597768986	1.0839945920526588	-0.1912053776001392	0.14053871196139706	-0.30356376910169675	0.14799848907673355	1.33659830960241	-1.8545415849551052	-0.09177213824601033	-0.6848526041417027	-1.758810561158	-1.9514014885970883	0.5681831474968508	-1.387835533044465	-0.848298605595171	3.3843476731580298	0.37626707115218533	-0.2852430729037193	1.7392261357051044	1.8787747320893913	-2.8111114962986288	-2.4890753839360054	0.8268946659163343	4.037803395850531	-0.9666468809164613	-1.3243959562771073	0.8882267236505229	2.177288592913076	-1.8510428277282347	-1.0548713975451667	2.669066335306723	1.533856842316821	-1.8008091355163143	-0.8639644690250772	-5.669534820958653	5.250615725045917	-4.001945421390923	-2.3614675720074656	1.5372362099654986	2.143949308637356	1.8590386344301302	-0.06761685343757741	0.2962220634396658	1.0275655549804914	-1.1701001432972735	3.6713986979277853	-4.235874726461819	-3.055876321192988	-0.9454922670294429	-1.6307414739349309	0.8530318465010217	-2.337527763552016	1.699877848910669	-1.7952957020581368	0.6073879158102878	-1.6758159502634398	0.3994588990903952	0.6179927851056576	-0.454732635130858	-2.447989991720113	-1.2133788654721687	0.3969053082037548
DTXSID5047790	10.64934952922795	-6.712774392812889	0.8279592243227295	6.229334332258959	9.514612447234937	-0.050166316318652544	-0.59618219807087	-1.5060233180256692	-0.03943499448290632	-9.476145052274994	-5.597016000545224	-5.844221018639792	3.84666356897512	12.509245663239172	-0.0744812918410474	-3.6538226667005755	-1.8925399384193906	-2.8679111948055467	5.356730680108596	-0.6971100939318071	1.8754306436758108	-1.362071388344556	2.470244009599385	-1.3926274261362124	-2.7094712855629886	0.43429564069669957	-0.7030456546635656	-1.598688160202558	-1.4819960138301378	-1.1599169897401282	0.9551105118411363	-0.06307700648217343	-2.263267326057866	0.4609454279165198	-0.7460980333656398	0.08180912055177894	-0.7076015570794758	3.029989659483454	0.1259008530284968	-0.03140852195636625	1.9692445155045755	2.3625286768962304	-0.9112122274588157	-2.320520641051733	1.773208087405689	0.8024472411621256	-1.105217055329571	-0.06769374531520259	-0.5230308288000965	-0.05981902725632022	-1.2983475784845964	-0.6779887300570125	-0.6404140960024728	0.6884485072261783	-1.0624647145461157	0.954935357307203	0.6624848663044106	0.06952545355003026	-0.6105744384369821	-0.20424263422905345	-0.7399161506531452	-1.0259325519657783	0.7684400120006748	-0.1706414032636486	0.5667123105121451	0.5037438387887201	-1.3753708191022227	0.5077079075178096	0.21664609545692226	-0.5586704307634147	0.4358480698065842	-0.34273689222692494	-0.20225335765894656	0.2959459977710065	-0.2023650714128092	0.20528892125398415	0.39587825776107105	-0.4804511248889768	0.49575059529125204	0.493828337062551	-0.08177943968855203	0.919048206738937	0.8134190001659561	-0.2969617549620548	0.08079781085971081	0.25914779193270376	0.3714597193816186	-0.22492255178108897	-0.0015183894455875432	0.2525644745558193	-0.5313137706793921	-0.33988714320172964	0.6223207638256169	0.3355388387183334	0.4285822993555626	0.02890502839305353	0.039745277910306555	-0.6992996182081492	0.6454018521636852	0.5707425172657389
DTXSID6048175	4.100517309087518	-5.190620041133302	1.4804427935906272	-2.2324812036856327	-1.9547847640240872	-1.420697874112	1.010114730017195	-0.04869366220122725	2.3034813909219163	-1.2978765070686042	0.8117009355341556	1.345121052902205	-0.11568645789710517	-1.825726385579459	0.020124848035735343	-0.8055132880914827	1.5393181087314347	-2.166016975758101	1.1105599543970242	0.7879670429283386	0.41129538767982626	-0.12862165168890596	0.7643110650456091	-0.5008715971116144	0.6353864861834212	0.17801660783839365	-0.5354226243097929	0.36154005566369357	-0.01081534028099978	1.2986511412773	0.6822975390992135	-0.26122065189775645	0.6207958286406834	0.9181568574442912	0.5839816580708662	1.2941644900429161	1.484726286316115	-1.1995012676172103	-0.5922067859048239	-0.0896144422000663	-0.29425553929671544	0.05508575579544738	-0.2980122963437173	0.6248316306143704	-0.23259506249361825	0.4837351574776798	-0.13427904664775026	-0.6100210466300421	-1.195812202323786	-0.9742374686602799	-0.4023213069972084	0.27779620616381	2.105772544360601	-2.4322928754173962	-0.7174970570835615	0.3788267509617637	-0.5467134949163628	1.3196368938472762	0.2812434577134448	0.058853445115941275	-0.40540413394566066	-0.3122042139603376	-1.192382235492924	1.8099670605744178	-0.1077013084195106	-0.18895929964314026	0.058727736748110486	1.4229020516554207	-0.2009051665961022	0.6612308092223371	-1.7765289790907564	-0.6990825759442607	0.24591465515860444	-0.2180792645945055	-0.8492325293214118	-0.43117805564727624	0.26480985778754695	0.36208697557275127	0.9131039963355712	0.2948566436154343	0.14759611454838606	1.4388061103504262	0.03590299265739067	-0.2075084421727651	0.0368857899028283	-0.7111896211765938	0.3289606913179677	0.20527688987952922	1.4305969620561523	0.8370494852280913	0.3943944749845192	0.3410441189962876	-0.16442417734837808	0.33262611291448985	0.7402630966718398	0.5242299255126406	0.10410089834830036	-0.20862156921242903	-0.4111029130993569	0.9851909080101854
DTXSID6047236	-6.0937933589669315	4.633972298354142	-0.7024644070695949	-1.1416332456055593	1.1607644665227452	0.2044925929279803	0.5549107425863624	-0.9853764483544648	0.5719969959483014	-0.5786366729077885	-0.3851413400289561	0.8453773324159073	0.6706353448724025	0.35159334706652584	0.8799255342967559	-0.8451976686859697	-0.8728278005148882	0.6608808874611618	0.9350519698629846	0.1817190966685289	-0.20800828055869816	-0.12250279638081679	-1.105277446287373	0.3097499418594472	-0.8206699351771617	0.6089343798438287	0.4703570286966228	-0.35951960573793984	0.09089065249843677	1.6672886320378966	1.1941960229672908	0.7167581923479821	-0.039061278403088665	-1.081524381978734	-0.03304229153922031	-0.04934064220071859	0.0590820995010762	-0.5972353896889622	0.25492375578556925	-0.6369736689286949	-0.1627944910994798	-0.2766941938599725	-0.0427663940130317	0.631863628249146	0.1668085966115077	-0.3500982350888207	0.9887387917123553	0.4148473340324911	-0.392510189736049	-0.3064462774063568	0.39021540801092247	-0.4953548316258955	-0.3355777281951494	-1.0688325299298758	0.14914435454459626	-0.9261774772680667	-0.8438598613736604	-0.1287517435735492	0.08252128193567809	0.5916322914633235	0.6076562316268124	0.34387050513925094	0.04945959658399623	-0.07481432047789736	-0.19577504791010347	-0.14474910233616178	-0.24025287550237776	-0.26205817086587835	-0.26336954356636116	0.5957104021781354	-0.22667064754689015	0.4775295207731906	0.16114828763373354	0.4740978848001283	0.46408561510971125	0.2517527601026137	0.02333381443640672	0.5395636584663721	-0.04022240203361384	-0.17565808604076671	-0.19477960523825563	-0.29860939354907695	-0.09320308967224511	0.17696459154328706	-0.243853131794743	0.14371028959367968	0.19848839819995556	-0.005622324780176149	-0.2552648925058386	-0.3384618942591127	0.08589853759630184	-0.10557521744151509	-0.1508870852702804	0.12320615068542742	-0.6427422184938498	0.039011375601124554	-0.020387126008939264	-0.023429554312952947	0.006083665548724986	-0.09920043331535203
DTXSID1046007	-6.442706264265262	0.6623094874831773	-0.2665143048083498	-0.36259665548812997	0.13652465294193483	0.2988308373797281	0.11668473258111571	0.3049767837214421	-0.795371696429415	-0.04010829886809302	-0.29462132553887777	0.032188673611558756	1.8908358041355882	-0.16200806944135854	0.6344248045704357	-0.5550973557585861	0.11163848054416797	-0.06076382933808711	0.16171287846995744	-0.06954938486160665	-0.4957941135699156	-0.05417881493414556	-0.8452890676545469	0.38344481610528314	0.2912563305553711	0.5358699222116766	-0.3432033051688476	-0.570008982491415	-0.2643529067786912	0.006639339924294927	0.5639860181203933	0.4258697442716534	-0.5642707235351841	0.28631403750703777	-0.23076413284899805	0.06915791776159565	0.571891781999299	0.5693191167179419	0.14923593063341092	-0.19562819693779518	0.11245388862881059	0.03263161433218478	-0.546354603857175	-0.03079572509222513	0.1320358896001922	-0.29270508669775547	0.5467305468930832	-0.1723887954314376	-0.5652979586301118	0.38585844888290316	0.07385478641801915	-0.7016351461771598	-0.6604694371303566	0.5596529480936938	-0.32953649169296156	-0.026537084920210816	-0.6633813385219175	-0.2295392674371926	0.010149031989221636	-0.3627901656465825	-0.22063060036537804	0.4324076065761792	0.34058830267070683	0.6337517315867632	-0.10012032489359579	-0.32459699947223786	0.3717001752881483	-1.0392556597900175	0.24053574042669593	-0.12443675098071559	0.08805612984901329	0.38527600544384605	-0.1599769787336219	0.40460716631576327	0.18149774300586807	0.913536056300854	0.5143699239707916	-0.1502644133619716	-0.8473421915458944	0.3457249010009633	-0.061142123032032855	-0.3440028724537892	0.4317904666213238	-0.3992054161420437	0.03233819788844382	-0.6208242050171772	0.17641531861981413	1.0002023091004717	-0.02581267890924681	-0.10274858291944483	0.14500837490402252	-0.8482010002371748	0.2197706567088955	0.2784091032628519	-0.3747624616955609	-0.2731565383237549	0.06195320059476123	0.22571954024971236	0.437728755836743	0.39953123440683996
DTXSID4040264	-3.2807011172108713	-3.499958717160799	-3.6592455196768556	-1.7474891153106766	0.5060016771399128	-2.615839445391951	-5.238681523117862	-1.1820745985065544	-3.8544799396601794	5.162496227353201	-0.5877761292244501	-0.6524377606035282	0.6496057343364353	1.2301135972823678	-0.8633802073385709	2.183402433736431	1.300311050520431	0.4754317164265023	0.8950389545555971	1.3823226206633255	0.21004713630201982	0.46602572664942155	0.12287051749014333	0.021593589847659606	-0.05527772192058048	-0.4308878593017339	2.173466881735842	-0.7518710390088179	1.3656856809482218	-2.3248229217554655	1.3058565933764843	1.1565411224151825	-0.9337085460783637	-1.377351179458867	1.2139249283129951	1.0028037354417005	-1.3193942576343807	-0.7808047849280165	0.6137519500432902	-1.0629800485332437	0.9916626471158547	0.3470353535756481	0.5917022988752711	0.7160602752832119	0.6979782326346619	-0.7851771754112554	0.9399492193521074	0.02326938559315862	1.1118064697423469	-0.03457257802900885	-1.360734372199505	0.26349734565029037	-0.41135192794770753	1.5734553013751833	1.2374220334426465	-0.32493082506102106	1.745299139536081	-1.1142716841030524	-2.0870572483192262	-0.7456143707581269	0.3893987468593132	-0.5473591574549795	-0.9857601766039846	-1.725809890813604	1.102920360156277	0.0442187089476752	0.798870719476989	-0.8569239451551122	-1.2281409125457934	0.16993917104698147	0.35563027201297276	-1.4701874496096732	-1.0577568819270524	-0.1995746763727172	0.22148160765025374	-0.11206006627459474	2.538941654554343	-2.305675735309929	-1.0509757887701976	1.195007521554689	-0.5656875086795652	-0.7232724482050087	-0.6503023819134885	-0.42740401412473167	1.3997057754550504	0.42026573659659644	-1.12707262034505	-0.4724953510486633	-0.38119244104059047	0.3860753005403429	0.4997342875460638	-0.32931422281143474	-0.36058503627643534	-0.4184768153552023	0.18212419878086888	0.5359917419321694	-0.041152270693848685	-0.7094732049103598	0.4648673691785943	0.08986424296194231
DTXSID8023688	6.494532668071742	0.59528108880482	-5.21767757824591	2.2125117040563698	-1.2688478264491185	-1.160269126141706	3.5416037511886915	1.2194332043454241	-0.026387534187841552	1.021537163333008	2.2790193819860796	2.3725451392622974	-2.2415421972979126	0.2571647842618355	-2.54407934376431	1.6881379034347173	-4.358814483431511	-4.621371519387529	2.4880025585942427	3.1123379087194545	-4.748416303919734	3.068686897773939	3.199450094280887	-2.373935659305947	-0.5564111574358926	1.7953325812813408	-0.7331910721177294	-2.2897499684858404	-0.7520107766743347	0.2813817189018942	0.4716959668433089	-1.9103004341916858	-1.829622178082621	-0.32327842646245325	-0.10572780294435766	-0.1857174426023138	1.6781102294470733	0.30107549527711974	0.4837126377529375	0.7347177120627766	-0.36831386241697234	1.556025111348471	0.4759784295341148	-0.7502874099420702	0.11277951524605863	-0.2918810502519317	-1.8375888089623262	0.7776054460743493	1.2278093984574983	-1.2420042724128924	-1.6048467765423078	1.5049630258745643	-0.06584260781990099	-1.3699179697810373	0.4606597273530369	-0.7032360825452891	-1.198653453197893	-1.8721518071593628	-0.8820385423025311	-0.10954774071316709	-0.6134427599394665	1.9324901272372697	-1.7784295402765693	-1.3277284032501064	-1.0975745746063779	0.06930283017561076	2.5219764826769997	-0.7988324333785783	1.1267518644734735	-3.309707325259834	2.1699624756259586	3.022211045659961	-0.6472554216121301	-0.6303981582956405	-2.1291181031369586	-0.9506349116934072	0.44443167676726886	1.3737006040012878	1.6552001011418698	1.260295329086227	1.8897010553786762	1.5062917199396892	-2.920407418557625	-1.8173532257168503	-0.491362703427001	0.07825545298729515	-1.9237120724545	2.5769411603459584	-1.5438769673860733	-1.4747907597674392	-2.034736472424368	-0.24404757098663568	-0.21320860103615333	0.09634949991626673	0.8020107442889742	0.6608230854302954	-1.1905114192276935	0.8479736096778517	-0.661943499007864	-0.26558389640618973
DTXSID9047704	-5.870466566236389	1.5405796162659855	-1.6134983978977318	-1.2097265293949404	-1.485003728287971	-0.8691025015161288	1.0889294005285184	0.3184437495306105	0.13760566500775834	-0.4905056570180883	0.1581907296701156	-0.41760182613481905	-0.3055721057688218	-1.2324894982462342	-0.6699537246143469	-3.644749828527486	-0.3693179839918445	2.7169890236239373	1.6801712861884166	-2.301595546393993	1.6056894974639924	4.820503286532429	2.482153038074006	0.1751274110684244	1.7006052534135168	-0.25433467711827185	1.1857297783766756	-0.8923537533756081	-1.368737234988352	-1.1405854728510825	1.9022481642173907	2.0941712014271054	-2.1570827361643987	-0.7687918728924408	0.26378533666474213	1.0841036994814723	1.6760794937763526	-0.7274732510720404	0.30790511982486013	0.2478414584626608	-0.1468120493580132	1.8156213680533553	0.13049181255437187	1.175449185459734	0.45405238801311754	-0.08898588919790641	1.0488354768996295	1.1074545820072554	-0.010733522683619934	-0.4741676714471831	-0.5075606749543051	-0.25739076713493597	2.5048900910709144	-0.2840886196413358	-1.0813215040621438	-0.6352373965780772	-0.7882836497207122	-0.3781005515637755	1.3459528823121423	0.8659629237194998	-1.1586060673061196	-2.7232885860659186	-1.1036952182756188	0.008969529361273498	0.4053714853592506	0.19464291754306082	-2.0566056935245474	0.7691575146161491	-1.6823638749451457	-2.801418933652362	0.10414347207341235	2.9680199521419643	3.616368526557682	-3.0155154161389235	2.8101649738006103	1.5005342179599033	-1.8889814525161543	-2.0265201610141608	-1.44505378689198	-0.7276392040820838	-0.43321071352427465	-0.6810919243959535	0.500531737016507	-1.7958793709156489	0.32571146864717015	1.22134714898769	0.7613121367551522	1.9659375298663833	0.4305247327068845	0.30743283976038815	0.5217838587527293	-0.5373903763821679	-0.1023069637137836	0.06955110315586703	-0.17452365102525783	0.1148239136661819	-0.38188169362934893	1.0365404215600604	0.8083928542228818	-0.8703969781024163
DTXSID4029149	1.0162756390460257	4.223790131775707	-2.7595674825941594	-2.969080006511509	9.17750047352878	1.7526830740051087	0.9732987677713033	-3.116202206715248	0.9680996765767563	-0.7641391648455865	-1.9023111517770086	2.329147644558504	-2.0875484719754978	-0.5485336777183885	0.1293273868944037	2.4404828766625664	3.127223194798514	1.7960037266464564	0.0014955842634348335	0.43444793357468015	1.1171059367138585	0.2535200977072824	-0.06934240699737027	-1.5770616643315356	2.3416539697671177	-0.29388011541575687	-1.9207199173670808	1.6885962895934266	-0.9177303137785673	-0.7751400120609258	-0.13664455038351814	-1.1750682809082242	1.304263739057992	-0.8832216704854895	0.4340744302122138	0.6167893448156743	-0.5634347069838745	-0.5383747121901625	-0.3832379997130104	0.797288204617225	0.03506902906289033	-0.37902054477380404	-0.9404466671099013	1.2492059886260787	-0.9880108401011602	-1.4971224047529796	0.825694511341313	-0.6052436229113691	-0.15709659725649736	-0.31743970428040685	-0.1304913896456221	0.4537949185492351	-0.41149333150694034	0.6589447360184273	0.28446741901571554	-0.030668947385982078	-0.6680425148045617	0.6719250752623789	-0.20683401391581382	0.13916436568127777	-0.01590690224618371	0.16210201957149187	0.5628530929028248	0.2313220971708478	-0.006472750582047302	-1.0930856710574293	-1.1232924134009636	0.5584378555553323	-1.0269296598955564	-0.7518136730496829	0.12935746377056992	0.4474956689474276	0.02438184235900684	0.43911835467621135	-1.3122108147604932	0.13511744833118502	-0.13280935699245933	0.8425730209084625	-0.4682375251421123	0.07758853734123565	0.36995631998353706	0.21695150148078107	-0.6306135796187431	-0.013872856767444005	0.7521899175495185	0.6304260769854357	0.27231565941072017	-0.26563144122132004	0.487597299697373	-0.015863210326734198	0.18894897865525845	-0.26313839641022707	-0.5743046833762451	-0.08915100597018204	0.312462221019655	-0.28388220858515606	0.3397375026710075	0.03935484490566418	-0.13719849424163544	-0.2916691323299779
DTXSID3046904	11.735365620306123	9.587319011944606	0.7475059310135255	-2.8424347450054297	0.7897722157882753	0.8111337208904713	-1.4012216677071052	1.666227540646817	0.33179387140237454	1.0866419630135304	-0.22710623864071977	-0.063337270331192	0.2731764064527886	1.2224537417897525	0.8554391031608238	-1.3412726543332616	0.6350237733951132	-1.2942828780716091	-0.765973645569699	-1.0582122266521687	1.1099985564794734	-1.6258211408416607	-0.42851720969779816	0.8105166480114083	-0.1838707744100601	-0.11201470822856897	1.541047487442601	-1.0200851459050395	-0.23991588857897747	0.019756356587152704	0.176674796585134	0.9891940593221217	0.4414175590517942	1.5626413135630959	0.20403326121608303	-2.9318764023469557	0.903039908017362	-0.642879164917668	0.6780033071722842	1.217003541589524	0.7081509276895648	0.0030574961536772713	-0.14749720309072759	-0.362554970353406	1.404780025001159	-0.48732367002599986	-0.8862437868790337	0.4861194620840355	-2.3114567217349378	-0.909566681638141	0.4096038805697055	-1.3420950205140254	-0.8202875736499595	1.449576100381145	-1.2255574091615478	1.1792847208983697	0.9700915755733723	-1.3699437171280275	0.38836636225860577	-0.42723381499733665	-0.08280712299610841	0.9932387778923513	-1.6969388810084822	-1.5353861197900054	0.15261079621615634	-0.9764230332693783	-2.0545693602681543	1.6296783540152604	-2.051065358310121	0.1933562422838377	-0.12628123279669712	0.3066587710446764	-0.7953860431448242	0.37285119655674964	0.5501161917831335	0.5242655688307748	0.9286644319204134	-0.005832008931670149	1.772307945890089	-0.06573043958855791	0.30548026258291777	1.4322854636260252	-0.9214259487286176	-0.6102693711665615	-0.035974470761633355	-0.19752112710188266	0.8193689276788096	0.24343604387377296	0.3506383623116072	0.43354496725844105	-0.43719241849718626	-0.550017963440729	-0.10595843217561407	-1.1341536655362283	-0.12682301326905407	-0.9024156494121767	-0.14421373982472038	0.17903597434753699	-0.5325988073043517	0.12290795267977528
DTXSID5049366	-4.286652398635623	0.8665780829255953	-1.916430521227562	-0.3776690135688853	1.0235809660698751	-1.30279773815682	0.342146068839555	1.0706920851181843	-0.012256404089326942	-1.1455642510755908	-0.2003187307488471	0.282790240486606	1.8391007415500145	-1.158083225607585	0.23870293896759046	1.0177038348532943	-0.3609743243368073	-0.13988332240349283	1.3658827787861947	1.0409232455384982	-0.4892650665234749	0.8730401452686234	-2.0854672331178734	-1.4350101001226516	3.1840373147368903	1.6532898182604685	3.222199029156835	-0.7256149535956792	0.4213061176791102	-0.08492713082806597	0.20717660780709826	0.5731162113262629	-0.424481689604836	-1.0347700024368653	-0.2369237280242531	1.158215909442024	-1.1478580760585773	0.8532702791192027	-0.6575694543213076	0.020766603585920727	1.2264683316145486	0.5314897848888792	-1.9256584269461368	3.610915912335072	0.4170110422062389	1.4478811427298763	-0.4841841532385334	2.403453671289193	1.5704798319275566	-0.13933803554434288	1.9264797374975122	0.7884578676249596	-1.6565535664148245	-1.0624138101832536	-0.6065701288974901	1.8941242718307982	1.082877858626334	-0.3560163875466639	-1.7001518673932352	0.9199129006485701	-1.194448070864076	0.4447215245052622	-1.0705873335946852	1.2580679191586301	0.5821033865374158	-0.5477964302185963	-0.726804746831576	-0.43012665932434274	-0.15501938079597768	0.442975822440877	1.1233053188244628	0.9383749727287432	0.07332599450272763	0.31991584367468323	-1.0315078765689427	-0.46856045638159793	0.3931151768416657	-1.1510610882715193	0.3926152672799897	0.04933373214831263	-1.4703495050848685	-0.7682242392357037	0.577434023959496	-0.9117832994080343	0.33063177382481657	-0.3611140301242083	-1.3171546478581806	0.09109351590212743	-0.4998438646613405	-0.2741453720429628	0.10661817226247955	-0.0037257941933587623	-0.32469576624181273	0.7156585181209636	-0.6045114352024236	1.099385829668578	-0.4652598512694335	0.5990078155260835	0.44945577488392185	0.9329605770098871
DTXSID1047150	-1.4564762585523625	-0.7535993251540922	-0.4410678043720449	2.888641617172632	1.2501461019623403	-0.10294748572341328	0.20499113773040276	-3.543985983708134	-0.21555415920942797	-3.425456736556731	0.2168003477471848	-1.0167532585551788	0.8690680909675425	4.2418744099031445	-1.3512682177828492	-1.0355687429563838	-0.5952303263229018	0.5157055624256679	2.257700942003778	1.8968007135724931	0.7143911964594938	0.6546804717614173	1.5781027756669899	0.5885858717912547	-0.811223220072797	0.28634626687969084	-1.472432529877541	3.142602853065428	2.51975114467497	-1.4717286646766052	0.12049603016341226	0.21694981671291255	-2.587292168776225	4.445587400208333	2.8428568936083782	0.22618105046406656	7.057994730606965	-1.77488134068869	-2.5986579705794965	-1.6176143796079356	-0.6367226246819049	-2.7480021365704737	-0.09684416599829575	3.598360589705589	-0.6588997187927125	0.8691957347830639	-1.590555748619889	1.0829302329950163	1.1398080254169476	-0.9833327222300611	1.688750606864601	0.4078350841609083	-1.9624462291624922	1.760249985707407	2.4689035345596384	-1.7909671841498485	0.14657523252577362	-0.9628256908424477	-0.5591627451259527	0.18619516061351604	-0.3292894955740313	1.5821772089048254	0.47896186314598527	-0.55282162102257	0.13346509486222824	0.1056342959039606	0.41833329853623924	-0.7151175436651096	-0.1991517598642764	0.6571376579945386	-1.0889026577249765	0.711859945386993	0.47405200561318933	0.028789870263356283	0.05877058831158536	-0.2387350463557757	-0.9037833306132437	-0.45536802505997337	0.6437800711850377	0.22579057026930183	0.011942960407185229	0.17976856360662255	0.5015349315478824	0.3270713314005823	-0.5453366669269996	1.0659067246719003	0.3613331054978296	-0.26877163682778754	-0.21615463218408248	-0.17005462075015043	-0.7255703098040035	-0.16651855796615742	-0.20296279795832767	0.20777311372636434	-0.7081245348877433	0.440152166525535	0.6784605416975076	0.49564987905781593	-0.400464058830919	-0.26785504676715166
DTXSID7026609	-4.113034809222374	2.097337968168182	-3.5247798942985944	1.8415867929104717	1.1961056923907405	1.0594319405311938	0.08953085923879256	-3.4163573482876677	0.7913235874925112	0.19935195156759744	1.4514589620204774	1.6875838686973397	1.3431630018611953	1.2990862698174068	-0.6562877857598152	0.1325212455883954	-0.5955637501726873	1.7294831528582784	-1.36714293494848	1.7475341794707582	-0.7303006458142919	-0.16554971842412863	0.2751882648700209	-1.0532490313862501	0.3811679259678245	-0.35084472482798995	0.2819060827391178	0.2897620513601086	0.2941779467867868	-2.608535841289546	-0.09318259845045503	0.5745553182839346	-0.5457777455513779	1.0916075767116191	0.4677801881039806	-0.49413741783615356	1.1209265452029353	0.0972918161651478	0.08269292016815905	-0.7078888842002385	-0.010614499839749339	0.18061106048591535	-0.04169154764641138	-0.8207312237541887	0.6855228642367518	-0.5390106703757279	-0.10237645573320783	0.7578602363086976	0.2104613293519796	1.1592553375544459	-0.39091686374036383	1.1196523053780862	-0.06694762301411945	-1.127992176666667	-0.4418442469183882	-0.5807811677659345	-0.9893790404701571	0.6249529158285959	-1.0180121132122084	-0.06577312079651644	-0.5039092976838818	-1.1304137510164705	-1.131502956249453	-0.01096001527796843	-1.0187048140350488	-0.4805805852310184	-0.23027698951442085	0.3094172461114999	0.673559343416611	-0.004967637542794616	-0.8324383989368859	0.5279148926181486	-0.1521746502767461	0.36498980327258024	-0.9742654616700144	0.06744244923693538	0.06333134305678137	0.04929463484218125	0.13975794723012896	-0.2411698410435962	-0.03436944165622317	-0.17815235541220234	0.5458708539418344	0.4044473330036622	0.02158071430553279	1.1657093776642757	-0.005961423222566852	0.03299402023258126	-0.34046954390065387	0.6947978895361949	0.611708632398776	-0.10021699938652438	-0.8326474000831176	-0.8190154621581793	-0.5650035286675019	-0.3070436071550088	0.1111366867778627	-0.15841803580759994	-0.28635709943782317	-0.4487674184963139
DTXSID0028618	-4.2885482079466835	-0.8776811719810588	-0.45663964525017936	0.0801638732712128	2.843037080277848	2.2989335823683903	-2.1602742732305393	2.5073231005792436	-0.4369522218089042	0.13352825192583098	-0.2150303306623152	1.5655790972062766	0.8507497081222878	0.8071838460585261	0.46669316194530525	1.894481343145814	-0.36304747027978884	1.2535217453112306	1.8754044173922488	0.36383801678042077	-0.1418021562379682	1.3579876359773644	-1.2543089389332205	0.9751414867129352	-0.44198160628327116	-0.6352789011847966	0.23214374366654675	-0.025738785502490542	-0.24449259031153614	-0.31883018508063027	-1.3435334662645408	-0.5848002254981584	-1.090704073940103	-0.7581226162638856	0.8329985480807113	0.35597244744314877	-0.9111053735634091	0.0029298695398341516	-0.14018494759929281	-0.8778115579871211	0.8417032776007192	0.22269961029914356	-0.4162249999255921	0.2624087966348591	-0.5332230234909142	-0.09769879106035131	1.0667797474399154	2.1166264719958225	-0.616449539116007	1.34714645222653	-2.189312255836196	0.891754147967523	1.090495193821872	0.13830795062220974	0.25855723707672496	-1.0892501803227204	1.069204680568162	-0.11831756005023437	0.14873612545303724	-0.516690787673132	-0.3232013569897127	0.4191840581899119	0.2617751777576169	-1.3091669537577852	-0.513593468832088	1.455838446727208	0.0031098268201088333	-1.1173589220364226	-1.4192172827104572	0.6257778569548048	-0.25301022218787633	-1.111666293046294	-0.24847140988360814	1.5888439098652083	1.2272240645289503	1.0717082835872014	-0.1544447785796281	1.3386222575464561	0.10544553734769307	0.8810385339820034	1.160562325638241	-0.05064423063423751	-1.067716119643541	0.004339776208115355	-0.14974867303080855	0.7387546472362408	0.205646594372494	-0.42385025971664847	0.08812136089486011	-1.5438759654695164	-0.7405432432945158	0.17267292181682845	-1.262652912359619	-0.10966037023130035	-1.0283139196561855	0.7513136545565219	-1.4981352801146781	-0.28185044737227394	-0.7139092869807179	-0.6470891931379041
DTXSID0049234	6.355203684871937	-4.672117055662182	-5.938389338533443	-1.7692456573247257	-2.223498921384758	-2.1935914405143	-4.025988057403135	-1.971081858774126	1.0302036500502432	-9.291468428417945	-4.604349832483855	4.985478501243849	-7.096148713454531	-11.275542925585713	-3.2305226047025064	-8.477545691015477	-5.082939173463196	4.057601634420244	1.1848699776088871	2.2812797296931273	2.551639803912267	12.046795504292325	3.6447767047607167	-3.2411496258660595	5.410718025440439	1.306474247410052	2.000143829357364	-3.9850717694338793	-5.576059210000396	-1.1571476645153063	3.8437512043742372	9.756714818408428	-3.8374016529825123	6.451505450047476	1.6373618883599692	0.46025539822025446	-1.5612889115810362	6.2165376953861085	3.876243846854345	-0.667768264544067	-7.274383485113474	8.292951540443418	6.181090536692768	5.510828669824027	-1.1435266611417556	-7.079047788665003	-2.5780209132465983	-1.1383227659843278	-1.9100715797253558	-3.0828268159711274	0.5677652552446657	0.31143651842235526	-0.9611424419788958	1.5945158048461114	-0.9353400450362954	-1.8794344095341522	1.509678591221125	0.40200175489995393	-3.6257365629534823	-0.5796064521696292	3.9559882081454245	5.851801427847161	2.570373248128904	1.0317454337149954	4.580942677299182	4.720733468596755	-1.4727223523250852	-0.836772291511071	4.362695314450039	0.6061248016064488	-4.784724448699148	-5.7622359815002735	-11.002910731396792	6.783218652255096	-8.197099893484621	-3.5977056394562905	3.2665504905806855	4.877146469065074	3.771977854532991	-1.6374239063080203	1.6938996357761416	1.710038134926923	-0.20937810921646358	6.166559916119858	-9.136178632412996	-7.160269606873172	-4.173835195409865	-7.726906920437173	-1.5309449100354346	-3.0245908660097656	1.0767531678091007	-3.1288126439499795	-1.1326339608010383	-4.031711026992527	1.8137377879060963	0.4514731927611031	-0.9179620755532515	-2.675318964496057	0.4058979084277884	-1.5707730723427586
DTXSID2046383	-3.542473173622185	-0.8140213259558534	-6.638066972696242	2.262035708651437	-2.0272881629176855	0.6690616488091429	-1.4911331458139936	-0.22488559593432383	-4.5576608405309615	-0.833647730330161	-1.448811368821464	-0.022293687462032467	0.6818003455720671	-0.23687902264247088	0.44319154199955235	-0.2716202401957298	1.5064423056213019	0.3669665040431462	0.6133848905151207	-1.188903064811273	-0.10734136624384047	0.740275112960009	-0.8578777458500884	1.5160673612702529	-1.5873513235273509	0.397008160925178	-1.426759408574157	-1.3959799528890888	-1.4071025430163162	0.7527650283283097	-0.04644816165288978	-0.03990965576133173	0.39764765287429915	-0.15934726335636978	-0.1752315685369304	1.4033332150635063	-0.7829238890269695	-0.021792479749415703	1.4993329176814063	-0.9087166901456503	0.05420145897874817	-0.5561603177942582	-0.20219767530973293	-0.7229942404879807	-0.42788086442022516	-0.8307583843880316	-1.0483914133773231	0.7015706128651459	0.2538678298703364	0.00971013397217455	1.2572039534550328	0.6221262657705396	-1.726082077440621	0.36903215130690514	-0.4041658684730015	-0.9132973232991017	-0.49968931430019	-1.2445411569029285	0.4296085980340508	-1.36866791556797	-0.6080651713986832	-0.08356189401230943	0.8302188924341125	-0.10370828749010934	-0.3374979227453156	-0.9366007459978284	1.0741644597001505	1.4086708871950835	1.38183697636596	0.6043606293788324	0.7493462639190558	-1.43283345134996	0.04458029006153779	-2.4474328424687966	-1.4559861193827917	-0.4028719448151141	-1.311468743689561	-1.1198410523962163	-0.37287599627303086	-0.365876345347177	-1.0953184169877845	-1.3961935781954475	-0.06415864866858371	0.7366257039754776	0.1169669062832072	-0.44007119677117457	-0.48416319334764396	0.669660047185664	0.648847026826056	-0.42525569961936055	1.0734828673955303	0.9177197582866745	-0.14942556384554434	0.2968024158605169	-0.44307476814344493	0.6208216012835608	0.5725193784226882	0.1592605839111085	0.4071992996895143	-0.08401656728149155
DTXSID80382093	-5.3434368528371845	-1.4893112521170813	-4.610296170755144	3.1460967688883863	-1.6715446965271599	-0.4112881124414296	-4.760101137737222	-1.6826360478071818	-1.066510445488764	-2.0768006339766427	-3.4588462717083224	6.6533913950176125	-1.8139235750646565	-2.0113919633400927	1.3701519004715086	-0.9287040428517	-1.0983620008321167	-3.757122916801916	0.21004012391215932	1.9026248817052107	-1.5960608799441023	-1.026813777675381	-1.1120972897482058	-0.03087624451614582	-1.4359992695459987	2.332935990680964	0.8293749205206533	0.05545389020351314	-1.8087182493164764	-1.8118255145155897	0.12925466380713516	0.4544138599652488	-0.5659960052096051	1.4457583444909528	0.5273512611865013	0.9478696206451245	2.0686406726854387	0.8220770875384115	0.3554561769092165	0.8803895265935662	-0.9847969938671728	2.0192571636430356	-0.013775432507688834	-1.099407112477543	0.530729459583281	0.5501712184790285	-0.9334682036115901	1.5124898982290071	0.4269558100223441	0.052823098337647506	-2.2299197416402343	-0.5486522216175441	1.281712612489439	-1.100755885831009	0.2853767903550044	-0.3413662788395206	-0.4643024669287804	1.0056420855234562	-1.0385141119208017	-0.6249652357994019	-0.3737724769090525	0.02405865719503345	0.6430213413982824	-0.258528597038011	0.5940247309999015	1.368790524877315	0.08529063673247333	1.3847273850285402	-0.13879949714688802	0.5857336840922651	-1.0793775222275959	-1.146416642652835	1.3217875605385747	-0.8133292340823389	-2.1434016120390704	0.4461243534946668	-0.6264725781357	-0.7231973620495392	-1.046577467309292	-0.40550068499868824	0.3817798429542177	-0.6390303639698045	-0.6443033959678364	-0.1704331490706666	0.7420207086502248	-0.7082582478776326	-1.0196011393773252	-0.22256790512768365	-0.5808744735109853	-0.5706857955936399	0.5146835368705309	-0.36035808223912164	-0.9029405231977555	-0.45099907748192236	-0.14542953275007497	0.16129758763978314	-0.14339016202746435	-0.7128373796633981	-1.3193396240755835	0.05471447880745665
DTXSID9023752	-1.0494673648501907	-1.4196615637938512	-1.5032162353902598	1.1364321284340473	-3.7882209558843885	2.3472085351861205	0.6988357676230152	0.1247893734398369	-1.5724292566350075	-2.393964277749383	-1.8036863339457245	0.464813415490413	0.9324779163239902	0.1776358934124063	0.12033821694454588	-0.07808749079642234	0.9267432766060308	-0.5338577747053932	-0.009457211561783349	-2.8338868956151257	0.42185524058821844	2.3797899880110047	0.37073992510499143	1.626953309791361	-0.31804151862366087	-2.5432350492206424	0.5739738595735066	-1.8937775114771513	2.1702939395093255	1.6073183979937142	-2.3949870680022833	0.06519215382419112	1.4624119133717661	-1.150527892852975	-2.598827936876509	-0.590629929545657	2.640413657778013	2.833660648395229	-0.6260759745013692	-0.5540938089079336	-2.0630207813414865	-1.3213677092179053	-0.8469050090175148	-0.9238597851408025	-4.72387250537239	-1.099329305539884	1.147681743816624	-1.5748218292444855	-0.930244725633555	1.8879066405202352	2.565886285344277	3.0982734699739707	-1.9168679473549672	-5.255639854344542	1.413341020553382	-0.3420742111921519	1.0288367268402214	-1.304163750653874	0.34109443036742854	-2.520583654060297	-0.02769945215319289	-0.6954428918661985	-1.4559733760073619	-0.5398282441807486	1.0907495041413322	-0.19615911937375652	-1.0950360545367448	0.17220927839585526	-1.8422004908562573	-0.5729935072592055	1.1608516736180379	-0.6409887055357993	0.2720027123073061	0.4098563443335362	-1.1049789284637666	1.035799045296186	0.5668985261705926	-0.8141794710661262	0.41262331789473256	-0.6258119303000087	0.6165693319958742	0.30714748914739787	0.6797298204513169	-0.3453856967247445	0.8275829744118319	-0.030567530497289414	1.3671033550087432	0.2128979376326058	0.1702652830649279	-0.4222525637480437	-0.3401098549764054	-0.3078843113200572	-0.12358134428957228	-0.3022516252998812	-0.631551938664499	-0.5268840766771528	-0.8570406307434499	-0.20216340962660723	-0.2502615439029197	-0.19262505099965774
DTXSID1022974	7.303152548477977	10.656170125584287	1.686568996007832	-0.26671210375789983	-2.936289738576501	0.6311686525882362	-2.463949609584377	-0.16137473486734163	0.5946159949275892	0.4447175315168001	0.7882036100152584	-0.9002556083197454	1.5015209855226597	0.9266853168525292	0.07366454645870002	-0.31976449579162336	0.3637804150333901	1.0415360310942796	-0.7346048929434854	0.505796698752163	0.9486457093013465	-1.433369028358855	-0.6401698473974246	-0.9221133673079805	0.007986475464468972	-0.4701550188436386	1.7556557418391971	2.046875076523124	0.6907392259566342	1.3378827375497924	0.13927186096355396	0.6866126480860685	-0.07910803364946242	0.47000035259625705	-0.08479196498382845	-0.26094752391738396	0.042769435264640804	-0.8512057411543466	-0.21207403905368483	2.367248926773366	0.10727788966477059	0.9473337663685311	-0.13452969325573003	0.08330706193031416	-0.28622611200985415	-0.8801279975192441	0.26004461955617203	-0.4644851551680233	-2.0555392115720745	-0.8762722234612923	-0.3504253948450287	0.3900578560665718	0.33108358631947743	-0.7097090885705944	0.6471690130250239	0.37404253445267654	0.9604242659619568	0.19578228764211225	0.21867219152088838	0.8734077484929412	0.8544238299030588	0.528287293051479	0.05507060195858037	-0.01615806553858399	-0.29288752635175774	0.003683303692850696	-0.2558945601952253	0.4087481911897706	-1.4319336336925264	0.27888798364493494	-0.4196211800164585	0.8233708217418556	-0.6365130653281128	-0.3545297193007444	-0.2338772542883944	0.003126869345480189	-0.7246741289712818	0.7477129641394472	-0.12177538488983794	-0.29920967074413213	-0.7774377088906002	0.3827860965568259	-0.5771021093161411	0.2645310087777878	-0.6252121076546029	0.2834528129805344	-0.4370510790987281	0.46288945154356176	-0.15717194448066032	-0.2836609564975337	0.04120969791752264	-0.49126397122712073	-0.001868200882787372	-0.47915786227437335	-0.4262611908903432	0.10883378091196956	0.2817856785505197	-0.14616003868728988	-0.06985809301728614	-0.31313403479946583
DTXSID2022628	1.085373821745691	-0.8839479173248799	-1.7904518281531157	3.6947109343062823	0.423540138727315	0.8076924328545991	-0.06775734362082658	1.6352861497510833	0.1893877874625696	-2.204625812771612	1.0904499047074623	1.2353551419303828	1.0654292436145294	0.630376296878014	0.26629131743333273	1.4961261107874515	0.284929200335869	0.22481531655255632	-1.4072349047088515	-3.04107802473821	-0.8998031713752208	1.7476555236767832	0.160005579030334	1.0139042762530617	-1.5566588308221416	-2.000838431943508	-0.2784379643201851	-1.4189638096518313	-1.980875256349737	1.9055143084079469	-0.09632194079071156	-1.670855496284842	2.289941601103551	-0.32467954536648747	0.6474154377081036	-1.7102414962502548	2.1335785675967593	0.442166182296071	-0.025602362436799836	-0.9961009987721803	0.18569399911420353	-0.238931198442796	-1.332572288913454	1.5340823685073048	-1.7299318847525247	-0.8478559841946535	1.7025407379714061	-0.3038019009789742	1.1352710313811987	-0.12155410422959326	0.17824045382985856	1.9077649131414018	-1.0998298789933454	-2.122028834583379	1.1568761232057698	1.4396952115544828	-0.1506189400098771	-0.985086144383994	-0.8783954731960971	-1.2828218066793629	0.45479876216408693	-2.155564614408091	-1.141675239544185	0.10589118158302534	0.8818475772466132	0.5913917733839209	1.7137593447497594	-0.22035975030739216	-0.046315084735619114	-0.2835430370224773	0.18837968806899716	-0.77522264443566	-0.14524251958310183	0.4093272927581738	0.020729136126830396	0.6653942853853381	0.11045349271825831	-0.5715990087405758	-1.0616572541747928	-0.7196621208528776	0.6808423165674182	-0.21524390732010906	0.11954886205967559	-0.24272760702615734	-0.9233584924438126	-1.1203490459508432	-0.31986160287924037	0.508395722173543	-0.28082269048253516	-0.02013508067399289	0.6352829409725396	0.1893632399700712	0.5319308630149114	0.2295894634479331	-0.07156329964963898	-0.6723737328047642	-0.23555581123280578	0.24224594290981608	0.7204828721845192	1.0037130578516653
DTXSID0049313	-4.811424057938452	-0.25653014104692234	0.05803681640687589	-0.08029333233818232	-2.6523342468539104	-0.9868267229563772	1.5503749140160936	0.026319272558640406	1.117090134569632	-1.2100205296885	0.9581897329820348	-0.022837768905554286	2.4076196462457573	-0.7260222629515002	-0.7126587654975234	-0.4604069811353789	-0.27768748777053637	0.4757004935239863	1.5805601197639123	0.8244225526720057	0.23951847015025066	0.5641681107269598	0.8142868056134271	-0.7027448744375164	0.36136138269346296	0.528651083363935	0.15545607431215674	0.06170610106818159	0.4754577448319025	-0.2257012747054776	-0.025268442481287755	-0.18468025867644433	0.06849946345033059	0.06132940271510581	-0.9768978117655397	1.1486417743775954	0.24533558509425943	0.470985279275582	-0.9129718482555905	-0.844841942189923	0.01599050632460052	0.1093487741877592	-0.1794598087488595	0.37499305731883636	0.12942317642094364	0.80803292499095	0.5573790581309607	0.4929459205716857	-0.11931539058750851	-0.203004079069036	-0.3427492151683006	0.7576126393452568	0.7186413000427244	-0.5887216164390195	-0.2402092217861311	0.6104328773174204	0.0960235058144134	-1.0188339564410869	1.1723528632831943	0.863815400243976	0.1582895606406911	-0.784572802583111	-0.2652754801904783	-0.06834045175285419	-0.562415712945679	-0.6872454666610771	-0.7588202327019379	0.095812007505686	-0.8064267397503615	0.6179741370981521	-0.08423848033261505	-0.051049674145173043	-0.37224880259948323	0.19009469040604046	-0.7202547159868687	-0.011158369592821134	-0.11197072575004541	-0.6436337536284088	0.9431816570800111	0.8175040329368151	-0.8692019599642032	0.4383107234241722	0.5069915898203379	0.828988363206544	-0.34052766074390955	-0.5371987698587697	0.5446121474858341	-0.2753213798948566	1.0121277263522144	-0.9477044609635789	0.09718134302042561	-0.25710736516651084	-0.3423919606972598	-0.5317967163855704	0.13665641876943166	0.33664218878763597	-0.06680787797606111	0.05489082870308941	0.01872499408596639	0.4382248814653941
DTXSID8024600	-4.985422709563443	0.7046820182460896	-0.8382576659928743	-0.4957246928500189	3.1476288761529103	1.0850888006138628	0.7915322723142848	-0.12049686615792848	0.11870118009781928	0.332574083610997	-0.800301630551929	1.409280707737813	2.860847596604773	-0.5049374562826919	1.7814024755456441	0.22944205091792721	2.6493374198161477	-3.26163461213543	-0.5017809060471347	-0.8020638376211174	0.014670870968333838	0.7176974447741313	2.130388091275351	1.4688724746233928	0.22612608290198705	-0.3734349857187315	4.13115391646154	-2.6200147023133535	3.4234459578587284	0.0630302031151704	-1.645754067689867	1.7782138215760777	-2.450620698618795	0.2371550868319981	-1.4257333814795021	-0.15146482886248744	1.1505734492352342	-0.17600005022437204	0.7824725129582571	-0.14322004892560777	-0.37211162147118165	1.2978411494275999	0.8878422290988416	0.8853393340492947	1.464958209477179	0.6223181995338235	-0.03430863177352455	0.7325300653239286	0.3541785404904185	-0.2245984269347609	-0.4087233723733011	-0.1469364559871826	0.7773287339787074	1.9275466674488035	0.16459174407943733	2.053383327297452	0.6234266139026035	-1.3688068059940448	-0.8181524047661831	1.5954392721635688	0.9808032403386869	-2.575914775877185	1.9965353098853207	2.3639995638018925	-1.9570906473807175	0.5520258820065622	2.57759546194678	-0.9973410109594091	2.604417462342498	0.7185637963957275	-0.9982362106787388	0.36406154974404276	0.1043713391314462	-0.2809475668322803	-0.13324125026835457	-0.10035945801225163	-0.39746235818750714	0.16499904427002543	-0.1251378733730644	0.3301153379037523	-0.4840818616176273	-0.9317650231799861	0.4616411819762862	-0.2996713227252729	0.1927785514660212	0.12638837074332301	-0.21466650032837956	0.3932839379813282	0.29690562054296643	0.09497264013594395	0.707459897028997	0.22772021800247277	0.4117653183056191	0.628183668709856	0.018659947633380452	0.262713847223511	-0.16490671064406123	0.4253240176730311	0.4638042694903628	0.1391426500304976
DTXSID7020760	-0.8675415381761985	0.7205229152561038	-6.093936999291787	-1.580554208982507	-1.083374878881828	-1.2387966192588056	0.8018932781371794	1.6619127980621315	-1.349233978565712	1.4947535231259284	0.39307889652326966	-0.4432425735694565	-1.0914422579195975	0.7057159219411878	-0.7391998059300888	-0.8535628537738911	-0.9849702175722447	-2.6025339906191083	1.2711135626664507	0.20922688298795467	-1.2770829716823107	-0.0782522446846118	-0.3248078770458449	0.8011961386998655	0.4163911977685762	1.4375996057584397	-1.5843704773538223	-1.2596307644218672	-0.36497123428164124	0.7686353712608293	1.3625805477455748	0.11254657499352257	-0.11026597435813604	1.2217865992370058	-0.35423575128421003	0.326188361545322	1.3363451380010474	0.6462795343168678	0.16892186875770923	0.4166219127049563	-1.285318143402309	-0.2058703747052869	-0.1075060925794289	-1.0084825948193494	-0.3787320841244368	0.10641280015753236	-0.005268302895580172	-0.39160485658930466	-1.2357686743630125	-1.456065373225953	0.35349668685467084	-0.4593469304380271	-0.21834641798250573	-0.4488569806459425	-1.4228745367187672	1.7371318349148097	-1.3306576461601023	-1.3440606140971174	0.9891522717623794	-0.7398039813021634	-0.09097651801638182	0.09937372105544987	-0.11692433881057869	-0.25933722069994125	1.4171338384158962	0.023007053777524246	0.5305690593098575	-0.3282710367991847	-0.4388735586574336	0.8269942072161527	0.2576772824154849	0.20169757499189486	-0.39906673365527867	0.055518180376952574	0.2610532828543685	-0.7475896215250863	-0.9043658111827245	0.75204303393141	0.13030164357667018	0.9757873960656316	0.21029014615317215	0.04226769106837417	-1.179255643561698	-0.6416580264043578	-1.2121792321917655	-0.8534075441383675	-0.8319857215365976	0.9953215422638538	0.6493177973605438	-0.32981637076782183	2.4479581323180684	0.023461919472380417	0.5865548502823544	0.7440391903285646	0.12534883880284023	-0.6877717570367262	-1.1641349167938533	-0.5882859086996495	-0.25285979954993937	1.1510685198200132
DTXSID1020697	-1.31006708497797	2.2853374182628308	1.9362923693579517	-0.11857707614779994	2.3835319488898588	-0.1396580602226395	1.0336195021231642	-0.6957262784141708	0.6823475126472257	-0.8766640165820544	1.1940316914111295	0.9784484446901361	-2.9352535075242097	-0.5056567354281218	0.8292527683085064	-0.3585292560387765	0.1696459344799931	0.2329287083027412	0.42682235483858005	-1.098333092621299	-0.4689134858416472	-0.009947722235919693	-1.0407077051946756	0.7098604911886108	-0.3659347389562127	0.4600848460629748	0.21325704646329585	-0.5800433249607745	-0.18940745745336948	-0.5086655852111263	-0.15628040449732591	-0.3224665165192962	0.5179672427521014	-0.49161924260183143	0.22607524486285344	0.2415727231865472	-0.7032356816878305	0.1379295831789387	-0.8436994056016134	0.15282874186771989	0.05880937216829786	-0.6028711832310489	-0.03472860332951606	0.2869282128026698	0.4231973106495334	0.13914096777253504	-0.1230299500986182	-0.7305882492421403	0.14176150883073096	-0.6829650181743068	0.11779053257334479	-0.26322478220269224	-0.6703162393109199	0.15608839412901657	-0.21452344264846768	0.03711497283087248	0.4075086471078817	-0.5204688948173746	-0.16746399326051709	0.11297626925640852	0.37589870454625096	0.10464865129049558	-0.21143241613119443	-0.47160150788095156	0.48570852363593675	-0.13543724185104888	-0.32941373092525666	0.035365617668360404	0.2913419686533466	-0.7619237821611622	0.08474781383445787	-0.13355266164024102	-0.36750018115495076	-0.5216609382595822	1.0784866604112504	0.2428302173882109	0.15135326323691348	-0.41989287441642964	0.16548066974359463	0.28098597420066795	-0.13428207605634276	-0.12428035217179306	-0.3238600619228869	0.15325390823631418	-0.18892993802687807	0.15084559281537907	0.4048997958942124	-0.2908194025558111	-0.7484297050070731	0.07338687622872395	-0.14763926210496459	-0.12047043146173989	0.3735668322459258	-0.22462096999136436	-0.35822637703867083	-0.11048663137760667	0.10045531390688632	-0.262933935206729	-0.6100708248913879	-0.15335627707427862
DTXSID4020535	7.894589167235052	1.4166464650515687	-4.995412677219264	-7.793216597297625	3.829516758539398	1.5815125585236227	3.3212794311289593	4.06212999312522	-7.421005781744181	6.621980487085528	-1.5908748145446983	-6.630048113974203	-1.1766820591198826	0.05095069347238385	-0.41298468212167594	3.4021278572074323	-2.9738081695801846	-6.993639789021066	-1.3773942161748642	-0.7402432734676978	-5.220829442393967	1.784383692301824	1.9811250166493117	4.910273666117928	-1.6230386871344715	-0.7877825903487395	-4.963720813288286	4.956267626070208	-4.2873861990620865	-3.424571398468	-1.5924320099804967	5.870754062245466	0.3497836513109988	-1.5995043160338627	-1.8762779009794464	1.4098818945730422	1.5138280017506185	-2.537635969558818	-1.0951305345970619	1.2279604991448456	-0.5397404751643047	1.8972513803777253	0.3458162889532833	1.2716865958909953	2.48085410190843	2.9360342449915287	1.254794043111613	-1.8916149249486156	-0.23914372389288296	-1.5372460972137296	0.33015825130971915	2.8654206555669908	4.32035692951501	-1.3132953433005192	1.2753384042989364	-1.8614493380320534	-0.5846749997586657	1.0816969067528592	-1.1484302635861143	3.483677908987668	-0.30648525956890693	0.48715372452892547	-0.7280014072019968	2.5640164819734235	0.15905843942646705	0.20384836749010415	-4.129243183787004	-0.05637772880165177	1.4354763398922816	0.23409546503207734	1.4135457535335572	1.3649857713583797	0.0077232218126484994	-1.0778859995440977	-0.01693775264347027	-0.20484614253340674	-0.6554302686443917	-1.7489779733728221	2.6009966256291253	-1.9020574793017295	1.4547950369120461	2.539308059796906	3.2528738315735173	0.5820690186194182	-3.103193121239821	-0.0018225094353478736	0.8540027165933353	0.36114505570715505	-2.040987337884476	0.8405282676911894	0.03767338542852957	-1.0810901252013183	-1.2301148557332953	-2.2433347848747895	0.040221746201940814	-0.413366371519278	1.1256629570905918	-1.2924005270135606	-0.8616834822151234	-1.3774341838608062
DTXSID5047168	2.559114278493759	10.51293783743152	0.7438279555198731	-0.5967693730176649	-2.1717549206821833	0.507747349141368	-0.3390518798424246	0.19275997616287868	-0.3077805909576178	1.9433640272822061	0.2838938672006496	0.7774488138499243	0.14248368837777983	0.8865746419052358	0.542041803682091	-1.1024086140395104	-1.2477240565464638	0.9985196787095112	0.5517926772078441	2.124077289772921	-0.4999984626907273	-0.5149506527157751	0.46557818572704485	-0.5492863434346954	-2.253019124669217	0.6889845552378209	1.9086013158542336	1.464227901512483	0.6534853230084345	-2.098666186577622	-1.4700277799693817	-1.4632031174902187	1.0877915632530128	0.6575494283806343	-2.2309965156190232	0.26169664219819105	1.1646419604270617	-1.0269872352062477	-0.02182254263950989	-0.8059186563875074	1.4478885182100494	3.354838359733423	-0.0267996969304663	1.254060277512945	-3.320919187421909	-1.9046829445140556	-0.6919101132955848	0.15629498111902676	-3.1815190678385155	-1.5818924253725934	1.9576486635063162	-1.403286084369275	1.0301995947423623	0.8842427571879325	-1.587852395016393	0.8258094817939059	1.8944007874202866	1.3008094801192702	-1.716219439821391	-1.8388930831360726	-1.9510233031803677	-0.6885758194236024	1.8054111437626879	-0.6851362093912634	0.0880114915791158	-0.2341952997913048	-0.5522818347884383	1.1523464174460334	1.0991151576158664	0.00498849409256909	-0.2548759999083906	0.05897179863428727	1.030109701117345	1.4180843756392487	2.0715927324978307	0.9638908110493234	0.20925009292397528	-0.04486307975893669	-0.46156337357295524	0.49653326933404746	-1.1999323837513312	0.05670701498616512	0.7895378861037863	1.3322823447169705	0.6655457240608453	-1.4258850272225394	-0.17547231211977818	-0.6732978872740417	-0.031115712587989952	1.0940152176158058	-0.26151422841180444	1.4867116393009157	-0.10465897071326635	0.11707957738806232	0.38823073270352715	-0.4599774861596194	-0.6524604131240234	-0.2622709148517227	-0.10573990205630869	0.3960894134058924
DTXSID2041674	-5.549996636602015	1.841918964391195	-3.35465242405401	0.2952536287148066	2.8696083930460383	-0.018237469029817162	0.1880812452883409	0.16190039259084815	0.3076428888353389	0.28392168457749345	0.7147295775483908	0.9884652408442345	-0.036739897182362945	-0.4586777855224458	-0.9583752068818966	-0.48810107731952745	-0.7990615929798115	-0.5854755144508018	-0.28429410027199803	-0.06114978656024786	-0.897742096315394	-0.3265246565843317	-0.09360074247954442	-0.264831835418743	-0.2995783679049226	0.008892107418337493	0.37539450465080554	0.395101726303671	-0.3850875291017506	-0.18915466224446753	0.7507522347404274	-0.1622043759727672	-0.49491755939898824	1.8515274876661831	0.2079754907370854	0.5120950006043313	-0.12847561335075874	0.8364372806189665	-0.5567882065109957	-0.04824356763388136	0.26776046707118967	0.7673299803539723	-0.2601951220742986	-1.255648912057245	0.6935127675547937	0.40685778880329126	-1.0007448753547465	0.44953490138373187	-0.21622113737821708	-0.6044951090848285	0.4377639951251685	0.02813974504298395	-0.27500850872565175	-1.0755524093592568	-0.25318320387536924	-0.1484322372767187	-0.33927701006091737	-0.1714808141188166	-0.8946940248178302	-0.421920679425011	0.08127513173472557	-0.811117010990026	-0.23289436532443591	-0.3466828292234847	0.7585483488104128	0.5738793684893074	0.7533982752440206	0.6365250168990976	-0.6265789207744427	1.2037770917213422	-1.366680855959154	0.223481181854205	0.6287408635130828	0.5276955174849212	0.09378735383004556	0.19197016526595806	0.2142977313178283	0.45463050616418804	-0.017347007142990912	0.23040260561967008	-0.29345258982265787	0.47089328793805646	-0.06740301871226277	-0.37555137596785054	0.033977941660649366	-0.15937997319367006	-0.7769091423565561	0.4041620440266811	-0.31674358279402004	-0.41896906579400456	-0.555630479228832	0.3737875160955751	-0.037520497301233094	0.23191453089806432	-0.8315547201561585	0.0018595863734267395	-0.5519280073014963	-0.49959516100676493	-0.18502547638739467	0.08682521060944628
DTXSID6022393	1.3070511896364003	-2.5321552299297347	4.804444662469666	8.659054880043128	1.0625122729936836	-3.9106104886604554	1.2059660040007596	-2.166659592893483	-1.9499915934551058	-0.6416842290931489	1.7548583542248384	-1.0240814835533485	-2.478865024713699	-1.342485953470298	-0.39396924535280625	1.0605459983662953	1.010937128242104	0.25843462314312027	-2.348841349169735	-1.2273887179821288	-1.1403951831332748	-0.3215450851176905	-2.0106841705168397	1.0739033115692684	0.9803635156170664	0.137935299636954	1.1792299416891967	0.3104623788623723	-0.05541830824797287	-0.9070365786766307	-0.7566840185936525	0.573688049721708	0.5310036666866801	0.4569039209751629	-0.1610963625019842	-0.9417230613375797	-1.2457410197793968	-0.6450303632612	-0.6005827042935404	2.2767117912913912	-0.5157089483342392	0.38003074356408373	0.7696118569670686	-0.18392421568632275	-0.11844011340493711	-0.0794457370169245	-0.2138176154689828	-0.5410589067511433	-1.5713553299313996	-1.1962948138139522	0.07000637102574517	1.0093200841532166	0.6888882592729589	0.21337554025499939	-0.7033870994254591	0.3496211497482906	0.49861570579602293	0.20284859395020371	-0.3130406065230856	0.4482972120765679	0.05725463566560893	0.8160773738573129	0.955810526203436	-0.5860856145230275	0.2483073555538983	-0.3053464212105186	-0.34698117897474323	0.17405795553058048	0.4388362197512814	-0.6841711520364868	1.2846052183125938	-0.11663285781028677	0.11064443451230944	-0.044153089517267624	1.4702878743199228	-0.24027986443730992	-0.4507455797968162	0.43166669509967825	0.6881523669240369	0.04544840158806747	0.5020686045581227	-0.17449277218140313	-0.6065989078841144	-0.006752371540968316	0.7293196155403374	-0.23322786954253252	-0.562768591755969	0.05663713618551213	0.14352078272334398	0.17676344832219268	0.5748318317119162	0.006073160658888348	0.2653156257611027	0.0813401686056191	0.45193045249419694	-0.36566089542564306	-0.5591008417185064	-0.23561584613220712	0.5245270983982476	-0.06498969198435663
DTXSID3049251	-3.036843237897753	-0.3562493498005986	-2.3996185400639005	-1.5736086883379405	-0.41708650030385047	-1.3824104799461494	0.128849391651158	-0.0021585844969633206	1.025362413255753	-2.9928333159885643	-1.6339499469114103	2.0885279985847425	1.2530005251552463	-2.579740871384805	-0.42193380947320536	-0.47380958266136963	-0.9080688205798729	0.047836472773395	0.8424037560634775	3.320779374588708	-0.7986403885990463	1.6359883301172125	-1.7618058288783163	-0.4889239072743564	0.2514753756787673	0.6422033711097327	-0.08858730287039566	-1.6697574313748613	0.3267990991624133	0.882844624540028	-0.4322758916690859	2.2979666022717202	0.32648298183062135	4.676369856279316	1.293876439673271	-2.2337483135501706	-4.273110531841846	6.3781405732026455	-0.2782270513273204	-3.529290507070983	-5.349350735894002	4.814522018652389	5.647707016654148	8.41028852997842	-0.4153928670620283	-5.004197526139775	-1.9670811684203788	-2.769345072907371	1.7289006305833121	-1.6395999361380702	-2.099496318877251	1.4222423458618303	-0.4357121905535844	-0.5251822586843562	-2.5631997335546406	-1.0755756887565373	-0.9581117371037899	-0.5301753651368671	0.9705295306597254	1.745932028662075	-0.5265681829138109	-0.17418926542894683	0.2226743875370956	-1.5426390063366968	1.2927000396950041	1.4518333614019068	-1.7069143357437377	1.4178749976663931	0.2096331431001686	1.7908127049101363	-1.159747574342157	0.33433720379617266	-2.1801266535213437	-1.674813184048969	0.5209709568474106	0.6096014234863864	0.11846560702915186	-0.10751277969600215	0.7100362883365999	-0.16135149023925394	-0.11329376121998043	1.3513748969378692	0.2601625840407705	-0.947059065512386	-1.0647004562443299	0.3995220370280524	-0.5563634106598165	-0.17665905458948164	-1.1295389028849525	-0.010937006424486442	-1.396557319046765	0.08037938405093643	-0.10209890755073607	-1.112197444172145	1.4851209364251314	0.7217105427186726	0.47238637444997206	0.5574308107260235	-0.8376847988095182	-0.3330842136337816
DTXSID0020022	3.4910921187774613	-6.147763213159624	-0.6793156457379838	3.4416374225634487	-1.712685626952308	-1.1530913707189268	-2.6902235690178276	-3.730306399060355	3.8273425342778467	-1.8862941039913568	-4.227262205706033	-2.067426828012757	-2.6587980259759814	2.4874264569560043	2.3726429931192525	-1.1377437305101281	0.4734567840693059	-1.9786974977440708	2.046297903957017	2.4552777931972285	0.36900808996958157	0.30294569222405965	-0.22188363414855483	1.1797501033199957	-1.332131573990075	2.06459173408806	-0.4288673387454935	2.904754604080757	0.8077362170013653	-0.9270478658020588	0.435315436439619	0.24301457361345985	-2.452503114399258	4.548460827356077	2.651340959097332	0.762718539649521	7.293527168125628	-1.2281010508931214	-2.8123819610199146	-0.5441471945967488	-1.0723301793564148	-1.5457899099103523	0.36476726272880156	3.01564954403176	-1.0478678130591876	1.63636132232471	-2.2786821774455666	1.0105863943162392	1.5689289810639053	-2.6610297415802924	0.4266303857688465	-0.6812443016511909	-2.1214635782464075	2.224393465348253	3.063984721256849	-1.8657477765311241	1.5299642037703516	-0.9285526679309496	-0.2543605202578071	0.14857659684716726	0.6674781117060296	1.3864670687642715	0.9338438131709798	-1.5736954192503931	1.6494846644470973	0.7751063939150357	0.08070946651455975	-0.6883020215329347	0.16560415656688937	0.09472034445770953	-0.48546583354287703	-0.7938935664392127	0.16123351818301365	-0.3066366663770836	0.31321049413512014	1.2421437974117893	-0.9705480090069742	-0.18438101170892351	0.04142372865911666	0.5850803816608202	0.3838255286255747	-0.8395594490831648	-0.3232462940530642	0.5724177312470791	0.8460259840010175	1.072543147910035	0.6652296127749904	-0.5197651356312528	-1.0364277656440861	0.012347667342637541	-0.14243192236242116	-0.1787835939037862	0.66321048742509	0.05654211397731008	-0.42965251880204103	0.2837782486193899	1.004968239045547	-0.022411392219822746	-0.09767567666297448	-1.0870491444694155
DTXSID60377821	-0.00938164625722855	-4.0601954560270315	-6.538219109742737	2.2470475487823185	-1.5529470948205337	-1.1387749637009217	-6.185418094047858	-6.117067673726506	-1.1855744569278885	-3.435995844570347	-6.698355807936086	11.486203274222131	-2.768625533500871	-2.937708275915669	1.1693766743503053	-2.6491514150524424	-0.8741027755719011	-4.955514584733047	0.03288982526466002	2.036789103754316	-2.880467574754759	-0.19112251023718202	-2.4698911336922467	1.7407359755830578	-1.816851633327717	4.997943048478785	0.8459719863223709	1.7413380033461328	-3.749703173955438	-1.4197843870682074	0.22475778925971251	-1.122036136663153	-1.950929222682185	1.3917163279514995	-0.6290694000331868	1.0408029344103815	1.7760977581350756	1.1542223408463674	-1.098742546711749	1.352389119691322	-1.6794838083494528	1.5566478124723016	-0.410267151525069	-0.6573821881616901	0.6296386365509399	1.0376146742730763	-1.1953586615021652	0.8943433570303021	0.9551953606741105	-0.7268724491002186	-2.58198192752139	-0.9107485763301921	1.7984991817998137	-0.07826577246935713	0.7039837911645248	-1.1643007086180424	-1.3574377612332165	2.136843588723951	-0.6354020466331566	0.18450506050070686	-0.21031022823360848	-0.21188344404856696	-0.4754064757619549	0.45538584924707826	-0.05593862318143496	1.56155020304494	-0.5990809457284262	0.9598637160552634	-0.4785284383682207	1.1192867738376744	-1.3103917554811961	-0.7594091677068336	-1.0812256833072704	-0.9296121869245192	-1.4538082761340663	-0.9470178356212686	1.0893746792737509	-0.1037615095939034	0.3846186373046936	0.0750682596926375	1.570708330509474	0.40838749538757474	0.6797595546307739	-0.6917348091551555	1.4072314855873274	-1.025096272611651	-2.0967305896418753	1.930343304224832	-0.3648457479630945	-0.1010071135109343	-0.7514094104259255	2.7969986193348864	1.6468500072347778	1.4279031528688082	-3.3053012094684964	0.23594353707814528	-1.8112065062222769	-1.7252482883427482	1.4287996598663881	-1.011718516938701
DTXSID7047304	5.776484108663999	-3.922207148503456	-5.025770141398897	1.7403100427053526	-6.986572740885064	4.790189874487906	-1.0516699480883314	-2.68123862735637	-3.300974515211346	-0.7722093396807257	-2.3414536935556765	-0.14169368659660142	0.47112822738734844	1.3548372298173395	-2.0895787035054965	0.7040353375992445	1.1826687633566004	0.740306578516601	-1.4728884727710216	-0.983006544423864	-0.28063199795324234	0.8369765374844966	-0.9370309486765063	-0.39667810038494605	0.825014093318615	-3.452980218062904	0.6371958304853711	-2.0006939407101125	0.5969662445041587	0.6125058968895042	-0.061881521023037143	-1.6283467703305898	1.9052407041119337	-1.440348515820862	0.20164837875727656	-2.230183046346765	-0.41573894073219986	0.03486486763852078	-1.8344249772885408	-0.23148214906351533	0.15662884829986298	-0.5436437632184792	0.5187809517568774	1.6311924063586258	-2.66442716207339	-1.4523647831676794	1.7823653207508072	0.3130853100868294	-1.8660891200667735	-1.4666548541787499	1.8259991064028132	2.5484867870453947	-0.2998665774672994	-1.7478908363435857	1.8524260956687093	1.8904462877916504	3.1085753495969137	-2.5796692846409646	0.09353349216372774	0.8144088862932232	1.071517928785344	-1.2211192878087926	0.5561195467950699	-0.17649888351632798	0.48629801169907516	0.045385630126371576	0.15953218504878533	-0.49414436936125283	-1.0953597758651596	-1.2003179115134812	1.780461974391905	0.06183470722008667	0.1306889532750179	0.5522977708049984	0.8567209899562013	0.7225645681489444	0.7047039901872347	-0.0493821525095209	1.1245054570474737	-0.5752938389235225	0.46623390246092306	1.0078091197990695	1.5554136671076284	-0.18104588726882767	0.3125545290343519	0.15695229655931411	1.1884484762333527	0.6884105551450517	1.3838653860241847	-0.4877189404883327	-0.059284767000836944	-0.8231464960133208	0.09994076186188909	-0.288678493854679	-0.9171169546919319	0.30821373652938716	-0.33253501273522934	0.07201529976848935	-0.325794598616622	-0.6652385108152838
DTXSID5052597	-0.7931330686634007	0.7633410538437077	-4.98463693983792	5.442425236240248	1.6924550450373017	-0.5862880273193462	-0.3638466916461579	-1.739921831176276	0.35163579796856376	-1.0603829284201487	1.5543452960219797	2.8471816403608163	2.198186128436345	1.1386933288220067	-2.7344058048309607	0.16908395393720876	0.9062471925279224	0.853793747460227	-1.8615296193964879	0.6287431243133402	-1.7892929343558863	2.024636824642541	1.5707009763033195	-0.2675092887004749	0.4947609073802776	1.0247698654893989	-1.9696429920175809	-1.0381561427854535	-0.46900773886115976	-1.631580366639736	-0.070197490222386	-0.29409608484728095	0.17513380185585184	1.1422066184307889	0.32228731814120554	-0.3317325979875489	-0.28960717064649005	0.5861081284393904	0.6049115722700927	-2.3273896684364495	0.8827790410900523	-0.7626864034058144	-0.2329554267981057	-1.5376458579284515	1.1366043711446994	0.7007167762305901	-1.2834745873747295	1.2052256276568891	1.0903825485143925	1.212547938372013	0.1255159382314875	0.9822610427348765	-0.8571545336340984	-0.8437925426943237	-0.2642045515045312	-1.398008821784575	-0.9604234557491729	0.5600696613912148	0.6877405485115684	1.1133185368521357	-0.6175991319558048	0.020237860012029384	-0.35402197673057195	-0.02496907978790621	-0.18007734685736887	0.5805179105151295	0.6752238355508753	-0.971202416488732	1.7348025624157946	0.48439724607086887	-1.662149367112003	-0.574296622975468	1.2581545355685857	0.23307888382066935	-1.3709307118611043	0.40286274357195145	-0.297810310628481	-1.5943135201404421	0.48924115284341313	-0.06317032188118	-0.8791920165582194	0.16747653806798657	0.3766931180863827	0.05227380129251114	-0.9646163005684837	0.47237922581898634	-1.4090794319808424	0.08775305855653338	-0.5417097664188764	0.3436399880264365	0.7256882798336447	0.9695439212682329	-0.37583437427141525	0.37698111203755674	-0.4004657937042934	0.7621275733076904	-0.295650893635526	0.6576375643202629	0.20163884344580518	0.181511064469798
DTXSID9021899	-8.212863240579841	1.7974138543651492	-0.987115318413301	-0.5105876620188424	-2.45132136749487	-1.2281656313209712	2.2685342964320707	0.6617842608222462	0.6810896603851456	-0.8812119119416323	-0.810197681316273	0.025057462477439948	2.0332113041460094	0.2744851636836236	-0.0749949545832051	-0.35936019978015593	-0.8481086507900121	0.4120515356195763	1.1338271757701153	-0.13019420221761843	-0.07796861556283624	0.6162963586701267	-2.013121983205978	-0.8881627570864152	1.9521362766951444	1.4763446540477758	1.8437678696917719	-0.3815778820743844	-0.06277565607305174	-0.8874918344992766	-0.41868509542898286	0.9184690634212415	0.0013447879256431134	-0.8386890121897479	-0.30964139987752487	0.3085489588943881	-0.23357123609597333	1.4579873883135341	-1.2323962342051478	0.4429646181346682	0.794058237722196	0.12258960522998913	-2.309134282476505	2.459405700099295	-0.14331674930659347	1.728056637100899	-1.4184694646512526	2.6065942999264293	1.4750133853688114	0.5720853935879576	1.168591851197766	0.20524174817894567	-1.5620395392125253	-1.8855353980122989	-1.7526256644290752	1.204141160261033	0.7385310038250833	1.0854891801442583	-1.2978870232169488	0.9874503040669643	-0.32762051330057856	0.21442188520666466	-0.45681770946093103	0.813259377338346	0.13380742418728134	-0.4516499072853275	-0.7456694416472228	0.24412068751550225	0.41370420669656705	0.6634679157390839	0.10701910950780194	1.179892218827067	-0.10797785460167265	-0.36759335993348163	-0.25989155921978313	-0.32799564871715525	-0.26638865270007644	0.3470548252002209	-0.054955871331096105	-0.46508272848946225	-0.1356647139035818	-0.204563098156086	0.07684602147298443	0.02096191078636553	-0.30594461616608953	-0.00038306246070567645	0.1869964333434693	0.3164709212947228	0.36757016685051447	-0.2520844354086051	0.0017623969238177082	-0.08487843553634022	-0.3665033929640297	0.2687164874824946	-0.04705095028903252	0.04959741054958372	0.2630871454659372	-0.41927764601534084	-0.21720362446292432	0.12082349361700395
DTXSID9022609	5.956112291976882	11.031118058930202	2.453023262682228	0.5424105239053013	-1.4099494930921086	-1.25173753836086	-2.272575523898021	2.3183167467496673	-1.1379491543786564	0.14726326692159408	-1.4538544933722255	0.6281104014966297	-0.7777935450756402	-0.49058232533207863	0.2042359285658694	0.1299988204455787	1.2734063737811114	-0.7878727372318602	0.24328554898047575	-0.15819373356671754	0.6636945868181173	1.2117221622902006	1.1394520664408483	0.9654168052706039	-1.3461829754797974	0.26883700989964177	-1.6357298928777557	-0.3811332140353052	-0.11112147228730725	-0.22229524455236918	0.10846864387061282	-0.5502054976828825	-0.1608529634259157	-0.4734374351590177	0.5953733631933551	-0.4529015591765921	0.015500553962770119	0.2620688343809736	0.18038558035816818	-0.9980402246536679	0.67666978499507	-0.7421689899810899	-0.5870303059756872	0.25218095049832406	0.5374128486863571	-0.2661276030522901	-1.852805270078701	0.6835154389391983	1.0966475830607687	1.9271175852118585	-1.0562668453381008	-1.4989771598696018	-0.8463526424690813	-0.25945082309666295	0.22058877967254248	-0.14202101909700654	-0.013570769123303673	-0.286275036872738	1.2186251086399567	0.9505744122551902	-0.3260211117961157	-0.6733401061838088	-1.4302000942572974	-0.11224625369602464	-0.0013901639025785983	0.514763983222976	0.30780955218603473	-0.17697510547877088	0.4471301257876573	0.7863758600495715	-0.8539610086098393	-0.7850672314814318	0.16186227431871464	-0.17105330482200473	-0.7958391951087805	0.3689279544486789	1.3042200585154449	-0.9936063550598887	-0.22709664851873215	-0.3073863958338843	-0.45869811807827027	-0.04900846843135867	0.5644218891550875	0.05469748170644818	-0.39821561202363487	-0.0805116113068865	0.13009292804128977	0.12702804374933876	0.03445223147906005	0.2212479102296897	0.3376359359438847	0.7354847458382542	0.21557798760127997	-0.08802089567575185	0.030280156803768023	0.40010728985869104	-0.2219694358471755	0.1728219179761252	0.16320453076289132	0.029940165159155284
DTXSID6044931	-3.226978293011903	1.9000530623335519	-3.3849467613880084	0.9123434568686882	1.624841187444004	0.5625983684433662	1.0942916750376164	-0.42099034799966906	0.7311194188025693	-1.0718460309944695	1.9793175595082344	0.5004576061087622	0.9947529671574051	0.3320714383220755	0.5258064366275735	-0.9391483642726288	-0.6928483749361682	1.0195906010175837	0.10456469050053543	0.662367491123648	-0.9785749722509928	0.3143994201291107	-0.3652838738303761	0.22550368135674664	-0.42994296261127474	0.6671812851511039	0.8838866944861299	-0.06780139987685817	0.09799597296503536	0.1277504058191705	-0.04756193790751247	-0.07205227358290674	0.5161581748900056	0.9546976304815056	0.14721644453411448	-0.4221561351106952	0.3803058094644603	-0.523993930486371	0.7050290474213823	-0.7521624917999452	0.2492914125024898	-0.6685458398711507	0.03815649321366333	-0.41866237626026614	0.8391504565809708	-0.31852297855110573	0.03682251016654751	0.09279747938739054	0.1162870268685156	0.062475283803903436	-0.08103873042934413	0.5618844935743935	-0.23569138158925604	-0.9113692066250394	-0.5044445880314902	-0.18219409145973625	-1.0225344475605962	-1.0964840965403586	-0.7123459081029749	0.19017305609063684	-0.5048618773041486	-0.009144383917156189	-0.25742351735704855	-0.3846528826482914	-0.10521070054483088	-0.674177695913051	-0.3876249300351334	-0.2451840854861138	0.06878538528275642	1.160766737049171	-0.8224975024487944	0.05748923660788936	0.485135882312695	0.4201432626330265	0.1528031445360475	-0.41891961637538355	-0.7534460367254696	0.6900997711342761	-0.5844327774347716	-0.36707701142400984	-0.0026882189109287253	0.26531894070818657	-0.040741237112146084	0.30075121935990906	-0.5082481588554845	-0.6034071106393989	-0.2592807863503821	0.37938878281435273	-0.3482627976274163	-0.11058442884806934	0.46885648299161103	0.11694221092910485	-0.008178949878818037	0.594148037983698	-0.9472442874555069	-0.45354815612014127	0.34530693263152124	-0.43064771749211667	0.2843316702517598	1.0691684789517515
DTXSID0021129	-7.315847076436973	0.4471716813025184	-0.15509385370736858	-0.465125107541988	-0.9010247498361761	0.027512427857948427	0.005043667688747644	-0.25550783931243565	-0.18331070502075222	0.09932820268456577	0.3252696063664347	0.0012916797888379947	2.8145582808973324	-0.4120992494063094	1.2697604962518558	0.30008438527345227	-1.6024105867004477	0.1764000929287694	-0.6994055033901024	1.6036984968197106	1.9661607590959485	0.2795434076943797	0.6142822998407835	1.222550328743177	-0.1952953514485875	1.0360750757514394	-0.8983854249609615	-0.831013945609893	-0.9546595024270091	0.25471370084398004	0.0026043160417932106	0.262530527034211	-0.5797338329873026	-0.6370354688440529	-0.5144958704183372	0.046350128762035946	0.2972578811221124	1.713766282525145	-0.831828073681444	0.1833015822809024	0.1937418198173501	0.5632436294582644	-0.0857201437211674	-0.7459315159419941	0.07353753738861181	0.4795787418155699	-0.322106456880134	0.6831930396671507	-0.18586883498158982	-0.4405570481163143	-0.05410410954425595	-0.948900565463913	0.10229614573859631	-0.047562438127822716	1.294665582353035	0.42283034531065905	-0.18525742617313204	-0.10182685534412016	0.1974310601053321	1.1263376615301604	-0.3694903846527354	-0.43052142125469856	1.63507467390598	-0.16581491523006514	0.3634695172511568	-0.45849076157565277	-1.07371652314714	0.0566025059021563	-0.3097164284016609	-0.28521474795364155	-0.8727652052818345	0.481350599054629	-0.7547405355045903	0.8517988504766386	0.3965912864686068	-0.7193288792338973	0.7588208909423487	-0.9108260270074371	-0.1032429716920343	-1.1704381299586677	0.825554049233667	-0.39595156715195284	-0.14749210778739352	1.1245626442483698	0.8266752449197319	0.10679728395023491	1.1786966136621384	0.05726018185863251	-0.33371500850892716	0.33911544584125397	-0.26374406601066325	0.24704403505437136	-0.13655687949795786	0.18575708400890847	0.06589799751757411	1.1186526668079442	0.2749548142078553	0.42197915880568304	-0.1979954008336082	-0.5240858372794538
DTXSID5021752	-7.248486729835265	4.138532485347038	-2.195509177523947	1.6550695301234102	-0.13212928221902825	0.3504717565883396	0.2572263053560636	-1.6542564515316773	0.10252075863755293	0.10463766885122083	-0.09806739492518989	1.161926822318728	2.1822587495660914	0.3682921570600382	-0.9534359411487525	0.1638057405669593	-0.6624517770617455	1.2101764569898732	-1.179636147166168	-0.24173828988411436	-0.9984408891080485	-0.9237399552804875	-0.8384918405843755	-0.39037007120882117	-0.2848807616568345	0.029924555155688707	1.1306587565265596	0.21734381341265066	0.41181987683899557	-0.9809508845418431	0.4873532093428868	0.6614336853976834	-0.7553857225057782	0.7133805588866704	0.6154926693272921	0.33873248189297195	0.558802461409284	0.09615733257516103	-0.8053286390173761	1.1677519402795598	0.49067162561509614	0.8402093533671555	-0.004714945842253963	-0.41314036372654367	0.26501655251217043	-0.3623955185124246	0.06950982463501472	0.196525749067585	-1.2991666602471583	-1.3394105469556135	-0.5856003548638508	0.6502167540262387	0.0709681828508081	-0.6429735150851105	-0.6937481846659936	-0.8997662939919425	0.5364747894034464	-0.9942018161959085	-2.0758319261466536	0.09018858920196074	-0.5113306014161322	0.2624023729250324	0.44345837520723363	-0.03766809178040191	0.12540318857747967	-0.31215209042237857	-0.48557338427241276	0.8405765852042435	0.43906744419556043	-0.060905901487444646	-0.29301698480751454	-0.1723254684232801	0.47744442229274087	-0.2890694473368834	0.476463082499166	0.16895347314541148	0.3195049931513667	0.3003355713846387	-0.38199054558815765	-0.49377016719320604	-0.001254545230250366	0.35614521972951163	0.330719418759361	-0.17538776238482867	0.30915659979262744	-0.6620243717232966	-0.20822915917760684	0.11218176185485748	0.14363173000228768	-0.24776410558442655	-0.006122145300316395	0.04234015062180726	-0.35852604577656755	-0.7168337323923861	0.08368070453618719	0.283340597953952	0.4604604335835961	0.29378109536435326	-0.14542762041044702	-0.04878030910231853
DTXSID4023171	-1.0305148418386647	-1.6179886636548657	-0.7392378980307525	0.6248453681296398	-2.3050478674601687	1.3483224868430668	1.9539125501500452	1.9097881220729245	0.6266643016426097	-3.2996458384330305	0.5433616536476906	-1.5119281074563053	1.7801150299042443	-1.261040981028508	0.5362660956727824	0.2217657042125943	-0.3126317806882687	2.859182630488893	0.6849163977812371	0.06745684684858819	-0.714416243588723	-0.45881718464445514	-0.9752123366587023	-1.4640251750288722	-0.3313267980144862	0.21482246724988344	-0.5415030972703795	-2.4210379900774575	1.8782148142886763	-0.1565433796996861	-1.6595736634346037	1.7086276740263384	4.462023380168798	0.29881897791494727	2.5157257095603933	3.4335596806055872	1.5235477363025927	0.2116676253858891	0.4068466353380372	1.1277667677505505	-0.2797713435593484	1.1569680548154306	-1.3973684663267563	0.45409034056968917	0.16311279210652563	0.6824131212852682	0.25255206079410014	-0.8413511277852649	0.17488894349527867	0.2421296182106082	-0.22323557698787638	-0.5930325645912673	0.25807410924604224	0.6989430165220357	-0.15972866849970188	0.36860041129842885	-0.7257792998612388	0.3370171722588654	0.9841618639757818	-0.15100207991771866	0.1410249045535068	-0.14254222904387012	-0.06595084625853284	0.14061447775109548	-1.0400712927735256	-0.033379183298424694	0.6639884340156555	-0.6491442109345597	-0.2968420195519485	-0.2491968135652387	0.9555142630882797	0.5748824700360443	-0.9408126328600032	0.26225065479993237	-0.3850421408486836	0.8171684779391234	-0.007016531020187634	0.13383859133224574	0.7238883905537674	0.18614807256799856	-0.29966020530083265	-0.22698258167286434	0.45563061729523574	0.3325152068298403	0.42676773128494355	-0.09026581471563568	-0.1412235621870485	1.3651191599796493	0.5643900307382411	0.6599137306820853	-0.19726416351493908	0.11212951620658819	-0.17959136309383153	0.7073833464589945	-1.139407205170207	0.2586988084468722	-0.9708378531999149	-0.8816421974610649	1.5661254331863272	-0.12035062919354701
DTXSID7042140	-4.460550735451156	0.20528214669137348	-0.8581291607707755	-0.35557716059083966	0.01909966237432793	1.0772116909360556	0.2374818518866486	2.132181785993162	-0.6489818448413929	0.01312304124769695	0.4047144887619312	-0.48494543511933724	2.0984249517254696	-0.16778253025721807	1.6206413527881827	-1.543672202002074	0.1104609029978619	0.18324507145543592	0.236475406967873	-0.25421041017775836	-0.24347495149587864	0.23308635021592206	-0.5711559637139861	0.5836969427310695	-0.6801081257261183	1.3060873804259638	0.029207183534616828	-0.027814113643402673	-0.5115784859641411	0.1366475070869296	-0.7068654279858692	0.22624114243368706	-0.2724685593842532	0.4589445259777365	-0.5886581581612657	0.09690635183982718	-0.8592123433397917	0.7354272071380099	-0.226930769263631	0.5651822464977435	-0.218114886775811	-0.47362985645307787	-0.6072146107402121	-0.0796273513723607	0.6987847964524699	1.0566710623974593	-0.14429921094042295	-0.47784149924611147	-0.08823039675628758	-0.3963402813787617	1.1968568694269597	-0.06595493533801206	-0.036904047913144215	1.1753638928061376	0.6215369251352875	-0.27994549224192283	-0.568186153855995	-0.048113966268350586	0.8622603342658762	0.42432821785164226	-0.5747558673718457	-0.26651304836617773	0.3670654819388208	0.6191790084493757	0.3971959896896231	0.20447390988022293	0.1921401668685488	-0.37772358948127843	0.04267849024056723	-0.7293512853156713	0.17304279989855056	0.10327638771930253	0.5337828074440502	-0.6383402036148321	0.8171842977320861	-0.5141864000789569	0.7531129353413459	0.11427739440105499	-0.28591647930166353	0.18417151724127406	0.6485984882868784	-0.4467797277469653	0.7056514171421904	0.636386676704195	-1.0554852328858964	-0.49919937391346964	0.4257573735986684	0.07881194723521608	0.029447018739436233	-0.005356289176054194	0.1416017544664198	0.028958423345524627	0.21700055081534877	0.5427668956546884	-0.1339085091305607	-0.17284004184987745	0.12711068751010912	-0.07579505238371573	-0.2595543818177232	0.11609094648481333
DTXSID9021922	-7.43909090856399	2.9615582718839004	-3.5133561540959137	3.1150074647901174	1.0126998849467028	-0.5433279883190906	1.6209960727137505	1.1036540902902063	-0.18910652802196568	-0.737870284553711	-0.7478393654736852	1.165429744962675	2.7459855027316182	0.21218378472898933	0.3503772346771333	-0.7876754136972423	0.1692738534222609	-0.6929981023501248	0.8369550830239338	-2.0041101369771215	-0.643155537350476	0.80681755582981	0.31758391908577355	1.0738070322671596	-0.8388413422114599	0.45925930372502494	0.15880759088604565	-1.933885057419201	-1.1394169479831884	0.6726043124854579	0.18234429463466667	0.3725120373910403	0.7107970916103242	0.35524903816309744	0.07342136067913935	-1.5685968990275387	0.6198141883237427	0.6635236834187058	0.8603944889775502	-1.1316726455023378	1.2564186002486373	-0.610300537653337	-0.5744428451124347	-0.5079444251580806	1.6050796400689304	0.5484158045490832	-0.8952043517167418	1.1846281601877287	0.19067991038563514	-0.8923555110703151	0.09656281154903965	-1.8959944911827393	-0.6441281946521348	1.82025245201813	-1.9680896678406377	-0.9660776198432766	-0.7511099599881325	-0.2318048102457519	-0.050369882868591086	-0.48701592080793277	-0.33231645383943387	0.24514945212891093	-0.8389466767307507	-1.2171472671793366	0.9911209388572749	0.06312334993859105	-0.8823030107388259	0.7793621736151976	-0.5840167577915371	1.0873823131738525	0.26286567739986666	-0.005934409669071844	-0.3868316220370573	-0.18197391628247653	-1.06759012273407	0.8339482126768993	0.4334949226609174	-1.6338269688985427	0.061309989737655606	0.31756524842017503	0.6303144702801755	0.8639029260319514	0.10120218100356186	0.49443691762700565	-0.04412110846141927	-0.3288329952241557	-0.110320605577089	0.6409143847328116	-0.06653751813096606	0.23101453138009012	1.1729611608523067	0.4256606008230691	0.08388223480821273	-0.4170273892323278	-0.23053674024236107	0.4254045851652246	-0.15931240716689335	-0.33800680316426635	-0.8252125744581839	0.8409102759748474
DTXSID1023819	-0.14266563529755014	-0.0013975894019107131	-3.3795797838786545	2.144644562604738	-3.6397057895424307	-3.2508777282181582	2.707725335136901	2.545468369404061	0.9619823713982609	-3.639593289375202	-1.5292881094289992	0.99252412993231	1.2175765013916426	-0.7712645797594477	2.250135262938687	-0.19714791320616165	0.43571402554661587	4.528112675245654	3.5461555608297775	-0.1683132372475787	-7.078464813691743	-5.310520772910521	7.327751312507698	3.602386190401074	5.672159353080484	-0.4580078866385698	-1.5932748958506882	-0.3883035195660349	0.6214800018621129	0.6822935213165903	0.19761849542815318	-0.839976719398702	0.39877287949229584	-0.23765586597680327	0.2980651270896378	-0.39415961625933177	-0.8134592746864948	0.8833768046088282	-0.22177915947491397	-0.5255185764897526	0.8923826182897394	1.2767893029782944	-0.35966563973317883	0.5581270010226345	-0.03038225267866415	0.5723143563678481	-0.5225247882236808	1.375374467973016	1.0488475849360155	-0.2596576689396808	-0.30039047824586085	1.0489448929693215	0.10916189078475287	-0.3698676564075993	0.5148440989833691	-0.548994103629089	-0.4452669314506162	0.7826105701996892	0.3322130477451747	0.6870880565254194	0.5666344392795132	-0.1905246564197915	-1.235991956410369	-0.5986186273666209	0.12254667681416394	-0.24099271489010585	1.546645868686231	-0.302210765492503	0.6948795975929777	-0.09888236478664959	0.841507611355649	0.07191269195489916	-0.18457246030504867	0.3858347810331583	-0.3913311213874142	0.08439733993246062	1.2027069461158124	-0.14890073767432502	0.18276937963823625	-0.4341244516104644	-0.7917563774373836	-1.1324647361879798	-0.1260352720189565	0.5811576844198707	-0.5923380512102667	0.8559772668590063	0.02514026968828315	0.7314995116320112	1.0049153153626909	-0.5206834209960467	0.7312223108766062	-0.2044480134857715	-0.7577970631295975	0.27829812856534414	0.16077939673789818	0.014382530269705988	-0.02360797301886031	0.3612735925888297	-0.8039192351787435	0.13043001722125822
DTXSID6029670	1.0859773415437355	7.509560849515613	1.2387668430581893	-0.7882888255160575	0.6873618833538498	1.0845558896596064	-2.0241363692474446	3.6640907078395624	0.06385648170619852	-0.5223469081638794	0.2675870040882019	1.3202319565334555	-2.7093521268817446	1.5691504792368334	0.2283359426446626	1.980842306207473	-0.636432842113412	0.5980096605344619	-0.16859931067172998	1.7438377188119292	-0.024008985750441504	-0.686146912111996	-0.6770261490588314	0.8016392188299045	-1.879444914174523	-3.3607405848587577	-1.27821193764697	-1.9810435703008666	-1.1739713709382968	0.012545924201547376	-0.08703801019889783	0.0910447527395644	-1.7231962859553183	-1.200959892467743	0.378636044778832	1.3992130116321568	0.4517265128460929	-0.5924774729399827	2.2391779464229775	1.2388831338800483	-1.411301717286723	-1.324684336928675	-0.5677584707811287	0.6175655846046755	-0.8123206636074408	-2.1003209224539368	-1.6927087177416111	1.7928873109342647	-0.4087781363054369	0.12336370792219192	1.09849061804593	2.235083466107834	1.0441006030553646	0.6890949004161405	-0.605479915251223	1.8628620692799893	0.6236686696855388	0.8004236647249127	0.18928402917412332	-2.278462501563159	-1.9875844447176139	-0.8576646671270051	-1.1512334465026628	2.1546213984556046	2.6743377269580635	0.839620774835305	1.8315681039731584	0.6369543232361905	-1.4801678731269532	2.4315534704276947	-0.6382476383680955	-1.9576275816562598	0.7352755306059977	-1.1516894876177197	-0.6632600556516354	-0.3249555603232411	-0.5587911627264125	-0.08082974397402339	1.978339647129139	0.5545606146026123	0.4953232431524732	-0.4097223277953511	0.39283659004909066	-1.41215952207099	0.428378998970768	-0.7109858420627945	1.1843343828057808	0.3594079801498302	-0.42013997568321254	-0.010070364840401299	0.4262974537909777	-1.075960142030897	0.26009473270806993	0.08748411810005996	-1.1525071376693417	0.9015907649705565	0.4193120669092267	0.6266288444727692	-1.706297491454685	-0.09153966045288323
DTXSID8021199	-2.792394026183833	2.838636300534929	-3.8508695029280244	-1.1062761194527384	1.483976407110539	1.8705721703024558	2.0872757867829317	-0.5497525588986499	0.08065434268157241	-0.8987067170898478	-0.39563818940362827	-0.48960102103454695	-0.40423183097462173	-0.10868302434176323	0.5290374111600971	-0.8513386456798667	-0.9266720146874663	0.1293860690439209	-0.6276356381260446	-2.2419860921639017	0.09059655915757983	-1.1048635506260684	-2.2234210413551425	0.21459695535902204	1.1689172203814215	1.0635166761057522	-0.70339573991312	0.3056664407140261	0.5170701705253724	0.22605948737021772	0.2851269936494093	-0.33176940936957233	-0.20496913037684417	0.5883868890766863	0.29593639104837394	-0.28655377945809907	0.6771682891983521	0.17290543018710666	0.34424176594750383	-0.4044426795222209	0.28940338092532525	-0.5187109252947982	-0.024628222431595414	-0.3140920366378004	0.7254443051584264	-1.1565495334237055	0.1457117557499861	-0.722153168164026	0.3192383268265426	0.5707309807475822	0.4166792355470935	-0.9765326365188856	0.7873562107735466	0.3568670441232967	-0.342489527967546	-0.2659027292855584	1.7861272161325217	0.14343076322463927	-0.3558098901929133	1.106731337735345	-0.8003583998796355	-0.5970537207421597	-0.6684341378659998	-0.534205805879643	0.4769504472667991	0.15027798018754274	0.49406786699539285	0.6023125006535874	-0.32058121492413755	-1.3389113130799453	-0.4956746654680765	-1.8175019844727514	-0.09332641382574437	0.597468265472496	0.2819146010650575	-0.09975591503620587	-0.32718361918323946	-0.1076656674842969	0.46396232527773323	-0.2795951167381213	-0.14994630763003472	-0.1819289046924039	-0.38498794637915307	-0.40053312925361795	0.2411849127218289	0.2786250111493337	0.6421458742417218	-0.5628851296837356	-0.49430552895555835	0.23540293001837337	0.03202958978586419	1.1732599633950298	-0.14388142345242433	0.2511163273398767	-0.31848381234809775	-0.48159648281840556	-0.128248870001983	-0.12703136123554554	0.17761787645011615	-0.27172184949232747
DTXSID3032832	-6.036144779720882	0.832246830593309	-3.924579449478667	1.739633754699357	0.4615869431017176	-1.73071192518764	-0.9626249826289895	-1.5109843266548015	-1.4470887598742337	-2.098061361250153	-2.0694396250253075	-1.7754757920210948	1.2480892583422574	5.097710311573665	0.5454891575588089	-2.2098679778915473	-1.0638778113349678	-0.8574768321469813	2.6837813836879922	0.5666595880463277	0.020823102720972736	-0.5493900977780869	-0.16554730214397015	-0.0828600242197522	-1.4428419906161107	0.09440132757714267	0.027225800700583287	-0.6977413129451161	-0.8164363742405255	-0.13734171586288585	1.2974447471722446	-0.17573523296364482	-1.2294924983857618	-0.43694188493583047	-0.3117836146309554	0.8012322495046307	0.5350578301077722	1.1746751492069696	0.063923894359139	0.595165824419381	-0.2603448529286311	0.053088059237140335	-0.3074365530203132	-0.23348335826947397	0.18382776091746786	-0.8022569185192933	-0.25489792350735246	-1.0304962660313937	-0.013872443746685115	-0.6320494019395323	-0.673697471455435	-0.7748070463504789	0.4845290489161794	-0.1914176508518223	-0.1649912333235924	0.9777416993438717	0.00962264623540943	-0.34798967496531197	-0.3568065201856926	-0.2451595652044061	-0.8586913136477864	-0.9672848769134914	0.7907477470567279	1.030351871359959	1.3432579605711674	0.039777542332905355	-1.123307002985505	0.14206390735507327	1.3787858296797633	-0.5535135906934086	-0.3096961306440146	-0.9898167790126243	-0.008694187768928456	-0.6414301315825426	-1.0005546583560394	-0.23776916107238105	-1.0534230427457294	0.030078436318351595	0.3053489637308598	-0.36621706859649134	-0.3310596652959694	-0.7690780200502367	0.3632929324430499	-0.6223454191152963	-0.43869759554578647	-0.26257994809787755	-0.3611914567769585	0.365544542143599	-0.44489730997008936	0.40743370877710705	0.2264696508758754	-0.3038300188325078	-0.6498490208255688	0.3644429731511238	0.14076766590783069	-0.0039038875653279285	-0.7319488738829122	0.008618680969456205	0.2905936286226338	-0.27323957822265793
DTXSID0046351	-3.394288034384572	2.7192851731631156	-1.7751412140983955	-2.1605871570051867	-2.5318659255860227	-0.3554013080150968	5.608070564194748	1.8285955571817485	-0.15269739127672646	-0.5122213231967006	-1.7707456126004142	-1.5584957976316174	1.516104923666907	0.3874847517522034	-0.1211083805545627	1.499614790795088	-0.9456729636667947	-2.3714492485282537	1.7929771991361483	-0.1952955899123945	-1.787417495183272	1.1086937219685475	-1.2865418841555458	-0.5353341856621141	2.2414727976620745	1.7189213536439236	1.0359553947461249	0.3931504731672723	-1.8427961054963116	-0.689018549976533	-0.5721746477324321	2.135092641471286	0.12470096143855677	-1.6780374814132053	-1.127892903964513	0.5293224575133351	0.24840263349458883	0.8384841707986372	-0.6053809388645649	1.1194633998433456	0.02215021743977092	-0.5008297584553315	-2.3938242093477338	2.793452532925351	0.3378043435460295	1.3768627340862811	-0.4748336625873262	1.8299862864928724	1.0471965194099424	-0.0068613272342895925	0.8070593769446145	0.5360304019712797	-0.271120695133849	-1.9330026935752604	-0.1580612670297914	1.9741591393621853	1.1424184825955925	1.7312435666231512	-0.8166224137756629	0.864194839861568	-2.3997678528665127	1.5516414300347792	-0.5030488582391663	-1.0316559324246217	-0.564924483252286	1.3277357356938415	-0.9851523963583797	-0.14152639829077923	1.5326096209989553	1.4597552791275705	-0.374545802904528	2.885084130028123	0.24843049876158343	0.16050537412601462	-0.3147625679335171	-0.9612246048106088	-0.7080136004892971	0.8295250514038115	-0.2683816487713603	-0.3993535221115784	0.1695721750147592	-0.36277456346768444	0.48891377342629844	0.11333469264377503	-1.0267902613997026	0.9362514316978855	-0.5670025526177962	1.1160834333869727	0.73361843260626	-1.0163222826417395	0.30423628465228525	-0.6772739547860872	0.14353808532962317	-0.12062215315731045	-0.32929498832977727	0.6105208093155419	0.12442579462555817	-1.2313830195145294	-0.09151520185493921	0.39998793085816337
DTXSID5021839	-8.050768301543927	1.1525232209478082	0.9187540304895461	0.8535763580353631	-0.43656801257329864	0.8793715222068619	-0.10920990174436032	0.542006366341953	0.1824642423226933	0.10584656503588892	-0.31085354426187495	0.7322869910649524	1.4892373614739067	0.510366899364423	-0.4021719766827892	0.1090270883122428	-0.7615005851336095	0.2051292338460685	0.5454908958256622	0.23514203338330464	-0.7823700394587877	0.8204771834902157	-0.17169717465535148	-0.08777961940329351	0.0613319548887137	-0.4364125040069209	-0.21266519620788413	-0.32172349439118125	-0.3239869825145226	0.3557588964545546	-0.19013315900984112	0.03930257947954979	-0.028484275008286656	0.16674042605441916	-0.04152588848849525	0.48459203203990925	0.1376625421996046	0.9575029503182034	-0.049828196604931915	0.1755416504314123	0.03274168092584082	0.2392242745164245	-0.392608921301976	-0.19713997553540868	-0.14030896423034295	-0.3955474104748947	-0.28163790014686596	0.35419668437218355	0.17387425480919122	-0.1381810203853024	-0.005159840008470567	-0.44387695316387693	-0.0199042533930672	0.20770878443453908	0.21458858972319736	-0.03333599758724744	-0.1492891529160656	-0.029715775998548258	-0.970954900680705	-0.3963034572712107	0.21203563443862705	-0.15218233979441795	0.15303148793425672	0.4373598582841322	-0.5747121696119734	0.12034985001111566	0.4421697325989387	-0.16414468088092643	-0.6056873338775126	0.1802304592141761	-0.19204517619892864	0.19212559543035157	0.1012741797646554	0.5050018565858809	-0.4525927887747022	0.255074609323439	-0.05827772605384947	-0.10340035197531436	-0.49400707764299095	-0.0742251488394563	-0.5368368982650277	-0.5077498696197393	-0.0755069439621682	-0.162701515640588	0.3758496274396738	-0.424769044463703	0.052634929507586276	0.7411034530145773	0.4703665801156329	-0.07220194514695366	0.13881700209950418	-0.3250811336672851	-0.3018256792301086	-0.0008675238353888588	-0.6293767918021783	0.132867605847294	-0.07736323414275575	0.38630213373673633	-0.25388792090298884	0.23188377974805421
DTXSID3021778	2.4444272941278373	-4.775059352959477	4.363024380282937	-0.5053223118338893	0.9604887261588664	2.0219191450185425	-0.7464588493338236	-4.417898892863854	1.415141337607257	0.18484744020252045	3.641279004635145	0.8579269909704413	2.456108803800993	-0.21799130589580673	-0.8087275141701449	1.4898608109282134	0.48710184462235206	1.5701376783216014	-0.23145364236143906	1.0572374017407675	0.749287822241418	0.271765723819082	1.4206418290741678	-0.6336974398627349	0.409909449360595	-0.3073323179010299	-2.364690154053483	0.5987659508022057	0.0918593934509732	-0.7510445438043061	-0.7264084168052556	-0.08243877639870235	-1.388749459386513	0.942892342905337	0.3202537114962153	0.10600649329039473	1.4175481078431713	-0.11653524835735478	0.3766121858804956	-1.3606462365600667	1.440929316913162	2.0365884202309052	-0.3930685366127152	-0.5712410196405492	0.3603754067995752	0.23816764943869112	0.5783258653914743	0.8978235627614172	-0.46690083096399826	1.8124287562575785	-1.0547671826175942	2.416387362451312	-0.21283869232193958	-0.9697764537398045	0.73606671200126	1.2436711327814305	-0.4357849864712826	1.2622766086441084	-0.5245713058234961	1.0866352690302077	0.1582210239863244	0.23647534935226233	-0.5573226958204571	-0.7240004742515607	-1.053171914224983	-1.5518806601783661	-0.8745013631118185	0.09154892277839871	0.549080468408756	0.38885400877402887	-0.3686235932113438	0.568283253388394	-0.011802292651356483	0.645226435270058	-0.7612662784162966	-0.8377958054333525	-0.6082902614483328	-1.0936919086576737	0.7324386232706108	0.7994617477326863	-0.31262643465494105	0.5528468883881249	0.8081555044601357	-0.08559171905171178	-0.5047387076201715	0.1900114871317452	0.34428869343029567	-0.4798892383575908	0.4343461162473246	0.17861247417323128	1.009974324205289	0.25068794357724994	-0.4327899221911959	-0.49233662022188907	0.02392417648029482	-0.5842651711556146	-0.05252849466673409	0.026528414277439488	-0.1505866269598352	0.4443198410458339
DTXSID2021604	-7.613746128192494	4.279598033184204	-2.9973672365753763	0.515132123871174	1.5264604700301947	0.5812398055010851	1.2868442779764222	-2.157422955795229	0.5281014734406984	-1.1067089019718683	-0.4562137853841263	1.0137518987798062	0.9803393629079534	0.3669832648282427	0.8427193661617056	0.1316552051015771	-0.13216440026939238	1.1204979350911277	1.425012101823768	0.40885198536459244	-0.09002992125250682	1.0858699272669958	-2.009396093587174	-0.35938439804203787	1.9483869559694025	-0.24045295260981583	-0.05294630734031821	1.2595522230754186	-1.0903847110293161	2.623458717399738	1.99723099818587	2.144619876733724	1.909388958847174	-2.3659962827368095	0.2194072425475608	-2.6620405662317967	0.5063993599662596	-3.1986336940612174	-4.110844349213291	-1.8190736656136204	-1.9392564608170828	3.2232748975457035	1.8813988822488836	-2.8658831053140585	-1.8663928717844602	3.071233879153763	-3.8338774944390708	-1.6768309454579415	1.963640534778184	1.725649364299597	-1.238509839759462	1.947282033578835	0.08872136266877316	2.591730788964401	-1.214629899448512	1.4962458711094908	0.929631015180337	-1.950953022822377	-0.2502929427970422	-1.6243738022310337	-2.1912430598427917	0.4652252585051638	0.4615457084165991	0.6071057630401235	-0.16463400166643732	0.2939986686583296	-0.2112232454028978	0.1451884728053703	-0.11147404616077747	-0.7049864797398049	-0.2751849151385376	-0.5870925755206488	0.2795854387502263	0.2914952182429082	-0.27863447993081936	-0.15274375112309013	0.36877766886964763	-0.14526005538150177	-0.3717108194688838	0.0334581896424839	-0.28197413032277246	0.05073987259443928	0.38265696242844743	-0.06956377156730567	-0.23367648281923187	-0.21717116601167064	0.4239562059192353	0.129531796984465	-0.16851563525781063	0.6760168696245312	0.06254800141897171	0.007734504564966351	0.1263797869466492	-0.0013058216896925223	0.08698975711487782	0.1707970469161829	-0.2970130603722248	-0.001018827883527424	-0.30275635029579534	0.2848193582647809
DTXSID5023247	-4.423656139414362	-0.7142851706909054	4.1434011474463786	3.3430847381806013	-0.38848740315329716	-2.0250144228021365	1.1398634362467719	-1.0864967993698964	-1.2318658702410066	0.3386203419092074	1.0874839228957582	-0.6521847903123187	-0.5647687022068579	-1.1759808049589586	0.36922905090020725	-0.22468941578752472	0.03015020103531397	-0.1267569664307201	-0.19425449142143192	-0.19861802512758675	-0.24888177856280363	0.18698491214939209	-0.31558658446951005	0.5851179878869291	0.029634017801512275	0.06213764230079876	0.49948317450722435	0.3755832582371548	0.24529193848357275	-0.38731447915370537	0.11903222730138588	-0.40809389428613907	0.42364556558159694	0.3252925406052305	-0.36127428212594925	0.3900523693161027	-0.04141560881127204	-0.16842287375604825	-0.30104314918700986	0.12980140579826652	-0.2991283571803241	-0.2735563704207273	0.0703974459018017	-0.14365234809967076	0.10666110264946639	0.17663701578024826	-0.09812284786918758	-0.30011813439739116	0.14633598808298642	-0.20510958121258893	0.021903876794228262	0.23440676202056349	0.3370056653079264	-0.33044990252915074	-0.8608957941565337	0.25747428774029174	-0.40079324221207446	-0.007165242095745468	0.31105469422796483	-0.012197901454085723	0.26515654598180344	-0.8825012978519464	-0.07038755589736029	-0.0058913891742429095	-0.24971068237830893	0.2793580841634105	-0.32750442106506344	0.38313171231837845	-0.2953577424028861	0.09877270713798388	0.006856136311850356	-0.04648682136547139	-0.20856267110907206	-0.2547085613903623	-0.22597711720446223	-0.24495067564164438	0.2036371084927027	0.44207781719507366	0.030156925978396785	-0.2676736010524403	-0.07551296818118672	0.11617467365141475	-0.3016848894957293	0.0895538898722888	0.041565410006511344	-0.5055240443190048	-0.36062314098018544	0.200148647171788	-0.3952432778730207	0.006616287232971208	0.44990709842675897	-0.2528013814910395	0.22102400624587043	-0.48749654599057646	0.7476182043089625	-0.5873594092135275	-0.4565770469092707	-0.4876096937595876	0.04231440447329399	0.1872123717724101
DTXSID0046852	2.6417882907233556	-4.1240276010979215	-1.0888049573339427	-2.1381951963065937	-4.457861110861412	-2.005215377855019	2.750721686943167	3.8229533270466862	-0.22132898187319755	-5.081875442349411	-1.356684194963257	0.1954431129698237	2.288128808201179	-1.3764277484871348	2.040376962932827	-1.391819321686129	1.8880528578198792	5.469889884893944	2.8962416283611403	1.5546441170331105	-5.645563455550329	-6.086837889555378	5.756834771629709	2.962550329341393	7.332596905465577	-0.34689245339975006	-1.902378766016955	0.2780816335959885	0.643702836776993	2.143675568199443	-2.000109437321634	1.7024621998622327	1.2253125266960636	3.8971000814330607	1.6453856144398296	-3.040392046133566	-3.70096294419407	5.826252799786301	0.9086460847699718	-4.385099725633253	-4.4564419389981005	4.413857648581645	5.7811528875033975	7.160410062407887	-1.8984409480758604	-6.100583059549123	-1.0298332685015412	-1.7556325162865656	0.9393260382304003	-0.31768802595621853	-0.862047985334258	1.5381771284418535	-1.0445088168464358	-1.9670462695177593	-3.5997113355274464	-1.1210181642675043	-1.6444226257942975	-2.0892209945010918	2.449966410793049	1.0619275123466945	-1.2648936558315338	0.48096881280853204	0.02908601999030962	-0.9682156875008695	0.1123860214029754	2.2801291627222824	-0.6381254600719113	0.824185918772492	0.07596744977732804	1.5057546009242053	-1.5192777318842487	0.145887706845969	-1.992600859473277	-1.9942023942535996	1.722646197401642	0.326795240760034	-0.646337556985093	-0.3457802352346039	2.003110559796141	0.3081496928907698	0.2923678975571802	2.3504722648685084	-0.32379431651348245	0.3935172719476899	-2.699073508856322	0.9433901363654439	-0.7148638332928344	-0.739405092150914	-0.32425375910757337	0.8153550352157775	-1.044905061282693	-0.15672516905541753	0.42681963384488336	-2.42215307420191	0.38622351296639135	0.09928167092962668	1.0012951823381309	0.14343486904724165	-0.7071615915502781	-0.5873625455187467
DTXSID0042248	11.969696335784784	-2.060649089612824	0.46420232947635254	-6.512225414924594	-0.2743943388859242	2.6013692111658733	10.032218486085322	4.589082839122404	0.5487197050372712	1.2888144021269723	0.040137130302141465	1.165032620765704	0.7965422763943236	-0.607086407557506	-4.009390932993258	6.899017479920628	-2.7392997654467948	-8.96625252921553	6.348876604212083	11.257324064078508	-9.321557734474451	12.009443494172704	4.720959074797542	-3.3758796260326904	-1.271792521563515	2.827784312228249	-8.345276650413668	-8.78030947772911	5.958257557838162	3.246030782944321	-0.3236171045074225	-3.3107450442352477	-4.738196970917507	8.219538806779275	-3.5250447781008987	-12.71917291623065	0.5833639173922203	-14.527764094350411	-17.384803113485713	34.136811391902356	11.748366379478986	13.668923622507018	10.080955956756863	-9.744047197199293	9.215460082223192	-16.803835565890765	24.24407551502613	6.2137446071494224	22.95744577123883	5.153826008479226	12.643233929306705	-2.8167876253356856	-13.518386701257617	-2.692874421570861	-8.229314185797817	-2.1236361001568396	0.39165535151058295	0.4742045500568346	10.474613652207422	-7.095331417407374	-3.6304763012639847	-0.9694309731666082	4.825994993374228	1.825235344807354	8.512149708913217	6.162396833848926	1.1920770232127686	3.0722446918863477	1.4241851747535208	6.5397473632351755	-4.443118437058265	-7.208530817495588	1.1438016627756549	-4.232008419711072	2.6923550721599994	-3.221391343664592	1.5702189386631167	-1.5399525759480193	5.3119001943195086	3.6774446681938318	1.4457750202738795	-4.857011114820037	0.1669177867247241	-0.6989997987174609	1.5426085009839854	2.7880215693671557	1.3813965821582679	-2.031090508414278	-1.8779267138002187	1.293721473174488	-0.38660277604635157	-1.1798638480565264	-0.43635270179040425	1.7795939309378885	-1.249840397417109	0.8805854969842485	-1.3546956081981794	-2.4663738947465013	-1.7586540785219886	-0.011701054143578539
DTXSID8021775	-6.212677747853528	0.8242939666101012	1.0122364889171083	-1.1952684841538244	-2.662804599959423	-1.8476639080417985	1.4226190357146138	1.3904627031720362	-0.5342639199744098	-2.2846585196442697	-1.8202944488873258	0.7517047080171272	2.012442941519364	-1.2218473876839426	3.712343144079446	-1.5857226700661324	-0.38298325220650614	4.81395431304077	3.3598139566838103	0.12715393998846414	-5.955975783587756	-6.328102204413687	6.869309532624791	3.6049875770597786	5.343430326013857	-0.7407608373724933	-0.7150884419924208	0.5077371152072682	-0.5309904445401262	0.6114495107614852	0.10765454587016475	-0.6374950705689566	-0.30663895653327755	-0.29691155752430354	-1.1191503302587145	-0.3541771476737929	-0.6816938715613828	0.8694154768046986	0.14931713514268113	0.3134023530817642	0.8266134130265123	1.0260528084729899	-0.7536704189598663	0.591527291904809	-0.026649202064568497	-0.2258478005713892	-0.7643632134338156	1.3923054889152457	0.9645083986862296	0.3376441013710599	0.013387266175056183	1.6298467773911653	-0.8311325575989325	-0.10239323890714548	0.7265638976935384	-0.35790879667018277	-0.06655423876467394	-0.5623137783232734	0.5071263633983359	0.5545628033150034	0.42957938869421697	-0.7412886409022861	0.8837345071088013	-0.6340780982488728	-0.21426443063947903	-0.3212343040754935	-0.09566605407942753	0.052974710660668396	-0.4073563146434589	0.214796111934226	0.4499763094190528	-0.047174455268963814	-0.21285644274014764	1.032290046796077	0.4652775751331466	0.045497518546430867	-0.14998377557164874	0.1724570726816481	0.4228978254623627	-0.12340669268991615	-0.3028918832464873	0.4783450091005816	-0.4568925959180047	-0.09152041159918377	0.42323964097291134	0.03206282985373718	0.46642873050178557	-0.019059024213785775	0.7254367479054199	-0.38150403051269827	-0.02853229210275287	0.36615373581266164	0.08349000591698848	-0.2371366538914819	-0.4556855935490332	-0.1743150981922896	-0.6276891655922998	-0.4042426086342522	0.20640911615088672	0.28219662376396687
DTXSID1022556	-0.19797027201941306	-3.0884421506288238	-3.8655172789515366	1.5727428734412268	-3.7348003577458497	-4.357205242186901	2.7648012418550416	7.246111231688572	1.4871767128600761	-5.728799354842065	-2.430455525092862	1.9568949694181659	3.125550883509772	-0.32739188026883287	0.8200333132047103	0.8733818476402602	1.7582856857561637	4.805149567322049	2.549091078977806	1.5321093090923399	-7.184946959692088	-4.509965697111688	6.060850294457142	2.7706246321891514	6.7290727177156695	-1.641093799998253	-1.0324677894970027	-0.5737148367550718	-0.36851247811462245	1.4222620815705729	-2.140592262981126	2.111055853453617	0.7924595256026077	3.3439151614907865	1.5568370240715392	-3.457680508513988	-4.2368871150341585	6.1607257178339125	1.299065554090178	-4.1421081989700514	-4.3711665006288785	4.494237473774906	6.294806976374354	7.580219902511545	-1.5470998847534805	-6.122890657153507	-2.516443480421725	-0.6220752758255806	2.724934501537735	-0.3436158714723066	-1.9337739940427163	0.960465925731506	-0.43821443087815165	-1.121308720680415	-2.2471603021272673	-1.6408611734197405	-1.8606942901413346	-1.1112427761343144	2.2723637092100524	1.5925074992026216	-0.860099663438549	0.6107163984084008	1.1949380027036036	-2.6170220191732287	0.026747653124422958	1.6706841765463327	-0.1181947182852069	1.8745515715585481	-0.28766319266886414	1.101449720725294	-1.0256838475210155	-0.5959893723086753	-2.0953126778129945	-1.8323177792968537	0.2546610988077745	0.8251615581959381	0.2840472952666756	-0.9581357267671274	0.33285760198956243	-0.6616644522828716	-0.09571003874899608	0.11394131244704511	-0.0889689443519637	0.5575744110587029	-2.712661846318445	0.89138382167007	-1.1973663443779943	-0.15329245348278778	-1.07417041294789	-0.42528655520314257	-0.7537764389279823	0.5961605013229756	0.9572166696784504	-1.5093290497900436	1.0413695300085393	-0.4416859875382273	0.4104387378735794	0.22708731532344387	-0.046313448058171	-0.41146173193266133
DTXSID9046150	0.05534294494288713	1.586240023334715	-0.8440888607023048	-0.9677529025971356	-1.2235193287082886	4.157826174643888	3.413558062162104	1.0679805810031109	-0.7144695918240386	-0.7990099617768343	0.37272183236286893	-1.0676168558209913	-0.2257734344777987	-0.49412642043709826	-0.17796856255571347	1.125966020079049	-2.1932844126595725	-0.7649868074574019	0.09879619627395606	-1.2105753400435257	-1.8965106602489348	-0.36723084522338056	0.2642177123539445	0.6018558479214431	-0.9782321144035323	0.7189790454543308	-0.2877273201917187	0.39561709252307664	-1.6253000365944172	-1.4877887353833201	0.43430244251963307	1.2625758304576304	-0.7259040655945748	-0.4465206373206255	-1.83492448434822	0.6217838675482451	0.34816596139436135	1.0948175083712677	-1.16246584307993	0.6406444448101938	-0.6809003803404802	-0.5876240983142927	-0.7728828242412837	0.6037447473542669	1.4748970361350224	0.9388377774038081	0.8519063251752457	-1.3249316145839851	0.7609357758689973	-0.1339331370460988	-0.8348959392793819	0.7741074971119566	-0.1075535868044537	0.8847416530856818	1.0040648163530084	0.7508252909209066	0.7455084905650815	0.8113442280308419	1.669428190306691	-0.3108122558013115	-1.1153063324834258	-0.10745022517846205	0.14659883105273094	-2.6076019417715757	-0.49826367473518396	1.2409353454135634	-0.2651672845316816	0.2510715289321614	2.1118284312252933	0.8422922553599128	0.6369620760577142	1.7298949327646653	-0.9549250133672063	0.22348988623496857	0.604299160071602	0.09824273264400565	-0.07819585329353305	-0.27718902455919053	0.14536112366923418	0.4181095924184424	0.16055049751763492	-0.06513929123829025	-0.4322936893099739	-0.2604947998194459	-0.9965860409590025	0.6236014534802404	-0.7901693566208022	0.04071373127015771	0.6487105568100848	-0.5605375856311604	0.15897516947709658	-0.5982841742717786	0.2556894833112295	-0.556638135001673	-0.13153527255920153	0.8471076239898709	-0.05593684221682935	-0.49742836534517065	-0.3247184162870801	0.680013722317163
DTXSID2020399	-3.269185292184542	-3.629453453025544	3.470456254993627	1.1252712569544923	-0.3671884119683129	4.1230408255252735	-2.610246964234983	5.560048229618123	0.9386487981989499	-0.11784596907940575	-1.0279749754736733	3.4510235318684046	-0.4895267557566481	0.9188738394603253	-1.3188673092188232	1.4474974342207003	-1.1890868576145248	-0.4624106835231456	-0.6838323793612313	0.9403198281838007	0.711753163374006	0.6450135812649311	0.20732447988133665	0.966031603896314	-0.4149566148190181	-0.6773599176225636	-0.5325670963222889	3.525193254489717	2.4248663841656626	-0.8449733722173051	1.4689322363602273	0.4595847796110866	0.4869931246812545	-1.2319704511801661	0.6610592318803694	-1.9865424378603498	0.09322761919377359	1.9998020336194162	1.0418634980204087	0.8300442192008526	-0.4723459561503079	0.8673504804528878	-0.4368043083413111	-1.5642116026072843	-0.08764691787976216	-0.5579052359879602	-0.5491422320060926	2.235563407327895	0.24099445190290286	-0.5820192783111289	0.9248832652231328	-0.003169993176163937	1.4950416951928798	0.1182305691041125	0.4161046411804695	-0.035473002579999545	-0.8314101228747566	0.3500043412469069	-0.02607524930408092	0.17240995856644892	-0.9087633308388099	-0.07045001498631025	-0.32304428987761813	-0.04982369556509174	-0.5177553204563691	0.36722992681396227	0.07179166904275289	-0.09291529262681593	-0.0029412028840152945	0.0548464782448553	-0.34593041181206774	-0.2634029862696761	0.11088598123328888	-0.16333512543000805	-0.2802589650358174	-0.09394799938649274	-0.8453330190000302	0.5096841778955485	0.8446129342437386	-0.17981695572375023	-0.06341649529954242	0.5169454105656178	0.38022724688258386	0.3804558775242333	0.17865900339694588	0.2592812396627565	0.14379285570648975	-0.08255503113456722	0.044311799570150835	-0.2258693151766387	-0.21598076722499465	0.05999990009340668	0.13032591883415448	0.10609586635317758	-0.31942139161136135	-0.02550074948916728	0.1521940259805043	-0.18697243796602442	0.2360799227092923	0.16824197915340958
DTXSID2024791	-6.300408392375183	-0.081743099629599	2.5504065168660786	-1.9119803606149903	-0.9812353663069054	0.2045591436669372	-0.17794284400221647	-1.390975991611579	-0.9312811483710208	1.4417836383661835	-1.407112519857568	-0.26667520917794196	2.5272021736314514	-0.10069447716276052	-0.23189240337217754	-0.6677369447888685	-0.019019096787580837	0.13026816913154848	0.2279871413795101	0.42084349789334574	-0.03584123704685627	0.4042875525807114	-0.04493640601130717	-0.36426044557831133	0.43725673536297893	0.20498051099868478	-0.10768364940877256	0.16274880262691607	-0.4434083323064655	0.044706316010739544	0.11559714664319182	-0.04814680465996396	0.013157332450761295	0.10436375821480393	-0.2065996391231414	0.5443804767610644	0.14325320887199833	0.8133013632760857	0.08988167514401667	0.001939991926720092	0.27800368196058495	-0.1680394287090772	-0.5390025755080077	-0.6292252208778382	0.10609223756773571	-0.2256573606918219	-0.34062794789696815	-0.19610009168288312	0.41029374271664837	-0.04574017645424611	-0.08245323053317685	-0.4590112236167211	-0.1185614399441299	0.5983839094620428	0.14692708576347732	-0.4258903238821492	0.3052963275386616	-0.46642343257529784	-0.4329360233519576	-0.32868866598451907	0.3934592671928129	-0.6053096487506501	0.23209892099744003	0.21093802553329888	0.06629073865480851	0.06865018164933001	0.3311904986391814	-0.33082976794845664	0.08939107583820588	-0.06745173579382778	0.09592112472717267	-0.23143062038621887	0.22501700445883221	0.27735929207207477	0.07505409220742758	0.09576580681386876	0.5334876768469833	-0.07729342949084533	-0.09785597146645984	-0.05449571436090266	0.036094107370586825	-0.07807259061863342	-0.3172875429453402	-0.15600051795811648	0.38403425907692446	-0.09474035406434024	0.2089153511567327	0.15376006109944948	-0.13778685513366493	-0.38576337006468037	0.0673101382872368	-0.06132499210257059	0.01096777756775277	0.14627991655593436	-0.06991117918110294	-0.2198686878844807	-0.13260087705518195	-0.025092166002379776	0.07198147475828608	-0.002606489938110277
DTXSID9052505	-8.162459068536961	4.329017322557394	-1.61969986264541	-0.3502124539158708	1.1177294497394668	0.08314987253511119	0.9312754103458071	-1.1618737319490025	0.2827669267092511	-0.45942097254161185	-0.739465891696067	1.0328727063269518	0.5680075571679613	0.08739040102156016	0.4724961460336106	-0.7117177672629698	-0.5255472889583992	0.31031496012316184	0.9770993381339635	0.13826536821277224	-0.3046728540176841	0.07956719453984996	-0.6644082011249657	0.08033533457250532	-0.3203363580949234	0.48701499381164065	0.14031898382520253	-0.4172744805106144	-0.09548267969781259	0.6537755572242604	0.8541462969629484	0.16103227983330679	-0.03838833764201504	-0.7236575998508484	-0.10083540484264424	0.08494062686100295	0.23537320713427748	-0.23285952577780664	0.10819138592180706	-0.41141254142125405	-0.05656581146593078	-0.2328898633073152	-0.1637943368047649	0.5709615480196175	0.14839328967498575	-0.41116917252138996	0.7139972316749641	0.2816249506811991	-0.2615924927474713	-0.4453661233662387	0.09677535437021181	-0.23118685725197533	-0.1615742030662366	-0.501085092196763	-0.24004176047241257	-0.41962948140685097	-0.6659937052960246	-0.6222670248116058	-0.24356245142000488	0.390427024868316	0.055887406392110456	0.6977536892210949	-0.034347047056784645	0.017623073194511032	-0.23166863449954542	-0.42043848377546555	-0.4206744192015915	-0.07372489954181417	-0.06691336845462265	0.593762775372327	-0.0664544276827859	0.1579663891826794	0.2809092088861095	0.41919485219534364	0.34236084866465727	0.0961119547525489	0.15656668825683767	0.44153517198326836	-0.4405674753028592	-0.17100871122547373	0.19209519157311797	-0.055935474431906565	0.3109853154816094	0.012603542332976076	-0.2382526311878717	0.12862641854497597	0.5415574135005066	-0.13241095005091583	-0.23067468978477348	-0.014239512181113897	-0.1526728539642183	0.20045786373063365	-0.26309528723957515	0.1701109127024918	-0.40840870972114696	0.1054370360956345	-0.02879475114430207	0.11416218621062264	-0.134700914387722	0.04857836733232615
DTXSID1024174	1.870610385824563	3.2343805966704653	-3.0226747766267916	-5.18007329849556	6.433675313668185	-0.8921981769282049	-1.2222879951154386	-0.4283843004174377	-0.6503219922297878	2.2289106189048056	-1.631313290544051	-0.5862576525132339	-2.3540394004274834	-1.0538384440616944	-1.8304744832500783	-1.542439632480672	-0.6690285370758919	-0.5276594550110052	-1.404027332738903	-1.444705308667229	1.035801084630152	-1.585331255300094	-0.20833353858174042	0.44662226289255175	-0.13096018060817022	-1.5931788341792095	-1.8806450911358057	2.196085490440885	-0.11659396311198818	0.725569301525339	-1.4192103042357005	-0.250291762926541	-0.2026580907817052	-0.5055447856517329	2.336902325334829	0.5592340062270865	0.6564940700247006	-0.7421043844873503	-0.2418017095335662	0.7900215631613627	0.535425879661506	1.210786568079463	-0.18195607286785848	0.9098507198434483	-0.2683190871025192	-0.614304227441437	0.1246377626672196	-0.05655716328107982	0.5733819989383879	0.3099065882042978	1.0140922582267153	0.24221051972859448	2.0756443386593215	-1.0972151820369838	-0.7502548613895142	-0.9907403108733147	0.23362275608169056	-1.0265260617897485	0.6230910759575232	-0.9207585128832974	0.32647915761469987	-0.3794647754396669	-0.2459060472936758	0.26208797133468625	0.14687630938791188	-0.704881680452983	-1.4890177431638982	0.5628833178851582	1.4713772860089043	-0.6089849349586456	1.9793977081370226	0.16542078115587255	-0.6716126797500208	0.5112651380897377	-0.5860728580589902	-0.25532723671121793	-0.2291702730399202	-0.9919430044863761	0.02403329121650565	-1.606598250571981	0.30320208948036864	1.1636563238373756	-0.3346876612389959	-1.107435668351899	-0.26268375977505104	-0.9485585698809802	0.9811932384745081	-0.47054860363666023	-0.2889746147794215	0.9375223510824591	2.1474176499267794	-0.4210872991969268	-1.9656682466981181	-0.012506473765291527	1.134632120258999	-0.5549781476152819	-0.7160433863936954	-0.33598075839331804	-0.04542702494521472	0.4096324298866948
DTXSID8022872	1.8035132876877837	1.334111257508121	4.640232506924542	-4.4271694487963105	0.9653012574420339	3.6120827273287346	3.390704177201512	0.6331863350012259	-2.588720377659075	1.5695906146673115	-3.4056605896309047	-2.0600951863773345	2.0514112665304642	-0.8722292649414624	-0.04296991973880305	1.8996522247589436	-1.6945104153876522	-3.671198672629633	-0.2255437060407163	0.8395695776603324	-2.8373633206613054	0.9412681147343117	1.8014310636793236	0.732091251025057	0.20811504502408637	0.38389159763283254	-0.5450275192222437	1.7087792019863481	-2.699292680718982	-1.2148205750398653	0.0660785667369244	2.5315857259543533	0.7576580312406153	-0.28342967593636514	-2.0321588227144534	0.7334737948432074	0.5974185474492717	-1.290337858926129	0.55847987647194	-0.17720380160465624	-0.4501318378040513	-0.6026965604665399	-0.25164569492036803	0.8036580693758455	1.3891692591637996	0.7428840951016741	1.183606484786754	-0.7577244432751009	0.1663466056835801	-0.4352142889067861	-0.9696450137773959	1.2670650961123986	1.1631471713957107	-0.5440775709204982	1.0514764676127106	-0.2938841836059054	-0.6376415203955027	0.4426855714445058	-0.38966405343461347	1.11865388596452	-0.21591146655937618	1.1588183242669772	0.05331791498374965	1.1337157289897886	0.07270595984212218	-0.031595067715467995	-0.31552614018057124	-0.1611611227518212	-0.26453161407200504	0.5566749506693437	0.07463204536231333	-0.3508170227090529	0.18218458810897423	1.0795259702485207	0.011957065209557007	-0.30721892038993803	-1.1316202785259426	-0.5555739520811512	0.7781932725662116	-0.1636364937281956	-0.1607600707676642	0.0044596167533296985	1.3000264375661037	0.2527794695004139	-0.8825899133654946	0.7037706409067636	-0.7273194980497564	0.9585611732537629	0.06073417937731853	0.5405235717996576	-1.052378194148796	-0.870587190514881	-0.11610168649884224	-0.2529776286571774	-0.21485181032397485	-0.27242752278695326	-0.6098166083334322	0.014792862279345953	0.13083817729334624	0.21953576732013522
DTXSID7057785	-2.2311374844544503	2.3244943992152103	-5.324474917658309	1.4082062850148067	-1.8649005512367653	2.0784250393427643	4.428140159634851	-1.2528985161051776	0.062021183492404444	-0.16745952436565326	1.8629835908076717	-1.3174965139419745	0.9554023088696689	1.2544448403189907	-0.42323615208849263	1.5212028821009493	-1.1497204411344055	-1.801610295690364	0.3860250881975096	0.3135721145379898	-2.48140153323854	1.0055379357859058	0.5884679784306822	-0.11177603697104446	0.9300304380305652	-0.5316618261024417	0.2901458455151817	0.9330881013056905	-1.902802631932786	-1.0626857729152217	0.6633389841665709	1.3940570312217162	0.4437291494662013	0.3367923616390216	-1.5452108110500113	-0.16573772694669628	1.294213913008807	0.2983446240413809	0.17939827762305058	0.32787135001782364	-0.7098842716735398	-0.8143599203623603	-0.35074584047763485	-0.05097765829897806	1.118060628643367	-0.31426223902108974	0.4313004364895355	-1.0460853230040514	0.6064987149733582	-0.6553728464725019	-0.823940390842075	0.6122474787704367	0.3384546370045829	-0.2106321267634913	0.505132886185151	0.959235937856793	-0.352872507164653	0.6845929350120075	0.11732558144189545	-0.07128153344384054	-1.184551340108333	0.15327927721143716	-0.36003897700601645	-2.7347705268525857	-1.6380421389226956	1.5043752987143297	-1.0167861670894742	0.009736405554810418	1.6581595276082934	1.2214176039761042	-0.676975382122625	1.4546231905062745	-0.0032936401171633077	0.17123330855846378	-0.688562619422442	-0.04750810120660683	-0.5213759010771811	0.5912043469315912	-0.5777544278146364	-0.8500086213058825	-0.08612086933810592	-0.4251180364994196	-0.14083352921937778	-0.17942347336209605	-0.6122471724724269	0.6108597490319152	-0.8972501467320464	0.06315018599544232	-0.1035186058282723	-0.2964815014693313	0.5746823713438213	0.07361160269069349	0.1046119852716909	-0.08543639131207986	-0.025759120270618115	0.5424987026797902	-0.41464540824088275	-0.5154124253213404	0.2650383385215291	0.3422590891636951
DTXSID6024670	1.7734803012246982	-3.2318024104980476	-3.7869480255439583	11.064770798722297	7.321967892263861	-1.2928744597797268	-2.30248110979421	-3.529411756286221	-1.5371467951571687	-11.257788901386625	-7.741980641509948	-6.644335770087563	1.7680685197805976	17.50212348857668	-2.1615532490727762	-3.3880298212661284	-4.0046294291406035	-1.4613366981016138	6.597623035262868	3.1572875251359656	1.8233877966642873	-2.519479897012668	3.104164268696682	-3.720326387604553	-3.6674021389607865	-0.7788918966636446	-0.8763007673164009	0.44758689842374877	-0.380266697347968	-4.215893001494284	3.2899624374383887	-0.12659062726964523	-4.660447269861698	-0.33070226038196004	-1.3393206606076073	3.024246870484336	-0.04256862297300046	4.28641418348132	-1.440426807838775	1.0512007845245186	-0.18813923855620573	2.3058985785470107	-0.8153371435102289	-2.9528744226284305	0.4272607898347478	-1.287684888908169	-1.758317882047232	-1.3456649182491194	0.21620735595821783	-0.07288455698474251	-2.7798524178127275	0.5145376861858197	-0.6581507342477153	-2.043730293555367	-2.1437568681879524	1.6185452750414657	1.354008227383417	1.184006249966503	-2.204197155424763	-0.1719345582192596	-0.9781911284990914	-4.224226690813809	0.8173283978069841	2.603326006773198	1.0327328710817725	1.404829230352637	0.3699523895545917	-0.1506553133681346	1.2885631215168631	0.8114870117437853	-0.578450833785364	-0.21105743517375292	-1.6092184555723061	-1.6213758545671666	0.29996379647966576	-0.03105483031467937	2.1265830123654674	0.3741798470459704	0.9527263949295914	-0.6685005830100031	-0.60671287371243	0.9454242345695323	1.5477218316324266	-0.5618862998501337	0.6462441918012181	1.2726256893465882	1.3088851710292866	0.41646878662015274	-0.367752236282274	0.7664571200822217	-0.3357817412743619	-0.12506824932828664	0.9801918985905699	0.5555089133522904	-0.7640826569016853	0.5724293503533716	-0.260910366263556	-0.9797644734842318	1.235056251362352	-0.15991478341519105
DTXSID0042400	3.8497199020000283	2.392053489849525	-5.167122652692815	-1.951553337331067	10.677736397526383	0.21492027821210785	-1.884253673872955	-1.8646804791730673	1.15170214258306	-2.177510521828866	-1.765828832723647	2.025979961019869	-2.653064441342694	-3.5540714082527294	-0.6249019910957195	3.686152482780737	0.4693830971374924	0.41619566570818617	0.710248785745637	1.845159875659752	0.6886722790875847	0.6300370720330961	-0.9495395564072752	-1.1061813923037436	2.533535832664939	-1.949263496818095	-0.6345034531707526	1.6916597603742423	0.11079353256636433	0.40825178578536236	0.42855614572357675	-1.3868108135644204	0.8615468497863852	-1.4330196777411848	0.63458971840524	1.8040635221253378	0.03919866378045277	-0.1063299663131756	-0.15694793533743445	-0.058912124652361376	0.23312542940376924	-0.26825252362211677	-0.9973784415441058	1.878392835699651	-1.1426630283611228	-1.638990937286639	1.6863727713427994	-0.5292050017241181	0.8943605714977044	-0.707298143979694	-0.8755207283680192	0.1929181120548431	-0.368608237629711	1.2335201712795703	-0.563516735019456	0.8575523159221494	0.01930774346938533	-0.7543933666333545	-1.2107921691036567	-0.660914116391558	1.8867205495626087	0.675752330069404	-0.7239453457833013	-1.041405502121204	0.6753328898028379	-1.4395541898917046	-1.4268304550442175	0.5036028440504091	-0.8708310036787152	-0.6398666804294855	0.4614409046084619	-0.2669448543763018	-1.2241640440786148	0.7953554288668488	-0.4917046958656692	-0.3380214847280504	1.8306307947933635	-1.4822384151324106	-1.0231402253994044	1.942277390433891	-1.248430312952504	-0.5021344273169107	-1.2312899726366764	-1.1823781379350566	0.8330712493447351	0.6074912249477855	-1.365157890630281	-0.018449183459359655	1.1331456143652798	-0.6462801630738408	-0.15030448800331783	-0.04579767705633365	-0.28031382007301886	0.20212167999781472	2.0164828052033252	0.7607946556196852	-1.0732029579094708	0.25754216530080526	-0.5756020180814825	0.340692357091209
DTXSID7047566	1.8454535627642612	-8.272852194011955	-8.930077808279709	0.9916614340658686	-2.9404243907151315	-1.232998538179279	-9.809771343115488	-9.542453463790137	-2.3750889318540707	-3.362742631353233	-9.57499773584546	15.288784655917105	-4.353380283479604	-3.7839402002121694	2.618584575075348	-4.256155263110507	-2.2717004030908603	-7.198167326718783	-0.1468266806422682	4.482236221317001	-3.5831359093249855	-1.4994614400568058	-4.2547217026977595	2.036002414040715	-1.8320671858211668	6.729490997301829	2.3697351134697877	2.8782828649466223	-4.988347362908002	-2.406374992608462	0.25699000680608064	-0.7103445553463067	-3.2093329990050177	1.860209169712849	-1.5453773604777714	1.1268417509538005	2.673101084509839	1.048097240361142	-1.5764165542810482	2.864929266260315	-3.2782386581702987	2.768309727076104	0.23555161798660082	-0.7656561516607768	0.33930725760485925	0.7490244729843221	-0.8675406086846067	0.8286357247441283	0.7063433787959631	-1.2869910938079814	-2.9432711961175064	-0.833907834987159	2.922105822334245	0.5196466949280677	1.9448393460006337	-1.098030317657031	-1.1399898238418393	2.8458236715465284	-1.2926279422056446	0.08681004467454292	-0.10244726689563399	-0.8775353897013749	-1.4333423017010092	1.1499139144063169	-0.3265213871336936	0.8531423942489726	-1.8539835621890353	1.437258188762494	-1.3223354093552036	1.652583067985088	-1.2475396953002076	-0.0379364934853926	-2.7186424863023992	-1.9613857299225086	-1.9379207396866596	-2.097993477799623	0.9775756640247162	0.8171931322451848	1.0913883253190857	-0.358843226019711	2.5132654697362646	0.8146236232340534	0.6561040832157152	-1.58964599074838	2.8581043425570054	-2.3409318215714356	-2.444974114045418	2.739874357922502	-0.24248465819785897	-0.14331103110369578	-1.9424617451806925	4.056535376504445	1.4825801106856802	1.0305631646858915	-5.364444660077296	-0.15300541581324723	-2.843446667739954	-2.6054821666432924	2.7601234214997983	-1.7243940566290998
DTXSID3025338	-6.842852994612987	0.2604755959599402	-0.7416629745418408	1.4271933587994998	-1.7592840367559481	2.313594768743426	0.5836967321588497	-0.48117689528672714	-0.2891392989755975	-0.8724540986398271	0.6661834039579022	-0.2690286521252148	2.0116878231188813	-0.5188019365064168	0.04651797449933482	0.03721847786543959	-0.3644773227701183	0.8229796174329611	0.1651275394631416	-0.5314013583482254	0.4121306639737298	-0.5258430070319127	-0.15453574437780448	-0.5821253316576099	-0.4400654847537719	-0.1402109017264237	-0.1384010096160389	0.532107654341331	-1.043960070510442	0.5329425949812486	-0.27137016646265133	-0.08449108846904446	-0.7761576530190601	-0.014859959100902395	-0.7885012336093639	0.06085111955511108	0.687447422508053	1.3684675728140916	-0.005304930447449144	-0.1265044551329566	0.29646549983483744	0.750916741216368	-0.5997236750859021	-0.44721852028255066	-0.01715420684275259	-0.2252677425780129	-0.0008442010875846271	0.25686051536707144	0.9073389309988892	0.391473102022667	-0.6360204751393327	-0.49876654253564745	-0.7260106662823433	0.8319464390052156	0.039102479564569824	0.17842625221187047	-0.4308267217234794	0.05258521172709484	0.2672774114764566	-0.07367845110433446	0.3290093333959633	-0.5191088607924635	0.9062678222398691	-0.08679554851679422	0.13328706363172807	-0.4594335446393489	-0.4457833683114791	-0.3505673292621196	0.49059118971073506	0.726333094851899	0.6131448995189628	0.34982220585393903	-0.37879032698465653	0.4217146685093465	0.2749254296193069	0.32747085531564585	-0.04131363009169115	0.2991730134240223	-0.29593657026164677	0.287024177272208	-0.4344060821324872	-0.16627285959138377	-0.3670532347155746	-0.40995475874841875	0.23954707262506952	-0.11923516434184432	-0.23442350558103237	-0.33163876337504433	0.6858703535562436	-0.15998095641432283	0.024168731390987873	0.2599725554021607	-0.1774630863847667	0.2526909065449754	-0.13164147896356826	0.3493744666079148	0.12405355903784199	0.1869227538999796	0.335460067948357	0.026784894539644284
DTXSID8032623	-2.001834506059467	-0.6585676808438761	0.4480175688274184	0.6005232499697298	-0.8054587367473371	-2.176669148174046	1.0348778052766279	1.167523146111359	-0.5123255903886824	-5.546714728590179	-2.7250009903719876	-1.8579147090939545	1.3858271814634282	3.2541785351672967	3.2315846884344706	-2.4682776776694815	-0.9415655699546881	4.771451527172218	5.45203941913156	-0.0025349334787526305	-5.449635234261519	-6.615158621900188	6.935254783425639	3.230962014391437	5.072265314824336	-0.8336082494063807	-0.8852326136841993	1.3172657441934466	-0.7344860118294048	0.2788861460593045	0.3963677997822453	-0.9618544226421598	-0.9471914182790672	-0.27764996273767034	-1.278068804506104	0.1793824597261072	-0.7143057992874091	2.3535995024519507	-0.580149852049631	0.9649665802283246	1.0471480233239407	1.359229622158344	-1.3621897563326657	-0.101615514480806	-0.174037661944974	-0.3050596708218349	-0.82591847488841	0.1742245695279331	0.6258123099079376	0.519017323418228	-0.7597737653300114	0.766825462260924	-1.0422692613497841	-0.36843822774322876	0.46146680538825435	0.4575276162027047	-0.11842230562246203	-0.6448596105568979	0.061050809748500114	0.28462240296440966	0.33627579509677286	-1.465885762568081	1.4540202202726853	-0.2781166525660998	-0.3018308546263624	0.7433335788995138	-0.007458822096183009	-0.15938437780414402	-0.13297251944623487	-0.14332599811588592	0.09844549540643799	-0.36856706224651764	-0.48099351865599305	0.8983597346681971	0.23723303662617648	0.4521556570028093	0.20256271757383693	-0.14543356182709202	0.689047697595368	0.05235673077475768	0.17823441835008128	0.5796852288964496	-0.03683820644179829	-0.7341560877610289	0.42969903621584016	0.2769375481654245	0.3295340107788234	0.09761730480833383	0.4652819879324644	-0.5735053543458887	-0.07497165631519537	0.7013722228885101	0.35059810211450804	-0.18978587150669485	-0.09935857451982211	-0.25475884804893983	-0.36135318977048736	-0.3404990474442288	0.40510866055813805	0.4385648606955648
DTXSID9027312	-5.2330949213028495	0.9836663551111076	0.4273533084098412	1.2211677829456808	-0.4695972748359633	-0.7550959028239695	0.633516408552397	-0.4510130983730183	0.9044079760688765	-0.4783641896499603	1.3927863325728589	1.088582499318552	1.6917525982528119	-0.11456042345725008	-0.01603059168808479	0.4463930077185974	0.4650861950169287	-0.00803297987862158	0.7859978294865712	-1.4034360916186939	-0.7065507208264127	1.1174188781210095	0.16120536402949326	0.6802536033938599	-1.0987924963305535	0.11492490231055495	-1.6044388909566392	-1.3094450635696049	-1.055727771271328	0.8165817406544111	0.5956679067430534	-0.47581225484517486	-1.0065251905948644	-0.6568288211097377	0.04962106115766579	0.7682896813085364	0.5672138667584448	1.1425207080101283	-0.12209738136585126	-0.8272132401938312	0.9224016479202793	0.2782055115801904	-0.5643818453394248	-0.3484246667049752	0.2610499889680409	0.19639787623319066	-0.9008779944919661	0.719623266585144	0.48282412504679845	-0.3122746036909285	-0.8031293329538679	-0.4271529484204041	-0.36909915737407845	-0.21133972510232107	-0.1787384771774252	-0.015032163107645019	-0.18661842479043095	-0.1547981373595131	-0.018386770886455593	0.4911839157299214	-0.31378343643030054	-0.1575238540756044	0.8885288769606076	-0.3489342301792776	0.9828684798596433	0.23832962540323288	0.2634995759357623	-0.1691688094895356	0.7959496775553515	0.7226745085832964	-0.06221135716256847	-0.7574003093918301	0.1950529826462575	-0.059681279926246805	-0.2593925442752164	0.30558334127064235	0.08487470796481675	-0.6567112106615529	-0.11262628981666556	0.20517025145476384	-0.2965572463091245	-0.47998288710188936	0.16406640706901937	-0.2594082615727163	-0.4188178626406091	-0.08031430246841323	-0.0929097520584648	-0.00906962635947398	-0.22928914466482656	-0.0626505874453679	0.029989560662753902	0.26302007208110123	0.4388611842680001	0.36577461941005435	-0.2301620745318066	0.13633940389010304	-0.1307597334390042	0.1854316627130309	-0.01751048054089477	0.29342342129852544
DTXSID0020319	-3.4569474147040675	-3.3047667424577245	-1.7288024286375596	-3.474900135503009	-2.605356381258177	-5.088109461169138	-3.2255950461643237	-1.801551125574012	-2.512902846329664	3.439777225753827	-2.494709206809171	2.7149273712453437	-1.3101837236823288	4.03432654753064	4.629334067363756	4.794083725398724	-2.498136604923267	0.8532030478818197	-3.0398308118852087	-2.7352781660270313	2.2014829355108465	1.6725391371066163	3.450843249058583	-4.281643128933176	-1.4184832855291516	-2.484257442284516	0.6040554413134012	1.3234268037523482	1.3765190655154829	-1.8500373677778121	0.009679753104286277	1.6254597401227053	-0.7128426102832164	0.7924285556972789	1.100345118588636	1.0292151899851134	-2.687742367004017	-1.2803113705405798	-0.8000696408564117	-0.7970659300216267	0.6833397190726159	-0.50865813138397	0.8787064775110418	-0.7182318718522169	1.5474101699416147	0.42059612648678185	0.12753419941427296	-1.3532988752928654	-0.6410632964678803	0.38183268299118533	0.7371464322358203	-1.137200371901289	-1.0847133407310405	1.4024935238993101	-1.5319570321059965	-1.2029468148665323	0.43443722237789845	-0.7640621981252941	-0.1501537151811669	1.085390640513885	-1.0654252266377477	0.41383401736873776	-0.2632310013633233	-1.2325226257430766	0.13857281132876098	0.03426534099977041	1.03613450278709	-0.9048138576581006	-0.2332120802799424	0.5673982266477071	0.6407726886439771	-0.5600679370135392	-0.12942985535519574	0.16704627549276385	0.7733380765716372	0.04963456694902777	0.44847776852655175	-0.554193745960186	-0.445378563251285	-0.07470869443882666	-0.33423492739166993	0.6735247751217677	-0.4398698901978234	0.39329868073034724	0.3482798750152773	-0.2722966903220512	0.1884986166940498	0.052538658548479604	-0.4162277839061161	-0.29319624845366316	-0.03224240273734602	-0.1392637843223485	0.21472136249458249	0.01306025382183471	0.2302037633224692	0.08279177736103077	0.06361062679648603	0.07637783934202047	-0.07482589389271584	-0.14771770482743818
DTXSID5046013	3.0250899733961143	2.066379693110518	-4.935270786682287	5.349481462874169	-0.041323887489151626	-4.083053692110962	-1.1657210600879118	1.5770249838805122	-1.0754038459701718	0.31180089018345075	-0.3546753127772525	-0.10284000791259713	4.531684435718542	-1.733440207059197	-0.7689196398819135	-2.541310888119812	-1.632849167330525	-3.592535971797326	1.2744295670294619	0.16504792300470117	-3.6580800438523107	5.038886963072883	1.7893883427209978	2.417573976781796	-0.20905894501908162	-1.0379873611903119	-3.3106429329474083	-0.26928161684364427	-0.40643489431194574	-3.8844566380039938	-4.497965850633774	-0.8265514445657748	-2.768425114156044	-5.414712491360343	5.319406609099826	0.09194399714380586	-1.935903292707476	-0.015999667516805698	-0.6899450409101122	-2.3055329209261717	-0.7487882143916044	-3.8122664420011154	0.8812664327532043	-2.3269055773449456	-5.028224076315945	1.6627181541768379	2.5646296719990387	2.9838084110645493	2.4270580024344004	-1.855774062052822	-6.137550024273263	-0.2786109882352141	-3.279657227023477	0.16935828909688472	-3.1426914886951463	-0.5604751880194427	-2.0469067908372622	1.1259458899920267	2.2849648187737666	1.3471925932858493	0.38336512162918873	1.0131760355948152	-0.13163363841299835	-2.550092792109944	2.4751868870573146	1.7864280351257948	3.9395742527041326	1.3209068558935413	2.1817518570809087	-0.6979012740139167	-2.2868651167388623	-0.41431795834606483	2.282454628013452	0.787284904047464	-4.041592918531209	0.3596881694532626	0.9315529350752854	-0.6089339489487868	-0.5729414233829379	-0.4606124470990325	-1.2532326719747107	0.7854574982707616	-0.22130435974763432	-1.9711404102349888	0.1775193005979719	-0.2740080693893296	-2.1844940382451967	0.3850374635462653	-0.010285393882513453	0.42472382235997846	0.7334363314209219	1.878318816194504	0.26719492604192874	0.5754213749473911	1.1387834920545887	1.7611041300623484	-1.1493968779301604	-0.7099653816427929	0.15935171327091283	0.2132446681487645
DTXSID6023492	4808.3100759980125	-1614.5125911103387	-423.48809256249103	7120.469377703409	1860.321812356175	-1700.9412411781884	12943.19597691705	2376.9854538351487	-3134.1788123215874	15124.64661651865	-4932.179851691925	13047.553218972806	3120.413532442261	-1120.9549646040846	4027.8748518830034	-6677.7121238984155	-4252.417249860633	6996.956566878318	8672.404000366578	2348.4740543395615	6609.92885323962	-3235.9063250386407	-4363.436687829832	1091.207810843776	-2540.6969775645703	-4340.047510333653	-2155.1746023639053	2237.6214700892187	525.3434276494717	1910.796661466286	626.5994880119537	2994.2098989954534	-435.64961772236705	1796.7437353817181	269.28248666965624	3707.021752140608	-1004.3762347667137	2586.165339590994	-2124.3958280859015	726.5182071899397	-191.94002029154424	452.6326967426491	-921.5438232100822	-769.6557970638818	-304.03930892630103	-247.5711939487675	482.62902080602794	-1776.6048990556208	-235.84988706892432	1183.9643624423127	-166.66595159038812	-2947.407615507507	-2598.3405981143524	-400.2024202243647	-634.7470639706012	-1019.2810431737367	3694.4994478051176	590.8971918947295	-5468.076913600645	-1982.8489339577418	3960.5020196765104	-3798.633180629024	2107.868913095789	457.01640119702927	-3223.6222463707286	-10344.869607273931	-909.0866307179934	-4119.603576743107	-3300.7135839489915	1223.872837636209	-3642.6784417594617	-6196.943169309412	-1176.1468471085393	-1545.4190014412698	1550.9311462298156	2199.9956365485755	-6395.605934594184	544.5131682487291	399.20776428477353	-6259.339476175887	6585.658852990488	-5837.688675905085	8290.08447039243	-10240.68408506353	-7984.62891422385	8209.91594057033	-2537.3886163843795	-3643.4535320581804	-978.5672791191926	-2443.886341179318	862.0990130649009	-6704.4286468551345	2350.4658213357134	-1986.9286597196372	279.85330598451566	14592.140114376716	-1423.2804588962676	-477.5372477772349	1625.3663757327577	6438.771663492825
DTXSID1045530	4.184803430482158	-0.7695748903445754	-4.4228964792339385	0.5048197126874244	-2.0160121728813913	-2.1541945245028105	-1.1222446672430608	3.0269867750145116	-0.6487806755025655	-2.8717107016967907	0.26809914832425713	-0.17331723140581157	-5.45578741393364	-4.352839139498453	-5.845196823031849	-5.2613735157644586	-4.4004764958363705	1.7979023450711038	0.29922454027778195	1.1128754244608863	0.5348387255476792	5.222652421137382	3.4435007915430615	-2.174162133093121	3.720882880690995	-1.1913600649573974	-0.5665701552202678	-2.849797183422373	-1.0227958896172888	2.3447350932826794	2.1072987506648717	4.950129236304562	-2.2672964359980545	0.5005755732647231	-0.950746995028743	0.8060972386902305	1.8115915439614327	-0.14921393499530397	1.9145582730502697	-0.12188604786144215	0.6518811885135897	0.2790011620219769	-0.9975564066808971	0.9057919483510707	-1.7152615810137057	-0.6930992042858576	1.4115203573704784	-0.2409121480775587	-2.76219854469687	-0.7980710289381114	0.19688502492895416	-0.47952797238823863	-1.8956614642448235	2.13285670801859	-1.1879538914679835	0.27843705591850393	0.46465553391332876	-2.3157645509269513	-1.9846280913545506	-1.0452605853661148	1.5886277213660949	2.0908645225852305	0.07374486522471926	0.9961421953452632	1.1603340454344473	0.9915678282752717	-1.8133428970138077	-3.30511409741728	3.0022857506870264	-0.6620453054149582	-0.7656275231445636	-3.122901228259442	-5.344508128235903	5.081112922671647	-3.885448383594688	-1.8419006546322385	1.8770489137017805	3.3312066042578916	0.6771482996684337	-0.5677509373269507	0.12422898205381996	0.4459988739081379	0.4072280449035364	2.949967454963938	-4.062675248058805	-4.695016064506704	-0.8588397225280726	-1.096839064482739	0.7063481431181594	-2.0432926077140268	1.4008250282736925	-2.4622939006814444	-0.4110917086681796	-0.8998118548197411	-0.8613285136577727	-0.7262697528292257	-0.755965706726971	-1.5764407884770835	-0.9147492899177558	-0.8989714269074123
DTXSID8047139	-0.3032823485052105	5.900463003592713	-0.2572185019513024	-1.5125596268943131	3.2757276695771744	1.2112667704077458	-0.22890183764876718	-1.592178992354957	-0.3649592154921175	-0.4287541228188855	-1.895256891189154	0.7258561201303376	0.11115312117704423	-0.34526781238400284	-0.5257212608191885	0.8454994292340703	0.8787362601090302	1.7208357099389686	-0.6155734579919927	0.01880924638779006	0.5166096460961833	-0.5063308976754594	-1.166904843206166	-0.8435784229653022	1.3265261127835548	0.10394633805633141	0.030786243536480705	1.38540253310222	-0.11793691661278101	0.3852319467367886	0.39277738688049013	0.3844209539120493	0.11855582819660074	0.38435536597132897	0.5927735579472482	-0.45346129285117337	-0.46822104922238456	-0.7745802486915367	-0.9784284192790298	1.5230841685607557	0.4280077136130937	0.7588400862728552	-0.4172498178403046	0.1648208085189399	-0.21674111944897462	-0.45051946907370466	0.5472824221466147	-0.6293605894082025	-2.2838195084092057	-1.2720184309412048	-0.4151818953688189	0.22463724756344927	0.21552974046634094	-0.2681469936875243	0.7134854617125289	-0.29731538844543565	0.5851646763928846	0.5183867723675484	-1.2460707025362279	0.688362151211257	0.43225829635390317	0.9241471369316364	-0.015303972991816583	-0.4917779060860232	0.22351950464820144	-0.019658471625376858	0.12014327130864706	0.05355891537009994	0.3182877923470333	0.8568079204709089	1.0695994841817504	-0.32249792901032065	-0.11736105748845076	-0.08629622500826946	0.9373746703037374	-0.3436964573807969	-0.7248772572926542	-0.412297944764742	1.2140459174238136	0.02044685636333909	1.3437018611026763	-0.14449449790058494	0.9031342810308125	-1.2253433672190948	1.3819307401328438	-0.4079965636930204	-0.21943839042218385	0.22013485153985385	0.37906192388896853	-0.3719702426696461	-0.10355118973576839	0.7299416308431237	-0.3475510464408517	-1.0534268237772308	0.16552340406189073	-0.3860100912265287	0.6749163608815016	0.7188095526669357	0.9116287609865203	-1.1962471873613678
DTXSID9022948	5.817279342771167	-1.8632952674156338	0.9719870409139812	-3.7029202939198553	3.8521327958295415	3.218718663782907	3.2391687488460086	-0.09215958264206182	-0.5908192094391433	0.8341362545812113	-3.0951760487256696	-0.7450183723569194	1.110318766122368	-1.4963679209731242	-0.4742799432085163	2.6785822452484687	-0.6546429249645273	-5.978655634402908	-1.825230137454412	-0.010909759399228133	-2.3277516062297017	1.540072436996604	4.0525569659767875	2.3332678955027397	-0.26265265282477956	-0.24052619770473024	2.2105892002972807	-0.6414032996034976	0.7786882929182272	0.36673516798888706	-1.5983260031919393	4.326090580007656	-0.2879785893874924	-0.29464913017482747	-4.066206094437836	0.3021694080904516	2.3424462251272424	-0.6183263954252285	1.6546720005733297	0.15607612718976277	-1.3597708164592759	0.3781626908583925	0.37241235682819973	1.6304552246337813	1.7889441821798027	1.3713389965089844	0.8704351442972739	-0.4227771906529839	1.6832060622656533	-0.9389798864985245	-2.1746028492861975	1.289783897725572	1.2174432670374316	1.331310840904854	-0.16145565413502172	0.7727625835383315	-0.04906038829519615	-0.528949656628377	-1.2594790056779195	2.4692326696439015	2.0149962961703496	-1.1172721444149534	2.357672517060897	2.8808424343225725	-2.1121092077162884	0.4213130935164517	2.094469053007421	-0.6488256686753183	3.1259203199099077	1.57033920615521	-1.3484347438304045	1.0348491746554946	0.1156285501014391	2.0391964807221883	0.39553074797695076	-0.6159449418226489	-2.276249382162244	-0.49210060546325746	1.0724676560784687	0.7760640981848382	-0.7357062101339285	-0.6144431940086028	0.8732068933278513	-0.48724043450320953	-0.9567087331320675	1.0524785436283002	0.2428989960876292	0.7529439987425841	2.0111613726682287	0.25413704748862936	-0.4787478501051258	-0.5189072473449347	-0.6188448009029439	0.1709598483383628	1.908832879144019	0.42323713064674806	-2.3412863275272255	0.7992987989029041	-0.8314130947597892	-0.40676410985127465
DTXSID0046309	12.108936806883367	-5.750685426244934	-0.8923970684092443	1.2580362402585865	1.62862257029059	2.621205633060503	1.2233356636002426	-1.941555847210396	8.758493947872653	2.04724611049638	-0.7185917128170968	-2.9441167413855056	0.40298431391012096	0.5656248847900784	1.5159339250870838	0.7843307182213906	1.763335662434472	1.748792255253966	-2.404968050675256	3.0625431475040608	-1.2590415196193496	1.44183773106388	0.6992379698435429	0.03569822790746663	1.08451024592665	1.2729897869544646	-1.358671852672396	0.6400372240271907	-0.2569464638223168	0.06787902568049921	-0.3864819108800593	0.9545313869669678	-0.31636349007326725	0.561784835814874	0.23985725137317712	-0.6294370963981071	0.6345502846372041	-0.9912978908660627	0.9321159390676335	-1.2549861391149453	0.2552247992989131	-0.8580306983047582	-0.0919393360564727	-0.3477131207562192	-0.027930319244791266	-0.16370858963656906	0.6666893327820556	-0.2297085619035914	-0.47665064638826127	1.690828737859097	0.2569554134799536	0.9142448413330136	-1.70133503743229	-0.7649498638030767	0.3155167590594648	-0.2559707156723507	-1.1305996285191182	0.9943650932290449	0.3923433526189641	0.22203913957551022	0.6179088342481133	-0.9375067598372577	-0.012494916425069152	0.004164210239988207	-0.7748379796300526	-0.2395908477612356	0.6962403871971397	-0.47236425814928695	-0.5389340893354597	0.043483718767008114	0.6515901794616628	0.772084638831469	0.16614876509289583	-0.5162473529804918	-0.8145968856996015	-1.5542311591798137	-0.08799279581509255	0.19849810010659039	0.13893975226625732	-0.7129321992037982	0.6562971808896954	0.8008660440062965	-0.04155553211750305	-0.7505966135185234	0.3671360559049761	-1.8307640406356713	-0.7647854980829766	0.9510776291693398	1.2529385092007397	-1.000283034280904	0.5969526383935994	-0.7399427478714153	-0.4335640510772804	1.015950268807866	-0.21307808769755654	-0.7950803581664209	0.43667059101812356	0.03501015460501478	-0.32779363216667573	0.5658693836771106
DTXSID0022436	1.3904068334389688	-2.711558656215823	4.494933852853212	4.532646698662802	2.8608241204974068	-1.9378872681275157	0.2665840024695506	-1.8763291767785504	-1.5614560666135888	-3.0723175868919226	-0.47636807739797865	-2.8068859390890673	-1.4480729321441377	3.163417486187388	-0.3636579687321795	-0.3056346943599137	-0.7378657476560736	-0.04863320352835225	1.4066002258717112	-0.14585595547299865	0.4230437800565931	-0.50434694531963	0.02762367427817579	0.4936689705395081	-1.0691434782211564	0.05619816855017107	-0.06372847764991421	1.2028247846582347	0.4278086410910861	-0.2750598727891965	0.13694911125303516	0.09701080636819603	-0.9796607141859314	0.6142780778888768	0.637503826178272	0.146631189263595	0.21074337450041689	0.5800591426901966	-0.33567162477486395	0.5530102423145187	0.06406624255209464	0.8449457173949787	-0.2972529613068311	-0.4812904406348678	0.38235333031649077	-0.03256599268868973	0.31649528461407805	-0.6037029060506693	-0.5641067246234339	0.6560446435423144	-0.6870363815338509	-0.1508465047936204	0.644654481433172	-1.330243653997653	-0.9972051767592393	1.109370902193781	-0.6137874701441212	0.7596294692854316	-0.761818120302376	-0.3409787250916421	-0.276137617712912	-0.7304406712634235	-0.37676941303028105	0.8588739086364665	-0.6064726696192864	0.33136791099813484	-0.013555696273208939	0.35828375580908833	0.9455361170916343	-0.916119601665675	-0.022528485310545927	-0.09907072173958333	0.2248554197985356	0.1422535532175876	-0.4128573389879839	-0.09804395695847631	1.228098801118503	-0.17666935697246988	0.12228837915365241	-0.21017761058869427	0.36789340666270776	0.5728704515450517	0.4789973473040355	-0.6984572234394866	-0.06298700149477084	0.05854532604407296	-0.1214750325387451	-0.0708634926756382	-0.11713775152973763	0.18423969372521237	0.12889492245089468	0.12313754275845058	0.14923808847642908	0.04919320458941646	0.5484657110518721	-0.3907112062063479	-0.06901024416635372	-0.28329032221722894	0.15811789593883913	0.38495654133272705
DTXSID3034458	5.329405432275104	2.679745029538347	-3.2650196270383027	-0.430997892888396	0.6954584285904408	-1.7180803954718114	-0.5229335044809577	0.20160681391694948	1.5894843013280295	-0.549365308854571	0.9793899629343297	-0.03914410497271818	1.9164876311376984	1.8982278124654377	0.4601177429651186	-0.11152719667503203	-1.2223668679638955	1.503831658713867	-3.066658490365724	-4.034259344395696	-0.08704801115663603	0.25148478806129615	-2.7191140425580627	1.2348449008873699	0.5297773776052127	0.9921782704765392	-2.0662807169154433	1.4051218804101346	1.8756573421066758	1.720329667010453	2.282719714640696	-0.5969779457817314	1.0878136331679744	1.299298085778245	-2.5029443879794275	1.0042352287501362	-1.2952360159728682	-2.7337579227970816	2.9315815393754097	1.9478810344761255	-1.3616061746117885	-0.8183499329440189	1.6016517510924575	0.5159276269050697	-2.0419260876317904	-0.4001409532116144	0.014349233096625629	2.49067882083297	0.5996553928273689	-1.327045305397864	-2.27614677993509	-1.7256090366171908	1.0599387350030236	-0.9194708779986697	0.7684906709205	-0.10102176030853151	1.6830839279252288	-0.557761161791725	-0.7874142116192526	0.30993392468559133	0.2732500636070503	-0.19780062650104677	1.7753578135245205	-0.6014832118326507	2.14935104295152	1.655752363532298	-0.413229755253443	0.14378509103305714	-0.6075278722288355	-0.21046983019194912	-0.3001891730953264	-1.3703942916787775	0.42570971662969354	-0.9241815339671865	-1.434812049150104	-0.6001861475361416	0.15499092734707387	-0.5530484059920368	0.9129254579722449	-0.6562573308002676	0.8334976723752928	-0.3489292776025189	0.4299215883551926	-0.3669961695939593	0.983698753328962	-0.6907038278067725	-0.030800397441727294	-0.23359041234879857	0.19131112258177355	0.319868653572023	0.6341219282911336	0.3450147385219084	1.125910154466705	0.16844724641175565	-0.27341348382645875	-0.430819082487488	-0.000667558826732474	0.3139316320356131	0.515278565697662	0.9299407570908899
DTXSID5021388	-2.700336533722991	-2.6891410057228273	-2.161958503917908	0.635119205295263	0.40268779570003493	-2.1641085224425427	-1.9578377020400715	-1.825625585585987	-1.9875667349769848	-0.30325984098792536	-1.29808201200021	-2.227223420097874	0.2506516729012417	5.9420275053239076	-1.0913268849051294	-0.8174056584851419	0.666969657603259	-0.13975324685567758	3.2102785808496357	0.6914283716998375	1.0182598741052624	0.22317010072855725	0.9265540745962294	-0.8034449509374405	-0.9791122082475902	0.6680598713946456	0.35085791886781204	-0.3978577152468781	-0.11760557600935607	-0.21183914345467164	1.0520996886126928	0.08324536234392059	-0.4582212337948185	-0.3180338119346188	-0.4645519341057023	0.9737021574510638	-1.1820866924701885	0.8232206392943925	0.38505947500053644	0.20258872934977434	0.9970551290471814	0.3040322950664299	-0.4728588172402046	-0.34324452538599276	0.5117843782812974	-0.4566150975199388	-0.12196054914010393	-1.0590443749168044	0.3239101873226682	-0.6590909185520157	-1.0932312808950007	-0.005841033899015257	-0.34005801138517683	0.8636083840425417	0.5675308432249796	-0.131768777218216	0.9924160772405589	-0.6828609411071219	-0.868461221294049	0.18671263746308503	-0.25528859474690047	-0.30343340384821843	0.4172942226040099	-0.23768582432725802	0.48586397470211823	0.780331046257143	0.7817239574319937	-0.6865027914840822	0.06900868101097461	-0.7121956737700182	-0.22727691694647217	-0.7261540519466698	-0.3782065184810324	0.035314135161314146	0.5751410877196496	0.45945826307287374	0.3133404727545751	-0.7881202381107374	0.29443292052875697	-0.13164611957124064	-0.34592184041259255	0.36440409661821455	0.3624509299303538	-0.05593603222810456	-0.5933096917176022	0.18075710203349923	0.30893877147876736	-0.15992772008073888	-0.8681431620361972	0.3144376892919819	-0.23589768493389165	-0.41603326009718306	0.153000553134905	0.4811887079764767	0.36226345969612633	0.034332446012996634	-0.3943366862044836	0.1452936364363845	0.3766255710913462	0.38529318019226394
DTXSID7046388	-4.427555440411853	-2.2853872856599136	1.613154327524513	0.6686296117322585	-1.5518375281918584	1.811250451034254	-0.6162689031902808	5.339910729098728	0.5642751795003694	-0.5406668895043091	-0.7163689289753953	1.8923330227739634	0.15669118242094984	1.5688553387817301	-2.04578409143914	0.758408990454935	0.12579701717746455	0.3561874222345529	0.8958960434738302	0.6447383359500894	-0.8251449377123576	0.6663645949066836	-0.515576221126155	-0.8774270498905282	1.506711244235201	-0.9465592595413322	0.03174508825845849	-0.36509035340022417	-0.4875724327157867	0.5686851829386003	-1.706155016237006	-0.5641881927708594	-0.06213679625677795	-0.7177666862135321	-0.6082666174263252	0.4865661137187059	-0.06415670003207509	-0.21571080879192733	-0.2866245699802629	-0.25253022761197724	-0.401214595265494	-1.0818269896970716	0.7295961021636882	-0.22999999387409778	-0.6926303482723171	-0.4515703662509255	-0.20517853998887522	0.47507077027661554	0.04449450060282846	-0.4411356714665594	0.3044237449011486	-0.8999518376312384	1.234339757554846	0.07334569749305354	0.3038806820100187	-0.3951435412535192	0.19103551635499344	-0.8305850407371776	0.12184236327058695	0.31964002104325734	-0.5487357148842145	-0.37889872749130027	0.2490158874758979	-0.04675364181539303	-0.6628760294636712	0.3695364029345908	-0.58112191787009	0.1950268803231274	-0.44313304537538345	-0.4414131339710494	0.7227740906316854	0.07669336163681853	-0.7211706535063205	0.1096665415692	-0.14462616494742203	-0.12011423166791448	-1.083467334182077	-0.2557351654871776	0.7617233942972267	-0.02365608647045541	-0.9658931464603734	-0.10609369722186357	0.29168004619092813	0.418694184349731	-0.6841870274323048	0.060817586707746216	0.07456698192747263	0.06571230400185134	0.7184164928028706	0.6466040903175567	0.23240765032232757	-0.6855156977508786	-0.8898093930662395	-0.3516181560988017	0.04085141490565987	0.2604889209523119	-0.22132545745151128	0.11233397048482216	0.5209594810081348	-0.6342478841877512
DTXSID0021834	-6.302896049988227	-0.39739092279288524	-0.4853909945415884	4.965081340487236	-1.6887075461635452	-0.7607424122385728	1.0920242320444602	-0.832786942151032	5.555065643630097	2.1427153499821863	-3.9860823420829776	-3.5648780061698497	-1.4742984984570422	-1.2140502619334481	1.9075449191034406	0.7388503022074575	1.1874778916989401	0.33926227739861725	-1.1607690925261145	1.6338758987671185	-0.45275339795053493	0.21359809582653866	-0.0866265420119614	0.22653525207407837	-0.8143108979626728	0.8957921196550459	-0.17009343216282902	0.05382112254156317	-0.25887293631669867	-0.2800057850535384	0.18513063965469106	0.37531726802041665	-0.5827201656003252	0.42546838296502554	-0.08062331396158846	-0.005728795120534562	-0.05217500103312954	-0.09546789549019041	0.3765934581434372	-0.5949045487109792	0.14395478966223582	0.40214314839164456	-0.022922399495189164	-0.4679672028478021	0.20630361075409345	0.0024517183496558	0.18638606436979965	0.4158900725426842	-0.44770324944917017	0.3819660839595593	0.20134614457630126	0.34758974175748336	-0.6577178055688757	0.055288714649545656	-0.13077600503110678	0.29333074216122035	0.31677174544194464	0.21015682801809404	-0.1887736516682421	0.0676480646467518	0.4700065600684775	-0.047728784229228854	-0.021848085715810452	-0.14510285942860188	0.14496628543758078	0.073199808712336	-0.3193365572763696	-0.11825781691363875	0.2513916983327003	-0.20778264759695533	0.0827829660435164	0.12665635143389467	0.05544756241953269	-0.12265898115084391	0.05476345939413584	0.26416069239509593	-0.09611211227572397	-0.1569629489327579	0.24172920405417853	-0.20343976229783423	-0.042052364162972415	0.2559817976781631	-0.24080878573986902	-0.24257167241228098	-0.14761731938139205	-0.025623642260631876	-0.037168066877573784	0.02837664766014322	0.05659720197304046	-0.02735134355302143	-0.10999985664488561	-0.02507412927789064	0.07284391337698909	0.21175164067101573	-0.14517901817696413	0.09444680305990794	0.13786933802196644	0.007172998252093379	-0.02488943719058953	0.058300648756559346
DTXSID6048591	17.027188675547894	-7.5187779493053695	-11.728406656597967	6.931339041128558	1.5610595915033607	-0.678892832049579	4.046935597792712	6.178557035235296	-0.25007666717311294	-8.809729557092412	-2.4901756516969726	-6.749040879520944	2.0479083495381376	6.783748877281484	-1.0958084715655347	-1.3622684679212504	-4.899346148666729	-5.2843681185977	2.4628402304865107	-0.8592854180559466	0.6127525158530321	-2.3927855501538393	-1.2632157443168586	-3.2176922546020506	2.877028859919298	0.9519101725831326	-2.8935556100169535	-0.38279430072188547	3.811653983831118	-4.247092707093947	2.50240179668318	-1.5714888382101588	-3.1699289419552628	-1.2614694475935673	-1.722648154455179	0.7594766279916159	1.8844211007259322	-1.138710437239097	2.5918848434356425	-1.7762874787243186	-0.6511226898644089	1.9436072592931457	1.7618162195266929	0.11015435606080928	-0.5268601792109022	-3.5920895158479182	1.4253198888717835	-3.7569789597897416	1.5168934815841886	3.0277702098572563	-1.1417661767852059	1.574705053787669	0.3919834576488232	1.3893059705233706	-0.3592903383496188	1.740489939748069	5.053214282466902	2.168405964209213	-1.5694705843118835	4.7497684847009785	-0.5754025175771835	-1.1085956047795587	-0.779896394980358	-0.5843995588002653	-1.7412997282336817	-0.31865089419353426	1.238529613119639	-0.1588063391841959	-3.722350931726492	-3.751610223751511	0.2827987713659088	-2.422799171107794	-1.9617322502782164	-0.3259527590763455	-2.5062152617037445	-1.8652388929940755	1.430052645530253	-0.23542036434849167	-0.8260085139779008	-0.516291395908276	-1.5037684475734885	-1.2381966995141909	-2.393720542177189	-2.255085055688251	3.0178410441075014	-0.5347751693586648	-0.3790756826957237	0.10453587012247484	1.0870403175973375	0.2901496608462478	2.386407874409021	1.3081256811288622	-0.10973905191832649	0.5619143795971169	0.2449396828860873	-0.0018473368291878638	0.5274762644228638	-0.7425626669312043	1.3402751943484863	0.207791753595907
DTXSID3030428	-5.625107125161752	1.890492143624454	-2.2340072432914586	2.6855514643378973	-2.2367608148630556	-1.1237714814013586	1.1282942543041545	-0.4950821407273401	0.5249263188516297	-2.375202986919232	-0.0007823170431446909	-0.0698277380471594	0.8981279490279639	-1.151686933720821	-1.2612976303593044	-2.005554497525146	-0.059727801590753804	4.195181614323207	1.669298989642275	-1.5789574633590158	0.6060973393503808	5.859167952050899	1.3262162712457732	-1.3741871971077875	3.3606829298918894	0.18342167756722505	1.3584575826997753	-0.3599139093873541	-2.429665781081543	2.3894127377127234	4.032339530306297	3.8503040403336772	0.23544571142107365	-2.9478286208135094	-0.01480102954019367	-1.290881463848602	1.6061807909966734	-3.8473732726919043	-3.0163297471453396	-2.1517907843943713	-1.9159112616019167	4.9611568085929845	2.1934461112839054	-2.707876346453022	-1.8761726185209036	3.4775677666938223	-2.9214847394761367	0.11572545671812043	2.3310902828832956	1.0610376046766843	-2.0843820027541446	1.7817920591373921	2.141190795194992	2.4462052105154526	-1.8823525653208957	0.6011935857211963	-0.047514722914783016	-1.8640289715660046	1.2090805833174778	-0.8254171555695374	-3.750950055603823	-1.5404625762343693	-0.4833405455948042	0.2867124491192046	0.6571390941099218	1.8315709204782238	-0.7226123521184729	0.4314186717250495	-2.3449693893953354	-2.3343181801787534	-1.1628856424346528	2.5347184488230416	4.488937572307879	-1.618416537224632	1.2792912639674463	2.292999358043664	-1.7016200114600482	-2.803140299164267	-1.9916694710858884	-1.3192939012105342	-1.342153345028964	-1.328238917705463	0.6786997362692261	-2.1260933769106445	-1.1322716756608031	2.0351285620161317	0.20898640481240852	1.8665720587481764	0.8426445809866048	0.7123034848165759	0.8778952832304376	0.63196643464483	1.0007439052835088	1.1438212933812486	-0.18007480759053254	0.4367455414391329	-0.11693646331623067	1.3853016268835407	0.8959748063278237	-0.34919109541287985
DTXSID8026436	-6.376992698581478	2.7362516144537548	-3.8056292372528477	3.9734288842027143	-0.8203482064732952	-1.3721928302600979	1.3351088724106701	-0.025765979310639807	2.6758848482730224	-0.17551247885082658	-2.3058485408941127	-0.1718643964130142	0.8401565840640352	-0.22330094535968323	-0.215653084180274	0.12255548824660446	0.33301060400977495	-0.30160314618959055	-0.28684883814643614	-0.5164993441155684	-0.522435197276008	0.5334481748780937	0.09474115267766449	0.40154378789772105	-0.9243040800980831	0.5043078993700584	-0.6795763186862698	-0.3275270576869006	-0.8543821303760687	-0.2393541484602892	0.35224922624506944	-0.15843995171627828	-0.052117926790632485	0.3744827435274434	0.09770242127709451	0.3530381616660844	0.05880730337396579	0.27029782624229187	0.2383308334332777	-0.5276889950106091	0.11054015530277755	0.229835327451083	-0.40054124371457894	-0.20940876362469069	0.27459562785724073	0.507907614353046	-0.7638335217906496	0.39685364305433335	0.5458498753316545	-0.2655015226699469	-0.19427070091948287	0.43745907481847485	-0.47728645633734756	-0.060097172643566905	-0.8567619706711236	-1.0174753857784815	-1.2294470671103264	-0.3617264110141286	-0.17240166023528966	0.1458881367882409	0.10534278518162037	-0.8728473318012967	-0.4885793348596886	-0.5979919942212564	0.5205326465389588	0.2347414232146891	-0.1961071544227568	0.09487928105246662	1.4924276597785473	0.530250662098499	-0.2841270520312486	-0.6043903440988038	0.574408489083845	0.6401547833188171	-0.29750778850337956	-0.2624958124550807	-0.14823426513088472	-0.01665044555514182	-1.1785365153262992	0.22268965914955136	0.011766606640214675	-1.27047075125694	0.4250484212372062	-0.210553521935577	0.019141096597268155	-0.0765321575954793	-0.3037480103415151	-0.0405569469593704	-0.21494953481753404	-0.27923926490798234	0.4597949531108481	1.1394259847408048	-0.21649142597167662	0.1929565820892466	-0.018539386709462893	-0.101613117856699	-0.2859562714794361	-0.11735368323628978	-0.7399268178345815	-0.05154556568422238
DTXSID3022748	6.532180015796152	-3.138100532466517	-3.5068142167442073	3.811124827017689	-1.8574393931357156	1.9452782893124376	2.1352277181250194	0.4663828939300643	-2.3840032527371076	-2.9427629138141334	-2.087424830845446	-4.100326542187819	0.9719726630991916	4.856014991268609	-1.0703481454289143	0.05080359219914344	-2.855590659307839	-1.2122997762554997	1.7828260545916743	-0.3064764577548082	-0.3348287378836479	-0.5506496165488303	-0.09575848523828637	-1.3804685109025705	0.6179717768913412	0.009926125611431089	-2.5008035362507686	-1.2868896385581088	1.4578218657547704	-0.1955502547501367	0.8528340340110024	-1.709193108213569	-1.4683499597054561	-0.8215842515855902	-0.6345079531030003	0.06296164022310616	2.070151958972796	0.0060169071289775874	0.5221267078798065	0.08648109981972245	-0.12436751788365696	1.361242059051997	0.2607161371568177	0.013471968148654739	-0.9654243080347814	-1.7256510848970248	0.8076739497112249	-1.6398829748183745	0.5680659080320546	1.0598478416680037	-1.555157741842612	0.1378221825905128	0.42915118214828135	0.6668300979475182	-0.6373728035117984	0.9800453023800817	0.1399584893735323	0.8596523423257573	-1.3139216143448027	1.3628181434133357	-0.893543371489884	-0.5528007643940753	-1.2222185362515208	-0.3762690181295683	-1.5315410068924806	0.31547855005209124	0.8980898878194595	-0.4059449112833109	0.18653710337294746	-2.659297740604668	2.040412913734229	0.07769256041804623	-1.8113691299421038	-0.4188209541130319	-1.32652401193864	-1.113632241151497	-0.6141350676296863	1.2464845571362524	-0.37960106496013546	-0.5501710596601277	-0.5984912651486155	-0.3836081912508724	-1.1272543763280982	-0.6055837990405308	0.02263803201125068	-0.27803355954348147	-0.20722347000682217	0.5723862033149583	0.6047685854942919	-0.1388193330853081	1.1675972501128364	-0.6651108385298063	0.14913245281894988	1.112999285700778	-0.2884880657227279	-0.41054520589852905	0.15144555131258247	1.456831123913969	-0.08631804885879	-0.5667214096498638
DTXSID4041492	-5.156356626582735	3.03750785875553	1.410540307458213	-2.1279329365021376	1.2911544051431676	0.6289857890487764	0.7356004740377444	-1.4538483457519167	0.17908561330109038	-0.5104704428864258	-1.0981691501273116	0.614910911473342	0.8952974789864503	-0.33995216230318626	0.3638605900723357	-0.4083904446634857	-0.3114672293967953	0.5880618713355956	0.23938410505607452	0.46596630065834377	-0.19559306610938185	-0.047182161596217194	-0.10027758441219341	-0.06403961939358857	-0.7812261250855724	0.032456763429546065	-0.012793854487337615	-0.40440993897843863	-0.40261068032911923	0.663228406730525	0.2837656500319184	-0.15539302362105092	-0.2935251848082234	-0.45064911378559036	0.34341051115540977	0.11495655565741346	0.14380138981366683	-0.07371997227785133	0.6486923480318879	-0.03506924681728631	-0.10189095362455225	-0.6654578698419453	-0.2971296433258803	0.5145262862073692	0.34290286031163736	-0.6368277138605684	0.16827284334692919	0.3030621365314021	0.2724224115913721	-0.337441256947847	-0.051452415727172296	0.021987274469881975	0.2573149550390966	-0.1589740892158799	-0.05922172343991509	0.41444147315042273	-0.09607116252555682	-0.08626981941235706	-0.23651436854622654	-0.5312970575777635	-0.6114241669285292	0.7746650891827849	0.21646280616176475	0.6634737120673411	0.40130158147622863	-0.23372841817928428	0.0955720636609312	-0.32298533415599884	0.03657138793741131	0.1377125185215504	0.3757382106117889	-0.4325169000527615	0.5023691138785038	0.6213055347086426	-0.09139579473370597	-0.10374146364517507	0.044146072046559036	-0.28422789659573644	-0.007313184505894489	-0.07160953025526044	0.19254946129239736	-0.4842081531345153	0.5759358130651884	-0.37723094267688256	0.04317098266039039	0.15133791547095388	0.49529566320474955	0.20815225036379872	0.1531771053021269	0.15357786546899335	0.10308849785742913	-0.11325621950838967	-0.14448638007096357	0.5074654256059746	-0.3096944597831245	0.19876912748215642	-0.26183276218084284	0.18317644549029422	0.3605740012668248	-0.44854908727845566
DTXSID3039240	27.973498732269196	-16.30364006191525	-6.921065440236366	11.944396549664871	5.31378327043122	-3.539402477967458	-14.337585499776239	2.0114621343678505	-0.3042417577415672	-7.664273229512476	2.550614157849165	-13.75941591470122	20.000442591255812	-0.6882761347359863	7.13059561237439	-22.495473828520907	-13.361624306562037	-13.399341838107128	11.532669480853034	13.88382530635091	-4.313211685527185	6.663159975403878	1.7996069751017976	0.48102624673950045	6.8957935600950515	-13.139760908719616	2.0827758963035525	10.885639669398754	3.720491300482386	-26.12807557742208	-32.282903897148174	6.680931577045136	-15.11476153465033	-32.047279006452136	27.23001808467976	3.0888889306375726	-14.775870271462045	-1.1853226258153908	-6.920007014846154	-6.068051189616466	-9.980035113236934	-22.116868031868812	9.606600992180596	-18.53525807910184	-39.80492833194144	5.186054987868606	37.592146493541264	5.900920771906482	3.428750202631155	-22.208503989503978	-40.44770060069731	-1.6058461511494744	-30.02893047631061	15.335055500753306	-18.81603563115755	12.094822306565861	0.711328188051404	7.438818350330384	7.682878661262326	5.182518943101028	13.060222039628732	3.9585218438681755	-10.386791994750565	-15.229184284045129	14.980359976039024	-6.420268226666277	35.323723642416084	42.49897963598987	3.452984725649897	-5.8128675821063815	-19.432000944293165	8.399696152547197	10.905294061145105	17.007353049828968	-8.410994951145149	-9.63509797482226	-6.215045959478531	1.7132896078462343	3.752287768422476	-1.6177436375681933	-16.98986961716633	21.937657512892084	18.372465556969928	-9.493197134232808	6.049357103222892	-7.517343976411982	2.1683679883665516	-3.872914716637948	-19.215139287515754	-2.1247573897089684	5.95631834332519	-5.5099290568981605	0.5709142394602759	11.033638154383771	-0.22051726975594668	8.12345316672988	-4.8458082240432985	0.14756486447857373	1.6004733140489986	-4.229595955728686
DTXSID4052710	-1.690960602245659	-2.2566324952888963	2.74468823774133	-3.6069215098080027	0.14236673204464645	-0.37423335449425976	-1.9474828063676795	-0.6909693426832003	-1.3061534853433772	2.169284327102382	0.12879420556794915	-0.840097527041481	0.6045289362112928	-0.04000720627743772	0.6666553365693634	-1.2292578790079698	-0.12942033154764182	-0.4489465127834521	-0.25963865456686913	-0.26363596390228355	-0.17626886506709788	-0.43659991163236744	-0.9011043244201532	0.594733779518173	-0.1563474002671327	0.03425032770962792	-0.3182107373458935	-0.8020308486674281	-0.3562276807664017	0.5654538262322875	0.40674771109791635	0.19531073347854264	-0.01057010724532723	-0.6195744366258104	0.6313068443289941	-0.25084081056686064	-0.030394243217478044	0.16038280689490694	0.2557882868567418	0.24327454334648654	0.6838068445925704	0.579334798755215	0.25133224232541324	-0.4961513683012768	0.1129213935804143	-0.2679395914910109	-0.48178005117948325	-1.0884829464954973	0.06423593246638672	-0.4571090850833504	0.4420816410728252	-0.6315595236161715	-0.570417941503703	0.32543067600947506	1.1872332824810246	-0.12386811166650435	1.009070774670544	-0.3076628723458786	-0.7949541059734322	0.634899337863171	0.27504794372235936	0.19847717540889173	-0.17701350693256357	0.22202429995115663	2.2665071374081087	-1.0581565129865143	-1.1781595705018073	-1.431111374134344	2.546185374066966	-1.1631676414173713	-0.9693940740160912	0.7109011682850701	0.11420237384126032	-0.9246599635338587	-0.29649585734466277	0.3851914790087986	-0.6076574570855605	-0.6047217403922229	-0.19924107799478102	-0.157516755649517	-0.15608807620827625	-0.3434294129602467	0.11550863720881167	-0.38944470181773916	0.7948405177358966	0.046987256567034494	0.44364306978977097	-0.28055823348950865	-0.2003692812459054	0.04233063920597747	-0.43723019866228463	-0.2530905401235485	-0.4651826003591722	0.0064065760114036235	-0.32491996834908066	-0.1303702245965193	-0.30821727339974647	0.32529460830233325	-0.047747217679864604	-0.25329160312425014
DTXSID0040751	5.667210540177701	-2.291018041157973	2.5349409006488517	1.2258146966234431	1.661777702201555	2.5610328818546915	-0.8171543883563223	-0.9241782015492473	-0.8821951670530609	-4.607247838288546	-0.31928253446134325	-2.3838936902312513	1.8503259807528762	2.687397964219573	0.8552177393371965	-1.4673394165184157	0.16161465625237625	0.8695096545117729	1.4586952751401836	1.1160956067457046	1.1407693219218185	-1.5292268948997974	1.3378139724289462	-2.3008824202347116	-1.6319659018617736	1.810301241168162	-2.769801584803016	0.12175375783989098	-0.8685423892256686	-0.2653024275028542	-1.4479781884753808	0.602709417693095	-1.7026286637778707	-1.537472726405462	-1.5921461276618445	-0.15581021173405746	0.21869075586041267	1.2941147162463333	-2.04548445779197	0.7621619636943343	-0.12541426470767353	-1.5884982577598632	-0.3852264109211387	0.449967408901643	0.6687284844339106	-0.26819630596804583	-0.8836313076117421	-1.1807570988945237	-0.2861418597992216	0.8424116461673881	0.8149699412683716	-0.9018532526027875	1.2089957084382255	-0.7013387514627831	-2.003383549699607	0.5705778942601613	0.44585797252988696	-2.3921094210513503	-3.218434410290279	-1.4300729289788867	2.7536292974793297	-0.20817969850460802	-0.6314058335882415	-1.138583081039203	-0.7070315162817813	2.3885037072320205	0.16453472325321464	-1.1744635789377857	0.2700982985023578	-1.4857053627920909	-1.2915266655426918	-1.543543398958048	-0.08803872812700504	-0.6818557088526365	0.15404160593881108	-0.1758047504265864	0.13169459603697564	-0.2068501376324175	-1.0309130939751199	-0.47342154615231546	-1.3737257185832505	0.7543019918181798	0.03329323088622344	-0.8926651128985506	0.3277445391478624	-0.4849037116022278	-0.37773636699421115	1.3555568764685162	-1.1835672408535998	0.8469173954504275	-0.8045671224685119	-0.5104854145019748	0.1744250400914723	0.9380137260348003	-0.3356456338150582	-0.19340689242887124	-0.7921227475369642	0.6382361021498956	1.0555807411889544	0.3723071705621688
DTXSID6042579	8.399232163521168	-1.2859197892751946	0.5008592995206584	-2.6890585551383146	-1.5149266098751824	5.203531817542821	5.333907996868259	1.906314930838371	-1.7286856054213295	0.3398007733878343	1.391126981070736	-2.4992866418820747	-0.83883986081877	-0.5694098427389899	-0.20308744594377445	3.8037260813247133	-2.9609476288999037	-4.331031203789282	1.1291115010670942	0.8001646751977163	-4.9336268791864155	1.9417222927608404	2.2931253392931725	1.2782771900690941	-1.3732390083339867	2.4413742698711496	-0.08919107816411588	2.335160862485376	-2.5892995009533477	-1.944941957021667	-1.3775747909779392	1.247207690937661	1.4924160724130935	0.11074170397102269	-4.270398620230308	0.22268048704127238	2.1268915039191008	-0.7280527549675964	-0.07782669695366592	-2.5600242504943114	1.3670481909376384	3.282943335174455	-0.1463149851775362	0.9438881903080116	-1.16546733906346	1.1806054803842805	1.0707188251447144	-0.7968607322140169	-1.3376073334278142	-1.0607760349556083	0.26053891844699684	-0.8254005512038605	1.3829469020890455	0.9504249384590215	-0.4105648698748605	0.5589066852396284	-0.9253556554731931	1.594229583639658	-0.9211481306461945	0.5574521016445985	-0.9290495491941958	0.08993155305418511	1.9352018129835236	-0.8372461126029327	2.5459211757909195	-0.3884366651588515	-0.2323626414387441	0.23914933606023692	2.1718121203176657	0.4534942890361842	1.8214905552515779	0.2929848896068561	-0.5765898834534596	0.9259284048170032	1.6602140631447013	-0.20923914841129726	-0.4494949953652824	-0.5971475746423162	-0.008766850437562096	0.6313186405586761	-0.6684601527398989	0.10531702887848919	-0.4729991491002744	-1.0205197452706025	-0.8371492139800208	0.7542992837000204	-0.4903515582229514	-0.33248350239419533	-0.4760164557024519	-0.39322126666554985	-0.007318873881841488	-0.42289466367963047	1.288810841333782	0.21388376461185374	0.1895909511828703	0.6139223725494473	-1.2615426391311526	-0.3795302721272579	0.5463394572545561	1.2167695974138737
DTXSID4025612	-7.028289403640593	2.185609039016527	-2.236686645410977	0.03745832461895246	-2.50048575588218	-3.3248801968373156	0.43139274371567	-0.6643339371129318	1.3166466878348464	-0.9658057391332744	-0.5352453469017359	3.5640245580969614	-0.5547709735215527	2.4766660309606885	6.391036682682935	3.3340704033998283	-4.2740148213748625	-0.3661350728307217	-2.072863625843229	-3.2407445498245173	1.0448795237009822	1.8422930814030545	2.397923277770682	-3.9518904908000585	-0.9958260240507707	-2.8157258858642855	0.15551268678459026	1.9312567585722675	0.12071012356848766	-0.290578915429721	-0.3181529328282553	0.6129074071914083	-0.8470607579091488	0.9047613614194517	0.35570242279811237	1.898169901183856	-1.7677730753869108	0.2776627825784265	-0.98259708523955	-0.8317619834780868	-0.15644849955370843	-0.9435489971974095	0.20168232154661486	-0.9106852600389824	1.0360184798739394	0.4373360371651768	-0.11894784461107338	-1.2045366807344675	-1.1002008243778132	-0.0253886547120758	2.0472119758631644	-1.3733158933652834	-1.0856594473034649	0.6003659644420803	-2.8644269754645384	-0.5172415580198648	-0.4846603926514446	-1.07375206639831	0.6852547146979991	0.7343401753427041	-1.0857966918379616	0.9461768959334487	0.06242787561169077	0.5195423489781767	0.40966192009358077	0.2742695169307881	-0.08375510927612008	-1.1294158166369317	-0.41220704994042545	1.794386523198573	-0.8214282073207129	0.0905401071496387	0.6492435290748425	-0.043646598217179824	0.4948791618876084	-0.39187657395003944	0.008470822435598997	0.3530563391837404	-0.031024530131583797	0.30341614155217195	-0.36855796598862745	-0.11433021920095265	0.13322063937026388	0.18734815271580169	0.31765644416323785	-0.1343056140598578	0.30960016585466316	0.7110926420087591	-0.10809139507479024	-0.48253769909297123	0.5805131625999662	0.47810632425224586	0.33272545170067513	0.36236925982135276	-0.3800797080727389	0.4208550675483037	-0.05488779490040743	-0.6181681140280156	-0.162364642192596	-0.029031116532249317
DTXSID2047642	-3.470714476430512	3.0331406103605665	-1.9397321313068978	-0.16333334109392975	0.6858993347036241	0.777488999541539	1.0814667477519224	-1.8173017827137268	1.7805974472324126	-0.9536900853543059	0.7487670157576074	0.30738827120370915	0.4707695158448985	0.7652698355317498	0.6052039970150986	-0.7888634541454053	-0.9149315611618865	1.327588817277846	0.2699340849627251	-0.19691188306143026	-0.7878142844960957	0.18756743579718285	-1.2137199172251938	0.20413185823356655	-0.26471848508599133	-0.205636809366933	0.18840412882097687	-0.741429145297254	-0.19021154993500933	1.3223252040307636	0.7227292559997318	0.4270184510803631	-0.0940860294863516	-1.0385223165044686	0.40918374706936805	-0.07963886452149012	0.6247836546846839	0.07359375348796443	-0.16961753626042247	-0.34890978036626585	-0.024411712847813644	-0.30967715565171267	0.06580381617505122	0.021374166764654746	0.24503934559673912	-0.3232176654368921	0.20072151823943574	0.1748392753071639	0.1947862764597259	-0.5864894680681313	0.22080919560431023	-0.81252781313393	0.46211368689680377	-0.8333452266659794	0.2728629647507514	-0.5145609333326032	-0.2851101669641768	0.5000425435035333	-0.44794819300365607	0.2834380026210122	0.3369868717939094	0.26334717735142327	-0.3175645112792588	0.27040622290788174	0.0035393620021360282	-0.5629460103359257	0.13670990511073097	0.15215586438737266	0.2509358748703591	1.1278913673343962	-0.17527573207462438	-0.3560586730256983	0.5472700297159402	-0.5611881979191237	0.30345952833844597	0.18153233053292256	0.2645624500711611	0.9043303630098718	0.41449221956505206	0.020031947113533805	0.3020292705460721	-0.08242245834359135	-0.6391501880719542	-0.017927687374452855	-0.13619058522266483	-0.05263424421942586	0.4934014969830473	0.2797177369672565	-0.9712476728655752	-0.3149935673143053	-0.6829513093773162	0.2793221172986359	-0.5125944610853838	0.28134558157359013	-0.449973201525267	0.3839343709133348	0.44076821766862423	0.20572109888998683	-0.04772866896928131	-0.04621182923487353
DTXSID1057662	18.983725098013498	-5.361274264946868	3.194520245051569	-3.359903429809879	-0.9048520602526512	-0.904664499776979	3.7617230629925857	3.028853136560543	-1.4094941508021521	5.6465627424374984	-5.179810374022007	3.447109548140982	1.8749094362709338	-0.7703208609899964	0.4138111687902904	-1.2544963590998028	-0.616395780395013	-1.759590054168778	0.9049140103105716	0.43581920794873835	0.21795331104103172	-0.9150694341724266	-4.739108592294212	0.8053281584938182	4.822490147494327	2.291879768041667	-1.3636489353341013	-2.368396582389057	-0.03868465797443802	-0.9020567159263543	1.2624734219696794	2.052173871980222	-0.9567748236400272	0.2095305378559245	0.03446947956608652	0.8911921372460653	1.8530815231757252	2.3445395914391147	-2.6260688048146608	0.456711529340825	0.3027536438255828	0.03344037759753243	-2.1487144861152365	1.1300908447976186	-1.0383719198892594	1.954425180101768	-1.1497890666793904	1.6862417391358717	-0.3895518931666623	2.0175633778460034	0.7049788816334611	-3.253438422545059	-3.1412220034927985	-1.9087435122538277	-1.9997319231928956	2.0145383435001496	0.8860309415400941	-0.6781879494278884	-0.5939486406959741	0.6148153454302308	0.5621041650873966	-0.7556253850052407	-1.3929500948966997	-0.15376236294084727	0.4365478599627763	-3.744130255843209	-0.08020454597792256	-2.29620895090979	0.05879313328439099	0.3786765561724584	-0.826407049914174	-1.0410332019515969	-1.0958001741530135	-0.6495185922165894	0.7543261773392417	-0.9920479830274964	0.083573646092567	1.4649007075937976	-2.090796744318221	-1.3658425123016684	1.8239726550111368	-0.8515701899331125	1.4665996795322427	-4.590508173327269	-3.18139561700786	0.9079224767247189	0.19895600027266305	1.157072094000196	0.2578593409439802	-1.8174999986976006	0.35962863558677766	-0.4471197003269683	1.406408247103898	-0.04847575618675716	0.8817385744796907	1.865601591554646	-2.758344277136475	0.33612928175170703	0.5299350992538804	2.4512471338978195
DTXSID8024787	-5.090738368476741	-0.44364975516842997	0.06270146700925966	-2.7788194570052793	-4.0173037693424165	-2.9574012413094715	1.6355287303270334	2.0578041381188426	-0.5649893358972818	-2.779298349204757	-2.327934475394156	0.34568650306952914	2.8456318165741328	-0.5313515327637294	2.923311942414485	-1.5551417833802277	0.5132702701775628	5.360043559547939	3.225517590928527	1.1454692766415113	-6.452111440260199	-4.768722549131145	5.543953693619338	4.138484284335329	5.963349214709683	-0.5785477151938005	-1.5049268760132657	-0.5212725103470152	0.24349268046943146	1.3492342567335907	-1.5658986087143025	2.2085597502350494	0.8733433101614775	3.9693856663536935	1.7695330186551037	-3.0320233292608214	-4.865993171423425	7.125201755769096	0.6134165362704317	-3.3631728100328386	-3.980831411308079	4.834656885454813	5.356082185095789	7.37232837578028	-0.9332575831631905	-5.775010239455696	-2.3742898433971176	-1.9426993216461061	2.103030921847163	-0.43697502643395236	-1.3297341361431996	1.356163730856029	-1.2808462590844893	-0.18961301921691529	-2.2602718135048336	-1.4807998337043058	-0.2865919483985728	-1.1897209837044636	1.3472260984898818	0.803237085708815	-0.06485248238440454	0.08701234222306087	1.0587350289133437	-1.6130714641477768	0.6562120036266008	2.105740526575149	-0.6188337170820749	1.4321863497284606	-0.22732618149807854	1.106094051742483	-1.2992898910432755	-0.4530651117878329	-1.6435439130152236	-2.088359911008417	1.5588979613908243	0.24977961414630598	-0.029118765071025784	-0.21277411020119835	0.9423328974051097	0.16728338954498811	0.7264286794055261	1.3246183874458322	-0.6263770876351679	0.035219250305639806	-1.9224858127049271	0.5472818105652982	-0.34672482760302914	-0.17299258412707494	-1.6644671762532937	-0.2728990532193205	-0.6254683218629502	-0.18593715565391586	1.3071225508061115	-1.274941774921703	0.44812138851044914	-0.5163182518590812	1.1292288822028762	0.16049165902668888	-0.8757865821100596	-0.4810881160887003
DTXSID1021322	-0.5744907128322929	0.551612475614883	-3.954745153177103	-3.391136921431241	4.2274660581897825	-0.6588576625861008	-0.5919579031843408	2.4486188372736244	-2.5663732003146977	1.8296966252455409	0.2464005877275758	-1.1700177309569348	0.8591874030063579	-0.3377115095334	0.9566083252672801	-1.2075597346405504	-0.14944707733461332	0.19341922558092797	-1.8464463844758114	0.2957227383310038	-0.06897710116927568	-0.883330637771497	-0.5259670261703102	0.6374173082033862	-1.5997501337654563	0.5689572296739467	-0.627826848049577	-0.2454611441319129	-0.04854712838069228	-0.49188847976787026	-0.2154034903907708	0.7720947450303443	-0.6679341744595433	1.3207156037895091	1.2251242351296898	-0.8138493831428121	-0.276902221552624	-0.4472332291189103	-1.008991586704973	0.6691209159122554	-0.13337993712158774	0.010241476594496413	0.20974451003541522	-0.8591981753447212	1.0852246064489743	1.2184595951321933	-1.0402863958924635	-0.10888079581747681	-1.303214772943102	-0.9445128817822804	2.024599442918155	-0.09383686448786073	0.8153194721978299	-0.8820484877680674	1.0989851765529854	-0.23872272302641964	-0.30692333914174896	-0.10236522914878794	-0.12582371369325482	0.7362486132377513	-1.0457104849224164	-1.2607306214564138	-1.3503442696409997	-0.043928679765055975	0.2820374745303898	0.17714499122352023	-1.0896120539158958	1.2750705537846143	1.3126712613226132	-1.4886297689353254	-0.10023317247629357	-1.0905113455989615	0.22127238774148825	-0.29567152595496304	1.2163776080134916	-1.2430352198035215	0.5398377780316128	-0.511963839482805	0.7491388536690247	-0.5248009169308689	0.6221277524082286	0.6869393676655996	0.538948871535532	-0.31152759982798583	-1.7349450794035302	-0.3212964774571393	1.4176959813046397	-0.8937077010228013	-1.085049653796779	0.12832027289227935	0.24497763257813485	0.9210984593659479	0.2590159264427689	0.31508392857480594	-0.8666130627002516	-1.385505113588285	-0.08976469968187499	-0.3150181640244213	-0.6403228486937881	-0.4914992589390675
DTXSID4048519	11.265805701207304	-6.750258810921112	-1.4272643883597718	0.22047496907874303	-4.169283017834494	3.343651671769672	2.9583755246808585	4.687477039538958	-0.3374959436981116	-2.0296573956356374	1.7709820485114531	-0.3921142750310579	0.31794969653560584	-1.6055261344391425	-0.917027405167179	1.4442770015840565	1.6802029905261606	-0.828927202047621	1.38386105565378	-0.8008656833725003	0.7213033351746306	0.08874568066448023	0.07277116264706199	-0.5389272426122006	0.26277692365397576	0.8545733009810521	0.46276269884338433	1.2076219982957581	-0.1963567805218841	2.0147476712046792	-1.0752064191998685	-0.801882142764636	-0.7505518997917482	-0.13505281532800867	-0.5083202186191953	0.46272442093429866	-1.1119064799131904	0.210872636223388	0.9074036441203314	-1.5454338501763634	0.7363535976096061	0.23985155916058487	0.8297775832809545	-1.1805034869853148	-0.40315595904647517	1.0684419881039149	0.3024841026063502	1.437626426602273	0.03036611208739737	-0.706030294026509	1.1872529698864618	0.6412887317313226	-0.35433530771994454	-0.6828889680164936	0.7107337322870967	1.0799840759253496	-0.004533648938902678	-2.7752687682315735	4.042433037371612	1.2402950984583303	-0.7608868123188942	-0.13214185732851189	1.0767504202321734	-1.4009911854680404	2.81737304075143	-0.9517755631137732	0.3695854962319996	-0.757154236081379	1.3469807760577472	0.14816807275181612	1.9539443307059918	0.03162707153941383	0.0861417611391409	-1.7545562686494693	-2.5368544302015206	-0.33090162683577806	1.8951026734519432	0.745375681653836	-0.23399074813164192	-1.8504740185056676	-1.3301450987791343	-0.3021817890622481	1.97518247006348	-0.6664473505998533	0.03375076450196794	0.9562628729481427	-0.8988037129461124	-0.8862049107275097	2.2326577112391863	0.3987392626365203	0.9733063944521297	0.7007264377301529	-0.30810221046872155	0.021372119467847492	1.3734599250036552	0.02209785039698993	-0.18889216719682186	0.7678520514559956	-0.924227622047156	-1.0757793167377554
DTXSID7021316	-0.0445090181123536	-3.5330758584547226	-0.7254194476942629	-4.077920446278898	-0.8644990383899239	-2.4273626437085345	-3.50427652087127	-1.8517097535928329	-2.2143868198037735	3.366243908201894	-1.605657382460165	-0.6243742252380922	-1.4704516332981366	0.25335638058724824	-4.139319423072087	-0.5709597184409719	-0.5157609876955228	0.1501719216075454	-1.1315397428228582	2.270129442747028	0.7726281586101256	-0.18315560995701777	1.7650762927165498	-0.9129563328098427	-0.9698730401412651	-0.9063318600545192	-0.518966827237132	-0.11304266520478516	1.1627947735498347	2.772118832625641	0.5190007884135742	2.013998311935272	0.6070841328879955	-0.1862956558186234	-0.9822657630361679	-0.4581792508899848	-1.0936080362562581	0.1098727549087323	1.0324115988946256	-0.10684132002769386	2.161923903759207	-1.136756593412166	-1.8661930607798496	1.7653458594136326	-0.43278829197507634	0.5066769214044109	0.7597515715323904	-1.1523673900041318	0.660053659478661	0.365211981342278	-2.476364673679181	0.29618229729369683	-1.0847811598887271	2.61127130096375	0.3757743241293669	-0.1526270727049161	0.8526324374768162	0.06426331801540912	-0.5588941243268123	-0.49467483041376764	0.33549532537407684	-0.21870028994557056	0.5780453370044769	-1.3914636967784852	0.30944653192606236	-0.1533242457276833	0.1819924639372359	-0.39739481055369363	-0.053703723771518594	-0.6578536864816906	-0.3827264572870219	-1.058374466890497	-0.010183181467929342	0.0853997087181971	0.8727730632048547	-0.2305952089495295	0.612360152566802	0.0477546475601781	-0.6330938735213676	0.4663696217459271	0.5210281297672533	-0.3705147176511843	-0.4210047739464646	-0.10049411193333811	0.3840947528375732	0.058062195462174185	1.191878461915916	-0.24979784401228328	0.05545928440198264	-0.31943625524480146	-0.257294841106373	0.46335199167080854	-0.24385752222634105	0.04607853495295642	-0.08341509842419517	0.10922240810132079	0.1545998865056118	0.06645865048119567	-0.32398832009576795	0.09252125365057923
DTXSID6046682	18.004278961963706	2.2174300866973735	-3.628289341872374	-0.6677023240561218	9.452891258777631	-0.42453402937692786	3.034652421476423	0.8950897003281837	0.13905121250735944	-5.206933698255726	-6.522943680479882	3.218036769851117	-2.9775186622170042	-2.9830700763768223	-2.434998471007708	6.078279648319357	4.6931641953492464	2.0746057950307972	-0.2562175359517968	-1.8973163702833946	0.0376966128151682	2.597675992174881	-0.2180756328410671	-0.7095167146454685	1.7813129508675487	0.8239035381225899	-5.180214117737692	0.8084159476906334	-1.4615208293014659	0.6360424338914624	-1.4905541617223579	-3.915892953379633	2.4733416949022162	-2.8808729300289686	1.0118181147564862	1.0030637970650533	-1.0321702110133164	-0.9852075626951167	-0.041092762562110634	-0.2605501308557353	0.005049552319651694	-0.8664371350288063	-0.7871940136094118	1.1327898973582267	-2.177567105673329	0.002268664724193782	0.4842147598625297	0.302968565111985	2.2338997620662435	-1.1731211792826017	-1.0208109932517264	0.4526471309034847	-0.7957137528705414	1.1597397680074462	-0.38517229684977605	-0.5925445813083942	-2.9021442477022066	-0.23305536723783277	0.7076915819509465	2.096574128371495	-0.3186507324317995	-0.06538792481756128	0.4036697820906911	-2.15271522253556	1.1981307997208335	-1.1479998322218887	-0.8909707834809002	-1.0424069072633915	1.3262525230882876	-1.794380089639108	2.2136737749737585	-0.006395913005768463	0.5346299636499614	-0.4900092444643208	-2.676858096208061	-0.2851543671275834	0.9939095401471064	0.09593980067621395	-1.2482261287655108	0.9805847505671615	-0.7948379824299341	-1.3978056154970266	-2.697305977735206	0.03716661855603621	0.026823220012377174	-0.3760459542737785	-0.5849696606349338	-1.4235214690146996	0.9580771433594796	0.3068077130818436	1.4088593029313372	-0.03851639774208982	-0.6819440727176402	-0.04202844438616349	1.0071716394658554	0.6718285503956004	0.655515010601956	2.0292210045826398	0.4311334483341602	-0.775274881580078
DTXSID5046562	-7.026079785330193	2.997268513178676	-3.239025137569643	2.4325798416130553	1.1809829986485199	-0.5885793521332362	2.006284529194637	0.854169308442879	0.02064263514304271	-0.25811761047775855	-0.8238856148356468	1.4889302589222675	3.024259300358107	0.6756816999245828	-0.04379522502933214	-0.8971780567235097	0.7273123414673186	-1.6065300828667293	0.27664160003748434	-2.3313384032884708	-0.5261394565439451	0.40572373106552945	0.4285336223374833	1.510679755075738	-1.1088998880826626	0.003239910099467572	0.1897183802670022	-1.8648545300147652	-0.9528916010327573	-0.11787340182231801	0.11324928811555166	0.530913597327291	0.011003253152944687	0.6820535223598138	0.4481650550683332	-1.4179034608370842	0.2154472974248707	0.4384338046770286	0.3790341381785647	-1.1038990073611372	1.5021801089983307	0.13881112871651013	-0.6170152567551226	-0.5498768593540284	1.7045157711831402	1.1443148324187589	-0.9109294062638416	1.563495487795516	-0.4793593039128178	-0.27750074843402434	0.6725224156776757	-1.5327282327566607	-0.08040686759156071	1.6692639049183817	-1.397961754754568	-1.0758354900682654	-0.8359456138016966	0.3500547803869358	0.11713337052688785	-0.41102302349073444	-0.34659240190054585	0.11757089069107304	-0.949120178797963	-0.8927931089576429	0.9306486030145851	0.6955262375424353	-1.0948791413417704	0.888257834133736	-0.8689628792319821	0.5978627469641745	-0.7601703955724414	-0.10799017724010464	0.15037494885210448	-0.8021137812598231	-1.4273097270063302	0.4745551005550565	0.6546570553445925	-0.7861779060303272	-0.18207194774411664	0.3586130572358295	0.37686644228187316	1.0878285844157283	0.6007362939206949	0.44942407934336326	-0.2566543649260192	-0.3138267299663433	-0.1902112758897778	0.3166336578052571	-0.25649710825715677	-0.3180186634871816	0.45321431062248935	0.578190393604869	0.09509694031914602	-0.5864089096399749	0.312013413442036	0.45721471745909015	0.5482272709448771	0.02199824818658836	-0.7215336164272496	0.3438893883267635
DTXSID7020687	-3.171125715943852	-0.40068594845283273	-5.0151076073677725	-4.292231682999821	-0.772694845742298	-2.8158997123755802	-6.395028688122257	-0.6116735024842087	-5.863610749080939	5.659304577439699	-3.322176562818961	2.3269650992579853	-2.7987874676017492	2.868334574231382	-1.852295897586586	-1.8611861072571116	1.9535458886866934	-2.5153712689409264	-1.9489358996172366	0.2075459781568436	0.18446345565487707	-3.550540974923124	-1.6808021795116506	0.9620789119568666	1.0426547010355725	2.2124283677152894	-3.6760132195262347	-4.326891702596499	-0.10531541083354054	-3.3079926300973184	4.783382976002184	1.4112592547955352	-2.336618234742269	1.0135656853250097	-0.8002459596973872	0.5162639525123087	2.9200974917323026	0.2456573158255278	-0.530997685940739	-0.9466512886480095	-2.0776945226013512	2.9800690163569166	0.7152792149064798	-1.1260105539683984	-0.8637363644747679	0.16886467571191963	1.8883171460518202	-0.6249466922785987	-3.2565984073013863	-0.2653738724575291	0.8746299837708919	-0.7081825971236345	-3.275406516261351	0.01300511274031223	-1.3578205877249268	2.407791587287627	-2.3369966868171543	-1.2130695737394026	0.3258818452162744	-0.8112815928472329	0.662821649096935	1.1030744059966093	-0.7307669977534459	0.2843415640250815	-1.2498653723978916	-0.0807139585148347	0.3471256774856191	0.32849997221953386	-0.28463264807069444	1.2068890118683555	1.4031528404514502	-0.07220024800300921	1.3650671428535115	-0.16258852253155504	-0.10290866804016104	0.026984583844451362	-0.9268537964427301	0.11568800623284324	0.6918220580420053	-0.14456746897690476	-0.592824061966463	-0.45262154228394896	0.1252632035024839	1.549182179053792	-0.5250991696828181	0.44003909442858397	-0.23425940067816411	-0.13414470722249766	-0.14681434880895144	-0.20860148204535897	0.2069624866389158	0.11963572607081475	-0.10205535555988215	0.16455358835945133	-0.6154935984258753	0.3338353375773936	-0.7356144008683472	0.3536421632372385	0.05754759620547526	0.25746132035695424
DTXSID5020239	19.055992888779368	-8.174576924123755	3.207029736595613	-6.146391588451299	-0.9692366776239998	-2.9298662305323293	3.548349032051993	3.655479458428538	3.7574986416899567	-6.669288537135356	0.21693618032075945	0.3400850636262809	2.4239789329715644	-1.6404216353872805	1.985099451841113	-0.06416488999094372	2.12221580985884	5.3601170787593215	0.584611077252842	2.386360792178869	-6.461884391509211	-5.783357242525166	5.352415167786073	1.630039073922003	8.143938899777618	-1.4515460622555936	-2.693474324943479	-0.5678850539232748	-1.2047178339423246	0.36190950480047773	-2.9534840727364062	1.7292199201237441	1.559495174494987	4.2686729285891465	1.468531063813299	-2.610471179003842	-3.4277812214748278	7.005241071292467	1.1968390910946876	-5.634281668874769	-4.339108101888945	4.9603561976465995	6.555108475271082	4.456423269471081	-2.6862387017489864	-5.641155469359248	-2.156965055274476	-0.795346452572994	2.127949806602988	-0.12566116282084222	-0.8790328040548405	1.849510125857249	-1.8664026132528924	-2.0627190494731162	-1.3305223687798047	-1.013015273622856	0.3918458364917704	-1.826558893854814	2.510501326812147	0.6650092284993618	0.9997961028743522	1.5306846158061116	-0.12420347443297465	-1.9398356106977765	-1.5808576510014711	0.7151367140131867	-1.456272155088865	1.9259822012220058	-1.058253171348587	2.9125998431240103	-3.6473452446572594	-1.5155848677572852	-2.0623328278887447	-2.715084125909959	2.45498122543999	-0.5240639219132177	-1.2116316916381884	0.5966486807410519	1.455278688607874	1.0523602107226289	1.3648470932586978	1.099196314175528	-1.3839467086676107	-0.5553456081360987	-1.2163983699093857	-0.16282121804842545	0.38531160566107814	0.040513531792086284	-0.5112794813927009	1.300989566329091	-0.8779219308874072	1.5867400530061924	0.03367328209605827	-2.0093613272151036	2.8128391508582853	-0.12876365872196566	2.2456256966646584	-0.590625469950104	-0.45413417561522945	-1.0576064041028579
DTXSID8025331	-3.9589916336462947	-1.5541190583928473	-3.049542249746985	4.749553855395842	-3.483638234364635	0.3238393468430758	-0.08699659444169719	-1.0247827502599338	10.387954409075718	2.746602519831642	-6.953673487617384	-4.360428693008547	-2.070477838870536	-1.4542738694702022	2.7063571705236438	0.8313532450740468	1.5418943838713133	0.6025385697237241	-2.4984218294901446	3.0059874120087677	-0.29507575617711224	-0.03316555531440219	0.5418364231200347	0.2849466420810157	-2.3404464112287937	2.0328343400864313	0.001049726325802043	1.0070641877782747	-0.5901414638004706	-0.4641329054206971	0.4089947220067305	-0.016305236738956872	-1.0229244516267557	1.3822058532639323	0.053682537973213026	0.270459284013184	0.7201864987001939	0.3751309437875207	0.13786385838397244	-1.415436487340905	-0.1967263306532889	0.7791763388369873	-0.014034937320866631	-1.4494271577862217	0.1733705908279491	0.7728445830835317	0.5094637861901663	0.7587984048133044	-0.00817839017864258	0.06094900909655589	-0.5823396868598468	0.7537446709055492	-1.3819631825985579	-0.24028428683735634	-0.9620147853938543	0.08924246831601719	1.1533087023373063	0.8442911817319778	0.5449997249006896	-0.6604106241241812	1.528548434450811	-1.21937916788449	-0.46266669079544176	0.06687585750034729	-0.174750769561109	1.0593086198906216	-1.51897527374307	-0.3962220489477526	0.8837214731807872	-0.864542651023682	-0.029889577913878723	0.6218503871750732	-1.428077238362389	0.0069764532255867555	0.017436767198222493	0.28714384028354123	-0.2509952341791781	-0.0960584637204061	0.4624083376046035	0.6692900095348128	-0.34285518092897177	-0.5650430761883327	0.34156753181191446	-0.47674828465521824	0.44413404286067726	0.546663508248923	-0.4766445850143157	0.12634650051028537	-0.07787815080485691	-0.7425096876527074	-0.36757919219983914	-0.5462783837904374	0.4973174006904219	-0.19666220885688254	-0.07705963023108438	-0.29556710815769	0.5248309356769578	-0.22916582806928473	-0.21332223296946803	-0.8970194040268241
DTXSID40108559	2.427735097202883	-8.16826005228712	-8.162992936513366	4.805117635210879	-0.6776685658953032	-0.8516665676443573	-7.893064349833121	-6.91343144500968	-0.9532049633299062	-7.658823582877025	-7.237142285112538	11.038995946244865	-3.3351170394960086	0.5619515822843427	3.355134460949693	-2.8742653305066193	-0.7809449152932838	-7.333447781297822	1.8296507248908291	3.5073564665198274	-2.3071356777770355	-1.2411518380108844	-1.4113450671466763	1.6670954958386555	-2.9781733943126434	4.366503893163761	5.195381416551716	-0.12149250563569478	-0.4903169043643193	-1.7486978796050754	-0.9979848857898221	0.07922384387854188	-4.68950786899901	1.1004737288628939	-3.367618652662579	1.9203430461852398	4.473322349639266	1.7782496009690376	0.07987316703968925	2.8729956634213965	-2.7389729415211455	3.3355458388356642	0.03487710293361865	-0.6651590790830537	0.8965579061493371	0.6901809320877916	-1.1850285273691803	0.15167825497886536	0.777158961398011	-0.8950915348735852	-4.522187815429449	-0.6847212719137759	2.5778800329419527	1.5974136729005803	0.18734993951459167	1.494349603131379	0.24325080350648928	0.9900385411208452	-2.5121556149972766	0.9207117501928557	0.7781761782436224	-2.432495897564358	2.0592814061889784	3.039683922384546	-2.358370710915985	2.9316808471962537	1.718255661929406	1.3374576739717896	2.2766465736368913	1.9197048207435075	-3.001131098602087	-0.4948177639747949	-1.397210213659917	-2.201151444934195	-2.7780747128751546	-0.1868097611393892	-0.5353076123274	-0.4886144127244976	1.4150642959819737	-0.3831337339999998	2.022559958909378	1.194794442120189	-0.288702587634614	-2.3028895387241115	0.5547923384076331	-0.29946853398382844	-1.14097316015855	2.151075295983062	-1.2680524834796139	-0.06934048331098008	0.5069372049108093	1.9282735781610676	0.32190898437745835	0.8569609142815642	-2.399129974436242	-0.40853697136195344	-1.3331281845573224	-1.984950977678969	1.1371181353485453	-2.115277419202894
DTXSID7045158	5.269013686202752	-3.3898121729198705	0.8053566151686254	4.609351619791169	1.8285374486308168	-0.19259753318502293	-0.6578541365021969	3.4811949150177246	-0.3883717239783787	-6.910470489863558	-4.459274479245079	-3.557878979248019	1.330743515130414	9.166753455879944	-2.1324660573989935	-1.457313118194932	-1.9944685635537425	0.450939104634085	4.513024972176486	0.5127825936436748	1.4583914983903676	0.8327448496304274	-0.4667352328493836	-1.5441928201412922	1.3600069468658575	1.416666307479281	0.09747601790551705	-0.02477572977007258	-0.7854412790338748	-1.4870453746904957	-0.4158292041082538	-0.7261390539151824	-1.4974862291480733	-1.166549594041486	-1.0589430262478599	1.5005808009979822	-0.8463175663090529	3.360622980789325	-2.1337385569090235	0.659609716139216	1.0092433230849704	-0.19682628599209886	-2.6712623576553787	0.7950467022848334	-0.6380466215425419	1.9435765782130192	-2.495282651483862	1.6969174968784	1.519450840188781	0.8958189478585491	-0.8553608650272815	-0.19471351929301617	-1.8473055795550986	-2.772005994963258	-1.9641210641104976	2.6497323043288334	1.0728941297089039	0.35121105404149233	-0.402220126930299	1.6784578483974824	-1.1416950083427442	-1.9603402182445928	0.8247205327372663	1.2056614423307201	0.3460847482843035	1.4927720462263219	-1.2135699107194668	-0.43524316315878603	1.1143055567206375	2.0254856481997146	-0.11509730186951912	-1.8001792525802165	-0.34976732344004596	-0.01039685638365276	-0.4757922950569488	-1.4588907567327711	-1.0390752400104608	-0.3269454758965381	1.3009100991340534	0.573681514103741	-0.9200655605075966	1.060221817197493	0.7267369554811529	-1.424211596745698	0.4612909605723946	-0.03664501395598763	0.2727091847945399	0.44293807895651705	0.24490625415507164	-0.5319388720338778	0.5731518479039083	0.8216441080814493	0.9681606524541263	-0.5037208181570584	0.7164660761216513	-0.3042522669399082	0.0387025628320989	-0.18934378322729278	0.5864525375643971	1.0559363957126
DTXSID8059926	-1.034047121483155	-5.5388733075560355	-5.888285115361737	6.785431658143349	1.7957176786954667	-1.135282189191727	-4.774518741680676	-6.7264950471562726	-2.277023671262279	-8.56310647116216	-8.03185272739579	4.423826798308768	-0.6675821804168888	6.756050907116968	-0.9155266766095035	-3.9675925662224416	-2.9516194708677577	-3.984683030667806	3.981270194055515	4.260317187330666	-0.9371930075587882	-1.0321953838150537	-0.03415207913061545	-0.7342056857961058	-2.5427653918282	3.2464743813205543	0.48761164644110877	1.9628303156784201	-2.2221075410985223	-3.064971013566806	1.2906888903023759	-0.8515789324864841	-4.168263925070342	0.9477253926194544	-1.8003730021119306	1.4932519288458919	0.23330535272229663	2.356437566040918	-2.092680686394359	1.1266734169364765	-1.0047621770274529	1.7438333767963017	-0.39043463388875826	-1.7330067278441323	0.5250886447986273	-0.3434151581671009	-0.9554273682463087	-0.8331008765857946	-0.09942642948032651	-0.46734215419643044	-2.6707623565449596	-0.26971948575212146	0.56277953125727	-0.03627388906493056	0.569217023880209	-0.027014316877385636	0.458072229248967	2.0016276874974634	-2.251669046927707	0.530773828178384	-0.2937717696046155	-2.1081130534108814	-1.020017392236321	2.1218649133053162	-1.031757133884127	1.2732800569535203	-0.9136715936618096	0.2574245049557371	-0.29898357275522414	1.0733420773513227	-0.5012743665475994	0.16703324736090683	-3.1071834165552468	-1.0401389854871226	0.34221582139537876	-0.9894188919207725	1.4017603373972323	0.27094946342470916	1.6567624493664528	0.04088582071233672	0.34431395954409927	1.9928346491032187	1.7692468814921338	-1.3787715543344041	0.8319732717793094	-1.061228148927382	-1.7354419737430733	2.9080107756621296	-0.617940358617063	0.13014684298107002	-1.9877107745381235	2.832135723999287	2.4443537215825564	1.1708434803507528	-3.5269983399579137	0.6872588390741106	-1.7863501354446414	-1.7349052914971075	2.640553391521967	-1.215558691477283
DTXSID2022096	-6.461818056931535	3.247326146720868	-2.4469989857032837	-1.7128831667731426	3.1981847224583118	0.08046459933846163	0.3156024352127385	-0.21535629973627332	-0.6293576543778663	1.0606516959563843	-0.8152180459811704	0.4667917174600045	0.4293260427887009	-0.2640590380901869	-0.08023710569130556	-0.7050525470693693	0.23647533790459896	-0.6135928546358254	-0.35658182412420464	-0.4776861013413859	0.033282206647811646	-0.8530612442974153	-0.44286771428429894	0.03304382695461902	-0.12080710083912173	-0.39073933089971186	-0.4678602560152415	0.30140967493258064	-0.372350060702476	-0.5216853637533806	-0.09295082037899917	0.18167312046208703	-0.6259993472332591	0.18323527071911855	0.8759273131423435	0.6219875125064646	-0.12114065822028429	-0.05266792068483455	-0.13214811454500666	0.19813663397094722	0.6387933200385023	0.9312868443767305	-0.1944082768525479	-0.061831881892689025	0.3053436817461845	-0.18129835836824024	-0.3240436961107324	0.3909663661992475	-0.3447865458813519	0.33253327642555924	0.6750679910992177	-0.0944663625827676	0.4292478212824434	-0.2630467278518157	0.20594381925690372	-0.9054732941134258	0.07009511694019277	-0.4651456197742596	-0.04530147159431449	-0.29639744508264937	-0.23295914675208113	-0.24764709548203362	0.17463716760346573	0.06220399663035223	1.009048784120349	0.3518239913333613	-0.11497999370542795	-0.037748600304815506	0.2495477690082379	-0.055513929200300814	-0.23039418860053434	0.12432881321021366	0.6434729269319205	-0.11324925053185038	-0.1443738057571688	0.06273774257218072	-0.4431088126395231	0.192470571531271	-0.5089525227062339	-0.4568762284671602	0.05358559052523598	0.25895421891336246	0.8936853783064648	-0.3288728179774525	0.017409367520764295	-0.7920621296813326	0.31692960775797635	0.2268434131907501	-0.35716765633622377	-0.0353803324578656	0.3482882850058674	-0.3820472439490723	-1.1228911166061621	-0.7585253080461689	0.09848756827018909	-0.0774458495152086	-0.3005770980438863	-0.0949772583730578	0.3700111317234287	0.00014414570250918354
DTXSID8025963	-7.1578425260948215	2.608216016473167	-4.26655123928394	0.1076471652808446	-0.933816283569941	0.06230053281530158	0.6534876035881891	-0.8997111453559983	-0.02153324378703802	0.4246232724347524	0.17117383475485753	-0.7127539194144052	0.5328468485915959	1.0242591449342744	0.741640106206373	-1.3647548881338498	-1.2491854782908551	0.06448421644428946	0.22161866171891415	-1.5170855779036152	-0.03299788302336806	-0.15162692966979469	-1.9176707052924018	0.3314621266808303	1.2895599094307264	0.9786297799244467	-0.820026758804538	-0.07122911717011181	0.47092356130343616	0.28663758643393705	0.4863119298988329	-0.29718419033076293	-0.020599978374745448	-0.17943325916189912	-0.3587565068652163	-0.30261732388254253	1.1973321490582065	0.2800032991041473	0.6971024004590984	-0.3080195715703837	0.15573143692511937	-0.2584140656397325	0.17428242680186856	-0.180529784657056	0.5162977607916323	-1.3402269157415707	0.08055441168565686	-0.875746830189955	0.8494792992376299	0.3543515057711909	-0.1378862307060949	-0.9315919409723368	1.0961827015673702	0.6888962322342269	-0.48358410825260106	-0.5027519268458938	2.094253244971536	0.2291010623918308	-0.5105519522616434	1.6398452094306117	-0.14493773982325722	-0.3159833405637865	-0.29023504736148065	-0.4109760050867009	0.5911653994313089	-0.2841978159487788	-0.1348210686421859	0.29040371725575287	0.010280889391001793	-1.142042914350741	-0.2833010252913467	-1.3399160108052248	0.1604084736519224	0.23663103382087666	-0.40666909814124563	-0.01290624866930042	-0.4551992321833964	-0.02828777036875404	-0.0056314181691373335	0.11307449834620757	0.2876282238044251	-0.5458778920963943	0.283141352038496	0.1390704396639216	0.054142521096599776	0.32857851730937926	0.6522761238770411	0.0984270423434267	-0.3011835508084947	0.16027187940955784	0.04008363020200777	1.0483512150232188	-0.20153395386970363	-0.13265167117309107	0.31244603081030065	0.15986686701600739	0.6252618765073885	-0.0637749124998655	-0.22536478294203863	-0.08132048297753125
DTXSID10461880	-5.159641255321767	-1.2403209447957877	-3.848831920879599	1.552269374896709	-1.8578667460787717	-0.2543217156159582	-4.407788673746357	-5.05698139167794	-1.2914567141032576	-1.7662705138775816	-4.746826266285473	7.843422055094788	-0.8775601680352542	-1.9450645544022505	0.7246452631780688	-1.91742657944694	-1.3926708527469966	-3.551316420780044	0.23755175172415968	2.9612359877119125	-1.839439211250646	-0.6957805914567029	-1.416583638423027	0.004683867104593248	-0.9806370738769955	3.01838885252986	1.0880022869269097	1.2998531804613367	-2.234866005716146	-1.2481335950106704	0.5402689194383423	0.6186748067322309	-2.254683271988149	0.9562696429409513	-0.6969410950862484	0.36512174332858854	1.119922041710762	0.32030871026770114	-0.8624956973462197	0.7108426829576635	-1.4249104908644232	1.8427260687395017	0.27419331394448787	-0.8663419109279569	0.41773602953630723	0.3245868558061737	-0.5626350290945785	1.11642364334023	-0.011524923496395667	-0.6710974865522288	-1.313953020341571	-0.4723278289149803	0.9278888213441119	-0.3434196766467237	1.354784671598262	-0.8467884860787893	-0.34777126607083175	2.5521179230012074	-0.9736405219704822	0.6015828987807676	0.8065725085712855	-0.7188171473048887	-1.159474322678719	0.5674639363708771	-0.38503286659240304	0.5683075450022965	-0.2901738510849149	0.7079783198994263	-0.9126557158756753	1.6924700931135115	-0.010975731202424358	0.2687493145502855	-1.6485608696594676	-1.2940135376736492	-0.6707017817963178	-0.7868630315054697	0.8223203510934061	0.37672416019945165	0.3305842865858389	-0.244885382563555	1.061957695870923	0.7354524190829784	0.534364745932255	-0.45743049590448176	1.7146210339833126	-0.6363277328422368	-1.519704962840995	1.5027909101327837	-0.3899211414371863	-0.08592910165572873	-1.2192958229012811	1.908925399442654	0.7293985076647509	0.7576988357563039	-2.3318936713893956	0.038813531703775356	-0.9917204060185494	-1.1554099071847292	1.1120842702540277	-0.7236053556066636
DTXSID8048737	0.8448309207253285	-1.765027362512026	1.679843477283097	-1.4014529366281065	-1.8107449909445983	-0.7437861665512496	1.4839795547063328	1.2845511891085484	1.175670915024601	-1.7634397535660824	0.8801966432184598	-0.66031452140331	-0.07068133730381317	-2.4548421044186344	-1.8669682680546131	-3.2822775887273403	-0.22035748464650382	2.518120959730898	1.758977204377603	-0.9375607021612022	1.2910553607279496	4.4522165873301525	2.394133244655497	-2.0605552123137834	3.905213486086526	0.22382848899338312	2.6658616447387566	-0.16822588757059792	-2.5325101410671	0.3811613346523575	1.6249081442527569	1.4013128964391823	-1.0493248743246886	-0.8480187669122243	-0.7679342745311665	2.4091941449094967	1.852724284245308	-0.8018018254778554	0.7429598778684173	-0.6134430284006354	-0.37680177960574585	1.8463246946671874	0.29008260015670584	-0.09635881248113	-0.5387508478373327	-0.06231915411936357	1.2665615522809777	1.1266113335551293	0.12428687651494043	-1.6211591828002871	-0.2700629993207337	-0.09581077035301189	1.4015306565432895	-0.8527600630179804	-1.053139551158022	-1.0436671230418328	-0.6614879181020425	-1.8940121363410336	1.1693395001105054	0.9545336159210023	0.07514652122411267	-3.3133724454066793	-2.1946025927268873	-0.6437797498150578	0.6152042584286561	1.1295919272538573	-1.8620644964406652	0.5064103487608704	-2.626146423113164	-1.3164224316695936	-0.6609787751450037	2.8849893009596803	4.280123058502929	-2.8132397679320067	2.91022595367671	1.1764155786362107	-1.8785850531244155	-2.096767211802369	-0.17253612592954068	-0.274734340398039	-1.0270685840144795	-0.5550343815504714	0.22280801637345185	-1.5030605203529814	0.40429671183983046	1.6787781149987073	0.9970402394862388	1.5625816223916715	0.583428325617168	-1.832116315436226	-0.1858675637343441	0.9107648049974721	-0.10987142972397386	0.6563516169328742	-1.2072188676995514	0.43331947452688857	-0.22150015645936494	1.3028919623725852	0.4241942420840362	-0.33523027658310955
DTXSID4024222	-7.793275536426519	0.4418215694115852	-4.136176392386749	5.634753920630853	-2.012632195515004	-0.25024927858195556	-0.20309204439639086	2.4109405651227607	1.844089498881853	-1.5975062620317975	-1.3501148009641568	-0.3741639431349305	0.8823629337068054	0.5402772074839732	2.635198055915482	1.5488671453691345	-2.0328333330389046	1.1439979989066271	0.0325093151155758	0.8260403724672157	0.07867450257744493	0.8652647947745694	0.8667057347612639	-1.7238312088810412	-1.0607277561704993	-0.07580499469867498	-1.429542979609132	-2.3179164465638333	1.0506593990181041	0.023717803920251298	-2.345982383158992	2.609804819236999	4.794706036416812	0.15991034888326613	2.145594153047442	3.4503981550402774	1.247655696707317	-0.737933216495439	2.1839540638115422	0.16944617195822578	-0.7412601913077027	0.8735557639019502	-0.8159107393239747	-0.3564301901133992	0.28536912332771963	-0.062359998832946	-0.16511724065658664	0.09800060137752388	0.7056900563545336	0.375368853458999	0.30486581085954373	0.3715876737702268	-0.7494897599473579	1.2440565820301455	-1.291009716078703	-0.8431970537063517	-0.12134287033439106	-0.8097144810891972	1.3821748627573927	0.30036950796754075	1.0770494193827627	0.019573640477055357	0.2920747802973168	0.02222711990182849	-0.9067835825438276	-0.735008998453007	-1.0865027970950096	-0.81302871565465	0.49165173353662334	0.7965723770524546	1.129944526873424	0.2598477258868432	-0.7015322339541212	0.3921513343335483	0.9469335909596791	-0.42098761648312494	-0.5201850860979633	0.4276673230281569	-0.18359676612384102	1.1148780148089754	-0.347261627118634	-0.3550468156914684	-0.027150755120606232	-0.1134370713715226	0.05884076835267752	-1.250233456480462	-0.4221529099030557	1.4076626554546645	0.6760473570649493	-0.35094815827872944	-0.7082611845654682	-0.12726682446801568	0.2558477206107009	0.2920039205248275	-0.13252323756547876	0.0590034725520673	0.19559924861003394	-0.16040592499710735	0.5109672505964359	0.07595191936659448
DTXSID6047529	6.920365100360866	-4.002113188803962	-10.815228422478333	4.566599388974405	5.128085486546107	1.0203677676866232	-2.167843785424608	0.10168012236448701	-0.8441960962893348	-2.4690982487396975	0.8382267909451498	-1.0954613446961665	0.03475135538768559	-3.5896831892919145	-1.1301740341367055	1.111027842961965	-2.272572769388234	-0.12073446103672693	-2.4060445753693207	2.728645252580052	-0.5574027271975646	-0.7600789168308687	-1.0729521400664999	-0.7252961234193595	1.7192568259873393	-2.303400013628431	0.662169667327407	0.5703917538773015	0.6861295542126443	0.24752481383254246	1.1428064269747595	0.8724790492189349	0.32237305294628565	1.6987082404361948	-0.31395583122534804	0.006336747643896967	0.7741982094514981	0.5363536017756885	-0.344984019513979	-0.32447425378113476	0.8252603201197607	-1.0223533864901433	-1.3016036507150588	0.5694150199340872	-0.21025460237617366	-0.6900260241089565	-0.01880523034895713	-0.5199077285072046	0.12333019532972626	2.293267961008874	-1.0361906780464452	0.47890742973146033	-0.4855018380656154	0.3048343712209933	-1.5533433819951639	-1.1899597502812413	-0.9927617805077439	-0.8823253659665155	-0.2658178959528503	-1.1288765447593507	0.21659325403981278	-0.4001068857941055	-1.177625283051139	-1.2623568911325027	0.9389841855903855	-0.8543767794212802	1.0866124712859744	-0.2171858067511165	0.9677780053893543	1.4257482715717888	-1.5708101675998742	-0.12537857067846747	-1.4622279864780128	0.8715760884871855	0.20160880333788544	-0.10289348053443022	-0.7919092079605913	-1.9380553546260453	-1.2132176483194308	0.15422811585832094	-0.2627596312901552	1.6360808888520564	-2.381252722709589	-0.9812384899267271	0.1526105311157282	-1.0381606610557998	-1.1509877639575585	-1.2142987637731655	1.9039009703543874	-0.6996074077712459	-0.934689945956016	1.2540384532420685	-0.06970005060513043	1.2948744949960849	2.417700215840003	-0.7009281662068059	-3.091822901981897	0.1423397464428248	0.4947277796336716	1.2955455839581245
DTXSID2047066	-5.52478882044677	4.350182476277625	-3.5248728878936872	3.4755934108991435	-1.1045278200977267	0.49131114794311903	-0.008610032442035355	-2.2628194730322924	0.5850612332221926	-0.20738127792568242	0.2002100239824508	0.6354250331980921	3.6696912787435307	1.0531357623739643	-1.9031774879585825	0.2762501976407182	0.10433702677802939	1.8576182118553546	-1.9469283208828863	-0.7930283314200909	-1.2414624183302472	-0.9046267131149209	-0.9970892450305483	-1.0940340751158597	1.3088505709967417	0.5895777633789251	1.944055473472114	1.2763492627620279	0.02129498180414133	-0.2414065918726235	0.25614776255984717	0.5509511516106094	0.043115284126242125	1.1525098513423921	0.018705868642673464	0.23337730861837608	0.16856803306819665	0.442764958337057	-0.9909547126134816	2.7945140461737763	0.3255281522584819	1.027646125750204	-0.1275226851463362	-0.6246123451231888	-0.17022845176025853	-0.3122234710331231	0.5232449202601354	-0.21785966342028382	-2.471025701750415	-3.1725524467463413	-0.6175373770819195	1.3481477868641771	0.7515658505127322	-0.1512383239975098	-0.914503131577516	-0.5197131224692361	1.643885900483946	-1.1248581901047212	-1.1393316867750924	0.38612440014331323	-0.5055710969946344	2.2649853878105106	1.6848842340916412	0.2610347608328185	0.1561272951941004	-0.468876622967026	-0.5725799054823545	0.4872280530417054	0.3953845522883856	-0.4782153728756281	-0.38278664305162274	-0.17768910109343977	0.28004029480451526	-0.340044171435414	1.126504949358658	0.8159341859348983	-0.13082576817125077	-0.15183249520813696	0.8456279315647299	-0.21002953567825108	0.6136718118386738	-0.13783645179328072	0.32169434976394906	-0.5669432427104639	0.6476964115363335	-0.5924362412960162	-0.3910240765316227	-0.09723612321717494	0.8666312531000925	-0.5195166343816042	0.40797119988866665	0.42744096066240395	-0.39445388621966576	-0.22909709014368554	-0.1946233855443076	0.5280981162485711	0.44220396784342203	0.4446386620433332	0.5041450931368393	-0.09782792247470809
DTXSID0026888	-7.598478701887631	4.396803753809079	0.3440342010489786	-0.46011467883800405	1.8289272186352814	0.6316886027657467	-0.33206602983411704	-1.1214416711804707	-1.0193493814950252	0.24138975297211734	-1.8643183334804638	1.1490193085303513	0.852862706859207	-0.566103463872801	-0.5634980205308362	0.3720316462716237	-0.26573274523780893	0.23241923851755417	0.15948227789705718	1.349268936206031	0.3840985727892188	-0.8043143205309857	0.14009930057733355	-1.452085685083941	-0.005353529486301507	0.041801421501908624	-0.2244165138596875	0.36829926286417736	0.011666616845497541	0.4144567153440325	0.9932794378864843	1.638060929364177	-0.8901177453734399	-0.037052496568450284	0.3614306743315877	-0.24558366086990915	-0.604122424981414	-0.9773631209586352	0.0061711873555106165	-0.5029966237130408	0.06175231195514666	1.1102991965111864	0.19003301956465155	-0.3683443219135598	0.28390135344373685	-0.13036632296093328	0.2008379312992779	0.724617350162317	-0.8235145036218874	-0.17720653785113838	0.6523386200018032	0.030103647701967946	-0.7145944584223165	-1.0373003926002304	1.4668367671598073	-0.6768093214949946	-0.40347419616647356	1.9339334687144538	-0.7672480605463412	1.1338343518935727	1.094521075348023	-0.7192884985806354	-0.7960574533969288	-0.11509413618226863	0.5172745978466963	-0.07994703978523626	0.7727627145217086	-0.22420924395973943	-0.17994835891375616	1.5030148612969565	0.5346156835844253	0.5750239729189506	-0.1739136892497684	-0.5012114161487333	-0.24931328354299997	0.17108933624416683	-0.20862462057033285	-0.32261681398589753	0.3476135958915791	-0.21312211759175465	0.11196749718343121	0.20664630661124722	0.34966643713360634	-0.16939738550893194	1.0722144744311282	-0.07978428224101451	-0.6624067360383353	0.2555783771069673	-0.3124480679792153	-0.5568203084419785	-0.28214665029611274	0.09187345862580852	-0.5467413166032884	0.022702085739302002	0.41849111962356034	0.05669307498593414	0.19362429492009287	0.2629516840046239	0.4260912353196661	-0.3951164639107213
DTXSID9025665	-6.006228440357871	0.4355718584718816	-3.4193412558475926	0.3339345750817425	-4.643554172203848	-4.226880325634463	1.2161344300160295	3.177912888675833	-0.8098262531762973	-4.375088528198947	-2.254023096078119	0.6995276024224318	0.6733118955998787	-0.552049723388538	7.2674373465200155	-1.8097403645398231	-0.17277601986561886	9.579094715730239	5.302822111915674	-0.3075625519488985	-12.264787007223322	-13.004068973049755	13.26579413029738	8.41343175288124	10.376127074784051	-1.9013776388381765	-1.0091484483339699	1.3146122270319693	0.696878114755264	1.6611934265919768	0.5594638660449146	-0.4345162049266473	0.8388240972183655	0.08318620419598848	-0.14918939430272027	-1.6610607479065445	-1.3797514544889498	1.095264224240428	0.8492264056977501	0.58162585243814	1.4391753194116321	1.9223772378909694	-0.362915162310041	0.37136958972100614	-0.0774214653758901	-0.6574241085166173	-0.8340777618691869	2.4029962634044693	1.9139610868368861	-0.21812022951809862	0.418784724071603	2.0031137383674715	-0.8936912172971468	-0.31224582689207375	0.6770922474311155	-0.896609939933279	0.8877169764787539	0.8469840467563152	-0.10878275930532141	-0.08695839755566251	1.3741986893031783	-0.6246519873515499	-0.3118497202224607	-0.2821004029040277	-0.06852253261426101	-0.8795638637747607	0.22692460847008247	0.4746129591393388	0.003517601245984703	0.09256345707814614	0.16350903326287275	0.4630605930105706	-0.40229627530209416	0.7792497356181282	0.8547168211722519	0.26969054508355833	0.7803165481916728	0.9121991441701218	-0.3786019575778354	-0.395184396244006	-0.5348058429236314	-0.5600736245670299	-0.5598318762457122	0.4831502681197876	-0.5874382455483201	0.45393041256948613	0.5670003720557445	0.6723524264538782	0.09541864096856298	-0.19038541348445293	0.6399242128030725	0.1927500352757595	-0.1981399704522039	-0.18484362594829887	0.6111606773246742	-0.2680775772212123	-0.21761261543465277	0.29920549884511655	0.3145533273610378	-0.057213768142342344
DTXSID2045945	6.976078977344115	-2.3490152903091617	1.3201763370889128	-6.037181652800923	-1.3463104557478784	0.4213423823782492	3.7507671911955542	2.21647662163554	-0.6556233523149233	0.14140356450165853	-1.9047415043950204	-2.0044480440849424	0.6914953379836891	0.28525103249057654	-0.502588730581106	1.591251384181463	-0.48591002521544363	-1.7841970038856299	-0.25480944257531296	0.16102843525847482	-2.376347798990664	0.7390073138566807	-1.1087094136733993	1.0994763297256802	1.7849340654715604	0.38846498968066895	-0.6647288175302016	-0.29484274174488356	-1.116010935587692	-1.695628178115323	0.7048562307111688	2.6799318786211237	-0.009963780464975688	-0.7240419716740739	-0.7619012421061826	0.3729750400293636	1.2254570832405156	0.8744363326877171	-0.7987351196109035	-0.2087578174124729	-1.04920833774925	-1.4687744237871803	0.09554859635518072	-0.4327897034100433	0.7330835604903448	0.6771136808786687	1.455313190877636	-0.9061439733070572	-0.7705684495570883	-0.05177947270927281	0.007393395006593573	-0.9078450520790633	1.2776939139499524	0.15790982312113008	1.3519228267294006	1.0238054257241591	1.8623973918845422	-0.02074649513537915	1.36020378147313	-0.3184724837356506	-0.7069646091247183	0.2898006698638684	-0.7554695377511699	-1.618260239528976	-0.7103870282212185	0.5291868194096263	-0.27082125791283884	-0.6177719350369498	1.5190285966448451	0.9432485227661144	-0.37573156358673604	0.31125102257143	0.7190738977831331	-0.5681616713808506	0.09294277432036434	0.15578706048237928	1.763579377365218	-0.11611861427175334	0.1379251218535223	0.9508389055157876	0.6135308414358022	0.26128972260028765	0.13093732795044702	-0.03543550157689383	0.19606391028242967	-0.34192666638290625	0.913574728034603	0.8001293667516686	0.1387757086951126	-1.2793299015835005	0.22580273363858128	-0.719234572647761	0.7625740806654903	-0.6298709897950441	-0.006433651805457569	0.685029372887225	0.47559957555081467	0.07501887058258006	0.08668722566419275	0.6375577226996763
DTXSID4021557	-9.762354242438693	2.173182319313321	-3.2850119951405836	-0.5551464136982683	0.3811678341386917	-0.7343922661401528	-1.094161852044672	-1.1306458525751135	-2.1306799227668227	1.4515101658445582	-1.3994450745052682	1.037054617248418	0.941233905156888	0.2213061862802085	0.24645341747640295	-0.7752687180606885	-0.3899137001060367	-0.6296542050244587	-0.09957699766896833	0.6294827858657831	-0.48593502496101315	-0.6449542642344205	-0.23984273974551393	-0.02679716353193916	-0.5226644094060563	0.4622934404634757	0.26304623332295746	-0.7782832308468286	-0.4534418197254992	-0.6729767163283555	0.9639526931803512	0.5052786509582061	-0.5830439662584972	0.3742405333330552	0.3401307285170736	0.0657907826114061	0.5260608427586607	0.27203858205854486	-0.12476038101631327	-0.09969265802488966	-0.06607872338977512	0.5121585978949006	0.3294427007895776	-0.3191802669984295	0.42928785594569147	-0.3001870961365564	-0.1648402479563081	0.16349295770005992	0.01642039314583196	-0.4302968932805201	-0.08635870865430592	-0.6694997309812208	0.06424982518178059	-0.29594821133963956	0.43774481690180994	0.09397003888398604	0.27495260428576845	-0.24351151348127859	-0.42640525110955935	-0.04376577797793596	-0.3006212909836315	-0.5219101127067585	-0.35532458072314077	0.37375283508682716	1.2554152505607816	-0.8066893046048413	-1.0084946241591923	0.41184322722073513	1.17651645016517	-0.23212906310578948	-0.30566856013331295	-0.4854956817449767	0.2505144689249959	-0.5723005746057815	-0.9174742978226335	-0.016465641776737934	-1.1585271612386687	-0.16547978704577485	-0.102411129597608	-0.2544799958765328	-0.40334278388447864	-0.5874641698126006	0.5328877526490152	-0.021019438314208064	0.048423520906762066	-0.6801218779559373	-0.5235281549006255	0.3648667318011811	-0.21602224062066605	-0.1178957842450406	0.06020665918082591	0.17468458724092142	-1.279489160641634	-0.22805022140200573	0.3251941630449062	0.33330038249155736	-0.3731886721386956	0.1836713331612103	0.047733787682425255	-0.25107090549449096
DTXSID8039241	-7.896774587593683	1.5270365876898535	0.09587661913464303	0.6728733375617529	-0.8114459310761165	1.0291956290844682	0.8629216547112704	-2.3839474155138207	0.4414505149630367	-0.3568203390834669	-0.3756694854136753	0.47820145785634005	2.6842806225058156	0.3832967507997812	0.17957292306380937	0.1336263464784916	-0.5108504288714676	1.0507139363948526	0.7256625032854284	0.5429867359910369	-0.24703350558790707	0.6536092390568013	-1.447228191729435	-0.5930644147805723	1.5004584879203418	-0.2239911006887139	-0.1384716856415021	1.2022219168326862	-0.6581878979398882	2.4431267338815523	1.9587922027367772	2.7650086603684674	1.3432866448002605	-1.7632828132513465	0.5190155173108664	-2.5590689766779895	0.7759203871015036	-2.9464843339504507	-4.098337140726686	-1.860334337275078	-1.8605785852757457	3.806778332753849	1.7574026403304497	-3.346051847991279	-1.7256542796433676	3.323356489671551	-3.940768921973449	-1.4845202227367367	1.8119940734507456	2.205051109275219	-1.3307406381054219	1.9321259474278774	0.15566231370702405	2.487361037460058	-1.173063263232629	1.4272478026234843	1.0760656283395478	-0.8757884699523192	-0.6743224850603351	-2.0692782692202645	-1.9691794625194292	-0.0981934065963464	0.2747383062936495	0.9485134211933588	-0.2083267483435089	0.5757141481639204	0.7086074891442902	-0.008359338334570443	-0.003186774358911625	-0.7564864712733366	-0.2665215828585509	0.0068053809680262865	0.19840727842722247	0.569755231814862	-0.6395878304460495	-0.22278663159231304	0.7657745190875598	-0.5872369782434493	-0.3231943940179576	-0.23935149002554715	-0.6570110292946613	-0.45654894002549345	0.20351804250848407	-0.4275576051485086	-0.5762063428596683	-0.20969267492160965	0.71177995792016	0.26717394583734055	0.735810077109058	0.7891262367349096	-0.002265768471186087	-0.5565450249230557	0.12277636929378828	-0.023396207762094823	0.307203489451988	-0.2599075216872138	-0.32229243156565246	0.12633620372280305	-0.005357125589952423	0.17323684907482026
DTXSID0022690	6.837478818511442	0.3102987968384503	1.062763386613956	-2.1837570531791966	-0.40916070540865196	2.382802341553273	1.9489195519477553	-0.10319915637089398	-1.5143833697382632	0.6435554003052499	-1.5001173563178696	-2.230318456517527	1.016199542050494	-0.027296019142142816	-1.3266945429674508	2.3809777528411065	-1.3030150397909706	-2.3754621914014358	-1.2776150321372524	-0.9880739461057737	-4.138180508404245	1.5274780648909168	0.0907912714063999	2.5216542829638695	0.35721855306804884	1.2463210567961995	-0.5393382939034688	2.5375323566668397	-2.2351679654871144	-0.20329406220546667	0.1635301570749676	2.6870912375251725	1.6053667411429826	0.546158401767459	-1.7833639025691996	0.6354475561421897	0.4256697142246677	0.26186481447822446	-0.6939207371851486	1.5313485202493762	-0.07194642058787859	-0.274032561638169	-0.5016472272653426	-0.004850484303963609	1.3435555100672791	1.481560177194973	1.2913855937739114	-1.732263941139402	-0.8242329656651235	-2.237852959072591	-1.5331615121784783	0.9855667774603051	1.5766857442670368	0.16730701924339056	-0.00603946614228855	-0.2784619393798835	0.6203786559965778	-0.015465169657655152	-1.1330660777730044	1.3740621501320036	-0.050431419310446264	1.6983145750627557	1.5794343289693684	0.891449774877243	1.511939066318508	-0.14645961384854084	-1.3635113787019422	-1.00102975516072	0.2849293045009625	0.5417907056746225	-0.8427941462847025	1.0691649468245181	0.5264753480862311	0.9247469519205767	0.668283248347997	0.37307688929318245	-1.0250415921582794	-0.788314466281335	1.045945783259014	0.008869601946904013	-0.39543552748620553	-0.5265898097996272	1.21882551159487	-0.9533721422086162	-0.5237297282466135	-0.34762495034468716	-0.6319615824634403	0.034159102186689556	0.12610004168969804	-0.38273468459201737	-0.6096092521158297	-0.32446724388940174	0.2868469928799499	0.3326835628356619	-0.1735243301260409	-0.23630625439425307	0.5668281350171134	-0.7676492188718517	-0.6324517325206546	0.4683908937234237
DTXSID7030698	132.0134689119567	-19.261177173263995	-16.897523553218544	130.80907840624982	17.31853704179322	-33.379766958715116	216.64396354556263	52.12099077188451	-65.43947622365525	231.31419193718978	-81.83325749134757	198.77538030222692	47.19942576494459	-17.962632509307426	44.06266880803818	-69.58679349658287	-73.68618994988566	76.08334880211684	131.232285761812	39.88323075143942	61.20665479378049	-17.889410499347417	-40.18803281674527	13.391467856425677	-45.08802652121171	-45.015929869433265	-50.92873674749603	10.262232203273774	3.7985512421922696	26.1985100015308	19.985709223336926	22.53235221109074	-15.768477589103725	18.00099950854329	5.5641134489805335	55.055976466356036	-9.764375394997778	38.14530830759738	-32.177574669187756	5.662616776958298	-1.4196683596987696	16.897976368810223	-11.67138080789668	-15.527003977056394	-7.284820447541453	3.131605602061987	-10.021192265376902	-13.972568106211279	5.04008827712036	10.61151057912843	-15.012223969593768	-39.56296868143321	-42.735262808163675	-15.920662314733272	-11.230540946353111	-23.441759156988862	47.541481552709435	12.411685000472268	-72.68231138034805	-24.479593666186048	49.16627943986615	-53.73658732734948	34.22158340340349	-11.092457915765243	-37.031802649999584	-132.64072747738902	-0.912550546890486	-79.54152076175397	-28.707376124302055	-3.39987254145457	-40.27855068980815	-70.17319893951932	-4.723695529105642	-27.66399330606713	3.098869523980414	28.053379129980097	-88.68081984460183	12.957611669849552	9.032143229178013	-71.2455304008597	94.15077171150035	-80.61193703262424	107.29520615294754	-145.46184379320198	-117.80542463641336	101.86675745346678	-45.26424760219953	-48.77205019237202	-19.225633021642782	-30.45954581558244	25.639891204454027	-82.34442964372136	32.61070784783714	-21.748182626374422	14.338099753794234	210.0293790142068	-13.163092316246189	1.0446088170549537	22.77090499447403	83.87656767018073
DTXSID7041461	-2.9542997816091017	0.06178606430845741	-5.285987509131072	-1.6213426539187354	-1.1090138751026741	-2.4675127482981205	-2.5277442485386223	-1.8044286900762672	-3.670632139596691	3.418416498986605	-1.7916301519730553	1.4147463351519145	-2.1513603769862604	0.48245896595160265	-3.937819632288055	-1.1008751466013433	-2.223459860456296	-2.815908195413068	-0.6053541116027827	2.5319713769071943	-2.258236157925264	-0.7579299293581641	1.7564474680276705	-1.961925005311136	-0.2493932802891599	1.63201088672117	-1.839759675764932	-1.697461650901891	0.17873422372267941	2.184002357269128	0.12065857461299595	2.20161069977056	-1.0560033557029123	0.7110874527267241	-0.7190222358997416	1.0951914493327224	-0.3269346516342354	1.5494566400212202	-0.12888785907161399	-0.0123672206504078	0.8354775412349352	0.6182315084386565	-0.6611730865161419	0.054426678387411824	-0.45019814334247704	1.2863650214404279	0.4561507607105748	0.13708453240116536	-0.25793490951113773	-1.210865045641159	-0.39700922629925034	-0.1723063270136046	-0.2942761207423756	1.4670577625531032	0.882797884678744	0.04250063120911622	0.9947365680454384	-1.646397953857072	0.18616883906906903	-1.172561384094316	-0.816457362240323	-0.6874004251883025	-0.8140426279319417	0.17594303127452046	0.5433449202447185	-0.2708604828949083	-0.0019376451392514437	1.469632397838858	0.696848202207202	-2.2230657720354268	1.3669976981270184	-0.4762249699774872	0.7021732777399713	-1.7996183781072808	-1.6870126309051925	-1.3654168158329087	-1.7625332728869487	0.051302000656330386	0.924380470674614	0.24684331455447064	0.7343619631990589	-0.6521839940562477	-0.42211014307133	1.4785539595825794	-0.9149039209493735	-0.18261261601704776	-1.380860829952582	0.4296363311249702	-0.16044121096310646	0.016020890774401265	1.1633964705668236	0.406996148637827	-1.1581657201419788	-0.3380370115112746	-0.14231515919149254	0.6912271307161745	0.45956963689339975	-0.20681023724909242	1.0037548612447866	-0.10178518822876657
DTXSID0023878	-4.806660662060393	-0.580178472924467	5.646567225253377	-2.0968948683161397	0.909589220270152	1.2571787379644408	-0.3831176450517678	-1.4083481371815205	-1.3330187278732653	1.0798798254047905	-2.8140935153817273	-0.023482650914236226	3.4566310769585726	-1.7962155742505315	-0.41612122816942704	-0.9758900946470269	-0.2804215349094926	-0.4982307967311413	-1.2880456495058765	1.722354811450164	0.2471930989544182	-0.7468178378938721	1.4950081559514485	-1.7792091853452383	0.3191077395818108	-0.2127739919084746	0.023728235507792926	0.116133485613925	-0.10386463329310848	-0.4963760023369374	0.615742885342286	-0.5738926344978502	-0.03166448425998781	0.29007700017478083	-0.2181558737948877	0.37839433734077854	0.5368669682056972	-0.45365749429635993	0.5444458764066525	-0.4952213743493102	0.14223017434987695	-0.04441225499163931	-0.15847013808556515	-0.6337232418786383	0.2838208188421411	-0.4271274492557149	-0.3824166399588694	0.14900007497606535	0.3775236736841121	0.3906759572249515	0.012332160316513834	0.6349262557681666	0.06465813796952943	-0.6435073003243024	0.17793469023719505	0.10976286432526512	0.1756503337071324	0.15964271929108162	-0.06318019396251114	-0.1767649354961122	-0.06310451146160741	0.025756601143837335	0.02019213681459058	0.5614560550204366	0.29662575238617367	-0.4296916314710765	0.28577227472377625	-0.25797725242070046	0.23835315564257192	0.2538544355762655	-0.05322016856229033	0.028702970970653535	0.4163980699561425	0.39938859521054865	-0.23642076319703254	0.3373166493793846	0.016996985415095523	-0.17631685394172023	0.20223142213482898	-0.2689258015025221	-0.2901170817957982	-0.1553373928647704	-0.07059838393158031	-0.03710592905502207	0.35227595435327064	0.08970708304806364	-0.3193120269371163	-0.17249089809296406	-0.2984199049152566	-0.5768994765055736	-0.16401300432416285	0.001640354378003632	0.3540134397611133	0.06571573834177427	-0.016606651452445532	0.24354005654801686	-0.0215416221840525	0.059353116686605346	0.03240756514662268	-0.05756313538157974
DTXSID2021943	-3.6043332707109133	4.995492936101283	-2.092775767714286	-0.6774386039534074	3.881107906612137	0.7099356731686098	0.48249170056322677	-2.1435783534419963	0.058926370407144456	-0.8328869962206435	-1.3266424249262077	1.5979643049906418	0.2582970809874408	-0.30523311112835305	-0.6833345447841259	1.3406692018215691	1.2089665751313485	1.8085492196121509	-0.41474540841977764	-0.48095777354368807	0.16780335259934928	0.0007979965327467366	-0.9149587489559879	-0.44218548488597276	1.0717892377266374	-0.1478267885685078	-0.17758398063528488	1.4653796727953887	-0.18257994303108827	0.1423734539556093	0.20530795500710025	-0.8451253664395658	0.3712950493528993	0.3471643297050882	0.4505674615077224	0.30448926113615427	0.1323778506816176	-0.19992898111197505	-0.8304493452090512	1.5845567461849692	0.3863859169743609	0.44790624446731114	-0.5497612301419408	0.18943059091662764	-0.3815381973586996	-0.6884470938963254	0.5615947754578519	-0.4721033995479938	-1.43404045220964	-1.9839018645550726	-0.5973205585321975	0.7069960451653526	0.20853784526668212	-0.03236287776597758	-0.6154407093340798	0.24596944133890597	0.46632236933908044	-0.4601244252483505	-1.2283285132413668	0.4491127620112455	-0.06926251411664207	1.161236212008143	0.9857776440973403	-0.14587587299168617	0.005313089177289124	-0.5407188366170026	-1.100247347052249	0.644161567819799	0.07716965767589803	-0.7355336157115715	0.3399636812002339	-0.25944444156905966	0.19497532650692426	-0.35239176243463366	0.5976070170465753	0.22804423456968015	-0.1129142162783826	0.226337143428699	0.6413030846471252	0.029732714955029185	0.13079099195967517	0.5122154118839857	-0.054313965189243765	-0.21571237722958256	0.681169372889553	-0.35004117090249315	-0.15852731245789134	-0.019019836949313428	0.004250136703544872	-0.16646560405563848	0.08548315769508232	-0.17888512120023084	-0.1424618630853414	-0.3261308884712811	-0.22527119424803926	0.25076526891727874	0.2994152093487919	0.20193796197261718	0.028820212323254192	-0.15791789627242359
DTXSID6044565	-1.3156752019736087	-0.1875532589550161	-4.046580478562208	1.4862586668456303	6.047397417666732	1.899605822596436	-0.8455890692443733	4.051490063809724	1.0123475957561079	0.7643849397642657	2.4542497045981806	2.269505155085171	-1.6779262700739819	1.6822592879847698	-1.1390718570872855	1.2015630018048875	0.43628085725834465	-1.2686442654616374	-0.7110929428852842	-0.25599668149956273	-1.0741002792352887	0.8336172770195782	1.5064921118624142	-0.17392642282853069	0.2671686280719812	-0.6111186296437848	0.5579914644883608	-0.3046583801719783	-0.6730257492735054	0.7416074866532671	1.2831973784224198	-0.5465362103672694	1.1667030079872092	2.4924889084030313	0.09666452084066995	0.03644839078395856	0.3066489576207756	0.6247574103452175	-0.33523870731938554	-0.3464875104953488	0.21692035326050968	0.438239773675336	0.27196503360309	-1.3295516484724001	0.6503292571945857	-0.19376802680082755	-1.6838399384563076	1.190160780072444	0.16249305056287167	-0.8692960678947074	-0.20706515208235005	-0.6877275181170653	0.13896627218614815	-2.051430021724493	-0.5986450341367403	1.1839659716726696	0.6305767561045059	0.4291626609217031	0.7783492239744273	-0.6573457766013904	0.7397537782807297	-0.4559149680311177	-0.07189231915056625	-1.1729108670460802	0.7828294841694413	0.3798119521090445	1.9774569794463979	0.8305775428455864	-2.034868791651798	1.2374725881196131	-1.6127372461416423	0.06949591251509378	-0.8681798940437238	0.20120423496909098	0.8408817638056095	0.7313207723183149	-1.4267823703057627	0.49524832720887974	0.7847399212833924	-0.6503838680201492	-1.7259967945756565	-0.9720270408043366	-0.3383281189661446	-0.3141312959155198	-0.3794906080249533	-1.7265508720536331	-1.1331264978184883	1.58615233008469	-0.1336608153376116	-0.6954928733821273	-0.7213369181534692	0.17156585098570662	-0.6629246388934408	-0.41497529842866177	-1.659369725687812	-0.29654947420031524	-0.6281209901510811	-0.9298788332042163	-0.6868596353453195	1.7070599875172094
DTXSID5049312	-2.3453670372360427	-1.5000203527411966	4.639626357964048	-3.794660224657364	0.9661817971488735	0.4127256212645623	-1.7726427433526983	-1.0760191408688402	-2.5278989472105766	2.479565397867185	-3.350882359793701	-0.8937004560246716	2.8100061989909113	-1.4115508145661682	-0.33205850682279553	-1.8921971310116381	-0.3212258676948062	-0.3703337620261131	-1.5628603959493994	1.5219594245763401	0.5256611549186825	-1.1632300081662217	1.0731168258687374	-1.162560349407117	0.08587125988339452	-0.12162357719930021	0.02203478539302573	0.04292391573458054	-0.00811443267082781	-0.22537525835551384	0.6365268573678362	-0.7499640154209906	0.260208734972366	-0.38885607577450204	-0.13660704928113132	0.10276565954820953	0.25756723891172795	-1.0066883919913683	0.7972013607436207	-0.02964495198071513	0.08446740289441326	-0.24410234498655112	0.06415874594768371	-0.24408727536876718	0.10637147533942687	-0.5675818573397278	-0.21249611218972564	-0.6548144636617156	0.4020998439747151	0.3550576829979403	0.5074826240564436	0.6890601692314864	0.4089458345190737	-0.2238192960708348	0.9158729630679118	0.022423864457089316	0.14694261509977355	-0.23235203847426067	0.2697456932120951	0.2779182090108253	-0.45764254541747473	0.06349974369830483	0.016872056808677805	0.6242675848517069	1.361476231090974	-1.0320553438248987	-0.6476325428522979	-0.7392649952863984	1.1811263204637379	-0.10621086779063187	-0.9076839076724158	0.38116093183185484	0.22482679839979625	0.07289672357331674	-0.674651166546315	-0.07076322020976741	-0.650031304295512	-0.2509150920855402	0.4483132073927063	-0.2447021920559815	-0.3023229631963902	-0.05793296384228899	-0.0906232577232442	-0.6528627501144302	0.6302271084894115	-0.14916302024312514	-0.28233037439608644	-0.3448443807235509	-0.34051518782834456	-0.4868405156153925	-0.3728527888352032	0.033180627114298505	-0.003020372246807319	-0.17948115775179754	-0.19571127245265907	-0.12310914062583916	-0.23631520245679186	0.014103950968135513	-0.17716140770147812	-0.09418917711239187
DTXSID2024878	-5.671446102344549	4.140956117877835	-1.4141368652373612	1.250441455214227	-1.2776373899354527	-2.1397108516376493	-0.2538003687254453	-0.16142310181186206	-0.19892072605657926	-0.877712704545294	-0.9281968153262016	2.1230358663416697	-0.51233162595985	0.9179210084708657	2.5135154769427013	1.5839257266128812	-1.6570392498123758	-0.6569584966048175	-0.8452852212002518	-1.703216393453616	0.3616796205244431	1.2882178116359522	2.060691346316439	-2.456110101703812	-0.361199798796468	-0.5693122040152601	-0.5804949506503578	0.8844431250580987	-0.13714193852710488	-0.5739904489878854	-0.37231097522799245	0.20806373653432472	-0.33814666340501537	0.8722865648926723	0.3344366687333981	0.7569844247371712	-1.0540051242609338	0.5411757570828971	-0.5680481893378887	-1.0996404056316793	0.1089952468624317	-0.13321651672688145	0.330443114936269	-1.288182332989134	0.7807404952940563	0.4977728660600327	-0.3642115222936539	-0.2160764894621036	-0.3281614609756648	-0.13749347731536227	0.9698354802132862	-1.0906847860164834	-0.6744626794617186	0.3501719708973785	-1.0456712235936685	-0.2115353015450825	0.1566299774955036	-0.5932583564041854	0.2259843891157862	0.5561384274835612	-0.7718648478924315	0.5089359056850796	-0.7416000530061385	0.43389206259447516	-0.32885558456632197	0.16095284528598844	-0.2611855847715007	-0.3883793939422528	0.015448773227057278	1.546448161122724	-0.05146300091549893	0.3933580530477495	0.4295899894074046	-0.11163500884146556	0.1857600107041633	-0.057228591612828755	-0.28410639368920015	-0.02918713321492497	-0.21555629071659957	0.3665615695106475	0.5268467971288753	-0.8135894733582154	0.9654789823333297	-0.09593844744143562	0.42726313850843034	-0.5014844798905634	-0.4513210950372603	-0.042750702642498264	-0.5806603095641695	-0.2671450476341802	-0.4007401787320383	0.5812247102081393	-0.30574995057110615	0.5003782774216409	0.34384766853312315	0.5158557118980217	0.1922532115024061	-0.6289413773597674	-0.4155475083941461	-0.083392150993979
DTXSID0047246	8.308912636923267	-1.947152547883615	-2.0117000666992797	1.5991816053210128	0.738055844950326	0.19444963171731378	2.0974915320924996	1.0358787387082156	-1.9391185014545438	-0.6567183797562849	-1.2585508179983362	-2.582931176543676	-3.9326153041225362	-1.0497724589589272	2.9115919044040486	1.4430633814556042	-7.494011999705747	0.6838035884148826	-4.044037488099606	-2.531858240879192	-0.60929203454403	-0.2815396779902133	-0.7277694452646353	-3.1174179838897453	2.8807192206237735	4.796329132894209	-0.23072036258820705	-1.7792401549136803	3.5759500913964457	1.1853616879423718	-1.3605514545314068	-2.4747116135331915	-0.012846059307272808	-1.7729700921422957	2.343487528094362	-1.7059918055663812	1.8027497114084052	-0.48080067482480254	0.24505487566020737	-0.9129941379854523	0.8845496544671746	-1.4799744923677614	1.420648153477484	-1.4855528267460163	1.191480994233254	-3.0636198494848657	-0.9946670834105331	-0.9651402488976726	0.2701295520704265	-0.40195166724393633	-2.6843074610151643	1.050476727687814	1.3513123148399777	0.23003617116175465	1.1615612546516747	-1.7897062322378892	-0.27102749880690225	0.9700869534539733	-0.6445977383417917	-1.8926397328312827	0.5409314482861084	-0.1415006276751393	0.002593086593550811	0.7424610737661572	-0.82110747077971	-0.9318204863630586	0.763002916277906	1.0898643622291426	-0.19872355182969872	2.0494899480508337	-0.31463423247328737	-0.6142325193807678	0.48038203728423207	-1.1367288502356705	-0.7637201211852974	1.9048887588349002	-0.362565655856797	0.7683695625425268	-0.22479286738980256	1.78159103674713	-0.15285769496068818	-0.4203653708723991	-0.24862856355879215	0.7013490289754462	0.10519690501500861	-0.4668013267801705	-0.14357928316765445	-0.17203737721537143	0.4197955470153901	0.050944467744660916	-0.42419559034756454	-0.22993519122326658	0.19713700830246175	-0.3595375016413164	0.7533150417950303	-0.2546317303394402	-0.5133160011742379	-0.11647324924281063	0.40343491978437046	0.9658464835367068
DTXSID7046966	12.952020337669179	-1.3854780915260239	-5.641070402728927	1.9487118065804412	7.254450829179039	2.552506527001048	2.235202034205859	8.372224569625889	-3.6907683075684146	-1.467413479966278	-4.0771531114529544	-0.6879058169935266	-4.248070325743294	-0.4643362777897459	3.0495164270368837	8.174076291967937	-5.984670498320472	-2.595098519923648	-1.0921257565719977	-1.23457657811984	-3.9152068011692815	1.9463204941709424	1.5896175893805211	-2.308531673173051	0.8020706087600158	0.6411792111834334	-2.705386504796978	1.507887088792144	-2.973559295152297	-0.3680856118060014	-1.1442514682439748	3.5463103598680483	2.201334322676851	-0.15434995202184365	-1.7778971432660131	2.111404903392126	-0.0792480147381556	-0.8064286876860983	1.2591394283357489	1.1551898086337506	-1.748160263003152	-1.6643075030320627	-0.5712108588736018	-0.39124523761336155	1.3871947333512364	-0.5537248147373184	1.7385349485511175	-1.093946927671032	-0.27052780536321064	-0.21381308811907923	-0.16865570473906613	2.125991316550709	1.7218842741662432	0.7514267777015033	0.7464629078275756	-1.419934197111409	1.4670366958251795	0.2984534918042194	1.0354608061738129	-1.3566969463880874	-4.053922924199645	2.473665644660499	-2.1152054428274685	-4.827038792397195	-1.4400409479723604	-0.0037572015394383394	3.68418433284421	1.1502736546518755	3.2925727644245963	5.245329270258226	0.3705220583700058	4.078389509570863	-0.04638329772436279	0.8883281375142887	0.5625792528527843	0.14924647743203578	-1.8961199138605205	-1.2828872017955577	-0.35789004612644354	0.562004917399486	2.9199218555126696	-1.2582512109983206	-3.5307946390854488	0.8595063698170492	-2.755739160753619	-1.27328919433033	-1.3542574975952832	2.845303217171242	2.5924758403964825	-2.03806832770137	0.1746101380150833	-3.1081247554712568	0.43926523979841053	-1.3976984285135876	-0.5888245153305136	-0.8802878345612439	-0.17414311473608124	-0.19034458470919163	-1.1272244220871563	2.5904221276351524
DTXSID4052558	2.2780911025394857	-2.2773629587224002	3.735203655085794	10.698810092180768	0.09780111681617278	-3.3142005700541284	0.6006137432174375	-3.1333045163160946	-2.6385242058833853	-0.3901858923319288	1.018765588173112	-0.876849911574553	-1.8272314567075087	-1.065870958151136	-1.5679163948370218	1.2110240853145424	1.1281859661680214	-0.18223374889925356	-3.712114254105265	-0.07692962216106329	-0.8224342596674679	-1.4431687861171987	-0.7962050118127537	-0.8169689236022701	1.9848508066722013	0.8203343207180764	1.8267940965550105	0.6605604702972029	-0.6793016476810647	-1.36394421290143	-1.2518143270048068	1.6115460401613717	0.46332674234006443	0.3758092606453261	-0.431903106800698	-0.792567693899684	-0.9065602460273176	0.23521501755908653	-0.038119366066454705	1.141282232535563	-1.1929571950277646	0.8029495300028139	1.5694269236186065	-1.5970901107366602	-0.07534154157478239	-0.16212705613724734	0.4876428932290582	0.46613954039187383	-0.2371193837511295	-0.9544270979240096	0.36745329955650324	0.5443847339876582	0.5175542500966036	0.5947689528575817	-0.09094723067526249	-0.005799016537683676	1.6318931841229076	0.5579160648926534	1.2098409778582124	0.14240706701269865	0.9841262116762879	0.7051536403047796	-0.1786953848767989	0.28908209996843387	-0.29952125461291285	-0.729032096066049	-0.3759333788416919	-0.6605896744891918	0.41432435062570927	0.04412265283790828	1.5736563013406586	0.21998709452270254	-0.8093724289092633	-0.5102983219729071	0.4499824166092078	-1.8511086356048445	-1.0243984446600036	-0.2654318187608997	-1.6189405930987553	0.9171487950960712	-0.05033343394656245	0.20924414464827074	-0.4339891807860407	0.1811807352975795	0.06362530531576582	0.7195830541765287	1.5695238690653734	-0.6751830244864306	-0.585960688854516	0.014521654836609124	-0.8743713740570804	0.7053685115071269	0.5146274762522031	0.006449983044023692	0.07120762085497415	1.010341593162419	-0.8892944884570637	-0.4508819076870604	0.12767021809968743	-0.8203865388798682
DTXSID7049211	-0.6350754934185788	-1.6229514551088238	1.3491174836830075	1.8908701820044105	-1.4739212039492633	1.5474678749837236	0.05828246562629483	-2.1707179873082194	6.577633194807311	2.2463726663228663	-4.37499866210602	-3.913313384310298	1.2122108292219838	-0.6242884558344438	1.2190446345969521	1.207452395816414	1.0747125611521606	1.939118962147729	-1.816679893976473	1.351968031246095	0.17749712956126562	0.0649707333183271	0.09830568230879225	0.08473895031176906	0.21008805545647427	1.3801361579946738	-0.30035200040007237	1.9844058299889944	0.32795884870141356	1.1739654810541351	0.22973750956708142	0.4466010917562048	-0.3164045434450211	1.1102796961590928	0.44279207442192114	0.42445849754191894	0.8768991942453023	-0.28586478786814223	0.22318390336724048	-0.17375431594287	0.09869161346775586	0.820958605200477	-0.3234037787468266	-0.5785895164128304	-0.04573104717066048	0.5866455494557544	1.563244487128701	0.43480646405604084	-0.9915485178778642	-0.19653787516036214	0.287193104764379	0.93125015479063	0.28576713673641463	-0.7421649078574827	-0.7034172187634796	0.3426910165704301	0.2647149730785113	0.9777134116736279	0.6638836573136996	-0.16779128697226464	0.9631764633257421	-0.14866468341316896	-0.857190223185047	0.565112840307455	-0.8618334638623456	-0.3620696313413505	-0.10003284159593205	0.43047890217862	0.5981274711934695	-0.9406070738406296	0.29947313239710227	0.35804468401845735	-0.29684240647911614	-0.21040245470665142	-1.0653839619423582	-0.02262481294885229	0.09483375605219041	-0.654721470331147	-0.12094620078555657	0.09259142111586782	0.6185318461851	-0.03208354291226304	-0.13460427134492542	-0.6889389365504074	-0.8132600373461918	-0.7309444311583572	0.25863497826462045	-0.2484173327357521	0.17042162841138012	-0.2647996787868159	-0.1555065391416219	0.47034801337571774	-0.30816122174835375	-0.48080756773722116	-0.34265933736133936	0.5404439760328561	0.035181910940838106	0.08390497463413238	-0.16167664904321252	0.10107569535797631
DTXSID7026526	-4.557676996417044	-0.5982085348347717	-1.0057652822208492	2.6843805047090172	-1.4523372844139324	1.1332539794886554	-1.329330884347682	1.5008545492571093	1.6134802730150752	-0.31988134282950176	-0.979776544455241	1.275351547763749	-1.0064917113501648	-0.06886917092435195	-0.6157382405792303	-0.7582445818959768	-2.261591219952531	0.32622296768373193	0.5625032294086946	0.2629353262275907	-0.7168832237082279	0.8297374645492086	-0.05586469710028545	-0.3884205094357447	0.33476168658817396	-0.6277910323033187	-0.05978973263258214	-0.5594766814161807	0.6506348081456161	0.2687452932399625	0.08932605473863546	-0.22647679657981784	0.3979935888832253	-0.604589703767871	-0.14271901443681012	-0.17685615842711325	0.7639253498798361	0.5893665457320816	-0.41320563978249797	0.3435352197901339	0.0085339067168181	-0.5967637257096705	0.17411901626759424	0.6090167109711306	0.23032652950948926	0.052896066368644634	-0.21380994679444584	-0.21067192689185552	1.219235896404611	-0.18983812481505424	-0.8087126772425158	-0.5587217317098605	1.7161175052956972	-0.00746198798970726	0.24172161785802482	-0.16719600768746543	-0.13651647548491033	0.6320426198675871	-0.4651301617692708	0.6950145341353238	-0.20068800334725403	0.940727682871056	0.016048686910122973	-0.24325571761394402	-0.6835356344745365	-1.5511129918721949	0.5088435158079553	1.1713772894957852	0.12174521947275098	1.070505337518453	-0.09602340411365962	-0.15040744555963195	0.02447950168799691	0.04664263214584632	-0.7223123685905422	0.6892280165518175	0.7988562896498828	-0.06681760610840874	0.5264683954640283	0.12976830152865598	0.3974057614685533	-0.24670205990861532	-0.9499350141485742	0.19989385417865674	-0.13217625422813623	-0.5135563502255536	0.42327891788302385	0.6003726379639979	-0.7880849751610324	0.9054949584504329	-0.16718325013271854	-0.3506841412204981	0.21404565864462602	0.5179699151885001	0.891001572675751	-0.10792070552671887	-1.1382546780341123	0.6260905124754311	-0.7810697360717884	0.4460869703813968
DTXSID0022725	9.930120470179778	-8.688805130294302	5.069777366148531	-3.1972057975893233	-1.3908368400027216	-4.833195774622069	4.041539452869532	3.9322044702235286	1.2354637750716855	-8.552806221444472	-3.2705293331545318	-2.3399948355751543	3.5565820748249997	0.9393805164270013	1.8401896965064997	-0.45463835044835477	1.30493710336498	4.469883189212859	3.6683295211658087	1.8255777649092562	-5.4066011704502595	-6.142192171075168	6.8448136123813015	2.1945892142659833	6.242837708248249	-0.7063880129928053	-3.1597990459889282	2.456618482537379	1.8237042714539835	0.5155462725316154	-1.6479703040242306	2.0048289474084577	-1.121202374252431	7.843776992976958	3.939578699130581	-1.118960200205199	2.8842969704310644	6.0113099574387325	-2.602171134277666	-6.396561900727481	-5.393813115754363	2.895678135053889	6.905516277069498	8.620277293534086	-4.1594905155729185	-4.015368253640016	-3.158271468291466	0.760529424414573	3.0461156829970295	-2.8881844518719584	1.0455615639542264	0.4462343837355501	-2.7773126073696117	-0.2315137179273005	1.2521701854820753	-3.012031755042027	1.3728542584836958	-2.771140390959822	3.1757280056704595	0.7745665090034031	0.21731284468789547	2.325018825466186	1.8387209625445307	-2.0513927390556845	-0.020963213863579615	1.6480451811209045	-0.6436035063660617	2.141555766699293	-2.477097879985292	2.9135158587335925	-4.503006013490009	-0.5014605040725129	-3.3109858706790543	-2.564980843033614	2.007177103423561	0.9324475337808034	-1.4981184821055584	0.6873729782289439	0.7462162818153629	1.082485463630734	0.4962975653874811	0.45103124142949225	-1.0360891825962335	0.46983371305693306	-1.3535163624193056	0.9952858522037515	0.016058126890969113	-0.07490144175319322	-0.29356151762396177	1.4819741396061437	-0.007319868260616597	0.5907461897204972	0.018840664926694457	-1.6864818312009577	1.008097215270705	-0.02561587404193543	2.2136985858163674	-0.756647268545938	-0.41089849349124635	-0.5896923349412502
DTXSID7047857	21.048827624606314	0.44086831637980445	-2.5352715292912196	10.221267151675606	-1.3606707819686632	-1.1092533017818742	1.7527892831584762	0.5418815610051094	-2.009643002219398	-1.2291962257675806	-4.218760036148274	-0.8277919813176171	4.583290460600014	0.11704081515292314	-2.9778341413335965	2.1791880965628345	1.9849564838255067	-1.6858487139401654	-5.481146188597022	-4.796074691355462	-3.1353696688067028	0.6801925327203808	0.48756934636189314	2.3688872850896785	0.6540368422741571	0.5490952375426555	-2.08899714581993	-2.0680647584462313	-2.1545623942105148	-1.2758744743868171	0.28687246035273906	1.558538921820107	0.5837097378461272	-0.7669982302208501	-0.6214958140155155	-2.0477273981897057	1.3139274997456905	-0.404039253258813	0.10987518637981504	1.24303045132518	0.04305185545365122	-0.46079628813126183	-0.005780847932058925	-0.6834713722887583	0.9091660933051533	1.4199057072265469	0.32746904416459144	0.37663689636794295	-1.2119183036359227	-2.648590139529395	-1.010170120938011	1.1310473210082737	1.3388024583240108	2.6670357686672657	-1.7651797274646226	-1.4630736857181141	0.5850224429947857	2.1901575109239584	1.4432169243330901	0.7706416757861573	-2.7234506065714754	2.5626590966247615	-0.44756285982835087	-2.725114993834007	-0.5605045777088686	0.5470883317223166	-1.2649408256919015	0.3621039082236949	2.973185607575668	2.1612759035413203	1.3019421137084977	1.5121337901046983	-0.857540452275576	-1.2337648092775353	0.35231841777192274	-1.3746347004348134	1.9795846878201209	-0.6264715042652742	-0.6788785802374584	0.7502199561490132	0.4703129434971177	0.4233469557496361	-0.5429467850948522	0.0050121530894630395	0.8222704799820962	0.4123826005987791	-1.114672119478265	0.49798419530135246	0.34357103418030155	-0.5639430633611837	-0.5194747279180153	-1.10895724357664	0.35279442595401056	0.2665036085374302	-0.45590696696954963	-0.0110128371219662	0.7789708715611433	-1.0040036260743241	-0.21306629279542286	0.5793493909082844
DTXSID6046341	1.7629023275821591	-3.182911699904039	-5.08703936679333	1.0866059377646229	-1.6715821182528956	-2.781129020881814	1.166951567629426	8.361398452734555	0.34194320647697257	-3.882424726944036	0.22138823091179152	1.474076994468882	-0.43664165571606595	1.9915403840753652	3.134497512445614	3.4691491325697146	-5.040024000737934	-1.5494843269423668	-3.069848346406621	-1.3219707026619325	5.907226041876034	-0.10567677191359777	0.46144915210880144	1.3906395256816497	2.302459078377991	0.3844088637667925	-0.7341477358653081	0.9607358080116685	-1.0648226228002167	0.8139034155951007	-1.6670549952770737	-0.4018952975367964	0.9853451015191096	0.508324128174282	-0.5350023627197962	0.8439051610843894	0.3077828308422081	-1.270315572303072	2.286606112186529	-0.7234052907124597	-1.0142604871230312	0.8321972973381613	1.0087109033327115	-0.5186975108170836	-0.9188896942727264	-0.6751430856979727	1.394023193180296	-0.5347809970410564	-0.4541456219058939	0.5082109018380102	1.3756455460289132	0.46494686447623473	-0.2922422446917691	0.9754330431682993	-1.7308958693994985	-0.26328127918102207	-0.4822657022145348	-0.5543820113495096	2.2594060929312563	1.3813598595436443	-0.22168922159487403	0.13672834308447399	0.6787479097860566	-0.536156587318445	-1.3504505028617813	-0.5809695405537645	-0.0033396566106702863	-0.3448024923442542	-1.2542271760083246	-0.9030375014397978	-1.2477716835706638	-0.5130605228503035	-1.486534041356865	2.2793323590015793	0.4391781988237436	-1.7995866330012895	-0.6406514505707473	-1.7338902642231389	-0.41066172914362287	-2.69333043261053	0.7279937363902689	-2.461016376123375	-2.00906179851519	2.100652035844184	2.7344898691255213	-2.007360470911152	1.0118640574849387	2.7562110829672024	-0.36174352141213795	-0.030050079051374034	0.7465206794996302	-0.042313869804677745	-0.07247018698847811	-0.44403529122767316	-1.6895767027275181	1.212132681690992	0.1394701030564054	2.3418146539758093	-1.3405738401433704	1.4817989928615427
DTXSID4023252	6.90991846696146	-1.7465522082678395	0.261089629828948	-1.052137172394027	3.079286600478853	2.9192342000292277	3.2733170823251534	-0.5898003444073892	-0.7499023470290723	0.5404850213415362	0.09750086383230168	-0.3635524008279641	3.2221340802857417	0.4483774672901564	0.3318183247115368	3.5313599936640037	0.7386335512699156	-5.164125673035927	-1.0191700004621067	-1.7074048441671155	-3.6381603958120285	2.898755237022347	3.0564143874052996	4.108597875890474	0.15285430125945793	-0.7398652711759015	2.6332354662766067	-1.9264054108052955	0.2869433406131724	-0.3134937090918281	-2.30885323237641	4.411456144181979	-1.2138006847577056	-0.04506439721808045	-3.5248880505420153	-0.4171824651422724	2.9692318793239325	0.375822878672034	2.1903210693248605	-1.2368839618640208	-0.03989129771182381	0.7760470066503842	0.23709001344378883	0.444522377016792	3.1791397233979826	2.2352824736630015	1.2591258863676853	0.41786504871806013	1.3295959076325243	-1.452327035196487	-0.949339542545548	0.36389169431318025	0.672636355290201	4.478626402385528	-1.3918569921931478	1.219750152701853	0.14774281816466228	-0.32692187602393613	-2.2753253408211624	1.1257009237082747	1.8025597304873278	-1.9881718229270122	1.1139384552711395	2.767889710990471	-2.2773865180278774	1.4897600174306542	-0.014391858948705363	-0.5686909512478239	1.2669156400628168	1.9441162340626752	-0.2444180692013056	1.7920726387668868	0.19944994391476498	0.013507478905223544	-2.5684708027557037	-0.09306557330895229	-0.24870341590401523	-2.0477603127173025	2.12732111312143	0.7773149686237125	-0.16145042967606574	0.324355714476168	0.8240582673234259	-0.8201802645699723	-0.5048016935019793	1.1584061780024542	-0.9265671431561843	0.8969449736287648	-0.3092671485709645	0.20925741613313953	-0.012881464402488869	-0.7026883447708724	-0.486047029623164	-0.32902193489882336	1.228114422677145	0.5378129107757039	0.23576987799690366	0.10610367977639854	-1.357564990537641	-0.045368377590995546
DTXSID8042181	-4.651735480932179	0.37286563900523717	-1.5463256802384975	0.35318359457428505	-2.0775821219297885	1.7876862971340926	0.20353824760127778	-0.16196232135626346	-0.6859207956268575	-0.19575863974658264	0.287504242433095	-0.5958528953442512	0.7479171554860735	0.3436765954561545	0.13604422657276977	-0.8637896451508837	-0.33028548416482895	1.348709484298001	0.4534536044381309	-0.7403825589067509	0.3637437642111381	-0.17727070963891345	-0.7548020326885407	0.434804040699685	-0.5690736387079779	0.20688715159613644	0.9353025292600775	0.6264286697150565	-0.29447667636265296	0.2592054246194707	0.019202308618090268	-0.44050160220290857	0.23768401884474363	0.04555129755084918	-0.5785142331512879	-0.0024068837476164807	-0.2245633933158305	0.4773386361571068	0.06396711447404947	0.39844106151892716	0.04109137562170526	-0.3712540043167367	-0.7837435835129537	0.5779870179353359	0.3329262643567664	0.09560486078178519	0.2546911812073957	-0.9847077520923233	0.9832305091225081	0.0835511353885472	-0.3031094046050963	0.10181028062678019	-0.5532010548798707	1.267745845274659	-0.5085119026150591	-0.33492047260516	-0.7495832661253544	-0.2089520359296159	0.2589125638063826	-0.424125026604777	0.2996726861402937	-0.40037159428859764	-0.00561543062547878	-0.14283758757095275	0.1329935883980448	-0.08685770493622291	0.14685460408974121	-0.46722710873858686	0.719958644500876	0.15863617671766567	0.37130563410658035	0.01001840558015198	-0.03081354548489536	0.12567196660032098	0.40718905162747543	0.032548936118004676	0.27970817238311224	0.2258491311024681	-0.3569726420603699	0.0295553805486965	0.1694306704377168	-0.21544353796731333	-0.38746479273785095	-0.2274605899750971	0.10326917004891101	-0.10519080384977708	0.017816465855492934	-0.44069451907285184	0.06723100916395632	0.14641251297483213	0.11439471775197281	0.26898858279328536	-0.2510105029688562	0.20425176167964607	-0.10351785601770817	0.20888163878713603	0.009462255326991896	0.17644550346893298	-0.10886681566840926	-0.004818856305374961
DTXSID4044408	-5.074650332146064	2.5774574792494533	-3.7496271563400545	1.1206725989511663	0.1323764692953519	1.6887263947355982	3.8165763897581813	2.7138709207334677	0.29990684031065684	1.1842816451035338	0.9782382435733762	0.652531422327418	0.35911252738314087	1.6101610616348971	-0.6954515423169287	0.6964538856524598	-1.290110762946471	-4.004815264538775	1.1532502283247459	-0.32931318104421975	-3.0143748901964686	0.90044295485312	2.8351651788613594	-0.8165976818636523	-0.1839888609558571	3.205808972584585	2.6369331804092497	-1.7892339672484234	-2.0568131404591163	1.4337559658440449	3.036288962228038	-0.12015293233417369	-0.5844424128225653	2.805909908391464	3.8738169210956976	0.47402847930838926	-0.7760423050614216	2.018399417067747	-0.8864911716969758	2.7873924281263043	-3.0369497914941324	-2.238008729908534	-0.3829605251629717	-1.8635309107455198	-4.339080192320593	-0.5242328279741155	-0.46987762844335906	2.0947691962336115	-0.6244809590763024	4.163153299626617	1.157401717375317	0.4608207369353258	1.9276761781868526	2.3137555290428486	-1.0708097547763433	0.5913348797084835	-0.4234429973869342	-0.5068224040341227	-1.3455478534081329	2.5423406152557444	0.679371587448362	-1.167519437018114	-0.12060368535542271	-2.051863062247989	0.021116885956307507	-1.214522961541174	-0.0775910094465515	0.3405923737163232	1.165598441571245	0.5464395243823884	1.308224347805923	-1.2501326883997632	-0.3816697562894047	-0.4261182717170317	1.3844598478036547	0.6988483095440492	-0.1822197256044824	-1.3445082783389393	0.11189596022650523	0.32422141828151335	0.2198040691342016	0.17350903861887723	-0.08509788078928977	0.5083238410570723	0.1144323855261598	-0.37299608256408645	-0.10284062434541427	0.8296081663567726	-0.55859409366558	0.6039986976198063	0.4361788661187378	0.23855177896893678	-0.353520950155434	-0.5099212823543425	-0.691023043814776	-0.25110243457370574	-1.0338263622737336	-0.4429960148098646	-1.3907689110487875	0.7538386827013714
DTXSID8044549	-5.642861879569472	-0.9852894252229555	-5.844014975855478	3.021140777242877	1.2932792428529505	-3.2684060507002997	-4.517907725859332	-0.3453208702273533	0.16725034842612987	-0.13294941051603176	1.38587235011158	2.5041947786942007	2.436092346497965	-0.5975829862269524	7.17920540737973	3.968227475889671	-5.323905181888473	-2.6817693298501637	0.09528972546485322	-0.735414411796371	-0.39638949549616537	3.0718038445993776	1.9854742728758235	-3.639083321420997	1.0870303929800846	-4.609632209680298	2.054225015397861	2.505523101737067	2.164192320381579	-2.9885216882615677	-0.7384283461873529	0.5814587632415026	-3.2705074386567987	-0.6518943964547917	2.9987607420737072	3.019792142866571	-2.948925927196537	-1.0109718853821286	-1.7173196018475279	-2.7885998265797896	0.6554359603883396	-0.16448788971431136	0.24509616839875648	0.5701567842036319	0.8623776919589884	-0.026507325149882525	2.495802344455631	-1.2615478526789747	-1.796847826670123	1.3765649678846066	0.776663883074392	-0.5463827107749959	-1.304675341889915	0.805230599815019	-2.5876989687410377	0.701329634768545	0.5376008696973856	-1.2386310989672262	-1.3626737257518486	-0.4500946555918805	0.13109803743212511	1.7001100517953536	-1.8839685919282065	-0.5734931114420055	0.9938853682520519	0.028818808524553267	-0.8291622570006555	-2.7886111909724627	-0.8058845982081938	1.7524221691040556	-0.36857184540546967	-0.09575652078246534	0.3191015242783789	0.3304895652803421	-0.32706653196845625	-0.5729300995958673	3.1760239004167636	-2.6506627971361465	0.7694292583553447	1.9175155674309903	-1.8888598427955015	-2.512971827092492	-1.841917225572276	-1.9811942734067938	0.3959824606210301	2.2685565006189514	-3.0028250102741874	0.47919660405242365	1.4242266332306557	-0.4807193537287791	-0.8073974980499774	0.7231304943811898	-0.03016988872101643	-0.23291711276528718	0.7199991312822835	0.94889237720894	0.6432724752333601	-1.1781785405482426	0.793230055087147	-0.30828059552814235
DTXSID8045515	7.0486210063779495	-3.729516634345622	-3.868794315118443	2.3959545519086682	1.5513509244137695	1.9316606416905757	1.237442843013179	1.04800764876713	-0.5418689621162782	-1.68339154728903	2.097637755244863	0.2762970742012167	0.933731434864233	-0.49638242326032284	0.25751619912145685	0.7146585995059396	2.677860071065485	-0.9177797722049796	-0.7695884882610524	-2.050822532890147	0.23231777122902172	-0.9846774316607723	-1.2574277526630289	2.132065404393941	-0.01989575680864834	0.022337751673027567	-1.0910835696855394	-0.22275999928397894	0.08760277009711255	-0.1876603734119137	0.357505824987123	-0.12513079466521324	-0.896785022289176	1.2795413733710115	1.250616149471953	0.7690972385502414	-0.3360566793833553	-1.5425509294387518	0.49940750592298927	-0.9150571149574869	1.105820056511227	0.2069261730494374	-0.9290433527036721	0.40753592775257946	0.35912320038304274	0.6979124279844764	0.3221825746121298	-0.07352523563172139	-1.7294202950685982	1.2026237487227132	1.1189596469776542	1.60195754252815	-0.7584111130310334	-0.1571227119366647	-0.8727077882142091	-0.558394123980657	-2.566488054433867	-0.32506161587995575	0.4620414695862423	-0.14321224162064025	-1.9854428402916886	0.04456472654022519	-1.6497665198045726	0.04239530949379672	0.6791406560990725	0.8815216103976744	1.3858910371197783	-1.275966859205622	1.1395941536891807	0.20480515168561392	-2.3017404116693454	-1.516031151500474	0.76272926431944	-1.2500820996734865	0.6554336891144589	-0.8133815769489524	0.032579911115997305	-0.6090282807522552	-1.1818747640434206	-0.30252679304619984	-0.9796023248261646	1.1048236778929288	-0.12278912550179412	-0.6112731477281749	-0.43092113031057855	-1.476565468025134	-0.2089340107567819	-1.2170573650735204	-0.7878515603048944	0.1676462685488558	0.04226062384518526	-0.10500707316242201	0.7083003847517785	-0.5819551972727774	0.1533376969523721	-1.1456469097589586	-0.3780428857986629	-0.18691855020723375	1.1159203480926294	0.2860712064138322
DTXSID9024986	-1.724560661993698	-2.484944182487471	0.9368633172290883	-2.448693185227397	-0.5416909866622942	-1.16671044198394	-2.217768559268707	-1.3973933055387167	-1.2883182267709214	1.5177112345364758	-0.7092748080365258	-0.005984575872791586	-0.8893108367954246	-1.0566262494098393	-4.131427949797571	-0.667417089960488	-1.3007859186348314	-0.3405836486881516	-1.2445711182063288	2.1502480260679397	0.543788752404944	-0.6155633108541828	1.9917263609587694	-1.0052012186524901	-1.014348101550343	-1.0259084641222371	-1.0308516112829467	0.8307412730732732	1.2424777733574783	3.102434785361015	0.41432937503240813	1.5890936700627516	-0.0462349924210953	1.207137887185896	-0.494101233333706	-0.29812499264115633	-0.3884659883459203	0.2093395014550903	0.6195558661958981	-0.31296651981530355	2.0637245790590417	-0.21647462946507748	-2.1664757428289345	1.2485294322718161	-0.27915786757275396	1.059772135686401	0.737020918522017	-0.9257915941390532	-0.24426450437400937	0.44288730159095907	-1.8860344137965621	0.8822286955493106	-0.86166315946922	1.3942309123214092	-0.362001772350194	0.48154780535868097	0.26796112516819115	1.1435502201333867	-0.692292105023304	-0.6843326264893048	0.398608355218339	-0.5334385964275904	-0.3491220119632186	-0.28757229197340417	0.09640127857296937	-0.09080561518576369	-0.16297075223704593	-0.11519502255454458	0.6690453021426925	-0.5805505954240011	-0.8909340107205223	-0.5024966131822655	0.4702227944621798	0.12765506733691923	0.10169236472851746	-0.09111663825546812	0.6229831480502226	0.2020822655754311	0.16286390259678843	0.5431799009723772	0.34818954104596445	-0.32508606774532395	-0.1762242736370044	-0.4980026654147397	0.21490124694355062	0.14242801818623088	0.6637782076878697	0.05097891871490625	-0.004927411099547449	-0.494631604723158	-0.4675127275433174	0.4944963577067318	-0.03154839481311453	0.18154609461893018	-0.3641380043078116	0.09052088667899207	0.4378095997800111	0.06144380101012534	-0.37576960119129155	0.3023833693521682
DTXSID8044670	-1.8893640126132425	-1.856030182361154	-2.3594920387537637	-1.1524482027412772	-1.884734578311609	-0.33904562732467375	-0.18125137864848617	1.9292610961764833	-2.3749229977683908	1.6790377619380463	0.708553082663142	-0.763389900082108	0.4736098035857029	1.1047696946976746	-0.07850940113836108	1.2040109177743985	-0.16015322068143975	0.7246195852017108	0.22737310948867162	0.4398498525154026	2.4501081826692745	-0.46255591069436763	1.0134354591183796	1.4275371733268705	0.27832627919756986	2.7060594464648347	-0.21080047419963996	-0.9052346835679594	-0.299457659965677	0.6146021617438098	0.24772084048083542	-0.056594782073855765	-0.5553319688914394	-0.2075107275122477	-0.41946495053873406	-0.1585362295836765	0.5534098025444001	0.820240245252083	-0.014772092345130248	-0.521674933657815	0.22821255338545238	0.581677681058218	0.08479369176243741	-0.5815554942555361	0.09588342179831698	0.27357970410610366	1.3136833536979917	0.4006963311257797	-0.47876125855626084	-0.4399090273905382	-1.138594888946158	-0.9781202700959998	0.21162242863381403	0.5554123202128193	0.5347475626046986	1.0113546706281868	-0.6025301109669798	-1.0785050405874612	2.150377255977955	0.05728698888612328	-1.2787441844850402	-0.34150779509436596	0.8425847876430801	-0.5723600300583281	1.1939318782028636	-0.6022861724426163	0.8431551685639194	-0.8463331977047119	0.16383608667433144	-0.07244541482487764	0.718322974786413	0.3673137123307723	-2.2217971782243935	1.256670412908959	0.7248959958611857	0.00572941054738909	0.5896017365163644	-0.9600305298161028	0.2808118537966697	-0.8637550582810378	0.8018126463566245	-0.6841918360462765	-0.18353024430979914	0.7134413178154382	0.4794379344192785	-0.18909986565834713	-0.12436509708164273	1.2658506991683638	-0.1662126956958143	0.5495141313799705	0.6529486023741743	-1.4757323470130117	0.3043957921282063	0.04829314016840965	-0.6835942589603269	0.18267781113107323	0.6784125294181318	0.18125575854982456	-1.3127477061685922	0.14574032967408446
DTXSID2047802	40.50165659797978	-2.2437346981838497	-2.477923435171651	7.979358414512762	3.507407351461081	3.3394195928825208	4.588277056554104	7.085687817656606	-3.159362212929685	10.400142144871937	2.598337775412886	-2.5141285399919124	0.5293582853844354	-0.5968174138767657	-4.886017640192365	9.056308900361442	-10.99668485162355	-4.524610719649595	9.163743070302424	0.04342091525973495	-6.700120815303121	-0.8029714106745762	5.071308179391806	0.048878667393117796	-0.7798458861898953	2.933715819899044	3.0782258621537224	0.19305421382566343	-6.272451398254666	-6.456450466915475	-4.047994135951177	4.836218785761075	9.08403629704194	2.8089624605744072	-10.189364043863769	-2.134408347769944	1.759329431349868	-1.282136734670489	1.9409772413070905	-3.4091796961765333	2.0363838960355234	5.908170901357227	1.1570043078750942	0.7873763739802997	-4.811624542251317	0.9398293952891238	1.7362684055210593	-0.2801594274033204	-7.302898992073346	-7.076379268702225	4.712918987517816	-2.0009967274518123	1.0748429079335333	5.568521331669629	-3.398578845929937	-2.6973830459540022	6.777536667285064	3.591907194593471	-3.087150006640186	-3.5206407053866653	-2.0224171750234317	4.174846367135986	3.1655381632836797	1.4815413673789375	0.6000361970119681	-1.733814583921119	-1.3981350796947782	0.4139207072351064	0.4518903621571142	2.1871048336916994	0.48195404307245426	-0.7313863750971796	4.990491863564629	0.29032563219497737	-2.362617735802423	2.2569629919748855	-4.0460180499052525	-6.089581536143987	3.780138406257336	-1.0820227819840222	-0.16552743300971376	2.3588278354741927	0.2553899576457085	2.0527364668660644	-1.2859260812251896	0.45114126220114165	-3.7117821494868264	0.05738800993478021	0.7444267371043531	1.1578240328372837	-2.4707434689628602	-1.922581521589587	-0.45974015322652023	0.2235055849115192	3.055167980542997	2.241756907688385	1.445870039555482	2.834755049577485	-5.304218845320695	0.6935932348461503
DTXSID2023640	0.9147021395853487	1.177634738099619	4.0194580331071155	-3.518867593054659	2.1584297761522664	1.2905035323633776	1.4993715417624294	0.19418068959518717	0.7894479041643797	-0.1420176978286487	-1.5199266184273519	-0.6768294517694657	2.9468972163468314	-0.463323105354475	2.2114258025637077	-1.9674622053873567	-0.320818719405084	-0.8263046632886465	-0.14535533723416916	-1.0163857902887161	0.7909343409904875	-1.502880192177752	-0.21843542809100863	0.05765952858601343	-0.9556470584889732	-0.23750526343061526	1.988917185114039	-1.7682370442341395	-0.5479716647625167	1.5820406437176329	-0.1587389293272154	0.5551040865850848	1.1101184998101428	0.2326812580506673	0.5585363559824129	-1.6027748885595547	0.14310560793724536	-0.9287927560234618	1.5751884319948453	-0.32684998672245125	0.851378823785617	-0.7821131554472432	-0.5593700598985356	0.28390056787870854	1.3972283892210202	0.6664776154838321	0.5296622361265969	0.6236218193394181	-0.7339700007169646	-0.4148232765930839	0.9291316818577015	-0.8038277649742914	0.09095879799243074	1.0132996547452757	-0.6954667587261332	-0.7264405911272603	-1.2653232473688867	-0.18911327554821472	0.39688359859001143	-1.0280763645846598	-0.48175615295554475	1.102441058955716	-0.3736263079467069	-0.9693472522314416	0.96822075185889	0.4658364703305989	-1.1226663530772374	0.5610849801261596	-0.7478847957737939	-1.1865220626641713	-0.7405868339496765	-0.21445675297467925	0.4315277667354931	1.2272891843231577	-1.2476775350785316	0.8324437934220904	-0.6004431885023496	-0.609738569742124	0.5312178007293902	0.6176649219723422	0.05547421892166308	0.39012344363759943	-0.46917045029747395	0.600494370570278	-0.09883917845849374	1.2673689310707759	0.17624325856531203	-0.6015434376461158	0.38722591798226297	0.1930742791871086	0.9655811013919963	-1.1159509636636387	-0.008000501166387439	-0.17254872961960516	0.8122280933706174	0.10988634942077975	0.4209059155310149	0.13361763117236689	-0.705454743355233	0.6490531421142719
DTXSID8022117	-2.060566412853498	9.002088078684114	1.1587268126311583	1.150497790421773	-1.016387637369535	0.7679585736793222	-0.2103581664077906	2.9569620434930224	-1.793780441928033	3.087746728226427	-1.444183648758603	2.2452493161480422	-1.1319832462643038	-0.004030642986605822	0.5810980506784692	-0.129309473190076	-1.0010008419805163	-0.6556262429507324	2.470493136209534	2.591988422713283	1.3437366577541845	-1.0070528450348981	0.5123971104806673	-0.9911654360857891	-1.2446890503431634	-1.9364525128091226	-0.6813853328600299	0.2914942082786789	-0.26328014763363844	-1.228622586476499	-0.15102202212109406	0.4799268928367759	-1.0002569182273302	0.5475001948930248	-0.6807667795280312	0.8881201129721544	0.406581279827217	0.08365057388253352	0.507450002565088	0.6974711786493087	-0.12677716297809022	1.8080763512349198	-0.4144679376389491	0.5187966667663785	-0.8399592476936967	-2.2167010933716615	-1.8819859894775195	0.7600656356146686	-1.1087861890510533	0.1759931921609144	0.6365859344494499	-0.5273035702312985	-0.6276690909262232	0.2863328214837608	0.28761940266510866	2.165694519508522	2.4000445492465907	1.8905022209244067	-0.9776616521038215	-2.2240262162198805	-0.9372539289715807	-1.195025221012801	-0.6026694592615442	-0.8707989017624288	-1.4362428244554375	-0.21846810829952681	0.5970762949049994	-0.8468380926018506	-0.5093582727345077	0.20188615011380567	-1.1064448474055446	2.3321890483465992	1.8104123388903195	1.163565913935725	0.8973309509832949	1.9200542374982974	-0.4971278393224979	-1.4724667929849853	0.28109574675501386	2.2886469626189956	-0.30040507361891583	0.3811114735176854	2.9098518076586486	3.294356188047625	0.2660098060887432	-3.989786994306219	-0.9981371918204298	-1.515877257162976	-0.8127864402632993	2.3997260531638323	-0.7858448401305733	3.89161415852969	-1.8896004956293524	1.2192752628535555	1.6478446333627013	-1.7502495983916226	0.9589590267933048	1.1178848569946893	-2.80145358103994	-0.3000723226082026
DTXSID4042468	-2.2576328100587797	1.0947437834551472	-4.902978773889651	0.6405362972545561	0.18589434455583762	1.0882260443022282	1.519964805761381	0.3753543703530175	0.4656060301647121	-1.7544352018611726	0.5741226979012591	0.04011783828397381	1.5603987760428637	0.03370369451846378	1.6334735613646292	-1.2362583480503664	-2.025560788045987	-0.3386182062509083	-1.2948594043727106	-3.0951085539821794	0.732891538883107	-0.7347988098808247	-2.0736135571787018	0.2644183273191243	0.6332348905276641	1.320167094955035	-2.4714891569132984	1.2600679708434013	2.053191657947546	-0.5653089205393032	0.6532164370293635	-0.05519269463704969	0.5896912834395138	2.265356374284214	-2.3215726940466896	0.9028277808536417	-1.2496038833393281	-2.0624186917527583	2.8519156258711775	0.6013151611259353	-1.2047518843103322	-0.3658202875765199	1.2494949900859462	0.4382184732189229	-1.3498343181265198	-0.519680977654782	0.07475625782657247	2.3788329500802163	1.1084608433911092	1.546238455349703	-1.7714993787097717	-2.008747562141387	0.37635484080891374	-0.0437489660716695	1.1635829863410747	-0.4811643917414444	1.0897615095447468	-0.909208110611032	-1.6429571672116319	-0.7595684329067699	-0.47977594664696455	-0.9685672856189648	-0.47150460303070557	0.10612067987731164	0.38161543621097815	0.8173903413503182	0.07331002608561063	0.1527533435719446	0.024482612192299177	-1.3569374815810857	-0.3984173576899917	-0.5167765113936639	-0.21710813074719698	-0.30154663537253734	-0.1833427255716741	-0.6744720888527637	-0.03348239011291882	-0.7573080403235853	0.006737412344905321	-0.06587285510439657	0.5935292312063837	0.49267770502295677	-0.14560988567453256	0.3616331781796071	0.7512915490453238	0.008040876664694675	0.15317848999523861	-0.7214429954429796	-0.08040594107162344	0.5331830542528718	-0.026777934873376617	-0.3942284978723521	0.28644607581978915	-0.7981948744905217	-0.5269503570481192	-0.4363949469674816	-0.6612954319514008	0.0804451301536411	-0.2673327901110647	0.8195766263399806
DTXSID9020112	-2.6022697586012913	-1.0882052771743425	-4.262003806126825	-0.9166971366405399	-1.615287519757656	-1.2896956831489583	2.1495318077644483	5.429368531596777	-0.4467299828689319	-3.649310610142944	-0.16559041326658266	1.2422654399391009	-0.2614267134895636	-0.8545684798657279	-0.9656196448097445	0.4803791931087956	0.3680022315109333	1.039659789853111	-0.31707936045433033	0.27953026520117086	0.8127690423594197	-1.7225970277088951	-1.1790231742014423	-0.7683219822676408	-2.057647112613034	0.6142277397090717	2.393958287280327	1.8993110938528777	-1.1787011140735204	-0.5883497582861648	-0.3240611168434434	0.04283641038617686	-0.33663301897330067	0.5086378654983243	-0.5441712704085304	-0.6309706106691491	0.6299392067591507	-0.048712537672629334	1.5196297082919759	-0.7630206070746215	-0.15955121649694182	0.1746615856969046	0.10685422765099105	-0.9759166525007329	0.4259662587865406	0.09420751010311573	0.5142730227124593	-0.3945921409885423	1.1584121661291933	0.4369411137163047	-0.6432251393842493	-0.172816456244692	-0.9336754945450862	0.8232728329736816	0.32038184575894846	-0.7615231144406319	-0.2687038970084406	-0.43498904717741804	0.5902711359672032	-0.3965118672423677	0.9780113461377975	0.1769811721009103	0.9187110360839105	-0.6916437749225248	0.36512321335500836	-0.3101414980989778	-0.6785264131610228	-0.0108787207156967	0.821207560514994	0.3586896923751608	0.13119695161259673	0.24111032768166668	0.4602724345761582	-0.5296427396670557	0.5195862961674068	-0.26655208318798784	0.789469302050605	0.11776256002459294	-0.18102303694960098	0.038761638018174824	0.7201686880394662	0.05530362793615375	-0.016131127108754015	0.2581138964189636	-0.3312273519980445	-0.27713179351269074	-0.18703785639404916	0.6678364524037183	-0.4196119688710937	0.06514788660760851	0.10145136040623506	-0.03921524126643759	0.0904460386697069	0.39108751092956223	-0.21098923006540796	-0.04066800543991829	-0.24618623980568455	0.166911298677549	-0.4054466000663769	0.3903973951465939
DTXSID8041329	3.061250979532876	-1.010574610044551	-2.6331650357342795	-3.843823795526963	2.0505412671466665	-0.8120057141344028	-1.5739060754897185	-2.4783907942635865	-0.13953153088248443	2.289480872365892	1.7788067749696885	0.1332536994457115	-1.1312158342451402	2.728692777382283	-0.1918468922793153	0.33092113033359305	1.6808520629088366	1.4661871223830683	0.28058620958213343	0.39528828755135603	0.24284263220698418	1.1787261191725538	-0.006424809641876597	0.25008582332777207	0.1501850231434844	0.4717595760495979	0.2783642149642576	-0.4938302660787725	-0.5931695055706883	0.4140524450173635	0.1566651583081469	-0.25657126314128503	1.5321956589241854	-0.042450365467552105	-0.017301568373208044	0.07614998368341819	-0.6876929626873064	-0.08199161671376196	1.1556008960734565	-0.3567986592768601	0.18009379801907469	-1.040639180481788	0.3462043273656602	-0.6415167109088944	0.2350256322529044	-0.5946307662002098	-0.241679687598197	0.23400449192364528	1.2788025470583106	-1.4827382770003126	-0.34532056263774996	0.3478616889507148	-0.12965345095521238	0.4490151550855258	0.16005852822286054	0.19679224411400545	1.229118653837222	-0.7269293295805402	0.2887305898656148	-0.31722058983361084	0.3567398454677338	-0.1907055405789607	-0.06999855635421148	-0.8455679897760491	0.6218624382547561	-0.15606209511458569	-0.12242648449947069	-0.5886893421336352	-0.8706504023008135	0.436018678587124	-0.16682985651901627	-1.0289571561760291	-0.251709983578451	0.23450169311716765	0.7208253268310493	0.02752963019950974	-0.5052873360403329	0.36565957479275785	0.1962728969308871	0.10625083831626023	-0.15864670969788305	-0.8798159499749846	-0.14803739937881755	0.18198768264195148	-0.11296232686154821	-0.20498320982202603	0.2883077791892297	-0.07410229696390659	-0.6383157563956912	0.34738216102877995	0.6533977275074961	-0.05353033979893219	-0.37276629404285516	-0.2179054174076435	-0.42842893861067927	-0.2122645500134367	0.14483479793812634	0.22634598308810766	0.22670376430776504	-0.168901321960587
DTXSID3022617	-3.926950479902318	1.9149526341418057	-3.761028769136587	1.3918959222170912	-0.22853942054536852	0.9375286918118284	3.7508539894827577	-0.22329540644400767	1.3538508274491419	0.13981415803247382	1.4169667320025012	0.8183226878430949	2.9637236368396795	1.6622463343454377	0.5548735735782291	-1.7261023618888596	0.5058718327717403	-2.0394688355971415	1.352968662005378	-0.4638099872188467	-0.5285115805334042	0.7119055612614748	0.9392943279768512	0.05167123374600543	0.896681124985597	0.34220750148504264	0.804090763125291	-1.5230394642460663	-1.1182821333590045	-0.45140215436984327	-0.5063539593476125	1.0312987589245868	0.5585411975617692	0.7633978430887308	-0.14718838649807187	-2.47576652849585	-0.021482642886357574	0.24817537500084141	0.5700786396890123	-0.5329619024296185	0.9094022341420847	-0.4744892230801039	-0.40015955642409967	-0.030628607922807232	1.461425482156475	0.45243241438190684	-0.6069181956148233	0.3378376658073723	-1.0800401893812581	-0.39788372122155474	0.8725300978774658	-1.3536852095390397	-0.3627440244888789	2.218936664273435	-0.1464367823854187	-0.43170910241806104	-0.668226331519065	0.31421349265586834	0.29625513118970964	-0.25040660529903086	-0.21243131481332142	0.14398294770097908	-0.6725865580498771	-0.484023681285674	0.281092590557272	0.3301189143182627	-1.9555932344622569	0.4725080061605677	-1.5432102994799506	0.13621680165212025	0.21265033644539297	0.19314650168041897	0.023838104386869854	0.03418503268936028	-1.7214657161120694	-0.29780828177883095	-0.058059946986666486	-3.627103512869769e-05	0.546756364301334	-0.11250590377310615	0.6618952434771628	1.4879212290676564	0.2059486680365554	-0.5133566792821975	0.633159430615033	-0.12674971148428482	-0.049802659588213644	0.49712477466524	0.9103973690244904	-0.111310154426059	1.1675117346228343	-0.26630773126325	0.08426286951513644	0.13910686501296937	-0.24399849539417454	-0.2447505139154483	0.5217236435758237	-0.34053255459372916	-1.3516003882889713	-0.05891411020054342
DTXSID2049260	-2.5844215012727947	-1.2414636308410247	6.975018998374267	-0.8721525686658659	-0.08142149895038207	2.7095620305970685	-1.1254716944902599	1.8659376692422536	-0.5412071382605654	1.410556507394614	-2.496530444608653	0.600145963607505	2.1467294887196493	-0.48433835046354584	-0.22084259759945157	-0.8713008830666088	-0.23461477195064595	-1.0309304954405858	-0.10326141737458887	1.226296360207709	0.2999518277292117	-0.2663899389979979	0.8264845317753796	-1.8408865408175648	2.082839777436906	-1.0353013258180248	0.4112154771081005	0.02917375913215452	-1.0751359361317734	0.17831016273692377	-0.6255647782547255	-1.2235121832377376	0.3968781877898135	-0.4825344204902092	-0.8920460044628822	0.7226081818856882	0.5122748362669192	-1.0793680462904065	0.5286620811473629	-0.2049170031448806	-0.30758517455032747	-1.1953018770512294	0.1892374948224412	-0.37527713683382574	-0.5881187189297182	-0.636559633429855	-0.4854984820241342	-0.09793454258488925	0.4131840334778236	-0.10678062071530886	0.15299774297452845	0.27724168443279057	0.5224756442654109	-0.6727961380646713	0.10239703249969302	-0.4417938118296026	-0.39826251155050957	-0.9286937011997277	0.5721384567288622	0.17708805968074653	-0.21382705403593358	0.26829720957339265	-0.08955124238760126	-0.05509230619129003	-0.5298447805313025	0.4958833177774507	0.12430713570066727	0.2626109698765262	0.08244560357333286	0.1721314576392048	-0.3024080758851626	-1.3904984703875687	-0.8356540953748219	0.029810086144474036	0.41788177259558806	-0.6373461873124767	-0.6227773906108074	-0.12790580682366767	0.05135495486629092	0.3909408194013979	0.3539405511011833	0.584834848148921	-0.22328603017877102	0.01660155971357683	0.2841133832272498	0.642698115207723	-0.2436435393911926	0.3016990548467765	0.45553682233413656	1.3981224774413448	-0.011126513042292183	0.37304782293350686	-0.20439547470760128	0.43318081246285095	-0.27321117617077145	0.034635468487765136	-0.09195725501906739	-0.12235078908345766	0.054897159822239444	0.41527933102886444
DTXSID9048778	1.3939461560261863	0.6943179033900378	-0.047498101018749656	-2.790194696696746	3.886471738116594	0.8714235329168143	-0.3424133634414988	-2.0797518329697717	0.8968932765566157	0.7273330807255344	0.7186780225073061	-0.29197087297516905	-0.2847123192223667	-0.1065891004646005	1.6022035200713456	1.0918306757127119	0.6870167458723514	1.3032482553981786	0.777990639921673	-0.43544765873411845	0.9532996385772524	0.015058630677621232	-1.368957939855277	-0.3770673693267306	1.8652899095828215	-0.3583475763427799	-1.0975589663478371	0.8436362767444722	-1.038704834994234	0.3960257728963956	-0.5617041679289866	-0.5846688141852824	0.8103229534291956	-0.008691380517486637	0.13686485817582567	0.5275464654597953	0.19894593962837145	0.255591958351177	0.2820301778674495	0.5138435025489513	0.36948368823450434	0.8295198589790135	-0.42916330392231944	0.0062413159162050145	-0.5270100193418045	-0.0932830492955942	0.49845999263091306	-0.20847734879535554	0.1711571403671845	-0.5124623960827509	0.11707030584521619	1.0029666795056538	-0.184540729541733	0.06983223182829895	0.4036157962201331	0.5796229515563421	-0.9248834670041367	-0.8766803754889112	-0.0015584091162330325	1.1450218593396515	0.25949372963655354	-0.3070263136473092	0.28183088331180073	-1.0971409849217928	1.32599312443428	-1.660075796795794	-2.1948351439163125	-0.5523914010921526	0.9892956705022613	-0.48552502327852853	-1.3946359307439822	-0.3224899149034801	0.38245010139704777	0.3352333774252041	-1.3542048485291984	0.22595405783170763	-0.8883214939445836	0.48309114539597314	-0.465290384954095	0.7162616379216804	0.3248884874675657	-0.22796152745959963	-0.7464059226847016	-0.1528535190580099	1.2585859017712504	0.06609614668055165	0.5495724415788237	-0.7452512707144864	0.7723319045732312	0.7923781375010079	1.0771888034888362	0.08419561613252066	-0.7052426259031971	0.3058375002743584	0.31072993251343917	-0.5090211753962853	-0.0990694656048659	-0.13584073306000133	-0.07833241143022825	0.4981388324402467
DTXSID7032551	7.006644757960259	-9.567961182947561	-6.540151224782799	1.1659995104342844	-5.5438662607059515	-1.9940172421980935	-5.502155046885561	-1.5536135060366776	7.024947145576069	0.7049759984297655	-9.198094737103107	1.2390190297227575	-4.499020326172585	-2.42362234382677	3.719068271798878	-0.20083804943592057	1.7954092522713965	-1.4400061361992536	-1.3837272641039455	4.276156876279881	-0.05165566224012004	-0.5984321326898548	-3.2692743305553913	-0.047774764779453714	-0.952056705217729	6.43713714796392	2.4622796124760242	1.8113369727938797	-1.685621915160529	-1.291548893141106	-1.6529065979990063	0.8734586728342069	-0.7299626521818461	0.5255340044792168	-0.24913012698371972	0.6634869571292268	1.1887672315409914	0.7331480429023085	0.3723637925200688	0.78950198595122	-0.516196760528272	1.2505357638646881	-1.5990397020234146	0.4769218801911941	-0.14994066830653327	2.6898861155787785	-0.7756343371477795	3.721834244812278	2.010997196027464	0.7003236557422469	-1.317856820069678	0.5068131865438172	-1.3784318005123033	-2.0875894379013875	-1.7982949864662165	0.852158677157213	1.3786995560515145	1.0850593672455593	-0.41840518510189867	0.14511876041773264	-0.47656299053412265	-0.4122860979153605	1.1476937123287323	-0.12116485321164278	1.2916326185801494	1.9168840150403965	-1.6267450551117362	0.539983972692771	0.31394097241641844	-0.3270672049352664	1.3199985304631492	1.1612100496550604	0.26679562893848796	-0.29046879578379164	-0.990699619907202	-0.9106737761001455	-0.7592657365209144	0.3076724734982887	-0.40250084429516797	0.15203890391807168	0.7482412220567961	0.34608931487681266	-0.0013040357690908592	0.35433359359779	0.2225750154293842	0.8148236732101423	-2.0529267974256995	-1.148646744241091	-0.1430117928232477	-0.36758650890471545	0.376826249287296	-1.925977883355893	-0.329178480160916	-2.128383619579828	1.0705908836424753	-0.5874820749813654	1.2940088498776057	-1.0298720684083265	-0.06541668070958968	-2.3942172246819777
DTXSID10379991	7.726789326559887	-12.173782787002553	-11.262814843764778	3.7470888439029415	-2.8603690543573745	-1.8629547470915084	-11.920381446870595	-13.408705349613596	-2.0469849616906295	-6.482986980735332	-13.429501423557426	21.750714174737023	-4.876205002246595	-4.767640362758938	2.033419327621093	-5.389962846846305	-2.531363581707275	-8.827209664275161	-0.7587626070457416	4.961389857026731	-5.985433045874705	0.10019401629336999	-4.977697007569105	3.838738822131682	-2.9213898646162115	9.506753185345447	2.4975901920588472	4.0461396265053535	-7.19635584133283	-2.8116575826769545	0.019538026791472547	-2.483746486908314	-4.725916236716496	1.3492840829722266	-2.9178638104422694	1.0566633151162133	2.6204461383000366	1.514331185566437	-3.115848038619077	2.834272873740276	-4.149365708125535	1.977070875468327	0.11741723030425587	-0.551629168965992	0.2715181245954826	0.9600138671506828	-1.5602087938862685	1.448287920049794	1.994612829803703	-1.748646644355773	-4.478850032576099	-1.2826987464993336	3.967491581461031	1.3338826653337945	2.0002679591872092	-2.5733995190444343	-1.616799654803241	4.681542432124958	-0.9405201575257088	0.5650530713296906	-0.12902653960786864	-0.9575659054272434	-3.0162328642132428	1.8080517041561148	-2.02447357609952	0.9590392124712	-1.484364902440664	1.6222449083326653	-2.2400248722865532	3.020902163584338	-0.9145051898154294	0.49150731332639114	-6.264919818489539	-1.6224812225998482	-0.6112732727444151	-3.0027661349604022	3.044951628792579	1.403546290042478	1.596257238445096	0.44756157240744743	3.7588140341089673	1.0510390494800714	2.0738783513243577	-1.875653064636991	3.1834449632198494	-2.957679267091813	-4.175515525914211	5.892104531011777	-0.02103610535650496	0.08826848777279278	-3.9514359051493635	7.5616747035276815	4.783761966784431	3.177669142552609	-9.279456620819015	0.24682093706629016	-4.2481351907899105	-4.429349286707785	4.882113046055046	-4.004200839225444
DTXSID0021418	-1.7995534461540927	-1.5017787888617258	0.22733855510337433	2.099579704140894	-1.261889055134117	-2.046297178399074	0.4577593988411283	2.6589141171649717	-0.36416336429710194	-5.629775991461753	-2.4561100375079667	-1.4383544567855526	1.5668690650018657	4.323086528938364	3.1669441427543403	-1.587001539169037	-1.1614896156187133	4.562396879076786	5.5381930365219185	0.16454893691107764	-5.924491530373759	-6.076070799281842	6.597436928633857	3.498699612350986	5.177484252231124	-1.748119790165988	-1.3649639311458062	0.5032327442155292	-1.241572519174544	0.8507907456434024	-0.18952467060857636	-0.6471103801039746	-1.0805225593547894	-0.6622969886706077	-1.0325410371147101	0.2821027074969211	-0.13860337969821543	2.391009302657049	0.06801834514851937	0.9691358169384449	0.6538592265402139	1.1845104574832153	-0.9881327824262667	-0.5513945494102961	-0.7485231138586946	-1.0352823729088536	-1.2639637273704154	1.0706896189097614	0.631627966405745	0.30821612314948094	-0.6892884544411287	0.6883607328271484	-0.5323765479695942	-0.42872574371931105	0.2513191485448957	0.4604455273454576	0.17643558309341578	-0.8607963645804916	-0.3358270619575647	-0.19859651711344964	0.07217547568029413	-2.0338805643799582	1.3172273667263585	0.13911264725830308	-0.32211825860853155	0.6718554571915542	0.11534005704505658	0.06386353126414042	-0.20136104449951586	0.23544277990899695	0.39854769654014904	-1.0239097918361197	-0.4212272987446483	0.8563062712022118	0.2637351621166374	0.031834095312323125	-0.2023824668765729	0.18293579846786473	0.6206734130676749	0.1995598963396871	-0.2323016757784546	0.30194129504432043	-0.6083212462179606	-0.7945077652291592	0.6586542788832479	-0.014649196522762786	0.3363804678329924	0.4558218591746467	0.3556882413194341	-0.6079355662744821	0.03710699657837416	0.32289237929483733	0.4777455294419152	-0.22058379814161955	-0.9851238875428289	-0.3655557839362107	-0.3939863744211596	0.21391104865592792	-0.2424530565564176	0.5231563645623835
DTXSID5022938	9.859744632604267	11.24561584250219	4.062516349434193	-4.181914861047945	1.966735837473372	0.2750334050880709	-2.5105376965830937	1.1746649393646569	0.05575852917237678	-0.3843212574389158	-1.2825422130451374	0.29990982241509856	-1.7116837517261614	0.07697631214890846	1.876750343464623	0.09925061147498067	-0.13582492605634544	0.6893768105136617	0.3185513345584963	0.40371989811860204	1.1676629097627922	-0.10106193039862024	-0.5295061077315864	0.9819141460309683	-2.3734161493967263	0.6700659665376131	-0.3214704451080303	-0.04428434757486508	0.3821476634979209	2.126520745245974	0.37018679288379175	0.7132947281994927	0.337125528200232	-1.5033127914635247	0.8851028720907742	-0.5202673584538611	-0.6476635969545829	-1.4556339086929393	1.0028381525372465	-0.8442280933957973	-0.07466712198510213	-0.6445836013625366	0.07450552379207648	0.9140205518243285	0.14782349237614736	-0.7020134660983914	-0.13763390702268954	1.1963714563604004	0.5453427088896399	1.170897363327733	0.20259433704996396	-1.037952561245871	-0.8922768460629641	-1.4047828883166427	1.187434699939874	-1.2494819771072565	-0.42486714546792065	0.22117500039511181	0.9186945307904465	0.941925862997907	0.5836937175268453	-1.0424616486382192	-1.5659715143657964	-0.35762828655643847	-0.264820169653329	-0.046574693499378005	-0.1706496897208318	0.4881096612816342	-0.5629882882928305	0.339374522157063	-0.6159276471936631	0.3941503628649756	0.22675518251770924	0.7942248974146535	0.3356930108084878	0.4407132827465807	0.3780924741707069	0.5697102088115116	0.8929097006315277	-0.30417098194455566	-0.9297951979192923	-1.528492738009345	-0.4085101182003756	0.280938674406581	-0.3591057795320677	-0.8055049263938108	0.09634661487144165	-0.459278779132906	0.48969450956915833	0.3855515737030732	0.9677589940203414	-0.2783958920569131	0.1183263257391856	-0.8227932522330448	0.027635684986613913	0.5022462665165599	0.223448095780382	-0.023292767262452677	-0.1092782654277092	-0.47754395456263676
DTXSID7044845	-5.1058707711421984	2.5870153028558414	-4.740325937907754	0.1813522920210475	1.222767692089729	-0.21626757983065123	0.7503357851731064	-1.4513373182944993	0.8051625235752425	-0.4779706258653979	0.754057575437988	1.584279867990964	0.513366966443642	0.8797327114577924	1.3503870832197546	-0.616279601687974	-0.1789712955596441	0.3766261555323866	0.7589883382128702	0.4862886437741456	-0.1214404786080468	1.118216975187327	-0.6122914469543818	-0.7114692865874901	0.46915858698401586	0.48064428016002475	0.35600053312910673	1.8492576695632665	-1.8483617909594379	-0.8113460163087207	1.672996506572796	-0.47551376991890665	2.3484141769582174	-0.9786551680172826	0.2764108312264378	-0.3880249078348075	3.8441579979789164	4.906785533333517	4.553465136051083	4.28361008408678	7.311413982683087	-3.2366395649382373	12.35595571279308	1.3807488910218875	-1.6330324071620639	5.077070106673796	-0.7069672230155682	-0.9732757793444898	-1.2073311554507478	1.936703067916393	-0.06567507629838475	0.8457767123437244	-0.6006703779992459	-0.9290733324124238	-0.6949619605182431	0.7562852406768574	-0.3979160179687674	0.47402006950632897	0.6246716895486948	-0.5747524128699601	0.22730211195189	-0.9447039832773038	-0.1258312257777028	-0.31116124001692025	-0.7391286602746632	0.3637865252480834	0.1291595295626386	-0.8951674219859787	-0.3378715726339587	0.6358519821365624	-0.5519374054148934	0.05755247387290398	-0.2991044072643938	0.34562798387904287	0.010726860529828172	-0.14959435578686356	-0.5717449944493989	0.31878745602113545	0.20273470229475832	0.034898808754805444	-0.2092687144132009	-0.9226245859645569	-0.12790679670891014	0.08656314322907632	0.09839624240739768	0.10532649355785728	0.04691516409940022	0.017572614313517424	0.2970348690276837	0.22029202267362058	0.41546435833505563	0.2824104174301603	0.1308566135733811	0.060075499130687486	-0.02412305116753029	-0.3011544103554503	0.042461426340830756	-0.25179542086107987	0.19937828537708677	-0.02177749091834059
DTXSID7027837	-1.5098422666098148	-0.08339715417224415	-5.814170001841085	1.5778564024819124	6.369321607013502	-1.0301018013089365	-0.5502200099295121	1.4299456796084387	-0.903660799354732	0.8625988833880915	0.610204437389811	2.220099387514883	1.6993093935049326	0.5123064744909983	-0.006011884123540269	2.083173062626645	3.66512153370051	-0.9821890907994195	-0.6802253257884638	-1.1628925839003432	-0.4882543403080272	2.8158537700328563	1.7348703773420746	1.452574870345611	-0.6929888513045951	0.32550329547280216	-0.07851105842679246	-0.5186631410737843	-0.44263180317847073	-0.529046953610284	2.0889486223905043	-1.2163453700882356	0.1754244328274626	1.5091809745459792	1.1267393624048012	-0.037861624606160625	-1.0381169993749846	0.27322680359636986	-0.7748191028882576	-2.4278892242492724	2.128130823578702	0.060088328996214344	-0.8139376678617029	-0.45636115818302614	1.1756851449776378	1.1251505161724156	-1.2450412533392372	2.308259744991248	0.22110467870331763	1.0771754585338984	-2.9515357546268532	-0.7172898741425501	0.19113002592644612	-1.7886009658070998	-1.519939710455475	-1.6717506929856318	1.0112194555124663	1.919624759925087	2.620780914134291	0.07413072574978119	0.4375533926529586	0.02244661263831319	0.9271212574014666	-1.8113228082457749	1.4521890651905804	3.3879379472682185	2.4918962789514154	-1.760262066754903	-0.7113794992071618	0.7629115935713969	-1.339366392006649	-1.7089000500670861	0.017183826787021166	0.17431950942302765	1.2669817146232214	2.3784884655146294	0.1929582564474784	1.0418229983832394	-0.4030422168215686	-0.21544808076646216	-0.46564358707629855	-0.4547936102783508	0.7872572532573926	0.5104103636046494	-0.3625052617861141	-0.44908201242052975	-0.668628591110732	0.17998862955719439	-0.24126417989940213	-0.9636561687684311	-0.4772635376390692	0.5026533609723152	-0.4093771917686775	0.03717575700414247	-0.35180768904235654	1.7573864334767513	-1.7194362980039801	-0.6848789871705789	0.6482098601970618	0.4101164626538354
DTXSID0026880	-4.688024914397993	1.1456718712502942	-4.486767174234106	2.80920163245268	1.6671668586410897	0.925097563467287	0.6214926814375091	-2.578154181834453	1.3243896243343185	-0.020332889168962667	1.9767700341344847	1.0815474866345833	1.7559028499561067	0.8998098030590143	-0.3773210943973696	0.0008093194863622586	-0.08098231842266543	0.548248899629196	-1.1196855275673898	1.9241192326236465	-1.260917818234942	0.11039161325340249	-0.14176654655364837	-1.5456935168559784	1.6594847165478641	-0.9388236653249847	0.48993606497751263	-0.028843195728948716	-0.39340038865233556	-2.4578060230440157	0.029095344927561193	0.5606948292435634	-0.37757555702448264	1.4937701055504182	-0.17841388258075147	-1.0014641440670302	0.5544258555393715	-0.20599157751262526	0.24750102824292955	0.00450522330471391	0.5114096901091532	0.11424383971568194	-0.25460014381743723	-0.7871345113594141	0.7963463893365843	-0.6287996289465582	-0.9970637032142105	0.04252134717216129	-0.29163183130268294	1.1623472828806023	-0.24400846357324163	1.019445540821274	-0.3603401687667819	-0.43070740875305463	0.11834676704299263	-0.165148521887366	-1.325026154130464	0.3895429076323668	-1.1567277083065328	0.6075040378193199	-0.45591109273309643	-0.6768867488833367	-0.13502561659755352	-1.1995026941490181	0.41075790118154604	-0.4443258528061467	0.36635629829479205	-0.27287482536436386	0.6020288428138514	0.48271573076017243	-0.6103681408993751	0.21503133546058179	0.4994515952064871	0.41886376884789844	-1.0949874236320725	0.8193697328932903	-0.7671524561604275	0.23603444077395244	-0.3122974135338792	-0.9217838265031106	0.2778766140347184	-0.021234936371974433	0.1405818959485573	-0.4054342279870726	-0.22193530446878393	0.6845468636728286	-0.3718151830545001	0.09617156357654655	-0.9467708412004945	0.2458752878275312	0.24440671732314526	0.6719847292902836	-1.0260028136771067	0.3746391805768979	-0.0934054935511684	-0.6204120617677477	0.013706118298660768	-0.2737207970846043	0.22669435772972624	0.052742348539151475
DTXSID6048707	2213.5007748972557	-728.7459662577724	-186.22119483706524	3230.732529503516	874.6465134240499	-768.1125098713429	5918.258160464045	1078.2052026672634	-1428.7809231732065	6913.399920511941	-2262.6320251691595	5967.68921640622	1420.2533644346247	-511.5216298610119	1849.8214538386596	-3053.8024057087314	-1943.815887356716	3213.2019275702046	3968.7454499051632	1076.913099832904	3032.3602543584943	-1485.4498276406246	-2006.0097360160219	497.6788386528266	-1158.6112857152577	-1988.6045044313685	-984.0650662535447	1031.1060692029187	240.8021053829157	882.7254981327482	284.23338162736746	1375.2063311453633	-194.91842618828534	816.5343838621078	123.82797931860323	1692.1145856008627	-462.42128501013485	1176.3424311660044	-970.7069358889477	334.19106002961377	-89.67359622683958	204.27277453512784	-422.7126908364284	-346.6135148217701	-143.21123940471887	-117.36657854784752	230.57823401447473	-813.104491121708	-112.84042724374046	541.8611274407414	-72.74074025311621	-1349.9515106272677	-1189.1516613939543	-183.9888874369952	-283.6028208134006	-467.8080053577312	1686.6215404378124	274.36411514067686	-2500.376462665775	-903.0678692427575	1818.1618859923842	-1739.6866071626016	962.7353712303162	207.63056536469114	-1477.4378501451768	-4735.38192741902	-418.61380900582583	-1883.262224888649	-1515.1985927648427	560.8634215968409	-1663.3411372751727	-2834.342374067982	-541.0742924826964	-704.9732460712129	709.992518076596	1005.3519257370931	-2927.8663427111132	248.7688987663612	182.78682022490386	-2861.9167774970124	3011.0637636666193	-2673.4414613674357	3789.9550791334646	-4682.331865141917	-3650.5062806688325	3757.114337347618	-1162.7638401762886	-1667.8618883156037	-447.0935407000455	-1118.6168387916528	394.73302362699656	-3070.1120765466785	1073.8922749013798	-908.3973797065163	129.75666992108128	6671.1906993964985	-651.6765440453215	-217.6300379459444	743.7543014643829	2943.3461026436908
DTXSID7044390	-8.446126051258815	1.5540560050017433	-3.9289593667630514	3.192799207407653	-0.22975073692535408	0.3433954154908985	-0.6346877785527916	4.211796213205209	-1.580124916110975	-0.8643999783538258	1.3501479049883303	-1.1340743096105959	2.220348820142841	-0.4711999100257135	2.36682979828937	0.0924225531074531	-0.5940923608915206	0.8759222144423696	1.482713707501774	1.284723042357338	-0.17315022208336533	0.29875561135480805	0.19538983794412865	-1.025233665988952	-0.9594149597604382	0.5531958690122745	-1.5059632166584216	-3.0136411322569203	1.055161502027751	0.3067976408601361	-2.062648636287145	2.7268066186929105	5.084865524961569	0.2565058517719385	2.605153544389414	3.1284878416695348	1.9279282792822228	-0.46178117813573477	2.40179031876028	1.0247793977716035	-0.6947046597348662	1.2190263516500368	-0.7948197159621292	-0.4365184310416353	0.4177373290115545	0.35966975860398603	-0.48998408439889624	0.24186674350875773	0.4439597179626679	-0.5875473594408459	0.413546854535674	-0.08635029422766005	-0.059521644658184124	0.3013073621139325	-0.003063772160864173	0.3212108302951501	-0.49840374483753924	-0.6417871478383425	0.8451773331173958	0.887099182195351	-0.19145272605872588	0.031705336146925445	0.8548016852105134	0.04856018453165142	-0.42785459642185	-0.012480414757749088	-0.9635183362349898	-0.2729717410086344	-0.1564043624158883	-0.023907950839223428	0.5504424314251245	-0.2549372259393488	0.2042727630071789	-0.3898419683766993	0.39535567469709204	-0.37391269559071705	0.08682720813738833	-0.06279311478807977	-0.45686273187977117	0.09051137377656715	0.41192361771979097	-0.21552751383253418	0.6791022020043478	0.1637818613187047	-0.0741978059528758	-1.200379844396626	0.09946516171614038	0.3094425317255528	-0.32902773726836754	0.13527765658428334	0.6386993516600772	-0.23215062823120905	-0.20670022483026823	0.046032932229950634	-0.31518866263484585	0.11194651990367481	0.06944402327931586	0.03663878383375022	-0.3547317716320366	0.419289162282371
DTXSID2034598	4.569552097125413	-4.88144452510155	0.6741202580840697	-1.5727928548712322	-0.8553417436063747	-2.547306916613297	0.40257537062529536	-0.34985318990388375	2.0275814479520466	0.25073289275732125	4.6433148952378485	-0.367534099313356	0.3406639051191995	0.6826864873178656	-1.9336892512372073	-1.8999583843223953	1.4838332523806574	-0.3527617515977588	1.3906391974948102	0.2231602104895391	0.26176369824299117	1.4003226756323646	1.7980667616766703	-1.10577649140401	0.8477637563422081	-0.8063020931526798	1.1912162016807502	3.0825758590235037	-0.31705820488446534	3.3630552660620165	-1.452093718796258	-4.384384135204265	5.430343895579035	-2.2950970439384966	-1.9414367335580935	3.8130937899640607	2.712653572470186	0.7671827745909914	-2.9613004526996245	-1.349249594347382	-5.128231126681026	0.7992623447919046	4.311848367043065	-0.1439975776541543	7.645146549450099	-1.0611942596033985	1.5243290102039044	6.179546459274072	-5.379922590654332	1.872490603753261	-1.1927796584822046	3.190033964602753	-4.2602471219068905	1.017763154797796	-0.029921804333538964	-0.013061701506597988	0.4149665737488768	1.7049316416558782	-1.976480151729722	1.2367399382218836	-1.166781923608288	0.7904626778840201	-2.271912768720771	-0.4821777155751718	0.4633076883023845	-0.5479462557825375	-0.0017382581540156105	0.13464577415625434	1.3988891569160937	-1.157022132304047	-1.0549291426298235	-1.24548238533894	1.3028194177070755	-0.952767911597018	-0.8213318712049474	0.8311984645384596	-0.12687497150332072	0.17344318216143415	-0.025040112340857876	-1.2271262524837623	1.2680000301586511	-0.04399395980458698	-0.4147806816203319	0.5415517918936434	-0.5126003280127369	0.12972549455244123	-0.46280911085572896	0.30082623070859627	-1.4411114293642968	1.4382101656293242	-0.06742361274551192	0.32387751885596383	-0.20620777515337893	-0.13412195388605333	-0.25766451374055993	-1.0466292785093632	-0.5499736241576847	-0.20705967692027785	0.3636362808529944	-0.06604278129404949
DTXSID3042508	-3.007548463377153	-3.5831645264835283	-3.995023173250947	0.2761778354308782	-6.929205466628863	-7.582255714994019	1.6452422202730395	6.067621000107501	-2.0808628014488035	-10.138286863052208	-6.881890836077509	2.1436265971613264	2.781890666579062	-3.1674648954779463	12.24289120175704	-1.2266348532516276	1.2590399100769283	18.380256715253605	8.407540257630888	2.1762480713687973	-24.518798211365517	-26.57120560934274	26.357017713459655	14.873036480925864	22.487676188111692	-5.10385776924804	-4.452529684336228	1.9018916819677358	1.1815536798683115	2.72583471606266	-1.942943409226797	2.1863551545858404	0.8188103893724236	4.2861794434713945	3.264488462637909	-5.559240892862344	-5.962179192594629	7.352913702493138	2.4546728670578455	-2.568112544290946	-1.547005484850871	9.098237842010557	5.518566524350999	6.315459334948331	-2.089632219332951	-8.118172702753679	-4.117035650500842	2.8016612386267346	3.8079009030244144	0.6370343709550826	-1.5044751035989778	4.397341810380356	-3.1876424997138546	-1.603624017941709	-1.3343673618598018	-2.753630111388108	0.9155594375544182	0.9607762676338165	-1.143736845759419	-0.38360577209881475	1.5933652845223818	-1.315502662994239	0.14397395164288987	-2.676943544138492	1.4953003208761304	2.0752718183056835	0.7994952420335789	2.2518081563346324	-0.325635490929584	2.0014122505983893	0.13283226547087798	0.6151467020863421	-2.612690983711195	-0.04545081212654101	3.311592199887236	0.025978642830216406	0.9369075625021629	1.0680661355549004	-0.31764151926495227	-0.034128629487534014	-0.5873689037186329	0.7242741080937015	-1.6631947710708357	0.5705695680561105	-3.090365712238618	3.063197664945764	-1.133513677170687	1.016957676085877	-1.0933814925933016	-1.6535513212622317	0.08621364970946976	-0.008654499944203427	0.6983549359295789	-2.2374517784177828	1.8759282012055485	-1.6186507904798022	1.4215866385474651	1.272814080196405	-0.3318563602342588	-0.5429925269652504
DTXSID2023197	428.83858833049277	-122.29320942607072	-37.60333117626939	577.0439211618673	149.10055207116815	-140.1222573496585	1033.866826549504	194.08604215339994	-251.28418162021578	1208.772899828074	-392.2795223480716	1045.222774800867	246.77328317963023	-88.11917244335754	317.0240394038576	-527.5020507918575	-338.88247814206085	552.934231451695	690.50994054782	189.4686805051033	518.4150486913168	-248.1428293896538	-342.09083135777803	87.74185216105045	-203.541357382187	-342.55646394475076	-180.53511696195494	171.5293436351741	39.8603987933981	151.08195829452183	49.7946684371377	230.87184506111768	-37.549329039803006	141.81816032140122	24.69390828667283	292.9508193646316	-79.47660283843342	207.09338733626515	-164.28122992350703	56.550180082534006	-17.77467991695901	37.86797510463378	-75.2196491693187	-62.58497009829472	-22.027386251690984	-12.601370368690894	32.21597224059601	-138.98186593704725	-14.639027849799703	97.59694206523851	-16.16020728359083	-234.91401875329169	-210.73650083222083	-35.043854312945314	-52.205809184033285	-86.66455459845034	292.92431707972867	43.157738132814764	-433.69659683238746	-155.64024048205	312.48976034583114	-305.0014873498392	166.44854322470138	33.234793332996674	-254.7270287908436	-823.7224263288764	-68.17216195532191	-332.1478425487862	-259.507695601758	97.64161745418073	-290.636346820897	-494.36153637308195	-90.5989352580661	-124.81179511885122	117.51100552146228	174.1235010328765	-508.06542273606465	44.17308932662165	32.776158346857656	-499.5790243968467	524.4741120660597	-467.1571831289136	656.9671433118294	-818.9352989279165	-637.4782576707072	652.6533898576785	-203.36218007255076	-290.20474518394485	-79.19679920378832	-194.83022791752512	68.6651315675373	-534.2768051309502	187.54221381989547	-155.10614598782325	25.42280693793466	1165.497589906308	-111.52856081253225	-36.89718391647091	130.95253402154302	512.8846920399059
DTXSID7025132	-5.517923973038584	1.1211805594055344	-0.6334754577919958	1.8900931952671118	-1.9394258226169239	0.7344965137171496	0.7411981904249891	-0.8173511833267895	4.972466472875201	1.3092739575712842	-2.8881168893509614	-2.0914917876458294	-0.17681657113798693	-0.4713906859699658	1.6346545524644929	-0.24103160813180038	-0.2926328922145273	0.9713837888894329	-0.536471153804848	0.815586283355206	-0.41218739032384843	0.2709344217736619	-0.24243384653161043	0.5403177504121612	-0.805180929998163	0.8857158361315456	0.11722397513471369	0.057667944208647945	0.4639272441363196	-0.6940432637398389	0.4607784078403177	0.20829140147469558	-0.42143355501654184	0.5420840018745152	-0.025697210578759174	0.46689563474825374	0.06401573550555853	0.44056099674594235	-0.6107878269473713	-0.31225856609309094	0.0341515132505011	0.06450184470443994	-0.33902858327903895	0.1844069849698737	0.5528932067100992	0.7783075181304242	0.322844597869569	0.05527844452952757	0.07400250087134042	0.0700213933496055	0.11545881068789973	0.5439438970296642	-0.16328731491250587	0.0653168346828245	-0.5230476904459583	-0.15577200407259045	0.12049591216319176	0.10338388396930426	0.33049063639197074	-0.006695650306691721	0.48530612953950225	-0.6106283686761067	-0.7263025401014175	0.06189048244107862	-0.14388178528488862	-0.39766957702060707	-0.1652788722758015	0.22788924625423734	0.41802269972016226	-0.3569966279332459	-0.16462593103029816	-0.1166121033022202	-0.10527196206447915	-0.1610772975924555	-0.2710085271201349	0.5492066214942949	0.7144549169560331	-0.1005494699727621	-0.04529914597509852	0.18544529941197466	0.046540403255211416	-0.12336826143044782	0.010004333436425195	0.06082134324215455	0.05718205488147537	-0.4097794399027858	0.4329859429597226	0.37441922359666036	-0.03834930771463104	0.23923696547606896	0.15729604020537305	0.00521336217661858	0.16825136434038857	-0.36651037275060405	0.214438415936711	-0.16260244092277487	0.27796812070974136	-0.7821523701821518	-0.10964544570010724	-0.6039322262807999
DTXSID5044732	-5.681165608332059	-0.5205334831984824	-1.003436949112882	-0.9710163463139366	-1.1666053296783883	-0.6908784924826772	-1.3049778381526145	-1.4203304955861653	-0.86790125885776	2.0711165816092776	-0.917110836980002	-0.489999900550477	0.8274812867449792	0.3041827357608801	-0.8110557622106702	-1.2457724114960254	-0.5429480579961038	0.24194424510071041	0.09723972304732272	-0.16544933915007862	-0.12578763521143804	0.09328755784482404	0.10075236258927954	0.28761360198781893	-0.3430346986063245	-0.24069549289035377	-0.5049656781122465	0.20258809594226287	0.3422459497039152	0.41498338480901026	0.32032310807975234	-0.2360570259084459	-0.4623548997841488	-0.3200411578688459	0.5601422495017754	0.2885793805343592	0.4994855154275548	0.3752931627459838	-0.47716149417570186	0.1364294575641965	0.33381677798256704	0.8107103092103873	-0.18955578552774272	0.056061146998873754	0.18812472688813214	-0.12943850843448595	0.0360748376309274	-0.4245298580500905	0.3946077413950075	-0.24175903906656004	0.17140071152282954	-0.3076176896878028	1.3468010934020367	0.22561233851632956	0.47865115579340356	-0.16794764164633083	0.042366278188810995	0.7612424141219706	-0.7091741274893292	0.020466272877749155	0.2815589419724293	-0.008135100524524257	-1.1546672728827718	0.8682649573757376	0.05585548596160741	-1.270671445283276	-0.06103064737144453	0.1210096014194679	0.900986002431196	0.3668754077121802	-0.34285375540747987	0.5565062714054374	-0.2886602199159224	-0.2588755384147944	-0.5523952251419527	0.08676567780618624	0.9215798730754922	0.09803933009948089	0.7942837903110084	0.2849275088734107	-0.13923885661398502	-0.16909010906950792	0.27119686703975926	0.08063153656932497	-0.026062917456423924	0.08388573628267161	0.06646469195949223	1.114178515145311	-0.1483956532186369	0.16868548504674408	-0.40439232138979536	0.31142459428075225	0.40583614243326255	0.3690560007062005	-0.255765659363473	-0.03406896021495484	0.5250531683113462	-0.19248557933959282	0.15008237717776043	0.3116477612235858
DTXSID1046683	64568162404.17748	-21889809490.307014	-5697855812.685511	96407880640.3648	25211480752.370743	-22966396907.249214	175735495340.69174	32216140444.977882	-42533872777.097404	205345025945.37415	-66964853240.75683	177079991364.94662	42348369444.31188	-15195540227.583368	54825714375.099304	-90788540451.88762	-57771292504.42923	95102540496.7075	117824756761.17508	31951396088.836422	89924530096.29721	-44074679022.98367	-59350113510.395805	14785656785.950008	-34482091410.60562	-59059860240.0399	-29185661589.601543	30479274322.87417	7159095794.253129	25938776546.00203	8465429613.85352	40752090786.63268	-5882172169.435572	24460007071.696705	3606316861.1652493	50275510357.142105	-13617892236.301414	35142538657.0262	-28861538438.857475	9905292664.676292	-2621978447.263848	6142380104.927552	-12542893243.963654	-10437938666.7535	-4159212325.904702	-3412946622.502589	6623912837.897097	-24130597168.65957	-3304602942.152118	16095745594.370657	-2242607588.663587	-40057996408.04037	-35245151637.04818	-5378954985.139253	-8587146588.32103	-13786249195.428587	50244523658.25568	8050653463.883783	-74265880015.39838	-26932176393.195618	53832878699.7858	-51634410400.76346	28575007785.555172	6269032682.866017	-43814296188.909935	-140491032044.98856	-12408893278.495163	-55881988851.49062	-44908235296.774956	16693472639.592161	-49476921331.29396	-84148545316.64832	-16031875502.496628	-20965069379.630775	21108010724.09248	29893237694.351723	-86851673761.71951	7348899162.244072	5389572119.536538	-84993011237.53104	89377123629.77806	-79298549511.94707	112651066195.23796	-139014565491.41116	-108433058213.17387	111515100697.61494	-34486444717.93436	-49486467223.52195	-13293111334.079678	-33169210436.12031	11712581329.188013	-91067788979.25293	31907465148.891785	-26992284979.013355	3749076496.0638037	198130091303.81555	-19370040968.240345	-6512205180.6928835	22054771789.47135	87441949381.28981
DTXSID3047926	17.14695567257153	-0.5136560461144313	-6.615979561128406	-6.262227397618929	12.20862040934179	1.0634989475507366	-4.854615371120461	-5.468158349530303	1.0537215171340888	-7.620308310387423	-8.804599692095461	7.542882427726198	-13.572405837787004	-11.696546243750607	-1.421373476853408	-5.042821352913673	-0.2109064700002567	3.613342420915641	0.4055968253097433	-1.6817829946280898	5.272590165818677	11.008705255908117	5.769934121809067	-1.8345339213322622	6.61734186192928	1.0824382120858935	3.0214756001817387	-2.581068019512776	-3.028928550119136	0.3993885693551961	2.563972626687146	6.756048194614706	-3.447024961530787	-0.34092239128819124	-1.8875401938302268	3.7747375842453055	3.577822833574693	-1.0823454488994535	4.938232596252709	3.9509928317546548	-2.999521699957567	3.3021035745951726	0.14268822741387446	-0.6120416168497069	-1.2642659667395295	-2.7249785684708305	1.0343280919759086	1.8430253582060145	-2.4223218209787523	-3.2184226458195573	2.3649605709338934	-0.5868362195884815	0.5458464400699017	4.643425135197633	1.4706108012608707	0.8591807754676385	2.5151919176512703	-0.9985686680489254	-5.60337055936052	0.7033194854632971	5.731777743179508	4.81762210530542	5.034110654025973	3.206517400593496	2.302446026483206	1.949737759663006	1.053861759401349	-1.5443712145048338	5.183121059756154	-0.038758365379044146	-5.838849752717524	-3.8150053152264247	-9.891220680596243	7.717575423181319	-8.354004696894682	-5.348340763770599	3.7436472624764545	5.643268407071375	2.8590999630054093	-1.8946502282511355	2.7034674957519633	1.6424242970342857	-2.338933185773301	5.847050929883793	-8.97286962545292	-7.08946441114939	-1.9643731058867835	-9.402982587095343	1.1062005050949468	-2.3284312551258775	1.8811812583207106	-2.939561957532088	-1.8241035451654433	-2.674007022450346	1.7610843537336776	-1.055534820590118	-1.7248403979211768	-3.0297584847540118	0.4704928397351694	-2.4871539062367183
DTXSID4038926	0.36902377741528164	-2.7039479066081378	1.4122479706346054	-0.4941898577843052	1.2449713937602829	1.83486173002752	-0.4176729484757906	-3.797145703275319	1.5216476256758726	-0.7071726333668538	2.003140056671883	1.0929437690676285	2.6430290701910586	0.6154037419334778	-1.2049244078786738	-0.17366704062954832	-0.2937953848732576	1.5004651332755983	-1.654546512121972	2.2154262916221725	-1.5621408403551187	1.3649614918403834	-0.45842030659039645	-0.7812452614747332	1.5795160892174767	-0.9599910722400775	-1.4063814422175114	-0.3288387687689379	-0.28714414328462196	-1.5622963183299656	-0.9951777626382066	0.29244893960250823	-0.5954035513523657	1.3791404575986823	-0.07678225308208048	-0.6205078931321812	0.1919304719153223	1.13635388896099	-0.0939164552285771	-0.34975995457549275	0.7706090828111801	-0.11552048818903624	-0.5903271890272284	-1.4508010297089449	0.3317667226054984	-0.4390255834546721	-0.8733134802262958	-0.3706094195016764	-0.14137444589918807	1.7074370792711397	0.13616708531668684	0.2859845118901634	-1.2660617911776444	0.5327574364253357	0.8287015029627033	-0.3397977325534167	-0.3210876572450833	0.9848475141907458	-2.0916283133756686	-0.16839520707987168	0.6880269292826392	-0.44575623566357364	0.27130351344718284	0.13922397282021964	-1.201438163372298	0.18612996139703863	0.353110601488986	-1.0946763151658825	0.2669685871503522	-0.4849660544570491	0.3114699501029787	0.8501552183855605	0.7752945896474663	0.7732784449587528	-0.6325711199509702	0.2808507518178625	-0.5331610651880198	-0.1247981507398303	-0.16758328688575655	-0.05306654362282728	-0.6210720293768474	0.34335819336566026	0.18300692247206365	-0.43700178350742525	0.17031381175623042	0.462077293455393	-0.8693806366046349	0.7873965994107627	-0.15469417114402498	-0.08911562209844928	-0.14385461364202293	-0.12531506260778094	-0.756992827221628	-0.023061459120711458	0.11658614945175559	0.21332872932776023	0.29140138013952227	0.9952868451013136	0.5762181359457571	-0.06658280832251198
DTXSID8042002	-1.5207737157961945	-0.6445487823534377	-1.6158529330335227	4.852343755679381	-0.10644664699778007	0.4230704808402654	-0.8175859361753615	1.8861714734240935	1.0763129702213805	-0.6491734463491533	0.33519085204175453	2.4812327443430546	1.7255342818999193	1.8023763855956274	-1.8684889261606346	0.7102734547824193	1.0804155919678438	0.4210119868907909	-0.16615798759643377	-0.5955292081872279	-1.2149756555101723	3.0184909284925845	0.8870490460944046	1.3248577671422679	0.2314186383319598	-0.4711185986886101	-2.39155881150831	-1.0400525518905837	-0.6009080933789552	0.39819508834289796	-0.13294924230635888	-1.1361589498648843	0.5370849305453832	-0.28880865757850266	0.030539125086551048	-0.4195154502401715	0.10347708750175552	-0.1390924396198591	0.7708466584448891	-1.2588932555480716	0.37796081260000514	-1.5585076805594211	-0.2087104830605337	-0.3032336803374818	0.3845191183896098	0.22710108371917315	-1.5652525993430704	0.7725265223433574	1.2536459261405903	0.4288967947493631	-0.652905966969875	0.16682331187631225	0.34210256248544507	-0.3910303133382406	-0.9532420327239741	-0.25367851847162043	-1.487499651792939	0.9021054337123476	0.6013540423525784	1.2638852295590675	-0.4202411298438778	-0.028488470474971994	0.8385728177636302	-0.7451042892721289	0.573707068769321	0.3454556462548006	0.4536750862915363	-0.63884109048173	1.0599606708569433	1.3867777923230369	-0.43258732698812613	-0.8665843306667141	1.1846922825935604	-0.16618157685947957	-0.8073277069458992	-0.5316956131521855	-0.21831718868007216	-0.7235725699117819	-0.18025209892913446	-0.37126835065705127	-0.5801311598709977	-0.8391350302049788	0.19112538572371235	0.06344833030160582	-0.9001895648029512	-0.26809368215727675	-0.7755488013356894	-0.12388883995394094	0.006421892090682004	0.3609186888453692	1.0516802003343213	0.8094754287772583	0.7615559982958717	0.45017225105507463	-0.3824039438069129	0.2973787268812791	-0.3924407719194363	0.2689346197418324	0.1164465430684503	0.22673126817623054
DTXSID5029136	0.3575067711621073	-2.140378347046854	1.3631349001729756	-0.9712430766609854	-0.44303205527578654	1.2721449776026093	-0.2867508519321758	-0.11612491565355423	2.0242357966537603	-0.7179903019510161	-0.4490525647921572	0.09693664354335851	-0.07699053498646281	-1.611863778255999	-0.44516077247094077	-0.8660641439764493	-1.7352375342344093	0.5298797789727462	-0.19793429174902888	-0.755403569588056	-0.3394415694717165	-0.03631426168588495	-0.6078322504265966	-0.3241930107981753	-0.08925482822384723	0.26964581464569237	-0.5548314564972956	0.43183447859523305	-0.17347892679201724	1.3021382937995762	-0.12160112470055423	-0.19792167019427934	-0.730648857332225	-0.056646042002354305	0.08626107821095992	0.04071403830915254	0.9076197143634938	2.4624269295561336	-0.8007017838347302	0.3483669427270158	0.7031256369053702	0.2861337446735319	-0.7133506890415486	-0.5090763310536938	0.19159401181482186	0.44205308611911526	0.1493783748437467	-0.38624315054292235	0.48524396572540235	0.5087523087971391	-0.650005697785063	-1.6612724904052492	1.0754208223161206	0.2841066204786704	1.4003928591791137	0.298982452755673	-0.09327779545294475	0.1924194825335642	-0.31212646498293867	0.15645648543349164	-0.28172177304112694	0.6593467412135393	1.1109456233319004	-0.004284937393758758	0.2690673540876506	-0.8575049997314552	0.898949805735161	0.6714041616279962	-0.03486939516440074	0.9858067222254856	-0.6227297050527336	0.1068061359513389	0.5351438556325305	1.401658741063127	-0.3692014962995095	0.3808644095382706	1.1798964993567893	0.07015545970499881	1.0651275586111693	1.2319015228846004	0.11331407126031015	-0.05652618916705211	-0.6585308743868499	-0.789156923616176	0.033289924566699006	0.14769875056380666	0.2540640317105553	0.5577949979919083	-0.4731193253181942	0.5866247124653171	-0.1744464015001472	0.2151658382653878	0.20782452457560657	0.8065723479206248	0.3398408241687417	-0.3431904623316137	-1.245179582384653	0.47703086939693407	-0.9512707228589468	0.984743337689962
DTXSID8021482	-9.485156805498107	3.9393693782536663	-2.813080777408982	2.643739047135219	-0.18129986443150733	0.11881385202348102	0.15109125956443176	-1.3906759904081458	-0.2521755370376831	0.03938987886593048	-0.21933864236648815	1.104039707095505	2.53536787437131	0.13011617632898706	-0.7346778317982018	-0.022674924488593012	-0.31264197419806444	0.4682350333986109	-0.6924028506921291	0.1919090906150661	-0.8057564211207325	-0.20010239153175613	-0.3132706337635111	-0.523549653122119	0.17869472738187814	-0.26074961456269197	0.9221785421514993	0.21511612999739047	0.16892767050308855	-0.7261504525773788	0.8003547158801311	0.3772458080087026	-0.3961561442493628	0.717099685121133	0.05245863347955452	-0.07778846429905166	0.3809662748273368	-0.09012920451490365	-0.6104094706982917	0.9977730467068889	0.6001349858516739	0.8759189196207177	-0.08952248351013933	-0.28015037481832533	0.30342764470689665	-0.3161223933303536	-0.10747593316298854	0.09327729339322628	-1.336400093952434	-1.2779026124943158	-0.6580949665967731	0.8808261576941185	0.13170993112089185	-0.4953140651959966	-0.5441682274706093	-0.4315759551332452	0.8691579379913845	-0.43074130226004154	-1.679981477320599	0.6966082827491508	-0.08586993390860045	1.046389695501789	0.9841612319547537	-0.160581778967627	0.30045621275448714	-0.6890462704701715	-0.7185321877182449	0.6119899434688231	0.44799060593304	0.48183552246581934	-0.20087079375104633	-0.0938211062399431	0.7450842549385313	-0.6689577711987107	0.7004093515435813	0.22873419981866489	-0.05944481582926961	0.24034603176142097	0.017345814710915633	-0.4351466795591081	0.10642099045295211	0.43823145606313046	0.31598478722297396	-0.3177298038345105	0.17521535870538751	-0.8122176129442052	0.1254314239035111	-0.27885450144231466	-0.1413628935605358	-0.24230892903470533	-0.06236377450261656	0.09905002788400866	-0.3966846983065729	-0.08566491787726375	0.2015438347192215	0.5548361480624048	0.9704763374652221	0.5286048445557159	0.05026676435606362	-0.04606784119602838
DTXSID1024467	-6.01165526217055	-0.6246135080568811	0.4641440994775423	0.03543084191241655	-2.4124869487960123	0.31816575443052625	0.5205796012201876	2.637815622343854	0.5100661022671384	-0.4242756532467324	-0.36586816332780425	0.8223473700470966	1.5944965111241565	0.5493642323313733	-1.3220718699267777	-0.17433032075217827	-0.10706572760296021	0.35339941026779736	1.2700273586901007	0.5257237436335732	-0.28231048197848096	0.653835602930615	0.11078973982229016	-0.9404767384748838	0.8943953758116112	-0.094220492919702	-0.31969130977240096	-0.4463444604585508	-0.6105207638912601	0.21637981606987075	-1.0945561706355484	-0.13464915781937772	-0.37001123667607827	-1.0802515848354821	-1.1530610670099235	0.5022521003155737	0.3688012225128641	0.754580928883166	-0.5425196705212096	-0.42670446464336387	-0.11562178083114194	-0.46705873683969	0.2367727090030725	-0.07363573423510004	-0.36605227101524485	-0.20749409582081688	-0.11558802245677394	0.7304634928002859	0.17122230714368972	0.05404626901303538	-0.09620794889091079	-0.7312475516752202	1.0508810967998072	0.21871484596183288	0.7137581828083205	0.16805332251914426	0.4207554031408144	-1.3469136835169342	1.1318068464256217	0.8742165352040259	-0.41170714803105346	-0.27133702265242354	0.7729430375761376	-0.06046009394981777	-0.49917579596110395	-0.7006089972384805	-0.9246373609524776	-0.028625567259040124	-0.48797957797546676	0.17580032485659508	0.45690647168979864	-0.020168013415897437	-0.6961426751796119	0.23351266672955173	-0.1494792706537129	0.025406072465250118	-0.6904317165873634	-0.5719172237526131	0.9016331041701471	0.3508362402931698	-0.6479342196358228	0.38374932671938305	0.24581512831831395	0.3027163733446303	-0.17187617958622362	-0.043526651535641336	0.5355418114445661	-0.29793746143315936	0.8204123108058041	-0.4737026012818201	-0.10333042360068305	-0.10474348169018559	-0.3300339404975818	-0.6512277643341257	-0.23038874169114437	0.05166619472550026	-0.3112106800368815	-0.1793182737523311	0.25153948119780084	-0.2729759040234592
DTXSID7040736	13.892317739939786	1.528622776504159	-0.9759912462849478	-1.1446254668310207	2.486658311185366	0.011332823553664183	3.5789351728907253	-1.1779390196420358	1.3922334722208525	-2.460115441126295	1.3724700280753557	-1.2675778691258364	0.7277632978362059	5.939549173510101	-1.1995083086681149	2.391021035601761	-2.4910056662215903	-3.540417980730824	7.531730746075039	8.571586601595493	-4.658211553756566	7.728253417079149	2.939673691026681	-2.595223914455817	-1.2634270208862068	3.3327425248140923	-4.4280898470440135	-2.936747121480006	4.169347116465167	1.2051330066685648	-0.7748601053522383	-0.6926005226296192	-0.8640902551734403	2.4207264891365767	-3.745254121954222	-6.8789694579438825	0.3299072884874389	-10.37419069086006	-8.627419318031798	14.116487746161326	8.158050606303663	10.335970931062864	5.223627749124061	-2.6336794281129503	1.440583701074099	-9.485994288691705	13.172239081386682	2.2387064769627303	8.557512757287007	3.7835955524817684	8.298302132769246	-3.119957267487691	-7.149135263409929	-2.378247568841469	-3.6922191413942786	-3.872227050017071	-1.9342507374465019	2.9327274550759252	3.159410431098571	-1.7262921319502131	-1.0414435953084507	-2.6821594569879634	2.9530935396130618	0.03208687294880393	1.8207989576020753	2.5637847292782476	0.1622997092569853	3.2215737462376826	2.325516345000162	3.1786082203643153	-1.40479282665852	-3.631332961764088	0.6938252259391744	-1.76972481846793	0.8078177644054595	-1.192759706683492	0.8590534009805482	-0.8435958296798036	1.5047901454352994	0.5095298472980734	0.9769208340329437	-1.2224676097240696	-1.8373373102363753	-0.5197632742203884	1.389342710834654	0.22380070971569488	-0.36309392158681547	0.06929920007396591	-1.0482333421987986	-0.8390894800757104	-0.9480207276070363	-0.5284352066776296	-0.30406506106172326	0.5528382505249605	0.7042490555422891	0.3990821774013928	-1.6104169251081337	-1.2916647843598013	1.1506817363842454	0.4891617941880452
DTXSID8033433	-0.8410117027685552	0.34228322512200937	-0.38107600347079074	-0.5325225375589843	-0.37790865495549225	1.1873870142351974	2.36896293264216	-1.9914220992453544	1.4555151345312982	0.12888634605982058	2.872308910270145	0.47845677550988464	0.9333371021832937	1.0199427064572089	-0.3181827462219474	-0.2343088768827003	0.3840296091277641	-0.0864149211725084	1.2394764985142688	1.9659246960857646	-1.5484172077935956	2.4310387405541825	1.290385016176848	-1.1350631685499541	1.6732642267665512	-0.19260331228228905	-1.207208689208557	-0.5170779996104532	0.1648067279964275	-0.5389103701061121	-0.19033711037580175	-2.9351587229631777	-1.1607390247252594	-1.0574057619772177	1.3683827668901483	-2.921800320324567	-0.1602463760434094	0.12442206613410259	3.235233728062674	1.679948367235606	-3.4715167947923558	1.139090127127233	-1.8544801465628524	1.9262816789706427	1.726006275647674	4.687077601604277	0.6301012640974348	-2.4711773784117432	-1.2034304359166694	1.0596900746139315	-0.13374831350584848	-1.9555144140967289	-1.445541405981443	-0.7237975693994477	0.15271456973114544	-1.4049070502896366	1.374434623329056	-0.5061228836678235	-0.04122619971099583	-0.3141241533801294	-0.27429387958327994	-0.6921243292337037	1.5607084871371404	0.2893942667548468	-0.2590526535582832	-0.2698138848947332	0.054201290925755534	0.49674318980370763	-0.5725390923485693	0.6139680003845354	0.09288510910463894	-0.3208406315837015	-0.6926107767535686	0.17844371547436577	-0.6224800944526605	1.2221828094312766	-0.5247979181093069	-0.2748173057210153	-0.5613374799139839	-1.1245366505376782	-0.6515950713430885	-0.5886816145889625	0.7051445726878104	0.22039230318997008	0.3091672674942939	-0.6836869122288669	-0.5569378781139717	0.735461069534754	0.8594127321817039	-0.2771302785741506	-0.4439235916705529	-0.33349893262460023	0.24751730966784685	0.893489138262777	0.022687844505742124	-0.14193894613321464	0.5096063180285694	0.4123755459702425	-0.1060207029121056	-0.12050227312077362
DTXSID6046210	13.618346143586423	8.745143980674415	-1.8757737017378906	4.204693942387809	-3.4755067581835335	-0.9655410601733119	-5.176904294658074	-2.032116048397402	1.0148661266691807	-0.11575924530382634	0.8270867782918595	1.0790637008827655	3.728070568741917	-0.2986942971450236	-3.5268733102788694	1.1042986847917013	1.1923343309405088	0.05852214500778868	-1.161001031174786	-0.31838013573803076	-1.7419703113915022	-0.09514289047049881	0.10434741334260157	-0.42539964788933066	1.7590471119902438	2.662998884501964	1.3096143669661025	2.2314869685970624	0.5164991264107245	0.12492463017444745	-0.5123948128235079	-0.7058729053195306	-1.7938247454567513	0.636279878942664	1.2263407372681312	3.6533853397567593	-0.9960163506995185	-0.17962683636476587	0.46237932803944437	-0.1220996854633349	-0.0878225845296572	0.17862324256735745	0.9360044220382966	-1.0959567570601458	2.2466341694480385	0.09023941679260132	-0.024464786523120768	-2.5320644160450048	1.6840271254786354	0.31004874599067384	2.5329855382276385	-0.17624758736960192	0.0722166280637765	0.026078917064821603	0.3433879202299983	3.022791808650769	-1.1955043291561551	0.5232540226762917	-1.1732967429933685	-2.644440686716002	-0.3503855025287148	0.20264324525489363	0.9091881652195074	-0.8237247089564944	-0.0854333265196686	-0.2126482266673039	-0.9332527997926127	0.39890352192729256	-0.4797206878175757	-0.9765431665096773	-1.2068462616383413	0.07918777412351473	-0.19753209186112705	1.3351792040164356	0.43266486144466154	1.9692249950725025	-3.0038832166441094	3.1300979760029466	0.4628718642790533	-1.2330560939964004	2.2997623135877374	2.728455953162448	0.8020746589811317	0.6932074118581382	-0.2919963475558728	0.5245332743712458	2.76129643804271	0.584791019738352	1.025011036998437	-0.20745053826868556	-0.47559895650941564	0.4672666210641747	0.31084343866869835	-0.5472604058623527	0.19480008696578271	-0.8717138545358767	0.5777513427473144	0.7514281275640773	0.0006986404010692912	-0.48342373997659094
DTXSID2048749	6.70205112574159	-2.4208170389465686	-1.5216594767649698	-1.2417241513208193	2.3333711723247066	0.2006647486512764	1.3212189146399993	0.3077710967752633	2.213332650080707	-0.6894862524199523	2.602073641137222	0.405093197399531	1.296480416650806	0.8734290170784476	-0.2742653216389616	-2.0121731291075178	0.0105622487692873	-0.5971020139357006	0.03919321735768529	-0.5384796400741	-0.5278357690892129	-0.13522677247447204	-0.4365985839562877	0.5607732155060192	1.7326093358443566	0.23819099572059096	1.6608654161531258	-1.5836481908529332	-0.15629744660708736	-0.21158148110811764	0.2046953414452983	-0.037166654084103815	1.5779988949325758	1.3638391062522244	-0.6458111392225893	-1.5131796087886706	0.4486315026685	-0.8224448413858044	0.37350939938044825	-1.1632687557056958	0.7748355645879749	-0.8106896758926747	-0.003880766469964239	-0.29362959497856206	1.4695931924746943	1.2764376118176932	0.2791167600050675	0.09680926260359608	-1.1267566959896498	-1.0859196391282442	1.4798409107507131	0.0964024855536509	-0.6929730152727738	0.8968687307818795	-1.9532401358664762	0.49016074878543897	-0.9411537541479688	-1.392926118953895	0.6675952082452739	0.04195214924738115	0.38661100375482527	-0.042661833706671676	-1.9833956896703606	-2.1490623902958808	0.6055599502534559	-0.18965360088117492	-2.1289874039190813	0.4769571139262528	-1.766423792607822	0.5915306412555676	-0.5176368621741756	0.5174878979556563	-0.10964151788786032	0.3127505547936145	-1.3653677228065333	0.6989537771524108	0.3156232623200874	-0.8711858389033417	1.7225699470662403	0.5881672588558517	-0.12650452536792306	1.5531199906846787	-0.0019338176842739893	0.14767321666846925	-0.9164104754009926	-0.3162179268319303	0.16695691613934732	-0.04645671048156427	-0.3630263911136098	-0.5871283445751851	0.0026041145324647358	0.0031360466484292512	-0.5304096389143181	-0.7615754323448348	-0.6492552542259579	-0.4157822984420287	0.06824964270320061	0.2163176996375323	-0.465525837067209	0.4589272634445524
DTXSID7048794	-1.0461962417092214	-0.49511534980367683	-1.7292291677984672	-0.7709220593957016	-0.2905612537429362	1.8901590985779357	-0.1473366162875024	-0.17665399339162755	-1.0079492065506992	-0.843781380756275	2.036717982540537	-0.7064368241960727	0.7613626566669469	-0.22736681639236997	0.7164878163299537	-0.5536299646874504	1.012997185811505	2.20228600429761	0.05393988998309659	-0.17843454330814465	0.42198731769483605	-0.6969710514501612	0.7820997356828931	-0.6378233476324666	-2.149596041505213	2.5888921772674895	-1.9934666171507716	0.20172397541781106	-0.5668344666147317	0.7831516368183392	-1.302866159328288	0.9343978703829549	-0.7180142954029649	-1.5472957002711025	-1.1623533570659546	-1.2079132844359926	0.02657371325080883	0.8391531970670079	-1.6801457886155764	0.6670649689426447	-0.36031827449381565	-1.7511223400592641	-0.35880056246693487	1.2106295233238942	0.9969664725792492	0.18806229839827157	-0.31699890483331294	-0.4860361405385623	-0.11805097336234682	0.4590140596223959	1.346051359083534	-0.9168217874047543	1.8028017987305929	-0.1709188998096446	-1.8094170644538492	0.39541138876969556	-0.1590024189277636	-1.9458829752993454	-2.631547179485757	-1.5342210834456556	2.72251214604548	1.1678411095281827	-0.790442731894685	-1.4713152468776458	-0.35490253353403795	1.5672143102674931	0.8095335372844381	-1.2114831455077022	-0.1761993122249852	-0.7351785546914616	-1.976159901005803	-0.5409586422564899	0.5652028930371348	-0.4371111115523217	0.18026372398641033	0.34251846779512735	0.1619032176652569	0.18237824572348188	-0.5109618855026857	-0.2614416259257347	-0.6067287836425118	-0.09008449921346443	-0.054526389549747215	-0.6800190741449529	0.8159644881454746	-0.42490433416267626	-0.2548375981066343	0.2639470901198114	-1.2772788115309361	-0.288014447043278	-0.7414454901515637	-0.012548672729341992	0.25167395455143954	0.6281310712418666	-0.5586034782202317	0.12864314924719886	-0.18493486863815103	0.09614243643764643	0.3238718959738239	0.2175985605556501
DTXSID1047283	10.923199160177345	1.0802439652486222	1.864927180443567	-2.279767265018282	-0.8981604850234143	4.42535334221458	3.7899639373013376	4.149332239017505	-1.6689428759470668	0.22350290549118565	0.9424651694282166	-2.6785758268473816	-0.29179265452356845	-0.957673294429456	1.2917306733686054	1.721817170524779	-0.15768213613159374	-2.6865291800755484	1.1301446002013382	-0.04246603016487748	-1.6706329838014806	0.48080991687811686	1.3574231914958952	0.36915978312406483	-0.3122307998494801	1.23618976993129	0.6623610439341466	1.915456644189123	-1.99559747931039	-0.011531297697017358	-1.0535119378780973	0.10350777252751575	0.4154885749618313	0.4291080880327756	-0.4033357978095296	-0.2651509822699751	0.3537217054967978	-0.5687813793307757	0.5989854113496182	0.2988287575888674	0.044117769901470365	0.9401967218937286	-0.2703586759273071	0.9132462857963008	0.4111637108876107	0.4068219728158955	-0.041826239955901456	-1.3252936229525243	0.6925309125225861	0.1460886551476569	-1.807893358549297	-0.055689985907382444	-1.1356817348158121	0.3233619403950664	-0.19366893218539513	0.14578666236258025	-2.395146777161408	-1.348182215742698	-0.1300314105385296	0.044651371925185125	0.5733084332968899	0.7155820287821664	-0.35029909990228686	3.375473434197205	1.5314294621181914	-1.4421680016071088	0.5250762762216024	-1.7930311462960964	-1.4025126062904039	-1.177927774520037	1.6325909934130711	-0.7393048823476429	0.07075175288257735	0.7791026560886036	-0.3252692711939693	-0.6145911892181198	-0.861940010628184	0.6380656925679612	0.24985507760572975	0.3423305258126591	0.56687958391312	-0.0534543842428403	0.04436327869708361	-0.4077134334957661	1.3106565801126329	-0.13793787841119354	-0.1262685051880111	0.7226126312163826	0.6180946367788053	0.41586873549147574	1.210458949936126	-0.13833488234283345	0.5731392840462439	1.3349450828250216	-0.9170484960750525	-0.9247350569761106	0.19056621511555716	9.664644492651677e-05	-0.4484762828651539	-0.6105317108619199
DTXSID5057753	11.219997005418042	-6.897995738155347	4.171614672161485	5.140263261139356	0.6457016309463467	1.036820065778132	4.473291527772594	0.04553122547124286	-0.8577786740688593	0.6073512631828952	-0.8418912765960582	2.0753569387712925	0.51480859973613	3.058257675747546	1.074166721970424	-2.232094354744919	-3.0855269497118534	3.7285592035788824	4.107106841657975	2.397694631100915	4.142525548132839	-0.7619518714815607	0.16205132264640923	0.8994370004090622	-1.8573813401944272	-0.5658084256157642	-1.426405670299281	5.779941219768025	4.400301710596768	-1.6598109277329456	-0.03631796283279114	0.9429423090341587	-2.0584111313105224	4.200563195585766	1.3036855517708392	0.9043297256810731	6.309981975314217	-0.10374142306847521	-1.867180029508664	-2.3261153115249624	-1.0429118200565493	-4.970785500266867	0.4696145309808116	1.8583213638951392	-0.21102987607477097	2.274755380681672	1.106986115187526	0.6348355805842261	2.8913300132354363	2.082463071406854	1.9287739055496391	2.362959739616121	-0.26556897575137395	2.4570778434266947	5.558410784600608	2.4675939419600263	-0.7330289681675657	-5.04999399869317	1.803193887267671	4.85237997003962	2.023458138728736	6.636005669632676	0.7300243600395693	5.226118127956089	6.690643307291638	10.638517689016162	-1.9217888872682676	9.636339643677882	1.8411977202726952	2.0538280813027616	3.2995111331385543	3.9709709205060832	-4.138817057989707	0.03716610219406292	1.1754584690229004	5.423628287480153	0.0420169909971858	0.4449392657238466	-3.9232396931845517	2.0787865258560383	-1.0093604338565165	-4.058926208084298	-3.749281490861187	2.4350691225611407	3.164927646604093	-1.9176458654765878	3.0021511227154845	-0.06958241705893971	2.0817696330574975	0.4392499277292738	-0.560950260112202	1.9686620295327417	-0.84853934650728	-1.0058450987071823	-0.768290820938477	0.4414573577541666	0.627942287455414	-0.33428181406479063	1.5737334841551904	0.024173813927095923
DTXSID1057824	17.383997297087642	8.06233897251915	-1.6225671612318655	3.662783869928399	-0.8663267842639939	-0.2667711495674601	-2.05275587011771	0.17532083311456031	1.4265847930682076	-0.4677497806506691	0.7847789787092104	0.21063016917153934	2.9246023205520726	1.9212850870478597	-1.8450509344152501	-0.2729360565232169	1.448455421258633	0.44053055718090983	-3.5320470441921907	-1.9664665934068104	-0.4037252306886359	-0.9507926528692644	0.4036961973976933	0.1976887822155792	-0.23509088219643381	-0.16438522472169217	1.3403295322221362	-0.10382849421339954	-0.7665927475449483	-0.3246158698094061	-0.8855649917258932	0.0926646735130293	0.8042523774728646	1.6960446732156704	0.15603094073313	-2.0093972827416797	0.9395430420848934	0.6367232361802568	0.5403165973918901	0.7949546745746838	1.143447258639206	0.16738724566066743	-0.38931742418612847	-1.7292560495233344	1.1234513186713675	0.3836932461287677	-1.0661665933917	0.846621103472042	-0.5603540449682518	-0.5531019498700908	-0.24858047313456433	-0.69985007922725	-0.17810863021955387	1.9132093117261244	-1.5950093289331186	-0.44986975997207324	0.5282895153843717	-0.11504174213981959	0.699857312780374	-0.641084567945659	0.10196594056776061	0.5405286906666642	-1.0848230577264555	-1.4766299563305936	-0.30217785489366356	0.2819939225900563	-1.9329507956695358	1.5364846648234076	-1.6770068265650548	0.3249288671692172	-0.8866826635073767	1.3249144394882177	-1.153359341377197	-0.09303939714666322	-1.622006871845887	-0.2666104998626396	0.25945967397268915	-0.20776884663407164	-0.2034496542264334	0.4310101102895158	0.3059227941021001	0.10258883263117546	-0.6085740342918935	0.08595857841455137	-1.270394985393199	0.6170769692023143	-0.6663564002332655	-0.08977972689573828	0.09934905078758383	-0.2830128004985692	-0.5116826907603967	-0.0053305906404268275	-0.34586626338091275	0.3613786194825518	0.7419135066969647	-0.02449577972517674	0.5196996760707743	-0.46985569027598917	-0.632327439772364	-0.3845265988954579
DTXSID6023315	-2.913456764843268	-0.6624778247887533	0.7374269309572212	5.428622684116991	1.672921541265981	-1.1404016390910736	-0.16057103482295443	0.10465205805310272	-0.5677940659371437	-3.2337932722127327	-1.2230516838390362	-2.028947132852836	-0.279411984560642	4.5608850375764325	-0.2680838405408972	-0.7485907542646849	-1.1681793216875247	-0.553184585157401	2.647608200678089	0.3193315456840767	0.042256433763414106	0.2959696013249683	0.15672284139696727	-0.2065397857316827	-0.7485502250903893	-0.6023943624092972	-0.08418279954772574	-0.20553121607779812	-0.14448689233972037	-0.40444377741407767	0.10215107727419805	-0.04092356592546198	-0.4955556311388893	-0.5561006998312464	-0.29687743026829155	0.34675192916786574	-0.11645619333687825	0.7208133658162448	0.06489670080007841	0.748584098567879	0.03009561537759954	0.3768290908718251	-0.37424026124680015	0.0272281164574407	0.03156022586374307	-0.776635440566079	-0.28618692421550773	-0.5592255153003168	-0.11490013432284868	0.4517999651786337	-0.7401129457511488	-0.10433145032009693	0.45206220977619205	-0.3867752345539372	-0.2859802022245393	0.7129026880311583	-0.5874391661395727	-0.23200835349706544	-1.0892104504800957	0.042219379268040175	-0.4455518144867048	-0.1454552894315461	0.3724757413032292	0.2711036393015125	-0.6261389384280552	0.013395071910803592	0.4028752142243192	0.2094944999000384	0.32820721629334965	-0.28059954815921617	0.007648909773673852	-0.29233392008021547	0.1433456675771598	0.2365486215653484	-0.061802359873659805	0.13527085599548405	0.27408349167221907	-0.2088161167076658	-0.17190776199204247	-0.25572830729082174	0.026378406147917716	-0.1606050586428811	-0.13567661043821208	-0.30718348018396785	-0.33529855845428613	0.0006617536479098746	0.012200775766988706	0.3042674854622354	-0.14674380257950057	0.25019228943664	0.013548325112957836	0.005456843666326205	0.3201913060476781	0.042432509979511604	-0.5392706725607701	-0.10319051377726898	0.14623221055572116	0.2938667725335118	-0.4083001249705967	0.23607856548204506
DTXSID7025479	-6.5571361904425	1.1861245837686096	0.6060920556093252	-0.026761512690202136	0.06649776247340135	1.3481467514983385	0.29560517415889875	0.30697952841913567	-0.20637454509151	-0.4095012751199651	0.029563312354668282	0.5045127101660163	1.415839735386063	-0.8062074728829222	0.3368690344557953	-0.46105404184668164	-0.5809561563833522	0.7840223764295196	0.5264031336500608	-0.23653678371271789	-0.00555949052640096	-0.4949984583340086	-0.04377602065762135	-0.1693150393885917	-1.0949965731591371	1.002409214159589	-0.03875641229032867	0.2659993559154818	-0.543540532705011	0.5956134248484489	-0.21658278233175693	-0.17923410430459635	-1.0597669124565519	0.08465051009260227	-0.26044503506956207	0.13829795354494254	0.32553427270992236	0.7525631231051958	0.15364487933509202	-0.28410224573605225	0.3889416093254201	0.4599500777668011	-0.35285322868809416	-0.3552421067782484	0.5270943282152594	-0.010493898238027844	0.19609543489501502	0.44105040305848064	0.28127111581935754	0.19023329513126314	-0.4780510118118112	-0.13487467451451113	-0.20004672226891687	0.021941792442454398	0.31639496158161046	0.21956061043589004	-0.4584351969069551	-0.7673191399765156	0.027764010366640838	0.23152731231673032	-0.7333767771538273	-0.053945198057746425	0.930635806764685	0.03272645632213715	0.8128844130415992	-0.617186419346602	-0.17873666532680932	-0.4560020935855073	0.10645490034185848	0.9421429545931199	0.26265829886820674	0.3672688451890928	0.29224185492463917	0.9122562039203093	0.1035827868509702	0.005778767431533681	-0.01864304636329462	0.2153983365221764	0.05704378659265036	0.517006709380298	0.0711386823609181	0.17139607003393567	0.23376201649971282	0.03232860980955148	-0.07949550858312404	-0.07317291867823425	-0.23451508091012585	0.4111141934389553	0.2965299572665168	-0.05154847806240654	0.07020352169009043	0.014222201593303533	0.026657610395865953	0.5096315707635967	-0.4190678550404479	0.09078484674603718	0.06106159220579927	-0.43562113566000205	0.09926076430917975	0.42869309376029224
DTXSID6025149	-6.745656285345498	-0.24018705656586775	0.12179209229341173	1.2107096272423077	-0.3403890263698787	3.0145394863812314	-0.03981834274908834	3.332052144521309	0.6582827281027974	0.46718056637056127	-0.4133639792027024	1.6027804611438936	1.1274772548997773	1.0999105177373116	-0.6539907364191214	-0.2356464528975163	0.07245323638594386	-0.9292650687238811	0.519849014981603	-0.5652668376814137	-0.3907085666542022	0.06511186041133463	-0.7269182365025151	0.5912770161408786	0.688415908562277	-0.25298878267008074	0.18820342336125936	0.7392793340731559	-0.6277380102785841	-0.019229779157225388	-1.1744623007022774	0.28428598255368775	-1.099936019551125	0.6225441173750724	-0.0070709312307231185	0.11993927967064592	-0.5108911218984853	0.4295427636690076	-0.06165062822355052	0.41531984415659473	0.04153317223609632	0.23290163632634917	-0.17469086612879425	-0.42354277113934286	0.46284969331994635	0.26667033345290747	-0.5037810149416787	0.3571715819363849	-0.30832057689949943	0.4309437089760322	0.8847900148437676	-0.4457938439352287	0.6079739894961629	0.7011792221476104	0.45992470194522683	-0.19860516189705615	-0.6352397599273991	-0.1695900164987563	0.13687078264086983	0.1427380183948221	-0.342546023838411	-0.5918374748798908	0.5179882910004462	0.21230858369129768	0.8807308379067058	0.2870298950617679	0.31671686134495913	-0.34249324634051254	-0.33059759065876604	0.11498613686378484	-0.21995853786828376	0.14689393517986074	1.0026699982862575	-0.17190523144812586	0.3911273389729386	-0.7525596275235058	0.7511959631672478	0.8296125851699886	-0.46812467988868434	0.1722322795147287	-0.23322954575654634	0.12650112377192793	0.5684365410060928	-0.0546890041220561	0.05551305433963092	-0.3043157166338775	-0.2951514009884677	-0.02135719910652114	-0.003802157396421258	-0.17019498834470048	-0.10385427245931055	0.10479692729216238	-0.0661498955034032	0.02488383957861671	-0.04403326039732109	-0.02063181630022144	-0.04260127919937009	-0.21770247523658898	0.2808762489730293	0.10441958413777186
DTXSID2046208	2.6845406872158906	-0.2377611987791919	-3.6896574289773545	-1.1074369321688373	-4.818430453212135	1.4378978433039684	4.858566282717153	-0.41768553735224767	-1.7658800188084356	0.6459098101150123	0.011052785790182039	-3.141866946943732	0.5022250627180765	1.274877453970055	0.08340746272448539	2.4309233228965375	-5.448867573892695	-1.4700393051511795	-2.0781598971008273	-0.5590789001949334	2.185569048175836	-0.11072390629237173	-0.1749155970100535	-0.46535107351845445	4.044152006795488	3.6168930325263577	-0.7411507922877069	-1.4528561154862396	1.9860327524601231	1.5193038707668793	-0.5286885923645835	-3.501883667606616	-1.301016371580178	-1.4195255954886141	1.0367384208794277	-1.0864023162540049	1.3798102797532126	0.3334876739343033	0.230605402769538	0.30810355521291083	1.160446605554369	0.11217555928518441	-0.018297491891511454	-0.6420197401090278	0.3491292322768636	-2.613338462226417	-1.4369542329828424	-0.6389983022131317	-0.814683842749234	-0.8228318568795394	-2.172334351134438	2.550208935894626	1.7347053859047694	1.941774556115561	2.0272928835525046	0.36485951309032705	-0.9419064788676409	2.4154841509608476	0.8570245247188819	-2.486542066204142	1.7688759447413043	-1.4525359920467498	0.7345155183051115	0.340874866083279	0.24071724914466494	1.3638635981579599	0.35056736369205926	0.7693106941373392	-1.0202145306195736	-1.0247297860704898	-0.7292923335438177	-0.01574050305585722	-1.2024672527279103	-0.8236491907938034	-1.277420397362664	0.5422247633012734	0.19064444217209214	0.42707023063214733	-0.3656246920327957	-1.8173859839313953	-0.8222452940405899	-0.926797804671523	0.34032382072362843	-0.04467421235243543	0.24355626316954454	1.1106408635920106	-0.7969069373622791	-1.2585069467163428	0.09880066398459339	0.436037439437183	0.143005530719791	0.14285514659085938	-0.3532404214920267	0.8899266119772878	-0.9302662276133778	0.41965270497752843	0.0670579906877321	0.4283983025040462	0.23405328072694512	-1.0412793397667623
DTXSID1031626	-5.7421250682760805	1.596148241595298	0.6284548379508366	0.2871523755051781	-0.9688867120557954	0.8026728680805881	0.2909922795638849	-2.0220646696881546	0.5695464160764804	-0.24513082471947098	0.15099939307388008	0.05029177865642468	2.9200909589124286	0.48440074663614263	-0.3861043729967646	-0.11698406851745076	-0.3639988443434361	1.0053807553397578	-0.11253876818408909	-0.11323784746613677	-0.5155535858298849	0.1297679288321823	-0.6543937910505462	-0.45774188164704016	0.8852793575049451	0.3082508022254341	0.3070666868525241	0.6859486486465981	-0.11607194919440396	0.8512928026029023	0.15555981851985126	0.7208359322887621	-0.05815698537747783	0.01681165334749241	-0.10399543127131985	0.4246890313720156	0.4968377748696514	0.8666830142635321	-0.37955248494623983	0.35820621931614915	0.13812898178688182	0.13826894450730604	-0.42140864002076656	-0.500865978191325	0.02912508365548293	-0.09620683193703534	0.6821328870301006	-0.022603073221062104	-0.4482761775685219	-0.5092190520616653	0.22697365599309327	-0.5932600511733717	0.3588245869783694	-0.058703779813802724	-0.05631139065221658	-0.5541169475865128	0.21796479645544226	0.16478017592408106	-0.14872037946198682	-0.03642279229824027	0.6451448361091112	0.07389987947415909	0.29002447898699957	0.5609216728316938	-0.4922892722416895	-0.08651924891894736	0.1803709534770651	0.01487161360654426	0.220569602797446	-0.48920659190310944	0.20902680948234104	0.43244529404977344	-0.2220524583232838	-0.23391145897019106	-0.5930233353764566	0.23814047896582138	-0.0039194386219726565	-0.46692314060219614	-0.7635362698594869	0.28348569138336466	0.36470485850598444	-0.24928529020146445	-0.21354132655974611	-0.3083131432076973	-0.7239561404229694	-0.3175017061403245	0.25924102129454285	-0.22455710135552026	-0.050066406177174144	-0.1430592969180348	-0.506695804190529	0.024644640403262107	-0.0003302926325412313	-0.2397827646354773	-0.022216774393715524	0.8766946601961921	0.13880218415042317	0.2862323716288022	0.10370624104555913	-0.3788974718649544
DTXSID8020755	-5.585608465459795	0.025888753695209526	-2.849308397735308	2.3209383385732214	-3.199386638855275	1.2199146510585095	1.6967813098280013	3.2347377641570962	0.40373325011420025	-1.7362567636455475	-0.7396218058701913	-1.592741837962906	1.6790193237878739	0.27224103756812557	0.16606014722765067	1.4172570626492353	-0.4634416672699174	1.687431931888095	1.242576808341814	0.3460436838558553	0.5924027525988607	-0.4361806375459549	-1.8703659405849755	-2.525110606682899	2.443733920657656	0.0999431536136061	0.44564602195659464	-2.6750914055455044	1.7321280626607851	-0.45735969518702224	-2.431697813202844	2.954866970942341	5.041906274658658	-1.0495783027869536	3.188064305158129	3.084348807961101	2.0055158746955706	0.19423514934084174	0.8369578038290706	1.69653415768658	0.5672968067352738	1.6553824499789112	-2.8968172292853707	2.4468613907953793	-0.5678373234749116	1.271774291719228	-1.501464740655899	2.6308274558302895	1.5847085128103031	1.2963856687843254	0.6738470972981225	-0.3439262328717847	-0.6376599903375643	-1.8325486399071	-1.618494869549559	1.9708446258378842	-0.12347474811327269	1.5075669240559924	-0.7895210212860229	1.147691981792803	-0.6163484572367308	0.8674720853518035	-0.02840999278094179	0.10750931130619117	-0.4276721483457331	-0.2846186975378541	-0.6783510036465237	0.16954713162473	0.15341063200564872	1.0857756067236173	0.07755136030395013	0.7774649969415263	-0.12561545305924404	0.08367832144372714	-0.38080069659852556	-0.3443226068811514	-0.8679041875478456	0.849006642600014	0.5859703566695633	-0.5648628396876177	-0.8167348441398145	-0.28895309858528556	-0.3462263562769611	-0.2573691023463232	0.19424200460370433	0.33506861858169196	0.1293738151563857	-0.15702651745246884	0.06339546324133971	-0.07915226273749815	0.206117146383404	0.15787808274789947	-0.15942275926364805	0.14243542092228895	0.04634391362537364	-0.194125505460116	-0.04226894216495792	-0.8027068788405752	0.6203110620892206	0.1918697002544086
DTXSID6023363	12.098429578493999	-5.369182377969555	-1.3704772587747773	1.462037956061818	1.4934535590191587	2.81104511927446	2.392708632786594	-1.1930588060517189	8.879606936736842	1.816267990978957	-1.6286185585356139	-3.0526297770796074	1.5609912287708028	0.9303635192207612	1.52135731386903	-0.14114834332666543	1.8092050395245527	1.2165767103123597	-2.5517977692790623	1.5971999119181208	-1.0653409539438556	0.5937710872273279	0.9024065207421346	0.7000659556486584	-0.20210415614223615	1.0655749989899803	-0.43560049521805727	-0.4780693139369079	-0.5504784760129974	0.31352869980228754	-1.0023907251143152	0.9933512172743574	0.19110781826177023	1.2587298450031634	0.48065869906096526	-2.0451518162075453	0.5122030592468	-0.6846996289490515	1.2641349182177704	-1.2700032355047612	0.8185405363064283	-0.4200827945221535	-0.37189799468051044	-0.9816404208407498	0.769633675917323	0.7866982167719629	0.5973763796644087	0.5561419115579974	-1.4152818447511342	0.7545908943123667	0.9139797858605714	-0.0841568875024275	-1.5971737498096699	1.3905113538555571	-0.6240781417456475	-0.05170486997055095	-1.2662759255845235	1.8665875062582817	0.22521769828968943	-1.0839981893602681	0.5740045133172789	-0.4257305266177372	-0.9910791310264011	-0.3375880900495023	-0.34440003135823105	0.6185028763084456	-0.9602991254715992	0.035615834452450486	-2.559333508057251	0.802838449905042	0.2758283307134828	1.7217322159548607	-0.48143616816212353	-0.19358848601023892	-2.263530579684899	-1.5205465008211365	-0.5524777641563161	0.21373757375326632	0.6502702546072902	0.07904339691435973	0.7894074090448995	1.6298563751323918	0.033730185527929675	-0.30247387683612836	0.852205772155451	-0.32347159132718534	-0.3206857053477915	1.0334342479864718	1.7402411512569937	-1.0496548282438876	1.6633373499415836	-1.0020658464300425	-0.4591167975345059	0.36360064929844166	-0.1380339898270292	-1.104054365997293	1.1295366111584626	-0.018794286254740347	-1.0883759638365218	0.4450891985182298
DTXSID1022057	-9.37336955528918	1.9380056216011845	-3.1172552794578086	-0.37257577801481995	-0.8714368978099691	-1.0089817454672811	-0.6307292187403475	-0.8249213160947384	-1.091762338744398	1.6351697984974116	-0.5383620467457861	0.36063318036363157	1.0221708838934807	1.2930381621978924	0.4495726935037736	-0.6694493816129711	0.037200790079802544	-0.35306829283678404	1.229666697092449	0.0028004704543614163	0.0015196135251294752	0.2902878830003104	-0.9898348197430087	0.4953237862153289	0.43312975897597217	0.49804892990053873	-0.35569845189798277	-0.5526313833426326	-0.4337160657261072	0.6130111983098616	1.4504300977990012	0.6022224567024852	-0.007004742855979317	0.15670781314068838	-0.5050590346917874	0.2519427162495494	0.48202309134199817	0.25617118696321617	0.11220668879758249	-0.03200095815377541	-0.2969827189528105	0.4467432093362843	-0.25881316048622777	0.09799770795764204	-0.020598637339812206	-0.099709436300465	0.417848571733888	0.008071164360462433	-0.5130541112559067	-0.6946944251520804	0.3456165946063844	-0.4937021154673661	-0.236972283092499	0.044070221314614924	-0.3240461861002291	-0.04036208247129245	-0.7697791552087652	-0.29964052509021105	0.15125068853954252	0.2946828919673037	0.8668087076756396	-0.10064312334626258	-0.06290449118290764	-0.22794584240803353	0.22072329666836626	-0.5833037969218394	-0.2525492758551296	0.2542188024354776	0.18146925539650607	0.4523518179117385	-0.08608620115859285	-0.22129851993104582	0.5562690918808522	0.15205991620759127	-0.2987348502577203	0.08530904344548217	-0.20315943928143562	0.3366106134964188	-0.037370539626183044	-0.19472696066067774	-0.19337117635031234	-0.4362398691389695	-0.12426800529936026	0.04198372075399722	-0.2968891824140011	-0.3934772894044813	0.1347784563284269	0.19421258211729384	0.23736856918082033	0.22850238488744512	0.22347173165825318	0.036386100311357555	-0.07281298113249705	0.12563197027306203	0.07248298602141791	-0.3351549994550211	0.11585617858905511	0.08140704302731942	0.4084686823802275	0.31693713897606546
DTXSID0038756	-7.086149658541131	1.441862972598811	-0.6089750353844594	1.1380671537781375	-1.2477288158612794	0.7528773455372484	0.31121464524836084	-2.4873289546721935	0.7349817732268288	-0.7079245762179416	-0.46017572717740546	0.7311105698229502	1.7595931435558811	-0.09093792847664926	0.251805364518232	-0.36014310389533083	-0.1952727984819214	0.4182279733670515	0.9894616667504561	1.3131291752578136	-0.11767372318095908	0.5273588243616302	-1.18955971875109	-0.7203628501415847	1.2585082741396418	-0.3421730569366352	0.05992325048547979	1.0758825600359379	-0.3371502649548591	2.7173376501435604	2.2192375653583216	2.2595215405829325	1.9060198005987352	-1.9732935731702932	-0.11451936000765009	-2.581560927790402	0.3255494283465715	-3.8480377941687767	-4.03564966398366	-1.5212947107928756	-1.7505581617743402	3.5828596573271323	1.6820407467012044	-2.7836862803379168	-1.7033154766535827	3.2588936754930393	-4.075679205678549	-1.8909279165676462	1.5943470061747655	2.1226948967900996	-1.5275393237902424	2.4965995173857634	0.5279610488368693	2.732004002873837	-0.9755940981579726	1.675024953947266	0.8287859841070209	-0.6334141105786594	-0.6921001151461013	-1.3798740374168037	-2.134874501401626	0.4396487478210992	0.5416732331394349	0.49968798387663316	0.6753212980730697	0.647925031697891	0.5106938693706876	-0.5210514935630828	-0.7111599145360291	0.16595159697297768	-1.035030371533013	0.7701084760369645	0.048550533143956846	0.6616752824327793	-0.4184080354067282	-0.09163737202361665	0.31588887005702143	-0.20098485172642735	-0.4829111275860855	-0.40429672878000095	-1.0972225484631954	-0.09308203184186385	0.6386436411441945	-0.7190707416020298	-1.1858111957147064	-0.2884450528258228	0.7006497245089097	0.09969393228401524	0.623703412407347	0.4164867976603061	-0.07024999163399491	-0.10374795958677273	0.7399444244980178	0.17197669633463922	0.16149405477054363	-0.1388688011532787	0.2806485868259591	-0.010732182775676355	-0.12310160736305974	0.3889868334140263
DTXSID3046403	-4.340064561370064	-0.7377129619496726	0.813990923292911	5.825581763947257	1.4230062237124457	-1.0662368901116677	-0.31085232572447785	0.07595719839169968	-0.7038444042142926	-3.145596721635022	-1.54497329532434	-1.8405929875038884	-0.05394253516530985	4.5142830388816275	-0.3385204983562104	-0.6035592506773523	-0.9309824296973792	-0.7093581718828127	2.6041735196428957	0.6280970302583402	0.07831146862790586	0.24870475797507274	0.4231778004751099	-0.6843358709156528	-0.746108496839867	-0.6739907408036101	-0.22699624903457005	-0.38762138859142226	-0.22796431435345074	-0.5847277397286044	0.253716111948572	-0.2141168346242563	-0.28620666914645004	-0.6485324166772501	-0.5750160230355791	0.4622791676039862	-0.30841840730090253	0.7175847064323555	0.09591957206411385	0.6321335283042273	0.013394672433296001	0.5290980395886166	-0.23261237840292065	-0.22128034732140378	-0.12091282648232317	-0.9165937262693323	-0.49607797611465093	-0.4527856557778748	-0.005557544429209916	0.1930856144219827	-0.8437913762972192	-0.10209641513689534	0.2551150746172283	-0.2056316121577278	-0.09973381494654941	0.7028277247262266	-0.13088400216582172	0.11123676792844975	-1.1825627913119907	0.1891986284772948	-0.14266165844250356	-0.20574275057953553	0.6412158462847609	0.0850454487468283	-0.30208968242254847	0.1233800093762359	0.2174128195139264	0.021420366493541777	-0.05220010974065098	0.1833460862847026	0.023244893838621692	0.003204060991475011	-0.02894592342227949	0.08062920492898161	0.0663385611946503	0.09136371615407807	-0.1601698948155038	-0.05165293044451798	-0.1646566108832688	-0.3507849621434408	-0.40911866170905736	-0.4837584195573446	-0.1686072359559322	-0.19437031825564227	-0.4412357352867464	0.0006651285434477966	0.26489109144448186	0.46948176478280657	-0.0022563262435743377	0.29389305840221147	0.21772594939021853	-0.2572183655546288	0.268180240230151	0.005113553897253353	-0.637961346328635	-0.07037222612028789	0.11391694967005095	0.15347425590571379	-0.2765432059052977	-0.08786588724591643
DTXSID9046231	-0.45172793537046513	-1.2340802947794118	-0.9711019373544376	3.3259648627789518	0.593017547884416	-0.09336397350425545	-0.9370941421080163	-1.6384968206211574	0.14697190862491105	-2.1713834908068272	0.1395847514243949	-1.9792669736477324	2.6036070735300147	5.260074747674085	-0.8099472508945673	-1.3454176342501483	0.3876189447311871	-0.38159807914024363	1.7955262937772074	-0.0755398694795086	0.7290564197619549	-0.6993958333483833	1.141020862137219	-0.8260652268091995	-0.13453711204255547	0.7918682512756812	0.5322052222103274	1.1572775716435533	0.28469196081356085	0.16802854141396353	1.5436612376976457	0.6189711746461312	-0.40075689119888397	-0.008165051835326974	0.18138154468756176	0.36529453266457873	-0.2550994463632097	0.04198752371927867	-0.5761084717404544	1.489469011098936	0.6496268950903006	1.017615629437319	-0.2819289138988679	0.11943708080397147	0.19008701738207845	-0.513684587589458	0.285453972432879	-1.7316608818811234	-1.9023732530922852	-1.454408947030736	-0.9945016028521677	0.5668294965488723	0.021692541837855406	-1.0250998634762438	-0.3106792045147341	0.03759209366242033	1.3615395168860898	0.46462961015691223	-0.5541510207078013	0.8333432390726785	-0.12725880887954136	0.6783050367112319	1.2468549305026184	1.421407558626751	0.515660692080171	-0.382835940867429	-0.9404347881944782	-0.0127667198361816	1.2094788901824784	-0.8267558842389542	-0.9537369530096369	0.2737327271276717	0.2620519534932428	-0.7075453487447727	0.22976391400680876	0.14131060560043626	0.17376923857873172	-0.5007786572233244	0.9469196301600464	-0.3222432449209846	0.057426740838224175	0.4875495500552999	0.3992109140868062	-0.6952401270366856	0.23005783049906256	-0.571279176476634	0.07098891235812131	-0.17077307128613298	0.6619860659768584	-0.370118996560288	0.16958501992082697	-0.0026119591703333903	0.37772049040278705	0.21593080892239255	-0.21863534223161704	0.248640494173898	0.09034152679671364	-0.01892559266222399	0.39572888259613864	0.39804458997559555
DTXSID70870515	0.7742777380100054	-6.736438534314287	-8.45272298322533	3.125668541083928	-2.6393295491931954	0.4062568075290799	-7.0052201937700005	-9.21671483652002	-0.49721770748904437	-4.0068810937492705	-4.368885950139187	12.229196457846536	-2.0484120421717464	-2.049358585274697	1.4539940485400455	-3.2942897087372787	-1.7158139952901716	-4.504465573861209	-0.9699639038093137	5.590397430065336	-3.2359963425044307	-0.37664953956665337	-2.4802311912304558	0.4145461040292401	-0.5274619281551006	4.417160503798561	1.5489435225602832	1.8905424941795699	-3.453468856021041	-3.7225698558033056	-0.6280879970930671	-0.28886155343159053	-1.9679190549333978	2.514852952113674	-1.3785756872135972	-0.06874923457632978	2.3442449605979814	0.7467312648536998	-0.46018811124871656	1.1894162255242642	-2.0059708658215825	1.46002692167148	-0.0013360193675957396	-1.592705170097477	0.8174646873770274	0.30681470503276076	-1.19069063591823	0.8060568610825848	0.3952549083175672	0.7435157674263213	-2.608677626215342	0.2796680271595869	1.5397318314224822	0.021970584565138142	1.6054458688944806	-0.7711986836660581	-0.8081235991975876	2.9853222456840656	-1.417425657914464	0.3471227958075003	0.23823350732132698	-0.12675884112077845	-0.44805743591458075	0.512992843999444	-1.2346949471064828	1.1761466638913451	-1.6138468846885996	0.8234132213458306	-0.8968612783355138	1.278785623209316	-1.5540217053604828	-0.30053041028691857	-1.0510839820586104	-1.1431014062790903	-1.6632092877870621	-1.3559744164630294	-0.5291709524925001	0.3405151742384391	0.9476355114596575	0.09726707353817206	1.0887326352563234	1.2858659950853126	0.47258631457884875	-0.9228717719433907	1.2805556021725981	-0.5484284865602737	-2.034660454208996	1.816409628172713	-0.559742521999838	0.27259113199027357	-0.16732094919596233	2.1435101807383163	0.5881207084902641	0.5487824707716887	-3.297638392713827	0.09056172945694643	-1.3172859828800216	-1.3567292977832783	1.75000902832195	-1.6137528231676255
DTXSID1045081	1.2280453147297405	-5.113750067285635	4.8938172130459785	3.8115924660180425	0.5717667042097102	-3.7348268422199253	1.8202771586859878	-1.056313709851526	-1.6662550819874526	-3.6736728417243283	-0.5402202536115696	-3.5214891631811502	0.7770104118892349	2.2202899879691116	-0.42136270174035073	1.2565792431147247	-0.18263795688207674	0.2013538792175485	2.3801300302922264	0.22135122622954936	1.9323582181053613	-0.045869704994542314	-0.9341343678429339	-0.49984152183206626	1.2406870339871587	1.1889173854146977	-0.4736308953914087	2.589080874299222	1.3269872601496493	-1.403169986092649	-1.0545896935980488	0.733887927084637	-3.4512949360259912	2.3531279590094165	1.7162864822346722	0.7623612965262175	6.883647285913032	-0.6782682311272682	-3.939004723387707	-0.4273088369347316	0.3169671368485274	-1.3574261045078306	-1.575071968167872	5.657915518745308	-2.370453777756009	2.489539749822771	-3.1468979651039657	4.78967593021934	2.2165320510841333	-0.21210726464173119	2.181069573302554	0.2651658268941948	-2.9455694235546592	0.11113880395604256	1.9446854593988279	0.049256254760034826	1.2306307596006045	-0.5729484165406591	-0.16791689306893465	1.5869456276353904	-1.295619964502181	1.0939846188108968	1.4877300840886645	-1.2552865317896387	1.030247347501035	-0.4506981387659995	-0.7383002796585431	0.7618831046134085	-0.3545664176300001	1.5361977870193864	0.3639089594622193	0.6806040694845452	-0.810766588814118	0.7738821903404861	0.17940947670524166	-0.11041897667216008	-2.4817771575344656	0.6862657215804532	0.8092482641875346	0.6030816437057385	-0.2985131987312478	0.1355664119440525	-0.36579442350250935	-0.1870660543883454	-0.735561750358983	0.6808153198862947	-0.5672682010202912	0.15412727214054553	0.25731218349776963	-0.885225072695436	-0.47712050084683655	0.2567372344097285	0.2899393077834412	-0.3613633057118798	-0.3499857730722919	-0.38054732986166995	0.3732875386230032	-0.41239730967717375	-0.3662181198599647	0.037138250407933095
DTXSID1020306	-9.786927440161625	1.3926137862468904	-3.826495028538425	-0.8183863275633995	0.7167618840385065	-1.206982935901836	-2.242656159059677	-1.5075383781790894	-2.973931081551968	2.2095412060936943	-1.7130193890458876	1.4023354896989517	0.2673148840748386	0.7110332766794203	-0.10165664643960912	0.03426597137534575	0.1048965128122929	-0.2550018214180163	-0.0807173450574518	0.8916545557172232	-0.47133840035496477	-0.5781149197829819	-0.6454861424582383	-0.2505056751224562	-0.3988383967869327	0.5895834203865252	-0.0880989148927702	-0.8923657891613523	-0.7425304767347877	-0.7581922844852426	1.2366289395031924	0.38292949259629816	-0.6528532732698071	0.7470142926050022	-0.028450196365714994	0.9485038757186766	0.4035801407524325	0.6326558444916656	-0.2739874250231869	0.09110676645188662	-0.036867743474742906	1.462755564278811	0.05636942413803155	-0.707261043881072	0.26533187679793635	-0.013791135425102985	-0.29934744595154295	0.45034017560911027	-0.04776046639502155	-0.5420271391018588	0.07275276838947922	-0.26772883898592886	-0.01099329200888586	0.22825772110384257	0.46002935924267385	-0.3715254326770771	0.37004450805586286	-0.3058063577204222	-0.6578726676365445	-0.5672901749833866	0.5361875591812044	-0.4652072955546625	-0.7857227373680186	0.13963346136314342	0.8058492199908236	-0.5321624750681649	0.09757500462759544	1.4823836930918097	0.7611988283508182	-0.04125339935213645	0.19884304529788427	-0.6465773784235086	0.9988326915332365	-0.888229082991675	-1.0558200656951184	-0.22326998044111152	-1.2270789878763637	-0.16355467067031057	0.1716380654465118	-0.684699155498532	-0.18665219173519915	-0.14677762716966886	0.4690455825151097	1.080843369988339	-0.5680611880547655	-0.11037792260011293	-0.6576849043923668	0.29234338264365517	-0.1596730861296943	-0.6727397335296283	0.1551543129738893	0.7624751704303951	-1.0387484758220202	-0.21084079702938255	0.3099182270361468	0.43764903207368394	0.9551185947164414	-0.22660938387319937	0.4530567626211881	0.24608451849746518
DTXSID1024126	4.645848785639993	2.277463925399197	-3.640073022137701	-4.814628355926384	-4.656855391842785	-4.795435138474323	-3.7837906246518798	0.29251308431207146	-6.076028984990683	8.46916044304781	-2.89706694631894	1.2107984745318727	-0.9741560919875131	3.0335899697643676	-0.6787307293820115	-0.05469123680163341	0.5241744399719445	-3.3636775626336712	2.815257910597806	4.48790427893739	-1.3418125219041324	1.1441866735675905	-1.0220627969020974	-0.3558973119372659	-0.26621347720781524	0.9794878066959453	-4.019758772039122	-4.914125028610042	1.1060426301215598	-0.6701754081416715	2.6217430494949925	0.6203063227918221	-3.0386597343978226	1.1980575013471595	-2.5448552593625346	-1.8014399250309128	1.9959710583141652	-3.9625275678178884	-4.132681244307552	9.378262430263126	1.8781370396918522	5.935280555002363	2.990652880861148	-1.6137365496413894	1.0104009960151703	-5.854466579069132	6.155977733917304	0.6526521035086439	4.652957233515997	1.2121369868590892	3.6832390792908045	-2.263820815086319	-5.489160762462913	0.8381073723955627	-1.6044489786125402	0.5633627199495211	-0.5282631991399168	-1.6074050060619958	2.9354993867472157	-2.8816169232011166	-0.10884793728199321	-0.8531772949716138	0.6793127683970681	-0.8982671291874108	-0.3335679683870775	0.4476146578528136	0.5673473931780868	1.1071853079115908	0.06512560934910122	0.3906574819581699	0.3521764854867364	-1.721593706665285	1.4319503905019582	-1.4116047710288564	-1.149199709259438	-0.6715214983582287	-0.5382075411701887	-1.8261613157982852	0.2533080702753064	0.3607219099734815	-1.2468315193745045	0.6388461489935352	-0.28012549677040266	4.161327666668907	-0.636417757102776	-0.34179584507643535	-1.2600306386238913	0.8291271290750333	-1.0501028311809444	0.8618402719722792	-0.6254476853590191	1.6747028085022264	-1.2713159931791946	1.215568910503348	-0.12285173909331258	-2.404296284826714	-0.5583421930797295	-0.3174425401992431	0.5641167465571736	-0.2627424580512866
DTXSID4041654	-1.0091361515013353	1.822842438182119	-0.17681610888106672	-1.8577176344744013	1.52522587564153	1.0138812486798474	0.7292676381057558	-2.4271447663077015	1.476944578775721	-0.7302733633690882	1.4857017161386856	0.9084347931951837	0.4997751991197472	0.9068376776968718	0.1087688927016035	-0.061230338235876855	0.30779804227245355	1.3619152092015945	-0.021801460029362025	0.6553742023829969	-0.30671332270687524	0.8398558998788892	-0.10194827691440715	0.35401042401694344	0.060487261468558186	-0.16694481241998668	-0.42992097930544354	0.22397645851879106	-0.2037777978603758	0.35404132704872315	-0.029183524952584382	-0.25796084974905803	0.353848526125122	0.12381668963846355	0.16269377404153507	-0.010278636421116346	0.6106755917337792	0.5328854761275434	0.42456200170261466	-0.47791369162183356	0.03328049552911522	-1.1774835811193634	-0.4920245250928468	-0.11572013313032947	0.26925740845309737	-0.690668294401224	0.22056827588226682	0.09892397461567372	0.32892817750743747	0.17697527079075898	-0.18768257372350325	-0.20382748104534318	0.014760465490414465	-0.26990007815282996	-0.5147087457765669	0.6232541516690175	-0.10428654206862438	0.1318768659546325	0.014891718684977377	-0.506491242878498	0.002197744508900992	0.10193206885909797	0.32986812017284506	0.40550817423784374	-0.14625289221292662	0.07437160571081626	-0.31599534590078293	-0.4680207478277966	-0.5443540732667822	0.06214708598266382	-0.44069385768102504	0.018544144701745348	0.15154991765542214	0.1268528227569502	-0.14786982266635887	-0.3398752436264502	-0.08675753456835546	-0.20184225648852003	0.36185415826359696	0.08791762386136552	-0.3059964855193643	-0.4361287456092076	0.5223762238327407	-0.13565754954885803	-0.40635059762329523	-0.19462631377838652	0.37422023806089766	0.32105952039756375	0.19814911074746455	0.16005802618416273	0.4628828987553057	-0.2662312253749213	0.048586165352451215	-0.07071315201850849	-0.2635049503919573	0.029206417657636537	-0.20684130626138864	-0.026878243811856634	0.07186014377274368	-0.23984008213797825
DTXSID1027978	1.6806361844583153	1.0327120741403961	0.5211346632645465	1.376515102503681	2.0435981226896893	1.8363558539343658	0.26170619360600944	1.5772119877522937	-0.7864917249272801	-2.129127628735172	1.2419028429263859	-1.3101739891909756	-1.7226387739046372	-0.8297158444090807	0.6604759823998387	0.2487104752064602	-1.616227248724263	2.5973831669434193	-1.2976261015402133	-0.03928876242373528	-0.5381880365218442	-1.693119473838793	-0.9516988418858877	-0.5113570772537265	-1.9071247612548978	-0.35718867223336737	0.7304049697202695	-3.091385101679513	1.8134683296190115	-0.5685403962221395	-1.7740201104420936	1.8257671236530164	5.269921837555312	-0.08647061194190613	3.6058440978022075	2.8166799953090758	1.4350743302834557	-1.0522258128303288	1.5213944146684135	1.3156364094529036	-0.7143368757145794	0.8340157058387456	-0.43462857938938076	0.32905124462422	0.35216012419299697	0.127427039789515	0.15472160615512817	-0.36736347465684893	1.1817121707737182	0.3314260347085914	-0.5298308240739596	-0.18881316978128634	-0.5532255783671556	-0.42211135139140255	-0.3558248384713132	0.4036232245675815	-0.9745532165007585	-1.2412354130347572	0.45608139929868974	-0.926550315505853	0.33142278947610526	0.20002835647639475	0.6176843080002853	-0.8174214292923576	-1.022162200138849	0.9408194321976114	-0.7128691465840897	-0.12969112743918723	0.06979864702708184	-0.18988702751640615	0.8033530770510402	-0.9870164691859139	-0.038459244571523145	1.3749598700180687	-0.008286983089027387	-0.29740662153028896	-0.8683899754161022	0.963968375711109	-1.0135369958830747	-0.09488498072003868	-0.5179781733585799	-0.3830371573261206	0.11997393153918061	-0.7036740239213143	1.1240163501332	0.38638426392991915	-1.0157287389611933	-0.31416503910183124	0.0708179796268782	-0.27170375687256293	-0.04973386242345322	0.23551787418042783	-0.21899006353787698	-0.8584770754746719	0.4640726407329217	-0.023055985378957224	0.39375589546286144	0.6442154924661776	0.477182421200328	-0.07492146686875134
DTXSID5046803	-2.6361562517454513	-2.9669431305567877	0.10404461253699365	-0.529348697113759	-3.419502463516824	-1.3586579736967648	0.26826382043301056	4.761395702204649	-0.17042609061434258	-2.955548749289232	-1.8180782496845855	1.1113130082776956	0.575263872544681	0.1816678489060402	2.7136042232387747	-0.21807961265994472	0.2662204466822605	4.824870450516265	2.105326814716632	0.1528531976278277	-6.403825280963339	-6.853503676946692	6.038124392229399	3.6172459090614213	5.7924438338406645	-2.187724961406145	0.2616052113918663	0.5786949454386138	-0.38941902185975674	1.1121075243955476	-0.29504397660523496	-0.6930409314779585	0.12545547307739738	-0.9072589783916472	-0.2495889559316582	-0.8777751313546632	0.14491225367072125	0.43801518102481835	0.498487975338786	-0.18552629535954215	0.8063778463149611	0.3909132740981967	0.22369855129467092	-0.06006985921750063	-0.686900244386977	-0.9835525863136662	-0.1679628024652912	0.7661353344992377	1.2658934370697954	0.45116355367193633	-0.2895837065972258	-0.43799824417627	-0.10446696093927396	0.05776067106451638	1.209159788674787	-0.899315712744199	0.4553919378956553	0.35654989489361616	-0.4202917251273997	-0.15588430487758134	0.806524383734719	0.0015418559410510732	0.5866828132323941	-0.4533985184832258	-0.566016592521739	0.16396268276733023	-0.6705516028062806	0.2573774025598142	0.24682136703472876	-0.6799473524982714	-0.16597636234375515	0.016139059334949028	-0.9860042628655515	-0.13074133046458958	0.4003954498384405	-0.14166771562032993	-0.021724428264086392	0.34031141936993653	0.2663182463231993	0.2998466673116423	-0.8617877460495755	-0.7719771661817832	-0.10808841099945228	0.23795795958543267	-0.47440400870205435	0.28991688115059056	0.40000127115906664	0.8460443165209467	0.07338154402066768	0.3797805022211812	0.07750025299611453	-0.30499640722998994	-0.2565896153912487	0.39655998916666296	0.507130211450314	0.0947823414807327	-0.3381459763988519	0.6821865693418995	0.17355647776931712	-0.13531887363066933
DTXSID0027228	-8.809244113182139	2.8169153273917407	-2.199671589156375	0.42578947953743135	-1.482038482039053	-1.7409529426924386	0.7924559128728077	-1.0094982962346521	0.9384588220815459	-0.5957115422386918	-0.4172327683322552	2.0121058858792273	0.7068813866864455	1.5905542584520895	3.7387558363277154	1.1590572529099123	-2.4468569675404277	-0.328483885020071	0.07921653576744554	-1.771304050475542	0.4870126194441335	1.5627437255076793	0.7826035447227366	-1.7664811717535192	0.044301141587230926	-0.8523627880194694	-0.006875414150229451	0.8874500030077701	0.04131232006788218	0.5811547372573276	0.35878365370436544	0.7499271812622706	-0.018240363709775845	0.21450910578629215	-0.012584082029721593	0.6556951360764731	-0.5456068854503411	0.16538603564667495	-0.5073895449955361	-0.8816093484511552	-0.25649615664993913	-0.4369822337972197	0.14551157954683303	-0.2635070075632489	0.5469154701602854	0.21381452895409261	0.5587191766986933	-0.3878615044687175	-0.7076408575417942	-0.460663718205491	1.061351573290954	-1.1623024817005119	-0.6990337816939601	-0.17915105613242602	-1.809844112176991	-0.4341150684491939	-0.6343746475024455	-0.8147013203632273	0.5804782598565204	1.025072420161705	0.21137181664073615	0.7036218329647582	0.00528560573583117	0.08712881918111579	-0.48065356335371173	-0.5894623562549164	-0.739579780093685	-0.6917893092955684	0.031702883850364814	1.1017701678956657	-0.049353074863905964	0.11870255813357958	0.3879194611605165	0.2683616580430764	0.5478647278000418	0.06368019850525906	0.32161620774720867	0.6060930443915633	-0.4002673603844956	0.13495502871002035	-0.0820010140013136	-0.34165178116050277	-0.2959789928960103	0.2176664592111394	0.23081334408169144	-0.2393065503144185	0.5112691640899273	0.06850510826533052	0.011638651901585605	-0.12583752288357933	0.3379345849258269	0.20166291147762191	0.07724668368857296	0.3413745978223107	-0.1550808756708483	0.17250768665085678	-0.049404015475438545	0.003309064702886209	-0.10724664730864901	0.16915261248312813
DTXSID7027099	4.358253741418255	4.7586947967387605	-2.089423132442249	-4.57626298725593	10.635221075249923	1.9898025712291392	0.4372034304998405	-3.334065117485108	1.2285206803248419	-1.402804816383761	-2.0374533699575057	1.90549398379349	-2.760742282451297	-0.34778879718117184	0.6318415289550666	2.5173792994396975	2.0288238123005646	2.8412648877683564	0.09341904263714058	0.3922404102761039	1.0306425814245113	0.6833130287674383	-1.4401881713547975	-0.7824730807365352	2.5037782297274584	-0.3831591228309371	-1.5277580132650066	1.9832152188083385	-0.7499581539229386	0.9090408455371608	-0.08400014471288873	-0.978445362158218	1.9241926290442668	-0.9560590786629274	0.33727834036375276	0.1124875794690963	-0.33921541481077866	-0.5617536517497356	-0.2059426974901575	0.2774151393636744	-0.10992306804632565	-0.5228650741639953	-0.7197206028525427	0.6373848173497002	-0.8138524759947626	-1.0671195240309888	1.327482344911962	-0.04483180489773877	0.0649283327823774	-0.5158110690951891	0.2548091554669583	0.03208275574767507	-0.15483581314036785	-0.15755735473582225	0.165617085240453	0.38147365132089944	-0.8644179325491013	0.5239764595636102	0.3814663608574301	0.8321870940965841	1.4137251026508293	0.4535148614089191	0.1112215104225844	-1.0388343893009286	0.2550102483090754	-1.4507715543667274	-1.1668452996357472	-0.09604059028842309	-0.7146551384312249	-0.4486169921208474	0.1548544255825857	0.4198726276401224	-0.3271184109674318	-0.16803656194682284	-0.3654803968740458	0.4191729881020231	-0.18143359175124862	0.7419473796758536	0.11419126597729758	0.3349956510714398	0.6931944097407474	-0.11079469526460181	-0.879509416083404	0.3863919042120735	0.8872683699820257	0.4713579808432391	0.031197027200029	-0.5857934912799454	0.3001202402470683	-0.4427419476525969	0.0033705932080342208	0.004146682263328951	-0.25673523051261204	0.08100758126273051	0.2331548994534514	-0.15559689204653573	0.5767608947124839	0.014077990791927316	0.2260254802785261	-0.45052699748374875
DTXSID0044949	-4.060368025977435	3.1726090712532566	-3.3906250860381455	1.662626420337292	-0.155155824341829	-0.5945174064431006	2.4959857946453536	0.8093441873690976	0.031892204048582104	0.9505051608392288	1.0730838086429133	1.2531231222482626	0.381092857781185	0.7114531716800451	-0.9231091408813769	0.61404695992992	-0.19644362012794533	-1.9259693324553062	0.7464817378925008	-0.19338188814086057	-2.0914101069287363	1.8308442420361648	1.9315258471945993	-0.2197740935545322	-0.5328166909670193	1.1473052652265492	-0.31441520713565296	-1.1973516563621611	-0.4404012421511308	-0.0332781048109518	1.270518037294053	-0.6542689940106736	-0.4331735643268542	0.3568739379821295	0.08084607568296287	-0.16877031009650054	0.42464790336021524	0.7875560313532501	-0.334827250327871	-0.5523657616876255	0.38706206306548663	-0.03546235227950819	0.034024230464886084	-0.6172821532401245	0.7459771112583341	0.13400617890475047	-1.4468867781838257	0.6016705861018026	0.7951498393927823	-0.8245851849355966	-1.024660117551582	-0.9886546678933888	-0.6716115495425493	-1.1024342915962702	-0.2697013494937708	-0.24835988470177114	-0.8448167614568506	-0.5461642476989174	0.08130746262923999	0.558872580568973	-0.47417545173978953	-0.2426610820939686	0.28208911448880625	-1.1329793620231292	0.7870098278264223	0.9255123797826361	1.2983525037477834	-0.5514107497004221	0.041194905482632105	-0.3769678692936631	0.14723856371651603	0.4831479887530442	-0.041844510965601066	-0.5751568872026579	-0.5383990640175005	0.1910317334006173	0.27001023142733316	0.3077140560243581	-0.08062555809994496	-0.2138431525862361	-0.6002539462939798	-0.4234716764690706	0.11697272799833601	-0.517843773523591	-0.34075673487165803	-1.0605755977452025	-0.7154128529511194	0.8002156538914161	-0.36908659942531935	0.06776816785644771	0.43488167465970523	0.6827248327156104	0.5562173874616126	-0.47101245541032066	0.15433597522416267	0.7911016311208996	-0.5974454852069402	-0.6357860613708288	-0.22092515922500292	0.6674453484620121
DTXSID1022508	-0.35205292573770175	2.872622731399293	2.214385225926219	-2.012909037466421	6.504996633978563	0.03562409967030043	0.9410924255162557	-2.2964343576708526	-0.30050150146295496	-1.0397417738862182	-2.074261773423618	1.1962315318678605	-2.9414322664265087	-1.675448070478997	-0.07760142051324508	1.6339361975080038	1.4912677629020528	1.5293758364039802	0.20052718915631598	-0.535180165996712	0.8024986466429869	0.30023476883361405	-0.6792659839835428	-0.0273016558217951	0.7389063232804467	-0.2286223081075682	-1.6775614550094955	1.099768329875292	-0.21640975194578946	0.14550349724481113	-0.39510907822847924	-1.3381479779572314	0.9679794834396351	-0.8846520612431844	0.13565979636081513	0.7332400699194033	-0.8364181853634992	-0.30131806708210046	-0.4272093186904336	0.9230296943847607	-0.2007780907658206	-0.15772183141976884	-0.6993873807968395	1.0106617672721374	-0.7513383704572404	-0.46743959974818766	0.8618339804223691	-0.5095249274027385	0.09489516732356298	-0.7286787315113703	0.33205019729672697	0.4610744215064901	-0.05178162309677533	0.7545587045140144	0.05076850279242802	0.8832611596028478	-0.7007162548992281	0.6482258287983438	-0.27188971507349835	0.23469552604450578	0.3309435571182624	0.6004112361253823	0.24868664786728908	-0.04625547829886828	-0.16588550894445042	-0.6730931780341582	-0.5293065463367963	0.4654502147640605	-0.8611225958123684	-0.90696198652433	0.6295862638337343	0.48375327733128676	-0.3613221237749481	-0.2898352030590355	-0.3637442974694275	0.06919045281221674	0.36677020486465156	0.3099778884930257	-0.3381675861915023	0.26264174638789384	0.24460672866294156	0.06620747562696978	-0.41835465696453705	-0.00880247725765163	0.3147134832443507	0.08279392804616811	-0.12703472838986213	-0.20120893261453213	0.2869682535934984	0.0574791231218155	-0.18070237240301285	-0.5471253764054937	-0.5900940108343968	-0.3925958690286699	0.495992267676769	-0.0088791885235282	0.07545773689830756	0.34657428325319145	-0.15114753464966882	-0.1392319326815425
DTXSID9025249	-1.0737182618038803	5.1042433867370915	-1.676242676991434	-3.845630250568281	5.197075118994928	0.3904850822554017	3.4363751574444854	-1.6644189047040439	0.051337565248032735	-0.5615211188584867	-2.572518384015857	2.061202137230675	-1.8309031591305471	-0.9971558692352485	-1.1311188406194894	3.6569159208892725	1.0466933289162468	-0.646395418667692	2.6939389131584712	2.9535987843931677	-1.4606937424883513	3.3706424384672373	0.8897372669625006	-1.9289061350310255	0.6230421645267794	0.3130349970256583	-4.010887528118447	-1.4854206796021958	0.9790608023963929	0.9333117975033797	-0.29934720701490314	-2.062241478832378	-0.46356341367910125	0.6362366328355028	-0.8376841914678494	-1.9762350583451374	-0.020333192930224092	-3.906495748022891	-4.504617978302503	9.043199262443842	2.8850719328174486	3.3522029626621554	1.877740065408739	-1.4811378991442932	1.2015506151393454	-5.459020039870316	6.867034689730698	1.4707454905322024	5.924280340897835	0.13971824075825928	3.0599094599037366	-0.4920427810621498	-3.5785521721319515	0.18251295379136812	-1.952611084130752	-0.3959485898896476	-0.5510138462023897	0.08999229738854403	1.7595064493151424	-1.466068827956682	-1.02105803326831	0.315487966929461	1.1826523939392148	0.4647181862252732	1.4839055048025724	1.1171081888249907	-0.42860378141083255	1.2069328115890514	-0.6843930009072285	1.0281317073331806	-0.7105331073997789	-1.4712816874682912	-0.49154422182863	-1.5282486952172023	0.09303723698078137	-0.5015004576318226	0.3879898103168239	-0.3422304938713329	0.7632700046638168	0.8474058289520277	0.48236295767449044	-0.8103871197506362	-0.026655397411786994	0.12192365687564706	0.9830355291183202	0.8156224316051391	0.4877999852306745	-0.3569420272564886	-0.3178327582511325	0.3777481652690783	-0.3746899600704091	-0.6051175776680616	-0.4265847067786758	-0.33075240893360663	-0.30757493583068096	0.40733667307609284	-0.5718023750738939	-0.7102072818475893	-0.7213315837359394	-0.2641256237999335
DTXSID9058654	4.464775951609353	-4.409681298863149	11.363923987317095	-0.9560177507219707	2.830141058986844	-0.0787062973985908	0.4023780892024351	-1.5928679324520618	-0.8848761606395595	0.36095207878146474	-0.2419197361824948	-1.1271974486505958	-0.18482717912543706	-1.9843049492981244	0.7515752408354687	0.24132310015943922	-0.3626294948887533	-0.17216615530153365	-2.0794568291583464	-0.6480237762838291	-0.9087359551790505	-0.5710034667407956	-1.6524649581817459	0.4330300788116909	1.266543938422925	-0.25644848791330926	0.12137943022956167	-0.12334531262057329	-0.7676871794866151	0.12452332795270508	-0.9976764837129402	0.35843656175700594	0.19539009320915357	-0.1889852816933602	0.41785767287918907	0.5978285953734831	0.15833369924402993	0.2836423024437765	-0.15977788813516688	-0.12973982690626074	-0.03878032269759741	-0.4602294395922323	0.2918160515039532	-1.0380647148011608	-0.5703068742012503	-0.015170001454756986	0.16905839054608096	0.002207271538088219	0.050599007634896026	0.6383385858391372	0.7273114138671097	-0.859179432396877	-0.3879041506539984	-0.7210036323860299	-0.24529302134598507	-1.1239574365085732	-0.023576227665764744	-0.9031604377931046	-0.7493180215790687	-0.8290473738638964	0.5399068515448706	-0.5746496427166599	-0.15093669198406426	0.08508939805817302	-0.39309372090526434	0.7489947490503218	0.012476223146138127	0.2181259450779668	0.50045045916815	-0.9658348748552943	-0.07427050489153028	-0.7630295314646023	0.0585945642292554	0.00799569337392173	0.7278600383180257	-0.547387567900082	0.5246000093398928	0.32052166317304875	-1.111029353786635	0.5826702027410904	0.7211195701459259	0.13806225476525463	-0.36085366312304595	-0.44658855713897644	0.8147599556979608	-0.7470930214678162	0.08482430669714085	-0.08447416722353436	1.1271348641872412	1.1952450275225641	0.45522043793677097	0.5433172635509141	-0.6209826631140075	0.38693943503734096	0.5253716215177877	0.45161176853070467	0.24035058872095802	0.2142347274360662	-0.07999616654302884	0.5097978983842785
DTXSID0025070	-4.138296933991354	1.9212444255510361	1.186193768664251	-0.5898430343664809	-0.31338757538396594	1.5354403506897762	1.255215545844979	0.6403986556547322	-0.6480932090268446	0.1677066592568449	-0.7224057303257868	0.37364302487790474	1.3681574790503104	-0.7784959117505437	0.48953542013988594	-0.7690579950931439	-1.1844513734581008	0.5440082118318263	1.0307445209272614	0.5736101230872921	-0.10398601003876033	-0.44012936469745495	0.48781331203986694	-0.8440904098930287	-0.7844247038991703	1.3738265414421114	0.6288480417982191	-0.12853504427710605	-0.2576792960561511	0.9180107669018697	-0.16717448277010344	-0.2856076483338991	-1.0699867648777768	-0.9167886111356431	-0.40112988758698376	-0.2756443246812826	0.3739666852121662	-0.1119104971722309	0.3115811669018534	-0.5293507845098664	0.1769233575806028	0.09696063311187264	0.0018674599094542228	0.3980215949485225	0.4184296193779489	-0.042452691279984266	0.7864734809472739	0.43290140571904717	0.3587901336587202	0.12516659988403162	-0.6883815560866141	-0.12750777076173592	0.04273479745819916	-0.3903488255425672	1.0659655988158	0.17180367754931036	-1.087340903782044	-1.3703193926558153	0.771451046140667	0.9694561056588579	-0.927618802052363	0.4730636349799233	0.6744605195481388	-0.3731305490851878	0.6239987268066589	-0.5398079584939544	0.028359676846197977	-0.7798254466888735	0.25247715547429045	0.6153047555863352	1.141649799824006	-0.13972590841363267	-0.007422583409216234	0.6272345845810254	-0.12370051979805226	-0.5943141270274996	-0.09341952030149905	0.17420839188321827	0.2822357755688454	-0.058684684310228614	0.24854004975191368	0.5646979831700496	0.48244050954933054	-0.03703571091003692	0.347840936256393	0.023080468856327793	-0.36122848624917325	0.423681103481111	0.9750096872295193	-0.19815606176244538	0.25520043344865045	-0.5984306588411105	0.4694404443576826	0.8055050596496353	-0.4330513677184008	-0.15824274712086173	0.12083935507081339	-0.5348904246299899	-0.6322567404007602	-0.06369059279844352
DTXSID5032523	-5.661320512527892	-0.21656789374988256	-0.46136888392141095	-0.5191674294280151	-3.638885790213573	-2.134414072503526	1.251782360041107	1.0503027687625524	-0.07403383219786581	-1.9065266838236887	-2.1630232904448925	0.019444003394810557	1.7547319932106853	-0.7683666105286892	3.200184537013744	-1.4665805173881283	0.26443892949158293	4.5171071330121775	2.639246443447713	0.17874018095701358	-6.337355440734075	-6.340628514666378	6.855027674602058	3.2704879620033314	6.35291899723819	-1.4253805944648246	-0.6903813389110979	0.5049633409661883	0.03450474684548105	0.6662198769355993	0.10371269070076165	-0.18984060929397878	0.37166157787976445	-0.995452776264087	-0.18322752142821447	-0.6002911562322929	0.3173661563320856	1.2766033466608742	0.00551976380426611	0.13808142913029295	0.906640796401496	0.6344200927705975	-0.4157563197547408	0.014486296976998395	-0.32924598471302496	-1.0945161890344814	-0.6971081307987539	0.8640814373143078	1.1233812825144103	0.3948705216607355	-0.30355296113334	-0.5729815564525909	-0.11988666461980044	-0.08806088757374421	0.5575830286748631	-0.5566963773631391	0.7246199312382973	0.08774364530359961	-0.3594137696945361	-0.03365706776832804	0.7340664659403592	-0.466040243108887	0.33417364749059364	-0.05837787245159584	-0.01164573064772581	-0.3209188111330644	0.4892384531756253	-0.015187328267884563	0.039892643537794384	0.019132678123420472	0.5555970969487602	0.358206329067467	-0.45294739554271135	0.08951381404627651	0.6160203517385684	0.2878262424395481	0.9217984955959672	-0.07022666385537298	0.19565586995396572	0.013474782806781488	-0.4832937256931548	-0.3644947613813627	-0.13091276125486184	0.392032187046295	-0.09910451369888573	0.5892282807579496	1.0835291542086658	0.4971015089084588	0.25614173124775863	-0.39048023583914476	0.08082065384659284	-0.11865029211197882	-0.36641253857275347	-0.606504781133605	0.05923211343028599	-0.05020596974429921	-0.3725142068268296	0.20162725681773278	-0.1462786363823519	-0.24280654653089304
DTXSID1047946	2.9837673386991628	-0.9415005229013793	-3.772288390931237	-3.1346644528771663	2.0217185528500967	-2.479717148934532	-0.5298637967434163	-1.3860335261173649	1.7879812149909147	-4.675043300002603	-3.1135395856784487	3.700685292396509	-0.9839990892824415	-3.6645565516879715	-0.8468931716711203	-0.16786257134170524	-0.4500770981177612	-0.3974215593376668	0.8399803591998449	3.594078781282388	-0.06744271078213455	1.2743369898985848	-1.646385814125266	-1.4720187095348747	0.7307017823126245	1.2450641440496681	-1.3912346409764031	-1.0211806723148038	-0.07051634526860948	1.2682812104479884	-1.1865768659796747	2.059770437571144	1.4641448228438145	4.208915101371925	1.1665054320740589	-1.298006419854309	-4.4924429423870365	6.37935335883512	0.5051567202281729	-2.831136256083609	-5.740114261104459	5.111872677356192	5.539747445119016	8.601651141133118	-1.1560159932781586	-5.042290079888168	-1.2504110165976154	-2.7891324901287473	1.8897168158604223	-1.985723403917461	-1.5899095993906949	1.990149220980297	0.028280577903314816	-0.00954693202834144	-1.966846271154291	-0.6550463775401705	-1.3522877539937843	-0.8195202578646595	1.278754385878084	1.5952593823103922	-0.18714423664076113	1.591279058271335	0.6354628921851588	-1.3123220336392842	0.7103633158032224	1.038494357447068	-1.059050908969621	2.493449519506536	-0.6389761086312895	1.3354500447535746	-0.9197816206621623	0.11684332098164585	-1.0569067248815216	-1.631891723465069	-0.6699664412241708	0.6118935182576796	-0.8407355735872353	-0.7116217458082487	0.9450546724114562	0.3449266010526805	0.39930206988155553	1.4332317567465496	-0.5153860710258517	0.01799136940933935	-1.218153588982009	-0.04143426856391833	-1.8254373079128554	-0.9407661540411649	-0.7398070295871315	-0.5294207857517175	-1.3197823407487876	-0.6409946543927741	0.3570506516009962	-1.3918691837133268	1.52785479524218	1.3267414961023574	-0.07447842999875112	1.5259780108833536	-0.7444115026096529	-0.47446665319951464
DTXSID2046127	7.499997578942816	-2.097788268297035	1.478073340954095	-2.987644918762674	-0.0500490934202623	2.203182855304692	4.871945126829845	2.173988580188319	2.1080863170469555	0.8452455080263239	2.342403257809812	-0.7695011488170624	1.9447560314485286	0.4787559476824299	-0.6480070398772139	0.30603411895306726	0.2509480964873858	-3.3989375434765496	-0.04363732506131981	-1.2828157303555041	-2.6769304004674317	-0.2398100879462844	2.6957947325603087	-1.8484786520387362	1.1636127813052173	4.385933319240804	3.1717921113527807	-0.8879024812838424	-2.553642521102829	1.255774228601925	2.6464700624774546	0.249207690751987	-0.8212874369429805	2.648722686477411	3.9305383626017187	0.8341593877078451	-0.9356248729376335	2.3020986373813446	-2.3307490774518502	3.360356224624128	-2.789834241834006	-1.6341789357651892	-0.4503179656168159	-1.8207384630255523	-4.610656752977683	0.3522665332560586	0.15098702726505386	1.2237650273945575	-1.649485370708625	4.0256052580937425	0.97368669659574	0.5877732153864454	1.6279397779698872	1.831570216099038	-0.46223293884321737	0.3856519028407471	0.5304223386264436	-0.9109366114842363	-0.11279799155660572	2.8455533233087875	0.8517608907589145	-1.6261037353835535	0.6736300285068186	-1.570323757869901	0.24370229713566474	-1.9561129186484023	-0.6188853078059405	0.07729231823706403	1.3296248099577788	-0.026328907322418136	1.5572478191971149	-1.026244778963241	0.19082447577081016	0.2177205263213667	0.46284531765272235	0.5508735227077907	-0.39499913390149927	-1.6420907950821924	0.23393540730585233	0.9662647787604997	0.6426416957633277	0.8920065808056706	-0.7730303409045691	0.025445747330574864	0.6227796242412873	-0.36439598584465466	1.6890191423097118	-0.8667468057174105	0.42431499843090686	-0.05079579512636912	-0.40214343617642656	1.0752234430027428	0.43080581362768283	-0.425486564621515	-0.9851766347186396	0.3213405243157965	-0.33690622875926657	-0.8597393918080393	-0.8478860848749643	0.4048243210710481
DTXSID4021135	-1.2442798605220697	-3.092992779441845	6.1762703345764995	-0.3986510442904157	-0.6294682168966439	-0.13378466319444624	0.2975762991286856	-0.40275536237891973	0.4356952861870265	-0.5236333335474167	-0.40391379010102507	0.4730881813757436	1.3350181622088386	-1.551572196695489	0.5904340817279372	0.07453376060965966	-0.13675427677965168	-1.129837619201595	-1.3012250303098059	0.4030265005713939	0.5433518247886036	0.505135732092513	-0.7664273650353353	0.9449100953266253	0.06829784602228403	0.0920263667730417	-1.0425672440064029	2.6431187593187073	1.9737859407482152	-1.237174719667451	2.2903523650979705	0.7288225926491171	0.9259226024908749	-1.9732125297501992	0.11300834527526768	-1.2893313525916286	0.3094141809500262	3.143912552838009	0.6919847007579127	0.5472265504332504	-0.10037506250132452	0.5348586580122036	-1.1827203495795966	-1.9279958675027074	-0.5650057151084549	-0.9189902879318126	-0.3181369176291643	1.1048101113769908	0.06432436771829331	-0.508716389089268	1.0150123897434011	-1.0458852510506065	-0.06252547956724239	0.9665763042765703	0.17056283057669247	-0.6041192302756008	-0.4403013367285119	-0.9356542263562825	-0.23149908764596833	-0.3999574364814353	-0.21946391860144304	-0.7397837244731562	0.4435455539437324	0.005858129966778379	-0.42951016303225614	0.9607245990243226	0.0745819344427063	-0.5610757082198494	0.15956459691406547	-0.5998739094743116	0.4311357132635514	-0.3905156838157994	0.011258511175004702	-0.03409848561035243	0.4711374708753896	0.20494521082889433	-0.4974822356320345	0.7104237889611851	-0.028613906378565906	-0.15011048341840388	-0.14256234885467928	0.09378122453744143	0.09905712950145108	0.19282406752184503	-0.11447220333197354	-0.018948407440083196	0.2614997888020331	0.6491939062138898	-0.3053410416489037	-0.4357512988288734	-0.09866755659355446	-0.19599300868042865	-0.028216851844459132	0.04512880761838577	0.29508200405510465	-0.3210633596382374	-0.17353642558000287	-0.017353972179772692	0.1461122944830558	-0.4025959007962227
DTXSID5046726	3.716659727783868	-0.032701273625758136	2.8919134750540807	-4.524312639812994	3.2486830091472396	2.0083018192189943	0.0682703954569625	1.0495661927878326	0.21497852638823325	-0.09545768191062048	-1.4158258912193769	-0.11634234045501611	1.007240133037667	-0.9953880167650027	0.13817804924227126	-0.8999798619265275	-0.21139511582428952	-0.386188734243398	-0.9670991627956645	-0.3270087393009517	0.4821270381287887	-1.181786551186814	-0.23217253927080292	0.24236835638476	-0.31115126106122876	0.7874004388790218	-0.04360431503397094	-0.27137751025298257	-0.2851213591988325	0.6869077450796323	0.5498067038467642	-0.060380834257663635	-1.048313587290751	0.42200112150001845	-0.38147603033426636	-0.9518777105212654	-0.13598610058573993	-0.1801100211255992	0.4784750739305975	-0.07200235314915394	0.0010915254796965135	-0.2668407316612946	-0.17070519828429903	0.4103458466481523	0.6822309482308582	0.21270965234214081	0.8256161968402477	0.1537988576472507	-0.7886325449532353	0.7213379217901615	0.6531637305935369	-0.02227866995261722	0.15514838349880172	-0.028400111457301053	1.3913114904066284	1.7357164279886586	-0.8665043516438178	-0.6840212555620876	1.7503200793092533	0.3520850391706173	-0.9499807283507047	1.5885924221330474	1.0028224609140188	-0.4235221400896217	0.6822685991818365	-1.2581333538662018	0.0877779512649731	-0.0587006542346362	-0.19679972404522872	-0.030022975283320683	0.1639241690073439	-0.30302209167236516	0.11185409942907568	2.271442290958161	0.9220970927628522	-0.41822261540021355	0.5368528511352885	0.3287773002326994	-0.45643776714257533	0.32454690679532344	-0.3463058028490953	0.02630885603435334	0.3173797744644356	-1.4977210177979614	-0.8467693843478075	0.5274958015759617	-0.5037981011956032	-0.2306280592279363	0.17160568589785627	0.7420538492742071	-0.22965643629184293	0.6985159586552471	-0.05937886076927202	0.7027707102184239	-1.1740465990708453	-1.1154065874751227	-0.8878097609805837	0.07672061196849157	0.31168773944127137	0.6395003155429884
DTXSID3025839	-4.841076190235745	-1.6005361010896668	-2.111970116544667	-4.128551357338997	-1.562800753188711	-2.2417259850418367	-3.18581444612974	-1.7006067801379716	-3.5702319551468507	4.091793918334016	-1.7021559014113246	-0.3664713907395257	-0.15814256350824835	2.1199983717502335	-0.5199755727448625	-0.4837135564243005	0.8408524402944346	0.826463613339205	0.5203176870807983	0.054226149758510984	0.5953381217644803	0.06658414420232599	-0.6499104062025369	0.8557400036366263	-1.0801566036629875	0.7921756773897556	0.20703035123835653	-0.20235156752024192	-0.7868050552126413	0.4895234345240445	0.7765922230384319	-0.3040918737035725	0.344589907236181	0.28433243013073645	-0.05781513631459108	0.6286838502215425	-0.07202666557098783	0.011714948453506291	0.6007831305608569	0.746747071769741	-0.25000735668206897	0.8591768771356637	-0.2774808529909447	-0.055087265154542264	0.003163354408564208	-0.08788126368532367	0.06582287830278628	-0.7079262129104446	0.7568909244519161	-0.9796284871933062	-0.36077599241330494	-0.17204713734846452	0.11363776527640569	1.2164094821617926	0.9162286090658704	0.06106572275016704	-0.32708491057397526	-0.11448091241336252	-0.6532083363816674	-0.7673656436412999	0.9835006692143013	-0.40003395351736254	-0.31083150461128617	-0.45645539527670775	0.1348624422266701	-0.26218465160049725	-0.018328143765846006	0.9845761538045867	0.3188851358434539	-0.3983797685450696	0.14765544571435885	-1.123411054384543	0.8223990215289497	-0.033434176446722294	-0.7763251535259296	-0.9771983105487757	-0.7873237230312801	0.019697917667099475	0.3688271439583611	-0.3407983128452616	-0.37920297395463454	-0.5568894144509198	-0.4288739986659957	0.21709193800429682	-0.28998720758358476	-0.22094437184848506	-0.38034572783929554	0.34677703453290043	0.4900095405686425	-0.4664885469912287	0.39023537967466937	0.5236465808541338	-0.49234658095060274	-0.18804264135587612	-0.18954925666402372	-0.2468447783919571	0.9776072354235977	-0.3817366150609201	0.4768521485943644	0.04621831682152814
DTXSID2021363	-7.442442201715649	0.5703683202836561	0.38873271287065014	0.7580273532030914	-0.9595656542065812	1.7436548112328134	-1.1608794627530856	1.9519315132094448	0.1283310286591594	0.6388814717528828	-0.41372600130954823	1.28237386269204	0.5735972250750602	1.3174528174395697	-0.29641301060611264	-0.4238384107875217	-1.0354149236431263	0.31320081831868773	0.6320613573496077	-0.04646939625672239	-0.7705323359677979	0.3936577776792485	-1.2669549097807684	0.834184967816817	0.6487244632671535	-0.0640156839626195	-0.16699680206594497	-0.8498278471976901	0.19377012073817795	-0.30713312332594256	0.554219653077703	0.029100596444012923	-0.40919384999448716	-0.3629047220632943	-0.8078765959509071	0.2384745067976185	0.13316317605479147	0.43947120805035533	-0.40202082187523297	0.06751729637182977	-0.26179178949547766	-0.4649312683945527	-0.15641073737304992	0.5745086186946774	0.034424854446751606	0.1006741069140226	0.45303606696125875	-0.18083105607248806	-0.13339397223767166	0.13953499124366783	0.312518799082461	-0.22870004546083225	-0.1272992926505892	0.7639886609912584	-0.47503672299655986	-0.11103002705026237	-0.5415863697844828	-0.5766269422185136	0.27160803905972564	0.288484721595474	0.18383058893330248	0.32443235191534026	0.3072195607771335	-0.05749717694848584	-0.17100496047445968	-0.4385128010343215	-0.4519734368313673	-0.49767119765323337	-0.09645117450250179	0.13605128526408497	-0.1357375070908525	0.41288815425050385	-0.03605985772809476	0.09417719861219129	-0.14492436055852498	0.41331232466146844	0.6399026293520844	0.17776657615419109	-0.6366204112151457	-0.12227114804618576	0.02405902240562521	-0.12690141867644064	0.10105939772500168	-0.30968794418401474	-0.27348373699604966	-0.42027221324829955	0.41043513032746803	0.2288093714869787	-0.02453364085198119	-0.0568170758158452	-0.05518967687071585	-0.23296022350308773	-0.06076166436095186	0.06408433853466626	0.26069475984839996	-0.15087110948333257	-0.2719234279922143	0.10350274963066411	0.1322785031918549	-0.07167382863173222
DTXSID6040583	8.382414434242365	0.6306523563301801	-1.638919269020811	-4.093261507616094	-1.8966598797963428	-0.7648759504728402	4.070157542973074	4.642111543544972	-1.3184359986059087	-1.9181028709150327	-3.907089417012258	-2.0247246667523946	-1.989757205059221	-2.1523777684511467	3.6805618583700555	0.15240545758811908	-3.6203418616162866	0.38966678311130437	2.052208930748204	-1.443046043479644	-8.661087943663127	-5.946966069049116	6.681390608790228	4.788152124137003	6.028556438776475	0.0021809690319218385	-2.3163225368577645	3.249013976447717	-1.6789453372216272	0.7535758580595547	0.45544424415645357	1.446247383876298	1.7670234363518398	-0.40373174918933186	-2.3977622861841206	-0.34129305393204873	1.5698896134546088	0.1249384433396053	2.1249092947877752	0.6693157696726748	0.44968443697868	0.08814233819645458	-0.2630888848903892	0.47291996078302206	0.9835457680644767	-0.5123459538997572	0.5251134659231793	-1.0267646247506619	2.167376662043865	0.4531835214137971	-1.3179244337798224	1.2674160314452134	1.9540840405144089	-0.5915729511102112	1.0723164482992713	-0.9147052350222743	1.4592160224554225	1.3243900829925794	-1.4277895921418058	2.913623727059015	-0.13761211092431033	1.3290707697556596	1.2281187798399755	-0.09522029673405843	0.6258266868749113	0.3144596730910347	1.2511613455708268	1.2126695289092169	-1.9818238846073881	0.49170282209180005	-1.514595085588797	-0.36772943422852933	0.5532646062696471	1.9530369104593364	-1.0408633842389112	-0.21517202530997465	-0.774506450411202	-0.08561418992238795	1.6941502958471968	-0.2851895240747309	0.6128451177693975	-0.015910757359901294	-0.7679073261066296	0.2681033423013668	-0.46606777794504745	1.4704096663598514	-0.35401315037371744	0.6369728377390522	-0.32804516086411073	1.0574486329907589	-1.1406680760349193	-0.6103329379322397	0.23140724756671552	-0.2893441859209571	0.04443212911887165	-1.6750477456858301	-2.0500236692240135	0.9895844936193852	-1.2333457896070432	1.3359291427806428
DTXSID7020635	1.8697087363762257	-3.3408773546317017	1.0532989017919654	-2.2078301731162466	0.03455392778312279	0.4900700521943552	-2.3961113362699837	-1.0441935498743378	0.23283935576934084	-1.30355895405407	-0.19282416517290057	2.715152943447826	-0.8415973481389586	-1.335533662670885	2.142118261809963	-0.9948877800792391	0.439726416397638	-2.0071203068062227	0.17522935672495474	0.2551712003547011	-1.0472825464122992	-0.43390521963344386	-2.1191012580782607	1.2151757194679287	-0.030843121302621783	1.3476421810633845	-0.13736059908962517	-0.40139951573528415	-1.442901701653766	0.3399038766224618	0.5068128151969077	0.34050353781857884	-0.6532351210438515	0.3655446412902243	-0.058594527987311865	0.40546310022453674	1.6354454619330163	0.5915980648855687	0.3917212537251389	0.7589632520676085	-0.2106244532531851	0.41848811214313103	-0.7409244944083675	-0.1232743431360386	0.17515447033288264	-0.08343240692549894	0.09721427281346885	-0.4089776537771559	-0.625005047297199	0.18266611908021008	-0.9230994539898956	-1.1875487917890006	-0.25045054269980666	0.40702944395891094	-0.20742090643833141	0.6245695085809305	-0.4184954642090689	0.49989131952546906	-0.07811063423748198	-0.7327985247911251	-0.009816736488910393	1.0323450576489182	0.9172623576560978	0.2893254935903658	0.9846486437470997	0.48904034668784535	0.7138343040012283	-0.7979149720174882	0.11337079100076852	-0.17202769791199163	-0.03886670951432251	-0.3292437386170201	0.3455829483607337	-0.7221497422383982	-0.10781605218333791	0.9138508439233766	0.7245236488767386	-0.8894662465958811	-0.7359440980883477	0.1872542896165958	0.6433257668019161	-0.46215896664964473	0.34388595771192887	-1.05853944526579	0.09563721168610106	-1.0098398731656892	0.6114745112533669	0.3700544456974651	-0.6192759072364548	-0.458262208943034	0.21213209940462313	-0.7543654511072506	0.6146586912290172	0.1985636648449776	-0.5935707533179204	-0.4057936945606381	0.37791846579658317	0.3307286066792223	0.23940812690895583	0.34405120868588546
DTXSID8045640	0.8177139664709014	0.6423470938029204	-0.6023305329192805	-1.4990963128152277	2.7013463436974128	1.4103093182716162	1.946890224078704	-1.4489579633945477	1.9044538692940274	-0.8427311218937794	0.8642799662480743	0.9441996398516516	2.2131806672687984	1.2423304163517188	0.21531433853406162	-0.9296684862822495	-0.23203828035654067	0.2733590921481044	-0.8668881233911324	-1.0309815084128264	-1.0802496619184467	-0.17103593653425164	-0.7026862455997377	0.8163295111348465	-0.30168006396896874	-0.5116711886175351	0.9383655544617093	-1.6974610493048423	-1.1328070844395979	0.06356946012503285	-0.420841113472962	0.7887324373089691	0.15617552196573992	0.8934858696153082	0.3305286526509195	-2.0927549356598614	0.8220379458557987	0.7607804199219853	0.7643483968423903	-0.46620296890942975	0.9231225388380897	-1.1620544942814992	-0.5894937630285857	-0.9764421739733097	1.6681290606969015	0.09802276468238356	-0.5978442713755062	0.8309653141998389	-0.546265675793032	-0.26452449299970665	0.8203473686189131	-1.681437417358044	-0.3035180317288848	1.8732745290795285	-1.2095049555051585	0.09799712358148506	-0.2852812778804853	0.18791708657913608	-0.41211400763549927	-1.6087719354969656	-0.23046789505072196	0.08012586453664276	-0.5722059254967564	-1.1473028627162567	0.7790868231744051	0.3192831158662196	-1.070986335585717	0.8969298270497733	-1.4016966276992748	-0.0209403798608962	0.24411778599074438	0.18547975542567519	-0.4718974864013814	0.26390251285399263	-1.047275749007688	0.23649693249618375	0.2621600676983726	-0.9422500640420759	0.8879007622430793	0.20324083231454895	0.623791019818983	0.7244403454466801	-0.3269828735974913	-0.4348572184343803	-0.4832843958831039	0.6875407430878059	0.3811729147664011	0.2544821934215818	-0.237829917417784	0.20753560748244929	0.34602558932791655	-0.09897773238890563	-0.25090777178461443	0.037422972971140694	-0.3375261432198571	-0.6683161993802369	-0.03737736877578227	-0.006863672267029988	-0.4578904395017768	-0.2775239472622871
DTXSID0046513	8.814123065972257	8.226211725541104	1.5595382329947052	-8.810242657435786	11.508566398749613	1.596393790591262	-0.3974875952183229	-2.068243041434573	0.7040533660287811	-1.1738996224297022	-3.0634439966309572	2.0569755330586204	-4.303929562370662	-1.0771087604017957	2.0692613763425216	2.6375944435892538	0.019675305427483972	3.363088830316387	-1.6533901249187677	0.9850653816365024	1.301929242319128	-1.6362338725131949	-2.400235065696212	0.38811885146815295	-1.9452946445832322	-1.5948912998792	-1.245876287711424	-0.7963669147551184	-0.682195162997977	0.8257784443447911	0.5048795832337389	-0.3899243477693379	-0.14376417786218929	-2.038047360385219	1.451518989059849	1.8798268430062581	-0.24566454937266172	-1.5065641283099647	1.634167799713371	0.5810791144884576	-0.7168026106985372	-1.4902568508948904	-0.6541415963954178	1.6672307878187465	-0.5272394224225899	-1.9915336139686541	0.584834587473474	2.096189181752855	0.7518162672234124	-0.6934659544353853	1.0332751713470234	1.9044840216933983	0.6155067330412244	-0.24896709432772543	-0.7535511239412676	-0.8034656155754143	0.8006236651018439	-0.616974502141086	0.05800266040829665	-2.1995083186489794	-1.1931154516294455	-0.5524036822301848	-0.39066629514177453	0.7304563318224769	2.2341266595865448	-0.42255543176750826	0.4737462808888382	1.10585287230728	-0.9427726919657226	0.5497033080802947	1.0182118417554356	-1.5169735427064794	1.1892444014093773	1.226742944434273	0.39658689806014974	-0.3295768287799299	0.7860273881445649	-0.13885444982416212	1.2483744996157393	-0.9586843224914747	0.0411017984686479	-0.4991474067711487	-0.38237195633972754	-1.5630800056252114	-0.6480257493139968	-0.8748836518015538	2.4932521703062545	-0.645271231562816	0.6481139087074447	1.1256444858487753	0.21409739778824882	-1.3814811146409576	-0.12914863900905127	-1.9477344939740076	-0.6993226119747554	-0.10026800379760431	1.4024874046293971	0.830514813855942	1.13727884890124	-1.7855902482933514
DTXSID6023103	1.1929060939547205	-2.036924142758332	-1.3016211155351618	-1.5086041041236036	-1.5363575529059095	-0.47934089423229714	1.1752304014017103	2.0275518413715155	0.6303664472362954	-3.729866800495387	-2.003296885054831	-0.6389992284978517	-2.6774807815677413	-4.760081592926038	-2.877005004851384	-4.203782554984282	-1.6733583783036794	4.367070171918518	-0.04756935181819919	-1.0257618095666274	1.6908184246443851	4.967722340636297	2.1523894308632787	-1.6133663560130889	2.4289287936488453	-0.9227753742345501	0.7217119019537799	-1.9819271636263225	-1.7191455095528136	-1.0588285886420288	2.272366005072047	3.328863232613458	-3.2889389802461757	-0.00458918503206136	0.7538113879713942	0.6640408621833577	1.9879998954327165	-0.5347357108652017	1.3738381285174879	0.4427236811492826	-0.411532177818509	1.0974181083549335	-0.05157201551757409	-0.5166268659149897	-0.5125163338910299	-1.7277038075847415	0.5548339466122711	-0.043662469080237645	-2.1511324470053506	-0.13144138923809745	0.9188910983410145	-1.485336098143209	-0.21307835664489563	1.172403423558218	0.7145696722729092	-0.6421347470952223	0.23991320648467854	0.5748634226124808	-2.9843667786517463	-1.0814620202025476	1.563811567048799	3.064727501546104	0.5602812201397236	1.7794670156513877	0.8402005349620337	0.17222314600520972	0.4644185541282049	-1.9385931004087076	2.9090876932054073	-0.15808012351456155	-0.930760260524064	-2.5181692990251525	-4.635543883687176	5.317530812269197	-3.2523218863669388	-1.7702773441813098	3.1285710967568194	3.279027987426323	1.686207244682617	-0.6602532700915186	-0.3442270849505169	0.405544082977587	0.3062899865292651	3.290105532178034	-4.563159893182059	-3.2500344914535515	-0.12936937041938917	-1.2069920016137496	0.0852423710102447	-0.29542905926915464	0.7754632353168864	-1.739562398995799	-1.0434343470826901	-1.7525384991552033	1.0273308688448592	-0.423767444510208	-1.0628170269745507	-2.36972214349038	0.024583292861379495	-0.7403083545179566
DTXSID0022353	-4.429707654951832	-1.500908227421547	4.110947352746605	-0.17404034572580995	-0.5968637235663058	-1.005758486321065	0.06590843881286843	-1.4592602583768772	-1.2411746067994534	0.9953539609727285	0.16467728549939664	-0.3764784881360135	0.466710442130884	-0.1654099986824033	-0.0013479894212235373	0.11910254125231708	0.49972116070967865	0.031364175518688	-0.07286084103839653	-0.26128722918244035	-0.22496913384772085	0.25136756202507093	-0.39453098768923167	0.18945128363829838	0.23607584283291116	-0.04445872946102908	0.02442859969183654	-0.08950421784895393	-0.3975336513125761	0.18363608960687486	0.002431547129954016	0.07642298062460762	0.04976187571838459	-0.17289333055621905	-0.05668852582043078	0.38680482638044955	0.16845471809231533	0.5256529962224117	-0.1638343745895927	-0.22152775352474424	0.2566002526729144	-0.2744921276898855	-0.20441552918867192	-0.6224852237192672	-0.11448426779476721	-0.21728312600582705	-0.006517473605022907	-0.22215924221470637	0.05374141753340604	0.11245471249721808	-0.15424192363965555	-0.8973530982662824	-0.0024319774268978917	0.08167829179822184	-0.06990579377946714	-0.49427818533032525	0.2930242493310923	0.06663651252963024	-0.501964915896691	-0.3886153191881157	0.40769525797097844	-0.35117808107524207	0.19040357478220613	0.067506263982775	-0.21112366408019761	0.8345676027101027	0.20041374133412806	0.024729949457437252	0.15585132051902068	-0.661742164596812	-0.17271606687878227	-0.18341381610536805	-0.6371959272050345	-0.2774572004926847	0.4796066363242848	0.08490018887391679	0.3116454660892869	-0.11081404342909341	-0.02764173057687495	0.479912324099003	0.17722059169493576	0.001275717985314785	-0.03274740475622177	-0.10795677382048824	-0.09777773220859742	0.02099032036673157	-0.0821516055700145	0.23931584613926468	0.24929572610278408	0.6068519365029306	0.1089452029611423	-0.2958094848501501	-0.262303869646687	0.29814677716213833	0.06537195788795261	0.22148425820515527	0.10866031024415301	0.039188807475841705	-0.053495491920353286	0.026586595333339826
DTXSID4029359	-8.275747520240534	2.6295766147346757	-3.324525670852423	2.2651698533810745	0.1432486237112291	0.3475159710630796	0.9351425301124622	1.3577563301237088	1.0239940049560619	0.11700936685004261	1.538719822797105	1.3157931016880484	0.9205678124723752	1.4437301281011297	0.43242111885004253	-0.2716900416877425	0.07571956317834855	-0.9201081228537402	1.2343383083198416	-0.239610448114586	-0.7662660499672899	0.7239412332750558	0.3327166082838432	0.39291154519914306	-0.16214161025987028	-0.11427430750861019	0.23369440203097344	-0.7579358645449539	-0.8370749943653554	0.13299699573539323	0.6478505044697689	0.5811478624870154	-0.12465053202792716	-0.27712570305592793	0.18894879526553957	0.3604128125355739	0.2684231809778096	0.19422699524277323	0.20070324016061142	0.1772753183790881	-0.208775173138065	-0.5799304335085098	-0.1047265512385286	0.8352784280431628	0.1667517727762532	-0.7640814310551837	-0.598863060882235	0.297050048735031	-0.04396611169818348	-0.3945765756287218	-0.019801947444936033	-0.18330710672648487	0.2699956744504334	-0.43530426580124354	-0.4648111918889515	-0.4210347724453637	-0.059682163457603764	-0.43704596365629594	0.1601577703656443	-0.6344457745188425	-0.7980483733618955	-0.40174105763537377	0.14971782401365283	1.2208956215177083	0.17663666686606858	-0.33478490671754285	0.07447508773024247	0.6802009046448129	-0.444126629618501	0.6354392702019976	-0.5887539752382186	-0.8370678071807859	0.5279124166760282	0.18098864602202452	-0.6356442915735835	-0.16580802062490074	-0.12522050384774927	0.46715010630282244	-0.6899216474359441	-0.08854148470738979	0.3692786598202892	-0.15556006096238045	0.04948583167806759	-0.2752509426547421	0.3634431614347598	-0.9858790491443427	-0.06709898334451879	0.8566977078512688	-0.15891786870064453	-0.4860217370097161	0.040200061133786984	0.3394675364034325	-0.4283586095499961	0.3689681541306669	-0.4226889030891276	0.18710993627017472	-0.3282312820902082	-0.019145809859767646	-0.9087350629167751	0.6473929894170124
DTXSID5040540	0.24298858121422975	-1.2494236714255444	-5.34197863379258	6.8570635912096884	0.7404911113637992	0.9114262758484731	1.7801716720141327	2.9859421147011798	3.5954330214231915	1.2439583683784643	0.23001419114886693	2.0919660047592314	0.5867142858675378	2.1077789956484194	1.3425002534611985	-0.24670474869729597	-0.04547583800899457	1.8405485469335603	1.5515622948761967	2.3347283283382083	0.5142353367516013	1.6248793698305075	-0.002427883912840721	0.24318633298531267	0.37479661819456794	-0.8241880593016854	-1.525666246535247	-0.5796112038996825	0.6006016857261308	-0.3710765058706579	-0.7628258229215105	1.1075287291598774	1.860054604928857	0.7053237581511468	-0.1974091223768431	-0.03552791352056602	-0.21811960817939788	-0.09052167683440294	1.4515506279514114	-1.4469106940523258	-0.0281841479654125	-1.874719803135832	0.38560406196908614	-0.7703617430005049	0.4576676840454753	-0.9011240832182421	0.33788525195060715	0.0011131656008311712	0.34585308073175186	2.1208712100473504	0.3646482484438659	1.7564640674775929	0.9540712238199168	0.14059496033275734	1.7772105577862864	1.3962058832056545	-0.11663089974996346	-2.007695861914715	-0.46388813383346617	1.899033085463167	0.710424948417835	2.4015539055213124	-0.8986332734318175	4.1837421675744055	1.5141615997307933	3.827497392788258	-2.028853872724424	5.305191397574689	0.7490841056466702	1.7172353482216907	1.1153530270758205	1.1604361545028812	-1.360763629701948	0.9082669062595244	0.4913962977552486	2.5577796098679837	-2.015554030605636	0.5680978576038157	-2.3969553904698055	1.5721930669196524	-1.4709998815018293	-2.5651644364603565	-2.8610846749157846	2.027696876188141	1.1987567840449191	-2.85455333989345	0.7976513847817176	2.915063141232414	0.15930063218867893	-1.0059477555990486	0.6639524387405066	0.9390653388458527	-0.8964453195044354	0.16260228663531834	-1.5416749475062967	0.00575635958461022	0.26250378262975177	-0.004352450092383301	0.1539045944236938	0.26048146249628623
DTXSID5046358	12.263669004828346	-6.707826448979321	-1.932619610018039	-3.1770841030258237	2.899120916559868	-0.20576832957241228	-0.41103129746418776	2.1330637626993774	-0.6115746353434897	-2.16188716377803	-0.4243911743826497	-5.47797685582137	3.3550496022433243	4.1581908501057505	-0.2817973030738439	-1.388561370993383	-1.9786286246665001	-1.9211090902035264	0.261887205081739	-2.527007931724437	2.220692904828453	-1.7477117268431124	-4.334028824104303	0.19067414041050829	5.698188114155339	1.468552438108166	-0.20001910253293134	1.7734996337878743	2.408693808587199	-1.064724523512931	1.08569544209346	-0.546791331398631	-1.7216766570104711	-1.38708859870071	-0.6124990660229515	1.7948668006916881	2.2046511144901113	-0.2781700311835718	1.4624338416854281	-1.3832153526660833	0.7134255793898283	0.10249549996508221	-1.7403676825903318	2.003803696482511	-1.0827736683864466	-0.8409943483324317	1.4570209357773163	0.06386004169046176	1.7328744546928783	3.0408806293765367	1.4474780266088283	0.7193330363678594	-1.5097428665768724	-1.3620856807081423	-4.4186345631224695	3.1986426798225303	3.675976533577974	1.0436389554266834	-1.3727867186693332	2.5573766397440663	-0.29613643010453605	-1.5321634276799774	-0.8050449349079973	0.5510904422602232	-0.09142326491028838	1.630065767521488	-0.5842168755679186	-0.25507367560534144	-2.8846591558405663	-1.4799826696027558	-1.0250201969204726	-1.7847242333602689	-0.8621808682333534	-0.23090099691039656	-0.9899156370984419	-2.429002204883212	1.7875242675913048	-0.9006999526154617	-0.45664780586087783	0.6181620292632792	-0.9001797818620393	-0.9023834186875449	0.3842444162669535	-2.4269932813588517	1.1487790441009456	-1.111334673852276	-1.0189537097207197	-1.1069818168032544	0.5766242980427913	-1.485981539012026	0.9228492785946874	1.560805637878089	0.48344922850949046	-0.2636574327515568	0.5453022669063773	0.015404169829670751	0.3796250287262858	-0.5679632092633773	1.285772242837899	0.6729771139102191
DTXSID0024505	-8.365770788898203	0.2355828594556485	-1.0774285318856887	0.8355838014918562	-2.6930289040684845	-0.26405948224708253	1.2021503908581355	3.0747038105103313	0.48366452451594566	-0.965575053986709	-0.6008809513071988	0.9569334584689837	1.4123329494320969	1.239915782985114	-0.9149823724543105	0.6167157481665518	-0.3730324776781744	0.19165393255588736	1.6483612216617292	0.44321512515100087	0.1079136759483862	1.2081870995202135	-1.722436748482197	-0.8040609344415992	2.343153043950213	0.813474611207513	1.4235251544746794	-0.24622449599963786	-0.03232127355929107	0.24008495206972666	-1.3009320904253745	0.6556313611063199	0.017567807028160885	-0.9679569872179706	-0.15815868416641438	-0.14122086493333916	0.03274556966942152	0.5915819331407951	-0.5257846243974849	0.17547137470178967	0.831712828105538	-0.34604222012562136	-1.74288198006215	2.2674384074736387	-0.42499133812002315	1.0877299073552098	-1.4491435639378827	3.112687947670912	1.3603298264466614	0.5221048228023165	0.9619534695025043	-0.17868608364904734	-0.8418383973124113	-2.0749791526195986	-1.6367900545016836	1.5628390168512254	0.6442554062995288	0.9284719089730797	-1.5438592471249024	1.2737969002743346	-0.8456506923079529	0.5502411049450334	-0.1673489807981803	0.8029439126329252	-0.2653736392577674	-0.3980314036196126	-1.3037840540253867	0.37028268732790237	0.1409120861547737	0.7676061652086589	0.5132583835310663	0.9753508950525448	0.08313437358362524	-0.0269193917561396	-0.15861893579508105	-0.7687348676569663	-0.8876331380206378	0.482212269659908	0.2629910272671613	-0.5483359888168949	-0.8676745105862379	0.22306509341270397	0.16088237504588937	0.055371726662161024	-0.899908094159293	-0.2232765317373507	-0.43670278857259287	0.350979952644659	0.18115377938478464	-0.23675509045542392	0.03442497932791851	-0.4548737968684156	0.0020604654084597964	0.11892593590803952	0.3017226787255426	0.018014855169976248	0.2325270143918017	-0.1078168967308889	0.1414266160457215	-0.005426135438601338
DTXSID5044607	-3.0851096587266666	0.5803678489464216	0.017087448161544554	1.9257787655519887	-0.021457247463186536	-0.6837454999687328	1.146579515666781	-2.1450013322813883	0.6411541540242341	-0.7065291686341931	2.4160825679382043	0.4119669999521283	-0.3216876235139809	0.719110704002733	-0.07430686145286747	-0.17188294302102947	0.2639994878052161	0.7896683285574578	-0.062136891017423854	0.7224224358779938	-0.7473467142465181	0.7385899486938273	-0.3210679501152634	0.561292340727654	0.07187857582350138	-0.3896029147681597	-0.06196007146325197	-0.32758163089963876	-0.1054863410635395	-0.3865319465285965	-0.10763468770948287	0.31380503138063753	0.006573279692346739	-0.298255939845909	-0.11706539267822284	-0.48776739765196026	0.3730376756434399	0.13180190712639542	0.5380256440624085	-0.3838393039656027	0.0415276328871435	-1.0911776050354565	-0.2857835285838002	-0.011254072376518378	0.44148446241090067	-0.7383957683878621	-0.024923944466779226	-0.10386066400501999	-0.09703515394831966	0.8674362981934216	-0.05525746888790268	-0.006378964335325584	0.03715193536209095	-0.11700479079727612	-0.3415990726461896	0.538072349318387	-0.46156832044264917	0.12225253275319486	-0.2190624927377532	-0.07265771149960247	-0.18186599933786465	0.6932205791530917	0.3909870611938275	0.15848917795596498	-0.006563724853902428	0.06099575602646528	0.0914643534264779	-0.6384106364440153	-0.13106422602567186	0.3598386108458334	-0.602284687400892	0.024279137779242548	0.5219234804006763	-0.4842081625988742	0.016683191648491878	-0.4642926340531771	-0.07801156005511005	-0.533729402421078	0.3720567549143535	0.122719658474819	0.2817098159432531	0.38420074028238854	0.3285311863043104	-0.06631521306339758	-0.3616285981957428	0.16145700840248656	0.3742802582968643	-0.03863228559842771	-0.0719217325191885	0.03991915609209054	-0.011099694386356348	0.09383904168753211	0.4314650934636819	0.17261500263091487	-0.06419308849643232	0.20307569628842081	-0.004679804690191631	-0.11960189808769577	-0.1957497642254001	-0.2261562420091151
DTXSID2029872	3.2601748739530247	-4.390166187670005	1.5415080928305913	-7.008587906179474	-1.0632678409464529	-2.4385594717355956	0.3857495940050665	0.540759109520973	0.05443733860436926	0.9481349144331215	-0.9195099147655608	-1.434773479240822	2.358884462051349	0.8328298675377683	-1.5334784918648974	0.6711438407147501	1.5162513703453007	2.4707841282634195	0.49809851218821605	1.1439875533852046	-0.20324300390374803	2.4140019112704225	-1.778845633887997	0.5579279295826863	0.27776266873085065	0.20037509821014823	-1.0904265132874198	-0.5655312973659128	0.06968821369102096	2.3246684544871754	-1.5460873421297232	2.3078603777629696	0.637206552662799	4.7573727422035175	2.4294327350701903	-1.9707869763253425	-4.670564388308131	6.902411706034259	0.653742117547749	-3.0532628448704195	-4.914539123912695	4.694646810284525	5.571686167752325	6.988078149480723	-1.355395955445631	-5.147349687613785	-1.543441073161079	-2.784640164316525	1.3222887426178258	-1.624806678641972	-1.450995604635957	0.7232262295811075	-0.07676933323272997	-0.02559670480979451	-2.2582236816964483	-0.33536172625332883	-1.1107609229496271	-0.5397770875964772	0.8268270075343276	0.40533440804498405	-0.6121775074770969	-0.045342355312174454	0.48641239144098575	-1.0608937759395305	0.9882190464544499	1.9034865616893786	0.29762136450072924	0.666124854653384	-1.4393128438553355	1.946184101071738	-2.071629195644019	-0.26120614741370995	-0.9055233257402274	-1.67103791911409	-0.038427612208537486	0.1329729001702726	0.30194386454927924	0.6781897124096886	0.7358915713638935	0.13918269872925043	0.7923265047212059	1.138459637038279	-0.1491176472112555	-0.5405666714906031	-0.25342743898248576	-0.14519779402507998	-0.07443110820061279	-0.06035843008299688	-0.9105586638352057	-0.528974952843608	-0.7973717052852516	0.26027336661961226	0.1861441567642665	-0.8563339872492755	-0.07014283945593046	-0.23754504055026598	1.1876098968219442	-0.4627905345452208	-0.2466244622031896	0.23966060059203628
DTXSID0039223	-3.6511802644628752	0.961769283684319	-5.27083696725064	1.3272073678238678	-0.4691487847430406	0.6678864651076155	1.574492078937105	0.2262808691854854	0.46845072892860445	-1.9057498595979931	0.7563316241688113	-0.09484082070111294	1.8372920412195195	0.04369755205463944	1.5500061959494058	-1.396501425440066	-1.920569369839342	-0.42154184555459023	-0.8777084704341511	-2.965169564022518	0.8100132438058628	-0.397791882697724	-1.696282842648497	0.2759264069021854	0.6350096015841594	1.1476528634063774	-2.7170760943249697	1.3420092925824196	2.1670334502597552	-0.3258945181906078	0.8648472170657717	-0.27619716333253513	0.7180776320477577	1.9223206484058286	-2.5627213635556734	0.7356792493505451	-1.0511704423566797	-2.2787795158276687	2.956438667706515	0.413952368638333	-1.227450150873047	-0.3058855194732135	1.283751230256525	0.6087624595848915	-1.4102860876110994	-0.5321440641956129	0.23021103122438027	2.2607050332433687	1.125028416378817	1.5746251643813958	-1.8522131766995027	-1.8281694971615006	0.6405965890533515	-0.15948714909351108	1.0771438542313894	-0.09701266127550058	0.9360534139681163	-0.5234493588544075	-1.4988927856894052	-0.3898150068937293	-0.3824288978680443	-0.2837057448498514	-0.43372735441235166	0.2775233767664669	0.19259404036942568	0.49256216683302634	-0.11225904251817666	0.007491832962376393	0.0600545871694673	-1.033301453355781	-0.5473878809154771	-0.0785391113993299	-0.34158611172006864	-0.8017447661104166	-0.30576247990796845	-0.65302630264703	0.0024927903918916805	-0.7073870786676308	-0.047810134644371664	-0.03011346599251536	1.2015005898949331	0.6609262766655092	0.057062075653995854	0.5719639266839167	0.8199297199054887	0.09944467370744342	-0.12450378614961846	-0.8359433671709482	-0.15131171839079857	0.25560853950794254	-0.30504176236031894	-0.09031101130483653	0.2818473528006756	-0.47489429200473743	-0.5897896593903503	-0.06879202055322473	-0.5390719891680671	0.06657603212373506	-0.24693526466672452	0.7129796839826202
DTXSID6044808	-3.7435306532018124	2.5652693279227963	0.4687359622276327	-1.2245809856248637	1.4273340005390038	1.2924880485443706	0.748437191074132	-1.883005606205698	0.46624380588061454	-1.0268931278437905	-0.3735769080495812	0.5054294613396122	1.291991665280961	0.01799893900296554	0.4728270027369282	-1.031921215613195	-1.1420807298094597	1.8276677503938312	0.11692569660125197	0.5453193034857582	-0.5469234737816465	0.43376826585238387	-1.5088240976829526	-0.19559124894587146	0.47170159112479865	0.1385474245628455	1.0110206298063968	0.6353564170704898	-0.3698035505969808	2.4771367415510515	2.190806264592661	1.8205359294258288	1.5433460589319834	-2.067816670748967	0.4565109502235034	-2.9237106689798043	-0.09029716796491756	-3.745852904866421	-4.168549090568314	-1.751472682300763	-2.00867003931112	2.8958542473606217	1.9671225998281618	-2.353114951096105	-1.3599492232060149	3.5858196002883926	-3.570093525671509	-2.1252376625918137	2.124844814489251	2.0049434905370567	-1.2973249629397274	2.534418772865681	-0.10812624282102781	2.1985969180178673	-0.6062351783829177	1.7308559964301031	0.5590130395090348	-1.5522908062088998	-0.35837816683941276	-2.1343883574612823	-2.7617149337938764	0.9151314558440078	0.6146741175309803	0.9023777641752591	-0.7055758605271456	0.8830805281605377	0.5684593920201845	-0.17787099589754427	-0.33881023772492336	-0.9316862083999022	-0.18306813476394235	-0.6019202591857835	0.3445088414060188	1.3256421446575966	-0.6756728031260301	-0.18689081493072618	-0.03997874037067513	-0.3771685477073535	-0.18315849878606114	-0.06074278392805462	-0.6915141695011185	-0.44942064442948965	0.6911787677093058	-0.4802377634167813	-0.31829989891373844	0.06854327953634086	0.0799072006505231	0.3371959567000499	0.132612122333903	0.8368406066964986	-0.22894667438934457	-0.4383110861913103	0.1915710637504322	0.0014754149575160243	0.18308711942284311	0.0826834832533947	-0.1648692500840561	0.4241832820113579	0.23999505199195903	0.30185430793836465
DTXSID5052709	4.317866422325046	0.7142989094865244	-4.686214129370267	-6.0376755155990125	-3.459502540172085	-5.155602540977216	-8.393198691009717	-0.5447695853858531	-7.60453817442789	9.898341310411666	-4.4715009026708135	2.0332299591847662	-2.3677031913814313	4.301970837668182	-0.5328146929349635	-2.836188558636664	1.7417307186714572	-2.0844705531605143	-0.09570783454608517	1.149846096699474	1.1629118733404613	-3.0992921868246213	-2.62851436808247	1.404778738196446	-0.0034840770550289574	1.370002491258094	-3.618237577031089	-4.097125642363372	-0.921025905213945	-1.8202066196209385	4.0631807946317915	1.7831645756689982	-2.458260096898481	-0.25226463511323005	-1.6757240687324861	1.4745961148688864	2.4996399936746982	-0.042963395083000074	0.4155051715545392	0.45831555665077406	-2.494381732744201	3.1853806090193997	0.86767912858224	-0.13832845676898192	-1.5716407653390083	-1.1462871040458662	0.6416646864793132	-0.7660350400932419	-1.9923226237706473	-0.8255549084628107	1.6304424435542455	-1.3198462647459788	-2.871484902603317	1.2443673298292932	-0.2865617300721068	2.306071936195788	-0.9966584533279202	-1.3357617223391343	1.1512217695456328	-1.7405291355589463	1.1488780070237283	-0.5290468536409654	-0.5269123808496011	-0.5700288783841713	-1.8832346602863341	-1.328428787580744	0.5142394159334835	0.44716778240371163	-0.20166149376963816	-0.2692950196673022	2.0254529944246307	-0.022188749250880654	2.0300086105894413	-0.17159690579473955	-0.7835875037854437	-1.0522863340018567	-1.181445196169323	-0.701308101277565	0.1915561382118428	0.20371928482650942	-2.03932475537161	0.8313069448035694	-0.6385355559969	4.4336109291435735	-0.816236151488149	-0.6496273580047768	-1.2525837781387645	0.45999323808698445	-0.27763785766470844	0.9848534420649083	-0.04894894560245469	1.6978264053272627	-1.3039557227283909	0.9546744579341079	-0.5637208307552135	-2.500977950654848	-0.10266239013658399	0.5815809967537332	0.5937643814593454	-0.1021072253694299
DTXSID7047641	-1.064890633137347	3.9696172609458475	-2.957093997400746	-1.9705924541423856	6.957836258952053	1.237243715576158	0.8630464758756288	-2.944023226003098	0.8234717154888176	-0.7211199438064696	-1.382173125473674	1.9035564786781503	-1.4779649835140898	-0.2826168750043368	-0.1643341320946655	1.74840365205116	1.7123443439243644	1.8222675422786918	-0.027717143968980756	0.6174375009386917	0.44170882831209585	0.40240129214183257	-0.4536171965412046	-1.1936332642412482	1.7980934772183732	-0.4482868859451537	-1.163507406468166	1.239882547732243	-0.6739647931919487	-0.48942811106989526	-0.2296282088911308	-1.1347283268183022	0.9230038625966677	-0.194845703802214	0.10332783702442777	0.42822918071500193	-0.06138206498853513	-0.014807562999761954	-0.1241922033618089	0.4235864994842225	0.12810479758133514	-0.27260804927322374	-0.8526844046538415	0.36483435036159917	-0.5009415118545046	-1.0557165419128236	0.5689044226579307	-0.14890624013773748	0.07070066635054151	-0.25393653320684756	-0.1265522424748473	0.4111127005956614	-0.19144220380972457	0.37750668496979123	-0.036001975273350875	0.34445066800142904	-0.9531150983282582	0.07540191039573281	-0.44463287365380255	0.2733871627163242	0.10446006460568832	0.3477625610407641	0.198496419091926	-0.6176331693155325	0.01893349296157599	-0.7324272704517265	-0.4253321048856735	0.1563385756562348	-0.6737697107556195	-0.4066292699579137	-0.12327089893103556	0.32205717773666453	-0.13220025279972047	0.13900035775131794	-0.6417925425811962	0.16051257098535385	-0.22911196181144924	0.44261399004791446	-0.13582918937582567	-0.011249152633216748	0.03429502440833698	0.019692833098237734	-0.2746397017068047	0.14060747272794602	0.2977386819614712	0.7492965857418269	0.31669735133717597	-0.2830139968011954	0.00457480067013137	0.2055960844301553	0.06724541653614408	-0.13536503418254	-0.6186265602987888	-0.24010392496238894	0.21830575598943217	-0.36085369320873517	0.09941231323636938	-0.13299219644643148	-0.1496022019984015	-0.05218057530602721
DTXSID4021842	-6.637272831616505	4.498523865419328	-1.4834747694910144	1.0970097210967618	0.10661100665412258	-0.3082664014859395	0.5018144481040404	0.012570597624956105	0.04755584230686591	-0.5080170073099423	-0.5672435804621726	0.5236645282822531	0.7517614179628819	0.284591546895565	0.37626814038113143	-0.30634834397148114	-0.5673108300799189	-0.5885412827226345	-0.1863635755595006	-0.8328982476503544	0.3974826150753931	0.5212672311393534	0.13844567420189102	-0.6018409010421947	0.539828778249549	0.19629238959687836	-2.1967740459523815	0.368572529784154	1.067248683881535	-1.2720290742361844	1.053037555050278	0.23227897021324145	0.6273861132353565	1.9574195144360516	-2.350798353801341	0.5482146095651139	-2.096800919141663	-1.5975618746193918	1.4822971796566253	0.6782837887244774	-1.2900722333878334	0.10740415159185086	1.0465775692730166	0.4313106701149241	-1.4004036564435316	0.2567723559937543	-0.8852338764838625	3.093652675840933	0.4812419291375371	0.5468546700444143	-2.109716947394834	-2.4315845104721285	-0.2277220982414633	-0.362843455419967	2.215611750458261	0.7927499655198127	-0.005427632943850566	-1.1534534427227505	-1.44617842857781	-1.7630186139091122	0.37301606729689624	-0.04412538751571793	-1.0267787056517963	0.33064449854204214	0.27804204236140034	-0.14713883364206362	-0.5965058903501788	0.14514730538298942	0.8956025918178289	0.8256170808914011	0.42617620846145243	0.4342302437200065	0.22813057914083357	-0.7364103142991575	0.4330635119286655	0.046510493844137295	0.42349629189994725	-0.7444171002127628	0.8061615892966593	0.12731367151848386	1.2224981323293684	0.4101748730269962	0.8816622747638325	-0.13068721692728053	0.5579666921305211	-0.1000428903438434	0.5382527650438759	0.11156161464459	-0.630232703313205	0.2944820409807758	-0.521322229752127	0.4050179595570023	-0.12902805111334395	-0.044886561872834824	0.19824179702468975	0.676802054763597	-0.13278138398619121	-0.6204311981321141	-0.8276555407745189	-0.16475543571608978
DTXSID7045150	-1.9470334074874296	-2.1788049374956677	2.0091495561724613	-1.6638286728374154	-0.7599450176208568	-0.5666689098021523	-0.5068891050345798	-0.2339324036904368	0.5316043661142343	-0.4153060472723492	0.5028464384216789	-0.8433501529898179	4.371349670708876	-2.265174438937389	0.04205551860509193	-1.565636689272332	-0.9006007547488427	-1.2690985757875815	1.5289587152374293	1.364555952158311	-0.9417120489491074	0.344072601908014	-0.5633821220529918	-0.3548763828931331	1.405001631142519	-1.3631958939249147	-0.26392828257773265	1.386495379521967	-0.1884558181880121	-3.2041211912359344	-2.7494666687460017	0.23589784278573162	-2.7773134057112174	-2.0479400094699605	1.5468449672423192	1.1977290022518	-0.294821448699142	0.7862118954003339	-1.456025409486177	-1.5174424076478068	0.24888345338785703	-0.14660139238347472	-0.17814531334746683	-0.9461131757025296	-1.9010408035570734	0.17555702274186286	2.006971230593353	0.9983618498156673	-1.0290173235782567	1.4362046464166123	-1.609731294172214	0.2473477022702819	-0.4237844051214296	-0.21975695737888565	0.1514665570456165	0.463193762226276	0.6313098450278926	-0.6923486024627695	-0.24175548674424996	-0.37654289493607745	0.3781945104144142	-0.6309576374175809	0.5593760814635448	-0.9956637701545127	0.04770123269930166	1.6051185396285756	-1.4147035073260492	-2.168297380691585	-1.5942613876893972	0.37109347980327584	-0.25339410258612316	-0.08850820764440419	-0.3481110425571115	-1.0590745726346773	-1.223892764602664	0.5152746441345698	1.381459459688231	-1.4285482844982609	1.444333524080915	0.04500889107408301	0.3091732657760857	-1.1581230527543724	-1.9624544615016026	0.2279646215100258	-0.6725412800605999	1.3046744616025165	-0.0690918909905728	-0.47191585377730283	2.690271681386469	-0.34798523343259663	-1.5719249848856562	1.7536552338459517	-0.3121152800150885	-0.2870944672769502	-0.4325365650076674	-0.39287551568486495	-1.3962387051104346	-0.9579179962244939	-0.40044268409066536	0.22072925018497044
DTXSID0048973	7.378025983951474	12.24300555966187	1.9295721387512246	-0.2689709532240804	-2.3614538795706137	-0.16276598673673026	-2.601600360566174	1.5815524622753407	-0.5622000185179259	0.452324199092449	-0.2982426643777776	-0.3680951341120643	-0.7253008241583551	-0.11598357743222458	0.32662119544064017	-0.39791466766453537	0.9624095049196892	-0.5572923276230002	-0.41133973512338506	0.33430554566136533	0.9742183049642775	-0.6606719667842619	0.38657026916983656	-0.05108870770246469	-0.7694628923929492	-0.42139394173322087	0.1134370307771182	0.7966930539926756	0.18065710919218775	-0.952033114590345	-0.45913539613277554	-0.5807261837792308	-0.2550053944199229	1.0954847226431288	0.3629853712361464	-0.46067673586743757	0.36504763820854036	0.10573313969928227	-0.1258764779264758	1.6071367344467131	0.4406060478823336	0.48174515514635546	-0.4967757540693948	-0.25215274981457897	0.3027948001593064	-1.0102241185016354	-1.650960282509763	-0.33129740809505914	-1.0008263119278913	0.625005406046949	-1.052085105558575	0.1674216172998423	-0.12286133039237945	0.16403503569921088	-0.20417661450887395	0.9216056084149759	1.513130190039321	-1.2837885749390527	-0.5335759754007142	-0.029158155783723206	-0.766089654095687	0.24663117372804866	-0.7546268584941535	0.1000064874553961	-0.18894759091160546	-0.29187822720220463	-0.66628486434301	0.8672170170160267	-0.56694294104042	0.26647788655818755	-0.7656086312921977	0.6052292193109831	0.5216547403614622	0.14847645828392175	1.015751572270046	0.04415451638993915	0.055524496768884296	0.809504945408181	1.015244001671175	-0.05713433859663294	0.07233921535166926	-0.1250877612063204	0.165941821332873	-0.05596004819200122	0.13089883178454742	-0.24563572662514782	0.29608007541575854	-0.5027776620903884	0.024122413029834956	-0.023549909517940778	-0.5494285259799541	-0.7163897484185029	-0.0760277690296074	0.08901713606689907	0.04249607512260821	0.16046703228367087	0.34184155091087337	-0.6095488015491541	-0.458700216921274	-0.09307587652460303
DTXSID5057670	7.038427985785218	-1.3810159942481	-3.470134468343125	-0.5066215368633582	-0.770219396692541	5.1275945445799245	4.675518459563831	4.8551112539765295	-1.2984177202086058	2.3033920153932304	1.5461751191104507	-2.403378809131975	-2.0849795117974375	1.9898076501515898	-0.1000264352492517	3.1319904614431184	-0.572312028769263	-3.664278760242181	1.7198585440907963	-1.5200898188648806	-3.7069259741593092	2.0664675490206244	1.3848555286700666	1.6232029786182613	1.3053409875286222	1.0739279216486812	0.25155216595607505	1.763152334684599	-2.9349769884700385	-0.4143098860213087	-0.17639503416306443	2.5114585944560237	1.6419566565813806	0.4300752234890554	-1.274530006571658	0.26518047052323007	0.5509111814086513	-0.28340037619391567	-0.5427539058404194	0.1976655726288898	-0.44725594050217177	-0.6411684388422964	0.4843910481331352	0.6332916981344378	1.556071859770239	1.0160419246760644	0.4942458243450397	-1.6989777943099265	0.7423465646617119	-2.2687595661096895	-1.913473622585983	-0.4799079379439654	1.0008692269396486	-0.46967214722788203	0.5321483087705807	0.2736657944575509	-0.612696797525704	-0.5144896590093753	-0.10757608159117157	0.8631125077927615	-0.7765880329440858	0.16584776116897462	-0.536311526552651	0.5977637565706582	0.17131171765149406	-0.33431889837695866	-0.0017920721649686954	-0.16384283227649968	-0.6161928062210692	1.506706968271104	0.417522032249523	-1.3626728617519432	-0.11120179545920726	0.7223258767448292	0.20959242028991223	-0.08437771147256123	-1.0431918488326106	0.2860718954598901	1.159095795097577	-0.9728837061701148	-0.24955380468246777	0.028731413134627418	-0.36063113683365355	0.20989417255868753	0.5165404867701234	-0.358627565918427	-0.44062255732601063	0.8381212072083593	-0.30435957848558837	0.5695364096498708	0.3356847474686028	-0.4784822598598142	0.8448420192162238	0.46709401114244636	-0.6594186884045821	-1.1925217433212456	-0.382281055209811	-1.1360027344282477	-0.8815997565589888	0.6851376590958212
DTXSID9046784	7.674969205278429	-5.172864679302693	-4.979283200582125	2.3781395689580425	-1.7779394423061468	-4.003713471557184	0.838182285523843	7.5618050688117	2.1468750844085225	-5.901542582456771	-1.4217376651208125	2.780588213209458	2.268444574505661	1.2105450181541164	0.7928299579860242	1.834935537301203	1.5969183997600054	5.712393364301576	1.2198684986004757	2.2074509053253344	-7.888125456571888	-4.608803768033904	4.562359685719785	3.3595221766665935	7.533347613278048	-2.912111316690208	-1.9456080260481905	-1.947538573881969	-0.255541752875745	0.3696640629905769	-2.0761768061585655	2.032358906645708	0.6190443688570789	2.9175846811539987	1.4878552438252783	-3.7030433701623755	-3.3360598271057493	4.9533900791760335	1.9856295025696185	-3.9617674568979466	-4.787062358336816	4.18782185419683	6.6161133547910795	7.904476570416371	-2.2235527556003407	-6.820227332454126	-2.3277885633801896	-0.3799543225532387	2.2397120816090665	0.4229399832060485	-1.6655090231254956	2.4173631099329667	-0.3008638267159052	-1.0881722890835046	-2.7889308811780844	-1.5840924208583924	-2.9312405021001493	-1.3530349630156886	2.0227632502996302	1.40373228282402	-1.5297451801463957	0.23036191879727888	0.6599392175071757	-3.1203245422506707	-0.18991384772568148	1.157334666003859	-0.3867887082745935	1.9381851655378213	-0.031197853781221613	1.08979990618028	-0.9420202605614666	-0.7671509730072545	-2.154819892227545	-1.3880593966530885	-0.5286394907571959	1.1016715968153792	-0.10388926360548188	-0.29598525758327676	0.000521523647352079	-0.8216399894005117	0.08238419209539434	-0.33266423372392717	-0.610707690994176	-0.013483557354662482	-3.3495980517885977	0.6915051407387024	-1.7005732284783688	0.6875528937027163	-2.069419338760071	-0.3102218535043798	-0.7159901701687729	0.17900967884433053	0.32079434480509317	-1.769658451958236	0.15836381903210728	-1.3087827070791378	0.4871642202777458	1.0053017712195482	-0.49704292047181864	-0.8499291217434533
DTXSID7046207	19.395473147394725	-9.859242151666226	-3.6234885257036527	7.525560270467254	6.907576916705771	2.234984678487982	-0.5212467191960074	1.6889019125452693	-0.16199667625507033	-7.494563597440022	-3.1926564502718477	-6.844531587572646	-0.8447044380164138	14.497302278646538	-1.849031396106705	-0.9773576162623325	-2.065829100885534	-3.096136080625448	5.473768406144878	0.6913750998128106	-0.6954543703790078	-0.05467849577752962	5.335640496565146	-2.415685264113545	-2.8405752279820997	3.2215467763512056	1.6137820564388028	-0.8274846560445122	-0.8159124338126086	1.7692656671684805	5.002615336233788	-2.8290248288414266	-1.0319717030293603	1.8016511056744813	2.7336900483984534	3.1289637739927456	-1.376305082655697	3.5714086019480114	-1.201251137958416	2.969032455922566	-2.4924069424658457	-1.3502141679212227	-0.3703887484837228	-3.434142578775472	-5.018608656501827	-0.7477840010318236	0.07683643750106317	0.08347054368651065	0.9301197250913437	3.5179776795524944	-1.9683670582391413	0.8400333643344721	2.1495653882544943	0.9173229931947278	-2.752295469819109	2.366537475466796	0.07372072097073798	0.34491915901867054	-2.255489945505145	2.888868106940693	-0.22214081275484096	-2.2920896491648874	1.1455087782239854	-1.0317257501243615	-0.11752100878958986	-0.5910430436880058	-0.19435922126874786	-0.44972166761892096	0.1820310549762147	2.950261856043697	0.09912046498448666	-0.22746936347189223	-1.1059158178480826	-1.917486583609839	1.466384628138125	-0.6846082416030989	0.446851916653818	0.46109210023328623	-0.5991925063092783	-0.5971668783086473	-0.668622939359217	0.3402681057492982	0.5469254243915541	0.7519993425209852	-0.12293614547117525	-1.306338650589046	0.777342703765045	-0.13749601306618908	-0.2060453648701268	1.1485536429388192	0.23969437439697097	-0.292691016878067	0.7754444748718655	-0.05347405873667355	1.2481127045879312	-0.27289809850451974	-0.4670256128644045	-1.2244360214569563	0.9907870913640107	0.5752067746290593
DTXSID6049276	-1.2153392332697897	2.3619865185107733	-3.989471637661264	-1.4407678957944843	3.264546819786774	1.6773104265194958	1.7899830050498615	-1.195545598470132	-0.9013056609135629	0.8205911627607319	-2.8865593853738702	2.3868534999210382	-1.7337617360906525	-1.682988945454019	0.6854396544511541	2.1969377430076795	0.3783437027276612	-4.6623969823684215	0.7987808313469458	0.38869790076645183	-1.83036287348088	1.2945726897310326	1.937042075357	1.385514858089944	0.423659861551843	1.233107857756177	2.3050782058185795	-1.243897246759032	1.713548474498938	0.7493987556366015	-0.5890245918483039	2.464759045243052	-1.53843750786311	-0.3645526560604297	-3.456036779078623	0.8390178375544789	2.10938920715423	0.23928466634252202	0.6848700192390133	0.8638581943743837	-1.6725763703767118	0.16154689281576126	0.14771549027399217	0.8188680080542386	1.7102953830922256	0.45630491582399774	0.49242178710968404	-0.29041391246062814	0.7845791723698962	-2.1389559210377933	-1.336979470256722	0.7614676899136003	1.2933109079018594	1.5375080221691768	0.5874799542385439	1.4520372940042148	1.5029062191078697	-1.1994108937527335	-1.2763378501428366	2.35424343525999	-0.6593953585169331	-2.3458253585183226	1.6951591649683553	-0.6244014063992024	-2.031420065743653	2.225094139413449	1.7704109338483733	-0.07954158691723195	3.847343617248515	3.1268121994708657	-2.3236828235497646	3.235786810757973	-0.18322020905700476	0.10772930368287112	-0.15657371622913716	-0.8975237706516735	-0.0962614483148866	-0.0756504705511028	0.7431987820896813	-0.9134932384666592	0.5361605784718471	1.3480472523289626	-0.5276681526745797	-1.3782134578981167	-0.8826579214701405	1.2128226322563278	0.8054144862312458	0.10050869422016168	0.7161045445700409	0.42375187392202024	0.48015604682954693	0.14569400289704482	-0.5287335232615368	-0.38592888076732296	1.0264638827288932	0.3549410990709028	-1.5887638247577862	-1.0249890661767527	-0.7817918318615085	-0.021836383860914087
DTXSID8045648	-7.460042291588934	1.086497659657041	-2.6944434452108506	4.719227210669694	0.872726849340188	-0.10239470933781568	-0.03183130439567478	0.368892139157489	0.003359508001766424	-3.237556167902134	-1.454617148311283	-1.489644749742574	1.485502451473932	5.219816737207366	0.04054437940557413	-1.0414563967506567	-1.5401728419727043	-0.8090137994715055	3.7306824747150564	0.8679503670624272	0.22767305934552629	0.9574163034741189	0.2237875053788981	-0.36637631104017526	-0.04376413213852729	-0.3664785709550788	-0.11348862241695346	-0.20646296789726998	-0.33917689893678665	0.048788146244650915	0.48069249451881296	0.3177245574684576	-0.2307125844637555	-0.06180093647191143	-0.6574134344043943	0.6404576723306447	-0.13765594399534056	1.3258403781045034	0.0418480471899294	0.23212050518883956	0.15730308213607053	0.09097346140263453	-0.6023710465184732	-0.019503795649391215	0.17989353322470575	-0.6428926715570076	-0.3197049053876127	-0.2848590267627647	-0.03802760282351144	0.0029555038266852966	-0.5460444841340943	-0.26309278388449586	0.18178512954941414	-0.17437496279807552	-0.3722406297658962	0.20727069557092204	-0.009685479785220885	-0.7548352965164408	-0.6861535440913582	0.4479487302169113	0.10683762811122786	-0.6810406031481231	0.43224910294323077	0.310481687834415	-0.2900518833626069	-0.10091758375008195	-0.25240797111548186	-0.08864475645301195	0.2231216711841033	0.11079399163185363	-0.3919126778159095	-0.7618476293897652	0.20866786794485973	0.21903261097528312	0.14108620135516925	0.08893986770638566	0.037419204774356694	-0.21873053340211504	-0.1779616665794	-0.17020267134352818	-0.44155452298360326	0.10914732902312985	-0.008999685368991366	-0.3391891074501476	-0.1747818051443925	-0.9490099532652427	0.4674514359252994	0.29869929286989894	0.24893634317728516	0.30011329176766127	0.2656635221099319	-0.10226678496940528	0.22035566082122304	0.24954207565427286	-0.19869808214850618	0.28981259639852747	-0.2266160328044849	0.25810712373825917	-0.01756126031461755	0.8051252980744176
DTXSID6021741	-7.956713292212408	4.193356977843471	-2.479304836191001	1.3830890555557889	1.230709362633495	-0.5509224397868784	0.9056230032826814	-0.2824692517623565	-0.29129031041017567	-0.510168050054986	-0.9079013065048918	1.3334360565507597	0.8379203405258936	-0.07374403989427009	-0.3566002090919705	0.22412993170617232	0.4643885771958512	0.12022088283297484	0.6271608802999407	-0.7809446441218759	-0.5240189735600114	1.0883596347172884	0.019925177835101237	0.36582068750614555	-0.10362776031942665	0.5514616590461136	-0.7500508630100692	-0.15226306508265292	-0.6317862292311823	0.13658598022521828	0.5635670238437356	-0.5292236460882368	0.2507002908006696	0.15488651802666045	0.38094129176325475	0.2680863866770628	-0.028888488933665024	0.7219384759348536	-0.2947324161101646	-0.6462822011291944	0.40160445674481887	-0.3151881792656012	-0.36045776041242183	-0.2969553815928333	0.3641640183613875	0.17348828946139774	-0.5738819437923005	0.4774436233561344	0.5394509912699961	-0.6448262977145695	-0.4232623611061518	-0.6923939246568308	-0.2104460134469608	-0.3551930900610464	-0.629179759917774	-0.446794598108803	-0.42585171866425553	-0.34108961442577773	0.0348758391884874	0.3775257645513295	-0.01603071598592764	-0.3478106723358343	-0.10486699310110623	-0.23334475179182282	0.6009379473002975	0.17591271248217544	-0.18397851515243357	-0.028684654294379174	0.8141597537621093	0.5152122268206563	-0.2989470342519208	-0.8948362934663882	0.4625099694457426	0.20491726864218254	-0.3947289214214806	0.5078095553794588	0.18734678194627427	-0.2555618739473903	-0.48069962030542424	-0.03196213026625026	-0.1830390901590979	-0.45733255143342016	0.46698801641742665	0.030848419429123797	0.0009071788729911087	-0.21669056582668014	-0.39184638274961486	0.33303947530693767	-0.3576153667176874	0.015656326792144966	0.7082439982651406	0.9193791373705195	0.20420322032974517	0.11628089137762457	-0.22686180980622106	0.4006812739702531	-0.24334753583533628	-0.03209634144496821	-0.18385827091973728	0.28604647686889634
DTXSID7023722	1.8758069638234727	-2.3468508249684485	-5.861505041197653	4.266263903308361	2.544930314857587	-0.8543642478935155	1.2121159695108583	0.9157135875992023	3.028003751453366	-1.419850872141333	-1.368917127506457	-0.3213714209482194	0.10004435134683314	-0.6161833512677375	-0.452378363844977	1.335551563954848	0.16326852581341733	-1.6477531642495447	-3.0851465147073496	-0.19453477210987521	0.11366372813546437	-1.7603981881139923	-1.2127122355256263	-0.7503780312268338	2.673651289130502	-1.5138881688071513	-1.2307240383137412	-1.564556953671107	1.4536095432638632	-2.653023832674744	2.730759227120135	1.402215107716999	-0.8920203275775787	2.2745030821193795	-0.5799641655923168	-0.6280911001155522	0.7280266636158425	0.1625301008113331	-1.1145388848076216	-0.6739604376901415	-0.059648645823841724	1.0617675533046385	0.41846182529236575	-0.780320232066417	0.40105185209275107	0.9643919480250909	-0.020460720736510212	0.30118667750112493	-1.7297990649239332	0.9177179475532224	1.243009409797553	0.08556757903732036	0.40949852073286713	-0.32306192241751824	0.05045234797352087	-0.039821865446456814	-1.4468158801038793	0.8836217468158521	0.37109396726817506	0.7035695113850051	-0.3693924844913251	-0.3910550003759237	-0.48294254812579807	-1.2900762418188785	0.4536569108470093	-1.5295154599814673	1.059478150397003	1.1053233775898534	-0.154405761908343	0.951331253846966	-0.5137852969376753	-0.9268691213637418	1.0193725302258094	0.9528913742939322	0.41997055408437134	2.223687826301424	1.2962057684910773	1.5286610303746206	-0.6076803739566232	1.3368834809265706	-1.9277472031051004	-0.26156468840968233	-0.21012367071614663	0.5181020951919754	-1.440970168848756	-1.2392937141226663	0.01863986948885246	2.171232487798744	-3.1420725697955727	0.3768073982369481	0.2723282700530968	-0.7012063562617835	-1.1035495421262689	1.7485415169358276	0.6343598921024407	-0.12894204830059644	-1.6662058210297341	-0.9855234889106783	0.08981259127958938	0.1353201458012234
DTXSID7026025	-8.231985466030787	0.1699953003618264	-5.730796862648582	4.1871037173626355	3.7248756904721705	-0.38670705532527516	-3.5344164958813855	0.7584956293760529	-0.41937370078774544	0.1533866437510588	1.1856701218391226	1.1972463576476147	2.3035807810315414	-2.5596413827347964	1.263995472492	2.368825837087087	-1.3313109302995205	-1.6336882301942923	1.4596395968754172	2.890396042687847	-1.3469690269299237	1.542982205196044	-0.4755497589807936	-0.6858698698354707	1.3740683914698255	-1.827822236788624	1.910064354629488	-0.345645224807076	1.392966203081529	-0.9658940366060772	2.653439137652528	-0.0245689168746596	-1.2293315533733138	0.29171725911933477	0.2911333892343491	1.8379983559586557	0.33148448976253064	0.9582909546586432	-0.9401389559323552	-1.8375626929444966	1.1939025881696677	1.588777445424097	-0.5780153372265304	0.8450475249377969	0.8861756226475105	-0.49129798067737085	0.5617026402212723	0.44823865720972167	-0.10268134575672863	0.9106169781840291	-1.141432366673694	0.27518246868098156	0.31058421946075104	0.07585965236707833	-0.8279196581658741	-0.251156030656376	2.0620670743608747	-0.5818936297531443	-1.8941365853602774	-0.812638899633007	2.123444599830805	-0.212288917425519	-1.2550117648587928	-0.5086236551673112	1.2991521651474789	-0.9441597766268339	0.5096850178488332	0.05854362853140164	-0.18908320723062283	1.5582037638099433	-0.10029545468096071	0.5008553572948014	-0.02008513913358442	0.08312586883444989	-0.49094658561342813	-0.2834211104104911	1.6747134321131572	-1.8540852634826244	0.2634920882934751	1.0609899991787766	-1.6552413369237426	-0.7381068224728055	-0.640734923498023	-0.19934427014459088	0.8142374700998612	0.9176808256871043	-0.6578342791232576	-0.36326123293306883	-0.06455658357343166	0.008722279816911071	0.3206281711319564	-0.733988007227095	0.27341001347066507	0.8304394827441208	0.6963003893809597	1.1743569169116608	0.6952205835606267	-0.9051381162059957	0.4820787022319308	0.7874499673169464
DTXSID3034664	4.608676485592753	-1.6526628911339354	-3.7513862004257112	2.514435135262291	-1.3898915864477062	-1.3255672728052814	4.553348937086952	0.47070014980845803	-0.2553320574214432	-5.158624232124248	-0.5512733080059203	-3.5365797114384887	0.19841924929914578	4.351636286806249	0.06528018270069806	1.7419927283052643	-3.3033466232594244	-0.4284138710679425	0.7699162238598044	1.5603797476947412	3.431034474840935	0.045876779391280896	-0.1653158481033024	-0.7605124286211504	4.606900019091959	4.912252295235904	0.7094401239646645	0.10567610781443526	3.40813985265512	-0.6301461105732317	-1.6765757338981084	-0.7364015591581663	-3.1846761818581104	0.46348518453145493	4.394970505700664	-0.22990612488178333	6.4068907146790535	-1.042970594173026	-4.42133732316874	-0.48084799815733964	1.4130620341290905	-3.8004504235100534	-1.7867879364569608	6.739475183364982	-1.214357663020124	0.06209803312340141	-4.527826470932789	3.3355662897913443	0.6037035892599433	-1.9423542069205144	1.0100113657294902	1.7417711970250456	-3.068484721798148	1.522595557231783	3.8847877274250107	-1.1994289233654367	-0.9308330081391363	0.33905066340873957	-0.2342049250294873	-2.9719134610388864	-0.6878440673516607	0.8147891933636323	2.2473660327371667	1.979758818733697	1.2222748179865077	0.4251163237809755	-0.14209181730061998	0.5929670065356145	-1.087950907115024	2.5029793927090256	-1.049665212544433	1.0928088023955196	-0.29859342318334625	-0.619482751602342	-0.021166988375426875	1.2461909766306707	-1.0679522577291987	-0.8257713970419752	-0.4789293942204736	-2.118110997852006	-1.4446536315092824	-0.12428630871638649	1.139625661294073	1.0938388744473406	-0.8325438812254479	0.8103561414397282	-0.6172985664395723	-0.04531870493621232	-0.05383299052738442	-0.1187996381527015	-1.24923126211053	-1.0450243802312937	-0.5105112911660884	1.2450438753357367	-1.299927624302841	1.0845877412840006	1.1848970262491645	-0.10504970031489329	-0.4047918238724869	-0.670732217710809
DTXSID6057796	0.969105510434839	-2.6315373143577405	-3.2864903958871716	2.1931563780064884	-1.7214276617258242	-3.255968920283657	3.7146076006190674	2.226792047268542	2.140972752168656	-6.834996342919601	-3.763988242870089	-3.124858313842473	4.446983882582777	2.392540397656668	-2.203664200873198	-1.109264067301782	0.3708093006198719	0.042258844537029154	2.383679962589981	3.2389679817052777	-0.1592240617637497	-0.04570173354318262	-0.6904343098658798	-3.5702517000739773	1.621414894992851	-0.39903796583599876	-0.0068115076041308465	-1.153987290508213	0.6215596748368079	-1.7277817238098931	-1.9774656530918835	2.771484081162024	-0.530731915108371	3.838053399313995	1.3822449195237165	-0.7019720063845671	-4.842745801515939	7.05247519083522	-0.9706094761698497	-3.129808219495123	-5.222872039742533	5.61822385519712	5.673626660569974	7.366811871603927	-1.4917422080449276	-5.060687607469743	-1.3490583578302193	-3.212709037788897	-0.008850908058148942	-0.5245366255646854	-1.4367618363264363	1.3437875207917809	1.0841831327184899	-0.561946586058026	-1.5706445823346806	-0.3693779599739378	-1.4011238088313978	-0.78534555520192	1.4859066121881004	1.5147679231964215	-1.950594189136225	-0.324277620104464	-0.3568965516814493	-0.4143343430119699	0.4417326359017767	1.4137265281369356	0.2842275376940599	1.5434781455606725	-0.5374169781767721	1.2041143370514382	-1.9239492042284274	-0.3438777113698584	-1.7380296978771967	-2.053291075080936	-0.6795591954047037	1.7320117547249019	0.4805416332592489	-0.35922927354345646	1.6807265990481461	0.5183239322196704	-0.3501594928873947	0.4652529334976145	0.8318767549442087	0.8057654856132589	-2.2432659851945904	1.931775934118181	0.22758728867884018	-0.10649584561346229	-1.5321350866931494	-0.44537097581197826	-0.6149495179948274	-0.3472899425644157	-0.5145945643048886	-1.686167926920377	0.5606396758588365	-0.03415703843495002	2.2136487063482946	0.37647424822796927	-0.1082836110990733	-0.0758957700378215
DTXSID1027007	-5.53502849046871	1.9600511295586402	-3.966786950480101	2.3252829709540555	0.7598199827180865	0.991588325235864	0.5034705618351969	-3.1232100128847904	0.8542852674738636	-0.0041012678606695725	1.3690585878521035	1.0789871742537087	1.712427037462907	1.1475381033641379	-0.5652165922729872	-0.15954186609911494	-0.47864457422050816	1.4403507435382867	-0.7317906462600693	1.6296851873696665	-0.9474542885160456	0.1447804822097712	-0.2436795978654434	-1.1670215317973123	1.2649141201475813	-0.38746249834267554	0.2440866252743896	0.4565684406944254	-0.285086417552671	-2.2309154082130966	-0.33860727136618746	0.38745695749704306	-0.2717172665056457	1.2951714555679301	0.21569751190039083	-0.5783712061449207	0.8101878830252937	0.22628275327706132	0.2189858710964115	-0.3761972401879459	0.03351657436220778	0.17714494965400496	-0.24105047590242012	-0.8851768751773768	0.6077019181946425	-0.3988827414616251	-0.2983114322289703	0.2734662685482253	0.006208103704263365	0.9642646606318087	-0.15813197151864924	1.0666724953911324	-0.09976645316639726	-0.6791864683424035	-0.21535869345515166	-0.2823988532043928	-1.2461689548595745	0.3659426719146098	-1.0083587638675284	0.14076115741573977	-0.2843184074791475	-0.6980245944792343	-0.7413695666064832	-0.30441325558790033	-0.5424563743457126	-0.4152781258872739	-0.37708963187960926	-0.21744674273207518	0.7680187064326235	0.4976884864899365	-0.8610384893347897	0.13003549899191225	0.4560345104600709	0.5210688496407295	-1.2188519013765917	0.06737704324805882	-0.4004963155168584	0.15101034227406798	-0.09235894157063966	-0.11544624805484324	0.7134592855028288	-0.11504309763177628	0.3389772494914945	-0.005688022629158765	0.45081066431838507	1.164460659014599	-0.09536281086513895	0.05206894930250033	-0.4282583633699739	0.40422209232046985	0.788875994188425	0.441641740874831	-1.0051424027771632	0.04124972447539742	-0.12670036905593773	-0.472596071368572	0.07363638672599644	-0.17612216028977212	-0.005037082100384073	-0.3643628007108091
DTXSID4024690	-7.526175363102174	2.8654336460270176	-3.122482569116	1.6667644959435777	0.019713890985557588	0.5682858839351703	1.0519943781423597	-1.3637411798251493	0.8334028756332278	-0.3159291758146672	0.617870657130435	0.42375707808340746	0.8190836005130856	0.1459309970852092	0.05189051671939611	-0.7141361295980152	-0.7571569214297134	0.4874834684395184	-0.1839666901283352	0.12363367755873428	-0.9890553939017442	-0.21838202335207477	-0.381042073552442	-0.5747856865455564	-0.07132763489428211	-0.19610500124774627	0.5234088419483909	-0.7424579612486552	0.13792238181512245	-0.5002394457282106	0.6876391733494068	-0.037646333066699206	-0.2662824515034864	0.12504796131993726	0.32417468155733126	0.11488827066292105	0.6953574449717926	0.5935185198099814	-0.6823917018683167	-0.3579903385108526	0.5734465537189337	0.4878561834587307	0.11652470637654579	-0.497393010305308	0.46679316297553836	-0.126098401035943	-0.2244742814389234	0.027325245402860163	0.2483461301644613	-0.2887855324707173	-0.3288780418430355	-0.6449427200649689	0.24641595345813058	-0.4668384201678794	0.21423233025937516	-0.4206632993090301	-0.03572621828726182	-0.18953817759165392	-1.3472043220630845	0.2540001152462145	-0.30364810777035406	0.18213770964749587	-0.4849466798293547	0.13495225613375145	0.017045733615833322	-0.5217920887575894	-0.17043959031168973	0.25118370959227765	0.23853829572339585	1.0866662043612432	-0.7920386272336548	-0.15640026170816018	0.6832978715687348	-0.4846190593919175	-0.2895622872851975	0.5494910954833186	0.04470298435085324	1.0397742998156427	-0.47762991854598796	-0.3133524787484471	-0.07082148041435926	0.16871769957141197	0.03477491586621017	0.2706184564617491	-0.28739911616524993	-0.25307696999497353	0.19164693695041413	0.5255799774754139	-1.2212431891939175	-0.25134599209537994	-0.6475290161684921	0.5927340112849224	-0.7011728676640817	0.1042698602399108	0.31514289171990634	0.5768710209082207	0.400857772425214	0.09180667020762026	-0.24161638743261074	0.10404007331478415
DTXSID4047628	-1.478523222477884	6.3599290708529015	-0.2762727380511068	-3.1767407537441947	3.117962280755765	-0.005039306673669697	-0.7053381040584226	-0.2478100251574016	-1.7134692711309438	1.152151898838078	-2.489343508817343	0.1769041430509397	-1.198050653114686	-0.7675387642429471	-0.7021975657706319	-0.40527577890631183	1.456602590981087	-0.840111622112966	-0.1899211617199991	0.3353161130127513	1.0433497086327421	-1.1557087800504064	0.49285073786173345	-0.72367158162268	0.07901978978470402	-0.4001133401341276	-1.3730837933053315	0.8771350433461026	-0.5158001068578083	-1.1593267924404547	-0.9896502926125448	-0.3352947337371125	-1.2008885215583112	-0.03929525816252908	0.9494761727630912	0.07931583310710139	-0.7596000632317511	-0.9277224473067788	0.03389250747161454	0.5671675413669544	0.5550120673707952	1.156663989129228	-0.2811500848595248	0.3854927355686099	-0.024826918722943205	-0.8943078077134929	-0.49516224870641806	-0.15589791178792345	-0.7697755837311206	0.8375946829714948	0.6438348605459223	0.1542304500041635	0.20430213352911786	0.7014894226801632	1.5440854290874877	-0.0408529034132835	-0.08236912978577052	0.10143672488189748	-0.6725755509105575	-0.17265009220734207	-1.0298565421243058	0.020682687011696215	-1.2037758078781122	0.48769108569692193	-0.09025614811574537	0.2882331506287387	0.1085587813977611	-0.19355566924645193	-0.30127886186414576	0.635173960335382	0.9285226791675975	0.7080961577577992	-0.12468365013090328	0.24262821106673058	0.006354954658086061	-0.3643249558927518	-0.8284817346434714	-0.07510035244663142	0.7090532780518104	-0.15868207367615167	1.2722402700508757	-0.42540253326951405	2.038059251134802	-1.0021455287078733	0.6604580015369167	-1.0909399301836085	0.41474894570461923	0.2746898573152682	-0.18228868582419508	0.5967594436157824	-0.378721236251446	0.10660407656320946	-0.8865543877986356	-0.7981454974658624	0.990001981509444	0.14925279795144167	-0.5163409922949056	0.11891668155365555	0.8206620939747162	-0.8374322990397914
DTXSID2023010	-6.4463555505044265	3.474526473100883	-1.6978898615716393	0.674297358493258	-1.3444879925748978	-1.600612708795637	0.01473536825942069	-0.15810578019922514	0.023257642370880096	0.14888992543688492	0.45589649028196677	-0.09725781518191108	-0.2695781342897486	1.0330878857760535	1.68894670649176	-0.3505174583518072	1.0315616518136024	-0.40305185880028715	1.9876862262432724	-0.5169243828874117	1.0124889334789742	0.261090493900292	-0.9757175539780287	-0.28137876746207224	0.5833088993450095	-1.1758722290905532	-1.253297277848216	-2.1286274585974327	-0.33487118066434934	0.8655286102184949	1.4273354299788559	0.09172147574472411	0.4093920538717116	0.36316968575220426	-0.20208662732139263	-0.07170271252977659	0.11431032927270672	1.0951662103525832	0.09686913023758001	-1.5045003259498477	-0.5120820339259097	-1.3488451720700743	0.04417135123453614	-0.20149852482400027	0.3191882811329734	1.211459204520905	2.0178337976069685	0.9389720936499291	1.3761493949474024	-1.4922110856741204	0.15743079135129004	1.2750161519879346	1.2414030601546193	-0.01849610935027442	-1.0855822587869803	-1.79884673739086	-1.3544673405209016	0.5987256013210729	-1.6785671818390229	-0.7548007908159119	-0.5829863627569036	0.1606788858366555	2.171526198668132	-0.05251102347450255	0.8069411897504999	-0.17801989044863167	-0.13909266892598304	0.04810694886599782	1.0790789928747282	-0.15424332625779316	0.1441984711563325	-0.1896575640917429	0.18857273031975966	0.03424429558292286	-0.09805750791121233	-0.6528067614508544	-0.3476925546482142	-0.42338252672923593	-0.12434574666361925	0.25668220865228675	-0.017451495686981715	-0.7071249023260685	0.2089545163526104	-0.615691261825233	-0.030300589930720066	-0.5338783816771914	-0.056398765149701754	0.011245781114219715	0.12651344341453533	0.1681478042438962	-0.08090100615699877	0.13535998637472663	0.06424061019226496	-0.018655595579373137	-0.22662174222646816	-0.15130181806046056	0.14275153101622606	-0.08669083534977882	0.1763945291538129	0.1865561288243284
DTXSID4057631	16.499342828203115	7.8370172229455495	-2.4621679640839385	4.241718071394882	-2.8820449424811723	-1.0570773823591746	-4.89808956993322	-2.0037652013779317	2.1507596257659847	0.04361257866320395	1.9551570823856088	1.3904899050695565	4.555981138214873	0.4621954325663619	-3.1703478772858245	1.4453896561009867	1.6428599620686068	-0.4897958761514524	-1.1919913824052164	-0.32366978536758617	-1.26329442934917	-0.35401778885354157	0.1519204694913544	-0.30614711307952114	1.6423845977360738	2.4052534765908313	1.431031991287328	2.434467178353252	-0.31007181425633024	1.1882084513411368	0.2644944501126842	0.7861828755768211	-2.488792533151183	-0.4180448019873597	1.1399983908545097	3.685487777511894	-1.1465483024984304	-1.3695188691268099	1.3121542681179101	0.20217395055839857	-0.5199729036339529	-0.08738641367291372	0.8093313861966719	0.1953375641269851	2.0400302768267795	-0.45817051092916367	-0.03966415796090518	-2.546131951597979	1.7436264913359905	0.4602770169892012	3.072672099878734	0.21701249527534036	-0.549777516953033	-0.07875724090420944	0.6657044633024265	1.572722224092957	-1.8845607798882484	1.9658763596436681	-0.09622640571432936	-2.740372781997698	0.3202730049659109	-0.6996662605716054	1.2349224021222978	-0.15394515038361403	-0.18396441833021598	-0.5375899673761187	-0.3431926211473865	1.2349068556687344	-0.487511138749287	-1.3443935709785442	-0.6233756384808709	-0.2562483012331312	-0.021340935777531194	1.3486142725132524	0.3186628873921682	1.6583909801488792	-2.1079626403646237	3.36757458175432	0.5494819926288954	-1.542039592698501	2.195587357850392	2.846348042572772	-0.09771169248337784	0.019756549599194158	-0.20058712275790147	-0.07447251235657436	2.5802211235314374	1.1591774543638127	1.2336324404111247	-0.8016892150039361	-0.7562950233660991	0.4668176511883151	0.3950257227535166	-0.18199275920333285	0.6778651358237266	-1.199687053629062	0.14063662079001676	0.6155367307763411	-0.23526049579053612	-0.2599182352214565
DTXSID4045688	10.481166289366564	-3.3754726688302017	-3.526334531863977	-0.019583594957144457	-2.3621095972814516	2.2989394949973736	9.653736669505623	3.7298451882498433	0.04187214865955201	0.2856893075733789	-3.445024942043968	1.4681530745639388	-1.7628753072404442	-5.200817681830472	-2.8707387997960927	-4.217307830512418	-3.8767368804443243	3.2186855144107045	2.9345846208435846	0.4585399610325827	2.9561771916319417	4.576422564703984	2.0931420613235985	-1.8723081868591092	3.969917984288878	-2.1262483880548286	0.33061753949160894	-1.1592047441088151	-0.9625602806874239	-0.7519378547703168	2.0809421511134003	4.7818270360787425	-3.036810111406218	2.848906290173561	1.682638932830912	0.737471432664244	1.0465704199275854	0.5236728702729742	-0.2959310991537828	0.8047220441007125	-0.4293414988456963	1.8765843219439777	0.15944352231653455	-1.6259871429849635	0.2807853095896465	-0.07313497300129543	-0.26607887093838056	-0.04275250452841834	-3.1576463021162064	0.1977495796316544	1.9326343920141884	-2.0100532519475074	0.6160582312425376	0.5137573037928002	1.9195005918064407	0.6837126190044501	1.7082863119845453	1.1440240140292757	-3.033167789072878	-0.5989121604999215	3.497334101472987	1.2599800875043496	-1.123344115014619	0.5723707944999451	1.857569899249897	-3.221793422108528	0.37529151886874673	-2.7047984204993556	2.5482867965921363	-1.0391309367502102	-2.186396068608626	-5.18839671704201	-4.58194250402177	3.489864637141453	-2.193716430347399	-3.2018322534268338	1.7682694888086654	4.880505136345325	2.7312708546782183	-2.0167432667387692	1.1360427930306436	0.3361904822420598	0.8725260832525398	0.0773981963434721	-6.881251737532118	-2.05569663638421	-1.2230050953087854	-3.3732649568727973	0.9477447893372739	-1.7693204181952917	2.6679447411645603	-2.335402257374054	0.7436969050259884	-0.29589833109776476	1.372233899162189	3.491671981592418	-1.9043194675534767	-2.1772370247533863	-0.29657862655239997	1.8005342697929936
DTXSID0027804	-8.795815412971885	2.1788326577311743	-2.2517627342179525	1.9849580058578338	-1.104261305460319	-1.2433145171271074	-0.121998660108829	0.6582326100444067	0.33459392102261915	-0.4360264413435996	-0.5402254433377957	2.837677555096973	-0.08699147662285746	1.8683996507720304	2.682034003947898	1.7386424509939329	-2.8554712722451168	-0.30598795879831847	-0.5541921381423425	-1.6221505118028914	0.11738687910890501	1.2890018864731585	1.6468224593797567	-1.9247828379685694	-0.7937980214946134	-1.4206432673659564	0.08747835806526852	0.3833945599019559	0.316038819321697	-0.5024460707127272	-0.3443410168269489	0.6601987227994872	-0.31770186092544705	0.36499458894278786	0.5992958493618249	0.866873700196231	-0.4630168568584319	0.006329426404006362	-0.4932189549590469	-0.8534690318301573	-0.07305283290601253	-0.10450372665306404	0.374523719575684	-0.3264883290819149	0.7013098979047931	0.07019705481225685	0.07755279927461128	-0.0038817062004275977	-0.4811354443348371	0.18339455665239746	0.8473294406096469	-0.6027534087458634	-0.190088642162969	-0.3609220684655706	-1.4203326723258325	-0.5085314649774908	-0.3427900145013211	-0.9012989855296012	-0.29928170709709745	0.44804771868902427	-0.7433311680850586	0.6749783881397179	-0.6702314790802361	0.3746368738753488	-0.7890359698830411	-0.48242319400338224	-0.06716444993074183	0.05844933458354271	0.09689606416133674	0.9427040829127401	-0.505583212789355	-0.07382899319156377	0.33621661224853117	-0.12600618892634147	0.23256732242650577	-0.44885521439469916	-0.2161371559060345	-0.12670787673140668	-0.44687547753514517	0.2776532882847515	-0.05989517567598977	-0.22571066914273274	0.10490616566701468	0.47431612167919607	0.18804731919641154	-0.46204140657619447	0.06644447911898081	0.3619955129407056	-0.15702283280051182	-0.3518757391502437	0.003687784055053341	0.14000944707355176	-0.3529009771901224	-0.22361968821011124	-0.42780520189517796	0.45020522229860443	0.13552101651281973	0.3460658907174451	-1.151398181025992	0.18743325828807986
DTXSID7024950	-4.211132935977122	0.8833621231911406	-4.4954149556844385	-0.6579175665887781	-0.11774697005907254	-0.7738731090724574	-0.3604298839988615	-2.1432877355087534	0.01921610680022964	0.6271435641670781	1.0141808562484849	0.4098333804132654	1.4755560149163622	1.6409203039259446	1.0613510629145544	-1.3227235297832765	-0.2258815412990925	0.04370884215385469	0.2574422762454775	0.9682772657452221	-0.8470720655439523	0.8252769623265506	-0.9841310687449156	0.8018583570390434	0.46113218173534404	-0.060302093440599704	0.14227175124493707	-1.0280405080853194	-0.8657531239138837	0.2564493221268086	0.3751994277268659	0.4135503251474012	0.18265241735151952	-0.03651881448145244	-0.28260926364405775	-0.5674441680411507	0.6710144219151097	0.07844595684935876	0.8364361985782517	0.005528472593873846	-0.39667099708958303	-1.214191767026097	0.06735972679620254	0.1537770342908109	0.3837854915913786	-0.8777509678685362	-0.3252548203328532	-0.2619209518207489	0.2972434646631175	-0.18109583898198356	0.21190781205071443	-0.39214017357199943	0.3546902778592579	0.11028804268732278	0.15357803824747784	0.49191257561859775	-0.40257271189377203	-0.6576711134720874	0.40869122145990155	0.1750307023807644	-0.28148044044925813	-0.3237084824827544	0.6114504069223222	0.02605234265207916	0.9838887035898037	-0.9167270307751362	-1.2337112602308522	-0.2395222655098506	0.9803490662387903	-0.3441328856181288	-0.09962270099719081	-1.0370389806934204	0.4836473025622137	-0.19192270904155673	-0.7152416580946553	-0.495808885252586	-1.5075975156253436	0.08461452142589382	0.2737415990408233	-0.46132102476156484	-0.48594875419663836	-0.6191637528193628	-0.3200332640643254	-0.4114335494132905	-0.31491253111937045	-0.7495700696935937	-0.27745252998289527	0.18013029004677064	0.055339462821963094	0.5356181503615379	0.4816764430566423	-0.02260942871011464	-0.8655039661632781	0.20227851777477257	-0.3596746533180723	-0.10467832106738936	-0.7538674173691602	0.0018640122256742262	0.5821629506706725	0.10055122951934323
DTXSID6049062	6.323109318125847	0.9648205931364344	1.763514094459851	-1.600243525259891	-0.5512878340068897	2.877484125567787	2.592054662243666	-0.1357864132345384	-0.6938626549656881	-0.10285906989784417	-0.8022973848852557	-1.5942916095422923	0.8509940545716475	-0.1539813925843229	-1.4344283844829337	2.539411694479374	-1.666342712298118	-1.902552834257374	-1.0786805823737164	-1.305741156210708	-4.289162655421322	1.6862695898374342	0.214849500568166	2.6858727490651626	-0.041985462923734805	1.323886704031534	-0.48548748662409386	2.570105730711774	-1.8176222747530058	-0.7406829921334227	0.30259644329203017	2.4752082130494424	1.3586477057086803	0.9311216178637403	-1.86547499892504	1.1716741875986907	0.33337100195452557	0.4387229659954965	-1.333168066411301	1.4195495274427892	-0.08278102057034412	-0.26019043513308027	-0.8080118596120016	0.3448904901884008	1.5863455030891103	2.064658998264392	1.4414413033437659	-1.7070170388784218	-0.8006655952337909	-2.200790766162715	-1.6786789890396054	1.528559551020715	1.4152080768463724	0.004477874105313324	-0.658020385446223	-0.37820704790059123	0.46867063382872104	0.3168449986877452	-1.004803025159648	1.066505217037888	0.18262228501084213	1.4483642859448524	1.3180977834661018	0.8984166497612944	0.6536361041994784	0.3400868322327361	-0.7871418173372332	-0.3727376886552854	-0.2627444654516495	0.40550563021507113	-0.45470616123701296	1.023441629167677	0.2826347098614193	0.8137524255268425	0.7016246853030297	0.4474774425522274	-0.5631111915559334	-0.910100155586262	1.0839376220038393	-0.03960291078806852	-0.2420663028714571	-0.33598411855226107	1.2107426796750118	-0.5662955070544012	-0.9255806387459078	-0.3753808321766982	-0.7478800282388619	0.1725680817112943	0.07987590851915985	-0.32725437077730674	-0.5877364061344609	-0.6162188578826905	0.31928231030519666	0.2511630348658681	0.15277198308133133	-0.15251464777765436	0.5135165838226595	-0.7839611252957955	-0.6944621573436545	0.5132267082836409
DTXSID6044648	-0.7660352217807925	-1.066471374944814	-1.3676403139723725	-0.6901183489860103	2.0929833855119684	1.1131614288531455	-0.07296126491540005	1.259010416407634	0.5334438995447146	0.6119176265202151	0.8437262058443803	-0.13459794714724593	0.957790272617807	-0.5728421467607452	-0.19041971037091993	-1.0118600309275652	-0.2523322376225926	-0.9556084116834459	0.6979992367692542	-1.7294262565402378	0.2877706816246767	0.1162745160996353	-0.3081823127458982	0.9303323651944623	0.2813911028998602	0.42266169304337625	-0.7616251560982146	1.5396670361316571	-1.2311881033389531	0.5677027258409519	-1.6993451656543417	0.5068447594272366	-1.4135006563871158	1.4480708515291623	0.4319921971101248	-0.02083452999518653	-0.12613600905280734	1.0729698896625692	-0.11366937613816257	0.48193453470382364	0.5013880705809289	1.0485695819565088	-0.852817822337687	-0.5541265425503669	0.7167632491426008	0.7431423647336696	-0.662989437907146	0.6875417583094618	-0.02727095523060738	0.7036030297709629	0.334169342433296	0.16809035741979053	0.7058453439662808	-0.08922454056270472	0.05511843415866432	-0.06679193719290706	-0.7603191547234925	-0.4793192739945002	0.8450794952541436	-0.21229330163591878	-0.510466293270238	-1.2092386365887497	0.7657236030385997	-0.15183375344150285	0.46417689435472886	-0.26760700169387813	0.9301029106422243	-0.2242545923484483	0.13695845672588747	0.4166373058118629	0.7762099420620772	-0.7239293666692442	0.5769743875364417	1.1598605685101069	0.8873810731289615	0.21642062653569052	1.0498988725336502	0.017192449675044554	0.23156364030406923	1.1658076098369192	0.7169123686628593	0.6222208027247661	-0.7960639763914572	-0.689486524950819	0.3307646141158454	-1.0563555541901677	-0.5644507920140026	0.3923760923644868	0.35093922969870556	0.1372223584944549	0.08372166552842687	-0.009441523511846198	-0.034443657340222075	0.6365424658437864	-0.5827655900529664	-0.20588664123825548	-0.7698541046624519	-0.5567743455899803	-0.2891338630476985	0.6336731201920612
DTXSID9040554	0.9562438856045696	-0.6789588994147967	-3.1327524472201	-0.760137865171311	-1.1813362571973198	2.5101008306293053	4.004542784648132	1.0955648401473366	-0.7392725201262518	1.281328707841255	1.3679133120363018	-1.8056981889231347	0.5288323347198812	0.853247556632198	-0.319915841000794	0.6188696642852088	-0.027148384855638825	-2.191680344475269	0.5887434435860033	-1.3265877782072721	-2.060283451619878	0.17241810419412518	2.794490557172282	-0.5644579462486147	-0.7341773378753593	3.570634999994	2.799943392734543	-0.6551166354611275	-1.2242782346483172	2.5466798149571823	3.391194517576129	-1.0395672574318717	-0.20726096925060486	3.3060744554690538	4.358432670484254	0.4126872425234254	-0.5928950512566035	1.8166678756058086	-1.0654923786052293	2.6776150565680283	-2.411207581702194	-2.1717826155985525	-1.0097051379412176	-1.6766958294660217	-4.2833059304245635	-0.12552014074369572	0.6649154412442984	0.8850371937401307	-0.6622071975726116	4.540470782871443	0.6684670891525186	0.2815181688440306	2.351475789921646	2.6595961733297617	-1.120777122037211	1.1381056017412468	-0.9298303756740692	0.9439080668485867	-1.247755970733077	2.106858234705194	0.3320340976661869	-0.7937922923453756	-0.6085641622645047	-1.6488787396725908	-0.08499477232295555	-1.336550551274998	0.4357403957588805	-0.06609428734403885	1.3220556184531111	0.8008435913683425	0.5604276527273488	-0.8526633797931987	-0.5707200168521398	-0.6887017029762613	1.1736769726130467	0.9440112886956521	0.0506255862059006	-0.9614634279954956	0.8791439869428818	0.514210894161051	0.2378766686887246	0.20124537943650544	-0.6014270147950133	0.5735040231596906	-0.27943312926077524	-0.39011534486174837	0.03388876449808128	0.5008758780437584	-0.8121466064727362	0.7702195800618817	0.5534611210875173	-0.09074936061580934	0.17064645996588884	0.42277131150150665	-0.3845286543802407	-0.5764103841489919	-0.7382591988806587	-0.7559607376199059	-0.4938221981333051	0.8429121531512845
DTXSID6020066	-5.925304911450507	-0.2969767243472811	-3.089631915778629	3.0070781845954015	-3.362771331921188	-0.4248636880337243	0.7136377659822728	2.9041294518625405	3.345294160444637	-0.7845586876168991	-1.5403339878182891	-0.3661239456900558	0.2580849249257094	1.0873868311757462	-0.1726420557100384	0.3047890879952874	0.05244247933274666	0.19210352173944684	1.0112595231015176	1.2899330590639155	-0.6761495933028306	0.9951218451959543	-0.6023952644115506	-0.27007465230724204	0.7125557227895724	-0.05630369348033228	0.254620575881399	-0.37293011408249255	-0.00045014576005452506	-0.26830774307590416	-1.022405693342862	0.6911606735340885	0.22381761937623784	-0.5558169036998901	-0.6037463991016241	-0.42308523986185415	-0.03463094389660192	-0.03283163996352135	-0.19610101559266763	-0.39259104991608595	-0.6775152088689846	-0.8657158288184938	0.6275283887028873	0.08059261223783667	-0.09461051958376716	-0.09039464108514197	-0.08318215419921013	0.8149110351255104	-0.12315221001027044	-0.2497079295546249	0.23922647081765447	-0.3296414431079689	1.1678185334437947	-0.007507557985771348	-0.26273846864877354	-0.06194350483838588	0.4096434282902176	-0.8977267525806731	0.8508845090853695	0.7613898157477278	-0.01246717023364794	-0.5346913981776372	-0.3422603798057934	-0.28816052634355177	0.06552075354030629	-0.9957155543166497	-1.2404610193787247	-0.3450974494388387	0.659256761665968	-0.563134254386018	0.8180735967770681	0.09506011007020813	-0.4986098488689642	0.13986413394247163	-0.20297887932739553	0.6921522073918278	-0.4292157035416974	-0.5043647719904564	0.02764145682846751	0.10111690494444082	-0.28575879620344125	-0.42498739049330914	0.060206023189842243	0.5505431411672105	-0.3968149854613035	0.2797183821942834	0.31613834836047305	-0.5958897490975391	0.722660629447563	-0.10793247119543654	-0.08866575070404678	-0.24251417043454823	-0.49060333846561965	-0.5224662848788846	-0.008194603792893239	0.14170404217803712	0.3050763491570044	-0.4098762891252563	0.24965133968675912	-1.2673239035346007
DTXSID1046970	4.328048041583223	-1.538580314459781	1.5582196124571128	0.9080446771501092	-1.4786010746643417	4.568184613830258	2.5277578627418484	-2.988971914769528	-0.8335648296095778	-0.8597547330844189	-0.05389676409466326	-1.5617754438582572	-1.6979248887636917	-1.3995277876496408	-0.8506013190219026	1.2250300546367077	0.11128063657157189	1.8622170502757989	-1.6918337712008165	-0.41731961290646774	-0.5307668464101445	-2.162610664327199	-0.8838609304190248	-1.1871301302509587	-0.06420198352739866	-1.5578677153592042	0.4771087774608085	-0.9448671792446496	1.7016153337745072	-0.4308668477410784	0.136506962181758	-1.3440595048757606	-1.3687565825951136	-1.8354399854815235	0.9367947896890194	0.1422671222523762	-0.28465414956318236	0.9921835370230586	-2.0159875987227514	-0.7772878628121042	1.1729369836553059	0.27007236378374505	0.8190625121573436	0.399643085213355	-0.1604915121050229	-0.10149941056243643	0.6250137083031637	0.4621078874815235	0.29860582026038657	0.7251235441509654	-0.4579672372737803	-2.5863356818593295	0.4993576590036475	0.5430916734239934	1.6381405361101713	0.8302485287741393	-0.1661996549914431	-0.34298080645424034	0.3348513928879034	1.0888314613044454	-0.22683909997312918	0.7242457824389766	0.21750545833387477	-0.18366352225517263	-0.3687363377961897	0.7367548075531299	-0.17640228712807973	0.007431633409119352	-1.1043226679318023	0.23166037014608495	-0.23149107297245636	-0.2877797634064917	0.8870055172411536	0.8456398958987058	0.11077747407884977	-0.7994506656582219	0.4474649706036821	-0.48404929636286614	-0.2443882297291321	-0.3497139053632228	0.23469599707372893	0.616239450028084	0.5377928622416056	-0.07533989348954766	-0.5751769256647974	-0.4019117635840318	0.5389181665219606	0.1542779646363459	0.5905183088443561	-0.09446617714128813	-0.17148441128365788	-0.393027192767879	0.12939441270697383	-0.4339086143058875	0.050927099687070335	-0.4062489875791738	-0.1987965382656306	-0.5697631154300389	-0.22390105024594972	-0.252180358654678
DTXSID7025390	-0.9098041285603418	4.891022766696586	-1.1318284251411013	-3.1173228840395333	9.889050514801426	1.7424231210548866	-0.007870364660349318	-0.8652485646541269	-0.3398280954112303	-1.1403519809478404	-3.9748672831200427	2.828475813559005	-3.283708487152347	-1.0144702700119208	-0.4883566454077378	3.535434982854208	2.148689116625629	1.9315099360082024	0.46011753915019554	0.04648610294947799	1.1622299281367197	0.2835157188777702	-0.7477625359456206	-0.9625057049311941	1.677239847785938	-0.9790800646957696	-2.25938640536793	1.232148633588628	-0.6621471954067262	0.366504181775873	-0.4648429487438746	-1.6540499186810425	1.1126371376192457	-1.0982714569160787	0.474108996092105	1.2934034727292527	-0.5755905253981185	-0.46097536787963245	-0.29932743323894734	0.8786791965888667	0.06758744687157191	0.013860957989437036	-0.9880199640017834	1.248516528633226	-1.292135103138432	-1.3934996456206237	1.0908430569395278	0.15489422773130918	-0.1845436907883789	-0.6812190279172678	0.22796711865931513	0.49253411887328363	0.22134835383514276	0.9752751974289967	0.29766463075828176	0.40926262334690433	-0.5139729289150627	0.1274835714798712	-0.5207046250442282	0.04173897822244403	0.16615866726491627	0.6144129124098825	-0.12415038702632311	-0.338481995159963	0.08233556647152049	-0.9198942067439019	-0.33592398260140005	0.8520187599737987	-1.1884327061030813	-1.1705192800745319	0.4438079123154044	0.13828280134224188	-0.6139024334068155	0.019605926922592457	-0.4773544381566622	0.28564611727820677	-0.18118473308481392	0.10530476711799275	-0.1399382489242471	0.34087500485656547	-0.3172576635722818	0.2930230945963071	-0.6989419633344904	0.18646160710692408	0.25582352947917214	0.044746031946197334	-0.02403498285360812	0.10787157771315345	0.24206661664157378	-0.08626011939642529	-0.31647675259587393	-0.7645482266743399	-0.4222971754464463	-0.3867459518685887	-0.23869227015157818	0.0049442121808645715	-0.033130120158501225	0.39073353783623727	-0.7733329096369971	0.020808240554943187
DTXSID3047508	-1.8531599951702333	-1.7016922086922293	3.2742890942209297	1.8324551476178692	-0.1716736251204203	-0.1594701177180549	0.5080700940786556	-2.6519150911923393	0.733080442019611	-0.5488241565791118	2.615540394798983	0.2577991313156065	0.525864056721618	-0.43418284507180194	0.3500999112561812	0.1811639239301246	-0.036855165140880074	0.7267627826433417	0.3141761370651974	0.11399328563238469	-0.22193766121543465	0.5838531758081101	-0.27040294908079415	0.3894190772549018	0.03532869076282336	-0.12112076199083878	-0.8599183948028072	-0.3467981438452595	-0.0019130865227343576	-0.764911249269039	-0.4503887111262846	-0.14270871738253912	-0.46006117929217505	-0.04823859975265643	-0.4100938408804053	0.02106835260890128	0.08021200458458184	0.022556836900148772	-0.17225809416552665	-0.3034678354044373	0.6322037026638843	0.4568791938008895	-0.24634494064055412	0.22317743477706153	0.3243026851819628	0.2052325703276273	0.06489534879517783	-0.11284153671638734	-0.12111861469943594	0.833909416949551	-0.4350015393372045	1.1629856918352224	-0.16751730961550998	0.22590647267004016	0.31668923476629623	0.4739343081373439	-0.2746686689282369	0.3663098013412085	-0.20075906413315564	0.7927346656719607	0.2758951616456936	0.09401212973788253	0.1362458070657028	-0.7757880094838016	-0.4231141779634505	-0.7154568905605558	-0.7150952505264911	0.03417954277602573	0.3107030062924601	-0.061085145585020116	0.2869948108296141	0.26040167745073095	-0.17202968576562847	0.19268591181263867	-0.04319433278024903	-0.2993336541057418	-0.4786006785223933	-0.34330327916481485	0.10312088254018592	0.28230580279666784	-0.04367744911014173	0.07652175572551714	0.1695478690640685	0.023203621142379116	-0.6323951418981355	-0.0008051849816942869	0.07932834422505532	-0.0280304829023249	-0.12655516653510113	0.2433657684434939	0.6055171450415971	-0.003016816403787653	-0.1397218333081537	-0.0896472513764715	0.09136785477885026	-0.47019909273245025	-0.210610616836174	-0.1185113453795665	-0.010902202499216166	0.05244874953447915
DTXSID4045557	17.3015753034086	-2.3184110423692714	2.0648577638487104	4.419181184186829	7.034955942072472	1.2732683680178123	2.873374184358044	0.04645291180112004	-3.278995316992988	-6.451392167265822	-7.7727592259302245	-6.636287935825384	0.6862548783481566	11.87298429361158	-1.3930609831017415	-1.874378219109209	-5.4629917628319715	-3.87387607583826	6.769993340107194	3.1999912331960543	-1.2689039364030525	0.9561739578810725	4.682739936232758	-1.7840209046568027	-3.2456927028395466	1.148774563324089	-1.483525871866333	0.5350641734696127	-0.7873035632575849	-3.718733739748564	2.1086729320930533	-0.7224736465364023	-2.0421672892009908	-0.6735280675415074	-2.5506942118276035	2.154628229677671	-0.9703068227976722	2.3929093705197437	-1.2763465517268562	0.9054010174360555	0.0063594324894361955	2.6529203643224064	-0.7131081595162694	-0.34261075010114495	0.6141281220652441	0.9079206749593547	-0.8517472161381368	-1.896182152650455	0.7439336814161884	-0.059036908684350804	-3.237922113828483	1.2583190325942495	-0.654757713916158	-1.7437872068013416	-0.8599414044369913	1.9466240197655584	-0.04481277116681459	0.5034868396848549	-0.9764979834726037	0.5824033548268125	0.6117707847293461	0.03618074663298789	2.278074560680065	2.786246712171248	0.17940228880181547	-0.4894342645006868	1.129657918213339	-3.027671081903007	-0.7156768748527925	-2.494686270997008	1.2713063025598954	0.6747132868399883	0.2835766625470972	-0.6154661184196539	-0.5004263937109102	-0.5468520898020549	-0.14811237976384417	-0.4832090646563474	0.39784698980691957	1.845107009386634	0.48930243129322526	1.4978558814128276	1.6076562707408917	0.5814076888209334	0.1807550838663356	-1.092580015550064	-0.3030678157109996	0.052851983893311784	-0.9191294673717191	1.5393560692231372	-1.3436027300343318	1.795839869794453	-0.7692101047761938	1.4904980489983597	1.2628569257519644	-1.5303002487367932	0.9386477633435931	0.9702652119853371	0.6190515904386779	-1.5806456501517403
DTXSID7047934	-3.4087888101252184	1.5203958145786147	-1.5896813621176815	-1.2931265065826163	2.2018793680498536	-1.1800164669599633	0.7179799114793968	0.6226723450203294	0.019564136430479443	-1.405974416510792	-1.1414876047920355	0.5767604086548084	1.1467644461517494	-1.3247479001509965	0.008287735238359522	1.1953815370252265	0.13270464537805302	0.20667450198514445	1.2347393615213285	0.9819085943864423	0.027365552649293683	0.695842240775364	-1.9182490612166208	-1.6902381522277805	3.1707202067708953	1.6147387794813837	2.5467266492748393	-0.37636178028013617	0.30952964489611645	0.06979703930164774	-0.0005969761200030142	0.1735685470056169	-0.08314825404124714	-1.2097434498324187	-0.25997738865466075	1.1772338098242299	-1.342597123622431	0.5504404227073633	-0.5983661887256746	0.3157655109368671	1.1539293683341447	0.4335472802023485	-2.1251743878555813	3.7441947245683806	0.04655567556946898	1.357001121270997	-0.31147397353935374	2.4010928878838045	1.4307489404424918	-0.1809525959322856	1.8927505159815932	1.1441843869132695	-1.5174896400183087	-0.9902328975675153	-0.7062309312911844	1.9603319823931609	0.8098428734927823	-0.024031066872530232	-1.4303081526141734	1.0183904927090428	-1.187258898587248	0.8932941949761778	-0.8883923463195531	1.193447268408353	0.5959636013996499	-0.5731016625298244	-0.6176651597255033	-0.2783606833685567	-0.3556497260415547	0.31127641609097095	1.0693277157722338	1.2072935192270036	0.09077746730885237	0.45400268678603944	-1.0571942671763601	-0.39177159384834864	-0.056177061105787574	-0.6702401923466186	0.48711319189391217	-0.11217089130895569	-1.2581264949013593	-0.5059501064829962	0.5584536440341414	-0.6081242819155527	0.15705846981927132	-0.0679022906220567	-1.2455227147355192	0.017876894346530146	-0.3943457427448241	-0.3251018604256153	0.0158308423468196	-0.043302733004428995	-0.39804096735987415	0.789124353903107	-0.5518727330555517	0.9555718839044786	-0.459967027707548	0.5337398603624052	0.39647694627158725	0.9691370803446948
DTXSID4044799	-3.685103571988876	6.278754733684275	-0.7103118408912308	0.27402299841780103	0.4757321882342479	-0.7706138104981227	0.0034639494153898133	-0.15027181903393935	-0.41795039968908665	-0.4259201465313301	-0.8220147111731602	1.3202538597186344	0.07499073109807698	-0.062111275507300855	-0.19292986432159728	0.37887928560351264	0.16107156619271473	0.4867261667192063	-0.37284265954692836	0.22773579200394806	-0.4887169937589005	0.17549494075542565	0.319782672189048	0.46328936843745083	-1.7380289966093856	-0.08069525294670234	-0.6822652542061841	-1.0388902302814034	-0.39391667293062105	-0.17595555634960372	0.7462490806122983	-0.4314015645583109	-0.847110616357546	-0.591861429943904	0.5058289792485665	0.6533721500841517	0.19691578861345022	0.049843497432861046	0.5590831800331154	-0.63731923399406	-0.04003345578730823	-0.8953985556201283	-0.17916438526573908	-0.0016816327180317879	0.23129884213732663	-0.5354480972398354	-0.8528048588511428	1.0550224798979444	0.6922870869618669	-0.3363210752253574	-0.34744161943305163	0.06617475739438906	-0.1408525800634012	-0.2893713597987071	-0.5755407775606773	-0.17249313758756996	-0.16686837156000708	-0.15245996257845204	-0.1425498449739051	-0.32997096923913416	-1.2557391989145925	-0.6620776169196921	-0.45858403829347716	0.7005918143009932	1.0667961446411858	0.7324562317031463	0.25622675676501777	0.0675657846130692	0.037602364924115006	1.5513643255166532	-0.3073968835011813	-1.0212630054171474	0.42485850040495504	-0.21926061234855954	-0.6378609876485578	-0.13136736399155732	0.34609580255261035	-0.021308544531434603	-0.06712254561220972	-0.2691300426683739	-0.20093937458217423	-0.5615430815900505	1.2249808184953717	-0.455459527694074	0.033533950902270404	-0.3735238265988144	0.29785440580307454	0.08353847622758472	-0.33257762999309687	0.30615623671983055	0.5355283838037043	0.3237278911652381	0.1788387200122507	-0.2440275845687064	0.15561049875134392	0.5864711510546685	-0.042688353522344465	0.04751203179531177	-0.017614396351843697	-0.1787465344761697
DTXSID7049423	-5.312963381348484	0.40471663691573345	-0.40873586438396264	3.6650579462898163	-0.6366103825980473	-0.656622803152794	1.5368049290059445	-1.5682348593650908	0.7591499693541272	-0.2325457677404971	2.574293660694734	0.024844905201163604	0.5124343254641421	0.7460126679408433	0.6978267797674713	-0.08040621931766656	1.2536290059281108	-0.18273782539090033	1.298661788410426	-0.29312470182927564	-0.08240711142532144	0.4147038732679165	-0.5786134114523177	-0.8784925346052646	1.5486234188092873	0.8296200662557562	0.6542309195612279	1.1478308233484902	-1.1261460501394216	3.059193791115591	2.1752069189511394	2.587417048678523	2.3509917924376835	-2.762116375340599	0.09613685734845108	-2.2487233923494694	-0.31412106911181237	-3.6573123614894603	-3.601601310205481	-1.869790462559244	-2.035222883345399	3.5308048534803	2.251018310162727	-2.5635312250001245	-2.0106725795506106	3.094463359403381	-3.5435870205324576	-1.9299656265843375	1.7759960731096462	1.4191213698277227	-0.9323642809807099	2.1760301631170464	0.16868766588084746	2.4887281229700298	-0.8184525006033733	1.1440407184174057	1.5538668486054266	-1.069909854154517	0.7891996772760953	-2.113046971559983	-2.503371899450532	1.1906076338514207	0.5907048933425348	1.790643168454373	-0.170982346108428	0.7536150602091182	0.5524172861606534	0.16604168715995243	-0.8741527783146013	-0.5448285658094192	-1.1162553557000705	0.35842857787461635	0.2712961054459443	0.5425588371778527	-0.8214804974632337	-0.21394074608989447	0.28947174617866356	-0.3947911177298113	-0.15602352742813438	-0.2886577584302538	-0.2936372209949522	-0.7198409294292825	0.38674814843459543	-0.00500961001896903	-1.1680508013010569	0.1888077900950066	0.47824664722237603	0.004959445040120221	0.5744886584112096	0.6366828615501225	0.20508176398746225	-0.22148756982834278	0.5515924421879864	0.2667197929335991	0.24076207600486288	-0.17939712875215524	-0.27094436087384555	-0.2362076902189397	-0.06785352045314712	0.20121980883741414
DTXSID6024838	1.9452135058149933	-4.956192009109299	5.2385221344321	0.7590825998149686	0.06111670116485858	-0.4962085219318294	0.9710947424291941	0.6901649691316047	1.7955478949788222	0.5296100008077801	3.5380850939721538	0.720016653882882	0.2796499778189838	-0.7961397395206347	1.4931094291750628	0.08655094079284757	2.7385038514900666	-3.228707849054383	0.04816207407204849	-0.8363635773727865	1.4783761960887887	0.2396089223793305	0.996993279177124	0.9001255574797729	0.25936321143079677	0.762514644843351	-1.2707852576262313	2.4198133555858687	1.8474770774187486	-1.1204442437770794	3.5542912351234435	0.6726538689074324	1.332818931392137	-2.2793435690814507	0.9967636050016219	-1.196445943372924	0.12369965526427201	0.8472206505919758	0.5332709383550762	0.47144207293132334	0.11651887578850384	0.9281170311954986	-0.7274563275424937	-0.33436806758124843	-0.6520659596133029	-1.330988705701432	-0.5070563413821637	-0.0160291290279111	-0.8901525228955207	-1.7695555704328294	0.468945650523249	-0.33820003026996853	-0.6745831362556914	-0.3690672646064221	-0.43958876806117003	-0.8702563511076854	-0.3900550937373903	-0.46017139457473455	0.10885298928239717	-0.44975882941338813	-0.9518864629319516	-1.0962422956298945	-0.13396125625728258	1.113663239247343	-0.4923762168238691	0.4658863411712195	-0.5752625812476192	0.5832559306900832	0.34833634706360683	-0.4985619183850265	0.6406997247312495	-0.6749839206480571	0.323977619759003	0.5718008869449112	0.036280875012668946	0.08123769880132224	-0.6224067170858384	1.4032028142463189	-0.21454332475990098	-0.6103622294117962	0.09330053359897296	0.1846721442244976	-0.03393364227236455	0.19293223511844912	-0.4603934170353301	-0.12760455613450158	-0.009307818453915082	0.9438337600467136	-0.6750418756539528	-0.52158772200795	0.02804891300543224	-0.05445656586228018	0.2736534534753992	0.14133915259023283	0.3862206729669624	-0.8351207174015242	0.20977968414730355	-0.3339941628470782	0.03562498741424592	-0.5514417659211585
DTXSID5047530	7.731210152334045	-2.417482672740828	-0.22432568077242607	-1.6061065622798565	2.528144976922826	0.06421500269433893	5.56748495797845	2.441115531757857	-1.372296595870301	5.993262471653175	-2.7604400120884622	2.8536272445438833	2.3673650642868025	0.6450341368897691	0.16292171362303398	-0.6474617061692748	-0.8664562120159328	0.07702834611576119	0.9589197168073746	-0.27130574408897157	0.12119710059956884	-0.2731035675176491	-0.6042306841594253	1.3565417813413438	-0.4713074669953764	0.43452390047957934	-0.8910160717560837	-0.9728490557152792	-0.23098960724909534	0.8718223101685728	1.9943919612128183	1.3394103573050684	-0.4062393888333961	1.5322624047518614	0.6356185322708202	0.175169825746159	-0.08980789327696988	1.4716808755759312	-0.3397394104411705	0.2343103297357666	-0.31581071082459705	-0.9585652589508216	-0.5798283644675484	-0.6774332110185164	0.6913364306674644	0.5558197871405479	-0.35990699387934655	0.03683292400061721	-0.4105338831607252	0.3863643315931431	-0.20700059677084853	-1.8768823162992923	-0.706789547245006	-0.5768707656807289	-0.525688208436603	0.4682175649507772	0.01545641322052689	-0.1374527318791612	0.7733712162270353	-1.000577944971964	0.4716485388332766	-0.8563937589634648	1.003148444225927	-1.1263420956471568	1.5468228005875424	-2.773218368641258	2.2338001752554213	-2.1564300123612767	-0.29343187156074957	-0.9312458240445176	-1.1427159387814374	-2.1408448313540744	-0.48076121505451963	0.4238466496704064	0.7985757869802583	0.1697761343798048	-0.8487793541662836	0.40970153163443584	-0.4440049502701138	-1.137953970499249	1.693746555282333	-3.0420826198230677	1.3424620665341016	-4.255457371122333	-2.8439389487911217	1.5535736304506114	-0.11092811330028042	-1.0139414434755936	0.6392937719560193	-0.5380553469379057	1.6328414773115476	-1.337950289648167	1.6608566301368684	0.7392323617343857	0.1044688680709704	2.8089976621295865	-2.0840333218032168	-0.44263330309659926	0.5994015216338447	2.9522817147222247
DTXSID0046307	8.820820803471184	-5.523392124561697	-3.2588884672475524	-4.7776761504641145	-3.084533987472453	-0.06663308682799353	4.042034419147101	7.0962820277838174	-2.7500620103447955	-2.5681648103995167	-1.4971550790920716	-1.6057158075124507	-0.38141726945950727	-0.7067602745651835	-1.7359006781612731	3.1459952670048907	1.0442410717962354	-2.969186240705007	0.7142485044618871	2.3238049635077096	-2.0159264471224234	0.17516806105425733	-0.7639581591371062	1.3689188123024738	0.785751334129602	1.5923187719382441	-0.8966675858444624	1.2926186588203472	-1.1154575115170007	-1.7135316819290156	0.4078321147639411	3.1644932998317943	1.4812626052497646	0.14156540814995458	-3.7070525710116624	0.11623383269064762	1.0035433489334966	-2.5970321625786097	0.4068085165171329	-1.7325223762185087	-1.0752557578280348	-1.358902360080429	0.984355586627904	-0.015223472795315432	1.0250669798118235	1.3832734814827885	2.591528625056837	-1.2117426944722867	-1.2657914588738117	-0.9402833047859038	-0.9231478614116257	1.0302235341741617	0.9448815993184067	0.13305056042055768	-0.6206888581478637	0.33536958408426054	-0.2021473339724437	-1.5865880659751637	1.5452832614339418	2.6201373463310698	0.24346960646209914	-0.06668845364659717	0.21736155186445763	0.34613619110251287	1.9645433690839327	-1.5876105639956826	-2.774954181785278	-1.9038046739960504	-0.1302649998818991	1.9240599387785617	1.3393082391492412	1.6526121399744382	0.14268984912486932	0.8854132810202884	1.429836572996726	0.9975829476614876	-0.5887953822589156	0.835096651824128	0.6796134684025841	-0.27252513661377725	-1.411630551752524	1.7271939227216502	1.7317721520162563	1.1144060963737108	-3.438011476000451	-0.49391807330544674	-1.4164304736368638	1.5372591379319354	0.2340270784277741	0.03025790069808322	-0.3371745599020504	-1.1361137562733372	0.06075591523273665	-1.852402634293124	0.9873251366370829	0.2845038055012739	0.5916937410314176	0.6608542461643458	-0.18555421310349465	-0.31571096232675017
DTXSID5048920	4.56476581352918	-1.107004173444096	1.8330496019391083	-2.801799528770572	3.156588773696542	1.521524413136851	-0.43730612183290685	-1.0160340106576446	0.30864096924191664	-0.4074283483008841	-0.09795429426568951	-0.2300008519241464	1.627674226063894	0.04707676810259385	0.7184547493433294	-0.7660045902790391	0.17885588758378032	1.0789986149535515	-1.548335187668498	0.43032477934113794	-0.8640650338951205	-0.455424257430827	-1.0023590578709387	0.3782641341316747	0.40122368615395865	0.4920878399593902	0.016581459162766807	-0.6801474659260868	-0.13841568298162557	-0.3728092512751483	-0.0812846740570064	0.2523965524096427	-0.2282050424329541	0.20871204609339206	0.36489938443855546	-0.86842090977865	0.6478135879163869	-0.36560650958523383	0.8818690658432229	-0.22325292968689298	0.14432150055345616	-0.6602759312832907	-0.36459702241902187	0.5200723643644082	0.4147101562950958	-0.6528787840240429	1.00207449046892	-0.4202272660086823	-0.2103171358630974	1.581980750986414	-0.09803708859483441	-0.034120116884907827	-0.6423000850467531	0.03499511346282591	-0.020830504353130826	0.3108618550781705	-1.5460538875510221	-0.5882874698544874	-0.06543174365025624	-0.6234749070547481	-0.9694429892640649	1.2699873282096286	0.4193602340575249	0.13779273928216668	-0.4326942156379484	-0.9978602164325528	0.44649657316366526	-1.6181937261548693	0.37716670202900593	-0.6941725952128605	0.1531039026678195	0.3651044098516114	0.435102089633684	1.447907200032112	-0.3463914669188257	0.5374569223822416	0.06989372199936054	-0.2364086985060696	-1.1116462363376973	0.21995190227990308	0.3014706367634958	-1.0377393751381911	0.14133845182587818	-0.34716010527195723	0.007031098029516735	-0.33395976061641336	0.14920333640177924	0.8060925973006559	0.09237533141105364	0.019932441312394387	0.3335459228786747	-0.4576967266405437	-0.07875923666319032	1.0645877710912655	-0.4026811895307263	-0.629168012144699	-0.040950296105575046	0.4134716425014009	0.6654998881807236	-0.023847762767636525
DTXSID8045989	11.1735530523086	-7.135097983423159	-1.3491312137532216	5.154007139699508	8.113076377731991	-1.0117236045291378	0.9806002583400885	1.1817301266177525	-0.3594977708408933	-10.79470644422744	-7.504503962896885	-6.012988217592287	4.243795332326633	12.827023418350052	-1.1505545385178688	-3.458868206327305	-1.8004665111979408	-2.5882709262780206	4.994932146024498	0.026932380848456478	2.4878115067954587	-1.3521621629766876	0.5153714632138339	-2.124906968008599	-0.34875329465107896	1.7852672961279505	1.5607904363153802	-0.8222116726604012	-0.7398745441428219	-1.773615175344756	0.09607191154111702	0.8193879848096863	-1.7912304208785452	0.21762968187884435	-0.490767932294611	-0.44983908109998755	-1.3755813617723418	3.4108365248109833	-0.3122982674245476	0.20595726618727458	2.2714005228744134	1.4751702518378904	-2.6639745564932475	-0.38716670583913326	1.5791529193411664	2.3103937289580245	-2.1859947282399923	2.2718906163399546	0.5009475767537911	0.9727227937186329	0.6933900199514035	-0.7757437149828418	-1.900578395225238	-1.3512434003453613	-2.844320304473352	2.2203197724338617	1.4273419783183212	1.1880331197088387	-1.5575395241373766	0.32745880414816547	-1.5106251240924455	-0.9710874892820256	0.3431583788763765	1.1904329246393783	1.154457117856344	1.0629080269508795	-2.06321043738451	0.5571524070922397	0.40495616734330026	-0.14943661986018936	0.6680064090649993	0.8978169221961358	0.6397051801386969	0.05208159708740043	-0.0685760425734185	-1.0849250738816345	0.29767982542370364	0.2612461788473175	1.0426895569033194	0.03345016187646181	-0.8706757896972915	1.5248972184477632	1.0718917346286743	-0.16309439217855806	-0.644657664904282	0.6001763805828587	-0.3923856662518909	-0.08457691210588719	0.02348044471984146	0.28889737822224915	-0.13930141409375646	-0.681385743044553	0.4506980062580569	0.20932249600062994	0.6097375660639595	0.42855801941617827	0.12340750383655322	-0.8649092514507261	0.41646577532277324	0.48455898635894723
DTXSID1045790	5.684271489270905	-4.231500554553301	2.398213744830929	3.321067468379152	4.572548168646254	2.4363832986752785	0.4099756359959911	2.1483018767547404	-0.45766341485058365	-5.68378620919074	-4.7750475370708125	-3.5788523924437374	2.7500634439938496	9.451758915506876	-0.7291030474461628	-2.631913868803253	-2.646396260394769	-1.7217695218737878	4.698459940570479	1.1493579044480116	0.9844930200476161	-0.27099630755039544	1.3721158927069868	-0.5286078258845457	-1.29818601657579	-0.512914149815115	0.5310624001838508	-0.8609864517804195	-0.6227071010559757	0.732102897414309	-0.09755650810361212	-0.8524522492264321	-1.1963312409684854	1.0122191506180713	-0.6337093648038502	-0.7792028877445791	-0.8898303786164025	1.341862480741918	0.8668348674981665	0.6016572367025661	0.7553698136938003	0.3700642456480767	-0.711053201988377	-1.0307151913320125	1.0992680614150405	0.5445735146317322	-0.5344916361423658	-0.1841203562852303	-1.017252060561987	-0.8586653631168419	-0.2698974083465367	-0.459060752657327	0.2252365748450094	1.4704440931584306	-0.9220670227371909	1.6930434351873715	-0.42208912918952274	0.20350004020301127	-0.4584356980939752	-0.5575057397706377	-0.5601365619397324	-0.3201229408996225	-0.22951113740003237	0.2782487506896152	0.7090937223325167	1.3559852812578126	-1.5537611208959436	-0.4595563332220988	-1.3383528296941114	0.24290069140194565	0.3189601225741708	-0.891933025960831	0.4504567899956489	0.5119575877540082	-1.640091658002405	-1.0243368594414817	-0.08332862691274649	0.29574435195291315	1.2155063500509689	-0.3098483178566167	-0.767813750302561	2.0197155073211315	0.7694602709628668	-1.1183772451556802	0.7670567496394571	0.052064190408406916	0.677773891245551	0.8065098074933138	1.3045371320009782	0.003958809088915382	1.3786697413169167	-0.7421798023180071	0.8599572262808418	0.43638116298044366	0.3035135917047771	-0.15807938654793427	-0.14690797087802002	-0.2527911237789564	0.1460003722675603	0.41386273604333573
DTXSID2020189	23.941858552760618	-10.191862839666278	1.9408092520439681	-1.158823104665773	5.03857703833078	-0.055302062287537763	-7.36214259559181	0.03116354888554406	5.496939624908656	-2.338795601514181	3.1835387787176104	-0.7955461640788827	0.5588953624013618	-6.118652821159998	-2.2643790189090622	-0.12240525752912428	-4.585962345294686	-2.5211699772877805	1.2554371603686356	4.064322039571879	-1.8748626755946796	2.1717296352126203	-1.3752955776237428	0.4135213579128972	3.1238318313692695	-1.5353828298083174	-0.017953208615903198	1.950679269824247	4.138135356573053	4.760808136871818	0.3210359853274091	1.4105316994600947	0.9130407897700837	-1.288573808130546	0.8170921970640022	1.7881276475580834	-1.1970305462741304	-0.7713483766083199	-0.21816489523338023	-0.802773881287284	0.8317185943698255	-1.4379328228075927	-0.018792462486513194	0.9506261871021208	-0.9740828009697765	0.24820187368339244	2.3855293270506426	-1.614722932637976	-0.7823455428751601	-0.44174985504417236	0.4179506871008484	-0.5233973096884901	0.3607015065643336	-0.38606421901352284	0.8775735500906523	1.7729862285564368	-0.07105587521429495	-1.6206073793326485	-3.281159988780697	0.4866321338997651	2.833380616973081	-0.5239402052295294	-1.4194249456784593	-1.8374059433561423	2.2282267486185914	-1.341625165071496	1.2586118858279987	-0.11652820816215712	-3.5528210509661227	4.287067228405232	-0.5129933939260573	2.4192011663999455	-0.4564766455066604	2.6317221408530482	-1.233446828932675	-2.637354482889061	2.9834042118812203	-3.5397372539206673	-1.559556535150645	2.2987564707466026	-2.1066159670774787	-0.8412322601277926	-1.9496747113546786	-4.183452233786057	-0.2551235011106156	-1.797528248500728	-4.954991265525572	-1.234425740491207	1.065851335713887	-1.3474760935808672	1.1072341494772673	1.307516826502237	-0.9062616272659173	1.061941687580642	2.8060348871324843	-0.2177743351910428	-2.4126516860900042	1.7455747313261925	-0.34119626462580493	1.4242395580949754
DTXSID0032316	-6.358736219262484	1.0651336985005522	1.1794702048760093	0.8955505245016815	-0.6089556889584227	-1.019290256144533	0.03338114552592286	-0.7201563349136391	-1.0717535696799305	0.7865049722213483	0.4868461991093736	0.06541275007259562	-0.822647141703942	0.15907807175386432	0.10550073855615184	-0.7471221719087278	-0.7622166009330092	0.6183442293744148	0.3848431154377274	-0.4554589790335284	-0.3467313147125203	0.25838323349265785	-0.5903483555819453	0.9616830869285884	-0.8369694114321038	0.3825448858329237	0.5061272357043032	-0.6337919713057828	0.49163408835767297	-1.4535286668848262	0.46913169676880945	0.2402941187062359	0.08819620284399265	0.21810541541282263	-0.23568910222098938	0.17498743466136302	-1.0334992921677402	0.14385568527220424	-0.7365998683485292	0.28397761960807805	-0.06264781161767534	-0.052472536095805065	-0.14472090995559683	0.463985711985151	0.84805403691042	0.8042192041872623	-0.2978388719495479	-0.41848813496868	0.3153448818001523	-0.11877699752973309	0.21039207581952105	0.8299300563504378	-0.1314861962985662	0.46043566104583317	-0.29263146981692856	-0.21515049900246133	0.3293095354878708	0.21876381351959487	0.1335891064703125	0.11553651931535278	0.7137190285134603	-0.5083200942945573	-0.47290519994723007	-0.39397504187911997	0.21663329336871237	-0.3011173733497706	0.10925592299534642	0.24940269023899964	0.3646651282801488	-0.19522218688000767	0.16944586694976854	-0.24792746538362057	-0.029490057708178963	-0.479719956572228	0.2906672031351127	0.36960703225426267	0.43327861172886767	-0.16830015549362998	0.023582642950908544	0.012915452818378472	0.4389432320704891	0.25119760203156405	-0.4672738537419471	0.1948539162432783	0.012753010752411814	-0.2816926724332944	0.0977135251531485	-0.047388329393156944	-0.2828176447883859	0.09892526046850313	0.011552821056175123	-0.10318908235843009	0.06178272200918548	0.0006199429540470257	0.08832200707606135	0.17586728239553284	0.21670927254750746	-0.11653376714672861	-0.40290514914968606	0.05152939468334331
DTXSID2026232	-2.2765110116158596	0.20957464775778226	1.335939480456384	7.519212041178346	0.5568153779675268	-3.058456344554745	1.0183820483378232	-1.9800408971099928	-1.5518261418597201	-0.14868687526735244	1.6289815255776523	-0.5424077907424015	-1.30483648971266	-0.06411372676753126	-0.7794563156285949	0.9118361906772033	0.7153811272776159	0.4784303055431767	-1.792124933607829	-0.9701061202962493	-1.248299568887428	-0.5313465514156034	-1.3998680610745124	-0.10729312698005672	1.1714874828426716	1.2579775891052507	1.633423573972088	0.46258799418379287	-0.5126974024983574	-0.19294342895055255	-0.7887558459043772	0.9523747386881136	0.8346311641244517	0.2247938708262137	-0.392965342806939	-0.005002193059896006	-1.096485374135494	0.476568595631889	0.004436685861523419	1.322071902289878	-0.6581871001764414	0.456149526454775	1.0408420687590583	-1.1202313486228936	-0.2554443248330601	-0.2645071471756981	0.40829364523682476	0.7443317711014251	-0.7827111709549103	-2.1418952616801747	0.6276293934209562	0.47057073087851864	0.6114428911331408	0.14721077784036687	-0.5185675261467243	-0.3574621857786876	1.4488786783128214	-1.097740647276084	0.43428983388510617	0.1339397205012502	0.04934807580676892	1.3545176971201218	0.731117493410296	0.25857862529260056	-0.02310173198695253	-0.379880989804887	-0.5994769038990813	-0.033198655840715706	-0.33390655044699785	-0.016721455467625355	0.10968275488747616	-0.018742681026886674	0.20514256133841588	-0.3399923156606321	1.2333165581805474	-0.08197982441063978	-0.09630210199681113	0.2554635706184613	0.5135369342093411	-0.06109529456116583	0.4386982547149053	-0.2852686185311868	-0.2149045738621118	0.49771534590561933	0.6589051147966213	-0.3233047672054389	-0.15293909807266734	-0.04205006222068211	0.7847744399805873	0.004973227274057696	0.635226655995383	0.3648766356107704	0.35957238141282816	0.00996658540229455	0.12805517195592975	0.2589270959816219	-0.4643987019262655	-0.31725622097997297	0.6815336015887876	-0.34674331105694156
DTXSID7020762	0.07136136208251517	-1.9682031868233212	-32.64908065471537	-4.084322641672497	69.52341539000393	0.4997638439970512	-13.98117178786442	10.265353235207193	-13.421377887167798	-9.733162223053899	2.1069536510661333	-1.0886142799108407	10.080530616959345	-18.587400165388317	41.02673234496059	28.08861031994139	6.384559304938834	10.010279235685552	-1.0955322737697406	18.00864305138004	-2.53689567948101	29.72885343244733	-25.98303850673245	14.313615617754545	11.943499450492942	-18.745721841856643	5.689378411665328	1.2870310874845783	3.394515337959952	29.059275696053447	30.32851761462761	-27.042395756397514	0.6957510099203845	10.782909455469262	-13.90538273788021	9.08019676694077	11.817467322182576	16.701432307681024	-21.149475185944404	-6.522060091778045	18.486383103528958	9.804121085118151	-20.931950193498633	10.792329909924467	-5.189346093471438	2.44576809125056	3.411764366006367	1.414014673839775	-16.559891682432777	21.191300806990125	-17.871010262819915	-3.962501776182496	21.36451684941751	2.1610093480431347	-17.887632275384135	-26.52703709145532	24.17979897895436	3.616909016883802	23.100206607812215	-3.9566932639319337	24.963305852523202	7.063844437925742	2.295373194452865	7.925056031381033	1.754674975190754	11.920898618067534	4.35594390461846	4.441077246242019	18.19490490295124	-8.673834914737617	3.365223587237583	6.852317918530642	2.2151148036851773	-1.5304514951989225	7.205463018297626	3.8620432846744177	-22.799359419121313	30.453116358292842	3.2326802763992712	-17.45533601854897	5.373235886557027	23.78685547614202	15.123582395195182	29.34495738855923	-10.561209811890867	29.95776464080872	18.929578855915324	-7.708089849541215	-4.0098123822579	-12.1962446524825	-3.392026990977563	4.500945267499324	-1.806768746804866	9.458503401430686	16.50620963121211	4.461483822809817	10.139019330837916	-20.72965330988263	3.8532460935519484	33.797997837327294
DTXSID4022573	-4.907949724555266	-1.2521081104161493	-3.3639138940634306	-0.10940794802547424	-6.091592593733808	-6.207655422877631	3.5403455921972258	4.8637783163160755	-0.08738468378935506	-6.72477419890378	-3.5977496269094633	1.527260000595711	1.5948594896458859	-1.5567831099101512	6.905395491174084	-0.9621554480332992	1.3047346940398152	8.742210448950058	5.37097876338441	0.7952916622529299	-12.194058289357688	-12.699604369748316	13.53805034927349	6.7133808708806795	11.041293676127475	-2.6818538683378628	-0.8296806092907582	1.3605624096844222	0.3570939107262276	0.7695850708102189	0.5040898088838116	-0.24670128472883684	1.0655071690446334	-0.46968322303350013	-0.5727455969465334	-2.1696388798976316	-0.4220694390607744	0.8980105265567141	0.8134723528696061	-0.050231970397083985	1.3862149539777524	1.545716259848016	0.07620327965637855	-0.398639599799824	-0.6243484805695203	-1.3525150389130958	-1.3429990148945503	2.7073910442928986	1.3990259651147061	0.27713552663980456	-0.3881156717088162	0.8155186230189125	-0.5338718162684818	-1.0109752055936616	1.1352040335647784	-0.5978269895942365	1.260665318484314	0.6544277613172065	-0.42331235998322486	0.352203550818263	1.4645383385359185	-0.5628389960462035	0.7483402038577894	-0.9084960001931083	-0.8121555713291992	-0.6199522706567275	0.3167590191769264	0.6073653314782361	-0.8613396636758764	0.5847278692274105	0.7312994238649927	0.5022385654058696	-0.828660265905607	0.18119021066717328	0.9665527466374085	0.4639325078096894	0.334419795673473	0.7850506665257064	-0.12916461654931194	-0.9913910829132299	-0.44523611659262613	-0.5354563299002684	-0.9801994064406758	0.9351918026069359	0.02797519081611256	0.6851098684957936	0.7229809512743604	0.18477224720003252	0.08660273161653695	0.2396968841648383	0.4001017711174386	-0.1203050059711583	0.29944096493600747	-0.9549697540740166	-0.14987932680373173	-0.7500385647794474	-0.49832590088326595	0.38525380049345814	0.630838402163678	-0.23199754288839203
DTXSID1045162	0.3027763949461536	-0.8479613076978512	1.4911926143674163	-2.336567674837732	-1.900964195362813	-1.390644606948318	3.868174043678533	1.6053140026497288	2.223532439722871	-2.0734777490648284	2.443457190561921	-0.24523679073977445	2.2855752410486363	-1.5139365492942127	-0.25058655105820193	0.6415571552557779	-0.058559288701261605	0.3503978960538262	2.307586349467942	0.6764585807000226	-1.1653366498695468	1.121852121786119	-1.6363010731531353	-1.6016121716724565	0.9037429515621553	0.9484601769073517	-1.308481211089864	-2.4240528956375624	-1.317542088485777	1.5867024838050758	-2.357829263136278	2.3027182902217795	-1.7493562778140568	4.031445283152244	1.5443607279530365	-1.1218951505739136	-4.447986822219815	7.744711994457843	-0.22943550541269853	-3.553084528308999	-4.154122047665234	6.424738988316922	5.6623433197597	7.279236778243411	-1.0801698998076503	-4.30149728263119	-1.6795013176976403	-1.9361253373000489	0.5627900027494237	-1.93432670299194	-1.278202065728134	1.721830293814284	-0.6729624751779599	0.016618179442389944	-0.6906217146778334	0.24130879643831316	-1.040994809801352	-2.5803547339874533	2.3711415451570406	1.8880586496728358	-1.8012792390402244	0.8461403838672483	0.6781956664194163	-1.9290437551317976	1.8037170786174088	1.531592231731403	-0.39074124649811853	0.9420749944696517	0.06975148963881052	1.296932198480469	-0.48898191181811906	-1.5269911539895362	-1.4741048623545376	-1.534811667230244	-0.6260339535180051	1.2272058098171323	-0.96304677850783	-0.7857017383195852	1.914429700315951	0.1677068201260052	0.6483442704918267	1.4393756663903823	0.11901644162343032	-1.0718802956156563	-1.1512651331342436	0.6737107070725004	-0.45274636119623674	-0.3881488314357848	-1.4960879068505446	-0.5414100830626632	-0.7695826604720477	-0.38222116856841665	0.8315956091664701	-0.08978232248291425	0.25051640249852847	-0.86040652291421	1.3924062174848806	-0.032235537008080316	-0.8734563325064048	-0.0368945126693347
DTXSID6045618	1.627975579326236	4.050855118050547	-3.496189970004882	5.1188424476152194	0.31929423694051023	-1.2750759781176757	3.2337899392207547	2.6170809895845437	-2.4904201614046584	-0.4481366743303888	-3.363181030769041	0.826467516775143	1.59949864497844	-0.3660765561371278	-2.5785469076469116	4.284295042681615	0.2781661851016058	-3.2832885043187585	-1.0736023635569163	-3.1825566440639137	-5.2282040242689245	4.500615881937706	2.2240472435378895	3.722505775881052	-1.8081454756562072	1.7953939575778928	-4.331406954416486	-0.547854647179299	-3.0474462642546145	-1.5304249993633259	1.4361134188867304	1.4956777302635047	1.3647905943684713	-0.9712904850173065	-0.6347068801477329	1.1230936951553185	0.6536495676611752	0.7570684957730155	-0.6409198083730799	-2.5723581757770027	0.6789517862869919	-1.2869299909094056	-0.38194983811331507	-0.5239726431802644	1.9179895454609313	2.539377384549584	-1.4074374020198406	0.5453734102939748	2.576062928725881	-0.8481315754336511	-2.9932169104292408	-0.7578631144654866	-0.031250748084242594	-1.4708532343300034	-1.4641975801903593	-2.440377671303031	-1.7491469870678382	0.4244871803117471	-0.06249395441662959	2.7383241670061396	-0.7284318926408738	-0.6660700172048061	0.9456435314829714	-0.333624096168898	1.9256394568132145	1.6758228415040093	-0.016452890045394443	-0.8440778884409519	2.6968476666711543	1.9955442142722746	-0.7597780580765795	-1.7402507475699163	1.0094725301249998	0.5702108010008138	-1.580580528622751	0.8889624623552128	0.059894037630608424	-2.107444750194279	-0.6309391320471776	-0.508007219467338	-1.4190667687659544	-1.4964052607730693	0.6509590437435767	0.6495221523527398	-1.4752849782457325	0.6215034642395652	-1.8289655119316317	0.3821573857757282	-0.6735598427836869	0.5921149336560732	1.3340003707308703	0.9898597809746447	0.38037070738950757	0.002230403967833155	-0.07042480470644771	0.4417895113098729	-0.3862585663261863	0.38193236749417026	-0.36887752045871036	0.3723917256707131
DTXSID7051715	-6.910919514455263	1.5851813965381727	-3.2862809166942166	3.091320170613196	-0.2450552210917591	0.9951426801119992	0.44917416674402527	0.014974764931034461	1.3034977457360912	-0.10381882274277278	1.670483471708793	1.3047179977099699	1.5425170572566622	1.7930802119149087	0.10536454648014222	-0.5885027473972276	0.040851084564129274	-0.2086519820808159	1.1287422427147584	0.8564817170804324	-0.45824125759397427	1.3139721992006739	0.5523437372352232	-0.2593588635111418	0.8535295573128694	-0.006813904579999694	-0.19541382063551782	-0.3113225775460433	-0.4488441436955542	-0.2737011136572665	-0.013976495064232807	0.8377751210546541	0.7515729334182212	-0.17833735221608316	-0.08499299978875842	-0.4322385857282594	-0.11970127388672287	-0.32272739628225133	0.3695246114879294	-0.23124802689019716	-0.19549524936736443	-0.4842718857514863	-0.0816273990864593	0.6159103693744806	0.09950761981143298	-0.7399016101816136	-0.3268072340470812	-0.012196116389149822	-0.21118502067393508	0.37405490064761787	0.08228014632238603	0.3199058229826338	-0.14496151511664152	-0.48426083013856686	0.371935203444671	-0.8118982290919883	-0.45730548406240745	0.34038064580848437	-0.2237613898355703	0.40429331162761156	0.09148875786351078	-0.30273403142716826	0.1675190870305522	0.7080508359539196	-0.9193644518313505	-0.6275818071476673	-0.5447161952218255	0.10725433963387263	-0.3023342972901587	0.8257775336822469	-0.6732044132817294	-0.052733433220689505	0.7261127583267398	0.6700349771411583	-0.5823371546290549	-0.48887345065131693	-0.8956470960097445	0.3488562112672657	-0.20167716416084588	0.09618706787565769	0.009099443248970985	-0.09427315806840784	-0.4048540356702596	-0.09138286146785136	0.49607703804887077	-0.4311308709877478	0.1233738974908448	0.3290110085339629	0.3603300322860428	-0.13106374128765272	0.6494460157074792	0.02783150861750152	-0.5226448790914401	0.05722800853578237	-0.6494844637468913	0.028387013711742456	0.140512646533713	0.3035742362474004	-0.6791320203898064	0.3292429074219257
DTXSID0027515	-5.814967791044012	6.164782714527483	0.6836058578839748	-0.8212659251379448	-0.7285738708064293	0.04722230967684911	-0.08525935234492715	-0.8119252856781491	0.08361346904894726	-0.10906215669556814	-0.6545831002133169	0.49474220856181483	1.1121678680632003	0.2156729881915347	0.7436843449816871	-0.02569334736450343	-0.3958032220355794	0.002910805171703435	1.0415787947913324	1.4537445322022309	0.575786225595495	-0.06009614164658045	-0.3292170271306151	-0.699874299758508	-0.12448857374574422	-0.8570523900129607	-0.4701538348706802	-0.29690587484511677	-0.5872481438218697	1.2204583509510214	0.7980582616882382	1.7485425842421056	-1.0247534937789362	-1.0198078886718744	-0.19970241292185248	-0.03313936812425563	-0.05177509527247939	-0.5617883914411135	1.0060777368580947	-0.03229033692136759	-0.6828892723414282	-0.17183375642746737	0.013105961844468035	0.06893051968424686	-0.05895069983747186	-0.7578444956074877	-0.3565142653873323	0.9740869481413499	-0.3592610754401914	-0.5650902077137163	0.8380608010273062	0.05568624223136381	-0.19686113084364945	-0.4121310722434711	0.807725810414684	0.05782163892486697	-0.0637941094572894	1.727788039537092	0.6187020831446468	0.6913365231758681	0.9087480097493904	-0.8167169242704637	-0.22325717828380226	0.6559675541519495	1.0684267150500038	0.09554314464277677	0.8793394886875437	-0.31664204867703155	-0.29696679507259377	1.4568795267005819	1.0322944683201225	-0.6307723179903785	-0.21578490529869387	-1.166258443300125	-0.16326587939578152	-0.03284968592548873	0.2813580804210965	-0.3070463219241877	0.2177728040988116	-0.2400999047698357	0.001049147028965626	0.3729593006260707	0.07808766401534019	-0.050611387966714924	1.168171369976772	0.4096696836393566	-0.2512808742242215	0.49226171052890705	-0.44582105903019514	-0.07859144575750238	0.31699016164015753	-0.3633686759224878	-0.269218372891593	-0.03401471847387048	-0.17622609531491043	-0.03634021431969228	-0.23638670250067093	-0.12921112598723747	-0.10873027310729518	-0.022271494669677535
DTXSID9046869	-4.807338416419823	3.2039671315991476	-2.4793234217515105	-0.769612769156427	2.044995179428417	-0.043286822247683134	0.24456529373756028	0.5649945694940716	-0.5674408163144297	-0.7443332588887398	-0.03966395818348164	0.4673940235749381	0.5393388313611818	0.17133535392756197	1.2980993095158115	-0.46989177584844133	0.01190422187579596	0.5969966436659722	0.47455238656570914	0.02616628245852527	-0.38263973006611046	-0.46155322983327157	-1.5791974748488102	0.9128934763142432	-0.507152016023279	0.4361828477295822	0.12179982277414528	-0.7067629112887096	-0.21111525168405657	1.124782783172666	1.4347061781819006	0.43434773650956643	-0.5561512693633746	-0.7905005048873537	-0.1981997342386323	0.1846536338544166	0.5001482526775269	-0.7032831602213637	0.5056369260062807	-0.5471601872606598	-0.10429409177766821	-0.49384795232520295	-0.36672307929407877	0.7007971427452308	0.09845992224507241	-0.5107156586099596	1.1124923549992207	0.0810043367880924	-1.0210733984308644	0.22812129319643312	0.3830279971155105	-0.25107555140627535	-0.1749338304614138	-0.2847967398377334	-0.46488821702050387	-0.40814112094881655	-0.9360464183797111	-0.19155995047846036	0.8217715854263756	-0.10998653537750577	-0.20729272573020868	0.8229044062258498	0.05287486215478348	0.4582747011326856	0.7378145250077623	-0.14944673599999989	0.24763842784281018	-0.8451485123843943	0.04545098642256679	1.002712000447419	-0.40826787977084145	0.1951547559408242	-0.14665570474020098	-0.25332711462383367	0.454046590974395	0.32201725584229735	-0.21079451132744206	0.3665309274393178	-0.3183874788463295	0.3832950037212045	0.6922140884256254	0.04346624032072167	0.6827398858637223	-0.24549391056572364	-0.12018968670913766	-0.4750196876822873	0.09673084712084978	0.794961998039504	-0.6409281260982287	-0.6215873204140876	0.05177007559287176	-0.4612551181704323	0.2806015699202391	0.4797004089593871	-0.6291432851004781	-0.3115815351957065	0.18610519781793433	-0.10902937766312676	0.274322679024108	0.12274254850602687
DTXSID0025814	-4.431664063325335	-1.856837002749155	-1.7866208514271564	5.926418478735922	-0.5624766482875811	-4.0966688909749305	2.2697224811931993	0.5655135682039802	-1.0809923033027369	-5.462972562260581	-1.2162535127457959	-1.3949342064882297	0.3941458340495527	3.156420531046293	-0.9976255538636921	-0.11185671515746326	-0.45952804862604335	-1.18210242759727	2.878167928190575	1.413694454933085	0.72011818886361	0.2490104879028946	0.38439516415388686	-0.6299475969417635	-0.6765417207349566	0.2970456322554617	-0.28484357180024245	2.8530816254520848	0.7642533953595249	-1.9432129558135531	-0.2504499026710494	0.8062689121063865	-2.2654155494444055	4.1158800587628175	1.8902790101968046	0.6590758238361974	6.012394259723212	-0.9115811147424581	-2.189772543245907	-1.7412600568969476	-1.6299980019010591	-1.8543435931787862	0.8895545077573327	2.647979313655541	-1.6217223980787556	1.3680869867817038	-2.1580917998497258	2.169148112794454	1.8705581941946976	-2.4764608821757657	2.4138035681900165	0.31345070510641043	-2.3131089393408004	2.340703351524808	3.1075680805663097	-2.7625801995842454	1.5240752006572247	-1.3191498837974993	0.46904300679955363	0.36123844398591803	1.0011947306273628	1.528545715502553	0.8500290893174922	-0.7730271645914512	0.22614706931864892	-0.26911071972840234	-0.297019672611506	-0.5945396838929164	-0.14270666506678695	0.899086693683091	-0.7100340387014415	-0.036767563212696294	0.4161244062084187	-0.38548877983594176	0.3633612646765282	0.5455939682079952	-1.225333715403684	-0.029040650553528682	0.3237578226084095	0.3133086382360888	0.03546334331388838	-0.9031184775867279	-0.9528202526406783	1.216947578133622	0.8200906421429945	1.1965677007100952	0.8823617119925632	-0.3173979081711956	0.4829026397244804	0.6814770386649933	-0.46744398167460655	-0.604723075420418	-0.0057130459337258474	0.649670968369626	-0.8086243833604059	0.48663659662057224	0.041849124216312046	0.23705596403918294	0.05224524115655081	-0.7955129297839479
DTXSID1048621	3.258828458150341	-3.3705364332390113	-6.039382506106016	3.858500115641309	2.36112509081557	-2.2206417392727693	-6.5692973522045195	1.327858321730158	-0.15245403286700276	0.5212034657805396	2.732023724591873	-1.818908329734634	1.2789202833149649	-2.4365605681021476	-1.144885079980645	1.2290892662598967	-3.5604692214248503	-1.4561889173293197	0.8738726260682302	1.7926027303928045	-1.7818744725733422	0.16221853157293312	-1.8474095571231122	-0.31429591863206896	3.1532797065833145	-1.2445878083871376	0.2858793539722639	0.07579449235648913	2.619979124709595	-0.1792209594554074	1.7958661181657036	-0.6452464650115824	-1.8041563412442527	-2.331658849657571	0.09048126735411485	2.6592170392469012	0.6276222524061952	-0.35928953603025354	2.2757845644222656	-2.123362622669108	-0.10529991875425873	-0.1695867309839803	0.7367663610038793	1.1392363790881592	-0.3100200430380552	-2.537703350153756	2.6305819356453557	-1.2289631394314415	1.299230239043951	0.3066824349302169	0.2645221800013074	1.7830560454862436	0.5069754802381189	1.910148589300631	-1.0924022017387147	2.0946126260535536	3.4422755521941646	-1.5592733395435472	-2.875085522295105	-0.36102901485327477	0.2334046032629415	0.3056475800292521	-1.1002827386695995	-0.8850924362732487	2.157852661332922	-0.7043924662240157	0.5914747504508943	-1.1492522886206138	-2.988438964859058	1.941489227575167	0.8227944687672981	-0.48095798248502336	-0.8094726975130474	0.6440861752968142	-2.9260600976253905	-1.0941488929600025	3.2484356519124704	-5.084682001994125	0.6987033210780137	1.778837737253592	-1.6601638221106632	-2.843562232436135	-1.8912588358584665	-2.721663380750325	0.6752373581242365	1.1122051030564297	-2.0642927830934132	-0.9631577197258764	-1.1469160609589841	0.15477341677328615	1.8866229684020486	-0.06940108103207397	-1.4101006339499518	1.8765403044324116	-0.7832008201430305	0.8793165112393311	-0.42485820475576147	0.016017323183961263	-0.13717833966020204	0.5438086873085963
DTXSID6049018	-4.561226138721617	-0.042169907995541836	-5.486008097411325	2.102399506086761	0.5573002942217206	1.0399979495898217	0.17309160442489172	-2.506445722878509	0.7793408944412499	0.4685206921956786	2.688560418088858	2.130614582689803	1.7140376972660474	1.9735913113114252	-0.7111841382707879	-1.1519429675492705	1.3242620995018266	-0.8436135852094675	-0.7560932809291596	1.9774693633260545	-0.33472478813071815	0.46653150361669216	1.6949951428627281	-1.3067257924074027	1.315351607981813	0.45069017882261697	-0.7008950005646841	-0.6025320877054785	-1.2432690299086409	-2.9407600360913047	0.31438345179071187	1.4446269941430983	0.1815681000001457	0.6833032060161648	0.10381165220734113	-1.0873061856013948	-0.02359766314866476	-0.20041183001648083	0.2106211371291316	-0.6848928724503198	-0.2246075350801852	-0.40144362236246534	0.2655585153375382	-0.20144254165842168	0.6488046088513931	-0.9429644017279165	-1.290473842820685	-0.706012682679308	0.09817794385978901	1.0061997664530495	-0.16404988913450688	0.4538537670313551	-1.588588260633379	-0.0800540524796058	0.7688622963587546	-1.1842519718568612	0.5436163822374328	1.3299869942708415	-0.15326614350659137	-0.17243110688371077	0.508241383492859	-0.9551311715211307	0.3131008793806831	1.405393372457697	-0.9051102641865538	-0.8200990689272665	-1.5260341923270948	0.6165630724880011	0.8187139907701674	0.20116347538709312	-0.1163507765257281	-0.3557273918535495	1.1463735993961375	0.63493578428842	-0.6419746402813546	-0.9509721406492757	-1.1461770382897982	0.3231419806807411	0.1455786792621766	0.08076941986872052	-0.0848059916764253	0.47204045964751246	-0.35247330815092703	-0.3254121194202286	0.6486901291648193	0.24352353983306718	-0.5445577985346471	0.4747087441933902	0.4312133693336271	-0.3848133185981653	0.6330121009949747	0.7792258273286968	-0.6782150500426034	0.2742448752292242	-0.45383228100113576	0.36905605279134457	0.318087731494746	0.36776933832355774	-0.21014240430701522	0.010151168145425587
DTXSID1047659	-3.9975548619124015	3.0662857534444927	-3.018930514463309	-0.06363259820114017	2.6942636379673557	0.9258736062783499	1.130297765140739	-2.14250529393645	1.599902699190656	-0.35173102760227615	0.8534059800894762	1.1953365797193294	0.6971799945653175	0.9163026334280246	0.7118892260411138	0.033746232403360006	1.2121177851752292	0.5530018502436054	0.5546719736541075	0.4339870146690103	-0.05175557083192985	0.8100401119704934	0.14205550164320707	-0.7076376123805151	1.2505312640505044	0.2322989593777694	-0.4177470997863199	0.39326202997852633	-0.6686890674216831	-0.34773054505049505	0.49083605038399736	0.4930349760419806	0.7773282537808225	-0.8243790973876877	-0.05563918212086917	-0.35275795517916353	0.059390466333049625	0.0946533796131604	-0.1923707118403773	-0.13056359674132145	-0.07005671480594365	-0.6950771208100633	-0.25195878717248565	0.6022103256357692	-0.06408818158285082	-0.9666672845225298	0.13957784283593885	-0.32102272540407745	0.05632571899624403	0.15722585208731502	-0.3009211890109785	-0.6833801131418565	-0.422744614610496	-0.2750531141524934	0.23565775503473818	-0.6221039832559148	-0.25650114953606235	0.5402863873010433	0.22322799157742673	0.3328437216006803	0.2935399039712413	-0.06740283274252395	0.7360238127562112	0.39072121682188354	-0.39130749111815377	-0.647362160513496	-0.7420458950543171	0.11531148598036631	-0.4141719045096616	0.20672835584437205	-0.11054463123312869	0.505884907783028	-0.010574069437766067	0.11091523272146803	-0.5426893198392696	0.047602672952742335	-0.13104630789190747	0.5625844148423477	-0.5719812441238333	-0.10499174811379919	0.7493361844157757	-0.3182648815876599	0.021547936147636105	0.15934775798364093	0.6007313922692639	0.2894177694862807	0.10845913740355194	-0.022025677414617098	0.3839503874574222	-0.2926494438200032	0.3929016279200129	0.2659441725712265	-0.5914915595243588	0.04283480685422834	-0.21974941173747914	0.025596156066285004	0.033524059198498296	-0.08395095336230238	0.10607257747709115	-0.31293085249669744
DTXSID1022001	-8.099920173880783	2.904869068253611	-3.9281312494674974	2.06702629607333	-0.3701222573069172	0.17402474951698038	1.199302837751119	-1.7341981340422528	1.14732683598113	-0.04474250477015867	1.4627487383683075	0.7007564682140681	1.574963752727425	1.002032276989393	0.24618997026065512	-0.9181405256747736	-0.43007651798848806	0.15356886057261654	0.6225456639253166	0.631800144530297	-0.8052450835793811	0.7587797946203996	0.10972822400521536	-0.34787309713840964	0.4855599582782201	0.009272423323402508	0.5409085428808329	-0.0012644150358039532	-0.3419949424166191	-0.6288219859869936	0.21314396424079302	0.2255441942400843	0.24978167605415616	0.46666318396576323	-0.25718003088923475	-0.4081646057456903	0.6738250782573861	0.44394279838158607	0.21879611230862533	-0.36130261254878693	0.08495320766093503	-0.3409657795355816	-0.20839790530620117	-0.21495410665133355	0.5489255163167063	-0.38159896579559033	-0.20090431028644745	0.16913678742336188	0.2534251067710619	0.14431736922138183	-0.3109458764882019	0.012502072868906249	0.09776367368269963	-0.570986883995111	-0.4420308659832821	0.003013856972734877	-0.7388354108330611	-0.3408244581391251	-0.3380900043858692	0.3655714456983804	-0.18511981366058206	0.06997354584341302	0.0003922633741966607	-0.23539217746793192	-0.20611671646767257	-0.5964436673639429	-0.4273042657025667	-0.07068190613799832	0.18272643764360844	0.7012564896442506	-0.8282983484689661	0.078711703519403	0.2971086818562494	0.08034367838817899	-0.38782703392819723	0.006938687903977184	-0.2203739996557154	0.38345991351480024	-0.516594569381771	-0.24046385472477425	0.3575815247082148	-0.42207996049093627	0.40047533775354405	-0.027453779945068323	-0.07635009935656732	0.15566052677043668	0.2683875873290176	-0.19212796135472696	-0.35014512276867177	0.24967922817571456	0.3060448197140722	0.48057723691133775	-0.7506062630103186	0.07402319386780049	0.09741037648603873	-0.1344333008469327	0.0450225066870917	-0.07801788412844715	-0.30442024814770063	0.08937954310904017
DTXSID4045979	-3.056046814830186	2.509245447303506	-3.1203542362939722	8.144363605702322	1.7605614463798331	-3.6891519772811745	-0.8972354978545377	2.494881861657267	-1.727117763875202	-0.8066918086210859	-3.342761946131825	3.59964220868531	3.0293659428179445	-0.631680635577557	-3.480265870450402	1.8417499373727513	2.548886347855181	-0.43958945031664787	-1.9619016872398718	-3.457062646740837	-1.9331217770049614	3.68112067366298	2.1872000981625352	1.8211146436617074	-1.8148846430419974	1.1755498248954943	-4.9250201424645494	-2.754941806718459	-0.909707281561145	-0.7750748364766344	1.7151550702627154	-1.7980964407993885	0.3449079836205593	-0.20270646069840428	1.5367380632026248	0.4232635307156053	-0.6986736841501927	0.721361527936468	-0.3472556320260662	-3.0642861247333792	1.7239458162718782	-0.22843064062173105	-0.3471425741301091	-1.4856707512082763	0.894806830572993	2.0061233786630286	-3.5382819991206356	1.9692040310958878	2.5087145981645476	0.0741513463993129	-1.5792313218514695	-0.7665728945771592	-1.4290363786953288	-1.5379320349431729	-1.4934035030272879	-2.7099626766903366	-1.849663851472753	1.1673754989417358	0.37973192628622904	2.2336527544912497	-0.4531833718702368	-1.5346809182106484	0.5651935958208365	-1.6267187694848224	2.0681955771509344	1.8821661827716112	1.7837755228075278	-0.551007575456324	3.6807533567047885	2.0805250079997992	-0.6352503804508618	-2.2547609398494526	2.234536482307267	-0.10557829934007025	-1.8824549126648527	0.8761957672341575	0.666386029831828	-2.145030404217122	-1.4516884427219805	-0.836974958676131	-1.5430892672431915	-1.566993143050482	0.03957716840838894	0.44346113843205887	-0.6960365612665042	-0.6099889853805983	-2.221515849759497	0.2266348224749988	-0.13883371173885506	0.589786990250381	1.956939406836761	2.2442114913681306	1.2656612227381576	0.22087473377498448	-0.8301287756549312	1.4065665105211758	-0.5339991600281115	0.9620278636765549	-0.028356878499325097	0.5125825553511826
DTXSID9041441	-4.420406694373759	-0.27004387112734596	0.12425704286690739	2.696772992127693	0.5656126399437645	-0.237419958793377	0.10866883410380948	-1.440637675471348	0.7515295343916637	-3.395302690811535	0.5473412416261989	-1.602027202859209	1.3768924098123794	4.1627201880050615	0.1016877549455815	-1.4578450292775056	-1.3321239994588536	-0.4619539799394006	3.53163535165076	-0.024354688972610016	0.3007503528055825	0.05459253196248074	0.6199144447667543	-0.7381300789137725	-1.0774953742304798	0.6575135410845052	-0.4763178605071617	-0.46666715164622974	-0.41355309533265244	-0.26885584514864086	0.6538774057371407	-0.20923425932713535	-1.3794050601128935	-0.23913545458563992	-1.0662584121855838	1.5511405284719653	-0.3978718958417505	1.9545661508018237	-0.6819500641698116	-0.0480030259129113	0.8856214426412924	0.9103925684428071	-0.7106138335809525	-0.2841500808739382	0.49576178112791675	0.3348241752035664	-0.09462980803476041	-0.5214134853546549	0.12916946316986364	-0.31690751862712313	-0.7158876334459382	0.24970309840630095	-0.5439049535900213	0.17653042146116812	0.18911656988527895	0.5089227962568112	0.6352144233442141	-0.8043797533137036	0.038765289656044324	0.6344266629311937	-0.028900084422330514	-0.3280975734734212	0.8208905853178599	0.16207165014367264	-0.040420366738578836	0.09828470433600048	-0.4074631782665168	-0.008194714179615736	0.2620784173917591	-0.40072216010017214	-0.1732626852621491	-0.34563594249444873	-0.4839343218812291	-0.08034933176282989	0.051018738711410584	0.6681579337934722	0.16923730246702628	-0.685402267584432	0.21121366256531876	0.04451350617381444	-0.41463209151756136	0.3058126604698766	0.49016627735145607	-0.3103813241119056	-0.9182016826184246	-0.34500769046388763	0.06286332459711219	0.09605674652633034	-0.2952625451504844	0.07083551769361006	-0.1196616492950106	-0.06217138982947259	0.19027263631271313	0.27273489745460144	0.4898306056944327	0.11469687658909995	-0.24875265950434428	-0.015929305003088343	0.39499423693489516	0.5856528833718742
DTXSID5030955	-1.9456976454119659	7.958905318251346	-0.829244070006574	0.94254318661215	-2.2133297181358698	-0.06358081433961298	0.6199395710994788	-0.553883536134108	0.018644429520155072	1.399221482026107	0.03748941458911103	1.183091047082437	1.8077727296173467	0.6747796833922631	0.44767502365153045	-0.40947734249711404	-0.7969230497319937	0.9974660476945605	0.15114766563491422	1.195291189216375	-0.011812168584174654	-1.092244462089532	-0.7410313646619777	-0.29758778337272906	-1.0856814224788904	-1.4246614779443814	0.9857504886033177	0.14060482884831138	-0.2646195787237504	-0.44398107376986157	0.463686196877583	0.38628550685064605	-1.2909041347719357	0.31872688937087207	-0.21565380261373607	0.7395352468695355	0.9367990407095165	-0.02448746624526897	0.30893563380591077	1.8732727814015357	-0.452430686914654	0.191246151920449	-0.13029236198416794	0.3064470440757525	-0.40863333385399664	-1.8617373097910779	-1.1340762823768245	0.4286605756011206	-1.3091810529989794	-2.0142526695812735	-0.30170916305845646	0.68353182920286	0.2623467624149074	-0.1885289497684818	-1.3215194911327939	1.2821122397017566	2.030426445526207	0.00588267126361929	-0.7772390327771839	-1.5400154343030532	-1.32618343803889	-0.36021508986966105	0.9240282070937073	0.20041010085017272	0.14005634315974524	-0.22368516507334527	-0.394329789626423	-0.25966121949405707	-0.06533311611717503	0.17945516937066106	-0.15686812275850207	-0.18039960612045217	1.1539095668931667	0.2518955070074346	0.9006376592030207	0.6991403841166909	0.05283804928525518	0.001992251225086462	0.21951405063707402	0.7432499400128157	-0.448925889260072	0.6408150631966942	1.4293383875046384	1.3763810475664775	0.7757185682844188	-1.8426780972474288	-0.2916618445259044	-0.4425119042294376	-0.395949337604317	1.1863625213289009	0.06970740617764702	1.5066746322482996	-0.5180905946158587	0.5378226931954826	0.45501401781998463	-0.9524435259083963	0.2625412275744847	0.4552430747156376	-0.8207918352628413	-0.2894267951452154
DTXSID0023296	1.2622574859045979	-3.6807065427668575	0.15375957351066916	-1.8454772734408313	0.4885180999124511	1.6301886014656526	1.7874103131148373	4.314233414713623	0.0779802078958547	0.29372777580995474	-1.9327299259884536	-0.48257909778372793	3.2030626164617244	-1.6600123139396044	-0.22018905002242933	-1.4006937114548574	1.5217057603373962	-2.746928980627701	-0.8812976852811755	0.4438068369640519	1.2064679936208063	-1.6242474283429609	0.05445411607957743	-0.6974663856260145	1.8189182858347894	-0.9705127739292441	2.4708217851216134	1.084666291722399	-0.537983360778184	-0.8049445760342908	-0.5754378334029748	-0.4870085838770571	-1.2660163454809499	0.9053421413478114	0.2466737160313656	0.15841807771069327	-0.2477462361389616	-1.9719807474263344	0.5197267912667357	-0.2754827186747635	0.3280425928958613	1.0183780718777307	0.1842603244654936	0.7839073244232337	1.0161589247208875	0.5976877782002664	-0.01819225053305591	-0.609628222352844	-0.15869140328899864	0.7661819457458522	1.2128732592739613	0.9500677189880331	1.4246656510802185	0.5025132127557043	1.546042587833426	0.20097501360231204	-1.1692781728075818	-0.47207917806259797	1.4989079217695562	0.681291689429966	-0.3106511849072391	-1.236608398256593	-0.5862831334065266	0.13756702533248438	1.6536976019732728	-0.7266748136822241	-0.4552078291721408	-0.3233760344730325	0.5850055066895299	-0.029852740990802793	0.2769238492997913	-1.6439600884196504	2.3521021657144754	-0.16954647096871586	0.6030724912092891	-1.6259873037861072	1.4928852232688674	1.669836226555023	1.0662430353703978	0.6560436958847795	-1.815170831280536	-0.02603489363228266	0.8789777349767076	-0.05146216837472938	0.23984732956084653	-1.2424129652280425	-0.31682727511106296	0.9397834629591282	-0.7423433116407901	-0.3740170175804783	-0.38591680875892137	0.9890721273400586	0.7276269972209697	0.4149048049320976	0.06235811385879318	0.6414805009392426	-0.8697837976042186	0.4144033804787791	-0.0021198678022358425	1.1539764320407395
DTXSID7034383	10.406247177690908	-10.931455408758673	-2.833730861411771	4.572497090267141	4.231271356022954	-3.6489347527008347	2.6071665353113227	4.326230924091566	3.8739828973670325	-5.079883475773874	5.566562708640072	1.1676686311459321	-0.06117107294408787	1.0723059502619707	0.1486999656442784	3.036453880287993	5.191117747813668	-6.893911887278691	2.9714945323519424	2.0961062146716753	2.0287298814146433	-2.5664516003115865	3.6207015003716014	-4.192835416995158	0.734836815151799	-1.145636283144335	3.26169789130884	2.7644672028175714	-0.689789803943233	-5.703712739396539	3.1457633007385657	2.2684070481400296	-3.898278368872787	0.39177312248702717	3.746210053764681	2.0034924511523857	5.379638466248466	-5.0330854491035275	-1.48660895853432	-2.919813271901209	-0.023933100777709732	0.33429931682897507	2.0114427326696935	7.250203761430534	-1.9857155772064985	-0.8845206017456363	-1.8665362721286187	-0.7988953207738327	1.935992179753936	-2.3980057442963894	0.2613475634394171	1.4184575179308072	-7.246522071725653	1.903340753216194	5.561632234458809	-4.321732608139405	3.446165613820486	-0.12457007585647538	-1.1649582837966332	-0.21444758646570786	1.8354825189733364	3.6281957261676134	0.4122040842099814	-0.7349262496916034	0.7898740243966921	-1.3573319308198268	-0.3610285537492428	0.3428317596800832	-1.139991669677641	-0.044151251242889426	-1.0054371001817135	-0.36062814057870557	0.0739252537406043	-1.5648287217195191	-0.3255454912598067	-0.34356698176068173	2.2650661979747753	-3.554846231974604	-1.7434850604836698	-0.2668594980127117	-0.359590473155715	-2.391031007436581	-0.5727237699507947	0.1069107688083024	2.9111719157300993	1.9403684698726993	2.4549791542110238	-1.2733048186583882	1.1055546902169393	0.9678002974851851	-0.20126219006224835	1.1076527709664934	-0.34123957628155904	-0.04415011982784993	-0.4506874616865017	1.062176295808048	-0.7621462472545446	-0.6250669395718916	1.1570493554260652	-0.563612877244089
DTXSID6047284	6.019595085238359	1.4881242374972121	-2.6092220520108804	-1.9725986649134024	-6.202442892420385	2.6813821844127483	11.030360388947143	4.586634338169335	-5.147527757907258	0.8802142515163629	-2.4817321738270564	-4.366406632027964	-1.0320738620412067	-2.243873526285258	-2.084132041234162	3.68051296944623	-4.296474330373	-1.636710901394083	3.1931902368976517	0.5427927540784853	-4.395735713601808	7.02613766786943	4.1004748796007116	-0.720733578671185	2.684579138125594	1.7527120272829375	2.784335691977377	1.5033185782339593	-4.143541623764093	-3.5121127711893125	1.5383087536775601	4.964036229086259	-0.776902325026253	-2.2231548198934985	-3.796105707748349	2.7387983275721566	3.6329906674577614	-0.5181562300586878	-0.7133531614545691	-0.6473717046233475	1.0570720748718978	3.70034795096661	-1.6396478296768793	3.6190980576990435	-0.13223398363266506	2.777154133301422	0.5925841583895862	3.4935792295430406	1.5635385738246947	-0.28478910789733464	-3.258627055160166	0.10467153144268082	0.9831292454329218	-3.0656140500868285	-4.221990084384322	-0.4829070439250891	-3.4673964454673976	-0.25048799171763414	-2.9984605433070386	3.5521568922608577	0.7865721634305847	-0.11298754745569756	0.303259076648118	7.261117399712705	3.927152793596826	-2.402481693659139	-1.2822000877179345	-1.4608474257866249	-7.6416228950558835	-4.590456989764148	0.624266639864679	3.693441974504027	2.4675891919530595	-2.9614273255017713	2.8222214589433796	2.3834563269876803	-6.055291030924357	-2.5394011912325913	2.7780937875413554	1.5554594012501999	-1.608509687530498	1.811037882289934	1.849501148841928	0.3085321991197472	-2.3035898244759316	1.7292032623839624	-1.0876131749629168	2.1174885255817157	-2.644787275387418	2.337314409242181	0.019035318570029745	2.3346017118920805	-0.5088986707492372	1.5376320076001255	-0.39570164969693905	-2.770835619381373	0.051930308104926166	1.5882344547606164	-1.4539493867021485	-2.5635628115037923
DTXSID4051619	-6.098869317762564	-0.03357600083693852	-1.1445306520595153	-0.43404158874548177	-1.923460197397784	0.014874471158893614	-0.5926736301991793	-1.7444205667007917	-0.9092276552528812	1.7108027200096112	-0.3636878590862103	-0.7990266377030312	1.158952151970501	1.088385757140799	-0.48519346952755604	-0.4113322453535264	0.13192838832789142	1.040385440511605	0.35368601629615065	-0.11158534792372118	0.3716075801924751	0.11460023048767315	0.06146978529191566	0.1056408455804074	-0.03892576494055172	0.00519365089282458	0.03798256208336279	0.32053828502393056	0.3764454241078621	0.2553550409580696	0.6241426045401346	-0.13965202458972925	0.3281420465099647	0.42861326574054337	0.3759146407458747	-0.010345974811363018	0.4069634196094512	0.21516897037106855	-0.13416833374126796	0.08660605202073987	0.3233803779878098	0.6639769127499722	-0.27808844611926803	-0.18900667972064197	0.3850754110267231	0.19906603340668266	0.22654506949412226	-0.3883740299963552	0.21815082165151534	-0.24063265979467263	-0.24266508388695865	0.007135879164670324	1.0268034886239792	0.156743867135767	0.221864084461536	0.24997321822891982	-0.057314085361902446	0.9659481714279093	-0.5452721066253068	0.1755966959375494	0.35084607683348235	0.07539918404686083	-0.8295703562036528	0.18151618007049447	0.19695386816776922	-0.8003542564558728	-0.06111288651754098	0.13347285761884745	0.5476196846750466	0.4263869300268627	-1.009528073089733	-0.024938520783944314	0.5353675199832665	-0.2065263441894417	-0.5261313673651931	0.09955554185471122	0.3414141219512641	0.43320749501860534	0.4104663153873766	0.27262382765984455	0.07247953022874855	-0.03215561611323529	-0.20523229275527566	0.16525049269192937	-0.25876045778981577	0.05071713607947591	0.36130440392869295	0.12901366409542667	-0.2986574897684732	0.07911504111446892	-0.043158933542556004	0.19317973804829897	0.04495270148996676	0.46711636451804733	-0.3361824411268	0.06783496103107205	0.49544871616992364	-0.10493683283644344	-0.13051129501061934	0.2118694424873404
DTXSID4042171	0.9033148461516818	4.576558448648388	-2.6418666770432466	-3.7904051224804847	6.622234514281361	1.8831220185444966	4.220597845286452	-0.5173119174509511	0.13576855971354163	0.4010473555517016	-1.835198748234557	1.5754623590096142	-2.2290671636161914	-0.37224858329985366	-0.8688743647943389	2.53002732109235	0.9981952597456644	-2.144001392695512	0.6450748185355574	-0.3067408768985384	-1.5010602920180744	0.19197659818065865	2.698239418257076	-1.7922611639247468	0.22885896934698918	3.179046417168316	0.9238038363279858	-0.33625362380468854	-1.9775975400632935	1.7363405387772053	3.0174810516341446	-1.7043901740500107	-0.10264939946022639	1.5201456213357194	4.108700367314172	1.3412120747642924	-1.3991774911937407	1.138446077261793	-1.095658084067798	3.191431127009535	-2.8208361211964283	-2.307039350873259	-1.0960437427365226	-0.9439782104042838	-5.255727428883151	-1.1524924657060238	0.9810534184226815	1.4756863868904502	-0.6448011917106772	3.710861102069806	1.24863998235672	0.9834432211885512	1.5647200322804786	3.1208931448911708	-0.6939614263127785	0.9293683978911624	-0.9007082973517603	0.2209787758999732	-1.7114709061177291	2.9021904165846517	0.721593865413359	-0.21017124836516035	0.4117563612022691	-2.1577889384209934	0.27790544155240887	-1.6351070962609375	-0.7566638703829944	0.4848971490478338	0.289691410968416	-0.3237469887895972	1.690101415793071	-0.1359682063654576	-0.7330322217783585	-0.7612707252193255	0.9459954353125574	0.578589105560312	0.4451013821306751	-0.9953961519594514	0.17452045852071535	0.3570652350772253	0.23913902942740442	0.827123508052883	-0.3361750224575853	0.4515604215053506	-0.1045888480268245	0.37318529967436653	0.12656334668839786	-0.02776446450490457	-0.2018155211513357	0.727707311634518	-0.42028474028410423	-0.5749918124233607	-0.3201634312293286	-0.7172729405596572	0.3045518095511912	-0.2951562862307854	-0.4265333483858105	-0.23380349341920031	-0.7411121097789423	-0.0733373926162713
DTXSID6027262	-8.11812442154861	0.51295202884424	-1.1668273701084695	-0.8430236211537163	-1.3727928056698833	-1.4831979417314665	1.1326396297038757	0.7114193046950212	-0.8832371302018536	0.11880185073805023	-1.4764359604739237	0.1402363685910516	1.9403420220606926	0.16530597789518153	-0.8103064280974898	0.8062945322066434	-0.10565019517313139	0.19946395664844788	0.08402225864642142	0.5670478585567192	0.2988258545228543	-0.4310760200344406	-2.1395505696425365	-1.403741380118602	2.6987279825398103	1.284605414241426	1.2372154738600585	-0.4288289381312483	0.20879798247195727	-1.1711636914247514	0.5844610635135286	1.406175579947733	-0.7768313377319368	-0.2655291493175549	-0.017208422347254126	0.08144903024717426	0.5127799391782983	1.0298261068786252	-1.0037806329886882	0.05717390078181662	0.8905218876149106	0.9778153835745061	-2.1775604302996303	1.886518796977175	-0.4462110445056498	1.3515550214139267	-0.8289515495015743	2.993157208395986	0.3650730557419116	0.9376530215146841	1.278088007629069	0.13394845939013292	-1.9518592721342545	-2.255889241947526	-1.891439677838086	1.4354497736653822	0.3900435158468419	1.441542877295071	-1.578410372220051	0.9728771583281982	-0.5019749251405298	0.18263930662178812	-0.7966170838222683	0.9505456192970683	0.47701042565583424	-0.3522346989665905	-0.6279198429774855	-0.2635425451480601	0.6381745321474438	0.8613977243778352	-0.18264423053153023	1.5550770208737654	-0.04839203878315384	0.11220626943038968	-0.7381986385204934	0.43192111976567615	0.1280411125507706	0.31177693808280804	0.13653447473872513	-0.5960565430001353	-0.5583874389846764	0.30252007986410206	0.3242049011024917	-0.7373723921772927	-0.24073222098070407	0.041256107233876654	0.11467966156214686	0.519761046948717	0.14948875433188527	-0.3660743773382176	-0.29475986540561366	-0.3377457160877663	-0.12460595467299998	0.0727147460896428	-0.05552611642759583	-0.1765049794564603	0.2148460219587146	-0.2144355369572268	0.15856056466062088	0.14547014874923744
DTXSID7052446	-5.315528422982724	1.2053036327334472	2.379213437290285	3.930201915565934	0.1249388258088807	-1.9131849864911867	0.8973558989113105	-0.8466934955434509	-1.110313168688431	-0.20850431122084986	1.4049594358490718	0.11028640859540273	-2.1499724246218004	-0.7895519607007121	0.5605255363123309	-0.12672145242138494	-0.5773745122454639	-0.0006436426442127356	-0.15411192533497575	-0.25947192136570946	-0.4476606382413695	-0.11795884264644	-0.5355069384822695	0.9652615455126644	-0.83438630600639	0.16599988294392737	0.652929075271637	-0.2814102437153021	0.6302026407220905	-1.0995883090206147	0.13657415132370976	0.33656652170635054	0.05772636457988017	0.2776529270507713	0.01771595994585457	-0.2035702589078486	-0.40157282946808076	-0.5221836447080046	-0.5037940946690159	0.03528247111811879	-0.33489729855750683	-0.06431433052994527	0.4261961389863644	0.22008133366250404	0.6933725022610303	0.4354349862964925	-0.12966198055921568	0.11471110424329975	0.02809915928113162	0.011396028535996191	0.1540863072392368	0.6186572553182271	0.33810285819453567	-0.49842981783734147	-0.7851544524331107	0.08865309686254545	-0.06862253439655773	0.419977516111214	0.1692857867237387	0.322433821038408	0.23253850495830497	-0.44019039982402963	-0.7045137697061349	-0.11160509361576962	-0.01829218140020648	-0.38472870790205455	-0.4894681513606019	0.5722650695737614	0.3540755392072032	-0.11644619287830306	-0.0019129625206280817	0.04793400091768718	-0.16907764957711757	-0.534022519319073	0.27096457635870663	0.1247919407325326	0.5574513332725549	0.14402898855072394	-0.022166953532352134	-0.22178536640769214	-0.02420789733786571	0.5891818967704826	-0.06140554727585833	0.11205937921919805	-0.2184822870317613	-0.27334784170863013	-0.13852616667172438	-0.06951185806349174	-0.42551045299022794	0.18712534413840162	0.26635748598770487	0.05345049813580709	0.24881889269653296	-0.34650127045173557	-0.012850255089324573	-0.08375245502600825	0.11831372416207134	-0.5790844100320817	-0.22117014486763445	0.04179451055971254
DTXSID3020128	-0.6724686833383002	0.3961273016245287	-6.5211290890333515	4.409438858396149	-1.6539114787722466	1.7286023627576321	1.4680953129911167	-0.27510426552029354	-0.8382055271135473	-1.812935669496986	1.249390222629048	-1.404716966417203	1.486385328324338	-1.1147765951395636	0.9266964970840957	2.6900731001893865	-4.325522256960167	-1.044961046082429	-0.7951387289801487	1.1647719125498386	2.025735481353542	0.1485759277218891	0.24457711404055174	-0.1823433163500601	3.74356701352042	2.0392211927665813	1.15633816004905	-1.6746752640974756	2.5710213959757895	-0.43026698145726117	-0.9161447606089531	-2.263559099536639	-1.2399163541709357	-2.4327840803399816	2.684322542576148	-0.010875573186287934	0.7628928338141576	0.05510920700852471	-0.9504467678253172	-1.8069553135564005	1.8329522389027868	0.26734942713372856	0.2713485538742337	0.37318180429806175	0.8399129421353184	-2.2332885463032954	-0.3639068604954807	-0.212382939615141	-0.9318912620120271	-0.6496912353351308	-2.498349124062435	2.2842816720435306	0.11335869917704408	1.2455727473727098	1.7811697571215894	0.6567650740725701	-2.3885568946910567	0.11375686855434866	-1.266255224473293	-4.199892505905525	2.2330161600957217	-1.274963109706939	-0.5563814902511478	0.7313969583235916	-0.595118654011065	-0.4770791338487242	-1.497744786799721	0.5476972802219611	-0.47351516997248366	2.640352770264677	-0.5384670757051717	-0.012031893173939105	-1.0814135436518209	-1.318971623115578	0.5206402032736556	0.03966698628218355	2.036635350608307	-2.187498950103551	-1.43672748410086	-0.6945086248769516	-2.3109515645265333	-1.838868752988723	0.4331610636634	0.6374953494997179	0.9119801781249063	0.24769071170263812	-2.603661714317357	-0.9834059662976415	-0.2091653851224011	0.5303560568489644	0.13568014377253382	-0.43069690604876393	-1.0239846416608067	0.3499950565735935	-1.0207575311249115	1.3933713293589312	0.3853480432124188	-0.5131424350187928	0.14413054743427617	-0.8820279147742488
DTXSID0032998	-2.2241563664623665	-0.5385872598294131	-3.8836522547374046	4.315815483562689	5.639054912309073	-0.8997623866388886	-1.0228973817614104	-1.1179859904502558	-1.2616270317113687	-4.41761121926061	-3.7850509995633357	-4.202872571799733	0.8981682109030675	8.53542100906065	-1.0039370852810945	-2.14375372613489	-1.20759093065453	-1.479722529954003	3.400267261372744	0.8926671418822719	1.3644822290642098	-1.597181332037394	1.5596171452931904	-1.9226941941824343	-1.1678908988284715	-0.6045394151787639	-0.30231211838128547	1.127706568943458	-0.048048167955232646	-1.9497386951022446	1.562579659026945	-0.15237455087047977	-1.850977177555389	0.2508716386633137	-0.17283156330246502	1.5221475881577913	-0.15366443618892803	1.8816727317773174	-0.8925912090908906	0.8591993977750861	0.753273549084851	1.8451924710518217	-0.6626499467982957	-1.2011186939950047	0.3602086600887788	-0.6082512985849416	-0.7230849741063564	-1.0498189592249099	-0.3227597957642469	0.3825230626320458	-1.3128029306538125	-0.4496677102458894	0.14452531045341635	-1.2440987238510117	-0.6403533705510369	0.6378038355903668	0.38385487221068104	0.07926990349348055	-0.7125375532096245	0.1257666030108609	-0.4078432244628463	-1.8188289127874022	1.2254676469684826	0.5163267326519483	0.9900897293005361	1.157024003297779	-0.05639914512396026	-0.2782557133437093	0.5592588648043592	0.015436417535780223	-0.6272008139303467	-0.02262201613025795	-0.33892145651812594	-0.6321702407036318	-0.4707056507020591	0.5323426490633707	0.2553668193471088	-0.04577116240118692	-0.08084644647150752	-0.9635091411599437	-0.45678497313712246	0.2501372782578189	1.2940664733670453	-0.726379956146551	-0.22521489659642668	-0.3046642851032078	0.8882526811303655	0.13203193111320385	-0.22146132632182677	0.5358767896768872	0.6017120587603556	-0.3230473965269236	-0.28979935662416206	-0.5117150336789897	0.6276705050912107	-0.23172338942924622	-0.24422342929138025	-0.5847081012868639	1.0159127983719134	0.4510907055025738
DTXSID1046186	5.4407711618845	2.60777146823419	-1.5772598752651508	0.8664197411661914	-1.2521999238136965	1.102546697710961	8.149304267331416	1.1282629570678582	-0.8190279764671927	4.319600172955122	-1.8806760784259013	2.9949079159594563	1.915891490685834	-0.1688450053901129	-0.2661105388849026	-0.30811551861232506	-2.4149630098819683	-0.44711939485896324	2.822552593376008	1.2216327665978937	-0.6623855009696494	-0.4290531349877123	-0.6490558504048505	-0.09488638589181349	0.22489954341826962	0.3999861675328953	-0.02248106419695142	0.991376537987798	0.06768064262286724	1.0608064768070085	0.47332239352152433	0.5117297248345832	-0.8625548513209269	1.557659747483328	0.1508441363305269	0.6418186315437912	0.005946201626580643	0.5824170331841265	-1.0960990165669635	2.8830384765142965	-0.5343019274412422	0.43248889939941004	-0.8712697411448109	-0.40741624597219644	0.19006619154256174	0.2800643286214629	-0.12869157056925185	-0.7583515007322568	-2.5747024568267163	-1.238881649019032	-0.28961966085340074	0.4875817278308991	0.981391358740691	-0.16251441927212776	-0.07540097645938933	0.6800548265103811	0.934983757187579	-0.3016317099267912	-0.6417916164365582	-0.37491316765067473	0.15432616388268638	0.8207329546111413	0.8554966037176505	-0.7385945834670312	1.2583908439478526	-2.6180681886071335	0.9693331444225479	-1.6033614407356744	-0.6458629954691057	-1.7980832363696981	-0.7423481660911186	-0.1723131316460685	-0.6672274100502545	-1.3917928564497828	1.1766922945255271	-0.9473872483885001	-1.335251113143838	1.1859309145500643	1.394685045112558	-0.5565996198760732	3.456556800719483	-0.819970731624951	1.2960788193725232	-5.144418687787584	-3.1123759261931525	1.491760034010635	-0.2455866519391594	-1.1489077332519868	0.4488685463564375	-1.458248938741731	2.098017177251052	-0.9787492144234377	1.9320861474481472	0.3885314847419007	-0.5694965979465318	3.4946400693380357	-0.4759681443607447	-0.3973241746046899	0.4315282399832868	2.10067226014623
DTXSID2057603	13.455522925667811	-0.3095677861021166	-3.2206767674723022	1.7452062971430127	-0.2211236983688535	6.972672710715188	7.612918544037299	3.1803089708048513	-4.453268628875521	-2.4240765467388683	-2.712033169824178	-7.121669971641265	-0.10701776114256277	3.909725612024071	-0.2838144650934814	3.585851754910961	-4.098642304153688	-5.375173727122159	2.044010620394444	-1.1067143641204669	-4.3253181293629765	0.2344838269673713	2.427579296272011	1.6215634718123542	-1.548217056075925	0.021312679202367613	0.3129432481944746	2.5646374168708475	-3.509898867692315	-2.41063741111243	-0.190888516882351	3.4246315954468707	0.9808068968775333	0.5551501819063023	-3.048983177900763	-0.5716644135327005	1.9891747099049202	0.5383939058630697	-0.11243874565914357	-0.18232553450338312	0.8419056604540028	1.785797970100565	-0.7582599224907024	-0.39880174809346625	2.666160912429058	2.6071037374790165	1.2782148451985673	-1.4871126000501165	0.4487834197338992	-0.8336446883454157	-2.800509144802219	-0.23555932333904872	0.48577129912739997	1.675379360880026	-1.7718235035210226	-0.12784331290533807	-3.0565398751947597	0.423937301405075	-2.186380000968109	1.1416711481020492	0.8480502856228262	0.6247312254267161	-1.1130540246118317	2.2902560716663785	2.3410702775574497	-0.5126198011786675	-1.536247775582405	-0.19303853780634267	-2.357718388404683	0.5840834012070021	1.1049048228345215	0.5245819533685412	-1.2348648161251463	-0.7924300718159396	-1.2464930819013227	1.1622626868186146	-0.7648156430499152	-0.3212397342377602	2.956235996472052	-0.4096231836036256	0.16457343868037244	2.252406393865777	0.5666601215339154	0.15204902486090363	-0.9485586775228484	0.9980247222414265	-0.775621191935532	0.1817829543982706	-0.8957640043849507	1.1705994045370605	0.6347478654542766	-0.6725461577019405	0.5015711030190815	-0.3647550362107676	-0.3403822484659241	-0.5606114426259575	1.4467375928387454	-0.3216009455963874	-1.9390546362461636	-0.8184398326432514
DTXSID7052319	-5.600896052773077	-1.1114551950922853	-1.7127508286845963	2.9873541536000254	-2.491353752531647	1.095946119373039	-0.8188717270277173	1.5186877195338897	4.419741734530886	2.311343400282073	-3.5477062226911253	-1.8333977416995026	-0.6468336876759797	1.064671751204364	0.8679262440919316	0.6131082131815166	0.5911941367865273	0.8188993241555341	0.09241599566757504	1.0926921269095005	-0.2513658599261094	0.9086812633709164	-0.29107808856898204	0.4141151456185672	-0.20691458677307087	0.22067711877072452	0.029260488964173985	-0.024533254038187728	-0.05512051014865189	0.42999284266644316	-0.31005889488004074	-0.1721395786341607	-0.0009079350713594595	-0.24108304132164649	-0.32343517123444954	-0.03645016832092526	-0.049122515903581535	-0.29345369220950906	0.4080692272953096	-0.08209448362576434	-0.031824164000146996	-0.3373456543029623	0.16745878262327837	0.09867795819330796	-0.005924652044370558	-0.10443548887655847	0.10560411263906859	0.32756798315029934	0.3396397342020743	-0.16487139686911265	-0.22936549833507586	0.06381679382361997	0.6572906277320713	0.6008805382983992	0.10348387432495564	-0.010762509108940735	-0.050244274504900384	-0.1876409750826777	0.04331607172908055	0.33714521514741497	0.0020506050312945295	-0.026461609838516448	0.07386586179422397	-0.6010954627421536	-0.02645489315675879	-0.46458619745799673	-0.40122213339658114	0.03919248027963252	-0.10407998975215185	0.15152394080885914	0.1283327751146579	-0.2525124487438891	-0.03679348545428856	0.28474752215064886	-0.02856178670174047	0.17890323480267398	-0.020717151621044223	0.5147298201813225	-0.21537730667523233	0.12519105499258948	-0.02140054211537058	-0.4729016165911694	-0.2813126024026495	0.13117956345150122	-0.18673078066469925	-0.12001109007355423	0.1375716738110784	0.1560660423108015	-0.22708015715319926	0.18797673708897614	0.17599368428479759	-0.12746633563170556	0.09968273733423173	-0.13999216336009215	0.2999438815599182	-0.41091614327117554	0.34202076910776585	-0.6535064334230798	0.20697560599501735	-0.9472564634188211
DTXSID4041527	-3.105220586566419	4.6262683211847415	-2.55575134214628	1.0953469112557785	-0.5584795960146581	1.5315202175856317	2.4699374743677707	0.6320871449040497	-2.0769204003128685	0.416591426516391	-0.32701398784756014	-0.8224189079852103	1.2043104232922421	-0.20833830331822337	-1.1247142279845121	1.7986332329559962	-1.874860007872463	-0.38460120866736874	-0.8175332114339214	0.24774331652739176	-3.3026718132828923	-0.25467846066798683	0.5043430172595366	0.24511689235734674	-1.234906119914377	1.1702995353984642	1.5254411486867558	1.379391372755251	-0.47483211548586585	-1.3154999911976732	0.3460165340095587	0.8857275660769607	0.03287387705688224	0.9464916955215537	-0.25001634341367646	0.3810364002050584	0.8838884837174936	-0.7585397510397143	-0.5790913226631034	0.7971422238518323	0.49207844482040686	1.5682570367815944	0.2787345066823179	-0.35427520303619897	0.6745700368074574	0.6055045512632516	0.4981262803332671	-0.3489162706225878	-1.1086970061659975	-1.8167595421025917	-2.1268864106465237	1.3489836371087576	0.04999277343894417	-1.244044467308575	-1.407165502819421	-0.9945934100467906	-1.460582299819669	-1.9040651359344019	-3.1610594781296637	1.1757311444455982	0.24412936988344036	1.3382580539341469	0.9938251510254168	2.3377109489119627	1.9531331786315853	-1.2376309139433375	-0.4744456392712442	-0.6929624311830306	-1.497861724808779	0.11420531900022142	0.17696343710407417	-0.19527000611037912	-0.04255216801496852	-0.17753578886400037	0.12464228588080543	0.19461692753423648	-1.6511969984269426	0.5251065608744433	0.9842455641322055	0.2705030526784675	0.6340682163150893	0.5042615989182692	0.7439016134324795	0.18244909408494894	0.43290173478171423	-0.3996236787384267	-0.6505192885621147	0.5128617116117711	-0.6525600941046754	-0.08951127834952469	0.5293652898477182	0.2243263835189829	-0.021156263461584564	0.44162188489356763	-0.02708090906983532	-0.3598666285233406	0.8342290087048433	-0.08142822846268834	-0.2899650984988746	-0.1358231357700744
DTXSID6046139	-1.56373589843671	-0.35175616780909125	0.12067766335864666	-0.32929011009591985	2.5652124132260874	0.9292619413260229	1.8751424949504414	0.0978183308913744	1.7426373673560698	-0.0130354839982571	2.9612959696880283	1.2761348662108651	1.6787997010785096	0.0926326708163063	0.7931772169143926	-0.366361614956426	0.8515284359638106	-1.8254378320028033	1.0553194933351921	-2.8314309704940737	0.22132641705826744	-1.353015413104846	1.0179768736122587	-0.38021115174248854	-1.0528088888549714	1.4207080788527051	0.35955719068406217	-2.294978305482877	-2.17640703032479	0.7488657618128534	-0.1803319435834413	1.1747222002509303	-0.9139123382120102	0.2243845417189941	0.0849686327058345	-0.8179841743832011	0.0457429246851265	0.8918495219082723	0.24548486474312345	-0.8625776358378588	1.8675071572506092	1.3933731296806053	-0.14925882623067813	-0.573481318338651	1.6163838068640624	0.9233417678537645	-0.48355816649782596	1.762668962274654	-0.9399786875397503	-1.4333736710649143	0.6054505178382398	-1.0106159076194925	-0.819062563566663	1.7002989069320023	0.4474782347830481	-0.4113789973609204	1.1032725410180306	-0.7655809396159479	1.1368909723650729	-0.61081155949799	-0.8479052528830194	0.5109149413958529	-0.4440901003592464	-0.9519303643608372	0.9942270104455377	-0.6203546762116242	-1.7663274778486686	1.9972780240459238	-1.2933454991168574	-0.01876666778380859	0.22797434389245277	-0.2978227563623967	-0.9842717136012274	1.186294878880441	-0.8621868630309059	1.0796143253413357	-0.2343899489667417	-1.5085700508224695	1.4984076415343666	0.9094306112385725	0.35239672789853355	1.323207347721746	-0.4654866576957116	-0.42525534790675856	-0.5318878775719977	0.5494028775364295	0.3117541940050476	-0.36110232698354244	-0.25891720847296945	-0.314153905270652	0.019893777355489868	0.37686276694548254	-0.03891159858874849	-0.14714444664715484	-0.39900711155247504	-0.6416333908539082	0.07892440129931047	-0.3349663484868912	-0.5873058725968506	0.7235042069822278
DTXSID6024882	5.870466743890901	5.065214104037091	-4.620439539346421	3.8766658411162696	-3.915512390414322	3.5531971268697324	1.933676430574853	-0.6094952778247502	-2.700023709062963	-0.9600471207320576	-0.11994897544326334	-2.5070198884527595	1.0902473379706128	-0.04778076599055169	-1.7107678440616896	3.919205192306846	-0.7351925388562484	0.06797260260447847	-2.817015911333352	-0.1819109814931312	-2.6045862634045176	-1.1943314373746312	-0.1530981450382996	0.03255780914167488	-1.3508361475155863	-2.136616310138603	1.5292911059368663	1.3093853107574653	-0.526827981525007	-1.522683855250907	0.9600249547033515	-0.3850226847586105	-0.04202361869620157	-0.2181339649381126	-0.564849348605745	0.36610988674267564	0.7688368265682967	-0.21427121577100666	-0.81526435118977	1.0018415085414734	0.8135803223273513	1.3070841167121912	-0.08736977950165997	0.8567674850766247	-0.2489543289068276	-0.07581524785483099	-0.9837721024073671	0.08936105975956755	0.6204556104343594	-0.48419339333757977	-2.5909097405078056	0.23039936623978868	-0.9041729887465013	0.2836305101821508	-2.521782121762858	-1.7693779983830447	-2.752925129287919	-0.903422095349718	-1.4709976658669857	1.5195324304693936	1.580709107709336	0.29598326976478057	0.5898032511549721	2.126484239077397	1.026018367416754	0.018669981864769928	-0.660584670242959	-0.6447502376189818	-0.7552833639296876	-1.808959860832612	-0.7729375479297969	-0.21673035593197232	-0.41809228592109887	1.345743273449559	-0.07354455037249759	1.4657846727168076	-0.9283468085202737	-0.9258880677384141	-0.07699039098370551	-0.06032866827344677	0.6849351492115684	-1.0873458486193903	0.384027207983353	0.004285909864572231	-0.17413593234115046	-0.6141639241765833	-0.8873789195496719	0.05870604047165268	0.40792823445348564	-0.2129533721502456	0.7225532300801433	0.5753786851244154	0.2790183266065331	0.025206766419329323	-0.1458668271186248	-0.022927831959682957	0.3694643918001581	-0.45811690522389975	0.3095743294321374	0.038102725271535555
DTXSID7021499	-8.69622608271362	3.6312866331414124	-2.8761924254069755	-0.5330682719263925	0.16886042069936247	-0.6919386452545091	0.3110339326688931	-1.1903866238453258	-0.6123907301212663	0.3063327359728332	-0.556149034594662	0.7893990653652135	0.8662378632910536	0.4018768820273639	0.6717124899242222	-0.8185697572120877	-0.6142652250003392	0.0981420583378515	0.6103734736452332	0.36044856117901414	-0.6319131209045429	-0.09090829933650493	-0.6256667621326494	0.3824317143130119	-0.8745695771329262	0.15778633665193045	0.3539790807615259	-0.8026579651307459	-0.5840494460292207	0.28609841326558705	0.7360351366068151	0.010280984865582554	-0.4619521554869769	-0.3246656116871941	0.13788299734985124	0.41295100240177723	0.49433689319553076	0.1497504200751222	0.3829310597176255	-0.08578778427295879	-0.2889718698383038	-0.37868487491461794	0.06645706956988041	0.22217950844188422	0.23427974124522044	-0.5696882022194728	0.02408784752667703	0.32791522372833226	0.22621604000543816	-0.8180528891704242	0.03718952743531101	-0.15863070078724115	0.38619407269291545	-0.23522662940374192	-0.22564718657627086	0.09201555050731576	-0.09308563486672046	-0.7466878805088156	-0.26102859807243867	-0.3562327275231003	-0.6674931166016647	-0.0874902126574773	-0.1432232471268013	0.6624160987153476	0.9048131710050997	-0.4775568244053185	-0.8443756233851268	0.1999308871528889	0.4544274596083031	0.5048361976652973	-0.2515314311817821	-0.7948997506590703	0.477375275779311	-0.20572436494356167	-0.6059699434059326	-0.4157594560575216	-0.68340458194728	0.39431630820439134	-0.35019189852900723	-0.18855865582185394	0.12193295113870631	-0.4735498511509083	0.5606298592300905	-0.14789021002354547	0.11691498797032525	-0.43224211277212077	0.06800060762882937	0.2539222678084441	-0.33637902510526274	0.1012328611653483	0.14295395853909212	0.28012360317760304	-0.6969999374403671	0.034456947246187586	0.018637093819704135	0.28944943776479176	-0.30998675742693504	0.12482445733802225	-0.07401829000612974	-0.14496683388345874
DTXSID9021924	-8.926783561817281	1.1050871933484483	-0.6437824789337722	-0.3590968902696169	-1.6175782027752104	-1.171993246387197	1.8774596166285034	0.5200476145360887	-0.28050144646659525	-0.378577947316128	-1.4037377474777042	0.2480184354176666	2.201915622844587	-0.1411215272577035	-0.908814967639243	0.6748308562841563	-0.3112201510289912	0.18367703634698415	0.4296897489067696	0.5369675129470857	0.25029904153905147	-0.014584762476342838	-1.4174277880383588	-1.7476860503269602	2.1504867453148617	1.1663527878871518	1.4651145105339387	0.09181898489944049	-0.08565299607556465	-0.9306257462613788	-0.37631828361624614	1.295621208857098	-0.5411110271925215	-0.14585761959122587	0.2801807660791776	0.15762357877384428	0.09225392944192058	1.175404894329453	-0.9457605673178314	0.22811651290618903	0.9701512913002043	0.9842723670303354	-2.1568684301366887	1.611936116867231	-0.2070719152423194	1.4197463988295027	-1.5699217703129547	3.2235194572898056	1.0289331207777854	0.6885230587179333	1.158350607711387	0.24612171894913776	-1.5790854264027454	-2.427690021237402	-1.531020012741095	1.3390872268129117	0.7645617726048174	1.7995085324247098	-2.0212001950866734	0.9186969132765361	-0.47418892466418017	-0.15093255752585638	-0.8191780890120034	1.033478368441086	0.42085452271372165	-0.322143022485515	-0.3577948470961174	0.21446814520217444	0.5044567402801381	0.943333330410207	0.02105951280042512	1.3942993281446792	0.07639670753688271	-0.1968922695260658	-0.5941698401757176	-0.1438852500857752	-0.16117397838315278	0.2130576453116849	0.3207098405815539	-0.6434343420900395	-0.5160840113033103	0.21632524141699255	0.12009962276819976	-0.2716559737925979	-0.0296620927892995	0.14980846211752913	-0.005213692884134682	0.2836900372196016	0.39597417651920863	-0.4140082366718432	-0.20206338557885478	-0.1717911041395077	-0.3022066683926652	0.2590528483942882	-0.18678543615698556	0.05900287369308233	0.460073760719642	-0.3642090474052019	0.12326121642531421	0.15084485159927227
DTXSID8031603	0.06000066992253328	2.0369552966210254	-4.664275172225225	0.16316029316188269	-1.8203261863971851	2.3060073654732824	0.06356933075395912	-0.023190867303827165	-1.9355347908652842	-1.9905808086366483	-0.6339271266848294	-0.4150381032746985	-0.8863843808221636	-0.4145345766129565	1.1392993381968413	-0.3565514977781938	0.6546320101133409	-0.8001632614128585	0.5193137145536381	-0.46083213375566984	0.9007033407905375	-0.23453604252388036	-1.3071487129720514	1.2333692852644207	0.13670132121976342	-0.1032790139350364	-0.5485936032163818	-0.40191859615667463	0.303415704387052	-0.793584552889318	0.6727863144031514	1.5055381828049135	0.47601144971246556	0.8779170974904268	-0.21789552444098204	-0.5297347095469512	-0.2748747236431458	0.16778415635660468	0.45397555493323294	-0.9591634013165122	-0.029453586143169792	-0.9110897185382533	0.19355168547325446	-0.7926775522700911	-0.03127421149881936	-0.8658261120687325	-0.3297365990130483	0.5772812750086733	-1.7871096396889417	1.206519137897934	1.5645326695104733	-0.18277240052335086	-1.8823796148370382	-0.7475914615072635	-0.7204307094014818	0.5317016339472579	-0.07846485494583794	-2.2102156563883297	0.7247016894716132	-0.6715546796549526	-0.39981004277095716	0.27921282962174376	0.28999157784470236	-0.9132213476390315	-1.1953045667745077	-1.4605578420277388	0.015880751327969615	0.9456932136161375	0.25972931497320456	0.2701034359549205	0.12302887168409253	-0.4991320382904742	-0.7941377358317747	-1.0578683304715144	-0.009744930317177216	1.0867432644432435	0.0632381132227823	-0.3632688231903124	-0.39304922350241206	0.1549418021133182	-0.23221447525333044	-0.8212892502280689	0.47077178084975385	0.37312289285467665	0.7958592020771792	-0.3506124824361865	0.6220593139215519	-0.5033710370665111	-0.13565158220271006	0.34578052032399714	0.5327845559642042	0.8229580980528776	0.6204432220364169	0.49576901430875553	-0.19152970564571095	0.3117706447558057	-0.6721287040627406	0.06564243619875273	-0.13064245518279544	-0.15999909232899936
DTXSID8023973	-7.086173701525511	0.7704581160441659	-0.5539230896155938	-1.491796664075316	-1.0125263150608823	-0.44247082387041176	-0.1170637640529511	-0.3862477289119157	-0.9213420187122104	1.4334165122399762	-0.2705565938002392	-0.4090377287835011	1.207906054185076	0.6564140598631507	-0.26891209986902687	-1.1888677842880802	-1.0511627294286394	-0.44010469079252423	0.10379851951079497	-1.445931207378568	0.2571989727271953	-0.2777850066129264	-1.4347510526072298	0.5967252159728291	0.95236723756056	1.2500607840810545	-1.9194733084897886	-0.004454780280827948	0.7938767884443315	0.25147509385998695	0.914857419295476	-0.10163418705300781	-0.6817196184934622	0.3464409022676628	-0.6251844438228149	0.023168480990713117	0.9678106607900124	0.005756736576841247	1.1445821481918448	-0.5968873389776354	0.021755696476883503	0.36084800777213477	-0.11965325549575853	-0.5013659751786599	0.21579480895925252	-0.9810576691629344	0.49680667870321615	-0.6868806944163189	0.11140852863729114	0.5197366851636074	0.3652270628672705	0.10811279425748413	-0.0029172724569724354	0.7618881137735224	-0.9183280883842919	-0.0735537658445739	1.5428050473425967	0.7832448623867158	-0.8201622071929334	1.678187118614341	0.21732580138532254	-0.3807356565333724	-0.048542828236253006	-0.025727116649989917	0.2473275930376496	0.18636159675529473	0.5187082447227626	-0.4713439594089421	-0.8649613431286276	-0.9167604290776685	-0.4407058903087065	-0.17670606059415708	0.12503715353770395	0.5524859772494971	-0.3701636963452988	0.1569909128230051	0.6989921825872846	0.025141678249743206	-0.30725809443895735	-0.06772918518417705	0.35883879430148374	-0.014609436779248083	0.14603354729213966	-0.4019066782715102	0.4541834052628216	0.1404803303097089	0.34637695567337135	-0.1570984636279762	0.25348590137990523	-0.5447015874845255	-0.4549164241857888	0.48829209114935673	-0.05950963841447047	0.5032071739812289	-0.3269823614501143	0.02043437327031283	0.2906981578434433	0.09077783594372807	-0.05610898729303533	-0.05950165355540245
DTXSID1021168	3.4449161825933965	2.0192432920860375	-0.16441481732199856	-2.560590829064783	3.1885968437458976	0.13934833072243002	1.6885290379299784	-0.5647705403926984	1.6519871467521468	-0.16665476919002123	1.0903737139777736	0.5779868745680495	-2.102265563061605	-0.5812732625433839	-0.3283207833658573	0.40262526043930064	-0.03675203176948261	-0.6579505801814979	0.898889960586382	-0.13593005546504036	-0.4038116799830331	-0.1153513128927463	-0.46810586153269435	-1.1797624695539204	1.1876738968300211	-0.30488744050615274	-0.3575110283255282	-0.09002535052177967	-2.0648832725916213	1.9052258629029541	-0.7134251998212067	-0.8714991872045037	-0.09808972606348824	-0.8748393742645713	0.1551513628217502	1.4363542831213392	-0.003379214377401778	0.6757836771717519	1.116977431983682	0.7711790696519008	-0.3607633491441903	0.09790860422220408	-0.6007093015197107	0.24390316473677665	-0.720591446204281	-0.4805217336025186	-0.04884412975654394	0.001313524663378176	0.9989775429033843	-2.3246504908943693	0.8228823177303747	0.693721997139979	-0.27683734409652183	0.8342396494869855	0.20393844784047319	0.6482946867551757	-0.21031456538878998	-1.0076918962119896	0.8145815617621505	-0.7483820196491205	0.14369272267706742	1.1563153333987375	-0.49528803872894567	0.6362970358212241	1.1795970266301343	0.08202011191979264	0.6498342653891637	-0.7429645255536436	0.5220841409783882	-0.8173975955453258	0.7793829577288746	-1.375398514493052	0.09814468055235047	-0.3133869545857886	-0.554644094520911	0.14703336702682687	0.93364715593884	-0.5977087645562876	0.06628839643984073	-0.3359294454630882	0.2829773355036867	-0.18257334284084314	-0.291220061293205	-1.3800977484445367	0.8997679861171792	0.7691193348088353	0.6563932212623407	-0.15941139999068052	0.20124740526078033	-0.3275867159303843	0.026544573011542255	-0.5658807326604617	-0.126510498380553	1.0270985729305993	0.4425488111008604	-0.30202365940693715	-0.11571875462785883	0.6491965634677103	-1.0379544267117198	-0.09925202861878975
DTXSID6044353	-4.718065533694792	0.8458391680889844	-0.7570881635057237	0.09132119485767284	-0.2192293555984201	0.8372402757871301	0.738866696499756	-1.990709253447877	1.476979580462327	-0.06038862546380244	1.613769036777074	0.4221794171758195	1.818513078375452	0.9675228280132899	-0.14011905914974546	-0.7144532768250136	-0.1542889960481114	0.66292541999492	-0.18040892585332965	0.4032680841576713	-1.0649533463334937	0.9678584579686897	0.039910138588289894	-0.2900681969285639	0.5301128533632388	-0.08899743655393846	0.09297937118898777	0.012206205688585815	-0.3831377145208606	-0.28147106175757075	-0.006272996445031052	0.11566571835471463	0.14896134980025527	0.4167482910399188	-0.26152123869927285	-0.26413985102930565	0.6433170875831348	1.4410745103772096	-0.21116638411389252	-0.29160807282819945	0.1985779212574474	-0.45872923130217413	-0.4688526676265092	-0.7379473555511629	0.30817140241759566	-0.374903039710752	-0.230171864884106	-0.15234327018004665	0.39798517610463485	0.43820245441651523	-0.4236440138781399	-1.0160747358890594	-0.38368096449719025	-0.12021997125424923	-0.050420283294446706	0.22512646363610883	-0.31773463896246246	0.23251277866610034	-0.5154988234272594	-0.22521139727016973	0.33879843463469245	0.04449183954207243	0.7922371711228391	0.043351212136969186	-0.5777346116701327	0.1907156517564654	0.20112552678404685	-0.5351165661065025	-0.4088896005126781	0.0908550339417607	-0.5113944652456971	0.6926063352541988	-0.10655168108349776	0.12488935937127728	-0.3338111581796389	0.21070007183485173	0.010306243008706487	0.09355030490486872	-0.43258271447672847	-0.07992107533338165	-0.12296918450455525	-0.7665196838057217	0.34559719202493916	-0.024621042906084144	0.032738743594759576	0.42727641676870487	0.06080891311671387	0.11493632393078476	0.24296487212602305	0.025324861890081495	0.12461044470787858	-0.07399455685738979	-0.4721923686403867	0.07297087548672598	-0.06775766658276214	-0.09428246898365295	0.03952641606562352	0.15409262292259726	0.14544441414933132	-0.02447043414710636
DTXSID3021140	-6.623547571129532	-2.1745482705931702	0.18272116400509233	1.5933897866442872	0.08579866360138101	2.9711149338493996	-3.6111106233630843	4.3180456551054665	-1.1139416326565268	1.97904875842614	-0.03415546267549089	2.335181289121902	-0.29972877935224035	2.072954550376691	-1.5303876644247205	1.9564937814172718	-0.5927385089861391	0.9116251425244234	0.03178649400202065	0.026479872001822235	0.03613864978768502	-0.8146657974085842	-0.659109450150301	0.2561103681980906	0.6675518164708973	-0.2582936941406305	-1.2682498017633825	-1.3471880818121695	0.03264684822532471	-0.3894190143776276	0.7709646613315364	0.15194903492146963	-2.405234649277958	-0.5262225413307162	-1.1296471230719554	0.021170897432047777	1.4015646924223215	0.22887295107385996	-0.6773913250244624	-0.5792204905342998	-0.09157151185591673	0.9263087601609443	0.5985142573895993	0.10105555403745381	-0.5027422445685592	-0.07848792618649723	1.2625542125197722	1.6461507991739885	-0.9292662499477402	0.7142471861072414	-0.7999386896712954	-0.23061843714393246	0.28388558793330054	0.04396488989140718	0.17228192879226464	1.0593192255216999	-0.9591178570960354	-0.8351677682366891	1.4677026750525293	1.0580678556234209	-0.9750344276461212	0.2184384774887444	1.046185643775095	-0.9201694100854961	-0.346682095166292	-1.055229772370429	-1.4232011637569595	-0.18445423003957284	-0.6280869186782697	1.1228548858952283	-0.03755485284062687	0.09014410474445737	-1.2425318325568249	1.5606105311536158	-0.6903592684614014	0.9401341096899729	-0.19947902458260316	0.27601005179269855	0.24912719371577188	0.7837552242678373	-0.9256452400219171	0.5504809798926319	0.49131726231442946	-1.143817068819965	-0.18293106235919684	-0.3937368686297583	0.12160358787142618	0.18333200528981952	0.15204356799829158	-0.3614302050263096	-0.22740400048161669	-0.28056829999507943	0.5336679350100921	-0.7489437991773981	0.5007914743527745	-0.7759705098303836	-0.340511139228063	-0.08385574103856044	0.4941155034269601	0.23441139303389055
DTXSID3023681	6.5109872233287724	-3.2587431319234006	2.418912364367206	-0.8121888952067099	1.8042796642958674	1.2589866583574414	2.1032212529945045	2.3575820073475797	2.715789413961159	1.633003735676437	6.149172561737745	1.7697144472310165	-1.2089527331455507	1.0710588112595196	1.0033621869335596	0.26941790846181013	3.6568937390044343	-3.8844798784253967	0.8302753493132895	-1.6084959094039353	0.3688341848879121	-1.1343830244749054	2.8527845128117457	-1.6744087949602569	0.8204998751726174	3.1606495022765744	0.1282284279210859	-0.16850579752682518	-1.223576511922215	-0.40103025383198543	1.605072183614295	1.5971017428482597	0.05621700598651897	-0.9149834403354201	1.7889978881105066	1.2746489228902078	-1.5184866958334713	-0.38351190394751666	-0.09978711709968993	-0.35357965048261003	0.31644692517593626	1.0316701887657074	0.7064124103837692	0.821868141474266	-0.23433594774497243	0.0622967888003195	0.013479623155970762	-0.5187979818574971	-1.1816299161832176	-2.1845392097443725	0.7349931487178748	-0.004995943571480293	-1.8462045721081135	-0.9567094287087604	1.2395608324650502	-1.782766035327961	2.719159912176994	-0.027615400047857265	2.1958754484263245	-1.4103275683961987	-0.765909775141693	0.32970403301514256	-0.8492779984313845	4.095706541643478	0.8576955755369852	0.3819678959568583	0.4528158108327467	0.7639824239641477	-0.10519535113942358	-0.7443294608616953	-0.6526057343159538	-0.5694174078875874	1.606577458164121	0.18755389267672082	-2.066826688650654	0.06897881000753293	1.1390287245555994	-0.33732398773219974	-0.20542487487430644	-1.0182504154237053	1.400722108867238	0.2597119767832927	0.21034643591564442	-0.529245349353294	1.1481182338922677	-0.12033230981354207	0.798331554095726	-0.19023719725724866	0.5615929376520019	-0.9118803841900377	0.3266201970413996	-0.292551380847325	0.9488617910825011	1.0579350837519217	-1.0214657875990332	-0.48890020937284984	0.45050346322805035	0.14657034430411206	-0.6015527655241276	-0.3369514174634567
DTXSID8041828	-0.10435431860821223	-2.2927793489826493	-2.9273734663459448	1.2295297376934706	0.3210779658562961	-0.616117198009503	-1.55312203552142	1.729868181509348	0.5599081130488713	-1.4195597892339176	-0.0020859562593746367	-0.7404188315393843	-3.1486816192965326	-3.544764531293225	-3.198289143121778	-4.816691996877935	-1.9487643838401805	1.1784813838260206	0.636207429561842	-1.0357221689884037	2.2520672230903984	6.207113641087016	3.600931476863278	-0.8029200028756144	2.8588037626810046	-2.8355538189426475	0.5287283599779754	-1.3608457051914482	-3.3689301211559313	-0.24182299837703078	1.4568784496954899	3.08251292809606	-2.2081327787506395	0.7034779669030767	0.16196021524846396	0.9317120881889035	0.37068991223499653	-0.9218337881228341	2.466952316695425	2.084159790708409	-0.2358981579132289	2.0264562609167074	-0.7316507198620781	-0.23779860492410115	-0.6068749664025845	-1.7948675838759105	-1.6234004281684045	-0.2033093600132562	-1.6408624168046855	-0.31816774085697624	1.6818010576649354	0.5827107238542151	-0.768666814817287	1.7574176400855637	1.0246461720357787	-0.6651805117328426	-0.32427646668062454	0.9243878899879795	-3.3141189498618786	-1.0716243554553362	2.793061906204837	3.031918128214518	1.0731875740792234	0.9386397314547137	1.5460067800616573	1.5206359515876355	0.8884668877719751	-2.4694023621084358	2.6314701585309077	-0.26093251476085716	-2.080679832183243	-2.8983310877697037	-4.266600889999778	5.67731329396421	-2.7457611743946897	-2.5360338274311847	1.403032896568024	2.4603200500201123	1.190243240267215	0.5398010977742282	-0.693039777462527	-0.06889548830369108	0.14263924498849903	2.7874285059918695	-3.567714033170635	-3.522463909603485	-1.1763371248133212	-2.613481657862734	0.706828853458725	-1.7808615816350963	0.3871678129657237	-1.5325816057024895	0.6458441856044925	-1.3045359776103311	0.43501059588385993	0.01672316558071362	-0.490201574367372	-1.3327268402476316	-0.4889464705945201	-0.36014351983733983
DTXSID1048209	-4.489275649058832	2.463993510418702	0.633002871450463	0.24887815767299987	-0.5505760030448976	0.981982501822486	0.20105356058388715	-2.031093544224534	0.5239031711436056	0.013752061061242937	-0.2780207871105768	0.642640757873536	2.982274111222964	0.397512398859209	-0.9632043508056929	0.2711074961864641	-0.4252088536437619	1.5965409963398958	-1.3235603447877795	-0.5596951256069207	-1.1467570592535614	-0.6323095926489124	-1.271199063436786	-0.36392777486221717	0.32478304157583604	0.5988337571158272	0.8813017532674933	0.5013636053164754	0.03089736040547368	-0.1227096142061496	-0.09357196198224861	0.6454599103340174	-0.5950102964713548	0.5672113938489266	0.36530983633351116	0.8385326134244817	0.21428358318096463	1.1683322804112628	-0.6759788007843931	1.3124072267069884	0.4618212276160417	0.6124841518733384	-0.4311347689717178	-0.5395102267325745	-0.05343454880663079	-0.30811710736572123	0.48097559457446337	0.03456045651541132	-1.106379248856218	-1.2640427433012138	-0.20779932309249072	0.06551599348540914	-0.08294638936453155	0.378940797319475	-0.28640209403491007	-1.1361356678264545	0.9525404258248726	-1.121990110580983	-1.513042738159679	-0.466875305133072	-0.21541001499251952	0.47041468945725845	0.9346439574125035	0.44778962665575534	-0.19193917026600532	0.16732546285221722	-0.02137211786099562	0.16047220920003424	0.012058962817988024	-0.8251875291018737	-0.12007458672766448	0.13661948490563158	0.4585359137021128	0.0499524205537891	0.3822224162499087	0.06629781897375242	0.5619680353605999	-0.20325674026666588	-0.2337757131522366	-0.43818931578184867	-0.24110294393629003	-0.2066951710249136	0.16954418831545354	-0.25238232513096803	0.2920722008450895	-0.6335687455949585	0.3312884708427331	0.2763695998244025	0.8658982914955213	-0.2378189927087545	0.24446817087549752	-0.27423939530233743	-0.32649293872719676	-0.3748856031141915	0.017002966542678955	0.07159193154033823	-0.22805158603292452	0.17475887867968418	0.24471372860262242	-0.08529012733275892
DTXSID8046165	-4.76797690398501	-1.3221058421760197	0.38203812295890005	0.687688483340164	-1.9671093738525993	-1.304931518669233	1.6613875240435392	0.9735179072954295	0.7425632456337097	-1.0836987568552694	-0.8375287605909811	0.14032370623925836	1.7270497266551756	-2.2779007226649215	-0.6686896262271378	1.1666614545943856	-0.4008913172316268	0.41539922439514315	-0.12091091662717868	0.3538526418632759	1.367655578458015	-0.6907668275320761	1.041007397916301	-2.1743508544534045	-0.3297388892437941	-0.723094641985919	0.26843155147093967	0.7671914275909896	-0.5266268444358095	-0.692261115006103	0.5928678794584629	-0.6625131413665389	-1.5336263981740172	0.06090798906294681	-0.7673475561933657	0.8820751002452747	1.3890619565363114	0.8298677173911267	-0.5169494479982178	-1.2283071098489642	0.4376881925167536	2.639906805306651	0.03147331765941538	-0.3150892022472322	-0.2723578047724274	0.889217641878715	0.5433941270032855	1.1490396199911725	0.9730699418573613	0.09734338886493044	-1.1192686883216802	0.821887878897172	0.6675258738213153	-0.15824496358384463	1.5909655354853411	0.3255514952328006	-0.06150100199154026	0.8517334637137302	0.6696365365083173	1.1079002558451239	0.9897334940328271	-1.007305403397845	0.009435644997669076	-0.4681920065946065	-1.1826080012413047	-1.3182554476977386	-1.5254363222263496	1.1686246259864292	-0.4052965869124413	2.142592542368114	-0.20748208972020737	-1.0237451461306595	0.30463444280033947	0.5604165287541693	-1.2161180573316837	0.22047748662721375	0.7864986737881968	0.7423130021206973	2.068972351727025	1.001998703573154	-1.6260446380587819	-0.27990215052284706	-0.20106154927815853	-1.0135940578387939	1.150281175269728	-1.230696202126585	1.130550110919026	0.8469168299860226	-0.27534765742853623	-0.3095571656326973	-0.23387842180027685	0.9950769985090989	-0.12532578445190334	-0.2915606972765661	0.13230145683856562	0.22711465753120919	-0.20592259701752078	-0.5590389301554924	-0.2790153554933231	1.3120516369049757
DTXSID2046418	-0.6991108088610664	-1.71613118069095	-3.5772334166305555	7.137472687041443	5.6209844861960745	-0.273942667440355	-2.4791802000833916	1.9689313408817177	-1.1118737260131586	-4.8710007178963775	-4.187566437323586	-3.3664877247149954	0.5583666945197302	9.818318996706896	-1.464218947779017	-1.3123947742275535	-2.127791535823155	-1.6666911021741115	3.8378932408631097	0.8504108588528436	0.7210170581532367	-0.8622156103859834	0.9573851838854502	-1.4906632703815508	-0.9152941419570009	-1.7273622756091376	-0.9851154231290737	-0.19634291410110874	-0.31351005456961434	-2.02916654509673	0.3964448967320617	-0.06087802844964753	-1.5209591211862008	-0.5081253036399735	-0.1338178000405763	1.4859448484041204	-0.2443289610040866	1.1428549975591729	-0.23540730640943897	1.3086673914402684	0.3683727058683661	1.830414115613123	-0.21260779922749196	-0.6843501557556456	-0.2437130025075461	-1.2147389863627671	-1.2499952001630916	-0.541415956122032	-0.1426615253096276	0.7068293292420451	-0.8753710906339894	0.43618121846175834	0.7331218021709252	-0.8419685258365147	-0.16762644283114608	0.36282898887954557	0.07383084859555739	-0.5052478033013602	-1.4192760161065574	0.08514705985767118	-0.7803123579813565	-1.9912718332776538	0.5995867640136046	0.19067680077442903	0.14070056734676567	0.38100137234850917	0.2431194468262252	0.4268532093439054	0.5994252729614299	-0.3066381414652356	-0.09921655622935291	-0.6456085899780688	-0.5098148068432851	-0.3039568713516765	-0.5113488534152432	0.339866606062032	-0.4483494768315273	-0.19564628881416876	-0.4532095780469053	-0.8335192004992134	-0.5827127425854071	-0.24309472122672693	-0.12582684621992413	-0.61098745892665	-0.4509760762556643	-1.0618385388882985	-0.012329701816743595	1.1979047860127034	-0.5084027926365532	0.43102989719023876	0.6382298966677246	-0.5521245919016533	-0.7563100426072362	-0.4901810797202967	-0.9838642006369	-0.4325385466243142	-0.4683065218219012	0.23347346518667572	-0.17877370095635012	0.35871375073251066
DTXSID1023576	51.44887496575817	-13.196860351312456	2.8805834938719874	42.87477048363273	9.196607727251012	-13.143477718520721	35.80118850268077	6.624569082487007	-13.070070596443964	34.71745560392754	-20.406771495292457	36.333563347520716	10.6315653934933	1.1914034215935063	3.5908209828089115	-14.923946145241487	-8.992402033905217	15.116636230485293	21.62453569020622	4.014704152266382	15.269540872886706	-2.495922813393213	-6.295016428213906	7.527126057382503	-10.12077302574592	-9.7260649838518	-14.65085862156599	7.624724089958233	2.52564765731621	2.76964452504624	3.3116686225719882	3.5230065318839516	-5.521319819752396	10.45820764039366	7.568991560601393	10.596151790787287	10.146920701617594	3.0234704367965928	-11.447780751157044	-2.5425563537406224	-0.885296074689911	-3.339651424650627	-1.419809797857465	3.9374994312166502	-3.8441583780760538	4.378376104039966	-7.570588575790501	-1.857268234237923	7.830899411742635	-0.07740384546964624	-2.0867625880055694	-7.991145095142389	-14.931022644163358	2.7020932605149066	1.5517001103806496	-11.21476816757744	8.959683212515039	0.9670710545993032	-13.475153769727726	-1.40939575243159	12.103832218811087	-8.269799410255894	8.634201812992274	-4.97549518876303	-4.619633974097292	-26.43887949938598	-0.6801716016409372	-16.63850200153463	-2.940512581257339	5.110705269423186	-8.52875228550294	-18.80099691361943	-1.5211959544278395	-5.440657879009997	2.2147484323308357	1.8102946444376493	-18.897310040740706	0.40258112555692954	-3.5291373188536093	-15.79171375343265	16.0199675685205	-20.017965694350877	20.879813471127434	-30.483857783758022	-23.41277540375619	23.47664235622137	-5.847297509796118	-10.079688037569008	-4.438399593645616	-7.879943862143744	2.777557721965046	-14.601527853129813	7.38954071761383	-2.921068868637021	1.3212196346267677	43.76549520748271	-3.334491217471764	1.3217385350172977	4.626948046191725	16.48115363443152
DTXSID6024917	-6.252439033189832	3.8755118640640585	-3.1594209509534528	3.1406529334501267	-0.38739486277060914	-0.5749661202583668	0.36833257516614154	-1.036398579645514	0.18522129882976943	-0.462053404832393	-0.0356529745691336	0.884690431313635	2.0829448713230856	0.5345934391759393	-0.9723068425560697	-0.03750473613229154	0.05255442846739573	1.0049918630201684	-0.5921163705520956	-0.9423339028212638	-0.853325959049437	0.1676334747577224	-0.3121274298568237	0.29608128382487414	-0.1765963591028654	0.16649798268743815	0.6717902730632054	0.18306587613655032	0.2972476035684674	-0.2638198112907934	0.7241850716187714	0.15427872677677112	-0.16684887515457256	0.38713101107160863	0.48873274706215697	-0.135965836093003	0.6822543013261194	0.057108007478156524	-0.63220263561141	0.8359109727893201	0.5665760950327069	0.29735331876835197	-0.28426618270003445	0.03232743687837396	0.40636357664272604	-0.08929167426434242	0.21480994476340334	-0.08764024840495008	-1.1297230876535223	-1.0771381865287628	-0.9251043851591179	0.5470170724856205	0.6385938753620913	-0.7749649124943385	-1.1031066680753825	-0.5551430221936202	0.02216312275756021	-0.8285043394172315	-1.2820681456903913	0.38736436522719797	-0.6874478666256747	1.120410220284218	0.9141518242217735	-0.10754992566756041	-0.026458430777931256	-0.43864725172400715	-0.31078088521324126	0.5521832866957768	0.8972589464739044	0.11161187967596986	-0.23317354952727576	-0.1464596785889522	0.7491354113100056	-0.3509482739508978	0.5554479763847103	-0.06404764578332311	0.06702594433183055	-0.24965854227533132	-0.20004490384131918	-0.026251039090910835	0.6862579234665789	-0.019081555880672715	0.35886698532751565	-0.10470493996743788	0.23775603780645552	-0.6142214737776646	-0.44279948425837123	-0.44337680338862756	-0.05570496003410063	-0.2767104929022252	-0.6171650578795842	0.06625762575093018	0.00632839571954553	0.25536633324047386	0.29219646610582645	0.31744783623999134	0.6922249154084841	-0.39890633258095054	-0.5419534245059335	0.18387819967235083
DTXSID5041514	-4.968814554775875	4.339522963194426	-2.1369282603973456	-0.7580609823080888	3.6862737542572104	0.9386493601796198	0.7994695650867741	-2.3787574415905723	0.47313006987527745	-1.251722751956121	-1.0943862127108412	1.1267078936580275	0.6117227782778655	0.08559576458369603	0.8927806575648696	0.808005190160908	0.16661347515392494	1.7440381760449357	1.1722816823777344	0.6999932086877451	0.36459010806400177	0.8481320304148353	-2.264550623397804	-0.6246276000637829	2.064532025534153	-0.34454041614503517	-0.28926061567786726	1.7842529298072438	-0.9550865488991059	3.606600698502279	2.4475572567168853	2.2937821979081665	2.0824042644871676	-2.723200856979835	0.25018135293996324	-2.635450754122135	0.12690588266692235	-3.9072935848977224	-4.050767068785507	-1.9134988229208714	-1.9937409405400546	3.494057936459264	1.902146900809863	-2.7306617461408624	-2.1217492724316953	3.0516686432367655	-3.3772372967737745	-1.5928574761640855	1.65881630524451	1.6905539225793282	-0.9125033647014775	2.052104231124663	-0.0689142791896148	2.1541060002706076	-0.6808984725028884	1.266650385072925	0.6503771187469759	-0.9512459835572425	0.0002595219213830587	-1.1777797398891479	-1.4345142146555907	0.4050399025400942	0.5302854751566568	0.3467996458544945	0.015907456911381932	0.38826282518187216	0.031544890927116064	-0.008421574752689046	-0.5884618124221138	-0.40892783923774345	-0.23136541440134936	0.02522880327773817	0.05798746601196479	0.14066999450211137	-0.3267331450255227	-0.08885154587297908	0.0983660059424025	0.06362518977318785	0.017042622909439257	-0.04986191716891915	-0.3362065719889546	0.09351935566589589	0.11678690226758519	0.05111322320262723	0.048177900152878025	-0.1599309211506319	0.019719936257505743	0.14009142728324409	-0.006563614902933675	0.22808395139943238	0.058742683489511116	-0.1895315631425907	0.09693514969601955	0.05661453895304718	0.10088937446726622	0.1075224686648183	-0.29809604727570516	-0.13035639588868986	0.13384653695056692	0.10402200620695003
DTXSID6021080	4.881582747959339	-4.108899567138951	-0.29662770627499147	-3.479562480254853	-2.6384872874176772	-3.7383785761646826	3.3596825479151686	4.714159012479192	2.3871603310891096	-3.224614900808818	0.39095139458627964	0.8682665297078518	1.3696877844712625	-0.4997758003352751	2.6863203088196186	-1.0504227234006176	2.395121411015186	3.745000697508169	2.565451039115941	0.23950032801207602	-5.936620378456412	-5.687369191036831	5.806972029847152	2.191034592266173	8.385299304752781	1.0480431016227791	0.08738442256867959	-0.8803763458782615	-0.26240931188006533	0.6441571450811575	-1.6474787412559433	3.6988962528954312	0.7176108362409792	2.529271289721225	3.0590754914383043	-2.619682786555677	-5.103588768295744	7.162393685003096	-0.9421908670515939	-2.5315333492365957	-3.5042332146387105	4.87694360673723	3.910729279346723	10.62277798531414	-1.8313114438518205	-4.710302250850494	-4.117320620314397	0.05623920975777938	2.7552024485654423	-0.5311938666930279	-0.5556270894854229	1.4803390914433123	-3.4781044498545333	-3.8969415329782935	-4.108211547449943	-0.6212600646149475	1.1262589637990845	0.7594823409676846	1.0655170730560743	0.5859558250430063	-2.0150583696198074	-0.009311638819644278	0.5078691720996028	1.3499247372315848	1.0884313464249502	2.1644723501085923	-0.323244384894122	2.481317958486243	-0.17029769705337752	1.6530029453280217	-1.066380982933469	0.6437581026588703	-2.033500341561943	-1.688725193776454	0.4922661018226086	-0.570602653723796	-0.6784240511663712	-0.40490525394840327	1.5686966984824318	-0.07480637350422871	0.6101656958743262	1.4001272892709513	-0.434391807142735	-0.24314773617998012	-1.0030769549890968	1.3435309515934233	0.0729451649315371	-0.506716213047655	-1.0511840961562113	-0.5924301364551311	-0.7237585832987808	-0.410477725476036	1.6655867660282708	-1.4399227660442884	0.776763031592658	-0.8645046861643229	0.9601183184726988	0.12836030387074607	-1.2598787881302302	-0.001420078377196284
DTXSID3044463	-3.825466699411002	1.7657197897187569	-2.7556194792009387	-0.44828037962248773	2.549710472171649	-0.19967022315235605	-0.012479019341584628	0.13393949143554554	0.6646268960175264	0.3772463865967716	0.8326697374288181	0.6450497334635609	-0.3469093750620384	-0.4456713144975244	-1.2929891501962665	-1.2184659393739972	-1.5411927606027527	-0.3888749572261523	-0.2753134894400286	-0.3752141245344194	-1.0165748962929628	-0.3569330019126446	-0.13244946832482024	0.06886363905294099	-0.7303824958621488	-0.027021418857642858	0.3112527388170433	0.5252919508301928	-0.10528340041933708	0.5220693429856753	0.40186884964878894	-0.14033268222664277	-0.3988071129602481	1.3081321333772307	0.5484342217003543	0.37798576531144373	-0.018144747136065197	0.7177018187350344	-0.5083095036262528	-0.11898659569203225	0.19674359900246927	0.3694050042098854	-0.23398924819057226	-0.8619383532586962	0.5941373837535757	0.2625227590325771	-0.604725795308991	0.27162235844513594	0.005021296252648056	-0.5868981689055595	0.549126759153161	-0.07697379633285156	0.0722787218718291	-1.3873106862542068	-0.38299318707128477	-0.20633267065332048	-0.37698770569864565	-0.5437273231793078	-0.960605871327033	-0.4981882208947261	0.07429812861677601	-0.6220864517029456	-0.06178245622259366	-0.2849344712062016	0.4012471289264643	0.3878666383894878	0.3859940693443271	0.5756413243756507	-0.5136257357056563	1.1539598930871056	-1.0194587185993962	0.4249230049018221	0.3016546217036991	0.8099963079425522	0.029547745401470184	-0.054395614960603696	0.30197276875217327	0.046664227810089616	0.25935823267796065	-0.19869404888827702	-0.38673261525585795	0.5246098908677694	-0.8086257928398555	-0.5966656843233257	-0.4377460795982937	-0.11715111368243644	-0.4626934331848997	0.016257369548441484	-0.019587750248666182	0.12623265899608996	-0.3352216092325053	0.19893160477886768	-0.11012607130628968	0.7981032438746251	-0.9392513011672539	-0.2014902275477569	-0.7671247651706739	-0.44032758623432455	-0.2560466066577329	0.4039532588756498
DTXSID9046106	9.002882478204269	-3.0653956768183095	-4.5445980337573415	3.8413248324118867	-0.7961791729679069	2.710216380154299	3.561169707301212	-1.6527161521781575	-0.5958339638733722	-3.577538297078831	-0.7424282652972569	-4.4771767174371835	1.8026342046827522	4.342293962907143	-0.8929910482149749	-0.7535661025865873	-2.792136866808174	-1.1802839589583856	0.5759920437307803	0.2500338587566058	-1.0769580785046429	-0.8019980175448267	-0.4360552856980484	-2.3181587445210745	1.8929917696607859	0.013270129472527323	-2.060641400368915	-0.8095073950087128	0.9706160514174555	-1.334114769655358	0.663377991943297	-1.4624296555393426	-1.5059436409781426	0.02987093319248062	-1.110619759013418	-0.42506927600355776	1.855462345097587	0.7334260600038576	0.26158162371742283	0.1233478024930407	0.10193273339087114	1.1258103349288637	-0.015215695910859835	-0.9998682731710445	-0.6891530020311886	-1.552817217958968	0.2825675056211707	-2.0749457949680603	0.5034237912259789	1.5818755371951179	-1.4419022536884591	0.03447121143745708	-0.5811164915505035	0.7499789161974414	-0.48116606651707966	0.9748741200789617	-0.29632223662420054	1.0105537247681358	-1.6187566453169242	1.6857213577343988	-0.6563733381391476	-0.7898244884176738	-0.28613632558593954	-1.0375375217649683	-0.8885665986228362	0.7008869596183303	1.0187331175649463	-1.3371762553253945	-0.18917632466260606	-1.8019544922814843	1.4979188649776056	0.6044884760959297	-1.280631502029191	-0.2331396969783026	-1.3470617487342686	-0.6829345170186886	-0.6071775448166885	1.9917566628163774	-0.8696974781038335	-0.9044223637420251	-0.2596532884417911	-0.3694716345709215	-1.1147904611733217	-1.1096565655259154	0.3872367560228692	0.25708162601404094	-0.05304986742180948	-0.14624017366241746	0.43426054269894265	-0.2426758489354953	1.311845822363397	0.04924285655445117	-0.19114938292429312	1.6428796136842918	0.2021866269500168	-0.556604823507052	0.3422674607089222	1.188012806529268	0.6658711378239454	-0.6031762414910625
DTXSID3045560	24.61852857890027	-8.865076650633029	4.601055076331765	-0.1448526705517741	9.118879314856574	3.487491680297824	-0.33166527080151054	4.612756812655502	-1.2781324967154732	-4.286182315941089	-5.821257898002281	-3.588444019920832	4.608590779042196	6.555402958448615	-0.8814312878306226	-1.9190381548801747	-1.488427126661168	-2.305234990828818	1.6322038592836503	-1.3084067969929485	2.6265048533104216	-1.9640368471324061	3.043649679037612	-0.34621677737582157	-3.7100258661786256	3.231657601609136	-2.6410625521236595	0.044876949550229445	-1.1788810009789827	-0.11791028835072376	-0.7287927400060719	-1.6591713749993655	-4.559389909467512	-0.663021299675351	-1.023027404375011	0.7839968548260849	-2.176671301835084	2.5083538537425736	0.25762034452756316	-1.4282980693627938	1.712228100066862	2.9548557817251933	0.25411116813318874	-1.6007270855442461	1.3790921748122105	2.879672229821136	-0.06610170304109263	2.639037380366998	1.3657240662320462	2.7612649769243136	-0.7657858293604634	1.319817287193504	1.0970627281603293	-0.9849357513671736	3.7389267206315626	1.4115416415963344	0.10960488697267455	-2.696642593872815	6.411550125905572	3.301064502905677	-2.3812237733819543	-0.7698840171126105	4.045955373566496	-1.1457769892992444	3.787792028364382	-1.5517580656157413	-1.3047371285680054	-1.2246610149209396	1.6321964917788094	-0.30038406475270724	0.5519613521308611	-2.427260130552499	2.0994927938954233	2.032952343121951	0.3618404359273475	-3.043484443817645	0.900416575890128	2.2447162727160226	-0.37232428918186167	0.20810418313788204	-2.754812322479466	0.955615553888709	1.3519099371912073	-1.3751565052853683	-1.808664074367174	-0.8494638811684491	-1.1003836326674468	-0.9746198561597852	2.9611848205665794	0.13519661059117896	1.9696657042330827	-0.11888708032251184	1.1209942840613818	0.5447582963746832	-0.6260979422238834	-0.28805467926766704	-0.29383738917213165	0.0011208594419046453	0.7263948885477175	-0.3271277390633718
DTXSID8020593	-6.381970288636425	0.9467356933949583	-5.037983257723558	3.9243960260051978	-3.0878477255078884	2.6673352043506204	0.6773768195806067	-0.16066609536990503	-0.8536494093645335	-2.6750486459819345	-0.9068126199907852	1.2124020261006132	1.1104356370389201	0.4756362535407877	0.7620368195778148	0.1726945876719134	-0.5970377111760474	-1.1032160387040313	0.03490769029767128	-1.7820349264204152	0.22210310092632934	1.6984483625801268	-0.007909912480619197	0.7587275315154584	-1.1289802522623125	-2.2772610732688365	0.15514856404063002	-0.9563972883664388	-0.770223289133837	0.44760368169976755	-0.10348629026987857	0.010427527894482239	2.70127783811629	0.19722391680292636	-0.07540179268219531	-2.0891683958825507	0.49733011259390464	0.7221182781392749	-0.15634095235308962	-1.4854540702058205	-0.09172086187428091	-0.6725573962497855	-0.5691024122831837	0.8222303754987	-1.8670376505820598	-1.3191792836205258	1.7757422994201097	0.8029423596577423	-0.9999513577870163	0.7683634213524217	2.4802067517901447	2.6590278353265395	-1.3670141682683703	-3.1185056117130854	1.9260940654749539	1.320973529055256	1.3876947370117632	-2.605594560991316	-0.4628098788458478	-0.9875956333801639	0.5178970986656762	-1.6813883424418277	0.10214999585157744	-0.3524155970910955	-0.4113962146397866	-0.7014049967385825	0.40081633812317985	0.8810556886556904	-1.2367241390644044	-0.4383379089391515	-0.7095177224350091	-0.05596708451203202	-0.5034543310458435	-0.16657636003017515	-0.6029854757419952	1.0341248683223703	0.011311538873446523	0.38875150397715463	-0.7895246843885406	-0.36429201125688965	-0.15134433917537896	0.10306883721912496	0.8037869148306812	0.19983359724917127	0.17047471323263813	-0.06194835129134177	0.8406066115963967	0.10453750040557266	-0.20851081239247915	0.3880258289276984	0.6017088972750038	0.4048176836132473	0.0016250711583685041	-0.14543397484404083	0.35916251366158336	-0.07845871072218163	-0.9463099143387874	-0.07546381447447578	-0.18497214239548526	-0.10795691937345843
DTXSID3024368	-3.06163374123742	0.9981306488546295	-4.704098473538531	1.4733584167152995	4.067672667645515	-0.26202626275745267	0.7329469023366861	0.9426400700620463	1.0439513339142008	0.7572416690561323	1.879798297408238	2.1307324777778547	0.19864802311242705	0.5965109039405133	-1.1009300006055927	0.2618857435273396	1.4249841530282095	-1.3826790479945164	-0.9108336830742736	-0.927948430548758	-1.090960629000956	1.2831512151575917	2.0879194559220084	-0.0002348752190326809	-0.2790976514511274	0.6791004832337049	-0.13712821716298335	-0.565765310364561	-0.6845534277234804	0.36850709568970647	2.1293767769306724	-0.32904409473358587	0.4082397868710866	1.797743174833997	0.08078189149517638	-0.08354642869209987	0.33694382141416185	1.2517184050580805	-0.5800947627835913	-1.191843532961625	0.7943964934349469	-0.20597819847557453	-0.1250985568188133	-1.3043016941488914	1.2920407263581208	0.3512000503123669	-1.8643839281122168	0.865221296092979	0.8197217214615086	-0.7092184954042702	-0.8362833207610867	-1.6060154481923072	-0.8285812560526484	-1.8998935424132035	-1.0816602980030432	0.18521542292493853	0.04461724688823864	0.36424078824566014	1.0957451810165402	0.25115841359963337	0.32041394466813516	-0.3597376751074035	0.8293093316083056	-1.144705933987596	1.2706241529285167	0.7572102047344718	2.1316514838827567	0.12318757576438158	-0.6307416434718189	1.0276113607587392	-1.169578241126783	-0.02927040686730069	-0.2716428670006914	-0.3164996587631402	0.692994282438738	0.6360221150478144	0.05530207689724981	-0.24486242245494722	0.2829125845068718	-0.9965010306761689	-1.5798792054802702	-0.5645385175501083	0.37680985061860645	-0.12118833432288412	-0.365468913603385	-0.9749169496487368	-0.5564289319255139	0.40428496646871614	-0.056133667836390476	-0.062341871111566645	-0.8039351768790268	0.6323928465194267	-0.14802803226346073	-0.32915244796585424	-0.19725422793764602	0.12311362786611853	-1.051532293945745	-1.0169574244421167	0.24802869384483153	1.5165338994224662
DTXSID1021299	3.718029963134037	-5.296931077759984	5.8077676553395206	-3.3054119251275145	2.623061695739156	2.1477984311160143	-0.5096645881859274	0.39003605947299996	1.5876881600268504	2.415595133429048	3.4666822111101983	0.8958330962068857	0.4839167659010821	0.37155574019691145	0.8465001736014703	-0.2463167246466076	3.175346269747489	-2.6287306992102297	-0.17697772945025284	-1.6036855563794545	0.2863275355341728	-0.5382418114776186	1.7140022193676274	-0.3949144737484316	0.8173516260665298	0.9748335191728316	-1.1864999996685635	-0.5152625899056683	-1.0750960841455033	-0.9579050143938842	1.232775735793998	1.4701375642012329	0.11295337157198854	-0.8290025825349563	1.7271749235621754	0.6091867616426219	-0.30744668754702	-0.46619823586795145	-0.9680690625347639	-0.016842858308963985	1.0138532427866165	0.9092954224344912	0.20191349530907104	0.4704829457760255	0.07262283643339235	-0.47653469209826116	-1.2860054524519962	-1.5864562071482882	-0.820972901417785	-0.09109542646206681	-0.10011909533989023	-1.1498569021416802	-2.110634396136852	-0.8592473470287574	0.7331209555032178	-1.833087484869045	2.2740964486450554	1.0546754385459134	-0.6192689260944646	-0.9594701807135505	0.6815778351788245	-0.898731095600597	-0.09291501306529096	2.136526080608068	0.807763723996208	-0.48615872142207556	0.1527990107543961	1.2075017829406816	0.7949789419563306	-0.7824449646048388	-0.12441375793690784	0.33503741356025596	1.2379729776288564	-0.6005800216456254	-0.2052327382752687	-0.23636973311855103	0.9611198065722008	-0.4497805617265717	-0.9155054336470776	-0.18191306990620193	1.1725250053721121	0.1749723122189058	-0.34988899201479007	-0.08779220316342219	1.077792054934331	-0.7608041937242984	0.5202755511002898	-0.32724599711433594	0.7430858509147404	-0.9808467669784755	-0.3867450380046216	0.5725783894224342	0.31361775877451725	-0.05041025422114951	-0.5304444119787879	0.21433956922188296	0.9832815819610216	0.30097620750665766	-0.44609661803466466	0.3330767548251354
DTXSID9047126	-3.7987937473773585	-0.2728232822607791	-0.9909835091876935	0.9048914537886471	-0.3220977902471453	0.5744851601552703	1.0334019002251373	-1.83439211165156	1.9105056623602086	0.07704498080312273	3.8819079806542116	0.9865269808459385	1.3685517952877742	0.8835159642157372	0.3029767986691016	-0.26424892352198226	1.2609676751968992	-0.29339645830779587	1.1494483020923827	-0.0680319469871274	0.1320178390288677	0.7187866527156438	1.4606834318611481	-0.3456760035482511	0.026280701614076123	0.46931027685389193	-0.6838873241689507	-0.07727059278804337	-0.4670672871378322	-0.25488713178462835	0.3307592387343647	0.10834392380394955	-0.24682390297530163	0.021591797295897486	-0.02944277305150104	-0.15624161488728977	0.5744988105684181	-0.08831297025057479	-0.14616962791405658	-0.6151634586321658	0.8119396770657125	0.218190359125395	-0.209946891443119	0.36014029554910393	0.4680950657849553	-0.4001788222733781	-0.22913138553044202	-0.1971473733128322	-0.2703682518254583	0.2733109299036837	-0.9883078648831758	0.18248220024226938	-0.3356968778713938	-0.6826456708787454	0.3243873687497044	0.31581564208942625	-0.07064507733713114	0.2860780057196216	0.09139272972367432	0.5612213437282706	-0.34078526173156254	0.023619476660835356	0.6675800015083118	0.10209856248611125	-0.5047916633773476	-0.6041597203578695	-0.834621299165372	0.42859241759876354	-0.24276719151512494	0.4276110818065558	-0.3750687632979681	0.13752143330107136	-0.02183672032859561	0.5734768388821196	-0.45189492294254097	-0.2561447457940393	-0.5836006077430238	-0.048166713000442896	0.17121140323001688	0.08630410003550187	-0.11170803718757992	0.1884009647329078	0.36177935378573317	-0.21137818892331578	-0.5634704600130033	-0.17523077785956873	-0.06323355426891111	0.1527419971223893	0.09626785566293068	-0.07149214778974863	0.18723636503428193	0.23799388101847133	0.1638764977468566	0.027571968498032503	-0.28007349863031583	-0.46620504524396766	0.030233824049570673	-0.2600345389339278	-0.06645095347230194	0.2819405676801364
DTXSID3046538	-3.9087208729620997	7.809379771237735	0.47498569407028923	-0.4186971419417021	-1.2484268212758802	0.011234853079385355	0.7654466728841549	0.0896653265852467	-0.2717729912237147	1.474346601468912	-0.7574859014258042	1.3197928470286036	0.4166688034344764	0.011034160560413142	1.3032430298611857	-1.2593089970849582	-1.1613842688938523	-0.13886507919590466	1.985929773773537	1.4587759579741122	0.6145053507440013	-0.3861910435225044	-0.05011979610133962	-0.37349971448786357	-1.4760918395288458	-0.4511760898729681	0.2675065769250366	-0.10284552803750358	-0.14260434290695975	0.1737797928866608	0.23313101245832862	0.45423247105331327	-0.5477027807751342	-0.43091439792022146	-0.48386032987500954	0.4817002018714753	0.3431978000035785	-0.06110913445985936	0.5874036879888795	0.08030462798983318	-0.27097476657586633	0.2690534510915229	-0.12235405530765853	0.6767574830504398	-0.09607446488714695	-1.465738584290805	-0.8228476289321999	0.6634980748602194	-0.021731936305490328	-0.288460490719402	0.25937268982906675	-0.6417863369248625	-0.390805344193985	-0.29385532824998767	0.012902071878518922	0.5343975275806812	1.1042582524405449	0.2586743733568675	-0.15398454529451625	-0.937959969273728	-0.3891376319734926	-0.6048984494468522	-0.17942314889013214	-0.33695466163990206	-1.0984332785770525	-0.4312291619385552	-0.1881055754817846	-0.3687866101863191	-0.3151927012263116	-0.07003463238361084	-0.46415928197842576	0.9839104684069627	0.9325021290325903	0.9096359959392905	0.7808137532263254	0.7280294711767619	0.2606581352942427	-0.24373124249591055	-0.39596067981529437	0.6559998236199794	-0.8984335091321396	0.44677363018930394	1.0931010182137566	1.8849903053538042	-0.14760321460844275	-1.4069540432423993	0.018826648292448397	-0.6780629803082012	-0.47908212290292657	1.4709238219875214	-0.2510476180722051	1.7581791249978862	-1.1184455668401962	0.20835869204443938	-0.07179380635583207	-1.1774935929583827	0.19031633205869825	0.3066431849724036	-1.130703413735896	-0.1202091530654807
DTXSID2027254	-5.690618932541872	3.4413204841445384	-3.5249100893496976	0.7451402907362639	0.3406670648349303	0.23073285065708224	1.138394639322534	-1.789294065847326	1.3799315736044717	-0.33524592715139334	1.6320063169364125	0.7873629821439595	0.9489038231163943	1.2049352703423795	0.5607143862446413	-0.6077637841352129	-0.3289213434038771	0.7215001116543759	0.26634335062818204	0.7448339213248967	-0.8181443790982897	0.5377124393218717	-0.3134830133515093	-0.1677770503792209	0.00545670668227549	-0.2745574001852621	0.6011430530262799	-0.34230255493783956	-0.5897099640572593	-0.34179697625731514	0.3124914954820198	-0.006364546480008133	0.052445449802230794	0.18622637577519052	-0.1881302037246445	-0.10261281338270827	0.6507383726597284	0.4937849694891464	0.4877373654439119	-0.20907438381798982	-0.18539737567649778	-0.9054201234760381	-0.2614330751729046	-0.17411657323589616	0.4116761415478819	-0.7218459840558736	-0.3434913698601846	0.35201651423816027	0.39877040858254215	-0.16453230337814395	-0.26070577969387826	0.10189502334928355	0.13145547769330587	-0.43546046388758597	-0.6264639300661276	0.10333873403381376	-0.5142314508154889	-0.4066918957147544	-0.06105825497375054	-0.3180901624586166	-0.4635851933600459	-0.19903498013004794	0.1895111550637464	0.0382698710892414	0.24287541232621696	-0.0746744861422625	-0.1762110457197447	-0.14185164264475925	-0.09200946626231893	0.652362819814606	-0.6192900902514109	-0.44971494370269877	0.2656570806449934	0.2921891344839456	-0.3214579317303447	0.05846626897527062	-0.39755637608128874	0.44950700429216667	-0.05416597290839748	-0.17472878747718623	-0.021350205038610248	-0.681513296042106	0.3961901927634342	-0.04651468393973195	-0.10240692264571932	0.44752210354118044	0.3800608790413537	0.1507982630044645	-0.45335300917868004	0.3608647166571804	0.578177397896144	0.15417412276062883	-0.32965928118918997	-0.09828611405094267	-0.3069446570790716	-0.15091021872892466	-0.039885075615741165	-0.28338422638249994	-0.18848200789866412	-0.015392836182273014
DTXSID4041818	-3.297293161294149	6.719979469141084	-1.6458198944395421	0.09502815648163312	-1.4898247954972224	0.05297672940949656	0.33674544329143224	-1.1076904123911182	0.8766019212253328	-0.5312929083839311	0.7453690491867159	0.22671921474923484	1.2877276248498337	1.019413913688838	0.3310660596857955	-0.018864508298214813	0.046897697066928055	0.9989941025358853	-0.11237791491680169	-0.12948784074213007	-0.37960336764727937	-0.12401714559172686	-1.057442279036439	0.2911524206372611	-0.18913742319343493	-0.5418054932895606	0.7182143658733402	0.17981258401602015	-0.5252625431176398	0.30765444538311143	0.2772217532515737	-0.012927142463930043	-0.3057072338516945	0.29473355472766993	0.17282720640359928	0.1432446478705754	0.6625981147420755	0.2510130914182636	0.07370494475881152	1.7500911543485835	-0.3334216170684636	-0.4765651849809619	-0.2258145190080229	-0.13879224506993812	-0.13258286993805385	-0.9962942888544289	-0.5763835134480666	0.022184828007162576	-1.135462235816681	-2.1074579675476293	-0.5761603418259584	0.5232746591980121	0.5960977427214867	-0.05161455624604378	-1.2002439498963082	0.7446293385254897	1.02145408985654	-0.7528307235021668	-0.624016400705537	-0.46560994387756766	-0.7272599253509773	0.2654251553330671	0.6492395450636198	0.6085259074460276	0.9203407187261515	-0.023125949952632494	-0.77888821082535	0.4449542345371232	0.025751076888435302	0.6028239255504484	0.2633771002593001	-1.1027154500732494	0.33160578651610345	-0.2264972945712569	0.8317377974196702	0.10233072218817366	-0.25590988229337297	0.7157852369540525	0.9145243792237567	0.08461358701931357	0.5113646993967035	-0.7698786094350861	0.5314536449756158	-0.6134210402149364	0.6713938154590003	-0.5493551303639137	0.29251842528142646	0.13321984103370546	0.09510333210399594	0.19982640395016446	0.7598858789916421	-0.08732156769171143	0.2583970143814267	-0.260501050112893	-0.07702794709960376	0.36906924029675997	0.12440329301637337	0.16484546531118638	-0.12961915393941595	-0.2141346372931278
DTXSID3021726	-6.031378723102191	-0.31794414151758843	-0.40532573326548776	4.789857811257948	-1.9762115389272272	1.1046231017713597	0.14712274796492072	-0.8200055238221756	-0.5405548190177139	-0.7401029071298282	-0.267092463582505	0.4521022377275527	0.9153396219948483	0.6157868515203127	0.5924729455223482	0.8812565758939804	-0.44415580027612733	0.09643466807209185	-0.6129520685972214	-2.1554940754782135	-0.14327377570411165	1.0090289958976517	0.4743093916582382	-0.3836705254330501	-0.6883883718476556	-1.869784429507757	-0.22641720092434942	-1.7104069903363113	-1.4231740246572693	0.47260029083661603	-0.5988664603786991	-0.6548218468995061	1.5642924069841708	-1.0839999069472852	-0.05313076748101126	-2.111687539834426	1.7141520705826452	1.2466557059255963	-1.0102747138649435	-0.7362025037179302	0.13236784391647194	0.7880981782442166	-0.9004290632519729	1.770783035426954	-1.7427775798078537	-0.9312646419057425	2.474656386104926	0.24122217267840243	0.4768124993476483	0.7937145305436567	0.40225150381516916	1.6998768172434044	0.09565944383963985	-1.577649040694832	3.26290106860801	1.8231890841715992	0.9437951549337602	-0.7987474005267102	-0.7160990972514256	-0.2037511248204615	0.3672819785342884	-1.3245511759230644	-0.6914347443315143	0.07153368912084035	0.08203102035459683	-0.7769883528666819	0.8964923429250922	0.1947410287640022	-1.1036623787303468	-0.07696087553950968	0.03725125437694212	-0.3784699566579478	-0.02503320200837988	0.844616469798961	0.38353851742874495	0.7992938527865798	-0.14206924832255674	0.04463644821071932	0.3533744572861985	0.1135606628808858	0.48483628268059753	0.685138663620474	-0.20634405085981908	0.38618653414224285	-0.556099409213171	-0.3317115208254272	0.7980944926691865	0.33705904849638035	0.13895714118378066	0.4918777755807729	0.12954529317994196	-0.0065162069256099	0.5895840316743677	-0.1646126877427131	0.3288194332450642	-0.2733445641616121	-0.2857157037980774	-0.48209933742157207	0.24325912610657272	0.2809211127831046
DTXSID8047137	18.843084254179345	5.337705180422038	-5.722638929133975	9.523171282685203	-0.8582665867953455	-3.2842028486450654	-12.01773350284397	-0.8241552446370565	2.895447155425109	-0.1483361069526309	1.481505729006148	0.1641345065695949	7.092950778227915	-6.193553701558198	-4.643681121452539	5.8570542843982425	-3.1266438235761087	-2.41436966592626	5.379255216110559	-0.8554532025795576	-1.7491921723268775	-0.21261335749590263	0.1934024796212131	0.3490458122739959	2.6296082580800046	1.0908250535079547	3.5491791469463823	1.0291369924941174	2.1138523013009327	-1.1495587357147645	0.8656374462591105	0.26288979675719204	-2.4081412394721937	-1.855742481732431	1.582561605998742	3.0924052799683315	-0.9794905756604735	-1.3190958695145416	0.8998275874970126	-2.3221834807230968	-1.1051757361019987	-1.2586638474201368	2.08478645856398	0.7531941052117823	1.8136477967243678	-0.8575492058005499	1.7694457355175133	-2.8315464184522825	1.6304241870244491	1.0755741020301233	2.5267264571099455	-0.9878498548032915	-0.4026414764556646	0.29070868909588415	0.5426477037919711	3.348323758785453	-0.2744585067441212	-0.06403546521458016	-2.261713183358709	-2.40524627324333	0.4704513331349728	0.08690549820614334	0.06924124662588549	-0.41170067762410795	0.1719329973254776	-0.8393259988046231	-0.7709400476574045	0.015134704003722502	-1.1590503212604681	-0.48032857462591116	0.47879240248290766	0.12935472621173186	-0.4021373730480691	-0.277637165913979	0.5268404028263685	-0.6676903428342725	1.0538865029438647	-0.5836532685549065	0.3073343523968536	0.5018626034021766	-0.38957763310578325	-0.635498997172997	-0.2679517370910565	-0.4994365703814566	0.5633063138663702	0.2952889131983736	-0.7646967977056284	0.24749443131458052	-0.3949187219365783	0.26593642716449295	0.11829111257108081	-0.39893211942361434	-0.1699535175776509	-0.0852348776682048	-0.43081066178523036	0.17231068524317777	0.06757054582942602	-0.5433179501487673	0.2642769895488645	0.06692186420411449
DTXSID1023071	6.13906031772062	-2.8154196623641212	-0.36490243026458535	-2.380874122834162	-0.6748765581778594	2.1556465745283107	2.5722629351006736	0.16674646882971617	0.530052949195027	0.025791422630283112	0.00178439679012279	-0.462266776179901	1.8069900513482382	0.8122539701025193	-0.4769246754346155	0.11155136359426539	-0.7074066045597618	-1.1862789125843527	-0.8105215659843142	-0.6153227883976956	2.6369760938110343	-1.0078371836924698	0.7890041653617713	2.664333575658432	-0.020864072733030672	0.3778358230467758	2.0569670705195224	-0.5012690278007397	-0.2873508362004403	1.9499189463247297	-0.21043069506139295	-0.5016611896256405	0.8076289285161139	1.4901620173648176	0.363054005679627	-2.162991302476417	0.2690648159088976	-0.23764369253383505	0.09122998810501369	0.19068249329306725	1.1328653257436554	0.01057359842717501	-0.498242492694515	-0.029135642405405258	1.474182026726142	1.2968261275832256	0.43099909328221947	0.27946611128910664	-0.9707349091643616	-1.0737600182394726	0.21408333637019547	-1.5167794572916382	1.1211849241531877	1.956598176436599	-0.9351479102641901	1.3041729197688239	-1.652821191312913	0.26686490107840266	1.0860738103093959	-1.1727204696241778	-0.21827403517296523	-0.5830035929123225	-1.3856878633040486	-1.967333633477249	1.64312001343334	0.2773453308460012	-1.1364819352422155	1.1526081156537347	-1.448392920889814	-0.6420564639181777	-0.1598065795044588	0.8631130492527419	-1.830010779194644	1.550775781797721	-0.657448017467242	-1.3953066322850387	1.2840885287661798	-0.3360063946769675	0.3975786663204759	-2.0769673049433774	0.08918911693008663	0.759412363985951	-0.4812032009213379	0.010731151108798206	-0.0010989141188506208	0.4684140442792763	-0.46078119787931154	0.09058604549487963	0.10402246165942572	0.2680695867660159	0.4117946880970795	0.3768692093223998	0.41959247223316953	0.3260563345351206	-0.04982100223343648	-0.11871839265687327	0.27170228652977346	0.573515416344338	-1.4723743317068012	-0.4594020206385808
DTXSID9046867	-1.783956939850988	-3.080619192237416	-1.1036984400853287	-0.8593568991354233	-4.028270422471804	-3.2644728160450684	0.11560544160442525	0.957043743440887	2.446012257618417	0.8751738361527687	-3.942343158557184	-2.3852851913605146	-0.7030484741015898	-0.27977670680380784	4.317855132876379	0.5338839339492683	2.052486223262484	6.033588940755751	2.259407237544213	0.4736694812929397	-5.156200477388014	-6.38335965488083	7.192170788279064	4.08018318438146	4.552050477762988	-0.2522105161895198	-0.8805101095807886	1.0953996618328883	-0.13738177972633397	1.1390157787978616	0.396804379195837	-0.5114949635788973	-0.36090910998395714	0.16232680252602644	-0.2311512355175166	-0.41702557152623126	-0.209231998402891	0.20898851228755344	0.28353477183552894	-0.43937581674874965	1.2301761311749555	1.5568426225334644	-0.3119982915309184	-0.24820394347576202	-0.3737914502596134	-0.022055769499768643	0.05742699537100814	1.7329633107297429	0.5841395600460443	0.0731904270010401	-0.6873197509624531	1.3909674811584118	-0.47283361946287583	-0.6874200005964585	0.5863400093156063	-0.40849497190756573	0.4451652783765087	0.08900656337522538	0.27961506156971583	0.23400577759223737	0.533199958337737	-1.5346985383461342	0.029916592216183747	-1.2197291500134777	-0.3490624394276541	0.5806178789883953	-0.1601354680961752	0.569564592185956	-0.21276029377711492	-0.29143973246292054	0.0651727299192119	-0.5275162631319856	-1.3374176155835968	0.8291347830960473	0.5160230438591377	0.4106568900711493	-0.1791676046569363	0.487487199591173	0.9223084763679921	0.7804142692912029	-0.1389255228637176	0.5303636562427577	-0.2987971509964291	-0.08020127479378443	0.2020621895011007	0.06756587812452462	0.0480344952263458	0.21215307822728532	0.5395073547257494	0.44599041499893466	0.024030179085839425	0.017469634470634515	0.02628386150193542	-0.570185515679951	-0.1703926235701475	-0.27244958800969626	0.3409846678299053	-0.7911118035850515	0.07654074434300887	-0.4210554621766047
DTXSID2047725	-2.3357146366577446	-1.1960246159877774	-2.189658327971903	-1.9042639287143173	-0.8322102228347089	-0.9467560124846168	-1.876138646748248	-3.1285886649416845	-0.9905527337473077	1.782257020245928	0.15558006471251032	0.6572741094271538	0.8785307858977185	2.067914610026063	-0.24951960136326343	-0.5685003721002642	0.2728231191743178	1.0961671536513546	-0.16571350393629095	0.6806775468927453	-0.4184034418794256	0.2966127685727369	-0.7142150403001362	0.30267168893414265	-0.1946652007972815	0.42233656404699654	-0.48363304126710654	-0.3607518255306974	-1.3324885582091675	0.23222416733866855	0.10459485285998263	-0.21346773397648433	-0.1972752233983894	0.19264478165254148	-0.2144358960746054	0.6979466143942756	0.9746546546871783	0.4941909522147906	1.067930171543074	0.3872685600962774	-0.7180679320056497	0.39632602537741546	-0.4811944505681669	-0.18423919092901805	-0.08799099252208435	-0.4390285873947256	0.19573028665377623	-0.16771893333100907	0.7145056766730598	-0.3325615732859172	0.1895053234030295	0.4368383030157705	0.2985876123965424	0.7602172789912751	0.2686230556338312	0.2541692259955249	-0.9138085348797869	0.3187782351283283	-0.03581502373540873	-1.1793260697363706	0.43713274033995825	0.13276086682862887	-0.44152383840039783	0.5950694056534017	-0.6419486985570175	-0.5434376121958883	0.12610775534678034	1.0399180583181165	0.8487391663114466	-0.7242540989679428	0.3524297916332066	-0.794584377779465	1.0895489466348778	-0.3457944062674844	-1.5300842862688608	-1.2967786624344468	-0.8514101850633842	-0.4322822135538182	0.8147774801837719	-0.38511827880113314	0.04293087342283763	-1.128926821677849	-0.04416806558579774	0.2291592227728186	-0.7069274903470678	0.5492115701842148	-0.15005306597593948	0.33236078341768577	0.5222533629687097	-0.07650005543848648	0.36179119992361836	0.29771305521875113	-1.0215746659320817	-0.13183162465449558	-0.08472386993626718	-0.34089206433282215	0.6628200458109789	-0.044490812479695656	0.46110131399672194	-0.328588930910796
DTXSID7047691	-5.459135070710734	2.7416618453866137	-3.0044794956122605	0.6715591187866411	0.36766263710783437	0.31272275606958533	0.9012718865657319	-1.9596327872313106	1.3515651382753855	-0.36352317747668	1.8696386475302804	0.8961699672018938	1.1955377432716197	1.126558665460614	0.2890783423927933	-0.591338141773541	-0.4339307021789372	0.7740017048245945	0.71086591351267	0.763358921195686	-0.4879239761107585	1.0051443049940658	-0.3156190885658207	0.11401712723440635	0.27937767959621745	0.09245886525863377	0.13074775755594648	0.19007904214236315	-0.019445069403278257	0.2817383810806523	0.2353775256522148	0.3814364299153001	0.3665395120923722	0.31445284839171317	-0.20746868770379218	-0.11888255114046982	0.41447685634276754	0.2772347525419985	0.27030080972302806	-0.6426741676019563	0.17815899065916946	-0.4929001549761488	-0.2912044863376238	-0.18786400493922376	0.4280307192212542	-0.3635698469748542	0.09713687905048159	0.25152367858859004	0.10249986170441822	0.20869267600287472	0.07635630126415588	-0.06814635872436096	-0.17259676780516392	-0.6493696070020368	-0.21677771792672046	-0.49510926787039317	-0.6816153248180062	-0.21933190799218558	-0.3293666301867825	0.41750424976769157	0.4309598882610553	-0.27402818014216046	-0.017144957162895224	-0.19288531849930474	-0.6136138593142959	-0.1590592265051186	-0.4093798562720477	-0.031778340356760255	-0.28996807893749055	0.5013206833511596	-0.8408687679761971	0.3245596202694554	0.31308335131489906	0.10377472975923638	-0.04171373964177507	-0.24027680557497916	-0.1617048646466819	0.37701563898491597	-0.10197954392167222	-0.28094485288666954	-0.2980248004498292	0.06786633256859866	0.20643792382195866	0.11338252431694489	-0.3419905773133247	-0.2643789386915532	-0.031474635138608036	0.09275614925016089	-0.03467924784702841	0.13915338065806226	0.34887738727999323	0.07735574135145142	-0.43207790749829483	-0.4825909630158816	-0.13309553521610673	-0.06830852555244181	-0.026646143381738343	-0.1228036624711495	-0.01283287957908298	0.28179071071790524
DTXSID1041425	-7.799023431950173	3.982575375995179	-2.5645022445999626	0.794884280957856	0.46253781332408106	0.59767358904256	1.072148061920702	-2.289677367974734	0.9177921028767954	-1.114326907752877	-0.2049453554931519	0.6317905657974845	1.7978578871000201	0.7830190856816631	1.0748764202934122	-0.1269128064639631	-0.6091735442184335	1.214923522095171	1.5262287716125924	0.4893875018542423	-0.22525559070864226	1.0274194022944132	-2.2814037665889586	-0.37460740336725595	1.7290896965855165	-0.19465937009964854	0.19748688625321023	1.0380439815524378	-0.9324845614169706	3.3772118954294617	2.347375005867062	3.0862269922563526	1.8709549065329727	-2.909334289918686	0.15918381780450688	-2.916148361898307	0.5413129347112979	-3.410982566568061	-4.12279438522419	-2.0212680236276808	-2.053612803720324	3.228272628097346	2.002489992736767	-2.8731517528544233	-1.8617018618211707	3.120545316172177	-3.6595263710057653	-1.508516960147028	1.7471199879742416	1.958408883962904	-1.1494093144744761	1.39088854718369	0.16174826259500558	2.122729168878855	-0.8814541124743736	0.9357391191376119	0.9083096086432767	-1.1298585037853812	0.061542530255119625	-1.3689639220815628	-1.4135705387256465	0.2683259220343541	0.47434156605628214	0.4361420425743668	-0.1106743493171906	0.3532220019820233	0.2614951865700913	0.04893324957481244	0.026519584264247074	-0.4213577290789201	-0.08998175018170655	-0.16860892150593884	-0.1460558722825967	0.2153321023382325	-0.013698339195555284	0.03312658021185125	0.2797238520416366	-0.18857847762514368	-0.29125929490366376	0.033841472820797566	-0.09575247971294344	-0.4572398462853884	0.11702435021226458	-0.0728805445068534	-0.41550613408890297	0.05396885152764787	0.21313545734770717	0.08431185036122744	0.14200339218028596	0.3438000371759246	0.04485172805101179	-0.13942089853653264	0.025377438522989636	-0.0841071239147178	0.3310863957565009	-0.04977630059504317	-0.059142708664460204	0.17574044560171145	-0.15410749022471493	0.027454657574667213
DTXSID9028120	-5.388114325875008	2.752290191891321	-3.039461642755862	0.9351582543651179	0.30770538004252906	0.5473006576962716	1.069842871133912	-1.7830156513734583	1.633694807338583	0.0770588835814344	1.8222485244255269	1.0696408696617352	1.4495069905743083	1.4602120332526762	0.5607068904899157	-0.9266844444669665	0.2332165040693353	0.23303523568956994	0.2055690810880544	0.3681361020524149	-0.6067597495092298	0.20943207434884217	0.1458314526517403	-0.3333763574648461	0.28326957985259504	0.610490329684325	0.3208311139519203	-0.42002578964389176	-0.15363260431026773	-0.7451602893678285	0.8804467549695688	1.0734719684514453	0.0436234641115073	-0.613900274345439	0.013455954997547325	-0.40497001061642507	0.5196957293751573	-0.018213327778243013	-0.03140310341446325	-0.563992480674033	-0.19797236051286718	-0.6423702376538404	0.03216373913778848	0.5235948771677419	0.2449927884117371	-0.8060933734269238	0.3577636530269205	-0.03601443516730549	-0.11958760482988348	0.32121908118970705	-0.23437031266053565	-0.5195109920726704	-0.6932917144835191	-0.8064069186881258	-0.15797315945637916	-1.0368219837212502	-0.6409692731780664	-0.032236272354619344	-0.02591134878545553	0.08670041473344428	-0.21256617278112036	-0.36998964289459285	0.5162027920661765	0.6369056148045139	-0.9182829029852677	-0.36518553430670697	-0.6200616815856352	0.13230798634875698	-0.34347685457904537	0.4055798143259958	-0.37446311255988063	0.4583502871859671	0.23051303965686004	0.6463967811088719	-0.49308631703814326	0.12790415015440934	0.25998917038092534	0.6744566306468744	-0.8124149267832949	-0.38790883213166844	0.1395070878502291	-0.3854633603183936	0.05712481444729129	0.056636106888298406	0.04832012626534091	0.1757915018785344	0.3651827760743349	0.0010578073662199149	0.11263274689742257	0.02993855388681917	0.41412642997720356	0.05439618765974294	-0.3639413765442719	-0.16305561582692757	-0.4227139560030185	-0.12559579944465696	-0.009591925567293965	-0.07034337721264651	-0.25885103255150405	-0.029730898115849246
DTXSID4046498	0.8782630633349662	-2.4353616802011997	0.8318788487481734	0.16458106285575927	-0.18155188986959409	2.206878551921088	0.17367080636802154	-1.509117579024112	0.6428662471017924	-1.1174118669210271	-1.1162146315330952	-0.9585499275964917	1.6292075248084954	-0.9786433867633136	-0.6262517773334313	0.0594235953930179	-0.20355495481578398	1.0325364108759592	-1.1864716542604479	-0.7430782802567691	-0.7234901248298524	0.11454325909671759	-0.395700555463888	0.08143023103575661	0.23805228925173955	-1.1070662373446127	-1.0348843492866038	-1.213107815636062	1.5964004597285015	1.0632963636803878	-1.536438710882456	0.7713931016119062	-0.7039287737081182	-0.20561135015126522	-0.7115405388754313	1.082057944354787	1.2476674962265961	2.7304105632089417	-0.6116577295292597	0.9439260068005705	-0.5385214683563712	-0.38018214787317106	-0.7160943127497054	-1.3871288631855039	-1.4701660696149532	-0.3807771285036161	-0.8541168052382764	-1.2092460082758876	0.4656597815583808	1.0885859291010807	0.006862993341079666	-0.8207457652152562	0.009295809724139585	-0.20780851616286397	-0.053932862148615236	-1.1783273526770364	-0.15846892364778833	1.644745018651417	-1.0461800449082954	-2.0330665255666784	-0.48713341323445974	0.3995235108644469	-1.0308297590958944	0.7340146850308678	0.9024882619526482	-0.6463245950072293	0.845793511154642	-0.3915711159155152	-0.18038535148455054	0.6829523772898712	1.082713393675465	0.028186771051640098	-0.13632249193493184	0.8354484979944641	0.11005252552566487	0.27113648502510623	-0.007778010453416831	-0.5462331122924259	-0.8419631182761628	0.26748521820133964	-0.06797657931481171	-0.6831212327530963	-1.0451810394931298	-0.10985438254538402	0.4913993508314493	-0.347462905087572	-0.11554410855739208	0.7265743452668808	0.6715688259643486	-0.02647183413496051	0.105725018409114	-0.8115206162158947	-0.5564628750907974	0.9060827900792497	0.29547252504227545	-0.18833822950999984	-0.6090407080449081	0.7953450623999135	0.1165629297754857	0.4848637578531929
DTXSID70191136	-2.8631447701977875	-3.956605013552324	-5.764789622457993	3.8408367060118143	-0.8961825260528039	-0.6872990166112332	-4.937391996191029	-5.16483823288082	-1.0917055738206218	-5.169181464139528	-4.370240193823801	5.452780246236349	-1.7391289287557714	2.41976066547301	0.6758369694074153	-3.565063365196459	-1.610003914357674	-4.747416682787602	2.841282045083485	3.3625048711198806	-1.259468110296243	-1.3087518822090836	-1.1687285352168204	0.16789401011923494	-1.4962517042006596	3.4857304394116846	0.2443385417803148	0.1668338544146825	-1.856467420421158	-1.7965377910657978	1.2524717918485686	-0.19750968584093567	-2.3564628691604375	1.640410803844797	-0.9855050322788798	1.3989796518995954	1.7335320319207201	1.3096834092063547	-0.868670740141766	0.9672784598024382	-1.2019099482029902	1.7833991813446421	-0.7462995853012269	-0.9399185222833925	0.5273951843497569	0.14594179188232306	-0.4861109634286576	-0.18721528382470762	-0.8537319886788088	-0.41180650565529503	-2.497977708426744	-0.7299353499527239	0.2820843490292641	-0.8152259711015812	-0.40322061166498113	0.6149939209205977	-0.7061567379723378	0.8867765109512947	-1.1286672102090374	-0.2066026337390542	-0.21767038921157386	-0.18410569365673735	0.14755843063576138	1.1159411186320496	-0.2917815656533882	1.6142188214371043	-0.6916213639433935	0.28911818507831466	-0.17017678658911434	0.3383306643116422	-1.0382599265886792	-1.059405387288968	-0.1364532196464714	-0.3561756840589247	-0.47819228532155705	0.2211865197757113	0.27858712955436854	-0.2078392178660856	0.43062676568607017	-0.22027264789026588	-0.6747874939525357	1.3916154419518563	0.41051993363505207	-1.2761569245024447	-0.37543256719977264	-0.5144045496913863	-0.7987758938014491	1.6315863913452013	-0.3332363534580441	-0.5451052332766841	-0.4480865031170952	0.9088451811554084	-0.1917087248809962	0.2296558407574887	-0.22020607978103138	0.6673864223635326	-0.521327151385925	-1.2785313396855364	0.7562838995624239	-0.827435958723306
DTXSID9034864	9.305551179651856	-5.8210155785144435	-6.669561826540712	2.8269658683166132	-0.8467850925239422	0.9312910408155678	0.8774088905075067	0.7591631185191778	3.9739812121934417	-5.20035717094457	1.2862447408842546	-0.8187472348036654	-0.6120137766144261	-4.966198377269744	-2.164787799286532	-2.7995789384546703	-0.7132373174582153	1.95553068091415	-0.12052171493133537	0.8617269672263622	1.2576797467515823	5.201894345320361	3.0530413683557818	-3.4388545125838244	5.095555190859682	-2.487527585021298	3.085768701509883	-1.9586674876116417	-1.771350336217615	-3.907912682360885	2.6266301309870013	4.508488970796199	-2.110471782324083	-1.0643704278920065	1.083460875454466	1.0867511649467334	1.1167133131814007	-0.7400790367649198	1.6303883121340719	-0.5692868977386872	-0.3838667769589501	1.1894816783550235	0.7823769217783716	0.20328082651195337	-0.5062051621955487	-2.3283252397183767	0.5013767456575603	-0.13403577583546933	-1.3682019428795713	0.6563276074837807	0.737827786064683	-0.7095739632182116	-0.5656108768672791	1.4960712816751922	2.1070339669248446	-0.4052795896434142	1.7164203081416671	0.9786047295283931	-3.016683855292086	-1.3998730880938077	2.8693758137976024	3.5677498624429456	-0.6730101176372162	0.9754526210916208	0.8353143667512516	-0.9517176192844006	-0.19155952299358986	-1.9070760076865005	1.7800805987110315	0.4095318060692038	-2.9260405774316123	-3.3980162755492116	-5.267361753468392	4.498132729789087	-3.422110453665251	-2.666860946141256	4.136801683177473	1.7085986337111123	0.7841254390309332	0.3859652061914329	-0.9461017951885092	-2.0527336391294955	-0.9858118594582831	3.3066140682606044	-3.1266671077709898	-2.0037426521701556	-0.7494822952420352	-3.1595506206293	0.5846216370763093	-0.9174000904490447	1.8918899575952874	-0.0570360094055142	-1.444736176733787	-1.53533905523324	0.9906617638352838	0.3287282845472863	-0.9196259096632454	-2.5347879089187897	0.3208176921313248	-0.7127187771827868
DTXSID7042514	-2.928043816412094	2.5237347025103234	-3.1718813288310224	7.917502537869511	1.604738918628208	-3.8306386646113775	-0.7412251049396554	2.312439637309075	-1.4884856119642538	-1.006834400483434	-3.0266503598594543	3.6758712144503516	3.077459794214509	-0.36520917501928163	-3.3733423637350697	2.1858483518364764	2.443185236115925	-0.11650332957413219	-2.229338478841451	-3.1396515625978534	-2.0884755996939224	3.58254219719231	1.9488722206125044	2.063796018990796	-2.1267907137613924	0.44130684104006934	-5.205013681716758	-3.265368884715412	-1.2798329796496153	-0.5933596765032482	1.9711199551226133	-1.6725694854902948	-0.27199233678151996	-0.6549994971376842	1.4806165042404456	0.8210798017823011	-0.4583839034100067	0.6588665367315233	0.20860047484372116	-2.877551658591322	1.2357472974907464	-0.8341581959291358	-0.39203583827952826	-1.4736367955265175	0.6907291523586991	1.680790935276732	-3.792307608871039	2.3713336329616	2.511146079414753	-0.37104269797057715	-1.2956981609313845	-0.1810372901928429	-1.1429819930459666	-1.3770864188336522	-1.9779960859425845	-2.2504411027210574	-1.6425526931831853	1.6283982484025068	0.7315505463013354	1.6913278486130385	-0.8220530491272653	-1.7934870085781172	0.7674582223341901	-0.9613579284087771	3.0295290266465593	2.14003591945877	2.147777810737143	-0.5836830000567602	3.576851447237855	2.798745702010709	-0.36651762750962663	-2.9693791999198753	2.3810027029348038	-0.73977207420244	-2.0509737262484657	0.604384958852567	0.755059914781049	-2.0926047482997334	-1.1578438523686172	-0.7515342345041919	-1.2534261592477414	-1.432107346283743	0.2507608330976587	0.030305087726926035	-0.4389826877414421	-0.5577055197668708	-1.8920306076047053	0.16356783186118182	-0.29496406903090283	0.5611785227792705	1.9838442456972072	1.9300166020456981	1.4610976068847632	0.4196726295254908	-0.7692568080269198	1.538543841964534	-0.5490494379573296	1.0581669958255113	-0.03029817264284261	0.4589276909246325
DTXSID1040667	-4.727648705022807	1.7572365661387839	-3.522480725599981	0.41994048428547104	1.093394769967731	-0.6095821717166778	-0.9952360995034375	-1.5834192634702855	0.4933573433852382	-0.21902282290357578	-0.15250681900416246	1.5497596431752076	-1.0354228479176932	-0.9383001031760625	-1.3211735448597488	-0.9683277262005447	-1.7751325319294653	-0.11979160243004637	0.08633491763612956	0.69272400202341	-0.5981821503983729	-0.5737563792120398	0.11392780195798671	-0.14823410388356353	-0.8936557195441333	0.4057915407025302	-0.33723964935774825	-0.13910368384185096	0.7023048886506255	0.07113130949128527	0.8598526818877149	0.254665528245576	-0.2078322513546169	0.5780014317688049	0.7075196913666102	0.11327794809516052	1.1906063041578914	0.39078581995474465	-0.6826261797630253	-0.17870010045981974	-0.08869640826737134	0.1643816994427225	-0.18286968483916916	-0.3107860394002037	0.47863359141571415	-0.006276950547584014	-0.12017920411155322	0.2915134698834014	-0.21557034524129137	-0.37513609993394575	-0.5700974885638769	-0.12555499737802936	0.710298682790902	-1.851957832188202	-1.2358767892015043	-0.17520923357096113	-0.37977766825668724	-0.3149210198763373	-0.9848387597200798	-0.21121267871629398	-0.49065075482074444	-0.03322186221900483	-1.2177381918786603	0.45463422425117944	0.2741323151725919	-0.5184896668639808	0.012897299829864588	0.44135663446070633	1.0543127077834777	0.7329280348509197	-0.9733056736128877	0.6600432428310159	-0.5898033028556345	0.8951344432626137	-0.1278660384408507	0.348639319173714	0.48200147360689505	-0.5432671972997632	-0.14450611903546207	0.6099782020182831	0.6375260679320963	0.81072542628653	0.29426292232341206	-0.28474738866291843	-0.11397172741599182	1.1458764548513076	-0.2704900163296053	-0.07669906153314247	0.13224613318328288	-0.3684766885885737	-0.616216507131618	0.05237324279003147	-0.8459702396360808	0.03308885525327786	0.8236196780438223	0.1572186596621991	-0.621846778179051	0.14335431137460378	-1.077042612121849	-0.2956455033908945
DTXSID5046805	11.43755290152255	8.28844448042499	-0.6496369419845659	2.418084048689661	-2.1297471226303437	0.5125595732187853	-2.3076187092333695	-1.1089793028963317	1.2392393936433603	-0.2443223921879271	1.2876218647880526	-0.6164715548383971	2.1636342418650747	1.6832652077822816	-1.173829525409731	-0.27260912567730516	0.6008044979374806	1.4538229470333601	-2.0107529012079115	0.3396195144056492	-0.06632070935278674	-0.7996399880151653	-0.8917635322529347	-1.252137294324723	1.630919867013159	-0.06119622135349081	1.6686354930394562	2.003485918248278	-0.5635400364107035	0.4349248383301736	-0.807934213316827	0.9599653698722816	-0.06859191411408078	0.8251182085096289	-0.30351372471601973	-0.711110719513581	0.04027150570076096	-0.22784872025958572	0.2031517096559828	1.9965085449534943	-0.033417065770590657	0.6121865543647976	-0.2050667691530958	-0.6578133468544874	-0.23198728856654324	-0.5876964195560094	0.09734089012876752	-0.471773149191431	-1.2060634244191502	-0.45260216506915035	-0.1970652931139727	0.7156956175792626	-0.23036378944081257	0.1056059323125167	0.7871251983370134	-0.49974977655276326	0.23056576528747508	-0.03498633641503883	0.6013853555973412	0.6985632656478781	1.0277987833361328	0.3262887983433781	0.0008894567199285551	-0.43881476669770414	-1.128426942668455	-0.0534166382628103	-0.11837335314966342	-0.07313048963689868	-0.3778741398509335	0.23188806166703513	0.22289718680821197	0.24537905021556367	-0.2463979547014761	0.028619648551364375	-0.4460561478835904	-0.6848186211923597	-0.8572450567321338	0.2492553788595056	-0.4699670175705351	0.13724142591404628	0.0700341644771837	-0.410916339569133	-0.6272002803562152	-0.4593865687519882	0.012614258863169516	0.39385693378588477	-0.4582544134216407	0.31793941535052117	-0.48452853400037216	-0.39512450835398133	-0.8099605195441253	0.14099799629834925	-0.4970828057829667	0.7396503553437425	0.38312841915690005	-0.5066278664724269	0.06354536596352471	-0.3988251242362033	-0.12054927399684386	-0.34501376465964306
DTXSID9021683	0.6067099255357683	1.460096310060453	-2.1624391636947324	2.5607868822590842	9.250394994643008	0.5459065543082142	-0.7887579174479857	-2.3836549639311952	-1.2995655006481335	-6.455306010234015	-5.306826577285209	-2.838439860801103	-1.466378854968899	7.646153244807327	-0.7980434472225838	0.2536615889069231	-0.7127250415691708	0.4673933176691428	3.892453848994622	1.1474299381357687	1.664197358612318	-1.2632340402877311	0.20835967719215023	-2.2678456515899676	0.17199772387623416	-0.2837239223364796	-0.9870618478934075	1.8393840233272272	-0.45275853732168175	-2.046889138985495	1.1328779410931955	-0.5745065689496953	-1.3741374974942901	0.4827338288911001	0.2730080209283842	1.6343364657711175	-0.2768821613128031	2.3836355588902305	-1.5758854291223967	1.0965006888542799	0.47656888563831257	1.5177164637737635	-1.1458698661360194	-1.3635926499925897	0.003798981992500949	-0.66716242081485	-0.14477363820672104	-1.1546193007995642	-0.5242909489358017	-0.3166609289861903	-1.4806602668526678	-0.44041738900652694	-0.5716800274307684	-0.7476772482211916	-0.9817934667712607	1.2218314597193864	0.49047496805253704	-0.0653541813806168	-1.3346060108491142	0.01196602010614871	0.26068785266932265	-2.1291444369123984	0.11019869889310809	0.539408008132874	0.8306303558585738	0.4067742995872667	-0.756880616597235	-0.021623286240950654	1.236242551066327	-1.1553744498135798	-0.013218797045960788	-1.0739226340601595	-0.2572717993419608	-0.47863512195928265	-0.6742759099485458	1.4072685990971252	1.0905171247807726	-0.261680840097559	0.3122174354758915	-0.04507136206638284	0.10601251999736058	1.0398821622080037	0.14706916315625318	-0.39461153612538413	0.7934727246380208	0.6913840123083637	0.526152621697741	-0.05570945006949602	-0.4713369341114385	-0.14376425615216754	0.10564871110779764	0.25773551305527137	0.626030840477136	0.4130944020071529	0.7107272193885892	0.22703013059110633	0.5472117032163915	-0.37830582847934724	0.28160524369725315	0.5109894704163009
DTXSID3033276	-3.2230260807085918	2.732713580234931	-3.6385984053497915	0.9336093174175403	2.2781037198330774	-0.7906189673196882	1.0201654684315347	0.11308280371968898	1.0907355894308746	-0.30826966580390797	1.344940910752224	1.9367241028830169	0.18315213399346847	0.8220757692960351	-0.4166446638063121	0.10194095150549788	0.5615112333257003	-0.04351791767821186	-0.23804847807362708	-0.7585050562637834	-1.2080503136020615	1.2961465874610854	0.6154359316744975	0.9961318445762878	-1.0617160339155673	0.21670538127266067	-0.5417753880982421	-1.2586510222527658	-0.9524939552057956	0.7036091713599042	1.559437274784829	-0.2949976671951718	-0.3603365217450682	0.07079511785817673	0.3523553204033888	0.35481696555843456	0.6510663323067624	0.8827928134734274	0.23346078943661785	-0.9033736364317801	0.11304864845546084	-1.2076392611606264	-0.34806337978931556	-0.4398051462147852	0.8476009031761774	-0.11322305663344005	-1.3449106728814753	0.9755598621635388	0.8667898668901243	-0.770139463793107	-0.4411565174751106	-0.6797324423967108	-0.19534393513784584	-1.2365839822016667	-1.4841815959672093	0.08818559060155202	-0.25792686363098266	-0.16822605492105866	0.9125298802075651	-0.35021118344090507	-0.5904720774928146	-0.11069213163670015	0.4679269766485072	0.1979988391821684	1.3807231630971235	0.5806435791636754	1.518363849036241	-0.17420568887453788	0.3050988188269004	1.1992331624588084	-0.6735749942039491	-1.2746349722578576	0.439296090237219	-0.6763286302688015	0.13328561346212917	-0.04506770783889437	0.5591696354942378	-0.4993321099024288	0.4356520943072467	-0.31042446924918826	-0.19522723934550076	-0.18467408930758974	0.3144920776707096	-0.3815456922172653	0.082465643993799	-0.36137366669059723	0.1972402160257399	0.22881683560643354	-0.37461890467626896	-0.13115215197175942	-0.6362361727155863	0.5328583568379677	0.1935858278923127	0.09689244170992356	-0.2536300427776435	0.3764490620150723	-0.44265366386659466	-0.3818151601951058	-0.015969449003204392	0.6632885785670357
DTXSID2052607	-5.366059612026902	-0.8633981797584737	0.4665644634380693	3.3703205415443436	0.618169067789254	-0.8179725355216912	1.2154413109031366	-0.23503993664966108	0.29701565023337545	0.8084123347233527	3.871979825979975	0.914627564287771	-0.5236350421200309	-0.24806188584941213	0.11501330593056883	0.5658061500547645	2.2620229484179997	-2.0662100516996933	0.6336678774854132	-0.889433010145496	0.630843514689241	-1.0219739850310876	2.1905191769014523	-1.4157373330756182	-0.32453232542958654	1.424212368717217	0.16753839484292576	-0.1890520062268566	-1.5904910601238447	-0.2864126776944989	0.7392426786467358	0.8861659175421676	-0.6619956193430201	-0.6642235286279857	0.09430600808899284	0.8142573679643441	-0.5996846883605708	-0.17644261821319288	0.13316892193401947	-0.39134629019682493	0.37319638492738755	1.3956315137521995	0.23631692773540935	0.7456307547010743	0.05871366368955594	-0.4025334105381913	-0.10991479180251651	0.1928028431179414	-0.002159689475647292	-0.7431690842830032	-0.33068705548236754	0.36413292388089463	-1.1069455160943626	-0.19838739730120097	0.9532953545378977	-0.9823424635976654	1.1523362856899206	0.7256722373065078	1.222647418034969	-0.29630681388848235	-0.3023770881598655	0.3142639569316306	0.29094132032875547	1.6536106538922888	-0.21391747222507085	-0.33567218022249845	-0.5364037559428689	0.9440891199471755	-0.12084939446304346	-0.04156088414293881	-0.2760044162300761	-0.15598362094454618	-0.05766729164825047	0.6918923268709226	-0.5258703718616294	0.2018323530901791	0.16719899968837226	-0.4028268639166252	0.19833919308007125	0.18738196735707105	-0.11110565826480347	-0.02084197583783609	0.22211037140076587	-0.5367235883106163	0.12775121653629	0.1921891064458665	0.48234395755588116	-0.04630290914062596	0.3799664597133876	-0.5005135766051889	-0.0279595638639897	0.43172004559684307	0.05033139892180992	0.2513063537848732	0.2766302731624159	-2.3827588720106398e-05	0.03857679092152328	-0.1780168140234306	-0.009362546499780659	0.38691232141686627
DTXSID4020161	-6.231967216902073	-0.2779873276176978	4.6205604170755965	-1.7161571162477425	1.0346819824720639	1.217751736411733	-0.13290142854201634	-1.4805128627911617	-0.8855631551353439	0.58169167129165	-1.8587413554986552	0.5644057758851974	2.631505795416025	-1.1981903047828146	-0.3116064841326672	0.011747738963807396	-0.23773012998649184	-0.26578332277788946	-0.9493439736163999	1.1138824963754554	-0.1564925331371932	-0.7326924426808381	0.7868233073660258	-1.4767420330895997	0.07987985759930487	-0.20630523360121208	0.010394939595058859	-0.25560010304720926	-0.3441769114866247	-0.21399445965214353	0.5007744376986216	-0.04170456216023579	-0.5994411586657495	0.6727285475756187	0.19645784271583394	0.47364100388928665	0.17855648452790002	0.014024088157448988	0.20485314915340117	-0.46771408099879835	0.2747874393136944	0.4203077179532754	-0.16300544416675958	-0.6059270764315183	0.231124953750345	-0.2614370457306887	-0.20422354912246782	0.416964470228105	0.03096082412574956	0.019730664130982786	0.024023009025163994	0.24172032096104096	-0.337010245479478	-0.628001598537178	0.2548195477650078	-0.3261808283111843	0.12562477294484548	0.6487271244572934	-0.8766696350184174	-0.3865436863425834	0.0015784603718024082	-0.11511210917202677	-0.07489783091998518	0.487782420678976	0.1326773834827286	0.3164738108308969	0.4546918776862075	-0.2379245874572945	0.30727881571416654	-0.3600817673625702	0.013943057172971302	-0.03317954361701289	-0.08059474662800928	0.6057681858758962	-0.21028885361913802	0.4868189150695564	-0.1832989249473807	-0.2048343610601442	0.04530064851572972	0.05818095992673233	-0.6243716033601087	-0.40453059984953893	0.2073348961149909	-0.1129950531153717	0.25879657931861516	0.20062019332789444	-0.07185577868339425	0.42147767695202676	0.6597340786331592	0.8796972007726739	0.1455471501653757	-0.43769422588724644	-0.36286440785245144	0.7537129808573021	-0.06693727060276007	0.6263586573757874	-0.08482000512274218	0.20166018316114073	0.4644867516262896	0.12347287779430749
DTXSID6048208	-5.371649827284993	0.965771972200181	-0.5967336929080694	0.5875961449484448	-0.677669416287667	1.2240110467731917	0.8744063566441728	-1.7491653612435638	1.459092597464039	-0.09861089086413062	1.8570488085684136	1.0100973099720858	1.84370897790476	0.8977794219503211	0.11838065567802958	-1.1725440773447897	0.29554229261793774	0.14946353762180514	0.2887888365740982	0.6054425386990818	-0.4984350882892342	0.8762769508519372	0.8402966056847849	-0.13211158565365205	0.3956112826464867	0.5118248573984358	-0.23900018610701057	-0.24640873421826576	0.059431762595331415	-1.395898432201569	0.3890014564303079	0.5243911677741362	0.29648450664710024	0.07314580106098083	-0.20943433505495734	-0.1663494503908424	-0.24590911639793225	0.4454705140604289	-0.47809538382061373	-0.3285195803906658	0.15002224687006854	-0.796344989938969	-0.3963496618426883	0.5610083907886423	0.6006883494492872	-0.152522024418341	-0.24576744065847997	-0.7526876174245165	0.08841203844490017	0.6766226833081194	-0.2327672494417511	0.032731140763953455	-0.7073939119557223	0.1745441916417278	0.07043622069886214	-0.4735466221357583	0.29715074366345423	0.6654842897062525	0.12356946163222743	0.04801837290703761	0.2650108708615679	-0.26165407507220567	0.6270151975348455	0.8476081155787296	-0.5814030678583704	-0.24673829960761942	-0.5077195769783619	-0.13981366770586529	-0.3006941187865056	0.04594648022690466	-0.3706116448196064	0.48243396599276145	0.35122780728201514	0.05656749482598022	-0.5300977322694526	-0.29744167389660453	-0.05436497902684058	-0.11196213961328108	-0.334489927032864	-0.12269467260882004	0.0418885885363897	0.05866539609204519	0.1633572690390456	-0.03877467584323496	0.034545830246715495	-0.3030789860723176	0.3876487520352721	0.19512408123162298	0.5268841230010926	-0.0622334176455941	0.4596410486143599	-0.08472211369263563	-0.2173507983709501	0.18108873517903187	-0.0584522747047734	0.1321377789715132	-0.09039621175330964	-0.013946987487377256	-0.1274954183854775	-0.009920619988299562
DTXSID7046099	6.292650753874043	2.493037035017102	0.9913493806567947	-1.0445996226308136	-0.8340824350483317	2.8019076248040444	6.305757520532678	2.232299720695906	-0.5546819962009654	3.7520776787342793	2.349397569100366	-0.4026264836297056	0.45896540728554397	1.8626201233377158	0.9089743023305846	0.8714701735366683	-1.0708011141139653	-5.903037804260879	3.333076040163741	0.4340116947092799	-4.139695603976723	1.5609123848820938	4.055843051068958	-0.03741116702626142	-1.067166774268457	2.703464454195744	1.2635955728606858	0.3053688566147342	-3.5171893590607586	-1.662876652984307	-1.0932817588118777	3.5629347035840797	2.3239574218534482	-1.3853171548102354	-3.804629692758497	-0.45648418484433256	0.7523998806672915	-1.822936478086237	0.7913887313206551	-2.810050058705737	1.872684528537633	3.5590784130875357	0.21252420236343494	2.6396468989484725	-1.1772359476175722	0.77848728050542	1.1080103097114686	0.01702801883011089	-2.9519623439074816	-3.7019080722794793	2.316547585851227	-2.572377454304374	0.8238756784163628	2.2154510606127022	-0.4045753340204182	-1.0142700647625151	1.1823922165024854	3.9207943024604925	0.20426985263783626	-1.230256097518875	-1.2037309774233795	1.2808619509726422	0.9787212180534628	1.2042699505690613	1.0103847816399079	0.754279622180747	-0.3349201800787725	0.3406660943266804	0.19675400302974178	-0.025018606887146497	1.761989987633663	0.11408237786093729	0.6872531451014877	1.32648241411897	-1.9757821790081294	2.2018917597103025	0.22065460550460464	-3.2002850924123134	0.3983903866136451	0.27658658651879625	-0.018696865418948366	2.147990891083179	1.1478368034123838	1.7251677043946418	0.8931572650447428	1.250409617356232	-0.9572201821618818	0.3234864943358283	-0.23659742821358093	0.43889283631168	-1.4090447913468922	0.38475863160776663	-0.5078560972526976	0.6394458950373773	1.3045503932533664	-1.0564621837139836	0.8254539566202811	0.3185152258943186	-1.4518005323829444	0.42623642018718044
DTXSID8023638	24.88037830182104	-4.869854198659945	0.22157607028936702	5.490441541153887	-0.4144469396638555	-2.5108173658266386	5.095371163577861	2.4428882517809427	0.1373137343771919	3.9759350825839292	6.501186451799643	1.8451814940954714	-2.5777779085281853	0.8910082242629481	-3.1081862950976715	3.600321859906579	1.4510539768435182	-7.272722720942724	1.004430278439579	2.18970598203023	-5.738692737192408	4.146286994917243	6.000746466175524	-4.34235764954504	2.7886824799635566	3.7022070611949736	-2.374113554631934	-3.7473513997407717	-2.7021083899450846	-0.2855437114530606	0.763770315746152	-5.344456457081518	-2.292029897640211	-3.2640191764277016	1.01869880783527	-1.1104199389984981	0.06892775282759628	-0.47783628226096864	5.136460764814885	0.33179794913741933	-3.7984436393634686	4.755954999456885	-0.041123573976841285	1.2117738420137056	0.4659869576954585	5.436789956963925	-0.9475259658756542	-0.300128785461161	1.8025776399329196	-1.0685372509827566	-0.7582509061363496	0.4682792221414528	-4.1841646560140555	-1.9550167406888879	0.49756123934444774	-4.352623155396102	1.4571835068727652	-2.2870589307300433	3.112579415474038	0.7389555100938897	-0.2720592955034095	1.8095998916433178	-0.7570315389966755	-0.5420841503764425	0.510836100882878	0.18029029594735027	2.159391505327475	-1.979754228895362	0.8352327248560295	-2.4020969459898773	1.0806936398379112	2.5429746544452954	0.03661977598016415	-2.1093856854380952	-3.368622296713481	-0.42356517768809876	1.9083173601315229	0.7361727339239141	-0.4323484604932133	-0.8849066834220969	-0.8149392514289193	-0.32956262976316325	-1.1406446688791514	-0.42540598415054914	-0.1227729383136387	-0.09659903638855555	0.9582189455173249	1.8141632740308566	0.5534262026030288	-1.3495700653825742	-0.31654812043588015	0.42646270172419065	-0.9154242671596927	1.3992636353699144	0.8493567771949068	1.109721901864998	-0.1392836959977386	0.21607570864703413	0.428677295747299	-1.0096400085437034
DTXSID3048861	10.54382830635939	0.1546455025582308	-4.903056563077127	16.297752032400226	2.868799635814801	-7.001096352621098	-1.0985620048477396	3.561858057906251	-2.304332036421464	-5.088184781962222	-5.5737827723821205	3.149318366098426	4.1608889960922255	3.139471786271053	-5.237251347935636	2.1052707503920396	2.4039973241006125	-2.5753245373319213	-0.4751658272134428	-4.367349394058447	-4.389871877339659	7.266260214577374	4.2393141957163785	2.709704586652626	-3.433378648805183	3.4725725121203017	-8.375165578336109	-5.133207559293524	-1.6915631681005774	-0.22202499448636262	2.351583109935342	-4.4966077313058515	0.12009584942192084	-1.3658916324318537	1.4937038690833697	1.3569858791894311	-1.193769303096644	1.6470393327066808	-0.2511386571697025	-4.20509170501431	2.639334608392685	-0.42518028557332194	-0.6198302106314287	-2.40773457897861	0.8761597186535357	3.3994775470375815	-5.767908685992413	2.324375680894101	4.490507092941226	-0.0185466879584641	-3.3040992686137063	-0.6568586171465296	-1.9936891078385819	-2.233117155369202	-2.4433979028810033	-4.453364578258736	-2.7752426686947147	0.41096231715227866	1.386235568210423	4.008097661229711	-1.7775402063436563	-2.0445356140005484	1.4321605315959118	-2.0388283416090194	2.7758028089531726	3.611696036530835	1.9995568317944958	-2.1913180101602845	6.477614673404799	1.007823344940175	-0.46756981493296945	-3.0647716856027714	3.363319451747504	-0.43530769948025033	-4.046387827364972	0.6172730629234385	1.2569597298168123	-2.1388311939555797	-1.6866902699664907	-0.8184559678299936	-2.568086752067389	-2.1733903502478102	-1.2672262172841833	-0.9184098355911895	-2.1926923256049937	-1.319740687632387	-2.941118978293753	0.542045837570188	-1.2534509660925672	0.7229102595100759	3.076419152732384	2.922949480884264	0.4949998658679489	1.1980336298190701	-0.11624987332186627	1.676541395882674	-0.14183493138777206	1.953082372701131	1.1672213066721857	0.39496943935179496
DTXSID0047406	0.749062164289867	-1.7256634194846245	2.1850260023832018	-0.6915267608157616	1.1472601131432771	1.438186401672042	0.08536790774925479	-1.8438044215291616	2.3162276680264493	0.35867787834060977	3.3402624203315128	0.3181010328016571	1.5407886115820972	1.0338919106255178	0.4580026546878943	-0.37484545930630786	0.7150157391948943	-0.11318936911527641	-0.06387162694134536	-0.16539678591171955	-0.7949526105913095	0.4138203136051695	0.05202969889129249	-0.7082674175536886	1.5042718728118616	0.9236770869006335	-0.13375257976002602	-0.18362507810269507	-0.7202573974299403	0.4184724603249131	0.3154960912464362	1.0232175850785996	0.30663962845420406	-0.4866033258461865	0.11900534548733051	0.34586811064128714	0.09396654509670653	0.8010657861717885	0.20721692626468471	-0.6065539076923264	0.14787281982575515	0.21368928772209872	0.03587773543353779	-0.285720070154185	-0.1943813878737625	-0.2405953860366877	0.6026632142973882	-0.06774807223958745	0.0655807573182537	-0.3066147247920132	0.403271464057929	-0.5196184990605811	-1.3101161321093964	-0.40398233730432515	0.3448244397306446	-0.7664096016598724	0.4608981931221265	0.3087290597031921	0.3718216123268282	-0.30285751134908245	0.7546995319238056	0.7356992273879525	0.06341317018087045	1.2171065116508986	-1.0156532585253333	-0.33660149268031603	0.2782762616110886	-0.4362454054283673	-0.17423583512714086	-0.3527209676908236	-0.2181940541463943	0.7968461126138515	0.2859928501213849	0.23219536885623587	-0.5793855860735063	0.8174503985714233	0.9212028829601627	-0.2383510482780151	-0.9582151455549833	-0.23462985623470503	0.537860254311393	-0.8769278268059914	0.2083058811374636	0.16077787193859575	0.21991203177911653	0.6716884617755211	0.39923986932356054	-0.40283924450720454	0.29142620797118646	-0.25808945252303844	0.5536829204161848	0.20576359547246123	-0.679213043652489	0.13584799786426388	-0.21876968357680282	0.03779706557419719	0.256792025590648	0.6965465095369202	0.4238963013640747	0.09199382763275454
DTXSID2046549	55.72805599756987	-18.994135238383613	-12.572454259559791	36.24789760661768	9.924762946356006	-0.846893171008171	50.12486745014755	14.80748336222175	-17.34879361852558	37.57579049239075	-20.82291821958153	38.73443158023231	12.357929447029363	-3.4770319468127036	18.58003469841831	-18.7542156571413	-16.073003316656386	32.27519491091516	27.864959163547287	5.3957016658021075	17.9032744028227	-21.892772958545493	-9.518754222535243	6.200344922046363	-6.574033884937579	-20.214670317988734	-8.722088204111415	9.011768600267244	-1.2176404994865146	8.906101004950644	-2.4070373348482987	13.092663285611481	1.330883616557961	10.241437450263074	1.6149452393850303	8.630823737440567	-5.772370427160211	12.425424316981259	-3.1832646304611805	-0.1377546316554967	-5.65206110069042	8.01863405375493	1.9546569608323616	5.254496065576497	-2.9666210643277657	-8.710730339660374	1.9067706884055786	-9.931914368228773	4.492477768868357	5.808900492774195	-3.4906831162338143	-5.830744828209564	-13.579933316011594	2.4461864591457756	-8.813185616408134	-5.272881235761356	7.281737103746634	4.548055511581416	-19.005446433389576	-11.05434432030843	10.87424155836556	-13.203314962275739	2.9693351214536503	-2.553245360088756	-16.2059567938167	-36.685526034145354	-4.243845847019323	-11.927355316469972	-8.843114175375067	8.80146875393556	-11.017724713884633	-17.416250694049005	-11.681678625826809	-8.625197437299958	8.004603483022429	6.539121079897071	-25.365248066939124	2.394398886929629	-1.3031243199160707	-22.096785995856155	23.99563475460529	-20.220369319617262	23.59810167281394	-34.650870381325895	-29.369382384465844	27.06854729452225	-12.181004654888957	-13.498423205550939	-3.185343541385539	-11.457480838577695	3.422055608790217	-25.346815760957522	9.112709208605649	-6.196534472994478	-1.111177767783066	50.42368591079073	-1.7661462871921367	1.1074779402784363	7.759609937261339	23.166968076490082
DTXSID6038877	1.4530790079030562	-4.4591546050625555	4.2248582215541655	1.862728620949839	-0.7563845603307476	2.0558511487085673	0.6875024603415003	-1.0476872649700215	-0.026366552525617787	0.13440060839173662	2.699558968180782	-1.0486909294613262	0.7917200050901972	-1.3259122762123592	1.02290379361783	0.5592265017636577	1.5318303592926295	0.6110719004271404	-0.11556280165906022	-1.815428057761677	1.0545317504811869	-0.8883579584609668	0.9671780913410919	-0.3441297844397216	-0.16310155725623623	0.524806259335771	-0.858929290961572	0.28219322821658355	-0.45387178892169794	0.29566833703684636	-0.11409419575411586	-0.13429896343619727	-1.1212295571249042	-1.270755007761143	-0.031535633827167245	0.22303921364054033	1.285222683429349	0.6045087897913137	-0.8920527923099176	-0.5290615256378304	0.9473160673695951	0.6523251468226064	-0.036630009504664426	0.35213952138518256	-0.1572710108943268	-0.28668997641095056	0.6439816148815537	-0.06813256485084179	0.30036521667756466	1.1306057323641676	-1.5602343484717147	-1.0587195053125118	0.17275853641741135	-0.28797594585901576	0.6589425052688106	0.44728569265432805	0.0686559874831584	0.17274400729303607	1.3415497392489153	0.24858366831220058	-1.1611403523497168	-0.3596917731366768	0.9916709668521011	0.4391552931569627	-0.35986251196983093	-1.2349357348608354	-0.3158735706570148	1.019686715186454	0.08091178556291607	0.5716672963021235	0.6314195737062425	-0.2771978329158263	-0.6837341905677996	0.2035283046976974	0.000700798034349838	0.06027583440609454	0.3118532798192918	0.12807093340885342	0.48632963180237937	0.8729560571917284	0.12702949524368262	0.5679013025839242	-0.2962031176832992	0.1883591462704524	-0.05627619128629025	-0.5382968806008486	-0.32675328047522245	-0.09249582360640711	0.03582306064620074	-0.21293222715623747	0.047034185282882196	0.36429664320330113	0.4609684383644489	-0.5437893101804602	0.4385086908585268	-0.1555547551449602	-0.28522899070683067	-0.4462446417409695	-0.18144458025662627	0.343375338191396
DTXSID6046424	1.0590005542337853	-1.3891091250965995	-2.3074847775529	0.0008364263301637045	1.2802435985433942	1.3847441165781549	1.6635902339201227	0.18356689230329296	-0.08309689190659922	-0.3623755604591438	0.9738787158802643	-0.9210975254116609	1.4655869855669879	0.3720014471323152	0.679234838256575	-0.6651468527995994	0.7343059733693236	-0.06314734904992125	0.2526313962493623	-2.4625481976430525	0.19751448243221628	-0.90637809768916	-0.10680718654121484	0.566285656418493	-0.6849824626458692	0.18313542388573606	1.6000578313420966	-1.2300165304368582	-0.49131465323342	1.7808470852490923	0.078182163541227	0.08412950239855384	1.0224304454646	1.3348638698081734	0.5775861479174849	-1.6219530502304793	0.38387876651092234	-0.12240497648929415	1.006191391616431	-0.6106774783700423	1.571275678356033	-0.03609833616416377	-0.47788185856793786	-0.43213861103863505	1.6922350955780667	0.678253145434312	0.18985982651210825	0.41227818226626034	-0.5003046765215357	-1.2506180003484277	0.8727619203130307	-1.2375953413095444	0.36584123407383995	1.9453774870463973	-0.9676061998505875	0.1840898812799922	-0.36478678578718976	0.44045677639978176	0.07530540625944118	-1.329282185909152	-0.776168999590239	1.0183127407588153	-2.1473199773618696	-0.9853397438553059	0.5355845630035024	-0.4733236779658991	-0.38120619882841983	1.3890281758432526	-1.0473133619498882	0.10356402845190942	-0.47804362248044036	-0.05946807446093533	-0.9096154549925745	-0.0698489576850909	-0.6163280529655482	1.2733739968504152	0.21741892199837518	-0.8593648763751144	1.3297812231143962	0.1378261070636246	0.29085610229677805	0.8689309161714617	-1.012676629386204	0.3550527545216628	-1.0038114014376802	0.0844210581213312	-0.2177170933785821	0.09331027860735812	-1.1544366254463458	0.45021922465180353	0.5324779511644986	-0.0535263731060086	-0.11886265276162397	0.510040711313776	-0.5768968133759363	-0.5370224801569778	-0.18754006078623933	-0.30957883712554407	-0.27346096896581806	0.7724126872359514
DTXSID3024364	-7.93980820815226	0.38151058851091535	1.2188941049429454	1.7032208633048822	-0.40400013841546545	-1.0577453243861086	0.7501520560017664	-1.4407217904294816	-0.8705362399340049	0.39950563892404584	1.0117677040368114	-0.01871480361297642	1.0675544831306436	-0.319475579541621	0.4846093222780529	0.4757628616475029	0.21560889441227482	-0.06821903152842348	1.079896874969283	-0.402179898410337	0.28521365433140794	0.4285032034994006	0.23323937885022744	0.3980477729666776	-0.816652017901601	0.20738454851747473	-0.251336008460488	0.02785041517193477	-0.30805296625308093	-0.22086083615882954	-0.37282926935367083	0.30204412019959664	-0.8756582876987781	0.12723430537653496	0.14324868530263243	0.009976550684754204	0.022832107533248706	0.19070555360461647	0.023122373093100453	-0.4153935635502031	0.3931084646462737	1.0792328168018515	-0.0708545534270434	-0.1864018275121738	0.260914172355885	0.17648105975716	0.15402107876628623	1.3516739550710681	-0.1631289596122863	0.2508742982838885	-0.8205674171090758	0.43772046634482015	0.6259154148341016	-0.41500071282737455	0.07051951933706775	0.31988250887773184	0.08886253679121006	0.5111503159663711	0.20468291907352912	0.31004120968811727	-0.06361371775115561	-0.17048827173512635	0.2703985542686987	-0.19404269533196955	-0.4321318750177105	-0.15049818249084543	-0.5252841933182585	-0.03406340624076994	-0.275537795957841	0.3400295273127434	0.1461595902028159	-0.5378774987569543	-0.056174108482897896	0.5181543492978647	0.24817229637486582	0.5336985769807919	0.25760110064402636	0.7293689498221376	-0.153238032360161	0.5532703324794107	0.23303165356929115	0.15323876742537054	-0.1545287326486283	-0.08780158337179372	0.0956045360843229	-0.22083641689116226	-0.08719394684193461	0.038695843364705364	0.28227868315185584	-0.20617964852185297	-0.07388464396145283	-0.13861997828260572	-0.1492568191114617	-0.08016733396202418	-0.10766494797566376	0.2936418458650844	-0.1581979416255023	-0.10622052007301364	-0.05776742181250401	-0.12492696147198658
DTXSID7021102	9.371323706119831	-3.205883367060106	-5.977205527577126	5.613378092774926	0.17108653832362405	2.2827707491359344	1.0950261860416135	0.013008052373157103	-1.5064169881098353	-2.777241173062651	1.8794313625619723	-4.361559791397311	2.726041783060958	1.6989338457388077	0.18740508467491415	1.7368353342935314	-3.7749974770461994	-3.9964192606247377	3.887594968062828	0.5436657188771213	-1.5336475394847524	-0.4501266028827544	0.7655186247650543	-1.8891517684734387	1.3404917716098907	0.253332416464043	-0.3868334872812124	-0.5135895826342942	2.3501942416186217	-1.888273468467623	1.7787924534381616	-1.8480492159530524	-4.398173953767292	-2.723810396182412	0.4418711580480172	2.057327368830019	2.1088184067130626	-0.4017016753987561	0.845860684262007	-1.8642889245819645	0.5575813980867289	3.070301201659537	0.7537211295502545	0.9292395138439391	-0.26247598787231385	-1.821897109902863	2.7667953191516146	-1.2908005485426197	0.9324503715258926	1.3219930857840088	-2.0100019853790605	1.5866457808886614	-0.6033824221780434	0.4731467787991955	-0.19579239673125554	2.555446291256273	0.8709145672888933	-0.9111055442160684	-2.40763719362749	1.0136591240938921	-1.0266256300072922	0.8838023726043329	-1.9988663578423824	-1.2639307978633247	-0.9562648109236385	-0.2803927090459385	0.23903717184597995	-1.201709749888807	-1.4590895954280276	-2.0826639851408797	1.796624287953841	0.7054251978603254	-2.0728164834676686	-1.5343660328695123	-1.8183814667032383	-2.2854211514571747	3.148758875076484	-1.3064644159732808	-0.0865596386949354	2.240984907109161	-0.5820172010165092	-1.4413174667125452	-2.006942144103469	-2.285765387996433	0.8261004750567068	0.6148263501120801	-1.8532244162477784	-1.0904090785238858	-0.8023905084358268	0.19710463209114623	2.2591125968033308	0.7987273555817047	-0.07805277310565058	0.3755390944326011	-0.17024036931499797	1.264941736114133	-0.08643751234339331	-0.2889574201412574	2.002618348483852	0.25084733621686767
DTXSID1024049	1.8955205896072036	-4.5885030863473615	-2.3078440964617917	1.4628350967056563	-4.307563690883122	6.234933744676249	-1.0117632631303097	-3.3754126132867404	-3.0616417317805205	-2.5877728300603895	-1.8380449005067077	-0.9959995859023045	-0.5619578997247527	-2.4826148264107513	0.08858303403471889	-0.5548045071674083	1.4689752419791877	0.6485784553454169	0.5156727397257146	0.3617569623544309	0.6443385185422663	-0.4840753881102678	-1.1601243083720214	0.2004419927493262	-0.7297828073812097	-1.4432874299795735	-0.7296234409260711	-0.11436344141330364	1.240924808122789	1.2310586548484819	-0.4364846975227087	-1.4562951622806206	0.44429325309278117	0.18905561335799836	0.38381152032987415	0.14116363032371243	-1.9613720890094315	-0.6996336050396543	-0.5282807221560477	-0.3263577596981677	1.1393168123824895	-0.8532039118868497	0.09054940916153872	-0.3041980666564896	-0.1299849143547069	-0.8397629789124718	-1.4394816814162896	0.012144653530384821	-0.8379679661413966	0.15671711404484398	0.6293031043592929	0.05125567144261755	-0.41371973473975926	0.5666225426096073	-0.7288745671985293	-0.37997398725788883	0.460606325599452	0.4897134110859237	-0.442251696189033	0.4157549657778222	0.026600353118464516	-0.7799846066425339	0.327020381633602	0.04171015100768055	0.08762854567378171	-0.6992761684409755	0.4412346551197441	-0.3389828378279691	0.6159705232325459	0.8904878632653382	0.5846429702796924	1.4992958591468044	-0.5822103325218327	0.9506991330164082	0.8071637920486922	0.6357771335332094	-0.2583546345218008	-0.1986260453367266	0.11281031873484182	0.4593590998225957	-0.19039364703443554	-0.7406095135901491	0.3309064960538722	-0.13695247873856026	-0.40535397417840785	0.3752912539142509	0.3945384363361646	0.9857919828070701	-0.30591294179963835	-0.47028286006588205	-0.3435178899082299	-0.20511952872757144	0.5894574812417847	0.6332989352513286	-0.8538625887997263	-0.31595320005398636	0.6094321262101777	0.11230145600443309	-0.10649232239970996	0.3248113772863277
DTXSID8022406	-2.289774968713301	-1.5127755223353416	3.602025236779901	4.157676570247515	-0.3682167552063725	-1.5147260208207078	0.9772316595573569	-2.206720147536113	-0.9009107573410613	-0.11626437255319205	1.064035844568864	-0.8581792989714518	0.17592854317325318	-0.4469868702294667	-0.4362858666933585	1.0003649224927158	0.8090030024570626	0.4854739151292628	-0.9971594572653288	-0.35626078295789393	-0.37154236649523203	-0.13829173056946087	-0.6193276405432259	0.20357445073115513	0.8376326510741159	0.2451671439706574	0.7626797732166564	0.9130244881158256	0.153301648414967	0.2596619343113523	-0.32774972329406094	0.6464555942603363	0.07706555158268387	0.49178028837037513	0.12783459562629476	-0.33044774238774094	-0.14062166901748074	0.1073895741656509	-0.046519037991444814	0.9781946237116992	-0.09510481427484611	0.2260751747173347	0.010723609343114728	-0.1434754867708673	0.11050477195322052	-0.2568320396460986	0.6485086098873515	-0.12882640846909926	-0.7468080381354869	-0.23971268451139321	-0.13160321499934755	-0.07471653326305992	0.7556101349210576	0.09793052161607091	-0.4051645197796696	0.4789719254424372	-0.1501195409329414	0.5107985128766475	0.0056654705690122415	-0.16767321691398288	0.0191779011968401	0.41692423107777005	0.22062925592864943	0.16974588961467652	-0.2766708769339496	-0.16343347190469462	0.5636560500097936	-0.19592350247025353	0.03895674095136988	-0.6954691660274666	0.7513604865777005	0.28082776459023107	0.01189015627974281	0.36687481714564885	-0.5269996368293269	-0.2580850867924163	-0.25384787763175953	-0.5659920751708704	-0.5433967825258079	0.07312783501964977	-0.1435994625621754	-0.2782720676884508	-0.16795810410275155	-0.22342804258944468	-0.7311275311857924	-0.16427032500694	0.7272917985756394	-0.11267550205454471	0.02149869568497063	0.4791500391130388	0.04584796804339468	0.1294447168190306	0.6796307344974949	-0.08625447390769544	0.14055984132473776	0.31041689590646193	-0.6376059141387777	-0.417876977955011	0.1881712140774238	-0.1470786766332075
DTXSID1057660	4.150377131415235	-4.210163143807555	-1.229421811346153	0.8161716686833451	-0.9770994353829762	1.98551915619736	-0.851218822348128	1.0785332568182715	0.12569219397895473	-2.173523896149492	1.0131597869000928	-1.5035717638183796	-3.084165660134032	-3.130539783172168	-2.200965695394329	-3.5122271780455345	-0.39305209278555536	3.3104383492334337	0.43368570719027594	-1.7765712045433957	2.8156128502502424	5.913129833635061	4.4547422970914665	-0.848078834593601	2.211014715156483	-1.5510642236037941	0.9359558485420013	-1.4747264273034106	-2.399810052303572	0.4220268353494764	2.6702610338432087	2.866958223976145	-0.8363179879263553	0.14854790224342657	0.8046599231312478	0.7611730969015591	1.2362876465008177	-1.2827204600313824	2.2248925058396845	1.0486151570361133	-0.014092681924434603	1.0620505808172367	-0.28286946751733627	0.29840790627894315	-0.7005286047222221	-2.216528308164736	-0.23190266951238805	-0.8353250134645678	-1.1442780100014154	-0.4383603563122392	0.11091546070062747	-0.6515502119626913	-0.9791706713912999	1.496509065301297	0.44780116414316246	-0.2099975027204925	0.7992578069426965	1.9184545288818975	-2.8413351702418876	-1.7746138056573988	2.503311260076403	3.237035524779308	0.3381460933549913	1.8599652694441176	0.8224506557125429	0.5471145623598014	0.3854870820605743	-1.715834157863797	2.1992661407012366	0.38005026305989875	-2.3750846733162176	-2.714206813341171	-5.34418008913477	5.070737551034453	-2.7779778283930243	-2.63465671136068	1.5641123588663846	3.2571434780125927	0.8073692428996817	-0.23235048530397695	-0.438185909508109	-0.4980492897401569	-0.407547315264413	3.122546868888853	-3.949328294356091	-4.4607013270481435	-0.9096388276893828	-2.4033102466382585	0.5631935395991946	-2.1178133328662154	1.2312873704182083	-1.020093194499957	0.022552391634444523	-0.8146763471234298	0.010371017350077952	-0.2990587314765688	-0.3664015127050474	-1.501155918525422	-0.5804868750777189	0.29032507496327153
DTXSID1020855	-1.4353816396904886	-2.009920454676565	-3.105550896943139	2.373088170142399	-0.10067737427772878	-0.5521305726982555	-0.0891919090646143	0.27590580235858175	6.808345697009399	3.4469378811147218	-3.71649889752489	-4.244602824007793	-1.1750930560268442	-1.0391158682373047	1.5970597019121755	-0.6765080786139841	1.406191668087911	-0.9686941873246961	-0.9135433498486829	0.8533586530199851	-0.04226183495188515	0.3637304198781852	0.10671315047293911	0.33290419201872734	-0.13790303562092257	0.08206475049545953	-0.6698989332666916	0.8441977840863409	-0.9005919110274423	0.24610362281825968	-0.5281255992181874	-0.24715513722947557	-0.7415616538342416	1.0000949421316239	0.1413931262044604	0.38977685759735337	-0.6306309358072332	-0.27661148410258296	0.3933182632169519	0.40865623717542415	0.38112949169630456	1.2611336892263574	-0.4999941114326752	-0.27325764757976934	-0.04572334247261606	0.4697283610644349	-0.5939706595711801	-0.12899685479144038	-0.5333991716737376	-0.05873750979651405	0.9193252404917879	1.2060846993183292	-0.41137561967122177	0.05579970496607975	0.4707409835285889	0.11404032029680909	-0.6520311071473783	0.18009040435227977	-0.24497666200645768	0.028838555413655473	0.2223680591921783	-0.12103910074572814	0.013934039213106996	-0.18483618652116895	0.17778787624804065	0.3692333630829532	0.5593457711493726	-0.2936065534128891	0.1466931088553801	-0.162965718010921	-0.1825310657141839	-0.24813316217709327	0.7091445676266398	0.40167884134530596	-0.11868442381801998	0.31883804474284005	-0.30906729102545266	-0.21658527306471576	0.20105309697179258	0.6058299167490874	-0.077353356698393	0.014323396606400982	-0.00835787987045266	-0.3440112153893788	0.520835368877487	0.020297243202776247	-0.2948510652912142	0.04561650412992913	0.07922360854198775	0.18670466726723434	-0.13175412847994267	-0.13956728135953658	0.38767312513953583	-0.10085834761115904	-0.38113682253010006	0.0158235672853522	0.12434285413972268	0.12914843823005306	0.21196993294220723	-0.0017832193340715692
DTXSID1037197	-0.4660670019227625	1.7861177090115683	-4.879172260549975	2.0687434774030895	-0.4917621979754	0.5105995054703021	3.262661512902741	-0.4697049277056182	-1.947100471259055	-3.614260432358789	-1.9615615368638293	-2.4435068640090316	0.3008008104939838	4.282177760055489	0.21156663571767265	0.5570977889919175	-2.5136456148573547	-2.5908204130849652	3.3258972666985396	0.6997835191384072	-0.7627224320554834	0.4071249896198953	0.3066106306905805	-0.6616624185716371	-1.2143233946829213	0.1213953959931965	-0.4454499877576839	2.755593038520079	-2.933083718752248	-1.3181891816109284	2.6621661224943423	0.534590642830069	0.8230095808678818	-1.3951011510725397	-1.0718118087386737	1.3329383202298901	3.7402089885085292	5.2002780713119625	4.333468527613505	5.375309454630073	6.836205965904705	-2.690402260658907	11.71820780172413	1.7164370641389803	-1.0966255510371758	5.246144574340188	-0.010927913506433557	-2.7996177518322227	-1.4354834009421238	1.2376837250280674	-0.6900879362491387	2.1817880349726217	-0.46353313338502605	-0.5069952869090939	0.12139300193820807	1.3384820977750163	0.2704130947403175	1.1112374758753436	-0.11808555991476391	-0.9791511912333073	-1.4557858320186694	-1.6954570149443924	-0.810669057227774	-1.4043208210814435	-2.1260056124001294	3.05777282434983	-0.6298962433040195	-0.6840039475023282	1.749803507743329	0.8452058795271749	-0.7423292782394821	1.1663052529326379	-0.07655905766921248	0.5814112438439072	-0.24916000102545488	-0.6760512775091708	-0.13889660143686192	0.4070785024277781	0.45263747786382114	-0.651019877735759	-1.480892781593229	0.4281250450380023	-0.6470751778553399	-0.7010700855149699	-0.7495347081561772	0.10185215765165678	-0.7255865565091391	0.37888704472404755	0.2637623245004315	-0.11128717001152931	0.4157695146457839	-0.47606417911667853	1.307251532208183	-0.09788389440177203	0.026172774227114132	0.7369684186938826	-0.34756872637817066	-0.4161352190602149	0.7167605736625178	0.5021412297983842
DTXSID9035175	-0.31523966762169825	-2.1247785389377154	-1.3062173430396742	-1.6002899480634885	-4.945985677576075	-2.955862623676004	4.780987576419647	5.144692225568746	-0.4154761716266201	-5.877422440451918	-1.6009316815834775	0.2652351014187183	0.9069880430163535	-3.326680480620573	1.651899554521019	-1.701925657947461	0.4575605526222176	7.220292078026773	4.6240738762794935	1.3358731286539145	-5.080704379592264	-0.6487760926856495	8.877166815949675	1.7137684552521761	8.204196008421903	-0.6339100066566413	-1.2027156444411724	-1.6151330893286826	-0.7451812292477241	1.664536380332497	-0.26425792846543417	3.9819514326046592	-1.2978710037376584	4.314962349112399	1.9254868992815692	-2.732934811159076	-3.0694183542826825	5.759349816501112	1.9070374986470735	-4.133229858081948	-4.1582676493573745	7.109011699237665	6.487514133326666	6.201219895448132	-1.45335802957079	-6.0092301798777275	-0.8716721218149259	-0.015056223436603199	0.9300511019991865	-1.8865500822818844	-2.054242718605956	0.8257457354024418	0.6406153929287082	-0.9228979755725957	-2.0600997472559373	-1.101719831730499	-1.2688370402440892	-1.5787403380855756	2.3107251208578186	1.9576688188277311	-1.5940317468959748	-1.2980571143808857	-0.4738635197996347	-1.8524170700234857	1.5433944692493837	3.015551112077888	-1.7594414222348187	1.6281633200478063	-2.2262293221337432	-0.8728237138119017	-0.27206417874224453	2.748737207610599	1.34320343688224	-4.633808223151196	4.643432072233192	1.2758800107120416	-2.9366662814297886	-1.5187507990861522	-0.802267057450629	-1.618316670001025	-0.11059283620636293	1.7219370174670587	-0.3565614358946947	-2.2086230967143714	-2.172587212840721	2.607229796470629	-1.7028897733285169	2.5226400379757172	0.31070471135426764	1.1633823651165265	1.3217483831628358	-1.6112927077251085	2.5650340717723874	0.49900570564937774	0.8445402341600108	-0.440450707001697	2.2280604315625445	1.5195970208242373	-0.7705463654355436	-1.638937956114099
DTXSID0023323	1.4722425388010838	3.2031695760609638	-4.263964557563966	7.714620119317651	-0.014111198368833367	-2.2638689042770777	2.8648769449140845	3.4405092212725203	-2.8949896271321647	0.100657334321697	-3.886905490820208	1.080657099916371	2.8407939781351423	-0.4636801733848596	-3.410563750919404	5.052420789102058	0.7959018140628186	-3.6603850864447196	-1.7305741062436655	-3.5165643092937118	-5.459970602581892	5.04510116750438	2.9789448748646685	3.8891741423373207	-1.7910109624177188	1.6816280784812285	-4.970677316092234	-0.9412585719656386	-2.9408899669699715	-1.8726971941838733	2.0440149921111286	1.67825963999629	1.115259071674496	-0.9112976318159981	-0.6286538485195381	1.2721029453802424	0.55492596037407	0.6425286660813639	-0.3886170570599831	-2.9930975112295743	1.1081883801081955	-1.2321597900246861	-0.5424449637180171	-0.3399016639364858	2.138335618252556	2.917348536524209	-2.0011779001143486	1.0231311985485996	3.0541873437819906	-0.2752743841553092	-3.2331967511685105	-0.5477112547555639	-0.2690834746323071	-1.6649591274580795	-1.7046528616113952	-3.1233163321254134	-2.7142094326680906	0.7194331303174357	0.25362472052889135	3.429281240646072	-1.1023982096987657	-0.8991965516575229	1.2546055036247128	-0.8758781805176263	2.399330648731718	2.013162512753279	1.089579355020917	-0.9328831114253056	3.0063283142165047	2.3737940509629714	-1.187128637298081	-2.1004863749397495	1.52294411770605	0.3699243438316469	-2.392835712258129	1.1035841587743094	0.6959614042850831	-2.9256412755749572	-1.365874840042999	-1.136804791178991	-1.7405534092849175	-1.3377782989465759	0.8784961007710193	0.7710950726272294	-1.5978314515756744	0.06717008356075056	-2.2170837596337534	0.33957006851808413	-0.23458249339852072	0.8436741532183616	1.8237993994163204	1.5505184326282742	0.6409181962146988	0.024384601365360966	0.3834486990739594	0.7352839704343562	-1.0381709915486474	0.16360017159843465	-0.09898419847817673	0.95958107615039
DTXSID6044725	-5.340724833671568	2.713503133318373	-4.041837085546225	2.5500585367638124	0.6126202796704936	-0.39935663484884076	0.9466893457219498	-1.3227570817265364	1.014424788755074	-1.028806014083494	1.0236915157617226	1.5538893542292525	1.5886402845721959	0.9055080094001196	-0.28119516070213246	-0.459077353006398	0.5173786576900655	0.132384497007603	0.4791841608655147	-0.15830803698858892	-1.0113307453503422	2.1653141318799816	0.1455307574659001	0.4740541842198339	0.6170578199281124	0.2745772321253283	-1.1699709002037582	-0.6692142212364843	-0.7066163425877697	-0.2626307232619825	0.09054632536959763	-0.38717274358747983	0.7136951778255967	0.24158565051687053	-0.06987394116126615	-0.45185842527135567	0.2684045027973648	0.7832806185211311	0.03904261270728872	-1.118426094588468	0.4648735926822383	-1.0078726974622174	-0.2426864431182129	-0.6121728110598604	0.5681662867586172	-0.02245022836785664	-0.9782823616991185	0.23818536813697103	0.7441833637809547	0.05903017816394707	-0.42987398607125765	-0.5752653625283525	-0.3290511790813356	-0.34260341325145127	-0.5561831149522012	-0.4428220338307758	-0.48128693662896804	-0.24184080352550597	0.09805112130894916	0.8407012757681717	0.18835963695782557	-0.19579344978651758	0.3776519664992918	-0.5082229884634015	-0.01874129707422637	-0.013481248783212857	-0.5948443764793612	-0.3665143888108836	0.9948165011833547	0.4513484285856599	-0.29990669550543286	-0.6394916087225079	0.487444220858085	0.07482817488769312	0.011189492556705316	0.06247869843780169	-0.42960713019180896	-0.10840396780773112	-0.4380610223479828	0.009529391635523384	-0.18495557055516254	-0.48630120933070947	0.3460331205411696	0.21034340439787297	-0.3617608014363976	-0.07291777748264154	-0.7607921399857317	0.24830222495356105	-0.4275919108396409	0.29553181906406195	0.7020040764869719	0.6756849756742015	-0.08828258208243331	0.09587306261315977	-0.26632244163084273	0.3358628878688103	-0.3904617698949912	0.2640832745804701	-0.16144033078310782	0.16601564086548548
DTXSID5047873	-1.9595759313987318	2.084894584510045	-1.7110019247654569	-2.8370093176700557	3.004284666795238	-1.1800113678328086	2.0169167893766833	0.8127941541898362	1.1736234599172897	-3.135716329962583	-1.9174240793000175	1.2181329166780075	1.6961895079248919	-2.263777697267209	-0.5345453493205466	0.9729923524014011	1.1510488034302524	0.7800687019318513	0.8891700801472268	2.194775148223198	0.0688392833767353	1.5919775805968222	-1.0842641462510227	-0.7890585860882783	1.0141914017728457	-0.667427365686675	-0.4745731239910573	-1.344316438915825	0.6240023801909256	0.2398227351960707	-0.9344841976050915	1.7106194499299914	0.2577132382125772	3.3099067465280165	1.8813515736066617	-1.5691025417221316	-5.040326890330486	5.384961856014099	-0.003911042457646321	-3.5032101523046055	-4.959398555574734	5.006852171255476	5.636353664437903	9.773007070103462	-0.8449386814682172	-5.557630592849026	-0.801881983869577	-3.3176783743266913	1.4232575751013687	-1.2012003328272745	-1.2872215640606746	1.9198455099301632	-0.6720208369737941	0.4901206660365539	-1.9751246069055577	0.11661230965241572	-1.8036391387436923	-0.7251988366542553	1.1224004747952168	1.518257600108199	-0.5968488513629931	0.954416354554117	0.35141341753458577	-1.27381567643569	0.6772629201089999	1.0745208673545519	-1.2448516528135742	1.3230867603913685	-0.9091500259356072	0.8481624615492636	-0.31181945365903596	0.14866870448699437	-1.8852592969114152	-2.182754463445636	0.136894083797671	0.2007490576493601	0.2525763401789813	-0.34727717369801314	0.4894312991363152	0.5852184128987944	-0.46011734696464196	0.47837567488129135	0.6013541454176545	-0.08737991388952451	-0.7076317425590916	0.21568819276124448	-1.4657544596559802	-0.1215123385572104	-1.199856122036219	-0.3324925154718174	-1.0711681382692242	-0.3440964374625109	0.44562725311688245	-1.1918795264062465	0.3250874973934079	1.1394011361501037	0.9571982768503451	0.7538203576847237	-0.49234311482312887	0.31072077340705695
DTXSID0040678	6.07624966184689	3.290015559019301	-3.395247138444345	1.5888513743880068	3.9669138559162285	1.146433886280225	0.21244948788954318	-0.5451798377934829	1.5299814080645169	-0.6276188114813346	0.529460723588655	1.836216079800992	1.5159502880719906	1.0760327037104014	-3.2648925989995328	2.1457983973371317	3.364398269304339	1.2550534004495797	-3.7118894808807337	-2.0910204732575126	0.8531151817543553	-1.212025817424677	0.8296844015256798	-1.1000523301659426	1.3713131668338898	0.014134363847378284	1.206891300780849	2.7431674773802297	-1.9746047961084547	-0.11024016775375103	1.219867684918649	0.464495426011525	0.7230118955105636	-0.11732525976693275	0.8461897833598143	-0.7522934075204664	-0.002351635570014807	-1.423940702393923	-0.5916452960900189	2.910803450439587	0.17494690693435583	1.0686582688125843	-0.6546579490528008	1.3087464437900695	-0.9565656253378763	-1.0386391034793876	0.03856760678859503	-1.712872568269647	-1.1018676977431796	-2.8436914973972134	-2.0482983538525477	0.8073102429510439	-2.2849003487156456	-0.031436429854333946	-0.48042957318355095	-1.751290457311591	0.29117067779717415	1.9152483164046603	0.17227875784016522	0.3620725036557661	2.240493047678344	1.47838704314837	2.6831371683418546	0.03655542844699584	-0.5860630623478287	-0.2553251731419047	-1.5714978201058714	1.1935307224483995	1.3834211657780369	-1.359086392929156	0.506884211767683	-1.5304818060670151	0.5055961978909937	-0.14827020441273883	0.8626600368815581	-0.05238470725272995	1.21906946408616	-0.0576415708380244	0.23398363906713227	-0.05033644651853543	-0.4009071197753716	-0.23617960260064896	-0.9896347368032031	-2.0899650279936104	1.9919021526002205	-1.2589976730155286	-0.27057457129536866	1.0489402930622314	2.399934439595558	-2.2686935536960826	-0.3190623488050947	1.8574710650775434	0.7994862025809991	0.6012366739404296	1.0248575474740718	0.7385080918907715	0.7399201851895116	0.4774411748908967	-0.7426281032360728	0.7861606344257603
DTXSID2023519	7.581667237697933	-2.2119952538541994	1.9164717814671879	-1.5154618741799917	4.466145021053631	1.9399080026557969	1.4439301002303555	-0.8592556144433763	2.1645243080203644	0.5411453703565156	2.7852296166007373	1.399375353853839	2.0619417865705345	-0.5022871467125938	1.958899630751182	0.5689584807339916	1.535807146431007	-2.3846267787575774	0.006617356179105083	-2.4655564677971546	-0.6679396777852025	-0.04218422193788201	1.5148570293933967	1.2225824132756515	-0.1610924051243547	-0.6033676302019133	4.016944528829755	-4.832298071875067	2.4438104372947698	0.4584708547977736	-2.5972734782529385	0.9317399000285419	-2.864385827447315	-0.42581782694072917	-1.7096331814392445	-1.4322045864863946	2.3815187734251535	0.4972290919326334	0.6203091501395915	-0.8958256939680304	1.6229776454412077	2.765903889131153	0.9718478869681701	-0.11928946430794243	1.990385224985797	1.515643904567728	-0.13779693248497918	1.1677418632766159	-0.03601233406542587	-0.9941710223566559	-0.8996051002227927	-0.6890700013853353	-0.504299593441418	3.6370858910971937	0.6076962616895866	2.8226305609708113	0.43477136492647434	-3.1451374113794026	-2.0648431481813243	1.9252073205891074	1.0054196202683523	-2.224422283951129	1.1399596889003263	-1.1344608535138736	-1.0567819648790637	0.28021556423842825	-0.27376321850136215	-0.19711903800860864	1.324237259858351	1.9847581130402434	-0.36338018734164096	1.0375697138363127	-1.069839617010234	0.03454775114068822	-2.2506538319731644	-0.2871389846769667	-1.1126350943041168	-0.8934582500438458	1.011773941505765	0.3909717126467662	0.5924694596330731	1.15226145559738	-0.7115727401369383	-1.0570810740505574	0.24909630688920814	1.255259677336415	-0.2120191068522371	0.039580687067253616	0.3818146549367123	-0.34520608376039896	0.9842308440473496	0.6478707954039478	0.385069900489932	0.6050874834373525	-0.4506124758533181	-1.0410804467417774	0.4935431499676461	0.2475938021693445	-1.4494868274725516	-0.7737013774578928
DTXSID5042322	5.440784461868088	2.3939763385866444	-4.169543869887076	1.917323749066855	10.427315717302518	0.5653038338276747	-3.084007313431417	-0.9058123606632265	0.1275968009908328	-4.81943526654634	-1.5371703869748905	-0.8045945148671271	0.3423486388255064	1.6420776606769967	1.666695298281734	2.660359963500772	0.19393818255309656	-0.027909135641788978	4.057606461986861	0.9813557581736596	-0.001073352212227498	1.8809697611794742	-1.7025326627783186	0.6256141072277264	2.428438313097742	-0.9011061207469694	0.789976323059482	1.7267569776817366	0.7918073263246885	-1.05591531790656	1.5077251959804223	-0.6935780324317233	-0.9409004540187955	-2.705423574278932	1.8553612434182705	1.8497252105632294	-0.566481157375647	0.8338186682844078	-1.0114250853581292	-1.6661589706833084	1.0696214741158123	-0.31323717295478154	-0.6768541001433027	1.6203587079572026	0.22214092497982732	-0.9756957826386345	2.2970140572695033	-0.9626911362835807	0.4997422399213162	0.4804097342056868	-1.5931645544240536	-1.3942899430142452	-0.7074790645032014	0.21794516491045735	-0.6518872092279137	1.546950231053407	0.8466958035561457	-1.774418208701675	-1.0212464925735305	-0.07389382467467927	1.5049648234274524	-0.207053833404044	-0.86674986505722	-1.0326463591940829	1.3674705422467068	-0.3710791977152043	-1.7203743476921707	-1.42930501247586	0.2160706944813961	-0.636482233723599	0.5940896003288946	-2.1966006188397302	-0.48138624381527395	-0.6425882499164578	-0.8866785513865545	0.3329414179393673	4.159525435094729	-3.6998415357553345	-0.2375867104845257	2.0973884836178347	-0.5750786051730832	-1.7397512471493757	-0.3156571858238602	-1.6563758391223018	1.64908449249333	0.40482134532549513	-2.000850636789354	-0.6462096159639947	-0.42814082953200683	-0.17451434240003053	1.6283428328277523	1.2706529874009458	0.926750503539124	0.21582128638067558	0.005344120375404547	1.5620238552007548	0.47135073212434714	-1.1352500143688917	1.8300067550386245	0.5133667376362323
DTXSID9034232	-3.5510156799974815	-0.853439281882102	-0.8114309389907536	1.97224445121219	-0.0131894715381835	-1.4167726624132355	-0.2920159709125161	-1.7176879605648456	-0.16201953652780396	-2.628130439809388	0.057498668555640564	-1.9567497613221652	0.9490242629528746	5.092020688545088	-0.19383321974482312	-1.3479103256641982	-0.4443034044121165	-0.3451835448869838	3.8309667091122677	0.4605245301098193	0.6415932570436881	0.5505273935296419	0.6747395618819128	-0.16515582252105854	-1.2975620051739718	0.3024949492293637	-0.3228035107012856	0.04877110811403999	-0.2928122612923684	0.9353864102490789	0.8915933356813768	-0.61221919942026	-0.7091069692715042	-0.26250689161588675	-0.374214697127668	1.3296197679006623	-0.11006331470906348	0.8897433423397507	0.6189433198038033	0.044139674074922496	0.4937601760826661	0.2294517223528357	-0.7364282107433728	-0.27378184070059935	0.28292670786798646	-0.3397636661462451	0.014484018856174204	-0.7340720977860419	0.01930509424537093	-0.9315816779986817	-0.6006075648908485	0.533513127340538	0.28040626558918397	-0.1232142114517731	-0.6793512037004872	0.6987186806396644	0.4269798822356397	-0.24204487657142426	-0.5034613108549392	-0.09458148583563983	-0.3057950696959733	0.0702102021417206	0.0006551202960288603	1.087654878916097	0.16425548631503903	0.4449513721483909	0.01277207848050476	-0.27540857162837057	0.5926571533580287	-0.1599587219908929	-0.5019584468800379	-0.5923510891146958	0.23184778987457832	-0.3671005827141876	-0.018575605805626637	0.005683958872751811	0.5560064456781042	-0.27244184675415273	0.5896554074059482	-0.12503423962131308	0.04071026150946228	0.2580769932601515	0.5057888149251248	-0.42778995334919623	-0.9112670504974453	0.19939066730767552	0.33625797285474507	0.005251092918583599	-0.8231744033478864	0.26615662347347435	-0.12370790985918827	-0.3037355920192585	0.130015729031449	0.5358827356004666	0.07883395325693972	0.030380869683625595	0.04145242596933343	0.23812419163557877	0.20022016153506467	0.24578110798221378
DTXSID4026181	1.1564345304892272	-3.7137194363702473	0.9266734586175065	-0.060653274049647904	-0.7955624467514375	0.5178385117962216	-1.4465126812292817	-0.6280722887469441	-2.7910664062588717	1.498404061414288	-0.24494974735893182	-2.31504516497394	-0.2037969320861406	-0.2927215977894399	0.7269718253730719	-0.8733490753871357	0.33653216724883916	1.361048325979897	-1.2615535658492034	-0.6797329230290231	0.4815550505554395	-0.9073936159964864	-0.7266378641894649	1.0324471073452777	-0.3887451417195304	0.223972437995752	0.4921058116209813	0.4823905519216649	0.758403189151449	1.068717617790852	0.22521100607341554	-0.38938065991902276	0.42693664546308	-0.7032295298405958	0.49264786582439213	-0.996727742735471	0.3720942490495497	-0.3287466209551695	0.31764334280609835	0.18173223501057836	0.12016545299876985	-0.3782266056469691	0.4983590073850731	0.25553259916988785	0.07328418366073954	-0.49117668562489114	0.921818731452138	-1.180754442030871	0.6733059806972715	0.3805239781958376	0.01565434274781575	-1.0996226651790013	0.914367971366357	0.33067374864364063	0.6024545525634681	0.5916043240222886	-0.28637599820503645	0.39573690940571266	0.551704091492152	0.43556745519130874	-0.9243615115133663	0.024728542052192045	-0.11712515139783988	0.7198352497333569	1.5444019341629645	-1.5272438374380497	-1.1413942139767743	-1.091615020581458	1.7208867344757768	-0.2170791038379453	-0.7925382957985969	0.8961034752071179	-0.17834778704735352	-0.8315739978653539	-0.7495715990941686	-0.2066620806352171	-0.31920477714095136	0.5250731337530005	0.34096207207834717	-0.06483802425320188	-0.538695361981237	-0.24723002608382055	0.018544481445981757	-0.027424925246893442	0.4202122207180794	-0.6879087929546934	-0.3298262714856896	0.26205794129211496	0.05309848147134575	0.6827162233059284	0.06128478801786925	-0.23078105746011982	-0.43759451538055155	-0.14202371445411097	0.07694603009004876	-0.03680150398709149	-0.9586280255240809	-0.30941993651501576	0.28072557222451533	-0.04893024583054128
DTXSID4042121	-2.2361449350118816	-0.8851497040562728	1.596027387739526	-1.9754134647998152	-2.10876830656465	0.711614365842978	1.686214017112763	3.3786751440543323	1.1158649977362058	-2.922008529420456	1.0973580113805594	0.26629030047220853	0.6398429765370706	-1.3521885062089285	0.2729493555702192	0.07672789387557527	-0.1411250160486743	1.1412803349199254	0.9979305241480558	0.13657116158629337	0.7921358401410998	-0.897237027307238	-1.1598517723370971	-0.4584007463642549	-0.9312846714054454	0.34508822179604337	0.04277117316562338	-0.09647832454676653	-0.11301437322073127	-0.07037070290164261	-0.8222845426787769	0.2275177310232983	-0.5668925896486581	0.5309393564481948	-0.5427127500880241	0.41290260153827474	-0.12080549605224807	0.5633150338287214	-0.31338350414802	-0.6561192854018685	0.25524624627291503	0.21367921466442255	-0.38565474038767655	-0.19401754108130576	0.42070536711411394	1.1568346570701464	0.45948833608938844	-0.08358299150139	-0.11207328037413367	0.5219952085295646	-0.25038333434638854	0.28272905864314596	-0.608782073656129	0.19268279146980183	0.14659551317228164	-0.06035160693867681	0.09412692775907638	-0.6763371309963961	0.8968340592384535	0.525597328909947	0.5936227096129548	-0.5293385777148097	1.1516110345192274	-0.5556277555025776	1.1132916387725476	-0.3877383741639287	-1.0100785046516936	-0.23897849369063973	0.8768373347969691	-0.3775256173086846	0.3910197169856298	0.09563181281252633	0.9899748821225768	0.43550953606794773	0.36304619506669344	0.11296173370357561	-0.3629460544485582	-0.13680842644674782	0.15219644951435077	0.6169120218138642	-0.8156064843366347	0.9084307721378152	-0.12542988959307558	0.4637000045747561	-1.0518583260214651	0.14214427656745923	0.31157800071143993	-0.1978881595548655	1.560654141685802	0.5646002663544404	0.7500155486609527	-0.7811544048735172	-0.9630627701083978	-0.18934193752470613	1.2610873845406916	0.8132163638290136	0.6108525039943228	0.31185506531253765	-0.43476124836997593	0.4212355817830632
DTXSID9047629	-3.2990895755867804	5.012339156937389	-2.222832640492528	-1.6623812854659357	4.782576780238508	0.9024702286959021	1.0352764758038622	-2.787126039382352	0.6033722273532501	-1.3732644448224378	-1.525118712623937	1.6461822710849778	-0.4313142664931106	-0.10064675126302453	0.714198605203362	1.5959163197846586	0.6128216208451867	2.2293094671445934	0.7308431089657194	0.6199001932821979	0.40850710976847715	0.5356511582066725	-2.4593528286839175	-0.570036201394515	1.8697529037948422	-0.9346139352950222	-0.8714028558671487	1.472361846165252	-1.2082440837361057	2.731566048830272	1.9680158403725263	1.6732848780809464	1.648131575638273	-3.0399813517398586	0.3961400174195036	-1.832825953593374	0.2906976661677852	-3.6183794605060657	-3.838906558630335	-1.356176647807134	-2.086879329424471	2.9672185785779046	1.5037878143466303	-2.334400205470957	-2.4598658327573757	2.46885031819195	-3.4664806392124055	-1.513172358822356	1.9606124258091941	1.6278264637398727	-0.9007851773737592	2.6136150554482573	0.06747916181531441	3.0983069882494285	-1.1716549040469295	1.5084796675550671	0.7137440048953891	-1.625934440293076	-0.3785178792291799	-2.083778189553527	-2.5920851945574706	0.317510989765916	0.6215739905167962	0.8188603918316628	0.3361056322541387	0.4976623025235548	0.18995769255022119	0.3930863848950623	-0.8964205455360218	-0.9726454726537974	-0.13398170116831362	-0.5482597521844705	0.1619584522357196	0.17968810816749145	-0.633048597935252	-0.2863266668241286	0.6843073562724793	-0.16691007201456368	-0.17766836005226266	-0.07983038423052667	-0.5655218533596218	0.33639819862179454	0.17262139687218594	-0.3337552939018927	-0.32071500346909676	-0.19661727874577847	0.6417002149066603	0.14868097011913387	0.039084948798659834	0.8346768701479873	-0.08629156527347753	-0.6179048730241471	0.17088746346438943	-0.37611165478347713	0.13632885506723985	0.08115803263318178	-0.3032759760624773	0.01972706857628349	-0.15150279971774658	0.03309886037190713
DTXSID5020607	7.491887557647461	1.344658369694382	-0.7619398595192524	-3.726681565657549	5.463536217477168	2.462252396811804	-0.042987746398238436	-3.7541059383724127	1.968087510268967	-0.9719147171972713	2.507616109300192	1.9126443925378633	-1.220069739734333	1.7341835212828636	-0.22974905919494643	0.6410507985986891	0.4787768958033682	2.6285984382124203	-1.6594173007895174	1.4920266765132228	-0.14014680652657888	0.7732248008315935	0.1446699467472529	0.4769476906107206	0.45867225075643764	-0.20487597975513713	-0.8427482148072277	0.4355224694578374	-0.1599453589082772	-0.636514019527735	-0.3933322407098625	-0.11277874028222722	1.0383159878188086	1.210007699270781	1.1144544418387403	-0.5964176643609544	0.9027892916991163	0.024116422721817004	0.6251265266138208	-1.2325535504590406	-0.5275140339568062	-1.6679730919668392	0.25194725725866407	-1.260343343599721	0.6174299574119096	-0.679132246812878	-0.04936664957279761	1.0426074457160417	0.7590749033472735	-0.12383859542010871	-0.07002883027673919	0.7152683184466795	-0.08674442572923226	-1.6328274489844052	-1.2979786236313497	1.323310520899052	0.7816318297470398	0.5912623718738639	0.49044070251172983	-0.8835939136360381	0.5084352625984458	-1.0728797464868958	-0.7226690147160071	0.39502872575771036	0.08374748680447505	-0.5958179771062958	-1.2827407987751676	-0.48718517564702485	-0.3149661414076017	0.7655748611953672	-0.3208123938573952	-0.8881121717491464	0.2994923365541066	0.1652007208558295	0.1257096374098712	-0.8717609111344334	-0.4300360219382772	-0.0008249729452777924	1.4746452989577357	0.5311570694433844	-0.5578421871383898	-0.5456975360390097	0.1477733129997225	-0.24970919289427088	0.16796410354437588	-0.5616562164000783	0.7277559642753748	0.1593077012286265	0.2281731304970856	0.3590548257667652	0.8941402521455845	-0.3975627542108744	0.3759324903461912	-0.5767176872858906	-0.5791067636235967	-0.05702784841963724	0.6111399179643869	0.3353177101903681	0.19353245415548534	-0.6616079564496368
DTXSID3045229	5.739763624904548	1.2551899315550812	-2.9718848287023927	5.788181266563278	5.081024029775817	0.018117969816165737	1.9829709899008348	0.8516995421738857	-3.83687809144575	-6.215539812240811	-5.585839054496582	-4.276864820399005	0.5561935380640691	8.078842925713015	-3.014785776075834	1.0193722748956142	-3.0365902558391094	-3.468129289266071	3.029633930976141	0.18899038385831943	-3.256449675342597	0.8597910438284937	3.040872758990379	0.7509527903432065	-3.6339424284327033	2.1718975457385583	-2.4198756345955568	0.9114426315871051	-2.187467572320533	-2.7700065800677427	1.6527539546131338	1.3926638970606557	-0.7002005367031419	-0.5495684101697004	-1.690798685234878	3.0635926963852294	-0.9782867158589768	1.1543813731633177	-0.4115718761271497	-1.421755524828663	0.7306610109242898	0.9332969075203221	-0.517051187127387	-1.301326381891119	2.0573453190203113	1.8765486250881667	0.20644458831434948	-0.8144495471990337	0.8382561858577015	-0.6767151458721977	-2.2570505538948384	1.6852847760803356	0.17560551166130897	-1.797772930102502	-0.42615278117144206	-1.4336867183697535	-0.23184419393696923	-0.45400050551178944	-1.449645822667176	1.8752123411538646	-1.123046680371212	-0.042557466237148706	0.21008364189445325	2.0075366596142494	0.9333194192203127	2.13364607021892	-0.626554339986297	-1.005376955373659	1.638632090183696	1.8760668109166112	-2.0346158477836433	-0.6647062405473267	1.441479053090858	0.5429159918261296	-0.9461431242670842	0.3757002294491669	-0.5441146666665783	-0.8261586281397463	0.8235941764742523	-0.787769347895085	-1.134264802786678	0.9959947693789134	1.9623681353110696	0.3167473421775583	-2.0974883579269568	1.1183187163951716	-1.36908141072104	0.6098483222188358	-0.7536161303297709	0.01718981200984916	-0.22711658883893493	0.5749847666250076	0.9344453586869164	0.043770482902787906	-0.3330873297506509	0.9826272232495327	0.5511029077909404	0.23660060347043224	0.5554376567895094	0.03830775097248127
DTXSID5025100	-5.068289706275989	1.3752507594537682	-3.94292174229304	1.488358168160507	0.9741268244475565	0.5474858796994786	2.503426744215018	-0.8622330614978615	1.6424285568906596	-0.5970373829063254	1.34648896694214	0.8909426131228415	3.363840811018337	1.5805534675825126	0.7857343591200938	-1.6773150137113058	0.31557912672563204	-1.402912704069302	0.6259783937201873	-0.8395853524906293	-0.5355697337482136	0.6419708741833947	-0.21679498206567943	0.8835789627206656	0.39451604236106663	-0.5353018883312018	0.8359904681497148	-1.5574558873497466	-1.1090578428734128	-0.15463369357543558	-0.7184841603853627	0.9484448229443813	0.5852819139882154	1.2912656095884911	-0.2924236565020886	-2.213399691929441	0.21369807428817575	0.13748473398175964	0.9367851674955595	-0.6045087529766965	1.1637037036317572	-0.3219010068715619	-0.4795633508025898	-0.7426859644445557	1.6966064314701939	0.49094971442467694	-0.8598372353799076	1.0138131735884959	-0.9103628529117593	-0.2213030721063038	1.1989993697725407	-0.9435710016639176	-0.08581476886605269	2.1123669874595086	-0.9166627465283835	-0.4555192352305167	-0.7421219165419979	0.24548720361600532	-0.1352913990485482	-0.3065085355451831	0.20946591029221345	0.08465670397219208	-0.6426455797757775	-1.3313857100058657	0.361682246987745	0.09908483677848794	-1.8163766006846673	0.6230543058607713	-1.5110766612165676	0.3056270352971327	-0.34331623941330686	0.3567676618220866	0.024666290010934733	-0.19995558539716984	-0.7739143967778331	0.27344167805333125	-0.28288735635854223	0.1388971887812936	0.3071615102388119	0.23331045376380494	0.18563502053496547	1.1929687683342223	-0.0017837963526928585	0.19647638114896243	-0.37825010331753955	-0.17453079354310358	-0.07953110214452074	0.34027819754704863	-0.26256811130408186	0.013033854163334307	0.3774239659318512	0.0013752000267880163	-0.24137253071389536	-0.47748785182260406	-0.20397247915474415	-0.14694084766510693	0.43563109323033417	-0.10076884074529331	-0.26990989211119204	0.5389129279708497
DTXSID2021608	-6.99673952499863	4.336435401970885	-2.6433372432071307	1.2927674551915405	-0.3224237572887824	0.3020225799166576	0.7171627369977247	-1.4266452432431669	0.5448711133771348	-0.3196831094247858	0.2706499447406649	0.7060858021404467	1.8748631015542603	0.5703689606378998	-0.5799766950542988	-0.13930964183994837	-0.08316653695689347	1.049672870939105	-0.33095404800295075	-0.6628053776682485	-0.8153712767718503	-0.1281380145783814	-0.995452660284775	-0.135014453206989	0.4013547662062974	0.16212624367067646	0.9289420222983702	0.6769527927900351	-0.13615794722915964	-0.07873672958206052	0.3858748068701909	0.04648617498283818	0.0642081427667213	0.896019190595272	0.34500790426923256	0.07093703113773639	0.4564176412891053	0.5002978325289115	-0.9509839177693347	1.3644208094315042	0.31951286559750147	0.5064590992424031	-0.17535436281157538	-0.5433628153233312	0.09932781365237699	-0.27745058386166094	-0.0943974229597734	-0.31334453787651667	-1.3665625460413782	-1.9532099808595957	-0.7425824157451124	0.06347771563252268	0.24315773084038975	-0.5038764040024503	-0.8918653339262165	-0.11573229292669072	0.6993609005365189	-0.9029136252853629	-1.3816888980344797	0.104852517589789	-0.0602475217921827	0.5309155862782597	0.8146738073143329	-0.13391382560216614	0.29221157475881804	-0.06593679453454838	-0.8413568602791609	0.31367568237632315	0.31549678814263193	0.27005643750323843	-0.14232840228160526	-0.2991386656556438	0.30794771465794296	-0.0007809482922884013	0.7398556747844452	0.2295568638365056	-0.3591647235441341	0.40518755078370516	0.19214891950054608	-0.10337570913196273	0.42544551160977445	-0.2045088323364925	0.3132023825545759	-0.33809767826070247	0.662181496412589	-0.5446002379579485	-0.18039851154343303	0.24141187284656904	0.16202682616004124	-0.28981469124809983	0.3734993151428754	0.44152203534534806	-0.1860218756569743	-0.2450287681538054	-0.23623370449660863	0.14884849151289492	0.217885782147683	0.17633449533285386	0.09550329473490804	-0.07607869968944397
DTXSID8044913	1.8315274434365063	3.2877648162613915	-3.7447648267687876	-2.320865237448098	7.170550784399234	2.4395825978429366	2.0527020310444737	-0.2711232060515628	-0.4118154868365212	-2.374773575205793	-1.7002049468743317	0.5300873551681271	-1.194580908191384	-1.1033834671564318	0.7442670620016452	1.5555657390053568	2.2764253240671604	0.7236072749131804	-0.48644800100615054	-1.2103769033347107	1.1417446441397026	-0.81138449385201	-0.9432275021096526	-0.10066907581480444	0.8714123109089695	-0.49414813483376496	-0.4106503120586047	1.4049786133500934	-1.1728527208274053	0.25799850963116344	-0.6129640677103751	-0.7504344126697386	0.9490353645982028	0.23382295954595586	0.433158928029271	0.16428858749685823	-0.34318926061848554	-0.4693603876957933	-0.014806133938692609	0.42007582994155135	0.13366316811566692	-0.13687572654705973	-0.8813552094933029	0.6294158630752763	-0.2665896027375437	-0.5835504166497039	0.6817976045770011	-0.1381127608350606	-0.02138460042384461	0.13981096181983496	0.3874447852970111	-0.03898552787171254	-0.03800429513755211	0.8899736264253816	-0.08611815254684478	0.4110284510619613	-0.9082964126606095	0.3436373030336016	1.0074580536539532	-0.5578837290891251	0.11232137215626284	0.4042332608993504	-0.23144300927924066	-0.23963206615309504	0.15194172714790508	-0.8366452375625972	-0.3519950552936133	0.28911241350628164	0.09306218790175257	-1.097279459162098	0.0426419136381803	-0.5817545507103111	-0.8447801039526543	-0.5294401772161806	1.0362873707392712	0.1777717878429793	-0.3885326744196074	0.5814279745988802	-0.8812345200936575	0.487094367027002	-0.04846275855859597	-0.29562502940965935	-0.45255026723378206	0.05018009950458001	0.13776514313920504	-0.6039318321524392	-0.26339805536302735	-0.506416083737189	0.04274683110333445	-0.6600350357590844	-0.03683895585891278	-0.17209989590675542	0.3597188046235187	0.5991100369182858	-0.4909790874870077	-0.35564266817641793	0.4995779937629467	0.18853213508204003	0.49566929259166304	0.09206202552912118
DTXSID1057741	-2.875653603742186	1.0376820779475866	0.5028306485690036	-0.599149484742025	-1.6551980788216316	-2.4523581587308576	1.4548150371727662	2.3731571159778273	-0.6178171595266314	-2.7947297827599704	-2.1020867048148415	0.8376701274900883	1.5684772938882676	-1.2182541934238416	3.0308817057554998	-1.467983748525225	0.27302049855112825	5.09649533536213	2.994533882586976	-1.0187492426732578	-6.260730278811472	-5.4220679912339875	6.958976620610607	4.372685840584277	5.330942417889065	-0.45899747489967996	-1.3266453917781995	0.329001676034159	-0.9199789972142799	1.0213441192829549	0.03424895449741291	-1.177202554375537	-0.011300037320965465	-0.4435002891528608	-0.7117761588216877	-0.7252309571934908	-1.0399268678762086	0.984774137365073	0.0012502561930076315	0.19655314839152638	1.058995840292001	0.24325743127150343	-1.1006627910180304	0.7349088635536236	0.03192579595815638	0.16924463140956705	-1.1584679397211257	1.1908964772444117	1.2564611180617513	0.439105316215299	-0.2487219343982837	1.002917735135111	-1.0116680788667678	-0.26607806038384524	0.7797799017862145	-0.4843596827887631	-0.9558335337125642	-0.5176007088117057	1.043846638428468	0.7574806515623811	-0.005705218126453594	-0.5489974703861978	1.1735078249493585	-0.9162836036030357	-0.13637297055588335	0.40407607550023433	0.6580796118369973	-0.141458282239314	0.3442589590325267	0.08185209315609446	0.34034314072156163	-1.15056773650556	0.11019234271396364	1.6627179534826404	0.11475527803716644	0.5106382858523976	-0.03020902226519807	-0.7448306876504251	0.49864908484887566	0.14460485974748474	-0.2300986000017837	0.19237359464792286	-0.29859171133328805	-0.7389385591115912	0.3530209748694042	0.17558691583285355	-0.2579973483072487	-0.028219944872221292	0.6390125331676589	-0.27295282098507917	0.17482164311027826	1.1612733415420187	0.5837525011138837	-0.37392278071651336	-0.5136075299333034	-0.053276830508828296	-0.5095859694304752	0.02119350018749179	0.23740389967702155	0.6153014589057003
DTXSID2047270	8.190210419366316	-2.0293652708850196	0.07677212126623807	-4.301558810771881	-2.4594690699718735	-0.7167689861827979	2.8921548527543544	2.7176530749781955	-0.4140772008939803	-1.75124713035558	-1.073869147079985	-2.2700771777221846	-0.7011238502071541	-1.161163172484606	0.8340108750482426	-0.5768165153965704	-1.8898448881725263	0.11454795981295529	2.4246247804319534	0.4357227916325377	-9.443703303780124	-4.409526441370949	9.222583985950413	5.763065586356054	5.615921327452332	-2.258610788892999	-1.192143193937718	5.058202816608351	-2.1214031345180944	3.2792233476145918	-1.426154449483678	-0.4813782010578625	6.099298985364534	-3.0567139005532367	-4.081166855021213	3.4065365138469588	2.8035927748009373	2.4150686413421236	-3.8536845082758284	0.2596484276408601	-5.848954554270871	-0.08201414792740624	3.4009604014922448	0.7166839837426013	8.697798563730297	-0.7469022473791916	1.4023891075427855	6.610631846485087	-4.444844003153182	2.2434524284748742	-2.2879514640535534	2.8622554353663827	-3.2182915860694945	1.5686588158654622	-0.08004716130755242	-0.26735002805770713	1.058128810120568	2.7921491796094444	-2.2406440889364077	0.9505550628904191	-0.520604467589386	-0.21267789778395632	-0.4433435132611008	0.9789634594791887	2.516280084190034	0.02719881067397751	0.15496185675615862	-0.13592326460939622	0.4737415779623036	0.24696925963070898	0.2892390377398924	-0.38913454793185465	0.14574939242808932	1.2739713142055054	1.0432984974650972	0.9670437970101337	-0.026512260694213228	-0.15946459437051985	0.2536126516613903	-0.43201459071805864	-0.11709864407206545	0.13642277043022227	0.24694302577288227	-0.5867312780744595	-1.3165092714409645	0.9626096643702277	-0.7818128644913092	0.6547212009444379	-0.3806144966315429	0.1578937604475365	-0.1790153322533905	-0.31603670686208785	0.755491675142103	-0.3229623762092782	0.41415538249919887	-0.7442957748710637	0.02296285047270382	0.43297705039916534	-0.7228504754182394	0.5662486837599934
DTXSID5027774	7.405934572754993	-6.415571361880143	-9.01142684612641	12.718981070350761	11.004179635202988	-0.37959919761807226	-3.116553460869346	-1.2735314068366757	-0.2840704327249195	-11.51306100481849	-4.728399172257742	-7.819169308662878	4.580513293845598	14.38446406802853	-1.3045949028928057	-1.706223534889285	-3.613189622910681	-4.608572007851128	6.76893831655888	3.8323232475217277	1.331370354296956	-1.6972463198887224	2.214441089799058	-3.620734846265823	0.4325708366580435	-2.038368963301464	2.1828118316359526	2.2322812525979976	1.1503398112441359	-5.000354370361385	4.5147900396671545	0.7059935637985321	-5.170114958662035	1.5895603958561357	-0.6546068501131795	3.1635143086131032	-0.8811424635376044	4.230441679276997	-2.146381252009468	0.006790257659689485	1.2903588707431548	3.358840462548246	-1.1133551396443808	-1.8261562290689424	1.9686680621973403	-0.24812301389163763	-0.38239227278831184	-3.2238704947559924	-0.9990067378081022	1.5953072130359256	-1.7706605727907108	-0.14299545429234217	-0.8734546963421805	-1.2089882039489495	-0.437233821920572	3.424570981586616	1.1933199590374615	-0.30470973918493627	-3.170374941618841	0.10092223126223487	-0.07363263832659037	-3.5132373613457553	0.3912305540055409	0.7066502612850033	1.154320100240335	0.9699445022485496	0.15145882862114432	0.0338705727227867	0.3105771391884686	-0.1967658963745957	-1.573024185361737	-1.39214242130968	-1.2412683664453283	-0.9741230715437919	-0.14883916603703093	-1.1140415144503326	4.0695002930827675	-2.5232736624900127	-0.37333614566664064	1.0926662667978768	-2.3377840846378652	0.2022271279775506	1.2564499201315131	-3.793717584039417	1.5773600539095307	0.5637994668872577	-1.3813640276926762	-1.8677038962419823	-1.8988998260053316	1.4252384584634767	1.9027678628064546	0.380466969552226	-0.24203696848664652	1.12483801252654	0.09784671059688874	0.20686066160472386	-0.7624706257344794	-2.0762700976490347	3.9491857805498722	1.4374304502960351
DTXSID0034229	-3.5286347436956915	4.418032454429211	-3.1072826223169168	-0.033340473007512826	-0.1818191490271118	0.7241124734906627	3.3119371446754755	-2.4577822581679656	0.4128743109381587	-0.025786048197277003	1.0787138172540622	0.2689474140428333	-0.1982276068619071	1.1380334959151852	-0.23846196422411411	1.363220852131703	-0.8211886594366681	0.09220826771079493	1.7603655769372595	2.4534903389081912	-2.258530601456319	2.212956678579967	0.3258343881677231	-1.3939514175310557	1.701126948579956	-0.5736908620806118	-1.1919697522351254	-0.47219264623239193	-0.4781424665100781	-0.4624003416930408	-0.5296129188629346	-3.398485722603412	-1.6210203597673485	-1.8762735754704272	1.2905617998820507	-2.529424060707996	0.8203096987873759	-0.07279870419478945	4.204037258550525	2.045864972068877	-4.313391117576255	1.1153763443002236	-1.5541768178377686	1.1096479489315256	1.2566018983880416	3.902361615924011	0.654355129315652	-1.2812881067199626	-0.8484532390733266	0.32441416070285417	0.024354265530702558	-1.3221122847523663	-0.6662502938941937	-0.8046063367566109	-0.5134085588195418	-1.117193412184975	0.8383534046529467	-1.553987203951043	-0.3707780266867377	-0.3816717744621284	-0.8474099127972922	-0.37285006849020286	0.916435355294474	-0.5982776103750901	0.7363683645357397	-0.5907932906682618	-0.4366410242386945	0.3664223492504071	-0.31721943115982054	0.8037354714384798	-0.20151932402191142	-0.13349338228123545	-0.9737475260555626	-0.8948852353214877	-0.45851319776286853	0.8266524823068694	-0.3907576140472659	0.35463967338873553	-0.6337767775469361	0.2043893753060314	0.6579873004057134	-0.44753235940562924	0.28504727126103047	0.23430988200556452	0.23476216131184627	-0.04324335251718136	-0.09088695216119079	0.4306622598871011	-0.3918704852147542	0.04603037858617068	0.4127024190818964	0.8810556310842986	0.3405661459826195	0.21409517231377276	-0.10199264822634525	0.3228203502853359	0.12722637464534034	-0.15568888144688853	0.20210454702855465	-0.4551560174674063
DTXSID4022315	4.611123525569605	1.0652685798538553	1.3200846114070608	4.3890561135911454	1.4346272904354456	-1.7475062192813935	2.172414745254979	-1.545763543836764	-1.2178029954503353	-0.7972845438965559	2.060554379596809	0.14862712191139574	-3.2475773729867474	-0.29410676147741677	-0.757053515868633	0.9117150662702328	0.46997700642566387	0.7188242937614339	-0.41205127565950844	1.1085127226480513	-2.1927419876510057	2.490361076090245	-0.2211125937964381	0.48165806984614945	1.4812825205346698	0.08213041608714274	-1.154014430809932	-0.8113679598985232	0.4190457347275639	-1.3572683027920056	-0.8611276304639678	-3.5163382333738658	-0.4281306621385886	-1.4621207635697864	1.618333774051283	-3.4191070359206233	-0.6266940923323273	-0.17923497185169654	2.966128638500354	0.851551771771693	-3.591721033087121	0.46379172776731364	-1.1069794214031232	1.006045202744975	1.8066754621552907	5.308431947206871	0.5027923596546119	-1.9026504189547457	-0.6348981211909149	1.6477620505278867	-0.3145132193720975	-2.348509715832279	-1.0934351218643354	-0.9449613920446343	-0.2719318375793024	-1.2806018513553423	1.2553131174363725	-1.3913524981852918	0.4182659817178394	0.48812702382621165	-0.22714782370266434	-0.6636788206072126	0.6982256547131493	-1.314031138758276	0.596252707960662	0.29998978524806574	-0.67205433364072	-0.2860607361644947	0.29351286229556334	1.8261375912578308	-0.45561758760281823	-1.6236769561575761	-0.9733723939072195	-0.8915349978755378	-0.030407797623673342	0.5053981236725308	-0.521279471940128	-0.9551031874722923	-0.7124538580685522	-0.5636136362921301	-0.39803152409651926	-0.22275461584062806	1.0962019765268551	0.13755162742950441	0.44056850884595344	-0.640382939361665	-0.6674815231709538	0.4566532888168578	0.1307687813476095	-0.4547189223872637	0.30354338677516757	0.866702110815957	0.9650849607949876	0.2486019102254973	0.2862596933018504	-0.46397155360889675	0.9371738236111257	0.17052863446178845	0.17244647484139175	-1.2375712880956191
DTXSID3044124	2.803173704438847	1.8428001755911767	-0.5457371778846674	0.08198903578362235	-1.2725887380613867	1.994987340562139	2.4866685548547856	1.1759003814286204	-0.17681579296002695	-0.22024843144905437	3.309571435624793	-0.8169674893450924	-1.1711244058043746	0.08151371287137972	0.23665838101832246	1.1183135734748237	1.045826952651126	-1.7599907220594324	1.290656778935747	-0.20631840015486383	-0.7492448912379376	-0.27881925254781564	1.3812782053880117	-1.3873874105763833	0.44340283116856616	1.0995178945426518	0.34602789052445093	-0.09533585412604674	-1.503339993517431	0.6763696842726047	0.18142252514764445	-0.3324242831920831	-0.39908232931954696	-0.2429601119128461	0.27731011358014235	0.5458371272123291	0.10745289090586149	0.33961022646069494	0.5119613437379189	0.3094264632396391	-0.02320839973818412	0.5725937869044162	-0.36593938589981095	0.15986449505076095	-0.22510866634681123	-0.6754277036763743	-0.313211371213556	-0.7350788731103992	-0.018285322527410483	-0.8483216630977051	-0.2750773851169716	-0.14108322698046058	-1.4625195056778795	0.540960486482257	0.3766941848560466	0.2740139551979557	0.24402948137117383	-0.09440286850937848	0.7125636358665922	-1.3016645043173185	-0.5812120402973902	0.9440339670383578	-1.2293328122788283	1.1974407719475066	0.29505389442583774	0.8122965570286812	1.1337436613569518	-0.883398860193729	0.20990687839908134	-0.6701557907897587	0.3423803628963989	0.7106268926909591	-0.36855273643977016	-0.9482509270828436	-0.4876123838875583	-0.016765831384745765	-0.3320206303955909	-0.3649214556428852	0.5644204984790961	0.6808726567842359	1.521062857582691	-0.4595097952941077	0.08215268938370988	-0.9078706217784188	0.8767518784343286	-0.28191129971745343	0.56701652024968	-0.5249521531707813	0.02472846665787915	-0.422939637016501	0.7475609486625174	0.5486024965136881	0.6239269639673872	0.7844642528606824	0.26219511224787473	0.8086623013200692	-0.22147683890565475	0.08921733339633237	0.20867843078537854	0.20754024360489118
DTXSID6044226	1.8737088509280262	-3.473837967798134	3.5040283521274618	-1.2454860539070176	-1.578438496043818	-0.26042432590719944	0.2597894416745595	1.8039369659787812	1.0053894482520604	-3.6009823712120355	-0.8071332071501264	0.04202288906799191	-2.0485292487967803	-4.277482528676269	-2.8721073487112143	-3.697430003733654	-2.107250375168927	2.836012682421098	0.37679058963130235	-0.5567177527553985	1.742715790203394	6.093487488201263	3.0772092275088276	-1.809043787694552	3.5282299204833523	-2.2775285596294452	1.1163690371625408	-2.2563133508914177	-2.9491300432487106	-1.1773597817407455	2.0553330084776253	2.9545578705293822	-1.6625080075567507	0.17925643588475657	-0.4221043220532766	1.8251627433214381	1.532571914048728	-0.7627658009707815	1.2312839862183584	0.49391013013546414	-0.6030607487933758	0.6843941702648485	-0.3099947441246406	-0.6108268676390773	-0.9921380519144077	-1.3880321528107435	-0.8055079773672702	-0.09364930874114476	-1.6034718197436677	-0.37736052390687075	1.0830683413999185	-0.17624811125854545	-1.139581812211481	0.6725330661243687	-0.2460909611478857	-1.4554725481598758	0.7573713046654705	0.03457091030907774	-2.9421055753433585	-1.1875126232946784	3.4539016710262542	1.5421771793406451	0.36300370165106577	0.610753390518733	0.6099121144033004	2.16079485604555	-0.07923085391583619	-1.4635480360641533	2.994098854996526	-1.2090932763984297	-1.6442980231526738	-3.182203487163433	-5.955517423190528	4.543110198959539	-2.6133374525047626	-2.4016174253575397	1.332098222630454	2.3445464053763034	1.6399741930588756	0.2835906040011253	-0.30482022083294724	0.13558885056167486	0.020366642300044504	3.1274601446784267	-3.819320074599477	-4.2434897928448425	-0.5667876986474837	-2.543443534956535	1.6385834163973316	-0.6775859991135342	0.5168746954284912	-1.5386531009037012	-0.8553726362856761	-1.2612513590824075	0.2655170719215272	0.7350639415214163	-0.24584908610086387	-1.4949074503822914	-1.0085325533140042	-0.4342822017928266
DTXSID8045777	3.692268918612846	-0.759776837155071	-3.8066803110504654	8.319547590145858	-3.0798968551009263	-2.8861099147048686	2.811885873343652	3.460116975468419	-0.7215911194459624	-3.8277925602026497	-3.363068170691849	2.0495735780638347	3.280314149916874	-0.2061584497793121	-2.829995891524144	2.9024401461266067	1.0253295794273738	-1.0217955466933193	-1.6999838870314266	-1.9863305078379125	-3.402366539601434	4.8509225889986896	0.6241102763618354	-0.571264383386648	-0.39437423291599855	-0.0071803388024894695	-3.5385082688124734	-4.884478312525786	-2.240291037112674	1.3261663725077764	-2.1403289471795834	-0.1115570801391345	2.4888517951947526	2.718001471307235	3.021689790336046	-4.181744379590142	-3.0086888146149624	7.372585772172949	-0.31129866802280665	-5.9379242591530605	-4.69887897977365	5.2564642625556015	5.535401555054693	8.022060032400367	-3.0890049585267105	-4.814379454790275	-1.1775273033070803	-1.3890633678619808	3.4223911405622567	-0.8744688771105805	-1.3968211785491778	2.5825346349685945	-1.0623808222508786	-2.547660355686996	-0.07009467532236997	-1.6165023832950498	-1.1070782412861158	-1.4522560351024265	1.5487315635513723	1.6634120466775988	-0.9683992102556145	-1.1049475183599573	-1.2596206878458762	-1.7754218453339472	1.850487858509677	2.8084364897953327	0.9626428095285159	0.3654816186643548	1.681921376229705	0.5193602535310202	-0.9485661876448935	-0.9532917074349867	-0.2413645056969211	-1.950009204892622	-1.0345155246961224	1.0574308704489808	-0.19061038084223828	-0.13794496458466174	0.5843416609262992	0.13419642530572357	0.6725583285429236	0.15882143196950776	-0.7616558619642638	0.07976664265658885	-2.9995975428846813	0.13777053722760502	-1.0472211633223316	0.8975835511581364	-1.9910933843109089	0.39819138306272706	0.9480643073039484	1.3114513285744869	0.9472509924059322	-0.44001600411063335	0.7336975861821602	0.4868737524136482	0.5885920736823632	0.24964029192228324	-0.1366836383564015	-0.6454793928073422
DTXSID6023109	7.161434772915597	1.735269777190437	-1.3614809419459653	-0.3394134337023915	2.5972805935054932	1.8289602378453	2.4225350626230515	-0.2167382703498065	0.03441411051454763	0.17087351601043427	0.4938690488432191	0.5381644744607752	2.2036303492387765	0.9308197564036945	1.1502127469017311	2.3128557458260395	1.4912946770875006	-4.642159572120612	-0.23887387401112184	-1.0560067001516291	-2.7177922295484005	2.376127588681365	2.1386261732473892	2.6904377861595923	1.3813914087184438	-0.5267671714055927	2.7075917836423056	-3.857803018029595	0.8286214395608983	-0.13933890246370115	-2.5592753060298215	3.630413626442161	-2.2763505506046915	-0.3020099013612033	-2.789458826550486	-0.7787320979165355	2.0606194409898126	0.9494772130817983	2.2960484679253907	-0.3131670037638089	-0.7287637929274448	-0.40272493529129894	0.43520545216585216	-0.1136790934681336	2.8614617564344553	0.9972510315497831	0.12421567069018606	0.9271145069309711	0.575210894925145	-1.7497380071338884	0.7140252050954751	0.0011587478632425624	0.6858897817706853	5.219344718996557	-0.10534579207550522	2.3145045554294463	2.1354653859562784	-0.9722352864507025	-0.5240334051838687	0.08913068299164131	-0.6361472842812098	-2.7104790203208324	0.06830831278658292	0.30979989546793973	-2.4596450061373436	2.9469207249295404	0.6485964763405392	-0.7047071472388661	2.620893726961637	2.4703204262216727	-0.09363597088197675	2.2377809473558266	0.5111932662249943	-0.5617310005425274	-2.6492760988408426	-0.10029943498723723	0.31932599767521336	-1.7022269788289717	2.053791062523289	1.0562981407334935	0.8931065295057942	0.5515408069261901	0.0638465815609227	-1.1549064127521873	0.42189164970923093	0.7269331705072403	-0.6280057636121502	0.6569901458902292	-0.04777671903076986	0.07137394472423074	0.8267766203285164	-0.8192387294875386	0.49220993707656713	-0.18303662602659396	0.9527729136343044	1.6855844551149113	0.03487517713622999	-0.4398679603171935	-0.6290891029769212	0.42975249263175685
DTXSID7022174	1.5220017410463997	-2.921134359191321	0.09174627790204895	0.3910202172478169	-0.6054074934984501	0.2277981607383249	-0.5221077526170879	-0.24407554723215671	7.4072108117962205	3.2035615738010534	-3.6004648660781355	-4.725013307238426	-1.3420065033823443	-1.2980165578541554	1.5687254228947207	-0.5158160843576104	0.7350303886936593	0.3679788603648101	-1.8760045928982856	0.6710518758808085	-0.5750936846839695	0.3434063104946878	-0.23915839072586256	0.647059320936025	-0.694034123277784	-0.3505067102021251	-1.284202133065761	0.039025103516171444	-0.2840066630845881	1.079391009496531	0.06912016819295856	-0.4844704631482945	-0.8428063866262824	-0.3279161910673824	0.49801088495891527	0.8739958423078827	0.38967689935458893	0.7609787531947365	0.12867784843302402	-0.362867765765361	0.5788485666444257	0.7433341746995543	-0.21732494112408957	-0.5767450597408896	-0.25986175284447044	0.19877304055293052	-0.04580901062562562	-0.3187161367431097	0.2578748057386442	-0.004719458456566965	0.721792122090393	-0.07553216871542473	-0.1435550676971809	0.1930411746010253	0.47523102731825845	0.5908867621944703	0.7816156096425788	0.4928077895128933	-0.5206264339609882	-0.48678897087978446	0.6749159462659142	0.5037721267463782	0.2525661602343445	0.6505521279675951	0.39911054002965946	-0.09131552552661001	0.27061830087445976	-0.02247497807664058	-0.10718090568590241	0.5181249536520453	-0.004101234004367554	0.17371332731211386	0.49100619946675006	-0.7291374543028311	-0.04661622066834863	0.07565410887311062	0.632594855506697	-0.08286484483034273	0.391216484829513	0.48039114527327986	-0.07045880316371494	0.07348320916084389	-0.03493574981888271	-0.014535614140021283	0.16767921481894843	-0.1301970565064237	0.13030032498508892	0.38713589122024444	-0.4698251788014769	-0.07046695551938759	0.31893430157117575	-0.18271995013088946	0.1182943397014082	0.6662842629390936	-0.20445339657701944	0.6819234863476219	0.16029235978112197	0.5337994547276683	0.0099441643980336	0.11847317129557988
DTXSID7037131	6.395065095906021	-3.6957829824652553	-2.6179191968512776	-1.1078052878317743	-3.0403407663547193	3.5009875897468286	5.188090293609415	1.5715343209170642	-0.1654215265755198	-2.1185552888520833	0.5130879062772106	-2.451859224244621	1.5229029259006865	0.045906164420358136	-0.19637187143801407	0.9782043133790047	-0.5947352766070313	-1.446563415218039	-0.7558125671438933	-2.4546847995498227	-0.06341664253872929	-1.6818021720497582	-2.8866933571919833	-1.3429745175569228	2.567576672972811	-0.3958202562881111	1.2010392154422178	-2.0441964826338297	0.49394771097572254	0.7281797696205167	-0.7613936263282519	-0.9002297648180143	-0.8573560644321947	-1.5154445904828862	0.3460409092852788	-2.0525164623487266	1.0321218109067947	0.3942311746708517	0.6404741196702259	-0.11526198522621307	2.0159003564556808	0.41248604874145	-1.3264501886763838	1.4599727592917913	0.15560351478830847	0.3042155819618269	-2.45616607470227	2.8808050810467667	1.5882964181395471	0.2681175304267305	1.5514455548894497	-2.2121269669140706	-1.8888637175690643	0.9674757477735317	-3.286235560567516	1.825845244095194	2.1166584670426007	2.933628861733803	-1.4728354221591335	1.6685302028115305	-0.3336219707017672	0.3845971609832929	-1.1697144960366184	-0.4454527027713223	1.5398499382363013	1.824748888225125	-1.040672695053934	0.3392452289115399	-1.5417607382766432	-1.8891516379645958	1.7422889360343394	1.853334987867888	-0.3508380054658422	0.051309307278104	-1.3264831402000934	-0.5640532677554078	-1.08603071792474	-0.7810700117594875	0.9577036129686866	0.5128306079467867	1.2630912290338772	0.37657212384441857	-0.5796604094324566	-0.19995911588514706	-0.4232161462821539	0.49164085532100893	-0.28048893139467446	0.4748914485932762	0.18943442066388624	-0.7334995833118215	0.6512969013725568	-0.6747872995282076	-0.3189933678164258	-1.1095537838268996	0.46626829803164666	0.43943538638618324	0.9998470186578692	-0.1330556794352054	-0.0786640726665193	0.3229020639645438
DTXSID4040711	-4.691515569372081	1.1639152186367365	-0.5707330298113935	0.14208893273845374	-0.718945851734878	0.944454210718257	0.7384546578105295	-1.9599659703534595	1.4365058500783106	-0.343507829384225	1.946065278925432	0.8193803838613211	1.3612284259135925	0.9639618585553528	-0.15766040748427657	-1.1043884932597738	-0.46009603818847966	0.8548147577122205	0.321652467464591	0.4713596501169307	-0.7058807193815069	1.080860923905485	0.27912956155089297	0.35290897479082506	0.10987074025484435	0.2845208131890384	0.003544714848607262	-0.044587559034865214	0.32736750286422184	-0.691242156553462	0.15152638880715613	-0.03272027193515779	0.3856521602481956	0.5353563010766749	-0.3354780525484862	-0.08465001136968568	0.22965478939790834	0.7512615262825875	-0.3093743453919837	-0.5641549036221181	0.20766139379048817	-0.74935809072685	-0.4625020161005104	-0.04336483699807609	0.7231257538155375	0.16751647509807627	0.026511000456286293	-0.40207724955318386	0.3502368048942187	0.4599583917520785	-0.19887335529878586	0.0661214243538925	-0.33972619747811245	-0.0995010756510893	-0.3945354177238853	0.24859735822195922	-0.17226214572963802	0.1674865867596306	0.00515657705989465	0.16853563952775757	0.5209571330941758	0.05755015658495293	0.21920747428421763	-0.030143061444219174	-0.6414670463292739	-0.07156279836567755	-0.25245077703622765	-0.37560581170583474	-0.31068281912620643	0.08658449306360276	-0.657170072795479	0.4978077251112171	0.00626875718508961	-0.34360333122397313	-0.1200281532862046	-0.305502480050394	-0.0372917410922032	-0.3014660124353008	-0.023693560352118854	-0.05369502117773212	-0.17747573684109705	-0.11356626673394063	0.3861076884056167	0.18837577351053061	-0.41593255662276696	-0.3042122073045379	0.25979313466897425	0.12930505133041584	0.20074598408572644	0.09976853459648609	0.25604748044754944	-0.12500442013287455	-0.197197273727232	-0.018817755760619254	0.03222750553748636	0.028431512914275852	-0.21452542054184523	-0.09260559574120802	-0.1533072109328777	0.09983486920165349
DTXSID0024971	-6.206337204172565	0.3804766027598756	-1.4436001368266598	-0.9209401441213931	-1.5269144674652673	-0.3070041557510841	-0.4355599654691636	-2.3598569309565938	-0.8195397969615057	1.4310845263622152	-0.3844375136746885	-0.2560354488258425	1.550850638462447	1.6798832198902003	-0.16447723207959053	0.059598955576182285	0.5098977214348195	1.6764900658833513	1.0937426749966355	0.3345582482909998	0.43900281338961505	0.9237105428530594	-1.0141722722259974	-0.15319723015024928	0.759247479962015	0.07478752938828895	0.41643581559185505	1.1831860109810726	-0.33406232946619185	2.7504080458238094	2.375156326908923	2.26532702492821	2.1880114625085603	-2.1600118615583317	0.37083367918200977	-2.7600299656812024	0.2492447697431421	-3.549993878815499	-3.8059178811673746	-1.7938729182103288	-1.769639576962432	3.433382806872447	1.9238771350120578	-3.106644789598306	-1.748137543313259	3.319282588483038	-3.70488718720635	-1.8970381405620271	2.1593332148945246	1.7651907125920583	-1.9481131391181143	2.0452167597674236	0.5418817862166071	2.805279868008487	-0.9101592532418364	1.6385519186849222	1.3660619739431992	-0.9063134022921808	-0.35353255033577907	-1.97374060697588	-2.0017691790663097	0.14271733236255704	0.4722969336685839	0.32085195021376683	0.054378354476322846	0.8637753024257854	0.7162380146502901	-0.1949452713852841	-0.6041353663087925	-0.39738764238137436	-0.7443381239614105	-0.16226185367947416	-0.2632663265355737	0.5801924184034367	-0.31080267858692945	-0.3269762480419822	0.33888811321528833	-0.20199727692059044	-0.1155142245472153	0.02246080951924088	-0.5473521935119554	-0.5653219973013349	0.21213040002072106	-0.2340537586198987	-0.7296262604990207	-0.007648655428895998	0.6544497609429335	0.029344888435488877	0.36730285010843405	0.6276243377143745	0.10963048921031152	-0.5698346837171006	0.20951066389301692	-0.033054673000966865	0.04122281455603606	-0.36797887163295584	-0.050058343417083845	-0.03165592994791499	-0.26130307549180554	0.15536339005791847
DTXSID9022944	26.30507417308499	-8.773434052276928	3.7384352177042284	0.46761951514756983	10.014078371204866	3.5245387632062393	7.155335850747795	6.163270117720247	1.670006284470146	9.251684742249752	6.511832480608306	5.204845064654155	1.48295804574138	-0.5435872792159387	6.226289614308146	0.0999268763373216	6.549827702023124	-11.928000519479127	4.30733018461423	-2.952133885630507	1.133146438421222	-1.0469409988253178	8.173499624164409	-0.07340529217604995	1.7119263022446551	0.489429779086218	11.921873013248861	-8.264945168219443	4.643122106283362	2.514131529535675	-2.540988928191439	3.776612881414397	-3.2446089031132095	-2.479479146324712	-2.7292900316940454	-0.2021370024920068	1.4075090697660526	-2.4829956958034276	3.342315168785101	-1.1757091146112317	1.0528814863512355	6.477650335491277	3.382780337623967	5.027425473131723	1.9573941481106407	1.5615426898416367	0.618319411224994	1.0204738525655033	-0.24983833868924132	-7.928494298557011	1.5326294362735082	-1.6777088511451572	-2.383220905210605	6.875774496271851	0.5867331759988278	4.748442673403864	6.65165422494656	-1.2398077673243248	0.5926169688167181	-0.9977249594511723	1.1300623375896248	-2.626066330243328	1.0754009997922767	3.5287811785320713	-3.774919458951697	1.5144815766681061	2.580425519092104	-4.179656036263333	3.4687679122676323	-1.0825445286586424	-1.2787737404796788	2.899994243319569	2.1021187086198516	-1.0608791833593465	-5.3010934086669526	1.5504853150053328	2.3073116820555386	-6.179418316861946	0.7181685364653211	2.5265039419487922	-0.465026535320935	3.432396011613482	3.2428053725431742	2.5778293455339782	3.781385078064311	-2.9522700484938835	-1.2067365254238278	-1.9781621848221451	1.92168104333882	1.8739055344105147	2.665872668828273	5.043279907186471	-0.18415335536825717	3.2530621569226037	1.9914318914792462	-3.6387421360410435	4.55840852374127	2.928908809695225	-5.557614408070157	-3.643591053861556
DTXSID7041916	-1.9209220186296472	1.4292423991996934	-4.199556474440681	0.8355389545926365	3.369969234810947	1.6807295147071457	0.3970824435454836	-3.2487790835524724	1.1178649959587796	-0.8395098339424286	1.8779697708163454	2.1699948521160324	0.5461317833728551	1.0767439749220116	-0.9119259554153933	-0.0214751891193642	0.0356028482891866	1.1103665427118148	-1.1692135394486145	2.0642882422769735	-1.0153104904868642	0.8008346875553854	0.038617037849537704	-0.8615178024365484	1.7908600235855878	-0.1749001938611476	-0.5362192861422779	-0.14811837957159757	-0.35022264350216753	-2.2779898220792028	-0.487156100446423	0.6935787699021457	0.09579034270531724	1.381992619594597	0.18994861376436523	-0.96892221819288	0.3681264876818536	0.529697863968422	-0.03414286243650018	-1.047802700057745	0.31096636388869986	-0.7389085491774	0.033063528099349676	-1.3344491342016462	0.9199026834451411	-0.5363995526460896	-0.7096537638901572	0.2863299695338053	0.07328898817013652	1.0971502517337866	0.12753268419843022	0.3038345988388243	-0.9430282364329929	-0.5198398471932368	0.13556135925957746	-0.12458037589654977	0.03564927317290499	0.040862116187463104	-0.6391879372262813	0.41862521345024484	0.3109603524128933	-0.458946856536216	-0.3719249783577227	-0.3381009615617786	-0.4234066611236187	-0.49894662837210485	-0.6526706268803594	-0.615661115444348	0.5384699417400375	0.0055764830235773034	-0.5264409923432156	-0.2527492661828198	0.2525734669134173	0.02277517830236487	0.21491858184259435	-0.035861034474401546	-0.6011993255998337	-0.34647138465357896	0.34289485969703576	0.31730511325947136	-0.24062784436255083	0.8706178572295814	0.22278578931524814	-0.0632395828582316	0.4232655359555814	0.27610091501475725	-0.42230647928452486	0.23889265153072772	-0.4185446864975964	0.10255637387476807	0.09055656723541843	0.2692595639641439	-0.6735780921072679	-0.27923906584923996	-0.055653823295865726	0.2782731367100581	-0.07607874559222937	0.13992960645520497	0.04968885208243772	-0.06610375358387681
DTXSID2046705	10.270516488783228	0.5401115003437158	-2.8054576390335955	4.44323755630089	13.725050310237371	-0.7140812975510994	-1.3678765585569748	-4.580100951006794	-0.8092007028004481	-10.754444829171245	-8.556818928348129	-3.765955392445035	-2.2084820389591044	11.969350642762453	-1.4905492563700802	0.15467341847064417	-0.4978528816087803	1.1314271583816686	5.3332831066700495	1.3778431333551462	2.4834205548417048	-0.8164259800517941	1.188307793462829	-2.4093104827439267	-0.9074422299337426	-0.2333022728269931	-3.170363108734874	1.613008839128903	-0.9751713408016538	-1.7144968265250455	1.1359935443062819	-1.7346199794814707	-1.5941634485576803	-1.8014070308493466	-0.4415277288610542	3.3167441975244047	-0.7473350252993218	2.966195891742906	-0.779422198763207	1.052337345113569	-0.4029711368287974	0.2543932180470099	-1.1325802892471202	-1.3533920422012118	-1.0204397188214984	-1.5326974876466266	0.32162862923332947	-1.0174256136112636	0.9619769427303284	-1.4328741574843258	-1.5449651358957464	0.46478753279431806	-0.3715786828360004	-0.24235362901115867	-1.8186887503656433	1.748086146063326	0.7821541639648065	-0.1308317872623365	-0.9137609760024491	0.022846073138677855	-0.765109673882799	-2.7513756179994906	1.164316581921394	2.037231275538858	0.701930611840718	0.12376181260012162	-1.6237074702001326	0.008019333581624643	0.31629139008576107	-0.7949023967253146	0.655506300233889	-1.109973838583638	-0.988991990497374	-1.3421702051746298	-0.4892073025377877	-0.20509567679503354	1.98173106282845	0.28897661098924715	-0.031007695962186003	0.40254637357517437	-0.5430393225863915	0.7379257990207023	0.12942014662329762	-0.713583368228667	0.8581832988333116	0.030808636915263067	0.8344942068178242	-0.44547487012521697	-0.4216861545186534	0.47239049442657005	-0.5250166451054857	-1.0699220978677548	0.6223037702883379	0.7453208886579719	0.8071109097410996	0.2587516104528483	0.4440746324040538	-0.6243901471171308	0.5983894183383118	-0.26154088903726463
DTXSID0022068	-7.074356646724349	4.498535013160778	-2.6948612722814733	1.2850057187563808	-0.028198154159916007	0.19918112369123664	0.6706252064254344	-1.461858151087353	0.31144111923772294	-0.5748804644709183	0.33696168402073684	0.874440013862767	1.8137572185255542	0.5507142458864289	-0.2351439897757086	-0.15874624770133353	-0.022663047837212996	0.9500058945250268	0.004839402925181934	-0.5581311287669651	-0.6180514613646928	0.3666205370927367	-0.853551015508667	0.16536164497057976	0.4914712632264701	0.17156493620041122	0.8605800604202264	0.6691963320388926	-0.12443038549878023	0.11553039672433592	0.3919461383984735	-0.018992085027481675	0.11490827737171551	0.7200062946168483	0.28749605714524423	-0.28337387693237975	0.547043010721445	0.2508834585615999	-0.7404408127067341	1.1074821511472208	0.32383602315427495	0.25777303772231025	-0.14630651326136987	-0.20200375947830282	0.2446910904965014	-0.3156485691902255	0.07860476306333054	-0.27153348141252104	-1.273727399433287	-1.8309025162881991	-0.7435006392341008	0.22324262552933083	0.3564513474110073	-0.5422638562948289	-0.8912372172743713	0.01754944663064718	0.814494615823764	-0.8940604641590975	-1.0316253770602146	0.39398594358778505	-0.055894880333664056	0.9337006876042441	0.8377998843179043	0.0157261994702787	-0.13686638716942717	-0.5035599942968543	-1.2379744956151473	0.44473525724879587	0.730007705223291	-0.23922144732071762	0.16089328568047942	-0.6803925619976267	0.43668639356078676	-0.28091499639662587	0.90934823371245	0.26205614401839655	-0.1734306507541181	0.17219494010400804	0.4651878668447324	0.01928369595893049	0.392326061872493	0.1233197079396333	0.2622420570005185	-0.2480630264249162	0.6006690716305753	-0.6741444489332244	-0.12752500899868555	0.04879540650755026	-0.19914877925146926	-0.1257757290896714	0.25245732135824217	0.2891476110835066	-0.0026264968310579593	-0.13776767893883538	-0.32193765230362703	0.4466521511027597	0.3445808845347637	0.2584438204833107	-0.052998384459181216	-0.05238121176218986
DTXSID1045409	-0.9928161801975597	-3.030739136295822	2.0692835227496382	0.9916874575769093	-0.15758119192239636	0.8615410860718665	-1.2066189154710605	-0.5394165437113767	-1.4152341120285	-2.3238671177216603	-0.5519989050567207	-2.079970950435689	0.6518818895166772	3.8690954246247005	-0.5280788115559762	-0.6502492531365934	-0.3637284024128552	1.1658905067379226	3.1214712874064623	0.30630468136781475	1.9103135391204062	0.21868827939323818	1.0478530530352013	1.228336935986369	-1.7899909888918017	1.2956574741987537	-1.4177552449596147	4.15039150540409	1.9208788786178608	0.20834981792612076	-0.2991382234456792	-0.16092758258767823	-3.282972750076406	3.9513028774677474	2.182291767471236	0.47770900294712065	6.851405438578503	-0.6955522904740932	-2.7323296949459115	-1.048166529337759	-0.7431991140256183	-2.441991438842619	-0.18890535153256718	3.3760763615739453	-0.9496920749336077	1.379663567604151	-1.2036109388477176	1.3307215176444356	1.8977738525194536	-1.568016432286114	1.0894869881052123	-0.6666710451645703	-1.7878462049842625	2.7193388771564964	2.6606012565804167	-1.4434633765966973	0.6686584303772444	-1.4701691851440093	1.2308591650586325	0.17623292927034523	-0.4305807741755931	0.7841510130852793	1.9521885299598762	-0.6905583041979352	1.6576065769769783	-0.19465396283857772	0.416006936572994	-0.8449915679103324	-0.4595795564390021	0.9451313887748743	0.15097052592948676	0.7439894654806185	0.039704430881890664	0.7377361188008557	0.6524678036914053	0.25702301274046646	-0.012697893726324357	0.20166577384940212	0.7302620436847879	1.0103984303511602	0.1397758354176139	0.08335393109986189	0.21191037233412824	0.28564383774036106	-0.4670088977542309	0.8270981855723604	-0.0777720608721925	0.02062078831246991	0.47369378378881	0.231492524142661	-0.14833249623497294	-0.1135522596737366	0.01932153299179829	-0.08210355914118594	-0.6400475373048784	0.592334332499454	0.6607412347833344	-0.14228180054113745	-0.44565140551388277	0.15063820839922656
DTXSID3048653	15.072845884463675	-3.0536924024441285	0.7003211569419978	-4.056828384916429	4.319382403425203	2.8791707710094316	0.08909693978093215	1.9161836658104459	2.1163012045125873	-4.236332491084925	0.058050366421389395	-1.2117887884453804	-5.5770066574429515	-5.979599386931862	-3.2373738590327235	-6.137363047371646	-1.759162352618857	6.951122155004407	-0.3978891896422407	-4.141870931444172	4.1091295696848285	9.175785093980057	5.270647036324732	-1.3340483823133735	5.753118905626786	-0.44355343036651074	3.585987087127237	-0.21043640865244723	-4.38689081362271	-0.35534752324999297	3.8275194873846052	4.421339729945868	-1.7373108636639671	1.3204844009968408	0.6455308258179795	1.6979979966707348	2.9225119958696593	-2.330849090520263	2.5235100202465146	2.0643279924365165	-1.2471709008434526	2.536355091152522	0.7495482686171093	-1.2491730228571634	-0.18521921887107634	-1.0979650537537313	0.9738823225223682	1.0511494287570107	-1.1724572367236576	-3.2528228405690904	0.4313560762448728	-0.06489422489314592	1.08987011460164	-0.2388640784230555	-1.9562096405232339	0.6483852443134792	0.30707228454762525	-0.6456097415936162	-0.4474543701390004	-0.4284007393107917	2.565071047917135	-0.14392368523218435	-0.6905335274804065	-0.626377016531242	3.489278760615012	0.04327192841081287	-2.453270582476176	-0.3601072847412308	0.16549656751523173	-1.551157909201461	-1.7654981248911685	-0.10443391741249092	-1.475285328160987	2.118859741905379	0.7894237691346233	-2.1088873741996315	-0.06829064629037666	2.092815542323347	-1.6670512278160987	-0.9497361872381912	0.7281824714266529	-1.213857198660834	-0.973843367958584	0.8875764681447883	-4.585950218957908	-3.0982165965596478	-0.30032022547561105	-1.830697325310128	1.179713300276655	-1.7221679999175818	1.0100242938300614	0.45926927953997865	0.6994885745585586	-0.658907884472972	-0.23358627805228593	-0.5883155895079999	-0.06941554227639225	-0.47746921594869035	0.4727347092297902	-0.827501329657546
DTXSID5057674	-2.0756232572234627	-1.0501152676648025	-2.411625822358832	0.8095232307241275	-2.446043448559327	1.8184604727541773	-1.5437445108474668	-1.945756793841077	-0.370078783136099	-1.9496843809412434	-0.914659776468139	2.566692932958156	-0.6629733813817653	-1.3383969501729596	1.3608138632504887	-1.121799354617341	-0.4532040213600904	-0.7236624412473797	0.2230024598717702	0.664077479600112	0.0037119442315867494	-0.875997512114425	-1.1780822175084873	0.23464867825458563	-0.8643311877888916	1.2059861713004731	1.6030434108097855	1.4339531290966518	-1.1296125323667705	0.4667030843938792	-0.08160017142578244	-0.14024941796920976	-0.357142832414465	0.49931060010240425	-0.3235613989847357	-0.057079805734458526	1.5058485193516347	0.4983647437524974	0.41239056326294093	0.9546406211182129	-0.4570575367649599	0.2389362741838432	-0.920772501833784	0.592264402079921	0.4410630492232957	-0.22372167141095878	0.38913317251009694	-0.36022494269805266	0.8023612237715873	0.5312397474017554	-1.5483855802465376	-0.8038424631257451	0.28974689968553957	0.3488440774714994	-0.3224819449537504	-0.135406367562776	-1.506795901456367	0.4163689118134934	0.04516901922114273	-0.6649217506376037	-0.33257148334017184	0.2823246082178818	0.4943494343901818	0.20563496679288032	-0.24712603072560355	0.5721423920508767	0.21632313479918697	0.13670895587882745	0.5704909712142804	-0.4027614509154567	0.13573307338544677	-0.3052499446023125	0.3342074689327367	0.18156091692948098	-0.5525098954035	0.26893654202155703	0.6919154399739262	-0.495338936548534	-0.16840411671388208	-0.3130075303132034	-0.011035953141575986	0.005586184146802122	0.07562634684254267	-0.6016368080686191	0.20149499062361972	-0.03870516227278514	-0.01673819534028192	-0.77332566179722	0.032397366982455635	0.2649681408376291	0.17230784085562412	0.11123993832738584	0.3051440338543118	-0.38489077029222357	-0.19745246996675225	0.2763274921566427	0.033047943237870255	0.1713347141022765	0.047611118488023775	0.09884419190706023
DTXSID1031460	-3.5997709142332677	4.021801909479961	-3.5889151091261375	-0.8639699138816813	3.1857534952704563	1.5381723752500818	3.6727089087707716	0.25963076329516444	-0.7799723959342512	1.1026103037145911	-1.6711580707181102	1.0045402588838628	0.17902452459217622	-0.6786503816771537	0.6556891244596523	2.5241852280216595	1.2890926201629223	-4.650341047100315	0.8669623775971536	-0.6935893053970669	-1.768227849616116	1.357662074495948	2.6931587655920777	1.4532079735806995	0.6357708945501709	0.18313123372518406	2.8158334584977305	-1.6241008421047778	2.1072750364029633	-0.23908338143483684	-0.8759685410623166	2.7682133532203124	-2.140081372953431	-1.0727852862096716	-2.8821054156048542	1.120402686640302	1.7081832476601333	-0.17998086748499806	0.8382854595941421	0.41901265431790796	-1.241160100658879	0.45138642898019526	0.47981837410194283	1.4765059358230734	1.893793165503099	0.322281149242794	1.062488978737727	-0.5558402919271331	0.5148785553208916	-1.484480390794648	-0.6560532686393157	0.7724437856587968	0.991563161745296	2.0759677719008236	0.967154790460092	2.2814038985588048	1.1527710013977166	-1.6095051686633501	-1.1982028631742578	1.9040912464775954	-0.6248595630704786	-1.8122838128641057	1.6050958302423437	-0.20009397457962605	-2.713306699922514	2.1748122404377868	2.375367274196782	-0.3044566567262731	3.292430535905743	2.688789759530645	-1.589655294721149	2.7327224619595136	0.2918520360309314	-0.3318879254118738	-0.33307597314494514	-1.2302661845734	0.05262028327563614	-0.49553727804480485	0.5463314233766307	-0.26308246040830596	0.21701970014656863	0.2757460227657456	0.041816052564572624	-0.6822296253795995	-0.5867417437033078	0.7503717468154497	-0.037871171653554046	0.33808431485115	0.47397930926816817	0.1299766246344726	0.9044775587655708	-0.03935868359901727	0.09679287997981077	-0.4024813743425925	-0.18021518722385516	0.8105495833131788	-0.9942999809228459	-0.7357467995486279	-0.3346337573138075	0.6515546962325828
DTXSID5044520	9.750512848560264	-3.3111895332885135	1.6962737913482693	-1.9790599427014013	0.4397911063247514	-0.8751178537713677	-3.8151052467635664	-2.1782764423502803	-1.53434800997039	2.524484320259924	1.71458349369995	-1.9261923583003888	1.1942981782157127	2.0396224200659403	-0.9946525772010769	-1.5859594085644857	-0.04928757364654574	2.04354858974012	-3.1829204558738073	0.2198672792494378	0.3663351876726507	-0.6803600500562784	-0.14715638146868723	1.4887331319576949	-0.19162801323155035	0.07412718927456	1.295090689551995	1.562435800795474	1.281631985194462	2.082334676149914	1.0994754808444853	1.0853119068294665	1.5017751098152043	-1.2487800877820823	0.30625405123750504	-2.2254362688561384	0.7311323160644037	-2.4782812186608685	0.646937486126033	0.49765590529308773	-0.32261309336795185	-0.09735978916761798	1.384404030212413	-0.14573539672772942	-0.3637825838808536	-0.3383880133667579	1.6510527651332527	-1.3710551130677042	-0.9808311703903656	-0.3965794939362637	0.0726205385647425	-0.023486553748228427	0.5634199564748216	-2.0383737621318936	1.0943539211307884	0.4410820629936237	0.21524624656339286	2.056574694321996	1.3578023122100424	2.3339833045853147	2.085323911509342	1.3546753143636927	0.9321162356443539	-0.28028578715352537	0.9041733044487713	-1.6255150091447816	-2.8894836749027717	-0.9144546921083003	1.60460620902027	-0.0885866257278732	-2.2352836820083795	2.003750151752128	-1.0893487679579448	-2.752043572299292	0.1365996603341329	-1.756705212602231	-1.5350620216156365	0.4003981083846016	0.8376539779006916	0.26073227040195035	-0.1435058948065794	-0.14672887459605638	0.47440182360524646	-0.5394135455710608	1.2667096606336532	-1.172612864725434	-1.2605290302521928	-0.23962438905900924	1.185640727664998	-1.204318199721677	0.07961825169272994	0.19332831296441882	-0.883404814294282	-0.6461226724038311	0.37886588393342613	-0.3129021460788129	-0.1577668313535263	-0.007445759156213481	-0.7283277996289833	0.02797589867471282
DTXSID5021837	-6.056766097175255	3.0849264765968827	-2.8868015131876072	1.7096862360500549	2.026749720494381	-0.32572885789205147	1.891227288164667	0.676518598439257	-0.1137331456710197	-0.4721458458734141	-1.2534101047077189	1.65838538636328	2.3290787437275102	0.3070395496272946	-0.5234427182295702	-0.6887393968820958	0.13949155400611588	-1.0880317153524235	-0.18747236467712483	-1.8737408765425052	-0.6247115414527553	0.040796424502571184	0.5833017045803497	0.8713612872580377	-1.1417444830692094	0.33692661134415064	0.5402270990386991	-2.0409938767250293	-0.886899412349427	0.03586142205259396	0.5465318170683277	0.5953170741709838	0.23003857525892166	0.9845554909253399	0.5530261418943895	-1.8526753842708088	0.21638554504249044	0.4256449853740562	0.48176880715374326	-1.2246359719280573	1.2731133532252188	-0.5007312371145113	-0.3556182027067945	-0.7940365174666171	2.015574271810477	0.9037188668567591	-1.069690631732905	1.4670691506242082	-0.292996995070308	-0.8560545098585001	0.5283812466753762	-1.7189207909653	-0.4441088865036161	1.277387619966618	-1.412223175760164	-0.7268768670138136	-0.5124298097842712	0.06918432010245378	0.053097789367207375	-0.5393724380922126	-0.4547621340807655	0.05350148597237595	-1.0757132208207896	-1.4168911952960024	1.2327543181287461	0.4870501241615694	-0.9201115544963755	1.2412647945734483	-0.5463567073055566	0.5173088302234569	-0.18407110005188387	-0.4272658832524014	-0.21097002148210636	0.2436221030703796	-1.0403111688058444	0.7182344690764794	0.46254526613436103	-1.5506781006024652	0.6132467899605779	0.08860633255853312	-0.005048100677650211	1.0637059931940032	0.06651023741400697	0.013466647516540536	-0.36431483820878063	0.25247037942289857	-0.215480222472226	0.09551792045522284	-0.3817060944224054	0.33390199976072515	0.7487024926600536	0.7198261360466878	0.22621417994322848	-0.3245815819008816	-0.3161228380517999	0.18180056313436607	-0.4014014024883174	-0.25460868866796527	-0.8246714147770964	0.48705049570218073
DTXSID6045167	4.756952491471132	-3.473421445322524	-0.7038138337492919	0.44543934966472126	-3.2304579043854647	3.322370234871011	-0.6033526874782404	1.6430828702883982	0.05467120988989751	-2.320500959974138	-0.25137091226198743	-0.8872170814558632	-3.121891382425772	-3.30234260290616	-2.6444244449943928	-3.019161624584875	-2.791978894487434	4.891619023846311	0.16116257323243613	-1.182918487087103	2.1159937884655156	5.213206330766389	2.8064226639897853	-0.9382883043327538	1.7594346412428261	-1.7779187056690902	1.0610101636013227	-2.3709519807721455	-1.9847467878222502	-0.7664900926142352	1.9400521563889892	2.8676025744312392	-3.2913205725290524	-1.1717620321321132	-0.2547816288688249	0.9380212416023315	1.5731204242865435	0.1535682488472556	1.4888377148530723	1.1167020193631638	-0.09597468286804503	0.8866619657702431	-0.18373901256995312	0.09055348844707561	-0.4615717010218469	-1.5984325933818175	0.17802721649778638	0.013825088628735303	-0.44993842124926886	0.3852544074826995	-0.06175058453734699	-0.8104423517276828	-0.5026567526628651	2.919779379104076	1.0695802243121517	0.11781190045458832	0.6168721884719839	-0.14803722729316585	-1.7671111204805636	-0.9938289462032879	2.0032763227479307	2.3587416096626854	1.3212542647466745	0.28339480527669336	2.8000708166451083	0.813517140458742	0.4272800502774517	-2.2762744077886112	2.642317478581202	0.26347911610189517	0.04598085072955533	-3.0816413937804135	-5.622855301978871	4.441778016499191	-2.8915191894561367	-3.232606415374959	2.6408715841975576	3.512425740676942	0.7968553656028267	-0.468353773759599	-0.12214750528942321	0.7173612461066788	0.09042230400225014	3.06585721958932	-4.368136079096701	-3.7947577163322523	-1.4587560275322877	-2.5121763802652706	1.0748913711346038	-1.8787718608333306	0.9728533126707466	-1.6113877607595606	-0.027020510273724346	-0.8901479436569162	1.1235482438536044	-0.04293626275183272	-0.6647515169858799	-1.3533218858968468	-1.5855156029395694	-0.9563344726123345
DTXSID3046291	8.721006726364037	-1.4560465228673234	-2.988174054963791	2.748695221097374	-1.1630916398821995	1.7967812887508392	3.97247031503107	-0.761389991238947	-1.7806977769719237	-3.6940280563741954	0.17861590909117706	-4.163541972374049	0.2649303442604427	3.5355074838114637	-0.7591287755456987	0.620041246899707	-3.3885377734421596	-1.7788837661998942	2.0521962741018807	-0.5338309548170135	-1.0923719153650302	-1.1810454189815638	0.30061502110715954	-1.6701912452287395	-0.598939563763809	0.9793185330195043	-2.8785011421328672	-1.5116589393017341	0.760559532623318	0.029887363637391664	1.213691249899911	-2.3427275527516733	-3.2264590780163664	-1.3197944966235624	-0.825980817496443	1.141111283212731	2.2806630646078756	0.17910542149022152	0.6564397531039745	-0.28017169482395016	0.23222149772762754	2.148650167324806	0.16774206009369289	-0.5459500991705939	-0.8089716348253483	-1.4463865727837137	0.8148881971337957	-0.994873550917072	0.4156277565327236	0.7335597955036812	-1.492241266555479	1.3212576777223033	-0.25593026450638795	0.2018341723557927	-0.5247489086748709	1.0194819307582201	0.5049180038992781	0.06860448161840604	-1.0139788835465953	1.3201077936167573	-1.7500862502227477	0.23859666847009905	-0.5963115280860134	-0.2734384421373962	-0.8103463897723957	0.7503802629541944	0.44405676906243874	-0.7488755277744858	-0.29273300419388887	-2.2619225315589238	1.473164813386018	0.8714070337817164	-1.4544169508014075	-1.1348976978499563	-1.5518377187112626	-1.2815288331079857	-0.42807636623615564	1.7884900735528038	0.3455079633193656	0.6284515522193194	0.4150002862943667	0.9971739642717733	-1.6592104442780187	-1.3887632654577444	-0.4817477563179892	-0.2134285467653995	0.27448784833445233	-0.2604655946195478	-0.9476690020387643	-0.4561783161490774	1.050756701317712	0.42541675290108155	0.13678594229407534	1.0559945850598151	0.3596813350676559	0.3517765691540475	0.2880948914729444	1.1769421835832912	1.2255174808398674	-0.5166364980644971
DTXSID3027586	-2.747456210682954	0.6328037567268645	-4.73403069816084	1.4559241625037755	4.279979298359303	1.0978578253138491	1.6266250024720559	-0.744729964418732	1.3794807414288326	-0.01839118431297159	1.1987374351438744	2.131032084271684	3.4279442490031133	1.008719297586232	1.953952020159525	-0.42184757105891335	2.6535660126870826	-3.3420965113228878	-0.2639612943908908	-1.3921172393074255	-0.12072113101945982	0.9720679591777575	2.062526713612157	2.14230964345881	0.3849445704936014	-1.0207842399342557	4.821426876914051	-3.9173313757665764	3.1623673232438456	0.09293180267463565	-1.918801369946149	1.975931830008276	-1.311486112423873	0.8550440779280591	-1.8041537551220854	-2.1356743088456516	1.770846204443348	-0.718040504595814	1.6350960027101884	-0.9273356493617951	0.6670516916418905	0.9216573961940645	0.8378141786978612	0.2736579583687306	2.568736070934119	1.032866562520411	-0.4013281796159365	1.428999674518909	-0.2819385845263562	-0.7136664828729078	0.2866788971986173	-0.5562401013725587	0.5063772801567784	3.547223837158429	-1.3905754754094155	1.6187582328948975	0.16880954458911063	-1.343482999630538	-1.2093267886818329	1.4448041709691342	1.4064786891058454	-2.538840607083504	0.8376637529991768	0.45943947537829444	-1.6039267951855127	0.8045880386787925	0.38765668832151906	0.2160013585401785	0.9696830064996624	1.8135778975827743	-1.4158104165921284	1.2259714504575954	-0.23224081539063443	-0.757293011442958	-1.4093744698926178	-0.05536925639831564	-0.8496261624107856	0.04816908782755267	0.9416208797371808	0.27039286488243547	0.040584666090312686	1.0285075188195552	0.050844491968005424	-0.030693101629602076	-0.5071955641499821	0.36072064351054584	-0.3834285943472861	0.40922749099326855	-0.04996005769892226	0.19708687284058635	1.0423407483165938	0.4892714557855155	-0.035080003517888585	-0.4389527486628193	0.03809435774226913	0.16094307779208206	0.3526524236196835	0.09286886883442899	-0.3492297907098209	0.47805622441449647
DTXSID0048715	-0.32291284360153055	-2.7717975321469326	1.2367068139040753	-1.7424894560999884	-2.4792580984473087	-0.5638757751013548	2.1366989453211427	7.040307908867797	0.5675717645531564	-2.8609892455564685	-1.3566701669874774	-0.3976189363231038	1.69453196332736	-0.44492850797842814	-0.7710757194802963	1.333470929639969	0.03191010637416208	1.2866908236244585	0.923282168067001	0.9302876653884941	0.5531742357237697	-0.22780826269095208	-2.4785027151537986	-2.7755556846411285	3.0693274782249125	1.3127256935055207	0.617049706897967	-1.6533074759040542	1.206856007379024	-0.8793763697922549	-3.1303603241852582	3.246215589537785	4.5817408284216015	-0.2526877466146421	2.793918747223209	2.9887282649106703	1.778385892570909	0.8349721138297106	0.8317770067405914	1.2028422054356716	-0.03545439335544814	1.1840424545260322	-2.699900462933543	1.0308994145632213	-0.6869510850865582	2.2120237342491125	-1.3485805431173508	2.893072075283788	0.9276193812310306	1.2742816604144713	1.4489136675500356	-0.6084828342703096	-1.2193661416920687	-2.2533895515914852	-1.6190304252985213	1.9451807849120393	0.5605627790059751	0.07154124479904063	0.6284180507566742	0.999149660271864	-0.14242750493064893	-0.018242301008744383	0.8796878937744316	0.49909824902735694	-0.40962032436030443	0.4160655725451547	-0.7267248391682977	-0.2644930781196634	0.13215856514449464	0.05456876178434627	0.973743563215779	0.8485168858108506	0.7881584596920342	0.6480107219374109	-0.7359972405899836	-0.1990191287465712	-0.39716219956760435	0.09516685436158827	1.6180189500821471	-0.29944727516284264	-0.43842730428031323	0.1762321297662282	0.1225405631292847	-0.5159379020871064	0.7710937190223686	0.40717005147318097	-0.18367248736704075	-0.318175887095809	-0.037821409952835894	-0.19055542295415037	0.047831051103396506	-0.3628252123052739	-0.29798244730245804	-0.587353309271626	0.08675040740163466	-0.3292489710564637	-0.11929631069881086	-0.7579478816396279	0.6544062521954751	0.15113815523555893
DTXSID2025422	-6.105703018858871	0.780564494324449	0.3927851761133307	1.2338273506104145	-2.031481726975891	-2.3143688073632402	0.10132527529278106	-0.933656760183958	0.259446606063599	-0.6038893503080688	-0.779306375703135	2.358129053729778	1.6672775333795726	1.2052136256028512	2.3397531994468785	2.1896737147823586	-1.7316560313856353	0.23410242660266342	-0.9875514062776483	-2.221734644431098	0.2872395391072481	2.2324823123395934	2.1563347842429015	-1.5563510359759125	-0.9660443442168752	-0.7871879852437609	-1.2711392333016787	0.8303139333163915	-0.029747671646424913	0.7010178762711378	0.005988808179541289	-0.09189225742264122	-0.5059251366044815	0.4346781064148043	0.6107643320349724	1.3472084383147231	-0.6430262972656258	0.44828449793208847	-0.041865017172326664	-1.197684568367699	0.06677439192265018	-0.5527213560945814	-0.25292245255542534	-0.5987207090667624	0.6503460655661333	0.6930194619428389	-0.0747169697968015	0.26239036203934546	0.14323575128834024	-0.3520570656728342	0.8078222542371776	-0.5218901714646519	-0.15418475409024096	-0.015037638990485642	-2.0695811392146943	-0.4918530827772502	-0.4981064690998226	0.4040271868544572	0.9957311963053341	0.41261113231613983	-0.6545863109489839	0.5711677008215172	-0.24228941741861293	1.0743298694526429	-0.2756032912908438	0.22831489639845576	0.5596110385998245	-0.4988657344119694	0.8292410651152717	0.7557584975176315	-0.031100195959376242	-0.47430752591489855	0.7856413035642082	0.055282997840310495	-0.7704804380845987	-0.026579945229034296	0.9008476426926136	-0.7542747437925964	0.10080726489599268	-0.06347475150844407	-0.4160054557573304	-0.6350732973368056	0.2884282967874756	-0.20500479414979703	-0.37530974351150537	-0.07343652855702756	0.12124825079118189	0.3382186715169115	0.297570157467984	0.15684693175147665	0.6359618603111958	0.08781456067987285	0.2497647766148418	0.18502044533017795	-0.09455208704697866	0.3498670443512656	-0.051745230673199506	0.3448152330221882	0.14481700682949228	-0.03142827849628462
DTXSID2051631	-4.742406527001504	-0.6599307455997679	-5.240995436955666	1.5438405042814256	0.21179379135429485	0.2137360106015334	-0.7886831578083043	-1.7956897237851022	-0.48619705193535867	0.6282419944120742	0.9583369457496643	0.7094257107350237	1.2121682513152785	0.809396382575417	-0.6112014842781249	-0.16091523941730326	0.44688185814101067	-0.2883752399392778	-0.0961617733814954	1.5006505764955547	-0.03703250726944932	-0.053325724142372355	-0.4275783361351261	-0.46974218610069257	1.0222679593588415	-0.32512054802093127	-0.2663982268016266	-0.0825828111338862	-0.2430555684174288	-0.8546364168804693	0.5046041950101313	0.4088003733064499	-0.22757444832303955	1.4900663241347978	-0.031770802193858305	-0.31464603588774925	-0.2755598086900015	-0.20777151035358762	0.02185531357349061	0.39134180068532887	0.5791343865551009	0.5732877429188069	-0.14088372168225674	-0.7253399185047634	0.6923840992733271	-0.18483797841854802	-1.1593796730274841	-0.3957503980853879	-0.457006700692947	-0.1266802202041976	0.26927339167075404	0.8137037230821424	-0.36372348900041146	0.31804333467921553	0.14322129657115804	-0.45785325667422144	-0.2846116157006017	-0.39866574242976877	-1.0854833381538618	0.6362667669071261	-0.041536571302332355	-0.857366322799419	-0.5415853874607228	-0.8034893013971248	1.4202192742576678	-0.2782884134440592	0.0491337140138128	-0.659543614429028	1.0620640313891299	-0.0028301164593310703	-0.34636776670427655	-0.26231138780608587	1.0608798007520899	0.18755084882759662	-0.15279924130709518	0.09673594335890606	-1.388922690945843	-0.05511050105734397	0.25082753511342676	-0.5069693321843005	-1.03086358653611	1.1874732028140396	-0.5800434747772333	-0.11533054232834389	-0.2721454246485327	-0.3489198346817865	-0.694988918215946	-0.007392500186039359	-0.6652004449553194	0.08571440810340984	-0.8916216731789581	0.219738771107968	-0.3698300668242817	-0.3531242759076615	0.6356641895839209	0.13965357699974848	-0.21712024074107236	-0.41512479533448743	0.5445683006912264	0.4417189805164595
DTXSID1024465	-5.966997406190613	-1.5201240892312058	0.6905650975366451	-0.4001793720236915	-3.565112768368369	-0.9749953242119025	0.8659807759128285	4.221706663227905	0.025257505516340557	-3.1865409922451193	-1.6396775782134059	1.4488453785860793	3.137797547528481	-0.41722538962638434	2.1706481955441226	0.10804337926327541	0.09471918638243004	5.611185927923734	3.426232814698219	1.0020757368086757	-6.316375761201257	-5.280718297060231	6.1873108780961	3.099897215735173	6.049490830098021	-0.596348441512194	-2.439299749272179	-0.5310682281325586	-0.8199376827076661	2.2694797021437694	-2.8628975475540694	2.1364537722357007	-0.7667144149902433	3.3521268274094793	1.045040853899762	-2.6505071963228986	-4.163387706648741	7.831205889890621	0.6576305443543983	-3.7593316209649803	-3.889800654946412	5.925994207274415	5.877028028753107	6.833442757301925	-1.5607230159516727	-5.943420277300518	-2.0209777659333463	0.20329600256470332	2.2075676702818336	-0.12158677875474061	-1.7494285218822332	1.282076376531815	-0.47100443597821384	-0.4215579807900689	-1.060573648596558	-0.8469449586262198	-0.45856791808190284	-1.8233416452683804	2.59448253541382	1.4972351011555918	-1.2130256873978775	0.4099548318516511	2.1714681107557814	-1.8297509844762785	0.06623891509643723	1.349769405006832	-1.5740692411314532	2.008892966364754	-1.1250170991574957	2.0267354873018473	-1.1768173538623896	-0.6367753428979542	-2.470137165272062	-0.9119900734467316	1.0282500027427246	0.19700534001196265	-0.9468107994989596	-0.15195811003355084	1.5163801573826674	0.9044583952226884	0.06231776928134183	1.5588504553242795	-0.3605143926146274	-0.33138110082776506	-2.073370143519254	0.6341998049693132	-0.6881784541089591	-0.2712639656905132	-0.9058709123588414	-0.6652720816702242	-0.6068084258065889	0.21056253461581328	1.422536930480185	-1.5196532593292558	0.6668879496366436	-0.8011999571996883	1.090085673688823	-0.1928569968657185	-0.2820860662483886	-0.25009220223080125
DTXSID7022172	-2.4958874950690597	-0.7911580691751153	-1.6001160076823169	1.28391136225646	-0.9406503061358621	2.8076171735908773	1.3461633284078667	1.2663943339401875	0.6378068354160595	-1.2448245058715994	1.8027524525743184	0.26170689928817353	1.2541665411987657	-0.22189135204382576	1.0203711925174146	-1.2935070352991547	0.9873608488873382	-0.9859008165615368	1.0211567773908625	-1.3793160366585993	0.1316351833414895	-0.262849461686365	-0.7921309195102907	0.9601078470215781	0.015140358224077591	0.34547013504980184	0.23230249895730945	0.5417005800121075	-0.3944610555803325	-0.2971381524756199	-0.9083520207798714	-0.19301706476224695	-0.43501115311070765	0.8352486529057027	0.04795188173640525	0.4779650099824893	-0.9745823652067225	0.07558951075366582	-0.1930773786811197	0.10805075349309007	0.5490456304548641	0.19709358922462566	-0.7297949247846358	0.15853481369573363	0.6857259058258547	0.6268436469093634	-0.2414640843920461	-0.7910968154372435	-0.4992179659391537	0.41745100191683276	0.8164102651524242	0.43664634685974607	-0.4821768763224886	0.954579285661196	0.027594572295601767	-0.19503176653100457	-0.66561219105795	-0.20951736427200446	0.37625943399556444	-0.11440537557627023	-0.3965312693460664	-0.3787766971929493	-0.13347305625385048	0.18565203865320573	0.7909679470466572	0.5060683019592793	0.6338105562274926	-0.9398196467141374	0.21152981099140028	-0.13398575993274237	-0.2725922510056914	-0.0868110588723044	0.43058860628434015	-0.9361301890146806	1.288430931841307	-0.536482814367504	-0.1156164127967147	0.23862886602121883	-0.46983700190924405	0.39116426762774054	-0.49836796979125425	0.039321263765665776	0.08383000190601969	0.3489869563107464	-0.2039920434200171	-0.670490039710582	-0.4845491440529434	-0.27142996913186146	-0.44859557554575663	0.19642114866801838	0.18386446960765	-0.5564516067569206	-0.019092625143651905	-0.36096906338051515	-0.13487665914140343	-0.11164457410246312	0.11686178398495248	-0.17175354651405678	0.3456393950559095	0.1407934637936362
DTXSID4052502	3.3174009425921134	-1.82578011196297	5.013636105126899	-3.408978278679856	0.4594577040339109	2.043388012383821	-1.0762247267645566	-1.1235565524198574	1.2337065099302458	-0.09672514238088571	0.2902133480658319	-0.40026603419769236	0.9784575272681738	-1.2307723095936711	-1.6529050911494303	-1.0467763994538068	-2.6355055436229944	1.7471440448707445	-1.9354149974489083	-0.6745195972507834	-0.297795215524269	-0.7270208215795206	-0.5842703521358498	0.6765179757092288	-0.8203906780330529	-0.5232764845723891	0.20188313404219763	1.0691445828785375	0.513504668640511	-0.4325618287499583	0.33240919731383123	-0.9392686122048699	-0.1659875824010269	0.6819190217702666	-0.036932416326321334	1.4520760415728478	0.02311670821521345	1.364034621924688	-1.2434303067566994	0.5115658842767247	-0.053886680337454085	0.7244169446804472	-1.0609726033930802	0.8625535257652666	0.12239524727906	1.2759014166985878	0.6003069140892628	-1.77170166575842	1.6661795711322769	0.11804223770821304	-0.023397435740099996	1.1855215969172974	-1.054637920253191	1.248326845452992	-0.8168812443218441	-0.3209057742122197	0.09207516253302028	0.8238135325148755	-0.25192709755884185	-1.5188155921269972	2.3774471321154818	-1.2440522926213304	-0.6891698680977152	0.1527044522634969	-0.9707349165322122	0.012054500723724928	-0.36206437366515487	0.34390637615599173	0.4285664426027812	-0.5636644520879097	0.9394759247131085	1.0533625808225886	-0.7886186588815534	0.4100686375214307	-0.7312687608164842	-0.9659730432430388	0.9825544058303646	-0.8674212735571977	-0.632567929842835	-0.2124802702871204	-0.7111651433057449	-1.0944552030324346	-0.43096746217279575	-1.1695206455707434	0.19449381873621255	-1.049426737640896	0.8699906962326033	-0.023770242009108787	0.334852098574397	-0.47185344553460445	1.088131663059994	0.021789266557659996	-1.0862670653758801	0.5233293208713894	1.0853429555380212	-0.12672726656770855	-1.0922563556390406	0.609957126408329	-0.6238245119902219	0.3592486621465286
DTXSID8048602	8.858538800012088	-1.4949230222821988	-4.825948293203475	-1.3011085203955497	-0.367003633128481	0.21478194425509556	2.9229963990341385	5.663799779017233	0.6082327041517807	-1.1202049012515212	1.0113501013708142	-0.5136512856653254	-0.8022788049355815	1.8813543587063588	-1.6872352633964758	1.3084605122889912	0.11144211302075768	-0.355938941522347	0.4365891250486026	-1.0069470924159012	-0.8523129857414776	1.4864617883165212	-1.1265778068995898	1.9746169212008327	1.0494348604357249	-0.45233467703058006	-0.9085421578451754	-0.31181735122638776	0.17992384813518486	0.8254797637077431	0.22316236953995128	-0.7438595407908126	0.5345736754664682	0.41353021833310466	0.25301056730390686	-0.5996129652117971	0.18404464802263834	-1.0830980788227742	-0.6831033363868505	0.02791010150275687	-1.0091227903559938	-0.6012810290821131	0.39329862770117424	0.6914556168709831	-0.5123998192737698	1.1753493472174206	-0.16918874542993956	0.2112194533499011	-0.5805868190431439	-0.6764216985578326	0.6244915631840342	0.26350025981684405	0.9091029462978772	-1.1584368382703114	-1.1696836341867707	0.5489340334306086	-2.020844958979014	-0.4592487257825689	3.0155958852412748	0.6774793476426354	0.4091384394524632	-1.1598916273900222	-0.973493459972846	-0.9332901169846881	0.016939683475919107	-0.017841119893647547	-1.0024294847296031	-1.1814763809439723	1.0228796692384328	-0.5920176630039498	0.39555926747348596	-0.5977925955121919	-0.1649371794467542	-0.34118971318299196	-1.0454196212996922	-0.414164546793603	-0.7415055901546501	1.0245871482330267	0.29251422013083905	0.004988905612572052	-0.5091027109832919	0.06570193273170567	-0.9075153743751917	-1.5895446100154256	0.48814937993080487	-2.2208223295026683	0.4538078828717793	-0.4517158813783876	0.7153981963107183	-0.12154739160682498	1.9109317589970805	0.714553413118667	-0.09895367558330194	-1.202814666508935	0.6713484457402634	-0.16583717493572758	-0.6583700209282414	0.1576170695905993	1.0575205018082816	0.11710340004772826
DTXSID1048966	5036069285941371.0	-1707321273286394.8	-444410922545533.75	7519445326388680.0	1966398907260872.2	-1791290969071152.5	1.370669534993175e+16	2512735525693329.0	-3317479118034641.5	1.6016125297633188e+16	-5223001993312486.0	1.3811560889813286e+16	3303010568998602.5	-1185193919428686.5	4276195669854035.0	-7081158322553668.0	-4505939479082235.0	7417633795914237.0	9189879611383794.0	2492086481726448.0	7013768825807798.0	-3437656100868948.0	-4629081470307839.0	1153224580952752.8	-2689471021793283.5	-4606442825363693.0	-2276369786428131.0	2377266623101635.5	558382043894091.56	2023125192238030.8	660271077019784.9	3178506950037101.5	-458786893163533.7	1907786839161215.0	281278898267977.9	3921297189818498.0	-1062143420501407.1	2740983375223787.0	-2251089422988167.5	772574878706265.8	-204504273161367.78	479082114572783.8	-978297618667495.2	-814119226262606.6	-324402626457714.5	-266196760161720.6	516639823373566.0	-1882094128327019.5	-257746369900367.34	1255406489143581.0	-174914800123274.7	-3124370248026722.0	-2748986794071701.5	-419537880993760.25	-669764534024065.9	-1075274619046678.9	3918880347019185.0	627920125715929.2	-5792454109998093.0	-2100606573947060.0	4198758291502305.0	-4027286186799029.5	2228741129357953.2	488960531830950.44	-3417347238986097.0	-1.0957762243292206e+16	-967846133976756.2	-4358581032891597.5	-3502670298810302.0	1302026908807576.2	-3859010305652485.0	-6563264140948142.0	-1250424866406846.2	-1635195089228784.0	1646343966021430.5	2331558011454447.5	-6774097802324154.0	573185978535992.9	420365976660152.25	-6629129247057061.0	6971073216722791.0	-6184983049930561.0	8786351569578893.0	-1.084260350910969e+16	-8457363106705238.0	8697750612702048.0	-2689810562119928.5	-3859754848458541.5	-1036811755159887.5	-2587071334068419.5	913536469789503.4	-7102938637128576.0	2488660035917393.5	-2105294814214706.8	292413603083018.5	1.5453388036376116e+16	-1510788984537980.0	-507927054724084.2	1720187702037219.8	6820137039870183.0
DTXSID4026769	-4.465634162163235	2.891253193540818	-2.4383289619832054	-1.9444471838472754	2.038540990955052	-1.2492316788110962	-1.5407960968506993	-0.8356495870099803	-2.0832038245348885	1.828114069539231	-0.9096723699640237	0.4500239698927758	-0.7745033575698826	-0.20549631196624815	-2.9780934863790307	-1.0399990436089173	-1.2584156081421647	0.25699745682039593	-0.5896480246127489	0.047258713577787805	-0.44101958509772193	-1.110753964942735	0.7677457713025444	-0.687558735538099	-2.216928079010872	0.7994674463149999	1.5493854738687864	0.11182802074964035	0.9106272287049556	-0.2755682089459248	-0.798006231718051	0.5467624040772262	-0.6312888186703131	0.25548637245349365	1.7090579539277024	0.4374404735670754	-1.6208848204794546	-0.5050585640148008	0.23733143481354058	-1.4136108659387507	1.423317464374545	0.8156847012473868	0.39355814038800796	-0.600152561340633	1.0609993577059607	0.617448967330742	0.592151375693231	1.9077554158509895	0.6101139939594975	0.023047244485528348	-0.34259804730784943	1.9241203848007962	1.7805997987642423	-0.8690184091797175	-0.06894050446798276	-2.121146283452472	2.6789461462705413	-1.3371416559112748	-0.7244230625555269	-0.9425064753562126	-0.9225973775172777	0.08437514371869051	-0.5743999050466115	0.22194625734767065	-0.28727933781151677	1.5694177574465127	0.1410212655039104	-1.276150467298592	-0.8916634033099838	1.681203585841569	0.8183981862794376	-0.6998279885070086	-0.6867126696179036	1.18429951133222	1.1327590723556966	2.2444953372790004	0.7726433250018081	0.8465616590819031	-0.4427972390580662	-1.0328141876163566	1.7695441883093184	1.933928152759731	-1.6208471273667133	-0.052900870838203426	-1.0168375259238533	0.49418979989450146	-0.1606271515080159	-1.8106196520335711	-3.0653569946114865	-1.131856305832246	0.8061203939831868	-0.07004796978313912	-2.672800759661	3.608237766064785	-0.5637757070695268	1.5164451205222929	-0.7142266282847929	1.1176433805727253	-1.0502957392319263	0.06110640627492565
DTXSID0021759	-8.759563014595708	3.982108920285926	-2.449661620606419	1.9634848618638785	0.19488199625880973	-0.7244931936745643	0.6788596262892065	0.041546141355942194	-0.21641605822957546	-0.12476430803096247	-0.32011220000301044	1.249678489511154	1.321905958933234	0.07017075446397208	-0.4114892073389392	-0.08611662882311977	-0.1137615046135684	-0.0012444525589611316	0.2932812076394949	-0.7292426158836733	-0.8463669945733816	0.7519042374991677	0.08029826325147979	0.4153349040044555	-0.8824230789496843	0.4765160696102636	-0.4221628240073679	-0.47484419236414566	-0.33467253242069694	-0.039784777979512825	0.7589131568403144	-0.34944430405264754	-0.05024099921025779	0.3496639617770607	0.32203817547584873	0.6095651275511422	0.036546360916964844	0.8337155609591128	-0.24927933203141966	-0.8254289939897438	0.493799088664561	0.030708867294967985	-0.2628014420970951	-0.5514622093914399	0.406038183428051	0.30111010907755487	-0.6784979119604694	0.7424920851774232	0.5891817367150974	-0.5073805388750644	-0.31009723181637494	-0.4939401704091796	-0.3421435136324529	-0.5701523100335065	-0.6147218651368844	-0.9323356237507053	-0.40667252206667054	-0.38618567708854495	-0.4491343310762136	0.21411313994609268	-0.10066251562896641	-0.7827550270851132	-0.13461049236917974	-0.1360674944770178	0.6328952293698954	0.4943059337799919	-0.08070682777180163	0.15971599800169228	0.44409656951855114	0.960828313859141	-0.950350301316989	-0.45959103799459433	0.6942335684857387	0.17624462921176418	-0.5476785173584112	0.36424977084438104	0.1646708708900021	0.12162417370265842	-0.8816004113851141	-0.3742308857321614	-0.6277315363256751	-0.5624725774815694	0.5710401751345933	0.0688014392691907	-0.3367426807714047	-0.5539466131780156	-0.3836551886579915	0.3107757675653018	-0.30492386446225633	0.08078625871805832	0.7127196279124249	0.7880404340269217	0.05251621391308413	-0.24571123863019148	-0.1903317171056683	0.4705016445829612	-0.06919966595128317	-0.017130492668379405	-0.37437874968426543	0.4354824733894101
DTXSID8048600	3.5710779216886444	-2.191866374209402	0.5061385491508457	-0.5006361984764817	0.3308152117304231	1.3401723913578145	0.08317952730222969	-4.014211635499032	2.5233930673724405	-0.5729330549919927	1.9024786964232325	1.264430446068448	1.5843516297213185	0.9173296572427762	-0.5565137909319637	-0.7863212917051683	-0.13481038900044817	1.1640992001018382	-1.2015759835439859	1.6238856593873232	-0.868050585609827	0.45607916522166453	-0.517419513880282	-0.4502833456961875	0.9759125198263452	-1.0774156858247936	-0.5543371946212766	0.17428618286014408	-1.5589735649619074	-0.35103896469204615	-0.7058832870842259	-0.8498360722371603	-0.12968426089306612	0.4100191477483521	-0.4551751154670466	0.535816917290307	1.2364665910638026	0.10898922930964763	0.9887443201508415	0.015478826634436291	-0.4619749867197623	-0.8573581225565206	-0.97375885676708	-0.6451427063150079	-0.2917812750613829	-0.6331668799257976	-0.46967047997377576	-0.3690574664978364	0.6138277236057311	0.5393753346135262	-0.082140366938005	1.7597529227801774	-0.06270933321491995	0.026747548111756527	-0.9564244225195924	-0.45526992865054744	-1.4616266678131447	0.9917315604734864	-0.5831381183633852	-0.8649736130678995	0.22699755544433195	-0.5595736697686854	-0.2869607719569015	0.475380134541549	-0.3928928746218481	0.5144656427884468	0.09691392717978883	-0.6323464605077123	0.5629664165260239	0.768815604412939	-1.0090634475621019	0.059959812722651815	0.05931484263339098	0.28734587608087436	-0.2344160160699481	-1.502558101509558	-0.19005982600985682	0.7421791839446528	0.6297094858565901	0.6827481371218784	0.49817231789717775	-0.4430033006890022	0.20434304473734316	-1.1163207749380537	0.22912896126287477	1.1748281436059202	0.9488684697165469	0.3515490001012417	0.18097577946661186	0.3955564229526469	0.10795908711031837	0.24073311692529928	-0.6801424666995803	0.7759302622014477	0.04955088506452651	-0.48600071301615666	0.5562350384915474	0.41807085285049095	-0.4998576863095602	-0.19432149221774583
DTXSID2025058	-5.156095699670083	0.4179049854125747	0.3818562726203258	0.4401615750879181	0.3891977840900622	3.092448508044564	-0.19703587006182352	3.2766298303310335	0.553638468994331	-0.04071092921517493	-0.623610888581141	1.6307364564307192	0.13541285620516985	0.7581683696938644	-0.7849010186857893	-0.4240074219634375	-0.7713709628123143	-0.23820668244532536	0.3434241012746996	-0.14906987661976587	-0.44212868794769195	-0.21488378863175228	-0.609350444914398	0.42521735571901087	0.1311183850140952	0.1953995927234787	0.8376805837716597	0.539748427313475	-0.32236116524266417	0.512532605884515	-0.6069104940623754	0.0440305655501195	-0.6679706434199401	0.624222197938965	0.18895146670534693	-0.5576494911318002	-0.32937316325055394	0.05060120693863474	0.16742265913729656	0.1510435191464426	-0.17215031308961237	-0.5832133896295086	0.0898840490527302	-0.23083313653612222	0.8763419637945408	0.08878279154345409	-0.31150482800387685	0.15764939304596456	-0.12320369259692343	0.04658011821979144	0.5944113230700934	-0.37577383985172746	0.620163472201118	-0.07253020075365628	0.2029205481842418	0.2967333946380168	-0.5015279861598007	-0.715668605984285	0.22432499072659948	0.13254670236257687	-0.6518827620209316	-0.03796842206523507	0.17234522758031726	-0.09885475718274823	1.0859778607113753	-0.30020070123380255	0.061401104389028675	-0.0906313693218994	0.36705518784741187	0.09995644118475212	-0.0405604335069132	-0.1966757666209014	0.8744035166545887	0.8143818253611289	0.659347479150085	-0.5956554911270063	0.4949137393895456	0.20590406683605542	0.40089204459086775	0.09049872668457251	-0.18054897924915939	0.18583775014713627	0.07522235663792388	-0.2425498296493713	-0.2737657181136675	0.4864713059914923	-0.24930702202559235	-0.475795106482189	-0.35939723978316296	0.1817156915519241	0.05725022740174638	0.541070992501947	0.12533421385209023	0.690525604312083	-0.6459013515703759	-0.08937141378103595	-0.4929090595026208	-0.4142848403734575	-0.06837073449619922	0.2411911170007344
DTXSID5025079	-6.213970569931479	3.870705387521137	-1.7115557295569845	-0.35278333470069617	2.5445369547243994	0.822407084850777	0.4384527823451159	0.5864300727009075	-0.8813219734810923	-0.7896698009843007	-0.2325845776500633	1.1272698926355247	0.0571867851214968	-0.7429011921855371	0.5944862947994938	-0.21073125521527253	-0.8091669225253156	0.348907370169093	-0.3923859118829521	0.2436593785970477	-0.48988740036675277	-0.9763719624092448	-0.3091136272368595	-0.1491011240546273	-1.3454959132510103	0.7249942621807612	0.745830417090027	-0.482235231444889	-0.023759207882599966	-0.6039389939977785	0.33085137737257886	0.5984468846771935	-0.4335949716738634	0.8496185383349969	0.8190226616633207	0.024699905184303466	0.34650512273508655	0.12953495122226638	0.05695390216790594	-0.6153365938117232	0.2649236430508533	-0.002782154309559263	0.025908174137140857	-0.6596556553101953	0.9952859954508274	-0.23214384428830012	-0.2787387567963249	0.7632556965779372	0.015665332564487402	0.0342442263067326	-0.12906518956921487	-0.18612885491524137	-0.37898895065592586	-0.7933713762887614	-0.42273113050964206	-0.6726245743893338	0.4454076833517295	-0.6481015843276579	-0.48677404463778057	-0.6838545143529706	-0.524504419038354	-0.5919036573964509	-0.7263019657174394	0.17467623932591542	0.6721132119544245	-0.4623805300283375	0.2985140105646753	0.5148314873730593	0.8822020917823254	-0.06951764420114069	-0.03671453644051173	-0.36154581860394713	-0.021823606523170943	0.3629718063620647	0.8864512093438783	0.7262181524118334	-0.00690515105370716	-0.3864815970171142	-0.004601964174334472	-0.03236137800022193	-0.47900851025359	-0.00254906103786195	0.03532381074904816	0.3306147858395367	-0.6014115336176858	-0.18547162712914525	0.027779388898893472	0.4059544415358617	-0.7433651114861005	-0.12283485583166032	0.4209781905009022	-0.5086414490715915	0.08864032425836475	-0.030995637022471854	-1.0869781038606456	-0.008544759217018286	0.5463267165517786	-0.3233824035112147	-0.3920817698373794	0.6658915917213992
DTXSID50375114	10.269514302122749	-15.629504846834122	-12.014742001770557	3.4286198449757803	-3.4248779175437307	-1.2709569791100501	-14.466412934642221	-12.194753825195704	-0.3218806302480294	-10.146136520418555	-9.658232576966526	18.605095038540938	-7.283975877558149	-2.2050554206636317	5.057841926290841	-7.28071192006919	-4.181440848637824	-12.140995667346532	2.7189468150914617	7.730675531139462	-4.190850631573272	-2.213078378388741	-4.1155699992012345	1.6202968651212162	-4.495428657900353	9.26552632287679	3.3525244056094805	2.6469306093561005	-5.847426326617696	-3.345856263655076	-0.06214228794714116	-0.7448192436368131	-2.72671106170672	3.5666633069923486	-1.4242924528995735	2.7321262611494843	4.691300439881565	1.840359390528067	-0.07156004831970494	4.278440863289617	-3.090200863038157	3.987421140988589	-0.6064360864791715	-1.839876345658605	1.3132520522377797	1.3608028464944213	-2.5932804335985726	1.2428216931876879	0.8606492288955707	-0.6081718262403258	-6.492001285252211	-1.6581938441246455	3.1159759865781953	-1.82076106148353	1.192643394628709	-0.26352839542589956	-0.5499412290760896	2.7804927396609807	-1.4629001848888579	-0.5874650921161729	0.28639291812593	1.6003783703939665	1.8093927536997048	0.5908141295418483	-0.11675594302995022	3.697698930100558	-1.5809692094042276	2.7092874668480307	-1.7441682179719635	0.1611840891683125	-3.447819283172002	-3.106817819775903	1.014196705099013	-2.233159044451101	-2.9743154494922015	-0.8799863081355085	0.2539619210766666	-0.4668841867395625	0.016422842333734967	-1.2391127547370333	0.8758744040779219	2.6864177650546304	-1.3186439643046044	-2.1962368510276415	0.7511084985256201	-2.325826324803499	-1.745730824519459	2.238819372472511	0.5063100650844757	0.07706354721349652	-0.7319297358322568	1.8255751414552437	-0.15372976524413073	-0.5178573534403949	-1.4322314064642465	0.00594917567063236	-1.8836465391205215	-2.5366539696243735	1.348680178491921	-0.7592764409270921
DTXSID1046134	4.2113986814329945	-3.0268909997471205	2.7685352040438422	-1.6272086772338956	-1.3629834556152602	-1.2783699083610436	-1.1429792530932508	-0.2664628584752197	-0.7574299925470408	0.6708409015893331	1.0852425236782932	-2.5183911430226926	-0.8393252014460271	-1.7245958537157542	-1.195812371924249	-3.2847276098290092	-0.7936512451556346	4.476584215560486	-0.7248358599117142	-2.9256948140472203	0.9527848062527902	3.7547249006160746	1.058341563360149	0.12284016621777785	2.5628232414456082	0.029862898297104905	1.489042650797389	-0.611363858163627	-1.3808844402820688	-0.8590353747814542	1.6922346083045154	1.5513930113282417	-1.4183699854738898	-1.222491626404988	-0.6651162622655091	1.7631282911311448	1.6376696658696195	0.23429255940653276	-0.6258571184963696	1.3495992443267757	-0.1440005406769114	2.104603396998191	0.7646794552896126	-0.4108535584982797	-0.6286324051799506	0.26523559912589556	1.4871256669301058	0.17511652170465544	-0.11893933528305373	-1.1698411958244275	-0.40596866626944217	-0.6224028556591387	2.3292509710357954	0.40523860919815025	-0.13269121933863784	0.023790186534871336	0.17093752057184425	-1.7387184889720058	1.464774281629872	1.2902301446944957	-0.736611267643449	-3.344023058029665	0.023964092147471017	-0.7569886812882309	1.9410990432433055	-0.20738989619309958	-3.7933157426335633	0.3712211629775169	-2.264400994402601	-1.657521196317104	-1.5209002417738604	4.036493176000434	2.954300892038665	-3.4830344867772105	1.478126964569399	0.6892385702240327	-3.6294481605575917	-1.319287500360503	-2.5942219111764344	-0.28275395798801195	-0.3458364319151641	-0.34410772339334794	-0.5316792299265054	-2.9843627165327806	0.5838429147929272	0.34301824126907315	0.5022559233743895	1.311718290550234	0.6699996776466153	-0.5856139974082785	-0.0811284190713797	0.9625134301360095	0.13428558783691766	-0.5034680283123937	-0.4318833014771065	-0.047424001714855744	-0.39877253080292174	0.951002011672366	0.2782878594302235	-0.7837690445412014
DTXSID5044788	-3.5765351986561518	-1.1416085944534693	1.4116890900659345	0.28653080974084894	-1.374332737491857	0.08973230255691841	-0.42407496115764365	-1.3327749504180446	0.714831151934037	-0.03572638420380659	-1.534456948744837	0.06432008148876621	0.7401112549496209	-1.6246629475571985	-0.6150436423481466	-1.1558079229737175	-1.4024459097019315	-0.04629471965295447	-0.3114275382393852	0.5458652095712295	-0.3272835246701864	0.23875557244331813	0.4337573934212718	-1.2644797231982416	0.6425308397392095	-0.2724227542832831	-0.4793051148633483	0.09790144401659168	0.21532126650649705	0.41625476815218837	0.4593088455010414	-0.2443169573640543	0.26432821913111104	-0.2144994034518173	0.15893258420400302	0.25911269481229965	1.4545914359166745	1.459440397198918	-0.4270303762132713	-0.0354318832915062	0.47452698456599773	-0.23933737642111744	-0.5339443685952082	-0.564532721348094	-0.024718900870419235	-0.20925752659066127	-0.1650399258721341	-0.5674717450383912	0.7506245030112261	0.2501776501078105	-0.8365380524791085	-1.330810110043793	1.1151457586161653	-0.15104235116116607	0.4657267341307979	-0.2802199731758942	0.27482850386710783	0.7782353761958926	-0.8038882738550336	-0.04886599600030191	0.10650529742186042	0.5755096873325016	0.09366286548702045	0.5019137402217199	-0.5289984083296079	-0.6917856951987752	1.130567926180984	0.7891244688791076	0.3683692913355155	0.7847019750969467	-0.6429701944785257	-0.0752713870442775	0.12546262964449845	0.1646979811982069	-0.7081559936741815	0.8873197524335813	1.0784725209597035	-0.5250324616454203	1.1552055199070832	0.5417503363670733	0.2579773453609013	-0.1382357717025817	-0.9132925790972154	-0.28064507666985883	0.06823285286479175	-0.11987267657177024	0.4218098919346968	0.8288538951359029	-0.976636566609169	0.3582356854817949	-0.3929185168327992	-0.44735921217822566	0.4830352609627111	0.40402370657280423	0.6619852418239789	-0.2625770464862727	-1.0004011699305115	0.7427946032462321	-0.9943162996794797	0.48566583910234007
DTXSID9020958	-5.8370356080171435	-1.805796708319862	-1.316387876610267	5.413072974432706	-1.9687883435394227	3.423423751111896	-1.4423864407190055	4.4083680445662345	6.722298110184839	2.6930299081300335	-4.790873008148149	-1.3662489524094918	-1.90501784052335	1.3230002892170043	0.5734194902518888	1.5317859639132507	0.5719537033063998	0.9644281743476755	-0.6370862221234721	1.89912860669026	-0.7184758928423964	0.919852519677161	0.14327156746366804	0.3777281737186276	-0.11240127012456445	0.2193420405215574	-0.012955214579554584	0.17406096588891976	-0.19080911732338648	0.43769643665470065	-0.8931068439909012	-0.18983063177721957	-0.6474685422079789	-0.02837250985797464	-0.24596175834504758	-0.12973331486064896	0.25508548502733325	-0.5091472029020316	0.4596479433373546	-0.5527619060758036	-0.3888268462844332	-0.6007960099272748	0.7019145849445522	-0.20755733815075408	-0.09127674887014985	-0.22078848361727352	0.1949365818762251	1.0383372901699044	0.2812244436974692	0.09840010252319535	-0.21763549732626788	-0.0857693717637667	0.30931869339269297	0.034619495953564824	-0.25146483451477614	0.4260540527072099	0.035965146130846656	-0.26688517288299335	0.4037477768599558	0.269610277880494	-0.26531123903994597	0.028693560955940334	0.24347780678669248	-0.32656759977244265	-0.5969765873448826	-0.14157307583147505	-0.6760923200109771	0.1378624994068545	-0.4586972065212656	0.04412199129643039	0.430157385148837	-0.048998411231272326	-0.5067791024893185	-0.05360017538438028	-0.09014624567792905	-0.3588176120068504	-0.39003203904853306	-0.021715862320284204	0.1792339154740754	-0.30606881860337964	-0.3548061917032895	0.021844466925516733	0.00394702178688468	0.17482038145168782	-0.04226878204819402	-0.12554909402624573	-0.06386234157043892	-0.21122410764591854	0.1695521047835862	-0.18810827209103279	0.09452500822096219	-0.10187517341360032	-0.12022927753391524	-0.15959001832660422	0.2291563070831026	-0.058124458382835725	-0.19539252387099268	-0.1384882899870044	0.2869134700773315	-0.06716367454403326
DTXSID5035616	-4.905896285176482	-1.1203790945237952	-2.304565683515931	4.780414564543047	-0.5327871658572432	0.19477990902535	-1.2229105853168718	-0.7742976717379424	4.950669168374131	1.3225215727670934	-1.3907390502177983	-2.469417034370879	1.5528450959591054	-2.490881604575106	2.340083821465114	1.8375964381987013	-0.10950239620240576	-0.37966293771780374	0.8609449524737416	1.406589608047939	-0.31374798766201134	0.22072578138195453	0.14765876688931132	-0.414180304133379	-0.13126996867668228	0.13157003471793677	0.22230153362451618	-0.2729961257045401	0.1065813335503744	-1.374470906830373	0.25718309684425544	0.44907218511539876	-2.6370896117680593	-1.350333668898368	0.1977581904758937	1.4884689413073244	0.27206778431900713	0.6411743439821641	-0.3014836605466128	-1.6473489344057464	0.8722881980626176	1.6946786346938438	0.06208165071921482	0.4888729035777632	0.13157306745098435	0.13088508751754863	1.341032730033188	1.2234756920990209	0.09500917616966462	0.7288922870316522	-1.021511941835288	0.8410467641280223	-0.380785490122844	0.5730907818874971	1.200826140611056	1.2166950061715252	0.7000333489605409	-1.1182439264667394	-0.35021874307492606	0.3556384890083092	0.17848469304894407	-0.03052731653428585	-0.1723576678501511	-1.3063810407410013	0.5412878278664778	-1.3498516678287966	-1.113175080331381	-0.05494394023252244	-0.6061537618590256	1.1598426874857752	0.2326866693426224	-1.0348190570208755	-0.9929630770444441	0.8479038849428697	-0.3226806256422359	-0.019301531905525228	1.4963197259899548	-1.866869203364685	0.005868980196957965	2.4261125162722514	-0.9674821116506133	-1.4104851411147612	-0.46035252006618566	-1.3042421593897493	0.9212546263688304	0.45442388634278635	-0.9292525955536026	-0.17667150237531484	0.2980521371187977	0.18769797724054363	0.6900909102464373	0.39737133352882253	0.15826400416658903	-0.6985581429022324	0.1270894345679993	-0.12100304246740311	0.740691129687328	-1.6725949820355768	0.5544616999438243	-0.20500021274973632
DTXSID3048730	18.482640982544794	6.952877138599462	-2.76170004840741	2.8204725029621507	-1.9144870426453389	-0.23712263911843692	-4.327742528751541	-2.794808542346644	1.2237908899321055	1.1754623302927394	1.692694578048059	0.4177630553753815	2.575035724499249	3.1266839397930033	-2.1533479345622353	-0.21498278432115864	0.957711823169888	2.0307052483323633	-3.460373647205342	0.43355596066720603	-0.7099634950981554	-0.9486996412176542	-1.333467160646613	-0.7689888810038178	1.8540143928118238	0.7390147852325725	0.3898731846170249	1.4967666391578232	-0.7501332042606519	-0.5495624588854259	-0.6381727921056453	0.959983876878246	-0.602900040336835	0.8889340035965788	-0.3638114530498586	0.03987499408488263	0.8902119027875036	0.11860971719239538	0.6560824208340279	1.3316282760729796	-0.3741029066779531	1.0986350470692214	-0.28038784438821457	-0.9407581582257144	-0.41904701835537034	-0.49342029393290454	0.39535439700549757	-0.04437984068028973	-0.6053455344973719	0.6033556763767358	0.2159783896680917	1.4909451748682394	-1.019207340601889	0.01143310287236879	0.01973382040126886	-1.3785311147614978	-1.1291160801339422	-0.6318793526925139	0.956308986479786	0.6043774499929834	0.7869714037768405	0.19515314878812107	-0.7763213384289613	-0.25858668628772874	-2.417235309448917	-0.5183565719397458	0.09869016646068414	0.2519930246238729	-0.2175635870391484	-0.07116183525624718	-0.7156133117971615	0.8909881995844635	0.2610061594853713	0.2507854964183459	-1.2815789137272309	-1.160056996274609	0.29860212167478667	0.6151685365827745	-0.17905343008483315	-0.1304769651244612	0.16652669218273095	-0.5891308338791954	-0.9983238132014457	0.5015547166888887	-0.6696803895637065	0.8872859951998608	-0.24717021839586573	0.09598405961358378	-0.023182137672500547	-0.3181807841315933	-0.009310163976017404	0.26551933293198937	-1.127066563529198	0.701505323229653	0.827529313367451	-0.45846826684789505	-0.3385469442454038	0.41052718655700277	0.44098244264718994	-0.7109333998930928
DTXSID6047810	-0.44778828383126335	2.4482852216663864	-0.21464280107041622	0.03511315936842191	-1.2265496499485726	0.2780255424147094	-0.21273446078670732	-0.22088869343851322	-0.4981775860443921	0.08425188225602305	-0.17632163401127238	-0.45868211026663686	3.14778789792757	1.110556990389289	-0.24792948389441147	-0.9458233040816045	1.0097282904422782	0.6660553115814034	-0.1231368059633669	-1.9663890939029365	-0.2949199171089318	-0.2882797884809584	-0.6149324765187058	0.5878021017026855	-0.1743991280452573	0.37972745277800873	1.2676923499491277	-0.559507837126946	-0.8836098508270146	0.7783306267522723	-1.1524369926397737	0.3081074226508537	0.47064520352955447	0.983409121474866	0.1718304801410235	-1.7307420060895597	0.26741720847575	0.5639398548697652	0.38752747279113686	1.4146522686801977	1.3233085171151429	0.387717481990378	-0.7448484310664489	-0.8042068435068334	0.8813440831124185	0.13530562083986944	-0.1019854417877184	-0.19270027085781183	-1.8048674396008686	-1.8894983446593658	-0.10981236314944051	-1.2249682051858035	-0.12723503310251508	3.1675276132881507	-1.0758753822968092	-0.1420201045080907	0.784056431120134	-0.18230062021441426	-1.2360266095632726	-1.210746259304434	-0.4183372493221541	1.4920951043115676	-0.26089581362322517	-0.4067889280021677	0.06111649659091946	0.37271477236302025	-1.3288591403351504	0.49429615104465646	-1.3507552267866825	-0.21299321913990535	0.862173913915906	0.7748220767863784	-0.7277455074727787	-0.15244770771884794	-0.32620999991794886	0.9789886832822396	-0.1583952758114861	-0.8279565492621204	1.343579767005516	1.0579569655586052	1.5389280536042993	0.5996434074839044	0.3560626040036021	0.0336054159893134	0.806926138741176	-0.1660333850225685	-0.34542839446448964	0.7425097027418374	0.29548343068290783	-0.5200816038707514	0.5379684900933512	-0.6185993352322882	-0.12151241229196867	-0.2528597642400465	0.35693093711027785	0.3540341207979146	0.8696367030659999	0.4066337824187307	-0.3779079426195134	0.08651665688560173
DTXSID1025512	3.174780186473759	-1.3847816883705861	3.703388290032356	-2.597491836871803	2.8440273307840873	2.5611130561200803	-0.21679189246552244	1.4452872355924238	0.3613222501905497	-0.3667745987648086	-1.545889945289287	-0.021210734292143367	4.041841332711397	-0.6293789659033782	1.3825409980309002	-0.9473570345443554	1.1286912078726898	-2.3206942390796907	-0.1091429922586451	0.5799369239296203	0.5486696962722755	-0.7140653049185969	-0.18551208141954842	0.20673713573453234	0.568341795262439	0.4417221766305166	1.7227316375522232	0.3812917906964608	0.10959032967099018	2.2503073299052034	0.03781362042444403	1.6545705582182266	-1.2400448864389202	0.02177884339167731	0.43597357918917334	-0.7669332264662199	-2.071009572678026	-2.697510550424664	1.159050448594398	-0.11188744256332459	0.28183168545913817	0.4079422472221405	0.17710368787791417	1.459565308973969	1.0267979613826796	0.5411687686474731	1.1276806323735729	0.195128554509126	-1.8176479915322818	0.866684239597422	1.8721367781569769	0.35745914097050213	0.7921321769802729	-0.12283377259040358	2.9238247513581794	-0.054435638355330655	-1.6042372077605909	1.5142395682218466	1.7173553963390908	1.1665400980748877	0.05818816624123885	-0.06291252530470548	0.16479459027586177	0.2642497786424346	1.5575170301838268	0.1861479171977664	1.472441890872107	-1.2981105234793588	-0.41969009794246537	-0.5931023785500246	0.8957392133583102	-0.12660920378536775	0.9811183401751701	0.590923596045565	0.4678196163386318	-1.2573089754227529	-0.5822829419904293	0.6890622176931276	-0.20710431365067944	0.7950590276233007	-1.3929299951614755	-1.5022818153425586	0.9874175755836054	-0.048007726090332846	0.3074093931105839	-0.6704113778182217	-2.322071252242796	0.31236318727844825	-0.2654636877597317	-0.46537931245000536	0.0676999354640072	-0.3316698508008888	0.4937425558758017	1.4252698722731865	-0.12346356913245977	-0.09543326373730357	-1.0987979371504804	0.7229846247332382	0.7435549122491019	0.9318697352732704
DTXSID4059916	-3.3862485754153058	-3.9417068988540436	-5.661495901960125	3.9828051841615593	-0.8754782699407104	-0.8794656876421685	-4.851996149019493	-5.786309463475139	-1.551803319818256	-5.622630096905665	-5.977358832459879	6.556015730453648	-1.5314625755124416	2.1252186069466696	0.782760115636582	-3.244399185881964	-2.091791079417984	-4.358748077711855	2.446031300317516	3.4424418224276274	-1.4412696032206498	-1.0427295249785236	-1.0784693867509885	-0.05180805936402499	-2.144220182032677	3.5109538796036923	1.2467371979529331	1.5729288051412893	-2.4237842398621616	-2.189255686310765	0.8467554076956203	-0.40553965772745015	-2.782110338911578	1.254649933161079	-1.1314117094867413	1.1755245487743797	1.2880489046434556	1.693128786198802	-1.1967091139175872	1.3532729690680974	-1.157394859653855	1.7346522738057693	-0.386523088270746	-1.1170798468546905	0.6318033169929181	0.1113889936725481	-0.7766262636732251	-0.07213018785484997	0.01639481260704242	-0.3951967476900597	-2.6562279611425574	-0.7842614979648084	1.0682948742809293	-0.23564703173011928	0.6549811446184726	-0.1216363841769616	-0.061894322606398273	1.6949270685753102	-1.5238470694653448	0.06863865205587794	-0.24403398082132532	-0.8033103931591302	-0.14423977324044357	1.1687480484441852	-0.45269521437831595	1.5283031066338901	-0.7780732369134247	0.851252997660513	-0.5164846858370756	0.6430379175175469	-0.8501232751135049	-0.48739858108741674	-1.4303978189188173	-1.113806275888456	-0.8038399330045437	-0.5264352405380648	0.6636498515850887	-0.045578778785818216	0.7894793847993103	-0.19738494615723484	0.5879170407723853	1.1521652632153285	1.0202189349577284	-1.0273887337291623	0.6868889104527726	-0.9131392442814801	-1.2886519028664452	1.6863167007707986	-0.6433024646619496	0.056166234005256936	-0.8794894909235564	1.775977506631663	1.2456747546487412	0.6369647334289956	-2.290948729131022	0.3951139811344564	-1.3070848602641358	-1.20227600938553	1.5139280738439422	-0.7807024678706417
DTXSID3021645	-5.029859792057658	3.0325395629578913	-2.355812118258801	1.6001016382695743	3.9182687860316396	-0.07489188260122297	0.5041153780827278	-1.749247584489397	-0.29509172453727006	-3.508855493645723	-2.5456880475048385	-1.1311488573659163	-0.11665816789163601	4.026261953494535	-0.07285793678040914	-0.5633387420211401	-0.43621015232705096	0.18730344324267367	2.9605779800282757	0.4441491357159364	0.6831681296820332	-0.18263947199221847	0.10720586647702773	-1.0608775023718076	-0.2769792674668503	0.15658364067423233	-0.34626702626349004	0.8636439108488706	-0.46688701094391566	-0.4671791201750264	0.7323071108877082	-0.695671041368956	-0.4744097834086772	-0.06670653517690732	-0.10042274180416315	1.0085944472943502	-0.018585823666609415	1.4151875479930867	-0.6614643366782995	0.4585513376542421	0.23491492945223325	0.42814013262600426	-0.7227473675460473	-0.4642082944181018	0.03577117271925497	-0.585791774083418	0.036238522875768474	-0.6780613443277672	-0.05862707577647929	-0.6761949369937583	-0.9471320632109801	-0.5294086906297116	-0.12635601477291608	-0.36198723744765815	-0.6484992790930936	0.6356968541516809	-0.020050050718108704	-0.49025641378685275	-0.8076223445687144	0.03889517985252968	-0.10435803276117267	-0.7122457237510491	0.2797000197947772	0.4121447682341752	0.18116231801614957	0.2316016174721935	-0.7087258247266919	0.03957002410981294	0.38383190934477895	-0.25572226711845336	-0.13172979134417304	-0.4462605947079756	-0.17281426919446682	-0.03285933724267694	-0.24833735886743502	0.45262894275880455	0.30363896226746445	0.2159494531435592	-0.051919081195108845	-0.058907227096803585	0.07007820970067388	0.09755898858787213	0.4979144162885258	-0.08047846424986722	0.1598286239271922	0.43208150051565264	0.27880115178895076	0.23497598071084938	-0.4240072098937935	0.030447199924708835	0.24637453481363325	0.18366803200562337	0.05228388771714591	0.18099631533420962	0.18067837566055253	0.034287325531728655	-0.028390147783602354	-0.2574687157392969	0.07524609368998615	0.12092606873557853
DTXSID90868151	15.831470832827103	-22.1122759181071	-16.65844839655266	7.10824668071103	-2.77669511277703	-2.493893233589226	-17.722714863270728	-23.093058046099813	-3.2554764122900957	-12.861813905869777	-21.902082126953164	30.39027548073216	-6.595442133831784	-1.8941964075674327	2.4910589717688056	-9.558190335620848	-5.817392359252609	-12.736074672402951	0.7144163666631812	9.841993493415018	-8.646378942018233	-0.0009615522218295846	-7.042081333755313	5.091336816737898	-4.449550748120758	13.933024180756632	4.665663793242759	7.069451603650844	-10.441548563563051	-5.12262143231179	0.20008647810864483	-4.019380590783742	-9.023195419089829	0.5391524764097327	-6.576024270498886	1.2677204788838043	3.0665554451180776	2.519875766803322	-6.077166879392792	4.6721351990181725	-6.988419321472301	2.332837469914946	0.9303857122146334	-0.6739717601347441	-0.4107383033873147	-0.1940778443021062	-1.3822896254215844	1.070373966503625	2.716837892957052	-3.044633424239191	-6.7254368684985515	-1.4547884340636412	6.153269954786966	3.2825494448442454	3.4247672993712586	-3.4313909508884315	-0.783969588500479	7.228868142651045	-2.110647002256202	1.190049101882281	0.05153048947104735	-2.4267410538245446	-6.428146513826782	4.463103080223743	-5.290209311294463	-0.540674035556865	-3.342696982904911	2.2574092267242203	-4.582530422357299	5.020331853322005	0.18819392766160875	2.8497645056150844	-13.997256617234774	-2.8319252134496913	1.6884137641123962	-5.69031314669606	5.681962129991168	4.023994958231431	3.441806481169547	1.017462035368091	5.999319625721637	2.899545607148795	4.401681287152869	-3.2572449424717	5.058642597343816	-5.079959754965183	-6.3432034837582565	11.128943445796681	0.039432704608499715	0.19656526289809476	-8.681625357878682	13.207378292393281	8.802207080677466	5.213049919104718	-16.729733495335125	0.5238940911102328	-7.00774537091555	-7.802539851033906	9.393147708410963	-7.740225018951868
DTXSID7044392	-5.566712834923857	-0.24918725389171104	2.838172887745945	-0.6231055935185558	-0.3503566459967641	0.6902250150378674	0.7037439382203272	-0.7969307115254005	0.5051469331682642	0.7467334007779427	0.5254877633665903	0.4591087442519604	2.2979344389408625	-0.44678769232548543	0.4571915960706909	-0.8633468165001159	1.003268798440433	-1.3356920944665698	0.5350032179419978	0.07278251526148832	0.0799985375406608	0.0956308887311019	1.1207945762752214	-0.8274619591857367	0.4125430893961077	0.3132223304052031	-0.2817444144591488	-0.14296067698649917	-0.619029693246277	-0.15309852687100978	0.6527731115395351	0.1250878926195423	-0.03268143702399241	-0.4720673398860691	0.1353773734347592	0.4981923278320683	0.29795721494707417	0.044581991182317794	-0.036940549937039595	-0.21547164842620398	0.4505675536009701	-0.07654410927295652	-0.3230927463687087	0.18023799802184862	0.17404176729072804	-0.5916551802065839	-0.5567027808608634	-0.6493646773333862	-0.004743116143055449	-0.04938293732895677	-0.2864818858471023	-0.5036910776745485	-0.564669369934309	-0.20568291866237493	0.1432800052969572	-0.5844416546223828	0.5430101604759736	0.09583696132083869	-0.22277059836367563	-0.274800294352472	-0.016386151402932283	-0.04662125781254452	0.4583776638215757	1.0707525547885695	0.019111385487268595	-0.1400263952331913	0.1394297002409697	0.20952025967927793	0.2377130870438427	-0.28552707803051114	0.08101824473002472	0.11464814849190531	0.3875057574341548	0.037086209149433315	-0.11156452295187434	0.12288469071105802	0.48181299265254374	-0.25414311516438837	-0.2778074795260865	-0.26937437305437034	0.2069158586291863	-0.059921625064217415	-0.06565550931129188	0.04938040015475787	0.16372970489438396	0.07395863727133754	0.07129336887798148	0.07668999213152657	-0.1293033044827915	-0.45848363084591154	-0.11871851627062528	-0.14879711580569185	0.22588766043935302	0.13223761643488718	-0.11552141621440114	-0.03517265198732973	-0.02276103978526298	-0.013442337381129944	-0.059699463915409826	-0.09532026995560623
DTXSID0027195	-1.6845778339927804	5.518444571233394	-0.89718016135666	-4.363473423510532	9.990454061594582	1.2315992528975876	0.5757268753995956	-2.857965171679864	-0.6270475174480951	-0.8685144151118298	-4.4233781734192545	2.7211210284479836	-2.7996829785016777	-1.875772492087114	-0.46678178324438	3.2738817786678545	2.299327400162672	2.1728455109027465	0.050427391502402795	0.3847841733830827	1.3560572732405503	-0.3520575290739733	-0.5783027612504684	-1.5107125985949466	1.33266622632635	-0.45030306220623634	-2.183702822772166	1.5207925891299907	-0.502822318804209	-0.014685465669765052	-0.07701566063089356	-1.604873011396557	0.5968794163759826	-0.8026360239407964	0.6403013478408311	1.46657263117222	-0.6476500055283532	-0.5417590597184975	-0.39428454877922836	0.6658226215561439	0.1667883095782463	0.3215418805234235	-0.8906112376859061	0.9070520669463938	-1.0652401757899002	-1.2206408420371855	1.2077665008882403	0.185113050291636	-0.09672314396586676	-1.092593032621859	0.1638759970950622	0.6631144464844059	-0.26636928082344663	0.7844259402979374	0.19229661214678084	0.17702577681400125	-0.5330972992719918	0.18102095891054829	-0.9522501402902449	0.12860256411481222	0.06753812811609414	0.2677984348337408	-0.19398503958055607	-0.2031202470431102	0.3201393399950791	-0.8824084444060595	-0.6572794598279	0.6950675522001127	-1.069534718054731	-0.8833486300326777	0.7042549667093293	0.3709437709934877	-0.33920748617405067	0.09779503802070966	-0.7219572669640199	0.14557231760872041	0.23957261490829918	0.4635136520055139	-0.2954431126379935	0.0006605954184570865	-0.3492921769695514	0.5964659533310127	-0.41655124677771144	0.1158274236287973	0.5826701671312555	0.28475730567206714	0.24511466583639277	-0.22636458178892047	0.23577460815129667	0.18228065702442206	-0.43763871022910855	-0.7220189637533523	-0.47069305710818	-0.5066141457267067	0.5181859843960593	-0.02597877957205855	0.000858097504436092	0.30840802119401006	0.0033957082712120835	-0.2421580228809544
DTXSID0039227	-1.5541384741479596	0.2887522347903557	2.6554882793993206	-0.07685344732468939	-1.2890492856198172	2.7885415257640136	0.3618832139891491	0.07261880991342842	-0.5845619977169273	-0.5539385590658982	-0.8915454922239027	-0.7726254829651654	1.7053236097635538	-1.0685077753171415	0.4312356866498268	-1.2472224418569648	-0.049440676910866614	0.11357886054536465	-0.16155632028084835	0.28934385106664107	0.7711605948516466	-0.663019117676279	0.2543371708758877	-1.157428300631353	0.6192671501507158	-0.5707888743289966	0.8687044363640518	0.694329637293835	-0.9454042366035569	0.7470928979320688	-0.40239028214039035	-0.8507292934545672	0.25881539021822203	-0.22597958458220102	-0.7791497507103865	-0.3183742927989954	0.39251689857306	-0.22296329549443714	0.6824647621428988	0.23976066308612462	-0.09402872507520889	-0.7064174642968886	-0.587109224883681	0.3376491060350725	-0.12657829432329212	-0.6264865162342156	0.07769759319719535	-0.8855325269365506	0.7875715056493859	0.43461136755669744	-0.361163225017276	-0.138753342154184	-0.5136387572064831	0.43212410414488817	0.004332072697360882	0.249989363253374	-0.9990127850048872	-0.15275314053364536	0.5694496526918158	-0.271430567261233	0.024497077101564454	0.8070253484890096	0.14251053439717368	0.22870503771729267	-0.32518723635003177	0.06988290779265638	0.4635586850404323	-0.6876763881470566	0.7834613176013151	0.19956548502974789	0.39514687742721644	-0.5365751821858497	-0.34622318901960597	0.3028843442234923	0.44630472799249005	-0.35190420830940544	-0.15646108987430665	-0.15279243720900448	-0.7139579443888031	0.15648546105676273	0.11783933988555717	0.4754043058191288	-0.0014738932266552265	-0.33280701094242043	0.32437189804052446	1.0782347370747276	-0.23777875123675368	0.015773305532288676	0.6628066651175657	0.853958693041647	-0.34123581096140176	0.49168540786524123	-0.39614373275736564	0.5837893600771032	-0.7496576206533384	0.21624450436074755	-0.14698627719219864	0.48732225937973284	0.34284470691374413	0.23789065213569963
DTXSID5046643	9.647285836050825	-4.67645354328244	-8.320992479175796	6.584541115344333	-1.147420602712916	2.061729451740047	2.226863249332172	4.0048875218350934	-0.01775969945307989	-4.268686501050649	-1.0093400962912695	-4.3682543888217396	2.62637014465781	3.9433373057966365	-0.39857936559749224	0.287802376913779	-3.100865193285146	-3.006441834681293	1.5965932691035434	-0.4959922884572193	-1.1113712948967505	-0.4589828490808396	-1.2646336520363441	-2.8827461251044686	4.574317808996123	-0.3872248973993192	-2.4534636549546036	-1.4593142695654022	4.1449040583285495	-2.6709455238504667	2.0095046857781376	-1.1423925465464089	-1.6363824446069914	-0.46368798906861386	-3.165519517277127	1.3357707169234663	-1.0484515169066986	-2.594431354646417	1.4964811967286487	-0.3813767077958086	-1.6748130346266366	1.2351011186323344	2.8326351222208674	1.4898687644079993	-2.592803027054735	-0.8887884173156432	1.9854652051618438	1.403884313537709	0.3656555503277816	1.2614883337244045	-2.44835428495501	-1.9729581395207096	0.9762361066019911	0.6509946417686141	2.292551321059408	2.8376624572476956	0.6484863153278636	-1.6001642075845526	-1.9101477061712664	0.6664104102272198	-1.1492452859434785	0.24463914767573944	-1.8925249065980767	-0.768991274232513	-0.22117965412614368	-0.6216735353731091	-0.14958580752812822	-1.513664365475634	-0.840785420640439	-1.246160935111726	2.6647865147710377	0.26812174516628356	-1.2286585516922641	-1.3959090577839592	-1.5174252412473865	-0.33146773850724703	2.039485443420727	-0.2412274395693955	0.6834614545399713	0.20810730552277476	-1.3204903341287355	-0.4979344287546659	-0.9949409004594704	-0.945277880331763	0.4066212963058657	0.4123773160375781	-0.275934033082735	-0.5304803054750715	-0.7830767659225152	0.6797988508622649	1.773193621841479	-0.48760336424527795	-0.24585142372450597	1.0506465785925434	-0.9009421207843292	1.0136645058754006	-0.28208448506596623	0.03552211545360911	1.2921467996006368	-0.8082675904712154
DTXSID1022396	-0.5388459609524244	-3.331090683406855	5.122971005048347	3.3315498423872345	-0.8362643945761365	-2.922818482206707	1.893930886321458	-0.6209367955037602	-0.34938748362174543	-0.4608912284961623	0.6080055080659588	-1.2489624245437405	0.026736391791520497	-1.7505116008125439	0.19075827971528866	0.4483573336777799	0.9778079358932066	-0.7495800871206079	-0.23518129193654597	0.17724855739846196	-0.8512260901898645	-0.18890915246284334	-1.413086995542982	-0.9516765537789045	2.523419846381696	-0.5207441115534464	1.279108932496543	-0.014518418005379228	-0.7812543781961416	-0.20965380018859314	-0.6567521625231163	0.030234423762241266	0.37800312549291815	-0.5998206368171305	-0.83901636359897	0.7116426902122908	0.05568579792511536	-0.3211535470020456	-0.5424227558118638	0.447748701568669	-0.03561302686498142	-0.2854020991888797	0.15699332829916507	-0.005814505832307154	-0.6479005275997175	-0.42033865343607213	-0.21525615095295542	-0.5190759424050343	-0.4885063396251319	-0.028405898247540005	0.09175216857358923	-0.5445726037635041	0.3780511677271569	-0.0879073007694282	-0.41586488558594137	-0.7521028686935676	-0.8488809266346317	-1.5547588783417614	-0.6303306764333322	0.4017358906419025	-0.28410986964504054	-1.776640169114935	-0.022286444675847183	-1.081880746167146	0.639083640958772	0.9338459526009875	0.2690388216098679	-0.08887028610492305	-0.07563833370853926	-0.2948673891665871	1.0261347014984565	-0.15955858915344273	-0.08843923919548949	0.1714183453989936	-0.5156767261372049	0.2689722086652455	-0.17415462317771535	0.0248831863958344	0.3619786263234239	0.2598173976822382	-0.15457855188907707	-0.21047332994526763	0.21498174986276572	0.41864261929116664	-0.02363702927185908	-0.39519029048344934	0.4494099394263476	-0.11019129865457888	0.01436726897097091	-0.03809277869788268	-0.02975902031716423	-0.1783352344267443	-0.39446844100925954	0.5389220734197923	-0.15819767756561984	-0.033248723807125076	-0.35154079564467716	0.21963994173860807	0.38532992606583744	0.09333971770659899
DTXSID9026689	4.538704351819811	1.9697141626296562	-4.2431847322164735	4.540965729513797	4.365381850419371	-2.503159954236465	0.9653543688702833	3.0792113408921646	-0.03576295119360635	-1.2525227121967946	-1.7691264490328424	2.8505519070778225	1.4743109946556776	-0.4903385137588457	-3.183564812681644	2.625049854430542	2.014265190937581	0.5406863057851199	-3.7209713052602265	-3.3351481087966293	-1.8501949925231693	1.3715524242856902	1.2255960985653838	3.0146000677769074	-2.9949116104275393	0.47879025002901265	-3.495228684660753	-1.472661201698163	-0.8290449426666116	0.6926634791824371	2.5310695171684756	-1.3801673913747354	-0.3636125539588486	1.2989112143961454	2.142013033958916	1.6969258436747678	0.28984971176312907	0.7281485953264377	0.007711454782936445	-2.2166794929461062	0.09419740310049801	-1.4568116663506718	-0.7600735513343759	-2.0301235196800995	0.6837019504687056	2.1270103901149566	-2.687874115734795	2.687908535027109	1.12625669662349	-0.8781092613937455	-0.2452332873106779	0.35116840491804086	0.5900403226400925	-2.609808304982592	-3.155392719916213	-0.5897675233347076	-1.642786774168055	2.117389049099189	2.3371826568400573	-0.18192440837039697	-1.5452042448877892	-2.8352834185394284	-0.01590368437087931	0.2576205573845386	4.545205237105811	2.4572100629284996	2.365420191000695	0.1609818317170063	1.593528397634804	3.9021040797498348	-3.127556319976494	-2.8045892777395935	1.0020280718110997	-0.9390352182155511	-1.832147964205268	-1.3005198516412881	1.0859152902870683	-0.45795378001419546	-0.6380134614370341	-0.31279519954759744	-0.8913038543318587	-1.2335230128047707	0.09396363479179154	-1.4661492243126757	-0.5632455499256125	-0.6156490356061732	-0.41108651052768874	-0.9459334909877247	0.1773803212744287	-0.2755528627194237	2.1634348061886803	1.5056519410822162	0.5434786391196617	1.1107796625852466	-0.4975699799350163	-0.9396868322337948	-0.3590365840560193	0.008804079780804086	0.43398463179953845	1.5436949098103623
DTXSID4045262	-2.9311824892752965	2.9643734416195295	-3.186610314745427	2.270364477890863	-1.7503477244904226	1.4633930293485626	1.644765706522691	-1.0524630017282262	-0.5218075111075975	-1.1442358110012967	0.5906525147292382	-0.5018835073954815	1.468158337569995	0.04412644947486275	-0.7676592860997067	0.3381036967616837	-0.5160673104707687	1.1565583110954085	-0.3804229005789973	0.17032509108766197	-0.5731332058081249	-1.0387722933122001	-0.2989074429242846	-1.571346009155791	0.23133199915349406	-0.028398671607595467	1.0854848881023311	0.5788078179007443	-0.1276332017534083	0.40122815816923935	-0.011487668304400648	0.05215469366088426	-0.07590195028522555	0.009448728764694903	-0.24665678030355503	0.11315709451037372	0.385201805761793	0.22965021287462878	-0.23054517800627036	0.44588146173076737	0.05001740499575714	0.885832774836101	-0.12270340538058389	-0.2124249131080945	-0.2706057408460623	-0.2735214011200357	0.8075626184202365	-0.32908769026547224	-0.0163028059870986	-0.8247827794844098	-0.27010117550866897	0.055560707342270026	-0.34448400630587545	0.37009995862894784	0.23099370852946366	-0.1938171809629145	-0.7893112238384049	0.08433081314283727	-0.4787742974872566	-0.08264814916052632	0.1871342004258314	0.1415505931518468	-0.5189756692620775	-0.06353875823793714	-0.37601468345902034	0.1965705966412761	0.19843844803666852	-0.5610717724617614	0.29992270731218573	0.22223091590852176	0.933115351914405	0.706959148266382	-1.0140308478180444	-0.4760106244061019	-0.7404581410503818	0.146250273968198	-0.9722101693871074	0.042884281427111766	-1.2111663022703538	-0.6094112111437798	-0.2423813393439677	-0.34049251674959713	-0.10524922526541604	-0.5431472984712874	-0.07645402629315663	-0.5023335418792748	-0.21428419961997705	-0.373314434681493	0.13336976741620865	-0.44228711831827605	0.25863690598904554	-0.22187888735334574	0.37564798014520423	0.5296336527120163	-0.8497569480223455	0.7985875053692445	0.7945058624689001	0.18575337039240147	-0.5959446500574129	-0.9590371232029595
DTXSID8025670	-4.272661694144261	-0.33458518039108276	1.4891463679324117	1.9602331171344245	-1.8409076321486773	-1.6925040029207694	1.596396425773577	-0.021056159254912575	0.25517923972054346	-0.7294348943578193	0.580408802373928	-0.4163587474309478	0.5444180374631185	-0.9231621918704286	-0.04681432134821291	-1.0417506738941462	-0.17608011943480464	-0.3030180500614069	1.323201883818054	0.39515226269731785	-0.28251714197207234	0.7890787539214263	-0.44271641266717116	0.04390175672139287	1.1217037645004995	-0.0695382183879287	0.6959583745225447	0.07477661238688299	0.0751284845153038	-0.5064420769098507	-0.23609195501436234	-0.3007746120486934	0.5424984069836517	-0.2280594018880805	-0.6840750512374916	0.4297861591647896	-0.2896086989533846	-0.24168167717664463	-0.6321800508221299	0.07033215693641649	-0.20968628930451838	-0.301912731577922	-0.23361742230034394	0.7366274451789515	0.15513826273712902	0.33092091601334467	-0.20126619585662692	-0.6045149190983706	-0.2078807031754614	-0.011034996249428691	0.07358276348550971	0.5615734765220928	0.3455253621064509	-0.23150848571865287	-0.7071845982600724	0.10571511573637286	-0.5713090469676202	-0.7991559370935317	-0.09920329694833141	0.7562242220353483	0.4541283410084713	-0.9525508599509028	-0.4152595944172301	-0.5894912380238928	0.21651211341392385	-0.12133057657004755	-0.20394299076208733	-0.19717328971226084	0.011535078795318971	0.3511166033204522	0.5490813814821721	0.011384902708263731	0.6694889616109673	-0.09045471038510945	-0.13150731217092693	-0.24776843991806566	0.1889075746526083	-0.22465825456843702	0.9981962198818937	0.4717787072207349	-0.2789241723093217	0.23101188452198532	-0.024107446015362834	0.7097672137771452	-0.026238221315806536	-0.27787585463387376	0.6329045635165049	-0.15568140393853777	0.3675182929701618	-0.674405741906254	-0.2026049075636752	-0.2576583779141176	-0.15832629994331618	-0.03622010376211941	-0.6000089976173546	0.2699645138430706	-0.09402791029184239	-0.03924026080990637	-0.22105075596370802	0.10586315820281178
DTXSID5020106	-1.33402486430518	1.7611902799426535	-4.040015946842129	7.978125863194845	-1.1391239236524486	-2.6766052125918653	1.113872298030039	0.003596124895095825	-0.9382544607451067	-1.046620597855428	-0.8892219643174119	2.7481561546417095	3.2010166202097885	0.7704504558398104	-3.7881862963573845	1.3619688652425543	1.1502497324109797	0.1614285001817428	-0.5738903538117074	-0.3912750443791369	-2.9162633959043185	4.878366649774336	2.3113206804692346	-0.08468875933372762	0.33218074266467007	1.1967360844910757	-4.494863400402334	-2.2429942536675678	-1.2327317919138656	-0.0258268811409654	-0.21950423218829707	-4.724228406550459	-0.7442009302288539	-1.8576734840744877	1.6503687757024785	-2.123586201610365	-0.6786793040744744	0.9407864173712959	4.465231152778065	-1.4398844115119922	-2.8959690548022494	1.1573537342193498	-1.7483256249184018	-0.09003460736786606	1.6454952136212455	6.396653487050844	-1.0639783828123173	0.2976733055154331	1.8256044781873229	0.5982829237804447	-0.3144862511046187	-1.5300467155415816	-2.1172810414343197	-0.9290530462109039	-0.8291721315902192	-4.428011431068464	0.047586121073086705	-0.34988152830510916	1.421917289413719	1.682543462775605	-0.21446523167293205	-0.9909065180456266	0.884215987097268	-0.7697525092488934	0.6009241046004663	1.0373060934348348	0.4949949375566446	-0.5267278518537843	3.057305262395266	2.168437871379165	-1.07906707141396	-2.1618815767150923	0.5506100615831978	-0.13511398089580984	-1.2831510032951032	1.3269803650147114	0.3331435767409895	-1.9955004217236452	-1.172886793945367	-1.2158733993558317	-2.1139495615786945	-1.7837706272364555	0.9073689928083603	0.7119710268158831	-0.5942899215969227	-0.2946295991516701	-1.6270632460703345	0.47765190800556495	0.7960736612573197	0.2989158267881306	1.075364077824448	1.7584536271718982	1.388612258123024	1.2522927473448955	-0.9125817037870896	1.3078572652791893	-0.20234471523237277	0.9357663920791954	-0.3378351756694101	-0.22817746264250574
DTXSID5042459	2.042979495289162	2.5719657445202393	-1.1343278838103152	-4.288116733672322	8.020296491389098	-0.4701775525670069	0.6070239146033927	-0.4399674820965005	-0.026672160083067324	-1.9621245357327988	-3.4255475439885434	1.4850381750003079	-1.1777580488356088	-2.310647958404923	-0.1447235346558541	3.2956282865589497	1.8210617662091342	1.5027701725242313	1.0452698541747487	0.7810013798393646	1.1094764584195145	0.6093185547063902	-2.3646151536770095	-2.1710484769101797	4.240352108387685	1.1882448743360012	1.0369220783384019	0.7116184177642306	0.09953780450404727	0.4020670332839434	-0.4321764675104912	-0.9334848215317293	0.6511764286729959	-1.9811355240453992	0.0006572259542891631	1.8966051705875162	-1.8535753774595733	0.058052642895212093	-0.74554933743716	0.934047028252519	1.1392924774987327	0.41898769311264944	-2.658543511224743	4.530088985588653	-0.9500719407020803	0.7952208700828155	0.6429785002100858	2.167324457952623	1.3522477283797913	-0.5473311523580187	2.114028976328295	1.6074568428234122	-1.5707068877436043	-0.25077955603535784	-0.5104824120015322	2.274044901502336	0.4394926192835612	0.2643846083312115	-1.5176653838720051	1.1356772870505938	-1.0036914868096884	1.2217516253045468	-0.7559320199188776	0.9613776040059967	0.6978341398988873	-1.1236705841882169	-1.0109640565815987	0.04668769203149555	-1.1101587070557364	-0.5224659986363813	1.4540223014278992	1.5058760971707352	-0.18445595775794546	0.3562060612835323	-1.4567599217375196	-0.4620603516807262	0.0522837982567808	-0.398249051290527	0.3956213548881446	0.13134611029858279	-1.350945839052494	-0.3004145319069574	-0.053799928564233546	-0.5629552524899583	0.3756339584887008	-0.010376926827391499	-1.1407025859010473	-0.3699187266278731	-0.05406676546803151	-0.25798457683425635	-0.2514167716470044	-0.5796419183793707	-0.49358377820496785	0.5665857770121924	-0.01762953834844628	0.856107464839479	-0.32841171838949407	0.8336171325982618	0.2590815629030279	0.8600492574595244
DTXSID1042441	0.8289277646468316	0.9613392350724063	0.0315864133384352	-1.0724792031402939	1.9344941717869786	2.435978780729189	0.7155432004676865	-0.4728670952038557	-0.49284208081955494	-1.4174968423553498	0.6249200706235705	0.4326785453649158	-0.10652463879808939	-0.9536213874647963	0.7717506099304515	-1.1511685653415917	-0.6135540365577817	1.3352830687467154	-0.418395933418628	-0.20674624036915354	-0.46741150242496377	-1.2280906180598108	-0.5349959883845662	0.20005463247736086	-1.7057741061070195	1.0424525630777364	1.573805208772417	-0.6814620443640494	0.4660775305166721	-0.2975566637673809	-0.3339628082007364	-0.5921451593834977	-0.3134758854856069	0.5880193595637025	1.186386010236194	0.2879550165401362	-0.7834576000026	-1.1482727834503204	0.0141638739974733	-0.3330461901647176	0.35367728776729734	-0.5342285956206485	-0.0012345636754588706	0.7902156588168979	0.8688766015120021	0.05912515453052704	0.609204793897349	-0.4175747640351165	0.09810318061287768	-0.30243648213074886	-0.17310557976994656	1.0678581425960298	-0.8745153976949979	-0.5930447051381361	-0.015552476216860784	-0.5965575645907797	-0.8967870583021014	-1.3842262402418952	-0.9975195914239243	-0.8441870069055301	-1.5677458045334658	0.14347596227952075	-1.2132370843430482	0.2867283020896598	-0.65932760252087	0.21153347517349244	0.3814651739277808	-0.5849502971596005	0.6362229098450287	-0.2978721927584299	0.264345115292358	-1.2269109826305078	0.21233548225970011	1.0355817653857806	0.3272804377082924	-0.36036278202401884	-1.154304493898861	-0.26449778948641506	-0.3670341108179374	-0.12883808156505142	-0.9873911312558689	0.10451595099892924	-0.09656811729798724	0.24354619204592373	0.39877822491169984	0.020659909412456892	-0.1527489305641093	-0.11242265715923401	-0.43996243658189954	0.46667947804145415	-0.015251439555410596	-0.8299576753440753	0.1832326439901597	-0.508004422861914	0.18650694259050252	-0.3978126662596982	0.040746667366219104	0.2510750889839275	0.685319268408619	0.10432476758152745
DTXSID9022940	8.25206053631841	-3.930549545010896	-1.0178405389062077	-0.595398498493598	0.5905689353418484	3.6748299668089457	2.935235359876017	0.20490900005240648	2.1311625728862666	0.9545959019786946	2.7964354306381085	-0.4979579575734792	2.609091392275378	1.350676570777617	0.2984629022649754	-1.7225197494066529	0.5047176537835245	-1.9200877178943125	-1.05281247962192	-3.968308603072581	0.19189132655790744	-1.6006166920917553	-0.5019831475980365	0.1558685943757442	1.8923418468153688	1.1419541435783813	-1.3818123083343092	-1.202628914869305	-0.20059503806811935	-0.18503553999379713	-0.5127042034523794	-0.11737713963177647	-1.230224966506045	0.5234965549867413	-0.2367025940160684	-1.710664882184313	1.4025220240463407	0.5362147807143818	0.8069325678747418	-1.1148932574189245	1.4634408445829095	1.3772386647593726	-0.1153721662286312	-0.6615115114259492	1.0386548053433253	0.1764122152079081	0.6863071410540029	-0.10651989967049225	-0.735232610973847	1.1169010505801673	1.0916605603733882	-1.2451819395623869	-0.00677490348632854	2.7171260127289942	-0.2499703233345607	0.07407428699569114	0.8870485966675552	1.293513965263006	0.8690866096679917	0.8463901661512486	-0.9351788468712808	0.21941003466285766	-0.641269708985803	-0.6008093018948013	0.10769131424213303	0.510078399447823	-0.6629161596764206	0.6360492185083017	-2.8949906048915817	-1.0788844354353873	-0.005661474360626419	0.22835344906915386	-0.1397398066486454	0.27633277497381564	-2.41875859701274	-0.5552559784475248	0.8431629062869532	0.6175491103169822	0.7102735974284686	0.11136187203818308	0.3348984047041639	1.2106083776682888	-0.05283061460067279	-0.2396688663825983	0.6155890902304418	1.041032606289569	0.2516872449367976	-0.19599472582965904	0.7536388756849384	-0.4616626490335975	0.44591866952105536	0.1886103994354647	-0.4889334662508675	-0.01127239197115211	0.04608407292710166	-0.7615089887161814	0.7792484557828497	0.1181566542950059	-1.0369498979973097	-0.7418702702619804
DTXSID4020329	-0.1631590269785345	-1.7643881410279951	-4.449467276344318	-1.7713525383494124	-2.8831773460696972	-4.658161743985127	3.1264878040973496	6.159098716331354	0.014102742389958003	-5.941786837432532	-1.5456340157912791	1.4608036509451279	1.511051938694304	-0.34028321489438584	7.219810328584147	1.2215743167119482	-3.651941435487874	4.075419566471841	0.20930478789964319	-1.7875118929163571	-2.3734019420767045	-5.366099504000438	6.329382776977335	4.289166172730571	6.475103516250222	-0.04902412504314429	-2.4549027559958065	1.8768134301284476	-0.04021579403159778	2.0986687279889678	-2.7484850927935462	2.2747063201428706	0.5157498511660981	5.869223163961276	2.2152139357669234	-2.817806043586673	-4.6936925983899895	5.688026309887515	2.70490367760192	-4.001306837441122	-4.64493538267036	5.850834543797138	6.108893077117207	6.807956543432232	-0.5927170172042425	-5.950871397717745	-1.3653098118075817	-2.7063448015298333	2.064409032779751	0.23783261681847037	-0.19312768960129523	2.077009986923447	-2.1384809206186706	0.1915804194369591	-4.597400026297489	-1.7093847389553294	-0.5705592662328302	0.08437631192822481	2.6902260663164435	2.2131403115113724	-0.5667248266777606	0.37099156003611733	1.010552292852792	-1.721463602174235	-0.12125809507511955	1.5017699759305871	-0.13504892172750638	1.527070407902239	-0.5910371571543904	0.40180073445871534	-1.611373375837781	-0.974887523084981	-2.3256940279055054	-0.8136051713897431	1.9466853292975899	-1.5762554507037194	0.06825211934003377	-1.0339217451236724	0.3608383333578713	-1.064363879631696	1.6062453481504329	-0.23245948785754128	-1.568994327995584	0.7015836441658317	0.2652449307162094	-0.8226231045770831	0.2412631485188698	1.2503015460884328	-1.380837065777224	0.14081636346618753	0.21244374191637383	0.117143394067882	1.5465748716774819	-1.1818989327141776	0.14037430482164595	-0.41612925733704836	1.2850143599387858	0.9910731461864839	-0.8854840541309874	1.3140244540928188
DTXSID9046732	-0.8891990134767308	-2.0847226799487366	-8.53837885394336	5.100032777015955	4.207450556243531	-1.1272003747738684	-5.1297002955117215	-0.08576827482386153	1.1088424333610891	-1.0371086987039624	1.974859079459005	1.5045765427058917	1.1387986628447992	-4.453599493140594	-1.3298874836277015	1.0250351466623624	-3.069380501288702	-3.1879370839116805	1.5237273129457973	4.142836479217661	-2.148604668822483	1.2911645207002067	0.005439164261432303	-0.5915242454433866	2.200154255111446	-1.9038809381008681	1.272915707804203	-0.21584661924246862	2.4296306924034705	-1.1905020684931822	1.5995763045959037	0.9071728903499474	-1.5171021528936854	-0.01821539220148433	1.3246313093459623	1.850602187815247	0.15110862817438608	0.8109976046235857	-0.873806091819819	-1.9268834826427843	0.9699667360764097	-0.1877800730683701	-0.11988400453951986	0.9793251142429986	0.8109697058748488	-0.7162424823146833	0.6234870686276514	-0.4521266737117847	-0.20003465115612218	0.8477840247224401	-0.987336805376347	0.0898187953567348	0.16688391087328117	-0.20585980974440227	-0.6881536099675699	0.9728480381279714	1.5090564984353552	-1.925613482882859	-3.20945239625721	-1.0928693338535689	0.9322112476980035	-0.17374473809292243	-2.0249419695212283	-0.7117561075191629	1.8727044540253106	-0.8150600431658334	0.4225092216101537	-0.3731420622481194	-0.9570721668929111	2.1460513129309446	-0.6839234262734398	-0.055938844898528184	-1.1011858359086304	1.2984175594451144	-0.357556511465671	-1.3164097543262776	2.508049710373637	-4.41120849558307	-0.21340560450743395	3.028903985982399	-1.9533960390795204	-0.5097369924335142	-0.8188125079640947	-1.812504992459377	1.1667105851595017	0.8930284177005565	-3.5165685364661172	0.020142366512155795	0.3166791094617491	-0.31122780781766046	0.7612448374725226	0.30439201358744167	-0.8075072259009245	0.6692209273456315	1.6850976954656989	1.1475998911170529	-2.268073836754543	-0.7229662705397445	-0.20905161155954208	1.503431853035315
DTXSID8044967	-3.5742077836616684	2.479119423968132	-3.856922346950585	3.6680868361197674	0.33819044870633036	-1.272056639657552	1.9307284912748883	1.4373459941766942	-0.5773711980667181	1.2134362257605857	0.17027784603109503	1.943914776932215	1.1035869370376001	0.5145195066635474	-1.888335940111008	1.4170002423795673	0.5748183317763716	-2.271094882927963	-0.22282697489767472	-0.5315432218129502	-2.2317201978640853	2.340534963252309	3.003615627604481	-0.23069488161789317	-0.6469473767706482	1.1697467746342927	-1.2913916928641036	-1.8311735932104616	-0.3985354891884046	-0.6278578932945473	1.8300854486389293	-0.5353239284618756	-0.5383059236750191	0.2993532048479824	0.29307864886703994	-0.26335520121392353	0.3261718288990058	0.8344158169746531	-0.30630949543104596	-1.2534980568138963	0.7061915306198694	-0.036936803560021596	0.07478056941135242	-0.8346670086627407	0.9951649031251874	0.49925460330228855	-2.1364339919207573	1.171271001170502	1.357620495719224	-0.3834342709713889	-1.411939730503607	-1.0734334477713439	-1.0617188220081546	-1.440228281365264	-0.4326170218734031	-0.7028259381730263	-1.1547175904729654	0.1576649947258763	0.4935333292446087	1.184689434863824	-0.6120947730654618	-0.4295023599723741	0.6139957835618309	-1.519737152533548	1.2805730152856445	1.195660880413859	2.1899115545151733	-0.6838854487791923	0.6507614645919724	-0.19555078287528962	0.07425439360139446	0.1655772216808059	0.16646522912396441	-0.9589320209615684	-0.89203310185555	0.4912480907899115	0.6538344734235434	-0.6036680221741884	-0.39125899360739924	-0.4213894546330683	-1.091747347508087	-0.5429606639841994	0.28275084368566195	-0.20071263431496794	-0.3438349953720755	-1.1744298809649707	-1.119839602662041	0.5957888792620211	-0.07723754071431291	0.20747168887135986	0.7487584292788095	0.866161232202272	0.8733662351406016	-0.5409882282806956	0.37549373362933564	1.3186307058356612	-0.9446672722554351	-0.5454500914253535	-0.14148965942819813	0.9686472865690926
DTXSID0032813	-6.501973941127884	4.4002596998896095	-1.6784557288800899	1.1438450025325428	0.6179881244066073	-0.6606513007895525	0.6238936408421428	-0.5410120634104506	-0.08251396435747949	-0.5233627401089118	-0.5139951722299014	1.6936655679467008	0.6797617357343146	0.09707954689480887	-0.5433253886135986	0.191762978880143	-0.3628602314772645	0.8010143366527586	-0.4027879133052464	-0.5573013904423566	-1.2369770293810314	0.35846573727907166	-0.39966564221259915	0.7421955639772212	-1.3391836947925588	0.34625144003481306	-0.4522752266992827	-1.08510085990472	-0.27606736375325663	-0.4124041327694463	0.6447856134234262	0.11273803252831917	-0.8254908345782466	-0.5856088959953096	0.6891709412886887	0.7716728080077453	0.3262892897844259	0.7645705314575353	-0.211389117720816	-0.8851509586246784	0.3166244506697422	-0.6899586268026239	-0.22250721796080192	-0.23624194190131126	0.40523738151866784	-0.0827373450383907	-0.4675781699133407	0.8982183673149894	0.6792348502777924	-0.1677973364986894	-0.3011112294268592	-0.6502880142597226	-0.4120986131164179	-0.40881081758355775	-0.6380331489341072	-1.1731853213385304	-0.31708209732095866	-0.7716242068054279	-0.606938450227931	-0.23818875657703606	-0.8267981554508567	-0.8089176934730871	-0.13880448756050814	0.36223630069507246	0.6787305163736002	0.7574559290992261	0.18125002169770324	-0.023361112626944174	0.5490812636709593	0.7796296549635502	-0.5352152731031229	-0.9777041333397682	0.4986475480874577	-0.31973130104163966	-0.631180618148221	0.02321075796945867	0.8063665786494559	-0.5380527922755522	-0.8837769467929382	-0.25205508037795826	-0.24945174137548962	-0.02092871053467718	0.7800291000289971	-0.2891829534049998	0.0060756811982620165	-0.4817987930920921	0.1593931312088439	0.14518948181458743	-0.403434300982582	-0.05611533654475854	0.27038468249392866	0.5980612254325757	0.02508183419522603	-0.375028209624608	-0.06784189452439687	0.5035662282959297	0.03682318615376751	0.18905579048719112	-0.21629542099476987	-0.016546910253008328
DTXSID0044440	-2.6170874484231472	2.496466403369974	2.5013879204672187	-0.889670420283844	1.8135826550205245	-0.2767714979869998	0.8918566404595233	-1.2046047646449936	-0.40869511167756223	-0.8426213135973581	1.0120715343700517	0.4334776868813061	-1.4111462877631558	-0.5094081404744474	0.4070110901290556	0.35190910906891615	-0.47223076076579273	1.3533980370500271	-0.538669739128747	-0.34603321092659345	-0.5671879973510273	-0.8498009144976931	-0.7507095793845181	0.5952522000389023	-1.8878356992695475	0.14008845996149707	0.0823345582331523	-0.952021558537929	-0.7424964214667047	0.274062719735023	-0.05837225778678536	-0.0671298048268192	-1.1510042815770913	-0.4727142388135941	0.6144279022611279	0.27407252118564457	0.30422845811854077	0.34408933288687144	0.029410270479493975	-0.21744725385283148	-0.2764101909289878	-0.46104830028979116	0.2559151548003727	-0.4293329554228688	0.24453766478500535	-0.33397984794397256	0.008284402428997162	1.0850328687280135	0.04211910038418837	-0.5702318002052752	-0.3517133897180077	-0.12441727255535791	0.2940557797807929	-0.6774824481760578	-0.06357619205726263	1.0377470705390277	0.5460239369191834	-0.40059072340547447	0.2634195463959277	-0.8675350906776553	-0.9030383989552105	-0.3112588241159168	0.48227291071103223	0.47894891072121765	1.1250338556675632	0.30783956068018004	-0.7630069029268156	-0.007028450364763972	-0.17097672740651573	1.0214117226950237	0.23056987892128175	-1.5108872449804704	0.1012326189353464	0.6382138724472591	-0.09837267622599634	-0.2655150448342749	-0.7022922575723072	0.15461671813799766	0.639665338328275	0.8167897497773162	-0.08574878733940447	-0.011204998907650091	0.3557361469708238	-0.9380590803207668	0.3544645958343757	0.1601097501326858	0.412428856928266	0.19295627497994622	-0.25853302259037864	-0.33792023037573193	0.2062555337733204	-0.11028014121345363	0.43149581887450295	0.1768764052251806	-0.2184250596428233	-0.1506703295333062	0.389140245250338	0.00271049694764902	0.08172667269180833	-0.3735332978032755
DTXSID5047952	1.7954048993138767	-0.43221320863037466	-2.6656509813758067	-4.021598366278543	2.9317634459957045	-1.186557830584861	-1.6489556514507613	-1.6987081117849046	1.0467264897321882	-3.3506252762331705	-3.690686312284367	3.094275390990311	-1.0846920909751148	-4.164751411532806	-0.5595250835733722	0.26540689953882796	-0.8787077161007674	0.6291610592434981	1.3049536696578712	4.135938162327188	-0.14004256848436175	1.4261747664332531	-2.3962118606566936	-0.819850563174184	0.73538394259675	0.6151541236879186	-1.0524487006688357	-0.4444842174042888	0.5901875512045007	1.1388884177466232	-0.9940673560721842	1.4908867116665792	0.9060728749783533	3.4672471635746835	1.7813059982774788	-1.7764302671230703	-4.579144146463675	5.78753390726148	-0.2310290053167221	-3.0210394342952838	-5.67164309794677	4.290878746708919	5.356946466128064	8.827917936823424	-1.624178988263118	-5.634021402355185	-0.9158713741930773	-2.9362310822686783	1.903121509281286	-2.201693667598447	-2.762616684042398	1.9940773308348065	-0.2435781589244391	-0.27109659253910956	-2.8200564055246073	-0.8470005669277992	-0.9794472096088584	-0.5435323415222816	0.46328807629367247	1.9512666678656685	-0.25756653654091277	0.3184509322876867	0.14669049468356318	-2.1655740995277193	2.1665813213602556	1.0513324525834493	-2.5143532840246654	1.2536787372212628	-0.13118367564599667	1.7790165470983632	-1.599809446893547	0.9361125300140315	-2.8007813191813704	-1.605361645242922	-0.08942061058691857	0.7394506469586384	0.2861329537486728	-0.11062457109572728	0.7155293478631368	-0.39503455445101876	0.14398535244105712	1.568387026119794	-0.5355656448381573	-1.2185980941729435	-1.1062938927856694	1.479156297318215	-0.7321459217847545	-0.37767978671087604	-0.20165484476136755	0.26683893188977775	-1.6704229458559092	0.29527410158767065	-0.5801767451822145	-1.3121829281840556	2.549861804083509	0.33049880311022944	0.06896956877533283	-0.12592005898296682	-1.1177419069730263	-0.11066258576151973
DTXSID3020253	12.974008488244317	7.174371848453758	7.346777173336875	-8.887221549050714	9.162120181972401	2.924275276408137	-2.4462230010886215	-2.05869138858567	0.9985143770227529	-1.4474071097400971	-4.13433620484941	0.9818683231399121	0.3587135115491909	0.6510761706145958	1.828303663681592	-0.39285264749128057	-2.574876262295758	4.27923079060136	0.2371094478236974	1.4406586118642144	1.3396472762775529	-2.036157910646532	-3.381798180958016	-0.12985030765954506	-2.3571331280996835	2.0008470678721606	1.864161625321922	1.2927364119546951	1.1300387048432343	9.14888552125169	2.3038196917822398	5.668938211066127	-0.5280238990814106	-5.465092799473338	1.496474274321097	-1.802321446047417	-2.9244338438104163	-6.921059078442138	1.6280203649456795	-1.740418817547871	-1.2491161852773727	-0.14694877781142796	1.610409052637962	2.7093645389426992	-0.601367224597815	-0.25351874515898487	4.706131521489315	1.5618768606558173	-2.4523555999764888	-0.15209997830021563	3.0872201626880584	-1.1962311803391117	-1.6114886869326008	-5.503923097754044	5.9292086656811795	-4.877436249183189	-3.644073025334709	5.178520908521076	1.6232455744982417	4.016333421203226	4.839123239934468	-0.921894964358262	-1.0935163701332509	-1.4352269294070703	-1.1828285044126174	0.09684989252608556	2.014854726646939	-0.4057980289145185	-1.4597273520221736	2.209199461839226	2.2798555864697376	1.4059286975434613	-1.0299290608109164	0.025556923798134488	1.0106054866554421	-1.841669721342665	-2.331297093470771	0.5160985689993886	1.6355797402271315	0.007448113336674918	-0.3856166952776128	-1.128333686899627	-1.7144996235612957	0.5837891408374322	2.1297894588521236	0.14659029130514284	-2.264509016716493	0.34422312064968286	0.09450780358807714	-1.8539272839619267	0.3951472530152099	-0.9322347583724224	-1.439224437000094	-0.09819508907235575	1.048450219310146	-1.7055517925372001	-0.6944884461119062	0.3273032138522552	0.5555212379722196	-1.3685675707420228
DTXSID7037715	-0.12697609998645554	-1.5618468105776313	1.3888789912555937	-0.17563042253710912	0.5708051614413757	1.9486470196175383	0.7732900074110711	-1.4116863653026523	1.837741846341241	0.905480632143044	0.8211599623550061	0.4558440083277382	3.517921894177003	0.3130676544882008	-1.1093912333657556	-0.15496944392628614	1.6509782022031303	0.11089727767951708	-1.673518778782068	-1.1000674340615326	-0.3830484749459879	-0.42537704972780155	0.6044831176080481	-0.8945524191295399	0.8899259621306818	0.5390777492962783	0.060716635249308676	1.0817828532975653	-1.0241186367648083	-0.03460102985487167	0.6806131469787257	0.2642006672599903	-0.5604192785224416	0.7542460955779486	0.8268761769053049	0.4630519644349043	-0.13859877334002774	0.48967637251720797	-0.8751278852365082	1.9835640209580387	0.5487107034151055	1.1558605006455815	-0.7577101243332102	0.6686280643747105	-0.3333559581015817	-0.6268893916294942	-0.33695727936648584	-1.512720751636045	-1.0850882527029337	-1.2168105821448554	-0.6826342845880775	0.058579380869051866	-0.7684762208368984	0.4455166323347521	0.526363401572888	-1.6168363396475571	0.8521882652861479	1.5956661739939673	-1.253972852331119	-1.0611049129701018	0.19805180185529422	0.4807390503573739	1.4823942055091885	2.1180255472563103	-1.0250634918481887	-0.4226584466278144	0.23988482662507504	0.9872319304793369	-0.25710986390437524	-0.5553565718768756	-0.002917991861602301	0.09500034856980868	1.4815144721150295	1.2021801258914657	-0.17373696009189563	-0.2846957245225726	1.140495261768303	1.163592649076496	0.25048416056143097	-0.4262331774428929	-0.2716191635324471	-0.3046637827825382	-0.6674850899009328	-1.3979983789153678	1.146685788136059	-1.145122403043839	0.33277589274107905	2.125739370261347	1.3531835924238766	-0.8715445311042119	-0.33368781275184073	0.5959060732786263	-0.4705133049563597	0.5347250457002389	0.269132706666937	0.005762349143769611	-0.33421551527320836	-0.20956597200098548	0.12304871806546827	0.5547273963879674
DTXSID6048832	0.5896622791917754	1.2172198356252193	0.41359673899073635	-3.1021015788104096	-1.6373180735522308	-0.7818196604218153	2.7920644153476775	3.6203967626025024	-2.9548468149583793	-1.8002378758546491	-2.5326122732447947	-0.9295794000710617	-0.06711969164937408	-1.6609676034394503	3.5319468099469318	0.42820646737898715	-0.9860993048630684	2.998118285928563	3.3629202823017383	0.340346644839285	-7.740941861154593	-6.086583974098805	7.528894825041479	4.594335613300355	5.036671423564191	-0.06585354488502276	-1.639413649024728	1.0073341033613439	-1.2921058680802258	-0.16076439308431592	0.570276922657851	0.12444537183908189	0.02734600997444343	-1.0772744856276137	-2.4422397656523485	-0.516280078666971	0.059244654030494066	-0.20200779877171063	0.520403834564383	0.200110460309829	0.8931102862099088	1.3997955626235339	-0.9924244797630153	1.5446682549667694	-0.059104749604989425	0.24625351935411352	0.38687499100637357	0.4966200192801728	0.30760661436755715	1.020816282995382	-1.0119016778624137	2.0059754483365277	-1.1557709764483328	0.13834862152494068	0.28300720399222234	-0.57385722883725	-2.527436311274975	-1.0300707103275104	-0.005791559856945676	1.6631670571666415	0.8795386821327595	1.3006186657610104	1.6357184338366988	1.6210747750672623	1.4540289847489887	-1.4302958620790418	0.6826947506086423	-0.9606307628105726	-2.0984158961378347	-0.9302832011358944	0.9412201537303	0.40904155987029767	-1.2115061098764752	1.189247267553687	0.8115188997693618	1.0683800036630544	-1.0726536557755626	-0.5093720241016515	1.7011859122213149	0.8211806789302244	0.4953967870128422	0.6932204786257552	0.48055643122180675	-0.8837573644438889	-0.8517231356690803	0.2472014098141822	-0.09274177301092583	0.3271973476746551	-0.37603956435624164	0.1812343497253023	-0.10032699815205204	0.15083495981851858	0.03781919409797624	-0.5199295236659155	-0.926566160523722	-0.8189822914448773	-0.35389544850974225	-0.14058039432443142	-0.596142303503469	-0.08941376408757151
DTXSID3029364	-3.007318670799793	-1.5287008077429836	3.0061257270668382	-0.6170520485845701	-0.41688520190405964	2.6959639836391296	-0.01493653168652631	1.347615611536494	1.0369419910641278	-0.15910541161641248	1.7446233160732012	0.9511567367363853	0.8233987520995216	-0.5892202502504363	0.8064629129494034	-0.7583789562305213	0.5222508155528345	0.14011151938405086	0.9069894782524333	-1.169114514094407	0.3354555180930017	-0.3852172883473969	0.05273653953437412	0.1865070330629304	-0.6840939439889935	1.341353744866083	-0.5680033305208323	0.35118834038324864	-0.7416876008631087	-0.002434521468143604	-0.15018750063839795	0.05425533326924991	-1.2772438180450507	-0.4647005373004034	-0.23225394071317146	0.25497904075931443	-0.2733151976096281	0.8682439204397451	-0.6159030867655618	0.16849616503269418	0.5918782088517965	0.33177698418915647	-0.6282727537703536	0.4159949627781632	0.5811115208997168	0.3214463166516575	-0.15332637883684322	-0.7866121316854534	0.062101652528448265	0.4785674313676418	-0.47281521254098974	-0.35390071986694416	-0.9830699655291782	0.644150824570156	0.47929639461953866	-0.39768922132894496	0.3178559401044709	-0.048309254675586846	0.7569807712205281	0.09398872407676659	-0.35523136370658676	-0.3886221422265025	1.412916590848244	0.6604403880623871	1.214415562153921	-0.49230403010260243	0.12922291197599112	-0.21004210351797697	0.5045483915558013	0.03758054097947347	1.0017295916949924	0.7343298583641611	0.5798320878402331	0.5067430447940433	0.26692039941756956	0.0678049985128738	0.7881281271362216	-0.08381419862218692	0.14387784266934972	0.5440644462454941	0.6459215828743318	0.42840578461409307	0.04515656179001642	0.004392367460756032	-0.15163822108149227	0.16551196756124825	-0.16544163903713668	0.2629547293959731	0.41219451987727	0.11077043917547473	0.006091322250639053	-0.014138091965369094	-0.001138812067254421	0.04728937743708949	-0.11212254569257993	0.22084044152533477	0.14963553061632978	-0.4113534640989693	-0.302597135275265	0.32079899297008746
DTXSID7047142	-4.760620237520689	5.246154583807397	-1.198351616300029	-0.049182079862046285	0.02796090075904861	0.936179441149452	0.6179907807398223	-1.8212167070377783	0.6938190499374961	-1.0055749502773645	-0.34322620717679025	0.5824966809163199	0.8652684607428294	0.7726127990875519	0.7057877535657866	-0.9057309753256143	-1.0605250803505244	1.2394494965497127	0.9731036858567421	0.5467468950319513	-0.2860548169913794	0.17483588376047707	-1.9528735183773311	-0.3653266233248273	0.8520766301365214	0.07987631610711671	0.8444269321239041	0.8062622927318471	-0.5622921703608166	2.8481606886388984	1.9424237573468912	3.1967687754947107	1.4857541974802428	-3.0622701047419056	0.5549739266871782	-3.241094280707319	0.3507880289471115	-4.083406350584157	-4.00523140592787	-1.9948196588747942	-2.0618666813174347	3.074688869748343	2.28718257658113	-2.603756368326928	-1.6283414592981031	3.1032134207038258	-3.5312522906630894	-1.594422775094419	1.6209072488745868	2.246049726447867	-1.0676747635508257	1.593786537098276	0.1429600979407949	1.8823483227815176	-0.319395233679834	1.0388484332006116	0.7069163291359848	-1.5084019263128534	-0.21089922354021245	-1.4306532419342426	-2.0937092248278675	0.5335520990220755	-0.08484120331025213	0.5517073076784028	-0.27415744688706833	0.6047610714272212	0.3901489592017068	0.04033799496164716	-0.018711387838900584	-0.23401510116188265	-0.16121034763684802	-0.5026168692335116	-0.15131574522737523	0.381047571828091	-0.047707033871986125	-0.41913964276313487	0.30537546487045325	-0.519807158078194	-0.4331849521284023	-0.023011281665656576	-0.17231353077594558	-0.13484216829937312	0.6066905386805106	-0.21993347919649747	-0.5082970940480832	0.2589517884010258	0.136950296004148	0.20783065858990427	-0.004213619288166493	0.665772128794571	-0.1769760573659954	0.21421298761150567	0.1910788045962339	-0.10439175484525949	0.0338582045183572	-0.2521023519280984	0.22765295118996323	0.022618307873157086	-0.6395107362858184	0.03340343855874465
DTXSID2025501	-3.1805212577769644	6.137659123073359	-2.27166667399209	-2.7019311289540093	-0.43010304199225574	-1.6205207616957074	-0.3821437161138896	0.3223013962945763	-0.6081881505376021	-1.0423126607545732	-1.0229719589781747	2.289123571660756	-0.9991531204162601	-0.053586719041799895	2.9206708572356024	-0.33180851971979114	-1.1016033414692235	0.0020572022473189407	1.0720645210027695	1.0798488973569895	0.9912400384298614	-0.10270026104420812	-1.913233119768495	-0.19042454534579958	-2.3329146238366025	-0.6410220254983494	-0.7409228972678346	2.1003073183558434	-3.6275842576018675	-0.747575898963001	3.26247473246224	-0.4750958306788249	1.698263281465441	-3.913065210915289	1.130877943869611	0.9501254822763654	6.955477684890395	8.457697456835715	10.533250884741657	9.869276616221967	13.862035790815915	-6.583030308495395	24.378887965645482	4.038420197358733	-4.115817822029631	9.854399914703318	-1.9463858410448873	-1.2777411717583882	-3.3195988513064596	3.9703902474523156	1.51350271751121	3.7721499411472754	-0.6829127461586044	-0.17937007110682124	-1.1920594916241536	1.5986880987687309	0.41736481416361637	1.9085159649885572	1.4102529975421265	-2.757172931386626	-1.2202527218896517	-2.359879860582377	-1.033098005636719	1.937976282376384	0.9655668323297507	1.769709688918143	1.9711689195324367	-1.072992691486292	-0.41451712284342024	1.3472398477937473	-0.09303396770920211	-1.176923601441853	0.3474352982906543	-0.3586324658194105	0.26300982688466645	-0.7400140980603167	0.20850401465913607	-0.1290846728903956	2.0448032520158335	0.40675215503589535	-0.5272301647816312	-0.3212212948287108	-0.523836811853405	-1.2998050388374742	-0.10430828536815508	-0.08364105191574399	1.0823306448602432	-0.436459031377414	0.13390480353666964	0.34528715942614335	0.18617484093840755	-0.9551138412244181	1.2519938672290447	0.3280189514113205	-0.1393838889761503	0.3097284641277329	0.6857059186896245	0.09495501796672486	-0.3047063630504986	-0.30303527935131364
DTXSID0037734	1.7350061232627567	3.2794074296894946	-2.1934493455259125	-2.2404061922057688	9.543277758544226	-0.01938885935888265	-0.5348370408740589	-3.175920282105814	-0.8824324192164127	-3.533741440163924	-5.187389533789529	-0.30374605137397137	-2.1992243896497388	3.3988139530447636	0.24671830387044755	1.350849767136012	0.9948188107485246	1.3934351849969997	2.2869305417231525	0.5987444194940834	1.5454435560742468	-0.4873166655883308	-0.7303338774939703	-1.1260830351883617	0.4098902909745402	-0.6105262819406216	-2.0595902121152143	0.9709159707310941	-0.8987702423487828	-0.18145209520812625	0.5397406338357391	-1.4308235482067524	-0.12728240949646255	-1.5762298207593077	0.11823373708925768	1.7134200049571229	-0.19339163585520755	0.46194362459121036	-0.21522145270690857	1.2339900978734732	-0.18215671569332206	0.034852080857619164	-0.8867070311786085	0.5659606506926741	-1.0380769183744851	-1.5843954744327138	0.778212860587498	-0.7334459522665	0.14691219653753965	-1.118125394734426	-0.5018417800472023	0.03049870026827601	0.12918169578671676	0.5601110099929303	-0.270299064862511	1.1440091197926008	-0.16778169074959917	-0.2341554569571978	-0.6325424200068029	0.027534773291763435	-0.28633165563897073	-0.4623644444222811	0.6556854681231692	0.4277590903807355	0.9916078053968677	-0.8066040942867276	-1.3472628200785355	0.5880532887057778	0.12158402597582012	-1.2172545994961184	0.7683570718934433	-0.7315606926512689	-0.36030202599508476	-0.7948034193473228	-0.964331961127332	0.03686598808369526	0.15220663606383641	0.3256953080452354	-0.20676219270118784	-0.22456895282395395	0.057537195239428976	0.21098224602682772	-0.3876351324950793	-0.3330253382857931	0.24558294331186942	0.03751968572786252	0.29002961631973423	-0.13058401739587006	0.11615591540046742	0.3273573484850209	-0.10353979134025436	-0.5596269219551908	-0.45604961019465734	-0.1956870193854228	0.5814524520618	-0.028100917363600573	-0.045708483584503225	0.23763901624794612	0.3372423894177046	-0.5058827626760742
DTXSID1021902	-8.137809614303908	2.194080407236429	-3.1296005373670956	-1.2038136571782623	1.1594998375342618	-0.5662877885950633	-0.9711626087240196	-0.847536425057402	-2.1355369609927437	1.3735544926260894	-1.517110148061967	0.8796058108722806	0.47960426370642845	0.03907485076217335	0.16781409555294538	-0.7674226583140012	-0.12691681152448803	-0.6953530312563199	-0.153291356412524	0.35728719378355206	-0.32552416878347706	-0.746204604719648	-0.5264536059325334	0.1201281141902038	-0.19991725120979958	0.4327325961729696	0.10450542664228481	-0.32684167288598615	-0.6593879851786602	-0.4132262133385876	0.8273292094158051	0.34427470977400326	-0.6232229999334932	0.7280580943411432	0.41467688910594513	0.05590392116781798	0.3034854782549508	0.29105360641392686	-0.22411480450536728	0.20963130913515707	0.021663823095477375	0.4790180554992433	0.010903830905096652	-0.2757184877557063	0.49206803659691073	-0.19303315511514763	-0.30217688966519535	-0.16700443193569725	-0.30881082587475234	-0.27991345291796577	0.18292870171255127	-0.6576417628637061	0.19846657284035385	-0.09163063575699178	0.47749398147746264	0.18581963203028307	0.13021102978248209	-0.18860488825012214	-0.1203007089424776	-0.18994560611301212	-0.2970247613545482	-0.5662346499146308	-0.3568003057104508	0.25219649961737484	1.5544943096707091	-0.4835648606451795	-0.6404509041443475	0.369890716160614	1.2455990752534665	-0.4337700727131331	-0.29328874651295594	-0.5228055868264994	0.24362949007716433	-0.21483252228638117	-0.7215495551087073	0.012593942538771032	-1.226844460404907	-0.3777730797591789	0.4045629944428201	-0.3127402781159721	-0.286843818595958	-0.2835669762194074	0.43838352887841375	-0.4126750417496423	-0.006896659524085316	-0.5689429134643236	-0.6443265331821151	0.40864843297812214	-0.3180993835321175	-0.10042090848443169	0.2137183224648876	0.3904066434958253	-1.1766738016642435	0.11388013065893751	-0.14977077248585782	0.04319082377638912	-0.68272900345387	-0.259270351844812	0.22971175515494427	-0.08308935127327849
DTXSID0041985	2.6352352242177455	-4.682145074075109	-0.529396737531926	0.8802860209261345	-1.9036325944100452	0.5701704021311947	-2.892937566413689	-2.343807976662124	-1.8996413814352668	-0.3403695891253807	-1.9740286053635245	0.8626260115658093	-1.8576782350756345	-1.71721152851208	2.0361464314049593	-1.893685346778263	0.2019473626405349	-0.858197602030022	-0.7855511198634756	0.4802794161986833	-0.17082734583789375	-0.9422057761268838	-1.4623488171317256	0.7339302240550777	-0.33874566253032395	1.401037404710645	1.192057488044095	0.44897393921244416	-0.5170466587968866	0.5208336378084095	-0.06057780863431036	-0.18909182577739336	0.47015952417662715	-0.8034079528193812	-0.1617080638684428	-0.8246258275971053	0.93071352030962	0.06937489153855035	0.39132712480212206	1.0623704209030649	-0.4764769554733505	-0.21756845485677453	0.1307610532328639	0.5907911797205191	0.22040715602708924	-0.4219625233390794	0.5680165545343737	-1.0497540762919373	0.9064780642503225	0.6429203671819557	-1.2302161005460064	-1.66523062608889	1.2071478701123186	0.6364664783225316	1.0827640521500572	0.4289551647535553	-0.6160282563196933	0.7001131932461756	0.44399416071382697	0.43264928860169266	-0.8943239307793793	1.1409868235760583	1.1294609724377225	0.16560885174067994	1.2332546109234306	-0.6968379051909822	-0.5079473480320754	-0.7306735074995862	0.7810850485943547	0.08919428822270421	-0.4436259436582557	0.24997743350465396	0.39743244612981116	-0.8397155942440558	-0.6239624503617246	-0.16860204855069663	-0.12685075976667157	0.018373990310290987	0.11737408997681517	-0.1605496239248618	-0.11050569338328128	-0.26223624992795985	-0.131601964302013	-0.2396575141694262	0.6992642447792543	-0.43360648371983973	0.3644365847508101	-0.635100284483442	-0.1592299923316142	0.6819948757280679	0.31356619169152855	-0.15483871477848077	-0.10378624252649672	-0.29637944453862064	0.02749197524178051	0.1293061883637499	-0.5201685807253146	-0.1301110191566963	0.2217019415632938	-0.03710549278384386
DTXSID6044646	-2.0211817945553654	0.7281022299935007	-0.15859601262240886	-1.160284988126402	-0.09058992174539655	0.026791824363492492	1.30445442847791	-0.23725264003485588	0.12249827153909829	1.2547263606984533	1.3180557252795684	-0.03061272379729094	0.3319818006466109	-0.47868393139185644	-0.26619935167318326	0.3629670444499513	-1.7808898202192645	-1.3286336672183061	1.0291536358531945	0.04207007229529123	-1.4845012561818285	0.530071288808105	0.779602592208218	-0.46652358638600844	-0.832773238091489	0.6305545137222585	-0.21578998818439418	-0.8264879983362079	-0.397177758644692	0.3981924810022073	0.34170574474451487	-0.5206466670527989	-1.5169275227109105	-0.3879203904799144	-0.04972351220246595	0.43454485264159	0.593846787269316	1.3227267833099166	-0.6304848813737667	-0.04208212905080328	0.4063500604206071	1.103120053593364	-0.08249741607411765	-0.44558194708111176	0.1034931310212215	0.00929786632400817	-0.370220016174718	0.570395002949495	0.2668879200321645	-0.35230797977719197	-0.8949026746605313	-0.3501591293040461	-0.2829865387783705	-0.7288080807603922	0.8485128815025607	-0.08207974872543604	-0.14316329686208643	-1.1486705472982928	-0.5429731127421625	0.1452807249742839	-0.4288667241289674	-0.008942670561115097	0.7394104454608432	-0.8824587589128912	0.2909588187042251	0.4251550554664589	0.11870164286605246	-0.3976894016952263	-0.25606422908173604	-0.6782517463953128	0.4957548330790709	1.043112793457918	-0.5199803479039707	0.36346183872016913	-0.30184830887185615	-0.35438537621073773	-0.07815407104307019	0.283711851983006	0.2786089444933048	1.2931808443803363	-0.2148254391540764	0.06337524504239	-0.32576091862697937	-0.2897296202143054	-0.023394238334031724	0.10059644777909857	0.11929283376415332	0.14574756017131266	0.42951430145288505	0.1279792836868055	0.6449494720847171	-0.6129885158288252	0.7828516999948347	-0.1598749631311786	0.0457259790921853	0.49637785136564916	-0.8890846503657358	-0.36627769682469696	-0.2100939214208162	-0.28179396929794726
DTXSID5024346	-5.829253281417009	0.1532306517990362	-0.1949621225523471	-2.568233741314692	-0.6420083463381775	-0.5546167289243161	-1.7313218449233412	-0.5733685533502851	-2.19459030910527	2.1605726968955636	-1.197596725174499	-0.7320508762902959	1.1923413356363075	0.282964499223181	0.05721901545592764	-1.6695407378420792	-0.6727287922776858	0.034491193101717554	-0.2935676317161702	0.2858404627460359	-0.12225493919702816	-0.43528905102104887	-0.5289565122937334	0.6052389416058089	-0.44673282089432625	0.3075729473393287	0.09747886796571437	-0.23814011674890015	-0.0056628119014149264	0.21251679251487757	0.5111623126539598	0.2889141004009212	-0.10395653537660635	-0.27018946345631445	0.3412371108826696	-0.5042549289143714	-0.11642982044173457	0.20325158043753175	0.11165061592482665	0.3000081837771067	0.19633086674050834	0.10900071296152337	0.05448132534973078	-0.21849780251910245	0.3742266342147682	-0.18207939903403791	-0.13127511315968393	-0.7982426714918676	0.06204194462599809	-0.035141104163385506	0.5952409442523198	-0.48245986313347394	0.2633486030618926	0.4564408536011202	1.0057040722077577	-0.01153607253629968	0.452395357261751	-0.13677719068796987	-0.14611214627396218	0.5713170836627394	-0.049043906343623274	-0.23509063476321343	-0.059375518585127914	0.6140133815561319	1.9828462420765076	-1.131826083501543	-1.3984364198309753	-1.2945504661830596	2.0320798446809336	-0.6013915323916995	-1.306824409500869	0.7052553902646244	0.03993769013567316	-0.39355545795526026	-0.83768882931932	0.1694221058122231	-0.49368176683271675	-0.2735293364580842	0.40425927651599075	0.04714222469798594	-0.29892623941520424	-0.03325767696205174	0.14804395870807746	-0.856524022015173	0.7606071167805281	-0.22341469784353843	0.14863495673674215	0.04145327652807435	0.03823646075580207	-0.22641448565277908	-0.47541909358465984	-0.17023656348415014	-0.26852488370039373	0.435489699571643	-0.5493646915815831	-0.11761543582628843	-0.04637022179514165	0.005091664138773209	0.07482804213537686	-0.031208524756718696
DTXSID8045567	1.214706177176955	-4.455532277221284	-0.36463755937738007	1.5414904685045128	0.6415044371096703	0.4555033267342036	-3.430947476153473	-0.23980463336102778	-1.5745659186821215	-1.2058588012859504	0.7454459400551297	-2.50693232464075	1.4779996087195162	3.2074287896580116	-0.0014498010598061046	0.27311695387026325	-0.15648588511997236	0.8592061538862352	3.8787620321795724	0.8046825344695404	1.6108436144796345	0.6709248029209652	1.1201991580770647	1.4212551311319743	-1.2629206605563894	0.7113301230040491	0.7027536158445135	4.3818698214384595	3.1360185624305017	-1.1286649156485717	0.7663244259312921	-0.575756985823623	-3.8262882015290685	2.8277256243697853	2.6026461067059965	1.4498720022846372	6.24374201578381	-1.2569150514860845	-2.8556723634837247	-1.6933765951202515	-0.5539726953928356	-2.3020276151151724	0.07999457205435083	4.856212599913261	-0.6504971874994556	1.266324550877001	0.09999059704630307	0.5232314682095279	2.5123311686265604	-1.7248664469518495	0.4026860303356957	-0.20033692885418833	-2.0061381903501827	3.5413480826504626	2.949078387277087	-0.27000265909704924	1.0845313641539636	-2.038891347904158	0.5381834255742604	-0.37314019701435724	-0.1751547526016514	0.7994926329311642	1.5205433207031944	-1.6627940523640552	1.8833881604223701	-0.15658764099110786	0.4229822403416598	-1.081188249403183	-1.9507360749409977	1.3521035275415159	0.557798287006554	0.3049979354311701	-0.9124338816766746	0.5015349765877735	-0.0018616183367838532	-0.4103725385198882	1.5717000821577634	-1.4126981976189108	0.4864602735760892	2.055058965430071	-0.662390634397287	-1.9141286612071393	0.046536620517486506	-0.6242221402883296	0.3063028657847498	1.084359070218797	-1.2111638392982957	-0.41671760054127377	-0.16046365630984402	0.7644999611450214	0.9569494494094876	-0.3592649224087513	-0.5497408331419457	-0.5021860386855747	-0.6753273210291506	0.824000054130774	0.5191364215655342	-0.8332509756397173	0.36978649036099615	0.2849958749857403
DTXSID6022977	4.454710830617209	-4.952979119435764	-5.599618529370532	10.767822732228728	9.44257416399019	-0.7398569825251913	-1.0167621202744181	-1.4441357023179673	-1.006017680387374	-11.289194911238805	-8.007208465417422	-7.744528820391128	2.1123333863634146	16.92019205440935	-2.4455881827280335	-2.957112409150513	-3.1392813948067158	-3.2074417034631297	6.1771297223998065	1.9323897600619668	2.134718145051925	-3.245436299651383	3.2961754247140433	-4.269268156578237	-2.2582097970998056	-0.2508396988864102	-0.5490517953546212	0.9983360138574581	-0.06041944825636425	-4.608039000840272	3.1605535787879178	1.18547140485321	-3.4986197817808593	1.678201773042196	-0.8239597185191191	2.247198442233084	-0.22181390402498283	4.502359758230036	-1.9381347468353396	1.134525073037284	0.4009548857956744	2.831108929869021	-0.8821113452011607	-3.7062710140578847	1.152897329992356	-0.25057667920105753	-1.836066139760355	-1.5975477927648178	-0.7679437938941283	0.8118617869398593	-2.4570336386913874	-0.7518676605508946	-0.20648947007762883	-2.591382097424518	-1.4605679062432915	2.061576115725496	0.9826773048972225	1.1096102697006331	-1.3845675520026095	0.1548773510084509	-0.5215842874556877	-3.9053932745484965	1.155129914060679	0.7451458716067151	1.4497608545786627	0.8833792269607529	1.2070702706768914	1.0366984005035738	1.5461061377784149	-0.32078421212613495	-1.3165009816504916	-0.35140477536803283	-1.8332250570621904	-1.3466124902210974	1.0363481181702474	0.134165385613299	1.7781041765017163	0.010543619125922492	-0.5853320632080239	-1.041580198221381	-0.02187243989489748	0.1702979713117861	0.7616588364085741	-0.5504050179740233	-0.7031344029348531	1.116656508372975	0.3845303640334662	-0.639105099279835	0.2512215826233803	0.5129184072565539	0.2553449055940542	0.1617271752577316	0.2532302656034203	0.9800236984563937	0.7962741668491405	-1.0963701992381378	-0.7024503157301581	-0.8389051066768075	1.1222515514457299	1.0498809402798472
DTXSID3041744	10.56309350649908	-2.137128422860948	4.3899450145109675	-3.245008794415771	1.3214515964860298	4.444227820204627	2.5525022387921603	1.7582589471608387	1.2390468825765364	1.6260373681335851	1.6810713056823787	0.32803413831098827	-0.17778517392230636	0.017714066431238767	-0.12116534385710014	-1.504174537770761	-2.009793930315562	-1.0447930498224105	0.40665855102155707	2.0215392963461554	-1.8354892144082526	0.46315174808258514	0.38367500210532174	-1.1145912826341522	1.542252666312523	2.861533526137009	2.3259495235217345	1.4095273965671453	-0.1341405502138476	-1.3955035169925367	-2.8127882366960373	-1.4913046108366086	1.292538601744224	2.0914683703358827	-1.251236446444448	-1.2769238389412099	-0.025270625765306746	-0.48242837215815065	0.5650803952699535	-2.803743648308641	1.5919932961946681	2.8799597737381024	0.5712218993505735	-0.5131500026313354	-1.4902716890014605	1.1499957938803782	-0.1060344826084329	-0.1453205525875022	-1.7910965624893644	-0.926140745682133	3.3819621666161734	-0.8896965886274182	0.4170970319434931	0.3459606288885769	0.3684852433597004	1.1906160185988097	-0.32502842008305394	-0.9134155505377608	0.48478017606654916	0.12833395109557105	-0.6240295289181748	-0.5830821577802691	0.4114817644994159	-1.4328403022805822	3.4727972256120774	-0.6628184411079929	0.7003122105787543	-1.0398901116101333	3.2295442992887504	-0.08132601829233314	1.5963827713503478	-2.6961926841867374	2.860254124784212	1.2282476273058907	0.7065998290060779	-1.957691507744047	1.3982058718217325	-0.195683457940546	-1.0796288598451833	-1.3890300810436351	-0.46325232227643415	1.4348702572583893	-0.7485119081189244	-1.1883521898366947	1.5828338891426537	1.7886889630435001	0.737410102627437	-0.6191145082026169	0.5339397371547242	-0.5544932957513161	0.3844050535512448	-0.4324464508728319	1.017731713993209	1.764478589119372	-1.2463783840753306	-0.9135032871971493	-1.8237126957152723	-0.041899646809371464	-0.06850459034782148	0.30688982998302006
DTXSID3049413	-1.1917125269723312	0.1596763209037087	-1.384965761245371	2.5929158802495187	-3.1028157850179796	0.8083939523519008	0.4652642396156658	-1.062361670596391	0.3127443537372546	-2.1543979554408708	-2.228749707521475	-0.6698927893803557	0.868428231742578	-3.4719030280383483	-4.62361774965335	-3.622367549210537	0.07702852867544432	8.177294479931996	-1.5114640272674975	-3.1592497724112563	2.05042258296124	7.279376595533874	4.773018260350733	-3.669230767504067	5.940342559165501	-0.2514122576096836	4.199288602856422	-1.2090038170579518	-2.49232247391677	-2.394040106788732	4.38660895099024	4.426095053432242	-4.31573356993335	0.09123840467247388	0.5141820402905704	2.113085479203632	3.4259834680249197	-1.196973743824716	0.2696330648791417	2.5499283916337334	0.09927424681770804	5.377967241483422	0.7095872097808346	0.25085813385111805	-0.11407772525597011	-0.7600544440659391	2.8170938669035315	2.4398145737064647	-2.6979850968004646	-3.4478125812389844	-2.2673095459350074	0.9384333697183443	4.9140852096223195	-0.37158478465433226	-1.12022460489366	-1.195921847490905	1.0205744774664227	0.4083460891538136	-0.013337261627771678	1.9950162326828442	-2.6920292240481554	-1.5384399130349862	-1.1128462179424872	-0.1272020528594891	1.1263351457152677	-0.1860206455122269	-2.6922262010096767	2.2541679294427253	-4.4729966204310525	-4.008043169343624	-1.1191326602014644	5.6298806006180495	8.682330093936448	-5.740672617126681	7.357570333250581	3.6953517802088824	-3.443215525265213	-3.7674801643375986	-0.31194560826913614	-1.376767783281458	-1.5106487112705382	-0.899419490921652	-0.30146433716167015	-3.7388410416964803	1.3046405649743873	3.721759656970407	1.7390088565507833	4.5686377011183135	1.935691477102118	-0.006927260404069999	1.1437442323487077	0.8457483195756015	0.26629550298496507	1.8874907597484267	-0.9031691328656204	1.2749619463863064	-0.21034376903728788	1.9256137023130548	1.5673911577570327	-1.118231245226152
DTXSID4046577	14.293891724745565	-7.290535321185806	2.0206901391005316	1.7236773496155353	2.2373101705089953	-0.7010239432416431	-3.2211746269818717	0.4290448235875021	2.838971387328204	-1.3020055073730807	2.020768406527636	-0.34770236925864934	0.7933579943641925	-3.4176357432273647	-0.861424113024846	-1.106548344645429	-1.695684272550618	-3.8046430277055516	0.5991157805510419	1.5940036603410697	-0.8557463904639313	1.13196722655855	-1.5709403714171142	1.0966383730917837	3.1618013873067707	-0.8360755533536027	-0.27187514882575853	1.146489605199387	1.759874890590166	2.3199663135090254	-0.932521064881324	2.502448980706053	0.046473171782402976	-0.4138728622241504	0.5656421110582802	0.3847145089982902	-0.9517600702642339	-1.3995935205327075	-0.46147219247468696	-0.33587628912341383	0.34508103701533116	-0.8695289459605839	0.38223192109214027	-0.09608201646161227	-0.2059863724238371	0.6408229371527311	0.4110166281991274	-0.7929978158576652	-1.5785937105223706	0.44640834573133875	1.387546973867248	-0.690928109950046	0.9149951304688209	-0.4321055835970777	0.8807209012709278	-0.1501096867963324	-0.583844194774911	-0.8414454755307542	-0.6929865845429093	1.2785459395148202	1.9772303319132276	-2.5496846318640802	-1.1825438777027304	-1.1822119975165777	1.911360733591158	-0.3717406197728821	0.7818052353421825	0.05151016149795793	-0.9357728172843894	1.9764367004173147	0.4847996462666942	0.3172304412793497	-0.15709821074148347	0.36490784574938706	0.6712412366933961	-2.4669287319426543	1.4916160138585692	-1.093556789270706	-0.9395577585749375	2.1529950841976357	-0.8173449114016192	0.44604183431783534	-1.2812405860413747	-1.8679495056521631	0.5214494975085607	-2.184272787007201	-3.9754614242521433	-0.5385482323900277	-0.4019851890466097	-1.5201800803662753	-0.06504886179593104	0.49592565683544826	0.42760686309188134	0.32851816296167385	2.379593189961252	-0.8700447908186916	-1.8345749103512055	1.283822237326135	-0.6455823247543689	0.85760538384105
DTXSID2046256	-2.8431244374360376	-0.7078200440109417	-1.9506094162141472	2.6013670142929337	-0.8736944339035269	2.4293619585531405	0.542181951989742	-1.0836912244230805	0.29109690562428503	-0.6490757896832254	1.9737340048642102	-0.25197554806987893	1.1298095939614414	0.0720600070369494	-0.12097753432503873	0.04200360936226214	0.1881758051602143	1.0751365358011038	-0.2592103512384744	0.28710718573884	0.3609918420206148	-0.6168671512033278	-0.0673383862612236	-0.798738178412198	0.47117954493805975	-0.5974254338505292	0.7187298941521642	1.3904314170385432	-0.3780566326302632	-0.10951771382262981	-0.1746477674418193	-0.5176641321871311	0.1110518430221756	0.8031995082802109	-0.14269184780359673	-0.41407706608647893	0.8100281739594143	-0.4048261878274143	0.7934262741189907	-0.037004773215039165	0.2701953884271666	0.5386488555794648	-0.5632276960517696	-0.1514987101733505	0.23831884026867484	-0.46284654223419636	0.11445305871068341	-0.5847782296519082	0.49181257522772265	0.512414322616089	-0.43481852866732795	0.9834409667957481	-0.5669798099371438	-0.05936783582288071	-0.7051948081128998	0.22880387190145285	-1.632221778475599	0.5193598177240485	-0.5925026114680628	-0.023135877930820645	0.000541739857749903	-0.11494568601884003	-0.6455820102922848	-0.30766679983363887	0.03735044603563196	-0.4281141303491736	0.055877360015165405	-0.5122005621706249	1.1144181715903885	0.8112516035927054	-0.24811815522489664	0.5717343362637645	0.3340600519266586	0.05299737302449529	-0.39065026418578225	-0.003046780368557664	-0.021327667096453628	0.19056431786056865	-0.24022342230361415	-0.4139761194089163	0.17614573823619734	-0.22756401517136793	-0.07237355729815405	-0.1558824419490027	-0.004409356710323182	0.701180446880435	-0.10186910682525263	-0.7251317120260776	-0.09665356863376177	0.4610270047069381	0.5822818018428533	0.5590981284429626	-0.4612490085829448	0.03423064595647435	-0.2715832533498765	-0.19278068149335426	0.3009417478252076	0.04628685033662327	0.18123513160942423	-0.18900866871301922
DTXSID3057648	14.810716746524403	-3.135415748839484	-2.193027729164121	-0.21932680951607983	-0.8787841951151323	3.348836389748019	3.6639379135029024	-2.2925260971232944	-0.005132123539175186	-0.544090723471107	3.34956096824353	-2.020128027552672	1.118986507836939	0.7921000068715466	-0.9642327939180965	1.6306946837463892	-2.754183284039386	-0.22546624070361665	-2.191534023475348	0.6794603638838016	-2.2073511888663853	0.20192083318022683	-0.5658749903749366	-0.99240532534698	1.7732059696406302	-0.33573501076091883	-1.9842359003117127	-0.6332246470139405	1.0736671252694359	-1.2596120966718385	-0.061899011480174695	-1.7234593264763167	-1.0839714437261132	-0.4676503402567128	-0.586739633457952	-1.1050974494498784	3.0082376129805044	-1.3910543436496239	1.6199696989075294	-0.42596882534025177	-0.21318877646274634	0.9243650007648183	0.39094653506096927	-0.24460313589674132	-0.90402005160603	-1.9729848577479854	0.8113724939246266	-1.1073512342210408	1.341314944296977	2.4491568297551503	-1.2382797400275058	1.922569466361179	-1.454931547094131	0.2835342950596152	-1.0576121198279764	0.0518023692581253	-1.2895295827110198	0.5858964631404794	-1.7412219290688045	1.0347342976747633	-0.020933013151648357	0.49925879463557077	-1.2087166030611922	-1.8091861378385925	-2.631829104963951	-0.011913797611784745	0.4792125127767008	-1.1642221616476016	-0.11091896541859227	-3.318274715955834	1.8263875019715208	2.461624466184117	-1.2053315260129345	-0.598958657583225	-1.902312311871516	-1.8059340866327627	-0.35293704287152733	1.8407406900836132	-1.724431243377488	-0.2122431980631217	0.8832820152000974	0.11709068838686115	-1.754115640397192	-0.7991543424831437	0.10610797355039991	0.2341802176422771	-0.24384755837183664	-0.8654550441129448	0.3047158297010983	-0.4475836364345746	1.5556262761352357	0.8653212425190919	-0.3406319429883575	0.18298483743656047	0.1625023400482646	0.13930552192931805	0.8067261839278935	1.8740443077158222	1.1127173704295343	-1.180592759050437
DTXSID3025706	23.164297987930315	-4.311883728109331	0.8721715811494768	17.586495814178896	2.82711634280349	-7.843316721860203	1.510963722339857	2.301290785079638	-1.8857969877830154	-0.8893644483818868	0.6667782284244226	3.317539308298436	-0.6877796997721343	-1.7496750346259307	-4.0284225248865395	4.310304066689096	3.4754110713811612	-4.036372382894817	-3.8148752101865906	-4.528016156249947	-6.234733641442742	5.735754949616955	2.715406812162573	2.0764656570012034	-0.7430484521075629	4.608777781562677	-4.679453716166013	-4.803316842259504	-2.5043202463350127	0.038618013221202924	0.989645196483309	-3.657514532943674	1.04825861449794	-2.159966158297971	1.0715428005944179	0.6127692629512691	-2.1327406006333014	-0.881229586216445	0.28624676702660623	-0.9949491744256203	1.283273274623533	0.7816708075491493	0.9255388411780223	-0.6470352224761728	-0.2530185831025798	2.715042512264115	-4.226527580390925	1.619661109340638	3.0543088940677103	-2.316849790445613	-2.216087544490769	2.017657446237061	-1.9326704785123825	-1.0152670854448504	-1.4441925329958079	-5.0011319268401335	-1.3713731218505565	-0.583091701251099	2.239149698725938	3.146510594123383	-1.4494761155874094	1.6191304868095304	1.0857324661851155	-2.2086678568730966	2.1742691935647946	1.758013237165411	1.7444125177469285	-2.080612523092075	5.16841966223327	-1.5313785525177628	1.4859516784367124	-0.8955656628621843	2.8708418662463813	-0.8491732562531868	-2.6627466955941546	-0.8659436572752571	1.0594921457403332	-0.2995676968047549	-0.692566219659033	-0.16603509397012017	-0.1951196614268714	-2.446974396895315	-2.81936699892257	-1.43185318294247	-0.7943279221492798	-1.4222218252953944	-1.5950650893290153	0.19233476943223904	-0.9337292163587196	-0.18859670061916672	2.3600346417892686	2.5256636925600504	-0.5308993303564691	1.5159153187634729	1.6006680658410022	1.0677248767989576	0.2585298781386469	1.722964689325406	1.5342746312671052	-0.34696663792415794
DTXSID8022749	7.38158205169447	-2.6986459113667145	-2.388195921244908	6.604060240070094	-0.8489146116536304	1.2767585192690671	3.0490578842410327	0.8998148684543635	-2.276130596620225	-3.9794696449493947	-1.7023868120564236	-4.300951527332472	-0.7570900174000134	3.7224131756398573	-0.8126158345151913	-0.11487158741545414	-2.711362335065804	-1.9208171258979838	1.4432678902615435	-0.2943196698979978	-0.5536436281882898	-0.8743473289384888	-0.20267893769292106	-1.5315162961273758	0.5416678465901482	-0.1869371917302203	-2.276477187477166	-1.3858187875380468	1.3459427055703246	-0.3546155524317053	0.5728183092084679	-2.147938247562683	-0.8022513019215143	-1.1570978774755283	-1.0743285325300507	-0.1696535763017466	1.3824753863177626	-0.6673018532903295	0.703812280508091	0.22479977603908355	-0.31504696108658986	1.3334209064664304	0.5681711796014574	-0.08436098983169797	-1.219814852810463	-1.7929392381619365	0.5473692800182736	-1.6710884164247897	0.3267374152137031	1.0591527271062606	-1.3704901722064153	0.555197494887125	0.415139899744063	0.5471274813302086	-0.4639654601049035	1.3281193892542522	0.09456629028946208	1.1343988374087028	-1.3998526724071103	1.8342483248068766	-0.8816136575739608	0.1253998252690641	-0.7067296770196541	-0.8513147324734152	-0.9812033238623751	0.5909428130416104	0.6051629386574132	-0.6831553652001616	-0.6435378574516014	-1.343118855655994	1.514596306117721	0.5346275268497012	-1.5289813296476846	-0.4930883622313088	-0.7149797649133018	-1.2716801398194515	-1.2396126994606376	2.103669419517481	-0.6015598452604936	-0.6617874682201147	-0.6035338096786935	-0.3915043096074396	-1.3538264342990116	-0.931427827636661	-0.18189124132500203	-0.17053904990746213	-0.03023548334450856	0.12142526016378535	0.330568080603578	-0.37095795842789914	1.4262481109408556	-0.3263674653012459	-0.09631377650552357	1.1922405119388422	-0.7457209301552269	-0.39282198119188666	0.5568118336427973	1.25104020497932	-0.2421205788434739	-0.8131483979107701
DTXSID5047328	10.12199018662277	-10.078035303164844	-3.7970186162413837	4.046429101262497	-1.5481525506100708	-0.32015143419242237	-5.59250138096812	0.2986815151075586	1.1613682905755405	-5.3483137852547955	-1.6490710283496217	5.5700073269130455	1.099512036232138	-3.9471804656795975	2.910641230716874	1.2153544447266496	-0.19555411781309712	-5.99001017317047	1.0807850318484886	2.365128346374853	-2.4826773320194495	0.39996100643221033	-2.3821206457620496	-1.1301292009855057	1.8303119692416099	-1.274661904638901	4.62605888604976	-0.29787018991120573	-2.4346015553302784	-1.9320746321061373	-0.5562441195190696	-0.9891270974481086	1.1082095719117244	-1.9707835412266124	-0.20735732400658563	0.5366034167864694	2.216468164366026	-0.7284660512046623	-0.40223214604396534	-1.494057665389936	-1.1169669877601076	0.619243467115933	-0.5135488044365083	3.0136212584355815	-2.225612023579515	-1.1999980686296252	4.085043020242828	-0.6337291843200573	0.4278557055493229	0.7001869413022603	-0.7347048414807397	2.4477028228397613	0.6272570156065508	-1.1812270292133484	3.527559203964538	1.7959873314805075	1.2531906206686683	-2.2187570119686564	-1.709981901912441	-1.667449467932867	1.576601059645327	-0.5369371450534478	-2.821371626975734	-1.153484972487882	0.7225019573365592	0.3817486025612845	0.31759544047354943	-0.41635746283963515	-2.70395287904518	-0.5842789939229707	-1.463498934949073	-1.3547414869377732	-2.170983952170319	-0.817346085970974	-0.18037461687644715	-0.11405074828914967	2.7096670334152346	-3.6953219624777986	-0.8733064773871755	1.1017824205243227	0.6694720646947078	-1.6868991578081103	-0.769963057681612	-1.6838305186841132	0.6664424150471169	-0.2499800410191998	-2.1743480831297957	0.014022471901030545	0.9390863594045497	1.2147945698976077	1.0687838406089047	2.1013251141085503	0.47163422287905543	-0.05043668843022517	-0.84720682571506	0.8898611726768326	-0.17313700501002677	-2.3336465010289142	0.8498317653860997	-0.11667121398175795
DTXSID5043897	5.309306756517384	1.271415494167316	2.714613731694569	-4.9825627173335985	-0.35402019114401895	1.6397192619033458	5.106492161732683	0.5966390150751534	-2.4401791696983497	3.1986210146101133	-1.3772364067670533	-0.7046838369089812	0.5637700094179914	0.4931542947916557	0.08616673992979733	2.4553682319630425	-2.192913967316521	-2.0965394664173993	1.3226588858780477	2.187274846059266	-3.21187498655451	1.5744315229278687	1.4597135420582987	0.9713700651763532	-2.030969615512863	-0.3299347445123052	-0.6397245498371104	-0.16450664307689392	-1.7953109016190423	0.010222236091039422	0.780325726766399	0.2750405590083626	-1.1862561724518557	-0.8185604825527071	-1.0621111262997487	0.8936579080252397	0.753210154393252	-0.2997903221736641	0.8943229909918646	0.5258245053508078	-0.6671735164151362	0.5070048507537942	-0.23380168280784014	0.7038321133407626	-0.12121013090483108	-0.16593337812125877	-0.5160841458079233	0.586518525766184	0.11798202687260566	-1.2965352040418605	-1.1800118024751387	0.8843880550489884	0.6559843446039111	-0.22260415976065548	-0.6819026087468638	1.3652319959190442	-0.44845379976297417	1.0632617762253584	-0.40960241391898594	-1.1658574737262297	0.22449109046219398	0.9672551253398837	1.6834120990095909	2.628029968797582	2.6370900372934383	-0.47622233591310664	1.3918892284933515	-3.29540785684058	-2.1119462703437804	-1.7605851482817412	1.0975578748010513	0.15714858072251495	0.8262731397408908	-0.3169955671652241	-0.7995209863626738	-0.10033836923792194	-0.983511536182599	0.16805874477935837	1.2603152476133965	2.433295907235275	0.4311392324785809	0.7241847642577559	1.1966698447430077	0.4144246150507921	0.29065811632654925	-1.404298190395497	-0.21810224388732471	0.5011488260594409	-1.2905813689537973	0.7260725586969785	0.03361645668657732	1.7080840001197923	-0.28375769984625543	1.9484023075392916	0.26036609043705927	-1.3825643125740816	0.7284422542720829	0.8845777540867368	-0.3191645058700218	-1.7510057883650123
DTXSID4046608	15.8190072957137	-5.722920583697065	-3.0678138383721327	5.927701516524259	11.937581053706788	0.3840051521224471	-0.6536513524062697	-2.5482489634993493	1.2438085507393248	-9.564471419980975	-4.214805356754058	-4.959851664764706	1.9042214848744161	14.025189155634168	-1.5221992949435172	-3.8379712568753686	-2.532510470976603	-1.1553663257254565	3.591459273720834	-0.27244328488572955	0.48429348536807576	-0.9070828868566426	2.203147806597849	-1.4080204869414066	-2.1581796999376337	0.7125158148462326	-0.15906630464554833	-1.0783630775358757	-0.9170396457891588	-1.941940647620459	1.358486342256904	0.06410707030445269	-0.8089993754593126	1.191985110467198	-0.49790396930277936	-0.31240652952983416	0.006405712697686913	3.906584494316455	-0.3441667843176841	-0.6955696598828259	1.4321856912806896	0.7592125168438834	-0.5995254351888601	-3.7461251338197523	2.107803263663903	0.4162235018440866	-1.2942116688534608	-0.38095274747227253	0.378527325405358	-0.13551207191616713	-1.1239663524104415	-2.019147120969907	-1.2514718830611715	-0.3845506714150062	-2.335642614799966	0.6190892897210595	0.9419467331516667	-0.42122553165675825	-1.2750552945178553	-1.0106339483177103	0.01938887724228951	-1.8824234914710511	0.5716422335596739	-0.6781173276699874	-0.08979516937129195	0.9110942116745744	-1.1802998830254607	1.1333284331338298	-0.6535628045721963	0.31154215949804437	-0.24999711689486093	0.7046301587463651	-0.6201936927159716	-0.2566211423095664	0.02228592811268886	-0.5358662202739382	1.2005485465282217	-0.3476753602641478	0.639085971103223	-0.49385697534785983	0.16786524075215273	1.013969315963259	-0.026359485552797192	-0.5946412281408257	-0.3920207958199622	0.23733873371298136	0.49939708996264526	-0.5838089226879665	0.007371741524435862	0.555568962859601	-0.8325445188964501	-0.22303942077895716	-0.2119865503222081	-0.1127292389006084	0.19263697254177253	-0.6258275934712614	0.24510928794903827	-0.6860480815308987	0.41972212816965226	-0.01916931861300033
DTXSID5027148	-7.343572258816846	-0.3000399412546055	-4.228886370863603	-1.0372559818773501	-0.972122302425409	-0.8238623179243847	-3.7255375153375936	-2.672787284697368	-2.7820169829371664	0.7275624025172982	-3.333454809495365	3.839560398752191	-0.9511102610112109	-0.9074609732916632	1.3221693047702427	-1.3935173289763303	-0.5206040094318868	-2.001775756066475	-0.34194580634170385	1.633877088480359	-0.878017861376666	-1.633395805498378	-1.2614269499291229	0.02720190264655059	-1.2238974248976815	1.9556959316561895	0.8175612395507256	-0.6971651780500778	-1.2439190278570011	-1.213700035888092	1.0612067775803962	0.3896018186306362	-0.9228169697919882	1.0021838516826886	0.4392153675161663	0.6063073449874161	1.4947778732231305	0.33118700788025424	0.01841634347136257	0.6355975386461641	-0.7112879985060108	1.6172054189721834	0.36816328260043496	-0.6294978284414081	0.5509030930714688	0.13500217766459094	-0.25450018898285887	0.21403556262943418	0.09763548760176932	-0.545272374250262	-1.0124773061282353	-1.0807310824509107	0.5958208067535613	-0.3705018196746349	1.3942315619379309	0.28018916872378963	-0.13766798224709076	0.6501194189818594	-0.8835933736548934	-0.28464081597980573	-0.4171648418825398	-0.06953531498284428	0.031763803643336745	0.36746587272748704	1.0664173521190383	0.010828657658074002	-0.8734851236589494	1.546516221459755	0.6680886816170412	-0.3074905634315227	-0.6866581755742391	-1.5751896233311333	1.2762114146765131	-1.2502551175874572	-1.968296705935003	-0.16521901263539263	-1.3534505620479205	-0.23677798215150947	0.2000539016948481	-0.6255337715987664	-0.3883651474103604	-0.28869902334762515	0.017440384588302594	0.1953549237746448	0.1041614570082382	-0.836001780797119	-0.8584753717872395	0.6451715001198909	-0.618273130077497	-0.3073181666774903	0.7582220284604908	0.29458060259490465	-1.6718685662382262	-0.3727714279898659	0.1617455192704973	0.5951365641023711	-0.2801084014421976	-0.37170054571780753	0.19461264013730292	-0.1445973453963866
DTXSID3045562	11.554571706362651	-4.963236731736358	1.471677761715978	4.305359937926965	10.992586256538766	0.21290083327032494	-1.6968987324987839	-1.9452878698865714	-0.5516322790652285	-10.095895508378721	-7.399236548141244	-5.945317161633319	1.7796119461677422	11.40002566916082	-1.2225485288526778	-3.7516946395704474	-3.173364567930792	-0.7252476790644423	4.151694758420879	1.2520937697284493	1.517711024059135	-0.9118444310025761	2.6302852445046963	-1.8067987377236392	-2.8967507459719015	0.8443239897761283	-1.1817181744699679	-0.06588336578357984	0.31999800244901755	-1.977714468988023	2.4922625211468428	-1.179989720075491	-1.4231210658206064	-0.09022609047033525	-1.2383484019610578	1.7337606984867096	-1.8247827915063652	2.6259866955533373	-0.6391825007357737	0.4048415884762789	0.3663844690264044	0.8723984499822114	-0.9975608962436864	-0.8647515870246684	1.0612329333610317	0.5118252621866417	-0.31161561064018295	-1.7750113542750068	0.7366478057123821	0.8101931443582243	-1.2901857624111825	1.156267795092174	-0.37962289984080666	-1.3540087436430963	-0.45835389075499977	1.404231238796315	0.7731778958337763	0.688005877210775	0.02438482652102647	0.20014244246381832	-0.3313546097794927	-0.23463984698187376	1.6360915150622533	1.0577695667654456	-0.32033796630577954	-0.0730281409846258	0.7348088568087847	0.2814593898329749	1.0199310869414921	-0.6475339780474877	0.04360166342717226	0.21997841385357716	0.004082219193461533	0.13396489429659483	1.0227047420450968	-0.5250283817123166	0.8136089676949407	-0.10380383998258248	-0.4346502689352255	-0.595661070590332	0.2345045141134502	-0.5646106650400271	0.7617339498531717	-0.6710743790586345	-0.8243414781388241	-0.021926232569392166	0.12656793571769004	-0.8244441783999968	0.4686794456028407	0.6799858670385913	-0.750700801333527	-0.3505339603717157	-0.3897573412014015	1.1959474703074187	0.13881372143075588	0.24103655568822252	-0.40327541547041196	-0.17564986442389652	1.330527600726243	0.10955454770805928
DTXSID7044689	-1.6971893025996805	-0.370126829665104	-1.9851490620663539	3.044229737516855	-1.3985103273005028	2.3360985675779795	0.4263769728263474	-0.5891364667693915	0.5653863736179556	-0.6509923366689812	2.343105201041636	0.17077199606334126	2.054540700115347	0.3874084091655675	-0.4447435767762774	0.3497556781003398	1.5963299059232703	0.6624843697534014	-0.9408662239767501	-1.1993396430439518	0.49504173676235647	-1.0374501529389817	0.5198198965037594	-0.508624192210984	0.2084755982046896	-0.17699935391436217	1.2253988947916339	1.4425946264641543	-0.07148565880569051	0.16207425074117346	0.7735583534711022	0.18131390172941705	-0.08699082995651326	0.23532756621183376	0.4009519368738524	-0.6635637195437912	0.9565663705399204	-0.841869397513794	-0.33932382773295644	1.4241974577976626	0.5734516777245979	0.5548068275598963	-0.3949348520863421	0.8916271527612385	0.15834639453859645	-0.8585039914080015	0.2521720543759621	-1.3658446159918645	-1.0594384787018838	-0.8257167367079886	-1.4647422237860301	0.41238223529652274	-0.31261144291733794	-0.4197015251331205	-1.1895409401107202	-0.17400505501997401	0.08025110513064451	0.6296172169762788	-0.4797609848884931	-0.12473872268585093	-0.465312790862683	1.1244305329773687	0.989547025543662	0.6664573346390135	-0.011348251321914242	-0.6231291698178973	-0.1319433435706818	0.573248927102656	1.382159315324957	-0.6288579309701808	0.6090240231055528	0.3308990749154304	0.02112141381906459	-0.41805082145689726	0.7926912100318823	0.34306376681554074	0.4547987331968658	-0.19752616427381742	0.10707573020716987	-0.36731189655647684	0.5079972901111829	0.20821533719700053	0.010848574945338998	-0.26071723535365415	0.2066600822710993	-0.12917763210925964	-0.6604712041704758	-0.540753763668984	0.6794941209327188	-0.16891964454002145	-0.07856293375377772	0.20348845122178616	0.11942510362900165	-0.10564267763203829	-0.20097882198117917	0.5199118627148979	0.37700364488256427	0.3584726007398144	0.13305377501503987	-0.14171179050303764
DTXSID8042260	-0.10915319361212102	-0.9979051682107315	-0.7596290988514497	-4.75898877537504	-2.1144221821424263	-2.9142555993586226	2.0337473834995707	1.2119961373137365	0.33852820667635514	-1.572517645699536	-0.733044623386061	-0.3932798207421282	0.5595340046376425	0.6011902826864236	-0.6009647130103	0.4775894560336902	1.0573761549819436	1.398874462996992	1.3291459405609454	0.2000513984794845	0.05847600732426673	0.8400229155317072	-1.684869149483629	0.5428311970599747	-0.6645423545044521	-0.06575564596378006	0.026556243725543126	-0.0803605621273361	-0.00487768189505785	0.20013108013032804	-0.27298136850485166	0.4066932442355019	0.3327911763615458	0.4515803253455853	0.39951573301535354	-0.31273563911583824	-0.3132451683309806	0.1299090547217181	-0.15061113868483708	0.2100222704116315	-0.2762276135741193	-0.7870908506296836	-0.13683917048357006	-0.2793375673802445	0.0073229461475689305	0.27394445093279246	-0.11149432434454173	-0.14898544635694666	-0.8622686457025182	-0.7124311139649495	0.04643079114899647	-0.20763026744055296	1.3208512067437375	0.2382506481205846	0.24217998672748542	0.551649028049305	0.5220131481034043	-0.21087319207557226	0.045075729227451296	-0.4366176469633813	0.14553963380630874	-0.6345475706505381	-0.7092890778308053	0.2360288892638867	0.02086760693430148	-0.611004632269568	0.06564661391727575	-0.1630342180523197	0.2777035650123425	-0.2863980103218141	0.21423450976279804	-0.9943211875013952	-0.037618720113505706	0.6221856526211045	-0.06318353779453796	0.4337099518342157	-0.18943649270886123	-0.011184044542695854	0.2362291722464071	0.004610415563740049	0.8236587811609946	0.007969380645116517	-0.4662869941778012	-0.24114539294499207	0.5720360755991936	0.32843383110326146	0.24304510248114355	-0.1438725502684565	-0.028666953606839025	0.03785581290012847	0.40421968135218406	0.4323482188062414	-0.024359823933362224	0.13193146628143226	-0.66504809566499	-0.5637823559022276	-0.00037287154301636434	-0.08200788022181141	0.14756022643796904	-0.11808364248823094
DTXSID2048828	2.4164601615557886	0.36175820765912275	-1.381800067719322	0.15312621430147216	-0.6815157860623724	3.080160057136814	4.453359103188475	0.2814738665112296	-0.6821893280254494	-0.03403349247305911	0.9118505420462558	-2.7882359290774117	0.1879134316008152	0.4548346637606399	0.3927489366763058	2.9357999133861536	-2.2441280267400123	-3.0631141081596076	-0.44437933803961505	-2.4203451651046155	-3.0286527245171126	1.6112912322371407	0.6151741727382654	1.4315939126946664	0.7525315598190238	0.3099058593960865	-2.43690165460763	2.2281086816741005	-0.6804446856538737	-1.21607968146572	1.5284874219971563	2.8183147034183116	1.9690451596097165	1.8124349588945143	-3.7992512918077352	1.6859340549354866	-0.9972319480873271	-1.8749973527331325	1.209529570780983	0.32953936800304395	-1.2468368266149241	0.21683761643104552	0.9929747623378528	1.06360902034147	-0.09503112996065409	1.9816756706516634	1.0868827745605232	2.013596583786998	1.0013418568377828	-0.648950804657383	-3.009582253580389	-1.3969342638816529	1.3512605977230725	-1.1628880411630107	2.0476657799911155	0.5896242251490752	-0.43860912013266584	-0.4991342000691215	-1.704184773899464	-0.8622090761845631	0.4324578344012542	1.3021724735091462	-1.356023038817707	1.2482870837114401	0.28011149025849214	-0.41277095991235785	-0.8869047549449458	0.24178554204574165	1.248241245640942	0.8683643705930794	-0.4685471678202599	0.31325062422777505	0.5157975323230941	-0.6443178655284076	0.02823453188972965	1.1997516296049904	0.30465577522058335	-1.293957073098944	2.093389527044361	-0.645328966081411	0.31802144014886535	0.8172077399873237	0.4657574907641169	0.5598619134336739	-1.2265438010960015	0.8120435295667641	-0.14239054549952251	-0.04505898599275082	-1.8238217653179367	0.7881307024449331	-1.114307596129612	-0.13909484081052367	0.05139474201088817	0.04156942606030618	-0.1461531522257697	0.3795095193577697	-0.019068550465810387	-0.7311286087524337	-0.9366319378426353	0.09613416976804867
DTXSID7024667	-0.164544331271427	1.9071793348094468	-3.6902774879285616	-1.8409988728168536	0.8092871732513996	0.12313876827792158	5.9041690360728385	1.062149727597345	0.7516852613868651	0.564220967357324	1.6817762999408548	1.7511844853577665	-0.2649601581167613	0.28660840328752785	-2.0407281862559143	3.497129097310379	-1.118873681080773	-5.291310088172193	4.051395164288707	5.551477281588479	-5.509526157351085	6.800188675168837	2.5308628597519287	-2.1616828987649592	-0.0099583069261111	1.262268653934471	-4.759362374349811	-5.340681547311105	2.1610530714300955	0.8571568625023845	0.23964120567850034	-1.1490171100320588	-2.3768082716001073	4.8172891458575355	-1.686508660876992	-6.441039906904168	0.8412475887942986	-6.838730528081595	-9.22371456160493	17.10298367760843	6.190259886648385	7.200221578677049	5.128747522965746	-5.672998536110653	5.001818194291243	-8.758615024901795	10.533700441525601	3.437429843551475	11.425279369880084	1.5876491471027863	6.029809248477176	-1.873360001132241	-7.360913002594063	-1.8275358078819643	-4.694909343154122	-1.2310479929214355	0.532793964493582	0.09589298340605533	4.523089437018929	-3.3654504873103397	-1.4696379325837792	-1.2637497932335244	1.685264988084531	0.28464882838380745	4.094132980009084	2.9651041574072883	1.0234324746296983	1.9918790822876475	1.2899158538438116	3.1502332690602173	-1.916766865639117	-4.299690152911447	-0.01004087101010353	-2.856363315342622	1.726198895295208	-0.1077652062049191	0.4348025876348581	-1.1499193368325769	2.855943526830439	1.2220465737167499	0.7812087173856015	-2.0704509643242206	-0.36995146424307396	-0.6509925657845701	1.1010727906545825	0.6529686012682754	0.40543259600752307	-0.1968787290810585	-2.006255645929934	0.12748332571782403	-1.3332455011078843	-0.06665978650847064	-0.3497956102707834	0.47963967076686087	-1.2953950432701409	0.4297748487271641	-0.6971830575032739	-1.7006983729885259	-1.2484188070450832	0.6175494211222939
DTXSID1046637	5.281373854027058	-5.364091735001811	0.3188818999792373	4.828118250531999	-1.2145463688950926	-3.388620236618112	0.9793426671063615	0.35687682143325705	-0.12053817255524586	-3.6741278126239663	0.48321952081105507	-3.3341460451345584	4.0815354143316736	1.1826527266396498	-0.7454618529419131	1.560437200149013	-0.859014160644468	-2.141075969127591	3.8309161531664784	2.7628817537775614	1.606077372940003	0.06121467331088256	0.5208936602726554	-2.975143774065107	3.9948686852686612	0.3977588397986644	1.8624160603280597	2.564526070709107	2.0207662040664456	-2.5216122679402546	-0.6284879773397122	0.36529896414316776	-3.6092378407685493	0.8695357081313756	1.2361727808014624	2.602924578549249	7.49745925841137	-1.483457183598309	-3.7482375474030487	-2.489766339481707	0.33626264553311525	-1.34196524281762	-0.6997746308862959	6.089984454472947	-2.697317838736582	2.4423596449560354	-1.6856520312412573	4.576563495409863	3.144216913020591	-1.220743769403408	1.988735011751212	0.9721611766948256	-3.1760046831579225	0.3489958141270029	2.444308930327259	0.5280694162905891	1.777883045003157	-3.369618030180355	0.1390488967886178	1.952849458125239	-0.5930461381038599	1.158741948505637	-0.2600622136727598	-1.9574239823272157	0.7428596422923383	-0.473674478543851	-1.7275024075194167	0.22449803055273054	-1.2739227897122558	2.346788648489338	0.6171253717041878	-0.5866306573476107	-2.525149706400328	-0.4580483136010128	-0.5574931334045855	-1.585484252961522	-0.6412692424652937	-1.4163887418191952	0.1297823643555967	1.832081778091423	-1.0894404506760076	-0.36735674395683343	0.237386039050857	-0.659594467467908	0.046667413644277	0.7348954138171538	-1.7356940146205584	-0.36878612236203334	0.2978099342566791	-0.734576756843398	0.19505086724864806	-0.17638699878088152	0.27431671748446373	0.6349229659028724	-0.36025816791585236	0.46634855129020386	1.1384422302134245	-0.09569731442020087	-0.23402265854618445	0.32775395806177265
DTXSID7024370	-7.1938343240445946	4.90840163236686	-1.1383068410665764	-0.8521735639374953	1.767548552102834	0.40272348584521844	0.45456235962875696	-0.8799623916615992	-0.39215797163131183	-0.0805030258319207	-0.6523289743689931	1.2878145917052837	0.12092772183580258	-0.24286566117217867	0.33890700303398735	-0.546841752312809	-1.1010868081968856	0.5074717436046187	-0.1635255372488539	0.45972777188380876	-0.4509185895990012	-0.8023437946290456	-0.25522868076542443	-0.15892814020928778	-1.5405030876809733	0.5307228976177198	1.0095588623188607	-0.5049520161887734	0.2519206985138659	-0.4333250192866279	0.5478943447904459	0.10087324147109179	-0.3906179523527566	0.17435350882708442	0.69789789694269	0.3516180797431258	0.13628810264453506	-0.1059358452055625	-0.06552759787956586	-0.5431737220917825	0.20283743958591777	0.10633920787075338	0.2191155457711661	-0.0652956349293214	0.6505135545843662	-0.27492547828316555	0.1554318699301528	0.8337798205868499	0.2801309124356873	-0.4047860635573247	-0.15547048278544348	0.13596380057036203	-0.05745375142137634	-0.9409631673662648	-0.23535717031736722	-0.8292790830889449	0.13357469200881847	-1.1497480616956834	-0.9972874943181318	-0.35070540203426165	-0.5565748639489724	-0.4191193101716157	-0.7144197242777276	0.2312475024294991	0.1670999451586254	-0.21979752431964109	-0.624330855598183	0.41236370054502597	0.21507228384004423	0.3729399322643905	-0.35988175262716854	-0.24960233548559593	0.44871916646673915	0.6517306623181545	0.005205953249162738	0.08695471352952182	-0.009696074337584095	0.546600287962307	-0.42620255429037307	-0.46571204897102064	-0.5913715060197969	-0.07109975075122256	0.5654636889436641	0.3489365001991386	-0.30527185143689034	-0.021957804966990988	0.2473878406599754	0.14116382697823557	-0.4938481734334736	-0.03900522611790492	0.10313876392867971	0.025895452244804627	-0.16500239419360596	-0.3151208487136754	-0.26180810924968406	0.19977062051885772	0.47087039929590874	-0.04984100820288923	-0.19808237227893113	0.0214455716566617
DTXSID0020442	-3.523011693018123	-1.7653399908357774	-1.5699046494694902	1.4077829780927749	0.061933723797356566	-1.7189893531482532	-1.0847308061514875	-1.5467599786138557	-1.0561579525240603	-1.4972128971130025	-0.5818767524150117	-2.24105474016083	0.6102243111298277	5.464724415726445	-0.6327613423132263	-1.410874454919495	0.26219458816431607	-0.530985030979007	3.7202968233228555	0.3818329179966605	0.8886778100051105	0.5224200195704667	0.9551534890391103	-0.6084543641458688	-1.0455163879111344	0.6957166447747929	0.03394709101126988	0.024384302310913923	-0.2714554610994136	0.5680398808133198	0.8942094832853502	-0.5862981786564767	-0.14496043356666152	-0.07690584593093504	-0.6041178709253481	1.0542398576610532	-0.8742005489942886	0.991903570617754	0.3442043949235163	0.09128197839538618	0.8300119519403324	0.41376230368594574	-0.5996125235009218	-0.5314267117868476	0.3475824556891928	-0.24809001849987614	-0.10047886313589148	-1.1242614502907204	0.16669204122734982	-0.9589753747833111	-0.8630167824073994	0.04506891551053097	-0.07932099933383949	0.43833639431966365	0.15690998709724785	0.3597239794753308	0.8479317294766242	-0.34096803088212446	-0.6746845816774234	0.2175093359593583	0.038689860664022205	-0.03423031608396829	0.369891753177161	0.22374655555076733	0.26926954746000403	0.6941074496417636	0.14312916761733235	-0.5489554874575482	0.1657577015675226	-0.3151162373193573	-0.5479561024080805	-0.2997012433910118	-0.19542097645401454	0.03510115250514834	0.4804772971005126	0.314891543831955	0.04157625898759507	-0.23115593904450335	0.4872403954136388	-0.07866172217568537	-0.38737885336999167	-0.06634850473528651	0.40604661134029113	-0.21978757131477294	-0.9813067308406015	0.23110100093657737	0.09662836899756588	-0.016366147306027198	-0.8759744593856038	0.2269634688610684	-0.05384647454105766	-0.32932433673490813	0.10662746855017234	0.5564472171816095	0.040205161982449944	-0.05606554199721302	-0.05282987382509021	0.1411946632960231	0.2898471526354272	0.31369098527176703
DTXSID7040154	-3.9877256116422948	1.7512002085692544	-3.927811858008204	0.9933130534438986	0.7222493676034679	1.6823878417164293	2.2344638185019554	0.6710465449490777	-0.03527808384443335	-1.6259671646027392	0.8255249979426857	-0.37398004655071937	1.5674170770926057	0.07936256238897502	0.7496646042364331	-0.636205190876245	0.16950373921245568	-0.49371409121112236	-0.22926141588543433	-1.2266675167924947	-0.14929517149966628	-0.6182003462504565	-0.568543885710072	0.6062828942774977	-0.41202186920335065	-0.05494413987644544	0.9371705268834608	0.20805452297015928	-0.7928694628287839	0.05226779533611839	-0.24685698989985413	0.644240738326415	0.10244469055097866	0.7722937127481571	0.14201760930475107	-0.36703233678387226	0.2803482091057339	0.09360919469095616	0.20023656550473962	-0.2818734592919525	0.09081979592618869	-0.0050310193602256395	-0.31251405444813063	-0.15221294602112095	0.5918189734565218	0.03844258652751328	-0.0970360774761777	0.3101263162551973	0.1135571755216794	0.5340671306387315	0.38126542699842897	-0.42268808340283465	-0.05182212309617756	0.09508949026251332	-0.3520577747174761	-0.24989155239125624	-0.6967767510294951	0.07422873143388299	0.7769651865078242	-0.5742465988795409	0.07104104660575783	-0.11577376367835115	-0.4409213026983181	0.014342406283720672	-0.2395712100444152	-0.46734033079903897	0.07182631666346814	0.3032479960686383	0.6841786424267973	-0.09532203730401996	-0.5462193294303701	-0.5209852533140584	-0.5005087775103725	-0.7135671676170985	1.4246060494912292	-0.09646908712427148	-0.016528768437093482	0.5682198496306032	-1.2748409435244294	0.05596773705588798	-0.04639730095208124	-0.3971551121063119	-0.09755884287277698	-0.15017682417645217	-0.275911767612529	-1.0225397242473147	-0.09551009510672251	-0.45358807674682144	-0.028052680762479194	-0.6353181600909392	0.03452403246710996	0.3055112593441132	0.08524627765893626	0.5263278055565943	-1.1710322496788022	-0.25290577914446943	0.48837267687106095	0.1095243398151811	0.3929627570864822	0.5432901796188867
DTXSID2029327	6.345921447982555	-3.232060870981376	2.691992222711295	-6.3954742089345284	3.8198910334956886	-0.1742035771081833	-3.041852088596909	-0.27462330599866447	-1.2882411775655445	2.778352274099058	0.3977044944760819	-0.8938240184169169	-0.918561259680316	0.2270345699427866	1.1551826986080305	-1.9577494636351056	-0.5772441524383488	-0.3731424013329363	-1.4083739789887764	-0.28098930743547623	-0.07677340443495927	-1.0320934896598217	-0.18698930494044605	1.1989750917791895	-1.3408171719799986	0.503087953088207	0.8513836424576618	-1.5512145634741508	0.5266589575852996	1.1417971575387678	1.0853031981727437	0.2733288612297136	0.8708937242664667	-0.9416967784982945	1.5770450983690167	-1.6476329356092498	0.0162302263473485	-2.0895610208009177	0.8414730457922714	-0.2596611590215552	0.41487070223217626	0.05757061053583718	1.7502016050433584	0.126332551791381	0.8585402953554814	-0.358563725095135	-0.13664594295746532	-0.6730414377870902	0.5722269641492206	-1.2247653749168417	0.3495176366084665	-0.09838533788605563	-0.03401007976169848	-1.6682166398670666	1.101012816453555	0.5421003046925164	1.1518238490854789	-0.9434247055879362	-0.22209445437575126	1.29255803366396	-0.1519297778681092	0.5167052660225417	-0.8826127146193031	-0.5773060372322888	2.9426689504073607	-2.756922486204049	-2.138311002082369	-1.1435399729429179	3.266990163228507	-0.9849108578201424	-0.5979365517322326	0.5248777987659363	-0.12668719056529879	-0.6326550839284477	0.19422297814019215	0.05214701892679747	-1.0219659683852818	-0.09941538544792239	-0.22883393934712692	-0.8193697573249218	-0.5298132130721426	-0.7150934310193119	-0.03689350147523566	-0.5404070721721359	0.6548759601893732	-0.73658858804882	0.29586666934721767	-1.1566636690358776	-0.4125175416428271	0.10542230704309218	-1.1010320541205119	0.1501738042933006	-0.5298854287420316	-0.028002176323853167	-1.449483462525951	-0.10635271935671967	-0.013799511741795811	0.6007098859949196	0.14900868551754742	0.5780558289912772
DTXSID5029186	-6.690031784035797	-1.3305906858774228	-2.2956497214524925	2.2014080859574325	-1.9709911423381392	0.6217056706980146	0.592106623878805	7.473273391808379	0.7949959166488634	-2.832585389160091	-1.1853767556762096	3.483744473545347	-0.23895404258399067	0.9589092648132062	-2.2636554596930156	1.8468818249238181	-0.9027892323740384	0.28403252368122445	-0.0013759924378531757	1.4127464978905946	-0.21653288839052987	-0.4797897513292048	-0.6381640541670495	-1.160993167987236	-0.5891124854857778	-1.5214279254754697	1.7313874982074615	0.40184275284294146	-0.3518850214059074	-1.8639795181202246	-0.5760087571485398	0.12991330899676606	-0.5551120496559291	0.4314337832695743	-0.6802757927829888	-0.40304903123254016	0.16875476278628992	-0.841678460186611	0.3977000617859355	-0.323749849896402	-0.7271960744957097	0.2218241899291163	1.1216471081033017	-0.114992245001143	0.07611046993076247	0.3445553016355823	-0.30598080691943214	0.9279257756106726	0.8042638522069304	0.1021579898222363	-0.31683505985331045	0.8737908088978936	0.6740605518455358	0.1376024204946321	0.4463253347968728	-0.29498230440379436	-0.07339152926546734	0.5429086949857064	0.36478079671266167	0.4532555772217842	0.8933788445536955	0.09414729936412129	0.10468950519624408	-0.9847649821039722	-1.3718801786927735	-0.9333989205231922	-1.2968256933081723	1.1535741308149907	-0.061009644366271855	0.0015626718414726742	0.2778156681692415	-0.33489967166164564	-0.21914368909425708	-0.6270971789447545	-0.9363207217204687	0.026679566756053666	-0.21942182982383918	0.026743620104632555	-0.14884102853523715	-0.9259198004728517	-0.3084328047601189	-0.33266624814534296	-0.33280729997793346	0.4883200612636392	0.18811615846249377	-0.342828891640842	0.16939052069482222	-0.16522261646428507	-0.35731503922310454	0.15475302499884683	0.23050775165033915	-0.30595034547307143	0.011962187417528285	-0.07989145432433262	0.7958092313623449	-0.3583150125786835	-0.4998206299793904	0.4412654463600074	0.5600149488927374	-0.2160378492319949
DTXSID7021314	-1.527952301237538	-5.233168735575079	1.2446469783786738	-2.371198100700595	-0.672633804812212	1.4884625798037716	-4.9351184814906155	4.0984378022237085	-2.912114387069913	5.106054567464512	-1.0588820091773223	1.0691245570603072	-1.964803761780051	4.033961671666217	-2.7826569012085822	1.5540416096707372	1.4379598838661514	1.7786417062447073	0.2146897629903225	0.008141834887298617	0.8282891460716575	0.5768674857602452	1.0857289490092914	0.4167679195006547	-0.4410212389827603	-0.3533836524030529	0.8899761056283673	0.454555536774589	0.45472358593144424	0.7489253676490731	-0.17376241440778195	-1.1976287609431628	0.8191633300587993	0.15009971312004736	0.18798764220730332	0.21638021235148988	-0.5077683200604434	-1.2011704409626907	0.2100225795936254	-0.11185346709398816	-0.1405981816338158	-0.67487556007946	0.9608339819072766	-0.6888894471123643	-0.28561355365460633	-0.08270584323847287	0.12629918694738573	0.3098331356604375	0.9148438368104043	-1.2101198385241505	-1.2655791889026846	-0.17854065110479775	1.3766476545695838	-0.25283166763880993	0.05430936651706872	0.0920643369902757	0.4231072095120364	0.2661909438039002	-0.03277628338194535	-0.28451575449556277	-0.28228845791279983	-0.9131560271204079	-0.2051149568550859	-0.95063860300532	-0.27455649771983737	1.131777753040157	0.20753488913129534	0.30149720672590213	-1.5498967889493682	0.7923745467483958	-0.7268727206792205	-0.5832967785831131	-1.5158929022075809	0.09523054497254782	0.2561822186596002	-0.7469635843194482	-0.8625081611119804	0.820279889102851	0.7109652048901558	0.5676902818549946	-0.39903314280697244	-0.14980279415012268	-0.015587693598863382	0.4544581381868953	0.2690577362018097	-0.0030897631301422582	-0.2974745329386956	-0.36137984653525135	-0.022771226935591124	0.4077357475511914	0.4351860587925623	-0.38332021143126693	-0.16166536284621758	-0.3133718950632031	0.0674165818266127	-0.13785977508657107	0.3514325619837316	-0.19149765914160044	-0.0923879526283715	0.19111053214921156
DTXSID2034627	-1.7308612162834245	-4.139100732945365	-4.008208222426419	2.1673790495263123	-1.41344731434251	-2.4158072852783747	-1.1787830087075453	2.3147398576841964	-0.8930139445584722	-3.355243705792737	-2.1603669683441837	0.032908801463284613	-0.359993494396591	6.2908983204604345	-1.7599342295782718	-0.09608217636268224	-0.39527174352202366	-0.7314792356786194	3.2455299938695754	1.011385731811118	1.3099069019104905	0.19470890193988483	-1.321552947209724	-1.9078713489557264	0.8185138438339696	1.2274542333740877	2.770277791363407	-0.1492236070142177	-1.4298053757656146	-0.5123697093541505	-0.7278210227151221	0.15490867793103338	-0.9129733974441675	-1.763846537781825	-1.0125095957183623	0.5540232528209942	-0.6043890391534356	0.9794762939344422	0.41260329751448777	0.5357048989202862	1.1905679526147568	0.30994335221823666	-1.7399032957395584	2.171459954491512	-0.40943530820048085	0.714975638355806	-1.482343973783338	1.9200374138996494	2.7881877426759214	0.09792289771760646	-0.39920185143489395	0.4487516834438509	-1.7564264759598467	-0.6784143046667402	-0.8866755867770728	0.4217978502547899	1.5040906922305217	0.802437589801645	-1.5296887829091599	1.0627320122486406	-0.47296145312063254	0.5340427328647056	0.19029917558752876	0.3649382117657319	-0.706311648700963	0.7745739758392517	-1.6590137911502063	0.2791083131093852	1.1505389958491565	-0.8437294704330094	0.6680126703899731	0.06282224159434967	-1.12054774703635	-0.08188368224198551	0.75046640115234	-0.8220257000431074	-0.47985636758425215	0.09062573357898847	0.6155509952773484	-0.3097934865953381	-0.9237996046299	0.0667601852414058	0.7671523833447079	-0.5776427774364341	-0.951574906681515	0.20145663154029164	-0.3936346296239946	0.7910536797335839	-1.4148006826639832	0.12474511693091833	-0.7635888998776978	-0.5000416046382383	0.7440311206791496	0.7651436477913733	0.5858484153118837	-0.10312539290712527	-1.1344445626735795	0.47806022406833815	0.05593564954685062	0.21624158042566236
DTXSID3044962	-2.063886610683313	-3.225574812954196	1.9262928567212345	1.7506991807232652	-0.2395879854425912	2.789140633430874	-2.8637130201322836	4.130279973945021	0.6944730983489542	0.037525161116242434	-0.5255689016641756	2.312664947349795	-1.8507153235257807	0.05862155241580434	-4.849345706213471	0.13831483839824235	-2.3431541536908997	-0.6227692844528778	-0.8489023953132159	2.2632283869995353	-0.2950825372900137	-0.08662879035966334	1.6793529332782684	-0.9083145438783821	0.1664578591333069	-2.0492199712911567	-1.0420825525878803	1.012308976712609	0.9446776567295952	3.886512810680679	-1.2230234874889703	1.0005441359203224	-0.39209292785355687	0.8065389266158588	-0.8002369075545036	-0.5366159987585386	0.00904587892690927	-0.1930006853089968	0.6390516253231961	-0.10646072383241639	1.2552806970663615	-1.1807532556810683	-1.4321202997078464	1.5743937041136267	-0.7525154789998588	0.657521345716837	0.608364471072562	-0.24711228902341903	-0.024881525718159492	0.4304409704349822	-1.7677730759245263	0.41303099405927696	0.05635146620950334	1.0486431813502326	-0.7889749359397049	0.8510269291645572	-0.6578515163706871	0.7592169972380032	-0.1213787900295521	-0.43079780654265654	-0.45214585515541134	-0.18090652450278955	0.047367474530065505	-0.16588820343974897	-0.8623595778125828	-0.3499695301496471	-0.6586820611807841	0.347286321647374	0.20873980460829408	-0.40709652412407993	-0.19715024839490766	-0.44865477122767794	0.2826737966981488	0.3794760971525537	-0.10899240589128124	-0.8541773937567454	0.0433330346637539	0.3146786257916172	0.31967302311317036	0.27196150376461253	-0.20398918721782464	-0.6911207241787427	-0.07831766541868011	-0.18855894272445636	-0.02567889269089915	0.13423062827953583	0.45827178430573123	0.14400200706466876	0.24641072186583501	-0.27063747760358214	-0.13567885758632878	0.3835942999990818	0.12802439817781713	-0.14886245320393482	0.2532435596906132	-0.22272055013988595	-0.1908548929792302	-0.16839580104334034	0.09802162601099679	0.08847599524775251
DTXSID3046409	1.6622192213225777	-0.46626924184539587	-2.978034569703257	-1.1155690870909272	-0.7424600560725179	2.634041403349268	3.865270954929143	1.0430454385808308	-0.6867293074443577	1.1078894727014563	1.3886541692178132	-1.7763675328714075	0.21526788950419923	0.8665918838106405	-0.22004792473472695	0.6016524017123082	-0.07915701442081892	-2.126592349091764	0.5354164444494462	-1.3624754800837562	-2.0570985346782162	0.23054645831227466	2.757219429354588	-0.45498693677696356	-0.7439872995903712	3.5529275885435654	2.7080418432809172	-0.7164229630804375	-1.1966550719753686	2.5170129765283797	3.3881690451368613	-1.0106888729426473	-0.0372767379732281	3.090636985896884	4.379940595026809	0.2650351213589201	-0.5144455067133326	1.7785300369876702	-1.1002699648962178	2.5475775868925834	-2.423659285967264	-2.268433135545067	-0.8933805549174407	-1.7142721349922054	-4.254838708923351	-0.13805178667047763	0.6816296530991104	0.9587090294119895	-0.5536289799727963	4.602128109169967	0.6641555601331985	0.1394829888968278	2.406982700860768	2.5594757349672914	-1.1291109436390594	1.2216428871340999	-0.6662670027968707	0.9749931239527425	-1.108534099348557	2.156795977036615	0.5203568012807692	-0.5741066551039752	-0.6579627985908738	-1.698221853579741	-0.0989513450080049	-1.53974746612952	0.2354341355575141	0.005145758910714708	1.4282273270007775	0.8133637667216266	0.6178111066114167	-0.8339817343118818	-0.6601429503822307	-0.9209615083284627	1.398513280796687	1.0581280820222954	0.19549584317280605	-1.019450989637107	0.814550124730281	0.5538071044340359	0.5038484240772045	0.2280897063067394	-0.5501774522445916	0.5832245665791657	-0.38873568155285393	-0.42891846436137027	-0.028143944932327483	0.43367984933161347	-0.8140387086287628	0.6302979294143534	0.4668209044507558	0.0885461365740902	0.17300292678586943	0.35831735186898334	-0.5463145968006419	-0.40870428942073006	-0.4304856948733819	-0.6937397445845132	-0.5128958257283804	0.6557174211220643
DTXSID9049037	15.20901970539495	-5.437658073259886	4.144602144066329	-0.44271988559932945	6.100173742640165	2.8286213305064494	3.086477155795912	0.11923563633620947	-1.3968461403507406	-5.034182774802567	-2.5694362258101338	-6.616491012060321	0.6070534187062078	7.623433463416699	-0.48618520184108344	1.1156460118448719	-3.9730201444925877	-5.446488635003496	4.420453443458175	2.0706824582884558	-2.4726258085006503	1.2119899264699048	2.833362360427013	-0.7199301828701181	-0.5855604426906629	1.2266689409814142	-0.6097619086124714	1.652713267129111	-3.301976244044294	-0.2765071983641945	1.2171350687857225	1.9832729805680818	0.008781619903904869	0.3052787807523843	-2.686693815266547	1.9106668743030772	-0.3010891101158731	1.4582236556933472	1.1243826299499566	-0.15548988521919285	0.3379961758170856	1.4925133448021195	-0.2934282781493009	-0.7039296655712656	1.672632454900527	1.0182574312469819	0.75513985070515	-1.8784069513842043	1.210145742776366	-1.900760416620795	-2.2571786145547006	1.566454448227649	-0.8585523143465668	-1.0716166702216114	0.6520304896411367	1.0233405135315534	0.8804804085559246	-0.686190024822185	-0.9441795828356573	1.4030416186904027	1.105826249313131	1.612947999591585	0.27956333229553104	1.2288102571660802	0.3730129175436614	0.11502985144220851	-0.4994963683457994	-1.6587908206606428	1.166946095817051	-0.6493062243142019	0.5549243719687071	-0.8308977447448096	1.1097924506848877	1.0496825631839446	0.48033888835800365	0.39174623348651855	-0.13428399311638284	-0.7506264483870155	0.7825262704712916	-1.76721694614317	-1.3966909882994851	-0.031951440829471905	1.4222242873367568	-0.790906824102395	-0.817405401965625	0.15098147748991894	0.19164712792809646	0.9303388560092258	0.4997398745297011	0.25323606266504717	-0.3594979346963305	-0.4415107225932877	0.18875505396361467	0.9152145805444791	0.6452460985763875	0.4760924038889673	-0.7419012786445882	0.034300381706982686	0.268354077258562	0.5839652137792455
DTXSID7049057	7.324718380246804	0.8298467634778038	-1.283770101820117	-2.525626536918677	-3.293214341898793	2.238408140048362	7.889721218530018	3.7259777328806445	-3.523414976407644	1.0331546447705409	-1.9198032743406737	-2.689085327316002	0.7821969980016658	-1.036895517758043	-0.12766469813875803	3.4566635840680062	-2.1548925802280863	-2.466849329059238	1.2207933530885768	0.6305670283384146	-4.104090542696729	0.41452145152497755	0.5459726963528476	0.5105014858325595	-0.7567294505292862	0.7023665444627787	-0.3216695267771142	1.3981220661722578	-2.031036071558988	-3.3395088200967056	0.2104660785934917	1.8159201307259953	-0.2700214636125152	-0.6994997672100235	-3.123906050636293	1.8218289822775091	1.5839709440416707	0.5292705029145037	-1.69897771481857	-0.6282490133217583	0.04023925474290798	2.3453589798334313	-0.26367901158195645	0.9425601492691648	-0.4534021599046689	1.8879859890503903	1.3552405097541678	-0.09248519877202616	-0.680519272074585	0.24227776685327052	-2.033241403878669	0.044547680762827564	0.6359340546833017	-0.04943234505378596	-0.610870133253814	-0.31269768084214333	-2.8124860640647142	-0.9866404735904004	-0.11760438012167629	1.0962092841859588	1.1785940672211561	0.7962617194995938	1.5503940583876696	4.610319511515885	1.3358350325501953	-2.5648294151671256	0.3563506617493419	-2.900821182645691	-4.115985437465599	-2.0397940701021335	-0.21964581561582355	-0.3004988703211667	-1.1658019737533813	0.06657346177396253	-1.180409657053127	2.5086114273881663	-2.185616579841461	-0.6047973177279994	2.147224150599789	2.8126195308546333	0.0098359577569514	1.136277987370606	1.3343679568445013	1.8164241273410886	-0.06234167942420651	-1.3305670258611404	-0.5185010286323783	0.24830621765642866	-2.06421685674506	1.5847242389028584	-0.27517890971205033	2.188756316613324	-0.9160004300502881	0.2587623440746072	0.18721625292581026	-3.074820587557216	0.7917440021736996	0.8210215037289524	-0.6378973486455479	-1.9540005658148718
DTXSID3032412	3.0105011979354765	-0.8611159157084091	-2.539408384590081	0.07791191606292483	-1.8873203999433494	1.5608129364889975	3.269700939414898	-1.0934581917463735	0.42840672428070453	-1.1729363805865864	2.172843448668825	-0.42313787326604085	0.8667735740333267	1.3165604607157158	1.2898218633270924	1.6431594303359494	-2.331218968915951	0.2934920552777679	-1.478035278867785	0.6025788184689951	2.437435551942747	0.6137589223055026	0.8078211975111134	0.4681327707013573	2.8260677990283014	3.551878811322563	-0.18117237619342258	-1.6307343180284666	1.6235946790151556	-0.0804239266224424	-1.645102327417987	-2.1077232611351597	-0.7891757723840082	-1.7043445135012227	2.720291184592941	-1.2459128472625451	0.5419399244097708	-0.3335678637550596	-0.5632788335180213	-0.7729073090633166	1.940608362923002	-1.0941400235699381	-0.31610102543967816	0.144698554772499	0.9071827692927357	-2.12412957425909	-1.0845665077124962	-0.39249024093338875	-2.115388657058837	-0.019391041699240795	-2.90501049806689	2.4884845093138144	0.6840000801913008	0.700986951406497	2.205794913261786	-0.5560226426090529	-2.407543012146484	1.7729099947349665	0.22686664759036013	-4.0248868373059485	0.7467083494597532	-1.3118948398119186	1.6529056842628118	1.9563810786721951	-0.945863976836895	0.9157131121824839	-0.6971337745062748	0.5016404900943262	-0.8072042209985401	1.576685977035042	-1.0607204641120744	-0.16407488989543512	0.23576071855833577	-0.6978213488855487	-0.17782746217020537	0.6122131468466044	0.36930458668410543	-0.27658335481123825	-0.6125354876286647	-1.5093935166242043	-0.45921387199415203	-0.2693622556637793	0.9540827157132404	1.2671801177427948	-0.12086502994357773	-0.08586567848499134	-0.573325107662331	-0.16570418263531633	-0.550407905057266	0.6376745173098337	-0.07929850009366408	-1.714887933549459	-0.3297458562855019	0.8760260982188305	-1.5785793508751378	0.3543900883294654	-0.1442088642257091	0.11806231011561803	-0.514784773937767	-1.024039753949199
DTXSID3022873	11.02569808971622	10.996308829874543	1.469360155643182	0.8502200925903326	-4.235968157525448	-0.6094428046829129	-4.020342548456381	0.43037061140039595	-0.5313356334829646	1.1477872536442861	0.26589465127215184	-1.3070886544914586	1.621824598395189	1.3552197460809856	-0.01928961370748195	-0.026900056004394508	0.6561068080444918	0.7022849311355015	-1.1461333510281124	0.5748132643527784	0.6304821950578008	-1.1053358405651128	-1.0253878899214053	-0.666190792884488	0.6235559884433655	-0.18201814508057176	1.605348058365512	1.4143362224666693	0.2277358997844002	0.5594161924239773	-0.24667335342530103	1.456803520719567	-0.7652654990282263	0.5767176110495278	-0.15798772840836423	-0.36646203377874875	-0.12382814858105402	-0.05517274142438399	-0.0006295016866760738	2.4574675360860203	0.15557959274708857	0.6395627608179804	-0.17980051038687908	-0.16585904067651885	0.05226326793394259	-0.8770569154954138	-0.5068725479734628	-0.1805102310786444	-1.5585734297211356	-0.08884333294727273	-0.0970663329678451	0.06221478179975903	0.05703926668746397	0.3986363254387259	0.8824233904383626	-0.3833262030744939	1.3382722367745197	-0.8973736326273334	1.034005771545256	0.5974230403596374	0.47627042966511346	-0.24917858547110222	-0.6054914509078343	0.0039059422412851368	-0.2808303695452971	-0.32484353632079244	0.30842020466539055	0.39623307407108993	-0.4899717071640298	-0.8582977676194554	0.1478276388589174	0.10162117508956346	-0.28787622539770147	-0.09684348286155255	-0.48924545742714504	0.3646612963688599	-0.12775153076957252	-0.24339138270967517	-0.2563780569785333	-0.0886313446268028	-0.807480618499489	0.6413255651520084	-0.9357236445970571	0.3763124479991628	-0.2542315832177219	0.2930935309210031	-0.39404050717334593	0.34930660955190695	-0.6022727980741154	-0.005496727928786091	-0.808988189044336	-0.5479977755294598	0.39303737352130375	0.26189506657917877	-0.1621071279556189	-0.026330717989908207	-0.08189621446401302	-0.9698999683990205	-0.19204135292902078	0.3114677320653664
DTXSID0044997	-0.19551533869487667	1.8154776174570977	1.7013256693190082	-1.0617550269849567	3.485840513847851	-0.06284353266719143	1.5599278388527524	0.014436925069663176	-0.8648404991005832	-0.841027786941231	-0.1025706381618061	0.2672018156926177	-0.9429746053909187	-0.6491467160640659	0.5057280066460801	-1.1405489121458476	-0.20298616101977376	0.08151977614557238	-1.598890612912888	-0.44227649675700886	-0.9121710211549272	-1.1914610898767235	-0.5084707671939961	0.7604529250914794	-1.8453565650436323	0.8575135984408775	1.9779229625753	-0.8009906071018272	0.09583079090560236	-0.5259562958847128	-0.5702877538939951	0.1894160912730278	-0.6318530497428052	0.46670460027923744	1.3361186194986192	-0.7527116032284489	-0.7696680803072258	-1.0175782417903	-0.05022895080320558	-0.19282533663839643	-0.015407490223943525	-0.6137310243069842	0.5314400962352189	0.10781715287413524	1.0141323208125175	0.07977127118920492	0.3701387506388284	0.4095994704551038	-0.404449095871191	0.2801207972696164	0.19799954958034813	-0.27232446345703415	0.38135802248976736	-1.0216314327315816	0.8495129833239219	-0.1529307591558299	-0.5967845384251909	-0.7311432440587368	-0.15557748444242733	-0.742841385109065	-1.4777387012139727	0.5451149916078074	-0.16703844493974873	0.5196349254061063	-0.4313874368244787	0.4594319784496032	-0.017832780441883526	-0.06960039105640854	0.28080019177266485	-0.8999952292039521	-0.1520128389223143	-1.3338443677136553	0.48653618282544586	1.165674658116984	0.5235696650525845	-0.35225709557581664	-0.5581397180294677	0.7569417923304549	-0.6145200700226064	0.3409037920895369	-0.6693196938974701	-0.11406185561983573	0.8570289202930824	-0.24111353560173684	0.05684532565947053	0.40452777746318996	-0.46567005366943937	0.17381493285704303	-0.5940113170253603	-0.25371151987894436	-0.49397227575375396	-0.4112183031248064	0.6429475282035291	-0.129047439841983	-0.0859656340803821	-0.44338278151223887	0.784359097108302	0.3430718486877342	0.5227983800481382	-0.06300939536132105
DTXSID0057758	3.612089330356749	1.9154538333684445	3.8198995910135722	-2.723143432868756	-0.385433219585224	1.5520556186472836	0.31043320180695333	2.0855025834971284	0.15665696917727054	1.9875559855446265	0.16209822374945637	-0.054131440097622815	0.48654465372509575	-0.7785045413427288	2.314652824730583	-2.0173287068400163	-0.13156018431299157	0.36370960970741517	1.2150330108548728	1.131441189493541	0.9066369627117471	-0.16866429140524064	-0.38843423086413637	0.08334668587861485	-1.0217895394011445	-1.1878741942210043	-0.625114842427579	-0.5935521094396526	-0.6258512336933775	0.5784514324004268	0.009143788357036806	-0.7603962047171235	-0.8227837939334846	-0.8441647649619685	-0.6282646238653914	0.5926098394313398	-0.1327758510024743	0.09477163419043977	0.3982134151117987	1.0218604520414774	-0.4537228801251359	-0.556191260839768	-0.5828345173895788	0.930406222376028	0.005161767998045246	-0.31479332538679994	-1.1161849491569111	-0.9940351290199125	-0.13850243797024314	-1.1437321364861721	1.0676212989602951	-0.08101588562980465	0.0880664780348693	0.857195427608477	0.9171604587137018	2.574284769584031	1.3611217437571885	1.6598072384607212	0.9161685982793325	-0.6769396711629239	-0.588206866123095	0.8410705020067725	0.6587891911111601	0.2721101723240511	0.6283078558454613	-0.009529858476445573	0.5587437963666327	-1.3437164790169833	-0.13404255248251432	0.0819209116368216	-0.13551941858089686	-0.6392920012136762	2.191713533363103	-0.8998845587738037	0.8019773724131459	-0.7293131376861522	1.21482247184131	-1.0224847367458827	-0.01621943395603419	1.3009556095432973	0.3637105485871056	1.1510867524424233	1.7384900178893739	1.7747856007727851	-0.6161430148830486	-0.279533994966584	0.8640751419094234	-0.061440301410908615	-1.197071846273267	0.9870987142539793	-0.9176138547563074	2.1694406108490245	-0.9330790270675979	1.2882478929530008	0.4666657762186303	-1.558088681865619	0.024855017402973967	0.7267835002990741	-0.9839997724681966	-0.8440973371722725
DTXSID7046255	-4.523825197366114	-0.4430538501197301	2.501645072209537	-2.7752522386659666	-0.6443158667309714	-0.5131376979440039	1.7242592095060634	0.3586479839220464	-0.211064251924637	-0.5594514077244891	-2.1410134841277624	-0.22731342425064568	2.6470177371339405	-0.5039509339998527	-0.7400063412964327	0.45776828311741763	0.05218764424934432	0.6746630604148555	-0.03881676211760104	0.5015246941456837	0.5204886512703216	-0.13801909539052468	-1.5400067171383123	-1.8299166672912595	2.4492981564400544	1.1711740083157127	1.3962549617897269	0.2636141844667436	-0.25621155512573884	-0.20208865474874882	-0.49921473088205937	0.5929148151072667	-0.21927702343540292	-0.7200787509030386	0.11195622514028075	0.29652829310300144	0.18057606535632206	0.9547328112654193	-0.839611047019379	0.25356826311145075	1.006082507900359	0.1675803671626383	-2.4842751556768143	1.983159241973518	-0.6129245421525223	1.1790542363162775	-1.066877460277226	2.5938348364334933	0.9364688264230508	1.0991710614547507	1.2283682388066381	-0.048310672435548714	-1.4433887320784855	-2.269990165599779	-1.1969104292748347	1.1515216836706026	0.4324358687316499	1.6808556244191917	-1.6357997272579192	0.5453252633346236	-0.7596941060954236	0.1104663109848428	-0.5143312568568483	1.216403414212143	0.1129358788372158	0.21184177852305938	-0.09236877412158874	0.1574409899871381	0.42727745882678075	0.17171974544696983	0.006242069490664563	1.4058965857566585	-0.2664761762112367	0.17869941843313136	-0.46158949420442913	-0.2681649864597869	-0.5595560792203884	-0.06452228311590998	0.8914671045826041	-0.22477517945823863	-0.26086386629068864	-0.3477669380127159	0.31875341670161517	-0.33191420395773	-0.31072514669338397	0.13352080949099732	-0.4586296889088579	0.4671561595257519	0.4602742430683542	-0.5856754878224457	-0.2953504257747104	-0.2504711040954204	-0.13707937602764086	0.1342604696281267	-0.1296150352867863	0.1332653213904102	-0.09380134204901078	-0.3172258190832319	0.13051517439918858	0.1366364006697573
DTXSID00223797	5.340485474384919	-9.413285578564638	-10.086148338175606	-0.8474999865950602	-2.6873352246200097	-2.3671150541282726	-10.895259073015339	-10.006262263698003	-2.9557156761662937	-2.5570798592497774	-10.055493468605443	15.215001084443566	-5.267373480363271	-2.550267710652452	1.3135370094762069	-5.0606484007218135	-2.0186506618054185	-7.44167825629067	-0.524530727134803	3.807848138125628	-3.2578406747782376	-1.432913088914582	-4.7208306451351465	3.0520345325831943	-1.8778853039056478	6.628009487468567	1.761352104860183	2.5187441392506305	-5.2080808942892896	-2.714035095168542	0.4100323072122709	-0.95687766280713	-3.522631780995601	0.683799084219953	-2.1337335976430896	0.6917463615831796	2.7619181447514864	0.4925053552032568	-1.4126189857270983	2.178176558376389	-3.4491157814926074	2.671151566608189	0.4086410976039566	-0.2954529284563386	-0.38382507746102656	0.5262798878156898	0.020796618076205753	0.9682516687906719	1.1083131135635695	-1.2910734547956897	-3.259568338642356	-0.2956381360820504	2.6274553738562325	1.461759587436979	0.991905560273569	-1.6284648530711074	-0.9767086658128671	2.6422830348379907	-0.5594376310958163	-0.22909767565486658	0.9879724798459861	0.04950378993250886	-1.866178006168665	1.0096295189372964	-2.3290568089795407	0.8075094571759456	-2.4677105276690114	0.49003865605954916	-1.9213535903570105	2.4791063435956513	0.20553683179697407	-0.2552927147041155	-4.2517479042014426	-1.1689713224156693	0.14088789369139534	-1.3380861009873677	2.489525418261727	2.0132611991113603	0.27457554231888814	0.12672367138333468	3.4675686343324905	0.7839919646215675	0.6043463715805153	-1.5981185281115262	2.2975511564168083	-2.2889022722968537	-2.3260927872015893	3.9756719089427137	-0.6279494020761925	-0.28720056917374087	-2.3452162380707375	5.1273255164305835	2.6419426625195492	2.5870638555648666	-5.907933759964768	0.24162007537447322	-2.975049054312611	-2.239543154701686	2.667582688001888	-2.511732663898905
DTXSID3022370	7.67302432946091	11.478211158459782	1.7056520557331771	-0.50661916489081	-2.871087726203985	0.9915614184155638	-2.493420084380268	0.15797689101390697	0.2638420747457753	0.4106077485259165	0.4446122084039962	-0.8025868314608807	0.4750859761433722	0.6435648349806965	0.08748353902661044	-0.32373791068787133	0.48822101762585945	0.42227336941416105	-0.7862896119104507	0.35534656136283854	0.972843676046535	-1.3184800863628654	-0.5574004520250023	-0.6922966242913533	0.4755620159535195	-0.48748123753702177	1.1285696846749906	1.6942597657385696	0.33111473326961	-0.3562203599798878	-0.7166744732313214	0.40260958038061384	-0.13186409453856102	1.019371579619214	0.18700561037426736	-0.5039465171692441	0.2934458671482223	-0.09361532637495798	-0.41504518484575437	2.733011546236452	0.24746332203561924	0.8544715541908778	-0.4040878499067374	-0.15222319668728107	0.03767501336868092	-1.0065952947284151	-0.6544505692942144	-0.5709060903823	-1.9359831799997782	-0.25365583127793967	-0.5607618867718714	0.4155190043367306	0.3768927890664054	0.15574399652950874	0.13800236006360866	0.8418681765057872	1.832509983896093	-0.8353863566574434	-0.11507385861891414	0.24734276101011293	0.09532779647145813	0.78208691171589	-0.6409568054055989	0.1460691976167509	-0.3136287065827482	-0.6087762747455532	-0.43767203733497256	0.8560600008360799	-0.4042992476421676	-0.3971515727859011	-0.21600410470697112	0.3424071580202785	-0.10065440690058232	-0.13496682173679836	0.49471089357014825	0.2680249365553883	-0.21825492401225233	0.29248090404901134	0.35042652854559025	-0.0024871452827875105	0.18251583329419702	0.4775262549425997	-0.3331896868918877	-0.2583933995981087	-0.7765656442657582	0.1581781926268021	0.6667280103356881	-0.3082796231438693	0.01867099661278591	0.06454805380126137	-0.3905994818457168	-0.10839836887778141	0.0024748460847817243	-0.6285744607161332	-0.6378515301888349	0.6317900008928318	0.5687356247558489	0.24131787219057482	-0.27063468973704785	-0.38818522510951825
DTXSID5045914	-3.976396248566039	0.7224263296432227	-4.1242803932955985	5.510485312789388	1.5949524740811072	-0.1115932798415523	-1.601566424269441	-0.06052352714361426	-0.5162753945903334	-2.430506902711006	-1.5183059046131344	-1.294593389595468	2.0598844943622088	5.860213867109216	-1.1126168451585479	0.11992646848046827	-0.6968789085456978	0.3078909557591342	0.8905486774230853	0.45021513368019783	-0.2980404167732852	-0.7971494847456638	-0.5445091928267254	-0.7970910470980671	0.7676598878911811	-0.7192896642267405	0.8804285564716581	-0.21455895498431626	0.4740780489958448	-1.4431728240844162	2.0962935315216953	0.6050759942943095	-1.0207210054250204	0.21130602856379319	-0.5879347300143193	0.3334929330052223	1.014539898454787	0.9538779489398902	-1.0175661671466192	1.6240670485740663	0.397508064520871	0.816990811411715	-0.41246882772717613	0.022187977962041847	-0.1174720709570422	-1.0607943757801175	0.43317360315025505	-0.8864294795238221	-2.0233521137565393	-0.5295652141965294	-1.655685559430273	-0.05513890942833081	0.10070048313506376	-0.6162409371531911	-1.345334979838059	0.45157359379956585	0.249228957986905	-1.0781647749580725	-0.9232603110594707	0.411924689621408	-0.5779761638649042	0.6948682086636708	1.6008555075849167	-0.2293559693349105	0.08897480849920575	0.10882453023796794	-0.08081623295603166	-0.0685910131903575	0.47652234805873217	-0.6594829579620898	-0.45805470369279594	-0.3734587422096992	-0.5668320956428281	-0.18916056293228709	0.39169388561382146	1.329204924428951	0.25387717059016884	-0.4690346705701355	-0.1578355222024645	-0.41063721919763224	-0.0049411229858504465	0.21183807669546573	0.7102605613104009	-0.47740746526851613	0.17430878593889632	-0.6534331369919547	-0.10537298177809118	0.7206854043011183	0.24005523521986238	-0.08268166449379372	0.2353145946349691	-0.17356932399382477	0.3839525145700864	-0.223090227056721	-0.006147103308091243	0.17139508177073115	-0.6182142822173181	0.08131267721234754	0.04920749076991478	0.3997366577004984
DTXSID4037748	0.9603867028038822	3.0614696293425894	-3.149944019800365	-1.5468203136302803	1.3700730971813038	-1.3962490474237332	-1.4306135289581017	2.7216977115623284	-4.595828156394402	2.183688911948137	-1.1186142348320582	-1.222195220404561	-1.5660378350391722	-2.0177158991038944	-4.229239969351086	-1.789712609691023	-2.8955458174572613	-1.086366120904893	-0.7802327497953723	0.42628104763483876	-1.768221751287455	-1.8780170608903795	2.3406210658152737	-1.8366662615554197	-2.9049460497807664	1.6786018486354688	0.031048739088696438	0.508561799689952	1.015494297889289	-0.10372531507072699	-3.225669774813001	0.5128237283661493	-1.30342109399577	-0.4986778054655371	2.696233613052891	0.9651438670179573	-1.090730475091345	-0.8372120771336825	0.6903138994604298	-1.5600105484312103	1.3630084939434572	1.8776447627472928	0.9396168501401457	-0.91191581706428	0.6083367644603596	0.13197712148684537	0.8931159002980955	1.9915455033518983	1.3498455638698905	0.46881232038310006	-0.4249340843531948	2.449571663065959	2.205036477331407	-0.824509806003356	-0.4120215865246828	-2.868860697660706	3.5012355891790095	-2.624510201512153	-0.3979386039200948	-2.005195888564558	-1.7330429576736364	0.6741026304262461	-0.6232751021910148	1.0171554099002718	-0.833274136651681	1.0306297557048227	0.5354683192640317	-2.692571646677173	-0.7570045201559291	2.200632840827965	4.527616612316268	1.8993596312045302	-3.1213252156122255	-0.11475413706862529	0.907800090358666	1.7666513870734388	0.013197901332779295	-0.6424342259288184	-0.4237127469610909	-1.8436491859438586	2.8191264341176727	3.4516351399169474	-3.3121877424673856	0.2036512760562823	-1.3063801626822826	-1.1691827560826662	0.33443870032650563	-1.2979651138072392	-3.6544015989219045	-0.7153592473175497	4.9532693842555675	-1.596840998791351	-3.138316159279052	5.689902283269006	-0.5360829003623687	1.554742905149984	-0.29178270604148915	0.9040591078145351	-0.8075974764591717	1.0369690659143649
DTXSID8023474	10.725759684729184	-3.7787412139483267	4.722588363318913	-7.005806970261174	-1.2195046187785519	1.6123576014186485	3.348106325141241	1.8704883299825308	-0.6058340131535436	-3.2120124018228746	-3.610711204651764	-1.4730146246992561	1.7119933142974209	-2.9452865295304727	2.716256177089109	2.771058125246933	-1.8791303334130562	1.831661297562749	2.4249701188303643	1.3414814642390716	-9.673824636331435	-4.592522023871622	5.6038800249604614	6.014321341208044	6.578972838055753	-0.09090045127590055	-3.8279385925117837	1.549687444095685	-2.586606528122713	0.3405102988870128	-3.0657409326346348	6.205759050456298	0.2448235457345642	3.546912967185158	-0.010525664894028773	-2.0438471882173452	-3.673426442811542	7.286139884503064	-0.27059070179540445	-2.9620515207463556	-3.8154709441589016	5.814619272426451	5.181804864593085	7.786301716293799	0.08224289130324035	-4.326466969927673	-0.973041069961764	-1.5045010924880304	1.7104967682128998	0.3258970579831379	-3.0804871484759553	2.177672346019243	0.04155834563675984	-0.25046175765319767	-0.8471023202876943	-1.2093772117803352	-0.46952798772455195	-1.5835595301556715	0.8699196814895448	2.5083025464425037	-0.23824958685189768	0.3766190654666799	1.3869211351351294	-1.9462573617773689	2.12372928587836	0.6782136747253261	-1.8978426035302296	1.1817550960119618	-0.8855276175155675	2.660693518346447	-1.1822281286836158	-0.07791119434363984	-2.0013028721397883	0.2090694556705051	2.0188231435793993	0.49041736655963	-0.0016002465127394115	-1.425903339478419	1.0381489160432957	1.0767494339689652	0.3854569076595077	2.517614412384172	0.7385228520857117	-1.2768127792193678	-2.805215101325274	0.14091925905494365	-0.26630279582453636	-0.11259849177425729	-0.5733636630466886	-1.3862921290149497	-1.108323466122479	1.3447032283498173	1.982801138064731	-1.5309049967858512	0.8155586227243544	-0.9298205329073178	1.8877935245681434	-0.16353242680353908	-1.3924500551336692	0.5076374818337513
DTXSID5032654	6.804180977091825	-4.372550651488667	-9.333239115592072	-0.7459012465059294	-0.8709193014917558	-0.8911763128393072	2.5515773979882095	1.4055564568746681	-6.488128355304985	5.986308469178714	-2.5949393467100665	1.9710007132778231	-0.207215760506284	1.2757619636115012	-0.031086565476928667	0.042048814851880105	-0.5330643141548319	1.5702273604060801	-0.11667510452349285	0.5508309986068682	1.435305313827511	-3.8917022593960104	-2.006864700181613	0.122657033416682	-3.1757629421752536	-1.6095564902647796	-0.5604489666849504	-0.6695466414004879	-2.4267564956845202	0.4152711294378769	1.5697899840661627	0.06381709228707345	-0.5351566435096895	1.6879794362013814	-0.15860229905713616	2.1836352910569587	1.57598845226707	0.2567602905363442	0.7879117443726585	1.745564376564428	-1.9814681544583586	2.2784399812030913	-0.18602909002311419	-1.4460175380021956	-1.0943615695604043	-0.7011416784794023	-0.7398525124980927	-1.2121401982838667	1.1135039786769294	-0.9975554019168688	-0.26100379446106936	-0.3060388103238254	-1.5488157169181134	1.514575313218668	0.057664906574597406	1.138122998175453	-1.1233092892934753	1.3270167796868992	-1.32495743087805	-3.9552874165591145	2.1342167523060604	-2.4353710016532895	-0.9459491532594552	-0.7041594615115848	0.357134852390339	-3.1225381440704085	0.5656601020199151	1.6958129730259963	0.5949540506181247	-0.20376238470595417	0.49162997444433515	-2.7328194485736086	-1.1530002984598229	-3.051225416056167	-0.5899984963134962	-2.6450804584874033	-5.495737118460792	1.2362700223798906	0.008472680359989921	-2.135567269999869	1.0820315272981915	-3.7586667600330026	-0.4630071442314613	-2.5992803520538277	-3.1859376543193245	1.2784179109695408	-2.7651296782531283	-0.8020853127399579	1.1068184403398706	-2.219945323614971	2.418248346753236	-0.7239717620368521	0.07537455333173161	0.15222985749689824	-0.3817355379543852	2.9987533429701436	0.8706308462189551	-0.22968057117379878	1.878789275391599	1.7124469651220842
DTXSID0020153	-8.012598346701541	1.05369815566578	0.23402239647545697	-1.0446516009592914	-0.8805452146901673	-0.09983393345300122	-0.3871101856163274	-1.1164760344672915	-0.5465800378173382	0.9930307028510256	-0.6701373612361919	0.4237510887644946	1.4674576930741232	0.36000640795507854	-0.06470818450301474	-0.6630829469646052	-0.19422755123343496	-0.2155927914092258	0.33773422030421685	0.13309716254833398	-0.4398673160382662	0.10936946025945551	-0.6751694070897355	0.08282927011443877	0.329383544687277	0.32855041126928664	-0.7642354281001766	-0.5896396310596647	-0.3519917659081541	0.034173435657813125	0.8784084109989416	0.2576602852106383	-0.3740737170271442	0.3730313898618494	-0.36958779800358543	0.5012393724786601	0.5903103473375075	1.0096587689131136	-0.10632047588072319	0.004803541993408337	-0.19259839621089161	0.6047990233940221	-0.406277207571139	-0.4516810927096557	-0.1397363142812668	-0.08713230833892043	0.20023446182150378	-0.03334789660041854	-0.29818209335459367	-0.4012630521829432	0.1958710340270382	-0.6474684590525176	-0.7197663758847602	0.3147097507705868	-0.22957563323292007	0.3356628865839881	-0.5234818821689599	-0.1435382815647649	-0.6205805751848338	-0.2430638659308291	0.5892100764675601	0.1242262265269408	0.38368773801813716	0.37781564490841024	-0.2792272239987372	-0.04337037148016664	0.051679070491509146	-0.24851871094665115	-0.3180167039704602	0.3145789013834101	0.06278166550120406	0.2400906210348397	0.6832473196422658	0.3277701413330516	-0.4291410599290175	0.3821534787591895	0.343063598445921	0.21422074309430963	-0.5867565207175037	-0.3000450606782003	-0.37955273289416297	-0.3310977052319029	0.00969605583845427	-0.13446583221347846	0.04635346546461423	-0.1808414125578674	0.19454104802433853	0.2815627264728315	0.4686599571534996	-0.02337538077990783	0.1762156131899549	-0.09481332362418252	-0.21806263637676573	0.09359349128364935	-0.14818764135486492	0.08590577540218955	0.08663346385192117	0.22646095286556775	0.4115843014643752	0.06124966662456955
DTXSID3044380	-1.773044845924988	-0.12326105161101482	2.000056477605239	1.081164813305286	-1.0333920919103985	1.549133893770462	-0.45442658404556246	-2.9166662004857025	-0.031268476706770895	0.22071444097561313	-0.6019151775592294	0.5779097386087555	5.137818491572121	0.24291237818032266	-3.089479514953366	1.537889105236121	0.31653294652995706	2.241244808623013	-3.2863311424439234	-0.7061429139026931	0.21098367551026526	-1.2648163130406456	0.12279316464096826	-0.6148923611085705	0.3331864835723459	-0.40366045795037214	1.024667353099321	2.7490675858432634	0.08561720632655721	0.22803390283592448	0.46562415462762746	-0.09395603278264678	-0.672880203327492	2.351665826395938	0.8935098921575352	0.11139753463971987	1.5450031518214828	-0.15202379117768453	-0.4216967169198682	2.5040290093598663	0.29396158315981447	2.4203127822070445	-0.6861574564943977	-0.5217701086169926	-0.3679843381483515	-0.18796480414358152	0.8045722516745386	-0.4323345100138093	-2.0132933532362993	-2.3768938844684526	-1.632510432950729	2.218209163686094	0.31568249422982825	-0.5026242239271467	-1.6802331401911212	-0.08061121647190717	1.0641311289825022	1.7289009168141904	-1.6652951120379043	-0.5817732000148346	1.2295173226061182	1.4629997633489766	0.9865810201145762	0.5719870846003194	-1.2374703194913579	-0.47495412036128665	-0.7959481781826023	1.0890492993695362	1.4240850360333417	-1.4997174551296153	0.4758134831961706	0.16849509558038836	0.13518197002039709	-0.05066707126120318	1.243458173131226	-0.7895464938720534	0.8036805410460962	-0.04960341627720276	1.1622381132573583	-0.18715841897191768	-0.476821179118707	-0.7448486688743842	0.12908974237296875	-1.2400461594468941	0.8386127661009063	-0.8640823418772178	0.20889213309903606	0.7615975101333741	2.0697851919170356	-0.6910364686765584	0.3919320648921976	-0.12859449553706603	-0.4885165165852556	-0.36737192524842227	0.34360990594902885	0.05216272786153823	-0.404659510948439	0.5114454049813275	-0.06569293599500058	0.11624075649098953
DTXSID1032484	6.094617643497442	-5.291051262271373	-0.5833716311577666	-2.978119752152486	4.262255861516193	-1.13252187937825	-2.1894280389756373	1.4309570937391622	0.8795221063874247	3.4957755721234034	1.2347287982224693	-2.1852525004404915	-0.05391153982194323	-0.6736582308783898	-0.8467024685279072	-2.4453557629878624	0.21214764277765225	-2.9104978135746156	-0.6236278259075227	-1.897893194498435	0.25695640756522103	0.02321855947148783	-0.6640986962444136	0.9463533772667354	1.4228003289782023	-2.065325094256561	-1.4956035504594622	1.662503558068501	-1.281466894631517	0.5524636952076789	-1.7007878068462106	-0.3134306853169401	-0.5489245016995775	1.300838516953714	0.7790894623106894	0.6178965298460779	-1.4682969704548652	0.13747280322570407	0.002054578279822093	2.1747098687535757	0.6720007104659866	2.702081165711971	-0.7758124209754181	-0.5814061926115509	-0.33854910092740015	0.8672493100016746	-2.0376060355507994	-0.8068528968722394	-0.37370675942483983	-0.09287776415854068	2.2504218144661703	1.414551814683336	0.37058971384473455	-0.04996742857951313	1.2602753139245828	-0.4919023636119711	-1.6186365243402003	0.39151927193519254	-1.0104227699518717	0.004755724997512607	0.5004639104141323	-0.46534519285225	0.20524937212784192	-0.07333431364445463	0.871611247456478	0.09455293795757169	1.818298997087015	-0.6727613037553026	0.230539266225987	0.1962966563451463	-0.6908099759214197	0.13192367736999053	2.265265180853071	0.41513870078301274	-0.26058741083659187	0.10697018752839946	0.27941153969946736	0.0313591634700981	-0.48167640837182796	1.3098796817206058	0.16520151280184883	0.15091696322858075	-0.2250719008178267	-0.13476567820847649	1.7205767011924513	-0.4602243067166701	-0.36675095363078125	-0.23327434593802723	0.5613129981604573	0.0999852849918412	-0.21187163065485665	-0.4053174555023263	0.9258437065029955	-0.295828314352889	-0.2839034246442278	0.17521999272226316	0.25372285836738007	0.18622132250477144	0.7372300391710801	-0.399414492305229
DTXSID7046627	14.769086122050807	-9.128272881444643	0.6370151956499442	-0.18891415483888266	0.46918575692237774	-1.6453437853417487	2.43506230386115	3.7893040532921254	3.581862797111038	-5.558232997802638	1.528088838804032	-0.17604262285345781	-2.736990557198258	-6.453358558544301	-3.1301574604988884	-1.2402820053248844	0.3885820988405327	3.1965166395842832	0.18755811182649948	-1.550911369062811	2.5509674264131745	4.2036773099148546	3.686857896859421	-3.9166126606157494	3.786937453216184	0.1503943204890355	0.6951697159029644	-3.034144230665611	-3.3653773971121175	-0.33462473174187435	1.7221302369137024	4.145845613788779	-2.8283850920709432	-1.399222927618957	0.27413968984427295	2.811929002927701	1.0690689496003312	-1.5653424799247524	2.0063891598335815	-1.4553148914290785	1.027304745575375	2.582592272571444	1.149721066918437	0.01971695740619445	-1.0374042501196232	-0.44304276447925617	0.8943640085519775	1.977983661880808	-0.8751998880852981	-0.9586834031431668	1.07143627068233	0.5588217596175398	-0.5567859789562983	0.2313249934170418	2.8983867753631647	-2.5918600810236403	1.650125701228005	-0.5818191269259573	-0.37874711134215305	1.318012872138075	1.5817189835733787	4.3663555358507145	-0.6368575107150992	0.9101312021400606	1.2254676823304718	-2.074826005288641	-0.03851993992255985	-0.47390860817513836	3.0540659585755385	0.2893682357977298	-2.7737230192329836	-4.521477611718271	-4.660382452409625	4.483587827667922	-3.6580884384807435	-1.2623295289543452	3.931916138623828	1.934803331041165	1.2361201934262425	-0.3914667972081078	-0.06374756046631515	1.666623667937079	0.5403838938398532	4.468662183277961	-5.5601256089462945	-4.803617969607799	0.5309605188257079	-2.062708533115946	2.110361560639409	-0.3235650167535069	0.8435503115767053	0.9280222357090816	-1.2426152050246795	-1.2600542961185965	2.6854055542591646	0.8975347481462671	-0.8437692331472639	-1.5114159563859768	0.8305824049978681	0.9709975216345502
DTXSID0022800	1.0331416498124364	-2.7692494047257514	-3.8770931542769964	2.047915003274015	-4.155915466021803	0.44938162843592183	-0.8196328810739946	1.7661141405159444	-0.2854223049258204	-4.411337165299499	-1.5412886829582557	-1.209173202942877	-5.807367260809323	-6.755129439103146	-4.529905170599345	-6.739558952462437	-5.689243968006787	5.915191301320062	0.7784511958828982	0.2276406399776633	5.408632369930985	12.240113844105906	6.958313258294659	-0.7388957016593816	6.174681831183975	-2.216161456237674	1.3837162006698207	-5.413344708718488	-4.507338430675065	-1.4183364671004643	4.002423373079727	6.774662896608649	-4.091959528879541	0.13241919174203595	1.0888277540522493	1.3384132128675001	2.396777363056132	-0.9186357082398966	3.118631486102434	1.8848023019206321	-0.28778848559952136	2.4520893138174205	0.4154936533151669	-1.6730977469864856	-0.8165391344191893	-3.4060864984767334	-1.312921222067167	0.6151437452087288	-3.389222043601167	-1.17418307390155	1.2334926209215156	-1.9032094267284827	-0.7417667900845532	3.0464596567500055	1.7869605540495235	-0.9243046680545554	2.0108705696718308	0.6953923438047467	-6.081836731910288	-1.5698787150222382	4.690139281744021	4.768297103879878	1.3169458851664373	1.6597003585112151	3.9400384042872463	1.4270018394698623	0.06202395797245757	-4.394544272793743	5.651175243019283	-0.48912449366821087	-2.881788786735237	-6.0153798890570815	-11.179796362016164	10.050314338189574	-5.4069512703329545	-5.348180492573689	4.1806370241359	5.612645498837581	2.3762676520956987	-2.4551285895766184	0.2615921740885069	0.6251226181670014	-1.0550129819365652	7.950537561024625	-7.358769470317866	-7.58073735778428	-2.06366744092446	-3.0904111974681756	-0.00961099740974909	-3.0006374328559007	1.5458320200614297	-3.5486213767888812	0.19896210690426516	-1.5513643634838428	1.6380026989007934	0.5214021071956555	-0.2995944611390748	-2.3387412530451837	-1.4879855044338008	-1.083386317665598
DTXSID0029187	-5.754183521341479	1.2608510924966403	3.667618953777136	-1.57384615802202	0.7006843035254378	1.2576925288202294	-0.07803237682652123	-1.1084188640228714	-0.4981749424306965	0.44219020061795106	-1.9039166566073356	0.6534358867824441	2.0248787936136687	-1.2158956592696528	-0.035713516175506665	-1.3814772009364458	-1.1102044274243201	0.3842022931874163	-0.6632465994041061	0.960583394926001	-0.12337141737217229	-0.49508542559492796	0.8602878123981667	-0.8077992051245673	-0.6942234225449745	0.26639216538266147	0.4980317848712823	-0.5835898126898456	0.48814628104940444	-1.3785108620878177	0.9108650793686046	-0.679170366103752	-0.08344737476131264	0.2858457027717624	-0.4691531486121421	0.6725109257888828	-0.5927654234493153	-0.3671187791285091	-0.3644909740604267	-0.048852312154429874	-0.07965987102740986	-0.28095741790496165	-0.2993781810112905	0.5990786984672369	0.7217721620821544	0.4725702896729831	-0.18616829413409466	-0.32510603650629866	0.6019786379254907	-0.0962404822363265	0.05861744538927792	1.4704980280357947	-0.31110098757293836	-0.036863543140109666	-0.03035585432869404	-0.11616370110065131	0.06887054254152292	0.3289911092015953	0.30003521823514995	-0.04163714966186839	0.09595891949668676	-0.16812501333886118	-0.13674037604220454	0.15283355035866228	0.05545797926197612	-0.34256412955189486	0.35789076560116556	0.06430284730993373	-0.002824293136614835	-0.08182001808500576	0.3103366352935927	-0.002545331359598449	-0.08255404716780342	0.28710249944982774	-0.260814394171357	0.31044963089825467	-0.12601178709006672	-0.24775808224351736	0.16950402922082733	-0.3267482265569064	-0.3943393291860796	-0.42118956596813484	-0.06048238303823816	0.17228917512910558	0.026104462410323933	-0.07014117957416675	0.06755425467696943	0.1564036788161153	-0.12449373851664758	0.07321834043194272	0.05096280013863382	-0.4581564465125858	-0.10195003965517375	-0.06701667093143895	0.20437784216017169	0.11135886371452179	-0.28216656371718374	-0.004208667707280017	0.08821547722016425	0.002085548431985616
DTXSID7046253	0.633047670446435	-3.94674142320577	0.3011392994009425	1.8639374748312683	-1.5686199458771313	4.368807456082495	0.402357326535922	-0.9244551010887564	-0.4881832154372836	-1.534653323586937	2.1475097128116123	-1.1143091357256658	1.8365669773056823	-1.5712353973161615	0.8192668031823954	0.8092237718565053	0.9493735851525316	1.7578916505852242	0.4716130206116714	-1.5017900385108214	1.2857704099309972	-1.1678785141167876	0.26896707712835255	-0.3524551011266093	-0.6926829459531652	0.23550349121844869	-1.179653967893077	0.7178170280151531	-0.20224426497911022	1.001385354929406	-0.8454527287513504	-0.6860365909660525	-1.516634948160634	0.06022938332356298	0.06801304548150061	0.37668778135553876	0.9685440852591451	0.6338033553069751	-0.30322079815826913	-0.5576181151421514	1.3538136261260738	1.3955868491484253	-0.75218116435623	0.1454650060765914	0.01145812433132387	0.04957339200549009	0.9850217925829956	0.23400775578881872	0.03146539286396091	1.2908277145613911	-1.2343335132077466	0.19060402643436244	-0.019571707164568436	0.3738783471136966	0.6179352620027218	0.9361341689965033	-1.0175073030216353	0.4805450918224041	0.48479981199152294	0.20933313630068764	-1.5834848911546917	0.14602764455471123	0.03485774746899633	-0.03892973077646803	-0.34936679724863423	-1.1252251673609721	0.5212639497799525	-0.21831463438446674	0.39119809898093155	0.9397763458788495	0.3213179301509866	-0.11701954635805419	-0.7802940218457828	0.19920772128502748	0.3733026399151964	0.3076683564687405	-0.6940706821454777	-0.34759690790902625	0.741142048835983	0.9206402502599568	-0.8975227363067142	0.5678513895658354	-0.47226012488997415	0.2742153153868892	-0.29510457415209007	-0.5969016537022639	-0.4504872798649911	-0.13700444044487523	0.16499570838905053	0.359116322343757	0.3458084871340133	-0.2572378315938336	-0.047409819263215566	-0.3223487148117106	-0.0544317893892664	-0.1091387181251785	-0.2772820133898817	-0.4594501151396686	0.5852138596452681	0.4923711814341386
DTXSID2021440	-5.902058090307298	3.3606272657151313	-3.38628391064929	0.6138792577129444	-2.655347724769131	1.7841073929518212	4.40103785187681	-0.6152746616599069	-0.9745217811712699	-0.15113764974500615	0.10778253835389248	-1.4008742722852372	1.1535491623996468	0.44828892036318213	-0.024030522215189826	1.5200416087686932	-1.8651502518860974	-1.9826453945967373	1.277204195107742	-0.03177088226799072	-2.0190363080713785	0.9522509689283435	0.2619524220261128	0.3673220636421463	0.2037772806972577	-0.04705143192844302	0.06391127715217645	0.7431040607987663	-1.8046753049455313	-0.1310775925781038	0.7969902676918978	1.7063616616103208	0.1895753344699753	-0.17366850321500582	-1.2053906728030397	0.28118457842188826	1.0384198468869867	0.4124108347478775	0.15081288371960036	0.2515306760844795	-0.9417114759127664	-0.42920300446673776	-0.3229466125001321	0.3302035637056878	0.995575035129911	-0.06871156321250368	0.8060749668230495	-0.5702850172277256	0.6020974606772597	-1.291325492950964	-0.5038905418882028	0.5228038513624228	0.4121452228636199	-0.1628915711797014	0.41656100267357093	0.42115288150851365	0.2512277245913494	0.4198263935998608	0.0998270182611702	-0.13739822139102892	-0.8876291345820286	0.12899852921144642	-0.8797002093704416	-1.9209320580210145	-1.7280842090322723	1.1294730045312427	-1.3159446990159696	0.07538105651340418	2.2409555752853594	1.0234754941969615	-0.15798758433643906	1.1159454532949018	0.30720345310944724	0.2980851630548345	-0.3080675243383637	-0.12551497865439437	0.2243057721615963	0.4057994000725248	-0.4735124127382932	-0.6227443691170634	-0.12974466204417057	-0.03724302735147603	-0.47313382555100575	-0.23146542021379463	-0.003479765325161397	0.24427739391504283	-0.08764762462488973	-0.251890002564026	0.3298846033959258	-0.3509885121519768	0.31603357609743166	-0.20648810972339235	0.24261916005024242	-0.1924122593336494	-0.1186179798363697	1.1425767690698876	-0.2237507808113169	-0.24269172645878964	0.2732473171808194	0.549727418426743
DTXSID7046758	5.362995112333653	0.9733068284940563	-1.1026732992767023	1.987482977893835	-0.9753473515549178	1.4546816130878883	5.335700189815725	-0.8305621359268904	-1.6342922619225373	-0.6694297892699735	-1.1671362582314275	-2.1526018318434224	1.2716673361920017	5.076646585027607	-0.7136350287115801	0.9784471076221416	-3.196433692578509	-2.846265219151699	3.9907723040088303	2.582466174416087	-2.741469555740624	1.5568349680233609	2.1956755769352876	-0.11186203930928956	-1.4380342929648326	0.32136718625669486	-0.9570802673980578	1.4399376924606917	-0.9014439055248317	-2.016819407660093	0.3930851339354512	0.19833546770187027	-1.293454991045099	0.48397231308869165	-1.3086257218246224	1.0309670640928623	1.439431915069782	1.0891583342149407	-0.8263280820516157	0.26483020557337306	0.08342338197019646	1.903283984449236	-0.6410866032180733	-0.43396383811966444	0.19633842220195036	0.23342238030138301	-0.4532459394295325	-0.7352667040801845	-0.5053558284109329	0.1720868921258517	-2.3757894681170315	0.32148726476558054	0.467408745935324	-1.2698016982397342	-1.4752238985549964	0.84751216641128	-1.2460922295408576	0.650940070319771	-1.5767457123039068	-0.02354082606018233	0.6196091091864826	-0.8160268962518751	1.0013568458138469	2.1766150544182112	0.6200554188232893	-0.157112625289843	-0.05616326584705408	-2.7586770026587484	-0.9529959925338143	-3.0063723602888692	0.06140359236777264	1.618147783887586	-0.13780211786332786	0.009469101411497113	-1.0505644660230715	-0.1210989416410888	-0.7856467698403595	0.3124204175405828	1.341119075641609	2.2834563364961142	-0.1734193136986126	1.161487541719173	1.1739600550162161	1.174231136373586	-0.9895907209429976	-0.5644662639079211	-0.8426576892832613	0.5423515606783869	-1.6032511758361516	1.1274113236482577	0.6801246423303055	1.8516773645014666	-0.5915642949048934	1.3374798354331106	0.31562384793285375	-2.3857335967507907	0.7670034697903689	0.6548598596855126	-0.5699832636458751	-1.367711353990236
DTXSID8037207	-6.35213221968146	-0.4183671725401894	-5.522339042360142	3.8621215763885988	2.0828257978703744	-1.2259043211166625	-3.136862350695555	-1.3840336443826264	-1.4463545225565566	-1.6400303136314125	-1.017655755635676	-1.256107330870117	2.4143509927658724	3.7836136492627506	0.7689654594600415	-0.42521173196329526	-1.2343427043452868	-1.79542180474498	3.501530319936686	1.9792678078880597	-0.40624445021495126	0.29960539391856106	-0.14514618497632265	-0.5408731415885608	0.14145441247002405	-0.6403903379149304	1.2935936164697404	-0.3131594770690235	0.4471197325681193	-1.9115928814085132	2.0641927627693017	0.27813219730371946	-1.882649863993463	-0.8586917932567102	0.10732499043917405	1.821214259624516	0.21605919973351892	0.9973464327475426	-0.3369749450346729	-0.7134557162404794	0.444633023785419	1.39006235322633	-0.02389271122212265	0.3123226607928126	0.6497015734260304	-0.8154910052143111	0.639443687828987	-0.8773008852072303	0.18483907067641878	0.06828848177844438	-1.0574160637140402	-0.4479147727745458	-0.3572048614398647	0.28286978342389746	0.059089385188364214	1.2462462406665749	0.766840802618233	-1.229890817528182	-2.1735498252768854	-0.38119959008064724	0.7559698908479254	-0.6054508263101381	-0.44833156831786003	-0.2238199327125593	0.6659659642996054	-0.5224153961841504	-0.7796417981221027	0.4999735731866372	-0.0264049736117489	0.327949603061202	0.26823157320738583	-0.9573799700881144	0.28098126497622283	-1.034085763737359	-0.8995765903588246	-0.9726059974035434	1.4093317857670498	-1.7588165900605879	-0.3639239975305125	0.3596490051038246	-1.1036975998443828	-1.147336886995831	0.19768991058541818	-0.7544834992207302	0.3458507328734488	-0.18057706048224187	-1.4314646574997036	-0.3814974983405963	-0.39462243697179955	0.4373578489138235	0.8683995648829763	0.5030489443079312	-0.3612415328788957	-0.2356376650439896	-0.1194534584970992	0.9097815484315054	0.5182432691458487	-0.692464509901232	1.497057360931585	0.2907906337732319
DTXSID2023307	7.2108876424024615	0.7725879971594233	-0.3623931433044376	0.007272906312719069	-0.8630235444207931	0.3211235307016477	4.082646657986281	3.5567222346128293	-0.23064283252082976	-1.4942435535675564	-1.963929200075803	-1.0332079755775532	3.3540796050235064	-0.7063908647572354	-0.13115491929258874	-1.614548771635244	1.0884250781568368	-0.9002516578211844	-0.4257527898646945	-1.456361123047388	0.061917116213019575	-0.3575632148024678	0.9160485831535046	-0.13243258693251803	-0.09816410034164623	-0.4867197328998252	1.9988782807053032	-1.5372245711349537	-1.0235453940289134	0.009917562294324958	-0.5729715052891198	-0.8611756482985128	1.0391532059622401	-0.0006410604633396174	-0.620472479990531	-1.917966040277216	0.04707525606089529	-0.4905643715669974	0.2692557099181268	-0.35808379678894514	0.5942550461109631	-0.9198329299699292	-1.0298492551688558	1.186581569058252	0.6859132894139054	1.1219622259745394	-0.2595599398182498	0.10883328156606062	-0.04693555768930339	0.2195489829251632	0.20313323164892197	-1.093786071258823	-0.16083608907247485	2.079866600163123	-0.6811765263916584	0.0433459144081219	-2.8512463708108857	0.018064477110730438	2.1024556207667358	-0.3072721811226741	-0.9407356348985041	0.04747217432417917	-1.3089594441414159	-1.208736344204888	0.285696550460472	1.1042630559671216	-0.07257809351068614	-0.509188045937056	-1.328554306109664	-0.25780984168995863	0.014407616345884347	-0.4161903740394532	-1.4525701069581283	-0.2078113891457502	-2.3610635000316162	0.4788680042060845	-0.17748881952399495	-1.0991950952025198	0.4879858157519273	-0.06168953270520437	-0.27977422620794634	0.640218975138417	0.02068217222691261	0.2483220400055244	1.3954012974201095	-0.057421741966601395	-0.1975750954640579	-0.05463722697923477	1.8167993463217973	-0.5100610447560756	0.708739490549939	-0.18297803087954745	0.4947475457692993	0.06384393737744685	-0.5626102627549348	0.02574768951289295	0.38097683193280396	-0.17602822050801054	-0.6485793505603978	0.1659062233531368
DTXSID4044660	-7.485950643509658	2.1192514434056644	-4.669014213283001	-1.7315901529876858	1.6017585848917364	-1.2891337223414214	-0.19905639011764786	1.2142964442714643	-1.7412570436750716	-0.4398027998334516	-1.7997939460333165	2.635184232830922	-0.3082202112250336	-1.08945592940136	2.2748260489956547	-0.8692412395195611	-2.087270083542385	-1.5482708926280753	0.1579534225453809	-0.9421250644951168	1.2166663640487867	-0.5268952057120465	-2.4093040274533997	-1.230357282357058	0.04193323360794434	1.639972139483934	-1.2125319928011793	3.995099588779453	-2.4251089603792804	-1.530641939600653	3.4879719783632335	-0.5202149365902704	2.3969052234187562	-1.6053821129706312	1.130643297702833	0.06978472570321807	7.442288252987834	8.676876774266907	10.201067599515284	9.109117105922378	15.143941886824784	-4.541397697148126	25.096430918831963	2.544229387275874	-3.2925941327918484	10.330371227129161	-1.524189959127761	-2.3493452237007624	-3.1498287432750454	5.13363419096322	1.0334663479594808	2.690332429577791	-0.8739211805077638	-0.6617167988914059	-0.8687949246726577	0.26566098330823196	2.376843165685762	2.671825085940057	0.3867912411742195	0.02027216750441953	0.1804200955431472	-2.568138813273276	-0.48021547778741774	-0.27528260005419436	0.10737579482264022	2.329394143756742	2.245358532354376	-0.6768567200025327	-0.7268824346961092	-1.074428361432696	-0.441700171977365	-0.8163792688949476	0.20216722433821702	0.5994993275365934	-0.6034825121735935	-0.2665042211831378	-0.5837335444878781	-0.8788944693177903	1.160703693118148	-0.18594665428297202	-0.3130072402382786	-0.2462887656448995	-0.7909510868406643	-0.64261281194296	0.609995175803041	-0.12574888766579936	-0.03134792865717269	-0.7478816797195796	0.3592153983044737	0.08481199857912317	0.07716601127897303	-0.045865715070425	0.8401407485175129	0.06899240724643305	0.053147839099238744	-0.6907223472934461	0.0385913164671946	0.5054411133601756	0.07850066785532565	1.1319857629559082
DTXSID10379850	-1.4830500472788088	-5.752866379664234	-6.803497118726572	1.6132701399642133	-3.0439517536570895	-0.5799081109055465	-6.608541165955995	-7.970527428156215	-0.9289212861320291	-4.008241605116487	-6.285516867157496	11.942026566666494	-2.7017736022998373	-3.060203976226038	1.092526073106974	-3.178418446735892	-1.782689162742235	-5.337805864308141	0.384340796192107	4.251840757563761	-2.63266960842235	-0.6536898147152972	-2.7052555430531497	1.4255674304989625	-1.9333521513847034	4.781434616600891	2.011499658547711	2.1975464192810885	-3.5700023142911874	-1.0210799035685045	-0.01694449253988456	-0.4076425171363951	-2.6477567902020773	1.0857482011280875	-1.4176078190007004	0.648422412057854	1.6015094253070858	0.4814908789927982	-1.2030347270364166	1.6302046649418604	-2.0241885245871813	1.3616140575871625	-0.23210384014231533	-0.2349113751467375	0.4056328066659121	0.2645198261491974	-0.692464603862957	0.836014085735401	0.6082543479615937	-0.92712503845028	-2.7623298420614035	-0.6798130817137393	1.8960480314795845	0.6841750035116038	1.1470907651989013	-1.7293065216041925	-0.4701105471216375	2.9244736645901184	-0.8111239935595049	0.16795748311516218	0.6048036067072592	-0.6039972338303057	-1.3855703335685061	1.0271093251539851	-0.6375217310532197	1.341253778237102	-1.433101325494596	0.29131128883757446	-0.9838686125470486	1.1168855606516916	-0.7898534571140904	0.4700349123630054	-3.2685861044485156	-0.5308626510422331	0.08381504105021613	-1.1826045334071442	1.351805683722016	0.6518722956320852	0.7497040031534983	0.5229723115686804	0.8055490772278552	1.181537383516379	1.2716503187042005	-1.6273156641011204	1.3880520649150496	-1.0181862203306653	-1.5942683047018615	3.106246747477735	0.08341492094041614	-0.47117064523022295	-2.137481669086031	2.9902366219296166	2.121499346114261	1.2791929600408374	-3.064015789605994	0.14725240955558996	-2.0500518857375387	-1.5364736459122803	1.6004188711912428	-1.2559689354806176
DTXSID1041506	-3.6098875751981394	2.52262695031224	1.642727185645323	-0.059074262465726585	-0.7578871431877228	-1.486040773553828	0.057883582872869946	-0.8130453244380407	-1.2262660404974757	0.5042366322878421	0.16373752946826295	-0.6410276196373693	-1.3234317736516414	-0.00891220335361832	0.1536890537092354	-0.1427930288773793	0.8942750233060413	-0.02567972531736687	1.082309061150994	-0.17404186715352568	0.32911861564546824	0.5755572554182676	-0.1712903938689585	0.5120921475113142	-0.2623649261777573	0.2400014901765463	-0.26960391157194896	0.33419061363406166	-0.24506162000152146	0.39625092663936945	-0.31338227635809546	-0.34509993061142274	0.3234297247437089	-0.09479553582852024	-0.03749871785963942	-0.3051192167283321	-0.28210446472200396	-0.04104085387022092	0.30576600415564736	0.3187676221544056	0.09386435397169703	-0.09285822821501266	-0.2550424632975737	0.0770801038201158	0.08424069330719228	-0.44632010806363526	-0.20685262374141644	-0.4715876786659982	-0.21586757613486732	0.015330188895820131	-0.20694145116805512	-0.5563106815132673	0.32201709744611345	0.5795071503271008	0.3936575427778885	0.6951100871216201	0.012400119024975457	0.1516245068242083	-0.32648886487554585	-0.018320965735342726	-0.04448777964792084	0.49975803227539367	-0.40435498260500125	-0.01854718498531331	-0.247525793848177	0.2461131829915137	-0.09710653342398208	0.099696466728874	-0.3027363693249492	0.2693649558326338	-0.0025728774156853203	0.2238544141303831	0.039380605577069204	0.11605248853418441	0.4570927617368975	-0.21056296844381622	-0.1453673612365665	0.2416861980282932	0.1600293552885827	0.14747535121857358	0.9427523086603048	-0.23010095848888124	0.7126690647675129	-0.3911010753716083	0.07344362294024653	-0.024420942172805393	0.0015020240703510347	-0.11404805649378781	-0.10314743884769438	0.2335320372200921	0.013103931804420443	0.41514628878706167	-0.2261922308412217	-0.07217470676554684	0.08363840073028077	0.012039321765373994	-0.33545598778518587	-0.28365756559135014	-0.3090579810554103	-0.11599883389109056
DTXSID6021749	-2.3301009135617132	-1.5888639589619924	-22.97951592898062	-2.9403862644638044	47.964158253168854	1.8894746902574204	-8.513188782745049	6.98696970143711	-8.800788053244391	-5.138112779906919	0.9554981168599481	0.7892317039122523	7.858819522321382	-12.040354839056583	27.609212719676158	18.404722202114836	7.154951407307638	2.301650194283461	-1.9251844085102991	10.962870139110521	-1.0875752972441104	18.218882123926853	-13.969948147857169	9.910022522527978	8.186180154736483	-12.601018003193483	8.106797106509015	-1.5768056306634037	5.74306994076669	17.12949923665018	17.396281736196936	-14.626495336807825	-2.3375178911493517	7.368047028465935	-10.349186936245797	5.769608143228533	8.517264365353238	10.120362346279528	-12.880073921054667	-4.186536502023373	11.140705687667609	8.248600894178548	-11.828650186417162	7.1760467420743	-1.9729151862429108	2.23739685182134	2.16544708322334	1.9056362876164064	-10.608299962293026	13.550127856639758	-11.301890442392335	-2.321124016856118	14.228162415180181	3.350068112400653	-10.869494112925665	-14.675260605997988	16.82714302797394	1.361264942941256	14.142870281773344	-1.0591397245606204	17.052310336368645	1.4702606690410873	3.279284280368809	7.303271012656175	-0.4375067309331261	8.252329212889663	5.384329858860759	2.1812533960136054	13.216421088266031	-4.487139456593383	0.7559635552834283	5.170346134016604	0.9112882377713534	-2.563826114631301	5.071048926270583	1.9677905609941544	-15.097663126498306	19.944548020274052	2.0464155970418	-10.389307706867443	2.9276594755023764	14.64309474625724	10.306849399152947	18.664482455767004	-6.312498695193607	18.834848787083477	11.860892197596783	-4.550922333109622	-2.378234966711008	-8.191032102182849	-1.7820879350559562	2.5481843400512716	-1.1353567360826515	5.966908988251161	10.868044386250121	3.0452906830037865	6.683120298036938	-12.936852628756462	2.764652973518259	21.351130834974008
DTXSID5026914	-4.575628093359796	4.891811541711924	-1.1363932182843774	-2.546908717229597	5.7404490752695905	0.6611108320535711	0.7249801783805474	-2.0876754112357263	0.0014145477318181355	-0.7470723821878857	-2.6053245885930654	1.8594587714591568	-1.0845476071271507	-0.84529357742627	0.07005512581613718	1.4375303041662855	1.0644359293495822	1.2393080105292191	0.6590446572351447	0.18167780054580038	0.6747940755362057	-0.03676165346013552	-0.9146184450039945	-0.6470469534495312	0.9520545518689599	-0.014165938977162772	-1.4336238577804048	0.6571798953204038	-0.3306845729489786	0.5989138530143545	0.5877243662530427	-0.5822375944095148	0.3524427882729399	-0.985268321543532	0.0724131175292616	0.7935496752519419	-0.13313461769254262	-0.30323427352460053	-0.1614741819964374	0.10674108899810432	-0.0582340436152293	0.10384510966567273	-0.578840359271114	0.704280866194928	-0.6889373304065397	-0.8112061809929814	1.154215957122769	0.18845708459103955	-0.3471424566356681	-0.8016044483039779	0.316061485829928	0.08951388111505487	-0.4350230621857028	0.2206085374764356	-0.12011941781793523	-0.07897914557113686	-0.7726714847345475	-0.045774358840272894	-0.3455206215472869	0.5015684547260552	0.4733283405638466	0.5008053478801786	0.06550442575267422	-0.16695701283563205	-0.004001578519372866	-0.6974160535012741	-0.5436323784379822	0.15579344826644598	-0.7008500855070882	-0.1429804689039995	0.41955740888472665	0.5515775057109997	-0.1530307912903298	0.04757367688668866	-0.0651298166692059	0.34100897787465334	0.4662817575861327	0.6034567774372543	-0.41117328068837733	-0.060376242676428264	-0.064870493338722	0.3704970763272185	-0.27950027757840573	0.19816365642949196	0.27158076967476424	0.2738288893547854	0.31342499957773623	-0.202445850267817	-0.029093473539642742	-0.17730155125109412	-0.19906974911085573	-0.3202627654276727	-0.3834249203423423	-0.08123459021218594	-0.1190847997574359	0.06447927275954916	-0.1651062506599577	0.11493540003647468	-0.07558373331361495	0.020131081371223707
DTXSID9046657	-3.8722804539954416	2.2077421592423208	-5.42013560493893	3.6402610545176928	-3.2830756846240825	2.962821772065615	4.156827460833897	-1.3271256072183688	-2.4411717741730663	-0.7635739812568278	-1.0552904796931746	-1.6767669935704443	1.362738704917404	-0.2403323775469668	-1.8188014150811591	3.2019249353124146	-1.0322139846946443	-1.9756154789633305	-0.860575840909875	-0.10066767024605831	-2.3222197321897915	-0.22748816412762815	0.2955093289217177	-0.7028922734255698	0.08861440262318979	-2.3312518592911626	-0.40866310960251623	-0.057952120702363344	-1.5842326358432377	-1.377771838759558	1.575452775770065	0.6369705115355407	-0.4020218135060228	-0.605024376861271	-0.6961873584175605	0.46141538660651144	0.31814142732623657	0.2252862950630095	-0.32524679348116525	-0.05222819297678117	-0.35742040783569606	0.16735520965987075	0.1276302668356665	0.2151036829965618	0.6938689311401702	0.02713778832198859	-0.9590266511997243	0.25396461552939514	1.4090695670476039	-1.2162878237738288	-0.6697828828626371	0.2070882994935959	-0.43523786966923045	0.19572410187188954	-0.15313379029772622	-0.2671021195608326	-0.5950832750051643	1.2588825507242705	0.33891885222237345	0.8006299501236334	0.026683300650102767	-0.60487511189105	-0.8530758508386945	-2.3165174536477897	-1.471820800087284	2.331749267801536	-1.112840911758779	-0.015989721775873062	3.1845893744839717	0.7790675639732466	-0.49429136487834907	0.7222849443350101	1.2273257949776195	1.4910753716793443	-0.9329657772968155	0.5402628458263966	-0.04415536766776375	-1.1808228280637392	-1.7975503032698488	-1.0245249857808452	0.8929009253891671	-0.8184528314595796	-0.35433987325691474	-0.23175968339113823	-0.15707197070275075	0.1841070664993518	-0.9301006329729932	-0.026670519033491123	0.5226399109376388	-0.9748235680273132	0.23650434560260145	0.07889778930365997	0.32150244787394316	-0.27622114604200565	0.08292114379945655	1.0225170547742548	-0.2642750856467935	-0.3384489034704976	0.7571537613063631	0.8340015051380593
DTXSID4020290	2.2494033176910535	-3.3158125005032804	-1.3631026871028022	-0.20983451202141615	0.004742037845180766	-0.6823642274337942	0.48728357532624367	2.491049493649592	0.10507680739535477	-4.503111213467227	-1.6991309604189293	-2.475940445053771	0.7474932437148164	4.353547351165094	-0.5066744886368318	-1.8857724509609115	-1.577659463949209	0.6563395192475714	2.4232378993312214	-0.25261173221192795	0.8712468526968219	-0.5323067407995744	-1.5874343759896907	-0.43612982797646904	-0.18428681107637584	1.9240493514686237	-0.9207698485568783	0.5696268771870692	1.4329919212859576	-0.5711070804266393	-0.11217770015243572	-0.4582104735490541	-0.5718673532971724	0.0346963248836754	-1.4931084998790085	0.4942893670054794	-0.4122096802597984	0.30862206646889484	0.5914526311447388	-0.36633962187471025	-0.12300967124046314	-0.577253686059052	0.33552276842475365	-0.7884384396440194	0.5757895992399774	-0.5990417329326214	0.26532604633846874	-1.427005787372332	0.7837325445161967	0.31572055044993746	-0.3573702122960428	0.13909893608106638	0.4720610723813866	0.712852147732595	-0.9933784566258661	0.042574630723551485	2.7253420004089963	-0.3989484511047588	0.03288833344873684	2.238033152097003	-0.08559093459715808	-1.9776607690725179	0.5901045181302633	-0.22944230953196518	1.1527443932948709	-0.3534032903793647	-0.04131973167854943	-0.39011414469968075	-0.6316333126359799	-1.2512745148840618	1.0795479983404093	-0.10039723217641627	0.07049455461462721	0.21497727232742428	0.09015161950258278	-0.19882989177322113	0.5584634443659093	0.18872819455036968	-0.17082933454563135	-0.7395585156792871	-0.14804662894676118	0.46504962979719905	0.32477351248102015	0.6635184946194873	-0.814264143223588	-0.059598591315903934	0.20070814416690233	0.02350469086911292	1.1851608501903705	0.4575081997936975	0.3311309473840906	0.4209193868064985	-0.5856074090572828	-0.5409588153363427	0.4731895009216959	0.2984556217595986	0.6080979749340556	-0.1656537764607723	0.522300765184773	-0.2608387816249893
DTXSID2051687	-3.2990167027575215	-0.8597239205681202	2.2528573859876686	-1.192770362381257	-1.165682449612505	0.7064403095176313	-0.64918798427275	-2.097315827926713	-0.5392939090831722	1.1381963239800887	-0.016169449794084016	-0.5184812774929207	2.5572333860529355	0.5922897151716847	-1.2018826009797603	0.5227741243714402	0.3306738009486122	1.4610858616787323	-0.4095234147331413	-0.23189145132244074	0.16236399217788886	-0.04925554029272125	0.09185225118664384	-0.03817767267860116	0.2737466201182834	0.5347657672350329	0.28366581410611647	1.6303023512916222	0.47131216705006473	0.9102902152523624	0.2176121654233989	0.019954457734697735	-0.015635824334704666	1.4259917437209344	0.5359570497613706	0.45986512329802676	0.27176007015192766	0.5152406433896085	-0.1392303429946024	0.7312927599322391	0.3344825540538013	0.9361438896047063	-0.5907786245160723	-0.5450729678547106	0.21956344725457244	0.41013341848369583	0.8719617832905145	-0.1154341550167084	-0.5961841569440992	-0.7314365575384385	-0.22930252834630524	0.49187102849099135	0.8589415580873341	-0.04152546613847633	-0.4128057338960119	0.42893279666659584	0.17628361001853693	0.9302475956132201	-0.3196234737346635	-0.5421868965356504	0.430373529398211	-0.010093757621142048	-0.44134631306920835	0.6538293786327299	-0.26974729824847504	-0.060113679051824916	0.521925529137627	-0.1412247823929732	0.01723054077479981	-0.42025422443970517	-0.22248950112786836	0.5001844197002652	0.18692138957409155	0.43726702472036993	-1.3004414294794306	-0.029937622492561378	0.09045183919004303	-0.26697872227512914	-0.5823906046398691	0.10642491901575064	0.026918915212885818	-0.24254949938162207	0.06499379110657388	-0.5279273120292646	-0.6933311779387819	-0.31385488167233505	0.5724357680017171	-0.0331279315985973	0.0765094028952924	-0.09014047751005155	-0.034719412364840066	0.21148301479964912	0.01613937161441817	0.12453761378249786	-0.41063694049474114	0.4187498201243292	-0.05525721976777041	-0.16369246404932689	-2.9172254246421498e-05	0.1203552113764477
DTXSID2022331	-5.574894563110457	1.8679129250952458	1.7418119793021312	0.7320125431453698	-0.08858215525799144	-0.8126061995713283	1.183630111692074	-1.330018998613479	-0.06249809607555921	-0.6020143857045911	1.2822919329450264	0.050236468903057906	-0.13899682025592425	-0.35176153572149754	0.6604182816996068	0.031875114482673536	-0.3631391765799186	0.6171626771240141	0.5254413031551373	-0.5898523615861948	-0.41683595231782467	0.07628337216601959	-0.6083032576561315	0.6519383035658352	-1.1228390886767805	0.2261313808642786	-0.21439118345795535	-0.5996625948739628	-0.7309294932312564	0.574315012158081	-0.1783570197205804	0.024705520134332686	-0.7651414888532886	-0.5841752202931888	-0.059127442981873904	0.22335426519122573	0.4294250732699231	0.8116963989797072	-0.05560337830168501	-0.15956089490547679	-0.03933343142882404	-0.13513930649103975	-0.019336781370446678	-0.19034170524812002	0.10089059666295813	-0.23912417596690058	0.05125455107177266	0.7580883454764251	0.13574302377114247	-0.2617692983559023	-0.4317010321586205	-0.48099012015320314	0.36920869309531434	-0.1802889437098308	0.002248783914440176	0.7165156939969742	0.17384075986688308	-0.4658960088645735	0.293868669888089	-0.19210644174294803	-0.42736214033119857	-0.0731250452566391	0.7686195281942146	0.19506051958262152	0.32678468234485053	-0.11307848350183004	-0.8496066448487949	0.10295808869232334	-0.154630013050847	0.5984589207940485	0.19334596625471848	-0.7528770203748997	-0.11272273052144201	0.46095224348080227	0.02717520759069137	-0.1882948436126264	-0.3330089367548336	0.2603091239327706	0.11249693344379567	0.6262962203737071	0.0066219677041787816	-0.1081229100914404	0.23683640770433015	-0.49978910608861493	0.08261479939861287	-0.03198043091927875	0.23875117822436628	0.1531767964836963	0.015915371042708907	-0.1968411802038033	0.24879676363233208	-0.010957638136214453	0.1379434720434309	0.12724650882893573	-0.05163507723420079	-0.16886067587685266	0.03735280601688446	-0.13390119599531425	0.00402627552926259	-0.08655408145195326
DTXSID1047651	-3.0597842017857846	3.5640817206588977	-3.11476084029635	-0.8533241358272755	4.179995347924007	0.914409140539531	0.9115418820881831	-2.349084987671363	1.0182982083037728	-0.5453969297607697	0.09992522254205666	1.3646011038304329	-0.5375957975312685	0.3329416581881083	-0.028939327987317576	0.6526463940026576	0.8544959965363093	1.3465285283352961	0.0779658774624255	0.5005541800518386	-0.16457249483949404	0.4731198077588909	-0.38233455473538963	-0.7501308121325116	1.1780625797680189	-0.17114962950521054	-0.3733914161458466	0.820522547518704	-0.5520317008266834	-0.46326856002238537	-0.00251197960838733	-0.7291718245482969	0.7359427178382919	0.18201076004853797	0.007219728779486174	0.13401361013797689	0.2673703249384591	0.3716685612669212	-0.14653205726348106	0.029569807842197936	0.13267386224075267	-0.3240780106049511	-0.5124517707405436	-0.1758780550052556	-0.04424104709462379	-0.7098358248195183	0.16905511993343944	-0.07144430962251729	0.2129896709914447	-0.19882474612928816	-0.2461418871298971	-0.04633067682111957	-0.17231355558828446	-0.12249554423048724	-0.2441853450709695	0.3077832040926306	-0.696519622827742	-0.20697862157230884	-0.3540089528493648	0.13947986697576673	0.14454318016892403	0.16246974089688546	0.17681198107993698	-0.5177525363452998	-0.009551029210409425	-0.3507448556733361	-0.5033683992777143	-0.046025478122554905	-0.48773466381026725	0.13235847977189139	-0.5156073509523572	0.27927718184904166	-0.06418933263158164	0.06886302231195082	-0.47951487213641547	0.18849436098800162	-0.28332796392853377	0.48168478020956207	-0.2207239843190439	-0.08802567254299715	0.2185451841395902	-0.1396176448292698	0.12809009621650355	0.22502149139843525	0.19000804339966898	0.5789072562711585	0.032427400546731024	0.04820224225988123	-0.1561224970043102	-0.031393237501002605	0.25280639848249387	0.23575141439290878	-0.5428112032121002	-0.049806048139186807	-0.0788527525541438	-0.25113501359864143	0.05348343209635505	-0.33177642595459	-0.01928492959614002	-0.11182781626111966
DTXSID2044399	-6.056496976378623	0.07979540084273341	-0.6506855750576427	1.9649522151930736	-0.4881972474525802	-0.300924035808038	-0.8361707022765605	-0.7286466619777505	-0.2252864786162259	0.06828563790132038	-0.37543576424990804	-0.049695501445373616	1.1855533430050225	-0.4382588920012911	-0.9894284261408022	0.014586953907238817	-1.0792565018175075	0.22220475113011245	0.4348212685495496	0.7398920528143993	-0.3273958688207994	0.3872690649649067	0.6462308910128607	-0.5076832947940381	0.12830608365157947	-0.29239150420748006	-0.4098818545524905	0.1601435635123961	0.2843946950119924	0.14947647131284347	0.34960422725608087	0.173796130975119	0.0004566294249000727	0.13482568701814146	0.1372810241895062	0.11700689537122615	0.7122652779189694	0.6533390771113252	0.04868435734977477	-0.1994992215942115	0.025324708794323567	0.09542705766810237	-0.37414020947962406	-0.09483445717535358	0.1763208048922163	-0.4681126980681934	0.04599652038074082	-0.07964098396434141	0.34582095732992624	0.19356929512047003	-0.5280112988465036	-0.05525667131581765	0.35646464470199324	-0.2717797761383411	-0.40139533874157396	0.29313165914697514	-0.12465523459230765	0.37045410720965427	-1.069187623304169	-0.236519207927463	0.1018646100363136	-0.019305358146146145	-0.20922779560445262	0.0686632894289801	-0.0858165455927661	-0.8814547767247691	0.5935149083961382	0.14628250602852585	0.4765227969045663	0.5316492516217386	0.20423545784353475	0.6882371813703422	-0.18133451267707404	0.2957203074098894	-0.6766048398664021	0.052307133155303796	0.5030423922064905	-1.3090518363756458	0.34137588300921345	0.11211878221770498	-0.2647368047210088	-0.5459113277269123	-0.8308827204770486	-0.186512133616433	-0.22019931441247043	0.23148329786540212	0.10180773768884248	-0.20464079139694685	0.3129271057870356	0.26877676984440124	-0.15390586453008176	-0.6027624584463398	-0.382256045987214	0.37968269474407046	-0.06617465982400249	-0.1374517803474466	-0.265805768108554	0.4383170223761572	-0.9496099099449031	0.052425094486437986
DTXSID4027234	-6.6611575117365325	2.84600997204912	-3.1138549157352196	1.5358590167896091	0.4143197659335268	0.7751941567501373	0.8544552820046126	-1.495627510323395	1.0633682991881355	0.28168395316192324	1.5575603430513503	1.3321118876740061	1.1467811975015305	0.9480089237116702	0.0007370962457698058	-0.8165218061378904	0.09257803037365936	-0.031753796552180136	-0.3583467513220831	0.6745174600408842	-0.811111716396467	-0.24252202663285624	0.6085044857077387	-0.8038738928343584	0.040337472310762595	0.2928662000780323	0.3813837620640902	-0.4065658279489783	-0.18256013375477556	-1.9891126088114184	0.495986148591099	1.0429159120984808	-0.30858241215967575	-0.14171735315104042	0.25138561824991307	-0.2589857696640168	0.26224345535739374	0.22366780470143066	-0.27793373456959813	-0.3587677414746508	0.17368212104780506	-0.21196114636444802	0.02656063811628481	0.03850441228613524	0.5683056938647221	-0.6674618733296731	-0.4218420911793263	-0.03879569066304506	-0.01657247240055977	0.7627741327999934	-0.24305162002273947	-0.15524108667911132	-0.6334861198635781	-0.5235969787359979	0.19814227895140554	-1.076353983096038	-0.10043874970275948	0.02217255459474075	-0.7415769019372581	-0.059911990022313164	-0.575170137459816	-0.49811868667805853	0.16677000789573151	0.6853663526808497	-0.1392652406945178	-0.33152565520847305	-0.3964359491979816	0.3154349057789756	-0.021646021144942018	0.5182278198502497	-0.9592568354279953	0.46399618475710735	0.5336499248409652	0.00912583547454252	-0.7195623549293494	0.05403104196204427	0.1755796897308369	0.3741533222842387	-0.9403125762378697	-0.3694537836495209	0.40021698838138864	0.25426293904430275	0.45295728687764125	0.04226209214649509	0.29325107176760346	0.24052602820239238	0.12340056507844761	-0.11719369411374882	-0.07533924142514592	-0.32779799678977706	0.11010595696807254	0.5001328061677944	-0.4795054892052994	-0.16254143505970758	-0.4240131052714144	0.27502736266266514	0.4462774662488442	-0.1464375629502137	-0.5060233356001993	-0.10648044163325021
DTXSID2036299	-5.005805627087949	4.019407037542225	-2.3110233336767294	-1.666357368858477	4.839333393613492	0.6336692929207849	1.6230415213883693	-0.6168707320659113	-0.11674683215641081	-0.7775913789513611	-1.7751334883442231	1.5143391688076138	0.04389387942138638	-0.6118955237285445	0.27283067106558057	0.4876022755427566	1.5470008158181767	-0.5283250709965848	0.14082579662780936	-0.27517037877124695	0.4283246064519201	-0.3621499429729264	-0.011716369814929406	-0.2204138368690491	0.1562606425472179	-0.10017644414064371	-0.5061891618332354	0.4389850680220491	-0.5617810779803687	-0.42383261316424864	-0.06008759815709646	-0.31688593293186174	-0.1562518480105786	0.09290075588134167	0.32073501015398564	0.3835507893427933	-0.4941188326799238	-0.4753937529874355	-0.08127817854158034	0.09299497784569373	0.3083841765479296	0.18973593587369478	-0.44268208893137684	0.35333096673891173	0.2172753357320623	-0.2817028584671226	0.1829674600001924	0.43235282980992146	-0.5060791265784186	0.03869571438542388	0.4992624310627093	0.1849890458613674	0.4919757346821197	0.2529081081172278	0.47637057664096866	0.0946273595628546	-0.39812465259866414	0.339160052328631	0.4032272953582163	0.13898826448145857	-0.4034213621966651	0.5960602219324285	0.1322354778842541	0.06357461108433603	0.4315711337910937	-0.32162865749158553	-0.021764336427413815	0.4958404938037539	-0.4580741332137647	-0.7181336247093035	-0.34785342167610334	-0.08506302160208297	-0.1369183768145822	-0.5715235126996933	0.5802382431376468	-0.04795266310915126	0.023939754816923228	0.7257241915011113	-0.7192278755157336	0.12494885934626221	-0.1356721274756146	0.13106064590359995	0.7122161549404773	0.3298543139500823	-0.4516520473767796	-0.11576437614860628	-0.3295603992948962	0.1549226092322976	-0.39261179965441384	-0.43453403080657027	-0.29880017704034023	-0.2590639521007961	-0.1200544669513174	0.08137051961459754	-0.36320472009153204	-0.15004942524125753	0.1958706284656758	-0.17353700840199152	0.1392420779152388	-0.007862765079690668
DTXSID8046903	6.3195882595765545	-5.745124778042232	-2.223042711998237	4.770075567869609	-1.752412768784727	-1.0842961303071215	1.4686396486790534	4.1334733241250134	4.53778518937013	-1.2847870245636381	-6.157247622976514	-0.03444154368772753	-3.1208564143364543	-3.7696651164786554	0.7619804630458797	-2.823990249638729	-1.7770636379295592	8.619758946006794	0.3004967696215996	-0.1629401880299801	4.9407627431463235	8.236538900074441	4.954547289626097	-3.340965863164423	3.011323753894117	-1.8268607311384588	1.5411771205521694	-0.6127873786243836	-2.29644676449166	-2.4005378830849216	2.888473717768412	5.686327215187409	-3.132609253683413	-0.9038161719911183	-0.3763506777117406	2.1060271728399402	2.6723263442912706	-3.026260491681224	2.8617991338300603	-0.5605944052325585	-1.125381232983692	2.0672744423974336	0.6025303027057906	-0.6731576231835092	-0.039917649315991025	-1.1880156496840253	2.823219818718794	2.2998418449057008	-0.8775723484173158	1.9874901100830837	-1.3276333671894958	1.6901356213405254	3.330017611809759	-0.05232965013477641	-0.8897726900909335	-0.41825185535909754	-3.033986963239951	-1.691282997708665	1.0040237980256652	3.2428435923100487	-0.7104684813594717	-2.9329742194496307	-3.5034267876057674	1.4586203021862618	4.395803395863986	5.676168924730948	-3.1242480750038872	5.932702463327745	-2.4679707117646474	-2.2325340799382687	1.9798788680943942	8.502764250101256	4.932652576619465	-4.045224551006704	7.665989690667482	6.1570144134211136	-5.99353937227732	-4.535089277704522	-4.947166622100239	0.9523068359846805	-1.8187447954461486	-4.38016577344387	-3.5608332532943248	-1.8090704015545176	1.9719458597366557	2.9831852093748052	2.005832993424064	5.116633065436932	2.578441051626686	-2.157121629478028	0.23517516706991476	1.1782472441539764	0.3961221236681482	0.40953573619748845	-0.9034279366965587	-0.811602767506339	0.7430144545284705	1.0713492317711708	1.5708711213039022	-1.623091415948099
DTXSID6044563	-2.5462001813858794	-0.8430708670235155	3.2360962433516245	-0.718705002522661	-1.8023097487046782	0.6082439959128046	0.7585791010155756	-0.7973856497808051	0.6317145677870177	1.3784188754212672	0.09994964138494382	-0.4765773886791686	1.2483129883417914	-1.4672600290418798	0.048376210243078276	-0.24440265958767635	-1.3652737842970195	-0.5660343316905949	0.6488243691563862	0.07428567763962482	-0.6400529041690044	-0.17452968353589962	-0.05558558217718097	-1.5712549684600599	1.1279959476207015	-0.8247870763895822	-0.9142669425373556	-1.2377102953258237	-0.7376724326716909	0.38316291469127994	0.07830864689891867	-0.4572456643774315	-1.3852074021030487	-1.0317301255930331	-0.06833271891450533	1.3247684028741278	1.3491433039449816	1.9099135476888265	-1.013577536386179	-0.37819977661471665	0.6708553523332856	0.9318054157018664	-0.24882690763448514	-0.7644974187893068	-0.419199424536824	0.03292756115680613	-0.4218481435763069	-0.01141119311719004	0.5062276571897473	-0.4639676550370121	-0.6085266794674488	-0.9971068507864439	0.4199767026402788	0.027418120029116953	1.1514704561666491	0.17276636280139074	0.8043550879066288	-0.5465782859826586	-0.42847600220174104	0.23856914774045054	0.16183604208612018	-0.1993009746090605	-0.026475218975450753	0.06926582866603666	0.7198328092798287	-0.12893834741190316	0.3228609598600016	-0.04646031905489324	0.6127763642379825	0.7416282415771719	0.4675343027860938	-1.2395964763305545	-0.7311256105698443	-0.5786689390659745	-0.3579456767051963	0.005830994525536391	0.8039349341886323	-0.32373034920677857	0.610039975297577	0.7951040137197601	-0.09105131358954369	0.7255391197120598	-0.29705561920419243	-0.5331167980666672	0.7258578566134049	0.6441113918830934	0.8325745855587635	1.0645166844671918	0.31732937956730667	0.29235362443147117	0.48084611867643184	-1.0181358660646163	0.0567268828411673	1.1586901148644246	0.06796247750678028	-0.0502536172604198	-0.1266093995888793	0.438208165669535	-0.8730886227213881	-0.3483410824353502
DTXSID1037224	164.07932242123553	-40.265321852643346	-19.029834181147045	180.26565842449833	57.57758485244797	-43.22062749690315	324.2115384581623	57.03492755151334	-75.1604221241255	376.00033921467843	-122.80236217260884	329.5454285062918	74.72569031582351	-26.18638028371077	96.63982822219734	-162.2825977616537	-105.35662162770511	172.93820763618712	212.84549134352363	57.76502459406593	158.5701932178942	-75.48004121373943	-105.36925107329871	27.416877454906754	-62.920765702512355	-104.60129563605146	-57.63768311307048	52.75639736709727	12.045430960140614	46.996436057257604	14.28420860277419	68.4757009405049	-10.719178961019727	42.21158159459223	10.15099420779839	88.70267202894732	-24.002085071713473	63.68464540206199	-48.44504007509569	20.066421971532403	-7.753151026674098	12.62498203497812	-24.9829974584119	-17.905105092044376	-5.907035273865638	-0.2738491803507919	12.111642218713412	-43.36442569039379	-5.1667341847515935	30.07035695015864	-5.2140411705818694	-72.67250143278338	-65.16391770335804	-11.021086447052507	-18.65356241367539	-31.640835867324153	90.49291984111056	11.38236035536256	-135.8587879166253	-49.936184603080136	95.17100425908953	-92.7781595970837	52.580248611541265	9.00280886105677	-80.75983078521283	-258.8367585592332	-22.3552866224984	-101.30073326626042	-82.98374289090734	28.204124503286923	-91.93771570353105	-150.64776947949483	-29.269940940764453	-38.69232783766006	34.364821303139884	51.97169872858151	-156.74439075076774	14.667716188438028	11.076928540342639	-152.8181376525973	165.03998252534748	-144.5501929679189	200.4016953335307	-255.1551644774835	-197.91959197629458	203.28672765762258	-63.60605684603	-90.81797916907644	-23.468966212449992	-60.93862812310762	19.074882492879045	-168.73577760057987	58.035827992928944	-49.15086196457204	9.244429697416843	361.8025138517228	-32.62742577791674	-11.603540157458996	40.12747652053579	157.61852432103765
DTXSID8029868	15.81645527225356	-6.507646982826971	4.790585780665742	1.403583640596364	3.116832382479708	1.0699838731177747	-0.8022811390344711	0.23518664382493193	0.8159965000927545	-4.597868805892465	-3.3769285152592174	-2.1833837548257513	1.6189331417128436	2.0515044834704135	-0.8792612274992907	-0.16348302478595347	0.42005122600841344	1.5293667256801622	-0.21759337628031947	-1.8240145769034215	-0.2594300130183071	0.10811553586665745	0.019568859460380787	-0.22349603737915855	-0.05971394445617043	0.559116222072757	-1.6749551230218775	0.0037910561617487564	-0.4433180196568027	0.4090334363057958	0.2759680647071518	-1.8603345712229822	0.06797053324606578	-1.6058691230198223	-0.36210421652488933	2.2132825604304838	0.8376423609259781	1.8370015386517948	-1.6933260273036654	-1.527494884579657	1.0579200342958424	-0.291541056436691	-0.5139093123628745	-0.8606665419347769	-0.7892774059270655	1.067293906604975	0.12953385284302285	-0.09130468535832514	1.945914754963571	1.1337038114580151	-1.8865464348218497	-1.7365535146636293	-0.30906980218032165	-1.8230184714423152	-0.9712280003311443	-1.222538917787573	-1.4418205098096355	-1.1743919894570258	0.3965168148431563	1.364516299987549	-0.7675615766380993	-1.7015956902596598	1.19284537647668	-0.7205416562765343	0.38311954194219405	0.9837076982476475	-0.07491003240272165	-0.5745050935500147	0.24958192834926876	1.8604844458310936	-1.94999860395553	-0.48543937376352375	-0.1311664411706316	-0.7560575939851948	-0.6704401026581613	-0.26220657512868	1.7417333784731623	0.14285318308498268	-1.5273338896172222	0.32286738846308033	-0.31769641431115103	0.5451446852365477	0.540096217384902	-0.011290898716283347	0.34062404871077906	-1.90273898806933	0.660024169677652	-0.5576558698649263	2.533609871685381	1.2809787194204152	1.0150482746670915	2.125234854138208	-0.4861843810635691	0.33787591340812834	0.33325987935789364	1.5507755010767021	0.8172263967117009	-0.17942423709438127	0.7902450005415534	0.5728637838239944
DTXSID1021584	-5.799569109458259	3.418634905529688	-0.8619490990975608	0.6015378905149453	0.8981542345222594	1.1182279897323375	-0.2960180705560295	-1.6532664961493495	0.07307186348796406	-0.3645755390044992	0.08584059102995768	1.00115978287263	1.4896221685942974	0.5598173590883685	-0.8964791539545484	0.13153547618996314	-1.074229795919442	1.4994469963813768	-0.6765777780540039	0.1536720610496804	-0.7236895598394321	-1.0097393541747441	-1.1059019418036438	-0.5444364422165762	-0.012836791940440724	0.6294470514347749	0.9520900223746237	0.7170268478432029	0.37675550885801434	0.8339983417528969	0.7752720989317045	1.9147707873559692	-0.753693706400658	0.02019948631781127	0.6268379259910184	0.13415026667744734	-0.01923817020322944	-0.214491412760179	-0.7352086180386146	0.022339155469040806	0.16171918813448982	0.926435088157678	0.09005909796157222	-0.7879873904691961	0.44853485875188653	0.31375684879658133	0.8598821965781922	0.5501011610270949	-1.2615302974466174	-0.46050189248557	0.6543927205492637	-0.3340994789348213	-0.13163694868505102	-1.3748874375875546	0.5487808239308084	-1.3308461534814235	0.06959581303838752	0.9458161348938744	-0.4448786616197864	0.519490035413478	1.2569866142879773	-0.42067403390175034	-0.5246727383477569	0.14267851308220691	0.08004873850680487	0.1250856811839722	0.5384109909611834	0.14788487754592144	0.39187299442726636	0.47760189708405626	-0.09151193831796259	0.5327613969926908	-0.01738634892856059	-0.7200101827594076	-0.46773079415882485	0.24897186565240223	-0.3607111692571496	-0.4053497036238774	-0.3306061166588942	0.2639854040619032	0.26535559812356496	0.6282732056353174	-0.36327030298549223	-0.2875146198179735	-0.38627987951054943	0.12065920221543353	0.1279447389657051	-0.4198246631268515	-0.6881144879670266	-0.8952806073537584	-0.7037544275571586	0.2501053251036517	-0.22384427897824116	-0.23337983842731017	-0.1814345921723475	0.6955310602766058	0.8927884448422655	0.2508246821108425	-0.17440465508790584	-0.41978215201781205
DTXSID90190949	3.047925291557925	-8.308303582311556	-9.292270115832935	0.12625841470798135	-2.2712298645468807	-1.5831490905481789	-10.103748263206324	-8.933358837696852	-3.114371699903288	-1.9305513731811141	-9.966506189421919	14.151811013676417	-4.357615745265336	-3.3785387106863394	2.228876416622637	-4.348472443704135	-2.1407934667807633	-6.770145339147297	-0.267520497765982	4.006313472827952	-3.144731596674963	-1.7663461912271223	-4.625248120275758	2.2392503169854163	-1.22438597529898	6.426628490705426	1.7655486948252685	2.8309170122653136	-4.910764929185938	-2.1374652848130697	0.22165124186984542	-0.5893232606999317	-3.0913366099600417	1.9192687147159788	-1.1690820132234647	1.2081760589188177	2.287941768755081	0.9162191851120575	-1.536096292683046	3.0337621000595028	-3.395718901166452	3.040142142525332	0.29788969471513127	-0.7468415908558167	0.1395312116325806	0.8585505808826674	-0.6489167350610962	0.2915869110666027	0.4585515702404077	-1.4756287511255322	-1.9754793650374545	-0.3582535482228208	2.8175344798836353	0.7410363269679862	2.2093961554014503	-1.07253129493394	-1.574728617361817	2.407297537323901	-1.4512726079140363	0.26653787106783045	-0.21271393659346094	-1.6343593419004565	-1.8165389619083079	1.2725515333691655	0.43799339844990964	0.3045422848536724	-2.3710430147574812	0.8139185575120642	-0.570283842047556	1.6308045868434615	-1.5682939582401554	0.24037538579722084	-2.3048761039168992	-1.8927763763570842	-2.372025480345282	-2.707513731393418	0.488964044110712	0.864867665658703	1.6167809113456844	-0.31486682528242055	2.605594198016843	0.5645589215093285	0.27959364128022196	-1.8676038830815003	3.615234440503286	-2.638325813030813	-2.432204747566539	2.347838888377828	-0.12278449865409655	-0.2205784683067357	-2.0873736503405578	4.018824742354023	1.0203502506733304	0.9527216612077916	-5.33068177437982	-0.4375321520569926	-3.177975695558985	-2.4666475070514227	2.7234543202542705	-1.1901321092593744
DTXSID2048876	0.1695480288183733	-1.1405758695647623	0.3246177257525725	1.0532101520592796	0.29147624977268655	-1.372021969301696	0.727473787238058	2.882913921377667	-0.5293463100838001	-5.523165557805271	-3.4783612466910188	-1.803958420901424	0.662590426415991	4.036503040375361	3.5519821328009957	-1.5961301026938044	-1.227012853008632	5.289914142062441	5.096058228601594	0.18376844890351363	-5.565587253906594	-6.642835151660587	6.528428465251745	3.25984863565182	5.112779594920949	-1.5362009167912094	-0.7586002093812125	0.1202184109955286	-0.9556466153056206	1.1832174167730358	0.314029858967928	-0.9208173023918742	-0.9361697117936759	-0.8391313533121059	-0.6992045148926384	-0.013411174646919993	-0.28090072579440434	1.8283775205994166	0.31758996389828115	0.9084260641182742	0.8887403491909837	1.046769787306122	-1.0216781931468724	0.3172745978940065	-0.33385149437221373	-1.1268973375791316	-0.7847845029239822	0.9096340625717361	0.6453706188582162	0.6223423528300787	-0.6302537972464077	0.8105846086662206	0.03107242372091406	-0.6528182096060186	0.9837719950728099	0.3311675033001496	-0.09751564923158676	-0.8306774792851374	-0.052003187765286195	-0.11727283506197139	-0.5653286393001686	-0.8021980797501751	0.8337676092774176	0.22314655070838446	-0.3442580812836171	-0.004027725428988233	0.6512382010958004	0.24755604229822392	0.11322022601598941	0.3174380041831723	-0.06739826208565024	-1.8712629496073754	0.3804161033415425	1.3950339551617226	0.38150895818448705	0.18176985460269235	-0.2095783101918972	0.23098701377852796	1.4796269398342068	0.4833827934585476	-0.16233065971930727	0.4828348170100695	-0.46474088667848557	-0.6802787175755357	0.6048459752509907	0.016480554530036204	0.9413246087027153	1.0211062430004456	0.13837634908324115	-0.20653382292340558	-0.06592106034576505	0.6474814888884939	0.895996802897838	-0.006845216631649199	-0.8680458521057185	0.051319347082912685	-0.7224426282229355	0.14470524011423225	-0.23918581969988825	0.6013092315365322
DTXSID6048751	8.986044047609866	-4.0151142278942435	0.9518255573236765	-1.5860423136875994	0.775624409971053	0.2009442431328106	6.792203203399381	5.97967160657815	-0.7352216877192868	3.7548289525200382	-0.8965315003852089	3.9961097934903718	1.0391499039226817	-0.8618834822729688	5.054242332780146	-2.6661600192432835	-0.02495650798633506	2.665088008943404	5.358099728393306	-0.5958875770675367	-4.513193144989154	-8.578988271676307	6.760416922284993	3.57487355196944	6.57279151718177	1.015244039344318	-0.660257478247633	0.8917094096646335	-1.1523451693756077	0.5405155073676291	1.1077370037225496	1.5447718037134162	-0.9131215013133799	0.917068307422305	0.1496002127365425	0.08554960618936361	-1.9268195379551185	0.6713641922904415	-0.5185054697905409	1.1620682501161201	0.28002048110944916	1.4812650970849768	-0.3662159555755522	0.8419944292774101	0.32502153161856273	0.4547588717676822	-0.4695420220931236	0.2924364930779917	-0.7977044414865444	0.05470950194441292	1.128718011270376	1.0446443264596208	-2.3832632539866716	-0.8507150022479417	1.2401704282140706	-1.1390346466887866	1.4171945273141922	-1.336904362326706	1.923551202461877	-0.6667522985012387	0.4366403955943876	-1.7382955256166202	0.6253506169186727	0.3000284683181981	0.7546216057199172	-3.664140624483413	0.6664226534562874	-0.7117017445254301	-0.2009043620763225	-1.5978453109128958	0.0072654260734003355	-2.0049922649945606	0.49110394896122056	1.8511192768277305	0.9874476206385873	0.01056108039115261	-0.6031849371841372	0.9399648967475521	0.9184360777616661	-0.9165105356255283	2.663993285946835	-1.0592271259381227	0.710083291103295	-4.472531923130134	-1.9421335845458547	2.314077994841274	0.24935066375187162	-1.8474742279951153	0.4239856350325824	-0.7749729392686336	1.42047109993499	-0.6424551810823919	1.3053030417724625	-0.37077565793185124	-0.34216398475650184	2.693766818765845	-1.4646568605861714	-0.30261164368782656	0.33865913966663364	2.921518975291797
DTXSID0021096	-0.24186272372117237	-0.5310062747513323	-1.3061146089021047	-3.2052137550859334	-1.826666065261281	-0.4921723959537913	4.114060377406627	1.895697039727123	-0.17787469261533337	0.9330504011932622	1.1284151397810291	-0.47427225853179894	1.3434775395301082	0.30408652508572004	-1.584192373737142	-0.4245399651234564	-0.568156079251916	-3.415375297036272	1.0770977859737323	0.2707051854513031	-1.8279892325941711	0.4227153329801448	3.359603385552897	-1.2437309819074636	-0.020413836841922644	3.782308513476285	1.1428604234540474	-1.8650215053342407	-1.3236829660217446	1.6349636584002512	3.2492090195452814	-0.5437619659289994	-1.1772537013739797	1.663220167664947	3.0834044363689412	0.6023569452449526	0.006649945179672514	1.7370740888369334	-1.3571238376812593	1.6711303152184662	-2.8860318270971232	-2.1768983205523367	-0.29298848367213054	-1.5235663419303334	-4.849924203371033	-0.12452309092461526	0.8036637136409736	1.8669108415660893	-1.3979364848101306	4.763520797280369	1.319840448200152	0.7523076964793896	2.219889762581902	1.894039513800161	-0.8736599594943517	1.195020196620662	-0.09446472246913004	-1.1503953449745343	0.47768361268291787	3.700902119153836	0.5682985803561273	-0.5508290395336423	0.39294931391604687	-1.3147065384401178	-0.7099011585567737	-1.8877101221943018	-1.7500874234610495	-0.5676458257154624	1.5864154936796766	0.0863470526731034	1.7346925470373682	-0.533058158037008	-0.7991627583081348	-0.2133605915837739	1.045932659538255	1.0584435107961971	-0.3240143519120128	-2.120823662329831	1.7019856024582367	0.9483838805736603	-0.1734074395809631	1.908592397187043	0.586989383239468	0.5502734507007607	-0.23755464882359587	-0.1684328290351525	0.494278094076072	0.10544026438472137	0.17774552020670745	0.28575602170681536	-0.04877201126971786	-0.3708250655344729	-0.12788112911372496	-1.1759348372590164	-0.11800894915117222	0.36983969257108895	-1.2779677186575047	-0.45537782909061736	-0.6337841964461866	0.07312090594529516
DTXSID8040438	14.78869689206803	-3.652798548836192	-9.041567127723079	13.344370900568094	8.36356295130233	-0.7946871760319071	-2.07131776622304	1.3855215030814878	-3.1774820235863563	-8.169374972878812	-5.043550980341575	-3.7467610885453384	3.9695186001549607	5.9520978631407555	-2.217637232133266	1.2955752479581006	0.2391104410715113	0.2774481380440365	-0.5265349929436696	-1.4337795778992446	0.13383073207455787	0.1516833897853634	0.8223876744524945	0.2643371943823574	-1.5016816038142684	-0.6888874779007059	-1.5705306326765611	0.2918890930722715	-0.5895957322245774	-2.435651879037961	2.6403079497338995	-1.7418786010248082	-1.582266352496507	-0.2374113999544839	0.5547347050525147	1.7829101310950564	-0.8730047279626805	1.339801993673519	-0.13392479357852402	-1.8645171307960906	2.088909310301573	0.3471590781898071	-1.750843583310876	-0.44103086546255704	0.39089843298729704	0.6304112590261565	-1.2645564726492662	-0.8743833492664685	2.535499141798065	2.625642407677059	-2.573949967304291	0.5152083856192097	-2.8348361458423907	-0.1076883725086591	-1.983576091608526	-2.1879258531776755	-3.367112051915418	-0.2210220809240715	-0.4757315354538337	0.8124357835084487	-1.4356328157786657	-3.1358310564648595	0.3469747920810323	-1.7784194199975345	1.233186617852542	1.9329754828190941	1.0916146939249955	-1.235762800332913	3.5830771909952137	1.2041110975771947	-1.8562854534677984	-2.8695825874083205	0.766559799436592	-0.36284145067838763	-1.8483701364046423	-0.11656301515642896	1.996564720787094	-2.7758850314723174	-2.1627739325513207	-1.4634691154521426	-2.2268191301909828	-1.2194896426082884	-1.232663196873721	-2.147034787673049	-0.28162573238042543	-2.1630077043714677	-1.3311861151395221	-1.7152498991440857	0.01733226849443954	1.1151330875536303	1.9769677120810323	2.7780936047670415	1.4001341992289547	0.583086162344813	-0.44011911923937974	-0.2430930381235856	-1.4342143820296298	-0.15635521846109057	3.019213295699645	0.8313320214848259
DTXSID9027281	-1.1526136693840596	-3.448633780485156	0.7635525793919206	4.010446424227482	0.17522821142058134	-2.7598869256501697	1.163507639479822	-2.00990483950619	-1.954718014870009	-6.658757438107426	-2.585480246718729	-4.395041486342236	2.248669537452442	7.135302235891026	-2.28269588467389	-0.7700113303772285	-0.9292096692167646	-0.3371894901996306	5.184469220508781	2.3694947413478435	2.9584919792310376	0.4254516252409781	1.620268997660159	-0.7838018382330755	0.6255480837973638	2.0484906024531435	-1.1239957256172084	5.88392575377093	3.7673842661705925	-1.9899942136199809	-0.45682012332155986	0.6806198676486365	-5.132898141258195	6.981621042624071	4.256181909789633	1.921226430303581	13.0951613244341	-1.7928885543052933	-6.505500245636694	-2.0837129881598724	-1.0212109791606314	-4.751310505100298	-1.5051131570344123	9.024215209207222	-3.3266696207521327	3.6713901387134644	-4.787807348006926	5.751618251277325	4.067479626120403	-3.0886769361452364	4.729812395880521	-0.04123059009322902	-5.297099784361836	2.4250936895563218	4.279797474044214	-1.9735577595683202	2.8423566714908914	-1.8609958064353787	0.34483409467312326	1.1024414891850705	-1.1922028196252807	2.675349351246114	2.01602881837617	-0.4475493986467138	1.606666065826011	0.6431056483012733	-0.25048636103743177	-0.5951669905327891	-1.5929027676366563	2.2237758907341356	-1.1176771899967322	1.1459897361609495	-0.7515562914924575	0.4198835699954182	0.36466453139520427	0.2508173639668293	-3.182306993298495	0.036361391064031225	1.6993551949193153	0.8644063896258046	-1.2171676440013135	-0.2078815598895194	0.16078798473126446	0.4568827433212673	-0.8410780248109938	1.5806046192346646	-0.09544223223293927	0.11335046023847395	0.31874001587452594	-0.9377352159131697	-0.8267785858881243	-0.42340581324677673	0.10031718159796128	0.21189181220287565	-0.9090803536351969	0.924834861916257	1.065261198215799	0.40770430819985115	-0.3865539165202392	-0.044999577678800994
DTXSID8037750	-1.9247526812036235	0.0465650434141198	0.4335622715473736	1.6105792943875	0.760695402673806	-0.4769493977781676	0.9859317302394561	-2.744348818454474	1.0169806894603104	-0.7422999037287211	2.540215601693817	0.2721720250714376	0.3590281376138649	0.41475848035138874	0.44998478907359185	0.23776310807027976	0.1731461735992708	0.9302416820203558	0.566282195026182	0.04188785700726653	-0.22089704771101756	1.0523743983757805	-0.5002842211769669	0.4957410670414881	0.3881917874751739	0.1608269163427028	-0.8046090323068386	0.05209770824080623	-0.4244646826315908	0.44546879138675066	-0.45605064204191786	0.47830964274119925	0.0253595201937129	-0.34172463187481716	-0.466015078000256	-0.5528750895651399	0.45230030981556746	0.31471763181327284	0.06372842540053199	-0.6057293021490123	0.2843057620877835	-0.1469576099095294	0.010070026296025674	-0.19882965042322281	0.17571265012436496	-0.27232057020914124	0.2798639347477308	0.47635172862918634	0.03595009156825622	0.6694034887317372	-0.33479719822267984	-0.25555646413291566	0.10362685656986914	-0.36880172127008753	0.40751487219577676	0.3560497839354329	-0.561605950623864	0.050842808397755394	0.27582700996676934	0.9614115879639992	0.432591765122093	-0.11184104252096991	0.6992516202013567	-0.8501875984803773	-0.6808049963430363	-0.7268809601903037	-1.025096382583338	-0.015295683184115684	-0.33039943675961386	0.506663260299894	0.10620883216012734	0.2376676143972795	-0.32629766650041825	0.29856311514888256	0.23102403353128967	-0.4729874599584824	-0.5150218129106183	0.16619796024944777	0.10087735460234315	0.3640649859511962	0.18406481413404746	0.010352471538857322	0.1348766651094732	-0.14164969304002759	-0.30921739590416564	-0.5518369538928776	-0.31905713981652517	0.13848679726497032	0.2527205542784034	-0.1915733743544778	0.272776918503779	0.32565285393337734	-0.1686763166685375	-0.15038699816341014	0.04330644108063082	-0.386724941742132	-0.29093787938991417	-0.2164816080444844	0.32167932927830395	0.00016617716626305786
DTXSID8042399	6.167171298484586	6.666371665212993	0.3753148407652883	0.9316888859393241	1.8509827560002678	0.28539806333748485	-3.1213999683489515	0.13504490497336216	0.18329626630171017	-2.9421836730811965	-0.45953339119183084	-2.2012211619740336	0.8184982981982619	3.298231242680986	1.5977972103984295	-1.1486905498332542	-1.8183468692875413	-1.0609107541022569	3.9680970772899262	1.9567809586388838	0.8409023971629496	-0.560334347307958	-0.5562001101882352	-0.3561902362926249	-0.7875242289845119	-0.5730810178537541	2.193245523808269	1.1860821286987677	1.131400212362893	-0.14805822593957946	0.8630163844407763	0.8840722659447181	-2.229053461307189	-1.8229362267122247	0.7398052612249753	1.1851193290906636	-0.6221320245870371	-0.1488414252243316	0.1348255625054133	-0.650464451095247	0.42334549003164884	0.39425322851805783	-0.23403890341087952	1.3343913969815553	0.5583090701879142	-1.1380691179667999	1.3994763514937527	-0.9788932816054369	-0.19603329473351505	1.1865478813870816	-0.40062166562722584	-0.7553354869193367	-0.8206649924399398	-0.41109822533586005	1.2380461302921155	0.8291898544702161	0.13531754618251604	-1.1841336021786666	-1.2401756916306295	0.09117091730321	0.7334006217057024	-1.201913175025617	-1.4354139207783845	0.14158944257599182	-0.32659769485111934	0.38853040224297725	-0.5138077410341925	-0.4698322506819261	-1.244504143141811	0.2697508337150381	-0.000627228925653175	-0.7159083897595678	-0.6645633714463779	-0.037007784727595514	-0.520826818604598	-1.0827424990134709	2.6599262839895497	-1.8093795940912554	-0.011681435534185375	0.7686860975975871	-1.6773646468804941	-0.5620994316361971	-0.01497943828197272	-1.0555269708011523	0.5288087277618232	0.6276748940385247	-1.3372021160131444	0.4269127636347503	-1.0356722333644854	0.5101302293307436	0.9498124478792187	-0.2886873291310099	0.08041613447300022	-0.032570475455697884	-0.28123559593334796	-0.22650778091301957	0.008227825754636106	-1.0006183859794406	0.7493926576810049	0.17600589736577757
DTXSID6022559	14.326871554262922	-7.091692524077117	-6.952648043335548	5.766996333139665	-0.7610365341657487	-6.739356044238206	-3.460259803697885	5.040854241906229	4.420791135458548	-4.191400210897719	-2.900528062532374	0.3569916724676634	2.367249674821985	-7.192081384119529	-10.478560884219668	8.331774373105457	-7.6684928527959535	0.9465015080810936	7.7330038888784545	1.0570409520802957	-1.992708597880704	0.5252661337317441	0.34133620321737906	-2.6252106284568315	0.9168007653554283	-0.5867228192382762	-3.330009684697699	-6.436905415167423	-0.911612675957641	-1.5129932178140943	-3.0114336129328896	1.3018012984652068	3.71812968875381	4.6725812398947175	-0.10382977098771909	-6.2768386141860715	-3.1435000385872938	6.512922474955751	0.9068245699110283	-4.529204945744006	-8.076468957822025	-1.0067373006654619	7.718516869602824	4.846111212892737	-3.6273890720926083	-6.065915396177409	-4.767476217496459	-1.3606464646297447	0.9949315240443074	-0.619103056935606	-1.3228509628806329	0.21324997692034628	0.46518982601657916	-1.8863769763366067	-3.7902205903140325	-3.1251545983494324	-0.2789626120097507	-2.3378150173893464	3.07630176072233	2.9970551966183896	-3.038748414120492	0.6253039259821205	1.131336600049247	0.6626341950015274	1.5062499019273548	2.537375174311507	0.4263904482567352	0.15036861523590564	2.4876507275595694	2.2556324957665086	-0.3469123172380341	0.05249046850820139	0.7683495545107156	-3.5920754500298244	-2.405024088693552	-1.4580394151145204	-2.7477171837461825	-1.2551062476964767	2.880253831109926	-1.5147092234412172	-1.091702684776229	1.4735300437525594	-2.569029594336498	0.3176181607217998	-3.9031283918086825	0.3419929544407434	-2.0663180025815864	0.4750260930269044	-2.1397962921848492	0.5813321131996809	0.5423725391880749	-0.5222552999532778	-0.18100809762134565	0.60253257739497	1.549944682929878	0.4089750490498112	-0.2911208924618984	1.7095562530376562	-0.8377448975682666	-1.0328257380986812
DTXSID3048603	17.78193968335119	8.195278523928243	-2.0868595817401308	3.0047748440288564	-1.3710050769254007	0.6197991881746495	-3.202275128946801	-2.067843283914545	1.7475832985305564	0.021554696711720694	2.7972910392995147	-0.11956452297506309	1.68863848494157	2.3808263502559326	-1.904729154809818	0.17553293393143243	1.0254638861303076	2.263608670637898	-3.4871490907640283	0.4854478716121804	-0.7075930989837861	-0.612315608774219	-0.43696085217605196	-1.0959386039407446	1.7058862742847167	0.21346486267624545	1.3777244441524072	2.1665390849156436	-0.6254821300002088	-1.275929781608978	-1.4546127248485734	-0.1837789366593328	0.2832200115279971	1.6930678072805392	-0.01730708090677872	-0.42488666522945356	0.6615284614064172	0.5524010571898451	0.3655084456577229	1.4972362498049392	0.23829117527287272	0.4386587165645092	-0.37833480344542947	-1.1841410138294872	0.1151076935991533	-0.5452561512677997	-0.3825740852728806	-0.11416964971843128	0.03306186907901891	0.5383625548812978	-0.611056702409209	1.4074473509360734	-0.2310921297755689	0.08000702896651139	-0.23932308491988644	-0.3472885617689614	0.13159928741344087	-0.9789549859208957	0.8072427935379449	0.1897663978269945	0.08283641763150155	0.5538958375347534	-0.8176368807129595	-0.3285718911446361	-1.5565760896455798	-0.341749630820401	-0.6908821122161452	-0.09435692432889133	-0.0035344368590415056	-0.21112648997735214	-1.505243283947708	0.41183884677786153	0.06564086099392151	0.39523515617958355	-1.4880757418359765	-0.17872506945069722	0.2329547117686367	0.2774357295567402	-0.20913756822999469	-0.03601101982514762	0.583463575685226	-0.6327471493771102	-0.09957378179827857	-0.06061559345023765	-0.9015443720544281	0.6857790261246653	-0.19851900940656783	0.14501507406632097	-0.030683380527969928	-0.30728818336452546	-0.15087085566701813	0.86096225227727	-0.4618972088590747	0.8221306727776493	0.5738914918166225	0.1451171238569412	0.4396688719540474	0.35280779029869763	0.592728923932938	-0.7189520100107042
DTXSID3024289	-3.6273882883771558	-1.4289091641988203	6.913183113583719	-2.735038442285718	1.110741383039904	1.351860925000821	-0.4796571000512941	-1.645353911690983	-1.3967530795889949	1.2851760572441548	-3.4305313380641045	-0.3792746665984168	3.8747226387578406	-2.1114759368623752	-0.5397411123621703	-1.2362830726048861	-0.1486189458191605	-0.6553795659357342	-1.6421858608989102	1.9283925384933978	0.2926947386373845	-0.7519667254593051	1.7901410962036093	-2.09035822630259	0.7479224608912056	-0.2537371392264019	-0.09594943299533318	0.21700117216941592	-0.1896633580279385	-0.6676918171156583	0.488248756424471	-0.9928615885137682	0.30440003201612725	-0.16567163077830957	-0.5107252837285082	0.7380607396579744	0.7223774296165938	-0.8094960507389335	0.7012150938493281	-0.5398719972536798	0.07613012874009795	-0.447429186508772	-0.1266202198075523	-0.6780513680624266	-0.09768151342818408	-0.6203238392818118	-0.2969618217585435	-0.030673818461764684	0.5459504633030174	0.35750593804581327	0.1437885744485304	0.7981887272465763	0.21897651096259668	-0.505473499989581	0.10789425786520582	-0.20582436981945113	0.022966123957941502	-0.2968150267648222	0.08799007751630165	-0.18125307252587958	-0.2716076756638895	-0.057219967232065634	0.10162984265761864	0.5647329864464701	0.17184856351026895	-0.34188464750874376	0.32034840991909863	0.1322676823450061	0.06046300878454267	0.4077532502165446	0.12436805965747165	0.01967612883664641	0.3301548289540333	0.386113736231461	0.06878680727440287	0.19596218115937694	0.008625682295168094	-0.06155263624834339	0.4424128039283053	-0.3576220055834602	-0.004822153627252701	-0.5317822408176632	-0.10492233011922895	-0.22444296279601622	0.4389647809590957	-0.47761508448764595	-0.4563956533423413	-0.7325753943474489	-0.534807497407578	-0.3139482488026033	0.18505078666143818	0.5236195074940384	0.6861872698269801	-0.5350451890577064	0.5653573589930388	0.23316463649693836	0.2526342315087555	-0.2219517534033163	-0.6885657895687315	-0.02941212069971138
DTXSID5047538	2.616119301316008	-2.315170824565469	1.0719978748939243	-1.3922853792781842	2.491249586449544	2.360656849083843	-0.183837816542906	-3.5495967563873894	1.3981679314482525	-0.11470237146816492	2.7431253510250566	1.155347814848641	1.1193813514413398	1.0988923573453167	-1.3822716735436784	0.5687328268467118	0.8139264054178517	1.5391874996843584	-1.2375707497796373	1.510750776611904	-0.004786823979816527	1.1874769028255536	1.463516112062288	-0.041207521451326584	1.333868539964133	-0.15560709941755876	-1.1696709169656934	1.4983588277410624	0.7067425889905049	-0.7965249636558134	-0.26366422482981416	0.12871514166934467	0.6839419168841923	2.098763693203591	0.6776496127470742	-0.9878380644745723	1.1530984429556874	0.2552644076540921	0.1930244682392626	-1.1514686752708656	0.4618866456072196	-0.21309123167328312	-0.3901882496415075	-1.1488182672216438	0.8064224431370107	-0.012603811753896072	0.2379989361463908	0.16683562323480997	-0.1210391589699635	1.394576726720685	-0.3867066185605223	0.5242967417770317	-0.14165406508350195	-1.3692421355180777	-0.6920512361412623	1.4860674672711602	-0.2573899901235597	1.8154158916174092	-0.04551267064467711	0.10260023130618426	0.9477389256188676	-0.05501108166920786	-0.5597031751333967	0.14366490244790495	-1.0052935956103062	-0.5811183195483541	-0.23521609876435173	-0.5461731808438648	-0.0879384087118397	-0.16250408724099671	-1.0464448149907648	0.828917216498788	0.3369345243400072	-0.4072483341101931	-0.6673810150656154	-0.35245241955560214	0.06618608214894386	-0.7235075332031257	0.7370647358400032	0.13116499627349615	-0.4485461502489551	0.2547677927456996	0.5966257057753721	0.040819732735002986	-0.3230525552139016	-0.42119427663827336	-0.010364521291897338	-0.006454420930856368	0.593914709862145	-0.11705667849988777	0.5272159814090486	0.09007521224160239	-0.20434345467278142	-0.17290492477107866	-0.04043437801078525	0.0790104826864717	0.02487687954327764	-0.03215312469918608	-0.19607492188736883	0.464396271537067
DTXSID6045084	-4.341032304851994	-0.7023734099611835	-4.155855434947236	5.189236193157042	3.7203359285541246	-2.113865136667937	-1.5768962534191968	-1.322303920964633	-2.388941188884184	-6.277482165569061	-5.674571361675694	-1.2841966273602912	1.0088337336997302	7.664244417511218	0.5383277562444024	-2.106979106249124	-2.7686144447182697	-1.2454214730432323	4.508525730242266	1.928044089221887	1.7338823170676025	-1.1108445959475033	0.26743559665664873	-3.337673057554863	-2.584678999418051	0.4771526856171334	-0.7321663809866656	3.376619856320441	-2.746690206138739	-3.5155937610707553	4.398629805500531	-0.8575983137331726	0.6433010539180047	-2.597176600982572	0.6964356669067868	1.505807158237139	6.271301230034079	10.144925113970253	8.175756081283701	9.795436552744816	15.141260864976282	-3.235778122784297	24.493764344799807	1.9654761574928417	-3.6615723846506687	10.500493486852074	-1.9816721093203338	-3.0371707197005193	-3.6681934204271744	4.341296787904966	-0.6697096238033533	3.1744452239207215	-1.7673329957209079	-1.7667746100217834	-0.9394715355901591	1.256825091221715	0.3660719740953542	2.1877162577721982	-1.3858683461798695	-1.1641641709040345	-0.42658411642650695	-4.007206238986587	-0.6422654840290132	1.1515141806680362	-0.8413177061540853	2.054627505016185	1.358891165011057	-1.2283075232462721	0.9207684239252372	0.43878839537848435	-0.12242366789882693	0.2486783754791848	-0.7226298813122514	0.021369747426153437	-0.09122528149119781	-0.13296420196507006	0.3880333385725674	-0.03151087660293863	1.2065919774995066	-0.487446342134435	-1.2696765965973924	0.26802228615856694	-0.728897543546335	-0.9018976268822211	-0.2265552900159417	0.39188576865065256	0.10185674052717804	0.2183362729663784	0.04931353311161916	0.37467951247748155	-0.5465777830181415	-0.3990286683358354	1.007740689744923	0.49481248539142664	-0.04700920738159111	-0.2209328569052534	0.6070141710629967	0.23211046518192702	1.0529047392121007	-0.3269450502101094
DTXSID6021581	-4.399904096129225	0.8211338236368616	-2.844812099938205	5.803342297791812	3.1946016593502393	-0.7761819913335755	-0.46770937480857844	-1.9134947035813583	-0.683861176038766	-5.73821363958999	-3.689199552341181	-3.36827165106649	0.9260574243645878	8.57411595990997	-0.8687144532757373	-2.3824153944237803	-2.100542209564113	-0.922061940167417	4.19985036246924	1.328331256737891	0.8989802117062508	-1.2875669631555158	1.597853325168779	-2.038232445002991	-1.9850533682443292	0.0908818647461321	0.11531093181897242	0.35699812452159346	0.09062422855754364	-2.091996466036001	1.6622785664620987	0.05314867128134059	-1.9195089620921026	-0.2317143902015431	-0.5264927344333057	1.3792393101303735	0.034839405741417	2.1770766571657227	-0.8173503621137312	0.4038572326076105	0.42280150372919095	1.2447636212887188	-0.6713545432341926	-1.1390761373510603	0.5790224571573678	-0.6416962107818558	-0.45831606748943354	-1.0509339098808292	-0.029278106125667204	0.20965650247587744	-1.7095886981568187	-0.34205515735779485	-0.4270920017400656	-1.1802262545267752	-0.7736667394502046	0.626013689253407	0.16614431239308325	-0.21511321906661	-1.673645180342917	0.25633247157683253	-0.682181879423237	-1.4240327725311865	0.6562842575838117	0.8089517671020882	0.18773047325017336	0.7073184614912529	-0.03013234357238931	-0.00012993507026637122	0.7345808627037055	0.1935547943152733	-0.8062686818837218	0.061421211424406166	-0.26603437368051197	-0.547161736829553	-0.027371887548644995	0.35054563737812616	0.9853948747659039	-0.19551577764430123	-0.05164006007033468	-0.5689147086745379	-0.23058801249662367	0.3149385673028665	1.1095069102346151	-0.27714607283845416	-0.23998416811936757	0.5122791637728086	0.7795890483660568	-0.23894652824022516	-0.45118742814482976	0.26272838370913365	-0.08368393389174723	0.10432769384375927	0.276631852027925	-0.011076245569472502	0.08797742259562935	0.2943844846680353	0.26340302202773125	-0.31169191461096263	0.1527481612284827	0.11768244984874487
DTXSID9045683	0.8864146573550887	-1.994696417038598	1.703472407690829	-0.8481277020178962	0.3682637365841082	2.441781514353408	-0.7826126118885072	0.768366897718973	-0.4866505415224772	-0.9816478928180838	0.037122547939150145	-0.3833391429198406	1.3005561448814662	0.4266826423491961	-0.3372984590963776	0.5899939249991656	-0.3733843986951842	1.3710458442313167	-1.5865535225354408	-0.368678988189146	-0.758289810532537	-0.4395831382557541	-1.2448302431214922	0.5866820801104727	-0.0163019289175441	-1.0885523683860259	-0.3937506634976776	-1.150889487356011	-0.4341942470573682	0.5838469142193143	0.334624091528263	0.3397760045081	-0.5642970589290675	-0.6857228100509286	-0.1755645541046028	0.12920691331389905	1.163035133549282	1.1494514223527281	0.3184766022683061	0.07497138070851174	-0.2283631532048838	-0.678225557479705	-0.7471907964021686	0.4871330166608379	-0.7016033352818012	-1.0044206518733807	0.9315605982385228	-0.36307214560014667	0.17045862762254094	1.230275541488629	-0.15118114312031394	-1.101578187856699	-1.0624453692822624	1.1217680918021204	-0.4141548836447426	0.3434691666870615	-0.8824769534862889	0.16870166549271914	-0.08089512414416473	-1.765614140058029	-0.2031830371130813	0.678836841813313	0.4702140106442065	1.0328298730794276	-1.0101881272524886	0.2057135410467993	1.1922436861742087	-0.9518672895214942	0.021868740496109873	-0.6742640149602613	0.35502363364589273	0.22859338249670494	-0.9010493890983322	0.3285391621845372	0.029350360073648697	0.6242969020214553	0.17069447293907444	-0.816416333863528	-1.215212093211955	0.4243004947545749	-0.546906644582704	-0.8706662077448633	0.01907003526738699	-0.7740797244882022	0.48291156670578395	-0.5012667361228612	0.05230047200561837	0.44148445202616377	0.5293500567643395	-0.5811920126689619	-0.026975974165526335	-0.8525536829747262	-0.09850295610666875	0.38807463409700593	-0.5714445532135298	0.2070370206138514	-0.5465036243257694	1.2765837963371798	-0.12818761192028708	0.21768207986166896
DTXSID2032558	2.3251476942239075	-2.6236542848075657	1.3962599160724107	-0.5976069511723674	1.410609436416255	1.2902750309047748	0.6333701741373583	-1.6378518877665693	3.3403960437550464	-0.5933147232422513	3.718879429218021	0.5314411911910027	2.509427475053065	0.7569813938166529	0.9256436190989924	-0.8159396224622757	0.05928710696205458	-0.18338223087240693	-0.9272192677493757	-1.703123582172744	-0.16616507716927198	1.0574896317204674	0.08962609848439028	-0.3914711143058351	1.071283709254356	0.36568897461213884	-2.807694502683317	-0.24617066640188273	0.6251619485629216	-1.3360231412256918	0.5828096923808457	0.02743941537027452	0.5390386204834058	1.7713716424388377	-2.7827111213459506	1.1780150996618517	-2.8406532224254377	-1.3640079337450082	0.7940194387737091	1.0518520667825626	-0.5616592777737046	0.36991053739436136	0.7847959891180182	1.034533220338203	-1.5618331976931652	0.9961317888560925	-0.8096819209230975	2.330048684880976	0.4903739888981124	0.8108543108820954	-2.102237952835764	-1.3586934718575476	-0.9689609726664695	0.12306691848629532	3.086199174659398	0.19173553008388433	0.14578522671933355	-0.734859356437154	-0.7939638143726663	-1.6956093709828182	0.7345812111261154	-0.41565480780339986	0.7351257759378529	0.2645157840714715	-0.17999194208494576	-0.26082856939506505	-0.8201833383566985	0.24378736125660116	0.36065113084949274	-0.35816169276877136	0.7389048624461525	0.6936381403927034	0.5069567339014072	0.441269004155848	-0.3957689857312328	0.1291026881252559	-0.046116365230012196	-0.22302266796804673	0.33885721829125076	0.17414164420610642	0.18092433056235843	0.39379245555366776	0.08761078670966069	-0.3189606520600058	-0.3191624531013911	-0.006214321827507896	0.14996624226306265	0.2341101342117072	-0.4442573817470022	-0.17826741806124988	-0.19937735472469656	-0.12756937909241742	-0.21200439433453613	0.12378029511382618	-0.2778765320593098	-0.12461265644994587	0.31501330144249784	0.3431940340702069	-0.08866673077020419	0.32430009919928526
DTXSID7045655	1.684376461663245	-2.818706186249255	-0.8000715520138405	3.4085178590163925	-2.1711532636579727	3.976398471823547	2.3902678726280593	-3.41224490469455	-1.245896076573012	-3.1712860205410354	-2.8213516296403167	-4.356039165443632	1.9093828387771066	3.4042092527526013	-1.2590084802505024	-0.8098322733004077	-0.7544146367906732	-0.004719308341242481	1.168443673190919	0.26284617274402977	0.24744729307240299	-1.805441355974551	0.6742293175681632	-2.609644131464668	0.329345458329288	-1.9650888991175184	-0.14867537847989365	0.20711901040409578	1.2770540267102395	-0.7504500027526143	1.2590053794540663	-2.210213538872715	-1.0811054398445006	0.1437878986404693	0.7752736773120652	0.9626035738769888	0.3084681655624116	1.6970698882961832	-2.0886530683043065	-0.23392096525389192	0.7892433803884346	1.3722581478358937	0.03881997568994323	-1.08562835836815	-0.33702695763462337	0.254195496814685	-0.47752638108861334	-0.6347304722853035	-0.15458030692752064	-0.4418272215327267	-0.6113670932287085	-1.462799113504921	1.2548350929791372	-0.5370103246789659	-0.15850044894961443	1.2434594683337634	-0.41630580237073306	1.4674347962426735	-0.3230476817725352	0.7346345623290754	0.3219686520472431	-1.2414014749091913	-1.2273760349851242	1.1767175564148027	-0.8654659279815536	0.8803972476223919	0.0544115019343227	0.5793087920084898	0.7536228140001566	-0.10942837284603361	-0.8797714358380232	-0.37603632418453187	0.4105768658976059	0.36237718663251106	-0.4334379042029607	-0.0003876553378058757	0.35414158649615324	0.37863574758275786	0.8485426468361773	-0.8058139404187168	0.8907066809449858	-0.9392543424190971	-0.2403113527932254	-0.16857379148330806	-0.35238397576446817	-0.17517653782470752	0.11897887151578078	0.24505742508203002	-0.5201476131586106	0.07212101836239335	0.2806078097100168	-0.6770179531101789	0.425402298053929	0.8123681804665951	-0.30725742283472246	-1.1168864547954533	0.03270398736459871	-0.6142076996380844	-0.49411747112010873	0.09545690869407225
DTXSID0026915	-3.819430906231611	4.715943407569113	-1.7649653744240927	-0.9635200483885551	5.976693844152712	0.07032058830079532	0.6332483978674176	-1.05899444200646	-0.6563992234378929	-0.8296354612393158	-2.872387576772418	2.2074564216077506	-1.0543927228607919	-1.1055170252681021	-0.8616146196583858	2.086490753445388	1.9471316789135238	1.2024520783845871	0.09292014567005621	-0.682224344325163	0.3936082970514262	0.6703669396747011	-0.08779985860855194	-0.34084131990118915	0.5631336402207439	0.13447854599555029	-1.9645443171264456	0.7756943904514618	-0.6774226775558747	0.19515937970476707	0.3864578153439494	-1.5117952961710095	0.5253934491001654	-0.21380098202793282	0.6195941228228519	0.9485476781369615	-0.5292442761800197	0.21130577862571615	-0.4780168142790304	-0.12157108496550299	0.5111967593972281	-0.0662231463135092	-0.9043562176779829	0.19444024949157038	-0.35903956373815893	-0.25936534264122224	0.052666942999077336	0.23775503713360005	0.2603572878772451	-0.7693805400453032	-0.2553409067530044	-0.12763974014311888	-0.35416450767130386	0.23372028364417322	-0.2988743726289128	-0.2166346563231968	-0.769396392749542	0.272517143318671	-0.2063008826734222	0.3986630411563246	0.017879238879874578	-0.12268718518666451	0.03300925466456756	-0.3790506752415261	0.8037956574281047	0.15559028602142888	-0.04219727813081491	0.16147909104621472	0.10924658488192024	-0.13830444908162665	-0.10943740103711892	-0.39821715762212034	0.17940289152694525	0.19246119328867728	-0.8029118495612038	0.5328269739726381	0.19249204034004708	-0.21777672061802572	-0.16042333101393577	0.029488982242742056	-0.5332436367407949	-0.014451700188943751	0.023781055250012523	-0.012607148337123631	0.09221513640802635	0.16382327883195846	-0.37131358564976985	0.14370819103924254	-0.09336583861524805	0.028679562433700536	0.37146917432022	0.2678350538575404	0.17301561498104548	-0.05617241891852738	-0.01109282522875077	0.20319885509366986	-0.18227299057949758	-0.0015998170488741314	-0.08706472250700076	0.17427860625024466
DTXSID0044812	-7.003058599326383	3.20744876759495	-3.431716460548891	2.222137549353569	0.2675765622670741	-0.7995713104089013	1.3386040808975885	0.327249316868473	0.7302111470544347	-0.08585439480298264	0.9611438011113623	1.3320692266480387	1.3618638658863618	0.7432437705566016	0.05193545982169247	-0.23552173333825646	0.9692377675314161	-0.7285434933814884	0.7931971554323148	-1.0095788341102758	-0.7804552408881341	1.1624574164951604	0.4810675152427894	0.744842732052949	-0.3048228167411237	0.5320188689550713	-0.6680202060408444	-0.7218306794698812	-1.0272115131522939	-0.008812088842708657	1.1431384117451677	0.34263085462829845	-0.3348325755981656	-0.3572561911027629	0.425149866006703	0.2820731195865209	0.010320391490241622	0.46303365440633193	-0.03688369283072287	-0.3734059642693806	0.29805278526765777	-0.854334742169546	-0.5082151039185403	0.6393086832034806	0.5699565260647237	-0.16115229690324248	-1.0552413886257872	0.18306862293998086	0.3192361719714078	-0.1953262383488635	-0.25279944193365034	-0.5932628395409488	-0.2717061910000797	-0.4195387431867257	-0.7412164963040502	-1.0452135590862641	-0.48801687490851986	-0.10951706754069145	0.5878451910667286	-0.11304908938742536	-0.7304499248098596	-0.44608598839185426	0.37930384176047455	0.8814779663820426	0.8454888672345391	0.1610721347305997	0.4651739322422511	0.26546128767822885	0.709915452667313	0.6455336374828561	-0.5744309031498398	-1.2725776287158328	1.1232945376399406	0.08853829306211496	-0.8638732934939756	0.2712475184176803	0.7846011041504926	-0.32481289689834203	-0.6571334829055258	-0.2699320469732128	0.5634219683766986	0.09157643300153578	0.31342401176810386	-0.4942567206159897	0.206075821622171	-0.6512950830976381	-0.2548001530593562	0.44902485010562715	-0.13621821144155585	-0.2962369657797439	0.18885486762234202	1.2071014805150133	0.34154942592969817	0.4943504671616795	-0.12462206800884507	0.5018563604877702	-0.22324935117429487	-0.2558844658758806	-0.24829256549988185	0.5713780032959827
DTXSID8045775	17.75821789791136	-1.3610971215785876	1.953908229566165	-0.8702961036903812	1.80619898199376	7.618999977433739	0.8152405521271066	0.2221176115736593	-1.449281114589391	-2.9645472043076224	-1.070870800610388	-6.2639820407468845	0.14590108126332324	2.5867883687003888	0.34717935831634666	1.6737057388358756	-4.164663052792414	-1.7333360741458312	1.3436739259537482	1.0213277855127902	-3.983561805625587	0.8657691423321563	0.565625801874581	1.2803083818758236	-0.03507621416349297	0.3479783422658573	1.6748577671789115	3.8704319249390045	-0.7077708666220878	-5.322269294054407	-0.819684154415906	0.4655520457202406	1.3997960546667954	-2.0562762868957525	-4.224606112798294	2.7046702845569444	0.9437621241526627	0.6007366807284122	-1.5049791764599325	-2.943113664342272	1.6092365052911664	2.1773973465064245	-0.7138593450116796	2.2889855259041862	-1.62604256405421	0.7407781987473908	2.975792500174099	-3.623773637668584	0.1640809089887505	0.8418571821785457	0.5358087025045598	-1.3760254670614842	0.2950980729647791	2.86896941003691	-0.8486138545370392	0.8889391199888642	0.048967341656461875	0.7998492423082966	-2.3786745570922547	-0.8983112494362018	0.09712453141484725	-0.8189163863384219	0.7540709324108401	0.21923730643835881	0.9112754699875725	0.028527910597234203	-0.6042683648259177	0.5779648930934232	0.42000103661254623	1.9830703037040318	0.5311558806786666	-0.8457759470843917	-0.375144535388409	-0.6820817542917597	0.9910029785296085	-0.6567587583129252	2.7234435002713115	-2.3691035712227073	-0.7521983422776067	0.4255723950542555	-0.6984354682925525	-1.1510410320025604	-0.16304970241810404	-1.3686010060517266	0.5875522290290929	0.17631081115166183	-0.950780157906424	-0.9084098542966691	-0.7112889610485089	0.1380215475635948	-0.16479469132663294	0.5065013793026555	0.31341520253828065	-0.6915477693605918	0.7552388663848341	1.6703357304581867	-1.3606154396616112	-0.951093672593339	1.668688951321617	0.32692643257858156
DTXSID9035620	-2.775188231789247	7.1598620783663725	-0.45959565545143183	1.1293408359173824	-2.244723881412029	0.30786913098902063	0.4057018583006445	-0.4360858844135248	-0.023711486769855336	1.3757482919834614	0.15138339803665216	0.796561238699318	1.7401812264393142	0.7015174812611994	0.6132923440943878	-1.081455556754644	-1.1191244159780582	0.6381307022245729	1.038861766115673	1.1572267131035747	0.25444166759381476	-0.8167866624634519	-0.36254168613999066	-0.8462264441911375	-0.727987626549243	-0.1902845155415297	1.357803193956473	0.6626696112589736	0.05150017714200276	0.6838267600930725	0.4101812846168287	0.856118406812384	-0.35801434312481006	0.17321156131412935	-0.5546562097080148	0.5450829643254111	0.2639577618519109	0.18825699814134295	0.12186791889840252	0.6032572049290407	-0.2656182397706391	0.76597297402377	0.11025515575321894	0.02768333334989667	-0.28261198763303197	-0.9815260946664813	-0.007193045344634931	0.5651008507625824	-0.6306477513467271	-1.3417354210162566	0.3800415637258884	-0.5467505465485945	0.0009598571527975563	-0.6094800053748909	0.04345029299412357	0.514742742478971	1.3572434765707366	0.6788134825078729	0.23006940627904576	-0.686085402766259	0.23942968123083935	-0.6338992523155215	0.227515949710861	-0.1644691447071929	-0.7757074913706924	-0.11560742550080096	-0.18607766204510554	-0.8739681688715796	-0.4497323026188851	0.25782584105811296	-0.2811676072890909	0.8712224433666971	0.4806193378152915	0.6834206024323097	-0.39377091028105515	0.5421673152134947	-0.6109247384092285	-0.27993719578755516	-1.4422106524392058	1.084403287064795	-1.187046793909716	0.3858331545299051	0.8215502719513064	2.0321748879428507	-0.4797093898680977	-1.369668675597575	-0.3397195555417918	-0.40264380398037664	-0.938981383108425	1.6049705532026615	-0.38661258444995966	1.9107649879155755	-0.7722530807313907	0.524811676615643	0.3741365600918722	-0.8843874569534572	0.6770872252381952	0.22024141931970154	-1.2353834769519392	-0.3534650833613969
DTXSID4047418	-4.062786432269102	3.038730598917616	-2.4628173520186967	-0.7667270817636667	2.8164127288611183	0.20987850788217435	0.8015703116657132	-0.8568189735661571	1.2364942358680957	-0.3671056615435446	1.2453413360026113	1.1771869070813406	0.1955288864144306	0.6200099196327642	0.5732960061346659	-0.23581410228589955	-0.454802698274989	0.08596902567577784	0.49769257638356773	0.21863432780969114	-0.8928429161975596	0.5973079167674242	-0.5837371173961978	-0.02086714903112898	0.14126341117082253	0.5114871096575985	0.3484531761288185	-0.5328535489120234	-0.9459383826265721	1.1545022537203937	0.8868603271870102	0.6292342170843078	-0.026165192900410892	0.06454408009354287	-0.10956031097716337	0.20384144879442687	0.11792208760108569	0.5850482659318629	0.3749800256640262	-0.3881079334014869	-0.0778596961861421	-0.42320797852420583	0.022851834727583353	-0.40271256906010705	0.6228870422180582	-0.288250857277574	-0.4624151278114454	0.9798971712604185	0.4362351857351864	-1.0390311208834146	0.5640914206030335	-0.4352132644950311	-0.15602677448318927	-0.7551176856439892	-0.381728508003203	-0.36940431386490863	0.3407084631262336	-0.6677978848382502	0.7052229885784561	-0.12307967567942596	0.332200883212358	0.1678938322912037	-0.2209194511493948	0.1104837096326622	0.6666891759403469	-0.49806093988871974	0.6819179288172794	-0.10436005397611306	-0.009433038507017873	0.5764583071751224	-0.03758425193436663	-0.4576362628268436	0.27168719835552696	-0.2814026554984618	0.42849538809695675	0.5962223755144687	0.48876669780311904	0.07339033569526784	0.289676384720159	-0.5682926045127447	0.48053191394515704	0.04683621330601956	-0.040369259433934095	-0.3500557517053165	0.2610196351989487	-0.5639561884379442	0.11567173122686265	0.29721373193194933	-0.4108219358079795	-0.5826586365251992	-0.9817296048720203	0.6195524043899721	-0.5535190202810829	0.24125283501459913	-0.30231581829052195	0.30111580052521025	-0.12510786406777186	-0.29898018497073686	0.59361891507298	0.220231687896516
DTXSID8041797	3.773775383315745	-2.7461390671315935	2.28310784275977	0.07072967307194651	-1.8231552466090692	-1.520795199658895	-0.14536302803637047	-1.7005812026523892	0.45882421638604143	0.07488188550726739	1.1028078934645824	-0.8603300675975565	2.36295331312428	0.04273923661468914	-1.2550306305590726	0.7870769058772603	0.9479041618905464	1.997302874708513	-0.22860156224291908	-0.5131324390114596	0.2647918310763407	0.2753028821776678	-0.1196694673423093	0.39627144214841986	0.5843364845730608	-0.4143481228768226	0.5632279746363752	1.172302157542611	0.3915231593841345	0.8057194925637129	-0.07329223549147384	-0.6362624780625475	-0.3391272933218749	-0.22504067103432168	0.011663054904062446	0.49021053558625777	1.2615437550706665	-0.8507674028903033	-0.6795653670404449	1.2257035098032572	0.3514958558248892	0.3746296932300389	-0.24409932206502	0.8302752825059541	-0.5384339504966394	-0.02659212797538568	0.9152064281572714	-0.2223837259211228	-1.420328992492432	-1.0757856032841415	-1.6850860859077665	1.526255567809386	1.648702246197495	-1.0368316677295049	-1.196994813641838	0.9544737983091995	-0.16457835238176768	-0.7008012462009791	-0.3339402967730816	0.7321409677414576	-0.7609180948557079	0.1362389349575419	0.721377734298685	-0.5880583995771809	0.02665385173948254	-0.5441365898606164	-0.6461067551852431	0.5758103882856143	-0.10116725717385469	0.1343494600930462	0.5502767939014354	-0.5065467867295729	-0.011465015046071983	0.07612565987228674	-0.09179795817033769	-0.6192106401365501	0.21181985742260057	-0.22481346216845183	1.333827121533912	1.0452334037382605	0.21754113214307386	0.5524300317162107	0.7535915299654191	-0.007588060838249773	0.2810973779451937	-0.8727562630040756	0.1963170828591438	-0.2827397339856961	0.9719369568944553	-1.2289459119995267	-0.2017881004947513	-0.23438629734866126	-0.15267474577085677	-0.2466891224651477	-0.5100933218260427	-0.05660879603760084	0.15940850313404178	-0.000342726152017443	-0.15710602269787732	0.12673286477303905
DTXSID6044804	-6.791575707437941	2.440846133153975	-4.786086694085478	3.968730128923401	-0.8581371089362528	0.18996488001118114	1.4473322228650312	0.4768057715890731	-0.4866630488663778	-1.2651594250043499	0.13881557453340773	-0.06176514117084448	1.994802573377601	-0.1313353910526377	-0.04228330996289208	0.06629270155821382	0.3670839870759437	0.15905714213064123	0.17998532108042484	-1.103380741664353	-0.3909209000381843	0.6725558506235301	0.12787202307118684	0.22564708712169418	-0.32246209636019435	-0.05007995804963509	0.06062381145276288	-0.22151495950843192	-0.8287154446692905	0.4965235086828574	0.5993720469783455	-0.28314352653555913	0.578455964235324	0.07569938630029201	-0.3001258120066804	0.026269901263899133	0.40809634339219036	0.5951860986279116	0.32493882941111757	-0.6266111156849806	0.35743920169177623	-0.441335920860991	-0.6165154411413746	0.2293148798539476	0.22484400359008264	-0.15261365080584077	-0.4638975955225548	0.09480174443770341	1.151900240763553	0.08246788055035077	-0.7018551976397334	-0.5995461808373136	-0.6641935184513816	0.20615362240864654	-1.0034168879296186	-0.6601624576943984	-1.3628397076281105	-0.21855368821417812	0.3381233992003893	0.06489781226825031	-0.12828983399917718	-0.11989372342179587	0.05513552532431836	-0.38814846329758845	0.020528060970090363	-0.06436682131702397	0.3627083715594978	-0.22332883795406464	0.9732181231173724	0.9501236711558393	-0.43016460458684186	-0.6774781498411828	-0.11996280730283347	-0.13558462671953633	0.01512056403743961	0.2793201187947965	-0.22768437139968084	-0.40558152948646325	-1.3856725979490723	-0.381223195745281	-0.3540827960189493	-0.788761181653178	-0.02028857511247955	0.003960451566942261	0.07957138479137563	-0.8098743998379181	-0.21962151902489538	-0.41555574915725313	0.22226876117259176	0.055628765082409874	0.8816038613540209	0.9704066361734625	0.25317120343697075	0.5010138604464787	-0.17930647698415686	0.3505896221600092	-0.43714025114788646	0.14797855841228957	0.15861929292794913	0.6751707963252535
DTXSID4021478	4.894693726659468	11.78687952652	3.3312061826857486	-1.4769008071307559	-2.1179528417394713	-0.6325118859492993	-2.3136833186012886	2.110746646656672	-0.346232670238949	0.4922060475496375	-0.2299387882975229	-0.8549586145078951	-2.3999776831810196	-0.13612546119746854	2.873563745726702	-0.5539605337883265	1.4045698448777504	-2.0918168535327446	2.5260779706894585	0.6889126386602251	2.896372015936883	-0.4782761443968371	-0.4115585929403473	-1.0280211048790457	0.905314060748698	-1.615253583707926	-1.7391072288630138	-1.148223348835595	-0.019356430778891355	0.1704905800980114	0.33410671926948615	0.7114159309430469	0.2053306453295867	0.681285514430812	-0.10815746690616725	-0.8568703722551892	-0.1153549173329421	0.6017828444278246	0.3250071074133429	-1.1901144546840035	-0.2745362807396941	-0.6221857106913108	-0.0481555875770901	-0.12693319281022436	0.4906253639970096	0.7180750226846164	0.9141155181940682	0.9860644858042973	1.0864299072954446	0.822498024771006	0.22279694991031523	0.7620533957623252	0.3922015575963401	0.055783012987667496	0.22929352930198865	-1.1726689524980274	-0.5269477773741549	0.44549208416604397	-0.9516134453615589	-0.11669255285105354	0.10538131471665609	-0.18277273452401366	0.3850868781446379	-0.33702906743869515	-0.11646251435432091	-0.5765844695232435	0.020004004587006356	0.44519396168792663	0.21368693095562405	-0.13898076016017405	0.2742750075619984	0.4450363700158559	0.08058479870428166	-0.1560403695870905	0.4831067070408939	-0.34704518846844257	0.400665009486204	-0.3659120693360721	0.08354992850425597	-0.07472044876316905	0.3566630659305289	0.1929663052242883	-0.0736958941788186	-0.0781144656611211	0.06656487057281575	-0.2049037931447156	0.03912073993195357	-0.11147721382625302	0.021199174083347802	-0.10393771814084042	-0.307777292874901	0.03972506986120091	-0.36735175037688933	-0.3058769608141887	0.17709923828830135	-0.27335546007047234	-0.201137435826905	-0.14182261158969459	-0.19708756390580032	-0.08949970381293212
DTXSID5047904	11.19153591777678	2.3928438706796498	-4.547055902066435	-6.424281244026175	14.33647366028036	0.6617887310424647	-1.5718776203637796	-4.248079200085224	1.3933544253478802	-2.726250557586737	-6.143688570662824	6.07960706657172	-6.555913684708589	-3.7963793154549506	0.8023228963178685	2.7973967510494044	3.7326137373582604	-1.240116095556086	-0.3137543987217124	-0.14895597213971096	2.0003069302411793	0.07511362363708195	0.49606154485956333	0.0660026037016825	1.4600359559384695	1.1021604693161715	0.3126213655270644	-0.07856489599371982	2.6020264661688546	2.391907987068562	-2.039339232418858	-0.3910454725459939	1.051196461592934	-1.6439625935491229	-2.208329487210158	1.8103369049424052	0.930279416742615	-0.32767282729939473	1.1350428395195749	1.3949265704391252	-1.2046685500074503	0.4447368974433641	-0.4308119321013508	1.7723496506093503	-0.7119368648339199	-0.3000757064677758	1.8152208640281817	0.33989939910193756	0.9807143697705114	-1.675059749305585	-0.019698958970523418	0.6608015212350872	1.4436426759757832	2.640434065789996	0.29287562776290027	1.6936552089643686	0.24516568274572145	-2.026625489162831	-0.7579051696693713	2.38217433216016	1.6843125892007738	-0.03937541669702248	2.7524630606385556	1.0601569185712487	-1.4447609555066716	-0.922346314086662	1.9841149210046247	1.6598844110675266	0.7685115611402273	0.8374736401265546	-2.064251928435548	1.9038059848614177	0.058855838702504534	-0.4886176466458805	-0.7136598036289981	-0.8291131268511112	-0.6206594299102094	-0.25940175894764533	0.5630005996016386	0.04696574191441831	1.2486556138260139	1.4496469072956435	-2.24564378432905	-0.4896447738067131	-1.1244662933939171	0.21273257799599063	0.3073123135322306	-2.3018620924994724	1.5195153260147092	0.08734858062735629	-0.520949010773335	-0.3377192394616458	-0.21489911782789242	-0.00861686100699857	1.3013748083100143	-0.15423512277398405	-0.9479368124876028	1.1069290905415008	-0.5613075641617862	-1.2545322983452294
DTXSID3020540	-2.901695715568131	-2.756860337419244	3.0617215189370612	0.13261831384064107	0.03184961385417878	1.1122006461539549	-0.46530935321020683	-2.322868139616748	0.7182687168126016	0.1863618023811854	2.832267035396548	0.6398995531367677	1.8980541673899962	-0.9620845273652359	-0.10117399557854359	1.3476075861572334	0.09836175231774086	0.2739180833483524	0.9385346576361907	-0.12388936581066579	0.8846784070999962	-0.2992302510007272	1.0059924256653718	-0.5855503640334976	-0.6475848546592798	0.026319429254494483	-1.7274566913971667	0.2005599341327468	-0.3710897254328769	0.42637490704401954	0.05679009320199858	-0.31272531978500717	-1.757974317755093	0.643376063404972	0.27224836080886317	0.81711815010182	1.0821091923647885	0.24740451350650217	-0.18009872417055578	-0.7028164526879017	1.2845464335717658	2.7457554662640646	-0.2795006874382453	-0.5296438368123578	0.20243768106047522	0.44994497433691266	0.011298328093365216	1.1451822888013126	-0.3786786631931311	-0.0036433044195582362	-1.0332524890056978	1.5318476318519663	-0.12040670416912291	-0.9967199208232059	0.5232427415499312	0.9007857706533767	0.10810479211291295	0.5475951951258333	-0.5410268038418141	0.8313705496943965	0.0019459659027177586	0.013638644721391908	-0.5445541457925696	-0.5174530980844679	-0.27046456083437664	-1.1162895968179263	-0.6006213895777713	0.4075651984449355	0.7104081314553604	0.3133455845760224	0.10639675665518838	-0.1528151953004515	-0.2782133352632762	0.6062612918348478	-0.32057729864024503	0.25337684432941543	-0.3353944566345639	-0.6378218911016788	0.4938691757929233	0.5321148322200552	-0.7092062112356519	0.6265116081026672	-0.1097150571615041	-0.3831780261429623	-0.3885348198057789	0.018892489007352103	-0.020774360802278142	-0.29861735152967567	0.1265233888308265	0.041246097381996125	-0.19418673516701757	0.02247515533445945	-0.5123826324675447	-0.9107397471104721	0.34969714481429437	-0.18084862819979058	0.20825129618568058	-0.2485800885119456	0.11772151982925823	0.31019491329923166
DTXSID3041873	-0.11193824334388942	-0.09647918197661585	-3.915981262926146	-1.7091667962579964	-0.029729218011538716	-0.901540154385609	2.680461572934351	5.746190859667375	0.11096852153226472	-4.215305432516469	0.04285735841561193	1.1283900535291664	-0.44320038909184334	-1.24463613765375	-0.2585325743247737	-0.06701616200768395	-0.7210398392017932	0.7139337439123427	-1.1851425886091314	-0.7409772603056528	0.8414087571427636	-2.388974391734232	-1.8527891666559904	-0.9797396642262154	-1.5242243306301917	1.7573447352329243	0.7928757702942972	1.8373166009491155	-0.31394547515427756	0.19298645569942924	-0.27774457293336013	-0.758324582172401	-0.6494842844926679	0.658176589891792	-0.8356078744995403	-0.23908526927414384	1.084753095238408	-0.7071815976066237	2.8895433314421703	-1.1698955431241436	-0.7624661777710657	-0.38680536715319974	0.7553905956595486	-1.4623963910590478	0.3512826201909772	-1.1023083545362724	0.6699552894716556	-0.18049788746356102	1.546716954204488	0.10722781537099836	0.06071942370708179	0.4862348244525379	-0.07376059637790103	0.5707486986234892	-0.5289126079919297	-0.3492415055016382	1.9643052931874947	0.41948674125172997	0.7642317287295726	0.8080847379353581	-0.20845859459722016	-0.5638308431690622	0.941832197147791	-0.08255091783622723	1.155148098446505	0.11199918281088128	0.037241772331437745	0.254798126004573	-0.794052296912345	-0.4148570894357091	0.2525286027004447	-0.3618107219366487	0.3060681325524461	0.20071280893369572	-0.47400050907915664	-0.5894081327831511	-0.0847539232372413	0.15697449555504847	0.5949576238937997	-0.3042532405206755	0.049928182425594644	-0.911673980342777	0.18963624678064922	0.16141848772719813	-0.15155519890917407	0.05279495475834095	-0.03476510003770779	0.48883121647810596	-0.11749379873690077	0.5294108448847505	0.42992716127923675	-0.3868421650938713	0.025426732815492587	-0.21368426940537844	-0.551875815314162	-0.3950918453461772	0.1094030094738398	0.19000744942423337	0.11390955842938948	0.054757314876250886
DTXSID1021615	-5.6770062412268825	0.1616594298144179	-14.139386452862473	-0.7518711727887059	22.296799169034816	-0.30414597549727124	-4.437191526191489	2.8426135745973244	-4.352808305746148	-3.094916158009115	0.6901213311285813	0.07958295776164254	3.7124460515143363	-6.260923974515059	12.617996752294204	7.910942651493566	1.2669110521441818	1.6197635642133648	-0.42781564895001206	6.7608991168726975	-0.5796708907604112	9.172485117365111	-8.166388248297219	4.410503857441509	3.942412901357407	-6.637530787733401	2.2458089441408675	0.2715002753734466	0.5364641860616174	9.265551028701191	9.618982626831354	-8.002013261619531	0.0820762621302082	4.109681508934546	-4.614925106412748	2.8069904650027437	4.019216026673406	5.47721381206979	-6.635021944969576	-1.9170197193940468	5.918651079894516	3.6349435874360463	-6.7816700180110985	3.477208345882084	-1.550499613120307	0.6310572689059624	0.64721292040864	0.47239748013957245	-5.10228494756303	6.712872988847227	-5.7690832256255975	-1.0476398229918888	6.873542537462594	1.039182848682631	-5.7892058325131	-9.084532105763891	7.926594305034904	1.0441587087389885	7.313417979116165	-1.4004250421300564	8.782873233175135	1.7649321553583517	0.3654970532583417	3.006966271913749	0.8732713839110363	3.4590586375833903	0.3456730764728282	1.0682146912902573	6.7141307251758455	-2.6553411768847095	0.9065667912222692	1.8968253965585666	0.6882132096540742	-0.2403126679806768	2.806880821640771	0.8423408737358815	-8.026882374402874	10.36892326142035	0.4775813638137239	-4.820055793112294	1.0512448147896665	7.614009343690001	5.56091632817262	9.023668737179909	-2.8634080862569444	8.908529100406891	6.329998728281307	-2.000994969540305	-1.1350874652091525	-4.858609336579073	-1.5911392997091967	1.5898228014967055	-0.8951531189054586	3.1198157171951215	6.796111968688844	1.801588978593805	2.9063780719663055	-5.673438191731065	0.6781598641543605	11.582640425152682
DTXSID0048183	3.1294275640554896	-1.3095653909283294	3.4585185270785557	2.764996304697906	-0.35637393204516693	-0.8213222731880079	2.510923413394674	-2.0829336213749565	-1.0730561574022581	0.7997964357606839	3.203870360644525	-1.1954893346060074	-1.7093009828930654	0.1430008528957811	-0.48415043812155256	2.024248201217272	-0.573037706023191	-0.4385577617583633	-0.36010478398346885	2.0882415660767597	-2.2620722202542494	1.943135133058266	0.7980856962158771	-0.2785309281506573	1.031347915049271	-0.7511198096136872	-0.5961365388167504	0.24910731684271353	0.6096153125865856	-0.43361742179231294	-0.7134460037027613	-2.914072719099142	-1.7441916328804448	-0.6903323496667798	1.6521189302664576	-3.3787660336468215	0.7987208916441498	0.00818883071659024	3.7661708074231734	2.12367263920863	-4.22096005804992	1.7093960467895424	-1.345900658130229	0.7461925546909506	1.4257164766171884	4.486027604217188	0.8851436633669374	-1.2610893017939004	-1.223352748564062	1.9875879269918855	-0.20907713648170967	-1.7874110091180397	-0.3957882867797087	-1.6642987484579914	-0.7360866704359935	-0.7216822415609383	0.7131555634774521	0.2112706543622739	0.13768608689819062	-0.7252997417380805	-0.41056970457683556	-0.667254589480174	0.8213746766066808	-0.32111369337610335	-0.053129343560178705	-0.10088541795102474	0.49945500597402215	0.6260989844751151	-0.49691969156059934	-0.7688112764609978	-0.8525334511723527	1.130953047335083	-1.4630409591031635	-0.38308463661177383	-0.4706692716035034	1.2654727233778913	0.3470014508974158	0.2761744659175136	-0.186901750416793	0.25836527985674523	-0.813052992432516	-0.2586199870221745	0.1328476488640844	0.3366623411246319	-0.2876347100486862	0.07099247849415043	-0.7913276535706781	0.3746245486977404	0.10775843438603001	0.15046103072287742	0.6381186181698921	0.17232704393765844	0.6635103293146309	-0.20705087715123122	0.08815188339816923	0.1994453904944636	0.15397142061342953	-0.4859545958482534	0.2750437171618723	0.32444776904858874
DTXSID7021289	-4.106951739717846	1.2812935916911206	-3.859485180509497	-2.475316462953094	1.2680187354429888	-1.1132105812935644	0.34325204251741	1.028224747708606	-1.3487778366856165	1.3131569779576757	0.5526694147828077	-1.1321427300764155	0.8990120072774419	0.5771069686768835	1.052417060365627	-1.3956241551427955	-1.1647956588854218	0.24401134233745533	-0.3559222853106108	-1.246335301793952	0.0047722439324025855	-0.23383047434950177	-1.6020869928987296	0.7263397154517977	-0.4321340917228541	1.7649335068358059	-0.8885718069414028	-0.10072237247372122	0.49486863809477044	1.1930524236228564	0.5097484705837445	-0.38069996092192493	-0.23579934147257645	0.8547489995106514	-0.0928287945061855	-0.28572914649087566	0.5564740050123448	-0.3475942536960966	0.8584577460483632	-0.013828030303975636	-0.2343654925391453	-0.6621895592180543	0.1677597045466764	-0.41007060861632944	0.7627186280710715	-0.6626181544299576	-0.1266604975072113	-0.84999415778047	0.2093848652232138	-0.7895649698199256	0.7973744114537332	-0.34869732947600307	0.7092386721670898	0.08273264773180754	-0.23778156990449892	-0.2728913114587475	1.274624611198571	-0.0033112937932143816	-0.6933104854941741	1.709238141769208	-0.7591128787269772	-1.244860276153868	-0.4030065525548586	-0.5629868984469717	0.29338873237038987	0.5131237627302345	-0.16748224667220246	1.0647071284004526	-0.5118177110743207	-2.026242845688568	-0.2335102126448888	-1.3903133097977194	0.002148607046952428	1.1049011431617615	-0.0506409579607078	-1.3182201537652387	-0.3108902295189061	-0.20063966654442988	0.5131156657752023	-0.521156147856813	-0.16611599491048865	-0.6313645532047722	0.21596124535721087	-0.11362567510736835	-0.8390616351822164	0.2893681438811083	0.9254842082029316	-0.4184942298461703	0.017065043668131233	0.2889721037588198	0.12225276401662749	0.8639683291613631	0.20547674647357567	0.40302633502447216	-0.2601087732690098	-1.2750757411038853	0.03451202901100775	-0.30598346182570774	-0.2128880487138197	0.3609806708751598
DTXSID4051536	-7.453289329680554	4.737162345878723	-1.741139166517565	1.5590548268274012	-0.9305665615846983	-1.2503501484549002	0.5750247691125717	0.06718514725329962	0.35933511215119873	-0.5394145452553127	0.3775798873292699	0.6739196050643421	0.2404574514143456	0.6723829976553323	1.538264693913566	-0.10262691991514787	0.9089340905628346	-0.5981721676507704	1.7341179089648504	-0.8124576400200134	0.46866274060113755	0.6178079039270419	-1.036315057413728	-0.22240597922797536	0.6386844121900809	-1.034108637450802	-1.5537262289530778	-2.456080977692055	-0.5587469294479323	0.35753850132057174	1.3934048747211296	0.05874213038575266	0.2876504495040055	0.3245919768647157	0.09092855905723712	0.003325664951729409	0.15266783496293448	1.5131033099703242	-0.2932015203544219	-2.016925232949307	-0.2084472200962755	-1.444313329494552	0.07146083643295154	-0.5388778934802376	0.5160156353556571	1.3996025751879204	1.4202468196417557	1.3703224091540573	1.6720279166945742	-1.396495173964947	-0.18422287456167738	0.7804499381415847	0.7611433926470892	-0.3828922113500662	-1.4632260210889099	-2.174196834005354	-1.067692368064305	0.344910094668962	-1.532160313703482	-0.541162292724026	-0.3824357792852493	0.06610120640434006	2.104781537546317	-0.17679826139863214	0.9722331003746036	0.14414655650367977	-0.12061394877853272	-0.171546237953163	1.668720789782594	0.08424337170613239	0.2766163293142596	-1.0406093259266083	0.3452501099634134	-0.07187315222458678	-0.021062718246288824	-0.0328527166696916	0.13667298381795637	-0.7176811089652007	-0.35200656237637246	0.012598547803786978	0.10832220275417671	-0.5608811832021992	0.2961359856021716	-0.31509773272295644	-0.14158905174805747	-0.3819994313368901	-0.10299916905767698	0.31915284419330403	0.09926778433125695	0.001279677768185362	0.8583450201667429	1.0358624668962693	0.44418826049531834	-0.23045574363123858	-0.19606430785095386	0.44323527453934214	-0.15145528185311724	0.8371206252365337	0.26296379777409823	-0.16897467151578424
DTXSID1029120	-4.492107854372554	-1.9113956656402724	5.692578305593093	2.6735505421335053	0.9400033468060067	-1.502525239951569	0.5655676038940298	-1.0241587570093182	-1.967034893438142	0.4726177048333978	0.7649275459066283	-0.18760365918338162	-0.9111294048765511	-1.2834341760696115	-0.3140474461511099	0.906410497613447	0.34239166423148293	-0.4848264962014352	-1.008529141545754	-0.036271354222248704	-0.29240358432621794	-0.6474518854042945	-0.2724274826176397	-0.16089984436250931	0.23963314613582232	-0.5226211270935953	-0.0811998323735076	-0.013852705831565474	-0.15650998628390572	-0.7460151881551633	-0.021931323465783276	0.5202699392627135	-0.47606221411644956	0.48279399499701875	0.33414565606205826	0.10973802131978706	0.0957310195696397	-0.15369544192471396	-0.1681673461603559	-0.2587631467724422	0.16325109402819402	0.5849664697132684	0.1574543576904898	-0.9862312235805971	0.1451736367107143	-0.13405622324303706	-0.32591189433877543	0.29098569870625685	-0.5604475994867406	0.5751576917861657	0.38924005567793407	-0.1135312946169725	-0.04544523200895722	-0.8185021548452501	-0.2903737381302607	-0.21414633516046389	0.004276809492740052	0.7529844934730993	-0.7905396108301505	-0.2843158861223047	0.43588589164546815	-0.4093780784646362	-0.4495024318418163	0.08045435891400304	0.06298539591183783	0.586428184730292	0.5174274908811263	0.45099179781032844	0.6090026446278194	-0.4717205732862281	-0.13770334615932964	-0.021539694945329754	-0.05724071209123082	-0.5443476352146923	0.32725976106630356	0.3182809547576605	0.35052700829366273	-0.3357091877029564	0.4101448750756	0.2121933817216275	0.17506602767765087	0.7007324459672492	-0.33378397441851826	-0.013831009660313533	-0.12118166021206998	0.10416771105721107	-0.5381246051807105	0.1646689420194929	0.2994359015880165	0.7212420262538766	-0.16776663128612895	-0.18662859507790283	0.3603695834468781	0.14174699104735136	0.15511586952785703	0.48893982819323367	0.36632810628521006	-0.0408612856864675	-0.15681573843742813	0.07624568629640427
DTXSID9025740	-4.500011316811755	-0.47225155736691915	-2.632861388054728	3.0473479699279964	-2.926765896107398	0.7854298355360623	0.479934848397428	-1.605079168245857	6.438777416664089	2.6262221418862652	-4.682185475142404	-4.247589173522945	-0.2794546484986156	-0.13622753356801817	1.96597373885698	0.10321245038550485	1.0062865793644864	1.3132524371949499	-1.1690076798152054	1.4295137253424026	-0.22806662157756674	0.20282728694427973	-0.3351140979353087	0.09856955316561757	-0.10436846910833102	0.883627519778921	-0.18489284714659415	0.0637827791498462	-0.122474511840671	0.002999581622363896	0.3613069829230209	0.1453368960628532	-0.16644211344117882	0.22709297227608224	0.07751627947101512	0.05276185589929728	0.5348163574633418	0.3291176476888144	0.07241382051356147	-0.4502873766978968	0.2657633148375128	0.3471280013570463	-0.18334728914268425	-0.25835318705507204	0.1933634517864836	0.17638417886331986	0.5331684291721515	-0.19851499054075344	-0.018181146969817708	0.2938189492077483	0.04183009813451441	-0.03358567445245201	-0.03722360997828437	0.5112820413354512	0.2711719430147245	0.22066793813607294	0.32310526607991147	0.23053671623206282	-0.06219648560418257	0.15473650057918265	0.47950907760746486	0.1669972350390582	-0.4361193497935806	-0.059375030293800424	0.05948824481217906	-0.614594623432155	-0.5603111240727512	-0.09165777972466417	0.7096316987594768	-0.17394984649372047	-0.4102447609387911	-0.29252496021578034	0.3078838648658444	-0.2803415799434031	-0.3063073257243771	0.18363220304881536	-0.03823971862078935	0.004340674699620057	0.34149187480732107	0.17746979992102987	0.06581830154726621	-0.11777922476776057	-0.3178225787664026	0.0006595191966955586	-0.23235653501492137	-0.026562873850555457	0.5375809095366421	0.1600826099537704	-0.1668263041178755	0.06710665221389905	0.02966916805662127	0.38601079262101134	-0.07398935001966778	0.3694141280559967	-0.2566746643240635	0.10478105197015286	0.25679936732289316	0.0025199617866158417	-0.1332807567922155	0.2516987198988417
DTXSID3059927	-2.8293283921897348	-2.1602830478705157	-5.288034468324848	4.2278127794071185	-0.8437280420614882	-1.9114952379088637	-4.213015252576297	-3.6298126103796298	-1.6404235813286383	-2.6691182689391155	-5.452374434830186	8.90314566839912	-0.6043089859648956	-2.1017545891292606	-0.5671183650596923	-0.9498055551228125	0.4825238684434078	-3.684160209688488	-0.5324542374859058	0.7136843543683542	-2.451157717370355	0.9275485004011632	-0.8033553290098949	1.352463867118984	-1.4766542523550856	3.2300855218785194	-1.0512981187899038	0.44070508367309674	-2.811356458475807	-1.566700279256002	0.717258068670441	-1.1203767510112208	-1.8855828028506607	0.9816636553338197	-0.2066209135592968	0.3594091066835479	0.7436701189277173	0.7940696569222673	-1.2954656856583298	0.05620614594710584	-0.5394626446138928	0.9604304339563855	-0.2392640037508974	-0.9726151506970747	0.5655315501731311	1.0044234573747626	-1.8952718956281243	0.956867664525378	0.9027144918230724	-0.5616029493540837	-2.200076877298463	-0.9068766375893779	0.8016011957655649	-0.014149460280562699	0.4845600807790127	-1.3511209017128885	-1.1946805796368003	2.6908877489762832	-0.6933864726380303	0.9352162227900099	-0.3611685206804743	-1.1673658972914138	-0.6370097409178433	-0.07264181137254004	0.5779101034302487	1.581514087341448	0.34916141324362454	0.5319493100375524	0.7138344436755264	1.3140367309348557	-0.27100433798292023	-0.7374521031055262	-1.2726354461241745	-0.7964996651779653	-1.3322356333909329	0.0991620675461902	0.6839831928272959	-0.7650212549941582	0.283327069867827	-0.215258512290229	0.673867119312192	-0.4272359518602368	1.1223136304692718	-0.658159483119558	0.44022682590193246	-1.1978555115043277	-3.068257966791783	2.1161138671154682	-0.7613881683718661	0.008144826424479062	-0.5632778225725609	2.9802254019204133	1.9296473311312885	1.1232019849543249	-3.0107883681947945	0.7359013729239678	-1.7973917493359624	-0.732827250387406	1.4807846969530043	-0.9258010033543876
DTXSID1023235	-1.0449015406790465	2.349164887846978	-3.120926266519237	9.532835891230217	2.2145569327287182	-4.499111642683339	-1.3494425011463698	3.187436400875724	-2.0725368480819957	-1.023302099252763	-3.9772938740481543	4.160302999960555	3.3743987294441613	-0.8220138713568569	-4.116162140810101	2.368682441067981	3.124530388146363	-0.39646710274422603	-2.5490167549369933	-4.190468302904814	-2.294745213375454	4.3731106155254365	2.473169265935702	2.333236596976804	-2.3079779588167573	1.324691178199436	-5.991257111251073	-3.329359431662152	-1.0298646367285413	-0.8644398712443015	1.9395659344828844	-2.33872291470896	0.4258004286334754	-0.31620847788835277	1.8913372240724327	0.5131659390809818	-0.8972507198241656	0.658297972787982	-0.36462392194263143	-3.5736265679248045	2.0895532165754584	-0.2735099663917913	-0.4181179683684694	-1.7219099980309933	0.9655276793861355	2.4217072627027516	-4.263002111303725	2.3048738420504122	3.0154282457710786	0.24518285956407487	-1.8885494279332726	-0.7632917548996376	-1.7038630497684075	-1.7919079546904946	-1.8121769272482706	-3.26784159111978	-2.2261721127822365	1.3850611910794641	0.45701570728414176	2.6235617561429505	-0.5748728824979852	-1.851044539080412	0.6926436421746781	-1.983605665300022	2.5051251704353055	2.2665290280756634	2.1296155420528735	-0.6956222422956914	4.424826875024238	2.365967637284108	-0.7525396726811842	-2.7270893337622284	2.7736079718197315	-0.03562480355200359	-2.384647982042256	1.0164199695703446	0.799127580448983	-2.467404299897555	-1.636492490944075	-0.9924125983804434	-1.9598974883679616	-1.8112115999435647	-0.3631078143748785	0.4587183383709011	-0.981480413514473	-0.677584600487269	-2.618439201611352	0.33242161842347967	-0.15600074154096197	0.7178043842128256	2.3123813172351833	2.5676824972510177	1.543361594311161	0.3454882051699128	-1.0457672521236934	1.5267562309049705	-0.395239541144503	1.2383324272917435	0.10148726408256585	0.4293291049630565
DTXSID2045602	11.75327889061879	7.030464990244382	-0.8162527917870487	4.069471752966806	0.9295590161672461	-0.13241577276840194	-5.592753109970446	1.065773674027296	0.11484445938983037	-2.9926353381261124	1.220785591523935	-3.2778167145740555	1.944988873150934	2.8599196055986407	1.1339172949659715	-0.2077688443481689	-0.9757571621322833	-1.5939513543661645	3.660196359734712	2.307948237487189	0.44193162544710035	-0.453638808545838	-0.06087040800337064	-0.6963912382311562	0.45203786292133225	-1.0477903617401063	3.2609229928793964	2.193506181944031	1.8441514148985843	-0.9391639855004816	1.0435491680547158	0.6745323516949097	-2.3953293180905217	-1.752777557267232	1.0833025641356298	1.5395729386872834	-0.64682051762685	0.09172372739164444	-0.012401559117068122	-0.8510966419112169	0.6111055966868747	0.7066204594741231	0.13192129582169237	0.7613163047898799	0.5346272072167952	-1.1357213372016053	1.888797551985677	-1.2494894311331102	-0.1727604493631578	1.105537272564816	-1.062263355070192	-0.7825919984068552	-0.8582927846459092	-0.25306387984839224	1.0574082250144108	2.3607816394467567	0.9702000560674948	-1.3196529273218511	-1.1470350040676554	-0.11969997077714153	1.041499467224786	-0.9415606364351081	-1.4943405290796032	-0.22476120378213066	0.26210467976626023	0.6684239114399106	-0.7528080307074669	-1.4001618284776522	-2.5106590194583123	1.2032585556782571	-0.35707563078478227	-0.3456797720862339	-1.0430573542042312	-0.773324573752137	-1.826661112138639	-1.0298402143341372	3.023942120973697	-2.959690683801699	-1.2079409947678277	1.8182399952929031	-1.914797898302844	-1.6536161850806819	-0.29703649746833927	-1.5054846369297505	0.49393273357300777	0.6402632191312753	-2.6298705136260354	0.034373903477400373	-1.4976040963349304	0.010605215560689918	0.5365480849556967	0.054451898369723556	0.5484103538508301	0.39819805966339233	-0.027666277474531004	1.0402515948550028	0.24328017352623413	-2.4310388249772874	1.0857483370394612	0.32237621201107525
DTXSID6045408	4.437605677532478	-0.21344251980403958	-3.020353253398612	-0.11969889003985532	-4.191937744345504	4.315881171797964	5.3743596013449615	1.0898868850287298	0.30732807922957195	-1.4812528694570266	0.351079794104322	-1.1286220760186503	0.8225440658791332	-0.19057295442702152	-0.1461838584936288	1.509198555061522	-1.9329541502329717	-0.43763034970250714	-1.317904286657227	1.4434487857734275	1.2941718296412585	-1.2776500544637373	0.7070854744799967	0.10565656310221505	0.10809502683518153	-0.3981047550640869	-0.5216127179884242	-2.9208809036958194	1.8340518473218685	-1.3236471292881717	-0.8195655558013809	0.3504454319466122	2.7287470956535618	-0.2380243212073908	2.8916550475221	3.3138607709263934	1.2337839617663668	0.7679789396714476	-0.6575820217840609	1.3400793266923254	-0.02348118690635136	2.0449596163737973	-0.9246336890628224	-0.4125432019056039	0.13336731646933409	1.4082793871857353	-0.11344380976731444	-0.6865517259013035	-0.07547681455536254	0.5373089273908281	0.09628931870975582	-0.8872884562095958	0.7989148159351398	1.1676104711138815	1.9429903584088046	1.2048295526334294	-0.974647707449121	0.7686507139294344	2.4093579557684626	-0.02724651682629466	0.1445139964367067	-0.34444459915478715	0.7723509971394633	-0.6496028274004466	0.6274823211341453	2.0027075280863467	0.06792714022846366	-0.7056536453395217	-1.0548379678363657	-1.1500761367567158	-0.09680283967622691	0.6456924155788011	-1.1253192313735572	-1.0122041421104828	0.20204833150723314	-2.617420084542993	1.3257157941009459	2.8480205179584015	1.1443247954393527	-1.4423548010090366	-0.7106828337563407	0.8086634432230742	-0.1625779264610016	-0.14276110044833626	0.9615627943308122	0.41054077636688097	-0.7142128426042389	1.338920048470239	-1.5185458401876513	0.8272155958220431	-0.45104966167480515	0.3052628256756378	1.2405753795843841	0.1806436284561248	0.07666705223173849	1.3111356374845529	-0.5364700542946832	0.7624887589583489	0.9467197843229079	-1.9054216547441933
DTXSID4027650	-5.563399849562825	1.721511428840393	-2.6694344879626657	0.3611637047390191	4.4375609025152665	1.182023541822303	1.3221286908340768	0.02001009233064443	0.31101692776869483	0.4332962590665316	-0.9540716228681515	2.24709129549886	2.9388538803536077	0.0823736984337496	1.5508983875525504	0.020972648843539693	1.9809143820982311	-3.2520520442858776	-0.45739387945588034	-1.8817289164776712	0.0671282933820274	0.05545822127165124	2.0638590818097207	1.915015479866429	-0.4328811114523074	-0.5372429540723882	4.873972855692546	-4.073243981409614	3.2149377024368855	0.4860136537318481	-1.2076617588338368	2.6156911309581616	-1.826623082704565	0.25879480881856803	-1.449731066749475	-1.6569791386395967	1.7021359656483006	0.13529725790855043	1.1471679222051585	-1.0459875194278478	0.3965017445739151	1.2792593322170973	0.8094037684679023	0.24413729409571513	2.5205769372636135	1.1470397505089116	-0.012866146739239815	1.8331321179614535	-0.12669364713674078	-1.0438416806750688	0.41441697049140347	-1.4227395840812822	0.1495775462149331	3.451251091942162	-1.3410067489580482	1.2288990823564145	1.0046986027683518	-1.234918709451257	-1.2527525387563412	1.009572917878218	1.6624563478996208	-2.5703559601295676	0.708289390046145	0.9281195057915079	-1.133454126493509	0.7239567918968618	1.0284230053111834	0.41467126407333216	1.078194931903488	1.762328572477102	-1.2487658009397202	1.6322992658429856	-0.741829280037089	-0.8606180802125988	-0.9670790396928788	0.15368170654923358	0.3373281145207982	-0.8715101002800089	1.2856337270247682	0.4356482315910812	0.08734755507632347	1.0718634740568809	-0.36905390159469614	-0.23577277488399273	0.06651792925434225	0.5650399964389857	0.5927462325244593	-0.30894100792385604	0.480350358318926	0.008090816039792814	0.6045639367068141	0.24277810192121282	-0.14535048099271242	-0.28521602170562177	-0.23188800806858934	0.6139204546790978	0.278343934988091	0.12222877747222735	-0.467869912544353	0.5413247664843702
DTXSID6020224	-7.171543041572258	3.5696220677332415	-3.761318710983926	1.7580523070264942	-1.9984035488463983	0.7596350516209313	3.264118842264669	-1.8728034415130903	0.09396085250149964	0.7429693354132958	1.5911915326651223	0.039084659680526594	1.1174825347119266	1.285990865236917	-0.4556045806058631	0.630720200645611	-1.278375714309596	-0.8657825838523064	1.6910421669491646	2.493723877631406	-2.466806202971838	2.272534080918519	1.2293369082167755	-1.682204247759574	1.628454361069021	-0.03038535065915627	-0.526365612800251	-0.4172193484799034	-0.18588602838917195	-0.7774468053803574	-0.2448172228499985	-2.984194580850148	-1.4620158010153594	-0.9138917477547229	1.1261777021914918	-2.8153909228164697	0.901042050768094	0.4553175683788081	3.921917180316996	1.5380301138633692	-4.182178682784034	1.6902053141822329	-1.2551428767260833	0.43433597587592315	1.6470862297028073	4.41265729383287	0.4361100258845288	-1.0797968027091935	-0.7421113310385782	0.4358822526541038	-0.19430476714980446	-1.758250247926234	-0.8828053130179124	-1.3669641087523046	-0.47734388523755555	-1.3320063330406808	1.1590454711318214	-1.3559968597389223	-0.2764582608449527	-0.07857998170949113	-0.43021806231191834	-0.6818440489693764	0.9156643629069162	-0.6992274308349476	0.40449859424971524	-0.5768078423736356	-0.529604585351092	0.3607916112045799	-0.34336770686116985	1.0737032733596534	-0.8107192308307742	0.35246673647109983	-1.1140195288401469	-0.7506039073724153	-0.265405694505237	0.8428688222100369	-0.592341561563679	0.5892933269813426	-0.8938436267878644	0.12390074147445956	-0.024023862673362397	-0.7897080970638732	0.44570887894290484	0.4931171145365963	0.2835922467161055	-0.24623506061354583	-0.11452781352167282	0.3516629747252792	-0.14705068065519603	0.1517354494842904	0.7216268514987152	0.7979577901359732	-0.016501685088942817	0.01606661770249845	0.11216657249917912	0.3630079669363428	-0.09052392812467276	-0.3354906427227654	0.07934135012460732	-0.03311724748977576
DTXSID4026139	-3.211891888406719	-2.706195466652978	2.7086133772238803	-0.8778961405019975	0.5693992879744232	2.57420076961513	-1.8742793931598893	1.9398192953056559	-1.6688223864694087	0.26454637466403436	0.7539122332772881	-0.37196765945225574	2.100196555519437	-1.6534205249629794	0.7339027644414501	0.47762067633152505	-0.2926726718270951	2.212699432684265	-0.3814332672430461	-0.13037415434083569	0.3171471217222639	-0.7990019046335937	-0.2533181410517976	-0.6817635645802743	-1.3680368915849057	1.6811378501699856	-1.727021880626049	0.4606828862619045	-1.1386088041084617	0.8723809962194924	-1.2234322819094616	0.09921456437563954	-2.1984695935538974	0.08732220733075455	-0.8704372980186824	0.45020477525889074	0.34899535529104786	2.255221902333502	-0.44481522230349485	0.12376230594691573	0.5403139424908893	1.2076360544348717	-0.7032237951525661	-1.4889586319418753	0.17403689962928234	0.7398955513021575	0.14801668800252157	0.5906037281315369	0.19111817380440352	0.32893442887498076	-0.10282052698582171	-0.6107890819951137	-0.8275986687935449	1.2078297281007817	1.4962156201344274	0.23690987180797252	-0.04133107135726417	-0.21172663332307726	0.33283648309683267	0.6092202206159655	-0.8687164382503905	-0.9895420078833078	1.617228551575516	0.17610601378325225	1.135607897019013	-0.2978527807087334	-0.03110997163488423	-0.4095904662978095	0.003861889838043617	0.6371546623064455	1.2886808170432513	0.9404978619357373	0.09074390834169788	0.7072859765335477	0.3003480662550804	0.046258565106310746	0.6386520802767023	-0.4879159017204575	0.6543116972322381	1.1063928344638	0.4371759992236013	0.42404998354954576	0.44788521262710307	-0.06565347112465511	-0.8799818015659976	-0.15988365485470082	-0.0678205702974727	0.3464742324340216	0.8209959385397742	-0.278769188701833	0.10243395430056237	0.2038601560501021	-0.09020543176873873	0.1700334113328236	-0.11895241259995001	0.10410243623265272	0.4840092888761313	-0.2528856540759491	-0.3927079193376841	0.5147817618723147
DTXSID0022569	10.180725564156617	10.220717518577802	3.0538004869881186	-2.0681647142741473	1.8333306304287171	-0.6516633663067725	-2.0769555178595684	1.510193191032093	-0.05208167053051086	-0.6924500346052487	-2.086712876735296	0.8128028433499038	-1.4230019286360052	-0.24944987329914764	0.7069740532754136	0.11481863928247056	0.8900581514083205	0.5951068506085906	0.08962805482945206	-0.8537604677188925	0.6116939436288509	1.1278508885617928	0.22522375356748253	1.628245399390639	-2.4096696472939008	1.2242938012280091	-1.5683094702764055	-0.3607839092913464	-0.02909767137792443	2.0098552629868274	0.22453084736043236	-0.7420333066492671	0.756939214720983	-1.4890407737332985	1.0231530799492317	-0.21748890672824997	-0.6732826819971156	-0.85426071039962	0.7527767406122048	-1.2166551114925757	0.2704988939700017	-1.0062632046181852	-0.38794890838691987	0.8493828278506911	0.06053092338820573	-0.19298276571454048	-0.613382811410428	0.9238851350085008	1.0730868771973139	1.028998324500927	-0.4631126473839451	-1.2171401498315637	-0.8623127358786673	-1.0829323185945334	0.5612889015190542	-1.2586934851547864	-0.9918431058000193	-0.026895958311801235	0.8927395838175566	1.0588746353233116	-0.14703559012616374	-0.5557031752501577	-1.0822470225319403	-0.4566049937894772	-0.29367366727230126	0.6561465325456576	0.06608107767342355	0.12805805872840234	-0.06576104575142781	1.0744545499186016	-0.8898524747634989	0.06895377411454981	0.6364083195122074	1.049824181467909	-0.050739229834146825	-0.3845841685151161	0.3810379154826755	0.13552251790788644	0.575500548494542	-0.2001209328244431	-0.6670194336801505	-1.9405660994961318	0.09846218052846988	-0.2011907751552872	-0.5078699520003235	-0.7662884439393998	0.5747736750559508	-0.8292692555773128	0.7942132404138225	0.764056146504905	0.9872366353237365	0.29304613312613254	-0.13686923611824853	-0.5021940869341723	0.06719495089871785	0.35172611979108337	0.0023720776051030664	0.27463297617906224	0.07486398740024088	-0.08683334448692781
DTXSID9046992	12.873866693129955	-5.926964636584115	-1.8583434730024835	1.022289152547885	1.6390138127428207	2.496814808780168	1.6674635134644618	-1.0471838530137063	8.338389594952657	2.3682617200879372	-1.7509049910948735	-3.1835558120040317	1.3561411311676692	1.2718585827719648	1.6093962749202793	-0.0718858017420957	1.946971770703289	1.1794034896210197	-2.871467969832911	1.6222634065763593	-1.0074804097689614	0.18589565729077043	0.22732168034108186	1.0186822375648974	0.3809933931913788	1.2140132899996399	-0.693096576417757	-1.017615063331508	-0.26507969915436613	0.022853349813060832	-0.11416635400227917	1.181363546424459	0.021345963664869707	1.079714642496992	0.15873809353568227	-2.135629388059539	0.9301026075480416	-0.8738853158431061	1.2970962411605933	-1.4315705293559395	0.6624017915850359	-0.4286461754382448	-0.2916237712223203	-0.7551213659898873	0.5161848344807887	0.712777475737575	1.289596092214695	0.39447762265415054	-1.9531308202610018	0.9014078939377257	1.0891202593455473	-0.1525823957365365	-2.0045311659043397	1.5460757071611553	-0.9761669454093639	0.07915966563826216	-1.6716094289589893	1.4378261453200343	0.6351178452480531	-0.9425699377649955	0.5521391722918914	-0.12346711731076974	-0.9631029441126514	-0.44877959655511873	-0.3266141314691387	0.45287376912739963	-1.3036937314196528	-0.41739332606143487	-2.475941181619974	0.8236696195733237	0.10353289869841115	1.853544250818989	-0.5743338221187198	0.03695287713376571	-2.390579211263748	-0.99798469111593	-0.15903921436640503	0.35543966466455224	0.30780836874509554	0.07802288708272624	0.7807776028942741	1.702982045192346	0.1836305769979602	-0.7405328431154432	0.7170284278694662	-0.5375996143708937	-0.197653203841141	1.2677931613904387	1.565372781782604	-0.9906137533027146	1.6304839809189202	-1.1052109036243973	-0.3364319436334139	0.12111811186733362	-0.03742900775933337	-1.3349698087115316	0.8924845444314866	0.11295476342058067	-1.0469750891976386	0.4205956263833478
DTXSID9041021	-6.599034144774178	1.4263702057080785	-3.369687246185799	6.642707570130468	0.9319125562160632	-1.0497836494598556	-0.44198606598209633	0.9401302287515834	-0.2020352205614896	-3.2684558602545724	-2.157807737800804	-0.7035416907557577	1.7894330009601724	5.279736350087749	-0.7685723670681531	-0.8039998487724285	-0.9894859484073585	-0.9538013393880771	2.9487290829737347	-0.23258061152687212	-0.3629853249110791	1.3065662776679368	1.0032047850303618	-0.24310019764228732	-0.9088668982711637	-0.1645464890257905	-1.0778161361528824	-1.0596917180515313	-0.5499487401474423	-0.6243909373612856	0.8074224423116446	-0.24778656065852372	-0.2719356460660672	-0.5587013253243678	-0.27438449436165063	0.7037628964076442	0.11996466409967013	1.4460369662261774	-0.11049978995251333	-0.3965576457179301	0.26247532105756344	0.23879569703039424	-0.25915707833619717	-0.5172901757985425	0.2135216285862836	-0.30249281074649687	-1.1152770302150061	0.19143277217695534	0.8140657929286915	-0.11409499607578083	-1.168742695400544	-0.5162337241727127	0.02754318048555865	-0.7678334572848735	-0.7828323937991988	-0.16951807765397442	-0.32462173594975546	-0.3556278743788401	-0.6303813591930783	0.6881549401837345	-0.31692827448198724	-0.9025483892289884	0.49854722060479	0.023750272807380082	-0.06415607404286905	0.17421919325695567	0.05873596980303996	0.15415114975304345	0.999452964124532	0.5216319481800029	-0.36635335664484836	-0.9209588986795029	0.15046135403522115	-0.2560214620778252	-0.3288221071656402	0.24245822524875296	0.1289823555507827	-0.3735277298718295	-0.8889304455647394	-0.27703769201879375	-0.3320117728056245	-0.8551357832270741	0.10395719758779297	0.18893280898429954	-0.2256516182692247	-0.505091605616599	-0.34249690067889793	0.35606290167540666	-0.1584493076442607	0.36138141991819533	0.5965670790423283	0.40361589867347714	0.11183044558593687	0.08008600566152932	-0.5046043614906687	0.5262548040946443	-0.3683689457282754	0.5084736595910547	-0.5800186080872062	0.3426689196817421
DTXSID0049361	-4.823289043303366	2.2313686376786066	-3.2850271130469038	-0.8374259188799695	-0.028677162896932958	-0.4872072128874419	2.614465682104526	1.1684407793075515	-0.585024374572731	0.514063591668678	-0.6411800889655801	0.16846497892735687	1.1886267876429397	0.4873584703447139	0.23417613261698214	-0.45132984898362405	0.08382317067396558	-1.4258170738187257	0.6224176296489191	0.1250059557015712	-0.4270941665840247	-0.451290484638973	-0.6951829356243593	0.130042490327414	0.8499581210010917	0.8775698649474445	0.241329004391345	-0.9524763457195702	0.03476330906196669	-0.39364692303687143	1.306580094767844	0.6482394689251653	-0.8379551008225979	0.6504566368891158	-0.3057874453990175	-0.5882892128962084	0.1928134226274137	0.06536966888227724	-0.02123322556246409	-0.4145038272273772	-0.25058223322800605	0.07987338910419498	-0.09335232606209937	0.2644983041312509	0.33520995177599033	0.26926639590621854	0.8826595895757421	-0.02239575563699132	-1.5139296476873263	-0.1806171114379844	0.805393138024865	-0.340041428012359	-0.18080563369740116	0.11564629797263495	0.5254958930115994	0.5284950736046046	-1.5687846908244132	-1.060020422535319	1.0235061073014573	0.6460655767612257	-0.9112860386325147	0.48820367025693817	-0.22755425265291876	-0.1952314248740835	0.42997330018310703	-0.10218954711602377	0.021625650469901527	-1.0258761906812532	0.255513444344238	-0.5261014600877775	-0.331157645481144	-0.30090555780458667	-0.23421128383298076	0.2621952545900811	0.1718195612918942	-0.029700966368747903	0.417052355539218	0.4645313182767324	-0.508379744612356	-0.5168042663166706	-0.15870856678181458	-0.08270381444138555	0.7673713183947007	-0.9041492710339922	0.22866242721644678	-0.7220170909611981	0.3057174524673422	0.22395534449650226	0.15124349019002795	0.10683694062069629	0.3322077193563061	-0.6083375769502158	0.7673087323814753	0.8757709264261211	-0.6913358107120174	-0.9191796723792884	-1.0121008611520255	-0.3237193135124156	-0.48706841904548215	0.005325151832221413
DTXSID1026081	2.827313127195939	-2.9865693320668445	3.3699148733094746	-1.3870188012059403	2.203997885393498	-2.6851151642833027	-2.616279867333644	-0.3964495101207889	-3.8671255844803385	2.7430955155667753	-0.24407637647079433	-1.8978583168886751	-2.5971969299883213	-0.43721224967736794	0.2135263700029942	-1.443040284933819	-0.38482679912598045	0.23622749906815524	-2.7433008858806205	-0.04883241098373163	-0.4945783635034182	-1.376652613977114	-0.7554855315565632	1.6043087437882566	-1.4135654155132245	0.26095127906204607	0.8392497573213584	-0.8755188871224087	0.8083342717508916	-0.17320572617309996	0.4687271790092111	0.4155691777674427	0.6548241250473957	-1.159425799063201	0.6971284670233071	-1.428472047590549	-0.5124998868428188	-0.9575946166829186	0.246079806480849	0.18900549471706973	-0.2590114829618968	-0.24714704942436064	1.609377684232893	-0.3534597363974946	0.23649961566326208	-0.37687223240361895	0.166340706761741	-0.7796419630386239	0.3524085260083591	0.2626316710900428	0.6816201607096383	-0.8528441579068939	0.4236941011327753	-0.494310724910816	1.3180867041150324	0.5922199668876591	0.7918507471510471	-0.2745236288049225	0.18542573951773525	0.8380437379683652	-0.3337042648918799	0.2643021634255755	0.2606012387059117	0.2743985764986059	2.610989416804638	-1.328692245029567	-2.4453538089637137	-1.5588795619385885	1.6178137557262628	-0.3069358938178458	-1.8288289020970065	1.3453710062570279	-0.27347584449162887	-1.210761584682172	-0.6493706649839193	-0.5353614768612762	-1.2102711279932548	0.4545706763598351	-0.5437658240049806	-0.11846421011344326	-0.4154714785734887	0.22081527662147776	0.47041154758770404	-0.5428261681804978	1.3998576203595896	-0.6138255038029117	-0.3863616803957406	-0.578991351088682	0.2709003497720033	-0.46093255837618924	-0.5254451981322377	0.15759634981409343	-0.3421715783714363	-0.21604200467205895	-0.3467584126189129	0.14067518831063683	-0.17485530318163806	-0.2003623729364342	-0.05338117555768475	-0.006835555768349353
DTXSID1025013	-4.756822374177164	-1.8557317901734867	-0.1646251917205943	-2.6764535506134397	-2.0967604535672137	-1.8216476973897175	0.29590454773026204	0.02528469569311773	-1.3350700506237403	0.2781150671461851	-0.6363962980190814	0.015209760728763679	2.180393738856408	-0.09416814444562445	-1.8724337397498934	1.0126635333327938	0.6262195456237749	1.2762136507096877	0.5525078723451471	1.0421487858660978	0.44767274262697226	-0.5619652332260252	0.35332054655915135	-1.6924950356670199	-0.2713393160610203	0.8298497448035562	-0.45328179236626104	-1.2116030237334303	-0.32638067725869957	-1.1818091468624718	-0.42416136627282336	1.1124605686974482	-1.1266385821917597	-0.23794582055853394	-0.9808970168433403	0.9361770244700808	-0.4093649202642822	1.01443214181643	-0.8307515363972795	-0.9722669841285921	0.6822186375685596	0.8286342660032632	0.13547557499149523	-0.8686425583605936	0.07072267803988407	0.5833934100447783	0.17830041515970665	1.6033365369895962	-0.42268704544307606	0.4000552369587961	-0.2637283209229875	0.3480101184085155	0.5273026403978937	0.5614586961662258	1.9528422260794371	-0.17050541591048293	1.5769226078126592	-1.3915976500394687	1.178875430800456	0.8352903337378594	-0.23618994877222144	-0.9091093221645805	0.21726555094085706	-0.548748248866512	0.1165130882090262	-1.002031086914456	-0.5190798352902163	0.08415984432600222	-0.5831617717382641	0.2479196144626811	-0.15751119334736624	-0.9115449680517381	-0.9344977548836058	0.7520590424682196	-0.09113265364722244	0.946995421295773	-0.8041834379723266	-0.9291786235426284	0.9037894522882484	1.025647172121582	-0.5933869199852986	1.4536503354819519	-0.14008717989813443	0.1782585238775937	-0.17659734227971002	-0.10803188022297738	0.18272429843799273	-0.5066118045054504	0.881157941853087	-1.0816219130979672	-0.42006970402635746	0.26357270544695716	-0.2605317621615555	-0.2567268139719501	0.1856998218642565	0.3191753525321032	0.396937251435591	0.25576908761350164	0.22282934438319546	0.27195472020009936
DTXSID0042242	-7.4495732088865685	1.138132378476556	0.9174784721003156	0.7230867767789357	-0.5461118544303801	2.135506522309152	-0.4036128876892479	1.5362915537129487	0.6767860762914589	-0.024747269135191517	-0.06595819975722877	1.2621539020431196	0.8220849345618244	0.7325334719388545	-0.2611842257416451	-0.2868592046583562	-1.3156796495600167	0.6950898207942544	1.1258509686857505	-0.3097271062872555	-0.5047845533223166	0.6832651397689087	-0.32036701856888156	0.29203777627016486	-0.16148860477826713	0.019892147503876977	-0.19908197910026332	-0.5709227836135	-0.5667634994782282	0.08917969489188803	-0.6345063759175608	-0.1661408706269785	-0.7868153170406074	-0.442565051254994	-0.6364785671951374	0.11508128536269567	-0.12520750658848154	0.7898799551725445	-0.5252416260023595	0.25196972610387575	-0.0651434659666744	-0.13541920423865553	-0.08604356203894714	0.42738789376582337	0.23298929521802814	0.22898395398565308	-0.18833758691350308	0.5503261322535759	0.4937316928129521	-0.05471858600411799	-0.347118653625523	-0.0791558377223184	0.3999303516926015	0.4160698747349597	0.527409880626965	0.34524954692775867	-0.2829944873575735	-0.562565543541505	0.49637593410033054	0.4673366702569045	-0.303884955620465	0.12621119791133587	0.7340858069457138	-0.3248197653733165	-0.47296460838809057	-0.740327931216311	-0.512834741267916	0.23233064381242402	-0.1588829393266551	0.2580679490247992	0.565417732226746	-0.5432610153461438	-0.34470131239520824	0.8127974812446002	-0.05204921056234916	0.09814911382340594	-0.31221027012603847	-0.04250507744611734	-0.026616427752578494	0.4673822221090705	0.08118180995285663	-0.1367585758048125	-0.01369341573503497	-0.2469646852020442	0.28574903984804095	-0.057503755286841915	0.04935508125181537	-0.01785271185045265	0.3339874381567218	-0.10968514609041304	-8.010664620925803e-05	0.21702910463588568	-0.1960285708747216	0.03231361895147282	0.13480756072350478	-0.04795427973572003	-0.04574072058447623	0.024699819984698015	0.20853704769596318	0.20729118785112885
DTXSID9052555	9.763666385546687	-5.767523727764315	2.166468792245348	1.727203261028308	-5.218243838100586	10.02553439337292	3.2665348741843756	-3.385026676779943	-3.790399089932162	0.4258440527049471	-3.5820637206273496	-5.908270116610995	2.353264886680617	-3.4729142168473652	-1.1188922768962661	-0.13929215884586016	-0.25153996177747556	1.610695478305529	-3.195420341718475	0.5922154740020515	-0.22728179399251233	-3.7627096328501684	0.5422410357990679	-4.847970157738803	3.3000494166099075	-3.6527586621650925	0.10095345262281494	0.010713180423488806	2.357075348455733	-1.2141134225254173	0.4877235266049852	-4.638714878909518	1.065797936219262	-0.676978150297049	1.634959410680666	1.4695348213411448	1.3981637011979808	0.3663053535044685	-2.6539271877063006	-1.4581222440670045	0.7255335736518165	1.2326360462566894	1.5608510904152433	-1.9750519816407366	-1.6739494496772562	0.38608432041234997	-0.7770020861542787	0.08812965323253631	1.3067921578830273	-0.8544009699833011	0.10698261154070088	-1.8456156827305443	1.719660547208931	-0.5506799824488102	-0.42471748761089645	0.8312451890661072	-0.4291306578606988	1.0674283010024663	1.112822680048958	1.2104377452265054	1.3173375282410167	-1.383667515806327	-3.628056773462624	1.5006685102785786	-1.1378663042941728	-0.19810687244294636	0.2182296543422726	0.5876705638500087	0.48182562432778836	2.517334952992463	-1.3420596505860245	-0.8670967059390859	1.2314078215262563	-0.23538916099871265	-0.2610520685778658	-0.08406294459640083	-0.18761225658933217	0.47128952350774495	0.7919350941271485	-0.7681820967745654	3.2581400243773615	-1.1865720269356745	-2.020342748881399	0.9605645635366598	1.427272794896341	-2.1805953409018746	0.09959793388468925	0.42271396358510993	-0.7459340314943776	-1.566548791665047	1.3524394843682177	-0.7496207781962133	0.8745857598367082	-0.11333335115112975	-0.8766998669234173	-1.590636738693987	1.784296143562877	-1.4040130887320452	-2.1710506121402946	0.7575318032061397
DTXSID2026602	-3.054594169581981	2.1595817184899246	2.2839752156345567	-0.22457131455982693	2.180105048681591	-0.4076539770327781	0.8460876308045967	-1.183971550555143	-0.9083957685796277	-0.4085212910906362	-0.10568841501960884	0.4270352848277143	-0.9276233647424061	-0.7789465571532422	0.14255572575706565	-0.5866102398375715	-0.904129084858919	0.9408878510649332	-0.9493011701246445	0.1071890216641817	-0.9233727197609183	-0.7243178873626607	-0.4989751454794709	0.3084036065551863	-1.6048014719100734	0.7738649931417265	1.3914421480425119	-0.6420768103784942	0.3607444332080095	-0.05065533227679692	-0.04890594944091604	-0.0467610367500757	-0.3978203075497508	-0.13204105109028977	0.9227868812449413	-0.23190787230639762	-0.13661675313580948	-0.5260478129390178	0.030018037174374942	-0.31558688327734835	-0.008608201789968541	-0.5151220646186653	0.4790731815789543	0.09437850688977206	0.5928403532685652	-0.31810401456149395	0.5163621946415043	0.3347768416903165	0.19393669738924754	-0.17247794797789995	-0.2704395827671858	-0.3174332110969093	0.018362308955170954	-0.9570310883953692	0.16857585120271432	-0.2985213145238589	-0.40449112225469724	-1.032694353909161	-1.0158473850842822	-0.5331043586674983	-0.9543993328174422	0.3760401998417238	-0.2789147201237225	0.34191496169450464	-0.5756502037127017	0.18134657763137305	-0.26310730039931696	0.16434132504383298	0.17670224405374488	-0.15202113033479836	0.18872251618265035	-0.5893467239715173	0.42634345189086426	1.05806658131392	-0.07447297795662279	-0.3959347272786438	-0.08910363526012427	0.461918275045956	-0.5850956687567426	-0.24080217031776183	-0.4108841054238322	0.16721771925701798	0.5844598645903408	-0.12631250216893394	0.09437227721405678	0.4781781995073741	-0.1747731554955462	0.20105268475590213	-0.2523766903752568	0.023108441253295812	-0.2397576527495673	-0.16570367710851402	0.0008867385013950885	-0.3191977461634505	0.1054766802961448	-0.21392690950452797	0.22626793754394686	0.17257806457883182	0.29660541217553277	-0.1272268004299169
DTXSID0020862	0.30589826083734273	0.2739683082454271	7.933351625732783	-3.431996598879671	0.33033914531952213	1.5320203118979638	-0.5089649933317363	-0.8163801827998269	-0.2315146084001102	1.0427739299438554	-2.809176415303235	-0.8089686049885007	3.048079927746922	-2.191890300929181	0.3519660273395494	-3.413834655426104	-1.226119762348268	-0.08878885063941597	-0.5209824140721774	1.2428160722045705	0.666860263548497	0.3277337450709994	1.7752223803344946	-1.0027817681214253	0.63612669116247	-0.2623250736873488	0.08917275532315422	-0.04152560618331683	0.4572653369366394	-1.2444369343325306	0.6988791525014861	-2.121659808977818	1.2591294367966608	-0.9653681385584945	-1.7734271550915495	0.8948369628671353	-0.23116673453914974	-1.1023413972357894	-0.08987291951630559	0.3420730126510869	-0.49205918251706177	-1.5023185233953724	-0.547857193107814	1.2262298042894966	0.06825621252763611	0.530810528436233	-0.2616778843326406	-1.4338232911978421	1.2549199601221186	0.21208844159982235	0.2207424367590306	2.0386915202316733	0.2377126204166316	0.10055772770278061	-0.06176528996694792	0.7087923991372341	-0.35805911347840264	-0.25246830616429006	2.1795910609977223	0.5046237481322629	0.5030861959787919	0.9951750903514724	0.13664001999784112	0.17344279216121666	-0.8444124003410586	-0.7806382369311744	0.5807074510806461	0.5725105661695704	-0.42336866087902214	0.39807032475334087	0.3491456934701049	-0.30194410564616175	-0.4402077179753513	-0.5960673984807686	-0.07930363974789852	-0.36579290766762157	0.23545016629168686	-0.18321805481323397	-0.36364776043797786	-0.46477670736276505	1.2754838393618015	0.49989990342687407	-0.12387816259447985	0.16493466290385522	0.4172930178760809	0.09344508427822405	-0.700125518872684	-0.28890537439688435	-0.3741424001542727	-0.4661996768191951	-0.4926554416110762	0.4866615841710377	-0.2752296148946381	-0.9441414850890145	0.2044553176908746	-0.19981907501007548	-0.15576809053360988	0.0748175420865701	-0.4225776013218601	0.26268043097538607
DTXSID1025693	-2.9398985590704916	0.40760430133401615	-0.04748156779044249	0.6473602783725809	-1.0265249944859927	0.013883422308529368	2.155476135936961	0.6779676901965953	1.551401060189945	0.39794624104164067	4.1254758994423915	0.7101405786344414	-0.1462506341361079	0.5898126704845615	0.27326426358387856	-0.3895571933974942	0.5631069039361218	-2.469116466042099	1.797170179920583	-0.32616779329409396	-0.2111063923766003	-0.11815525562930149	0.8729723144765649	-1.4656831996891493	0.8241816729069577	1.025303763294954	1.0484916504740012	-0.7443618453611356	-1.8966329941310438	1.27088076716322	0.8252091973207023	0.3516488461697386	-0.22055533680821413	-0.9250981990960622	-0.23984781636073144	0.5278271513980403	0.22071600612404502	0.156296161221858	0.9464909931563055	-0.8520912712124359	0.19474133743750088	1.1461746369170345	0.07322700238740229	0.4963657626514792	-0.1143185022933947	-0.2523353479511522	0.24586619727740225	-0.46825247555850624	0.6880550853730386	-1.7997019832831447	-0.019375559928090966	-0.2445598981771721	-2.2009032129078516	0.15975270869518574	0.7222786578088422	-0.9113096289159602	0.4182133170465958	-0.403694622295157	1.1282484851286196	-0.06076313122322188	1.5238115168951847	1.5964631563637741	-0.6967857869773336	0.6598888774455035	-0.6503971343896516	0.33638356297477967	-0.034410954523156734	-0.6391397716539418	1.1904423047959665	-1.2754752502860833	0.6990015311989787	-0.6654103008034883	0.00048631764216418245	-0.3720555979186176	0.37590069278459115	0.5500993049902881	1.1851750672077574	-0.7487445830695478	-0.27596004341954733	-0.8351323378764004	-0.17138818870328582	-0.45220849819368375	0.28024779266559974	-0.740417664661076	0.33423034604619384	0.5956995512638577	0.704921675367872	0.3091997692231936	0.1939926049624087	-0.8088005992899797	-0.2681174399262784	0.06729358692889038	0.281011143929167	0.7959783264382796	0.07092313803810939	0.22265375549566588	-0.12249551682830107	0.3170389806639713	-1.1232801288135708	0.001270201837906502
DTXSID9048984	6.918164496016532	-7.004995176399684	7.8091513971005595	6.4438602273981616	3.5471565116338972	-2.598346304034523	-0.5052655109227296	-3.832788339700634	-2.912530351963207	-5.325215846172927	-2.340941821925581	-5.504176557980562	0.4735375458028686	5.3517670110111055	-1.2921319424791722	-1.029591071293223	-0.5718423198260792	-1.1083907496465053	3.2131720902709113	2.2200497186790686	2.313075752495516	0.46015733036152995	2.538098622803356	1.2329784762152185	-0.5382049446710746	-0.16702863444631139	-2.6206981307901485	7.3297826449165475	4.3036365363937685	-1.2905397581167766	0.16796159653526643	-1.0426149779409344	-3.8411648405483843	8.61782685617887	4.7851271047905675	1.7645276741954787	13.660855077013164	-4.200144809834956	-5.520691423675496	-1.7937827366720216	-2.396339141171018	-5.144480783192781	0.9932158991026753	6.407905697370498	-3.4761849896655983	2.279864503326046	-3.8404246595459672	2.2757237863504542	3.0429171618403124	-4.367184905332552	3.7734228603880937	0.34634250591450566	-3.3121333720761235	3.6282214156162	4.308109661092982	-3.2139242325868005	1.156389931808892	-2.332863749415807	0.5855304133062683	0.01858968881354826	0.000961546037904199	0.9671788047709489	1.3500282192784998	-1.3800244223607876	1.5490807541056788	0.6434195761753976	0.02898160826363314	-0.40856566342087214	-1.8075870463388903	2.267764595937531	-1.0316922652088607	0.5513610935994716	-0.2514058648599468	0.17609157271960707	0.05154130127338064	0.08573723814877031	-1.809224914674128	1.4636232790230543	-0.28039590013932686	0.10626309422909984	-0.10856542998181373	-0.7728648524768639	-0.24916125371558723	0.07671720334343017	0.31610770843430497	0.31390125897823307	-0.4336911048853813	-0.3133910992961113	-0.8610471203109105	-0.7413506067698659	-0.32284415001317673	0.25167803032395264	-0.2863336488521986	-0.24785000511838703	-0.46147811647594433	-0.1689009073434353	1.0567423400916403	0.5274094157991932	-0.16031681266469044	-0.22537729362265904
DTXSID5020784	10.835888681912568	5.749718240030912	-1.3048827376729653	0.04276403947174798	0.21883117462879764	0.758764063196041	0.9374669852501921	-1.7359092621667536	1.181481457367141	0.2934715280145924	2.3542406692168627	0.33402174189999007	-0.3687204189117725	2.127218501143588	0.04113830540793307	1.4976088227057553	-0.641476016002868	1.1253712960385327	-0.1985770111782859	2.629688312355992	-2.5213817785711092	2.37577082000952	0.11107717173281517	-0.6988891763923882	0.7918319114115978	-0.3279271047206786	-0.5363780992708632	-0.6174711222935133	0.31775750052840485	-0.3985523609483571	-0.29212869583304707	-2.6902432904781666	-1.3681476292933563	-2.0208750726043383	1.875224898325915	-3.5080189805241875	0.6062116243104383	-0.5198103412512314	4.013156162024052	1.0659650669792835	-3.7026818213151844	0.6869354011132928	-1.501080391007264	1.243745419240687	1.5502103891134695	4.149965766368628	0.6863918769388057	-0.9190159957188494	-0.26000791866116957	2.525662306225598	-0.628627915679453	-2.1830071131635447	-1.6278265046814278	-2.1395647955065322	0.17077506343350496	-2.7411394170181023	-0.17993606006502605	-1.166470011850164	0.2837695609453414	0.5198045265890818	-0.2757013488510309	-1.836370828699141	0.7458043627077403	-1.7404743334852573	0.47654128635822546	0.15224312397839548	0.1873879864689725	-0.6219599120233844	-0.4213873205411155	0.4929454773992039	-1.2814703219114525	0.13897984153511808	-1.3441790949313568	-0.14988329814265802	-1.6934450946155577	1.0710224415150378	-0.09557826726165389	-0.12765086152482383	-0.6093775932102526	-0.12784414857515958	-1.4107753614793501	-1.1417357288527805	-0.8243649908239606	1.0111093041505586	-0.3669280115109071	0.14057986206807943	-0.5559059562711383	1.0144613955584454	-0.32666959978355115	0.33775002282683214	1.1142146777175106	0.5303481918522145	0.7128388026840042	0.2997962759350431	-0.0771018034660172	-0.49334756614401604	0.8734443114298984	-0.1303815815586981	0.6456398538427532	-0.7432522340657023
DTXSID6020569	-7.982555738720745	4.15378146270465	-3.0522780951771376	0.0830343996257876	-2.09350464215906	-0.7008065737761006	3.8315239592132637	-0.3882898140399059	0.5370645828685522	-0.04816542441454882	0.4786004875156773	0.7481301270006678	1.249230719288517	0.4840510298194928	-0.336510589526603	0.8497304918220534	-1.1596362890585223	-2.328907670810053	3.497654735900556	2.8743694121163434	-2.909870086643379	3.9886691051280576	1.0945951585769527	-0.8546895545790513	-0.5766651788082562	0.8142828653139752	-2.0995491415975684	-2.9258699886149677	1.1305805761810461	0.9535091687516034	0.21572695721495655	-0.7707112774270347	-0.9863159376397275	1.204326999176943	-1.3107999079454913	-2.8531191441752535	0.7438319255289676	-3.156291489597551	-4.246430166224874	8.225318005666274	2.8934072747232316	3.067586430316836	2.5077662838582806	-2.004811246581485	2.2912291668754494	-4.807448705867598	6.034619123060341	1.7535530534711126	6.158945302743023	0.5846039231067052	2.7431102436376102	-1.2123473698299516	-3.2417710791381373	-0.6829929966279468	-2.4979443343188796	-0.8860890329537041	-0.1027024083468412	-0.7318571573434092	2.133526913541849	-1.5492723702104108	-1.119246607379542	0.2141111609667918	1.07253651758914	0.6995929303230277	1.3058125923834762	1.2776165960895243	-0.5369035957813445	0.9360766835922117	0.31112368668908413	2.0326281033661777	-1.2695362470469331	-1.9675544943400534	0.024169043675217335	-1.456054019253419	0.5768277674774238	-0.5993676639002251	0.16914617043787172	-0.2512251981235527	0.2965766891789269	0.7323071480678566	0.8872838224454951	-1.428831297858397	0.7334762901156539	0.21245829197588195	0.6091079489100504	0.37655071504643445	0.4871423071291368	-0.1978424732507653	-0.789923192904081	0.3859039906619651	0.014387336903046185	0.21099313830740266	-0.4349311733129923	0.08878175915630068	-0.455891034448787	0.7082382142110563	-0.6825633828052152	-0.7098441452945083	-0.9634087094796424	-0.021954326286335334
DTXSID4046284	-3.174127845866257	-1.886126421583593	-0.2913650501294688	3.6327964748521278	-3.452686176330297	-2.5339946846677948	2.59254188267853	0.5672784574590415	5.867939590977642	1.298006848078548	-4.550842899093505	-4.3613427550257935	-0.7535043902147336	-1.141511456960033	1.691734655747646	0.9491548651386112	1.6700365023054795	0.6256298464982284	-1.0516429692078835	1.5910901562543667	0.20500638920686975	0.3584703540128222	-1.469756001819842	-0.8924328266846377	1.6215986478086033	2.0099587863861914	1.7906834614543978	0.18600633486753537	-0.1196314146018989	-0.6188414897385094	-0.5807825492316939	0.504756753990175	-0.1103783465871324	-1.078944787821956	-0.26070348789765707	-0.03836391110893022	0.5419677797879054	0.12107293177230954	-0.5483739008863651	-0.34093845369978765	0.8825966670453115	-0.2965019416484184	-1.8027079708537288	1.9027509565823022	-0.6779004241943613	1.2245249922828176	-0.8039162698119905	2.67132227836639	0.8359806617260944	1.255810011374186	0.7736948768963151	0.12377424766203696	-1.6430917651613886	-2.4123783707149347	-1.9499109580381047	1.874359011553034	0.9191664119125773	0.8937807010474697	-0.6273121533399458	0.8929470962932182	-0.6938993300365429	0.22514372588919346	-0.3544068107020365	0.4850462257264754	-0.1164066448776203	0.32983970905026755	-1.234832447089751	0.5040079481831075	0.48423244188615705	-0.01224126034599599	0.3677757957829888	0.8925436768523884	-0.9334671271145886	-0.5982117899503961	-0.14693090213899418	-0.357542234763929	-0.961514039793047	0.11970011442669616	0.7787247459852391	-0.4497321019325981	-0.11456605310980052	0.27870315375415056	0.11904380829414905	-0.14674416453442882	-0.9206602478662391	0.27067387675601	-0.7556082711499208	0.28494881829208435	-0.43085717904018295	-0.6952026799452159	-0.2107038962006379	-0.04868657728166817	0.14644931163725253	-0.18748863317612488	0.0270613430879315	-0.3747712639676682	0.16311608932106286	-0.404115766259209	-0.4164355616075654	0.021181209962180404
DTXSID8044547	-2.131438824736164	6.731860912463214	-1.5698134421795298	-0.6710492302580856	1.003820505068596	0.3041915499829893	0.45300121150851597	-1.716856788938939	0.7566901368434527	-0.7429282328077876	-0.8242450480862727	0.6801189161270641	0.34485189799701593	0.23672761767101844	-0.281691745802164	0.7886523109321347	1.2259084260196191	1.2950705412024248	0.11648496738369259	-0.3096875001770039	0.2896088857237761	-0.08620868846869272	-0.8223530421917989	-0.42226487967788123	0.7763114582694448	-0.5015053220507116	-0.24305931662928282	1.056460655208997	-0.5377634873484269	0.32756880868324945	-0.112660020487074	-0.7013799767648695	0.20180365459207006	-0.07806890726122274	0.0414472575591402	0.3152134396287911	0.1982342538894152	-0.13937168364892805	-0.13540608884627067	2.162390242640454	-0.09244981741118817	-0.0808679209971575	-0.62119188632111	0.35997406769871904	-0.6090569627047808	-1.1919217857445314	-0.0671256907067159	-0.6070239761486909	-1.3761759549125294	-2.035284132459868	-0.48731136736040814	0.6602376038205506	0.3829321272129239	0.5617011065398407	-0.5381915571963203	0.8842645701814403	0.2945211394326653	-0.450512718748287	-0.9833754542724897	0.16195950649922358	-0.6403980486598518	1.0593634929430877	0.8833731704974106	0.14478573839190423	0.4261583493436437	-0.2635197120835748	-0.6710166888743039	0.5231370272265782	-0.45800599068768627	-0.014923118953958151	0.3028968571317374	-0.23831411924868284	0.07357587786532087	-0.24664239307693364	0.7316519027026052	0.06654430004323261	-0.27669497577313507	0.5093520222204746	0.7051138806590274	0.0966266689938873	0.6906391839966514	-0.39489926006640763	0.3720444017648081	-0.4901271724307401	0.7459819504898354	-0.2998624473743341	0.03921219441616376	-0.06624524356045797	0.4276840143391878	0.21056791859235358	0.3472157157357929	-0.015086017016114037	-0.037051453393272066	-0.37161025873511583	-0.014882222519929319	0.2862741440333763	-0.21980889324309622	0.033460567729575987	-0.19883161436213187	-0.14197297844075035
DTXSID9026059	-8.666081379891219	1.4038776036097258	-2.0776557518598273	0.48810755945953577	-1.4062252904708101	-2.871079345895642	0.0364861600527446	-0.6676531529629786	0.3262643271110328	-0.44427144448941	-1.4573115305924427	3.9245952677362714	-0.46379600501059376	1.8390482711256964	5.542633583779209	3.803384751349333	-4.024121534497419	-0.643067048218861	-2.614321048202808	-2.9094028885168415	1.2260071139784383	1.419665151499105	3.112144958958056	-4.90348630214945	-0.5217560401965663	-2.535229452827039	0.01567927765425452	2.337259333646016	0.35686401011461016	-1.120580056933813	-0.3107502951542559	0.6945818091476246	-0.8279517530006274	1.9499301623214387	0.7216913253575098	1.7424689540750486	-2.0348003366540515	0.135309220579488	-1.4640759366233216	-1.0099103799976017	0.10885887212736611	0.15063337043909178	0.41895938517980974	-1.6181806956969877	1.194843004310704	0.815299901103021	-0.2699339179618061	-1.0650909675369575	-1.3787528097843542	-0.08266346939143192	1.909838764391955	-1.2099766903411429	-1.508241458248216	0.2129440890713349	-2.5283845353389367	-0.5383862193120561	-0.28352897235035657	-0.5434625546174753	0.09425103813879863	1.0659504150071624	-0.6400303936198212	0.5764216882409632	-0.3387449499508069	0.16006086023122704	0.2606976071408346	0.14283228144895452	-0.0799275470740534	-1.0368798372713754	-0.22083856260670504	1.873763950277656	-0.6606175920251111	0.39179293045015806	0.6892622778589876	0.16434285175264501	0.2693588083010144	-0.17033923687440997	-0.3158056321742457	0.3515347207702463	0.05194795740563127	0.21169588654265473	-0.7908422241469483	0.060410446360288014	-0.12892226513179658	0.24588154663437298	0.6985393430816307	-0.06380817620546197	0.16851606416984494	0.5883766462016775	-0.038031886909528474	-0.5122601485134268	0.48702338031934206	0.36704407311586046	0.02956990926480837	0.3081587450936962	-0.0300645365513689	0.2992187894474335	0.13247367450150246	-0.3845049321213335	-0.009240654762780567	0.1225450064879468
DTXSID0048682	737.8480207657601	-249.21726611590003	-68.11365821428514	1048.2131708791987	273.3460622353664	-241.44893150023952	1894.7375451079631	355.489578831263	-464.71592805875304	2203.8365680605516	-724.0920031098121	1905.074046616304	458.9493575437893	-166.99399901951327	591.9266027449228	-974.5049274726068	-621.3767634916841	1033.9833470144874	1265.1025456879397	338.96067765404786	963.3663343604593	-482.41289955372736	-632.9661554714369	165.24244209681845	-368.12352826144746	-640.5973388380029	-318.3268754723066	329.3576407927257	74.47745528790495	282.3937947319405	88.41963009894026	435.39098687462433	-60.747245876977885	262.04490405171003	39.53816227914446	540.2329023240205	-144.26704550796882	377.67917524314385	-309.165178767502	105.87184204966542	-27.64435625598858	67.68421793738895	-136.1470696453361	-111.26518154768185	-48.23597861755055	-37.72207827495772	71.13167907002251	-259.24756330727405	-28.82881961354103	178.43531889348748	-27.331651948946813	-429.4264312142542	-383.64226728285064	-56.67789215087385	-95.46146086386783	-150.8567541071452	535.7673855063406	88.6588966003925	-798.825055138872	-293.32869594329554	580.6642466093573	-558.578906910739	305.12158151007077	65.93274525006636	-477.39058247087706	-1516.8767236483761	-132.31280216809475	-602.8667209667302	-478.7568089714086	180.14885410633633	-529.9695861461558	-907.1233268251762	-177.90911823558167	-226.91729139363335	228.59713109618568	319.1057058979763	-938.7372379440343	79.34101752606128	53.843869197255266	-914.874216440488	962.4105883813415	-858.0997837201605	1208.7419993877004	-1499.4533182581974	-1166.5619168854548	1197.915493176043	-374.0050607416469	-535.5082050437261	-141.14888946323987	-360.2663670073623	128.92202169196582	-980.6979481035711	343.1842318916352	-289.256770859247	37.55841477439786	2135.2047935893675	-207.44690181006519	-64.77879369574309	239.87151001515997	942.59005635506
DTXSID0044361	-3.2700156948952173	0.6367345559447931	-5.052702949391674	4.621728517282463	-0.06219042743708503	4.313876218223145	-0.6625401925770772	4.213991305214614	-1.1360141216613602	-2.865033819633212	1.5737905835434345	-1.8930263863045451	0.0052879305166448655	-0.5801339242181272	0.020571000353835484	2.8916259098353962	-0.7783852052504181	2.7157333065189135	-0.502691535336455	0.9524763250756003	0.8258260516135277	-2.793719792856504	-0.16694379299516401	-3.074411574378479	-0.9110571112479913	-2.5024412948350854	-1.7234522659617395	-4.219476004218852	2.6555687255706126	-0.905042428896816	-2.851678418437216	4.142719736254467	10.001456979470968	0.8946456616197992	6.0504695141185545	6.516102756358778	4.13964241084067	-0.9994230294798984	3.422992746761791	2.5828009099435065	-0.6944088255164057	4.044658929196193	-2.008038712546262	-0.6735098874063337	-0.27323836197996326	-0.06943891250001202	-0.8828474906204572	-0.24315729790535726	1.192823380707748	1.100253883346981	-0.8093215092267589	0.000792041503452766	-0.9387683508741766	0.3680290509787714	-1.1917867567802	1.0420334739092219	-1.307193949035637	0.0432287219285713	1.2323285159636517	-0.8368169458171407	2.0136957442124492	-0.6060830820689339	1.1137819437715684	-1.7414999731230023	-0.18247277734994005	1.697170235052417	-0.6587292439621434	-0.5158845221864726	-0.10078312662123635	0.5420867288077998	0.3124726463976668	0.08088219766312073	-0.5785757974771336	0.6384943956008381	-0.29002539789418347	0.319302282848234	-1.2586074591934469	1.0655433535919556	-0.6639526959190984	-0.23126480319218998	-0.998479353374789	-0.2403091556228903	0.010100945968202771	-0.992044562918264	1.71667939347789	0.2510939291399811	-1.7038740901579317	-0.46957855255229747	0.26055568184716504	-0.9098699800585867	0.3091608727269988	0.9853212869679219	-0.4522736792877612	-0.5206481496320259	-0.14104196935773797	0.5211786006122214	-0.13577766344906467	0.1482125486655408	0.42719459791845404	0.14153014578652617
DTXSID6051306	9.34917679641167	4.8092993662078	8.098913712656369	-2.1294877540176973	4.4422409645220995	-0.7515045858135193	-0.7689309831240492	-0.46591699769005046	-1.7273945062624994	-0.18474674430367885	-1.8285142465226414	-1.2776920062815904	-4.997843956087894	-2.3453658175094496	0.2558996807495441	0.7571611366335534	1.8747266788776742	-0.16157817449875964	-0.5561286254598239	0.3143079304366198	1.0054251983526041	-0.5262391827123716	-0.00885272214075824	-0.12232538532007065	-0.03262245272399806	-0.08445345109110264	-1.2574789894676197	0.8757216718995907	-0.25567775568815715	0.10638369006046249	-1.5245170127221959	-1.1247585542853853	0.7205541278383718	-0.5963287347950216	0.26545758344867054	-0.5322867638269111	-1.359636452029636	-1.4744103173953809	0.7158268910629025	0.9426736471725105	0.039992106380657706	0.12470478428378233	-0.02761641561674001	0.6542034562903595	-0.6999921717376737	-1.1244190087402324	0.08798441565383892	-0.7168026109193473	-0.5357294161553224	1.0283292021838228	0.2097432101521536	-0.3502171342149524	-0.1871239250217803	0.9369728546970894	1.8705042632101903	1.6909938512720526	-0.25415547805728894	0.40144118059523176	-1.1938874535682884	-0.04231908478069532	-0.5661797654915994	1.7523097600329076	-0.945555165708229	-0.32520355866589346	-0.6523894193382411	-0.027133334082249896	0.02447810823791362	0.5204469616377051	-2.149269263408638	1.810132122810799	0.6255591526880416	1.4184938076681524	0.5775468176286407	0.6926530919123413	0.5521444025914853	-1.659958078469606	-0.9255393543820409	0.8302218040343295	-0.09955290196379964	-0.15346172945528358	2.216320202000355	-1.2298698758980335	1.9543118242145698	-1.4871953671294282	0.29613351419812617	-1.22985504975133	0.5098376879509765	-0.7577709670810502	1.2128911320324918	0.8019957510113708	-0.5101008065557602	0.7902403734580177	-0.8984985592465176	-0.4996683461947179	2.2227387906744838	-0.20447248853244038	-0.11751268349273236	0.5831553777982135	0.6299813955555349	-1.2927802205277727
DTXSID9046570	0.7599690727646672	-2.767301276306095	-1.070452004332323	0.5057452461041878	-2.3183858597055673	-0.2817751433956495	2.6804332639342334	0.8017125535079408	3.214902439141456	-3.268839491621065	-2.3667379312425147	-2.466778714811716	3.0723872924774365	-1.9301993797736894	0.1687804863705298	0.7505663329533813	1.1611968869414337	1.9866804336747825	-0.5673141324045291	1.8967533224736237	-0.927435623232413	1.400057316849276	-2.000213590678629	-1.1004184212446404	0.9507592730460386	0.07188832476636176	-1.2467765864362401	-0.7308406797148981	0.2561237944741044	1.2643906095482444	-2.4148303875459716	2.337839364920452	-0.0005227040121448404	4.310870208447584	1.8514862976228463	-2.1658169047061078	-4.380606917529235	6.856056752699085	0.2012045346281374	-3.9283227310655744	-4.694794205417743	4.649445374012241	5.634275093886245	7.170271344224744	-1.5687301211160682	-5.400243901270522	-0.8258725641904303	-2.713413885086334	0.9017851294649166	-0.3064879804288547	-0.9306294385807024	0.5376007038040616	-0.44950252148943515	0.49028854047720766	-1.7109248667458055	-0.8117015225969639	-1.5422247024983904	-0.37201352961073714	0.9333901389974123	0.7056300656954443	-1.6579955846150907	0.9089466497152114	0.35753153833003987	-0.6905443250041761	-0.37214612610964626	1.425927869885686	-0.2819501682023679	1.1480094854776826	-0.5608197236447873	1.2428915270832357	-1.1609539907064572	0.32349528203589023	-1.6030488555761155	-2.045853326386553	-0.16211091982425394	1.4697326323481301	-0.4722356960998513	-0.2777023037216645	0.7805686355260583	0.10800608884771963	-0.13941268438622545	0.6151957989309864	-0.27622922713744663	-0.06181844294561652	-1.8902889749563514	-0.04106241929459585	-1.0081376573867598	0.17585751748979653	-1.9199880830003246	0.4271072412344561	-0.5446875173827908	-0.4947057818466084	0.2723962994246778	-0.772604793930779	-0.16974262881598473	-0.18509541656928363	1.51217513981655	-0.22145553420705255	0.6455326076509615	-1.2167845654528597
DTXSID5048891	-1.7308456543358404	-0.08062137139027087	-0.939098714185685	0.9267123351259116	-0.8288477201950245	-0.3810121603610638	1.1642646033547637	1.6584135706559742	-0.16424191735305313	-0.4579287788944996	2.6266428741163983	0.08699341075751366	-0.5428100052150734	0.23956001552600584	0.06232443408836205	0.3473006555995646	0.3312336384724616	-0.9683904588086472	1.3391950408150792	0.01092610004221737	-0.6122513210866014	0.3035758129252678	-0.016323702424077123	-0.1920693905390784	0.7517101807355903	0.6488648281086354	0.5471394436730611	-1.894814183611823	0.5504135990080415	1.366638893473285	-0.5447110211740883	0.3305980365553717	-0.8103165864715448	-0.5548924659922754	-1.928298420116385	1.1862434589291184	1.1380298658114674	1.5837612082610106	1.2194552156784721	-0.28919600104400617	-0.746235864185597	0.10545838001101059	-0.16885672113665595	-1.234093550058943	-1.3220019634878175	-0.1741278379100359	-0.020969303403676445	-1.0826009526402298	0.2533229714946288	-0.731241345024269	0.4052862876070035	0.41905229984893266	-1.95440814523512	-0.020519807152027728	0.1330298632652774	-0.7565768762298738	-0.12558579640513515	-0.6418702817011215	1.097902088567771	-0.9998557969081039	0.1028405316059104	2.5789788720721716	-1.612593094811511	0.15775311173900936	1.1833155014148673	0.09319796297483318	-0.160232790361501	-1.775874181690917	0.5359158863316548	-0.408166993751803	0.8146794058471013	-1.1311366775150826	0.08530689767748796	-0.22939997299754916	0.26079293981653123	0.9788563104403554	0.5446021956126645	-1.7555941782848452	-0.34283437575910125	-0.3548984583176554	0.16069821364527845	0.05710828759537215	0.327245789577524	-0.9340759323717528	0.05690733542899384	-0.4504174827849128	0.0683801346931635	1.404777027323246	-0.08251326192259673	-0.6540314147890492	-0.07035736397916696	-0.8700335224855861	0.600061087869394	0.8263141135651232	-0.2936315119995469	-0.0860312593406766	0.10755572161289514	0.11592388208201851	-0.9152305255152191	0.34246249271997975
DTXSID4047703	-2.754465736459102	0.6581431892342415	-2.4769478151355973	1.4325303104311315	-1.396256006385641	-0.6599256206229391	1.557402150878128	-1.0099595941722357	2.0851448299503117	-1.0907696553180966	2.067948347944709	0.5956515126218993	0.646131391287399	0.510264789977995	-0.5838783357346486	-0.0868741937413722	-0.214057701498751	0.850388187332237	0.33340379706027296	0.6455905057836098	-0.10611795669261377	-0.05459019260026296	-0.0042024679832255675	-0.8233119924000313	0.42738926409568667	-0.6916762084224468	1.739550685265743	0.2399605319253332	-0.42454809110480557	-1.0715035228678031	0.2855669948170713	-0.21183723055916662	0.014121439723673008	-0.29142641481406023	-0.5579887183414323	0.17298784514577237	0.8132176300021935	-0.3272854140057801	0.04001643055206115	-0.29187148159756665	-0.13832984060003403	0.5144649089751301	-0.4562354034451303	1.416121036690131	0.2548837240229296	-0.19337915401882033	0.3336765603991024	-0.5745380645100944	0.914687187292832	0.237495192859179	-0.9435226800701906	1.1559834891744638	-0.6023180552676293	-0.16942402148422206	-0.7055644302035522	-0.4473414331425956	-1.4459410014875673	0.2110634607807888	-0.4412183477582319	0.32176657949897003	0.7987468115193862	-0.6260240151629058	-0.9548537786285979	-1.031065681933221	-0.7355851662133992	-0.27660104938104346	-0.44246195106038627	-0.025618571897639213	0.7980839189782851	-0.47132300310958064	0.3914676446783778	0.5092129317402334	-0.2748979341882252	0.08200616239477562	-0.5941422299670135	-0.21141653255500886	0.5309834227170249	-0.5617461674830537	0.338812604107494	0.24656032590332408	-0.6179322418228226	-1.2148023207088212	1.0817064044918028	0.5969605540521811	-0.1473343861595686	0.6027152648170213	1.560670831046113	-0.07959656479029194	0.5299947784285641	-0.39213850519375343	-0.09304635160951695	-0.0860102996452029	-0.9415445313868623	0.04462948316156141	-0.4139706587658686	0.3758567310317239	-0.33682576543795284	0.24025346883444862	-0.4635648828267887	-0.32227143174695894
DTXSID0046517	-6.363701838821226	-0.5316355590780195	-2.7467826489006018	1.622712382767821	-2.9613173397398773	-2.0702613442861413	0.9219015077124332	3.7744453632155475	0.09378792416957589	-1.7251771716917113	-1.0527311934185013	1.149874199164219	0.9471764945782397	1.3189904243238701	0.7791779041972997	1.6918195762718087	-1.3368089753651926	0.3383089225036867	0.46984278597239176	0.0749073805552828	0.23649000904737252	0.8016648348239408	-0.31740665728370293	-1.2491938948250005	0.6731525880232097	-0.9456880101252894	-0.1586799097706245	-0.1999902103570392	0.18420489030326026	-0.2547313852679597	-0.19315731236722128	0.9207247570401819	0.14522555093476647	0.07321890419939382	-0.5575284078236507	0.006223362670204138	0.5289384772856465	-0.5944795205557126	0.40110071611587306	-0.5730510039277422	-0.795326905282277	-0.2768056926348827	0.20311057878476058	0.4087874190739314	-0.32593584164058376	-0.38106612426518893	0.5999494038626386	0.1723458894684222	-0.7509285087606042	0.26749403520755555	0.3315206696545736	0.017918564509151337	0.15469061980249021	0.37103461631137374	-1.2509547348968142	-0.30396229217359283	-1.3105762249476576	-0.4316206194218405	0.5947638008106416	0.5504492597452284	0.1439263773907655	0.5353608959013699	-0.8409376990392237	0.18967507323443403	-1.4427559098394664	-1.805338722555171	-0.47590035367117073	-0.5528639847907226	0.4805831960642178	0.6996444613731236	-0.19239529328122987	0.13792383745942985	-0.23788887139324413	0.237401949905755	-0.34149728224245984	1.0151308471397107	-0.0038004906896268297	-0.19370999970787062	-0.6266657050134135	-0.06414558105627576	-0.1147593746993626	-0.31265401537595544	-0.7591891740819636	0.19067935755477564	0.30019086164746644	-1.0512223606356945	0.8952491288445555	0.5866024799129788	1.3450525818068928	-0.6684052267476325	-0.0800714823149963	-0.08920653322295803	0.2178814553125583	-0.24246498332297187	0.15582934537595214	-0.4311581117161848	-0.5356589254044803	-0.3078357357352471	0.19983027804719378	0.9094554275924434
DTXSID2029246	0.7445249520984051	2.939215548060339	-2.8283514256844215	-2.9975807706282187	6.593029944913082	0.16375838175635357	-0.08090688928268816	-0.6294419524341688	0.5945969700836609	0.2028506450014178	-0.8350133116223579	1.0082053645764564	-2.266872245070575	-1.0044603843725088	-1.3242776418852642	0.03032062504718892	-0.2972616640728041	0.3679846527599141	-0.14624763761497686	-0.7136908085881584	-0.1832504929591367	-0.2062906251630356	-0.6484224894167442	-0.07592823247126623	0.2693848778442653	-0.145548705771076	-0.526733007509143	1.4518385684751696	-0.44769513275532374	0.5564775387032646	-0.2698291610146734	-0.8371641779852065	0.403976835145279	0.8357126049951353	0.810054440586343	0.778202637222397	-0.588837613821726	0.4551858430019741	-0.5661239812560501	0.34054352705251995	0.2745208197882953	0.23530216891445918	-0.5284182423759862	-0.4874952965371038	0.06396137368523704	-0.042474256585806815	-0.24428628280583767	0.15894718206497804	0.25344545865541707	-0.9262455548205369	0.509920308044537	0.18805191757257275	0.16956786529971202	-0.735514282669399	-0.3825876676090631	-0.05069853293478597	-0.21323756446520717	-0.9539213002661152	-0.8990811079301988	-0.48554624808539315	0.22260314055359115	-0.5121891023302299	0.08174408466569173	-0.7072647176449002	0.48444220282615474	0.14502822233564389	-0.04429613331093867	0.39567256321226374	-1.1974246070008026	1.0001572445081566	-0.4132060073919774	0.039988960580662265	0.13206585644166435	0.9176077587304599	0.29961416082401177	0.11400453704574008	0.6363824112255048	0.4110780951675074	-0.04646733961297213	-0.02418579703320793	0.24480874166567043	0.9028362682491199	-1.4360203827532774	-0.6052773446909708	0.17283211681202046	-0.26706267723913524	-0.28604101446626556	-0.253721505723148	-0.1464972018495478	-0.0422870779944014	-0.033144886625128815	0.22714866163786118	-0.33093465050341	0.9827020359609123	-0.6494494791540003	-0.2308528301365711	-0.81890246178541	-0.41210019424434086	-0.35974940555324164	-0.14994476033268786
DTXSID4034528	5.6615959526380255	-6.807101481956204	-3.855375574738169	-2.426295574453247	-4.0895004035180555	-3.0700960297521194	0.7225287686222814	3.470971080884597	0.9858074354585976	-4.107178381243151	-2.682977753660567	0.5966602592370049	-3.171573038664906	-4.834355994127066	-1.7586770664688993	-3.0287977064711935	-1.00137346364174	3.8594464788758662	0.8151079773172891	-0.6160629644035599	2.423205392349177	4.932518211047498	2.0676324975559477	-3.391822626635147	2.5693440583804894	-0.19429102333528686	2.984357763710536	-1.4711176680415812	-2.930254774463052	-2.551120750924981	2.5261009660301528	4.092557365749453	-3.01022411914838	-0.788268738114061	-0.18943958047074388	0.5396050779555407	2.258078000375111	0.09800770766157883	2.0188961264871934	0.10481942666964292	-0.2863287303377665	2.0267860642605826	1.083379535473467	-0.9430245611289287	-0.423420530019102	-0.9062363315725438	0.6846981560031133	1.1968909793137212	-0.6220465056896934	-0.23323579137690054	-0.3398576778525109	-1.1304096805871406	0.8417501823636045	1.2877755819520704	2.7395491741291824	-1.073905955706078	1.902321609972723	0.6587221506974607	-1.2877159960013538	0.504370022280997	2.1316021847881115	3.992045012277583	1.347347858566149	-0.21609592174525	0.7450047517429111	-1.3246674063111314	0.30471533318355415	-1.027790158851076	1.9512711932148121	0.14458445052922178	-2.247171750821446	-3.642633475757798	-5.250219531432938	3.7862327464320473	-4.077498290422363	-0.6113412742058723	4.2430956556511665	2.941384019589363	2.377214543215552	-0.33003684223594804	1.4127710884360598	0.11646359354288063	-0.6535166842334079	4.553969913953898	-2.9905378367452964	-3.5617287125174992	0.7734157108037342	-2.1757269668342354	-0.7619376980023418	0.8512542095294421	0.595937533666628	-1.5095773071601595	-0.22865514048477878	-1.4974889903416435	0.15001994822120066	-0.8559320842244903	-2.2640611892563154	-2.2905090811761997	0.21487662638234492	0.4471372860382029
DTXSID8040721	-1.8672874548632856	7.633141283415653	-0.2952675298976612	-0.27354061745668234	-0.12955367269250573	0.6246939787480977	-0.7340874650640206	-0.7453796428080335	-0.3454593088645034	0.13155443409494613	-1.0408563706198533	0.30620575498185837	0.2927106685575196	-0.19551555216169067	-0.6285134517173319	0.561559092888803	0.9614572062818985	0.24860622787219225	-0.35925242265833207	0.31304505104575125	0.5560439034436306	-0.7663139724490375	-0.19807365398525784	-1.07424808737139	0.7672734542580727	-0.29841757810739233	-0.0993576556259319	1.0625344130889418	-0.15827864931759655	-0.9751648424574142	-0.24773065564104627	0.10860981508943265	-0.3476801635573016	1.1081484446966499	0.3320433642208174	-0.18914598698449728	-0.021432427744017664	-0.12940247214101952	-0.44967316996962653	2.0008686719810105	0.45050801432149423	1.0852599033623491	-0.5233689466267236	-0.2472110178321652	-0.07902617108948788	-0.8569947444221475	-0.7506963046840416	-0.5277862837278667	-1.9084687944359688	-0.8735288225603086	-0.5700733218438436	0.4906635648099829	-0.1348232389473997	0.4643799467076235	0.2839756806049015	0.455758702445687	0.8025318941520228	-0.21928168894645533	-1.7073543868556982	0.2296229709476131	-0.5286898190687673	0.5549401598030941	-0.1882241644038026	-0.219859803632388	0.06729475102347708	-0.05582548761513129	-0.03313582267698881	0.8579725373524602	-0.09830432053140431	0.29578305795675724	0.4424425339302498	0.2756416853379203	0.3300275130523022	0.16294925442209762	1.0454520412709305	0.34699237412492906	-0.4398412615099122	0.03761974974956684	1.2050509069546043	-0.21100224194156605	0.9459596470978566	-0.6261064515816803	1.0196736907577864	-0.8006245601785443	0.6640919809811234	-0.7129971371964308	0.1281296975457605	-0.31191238354655954	0.4590745493174398	0.41904470844763175	0.20391051251474152	0.2592088547513801	-0.4068434983424048	-0.8816900143830712	0.6726684740765885	0.3286100940847326	-0.005921333245557397	0.29599125015946315	-0.10905924033795085	-0.24475881592978999
DTXSID3047001	-4.937960591861565	0.2756308083106808	-0.395258452626557	-0.10676502064066995	1.065132456769887	0.7813299289306443	1.0893149183490092	-0.3563752979151332	1.1123889436501482	0.7404283563724431	1.6467665111215912	0.9018397263762292	1.7863415677098309	0.43457098962181606	0.2772494688752107	-0.6915758584618614	1.3685293222394206	-1.3903074649895804	0.6899513818395647	-0.3058161222458091	-0.25813959105414364	0.3223196977276951	1.1591154973260862	-0.7147882079105328	0.5526740350022524	1.2779012618623802	-0.21919363808579082	0.20423233468659488	-1.12183087211793	-0.041235893432460535	0.6295833395242926	0.9177766898697162	-0.38684666064049333	0.4999746141602457	0.5106352253137849	0.2838929680949713	-0.723867195550594	0.2833306306573155	-0.22038972579406677	0.5946349326752309	0.21761958373324525	0.22469113974498914	-0.5249130234084393	0.8698631780343611	0.4265786136696772	-0.33965776313970836	-0.697171433812444	-0.4648030234448623	-0.40437778165640875	-0.31518576198658027	0.3390980450394716	-0.22956638559374076	-0.5912953422252302	-0.02903775445229372	0.4644373602492836	-1.3289315228274219	0.19498869718688072	0.5695156501187756	0.3022835719683657	-0.9175149966744293	-0.5730305016411679	-0.46311474784685686	0.2563054373470563	2.29869397823255	-0.49833082776734805	-0.3505329817855329	0.5974222357263871	0.5582771445789569	-0.02854282923612894	-0.6767760313729028	0.0775215314579692	-0.1330907759289362	1.2695311815395391	1.5353137881589984	-1.3558697724640605	0.6850882283022791	0.7660499783238623	0.2703415530217355	-0.22635717677056125	-0.5615116527373467	0.462244681670685	0.21001640189741694	-0.3319694032735331	-0.9535297000547297	0.6445200741981915	-0.45550077534098504	-0.31235298617862367	0.9264889841873447	0.4420327299686466	-0.580861578260245	-0.6055602330911113	0.5250978471769563	-0.29864634328963713	0.7263842310937606	-0.1649030102983279	-0.029343285506092963	0.039089695636722245	-0.1389637301704559	0.3977546741613761	0.628576395141443
DTXSID2025761	-3.858213782442227	-0.5006930402321013	1.5083230381341017	0.9566371124440428	-2.154518056625703	0.7978944131606553	0.5491503732577994	-1.0634491901715113	4.728896122798751	1.7503769121023043	-2.9230624662304567	-2.505776035023608	0.7557651243897375	-0.7773861602195075	1.3270969235099546	-0.349965814396958	0.16967359442206276	1.0031231142873502	-0.9865112182631824	0.9330687167855253	-0.19720064426179498	0.3455923356299369	0.3922856676708151	0.22934072339843364	-0.4896096648639665	0.7814813828031028	-0.039431778451577235	0.5057340433446826	0.5193444712407518	-0.41845811437053027	0.632404916997857	-0.43258504903694783	-0.11141684821976605	0.3945139248455061	-0.229011656412213	0.8692945716251138	0.6962736679305287	0.6074793692904868	-0.66676190990236	-0.6360047718981298	0.08054558855688652	-0.22018859980352487	-0.3821075113961956	-0.3182078698640739	0.1992496469374323	0.6256763164360851	0.4362053066964608	-0.16554574659322682	0.32196246269350637	0.0915138176012668	-0.18902294869114256	0.0619569906987476	-0.08507761184718016	-0.22381052834048396	-0.7483698684751188	0.12648860601235679	0.2736874530596518	0.029452433734405238	0.6771383852608949	-0.3045280177310276	0.6335966345235019	-0.8482952216301899	-0.3501001908899502	0.27772771131536317	-0.5259104256378664	0.11884218745644036	-0.16434023691677613	0.3397713618562721	-0.05207929893624856	-0.30290408801983715	-0.22078108465938265	0.04843014684985469	-0.5805420131653078	-0.5209463995529264	-0.4698558424203875	0.3776567398274231	0.6953739945415528	-0.041084765355048555	0.09423312993662411	0.20000969561826207	0.044484014494859975	-0.264763232631904	0.06311440929060022	0.2774243906325429	-0.027874103004755988	-0.49193191942668374	-0.05346621911346931	0.530345280643655	-0.17519844315856664	-0.2095136809394543	0.10357510130725386	-0.29591233915828447	0.2949609026620288	-0.7671114073943691	0.6493160166870368	-0.34120578162806847	0.1544234523734982	-0.6864462017493916	-0.07719251497648115	-0.7314052372690947
DTXSID5027304	-6.703522793426984	1.7279247957500732	-5.027540194942746	-1.3888694831853752	3.3571147792904146	-0.8715266730248165	-1.5999099482596282	-0.5345073524696057	-2.1943708349924465	2.1789160665753955	-0.5410616697287098	0.10730842952759151	1.7300455210804462	0.10305780953351235	0.842072996864391	-2.19455450219995	0.8264702593104242	-2.2148612111455246	0.2633939369623708	-0.3235375817978682	-0.28050661203079746	0.024008033574463513	-0.7222127303374599	1.7282131047712537	-0.657243298136941	-1.5120274656061268	0.2124883019956186	0.7710167792853846	-0.0011446776185294679	-2.261551241892423	-2.198546795272209	-0.23795214031211392	-2.4583253529925977	-0.8786712712339418	2.712696561792348	0.9442022708708768	-1.0335028113896867	-0.7440970702908997	-1.2048224041380033	-0.6300277316546413	1.3549073415744934	1.9498867665136619	-0.22809020610167047	0.13420047455911147	-0.5813415037833548	0.2708891554278236	0.9995743661075771	1.4460433835680475	-1.0652512831225294	1.738746899374826	-0.7336780210539171	1.1906697334408642	2.1381861891166363	0.05009961675356649	0.07724240920650809	-2.159842428518373	1.0994479591321766	0.23770208363784803	0.022987681511992056	-1.1861629608592823	0.14039236444421846	-0.5024615571105063	-0.25241576661412707	1.0641459548844732	-0.004816349213697269	2.261737110507875	-1.4914278931558012	-3.0281833287075726	0.15767003672227362	0.1671406762073987	0.38743378351049435	-0.672275638857594	0.4440549681882357	-1.963064951471245	-0.4224081592302458	0.7116647428544329	-0.7192153126825529	2.0567745298518396	-0.1354424511949144	-0.517071295357315	0.7343231767151537	-1.3251017293482608	0.294612860844286	1.78825639163609	-0.6068479993584046	0.5681913167615614	0.18680893877127014	0.8703328508869165	0.10328526124098406	-0.8923471942076199	-1.4371896478241453	0.3167075176848622	0.32570720427896366	-0.7076980662583595	1.2795778021465345	-0.01686036818814333	1.4895161074827963	0.33708416420343523	-0.15262067992257264	1.6873327376120104
DTXSID1046506	-0.6636112306790002	-2.4452320285845546	-2.328663889718646	1.695875841992638	-4.015039230068159	-0.10284801325454189	1.091634997849673	0.7427161617972241	0.9702669246758824	-4.095488047336266	-2.0564739024405165	1.9122618571062922	0.9496317986134513	-0.16122011591005714	-0.6626848010894586	0.43812110781891944	0.559810646783704	-0.6548821108051354	-0.49499255035253154	0.15846519502900283	-0.8060219834705745	1.2420840441888779	-0.4808263073316427	-1.0347418352361173	0.06876643105615506	-1.4007172859526773	-0.10469122221885685	-2.3624541409013733	-0.47022486189490725	0.015412325267628119	-0.7901230484030889	-0.0006258125380767497	2.270181874428286	0.07522497540081047	-0.29745689082695026	-2.3031620922359277	0.9013855323571843	0.8369910775667944	-1.7472633104458917	-0.9597700410734775	-0.47778882693231045	-0.5062155048026117	-0.898610585026476	1.7360106831846547	-1.6162280095335737	-0.4698244715823245	2.43286649681832	-0.2752763819110582	-0.8884351996675519	0.37850821220351394	1.0698766219131863	1.586365912639615	0.695292540182909	-1.1415679852903033	3.237229098612461	1.5557363654176741	1.6782755650602845	-0.7028911375927497	-0.40910373402538097	-0.30165094909353857	0.527146852234216	-1.5927488296113583	-1.972748581580731	1.137453170668442	-0.061988532397724075	-0.8807166711244521	1.1340034012741689	-1.102705261641117	-1.2491959019064962	-0.8540451709594925	-0.17416464747646904	0.32005828855076907	-0.5442606010762138	1.493892031221083	0.9147375100919868	1.6748959346642003	-0.18670532983281288	-0.47945171103909534	0.31911536364634124	-0.2543383240229038	-0.7636192650857316	1.3191610306720754	0.44044227407187614	0.1917698422580802	-0.5446779279509321	-0.07770083345609867	1.0098652421449126	0.5852011126934357	0.23335073834322406	0.3290674183352496	0.1804529209172526	0.1582088540254733	0.9626896821333577	-0.1771874541790407	0.7728076723049402	0.07602014913789647	-0.24388123960325736	-0.44685989156150063	0.5967500511136495	0.12977980836675904
DTXSID7049269	-0.49501128252516563	1.3055335055464383	-4.448315030847403	-1.7428315497616895	2.547929599739457	1.5269439526934734	-0.06769050589601762	-2.088100827155605	-1.0812370312847357	1.011206018043532	-3.224603453219445	2.8931896453360118	-2.4704754399314637	-2.5288992277191915	0.3678034150714366	1.659294679440838	-0.8892894988681449	-4.9404691567041885	1.087428722155882	1.2969170752170482	-2.098006228952119	0.9329763089328794	1.5307703389761036	1.3532475696454775	0.13622852604193308	1.5212933428217421	2.3966287237202812	-0.8021867424070498	2.123541700621566	0.4105170402315491	-0.8338121207216911	2.7305453968694122	-1.7451431923469347	-0.6411968326315444	-2.856365562568913	0.8413366060594073	2.1720320449977355	0.25088430612873597	0.5440357900983052	0.8157860484006065	-1.8773127841545556	-0.14413567446835657	0.24932124399909494	0.344674493569911	1.3197249608728068	0.3537617321327504	0.8119704763367179	-0.15747929942949732	0.8701406560020927	-2.344071379836166	-2.142599056075246	0.8225864200144288	1.3433079174381375	1.154295291647972	0.14764508806536392	1.3202420828041483	2.0447607559944236	-1.3066664123075176	-1.9588187262433043	2.196086820430809	-0.3729530286097186	-2.5632138330488563	1.2831685934133754	-1.095432399231727	-1.0862084274890516	2.357505180452205	1.2796512490004306	-0.4417192381186524	4.15368182454446	3.7191848549430033	-2.9660185517889084	3.5300023915055587	-0.6336550726055546	0.34133223655235695	-0.5968578497534345	-0.5864790249340167	0.05578531201849704	-0.48309897194843104	1.0181061065971289	-1.185178185183734	0.7477463379384548	1.341662902320246	-1.0094645447475676	-1.9942011115424048	-1.046814066613171	2.0059419965582523	0.5720193945163269	0.1863774772149139	1.3350629088065014	0.6941356307799746	0.29203419868612773	0.5817652178684735	-0.9136632119054896	-0.44586098017314546	1.9685440664443827	-0.01675210677858378	-1.914752870948426	-1.5345823656408393	-0.8835789444223627	0.10199658261911237
DTXSID9049374	-2.127403727248897	0.9935385950329871	0.03885988475207292	0.7218042162502416	-1.3082355685125584	-0.5316839663094596	3.8129124760859434	0.7006850666905553	-0.06494840822065055	-0.51342247913382	-1.6877061228262398	0.2618496843378172	2.7207111514754976	0.5803341014371671	0.33732779582073996	1.409522362739387	-3.2103545151927815	-1.469180141796984	-1.3402421376986031	-0.9820954182842685	1.8623987802054482	1.1164905461054213	0.5435389802022442	1.6238589247127022	2.5513638367560203	3.5218835035811136	-0.47863828688864934	-3.9837606045990444	1.0169810253211806	1.2951177623650911	-1.4103836816383357	-1.8256800569316363	-0.7667919500407836	-1.2831221786412565	2.312669974877989	-2.3973877615409434	0.5010048055006462	0.8258759637610819	-0.534091611277988	-1.3418731296479958	3.189719683948966	-0.5274496239935597	-0.7928157501809084	-0.6106290534808473	2.1842899363879895	-0.5830075971092005	-2.114156798697873	1.007188710007426	-2.349269599672372	-1.235188342211501	-1.5874873395272744	0.1196151270956339	0.3359003266786571	3.0343903232534197	1.604479943610401	-1.122797145563312	-2.889595513624928	1.041463395662978	0.06349154081515447	-3.449383547081109	1.5296643649666533	-0.6765303479239745	0.7547164065480453	0.11900870376827995	0.6220391102925587	1.2493815830728459	-1.9239447526891162	0.8806281509804283	-1.2831995881273182	1.24009885646489	-0.9194351747377119	0.04953957655338385	0.2101355683077325	-0.8758355361192421	-1.5778450939566586	1.3429408834484828	1.603546202626532	-2.3203910189674857	-0.18984953787285377	-1.4932555392397109	-1.1373124575112963	1.1351037766014072	1.475534348895902	1.3832947355308882	-0.2992506240191535	0.040933344300751975	-0.16434605358100576	0.7026601832510385	0.27298609309169336	0.6379529321301403	-0.026568484289899816	-0.48050079258972744	-0.11880395673311689	0.24763615379203843	0.23831212969635976	0.9701251568189224	-0.05202045246721045	-0.20394959326540454	-0.8403862566962336	-0.5448688023052933
DTXSID9057632	5.8558316283201	-0.8252684199021525	-7.444198805604143	4.023053837993228	1.1107531251204144	1.8791591164125478	1.8283459882878879	-3.9968007519329105	2.410281935633105	0.05390229272376777	4.415927218336512	1.6840667643266674	1.192012695198473	2.754754458318456	-2.2353784276306214	-0.06073191305484597	-1.0746417964165995	0.27942258276315934	-2.077715220564036	3.436868229728034	-2.95152296558025	0.9956057683253468	0.6061025115407666	-2.966042617129582	2.6154757164006246	-0.37192951984965855	0.22113274794986018	-0.25831144025001873	-2.4115817127745647	-3.913806187303615	-1.43355937905944	-0.6651520813447899	-0.6049205842103583	2.223960950379674	-0.45484853039681816	-1.723821817371179	1.2119029861760038	0.33741447413697423	1.2980475652699501	0.02988906767269786	-0.311172285381649	1.1370280042164396	-0.42855352611244696	-2.1989867061758552	0.59369453960744	-0.5466254132676162	-1.9551458770316703	-0.2273354770239074	1.036276393864714	1.7623130550240753	-0.5560177200161722	3.0325667177311066	-1.661698966264488	-0.04630949824189618	0.42289457235548167	-0.8854544249521754	-2.5580844311588975	0.797140306981083	-1.0840087976032955	-0.1918145434048229	0.6469611271942493	-0.2629179188648065	-1.0782351049080123	-1.7612002734599648	-1.3519933375252353	-0.16380452995482975	0.3831086439009129	-1.5343995608822765	2.318625320949253	-0.9141104674939846	-0.1502061538135002	1.0680858125196808	1.0528526729785983	0.8616002794897637	-1.593748324020578	-0.875009798685555	-1.4732566292821747	1.4091827146656424	1.7124399469239444	0.5780077684181552	0.9222561512304354	-1.0581187829407765	-1.7419840095076877	-1.186836622108784	0.4202606061836489	2.8470108531634866	0.11884008351063245	0.8716412852533166	-1.4113951221438799	-0.27964426101941503	0.4032549826957737	1.1370150404645856	-1.8378411488501056	1.1018110840934385	-0.07819109392569781	-0.9581370189606415	0.7406388926939271	0.30594595270114083	-0.4101919079774226	-0.6867747919907636
DTXSID0042614	5.842357920509906	2.767207078144002	-0.5793958006991186	-0.3558737399695935	-0.9236952524355723	2.3390840503031605	4.1753364676234535	1.6295924487763986	0.21908599360858153	2.0439733104689886	2.706874120095085	-0.7865778143923016	0.3537611421717042	0.9515873876984757	-0.16151385251589886	1.7240696341885349	0.35288399409266347	-3.4802156595590463	0.47466637882301826	-0.7261111059341224	-2.594362029014753	-0.06119336578536194	2.120518545135976	-0.6483518468387179	0.44391075459154145	2.196808129418807	1.6747553741091497	1.204446444985145	-1.4186486037653936	-1.0429369809115359	0.5873715449915177	1.6001958851641245	0.5609293050292651	0.2877355387975292	0.16683008360799925	0.47263336080961804	-0.10334246691131811	-0.606171417253975	-1.0588026814780638	1.4879551312186234	0.48436695960554116	1.4458998822744429	0.20548425718316304	1.0792797217168941	0.5511921204204077	0.7584801212029475	0.14824844027766193	-1.0821736647513414	-1.5847717745319643	-2.3874961897337204	-1.80672691255592	0.7563737376239646	0.049878539190450995	-1.158085893482668	-0.2519714483197899	-1.4176560157915796	0.13153481129909916	-1.5361766912950663	-0.259775693815298	0.706124625365192	0.33005675766833475	1.7786512794944318	0.7344826786336671	3.8234846437382584	2.1261826316873744	-1.1981358031943292	0.09807849369491753	-0.06932500666198298	-1.2234174498513564	-2.674846586038799	0.3398582125692038	-1.183150114719421	0.07130944326990857	0.5608035921245416	-0.4695088323976801	0.5133976069088846	-0.5029036103869376	-0.005291249559685627	1.381222196349519	-0.35528540604222436	0.5607608176939111	0.42506324570776255	0.2652092992625801	-0.5572100680090882	0.02313881549884644	0.936047764985727	-0.10904820205233641	0.18612186183699578	0.46964191984480547	-0.303770377605973	0.7221833203218301	-0.27995626225544606	0.6077499283652854	0.7271298143235143	-0.7744862096669102	-1.2648409225425419	0.798992813227873	0.29522798886375046	-1.0020152956315524	-0.749395102325988
DTXSID2045606	3.6340665824470726	2.3213004275430476	0.3828943701305011	0.46445817536561906	-0.9581653827610332	-0.12424141910979343	3.170817880035916	2.0569258273945352	0.56615657324044	1.0474026924502067	2.434187130874785	0.5262914926694243	-0.131785741144066	0.8103817804966479	0.04985716905560346	-0.5052528419963945	0.6743519958579258	-2.447995244813711	2.006288873674981	0.24749425735855735	-2.3421024395653314	2.2872021399581555	2.5809202042745416	-0.8297054046143453	0.05297990431895846	3.3496627083443005	0.6040603765172274	-0.6984699098295256	-0.6007298450592572	-0.9457847048987507	-1.4939896038777698	-1.4774796821190146	1.4158081662115585	-0.5957727517705008	-1.4179590614795778	-0.12582722222900986	-0.13868163922072915	-0.3460291680125573	-0.13442420662955665	-3.463405397416577	2.07384092533638	2.8336763982968614	0.18577356284858856	1.4377755987201368	-2.731597020569983	0.697455215299034	0.10013460848542584	0.207248065240772	-1.706710862173231	-1.3405741125147892	2.3023292876879418	-2.5307241920948225	0.6482501116711765	0.9656118994708685	0.5694888419130664	-0.5452379446959379	-0.3167603794789324	0.9290602408545762	1.1241423999004163	0.140861899980212	-1.6488796337221006	0.5866544806872996	0.8749593233415868	0.418881592470533	1.3841466468187238	0.9346596087757947	1.5306794779148334	-0.06190500007933536	2.5244670544779346	-0.732598266888424	1.4211720296911772	-2.5364686021522274	0.4285265620432377	-0.2307147109246543	-0.5851609402014656	-0.2971717644914336	1.3139226949368008	-1.201505853236476	-1.6641179606932042	-1.3030610493684074	-0.12592048481608614	-0.4445216615966692	0.36536516597192914	-1.2488139228852997	1.3740047650167617	0.29533536967753	0.1421566059543107	-0.11853856933351355	1.0339657785927778	-0.43183558439832886	0.28864974717060615	-0.6937363976139153	1.2581281421631354	1.3924582094160096	-0.04713263419407769	0.06214732302971863	-0.3476438859406934	0.13462839399382015	-0.19020702029359157	0.3555675211435594
DTXSID5049073	4.808316957082983	-5.949758208767746	2.087732176157565	-5.7245418333609095	-1.8133955598575764	-1.587842963085714	0.5240738619519172	4.877683433058705	-1.3050642249376396	-0.5186817108254639	-3.0310693307222087	-1.0651826300917262	1.6822872656325663	-0.015335254058608916	-0.6921032227759262	0.38725699080619336	0.9336479688292617	1.1661982595274454	-0.5842200686777413	0.21114883356689276	0.9419217829134543	-0.8241524921049798	-4.382822602126172	-0.9994835572138392	4.390097031623113	2.7984361158268425	1.3401804868296623	0.35543044601983126	0.13798568513927334	-1.0432927076016911	0.04653908790257797	1.4792087167356642	-0.10817174482013851	-0.6022976107018039	-0.8635170672003967	-0.5918585975550099	0.6421790862727533	1.2443411992633924	-0.46966222325847307	-0.10441887633447433	-0.03881529352138129	-0.17181950106581778	-1.7875061500510088	1.177856159737696	-1.2688656943014396	2.060518686656772	0.6053118877181768	2.4289247510270795	0.06258501905365728	1.19972039484202	1.9950371998021825	-0.5252640054915212	-2.25080779892614	-1.5695227073759328	-2.1348695756151725	1.6977423969462335	0.22490449692885023	-0.5857340717323818	0.9124593932997519	0.9959415928407173	-0.40334757284968276	0.2707749217648893	-0.20750085470643448	0.9521099784512862	0.7861466067736185	-1.3355233624981353	-0.776035778068703	-1.526986458187027	0.9585606803843463	0.8088665257740646	0.6283524121591929	1.5555067156188924	0.9873788231591797	0.794907003051474	-0.4808454448374427	1.0059295409201752	1.2203767133641268	0.7705990245196473	0.021061406961879532	-0.2334941141514032	0.671203525291988	0.21267096625320436	-0.006093405661217356	-0.8596550198564047	0.413285091590154	-0.2624295615145359	0.246496139447151	0.26191299509820415	0.1868563367184726	-0.00694047007795095	0.3488564039877904	0.11538569928694196	-0.40444802932497936	-0.8503929956023237	-0.15632893253796426	-0.5574690865905708	-0.0558743219821566	-0.38862916155062716	0.08064041010034863	0.18614276486838818
DTXSID1038666	0.6100570999008831	-3.2457513900804735	-5.162612074226495	-3.071255657197044	-0.22173592415939108	-4.7703078322731285	-2.910276369049456	-0.7414262442460702	0.6351535997484771	2.4325189200315087	-0.6542275040950855	-1.1685642984781714	-0.330943461432308	-1.20471157869868	-3.954302747210377	3.602491525471856	-2.6074396275094105	1.0584875538317196	4.249359046131755	-1.6638710211132592	1.7941552051516765	-1.8289169186289942	-1.2865737046015737	-1.4709819149187209	0.9380643496891069	0.9445616544914438	3.4520146838781325	-1.5930427638514213	-0.5953306717797692	-1.884405410667677	-0.3676295678617002	1.2698529152049414	1.643870128557708	-0.9187702929875964	-0.7913186430534809	-2.2514747927588803	0.04946575667060524	0.32856508620325997	-0.018072233732043263	0.725176197485485	0.261669920934659	-1.6726327919215265	-1.5493018430977357	2.2197024044150924	-0.9229541519008685	0.5291415882746935	-1.6261461026391244	2.50006549582474	1.6974884371912442	0.740632941739557	0.3766960387027851	-0.7343787214590515	-1.542112773215069	-1.7454091810881087	-1.2159627599562919	-0.2335615745740551	1.4513333270064817	0.47157906604386457	-0.7024233559419413	0.9672998620584766	-0.8551279599774575	1.298990713884389	-0.2037832089135074	0.8184509425670702	-0.18293653290204348	0.750030273162594	0.2829392927801322	0.34188234489567604	0.9258346629857546	-0.4211041297393264	0.13823513520632183	0.38796408718648284	-0.21395109141266339	-0.6062910068282676	0.4516148289755423	-0.5898876500967787	-0.19880655160124366	-0.24657306805208673	-0.1993663299044357	-1.0941958092568072	-0.14329872404150534	0.18541494363968555	0.7238934848223357	0.22798254784214392	-1.3566104615152026	0.48533883218939317	-0.3757306130747098	0.42510140620045705	-0.4895299180157474	0.04574069806701706	-0.47724563891995486	0.05881316745114748	0.3331594382226012	0.47836840758980853	0.4159714654549686	0.000942635963497364	-0.393201094615177	0.0943368092855512	-0.12974523326986093	-0.2133119088659402
DTXSID7031797	2.70773696758991	-0.7539952415158184	-1.3772866825802257	-1.9054374759470702	-5.550172177629009	0.8442517913023174	3.7739485896018055	4.857080960716772	-0.238697276429058	-2.7792406374115246	-0.7694171600466534	-0.8081899440974423	0.04440674340820984	-0.22126030695462562	-1.0795503666129345	0.7219942549013182	0.5451690870855067	1.2743697775486527	1.3325710508833712	0.5130571821225952	1.610637285212623	-0.03352332590459296	-3.011843658183915	-2.8808118796580566	4.726734312134826	3.3863142686627157	3.564023179273021	0.6288619809729329	0.994827258828162	-0.8152785681894649	-2.2601975289081744	0.32721473242031757	-0.43214198119187014	-1.4106427186352177	-0.13140423153011924	-0.7394814225533853	-0.5327545013076583	1.8082199971267974	-2.041715652403068	0.11683106394767573	1.875063929003397	-0.23934795038347154	-3.604404641901045	4.107885408015206	-0.47983757272299526	3.364126001537924	-1.9693903994972761	4.546702198210554	2.5509417816284556	1.6704249406794105	1.9807111348005602	-0.6102960562626335	-2.9100363392211173	-3.389567892015581	-2.089798945194486	4.24830433685547	2.0378657896312835	1.9212335915490526	-0.7319812602842217	2.150461093462496	-2.1450105068895047	0.9578600123505487	-1.4219487778047435	1.780563471584636	0.9858243860836227	0.36633724468506784	-1.1571478999089448	-0.05312351135345746	0.7276268468194649	1.3531570422238757	2.30254613308674	2.161222567762051	0.328214682520454	-1.0137617098260672	0.0669354499154229	-1.5858294709425207	-1.0592212919221593	1.2083921380705758	2.177276600897955	-1.0663900534965187	-1.1577417834474142	1.301106268068409	1.1663125289357874	0.25976650417301766	-1.4449643517412527	0.5784836917259017	-1.6194159284482719	0.6670050151582989	0.25255140186807584	0.6378587978700683	0.3010260065975019	-0.6996674998007396	0.09011834237226748	-0.4858415523423546	0.48457514429951976	0.7552778384101826	-0.2312006874350853	-0.3435380424351998	-1.184334670858831	-0.33611513592527004
DTXSID8020090	-8.935717074322888	0.39433181130290546	1.1252492742916569	1.3246618280505973	-0.7011085208418598	2.1206414030882113	-0.7053275459414315	1.4138121421941159	0.14969785240106184	0.4797342411729625	-0.3061159753066427	1.4137524981980665	1.3964995205369601	0.5925099978047955	-0.7241230207446954	0.5710675439465981	-0.9643385127147387	0.32762090047531295	0.7007045825359384	0.06681664153441905	-0.4674129406282413	0.28082730298153	-0.17044770331405582	-0.24732092694932997	0.06780796544091562	-0.24944364187326426	-0.6027500605013693	-0.276057301276572	-0.6620187873077708	0.043682266738100425	-0.6618723185888171	0.314724997123392	-1.2330115006566844	-0.03366617865009671	-0.3628838762846137	0.3054133151521853	0.255813999360344	1.024896086584703	-0.3525527923683174	-0.04915031781145036	0.2086081171613331	0.6460851687133194	-0.027676805461837636	-0.49711123835304016	0.10045793347605766	-0.020079760257886128	-0.3739536817911865	1.112942048693348	0.23262071736398232	0.20849124009062878	-0.27290130794186407	-0.31440129993989335	0.2797638867897259	0.3034682534505562	0.5725696796300956	0.06253094566142796	0.015919823000227137	-0.2328568074292906	-0.24745116713027948	0.4381317737823396	-0.10463871185380456	-0.4099491577498583	0.6493043004381177	-0.22508917867306222	-0.021669605997339043	-0.6630837949524592	-0.4264371029271287	0.125759838968578	-0.21465325010595593	0.6252898212452049	0.18876140307439243	-0.03938737443861641	-0.07098277668279693	0.5478374985145376	-0.20506212519494446	0.07912799488715934	-0.004646491156850908	0.04685764978348462	-0.0661775895214507	0.25318763909429215	-0.34663332041371175	0.19068641317242302	-0.14582058333153833	-0.2717411840140176	0.2753602691504343	-0.23130382161211935	0.20061487670804723	-0.06364698805283381	0.4763190108473003	-0.340831064464467	-0.07214958853265438	0.06657905475651323	-0.05502686193060356	0.22635933282039614	0.08858266814381494	-0.04461660755662104	0.14263405574888213	-0.12125515562347665	0.35665913609959876	0.12701666271066522
DTXSID0059871	-5.685977891433886	-1.7738873507124908	-5.54180865817035	4.157479328540642	-3.036806303936578	1.6289129150143575	-3.609141514627757	-3.242408623993135	-1.166297836109501	-2.5118448415496095	-3.9856292639989217	6.453637895142372	-0.715411674221724	-0.7827560227297244	1.4607131126264592	-1.0789103272646166	-1.4646008496244547	-2.940967313208539	-1.119693185069118	0.15700866469953215	-1.742572758969524	0.03236951443170683	-0.9408023094911273	-0.24448304669069923	-1.3834119131399614	0.4042903634558651	1.3576851312022384	-0.6295595735774911	-2.8388369601106103	-0.8469233077986081	-0.19578824194120933	-0.905475985854577	0.914875233906067	0.5355178910329614	-0.009629579995629684	-1.6770846296667878	2.730626928361338	1.5347709521075161	-1.3932221456725762	0.23956686093053425	-1.1191418322662956	1.5423392350517242	-0.7771649888159924	0.8865665829924472	-1.3795682177156443	-0.49876913687055413	1.8041894884683516	0.26749583591612697	0.5703416408427052	0.06260664075612271	-0.5293019956974723	1.121148970015498	0.7274365206976318	-1.891966373198678	3.475122056424793	1.1852547537421314	0.9912490521186562	0.577011014612983	-1.712245529878091	-0.879643224280927	0.4447539552728293	-1.7372104458586641	-1.3932212174487981	0.9400916359865098	0.3191816969263108	0.7144017589450363	0.5959917686338886	0.8176707288483481	-1.4420221668236652	0.14035688013791062	-0.8597107675452486	-0.6513392329457222	-0.20748320403719683	-0.2696421669768517	-0.7033929737078654	0.7516384322114397	0.0622834937911233	0.47036356120334905	0.35581060314493324	-0.3865148372608204	1.0658072524013869	0.8627882423768662	0.14710597921823745	-0.09275305437759153	0.3175571955965564	-0.7553558972894442	-0.4404699615234837	1.180876588758631	-0.8512641578459704	0.2057900977751773	-0.017827528669448502	0.8074977971555637	0.14461958119348553	0.005772971973721166	-0.9401489316124827	0.16389483855181775	-0.9023349441535928	-0.7141639745505842	0.84377847121968	-0.30522518557853096
DTXSID1048912	0.36255069791536226	-0.8713936075681379	3.516872262816042	-3.5492712282948946	0.6867168516428042	-0.19688075940149863	0.7493144602288822	-0.5794875987229262	0.852234918124646	-1.2490889382617065	-1.2411572734235978	1.6564125796453038	1.5882300045165456	0.6118471049326378	3.4142414835062356	1.0324780677071177	-1.6567633617068647	-0.7118084420892391	-2.5846357936693596	-2.0922043869387585	0.05059821871902201	0.5107854843949918	1.2157350690550233	-1.2717458559718553	-1.2310203256030234	-1.2985982587651284	-0.10883035700357363	0.5726333522494234	-0.244640208108418	0.04905605655338326	-0.8884985196099214	0.5738649890703266	-1.2642541565853749	1.0642320991886696	1.1582960286174768	0.4913197369177022	-1.1581891242284195	0.17061903621273222	-0.3736007776653823	-0.4921696932691299	0.05856826906645812	-0.6388568348865922	-0.025903813564398595	-0.6508037097348625	0.9849534946878923	0.5508555144009175	0.018598884654885628	-0.4136443373950039	-1.0024844654954963	0.7915601029500046	1.4035333069435125	-1.0523282130298957	-0.1630365270502664	0.35000132610190865	-0.6457675668170068	0.2760580070815162	-0.013275662071778497	0.5148386730160004	0.7085112709186067	-0.5978440040990723	-1.0455295214864095	0.8081251168653101	0.4642805976391304	1.2816416139893554	0.2389840675982305	0.363834226838121	0.4029937708252187	-1.1344411828973842	0.09874372652964655	-0.5138915075127977	0.1413520005188905	-0.3122341207638579	0.5826926719295445	0.39940942721420586	0.5904330314308858	-0.4691530617858748	-0.17447904165002706	0.451464820259256	-0.5498084830975388	0.7062659583863697	-0.6377339392744726	-1.144117027375758	0.6243136184243524	-0.30403746971302525	0.1764759530941456	-0.2793789417807272	-0.1365921953152997	0.5315967057147196	-0.126862380879039	-0.7104868098021934	0.07128464573926224	-0.5240344086920793	0.17596620137922517	1.192621342614293	-0.3626764687894996	-0.03844767668568448	0.05771035245206462	0.4386649845574345	0.44085819756916567	-0.1700028005595801
DTXSID8029652	-6.345633135834484	2.539027747739403	-2.7256105378791853	1.0620713519534046	0.2512366968369127	0.4068607803327067	0.8762251908787357	-1.9995660514720555	1.0002880605305648	-0.5833125628429559	1.3861072619193873	1.0792525365509527	1.2585327126631722	0.7511315797579962	0.025002838898522974	-0.9576594927266096	-0.9207705409432181	0.6791102670995501	0.2833876257119191	0.9352707642454517	-1.1049810862282596	0.6818537186683952	-0.6464929504805539	-0.03016655109063492	0.18894840959690729	0.11813296814984475	0.16578556333920713	-0.5741466322735566	-0.09526387885853056	-0.692952598437699	-0.09658025795108945	0.44323325941990427	-0.03564604941758591	0.30326649538890854	0.03523340758130608	-0.28360009250185436	0.290098635883635	0.3113687368415345	0.11912885046208287	-0.6775973597570949	0.33620028874856983	-0.30190120356997097	-0.09023800584463898	-0.48584395704954897	0.6325309068246949	-0.30112173242511214	-0.23509950363543872	0.19850286216965182	0.04539104634412504	0.3887747443436639	0.13314232473379867	0.23371513344549005	-0.40145423661065166	-0.35909368312527395	-0.05337908717971258	-0.7428497168708258	-0.40202843726237264	-0.8929246766310477	-1.2450241415588335	0.40295628459394167	0.10985308321973454	-0.1557921678781555	-0.21691404000379855	-0.2138189730606938	-0.3361512247018149	-0.4103537447640455	-0.6738906190353944	-0.30190722104581397	0.4767746113948741	0.6706118139302476	-0.5593306757927667	0.0924041861868757	0.886889069076222	0.10251755831685776	-0.013173786420758025	-0.3162664443769909	-0.21765343100198975	0.4773718607813164	-0.4625544721805299	-0.29200151085620324	0.13042074572131465	0.4982275322408892	0.04983864627662809	0.056209028346309454	-0.09325770545662723	-0.009054922447646515	0.19178585170284035	-0.23222310546739286	-0.39956009361460976	-0.1552412892080036	-0.24198048759759044	0.365813924082338	-0.427887816964151	0.09479916829811422	-0.28462231663607407	0.1714211279953175	0.529103755534039	0.2869681861628116	-0.043488967796749226	0.28844804185593953
DTXSID4024642	-7.354793181231474	0.7994972742795051	-3.9346175033163897	2.2668711582673113	0.005625228129060518	-1.7573148428548435	-1.1445068248922443	-1.8847505752555564	-1.612950529680423	-2.212082362157977	-1.958170285260726	-1.4083434553455443	1.271361379182245	5.315502497134986	0.16819491742198553	-1.959248084915383	-1.1721527921211634	-0.6826125073527753	3.0256500147802545	1.115770716437235	0.09582230683728488	-0.13790233618085346	0.02239265722728857	-0.2581508373498617	-1.25554463393474	0.39305605458773785	-0.28495150359961163	-0.9343032947152363	-0.7397490359796716	-0.2077097127073483	1.108129879608196	0.18547873365278425	-1.081213671260581	-0.47198992278128243	-0.5971432840827957	1.1651978483534806	0.17455478518478157	1.3263833099844076	0.3068057889761212	0.21515887681835852	-0.2579571738429142	0.10878301549322167	-0.2801355295616268	-0.4036700466524814	0.21363415464487742	-0.6675228032526658	-0.1199143956464904	-0.5322440402738048	0.14907018566412764	-0.6941760034012707	-0.2871480535646582	-0.34720136873189666	0.17078047267474314	0.1329625488634712	-0.06459306024826965	0.5856752269071187	0.4352449227379797	-0.6378164002565343	-0.4053495508147275	-0.15091210496069044	-0.40141757089499236	-0.6134602600536205	0.48528544044003014	1.2806762270905072	0.7667874234377257	-0.13515994952495694	-0.9705361716152112	0.24958930432447107	1.0235074793433687	-0.2937938736494094	-0.24268979208193206	-1.1844449063035447	0.5615226392988579	-0.8506601277278636	-0.7700922092119757	-0.3998667881104495	-0.6783746474979296	-0.3240079639667593	0.3818748696564895	-0.2278583091818179	-0.4288784000480175	-0.09493080328765986	0.3575624819107927	-0.268005587436439	-0.6208545530138243	-0.5157126252592161	-0.12159914887302942	0.14424906896879705	-0.11348751532020789	0.2607662457848294	0.04564885866546583	-0.1922892432709834	-0.29511238942856144	0.14251924292067963	0.46411863530194025	0.5318220762345605	0.017601909291018472	0.38442117233961803	0.5000723820250806	-0.0931147027907164
DTXSID8020252	-2.583770084233906	0.14132342448416152	-5.7843939220951475	2.8982492471347983	-2.852950654161978	4.988356684801821	-0.4687515733007386	-1.4288339757722135	-3.53989296864402	-2.812188106060527	-0.979854748883041	-0.10085025488477246	-0.35120242601403123	-0.14337588212691246	0.01745057068434876	0.4034072599375893	-0.06043181267595601	0.41585471036782007	-1.2048850111881895	-2.053026902590867	-0.26505165506145273	-0.2649863381355935	-0.8199923634485424	0.13280929419799828	-2.197672107156799	-3.7161566883903676	0.5030520013627212	-1.4781972907677563	-0.8244413104049139	0.934435997313376	-0.40316556178876123	-1.862538070901239	2.2092003298155074	-0.7721218037688306	0.8933049220044715	-1.5042643167767025	0.16812363088015875	0.3394300828312506	-0.7585456958121174	-1.335784635961211	0.2174507833360334	-0.3073072832841397	-0.18242189012843069	0.9957190632745169	-2.422861001633532	-1.9778477936275114	1.1741115373417306	0.3521082006759012	-0.2396834625261205	0.21248774598012787	2.169878643013522	1.5496676277431871	-2.0781602115365967	-2.459372424217542	1.6775763433194495	1.2687772157264743	1.109233513306305	-2.2088805367827855	-0.9552059667286888	-1.3869215004242563	1.1905148862199668	-2.2614764506348664	-0.11745882887775341	0.326695173427416	-0.6201446647087746	0.4510097253912795	-0.006744520201595058	0.7560039701136673	-0.5347694599423446	-1.089074055869132	-0.2610359617489706	0.4402916770509852	-0.5334182457258043	0.758684691721312	-0.6579599408173202	0.7580412881583444	-1.4846626536194047	-0.9696232730512754	-0.9414869142577256	-0.4989494908028583	1.1870904380436935	-0.8894095465081034	0.673945451759768	0.009724023405293604	-0.3086438389783777	-0.06623527044771124	-0.10517835961381443	1.0261185348661468	0.3348620112430007	-0.916898600185512	-0.02705381281415266	-0.183101397715543	-0.6431634380639097	-0.3545260592728989	-0.22155402145029515	-0.5948083348915558	-0.1348982187030939	-0.2640993954545356	0.3544236461254646	-0.03659847914802693
DTXSID7046594	0.3290897750034499	-1.4675187474872604	-4.67059313380085	4.414228921704733	0.06803075895860371	-3.0092175063984814	-0.8475360288511741	-0.33244027140087795	2.478274163241483	-1.5230442126163295	-0.22734847283760506	-1.4781832179658487	0.9253600173204886	-1.971884993024301	-2.6463034780368866	3.6189157831673833	-3.7116517335628147	2.2573165305316034	4.363570299688128	-0.9906939745887229	0.5407493032544516	-0.8457369851153714	-2.714070967751717	-2.0205319886762165	3.5630448085891167	0.775506535631361	3.0445284566203	-1.149099703209425	-0.8073461029373226	0.17411652722215554	1.195845181961396	2.958143263182164	3.909154536964051	-2.700050719017385	-1.3781286139105429	-4.753316875303876	0.23127891708558299	-2.3697354154582206	-5.009564242176718	-1.197972223505184	-2.6455074413617075	1.1306814239999003	0.37593614384239654	-0.5867885968047372	-3.2180568901959052	4.267529119947867	-5.294640845141131	0.469265696903166	2.8993762822795626	3.676863330514534	-0.4299501279143786	1.8295509322085575	-1.4572369799439822	0.4331959442753999	-2.922555893639726	1.8853225074781497	1.770223439689203	-0.6258779479591998	-0.0703470514889226	-0.8710273886665402	-3.8730677673180476	1.5799429765926338	0.7614957315393113	2.2928671477586846	-0.6424885494257261	1.325078026900832	1.1107400319832643	-0.47098816494769663	0.14154947254591915	0.1457326633631632	-0.5207840468815664	1.4000713349295522	0.2978017773123412	-0.33397507792101616	-1.0067370393788437	-1.442342933475693	-1.8331869386360555	-0.5999780968821093	0.1942768895625704	-1.068877318693881	-1.4938073602733628	-1.0596959387846592	0.1320403218183928	0.5047420089154966	-1.31625850152286	-0.021770339956379194	0.1973192970259149	0.6339919094321734	0.39896008673047123	0.7797103153398594	-0.42890692723153123	-0.9276592693179762	0.20803010934486418	0.17139141662388185	0.798033279224651	-0.24908258794693144	-0.38558801947090415	-0.1396702984339742	-1.4122713841307857	-0.012300580523829504
DTXSID0051782	-7.112055250108962	0.16250184796390757	-2.0803341075266855	2.194970729587546	-3.5201867519642076	-3.5824737526332995	1.879917466636155	1.6546825293508345	-0.5372525612104393	-2.627995039159781	-1.6336815820673776	-0.019774716451200186	0.8715201362646526	-0.16204375969923196	3.5989868443871478	-0.40683963986344945	0.09904089488233589	4.383739415664476	3.2868100800895443	-0.3698281590782858	-5.789675678885479	-5.881852535678492	5.299585153872401	2.982201173639765	7.801103907035451	0.35075707929697647	0.8788112166649383	0.31299432799437854	-0.23290628002498936	1.0191260501498	-0.7062147927001299	0.543829792848802	0.43391417063950777	-1.4883903103355367	-0.09790505137323063	-0.7950476890433055	-0.7317458563741387	1.524362160583969	0.3605930884706616	0.4034761782951992	1.8382496117315419	1.1667607750607831	-2.159688402063355	2.3253468112594438	-0.6357651863241992	0.5174052158199489	-1.5926984761792016	4.126749775107589	2.6235880417038184	0.6557074376979967	1.2271478642206772	0.7746051466782898	-1.992221909268594	-1.8222031762067832	-0.7215631999675877	0.6370999538420624	1.3037692490159671	1.5606773818068354	-1.621955144709569	0.836726123619708	-0.28291769802561656	1.1942210500069415	-0.21559088113535915	0.819249864401742	-0.28918128470423987	-0.4211578156752194	-0.17527358071388816	0.42751665031976227	0.26230980210008975	0.9508959726057852	0.5341289848524606	0.9163128715310752	0.1170277554590834	0.1815107080664694	0.7666129017371032	-0.50141698887511	0.070626359942057	0.5244302586543771	0.2497306330611914	-0.21371383774223293	-0.7253161039035206	-0.4015945702834279	-0.26030014464745843	0.11579467721580626	-0.946750203558904	0.4087140391354664	0.3716325061222962	0.7138668531805211	-0.4550023317525129	0.07790458425013393	0.12910376354441852	-0.21011566148246305	0.19861958371595048	0.29027121344473356	0.28103547043398835	-0.0606055341119664	0.20066361640321229	0.1240657909148977	-0.23144490101254586	0.09702712797180846
DTXSID7045287	0.31895700300589375	-3.4854330858410765	0.1166524180954074	2.1673344877329113	-1.880169125984119	4.42443881108171	-1.0942172290950625	1.1563315112419568	0.44027338681236267	-2.5628484668742115	-2.0727570755618956	-0.8755466079095531	-2.68148076105896	-4.03766728652781	-2.6716835789474342	-3.7827769318392104	-2.081930888971837	4.458763761392504	0.2797938463719308	-0.9772287487416672	1.8740860516780027	5.854558378030396	3.2004630174319524	-1.3599119204740486	3.479055575003437	-2.0123711790865384	0.0056102467750252134	-1.8282592683517687	-1.3762678690813512	0.22919345038597141	1.699390237113468	2.6590635093414554	-2.194144028787228	0.19554380629624837	0.9003435246140724	0.791631880153969	1.4318778800869578	-0.5842869347131524	1.3915651161026052	1.0843733060576082	0.18564282209757751	0.9597038658188846	-0.2227860960245968	-0.17775850163121718	-0.4356417353802974	-1.8282207614668826	4.516016569232616e-05	-0.13961651887420667	-1.7294705902832301	0.31439698042490904	0.8540730658680125	-1.1708623374875062	0.8775204509063116	1.703399521003247	1.2586013053472813	-0.010816480271345245	0.3615472572428485	2.372477220525663	-3.552624759423286	-0.7194547494946144	1.2468994510064186	3.992311416984328	0.014337553939788705	1.9009746112584003	0.9341364700632032	-0.12945597954859478	1.263629502543193	-1.8976012055609797	2.088058810318479	1.0324309329599881	-2.3806736965240374	-2.6872673077917537	-4.5743649280877365	4.524458661680243	-3.032762385458195	-2.2303125743509384	2.292709802724362	3.3214582958462824	2.3343282380239523	-0.17020978091871364	-0.6349721465341283	0.43604987250425203	-0.4773460180146448	3.8434309900481565	-4.562310259267866	-3.8701195611179555	-0.11999208015224454	-1.8090365532018176	-0.12461766977159944	-0.7720767710455516	1.2404389469712442	-1.293372918134477	-0.3077739858743097	-0.5934433170716872	0.6147132510931781	-0.06641619784063514	-1.0086731276808396	-1.9912321957296844	0.27167341430384395	0.28099265756715197
DTXSID8025886	-1.8753012769215365	0.7784092714609814	-0.8558172442223655	-0.6373618421425183	-1.9228433622532721	0.08329410281836849	3.0795230744088458	-1.9002606028079716	1.4711583808799216	-0.532711683736644	2.226743636234092	0.7337957212161562	2.1134082238927787	1.0016973558699478	-0.943914927920597	1.4415788294935996	-1.0018094414027845	-1.122045157622937	2.296475482044152	3.8952904535130957	-3.5076102057028336	4.42455181236962	0.6217622990578408	-1.027187193979081	0.26163703255794896	0.24607920723591956	-2.940142553784854	-2.9428029490096383	1.0140221458320096	0.8443273661741649	-0.5508313819257724	-0.7718831068989931	-1.356153524369841	1.564116908990882	-1.479690574998004	-2.615038806236767	0.7668872644727269	-2.862534588129403	-3.671459907772584	8.25509621286353	3.0498626864904823	2.716194570982062	2.097498154291714	-2.5930241686882876	2.115671761346592	-4.942810070439027	5.933807400722266	1.7410452388472384	6.092028382922995	1.3838090831709362	3.3042090369981905	-0.40700624838884253	-3.418637525501461	0.06655970899783269	-2.2751403820694684	-0.8652791711213753	-0.05028231667250494	-0.052790631899250526	2.1217237122823116	-2.040045792259508	-0.960754732995306	0.14937730505332053	1.349913146539179	1.1839643861312508	1.083624943048089	1.8319696762772213	0.037763686886000035	0.3068671504194954	0.1981967420032899	1.4638339265453777	-1.187519137076453	-1.7524080650378289	0.4894680312500433	-1.491965387003124	-0.2751014456509777	-0.5166257357897805	0.2144643693505258	-0.6327253360787356	0.8261056432070463	0.5466468968111464	0.6689912495576401	-0.9024611274349944	0.46512991258090025	-0.1744572721529676	0.09474131777215658	0.7587136269812156	0.209490656966349	0.19304584950219697	-0.6584500961536198	0.25328633694799607	0.009696439962664364	-0.4369253290627109	-0.488712862608413	0.5499378976586561	-0.4143356349263177	0.4667118325457096	-0.5938128457417483	-0.39853598784026667	-0.26755932905742835	-0.2578825017128068
DTXSID4023917	-5.714545368401614	0.38773273644405043	-4.893499756447511	-0.9108862238718057	2.1224640793721696	-0.8413514473272373	-1.1245008520379367	0.09434311969847606	-0.7926364517106673	2.2293614318330515	0.8834045428838488	1.3613328868855679	-0.40340565042182625	1.2586518065952264	-0.16394997282695806	-0.5558544739856871	1.067265107810348	-1.8817984369841965	-0.21065505390819847	-0.09901331726902309	-0.39864172492092254	-0.4175113466137894	-0.14635253420582928	0.07055718429034111	0.8014585157643703	0.6572368157800195	-0.7714158765937174	-1.1986100566581517	-0.6527454428713083	-0.24920705278219085	2.8241171919118844	0.028830424340121515	-0.06333841905187353	2.013180020851738	-0.7326690159757494	0.24809367989670641	1.1739755388626474	0.47260065580787336	-0.18399549259521913	-0.30890455869312206	-0.3129372835486863	1.222405723450031	0.19100378493881257	-1.2143353397977092	0.23421147831030842	0.15032146626011514	-0.47632350016727587	0.1909208836476178	-0.890253429882395	-1.3510474269381896	0.14174641718936215	-0.6038298757523285	-1.1728428103471324	-0.9580295494508525	-1.247012174945688	1.3451860868572534	-0.7260195269620204	-0.31205209263178957	0.5479923346486869	-0.09645552284318223	0.8923676960750294	-0.03601565417775407	0.22811649215837929	-0.8972856770932097	0.784218515884066	-0.07854524170575053	0.6360054474087345	0.5428901225122996	-0.8363797847259392	1.2035960583859668	-0.27646595256039275	-0.08351680358886956	0.6370426467717735	0.03788132989555948	0.1768741659752959	0.8695487596857736	-0.6963438632633787	1.1224140639139473	-0.05547704191028758	-1.0569568164195282	-1.0836652271121143	-0.5105363896842557	-0.008380277463315919	0.08927474373280656	-0.7654931573122414	-0.853848523414654	-0.7983592509270466	0.812004237476579	-0.45176308104082663	-0.3317332650773481	-0.14323516399432262	0.5360657466532972	-0.5753035551860398	-0.16385462367930917	-0.42038741780144884	-0.29595793773317836	-0.5380263983324505	-0.7739536901058519	0.4431523161597648	0.995553439180238
DTXSID2024589	-6.875678718649379	-0.24552312742627053	-0.513002823090528	-0.14078553663870083	-1.449642052019727	0.21399500288848328	-1.8153196220855063	-2.8031356444457876	-0.40605430602114023	-0.5742895887245465	-2.078287828055326	3.4123234893720866	0.20663233569448422	-1.4110013283620637	0.9126980599583229	-0.9422767031605227	-0.5740497696455259	-1.862210932462229	0.49509538934423397	1.5300418857078057	-0.5976093557977897	-0.02763961164948363	-0.2902376853268619	-0.32626077880496385	-0.4175025720674235	1.3770632045142965	0.4557329543932498	0.4523219251963676	-0.9642353975528204	-0.40677402556934317	0.30707503035509826	0.4444761781648567	-0.4552085905949292	1.037181137671896	0.04190173530642134	0.3236972004162071	1.1283223850966118	0.7886636383508793	-0.009769308789434713	0.6162933109164577	-0.4388013597123569	1.0034497348983433	-0.42293018881116107	-0.4097309006389765	0.5481970404597803	0.15756379325602288	-0.39470258325903734	0.6025865966521321	0.2150481757268607	-0.25856584727006326	-1.2586167708012905	-0.6861828019241248	0.501484393968256	-0.37184131839548284	0.2379486217815563	0.1374624508434269	-0.07960666316056714	1.0664996599977903	-0.69722818488524	-0.17513353129683326	0.3001359458377564	0.10648984939845818	0.5122882584848849	0.2792145414267597	-0.13645010544225003	0.41664788158400823	0.13725157251345108	0.4197253439135327	-0.13461462353964904	0.07660623631988767	0.10690852885987356	-0.43280883040489443	0.6001738130152281	-0.035507626990122027	-0.9438405569235525	0.32337800020847984	0.4930116171775693	-0.526331105436509	-0.07355121325418543	-0.43193214174133504	-0.16741832538027124	-0.16686889612844805	0.04063301031562242	-0.6557245695713918	0.6160364354768223	-0.2225294068808043	0.5848350214918657	-0.41509188720048984	0.14191526226397966	0.24066462290364873	0.2951854366779379	-0.3820554378307041	-0.12805126438042644	-0.4410169091057315	-0.024359869734661702	0.004782021168572587	0.32191195215968604	0.372055602627659	0.27201255846115663	0.17214162007873365
DTXSID0050425	7.056784988397929	-0.07254294389023981	-6.238039230005749	13.711104890026679	2.2163638216259645	-2.711240132359443	-1.4749064010635091	1.1571335957810978	-1.8789721691495098	-6.033274674603291	-4.8819492484800335	0.9066014076976656	4.725460190041241	3.3494903621100502	-4.5697181654594035	0.9668982506882021	1.7440478977364624	0.6364749938076185	-2.3126742735563615	-3.6570809816279115	-1.3522946595151522	2.5646329119773394	1.7769347418828614	1.505700182780179	-2.259888051104415	0.8485017822918558	-4.147264649368823	-1.479838416468911	-1.4928770974332857	-0.8510418645301945	1.6011555600600076	-2.4756083799856707	0.2917796780169454	-0.14965213802734276	0.8856793551580125	0.6820271444460844	-0.05559508507360869	1.3689214932263662	-0.6747989938047037	-1.4626122992281025	1.5240954447488546	0.26566329344626516	-0.9152179689860971	-1.6888175953194364	0.11736607156656567	1.4693756523174486	-3.2731085319853475	0.1848110409516879	2.33180540385231	-0.37558287591023415	-3.2265838463302154	0.17055538472606105	-2.1133783117144613	-1.0696329086310525	-2.9618062981431974	-2.9582091000393667	-1.5331245852395075	1.0231810721963888	-0.16374656945905727	2.0344872480694796	-0.2474980486834105	-1.2669280245219996	1.6589835690223789	-0.8772856366475164	0.8152490955838605	1.801992501949474	0.12322474411734079	-1.0279061362936055	5.22751501860572	1.481336759617926	-0.7334336394041239	-2.662905328971729	1.0832255526452867	-0.5532491160505616	-0.06281921242864459	-0.4220974477020635	0.54094799764366	-1.7148370358791287	-1.2618565234279646	-0.21751686063208361	-2.008339814498008	-1.4805341223142796	-0.7909495840009619	-0.6884993210239745	0.5129783471116471	-1.0638951371678986	-1.418703967685433	-0.29526773539453327	0.6418986549588658	-0.10135093796628905	2.2885561207364855	2.307597968408866	0.49400797670873037	0.8776469655980799	-0.7596618332016237	1.1694569573970324	-0.24434683690906067	1.4522586582948511	0.9202847139539725	0.4718476065820012
DTXSID9022659	4.241625307633263	1.7884850368861456	3.4805979133822835	-3.845967175797899	0.6231298587383911	2.2889308273136533	5.464754827965771	0.743325194415282	-2.3910684167301848	2.6968096261903916	-2.178142797734732	-0.3340910863730895	1.061728761498568	-0.7867111647836493	-0.0943077611851508	2.057706901567777	-2.1085075997912455	-2.881072146826493	1.3136422359803692	2.213275528737023	-3.0196118325653325	1.276681568550745	2.468880055839202	-0.10097656126963855	-1.7928967725851737	0.5528616579688876	-0.26255498350379	0.5835359428654194	-1.122129734200916	-0.18367972393320411	0.6077310984678101	-0.2105606261506936	-0.6200728634295081	-0.020035276129075363	-1.0066885433826198	0.40946109149082166	0.5615059305408134	-0.5805954599912474	0.23206909152922078	0.12045888992551271	0.038965063534309834	1.587420764773233	-0.19729291709290037	1.0257530388482745	0.18602489076260545	0.08761810941293577	0.024145474061512864	0.1578198707750542	-0.043910629655844476	-0.5076598396503186	-1.6126435078827985	0.3827854285680849	0.22411477212804734	-0.9176945866508368	0.05149266132970343	0.9066989706286984	-1.237958876335608	0.819653071645116	-1.0558451978915508	-0.35570474384890993	0.272503859710609	1.7722502790530081	1.5854737104553116	1.9695679790579375	1.0094088830306107	-0.8095034991720029	1.002266881119197	-3.2216657157493516	-2.232375155506575	-2.8376971989544315	0.8194803173961653	1.7045226808095615	0.60414157314489	0.9811804013735437	-0.9879010373822332	0.2489295792866286	-1.4999505436354266	0.018384847102419923	0.90674260011746	2.0145892021732967	-0.594891267518481	0.21250297147883015	1.2367955782315743	1.1050235609873509	-0.351026703038896	-1.3315095124755052	-0.8241635543403071	0.7764734540780344	-0.8229236501784719	1.1207542927010186	-0.011821563908334993	1.751431291302693	-0.6383198930818209	1.669674207522556	0.44714844672033927	-1.5464844860972948	0.3124681249510252	0.7849424005124195	-0.006022309618337591	-1.7191474722762645
DTXSID9022607	2.2462462711840017	-1.9018588499639533	0.6757686844715741	-3.59753646508413	-2.3958177060747907	-4.487888429983835	2.1436216434257727	1.2047377055481745	2.270388578790531	-4.4904991567242325	-1.7092570188840552	4.225766828074629	-1.0555701693002524	0.7596714880955914	4.629691339512593	3.253184519367827	-3.6881113881990664	0.18329443066900156	-3.35927886315718	-2.576046285745402	0.6576044211664149	1.6785447587863314	2.474013596777286	-4.365833230487457	-1.8117035611117953	-2.3626970796869036	-0.2595815075797365	1.3977769085103293	1.5254941116229015	-1.2459800905656349	-1.30775144993217	1.1953432349688358	-0.7356234685132896	1.2753941106513933	1.2094517764859893	0.7887076999521035	-2.01919879723527	-0.15123445730978058	-2.2661803091077353	-1.6761898423208599	-0.11023095629840957	-1.3310460330749514	0.8267596583102329	-1.450966175563311	1.1318697539947469	1.3145018425469825	0.38969302699480346	-1.6618253050787652	-2.469263203231648	0.9583878986394524	1.976096865790949	-2.1162368097426523	-0.850482428684931	-0.24242643642581704	-1.5280468891509211	-0.2046681314929565	0.16913032793250943	-0.6452290053634969	0.21766984669899414	1.0755687306393868	-1.1349490882790962	1.580410711056858	-0.29585484526483474	1.0085707657075258	-1.4090658603180222	-0.07387140032973476	-0.0033397188387142263	-1.2280976904565626	-0.13623228264724044	0.5494772212387584	-0.4185205476254214	0.9869142967968515	0.12427085523817458	0.34251142624661207	1.0230648466537686	-0.668464913390379	-0.6347782232243412	-0.4217809318832821	0.0002435187915387716	0.43150249258767	-0.8043584690103158	0.7380047971354009	0.3722252509642008	0.23269474688362288	0.7802866676938208	0.640187397717738	0.14184171050355407	-0.5612548410514265	0.28980253207451495	-0.7541334330452998	-0.3172676251260127	0.14139330217093973	-0.14523532714679058	-0.5293609757549814	-0.4845541372557372	0.23824272190009305	0.31341209750431026	0.29264402503984693	-0.07297035858449387	0.09146954342734614
DTXSID6026872	-7.537512770440736	3.367572794744883	-3.879181629058487	0.8217173664579871	-0.2917803976689328	-0.13041236633979725	2.0395370102855175	-1.1805298615983135	1.2474936210337726	-1.8940525513207527	0.803785488794885	0.7670418722219033	1.4685505037455215	0.5721200625955879	-0.30395876755923285	0.730516303008964	-2.0785273730205835	-0.7408419657945141	-0.9972056463271312	2.97434992318149	4.484041468453989	0.10858156448842662	1.3709938779824888	3.9439883517585326	1.5872462384375547	0.28535742390619856	0.20790480167661424	-1.2096665992264561	-1.8830653793238334	0.5907041223089279	-0.08650831234589465	-0.3799785202335069	1.2843903157481937	-0.07814270693975951	-0.2742383867231791	0.7315746710793254	-0.3686359054532925	0.37393006749181334	-0.6141112005419423	-0.24472226473976	-0.02074460870808307	-0.11582746685346978	0.4844206392475802	-0.09923751404565741	-0.1696532505996423	0.06801749376860718	0.28362009738476834	-0.2992459147535273	0.7335208514760123	-0.7653883293399312	0.08885087907189664	-1.555464274257477	0.029756661254722004	-0.22334019473963226	-0.4090089032995605	-0.5807694253955908	0.7205673255667318	-1.0156600663041826	-0.5252456766047897	0.6501237492967719	0.26490409180246405	0.5295329623235986	-0.0840222273213166	-0.32374548012164994	-0.23414183969276345	-0.5974942726063889	-0.5906780342718595	-0.07906067474117355	0.10564570439041511	0.2533942067545565	0.43541543561474644	-0.3056554620555568	0.29531184520070713	-0.10274449959830663	0.4174156581885917	0.36239715990450105	-0.30169655413742746	0.6263894933069224	-0.855133516313367	0.33223681983607867	0.01534368624820862	-0.1918612980267216	0.16451420400341532	0.17500052077321046	-0.1754340207692114	-0.21845061682802372	-0.06440136601359532	0.09750985188601696	0.29662549548027445	-0.15044817124351484	0.3140013327434937	0.6265140555126363	-0.391039735782236	0.10440337655056663	-0.0923766126731334	0.09930191538523274	-0.21945153029978923	-0.12693531491297458	-0.06814066802956545	0.15491039385909589
DTXSID5048687	15.21769405224895	1.4375468330022083	-7.710187040693542	-6.572236666003922	-2.2695525699728765	0.5140648530541676	14.323613248769222	7.712400012559154	-3.385006856101153	3.980195564145842	-2.2790313278934042	-0.6710187002333186	-3.056523827944278	-1.823074989894784	-7.614851812262535	4.23727035381172	-8.341552809667705	-13.27659887161253	0.29098606134033983	4.911501940908289	-6.215619672729993	0.25756571528500827	7.744377598847624	-4.101483631783304	-1.904493709532065	3.9808519358743717	-0.19950624550543283	-1.729999208775108	-1.5045917405944271	0.5787857741638924	2.752401077637731	-1.0168027800898296	-4.296337157787662	3.3712887649454752	4.984976925805116	0.17695739919598566	-0.6606429488633833	1.1972359361159388	0.13927996432121156	4.168461907888811	-3.89220997469876	1.1495392653488283	0.0735832388693797	-3.479150197225157	-5.205147820782821	0.4526706738250315	-2.0865053116894177	2.8820435320201483	-1.3595406521057483	4.313469133378623	2.284142694561842	4.110616001524102	1.9733392262712812	2.1543643890078314	1.6574299315502536	-0.584459922982715	-0.8101843718195646	-1.7550468116224551	0.04342944791416493	2.284583368236857	2.3881974396943457	0.328671287686031	-1.0740306749815034	-4.512341201004742	2.620911809082186	1.0771510648159102	0.6775571258579836	-1.1850483914040066	2.27814022284851	-3.8480027820532925	5.360251902895305	3.95994503293202	-1.6300185999653225	-1.8405371411324554	1.233846351381924	-5.594346748887572	-0.720499723611113	1.3709108313847693	2.390280173828381	0.45720187435127185	1.152531436347648	5.88720133089068	-4.206906345918724	-4.2221348041640905	-1.1567936342806684	-2.483976991870524	1.198249518520066	0.3723184786858817	1.4583652170484822	1.2801958336599304	6.8746232194766606	-0.3020831406797613	2.4747090908160065	2.041859923939151	2.727999429958694	0.41904407679828504	-4.0813616897451555	-0.8184855103984136	-2.5481484394192235	2.256172860702217
DTXSID5047320	17.283952888463922	-2.8540367729389313	4.367522064785672	-6.533796242773795	-1.4495260613975978	4.457845116240525	6.945696686349861	5.236522657379902	-0.948044331614088	0.8987152789720678	-0.17955361689159374	-3.6381945255265395	-1.754246127102266	-0.6568373397834979	-0.3989827571655208	1.4762837529137798	-3.9063450418779304	-4.158743299517443	-0.34927671952537603	0.7152563859188188	-4.713107747197611	0.45780715795250093	0.3634051000962572	0.2039624079082038	1.832469554467815	1.5018482158746618	1.805234911489767	1.0819003200574948	-1.9348249204868326	-4.4195689267144935	0.01487980528765029	0.4793975579459977	2.99837689745669	-0.22561332708463452	-5.242578493630727	0.6893787335614822	2.007568276127681	-1.4833398968845106	-1.0827732010862827	-4.042878627523792	0.13487812836393687	2.5320090189263005	0.7691058256110594	1.3102406521547136	-2.1873926678808826	2.9980750492082002	2.637958787406251	-1.9290443978892076	-1.2376681197499426	-1.8797704307128111	2.0569213687489665	-0.13227692033662522	0.5163745809270728	0.10142865496653845	-0.7722277556284848	0.3471482435855642	-1.2417130630160427	-0.011275191318925673	1.3656545684511443	1.1583999360040305	1.4550723886008268	0.9033827967289699	0.10131325039598103	-1.4181728980623445	1.1013585557594043	-0.30465563320661276	-1.223808403557671	0.4711445287160791	2.702216490004887	0.943644308475598	0.5623851127920132	-2.902799225149216	0.25901304164763295	-0.2877882710306808	1.4931104988117259	0.3811865713215332	1.133597306704902	0.3456040378633306	-0.6185206382215499	-1.189076458367716	-0.5193399623996096	0.784764907340728	-0.5088654542446398	-1.5081886169489085	0.578668797963825	0.7564321791861862	0.7271446116198292	0.14446116417240654	1.0379726659322588	0.8522274566732645	-0.2793299022064173	-0.4331695583766474	0.43164875349081994	0.7902839698641971	-0.07518678366307809	0.6790011437443172	-0.3321606451631288	-0.614543176645471	-1.441607045592793	-0.34230394720757584
DTXSID0049319	-7.835490422278011	4.472496333403038	-1.1493759696093715	-0.7351526867790085	1.8719618369867395	0.3369075793176075	0.6056334428045447	-1.1833948144963211	-0.5067534266007546	-0.03662577451254161	-1.0144451861718293	1.4675817574031613	0.16678465059081488	-0.339606272396067	-0.2637427943419833	-0.23546698996211826	-0.6895228768652095	0.544106456116679	-0.16632418763723428	0.5407992739956194	-0.42947644756805864	-0.8284757022613217	0.04042152209487299	-0.6063032385142477	-1.1973971892363027	0.43929339002933787	0.5639095513041142	-0.33823473496416623	0.0603265637876609	-0.5971618212549139	0.4534119154760316	0.047463050630015116	-0.6119575649589429	0.2818513088175796	0.6503197199148198	0.41355158926369395	0.015946947237435106	-0.16255303890522085	-0.07253885451820827	-0.4155504174356555	0.11716149793929825	0.22956758962759957	0.2113351372052571	-0.1963055181177806	0.5119877512608549	-0.38033482957287873	0.02833175905351075	0.7368093953244039	0.16730724509092043	-0.6507718786966231	-0.08885837753532577	0.16351392146514768	-0.24226981557993207	-0.7612972044260332	-0.00627423108971062	-0.552727373000984	-0.07413505817699313	-0.6697353144851024	-1.160676058727193	-0.3601080845774762	-0.6826044793550939	-0.4185848432984322	-0.740114104203182	0.24895331771325074	0.03675443727970757	-0.017361895632770685	-0.2481277526997899	0.3981275669411121	-0.09245768783660735	0.4710000828677138	-0.09840041553414974	-0.16175867965775825	0.21627412120221265	0.708564000214284	-0.11351782921055924	0.042347884460713046	-0.10988798778489316	0.2764604533911641	-0.3299337257286311	-0.427851753005882	-0.48106868306679756	-0.09531157177412118	0.7292783803208734	0.026441347192835238	0.06977901798601371	-0.09210461158717896	0.036470744411484776	0.4254783819518937	-0.41414838301174867	0.21453501914864737	0.01045111959721942	0.1813059005029649	-0.3196390761553376	-0.47447082111232713	-0.4334510568462812	0.17554968760171366	-0.085625289817703	-0.06288613038920514	-0.0391466158673709	-0.15912973085228185
DTXSID6034972	-5.756153315938957	2.0316612903784055	1.797778329257211	0.9828692814717098	0.07000223053469494	-0.5474789302061689	1.0110675790486638	-0.8896807884879063	-0.20496313546505662	-0.48105224871681385	0.7671294078907206	0.2527997634032633	-0.57759277611699	-0.3696314200917351	0.4844077560670026	-0.8269545051539576	-0.6969602389648707	0.4263969389276883	0.22360817304616326	-0.4794017490207547	-0.7258774382856981	0.1759115437982351	-0.5941131283947135	0.7831352688371351	-0.9479968142754037	0.5758997683082943	0.6204967665831654	-0.4000821354738249	0.20254718519091572	-0.2604980827875579	0.15393315626281148	-0.1826285346718255	0.240667101011207	0.02811285435748524	0.07412138372819355	0.12829214172580453	-0.3010156354850487	0.34494696901601585	-0.5086412355114552	-0.10992907708080107	-0.10462732139197124	-0.36223213123242487	0.04863647205935086	0.07829721849890518	0.49730284730521007	0.2788187893257976	0.0729696160677751	-0.16049209494036232	0.2649502798602928	-0.38054638356363235	-0.08630686720403752	-0.26208727200833304	-0.04384063126343126	-0.22382271889286307	-0.38269341122273337	0.08538142825910248	0.15767615169002056	-0.25974561908104193	-0.16480781908386247	-0.18132935202738107	0.24674542078524891	-0.07980921425923607	0.010378449171492662	0.08463413599714557	-0.10585897040805037	0.10964278242239515	-0.5874661983579468	0.062110791022796215	-0.020086063241314137	0.06080639887681226	-0.01242309257636093	-0.0355145337602983	0.04323772251325822	-0.0043616968417997	0.12387065927085526	-0.11360871865124221	-0.06391578114110032	0.2847010209787661	-0.30136436734106026	-0.018389217175646018	-0.052486096615879343	-0.3445828220108867	0.1492346757172105	0.09734984018632191	-0.1560475352203716	-0.15525821288827804	0.12394242455728645	0.1981594438567661	-0.1580619863996042	0.004890586596383035	0.23248693082847038	-0.20228703979225715	-0.11604242668232705	-0.015116017949726385	0.12609007688273033	-0.07501606854712922	0.04408318817555402	-0.05711308935868562	-0.09510595358586664	-0.1512469874496369
DTXSID5026461	-9.381639686684727	2.9970649864699523	-2.1406257342620627	0.7792011902961784	-1.2703651169238015	-1.5718081373087565	0.44942943972667365	-0.7572281819160401	0.46162003192215695	-0.2952952596908513	-0.5782396654316825	2.3880388671190436	0.40572950749689285	1.124488107544205	3.1860372027737345	1.3599440805684506	-2.7913930657425565	-0.38609451121480015	-0.8384770249894312	-1.4186912591507532	0.14331498080669258	0.7777829643342008	1.0937597275628377	-2.2104042638023516	-0.6854529258226095	-1.2310801377534895	0.31744086336094246	0.7036407549551371	0.1771292572046662	-0.7689537321831468	0.02970055707368158	0.8277639323416283	-0.7007462261731702	0.6289792051770524	0.2942911371703769	1.0545865869185744	-0.7754346057442044	0.4142834862778019	-0.7212360731294034	-0.6838977278238634	0.19172275266495342	-0.02212844532020206	0.12848153354812633	-0.6085864366343391	0.8701049251844042	0.22673028896514807	-0.1319591796961803	-0.24692664734443634	-0.5338739705206017	0.141266715943091	1.0661642013290025	-0.7724056012516276	-0.7598551765322336	0.08206372525148976	-1.3861496858580966	-0.9294042597530675	-0.22059964613591296	-1.0078238776427055	-0.39016278875907584	0.5884728920685599	-0.4815640614534491	0.2811157407101021	-0.3486040614113732	0.18239635541820393	0.16101773695847263	-0.26548763034116085	-0.2705572607497927	-0.31126639060288963	0.08990135836805453	0.9700415422126595	-0.7369431056289477	0.24531511873730788	0.6577828056588904	-0.07735464739818317	0.26695311478288614	0.0034250735466345027	0.3052572120783347	0.24794470913341682	-0.6990424035161804	-0.09884946380634459	-0.1977169064057168	0.1935397143144012	0.24413645235877432	0.2994549820316805	0.1579069701779937	-0.32125892274577916	0.26373832135212766	0.1406941884198164	-0.17722037612473185	-0.2729130270613467	0.06947321402396463	0.5120497844527969	-0.09174818802724595	0.028026825704314053	-0.1160600455653133	0.5505417436318446	0.1708919568354094	-0.18676720985670586	-0.4374132342740264	0.18930513535861646
DTXSID4025296	-6.416370068092593	4.145875137729335	-2.075640486201013	0.04393434024145036	0.991600173784764	0.9607905766010035	0.9923766653370655	-2.2675412558988923	0.8960065472701463	-1.2330348704595504	-0.19426195471725183	0.8192577406063639	1.1850758154283725	0.8486231625962781	0.8428479884101414	-0.14936812487969772	-0.7858987553895189	1.5180143333009837	1.1888716367424177	0.26476676494261486	-0.39811737455647533	0.7235389173881771	-2.493714212232239	-0.24776667589329987	1.5829097295571808	0.02592811632870615	0.27067834617898634	1.0096087840355115	-0.9225015794254585	3.100161834856559	2.108436637913721	3.2295712621644834	1.7460650443381307	-2.813409682797323	0.5355408392307275	-2.9814966366798434	0.5318807085527356	-3.3548144630088554	-4.327998675325624	-2.0576227753759864	-2.1011351979266846	3.1689466315603467	2.1537922231748046	-3.1319111705613705	-1.7595172914501247	3.2010628211223247	-3.6848471482437692	-1.4723658397703274	1.7110095871772173	1.8987277353869174	-1.0733417093758129	1.1710501402015756	-0.01855133118410284	1.9422461170984224	-0.8213517707438798	0.9230541891349406	1.0573501439831716	-1.336653020137437	-0.1013010358411632	-1.617150061744154	-1.481940774660204	0.031629870875301364	0.17649510660263854	0.4720327635993241	-0.15102573086508098	0.5107305499409863	0.1889557351064646	0.0864807006593535	0.177095555800432	-0.5568307906305868	-0.04514850345204663	-0.45754758758817266	-0.14595898115501857	0.25742670626351233	0.08231501945379364	0.03235176317609942	0.35040787087704844	-0.4048146069684456	-0.22302493389542094	0.20818060769318872	-0.006325537159020332	-0.36947514769488393	0.1303933231592406	-0.2294682276259012	-0.24295829924488266	0.01838022115043439	0.17849503500892794	0.18299522945582736	0.08509049513626848	0.30173667956679684	-0.028632754435351015	0.03820861686250722	0.09334443131828195	-0.23477100108638166	0.09900064377587454	-0.048428304772812174	0.011835871462528945	0.23941593439934303	-0.2963076396918683	-0.09640576237535761
DTXSID8020703	8.957411992511405	-9.170625603445389	-53.91888328164015	-6.019686662698078	116.13085061627574	2.413265267975289	-26.775160848097222	20.797000580503756	-21.010062600171718	-16.89607448903151	4.291653266482249	-3.8537787963988612	14.490300537671796	-31.156433150275117	69.86757863463613	48.52311944268263	8.47771528758227	17.013925639976755	-1.8154011198387465	32.30968477238689	-3.5250562572502386	48.01326698883797	-43.83355391071967	20.650620362650447	20.900516687049556	-33.53230781622992	9.219057281447629	-0.38014045770503535	7.319933512411856	48.2562954867447	48.39277539756111	-42.15929993748402	7.282474484679594	17.794945050131737	-20.83352062225316	17.824384595178177	22.16723811845331	27.95100261727694	-32.954055317382355	-7.797961187988266	29.33975538127314	18.294932116515504	-35.498850534298064	17.544573178885454	-9.734447786519238	3.115663049093067	5.278579182213315	2.0253539141305246	-27.514998426087246	36.2451423386522	-30.445760172820957	-6.749073687110257	36.94517774902307	3.94186415937198	-29.363664844145184	-43.03162052122648	41.73792456233677	6.466470053826842	39.4219229925087	-7.686559560584836	43.33430706012713	12.399124840613647	6.158300066230002	11.616434447671452	2.992494125921436	20.006382598171683	8.141627669065798	7.8365223526355585	29.251364900055695	-15.52435527923325	6.585929954750738	12.825979915060781	2.7167010928392243	-0.822207064270997	11.864435356402188	7.342667405062565	-39.58472534775438	51.35179159200118	6.5878351680406055	-28.59089951205678	9.201335773267104	38.31077057859644	22.230071066737004	48.55293813785388	-16.472992187120205	52.06948144059253	31.295308113165316	-13.503107208580197	-5.577678227690984	-20.03819679004454	-6.685182601155042	4.29251449587871	-3.4190087199642303	14.932719255616822	27.89438989829893	6.098507585332839	15.832074959126002	-34.215507131678066	5.026195720937601	55.37117901986441
DTXSID5026174	-6.288498017910377	1.989261853997875	-1.192119005070893	-0.940718339880437	2.1119866883574763	0.8650404830176521	1.234854120795784	0.034067357171368544	-0.00030232754373480915	0.025320030937387245	-0.8979182258072188	0.99255469956124	1.1714145720245046	-0.03756784839634857	-0.46752726286983026	-0.12908628042769915	-0.6095830166272235	-0.4261341550965563	-0.8538217950678174	-0.21284311285564875	-0.5097051003218017	-1.4114388990142166	-1.1937556393692388	-0.025734768587000526	0.32540366744503063	0.7993008807737741	-0.18661023185036663	-0.8880817197698322	0.053372760843373564	-0.538853728218096	1.5780096007026096	1.46061052333187	-0.9055058995977293	1.4677617175191402	0.4799875531983224	-0.1982866230549902	0.40458404170562406	0.4828264508871686	-0.4505958275770627	-0.6499765710063211	-0.34606815078288694	0.5367481690838584	-0.07672811559564569	-0.9659338767154069	0.4507732166928843	0.3234870497578023	0.5210064378082938	0.8861696379948452	-1.5224748457993598	-0.3378954841777638	0.871164514175269	-0.21822101695456603	-0.9678732853835382	-0.942581064531246	-0.9159911346136095	-0.2565198526083209	-0.5926934865426969	-0.2486272427379022	-0.06812709583456904	-0.21465057245593946	0.31372266801303894	-0.8527792062039818	-0.5476020283920655	-0.22617208412092535	0.5098247784752803	-0.24402268657629053	0.6075538198379276	-0.08847332003917785	0.3332413826719131	0.5153600569739126	-0.07281475828077315	0.1608238422190712	0.06486909490246777	1.4722360052519754	1.0147879026627875	0.8037481239895224	0.9150556993014664	0.6780989169320555	-0.12229613712055704	-0.29957523775966843	-0.6951112715933925	-0.22215994577054657	-0.8069205589214892	-0.708005978448845	-0.5639057089154964	0.11898923827746832	0.9920722772237194	-0.48191737780966687	-0.052037262522958316	-0.10373784578089561	-0.13776483138216644	-0.3207962916447265	-0.06256746550674007	0.7917805556483045	-1.270349166440556	-0.7356468426470613	-0.5557892316680876	0.2900429677744121	0.4456194062961772	1.166827733835116
DTXSID4040002	-1.3348524933861017	-0.5739750244699746	-0.8984230104653002	2.522828093589798	1.775260043786708	0.22946873907203694	0.40844176149199685	-3.4820123012893625	0.2397008928250118	-3.380722831503538	0.02327483702593221	-1.2028730280999769	0.9134674835925691	4.541526846115097	-1.0214639773690743	-0.8816730469878381	-0.21958268739697764	0.2459380933146344	2.3465937057513373	1.7819412108856587	0.6943655301012877	1.1143727166418727	1.488655001780415	0.39843304513546385	0.10064697312109941	0.2704964466474893	-1.5153689174220253	3.1344265866233587	1.9382485968939143	-1.3522596378078757	0.0037384160867721707	0.3994938461783782	-1.9102561599731849	4.304811567226461	2.385487412360314	0.14114325504880584	6.836631344954639	-0.9807390906068885	-2.641885952998054	-1.4962299227263098	-0.9145573057003255	-3.250325123536909	0.003130134076815622	3.3208124324577972	-0.8888850998040247	0.648879953188018	-1.888237438705341	1.16343429736027	1.652483949980538	-1.4179917353887403	1.7108127526755739	-0.4954024834541751	-2.339579107962258	2.1743094283494386	2.558563202527398	-1.4860321292042866	0.6976602447228236	-1.133875459842562	0.1102650114493408	0.22451538196217716	0.23277614750808204	1.4632153842901514	1.2621644529343479	-0.8322910963392514	0.4572553152774388	0.005771302447000665	0.19381871945396836	-1.080154168893131	-0.8509651548518128	0.6944788151308005	-0.8979725557988513	0.4410008342910386	0.11227771372351662	-0.010234646726934913	0.4902005901843357	0.047855492103693636	-1.0008727567873332	-0.4652058142524944	0.30824195226701273	0.42739070691676095	-0.3147810978270389	-0.4701555036416646	0.2313687576574783	0.4157561418844208	-0.0958122574726714	0.703697408378382	0.6378919306124224	-0.15166010849201117	0.33750685544351267	0.035412853162586154	-0.15388648066156557	-0.09615444394760918	-0.17335412511382634	0.20193588506607427	-0.614425955637096	0.6032425654242636	0.2949306318930618	0.3150018933711917	-0.21158314673755543	-0.22523407366363257
DTXSID5024710	-8.224919301362448	3.0605651518065615	-3.721656294585647	0.803019450985308	-0.9673483941314244	-0.25869554461479277	0.598157040337702	-1.2497571096066578	0.0350571561834837	0.08688230630969247	0.4210049436860843	-0.03979165202887813	0.9335887353275977	1.020421931614927	-0.04110358440136942	-0.6241410206248786	-0.4796810104607088	0.3846888696772601	0.49535240879723014	-0.048937134087929615	-0.20756923172667519	0.05372052566328823	-0.6243345185473809	0.059346534963313165	0.02353751848848191	-0.26569312455903366	0.7195002114414305	0.09413906987770475	-0.6573737443623006	0.058595599876288054	0.48680561850873394	0.09075766972868364	0.3144030094984669	-0.08166021446286331	-0.3095922191092306	-0.03598887720689111	0.5794253217034406	0.589548943525428	-0.049119701807635203	0.13340524325535605	0.006095384693334452	0.11554876895875128	-0.23408206340439663	0.04374546257755326	0.1729266640634833	-0.29207609703507803	-0.02098942598526189	-0.28701055440523704	0.5953031524816964	-0.35713346004431534	-0.265236259277817	-0.45130509549355363	0.01836806630759204	0.33061857459577043	-0.3419911476655799	-0.2591698912693335	-0.36529403918123315	-0.5423362674934468	-0.32489804831402025	-0.09763970985036388	0.6006721056176111	0.025825597235926853	-0.2882142573811172	-0.17988247966601476	0.1143729220844244	-0.4641168623739074	-0.967128028275744	0.07712471595344933	0.7204329086753397	0.31400031886317986	-0.48560605553499664	-0.18237536155207576	0.1502395739197615	-0.0298996245187973	-0.16541219658565784	-0.06862980356268156	-0.27609311932279723	0.31760213270594795	-0.8344664081728101	0.15788313431750925	0.36076382911698995	-0.45250551460418653	0.44905837734941184	-0.10258987095053376	-0.03882634105543221	-0.1355092182510389	0.1583645303255676	-0.13687678197038788	-0.13293210008588383	-0.3068284366724667	-0.05633149974300453	0.9489580459321818	-0.1014997908499705	0.23290253851672674	0.13792874399988014	0.34051472616983497	0.3827676057683083	0.28501662361650687	-0.16834486049043756	-0.02186747474898986
DTXSID1024621	-5.709523682474753	0.7009386041261373	-4.373548230539724	0.8658334253527878	3.3021342623200884	0.7124111937161279	1.2873326355904646	0.6029017397028605	1.1599171743074637	1.5499288381205472	2.885749700601607	2.016976659755785	0.5797630546482176	0.7946895900254219	-0.18384572805015115	-0.2910840117277349	2.239802672299927	-2.4362478909815812	-0.0036809247263350072	-0.3496462916420359	-0.14889974814875098	0.059748770493881116	2.726121649450747	-0.937851459524303	0.06997669414105813	1.0539345274063017	0.1431868736652087	0.1916975718850581	-0.8678792008169269	-0.6875291131373756	2.136877656802139	0.7410490169928221	-0.16428746138594222	1.676771715770696	0.5920018526197997	0.043433398108010744	-0.1528596800245101	0.11443054780008996	-0.8363789956587796	-0.10750150523703347	0.37877680199533903	0.48346792855633586	0.0327971275265918	-0.01607228939392039	0.98915684206002	-0.2764834436057088	-1.6122913435722148	-0.04347463027655514	-0.43214577250160596	-0.7100835606077053	-0.4540648871846963	-0.7071231049079817	-0.8259891695260199	-1.6757921112352425	-0.4554273723199913	-0.6506385377036092	0.7357624977886673	1.206499863230598	0.7343148346742273	-0.7011516448041175	-0.20390189502566908	-1.1897742583637827	0.4497497106284687	1.2890596354373334	0.5044680394972839	0.03220493052650026	0.9867740930630593	1.3468985209266584	-0.9560749627669635	0.6533468033917413	-0.6851027420112438	0.2381941669588278	0.4143111589215736	0.5872009889689889	-0.3677184427465782	0.26384729914645383	0.10382122677541542	1.0630266825353831	0.0951529922998246	-0.9378169036900872	-0.4898898081279926	0.3599377973165977	0.0656965953694163	-0.5161806212776038	0.47185977574177995	-0.8705838053499734	-0.5476683487965448	0.9911580886325585	0.13251197419315527	-0.6932238225923538	-0.7831654477016678	0.47485225786706653	-0.5071820124434239	0.004226149118978629	-0.31378692929588103	-0.21706994804168492	-0.3602730765558031	-1.0691347252183758	0.09201491111449099	1.3351759482765024
DTXSID8057851	1.0286121425529067	-0.4115575281113169	3.484996893058764	-1.8069864758343148	1.7153784458063577	0.6314690890577408	1.5485835913304904	-0.3621139372995834	0.8764462410948693	-0.8243287340268258	-1.9397852976462695	0.7461953080166207	3.9241711138906568	0.11990981615292529	-0.09366501867687863	-0.2539443284313534	0.6313478498597653	0.18544551662991382	-1.1626566756854049	-2.0753014934637783	-0.7630337970590743	0.12065656791574036	-0.5480761008091641	1.653898352573694	-1.228300963257933	-0.5356428396632297	-0.687037673227833	-2.1587750516017756	-1.4180848289279433	1.3709121422402024	-0.1031650149189682	0.1639826080224918	-0.3816278812421936	-0.24277641777459963	0.6481225988603048	-0.7630994133524442	0.4615606316444748	1.1743919096031519	0.8516089232616169	-0.5375781529760046	0.9546015639494145	-1.204427171644183	-1.3219911226108036	-0.45274961092073834	0.8528364224902488	0.565387605939702	-0.5149445046825999	1.1358914948765941	-0.3862027066407989	-0.24104001411691528	0.8521461205311581	-1.8620331280616496	-0.10528289252399001	2.488189192590716	-1.4226651102933892	-0.7046163341458772	-0.7138357308773271	1.1441926593296048	0.18960095457061374	-1.9409293121344393	-0.5988220282523986	-0.13979716842150616	-0.16804242803099642	0.21048623824584756	1.6856513185266904	1.5562209646230185	-0.04515104878098628	-0.015069728076382865	-1.068637008417419	0.0006491112948400938	-0.05079104530552344	-0.11767719077823043	-0.12446940015968987	0.04195257986503524	-1.87896345504682	0.09797770979156645	0.7470658458005478	-1.340187692571289	0.5621089133311309	0.8406156966456876	0.42170017502351326	0.036086924744173556	0.2440855811188141	-0.42440423182186693	0.21010590599322668	0.3524512178558133	0.39507748538903564	0.4652486161325864	0.6790665748030309	-0.44383283527070116	0.5797444225718533	-0.443421558570442	0.11139032588884885	0.15638649352601874	0.4566449126376667	0.2066876768516464	-0.39467241559936145	0.2699369973865607	-0.13093643563165208	0.03581822159875007
DTXSID7021491	-8.133039902635005	0.642697099351284	0.7370289217206044	-0.059197401714884204	-1.9536990923765478	-1.1811447950585365	0.25451835300473835	-1.2027483623298019	0.4638393457476694	-0.06821908093645214	-0.6955988660924303	1.994594420639603	1.3305896591313544	0.9898042938137661	2.8100945282711582	1.557349307457288	-2.302884801978996	-0.3207597764147896	-0.9706054544967023	-1.4131621962748049	0.43597088724126914	1.3279913232102536	1.902528874104402	-2.2746563699857294	-0.44084741747602585	-1.1798720166024625	-0.2861968019585313	1.1245720890581583	0.31758680115982224	-0.1604066200128366	-0.055474605115554236	0.625870253661547	-0.5127612920280941	0.8215297500150146	0.3112021625993579	0.8837867589868903	-0.5857384441716301	0.6133115115673659	-0.679906586299625	-0.7591997051925378	0.12930504077833263	0.03573459817944307	-0.02595374313041715	-0.8199262388098553	0.7535048864332105	0.32464101119943156	0.001497268043893603	-0.3892625854559698	-0.43590529132421885	0.1310533319398695	0.7806601232366466	-1.0932023503292125	-0.6477186655048257	0.11367754757258355	-1.3809094986764805	-0.14398174125925067	-0.020028597259298623	0.12070643239652029	-0.12169974526075572	0.5142682559482328	0.0011924683597530883	0.5329553362032293	0.06489251524089273	0.5273920766748663	-0.3866257464015157	-0.2027706771272806	0.10301669831117749	-0.6104694611801996	-0.11496646467143765	0.7349295207337098	-0.17499792242234438	0.6836308122816096	0.3099798720682965	-0.10883630513708471	0.13261587191385904	-0.18344536006085976	0.5500590058035627	-0.07580546984635772	-0.29186364876251364	-0.08148235460610877	-0.4588976112293242	-0.1748421720111106	0.07266158696472182	0.09228609864053608	0.24992893561488655	-0.20837674890019772	0.442305409671244	0.18284869980023782	0.5526759521268851	-0.14519103219262344	0.06774246685194252	-0.11778812585612243	0.0018768184034099937	0.17625843265446697	-0.1256890594729641	0.2596474243420921	0.068467079965793	0.0018931879682651032	0.10377669624016575	0.0099850132200958
DTXSID1021792	-6.944345141434272	0.8822293365125038	0.27780006391893824	3.0630909640382717	-0.8721875570577152	-0.5724315169497174	1.0906431668601584	-2.4160997341985593	-0.028806287275121578	-0.3813925687968237	1.2776719278234976	-0.13044101992466206	1.2461519903816456	0.2021896714294393	0.3378604574542715	0.5342696961270624	-0.14506334967130882	1.1555284195652578	0.9086250788886229	-0.009916529816182065	0.09390342648116393	0.381934780761563	-0.9560805551000463	-0.6053094725100239	0.8758122072999243	0.2729197877120425	0.02493892150999523	1.05977641439021	-0.827411768682095	2.8456731532879833	1.7699149667009046	2.5723724508783925	1.317486057899279	-2.507053709290392	-0.21601409110147007	-2.4702776372877593	0.5639630762320975	-2.9786319069970415	-3.937594632912476	-2.0731434700641063	-1.9264694228348838	4.123461616762422	2.1364429692693383	-3.1509471202473023	-1.92385153444849	3.4683476041858965	-3.334109774023168	-0.7851820697749108	1.9639447279347446	2.2122992177890604	-1.5265079165690814	2.306983501248911	0.7236657336440299	2.3553823994838097	-0.7359539256356723	2.0486985588044675	1.0260873723438753	-1.2070605429534595	0.7798781196127584	-1.534270417784861	-2.4419608477052415	0.731767631333343	0.9225410344982391	0.6196117201494112	-0.4053982042725471	0.26522282281891246	0.23223724785561153	0.28375386851829143	-0.7648575389962564	-0.2260870997817032	-0.6725589904700043	0.08891979821539525	-0.3808205761551797	0.7794886335304464	-0.6753405304315215	-0.19673063662684465	0.14460496832600545	-0.4593730507194324	0.16952192411905342	0.24067773222763084	-0.6684547708738138	-0.32862687761615206	0.38887071242057847	-0.20824464477915228	-1.0667322291605603	-0.035934756168155425	0.4412300811917543	-0.08031037911613643	0.9382628775569926	0.6385910852936916	0.05001349999393758	-0.3317861912678389	0.5536737171758864	-0.11562414872587905	0.4394918585456622	-0.2545682183391206	-0.23006767255470573	-0.23103855164392992	-0.03126251463263404	0.36301417494551197
DTXSID7022128	-5.6823916591607935	2.0331904251205613	-3.6750095220740135	3.0221743876720106	-0.1446741802433715	-0.5532655032709504	0.9576896121925044	-1.2176068693092683	1.0540067598163019	-0.6709668830178331	1.3045270671735545	1.1888299848285984	2.217166275176914	0.9791489647460684	-0.2686039148615948	-0.5154493838985942	0.12222395955340246	0.23061355334481176	0.3232419211784599	0.09080204244489161	-1.0629873433153134	1.9159910206695914	0.3090677886416257	0.5207727250910695	0.25682110625282567	0.24548833426203734	-0.5083385053943491	-0.7120247376146003	-0.2758562756638149	-0.07716862538940372	0.3687651108298226	-0.04571960296951867	0.5131376929550641	0.25291328771131893	-0.06750211192495735	-0.5700797336944207	0.2826559793311371	0.24275348201753355	0.38613022070624164	-1.1239599079635147	0.5155814476821516	-1.0162465354565908	-0.25468376922411967	-0.14721071227580393	0.7569093643521752	-0.03356269384606143	-0.6787197017087012	0.3815814473447351	0.683647309127437	0.3151638411786534	-0.41536729951717455	-0.17287025889324187	-0.2339889178726058	-0.6375783893456444	-0.543792043331394	-0.6051733007684901	-1.0735449183261976	-0.2729915034284072	0.003190865708932411	1.0593313767583024	-0.10158032889445318	-0.11552960408527624	0.421792982766467	-0.6749342520015899	-0.01551968027777281	-0.11987723937269647	-0.2582314990700433	-0.39559017594758356	0.8586444995066952	0.5152145681429419	-0.6564725756355192	-0.5309247202586155	0.7454805617881272	0.3197311641807527	-0.3902989168612347	0.08809446867068188	-0.08565930473113752	-0.20046852086324748	-0.5874331980037006	-0.4327414676963286	-0.4666226510803399	-0.24218870907227313	0.2052300242650952	0.028123525362451593	-0.6646153204016062	-0.36172229470105866	-0.4252302308393877	-0.05090085921142276	-0.06999625410849215	0.46419825916801083	0.5364871844957709	0.5466991949797667	0.05976101178461516	0.2819203403025703	-0.23977852062742633	0.2815398958483719	-0.34849424978831817	0.17128371795782055	0.1533803480740014	0.5986572648143142
DTXSID6046503	8.901560499223844	12.725570827855158	2.4945326117003264	-0.8586453769515817	-1.9880757334967254	-0.02206285810129245	-2.951948821000535	1.6979013076495155	-0.3975898006537687	0.36926528167902983	-0.17549058233978607	-0.21727520280670803	-1.2681196371247117	-0.15708566227102502	0.3217120180892502	-0.36446834809884493	0.8535231289284289	-0.3936392381801561	-0.6778666416989868	0.24846296243439225	0.9918289050033027	-0.8901643031096541	0.24074185753064004	0.09945161040203908	-1.1865481498937553	-0.6170378455593558	-0.12590943641542215	0.7016476036209477	0.339546414701265	-1.0754239031158404	-0.5023864043075175	-0.5891828614383704	-0.29214445066035705	0.7408822676148944	0.37503136014710603	-0.2685062460715289	0.3831832558790556	0.14148295781432968	-0.19453141692339537	1.5718103484510955	0.5382504646298738	0.5173077833570249	-0.5704861934988631	-0.23140051091540512	0.22104961512752125	-1.0790283198947448	-1.6236305513729217	-0.2902244542104	-0.94601723809186	1.0187992962460397	-0.8968395980113838	0.13838188288228817	-0.1908793003681365	0.2370278504232199	-0.11932460090772176	0.6973075690152104	1.7154235884693663	-1.2149915720913893	-0.648464359196887	-0.10088668417311952	-0.6695859243878871	0.3371115739236289	-0.7110584045274368	0.12521286619079078	-0.10959996230538006	-0.21485646745549367	-0.6260924367746932	1.053378247805852	-0.7762048868821446	0.12010544366494263	-1.1733096121684163	1.0802911362581193	0.4540000825778184	-0.17372839965510337	1.1722939147720481	0.13389787855078275	0.4088776155945146	0.7682476820753489	0.956887279030822	-0.14189570147935246	-0.056108236322206864	0.1539974548835168	0.007583964385360869	-0.06615445472965029	-0.32351247212654016	-0.2532548505152663	0.2850171179763997	-0.6292468798193012	0.06909833383940288	-0.18250046041461285	-0.7067307983156803	-0.8167179348764623	-0.13929412052014212	-0.15689906426876477	-0.3446040978227553	0.31465064691191097	0.7960117804025577	-0.6031601929006121	-0.6319894961026459	-0.2973593397979305
DTXSID8025591	-5.595381510753331	2.289654135112422	-3.5961849863044826	3.7553067820814108	2.0940045512018766	-1.1307059833475486	1.5953416121000068	1.7593061284220102	-0.38551242705083044	-0.0021592898869519377	-1.4027861141559659	1.882583013637452	3.191965076833649	0.36325420090708765	-1.3199257569104648	0.06991590465555109	1.418128520072941	-1.529585201527544	-0.7481986585952584	-2.7663387304801366	-0.7269913587098612	0.7674408545641679	1.3232186402472528	1.2674740857623683	-1.1048815027205507	0.18487315467009457	-0.4856348746968437	-1.9517745180176131	-0.9893250968758074	-0.0521114511997722	0.9135073765696208	0.09843758299922699	0.35205176214312756	1.2401320219175835	0.525068283717756	-1.3328869440008273	-0.10667551112852282	0.6869751993790093	0.3059929083838507	-1.6066589415593626	1.7412510132416845	-0.07898772353134864	-0.622916943312931	-1.1480334469774107	1.8247235603163348	1.5269424261622013	-1.6638960560805205	1.7940515938819466	0.05828505226858732	-0.6559228049596652	0.32073103032980693	-1.8058044967967812	-0.6884820237131478	1.2547104084556149	-1.6240976804673546	-1.0915912136571848	-1.215876964430527	0.8949967490886592	0.4182919520592436	0.006140066630418512	-0.32343970511694986	-0.4935476952968263	-0.5010627735846964	-1.7225370710293542	1.8349509445292447	1.459023789957474	-0.2517074404615114	0.8037579576429335	-0.9427432148231915	1.358578053897565	-1.1019724418902495	-0.3219317204416903	0.13979104231723483	-0.4097591706984922	-1.933208870181558	0.8570823243765573	0.5909135413442523	-1.496246658792719	-0.12651020538761798	-0.15478699329200196	-0.5386122697854271	0.703953543081242	0.5697039166391908	0.2643019113422508	-0.3651783764717509	-0.5191821194864635	-0.8650909534469086	0.3942834740033088	0.05937926068528183	0.06893987186649486	1.2896745881153786	1.0606851977460416	0.6023160909042646	-0.4530403038917744	0.10020782562719079	0.49918322836085693	-0.4260997693569348	-0.36215100557017366	-0.44330504489662653	0.8859494579038096
DTXSID7020423	-5.706732669555645	-0.07397859582520767	-3.7676368224534658	3.140986121426756	0.5672555403137591	-0.9716648583387129	-1.1787264732288876	-2.9361011589753634	-1.0486572154434084	-2.3708099763841433	-1.8654104536232534	-1.7639354752400547	2.0914579802862	5.7916324120851606	-0.40835827483927617	-1.1682897707044622	-1.1860997287154253	0.8270137672714025	2.934563897229991	1.520310721950257	0.41754968171329965	0.16157990959383672	-1.1080316071121836	-1.4735978894334008	0.5762741652060452	-0.01819926980937004	-0.1454473467004627	0.609587872295925	-0.6218671511646588	2.172345666807181	2.8194455792126325	2.9225546399178874	0.8415482511101215	-2.6835880662659024	-0.3452841759488268	-1.8212930680927242	-0.1689681991445545	-2.7484460340375056	-3.9499251629328604	-1.5985790717556476	-1.7492105395758861	4.144782556803275	2.0033015852687392	-3.6897473174843496	-1.7533556035736515	3.020953536024879	-3.990711471960823	-2.2412697783348174	1.871193713377764	1.8221831086262203	-1.3150718734293563	2.183088582177101	-0.05050062299962101	2.62931552062199	-0.5557445955312164	1.0616565122753328	1.4121656479158493	-1.455026290442171	-0.8036097513440836	-1.3783360947260255	-1.9733885548513783	-0.5461920270575953	0.6547577166486498	0.9591228480189143	0.1255444948702193	0.8053252234074383	0.3255762584101455	0.17014398989725243	0.489167952526974	-1.0239137306367896	-0.5188163891364063	-0.10522527641449674	0.03710590570682473	0.10358496814660968	-0.725313641612667	-0.24978500247037463	0.1426081168059716	-0.5655633729725453	0.17863936737241337	-0.3784291544159833	-1.154062879639053	0.16585884507348392	0.4660342131124885	-0.20616549252903285	-1.2112797272399083	0.06752112565532135	-0.00904275802849517	0.25663447015841406	0.3053007096681218	1.0403752192970053	-0.4248530653245785	-0.7792822602779284	0.624784957689013	-0.095113728032902	0.6823444840385271	-0.18242777278855937	0.20776839887601797	0.5287988686644126	0.6257662682824561	0.4894021466659533
DTXSID9047176	-5.154777236669383	3.425159059118942	2.1554822649253755	-1.7029919669063627	0.15233734632372295	0.5798999941886841	0.31275652563511824	-1.2875934978651622	0.09682977935988894	-0.31321664582729947	-1.2071751441736729	0.21136074250207404	1.5792482988421357	-0.22511489951646121	0.4933745301302309	-0.42746361019085344	-0.24015553608620166	0.20457040053921619	0.7099690577020284	0.8655705701564443	0.15648465372471856	0.24393778966726426	0.00205401179376509	-0.3771500831642787	-0.19756966208311075	-0.12695376181699566	-0.2420464382231764	-0.17415649565580513	-0.4270603096264179	1.2787965084501745	0.4248683370445429	0.6287175245164374	-0.3922071986818462	-0.7113792193094574	0.0030467488537668543	-0.24328568821139493	-0.0675220202852342	-0.33752327878977983	0.8051745632032081	-0.07996016963822013	-0.2348616991493028	-0.3627952524752599	-0.19190848630386306	0.4580788213634473	0.13331878279543105	-0.563720279368142	0.19964708444043827	0.3292685413101065	-0.07082849655497114	-0.2594562894232533	0.24726094803315174	-0.17933115716848944	0.08700226830976904	-0.17642476984995395	0.6607163968435611	0.3829941115584925	-0.24762887876636466	0.9661808682394005	0.1216927329458714	0.28522645061655677	0.29007781668459004	0.5552724524953289	0.16284304421744036	0.5859440969691099	0.3598282842491877	-0.2595605399860231	0.44101641166358874	-0.5829738468242944	-0.08574773505918545	0.674111476055573	0.8412791556322377	-0.2527251826216891	0.18503785485942917	-0.05329753768976092	-0.16743983548825006	-0.23011762606536568	-0.009112685506105871	-0.28245826528558604	-0.08925699966274712	-0.060219477938608205	0.3068081513347489	-0.43109781544142517	0.5149305440043032	-0.19952909012601194	0.6566997915302875	0.20284977353745048	0.05168690905319519	0.32535068777758425	0.18080094440559497	0.03469346240617467	0.18054583456197473	-0.08002532403299324	-0.26419893288142815	0.5973854498338852	0.100058619627528	0.07474618637113908	-0.31996803272876384	0.12590111088270406	0.2885261603219502	-0.277866084214698
DTXSID1020350	-6.560215411023465	0.2539741680449284	0.4591348032156989	1.5447598830292448	-0.8246816459576541	2.025620951490031	-0.14842377607118915	2.3030275796235777	1.4687926524952255	0.435106816611261	1.6309491090596218	1.8258686540832239	0.12058515520097055	1.443096253840057	0.12465223860754726	-0.5085124200612704	0.20250980031303126	-0.7206454776540971	1.3707719069750945	-0.6358601998585296	-0.5212168239725986	0.7597944502517494	0.4604289750222567	0.3312601418739328	0.07531362299678045	0.19482243893733667	0.12810294389850466	-0.6207827912546643	-0.28333452089314914	-0.3031178940415859	0.17782462847962782	0.1515562789660563	0.009861634289994866	-0.6468685300500543	-0.02045980561392017	0.22163518295173884	-0.33261817509062275	0.007400708044006729	-0.6238300193205425	0.05541696004099575	-0.009147990960818822	-0.512486072344454	0.20009553028585006	0.857628229511981	0.350180390308754	-0.12532135519623877	-0.5591637954911853	-0.46334588374646424	0.2863696741978849	-0.49004583631545734	-0.3254538465585069	-0.4758788900634758	-0.21522522137764022	-0.0019063857211704016	-0.13714217924757072	-0.48933443639525004	0.5004295799952144	0.07420474475041951	0.14947638985331022	0.05825163300403137	-0.028259301394587714	-0.06812792452066911	0.36319630052345486	0.619378400922479	-0.25392830682975825	-0.3479255254278872	-0.3606451254889694	0.4555483719154931	-0.140270194471273	-0.0637630534055229	0.26947301965096226	0.07877095316029058	-0.05879154177677184	-0.28431009926978795	0.012691001993215358	-0.14849483162966104	0.19653870615038352	-0.01394628152497076	-0.45560238306434053	-0.19881817958247103	0.20879483309453994	-0.25369122966436675	-0.034158666151275024	0.4023767851334368	0.07515230303221271	-0.1797363227636488	0.24430642243280595	-0.02395416116332049	0.06906313797648671	-0.11890957655286069	0.039203217288318264	-0.15277077784024984	0.054825010243097216	0.07086378057323812	0.06846658545040549	0.0728727555671061	-0.02827612947289092	-0.06329645736525684	-0.0720625765081465	-0.07962771564113166
DTXSID5020869	-1.1991637207336296	-1.3719851501263103	2.29770992237463	-2.2749584973815464	2.440900377492268	3.3928982348648478	0.8154129389873638	2.1057211993092086	0.010986750978432101	0.33702222122670505	-1.7153646650696115	0.6438455865440709	2.3459869631236185	-0.5984353458590606	0.27495133547890904	-1.2341152329698841	1.242311879043172	-1.962935761111909	-1.0521983576463978	-0.3163297919564837	0.7119925773542681	-1.393892561305282	0.3802686102274521	0.284336034993826	-0.1225807781274401	0.41551889954384486	1.2645957105469354	1.2603703622996156	-0.47975403796444205	-0.17593011790745575	-0.8068222516202074	0.1451193982132133	-1.5250594459087043	1.8420314796211648	0.7596850806612298	-0.8323334007044147	-1.4428969335203061	-0.970447195777031	0.6426886547648066	0.5387871573554013	0.17777211403860854	0.6705683110806675	-0.2788545748516695	0.18019924635635018	1.4203557641917075	0.7707769308906266	-0.13023662003080108	0.21768949082868255	-0.9396416651630123	0.9192863282502945	1.2386561100557605	0.778463816319715	0.8480282455330251	0.08527030044948325	1.3246459792239837	0.6939696883937787	-1.17728328712484	0.800297281763496	1.318911534231926	-0.017388263194627374	-1.182195395214673	0.007022536536670545	0.5936873303548024	0.7149505077716651	2.0881374403100232	0.2564114821848894	1.0093362456674642	-1.2322369271995017	0.18700219735723067	-0.8708437650742762	0.03415161607768652	-0.39797280549635433	2.03968765031088	1.2367580829510763	0.5656213737949635	-0.6521153683278829	0.42297502426215017	1.331905747188894	-0.05842600850759349	0.7019101483229071	-0.9462461229327787	-0.5852512603412853	1.5991308138989246	-0.1423903752451986	0.23375189574131058	0.23938675525275122	-0.9665985434771592	0.10449444560346957	-0.006893975073603591	0.2481972730739944	-0.04371263882480784	-0.08349643972966425	0.39418506347084475	0.5630079006345061	-0.341238954414821	0.2839932227689548	-0.19120715170707978	-0.09536239404616308	0.7800708916331329	0.4698511223836149
DTXSID9045007	-3.4004183357714655	-1.2499779001731057	-2.785143168868739	3.9243383463282364	-0.3823934140287937	-0.30024672392476365	-1.9963646712652097	-0.3023811458518188	5.499676941249289	1.4166541167194688	-3.2071385667282857	-2.8270317814710006	0.16149396614586006	-1.7610863039454772	1.8211909146882324	-0.9347941352970376	-0.3826439413529778	-1.3806568286000724	0.24529700488880465	2.6919037100386443	-1.0796028407615033	1.3323205508067621	0.18949832300307012	1.0876152252641864	-0.571741009734947	0.4648057403256276	-0.7740603677179013	1.3037042774075505	-0.16749651643718694	-2.189125936702598	-2.240777813801966	0.6656690218956766	-1.8453653227923834	-0.12162382458581214	1.9882906876702224	0.05398213497059074	-0.6284190193214926	-0.15016400775107108	0.22115966697003248	-1.9714331393069469	-0.05854138610403415	-0.2668562520701671	0.12505332424663076	-1.3403559833220435	-0.7974706930934972	0.196224287637536	1.3763100323609314	1.5163978139366878	-0.58849424737387	0.9208221828123848	-1.0313592265516929	1.277685968437278	-1.2062197814217996	-0.39720781291178364	-1.0618333655806675	0.41576841880572996	1.5293166097766455	-0.18619055795742903	-0.2831169693693362	-1.2101539303550342	1.2472530416758594	-0.46223029706280966	-0.143613039402749	-0.3709988960497269	-0.3676332170546689	1.2745624648720804	-1.761975739011533	-1.9508714429929463	0.08742465507694017	-0.13460708963911888	0.42887867831134135	-0.4286293307871544	-0.22113023209278987	-0.5558511347227476	-0.6702048647903471	0.5706159133305146	0.2092698000064644	-1.7699934859523345	1.067915207908995	0.13582449968702962	0.1694683840206762	-1.296229457233185	-2.319373669967967	-0.911861943864916	-0.16019656296692414	-0.018351060704930592	-1.3539272506421487	-0.08332557909089662	1.2200093065594062	-0.02556635826487828	-1.3238521003993953	0.09734431330314136	0.44932915792579525	-0.34664465320418764	-0.24036954702965962	-0.49735910357742036	-0.3196643821917222	0.16501201382615457	-0.7314205501629393	-0.28250772059607254
DTXSID8032675	0.84962857629321	-0.026544223097930544	-1.6725518900763767	-3.488094662425493	1.8204509271358478	-1.1587047599787395	-0.6081263368756697	0.44725525135786776	0.5660418066136058	1.9319739062862846	1.1892074939409611	-1.6734004397697801	-0.920390557692253	0.12364423279880164	-0.2576475421801396	-2.7481581313687604	-1.730463306709195	-1.103766081884284	-0.9682857107703139	-2.793064783285985	0.203431382836813	-0.737439583742956	-1.6814649035475324	1.3026607533016255	0.833525769740118	-0.19687503006483498	-2.761781124690221	-0.07056142073793338	0.7892245590910492	1.3516356191030325	0.44540902074732885	-0.572607116036965	-0.79885970098388	-0.6295756710810025	0.42641115495106513	0.1543417431938843	1.6369131395307277	-0.17558340133722883	1.093052891080869	-0.41724755852125356	0.12617943237094237	0.42728799694377306	0.3857138604539463	-0.28848920046870224	0.05615286698733863	-1.147000524966311	0.09287010975344089	-0.948147236031264	0.7730410709508221	0.17878806293818808	1.196476942512419	-0.17002067674273816	1.174225569812463	-0.41543803607184665	-1.0061675179108711	0.12087345518802874	1.7841877388846472	0.37434371734465194	-0.3183683865744649	1.4013999631539273	-0.07448891238843738	0.303376445662186	0.23977543166243195	0.4586757321414714	0.38716933983293755	-0.40127481031074475	0.35615898570640914	0.21402748701719843	-0.3163236900072493	-0.5103431077618068	0.3065059790794591	-0.6752399681519385	0.47321532439873265	-0.026843026651965047	-0.18495464970147044	0.03158127389108466	0.8918227395449367	-0.19293228115636285	0.316530101340161	-0.020055909528360873	0.4640252464919356	0.4176678457334026	-0.03564561254019412	-0.013625823132243359	0.19569651532075646	0.019984357315060985	0.6111943416542036	-0.14403825125861627	-0.4878913020511638	0.22814697703477968	0.24253858513835835	-0.003066964658535601	0.2594725570663468	0.4948537252144294	0.022022884051267583	0.3701381034421381	0.09896702933630791	0.335535075744079	0.03936946424843932	-0.21015246482788066
DTXSID5045671	1.2817033521119494	-1.2965797819287277	1.4394477130421273	-0.4028052040663482	0.3333708014797543	-1.3569039232927649	1.975558283210605	2.1459940486749223	1.252606439015563	-2.23913777599241	1.5501336240352956	0.49308758129796515	1.6862171719502193	-1.5526196026693555	0.1385750895393648	1.068424255747363	0.9695293284614506	0.7887356416416083	0.7660181550494671	-1.9240190603242882	-0.8673036660001924	0.35383015824100367	-0.8366093866686781	0.15140363542371582	-0.8368971900647711	0.5356288378414672	-1.5118817974250316	-1.384589203984707	-1.7798924344392737	0.9475878154202689	-0.3028405943730949	-0.4521043589384798	-1.5969857043260849	-0.5379140324142249	-0.27501554248576626	1.094823954199837	0.5662811209073558	1.1683385638978274	-0.6184239191453722	-0.974075646427443	0.944974893321538	0.606368400696795	-0.5825587851304567	-0.4351381217860132	-0.11504230574963155	0.6126414733888425	-0.6986121693305357	0.8080144725077314	-0.1613062387147762	-0.01992449206217451	-0.780354766908137	-0.2425596931762046	-0.5803064667376246	-0.395208762503521	0.5216873747671976	-0.015376096691745486	-0.8760951021685435	-1.1571570385580339	0.2890874987622014	0.9214424764514058	-1.2023041424476226	-1.261163948122883	1.199636459030911	-1.0880397141345846	1.2850211995827683	0.035850740526157575	0.27891450102826	-0.35515337220443344	0.4295440543124352	1.0049420922932082	0.03846267580073063	-0.851365597075342	-0.48034385313827155	0.4630479721735615	-0.27421182517117004	0.4200270881899512	-0.8364594576368737	-0.8899622815393661	0.3911907730379252	0.8255531480264425	-0.27054210018825814	-0.11288736299324126	-0.17285724199543515	-0.35915672351961275	0.2687639768641637	-0.9127564183915721	0.11037249748582552	0.08264737424393488	0.5195340575092736	-0.2734458934252439	0.20430558654387004	0.35974540275383976	0.06510259446666418	1.0040070813538906	-1.3632544387855057	-0.1480139342506146	-0.3745665649280142	-0.6600064121252055	0.40687454778585325	1.0597402606614292
DTXSID7044429	-1.7473896117486158	-1.4861028285371722	-2.8715671770869484	0.5654574137999734	-1.3950438256245576	1.6423985829589718	-1.3035401018832646	-2.7983545142153283	-1.0410839715718656	1.9732183907648333	-1.6959412605499793	-1.7020856300845129	0.26475448592111395	1.0765766678413915	-1.4483370024077016	-0.22364389967948847	0.5253621929862723	2.2288432418972866	-2.21093910444142	0.20187916789937527	0.28992950049301436	-2.094669289075315	-0.5677866850502675	-1.3884774560485695	1.1936444989082966	-0.9326980938004765	0.17702967933886327	-0.38148594650565243	0.6823090715516462	-1.3984979432933338	0.8929410443503846	-0.002915198273441909	-0.026513036367002103	0.17376782028478557	0.8457854234343534	-0.15690611386313474	0.44792266760935223	0.21125621746594156	-1.0396611918443248	0.7094040154271555	0.7434471926671525	1.3973347768406286	-0.1977058929601744	-0.24797055015603303	0.427569174434388	0.09956074277651784	0.2770973058620502	-1.5883707973924401	-0.09030093214380769	0.8210642147609338	-0.002114798716865724	-0.22675478444907882	1.33980529935355	1.0866603400063655	1.9838717797834915	-0.033272847068522335	-0.2581987501143416	2.032350319698703	-1.407071457384859	0.3456254067079812	-0.21345925000724605	0.6574869812197648	-1.3106435184746972	-0.19734544127322087	1.2964151780410906	-1.197755856706301	0.8694019854915577	0.08878090789019809	1.1292906852920515	0.7154682667626276	-1.9717109509956634	-0.09639951329657302	1.377140397687786	-0.6639250932670737	-1.0854644340513557	0.26355417939355746	-0.4771494586682747	0.040898298850273525	1.4214169149391374	0.8430242575523705	-0.5702747466405556	0.07690765249592607	-0.5194241247116899	0.6258657452141664	-0.6840332392542514	0.8098994167943574	1.101935322963035	0.3683948648569343	-1.1524952660131123	0.2428171144701783	-0.3418867177620166	0.590497359736849	0.4432411773729242	0.7684109193325553	-0.17555381066846032	0.32873516739650543	0.7292692769450636	-0.24811509091807957	-0.22170076469938751	0.288124228976824
DTXSID3022956	-5.340043813191014	0.9914842207574237	-5.5038030835128025	0.9759919620554723	2.8900877592923364	-0.713010865569787	-1.7020903802330127	1.7874400851155616	-0.8781957584378567	1.0530054729286389	1.9185791970229622	-0.7599227901639687	2.41966286320785	-1.0172246238657034	1.57099488613773	0.07614338814471086	-0.9522497292458257	-0.7595102450891227	0.8714509271200512	1.4017341863411035	-1.4492557326371345	1.1438136663586396	-0.9927280819212189	0.3193312757561949	0.36583363670658	-0.6424249304147892	1.1997600786923253	-0.3724944855874883	0.20772593922399576	-0.8836489900685299	0.703932223473235	0.38420231423335355	-1.147028645221113	-0.03584319867053677	0.3923087259242226	0.8104088136272175	-0.28669203115271885	0.765259640997711	-0.5657722642607913	-0.5105913379083152	0.17890989236125318	0.09561148731917417	0.04152754857690346	0.024074958847665286	0.6977287318428774	0.23031374203956206	0.062228093791737986	-0.08404774007312361	-0.11220786907078192	-0.6821081993026774	0.7800076241895106	-0.37522995601304854	-0.44653528401723	0.2737470323580508	0.7578285132005751	0.46522886484055176	-0.0029502033132398045	-1.2224581244122183	-1.616626238808784	0.0025206953173534026	-0.0012734270400003747	-0.43568613926455	-0.7845151731911745	-0.5113596157113158	0.0174153577872593	-0.06309795412180924	-0.5312388267563656	0.5587308695406545	-1.0195463669677747	0.38714472989402543	-0.10923945910354309	-0.8625529848495213	0.43051964411110577	-0.5628216916882723	0.3694477579953943	-1.1215047465654056	2.6259056230028754	-1.4961469945156032	-0.6046847678228595	0.3999280485037805	-0.21203906911778395	-0.7979824552093495	-0.33751202809916764	-0.5086753537533796	-0.31842586516497984	0.22317276264011782	-0.5574267772224422	-0.7765979565818666	-0.2526907548938029	0.07825647502607218	0.3335663530527577	1.460527492228168	0.28807565790787304	-0.03556826848433827	-0.4695894845978941	0.15297061857785563	0.043338733277339885	-0.34083871889270634	-0.2902267020665436	0.3245389817794587
DTXSID1021374	-8.59177362305354	1.3592519456215426	-3.476903180191069	-1.6706091810227324	1.148884783431682	-1.1509447352309405	-2.28990334433571	-1.232322109485913	-3.336575771932936	1.9878904339294243	-2.0336085440474014	1.0166653448377412	0.6345420923707752	0.03380314040441052	0.3901267163468746	-0.7290313409642342	-0.3395372202234367	-0.36950014454216934	-0.7392718153276536	0.9430431071816483	-0.5127520014500647	-1.1881157354661644	-0.7215102316161786	0.12944100196849118	-0.9125139583596235	0.4219829607495447	0.3490630086774088	-0.9885545986397292	-0.3678801084417363	-0.689472644895858	1.2006448193557817	0.1808227449725934	-0.9134394412653137	0.32631583641203293	0.5829965092008071	0.18475755677787653	0.599778168605349	-0.05979896708194688	-0.21577501590998205	0.06752490793862567	0.02398911955397537	0.8711782861018454	0.37934247356759576	-0.22653988636842506	0.2938542024439738	-0.4005606109073187	0.017920436747689842	-0.14851079785116114	-0.20193714379463545	-0.28290657374614847	-0.0991551261990662	-0.6031992461212369	0.2374681559133525	-0.17908440797242442	0.9340139189042657	-0.03938027474947163	0.2631644788506111	-0.2483855328775299	-0.672298949458742	-0.21876022354994112	-0.5153654236807959	-0.6772540345745778	-0.4014051657730604	0.6104059725627058	1.589679516826284	-0.7087695764102709	-1.3731376841529086	0.36303490241939806	1.7814757911487362	-0.7362274783952041	-0.24134124985575287	-0.5862891441668356	0.35274141463218694	-0.7423385637328441	-1.632953549593661	-0.02581965508301713	-2.019174330396238	-0.14593876683570728	0.22091095814998607	-0.5837044062089858	-0.6633165975468881	-0.5997309063324542	0.5227374447573746	0.12749156189633482	-0.18595127341151807	-0.5343946676500458	-0.8985976248310136	0.7155587829264173	-0.35790726041491167	-0.3934176597904678	0.03908471546239554	0.026705374648182574	-1.6494276006494588	-0.3269901564874199	0.5351748755257826	0.309085917563065	-0.22902020449455374	-0.06427012221022327	0.3399669232830856	-0.23968001837917552
DTXSID3024499	-8.02223524721552	-0.2422710444217397	1.3555463596241974	3.6969798590999	-0.5238544857783679	0.4530394006323299	-0.31033854230446	1.6427260547005982	-0.6091646891281693	0.5668742174066063	0.37073008903986987	0.8982858428878581	-0.23491088176403743	0.6849359434513593	-0.5422707356525773	0.6571874288881406	-0.4905627815798273	-0.18684373960091358	0.6796927705453928	0.21259926618189598	-0.3209620774640032	0.6307360991592592	-0.06548875624740448	0.38406787113059304	0.2427463677217328	-0.5119987327058623	0.04996803622296912	0.23289014258622484	0.03774241086195934	0.2510968320728239	-0.4360477473479969	0.21509634668824262	-0.08346735282411216	0.2564414604048191	-0.031050568035418887	-0.30015258974473935	0.16427699923612588	-0.38248957317372434	0.37427567019049407	0.013401723096142558	-0.3197086226470025	0.17398944857368678	0.46057353093387393	-0.1953399145341381	0.2457658622828268	-0.22248660297080727	-0.3222081057710507	0.8451475687836002	0.2191436365682291	-0.15635920603681214	0.09736759184703106	0.12399597573156945	0.9001145192574477	-0.4954661898061777	-0.5122262074270387	0.37699223945845334	-0.42612428343125375	0.3317864431436568	-0.22696869768122307	0.422634565557036	0.10401209845731675	0.0033436125676334586	-0.26018561400261964	-0.00587077259410275	-0.28257861332379763	-0.7902692615178802	-0.3361602935822506	0.39033525373215994	0.042967027136479236	0.4753247771823804	0.12042960160072057	0.10507601178331474	0.36234399753093904	-0.15834954297669626	-0.13297121710097187	-0.16111471732218283	0.4553669370598343	0.35893453808658016	-0.16660874334869588	-0.4263072321011637	0.012967665796336406	0.2800222893254804	-0.2747600842081458	0.2397792622692462	-0.006103905978200253	-0.2632755115955017	-0.17876557152493286	-0.1070927420297783	0.2801451488969255	0.14858285890533207	0.10442339027733655	0.009806860365083025	0.20966705347286635	0.011198940719451113	0.142281838531722	0.029928602946743457	0.0798870120868695	-0.2454123767716159	0.2577653268362158	-0.023699171329734557
DTXSID8041404	-6.346404893950824	1.0455893003300796	1.1029535601262075	0.8931198305073789	-0.7186384692591028	-1.1069900282095781	0.04450608871336863	-0.768668396287187	-0.9394733446169238	0.7907100424582781	0.6774974088186403	0.12126395307593077	-0.8380760322882022	0.28488884322833374	0.10450139216302752	-0.7575223576808894	-0.6403975216317395	0.6615241659259139	0.3832843022529622	-0.45822459053804254	-0.34576366494527055	0.36780368851021067	-0.3398293214260196	0.9689554450715104	-1.0122337278027442	0.4046551754010057	0.5648934855930712	-0.6868805441709608	0.6104998286357698	-1.3102623586077466	0.644140160334204	0.09012396863860295	0.23221146553719804	0.036640664468825156	-0.3657653022459107	0.19394208495851772	-0.9267529286379406	0.1613742271539989	-0.7606254919088331	0.1522008428930756	-0.0805048011901412	-0.17294159349015492	-0.05908506320318622	0.49783139243924385	0.8090327017106008	0.7280996627259201	-0.21685576284533764	-0.40770583287852785	0.45468099209970914	-0.20287925750344377	0.030466790120980358	0.642921514237996	-0.09382665636593639	0.3444269497735611	-0.3530040411144552	-0.07519758423628037	0.3804405710338136	0.2603776392546453	0.23098008672689477	0.14524199489696568	0.711219926140845	-0.357028883391705	-0.2621206498319722	-0.37936369152831284	0.07341931571972168	-0.20234005601034646	0.027636701383005755	0.21524200616883787	0.03238557587892726	-0.07190736130809271	0.11471512468812135	-0.023696615571440257	-0.3016766411121644	-0.6560634771361427	0.32466651822562664	0.2776295118996389	0.37746015375658754	-0.05604156969538804	-0.0638157085886594	-0.028374396595494903	0.3392366713648806	0.11118040643098914	-0.2886863495101988	0.40348747269021373	-0.08511032952116539	-0.2665072820003994	0.05242051644402873	0.006150690482054301	-0.15755210714617493	0.10116455009479479	0.004918278542980244	-0.19865460910195046	0.08309135406358205	-0.09626396141083055	0.05626296837255915	0.21929854789049077	0.1343900954527525	-0.14109359194712506	-0.3388033662647884	0.006054161407594276
DTXSID5048768	1.1296902979201258	0.254974272331814	-2.986080240350561	-2.8350354781854783	-4.82301170376218	-2.937455933240737	6.38171582917038	5.579765576537787	-2.308270434715094	-5.391275540397786	-4.017130686140006	-0.9489028726183029	-0.40272632791630786	-1.4733875441656274	5.705316402264583	1.7332907214022386	-0.4587332562910898	6.132947453740383	5.389379148526266	0.5493388752912096	-15.603284739450615	-11.798169959589991	14.293817899692979	8.864364096741348	11.242145001438859	-2.2028465312690315	-1.9514565500153547	2.8531384162466695	-1.9992125949807578	-0.1850738930741526	0.1935340423742496	2.467853819210887	1.4875669654244497	-0.5386218920641999	-2.1055721512313452	-1.1741615583699185	-0.21267325244008808	0.5248674085680527	0.12853180599953914	0.07840273484873261	1.0508269615394323	1.1562569138113572	-0.38764686510911434	0.3121998950476024	0.8032905312063727	-0.24089807269023414	-0.2552322811830032	1.292973525228039	1.1444514867886686	-0.3713044199163196	-1.2443504302357677	1.6446899410498241	-0.19304985178759243	-1.1842250600993547	1.3522830839112925	-0.8253243700898089	0.736979335953019	0.6295536726212281	-1.5746367685183835	1.0338782941601137	1.1157211281643435	-0.19149833749767337	0.2465932341114184	0.10981952208881028	-0.011648801300242557	0.184860953414194	0.012777349097902804	0.1759985340045388	-0.7910392173228112	1.0465053190656548	0.7925146078608505	0.6684215153303223	-0.6338896844501205	1.3531177897245004	1.7348299087286843	0.5900791906463586	-0.5621588185171376	-0.21342221475158793	1.650332865802369	-0.46843453196269447	-1.0481574935107085	0.5126429506646127	0.41123100034597315	0.991956336736262	-1.3723317014869478	1.9831621007020668	0.06489945556351316	0.9282061073596608	-0.18103181052361422	-0.45905424285761004	-0.5239253552541029	-0.19140008801974215	-0.1596348882489761	-1.294084984860112	-0.11059265563135641	-0.19211460521903737	-0.08952179431957825	0.24304831380231462	-0.3457092659077561	-0.2268390397774727
DTXSID1048170	8.098208625049685	-4.577195541269156	3.8619931223499018	-2.297366721201118	1.2322057017001502	-1.4225800167387959	0.8504218325830458	0.99424658236259	0.8715161706992922	-4.566512508289021	-1.3411212190415565	-3.4311762973417648	-0.3859442397008947	1.8682784541005364	-1.4365412339537567	-4.439014767875686	-1.1951457061372581	2.5569408154061075	2.562999190070351	-0.9264112790955961	1.2369922694127784	3.812709373171441	1.7976220853863976	-2.4167626809021745	3.5188554424462684	0.23087990140465714	1.7312464611956568	-1.5216835917168063	-1.9497004893205427	-1.2054401153642644	2.1038824093365154	1.6197905019305523	-1.89175833426394	-1.0458047911867077	-0.6216265972881693	2.5170547923988025	1.985529134105459	0.1836496242707174	-0.026456974835865163	-0.13100574121159866	-0.3605268925291919	1.715079083848625	0.654484190028913	-0.9248020659339128	-0.7744354085417507	-0.17472861900849107	1.350175535758837	0.5089291518458656	-0.48160321135262063	-1.596947557826329	-0.7168282466020997	-0.7454033411842376	1.1063558442476562	-1.6897523584958745	-1.6585662141925308	-0.4539784948297386	-0.4204501986577215	-3.3895953669835426	0.4879098105158644	0.7953182373158066	-1.072341899571035	-3.2316801504076427	-1.5059678106625953	0.03449360064647554	-0.22446064182195805	0.9126244561431681	-2.003357388808712	0.423451777334148	-1.6777783408040612	-2.413967036637155	-0.03309663672397261	2.013401774875454	4.190495087248558	-2.135663611619142	2.9484745125940277	2.3252244140733915	-1.6573128241518729	-1.7538372409043805	-1.6568946625304752	-1.08498049104384	-0.39222604326922267	0.13511820301290473	0.3677817759736556	-1.8784455296292222	0.7656027902056056	2.017270392724496	1.233314001905475	1.2015527239941697	0.8020733086758671	0.34629468269166086	0.282452470073536	0.9101482679104966	0.10906640953246298	0.2914967311751272	-0.43565278444484684	0.4756815187685982	0.3760784304400256	1.7310922085259834	1.1372058434140768	-0.3835341237534875
DTXSID6020804	0.8158913883008577	-2.468169403768746	-1.8326209724989482	0.8994034456738992	2.0584260431008614	0.6163803238201286	-2.211164973352566	2.272632932077173	-0.8323455427458334	-1.6399595883968905	-1.8509887274166168	-1.4860586450930464	-0.42709521022148866	6.080198596629053	-0.5657702905029195	-1.703634703201388	-0.5464809381772913	-1.5188118697942947	2.096699749702982	-0.7125204063922961	0.3204858071026099	-0.8928701530861654	-1.3012048041735802	0.7133934623166414	0.37523368654527683	0.5294521191423177	-0.8403124041444163	-0.38460436436021633	-0.6560807544251176	-0.21404390690148056	1.5312679028113667	-0.01508841284879358	-0.8144822799322429	1.0969462619226098	-0.6824759763508683	0.545198651408157	0.5459299122920199	1.6758459279182416	-0.35327682093340784	0.729458637085694	-0.6625043924715877	0.859894826273612	-0.500627179499908	-1.1469408060635327	-0.09681012532851853	0.15061102209379926	0.23509018911139032	-1.2520674357129855	-1.300309393387298	-0.24346376038524414	0.27523388215816774	-1.0320957101416828	-0.606286219775373	-0.10447424817303495	-0.7196759271684205	1.9643632358433407	-1.1097478301527985	-1.0104599183535374	0.22454671904980472	-0.44244703208196756	0.33271645177520814	-0.8499120006787633	0.8980701088396429	-0.05019966090336127	0.663377782708447	0.45670722853028184	0.27712383070130286	0.2411053097372618	0.039050290286726255	-0.018814533372653017	-0.14400906001458358	-0.782874614946456	1.0378669001670344	0.7906386737763083	0.24995469709220483	0.06654479759177823	0.19581365766987238	0.5561883918175693	0.23244200599099535	0.045738441141769795	-0.6582553171525463	-0.8101584888851858	-0.5115751720405325	-0.5653070736306284	-1.2016161361139273	-0.15565336326928148	-0.7899649618738411	0.3938171662796041	-0.2302848501207527	0.1078876766147044	0.721904007966044	0.35691812520686594	0.19402927646670998	0.5320097257209323	-1.191422889805548	-0.6236387278190697	-0.28707967978488563	0.16424292831788176	-0.136011902345037	0.7043261726499996
DTXSID7029665	-5.227567149230661	1.0219505097603985	0.47013840181894306	1.2395268254572502	-0.4393533566531031	-0.7276802747143789	0.6249304429492932	-0.4310593030704968	0.9502557241670161	-0.4669122241985053	1.3417358585985046	0.9882100872501831	1.7450523271181844	-0.11624641513844296	0.026346456951218195	0.6221518377390044	0.40861717278948523	0.04376442985187399	0.607576538646147	-1.256401458846178	-0.8728389033487628	0.9690434671732093	-0.10583364093930751	0.5927812453380906	-0.8553777726511427	-0.046755639456197415	-1.3938713020208884	-1.4832010386491523	-1.057772912508453	0.5275916398453079	0.596420426212769	-0.0941493206993499	-1.211273867955233	-0.9194540651425499	-0.046606029544103915	0.7265985495733086	0.5038648624534834	1.217837012707087	-0.12336072946179717	-0.7267858538302245	1.037935030544139	0.08765037984764112	-0.6151336946059244	-0.1376673274403766	0.29992594921502097	0.020901838930576885	-0.8798083986838536	0.6682060825106012	0.4924023541098265	0.0428232939231923	-0.7674664249952782	-0.652146818092537	-0.5663712911925769	0.08368753706407188	0.04891131638677584	-0.21199477902290492	-0.2671604313979369	-0.46043155484608117	-0.06965946767830518	0.5405052614424449	-0.4407454925154297	-0.05326374483242443	1.1043050709765971	-0.539006178517306	1.1482210580628476	0.25264186389529875	0.4992382805068548	-0.32868298084308684	0.7125776334792837	0.4818111603629329	-0.053668406348833304	-0.8743259858815459	0.209319540796471	-0.1715186190811754	-0.3479745446497533	0.5914989218312234	0.3423561012262249	-1.044812489346045	-0.44043104529356825	0.07674904745001178	-0.21369459740843574	-0.22578574437393922	0.2017046034548161	-0.29035822094788805	-0.3852371683038116	-0.2597612233295671	-0.05478357531247614	-0.0030874658434032246	-0.14196085933486405	-0.12878115676461607	-0.04557502860818428	0.4365296930908804	0.5736783930662503	0.4546793296302014	-0.028127611098994778	0.3028746255774635	-0.2572023178506438	0.09175431185507231	0.09500849411143093	0.29982220374099666
DTXSID9048803	5.774871709246013	-0.39248291006536673	-1.1706717303918899	-1.9765656239597957	-4.542827665015275	0.41270445656964255	7.092467274521652	3.992543986831169	-3.4980282204275865	-2.189539544071513	-1.9282806642386574	-0.959305369529898	2.863345987749447	-2.4367920423942206	2.536204573670161	2.4448874500462283	-1.4368473287162182	3.1948705842940317	4.76920006299773	2.8057797315950554	-8.269010925270806	-5.024273959508095	7.97283538509624	3.8747851658321855	4.409891098197675	-0.26550119260763655	-2.983334417200695	1.1065457546148427	-0.8812381584199882	0.7091524980618715	-2.51743679915475	2.400710304447668	-1.0661145729264019	3.5372072753068635	0.548937123535732	-1.939408447397398	-3.501005376525944	6.743937914949442	0.21841813583120456	-4.067619452437038	-3.6493228279530805	7.421126302643695	5.408913485109751	7.75385867104532	-1.8097624654137645	-5.451813914097584	-1.2705831437405317	-0.6152347794183488	1.1566704857507282	0.47464617658932173	-3.3361973621673866	2.297359504539019	-1.0683100863441657	-1.1511791536661118	-1.8917624200707168	-0.045835890705238684	-1.981890838946891	-1.3319244442239653	1.3096564801926378	1.034532461701498	-0.8284496549971413	0.9294174761397824	2.394785196552969	-0.24182252561240072	1.3220170458038993	1.1128520141559712	-0.9036239274019917	-1.060446280824141	-3.0718373811292854	0.15418593393124827	-1.3063892781488122	0.5595805929573672	-2.580322330823563	-1.4121507536356337	0.749457746484746	-0.23337251220677419	-2.376208831624597	-0.8402010380952332	2.4214130217015484	3.949856660329323	-0.3557580343479796	3.6222562351435315	0.21078955918664574	0.8560400779246279	-2.518980975400757	-1.2475943473425357	-2.010371195173462	-0.2965600426688224	-2.0152544112105173	-0.013343712210668181	0.25874506279507237	2.19700518115455	0.9985487236101642	-0.870663960723161	1.0527307582532714	-2.5220132629919445	2.3589454589969994	0.5565917257388346	-0.8155028407456081	-1.4744657696469112
DTXSID6025569	-6.241405773056647	0.9443913495568388	-0.4799468769093258	2.3488762448757727	-2.210004989953995	2.182910884916411	-0.09279314733440717	-0.17328928536735563	-0.12642307293004196	-1.1067890399363967	-0.3177748695239062	1.0125823017848214	1.6154127010169708	1.1363342941241068	0.07135087774138112	0.1047618721213394	-1.2528735307276264	0.2494612715939927	-0.8667481310374058	-1.851041718137971	-0.36229431348666774	1.0141252312714253	0.1817770676184763	0.13168067802970201	-0.9996736791715001	-1.860149048016959	0.688623708326236	-0.8526791953696072	-1.354750880710711	0.30630618339304205	-0.26050571126413113	-0.9615254736829169	2.1964802015046256	-0.16844740128684393	-0.1643808033924426	-1.7843352628364395	1.3900590193838431	1.2405936172782923	-0.9558975524013064	-0.4140570489925768	-0.34583689923247973	0.29541848621876815	-1.4230985891949786	1.9496853283195263	-1.581879035051648	-0.4949414093880019	2.409188963684382	-0.6362904985804623	0.8388501560848907	0.4011901344804301	0.8337972028895025	2.263992439191023	-0.90893365644199	-1.2138362114650583	2.024419963491873	1.4117535003860597	0.8522504486547217	-0.6815982065495365	-0.6845934373592462	-1.212699203899074	1.675859824492358	-2.070115607072295	-1.3089630643661654	0.4329879576131438	0.005142087310501893	0.22377182534091752	0.6949083791990185	-0.18910143419790143	-0.7528177493031447	-0.9593074956918297	-0.10012893352344861	0.12245940413228285	-0.15039878640080614	0.5319561838715923	0.10088239155966124	0.554374517384546	0.1825286343243503	-0.16561062504345292	-0.4578839933562637	-0.4577783119921016	0.5998983715520276	0.19554314772698217	0.14885950116881289	-0.10409701747105984	-0.42818168499222475	-0.5652869508016911	0.6610932675163244	0.20488857230073984	0.4724207757799915	-0.19762940515554844	0.26476792987633707	0.10353535982542922	0.10510631988960749	-0.050520436914971906	0.3194251664880772	-0.1626811850489262	-0.27379085353687105	-0.09126495567812092	0.189615377452845	0.1930640648179415
DTXSID8045434	-0.5893115523615603	-1.2940336073854486	-4.6304288944333285	3.7068586392473932	-2.4536208255134184	-1.548952281886018	2.9256749694726345	1.8199709035748057	2.9442873971253203	-3.329908427751877	-2.660176545113384	-1.7425964829337306	3.213717950426025	-1.4914322676979686	-0.16089012749303808	0.9575618878031731	1.8117328440069018	1.24074507501436	-0.36410750564939626	1.0734523873638895	-1.0221524433409508	2.1376699886344754	-1.2862227799463042	-0.6333217447124968	0.9151259409402058	0.45883842947333103	-1.6588340694524428	-1.413706366147589	0.04432869866972947	0.9345498311719992	-1.8899835654851047	2.4657760353603706	0.39204624318983994	4.044366687308707	1.9018207050214782	-2.494711562564336	-4.43263339316721	6.477922139728363	0.46450652363111766	-4.716271540888317	-4.5652394400255805	4.085273334563631	5.848725529388198	7.386615779844213	-1.0586832382923066	-5.091899190781717	-1.505144295982904	-2.176233675896102	1.545916452491281	-0.3237640495487469	-1.165227448708424	0.5260554647502622	-0.3381496441735459	-0.01435478889696462	-2.2499949283151355	-1.3124911161846295	-2.0605378397150886	-0.645589713108399	1.9212684347955447	1.714606189912313	-2.0333417139584484	0.7670125744620173	0.41192517187780137	-1.4884130083682126	0.33137619536601387	1.2651039692251638	-0.2036251738161262	1.30111905700704	0.376489421193135	1.6832941661498548	-1.4577869862356019	-0.7483142947554099	-1.4161481047000968	-2.481693907202924	-0.07235440391322841	1.5407382440402915	-0.22571611985970186	-0.9738831827472897	0.5380569341155014	-0.024868440299390854	-0.11420570241402973	0.4929479024133494	-0.2917998825122882	0.2767917736570958	-2.2854592139499914	-0.42285029613216296	-1.444669022127133	-0.11863130134559087	-2.0184928726692632	0.8051874163814629	-0.11406690983800075	0.17048187060564154	0.8767743518440239	-0.611615301774348	-0.21081560950901446	0.08414252542781799	1.0505321279910436	-0.4625604087560966	0.4527349784184435	-0.9274095606209529
DTXSID8046876	46.05008892040165	-4.473541846883583	-8.116711085049026	16.05535607547885	7.544987427114727	-0.8987546842404951	23.941278954497076	-0.584637928640984	-2.930289255203857	24.60309016546035	-3.236988005433878	23.330795949846063	4.286380703806137	2.675376629481788	2.0197052935899387	-6.611088477610495	-7.131854005877989	9.996631188069623	11.499108382082625	8.79735912232288	2.9540051765322435	2.388231815106516	-1.7208616372761398	-0.1627427586280222	-1.0360733076170918	-3.0566369843508396	-7.240939924148706	1.4031237458943298	-0.7004302766130975	0.18324129143550474	0.32896641389649456	0.027902412208700128	-2.4717945226451574	-0.2867381182215351	2.1701784270602342	1.8379921350538209	-0.2225010255531187	2.6595486224611147	1.6208042413714467	0.3502733543956802	-5.018162051494955	1.9693807475945555	-2.887611333544424	1.2139674832824654	0.016636870940924024	3.6405067723937465	0.10048657663270474	-2.685776385115607	0.8588679586142122	4.2197239287797155	-0.9810532155012008	-3.469209194405828	-6.7397142939709855	-4.377847839172582	-1.4931029596708525	-6.028360465512254	4.59202911433187	2.3292811278858543	-5.283903906689039	-4.706726330531693	3.165682985865785	-7.805905403194565	4.639329513944238	-2.2246154880799325	-8.662233855772778	-13.696805198372857	0.5054137625066516	-10.989176057237582	-1.4025926680148701	-0.7120218833336486	-5.421593926641976	-4.216041377616448	2.299955076678624	0.0830289934881299	-1.620105268012866	-0.463653387340527	-7.557028902128006	-1.0165160477561381	0.8545120793040627	-2.530564240435093	6.897354438206225	-5.073879993807975	9.419811002674205	-9.467982757764814	-7.782191313171412	5.920469124749192	-4.755023007407894	-4.97295704274211	-1.8366312066118218	-1.801289964506855	-0.002951122907233387	-3.5017168986023828	0.13158718847268697	1.4588633012008407	2.6643243196795825	12.639666950272744	2.4571586257058726	1.165326730277275	1.309355361876912	4.653916652950265
DTXSID8052724	-3.3725672692630555	-0.9847601760140042	0.8780158976713803	1.26297259368108	-2.2342764769255683	-2.50338489538678	0.8951859530453484	-0.3701852980246274	-0.3518672252698192	-0.11711653202836142	0.5835045030599226	-0.6960830455558681	0.15710414571187642	-0.4330518613058324	-0.09782080404135021	-0.8646026256579191	0.3267830583247757	0.075235024834392	1.4216002215912353	0.3970833266935503	-0.10728323064714103	0.9043642410017388	-0.4376629242169059	0.24424568154163112	0.7332282692030833	-0.08175086442439107	0.9048129732244916	-0.11314701457578157	0.2852338288315559	-0.3981311273597902	-0.1001197973097381	-0.5179612150944556	0.7589210197348065	-0.531977822021488	-0.7127147280501961	0.3318709231776215	-0.3967056496775917	-0.7267032863781734	-0.4967915092809474	0.0990237773167456	-0.06995575629842922	-0.5621521158311921	-0.07490145263154417	0.986727427081774	0.09842748222545937	0.19892220822768195	-0.039354962419172516	-0.8012899361143618	-0.04766404178204176	-0.19874918741802944	-0.33651918382290885	0.5576036868476809	0.614012655141492	0.04852282137151161	-0.5117917374666234	0.06738140058888724	-0.4072042133281565	-0.7972553629228214	-0.1536793334071573	0.8003030354108955	0.24332795344060876	-1.0265134780650536	-0.3311979652336944	-0.9600911091490822	0.26415818172586364	0.056775664617921814	-0.4562277135520604	-0.10329172779891473	-0.17139105320980844	0.15064745060162155	0.6886009472674309	-0.15502050763502015	0.22172258910009726	-0.031428536660390485	-0.1678223744006476	-0.1058770909712092	0.00017008818371275377	-0.006969509294509629	0.7580845309299324	0.4585072769477686	-0.28977513067063004	0.12889346808308402	0.1031370621591662	0.6255681376814917	-0.3773150967932293	-0.36161732924413165	0.3075685609318602	-0.12259048321400891	-0.11075215201688093	-0.6773035864789334	-0.18738523675237084	-0.4066196452229294	-0.3950845035330421	-0.07876246643489694	-0.5143609101849107	0.126770573131102	-0.06250065384387217	0.08689417063500836	-0.21467155205381014	-0.047252826300779004
DTXSID5051444	0.47081704700613786	-2.7814292174780046	8.042103787998776	0.6866603505357544	1.7267514119140555	-0.6372180893355742	0.3579029694121116	-1.5263217097721962	-1.2408179962969121	-0.12332106486547756	0.3253226333647061	-0.7072059127143319	-0.6121448860013131	-1.57973624282043	-0.05169479597777878	0.5951301870671922	-0.20118865562347885	0.25824980578759416	-1.5697228400251344	-0.28725454879747603	-0.7458579389110778	-0.17205545898767236	-0.8740561987242766	1.0048658993291422	-0.25898460875682555	-0.03810406377606865	-0.1743999857686111	0.1871575272596358	0.21129205742393467	0.11804169851224182	-0.6034448449038972	0.6728475337512289	-0.5007185560208267	0.43831758790960484	0.8410628283371034	-0.4575427231064419	-0.025377944373496795	0.36965676758222615	-0.061047831825999564	0.19587197861160827	0.09302580543608313	0.2867464089414828	0.05416006801006339	-0.36864905959424243	0.2294021202443613	0.029701431737970206	0.20462766023139844	0.17361046195339774	-0.30782580833749845	1.0152737745266618	0.18670521559147465	-0.6299114314699481	0.08124575456576576	-0.27658028966115766	-0.001446641303003257	0.3589449118434286	-0.018169331793115907	0.7869048188513961	-0.6654339398341653	-0.6780902887252447	0.2797129390399876	0.11328569868282365	-0.13172710449924058	0.5681195546282287	-0.23547674635866375	-0.036629699727633844	0.4020913324222088	-0.1527765686772977	0.38418650447059305	-1.0193320694274948	0.4950789035913485	0.36121982552041215	0.6190255376998556	0.3503156847687474	-0.11563400186854535	-0.05722528556312366	0.8101144326298868	-0.1903127766602423	-0.6877865273376585	-0.08908685936120106	-0.027838057039775096	0.1346245297510349	0.15258507318547998	-0.35409888289596864	0.3724167949442986	-0.21511876437800795	-0.15016488100267925	0.06979436631213579	0.4018421512299053	-0.24045555247195355	0.15525535574088525	0.06031465975888148	-0.2335908081941883	0.3020506498694934	0.2846716183389558	0.03544209443625784	-0.36696553999000003	0.0298893341745992	0.07366230446591851	0.250463299256683
DTXSID8047183	6.746861026963902	1.6042474619797995	-4.466668925790279	3.118654748510081	11.329528066138217	-1.223796641604617	0.11429508394022063	1.1682204536536829	-0.648319893806867	-3.9218930322788297	-4.880616646964966	0.06248560296602582	-0.22718947753182323	3.257840281940141	-1.536146109807466	3.0094730887746257	2.6984032390275647	0.8513375061186871	0.3684754384935822	-2.4475568705726336	0.540729968627398	1.7903712241100802	0.7775863477793392	0.6090271914056027	-0.03474616783026297	0.5957709273956436	-3.001896055883239	0.8495003075365842	-0.6760632850538784	0.4153246921636849	2.454109500688166	-2.35800399371737	1.1426638957428643	0.45039206457939646	0.7290888604975404	1.6259372204450302	-0.8317821825557716	1.718674415229217	-1.2638075053231417	-0.9621336924661283	1.3917664042233304	-0.3480156650449134	-1.6569901804135592	-0.5851446693287102	0.09704123552551852	0.7848349213367449	-0.882656167880855	0.3679857549247652	0.8541836610396929	-0.029630444567841883	-1.6360094365524795	-1.3382678272987518	-0.16910533055869803	-1.2868060121421583	-1.8569807213201397	-0.6426888129719308	-1.1970340688770273	0.5443759633528841	1.6900515975849306	0.9896160743728514	0.35472778192522264	-1.3247099566346585	1.0391811757279001	-1.6497027768640373	2.3366375095243264	1.2593125163204097	1.1291389348320153	0.3271147139134504	1.144255906418744	0.39558482486946	-1.6360161977926824	-1.5542029223291305	0.26702382223640975	0.18351875071994161	-1.0650889999945623	0.5856065428964581	0.8488412033035799	-0.49131527139554154	-0.9936629031022426	-0.7600494324549858	-0.9687602288878217	-0.8396900941390002	-0.00442521699718022	-0.16477442176505608	-0.984591831043144	-0.4628622295710002	-0.5790760433751354	-0.5458376619634394	1.1287859698418456	0.45665563992214964	1.484171930229072	1.312596196154012	1.5452167870512876	0.27344354150641603	0.4939338562299261	-0.29472382439371814	-0.8362908617415319	-0.3324006995570088	0.8972602821082784	1.1407217029659296
DTXSID9022736	-3.534953318452955	-0.11975579338039428	-3.181980942696157	-0.8041197332424228	-2.443199682810754	-1.7017573118682146	2.395097788406167	0.7438586961690544	1.2562564594263563	-1.6541156399535977	0.49011010067986804	-0.07440027807143777	2.9974910483298927	0.13275238471768136	-1.1767813489211254	-0.8915856516498737	0.6021029651166637	0.7829844499601774	1.3269047094688529	1.4511104933283157	-0.09378491522920843	1.7438868368731895	-0.9048243659259816	-0.20775459322043754	0.74822240083963	0.634007880508004	-0.9404751719956164	-0.2706297961911507	0.4030167224464703	0.8903029096701497	-1.906146084416457	2.3993693573138968	0.4254573296104031	5.071202328973263	1.9789326136113223	-2.0616400584013874	-4.5707396325873875	6.280097585645133	0.28084068060236406	-3.49638968218374	-5.136984820231231	5.012205028492348	5.578293096841258	7.713951857585186	-0.786355222283076	-4.671115681178206	-1.3705312143134278	-2.6615800945635693	0.7802052136469393	-1.1890665166118763	-0.5850648679136604	1.9461000196252192	0.2851078014521224	-0.6454557785048384	-2.6069333905353114	-0.7152469598095097	-1.9540590575715344	-0.6239836460183288	1.9381839618966459	1.445845468096872	-1.177946547358089	0.5926663597109243	-0.39220288388525504	-0.6808896581275705	0.08838583830996004	1.4063747842778862	-0.6287612025639912	1.5058273009489305	-0.24513463142300568	1.182018168752509	-2.4303408666855146	-0.08536674532324122	-0.85796337262569	-2.1193111889884073	-0.15062404257345913	0.19329568070989753	-0.40169978378191956	-0.19140109407970318	1.576443239433779	0.26498424678946875	0.10208668709783636	1.393439836248308	0.2714265413708899	0.051620323511966916	-1.9995047986497725	0.14798679637151102	-0.6227786719634495	-0.24662106267494036	-1.2629683587721765	0.3219394925536651	-0.9903265438423785	-0.28451570678883314	0.3194093728028321	-1.931879977396612	0.3991099718475608	-0.05159637679038878	1.3256751832562605	-0.6249889705376321	-0.32014763805781055	-0.28489578936767357
DTXSID4047127	-2.85974623794338	6.532391805589211	-1.1590052582134303	-0.10588023807099622	-0.4751109724177723	0.6017875572013186	0.02018698466460951	-0.9492948510941492	0.29128630747216505	-0.3231085380969549	-0.005007080110934816	0.4116759768111213	0.8396953387941801	0.5150828278310475	-0.15927676241018038	-0.3976681808790109	-0.12310356398240307	0.853885487045374	-0.4611603796733555	-0.3704348607927517	-0.3413941214090146	-0.5768639836677442	-0.7990746897571162	-0.11578362628880595	-0.046432033806649606	0.34002362775416023	1.16443981944103	0.5754162648845736	0.013770412550702205	-0.38449795209174104	-0.08216336296614363	0.1350723430098693	-0.019201713360280183	0.8861622775254702	0.6404535943457932	-0.3823798192452888	0.29274639390120605	0.06636653267917669	-0.643778325521795	1.4731800764191725	0.19530559048270743	0.30792933181723936	-0.04620154343198499	-0.27141692827380515	0.27656064248966516	-0.5640140932508014	-0.27627438571983315	-0.2954776476312511	-1.387013830259119	-1.5643557246722686	-0.7198937592241567	0.1384079869681009	0.1861402535614467	-0.42701133238325484	-0.4705061139220075	0.07722418425530048	0.8859098508294292	-1.2231582044917395	-1.2956532781712866	-0.020119432020232714	-0.5097557634948267	0.4158466508774587	0.06485645381821309	-0.03393974646449678	-0.01618857346312372	-0.24106431316404445	-0.9860052001735067	0.5232275754154924	0.5119173931450766	-0.15194422426268356	0.1878712318661078	-0.5209371440028641	0.3131561729937187	0.5203819290133803	1.137297202555119	0.3680914887486419	-0.41145032009414284	0.39697442161998564	0.7794072802969276	-0.03755257005604353	0.32486691348683305	-0.6356581364802216	0.49420394466200185	-0.33011783629550456	0.6425169697148602	-0.4969246847535653	0.0013273327994485144	-0.07033033725309643	0.13634098315734924	0.1996694289623406	0.4078035642218335	0.3205569107879591	0.21555448613698006	-0.472281967891177	-0.2350482002888573	0.30770545031219204	0.22748876685146305	0.09911464974088863	-0.3034984904896267	-0.07218954348398265
DTXSID1046849	6.004156797475273	-2.0952696472768806	-4.0846360831756	0.11109209322240347	-0.904767456401251	-1.5133212065098474	0.5685475307064881	4.53568467846721	-1.2404786805231838	-1.6210289923634738	-1.912382905142602	-0.2855958435824517	-0.08241907179105969	0.7264025732244239	-0.8364392158482489	-1.031084675662481	0.1922999328065135	0.014950329508241145	-2.57294036860084	-3.974718993015434	-0.431410819234387	-0.3440004750753142	-1.999129466560912	0.2296761971791404	1.9859649117378093	0.11668130469146128	-2.307918647211424	-3.047985267034671	-0.22686762947078837	0.6707852523973925	1.0356681500840033	-1.9587386432700802	2.260559246899932	-1.9640820703316315	-0.7648970198128321	-1.6889463261057551	3.203426654075083	-0.6332936007273092	0.22054795579371744	-2.6808256620227975	-1.1842600995053985	-0.9264425500936505	-0.12391603503389328	2.004807332558631	-2.9083054241769384	-1.586761864728728	4.135917183255774	-1.1873700862136465	-0.3007955377150857	0.7684183756714031	1.8383220659668251	1.8257589527332123	-0.556417046209637	-2.4381718530777237	0.39140548380870005	1.351274955388354	1.2145126079854658	-2.0502079129774797	0.7349458074210584	1.7991280873636455	-0.7904827974518317	-1.8404935912764309	-1.1219101902460404	0.23735452866464524	1.0418651358613094	0.6922587832975459	1.0655730050292915	-1.9297181090319233	-1.6367443235836239	-0.3190916884375421	-0.5677110286452798	-0.7819475504684346	0.10377299806923036	1.1238480594123272	-0.5024244467156004	1.0620468824139524	-0.39892943019984883	-0.4863823951732247	0.9575431353417004	0.13293894833099604	-0.05099843301464979	0.44436470489855323	0.8706265606996548	0.11414016490354008	-0.25152652040469187	-0.732386827594532	2.5834230894409393	0.23028959683292147	1.1976604854012307	0.7107206862039405	0.9237439973598809	-0.18969422134623093	-0.7318142654974537	-0.3805939925206881	-1.4315628290408302	0.11553129757797799	-0.6793533049081892	-0.4202099859665382	0.3688908391133159	0.4067346477691301
DTXSID7023568	20.23730032497001	0.9808236016964855	-2.0517862065877486	10.769721202973235	-1.352925787203325	-0.7205467693542066	2.38372913333767	0.4884002568344642	-1.5863742704060804	-1.6779481310762145	-4.257778943272684	-0.7379609621081293	4.780998328260171	-0.36479662853281714	-3.079031329880436	1.9643866633707618	1.8940280728151229	-1.8092075866259638	-5.02749703029872	-4.965183625866884	-3.116449699404935	1.1664029811425853	1.2563823804116543	1.9407250001039273	0.255106739627416	0.752422266365667	-1.6983346411392914	-1.2729071949772457	-2.2576359744346455	-1.0614311805332115	-0.6973681369632857	1.299247318899451	1.0809969433069397	-0.3583579018829637	-0.28406658591284756	-2.144190655086471	0.7822799945023688	-0.17589956832661396	-0.20647064550384847	1.300276734822934	0.45462389503895106	-0.1397328822490468	-0.06893310574620189	-0.9033959823716111	1.2637871922545865	1.6561881265877934	-0.23652050218090356	0.3568427638608382	-0.6767810020839883	-2.5553350591478257	-1.333962619399703	0.9067618074892024	1.6224860417890345	2.4256306727470704	-1.1985970217611723	-1.8470862400242454	0.9192943604300764	2.3813481312931573	0.8926243627918148	0.8939714066340514	-2.474665165815438	2.408556493609709	-0.5876549512015036	-2.9682746884243882	-1.0454384850825724	0.5629645585557349	-1.112080931910318	0.8437789405578658	2.944854759950748	1.7969585840040743	1.345143026833584	1.7462749298555764	-0.8306101796227233	-1.14052352656903	0.5733339966550782	-1.7640688682679335	1.5390343771188517	-0.7646710529280257	-0.49371973286051113	0.6944058273057264	0.3513659738453499	0.2913827055919748	-0.7990389236497689	0.6483734321395459	0.8380506243721403	0.5867979977049929	-1.3899453196822877	0.28620751131240874	0.6140072720239048	-0.5986187596750896	-0.4960668240710409	-0.838544371785052	0.12370196830916945	0.401717201264566	-0.5901006729859284	0.154049389393206	1.021034511590142	-1.177199771324614	-0.22903849163084675	0.6198048146787151
DTXSID3046580	-1.104973720692723	0.34610874176056694	-1.122639226434634	-0.8020835135347133	0.8212149081122884	2.0467373529921633	1.0191714183387144	-0.28578274133869674	1.574306780237205	-0.2533269395479762	2.0152179345874073	0.9418588291728646	1.0642974378649057	1.1254779490394737	0.046047855955788454	-0.9530635395425205	0.7087368201200308	-0.08938167345500392	-0.2127094641011463	-0.15296351698393254	-0.16351087044887422	0.21694517064078808	-0.1250763011587419	0.7740746809729762	0.2757411085777511	0.3726943616805737	0.5152704181767628	1.0117619914324036	-0.07226947511795352	-0.3130233208581379	-0.5926754719562166	0.12744032375576772	-0.16820507561698922	1.2539144177546888	0.30499004507167654	-0.38556566073288884	-0.01661920207943573	0.4107806718338232	0.07469976721781366	-0.441966509542091	0.37162696628930203	-0.35539998074350515	-0.4172045274244555	-0.5695104315610034	0.969056379737549	0.23148869646304454	0.027615920566022398	-0.06661427941635782	-0.3150613481897185	0.9013496617795167	0.4485501682618084	-0.26928788493130934	0.16282178493999294	-0.24359465684254364	0.09320431612829526	0.27280653963230744	-0.6070718439080185	-0.12068872766613824	0.500124227976075	-0.038285514013173295	-0.11014176192071787	-0.46625980372994186	0.41538385227859803	0.11647676442651551	0.5034501138587595	0.5199651725987731	-0.13664391918989488	-0.7334236495412204	-0.40414465282465795	-0.16859372611318885	-1.1352121742379397	0.26905963166017294	0.9710381956507206	0.037608199677432716	0.392886340512423	-0.7721280492818898	0.25782498734290493	0.6271967584597917	0.0703074807112316	0.3346811629070761	-0.6241376110657103	-0.13561270086783028	1.0387799608014905	0.13880795817328703	-0.5591754880486861	-0.32218675493046783	-0.3116780267478557	0.10929183874710163	-0.05517395195271845	0.023241504306495856	0.258743704418986	0.014367100539733146	0.2701463792442742	-0.2776285042041137	-0.3440974489448704	-0.014006552933214747	0.018257029232646715	-0.34435319525318386	-0.026943851880868813	0.24540844401208425
DTXSID7020390	-6.323183203903421	1.053654338164138	-5.030196881237823	4.097232860893381	-0.7760111432728661	3.2971085986388515	0.9715829836256549	0.40114596584422363	-1.6848501683743284	-1.9406508099425088	-0.27815147816904745	-1.1314039252548245	1.6868412517246483	-1.1753199003273247	-0.12979365883660476	1.0693723031813498	-0.7502506309827881	1.9175592121711325	-1.310953866330199	0.5726139108368279	0.2076865390507513	-2.7910539169050566	-0.20262424269365464	-2.5760302116981433	-0.8974077072677878	-1.2015077508384922	0.3108885001659486	-1.779020177025768	0.6804636878955627	-1.406367747167413	-0.9027522975187052	2.2489579797228485	3.8916863321957176	0.6503041192582493	2.60551513534039	2.866815348461715	2.240164894664272	-0.6029890448817503	1.353422683797562	1.529612460908692	-0.403727680883421	2.4049203701411073	-1.3793220278002858	-0.12189780887978266	0.023015052253710887	-0.35902270708163725	-0.47129983321574326	-0.36783606609828634	0.8597714101523928	0.7722455016310444	-0.8116147218275426	0.3095958102217151	-1.1930387552084536	0.8004837108525682	-0.8501705985821124	-0.2644349808155733	-1.650934723234113	0.8574304350280741	0.1630104270183739	-0.7789229542451819	0.6400922567582454	-0.6538405245897924	-0.6506057374575818	-0.6250158345982259	-0.3493461568879611	0.18589199083916072	0.34783773901087717	-0.3886349370394554	1.1678282887886386	0.7895322305981602	0.5786205710849819	0.29563978613890884	-1.6772310484114141	0.22553880204320412	0.2611417116575916	0.2080497107333151	-0.3806533510023963	0.6548602605198979	-0.6904051655269972	-0.37005446992991703	-0.06284358119991694	-0.26547481448722865	0.14797048916294078	-0.9954455725791044	1.4497077748528266	0.8740258894189419	-0.33110502257431923	-0.4355547825916114	0.3369772205181664	-0.08701999876851288	-0.5439996691691412	1.5773165933067532	-0.20902727871649057	0.6267034358108953	-0.8220184413974072	-0.04407583423115806	-0.15241917082178297	-0.14058356669475885	1.4421978949237932	-0.2710304817703762
DTXSID5041691	-1.345088081832262	1.5573842018914177	-0.07418278185210656	-1.5606891663223272	0.4302097123169506	1.6056313276342784	1.4977495220072896	-1.2274654112743917	0.3281229922065984	-1.1833793805094608	0.034961878014713	-0.281481356248347	1.1276974903200918	-0.2941841470387781	-0.22398508839582504	-0.23149016579344836	-0.8231138046926596	1.3433436030366108	-1.1782211273596495	-0.4539087537420446	-0.5732104753845828	-1.0815536901334342	-1.2431129420383886	0.12000390865238778	-1.1403716600764704	-0.2706039188071434	1.2561662978560821	0.07896771922238535	-0.1373974583578741	0.3667340013563296	0.19894008026291593	-0.1546426921043933	-0.48113508894914675	0.23045631470677105	0.3143769874501408	0.46914993655142045	0.11113748697365128	0.7581144376232867	-0.20986757214061158	0.044172805696572	0.308125792264381	-0.1396966591574569	-0.6897293309981914	0.27582074248073807	0.11185351308985651	-0.27524506205723537	0.5810945559159367	-0.2946651519812424	0.279795661099378	0.500151977035981	0.12008087463107692	-0.47452170489906514	-0.6535836038630511	0.34479651871683525	0.2008390941607741	-0.7038202991171709	-1.1459991181847409	-0.8883446466600569	-1.0017440730352087	-1.253790564173283	-0.39993700230428547	-0.07524985904829101	-0.2192782593674396	0.29717763043321516	-0.9216617568466093	0.6483727655676871	0.03963767124407357	-0.074919879760817	-0.030933601564515134	-0.5722845993932854	-0.8670394520446489	-0.022333847620660454	0.12179833303300314	0.8935293174944623	-0.22302309242647406	-0.33853053980737563	0.03586952363172522	0.4018631929747014	-1.1198386850211666	-0.5788345740357815	-0.8010969416992204	-0.21058978481880747	-0.06838372903230781	-0.43225847926596683	0.18307855894134992	0.11483899283201865	0.13911190034102175	-0.5926474196184388	0.19359546696893692	-0.2796412223680672	-0.2758622364394654	0.4578417540877437	0.015863796577961636	0.37464318858150714	-0.1084556378683062	-0.16296645724955455	-0.3999239888193595	0.3461870508901761	0.38331688483122694	-0.14309469054950102
DTXSID4024272	-1.0903361336542001	-0.5252808282869111	-3.738529065861455	-1.309790975922836	0.4748583119926538	-0.7473288556611023	2.350939087364425	5.809990473081676	-0.6232297121457234	-4.050433833689812	-0.5071174116294038	1.2564042930770558	-0.5710813202401769	-1.7393230717933774	-0.9008757423066348	-0.09569093559072656	-0.6774568373647616	0.6774653616186712	-1.5089475149878417	-0.49795751728288495	0.8742467771297754	-2.77962563094323	-1.3303390935281776	-1.5402985844109542	-1.5088864860082836	2.11649883700417	0.9794005201063418	2.111813687496865	0.0935019864167073	-0.3231310289212398	-0.16652848973366444	-0.898945104860565	-0.6002995507619115	1.1687164004605886	-0.6015416236611534	-0.5330773244218354	0.879044129589731	-1.0448932040153651	2.5028655344548443	-1.4420241003313008	-0.4345022273289272	0.4048889148779631	0.9305038736570761	-1.6979786146227285	0.5731530974340968	-0.7878530847708292	0.831673373023907	-0.36531318004476415	1.2474939244840706	0.34097366011749036	-0.1258532133548268	0.6318045220664767	-0.295160080827275	0.15973435219107326	-0.08910085528759115	-0.3654499351420293	1.8150845574750676	0.5982864943323961	0.16480906606769016	1.187383346623735	-0.10176151379712614	-0.22810336150572233	0.5524703984913658	-0.3233169290276189	0.8279762859624624	0.04887048673957878	-0.10935800440521427	0.0028928869913024844	-0.6175468585005045	-0.20758837176687275	-0.025855938428942297	0.1866872140628327	0.36515559183090956	0.3349657563268245	-0.748205134483169	-0.43885200918599926	-0.4660146906619999	0.05852548519897239	0.5754239834228247	-0.3139905255498219	0.22978313258138114	-0.6766205488005276	0.36284808480304476	0.3567191516206609	0.11601382082441404	0.2060332305291605	-0.396070828450788	0.4144752355607041	-0.1478359859693161	0.21261309540414317	0.058161671284620395	0.011127940263003807	-0.048569451298025396	0.00509512683159259	-0.3859730620363134	-0.22477875780560774	0.3546544399029525	0.25216404707922124	0.24809872434286548	0.050764468135906606
DTXSID3046534	-1.7049238207875956	-0.7840688508675445	-4.611492976487804	7.189297880571775	2.8991205118194796	0.248261076776938	-0.0567307081882156	-1.4954276354777623	-1.3850684746307242	-7.371810686665705	-3.1423899477506656	-4.306656338749835	1.4540573152193306	8.007716615506663	-0.7306681555246874	-1.9146957051001083	-1.9481510332115441	-0.37309826470796376	4.0515730480716945	1.2876929576572833	1.186761744791398	-1.4011184107015657	0.8160158225516468	-2.006003905412085	-1.5518762313755983	-0.5185850938784449	0.006128059488294802	0.6240790662256626	-0.4148251627463966	-1.4821247665856436	1.1970209416715634	-0.3068522140291422	-1.5356130185836794	0.2503022596341454	-0.8396873661027445	1.2921219903788217	0.04682734723847762	1.7860695244560185	-0.33535224990628604	0.5115120320929758	0.5133051293017472	1.2352342770367335	-0.9269174331492078	-0.9699541548637414	0.26672510480607586	-0.8324852184499537	-0.5368933017254814	-1.5849449991995594	0.2341253836190747	0.48407704787540207	-1.619939954978235	0.19031175148569754	-1.0564094108490596	-0.3325486279738835	-1.1351149873559612	0.5063136616476699	-0.5073142985538782	-0.3227158009955675	-1.7047456168774964	-0.106275721767528	-0.3774619623571601	-1.5212019345057035	0.19872592190155583	0.7414755703547177	-0.3466440279232711	0.48619620317012174	-0.287622019550428	-0.31781496693764305	1.3866217044403697	0.3440275884797642	-0.3019849542126885	-0.4286601153767777	-0.4766754357103974	-0.4681972337119597	0.3061878619246633	0.11960366348554873	0.11852334008368302	-0.07413992917796339	-0.5135945372008472	-0.581757737119364	-0.269319372116131	0.7996104565311726	0.17250884094685032	-0.46162944413189516	0.14215748162971797	-0.15626063037262536	0.1279900316649711	-0.09433927430754885	-0.316201418912398	-0.01527076453122211	0.2034794866150155	0.41955478374372923	0.31483052654112614	0.818627021965536	0.01789878669979753	0.19380865025823135	-0.01748315759011276	0.07115489358098609	0.968860468891743	0.3797641429501475
DTXSID10864610	-2.0082490453206945	-2.1003337708806025	3.9698456770912225	-1.6343104127846793	1.7417339450413762	1.6881594391032715	0.3784577862620076	-0.0929938469277513	0.9151701100266247	1.0168333512512147	2.080216172439307	1.1722031629410052	1.090188536177186	-0.24570282182224606	0.41333358375199003	-0.01809769826253507	2.188107838639181	-1.7688635050406685	-0.015595597749686864	-0.6253684447536763	0.1677155604341469	-0.6383058251422636	1.3745035634607456	-1.0046058698967675	0.5818592288048642	0.553042128952942	-0.6629263823022917	-0.35724216541528386	-0.8496092512515883	-0.8103233055884269	1.0369367410286061	0.9290207569870924	-0.394826064555702	-0.27149990386588074	1.2121036550478428	0.5167344772239119	-0.03894316046447052	-0.2725390538103318	-0.7964353906313089	-0.3176594710787193	0.8323143405319762	0.5332054300972093	-0.1430849937123609	0.21556376547470507	0.22535113248734123	-0.5485049950426268	-0.8378889204407092	-1.0186652209528582	-0.8547984417741549	0.025849695961798404	-0.148930594537888	-0.8299367444113598	-1.4597731631168884	-0.780010444060429	0.5533472038363885	-1.414514309805733	1.3897209425236454	1.0088294901995936	-0.721569157943098	-0.7724374592180534	0.08885244073953076	-0.9069265798200236	-0.041404357852847885	1.7518819124529854	0.4463019118343333	0.24267337473876313	0.2703685413222873	0.6807044961436413	0.6665335584833244	-0.8221763416554785	0.03203894852023987	0.11944697691237308	0.4953680948849602	-0.08492053678319854	-0.25800418986534845	0.455848765001894	0.5176414862534487	-0.6502501285262213	0.010675243139882712	0.02108071120848148	0.6246844047529582	0.03010034031313695	-0.15050313403563967	-0.23349656452896073	0.5524921730322895	-0.3200811853818185	-0.08488017668899345	0.017459638874104146	0.07516484292658877	-0.6827384478751164	-0.5101498067927478	-0.14607089964198566	0.355296384685402	0.05390500007754671	-0.15085742755761805	0.37796200983801265	0.3458381573114042	0.3536074871477421	-0.12274753032272541	0.03978736026516553
DTXSID1029671	-0.42933169919872743	-0.9639902646220111	-7.470167540768388	7.6494766326970645	2.803527961748619	-2.0518085752541153	-5.885975177145869	1.4452127478966121	0.08577536126355059	-1.1911379807653066	2.842995532324148	-0.0609271363423552	1.4972319972314143	-2.8416956369460196	-1.6399404043677077	2.5197567520183672	-3.1290417936996375	-1.0498489535715814	1.2410433446048152	2.9401973682370732	-2.8914735801238356	0.6542341618668828	-0.42380866406712314	-1.0785289260943713	2.1007509525443404	-1.7313602014166463	1.7736184555800354	-0.6113130876787914	1.3883534457677065	-1.222843818162324	1.2927324542356295	0.5943732098803055	-2.061387861072246	-2.034378762960863	1.002057217562747	2.930371679002029	-0.06467923782621356	1.0649494326628055	1.040534184323332	-2.307115115850017	0.10788590194886177	-0.2823276244101099	0.7123632018254473	0.6273721370974331	0.2524750958823124	-1.1600012644944688	1.7651104927239645	0.32798890801242253	1.362744973850096	-0.21611433243840264	0.3852643201282326	1.281630547439885	0.12588832748340134	1.0593648790333334	-0.29723981657578386	1.3132661445863456	1.8878275708526038	-2.6296818977715968	-2.6012565191702084	-2.1478092647431093	-0.4115111905928412	0.14991191018594605	-1.858628741541693	-0.14458842129995034	2.079989327656259	-1.08305106905124	0.6542731780895505	-0.1932187063437929	-0.9832676717314874	2.546721857743368	0.6889700645421882	-0.6695661565546742	-0.2274344637323409	-0.5308780409928137	-2.9081234646891505	-0.7826881993809284	3.3000349240023756	-6.052363349753914	0.310373965791134	2.4023499639408747	-1.3544899191948094	-2.6747495144169777	-1.4014576370005145	-2.131523606302066	0.6299593600856792	0.6624067529174721	-3.506464730750655	-0.6458386766145393	-1.900003851182882	0.28807104127268596	1.262174779233912	-0.3134964300066103	-1.7367487504627663	1.767649279118831	-0.3324692552001495	1.6277694605431459	-1.208490025672543	-0.43573886496532616	-0.8803202923827727	0.6720270165342247
DTXSID4021890	-7.843153804427403	3.2975091821177176	-1.988784821817713	0.048233607622973976	1.9164449404709976	0.30786156460048436	0.4353210946025107	-0.5999147484674365	-0.12459485119294643	0.21510129700101335	0.43356800270644485	1.6828989998141053	-0.14328828489150053	-0.14223379203567424	-0.7853814743371038	-0.2807518752595786	-0.555129988867343	0.16521199526985944	-0.43264109804088396	0.31582469913223765	-0.9592593552062058	-0.5387083921316413	0.2816769764786926	-0.42383529894813615	-1.0460897121740078	0.3847549832897691	0.3776151694188551	-0.349596398462579	0.10057895375996427	-0.7741886821711751	0.9808407256919836	0.12489246190755429	-0.6538359351713529	0.7134886472897531	0.5188656133201548	0.5212083630078334	0.34082109485681095	0.6756082839201599	-0.7284555502541049	-0.7052198462907341	0.4934419853259605	0.7408768857877076	0.07629196872869362	-1.0495507923531133	0.6635611041943966	0.0386765588060882	-0.40578557397481607	0.5836437635381545	-0.05167679279663038	-0.33876835643863457	-0.2063286398382095	-0.3968526050140523	-0.6608009715570475	-1.102413324472469	-0.29701711589456553	-0.37283184788478346	0.28723970830131146	-0.4735963401107082	-1.3073177250443258	-0.26414498828150146	-0.013272570515542688	-0.3141235178444773	-0.4733444477578779	0.1422997600862415	0.4175078165311854	0.30382131995177414	0.25139546749375463	0.09218736441575692	-0.32680524276824074	1.2336029034126554	-1.0149916937466927	0.6194945973441528	0.25837450333233536	-0.5524488778464076	-0.07094035259627653	0.05964260693672622	0.0856775751638578	0.3287712770601106	-0.2545205250470541	-0.4527669224903368	-0.07992429677558338	0.5549159264465077	0.5992779443418299	0.12996091404423998	0.26569402309150386	-0.23040163513648956	0.07159301327044389	0.12254392853959875	-0.5719652380986622	-0.7944155361100329	-0.9220598696521387	0.506607459784691	-0.5783130245936385	-0.13292329503623188	-0.07440731340377915	0.39718956277327455	0.5296698831866464	-0.10121671119687427	-0.18566923230215013	0.2135803419558768
DTXSID2034338	1.1317649864034072	0.21364411994997798	1.4760360914576822	-0.9917612912198744	-1.8146663391419209	-1.5487099412757352	2.0827434554689437	1.9646625211130282	1.4465792850408308	-2.559289417056435	1.068881216080691	0.5000555624095643	0.7126765419266071	-0.5449518983686463	-0.49500704087775543	0.6386558430487796	2.1258680590181935	-0.8083071117891805	1.177890499016481	0.4544278845604362	0.01833992339407571	0.8166401462590337	0.106806383459724	-0.06811627891331805	0.3536572801323444	-0.28650470106348763	-1.467663708396612	-0.8153821243573696	-0.27791762052643054	-0.4199352553602992	-0.0784558791088002	0.9391404392466015	-0.6424499149323876	0.45704421941465573	0.7138150764752282	-0.2480934211051782	-0.3336579723999767	-0.15792811580036956	-0.497890938500254	-0.2536146403153473	0.12720629092122046	-0.3714324351000087	-0.3366964196197393	0.34221616245755837	0.19879932842538955	-0.09238745364047823	-1.1260240526724115	-0.4608778337124573	-1.606902282166139	0.26480009323654374	0.23524540850420445	-0.11707179049584739	-0.12639681388266272	-0.06986685601399227	0.27830908259264053	0.10655703128546047	0.5208288078155083	0.7967757659455217	-0.26909181505959295	-0.08455541219347477	-0.4465202372517543	-1.1220479379629835	-0.9963867146046543	1.4810884874724513	0.2758526704374526	-0.2289857158421725	0.42270697185640227	-0.07522567908994028	0.7327538104431517	-0.5005871857239168	0.6899843950402125	-0.023070534352613244	0.8808763290828312	0.4492028380558136	-0.14540316247525362	0.33925972600148097	-0.1681476355671869	-0.8319622873924956	0.49480502969912793	0.1362297638791581	0.0624656874481279	0.4920106785019799	0.39702636404740543	-0.25847259667016614	0.8421355024424835	-0.23629910035769172	0.1232699666098143	-0.47998970018476883	0.40933508006319724	-0.14042117671793938	-0.7521643795921624	-0.007525937492071913	0.2692120029958299	0.49854499210787195	-0.35160969632004696	0.6686081897884067	-0.24838533317160083	-0.7257209057767199	-0.46346525194832483	0.6510582808161278
DTXSID6044854	-6.575249446152497	2.997176555505035	-2.9193276728955255	1.7174221505236322	1.1106523245672608	-0.6657860996237828	0.9867173959897495	-0.0990370165496394	0.6651057789295467	-0.29038674979351986	0.09999408225410227	1.1866749517079942	1.1318267648407652	0.3906624928656559	0.017670580384143614	-0.08741184233297243	0.4784018043629839	-0.2839132680296147	0.7231058661201151	-0.7648200951280855	-0.6723460925101304	1.73695487172576	0.3594749952614227	0.5670964571507983	0.06416445754811848	0.5680227100769512	-0.4823350661706585	-0.5022091434525341	-0.6668637180218557	0.6980441804534407	0.9959119196897634	-0.19594998968812424	0.6282604772000967	-0.040621578332760255	-0.030018123758866196	-0.15185931124569166	0.13740999531992398	0.8400186386898584	-0.08374560567729539	-0.7789606816407614	0.4024448969931775	-0.6332692797281524	-0.38663976098441255	-0.04759593644404278	0.6149697652908316	0.07578181745337861	-0.796421379735251	0.5527751657331788	0.829805587922458	-0.48631983720496236	-0.5371963533784365	-1.0442958976433865	-0.28739373857420153	-0.6519542115381547	-0.7653904312877795	-0.4603418196655341	-0.4936284148648055	-0.36178103291622316	0.5986017647234636	0.7323638124476861	0.2744738066824507	0.12472563157559444	0.45048024091780386	-0.6031775785582442	0.5186401791641693	-0.1453063267176876	0.4307760629465755	-0.3180923063117772	0.6300735001232287	0.515729744420593	-0.3823296208722945	-0.5700102925367324	0.38215472703586634	0.04822491853952753	0.1456531508106791	0.6245931871725519	0.5711810390499663	-0.4309152175948726	-0.3239163922549655	-0.4253122113619884	-0.32281205851218436	-0.4888981192778779	0.11373819192433314	0.05614034113767675	-0.07788134212640349	-0.4617282893398745	0.19046654452810025	-0.07075203534760817	0.09822228726139039	0.04741610968557773	0.0850849304980827	0.8482231240245924	0.1958255172366094	0.14624589758145995	-0.42075251868194513	0.5365921905205351	-0.2634184650632513	-0.33109861194445334	0.13672008655030735	0.8025882008252924
DTXSID6024915	-1.329103897450316	3.3584226004953046	-2.528825110489718	-1.8563540565121641	5.423326676601699	1.1902028471385986	0.900124664073707	-2.8311374579737385	0.9699737924863473	-0.8823433163383116	-0.2511164228438272	1.738406885006296	-0.8958290780206721	0.18139710723276375	-0.12807610430353333	0.9723268563366736	0.8919540594759039	1.7243818801933464	0.1496614482820721	0.7474134412689712	0.17502932787047648	0.7470632032334252	-0.341067344831942	-0.48652733212956817	1.248961468146741	-0.00125155680307807	-0.7876183427973088	0.8630299579550406	-0.28380660960589893	-0.08419136407071748	-0.26284113190394226	-0.6859601716604279	1.0236183729954085	0.08750695536866182	0.2535900140031694	0.0752993628313452	0.025845555347304264	-0.1148918037150753	0.09399509975268401	-0.19003643367911044	0.05569181595422737	-0.6422015554736461	-0.3919649992306598	0.07016853883123114	-0.09240127327019161	-0.7746330663684645	0.5367300262488869	0.15890391533603201	0.23535063301246048	-0.4085860437962621	0.00984081533953882	0.3152137562661367	-0.2831446812869082	-0.22278385771984924	-0.24486640760681944	0.3074597375737672	-0.6308013206812816	-0.3394367517069862	-0.3705854247944449	0.3972912552005668	0.33160717092013975	0.1482346705861185	-0.020901776060596542	-0.42336997182897895	-0.35570425984863907	-0.7872084744856366	-0.989592692307159	0.044634704304863194	-0.48997853147707127	-0.18711276325375295	-0.22468410482153836	-0.024538507751094674	0.14472049129320347	0.24406079789982957	-0.2410346432363562	-0.1366163646776179	-0.12960417526760024	0.5113167699743097	-0.10526348544130086	0.025555370881422887	-0.38148326627184853	0.3627609862093595	-0.289404686887517	0.15468022541958903	0.1251654100661827	0.10362330415144871	0.22518871250243808	-0.1701900353839624	0.17152483119690484	0.17931985081066362	0.16017870121244668	-0.10090460702367852	-0.37955640972093097	-0.2853905516524276	-0.1226459643724518	-0.06604807470888135	0.15666168651661858	0.01943512637498936	0.022459551029596552	0.34483741332131823
DTXSID3027588	1.9228664868369418	5.560447882241717	-1.7297298523248705	-1.081990648507749	0.013810207123648827	0.6355341280732993	0.5969282314935265	-0.19895594695544835	0.5900480067802246	-3.101826788018156	0.9399570756442535	0.6482599008557672	-0.990944026717722	-0.05982165143751821	-2.3620570841031263	2.933324862616636	-3.1836157527253977	-1.4123926694213693	-4.511874728709057	6.859113131771055	10.430859379693919	-2.3804663024565307	3.6822981227651987	7.1413016450657025	2.6766358544703697	-0.22268077299180564	-0.5994177837894619	-1.6550945898224723	-2.692067142588651	-0.951830564725254	-1.102993679474652	-0.315135671392051	0.9974624161742003	0.7509521434378224	0.5679963305680911	0.917254872099889	-1.4198655213836064	-0.6438655100145111	-1.3801837555628815	0.10960488937713295	0.4002515414750086	1.3046274687574502	0.7078269248579703	-0.42617946583958577	-0.3631807932995661	0.39291166423299106	0.19556597287208827	-1.2708000205074623	-0.16346249849028963	1.1104573854905393	0.7629248065086502	-1.8722770280348422	-0.7225276420283859	-0.010136607513734323	0.9493775397293959	-0.4551635411924008	1.5034165882193673	-0.1084808136534418	-1.9714863157262552	0.8930631078757741	-0.22685703368339183	0.7315668180991004	-2.1205728692620696	-0.42438115645323904	-0.33526852736783647	-0.1407436086990266	0.612025123585587	-0.10617285513847005	0.2460670909321054	0.12398940430326123	0.4571929793381375	0.6226976428362114	0.733546590040398	-0.4964435483212395	0.36811262321026317	1.2426283433205632	-0.4094586411636646	-0.42795124643072335	0.6746813307692664	1.0357351495980447	0.9438880088309038	0.5019152558986905	0.8336069080617952	-0.6176520378184454	-0.21196324806417935	-0.37807912107193575	-0.42383416764882165	-0.717889655121432	0.6714783853227241	-0.5328923470546957	-0.7108455784493438	1.1184080376636205	-0.13885295586819005	0.07591868393937393	0.6319833255188382	0.739645616371178	0.42183096016452015	0.06379312978068424	-0.4302806184711175	-0.1376821773804964
DTXSID4052213	-5.890641046122209	1.134241987153351	-0.11209598410166208	2.7549530293688713	-1.657757392457784	2.030840311881662	-0.8465491454834342	0.7202430633003525	0.798192663605069	0.3047705174172985	0.4026850331023509	1.0084932084442226	2.4743134080913585	1.3971216165116547	-1.301237568852979	0.7075428983219291	-0.4942037111149021	1.4288055322010487	0.10863942196349141	-0.7341269272771345	-0.41316958461800374	0.07948956008995263	-0.25936217204616085	-0.19186146134483303	0.5198724695512659	0.1819928438201216	0.4908677873086633	0.867768450436694	-0.19909148551280673	0.8032664625486506	-0.6450213454565915	-0.0738186670296627	-0.471354849840699	0.20540209639705231	-0.4019455646074305	0.22265787957282857	0.522042672445123	0.26012716221546456	-0.36224662299835275	1.3844442973490756	0.14131991518467577	0.7541561316122741	0.033312220937854777	0.002743180741155938	-0.2240486268550528	-0.07066582643136579	0.5588846761307296	0.7475914248295473	-0.9432344307052717	-1.461554847093887	-0.8033510849740358	0.8880620861806464	1.3885377515776207	-0.09340023056863665	-0.2409505506139685	0.35550682629591607	0.37351955331200704	-0.7076146655575909	0.0998329947128874	0.7886772295777721	-0.5852480604964498	1.3504602461058222	1.3511926940926562	-0.2191289901357088	-0.46282646488054874	-1.1171022793533065	-1.0279868519995736	0.6750900918174165	-0.2064246388275751	0.2578825180462603	-0.1565120715097904	-0.19970930989657953	-0.08082207904644369	0.3708805656097063	0.2701193760063448	-0.08394217321418994	-0.19538511570155664	0.11035571611545934	0.5234657967906662	0.11493762229234476	0.13986992246176125	-0.06910247447378397	0.06902096478430682	-0.45616583065140603	0.052877171543108	-0.6142626771667498	0.03217618712136891	-0.28153890019911765	1.035714798741417	-0.38460444623542567	0.4307306236766686	0.341556850554831	-0.07259919961956703	-0.15154555164205832	-0.0187802058771664	-0.16516457374563104	0.20994113968916647	-0.18215046160615536	0.3148288520285696	0.15857602382159028
DTXSID7046918	16.852882450309437	-12.460261239098719	-11.399587135468925	16.02689662734202	12.938935535021724	-4.891788468925071	-6.321721007371885	1.9389977011447037	-3.0462612239993034	-12.14455610215476	-3.921221156297265	-8.038904850911086	3.056998290427828	16.544418775633027	2.621410384267913	2.054590917565566	-4.940560365451282	-3.452236588436501	4.294131278300152	4.076767400417082	1.5807477284614648	1.6524320432893544	2.621737213806257	-2.796555782987972	2.0599821234303985	-4.593023358787063	1.4500129510691444	4.941464700235687	4.4261834843591945	-6.394018998119299	5.288308331889668	0.14996541806963185	-7.206318192002468	3.7855514108754273	1.1226822225951913	3.0790112212917817	5.145437192124903	1.359568903797847	-5.5209789630573125	-3.6357571601330503	0.7245543004992973	-1.5332473538428557	-0.3037167779333518	3.5582414423624367	-0.5753787079184509	0.42898391008876074	0.642156669933853	-1.3610428085961046	-0.8266973892503335	3.4903956533229006	-0.21577506491309684	-1.4480194671984155	-2.396154233928316	2.0214039882038306	0.20087344450242295	-0.8711314090998666	2.696286233258261	-3.804448797626519	1.3847571015411195	0.1318828423270015	-0.5959458136439252	0.5462469140791425	2.95739398129818	-2.7220920601463128	1.920608303921692	1.7276465966551517	-0.27930865740706234	-2.1977284813793228	-1.0770101713135343	1.7247545351572313	-1.7150835093594838	0.559573774341816	0.3656165515744814	-1.761449446134165	-2.2032402007941236	-0.723123525268138	0.522020765694909	-1.5809218580850795	0.8480856635826167	-0.333218484072601	-1.7852549317227038	-1.1022279763874636	-1.7324717039811686	-2.867583894006898	-0.020536634865947704	-2.1329235555517254	-1.3684302671656607	-0.8807056782254512	-0.3643864433888828	1.7508072285526026	-2.1900404713874404	0.37783810804288753	-0.3761440885546163	-0.900069901105524	-1.6267246066392986	-0.8394509201326614	-3.0409583017198947	0.31341235197585865	0.3690143542529998	-2.8130972872168662
DTXSID9020669	17.196753308561934	12.228432362916491	3.380756731714193	0.9197809834177949	0.40902443180565795	-0.13331650043432247	-4.426071709462504	0.7381393860737145	-0.9562720547733403	-2.163011400580541	-2.3836443953187914	-2.471584336326344	-0.8889944598014191	4.388402966806761	0.6300958997642854	-1.2186724874498729	-1.25092073780301	-0.20383138649541635	0.3899074392013326	1.4036872220638135	1.1247429267877511	-1.7627653886606747	0.2723006216276635	-0.31990379122681284	-2.012585915413817	0.24811496978986	1.0508396085286935	0.6328326520820801	0.7418241242162281	-1.641329168526619	-0.0490421701233811	0.7995680029451889	-1.5805439025740047	-0.503596410364618	0.5171397162097608	0.2901277147180992	0.061882383424277064	0.759720194365712	-0.27992416402961096	0.3900673563387091	0.4486008730306662	0.030508497003480243	-0.0518186628753027	-0.20124489299204074	0.8092957633645762	-1.0605047198857054	-0.9593795219540835	0.2659844764915519	0.8388951342433416	2.4147699223343366	-1.2032031457849532	-1.036832372622423	-0.7523521548158686	-0.7791504573192769	0.18525474837605696	-0.30744326819214846	1.2629864123828245	-2.2657835623941844	0.5841015114777485	0.36099864483735394	-0.47706216372865773	-1.938720103114636	-2.0480189765714845	0.3661994173102669	-0.5516451617652525	-0.34260229978767737	-0.5929440225407205	0.32891963318468875	-0.11278458088692239	-0.1936014632710111	-0.7382649088244628	-0.4145307065215819	-0.43084331335228865	-0.042308059880427254	-0.8921213953330147	0.1284473694961384	2.080559919401991	0.03543028763337231	-1.399994956984788	-0.7131639388747842	-0.7849443810631105	1.1341249220401446	0.08963331972614258	0.37480976048695364	-1.1368863108049505	-0.11124632179972083	1.3020856286422533	-0.31291805848645965	-0.5640527339704869	0.09133283621605688	-0.5664042745510761	0.23163016922202936	0.8417638489394463	0.04837453276918895	0.3365293438558468	0.6648015999036992	0.5590891523328714	-0.2591444753313134	0.5143038018219734	-0.565687984956985
DTXSID4042462	-5.063710811050634	-0.02287649333298091	-2.8765299176534507	-3.539535937560771	1.4102495369609522	-1.5441294692675156	-4.109758100082542	0.17964769159209545	-4.486401659260501	3.9316569856068733	-1.991779984854746	-1.15012192251399	0.2809295946003537	0.3769400360222186	-0.17293577946464633	-2.3303766993137787	-1.2177263567498058	-0.005862249716893472	-1.795837667503562	0.763245338634604	0.15258225989960933	-1.7873121328185184	-0.05098244531443174	0.5787601118181989	-1.37889203148739	-0.2686787075866408	0.20088780755834573	-0.8711492226237502	0.7839731958381073	-0.5520926118235855	1.2675290177596388	0.2945508185544913	-0.13244955928618327	-1.1505558990898421	0.8381745049718407	-1.1040806201800646	-0.2430078286100624	-1.2149056903889766	0.3265015078998943	-0.07591289428633449	0.33782159404063655	0.5008319802428879	1.0632879027426947	-0.08708226669988112	0.484770045397766	-0.42685527064361295	0.013672682159495271	-0.8491429525721844	0.2019394006543036	0.29077080823814005	1.2745791291405317	0.17183037877929278	0.8788495568353445	-0.21214895950156032	1.871268784752237	-0.08088627494136018	1.1732341107873996	0.10196026009203746	0.11716336905435551	1.4088913254664972	-0.4320299376191786	0.08518437431888184	-0.36761086008770866	0.7994456817235435	3.7901216895310954	-2.426514649922133	-3.279164780835009	-1.840119420059457	3.6254505428441517	-0.6015956331441418	-2.7090765599481372	1.5679089621673439	-0.3892935505363651	-1.642502448310501	-1.7441146642362368	0.40188836329437816	-1.636579872858799	-0.09223390065470063	0.7721411458629661	-0.06865318065953413	-0.432466845328879	0.190933143349389	0.2786243202646231	-1.2527101890620727	0.9219617816109793	-0.6227249534095066	-0.6301789608305223	-0.08200350205599281	-0.008785593647383903	-0.04999034066003117	-1.4994239565300271	-0.7447461877899428	-0.8570197702736498	-0.007201398938393763	-0.6944308518065206	0.23435268564795392	0.18824796859576734	0.3447109981819462	0.19103980488469724	-0.617734971033515
DTXSID1021403	-6.258090045039722	1.2848332546390848	-4.500421211405971	1.504376037590262	1.868740293315798	-0.6332092910669703	-1.4238940671501426	-1.3114688751680972	2.0922645975148275	1.2867837401575757	-0.8039294452611538	-0.20367531745436704	1.4730000920297812	-3.3139434713038725	-3.031627009456179	1.6541160831131319	-3.1835301674984042	-1.347552762446252	3.84125991568222	-1.5170513925402835	0.5587631287877696	-2.643129208233946	0.7572994270340352	-1.1431062769882612	-0.07965914645685461	-0.5809648155076904	0.5608688598330628	-1.1091131384384163	-1.0001322528150947	-2.3351261325358093	-0.4132985936594462	0.5442246947425934	0.6034134900440606	2.1947943147150153	-0.440734523413261	-2.0893442749010593	0.07608352627045877	0.18321237291010486	-0.42938721199004476	1.1321146864400824	-1.0914009751722813	-0.7357856899444771	-0.19021437056522703	-0.8695228420254028	-0.22501787948399585	-0.31761209099797866	-1.7028476236097805	0.2005425748035214	-1.4939240592059273	0.20841840224049246	0.49263738510281074	-0.5107260226639759	0.35241568737070295	-0.6568591958466201	-0.2449634429622568	-0.8390263393079702	-0.6537033814677908	0.7149679059939883	0.3146366720385251	0.18799648432693394	-1.0131007332724429	-0.5835073171291514	-0.20403524924306657	1.6192905499121713	0.8571128708262896	1.002149037578018	1.4733893455892482	-0.585105937704505	0.8724564466971475	0.22132875003705718	-0.7126164899286824	0.03884962932279931	0.98622452736642	0.21279720683364156	0.09249330443507812	0.05047615379059315	-0.785822109103863	0.916244416955395	-0.38874197595244003	-0.48442604096927494	-0.6877293505467863	-0.5426812154338004	1.0741744854053863	-0.32627011074034745	0.06863569265174359	0.45884301819526013	-0.419299857141113	0.8676756735605017	-0.2635128700656436	-0.2434710252821274	-0.07613291292277957	0.3359262940647776	-0.4660549865412563	-0.12686164921718374	0.14694756715707838	-0.11084342200935407	-0.2153079925894823	-0.2523540364270861	-0.15852072359042846	0.2695616230488187
DTXSID5046437	4.078766760410061	-2.837004453244919	-3.8187573069240686	1.9074469790546578	-4.542708021890154	-4.428002067879568	2.7070281663473814	6.322606230388015	-0.03109423636856644	-3.583428454656252	-3.2608827415826998	2.885679206952299	2.6181470745325353	-0.12431692111889157	-4.030028352974091	2.352884879485561	1.4979791555681872	-0.9875128294010442	0.8108673873471604	2.219258585112512	-2.9114198417140393	3.10259058343145	-0.2465849272847735	-1.9534502723118556	0.7993782295251762	2.104286974250943	-1.3914812440738205	-2.8441404682610854	-0.9766651614516956	0.7401277328918306	-2.351766190470611	1.4677724160375145	0.40644985010174856	3.0323931281546233	1.3704152991329157	-1.5517429142805668	-4.377987227647177	6.015153488517164	1.0065639095483139	-4.750695987615056	-5.125460164469658	4.32979023693353	6.672420660584598	7.013180037249944	-1.4059364729644916	-4.307176670828198	-2.3213674813448386	-0.7908973926413138	2.3241528406720007	-1.0951568443612876	-1.8600305925810157	0.9833536167930609	1.062565904085375	-0.35184128762272515	-1.7373664430851241	-2.7139579889420844	-1.7197661863773195	-2.0629948490579233	3.710192120472567	2.323311797311352	-2.1142563212439613	1.6056626017578737	0.30993267055069684	-2.1412327357967125	0.7800203721006305	2.4374892070618968	0.004173762499468077	1.058947898111147	0.6441241366139948	-0.04068407689036626	-1.3783713824818895	-0.3657050232081563	-0.9061658321734567	-2.7842262860464304	-2.1872474620542834	0.8369393599847914	-0.4123426377384963	-0.9205181194127744	1.3120903440772456	-0.08107114473540027	0.7018745063238072	0.7023562884221085	-0.43923579046383476	0.37609430769125335	-3.362955276869559	0.43771835303214407	-1.4883677994446003	-0.3510991038915324	-1.6445021338175083	-0.43279580188850963	0.11001490321969326	0.7060815578052582	0.6605632017785954	-0.3812573639285372	0.7358565090448147	0.6085385601367813	0.6555751148369992	0.8746916295163559	0.1405491670492828	-0.8021423747837787
DTXSID0046850	8.64152722952055	-1.8973452669920856	-3.761239975976244	2.5856014135044525	0.8502236097698814	3.1421845464663383	-0.14487045969863335	1.2255618526896728	-1.109375847213441	-2.469089464511758	1.8806975269470314	-0.33399553018458245	0.5900808702933805	-0.8790368593141031	-0.36681493688495403	0.7274604728451461	1.7945437169170935	1.8443954838271746	-1.6618293965239197	-3.0704076374543776	-0.6257123494316139	-0.5250774650616813	-1.9748361216032668	2.433206193635539	-0.809136957383274	0.528835242239291	0.19137931899326494	0.6483887209661926	0.8278544949786022	1.8028445924335141	1.036530276542419	-0.7111973076959236	0.5981928113279719	0.9795035869938796	0.45383277393785515	0.7811956141612482	-0.2994511664116182	-1.268392259948231	0.4161604878140718	-0.2611925313365626	1.195378533789398	-1.1013642453437313	-0.08881125599324337	-0.9176411896923862	-0.26239328427955655	-0.3729850426869547	0.45240925473256716	-0.09716311581887731	-2.378377417223684	-1.0363570454663145	0.9221015337359787	1.4275624570607135	-1.4365098214216492	-1.5973184777304652	-2.4724063467570363	-0.21719822578418646	-0.4485970040826686	-2.63372432258426	0.14701397254215268	-0.24246582336581843	-1.7398186160097435	1.0290767648874914	2.0515411840634274	-1.2610323116244166	1.154870059104805	-0.5407841725597687	0.45362260491495093	0.491994534971043	0.3707493983787829	1.5707611735608364	-1.0925043635584442	0.3556579108590232	-0.3483785581550678	-1.913409751863515	-0.08940400673683463	0.1559842269701663	0.7528185963139329	0.3705449480247059	-0.8589371182596315	-1.0616691898595063	-0.4572990887780658	-0.18202791273990554	0.38568143256306586	-0.9317904314363067	-0.7657059476777438	-1.4196203226577555	-0.5504629861485142	0.008732406617537308	0.04937235631445832	-0.25409376090715374	0.4903617731492638	0.9172187769182772	0.7377554414432445	0.6325835506543749	-0.6383278434325481	-0.7234958055755862	-0.13611264641434184	0.06868334076956607	0.4936497530412137	0.04752938205273885
DTXSID9021396	-3.5218014238249085	1.4537842415108937	-5.316311392547053	2.9237431761140593	-2.85443041662836	3.9060499678035048	4.4556239210007345	-3.2707340378682677	-1.6157429243410073	-0.656762743977397	-0.21194456026465552	-0.6194393734581095	1.5494974106465762	0.19123970210017938	-1.2321616382456224	0.6558077651386401	-0.8732758916278063	-1.5832631572141413	1.0605415997412506	1.293065896899884	-1.5825153880675087	-0.005346821813413429	1.0617204686474444	-1.8305319481708757	0.5293504442263463	-1.974362903450905	-0.4734246457475315	-2.5183801723247807	0.8200192667044816	-0.12345061648704465	-0.3380308894063134	-3.5356521119309052	-1.744825171245906	-1.0297389078483514	2.2494902463984263	-3.625154314434257	-0.3014434607892347	-0.2565547556482536	3.8926224949583457	0.8314779278985472	-2.6966648541306815	2.5213541638324326	-0.8836983613884415	0.5569489326083288	2.356048263281828	5.369915536451654	-0.11975141680911663	0.6809563548763191	-1.776410119647482	-0.6883958414408412	1.8565335389927493	-2.5521475680236416	-0.7663789961315622	1.068400319791766	-1.388018725592937	-2.057575187351667	1.2525548393997548	-0.5687822457631999	-0.3342183122751967	-0.3075205302436245	-0.27623295510209295	0.09444352724359244	-1.504292939589916	-0.2837464016148586	-0.19283051340652246	0.2832531526784037	-1.8290480740064812	1.72368495082504	-1.688809977610641	0.7632154525231896	-1.1417773968979308	0.49172227297914944	-0.1328743603237504	0.00590607562767347	-0.8723497612727878	1.247239298117961	-0.6001562706410705	-1.109667723005182	0.394338129895369	0.25136234397966467	0.6784402493233032	1.6389503638834313	-0.641354693163143	0.9477730636092424	-0.22884288042733608	-0.4374958852238624	-0.15235965932332474	-0.005495134144547288	-0.3281346455474689	-0.01822391140939325	-0.4272807653731161	-0.0956535372104729	-0.4519449947303462	-1.4456470049768027	0.5110927240546067	0.6184359033583291	0.4025088978620652	-0.17158436438432917	0.22440456633166203	0.43357233539994516
DTXSID3025542	-8.348479652973484	1.7726740356674464	-2.282458299789966	3.560097629727957	0.7380331643213419	-0.506585133887271	0.4330243553300918	-1.4749630439477677	-0.29761776742883633	-3.0977172903291317	-1.6585924321721155	-1.4451203512462987	1.6579250627273352	4.397198401285012	-0.1972414230034506	-1.6974117148850494	-1.6654604850226238	-0.5609748687307567	3.076315861913012	1.1103303906524538	0.1897261906625621	-0.00030678699235714896	0.5764048756902698	-0.7903082787703313	-1.0031432072058122	0.2385577696489489	0.19504012416821334	-0.1394819013256063	0.041420551298184165	-0.5228767298315133	0.9140034988907962	0.35992121474991423	-0.83912769810432	0.03129660288898384	-0.36291540921911625	0.6931527550526057	-0.1532036593154614	1.058634077290056	-0.11107592060934977	-0.14201297658449233	0.33769570595257475	0.34317072004632615	-0.4384264626550503	-0.3819235233203349	0.5788291998946791	-0.39716731049269605	-0.12713320047331064	-0.2790789012863787	-0.03425472268098093	-0.17730174789796393	-0.6064356934301376	-0.06601015597916612	-0.2960049550666761	-0.6190555470674108	-0.42564675904577	0.024726937038010283	0.05787457695327413	-0.6296084398683505	-1.228248146394471	0.5262245527988997	-0.07544316778145839	-0.6612722631790561	0.3532459329357176	0.4798129954110431	0.06021839565942346	-0.046222445008177286	-0.6393319445592195	-0.18000630925944677	0.45918007291060053	0.4414422449220092	-0.5483035288658766	-0.3528001056457477	0.5496951784144855	0.08501973531772924	0.030639675304412493	-0.0005073179254438066	0.5047936875268443	0.0510458682596052	-0.2608054514977853	-0.37774753781953335	-0.5174464780522298	0.5617983196740655	0.27755001849425737	-0.47711666750222165	-0.3059289391372223	-0.4829239364988007	0.765739005964118	-0.2977283814483532	0.03238544167336319	0.38359650933195294	-0.1568705700471117	-0.08046367435459036	0.24473459012579485	0.2757463446277663	0.2824811290237971	0.38781696923300585	0.3403651709329888	0.31080029473742676	0.3572717405988033	0.5143901984637094
DTXSID4020745	-2.2834793724776064	-2.352492562352909	1.2060865429019618	-2.1324196425570476	-3.8956641744580622	-1.0556598232617787	3.1992276449231447	5.983634317644245	1.2182578930365187	-2.2583691053991104	-2.294225429822784	0.014906209236847325	3.876731878304134	0.015598973979635004	-2.0291304091452	-0.23604574009169468	0.3507751516312457	0.5744130226139031	0.6025055757012705	1.6474054472391944	0.10433136732328104	1.4943627926444505	-2.8414972154203904	-1.9342249831696101	4.027805556154284	0.46535800181163317	1.5107992880790695	-0.6731880493279238	-0.5544541310995049	-0.21855657360665157	-3.4307488731514835	2.4147435886841433	0.5391343382963684	2.8900261013919284	1.3242432813808307	-1.9336259250546297	-3.7742689858208283	6.889794499515414	-0.8163087905532492	-3.076827509466128	-4.637596740547498	4.012258357049541	3.926351801132338	9.53565001312803	-2.118457088609633	-3.9528568374634068	-3.3049853699743625	-0.3103020117452554	2.6357326422599487	0.3492777658134553	-0.3214370803505421	0.6962218594365988	-1.3792321357949622	-2.399822609386296	-4.060505148157935	0.5261328722781539	-0.8116850820891022	-0.36388429677623235	1.4258598546137347	1.7647346486501245	-1.4472961217080336	0.3890524698599098	0.26357464247092866	-0.4700772383202942	-0.0002491196113119236	2.118326636108826	-1.7845804695678493	1.91966486677108	-0.08992989174055152	1.7326935402006978	-1.5184730614005342	0.0272180801008931	-1.9380464659086165	-2.8211531987964427	0.3077821112079616	-0.5438582033268549	-1.220463661706587	0.2441604223510764	1.7849681864268923	0.11292320554852477	0.12734674506891258	1.2121240116103085	-0.03596567901702076	0.10838052869675428	-1.8186760759086433	0.7454483606901615	-0.7707777518033105	0.35870750072994034	-1.5114434772707293	-1.3318179244811956	-1.1207537227621889	-0.05467626047324258	1.059032895546323	-1.6997054087760648	0.4601457894591616	-0.5704303248413386	1.3623785728997155	-0.3377073851079145	-1.013349164447937	-0.4364656653206573
DTXSID8040800	-2.6276782002805037	-0.10194995363812806	-4.818579065645743	5.973995182994435	1.514150263576794	-1.5506612593549989	-2.495483316640251	1.0935221731631033	-0.722247416121259	-0.7024616793111954	-0.9694628247462435	-0.4365005017689413	-1.1056929324071774	-0.667393244816581	-2.525014277510773	0.41290993829180594	-2.519168188851965	0.8630115587851508	-0.6822206951962774	0.5677282423837972	-1.3839426987585404	0.1416709307789821	0.4053873058431983	-1.034408023538592	0.30056451648684135	-0.7232224783921741	-1.210420644700236	-1.0101185709213503	0.20563651087142046	-0.5623135552944596	0.525310256076917	-0.18672958818868443	0.5171661106827974	0.3303951830901801	0.3904881704123349	0.12263753750792288	0.8378278115885631	1.555794152826798	-0.2807267447852876	-0.778730363500165	-0.01859240603715952	0.05154527962124342	0.3408608854908835	-1.2920644861203867	-0.10550507511136208	-0.4482148325281322	-0.751114215283407	0.11074892049012072	1.247303778462058	0.21110849856188865	-0.7732716190084309	-0.2044316981449738	0.47612092156636115	-0.9120011163127297	-0.4425941963435005	-0.5892466847141067	0.3385620502147064	-0.24305420740627404	-2.0387635124499637	-0.6398776583161535	-0.26705870773082935	-0.4017668101331829	-0.48531613030000864	-0.7618354834327344	0.19459817780436636	-1.2735490528018611	0.8178509090926397	0.9066415630021981	1.0016578656503106	2.5230750770756827	-0.058027557981958584	0.30773978127742113	0.33546536218071593	0.18078577053577605	-1.2645231920107112	0.21365495438545398	-0.9753289290148951	-1.4294973558960256	0.2235368885532092	0.41049351447878385	-0.15268485699921241	-0.8853010309384404	-2.5533617992941715	0.35164085795284494	-0.027250972276462004	-0.20091673883796277	-1.1338376745156922	0.9189090376652337	-0.6480984196382255	0.4373647090447035	-0.25713971839090505	-0.20026832995367486	-1.4825618379156902	1.12005624630479	0.09703961138363246	0.17473247157385055	-1.329121290937787	-0.2320391143825077	-3.583472790795886	-0.12550093389670064
DTXSID5045093	-2.3459116498606196	-1.8411550952047753	0.13728765663862824	0.17415771962199944	-1.6866131508520952	-2.744975106895748	1.6577807607898254	1.3728137033070673	0.026903026188280405	-6.512538951704312	-2.737413912162625	-1.797282686482259	3.4216134238315807	2.768851781630324	2.6620571457605546	-1.7301719554509898	-0.6033604860868576	5.411796216612657	5.195138617937274	1.0294669682729867	-5.518946810863284	-5.866419334035134	6.771039306165163	2.7275096214002827	4.839363227292356	-0.529293965326036	-2.429522312641519	-0.34272722087827057	-0.4123699370445472	0.7832167126492311	-1.286758953848942	1.9243358563985864	-1.4245822206315306	3.6072162252397737	0.9071171535749265	-2.176476245739744	-4.2943081935525385	9.002660769889419	-0.4794006024156628	-3.0934061235427084	-3.4734951091659356	6.495502254896778	4.9363419305117935	6.854291054579662	-1.1360832638337632	-5.689602566273592	-2.2829464628035723	-1.6781493946609443	1.7702539748930648	0.19475289816548144	-2.9254663579139217	1.248044301522354	-1.4242017221772372	-1.0281239493460779	-1.6188819702479158	0.06503981875969257	-0.7008234454953661	-1.540651531293587	1.8494634026676007	1.4849524637678069	-1.0933354338414731	-0.6397139203949009	2.7717384617063248	-1.8115001699834996	0.3517218707794744	2.2315520998525664	-1.2315453346940697	1.7412100508134762	-0.526146111860296	1.5915431034122332	-1.2962630504611186	-0.9260237777902228	-2.6963386221224317	-1.1289963213417253	0.910545932227999	0.6347717348336276	-0.6749041955782427	-0.46615404016072237	1.554883262965877	0.9114607739696445	0.3885599522196665	1.6804519803894065	0.010998271450581128	-0.7290529626351333	-1.6450979143735405	0.7642872459492152	-0.41705737731583026	-0.23960326527306927	-1.0874152299855264	-0.421020545610339	-0.6902573955794647	0.22725762971295047	1.7504006391114102	-1.5078426379419887	0.9640216547306331	-0.7491691172713424	1.0159114272662069	-0.15295053268811717	-0.38942426438689437	0.2722017698049198
DTXSID0021121	-1.9060128980947595	-1.9100346304579503	-1.3038462809486178	2.7732680001190357	0.1398511977704517	-0.18002691268135207	-1.7926023144519585	3.4268712412727007	-1.4391447200373997	-1.2611567040295582	-0.897241553145111	-0.02080831897427953	0.6678899219946951	0.9793245899776741	3.844899506338219	2.4569578271774084	-2.4791868540743316	1.895872150022137	-1.6601188974296346	-1.9329402846308312	-0.26948831433908677	0.26779013432671295	0.3623128936574802	-2.5735258886229007	0.3573150309978047	0.490582733271383	-0.9164439616611569	-0.11456244487740629	0.13390802961063455	0.5980614085970789	-1.418306885054499	0.9932535288015821	0.7474288065972116	0.097056840899596	-0.22725229587134677	1.1543981828799164	0.027017344411370513	0.2544309371052944	0.6233525514117059	-0.21302507711137364	-0.5114009772645349	-0.653113633969055	-0.1031513847579645	-0.923477224556831	-0.3151717067070277	-0.8614988350497277	1.0562178039937586	-0.3552779946171057	-0.3440339100322101	0.39218674303433854	0.4600052432643311	-1.0017821422386846	-0.9863848181184353	1.6424370876123981	-2.2430465033586438	-1.0315250219879402	-1.1102026971894958	-1.1006561552290703	0.9864968793004083	-1.0607912503108625	-1.3486409583977603	0.9060122053833879	-0.679096692255691	1.0839859383323778	-0.25365660546014424	-2.0372419140134626	2.3674720558813873	-1.515767241334869	0.29694060642960896	2.0167712816673435	1.0245722721864017	1.3988955617798247	-1.286814570857084	0.09976243509048636	0.2768251228911422	2.3729456803829136	-0.5215451703940115	-0.5811660875273564	-1.9823395901087415	0.8218611482252431	1.064713615903653	-1.759665713477485	-1.1166563640510536	1.2276000326542942	-0.825411103375899	-1.6181105189306804	-0.3847179706351359	2.5310087914652724	1.5889611442967169	-1.6450078865983984	0.7101230488216567	-1.0845449130602955	-0.020462336066717515	-0.0057469390122715305	-0.307807404126428	-1.1036603439539787	0.4402636517566591	0.14404786204829562	-0.042481796881716855	2.2181776700915345
DTXSID5020493	-8.048036382338514	2.059940037763469	-3.96081567755086	1.6575282857633116	0.8446987741650678	-0.5437856100226269	0.2556604416602429	-0.42661862299862074	0.4148062300137876	0.3468157266430803	-0.23399937872741577	0.561404642109846	1.0380277953115808	-0.5345168192032063	-0.36276208594236337	-1.084872023704368	-0.699804540897592	-1.4700327851428296	0.46446217189359257	0.28352318471909904	-0.5471076382333784	-0.009804741019020322	0.19255314368002321	-0.5347930852083069	0.3100616174464627	-0.3528656525308359	0.006763252550426636	0.0451393428358253	-0.5947785169976634	-0.48272145576539466	0.0850907693284159	0.3353951630329922	-0.4997031320252822	0.8783179193758325	0.02078864374303891	0.018218875526804932	-0.0031791971205048122	0.4536517719205809	-0.13451055959760738	0.4677699917681848	0.007245505926090094	0.5218155851117957	-0.26273888563249903	-0.27961758184172675	0.349592526011328	-0.05065795949241234	-0.9873531525206611	0.3186403218228385	-0.17640049863253424	-0.32240890183563903	0.17514768782697543	0.14664856920941896	0.37486316069576153	-0.4706834577616022	-0.027493415421165	-0.271387933577394	-0.5856590308759462	0.14475354430281479	-0.442053403458881	0.0748122324052774	-0.5097226496530186	-0.41657491869979574	-0.23069417815546203	0.08586609138148714	0.6328559985083436	-0.17023391049414904	0.47015172843029607	0.07786402580758883	0.3422609751117125	0.48608321055244763	-0.5752684268995105	-0.16414387535435782	0.23197396825789615	0.5434490202677421	-0.13494652301315632	0.5767280995557116	-0.059070560943990866	0.09226481784065792	-0.5416753612654139	0.49994639924405787	-0.01708164155790952	-0.2367936188600478	0.3819618235694091	-0.4810340619899087	0.4929188971988802	0.11519522034448776	-0.28430960245071946	0.3448789031414765	-0.22831097098039058	-0.040176020779644835	-0.11108068576249283	0.19059224853444384	-0.8352445063959757	-0.19047325985423483	0.027034900242772043	0.15883491559493704	-0.8257311201174333	-0.2395947522603782	-0.5592320204587798	-0.06741366020352751
DTXSID3031521	97.84550209185556	-60.066050863241685	-307.32402972626215	-58.96975057151892	699.860761488869	12.013638445691537	-147.94095986711778	104.98002562761084	-129.0879062457926	-102.71731453963349	26.244281668121445	-28.931622393166364	89.19101788697651	-175.98415114535123	417.9528133200882	280.47517137269324	64.15175274035624	98.80109812896418	-10.129268517955666	187.3200058177246	-17.904761059883494	291.33073951318835	-263.38371594899127	138.06879759611556	128.14164642500293	-193.7142176601027	62.539025077924244	16.924721570874667	35.0882660679219	292.18938029982996	299.53781468305834	-270.4271489756611	8.37924719686148	105.00838742004252	-145.9172464850358	89.52466917543083	114.91348612796821	166.35389483693672	-210.55013370903708	-57.29544916498057	181.2961131837027	96.69287910309491	-208.67270092109337	111.59282125560138	-56.607084174972734	19.17578647127805	39.57602281379039	4.567868588976016	-171.20188704984037	216.9484516975392	-176.76475256385442	-40.10199320129744	215.67624969090232	30.178164423302892	-172.86973850948925	-257.48550671872863	251.6854701016434	37.56765678380153	237.6967225054851	-46.50862026258904	254.5615903917674	76.15073379062927	28.52148450911268	77.58929910540168	14.633012378483867	120.3781491769382	43.87541126689448	42.2461398717595	172.36172646245723	-96.10563499091634	40.37545664021519	75.0994254526323	13.803215616807764	-12.803619896432297	79.13883985160231	35.01866862159417	-234.47375031494929	306.50639792842725	42.32336322356099	-170.7973405251356	52.05949578723984	237.55711728249884	144.20442158064344	289.16069238751624	-102.43743963158919	302.75960542244553	190.89639936892414	-77.18216296547612	-35.80883694790128	-117.81460307096857	-38.16904620928948	34.125841663841264	-15.680164410416273	92.74202454514133	160.7602240925953	37.7379501815192	96.70766479546056	-207.89692943944652	43.2935456181428	329.92901932109635
DTXSID1023314	-0.4920143974166431	0.04736386850840844	-0.7389960309142678	-1.7354169531852333	-3.016595906646701	-2.1543680079792726	3.0904646979748147	1.4581544446599082	0.8119080477415982	-1.7229109972348802	-1.4020361989499512	-0.7110751135477227	3.1081676880413807	0.7159011921735507	-2.254517622357182	1.2664670791774135	0.262134030854499	2.215247431046162	-0.6431085492524398	-0.9305343823711719	0.5383506222136359	-0.48602802550493013	-3.779050109013786	-2.2850184004739713	4.563692626368991	2.9896126606464364	4.141734650985445	1.2666606481887355	0.3816715535108758	-0.5228301193651483	-1.6058061496219187	1.678264301930657	-0.17237257133655695	-0.8801007520640126	0.8751712381227198	-0.05849565015934108	0.23472671663528194	1.5856103283330474	-2.2575542518663383	2.238465375250768	1.8079401325565216	1.0709324480310702	-4.283240275886665	4.296989249838561	-1.1853824781722404	3.0180529032650507	-1.5112780866687308	5.021548998505168	0.593350264870369	0.4828385432249168	1.761604646746241	1.06518493218667	-2.100491407534356	-4.883856164058967	-3.544418451980337	2.890644055758809	1.7246377074140775	2.4825519623784973	-2.964075423378857	1.4744734191687128	-1.9907525932613503	2.051918211682509	-0.6353359239697666	2.109580749275888	-0.11292199233570001	-0.19256504187728438	-0.8885089340255802	0.8559701394303048	1.1253504078291272	0.2258330050881556	-0.14122244697476902	2.423791759443922	-0.13003727290424202	-0.2817689419765723	-0.16166989879361554	-1.0517489360626582	-1.031076904605704	0.16697966208655468	1.6554902710720494	-0.6048017590959195	-0.12215609858767641	0.12259192615121736	0.6844798645636696	-0.5805655047273595	-0.3572102667278424	0.6027357528714985	-0.48446104359397024	0.15193139155525387	0.9598399371346601	-1.273362689096267	-0.1352200293504958	0.024014649005366873	-0.4049109785901937	-0.01269137797995635	-0.5105571558031139	-0.16165087710356066	0.576343763788193	-0.6337650612237012	-0.49786997713385883	0.47087920753661194
DTXSID4048692	7.610415151714136	0.9703301817166029	-6.955610693710574	2.2168624015648284	-1.7478692032295393	0.9548950320428538	3.1903487114716396	-3.1722293502712926	0.7854677516571824	-0.7331457563224546	2.7134834443418154	1.0206995536254295	-1.0922910667102543	0.5574518394104488	-4.566190736544485	0.1028744732956484	-4.231744817799977	-2.022842745488982	-1.555308854129757	4.570389684702774	-3.244116351205754	0.6575490578575028	2.813811249529563	-2.835515921094538	0.31456396439467066	-1.164957040781394	-1.8459472339711087	-1.4979152777148375	0.2404409668454084	0.9482424003501227	-0.727323841521863	1.1044017013145	-1.183083159811408	0.10602119985232851	-1.0642090964749262	-0.709027524097587	1.1315703573023586	0.41048632420542275	1.137495769774522	-0.7310802797604865	0.49327619160569947	-0.7497460748360377	-1.049391114525327	0.22989571684840662	-0.6982080922060775	0.4587920496302813	-0.16848004149608456	0.3847264157053623	0.6133659433851062	0.5953848580588906	-1.313662475181652	2.897449336345036	-0.9584484479611445	0.6152346215028779	-0.7194797775257844	0.15768675607571958	-0.7843807809256174	-0.2713356624946758	0.06154782763858518	-0.7976157661072429	-0.739529643355379	-0.15915069017482064	-1.2128922836563092	-0.4056989139156253	-1.0058683259627852	-0.19359033284425123	-0.9437978991565867	-0.579221505327617	1.5647444326725148	-1.6198522038002852	0.9013718661321944	0.8774452788501302	0.09829460882026782	-2.0800465962862336	-0.9052373549332027	-2.7670886951257114	-0.7014578078819893	2.450372512191954	0.5852550663513798	1.2839306339936811	1.9595990120502853	0.35348626506311626	-1.4724263058688773	-0.5607053508006321	0.1487829817781133	1.1689469067550233	0.197641504157656	-0.5476894458782132	-0.8709314622914925	-0.08161136601779562	0.9786832648283286	0.24623054848535061	-0.5607333442521133	0.20236023002267994	-0.0907994372735438	0.684893229986863	0.435425249504583	1.1954074417538985	0.05220640358828593	-1.2539707420381923
DTXSID3044839	-2.5735617560708506	1.2967799881819535	-0.8655995026202812	-1.1809734610036637	2.7849405172731556	-0.1348478209661369	-0.6888808013182287	-0.8828093034205923	0.7730599963063374	0.3326070616241737	0.4725151883458001	0.9004862755241668	-0.056165122026446954	-0.319476974939366	-1.0262811302239392	-0.8867252080582382	-2.1761199526974355	0.9754897996528263	-0.505731680749164	0.48576728845048395	-0.6524832204219531	-0.45842815659177155	0.21645515063600781	-0.17650812333955104	-1.824470187337017	0.46823188754771966	0.9125675217282461	0.2541000226138895	0.9147786647420478	1.8091233397914175	1.2180437533011965	0.8997052695590723	-0.28199622919049794	0.04872377134679825	1.0588593218820501	-0.11904372856613439	0.21158942699331856	-0.5650574015911548	-0.11869804589430295	-0.8704142944240424	-0.1658728576414037	0.4548007183587219	0.2800856918704184	-0.3191142164375801	0.593190324939793	0.11088250160133238	0.48721516255474495	1.0351880152680997	-0.0330056787647321	-0.7331206199368577	0.07155120315623567	-0.13720663650049877	-0.31204194001779384	-3.1229818558396896	-0.12684762461251525	-1.0080736334591645	-0.7707073022918286	0.3260080854886674	-0.925718150128991	0.17334432576346614	0.7326110890402422	-0.5924652095498093	-0.048027393255602686	-0.31229340785721565	-0.6641458828693628	0.19537420660505678	0.655340328486596	0.3861058715254586	-0.3437806101557315	1.3581233111383748	-0.14087999708139387	0.837268767087261	0.3139275275611354	0.854000023584365	-0.043543485604857345	-0.20156715158851557	0.26258746399368593	-0.29633081459675487	0.9369688442586561	-0.4620344745772222	-1.1727022251982526	0.35705124003387556	-1.4707140762335635	0.06375696921567237	0.018036805116076964	0.5428995168531712	0.9586421290476783	-1.041816554422395	0.3394168231607009	0.07355331014242507	-0.24739556903734464	-0.9763641809212799	-0.38389188821525466	0.031233321929764423	-0.5639236629445799	-0.14094764658753528	-0.13398646185886554	0.0346921676196312	-0.3353732397019176	0.6191867537659634
DTXSID1047570	-4.478427694734308	6.329093306817071	-0.9445451832425762	0.8793640595092876	-0.1041045452889252	-0.6799201733975806	-0.08420374285610627	0.21357944898220688	-0.4658443921737821	-0.2857863697087992	-0.6523217791855866	1.0480562344128765	0.24387616083707392	-0.07206036461818759	-0.03880926507474859	-0.31028299030347894	0.0014064690809277608	-0.05507145116473607	0.14498100049064253	-0.2572115980732479	-0.4884807578148487	0.5089514468371332	0.42609345363471857	0.5575342816769903	-1.384318971324222	0.7189789419745892	-0.17012448419324455	-0.6017855604647186	-0.048574809862927365	-0.25361457433914575	0.4799620912497285	-0.3916369839596215	-0.058950581748073584	-0.14653478521131666	0.5327359091468777	0.06822848765827272	0.1358207326402192	0.33155295916582633	-0.043051651910830324	-0.9139437987848907	0.42220290826805	-0.41994024598806184	-0.05018654174974225	-0.10158403972476013	0.560723205942358	-0.08072686208793439	-0.6556575691496297	0.6762594329101151	0.8039506063093308	0.1070032053386564	-0.6656063487150203	-0.7445864832327413	-0.3298635339050189	-0.5859094105183524	-0.34794310064931516	-0.5466996430147855	-0.21196784049533324	-0.8776939239152478	-0.2623885802340467	0.30253229266475984	-0.6688031241520651	-0.40196629869615735	-0.6008619557541136	0.03709662118602358	0.1928926397060521	0.2478562611229959	-0.46347866550540157	0.011684965054813335	0.41536365098046235	0.8242667561492413	-0.661994844474459	-0.4679647580353169	0.35949124074738825	0.21884940203444384	-0.37542927101650847	0.27431878406578597	0.38996072201478243	0.009839491292223633	-0.4812787316557207	-0.23594017507906548	-0.3337909858963185	-0.6991988644922131	0.8808231755296707	0.16428355529448518	-0.2620111166609199	-0.46130465600777587	-0.013061300578990749	0.019474845423409392	-0.28010198381334805	0.1280048974477442	0.6008862276854248	0.7533672881485177	0.10153851733015352	-0.08322746573819108	0.1583054621169967	0.5655645646239549	0.2038886821103117	-0.027426383383905115	-0.1753411278831958	0.046029001668407156
DTXSID1044936	9.652464995951918	-6.106856313675081	-6.8340499898406	1.4853251231726434	2.1915213129304947	0.159284292451312	1.4197035900733432	-2.422867157800837	4.082429596039962	-4.644977500657163	3.823637159903036	1.6035881386571444	2.7451850756818517	0.3322085775955778	-3.398796815897913	0.5505277755053242	0.5412947618797498	1.0246952225132995	-1.862242374300182	5.911259890207579	-1.249285597256634	1.3101586054148808	0.1106996885210657	-1.58317775428118	3.2244797713638476	-1.6977281660248578	-1.1479474038407782	-1.0397083113226253	1.5519315198241266	-3.652671393678429	-1.911729457698534	2.1435931273944955	0.7450385799283968	2.972891361220258	0.4181179010459468	-1.640808778307439	-0.9373910026489626	-1.3083851367590686	0.057334459106341384	-2.1135002424155678	0.31023559671776657	-1.370095780526579	0.9128894967339527	-1.7486499625357004	0.9904587821739038	-0.010078687734240465	-0.808353642708653	0.13282945599456908	-1.7187565329609824	2.299513639315314	0.8225634965545832	2.431469052436244	-1.018538849908249	-1.065565929978774	0.918133911985978	0.6219108190211426	-0.22600650535946737	0.12559307346535925	-1.992168244345098	1.4875881216527185	1.0929231107203565	-1.3261612136751122	-1.212942536200997	-1.2980720263440713	-0.5563175117720726	-1.490945111747354	-0.7041142577781386	-1.872425071181611	-0.42791292537663295	0.8890656726461317	-0.13644927920113595	0.1607098394382675	1.0953968461696724	1.7551057172058668	0.5988789842518576	-1.0131821450877485	-1.7171634926355226	-0.809017269430922	0.6198788057178868	1.0981555074242633	-3.1759946317001773	1.730922446778719	-0.3862828517026507	0.9216182153124745	-0.6574041997611544	0.47002813393038473	-1.0864896244314222	-0.49240184881176957	0.83938429506419	-0.8129822022979686	0.8799507578167844	-0.2787099468857616	-1.6159953627863899	-0.3908301907422296	0.6747324970556337	0.5688595315922031	0.8786688838605182	1.7057191656927684	1.3380684906297822	1.948346866318298
DTXSID9027653	0.9273132637589409	6.512470012117891	-0.6043402626397112	-0.22530490387630395	-0.6602978694953766	0.18897037370754993	0.7490189091629824	-0.8641701718367176	0.44964372193807384	1.2113947374842022	1.1838769867711407	1.368623603879214	0.225354021188835	0.6649725942108043	0.8477385959899942	-1.3211341693749108	-1.0220921371477762	0.7842592884495609	1.1680408802006976	2.141612188451324	0.12813607073661337	-0.20184049253441833	-0.13088624334463966	-0.20851766517356818	-1.1628940269828485	-0.6350135487524543	0.5847037984722094	0.12463124689681171	0.16395186216155302	-0.5931264260645365	-0.2669008906078358	-0.06487916607746355	-0.41639259827990627	0.4248973288972042	-0.29510121296973835	0.11278442018418551	0.4943189718951202	-0.38789333711454194	0.7337138199632695	-0.14199076823672677	0.026409000253446113	-0.21805675213398787	-0.1278955583823134	0.49933122174036987	0.15461693486239905	-1.5912036429457972	-0.7669112926211734	0.30023096712045294	0.0476557345949168	0.32004786907514116	0.07984929557033063	0.12015960306488627	-0.5122064378767657	-0.473384483145931	-0.2568897013500037	0.7892033086626348	0.4032633610996471	-0.41489301254886346	-0.7292258808837692	-1.0079508316675745	-0.9559001471828176	-0.80832937218155	-0.357299274377008	-0.6173543884337226	-1.5041617654499386	-0.35944329389932544	-0.6470524221383193	-0.8296008445486606	-0.48076089295320024	-0.022156820791673058	-1.0763733579925352	0.9455890207187297	1.288588092358784	1.5072137318356174	0.005562615539574066	0.44617111895674005	-0.13342274733207507	0.05828021557398439	-0.2621183830881598	0.4785555096725964	-1.149017910667493	0.9356636341012816	1.0823856765653403	1.8592002902226712	-0.4651319335567723	-1.5822567996272765	-0.39769794184971285	-0.34089704801522264	-0.7404836602052339	1.4987502569645323	-0.24146875321627886	1.9456307639669326	-0.8334079751447241	0.6634470064592867	0.059157037654431546	-1.4547152999078432	0.36781398182015373	0.2608107934331684	-0.6173989406146926	-0.07293479383629713
DTXSID1042443	1.7545210996190013	1.0479856538509333	-4.855426961501532	-1.8472340963083378	2.5345785896236355	-2.5044248675668848	-1.8121960063211613	-0.3421039056378687	0.6618425919475938	0.9333816787675748	1.6622788124615522	0.13271208535347398	-3.0442707295928804	-0.9456583230227494	-4.514908800045072	-3.5299106375066938	-2.9035390178693015	-1.7648048716039515	-1.9974557810563174	0.342977962208275	-1.0073667775186257	-0.8867534528973867	1.661946112302898	-0.5165805244623253	-1.0898613237136399	-1.1099889636959546	-1.4737512316233718	0.5950682748566085	1.1656478059750488	3.508862579163977	-0.9299892615954126	1.7753871172805753	-0.28381357020087217	0.36396381316098564	0.19517945385811103	0.052775556577018067	-0.008584652043856672	1.0618605016898497	-0.5461770539150779	-0.5600745664944023	1.9769896540040082	-0.5513652032068488	-1.0834966979868863	0.7846993220121112	-0.12751928357718165	1.101888145277163	0.24922236729745542	-0.386757402463231	0.370278479312344	-0.1652104496977942	-0.30450478542489495	-0.3881983868081912	0.4497963620749296	-0.2298123297535172	-0.9408491444539426	-0.44211859792858077	0.9076523967140389	-1.7205881565201047	0.30740834589304794	-1.0297221229544389	-0.5299388906098714	-0.5978189843679107	0.0957083888448413	0.49270228668628363	-0.8118125961813943	-0.18303177984523933	-1.1384937177294094	0.8540825539399872	0.8112151805513427	-0.3811430543669982	0.5104486759514065	-0.17864219988215618	-0.2917687674491999	-0.37930657185433314	0.19302790899890468	-0.14612102043224431	0.04727159516533406	-0.09356088149218635	-0.045829329312548635	-0.1044128202996271	0.6450272758072777	0.5774417695727266	0.20640448056741018	0.38952229205185035	-0.509402033472424	-0.21075842739301012	-0.347549166955852	-0.1912068456361376	-1.010015648227073	0.2587108425186888	-0.002438608135497378	-0.013597174611848192	-0.1966841086881515	-0.11023127458859906	-0.3028350980442507	0.2877601668041587	0.2844668751841224	0.28673193863714613	0.09711661322693682	-0.026111994984918473
DTXSID6041927	-1.9846614166999628	0.9444013087987474	-1.965829793940204	0.041143481073438945	-0.1400405702175045	-0.9338852018164109	2.8210099957988723	3.3583139532760136	0.37308656237149257	-3.621769710695749	0.29784903438016586	0.8259269868532801	-1.3101427698489638	-0.9747321760572026	-0.5172050079482039	-0.15399587582851473	-0.16357578135280232	0.7462873292863239	0.1567003083365819	-0.10328480158050483	0.13064237207971552	-0.6803420070728737	-1.3465725469386547	-0.04909567992091144	-0.5907665071169423	0.5516672132404238	1.5541093144436309	0.6565781045156174	-0.9293427194244435	-0.7402929198116991	-0.649526109638032	0.13570188562254162	0.1418484174682632	0.6691927142481061	-0.2860289856023944	-0.4189031462249371	-0.22251865335800966	0.21826914380281187	-0.04325117800393259	-0.36023655534936505	-0.5357851143705936	-0.5039616318099308	-0.05853494274964249	-0.12562334707654815	0.44921727439689496	0.5560999925735995	0.04318211555347735	-0.5332151000846249	0.5611145827606092	-0.225356511405451	-0.005714630206895381	-0.03055207789725154	-0.9358297771275337	0.32556963291806523	-0.20864743225714283	-0.3388558563971358	-0.16927009372605553	-0.6263510929710678	0.8363471115243825	-0.1437723265744208	0.9209125305207624	-0.477004732214692	-0.1972454135312763	-0.24261068366937458	0.036013527358729785	-0.3528570159861476	-0.9089588818468706	-0.24843873740728345	1.1846314329764525	-0.3378927080837863	0.6091010696002478	-0.7382184384143257	0.18103688078851674	0.10562421473299677	0.8412224052247004	0.035582176554942196	0.14442892948029012	-0.4448422891313962	0.3506040059508276	0.620825784131597	-0.02222159864616136	0.11482756966937586	-0.07529347413950288	0.01716430073149857	0.3280786997872629	-0.19045163898409395	0.4506664192832102	0.4409672556207982	0.27006208608125537	-0.05172534246481996	0.07325734299864524	0.20019562504282942	0.011138781953415292	0.14194079393752024	0.137606633708972	0.2009118879959154	-0.07746841789816412	0.012831717325712446	-0.4297883048694672	0.16595325220527163
DTXSID7049429	-2.3273022876569907	1.2919840260700841	1.572718269888561	1.6796697069225455	-2.4633674368614633	1.3064657638891806	-0.33095499891223407	-2.073887889599439	-0.19265921914142833	0.44825741733525065	-0.5367112307359186	-0.1015533944797833	5.101517361218476	0.26076017896267456	-2.829168653003273	0.7135379838768581	0.3846606423747647	1.6434183575430912	-3.175246288108456	-0.24706450390201792	0.04350404570375113	-1.3602526303048583	0.07399731765935057	-1.22179828071961	1.2769605118955314	-0.5826165812276066	1.8925698220109175	2.4983165735923287	-0.2381491048023265	-0.4928165471658508	0.3594860085388214	-0.15333483673945525	-0.3545503075803745	1.8055832924148023	0.1645537296907339	0.03445310994328097	1.4813767802299516	-0.20222266559352087	-0.5669757125048093	2.6121506107852195	0.28704821719466533	1.5666634693291814	-0.5980186377090781	-0.676862683234233	-0.5533714228422376	-0.5412714203282042	0.40773847721516476	-0.9655804046362881	-2.025221307582692	-2.371408370986424	-1.6621507571108372	1.6556233654121488	0.06462080487745418	0.0033626986626842416	-1.3154204655279178	-0.18735750680368674	1.1542260275282568	0.4610634649491297	-1.1858154736509678	-0.15568272649876458	1.1298477284395618	1.3535440004627306	1.3309490982320473	0.0921774023425287	-0.7197013929607379	0.0362386651211331	-0.8623587974651769	0.7744981946873657	1.1584734717253085	-0.8713534894918971	0.32803718451135483	-0.6095904690946504	-0.14990788218981724	-0.4674583011314016	1.4244668284205628	-0.595796761224442	0.4920286581338375	-0.2502848979349955	1.087613237891021	-0.24365501203991977	-0.1808257163568661	-0.2115378248032256	0.09905570031154583	-1.2832376450203884	1.2415776000272598	-0.9530493660528494	0.10065471058074026	0.5648831155081466	1.52692641619863	-0.6862321717840871	0.323928480902354	0.6662183795557588	0.41731985420442064	-0.43388550975233336	0.6651328618854292	-0.0313595661855904	-0.15982665858931666	0.004489387069064597	-0.4983981186798271	0.33807363372374016
DTXSID3024287	3.7521047241482965	-0.8178408440116668	-2.7073268914748376	1.9037370347797742	-1.9510302635741197	-1.2943745939380367	4.257082212791719	0.13004358337955982	-0.8312755725938469	-5.737557999337083	-0.9721563271803731	-3.673063446034998	-0.005589727975978032	4.098148852720335	-0.14426401202016662	1.7155762326726445	-4.736523657514821	0.8271311521233145	0.7265313560606382	1.3516967413746774	3.2473522442579426	0.11110973520416148	-1.0280986919815451	0.013767154248491667	4.07009639157879	4.762246263659164	0.7787018549327268	0.15247281387936187	4.11081860286263	-0.7030602611239285	-1.8996384072472907	-1.230580996474347	-3.271086651804682	0.9070465241344167	4.386407799337939	0.026305631788405403	6.711867090694108	-0.63321983310972	-4.779894734603256	-0.8261465079840239	1.2948097741043678	-3.6736515150599445	-1.7722174152284926	6.22245971573625	-1.0362835015666154	0.8823942817243876	-4.064244748727309	3.6336555524960947	0.8694143617135577	-2.1489599690279118	1.1392117237637227	2.148656816175438	-2.691914164005646	1.4073087400594646	3.2813642947008144	-0.5439611201039767	-0.8852377252773946	0.18867693575140715	-0.1756891239140277	-2.88854282699342	-0.11721785504904703	0.5915934545417313	1.4413228577364166	1.40006529482213	1.0321669725854898	0.6087128021671828	-0.49947192480451746	0.6394453809299082	-0.5799727340584492	2.269996212284019	-0.840001324298475	0.943381305274242	-0.9582774677971113	-1.3731661359214853	0.16549164727841065	1.2794987358091154	-1.0831618791884283	-1.058489938097294	-0.2703663837256434	-1.8342109188146947	-1.2735127257941814	-0.2533409366425796	1.366775594117107	1.5393021215145148	-1.1151657950790266	0.8502508528605631	-0.919741886524998	-0.14586993917036814	-0.38590513632050066	0.10976410813059453	-1.0432973659571123	-1.4363487903941698	-0.7482356220858155	0.990046469401079	-1.0973876173664596	1.1615900845197555	1.0108882766463934	0.27769977016112324	-0.48744295844726393	-0.9066119614097667
DTXSID0045755	3.251092401846383	-0.4941284896618067	-4.428950661871872	2.5690668427586205	-3.358968035317513	-4.294448712583532	2.495118662583555	3.198928501705981	-0.3923506110529713	-2.914222127889421	-3.2194963283399547	0.768342807311766	1.5270184565686957	-0.7100672683096194	1.9241185563312897	0.7108423882213264	1.129728224910311	3.626537648084096	2.751299292860713	-0.30681358061588215	-8.023652414533833	-4.4047835752571265	7.786453993984794	4.174605315917392	5.43527141919148	-0.3043245856684822	-2.4384123914930673	-1.4350376668634057	0.09295157239330236	0.7022107673060871	0.7253042201379867	-1.4233318651055284	0.45455328111678883	-1.6284675550224375	0.6818665056679588	-0.9509385253705805	-0.27044038071298415	0.42088543807779694	0.08281570986148118	-0.6126106196909029	1.1641514852447146	0.3434834372322955	-0.3009797356518374	0.5098753269355902	-0.2684879715193001	-0.21273937664870127	-1.431514798746788	1.093920312936956	1.4701389035989114	0.5544750077908408	-1.3461257411726057	-0.13677642943251112	-0.2900853279990862	-0.6706627846313907	0.7263482543864787	-1.4411196812561062	-1.1907398081830838	0.119718662332816	-0.05960591732160437	1.1658473473270783	-0.39490767172661634	-0.14151225653015848	0.0015808246069827058	-1.5305860295900078	1.352463129002133	0.23464843574934147	1.3200999884480207	-1.3214905790171028	1.7074232813899735	-0.6957229270781761	0.32686582901460215	0.36946407390106956	0.09619120411889315	0.2664429100454616	-0.803856041440172	-0.5548009968371057	0.5724730537840311	-0.3255094344458062	0.07833378642637212	1.0011546026054383	-0.7518881674075722	-1.4667529554455903	-0.7858928197758911	0.17477197914789488	-0.6817004024176107	0.6609059979755861	0.18954939158209594	0.6471406516512006	0.46164561216872624	-0.3084255437043575	1.2388803762722365	0.5632055686427261	-0.3264237804240648	-0.25419413634496835	0.8769266187932626	0.5234300840420135	-0.4793779254941062	0.6519944736458435	0.03584796133323159	0.16826827161618338
DTXSID2022678	7.776655992842939	-5.554843690700952	-2.601043322544689	1.982814555864001	-3.0819829166041894	-0.43312978318707157	-4.266525673325237	-3.2309956808495963	1.198482959128322	-3.4325804216256612	-2.134853643575607	4.659042631022466	-3.3487496343388634	-2.0477692426066665	1.6150937752378405	-1.0340708540888925	-3.8998780461447664	-2.6168592922742806	-2.8105522648141563	0.5315754354121145	-0.8258332235708525	0.7223328078142469	1.7701584905570353	-2.830782912816691	0.07235197430472969	0.4529371394730023	-1.3712378661360192	0.9079137832173985	0.4473365170659349	3.4259994601238413	-1.3412506088441731	2.34386611449405	0.29601905411720586	1.2216598092311635	-0.7363074668226254	0.5146861903212242	-0.5179320998952585	1.9929056543029275	-0.6095628023394195	-0.6711883455176075	0.7590213394795448	-1.9973405312284163	-1.1193062913422938	-0.16288695925516036	0.41538699941306084	2.158056014478876	0.6184162944850393	-0.6770972038717353	0.22414300739924706	-0.02672745651239822	-1.078115998480958	-1.6652982533133218	0.26081645020969657	1.6977905905197817	-1.9177764216437048	-0.001433483716071562	1.0457337534351843	0.05884591646396462	1.6345017198703975	0.09656575461457607	-1.7138469198385662	0.25505896892825813	0.34781803555222096	1.1092330851363814	0.678967583142854	-0.7099068659629936	-0.033497142724209575	-0.6958655242637272	0.8243968261995	1.2372284880229973	0.26634929023344317	-0.7609951850547783	1.06311334146273	-0.761041532594168	0.5973627995061511	-0.01850105509508631	0.7374012565212058	0.17687766098929572	0.20042105818661884	1.104882618024728	0.5995666660845468	-0.7098086634845928	-0.6436572386352243	0.24400135293223582	0.8383405551206842	-0.36183972883305704	0.3636196877605409	-1.1515860245608118	-1.0886294346798004	0.16150011990314517	-0.19175891995672475	0.1459730678257954	0.5180221023108851	0.4418508698001466	-0.5193151111526153	0.6737080880476368	0.9081968001131968	0.020677941060155167	-0.07585611584906089	0.1023156633657829
DTXSID0027309	-4.905864596582235	2.0049380712961438	-4.329231153353171	1.1788713355278142	1.4187405596961673	0.46144557257034163	1.0781564244408242	-1.3497183503454346	1.6516183886325644	0.19571012546769645	2.5420936897374826	1.018016706008825	0.78343993834735	1.1960651895755425	-0.08053961372288942	-0.6900118976566456	0.12356860862720173	0.021370785148675686	-0.049549603955401055	0.427596987743302	-0.9113047962786496	0.756096291871776	0.7165986889818822	-0.42452637721542197	0.41016547283578325	0.16062841628181335	0.6597280502479588	0.20546050119837944	-0.36010677955748094	-0.33867197467679183	0.7524616425847054	-0.13215605271090225	0.5513337310702037	1.140670170438368	-0.2646584969958111	-0.39444515727615664	0.8080861645996806	0.7115176733345283	-0.03753119519628812	-0.5712532187732875	0.1640710020026114	-0.3046673506494448	-0.031055473903014733	-0.8753731960984257	0.7450934396417765	-0.2787909786624794	-0.6223654688067545	0.24238494372244926	0.4393368641143167	-0.22892022985103572	-0.5024487289204096	-0.49308714068525705	-0.17173949120791915	-1.2433767141990366	-0.6945183932328146	0.5212985250229755	-0.46583755705599855	-0.09148617370098391	0.12039390817606863	0.1790034389502571	0.10229593021346879	-0.042704830151956	0.3147671250894736	-0.5624483808188838	0.032978106581031126	-0.103666601613759	0.10315832112556751	-0.06647046831458654	-0.6193083835677644	0.9558612426325711	-1.2251533422299383	0.49224255178025894	-0.19316361655424844	-0.15156560759134183	-0.04613473769066161	0.106946599936804	-0.3517617389243222	0.6373713162891091	-0.17192367286275076	-0.5361440334337652	-0.1399410895227003	-0.4532000794362798	0.4800037356763363	0.08747243935327373	-0.07204302497553182	-0.010672823148950563	-0.15663248055126508	0.20982624045112072	-0.2528646663565308	-0.031174395821201916	-0.010280734111876058	0.4795800619465928	-0.8054123010510675	-0.12528126321227592	-0.2582316603443622	-0.2602646711876747	-0.3308285056532385	-0.7074843160113384	0.022092640028754627	0.37949045818406657
DTXSID5020867	-2.7611130391154575	-0.9624254677289423	4.228327885693528	0.09117927981583249	0.7725792628948248	4.9806144709912505	-2.3111631009831446	4.940110759837321	0.6263872151767456	0.06634102937624493	-1.1428434264239582	2.3704923094556736	-1.1405229610528902	1.4466966074848215	-1.329773668192816	-0.3077289590638864	-1.8919463727984478	1.196176963377821	-0.058184133237475594	0.0014262920088029614	-1.0116575167482214	0.42651706727626615	-0.7280215838592952	0.8554798104231507	0.04716505749442642	-0.5041952892539565	0.41794534375775755	-0.44837053022873713	0.2501001845996334	-0.5362648250325687	-1.110905731792443	-0.650114885179065	-0.430213696624283	0.14743959681030938	-0.16821105115153445	-0.20546339011098233	-1.1680220786605904	-0.1448290287205468	-0.8973255865171693	0.8065640200505204	-0.549005339141104	-1.025195870502505	0.13051838958466044	0.7878758844371271	0.466157631854507	0.7331984042211079	-0.3398147264944676	-0.21723157243068647	0.327453295065247	0.23347654351268274	0.2706029338779814	0.5148847644060706	0.5354453542089708	0.6151264299472134	0.25340141076117173	0.2154554822738211	-0.20784534543315802	0.4788053011447433	0.49232764437666826	-0.11639565302833074	-0.101967885919468	0.2039828216275515	-0.19495780602321183	-0.04406715540247928	-0.3178467887418695	-0.22593839543116626	0.37467625413829536	-0.024390127281991046	0.000311465685690768	-0.4659209646814063	0.4974001036559375	-0.22181067559576534	-0.10134499944049151	0.5033273829466197	0.040446844503680406	0.028530571663894964	-0.3703513896631966	-0.4279586795217932	0.48281629014457755	0.24087608312706565	-0.09980736549690714	-0.277330388824926	-0.08206680617104903	-0.12724331016400453	0.158182270414034	0.21545825541841418	-0.02908671212914188	-0.014951146722760471	0.045402355412118574	-0.2316421415370854	0.02261384356187243	0.14052466906636835	0.002487205774962196	0.19138326715790135	-0.12128205756640696	0.10793749134202583	-0.06665903641385883	-0.008524113572261035	0.029737989950349944	0.1329442032121438
DTXSID5046229	5.814423233472398	-5.287166486293792	-0.7302789330502142	1.5693939129315837	1.750090747214602	4.398993842436177	0.16665107121237235	1.2413751633202157	0.3506476060099179	-1.0205816348455927	3.907962967448455	-0.4174628247877043	-0.7254916261939285	-1.0510079553904788	-0.19915515868360276	0.9443960203532513	1.4705603983986062	0.06935535569829492	-1.0973395656433425	-1.4135107001871154	1.3597899255940638	-1.6315304342348076	0.8528123359539296	-0.5472622954198932	-0.41474996407333775	-0.814191481613286	0.9247805972956517	2.1986896530513165	-0.5232239761989768	1.8703797820800396	0.5616654314686523	-1.378949155069905	0.3477357082931598	1.947314959785329	0.2562884979647586	-0.5691219406104054	1.2136811417926714	-1.3326284197822449	1.024819893425294	0.0342898876710961	0.8135396364911716	1.4441280813841162	-0.32509942022001803	-0.40956813386077173	0.472984972996764	-0.2120098065670292	-0.36267473339443723	-0.8778842866988584	0.9302804645497776	-0.4932695725850243	-0.8437330312729037	0.8256925493840822	-1.3080489417578482	-0.9686239208631945	-1.7771394304206118	1.2327760524395226	-1.6704539902123048	1.160759682729102	-0.11086569062350643	-0.46778109068131574	0.3441645221637497	-0.4198851949169719	-1.0579084478529974	-0.96938368609383	1.1366479330110484	-0.5147552122847399	1.2409742616848938	0.030526943120529528	1.4435802518791683	0.892583882701609	0.7130467050615243	1.0149762427513547	-0.03360469197695137	-0.42971166004568634	0.8867453077350492	0.26972037510886027	0.12979470790165354	0.6201328274563563	-0.12477551841852996	-1.3083651230167737	-0.7435657752361177	-0.46178646498253006	-0.500670497870226	-0.49852041627585464	-0.6789413394760496	-0.6481215691008145	-1.15815793566634	-1.03921394435954	-0.3988211936879395	0.40641858022958316	-0.6831848246224802	0.707644189185316	-0.5327099508558047	-0.23840049574843966	-0.2998226394284079	-0.12245999632872175	-0.054565877248220554	0.2514944950605722	0.3644135402346015	0.6201600015061871
DTXSID7020847	1.5470968001708547	-0.35769941119752946	0.4746410887567658	3.205517219614556	-2.782146880142033	1.625221031050558	-0.06187254714069353	-2.342143832549229	4.929973524001669	1.3621936632402754	-3.066757241762371	-2.9960690796063094	1.8546197698975255	-0.4170390932190774	-0.26404051167094694	0.8533132367714642	0.7752754196704064	2.207114243366277	-2.8901433308309286	0.965169522227125	0.23363936698607465	-1.1714257523006644	0.10824043839564612	-0.8210800685927535	0.6064611183550426	0.585488793002845	1.2811733784892319	2.029530084930137	0.7048919299860523	-0.6757687483355851	0.29038073293772143	-0.008173152736549939	-0.3677658891353058	1.7188823980523908	0.14433472268512196	0.46552130201447645	0.42967364312233625	-0.214414489673063	-0.6243922760387357	1.2690244824035153	0.05887233281405348	1.173265396367112	-0.36622069487976344	-0.07762316523112835	0.21809839514496338	0.78946412495802	1.3974934165511832	-0.7431255027787927	-0.7308378143093238	-0.8008395065112228	-0.6614206981837614	1.8320066923932674	0.33754247910861235	0.3609291281236803	-0.6168039043081464	0.5801515271910274	0.22795102517473725	0.9905662717543045	0.48796799325955825	-0.26674831550006844	1.0280885345192528	0.030803948957913604	-0.6401101503546248	-0.17938079207573426	-0.581832397131714	-0.4269779395633763	0.12812022713526186	0.08344707745181718	0.3801005270473612	-0.46670879034707147	0.8580244080534404	-0.046244718775816845	-0.4462044196908685	0.15960776681565475	-1.8280976475027213	-0.8239987920999825	-0.6622667039001813	-0.567940261415827	-1.7777049849836872	0.390046906818214	-0.21600235420252648	-0.1883815987720733	-0.08804015920725763	-0.5634478446181349	-1.1222376734742914	-0.22413999238502477	1.5045031439688823	0.46639879114480687	-0.4593079131331896	0.14000650851431076	-0.6902572497101186	0.47094497366670574	0.5887177651037024	-0.5347544714919823	0.4880782018638591	0.2850212576894448	-0.16826466832035097	-0.7169369612625787	-0.13039132659881564	-1.0430501099349008
DTXSID6046688	13.111725887897098	-5.51337776595076	2.1282898606823277	11.093981266631305	7.519099949075846	-5.346867084595458	-1.0452265293480634	2.2879906310947002	-2.9642827106946386	-3.049240734918952	0.37235116219383024	-0.3817604168294014	-5.66687818963391	-3.2677640640352252	-0.5813354493177276	3.2078240528887183	0.8409178420479945	0.640594191668274	-3.3780029190674066	-1.9697265890146372	-1.7450345775975775	0.9594012479339928	-0.8545928829368181	1.3752995194283912	0.04363395459059991	2.0648540034984753	-1.8389619032366735	-0.3150355448311403	-1.535324095715275	1.1580589686258504	-1.2173932914346326	0.267652016850826	2.76097605758152	-0.5666720401949543	0.16754568562560246	0.1817893764464049	-1.064734203176313	1.026409935046537	1.9951903222620484	-0.7047599033049589	-1.4384994458709137	-1.7445820359449888	0.8897917529691384	-2.228046850851127	-0.7858064510799712	0.48571423920655377	-0.6210634854298209	2.4948889612559992	2.273529585893024	-0.5841138442147524	0.5585663585020232	-0.028105595184502393	0.6154630643609409	-0.385624476538762	-1.8271688988513977	-0.6072809703191528	0.5506084466701533	0.9107656475601525	3.3376224226458153	-0.5829294461597071	-0.21539173441740667	0.6264805957804535	0.03236168772878787	0.2907820192613909	2.1523885874817412	-0.9377485957211965	2.043656190179617	-0.10229491037954687	0.9631658035485455	2.3647755031361704	-0.7401746847742127	-1.0312221479835288	-0.14429263615340615	-0.7580246205477074	-0.25529156786612855	0.5593158847801195	0.548784121439505	-1.800538095729972	-0.6695536055733303	1.3835435202831856	1.3778301061462088	-1.6491167112399125	-2.0643567762915946	-0.1764293532916789	0.17376809622738593	-1.0296190105471632	-0.6897296028096546	-0.25912439145152033	1.0857440405360428	-0.05832218480778872	2.035803388516559	-0.08269980648448214	0.5655471845181794	0.6521368976619971	0.047271255709010786	-0.48088026119398036	-0.6874472060578749	-0.04051400517264102	-0.2985115036680381	0.8234574606400572
DTXSID2033863	-7.21765633910128	1.2310101287903752	2.2125354929980725	-1.370108499726404	0.6941956109311095	1.0512703799746124	0.31328269916734885	-1.2504312755861258	-0.43667141294154715	0.31695189325020034	-1.051937389956883	0.8077095966506935	1.9014059497932425	-0.4072489386503992	-0.4827273506078026	-0.20957629254034885	-0.6991975829384487	0.5675283831094621	-0.5574608484349426	0.56684286798213	-0.5790843100180009	-0.3927217779687781	-0.15195004471579762	-0.7532389311375018	-0.05061623362756199	0.19364688797218507	0.10514996657562474	-0.24272452450821674	-0.19199651482109148	-0.27841826671917025	0.37508259942348326	0.3690398123273092	-0.49581300108673315	0.23094728414422866	0.28189958888626343	0.5251777111426639	0.3370749490417277	0.586427122141767	-0.4145418710231636	-0.5415551058696806	0.1849410900641341	0.013197654322818716	-0.2340675567932619	-0.8396255300643746	0.22283159669603855	-0.2487103359439635	-0.07485287564226849	0.42619647644946657	-0.024047887572343787	-0.08514289879647641	0.22467821294864398	-0.592588781955858	-0.49356661241564437	-0.41552372155010747	0.10679551987534376	-0.9096420015137192	0.28405763940013956	-0.10293025683929631	-0.963765636397356	-0.37216066159859446	0.3277693365651687	-1.071643713685381	-0.1715222671263307	0.3098000743234289	0.013493422003295704	0.38206174727456	0.16422450600635846	0.12933166418446226	0.1633767853019001	-0.020548210177466445	-0.053710504793787285	0.15529236613574196	-0.07372731544399704	0.23988411246071348	0.06823357764247687	0.31374282609059656	0.4838968596296511	-0.21640849450226265	0.33438935967462863	-0.1170050118367273	-0.4149865150991078	-0.04003749738452908	-0.28131134935940777	-0.42050536591649257	0.03431143356951878	-0.3619554014211667	0.3122254633721765	-0.09742863125752393	0.1748600505189693	-0.09856594134841706	-0.51841823472115	-0.39910227949261534	0.011831092390726407	-0.23113979413156896	-0.3809594693930521	0.23427855319992952	0.2559484301809271	0.35770026491504225	0.2582076425286987	0.2847976878693204
DTXSID2046250	1.5245105065238072	-2.318262518923231	2.9528428051231526	-3.216531614177246	-1.2467345452659802	0.392805368311194	1.8940471253858437	-0.37747051538571685	1.594832413351001	-0.8812228744534633	0.5701779436587672	0.12295951820410095	2.2552133082576815	0.54809101418094	-0.749542308700824	-1.0553627171941231	-0.04402915444022586	0.8660959189456893	-0.5295301928197108	0.5789266806659165	-0.27840176847535797	0.8535087918975643	-1.5606911376421237	-1.2125617841448764	3.603410293232917	1.3455572457602267	1.552574831978308	-0.357306457696084	-0.21026202736861907	-1.48864073194137	-1.1732541350217813	0.34477293353488137	0.9087905491861371	-0.8951421800771282	-0.6283504564022941	0.6126455364813534	0.2064548847146969	1.7171430151200122	-1.5511527223116126	-0.5316003029078432	1.1267307470860204	-1.723398294743353	-2.3769785052972403	1.3601163215031273	-0.5134547856315019	1.5020099140180019	-1.3471196233991944	1.6299618320526321	1.4915803730214279	1.6722729299033166	1.11665762819133	-0.5453461357753524	-2.5274318641777866	-2.180738731964246	-1.6852597745383553	0.8425389147811085	1.1545184449596548	0.07635801674061589	-0.9230935108376138	0.5928967259397149	-0.012200275267355924	-0.07711741246067674	0.18898699725795579	0.6094698347680869	-0.6347610312159219	1.1210695375165385	-0.7272473159352139	-0.2554687645918967	-0.27877963240052683	0.3101090316149848	-0.830382635425374	0.7553295773109975	-0.6471703478821496	-0.8790624172575756	0.6550308608397827	-1.4477876645302574	-1.3614985885946216	-0.40613607743758084	0.8033292017252734	0.5160540168744222	-0.5721236368884106	0.40733465582090284	0.2514591506580361	0.1261615926885754	-0.5345209589055143	-0.4198163159161242	0.1328561622538668	0.32745215373944925	0.6137603278015846	0.04643923967201671	0.20656032057807958	-0.10947311762570373	0.04643069431191103	-0.3166222974339285	0.31511262096356074	0.23946765682457466	0.04412429336767324	-0.06174259905897048	-0.7134267533687783	0.4130003867138393
DTXSID3027798	-7.664211080898148	2.94540064957918	-2.3659029202908126	1.0723340423121608	1.1196727848594208	0.3665594484258362	1.8292979758298904	0.26585123092417146	0.10508030272919906	-0.7995165976603786	-0.475882118757277	0.8284038810223626	2.2748003335854614	0.1747034779714592	1.076062458264902	-1.431191823824861	-0.7684287646496989	-0.22702798472450578	1.1174602210195028	-1.214510164575823	-0.4844850872018869	-0.09931831282271103	-0.3207076933653154	0.7399598446875458	-1.175590947592343	0.4579280174405382	1.2911321351866976	-1.729989277723732	-0.8515854608217994	1.0357232456508214	-0.13118508295825315	0.5532745088476942	0.545294750950178	0.29898631263998476	0.043352768998255096	-1.6335403192619637	0.6490648256923021	0.18524622565820897	0.990985355763845	-0.6592738875092967	0.9153295092995447	-0.4641593772629784	-0.46895905276221367	-0.1878466050720968	1.523992046520814	0.12861827057589725	-0.083877325008311	0.9662957761449671	-0.36102870449307306	-1.0920580614941253	0.44958903276821205	-1.4333974347105163	-0.37440554415431626	1.832459605078042	-1.6024073883977403	-0.779703399938759	-0.4448711175207683	-0.544297910199813	-0.66696642486184	-0.9600336056791686	-0.3105139320862337	0.52232913378541	-1.105810873779055	-0.8164413312036306	0.48486928267495016	-0.36425233515025573	-1.4182796284744223	0.9127774377331298	-1.0494542943128669	0.7545365199670969	0.4499312818586549	0.5503823754619266	-0.5421862413056836	0.3122508463505241	-0.6254339257040362	0.4244580608798619	0.12962752405569183	-0.8335064245364769	0.5386842903103427	0.37166711740962244	0.646827110150851	1.1289355246703714	-0.28652423151224077	0.3289884291637078	-0.13728983804891937	0.11381797198193161	0.7030351460112277	0.41816260361133617	-0.035129207355486615	0.2213563319621884	0.43363329067858297	-0.39745123920362285	-0.28051712399926965	-0.26854621984288685	-0.5431309573573979	0.006349785530820079	0.37623962447210424	-0.2725624068406152	-0.6968307681023468	0.7966988404107073
DTXSID7025637	-3.578108938229164	-0.658246920994067	-1.3167351588159835	5.049031589944627	-0.8880397009750586	-0.424623213129241	0.620705817777124	-2.0358468769248255	4.089004132565857	-1.7076501089979739	-4.375123188035532	-4.500394826978456	-0.056906169549440985	3.207265458273465	0.9323045924175205	-0.5774257153998288	-0.037934720736110226	0.059447303540240186	1.770480337500616	2.1612371839714717	0.77607075510928	0.40915963020913826	1.0690890755809428	0.5166809436502793	-1.1478049252049853	0.7618611684321477	-1.0899913854787382	2.9485012334520637	2.059619648891073	-0.9692400274534733	0.5305380312660015	0.36218352023304456	-2.6045108110463544	3.972849186960136	2.1477335565179243	0.8533424957961098	6.519450185312731	-1.190480082658877	-2.7507608761688065	-1.2110616587710574	-0.950842288531255	-2.6105744439607212	-0.06820684652939335	3.8226688870009724	-1.1417041514748683	1.1351621059304975	-1.5702779362284036	1.2602358804269327	1.3949013048371237	-1.6518297469651522	1.9690756347783893	-0.12484746075705891	-2.169444216905922	2.6830744462528724	2.683812113237888	-1.964653626610719	0.7699387576741589	-1.3054741911079106	0.3512557350460878	0.15883048154886392	0.04555795634066708	1.2884595236915721	1.0888070927724758	-0.8412505741476547	1.1220489240106204	0.09822202670041257	0.39675335281543994	-0.8322275443732018	-0.7234931646531292	0.6599629677137853	-0.9156987450127504	0.3498470691077842	0.06986087210028952	0.21484274805516387	0.2643727954443811	0.7633958475254475	-0.6546177421725778	-0.024091086423572487	0.06834907424786622	0.5061079658311836	-0.34965452535955893	-0.7435466187995339	-0.04816194270001316	0.31475623413734416	-0.03383491367112693	0.6874784717045979	0.8455913136121502	0.010064055252458197	0.14067301382852862	0.15484473681227107	-0.23140947770918022	-0.16371229000639378	0.21375993533196094	0.13789487457490293	-0.30030121411346444	0.3770404126260726	0.7337641127167882	-0.45608293575646497	-0.10529121215517721	-0.9276960036140321
DTXSID0060985	-1.573794365997318	-3.820234166805324	-7.107528858469419	1.9422714003575712	-2.0865801511800326	0.5714122585447536	-4.641295924980167	-6.400801763370912	-1.314430478920013	-1.493222433853354	-5.098898312781249	6.488871141870263	-1.190005084929146	-1.16851847390653	0.478582686208627	-2.4129087017342483	-1.2030827721268804	-2.0628860148319905	-1.5132840627722972	2.4835358159906837	-1.903925488311769	-1.5711010288613154	-1.9468401186787294	-0.06858802497380796	-0.3313745277847087	2.4261693358271677	1.3725423679085544	0.709436858781639	-1.974312245672529	-2.0619382775387276	0.6475566006533807	-0.5090545590536851	-1.7749438787643146	0.5723438950732045	-0.4583360806272261	-0.1745581692253568	1.6167977195123833	0.6990266986874767	-1.7060006905195177	1.2336362722366057	-1.307489932757875	1.5529908223327737	0.5342127904206605	-0.7152025298805543	0.2911825685786779	0.12436554960426932	-0.29965824427287086	-0.2340737136200849	0.5864742147838209	-0.5082253074006278	-1.63971745382994	-0.9002527280063419	2.2588390180698488	0.6353610321536804	2.1027468263258986	-0.5009738143389764	-0.10800103888247406	3.1400305648438582	-1.1931662838053745	0.5483363969354701	-0.44631740826385685	-0.03538492630909543	-1.7178939719638413	1.0665859235223236	-0.0774925890931843	-0.6499908334297041	-0.8682354692983241	0.836546386519907	0.17460021936483117	1.1591347950409028	-1.3532426376438922	0.10554292298423716	-1.9572615381433467	-1.2620609926220152	-0.8810804665415969	-0.22735247670339193	0.19168450313642652	1.1833801380614843	1.274944699322575	0.7420339475927048	0.7998182685640411	0.29179730441538415	0.29105415343634905	-0.32055522486388766	0.9628520041385852	-0.3734020598476198	-1.4341517644011683	2.2542063068316844	-1.2932704527853638	0.22092865593416253	-1.5216739233988792	2.363920217454239	0.6878111483670448	1.0188876806948266	-3.185322994668994	0.7799230649009543	-1.3944661537719139	-0.9808374888477286	1.4333506063426427	-1.3162737873424482
DTXSID3029150	-6.043419138451454	2.831575775886689	-2.765030897495859	4.465100795825459	0.9776240920826871	-0.9566294680547376	-0.3033205762455882	2.2013353152343886	-0.4532361886020417	-0.2181980188616358	-1.0505933170146107	2.140905167102594	1.071914111579876	0.7990394460026671	-1.7415011637240743	0.9875921786412983	0.635269524115894	-0.05096740606370896	-0.4027505468144497	-1.4781361313410994	-1.2634686674591307	1.788482424932825	1.137241968899418	0.8414970690994191	-0.7453698392634333	0.2938144322886756	-1.426595301290674	-1.4612682160730832	-0.35621056875631	-0.31133737395837774	0.7378819253521475	-0.26518559142816334	0.38482248546642384	-0.39143299438038687	0.6581114156252599	0.2674342520061243	0.03608340721775067	0.7320867267651837	-0.10467535660998284	-1.4638030482526418	0.5384875837804418	-0.5475075449385949	-0.03153519969147894	-0.2943413311569029	0.4300998781808096	0.30206994746601523	-1.1884145256055136	1.224097172010737	1.2994007508053724	0.0493766728971801	-0.7889352509824372	-1.0098576676927264	-0.41509639909779456	-0.9308836552365615	-0.5419424950921976	-0.9501777666882236	-0.9229980172056267	-0.18171411427444645	0.15646384068062216	0.6754991062196821	-0.5388982669384419	-0.4200030319965479	0.2630670256444464	-0.615474158749798	0.3634365115243757	0.7929943611502717	1.0207822322393587	-0.08622139878754286	0.6253187400139153	1.0276587726767767	-0.8456134658621264	-1.163876627795652	0.461493596365169	-0.19275136148447047	-0.8147303744888068	0.4231076585244791	0.16471356713097204	-1.4793744490578244	-1.1859018799866545	-0.2395497486421392	-0.7595332453438486	-1.011893495192954	0.5845666672156701	0.4068763199743944	-0.011701473153389153	-1.0830528805071329	-0.9407455021125016	0.4260633840053387	0.22880585379554735	0.11642822416934531	0.9775715022607173	1.0819454890493168	0.5066160527480137	-0.34630256203989523	-0.616147892600047	1.0086237696267695	-0.7415408045744819	0.30472646414717064	-0.8091681089529786	0.5978570191937772
DTXSID10224331	-4.241335582313866	-0.8853721554918726	-5.301927686159915	2.0011357469733495	-1.5506001125410958	0.14124899096897764	-1.944267932975194	-4.573205334180505	0.8490525094017337	-1.9047039999985644	-0.3773164314959286	4.473861766615398	0.4453718191169906	-0.26733721604766786	0.7407225127140955	-2.1392910190609062	-0.6773911709362296	-2.1724257050708697	1.1062353326832255	2.665178645127856	-1.5494741973705588	0.8601974455711182	-0.9634339018180147	0.2765491783626145	0.5268424666552872	2.1357546733670683	0.1359171267076063	-0.08660512530786481	-1.457424221922462	-0.13506170445674592	-0.6128618004334506	0.26216750188952653	0.10482828058073934	1.2636726425413423	-0.8220457816947684	0.2940054180740294	0.5930808183886384	0.5294006279307657	0.278145613090056	0.014813631058111185	-0.8441029977361668	-0.06659556545739558	-0.21734875710063545	-0.4964987927089518	0.5397885599739158	0.051069570572280856	-0.39858081257283956	0.666346445346751	0.16263258397215755	-0.43970002748207354	-0.4607220456471758	0.15311712521280915	0.7812815699697317	-0.002441367413903158	0.21545925589618464	-0.20951002401918192	-0.3464670282719846	0.2706200123652814	-0.04111063736921421	0.37043266314497153	0.1961197545193166	0.12434225218365365	-0.2335854941313971	0.539004161110689	-0.2818603989693037	0.042916351745363304	-1.1915773209319669	-0.26317970792404677	-0.3868062648806483	0.4930293797370717	-0.7793709237974246	-0.31497780252725466	0.22169118804227492	0.20689462785280957	-0.14293639967583757	-0.5286734636154324	-0.6886885083640064	0.282839907789904	0.04071747147593237	-0.06362449193983238	-0.29568425021446576	0.39917174375732756	0.027682112941673487	-0.1625032633258409	-0.45042029937408845	-0.4598525561360524	-0.8303964544046175	0.5502849817169054	0.5711204315575313	-0.27897892573990785	0.11900061001956276	0.9214862737855105	-0.5588950297182944	0.5720019535779489	-0.3712550577449347	0.5986235367960973	-0.49643948086118345	-0.2824949004656915	0.6161786582891222	-0.041690272253631
DTXSID7023485	2.5623485599243745	-0.40609732641662427	-6.26438119268131	0.7876776183787852	0.15709012987377066	1.5870254424454175	6.0294737582316165	1.0379160737980146	-3.7037214311877986	5.004476366449049	-1.3733509398512755	1.8924984096937103	1.1391354872307384	-0.11226005615234015	-0.29000654923548935	-0.7633257410976614	-1.4179388052719484	0.4970228294171556	0.41620853722193696	0.3098447797120792	1.126580457270138	-3.104646939318684	-1.0432389455197617	-0.49771369941150917	-1.1072834790229666	-1.3188500739251205	1.1844866047185496	1.459894695027423	-0.7671602760940384	0.6276172186745235	1.580660543717082	-0.18373611007353371	-0.41267077183103146	3.1841674734122476	0.154707823945817	1.0704955261302687	-0.02288652644846808	1.0144840004723308	-0.9654212187608988	1.0361251985549942	-0.5115844065037607	1.5088661024278789	-0.4026901031087336	-1.238960976170318	-0.20787752715017127	0.30724173126730825	-0.151705392993937	-1.2081376737685359	-0.18566140475053788	-0.40224057312718703	0.28715696676573726	-0.9083574722834379	-1.2696934207150579	-0.09298891677241654	0.5476191875300321	0.9608604850873654	-0.7937773099620574	0.6254392341784262	-1.0806937168516622	-1.8114740430169893	1.0723196046376295	-2.631188603147787	-0.2137534434646063	-0.8300379735474189	0.47607920489760586	-1.4781173179163514	-0.9029828504575428	-0.8841801815728612	-0.7799882575568592	-0.36629032189240446	-2.6182490942773144	-1.425434466727483	-1.0818717702745637	-0.8007136828845669	-1.062756820631163	-0.8354099509549694	-4.28138351033052	2.1466367234530326	0.06366806443095291	-2.200321572804245	0.01751054387519505	-2.578966862858254	0.9622477758858188	-4.686671143548305	-1.9510311119586163	0.9042009564577773	-2.0914128373931304	-1.7470647833722497	0.08913666226856831	-1.1348810675842191	1.6948601481545948	-0.6147839447211506	0.16514104514746233	0.2597936944658896	0.1788785942847101	3.100710770000289	-1.852785640994668	-0.32871746413253194	1.631154918102354	1.6385935598739803
DTXSID8023476	0.3906626212136029	-0.7494021326726522	0.019257523200651893	0.0941214932196521	-1.3425078473505168	-2.9946052325087154	1.8616870470037246	3.646985043043901	-0.03751508919062473	-3.668249423494077	-0.21085882638577652	1.0059563821159418	1.1193097070813387	-1.1831378506757209	3.6177912987575866	-0.7417773200765947	1.3353450310616621	4.5298074510093125	2.9510239844308583	-1.5633997593735278	-7.17614766694918	-5.373189284738077	5.87000869908941	4.993888340787673	5.297714044673749	-0.6467710472874666	-1.6211482954713814	0.3032424738313519	-1.2586658457971553	2.1445688896153254	-0.09353582075484572	-1.3139010455664344	0.453557812254213	0.061847590295676394	0.14524935085167107	-0.03610924934098588	-0.22916955041676426	0.8280140479930761	0.7920402333484237	-0.26776656114837105	1.2170243568131283	0.06554420554557533	-0.8223094755969257	-0.8054953323169137	-0.279600359988537	-0.493379520266768	-1.8112671854627371	0.8686140984787258	1.0448333881532705	-0.6535714102972866	-0.003546992395773659	0.2706999825421865	-1.5969644359236608	-0.46171127853672594	-0.6320025868795267	-0.8540212604950344	-0.36848195415360097	-0.8275706315104815	-0.6039433992513003	-0.2947722283919333	0.07239428328855407	-1.6613729399133614	0.5601798419529497	-0.5138685587100629	1.103900012307936	1.1290332085265276	0.9308082038800669	-0.5449611065218879	0.4748898594948202	0.8104005670377099	0.3294021552942969	-0.5884655436652941	0.25266155811650576	0.06122554468006306	0.6851835725527542	-0.15847630201519605	-0.048604324206363736	-0.21623612123132413	-0.20030962435637265	-0.47819304358079856	-0.22994463352271358	-0.4758036403942355	-0.8275973139653242	-0.23857418209770664	-0.11887214299904648	-0.7796481174499554	-0.19883084482881394	0.6181995149743824	-0.5037152123521569	-0.4071377132972964	0.5642995435986224	0.22192574936508788	0.5643502077819071	0.28587805260817356	-1.1047812700390065	-0.7717467848580876	-0.623291338237707	-0.021814298053901005	0.28312418263937117	0.5429291921153755
DTXSID9025243	-2.431096773194564	4.8885832129463065	-1.850405479365748	-3.095262215283947	3.7043146806200187	0.1877969887668347	3.5023918207375733	-1.3982164923548133	0.10502296091855799	-0.4538310742955576	-1.965627629183942	1.8157766083178455	-1.2432710706679428	-0.7272383332841171	-1.050008570342885	3.0945511801958396	0.6274602566723213	-0.9809647415190603	2.7978057210255236	2.9683700372051423	-1.7386142609802084	3.4307173015458012	0.969756909268855	-1.762043613451305	0.35989055064847053	0.4305812848525104	-3.6247308951041006	-1.7561840660124963	1.0146116325880739	0.8951472257025571	-0.19501318593504607	-1.808007740092405	-0.6271325260825739	0.7894946863672155	-0.9213932042905694	-2.156733055387951	0.12139860280796823	-3.762555476419267	-4.463034739948363	8.89490273468778	2.8932236676091247	3.3130202992543722	2.002294528282331	-1.6407552117335484	1.4410004940758492	-5.324086539260685	6.648058975046505	1.5042278958480049	5.951136759963954	0.23576578001627557	2.988860528102928	-0.642526801757161	-3.5449665384730467	0.013620088937066047	-2.022220194065488	-0.47559403813669554	-0.4741511552908387	-0.03584879553264593	1.8154882231413167	-1.504332028728041	-1.0817001935331632	0.27556893065269017	1.1629427526754166	0.5194717196043093	1.4424511315639872	1.252240697276417	-0.3471297408899428	1.1348978562266876	-0.49226997951472107	1.2228459470333182	-0.8029027487620595	-1.5571944454323767	-0.42759869421143826	-1.503959913430927	0.20944033622083244	-0.5022204962382492	0.3470877839747049	-0.39556656188664685	0.7595416457667735	0.8033878526377667	0.5420676008310875	-0.8915447113977317	0.16921686931242028	0.13430909572769523	0.9055617264219984	0.804339457006999	0.4460173327530468	-0.23840307923439416	-0.4352724897542261	0.3456312695978648	-0.27731349499051966	-0.4350900959351298	-0.4306847738933911	-0.26957572841614946	-0.43219502608485133	0.4295488942882989	-0.643243261965142	-0.7911794163131589	-0.7160542374093952	-0.23302753234336668
DTXSID2048616	0.6860218845008513	-1.8364369184768488	-10.130867237512172	9.133681350191054	5.118361212173964	-2.4777402929828503	-8.335568999373434	1.9109321756125852	2.264079652373707	-0.21877729362799003	3.6471579397961844	0.22038360908082236	5.551456446578814	-6.772883460134727	-1.1123211241219677	6.320372294827854	-3.376513923663777	-2.82208072599213	7.198448474543972	0.1616136622920301	-2.347115421155719	1.6764466491246175	-0.28650827867076456	1.3890401766351324	1.9853192443046979	-2.746585878947565	3.4664338556102434	-1.636777982207686	1.8413806448054848	-4.178698151448799	2.4321450082862186	-0.7277159395476684	-1.8199670072536243	-2.9885421114600654	1.9537499112531085	0.9673924620853928	0.15483930679021024	0.09512158713933021	0.02620800409510403	-4.040365681557935	0.5612614349446357	-2.1403785716202326	0.23451020465731906	2.388261073584415	0.2596482469913257	-1.5186214900655481	1.8364508480535189	-0.5665648087186403	0.4410595136388441	1.86392208876909	-2.081844770036774	-1.3029161433372036	-1.210849116835026	0.6359755886116931	-1.059979886714173	1.2447416731673344	0.9541136709055376	-2.339716523216459	-2.286464622808546	-1.0390434150950134	0.2448686687245133	0.6953717730328034	-1.0522059041607308	-0.8013693694980647	2.6692889896721015	1.4228813626265324	0.6604825651880263	-2.370914856129576	-0.7473484928746768	1.9355326025214674	0.12027196056717836	-1.9722846778457812	0.687545488646699	-1.688839661462163	-1.9874354261133145	-2.395749281503685	5.703406740752529	-6.72447653267643	-0.49690040569339794	2.4397124986352123	-3.1497340850104067	-5.208097744610395	0.29242958964076343	-1.9343742525407746	1.035097581230214	1.493382426099668	-5.0967729944036115	0.00991127338119663	-1.2450739393448078	0.6158116733198191	2.6673950665531034	1.1182581544166361	0.4557302144082542	0.2916149887275807	-0.4343626033280531	2.4526530604190815	-1.0393970194156064	-1.6895935475419037	1.288421455829222	1.5310706779697736
DTXSID1045871	0.6875688167417512	-2.4668474138730616	1.92003836553166	-0.9047922568987075	-1.5695245261379522	-2.4321238570833823	0.23571704242549965	1.0999491771652197	-1.6040643633098732	-4.062776739848888	-3.700589059757725	-2.1379761515735725	1.752736475261571	4.034934489193168	2.835263469685689	-2.8208295224424185	-0.45202128248377194	4.602966331623597	4.768342428545599	0.5102878969045178	-5.484221846641744	-6.50453626032297	6.792689095292038	3.539741784859681	5.551438254463814	-1.1079952387375025	-0.6364244794927064	1.5376898804344399	-0.7778034930594303	0.4336650332499928	0.35987426752973156	-0.9257044532273395	-0.35779111285408577	-0.37655704570573534	-0.7014901859828724	0.3772948074233622	-0.134272769391569	2.0093660123999793	0.14648431645687934	0.7303999461785986	0.6546025843415066	0.2630947376470226	-1.1580183526230536	-1.1079619708017627	-0.36761588388833427	-0.856347913547852	-1.1875498375875035	0.01030689307315134	0.8423846804826021	0.3052421187399924	-0.479765984681153	0.3948564057681403	-0.7304097560411378	-0.5095216556882382	-0.5303061594458798	-0.055066102243548944	0.739056334870595	-0.9340293685995378	-0.15456399343699148	-0.7229771599935811	0.6273113289866215	-2.1685906899348857	0.5771048376977487	0.558816523186335	0.17033354991753477	1.17984562272067	0.4308946263595053	-0.31815008037097814	0.33666287855384863	-0.013667759626772111	-0.2639113711159838	-1.0026119179730681	0.05039630393720126	-0.18634539097061273	0.7566235402077305	-0.5209744608223765	1.0163526373352638	0.0359367991023796	0.7944948698375321	-0.032760525469945866	0.5038746473995596	1.107877925299422	-0.4559152121809629	-0.5999584613374052	0.6604861964262947	0.5585936548801288	0.8816769823958408	-0.057030149669137775	-0.2681228736290195	-1.0308712167385716	-0.3037897937256927	0.49793515080799405	0.7262337228551926	-0.2640722468829392	-0.6834109515983012	-0.5150490454976828	-0.28006399993030157	-0.09599078814912627	-0.12353560827757991	0.028786499944137255
DTXSID4037617	-2.6082634273743754	0.5912231804871678	-0.49556546210066466	0.41981706199599167	-0.42568529220437973	1.993407770367539	0.826380586400764	-0.29853947530353125	0.14946895175306918	-1.594701559673337	1.611843857080136	0.157274814975695	0.5380702443260108	-0.547741225768972	0.9432997113420257	-1.1407623114880594	0.045673297333439174	0.46424618807264334	0.8336007262427785	-0.6196279605692613	-0.22790529240303914	-0.21066095951035685	-0.40169355039770216	0.48542514967235195	-0.9919285595985844	0.5012050185169509	0.3552768057287567	-0.27387041201339013	0.1439738315548172	0.1425855781582987	-0.1662744860619903	-0.7238145905901083	0.2866137125238453	0.2286632304640602	0.25938951774314434	0.48123299266134295	-0.42137990303158007	-0.21482871549885169	-0.10636498059320065	-0.3720800460359412	0.49557091032502487	-0.2700888514493283	-0.43825825956771874	0.422714778937708	0.4750355294297532	0.14502575190086728	0.2143656442097361	-0.7365162461842159	0.029946296251475924	-0.12212262840411128	-0.09383594124973961	0.4896764403301473	-0.717552728521849	0.09189029847720911	-0.3452929659489984	-0.05622398035386828	-0.3088468081965836	-0.3754363200537555	-0.423983214070394	-0.37390945010967475	-0.3912633243095176	0.48679950595055294	-0.5453663670800004	0.19570920980509912	-0.16905965348682203	0.1968289798902085	0.0920895402386463	-0.7210893367521561	0.3006017969687564	0.06897254544996238	-0.3757405531250283	-0.049924149747116495	-0.1575495636725527	-0.4367895608773214	0.6925103116977745	-0.06042862664768097	-0.9434285820720103	-0.36081775335005806	-0.33986547558755936	0.03518712054760298	-0.4501137259685328	-0.11651403936401317	-0.15535923355436781	0.514682566824627	-0.25833410695281667	-0.28961587170758524	-0.1996305440019069	-0.12350163762888688	-0.3276398494951555	0.04108303036062284	0.21047167804741518	-0.6616258052102487	-0.03666734980579827	-0.0646882683717062	-0.21422104760928795	0.0032238492095042776	0.0825525744751794	-0.09784402394020753	0.27684923534595335	-0.12275164434346873
DTXSID8026802	-5.107619623518484	4.623097128302995	-1.2179805195922715	0.35625873154317866	2.229962646354427	-0.2180020564806954	-0.00413499095133994	-0.09481195775121216	-0.7348824684148121	-0.46830824049519426	-0.8458349937959592	1.6623746997767301	-0.07701881779573684	-0.43239239820607667	-0.42936048179179087	0.24921342254301618	-0.11875561519431566	0.6943244276420245	-0.8687048177871	-0.27995881077003254	-0.6302211916918785	-0.15343102979587794	0.19016642770744843	0.3220576200904459	-1.6174439919131047	0.6752299867130761	0.10038672657954698	-0.5588663125150541	0.18907166531919323	-0.44268428998877185	0.9743562217693292	-0.34177335261071784	-0.14987489406227297	0.3422362886578538	1.0577368020160893	0.2663276380038651	0.06652696144949086	0.2612282698449105	-0.4448509927849703	-1.1062390040762256	0.5613727893399786	-0.11341172913062861	-0.0514964604711974	-0.4242370108395675	0.7498300241241191	0.24488942670654898	-0.3754945241989646	0.90215271727053	0.5319442057507292	-0.174458730006819	-0.6524754593138855	-0.46207333633062675	-0.38317929935020334	-1.232152929031867	-0.5188432675753921	-0.8943928003279651	-0.11242148720733311	-0.41162884157039814	-0.3998527551148468	-0.06713330149152794	-0.5235417224735035	-0.744315173057625	-0.43892473330487797	-0.05264275405400519	0.7885363916438803	0.701372781175563	-0.2038951993073195	-0.14293106951251502	0.7791703228837475	0.45940849890927804	-0.8595430221643635	-0.6084312536566425	0.46262683671462473	0.5846553992944155	-0.5904974687123727	0.8357876580703898	0.10871040771033982	-0.47396918133619775	-0.13057288504417364	-0.30600279552339366	-0.923990304497101	-0.4394382912179517	0.7357469871072632	0.12405456790467127	-0.3048214520577219	-0.16063472225801462	-0.23985029936508717	0.1501538881593438	-0.5415277104845867	-0.1718535924281277	0.5730362729972048	0.5012493702514526	0.3415574568069222	-0.18526553127231907	-0.37605452860206273	0.5757761032210302	0.4152297607074327	-0.08020233538855806	-0.03589391366207235	0.12912527773322605
DTXSID9040687	4.52000729168478	1.6770033102498976	0.3593072322604048	0.9225183402091987	1.456532792309536	1.5627816183231353	-0.5772211401150226	-0.5567768037248423	-0.6795120359943512	-4.805336232226993	-0.8372454299356786	-2.947680248675346	0.05159266152928052	3.5777593683487896	0.31954121948713066	-1.098689838623639	-1.0791946782469721	0.49959354152228097	1.4472852694176075	0.48952503532408603	0.7961197996229521	-1.0375403253820614	-0.31900061883894926	-0.3636230500590211	-1.4739167282046495	-0.3805345530763515	0.14832559111048887	0.7243399887760867	-0.19952372366339738	-0.14676568635745918	0.01574181659133689	-0.4210769948544287	-0.6015330558532412	0.5936917024339682	-0.05249130385336034	0.5375720791882377	0.17741925346107926	1.5979591283970178	-0.3421720329103111	0.34237139516118625	0.4761161126064666	0.27895246803394985	-0.9208060353528132	-0.6175215946338157	0.05670581295008114	-0.6813548307220801	-0.2089254011372503	-1.247018192803106	0.2613184467452797	0.9266082585426391	-0.9867993621367043	-0.8347865913062069	-1.1640062261295037	0.3507056365245084	-0.48152735124876717	0.5109257878008425	-0.003248898989043622	-0.35383505951351213	-1.125491992821248	-1.0730156109111733	-0.05719773275005755	-1.3951579409043517	-0.48951486893584417	0.8627283106749325	-0.6672893339443122	0.7168596330197217	-0.6078619191633043	-0.4287602926819029	0.594159383998257	-0.485537338583259	-0.22387251705932984	0.11594135761960792	-0.5746882678692293	0.4810794541336794	0.45926210167914666	0.603747838143322	-0.07143753886916948	0.14038163425011907	-0.1319974182111291	-0.049995386187262965	-0.7797203733941461	-0.4251777455108041	0.3379013224656263	-0.5692416633848264	0.038025635871544394	-0.7537647867060868	-0.11727496736304327	-0.19614670262428596	-0.12727614375661409	-0.16802831034735505	0.3955428821707298	0.027971858410240212	0.5574048654777363	0.5133724944918145	-0.08433215340863631	0.4305864010932282	0.3150704073332069	0.4542637498946845	0.4652677953395048	0.4090664308076052
DTXSID4039231	-10.141794704138052	2.727062694853448	-2.878438786784269	0.39676435669199595	-1.1425094065581	-0.7466126323493792	0.06254675445596077	-0.8535025557006786	-0.3713323576564803	0.906200874326621	-0.18363323692500855	0.5826568679859451	1.408961127079671	1.0825906347743295	0.6437341030201367	-1.051051192693043	-0.42587944292082186	-0.6935409797804816	1.2310856235003933	-0.06251709412501863	-0.26903286190650294	0.1516103588729974	-0.9551210091959601	0.5064891548993302	0.4466664585900696	0.6982479784926495	-0.344975526513231	-0.9583142080037543	-0.2200955910421443	0.47330333055656937	1.6471629974365283	0.8428276581975834	-0.07089862876364683	0.0670249558599571	-0.5418245337635679	0.07860628168753758	0.9185882596564524	0.17648180730541352	0.21771431227128107	-0.5808635615687774	-0.5648176915996729	0.34649635824979347	0.004162099328586314	0.05226716555122969	-0.010152831492417433	-0.07195759603012859	0.8243892651402086	0.4024987900606507	-0.5983252148375948	-0.8053196666488959	0.3574449861167691	-0.4135755305906164	-0.5256947884149932	-0.5245420462618502	-0.9133514122371307	0.1439148602620693	-0.9380326424588263	-0.5632837108279183	0.25288586240320504	0.4580172669538567	0.7978345371964018	0.1598914830147544	0.035628822521300056	-0.07723909582598325	-0.2683326413667787	-0.7753726618675256	-0.6764840994465403	0.03868482061211844	-0.02109004959183089	0.8783409286659403	0.05208925126045283	-0.17217695174724956	0.6785507707347769	0.35516279466101114	0.023909928074582913	0.4147014822210233	0.29705104909682317	0.7422258117563946	-0.6103153992330204	-0.28329357547507256	-0.2034874660633111	-0.5006342104712599	-0.3204905967450938	-0.0044138453592811365	-0.3594856849317491	-0.5790767692964368	0.3919859115190911	-0.20214717366984822	0.04158380685338725	0.21107940925990037	0.23292431846762757	-0.0555745888070991	-0.055555226529350916	0.24075535816400742	-0.05383183779596322	-0.032206828136825225	-0.015517140243968369	0.35927762630845544	0.08645000323003556	0.2693096158970214
DTXSID1045794	26.75113374384927	-9.508752558787924	-1.3742984217590124	2.9230141290370817	16.03598980388671	-0.49743661707366843	-1.502316613016293	3.0308267539226934	2.7315782605647887	-7.522851087477403	2.1810542638597705	-2.233722747867457	-1.3824043163065671	7.498970710465159	0.20897952619633142	0.22731670615077507	0.2742607645654258	0.21224979512684666	1.0112576419641401	-1.7685475353687068	-1.6048943277232877	1.8094107676370461	0.43810502804218615	1.6914548142144754	-2.978858993249354	0.868435543401306	-2.107086977569208	-1.4529013059445013	-0.7892865542611168	2.4324990555994215	3.5004263157549578	-2.504218977853865	0.3509698425126566	1.3342394161139888	0.41986792865500805	2.7664728350255827	0.018395697653243837	2.482544268547996	-0.47567083054912784	-1.6013929130156686	2.291895272345016	0.061067782670033294	-0.8021438264233265	-3.179819191139688	0.7331565063807806	0.3808888076006216	-2.56454211086833	-0.6636166056796599	1.3192659756916227	-1.056600037366388	-2.3377934545929135	-1.5086269380269495	-3.0212457608987804	-3.4655341479643518	-3.0339081283865754	-0.1303600094444346	0.5286074789379623	-1.4060287322823652	-1.240721813573162	-0.31650650824859805	0.4999981009019805	-1.988617409050379	2.000954853977644	-1.22299705470808	2.8386794217833566	1.6242061571394377	2.756246142064953	-1.145981430186255	-0.307533409670803	3.1940994720865015	-1.971973665670961	-0.3604399467866806	0.7063413617523618	-1.5365126057764646	1.3392527750814	-0.8391903933723469	0.2454531583354782	0.8643170922592213	-1.410886517774421	-2.0498264410265437	-1.284529709568754	-0.264918259827408	-0.6299097835520298	-1.0682768467215977	-0.8901773428025397	-3.860588876609482	0.2628812600121617	0.4971259870021307	0.15550312354562545	-0.7180073587127914	-1.3715666107213675	-0.09937901072447501	0.5474490475857618	0.14856447859593172	0.26681543140276215	-0.5535484937406026	0.4523744475311286	0.03293042761251185	2.759783101364698	2.693834910941101
DTXSID3046906	6.6424874160322505	-4.039434478694028	1.1217840307345543	1.0618740478148716	3.8562231234930175	-0.6651673501065967	-6.244800322737765	-2.470403870613254	3.7014560294078147	0.8318988357983004	-0.5105237618986476	-2.2693822316385024	0.2790519782012113	-6.2189109179977065	-5.505367504604186	6.091126696864658	-7.237750512631597	1.8576961255920044	7.572065587393275	-2.909959211485483	1.5809857935585305	-4.308213867799997	0.1887078020223041	-1.0752102519702051	-0.046759571066593154	-0.9009489456583343	0.6113529094312111	-2.292116589641451	-0.5571696426375206	-1.9131012490092283	-0.32176928343519434	-0.1342838446581612	3.794931237682037	1.0053928917132993	-1.0635922300360747	-3.8685224269310874	1.413257925320587	-0.7140444626659586	-0.35249303162122936	0.24042127100112728	-2.176084547421152	-3.2011255949456405	0.531791001433007	-1.4090494938131655	-1.9138430655034249	-1.2876305372999277	-0.6927469460141437	-0.8009663424943246	-1.758105574153078	0.7179590237910393	-0.09495184767820941	-1.5925514596281465	-0.24146887170544676	-1.747484015616549	-0.9218069955741016	-1.5603217273057894	0.3995243168409104	0.47949595089780594	-0.09193042605210269	0.47289416348297764	0.3881714952654783	0.11414354055801255	-0.850004360600457	1.8909312601865504	0.04758804441885719	0.7512787772233729	1.090520558617586	-0.5392958751671039	2.0792013406216263	0.921344899016802	-0.20719943985510364	1.0353625672208564	1.0578306503675416	-1.4065478472059973	0.22262011650903424	-1.4807391345125431	-1.3687405119151173	-0.22497618117746127	0.5180850738437806	-1.3357360964927505	-0.21682412742343646	-1.4375530982278975	-0.5998228950626149	0.7892885620243569	-1.5155291298479046	0.5192533682550412	-0.4083989331732226	0.5149840170173857	-0.17173422457010845	-0.07053130684076117	0.015094486855352226	0.40093751431075364	0.23502309492787485	0.4023501033930475	0.01453503182622622	-0.7151922700921811	1.0126984615125134	1.0167748812977622	-1.4842788146445853	-0.5723017878196243
DTXSID8020757	-6.2455388934450005	0.00557722427512257	-1.4161916496572577	2.5372290579396917	-0.9350170247307769	-2.190901668573079	1.9991985068498155	-0.4161096039239349	-0.5698526470191784	-3.7457182832055977	-2.487736518321103	-2.2707281467060985	1.792263936519799	3.7945699816109237	-1.0437746698634287	-0.3872956172156436	-0.4934260638565803	-0.4528489738919127	3.2444247016955203	1.4509737672249976	1.3714134925654962	0.5110198800120879	-0.36783241033207953	-1.1514051258836284	1.6241614044733899	1.2731924307175324	0.6236134352792004	2.6840964338833295	1.7078821071700314	-1.4185954992271477	-0.2890439004692297	1.16782083407258	-2.293724734164971	2.928682726434718	2.1184371925890804	0.518494160469006	6.156920070602883	-0.5599399970551534	-3.4146743298820965	-0.4115453657377179	-0.220973909821024	-2.36515444713315	-2.011867283564235	6.0650113451826	-1.7821795914279768	2.1332288700639532	-3.3191176431670835	3.9524067928648723	2.5195501874556308	-1.193621053223229	2.9687282584042998	-0.16096418274226051	-3.536825250359511	0.4771445713585177	1.4813270172821593	-0.40820589117665884	1.3873593875378387	0.1453447241904444	-1.2523446751381588	1.1676371645452672	-0.8143831055236339	1.952385293378621	0.9631666472387233	-0.09743686231228317	1.4598227656093787	0.04653437167009651	0.09820750942218763	-0.653588438753696	-0.5705446421331192	1.673952399881601	-0.5719645963054787	1.4550954325608372	0.028708454769661888	0.12662053926279732	0.1545572905189571	0.1031721217986756	-1.7050213934808958	0.13490683675555212	0.5027558036390071	-0.2052385463573996	-0.6975995976848501	-0.6914317757481533	-0.016790514530497958	-0.06628837882992569	-0.36735144541281617	1.1082463484059821	0.7085337086756671	-0.15628110163322792	0.5199139506354347	-0.18867268472876744	-0.4098289008547301	-0.18517199615511706	-0.2439289966425119	0.47889978337366185	-0.7415754235417494	0.5324832790075027	0.877506349622645	-0.015013962510618392	-0.22518493488865446	-0.06609982174547657
DTXSID1048623	17.81554113622184	3.0894564104224935	0.29376088833187	-3.4475329090363904	7.216266922289886	1.6211045602869627	0.31966580335523725	-1.8462485238190154	3.5026161546619483	-0.7109387438959265	2.3938305495389303	1.7101038122793262	-3.6057973437107274	1.32431958554801	1.346088199833854	0.9585568210333315	-0.055194141471921185	2.191904645198609	-1.739387230835336	0.35183445227947496	-1.3472424443398683	0.5144276043939684	-1.6174881436535493	0.4585563971662111	0.3631306495497761	-1.2298009747385172	-0.6767823438431885	-2.046671686672378	-0.8158566869782724	-1.3125116037322577	-0.560574067284886	-0.3893657776793554	0.6686492029666278	-1.9991158040935395	1.2192255123218698	-0.2606384036867014	0.3373641944909312	-1.25569583845878	0.9494760305490154	-0.5569714047405212	0.043913757737358027	-2.037008112898194	0.23511409734095343	0.4618233607315934	0.2624471974382911	-0.8186473352170652	-0.6708957941566625	0.6638075832085748	1.6503855598269397	0.1661428675163556	-0.14692846997359918	1.3525155840745615	-0.6123512433639545	-0.9280484243205266	-0.41039297015627557	-0.28389959534330145	-0.5985204881995978	-1.2668700164255042	-0.016394652402150815	0.20396259988028156	-0.5697074609123324	0.07500141159892681	-0.6834932522881473	-1.721821511068893	2.065011231665333	-0.7802321954073509	0.4709454350931589	-0.7157372312473891	1.1416273409838151	0.6145309733530689	0.5004182490718492	-1.7878381506736336	1.0545204633548644	-0.5417614116924232	-0.14744463961392437	-0.2644946754219911	0.9855002193918113	-1.0029742052586568	-0.08886078376568407	-1.2863932507020561	1.1383045173980868	-0.6813238268285517	-0.14929437301086337	-1.0002245768580302	-0.27853297435603014	-0.03721680628757877	1.2354497726961544	-1.1130912379943552	0.13014383976145644	0.6741412204383656	0.7881604339247805	0.1622120770544909	1.1985682850314234	-0.18064201444443972	-1.2118963550888235	-0.525038264319873	2.2090050725613963	0.7800587732138605	-0.19047001308244307	-2.215298351622506
DTXSID8020674	6.510621076417503	-0.40627136452649465	-2.1675881188367314	2.514263517083746	-1.4309478513387157	0.10228108800701297	0.8399900240906215	-0.634989790099545	1.8768825538006497	2.554531301696268	5.254362310041325	0.8191116443597777	1.1445371248240808	2.44361314500748	-1.3401137754163712	0.6968465070389557	3.3886629879600174	-1.4488834136410056	-0.26601979545063753	0.2708411719902346	-0.903996870829032	-0.9184456613392352	2.712317174986668	-3.2002173566256777	0.9236287305697798	2.771083417069816	3.2077367200801112	1.126079012979704	-1.1640132040657039	-1.7658979358245193	-0.05567213463749917	-0.2010540432337041	1.3210892027378087	-0.8934345983291169	-1.6841954713494491	0.5166402799914291	-0.43417286810732686	-2.773310571825441	0.03548335696721186	-0.09148356115032903	2.4186991444995614	4.349472909484808	0.27418160408280584	3.0550384964213047	-3.4256336721895915	-1.3828161193270552	0.5383147167647017	-2.123632942351839	-3.457930490744378	-3.4704308596548006	1.137521495970374	0.0011163037285174399	-0.5714960417770971	1.8754739908646643	0.3784564392445265	-2.695307180480497	1.3558062143342375	1.6877756401653368	-0.6100568656876089	-0.7545570857266629	-1.156044559731657	1.0536478043157635	2.409421140524361	0.7649187503366613	1.0580392951837925	0.1488781715404122	0.8584780295914028	1.6456685148541992	1.8648283437468252	-1.32563598787039	1.9785895486203338	-1.583039149306521	0.41174992008088096	0.7037339283052312	-0.30919991549260123	-0.4743444631954261	0.3226580037445814	-0.948678688846382	-1.8668857409550357	-1.5720255085696755	-0.11020725587463931	-0.021766692958722543	-0.9092592648130408	-1.6320025754891883	0.6248233107976597	0.3189339161178663	1.0543793614106163	0.5933625048934414	0.4832684894295665	-1.2728781092238917	-1.1965069093588037	0.05535819231085866	1.203743058458474	0.9847490495210786	0.2845067550834642	0.4974029193125876	-1.1128113439474094	-0.16095823253635005	0.19999011504650802	0.2425392212397284
DTXSID4022525	-0.1588780828568128	1.2359716638727383	0.27016362640227476	0.41306281164518643	1.819075196076797	-0.3814846810092008	1.0924319121456298	-2.2148937826604054	0.7757284580624979	-0.8557696423578123	2.0658187177013447	0.48318805926620917	-1.208754540495429	0.6028765864961775	0.2190896790046571	0.1028857329220173	0.7583667254490116	0.993462093668329	-0.16388083524445188	0.5434078086882247	-0.21143362296662863	0.6520669445736577	-0.19828897558302516	0.5528907852081556	-0.018695109389356028	-0.3220991620086475	-0.1356997123766772	0.077419696602083	-0.18162062066408108	0.10388831439427704	-0.15860949792565998	-0.22831168032150453	0.6094662347996466	-0.20023722494212784	0.011555142029349425	-0.4915531417731428	0.18599436893242302	-0.16633171202163388	0.6649190873965595	-0.2658241338766701	-0.11521752570835654	-1.3249987431651575	-0.2304441248306051	0.13391812994542668	0.2860933962788281	-0.8677978746843862	0.1432040933464444	-0.05135668630903751	0.10638197121192548	0.3753238610497021	-0.09946330965008239	0.05020662880167732	0.20937695457120337	-0.301208539867185	-0.4281037400986317	0.9025235384936438	-0.3743900647963098	0.2561990062932947	0.1941756169508732	-0.22843532803985064	-0.17693598656572548	0.5711213816766836	0.4209414662092829	0.021861110038610323	0.08971049146909031	0.0040383412322141515	-0.20975713958070685	-0.4314160909026283	-0.5172385089833322	0.18509665258862618	-0.4359953477457003	-0.03796063683412937	0.24983769857055363	0.07366725476113388	0.21226765680837875	-0.3747077568133631	-0.3929722600469685	-0.23939628107848399	0.7010645928627074	0.15211582894231396	-0.2076492320989731	-0.2762708986186917	0.32613335265732	-0.07132988087977059	-0.6565328823139465	0.058501042192596595	0.24068722920597366	0.14623847883953925	-0.018652309134138494	0.29282570325588386	0.43437089005669816	-0.1413543514434768	0.5221159333657314	-0.0828739222944936	-0.3120019339388755	0.0058524402010664035	-0.08144064564791718	-0.23276231412795956	-0.09567871075886249	-0.32169375378074966
DTXSID8045856	23.829048159185234	-8.477415402314364	-1.2694863470137276	13.212640731590364	6.724057597611117	-1.1011123879186502	0.5140144999997498	-4.128771296379302	0.4361879807554158	-10.396786141781517	-5.261991046862159	-9.236128453498544	1.9983738315847974	17.638470231920504	-2.4370759194237213	-2.8155442720252117	-3.9673724997086235	-2.453645411803571	6.055860427321895	4.95534256317747	0.1300727032012559	-1.332212988956497	3.6188261442937093	-5.131231749481202	0.1257708176682541	0.8628342751085154	0.6587795196172402	2.0697621789019207	0.1396381599137074	-4.967229031578259	0.04198464332555853	-0.2769278970736405	-1.8800034811473774	0.5470725161530587	-3.637719386550032	1.7696824752070657	0.5762016157292367	3.0116609182718843	-0.8680977139766445	-0.11946608780776037	0.8932610707385247	4.658508685569391	-0.3777787807559664	-2.050118228936491	-2.977074590328443	-0.40717538565414757	-0.3307439669181741	-1.9748543674546974	-2.4984786170227684	-0.35938226702148396	-0.06724546626226593	-0.5045600176117838	1.499628083833239	-0.6904473610799199	-1.7106858987713356	3.16387481106823	-0.3621160936002335	2.4442337299480146	-0.3786688148271792	0.5890789423711531	-1.7084757141611935	-3.770550584352857	2.1410097664797934	0.4824077381797232	2.3088132192957804	0.4847857684068754	2.1476780210201953	-0.24306614747204336	2.793833688085843	-0.17107588653634254	1.2440692565688447	-2.206483913710127	-1.8573512265946681	-1.6944104650697602	-0.7981929061848287	-2.272264860496083	2.4921992892335627	-0.4932438409873941	-2.9760404355309857	-1.9924418423152888	-0.08073162195189143	1.1694900938887218	0.6516485554318445	-2.3911906178397913	0.9200925863935827	1.8900031593209112	2.2186681255767873	-0.657745871347837	0.5460075998111541	-0.5802837841649121	-0.014759592541400446	-1.3913260937951577	0.38331094859981113	2.003024851444281	1.0646522114084915	-1.6847173241479796	-2.0050684807932444	-0.6651646568386221	1.8374600874800742	0.8427330404894905
DTXSID6044515	4.455864105155215	-2.47847766738815	-5.797234549413849	0.4419412383996858	6.165133919424526	1.5143141453819464	0.3647658154662879	-2.001540515488124	2.9500663008204966	0.4818902621379345	5.262893755893866	2.379864370452718	0.13744464503326212	1.8323475223162486	-1.2648908377350567	-0.1615572000967752	0.9075021308552411	-0.12190046132253965	-2.149357143687165	1.5896479728304391	-1.3193286036972638	1.1449366041951536	2.0557583819624994	-0.8241473119081066	0.7935866570221263	-0.07966154677853139	0.3564655904080252	-0.18276107602955227	-0.0041662962084630184	-0.5454454488809268	1.2324457790740848	-0.036557944060431	0.9495811562004307	3.313277990427901	-0.0106989422070957	-1.2040302802288527	0.5985725960185756	-0.19143219623396385	0.2495292733673006	-1.366785120587191	0.6837932445214487	-0.2921710576855297	0.40589644686954235	-1.9802678923747263	1.5854015101671708	-0.15119029550554208	-1.6005326579873584	0.7372634996600849	0.28872902857627275	0.030433266625707993	-0.3127591268145049	0.47340933265205587	-0.9959342718558296	-2.7624965277928286	-0.7754789778739948	0.7965206658303912	-0.43205909649689417	0.8108970767573165	-0.05686926745557389	0.5446240120558299	0.7231424160956831	-0.7133131716149003	0.47228734319748006	-1.786786946871976	0.20617744194617108	-0.09040967384962922	1.1366570916034124	0.046775599451492865	-1.3765732571840115	1.2878219147759973	-1.46745175606817	0.979435842450372	0.15226740470553393	0.35476764294149904	0.6617437080016897	-0.2442777401363652	-1.3262860486643708	1.2338562640988198	0.9263872438143492	-1.3499856259267897	-2.1494398555402294	0.08029582766739903	-0.30797465932818485	-0.1953266290756096	-0.9683835729120907	-0.9133333924682899	-0.7590960527581271	0.2296352142219781	-0.14610120031445975	0.17971663030913074	-1.172856744909083	-0.24467074575146278	-1.0102347155666223	-0.32652985051287126	-0.43459222046843365	-0.6056708798482484	-0.3608422366923045	-0.6190696308511512	0.8498301034918402	1.929200294689825
DTXSID20335129	1.9436164277743633	-7.565461454737166	-8.23549231973949	-0.3456395135485684	-2.225723993134423	-1.5419340849527843	-10.1558969899943	-8.702509383394037	-2.899188432038883	-2.87755508601284	-8.311889047874365	14.247829582743648	-5.223088147777398	-3.458245956480526	2.3308562288159225	-3.9950651011990947	-1.771883549138789	-6.662152603334569	-0.40520846300651214	4.31011701905028	-3.3285191734675164	-1.5690888032203631	-3.4361437739534644	1.942341824829121	-2.4993153542090973	6.2215282907201805	2.200313829735994	2.820538786137903	-4.311392412017752	-1.948298686371676	0.8793279065569706	-1.2641586578361022	-2.500226454901763	1.5788726368135952	-1.5594975096258905	0.8617918576973572	2.6504996036842674	0.7312898984908484	-1.7961558968637554	2.283380856208895	-3.150280620380604	2.5810614964824192	0.6076991439648926	-1.2203362634125479	-0.008631186428883752	0.5936969718970617	-0.5590447713606187	0.7715411925364156	0.7324838205997254	-1.8014923313237245	-3.1382334842643007	-1.439914265918463	2.8291199737550596	0.025087443550065928	2.045534439567345	0.02026633743783259	-0.42265818941822353	3.6395411402056177	-0.9663790340879004	0.11319379145347583	0.40702530503584833	-0.6344106718754159	-1.2835565522083647	1.1411054049798415	0.04736736895985282	0.9890377775410171	-2.414215058419925	1.489066709455883	-2.006753709510141	2.3457883332887572	-1.8977148011443132	0.6412489460442145	-3.5576375207689117	-2.713758673048799	-2.1546575156368575	-1.1885064094494824	0.3131711835766823	1.038568857999662	1.139013866641934	-0.6687053451495302	2.1074579420300656	0.2564021929776106	0.9729527992148312	-1.9407322491894745	1.9253910198063184	-2.9280493697400676	-3.3692370797943685	3.091485670047514	-0.15258792785079092	-0.8625529725572104	-1.8059482202976707	4.43955374840439	1.56226342669278	0.4067614821338881	-5.496424852873122	0.3103089039080365	-1.8416407547972902	-2.793466210067601	2.943367014303885	-2.298457993280595
DTXSID6043709	13.759281216859176	11.954091918749944	2.766971664290513	-2.820681274475887	-1.9712405695694262	1.4347218482556758	1.6648374944116877	4.236469698023255	-2.7604172262209774	2.2613986641596555	-0.2793585244786711	-1.4593938287237151	-2.7156097812700315	0.25728784563603235	0.8970787356022502	2.002386706761962	-2.7094417979716465	-2.913846634669928	2.152637494558579	2.4559176643857277	-3.3893161291819007	3.095233750309594	3.415592086924171	0.9527027072701871	-3.088696880746168	2.9443471439994777	-0.22002673610618487	0.9183094199278243	-0.3891117045678664	-1.6140500388929773	-1.489909302972055	-0.8965981064561019	1.8373649520294453	-1.1133998747456435	-2.6107401512731996	-0.3421910628346782	1.62668280806618	-1.5797973420112557	0.7639699085004822	-3.270056058698447	1.4316325011469335	3.0319728282917806	0.03733586642290152	1.617106492093651	-2.3983438959416157	0.14244676114265506	-0.5256621515807163	1.0420328587276333	-0.5427590411208724	0.9193728567773897	0.1604694496522088	-1.9618423623659096	0.3825057294264283	-0.3477894833294211	-1.1721825700082131	-0.8728293440743646	-1.94656207868903	0.28341782797149984	-0.2578915449815697	1.0895716165608498	0.3603937705067106	0.15779166295761193	0.4401327011277738	1.682403667933691	2.2055756398854736	-1.2053022185607776	1.3005362262535136	-0.10170777521653003	-0.6500642805546771	-0.519441807878546	0.9719490889282967	-0.8107006312729029	-0.5556083655511668	-0.65571570069126	-0.3247921778231064	-0.8086273043227706	0.5650233276638429	-0.2325000107840173	0.041124719659277546	0.5942242134263596	-0.24343569942590518	1.0166354569142104	-1.6019666396482366	-0.5142466755841814	-0.22447454379730702	0.40557896240758773	0.9305581117492536	1.0190955951330942	-0.06904824881591007	0.3996573926287768	0.1571999332399715	-0.6463935229669894	0.16250645777011638	-0.4964132720210936	-0.21462982796208321	-0.09072652034758477	-0.5808413735327974	-0.1620171448742112	0.6160244261636568	0.22558490586838462
DTXSID8027747	-2.660383688736386	1.081645065626099	-1.3549057016547614	-1.0518019147368827	-0.8459205033800649	-3.690859512424131	0.007140264328530595	-0.3566050917158796	1.4591655883418437	-2.3730188469565547	-0.9095773230666587	5.393646972156538	-1.5460287009376597	1.5913629925197457	5.730362836942077	4.275343496092905	-4.750159621453199	-0.550642030498099	-4.046570898964581	-2.7020697189635077	1.740675646996817	0.875825977682579	3.0743666998837087	-4.047714052586438	-2.8353119460812333	-2.1814505116669354	-0.27593187243441664	4.024466421679393	2.414203293871961	-1.8752981836305755	1.9129362466513467	1.4764808554017108	-0.5753078488534756	-0.7954081816566029	1.5757916536290015	0.8807173928845197	-2.075905364213435	1.8459750193865507	0.5814763648995372	-0.8050480898083651	-0.5357287570574811	0.09118974248591155	-0.061662948938217325	-2.562488527469037	0.9623680380976972	0.10906820211894484	0.1810774817496072	1.1222948559157706	-0.9522708143289929	-1.369240319894986	3.6815020628326165	-0.12799018362416423	-0.43997490764465697	0.6684257827964456	-2.1660164772796713	-1.026737446310991	-0.34248618579466067	-1.2651008544594284	0.993325607331497	-0.05300201669291549	-2.684050428964229	1.2075404139351118	-0.9500137164839368	1.2926367853615426	0.005505573362508627	1.184686567573548	0.39616248610094923	-0.6529312319190606	-0.03279809236868664	1.533890263656865	-0.7018193517878768	-1.0839186846034352	0.7035312031206811	-0.4178344810946928	-0.07664323063998747	-0.4493894580047432	-1.1793677214713219	0.48792496595810003	1.1855288529058163	0.4857409896352791	0.17047497688552868	0.157168409204323	0.6219745180431869	0.2565840187115219	-0.14769011649444286	0.5243431727138151	0.12957379574713584	0.6786344929114576	-0.996123721834767	-0.5982949882056334	-0.27548420806313695	-0.09803828198168069	-0.07746413598768546	0.9090986558490174	-0.8436622335337695	0.21415468622865316	0.3152856191782041	0.3197736292234521	0.020489071379209682	-0.268409678211209
DTXSID1047655	-6.4570505733614345	3.663555040763686	-2.012047354589436	-1.1438736537699734	1.8516057081951303	-1.196907740527248	0.7960861388585047	-1.4472134489983774	0.3584270680844828	-1.0280508923016536	-1.8996534226269803	2.7613742903114216	-0.965988708310497	0.6156809521496606	3.282626188036682	2.365767738476426	-1.3636221049022286	0.2677378587913143	-0.4445208425240127	-1.600591604544756	0.9660832466369361	1.1810897014875044	0.9814601332439611	-2.4387816400117823	0.3385569692262612	-1.152960210820741	-0.46785710336229946	1.5319976586663193	-0.25637939133713267	-0.1297844777350473	-0.298132552159829	-0.1787954014694638	-0.0009767960685958844	0.27542828922103113	0.43817178012187874	0.9993748529443458	-1.0320865056119424	0.15699560382228517	-0.8094666410259265	-0.2510316621067087	0.06142077465383276	-0.492740060996809	-0.21733578292786057	-0.10209298886597695	0.40962118194477	-0.12417810824393284	0.32150293528224827	-0.7355927650947626	-0.6249998376721011	-0.3957814050125728	0.8265521421920976	-0.9101662094443198	-0.5773211425583591	0.53296402932931	-1.3903819797982337	-0.1510035784145614	-0.38832544224717996	-0.8319624548147684	0.2314916717518693	0.6269239724353071	-0.4336286252904787	0.8500141730406373	-0.12657217378594623	0.09696680761873275	0.02409316369392767	-0.4447872596355373	-0.5201789242078484	-0.4173796498285133	0.1272091613009707	0.11098375977522278	0.1816394220343833	-0.18068132518784882	0.18781102563183982	0.21515230737823626	0.30134535507421784	0.06976359743799773	-0.042574837475999563	0.12458578915067171	-0.012132497912518764	0.38994605706311114	-0.09323227639727127	0.08287470872491007	0.003228387995389801	0.3937767203250125	0.47622617591224653	0.39599206506799434	0.2234481753630103	0.30135571603724604	-0.23887824032390642	-0.24930877907945817	0.24765538441028082	0.23858228980367843	-0.004802436875417495	0.2469372363501313	-0.06954870015075047	0.21869091041523334	-0.19079203190748747	-0.26914644921877084	-0.26536710117490653	0.04059988019771401
DTXSID1045584	13.641682767247746	-6.215502819547357	-2.725057654728004	9.09548703235401	2.4569804888992732	-4.402769157703312	-2.344578986043755	4.115430037182238	-1.8830925019414952	-7.004502733439007	-6.976578304015423	3.0802870151494446	2.487180401203582	1.4318671742224158	-1.3192967541232967	0.2132161869938913	2.6322165737398944	-1.8847973732675256	0.907823025848621	-2.7903353426079582	0.17503180372308358	3.47055691416711	-0.05930442097892935	3.270590387374423	-1.3354974607014758	4.080592587514311	-3.103277147568524	0.12277179505492203	0.052310104025451505	-0.19334152742069405	-0.5493709262364586	-1.31100821230243	-0.7261066199149389	2.38075246829343	3.102404868794037	-1.0412403596051611	6.438483687957075	-1.5972343177607153	-1.6449497127888817	-2.659515778578167	1.8416853191956966	-3.5026420264411127	-2.633705843549266	5.453096901100281	-0.10830935997615289	5.007304050233953	-5.977208732043792	5.815646246106872	5.2625629621583085	-0.4886737085031299	0.8835724507688395	-1.8653097444353888	-4.435553538475477	1.7666944795325328	-1.204799591911991	-3.5487666248842147	-1.7332175319205518	1.1191926908848508	0.387046420202343	2.755574769720336	-2.06036931097502	2.024116940076111	2.242525000361443	-3.1962239202249707	4.547029919213784	1.9707370802434916	0.3253037753043888	-0.4938910016676428	1.237147840957124	3.7251604648825336	0.1867922959238627	0.05764224391944128	2.80304902909907	-0.35700760726803654	-2.85907558086302	0.3368296380296837	-0.07499774213948876	-2.43170558372838	-0.6619523862422106	-0.5780812402895579	-0.7356652711748002	0.034218851581911396	-0.6958691842154677	0.6364932613302771	-1.906550987829025	-0.5286551739522476	-1.971751353743848	0.2179409802757665	0.7631577227378981	0.7244391156104424	2.371980675315495	1.1434176352008838	1.3831711626350665	-0.7176481168279647	-0.7726576790277965	1.675313409350347	1.501697264515258	0.8662721078120019	-0.26169528007779413	0.38993560614196776
DTXSID7023194	-0.5416523894187785	-0.39087590511990156	-3.9327380788365534	2.116667686799973	-3.1467691901183947	-1.6320555029968153	2.9456992285356423	5.395315516624384	0.8897026552667692	-1.430867004530631	-0.0487754388335282	0.8548471605190908	0.7366943482032264	0.9831358428928951	-1.505360689353248	1.156519077031521	-0.7661382717803059	-1.8948127075897996	1.5925284412736258	-0.6110483029100939	-1.6442168458733943	1.693033965335783	-0.8023124389248852	-0.010633961930173587	1.5801157395625467	0.9703608791216526	-2.0721211839643185	-1.2147804110899358	0.9358231670288781	0.05864937678037188	0.33019496191452447	-1.2053443675936462	-0.8429319275522643	-0.716786783891281	-0.7923489105171617	-0.606339474146812	1.2910047465533572	-1.2018020761067476	1.0748790333954483	-0.8235199718361577	-0.3687690426119221	-0.5347046924712363	0.6939854021862186	0.5116462932587059	-0.2038741747331483	-0.975167809011937	-0.08252895077767296	-0.24194410875039385	0.017058887950247428	0.5992459579058896	-0.8423597548332309	-0.03898982061561829	1.0000227400708706	-0.12344962710749834	-0.8838294021862417	0.08936620782517231	-0.11198082368445338	-0.14192136574313696	-0.011069836318667356	2.9066014814443006	-1.0509260590192	0.2855333176042545	0.2521157723876503	-1.7566451621757564	0.0041835102770620795	0.38878121760623424	0.9623027116428804	-0.877465349234088	-0.7875574841810841	-2.0383608011296803	1.0495408318843187	-0.00557041137325848	0.03133367114610682	0.49935261966777056	-1.960328440549815	-0.13411178036158622	-0.050807507561281974	-0.24117536046324994	-0.0646902975832533	-0.04683540560942008	-0.1644593924343261	-0.6285618399543791	-0.31679320986662274	0.030817351823840676	-0.5129332587971759	0.19514746979160086	-0.061723308153525815	0.16815239650890662	0.43449225773912103	-0.0745348845929856	0.9728719570677755	0.5799746204432286	0.0671645082817286	-0.19447325629166967	0.3905354592274782	0.2312507803662878	-0.5034806668337808	-0.07742509786913178	0.3841044746598583	-0.01027532206979189
DTXSID4041367	-2.2772490920845048	-2.27592916649686	-3.179828348132856	4.156436975767694	-3.9039440419349356	-1.3103285596250784	0.34105985158677626	-0.4012745007579307	10.933663448956272	2.9592745986629483	-7.207437474881031	-4.745233275880167	-2.8038182494261954	-0.1885381931095063	6.206273811226113	2.275027500454206	-1.1937962424775024	0.6934313261960466	-4.3930729071214785	-0.37369405033081265	0.5861489565586961	0.6494006407096209	0.9159924212604225	-1.6269987416184948	-1.1968754043397536	1.2171719608366078	-1.7880485055769626	1.4835695401009068	1.3899207378655307	-0.4164025547924364	0.20145754884588155	-0.24601614289694523	-1.2780117632445676	1.3501477808513684	0.21487921106998978	0.526003566300684	0.31967761383103177	-0.9887118264099072	0.48488774710796706	-2.27137824503367	0.13211338104814618	0.20171695518790578	0.9863272078249714	-1.808339978342691	0.7389658272183006	-0.06347580165092678	0.7486498197840841	-0.7101833180063938	-0.43125875284160053	0.8796001351106606	0.7739021392473765	-0.020807904374613054	-0.9576471596522422	0.15003353933148209	-2.166666104561554	0.18768029337837222	2.8374976314003177	0.9545930098203982	0.2507572572038681	2.052689212812605	0.16868124066033247	-0.6052455099703564	-0.6434224587808219	-0.4116700481871231	0.04954526401342526	0.5351790918518126	-0.7375901786915167	-0.3039550486015065	-0.15393394241505146	-1.155212297151723	0.23115377880342386	-0.3715921245055716	-0.6875053273288555	0.09000843893651675	-0.3801281088005467	0.2828061811834195	-0.647910983716358	-0.008435347328965306	0.6998054322936634	0.2709045938868287	-0.28333627235433356	-0.48440294357048935	-0.033649039338528045	0.0587929024686712	0.3213821574163335	0.35198743378640684	-0.37896568493177335	0.5529260011039122	-0.2739272998527188	-0.8934166374284271	-0.21890896138145152	0.33290988758329887	0.22310667289048924	-0.2806053144258546	0.006416885840662859	-0.11392558810997394	1.3680751024888846	-0.5547555952449844	-0.04347022570617633	-1.1637374047819256
DTXSID8048991	109.56237402538896	-34.28471353085305	-21.678981862493416	113.40786704835848	26.144778097579128	-10.370196628233252	185.30417919873665	38.95410167291896	-51.1194257164817	204.1967632999324	-69.30199051466784	179.47066144874702	44.18106807939979	-15.826081041620156	55.246725987305105	-87.09197450720117	-61.41167383030155	99.6082577999163	112.46438967246426	26.01116108533924	92.0804208228311	-47.943251385095216	-61.17015295233104	15.156568167670708	-39.28092019459601	-69.43428689824073	-29.846402881549214	30.756629742846282	0.5570423327212606	28.422374467359955	6.1547068090001025	38.54119053184551	0.7173752985360057	23.079764568453246	2.756066899766065	47.558118363104846	-8.035788290823449	34.53979772430508	-29.081238607226734	9.565908493918238	-4.6777253131851335	8.150391781005881	-14.90240912040544	-6.020880248425227	-10.293094707520128	-6.828004933631335	12.790249539969945	-28.518944359800305	3.3449279727998693	20.3829150252831	-3.2933934643950034	-33.86753579504011	-41.27736584409469	-6.234180383894645	-6.225621051040151	-12.683199690831042	49.45804535400197	8.990692010452777	-78.22113506113345	-34.120079362790406	57.322878174656296	-57.62551632974117	22.70590928831225	3.286550118116753	-50.68345345272249	-146.3722839322399	-11.635823068271941	-58.632862429039385	-42.18928560756652	16.88327994255727	-48.46193640942252	-84.23958754241376	-22.696798993930585	-22.70117615689528	24.8935128098409	27.96803816003184	-94.41507047239061	9.834596653040716	0.9031907269785261	-88.77663957887923	93.40384862985358	-84.21974405574909	111.8543132170323	-144.46006351943092	-112.21286064123973	113.10620962103701	-38.23626340870064	-53.27708511425914	-12.480237861843436	-37.26727619163974	13.805876929591118	-95.1820210748938	32.99475174135977	-26.16294301067366	1.7911103260548682	205.57207128771367	-19.18615914901532	-2.614678726075891	26.611321797733506	89.86565558432986
DTXSID9020083	9.316378596989608	-2.817242205177072	-3.832649568050554	6.278321521851236	0.26364311375447214	1.900228323104652	2.3611918632256885	2.5774921911591377	-3.1626444105092073	-4.372736697804887	-1.3013955848818424	-3.8356938433951213	0.41299477998706485	4.57763364792318	-1.5275344883424897	2.0706367459740664	-4.102087582141571	-2.0649689909806725	1.5468169201077577	0.530731792573306	-1.2033192775664798	0.14346027975043354	0.5191238082116172	-0.9416333754324406	0.09584758917913234	-0.24917301630432628	-2.2810718305815807	-1.1922904221130088	1.2617926125204713	-0.4165653752296328	1.201588869559699	-2.1740482473187863	-1.7905001001427319	-0.47993525599558895	-1.0270172937935398	0.20229610367570316	2.430840006072082	-0.6868072532968643	1.3426099375723732	-0.17855939489329842	-0.42094520082096737	1.8531514655704278	0.03735657575910991	0.3337020851270263	-0.9282176355171113	-2.1201445112416715	0.6962374859513382	-0.9561851449707492	0.6727039912485702	2.3587495958880096	-1.8783616290000313	1.7111752477483557	0.002669216189918717	0.13775725185069465	-1.6351401963807495	0.23506112441418808	-0.07309822700287935	0.16581529954348706	-1.1532612691822766	0.3822009511138963	-0.6607140638759907	-0.08136602939469958	-1.2354172697253922	-0.750950006237408	-2.6326250810580154	0.6677855226613603	0.9557131781054866	-0.36301691203754555	0.22731426916029204	-2.9932396889257253	1.9865373680102791	1.2310406217317444	-1.376649858952707	-0.6771663863710101	-1.8526010033328768	-2.1439894241039283	-1.3168157448679048	1.3738674592718272	-0.9775786677534248	0.23024409421577596	0.03437391454196465	0.27507366970915204	-2.687392579800201	-1.7345467617723929	0.22524632058622215	-1.8300078213604176	-0.5050971166748376	0.44503901221849773	0.15642884946701083	-0.7799899348032489	1.1147281137734026	0.027983042195792528	-0.3541272868153586	0.12890968812863168	-0.94834284296998	0.20886912569245947	-0.22365484050360057	2.126322076117013	-1.014608894654672	-1.2140814442154817
DTXSID9020168	-7.3028596302432724	1.1766551345902398	-4.462215624923906	-0.8375866983010759	1.142607762976383	-0.7658880432717413	-1.037096979139302	-0.04852454031772995	-1.261107027349841	2.1859219110165196	0.17910552233116367	1.196398827746127	-0.2065658051295379	1.202530820241184	-0.255383465958632	-0.692425176898626	0.8224737886690072	-1.5849595321173378	-0.11062691159257992	-0.12065688948219169	-0.2527488294918816	-0.6965220045811052	-0.2822764954682924	0.18089065658218503	0.670579539521914	0.8152926220773283	-0.6559836019382681	-1.0695145042634697	-0.5016006519336669	-0.4323683743104428	2.598737712236551	0.2753856789925518	-0.23794943786564932	1.6650891247035278	-0.5971467275969282	0.3454405845347276	1.1612131825379504	0.6396397834689015	-0.2250566183746717	-0.37213680259572574	-0.4553180068262092	1.0590492705080927	0.08994118212834532	-1.0050646641607062	0.1574057420511465	0.19098369137073387	0.02157675922151156	0.1505390591797023	-0.9652462959610878	-1.0406129860457018	0.1788025696660262	-0.6708448346838853	-1.0708555313577675	-0.7322173691420892	-1.164689059053305	1.2260732868286373	-0.7712584706198654	-0.40366634962997006	0.5717299354372116	-0.20517786189901796	0.7027326665282894	0.036264781494618925	0.1690531855172839	-0.4983643144207874	0.6386238199003403	0.03630413279254638	0.3920778763347303	0.43003789528185027	-0.7165499892257158	1.110862031840746	-0.44873296496541054	-0.17476448237392578	0.6493672748740871	0.034719149244111604	0.041620613877010104	0.592565794877412	-0.5250342193320708	0.7865053698140317	-0.09887512759079803	-0.6227438703450343	-0.8807684634601035	-0.45787068465104463	0.24298863212552788	0.21781129434152827	-0.5991233585497263	-0.573010088374319	-0.466263101906864	0.5071146745524889	-0.25430385123189664	-0.29597941445979353	0.29741286400382533	0.4581344163695254	-0.4171467256806469	-0.06456729694029398	-0.3573224779807259	-0.18514837209822085	-0.5346855347467477	-0.5777343140632751	0.2296455240933615	0.8887101474520965
DTXSID3040300	-5.421217367344682	-0.8202741732433664	3.82739475826855	-2.4310529794615565	-0.10001728885120173	0.556898442951974	-0.4958111301020067	-1.3999580065023867	-0.9103846351680066	1.2957258182622193	-1.3244238512478321	0.07333911305871271	2.0319651821234315	-0.28446296375274654	-0.39930887379447516	-0.12893851474847512	0.06490130899590027	0.15126156695383255	-0.2433327172975838	0.29202480894713345	-0.16387188349387471	-0.12219364049652268	-0.09996418410669695	-0.6110427719832956	0.2701447551128205	-0.11197253334580916	-0.2753344067191869	-0.10370084624238438	-0.5135885870952005	0.017277381422747012	0.21263125743423125	-0.028982734385933958	-0.29936015606857386	0.12437597818543537	-0.07096391112251721	0.8094815711275171	-0.010047725418276412	0.6421448561148982	-0.0472107928087134	-0.15325299124639138	0.48232648632256064	0.1927591872675938	-0.5401683607216644	-0.7007261876742186	-0.059575912593515544	-0.1272287188520169	-0.18385322800631873	-0.1367001520172645	0.07239307349797192	0.14087153156010584	0.11632990288684242	-0.3159704126472767	-0.3593176189740431	0.328662867624289	0.3780568110071694	-0.7917749958098652	0.2906069987369439	0.151444555035063	-0.9834424927971432	-0.4333292704256249	0.42998190926555707	-0.2850107522955647	0.129819601648923	0.16649079396527067	0.15265953932916207	0.691767061030528	0.6053624339399547	-0.2034368013999115	0.07129851537948033	-0.3340409210693229	-0.4314406327143591	0.06032047544428322	-0.1609267084205113	0.023773506325321162	0.2060179314769911	0.21883397538233	0.31245766589964663	-0.12224658519574942	-0.1867308429509091	0.27318630679219313	0.0770337012050736	0.013086914440910162	-0.024696389606461325	-0.2826753942678343	0.10708567102444982	0.05530522333805117	0.10092935539990276	0.2672344758228727	0.5010643236057648	0.4643485244689682	-0.025744047395193786	-0.14176097894208803	-0.5337475944052895	0.5963960748150087	-0.2757627567224755	0.4010320213816032	0.22953041106503483	0.12296748276572173	0.0776826542587022	0.09399960660463885
DTXSID7034672	-9.564643449304745	1.3420786904059157	-2.7394022526825563	-0.3090526707984139	0.06516938620515342	-0.6491911623224079	-0.9622522309092513	-0.19854077895897718	-2.399913724841381	2.4390951856593843	-1.4134013945009232	-0.012551131882005451	1.2261363709533246	0.043143633165088714	-0.3645084432628509	-0.7667303340582174	-0.6457255812994197	-0.12626710981726386	-0.20696287580635778	0.5914027808699721	-0.05949859470225776	-0.9514551479546031	-0.38515641052217564	-0.20030525722180298	-0.07085953522007281	0.22058579449941265	0.5620600010360152	0.1385959462167368	-0.09522421803209044	-0.5473524655792817	0.7637935060813692	0.5338719011527808	-0.5836936029612718	1.0753926858456582	0.6732839496355959	-0.013108641530734383	-0.46676030118238837	-0.04948728665449292	-0.07541617678464212	0.42090518040601366	0.19176274441156868	0.8479496815057782	-0.07291735984276083	-0.45282466858723036	0.5246414876017307	0.024431762082402532	-0.29550257141081593	-0.26476701602219815	-0.4038729863659245	-0.5905282865527547	0.6911172067181124	0.4851014685910701	-0.08615653011457466	-0.045579953780280215	0.5566899030527148	-0.23465708296331103	-0.23904165455417756	-0.25686050849988384	-0.8942232904287658	0.5806257365732224	-0.4151714942775294	-1.4841774869988407	-0.6712558340465853	0.30687766197015864	2.5659080358439263	-0.9011322819986315	-1.0608074236122673	-1.229964994639124	1.6221684974753943	0.3249239265635922	-1.7591701878169714	0.2797356985517449	0.621740304348081	0.34624818790737294	-1.6740601137776376	0.10242151495289795	-0.7963530380084686	-0.09941566620025183	1.0143612458773974	0.06463859551120381	-0.6391901239565477	-0.07059407597839086	-0.4765405140990426	-1.1434900850935723	1.263058612751913	-0.6806501195923249	0.4020122669045486	-0.07323450958500148	0.3842060283484054	0.5023063255229825	-1.0876629305885805	-0.504668152417582	0.0574774424553774	0.7908313113467861	0.31745005413824	-0.7122148894783998	-0.5198584405669883	0.6863862636044631	0.5902488049191776	0.010433540683730685
DTXSID1042491	-1.2977277105189005	2.5402627657054384	-3.010109262949168	-1.9063607111631067	4.6279252201343954	-0.05971433820723285	-0.09998265982902145	-0.19651739638303004	0.5031832913315387	0.42565235869821816	-0.029441684030667454	0.7291448213164473	-1.4602680338955594	-0.6998609501357108	-1.3399368259727515	-0.6654767411081218	-0.9068754238142269	-0.10482176589156163	-0.19071154504534776	-0.5968437387483868	-0.5956526855657974	-0.2748233019328758	-0.46503204246266855	0.05212618467282359	-0.16341769318529534	-0.031945943769520604	0.02174428884569343	1.0445243181537047	-0.3472853134410108	0.3382114470723843	-0.06638528412661683	-0.41393579860530594	0.0294198491650329	1.227713602114079	0.7809261698842231	0.5220740417005099	-0.40862850813939755	0.632667063446519	-0.5702267674509212	0.09062367735838701	0.31804373213526915	0.33739709532742596	-0.3275762332733585	-0.8232907295946872	0.4469978890616908	0.19415271771164283	-0.6005788231639877	0.2723622039866255	0.19063031560447785	-0.7404618365004063	0.42860910713627676	0.06304258689114092	0.16840956714153427	-1.0567758558010918	-0.44193286960314654	-0.19285008467329268	-0.039266823698137006	-0.9738450696868972	-0.9212886143802904	-0.5840335167598139	0.13311677436195526	-0.6902572925104418	-0.05918981382138064	-0.5932083650311236	0.5066639643288642	0.4086452116692585	0.15369007122149916	0.29948585623325047	-0.8846146387792766	1.3139691508241007	-0.580357990482969	-0.05680422789869798	0.2522235787419092	0.9607220452046364	0.40646979615897183	0.1805434111928358	0.5153348406584228	0.3065724817844658	0.00952983093546599	-0.09872577644054392	0.2672274252182841	0.8464141225666365	-1.1278805861269663	-0.633313628614544	0.11234677678695196	-0.2837686417849641	-0.36871563477612385	-0.11608993320240248	-0.3525019608768423	-0.10157343576116296	0.04605679867989629	0.46758671405850194	-0.3327343493758756	1.0443143638935481	-0.8069880005838883	-0.13365709685137261	-0.8669737407746616	-0.4936589777555155	-0.3693839731405266	-0.05044216624108683
DTXSID3046740	8.084739865031231	-6.48164001407422	-1.0034385918930986	-0.9598422362852517	-3.5770114108379025	1.4666071964016167	0.37900068121514796	-2.5496613023454504	1.3874087182884631	-2.432016755562215	0.0336526837366497	2.8263774158570962	-0.09568091522734858	-0.43707267176709846	-0.20234482432414364	-0.29866213547459536	0.0956343902057987	0.3342458703050042	0.8671147756534686	4.658674698548934	-0.82529276080503	2.142283340355642	-1.7077744064655709	-2.1058946376192424	4.1410216923518055	1.9101555442424634	0.20367477682863808	0.9578421996197118	-0.25600393731471854	-0.6015298468742916	-2.839048140172747	-3.1773100867551083	-1.482365830885839	-1.4183926664157822	1.2137943728080405	-3.1840143147404674	1.5062847151983494	0.18303815728673078	4.449824663151218	2.0546675559725163	-3.2601653540061646	1.221483906681131	-3.700743421889083	3.0311475285076797	1.232273932966155	6.070250779650522	0.04699562045908318	0.6996636760369276	0.7004934080788437	2.7634014401637	-0.056792400826439646	-0.9649445505049516	-1.434291536185654	-2.5163343992191933	-1.0432627509093382	0.8223397003737288	1.401404878809022	1.4601839288433918	-1.1022610120829788	1.0785146926353917	-1.4694475569196925	1.0382514050336178	1.4091287257471337	0.664368194423673	0.6091435993357045	-0.5879699999388878	-0.6605696532498689	0.30351861616832515	-0.15584802043255389	2.5861044293448394	0.333592280057895	0.3020405150833233	1.1739109854786542	-0.7555485320368088	-0.5896112552285065	-1.086020074283663	-0.6235607941578356	0.08619838215365816	1.025131919160852	-1.172418312658747	-1.2469119503745785	0.9063898069266743	1.2180542079196184	0.3734484105621338	-0.8639032433821293	-0.11095472917976215	-0.11907861587010884	1.2565752837204758	0.2127333230279265	0.5389325266908636	0.6263582874438229	-0.6191786419084486	0.37892008676024214	-0.008779393037112032	0.25104090101996146	-0.23586747808207853	0.470308557012103	-0.308744343077895	-0.9207037628067496	-0.11915620939242838
DTXSID9048647	15.592691023582203	-8.134147004038816	-11.949376600490966	13.001270432965137	11.17381297567801	2.2271112597700213	0.085326217777481	0.42252927133316426	-0.48707129862044884	-10.153972144089758	-5.326893252574627	-7.178225380692953	6.123244671266629	11.159598238428643	0.11773552298767748	-1.179597639841032	-1.6296235661431389	-4.3234298167867315	2.523402998985994	-0.09171591334551345	2.5476710833742344	-4.552832252963376	1.60864726146768	-2.367057721600467	-0.623049694949383	-3.7449394138480048	3.791750762360499	-0.4405720213723608	-0.7430505927210365	-3.756051988001233	2.5045707589889883	1.8051200520666693	-2.3120573364593535	3.0022888918524586	-1.5269501164103185	-1.0994428213224476	-0.2985676484926011	2.123703137479432	0.354768780271476	0.38286701227380965	2.4424882120531595	2.5318611951984327	-2.1145578233326816	-0.9424340833460184	3.0637574170203723	0.7061630328835878	-0.582502239832713	-0.9978136837346168	-1.2504735660224804	1.7777372452422324	0.06721834977829824	-0.5790710387591285	-1.5042296945595286	4.5778901759792525	-3.453969715696915	0.7422367442837787	-1.7232663067464167	1.9609090415977208	-1.033986197204118	-2.3217547910498837	-0.541603162092022	-2.5760430742830542	-2.0176788246686557	-2.520630371422714	1.8974760626377885	0.5285687313539508	-1.3617177140332204	1.6079679357823884	-2.517515641273482	0.012070572498046873	-1.8290043884979466	1.144171678488169	-3.475149178890218	-1.4534826596067363	-1.9196308214154472	0.1596201156000738	1.9941206207992874	-2.9403432453583283	0.008416540189758397	0.4502409853497535	-1.4907270721372643	2.1518528546224993	-1.2073525187803014	-2.174689052956048	1.0184802678239928	-0.4740605923299498	-0.3246406954150256	-1.7491573494735664	0.7825366691002346	1.2835017182009483	1.7491468020904437	0.27556811919918905	0.3706450720382461	0.43916306340500344	0.5337146467727604	-0.7159175302939627	-1.773522836221651	-2.6768709398106694	1.777174487517672	1.058162030543234
DTXSID5021093	1.4334442645943635	-1.3057421632932895	-0.3414757326917548	0.698579193852838	2.310475458903497	-1.050238455097398	-0.16274297617952013	0.8442241190735219	0.802007389499142	-0.6918947812280991	3.39436709697575	0.7009482326774301	0.7830407389299915	-0.570292948710569	0.6488129695303452	1.4656406309734866	0.9839001440741895	0.5745562722180074	0.3955258562053144	-2.368845494949524	-0.8439594769978483	-0.16767046121405296	-0.9053372800296986	0.5816382620692818	-1.0278039542850168	1.5148215600236075	-1.6390918380695747	-1.8723043397423897	-1.4378794622113868	1.9398462872107527	1.04173697474323	-0.7929709304556397	-1.3134732488813983	-0.5488185850291168	-0.477180613853512	1.79601584551481	0.6739076345592238	0.898618619373675	0.28038527930805757	-1.3087432806622743	1.2332112908746051	1.0201196022180505	-0.2497063092331939	-0.5924011522488358	-0.26630791278443694	0.4667175802822907	0.4445229867312465	1.2763098364720835	0.028271941400501006	-1.1953956260664247	-0.5040879710921248	0.1842194406189445	-1.0563485964393877	-0.044358980727586546	-0.058310056499471914	-0.09126900285810668	-0.49446440690382265	-1.8138155012166528	1.199670176979733	0.5089207077669619	-1.1467332072111918	-0.01177349192567016	0.9235024965902922	-1.0353615438871846	1.4248418738612474	-0.11558441188706876	-0.013122084096001302	-0.3437142402211051	0.09795360232776855	1.3347072398448097	-0.317682909680236	-0.5686590803003382	-0.7957455222282322	0.9971168532613512	-0.48743607117596405	1.166174400939126	-0.4972907030648423	-0.36104769084603566	-0.42294912633947834	0.2266757803269011	-0.6106715612600121	-0.9380436638795759	0.057704739495420494	-0.9120429994134442	-1.4819417243541588	-1.1939188283126811	-0.3345600707772053	0.5116070107425518	-0.8259249950337327	-0.2357450403433194	0.3252891657425906	-0.08155465579490376	0.23172072988482498	0.5559743635638634	-0.4986188588177667	-1.151852415830501	-0.452052578059568	0.09170052256743741	0.9244813459497648	1.2978756555579045
DTXSID1044938	-0.7932232677542335	-0.09015325653114993	-5.096357857720854	3.113910654598605	0.255309284992783	1.8827811005963657	0.25384242145646985	-2.4463284532730984	1.402397864393985	-0.1463024100932913	-0.670518115045055	-1.0656529236843089	0.23634153255205415	-0.20406452234514008	-1.5303049690231163	-1.172631793244443	-1.8210282654427776	1.6675519902946843	-2.121155216799051	0.1360498235164521	-0.8879817762152661	-1.0337614028736786	-0.8279017451044333	-1.6911037141941558	1.7613111921053062	-0.992601179285358	0.37895850959816973	-0.297309097333066	0.2968278421227044	-0.910238900127043	0.20069701470457063	-0.13453491299605938	-0.3268944170297725	1.0856305252114864	1.1728783771224078	-0.5465464600935892	0.6562054570578228	1.4681499498877844	-1.9052384669665459	0.2867066079396002	0.24231618888862674	0.9667991716862231	-0.03235855528634608	-1.0104824668859336	0.38118711792469023	0.3328398223081396	-0.39417142645443	-0.8253569909974827	0.2916525122478223	-0.16125985758378422	-0.1911042231820232	-0.6305987355215902	1.2742757008629153	-0.4994512064683449	1.1224166540020568	-0.4890404904537225	-0.2642668978062934	1.3207253381832238	-2.040230524441721	-0.04552908793540525	-0.46823334596872884	-0.31829205584044373	-1.5493063515534848	0.36533968628622165	-0.6568509179978582	-1.0293531911910472	0.8015313236284209	0.36346070049438284	1.1882701948384626	1.7696750686579685	-0.513108349148205	-1.2233163481284621	1.0603833577829707	1.1221142587373867	-0.3621426017750129	0.6725844123615944	-0.06552814716717717	0.6163727052519633	2.1026403814751635	1.2803206741371058	-0.7676458545049721	0.026704724512087687	-2.192926923068785	0.13341899322306588	0.21517384690086555	1.2702166673058475	1.2461023011861199	0.588120439435191	-1.5914164364796768	1.2143066431755982	-0.2292682305564745	0.42525149096641557	-0.19019608508627736	1.1053458903161146	-0.22277709318641906	0.56128606517383	-0.6073753183384984	0.3475941478438441	-0.31075231265650377	-0.04205427432044497
DTXSID9051618	-6.614987334542539	1.4622075171811597	0.056419633931878134	-0.26976743872439735	-0.010219853167763337	1.5084809209777588	1.047011217066228	0.5722016011914957	0.45418118175550115	0.0673114447316477	-0.6984374490213853	0.6516353682526014	2.0986954067686563	-0.08709114134746669	0.7065553458884279	-1.522467857776587	-0.09516125045830896	-1.0133927639127354	0.41439271032426184	-0.18476188082399206	0.09419679776048223	-0.2167193454194845	0.13109746083644347	0.37252581242433636	-0.3776787919227835	0.503781775137703	0.9866568602014221	0.18660718221823083	-0.13109096817644666	-0.42127506844100937	0.03399743445507925	0.020459638876270468	-0.5414616819898335	0.67636876393763	-0.15912951005470072	-0.12568736918070408	-0.8909115523411094	-0.2903255482873072	0.18440519946544195	0.20081676080315342	-0.044387296657766445	0.0317620864089727	-0.2253021962685643	0.6274387925658164	1.0870058554512871	0.5961454456807228	-0.14843093568633017	0.018409623120582513	0.04890864524455932	0.039096715115660756	0.6078338962081421	0.7493452519237083	0.4109857046239003	0.23404641775677337	0.272018029810723	0.17410112468737787	-0.638198060631398	0.0017937125300849976	0.9339244448651032	0.3686466353087913	-0.3853985104895641	-0.012603175092681688	0.3970125741262133	0.2228360238523624	0.9815245555735773	-0.326022188331204	0.09808347007586812	-0.5187477691942819	0.08379993098149344	-0.24385278660286788	0.07631834606629129	-0.21334887254298318	0.9291308154447171	0.32531750958929123	0.3341537509783202	-0.320199976182862	0.3783146626695331	0.859278697852017	-0.41820290281457356	0.11693273108021905	-0.3667967935142802	-0.5049547506257398	0.7616567377099913	0.3467692137440383	0.004151093230032334	-0.15996548500214441	-0.23718264104755793	0.11915363224797623	-0.0048891193993150514	0.3269574018648178	0.1966984261186658	-0.1552488296635191	0.02993661063274092	0.4117904271658918	-0.07858244877252603	0.24799055146244287	-0.3145895508466441	-0.2594455322404702	0.3705594760429127	0.22613583418019143
DTXSID6043913	1.4979282637983118	-4.01456438793816	-2.4161227210510186	3.2208347656019134	-2.560896936807129	0.05543188841726679	4.140189019818804	1.1917920189267726	1.6409248810179011	-0.3683264555170191	-0.28313965439144473	1.8205593230751753	2.518071848395905	-1.9915992895406998	1.787609294065614	-0.6410332853821133	0.06386844655409138	1.859038500574839	2.3231804687386313	1.2674478103892854	2.428384978259208	0.14973280079743814	0.11500792700400267	-1.668420773744894	0.42895504382436883	-0.724107904443738	-1.3070230192558	0.3614778939714663	1.0371139428945122	-1.2208091530532765	-0.01852897467821593	0.9336543591966199	-0.5131138572047315	-0.5938300367012845	-0.26239743162570106	0.4086254216978354	0.4511742420052771	1.1541119353519518	-0.26294958409313446	-1.907531542139365	1.099781554039654	-0.49466125239615133	0.17746972360791655	-0.38073493909907363	0.43041108908475373	0.20988932049505676	1.309630982900868	-0.014004014690252725	0.40919721909949736	2.653438242206948	-0.9040630639608905	0.6897310786398696	1.6125595067596283	0.30084218726129325	3.833187048553203	1.6142090448963204	0.11173244355883714	-1.677411476923792	0.13300796432631848	3.5317198181861924	0.13040878682115628	2.356462508523586	0.11282387890279365	3.785091552367885	1.4090812649423492	2.8838798585631795	-2.2160835757073083	5.706703903008382	0.5885496790871848	3.01506894158793	1.5245852691608979	-0.32508545717107595	-0.5381009850852915	0.9283589508668381	-0.1508301591701622	3.4593875541134342	0.17481467454077723	0.23582077717824304	0.14096956444306522	2.135305912576512	-2.28944324213602	-1.208525746203233	-3.62866753344573	1.0303630681476283	2.4963421029695856	-2.999567567443696	2.6015650702810147	1.7511982520596754	-0.15608918823288304	0.055297456644713736	-0.4134606982496284	1.6501984802778347	-0.14223479089411067	-0.871366985114691	0.020353962824414627	0.23305355479297296	-0.4845971646289957	-1.027570390536058	1.3336689539743583	1.5750442799569042
DTXSID4031566	2.029196152677585	1.232600474547564	-1.1461371545174037	-1.5712191432161244	-0.9550852227263279	4.596841564733065	3.727609541818386	1.1494440483130428	-1.9344082151499558	-0.056103579901218184	-0.445555740700783	-1.7813029545200882	0.6227022019873383	0.5519972616950998	0.3405372197228328	1.9491767147811954	-2.4220437065092018	-1.9442432284711086	-0.33205182586575105	-2.250003110631282	-2.973253300982165	-0.6651252049929547	-0.36654322898548924	2.8490230100715794	-1.5137602108576813	-0.05144351113091359	-0.06394555776492736	-0.7030291509855029	-3.02628109243222	-2.3695377573782315	0.6770405785545281	3.258191580519184	-0.3128067884837643	-0.9777940061492093	-3.0534059196000736	-0.41918913748644976	1.4151362891093011	0.5225543864320654	-0.3345750033344633	-0.11437165436690695	0.23152908926360302	-0.3012621543753796	-1.0226613334415118	1.229479618895403	2.368766818966554	1.9755199314168739	1.7220541569623171	-0.7072156803513755	-0.01206322576303405	-0.5928843499276547	-0.9604390694545567	0.17648894787036937	-0.5031417328235614	3.3842213000666033	-1.5053153504911105	-0.34079019207656147	-1.1396353124458838	0.37030822861940016	0.5993965124932735	-0.24588131955666473	-0.06383485489245208	0.7791306037280332	-0.15801043855711586	-0.28675319720792963	1.349152869234188	0.419908658617212	-2.30198152027469	-0.016602828937410698	-0.9564179442129828	1.118246172008818	1.1638212708487754	0.7989110300010118	-1.598459141643603	0.3765072289181765	-1.1510977911252696	1.8247519339792384	-0.3209408825756998	-1.5004375944808501	1.6361608713145084	0.9845839156113179	0.6874996764031378	1.4309470332175913	0.8154306588043435	-0.007783821724463171	-0.8087556231163366	1.4177575835731937	-0.4084729573898374	0.6266008723030151	-0.30385391901042297	0.004261940003753697	-0.5823508046552672	-0.9095037287799892	-0.05132073577915519	-1.4661445007340952	0.9061870665198125	0.33067098834399083	0.42700113320787103	0.06506309387242928	-1.196491945648265	-0.30847460509522384
DTXSID6032722	-7.751300443440412	0.560929881356884	-4.0502898952069195	2.0811359838821777	-1.3450770565027037	-2.1650144234204687	1.4413935880740436	2.343953684739411	1.015141331454496	-2.193900272967704	0.039043151223817844	-0.03914281773870709	3.7672671888247837	-1.6559475475503584	0.45138319562788065	1.168796792876369	0.06931182034744984	-1.1736982408987469	2.4966694082803835	1.9433193786780478	-1.0899572820285859	0.9211524466937048	-0.796533046210662	-1.0686551442592203	0.9988685122150184	-0.962182621643425	1.7577847546347285	-0.23441320725537898	0.8010080547315513	-1.8017417003323095	0.4909567077335025	0.8890587757540065	-0.7687523203569582	-0.735561680717341	0.22428614648933048	0.7805864574246246	-0.29825059152445316	-0.06413276542127745	-0.049446437474135005	-1.4783126814530385	-0.15383407698124135	0.236516905922497	0.2076738293280333	0.7192933107672259	0.25057667697697533	-0.43100925529589923	0.9262696606043473	0.406262119119963	-0.41844629437203207	0.05359439589634545	-0.025758246729224644	0.1361529159148279	0.4463762464677406	0.25016604107266993	0.5081578647535642	1.0946676710475371	0.4996927823277117	-0.7895456016918019	-1.0586015829758078	-0.01843449114306136	0.6188374111150976	0.2172932715798731	-0.8986734810236474	-0.34418789388730076	0.0681247222577891	-1.8264626040952274	-0.4421357667844455	-0.5904400392679043	-0.999233827431217	0.8808367898901704	-0.11802039590627854	-0.12117484462042695	-0.3164993082155856	-0.26420076104615464	-0.5266574577006872	0.023094003149261126	2.0312341060409635	-1.8232188045228948	-0.6669284648752589	0.186310618141707	-0.8962469416934823	-1.7882548732467534	-0.9678381015891977	-0.5189860264646269	0.8241041341139728	0.6178350965755436	-0.5344724694202622	-0.44479645585194516	0.8031897385091978	0.49110429840456904	0.9395750541063927	0.35207325680837437	-0.5947570860301237	-0.14316846869657296	-0.15079714286524928	0.35404459542490085	0.47568498971816375	-1.2917703277813866	0.8744219500757374	-0.28833086386507223
DTXSID7049051	16.384622416254324	-8.483273587004048	-1.9126378628506544	-0.7924900020716255	1.9909100206506258	-1.9328715671840424	7.052158448658067	7.535320822627722	-0.15907696038017033	6.615026796406428	-0.2580624784961602	4.700591360373012	1.0095591828648143	2.6043340588360158	4.05340609778241	0.6192336085364046	1.5333905841769815	-2.5648233870625603	1.5582158354907323	-4.808891693794086	3.460295193327806	0.1746936180291056	2.0514651909293287	-2.4473354127493683	1.3671064936629218	2.4225151412368575	2.556217343548274	0.9395179628634128	-1.512504007532169	1.0793437095873526	-0.5265441490064101	1.3080275523898486	1.837624056309375	1.125728713481996	1.3344462860628226	0.08751699856460576	-2.7790586899944425	-0.23573205588117502	-0.7204462684535838	-0.5190916315864827	1.7552688200293152	-0.2669937186921132	-1.1457321671946965	0.4535280625521634	1.1809782538956335	3.27536833931569	-2.259857360265649	1.7197965698742028	0.4757095127307166	-1.868703945338043	2.0362352012617326	-2.6141024504916284	-3.9165565599634515	-1.0794394702116898	-3.4798660074116037	-0.2931568977626211	2.2940446640716936	0.4883311070253745	0.9546558802130632	0.06972272905128063	-1.0938201031121422	-0.9089427922567831	-0.3921282382334956	-0.505596140393836	2.3872657122604704	-1.9039394417190252	-1.012292695915198	-0.5223165805682052	-2.710724212077136	2.065526134581728	-0.5242503608150183	-0.23168961633148755	-0.09075840900008247	-0.5793627015107284	-0.10989098599509646	-1.80044883769783	-2.2333973903963504	1.5799065274429152	1.4657810426407039	-1.0533186411677935	2.0500001667339602	-1.641607812204589	1.0815292318318948	-2.7871086549493422	-2.4954583231002427	1.3355613583678974	-0.46794074982700984	-1.131980399819819	-0.13266415236097415	-0.6777866689049075	2.79051210035177	-1.250260540542725	1.5637112921720342	-1.7557655141723338	0.32101598884418014	2.6820531296464196	-0.09427463969922817	-1.060371388586676	-0.18048353758616184	2.6272682000007266
DTXSID6027636	-5.991092385649998	3.9605392983681633	-1.8872989145861996	-0.943484167543957	2.075844534743195	0.13593068735504923	0.7430470361384113	-0.8929478675134231	0.19188985474860545	-0.3384720620514063	0.5315076584549621	1.602770638588202	-0.3851941019322646	0.24635747265621638	-0.14688818244554605	-0.09144157599175812	-0.45954335113509803	0.5746839736121162	-0.3679883707771457	0.7264123087955361	-0.8196312492381732	-0.41966690734806805	0.15091697015570182	-0.08792839477341433	-1.3617257030700838	-0.13604013113143268	0.3534288604881537	-0.951246899153377	-0.45442763041563766	-0.15333442667220834	1.1420546260226356	0.07649342414821467	-0.9010948495300535	0.13597945940235953	0.5848491855570238	0.33267055688459307	0.539227578968978	0.1624393726826919	0.2174798962805502	-0.5046584597680297	-0.29672581035637935	-0.5044545941770773	0.1922235608826692	-0.5555290555804762	0.6387987393943361	-0.5458607202662809	-0.6036736054014615	0.981893073827732	0.2006430555087539	-1.0281718009178915	-0.12458861175039512	0.1629756422795555	-0.09650689181220055	-1.160226649738737	-0.8558214716286278	0.5459231835287145	0.44132578595206245	-0.15981287639594946	-0.2504270638120837	-0.8312227823595797	-0.7045378429518251	-0.19026856535531295	-0.37824044364422754	0.8317799886017044	1.2329670072641254	0.1767779284963578	0.3629713209525962	-0.17576456698987042	-0.07815024541085323	1.3810233801439564	-0.26476266338265453	-0.8262098028491879	0.2688246866529412	-0.43263234711842996	-0.06866563318429446	0.02507628291588982	-0.0494890254286963	0.13127343646534378	0.5558577794447925	-0.08736383875805057	0.12160481746202223	0.21965562322368487	0.5713354429281812	-0.35430641103285654	0.7121528507695546	0.0408337501224693	0.4097624796732259	0.2624142399366296	-0.7156073917958978	-0.3805098187329888	-0.628064962284783	0.23801733991037669	-0.02350699567806206	0.14936111812580966	-0.4739727643786481	0.5423455147413205	0.21021276230422423	-0.03940957772367123	0.06195545657459353	-0.1199533033254875
DTXSID0022727	16.319645733218547	7.142312698701459	5.574132107625387	-5.5270246411484605	6.417849720505547	3.823880460139582	-3.5142996522508367	-3.0240672599025937	1.4660532133264237	-1.6281343778864101	-2.223221575893105	0.2715358534015312	3.69197686485768	2.346815832309084	0.33276694031134213	0.37407359504251964	-2.690983416192772	5.893286444285548	-2.8402739312184817	0.2291300557037787	-0.30429101359925836	-2.8675123720375946	-5.148996378139941	-0.5196455551603297	0.11587067289896112	2.696009724929236	4.421141071245007	2.301470773732379	1.1401609062779166	8.155158497391596	1.8957566685711928	7.426217234033459	-0.5026847341851168	-3.3940062162722593	2.0167921290345396	-2.428070107388517	-2.425733612695952	-5.336227038648353	0.015407076428151931	0.9111279018210954	-1.1481672728459467	0.6240037002688249	2.123709860381228	0.7577061810638795	-0.5743566594955357	0.16522067617118052	4.65105893166838	1.404839896185025	-4.824895071852004	-2.9542579013647665	2.2687268355687844	-1.049089741191871	-1.3756417276708615	-5.6393978875840745	4.65354504263199	-5.191309927009517	-0.5908178408696089	3.754627683350044	1.52833545215973	3.8830645636304046	5.306601116622774	-0.21125017680922317	0.5387208281421214	-1.4086673411596502	-0.7731953736989322	-0.13469515694040865	1.0742342964309117	-0.39917553817538715	0.2914572612099957	0.30213089212942124	2.8420266776872745	-0.3401201960329772	-0.8331152077438008	-0.6103462182537319	2.3157182857215988	0.015572266180101706	-2.1369724431358263	-0.14719851092432232	2.7873992845116975	0.5330218447591626	-0.20740127931167116	-1.3600630946222174	-2.4281534333151615	0.41941658530874315	3.620122030363789	-0.3761234782816931	-2.81109954805485	0.21604044005526954	0.5591314753812425	-2.8409918531153924	1.4422881772564315	-0.780389708909302	-0.8159664317279549	-0.07723036285346215	1.431384568424731	-1.0584152509541098	0.15829635522698812	0.9089174722897254	0.6836590316839121	-0.9253073730944613
DTXSID2033493	-4.209352757388201	3.075298727801026	-4.0030371459646545	2.8889800263672583	-0.6676168256922896	0.3306295769735856	0.431086048793865	-2.7384344933697315	1.6643685147390732	-0.4340654811300612	1.6734777581692235	1.1875870275366207	2.679441505606491	1.496929023209992	-0.6337816839444933	-0.31444567512411326	-0.16567007754376437	1.243249230902529	-1.1753803178928015	0.3484854161031798	-1.1190200457231683	0.13094589553505984	-0.3464101147011885	-0.36300658303106775	0.3921940899076463	-0.7489005067684092	0.627620192077891	0.09625285712652232	-0.07658135268719153	-0.9809814903563054	0.4148723062862708	0.21747141520742833	-0.19487953503110067	0.4924016136513819	-0.08957578394669778	-0.5137982690652106	1.127955763660003	-0.21770415187545655	-0.09018980931344205	1.1964238771228668	-0.007526099446817965	-0.06697236064677169	-0.028108389321099103	-0.39356144239476487	0.2363392673039369	-0.7989648752241176	-0.470788884697161	0.0028041525233467963	-1.0372422213600172	-1.138134409034021	-0.7307324814179188	1.347392299041984	0.6782520080794952	-0.7694256150957097	-1.1893136826124713	0.1644062270831747	0.18397995757031632	0.1709666237494173	-1.0506704621302903	0.4416723610800216	-0.5444837765387988	0.7677480719943413	0.8909685256093632	-0.09254431743367279	0.2251876604456403	-0.7997859976679917	-0.5811067926655479	0.5481529836942886	0.6151428849330732	0.2681991425636268	-0.3439718141556251	0.10446244608401477	0.0037274770918221223	-0.6376968658280897	0.661034921276892	0.04501961931455426	-0.16801751271904536	0.6451921647414955	0.3402724552544964	-0.2945738397706476	0.49353325115245106	-0.18941385292100674	0.2232347946897942	-0.21684886461339614	0.05073217816158654	0.23603606193201643	-0.4149756012453123	-0.027005268940999493	-0.13536856367416075	0.06627312477138536	0.18876096707334786	0.02698636318086991	-0.544769639207297	-0.22498790362208396	-0.8738819349665513	0.09178743457880785	0.35391987783073225	0.1254529635109018	-0.19478069500162185	-0.38897096925628827
DTXSID5042297	2.8209846434667902	-1.2729999293526448	-4.282908914374728	-2.6412483841036565	1.1732684887653675	-1.2687711807815478	1.8919193427806331	3.751134140937254	2.217503118447868	-1.4296618110575405	1.1064842009452123	0.14894621352140572	-1.1875262962467363	-0.5276061069438223	-1.8330677045308184	-1.2095107324063512	-0.677122015878908	-0.6097335742385582	-0.6610242748378418	-0.782079722364894	0.16282517050626727	-1.3889193892256966	-0.8224997339621389	-0.119592482166121	-0.828609998567721	-0.4385157440627814	1.8041292542948566	1.1618927052268186	-0.5353920167403045	-0.4426383812219963	-0.11769911348290601	-0.0757895074282415	0.18841890850540535	1.264579384712942	0.12046047203479411	0.1944330821093034	-0.47950980443809715	0.4003428697392326	-0.5506691002701056	0.21781888241584066	-0.4510913194740354	0.5978930923338381	0.03540265444404613	-0.468800567063534	0.48177139488193216	1.142114501015846	-0.6046153886491235	-0.5212489374011563	0.4691653733859024	-0.7673847909248509	0.7180920367897481	0.3406902834013571	-0.07664978276647164	-0.8719240761643452	-0.12568499053348073	-0.04077943413937678	-0.5049182153669887	-0.6739288751489083	0.7478667283670899	-0.3484505222020417	1.4095650036607237	-0.7096654192348145	-0.2610133729047364	-0.8660237189880761	0.8084578364101697	-0.1368078763069147	-0.19426177881106846	0.5116971188538704	0.30399269246839966	0.33140059397103383	-0.7152810517177677	0.002859159122005721	0.3626766089314251	0.6678900049510118	0.7190100393045987	-0.6737893346618725	0.3847899715536738	0.2580429929585758	0.10790706489725321	0.6326593972640209	-0.40898806850340275	-0.2284025758927523	-0.14311503607184226	0.3980883825143885	0.08145040860600729	0.84077759278219	0.1017817836449924	-0.47584640811667783	1.2120567144399332	-0.047492331376421844	0.04397824463746509	0.4325712240571088	0.15628643957621718	0.10455808151108345	0.2964720292569348	-0.038639007858855906	-0.7390924913531574	0.06291850720418471	-0.18825177291700665	-0.019153970651667927
DTXSID1022421	-0.598695005297407	-1.1925118398058325	-1.3651704307885137	0.05390400849084749	-2.62669021346078	-0.655553004780284	2.4881374103185645	2.935330567287745	-0.22746338624750154	-3.3327393442415447	0.6679273521914733	-0.16408195972186151	0.7704845571506859	-0.8246034384128109	3.951196556332782	-1.4953334688896136	1.633471036306349	3.939982069276802	3.08232413926802	-1.1029554982580734	-5.752891153260785	-6.786402464218102	6.746952966241567	3.675094095732289	6.19579678655846	-1.0687336774670286	-0.06460942849941162	1.37796951424115	-1.310398394834362	1.3148255009575782	-0.0829846281515379	-0.29162558452335563	0.7734588580259665	-0.09414499178507814	-0.14774067837736843	-0.9453625982079542	-0.38342238960515057	0.35924732128426107	0.43579977917322427	0.6337732213985605	0.8943684242044811	0.4574030173421266	-1.0064893909959887	0.7144875273875961	-0.3955951001391402	-1.1083316285802292	-1.0130814245515067	-0.29271548203751613	0.6266123578663009	0.38354009863284577	-0.03706138354254181	0.3097777081443345	-1.9486426721729415	-0.018289768107559546	0.05237399494188426	-0.9086669075987994	-0.3927678597992941	-0.05195873319488063	-0.031024308994730323	-0.8779501038544925	0.4247496184192688	-0.8191638908750525	0.14983621836183633	0.4882974398200352	-0.5539282335614191	0.3257554446171762	0.5834043763796563	-0.025061574076762738	0.5198710924345378	-0.27036191074265015	0.20912910927732573	-0.1494794101552256	-0.15610234332621548	0.5729666552577994	0.9928215122869112	0.06364656054753534	-0.12781606346873073	-0.2018709880056603	-0.12252155578826607	-0.25963857442259497	0.17021637816904253	0.2575753269766311	-0.9973714567456501	-0.5428506425173735	0.8774235968282815	-0.013803699730546242	0.2657336614091711	-0.5538771314113186	0.3372072262851395	-0.8691767910617593	-0.01667064012502302	0.7581671162926717	0.5424217760919147	0.15568952060909783	-1.0573077536826938	-0.3302571454779885	-0.14333964077685438	0.1922902547949317	0.05605745523447706	0.4246463101952628
DTXSID0020361	-6.508614930851259	4.469366852506168	-2.0271849549647327	1.6552137716474211	2.6353661747345227	0.5421609364127405	-0.7699611467077946	0.847405584515002	-0.7778508395284329	-0.26733498583922477	-1.072618674637711	1.5467048122511566	0.1921398806090305	-0.9291560071128927	0.7899073502888653	1.4353687973689557	1.7484349701095743	-1.9592525181208928	0.8238934053969686	0.1452376189399276	0.06888196841274934	0.8230519535261005	1.6486663379982318	0.5814079309659953	0.6676401179229056	-0.7446897001783711	2.991555208049324	-2.332330323192809	3.458138668768193	-0.07640560108137895	-1.4435334257880719	1.0693744974514794	-2.0263265144730096	-0.5177046403886431	-2.031173365369637	0.47756075421901517	1.4212157780093313	0.03349852918912113	0.9153854561447106	-0.16560630438663185	-0.39477764273318405	1.4355395240679358	0.677848069294371	0.8519563642454477	0.7382588465765033	-0.11249627627150376	-0.07237835156292895	0.12576407426895547	0.39394690007076905	-0.15715087421532142	-0.45122699615024275	0.16619178256943629	0.18093514524505183	2.572241722426928	0.19071587582396887	2.1524149696770674	0.8792670063100269	-1.9195294041484552	-2.262683270964941	1.715061048395502	1.2920573971893372	-1.9721952967498195	0.5656066468074921	1.9327519189990388	-2.154411285397563	0.054148871813657004	2.4501641139708017	-0.07758141708667336	2.3505959827304412	2.73893073966038	-1.5115010823796933	1.2885641879387435	-0.1635528196917319	-0.7256386108940872	-0.6042296258547413	-0.2192010666400427	-0.5713142215727439	-0.8882236780527287	0.460618074827991	0.30491028945268456	1.3232193662583376	-0.2843240811471406	0.2285944268682427	-1.0409897314641183	0.22609557477551226	-0.010218578136729972	-0.49750331692175587	0.5403980685590525	0.015521777402182465	0.12615866775448342	0.8981813416687912	1.5266874324139807	-0.8800254794426194	0.31995161312373216	0.022799148495975124	0.6403686830473926	-0.2844869439467508	0.18759228443864379	-0.8788045294801525	-0.30448118254716977
DTXSID3057773	0.5045182825657387	-4.321144310803618	-0.22608450369643865	-2.614408841436386	-3.96862422159976	-2.426676353997692	2.070836580031972	4.557352684457384	1.14150347290363	-3.241700698555022	-1.397683466118436	0.7000234148118821	2.4964854659512277	-0.1595628302006786	-2.9396088668335567	0.9093042797771042	1.8659868977640994	1.1004905668848974	1.6376774129316005	3.322456799027683	-0.37908122430863306	1.952533015049286	-1.1141582034458828	-1.3840344418605786	1.4750330948052566	0.21936266298518545	-0.4924515112426742	-0.8837982768537108	1.0304622765378915	1.8253931243018455	-2.858088512627499	2.118617530924454	1.111265440119858	4.674470241194614	1.3870119594029278	-1.8427681745962885	-4.735017406131833	5.028165526700894	0.06776324946015169	-3.9870971705466465	-5.214904703796955	3.6390727165229273	6.484321079933281	7.556084357618019	-1.4828607174850001	-5.096295804850958	-1.0275871977097575	-2.2026785679192438	0.12455565158245795	-1.5690932041037244	-1.1480750867798661	1.1502814393701648	1.8227096420237814	-0.5866408657475932	-2.1638272818635884	-0.34543888328342887	-0.9808047462137537	-1.4624164278284957	2.186933953716746	1.7937694173621255	-1.7093356869165273	0.21305836374707268	-0.35107211820305695	-0.9020623371242712	0.08665863855924837	1.3948620011512263	-1.2794230030326081	1.3623510124229632	-1.6121721454950526	1.4821059630216746	-1.6945300732198034	0.23908176937242331	-2.018295941979529	-1.437026050447826	-0.2541556859457374	0.5303980883762013	-1.285827812764553	-0.09529794012823554	1.713841280351776	-0.2718248414888101	-0.775008174048732	1.8965178786260513	0.7455433302214989	0.5265107118313954	-3.0150227773452287	0.083801735489283	-0.970624060045821	-0.11919723111361019	-0.8735310968667518	-0.5058799211342841	-0.5734246767543233	-0.12856170431724648	0.9199649286662481	-1.318630048546618	0.7512832596766501	-0.34272007703319507	1.118328220367671	0.19378432261138404	0.15325767686211164	-0.4171124730937392
DTXSID7047271	15.356907943286174	-4.078729242232324	-1.3135772496596558	-1.0310513866529534	-0.03372739101874347	2.4908719710585774	7.558504757065807	5.276651251310012	-0.29448733818853956	3.2710898112097206	-3.5696302875208956	1.787008741056117	-0.24647313786347785	-2.5191864183385184	0.6319875319698554	-2.87334493555916	-4.195157583732918	0.7710012001277782	1.5694919565888477	0.808497482091056	0.879061309446352	-1.582058894841812	-1.0749556364551516	-1.4631503119890188	0.48985560504562103	-0.03995347938852625	1.6431255660371538	1.2535347319511936	0.4336532747227495	0.7359105856436992	-0.08345725596378165	-0.2990254084612355	0.4457308891483801	0.9920810137116929	0.15383271587790898	-0.4150153332417015	0.4971604441656816	1.0270268992231613	-0.9015849743519808	1.087442650980503	-0.8082920198045112	-0.47280471212141983	0.1951972754560993	-0.14579530095751206	0.3298972168817014	1.18569443936065	0.24640884264476307	-1.4954478361470827	1.1228275540640162	0.27648558289802855	-0.4339130773028476	-1.218415146064908	0.9512749035092778	-0.8156534731085106	0.9183830968682206	0.327552780133829	-0.39286238142562646	-1.1702890316611636	0.5786482839119048	0.004620454268066291	0.5523170610536506	-0.8277396499294466	0.015668726611670698	-1.5934166433578605	0.5615419637752325	-4.287517448140065	1.2948106569543385	-0.4193444162591672	0.599553349560744	-0.08412386611734875	0.4757807560903156	-2.0041786775691075	0.5569282146448999	0.07326422359451604	-0.18392913769417238	-0.7427379413434941	-0.8842169684797039	2.0942442579728513	1.1658549345187141	-1.341384989207746	2.763167883051445	-1.610609358886704	0.37024767304890627	-3.8253088663287027	-1.457778342979527	1.7144528017065903	-0.769096335339262	-1.4940997486522631	0.4046643792718699	0.5480015520516578	1.3871144327477658	-2.0884370631017943	1.0494347791507792	-0.1532982574465863	0.21685110727398357	2.8796150395753584	-2.12422903822239	0.6671240511041916	-0.9546618302856695	2.138321368278074
DTXSID1045118	1.8285420947938265	-3.767103993359826	3.888111905844548	-0.8225113862554693	0.916448731367412	-1.4190942145074696	0.8922125588607462	-0.14237020266390552	1.0492120019301576	-3.573288268934588	-1.1678137401497983	-3.021444420678282	1.9823082400301002	3.3899257212768976	-2.449072196268434	-2.7257347358136834	-0.46246698652203455	-0.42041910954065737	1.8423246419135897	0.4062122310376658	-0.028966619613046078	-0.2068578391704644	1.0653087318620933	-2.6466001086789	1.1712519719351158	-0.9969261231570026	1.0581637758736675	2.2869893514830357	-0.7039869649126468	1.927724176578465	-1.018026424331018	-3.462939528816547	3.8353059598752903	-2.6942010625417843	-3.0175200356452803	5.650562719929666	1.7578723109689398	3.8979983091040387	-5.296560291333657	-0.28150296840706734	-5.469598064135828	0.36476271253271747	3.2908909375285793	-0.5784337358038188	7.239209783781401	-0.9784776968889214	1.3857639019863845	5.271918007246267	-5.806735989517388	2.605548353058551	-1.0744429357577168	0.8426074978525461	-5.094867446157049	2.0816773310185783	0.053001129612479936	-1.0812740813384603	0.7907717027772504	0.882874784478994	-2.418545882900898	0.11203495250169163	-1.3895092075261604	-1.7639104929873048	-0.2740748941735983	0.47173883868160377	0.8340208614866996	1.9612832580616761	0.7565374042557979	-0.12679970786208533	1.0334685981515401	-2.08907924752587	-0.024690982513104424	-1.905075174033476	0.20689633449555933	-0.4157676995254518	-0.6528605593474223	1.4059323556444387	-0.09781044848078398	-0.2453312355199358	-0.5932214177253492	-0.48807985088062905	0.6227642248748916	-0.06846683246678295	0.11583838136030065	-0.5075786065036008	0.22357254284487713	-0.6132566749750902	0.23729453725755276	0.8768841833344551	0.7519021600930639	2.3771734669638422	0.30330850282538785	-0.1386387439141822	-0.45418424057007534	0.8552348000885749	1.1072765855096443	0.3861676777718621	-0.3344479745367273	0.32521606674308345	0.9445615583637049	0.5117195930077999
DTXSID0049232	0.2709466352320445	-1.5767900068923426	-3.991377004922048	-1.7593393064157106	-0.8459305583290019	-2.7609143380740346	-0.4852013843152687	-0.844101611285831	1.7491656979119765	-4.439790077477758	-1.7951547828978582	3.3240477587443538	0.08862131525833448	-3.1004019695080167	-0.8225174901622218	-1.0251714985428322	-1.2652548632575897	-0.8989765089519768	0.8686793991166062	3.5707484174325104	-0.7384949197044209	1.35087989773839	-1.649114015485222	-1.1439813769190421	0.2619112427510471	1.466068203378369	-0.6640328633262976	-1.5610493834625288	-0.018162483430319246	1.037158454339789	-1.000707969819412	2.6982149197098955	0.9297544021171115	4.79069255618763	1.1890927611328048	-1.5929609798454722	-4.185724250117316	6.946980630201969	0.3024255121079006	-3.1868410473453674	-5.650052242592994	5.140253109598555	5.708116503116191	8.051639229709663	-0.6488495742856817	-4.715889037641552	-1.713136920947334	-2.6893805561664186	1.782508073625525	-1.7430692742176537	-1.747391931187013	1.4653296173489445	-0.02526193882422295	-0.3271560739152025	-2.1123616451921197	-0.948932703835785	-0.955918988562351	-0.9446962862922443	1.2479874727779598	1.276937453061576	-0.1696652187831584	1.1079993861897153	0.46331708939654853	-1.1317253803475538	0.6299234205737678	1.5486770198380817	-0.8309017949014459	2.3445628703031054	-0.1393723579030208	1.5398750632310898	-0.9945825408159521	-0.15834586672498271	-1.010439224616422	-1.4927328499736534	-0.49773628961402255	0.7473504902472431	-0.9237107920366515	-0.9801182401134937	1.1597133755703943	0.35897285005637586	0.37141124925425484	1.2632709272525644	-0.2469995668297197	-0.15250817584881837	-1.3150592492008186	-0.10622878106976434	-1.8423688815631794	-0.6952300286965433	-0.9923681013856039	-0.5087010425461187	-1.2583953168714048	-0.48948765265894495	0.48372372377449285	-1.3584632560705516	1.4241539865547006	1.3341584441705343	-0.11778388400118128	1.5577948446244707	-0.7180245485381685	-0.4243315146401702
DTXSID4047202	-3.128378350127794	4.3701231606973945	0.8318543586724362	-2.601562250447142	3.5018125010716834	1.1080136344709544	0.05836366281547531	-1.4364858180740043	0.5280555140644606	-0.9333860519262256	-1.3371901390666738	1.0413652219881306	0.7188822242559474	0.274656985714034	0.9374082042833035	-0.44216742197400166	-1.3285683539871258	1.5891324264165947	0.6706756353026814	0.5461603110639115	-0.14951186279102274	-0.24320665442883868	-1.6845265999271501	0.13528717045531757	-0.7681176115901449	0.8914483772794084	0.8794735528274444	0.1429061706493702	0.07523944423373943	3.1048697513375214	1.2516767440372012	1.9757839076309174	-0.15208805869361647	-1.8185735500398703	0.4671987613675313	-0.5732683988558654	-0.6791108794476147	-1.6711809781174212	0.22999988059679594	-0.8040063734393109	-0.2433010059030649	-0.24610550330595668	0.2852044802154782	0.7404967153047584	0.2863591284153476	-0.21455042750068593	1.3004610277532507	0.6975330790844408	-0.7680111587647767	-0.21186954741829717	0.8667902335229171	-0.9322506489702291	-0.4898943703659041	-1.9976555893636172	1.5042045435538514	-1.9268657436525158	-0.9425856555781876	1.1615177973242214	0.38572490863805836	1.2644729361536007	1.8073169992195521	-0.077818385044153	-0.2665493033321154	-0.5127253405992865	-0.15007674682194175	-0.13514518277000342	0.4379932124375588	-0.2397046704457122	0.054376001428941965	0.7441967827219812	0.5835603407470566	0.3795174839024267	-0.0798450274020493	0.10105399721588483	0.8207865892095102	-0.12303814667881495	-0.5363553006402647	0.12169823476608026	0.6673794704036776	-0.06139377549404289	0.21273040111443425	-0.16270400795828796	-0.48094029516012954	0.1619120516802007	0.6152186026455237	0.2978239038995469	-0.1847470878264059	-0.03950767660587746	-0.10356907478670635	-0.942429737052276	-0.01195548213567125	0.04968913840399679	-0.4546400520731607	0.19064978744200314	-0.4534352541522775	-0.24266923580713737	-0.023984804550076403	-0.02461215694706413	0.39045753443436965	-0.3154789881206944
DTXSID4046529	0.22035915993218008	2.736578258019312	-3.562400543775653	-0.33034385599397864	6.860446151326285	0.030534679561545472	-0.4910548338738222	1.1279944547481047	-0.10870767678621347	-0.40239240757945094	-1.6319045042041738	2.372470462274394	-1.5919325337562367	0.585376947675284	-0.2829045408385559	2.5109729240832763	1.9300725336337274	0.8706362830239432	-0.056311458263716765	-0.8900868337590367	-0.15605345590534841	1.3495793049402955	-1.0526553198487423	0.9352169873826142	1.383562436649226	-0.40451847135185054	-2.010496100785201	-0.7329590086038894	-0.8998087733802618	0.8309979063167492	1.4538317593328842	-1.2228710908961096	0.6540910607403037	-0.7061899963926325	0.03409321429210477	0.8320758608794624	0.28893888359713965	0.32045339997406974	0.009334372868149752	-0.1712908402393037	0.10407659917128342	-0.9802805699193141	-0.9776002729891886	1.0157497034685024	-0.6218748907215261	-0.7604121718270938	0.33583971470390406	0.412508752049374	-0.0878508698500733	-0.31245240424425447	-0.11383036318350827	-0.4058445763376704	-0.15358663539744052	0.2742355465156399	-1.1630786346883761	0.03101514091912961	-1.0708829916675848	-0.62862781225944	1.3048935932034438	-0.031978113187868036	-0.13852040363927914	0.5585096389138893	0.4408036920999535	-0.5434816057251973	0.9037872562211683	-0.029891747962336103	0.6955549494954463	-0.23562129396756462	-0.08591739073300358	-0.23064251327823806	-0.3351835236839167	-1.0381141410859753	-0.028590529881921612	0.42591453641600374	-0.4530345720988779	0.7437337884068319	0.19225572364936092	-0.3278341342416692	-0.09363173748765767	0.13323599370557498	-0.5317553680295164	-0.32138683285778247	-0.2884588046441065	-0.47550927922957803	-0.02127614574783506	-0.5010517555152665	0.045808162188634524	0.666077806965594	-0.10163591604207033	0.12320838165398973	-0.038207312720508556	-0.16199696725011797	0.3451965895402187	-0.12736738847841866	-0.26308065079009896	-0.1675338324458857	-0.976393218691126	0.09113072734726206	-0.5002690097763062	0.6993015995610952
DTXSID3022958	1.9203518616196822	-1.7133766175832013	4.913383933752675	4.300445063745012	2.7646177869147075	-2.335702912247527	1.0737969321515057	0.05715954292210623	-1.6919721510162564	-1.4625283435548415	2.1120932502855876	-1.2869777065218235	-3.3030604903798615	-1.7010819612987829	0.7094204275023628	0.232015898281463	-0.048991889456529485	0.32245625609153583	-1.1573962221302625	-0.8807913209923987	-0.9481036062123979	0.05644929259468614	-1.2474970193434411	1.448957949005555	-0.1661804528362637	0.8017422268616726	0.1989272796129244	-0.07720765721730553	-0.5139036967108154	0.38002684851636626	-0.9892781971961249	0.5426608475015758	0.7365246434273169	-0.1303304446390482	-0.23900474488391904	-0.2603566180634525	-0.9475331027005842	0.31165776308718396	0.5574503554567937	0.341385061525209	-0.9833785226942551	-0.7535413438726474	0.429448182951243	-0.5631559041927631	0.06894041625586081	0.28923807605938123	0.14402394968944607	0.41251260635791237	0.2863562437526838	-0.1355159294848236	1.1449524623739948	0.10821375556400634	0.36031614363767345	0.2501420265654746	-0.50193277700725	0.8919846405342738	0.46669690328033814	0.583091323032404	1.666804421224429	-0.6892222326080061	0.05706336303761546	0.784472751468068	-0.12279126515253189	1.0124126396771735	0.2978571836567001	-0.5033090161775222	0.5780224616251358	-0.12382346976121816	-0.014283855895133018	0.14177500020866837	0.3560466136587999	-0.09459342706130881	-0.2630891688827736	-0.7320235453547552	0.7020545103440491	0.3112475078925639	0.4351736235554611	-0.3301687454877833	0.07594379449816478	0.6126316071267075	1.1590792916250816	-0.14151157514842175	-0.29683536175023156	-0.3186707466770194	0.11727272294213938	-0.44508723056616206	-0.2887384992409633	-0.0025964149050166758	-0.05372631819051204	-0.3856561084212632	0.64794659015904	-0.033825256099201575	-0.3177527111064124	0.42784040266411355	-0.31485402446419275	0.0046429430771900634	0.4767800574091949	0.006719770364243883	0.4670423816617281	0.40320978536216523
DTXSID2046882	-5.539177964140289	2.273687892364265	-2.3385159168500227	4.037204708813805	1.2906376441459244	-0.23089231706521743	-0.3112689261286753	0.2039844396477437	0.17731813140430244	-3.4206537726374244	-1.4546644871421577	-0.9945631834711339	0.6039721511520588	5.338519065071135	-0.03735630035808733	-0.9833834999839501	-1.6840945090424726	-0.2902651090683481	3.1235995449803475	0.37553790531694575	-0.23631429832910508	0.1931939129060701	-0.11696236459407733	-0.40402706498487395	-1.0819109567286496	-0.3969108514168429	-0.011197724291206808	-0.6084298695291342	-0.30991543938348604	-0.6729809846615848	0.3834224096253886	0.026634947004323457	-0.7612336559313162	-0.6058793256385325	-0.22547764504438306	0.9243498476394304	0.29493665125138674	1.3985948394120673	-0.280847572809256	0.2979083797735115	0.13940680534741226	0.23116148017993052	-0.3272335643245839	-0.17820450963127135	0.08424907131207905	-0.8733085278377518	-0.3889739078590598	-0.19577972866814872	0.23343927772166334	0.04540712372127977	-0.8660777867299098	-0.5585813310591387	0.14427837988319162	-0.41243256760143426	-0.493211460894814	-0.05735273612792836	0.002420061329151127	-1.1258409671335297	-1.2154437514586496	-0.22999916014797595	-0.558145506818983	-0.9376055666209535	0.10134773962015024	0.40231679681722576	-0.49478977341225927	0.19608087841092156	-0.29801087145495986	0.401674742538417	0.2808781410667419	-0.36537549572891986	-0.27221619612487646	-0.5657527997088072	-0.2631597775397552	0.08848327288299015	-0.10042497363984322	0.3147604419821126	0.17402621536482893	-0.05766613319430468	-0.580290065469139	-0.20944629455745128	-0.22186045074366853	-0.38048946398218975	0.10168556916368617	0.02989407936685072	-0.3916243792264279	-0.34464983252659864	-0.02043437605907308	0.776687909275518	-0.4826040632345197	0.22893533122512055	0.19059875195892254	0.011308123719423602	-0.12549938324470997	-0.16044895421865193	-0.6996301993477656	0.16419472425778878	-0.18170429749403366	0.26358399872963706	-0.6345102941848978	-0.010331661486794616
DTXSID9046601	9.671656318892001	-4.208822643856277	-11.850114398189842	12.597228149676674	4.829972673651212	-4.0165657734195275	-9.082301805854723	1.964437798057924	3.7719052986367982	-0.06999757531663987	2.3618574123783507	-0.776007836964273	4.875649288956031	-9.983027179044889	-5.041425423015778	9.87328390750463	-7.803768454301299	-3.320717531365912	9.699459791389703	-1.2783684175135472	-3.237838431063971	0.7138757389471804	1.2183625865172865	0.28877732103601916	1.539479629424894	-2.7600336373845558	2.667689555068045	-4.677951001897347	0.7733971497745086	-5.3473680345375785	2.516735477387988	-2.237276426064783	-0.801856198086126	-1.9488692979074709	0.7309704477203288	-2.021623569896173	1.4752809843062002	0.27062387457929155	-0.11724418270568392	-3.712105262907889	-0.9443765766194614	-3.0276296883821763	1.1031557083941126	1.0546769404288006	-0.5604981252074076	-1.585865941085756	-0.17523597288202353	-1.1098703695781047	1.0307185140900021	1.8036079023644118	-2.454438925794283	-1.806195866326484	-1.3527858329240612	0.6003457186876135	-0.4802294307490525	0.184642549039739	0.4557631778406878	-1.4146970477399785	-2.5346638731493427	-0.1236138315550353	-0.6643743941249655	0.39834821610309745	-0.9636809861540352	0.22907192420045525	1.7619305246054737	1.404422102949299	1.0274598469637184	-2.499982881111679	1.2200998376779268	1.32262933685632	1.3512213554294004	-1.0252172742805337	1.613610006960085	-2.64277012748275	-2.774227631474383	-4.020478372410171	4.869393018508152	-4.4262519306300945	0.5489358306679408	2.466541634891477	-4.212767263602356	-5.717350361404234	-1.403754699228128	-2.8367726521185173	0.7578937088697111	0.42063707178104776	-5.104277439552393	2.025703563709107	-3.695597302459349	0.8025527177158529	2.0241857313936436	0.7729484118313289	-0.7477217668214499	2.3504609694491707	-0.5264671588655694	2.407678239964685	-0.942999301739727	-1.292415776273066	0.6740189996979605	0.8988393860366711
DTXSID2046468	14.647969579299714	5.9903254306536455	-2.239214334875906	1.9655091755589116	-2.124231436397308	-0.3161115339646766	-3.7065048325009573	-1.5558409752082967	0.8574983567939264	0.34919681936097324	2.2849620743009815	0.5625998323243675	1.141061265773779	2.1609710744794963	-0.8545627465008659	-0.33278788164045775	0.7493093801276636	0.19271666729015727	-1.0648804650882104	1.7157717429144392	0.1953469155071252	0.35609202359754244	-0.1495093235036548	-0.19765493312696145	1.0030127744716737	0.4028638228734136	-0.09871529519111022	0.736787368462607	-0.7362268475396169	0.232264543394585	-0.6991855026133166	1.3345968631741143	-0.48284088681789983	0.47274776624426107	-0.3615603288128332	-0.4488067557078373	0.2153471450634838	-0.1589722079284335	1.2432376484423204	-0.061457281204504645	0.1389127223509872	-0.013655133307225818	-0.3027087429578889	-0.26216875410906426	0.5953363232867687	-0.5522474429333594	-0.8481682246560399	0.19383689712020793	0.8020361208899881	1.9378667991754672	0.35508942704911883	0.2228417443656977	-1.2797289821833078	0.15899664564793578	1.0337478423253856	-1.2217340970266886	-0.8626595676274724	-0.4293172779036853	1.483325533854325	0.9583829838535665	1.0673411895681526	-0.46553120158859856	-1.6895266632106956	-0.41260675568648236	-1.6742414706764948	-0.4587897613513026	0.6055151956673265	-0.16619425284757422	0.17323718211680522	-0.5988614100927291	-0.44400423711205966	-0.24041021264501056	0.5644182087085023	-0.320445024343727	-1.0474747939687454	-0.9204136462999853	0.16064056071219734	-0.8197331034770697	-0.34758876898269275	-0.16267652815885175	-0.8953038047312328	0.9353820659934624	-1.0828009261249019	0.5378303698167453	-1.2771353717963483	-0.09527547944417931	-0.44681836540086955	0.19926967054902203	-0.446382085548198	-0.32670978080883506	-1.2382224945940836	0.4932792583725509	-0.6115293246575717	-0.013445180665686856	1.695466186089757	0.6994263556010826	-0.6369419163600729	-0.18956849371974374	0.23078707910654012	-0.12877167065666742
DTXSID5022279	-4.704422955417137	1.664742355951049	1.6468734376618968	-0.8217178955202336	1.5931853628733221	2.5765627327755665	-0.6769655460081387	1.625311389126079	-0.0708341557409825	0.00733510090880066	-0.6873979132292983	1.6482835988575102	-0.3005306921291961	0.4253127439670782	-0.6553224460242082	0.1889267271595052	-1.0252510277372398	1.2756921682920943	0.0998407344052328	0.005327405276524847	-0.3722054496675718	-0.6737236026478259	0.033936134639246905	-0.2037015931282885	-1.2897860033304969	0.44578544830727956	0.5655474223114901	-0.42724887983570353	-0.23569274297065673	0.3961319507515007	-0.6350915517965828	-0.5727900400989825	-0.9246973174261662	-0.12467807597627611	0.43441434889179387	0.05575333227288862	0.011011757060377101	-0.29203446060317767	-0.08564403325411117	-0.20262175573599595	0.09409810320819609	-0.02060455043675655	0.4005536619154096	0.17402976436790185	0.3613222475686562	-0.13514367743139927	0.3691401170373716	1.0172092362455685	0.2258727254560745	-0.23631190592958073	-0.6819157798690254	0.030154002268348058	0.5451661190401013	-0.681532606992189	0.7294612881981346	0.3517682864951327	-0.3898040643366046	-0.9829258692139606	-0.14367521257196647	-0.06241789501998078	-1.2216092522870612	0.3296455189962096	0.3110683062277383	-0.28762734007045365	-0.24591256035771927	-0.25821475541403627	-0.7815175049239792	0.24630558580912598	-0.37653504470549104	0.5343852111774405	0.054086286069945394	-0.8099533822556693	0.06662385631714961	1.7141754398067153	-0.32566672433022753	-0.3863796601165026	-1.0998249001130456	0.1308296707027583	0.21546312624116104	0.3205135973435245	-0.6457288790330451	-0.15906413961388882	0.42402717091469116	-0.31005160117445374	-0.04500337377586368	0.25908741055684364	0.08437001780983652	0.15378169322213867	0.1727127347325732	-0.1348351621345827	0.12411333240892988	0.12987852463376467	0.08116349482325698	0.01849639452323874	-0.058682718633161934	-0.39062112058149795	-0.05735263861070132	-0.2230965534542501	0.21438646581423595	-0.003951891968624211
DTXSID0027066	3.4163514606151604	1.026207750358804	-5.539848577409044	2.2538473122774256	8.877025852478075	1.8190206848134103	0.09447600001041451	-1.874901393329197	0.06076481970064576	-4.317656796601003	-2.7016556318009144	-1.0912176261217534	1.4653456720440496	2.5510871688724777	0.3989773710277187	1.4192888548320297	0.8084655720462158	-0.9210125975878736	2.464457541562068	0.018954158351266556	1.4581232926447443	-0.8863452439872761	-0.03198995382536918	-0.9406346421015195	1.1398154741539734	-2.273055052304279	1.626284631241055	0.6547987097419667	-0.1954362720837818	-1.0794056336280873	0.9761823022986648	-0.7170416233170458	-0.4517951654864667	-0.8895671762038924	0.3311427082120213	0.30450517264172117	-0.26432414614661703	0.37877140801380327	0.09314138376416434	-0.32223199441307115	1.4777127479033567	0.8522504731832138	-1.1913144807077862	1.1682307762640967	0.6551735621212348	-0.7750572629088986	1.5420195361586526	-0.5773164781210278	-0.4178511071475467	-0.411098031121386	-0.23128753112212375	-0.8563623113508179	-0.9228686033750141	3.1233713119269755	-1.2562126590786113	1.5986970645382237	-0.5702093877880022	-0.23470403758647423	-1.5934235502083824	-1.358220795586113	0.5433967934619666	0.27952947893659885	-1.3246784063867265	-1.436577625231905	0.4885234310503419	0.22578831132683008	-2.4175858494878346	0.6663267091418159	-2.6192520120722946	-0.2696597362675688	0.24397757689507374	-0.08084909939281669	-1.462125905887773	-0.6512505457433656	-1.8618745648907946	-0.22758246889397027	2.0505229464179195	-2.0688787127701906	0.14562534436392774	1.0995638510905754	-1.0846777133405463	0.4619451030061776	-0.29920476687140213	-1.2604247771014008	1.4808770795015096	0.7625283202797197	-0.6455160624228552	-1.2486578068019012	-0.0995330195897306	0.3870386585071538	0.998556494170388	0.31636281844463937	-0.10795099742167259	-0.7266883616516304	0.5459244734129279	0.6865893518736808	-0.04065770595771838	-0.5527555259720242	0.863932393259026	0.20072547617034336
DTXSID2045810	9.179575093765797	-1.6443688899608975	-0.9146146663732629	-1.6970442999490718	-1.3752070109059475	1.6923266295124224	-0.535162253942819	-1.433869828207111	-1.311504678927398	-0.05433359530005134	-2.1657507771452056	0.46442537246888116	-0.8360795913314775	-1.0534058972703808	-0.18797961250939424	1.8068266761899605	-1.0797854961073567	-4.301391349413791	-1.1698688061740774	0.21793933587067557	-4.323443770015399	1.029512162873566	-0.22166237619313417	2.5343390708993705	0.0862093957288219	2.529778368597979	0.13030498341690025	3.019626242280041	-2.4497229741690867	-0.15374701794520787	1.5067104291085986	1.9005854971433525	2.124466332262722	1.2036754845178514	-2.7474784754114263	1.2582034719653816	1.8169248989226552	-0.13510517650613027	-0.4375560514722179	1.8661149638754815	-0.9103492183268008	0.6079972279076815	-0.4112966285446744	0.06508350929404952	0.9935349249721681	1.8386058696626135	1.9766773973017486	-1.3666225991030556	-0.8702066490036493	-2.8819453719698642	-2.9480468905573893	1.0089804934481086	1.9737241604893105	-0.6696309498067546	-0.6813651338630555	0.6890586127759118	-0.39645840814812816	0.6260464287324141	-0.750811232913266	1.5589419448612636	0.24570897530147517	2.7947727088561223	2.6283288642698004	0.3774138921416172	1.0436380640459542	0.8166324560670876	-1.871053756322577	-0.6708516766809234	-1.9226850106426667	2.22011029165076	-1.818321718464883	1.3992248450067364	0.7696668888346484	0.8749231435862124	-0.44967380266271295	0.7350606580906799	-0.7659913276988083	0.31141830250438274	0.10355768765179675	-0.6768473293156942	-0.5283417092693956	-0.6375318187172844	1.6319443387128154	-1.2781566512445983	-0.6561763464225596	-0.9207800426991333	-0.676115730848196	-0.14269621355345904	0.04239412944636569	-0.4855323191578282	0.16023848991516343	-0.45349391283788476	0.650161283841586	-0.31070913791696525	0.057974318075824594	-0.4618728191244828	1.01632683542556	-0.9033097469222877	-0.254473233063754	0.5868788454856014
DTXSID4042622	4.0266079349773936	-3.4979184370059446	-1.3051421765452726	-2.2852330547253614	-4.959555725130669	2.3492657763357836	3.631966086293723	3.881288787481239	-1.5201116930196	-1.9439593316974417	-1.5424061121494286	-1.8335492569580185	1.3395525177066108	-1.1934222946740136	-0.30600459321746676	-0.7093213138835607	0.8579204879649872	0.19831298163355732	1.4797509923067471	-0.14153611621961174	1.3085632287794948	0.26390035051675137	-2.4390875501651346	-0.7776010387232103	3.549004031815771	1.095643231875269	2.5515932966384165	0.9387410997440074	0.7977344075961285	-0.2578450548712355	-0.7062308354432053	0.11401347563692091	0.028763520783751113	-0.5649629790637545	-0.9113126485559732	-0.364415706836771	-0.8089832719744459	0.3010812316191946	-1.1971199427403276	-0.0032422700270013836	0.5293978995668397	-0.9165552396422268	-2.114524160990575	2.606462606156711	-1.0395004947484658	1.536539963413723	-0.6982884780662673	2.2358671079060515	-0.5342875308615942	1.6122308475595606	2.5267333496568214	0.6844727357565699	-2.1541878353098842	-3.1625781497885606	-2.0571187671961226	2.6004644100462513	-0.7022716471369865	-0.8022909066532897	1.2980940522614173	1.1375405174597604	-1.5996656189442593	-0.1222510817985625	0.45321029678232544	0.12601442348751052	0.16877977440312295	-0.5000235164607384	0.1399217494766221	-0.36169154186223507	0.48713156948427205	0.30188647404786617	1.3102197002542857	1.5859593620214663	-0.7278161694843968	-0.9559553184498962	-1.6710688029616718	0.1708659893099651	0.5936185716599034	1.2705867254646988	0.8304423169838974	-1.0323532798623245	-1.130735023488706	0.2859768621511539	1.3578873392084225	-0.5560488268797095	1.056801468521814	1.2653101808838831	-0.44170223209398557	0.10817565117613295	1.6596390203004052	-0.284406815712609	-0.02834337708084471	0.3063066525768304	-0.10352159755060274	-0.5425889796067539	-0.47923815786159085	0.2353149872840919	-0.23979097069621283	-0.5216539180408138	-1.140824607945219	-0.5670371006606286
DTXSID0047117	-5.677004776718605	-0.3467430406294462	-8.03318186307779	4.11871091452058	9.802462858266365	-0.5779514604326452	-6.613257173579872	1.5582213691402227	-2.807279731339171	0.8552312055949931	2.4062570121249682	0.569905051351551	3.924147141316105	-3.7927468715832693	5.848099786427834	5.590012226782496	-0.8536355162763931	-1.4683080496917433	0.6226610045810997	5.626388241949351	-2.7250017900955674	3.318375187333058	-4.028579397039283	1.2146098791793813	3.449923392148911	-4.333915601780878	4.428502363524272	-0.43986713108490033	2.103141780507722	-1.3698917491762064	6.99601802958905	-1.4711653111758336	-2.848631556193174	1.6531398876574765	-0.18798481337664158	3.828619129352131	0.012163720474205804	1.710292522149087	-3.372311916269834	-3.230393333705408	4.061500212297178	2.0998720865527107	-2.6171392108613207	4.366267642308159	2.013453044447544	-0.2929275762674806	2.794319361158342	0.8129518956966347	-2.5852582091107927	5.6853176459549255	-2.7630861614916067	-0.2743679559837157	2.7758873436729057	1.2374658034365806	-2.9788637922050394	-3.7969814157914423	6.138589528575466	-0.48172690380520006	2.4729942418834208	-3.6175447701181644	5.730236197403976	2.114347581427652	-3.353298386498697	-2.612362897934887	4.444405265264599	-0.08857741883965148	0.7304965248875065	0.07145758095209612	0.7733733311036854	0.9981792581802525	-0.310386378088438	2.305024003542067	0.4407564619581812	1.7988429192369884	-1.8764691057813705	-0.4908179001666435	0.29950858808389164	-0.8585069685139249	2.189643513176297	0.31928754325520353	-2.157387264769499	0.057666997457709646	0.8485728251987248	-2.6141036591228564	1.748119170749543	0.7210999134302325	-0.7036220398253047	-0.6231377349066536	0.4736479453739332	1.8549904302711417	-1.0481507660523848	-0.03939150222195518	2.853700377064859	1.2744674701289056	1.0813008789886722	-0.6464219045432738	0.8481752474334929	0.005256363219672265	2.69458831957986	-1.463989086766866
DTXSID2035013	-8.482134188112475	0.4411951790040043	-6.113676504348062	3.156831712736803	7.142544431754762	-0.3088924922302499	-3.8209456390243486	0.9666051856257102	-2.360936813788403	0.7593167348453256	1.286519832412198	0.5351400306389585	3.2581527486557595	-2.636521086206827	3.1367750834124295	3.4332447460748376	-0.8923145701173065	-1.0365269554449978	0.07620385653355051	3.9010818985800295	-2.097872369755149	2.525759223607484	-2.3095504800299866	0.4222604571337638	2.5101707825519988	-2.9039384158067727	2.7738789633731225	-0.46471951607832	0.9974636435295768	-0.526465464940624	5.080824998848249	-0.8211506475582879	-1.6975446450697114	1.610191040032008	-0.13083828488314214	2.2822142365322176	0.3730652871972071	1.5334669773013228	-2.267403138234417	-2.1161025841934724	2.8199106200022284	1.9757358385033903	-1.7838484718544154	2.2827190917401348	1.496569084509661	-0.2554653436703311	1.2992157080707893	0.9182115834406192	-1.799755382067061	3.520908272049033	-1.805131922565526	-0.6781840659050435	1.932128305889837	0.16931348176336503	-1.9260738103350143	-2.389807762896255	4.218886944704329	-0.4017309920906917	1.309464479152405	-2.460491587642138	4.201093014095868	1.8868378542459572	-2.1873967735834943	-1.4515989999216126	2.749867079983648	-0.3193051979069772	0.92636515759681	0.5709969271807137	0.856820717613175	1.651477174906281	0.22613321495291158	1.2835105375821503	0.8149141043369574	1.642399814596539	-1.3835080506155082	-0.37020405756611546	-0.15831048352130614	0.11599882765226709	1.0350035737365808	0.2068744686353155	-0.8354461000906207	0.6689514961144679	0.9504479255052909	-2.1030203861372696	2.168149449481425	0.6597013701082051	-0.41381338235710297	-0.8483313886930631	0.07695844258955864	1.0156608667835092	-1.0291990409235636	-0.26660570770661723	1.169597113193095	0.7013921342048165	1.1187554731272822	-0.5511686504213582	1.9885789230595439	1.6206456843145924	2.3125846887891126	-0.9847807340954038
DTXSID3046320	6.082515236784686	-0.6780086005103335	-1.2285934180803528	-1.700623192937951	-2.626932300804992	1.651868536116668	4.504653518176759	3.5864071527558696	-2.4578327774595974	-4.038010926509437	-3.0165821259824894	-0.9812158261883319	2.0019273827306625	-1.8296559891585094	3.973163131144291	-2.632534359970587	1.0247660446901117	3.034243211389386	3.3412851300212596	-1.544935730249376	-5.6606780265132555	-6.866318969995397	6.729302553211059	4.814676967951972	5.307560593256825	-1.6716959948547958	0.886051560971056	-0.16995376942820745	-0.5608661132618058	1.9413576076180723	-1.3177363094155254	-0.17238624905529373	1.1104745813543286	1.0629788281957626	-0.15114459953574977	-2.8070466562334	-1.6544656311886383	-0.32921058968695566	1.3207455221310336	-0.3968325086002707	1.9852004388680546	-0.7592477045640887	-0.9562713155820421	-0.34885377646016724	0.4997046342348948	-0.3951378600139013	-1.094956253126979	1.735882629410827	-1.7432959109346575	0.7805582697228495	2.514711778586564	0.19761924585646823	-1.7242412617390739	0.9243148655011065	-0.18105916961133453	-0.099599733350577	-0.8995960858729206	-1.553459972237714	0.7929605778707737	-1.4808381984779582	-0.7721384381174334	0.19633056601774448	-0.23171876584376408	-1.9333308354644807	-0.2720403741542694	0.4238593038323972	0.23992004579639029	1.030264617891676	-1.883430855065035	-0.14195697108093439	0.5320402246601305	0.1508529053913302	-1.944424000504397	-0.5943671095957659	-1.2889632151652504	-0.33838599298074723	-0.09369485533483199	-0.4945293508940879	0.9987981807113684	-0.45350215094895413	-0.3609480152538419	1.6522350420854546	-0.505818748924667	-0.6153976309683036	1.1633885487525912	1.0470755855450355	0.36474392385859866	0.07727710208562746	1.4717232311661221	-0.5442166049792676	0.18777524889441968	0.5135359660666099	0.8864585557027141	0.7040458604152748	-0.5708891094609158	-1.125060369162783	-0.19740967873610185	-0.08950421100538779	-1.226712303669552	-0.30473611555871305
DTXSID2045494	6.891534553229663	-1.2904980144846072	-2.178062600053526	2.788429204156798	2.8243448905340913	0.26059419792220406	-0.5998884635639046	-1.3830769238527816	0.840347555744895	-0.10604991905931015	2.652714069694267	1.6567759925009984	1.17945188032663	1.560599475945415	-0.22498242657152157	-0.3740067280209422	0.9350148037944118	1.2999978939664747	-1.4400983791682649	-1.320510707242461	-0.46363886536272897	-0.6535614499567832	0.29225057361887674	0.997108151447004	-0.49748340255262613	0.6931925340065891	-0.06982137658227341	-1.619530455253744	-0.24584695437755727	-0.4456454953754049	0.05218169388563131	-0.21905493361013664	0.5038956835520308	0.17885956959593133	0.6861603673977493	-1.12014511681943	1.6264866330620023	-1.0880429941491172	2.105716069855503	-2.0640097132011035	0.9889732035829144	0.07559101083018563	-0.4515851845824561	-0.5515298028667702	1.2389211391437545	0.6796318998836565	1.096430977389685	1.2795716310081164	-0.3184658005824294	0.06936110366327791	0.7693547998964415	1.3667878166996499	-0.5249174664657661	0.8664170642449859	-2.4624817245441073	-0.8962867412401279	-2.0829849365206154	0.6957746531938036	0.39725400096692204	-0.6519873067692149	-1.2551786609248805	1.3253694709119233	-2.868855285980321	-0.2840153116087631	0.012237167028130836	-0.13740903214666558	-1.027875277716894	-0.07770981842245593	0.1166385844275274	0.9247946247383628	-1.932170455367306	1.286521716517492	-0.31977371138162536	-0.6425457659760111	-2.5024408055655574	0.43236585164877533	1.1833986711543922	-1.8089736201859852	0.9441021378162524	0.7123660477310347	1.2359035488152164	0.7108628075901099	1.1972113289098216	0.5687834004051037	-0.6853818313832668	1.6616582739417856	0.600698820378096	-0.3464324220605488	-0.8567928114430484	0.3549899731421737	1.2639950547279575	-0.5558445718934899	-0.1505176028502053	-1.3175659800899822	-0.8209444305100543	-0.46052437219710085	1.2001736536497483	-0.0687467375656763	-0.8847802173648562	-0.14366798421287533
DTXSID7040362	1.5295607749204772	-4.613158072901141	-1.1909324870617373	3.7635281632168702	-2.547871253826327	0.7445485229909632	-0.4050907771090209	-1.1293034393176022	4.176970709407953	3.114123472756357	-4.755040063124721	-5.202618170311495	-2.499708015841237	-0.589668965799474	1.994531420351077	1.041765941432131	2.5720229695267425	2.267618973388715	-1.9901250688861791	0.8799319752574976	0.39419838447053474	-0.23635336758481412	-0.5462214071220528	0.6095691724103185	-0.7142026159180556	1.1216787064384435	0.42231659644527375	0.24907476328849992	0.2858620967169707	0.10001288177777125	-0.004557937357894343	0.08643892514566723	-0.12320140488733798	-0.558852875495915	0.05594016115003832	-0.5863599944989284	-0.1880604105051534	-0.2805353785314475	0.4990126035832199	-0.4428325562285588	0.507547738773512	-0.5383224325079327	0.01237093404033669	0.21204962600400312	0.13571026785686394	-0.2929874448670808	1.1181182231619256	-0.5844057291134279	0.3982407231266027	1.1421083267928602	-0.6835135372876644	-0.5265421791915286	-0.3131475964286303	1.3106340009854334	0.42790223197649063	0.12135140148939554	0.2467287275083843	0.20639897569173332	0.3772552332735978	-0.14209617401138752	-0.45146921617778035	0.2571486239394728	0.13886582618115442	-0.5733846451699532	0.39801493256465	-0.1552339965757717	0.6390300574056266	-0.6348255090720705	0.24649923872590576	-0.26285084885697685	0.5921955234619699	-0.2063024850310861	-0.31277449788401046	-0.34494547470018977	0.7751380355435953	0.22977719816749953	0.2930640711077323	-0.049610255889606665	0.35910344103326153	0.21294368175693026	0.14495836052013505	0.292205803755519	-0.40746212128587866	0.39908029843917514	-0.1286788623394091	-0.0176316419902364	0.10434245674074809	-0.18867964125937373	-0.5059476373270471	0.33146807461335204	0.1324652301463611	0.08963687328646763	-0.23012496099950955	0.2315832744265525	0.026458166612830684	0.3117490785255921	-0.4205295199794172	-0.19122412402200895	-0.11102290409042902	0.06193000103912331
DTXSID2020892	-3.2280357472312247	0.32498172874335046	-2.9639490723973116	2.0633046988720594	-2.5510243069505076	-3.0839232886677435	2.600121271509022	1.7719025156016346	3.5760824568046696	-2.61814641639736	-2.110128657747113	-0.5250755433823513	2.7270912063888617	-1.0588035047471	-0.6098622663841389	0.3813770478515763	1.175241336491484	0.787140617952826	0.48718750623985213	1.6071297157659157	-0.9863865696325836	2.7113988386079693	-0.9223353155592802	0.20443738919096854	0.07423457633995999	0.9529042865041263	-1.618581858919599	-1.3668972058575344	0.5076384998348491	0.5842001374785236	-1.546214546863888	2.2626966067609837	0.38166304394639106	4.4134021435461195	1.6830439405691215	-1.9695938368317958	-5.044478074581564	6.17279713569588	0.20958815007670117	-4.539445516829582	-4.730750016676473	3.971704813831936	5.730312102951721	7.790525376292756	-0.6929557578772354	-4.359053124559268	-1.666934247906861	-2.2089847055477616	1.215937115677226	-0.9047270708140229	-1.0362541953119533	1.567569339115897	-0.5003322091749043	-0.4195480120232664	-2.852926748309005	-1.2812116582388071	-1.831730554954979	-1.2732378943019869	2.193576910996168	2.0161127910651278	-1.376521859420524	0.2804690614120591	0.6384843553138799	-1.6704189430742875	0.736808081560594	2.08149063018425	-1.0522387650301679	1.2589221517535818	0.02195800600518047	1.29493861816773	-1.5742839320108295	-0.5490266219152888	-0.9636296013853182	-2.003618128488443	-0.49170984172519777	0.9305008475538605	-0.2648126722844302	-1.0691016787689143	0.5079734003596358	-0.12289234052821084	-0.1647898525759824	0.9049479226050774	0.4570058966473122	0.056181414758261626	-2.679168015291871	-0.36240515250604305	-1.316559665778987	-0.26603434208790966	-1.5173037187408116	0.471129727135247	-0.20283473647798358	0.11560467171671372	0.9673091179195292	-1.2260349043212435	0.6124121948800165	0.030255662550463632	1.0619975886394766	-0.37941214764235115	-0.20044351307732036	-0.8363729256762236
DTXSID7043829	-5.642424690696206	-1.281924161586411	-0.064922405196227	2.282225304440869	-0.2887900364615789	1.7103757702884814	0.1724789612202253	2.6132715323721736	1.597286727491898	1.2014359661009908	3.1911709768456396	2.0999540165387813	-0.05859609889066088	1.6029543488731424	0.22200202229674937	0.2717819967857748	2.1084631781446377	-2.0147510638919703	1.8626718752632596	-0.8257578417885313	0.30603756147435474	0.4995559863361579	1.8647922757875912	-0.237718786233746	0.3497133878357637	0.41415567641771983	-0.07739330098197633	-0.026744358804762773	-0.581636051114858	0.14206529397266685	0.6286330685275492	0.4200279930173417	-0.09200807614675247	-0.3715095681971237	0.9089809857380494	0.059218312403886156	0.035543787692430794	-1.1220750218603224	-0.21489764691509447	-0.030448642914692396	0.25337154979577364	0.12443071426759658	0.4435499556229205	1.1369947958411908	0.2957294130350985	-0.6949534154789778	-0.7671291188555511	-0.557807354032706	-0.3634504599727483	-0.9410060089675599	-0.7791396704392263	-0.3982687528391798	-0.23273737214774656	-1.070158726384207	-0.24672878739141219	-0.5551495074926798	0.47396629313244715	0.6936150275106515	-0.021616537416606622	-0.09323233202880177	-0.6844412331921813	-0.26856133983199676	-0.034836517394197165	1.4793669957079805	-0.3271540551999888	-0.4595476088305221	-0.3055819762812195	1.0689650622472806	0.14292033758173903	-0.1451598849147807	0.29523070382797806	-0.13817714124955366	0.29773538657514736	0.20785276724188753	-0.5026390031972904	-0.28748506368832116	0.26816756133291364	0.014717382565739963	-0.16312552129764216	-0.4583849706115614	0.2424535341151472	0.025626160398516045	0.02680831684959493	0.3045510470005724	0.29495095491284073	0.012001747202442707	0.10952539935067805	0.038836687476121796	-0.01113949178679796	-0.01267685624512074	0.12369374204484745	-0.1412873902360435	0.30922294953081403	0.016874422568802516	-0.05705460559815458	-0.3074133174074165	-0.11557924594087705	-0.25134295841207344	0.01972709526430716	0.13288971468769986
DTXSID1051850	3.1467585345485056	-5.734076897767324	-20.089854638409598	1.4624414436206574	37.76860141856741	-0.6035177952237055	-10.963622002858765	7.3950426384738215	-8.44523780923209	-2.3268379192248347	2.599016324908505	-1.232823967304122	6.25636497784727	-6.751141420027445	20.430170156171307	14.110473876733755	3.5316411335326277	1.6936674652985506	-1.2318318227326845	9.681529887044944	-2.8356153484883486	14.72298692133714	-13.944943602604296	8.376616857649315	8.730380033854427	-11.722172506935339	3.6038688225699094	0.15593027878380597	1.033572015708864	8.76015575073055	16.3908746921505	-11.911489783855114	-1.195091171616706	5.427092101137812	-4.224969040959798	6.8841400045819094	3.2182819698471987	7.306754394756333	-10.868411829256306	-5.41091532961877	11.554334710373288	6.721559582851107	-11.126695289608518	9.182476852496567	-0.6022428936098138	0.005551601137638245	4.181338452445011	3.167977579642881	-11.00341637678192	17.715062547501905	-9.591137271647616	-2.2304319714922523	14.246611797926406	1.464319704162965	-10.903174184755704	-17.11966443665873	17.745011337014347	0.9774410810116689	17.362384205681174	-9.440551569871365	17.620461677578117	9.566089922211425	-3.498936153708491	-1.550427383569441	4.985801456619343	6.094203821592732	4.281085439457193	0.9995455753264058	8.345229686993887	-1.2419325830597205	2.343785666201822	5.161613735088139	3.315350748240117	3.616908379759775	0.764000115110397	-0.19319097652445905	-14.995793507724546	13.67160197961575	5.651213706386307	-4.624255885338584	2.6863700763091023	7.5646784434979395	6.904080461965403	6.747784444624095	1.6309811330945139	8.92585597000434	6.483604740479979	-1.7022956182877875	0.9268645459474265	-1.0466053544429028	-5.146298345384168	-0.635232413826936	2.9769657234894273	0.4898914398762575	4.817245380847187	-2.504740511657274	4.987577856983629	-2.010010709927015	4.0907423474516	3.966605650679349
DTXSID4022731	-1.019043601756645	-2.542871465758242	2.1904491143543723	0.29838067247207495	-3.144377459230989	6.319117054984656	-0.28039735788494224	0.07224617898803623	-1.9332657178659929	-0.837041501560968	-1.3056022890632413	1.191898453797141	1.541349968110194	-0.6137575081511023	-0.31702938329892566	1.0978894865903628	-0.7217659097230129	0.3031502906358005	-0.23877815837980015	-1.8889304227129287	0.5118821224698767	0.834593727166081	0.42230115335927054	-0.6207352954636639	-0.8153593266633894	-1.740180346150103	-1.0424245709576354	-0.8092938673706905	-1.5074827130528043	0.5829534528520418	-1.4751311800675804	-0.8717892349838842	0.10867468248679239	-0.8942518511904481	-0.4329189964350763	-1.4101548533213466	0.9721565778222233	2.426488933254105	-1.861271067851798	-1.597388189648217	0.6991528760825723	0.5261985510538828	-0.9976798498647026	0.004604285858324586	-2.2498226898646227	-0.7768495861894434	2.1042515447672234	1.092796087622953	-0.7985168479492574	1.806071400939362	1.4210949530587684	1.556432962048052	-1.51042736023535	-2.3020294850114222	3.903655108807227	1.8452386003735093	2.1164753733229498	-2.9779460434103298	0.584452155156194	-0.7254395594625507	0.5087956248096741	-2.949954567795333	1.2431264369814565	-0.8446552445906559	0.6746029792971144	0.03180020621817818	0.7771418043940995	0.5113938897129028	-1.075038905526489	-0.6910540813588723	1.5727522700152012	0.16717378202303437	-1.3680327207500491	0.2603376267087633	-0.7334482756276246	0.3694012533120966	0.5937494691788123	0.1601440097963055	0.8622344067642906	0.22188469656899162	-0.14396349880861017	1.2480356145095053	1.0872994068700281	-0.9164168905642518	0.306542394911344	1.1941054764494938	-0.10319860064558865	0.18948227205721116	1.7847473977594384	-0.4831129964866525	-0.22736513923495877	0.325912615737806	0.4065918379260672	-1.0016107224882405	0.8845433102415018	-0.1295230208102549	-0.06972487057051993	0.1243934582221669	-0.8537115273765796	-0.7373221005267211
DTXSID7046415	3.816271391082102	0.31247623495643617	-1.136314739646261	-1.8022937768198373	3.7933247038328224	1.7325185965500842	1.9450494065714257	-0.29824820819521847	1.782153704503661	-1.6650646949803511	1.0689956286085684	0.6206033078521903	1.8937292808967041	0.7864868880917496	0.8170447642756933	-0.915940185992237	-0.2940589737784675	0.6663736939379311	-0.9412162562225844	-0.9842274578359833	-0.8589644921071363	-0.4233996068864266	-0.8613667609691775	1.115442151308854	-0.7707135547886276	-0.0370060497567658	0.9844450906365321	-1.7536146221439213	-0.9174434544109102	0.5015027122591632	-0.7638882778461222	0.8820132867229661	0.8127003270304719	1.1629278596619408	0.5461241642109217	-2.097632506979656	0.7744715472262681	0.3568893620017733	1.2480384298411438	-0.6088422060308925	0.8462455542004508	-1.630910004493126	-0.5333260833719912	-1.0234905585144425	1.7800766246432687	-0.010446568098825064	-0.4733125006004538	0.8867618895791294	-0.4776774861581198	-0.2607109516601627	0.8243404020083848	-1.485454095891401	-0.3912304787867012	1.736644588864212	-1.593417788848239	0.0197000639145888	-0.2947936586510787	-0.24589817768870598	-0.13840950003235347	-1.8735227602339817	-0.4295620842313099	0.014850066349484865	-0.8294353424001933	-1.0771743940193836	1.1102169798450894	-0.2372999200240752	-0.9405897190080553	0.7329216554400642	-1.2993563423487509	0.1553365153676303	0.2070905023552772	0.12333507421937923	-0.6885887486633274	0.6696579307999625	-0.32674736455082526	0.22264637070649995	-0.17644747695023602	-1.0546717103944185	0.7533373366732307	0.5235706646199753	0.39885939069047144	0.6134608805355504	-0.7236604876322408	-0.007876193070355092	-0.8349981757543032	0.1586403845157075	0.24604630659846546	0.6353511213612949	0.1575160111530079	0.10568063931508054	0.9929476039105833	-0.6194677572667463	0.1808797615015969	0.052738330923121406	-0.6086631461166964	-0.8525875440817401	0.18577186879846008	-0.2090858660132916	-0.4275432905206143	0.4341437358071901
DTXSID0020363	-7.196724452675001	4.393279622011906	-1.6394694963813985	1.3709874130067374	-0.4187718829529707	-0.39803111334510044	0.5550722534508251	0.06424137310874838	0.17173906122546764	-0.5393369187389031	-0.31642046967448767	0.4475707840867537	0.9787338643948376	0.40353904345608854	0.45517921363126873	-0.42589266613994786	-0.6767966266393117	-0.691163164034776	-0.07345379905043586	-0.8318185003756743	0.2903286044525993	0.6503159041028955	0.16242144132004135	-0.5615413623862925	0.551436464095967	0.15978522086763106	-2.1413082032008526	0.2646739741873909	1.0509191072464934	-1.2328031247757556	1.05885517529718	0.2898484040083834	0.620033769878178	1.9888315701713544	-2.425361483103016	0.49375054063480556	-2.0030876947048215	-1.5085369684516268	1.5237830079302175	0.6462566753822077	-1.363835878925075	0.08552678224369364	1.0970633147938935	0.3885278716251367	-1.3633057097644892	0.25293296139639543	-0.9898821813095122	3.1315593789823626	0.5044024824676558	0.4808372993860833	-2.0973389565929725	-2.464691862758937	-0.2025424839529509	-0.4011319412948133	2.13599967651423	0.838731251531816	0.028673106253063095	-1.1489958625932208	-1.3218892700056937	-1.733433084059361	0.42986768109678986	-0.05601231264724409	-1.0010661267127634	0.380827148126939	0.2515833225447229	-0.15228378420331004	-0.670695314966475	0.11777062602489313	0.9671107697458716	0.7203181983700914	0.37704331316768286	0.40608103803420265	0.23236222636644116	-0.7667392203476524	0.4636787328351019	0.16279219867911315	0.413863442248746	-0.6965554912851183	0.7091536250763297	0.11027894986239299	1.1536594167363086	0.4751991891189974	0.7942016456319447	-0.04260852154171476	0.6699397821800718	-0.0476377787918893	0.48901881683661014	0.05052408900659507	-0.6178774278323282	0.3906186092814622	-0.48901538316298304	0.4671619861428663	-0.03312580390275442	-0.02518190644348631	0.008703750746961735	0.8194102539311954	-0.27710800477095215	-0.7446238183860739	-1.0038444668747875	0.05716279810584058
DTXSID3045774	-1.7995449561009917	0.9098174415906832	-0.49661898069684673	-2.7338705020937817	1.512719068030228	-0.23126179495811547	-0.9787274039891244	0.7479043039654525	-1.6985991306578356	0.27355987674592996	-0.5340404638515843	-0.5780426377537174	0.4684757626925069	-0.1726932195781965	0.8841855398291285	-1.2097158262996275	-0.5152640130795829	0.9554148085826315	-0.6357523963957646	0.25448873341746786	-0.4059863540886778	-0.961714443148019	-1.1152640367130218	0.9941142847456556	-1.0904867461732302	0.6224890721023928	0.3905627460953988	-0.9428127559058036	0.13862723937369406	0.8249317961191006	1.3366169899774558	-0.40977949619604503	-0.3273718669730787	-0.25671039059202266	0.15249793823991512	-0.26861041894642224	0.5031442201071763	-0.4896954158994452	0.753342577085563	-0.19653941840000547	-0.23393878658205422	-0.8257401480390539	-0.12695691871984122	0.44758780810480875	0.23364402805034348	-0.5002636314144734	1.0117541046177483	-0.6719672115645523	-0.47973795113927586	-0.0696228923821795	0.29168081162848636	0.09969969683425474	-0.10599945529055008	-0.020242753716954043	-0.31823203881205697	0.6783875311380547	-0.6923388911869317	-0.7242060810485953	0.43137943517402205	-0.46808472120362604	-1.1554564617713525	0.9432463125924107	0.06551083538636304	1.0464436025793113	1.4263144513501198	-0.8477242786299081	-0.6548570264770344	-1.6376000007812526	1.0664326711515413	0.3156244381193505	-1.045971878027379	0.307736033360614	-0.08398641200408895	0.6095056211877062	-0.5125267808970441	0.5047201327145179	-0.5563838895770148	0.07059809643173903	0.09275597494029542	0.48802445704164743	0.08563797647671252	-0.3872729329134466	0.3820770321145879	-0.8534183784263419	0.21747679811679121	-0.24651797617676527	-0.04461228573463856	0.803086866633158	-0.4498688152676744	-0.2096140988802825	-0.06158249494110155	-0.5980350199925949	0.4739790755214722	0.9789237000195106	-0.920338770082094	-0.4036455319266271	-0.17524341985830802	0.058613500748978975	0.3037657134871066	0.3090776686062716
DTXSID7025394	0.6557464344062335	1.614183253328325	-4.943722835825819	3.773146124961643	2.4216998626358675	-1.1026891672643564	3.2998422568124886	4.004160419281899	-0.9777260498506009	0.5307420852219327	-2.294025653995316	1.5280154169916942	1.8957416734892474	-0.11010457493136648	-3.330974566555378	2.847375831609894	1.2585629624950054	-2.4500818561494593	-2.539166801732799	-2.026562074183647	-2.267052746931357	1.1132614482021543	3.078041269035334	0.1587412613372527	-1.0083083901183258	1.6908117419768194	-1.6495219196654953	-1.6686126625867725	-0.02478242731616204	-1.6436467943766424	2.1662144360004985	0.36521653243747065	-0.09260181019204498	1.7046082678797418	1.44904844576615	-0.4259499081497004	-0.18657564699716458	1.1790881253620553	-1.1262412524917131	-1.6848963959125296	0.5257594158709396	-0.30424708453564425	0.08083554916034763	-2.1914362206570672	1.3654553787815848	1.7692305420423402	-2.507541331024843	2.025022878190902	0.5542071808479895	0.08604294994846828	-1.0257687975910375	-1.7463358417336672	-0.32585816092376696	-2.237981614550221	-0.6043864181283228	-0.5500305258065347	-1.2172664347261777	1.053041538124681	1.974711859699822	0.8730447256068276	-0.7579964324464583	-1.4788923794393156	0.09093990378520737	-2.1856644879001026	3.045922236663801	1.2980094499612214	3.152780972475541	0.13460889136637735	1.3203367725245887	0.36005276013246046	-1.2474702630002186	-0.5968821845799164	-0.7067589485196175	-0.699860376080544	-0.3741306191274225	-0.11995429455411703	0.6421757345476161	-0.997979435791373	-1.282391448382615	-0.08406477000756299	-0.8912532642102994	-1.5612735565988543	-0.33095863636513984	-0.2634198432644192	-1.248835654107801	-0.5494375178505655	-1.0448115749097289	-0.6074033047309138	1.1339878163178254	0.13320454501293516	2.541481722944971	1.6411787761708163	1.6939131354948798	0.35980216684535515	0.11737244525515896	-0.26650558311196515	-1.2433788778269714	-0.3510210159550544	0.04801590749750779	1.3442231200392962
DTXSID1022394	1.0508194743218877	-4.27400636787351	4.43770533728862	3.8119860178057516	-0.6707529250331618	-3.2568390579716984	2.24904138346716	0.03401428787471576	0.25301115792937096	-0.18143165914545853	2.8112358841887928	-0.8291017558190595	-0.9282676016617248	-1.3701469669857682	0.4225405068514943	0.5682769896733564	2.3801612103392635	-1.7979397229204335	0.20788344865257108	-0.2853888253705341	0.24856875476033446	-0.3310190920008272	0.3711805799298426	-0.7656428281001595	1.7164002934562337	-0.7543678908816124	1.4648548861602972	0.29960175316511867	-0.7232433669322595	-0.19715191254163544	0.3733301395152793	-0.20231732902609167	0.6512311098126757	-1.0304226146759792	-0.2924238835058442	0.19459123558440647	0.6722134113503057	-1.9816939157811837	-0.3943185169303138	0.07921792841319768	0.027181024525588404	-0.075894581426667	0.4573022801592186	1.1784841453694603	-0.5514308737954291	-0.790987187830759	-0.21354146752155478	-1.1974620265035123	-0.4395913598518398	-0.23680102979788076	-0.9487691926337779	-0.17582659541019052	0.1262879172200835	-1.2394056977583776	-0.9303293662901374	-0.5382532657593463	-0.9177265070517546	-0.27163456510008854	-0.2668047957499309	0.45612339602680463	-0.06208649304053888	-1.494555639989981	-0.3382722335085095	-0.6340762152954932	0.0827295400920579	0.5342364971921312	-0.4960774522626184	0.8844362315011329	0.3730006348442378	-0.3796184057765951	1.0288548628012708	-0.1849256723111259	-0.47516012000021024	-0.16184942847251962	-0.39629676172708583	-0.22462616902213986	0.08598618354634385	0.2015344380431701	0.4070687496643586	0.17933987244042693	0.05028162972235014	-0.1413026873430837	0.4854984495661397	0.3664474978083974	-0.1853064672244599	-0.43819630805175036	0.31387693885182727	-0.06407126670754508	0.033716388891371935	-0.28578179726307007	-0.3505382585305272	0.08410399623078393	0.09085877309255426	0.324718636138774	-0.14915012604723427	0.030158812029797918	-0.058928305957102925	0.19150245905518848	-0.12310672969319146	0.12171533676543969
DTXSID0047876	2.863576565699484	-1.1051662465276535	4.527240038561921	5.111104200559236	2.2059722847381034	-2.865750777707413	-0.2659696012603601	0.3874935343808788	-1.6161396629228748	-0.41696874985650423	0.24098167043088492	0.012777826387505674	-0.8386653273084951	-1.5375058914127966	-0.7979560692074318	1.7117120455432842	1.0326607613597774	0.011040040359943094	-2.099288383709265	-1.6758047778897271	-0.8292305166057222	1.331182128880201	-0.10160468706414509	2.305158575921136	-0.7134846068919285	-0.040935929209493044	-1.39680086085745	0.13676676796791135	0.1254956388774994	0.355756472067387	0.34773683117279014	-0.24567215587530422	0.20264870976167482	0.5263209119688407	0.9078842871536721	-0.46317313735543575	-0.23999638158478928	0.05225148506174034	-0.08281710430827832	-0.5746171496976656	0.5416764623377118	-0.36185157494296305	-0.32615595876707837	-0.188426956774157	0.41329570531047566	0.8946634890854134	-0.9327272586171318	0.8204445077730746	0.7406379340228006	1.1984675647376393	-0.2632897187852936	-0.5040055240838769	0.19297079794437794	-0.9903227765020365	-0.9892835561150579	-0.4088756735307252	-1.4820099569355905	1.516280193737425	0.792278084800807	0.6915258776408911	-0.14328514979610843	-0.804492097719569	-0.05576391233368466	-0.28070633081016766	0.9103515605345843	0.6365643529955013	0.7598771757661682	-0.1654776042353334	1.293011643488658	-0.43544909206760424	-1.1324529960758782	-0.6729052924817391	0.7254228658181308	0.33207372476019503	-1.2781158666348316	1.2941285190472298	1.8809723005880037	-0.9728233926790882	-0.8831857588329491	-0.38274033293824744	-0.9310738507594807	-0.06718384114227793	0.12671074664198273	-0.8352831537264991	-0.5591745943723869	-0.9822421062908137	-1.4817921460185501	0.11404113561215376	0.15744756228893145	-0.04161163995696445	1.259149267262598	1.3054172934287613	0.6088531957655754	0.07493140014580442	-0.09232987486088155	0.46107118723056567	0.15234448818592625	-0.41739244905028305	0.45682988378044737	0.9163834732528714
DTXSID4052342	-6.111281176323162	0.1344984848797478	-3.4901535557300063	1.289638753446208	-4.42666183251769	-3.6509337464250873	1.4614926198721838	2.8786747087412663	-0.3464479382758555	-5.195619095329409	-2.5685522448721576	1.161851859791701	0.9514114206768708	-1.1747116897033851	6.853183494678484	-1.401107784030302	-0.08869791591178161	9.222296204023893	5.402170767314829	0.29927005815339697	-12.258507371024631	-13.00849254232113	13.405555842061819	8.227404362191356	10.768729698369222	-2.325712436926423	-1.3377953394404798	1.244125395469699	0.8279452962189778	1.018688868013688	0.27313923656917305	-0.21982670570998694	0.5754747507808833	0.2693009542612738	0.173535581065951	-1.49148982734244	-1.4249433698178753	0.9627259252883734	0.6617536574036909	0.3960156733239213	1.5558763774891686	2.0476626552842165	-0.5022680749517081	0.3530602034539012	-0.05295398917951741	-0.7801737019037116	-0.9921332595162986	2.3590929656262274	1.5279626452035528	0.28168144439431075	0.0776767215759381	2.153972845786148	-1.2379249210927867	-0.3078251142916184	0.6298062994798341	-0.7676543171509588	0.8534459358103825	0.9777984941498739	-1.0099186646974487	-0.22929198554848407	1.6022125917943795	-0.8120613182968447	-0.3675456434407432	-0.5755997388832211	-0.05457650034939884	-0.5463940144525821	0.5090390975239845	0.2106114851752622	-0.33790329561586097	0.6130394061524619	0.5927385228604523	0.251054155971521	-0.240797779864207	0.9540333443128763	1.3284133056359355	-0.22655533557904	0.9385922331674603	0.6275118588879435	-0.43203317023188387	0.032966983294952706	-0.9844219284507686	-0.4485253412279251	-0.778063328267344	0.5646867876395361	-0.48289236297453436	0.6926962223244414	0.7135334366423576	0.6835278947521698	0.285595750598617	-0.4934159447993089	0.8002558204629043	0.04290693503828479	-0.4798913777816739	-0.360957770638028	0.8134231074621234	-0.2910817089295188	-0.04759402889857294	0.5870838054269829	0.12449685242807504	0.32762125068454817
DTXSID7057650	-3.2298890558928908	1.5199430180280429	-0.3836616293029488	0.746198439310935	-0.2144999224894084	1.0043500050947733	1.5863849221107975	-1.2436840515427285	1.2357685490079517	-0.30388490697603154	-0.41984970408692507	0.6585981641261064	4.722676817086015	1.2541629363575555	-0.604727741600238	-0.43309549213992266	0.5881639857810291	0.041306396824061786	-1.4187324984536283	-2.0327484118616588	-0.8843185322649524	-1.1585666160641177	-0.7484811414173813	0.49903207555888596	-0.18302512135031507	-0.468007202682629	1.2330372478778417	-1.184748645690139	-0.7882883740320384	0.03008202893207641	-0.4554591166186107	1.3114541712997492	-0.4116495453099489	0.6242735229214069	0.26590583176812915	-0.9295551896645712	0.5578614349379003	0.8945579589839247	0.15920424714373213	1.2458037416429428	1.0901688244631405	0.46641136327277605	-0.7579252172313992	-0.7734760563131954	0.8969828686743756	0.3132890317226837	-0.02624057744378659	0.9857779950375658	-2.1674218995487142	-1.578075495774517	0.7244513610435735	-0.9086937491757046	0.4685561671737183	2.620528370905501	-1.4109011131337632	-0.566774727266644	0.7708400968694202	0.4371950033812947	-0.5675283890422903	-1.4433715052897884	-0.3778134157253848	1.3861215992197682	0.4233427133260271	-0.06234397569268449	1.068345297854202	0.6790658532531575	-0.8998048008184047	0.7640310447627973	-1.7248233013165473	-0.5400246830956588	-0.2031970124332238	0.6609138478450995	-0.44207087678065654	-1.1774812038262348	-0.6416868822707282	0.47012664273348287	0.5907842023331831	-0.7235199412683193	0.4265247326852235	0.44540312750224426	0.8295402747890527	0.8307490405931859	0.36247829647035523	0.0604771375978135	0.29956721684782084	0.020107093683923452	0.2584488175809889	0.3586984977272145	1.0774184159957356	-0.7821316586894045	0.22985109709264256	-0.5841650361460359	-0.25445963272972305	-0.6006009260149152	0.38901201702238325	0.25279455264656153	0.38779294772338296	0.2219637589608916	-0.29463913227124844	-0.23431563846210132
DTXSID4032615	3.532833047932209	-5.066026513716104	-2.2779316740153677	-0.8232918216445209	-5.215401102573501	-1.0979358074344334	1.9354006089051332	2.6564319657137867	2.3113637378050083	-6.583454657601404	-3.1258027684690948	0.8331242985697704	-2.809397107996595	-6.645279724554142	-1.9115360331200693	-4.460391379410324	-1.9243634324656633	3.806945120490697	1.4820847837066438	0.28938385562015706	1.8498927276816368	5.500837048190585	1.6251209021834248	-2.633411243826647	3.0674639839328424	-0.43955755407695507	0.5629368473108376	-2.7037593099091515	-1.3272922996375176	-2.336864054060392	2.0188328816049883	3.347877588403082	-2.994592828458468	0.7818323345257662	-0.010512034196523171	0.7976019061795624	1.7459069147183965	-0.237887049071576	-0.30290307592216825	0.2558855707374316	-0.27412876471794395	1.6728420304314422	0.6293097754167928	-0.8351801909324819	0.03843439366822517	-0.023244733451629983	-0.26717931633132047	0.43774546994743574	-2.438694289349902	-0.4713353090416586	0.40916915912726587	-0.6057518171779804	1.9086584091183694	0.9992533190458085	2.0432792808100997	-0.3517288340376801	1.8552124047744012	1.7256252799951712	-2.1756315280072207	1.2087459991717924	1.9379945084515222	2.0934405374398755	-0.17829017354466217	1.0773804094348278	1.4744798820760223	-1.8753201599115938	-0.5782122505546573	-1.2117622327564619	2.5683720725345247	1.3210659367735416	-1.6158369638234045	-3.107186258999132	-4.879425646536132	4.804379536869751	-3.232109991664798	-0.8058439777583987	3.034811288383207	4.352864533271675	3.613334179006058	0.26302855560190247	-0.5071949742929278	1.4871567540297634	-0.6156424797902924	4.482579643572652	-4.210994352756613	-3.934917953937059	0.07399026590116727	-0.44581405647808264	-0.6659150758737045	0.04657553943928304	0.8163358968339545	-1.4266290652410218	0.2397317421186607	-1.27419784186281	0.6496983649749226	-0.32664442005649164	-1.2235643298308463	-2.1291370664162748	-0.11624979754837463	0.5135850543521375
DTXSID6020276	-3.5253200198084995	0.08611126964644374	-4.922767982311323	0.9737073207292685	-2.435644294642733	-2.088542000314487	-0.42086278416648554	-1.7651060724117944	-2.0054836607391477	1.7330280904731434	0.28232630632349653	1.1921308306244753	0.636878640099978	2.447198471243538	-1.6703185574415809	0.08293691460296995	0.3338878179570777	-0.19469465525183235	0.12498255415923194	1.8891517672418763	-1.7075970786764814	1.6287467015616495	-0.31291084460224783	-0.13658836494355966	1.278216105558109	-0.29126605602101546	-2.879024508130537	-2.7820935277729646	-0.654423800660415	-0.9957387151300269	1.1695986110330656	-3.050725105017547	-2.089367036224958	-1.7499499770851727	0.7373605304317251	-2.452402139087263	1.365799462848633	-0.10080416154951695	4.6519114771623125	0.5442231150716266	-4.41754950150037	1.8793866581479732	-1.3966995723430211	0.8653006258825556	0.9346097391492462	4.6481360539244045	1.0162719194605294	-1.5172250086752541	-0.9144306173442965	0.5059431040546306	0.31678636540424293	-1.4452924919095318	-2.3441808010604452	-0.06529309212594861	-0.8306862112533706	-1.4979913418679531	-0.12243295804363777	-1.3327430228346	0.2677334933278756	0.03980037747607711	0.3410941698020226	-0.38120715736857297	1.0264923191568411	-0.5936877566123813	0.2989344600706885	-0.2618226070958733	-0.6006323855804766	0.3403416135984084	1.260639836470166	1.5060993838953571	0.1333156061025417	-1.7413743398875674	0.11107952369834391	-0.550912508567311	-0.4887253250202787	0.76428756176315	-0.6136024813327563	-0.580091260333137	-0.648389692773586	-1.0555018608075064	-1.6186365041831798	-0.8282605138669236	0.5677850784275843	0.5339669396927741	-0.5118239595672965	-0.23859699831820708	-0.6723496606543036	0.742813494111154	0.5453904794420067	-0.004087927373496942	0.09570673904957039	0.24856249276821166	0.9845124041489913	0.9418461175069587	-0.36523957363183285	0.2117039415789609	0.2949884595933696	0.5327019423768833	-0.38362808579710106	-0.40014640687749364
DTXSID9022310	-0.5045974483000203	-2.992706628052528	5.011914996631786	3.4042855157132403	-0.5832939364383422	-3.00588741106607	1.5897638696007732	-0.5302215673737332	-0.5129319111451649	-0.3412546552315535	0.6760518904556783	-1.1056228098554355	-0.7228162200392656	-1.818828762896738	-0.19005269805363448	0.23121475146574585	1.450696071762552	-0.8943524944336244	-0.2225211893795608	0.45579667769503224	-0.17610439694387314	-0.19106682229898594	0.21312641663663554	-1.2114837136484549	1.7485286040477797	-0.5506398668749478	1.1045774491124327	0.27269958048327964	-0.22015349004949245	0.09453095095830762	-0.0695124310102435	-0.6448551472587617	1.0524204252806817	-0.8921348994555411	-1.033867066348285	0.45814858401002895	0.21186794741719836	-1.0984012290281455	-0.31266481297356263	0.037628439135942306	-0.21515186702332897	-0.22935119260295392	0.3464272777072238	0.19905059151078475	-0.6899744923116393	-0.4129639386690957	0.12342956331250203	-0.40415938753692826	-0.41461809308243547	-0.16227200822098425	-0.284857085451612	-0.11275758776604608	0.8619350477609296	-0.8694330376764948	-0.5249925703449327	0.22775758034726373	-0.7314358920602839	-0.29936075363525255	-0.028051611284493485	0.764109282097467	-0.19274671441546215	-0.6557295658346411	0.016998551516041894	-0.9293581689628675	0.4338516231021234	0.7557580283648522	0.23217504756357082	0.13731177063268712	-0.7101443654280781	0.5461967340673783	0.35448991159104426	0.7091114287802996	-0.5858185503570362	-0.39074221915163077	-0.31397281419000206	0.06564669730623075	-0.4164544388588984	0.11561745139228226	0.8770729452088073	0.30376738107340356	-0.3266506022236857	-0.4582322828169759	0.7396405910057035	0.4467031819380145	-0.5711707413971033	-0.05166954331253831	0.5444649762055334	-0.626509741341554	0.16883946338622513	-0.10158728590002955	-0.07022801100308931	-0.2145489941870719	-0.5330187524231623	-0.008917245492151532	-0.720426452784921	0.2064587866999899	0.37708903042386344	0.23609134895776276	0.09897045768096699	0.0059960782906256045
DTXSID9045346	0.7083018653199642	-0.010851174162304534	-2.113969729996773	1.4813975278016103	-2.005196765933841	-0.32750647241405767	-1.0569514513233917	0.8704470544570494	0.6421424843464484	-2.5839567664812395	0.7177032686093365	0.4212792919031463	-4.777340756085285	-4.439802411930951	-5.724178601314099	-5.382502826383516	-5.34030729659169	2.0381140141761516	0.2215442493911265	1.4076752923500044	0.811526319608872	6.2927070923810176	5.6214315497399845	-2.224882025054825	2.218687167723792	-1.583570567958538	0.3221387986136637	-2.144711566924843	-0.471756610431481	1.9218354967461175	2.304076287752818	4.387293412381363	-1.5270261597337995	1.1888702970561151	-1.2055106492525733	1.2310501034918027	0.28576437349041695	0.4837144597384495	1.252981721237057	0.40478542070621965	0.8875969652362499	-0.03322596565387855	-1.4279835161679952	1.0669654707934144	-0.7431640235153975	0.3774051756189103	0.4072883148411822	-0.3076524995964761	-1.2824049564117501	-1.1364620790646343	-0.2718034426319734	0.488128337711139	-1.359792151724057	2.3118555801395058	-0.40925663541723706	0.5796820673550667	1.5161094309769252	-0.14879438635982925	-1.5298805746423465	-1.1560316318014936	2.62653613853117	2.2040043665837863	0.3719023070600803	1.0283018087636775	1.0159023024468612	1.401280108474888	-0.8851825219597514	-2.0510216449609278	2.156284787029279	-0.8570239829227357	-1.6619035768876018	-3.3486955000778136	-5.759015918222312	4.077832308007415	-3.962297104582228	-2.572482064857028	1.696399951125743	3.3083320980400885	0.7158856065596216	-0.6505007188565645	0.3235782569943194	-0.1696512878541652	0.5484592314735276	3.49977444397781	-3.8495109952739885	-4.200844797598052	-1.7347547629774815	-1.993059704116836	1.02125607106447	-2.088700788532427	1.0334582959824412	-2.0037259397620915	-0.1660090976187134	-1.2137777774702057	0.9288463502704255	-0.16753323919646795	-0.2014830048788614	-1.3829687308081169	-0.9770777658579153	-0.6096980324579415
DTXSID9022027	-8.140351487106921	0.37642508105771105	0.3202601397611958	1.789438651199529	-1.1256584697648309	1.7241740890365094	-1.0722104098367715	1.1910761716441556	0.26899442395455614	0.13930445865332908	-0.9244624517850475	1.7684796653914245	0.418006666773304	0.38229636619970686	-0.6853622698217069	-0.021040596781390693	-0.4397434065077241	-0.5381725718688105	0.9754021070449254	1.1635161269913616	-0.3699417176332589	0.5643300181019794	0.06949957238762289	-0.1868912193038083	0.3238711623698988	-0.4288306831897928	-0.09635729389212572	-0.07379829841889504	0.00895418192396633	0.3981050479988872	-0.3306015430120772	-0.06395487474091555	-0.08289832464491965	0.15289124437112234	-0.48775234013313756	0.00588965908083211	-0.1752066948165231	-0.41336700406839266	0.10819368011639931	0.3729794269677567	0.00095789339190555	-0.17881356112999375	-0.09526605717162348	0.2683112701215821	0.28167342489655955	-0.3158956206272401	-0.5175807563461321	0.34401322731486383	0.031511068202020084	-0.16699093084166056	-0.17922461839729076	0.1702568163841721	0.7885177453732801	0.3674630722559372	0.05288230280937854	0.06860613996675531	-0.3230117934188318	0.3621415032168534	-0.5754288866040017	0.6667878594772076	-0.15100037448368778	0.09255356312925064	0.09408088406432057	-0.13204077597416383	0.4471247872262067	-0.45851876677126563	-0.14019881559776115	-0.3562715712337583	-0.3829308193844783	0.7935881687581431	-0.1103158600229925	0.5776785269755945	0.08937633170949207	0.39278532942469735	0.05334517087273633	0.1195442585890343	0.14213665133962847	0.13500954406861104	-0.2374703675692828	-0.39843684756037484	-0.6970240651702738	0.26638634442186093	0.24360885319624384	-0.45497583644941314	-0.38926937379145765	-0.27877268390061877	0.3336186622863721	-0.11114908155581413	0.19309190643222018	-0.13528804691601612	-0.036935031275117935	0.1714112422960938	0.4046782872019364	0.18870524122236576	0.05853575601157593	0.029558340597143056	0.4576539104482771	0.0316233238571894	0.23751029150581732	0.13126593110858278
DTXSID6044014	4.237544361069288	2.6886188823547483	-0.6061976356450638	0.28048524810574177	-1.4950437180960878	1.0843526465802846	5.60157948636786	0.2978886866739673	-1.8640055070980737	1.6288082879151686	-0.0027764011980158693	0.47494625192541573	1.2194682278313425	0.5974499758523183	-1.1077804186020905	2.3630856689594717	-1.805840358770953	-1.9817420115954927	1.419226461536122	1.6446819130908128	-3.948245695262152	2.847299316821485	1.778116852459588	0.9106661090763047	-1.0410726569477293	0.6357426156537	-1.7858866994143434	0.37842008654274756	-1.6142849023565011	-0.8317385938387027	-0.0878438249013688	-0.22968837369114126	-0.5664891781098	-0.11052939198115695	-1.076584362054904	0.8728214892300399	0.8394553309091002	0.40544619844079594	0.10191907316875194	-0.7313561946203124	0.06987468934818918	0.7028216528686555	-0.5278542947792793	-0.10055384341896362	0.02904680554541432	0.6737035404636098	-0.5744749116853594	0.49864718710440575	0.2543392528247427	-0.2572292561109126	-1.2298007422738972	0.5271908174995776	0.18715990796138002	-0.4792265045803799	-0.7983588486570601	-0.014855855359797662	-1.3609771542736875	0.8076902178262824	-0.40105331127749105	-0.03868812695101793	0.38055356118662187	0.5651255466060482	1.2875513711606659	2.2650811344738906	1.0451386865276504	0.2382761626527758	0.5268041970292902	-3.2500288949335188	-1.1244501427165148	-2.169402936150489	0.0871737112264749	0.7277102038548171	0.9422482776404381	-0.0790124906614484	-1.7081909130665547	0.09331178234625936	-1.0940821044574467	-0.5839456024162879	1.315797177446502	2.5281828958342167	-0.1860829056045705	0.848531527345718	1.2842679790002123	0.7094652757017674	-0.9720113305266618	-1.0792466353417989	-1.2331211888240725	0.48957596062214254	-1.6997139391726717	0.9903861115857463	0.8951120373647731	2.178636775215109	-0.5900897239252169	1.369076755818121	0.3118126828971211	-1.6171062492089996	1.0541833433553773	1.3658674439446366	-0.3591175007132503	-1.7562415550119368
DTXSID1037303	2.9965761983218338	-9.82019360724945	-9.012576814633745	4.702993551341695	-1.6117036861796297	-1.3533619843564526	-9.145367222334412	-11.14824685498321	-2.2512504876296116	-8.093815642461887	-10.951668408477229	14.328539627390242	-3.5805174304048903	0.6460319234575371	1.2874276414665702	-5.191958627550525	-3.059767976499221	-7.101656705715972	1.8174862281812159	5.507156892677001	-3.6466777266288792	-1.0414425218817218	-2.993094074224925	1.4839902015998048	-3.0634063305852393	6.899920085584078	2.408890048724387	3.397046811074561	-4.966041128491569	-3.188118837100622	0.6625803790129401	-1.591345302548338	-4.918478531246678	1.2676690865335274	-2.6485253017085673	1.258061647760033	1.9421289662525028	2.0070274962626953	-2.7729991765645807	2.517453468699626	-2.927446706432138	2.04324838879888	-0.13838674981015653	-1.0461270946951207	0.38116033491166773	0.09984729617983028	-0.9416377673229862	0.11013788278635497	0.5989841291834374	-1.056009191728556	-4.113172475309688	-1.1293173936518237	2.643323268602816	0.8255910651516171	1.6628372158298963	-1.0306317346203857	-0.38397609872565536	3.641575506172741	-1.7595239606393491	0.19459136617648873	-0.3258129622563966	-1.2402151058788542	-1.9079352287675297	2.2122054078081397	-1.8489502928582506	1.475314458824583	-1.325074585023807	1.2938561098305816	-1.7652021226082182	1.680940847504871	-0.6475933282800898	0.447378513608582	-5.245689629582946	-1.6282427402071982	-0.27033769135913904	-1.9730475679669854	1.9912747406923368	0.8749563188096491	1.9805342224287321	0.24001992244625597	2.152216154196335	1.722129133628225	2.0915269674577077	-1.7897566955084518	1.9232384508620022	-1.9143347769769814	-3.031285250119275	4.608326690138134	-0.6549473518727854	0.002775288190495633	-3.2215908152262216	5.091907244874745	3.577978180377512	2.026537109312305	-6.748415803183706	0.36676092935791893	-3.187579447248192	-3.284763201705241	3.857897938658115	-2.8294644391481585
DTXSID8046828	-1.9308680610163362	-3.906298516638016	-5.423483236595137	1.8650213348375975	-5.417660661434883	-6.060039074027553	0.9977820270872421	6.526681556352895	-0.7807004961540216	-8.229843245968075	-4.685315589235303	0.6891536766032478	4.1141202661345	-3.8875310372862795	9.636957911931537	0.03280665931489184	0.8582102846130475	13.32665511008687	7.071357710075601	2.406763575881365	-19.073873781020303	-19.69887452605918	19.08864613557039	10.474921559034973	18.271341391833037	-4.739231494716086	-0.9789476466654665	1.5206352100193083	1.3062430276253048	1.338401256312737	-1.2205272315431048	2.0616841503990466	-0.39480264495937173	2.885722181320172	3.5538843636185606	-3.697281525988607	-4.997147345808273	7.239448870081037	2.1093260591656757	-4.10196001030753	-2.252636770171958	8.69611735530826	5.79037350441413	7.817398357529701	-1.6621921694553612	-7.847482292770001	-1.8661953280539476	0.8434547236859548	4.061487886701541	0.7374896837756034	-1.927868045555672	3.133110157629503	-2.540527348995348	-0.5649139085990487	-0.7019310744537909	-1.4899002866943927	0.39560468897060397	0.1281357250414211	-1.369385386157051	-0.6180910999449908	1.3633871497272876	-0.19555567296983922	-0.4229434172166937	-2.6315251200652265	0.9111850432273818	1.2054136256168337	0.25530306435054967	1.9794820883599058	-1.1787395211509568	2.40283585448083	-0.5685454698503412	-0.33151106949965936	-2.276617283596415	-1.324689748199941	1.9615683784538676	-0.5921732478466701	3.5858443366817205	-0.7961763938377636	0.4517714589741635	1.3265149099062388	-1.4259408682539974	-1.2114754125598495	-1.490360784898167	-0.1238530335902848	-1.7008970234337752	2.647428664878176	-1.0419860990888903	1.1900490521794875	-2.0142196940333474	-1.1635042964778788	0.6110200414790662	0.16199274236271036	0.3617130452053754	-1.4245665553380016	1.3514770324220524	-0.48052478000304194	1.2597838133493415	0.21858233667526997	-0.27953512253736545	-0.05446618216980017
DTXSID3046665	18.819628784524948	-6.786228590970412	1.4181128021977865	-1.673125009597652	4.0857369139202815	3.4743838072709066	1.1860639028347606	-1.3744790708311583	8.18697240035551	2.0716758232188566	-3.0073673944260624	-3.3163456890825747	1.4157742126679742	0.6710128683697939	2.1343741097023607	-0.5663458657574828	1.5952882194735285	1.4019662856980515	-3.5987488582343246	1.6654600522843002	-0.8405360342872887	-0.05236124752324943	0.2554026842309644	1.5470259774660744	-0.12750413731961757	1.7397770009762321	-0.5707825292314992	-1.1904546539828185	-0.13927045922283188	0.5296763247518381	-0.42401979027808684	1.0396387308815398	0.3420749666805162	0.662571682912953	0.6769180338792647	-2.6077417702315975	0.6824782781992532	-1.7072085183378256	2.111448150060387	-1.8964490181453602	0.62638766056167	-0.778897806346634	0.06047507274032803	-0.138810587057086	0.8094473251504126	0.7523137373626968	1.960375950313453	0.588152528770271	-1.4880240277810333	1.3441493953195018	1.3087431956126	0.4301134165898635	-1.932267932936047	1.1912657928764945	-0.6371376047147467	0.1734009719498555	-1.5079580057965907	0.9638547414233978	0.8771659571411885	-0.9520210855226994	0.3443295811262371	0.9753007201631182	-0.9644286110540775	-0.3742001880657846	-0.5375512559472239	-0.551882388117492	-1.8449016129753186	-0.6246646355726377	-2.1409459706442386	0.5060703620808068	0.3995201257798458	1.6018042705263456	0.3856310773258941	0.4515051552234455	-2.0406788912008755	-1.8398472177441778	-0.1670800125515495	0.2915272771766434	0.08337687567884705	0.07025575635242647	0.9829544199569197	1.4370921774453185	0.1764966818371319	-0.5597559139151141	0.804816584979416	-1.111724001856227	0.24761234414394814	0.8806849107708148	1.7469960183611333	-0.9782296757635927	1.6738712173984474	-1.0383803975112322	-0.3853787730886149	0.9079686135541972	-0.20668749266515907	-1.0556996248402515	0.7617907942214501	0.2328711069840978	-0.9533786217199849	0.04744557287166682
DTXSID9046152	1.726516399452244	-2.9664547275540873	2.1853000853327416	0.4169001399734782	1.228167958813511	1.5605134850230786	0.6251145905730119	-0.5378029835975066	2.555822451900209	1.299063343902832	4.581527985013237	0.9816768817205128	1.372153504428604	0.8349817339618091	0.5763205839396466	0.310417249682221	3.837561758922555	-2.1429157722913703	0.4623833186432235	-1.527890776396574	0.7635693880460087	-0.6607766918524214	2.3287006459602404	-1.2075876153582368	1.199996892171097	1.2779011224108756	-0.08453168903186402	0.6863061624083402	-0.6379924748777013	0.15997685833915085	1.6386940259537655	1.297257461005771	0.4629422990763127	-0.6113101302202699	1.3985610062959826	0.563758889274984	-0.22770675568703783	-1.4632350471819155	-0.7127968351005556	0.45989162036003933	0.7553965180202498	0.9657181498131137	0.250824211653517	1.1545754057908453	0.03483432925223759	-0.6350588552532516	-0.17001493395433603	-1.6006022129175255	-1.4396879132821538	-1.3764273438884613	-0.5651070519238842	-0.17528540778781954	-1.100691109513599	-1.488155828627615	0.21631421384977578	-1.3676720412794485	1.547181881504235	1.6401512528689337	0.11406491441168258	-0.3197001048664098	0.12067071252510866	-0.17740292292204193	0.15865164540682522	2.173237482622972	0.10618431053075363	-0.4767798097516422	0.19134328254163654	1.2537773447531957	0.11878584207616465	-0.4471781392529838	0.21254517284107996	0.5994662433225302	0.4382166100849507	-0.19330804172959126	-1.0537144764419009	-0.26752760977661805	-0.021762297795151164	-0.44443235521942875	-1.0321052045163226	-0.24657186362634595	0.9463914438823541	-0.19675255556845683	-0.36436680815117184	-0.12113602820960567	-0.17086298594059154	-0.5243103574698644	0.6979573324592292	-0.42995884436613524	0.03663039926690092	-0.48244067485503056	-0.2784972661209677	0.3239983983976436	0.4996479135765694	-0.2498534364123106	-0.4415746945810506	0.450126108772566	0.34263460814047514	-0.06911305161094553	-0.206569001873561	-0.1618946561337112
DTXSID2057651	14.446690336478396	-4.827734385944107	-0.8130582230567096	1.6322552895422426	3.9770863045093097	4.304166976127666	6.647436551898567	1.0941451243225337	1.1389399349127545	4.881898340287979	4.160087979886383	2.0675970128518415	-0.7377537772956297	-0.4009731469190487	0.9397281912440053	-0.6232194083558568	0.5191019470649875	-0.44798405478774106	1.2560057731872658	-1.801887640568217	0.42457849329899877	-2.5435592268876634	0.9820370845911947	-2.4979008183396876	1.2666872481897626	1.365760783656724	0.7331523198256092	-0.053834175980465616	-0.2475674588259848	0.73498505156601	1.578462887829613	0.5968392111363152	0.853038321500114	1.4597816193069901	0.8767684355312072	3.2138033849929717	-2.5606875706588546	1.1970050277994766	-1.6857399177624572	0.06778978800592018	0.6502895834614051	1.9617578407548386	0.5786730410562709	-0.2586139737820673	0.030750679614445057	1.6146887618708432	0.7022216645767722	-0.666957967154145	0.3514787138956044	-2.4538827265952516	2.008310696138903	0.12185966839130719	-1.4781637529982867	-0.49742239568524244	1.963821398065063	-0.8399146624820463	3.0135517210224685	0.8189796263087052	1.168578588728386	-1.6615702450686516	0.34283480060329685	0.4234065894257299	-1.8625992542712961	1.7904097136637034	-0.8890957373664764	-3.1322045602031072	1.7183766260849767	0.2908108338290323	-2.3675284572006645	-0.526783230107972	-2.4840959700442324	-1.4043195724713997	-0.29030775813588733	-1.8471246216166104	-1.2750699427727723	1.8749285633148922	-1.1307025746765507	1.2715332147509075	0.1444204131062521	-2.566712669241039	2.1493925519919412	-2.6040590063519975	0.8583374257637997	-3.0324202271752387	-3.0178242417935173	0.9109005036780549	-0.9363216532659975	-2.0548615107840025	-1.1305243971975831	-0.42435117539931916	1.0428153470450068	-0.7109401013374531	-0.3832442468746094	0.3479644145269748	1.1562947310469693	4.021835249669964	-0.545069969785021	1.1316228565682158	2.3702250487771206	1.9999133677516558
DTXSID5044572	2.7576245787545326	-8.13709346737893	-8.80315048232919	3.2073193378454103	-2.757556041173747	-1.5479649401901747	-8.891672083899499	-9.44192702283597	-1.8639270187865986	-4.915539716014905	-9.789852697778034	16.42792362992797	-3.689049110346562	-3.847883048226605	1.484127120538477	-3.85619937855345	-1.4993930498280346	-6.914064162931885	-0.3931634405301018	3.5815623469790556	-4.3396306195322225	-0.2121270393009827	-3.563739553748627	2.6082106841773984	-2.4274632623965706	7.150682325784466	1.8117909269317238	2.906103581123256	-5.399851761388804	-2.2323583374812337	0.2284398284807832	-1.7118530548475948	-3.6002689656848412	1.6135798647352633	-1.7047578341175291	0.9571742364177931	2.1407102051463993	1.4111355107868777	-2.1923680895204756	2.13282449452816	-2.779551210417276	1.7769832962319931	-0.28722120197839646	-0.6546831554577841	0.4806023402428737	0.9816209213339644	-1.3696440506566694	1.0066433377537116	1.1507131080287776	-1.0848747735164983	-3.66715368293058	-1.2614370449802235	2.7505967091381742	0.7187908871583168	1.5125456814289275	-1.7824401557509695	-1.4936244834037509	3.6650089280946334	-0.8503147414137137	0.22465428030629817	-0.3596488677047985	-0.7315394653791624	-1.6468401803811326	1.1786932777337769	-0.9405297029317009	1.7173670228277211	-0.6347379703483425	1.2383273292584487	-1.309154048243783	1.865244401657027	-1.0719921820838305	-0.24610367227130717	-3.7382042770634043	-1.175244709912904	-1.2569780355649367	-1.6885228842087117	1.7456758662316598	0.29341813418470003	1.36057143466674	0.26735440767400254	2.3453555907083707	0.6021117221832857	1.4804642924758515	-1.4832575047737404	2.1035584116709902	-1.901531601835154	-3.2156592155744863	3.988445922816727	-0.40364382372013713	0.0003292803574938824	-2.2417601465142964	5.007111644823544	3.212049642363012	2.147516004038614	-6.129985742884005	0.19941794254762915	-3.1759597852595918	-2.991990600924524	3.1666243351211754	-2.426900884766769
DTXSID5044817	3.209806028653709	10.746342902208138	1.626597528125203	-1.275338874226554	-1.5499700021029608	-0.8781933170183551	-0.1738684205014686	1.2474451190391942	-0.27864774777067364	0.6755450177820873	-0.07158172928222103	1.6733295879713594	-1.1077151975185078	0.38219640352525414	1.509402096266234	0.530071668624315	-0.38812667572826914	0.5249396427395089	0.3519459947339957	1.8604421995743914	0.5526639746040983	-0.4921226286030155	-0.3436666710717656	1.0911348371036373	-2.9969804056202674	-2.6962983738906634	-1.685317966998358	-1.8827825985776732	-1.248053472300504	-0.2280764858293716	0.7499209771233505	0.35045048505170856	-2.373123934265644	-1.4415371147521872	0.079567305734417	1.4860149084854228	1.0438213402563692	0.3021929392808813	2.02444252109657	0.3619571538073219	-1.2186298748828976	-1.8355787518717535	-0.7407796958981987	0.5255115044177481	-0.44380440077057315	-2.2207549394394293	-2.63327355849717	1.9500905280836875	0.392233103225973	-0.32119205400990675	0.5570506133058027	0.5695103366998258	0.09884583545602407	0.4278608880669174	-1.7398645068284833	1.9257651140047518	2.091845983150225	1.551573452849871	1.4505961769451932	-2.739720984948928	-2.117533531404093	-1.950842033933193	-0.022785994386195173	1.67904257890347	2.4873116675262446	1.0335825672441816	1.2090181944138467	-0.661085628605324	0.2667716918335299	1.3758958795822107	-0.2920609364805963	-1.775116098982349	1.73126225812909	-0.8250142988303109	-0.11473952504155362	0.9149735184776703	1.1241319272816463	-1.2084332289201638	1.2737944682378122	1.1892272668902748	-0.5304582924705102	0.512977747767661	1.7296520751997464	0.4501865075351009	0.2470753220121233	-1.384819036268231	1.0170978896894347	-1.2225704048154398	-1.1510703467441414	1.5512984512571424	0.45681647286320815	0.9747667073561717	0.16454845553466502	0.6161111739965262	0.2926651891271928	-0.2131216580488314	0.7302783428591405	0.6727900456181861	-1.4456779108355393	-0.46573218372636893
DTXSID2046886	10.715238271053744	-6.455144458319434	-0.3829500508637704	0.8860309322267862	3.102844754858241	1.48191177047178	-1.8038617732926747	-0.318775068699174	0.023735824571795905	-6.127812777368712	-3.8900947020024135	-1.5252377260371308	0.021438898578031856	7.219708629565688	0.5868159042483605	-3.38250272987384	-1.9999588436386184	-3.369680106616613	4.346240528204177	1.509293175209337	1.4020289540908513	-1.2144501885677335	0.3155355031724897	-0.12665525893081836	-2.0749364219076587	1.8155984439856145	-0.3304297255863974	2.075822061082672	-1.0446683438554984	-0.23412187265240172	0.38316314694252246	-0.826439031799504	-2.683907475395324	0.8061010876185698	-1.1684119926162153	1.6914522657698687	0.10672456264444155	3.007038431465776	-0.5591924469552582	1.1921312878332808	0.004049817168079923	1.8666613161647414	-0.9432688517058597	-1.79396267381862	0.49329446975139296	0.9811962389812183	-0.26404994233865914	-0.6283349948613056	-0.3159057269000023	0.621979230542429	-1.6370988526157744	-0.7447986055757059	0.9201535230313584	-0.6078013655322776	0.8904009759593773	1.9912492610876769	0.24771274233670196	-0.22250310092819264	1.2468643698080741	0.6923751630505829	-0.1863674636840861	-1.5350230229977577	2.8250928282117287	0.5587305251975482	1.948981858782193	1.717150343635482	-0.7273706677812459	-0.28886135171901894	-0.705593971937768	0.4888999935549779	-0.7924765494533701	-0.7919705889797375	1.0969997582808877	-0.9056489225070532	-0.039678287246806936	-2.265701179937801	1.3144634520282983	1.631917667425375	0.13994336250310335	-0.49582373013776965	-1.0253711416231477	1.6793307076375477	1.2735894075910754	-1.923915117618094	-0.26834575534448	-1.1262369231960334	0.43266694445432763	-0.5749584869605736	1.0319492651522364	-0.10599624703734879	1.027819091841869	-0.7535701564768735	0.8170843544179197	-0.6313615102474748	-0.10175079883758475	-0.5865193149975827	0.31921730240508633	-0.22476780910504332	0.45719945703550063	0.2456884516225912
DTXSID2052603	-5.291671759777762	-0.4946979900876987	-2.0219758568481088	-1.222330561865466	-2.10818707746912	-0.6336037509980592	-1.1918460972190872	-1.9994457782449888	-1.3613638431992614	2.5283768044927353	-0.9080297484002263	-1.0306127694716873	0.7581961879509596	1.7249436858112723	-0.5308829319321112	-0.3857898098428378	0.7125813062394548	1.2571011216178547	0.31958845312101375	-0.008514240822129862	0.43834544793069324	0.24931984769423343	-0.012640941942745796	0.06763481333566711	-0.0645715788464442	0.026357286523142568	0.3832325672738729	-0.33539663216137483	0.32154783913141777	-0.02105582405239509	0.7194831884913694	0.11535360305990534	0.5500707239402859	-0.5078581683728611	0.06423375998904643	-0.15297791049741866	-0.01793054672304755	0.20030290343435522	0.010160303302117197	0.20846610742653895	0.473902303271851	0.03139383756703445	-0.23771298528036577	0.26380806886846075	0.34841429084003767	-0.20656908288431286	0.29511362934321655	-0.6679767597102897	0.5840791194990785	-0.021385290253336423	-0.6335728096715727	-0.47900867966832	0.843269728952142	0.9617052517678581	0.7893474467597043	-0.1197646164104667	0.2348368690715477	0.4271946441270262	-0.49262595082447386	0.2397388158177543	0.1486492072840634	0.4636959099469178	-0.10448126577985606	-0.41049917992132806	0.3714602078053612	-0.64875122454441	0.3186163923600931	-0.19395295499367318	0.12435981500906375	0.22238261353285785	-0.7061741931788035	-0.23214389150153064	0.196154687512198	-0.2212193774377737	-0.042671600325138274	0.10244630163756721	0.24929641605555908	0.07726909835137583	0.12855736222287953	0.3331901138123767	0.08144602300477789	-0.14076296672137775	-0.20170786241256386	0.3530384122758442	-0.3277774632638216	0.16991010263824324	0.7556177539407837	-0.10989784951791755	-0.34265946729910984	0.14996113818682036	-0.0917350420402763	0.047774445552924774	0.05182295933886426	0.45306382665492534	-0.11431962132188926	0.12310389939350809	0.37936776217646445	-0.013450995342098952	-0.14264059437860407	0.06305021519873644
DTXSID3032591	-2.320895643007473	0.03808509237911672	-6.805965446373617	0.680914133216961	-4.8132406672588495	3.906148049674243	2.6066293474513653	-2.878074944139591	-3.7585313424777493	-0.30915505776533514	-1.3377156455742483	-1.5741678368037786	-0.30008209794548235	-0.5863665055257107	-0.6749119372590282	0.3321299838658849	-0.5196909745652138	-0.9991753284360133	0.6303013974772294	0.4446498878515036	-0.48246929982155506	0.050473709734273155	0.1889022493992615	-0.21497071827887818	-0.9475724105735865	-1.8201305382667319	-0.36420383405938866	-1.2537266418762325	1.733822207479187	-0.330851989058577	1.1427905296821776	-0.7422317431559255	-0.2821334790146636	-0.3323311803508428	1.0532680019554874	-0.05190799465499527	-1.2884919816103206	-0.19426195412965747	-0.6700023277925762	-0.8976017051220831	0.5582861036665246	0.04594776710480542	1.36303386575199	-0.8120306956698169	-0.23351526801938377	-0.5190620539712957	-1.506695875038206	1.2187699130406757	-0.9895296421838219	-0.4430133134708483	1.645000218991744	-0.0029954051491376623	-0.43502609550267346	-1.3713316193174427	0.15526358806037474	0.007798208196088226	0.24106008618837246	-1.107051775442508	0.014283158947882043	0.8927265727190595	-0.03168473135339351	0.0441391068227727	0.05503420172940783	-0.25707743243130876	-1.0312993759255913	-0.6098036228283497	-0.9064778986442009	0.848985420762305	0.7209936634103644	-0.8212639336649097	-0.754650001127708	1.0423738479574975	0.09092466431562957	-1.031154119174991	-1.3851897636124078	-0.792963430925378	-0.8681043419496576	0.508483942057239	0.10784431881719247	0.14283664899301976	0.6300278490571004	-0.15744050667187692	-0.27298020780624693	-0.006864796694124594	1.1574606941347132	-0.053112577622819596	0.5019572997846841	-0.439198618949117	-0.16740742776702391	0.44902191362680594	0.09130363760511435	0.2191690490525452	0.17303430355394062	-0.344921450919694	-0.06922628091337919	0.11613384604088023	-0.7338865690905978	0.28870067174608605	0.1422079484048685	0.317897646429371
DTXSID3044679	-3.6398032062125387	2.9721892760060453	-3.1125220949309917	0.3247738164880941	3.6902306992107823	-0.10615668305625826	-0.24414192692180614	-0.95197418805113	-0.13873341436407932	-0.7599175510540338	-1.2075145877960762	0.7406144305285169	-1.1865377191455735	-0.50750350779514	-0.6645515637257928	0.8313171588204434	-0.2570266634457726	0.8856361429740783	0.43476109192494083	0.1611497707983903	-0.2139921680184657	0.13808225620060502	-0.5223009109020516	-0.48239038038809684	0.8141641975030804	-0.1780765487679619	-0.6195322928358374	0.5680368334621626	-0.4268698467334801	0.12553404413287803	-0.03627965540532129	-0.5258021586085995	0.535594708030714	0.05713825392704493	0.2798037603411436	0.40884532295945036	0.3125573009724801	0.7707723481357802	-0.4134283582588581	0.23919897143681312	-0.06677088239032349	-0.325111379584941	-0.3205782863268033	-0.16268157574464764	-0.2684015940148628	-0.6815291262250551	0.08398413839070477	-0.11097967346463598	0.3775613636967742	-0.5728580803138477	-0.3699595335462916	-0.38089679139930954	0.20076786670681646	-0.07133079885858516	-0.5311357602395544	0.13800222231314097	-0.16406450881909415	-0.6595768050410197	-0.7497700519613012	-0.3151832919735603	-0.00029366838792689327	-0.33199554108636975	-0.14725958157522986	-0.3889878229597589	0.37303700532477324	-0.6714968881612081	-0.3356842492917023	0.37723272180675765	0.19433000404288303	0.13434726431696906	0.23729369832994582	-0.1035414859259704	-0.3705668133743514	0.2154597390632111	-0.573760721058201	0.3346105391893163	-0.22332416227494498	-0.37200062581937465	-0.14770858968313225	0.3327665691558368	0.043208727522483566	-0.20125917227997325	-0.8258594867665697	0.4077672015081396	0.07202531128914519	0.33922630302324913	-0.43837153169625825	0.39582163238423357	-0.1281887830555734	-0.06607233046391191	0.03702472419262677	-0.08297415187798401	-0.4667045483948744	0.521407052222152	0.1710964061113989	-0.16157011383772435	-0.6427591902898601	-0.069856082018839	-1.270587288880374	0.16947879305892868
DTXSID3042053	-1.2104351774440552	-1.1322519480675242	-0.7038983279595797	2.489539277185517	-1.9948036719577047	-2.095381127874105	0.6970091935023711	0.35333247598032125	-0.7077812169687412	-5.760782431140783	-2.5941321188382025	-1.558338323663167	3.4633392796925024	3.7313738715494327	1.7700288717687438	-1.8109802010928953	-0.750292783456757	5.146907082542913	3.8514435045884143	0.14106110308951447	-5.485899812536348	-6.998377750336774	6.784312460246984	2.9195904692376193	5.666316687131125	-1.2241599632256834	-0.37961254849681353	2.0066496858913827	-0.9640097738471668	0.379123017793392	0.10551032132351877	-0.429779121814182	-1.3431431313916469	0.4251505647816346	-1.05538466105409	-0.24360439487566812	-0.05865374477372991	2.1554368369492405	-0.4855417191409442	1.9020451659761053	1.2009579409743565	2.0093544813238693	-1.227664028391053	-0.7350182827395515	-0.4964656257276997	-0.8149888872993489	-0.7956878335947607	0.16369275989598672	-0.4720122444806699	-0.42411003590461266	-1.3348953037526883	1.4548939842553361	-1.1399912784033757	-0.3269285867273017	-0.008612019883564373	-0.12818996289160065	0.8588619871947709	-0.658821111986691	-0.8249066985511558	0.42263477396109983	0.8136283344212945	-0.6184623153359285	2.1779001142289327	-0.011129592480224673	-0.8854682286868522	0.43124729959889324	-0.7930923066584478	0.18559229074127903	0.8549647911277806	-0.8911516933949393	0.38598683244003795	-0.8011301420260196	-0.2843293117014155	0.813620400438907	1.761941468287387	-0.0855752697654034	0.368015737001351	-0.08660375388830543	1.3623460795842592	0.28513468377864676	-0.5391135324602455	1.2559881664437145	-0.2613965203968339	-1.280148819130003	0.9085324490439152	-0.08728089978061274	0.1561521679370102	0.2875493534693218	1.1930021434957438	-0.9604793375126846	-0.16535900988384977	0.7826980513124282	0.7058578542400992	-0.42390390103025427	-0.11306233495949486	0.15185294160449858	-0.3375078392054078	0.09671807306218883	0.3426609715458828	0.6108737326337517
DTXSID5022934	37.374273137692754	8.208277393799575	-1.6247892500297694	7.438233305295892	0.3798341937010489	-3.8504209345357556	1.880835904299681	4.6876337496995895	-2.5835119975773355	4.303502627310114	-0.044999557511236125	4.699701593533047	-2.2913178043514635	0.4029839183769319	-3.503427786444703	4.063145112229091	-0.33394747795268637	-3.9199925969722815	0.2020244485751058	2.1748093210339134	-6.21923275875972	7.609372668556737	5.374033651570905	0.4560832026579926	-1.067712734571304	3.4074458838532142	-6.665321595258753	-4.7134668406385805	-0.5803336696698167	-0.9769622073116326	0.21633977024262155	-6.288074537870907	-2.6699365442876704	-1.3122691632493144	3.2000621126278754	-2.029259822841623	0.5056610264778939	1.2996558294317813	4.127561264243966	-1.3902743835497868	-2.4861380998100224	2.324091206469997	-1.4532776592936936	-0.5908130950301246	2.4935767922892347	6.784132069608672	-4.134062961758948	1.8346800391296525	3.5502521738012347	3.495244797736713	-2.3446461482992023	-1.6439233346117843	-3.5860643467247795	-3.1824477834852045	-1.0543105130082322	-4.739975449506264	-0.24628160773359017	-4.144180903345558	1.688576882438981	1.7549669922954447	-2.118702028067412	-1.4932461668512291	-1.5886502378275793	-2.4382591539581875	0.5847997162585029	-0.1893731665222124	3.1072058100042037	-2.9167370812236912	1.9096355551523443	-0.49041383706512864	-1.3137681121887321	0.09158677124088596	1.67604684097062	-1.873874578491177	-4.35956522320051	-0.337762509110501	2.2970239117138718	0.16003293395342402	0.257639679379801	-1.083790058316586	-0.05677608352007768	-0.7020007542219561	-2.09076185273206	-1.9819182851025785	-0.702266422652688	-1.8951971917302914	-0.8193152365531821	-0.08069235386230202	0.1172432301428134	-0.537109091615103	-0.644129943214684	0.07187731204061908	0.6945660201226529	1.8681570120711182	2.945154811294118	3.42168515048094	1.554319181474962	0.15702621781589707	1.0355551554366276	0.3103342154086478
DTXSID6040290	-1.7806859637151145	-2.056159590931627	-4.181667236642958	-0.3830401483178258	-2.665582325090841	3.071881112559998	0.42176239616134703	-0.7163296657358416	-2.4499442541413625	-0.42005577135254063	-0.3644921847661703	-1.464631829344164	0.5059422430165792	0.03232781396009569	0.4313028242288376	-0.8209285055785238	2.671559050577888	-0.30266338925817665	1.4381003901346048	-1.6831741888054592	1.8160227194889362	1.208789986695829	0.9340710326507625	2.5411922336575294	-0.9191296003870746	-0.4375627300499129	1.4001690033291576	-0.09742855127854412	3.912945007616724	2.0146718335046963	-2.2085371493615904	0.9432394531343132	-0.17162666760770565	0.14471688589915013	-2.5132863366749474	0.41603884249797585	-0.3000432389158766	1.185849028917846	0.524331962836186	0.5822827649041474	-0.8242255556940052	-1.6642189155191929	-0.28327431313705503	-1.8061978634493436	-1.8198536725105616	-0.4071014067545329	-1.1386874619504432	-2.097406020231692	-0.9707091422606327	1.8387130634836055	1.2012496961216612	0.9930021559504848	-1.0347492083892038	-2.394147615837108	0.17685529541984593	-1.5970837307136894	-0.4128984233712593	0.5949683701737262	1.3758982689272465	-1.4245638398801381	-1.4696429808860016	1.7539143073257322	-0.32025057944162844	-1.3214352212901839	1.8189253211738747	-1.0283813734569773	-1.3595186090797549	-0.0751751371390122	-0.3606026380572859	-0.4017449075257651	0.5138818880610401	-0.5430911434735096	-0.17616422625884842	0.08918668572428454	-0.20562941504179427	0.22350550660174698	-0.09924834037110772	-0.4742585044558322	-0.011809161937432835	-0.02625540926853482	-0.9377433428105573	-0.565881286506872	0.8198494976963431	-0.3538847495730616	0.139331695631558	0.14043366227692824	-0.26756552379751203	-0.05461221201852513	0.2953721446868989	0.10429165358318872	-0.49755082749784674	0.16580378470938012	0.3240139521515326	0.12400612145178153	-0.18738717139165909	-0.08828532597818764	-0.1152680252433665	0.3106667448284704	-0.08096339827691656	0.020152903599907703
DTXSID3042219	-7.429228611290636	2.381146365485955	1.0167579963943936	-0.9253489372592851	0.4615894704642371	0.5451523646967633	0.6378478893132534	-1.3342951570037969	0.09442021002371405	-0.20633294985384437	-1.0062570542166434	0.5343658028845361	1.6303029723759563	-0.48220396984048347	0.23668371605171737	-0.8934766064750145	-0.6805621812553986	0.29644264846171553	0.4287540982299298	0.44801748833406724	-0.2786828074633561	0.38487772256217084	0.26783803629754693	-0.23993382610197464	-0.4605362064055044	0.27184273376536616	0.19367954756512978	-0.3859166146747451	-0.04899475352741528	-0.02348080725284641	0.5190021101134911	-0.2392042316243594	-0.0406900539572526	0.03590115596842348	-0.19802869810414397	0.0767467671965366	-0.3015901284989538	0.2173554441963079	0.002106173279111982	0.07506295132832795	-0.012066101426146487	-0.22541152586328236	-0.34320479374923624	0.6116900183746141	0.5109984222947117	-0.02906118820913234	-0.017772922657822248	-0.06535977864644005	0.4606777460321525	-0.36833308320832575	-0.1305684424169835	0.24492349286232945	-0.0911839130976353	0.04968876541545053	0.10596669361843386	0.24337986969164438	-0.22699455441705454	0.16707652981753804	-0.16830966035221087	-0.0029102700559247665	-0.042402605520761666	0.5309042882995266	0.23825847389841995	0.2861772434642867	-0.2541998405464355	-0.42086950563241005	0.13132680022527485	-0.1882602549547238	0.0008422652578851414	-0.1284074871760258	0.5421137600587951	0.0033749558836584886	0.08746212387434339	0.6517845363331108	-0.20083738450127056	0.3297611534774091	0.013185503926790708	-0.1010343491816534	-0.29335429725670703	-0.2059459937975458	-0.016347020892431702	-0.6453438575584632	0.3718788034966825	0.005403699664428822	0.1665029966902621	0.07557492175771037	0.06058864756585104	0.3259368185989283	0.26486050010837364	0.2935288434855048	0.055833043576527026	-0.22830754377289966	-0.45144182383923337	0.2831093095719068	0.0689043822728446	0.24391803216647978	-0.2993248614579581	0.2777548275298696	0.4909966320942068	-0.07554014690239191
DTXSID4046652	24.64370099854243	-9.557935418950322	-13.857765649035079	16.19048882141292	-2.0289472587188677	13.384498256230295	0.7565746647208047	10.622596782108218	-6.715234384060647	-9.308556498806482	-0.11001485846035391	-3.4584523973249275	-0.3396463956487371	-0.3059866870123592	0.018877013549435957	6.1083175153167355	-2.4423209123191394	2.386031385239802	-4.439159138486253	-2.3101566592241642	0.8708527622746602	-1.1422044949578227	-0.34921191881171054	0.17405190512540245	-0.42992148659829094	-4.80735235532595	0.5361227891455871	-3.2633893453397604	-3.081663331035526	1.7701151845613654	-4.371598796521298	-2.7543983498128966	5.322549601311493	-1.0604324198072583	-0.10180764504649112	-2.2301859562118	1.8382186021024578	-1.576249070449514	1.5544361816380354	-0.6442059284918975	-0.9757434692691762	1.1509148697535017	-0.08789966338825324	1.782916296688898	-5.15292692080485	-3.477184439858968	2.432716158300083	-0.20494439539133155	2.2069800782800706	3.281660327962282	0.7542164774342782	5.036394376635039	-3.2422789670228838	-0.022800094947178797	1.8424287969321287	0.8764483309047317	-3.1593796380287418	-1.9523480853137143	-1.2479073732050654	-4.737034756550117	-1.1209533311176325	-2.107812698493361	-3.9577057854547952	-1.399523974996335	-3.7923099947789862	-3.4245219791139894	4.024710177978529	0.02351085518325974	0.5859981529886453	0.5745427709615827	2.3353329754012893	1.3551516617820027	-6.64651978423806	-1.6838536554974959	1.3356764620226906	-1.664135754209769	-4.941355010403644	0.4037337963436836	-2.912042706027913	-0.7029332693493938	0.4717970124568705	-3.0017685364448234	-5.79882130644227	2.608381285612604	3.096008512966091	-3.2413877963327584	-1.8995384180099817	2.327336222369389	0.7917921022213674	-2.118597674787151	2.7454963864024995	-1.4246319363915638	-0.4193571104289643	3.460656651944149	-4.0983938374352284	0.4992046657381344	1.379273121535859	3.589852499932784	-0.4232638348611809	-0.5385518941861678
DTXSID3020330	-1.0899167850338791	-2.598344501962247	2.603827762216928	-0.17681114854462016	-0.005511151170898569	2.8105221720093247	-0.7415099979762161	-0.007277401085943283	1.4784091950199045	-0.032466798771057785	1.6035607433814951	1.1846209192237238	1.7751726960593863	1.397699658537826	-0.802617362159388	0.5889340050275106	-0.18690697169831755	1.366680544020863	0.4825125249696944	0.22290585364529378	-0.204642246205554	1.2712927275048753	-0.03709852616204431	0.3589221547884302	0.8993103116572387	-0.39726214704976487	-1.2584867834174946	0.5173680151294947	-0.37118651058909635	0.7276808320005361	-1.1788621300394577	-0.34412852790245724	-0.514299744487566	0.19200628946865844	-0.34479114456475507	-0.14769897042981278	0.9195681046367581	0.5936026112473411	-0.02644950187773497	-0.39689153502322666	0.40046756214481266	-0.3284683271034749	-0.35179204296792327	-0.27926623549448754	-0.06521753970834925	-0.12704750707674103	0.29609509202189216	0.4409508043522624	0.07267089343353555	1.0523475412136698	-0.48263018511685535	-0.11377338552785382	0.6685819053161969	-0.0030817524733554487	0.2578373794219929	0.47660210296855565	-0.7758815097148285	0.1906340470134604	0.228605830114476	0.378592376633724	-0.06845829434503008	-0.27412957787311293	0.5808595235488512	-0.35107819559305653	-1.1973554723177355	-0.48779841834362053	-0.531647751065188	0.24075345134462628	-0.2553016264976882	-0.1794570293769161	0.043196065174322215	0.2834537075060847	-0.3155457683721638	0.6948102316309046	-0.36859984355466874	-0.6043449538351999	-0.4007212266786394	-0.1271611505416701	0.5664778851898439	0.4502475928406246	-0.07899285983758117	-0.10509547026207527	0.26274789799003606	-0.24109594202848036	-0.6498742455948097	-0.5097236981505807	-0.4744924185820443	0.22970091228915016	0.44950640526951363	-0.32583776806885445	0.15858791722769291	0.03694686197838455	-0.15091779907937078	-0.08908112897446045	0.15886426103513848	-0.4335083224667228	-0.5013264808583971	-0.06113628767017557	0.2693366427976665	0.3355675902415544
DTXSID1027506	-5.314489915019878	-0.4945096653162137	-1.7792355837048357	-1.3730688008045664	-1.640214228679507	-0.395263277080404	-1.2603990509030856	-1.7001784666357895	-1.6636845279836567	2.5884308850388713	-1.1914272491764173	-1.1002727501268665	0.5992238635591823	1.386257730607802	-0.7924144314941282	-0.38412452436257705	0.7106913874277602	1.2436298115901954	0.15639975024997071	0.028668266652767792	0.471032518286035	-0.09350571772609512	-0.1431769707037686	-0.20629572243688446	-0.10239693334563581	0.055975252485412866	0.2913550682369553	-0.007753666732516469	0.11194824120266157	0.008857264218843974	0.627934755843757	-0.35530099474364807	0.6008642357903256	0.1836117207402178	0.11785386129908614	0.10687947266973398	-0.4457850673543999	0.13044215505881618	-0.011895955618459561	0.4292968516158464	0.4668360803620233	0.5418624581506388	-0.32015121435043253	-0.23266501986833593	0.2146103391682374	0.02742529796026366	0.019669839958156382	-0.738673990936786	0.31916595232189277	-0.4171143303799337	-0.33072671555460914	0.03879456708244162	0.7074219870714132	1.0156498839192918	0.964694182935444	-0.062007644523414236	0.2340042314786396	0.7315446435516347	-0.8788722861338983	0.09786935411287118	0.3165362457372063	0.03607599107624532	-0.3373864624698483	-0.4315517949272859	0.8089584367349801	-0.34650074753574783	0.2546361541818579	-0.2769763844086997	-0.03320545149315829	0.8494723138768385	-1.0667600101425125	-0.1694448705074954	0.552259254796617	0.21060069751330926	-0.23530023804830819	0.08251023299085099	-0.2787180195900865	0.6284425271597776	0.42834609669695056	0.34951580835017554	-0.22574280886731138	-0.3309692618337713	-0.4592828534554517	-0.059750429971584834	-0.24390152707504434	0.2223641909357274	0.6411987632065611	0.11315418663448554	-0.5317497440163829	0.04806833092884282	0.14844609608555281	0.17784434110124805	-0.0796656696396328	0.5190720802658589	-0.3943231964185284	-0.16346856612669386	0.671860153129826	-0.10348576456885343	-0.08860573058795494	0.11835354542736728
DTXSID8046038	0.6472211996336906	2.756908871314206	0.3172504463545919	-0.2937420080090082	-3.1181902401668085	-1.8296676658852529	1.4068745241072091	4.593648535346528	-0.5825802918107371	-1.4486797651837109	-2.2127654244958292	1.3562661976770205	0.49470562682575187	0.7338326094016646	3.7632902275879863	-1.3793143043187108	-1.4709333786421674	5.255027324455486	4.0696652923224805	0.5476722388589179	-4.965189906855704	-6.13650722190937	4.8027302451234535	3.653714100153388	6.718954981569754	-0.8986507664880914	1.8595424713460689	0.9658675210123361	-0.5369995728824787	2.0754860418434653	-1.0677221250139042	0.9266260326153298	0.3642716625616827	-1.8491132423948025	-0.22360351168157466	-1.2537238708140124	-0.4325807966601788	0.8451192805578615	0.43154405874531165	1.1538372474248755	1.0097979479722885	0.8561985086398003	-2.3278631675263295	3.566842012896197	-1.3811501630165202	-0.34762278188950924	-1.6793056835086462	3.899914121272341	2.254830412315275	0.7740623160768548	1.0246259846986532	0.0694850134602019	-2.705296486796324	-2.622099333559184	-0.6989287564620145	1.8288395023474637	1.5017589653024888	2.323222658619443	-0.8740455654761018	-0.6021337762707227	0.5336118420290423	0.2082371099230827	0.18776723461039616	0.09598184136557213	-1.8358583558721706	0.21254149503450073	-0.03566988549596359	-1.10218020962526	0.2849253477344886	0.16324641070065232	0.712501676732916	0.5931829797484819	-0.0940729038447199	1.4488971192212374	0.7824579181223081	-1.1354900677515831	-0.6140682670028607	-0.9688748330333695	-0.7551976567267018	1.3917242764171742	-1.8615892332263613	0.7911155421975121	0.5066137949048497	1.2622545945073476	0.27369907603504856	-0.23013341302618853	-0.7230083474568523	1.094569844859795	-0.44211997336081416	-0.25264451394993664	-0.5284055419976502	1.748934799128106	-0.916083828791052	0.8677484547397576	-0.5421364966201828	-2.436459588381464	0.6970364071262309	1.5409266607094039	-1.2958964280574254	0.17995781569336913
DTXSID8051629	-5.981211391222538	2.135516047135481	-4.998988122745278	3.1622140761997293	-3.1509188138064537	3.4572892850801864	3.099339973953613	-1.2948635074920725	-2.5220510912493346	-0.6992954335602067	-0.13017873068354938	-1.5502867037854502	0.9183376748439271	-0.6556485382657566	-1.1907431256242085	1.7922845552977529	-1.1641557776132574	-0.45706731482034274	-0.5221452833537478	1.1740773781486722	-0.8964268500789665	-1.5679081928498941	0.5608203446268402	-2.392224381537873	-0.25563718534721513	-1.9153256669253218	1.0229361116127111	-0.16571681358083254	-0.06683389695847039	-0.7474581855968286	0.9527863843084791	-1.1771578342335536	-0.6480759440308672	0.12652398517450983	0.15406395641430126	0.008568801124346622	0.3529263886357201	0.14749934125943875	-0.1936635311480334	0.1217664371751487	-0.2573430625985878	1.5136740169564404	0.4842842959358486	-0.4269393630693203	-0.45124011846044665	-0.53344133295661	-1.1967008021459342	0.8965065327839931	1.0054404843935631	-0.8633263441005191	-0.5639885232092382	-0.06623201790991153	-1.1517695232689034	0.10331830009618669	-0.9593524503762472	0.05419595116496981	-1.3095282517854696	0.6222976737683564	-0.17055889701166457	0.17204063663346658	1.3499249408806187	-0.6251002162280501	-1.0048258156216885	-0.11067546807735174	-0.44324368628769373	0.6547771798742317	-0.40832876177662497	-0.5272250059587906	0.7266848237058697	-0.3013356126930966	0.13053023510782621	1.0829331470707788	-0.023050082775321248	0.6115741834274971	-0.5606467496461294	0.08692119606446339	-0.7797928730289915	0.06174934962149562	-1.3736057414762912	0.14469133404254184	1.5569076312552637	-0.7823316845471524	-0.6825600371820754	-0.6028074699616788	0.8202192889463154	-0.6218185773567393	-0.09034437159105316	-0.06022059854038859	0.6356022112449692	-0.9955019399908723	0.8381322027737932	0.10875644118166687	-0.27238666981089477	-0.016751436277655917	-0.18292760620806509	0.3203225420276504	0.3843608817720717	-0.17934280199530075	0.7377195747100647	0.507005146023293
DTXSID7022093	-7.942298600344797	2.2563575192311927	-0.02493624436493579	-0.18683017439299568	-1.3697559892287197	0.12411840106672312	0.7784152171512799	0.3655618366413957	0.16903375490856018	-1.3714447980985291	-0.2236346687859409	0.4633213226745418	-0.7204390185214047	-2.271656366030369	-0.9272874374563685	-3.0593233111889013	-1.5858308213047785	3.2253812910482416	1.0829559304858103	-1.3178996202248645	0.6734015513113257	4.249076776799758	2.0481454527770784	-0.856292315492978	1.4520542950047204	-0.18629547287577605	1.6632607707815272	-1.8956366618890472	-1.150324563295484	-2.65816332001938	2.642293954046245	2.254729723658069	-2.2963827723509307	0.25424095571375116	-0.1944090364992782	1.5892821921153384	0.9734139462634679	-0.25362910437631575	-0.35542433685164676	0.2724119853106075	-0.07537925550207651	2.263686392049172	0.10522529541514421	0.4077096872991453	0.8824428974102547	0.6074394288856932	0.26405684230079957	1.1411704468849446	-0.015665166299771466	-0.7997294318820161	-0.5790044918240571	0.5870242181467055	1.0844360577136238	-0.04664964328346357	-1.1112004554323378	-0.6926265859883152	-0.21287264102036976	-0.2890269741530665	0.025216872727054116	0.826968722452454	-0.4521305506635851	-3.346243167531194	-1.3744669691099554	-0.8334135683335706	1.3005017298194321	0.3918614346125023	-1.6199638550741977	1.0805932796965607	-2.055643936670205	-1.682867643708569	-0.013095572885349278	2.9992819993032622	4.337993674993209	-2.9141770425111084	2.673699831211827	2.17839504095656	-1.999532537443962	-1.8347225688152857	-1.7926236672554046	-1.1688033226283787	-0.6286179144592757	-0.331971039593468	-0.35137777149416033	-1.7131920386243162	0.4488831827144098	1.578074038922913	0.6465148973357152	1.685030363238281	0.16301925164228925	-0.09411271621544792	0.5151065040883421	0.005226015349930668	-0.1050094733150137	0.9298815625180848	-0.11893326409183054	0.4160797740205725	0.36585481233504286	1.269831993899385	0.45196605705903975	-0.5710664751743727
DTXSID5047118	-7.993239796897159	2.13493763651982	-1.7047724327796534	-0.14912409564428658	-2.1190268522816558	-0.8744566226951881	0.9573763476367524	0.4257034383128226	-0.28332731520497356	-1.0353258270972254	-0.7153277558263125	0.28552009949433194	-0.3541011902252102	-1.5501362443121285	-0.15168573821856113	-3.4951546290638036	-1.053148402993515	2.9616060963839272	2.2581282963462996	-1.511450530687867	1.3762886177671296	4.886769538675251	1.2679645954467056	-0.703410147749419	2.2106500328802703	0.5063623918465529	0.8545509229361682	-0.7807006189494309	-2.6275089484127765	-1.7871002219127718	4.223697435810399	1.8616586777879236	-0.6297755693543551	-1.8213732686991368	-0.034481655528512976	1.313751556393767	4.774270557000434	3.7429689578588388	4.491119467057631	4.379233161527677	6.6725013526773775	-0.9484722562166318	12.319624549990966	2.787996741788202	-1.8182479425345366	5.396241865223007	0.8083342095015879	-0.011266467658372517	-2.3002016834572196	1.077282218248397	-0.08250313624966905	1.3887821431383252	0.3841715754500839	-0.3895706520612665	-2.032933064983002	0.2210432524408088	-1.2858531111752867	-0.18048361735079188	1.0627043459637338	0.0488010095460839	-0.818920246968918	-3.722021714192935	-2.028309464415142	-0.029426460514359723	-0.18502146249945564	0.5555356775206766	-1.181762021205182	-0.5161138837900964	-2.152588701098684	-1.4282301447805563	0.19861452051145678	2.9778694390303526	3.88509709156002	-1.6145279449870216	3.6778602735942747	1.6426939253359816	-1.8046077080988274	-1.7495095389928956	-1.2021306574553452	-0.535545684927862	-1.6829101443438306	-0.7438566076236479	-0.7061032399714141	-2.2144507349612854	0.1715800172585364	1.8830144945963379	1.3356779780636878	1.9408475386952102	1.1279994827429516	-0.20370808413248478	0.32606141491054574	0.10015577124250133	0.3502310463869182	1.2803259840350543	0.2585506973224714	0.4600398521906143	0.6602851032936102	0.7740384950189695	0.689399857308375	-1.4431867975088448
DTXSID6026084	0.8161826112254106	-1.6616987985877287	-2.850825017522306	-1.7387000793050564	-0.6775859496176244	0.5988074160464161	-1.216436606490069	-3.389709523295501	-3.127940802102456	3.480229690937596	0.668563703370613	-0.9271510901866649	0.7564378593057769	1.675251971914928	-2.174920227582349	-0.6508313781944637	-1.0214285958362557	1.0851827142447847	-1.0422513453892386	5.193284663232065	-1.803202620506269	1.185328160971004	1.2423191438657546	-2.010126801632362	2.411733666173137	-1.2312684176002497	-1.8835986549690504	-0.3196710078038383	1.3641561256933046	-1.7821077218672785	-1.1401365329696833	-5.637695351688015	-2.2453983333892675	-1.9900961556236376	3.3220437856617178	-5.87752898134448	0.045058237281226786	-1.3743102783749388	8.342607074760636	2.566649880213922	-7.65262975672976	3.3837099808560813	-1.7128618596148357	1.1727017576447412	3.0972376670603405	9.263010340992944	1.895345357653615	-3.6201976041040984	-1.9224643872282945	2.3349563891562304	1.7006730651690398	-2.059506687691575	-1.492895256186097	-1.6493202632924195	0.9791248685023983	-2.7307248001694453	3.974215721383301	-1.874522252464345	-0.1430446501155878	0.6605870313706711	-0.6481249178184911	-2.01641363348713	1.2368706942367875	-0.16942532934358526	2.9210687079235873	-2.448058003990019	-3.322667252114907	-0.31556796364506623	1.1644778080607752	2.7912073117470553	-3.8645945813630758	0.15966484792256727	-2.0218803003497268	-1.5371486920950155	-0.8038652805515669	0.8579389672822647	-2.6300887514886027	-0.8147713768451059	-0.7995264976929395	-1.3156073900284468	-2.623408252428702	0.27179266326007523	1.4447900452555082	0.8292523761224904	1.4204763564185887	-0.766247913475195	-0.5461112719893861	0.11199036955567362	0.8085251269535672	-0.03763883518102052	-0.28989853865815307	-0.09161229041270758	0.15535146762836718	0.733783688869379	-1.0407103707978598	-0.641413977016365	-0.12933643618594046	-0.3572315711954133	-0.16372231385868458	-0.5014634420002794
DTXSID4047044	-1.0199893349180362	3.885940373792443	-2.855463468931713	-1.981227855382776	6.424628343390288	1.223933831223486	0.8118116848384186	-2.7491845835177435	0.9319961049014578	-0.7056890957406509	-0.8086704338743997	1.7442155157145995	-1.4301306258506412	-0.0718391868423793	-0.17430567491401558	1.4919911761825708	1.4812155702705398	1.8455493480936338	-0.09423219794106188	0.47157786287670195	0.24470970032702893	0.35599445944680874	-0.49806495817768087	-1.0032099215985737	1.559510952544713	-0.3411700508895197	-0.9492956632530097	1.2289602822255097	-0.6067648033250189	-0.4288706064988277	-0.15718073277944708	-1.1073562663579664	0.9680670239960204	-0.038247662180727934	0.14908623397961884	0.41014657924391895	0.052696187568643	0.15315830237772277	-0.21207232005437388	0.2522851331933099	0.1280125027930008	-0.26084033370888077	-0.6967059931615576	0.06002928350614648	-0.39474434955154053	-0.9085149816341233	0.4977708971074318	-0.12202877602997586	0.16352849911442432	-0.3333501587072545	-0.14148363655419302	0.17867864740178266	-0.22970599321649135	0.12117561726827229	-0.14347450325707378	0.4299479320332237	-0.8126485089065215	-0.021253820583479348	-0.44297770912828527	0.1773543283677716	0.22408571073284803	0.22784511107037866	0.19335908593201612	-0.6109089241386743	0.06924534859936214	-0.5449353148047609	-0.6182600847485239	0.06980643278126925	-0.7771872300728054	-0.15858899834419393	-0.38581932289944443	0.40642618428133015	-0.15480886809567423	0.044454963120734034	-0.6609525471690567	0.1898049898552875	-0.22690788191125205	0.5487628859160303	-0.20766171744651324	-0.007201176662902813	0.12459672172348632	-0.026145989190299465	-0.15291004469975922	0.1908381805466176	0.30045156813526847	0.5903923050674874	0.08423717985990468	-0.11963602277571668	0.0020688474468270484	0.01801243248616038	0.11376316655440932	-0.017710662121870183	-0.549672558114012	-0.1418555971296043	0.10453238587337631	-0.2887248943517313	0.14881695790000266	-0.19376130053465815	-0.037354422647237824	-0.17750307067936638
DTXSID5039721	17.462939099058936	-3.099008569959949	-9.270463828799665	-4.024580728453857	19.206654552387665	1.255711965193193	0.664589029513865	1.5704073139918093	4.60823790880678	1.9006161757126827	4.643728109863096	4.394215733273319	-4.8435816680263	1.1505880841045335	-1.068228889745093	2.920273932990161	5.931484854037871	-2.0734925262624966	-3.0093642794460154	-2.311754111521902	-0.3977002572966584	3.0288435080560507	5.052921956111153	-0.3031416882846834	1.053879848509018	0.8839291468621575	-0.6493796364499826	0.5556588376400552	-1.3946590845423783	3.279125348973176	4.530885586794767	-2.597034593739931	3.841121694873193	3.5042413481935304	-0.3063105568380455	-0.01034235778303597	0.4460636778563362	1.602334035179096	-1.1892447655990432	-1.6549028729294284	1.155340981497922	-1.0332767187629883	-0.23884254198453198	-1.6964948570736913	1.3634242645511323	-0.16035064585753908	-2.301956674331453	1.3607454747026138	2.1519076972638396	-2.6481724577407113	-1.8227035449931006	-3.399327788458355	-1.334921367573989	-4.365481760655735	-2.5360155560255966	2.5043893049485546	0.8974765681218974	1.4031710447716093	4.161718784236578	0.2392816226667796	2.0858652337156087	0.42124464283366997	3.2196660009437355	-3.4734942881484203	2.3513142436826775	0.07021302370886254	4.138860860603414	0.7472926589436569	-4.860283315202011	1.2861017343082795	-2.107142681660497	1.5242023018002429	-2.2437685074278213	-0.7552744680080781	2.514514353804304	0.4153833396573537	-0.6086128463358216	1.5099861503946799	1.5409626592072068	-2.1458049399813084	-4.325436019055103	-2.198786146441021	-1.1931418108959229	-0.21864691509343184	-1.0065094104603582	-3.1712038672963416	-0.16686137079681165	-0.1555183299859785	1.5966939648825609	0.3143428888012666	-3.7938605914257884	-1.0153320014754532	-0.4258310811488824	-1.1884527326689447	1.2885134610069804	-0.8737712255276481	-1.6289468012832926	-1.9149987090551053	1.4076827381903618	3.235352389091627
DTXSID4029145	-5.33090938818827	0.784344188363066	-4.76121218937436	3.2383320444530637	1.088738289491603	1.3679053333455051	0.8649018154706561	-2.393868272139821	1.7168740291018707	0.4677637513810976	2.5657890425006937	1.7577077904468217	2.1461023263887444	1.517503765343536	-0.17952627648267516	-0.6986627053768636	1.5032044011506733	-0.5705871790666155	-0.8474920832326697	1.5006687255200333	-0.7253513216438545	0.1529874271374716	1.7546272046772875	-2.0240232941311933	1.4247126457719648	0.09512190967326017	-0.29176001746097024	-0.3013814210215803	-0.8006328786120871	-3.2708307681000846	0.5843654711151219	1.223232468456873	-0.023125606153328853	0.3620255116239972	0.19545290080818345	-1.1056835806193694	0.1036473676532437	-0.3157706547366012	-0.2587905844921629	-0.1754508736135232	0.0401812927239685	-0.20875595428950033	0.10159397358433417	0.029043878920961372	0.5657612387014732	-1.0622043710330755	-1.244216672711509	-0.5571407604838525	-0.31744218130905183	1.142274928398895	-0.5670429374613865	0.4284149270814028	-0.8837003948481019	-0.6228377071116794	0.49312870771076955	-1.126035537200851	0.005728172228572584	1.6740004141696843	-0.45814126526744003	0.038092756271830085	-0.5825300845109445	-0.9532581599144917	0.5991424270618282	1.0538703481247622	-0.34274815040154993	-0.7261303611622744	-0.5366156927889448	0.5105283305775533	0.3414793642221508	0.6120019535065482	-0.3388256289653246	0.6446414201863693	0.6060469390113581	0.7868862659845739	-1.377912731639555	0.1350188482171078	-0.7025710296758227	0.7300000756349364	-0.45760281670728126	-0.42094252551600847	0.7959714575235375	-0.15030122808842666	-0.08586525233767893	-0.26717217949160676	0.5871564751342088	1.0984220677509144	-0.25437144501736847	0.1331577813254416	-0.0516011920546547	-0.0938014270202589	0.5471635482899734	0.4192259296585433	-1.008728219180339	0.4392436947286849	-0.6414386035648437	-0.2686902734447775	0.41440103035176296	-0.024682934989354102	-0.1614850353693274	-0.41009597758948163
DTXSID6041056	-3.2411811412079667	-0.15147430754256325	-3.5240129886609832	6.828006588006981	1.910926753463823	-0.1683405523241131	-1.545044937254012	3.4984305240189237	-0.4579327409921515	-4.1251130305860455	-1.4886223676223496	-1.3161337350249385	0.19063025669257105	6.006957475242578	1.7680340126281966	0.5968952620664998	-2.6737043518589894	0.25624574657370025	2.508291808974954	-0.5817104244413301	0.01715068530894049	0.8655281415963314	1.0573012165906484	-1.799423874139116	-0.7083232627126925	-0.47509751883329826	-0.3088821033987171	-0.08295688998336913	-0.2871444208673779	0.16199590066043745	-0.7488279616279403	-0.13774927764256054	0.7521104626514038	-0.22275145209448743	-0.5135060845488039	1.313047170245473	-0.07361537000753787	0.7279719479657351	0.4558030271695866	0.1805476719916071	-0.3881240565668696	0.14632015663096457	0.1784085232681991	-0.8762606938517173	-0.2419749884967566	-1.0372504258887412	-0.3234802297053632	-0.11208313990646356	0.5096054701809138	-0.3983290003395409	-0.6317853790178743	-0.2185332146485833	0.20779571761769913	-0.14819650697839598	-1.541705502946581	0.19915269697964727	-0.3265134495196613	-1.2213754890068784	-0.2626873356787222	-0.2616674087049198	-0.8649779611771684	-0.41693784974654974	-0.2027804072305843	0.496036090998106	-0.5966624642215876	-1.0286803743520505	0.5352303205523337	-0.07758775730060877	-0.28771369902330096	1.8185510215043994	0.020160481004760235	0.004815707543193365	-0.8593443657807511	-0.46286977026601356	0.07361661996703729	0.8534933430493652	-1.061742037740242	0.19976311284701556	-1.3243053973836811	0.04749263265801533	0.45487347454622173	-1.3632030797663082	-0.7693494582536723	1.138528621271905	-0.4564341615249043	-1.7089752982558155	-0.624253028643918	1.9261075998082655	0.5118617550900479	-0.8218528983308244	0.9670975238938134	-0.16548845863124245	-0.14471188525118842	0.13267534623236457	-1.2531529030591062	-0.31826489730143837	0.23247992256792901	0.0139635944369065	-0.6623778280223929	1.3595306086311783
DTXSID5049029	12.653730957959244	-0.3224614857772051	-2.1277932454705817	4.017282515834956	-0.0027745009460475494	0.2626771493239824	-1.715109369585803	0.11385454635002012	1.3798166822779585	-3.9465172211367125	0.5820626896866262	-0.5729287654576329	-0.01991230863493644	-3.7735808923321046	-2.863767358852201	-1.0576447072462452	-0.5238087563535502	4.694019951107486	-1.7693572153048676	-3.89826714109761	1.9264372295471555	6.404373959595812	2.2222961969562776	0.2985898012036064	2.27622600205909	-1.8539511572943672	-0.31173085230997993	-0.9958033770090748	-3.623732221778942	1.2676809395447872	2.881016001364668	2.918908674030784	-2.030527613507913	0.1398930948117937	0.3132497956632017	0.8948036966463987	2.161859304295445	-0.6426026301792356	1.6779832606153826	1.7024383453975604	0.5978178159325821	2.301870796796127	-0.6489073541910724	-0.45371428457992286	-1.2473016175075675	-1.4435877231993717	-1.2708952737954955	0.6270649440817981	-1.0191833388731886	-0.9706018953537602	-0.8222740458422462	-0.2558661087179781	-2.035035673037106	0.9777832295700278	-0.9590674662036378	-1.7696830052447388	-0.7761698640693111	1.1078890671062211	-2.494140988843072	0.3763650343149574	3.395343288614358	1.8538717108776566	1.5784262734983858	-0.900366761698848	1.7873223766988564	0.6874329529715971	-0.6404668746736327	-1.6835496555717033	4.227788620820881	-0.10101751550666126	-1.841355707143383	-3.1495403736650562	-6.063549026050424	4.617932421189293	-2.847694594460098	-2.0807214692996996	2.342951752662343	3.161019389868961	-0.3814327263494481	-0.5803814836259417	-0.2089775427812676	-1.5165285506753226	-0.6883198954099992	2.8414675597525525	-3.437944854220933	-5.563068219966111	-2.429163051779472	-2.892197694417397	2.096374043946801	-2.244368026051844	1.7685545442315496	0.3379583384301869	-0.09559755885102056	-0.6301025270180117	1.1343904374110105	-0.06999877617466656	-1.260942551621855	-1.366967994119679	1.0955064407191244	0.3542650394228864
DTXSID6048913	4.580997724612827	-1.3020163936454885	1.4726759180839861	-3.4924032291310882	2.739468923934455	1.437294017478117	0.2700666218071562	-1.1167053728193395	1.2569305017803722	0.20964229221892153	0.5437331314296806	-0.3323102156000774	2.362574463137264	0.7857991882694687	0.7290287718708027	-0.9088962101372429	0.3471674695580122	0.14190384153423447	-1.6656462560742011	-0.16558674321910158	-0.8931735234512941	-0.1918675443899806	-1.4983019461096085	0.8569013769686804	0.8102934194010689	0.04780093780899107	0.10706926317598607	-0.2955622258165333	-0.43154345232207175	-0.35357180779227304	-0.14570736787572122	0.2644942174320468	-0.3995687813839962	1.1012939941135604	0.19636895864748583	-0.44015334877657203	0.20608215878162586	0.41112559408193633	0.34324133544478425	0.18236623591211304	0.10761159703271209	-0.25086690932627626	-0.48901792637799635	-0.10083093264550977	0.23848204304200604	-0.04127746005022038	0.5172092087697004	-0.11735017071559292	-0.4930900603090005	1.2336635947766206	0.650881304191207	-0.1951104555925644	-0.3398287692566263	0.20031654855726966	0.2253406308445563	0.1289960107702676	-1.5038073411187005	-0.34812698134239867	0.3208584035204387	-0.683771240319951	-0.398880818162398	0.13730375001344358	0.6365623269601342	0.12055923026747663	-0.392119210741826	-0.1825533314882527	0.15298711978375806	-1.1369644694305943	-0.3075277991242182	-1.1696953548287545	-0.7364425038911746	0.16122360818936973	0.7202313526890126	1.5889411476367372	-0.40359086511507836	0.4183620085266187	0.3356942331688448	1.2394608162126395	-1.4522802926191951	0.01129278461301786	-0.6373316215933994	-1.2340115325557255	0.27082133391096747	-0.5803422816251558	-0.12296086623172975	-0.41704636914002663	-0.17872623069256063	0.8236092912474211	0.046221579374542195	-0.06233850917230347	0.4108733227742212	-0.37434797206769693	-0.08877464992671671	0.5052884476244541	-0.25261928224440955	-0.9644795740635181	-0.18270404014398042	0.3496981973184858	0.83153583904137	0.07040088888191881
DTXSID2020505	-7.714983232465272	2.731480863099444	-3.423092206121525	2.636528204964542	1.1044617469818419	-0.48112889888607363	2.0845528955877257	0.9010499651513826	0.06491486497967723	-0.14350180545961796	-0.916962565794774	1.4698775525060501	3.2676821512945855	0.6908646854396012	-0.1268496505970742	-0.9042372032509852	0.8407682131500281	-1.946390128773575	0.20193085600936153	-2.2877914090567755	-0.5349180727834397	0.3709375740866609	0.5680367805524067	1.2348612747033958	-0.7750222393306107	-0.07077890629285322	0.1686521438851061	-1.9228128408446787	-1.1224156187959262	-0.26787619580906274	0.10076817271768032	0.7399928971085638	0.029206655224190286	0.8061308242723417	0.2840775452903396	-1.4943577744276575	0.08401175374889132	0.5580852234413053	0.4136347479261016	-1.0215207989779451	1.459786196984088	0.10047047758690429	-0.5431249883000854	-0.707992581824779	1.7217252977736484	1.1143834271034814	-1.134036073630417	1.568649778946991	-0.4533441446501768	-0.40725190715171833	0.7541781754431046	-1.660482235005847	-0.21682011484672184	1.8463325413051714	-1.2306059217624046	-0.9907985620897716	-0.7471124268696632	0.5176200528142592	0.2174273122870092	-0.32066527332874856	-0.2610274803852078	-0.01567949253561715	-0.7302566799524856	-1.0998086159119722	1.1694162432478754	0.742477607948731	-0.9357461809685493	0.8951251648142785	-1.0050551823598435	0.5932461703840525	-0.5960203513362127	-0.1292557587063314	0.02767978176572378	-0.7866490268555159	-1.2372213281335354	0.6257084615244065	0.5563882522599836	-0.8447472698998209	-0.2882196029946777	0.3122699095244751	0.20655842478899267	0.9165915701238587	0.7343360681491686	0.4111251122410925	-0.19860854403881897	-0.4157676184910023	-0.3631476252425596	0.37537181511102347	-0.220095421276039	-0.22300474197501977	0.5980996545756568	0.5502368150311298	0.1228612394038379	-0.5927115405429857	0.2622599792461052	0.4931322044930302	0.18326598795896498	-0.081796327623304	-0.6986725985378219	0.4692768104481697
DTXSID5045201	-1.2904837001100182	-0.14275190977818086	-2.3282113031698173	-2.38903423038389	-2.5899738744442384	0.08270450809288131	2.4909351731428298	4.246883862823981	-2.2023176648365963	0.6443844006525694	-0.9342412555144501	-0.9858115138356265	-0.3855111969902204	1.8417929942957758	-1.1399762580288422	2.7729193935608545	-1.0397103938077537	-1.8013252797821573	1.4585110921246631	0.23303421130881039	-1.8813474441419082	1.5870912539838005	-1.875264583039084	0.7435745025237469	2.214611847472302	1.9055790851190553	1.402485398032807	-0.015139378069443753	-0.7543860002089974	-1.237542344572039	-0.38021085410946065	1.8559972429850022	0.2730211382682238	-0.9729873519066857	-1.0515687075466538	-0.26423814223866515	0.43564687310355954	0.4181856837971514	-0.7929898375842909	-0.0331611893061342	1.0445944481083642	0.3672082726145654	-1.6864138378405238	2.432236304577519	-0.07896103520647044	2.078214147467324	-0.6885223147162625	2.3388465980676227	0.6223863664384488	0.6125452242128219	0.01455662563654916	-0.2525665306224824	-1.3045367026471582	-1.7638093082765438	-1.9378295314769356	1.1059747168130034	-0.7080149802258118	-0.7895745394081619	-2.1120089055407845	1.9990324816448046	0.32830142705523796	0.8207863429797635	0.1410661458411668	2.5097726022187072	2.1280060712611	-0.7824169609845307	-1.0658960042999486	-0.5965960512507198	-1.2116628111720609	-0.7220412193693988	1.3250071524729778	0.022327627145698466	-0.3128155129618533	0.6218523531489073	0.22035354148235972	-0.018801004556793014	-1.6472381555486872	0.5482565423091722	1.5271412938674032	0.5779740523207226	-0.5432456945611266	0.24727138065248885	0.8136508571987465	-0.7306694431235249	-1.7387526496312449	0.05967238311316815	-1.2032004365330908	1.0924418124575623	-1.4502252746280595	0.6791988379308597	0.25444753470182385	0.022451044627968007	-0.15603806603513118	-0.34941528558251517	-0.4145960491441519	-0.705915879620075	-0.19652454120507162	0.4696090172910794	-1.556946483802096	-0.4457967259405994
DTXSID4047200	-2.146129046187898	5.796662047882603	-0.7057953044184636	-0.33322779470214636	0.21028643675914757	0.5474235738691157	0.13787242807505723	-1.2170290905961074	0.598647786641261	-0.6231423649048048	0.03317605462283734	0.6993612359184448	0.9602069619269551	0.6590735429498664	-0.3259092291927645	-0.8597392154326995	-0.32003776025471126	1.4261748506974812	-0.0777653664016949	-0.6378456082091748	-0.28949104077032284	-0.17584958969813405	-0.8420729766999533	0.3459729827502675	-0.4067160240275098	0.47964736053673107	1.1840579979056434	0.9218357377867555	0.2811994329624099	1.0917265326085144	0.21617529348159026	0.12592560608917486	0.0992397571113481	-0.2306404911915948	0.4250163022667414	-0.46004727999125855	0.08768106498029175	-1.000954546603118	-0.3950378089179249	1.1361300160324455	0.21422872459846007	0.06098196316267484	-0.042833271360443195	0.5411214500540229	0.08569643879521786	-0.39847602431637114	0.7630931451206238	-0.47560121794141597	-1.576868971554112	-1.596230847177392	-0.3398451064634776	0.3218851244322199	0.3914452054788809	-0.9833179451266917	0.09987978291382493	-0.23551302491277099	0.08288299522204351	-0.5302006787710949	-0.9463729397699462	0.8006722466023678	-0.041195287227378155	1.4207749794198428	0.6275139668820897	-0.065231401077532	-0.6065010628952455	-0.13160686931865187	-0.8359958074320816	0.44844522052065966	0.03732125642841455	0.30059641951557475	0.10842512253728526	-0.291690027997123	0.1851001312460333	-0.239910348438713	1.018870387413576	-0.6160670005609087	-0.28885980381993404	0.07198603983046195	0.6366970499851249	-0.15976495566053237	0.3924684128964438	0.2695633407981294	0.39808298777801904	-0.4702518903925809	0.36259404896054587	-0.5284409052500616	-0.3023089018278857	0.1533478879224907	0.03910198784699246	0.08874884113985446	0.05126533623681228	0.3140644293403534	-0.10326546914287546	-0.2655297007390277	-0.6467908919832805	-0.17499338305116668	0.5172567690510659	0.088514574212512	-0.16182709082699734	-0.3947826050037281
DTXSID8024157	2.6195561233977944	-1.0202892554682035	-2.317327318477765	2.0848158442025655	0.2661740998451042	1.8875583840458834	0.7904223674930573	0.2377351693240005	9.482967020301507	2.2294704255210562	-5.733385428580964	-4.158583319849467	-3.255586166114309	-1.177194667741064	1.7673442254324119	1.231434652022819	1.4053681080091445	2.0086545013006294	-3.1700846295498555	1.055895395250173	-0.484114632397085	-1.2964000356786114	-0.7439434807619498	0.3929143453075784	-1.4000665176867282	2.2077256988955254	0.4635545592533025	1.3434398859450618	0.4305768641764305	-0.18441443272670516	0.10117103996872451	-0.057866710676860084	-1.0244914631267255	1.2868528282879712	0.8624726426821636	0.7965231167075506	0.031775776336745214	0.4203848156425089	-0.5086835768002019	-1.0314660693162006	0.2808809472790252	0.3206602535488738	0.11728423694121874	-1.3025162618763577	0.5448166034675294	1.0429796172272086	1.1991780156950789	0.4895410017042761	-0.38982250747004615	-0.003983270068667336	0.8026398808594982	-0.12342542015099964	-0.2602514656658737	-0.3572667784626693	0.06442413369051694	-0.0016786712867156123	0.4522468337015663	-0.7858479634973448	0.5706927500172194	-0.8119060838254522	-0.1837792238918348	-1.134633682201289	-0.8831076542288441	-0.1665848421879491	0.9010316981477432	0.7070615015489274	-0.2708559008552393	0.4843296870046396	-0.20263547314182562	-0.16070417025168665	-0.613913119855444	-0.01918917871374116	0.1727619209479905	0.4059668335124098	-0.22805558656154473	0.07095488000492901	0.9015026412005546	0.3993586101401433	0.3564796854932115	0.6496691847934478	-0.03727175240906185	-0.20218744028143304	0.5896672340236677	-0.2668523801834832	-0.6722667130721295	-0.14408703285295893	-0.5500405540387922	0.6509254007277117	-0.6929131251116952	0.17194981537151866	-0.0537945145377229	0.19034871628603794	0.15432219982020892	-0.8142915282795645	0.6125562281837813	-0.8457596209306093	0.5488561588112533	-1.3092548395293249	0.26310894118861233	-1.8774421467554065
DTXSID6022000	-9.344913653650636	2.9709279538949556	-3.123716824890271	3.902855898235748	-0.016041680915733457	-0.40634683562041984	0.19047281028718252	1.695797022032901	-0.14228044248402258	-0.02169530960131821	-0.3737146158494977	1.412839240630913	1.4346970821009395	0.882878028182216	-0.6874932886258117	0.3830892931588637	-0.105982375260174	-0.5574106293270309	0.6522170388186234	-0.6662594082108232	-0.9683418400785079	1.4113068430176243	0.496216387569898	0.4651742664507138	-0.10811657120181911	-0.09317400811432208	-0.5140509337302758	-0.9059241981666685	-0.5053041983191733	-0.023480443049319906	0.4962869485310956	0.025863774124766377	0.3488112515237314	0.08314664090393574	0.1311367550951896	0.2225129509354829	0.1616790308476072	0.6421420381328672	0.08373568201850855	-0.6861748386262239	0.26344611436195997	-0.22710186799750418	-0.058944172039674274	-0.09073702006761007	0.29288321769050457	-0.009926070298895149	-0.8529304888826724	0.9587162238624056	0.688833974191017	-0.22386944507861686	-0.3948216429937922	-0.5196138283166843	0.07534393591994075	-0.5338885955587701	-0.5175871856214206	-0.4810592451642921	-0.5514824274301743	-0.4099116941237255	0.02660622709479526	0.41397021834472497	-0.21697244527563705	-0.3475124290114264	-0.03164510576045055	-0.41674947168694865	0.33421956749765536	0.03677116937098244	0.4036060937138742	0.2499121806288589	0.24799528341637259	0.894540066398312	-0.6748275870526231	-0.8933698345898143	0.37061307787228603	0.034764402294095685	-0.48872120646338063	0.3799098353866186	-0.17982204630326062	-0.4849995317771288	-1.0587450676151864	-0.17816569732312038	-0.457847008293023	-0.8361721327271037	0.4099492091226061	0.22765765312837796	-0.08295017217953385	-1.0614985935998027	-0.5759579617816979	0.5178070446259552	-0.08601031952994957	0.06110970817462691	0.8808689528710728	0.8293864136142173	-0.05726044761381509	-0.05709790075024538	-0.47490919629381784	0.5927125101202071	-0.6352423136597113	0.2372886210558469	-0.8656618009285946	0.712893029897291
DTXSID0044365	-6.754278195144616	1.609940998324105	-4.133928411039119	3.719685866787617	-1.4945788707539476	3.5959683087382857	-0.17701000419681187	0.2335340750189905	-2.405527513941688	-2.3681087217738708	-0.8290010308427452	1.1083261836581701	0.5237182168818215	-0.28442159936736805	0.6622328989851235	-0.004446580286831248	-0.8218682638442134	0.04495877601358377	-0.07854315394136634	-1.8679606191263578	-0.5796132700810477	1.2424557913669125	-0.3534164352207627	0.7186206947659161	-1.7733880388853698	-1.806104623932616	0.30477743731225654	-1.3253258913464725	-0.9582713710766632	0.5714596991556931	-0.7862527510597419	-0.34207694748765766	2.1517767542402564	-0.02766175904633278	0.4901255864972697	-1.4328171484761485	0.4113210135703011	0.6045394931279965	-0.40774067212718396	-1.5954774245152483	0.44143296804276705	-0.3875111331998063	-0.7953117368313484	0.6830784708285088	-1.7112851642825317	-1.4902100057671257	1.8039457586189669	0.47751229072879015	-0.7269565536809929	0.9991237770204202	2.1881934770493365	2.6872211012715	-2.026482251389627	-2.869004439944385	1.9098444279856688	0.5990567544189118	1.4906707804200159	-3.070223196111783	-1.824041127159226	-1.5213357585021186	0.13404216598221733	-1.9459034193117832	-0.32799323677857944	0.030941808762994516	-0.1287486035755502	-0.5425114570913855	1.0518919587580755	0.5396444703727912	-0.9241347461994348	0.27698225552068456	-0.2744451924323039	0.291751628993931	-0.32132579089303015	-0.7314538613415486	-0.4538984347464898	0.7227048746463661	-0.1096406891680771	0.08242421172738157	-0.8429550758284401	-0.4518176469702782	0.36858931173153237	0.7891900417529376	0.7974786369447328	0.3590770345143732	0.21641499291343075	-0.13152993668820387	0.6738496043885662	0.6168729118434638	-0.04492096761298608	-0.5976455150032719	0.1236546286697598	0.5276853902262753	-0.001214289836050889	0.15741882165972712	0.46200451682735266	0.12293765549754096	0.27747969339893497	-0.06141522668707859	-0.21523413366846034	0.1559084626244815
DTXSID3026724	-0.7061605682013306	1.1297075940567904	-3.966308764449446	0.10511739622154868	3.6914495204740705	1.86483901981128	0.4410938809033917	-2.9727693137233953	1.3666771720201025	-0.7092616731293497	2.153123335382933	1.8319159022391995	0.12876407930546033	1.2808615062193958	-0.7570732840015292	0.003121866583119652	0.2777926432952715	1.2312285638608067	-0.8114864081917486	1.6427273092526933	-0.739106141446016	1.184721857295962	-0.19648185678632474	-0.5777692185232339	2.05993995195079	-0.047901389962664076	-0.7457509572587229	0.3287110468251174	-0.5650738706529074	-1.5569490808588309	-0.5340202544068883	0.40027398659455643	0.7046373456169557	1.8996396112529517	0.2578342796492714	-0.9168388059643012	0.16909614020639768	0.8560060314272292	-0.21195738809677353	-0.8956638136747596	0.19984756243595034	-0.4929533637015603	-0.168003708907305	-1.7017511685200826	0.7490529757770833	-0.2227918200090509	-0.791670603681553	0.2191231040082499	-0.08293485316706715	0.6061616870108388	0.20146420075434615	0.23668410551502073	-0.9234947342388671	-0.6503797539232838	-0.13785292869028212	0.08955235307260104	0.14190675994253163	0.2543129138613896	-0.5186288184263914	0.2667660997114039	1.0165815431583645	-0.8816689789450689	-0.42457773732438814	-0.5013909235723915	-0.28332787903158996	-0.30397992529586676	-0.6498560447938205	-0.7374376913695714	0.3856583507633364	0.5163939505425938	-0.5907837622548193	-0.2038993441921099	0.5478304377515426	0.3660490075958355	0.33221182336587884	-0.15804710538421463	-0.9434872133253905	0.06727010656535444	0.9638880698662574	0.4768874615309663	-0.3474516807730729	0.3644039092587421	-0.1728361683869939	-0.15819629126906545	0.6020550343287844	0.20849518074861662	0.023873396529456043	0.001315936847109024	-0.16491228638763206	0.05149614927661225	0.33267551460024475	0.301294183069128	-0.44239751649796	-0.24869281646534494	-0.42173520800353426	0.04264596621285223	0.3755964256114006	0.234324211344183	0.23456492609336563	0.37927099241890555
DTXSID3023716	-1.0364245379538406	-0.28365488473256356	2.4039827222242756	-1.6515674629702752	-2.3417526031535436	0.023918023560424467	1.2278673814265382	1.5609364295355228	0.9249004450884157	-1.8388936881561828	-0.5254915752349013	-0.3956041307280621	-0.36928052049510146	-3.0977323202713376	-1.192286053108895	-4.349788767107272	-1.6193204200617373	3.387529324193314	1.4329712368827956	-0.8391496204697501	0.8078490285518456	4.566498283351933	1.6632418030916252	-1.1224239519939858	3.4696563217680576	-0.2646765191531228	2.5528916368068773	-1.3797980210198102	-1.0970439598595143	-3.2941353973412326	2.0673141205538093	1.1735574217038331	-1.404821579479162	-0.25071264718871084	-1.0545199128250737	2.3181195929330336	0.7727933249360414	-0.8715230936616513	-1.3454296238810395	0.5258887819846888	-0.42543767102778085	1.1151206785173557	-0.11424554369584794	1.1239158002403435	0.4375980875973612	1.0937517478584442	0.19210393512067642	-0.10881451499861557	-0.17886599300164632	-0.704740537211869	-0.5158852746176215	1.1972489387811505	1.270827976804869	-0.05953357095203333	-1.6106496517372502	-0.843236504357451	-0.6347320968465884	-1.898318861009884	0.9228323560340862	1.265604160127294	-0.2183306971874527	-4.826351651346739	-1.9875255771214553	-1.5959235230975444	1.373124441083342	0.8825559852658093	-1.6377872265368734	0.8815276862561361	-2.3060000849902482	-1.5580098603521144	0.4071511840707047	2.306247446504791	4.311268212860291	-2.947912796743592	2.620378628178074	1.7524330699262447	-2.135085346448172	-2.29811504798581	-0.24766159735352722	-0.3919325078883845	-0.6882858608320712	0.19033327760560936	-0.5043348956688678	-1.285321517952642	0.7250809171284541	1.2366902647198497	1.0974830210196138	1.65500325935977	0.22464792624164054	-1.2351026131518992	0.25109463285819245	0.3765566507110963	0.12386001025691389	0.3342639112617066	-0.9894283042755417	0.26527717658718636	0.0781773322051106	1.0412525695569472	0.1461476252332858	-0.38547584704648813
DTXSID7047437	-2.7612176520427747	4.533424635776238	-3.144982106657793	-0.44143837544234305	0.4571883250303066	0.9772046875215484	3.1872298997985173	-2.570867431949889	0.47276918616536945	0.2617304304504289	0.8331143349571064	0.6016622607556887	-0.43496143451779745	1.237884545967424	-0.3420523876089907	1.6446610277876228	-0.5292210881642576	0.06728507147158026	1.3747697901560338	2.4838177357946494	-1.9758592958283647	2.0835221871065275	0.8656985075939787	-1.5849523941044827	1.6142590728805315	-0.5386975169097671	-1.2380925549698079	-0.46370533161554156	-0.38488353363614486	-0.623733054048924	-0.4178590825137186	-3.2002341420300247	-1.538234396208492	-2.0280052904110226	1.2590026364639737	-2.43512279463974	0.8809073875470859	0.18642454305497333	4.206959482771337	1.9349714455313372	-4.4555281733763366	0.9069303842659878	-1.547806258619002	1.1613305639436062	1.235491527441826	3.725837308440095	0.7585711013840849	-1.0304739258904114	-0.5624881571621552	0.4238548268212082	-0.061193737645851405	-1.5887765974528882	-0.8072983045456492	-0.8603238985026235	-0.544544517296025	-1.1093474180420593	1.0647179022661204	-1.3145551064256706	0.05489530921397074	-0.4756602910301473	-0.8557835964233005	-0.43854444039425533	1.2082985061425613	-0.4970466043763451	0.6477962896074223	-0.5820967580195564	-0.15629230366537325	0.5361513899262665	-0.7404119972004233	0.3621009276661486	-0.2930720296452712	0.05014871438077823	-1.417187215779675	-1.032681679969118	-0.14955118059615327	0.8134505195057797	-0.10353070400751564	0.09590006361792802	-0.534342354271448	0.29883924207763074	-0.06572910208273824	-0.5964727331974073	0.2996852040532754	0.5181420011804877	0.18456360161684174	0.04275738010301271	0.20920249120919726	0.23327256213993433	-0.0060085156050758365	0.3238083553365442	0.564132044757304	0.29520064839235827	0.34946748148066936	-0.28064027202461206	-0.10220865594804218	0.44477284286478014	-0.14183491540978524	-0.3165813623825903	-0.021120506269638073	-0.30896824085365365
DTXSID3025469	-8.027162150595464	4.262901817989732	-2.3698428320610256	1.6133935064901566	0.4564808376821082	-0.6665004619044803	0.7038694547765859	0.08755678835737878	-0.2462044556794555	-0.30294010574134034	-0.38173574828752727	1.135295796148638	1.0719133463754125	0.06785524678429707	-0.18145087509453056	-0.2558566267856606	-0.056314983182204126	9.176841208627026e-05	0.3829387878507909	-0.7139139200515082	-0.6766396037990328	0.7599288431750366	0.13259101937739823	0.5119167667682877	-0.9145353955349477	0.6043320858077262	-0.1929185561852057	-0.43477007707826915	-0.34024663906497626	0.1498153662481934	0.7750400436026347	-0.43264979106649715	0.18710325932119634	0.30373504204807844	0.420025429442046	0.28864337507562593	0.010637150194003337	0.5881106101534126	-0.13768347051130353	-0.8412384811015666	0.44331137590384384	-0.2236672636714356	-0.20803966900255016	-0.34885922757562116	0.5523693194641687	0.2896947825447303	-0.5888929074240077	0.6669086768959049	0.6336347148294563	-0.5407306440464349	-0.4215163890296706	-0.49949184036794225	-0.1710363248363887	-0.7417995297785981	-0.6584250219478356	-0.6826969860825586	-0.41627120021704583	-0.47282680988795917	-0.12572998125840948	0.2599421302672249	-0.18715738565423906	-0.5011485000185887	-0.14021331283099595	-0.18530596047032002	0.6912246832977553	0.31692585664182704	-0.2342371961085921	0.008302098996798951	0.6944444998395716	0.8165626521152569	-0.8037515520822077	-0.719099128815049	0.6933374333759	0.42407583445894714	-0.4430580833140543	0.5036335596304798	0.045798782705519785	-0.020380927863908826	-0.5637076710041704	-0.24283739789274353	-0.517123078282124	-0.7224875955236378	0.5895217576682248	0.11212061555330312	-0.37879592458550454	-0.40260953983848735	-0.39503327830077123	0.3004275916395641	-0.3961966773767375	0.037987938826502095	0.8054358162280675	0.815238919557135	0.25952917264917275	0.02504904291025389	-0.2697189314214654	0.4701203036726167	0.006974882358952389	-0.05573080066542211	-0.24609974422138706	0.33220031642245096
DTXSID2041626	-6.410725328519629	2.525301929013333	0.346029094431601	0.255220426919591	-0.7061267304962587	1.4816639442433828	0.7509795540201744	-1.7699368254556496	1.1693954308974999	-0.7751982188462971	-0.12803563999649878	0.7021794686947255	1.5670733889423019	0.30573693582256567	0.4523963938352631	-1.0872593158684787	-1.3953463101442731	1.5809057295579416	0.6688856300514977	0.051683094051953545	-0.5943008027081722	0.4807094702791744	-1.887713837005172	0.013357535913518894	0.8341765744934789	-0.025321588463709348	0.2542891640437498	0.5227580027981085	-0.15157439991027813	1.2966696958361077	2.3046536441987318	2.221583643016601	1.6614485684621982	-2.2797986949089086	-0.20416485545625268	-2.095494059282107	-0.28680323209496167	-3.0187656391739517	-4.9616520991981234	-1.4603533036810874	-2.004793146518927	3.2916810121163254	1.5618565980268337	-2.378856862565421	-1.446607248618037	4.1950460635683475	-3.9698342661563464	-2.433581980670677	2.0731871180811234	2.307545537003048	-0.9717266317393224	2.896984339308808	-0.2719713400021611	3.156646285621487	-1.1290658345448497	1.1992812562029669	1.0978606329926461	-1.0114923366782107	-0.020431721780237798	-1.8019473270065354	-1.6775152093256032	0.14879729836811167	0.41946980249074756	0.4708226469730555	0.07652840499476934	0.7166425685003107	0.8132742151767729	0.035298577172631816	-0.4010129106754511	-0.6372324067390159	-0.6472532824230163	0.3556414667266831	-0.0978140374969755	-0.12634322701648057	-0.3557780259365146	-0.2568342675127049	0.5416510449548734	-0.5967909870172551	-0.4343039258016872	-0.1910308100237894	-0.2308695719855793	-0.34130398245161714	0.1824139312531933	-0.13763431911941734	-0.8024883160120301	-0.29263007167735405	0.7871557303072362	0.12418244551202398	0.5273832386027175	0.535566492506106	-0.07008882980519278	-0.3773392497657372	-0.03893337783298984	-0.05928520885374867	0.14693746372652292	-0.05991967695177032	-0.25008631729229375	-0.12106912683495415	-0.4246094991298966	0.2216372016905768
DTXSID4024937	-3.717287733697714	-0.8126725831536132	3.870597423374949	-1.37867187538313	-0.5615052325606461	0.4826157659379814	0.6781673714502874	-1.0842782443724364	-0.17811585322972792	1.655244372161629	1.2243274989093138	0.11301767546620037	1.4648397396224535	-1.2101373963169904	0.030327650999417182	0.6497830834345798	-0.6325521538165264	-0.4766314425986576	0.9680630400739987	-0.15964573498842918	0.15238613505931206	-0.4041513488477053	0.8850152217580715	-1.2788088989432251	-0.34125143652726847	0.07402045545268347	-1.5290481999633485	-0.9330831096925545	-0.7401791700235606	-0.020158092161224946	-0.06991172138453572	-0.0926875889704985	-2.0706665383580187	-0.5893632655122013	-0.1292898861328181	0.6476805439762864	0.8858430591574147	1.2401753788442775	-0.6192552966143148	-0.43503259854721976	1.2569892037969541	2.5874200173970925	-0.04961370144190417	-0.575532847979015	-0.02588528719572054	0.3247318934246195	-0.33474735220174623	0.9271600804830202	0.011786168061833559	0.021437082682922545	-1.0415134222436362	0.17333434915043053	-0.5067041420249283	-0.27971754465039483	1.7187999497349562	0.74591660604539	0.5470341708095754	-0.6543127793250839	-0.09465977473369264	1.224446291595729	-0.005953209898591742	0.1945449187239534	0.5135624091108452	-0.914534445159978	0.6227872457154333	-0.8052071532135221	-0.39169039880374923	-0.3622809497309396	0.7477062452038858	-0.013168067674188048	1.0420725911237125	-0.18381652447901198	-0.5403939339323183	0.0034374484606140743	-0.5552013631869511	0.16679215897778812	-0.2754142333900784	-0.6108065161633839	-0.08304190837729201	-0.1983728226585925	-0.2937223234945748	0.8722818422500019	0.30877473276683476	-0.4560146421780019	0.729099328966918	0.26820021661875243	0.6285620671813338	-0.28452412103248736	0.8471389878375217	-0.36660539127400654	0.07995014958248917	-0.8009476872849147	-0.057524957119248855	-0.04240708954385421	-0.10193937312091482	-0.47233659128956407	0.09741230443454739	0.07465419543529103	-0.5295823031855795	-0.4099555923137575
DTXSID5045467	21.32101496905979	-1.2847094327457877	2.9231010066209864	-0.7078526672258922	8.500510930156125	-0.6530891958634978	-3.0244074163338452	3.9662561867330135	0.8197351725503631	-2.8073282876831307	0.1753424629841132	0.27969160037934704	-2.55837073603762	-3.903843834395935	1.083441699518259	1.9017068627818083	0.32789159255569433	1.0528710551324132	-0.8101416046653315	-2.4637205054151186	-0.4467503968105591	0.24744611768715313	-0.08462886674403669	0.5463728312294398	-2.775330247185432	1.629162689359845	-3.013515155998451	-1.543623417282065	-1.0504115469785984	2.0706196113496973	-0.2602478468913751	-2.5456326330601344	1.0200324270855707	-0.6241058988787771	0.8887259825723284	0.46020767990344286	0.19791273040166893	-0.9680756860328239	1.2207154605929067	-1.0564370049380012	1.9556904710079395	0.8664315323713018	-0.1487429851294638	-0.49809462300615315	-0.1852136546716313	0.31760305550263174	-1.2401168892982384	0.8009346112562813	1.2212089410132874	0.6076064074860604	-2.320060536338995	0.7118945203888053	-0.8841959576909059	-1.295800696632282	0.7813808091921677	-0.29841225616953965	-1.2333392040661353	-1.7428495760647116	-0.8996263984339344	1.0814488364258468	-1.4519052007227837	1.3843148441499689	0.027062483300170515	-3.4352344813231093	1.7242774377860701	-1.6748558504366025	1.1796672711572274	0.897213428561122	0.871242535870873	3.918941057645265	-0.6635101389562934	-0.028688990975222442	0.5236493458620715	2.0104774232289016	-0.16898828806542104	-0.3997098936669634	-2.265444451839466	-0.20975382944070706	-1.6227635013267137	0.4035625203279294	2.245428069348678	-2.1909734676058212	-1.3139146787003728	-0.6103032068053222	-0.7691317155640516	-1.9588284581277235	-1.3243416852533278	-0.4146501892599169	1.1561681285491496	0.2024432539443954	-0.23485424038153693	0.7792410823074456	0.7107500857207005	0.6316015043113653	0.08234328909811796	-1.5490124371555365	-0.6440818256890455	0.5386523894913298	-0.06721456409559189	0.7873968085122417
DTXSID6044777	-0.5934707724551374	1.075570399352687	-0.7478606377688244	4.071874944533809	-0.1950090420918907	-1.160291714825356	-0.035451464262407896	-0.4131453654269749	0.733971206620586	-0.8064507286704852	0.8377653755291798	0.9817781123637421	2.270940806354008	0.221684580621577	-1.547778236059395	0.7118612586750447	1.5844680298854974	0.502235891870338	-0.9456922598082269	-2.1061121206750557	-0.9528088093139256	0.9111598182263175	0.5062943377150386	0.6235472497928428	-0.09057418416072768	0.5734291713496691	-0.3552670855704048	0.06387749769740506	0.13508748891594397	0.7593801973286752	0.9113688984626178	-0.6620925509106883	0.34808404813827154	0.32355423007444223	0.641670977863834	0.007938583934337735	0.359333432041893	-0.3650355727819587	-0.23789681471271992	0.3461596268848542	1.1907089758068468	0.22848661187876762	-0.43463291733807846	-0.045889728111616734	0.4281900107425477	0.400363077489352	-0.20208721965518758	-0.22787142976954647	-0.8109071753258419	-1.4320439872933095	-1.0975032759329724	0.6296543622318878	0.4515806412540031	-0.7828893424674748	-1.0980614040994934	-0.4394575998797075	-0.22654842374415407	-0.010537534478088096	-0.5482868392478653	1.0060322147285508	-0.7701156901314173	1.4858563646665164	1.0136173409188487	-0.6759318128677635	0.6723536820954275	0.16396162479471266	0.5544407799249987	0.12813758918773785	1.424642905624863	-0.24780513736552956	-0.40963104691356755	-0.12887777980255924	0.7097737787513895	-0.5204423837418314	0.17408030152927875	0.5495922705323442	0.33044653271134744	-1.3514536913886186	-0.052256836333931876	-0.5391613795055764	0.05953805738146839	-0.8512949275362657	0.47353717290989633	-0.41294635181145495	-0.8574359562856368	-0.8537369241275042	-1.0006125013778269	-0.5582444163186353	-0.30485054780414916	-0.09342228569348424	-0.32769141526938805	0.3787432269906056	0.5467044361818091	0.5557370205700709	-0.3705968800694686	0.13897465753796565	0.15700970366758846	-0.4798402184604728	-0.17874001209802395	0.34455007237514995
DTXSID2044763	-3.2500802500374837	-0.19351710028814176	-1.450750945849113	0.26650135977645084	-0.12485855795550023	1.8194999521790818	1.1578065338262407	-0.38507008501147993	1.44622990162345	-0.016587677576707476	2.0211283963900937	0.9430343719135094	1.6504484704686213	1.1443936394396026	-0.32395959572849586	-0.9160987890106247	0.7640924553368444	-0.4011652652622003	0.08331059386776384	-0.08888469114980115	-0.17994727345219413	0.46594930412671	0.18868410212269726	0.6306874180188005	0.6417071932514166	0.25612023174087123	0.1766342055439342	1.1117819074033986	-0.10332340617403186	-0.472813011800789	-0.5962889832144483	0.3295705168949544	-0.3923337443615226	1.342941485603742	0.15815594602735783	-0.3956460018153544	0.11392980989379456	0.4320173831806031	0.07452458097928641	-0.4126093272796945	0.3815306328186977	-0.11980087262099226	-0.4869191650780398	-0.6184468013415678	0.9665859324969099	0.31171046582524126	-0.08660796569105113	-0.0925692680495016	-0.4451617441059178	0.9823472476240657	0.4970395099795015	-0.1412157683460522	0.21994807647147466	-0.14166631726415435	0.04114777995225982	0.3864731258751668	-0.7604189657654651	0.21760063575968094	0.4297997040478905	0.21873854387827416	-0.03347260951124279	-0.3874396514367102	0.3567677446553963	0.18657454475781293	0.3725929881237966	0.3660141491439104	0.09677442858690702	-0.6359689238560636	-0.2947369271096597	0.02764860971283954	-1.0327359982812503	0.37251592760787716	0.9571063691983223	-0.38234899671635286	0.2599711402006018	-0.9449951219494772	0.5187414611417145	0.45731593560540656	-0.026851758028649603	0.30624120617960204	-0.2997366157754581	0.2511792834874482	1.0249024686786512	-0.014538662495213463	-0.4035158101026879	-0.35578507910531576	-0.2905356589722893	-0.023356703486624962	0.011666894744806571	0.035120239864478306	0.0712027052228887	0.1155289668898667	0.04190853256108107	-0.17757671831742425	-0.1466659267389889	-0.06945627067004519	-0.07135343159080655	-0.24608589276854434	-0.033474291133412555	0.31109829052082255
DTXSID1041132	-0.09209682075621105	-0.7200268264891098	0.7902670016668368	-1.0005191281438706	-3.7376342179517015	1.4121306435387206	2.1521163269764476	2.5627531350533626	-0.8271537891448661	-2.7840122908679086	-1.2203401943662637	-0.03502177273956368	0.52166275237484	-1.2711677191523612	3.8923081267525292	-1.586328307314458	-1.1449833502149493	6.1886793722744535	2.8370395978446266	-0.7422127360030404	-6.467125747469773	-6.777865070574551	6.0444283105998355	3.566186300827434	6.000318759092618	-0.43764874593955244	-0.37013645275740514	0.34851949918962266	0.033341021695850515	-0.03544770847639393	-0.40863386693882414	-0.9588446927772825	-0.5814070792100756	-0.40310317412745766	-0.8913974787241391	-0.6866822792611181	-0.6637917063705451	1.8944764843391089	-1.292282657043354	0.2936373040105365	0.9388691648680357	0.9613414001216074	-0.7142168831759694	0.4834035198930799	0.014208893948032377	0.5973529272355993	-0.33050289693357	0.6213342945179015	1.3112745266844392	0.7371300009933431	-0.1426597493976226	0.5680029277001185	-1.1510143023583623	0.5103960766846612	1.1161068024039933	-0.30507596351801947	0.005952125688281423	-0.45065655516305975	1.1379141306277716	0.4598991351242332	0.4842000163824217	-1.3095252566653197	0.1746233891702905	-0.7888665858330954	0.09891024451037032	0.028342388476778373	0.6110736908011497	-0.2941635835123996	0.3150333487791377	0.022227189247665872	1.5182808516948443	-0.38181712124407574	-0.472081489285453	-0.118563951192091	0.5734644374537835	0.3533024599421554	0.3929450491831376	0.3823269503073241	1.0860515940394009	-0.12909986365410167	-0.08805740951409496	0.9489908611915087	-0.7910460644876819	-0.03260270527550106	0.9074288807534443	-0.39500184019477574	0.23373782978005866	0.24751608318931265	1.2145164329289027	0.024544863128182697	0.2756952834531966	-0.15457774330391716	0.2264123577999894	-0.1263833802412734	-0.5846293966987549	0.35023121856766337	-0.186949176972622	-0.2395476130227788	-0.7054282453060639	-0.09113692397101325
DTXSID9024699	-3.536606986557055	0.5750442136928063	-0.5474745432010223	0.15400654619345475	-0.2227568046282865	0.5781805109898115	0.4418429369309899	-2.0506191069951187	1.0021448719995436	-0.940218212671695	0.5371258784934161	0.5741073802426404	1.4599012161517368	0.11449205068502072	-0.4971625245440329	-0.47023044879303877	-0.8384869895232521	0.7534889348489542	-0.11564776206147392	0.21023012114112397	-0.2907080238455724	0.18621481918673966	-0.05218656275374794	0.20425166649219795	-0.3584492904496484	0.002099879359575716	-0.1790928154239832	0.40925769907342047	0.5018724886367842	-0.10519283253191564	0.12670168362346507	0.023206404164887902	0.023140562018433213	0.3270651741364429	0.41169064832092733	0.06716990207727586	0.7218790009525322	0.47898377037709117	-0.34132224762194796	-0.19177248250258977	0.19586762468247337	0.24639035705145815	-0.11504929624566279	-0.46288334101623807	0.32887353789713347	0.1202608636919221	0.1855788341604528	0.00030553146970450115	-0.035926825746359366	0.27689370307836425	-0.2569065739410094	-0.07603436963242527	0.430100149733208	-0.6538867556302161	-0.4108136197934134	-0.053196361946497205	-0.26490670853461085	0.14879488737490237	-1.0817499041527128	-0.11973138520180704	0.20014160355344884	0.19923766719010177	-0.4492289742333536	0.35830806312285496	-0.66940300442245	-0.09446614572152004	-0.10762213962672497	0.119004351090463	0.2890649025818243	0.21320708455711404	-0.4216401771574215	0.5974427844065608	0.41110211523183604	-0.003111802027742565	-0.2670793122708397	-0.5230860129186768	0.2252324938966621	0.1518833153339573	-0.6464224745648878	0.45038115863106165	0.3812654263710347	0.2515159539282099	0.28203558205426127	0.44249424666910364	-0.16267271006840536	0.3397392591741883	-0.28361099523983896	-0.4409813507058954	0.22531534565719036	-0.26334867961689257	-0.557682639652704	-0.2414090774359917	-0.023052077622975353	-0.41082718780458516	-0.653913400113732	0.2826855035942744	-0.1023584967330011	0.6215846378998827	-0.14144538832579953	-0.12122311849070534
DTXSID6044771	-7.014287572774731	3.587205338751258	-2.2782118706170493	0.9800573167424244	0.5242413653756578	-0.4057717985044651	1.0063675355390345	-0.1822435274839254	0.7724472536103677	-0.7616996966708748	0.20674328642519116	0.6220069500588753	1.22571746707174	0.6874343472040119	1.0571746019504333	-0.7611005836905811	-1.3855948366806126	0.033568514332392545	-0.3605147483939517	-1.3686405226533598	-0.11602525366762607	0.5795007354659053	-0.5187198598887522	0.11380257388873824	-0.3044497086891477	0.4314736325951084	-1.3296069500249597	-0.028476282839321916	1.320828309388263	-0.5848866523322738	1.3593070122062911	0.12502155022681047	1.0735028609105544	1.6373295649247186	-2.2076504684888234	0.8757440642508764	-1.8679961565448244	-1.4532626535771853	1.5025584192378771	0.3390479895106746	-1.3686411944999382	-0.340273288989322	1.2211064061464554	0.659524080784705	-1.3187932238909736	0.4133945696852007	-0.32570999479048474	3.4113960918505377	0.9933996805494588	0.1069873332708984	-2.165105956955836	-2.4594169626531084	0.06002669440934603	-1.013527225659245	1.5419997839650528	0.09179058703935751	-0.039066991627018634	-1.983266662422551	-1.2157059375447896	-2.055350298470034	0.43339921928327935	-0.1985534556229291	-0.4366820873259651	0.34817767544595424	0.3634647069535501	-0.19530031428716046	-1.265248960069274	0.09086234037406933	0.9905799740270225	0.3717544989022979	-0.0820502842229413	0.14662609605271595	0.44649450704732857	-0.3448061252533849	0.31803703601428324	0.06395097527332097	0.447914746994512	-0.2905373984566093	0.18613040066101627	-0.07013162335719972	0.28583682383810516	0.3140117442808319	0.22742060146875112	0.3539705987672386	0.09398791320992836	-0.09474502295887288	0.5823483765307407	0.16178521645801278	-0.7079963127046206	0.23433632771857202	-0.1362560426468919	-0.017143940439682023	0.07492723734831075	-0.07372763023173484	-0.2890410335170773	0.5679306111629583	0.14489115719772416	-0.7141915198573648	-0.9871296494795077	0.005803812905540505
DTXSID0047587	-5.283669731202157	4.431116439974717	-1.6993583792934366	0.17150336980977993	2.804867531757784	-0.1983684559988483	0.597581891059014	-0.462116563875593	-0.07873211244681415	-0.8823101945709567	-1.3039309378929633	1.2599585825648416	0.5145535766440934	-0.10785163785209799	0.09569771460308037	0.5712682926023345	0.6064580019561735	0.632303443937252	0.780947095631246	-0.7077698553367795	-0.12012599955905591	1.2506916605210159	-0.5431199362621991	0.490897358378797	0.2821854875368966	0.5644424468476722	-0.9273376522671977	0.26615836179448454	-0.6395050783026797	1.27381469735969	0.8307288035684208	-0.14812056620849856	0.6066312265014955	-0.4557764797672805	0.352771782233547	-0.012145818320325009	-0.3066636432433574	0.22706826861006527	-0.2548701943815997	-0.7296499196509132	0.27873563310464367	-0.4067092720495564	-0.39176438280079956	-0.02829842658436078	0.2158326432603304	0.16353365699121683	-0.14845176052435158	0.4470797768977008	0.30620406869727507	-0.5658506504924526	-0.08761718034079266	-0.9253280470263112	-0.25076694556845297	-0.6550397495084185	-0.19017791844649712	-0.678251038102184	-0.5840704985611451	0.3591406885286542	0.6268907520842522	0.9282260669719611	0.889692631816389	-0.2581846554849255	-0.000720441702903664	-0.4858652656061871	0.6964220521991566	-0.007797640940866532	-0.12155209526897086	-0.31848413718507335	0.8169685259229787	0.4844179963762178	-0.051682560722289626	-0.6034038047973772	0.2522927496641744	-0.025363671978798488	-0.11944058039011522	0.6744237537020311	0.15543103038090572	-0.28062678481365105	0.009514752322899047	0.08495078052034238	0.09954312207169894	-0.39517646245471555	0.024627374755559362	0.16802297920064757	0.34078807633151104	-0.08999257950576088	-0.6198408259359159	0.17847771919258054	-0.20142543024756024	-0.463816604432967	0.6432622135835048	0.8470004880946591	0.4137481960476364	0.35738572694921217	-0.35397591549096946	0.3911780774906686	-0.12941050445160635	-0.13878349922077385	0.16704547837121753	0.07521129752670837
DTXSID8020202	15.729662745564395	10.027541053681283	-0.2404328532186697	3.651288664281719	-3.321323637646697	-1.3234130317505775	-1.8160347657316105	0.5434976229856943	-0.14004851750430944	0.638382084557994	0.5332872342176982	0.5000365355597849	2.3889203876072482	1.3794195061116612	-1.6666273300228347	1.4431702551465142	0.6510219676092901	-0.32559593094823824	-1.150756337149124	-0.0435690857052605	-1.8071407980886145	1.2422477842101676	0.7942562053144413	-0.65418403340785	0.2766655750074169	1.8341772429284182	-0.14085859490275607	0.04380452556434469	-0.6514122353348472	1.780106828608287	0.22043299110899278	-0.018457738727545418	-1.0593193649187502	-0.07793156179041355	0.17453399271574355	0.36110308813544606	0.028515946291099416	0.41466612603808695	0.26940071298656393	1.2533439071874246	0.0652739917234005	0.44612420693705734	-0.10878105555847696	-0.6418626237123386	0.0412693616485126	0.021102609321696573	-1.0809984440473808	1.132516403157704	-0.2096242973512977	-1.2292153371583157	-0.6298038767637528	0.4231883425158072	-0.14799419166857344	-0.6881501679782115	0.1376860786629056	-1.251875096542934	0.6232332171029583	-0.824608259655571	2.338541052774748	1.0081505372539623	-0.35182480678985933	0.5377381469158595	-0.5370134923276689	0.2545870892098376	-0.2337535656211732	0.6104383927031096	1.5180288796254713	-0.7790281155966624	0.4014606618603161	-1.1844140476223253	0.6301870387831878	0.18068221851713095	-0.0374896263492255	-0.7730385933990674	-1.8914375307064044	-0.028949685471202677	0.5803480720610985	-0.16743449273238714	0.6324507623468908	0.316114508743733	-0.02681437487097643	-0.07852242872814416	-1.286417133917963	-0.36289880949735	-0.7052348845062029	-0.07032410868483867	-0.617665542722365	0.6394176868217427	-0.6797431665826736	-0.6446998449648855	-0.19900582435660433	-0.21616114959978558	0.03569845050792751	0.5959049100882642	1.0652584322232692	0.9829197189685456	-0.6825149137886528	0.7923541781123357	0.9662498462217112	-0.2973789555759182
DTXSID7024409	-5.943523949447388	1.866028225135384	-1.9866519426700393	1.0719672639774147	-3.123363172194911	-1.4659380318927553	2.0105939572766323	-0.33653572332095716	0.7939145250235551	-0.9560814989456595	-0.476328402230867	-0.1959237406113938	3.4970306063486207	0.8612159332186826	-1.0327082926430005	0.5520813306193078	0.1841833290026847	1.1828250513317302	0.1887734517011774	-0.522285928647585	0.03210358376831794	0.2078855449432108	-1.9129165675091997	-1.3961329840507024	2.6515526046026263	1.5813038954745062	2.5554971564502917	0.8055987381533247	0.19390664041169037	0.01325128647325878	-0.5499647827406091	0.9053014767671769	0.26080411229875383	-0.41390828024855114	0.07586388708356892	-0.055930395422196695	0.43582575800266643	0.6099793646939017	-1.0038804914002777	1.7566520084409785	1.0090882094822062	0.644413104523659	-2.1721730763162337	2.37826434264531	-0.571209863784553	1.1646095095244504	-0.6902302473743906	2.6188415675956374	-0.09859752577221487	-0.9071595481753021	0.44274930801648477	0.9302804822001485	-0.44100555851902673	-2.4335678501074756	-2.317833404134645	1.479782337668307	1.2148984629662418	0.8853426567960675	-1.6794444420486163	1.2335263893425468	-1.0552673209196684	1.7830307823426579	0.255605472158313	0.9200422738048963	-0.15395694135325771	-0.7540565265149713	-1.091570582223663	0.7444551112281466	0.7375226426310798	0.10847089160800777	0.19533920863841292	1.0569979203200577	-0.0007252972569302689	-0.2835029302447019	0.14495584450237095	-0.27361902591878695	-0.5267909276225732	0.23346876524762653	0.7234926207701522	-0.726241701318505	0.0542958514992879	-0.33404769026688386	0.3348031088429114	-0.35433228780915094	-0.582978587099378	-0.1636729834877974	-0.12263314343721168	0.14125702552946803	0.8042248845232867	-0.261678071097312	0.21031565978598762	-0.03366183850768409	-0.23692686625258066	0.021266449810188656	-0.2592386420674518	-0.11923234967675808	0.3440886495376437	-0.1664868115791274	-0.010632628188852548	-0.0005282171475451032
DTXSID3049259	-4.098388597046166	1.8000041633223949	-1.7751913325629893	-0.7126388298118791	0.24953402070615963	-1.285252509792154	0.9215728055389117	1.0724278440888204	0.5658280113404949	-1.5865906203673876	-0.1438749655023873	0.3133577518939044	1.3096059639793798	-0.804369626501408	0.5013384066347001	-0.04710666430685626	-0.7539912613835674	0.23747403250679058	1.685341204548241	0.5666001660127589	-0.3803073524505061	1.0115498727603216	-2.1050898536006164	-0.9578933744932677	2.588213495778553	1.9867582797614907	3.2847392713688257	-0.9887909815376921	0.589351163903914	-0.24050435902427417	0.15478846338799715	0.20868362386479705	0.05287585754216492	-1.331277092670654	-0.6050747453707316	1.0622052876605805	-1.5877475654508175	0.6681545357309907	-0.9473473638177543	0.29349197721100256	0.9790364680142848	-0.15447637552257334	-2.104015378192748	4.262462068112833	0.46581009460732065	1.8958986352006064	-0.3367621174681747	1.9793541148969684	1.6825590434168025	-0.20993722172526652	1.8659833200620994	1.2936608107173004	-1.5018802051997961	-0.9069879139768571	-0.9278629434928388	1.8233532101769785	0.8838664753572935	-0.33142755926470996	-0.851633052226514	1.052162698580765	-1.1180714799663691	0.8570236285359338	-0.9150653573762243	1.1118687433569754	0.34932140827735725	-0.5381880126032724	-0.7368571220875079	-0.2740452073823698	-0.11819499204849103	0.23440139523768455	1.0713654042072545	0.9048989197899948	-0.09944956651461506	0.388672871603224	-0.8239714531358316	-0.41301377191036	-0.15508648852941997	-0.8406947380456997	0.5772467092678426	0.012555967335770359	-1.030228623915898	-0.8395610552576407	0.5627605661255317	-0.5613258158967368	-0.11961591873607215	-0.23970136575468348	-1.1152508725906591	0.02419086809854049	-0.5443436283667963	-0.1597615686615353	0.061784142411259554	-0.019065729848507004	-0.2513051522155991	0.7822556298700948	-0.501538355980788	0.9483218014697727	-0.4490617524064875	0.5686708432222557	0.19772911427074805	0.995518076126689
DTXSID9045425	18.74282067568208	-7.731128583651931	-3.248581502084726	0.2884877394715701	7.658812129012108	3.9016042573204914	3.9295452686494876	2.4720235081764765	4.961649462222756	2.6527052274887972	11.12362150932516	2.677671529239221	-2.5145002204249804	2.5031745831554777	-0.38185201554072495	0.7457468764665244	6.991000788633987	-7.609730676872567	-0.6163756735401533	-1.0760157395163625	0.37964432055627906	-1.0073866430750344	7.252281986783448	-3.412516971651457	2.684137695382663	4.2817731178801655	0.2632135606347706	0.07842049550468673	-3.2063389466325036	-2.2387911806069614	1.9143052224712773	2.0313022632229814	2.082712202447117	0.7812451391682795	1.8025388022964342	0.04247082410846804	-2.324593712751339	-2.386094939381757	0.6731891588411543	-1.3524097852621033	0.3699891800325179	1.0379580891741238	1.4833462819751606	0.5486860017677766	0.7674993919626844	-0.5069700282153191	-1.777848484934894	-1.6190233774945932	-0.4161926871673221	-1.7181732669375411	0.45651062482840443	1.3386224288497868	-4.16514247356532	-2.1062622027264277	2.1099134062320988	-2.4026195137896877	3.9190431847709286	2.2578780397723355	3.4109004778853578	-1.2296787625502101	0.6557544784542703	0.5458754095644991	-0.4346751539658832	2.9755106582564417	0.48239587251684185	-1.0157945931919712	-0.3214589957230461	1.7734609693129697	-0.9041320040412976	-0.39783780978837546	-1.6098052853264015	0.6969618750102564	1.2263042511886764	-0.11420353710312388	0.35857922985951146	-2.78059845253701	-0.12308711016320585	0.43853625841263777	0.33482470074393095	0.0273175948606903	0.7351140140002094	-0.8037947558611913	-1.222014641657595	-1.5001011479329558	-0.14024106859820362	-1.064410830593596	1.9153431728293093	-1.0098238400582262	1.143588591054709	-0.9580750966261602	1.631074470551429	1.5431972516016466	0.5241849558117075	0.8896683006784392	-0.4821560830436977	-1.0546581774458619	0.6788238775992258	0.05920937714387019	-0.1090572356464846	0.536709868464648
DTXSID3047346	10.48078267184895	-0.7936960714390847	-5.444170438269946	-1.7947656590618042	-6.052711302986462	1.2603298558494667	9.44257653070589	3.320668962080567	-2.797865065281854	-1.3172393275088317	-2.6725338624248325	1.2458960041041705	-2.0010184676810923	-0.1989482960270744	1.3719352976384478	6.514848465137306	-5.255994584519298	-5.162218722850415	0.9525455094510078	1.680389990154539	-4.005034733395838	2.0927066340929126	2.2440757302784315	-1.1301124741216149	-1.056191521330188	-0.7478691523429457	-1.0866653669871733	1.9265080298030766	-2.811405188235357	-1.375312702813824	-0.14060795364082407	2.816203471183627	-1.4558051195687611	0.6122271704064591	-2.0781335309893008	2.008663274050065	1.2303709638242606	-0.4095765021928914	-0.8803471927289	-0.42091368032413656	-2.167028759811379	0.16511520504256028	0.06070998731104781	0.29205123032331937	1.2638986739663962	1.0688954345615176	0.6563026619876988	-1.4524239699962598	-0.8423916761483752	-1.4534681527144784	-0.7270048380537537	0.4202812163486861	0.7678483589474167	0.062143060828966146	-1.192289445824633	1.170486526399415	-0.28129710655163737	1.1116914979848305	0.4301640688062894	-0.13576422831820187	-0.7849944018995093	0.4498868138247075	-0.7132011758674962	1.0048585220887922	0.5101491943366564	0.15316473016537796	-0.6273274145537365	-3.1097928407380686	0.7861319350635773	-0.04463949420759052	1.4980363229869726	1.473211726439362	0.8510722835716426	-0.39940029438790775	0.5767957314757501	-1.9201649528394975	-0.907044549901262	-0.14173143835612834	2.637440706040373	3.150106234367457	-0.9728949987868319	2.8406971585724503	0.09239473242971148	1.4498983926442233	-0.3881223560574928	-1.1991622235372712	-0.8662900854381657	1.2750542940711147	-0.05437153943810543	-0.1895711269338154	0.7327211435915147	1.8220406220243726	0.06664925068706166	1.6732225254199649	1.654523176228113	0.40827169754796827	0.311098068716536	0.6370288743877859	-0.5174127926685514	-1.1601962133487091
DTXSID8040698	0.18559089072848622	1.7675371030458833	-3.417171724981891	-1.7659235521496957	4.236476511206706	-0.45885775495077924	-2.593631466692467	-1.5461322385658285	2.873622675053164	1.2164007880363532	0.7341323085969209	0.46956882136280576	-1.0430372064802096	-2.8857671243512426	-3.212436573088334	2.4714464253710116	-3.9660610396903775	0.9272089608693557	2.4724977529834478	-1.9486052602399924	0.06949608651114261	-2.969532075391381	0.30318494317886746	-0.587158045964011	-2.135920643399334	-0.2148159202829418	1.0703177395734984	-1.255413147465677	0.0966971144719914	-1.4099334819777742	0.668792248556934	-0.2818588716898789	1.3978920108844444	1.7854307242778333	-0.1679490581732787	-1.103051451185066	0.8046354109706481	1.2915737986142375	-1.3542744177312722	0.13639043733151004	-0.9517018214533549	-1.273413956426606	0.11447269337538246	-1.734418914583882	-0.43413006458363773	-0.5468993257632722	-1.0836158420611077	0.5972312757618506	-0.4939335691517307	-0.39938342596930715	-0.2107578356109553	-1.9159281106222859	-0.16723953161744803	-1.817636541815063	-1.1240620449267786	-1.3172606938448477	0.6201011775769933	-0.2720255326894819	-0.3199370484792254	-0.9297178291172536	-0.17501953333799394	-1.3839213270729058	0.08785409718912922	1.3008401115981547	0.4270162623054895	1.9029907174775058	0.8632167399847132	0.26814299075184017	-0.7426570384419904	0.6565725557857305	-1.533632770433769	1.4575999992271076	-0.14407365124125	0.2897681919148557	0.384069108268968	-0.1380873836314948	-0.4904681353610974	1.3960725926980964	-0.24366327954366257	-1.171356207033634	-1.870106771183032	-0.7600226412118117	0.733478608445293	0.5759193331239691	-1.1971716720906656	0.4512581522176285	-0.392012060350124	0.8684309604079675	0.38510119557796246	-0.17328068677090833	-0.16006978953761888	-0.4384464539757393	0.30480169768000853	-0.9499185421009432	-0.31645260067969255	-0.12961052703286058	0.19414572041020792	-0.5085818722507991	-0.10889504601471493	-0.015441088266866179
DTXSID2042149	-3.717104776310599	2.6640971634035586	-3.8023294871105486	2.729773181871568	0.12276551141872592	0.7116439455871169	0.5366501381210981	-2.6676843742396428	1.3806157826708967	0.08631622871918747	1.5678776538022063	1.4104024240696855	2.7317144603718897	1.330179079388514	-0.63067859737017	-0.10623374539257686	0.6370519872447222	1.007415198478936	-1.2696099709039927	0.08958068974118924	-0.7622036794109815	-0.3133560022791893	0.1358647425997742	-0.8231267416839761	0.650320462317694	0.09418708767865866	0.757458655252777	0.44473849925558967	0.12398907569596572	-1.740635922470433	0.4543082056755633	0.7484873299570749	-0.2635195553910137	0.6011472385573368	0.6208280113979483	-0.5259395645010765	0.7298940482571292	-0.6434507512374404	-0.6379732632373113	1.3205044340112906	0.2954748181534467	0.3135317215230888	0.011190714430839235	0.2641468210145675	0.31122526180419785	-0.8555646073824509	-0.22807658756123375	-0.4831243996277689	-1.4307867497782778	-0.7796772738433422	-1.020799227369038	1.0888150961862828	0.2271169261244662	-0.8917193860540694	-0.6756165029447859	-1.0251777398035338	0.1746197143138058	0.02374228019478465	-1.4643683450185931	0.17639155462562578	-0.931642055761251	0.13278035049249787	0.7818395109146674	0.4568929114620514	-0.6735517152685636	-0.78290854635803	-0.8034468193721402	1.1937668675876016	0.7739872395662244	-0.42607365524588237	0.10098472973803534	0.025094452149894624	0.44638737439832754	0.37539453290687635	-0.06101271224456569	-0.0658695727789941	-0.06717742210528047	0.6270088110830447	-0.07826447975069648	-0.5781859147784048	0.6078875482437629	0.053151944182832776	0.11554511973405503	-0.20734604492015155	0.32662260871295523	0.11426640973095653	-0.48521451702528623	0.19516873633965762	0.23661273454670473	0.026669511593118107	0.3632528981866798	0.04431888509093959	-0.5693251534599368	-0.5228475011697218	-0.41433882231060215	-0.26544332433264506	0.34672009638361817	0.18851208008547002	-0.1284960360822524	-0.25668770568366156
DTXSID4047125	-2.5745384258293478	3.4879214008868153	-2.9294987008545648	-0.9537708226528182	4.467187165831706	1.0240376403888911	0.7943988262817401	-2.40865755037379	1.2362023920565404	-0.6235285229100277	-0.21250055167642695	1.3521836480412506	-0.3934525055228546	0.45522619494707295	0.23895046944814255	0.6162001112615824	0.785342485649349	1.2240657478749608	0.2716483125829145	0.4806629774129418	-0.007290444882473846	0.5790175573390641	-0.8851383570023522	-0.549038243632741	1.768346083786759	-0.13254598684686983	-0.7916426522766341	0.6209077369073253	-0.5204923509840111	-0.06597260220986302	0.35536301627729294	-0.1791904319974566	0.7885709431861221	-0.28994108174612604	-0.2378195465142268	-0.1334967088707048	0.3370767486360894	0.1390013614595116	-0.03883343935483772	-0.07489916830383336	-0.12629824888467084	-0.3012625392544378	-0.5399274204876262	0.07865487435462643	-0.2767248873938947	-0.6981080239863157	0.6156721461845688	0.0073776004383602515	-0.21223986789061444	-0.09330812011786359	0.12733884612686	-0.01362399475289186	-0.4564826696847307	-0.17648111187659904	-0.3368219526522045	0.15393281746841736	-1.0329813986214582	0.029456860896886403	0.07913070831567542	0.6458235097974233	0.7355484552460428	0.3547501872921639	0.2648469135651906	-0.6408306112472835	-0.1715929743915844	-0.777172069751152	-0.4829932386561268	-0.3026145098503495	-0.33343673976709015	0.19195283130631438	-0.21830705198071348	0.4456171595662637	0.018365767800214747	0.02734949758559366	-0.0961027992912236	0.48570610040946105	0.09551096669239989	0.6328317481891759	-0.23412342644008519	-0.017204935516324606	0.25444209784577254	-0.07726248358874066	-0.42222231136791816	0.18236193254727348	0.264711920305006	0.6552991210290611	0.4336610455473113	-0.41285829925041223	-0.14123563349482265	-0.1453717697319537	0.20770951922644565	0.16868997106857994	-0.47441209335059853	0.08702140614573421	-0.2960263781511308	-0.2178838799061485	0.1452702540240926	-0.17307260641300498	-0.2118224058116541	0.2075305495242225
DTXSID9046520	-5.609417400822823	0.9023081398629437	-5.433457749695306	2.3844346240638754	0.22094703325061155	-0.27232739001414075	-0.5251354550185658	0.6551337297268598	0.3103166575625857	0.13327615025822348	0.7992139977196777	2.077691109812119	1.0188640606141388	1.8514857507892986	1.3532107033484626	-0.540545514198537	0.23926095696526356	-0.6749338424903303	0.8628754034243589	0.5357193102090319	-0.25790335030079237	0.9260095584134374	-0.8077129577916202	-0.5132479845257572	0.985073774190487	0.2237759284667515	-0.4950087788818169	0.3827574111676139	-1.8482444546160197	-1.6167987268592412	2.406338931973699	0.09974703181806861	1.912259583401033	-1.8293421811658412	0.05300984025461006	-0.42448964800570105	3.8709138663866893	4.090070005209286	4.689532911187883	4.493270327750972	7.083852227577619	-3.0999368114191674	12.419123234750247	2.6743870133177228	-2.234383883952102	4.518916411749102	-0.43566389751547974	-1.4448752282489847	-2.306988520780503	2.813954884459002	0.23166870740412993	1.370970435627097	-0.8140709156051463	-0.339897776252553	-0.43604603054762714	-0.13531293887671406	-0.6634472134394551	0.6333966787329414	0.760714008986462	-0.7498099465988805	-0.41176639900702505	-0.8221616958727714	-0.0590758586070708	0.5839220265628549	-1.200958730489262	0.04571157932450295	-0.003794981839384979	-0.671487369714961	-0.10301856493373027	0.40385537046396375	-0.5542560844567062	0.271116781778003	-0.05860312399857739	1.2551591898750822	-0.6416172203775674	0.03566969140335318	-0.8512483159651157	0.6032114297232845	-0.2885536777210743	0.1596954201649859	-0.1276042446394386	-0.8984839819000082	-0.645224109353155	-0.5901002548694244	-0.03600252755962029	-0.15870603517737053	-0.20754493718615233	0.7141141102944534	0.07422906992292277	0.16576779062637775	0.36337988016020023	-0.19640267602300163	-0.07196330333648225	0.13147940844321263	-0.7570476938959659	-0.5915439894855329	-0.2632487125760874	0.49655491133014246	-0.6563222775287254	-0.06427770841656988
DTXSID30382104	7.453563311201901	-13.308739356217883	-11.547629852809067	4.561413928258568	-1.3427637407619424	-1.7673794916061094	-12.081215271789118	-14.62079650009431	-2.91751989011934	-8.903591652116544	-14.439522598968141	18.584433201680298	-4.424545565903797	0.22877126487493482	1.7655272243029838	-6.543185129659705	-3.9010068612179762	-8.61096048454145	1.5450380781226543	6.850534421228483	-4.894538915731887	-0.7520076035183515	-4.337974716418761	2.679505887323527	-3.1511130777577794	8.799993210254671	2.759290643966919	4.1879941796781335	-6.62243965653732	-3.6269385667409044	0.6233700081822029	-2.1333678493985015	-5.823477680005802	0.6894656696571118	-3.870106142857927	1.0734466247941568	2.194169568919284	1.8596946755015498	-3.5886814356572905	3.0766696273449288	-4.398067818491952	2.135874928999703	0.5356743861845987	-0.8508964689793942	-0.02672237109484257	-0.13502945636751504	-0.9091471767263891	0.3472397494575852	1.3682324516991147	-1.8660935791406952	-4.507023035899605	-1.0894555799033936	3.6463648494387075	1.6090353152446912	2.4427429881048166	-1.50085324186993	-0.45136004461156726	4.650914148792654	-1.7358730317561573	0.8392136290113951	0.006363352303141129	-1.6178737722735477	-3.4965752659585645	2.8221868172754254	-2.6265511182832486	0.05062117394550436	-2.369499103252187	1.6219227553168114	-2.396704736676469	2.739795293907817	-0.36880512215319955	1.2759177672381887	-7.909785318908333	-2.4281669918387414	0.34584733851947935	-3.247215621381834	2.937929049448738	1.9297070268022192	2.3069551257260246	0.3086798867246948	3.6155357525677307	1.9564362024328592	2.631849794449583	-1.998875141202635	3.0188769973413656	-3.2765109123443614	-4.342347958385441	6.414018020571357	-0.13927907787190916	-0.2667289360297234	-4.883696942358814	7.9980491728812355	4.840484370572156	2.8537731158765465	-10.092763238021739	0.8161609024544654	-4.379129467834131	-4.545595444993559	5.720341168174811	-4.379269037190939
DTXSID8022589	0.5917068217416961	0.16741724137729425	-2.3322546955498424	1.70883026653511	-3.331494470567652	5.965121196067217	2.480707327251996	1.2061049945111086	-2.08068133809871	-0.7885473161870518	0.28692612845279053	-2.101279823498763	-0.37472133674921976	0.7580823489882367	-1.640628276693491	3.1275468761876026	-1.9092012828146143	-0.2919329674811006	-0.6232576270107851	0.35601923616639536	-2.5248944506585493	-0.2502015175867679	0.30906453753559276	0.1265468008275738	-1.0336856450031393	-2.5755645261887943	0.6639447428988149	1.0906941553315384	-1.1156498236508652	0.12132327282370432	-0.15620682117428578	-0.7082411750459563	0.1548979781491229	-0.9761247232115541	-0.9128775681842667	0.488045130325596	0.9625672907001981	-0.1262146562801931	0.012784848001811145	-0.1153479105061191	-0.44673140810413103	0.5426326577897671	0.6094204065511449	0.4343860304705498	-0.5914285618905105	0.026668363619041978	-0.407708534468184	0.6229195579684108	1.7889209253664946	-0.8259229254287697	-1.5712428324302925	-0.40567113484782436	-0.02383177452956798	0.20521058504689574	-2.2465426871848213	-0.17233796139734675	-2.827681852033311	0.17672597799579123	-0.6522277913978767	0.6593702948945294	2.291730604984714	0.3944277468445311	0.20075834406145535	3.196935662142085	0.1415176225426908	-0.34528185445771337	-0.7493045989069759	-0.6051154419577246	-1.696935661794638	-0.44404456022059313	0.4247575852395952	-0.0035476742910799685	-0.6271557155178569	0.9053248311507498	-0.2688257195897246	-0.16181307051892851	-1.5319273559509885	-0.16564626715617115	-0.44088463861286736	0.33607314401092314	1.5461545877483327	-1.0271275385924863	0.5341627727699196	-0.21598887002355463	0.15476202166423852	0.1491103339671455	-0.3417454114223486	-0.3258583126066157	0.06792416392780999	-0.5273835750381741	0.04699347815639133	0.08117959366652386	-0.5999197982912926	0.038063539396591586	-0.18263288541896808	-0.66667249642839	0.44701206290736517	0.20287510538100448	0.21732870240668634	-0.28669294519141375
DTXSID4020749	-3.1505238584437847	0.573510665136979	-0.03613897655879046	1.9582880663913418	0.2771050361673675	-0.5201490012273482	1.0423897287964659	-1.8635387138617876	0.6429333589987266	-0.44021911054155755	2.1740020153780795	0.3745488807847375	-0.33310847152434864	0.49947960385769763	-0.10798823262464471	-0.4284550842328981	0.5041663731989845	0.3690531578629403	-0.18745896486148525	0.6296911618216126	-0.5921043621763505	0.6020779773455561	0.05660812890309066	0.09982701415003747	0.012490333774374572	-0.08763873095093383	0.19694162342146024	-0.10417123278191259	0.027080684120105322	-0.3804038344742376	-0.10068863644176945	-0.07729602683144593	0.5759849526314926	0.05318335005018551	-0.4043471155778243	-0.4328910512654072	-0.070512410645456	0.2210877514953899	0.3282212478211704	-0.37220257997564515	0.2691906904924871	-0.7389574971794506	-0.25547587070484457	-0.2132393731375343	0.36530439979948226	-0.6456479843704787	-0.07572599973149106	-0.2966452213102196	-0.017361248416075795	0.7563960970631459	-0.1709692255088388	-0.2377453867035158	-0.2551425858736922	-0.013759482455154083	0.11394387679136285	0.2920284845762399	-0.42266611278033817	0.12335762925363106	-0.4514223649999173	0.14981386803427973	0.09238287201020219	0.5741710080650811	0.7283194678742534	-0.3997747804014551	-0.1676431450496285	0.31263632788803963	-0.015507139139763633	-0.5703452136725368	-0.7901769808500417	0.37680377717787467	-0.96069764716042	0.779316147107888	0.30937940459616564	0.11071269605030588	0.3058515290983788	-0.3280041820956729	-0.6135493228374885	-0.050840416566360964	0.2058224648113896	-0.13746543287433977	-0.7394991275850985	-0.2733066369424889	0.30002281919426466	0.13607650915535655	-0.8826895695620718	0.12480409124999065	0.20354146559975944	0.07646483201024959	0.051517824594449764	0.23982357585354522	0.33343454043071535	-0.08530079567710365	0.34048196383329976	-0.22908424391761226	-0.33493055859360155	-0.04165467678753419	-0.043881487650919496	-0.36632049824319535	-0.24006491960215917	-0.001356653514437108
DTXSID1023027	1.5623564965804801	1.2746267709161618	-0.35975376741710613	-1.2122615772277618	1.4654513858438651	3.4305454888964446	1.5847560471421476	0.2609123742530559	0.8237133286057171	-2.017102246974423	0.21535300216906156	0.4327364875410003	0.7742988354253809	-0.0189731154836575	0.5714456820693669	-1.212034943405215	-1.3447950403953977	1.6576339881609519	-0.9119608487687788	-2.4588502329483224	0.1401180427469418	-2.010800648467721	-0.9279441975781513	1.1305597155234697	-2.265100342278572	-0.04222210982941338	1.5193484264881987	-1.9148952787218962	-0.8702858567008377	-0.4091608077593886	-0.22631675881602334	0.31941109702529813	-0.44102348652833223	-0.12420340766137578	-0.3339873313585685	-1.564148255822446	0.26259163058543744	0.7796440165712879	-0.21589925869375357	-0.09705067963616157	0.6355259406802551	-0.8319432773564926	-0.7842846586312785	0.44983850084226124	1.7621329318972676	1.0660283823561383	0.11128431479987692	0.48349252151539607	0.3043706172377562	-0.14938795732288074	0.36343545184167214	-0.7842699400156145	-0.7915521237973686	2.7535101346236117	-1.4309244036967388	0.0950536125713307	-0.3802539642350938	-0.09958261575398349	1.3918613647944298	-1.6903637177580126	-0.30645195425646876	-0.13734181514986887	-0.7473082702441923	-1.3144081187773207	1.2060282550849681	-0.18663010185950804	-1.3857061811048512	1.1002411139514066	-0.5893033726377903	0.2144585276527512	1.1941428695479173	-0.16403181218207302	-1.6704918406604428	0.23234776526918569	-0.3868414745074511	0.578918319572215	0.1531029587420224	-1.2953806372826489	1.120506357305801	1.1012542747089797	0.9180654661694226	1.0651035844068308	-0.7559244452413972	-0.33866529958796293	-0.12990809627151484	0.6904150745280621	0.21186192539268447	-0.5097458449623159	0.3783353225441796	-0.12887001158489236	0.08680630345856559	0.2390331568341891	-0.025607836999191065	-0.3847782780765354	0.10275587445514232	0.06204497692328927	0.33221284861022127	0.1627202358445009	-0.7894840442829406	-0.19192820505245226
DTXSID6042282	0.38889669378129144	0.7783918948717965	-5.337469927281419	-1.352285670554641	2.4371472413140363	-2.4849500172993912	-1.6061260161684707	-0.21241371468399609	0.7137701339511809	0.9828271681557456	1.538669784524483	-0.09768041811342332	-2.35367924612181	-0.9363393598604869	-4.209609968302547	-3.133400796981609	-2.5928527468829623	-2.1336617987572537	-1.8522547974901882	0.5614382688577193	-1.045271825803793	-0.7009069082817673	1.385583193693641	-0.8588713126363194	-0.3247222432505486	-1.3636916138970574	-1.3738557711701227	0.5623067800348863	0.7019004616739447	3.489412099204991	-0.8406106837584328	1.9171712838029769	-0.24774593977596268	0.6912231541320902	-0.25244760790997484	0.0676795056863948	-0.2622749411770947	1.3809802858140758	-0.42393322096311203	-0.22953529494095823	2.000063887942217	-0.6361269765992833	-1.2218209414856047	0.7135797317831476	-0.20683208422146723	0.9680461530061458	-0.13224338770586377	-0.4140542028484266	0.36819863094085975	-0.28554550434321885	-0.22957593102455015	-0.5795159321567002	0.21022947452184537	0.3224383052045779	-0.759815355664714	-0.43776083038517766	0.9303495914175023	-1.667620553151999	0.5336048285030075	-0.9746619865564888	-0.3733530803559818	-0.8888129256933075	0.5337563688098341	0.1396595599844031	-0.28749096685851433	-0.0703170259569796	-0.9058880135442109	0.7158440791636808	0.5798611259914651	-0.5683395411890576	0.65830545006759	-0.46803095392710226	-0.2700930640555792	-0.07812865154706665	0.1684737510497799	0.3316118481806887	-0.14387924379043576	-0.07215055076334144	-0.24755965968564392	-0.15668742771884295	0.3401862267263138	0.24724044032582101	0.06946309748564687	0.2911606202249368	-0.514340764216623	-0.39985685800351856	-0.5042592711562839	0.1961430531060244	-0.9144676859637652	0.40793379131619084	0.31741258077781703	0.04052399075404466	-0.21509031191856856	0.08539760975646601	-0.0766066941484618	0.1872320558885897	-0.24125420822194443	0.08970975015217451	0.40433795753253965	0.16715160879514543
DTXSID8046117	4.610976933842883	-3.8419751906407855	-0.22707184949902912	0.6415300551286252	4.724150791729087	0.9472059517427018	0.1597362492996496	-0.9217580581860595	1.302548824294933	0.05796291383891074	1.4319212731142124	1.5660088349948023	4.423829978496778	0.12987391616468397	0.7674024107533647	0.8871513747179132	3.257084226528117	-2.8369575799138107	-1.1747146010307759	-2.1999402565411397	0.138469718916502	1.6784493446937823	2.7928061880662196	2.9150445270577636	0.2471957154289508	-1.4514679426672348	3.5751186627635247	-2.842964177374866	3.3942607017255693	1.000387020622878	-2.092868655318005	1.1865506767084324	-1.7556942062343657	1.0325094390792955	-1.3595901033532432	-1.3764894969035426	2.55119327459854	-0.3185775638741156	2.0605661293992243	-1.3244565421722365	0.8687776842883597	1.6598885450761942	0.35050102090609425	0.38831242964739304	2.233642610730685	1.4357043804833554	0.3397408242252318	1.05065270780791	0.7083523546512589	-0.22094708414725034	0.21397430644297655	-0.44252918442822387	0.3381747832317311	4.012876643547825	-1.3969583440684359	2.073793755282639	-0.552033501425752	0.1472296457107335	-1.767566806021415	0.6233505658028438	1.762099357889946	-2.9181475702303334	0.6883198859408474	1.2918339285896994	-3.1295841848926056	0.9748883944694166	0.5176979981893793	0.43726979958521	0.8386674793526399	0.9856388212958338	-0.9115131968774997	2.1332417531808114	-0.36327062869351545	-1.0410680283274298	-2.3433028747716076	-1.0970372096428564	1.0904336465371365	-1.0653089136216516	0.15224198260238317	0.7626893171209892	-0.5223024782848245	-0.07799702716734949	0.32169096027399974	-1.311535301879329	-0.2879496449345566	-0.6870232990403489	-1.3498018719719147	0.6636506637869038	0.4116455842337277	-0.032274977090364594	0.4920504494759616	-0.11191144745158542	-0.5221647330170899	-0.6038189188587775	0.8500265918033608	0.06418192269141029	0.10224179765396829	0.033704411080033594	-0.8208819401073119	0.24490347338172516
DTXSID7051474	-0.9885930484145934	2.539181828442445	-3.018035267214719	-2.5787412968432903	6.567987389759239	0.7202022272671529	-0.4249113253814835	-0.8324060807682493	0.11626563291725067	-0.060032606465396335	-0.5936053214824407	1.630420987922749	-1.9364372417067044	-0.45469071295023417	-0.3607010749928125	0.20525624806803625	-0.45048407107309796	0.07612845751839625	-0.6925947022650747	-0.12994273123368819	-0.39985977102535625	0.16631892999880005	-0.3270185250414363	0.015710964037249246	0.6129007051958397	0.18492569099053288	-0.15789151573105178	0.13152473652495045	-0.4918768919049379	-0.5241088888402077	0.39457673593557796	0.5106287166965539	0.15328843543827572	0.8515430022965903	1.042257577113502	-0.5820341497001582	0.2278885477539968	0.9217309805611559	-1.030118321568271	-0.36248742379102394	-0.029010690411755427	-0.19637797560818782	0.19559112595151015	-0.9276629726097836	0.8429260419523898	-0.14848448490448163	-0.7407110564830476	0.8506920337546343	0.29442542347492934	-0.6073547880543793	-0.07237650252345439	-1.1407547674316723	-0.1344913686059343	-1.476122107776873	-0.5553534303109996	-0.009865524896304271	1.1071658631831574	-0.5598654771272844	0.20540261464673568	-0.4288517632626362	0.5627252762427001	-0.6446842941221619	-0.5589997426149566	-0.4272037912008641	0.46851172382344136	-0.6954678829663176	-0.06419322662451003	0.42102503063575236	0.8549546983186015	-0.3039887783896448	0.7294462810182573	-0.9138986908782447	-0.2593365254818183	0.43414856669445817	1.1437613594674658	0.7996487986520303	0.5587101084415232	-0.845856534727177	0.766718326109863	0.7651757369341027	0.21445661425797014	0.27885532623347453	-0.3719973345432969	-0.14685771053088073	0.8624647786505297	0.06554452768573919	0.30489891399295616	-0.28884491290549497	0.06482136543417828	0.15164761981075053	-0.7647039816508618	0.09981840206638784	0.48618387339875385	-0.2839712546970124	-0.7811161649957632	0.5114933173219057	-0.41824414497481127	0.13175644600274508	-0.155216267335464	-0.44446559057235985
DTXSID5049314	-4.295145012114131	3.880706931566913	-3.637887550408962	-0.4675259450294192	2.685729420201701	1.5048449849665495	3.5900106144035084	0.3900888290223617	-0.8559394280814905	1.2690381685582917	-1.4966710574564688	0.9317391372206321	0.4802481392016422	-0.6131206357095413	0.6198758291569	2.327373894702372	1.0137953778051159	-4.848109681592422	0.7688413322993768	-0.6067880028317935	-1.9057672846316844	1.2896521091234239	2.78510489286725	1.4527707166505859	0.514951931590032	0.205062430420631	2.9763822810682314	-1.7616067537108488	2.157303995976568	-0.4058516812970558	-0.7982232190578491	2.9794296288975715	-2.24368879049686	-0.9044351283807509	-2.8673379030848882	1.0513858997016026	1.7646346704696083	-0.15546376831530498	0.8516776766502063	0.3103922261603003	-1.233955615507861	0.5721520669063216	0.6166682053272063	1.302007788911771	2.0273918216006384	0.4264217001816823	0.9135342405253161	-0.4115777104987389	0.5531671502239157	-1.4408024279275657	-0.6511596116886486	0.802848447662574	0.9689681078382196	1.901650804654021	0.9172689926542605	2.211984625564896	1.2673694234383828	-1.635250802614424	-1.2551020416512464	1.9104871995735828	-0.5892053217419452	-1.9320444431809023	1.5112238079254947	-0.20574290226846384	-2.6535734848491104	2.133490969021922	2.382882098974004	-0.28854540131519474	3.3773544734163794	2.9334524784095084	-1.6326772719124634	2.7107871296580823	0.38464879183289674	-0.3682097729887098	-0.31530739058340224	-1.2365935446868945	0.078352478629287	-0.4716902635506536	0.46298674027920417	-0.34465269687093336	0.24450840586677255	0.2851525572028976	0.08937434640102436	-0.6921979483766434	-0.5720049958825872	0.6303670723784235	-0.030764581270073487	0.33651517234440126	0.45103240007484086	0.09374183322324653	0.9523574233150942	0.06850224744249546	0.02090643489423466	-0.36915302236152037	-0.15511716233037043	0.8422625481105468	-0.9174254498058456	-0.7056714651980346	-0.29436790255355993	0.6551869728011542
DTXSID2044925	0.6732533277955548	-0.9371668543339778	1.0546002024352499	-0.4280164436023262	-1.060156878611106	0.9161545494663054	-1.9814704953089946	-2.2291367911917876	-1.3398178580624747	1.4175580486866561	-0.9003065058818458	-0.39437402593354287	4.287643936555878	0.6284775911269415	-2.8006125804521167	0.3342186271887555	0.0450681016688755	2.2048475201723057	-3.602747303181576	-0.7926472413394022	0.5110390341321227	-1.7668856402722695	-0.19378684827015139	0.18777948892938393	0.020261400554524	-0.23532277320392558	1.378052380040893	2.6335079289392302	0.32153728461580944	0.4092175492172497	0.7272913435820645	-0.16988918991173135	-0.19138016854197	1.8242793755789173	1.0185309648306446	-0.6838766192441464	1.3098022443717314	-0.9116073069344092	-0.16482250431177117	2.8089807119329055	0.19680824567490102	2.1871802136820233	-0.3166204584949682	-0.24097460307476004	-0.22356619941302283	-0.100365918952705	0.9001455946218053	-1.230045160060523	-2.115329206770859	-2.2645763990601346	-1.1279511330822918	2.44532854787032	0.798683468293028	-0.460218972811111	-1.0430956688914883	0.22264492831029747	1.1502654122964509	1.51028820304184	-1.0151097766331905	0.15548442285144365	0.9784277182290972	1.8352253022588454	0.7100401533064182	0.6223205758833059	0.29057479847318746	-1.4486853611620265	-1.9858921205398976	0.317267904391959	2.9058798956349747	-1.7500559753722316	-0.8640868650978313	0.4403941673289421	0.16998292024513226	-0.6132502232833521	0.945282679420867	-0.8099734511073838	0.14975258457395163	-0.09270264332068238	1.6736634396126904	0.13606953109194506	-0.12355122750672724	-0.5116309811774791	0.2037626449806692	-1.6874725626252391	1.249696026933251	-0.8804226587520552	0.06079322338931868	0.3463744974828297	1.8410027411084515	-1.070143026450175	-0.0798159231170935	0.31299178845519343	-0.3653231246385358	-0.14703929909609026	-0.29199635937511226	0.08809770760676798	-0.14649712290874914	0.359495346205377	-0.42900998688026243	0.2082241709770332
DTXSID7047190	-1.4867609746403654	4.718071909891124	-2.702613084064453	-1.207559559315914	2.0240380087718814	1.065458461931504	3.200098577686452	-2.8516367328401278	0.24600850109859793	-0.18267436521393116	0.14133460323886485	0.7012161873192531	-1.1694713572743594	0.6899714830034306	-0.5414655889483411	2.2186157608790844	-0.13748509180639507	0.602757802232334	1.498137250875516	2.447955748180789	-1.826412388247237	1.9673749774408427	0.28450725236212937	-1.7307508938809906	2.038838007100804	-0.7167950662196367	-1.7704881887444477	-0.02375218456557898	-0.5187907310727753	-0.5183837275815026	-0.7115420299553834	-3.782367127381353	-1.486408908724321	-2.0387453955603227	1.4776367696014931	-2.256188326454148	0.5799245944478465	-0.30230912073123845	4.1116067891532975	2.301892518505181	-4.313087621842348	1.2068485163228027	-1.7435297993907348	1.2606611292450625	0.9233142430001169	3.713896160637885	0.9357084909362569	-1.3783767985432465	-0.9372284431777397	0.18369546125882272	0.1243177301831056	-1.0930140458506112	-0.7936684742692932	-0.5480874759101058	-0.34748995671281524	-0.9398837002994521	0.6775503901263292	-1.2984503456769207	-0.5259785487734298	-0.36775262968381317	-0.8500497860586743	-0.3624565712231341	0.9373882060639469	-0.6610248762798376	0.8246329089382604	-0.6495967716121295	-0.4312638912671806	0.4559699051121056	-0.6131759237528775	0.4653096625310822	-0.06917165118371407	0.003542492215468477	-1.117419163373347	-0.9265616550424526	-0.6558279466710434	0.869189750112773	-0.33003491228902043	0.3172011100292229	-0.498791299272318	0.300263868902091	0.4912633903054167	-0.27863167386420673	0.03957378056443037	0.20379995324282765	0.3402457627237317	0.08560821272992893	-0.11410608841563864	0.3651223494969292	-0.301154373216841	0.028210154359590883	0.2883742812439685	0.5945881746940446	0.34583834276119213	0.1252610904985052	-0.0013183180557667356	0.24421239237456188	0.1820869255342127	-0.09890649465740427	0.19436834810474668	-0.5217121195961442
DTXSID2044395	-3.153751748373015	4.254055979142595	-2.00602484564983	-3.6397787103982036	7.107777828735837	0.39051641964931405	-0.08110188781988396	-2.2298702212557937	-1.1007963618313106	-0.011642500828204073	-3.6058692880518994	1.9230148867306367	-1.723223891942396	-1.1537197991817474	0.08937591639318282	1.758320812772061	1.6554986236353786	1.1163546391068502	0.22231529758902976	0.26896992633354694	0.9156237962173451	-0.2661603901158097	-0.7479899937449891	-0.7220996602725918	0.9875733805138948	-0.15108972105027224	-1.5548649228281604	0.9366357608101473	-0.6887688974597729	0.23098587992243497	0.26232545732681395	-1.160662818760214	0.4674168470498497	-0.6063969582714807	0.29869158065900847	1.0254386946346845	-0.30676641335425303	-0.32103298861940965	-0.16447802356210428	0.7068557992041317	0.041240946626828485	0.21351506255934444	-0.6838442231464078	0.8120985607084841	-0.6923045819468079	-0.9821629634538169	0.7746654123768597	-0.17638283838263172	-0.09395206636791492	-0.8208561169361565	0.2530737741502416	0.14919595034202573	0.08215890075384777	0.7496341830758181	0.3888074857068417	0.3000804420979598	-0.48844892717752453	-0.05089015798065469	-0.36222497884582555	0.181949190845835	-0.03973521281574289	0.3047921296868325	0.008771380691343502	-0.10393344838549548	0.8333975081060293	-0.9423642437927522	-0.8045453803341845	0.6110826056641341	-0.3090729098436592	-0.8924406619375028	0.25334329291502505	0.14611462198157923	-0.1316842700056536	-0.1797067870772636	-0.7255416569748346	-0.08835086403389418	-0.3897714678888708	0.2810499173124153	-0.1447388797152892	-0.19241777378071873	-0.21309989651235203	0.2469829607854581	-0.18102707434031937	-0.003385842147995343	0.2847743470362678	-0.04663304547224281	-0.12504588623369847	-0.04087076969732363	0.24739333041415065	0.1051260299776565	-0.17281176612717258	-0.26467961043900534	-0.876535535742849	-0.2993447150612559	0.1539890957845689	-0.06329835048021948	-0.43286660037097524	-0.09288197188500441	0.13373774585913298	-0.20010475952060675
DTXSID1027556	-2.1214448102809604	-0.7149927993008643	-5.7483141717782145	5.531206798465572	8.352418575958104	-0.4371015582483855	-2.1622461940677797	-1.503484729962915	-2.062413539208579	-5.587767483788818	-2.587862989034716	-3.788947034642676	2.6563559645845083	6.79696278588812	1.0801478681598846	-0.05267733380694018	-2.0405893564831663	-0.6679711812883403	3.4065686538743636	3.466076167780425	0.4981170822232748	-0.11482937035968846	-0.4549948220885196	-1.3132640207019701	0.24967820124485168	-1.627610139499981	1.29646566860865	1.2960565901256202	0.8188328468338224	-2.113409168714117	3.704079333472377	-0.8350949565798127	-3.0384455766729013	0.6033074519722492	-0.6095313815863251	1.9746843902858	-0.0679364651439724	2.212420556181887	-1.710358865978072	-0.5528168396360404	1.9212297250004335	1.657078705295298	-1.5870773437698906	-0.2523237512018455	0.5655271862975843	-0.44391650901080537	0.7020548301577112	-1.1924811495812526	-1.524773392650308	2.0808221051760616	-2.0788642259944776	0.08031643723310546	0.023433567221882615	-0.525052480807715	-0.875206644107603	-0.17030186116257418	1.4194111577321207	-0.5692764835518234	-0.8704442708808551	-0.1368710376663769	0.47273361769959277	-0.8950993252293598	0.25374363808733347	0.00882928605793291	0.9627053483846103	1.5144468293766769	-0.6424176252099779	-0.15518940459788355	0.8662509874021049	-0.21842963019017078	-1.3089147614501102	-0.6073093351137592	0.42065809882897703	-0.6869392651443097	-1.0664723616216532	0.28045713278749335	0.8780264727339601	-0.20406258203687236	0.37892570292986627	-1.23007449914008	-0.14707436951943983	1.564969960785721	1.046290349608495	-1.3182440386538545	-0.6453442114510817	0.4999129286349803	0.533830417135962	-0.897886299038202	-1.020776752163955	0.5590571221798997	-0.3949920098342833	1.1452129882518947	0.11701556203723994	-0.06293388466052777	0.9432950401101969	-0.20789761171904045	-0.4800027514501462	-1.1544166344840583	2.240783013840999	0.6324067419491566
DTXSID4045393	3.723030538045868	-1.781030044178965	-1.8422566552177753	-0.31460515805114636	3.970041687257917	2.381960925867986	0.08275840467217135	1.750543384018827	1.836910739144424	0.032961609605510374	2.0164710198274403	2.0185073387608177	-0.022864586020454318	2.6210146000579075	-0.03317302075369276	-0.29649873365748586	0.5399815304920417	-0.45486642927981114	-0.05884939051941264	-1.0549339209015984	-0.3296326473077803	0.22961431558729622	-0.294577614363543	1.391803259399855	0.830455575060555	-0.2452769146298708	0.894473961448006	-1.7406656750267715	-0.3260901772158513	0.7199327412662088	0.17247297898306166	0.025528127543403722	1.4060031549482428	1.0761681495834936	0.021135718243634145	-2.696894950537805	1.120768259797931	-1.0151172388231968	1.1008596991511292	-1.2278116159591512	0.7685791455614766	-1.2046721999027803	0.5620678265838095	-0.6400244362749803	1.4953911433512581	0.16195476939956752	0.1091360058613226	0.890081692591719	-0.7875081128318963	-1.1671000284942035	0.5638687857439058	-1.3312486409280733	-0.22748203673814263	0.8522872846521127	-1.9443955332011635	0.9977785072103975	-0.6571760938928254	-0.6126212365102599	0.5451528350122287	-0.267437545265342	0.014616548527747188	1.0301615821542682	-1.1548080372987353	-2.2083380047973122	0.26034776558031836	-0.6719639550672405	-2.5855777909144435	0.7769998446561454	-1.6719931506787524	0.49791274294306515	-0.17363673305321994	0.3422008744668498	-0.870444988699266	0.3275003951824635	-0.4608219385261026	0.18198143862991092	-0.22458848870831666	-0.38933436842806357	0.8311804458642584	-0.026451231044647385	-0.04787464857623842	0.8561549299670663	-0.17814277754714644	0.056871827432961534	-0.9586630596677107	-0.11410944184923251	0.09360328974427873	0.18291851737868747	-0.5493331286362481	0.5082226019087748	0.5852037033228308	0.024386541758450703	0.2588715265630488	-0.844667783240471	-0.12066261522682334	-0.9871351620429323	-0.4683878081654212	-0.31191137372137095	-0.33459288952315175	0.010506861673004443
DTXSID4052506	-8.426776917462623	3.6148668026922954	-2.2752040362991592	1.9531530882716297	-0.2550381954723784	-0.6654034113038765	0.8854120431516355	-0.00742978698776145	0.07804393123790311	-0.37669977701328217	-0.37426296696292305	0.9919171486255922	1.5113615296792646	0.41511486696400224	-0.03962631038587418	-0.5459048092968334	-0.2595432115993331	-0.09202833985152353	0.6912315238138694	-0.9548156160851566	-0.916619018676727	1.0959774148075818	-0.46392487945863103	0.9503487303741105	-0.2397717688979229	0.7554569215634142	-0.428762393210725	-0.9040831005604834	-0.3805175593609375	0.28287983759183366	0.9064006863531696	0.10029790029792308	0.09127522530531765	-0.21760809748090182	0.14735729337537887	-0.03782501766864715	0.25080275833214327	0.6714952286480883	-0.12906302448321055	-0.9422192660810942	0.29830734397275865	-0.5325385160308677	-0.3493161858653417	0.03596479260512443	0.45795541401164896	0.26365604692421796	-0.12787185120314767	0.5464172145718431	0.3252629281538813	-0.23844903311428461	-0.2265680172448079	-0.793524914209774	-0.3894919611991389	-0.481725919165131	-0.8525038307246638	-0.7998536478860239	-0.7640395572727552	-0.7763997018996365	0.11866584157427598	0.5813923075954724	0.05508832590730155	0.013315870728944827	0.1015627848505986	-0.27808129344560595	0.29135118364681745	-0.04439125147155728	-0.18206087886499214	-0.34810780683653847	0.9873509605556414	0.7069865191705237	-0.4582098802546937	-0.8121347251216621	0.7988751821556118	0.45305238487970284	-0.10971283783276024	0.571796213835608	0.7257179296215677	-0.2458473784482452	-0.7816286393161134	-0.13397616631031184	-0.06861046049755395	-0.470833252170464	0.20058401983895832	-0.2214426738780078	-0.47591651149665454	-0.44579513245068875	0.3013904544403043	-0.11845341601005427	-0.08062578023868354	0.13414803892816562	0.3305975917422778	0.7674229186154095	0.3973904687317607	0.4423874521342827	-0.3056897608655539	0.4259333950816742	0.056127970481232574	0.31040186778188733	-0.07666966554182046	0.46896918040989155
DTXSID1022051	-7.143981130499594	2.135376502522215	0.1141721016371468	0.4139548457765603	-1.0035102043516524	1.2553752076997742	0.9211550932086107	-2.061788139699181	0.9900364001074418	-0.6898351952546034	-0.10998695216743946	0.4868719227533149	2.215280491468351	0.49985896967907495	0.5319525442371488	-0.6234250622411796	-1.0200652454651664	1.2980127875774183	0.8193918743198247	0.15762123533391958	-0.5930357132547692	0.7487655991170862	-1.9415639742864599	-0.15145604397783521	1.2960186165333298	-0.05767039095790109	0.138130985164801	0.7122377479557315	-0.5629925266309975	1.9384734014697904	2.019824850089979	2.5698519960509145	1.5970669650661717	-2.1434686405307612	0.09327464173551508	-2.3634269708517084	0.23460622193250352	-2.6793875735562023	-4.6044636693776315	-1.6782053718109167	-1.95798031055016	3.3442967539534503	1.680988741653205	-2.923055984212419	-1.6147859651188363	3.7276344126898833	-3.989365721024124	-2.015108939253203	2.0512623331387196	2.2026074513974025	-1.1687154479941086	2.064909092056014	-0.14601075767334135	2.9827183939057207	-1.1384786934270552	1.227270776447014	1.253487153235925	-1.230724069760135	-0.2983125867992386	-1.9967734673858508	-1.7190519791324035	-0.04939646290731645	0.5064245682513194	0.6824740431329591	-0.06659692851782954	0.6624993806838555	0.583919806930189	-0.11474227899517582	-0.16561103009262085	-0.7746566172825217	-0.33647649892570275	0.02686480368936023	0.030428426106569224	0.2507959796668444	-0.37472235701160894	-0.21511985520170102	0.5993418570523639	-0.5523106182890973	-0.515315629629532	-0.1119426973962214	-0.425548426867964	-0.5884947594072386	0.12493828142691642	-0.2329866720889343	-0.6068375938586641	-0.313630439104447	0.7973190183164728	0.2294641258820355	0.6149390740182555	0.6505033178787318	0.030530872311903986	-0.4493668666748521	0.10556129354329268	0.03137877611426772	0.3153139437471604	-0.12710177344829393	-0.3104479632538191	0.06943954878467118	-0.2366487824427527	0.15798060074260542
DTXSID9024724	-5.2942416667031145	3.5337432606894974	-3.228433586260175	-0.8964194256410295	2.1241586059628377	0.2427259104043881	0.44122762164841706	-1.7663086380664665	-0.220702020562024	-0.2156679536214631	-0.7916933733431873	0.4738470052700863	-0.2938939302623486	0.43379070475870696	-0.18218155503776026	0.5185086771698474	0.3980412922107552	1.0301631883637188	0.17777434082141882	0.06986637102171664	0.39307277775427923	-0.10719875856981807	-0.7297498956315567	-0.33419561065529496	0.6447416340901682	-0.3874380895411917	0.07374294824958896	0.6817885173449768	-0.7591578017765506	0.05238438568290696	0.3298068285400853	-0.46486041071118456	0.601590593515553	-0.213015345450196	-0.10226611765859543	0.17072196151386917	0.35210793949349933	0.31281441900514756	-0.14914303642278612	0.44313047313151605	-0.058916479270609355	0.1421151208110865	-0.3721170784659815	0.18676355522437388	-0.18387841583231507	-0.5412367330038039	0.19685001731008317	-0.3374016660324668	0.5607704605477699	-0.6389009587328952	-0.2516952594433653	-0.23136965495288195	-0.06030824985913948	0.573354267642888	-0.2692300097477443	0.05742463941835315	-0.4169610705175686	-0.33687879944429433	-0.1795805612720106	-0.07712029754827808	0.6955011506488648	0.077328561094857	-0.3380228013467989	-0.2946176128735626	0.18642398446909805	-0.6035650911095811	-1.0392068112107584	0.18095050765412898	0.5582887847423129	-0.2676314509220445	-0.05304428612272758	-0.26352855945705583	-0.10902167762261318	-0.02376543155748986	-0.249062657850867	0.10768388858768378	-0.23386914315176055	0.3480494126234304	-0.6042984829161269	0.23527537314812666	0.1760350190951381	-0.15937446524574658	0.19309345242903989	0.09629841637179458	0.283939315273185	0.27380494119432985	0.05830679929217865	-0.04570531369530066	-0.06969505412650172	-0.3722718551252099	0.025374612232089783	0.7735887777992884	-0.062571356450357	0.09853933231892133	-0.021604891119489985	0.24694006513276465	0.26150700066984855	0.05181790722259117	-0.10322982659511552	0.008506867039298375
DTXSID4022579	-2.2140607505396055	-2.483225674419335	-4.491618121907795	-1.2901151700865632	0.17322680901615994	0.766398124197832	4.096875647847214	6.958234619959991	1.0014206103257566	-2.7162670825686375	-0.44241124960892303	2.488166246771359	1.7865488780453453	-0.6890867782045588	-1.6733504185959915	0.8241602276045628	2.484610969708911	-2.9332742372273954	-1.903254094189091	-0.7387469813304578	1.3806256479667651	-3.1641774655930863	-0.8025774921962807	-0.8284363793754222	-0.7251486436318431	-0.49129182405458216	2.502577210373731	3.061894588290391	-1.695940056692759	-2.7443506649772247	-1.1339059122791277	0.9028812897953956	-2.5286536718339145	3.0379200418067445	0.26846376184110665	0.13144754108675596	-0.8208820374207392	-0.07292930338019653	0.599773640279907	-0.27791192431955436	0.0299384841648402	2.652919462782842	0.19237436794006782	-1.9983351430726575	0.9376078981578828	1.6273750897351493	-0.4800962559028325	0.7486882601575319	-0.647258012025629	1.0247367637711429	1.6245175868192094	0.4710652741368805	-0.20712714645024163	0.9368447298550688	1.8213237236406796	-0.6185854988825349	-0.5788667838863883	1.0757711861359145	1.6363847422313218	-0.4381743768238108	1.0982006992115292	-2.0413194142200446	1.0944362554814548	-0.2794745164561091	1.5847539364409682	1.6460521524188942	-0.34068326724694464	0.309409807828538	-0.46973850008098283	-0.5170581509097598	-0.7055253738741069	-0.3491957194160007	2.030140303386313	-1.134601443738792	0.4773761813329369	-1.7126794185268142	1.3877545841347008	2.413035901374891	-0.8192987689706204	0.177572893881962	-1.5129025562745382	-0.4583230679098855	1.6300500558462436	-0.3045278498925561	0.23960519234731165	-0.8287066424293804	-0.8724122945219981	0.268218108289203	-0.575551670745868	-0.006309497313064969	-0.0017849612160060577	-0.3043859205961683	-0.09821536818661379	-1.1529122154792264	0.8292393838092784	-0.4378904805457488	-0.34411831828971806	0.5783754120381418	0.48395029186678185	0.3179824590863488
DTXSID5023950	6.262098092333581	-0.24083198532651534	-1.38447863085962	-2.5581568752293173	2.0281460132635836	1.8085791644178448	2.6732999579173775	-0.35338210570513723	1.0818550557700786	-0.81928720902822	2.380162576549628	-0.1776022207305239	-1.092360910483666	-0.4639895917196769	0.03651005197397182	0.13270057058507073	0.02493429017645722	-0.5472055833431945	1.3905187432740047	-1.0285705015855091	0.08637608490670062	-0.4133817919054183	-1.0301422499545736	0.033589887196243215	1.0314076674134824	1.312856529837588	-0.4492383150768355	0.12119211850639111	-0.5755596707588544	1.0630788755953682	-1.5271036554062931	0.06751948328066511	-0.023991457613125267	0.6095666922884603	0.7901270619926205	0.7650891731416519	-0.9846689641906046	0.45582083117645056	-0.2580779560093627	-0.14580935359006894	0.7574672506906421	0.5992174310288958	-0.06519410054136678	-0.41261474579264573	0.11650734716424103	0.7946588628278897	0.38290979345934223	0.49798615659103457	-0.7422003414508305	-1.1961734230784156	1.3452131455920722	0.5091106992980478	-0.05607558949763392	0.12310745844384428	1.2539609026866145	0.3454036568225224	-0.027535568072293133	-2.9853796729566264	1.1064442709428524	0.36481226327156735	-0.577623639232216	0.3008083637658735	-1.7898268824004173	-0.4045733111182235	0.4294157064531379	-0.507539212368145	-0.48697110570974544	-0.70682904821722	0.7160472743864869	-0.8036066728491374	-0.3390753101860328	-1.9242242036052701	0.04556108099419106	0.563286047761941	0.6291743443323223	-0.5091758557188719	-0.5331519675573565	-0.5663249828924493	0.0058406176911654974	-0.26508882161789477	-0.3354900216978128	1.3383097655339058	-0.5493304084508092	-1.0339062287890537	0.3059095865234623	-0.7854170396151562	0.06465349709050411	-1.056256780477098	0.685864019012019	-0.16214844666017522	0.3094227894704982	0.5845292787666346	0.6222828068926403	-0.15314409111196944	0.00517453310136376	-1.0887504466412592	-0.1642805790731233	0.04460405400434867	-0.059049683096916064	0.1279841502992267
DTXSID0044577	-8.348034733820201	0.15155640699375025	-5.902429029145071	3.521384067892723	5.159042829226967	-0.4043925104900338	-3.72443083144468	1.1246179237132452	-2.733714149192596	1.4124774269753249	1.216001944398964	0.2702617917989935	3.483284906408155	-2.1731445163114707	1.8939400305708334	2.777321487217029	-0.6506605100660774	-1.54894372005113	0.1845767032189666	3.402321063053044	-1.8941977976725177	1.025189003102062	-1.4163728288974355	0.2286280437181551	2.0195888033365565	-2.1833080250672956	2.9529021423506054	-0.22265222452699346	1.385950471096063	-2.0480806330193313	3.487299302337054	0.3531256595378444	-2.3709922464410425	0.5429199984712292	0.7500089031019465	1.7818299201349337	0.04092767054315266	0.46271303949973186	-1.2972251537949309	-2.1245160350668146	2.1705695059158594	1.2549199023143276	-0.7756048838215513	1.5217270238886622	1.26120321926804	-0.364735677748217	1.697545140743129	0.6222728121184518	-1.1693293578952468	2.4965128648928183	-1.103624498972624	-0.21243176477802658	0.588568895197113	0.5669320858941943	-0.40204762546812867	-0.6068909665995325	2.3799997562984845	-0.8086612575389874	-0.40718674663669757	-1.2678338909029438	1.7628485466303412	0.30374982275364526	-1.431787269328276	-1.396078084858938	2.781761891760265	-0.5616488041515515	-0.14455582963530259	-0.3018337930489821	-0.13346721545905052	1.1774712635934432	-0.5658888366762177	0.4640960102550641	0.24872343953496184	-0.31248781378957197	-1.8440715272786767	-0.3877925015687469	1.9092822865742176	-1.8352280026541694	0.5420854130944354	-0.015371209692258999	-1.047946546198297	-0.6287985250821568	-0.5996252011195418	-1.926769710539744	0.235037415534302	-0.5915784964121957	-1.0625802940579208	-0.5428746184538245	0.0056838664521394345	0.4349781714213113	-1.1573982431316288	0.24512237048716726	1.1281327039601108	0.9044422993333817	1.111082249187989	-0.7323997698775772	0.7041688682146489	1.0780102115548282	1.5083140539821707	-0.39502152518556277
DTXSID0026175	-0.2869869313004735	-1.4123220841943207	-2.505800217962403	-0.8410477634703285	0.17094187831589402	-1.0859339946097777	1.3777617351690503	0.663583016396778	1.3759647887344346	-3.814755747581492	-0.8413157188052877	1.329863834433166	1.6838407385231293	-1.3243496321082469	-2.859252129750272	0.4868343092670163	0.02844848608840645	0.07536764318574149	-0.3400349110839666	3.4493243085378453	-0.17974553018275977	-1.0499892887951203	-0.5458883053430955	-1.015367405891386	0.7289480039173822	-0.08701487534937546	-0.8211134856745993	-1.6046589021829671	2.0947345229585057	-1.1227994862624902	0.7090289466730516	2.83984378398387	-0.8589115032085717	0.40984485361365297	0.6584688429118697	-0.15173398660124876	-0.6079895809999118	-1.291711733227611	-0.8218190931832832	-2.087460099661907	-0.5782900010519824	-0.21572550019077028	0.7418890125652122	-0.3083733960631227	0.043720750378845985	0.34956922846405375	1.5491863692407868	0.5707779593902895	-3.0435808502454935	0.640572142831056	0.913509878554124	0.34028469614135887	-1.323979831097523	-1.5163681575518007	0.5460804996999009	0.1741418083741697	-0.25621734194035223	0.33284755490837326	-0.7569784508519937	0.864361547245862	1.1682931261105158	-0.3019086548975728	-1.192094111432005	0.2751172935294501	-0.7166995218230469	-0.3947858330880366	0.4515509611558651	-1.6892352289841104	-0.9466478662387842	1.030456397029782	0.7451748710385914	0.42520778782834	-0.02603383806546954	1.6163961143120076	1.3125122208641555	0.16751876906282923	0.24948843474913368	-1.4425519713801402	0.6256731580357388	1.5321622192968536	-3.127699566135644	1.0977649825111746	-0.2446511351593006	0.6209036042739312	-0.2326415270219792	1.1607001260141743	0.5431727191470491	-0.8129912410142246	0.8494444249471307	-1.3003946600970961	0.4322696639266142	-1.1420590388095389	-0.918763879473332	-0.8817211265659357	0.651090218960295	0.6005140935470507	0.49744875649332837	1.6760167338360787	0.3023353809421644	1.383124404349165
DTXSID7022332	-5.680155124399996	1.8623831498269952	1.7246888066996187	0.6666139800070998	0.209086037332136	-0.8887212538050097	1.1259237604155503	-1.0406164367860522	-0.33536755827570774	-0.39477115936952045	0.8338878081559257	0.14480691628218786	-0.40328971812796954	-0.15976816293271096	0.3080948084727151	-0.12159071646742152	-0.14985719066011455	0.378393611970018	0.27886977029436283	-0.18451633722992108	-0.48753772156997444	0.15039684365876055	-0.45434555683151195	0.6358514324400321	-0.945736235299928	-0.05135478539323888	0.09802585661263602	-0.2753565488302619	-0.23715483234415324	0.5347398289694673	0.1568269236671941	-0.07787033666583926	-0.1743343323528945	-0.2015743705839216	0.3008083378961717	0.12807531133328512	0.21563515668632816	0.1708069907247175	0.325182788332004	-0.09704938380019693	-0.2044902461655571	-0.4012667154867949	-0.02889218287263713	-0.1503537613430563	0.22383872036201166	-0.40406610396448067	-0.014266596637402538	0.33013526485865025	0.04286111996146791	-0.42922637759695725	0.02190230349872111	-0.27157946433918445	0.3577402902586757	-0.4185351124404707	-0.5467806862764494	0.5635192755673365	0.025486191965746856	0.09653162023869971	-0.28271968829779287	-0.5553086158582603	-0.1434966857519936	0.22339251192242396	0.10299009604649771	0.6044735107573497	0.3270679147844696	0.17338158646214033	-0.1565053970793843	0.018592799473824268	-0.07212069190494003	0.4328320307468775	-0.020400395970404554	-0.2699336833013279	0.4384109443434015	-0.07631537873864812	-0.010470250520148876	-0.2646409202822711	0.0760437820148191	0.23703854298214413	0.0372833560953811	-0.0015061428587963297	0.12525283508689614	-0.13689766735094247	0.24109113848134597	-0.166345400828176	-0.1210750040977419	0.08823167556116503	0.13518248220995385	0.23149392920255443	-0.04992190135452923	0.05630497882572989	0.11862083784825586	-0.20401306309073886	0.2537080291800041	0.15604959991941328	-0.1900496508216675	0.08236428593502267	0.04181105962087595	0.027179277666810223	-0.06266356041728625	-0.2910518941676723
DTXSID9023043	0.2886424918998373	-1.4156063514990531	2.883898355283844	1.884221667237828	1.2213689126602583	0.9479730121266271	-0.6366808729288453	-2.518399615447334	0.07275509004065238	-2.680800118341208	-1.8282653779813656	-2.0690385271844614	3.3651127863347448	4.377391989140342	-1.4522161701165757	-0.36940611194274725	-0.460721346529142	0.9275949825401518	0.36773009001848156	-0.11835539124789671	-0.08793548656207353	-1.1895223860103081	-0.04503864925841931	-1.5340974269214163	0.6224725859665509	0.1305752640389289	0.7108911099953882	1.445744207985437	-0.14660762783924125	-0.43353421769195083	0.6502112902127533	-0.028193015674284682	-1.0510542773385185	0.6656815457148327	-0.07880118365168992	1.465974998891369	0.52308270919692	1.7982732673012534	-1.1953959038141053	1.5608050416182286	0.6893873826010521	0.8632364396472189	-0.9528020355350159	-1.1517990413382124	-0.2973809989395137	-0.3488694059340613	0.5621917479381086	-1.1950194712558118	-1.4991180505821147	-0.9207397383293344	-1.189198710672911	-0.1866827172546114	-0.0010660437154819237	-0.5625593309881526	-0.908710985612758	-0.1961729751555	0.8626198538572789	-0.4062162281412956	-1.330935964048899	-0.4751020196250309	-0.20826894966037734	0.09184594518143958	1.3989109273143756	0.7602018035076047	-0.3004685124906867	1.2814836771494003	0.32025419795292315	0.05881931832767651	0.543569967901035	-1.465968969615897	-0.6313401495506776	-0.21289350266005863	-0.5488060791237798	-0.4199763584622629	0.3083857108144437	0.5098501785917665	0.6927744325208216	-0.8676829794886215	0.6616079280825069	0.04150076956290191	0.28224824569463786	-0.0902219905187343	0.6557379821665877	-0.673786845532648	0.04070629787332708	-0.24757222981370172	0.2275934573836572	0.340111422628645	1.1180620472896212	0.44300713231062216	0.359301989060211	-0.09974168880105526	-0.00748726189358083	0.40927227869254235	0.4133699417865191	0.3377880052121202	-0.045577432860682394	0.06049816734868008	0.5711321941711215	0.23594739246261617
DTXSID8021222	-5.80271871014485	1.7551094696934282	-0.6780418083601305	2.691339001583138	0.5304408019235323	-0.8196631424061649	0.10722589937319715	0.4427621517755975	0.45878908565459	-0.882341200233622	-0.4901257391699781	0.3785936615559603	2.6479727876422445	0.5113058816114107	0.4173111596715784	0.10702569927779444	-1.3486559744600797	-0.31365536753065226	-1.7511169166941525	-1.701890699576667	0.8394456419211642	0.39813023826103944	-0.2037069938456818	-1.3593064605106937	0.5709867819090152	-0.18526324031008026	-3.930985031118414	0.9750002821020142	3.0164379516420095	-0.46890374330486706	2.8902750854188923	1.0808870395905361	1.2469191664295087	3.492702976302566	-4.769957841523728	1.2697837433867527	-4.950274794965843	-4.960794618324826	3.1303751480819444	1.287183294243485	-2.6330751730504764	0.8984250523089939	2.371286982082103	0.9712238678646863	-3.4376049256140018	1.2735643084130248	-0.7458506425983745	6.211981976402845	0.2156378217062434	0.8152438769033118	-3.534110297164601	-3.8640145358008144	-0.5235422579607142	-1.7312974420069533	5.1676612603532055	0.4481966018991887	-0.9017965754462425	0.17127746244454717	-2.5233469538179385	-2.682806577171811	2.3323407616742537	-1.171958008885298	-0.6672619328094155	-0.08502660476419446	1.2570461388452534	0.6333431027136779	-0.3119641283714187	-0.26608416428683596	1.2945984239054333	1.612690640645972	1.0248517936463277	1.6028793119384366	0.22183548828476254	-1.46112469432116	-0.12967084086722167	0.17208388065938426	0.1476680983491515	-1.0851325295804368	1.958797780623102	-0.3585700213057432	-0.005522516691770241	1.1817548449673296	-0.7036643870788535	-0.22488425633997491	0.45501552716232746	0.33308753252687906	0.039319526906249305	0.42191429473422715	-1.52960106418416	0.1432304327140548	-0.828568720668546	-0.9727648623455551	0.20526287012204952	0.3955991727790332	0.0020012822839060845	-0.064978089382597	0.5541650032756604	-1.059088428198873	-1.1915676313851293	-0.08005510797907084
DTXSID5021590	-2.271853907991419	3.4221764246019832	-1.9588234168058114	0.04830012849926707	7.063860926361532	0.37241279444570263	0.31717484654571143	-2.2620643298237226	-0.5015160227568463	-3.721783392617089	-3.793512942954214	-0.5788271603449219	-1.3511514272576308	3.4145313407053077	-0.31954085785440844	0.6411384010585942	0.4392256730289375	0.8778824916076524	2.632031588302962	0.46798798779538736	1.2353735132397763	-0.3967264300136628	-0.03176667954308844	-1.453414919400193	0.22647211222586391	-0.09734420286821713	-1.1245325328212599	1.4301542819315876	-0.5213424832846716	-0.46954637287421	0.5713018140250135	-1.2346384885688992	-0.2408767067475376	-0.2783544524439761	0.1088254175970506	1.3966340786706657	-0.3061556684352008	1.1330468166269732	-0.8000869972770301	0.7582731441804744	0.26096229786071184	0.5779010787735541	-0.9913225628917065	-0.2011034818380206	-0.42242341671813544	-0.8391789404423745	0.43533090282180986	-0.7462241298433281	-0.18928346585831954	-0.8193915838560649	-0.8267654749662924	-0.2103967638588452	-0.21962714851246537	-0.04523798437070555	-0.5029755321508554	0.7862710768577847	-0.1431325406443101	-0.1696852593982315	-0.9332181359851304	0.05203022309305509	0.0003095485802578038	-0.656395931643168	0.27422658216992535	0.3092739641901152	0.3138512519913089	0.07530534552591484	-0.7731896766282295	0.19659941343875117	0.019098608539521156	-0.6747475962285223	0.04782875970893855	-0.2540209841921194	-0.3142318209719311	-0.06348548749192409	-0.4934978166097384	0.4962094976486673	0.33630218339782053	0.29026032069363106	0.03962831763874895	0.0226013845765149	-0.09810442613620377	0.3339305749295239	0.16832130541758683	-0.1016373622872956	0.3203346731507895	0.5518152848448163	0.32109313704119985	0.052678076758587815	-0.25393697473432914	0.05891364661010448	0.061815755495481066	-0.15057104293217424	0.0363679802250013	0.04460568093868172	0.37639646018773315	-0.01792143753855863	0.07277924044724296	-0.15317002943047298	0.05822407645504817	0.08414511355187165
DTXSID2032631	2.437813152945837	-1.3792816816836366	-3.2951053141398634	0.8274776035631527	-2.568862968811421	4.865030046551797	3.7424117009685687	-0.7986494664066762	1.0522844402226044	-1.2807581965044381	2.838169802144516	-0.42703369834936955	0.42131189714895434	-0.12974282988380748	-0.3534256467706319	0.8408613097696482	-0.41131965863306535	-0.22751295302501653	1.0092898160007426	1.1062394196830447	-1.3981872423547033	0.472764670677967	1.3877481749758545	-1.9180707841147044	0.043231061830664684	-0.22768848952393486	-2.3845578585903384	-3.5114717865899636	2.309709366060104	-1.7343908391054497	-0.7242043098951322	-1.3711035666897575	1.4581626812814381	-1.4849457207139847	3.5951382358220387	0.6844793525108086	0.40236976260878365	-0.07945565486647299	2.8733959884839213	3.0981161505478947	-3.46621263047386	2.6029238859646173	-2.6321044920586005	2.224808816018877	2.2531715220709607	5.856389115597553	0.13487909816141308	-2.790125778134743	-1.270974584186224	1.7636030823704618	0.26815505460922007	-1.8842405262056616	-1.3595272033569055	0.3864270302086451	1.006551859282122	-1.2812638566894263	1.6292248467681127	-0.8038290806814566	2.1401671976137124	0.18600846077143673	-0.6085879757485009	-1.0771542697358356	2.4984132605540856	-1.1751858518217546	0.5347004163165365	0.5624302653062361	-0.21961075393689353	1.2113591623064548	-1.3323632461880972	-0.03931054217541618	0.4205838551935963	0.16750694769803642	-1.803615496679905	0.017692515343216416	1.142006394108603	0.1885246227255067	-0.31689135243432	1.5242686134746424	0.7650789407237834	0.031835712253635684	-1.971753570818515	1.1947232043929772	-0.22281708132227956	-0.8517508895422159	-0.7667263127585646	-0.3761525497159991	-1.8489464641279953	-0.2522143757863022	-0.3976558345333942	0.9104259998772876	-1.5772408321688896	1.6674654956480375	0.8141534915130241	-0.28464660506037776	0.6361889164278811	0.5054756193543096	-1.371928789285804	-0.6935315684125147	1.5273561338438502	-0.3552358291450124
DTXSID3057850	9.59365142396463	-3.9852587891421867	-4.759831642171726	6.222771065006418	1.0388611364909737	4.888731334917022	2.951727177242674	-2.9177381577799983	-2.923020346997682	-9.142739694712118	-4.4158252527687525	-5.657464794319937	1.9657658388543149	7.0023195360449	-1.4641903020603626	-1.7026362424791168	-1.8939491154669437	-2.320039284794637	3.890981729070517	0.37830126268808784	0.554375821456231	-1.3072325477253843	1.5455361653685094	-1.154779749127659	-2.623423284877789	-2.0310583637174653	-0.2791921681569036	-1.6941278081015512	0.6095791048375527	-0.8623098626374877	0.8103392169524387	-1.0609180803945737	-0.9770417866723142	0.17052105012274926	-0.5593355524252053	0.16315190353309306	-1.9131014439192189	1.7460204702600113	-0.4312663379434451	-0.3664079220454175	1.402884881130479	0.447132690255047	-0.2779185645305995	-1.8177495318591468	0.4256970625088377	-0.002158288812225826	-1.8106496698006562	0.35838466946331604	-1.40007621385383	-0.12829966095518405	0.8871855240327304	-0.5126230590969512	-2.140659690605523	1.1577150169081725	-2.238189878906733	0.7367332119552614	0.15072295022521698	-0.18040272903590757	-0.11506985647401445	-0.7917487658162345	0.30204436284290775	-0.7597536001075043	0.508877301066198	-0.34208892725881374	-1.2991574297049715	1.482720654439292	-1.6134683314795015	0.9179262839492652	-1.205749923619229	-1.4845520361467286	0.26707547336097415	2.081129669854755	-2.0763834168333273	-1.0247142642790315	-1.8011356637789586	-0.3228054099356791	0.04132859955474713	-0.824490248035868	-0.10523086730488061	0.5726014785525022	0.9133078407960616	0.7827653034593813	-0.1167229973787806	-0.8384292950322801	0.02303450283792472	0.477966390017526	0.5700653273810538	-0.04440087809972833	0.7496362737569117	-0.7753712233212895	0.7941786878278577	-0.2934573803435929	-0.5711014535172336	-0.024039355815933708	0.8873825234831333	-0.03724697022500537	0.2317332259919496	0.630220763094683	0.792063641420819	0.41920301351682027
DTXSID9044459	10.695727952757407	-5.581513195696995	3.6780346995032462	-1.5366396884833902	0.34881134328420327	-3.708818521468187	-2.813291815412601	-0.8470937085350178	-2.5775341637981746	3.097724821349823	0.1339348762229893	-2.6166794685353922	-4.069414344595682	-1.649934332056864	-0.21873617771919007	-2.1411434169368584	-2.057730985203881	-0.08001101147203817	-2.0638866268376272	0.5154528621249679	-0.29175305843121624	-0.25511541295570844	0.5541563766349397	0.8735874204244121	-1.064976635144451	0.2639503475572213	0.08248117329069292	-0.05993709931197143	2.2250222658729726	1.6899370088454584	0.49561804504315876	-1.1182105470909556	1.6647736813823233	-1.1171860970446266	0.7068495084833211	-1.1435814472229455	0.4830322461608041	-0.8575417306827136	0.1487668784451542	0.061825542896759546	-0.21754783074771977	0.19896495292658248	2.0614732873021566	-0.17058312183375476	-0.35608630137495667	0.5432903124900125	1.024790290489322	-0.9444296452059144	1.4397952755704044	-0.942954957949001	0.04454343044100706	-0.43613613669242735	2.582673197833309	-1.1763276521815873	1.4830402100578672	1.352030288313205	0.7673217558167745	0.6433705469952206	0.7506457438858615	1.6926016659489562	0.0423757816543739	1.4299983152963291	-0.8630989692242236	0.6019724839743249	1.2518605874045468	-2.4280320830306703	-2.4139621450599495	-0.24515704075731498	1.0705625009155348	0.7326720004628076	-1.8530714969256352	1.8277717556035584	-0.3324841595782115	-1.1591285581631712	-2.1688753564121246	-0.7188004161901882	-0.01270574400218507	1.5350577413548674	0.2761708646767799	-0.7051789678496355	-0.4990168355475672	0.8595080766677079	0.42487194085615254	-0.8716932803381976	1.0701700051975438	-1.568119573978538	-0.759910171984172	0.4015291515650441	0.020316764299538697	0.2501264440326169	0.2562355344086557	-0.4949962582030454	0.24517601383027654	0.26509275649045955	0.04537138495519022	-0.34038916692505267	-0.949103974995264	0.31240143061620906	-1.3013385645467823	0.19256652167946595
DTXSID2026739	-2.3876636076807607	-1.5149848199389322	-6.1230985838813625	1.3158894226318856	1.6741505818688347	0.29367106883606503	-0.8046058199084063	-1.5854395636493142	0.036055538370928515	0.8721586649389076	1.668864793930887	0.9987304156143582	0.8466567472188804	1.0065336233039177	-0.6412618268556516	0.1135112008769877	0.8761128209377681	-0.6373113385355278	-0.5250777249231134	1.4845223871588382	-0.19357103356628036	0.06976878525885283	-0.0792507190005862	-0.49035365270112397	1.2867041297915596	-0.38722840774966916	-0.017895104361776697	-0.24726593267705743	-0.302877246383752	-0.7910603730164968	0.968981796650291	0.6357514089621557	-0.2726919324881064	1.70849413970956	-0.14152579618686728	-0.4999775455829996	-0.09590948811932908	-0.08789946436297415	-0.02228008407697471	0.3509914178491534	0.7840511032049732	0.3279593716226607	-0.17784181931926243	-0.5870241319492636	1.0096958642955314	-0.3044893505735264	-1.3982320911590804	-0.3635977715946907	-0.363649384403643	0.14947605489779342	0.10408122035164505	0.4068442544867783	-0.49856086736176264	0.04411168318165613	0.0348104119782827	-0.3818843181701668	-0.35409451643728035	-0.5041126121740745	-0.5755797525890608	0.621065861602078	-0.1384014114328951	-0.6059413988055533	-0.19991426620808758	-1.2027638365729685	1.5691558075205603	-0.25228051886107855	0.9160827690140588	-0.5989288861200495	0.7626770666152495	-0.4021110952231651	-0.3928671911591658	-0.2553286893127252	0.7984855051768721	0.007303271400261245	0.1828699431117765	0.2956911503676749	-1.1777667620938632	-0.392768657585583	0.287763839520844	-0.8157337319783066	-1.1938972818635054	1.3566294801770056	-0.46422555505980423	-0.016424900749429205	-0.4047042946556081	-0.5686486045649797	-0.7894695061970135	0.06663559484082969	-0.6097649189838505	0.038608166890750605	-1.428145574465034	0.29840153491775157	-0.43535523528825104	-0.4005447271323691	0.8954896092042877	0.1521075455662372	-0.7366048417710286	-0.8494250769265677	0.6521892943297031	0.9638707735686397
DTXSID0044600	-6.379237272631406	5.116940097014797	-1.3373070464445365	1.2688540622097173	-0.8304103076400371	-0.833681884381398	0.5611274544398959	0.05492803637565122	0.1894187465828426	-0.4905493072602724	-0.2883604084066743	0.6323730541012802	1.326655656907327	0.4879478028487217	0.17325680462207918	-0.27181429172118016	0.17711538421904735	-0.04219540917250671	1.097720515665719	-0.45294922369463236	-0.257003044311264	1.2728486374489958	-0.051157047835713586	0.5652256439255131	-0.38866001514814374	0.17550665945127025	-0.7417829559475739	-0.3487889041541701	-0.7248135715809089	1.2481729983348477	0.7625034582222299	0.2630833346480004	0.06893238492432602	-0.5847184700956708	-0.015483385624017196	-0.007388510271262526	-0.1275980935617862	0.2636692341485247	0.3988194276965152	-0.6551008376529908	-0.06888675184920909	-0.6726560712857833	-0.2401196635461208	-0.09980000927297475	0.17983830037355886	0.02253932523299782	-0.6068050341607277	0.6300159015946024	0.439927097091432	-0.7313537979351405	0.08133616052601414	-0.68357756458824	-0.10974224243354144	-0.46890187531534716	-0.10920146638162782	-0.2739304603348081	-0.5913640859656194	0.651661398005959	0.6702724526910068	0.8169490243623627	0.4504651822753562	-0.5642583355224782	0.07853252203070833	0.0659727370473492	0.9175745214945519	0.396508771172596	0.21902095210139214	-0.4376447999713159	0.4099318128239831	1.4530230223571396	-0.06431626228856782	-0.9639676947888653	0.2582871927769387	-0.4223533617863823	-0.3835748986508675	0.20503552087114005	0.23877307119096275	-0.29265872255170877	-0.2505778909537827	-0.05666425170739391	-0.06279160601119162	-0.690747110042663	0.4019719403477461	-0.1555804614919022	0.3218048871209245	-0.32326703928878087	-0.5829031323176597	0.41786055216680007	-0.26507458003040557	0.07778139080143352	0.856334895322902	0.7586503319823928	0.4313148723048324	0.20444628493562947	-0.23778889390025104	0.29740497364697266	-0.10250999258100839	-0.12027686811496487	-0.15917232418070354	0.14519280255069736
DTXSID2024662	13.674826454145531	3.470038707537717	-1.3612624949952485	-1.5115705777912616	-4.482636400109101	5.073906948726334	9.884213935669976	4.440173766147487	-2.811154155681112	6.188203727168091	3.3111713158405367	-1.843698705584765	-2.0800390415997487	1.7205665614971997	-0.6155567315898648	4.838868404161376	-3.053441997036636	-7.603269858333366	3.3722132548107684	3.3065090215606516	-6.190708701281794	2.6287497004178686	6.7055056749729385	-1.4558102396497419	-1.4253769931314235	3.4923674177944153	1.7870578962314647	2.116663173108311	-2.0720176145558793	-3.3573583740610333	-0.09036949543767164	0.5250366457078809	1.2497364453308843	-0.9395970037529485	-4.183430186427091	0.9036905835598915	1.9140581105120633	-0.7361065168057589	-0.7089187313428219	-3.002222510390142	1.2574813603237067	5.67893072432294	0.9148635011942078	2.5176141137697794	-2.9225897092078865	0.9127643082104696	0.28215916013685144	0.13890784908155593	-0.9870210895829414	-2.0697134845154728	-0.7646944636518792	-2.1246900491165746	0.1743189992535802	-0.31871712534062074	-1.4750439687652352	-0.6849609487456226	-1.7342568422629323	0.8114029657766616	-0.08605713138329417	0.12506489779221475	1.014165721125992	0.5828545886218309	2.3329549809202037	4.761452585165218	3.8933218455008487	-1.1241120458890004	1.6010703518149665	-1.4750386552039043	-2.500813255943171	-4.040842562943945	2.6693361952272814	0.28454449381685415	-0.504254156890224	-0.048847551840285414	-1.2659313008405904	-0.061876002404377	-0.10720473665426151	0.4774017645635253	0.9058089295902698	0.5755518619101202	-0.6505126865642095	1.2615427461579332	0.8345801228740953	0.3836562748999695	0.7196678351045342	-0.1886721918616354	-0.4671968209797397	-1.1442328750383786	0.6334779023774242	1.6744107219953128	0.5568595403626717	1.3338579436094078	-0.05188693297672405	1.6751208478746844	1.5553912982509466	-1.4427924770750238	-0.29824732679863813	0.4919947230280984	-1.7653714334280681	-1.5810189827464283
DTXSID2044559	4.7287543130654965	-2.0935381006168763	-3.8361862439830854	2.6150711696046796	-3.120333968025119	0.9634818482302638	-2.0151714152454474	-0.8246235664986915	9.401519227136166	1.4533655190557822	-6.412459032151166	-1.9662213852585735	-4.502762506652106	-2.180554151380216	3.4110366612023593	0.08341602028854744	1.675934813905781	-0.8197471583395521	-2.147347737968069	2.4064288590306018	-0.29305428870735795	-0.9837319431160167	-0.5381948541415257	0.3403815823843892	-1.71798775811478	3.29107502249383	0.6870444051345007	1.9691986139861823	-0.5972444260805088	0.011834061021425424	0.10904349232849841	-0.4949344088126337	-0.7945107201973928	2.3572685924953984	0.20462850435893337	0.7368852224965107	1.1461686197363938	0.8281294727447671	-0.019335901537100585	-0.22989226729457432	-0.6414007114612144	1.2634988052284886	0.05010236611356443	-1.6657244690732118	0.6066535921577643	1.2729586880059873	0.32730476938948194	0.6098713517988413	-0.1775604406902117	-0.37252144868441295	-0.438186166293389	-0.3972579108840917	0.5436970595569003	-0.5433432483156645	0.22490738174568015	0.989507288430056	0.4040172442065343	0.6019542559254184	1.1900138029022216	-0.6510175077693221	0.08769490236435844	-0.894090476881266	-0.5023185921522066	0.06299515128863047	0.6112405673633264	1.386301180873492	-0.705235049829396	1.0185693305619317	-0.6752342174925295	-0.09779142264274628	-0.9265516591927629	0.05754248436328281	0.29527783495437204	0.1941072352109233	-0.7493903546831575	0.42123874951844836	0.36175080883362026	0.9749725406701626	0.8602270698143188	0.671211431705862	0.10715696224132758	-0.8053715197181236	0.7574423478564104	-0.03236400431395256	0.2156881366669295	-0.006400592049640294	-0.9895750407553392	0.03575899869739601	-0.8182094934667101	0.6177194258630295	0.5163737999027547	-0.21989857816075795	0.49865824740774994	-1.141418506564272	0.6787067811372368	-0.32344950502045516	0.008689948465143283	-1.6898685754231528	-0.17819039198836237	-1.2359039863720895
DTXSID8047399	-0.5476002487520164	6.821888264028105	0.0480550064950347	-0.5056100742317176	-0.45754277596776927	0.762131796465484	-0.5152664856131387	-1.1071461397880784	0.32309042625761086	-0.10412820292404788	-0.1726942463464173	0.49991653485453946	1.2558699481995799	0.7406156952061838	-0.4218781566891499	-0.5205285226141788	-0.8141168013781548	1.4730753805585735	-1.2140349509062602	0.2037563360585755	-0.562267827965366	-1.2627480570782077	-0.8391602108528639	-0.48002064825930935	-0.6127826310025014	0.40386243275782674	1.8734634022519403	0.3146117316433598	0.1891918000761202	0.3936763755766305	0.0965942208512233	0.8805782488366679	-0.6537131818844067	-0.006290501356007252	0.5381888927005756	0.12805786822454432	-0.09499477353398818	-0.5968528807291029	-0.0016575368172192162	1.3477491291642665	-0.20155479696722203	0.057597447087508524	0.24539941723572045	0.12439120291304287	0.010243393206430034	-0.5980487130520266	0.499169907399009	0.492597454706396	-1.3428530416176874	-1.8847758749056875	0.007359845078952185	0.7318810830285049	0.35064544237653883	-0.7031518818203019	0.0884303318101689	-0.5545970662515843	0.742092781554913	-0.8404418499463815	-0.37404888502947437	0.04719815329223009	-0.42450030563385427	0.5492141765077909	0.15233839969349208	0.5438129983626595	0.22748179184896558	0.2639707465311968	-0.15170787560443336	0.2944147501578595	-0.17094198131645943	0.3327097598075909	0.41529808264845924	-0.9911417026579953	0.0351413359287419	0.09129233961235697	0.44488691793324825	-0.2470300456348555	-0.019351508609957907	0.12146379879148582	0.36387926057372216	-0.5243322612613417	-0.5262097927588932	0.25141579506665446	0.3353267760363423	-0.22344831453921193	0.737305135551349	0.097269094501179	-0.02739111786860593	0.3067701032893556	0.17434824113117284	0.4624468502564463	0.584015011269759	-0.01303482179851887	0.0009506062900533474	-0.26223233323496037	-0.41838932419114727	-0.32579597519700265	0.35895597695456877	-0.21272664104801525	-0.34573045696937127	0.16629972157605413
DTXSID3049419	26.280498936241763	-1.2113276251888583	-0.7304362900669361	0.18060359466801074	2.367359135139452	2.6277857378671023	8.23154556859533	2.3681921664138397	-2.7164555452772707	3.9697255733192676	-1.8120042924986084	0.15344512845910419	0.19693111763328777	0.31599530491613514	-1.721613929206965	6.656764669677902	-5.208815839543375	-3.862512020690104	-0.28273610916679925	3.121742406073326	-8.310819800136876	4.657734981591971	2.399513842528556	1.3467841379950782	-1.1613810355304444	-0.32138846424678863	-3.5371023193985915	0.2420626130930301	-2.981754506511005	-3.560930219224024	0.37795276325933513	0.7914492039104327	-0.1748090528811445	-0.8439878142592069	-1.9198213965288435	0.7019535167071921	2.3940980188042964	0.751297719214237	-0.10516366451632697	-0.4006550026633553	-0.15109809095119414	1.610196339884355	-0.19431667387570686	-0.7350649316602844	-0.6846663554299361	1.0609400996026501	-2.177257016198133	1.4457231007083655	1.4814040795892363	0.9076856529437615	-3.638736291956877	0.5812594416333172	0.18321659761998046	-1.8766342335588162	-1.9297563880215085	-0.7574172300486516	-2.603781772115561	1.8305027978984978	-1.7957011685606243	-0.05611088546720107	1.8849070049157564	0.30375137846946365	3.178793203986057	1.3573294817541215	3.727334718607088	-1.4053361689203923	2.666369051307657	-5.147736370479878	-2.1184801310232277	-2.8498687957249027	0.40754457136136957	1.8689613175623188	1.440641947624177	-0.5583212835428355	-3.5015339923122886	0.40025890113957424	-1.6086725721909734	-0.6400374786584054	0.3025130190060042	4.693997748784706	1.7491935971211516	0.6006328065829178	-0.13707382851804473	1.5295394947518208	-0.8409186124723558	-2.830870137231484	-2.646954376115435	0.2517114025545857	-1.4561752119922131	2.0460209111953356	0.8507929422001737	4.592006435936302	-1.0230906466690275	2.2761004944917103	1.3771017816120537	-4.230629420687086	1.5082795303043326	3.245002504046841	-1.2535221913704624	-4.3592817374200346
DTXSID0045204	5.222368834298472	-3.2092029594236577	4.581844014253384	-1.3927325593204087	-1.8031906681847358	-1.0350198722516497	2.8957243793634797	2.848424716482581	-0.00912820182024113	1.381902431794306	2.067769469599161	0.03143410010399133	1.2204622073982987	-1.4600184101405371	-0.5796997282187267	-0.48094571413693327	-0.14787163657744587	-4.02991179207864	0.67434395488371	1.732323751702375	0.6775735974299618	-0.6024835419822594	1.0539198310716669	-5.57312871713587	5.261198777569866	1.8467386789102611	4.342405842406537	-0.6594754786465818	-2.5415447043507715	-0.7185661214219844	-0.8092936172797488	-0.6728085571910585	0.4455982620303384	-2.0118473163890416	-1.4616013735444608	1.7723455452370307	0.39264967944127505	0.6497933444999595	1.077094915112335	-0.9322530099143854	1.1583479081345904	1.7920166221200424	-1.1797238371950547	1.4046802601947506	-0.8842824848503182	1.7597898472376903	-1.612970672150439	2.723037933813173	4.008046920279802	-1.6666794721316103	1.106081011053199	1.7169509259735003	-3.704015079482857	-1.3990098919408382	-0.16108701193312092	0.9122357144904246	2.671005846083512	-1.735431016267788	2.449491167911515	0.9731872101559448	1.5088485660994897	2.2858154726083657	-2.3688990177644893	0.3369703650878901	-0.1250738698343533	0.7102405654130403	0.05951683450690096	-0.9190862561126119	2.1428029944951716	-1.583172426512083	1.9544534664768671	-1.4330915170037566	-0.5012422910390395	-2.499171591072945	-0.25736732432447745	0.18043553950085614	0.45959932581985985	-1.705247604301926	0.9550911306078405	-2.1423071422074313	-0.5724095141384202	0.11583626768195746	0.7496943131545684	-0.5126628777548073	0.809952396312398	0.679980292407794	-0.03939859830519035	0.16267738931148576	-1.0521353486287541	-2.2981760604087564	-1.1754267727937617	-0.3125665084717203	0.9498992704203255	-0.07126369366452477	0.295895098155242	0.24399163973700172	-0.22047257036853773	1.2456504715106844	-1.882639745724366	-0.04763839523456342
DTXSID4021894	-6.981824896480695	5.288711904982899	-1.3504669365846844	1.4446611262236473	0.37334771771574965	-0.6365728847426327	0.08664033333880322	-0.12250972395530443	-0.9281974658700154	-0.06300417443159101	-1.4077303349865615	1.2381219437254398	0.5191427506527256	-0.30442819769327517	-0.8490049015526182	0.40865356551103377	0.6445982068846513	-0.26817326086677523	0.3157983506179471	-0.043355728261290756	-0.2902794023472169	0.7023869489505705	0.7234096031960991	-0.2358317858341548	-0.17425517168768045	0.40868717693500073	-1.0927185156353745	-0.3812550763594053	-0.4251444156539377	-0.8317295558208375	0.43748447895460413	-0.06065276041414906	-0.3934540117453453	0.11000892725769539	0.38540942137651374	0.03503450434139543	-0.06550322664276818	0.46173511975093195	-0.17726169517966747	-0.6930090007384797	0.5082363759493884	0.10450658571740756	-0.22453047819456412	-0.4151342653986707	0.43818617762712136	-0.08427926924808382	-0.966852160175301	0.5503618324975035	0.3705662750351374	0.051035346240598654	-0.5153158040449629	-0.6844774870607558	-0.620505267973238	-0.108585809166747	0.06079420311032684	-0.2954439542226438	-0.29266975948098617	-0.05191729186638827	-0.5685436254450046	0.4902104600997071	-0.38638825936411864	-0.2662722187890748	-0.6963100672462362	-0.16199885400877267	0.17252655546136178	0.2493728610108001	0.4176234912763053	0.07820170830800754	0.541364448658944	1.1302989704109956	0.08024924428925326	-0.45095683452843455	0.37095148359254854	-0.14297892861717784	-0.3332090315145197	0.3256866502770981	0.3103269319349936	-0.7313414224190741	-0.30372329700301315	-0.19933841655719908	0.5441356212539264	-0.4938289041927298	1.2279368785091607	-0.17555362191893112	0.3066870931546305	-0.5212188723773181	-0.17114361033731543	0.12535048253262918	-0.08990127611030405	0.23209432015153728	0.22223084733668497	1.1653958873734476	-0.03542192082503649	-0.2731488456967717	0.486115562256639	0.6974972875266034	-0.2915960352355759	0.22565610150358614	-0.008714129644354985	-0.07321347946810403
DTXSID9022366	4.911710988501141	6.845941312108347	3.6805660621819225	3.095093764193075	-1.6136672144733823	-2.264421421046808	-1.3208293904035413	1.9891497779164526	-1.2216207834232033	-0.24276489694655387	-0.30170674772126505	0.18925463292174455	-1.100774011798793	-0.9707015242363425	0.06081971450096599	-0.6312768299211567	1.14648302590195	-0.8329547466659436	-0.13145585783790764	-1.1253985470523744	-0.12452733437361113	1.9742453701450187	1.0906901187933558	1.766421540375202	-1.3809569539050015	0.49913851792574637	-1.5769158060586268	-0.7335008812590406	-0.13585665870605368	-0.37298789791668513	0.08227952290717357	-1.5107267006599174	0.7077941290145382	-0.1188500380874967	0.21011766220098013	-0.3840184998192278	-0.2998038406743551	0.7991914903529724	-0.35116165120456655	-0.8529365325408305	0.3169895198020509	-0.9182665477375761	-0.369595419799384	-0.09168291887610314	0.528622047782079	0.6294269917466792	-1.981762817603642	0.10116992802081937	1.4711502480206633	1.1634526123924698	-1.2006108038780934	-1.206592950797019	-0.5498770462930659	-0.30051792952438294	-0.5251045521120271	0.6342023173808682	0.17965600037041457	0.1389070155918365	1.670008085617895	0.7450665363024936	0.16086459320987423	-0.2279998588420807	-0.48469523903632217	-0.034407887253451036	-0.018092470601562816	0.7506988115873979	-0.1672675815712866	-0.5045010850611156	0.5323173126388259	0.9856987564326584	-0.7786104034494279	-0.9249353888861779	0.21578606991099558	-0.36909597256760435	-0.8120683162765101	-0.11936660749040769	0.6654991504978938	-0.4308798106678902	-0.7110461532380161	0.09005783781715085	-0.43793697579780755	-0.3535713887632295	0.2505211682071711	0.21606344516625875	-0.1164597779246529	0.38701835590096273	-0.22220335583591044	0.2650909731241928	-0.12367653547469085	0.008534024616991117	0.6278057444486932	0.5018655069084119	-0.10001384600097443	0.09251871396980191	0.10705004115334725	0.09835657258339095	-0.08546019438665438	0.41274267571357265	0.1062552650323285	0.16890237205674516
DTXSID1048758	4.172669775478939	-0.6861090403573268	1.9217793609679303	-1.1740063015035855	0.21784191496337374	1.437109970097371	9.349095874663908	2.8318341424552065	-1.789048371082695	4.75720389293876	-3.310133505537173	2.671989610606754	3.6283817346490883	-0.1869937260871738	1.9570097322621798	-0.4011067597015628	-5.9112226115601585	-2.0435043935824715	1.6666122189646793	0.8958968977726812	3.903585487274337	-0.485915536097408	0.4784226225788953	0.9034170006784695	2.3559486281394584	3.4741327390359196	-0.06420870055900846	-2.9257763670057853	0.4333271940019273	1.6909439540285067	-1.9143666010391676	-0.593436192944951	-1.633685200980543	0.7626838639816945	1.9616237424429133	-2.674502659178734	-0.28749807216772255	1.1189089207836322	-0.802189492839278	0.3093767718619268	2.208591237164721	0.4070563515741447	-0.7897598581894524	-1.210052909930464	2.5809901391842094	-0.1295759547032418	-2.2979848936306047	1.0359392529760636	-3.6517588103364362	-1.0756197059572394	-1.4206844464770358	0.9220514357455203	-0.03310329098988399	2.5207302770026523	2.5755049584502725	0.47782091625527784	-1.8389834298837195	0.3664529224915617	0.27460154956075083	-4.116984671161689	2.474354082573765	-1.6054935876710348	1.4551574871566029	-0.9777625912095868	0.5829423311949665	-2.5470156782473423	-1.839061862360779	-0.2998009549198918	-2.023339189744043	0.14101919952339276	-0.3121093721829446	-1.5701004480987955	-0.47141399412672524	0.2953273730381938	-0.22898450558229622	0.47424292608807567	-1.8085358188582359	-1.3227149309012725	0.9577190775026486	-1.8438619098651647	1.0702237304184004	-0.054090325427872205	2.70695038512571	-2.7112213457489784	-1.930982853217306	2.9908872129517907	-0.4574758855849292	-1.3372111508497226	0.5742037737605596	-0.38302619608246247	0.9095860117574595	-2.663328924929134	1.1084176199605322	-0.07143254636630084	-0.4429045251130309	3.5408729260112812	-0.4967741535783737	-0.3209144960257452	-0.12560605185544518	1.78548611679288
DTXSID9021344	-3.9718105312638197	-2.516875578876727	3.570857748404829	0.44010739174749136	0.2565053936794752	4.092390545084522	-2.464450680619448	4.681711583059378	-0.05683449686225165	1.0542891946090163	-1.0729983322045755	1.813067397915047	-0.19942258253518688	1.401464985937405	-2.205427288341019	0.640773702196831	-0.9499636507371284	0.6404819918353059	-0.175643778797257	-0.02872809945859382	-0.6608909851546234	0.12906893229967473	-0.764758818531036	0.5941116949728201	0.6603084104368353	-1.0041506335810133	-0.7061882223569141	0.7526562905835463	-0.14957230053035708	0.6156806292012199	-1.400796253430312	-0.2863813980796535	-0.9743503193757174	0.2514547619569159	0.33271807256912916	-0.015461728901508463	-0.10137787083074366	0.28357614759747013	-0.1737113870438876	0.6333199107805041	-0.008114751539455275	0.09250074392447763	-0.07659062330857955	-0.4023993404751337	-0.09121959113243198	-0.05893428685413941	-0.38485231104534806	0.11159414695825456	-0.2885545545172201	0.7451774675358375	0.5833525651408829	-0.3205532493187119	0.8622012979922824	0.4627400545921542	0.39063691105422255	-0.009666201413527961	-0.46614161158753736	0.46340649195159983	-0.6002239962642311	-0.13803702860962058	-0.2809866755722874	-0.07818239401422283	-0.03371884044137736	0.3598089542569251	0.2079352803407952	-0.012912529307635805	0.39582442387967176	-0.3289081463166681	0.18382852601414462	-0.12444532946942714	-0.2985376536369258	0.7741146708931865	0.4870976636737266	0.20019822435370002	-0.4083332389074388	-0.3915516048463144	0.06922981508256744	-0.34717429129340077	0.5282082107531132	0.01215435091191574	-0.08121219750609612	0.38875532914760136	-0.011796906369732067	-0.3930731148215144	0.2147319005362771	0.0762286927731139	0.07856392066887997	-0.24497325603116588	0.0443879733702409	-0.6543571687493156	-0.10447833000689628	0.08315707719809144	-0.2251026887826063	0.3683201519255142	-0.2715162928868369	-0.03991094721271163	-0.270472591708998	-0.3120663472511473	0.1343914743824544	-0.019100686098182405
DTXSID9020790	2.9117220277198474	-0.9279240304232029	-6.886946799772096	1.2994143955868844	2.845770110633728	-0.12724965419914255	-0.5823470318126882	-2.347137126414809	2.456081691334296	0.7589583730152386	3.1246939344323272	0.5914670060164402	0.35834009471974443	1.5921779559667215	-1.2576116820908143	-1.7340173332870508	0.19593491027225743	-0.5775029233651401	-1.3893726091257752	0.9360554020478957	-0.9270923018154315	0.5623516014114044	0.5726277362281034	-0.2294157992114755	1.4766260060920477	-1.6784046759289406	-0.7547444528496773	0.4354260157967234	-0.6695871253679451	-1.5705984238374993	-0.9376486089329575	0.2770907313724607	-0.12883875239393366	0.8916056656533259	0.12471250712502098	-0.8676559430077988	0.6736517966502934	-0.10286853436674477	0.36068358601585115	0.27720916590800426	0.07798006045866623	-0.33408126064475635	-0.3005525608535122	-0.4600114059166901	0.5285108410410754	-0.5773905354681373	-1.372082728083263	-0.011883404583650855	0.1930381120189754	1.3955430869674927	0.36365329285007353	1.0300453916375236	0.9780677268303	-0.9769632761381132	-0.31213262070394765	0.18803648044439164	-1.3109604797218253	0.7853244104210015	0.3562440613419115	0.07721106282993462	-0.47874043454841914	-0.15587726953594996	0.4832151538232428	-0.3345309858576185	0.14566139187815136	-0.17024221054108923	0.5353852220757263	-0.715100833799198	0.10861544117275637	0.6570719553153801	-0.8377132951528653	0.2636273822280817	-0.004895481222608071	-0.16360767443917545	-0.5133102254428795	-0.04893895619465339	-0.6863868132035104	-0.15088144903438097	0.23306251587951865	0.40983861501684093	0.4357262168804618	0.17044229435616165	0.4777109178250573	-0.27472389391628527	0.06413395387934415	0.4598468164934731	-0.42736575111702835	0.29293487994011863	-0.28355286768641236	0.2113903552136856	0.28656514760590984	-0.28238420094717875	-0.7940311488718467	0.05421541702396424	0.1528150303895102	-0.28008583266307013	-0.26184326231507987	-0.41305439223514273	0.059087626204154406	-0.452605021737023
DTXSID4045133	2.624504898715711	-2.7229441263758574	4.830821939801935	9.992094198693335	1.0558823155486585	-5.498147407481193	2.31233818589333	-0.39177457064637106	-2.5111536173606437	0.12998542759687157	1.6790958729297323	-0.8165372527843708	-3.781141539414728	-2.1580709436850376	-0.004824658837249796	1.5817038704796809	1.3424014344766764	-1.6501336153689652	-0.8136510509965283	-0.5221828656725304	-1.6838821212368373	0.9007577883233979	-0.7116345100754546	0.4232009633373308	0.8874203782159937	0.877915237826108	0.2669125096935458	-0.9523538701326733	-0.7586418313412708	0.17531946079300054	-0.7824199771675076	-0.36196545999811647	0.5697003539001009	-0.8093077292633093	-0.43059904817937866	-0.14488599010310527	-1.5802408305167923	-0.3316746982098853	0.6226335461467544	0.0765936494507019	-0.15849375802802482	0.15751817325574477	0.8856171689162625	-0.15599617473626798	-0.3876034042088382	0.15909986683211835	-0.5385697311994695	0.49740437987524827	0.5873089890527304	-0.490986525431417	0.20006869296442958	0.008171855005377683	-0.08651151762756679	0.37982902669358254	0.38523353962349305	-0.2926651206617959	-0.9708818386586852	-0.774131990014413	0.7173832764250427	1.14479311880319	-0.5794545539557036	0.7005220626757728	0.0029108667648572836	-0.8023932895290361	0.8475252138428204	0.7457826906282383	0.6590897973136903	-1.3192874299366364	0.06758969919686501	0.21601648525021666	0.6138012314478443	-0.5223166732965693	0.5897485031031044	-0.04102154034968006	-0.653506298556724	-0.4813558409137652	0.24750857558327288	0.07440828782345926	-0.7661023006598783	-1.0982012369508036	-0.5272808777358311	-0.004973886607770052	0.030765952168376545	-0.2923835172939262	0.6718199150532004	-0.031736862606956816	-0.07192966163687761	0.019638516757695876	0.1878801303913824	0.3090187323991447	1.261134101402161	0.2009747601824677	0.2044352219691039	0.5844131312491204	0.707920689817806	-0.6630817694551463	-0.5821383277450881	-0.6629635578934122	0.263861169887613	-0.2546981497590787
DTXSID2057653	5.04429260052037	-2.3811287543800432	0.8330312589972336	-4.642155294846963	-3.3267578798939006	-3.7100534749303486	2.8517196282994925	3.664265154407525	1.5370306846840276	-3.784493950426392	-0.5943087993996563	0.10382927043465094	2.076113384021274	-0.9950459541118915	2.514166688895006	-0.22010002951167	1.3535739775564448	5.019225405566593	2.7786098519402147	0.38165562415921456	-5.498901536455675	-5.610195722012915	5.313255504542297	2.1665194163808734	8.166102317898932	0.5342267466328526	-1.3151394637076628	-1.1435876187294876	-1.3641116382050158	1.4316197147392233	-2.9468204456815927	3.8507496298481283	-0.9607659983454286	1.7165458470088633	2.2836781737877834	-3.0075489912739872	-3.841394113455921	8.702876925940107	-0.7462361580044798	-2.8000180283776483	-3.3708946698939375	5.377085208661843	3.7864002892729025	9.688413982161082	-2.2728570840509645	-4.876938436431277	-3.8008981821290497	2.013233179358034	2.928901540128013	0.4152064228227165	-1.1968622797768897	0.8841859531280313	-2.338307533535059	-3.3789957062484848	-2.921038532127324	1.1940750914246903	1.3580463077304528	-0.0005268248492563013	2.211966031235164	1.168303239884549	-2.358570324805578	0.4517188343847651	1.3835135031760306	0.5485039009338185	1.1044070281424267	1.3333399507823107	-1.185334917550212	2.2179802960289883	-0.14957502834448186	2.899251624835059	-0.10791980940012243	-0.8469853938691071	-3.079981863107234	-1.3105140846292305	0.6574763540280977	-0.7445233924040131	-1.1061338059909493	-0.8631450167121802	2.0258531111365854	1.4116045649226727	1.093359240118499	1.9993979704042633	0.116859032996682	-1.2687260476312747	-0.7306594759763102	1.6224750242718091	0.08473703995057077	-0.3713946094739061	-0.7001034933407445	-1.0690531344943544	-1.0975866954384166	0.3250486501379133	1.670782607662899	-1.4040506435664282	0.8103620425289497	-1.098700627793698	1.5340601610701154	0.41879234926480013	-1.0816502883288817	-0.11991863755171463
DTXSID6044727	-2.0783540052059046	6.549495814807864	-0.1156983957164759	-2.0437353061197077	2.3600693723149972	0.42025821502616145	0.45213094491537303	0.17073474273069328	-0.9803284378117509	-0.15667590442030735	-2.16557635109374	0.6646842276919731	-0.9245845373216423	-0.9469865362437246	-0.5329407333947775	0.3340525140294369	1.458351728977034	-0.959589045652467	0.32425196641273313	0.5956357675720847	0.7849441131711733	-0.8261011655501743	0.5401434991665123	-0.9157628457069867	0.1368599559449422	0.019323383135433234	-0.9907289257838658	0.5862753747676004	-0.5789514642994041	-1.192430701856585	-0.526449088805187	0.010334922496000872	-0.9878293965979494	0.8165271379601945	0.41940293460179284	-0.0048993891115554624	-0.7856868376266106	-0.5518687985839876	0.0695130793950129	0.32402028650106907	0.38934624214070546	0.8060487028996676	-0.5517757109563816	0.0052214691241183825	0.30962525748948444	-0.5295859468060349	-0.5847404334426586	-0.05553722424460398	-1.1455364370060501	0.7493206692667187	0.5683715984754834	0.1473763152754046	-0.20919761798204373	0.7781397926791068	1.5610200671680956	0.5975820501693665	-0.3659780023307212	0.3849675887958214	-0.9107599349751802	-0.09141972174270908	-1.0337153563084298	0.2728853172588305	-1.4469532453687362	0.1620084189638406	-0.24120717969732627	0.11118207849888223	0.8038410583450302	0.5489908047369539	-0.8264994458556976	0.9127062453952378	0.12775875542592682	0.467097435983888	0.03522745030894411	0.08621355926958382	0.5308936108797034	-0.6523543724084269	-0.3542863719099551	-0.006918629619886698	0.49128170114039776	0.018555639195516452	1.4577593346155835	-0.470982397025095	1.6475566724365063	-0.9401004452196445	0.2837142792348294	-0.8259853643165326	0.18379232819113775	-0.1806495130538305	-0.06508588363404458	0.4263047034587829	-0.7863308843143881	0.6966715271611511	-0.41109050579234857	-0.12577523428297502	0.7036317744046381	-0.17163292558717647	-0.3355972657034843	0.3425575524147418	0.41702622608091994	-0.606684408863075
DTXSID6021660	-7.390413369595741	0.9763041368512945	-2.7942516770665335	-1.9571519272879259	-1.068745343829202	-1.7741330466695866	-2.8996179091921976	-1.532889828296821	-3.060347967383857	3.319878287380152	-1.5171877321322844	0.5721258867532996	0.1438665011507539	1.743950345908642	-0.876893940876097	-0.43923384361963747	0.4234813577305181	0.1954924178978402	0.015954868334347255	0.6998953022950813	-0.06770095164722105	-0.5585893811064866	0.0114293025702797	-0.5186437781925716	-0.6689478858403908	0.7780182430126796	-0.12440113373074785	-0.7589224952867915	-0.4682916500904852	-0.03940474722463517	1.0150765778001312	1.0607206025617946	-0.5254884450289802	-0.03130734533202354	0.003937850023018084	0.561823900562106	-0.12235823850407097	0.07596323583508627	0.11063204905686118	0.1064894078934299	-0.3663542162151119	1.1975854930777823	0.48518890325968983	-0.7936904489832808	0.1231640290551616	-0.24880939871823418	-0.21502651437312384	0.21642192241732655	0.12539952179261077	-1.1560905438811058	0.49249989276600636	-0.7609562937713	-0.4048712048861128	0.20689818392332157	1.438895529635261	-0.27659626598989956	0.13949798796609064	0.33865601257570027	-0.3947308973356455	0.006403974845195264	0.9968981253218853	-0.8777449839810553	-0.5591504757340686	-0.0778451136794932	0.5067735987140805	-0.23577422917685129	0.37708875875511955	0.922028306262013	0.15523525973959235	0.2031648477606002	0.5750763736619408	-0.219387085360554	0.14020970517952086	-0.914387279842957	-1.0719524472875082	-0.6963132976617412	-1.2115614950975746	-0.6400088245842003	0.49526960067784337	-0.5319615793299595	-0.9479103831727894	-0.3538399131146749	0.039518037759905235	0.8091282580249242	0.2856664025407879	-0.010997719552575813	-0.7033260947467734	0.3809308638879837	0.320442073544519	0.39023470039554387	0.019980483050491257	0.04307662577020895	-0.2872492206358168	-0.6019872386499027	0.10366897343120672	-0.2722040460027003	0.6861452076707284	-0.19955819089018348	0.3608683664724686	0.2949726127410224
DTXSID9027863	-7.687098502132823	3.073704181085724	-4.520966596634961	3.4346095478889223	0.7943675162174593	-1.8336188928447834	0.5453521125641163	0.6024516732129639	-0.248839617924662	-0.5819946443318261	-0.5433166850613633	1.4917370678662036	2.621151300541397	0.4048633017236787	0.6841671075419652	0.7743906950055292	1.0568979194351262	-0.5300580130782677	0.6727163803317175	-1.529868176702948	-0.7685679950047034	2.942837533855565	0.5237253735434241	1.2933016961813024	-0.34852969330907696	0.22402616971727454	-0.754924006838245	-0.8728049082197308	-0.712009431129489	0.5115404658065571	1.1017477036997563	-0.7461214282542905	0.39190520844510557	-0.383851678676278	0.23044771584256354	0.10473151268653304	-0.15926198385441398	0.7080766554095068	-0.18592452353952219	-1.6517539723506847	1.1492915628983347	-0.8523285299755863	-0.7250148864482054	0.4759664005800422	0.6133367368277395	0.5063678003813368	-0.8115570859990977	1.0163408352907992	0.9084975966493951	0.5057782475961539	-1.6247084792161328	-1.118573494628259	0.13925884600371283	-0.4031603826181443	-1.3225361803832354	-1.6545293741434348	-0.45814661894354347	0.11251416607526857	1.5617918307374683	0.9354692914824511	-0.013733887707682217	0.34689427540428713	0.7660632357916458	-0.7601059819661657	0.5994305468309418	1.1473634669341006	0.47899801351750687	-0.8211023390545751	1.1197137762138585	0.49773117714809956	-0.6769268973953698	-1.615698061461098	0.6082783378390464	-0.011928839412678723	0.07270519572338249	1.2038180581502154	0.5067109220566742	-0.11549881990413016	-1.508307504041736	-0.16375695767655057	0.08900484740990267	-0.6549277493300424	0.9160099023116365	0.6526048558945955	-0.5766768598765122	-0.4409307566323184	-0.28940721387731405	0.012835155363642619	0.01639433881783815	-0.27851808989416194	0.8548637107001829	1.3949323752843743	0.20384646408229218	0.38339068451843383	0.15028398675912502	1.5095238530551427	-1.3176936250143823	0.002256018258326996	-0.1576223295774683	0.7536057337800217
DTXSID8026064	-0.5804485873230164	-2.6967151707707213	-0.9072078549013723	1.7237096874298758	-2.356239669284191	1.7982779642643552	-0.474120867322167	4.286866616713065	1.5063373952543804	-3.301750278548068	-1.4763919951326838	0.12311581355560755	-3.4323608222123725	-3.7687569757644748	-2.6425582052563628	-4.110886634521646	-2.0729222299380834	4.139485974270256	1.3967949574693133	-0.7361997692299906	1.4067128288127095	6.165307853075718	2.851938729431067	-1.8106329397401966	3.2873998811400194	-1.0531273759187485	1.3525417118729608	-1.8135454438107497	-1.7409854451774398	-0.4102535555069772	1.5869852884752127	2.65453302590638	-2.196853951545911	0.06505862389942722	-0.24366727660544535	0.8589115885711334	0.7209473451829435	-0.7966277811743818	1.3728314793292835	1.2375240545237676	-0.616466109774085	0.7792532601114965	0.17098197996102937	0.04482370287618926	-0.15477573031455336	-1.215783918136108	-0.32835728258539426	0.2580748874095916	-1.505095516217186	-0.7439836224935611	1.0626203705211115	-0.5703423295634202	0.9292521060913413	1.3709777644960914	0.8291547892526093	-0.1873256487795426	0.4776254414278631	1.0367938109319954	-2.2139425542950284	-0.06945800847698871	1.3186069039197414	3.1020903853069273	0.8694133697776761	1.0727852160537072	1.9817108655924853	0.03813303840862159	0.8755549109406923	-1.9424164617419752	1.8657979577109138	0.6721579626007965	-1.215863529051236	-2.097162013804914	-4.309620328228316	4.72378283918633	-3.676517305162412	-1.5239535448623434	2.3570018927366325	3.433068935342807	2.383032291347197	-0.6126913564757875	-0.19212981401838877	0.025956146671719384	0.09867837419020768	4.331165924220653	-4.815736747951443	-3.5020877655814058	-0.32399705163539144	-1.8910610794594602	0.33981436467096837	-0.5613503877415739	0.9759645785343769	-1.6896752642659916	-0.9292789799320313	-1.145992100044091	0.4584861120366014	0.17406804697613976	-0.820475112887581	-2.5765519994964996	0.09404696176427674	-0.431850170195199
DTXSID7022590	-2.6120476282306213	-2.1291248064384503	-1.5536585810789094	5.515017575155631	0.26893256316876135	2.882643568312944	-0.5563602779127677	1.4114770853671053	-0.3334397489896936	-3.598577331931126	-1.923366131821375	-2.2118606811188943	0.9958305867702395	4.68915517343213	-0.4934283181955304	-0.7293583078778384	-0.9293261271890852	0.370261038869868	2.4303279306816234	0.10391203206444719	0.3986718422323097	-0.3992276194821934	0.44494243973300956	-1.0413267476453871	-0.1867343055730149	-0.7571509709602003	-0.1310567646838945	0.4632616490349856	0.1621872590588934	0.03983219891694892	0.0688349633484592	-0.7171173987482394	-0.4978946569277786	0.024466255773344634	-0.3066764892051348	0.3844677306103906	0.33449617508044494	0.71521217784393	-0.27231789506355725	0.3993479709145508	0.25655735544428704	0.3609024724789629	-0.26873818301957786	-0.37419817969780944	0.04780028589187431	-0.5507117366655068	-0.09011021139777156	-0.8148605151502274	0.24876970678293034	0.23629660326409976	-1.0417544964692138	-0.4364877781653351	0.8200368202783487	-0.11791006063383243	-0.37518501988236486	0.9604533758544269	-0.6759945538938367	0.8329187339564916	-0.8590612854170915	0.20267356058255961	-0.8993140030575847	-0.2907042778549263	-0.058865230048197444	0.43378888447548597	-0.421255815502884	-0.5749538184299542	0.32074107167241894	0.13085417741781627	0.33246342172252935	0.9253727155056748	-0.30644468419745385	-0.00787474230793445	-0.3808351935736897	-0.5542220431258497	0.029663807019631734	0.2761375347730498	0.016011174578083473	0.43502327429120546	0.09664348662381095	-0.4525369318698886	-0.3186510726912591	-0.2608195378385967	-0.312536520101907	0.1748436560144985	-0.4287532757790815	-0.28980873668589563	0.12157114712191526	0.11788297699570308	-0.4763313011056764	0.3377720800473274	0.49439138950302025	0.03029199621235181	0.26074049877907574	0.7924053596051193	-0.38729175245515696	-0.20037063464422697	-0.13171778841434703	-0.3128159812981524	0.6885687127825502	0.26707586750719453
DTXSID4026266	1.988964340490182	-1.8857209745720012	-5.141693182648	4.644717195926009	0.4783049153475418	-3.4649565840956433	0.8797332664507449	3.113833578272144	0.49911037899907273	-3.760027498488255	-1.7954682971115499	2.4997261483093434	2.6820311001279693	-1.6817678826838287	-5.0076927345343085	1.9764819628738748	2.448137095466473	-0.5184644696829916	-1.5628273770078742	0.8615619817951015	-0.9523635696884345	2.072233908559684	2.4859294877105373	0.08114642059533136	-0.332679549528642	0.07556944185491138	-3.312284285231169	-2.0222479518587395	1.274155161688061	-2.0159736583142305	0.3816657325752873	0.4343099821063748	0.5373147052013414	1.0134068403855272	1.415502712106632	0.4859983636987603	-1.2494315815933312	0.33327946436952754	-1.1678553730781571	-3.4145364099797315	0.7524015772537924	-0.8885631487404554	0.4182826224209693	-1.4605581876644618	0.7296943472198634	1.7249243208119507	-1.590996634426627	1.2938295604102388	0.08726104822671821	0.787830560850315	-0.662499250957306	-0.37586609638906476	-0.8824418628839513	-1.6303326011942347	-0.2601975022734449	-0.397177558601476	-0.13767804085970006	0.9223605689975841	-0.008964713738586587	1.611255803619381	0.3115235473775517	-1.1116100440952659	-0.4342863652881472	-0.42041028442289763	1.115979467286736	0.8083689325281151	1.1566103942516388	-1.5487011252904757	0.6007346023017455	1.8323973642215239	-0.9552928615925493	-1.083944129353306	0.7741998759335952	0.33849116558375125	-0.30492126963882216	-0.32425136584854575	0.29502843348728197	-3.084845834034581	-0.6033115867641025	1.329261476543206	-3.483327544376751	0.1042401805678857	0.9063422468657312	1.44671588542296	-0.22331859920029473	0.18090691507526088	-1.6060075192794694	-0.6337551473292283	1.805304002542882	-0.8190639480818533	1.7252498292820824	0.5680519977033539	0.1221244926344668	-0.9673977018974057	1.2279369304768517	1.9571772292937153	0.12703292614470774	1.4453748646603313	0.39635872666929994	1.5410670889818585
DTXSID2049424	-3.577644530027081	4.501908309888892	-2.7073661871027923	-0.7743205849977018	-0.9985571656092291	0.0909853571930214	5.706097473799317	1.3970732555742889	-0.8814176390230873	0.851903300252189	-1.6446419915076607	-0.46511773213701146	-0.2344312510413238	0.17693150549804673	0.15333004738987938	2.3425424973475053	-4.4361077124125	-3.0251347296348685	0.24879620085972495	1.3010023773202657	1.7295458051824697	0.7994367607467981	1.2812990119724206	-0.5792778648374589	3.9165639687847924	4.494732497161412	-0.34144026921814724	-1.68904695211587	0.8993879488959333	0.505953774912549	-0.957937922147239	-2.1346711499317874	-1.0798987946607788	-1.2303833391562258	1.479296915790041	-1.062879269918494	0.11050189727963153	0.2377047636916385	-0.7105166050678094	0.5001258226483309	1.2013882733543473	0.14300363686689263	-0.47759432945734337	-0.3747654116747319	1.1282503709793217	-1.4461900663665757	-2.1309470621014692	0.08443954070627759	-2.5690886488875613	-1.3089413474497167	-1.7627851964737031	2.495855190203298	0.7436036399062446	0.6920855346058838	2.8904137672851036	0.1788550801804612	-3.257889389128627	-0.20948118727083784	0.7115971202361092	-2.638743675753886	1.4159019481124122	-0.5650543473975275	1.4565341948783954	-0.2770791406468077	1.1398441413470852	0.44148907534378384	0.27357736164937885	0.5297431781068832	-0.4133372059470022	0.8292947631568629	-0.5181662693716012	1.1106867078984235	0.023334361565078357	-1.061225457272775	0.40555905248789653	-0.606843095411823	0.7707630996146444	-0.749801635524411	-0.6166542134308625	-1.548935031081864	0.4274918618234816	0.08007427880845029	1.1894912838886766	0.058127214604900355	-0.33323388105029816	0.3856579612907874	0.1697122861206001	-0.739789633069707	0.3862736429738882	0.31971431544698803	0.3540207727371875	-0.25276442518869235	-0.8096106469115392	0.41020421354141756	-0.9051823381236471	-0.181868923956104	-0.31480242110689544	-0.7325585349000876	-0.42007921423528377	-0.8712384871396641
DTXSID4049377	-3.11849142217928	-1.8668459765014103	-3.7187210345989246	-0.007298937626910835	-6.139838204574133	-6.358447580856472	3.4555300609781687	5.597460194113642	-0.1402218739831195	-7.170781660804721	-4.0728425618382635	0.6240964116048177	3.0466106924610057	-1.5386927079198138	7.5228376307241485	-0.1233648408313796	0.4691807983653735	9.652239745343612	4.26690631576603	0.8827753874159615	-12.030085133509887	-12.017566747763935	13.3867037427359	5.375081448034197	11.758673544745285	-2.851453692252733	-1.7776067093163441	1.0071925069652723	0.2250415952841813	2.4490978348298493	-2.5485770373598835	2.0327207484210055	1.06684870221407	3.8318641984685264	1.876762773461726	-3.5242075133301873	-5.233897473988328	6.596318035727482	1.7400121709276744	-3.3706836827502022	-3.6327254717354305	6.487070877765149	5.684070592676687	7.22329308223426	-1.793233539725211	-7.078466622511026	-2.475043962050938	-0.3657160589486981	2.719979631216872	-0.3104725771768203	-1.1181288677195296	2.077881826136603	-1.612304244698036	-0.307846710559143	-2.157282298650122	-2.0666032750174557	-0.9437008564220725	-0.37214670185927506	1.3371069259065846	0.5257522865552632	-0.13897173044162758	0.40886343226480554	0.41578530840665046	-1.3902604864708512	-0.013926511506661021	1.1021406188547966	0.2591811402011122	1.5934546451977443	-0.7553974047718879	2.515250819223561	-0.6575179369489983	0.2263417492379165	-1.9852474196525791	-1.2529363027971638	1.8667707511771918	0.8573174242785776	0.20863670706738183	0.8583368842253098	0.3431665255990584	0.1972269802145482	-0.47932460780968894	0.03461365970397163	-0.7400242812778529	0.6834365673733024	-2.5123478427367223	1.0231516955154711	-0.10846600617853513	1.3035499889100972	-0.8137855073889548	-1.0917803167180131	-0.22451929798678344	0.1918282878869234	0.8958434249322705	-1.8918694973961974	1.032058686077676	-0.7470120755239735	1.5187006998456716	0.21454602958258043	-0.3438342454309379	0.13291149133639948
DTXSID70481246	-6.298312679231989	-1.1408054747876297	-4.226408418153999	2.1438041381265305	-1.7026773591879087	0.16671503938943372	-4.683975685019016	-1.8129197691899366	-1.1142847608561082	-1.9031710355600375	-2.9456746403004033	7.015641322793417	-2.2580950152502743	-1.771520876975266	1.4101223990492586	-1.0286001526134345	-1.273386748145212	-3.7391564796707786	0.39634246388002786	2.3476735290814426	-1.576809176318508	-1.27978843013315	-1.3305329081888833	-0.31078744067992586	-1.1632964819941913	2.57067255071698	1.4438177678259216	0.2823166397908541	-1.8270161533797862	-1.3007761347338975	0.07909029016067017	0.5668770652084415	-0.7003364091014387	1.6436412135547536	0.10859135819170479	1.114656114863838	1.7842487330544312	0.7168617028491777	0.29107520714104895	1.1227929053434094	-0.9931819929556709	2.0967048429451625	0.030142970958026764	-0.8201230088934803	0.5367578127404503	0.49806286982119974	-0.5860359078299249	1.4285309591770476	0.03579860899953728	-0.2903631229024792	-1.6632877186533626	-0.4492666171237321	1.2970736102968814	-0.7917727349439729	0.8044451721075118	-0.22656467418295023	-0.07452808542451557	0.7756112996301878	-0.6914524191901438	-0.5572920462817816	-0.395225050488262	0.29571994476369845	0.3945513070436479	0.20418908911766429	0.28463901384135454	1.5342513628270644	-0.12095059807729099	1.4258587120552988	-0.6453596698381477	0.15197556943664078	-1.2089226594246922	-1.25479566766038	0.9487783461081938	-0.9548229189632889	-2.2844314128159136	0.545602853740648	-0.7946064019863346	-0.7631992968214945	-0.3581827536043715	-0.6024663080575972	0.23209473944856884	0.008513236970190925	-0.10174546112796991	-0.32328849717803854	0.4783422336552011	-0.921340621492306	-0.7003571829065594	0.004262114085737257	-0.8340566694241153	-0.4559232584655272	0.8043133819760642	-0.1785358554009055	-0.9906373018530977	-0.3759461410628891	-0.5192225268300016	0.30974684350476367	-0.42541445616934803	0.3195380734963054	-0.641858376737483	0.27121867977251257
DTXSID5027433	-1.7706381550917107	0.3936082497920891	-4.520660118566178	1.414471983007707	3.3088199705347	0.4576225141840177	-0.036362047092197196	3.288087955583794	0.18411350013667724	0.3685425671140993	0.7696066076428785	0.2084425385730308	0.029539076358605195	0.3738727412531487	-0.4254685688631461	-0.7142863214997759	-0.33240002439789834	-1.7769122559246524	0.7696914969080928	-1.3758339465987657	-0.3279658654485562	0.5736081543167989	-0.06867608774557317	1.03878393387586	0.689302705947262	-0.2773244289751407	-0.09513426259288937	0.9219746598859437	-0.9652483538250674	0.20941154222807049	-1.4353432095884553	0.6524762127229702	0.03400700716396612	2.001002577654058	0.8989092455875143	-0.11099462910674891	-0.24384674707392898	0.05114757890072793	0.32092035845894984	0.4859031784540586	0.013012120892365227	0.5121769683933198	-0.37879508770688536	-0.3925295326290968	0.6709733310141525	0.3274091978433458	-1.1497538620491479	0.7732294343789826	-0.17876343314787915	0.13002473033033607	0.7229258056359875	0.5409539248833077	1.0876780078919581	-0.7457237581288941	-0.5615187729004565	-0.05545951777894704	-0.7421580086761673	-0.3785912760593406	0.49341143904376367	-0.7234374836619805	-0.450282934800586	-1.0305072650867322	-0.6021462547134635	-0.18265404091684165	-0.12826842553088783	-0.2727567402025039	1.495069544680413	0.3964560318672072	-0.18154763201178153	0.49974609875699044	0.005629857451724362	-1.3355856446505188	0.06497109196460644	0.5760692498437743	1.1089468933608053	0.31770819385447563	0.21329900991872525	-0.29443070108314706	-0.17765280413220308	0.751932774794157	0.5401538510398808	0.005578718904015527	-1.128347703365515	-0.34025080675491765	0.3487633743832052	-1.7924337454913788	-0.802513454492402	0.9985694666280981	-0.23794331618011358	-0.06690194753560191	0.7064970953964628	-0.15865321663940224	-0.11772737319792187	0.7266393082848062	-1.6839915713493265	-0.4967621320367594	-0.969240891827997	-0.48833625233526146	-0.8587221182729727	1.0113760123858921
DTXSID5046853	5.223973657545238	-0.6609552252736173	2.817157848277245	0.8700302311450169	2.031788516031968	3.0538941181677566	-0.3022797471083406	-1.326731521655218	-1.2586886142081413	-3.7992392264199393	-2.3756804460849903	-3.0955254056916743	-0.43205188538523165	2.5321977479461024	-0.45965451545051206	-1.7767939836934379	-0.8677246582934742	1.2969908064078932	1.0091473159917297	0.8365605675260599	1.0961147703228458	-1.1148951641433005	0.8314705076088899	0.1506681509567281	-1.1099788034995826	0.37778789963334164	-0.11637312005029937	3.2291630252108194	2.5667917003207075	-0.5132585567703798	-0.2907181165674905	-0.4474851561216384	-2.4257742176856145	3.4330828504104174	3.042503808842937	-0.11522956831672267	6.293323842792942	-1.8248890311495276	-2.825263714378264	-0.8277727689050344	-0.6901515503394091	-3.251581562400567	0.140264787434185	4.246120432364689	-0.9990890522770303	0.718958733667698	-0.9369953224019995	0.41537602364417847	1.81946793012963	-1.0264661611153478	1.6122265843020303	-0.9423326945801407	-2.0012936472153795	2.5432314822055386	3.632100468302359	-1.3150448943027389	0.1916868524038584	-1.4366246046384892	-0.02399174205498932	-0.23699292205127914	-1.1321773913084994	2.656991729326827	0.7831510652360651	-0.3734496459211609	1.083907317280803	-0.1619059432341092	1.348449823772267	-1.290296732739929	-0.6510497680078606	1.6929636619769253	-0.3748110074711912	0.036179242722683434	0.7606989536070692	0.4856178723072933	0.4421038701002857	0.15162727748692817	-0.5986608303945905	0.18790529564024616	-0.17093235246890132	0.16267268193267123	-0.12774512042463687	0.12478520782300512	0.29857395013230825	0.25924353701369235	0.1146526711825878	1.2662441069315404	0.45110209063199913	-0.15587179038230178	-0.06254783833043293	0.21688903489732084	-0.740143537106161	0.6201296349097601	-0.07723457038513615	0.6299385658549012	-1.0011724397148716	0.7417985234910833	0.9498463053944116	0.5369235250968105	0.05865076657716708	-0.14696654964701117
DTXSID7046041	-5.455669925407591	1.182824244913494	-0.2739844798636595	1.0027045535011043	-0.8945395757268071	0.6923647131669112	0.68529184786961	-1.8030681667847455	1.6296611951453286	-0.11291713196381774	1.8247829757577398	0.338270442924936	1.5387732265829293	0.606140903580487	0.5973003517683405	-0.9292365586122118	-0.6362616249515425	0.5026060186556668	0.7137356395636171	0.2400860262851391	-0.7935775661983713	0.7761515248329633	-0.5217826895592738	-0.04568397187572725	0.5488517296994228	-0.14230251743602215	0.21883841493153552	-0.21586847922134106	-0.14996524570167327	-0.8393259064250762	0.07679923619331748	-0.12953526896436585	0.34846084209274525	0.08365032873611952	-0.4195483992599888	0.21345350708005917	0.13590895956765164	0.48970084669691294	-0.06927947867935698	-0.11319466575051755	0.2629967090427101	-0.03256402747705097	-0.4374093705056339	0.057099089576487586	0.39730321825103	0.0635257069035565	-0.230564001248683	-0.5130502953552992	0.3905446708653697	0.0851515098162231	-0.0736237041548145	0.6212257605526313	-0.43857320335449623	0.16760230255865746	-0.24241934771669862	-0.12011853091054989	-0.39177775939296955	-0.11475926690218631	-0.620438772245731	0.40527482618148786	0.5876831360911042	0.11131272222229982	-0.08226840875363772	-0.4632312076872426	-0.129360731015307	-0.5063186514744392	-0.32743765855229845	-0.3349541741800138	0.3165238623251424	0.3117698303511957	-0.48723773529012476	0.39536446927579433	0.240789008353732	-0.3632871818672799	-0.32871255132030763	0.09685798678589425	0.09445079757099413	0.02154413314688642	-0.6635253916474109	-0.29217209795172205	0.49305794634624933	-0.6029703989136502	-0.008526691434270692	0.29300870886721325	-0.13878432595383475	0.34558628507235006	0.5052594977321727	-0.21890223222810432	-0.15560828240935035	0.3149098080691091	0.6355828732567304	0.14060954694214045	-0.5150527589983985	0.14769776353785066	-0.049925407417564155	-0.25205203020001077	0.23643979666651668	-0.037292471696695174	-0.027393055518474152	-0.21893604205438907
DTXSID7046702	15.284980605202152	-6.522328484437585	-7.1081762881005375	4.344922424366297	-2.3465373518182235	2.1025667410973536	4.108286556536416	3.99128145077367	-0.2000543856680637	-5.586028445894568	-2.7596286377203065	-6.17450334991174	-0.40970232337029083	3.4112537766739934	-2.3076264999887073	-2.983411545675785	-4.033086957862876	1.3001218339600873	0.030602536917083638	-3.898952115225039	1.1215076586405126	2.524603207159555	-0.09235430750344235	-3.872652174057011	7.561567630688772	0.9486233115088566	-3.5330976732417665	-2.402129536192854	2.7467318598492323	-2.3497211197196473	3.049159026859059	0.43024228129739767	-2.7364257688877234	0.19385198349840557	-4.00936092328318	1.3875986179183226	1.148119065912563	-3.875498477285584	3.0933137172789933	0.5765025221046908	-2.0707479166799483	2.649982035039008	3.422993007189054	0.9590286741749021	-2.882356481282903	-1.6837532602706105	2.52485727677807	2.381216604594283	0.6379149010660614	1.3194337154336193	-2.7449803272337716	-1.9675896454972368	4.032536501953884	0.8204292513919601	1.2061842269121934	1.0965152053731781	1.5955498858974342	-0.4077589091914807	-0.3323577669549287	3.3149483649347578	-3.004286521676078	-2.6249588802852126	-2.981889032673383	-1.2620019924534618	0.3769801614105053	0.09315230995933112	-0.8301051778524516	-0.08575601186140398	-3.201514101712718	-4.909960708626967	2.282530938349627	2.2939408082216732	3.204477426759295	-2.885748198186241	0.9446089714472201	1.694851523313885	-2.136595518110272	-0.5670641868643966	-0.27121052126269957	-1.7171602126659915	-1.2482258740949823	0.2748414323287586	-0.9747167419566244	-1.8940390251337726	-0.2482075819142112	2.0364260007217156	1.9595248229205662	1.7783134350493501	0.20056184070726812	0.2685089905203529	1.5673063492305719	0.6724082286447582	0.022329863051714596	2.4018660105055947	-0.34508993870890814	0.4459378994418116	-0.020795809936794096	1.763089810245147	1.5558427243089896	-1.597075398457909
DTXSID9045922	10.6743654755943	-4.225171932696716	-0.8345356302684136	1.4366129523136508	1.8067417042264609	2.8408486969087687	0.027846487761149213	-1.2529212264311647	1.0419496786919906	-3.615237036676212	0.3765250956486682	-3.0722221577550353	1.28114264802474	4.407141903033694	-0.5940206394216518	-1.1673301100296185	-1.5465329458444599	1.3548637337016607	0.6744092427762247	-0.25801812003324104	0.11216044146822667	-1.0298145058418917	0.06336636963376528	-0.8156559847085268	-0.20216438911983486	-0.09916633822461426	-0.6368996397724254	0.17273003808698428	0.2815520454677203	-1.5618889249724215	1.0435607866708119	-1.2883994395881244	-0.8853784168570036	-0.0796213679620262	-1.4386054086014186	0.3252106091292757	1.2087076147888298	2.0483944284524913	-1.4263838386842609	0.4149053798416043	-0.041793764147237816	0.945512405893624	-0.691865684673325	-0.3435123937342501	-0.2784781113857642	0.6734212303460511	0.9255552549342613	-1.6004831540652003	0.6241318556361352	1.123129764107838	-1.7144513005527624	-0.042185370956619	-0.5711756387138692	0.12122520254561442	-0.7268292067676945	2.344199846926406	-1.5947465024926464	0.3520789060450412	1.296487300361722	-0.009742527527828665	0.42380508549229423	-0.6384255659704055	0.729778899053314	-0.8747207309590036	-0.2928498962599687	-0.3832333864829946	-0.31482762129911307	-0.4819016655327372	0.46908489083464605	0.11399618204366392	0.8386130057829838	1.1700277888027732	-2.2489006152235147	0.03187531669205867	-0.7334976750464068	0.06029484665748224	0.6283055771180742	1.4256524400191846	-1.5796387378605004	-0.25434454687335556	0.8020729013076504	-1.2853450701148792	0.3698230064833027	-1.0857497844340163	-0.39453984807955667	0.6797410398366395	-1.3316200199914603	0.02676889327179829	1.103839209705366	-0.5867891309360415	0.6661691281483644	-0.3143389235766706	-1.136369123574445	0.4023004422053736	0.45655202932471395	-1.3604867756742147	0.669466273638839	0.9264058203395266	-0.033866389697465686	-0.45072280217794947
DTXSID2020420	-1.9040217441315566	0.2382203270208461	-1.3331776106974476	-1.1115360104433547	-1.8832745186790272	0.5683702747620499	-0.6069811286062099	-0.5067841576741127	-1.6819606777398441	1.1629621772354257	0.21429156665259286	-1.9177771067069478	-0.9104958135686257	0.7328785343864643	1.286288000366785	-0.1775637781725417	1.6541277782881263	1.2016359718528078	1.1826859418571727	-0.8870275489451199	1.9097503604924537	-1.206152702434942	-0.7985086490112234	-0.8732510504629558	0.2979905680359673	-0.7602289884256616	-0.1606960920335959	-1.157389618765588	0.7871900378980499	0.6357779446941646	1.1434835920842934	-0.25825062941316934	0.9409833394290248	1.0739959502128387	0.5241846982573588	-0.16782484201636752	-0.0895617043481607	0.7081831284172472	-0.2846584995317256	-1.4604577717306009	0.18757747321160947	-0.5870544076984943	-0.06657490438590519	-0.24056368198960798	0.4510065928101397	1.37171462721183	3.0052477914043645	0.023175847862053556	1.272859935493552	-0.7800063538130867	-0.47456180801366976	1.2351929785967826	1.2915129099313392	0.2540372117076423	-0.3468412457184249	-1.5692605013187095	-1.2834964506441768	1.198222539873488	-2.2751592040952633	-1.2427961960646559	-0.8668824399037265	0.6635612477728202	1.052989573094773	-0.15304676579537446	-0.051731227742983346	-0.3748526570377235	0.8010931106034272	-0.18454365599835626	0.6218170626200378	0.08904704620149584	-0.7837598357904334	-0.09579432924797854	-0.40140318681505405	-0.015178860364145634	0.40467549927192803	-0.13595912111916186	-0.2940380305895195	-0.1366490931992782	0.42820154530266574	0.3382852747898198	-0.10465877121213182	-0.12969169631722677	-0.5439865970410162	0.1583194320291348	-0.027048096694572886	-0.33624367116241277	0.27307585383019417	0.11859981698797237	-0.24225707420337428	-0.24416363832290197	0.8151539765140579	0.3264965512788438	0.021778537761239385	0.07004925572847942	-0.5996845958945417	-0.23972370485511268	0.05171898094824842	0.20889003082234692	0.19825414436340283	0.3168213469425582
DTXSID7023011	-0.0998449150486734	-1.3016010978275436	-1.499876612775399	2.0209468195036107	0.9265054733865796	-0.5089096962907735	0.11513628783392721	-0.9341444666725058	-0.36604117076011594	-5.583888972347289	-1.773711499095029	-1.9086142511159232	-2.639206437756677	-0.2788230173535461	-3.540760237696791	-4.689601511718925	-2.721586989829791	2.025482933131304	2.271682017947939	0.019167250657801504	3.1810753755901016	5.520390354581161	4.75999074052015	-0.42316482279524936	1.047069688724026	-1.180553586957855	0.32946656109710154	2.180259222336283	-0.729315598620178	-1.3594912855731223	2.913767586694528	3.5692697663801782	-4.788572353721896	5.116581790434514	2.6965688285631395	1.391727841025746	7.661681976468024	-2.0233773492318656	-0.651440334077857	0.21056128869824992	-1.4005161017795207	-1.1945225808034252	-0.21823042955915523	2.9529393819472656	-1.4087228794104336	-0.4342068537287761	-2.423160739789251	1.450188466802253	-0.2836061579892569	-2.257690654405548	3.0637449176190006	-0.5891033245580038	-2.9442072589260726	3.524012650181366	3.016820551427444	-2.1601521031786	1.2199441387386778	-0.15006640048717293	-2.410732133561986	-1.3085167378475422	2.7639944256381046	4.096500454643644	2.1111461652059633	0.1691086855762886	2.520326264429346	1.9258340439353947	0.4048232966877888	-2.2229103001794472	1.4841740741262577	0.48679219246823424	-3.1099521761118836	-2.2625838995206133	-5.262137282827323	5.063089665451029	-2.5956680746831458	-2.6858965843942406	1.2653102608366518	2.9479142882700398	1.1988282565180417	-0.45243018820724723	-0.31707114800433767	-0.32600196654782576	0.25682040276380713	2.564423191155199	-4.3362587373387615	-3.090764810886562	-0.33569325479215173	-3.20497119726596	0.5239206483624861	-1.4187395526576307	0.4287760835985375	-1.0302480101992622	-0.07346046259334808	-0.42497471556749095	-0.2534301807013623	-0.34847640368530464	-0.6322039159609046	-1.3704389472202503	-0.18950717350185267	0.017845074371980334
DTXSID7046122	11.681749545948	-0.8536468665678367	-0.5984198297315003	5.130117905196792	2.408549252296902	-2.818503213533857	-4.082697172372326	-1.0726818138084573	0.5899146945933942	-4.747520329558906	-4.018793352126609	1.9416286807215832	-0.20332770115580143	2.761096100102777	0.6779187286534422	-0.2909795432095757	0.9108759109194714	-2.1998599011008344	1.8870649728194546	-0.8803896679524721	-0.6393991582861545	2.275813007531015	-0.2031983833698049	1.7231319110635421	-1.6208810113488408	1.909147753053802	-2.308918242277937	-0.012869661928726064	-1.500037106058481	1.1846066317528159	1.6179587092528114	-1.2429403350848862	0.17063218524855478	-0.862979402378732	0.16036539750638246	1.115124000539346	0.44800401165306225	1.122029565616811	-0.03098927665703585	-0.36647538411184316	0.649481532962061	0.42185742768918477	-1.0139141048520595	-0.19609433405542698	0.1480544201297418	0.8907861760818419	-1.7826238064008928	0.13268801255078408	1.8453267249788416	0.3587191997607029	-2.72704018160997	-1.6763036033351293	-0.5618251147853567	-1.453912058658639	-0.7214897510740399	-1.2057748845551233	-2.0903212311403103	0.979684162379074	0.21814634382709444	2.1078090788509605	0.1948000165314127	-1.225376152408621	1.1888210961659653	-1.213215926949116	1.135909192386112	1.7256179922090167	0.4159447956755612	-0.5799873551660886	1.2436982411743442	0.7957539321380561	-1.3891314184425754	-1.1385233270269597	1.0539148411330135	-0.5479721197571109	-1.9871173772265505	0.6194139065312148	1.7628934221186248	-0.9693592983904723	-1.3472830373909481	-0.9969393449829402	-0.3812473066588017	-1.5363586699054896	-0.01755438461543601	-0.4652503246559015	0.17765921937319712	-1.4501532255791527	-0.4205856705767407	-0.6504721250503759	0.08932545111558135	0.3309838216973134	1.6158325697990106	1.5109520260903173	0.7154204018885446	0.38809261715799775	0.37006671307215677	0.44216463186875965	-0.2810251262801437	-0.07766259518538082	1.0963596202890318	0.6832672827779348
DTXSID4029224	-8.037932960760386	0.9766786914750948	-4.225164409458274	4.018357355033127	-1.9508496951185337	-1.2481392120314296	0.28063932579586426	1.8799763027850847	-0.15013772780387016	-1.0351022950456146	-0.5485840699797927	0.5068589835234418	0.17637927204224504	1.506978749591014	1.6569172680090576	1.722431485600562	-5.367748671069363	-0.8422932971094537	-1.3572789744559912	-0.6288930018948556	1.0326929757088819	1.1682531308080208	0.5774204510237959	-2.1215333674952843	1.8039099331071327	1.1566603074717665	-0.061571708863192465	-1.6021273957473685	0.3050269921243333	1.191062863636817	-1.8912557874355587	-0.9465334573646855	-0.023590776295114874	-1.6094117787074285	1.0709160918986471	-0.7906266064653364	1.1257019577891234	-0.24002474749347946	1.078628345246253	-0.2888919064367339	0.34424056419186916	-0.913041756804072	-0.3231143290237589	-0.14883805294196648	0.7485726513640812	-2.799841460936099	-2.4915522774876164	0.38563247474313267	0.10330412091008911	-1.0646496482630425	-2.1687715545956823	2.992741822007367	-0.14051635676752253	1.6121162156783884	-0.19371564504819147	-1.5757948938221102	-2.2917518607769565	1.0159648500117024	0.5785596061355954	-3.7673714651875634	3.4269398182741124	-0.9849049732398446	1.0829978695828175	1.4966933360199923	-0.7114358111018797	-1.1530878467689039	-1.6164370506249	0.5455535659333323	1.2899234888744073	3.126300167481456	0.02408247958033898	-0.6077052810899908	0.5361979709828983	-1.009985522540187	0.8911880628730556	1.625477654730133	-0.0964579728889921	-0.23759379000075417	-1.972784505345356	1.1591781976411932	-1.432419986960688	-1.1709847893449306	0.5594704618891435	-0.1835033406392725	-0.7858739136181333	-0.8531927354264044	0.17512046395801134	-0.21722815054426486	1.9953406726007767	-1.192420638576406	-1.4613130734705677	-0.6474466990206789	-0.44823816574749864	0.3648674898226961	0.6948733961099439	-0.05244980569879515	-0.3626679186666074	0.88240466608813	-1.0253100594489362	0.5558290511041818
DTXSID9040134	8.587722392499922	1.7545624241019195	-0.32074072431733486	-2.123826181559193	-2.4546603235563427	0.9676769948151926	6.41912283260129	2.360971109760488	-0.5743517913133248	0.2605245136781943	0.3802022027361013	-1.1008910716978264	0.37131275087942345	-0.029313274409259286	-1.559756863599831	1.1967551141104962	-1.255187078235176	-2.6280121322014742	0.9611615646780229	1.2871265375630228	-3.276071447334768	2.0259513503127646	2.3083130382689436	-0.8335827944382075	0.9422777473444832	1.2507697339621964	-0.2861673764624796	0.1806610909846927	-2.133154905999204	-2.4169222830870214	-1.0242082568118323	0.6838294028458564	-0.39207736677208016	-0.8013722947986263	-1.377796573308101	-0.543249586151448	1.043349728245528	1.0146885372213452	-1.4641078687594304	-1.04886289223504	0.02148859493874781	0.3273503747031512	-0.16456847059712018	0.4665165437923305	0.2620804607153492	1.431963126398259	-0.032190728927310765	-0.37137932731085377	0.45679997558186713	1.161398683328871	-2.1400157039964927	-0.4845622418016852	0.01566854208918898	-0.39352270363911557	1.0094802201763595	-0.6666154791761342	-2.089794638542348	-1.8571915293540697	0.8465251706335929	1.7536773619058434	1.0216649153974557	0.04395316289817066	0.7218521151941238	2.259472704391405	0.6795141705405802	-0.8744759573976985	-0.46418061904260316	-1.174516918159923	-1.1561399576058278	-1.8211455556482607	1.812725491755916	-1.0771873417369782	-0.5393527989545539	0.667900699686555	-1.0943259512658228	-0.8724242011378348	-0.745748124036688	-0.10544310337821826	1.7688205449411905	0.4018035391622383	0.31873268366620333	1.3264103559288993	0.724154171973205	-1.4994518401861363	1.0844532791563186	0.7110362105561139	-0.009442108914854551	-0.11206578202000393	1.2752474197293633	-0.8099892723108	-0.09050519203245366	-0.05610840919345387	0.48935709323872656	1.4403102090783506	-0.8511875761491696	-1.1643045326868084	1.3666420450089516	-0.7628470744247086	-2.724823170272015	-1.5215402356101058
DTXSID3047130	-3.594099505843874	0.6877197036899695	0.10930229602423322	-0.47533415351705977	-0.09085313244510472	0.7463151706660097	0.5616908614239674	-2.304290629613618	1.4902226422980878	-0.5579347268280034	1.7908547209190289	0.449526697302575	1.8512790883878185	0.8275446293500273	0.00561437926352295	-0.6349327774581524	-0.5537186981710925	1.1375807082802478	0.3922773161044366	0.703661082777181	-0.8578067222336229	1.3216077964272854	-0.6382382787160786	0.21389694900401768	0.5158501071415037	-0.09873978742593142	-0.36240047249750124	0.24395864311489393	-0.0823306794633527	0.5495254361424983	-0.23240828887167073	0.19723876282406547	0.14954208288664875	0.35855498738793795	-0.09126841974503767	-0.2204705410171626	0.365972247059715	0.5821079339113003	0.053871318895526855	-0.33482824978433534	0.3030545736294209	-0.34705231296807837	-0.44116373372274326	-0.4626007727958089	0.19344517101397513	-0.23759559326268545	0.02000200462442625	-0.14363330134225788	-0.02415135691789698	0.3129910600785254	0.05511575330766845	-0.37597898172168914	-0.3860118002917689	-0.27396450516742227	0.11214790925806811	-0.2005021322495641	-0.6835161177160869	0.2201883655410435	-0.8929709642106171	0.19150304174344934	0.7198007270375106	-0.18157295655283412	0.1775711615362975	0.07452935614401059	-0.9606468049216961	0.05751813276511758	-0.25112679052353276	-0.4572011061136146	-0.14677590275230448	0.1686635038854584	-0.24044191053825079	0.5147443167235304	0.4757304770794377	0.32634728460604434	-0.4317408952433477	-0.030553360979253125	-0.08391929908616348	0.3313484153278936	-0.3130984957575268	-0.20337193455389638	-0.12072040982241465	0.026391036460568267	0.12989514677865957	-0.2542994672417485	-0.0059111448150739355	-0.12728164115271384	-0.29686061823200094	0.3770287995715531	0.10588568837336772	-0.08960663906860236	0.1420170959440746	0.088172178313162	-0.4374957743520542	-0.10008472999933386	-0.14957891831955944	-0.0659095968961362	0.16885620088441627	0.3772771120966589	0.29709100598761906	0.08805219859240274
DTXSID3025041	-6.656700815839922	1.7958542932815469	-3.6713659227740094	1.623343889762807	0.6478055634990576	0.6171591803287713	0.6813079981734731	-1.2183900226930564	0.6781655625244015	-0.2895083143074425	1.595798079254304	1.4524282478990522	0.8689747360121277	0.36831387369582946	-0.4422720021904031	-0.6353986882474464	-0.11229890190951872	-0.4585341482715675	0.21722601018145937	0.7786399935972017	-0.4034871427218491	0.26193868242334434	0.9518101676312036	-0.4244188026020411	-0.18580983153254188	0.3504317611284984	0.19004461853511517	0.012594930086961564	-0.02097355791221849	-0.2867209933476245	0.74260144258799	0.03308281846036831	-0.03660221470256923	1.12969086994193	0.148729537464361	-0.21541915898056332	0.4979084441949305	0.2395389910674397	-0.11606303250640919	-0.6361146306582178	0.2498573760051487	0.14051710588307795	0.06965980173747388	-0.7155588584908241	0.7967945344066433	-0.0819831419962822	-0.5656525295483482	0.40475321854059354	0.06345177777884856	-0.4612412612216584	-0.35769273592896167	-0.03379220876086759	-0.22453600683491967	-1.1954131058049888	-0.5658079485782211	0.20591367333302363	0.03628451348121008	0.057031241219872096	-0.33129081616616285	0.24468097228052094	-0.1595463596922196	0.06472962688728051	-0.37620525178981284	0.06880014176472661	0.07441943644777264	-0.08734374199031505	-0.009970322475600027	-0.16402334600477136	0.06383721456934932	0.5618190001536619	-0.7794233370881584	0.06274896350544608	0.14055434512520487	-0.21754095995788475	0.30999840414288765	0.06730217731708786	-0.3765066888532421	0.09918973455856332	0.07919509338328201	-0.31035309050828425	-0.7329025459589069	0.48594003863714597	0.19167826167168114	-0.14821979732238344	-0.21646032759471784	-0.27898529852537146	-0.20277586300098357	0.0667107831130707	-0.47338977335716764	-0.08170670175116934	-0.7613545222093424	0.07817005516787505	-0.9652614634840869	-0.6730952213584204	0.2894186802611489	0.4452861332344918	-0.266899755375846	-0.38095900411809774	-0.15881513032207029	0.12440758583847261
DTXSID4049036	0.3682700649190703	-1.3014672782531085	0.22982021752112844	-4.758764675068629	-0.12731571308106324	-0.9734787330836149	1.4201393273636171	1.8984515407559064	-0.5372089246514696	-0.032381382061327714	-1.5266195473583288	-1.0269647220607274	1.6686669753263188	1.0204959401820042	0.04116301848225588	-0.3316275921776664	1.0983327436469963	-0.29313598529723833	-0.2012147201938502	-1.0085703305486184	0.4102872229932262	-0.393132015845497	-2.883545094075248	0.2991496959906629	2.307726763202367	1.82951307793581	1.83875057559751	-0.5225980117130019	-0.33394990207677205	-0.5106425418583819	-0.3937255376370012	1.1981149428063624	-0.21408664001611655	-0.42571409742017624	0.29067718256381564	-0.6142611203575055	-0.4171686789725925	0.8129270741101221	-0.6982389809454569	0.47207067573158207	1.0278748680262928	-0.06291368441983886	-2.3526725819740624	2.370098406099343	-0.18136568670297906	1.759470529041541	-0.5986007628950692	2.322117927222392	0.10799722365324123	1.7030964302543592	1.6609033062858543	-0.5494931535588268	-1.2966831736487956	-1.4568805119243617	-0.9307331839255358	1.8096689957872265	0.43526831039167396	1.137061677084178	-0.04631936243116271	0.38273935148552257	-0.8950112186267158	1.2080097869873756	-0.1067136831856717	0.8052651110011764	0.8102807420394985	-0.014636066860251755	-0.4380909764150697	-0.8251987429947312	0.502572845542545	-0.5517442916903372	-0.7757872475673846	0.6151676270643835	0.11929188634178761	0.3537203452149816	0.5320483839881875	-0.021391812531450064	-0.4285078700270689	0.7290302477293771	-0.3538259151258907	0.4335718796541868	-0.26526734492692655	-0.6681511428793233	0.6610401548361593	-0.7102396725622228	-0.8142835597041467	-0.14427776432811337	-0.17288925503619587	0.7751575846191602	-0.10860691038131497	-1.0201734710215793	-0.04349727947818336	-0.07829111238093392	0.3188247862178433	0.8971808849425899	-0.8067066705684133	-0.5946808632433699	0.2092338723460106	-0.38868794490349373	-0.051375305846116534	0.10498627360947405
DTXSID3021801	-3.5395367907796325	1.4541736657135123	-0.2133387993291102	0.9210494835776576	0.6251533586058301	0.7246039253254263	1.3793525532651814	1.2522174102847115	0.7894547276134409	-0.41660941122685935	-1.1350459000619515	1.2273279678262294	2.531374987318817	0.2346103851553057	-0.051183575576915545	-1.6075164728745301	0.000621161188232053	-0.5637344726984412	0.31583190010865897	-2.163954401525508	-0.16959610063538463	0.36809090413150286	0.43249769317003434	1.4531749376898948	-1.3433937089801686	0.5754045828362772	0.986983048420154	-1.4088062359353544	-0.4966370035658692	0.9279188183477829	0.5179675289263056	-0.5054776363846323	0.5534599510062891	0.4340472647921199	-0.17463707133052814	-1.7442771908410366	-0.4495922069398565	0.2874753835875512	0.6173357810859733	-0.68968322377203	1.1115014713860858	-0.9879298446092513	-0.8345575455916452	0.363331743036111	2.0420710880075585	1.301726422220462	-0.4902942391667335	0.34888385798312227	0.1437651488610146	-0.8270032704030441	0.622240764197032	-1.1327491764254138	-0.3082252067007014	2.0351170266897767	-1.3671949101161087	-0.26924227611738577	-1.2213917405319	0.0744069528182143	0.7498338971762365	-0.17369276941683612	-0.3831375697311889	0.5079196392791852	-0.1387796554118166	-1.3506055569665967	1.6934231460859301	0.6513837521790283	-0.9442081738236331	0.3227924549667043	-0.9687597558763683	0.4359415156173927	-0.007540368320289332	0.3536804706914408	0.33854599713074945	0.7260459386005854	-1.3960856317376378	0.3103855860546165	0.786870293964557	-1.1706135286772876	0.9899400844541341	0.23499034356528942	-0.0802304422482695	0.6366049338377713	0.19342609365609184	0.2452865842657113	-0.5262313439194508	0.6875170711779288	-0.3403564189220577	-0.005106599858680059	0.12701423673051654	0.7199707130019111	0.8826709626290503	0.43494372784238433	0.36271037342667395	-0.020930349808998508	0.018107354520973246	0.48747215840121805	-0.6863350223634749	-0.5052913432008885	-0.6293018764168326	0.46768445588629315
DTXSID8046583	4.624612296590424	4.5735429446360625	-5.488219990094367	-6.400559031846807	3.400862769124092	-4.864120638818901	-5.998935785174955	2.0118455166090947	-2.4403004801133896	8.534144837143245	-0.3384663674809251	-5.011194083158363	-0.5020541807415231	-1.1472203182686112	-5.114768281282899	-13.004765965503058	-0.9407774697812176	-9.88042535485553	-3.2935633426486963	-3.754682333362086	0.08260566971500194	-3.0934085676400667	2.582207719777633	2.9965291880711944	-1.32613912580976	-8.022856292427148	-5.1664954338225035	5.4452905723529845	0.7139045278202059	-3.3655174880215357	-10.660320625259807	0.1165807104882091	-5.856613424244598	-4.752413308206697	8.701190584326639	1.8994756794068401	-1.307164686835355	-2.103131690990856	-3.857154507718252	-0.016804199993545477	2.86639378172949	5.36805920786027	0.8138858104032718	2.7430716063512737	-1.9761043731663839	-0.6285387985795068	0.8898663110446241	0.8951861976362875	0.18674614835899914	5.8072870682409645	1.5934208013840618	1.0492208753045167	8.000869376921075	-2.02399889443078	-1.62659242914774	-3.917372741232757	4.456951465379108	-2.549543968281765	2.952888157932099	-3.9755681294575926	1.545927325793273	0.1798901144975494	3.461496965495681	3.2078631263051958	-2.818215577726546	4.167786922787465	-5.525488658009328	-6.581414403140817	-0.46147533041416505	1.5759164848415477	10.333545896352202	3.1754158498348746	-3.7175289498169413	-2.7115839111746416	-1.629025263741545	-0.18930306134574648	-2.167887923379414	-2.6074348853855773	1.418458248135907	-7.820583170079044	-1.542241804517286	4.171114437652463	-2.5228766256235042	1.1609875360683142	-1.4918799951100368	-1.6425237527521774	3.1453797118487765	-1.8363313990626904	-1.7329269200848407	2.479268344248398	8.448181509560701	-1.7194091598018977	-1.5501593024828526	4.4917942337876875	3.1656538668261143	0.021818144099764628	2.0720198516436716	-2.0482917063172326	1.6409422225233574	2.3904765501456593
DTXSID4025165	-2.346061809886145	-2.4972857708899547	-0.35261922836857496	4.292226974053667	-2.3109454215381287	1.2630437088128665	0.2081736447997172	-0.8735727458564072	11.63456521851983	4.792255013444178	-9.424387192584481	-6.642449859770812	-2.0905342560781373	-2.390777567672127	2.680284155699293	1.488488265134615	2.602170883640139	1.532659452737702	-3.876046139582687	3.793228890479635	-0.2411377521955738	-0.6337602862401035	1.1860213636721826	-0.530198163089093	-1.5286333568151491	1.7702265816004477	-0.5147211438868826	0.6733117536243329	0.1221717502187138	-0.9998754619998113	0.7266895892425337	-0.012161805568963811	-1.564022614854227	1.03219230426928	0.28895186567617137	0.6430545016738749	0.783667643877808	-0.3877217215182995	0.08292005174729397	-1.6490990951905453	0.5755362949570985	0.45520368417287965	-0.2202619942688065	-1.13625788382989	0.15153684785678181	0.3627032869828106	0.8989121559613957	0.4177149911760327	-0.9077999519665131	1.2282375848452312	-0.11931957196184673	0.7261200191420888	-1.5688232246374725	-0.3572350275799539	-0.16966902765722253	0.48188334429216645	1.043120533826672	0.4004206586163878	0.2931277814737765	-0.5827883319716683	0.3804270476831794	-0.6705298985717707	-0.41309467561281055	0.09415782121662321	-0.058684831096545126	1.1303354259871583	-0.0967921426767848	-0.021188798620516574	0.24311297200798906	-0.985489956780323	-0.08098333411289647	0.1529274809704947	-0.9239550309848155	-0.5273325212003948	-0.44177533904685895	0.6226659018182	-0.19872824470544426	-1.2088030674041121	1.1645619121295532	-0.08685891623387329	-0.19192391430492337	0.7772594096931489	0.278885639183353	-0.6212225049111088	-0.2946143081098999	0.07513138495577966	-0.4265671080060786	-0.04772803485003962	-0.5042437517560707	-0.9172063499467903	-0.5871756493894462	-0.11494435118158762	-0.026023040506239083	-0.30812589869585005	-0.06144252528397467	0.08438354807444276	0.3154777130198925	0.32736433845238755	-0.39324653689700567	0.2717907901911315
DTXSID8021565	-8.215162555091837	2.383234685024715	-3.0648940913940548	-1.0374425152094102	0.08099900944588036	-0.9915903358966669	-1.2433792473915988	-0.8242770919242726	-1.8489939628066634	1.640565503430227	-0.8451967319480835	1.4290990698023929	-0.20231371461648753	1.0722403516985555	-0.4902040544428728	-0.29561177023610835	-0.2277013321748847	-0.24796677593299554	-0.6102870058880242	0.5485270863221433	-0.7003132653822136	-1.6160935013344533	-1.5952908436588291	0.5630970874402036	-0.17533634786212787	0.0068147605605607476	-1.0150009751974278	-1.8935964850804274	-0.5422021269938377	-1.2785578348653361	2.226944211644899	0.9041925235164917	-1.8630465901269115	0.24950570915125247	-0.1509250959560569	0.9697369128593547	1.2530723613274442	0.23148616002187405	0.2634322670072025	-0.09496610200202014	-0.8831149771973783	0.6375113991920999	-0.00709010665057037	-0.5697678292339639	-0.1716293300589919	-0.26163834496044014	0.28947825433856583	0.5456334038763755	-1.151078228408131	-0.6386109605279848	0.8151900390508666	0.5147350670380226	-0.9697864851741133	-0.023738281304937787	-1.1910951899317417	0.7535806985604452	-0.9453043287903786	-0.6112105379727606	-0.32835692117240745	-0.821217775563534	-0.28355933839124087	-0.22919948356308142	-0.42662526343157414	0.7219369353323264	1.2803702358912288	0.00999012132399718	0.37221549578088403	0.14082194151572988	-0.03751721759400886	1.5539161437227713	-0.1722511010795267	-1.0834694292174165	1.3324371318862467	-0.6846440852174233	-0.7904367103774494	0.22704528938279728	0.31385551290693053	0.27383531517358095	-0.19357468021748028	-0.21833838004503603	0.19690297911551274	0.5608016132192823	0.279024907471899	-0.20757675770033815	-0.011380474390736514	-0.23739659529676366	0.19575527050150746	0.3832031882925297	-0.6304522981096838	-0.6182180584306706	0.12753481358450833	0.5219886341926007	-0.06849367049269094	0.3923678157248164	-0.38122892248764345	0.3382561489647634	0.22134063064529907	0.022821116198285397	0.088399917822285	0.08581242835151653
DTXSID1051771	-4.253205568755987	4.9502785905386135	-1.6267219077672113	-1.1027857835172516	-0.15509056059658916	0.35630925637994826	2.663775315536418	-0.3427026182252918	0.17615641834067608	0.31751259780817326	0.3490969165519025	0.6360507336622283	0.021974101324948536	0.687977662168961	0.5826301340535304	0.197778861638929	-1.6188129698088314	-0.8008743207452574	1.4041769639231338	1.124508398202239	-1.523592093825403	0.8379867027473248	0.32034935066807585	-0.04633239593076422	-0.9165350484161188	0.4514398582465887	0.21650890572503365	-1.2681358730682177	-0.6301451134719106	0.8905730958963385	0.9847854551940856	-0.030492088612518505	-0.9205761134967198	-1.0493150566511165	-0.008284635011746349	0.09629224401269044	0.49387105565374034	-0.08427648600794754	0.7276938499174094	0.15835751789159858	-0.6803627601810802	-0.6083523734247565	-0.013748393471092525	0.2839419249165251	0.22900960601582981	-0.6091142603252804	-0.3842075254382161	0.8310351056304165	0.22096116862095389	-0.937908267920162	-0.06249815218113676	0.320151033669123	0.1472703850363251	-0.7386699547614669	-0.14980528627920184	0.09956137148225198	-0.42855335241707193	-0.4444054199904725	0.2682114936243701	-0.13881706309316943	-0.5142763148713282	0.40753537398564915	-0.023634053055109194	0.16613249526405222	1.245577519814073	0.14325514229235348	0.6619094441467669	-0.6354981775023676	-0.04589619528123898	0.11863774059258093	0.5153340625638474	0.0709851159121866	0.3857756842876339	-0.8817124536900375	-0.27069780797784276	-0.7597719887258817	0.20404777393094195	0.9544548697174757	0.684579554467803	0.47252395153333515	0.6941972744009798	0.1115917243922675	-0.2696978481057918	-0.8959270328265492	0.24458625572170106	-0.253703091433638	0.6976428018722698	0.26763643352234534	-0.2692709334386184	-0.28038541517843013	0.4503393642404819	-0.08726420482512054	0.10337210302722154	0.03523789106611308	-0.08859022019551852	0.6776832573092985	0.23202957614651484	-0.15412834322335386	-0.04610110823805086	-0.16668949447727135
DTXSID6023365	20.442891868506408	-9.13594032515781	-5.329077927614992	-0.943370160141728	-1.0844902890219834	-3.775290072260529	6.457164523854878	0.8515543255917778	3.266732114805973	-4.173393426816745	-1.6745128475611866	0.21140557383007175	3.3700919414401764	2.0001096666835285	-5.153178361088602	2.775856176907023	1.5584431170375497	0.9667686968425299	-1.9006569522744017	4.5577957876495665	-0.15463321447203776	2.4497417007490307	-4.429473697556572	-7.126738882666303	12.243080707380718	4.857063576991994	4.027128278064533	-1.010441086443307	-1.2943716137578196	-5.039498952258885	-5.261458218785854	2.0507673672790365	0.9257546574911497	-3.001740770220187	-0.9661734578133085	-2.160922970589311	-1.4010960555229337	1.1416643253134873	-0.7452875366636751	1.095148452912482	3.4481021123488302	0.2679699579288626	-7.944243090286647	8.193614914798713	-2.4333848932167523	5.118159372714627	-5.780258288313959	10.367775116347213	5.066541531723444	6.496220638477393	4.517619371003066	5.2341529650811385	-7.149354953065285	-7.236544170769339	-3.838769982712771	5.076610418451672	0.8076932316159684	6.372639260965597	-5.0122892840583	4.713714415360708	-3.2283674340860697	3.7910604410066018	-2.0348048913376315	0.6983651362811785	-0.2324539561189593	-1.3670658812672372	-0.7571143245820304	-1.4854453522661872	1.2299762582477094	2.2233661634663844	0.7612320396386024	7.01788646422252	1.2111610974454912	0.25708744993738003	-1.1015397157345952	-5.235995782174552	-5.442774670266525	1.2356488530250873	3.131374622859373	-0.6226142346778047	-1.5092395123342583	-0.5907334922129189	-0.21693957697774793	-1.5724224710077916	-2.5067128989926943	1.5805410705673417	0.07802012134328283	0.7209657262601282	0.16443512866063714	-1.3383801936166118	-0.05488678277560289	0.879545535321102	-2.1313757018204478	1.3719053440578546	-0.5322909373493407	-0.8750737436973215	1.0806328859755654	-1.665811969126715	-1.1083899994126298	0.08667884441797968
DTXSID5022724	5.920867658494208	-0.7334262133800223	1.952653845756033	-0.6237000477722893	-0.5982319186108483	1.1298875400624258	4.3657583017226775	2.731523233059334	1.3183493654996847	2.116899315018701	4.701896426576686	0.3162232345657603	-1.2252427162676869	0.05370394776185836	0.1002747838386591	-0.22578866649241125	1.0656249293714	-4.269031135780084	2.417439016840644	0.28566616289262475	-0.7171482611630783	-0.21018538596843994	2.862221159508021	-3.3038076312388784	1.9500280994799803	2.0553027314526475	1.1838708290541105	-0.9047380004992079	-2.070977691718259	0.8159970139837499	0.062317725848058496	-0.28238665669647595	-0.35336036082044264	-0.31654072532439165	0.5240811808448884	0.8950519069927332	-0.898210699299293	0.29406273279270617	0.4123756610270332	0.005909907888804967	0.10185991881801733	1.6095847441946167	0.27956279214252083	0.48310625575291716	-0.13499523626265475	0.6073078864930305	-0.3167100425082611	-0.5104752562898389	0.04475200743509079	-2.8214436221364996	0.23446933217151783	0.5022715046661216	-1.1713495005802315	0.0003470353497830276	2.145014433228882	0.3003022139443632	1.4799772394314243	-0.6489433994850443	2.806921485282521	-0.5505844920379811	0.1623799781429923	2.1956759702531956	-1.9878423476979006	2.0077970420149622	0.7556062941952841	0.5541437675025755	1.6746798347186518	-0.9477046078250849	1.174814927784137	-1.7379346855458513	1.2944143590084543	-1.8316097706023413	0.376883990602781	-0.5622020103517322	-1.5045321328391323	-0.1582867433755242	1.0765386389574827	-0.8781229957639893	0.08485652271325739	-1.9431451033112035	0.6745392252747789	0.5915802406493684	0.7495576262820827	-1.7585264479160287	1.344442913587586	1.6993172478002645	0.6889535860134387	0.30468928492985914	1.4578010306281692	-1.45174101598694	0.4007285947984014	-0.999055286407262	0.6867219445691295	1.8895607478913303	-0.8014043174466605	-1.1144286821544223	1.0411225460255622	0.6806731976629635	-2.037815522117175	-0.7942182015456568
DTXSID5040706	0.2136577837803475	-2.2176667378560744	6.330654923713379	-0.8057127861429806	-0.46270323866163854	0.21810811678504943	0.24624711673342728	-0.08130986917712976	1.01452705049591	-0.8055155633439295	-0.2262843215125116	0.664296831001662	0.48675369884084474	-1.5073695614687153	1.0906315926225234	-0.9248930368826558	-1.0384315394719392	-0.5158993015202519	-1.1652084229931001	-0.013628714656444935	0.4316811825331497	0.5825842511422287	-0.9856126217756032	1.6008175384039225	-0.540351537200535	0.4445224030277313	-0.5322158254525584	2.075761514689167	2.559064477746384	-2.2221035353503793	2.6090706568366437	0.26211277988800064	1.348379395730202	-2.239135645144244	-0.37224408916169277	-0.9901729111258664	-0.5573224768776553	2.7929521736095166	0.016883373608248216	0.8356668632220045	-0.4194052257024291	-0.05682918752943284	-1.2232446677107245	-0.8123676203946196	-0.20287266507069796	-0.06706229763896356	-0.18713987934344023	0.48419687664049055	0.506607368821389	-0.7405730730149391	1.1738383808144717	0.07719244352028086	-0.22352972168792432	1.28179831265177	-0.11067676175679302	-0.7306295950411722	-0.43930544297289215	-1.0685231913205184	0.668526648829933	-0.18341255416854893	0.019996780491404225	-0.7726727386411909	0.23725209623811835	-0.39299010104779153	-0.5807860149321975	0.7048374761046745	-0.03697155654736735	-0.22369828238969086	0.0730527181919743	-0.7418115709742324	0.6102312335653893	-0.5910640580048516	-0.35595068249494966	-0.3214233867986252	0.622102795578274	0.1407799786094228	-0.617289510066689	0.6759308547769273	6.875528474487864e-05	-0.15477178393158642	0.1325643125648307	-0.0635738915548244	-0.09869273109379129	0.4121731782818829	-0.3009721195874079	-0.29275227676815707	0.4700583959360361	0.5614264060718137	-0.380473892263302	-0.19496275428208898	0.01121192782971614	-0.2645309920834361	-0.14583609768835948	-0.2346348478971886	0.4689211462546091	-0.3553768804086463	-0.17291364700421386	-0.08827474402884042	-0.09685670259701078	-0.36144109645260664
DTXSID2021319	-8.735277366982947	0.015840328687479154	-2.54875451347063	-1.7232917038609574	0.09325896371865607	-1.5531531952547188	-2.4190166621589047	-1.3347853612793663	-3.213602453743848	3.3100913402739365	-1.4818195993320773	0.31895400601518703	0.3765559163472591	1.3085946087124127	-0.8761219367951235	0.4736240950873458	0.3570010966234462	0.7448342866952811	-0.3640335001792578	0.811938438750525	0.06567289412231088	-0.519896644102358	-0.31090248886239624	-0.4387717115256456	-0.5854292132288056	-0.13979430289893463	-0.18199048440677867	-0.862009641478507	-0.011339879654978674	-1.0126471338913383	1.1094484029634646	0.6777656001310812	-0.6145809713960875	0.23493825212951497	0.2590652739728008	0.29460691843601605	-0.3027746400115522	-0.16513536956022817	-0.07823486210786561	0.3105390125006673	0.4213519116335077	0.989605500051503	0.20437422846084285	-0.6086655506682521	0.3745783133815724	-0.40709674751961616	-0.6215040275382917	0.08271787616095543	0.16994528159907285	-0.6077235323319762	0.19848712000057483	-0.037253849923093975	-0.30592554059036153	0.6939014348736068	0.8682526242394031	-0.7759719017412704	0.38495772580095633	-0.03319014465226423	-1.44345386965384	0.06812272574905934	0.48206526593074295	-1.2521421347463755	-0.6627014079175088	-0.6439886748316267	1.3268025586105665	-0.7631152941557201	0.08576134045156333	0.6624570146310712	1.0646017232229767	-0.2614068225409616	0.20965056042487915	0.046967448127534075	0.20220833021802806	-0.23742754892644352	-0.9787297816305855	0.142189261739425	-0.40196804367285627	-0.36773209904348764	0.3904485698945337	-0.46214106215297185	-0.8508773041817741	0.04051581994538856	0.08600063610748263	0.09061438294605303	-0.18836557344302804	-0.14364455458162334	-0.27709419830982224	0.6193785411052009	0.10973287288644322	0.4426880628978376	-0.7547587091440793	-0.46993600837581384	0.45327837038426716	-0.45193936175453836	0.22663708268543767	-0.5460112661633992	1.3039359186884099	0.39841178300825075	0.9982201584288456	0.12205004773391964
DTXSID9020582	-1.9043129124511704	1.5079011836120813	0.8716448488917286	-0.5830295969108498	-0.09646432428866097	1.3304490542700431	1.5477779757166537	1.3617479501363845	0.18673506664575876	-0.00749242908412869	0.6917979256858134	0.5816674965173304	-0.07526518406387574	-0.35930435350772827	0.5517658287417913	-1.237114861065934	-0.5303778913980044	-0.1625344221185076	1.2107896973906251	0.12138057310641333	-0.5457469214182901	-0.25290017004041543	0.23892756681533267	-0.4392802322534495	-0.5597122823318381	1.2636690379803035	1.1990302883558734	-0.12058002498134533	-0.07785121105554911	1.2924960342881615	0.12615178241087527	-0.5493772161874099	-0.21135278730325	-0.839357877703292	0.05126620856242622	-0.27259634791541704	0.2925687382525737	-0.48116914444104936	0.41525188217136855	-0.5968552660576633	0.32066011993844734	-0.4472265923725605	-0.0010547689779344881	0.28627695747595283	0.5653249520268107	-0.2052571547147573	0.5445531422239471	-0.6139889962788786	0.18165193188830442	-0.39449732669514287	-0.3978165678918552	-0.6733377830798544	-0.444347252597646	-0.6831766308324901	0.4981630851177933	0.04460565088112718	-0.9370702967875748	-1.4296152756636034	0.07065197813520759	0.655182066682817	-0.6117138189882692	0.9466949872656604	0.19883599020429002	-0.3518965062881542	1.0545667366656728	0.2294818942609507	0.664746718662973	-1.1072547586668924	0.40763505447775067	0.26284749189233536	0.5341304037887776	0.30840281846075523	0.22011921422648656	-0.4089089359073249	0.45743571044817943	-0.6643243602783379	0.1765185362342387	-0.16633982982205983	0.21903218530192742	-0.49173457228514034	0.3857952782978973	0.34841894844792926	0.5276186756677167	0.25234943970524565	-0.07688936757708784	0.20761130231851765	-0.25937450653746535	0.16549243710485204	0.22253872507774147	-0.11581455960344349	-0.11708446116356835	-0.8169978550597667	0.5464053489321432	0.7949771220368778	-0.5419313055327125	-0.12506608047513953	0.14138826104230795	-0.4405166975070348	-0.9767892191995162	-0.24278046987173715
DTXSID4031356	-0.15631359726175018	2.240823507431171	-3.862693694405771	7.944063367176017	-0.1285493123307194	-3.162592624500711	-0.3665684905834994	3.69267663718018	-2.014036086228537	0.08226900350337978	-2.2041507094962376	3.185496371692036	1.8848566204331947	0.8526636112232656	-2.8015174733382655	2.5831338415104206	0.8492226355657636	-1.5618661706132118	-0.734767557789189	-1.7420563056211613	-3.361308493575946	4.039489746467177	1.6452416634919735	1.638900851832919	-0.87325714596321	1.4236038948248206	-4.4908646006280195	-4.281242448053279	-0.9263456587257689	-0.33949715608236475	2.0267253190173573	-1.8664436134419717	-0.28658758888076996	-1.3731234433161301	0.588317937185685	0.5780444394482835	0.35090733025418924	0.5247124604354899	0.37669837693127944	-2.256491476818739	0.5219949580334559	-0.3331481336749048	0.0740242218185348	-0.7087363883595273	-0.080217344065092	1.1592442853449105	-2.4556067011544704	2.146705869835866	1.8924029454676745	-0.2803925636460786	-1.3115693316153796	-0.07572753022971951	-1.0271385887389954	-0.9408459813130778	-1.43298897416544	-2.0973999295282395	-2.007665393733588	-0.34508474748808304	1.1902334151753011	1.6731229730277668	-1.2375351482121555	-0.34287086972045894	0.25422324565414256	-1.0782698256805479	1.5143198414374648	1.616983613326495	1.5554422936633914	-1.5762111876538678	2.8466912315583732	0.7675255330747687	0.07552188429244769	-1.387978738617402	1.4710213700217256	-0.5840039967827302	-2.673004399604284	0.5181305083451823	0.5970837100648891	-0.8621850882305367	-1.1069704513575915	0.08713047359713966	-0.8182275697183794	-1.407477980877462	-0.6541766901600189	-0.6520297838718689	-0.5458105157969368	-1.0317710185033377	-1.3756637572695745	1.0820390076315158	-0.7863234438583768	0.11711019903839484	2.089849913168965	1.2085804640995428	0.3414772426511979	-0.014997214845312896	-0.5099085376138038	1.24277989152342	-0.5925719558287942	1.3469613368269115	-0.3839873479321457	0.24040276522086965
DTXSID4030336	-9.216042376472092	2.053367315437493	-3.494471038928979	0.2545771037807547	-2.008262535602106	-2.2966096117481056	0.006189831612253779	-0.5694416764321143	0.029856177110205592	0.40513138710339236	-0.5117712025072512	1.9525911312190278	0.27162524702129887	1.9160783316408816	3.5133350419667533	0.8627273143377857	-1.9691539795792166	-1.0141039541961803	-0.2038336608938262	-1.8977806531913903	0.43869800339681847	1.0813755249307544	0.713690553654881	-1.665578245752001	0.13968275233753077	-0.7665254593209295	-0.20019203458397766	0.48813927261303647	-0.22048541882428357	-0.08343328202919041	0.7491973502759014	0.432569091874804	-0.1536183430863941	0.889408762997311	-0.2748868160512156	0.9568787248471118	-0.34857897887998757	0.4664372743715295	-0.5684897816065877	-0.6011297335508137	-0.30532746375695136	-0.04930831034370573	0.07814501885376246	-0.5367184650620904	0.47234338662244224	0.34506186798335103	0.34960480810427924	-0.7741026515989804	-0.9725947037618015	-0.4944326686030705	1.0552427516444418	-1.1731671176996095	-0.8495825106561385	0.2558204532131296	-1.9008675942414224	0.11740223682395513	-0.8035269185167105	-1.1649407023396308	0.5257335702045313	0.5909834374109765	-0.05603915579738241	0.8013532628299633	0.12726655203200846	-0.022702108758642016	-0.028256677414145764	-0.2950778277282808	-0.5695563302626254	-0.42852789890420195	-0.18277577255055932	1.2936613553932341	-0.3983619324660018	-0.1476585443695076	0.8197110914416387	0.26574379190121716	0.20658926888213922	-0.06817427992056024	-0.3242060020264033	0.6417287790742386	-0.4585279784625061	0.038055957012774186	-0.20571011871061243	-0.5757557475620796	0.06564500162141244	0.27734732784275107	-0.18979817304488752	-0.4242030859704762	0.1197975690414763	0.37035192853993515	-0.04419838891538044	-0.16729357918820376	0.618272065385841	0.5320153434868784	-0.03324083997091844	0.3455924090639751	-0.012430859823476508	0.08382314319232292	-0.14396803379212378	-0.18176620325181264	-0.02722274845151583	0.20947718531776302
DTXSID2047850	5.872974416326844	-1.3708672695916564	0.9511881729948221	-2.724617360914754	0.9321193253998934	2.238445114049238	2.9480201914927218	-0.6507436465790056	-1.3017888740701717	0.38283566559335025	0.017167961480701543	-1.7509010338069333	0.8552932643642963	0.3796207850040715	-1.6449679366798977	3.0956980694627725	-1.2012298950965112	-2.3400214788231453	-1.2330449501309315	-0.18697439151233655	-3.7529130975518012	1.7797476782856956	0.7310337611128077	2.2334861103299923	0.17943211448925223	0.2999171552389103	-2.3380845214729025	1.7489892675014937	-2.4373962415979324	-1.194589710094421	0.72411124738089	2.358965298557313	0.6595586399843927	0.642303149928571	-1.9436299233215353	0.6397776466302888	1.7490383223287227	0.30381441781878	0.2534636463562417	-0.8611693835167447	-0.16194454529285654	-0.24679371159077243	-0.7436856111663969	-0.29390015801838976	1.1681663365395176	1.167655842498652	1.745539863490826	-1.3210244018822088	0.26563240004741895	0.012983222254311862	-1.3752430722435338	0.7687707045119395	0.12517130286635506	-0.014448887268018002	-0.38496989293202843	-0.10273395645867751	-1.3581519667607789	1.2911617496869205	-1.1199411018030685	0.4251589948677996	0.7253628659398497	0.7424197151315731	0.5242166072958454	0.800439265099532	-0.6083172576775806	0.4478983203483264	-0.9026279780980205	-0.5075273231494339	0.1444859597956446	0.5036011840955344	-0.12443261705973996	1.5163422901686423	0.1835975404529673	1.7317912657482657	-0.32318420512784657	0.24864773273245186	-0.4609064006620626	-0.2301319586181281	0.2269757478791034	-0.1147403569808411	-0.7644440418614449	-1.0261399250073528	1.3099417422243362	-1.00886484851353	-1.997755842151193	0.5892991453027502	-1.3899108002721101	1.04143103240991	-0.6853618024810286	0.00956528222837606	-0.9899046060998922	-1.1169280432043263	-0.6012265468995734	-0.08858442672710841	0.5435417104142924	-0.9607121309281271	-0.14389046520461798	-0.18460173832704174	-0.7692938486834904	0.10084249015036811
DTXSID6032431	0.5388198163263267	-0.31236049677296324	-1.9986443885939411	-1.4407771681744572	-0.10316278698001008	2.254606320684273	0.35402474958108404	-0.10805225513532317	1.077869465763896	-0.018576681197826232	2.144538368704329	0.5796514389796968	-0.03537192711750827	0.9905724227559313	0.34528838528895867	-1.2614905248773094	0.2952295238823898	0.08718432380980026	-0.28085953765534644	-1.8788235956095138	0.2883655747370798	-0.8091672227886489	-0.23435003969812543	0.9728900436593787	-0.5828311489418363	0.7652213647550982	0.3240128065464375	-0.8471148129866573	-0.4126970994529025	-1.0071764694890195	1.561550096390696	0.24872876822403195	-0.7677807582992756	-0.4577105770547676	-0.8230748199034884	-0.15726318435141143	0.12381651198615734	0.6686630956209324	-1.429988357258481	0.25818097091253356	-0.20333900050179757	-0.2775022709442642	-0.39056473237386125	1.66205912672727	0.5823079504026697	0.5716082258657302	0.46612638018614194	-1.0817574116264033	0.2555492905333975	0.4382864704935706	-0.3394018527243936	-0.5095951968324192	-1.1289097129903978	0.5150881183262358	-0.09859554962119392	0.52879044292044	-0.7742536310320506	-0.5380857166623596	2.1776730775067743	-0.34850672934949983	0.060399891367605055	-0.23722587128545816	1.051889036370905	-0.12275724470652583	-0.5558440941135411	-0.5522511999377394	-0.43173608702908123	1.061127185702648	0.029795508577301538	-0.6022602837703637	0.9085835541213737	-0.6955953828177432	-0.3978846097298447	0.6734789000804128	0.15048887506708084	0.027879777649206287	0.41278215679487035	0.2795798963592087	-0.3213472258106677	0.11413757540866164	-0.05685828880907906	-0.11636948893707294	-0.4350436159483722	-0.6034306924535523	-0.35278886123751335	-0.2904528246290719	-0.6289282351887812	-0.7423130685045929	0.4652860876098972	-0.2128548447725929	-0.5947158827394576	0.941385690200864	-0.06963909069632812	-0.013201040081105857	0.056728287875431396	0.03477239762171694	-0.24920398271046035	0.44504489079629794	0.19190080320714872	0.08843901055620519
DTXSID5046641	22.895185586294627	-7.954500072487694	-6.58414566784688	-1.5271723752743536	3.284469769607454	3.2406866945059205	1.8731808384601942	5.962161289964918	4.396831313894768	-4.064818611225877	2.955219636919206	0.25007107152515157	-1.645587193797535	2.8660505524288573	-3.9041011558008996	2.6602600212123493	0.5987101387878787	4.374581944511988	-3.3447730747356683	1.5505465629398882	0.513070528765195	-1.0179641611171983	-1.8067713287327836	0.0010947696745579976	1.355460368201367	-3.635462076963156	1.9223012772376131	1.8420096531017371	2.2775111369452303	-1.7674404667091619	-1.6064164185874492	0.17813432351231204	1.9848307141621535	1.8025576896287332	0.01761840819896455	-1.2371392993036108	-0.7164901159695233	-3.8060521082496352	-1.056296962385558	0.1526530659629343	-1.111974384555417	-0.882308022724737	1.1749454936744335	1.5549663537970528	-0.5783976288439251	0.8909360219450919	0.8744771947340385	0.2839122984128099	-0.4359984479586644	1.4885229377047586	0.8996126457933465	2.924309864266872	1.4390996273263155	-2.303906959631039	-0.4730375672937428	0.5698220526523725	-3.635905315724398	0.7448787950311238	1.7819878692801578	0.8743629243076346	0.6579644721632428	-2.4387728129392174	-2.2627504729074293	-2.5229015405245803	-2.864053711758659	-1.9822082687308873	-1.3723668752964897	0.727159890088024	-1.533254119029805	0.38931427234411664	-1.0661922275038942	0.6887873791946538	-1.1309205997744585	0.5472664390814025	-1.5148171798415802	-1.2044859532864272	-2.481745883857385	1.1612203471686624	-0.31247244168791377	-2.2433832615575326	-2.465256552392672	0.32738788566039373	-1.0551604890812778	0.671515720884437	-0.1747374104675418	-1.734047206512058	0.7075556384752478	-2.293922253305857	2.4134918730588146	-0.032496823654099345	1.5164929708977788	0.7645124205648942	-1.7179063145150661	-1.9831283695759818	1.4295232640896693	-1.2934107685839178	0.06176708015745296	0.3144356960702125	2.2941545874141474	-0.7156759500668266
DTXSID0048711	0.8702316350653594	1.6281640818953655	-5.358046444521267	9.08277387666824	0.48338539068449227	-1.7778226158863222	0.06534030171165296	0.9515592797347551	-1.0366288079028487	-3.1504658216665615	-1.8976447066290822	2.0994202293550037	3.5580530171491676	-0.5313039710670983	-1.6923060385396316	1.5290305573249898	1.8757017377545822	1.1652230089502966	-1.5341720692008165	-2.8617504921152586	-1.5805885792277428	3.243963691338075	-0.5866324066365226	1.4728812970035512	-0.26193901597683766	0.08411868586303413	-3.483350504960584	-1.212437427685512	-1.752933112641644	2.4824874586297865	2.757464468764678	0.4012593185501963	2.423477123413847	-2.796930477455845	1.1223056855536098	-2.7552398559842883	0.3203262675400574	-3.487618666561432	-3.8272377902788324	-4.13085215900072	-0.697373953090418	2.852499833356967	1.658190074634845	-3.5859080047566625	-1.6482524463199308	4.635538180971292	-6.511332488871418	-0.8794092794177106	4.457250396535334	2.828833438681403	-2.8306858822690066	1.8257220802915324	-1.4177425018784502	2.0191491008599782	-2.6107516738185748	-0.942398558917648	-1.3412774743048588	-0.5939908353606863	0.23114306588591993	-0.38639096116353827	-2.964464531943185	-0.888292435225059	0.8820643282527045	-0.768269070049996	0.7001570531727742	1.9723485709309383	1.2971539370700966	-0.6684248917104441	3.354275797400445	0.8555653300826858	-0.5316433374070795	-2.136570999230912	1.2022664065681454	0.1985136212609009	-1.6009318437917437	0.04486076023671876	0.1811651713100856	-1.757087179639139	-1.9368928361017368	-0.6456486241884949	-1.8885886473788143	-1.6899941487236447	-0.7378807383095457	-0.17644334139954068	-1.0222772858285971	-0.9994821970258176	-1.5054329071747479	-0.24554374336752538	-0.28442997630875366	0.9715288749349271	1.6516266328562272	1.3669388423588005	0.8255197685067714	0.797046426671592	-0.7643280034838756	0.6232801201936703	-0.38839054010387397	1.4008315354476	0.3734005479926525	0.4407278683270343
DTXSID0042379	-7.214369386654256	1.9951615812351065	-3.180782540167849	0.24474409097445715	1.2296728271987658	-0.45361017706249174	0.14406803514329478	-0.3328337854339437	-0.4882355254512456	1.0684051261168819	0.02084685341772908	0.7673920478422145	0.706320275531419	-0.022483214550408345	-1.1433455808331907	-0.7459787562279878	-0.3966849022162416	-0.9802449833826765	0.39182651594118634	-0.2874725383760025	-0.3149899038532501	-0.16436814238986378	0.32282231235411973	0.0921686818371049	-0.5529211346051569	-0.16064489288849057	0.2582143598910924	0.42182573410201407	-0.09499849198660128	-0.9615763736857625	-0.3814341820403505	0.5860854367015907	-1.0792681177002659	1.1860009632700443	0.9746787255461788	0.2333976488853347	-0.43593325325073956	0.038137850862925114	-0.1624186549558026	-0.23931438855963338	0.565529592846046	0.9306476616903098	-0.22339480367171627	-0.6058075041870522	0.7104285911722102	0.42685273926523376	-0.5870715828151222	0.925722291450548	-0.25300013336777655	0.12386529938801227	0.031830868977741886	0.8034312952325179	0.5315420609933242	-0.7115330315803436	-0.16731160305125747	-0.7250342923479518	-0.03410816013856186	0.135277091991246	-0.9027788383627886	-0.37043105749616223	-0.44378420979091315	-0.8449316973837445	-0.5403733978205775	0.03987296766696752	-0.0422054602441034	0.7719310354373192	0.6940451223743803	-0.04159170620749843	-0.3275236788662427	0.6935377068202303	-0.39374845248677715	-0.7485766648019074	0.40713611512297493	0.17367805555396149	0.48465990607736037	0.6700427380039167	0.8182341585566075	0.593777654094364	-0.5558715134280255	0.2218564035017611	0.5768728899511724	0.6884553273813713	-0.3382387356444883	-0.24505212579500665	0.2447971043205905	-0.3188414044651111	-0.5710090256995908	0.03630286941121235	-0.9234738093361473	-0.386999412177576	-0.2776668970853733	0.12212973973510786	-0.8666631549095303	0.43823573659348736	-0.44194675133360517	0.4880661613545666	-0.6653721442064511	0.049859451305980164	-0.838757283551639	0.10604974461693828
DTXSID1046639	2.855651594995617	2.948872185190696	-0.368600224620717	-1.4279212232040797	-1.4006796656490705	3.695499624798458	4.265534571752743	1.546391901053821	-1.3003168336455229	-0.2505190183947661	-0.46737146714067174	-0.9815113735118829	-0.8329348007318033	-0.9739488284591732	-0.40322288125370165	0.7948334428550516	-2.520844238145199	-0.644936331491159	0.8996528851966636	0.24772477135057858	-1.3659646101981482	-0.510649430863194	1.2592651811442006	-0.9740375050282035	-1.2211817314524982	1.3791419558365399	0.44133275144592127	-0.4702086367303472	-0.10764091224498844	-0.8778681666154204	0.2673504587015353	-1.625573109815985	-1.4681318506502328	-0.6440205207268912	-0.8208236383377343	-0.2615340644545319	-0.16204840089609499	0.08751036700097145	-0.8804111843746314	1.0768652039414286	-0.41283090360307995	0.6006505887930979	-0.6408978275295615	1.198692831132967	0.39278345200849346	0.7754665203010914	0.3268219977732009	-0.7323275222528	0.32995282958544375	0.6465404070987464	-0.9101908677401401	1.3210039956731137	-0.3359039131791912	0.7024559594969636	1.0671884686202726	0.7507104978427775	-1.5928326657829956	-0.3295950861236717	1.733473497083807	0.05740108476415602	-0.6803478699589042	0.9945817733372441	0.029299131697689263	-1.5964360950643774	0.9663267470151122	0.17328571347430533	0.850515423676308	-0.9069518347702326	0.4437605504332325	-1.7193040314302346	1.615122192189553	1.9922692304969756	-1.2480202715438198	-0.32934702259901383	-0.37359705589777165	-1.0072813822815054	-0.583224809919407	0.970501206551871	0.6946757991425033	1.5993747240381337	1.539587624421412	0.41573399770300923	-0.9977484549213892	-1.4375153643928618	-0.5379712427017959	0.09903466833682206	-0.3543421404460404	-0.29313308766209906	0.5485391025407366	-0.3895107799720335	1.3779436728793812	0.6730873436047284	0.5244167611777906	0.3538540140080101	0.0840800433501482	0.5934912288290052	-0.10444524015380871	-0.2824320162594205	-0.06105355762654906	-0.19864846853242432
DTXSID00892442	8.096780259120042	-13.210762932592612	-11.052131462954264	4.041097162501266	-3.3102798809014535	-1.512249891583732	-12.495029704921665	-11.807908797903615	-0.4476871335439317	-9.154317795223983	-10.103952886430292	16.8078344432762	-5.784650094512539	-0.8343265098483791	4.384205415832588	-6.205033637641043	-3.866993608572693	-10.077590394525092	1.9629472186942576	6.727450369142936	-4.397626501777703	-2.345097641902568	-4.151118590188322	1.4603702906533844	-4.503409860791975	7.656560083903922	3.3245805925256047	2.425874689646385	-6.272705050990217	-3.280851588106901	0.6634068537643065	-1.1106026372612814	-4.157391734003461	1.9470374980726726	-1.9876164082280159	2.6585657296299883	4.393529791920744	2.076156571496585	-0.4771983534087361	4.371217328927337	-3.7179015840005594	3.0166873038207065	-0.6441233644544015	-1.4023955569006237	0.6095990391858169	0.4699910593848187	-2.3091908377344232	1.236729791653805	1.0366626672958128	-1.0915808217035523	-5.854391190222724	-1.181216010317173	3.5937404664693546	-0.8048271499344445	0.7322929363946065	-0.091582282683272	-0.7061526935238107	3.7687584254695166	-1.0577350314836007	-1.1595262604029748	-0.6088310671778038	0.48012483341337797	0.9648040389717907	1.518670910779822	0.4946875736049298	3.1163518426737453	-0.5880786980995818	2.4291083038848047	-1.7489502655656952	1.3254421984066889	-2.380310878463076	-2.383641102550425	-1.28811534279426	-2.7120231932030605	-2.7751086299596457	-1.2033591118591211	1.2149645661059052	0.3914921935893806	0.6084872624635373	-0.8254416403315152	2.0794362685804484	1.3946872283079121	-0.2609940068848544	-2.4746001062424647	1.3893707477602153	-1.1797880669240464	-1.3788009410682747	2.8059056432418923	-0.12138158370778632	0.054174324354774206	-1.438486429066465	2.5713408524883907	0.7463534088542659	0.610906525307086	-3.3512305776152815	-0.3390970688596627	-2.030658185153866	-2.911683509911635	2.051492812317981	-2.026839747137531
DTXSID8040725	-2.3236342182744925	-1.0123625922735573	-1.8754620516162817	1.8794480512955973	1.48995494549065	-1.7033895842079005	-2.1572849893515813	-2.2901731126067437	-1.1304655929701315	-1.588735918456289	-0.08409015640398883	-2.8221565646173157	2.3207201416049745	3.146084420296338	-0.06901769070315926	-3.9939246965152497	-1.2107066141821614	-2.826498146265554	3.820240613393728	0.7668712642244409	0.3741143603625327	1.107834195728335	1.2374439141681441	1.926879440733108	-0.9262159180506894	-1.3162001490396977	-1.299038766211612	4.623775294121338	2.080212997988467	-2.596702355248597	-2.5920602435382945	-0.1779891721525361	-4.585162649734762	2.630923207517862	5.236128294119824	0.9924953851288333	5.663920373690279	-1.7640002987131078	-3.519014503173299	-1.2660819493497877	-1.0904949094143221	-1.8295943898571405	0.13960236334549486	3.7292297044027953	-2.3920913876943817	1.1989291879571957	-0.3736677894667881	1.8369753956817592	1.1251002028824577	-1.375666227758184	1.1435478919349	0.4243323677146514	-0.9056885759098946	1.7867112327249237	2.3668715802965186	-1.491668934361772	0.843852222845346	-0.2419560133878117	0.016856460330745754	-1.2134470103228228	0.21728345484881417	1.5255746136103376	1.1538339876454538	0.23182570322174367	0.06755708667210603	1.8626632894347508	-1.109875995385092	-3.236535937780235	-1.0057714085041618	0.43652462820798005	-0.29711739286222977	0.42025478955029955	-0.08780715181367936	-0.6531029729450555	-1.0623474244239317	0.9694594379808088	0.06504142051010053	-0.06152408281476771	1.3360253096981536	0.28738705857825875	-0.11107772185564503	-2.7113473293958457	-1.5507059907102922	-0.16761604868966656	0.17149311491373567	2.360806510793959	-0.7538783571869858	-0.05835862025603686	1.6705045046992162	0.7804038874292568	-2.0143092247883554	-0.14674666213262816	0.43960982265945997	-0.19519778509145475	-0.46240967924075377	0.0847686004634712	0.709853515824638	0.6861270810394706	-0.03502881730738585	0.04122240139058928
DTXSID8027377	-7.412146895158316	-0.23296728663609556	0.49821126932557164	0.2658752467215675	0.09461494592519863	2.06533315929645	-0.9220287770069642	1.3195875929691376	-0.23083423233019382	0.6785635258292223	-0.26906209421859983	1.293351670878124	1.6857864995787828	0.9836586315441412	-0.05763021961444158	0.7257825952028781	0.0659494619982654	0.22362425713523693	1.2979090286916617	-0.15094548112070597	-0.0708630053689304	0.6241199998536595	-0.31430630745022675	0.42054016182840176	-0.28640978057979627	-0.1787987059465218	0.028461567400824818	-0.09316764155477002	-0.6551976057948344	-0.5918627524748193	-1.3932762621857153	0.15078064662392038	-1.4179425772929983	-0.11335898700509403	0.27144003477867196	0.12747614164240947	-0.6162252485769545	0.21176427439616302	-0.11975324792391266	-0.3289062074978191	0.5674062142804324	0.7240573388699995	-0.08360149679019613	-0.1565837506925017	0.08750664132674106	0.2399265882783443	0.03891817531412361	1.7605204154700707	-0.15146715469399444	0.6903258353884972	-1.1300360777426952	0.37888095444619285	0.7612447618581817	0.33494576177040597	0.6575752209955693	-0.44020713810128936	0.4168754368930607	0.2626731166465521	0.2456451853634306	0.12585919495211667	-0.47510692251774617	-0.20471156348574154	0.6309957405937254	-0.4693524050351466	-0.3268567870468635	0.7169051320933902	-0.35756224488643973	-0.9908808813121877	-0.957428933090016	0.37344124436377346	0.0429296736996634	-1.0575940998505569	-0.05024387898427376	0.7864946262885092	0.6682670503223683	0.8981014872776001	0.1604789280792993	1.1612969083272373	-0.6047869454085786	0.9298128882016591	0.49193500774073745	0.14770943802538405	-0.11407940960704648	-0.09352297897646535	0.5476247954036695	-0.12629367993759713	0.059838316926316845	-0.006547203180810457	0.08540845154173031	-1.030195990747165	-0.2582391389190794	0.013805305853987452	-0.7070019496439208	0.20172147987059388	-0.3398097340083294	0.7459479377696953	-0.4964040439920279	-0.1710917021043019	0.06419230986318206	-0.4894634867101624
DTXSID2045658	0.21718994708202535	5.277394148839878	-3.874606250367654	0.0193062016600301	-2.9795510266422918	3.3231893967018946	9.03042411869189	0.7538329064259188	-3.4450624720868706	3.794927626694864	-0.6354761582871139	-1.9865229020997408	0.1764927088739309	0.9088009367461185	-0.6964914833279452	5.372614891004975	-5.08701884890408	-5.372405674784035	2.1599269820900373	3.003807705930093	-7.287062889411423	2.9769004065076903	2.805780379242672	1.1650650336536128	-1.5810346827844004	-0.037373349304014244	-0.5253690150005788	2.027633459837143	-3.372048012091779	-3.7357286076667253	0.5535246746392152	3.2150723358773057	0.3012736222016639	-0.7792735720554191	-3.989485634762634	1.3225649951711544	2.28370924822142	-0.4285433967043665	0.04515798723008244	-0.37989936219503245	0.023013468405198072	2.1675395255980012	-0.07339789728232371	0.7695326106641025	0.8054119748942339	1.2987788941019314	-0.4320466915195751	0.27359343502939404	0.5643457822734476	-0.6503735355268679	-3.458040063634695	1.352739294488626	0.5274064303602227	-0.9855301535649957	-2.378737361753888	-1.5483480308969113	-4.182392531964182	-0.7087459912824025	-3.412836560564783	2.4205856163792485	3.158271404007578	1.3979362852999335	2.49852587875472	6.0240933949043765	4.560340536432626	-3.2030161823670458	0.6756591050771449	-2.6054595469507427	-5.070094043643625	-2.768368604516321	0.8725467152982073	0.07910025196273579	-0.5225402238611146	0.010096854368637406	-0.6729445312293394	1.4568296176914985	-2.7758592361819017	-0.30552294112838685	2.4410519773226396	2.0154624927578078	0.4982745199849953	1.553725018229867	2.3097654484149475	1.479880777022063	-2.077027522574773	0.8111159596494002	-1.0549642357514428	-0.1805118095820628	-2.959150556395505	2.6750815167973654	-0.40995507101882706	2.6213196803617556	-1.8952366245670271	0.6309609018108773	0.16828209776852238	-3.1997248952284427	0.5475829850092192	0.7919360401551021	-2.3119726595452663	-2.436027901226934
DTXSID2020139	-1.1245914946157711	-2.080426487518313	8.7891057109556	-3.5636208124908078	0.7423774079751032	1.3824411486834112	-0.38866249768484695	-1.7165979581745223	-1.1267679597776288	1.512405150233122	-3.9306183782852533	-1.1043943955926432	4.810849049483722	-2.4379914751949765	0.06347478198836287	-2.2385999641307794	-0.10234343243238371	-0.9627326683851516	-1.38889046042721	2.0124436868267814	0.6532249146722316	-0.34935012770650603	1.9453747639428556	-2.0866548210016536	1.368848498811174	-0.31121762207548404	-0.0667093287321735	0.4671787228687424	-0.3791166185734595	-0.19206678854232573	0.3143066999003791	-1.66920513434181	1.118501774862802	-1.0787947850183306	-1.1231171062198464	0.8935725577985095	1.0601642117843075	-1.0470408872909407	1.076285200606996	-0.5279143073463423	-0.08109606010264582	-1.3746052877707982	-0.1977328667455109	-0.4647832693889703	-0.4699110472692129	-0.8238725201722719	-0.17028252406359293	-0.4713120658307374	1.0806614238957244	0.479890652295587	0.010160899618614664	0.721691754652562	0.49906677112782427	-0.37371006230034126	-0.09755442121366605	-0.08716495623557878	-0.12051991486699332	-1.137601817810461	1.0085854778394971	-0.0006435250209454548	-0.17821491438622425	0.48961149010398897	0.5277102425875448	0.45660041206149987	-0.1305590668007447	-0.7132370430851774	0.1777339652768507	0.25337612464816306	-0.0630531345873976	0.4815093464849379	-0.013004657381753907	-0.16456250778785572	0.3119778642605536	0.1682064063368184	0.37196026605763477	-0.250344508190173	0.13989987651678917	0.0980165753174667	0.20444546509186007	-0.40130257022768684	0.4955431873898499	-0.38004982973030593	-0.23441670342951343	0.03676358419941523	0.23680590215056926	-0.3869670159974242	-0.5375850154644789	-0.7639935070733713	-0.7832423256836333	-0.888664083036833	0.22093010630079096	0.7963824449977651	0.7849073331991754	-0.6959546274828021	0.4108154147951953	-0.0765394067850383	0.07386705916389734	-0.36125586456290126	-0.7289267863027752	-0.18848326053389394
DTXSID8025961	-8.67272376118467	2.3215309932532606	-3.0350732979197237	3.811421242591986	0.6549919607059949	-0.7254067178673045	0.586095500007258	-1.4116446869423203	-0.1212710086779593	-2.9414783893168743	-1.5008837390288705	-1.6449280095737024	1.5862942649808605	4.5997683853451505	0.1278313219542173	-1.4987908327980308	-1.4828893763386453	-0.5472981276573915	3.3163330788738046	0.5979153768190982	0.14448854137199113	0.028848357393510295	0.3723148606878527	-0.7895446976051721	-0.7721844119530584	0.1254691376863794	0.29898176646750274	0.17623833058486518	-0.22244406292394417	-0.6170972611453338	0.964493737011692	0.1620111492369111	-0.9120539196671051	0.04762748099027534	-0.3503401946906164	0.798589153933998	0.3386416845892353	1.4056300535329844	-0.3074895202119924	0.13200080458070773	0.24817664293986422	0.5250579651133603	-0.5099168091750438	-0.34219230957563107	0.4452844493394272	-0.4124967048242654	-0.13862447877868325	-0.34546581067376164	0.06084143690470198	-0.29520792478249835	-0.9115312825641966	-0.36719361800522354	0.07641428531057205	-0.6879563771873292	-0.7952659761714994	0.17187733238166764	-0.1741477326981344	-0.6784677565161331	-0.9517452514826318	0.21278779050724392	-0.29373027974770327	-0.765549412532392	0.14311971113293434	0.5069011879694565	-0.0615118718675491	-0.045818480492752604	-0.5621519138795756	0.17068222800778704	0.654424847448385	0.21120830323782414	-0.4421141069437317	-0.47847847141966227	0.211352825455398	-0.10282849609097507	-0.34160239317177155	0.25464248677030416	0.5885136350716637	0.14195730122618355	-0.632489109070108	-0.39216430655879336	0.28948658802353733	0.05103668058747441	0.6633337528276229	-0.23350079634926918	-0.07146430820676665	-0.17584446821773275	0.45583613218719415	-0.031186651814083883	-0.2764943540111275	0.38257591532768553	0.09145265850510076	0.36692532469458133	-0.05639936275566467	0.16120510825426387	0.5517751729844855	0.19841970899792913	-0.04114969833624806	0.010040121815630748	1.1388708986303235e-05	0.2648338311932693
DTXSID3020889	-7.670955376209451	2.086841014793093	1.3890519969449384	-0.7904868581960136	-0.0720361920011287	0.6675752969321466	0.5967036903323675	-1.221504031672836	0.1121863499897187	-0.008219165452451513	-0.964347501950915	0.5687666619938637	2.0086237180969158	-0.30852595873732697	0.39993239251508217	-1.0513408725265119	-0.9705632407130006	0.4018898151611975	0.30325193760854585	0.50389650182746	-0.3703472001378804	0.1668723381358548	0.1550727455528331	-0.28945287690794164	-0.5496189550604732	0.38675392498793376	0.5321461263715608	-0.6004910744365892	0.08499016289488158	-0.1501879258022797	0.6339286978011633	-0.1569397188595555	0.04053174372601317	-0.12546212138181256	-0.3061796522482762	0.31054780516774083	-0.1937206748721238	0.06045946501282535	-0.06750097232090849	-0.22416742237709875	-0.07430243235318951	-0.4573510512045724	-0.24313667279183826	0.5294435606092762	0.5050970953833567	-0.00017794772521069423	0.10049694410947883	0.036203827751561064	0.5004009825968334	-0.3555611527484274	8.44102897674216e-05	0.3470571791297471	-0.11969252305455594	-0.09797492231392534	-0.07534992371315354	-0.36949299831009047	-0.1092333156440286	-0.1272543801470243	-0.07024680894351655	0.07668241804499948	0.09488732500965762	-0.036200535772909465	0.12058723927643371	0.15282681701962472	-0.17163150435866428	-0.37034896871304723	-0.10481411826152677	-0.009785103987001118	0.07556680394524999	-0.1437631951987341	0.23494622779268876	0.009294561779182992	-0.04266071618611559	0.468399637834328	-0.01617245417511793	0.19150115320175387	0.0812283068595216	0.016490804812648675	-0.06799130612254155	-0.24041917988173092	-0.32180337935784414	-0.5965494123412665	-0.06352626158244327	0.11281827989904057	-0.1273809999992327	-0.20769918796113135	0.3505976117177767	0.05474098520513034	0.2668092601170711	0.3421232243777866	-0.025382320760495083	-0.46154962769916297	-0.11935415643543498	0.17389044760107092	-0.08539525770816388	0.22685489621401062	-0.24876386158501285	0.10343339118469387	0.2901360225477266	0.15020426971817175
DTXSID9034361	13.015258783122752	-4.597189914847952	2.355034264635397	-1.9922144315344235	2.5015361296065253	6.141190815244096	1.1873845437464146	-0.975546933850349	1.0278734188939682	-2.871018847168862	-1.9133800649040527	-0.5253305994397081	-0.8309863223517552	-4.787856952295007	-0.3322192077205705	-4.376167921438451	-1.8160316111924981	3.11303858948596	-1.4000413563218346	-4.14748647134768	2.249584573829813	5.451050716990197	4.505361794633864	0.5819319925201601	2.429405616139918	-1.1940470813316373	4.541437765058459	-5.553058032601745	1.6895261214641295	0.19465027158807183	-0.04171855965122278	3.968442058184686	-3.440690991136576	0.18298749071484394	-2.2240026399564283	-1.1247470910251591	2.2135449600180808	0.2925172700038218	1.6621863251277715	1.0162757416168298	-0.0013934521310268397	1.8289666063028136	0.6987340463186303	0.014432276038072568	1.3295099025164043	0.9469019329341108	0.07938471573117531	1.1900039770446904	-0.8830165953175303	-1.2957895249594946	1.4634780380354564	-0.9475286609935661	-0.5514203712762055	5.5148174208449285	-0.37100329359446166	1.5256229838924	1.2647594852107416	-1.3921485717130755	-2.333333943173883	0.44075318926325935	3.1057839860388436	0.22183608537118094	1.399115395701111	1.2026647822570051	-0.3943980301725146	1.0359466439663123	1.2634008841710989	-1.2407421069126607	3.903315091464922	1.3609068319573328	-1.0366205934395512	-1.4447948091688845	-5.920906251653609	4.529730292461438	-4.9020184164548954	-2.0893091810474176	1.1450749473097224	3.0657985820835942	2.811173467312378	-1.0845598282557842	1.0779964329227107	2.16604631027511	-1.5459369441135196	3.1043429465838392	-3.8443116287401096	-3.2576918544448077	-0.7808547250041034	-3.924094189917596	1.4880968784184145	-0.1698114644251173	2.143899597229003	-0.8702356410503452	-0.9434498305031616	-1.2468969761421627	0.38753173566871757	-0.2270677591683098	-1.2820748222546263	-1.526050801485252	-0.7286997278763888	-1.6500081923660164
DTXSID0046430	5.082586476852281	1.950907488235196	-4.658701631577069	3.873301894500153	-1.9431029030871954	-0.26231560738645543	4.964632516226692	0.4412213788849525	-1.9680233512945908	-2.240895434554556	-1.644165849006467	-2.811850721721173	0.3084048529778762	4.511872348615627	-1.805900033488071	0.5436404969349022	-3.3980763992251903	-3.329288411976683	2.6791556230205344	0.5592585223092758	-1.9082043577386951	1.1926701762646397	2.021670798271913	-1.5820002656700796	-0.24146894262546242	1.6594953451306105	-1.9608075007718302	-1.0062455344710284	0.8061948584244674	-0.509857281326152	1.5491599468666724	-2.3838751096442916	-2.075406581593613	-0.8861980945321355	-0.7997825053826769	-0.07254135754752628	1.4182654181728498	0.6733891721327456	0.20456555863368686	-0.18030362748616363	0.021952647232334706	0.9442937328305406	-0.028395691158447235	-0.3548730944126541	-0.04412542480461985	-1.105229800216981	-0.8195234921412391	-1.0421614684115885	1.2807368876897	0.6462552695138686	-2.3645777780206854	-0.193976548723079	-0.1712188280578464	-0.35306134333069444	-0.5255939769641227	0.2364176906626574	0.18870513560354998	0.1723637498619851	-0.2904049404693	2.354497671975609	-0.8762070590544885	-0.6323947741002891	-0.30010445318722345	-1.3219426860354455	0.44861382449905435	2.30554007006121	1.0760953422511104	-1.811951684158592	0.36332945901092656	-3.5970888074935483	1.2620929751176988	0.7031336195277951	-1.4140537612023585	-0.9420885661857117	-2.197897707990971	-1.4199406178530898	0.21114495310547993	0.8234680394131035	0.20685695401369295	-0.35792239555483857	-0.2415729649790054	0.5184994381005424	-0.49284068141164994	-1.901465119944264	0.4585138264322711	-0.06795800250583066	0.11152608871211205	-0.031233436771150865	1.0419322258333723	-0.44973691893428597	1.6696801897167457	0.8950087491898192	0.8761092875170269	0.5497270891110411	0.41281173856814396	0.8935375235278259	0.31450843520186694	-0.09970163751670684	0.01725956008210621	-0.630358157291591
DTXSID0046777	18.067958945790217	-7.70437916417869	-5.634616971920725	1.641241025465168	3.2114428892738163	2.4797539450710198	-4.335904124305028	2.7354366821903158	2.1095689980657935	-1.279822146628911	1.9369328620966062	-1.5532879001831807	-2.0512332783115603	-6.870420334327874	-4.541903078986541	0.855283256619154	-6.086541795377955	2.7854637693650077	3.7772060408944808	-0.6485278378965139	2.282092036810967	4.960668288250364	5.996628434923337	-1.7016750800679887	1.9266551842383342	-0.20846450286684945	-0.24474127257292388	-1.5765386490727091	-2.8655321539515746	-1.3229708400110165	0.9689820734960152	3.7920497469667396	-2.1755628202165114	-0.5800979381861089	-1.8225122188360747	-3.1152607919509716	2.6699321777116154	-0.9772919508134484	1.2041099604967433	1.757367614058501	-2.919249008189526	-2.4452167591819505	0.8493364907849238	0.9765471501286823	-0.6582953398430258	-2.0050029263856235	-0.8310079092432411	0.6772979641267574	-1.2430548127550307	1.0643683657209264	1.7873633592128078	-0.7447993109420121	1.419403021368172	-0.191001984400227	-2.3867815488054402	0.571083024119358	-0.5007952314498558	-1.6318799135638733	-3.5525646252993126	-1.8751636548286923	4.841419434500709	4.56971072113852	0.474838568278838	-1.2069433546930033	0.11257875216350072	1.9227416884241895	0.6027035598435536	-2.9886027269608912	1.5222144269203741	-2.1781742976307963	-2.981510457732644	-2.113430527032487	-4.24850009128626	2.8035227933171476	-4.295215209466511	-5.6321210406986095	3.8613188132484337	3.4035546449055567	0.9002767666451996	-1.9643799042976675	-1.0599728986916643	-1.2139862922667375	-2.058065036571581	1.7729419900142358	-3.9065028288509103	-5.683870830259149	-1.3893179522156347	-2.931231914373452	-0.09718880660595422	-0.1375073144088329	0.34150327677287234	-0.7368311699919285	-0.048143338928060574	-0.5341946013450656	1.3107166847597258	-1.3470079123074952	-2.832445233925742	-1.603885040277878	1.1635784462605303	0.27301905343759253
DTXSID3044889	-0.6701075644014709	4.269766546676705	-0.6127753574091174	0.767358182537252	0.5543637271755136	1.4632212835156502	-0.8756377413668748	-2.276443739952118	0.3080263099800828	-0.13812750883372055	0.06640523920673577	0.5515296708306526	1.9298555728578586	0.7751334930184655	-1.7231185801390672	0.5233467083813702	-0.8828542912624857	2.486780274529952	-2.312536083367009	0.22736464434711012	-0.9442962092821181	-2.32199823733566	-1.4303039925505638	-1.5395539879076476	0.24252698151936608	0.8548586155476473	2.0233641086457705	1.170149475371331	0.6676941308180352	0.4634263340377801	0.34347812302861375	1.9913002488260931	-1.053270411299368	0.31461459299792005	0.5745340851045352	0.8246372816194802	-0.5201313980518205	-0.17972444764358558	-0.8072995062755205	1.0228690262293747	0.16708361028948285	1.2532830152731067	0.21215645228032237	-0.9836955697890123	0.0811786517662835	0.08454719838609134	1.4468063982334194	0.35399088921618205	-1.6178643785084748	-1.0947930204680425	0.8378882693308427	0.17633930307718534	-0.23311671354889793	-0.7526813464515493	1.181679188321519	-1.8269479647478726	0.00837075526909523	0.2748149973195249	-0.9856937450026129	0.1471135972862372	0.6060141266156015	-0.7200671817342046	-0.3351479501925374	0.13436482760149204	-0.13810853261542994	0.8433847273596293	1.0583174396776531	0.050815522393670105	-0.7112648440324895	0.4778958146988606	0.12596478051244792	0.711015382467365	-0.28629287930362	-0.09728585809192013	-1.513128142789895	-0.2553044192952861	-1.0960055675617364	-0.2754386567877309	-1.6252739504442237	0.015572964125833826	-0.7912034354310199	0.38389317904527026	-0.4053050222736017	-0.48184818286598474	-0.9692873697854524	0.009509840185670358	0.4430152490427955	-0.2912890982333047	-0.8990511870202894	-0.1685721686577501	-0.7780392838470672	0.20475365388765493	0.025666691093504588	-1.143564861933484	-0.1212443019676367	0.8498723994345017	0.694669899487711	-0.05965751071139239	-0.2722263520881274	-0.5187364720094361
DTXSID8027581	-5.036415970810714	4.636680583553825	1.2192325146074825	-1.6387038749905667	3.3480516131679954	0.941315346031588	-0.6897387909934363	-1.2240341674273105	-1.1172017018580334	-0.003508398452705602	-2.4013349428583894	1.1863380252613975	0.4949827621227196	-0.746641564912291	-0.40193099317113157	0.7409111031956956	-0.10693692248261064	0.7789527962145505	0.06080653174659267	1.55825936514094	0.7385180916835037	-1.0181460718910147	-0.23655414905072217	-1.5778410127051683	0.027373588795070476	0.06677910586363252	-0.36678840593546275	0.6219811798750295	0.1086339715435062	1.3186383379069022	1.34945392061685	2.0057523259400147	-0.9571294344658924	-0.4520533806108407	0.45338679413994853	-0.42447076197842676	-0.9915648833812645	-1.6322887270150686	0.03815669667311039	-0.6217356185801293	0.057774719161680727	1.2001554100416079	0.13285454866495838	-0.008994625918740557	0.17432245013407954	-0.15490501076495078	0.6890772439540469	0.6356055637007554	-1.3568186849436645	0.10244949501858358	0.9573786956536474	-0.02501320332545878	-0.8040001682731708	-1.3518570107311385	2.1969976042922035	-1.1182111660518623	-0.6913040440027092	2.8186644904694336	-0.555477995206151	1.4422519595673111	1.5510096571247394	-0.6704387874719984	-0.9446179500867212	-0.26458760167685347	0.5245241890109603	0.15400229186793063	1.2049122869884954	-0.41639834498674166	-0.2654587045361423	1.5954592270798447	0.7383027259120873	0.8928551675335181	-0.3624513995587314	-0.5208297558392144	-0.1529147906886153	0.12360157348685012	-0.6245779057493084	-0.45555592697013536	0.8627917827206156	-0.10618483235788553	0.26707674903754125	0.13833377982194434	0.36190057334305453	-0.3227836945782388	1.3709856397825313	0.046184453364225955	-0.9948092685651564	0.19656792933051506	-0.3336256524672279	-0.8831956890515581	-0.40240996852698563	0.053704005967858764	-0.5812182701230779	-0.17248544012334596	0.4747664793002173	0.021144120180245283	0.06071804361689805	0.3511150679353206	0.6309583348410025	-0.6791740589285952
DTXSID0025789	-5.980779401384546	0.4029651056897911	0.07728177535636256	1.1111092667679252	-1.3481142188937376	0.1004788631896075	0.9324154835808568	-1.10678424959987	2.7947578988583612	0.3216544986562502	-1.8667204813171192	-1.075032535244501	1.4981404558587306	-0.20033069281553464	0.44043591844682356	0.31393049559630126	-0.07284062864738296	0.20000965129813156	-0.3667482096160716	0.6326753929745366	0.1410808947185246	0.3085604214693964	0.08111772070794233	-0.14731480213967343	-0.08882034537046339	0.051571019058820056	-0.12396004220374113	0.5112791643004155	-0.558651415402462	0.1873841229309898	0.24356155909493443	0.3684952787467393	0.03740454771301837	0.37132521435281984	-0.3021788012603063	0.21490015615634284	0.7146508687122102	0.6788449603293752	0.0848980104641099	-0.27296010367933904	-0.21876307283093785	0.22417340539575575	-0.5868480199386951	-0.2934605656362558	-0.06465825198922623	0.010814630826826335	0.0418395183031093	0.23784882209578742	0.2966755387082998	0.08711942686533286	-0.1828377413363715	-0.13026317257651157	-0.29116280753070123	0.15276876707943862	-0.701149190297415	-0.4068973038534588	-0.17342788238975226	0.40619531666396275	0.17758345055597574	-0.45016278978948016	1.1888121815959374	-0.7981755114276393	-0.35637067995880023	0.11512592396590586	-0.3967322949707165	-0.11876768337317158	-0.32994756856161866	0.04440720429996305	0.8980693690727826	-0.5342459550939336	0.23530555582513774	0.1748990216951231	-0.49578619086141806	0.3342687786655362	0.10273457407668989	0.040065503060617534	0.4638697770987238	-0.2206293012784597	-0.24980450978365615	0.4609581538178079	0.004405266241479693	-1.0528320869736487	0.03938440663567668	-0.39101079396588145	0.16881702986942732	-0.05594186606245669	0.5833741333479284	-0.06454446088189499	0.7603724789493603	-0.43805982961970946	-0.12418668315069849	-0.039109815509105354	-0.2287913191848622	-0.03026501011403165	0.20082193953498262	-0.13108316003971335	0.17127762853265038	-0.0828589042705411	-0.04713952667359063	-0.4051001183140376
DTXSID5035163	-4.642469097588278	-1.1540649596313952	-0.15660202186695904	1.5254360235176072	0.7991320571648901	0.5543771861227524	1.0553278231912913	0.39986199127714184	1.53156339145142	1.5853618595774486	4.745620378772715	1.7036948855167908	0.2872664573271616	0.6125286382082407	0.57078250458449	0.05147089739962627	3.4522977681201725	-3.1026405293130805	1.4289403677150023	-1.0971029358787296	0.5786423155251538	-0.6320203444886344	2.975998474641629	-1.5513850031623861	0.3914141665369892	1.902061852731126	-0.05285333948129717	-0.022110450013901946	-1.0350638230554172	-0.46231787302200744	1.5104338320400876	1.249645196268527	-0.15072322261200097	-0.08718568467020839	1.3546410427181403	1.0209515401063367	-0.7136879875363384	-0.8042582173394451	-0.2566688755923088	-0.3372237082728121	0.6644115581044698	1.2093339107434056	0.2939743687731716	0.9460322536426455	0.43988334304207105	-0.42796123399304314	-0.661625109995603	-0.6736129427275741	-0.7364089381603374	-1.4913044068032444	-0.10746372153532568	0.11881605844021248	-1.387776660829266	-1.157637025776098	0.30424369548596575	-1.5594838602411267	1.7591876601305265	1.0226721153958673	0.4571091341695375	-0.7146644625074734	-0.6409470059984459	-0.2667972930877855	-0.5395971653333925	2.948401219702397	0.10643308068104398	-0.1720470768462344	0.22318273163860938	1.195014700431228	0.20505345116718246	-0.4818486454777917	-0.32510978550691466	0.0797613330946399	0.7690177136741225	0.18091434516221697	-1.1655360043803848	0.47528272499351415	0.74097001713419	-0.5171159139072223	-0.08844728604134797	-0.6012839176466924	0.5107588315053527	0.2149164710763487	0.19126923953829705	0.149504032731461	0.424050500224729	0.1827525093798167	0.27754219573823696	-0.008540547396043525	-0.02278625017248348	-0.3566737552507117	0.06180434481892607	-0.05187552918288469	0.028185804460643952	0.28884059396025535	-0.2205681699285615	-0.04143558168177851	0.1715220403586422	-0.07405839612500986	0.10690536287200719	0.3345488372793669
DTXSID9048932	6.40656330633767	-0.4848392477979642	1.3852818646265594	-4.877736046207135	0.5268390170206876	4.719779361063444	3.4605665861552763	0.6850126854477347	-1.757919367517268	0.32701993365065035	-0.6823217807237376	-2.932332545778082	0.6657680736780585	-0.20990559008716697	-0.12132332824116172	3.158207627746377	-2.364360605450443	-2.0140993541698555	-1.0905025189440007	-0.833458806578782	-3.1000727943826205	-0.06680190686272858	-0.8518324137406746	2.38773420464832	-0.3587299531260171	0.24554745256845165	-0.4962528616803022	1.7449551205114477	-3.0994178974046602	-0.40322566152490436	0.9016202715500616	2.7098134904018623	-0.48024290588041263	-0.0023780311978134575	-2.2411348815111216	0.7217972028332414	1.2739003278818586	0.7740338988653012	0.032959715151364366	-0.06535540595641479	-0.6082441614503876	-0.020037173340558937	-0.4896976608721325	0.45038648868500575	1.202702768043703	1.1827030453840779	2.0457988437462165	-0.7716700789865827	0.23960021255750302	-0.4923328283680634	-1.0058673740301323	0.666935068921543	0.15401473485607137	0.27803096736345473	0.12330103022710293	0.8275939579220656	-1.1781989291358848	-0.8249093383418983	0.21225757265052858	0.2252122316971276	-0.12523112848303228	0.5600641125855464	0.9122642756435043	0.7943786643279416	0.991926490820158	-0.19822059919197257	-1.667940038566724	-1.0073371540178049	0.15637505051171818	1.1932904059733436	0.14897719491560038	-0.4117211410809254	0.5512846357469039	2.519900020877376	-0.16112933613063746	0.3357274470555458	-0.520055548415226	0.47307042619005385	0.6539846999954041	0.22215719387112687	-0.6878606447008966	-0.33688216960190603	0.6071480650954807	-1.1272261979374185	-0.25535325756001215	0.8743870532479757	-0.5095732718083349	-0.23166630597232885	-0.22497237782032636	0.26202842747557875	-0.21263392930385017	0.2957168307837905	0.13612294241306364	0.4759792995292316	0.08224196751551706	-0.310723853871496	-0.6114842198375061	0.3206013084969652	0.20902199929267917	-0.013527522094839891
DTXSID4042129	-4.918547238176939	0.4936060367001654	-1.554541681190125	-0.8575669185584124	0.5799550048053914	-0.7599224581225764	-1.874382843384337	-1.2657485796168129	-0.32156920185898885	1.3253664727287695	0.33846697729566944	-0.45541984637680155	2.668118368597102	-0.8743843374777696	0.31596224024947717	-3.5032455143601746	-0.7324915609664818	-2.5617440711510744	1.0055453844920448	0.290986368659072	-0.959759752667332	0.7438014800654438	0.0653131172165148	1.0022617108323262	-0.14063038847467857	-1.4787897005260773	-0.3210489613858306	0.9369020200589423	-0.05766462035725223	-1.740413967422201	-2.602995874015374	-0.05905361410954105	-2.248446020347189	-1.2880012301364856	2.399119475210462	0.489332965139423	-1.0113999585583031	0.06165856455966822	-0.7591014715034264	-0.2849770730341414	0.22385844895789558	0.7050611016038905	-0.16642322449253974	0.0002641278725075322	-0.7666067878956091	-0.014553022906149413	0.9875147259508126	0.49574518572128196	-0.23284737441798625	0.7550978147148893	-0.4580228649852261	0.4191384743819633	0.7242789859541181	-0.10281745339882957	0.19786238895163202	-0.001014529546192636	0.18824699145702728	0.6512722260443157	-0.6818576635486049	-0.97200331067909	0.19197922669317374	0.35523243342584226	0.5360841494975251	1.0839297914916615	-0.4715644386390615	1.4712878407190009	-1.314266273226924	-3.1410398953821725	-0.44550326979934096	-0.07521827759676795	0.3857760115578212	0.5088542836869944	0.14447551060534294	-0.5798420755505236	-0.9790977649713533	0.49876649310749455	0.8054739459789936	-0.1489033016772629	0.6896222036519557	-0.0538064923967251	-0.3936763167745925	-1.7799135724859156	-1.2144702967762293	-0.23831080523484316	0.38925862408304307	1.4139226043357969	-0.7854484152824307	0.05431987287586695	1.7131884381367202	0.5201898396546589	-1.6268216614276099	-0.07628748315305321	0.658941537244513	-0.026709407998455892	0.1257538155044794	-0.0033058567574447244	0.10045232182288596	0.5472930369962568	0.22145444751902787	0.35333789134302546
DTXSID1045164	1.4534779255265384	2.781457903891653	0.40325929108994596	1.807162980290228	-0.2370851351427688	0.3547538611733337	-0.534672274511105	-1.7268667565683593	0.7294906381911517	-3.5820526870488965	-0.8629141766579689	-2.1891120467994276	1.8069920686006986	5.224601339533979	-0.5886869918358831	-0.997760727672536	-0.8159851828924944	0.8767716760525022	1.2893579427714448	0.07383406035505301	-0.13070456018973595	-0.3293509545027372	-0.5410955241904764	-0.1482043386200395	-0.4699731966387819	-0.6945831638990153	0.15869405944935794	0.5870382348083542	-0.49001622346303636	-0.38034300597120047	0.4997754990062705	0.09259214815137927	-1.6124762419046172	0.23553084756245224	0.03221995842067393	0.4405221538727127	0.6939617149406073	1.8255807166547908	-0.7673526268644475	2.277653992799852	-0.07822933576782622	-0.024914823653823862	-0.9470475588214946	-0.7603240017657006	-0.05964861147696989	-0.9195822069013885	-0.6463942987433987	-1.1957977596048783	-1.6190286399490144	-1.1019424516088336	-1.2960732876757441	-0.1268721585304366	0.34532511440795344	-0.08230518930460486	-1.251625048441699	1.388703233430087	1.1871048643412239	0.06888290117630486	-1.0598032961304413	-0.6727457627243176	-0.6273868240676722	-0.04423160147251606	1.1470145256294524	1.4131576127816303	0.5303665419560392	0.6901039439555972	0.07472685352823358	0.035573360412442655	0.8701742901592758	-0.44133683659680367	0.2384951484075531	-0.9338353720154144	0.018217582266393157	-0.6061268729545072	0.886402536931813	0.24907404583474133	0.6395389452600692	-0.13251175978519164	1.2867136619645438	0.3788569259007358	0.9236572024429318	-0.14262208774784194	0.8515233702367482	-1.2424265629366489	0.9160600944383412	0.18363093043888243	0.5302521056503325	-0.14073915580931087	0.31501358215202974	0.06628515487476672	0.01989809449943737	-0.02378239929270857	0.7309726367392351	0.18382907312687033	-0.10434567822108957	0.5064368993479595	0.15238045085678362	0.3176606058604321	-0.023728784052221674	0.12155075043942976
DTXSID9022601	50.98923509804815	-3.9857202049832234	-3.3759973348147256	31.47993768633297	11.269050637363545	-9.476602937766959	25.60630764442922	8.273474220309565	-9.23922511780686	28.976596079192202	-17.84624191581475	32.6132522261983	9.491209771123438	3.22209659379496	2.4132473434679595	-8.023459110622952	-8.429898803459361	15.762756394922189	17.542696992986574	2.290204924033669	7.739216624940137	3.754282372862821	-5.038362315145218	6.345982184110346	-8.869078798444912	-3.6104941709092433	-14.549631826204354	0.630703692395272	0.8659188234884297	8.724584081022707	4.805701848151439	0.8936634592380784	-3.1968378677472344	-2.258497482229193	5.105696933957893	6.9642169104080764	-2.410543743219316	5.291898022601415	-1.2319545342245672	-3.2350592556230913	-3.0348253919294392	2.409242644566611	-4.316689667074985	-0.24879601669004248	0.1114842395909525	8.4618238572323	-0.13206187595780344	-0.8624628639568713	2.943778788757173	5.673565676967715	-3.4278623882980397	-9.281759260841833	-8.15233884091792	-8.23090033958281	-3.2400310479151018	-12.491973247403687	2.9324184389983756	4.3099540884287935	-7.0478519581954195	-0.09347195918864185	7.234173056461925	-13.070592850198626	4.908118141815819	-1.837642415388983	-7.512051939912346	-17.308937078555374	3.458338343825873	-12.34422268941205	-0.3158651101588442	3.4261739747815163	-9.00158573374068	-13.836790025251474	-1.009941020222969	-4.261238120545599	-2.4831029016841972	1.8605731839027877	-10.334354224184503	-2.7060970273049603	0.7360698894250166	-10.757021150037831	9.652904521928749	-14.790889353179015	14.795015126933384	-19.895916210750308	-14.557203080847701	13.718606711725618	-7.745539082215669	-7.570466350096551	-1.896745920939171	-4.9444266570146365	4.215729111422904	-11.610168160907877	3.30828123412152	-2.990099212272456	3.2543871622661467	27.59851737420892	-1.7781512814933993	1.1168597033811218	3.795010492310039	11.134809731924785
DTXSID90174941	-0.5846868695024637	-2.8470832786540576	-7.25248084201581	3.8925825035043684	-3.968999434415755	0.012946427027744366	-5.8979941087846495	-6.519185747798126	-0.41736545016356386	-3.064775032464808	-4.53484706289324	9.41745757544433	0.5199833572508781	-1.7387074997406982	-0.3288114273501611	-1.822275035462185	-0.9832973648929565	-3.0764466845414655	-2.9940475042734733	1.9300529971720328	-2.3125322228482643	-2.30573082297655	-2.50133299455362	0.02454720353312305	-1.1127659643848322	3.205270064766429	3.6384421990216658	2.6753135859013213	-3.085466839103386	-1.885232373094505	0.6196923092529306	-0.17245421794606608	-1.6421620917662902	2.2289254203095346	-0.7524142955653923	0.32358590559675576	2.997928374769601	0.5667707312894164	-1.0677432250887697	4.254482407616156	-1.4726265597470969	3.0406756995544018	-0.3253846910454704	-0.7843937513819604	0.028068508361503784	0.04754353196121984	-0.4839756567846159	-0.16279641968833092	-1.3620028343974597	-2.679584408077132	-3.9951778460259804	0.6721973570287147	1.5051881778091776	-0.15920006497682757	-0.23344864622684594	-0.8928943357921332	0.8819837709285137	2.0823885260654875	-1.736106199772209	-0.16510290702968955	0.8456574421178039	2.5962343246672996	2.4127465552689675	0.1068772174004083	-0.7293803663545929	1.1382791274674682	-1.7643190629972565	2.0066269799306875	0.3542762746846031	-0.6496662021610276	-0.7120274597129382	-0.9111458752736885	-0.749421377076806	-1.7005941549886623	0.8486285661257155	-0.8738035514116663	0.14646233045208507	0.16647825782245032	1.166718646125218	-0.05147081798274004	0.8750262622147041	0.15292173045807017	0.11979759990277307	-1.3988719420875688	1.8558371901435542	-0.9350655666393647	-1.1244842514991538	1.1608539080967295	1.1153794529028362	-0.9147889530230636	-0.33389508092135495	1.2717239893770957	0.37458457610817264	0.20881358388469476	-1.5855292441659257	0.6433914585071537	-0.8343231454479346	-0.47988501447567705	0.7347848478044956	-0.9559770686670815
DTXSID3041293	-5.683843384049133	0.5069764955261112	0.7424421980631833	1.454008686949831	0.04595505053673257	-0.6861081230347892	1.8897737100003817	-0.20212872997007789	0.03208589315172538	-0.3880370152876856	1.2849000577045457	-0.16128431652837452	0.9198266182813244	-0.33869872252919675	0.6299939179079734	-0.2760472166840232	0.3769737216145532	-0.8550766731594645	0.34419074529952154	-1.2961316580540547	-0.36662469483173754	0.11923771440570335	-0.6233739793380755	0.8643610495691965	-0.37742821294317885	0.25335117260778106	-0.30534286712204006	-0.1850637668756621	-0.9545502557023203	-0.20888108121378032	-0.8262749277339457	0.6115972374268398	-1.0266543359194347	0.411533640001387	-0.1261463152148059	0.08503942274414776	-0.17330243407115978	1.0921907914231381	-0.5797536811892773	0.12726220236788627	0.31651138115447786	0.7416516967349113	-0.28410824962725445	-0.5871513772953946	0.2834731924846259	0.44967230865866564	-0.3459528284258345	0.7011710649393169	-0.5770473873518526	0.5467769253811884	0.20725118522944613	-0.6621218281360566	0.3795800140657119	0.3019633007173497	0.7905252675388635	0.2535099811635459	-0.2552210884584903	-0.0397655573269365	0.5847809022234742	0.12475897260845165	-0.2337021663464069	-0.4136217234157697	0.8788348144706265	0.032816365263956884	-0.07067577478906695	0.04096868630639672	-0.28052754352932585	0.1417149922010363	-0.2736854331989299	-0.1774713644797573	-0.34201897264907666	-0.47364541601550436	-0.13702853590722183	0.12916530576614427	0.568933618780698	-0.13915696395124705	-0.1624687277891385	0.673374120090637	-0.5059353891741392	0.8108109358148602	-0.22298805373212852	-0.026660844471929394	0.2830601780044771	-0.3743441096779669	0.09502083192233768	-0.5270226721088951	-0.132702288745586	0.14892857452652364	0.04153838463581359	-0.5036121030432066	-0.02012562532213167	-0.04521106148593987	0.20820183897474864	-0.004010791087980687	-0.08772627875161716	-0.5372491859326866	0.30746469936421156	-0.11861063083349839	0.23339425049446025	0.3754020066342276
DTXSID70880215	1.3207523612293341	-7.602043854289564	-7.713573473043644	3.7967621009169	-2.176948040557112	-1.1620524331007442	-7.862982987856377	-7.850996269386934	-1.0022016421462119	-7.1084947038595585	-6.984334824587526	10.430576929841331	-3.4661619318377963	0.9579141852332285	2.3406083466015954	-4.327534553373839	-2.649161331742179	-6.577707286458568	2.340095672218715	4.624064093928811	-2.4963728605398576	-1.7579370732724977	-2.28873268216881	0.5513083629148967	-3.3110400363697545	5.05961210204223	2.121187207669183	1.842851099739659	-3.8639760559904626	-2.4768148262353575	0.8178951843528617	-0.6641859313365405	-3.345168043612509	1.7225614093032011	-1.1646990192376085	1.8525056087051768	2.781038149165455	1.8955455267842154	-0.7489895686170842	2.6374318654148126	-2.0782717227038305	2.258316247240884	-0.6902139841848373	-1.2369437987054197	0.7112864743579513	0.3250470716086666	-1.362081367484339	0.3459944124779758	0.2021366189518628	-0.5355669640982701	-4.077514806514794	-1.0361499238962202	2.1157902820911074	-0.7011257693217086	0.524358472917867	0.11635372316006463	-0.43171353189407335	2.578092101507239	-1.237338151826993	-0.728823449351398	-0.5797634028399751	-0.1623366413646433	0.5795858296083033	1.3597457088640916	0.14578307620744457	2.6388528569272682	-0.4448882127232286	1.5198118259296882	-0.7771027655249328	0.4768806708978428	-1.6477755972419583	-1.5686589003016747	-0.9547978082778799	-1.7476721431416609	-1.9568612751711574	-0.5398002092320386	0.6489680888329106	-0.20848840676530198	0.9288084742495921	-0.4039845789635913	1.056343024567901	1.2062869628720558	0.37198849206805207	-1.639615949178725	0.7241058490119389	-0.6553565602839498	-1.3054200346431477	1.9222358157329913	-0.6106473057346318	-0.03060741732140305	-0.902109162715998	1.530214180430071	0.7759669447099662	0.48374988155992427	-2.1427315364078305	0.014009121886276076	-1.522188231446027	-1.754560908893522	1.3713683908687564	-1.0354960068789107
DTXSID9059834	7.527662810556343	-12.801147458681008	-12.224527220998922	0.7780506085426206	-5.350521636652175	-1.5643069985940785	-14.871063017318459	-12.06755833674937	-1.6394916411398277	-7.259562052327576	-11.799007613730481	22.7434398792952	-8.924946559254264	-7.025739455678476	6.061901871976876	-5.704147480404244	-2.965682093362721	-12.061315797544093	0.46208690032033956	6.881778190175267	-4.542428158772411	-2.933468790098349	-6.3053761967444375	2.2784214240489074	-3.606191041949061	10.072525714916061	4.1710854897653835	3.5053362053287898	-6.613466076527352	-3.4622421632076317	0.37034837541688054	-0.06550611008467284	-2.8949132783752223	3.2346690198050045	-1.6279221468017482	1.837710663079668	5.176325957504635	1.0707485394629959	-0.9622759842533259	4.166115398529651	-4.587867465785256	4.241120696910421	0.028043217359274796	-1.2438708635565074	0.6741757941916557	1.7275206009159287	-1.0610074586497016	2.219445947963344	0.6532890070523407	-1.1795470318319154	-5.999357556859499	-2.0211929325119287	4.2785688091049385	-0.9241719330597405	2.413087016424361	-1.12905964911112	-1.2639089694830736	4.3708424065403175	-0.9194792437777594	-0.3199670188979916	0.3796142865780215	0.7089866622453578	0.7783015481100799	0.1424088530776303	-0.5604601664005968	3.246456806585767	-1.890115151628207	3.6592261176946694	-2.979406260209193	1.5196936613879801	-2.648891104754708	-2.166382334909624	-1.5163049616105488	-3.2424915479558396	-3.5200333778443786	-1.3222895221323256	1.011219728983338	0.025980400836633062	-0.14492596375569497	-1.145797999914326	2.9976332833113988	1.2439007733674146	-0.7457274605665731	-2.2833413165172147	2.378630905684185	-3.0379830396644176	-2.1880500952328976	1.3321278159373178	-0.49494445305309004	-0.41324777082138947	-0.6959986276390925	2.883765888960056	1.5486720440717432	-0.0709014067751131	-3.891803226670523	-0.5194250672133474	-2.117674252067598	-2.3938134421802535	2.4521932904259898	-2.0446418300746383
DTXSID3048948	8.263541697046717	-4.872685242091218	5.043739081051675	-5.582532169963071	-3.9109699792728	-4.05257913367792	2.7534229084430724	6.875542077344913	-0.42654168237501466	-5.1156254725109305	-4.405246818455714	-0.2654169213471951	2.2183154391383493	-1.1787694770843484	2.1175168569093796	0.04185379224035898	0.6776659340985121	4.001702701736434	2.8177144228200377	1.9795542763770888	-4.608765342376626	-5.812356075255051	3.863384957445636	0.7270316463448198	12.234288936601496	0.7774674101646996	2.4451580985576875	0.33138077994451975	-0.4174588057388819	-0.324987880070458	-3.396771816644514	0.8700101367218345	1.9217401987792646	-2.3257291101169146	-0.34107154095715225	-0.3061091194399046	-0.9566196676070441	0.8486767245503947	-0.4664852192237525	0.08210661661662065	2.1489619458895177	-1.0987291194085869	-3.5476792001352826	3.8135377815212417	-2.482932733269447	1.8723445899291824	-3.0022553232821267	6.540049289138766	2.76327848692929	2.464350051872625	2.865915852492108	1.2319864960398372	-3.7635716982577962	-5.000004241676003	-2.010612701516284	2.0894400123108547	2.923279655061065	-0.02776965176714455	-1.5674975839631815	1.1770925196287605	-0.6146376304608187	0.9145397529661157	-1.7976670056727673	1.505240248868294	-1.5476897937351468	0.6337970745199984	-1.1550970204562914	0.7949392468333548	-0.13807292163649262	0.5723354550556703	0.268934730899335	-0.10667177782712643	-0.9105154282087806	0.5600855491426834	1.5005570401882367	-1.9911237927788255	-2.8719868537355024	-0.4538137410441439	1.344184665131329	0.8156612145665043	-0.7335858538570939	1.0670875301355651	-0.013499190872613538	0.04836933382066378	-0.44552263351643095	-0.35913880060900516	-0.8180913629553507	0.8865952568333204	1.7072532031371732	0.172586416023499	0.46541733442404853	0.5365107906299714	0.2676377761761059	-0.8500313185442705	0.4601690583856867	0.611499232236852	0.05365371518293397	0.6140608936393919	-0.8732272573765444	1.274652960523656
DTXSID4020876	-7.034601031277516	0.7503079394378892	1.9375493205013976	4.253244771929564	-0.18655195131210411	-2.2681668636694594	1.2304499336903283	-0.8333752737193694	-0.9890822936083385	-0.03688279476460487	1.0943585821894288	-0.30017409750323704	-1.2746530127877163	-0.685903400656826	0.4948351804899881	-0.19556171317664478	-0.1131189276654267	-0.4143833824018556	0.3017124501252517	-0.15887018649825205	-0.4204668449607971	0.3102362489150389	-0.40852048535238883	0.5262125935310293	-0.3873956431391126	-0.1117867538883522	0.40234941642264505	-0.5274756444372654	0.1356907791726531	-0.7598799078661095	0.2273136570233781	0.20423313809602972	0.36575700379004505	-0.3143729589350497	-0.59030491069204	-0.1712103227367386	-0.7597660448376565	-0.2643712795001812	0.015387554277843463	0.24139764925617324	-0.21183673956520432	-0.02978071499637819	0.19559023456653069	0.33228890583804765	0.3913725038751708	-0.04412124325967002	-0.3435958111526109	-0.042526391400758846	0.17574457202624863	-0.014845238230125433	0.2089773524831265	0.38667848714083625	0.08371788120696531	0.1274882184224787	-0.2814009167973111	0.27448345539648433	-0.2160178709830257	0.27669619227379966	-0.050336897965519954	0.47269674380422666	0.4679044130146275	0.36891300684970285	0.2843533410091082	-0.4955714215448664	0.1714833152651915	-0.423091296178572	0.0020966317781456975	0.2058615724562173	-0.21642785032073308	0.4025723241792873	0.20811999831610345	0.30935797738057125	0.250022825002129	-0.42412683250253363	0.40575557666585105	0.05186575745004494	0.13466345430831608	0.24803453187972557	-0.24306074145919782	-0.3914475786728799	0.07476629423259512	0.04941031162639176	-0.3812431816745844	0.37094952572049217	-0.3360625644642484	-0.14173521898969427	-0.007076178269785572	0.012740104370538	0.09281073198701073	0.38037190904676405	0.18803812281459614	-0.08766642525271647	0.4085398324865531	-0.06107346937248978	0.15779258966213244	0.09712437305703994	0.07466031945403469	-0.32895145679751925	-0.014053059798159307	-0.12858098232252665
DTXSID4046527	-4.914068674062856	1.0980559090616298	-5.258549374219788	1.914247581078295	0.40959467536838423	-0.4675476295059518	-0.6789878226951345	0.5078703095085292	0.18743399550390452	-0.11317278262583376	0.892077201777086	1.8165780317990035	0.6067715794099265	1.78046393551436	1.1372239355104081	-0.2837478099802441	-0.5226117517557854	0.06763170252440752	0.6906496003344357	0.5876971239153432	-0.4643453095540523	0.9949760490856769	-1.3688800227108453	-0.10214387105921796	0.7829220139993958	-0.07571678473102182	-0.06214372749304267	0.6514061175114668	-1.471630461340212	-1.0352655546845975	2.2741527307858616	-0.36574195450229147	1.9300709849982103	-1.3296507356196965	-0.06679919261889213	-0.41456870394529716	4.355328937405047	4.285511947705006	4.854233318513201	4.276502553998886	7.203462026935457	-3.0866152866818286	12.384244000627387	2.1112209506521173	-2.079235035213656	4.785762784133346	-0.1400378045123666	-1.0545311495352265	-2.082953711915136	2.6951884573630025	0.2026808828871232	1.3620824852458782	-0.4826859210909873	-0.6430609388463362	-0.8559370776722006	0.6376551805972659	-1.1335828664964467	0.1442056679246009	0.7199226858485296	-0.5545198683108029	-0.24132356149400108	-0.529020295939583	-0.42922620701639597	-0.34404941965869407	-1.1116229447588095	0.23652260899794209	0.2733815645176066	-0.9942918239613313	-0.14934358621582747	0.3863379274397626	-0.8953158256917059	0.23911144875202117	-0.48183393269320973	0.8106232359355883	-0.3840230596866558	0.2583550201953178	-0.7553827774095144	0.3241550478378609	-0.0715089958824958	0.07628744793557883	-0.41029909452377233	-0.9105855990826082	-0.34689266175355077	-0.45902454969844225	-0.4673980286141543	-0.29462724621675457	-0.34837370341780727	0.7376686727330761	-0.22332269143409952	0.2649735187501392	0.21475248004667896	-0.17741300327132659	-0.06543478361766426	-0.0656876784234899	-0.6224257463064142	-0.6615888831472746	-0.46578237231107406	0.30283744021338727	-0.5016599330449404	0.006726088655852685
DTXSID2020424	-3.3095252407921807	-1.223019694232719	-1.880281340698583	-0.6331932312731694	-2.106332211779412	1.3027393913067404	-0.5184966374271149	-0.8159852776753334	-1.4633654134189507	1.2258547548741827	0.12856096011367749	-1.218684290617286	0.44863295560146965	0.9718238623597132	0.044648996641818435	-0.36875453882221365	0.6319431565042621	2.1110521448136965	0.4531183492855102	-0.8052176033729489	0.6883978888198585	0.02816745114161522	-0.022912268981989097	0.43188494011720974	-0.9247377734803919	0.5321041875447636	0.8753644234236562	0.6193163621537071	0.6678484529003362	1.271726905972805	0.4627672516382239	-0.6682521414937671	0.48443031348807736	-0.006434747305949218	0.35430426416410454	-0.28484757176576	0.2553110322438842	0.07376513522311895	0.14023656367463233	-0.2335128459011114	0.40179156351124057	-0.318706186542391	-0.22541562701182621	0.15363651783838667	0.3495501985177808	-0.1473036967966603	0.8830543352948768	-0.4833181657914318	0.788355613777832	-0.3124610992758463	-0.894790057640791	-0.7137637564296769	0.7060539889840765	0.1527482553391451	-0.13635851084199926	0.1541266617699965	-0.39601071718387104	0.3873707163299516	-0.09311804653071912	-0.22423607457006317	-0.5350108046576308	-0.08413791839775411	-0.28470448480828875	0.14143014874690463	-0.04308810147384539	-0.2797892901086661	0.47516343065084515	-0.15844116967143823	0.04572887728742046	0.749537504430926	-0.22279226986659112	-0.0502819462144639	-0.006511181813375615	0.15858902151024826	0.17155430215352574	0.2446435874770194	0.48026743632406743	0.9911160199385074	0.4353306159951884	0.1046572508878575	-0.2934321497601899	-0.08744977383451592	-0.3791145540093489	0.43708155860707265	-0.3162481618113887	0.0005539224875405013	-0.023933926348803786	-0.04487946099311639	-0.38680974528608175	0.626372915340815	0.15928047674279133	-0.2592478636747468	-0.2580675166029896	0.08649831080523776	-0.4764336816384394	0.2304220841140448	0.06912026316474364	-0.0011088419984349195	0.09340917166905326	0.33201779895664335
DTXSID1046344	51965293.142989144	-17617211.735902824	-4585707.513738583	77590247.8364037	20290504.277280964	-18483622.625923414	141434060.84308955	25927942.031805936	-34231776.02605413	165264174.50865743	-53894139.940297686	142516130.90295798	34082474.224401094	-12229569.826777542	44124402.708517924	-73067730.06068745	-46495048.46072267	76539689.68276419	94826793.4803854	25714871.703292448	72372359.38976482	-35471843.067884505	-47765696.971424334	11899671.61998459	-27751604.42815793	-47532097.17335001	-23488977.679825503	24530094.178617828	5761732.23157379	20875848.47174709	6813080.735436905	32797774.73423804	-4734037.722570797	19685709.788583323	2902409.1971377335	40462343.0852742	-10959841.280047284	28283146.848708425	-23228119.57354723	7971901.084116152	-2110198.1525438367	4943459.868201255	-10094672.504363269	-8400581.636619551	-3347387.270259845	-2746780.322471155	5331008.072752167	-19420604.349512722	-2659577.398631413	12954054.015721465	-1804881.9071991418	-32239166.743944384	-28365722.34764901	-4329049.0069990875	-6911038.512644112	-11095342.888726952	40437404.85432743	6479267.639020029	-59770088.84576576	-21675342.363998376	43325354.27364012	-41555999.70741422	22997515.060630932	5045392.202558979	-35262278.413510434	-113068906.01642175	-9986822.988373997	-44974500.36859913	-36142693.90890098	13435123.624036917	-39819631.65895317	-67723773.34492609	-12902646.54238698	-16872943.588060997	16987980.754409973	24058443.773711026	-69899281.92571117	5914488.475463934	4337598.601259127	-68403408.59212981	71931800.58733684	-63820441.43963609	90662943.69204791	-111880615.75637382	-87268246.60386182	89748709.80943832	-27755109.24383043	-39827309.09474523	-10698465.313638637	-26694980.239376783	9426429.299702713	-73292467.55215976	25679515.47282136	-21723714.706172463	3017310.040752315	159457512.23792973	-15589251.451262731	-5241096.93458467	17749943.78115563	70374349.3964113
DTXSID0048898	1.3735957912301695	-2.3853204049860595	-1.7271724861817943	0.466305435514932	-0.6533680993460608	-2.791832632464025	0.05750052080053979	2.1155002779993137	1.7265346607078558	-2.2649889711086884	-1.3459970652164899	-0.5762450846944774	2.3375488200387795	-2.7497062392146963	1.2505908511523331	0.729940680959453	-2.429070764630568	3.514186939406124	7.240766392729019	-3.4906206640337327	-5.204335552880062	-8.422275697999687	6.507177673040978	4.706645358366483	5.795884064083641	-1.9442126381851266	0.5573307019765008	-1.5644684143026917	-1.6783786455953829	-0.09720832136050682	-1.3951993127656337	0.1901607788364041	2.257531603808491	1.508103617617247	-0.8347899828855605	-4.666796340991677	0.23814046617335252	0.7630140783656453	0.7305180636662238	0.4887536239088971	0.5011806426999124	-0.9955551566737189	-0.7699878233287971	-1.0595072194644273	0.07032462482751091	-0.32120800989509124	-1.779071132645301	1.2651076394856495	-1.2364634271953017	0.2706771812590404	1.2962911552454128	-1.3593773241901845	-0.7925088389585074	1.5902591762648275	-1.1614329895287983	-1.3508616052676004	-0.045770234028754964	0.16671976149618337	0.2322476017857143	-0.867788578982923	0.38397241125005654	-0.40682839860013337	-0.8586188366718813	0.0744887098509852	0.1679128499151563	1.363114275003527	-0.37116184276640973	0.36049230119445824	-0.36874612996304873	-0.49000689656636887	0.27609537061725314	0.5690482748417548	0.19413794047832417	-0.5818547679333596	-0.07749559321775394	-0.30749916675392325	-0.17003902240598634	-0.539079337837053	1.2326289668068136	-0.15297411610061631	0.23889984939498105	1.0938425611733005	-0.6045839519752857	0.6583488710597456	-0.31863899842774834	0.8334195428578032	-0.09793716126828664	0.574609612449378	-0.0033498375801928816	-0.5734096815795617	-0.18879969364040766	0.1862232221719354	0.722493238199601	-0.6493978422809569	-0.31556950045281595	-0.4856405028425841	0.4558516304755314	0.35698873230634076	-1.1948886347411654	0.0541384801142206
DTXSID0038700	-4.870791913621263	-1.4516069529252467	-1.8470092369497955	4.5543055319078585	-1.8730279230797646	1.8210505243178778	0.12009534893049571	2.1686237955287773	7.573687675171614	2.6781897525532714	-2.892479277022538	-1.945649585810989	-1.5090271638245603	0.6829498477896864	1.8452767162073789	0.713407563531557	2.1450821939212834	-0.3426489806152552	-0.12048509169006053	1.204283965046391	-0.3262336072271172	0.8372955026221282	1.1590375899288428	0.05082656285614378	-0.4815603588682027	1.0321932177292812	-0.2019374448114401	-0.19397621926332584	-0.5440725831545171	0.2672637764525218	0.2590313375793658	0.02711653892011972	-0.19367315650486888	-0.5330561225521823	-0.007397964635992635	0.0923310985548951	0.09065406424102396	-0.6411460566635396	0.2419863099129686	-0.7392062917394159	0.03969707776971441	-0.346580023171517	0.5158795800589991	0.3893634194336849	-0.054580090436357226	-0.47330174110037126	-0.0032051847035023855	0.08979391088498558	-0.03540316879416531	-0.3738370417450347	-0.5306696313359339	-0.30755858433919686	-0.676929346102766	-0.2613809683724647	-0.10273871597308488	0.020185854198703602	0.8041789540055988	0.050026696523432494	0.35609412055044465	0.07518341216235078	-0.12099664864546747	0.15629060634116204	0.4935004135246706	0.4243067037728698	-0.3878679053779201	-0.11064936879037461	-0.8455192533720474	0.3720863821700887	-0.41866471444625863	-0.010612484484479576	0.3358131797882929	0.14012630181231156	-0.4293448427529821	-0.11482077338170572	0.00985289318596768	-0.30928892930779184	-0.41282176394710673	0.07295565889193498	-0.1806941416101185	-0.3434753920990832	-0.057169550296466864	-0.3059881328582304	0.0720852087542023	0.14407788350017853	-0.025999871649952995	-0.10401600227507136	0.1530594262407401	-0.11820869359911093	0.17006574157098833	-0.08440293589225106	0.0767095173791283	-0.03427311344170899	-0.07954417443844097	-0.11234615061214409	-0.14960628744520296	-0.03977576785977796	-0.05478543782191847	-0.001380030595358852	-0.0180081145391172	-0.05948174192204872
DTXSID5045910	6.622720582635256	-0.6438565164008903	1.5537010995872396	-2.8947827801150754	-1.58966927504666	2.0249804593594227	3.997810894604061	2.992422769762164	-1.6274091634057033	0.9212193114246876	-2.2751881735445	0.024526789146759317	-0.372146877717089	0.41866544285822893	1.9158365569557498	4.397286897874537	-3.663332904345784	-3.7077153964803347	-1.2698749202552964	-2.829860654101023	-2.504749596224202	2.6612468049693545	3.1152816642754835	0.37193407303025594	-0.7703673880067102	0.6245900995052099	-1.3895355360859731	3.2837956522218943	-2.3174795220860434	-0.8543320183104384	-0.4964260704828768	2.6180639102055334	-0.589164489222324	-0.08177546980901543	-1.3579145047087149	0.35540789178434506	-0.11534401345574737	0.7263400412739717	-1.18328158384849	-1.3188462169031243	-0.03950472444523086	-0.918396479747697	0.0063406703379684385	-0.2587149118197064	2.5901443969649725	2.5565375691221006	1.2284963359507903	-1.4835935236018714	0.18791538596355506	0.07059896887740374	-1.0758538310766401	-1.1706116968973008	0.5511868298757217	-0.20344418567010805	-0.0782744587241402	0.3512130893174874	-0.8277898349211626	-1.026763097495444	2.0063977239226762	2.805840161877283	-1.1672806501445885	1.2543699451788093	1.4355516695506523	0.17810938502860463	1.9290345839588503	0.06376177737550522	-0.7859118832032223	-1.7613591055678464	1.3444504609844823	0.9458319969061854	1.0194851412386732	-0.34748274953085945	0.6645400898182857	1.4551841843866362	0.2507613063331764	-0.8648974002044351	0.12696370549113797	-1.3479675382911094	1.9120109470315076	0.16750583351859258	-0.7565133135213247	0.3110332291574273	1.459940290026209	-0.49801480042464985	-0.8139379002270395	1.3415018022578222	-0.5073632315394592	-0.17955770347439082	0.13761696045736643	0.37828463273292773	0.48241627345064686	-0.27587360544612805	0.5125945623572479	0.30841356827946825	-0.21831290764649705	-0.3543618683262452	-0.4987164337203534	-0.6111275714280119	-1.1672459497335135	-0.2956826558835472
DTXSID7020057	-0.22499881712522488	-0.032100339418401395	2.2263686708187564	2.114026305045561	-1.9741626535289083	3.2397485963750814	-1.4486417648057044	0.5130403411624256	0.6066735370175961	0.6231874254073554	0.44914593767313254	0.36009660614068145	2.253945578687859	1.5888537178533468	-2.0782405893862754	0.6310621704587001	-0.17608206459622602	2.08083696285752	-1.0024551328096085	-0.24202307774686757	-0.16212543584062536	-0.3825974146839878	0.20417089760149235	-0.6011692284568871	1.5259675355279776	0.46305095632044707	1.4770002226794277	2.211263740090351	0.870920512835493	0.41436260486052934	-0.5703108196108851	-0.3909866203261486	0.2855941436331473	1.8624036773480572	0.12904779799265295	0.5041637415636762	0.01624947077961181	0.1161052042735912	-0.8429704326147216	1.620207950133312	-0.3848855146178645	0.5161543057833311	0.1235402654602772	-0.4071685717758037	0.12312430807172994	0.7856538983067303	1.2263226161888583	-0.18907243185326028	-0.699627361434136	-1.7734293523991296	-0.41294455502040994	1.1480186165425892	1.5456992485702299	-0.17942449998388066	-0.8089004498732643	1.0819097047566753	0.38333099625323475	0.5708450877938804	0.9114546212500723	-0.2234533994736381	0.28567734929559524	0.17555178213473355	-0.5315526121425418	0.4948432791356859	-0.8947826785235468	-0.31468974033210884	0.24957740036583378	0.06412580507972492	-0.651783484856864	0.16125376697003033	0.5259510335720546	0.09407538361491996	-0.5179516909183549	0.2122923774427172	-2.23583151459895	-1.0788504849734613	-1.1747239994194965	-0.4718323805100606	-1.435707457262966	0.0906930873153497	-0.30266115723740306	-0.18435295171098245	-0.0018472711774666676	-0.24955377183014468	-1.1925212050298066	-0.2442852067491231	1.196769981423844	-0.01999036660529796	-0.21050224936320938	0.24574690599535673	-0.20115235833824321	0.3535375198857474	0.3362584489871643	-0.5483204942758597	-0.07284536943686128	0.33279357142571825	-0.48024590475088613	-0.29830621312698047	0.19743410945046766	-0.16808600263533288
DTXSID1021744	1.9259963426585842	1.2088466683741381	-6.35757720058814	2.072653559733937	-0.9208076538604075	1.6103878500723863	1.185855140314137	-0.17060750596695498	-0.6646785976593311	-1.5048576488479553	1.9830046915785333	-2.1204565207950177	0.9970180084068615	-0.34704348521050843	1.6280309772708494	2.8570871639972477	-4.82985358810285	-0.044777695416427905	-1.4977296262026671	1.5985447293912414	1.5602668416471925	-0.04403158562933039	-1.1820480701637195	0.41638184597952055	3.5418199685595324	0.8044272157243547	1.4077570943792093	-2.563491250459737	1.8277429818014284	-0.24502183013475293	-0.8779509731573765	-1.8624976259373989	-1.9842598586293407	-3.379683436961842	2.3192060055543124	0.1364722252329169	0.7392704621894517	0.234747979464974	-0.4132266138239539	-0.9069119198107239	1.5330589942286916	-0.9330742425133969	0.10932618307966481	0.7640673642143645	0.6071619692760367	-2.913281115105619	-0.8628886413175542	0.03595771146041286	-0.5754739571102078	-0.6611804903622177	-1.9123299927670658	2.3456205964774854	-0.00422476773943684	1.9394468544319252	1.9000326276935389	0.600648651398666	-2.418760863337257	-0.29934952515259966	-0.8386436224129673	-4.703637140218222	1.6142243190812853	-1.380395538953648	0.21422013092208794	1.0234690138391285	0.3816735227070145	-0.3175300323067117	-0.8938789210194678	0.577136847697016	-0.7311369834930116	2.408219018794876	-0.23072929756057792	-1.2648210442490333	-0.6132901276887033	-1.858359080125167	0.2574085797044733	0.7589520295268705	2.8085524693341495	-2.3447121784147598	-1.5762842779049555	-1.0971641920778907	-1.91666490533658	-0.9727319873088797	0.19127377427443837	0.4133931584380216	0.5745680328144563	0.20381669933852054	-2.244910997450311	-0.8607380901734276	-0.0508121110521562	0.4401708527589493	-0.09237538266791548	-0.1060160649925815	0.034697706188453276	0.4112582635398355	-1.0227207310723252	1.8442414883440557	0.7991030859236748	0.025158496431828922	0.4947398451132175	-1.1840317139839183
DTXSID4021717	-7.090142277951608	0.7947857595883818	0.6949734785033957	1.2904588363990854	-1.3564559671576797	-1.5619100955926895	0.3788574138665649	-0.9570491971570623	-0.9063693917748855	0.8050106031792766	0.78117266260157	-0.35604689693190494	-0.127726501942135	0.419395264475744	0.36412640676332253	-0.5678887282542461	-0.2783490495721795	0.31381735345422446	1.0062333855167978	-0.44179324862884484	-0.1450266921626475	0.7637042826277447	-0.4362854095838584	1.0000613615372482	-0.604068462964589	0.29652421986398303	0.4049691467494436	-0.22918923559068288	0.23689975511125191	-0.21677373761887916	0.34222498860253997	0.10891863929058343	0.3628624981419568	-0.04046994342408753	-0.280274713571124	-0.00024610421984770593	-0.457177022554902	0.11990669674794266	-0.09406777261851647	0.1410426543042962	-0.024395834760626164	-0.1531826671027667	-0.15888114968484846	0.4001218804648462	0.5331020125958402	0.2847898616357059	-0.0421148024735631	-0.22331021580200106	0.34280908437714147	-0.24073812961255786	-0.027549618347687464	0.27835659805707097	0.335830242162905	0.27729131695583714	-0.3992699393209519	0.040408564779831055	-0.009781419099974709	0.05031706186314786	0.07686964028422259	0.20068804273029514	0.5398199519164937	-0.04372046919676892	-0.1517869018858273	-0.211523450124449	-0.06335036753481134	-0.4225151811327205	-0.1662031753633649	0.15631929122594154	0.1986409947838946	-0.08362957693840746	-0.024123386536808473	-0.1180400777351764	0.08994453079435913	-0.2547752363541592	0.19145644850380872	0.1430345673575702	0.4898666787849873	0.1800033043725005	-0.18997800147676772	-0.056437499102947146	0.4317250830487725	0.06382740800244317	-0.3067565236204633	0.2359922996193213	-0.17169196592295924	-0.24301925871131266	0.01110216630548655	0.0017906376567554032	-0.07496640259613795	0.15774806929015203	0.09253548949503972	-0.0810992286614105	0.15847295429695016	0.1692169839633801	0.04913891854622589	0.07178867562459072	0.09524644168846692	-0.17800574358159005	-0.22564071080851597	0.04192387156249699
DTXSID2040361	-3.473476413615813	-1.7590444917187755	-9.153055568991954	4.392458416419657	10.780761709537273	-0.6632460184305116	-4.542429471103722	4.820950449987899	-3.3689202334481223	-0.5985486579621063	2.554973494147876	-1.4659018835918587	4.172973694621736	-3.0942690890926596	6.403492207932457	4.264631430267677	-0.28604665544594626	0.18429918713138974	0.4974661452863433	4.139189314920956	-1.8998235803569221	4.319644628380255	-3.227149078463367	1.5152274559680607	2.4674805800285946	-2.9225543635145157	2.0004243672606328	-0.5787381649632911	0.6551946994636632	1.3977740809052575	4.660334395753071	-2.1575609079945854	-0.7339429747308791	1.2631997069688838	-0.9679468478847277	1.9444338167661643	0.8614038853008911	1.7430425737770305	-1.859840560812505	-2.0381986615549277	2.5478421023708435	1.178592329503473	-2.218023205507001	2.6247339634083255	0.6780686607864893	-0.3687787879452644	1.3273600909480663	0.5302314810131945	-2.1164218087459776	3.6022957806017173	-1.9099225766988446	-0.6386738872714265	2.466946680277091	0.4951732229604013	-2.007817528780724	-2.835582612760005	3.6677951733071295	-0.6285790088755163	2.5323839050928196	-2.0845782286274117	3.0818924305619464	2.1064001914756756	-1.6142876504480108	-0.8449006611005406	1.1922846132653346	0.23105190797395586	0.7983759665791879	0.5393738782092461	1.0096444458299272	0.5280089299865052	0.6418077949550544	0.5691040106449972	0.6558212489400721	0.7565286181092754	-0.20521039084955292	-0.7146478590492935	-1.3856418778098298	0.5427678781014612	0.4421873811696706	-0.00798197610380519	0.25629666774247983	0.25609367126616817	0.7697802739797085	0.17224370754037416	0.7588892895744798	0.323869045147299	0.18272699945524754	-0.14218480635894248	-0.039047737333087106	0.20233927892371648	-0.05541961123241294	-0.008982306154988538	0.20954761584170672	0.08231359115841785	0.18236176327559023	-0.16414562013463702	0.1483701962503134	0.004238388919396921	0.10436734660567606	-0.07468376018603397
DTXSID5049318	-3.6647780399779926	-2.138600146002962	-2.7403652752640935	0.24403760425397003	-4.898844803092334	-3.4319618634664106	2.975389844078453	6.826645215194365	0.9617538564022328	-5.562930917619085	-2.348330663911451	1.4966979004309646	3.2176823725616255	-0.498829382510898	1.6735753186381035	-0.18468673465637409	0.7971405519504754	4.927626656655062	3.4357721951772477	2.1166099446111195	-6.468078234462945	-5.06536073928543	5.567746784680962	2.885469047286135	6.600772439540639	-1.6290433393821615	-0.4078940033520101	0.3082751738907664	-0.11947868021373682	1.0602182592692675	-2.6318164934633073	1.874866147951046	0.6638785380925671	3.9378961391119307	1.2529922244231622	-2.9393606170226105	-4.68970605656457	6.066798742524367	1.1169144089519076	-3.562591839322606	-4.9457664625628786	5.36700888285592	6.181553843640031	7.7618756282170835	-1.772722826303612	-5.766898303384814	-1.8829598979583677	-0.8855766235910975	2.116641158634805	-0.7293471741409999	-1.1768465182454768	2.31969372693073	-0.11039388950489884	-0.6255732391462877	-2.033962578289476	-1.2319296412748426	-1.216774987080272	-0.7929585253627689	2.2243172466305308	1.1064349494949102	-0.30005371815190646	0.19986742910201175	0.5614816718685237	-1.5892548546777945	-0.7321972982186186	1.5697022828903318	-1.3319972684756107	2.0554309324379494	-0.9410891152676125	1.1886373296288764	-1.046620130915685	-0.23474658978011942	-2.042169844352786	-1.9742024561435056	0.35252382290371925	0.13911126610684907	-0.2323418922042515	0.2842373015036635	1.023435870846057	-0.12693020577304828	-0.013138693158348312	0.3184311793185949	-0.1565454994478916	0.6419292956256902	-2.010582306008275	0.8445398419399776	-0.4468713228808689	-0.10434471185246559	-1.2489277086702253	-0.35323410670567545	-0.4902640157339884	-0.42139706814235645	0.4141872304169093	-1.853925513634441	0.6827587171021048	-0.6605542002181669	1.0781820766571608	0.40801086804666825	-0.1076223076549258	-0.7504749914107925
DTXSID1048750	8.27704327159618	-4.4810815553515075	-5.346277861654425	1.282402293359925	3.4594204353349545	0.060603372684744375	-1.8995461751284282	0.434986497286379	3.5717461467101477	-1.2530946390450428	-1.6388814041176154	0.12793847890833465	-3.776847259339033	-3.843988062924208	-0.2443459258640355	-1.4848088442675276	-3.8192656026641942	-0.009075264115419077	-2.7425274598157694	-0.22679611717398898	-0.9141929520864628	-0.1568320928720404	0.5535113021862719	-1.9266951673099155	0.6764573944139071	-0.5732245461361171	-0.18027185261450857	-0.5217767821185637	1.5942846740944483	0.8728393404839925	2.0556367866503447	-0.061626341527438275	1.7994092849571826	0.6086051656373265	0.7432185282822426	-0.5050980912394727	2.445321896359067	2.7248357440358504	-1.4138893727986281	-0.051845769809027796	0.760772525058808	-0.13044373994367373	0.4936251014920324	-0.9722537489824316	0.5187864426903326	0.8098383466220995	-0.5115981717167379	-0.6605928958409462	2.432635415103743	-0.20223873620341498	-1.682155868091076	-2.762885520793647	3.043400057890483	-1.6237885282268025	1.274341621298309	-0.13802010271670181	1.3338923497396287	2.87253566533924	-0.543884672923937	0.6921645343723003	0.33485493214050155	1.86070584559733	0.12682789920177204	-0.4309323065631601	0.02230409683138404	-3.0688859913376314	2.5555335281717526	3.1740216195149173	-0.3543693767538666	3.3949149583875995	-2.196816305162305	-0.25086355337799826	-0.4487114601167083	-0.29050162961151826	-0.7584661671686865	2.086119774789803	1.8132335494019847	0.5992733481992266	1.5341957474575296	1.743257560603036	0.8821098188821059	-0.8084035062426382	-2.1082674975337667	0.3745539612740077	0.1893671705409636	-1.7982335124268918	0.3611747918270969	2.4986098169738518	-1.6911685833886863	2.0180381475183045	-0.25666922409199183	-1.2475226036875353	0.32279414682242447	1.3469344451711778	1.6604678730623919	-0.34880024761488937	-3.455433359952268	1.5773903003181482	-1.2877234812159501	2.3196841316756025
DTXSID1025774	-1.8938599672918301	-3.0052228322353147	-3.162007085425439	3.330327802905905	-5.561739094624589	-2.855349156027052	1.4379737212644534	2.742078267438608	5.667024701031787	-2.2773605787194175	-8.107959036946037	-3.095720118829324	-0.624005689647939	-2.3653088774012745	8.296063653825556	-0.3190398301067541	1.786391068240108	10.02203641544589	2.2810614678618646	1.65339084365374	-12.357143174542474	-14.071634570821445	13.94741023991421	7.2084240370259725	10.656082657582587	-1.690094268773219	-1.47869910201559	1.2854108496358356	0.6955016518470488	0.6578230061383479	0.5164315525316723	-0.15244111057174287	-0.05444754004914199	0.09081526708172671	0.7768784549058725	-1.4445276422332076	-0.0021273975826276675	1.0632522067316703	0.5632900570552007	-0.4153644627872521	1.8313872218757121	2.3241667890653055	-0.23521589561668488	-0.8312667478540573	-0.39252889042446204	-1.0094044352253357	-0.5832463047053549	2.619637177249468	1.2867436008604245	1.1224972131939077	-0.4310987036804564	1.1026318492963139	-1.2596778606346226	-0.797605899786524	0.8493054028065682	-0.6686633733806169	1.585606336631904	1.2885732523036966	-0.5846373748114914	-0.8166252618122619	1.4181097059765086	-0.9758362126739353	-0.6662748502154188	-0.4579493179720038	0.07553913476969475	-0.22312408215127474	1.0164857688255033	0.562776322193015	0.2936529017961377	0.0828779296330069	0.5101849393409774	-0.0021780582157821973	-0.9982292808993566	0.595923357163252	1.3339541219935744	0.48214069063093873	1.0770931907713455	0.516615962097235	0.41108100441393164	0.31009158296341643	-0.6196356202047215	-0.5246076161958121	-0.8817984476834654	0.7268029117821798	-0.44182786614897734	1.6333568040965354	0.6250289959319996	0.9873004835525275	-0.39723840758467155	-1.183998095124925	0.3209271786135549	0.1858257261906151	-0.2975312465204781	-0.3449860114015288	1.0235707460784773	-0.4463563712259004	0.10574638023751992	0.5909275831807241	-0.42514326199088387	0.3488717552323506
DTXSID0026173	0.913363649480494	-0.9053365755485832	-6.179339411247283	4.991560468580375	1.4531196911620639	-2.178256266324608	-1.213671541943057	0.4270787635508057	1.7056896278141542	-0.8770167995287217	-2.770988275931084	2.2219606200905146	-1.014441494405474	-2.478995477012877	-2.221189696400161	-0.5196585605820319	-1.3293171129811723	-1.1616249192983645	-2.414424279825262	-1.3179776749819692	-1.5010756041482298	1.2563365828057416	1.3040430639139915	-1.0806403369671673	-0.053570966153845774	-0.25446683971800127	-2.3229946133493318	-1.9358543345686585	0.21010566521858323	-0.15665485650774574	1.8406343843168467	-0.38155808460337576	0.3752859505871929	0.3757018987308702	1.413305258661652	-0.45508850613731894	1.4109486475166493	2.4313895727349815	-1.2502867556795563	-1.1206685555253697	1.2290131429267606	0.08753708299460958	0.3077268711115151	-1.6303626639411621	0.7487876567326028	1.1340537920474039	-2.3975807839839693	0.3632461422676875	2.182458902381957	-0.23300906756969447	-1.5898712600416012	-2.4670261088945495	1.4111445900878392	-1.6674573758436058	0.6693024144953829	-1.327359055431287	0.12455020206940963	2.161803753353432	-0.9800800198053181	1.4519846735225603	-0.5208897172573471	0.1624360690300625	0.30459606171456743	-0.5767631417982675	0.9174074029334178	-0.7221869660847675	2.1908679608324766	1.7906886616281867	2.001291479552708	2.3577850594504666	-1.3569331197760333	-1.6502519393393484	0.9831767915867843	0.29154986257683385	-1.3853556510227543	1.6708659832099837	1.1567166711939676	-0.5302987268119151	1.1160734265461127	1.2099487835567087	-0.45665147256819755	-1.0072002352530072	-1.3482074928020369	0.3872181929245045	0.2253869598376904	-0.1463713897986681	-0.8834089189038112	1.5647845871674693	-1.994811073140706	1.8623831875421708	0.19200523718803544	0.027916744454322205	0.4416766342092628	1.2557383710325498	0.9682101196896504	0.4711001118360617	-3.0974388620613214	1.8855098600789437	-1.0764207117115936	1.4843597157064692
DTXSID1025279	-6.2674232399583305	1.163526565950673	-3.3423080711703905	1.7081503741952937	-1.6608277571397967	-1.6258862251507102	0.8622424494311117	-2.2457470645174533	1.8196014089003758	-1.0241940835044179	1.2261592529895502	2.2945603795539617	1.4046690356623979	2.058664860050684	3.5007608407430246	0.9170406624217003	-2.517578325294226	-0.12844640555828588	-0.5252820747881066	-0.7284982144536966	-0.013506200465283062	2.16753418897756	1.3615215397185474	-2.0411060522231286	0.2550693576417779	-1.4357026339735182	0.04225753458650008	0.4905709904163207	0.23926392529702803	-0.5233827090062723	-0.45315102036750876	0.7686417783845706	0.05518657128666705	0.5556954279565747	-0.052319803678794595	-0.08682972545522277	-0.42548163912664566	-0.4479486594993256	0.040545241734783924	-1.028963381259418	0.1548324770365877	-1.050470491372804	0.3255688705495678	-0.28613176168265264	1.0869208413058258	-0.14266823236653844	-0.14013577080398693	-0.5061807934102073	-0.31918042718623707	0.4710052850759422	0.8463462871891311	-0.33778531968069575	-0.45789667908343057	-0.12766478447146845	-1.492748008270079	-0.4819481760366692	-0.8167097684429623	-0.8539408370810503	-0.029196824398359102	1.3915481673502814	-0.4486175342805684	0.7591295928494555	0.052687748301937835	-0.41194591030463285	-0.7745789418482527	-0.9820235352349206	-0.8437379591833202	-0.43366846104684126	0.5279472132207307	0.6087149524985895	0.010291273467474469	0.0905949021779137	0.6058160649904631	0.24867171507100186	0.41532107964864273	-0.3503243536528472	-0.15384729750447515	0.3965873031432823	-0.5257475346918029	-0.3397121668951754	-0.167860497545535	0.1306232835448987	-0.17927040617360923	0.17059856912890448	-0.5422158745349389	-0.2665982076848335	-0.07538923159437948	0.023690800537340916	-0.1976101008378321	0.31721484641536735	0.09877576226284676	0.19558895479070898	-0.306708588024048	0.2351200282479223	-0.28129413195850295	0.09331226281972206	-0.06501851930841171	0.20381745062783835	0.06681998822997011	0.1653193420671065
DTXSID2027599	-7.445922132439872	0.8364960409031025	-4.673004108833825	4.36637414358412	3.0373088437097215	-0.8196279972416594	-0.14345976934089438	0.0325185536009454	-1.0900840435972956	-3.7552819846935033	-2.668511890292743	0.13508854673766982	1.6725408739014782	3.6500085324867593	1.9253216933837018	0.07283060589891435	0.19517800516394576	-1.6482900116142678	2.820795856523254	0.29011691456319966	0.981032677643175	0.9780024847448721	0.9188851881036788	-0.14195338902530533	-0.5250301824655299	-0.2961357973679894	3.039285624331779	-0.28436600043974697	1.9128461759596584	-0.358176216661032	0.8997796134871023	0.5817962492103944	-0.702168963001575	-1.7009290004599822	-2.298332951322305	1.008632635655573	4.918141350616464	5.682363041179943	4.978710092561936	4.63935430418877	7.129901043044952	-1.0625419056343612	12.518829941860975	1.9862991314905583	-1.321818058215024	5.542087331654779	-0.5287601267896617	-1.5217784036228574	-1.2635920567328212	1.9982768098103252	-0.7808928386222076	1.4945443316677192	-0.2697056731127473	1.4798577222871587	-1.158938172768074	1.6667596625070598	1.1724494918556292	-1.0996683677321795	-1.3300698770311175	1.219867788000778	1.6243713705644793	-3.73131519297755	1.3723807920953244	2.527990532138303	-2.9366438462436606	1.125423968062828	2.5198126824102696	-0.9819171449082178	3.3954888369890623	1.840805417993757	-2.061132506296238	0.8592577248124109	-0.36334419953969355	-0.3633276230423446	-0.5280973359783402	0.07747363312026925	-1.0096282860449337	-0.386376176617083	0.8656493250202548	-0.08263541221268886	0.16737942729513539	0.6447107976536635	-0.4914053191392722	-1.0356744302014178	-0.18511607125897578	-0.02809742554784875	0.7686883180359657	0.0475385919578274	-0.16002386515055878	0.33323062628244193	1.2765376688164056	0.29454712511794934	0.240091751451223	0.6187893202198707	0.5543385652744122	-0.03992764941484806	0.24870404883550365	-0.2255095343561586	0.2565710650822322	-0.5682880010666492
DTXSID1020770	9.130242276811426	2.9208894346574854	-5.377087847190509	-5.623244678361582	-6.520870859361008	-6.682526318582013	-10.697200869665119	-0.41792461444717366	-9.41293167272752	10.99382054164188	-4.176799112360987	2.7486248244188696	-2.288644282637945	5.451200515328017	-1.568266483762392	-2.987167926070192	2.276576572076904	-3.1057612551257026	-1.5449332013473256	1.896900707850297	0.15218976620052022	-5.441887696819612	-4.340885578657046	1.5199538276964013	0.43300813972279656	0.5654455505925412	-6.120295988481054	-6.394706275130745	-1.9119233502395503	-3.08337900313453	5.067981722041428	1.7160467656063947	-5.311582171283706	0.19567488662967733	-2.724785022542023	2.7492143592095277	4.4207918982926575	-0.46415452885360764	1.4309884924607619	2.1131373595455814	-4.039490735653237	4.805899683402358	1.2688574793641825	-0.9991779980249681	-3.7461586022445346	-2.44425507488068	0.7067944403855774	-0.31754504715212917	-5.795746112504608	-3.7171201988982046	2.9505879826929364	0.6084425608407348	-3.1457497497525546	2.8103229369985794	-2.671600104298053	5.622465369400672	1.0744378668044614	-0.889967481346937	1.2895290733860645	-4.308191296141085	-0.60786436642692	1.2232608999400443	0.2187962898036833	0.8390814257942999	-2.1975678672420274	-0.7937563942499701	0.3702152633723605	1.327837057548834	0.03377455230970325	1.0320423678735562	4.920359203338795	0.3917945585799852	4.181152288776117	-0.3047993013184954	0.3396336895366545	0.7194489536205209	-2.497162491246461	0.4134359851569346	1.8508662853915496	0.5085360505796249	0.312937275294068	0.1613740272058667	1.6463582890310353	4.774939107138303	-2.0606186653731307	-3.4138380668042037	-2.492430450519386	-1.9277699387708476	-1.3946675435954032	2.4060402257566267	0.14236773985720183	3.6146359343466474	-2.4661294023188884	3.945997828559896	1.813536365463064	-2.094604104848794	0.022155197133113425	2.0159807717648626	-0.2593030096450628	-0.6339266939831643
DTXSID4044458	2.7858383902373194	-0.33870976650900697	-7.318405914392646	5.207915691831437	2.5602974471451407	-0.923797936325569	4.6670942331375365	3.2228037551278583	-0.1327888545174138	4.156511923491263	-0.8348844239910092	3.83454612677762	2.2810000343341277	-2.1172789733364814	-0.7214114052780634	-0.14662764552298732	-2.843599269542707	-2.1474551933291335	2.8930100445801386	1.453860173152163	-0.8907340022386859	0.32693253401656036	-0.058175094813512435	0.19969832643142155	0.7124571860125528	-0.7326565130062458	-0.014075685951136306	0.022836457504802656	1.0086863518456533	-0.557145538891732	1.392699916545373	1.8817890075906905	-0.8994517752888666	1.7665434984354795	1.3371412748876943	1.4520975470470872	-0.33394701496299367	1.790513005785911	-1.394105730766009	-0.623198316856139	0.20666825779850767	-0.3618485125951179	-0.3138780732380352	-0.7998242512449381	1.0114396927930258	0.5278949919252215	-0.7874788616386779	-0.0053309844763819265	-0.3530992533456198	0.38767211092344417	-0.5232905860768478	-1.7173538241673536	-0.4067914607336646	-0.9652384173729137	-0.5546047008140537	0.48608279597198484	0.6288664831562999	-1.1738307511168053	-1.677701342329528	-0.8183052975937798	0.9577384743818078	-2.0956719985968064	-0.5222635503841121	-1.8429155578068006	1.947671152772963	-2.7484210233763458	1.6681726712507785	-1.1214322247166597	-1.0562543232985706	0.7598867807791937	-1.7860518798658653	-2.0525091292329614	-1.291809684232288	0.05477575576234287	0.3179288725785601	-0.7383774236971791	0.06696388333754175	-1.7533523396242399	-0.7354405443777398	0.15321362223769722	0.8880255661131826	-2.7311989444695373	0.7717378041492811	-4.659104491434707	-2.3425692090575425	1.736727391371729	-2.7286937570498266	-1.2849797284726525	0.6653085376340168	-0.5884882590720925	2.4812671545636813	-0.5929495994194717	1.2815541129243693	0.19815208910707074	0.8630704454455239	3.4914772115765946	-2.546645575842554	-0.9210685180387825	0.22817342762545587	3.519050491848241
DTXSID6047107	-5.338552402769883	4.816922294857635	-2.1672714565208695	-0.3610497284899277	1.0789385557332691	0.5539436843751304	0.9081044103476523	-1.663023396376446	0.5339982597729164	-0.98782643792763	0.48696028949784964	0.9325929478381259	0.6674643218877979	0.6754754698155965	0.9785269758565234	-0.3521868117944581	-0.9498819926311887	1.6328443188562487	0.42883904504199577	0.6113265275780494	-0.429890527914869	0.11351382861888654	-1.9944748492360782	0.0539887392944003	-0.036674193723620165	-0.26635642568940837	0.9725519932786948	0.6624944017526042	-0.6688011022480848	2.7996947751104146	2.412809927009987	1.9929628139675597	1.3689973887351952	-2.2319713527123337	0.6133194838466565	-2.3535966141375435	0.5951511201382474	-3.592064315865047	-3.767416873045934	-2.1370511046170493	-2.1268478834775517	2.932808824052916	2.2094739399167	-3.0204795924419336	-1.6395898843039873	3.0407958318333637	-3.798631274966477	-1.20310305595919	2.1381602411409815	1.5341179162719147	-1.2079952295000884	2.4586330964848426	0.24883645645018448	1.839518340150512	-1.4595986177742963	1.3423935856881317	1.1151226580079214	-2.1047492147917177	-0.46021861247841855	-2.4604788329951988	-2.9119213610753243	-0.16024412848658445	0.2765932744418653	1.156517649027407	0.298609554320641	1.0713814262664043	-0.1795014390617609	0.13953024315979665	-0.5538984973309974	0.015543112874180715	-0.9171178831568638	-0.7484932925815538	0.4237148160328257	0.6966180805134518	-0.514081326294673	-0.4090324224231925	0.04492280129469841	0.3661823951803673	-0.010976842485388516	-0.2230091455204145	-1.0949284834828343	-0.3191258917864391	0.7193297384632672	-0.1877891352911035	-0.7626042627006395	-0.2813398459931776	0.41525163619628	0.43790173011867217	-0.4135847804537745	0.657222580050749	0.26675803358521133	-0.4341094561934076	0.5402429494959285	-0.17556940892511005	-0.25483818302005534	0.10959693175935688	0.15349861386914437	-0.13126191918492883	-0.17520984776051482	0.14966339339385976
DTXSID1037806	-6.6918820234024325	-2.36153951877081	-3.1141140402019363	1.659724448025381	-2.4339692790069143	0.0057648375817982225	0.015528134207381179	7.476136622276671	-0.20927729971218917	-2.0307005633617106	-1.6499422029267667	3.035691109937672	-0.2189920849978432	1.5734963743499144	-2.8592598506710885	2.2749324897378447	-0.4258507123085982	0.2732396861994896	-0.22681910872672617	1.6521198559068349	0.19653314132140284	-0.6419941734767498	-0.7046314901076824	-1.2858221190661674	-0.5650455866189917	-1.7465799042177255	2.1088130203809032	0.5931429250796988	-1.0442246165792788	-1.4086267590580597	-0.743980244628561	0.4498336976755934	-0.6015179392318396	0.022527782728546625	-0.7172137437974572	-0.7730849582200991	0.2915435013516252	-0.8595404488657142	1.2147061113489466	-0.43779762631397234	-0.6190497716294979	0.28802229555545605	1.0177855046707407	-0.2743517386236761	-0.13890770379536424	-0.2187195153471492	-0.19154622333118979	0.9923766180964618	1.1872030766810961	0.45322323151278576	-0.5347664439100587	0.47901561100008355	0.48853068786964743	0.8085958625180967	0.9884245451377457	-0.7311850521903105	0.03180083760014334	0.5648099749819637	0.2802083345698946	0.24597923590916493	1.3128156449190966	0.5339169420790391	0.25380506534626124	-1.1096750904429482	-1.3689602045881204	-0.8628330450830656	-1.3843743897346212	0.7410193913907508	0.2876683269174413	-0.26533475349351393	-0.031481880059360964	-0.6871168579760651	-0.20433557924819737	-0.41687489816912565	-0.43448614780915273	-0.05909877773096303	0.16349611911928855	-0.09574372442121395	-0.15988783294613348	-0.5996855838622897	-0.2675500653466699	-0.13295039335427633	-0.4759231012256983	0.0513968476159282	0.3248312094871483	-0.07510983313720994	0.4003329265932594	-0.14677685240999977	-0.12876992487907848	-0.3052979093965223	-0.21067232628371024	0.0977017712856656	0.2708675152228837	0.5097017132676597	0.7441594455884699	-0.11246899327585733	-0.3920154629687674	0.4840793603238653	0.5002531867059806	-0.34312746072985073
DTXSID4042252	-5.059183773323853	-0.25049091233911236	-0.6548214728228036	-0.7324073288699317	-1.2718945018857866	-0.47436855746454293	0.8436502459272484	1.072389470065677	0.8883853409821022	-0.11486961111520064	-0.5698912412663093	1.440198136561653	1.0546983900717979	1.1205729399213076	3.309284229052903	0.30669277284814395	-2.6607366304823032	-1.7174480891403388	-1.4831691141568486	-3.5977793415082737	0.8353362034049335	0.39232892616098614	-0.23275057068409483	-1.3859116080045515	0.8143632185054904	-0.2936088823540176	-1.2915245767777233	1.9303082381862997	0.5310051210537261	-0.1869931537006101	-0.9135455241080985	0.10195796234601823	-1.3388122619837943	0.9991263728163096	-0.22826018674254647	0.6744597369925152	-0.8987151953309971	-0.31935942509850146	0.5303138698961063	-0.44423827261685406	0.20971433363993075	0.1705532437854858	0.12145607237028673	-1.0318765224224136	1.0449243300117212	-0.3295187122115984	-0.23925110977625344	-1.422644152632304	-0.5051863904470473	1.21844033247496	1.9965480470597432	-0.6317661042739667	-0.07248896772843624	1.4685548432965696	-1.1608939992501397	-0.6419525857735827	1.2409911883971843	0.31316829864297285	-0.049364506430424816	2.361439651657975	-0.5784666190986971	-0.31493505222211265	0.49535487379654836	-0.07995470293284421	1.2531750626475284	0.5534339573354717	0.6621444731845599	-0.92717320969171	-0.9291747581951556	-0.583191850245623	-0.3732561298334011	-0.05522812754467871	1.2033154977784064	0.15917432494853684	0.31028723839946937	-1.037117208748562	0.5660462719051792	0.6658538506039237	-0.48625744655325004	0.11748272280432641	-0.09320058330069073	-0.15859647208646585	0.47600783652612105	-0.2761468938344103	0.49648962122262047	-0.06318059000446223	0.0063370606842992816	-0.03531150106199857	0.24396815657322557	-0.726096314770732	-0.33525563852882795	0.9380587393005494	0.026505285558782555	0.06540965397973109	-0.3565716918298988	0.035919121393256495	0.8279268949807533	-0.308814745259682	0.09275165730432113	-0.12997901622058936
DTXSID7027887	12.584937666262391	-0.4628432190793867	-2.6336019004794937	-7.07517312998796	6.144200001674529	1.0362084219918273	-3.2546098388105547	-2.81959630497161	-0.5893427202411013	1.983075876599292	1.2155835787359768	-0.055986723263553216	-2.195635901036969	2.402552204208903	0.08978740626915163	-1.324904761656602	-0.04592187690155111	2.6743937583487645	-3.036777324143517	1.6302654740776923	-0.023513190551571483	-0.5033687662357442	-0.7748285276095969	1.3443648597954487	0.09545585160407037	-0.1678888458483961	-0.18383838037122913	-0.1423381088483084	0.05438182465012044	-0.6304926555372016	-0.0839574629968647	-0.16962106341986513	1.7607808044380626	-0.09785991227259316	1.1502140023125123	-1.3634406461699498	0.09879765663829464	-1.043762861973983	1.1710728800098302	-0.5622623547455087	-0.6844099911172721	-2.025090955636542	1.3039345470027734	-0.9447913017424078	0.4365876859714488	-0.9608811807610428	-0.025377694811913726	-0.21776730539439576	1.2614822587252845	-0.26637892510455236	0.9880710316968184	0.778035456994685	0.24295706556050667	-0.9930862141520792	0.32805188700554944	1.206253318566505	1.1824793555549464	-0.6560558476056707	1.1438226463156413	0.23314430499461827	0.026534386118287435	-1.0174657145605983	-0.4439660998225176	0.15287903443718262	2.9747440837004353	-2.100244786463978	-3.6939493677981496	-2.0837783883672913	1.3076856688185685	0.6791990553858487	-2.20080405828598	-0.21246518731359884	0.12250074898718298	-0.6033009681099398	-0.8347346734244329	-1.2325884321965255	-1.9647044242436495	0.36725277886293406	1.2197879953390451	0.3482460917112772	-0.7284569049468602	-0.3681903579479916	0.12478604485801546	-0.9342515504247221	1.345609610884422	-1.286076513405281	0.4570283025675143	-0.02809836464175071	0.18065948884602429	0.11381449551149486	0.7730897042445659	0.05625426561717822	0.006576964954053764	-0.3329095199118415	-0.9714924302806065	-0.2222479845426591	0.3667786468113177	-0.06973232884226314	0.22887971555791028	-0.7273619232422357
DTXSID4044872	4.270760524355892	-1.7726199650341492	2.955156023428844	-3.51483419758126	0.010074566045059236	0.21788128867633738	4.991523931963279	0.9415130748609489	1.231112834938995	0.11149968567152098	2.6794135420813996	0.8476731986113081	0.25157020541855746	-0.8236173839660205	-1.3109270667486546	3.8020496054589104	-0.6474694547364136	-5.248590613037762	4.012383506850927	5.428793654523595	-5.52119111729751	6.491285434944505	2.1586896852318516	-2.2061920222621816	-0.8738066177169476	0.3541018234521139	-5.051129261240081	-5.8772561345054415	2.6233788161515013	2.030892169983173	0.24798807241815812	-2.4311595261651626	-2.4057022502987824	3.9683115861660556	-1.456698854771041	-5.912378163658642	0.6640718810418729	-7.928320837127228	-8.858274238323878	17.128278095699226	7.113924610864722	7.9463270840321965	5.1101225758698305	-5.184685353152138	4.358250999934585	-8.906515533012024	11.00614572140035	2.456454533434424	10.98462898504812	1.48870585658815	5.571455043107556	-1.2894108085622635	-7.6148807238298994	-1.5429418391732945	-3.998078685545916	-0.8924543616056899	0.7205757396463529	0.7638166835629624	2.9071007926655787	-3.395948631686563	-1.3452448772660137	-0.09703318966410565	1.89851148299517	0.14380091021797187	4.440866619782722	3.5638418088851194	0.7268177603729893	1.4714688646978924	1.3084165486571908	2.8111244925264702	-1.6024710931801158	-3.1893803312785365	0.17625913612070943	-2.6805466005893157	1.1566885567334024	0.060012866521824255	-0.49141232345433034	-0.9379676136390338	2.012678719883526	0.830576027955648	0.5451854190032989	-2.9876453318443144	0.14575867796321057	-0.26708084270357146	0.058043302373435184	1.305768226393714	-0.12591586056171505	-0.2593676486438182	-2.3911598387556374	0.2911437916621365	-0.9690014545878575	-0.7981902192581988	-0.04594616285630752	1.098089455880474	-1.2621434856263265	0.35889550278684573	-0.39964627300952227	-0.6958464667920106	-0.7460698759524088	-0.15526815739877228
DTXSID6021402	-7.327822784025239	2.8886986300582373	1.4930443979442696	-0.6580557683464323	0.25898090086718106	1.1099870189844108	0.15326229220198953	-0.7510260347817084	0.23089154042038296	-0.08006416065870006	-0.9009811052199126	1.043400674716708	0.9571476582719437	-0.607185784926745	0.3238625601610641	-1.6471913728760461	-1.7675889177906046	0.7006047080485578	0.035437780148536734	0.38780858459347545	-0.4502256065691467	-0.151538584922055	0.3327279996648659	0.06481296234969823	-1.3159760199651123	0.509376514217628	0.7296400658002412	-1.0079396678956816	0.8422331488124273	-1.7471116902597108	1.1080807394570795	-0.4426390952121422	-0.03757745685136324	0.2564055768787914	-0.6191980673892584	0.5924719493133531	-1.218159471743018	-0.20541867465058133	-0.845588294897172	0.19167132285044475	-0.21065881473601802	-0.2085811178811613	-0.26232655114058717	1.2703681035405516	1.0665184225716338	1.0765158551244385	-0.15951679657565596	-0.43060349731963066	0.7075589953083846	-0.38649719988815473	0.16518560865949455	1.8720685173097222	-0.4510569495423107	0.22773316586119108	-0.241415429352163	-0.09670337265117573	0.046046398612825716	0.48088143488648316	0.4738356831161091	0.3250076694352757	0.3950379313988383	-0.003145737131898064	-0.27126864836720527	-0.1484651084033385	0.1265001633981075	-0.5962561809142655	0.1621470697700891	0.1417669897734847	-0.058221226238883275	0.006307117584929983	0.2562972928578503	0.19616856075252348	-0.19595293063336663	-0.10794821323812288	-0.17606691443863873	0.37646973664402283	-0.005069652738206006	-0.09164118566040674	-0.16098847588597284	-0.4038682696111939	-0.1734404360670984	-0.3532645353159087	0.06284423168046036	0.4397995809712588	-0.05512416120359443	-0.20911230591309501	0.32395381453377237	0.20620659812844103	0.1022510218553383	0.2936903936076608	0.20170944519684178	-0.3683699135298955	-0.439320142052138	0.1924515710868147	-0.007876406137333862	0.32710508629942164	-0.22099992119214149	-0.17677111285350144	0.091951583261448	0.1346296310204741
DTXSID5027302	-1.0408487110794984	-3.444832209769718	-4.233452011539312	-3.092532147689795	-1.372851302773158	-0.9812343857264818	-3.8535878595267614	-3.0785527978663936	-3.6435657792234775	5.569929824676394	-2.1923401365087187	-1.68358944428056	-0.5814648303172165	3.2457669980276345	-1.9958836643002202	0.8113734238880337	1.7005387741121119	2.8992686205412865	-1.8101072175009718	0.358998442369158	0.9168060917321309	-1.1157455115017245	0.15888990514918053	-0.6534717327383956	-0.03471564668708164	-0.27158712912674976	0.8418801645096179	-1.253736011148353	1.0687742898859698	-1.9202034806198185	1.3179032269968283	1.001129226738747	0.38567196108336643	-0.6599478520930987	0.8544134694966562	-0.3186570357132255	-0.23355211006010726	-0.15262145439567243	-0.37353479303494713	0.1887023573490481	0.834911422408768	0.5821151649528074	0.5867612762073127	-0.14586124237931936	0.6457410671435525	-0.33211859069820243	0.2948943078975691	-0.7158263978749582	1.1723656526145287	0.2904680237338011	-1.1726799649053676	-0.6821656107879307	0.8912884229642528	1.3990406917133982	1.9187735876083247	-0.781479797676048	1.2208550919895464	0.7388621322760599	-1.1077854246249212	0.1021430376155093	-0.058772302824342405	-0.20277577388105272	-0.6636079275461785	-1.2657226345458135	0.9740154936457325	-0.816691348921595	1.029089762086933	0.024691031072677155	0.10670735885604153	0.11221255576222393	-0.7038615650998964	-0.9545877809340207	-0.09271953078349428	-0.8694674348678038	-0.12355882829160265	0.2708499344424557	0.17888692028096387	-0.25439983994361043	0.11951656478343685	0.5696493703164737	-0.19663925769866467	0.493745463555325	-0.5736226798916458	1.218426975136452	0.14959488795544812	0.17428427628272739	0.9932541464278049	-0.20392259183053418	-0.7739605020643083	0.31990299211755535	-0.25961987550461146	-0.14527729482123117	-0.03964480718347583	0.07276505298300665	0.45614136472533284	0.5422202496346753	0.22785671243093145	0.16053650497763078	-0.20325721772342123	-0.0320212548252474
DTXSID2025688	-7.29836850406012	2.9516185206101446	-3.455514222187715	1.097161710488038	-0.025416291755811643	1.1283666028358268	3.525421065010045	1.3517225904630306	-0.8718732389712546	1.1220037207043063	0.9970645256481677	0.5474322623071972	0.7864114961880208	0.28884683478608875	-0.3325345044485496	0.46922669254199156	-1.0599421674279093	-3.4238253541332453	1.0723498218535175	0.3388627065594194	-2.8226407397408018	0.6046051653968216	3.3617279166134635	-1.4594543561767093	-0.7443433916592587	3.728085045469253	2.276830738180701	-1.5251919290783793	-1.892555589171462	1.1414119723501477	3.3158227054637224	-0.3319279343812446	-1.0587726131426658	2.7115988666349455	3.7373365262684497	0.6744272071360046	-0.5416899582440537	1.7900797260309926	-0.6153046260292003	2.213941264957302	-2.774319276467596	-1.7692227043004627	-0.2830131342124209	-2.226768601637959	-4.2277930950797415	-0.6206028628650453	-0.2803545566939113	1.9892464179212914	-0.1845004463734776	4.013551723665206	0.7215564234589789	0.7625902571127703	0.9389311676763143	2.343625258120737	-1.345095120201178	0.3401831333801797	-0.26388502458535806	-0.08070730108239857	-2.0673538447718887	2.767817452191895	0.6528421666202711	-1.066735747277461	0.0007595792885080997	-1.5779180404478381	0.042683043578505095	-1.407392235760141	-0.36047086499862463	-0.2138979920074428	1.3092357636289467	1.3497292173752642	1.8934123078831866	-0.45274792715696394	-0.2339248212839091	-1.1939513619436093	1.146220021630286	0.973137168505749	0.15520173710254126	-1.487932816521734	-0.07708261614030122	0.24365161204064384	0.4281127155782205	0.8298545408494343	0.44760694436838977	0.7984279329581164	0.5987790134706863	-0.7220604400329663	-0.07102333613167529	1.0303677935030409	-0.797543436819542	0.6266775223973622	0.4289392490002035	-0.21958330906798537	-0.41457160329775056	-0.6447499522616329	-0.23278000860813586	0.448050374753871	-0.33462507688337656	-0.5827784147192292	-0.6490272640501428	0.6150259849950745
DTXSID7027756	-3.3811675647889348	-0.7955761956732118	3.7562875185118814	0.17091809747985953	-0.2142697504891968	-0.10689144925330417	0.043981348474755974	-0.5055257431550829	0.735629008047449	-0.22187475085218858	1.228081714520431	0.5789909392023505	1.5361577579987005	-0.7597679488013572	-0.11488757802737934	0.5581671560854459	0.5128595452970826	0.04521049634721456	0.28409426529006837	-1.4433812898454044	-0.6706849489115453	0.8995418716477954	-0.10493028611518733	0.2816915220914552	-0.4738660264121311	0.12313358117296315	-1.6456455941143355	-1.084962789713635	-1.0210719906647188	0.545337952105834	0.18062670298867609	-0.2985740627679869	-0.9737574282821551	-0.5531238046384159	0.23116551366200974	0.6052615333047157	0.22061719090138918	1.6267077140253305	-0.6303965480266656	-0.6241979014588861	1.4095302626001656	0.8582957243223238	-0.732740633070248	-0.6383567217027147	0.08134220180374	0.4144053096655484	-0.8659800941883602	0.1996943671688811	0.30884850467420716	0.18440889108659891	-0.9409657543917671	-1.0062251869291257	-1.24760678217041	0.04955892951318283	0.6299511185114441	-0.39342517413035866	0.006926064071127852	-0.017563269570262448	-0.6058096302143213	0.6340046289303959	0.18669014152109986	0.2910574684057313	0.928611576177751	-0.5185888091195326	0.5910541559820788	0.5197307449412745	0.6320114767781677	-0.7449204094701269	1.1774981644547315	-0.20935277341421446	-0.09749234357478248	-0.3213294018075156	0.24269918907687685	0.21049857415922948	-0.21184246081030467	1.1481560230618217	0.23459109115548155	-1.3810002434113335	-0.4649273174117565	0.2579432093455929	-0.34735530709597606	-0.2425821952586108	0.30331760607534963	-0.06506973446746402	0.07266753607116666	0.4540314851456598	0.09781823131065011	-0.21445112692720922	0.07273293863660302	-0.1765874577975119	0.13077066413071722	0.42079332765420824	0.55002873778427	0.10485945280547126	-0.0004909204598449753	0.4068870933781483	0.05109885685765184	0.30905230525397326	0.10734023567273691	0.19166511527926142
DTXSID6044983	-2.8242712410252735	0.6026519525047642	-4.6493853159750795	0.906092911985848	2.6997495522904384	0.6039397437574165	1.108630870133533	-1.2507475672632107	2.128721066538341	0.036987429917854	3.0644604852710353	1.368109791080803	1.0076235309084824	1.146611730989657	0.011266995313225985	-0.7083122844825493	0.2440164145623611	-0.604079026332542	-0.12645700717918193	0.7487178004147155	-1.061535102297693	1.320452142692715	0.6810644983657442	-0.3037881281313394	0.8346493443765696	0.12084587921102376	0.3696585547277117	-0.2836015790185475	-0.5777507328240602	0.1611184961574109	0.842148601897418	0.07471928447659855	0.6904864811469411	1.7091344229559597	-0.4277474041014375	-0.6361788342107042	0.41273713486150815	0.5624764694986771	0.1832608181761434	-0.6795809499923459	0.374232656973287	-0.48615482750942973	0.01883119864562904	-1.00820480634253	1.023884730978468	-0.26887807004798003	-1.206092404973856	0.35835928948518725	0.36299070916377824	-0.3472918001746583	-0.13617495386575842	-0.31959167245239545	-0.5181840471295032	-1.2198772328776946	-0.5912972007832867	0.28669597968977195	-0.21044874958534712	-0.22251483218979273	0.19143340242658724	0.4748262741323871	0.5134500952357971	-0.2774528684879439	0.5607566685040056	-1.0106546508286622	0.30751391306423503	-0.30167913103716637	0.42611205629551324	-0.15464174453823595	-0.6056956339799497	0.7681083174090876	-0.7773525103347665	0.31865045122957836	0.14069839726694897	0.27793646047195675	0.7286811403150272	0.05369047364477838	-0.5949308638665759	0.882669754364707	0.16335034351445263	-0.8909325340351105	-0.9876507110798552	-0.11423115894331434	-0.18797038904470162	-0.16086604170800461	-0.3425339047381778	-0.6381858700579912	-0.26305294091855175	0.27386556378491544	-0.2427617106672047	0.10559893820109917	-0.5401898595254683	0.233253460177165	-0.7830073725617329	0.050006657145964216	-0.4347805047882062	-0.29418499029047945	-0.6422192228774958	-0.6641182380912687	0.4479978138263765	1.2493409074527635
DTXSID0022640	10.345021919961107	-4.976132016288061	-7.883961392540238	6.437763945291326	-0.8116600778350312	1.0711917023728477	1.3244669111438234	2.2039705366227333	0.5361952499160575	-6.579287666312945	-2.9410040938549122	-2.6389379592674214	-0.2508200761460762	3.839710141583748	-2.338007694163941	-0.6378848429664412	-3.8488282308720465	-0.7613712804881558	0.7291904868692697	0.6411131648184694	-0.6312919497454934	-0.2764212373541059	-0.1733497706754535	-3.0841673944675914	1.3933303089781621	-0.5816311144352488	-2.948540582178762	-1.1548297199669322	1.99673020074502	-1.5058125364551533	0.6162452065804355	-0.6495075131830973	0.5960902272435418	0.3276025089081632	-3.123631891017764	1.0474697039271712	-1.6321372742603917	-1.0507181309481124	1.0877802743438778	0.7856250396351864	-2.033141083919631	0.21475602691418655	2.1018435117158596	0.1253180763521155	-2.9764485616631458	0.28630810196800444	0.1115323097579455	2.3873353684055547	1.2598046077141747	0.55993357480369	-2.5356753434902815	-1.6827620940664634	0.8167563038921564	-0.3935895794200986	2.3898445708332203	0.5549145070276281	-0.6665366256072099	-1.6974571283953188	-1.6419489186161758	-1.2249891679721194	-0.43136960638891625	0.8945564840168765	-1.4878000965422205	0.25631479591429135	-1.432417812623348	-1.5218628987855753	-0.7857180441997117	-0.005622471376682825	1.6437469912573048	0.5769417467913689	0.9458339367906783	1.2306177789725592	-0.3844932996271293	-0.8364042800749047	-0.10599318181194985	-0.1968940699353237	0.22655183001894486	0.5700794763150098	1.405211898832703	0.7232099999651543	0.17756486236299734	1.4398595658442703	-2.4485747943195966	0.1879287165787862	-0.2732543785375241	0.16665015781773157	0.550950150753814	-0.4316217597719863	-0.8362390674365381	0.753346595382214	0.24733181282229197	-0.14773960435850383	-0.23047360827874444	0.7522685623915027	0.2543552787510259	0.9055615458235453	-1.5998579450756976	1.2850649116430986	-0.0962757860910557	-0.5438674130636159
DTXSID0044024	6.8170410717368375	-4.887027938166358	-2.9144125904521867	3.8370320300795595	-1.458834169660776	1.5697913511911845	-3.060114691724151	-0.14666930587182372	-0.28844725222281575	-1.9286198122576483	-2.2975532631657716	1.8910836517992056	0.5386242627324425	-1.318797779650938	-0.8478890415009408	-0.711586108941865	1.7963682576089013	-0.012698886559167429	-0.686619020933782	-0.9965918274864748	-0.3303943376974199	1.6321951626717133	0.36026958583365704	1.7133272050726844	-0.2366735051948063	1.9481137928082655	-2.282450872999882	-1.598199835579298	1.9938680096791552	1.9621591693823355	-1.6425238633547654	-0.3415107447578094	0.8535017563504508	-1.1034662435301958	-1.6384413859298594	0.6615056722906946	0.08459077022508553	1.237938188467216	-0.2834420892348836	-0.45307595739789386	-0.16564370756446273	-1.5335818664919658	0.019030362860738736	-1.1730874695261957	-0.5096234509516634	0.9061206832715811	-1.264035168084107	-0.9263523372792072	2.1817253152727516	0.5344427775291142	-0.426300418538924	-0.509470121146338	0.47396893369677784	0.30361743369921795	-0.43021418774551845	-2.90986111437027	-0.2522242995342056	1.202058789337033	1.5719985447807299	1.3118023493968185	-1.1428470771073929	0.1344147778644746	-1.2102807508330875	0.08659810028336896	3.458736008296103	-1.565206596312024	-0.6522254517220384	-2.03979558298259	1.8435739440864491	1.493946306757208	0.37799934427087406	1.3102736860092037	-0.09946435616003087	0.106891947682308	1.106010267375383	0.03184170460081281	1.267379888105241	-0.6049449702800058	-1.1448485209567574	0.295324490935066	-0.9639247360874609	0.24143465041113768	0.6001739651441559	0.6109969930552338	-1.3053185618402878	-1.3112036220468855	-1.4021531224996204	0.5335423076372945	0.7415854334943485	0.2575457381412828	0.07860883028137808	0.7236458764487894	1.332500312869309	0.10461063104604465	-0.14309321635019148	1.1506193583302653	-0.24608234245743588	1.3036571537613888	0.08233740223240978	0.5669356182091019
DTXSID0044571	-6.573596669165956	1.618771712043299	1.5373624466016713	1.1706544540859123	-0.07569015825795426	-0.9436279502977538	1.1470463575376537	-1.0379109843945324	-0.3959324136959092	-0.20200655336249693	0.6876236007847469	0.03508831887304837	-0.02358712191744343	-0.2503842981460806	0.3274525053956205	-0.3858597752288421	-0.18471476311881466	0.1309559955546194	0.5027594006304789	-0.3005751369676352	-0.43891711758123986	0.3016091497980279	-0.2663702126172214	0.4659067861417716	-0.7728319172617424	0.3440616743733231	0.32370115969867524	-0.07029510153363883	-0.015432665912914529	0.4958347689155273	0.06463104779395962	-0.13872328920077273	0.18892979538272855	-0.060892674551340314	0.18517917948373128	0.014523694258808865	0.10541552306807919	0.1863734551568074	0.15249768774460662	-0.21228059999686288	0.022524157816826422	-0.0903830636176624	0.03163544620727658	-0.11636090929563994	0.2735216027326096	-0.2521046921417297	0.16115038625109854	0.16860911498287967	0.1370157067968643	-0.3229210229496582	-0.14656582102102972	-0.4922865613000995	0.23406576901898232	-0.44287815910857137	-0.30833862585341926	0.23974616843969537	-0.17186295714388924	-0.2190479297071297	-0.5106938554392311	-0.17805474880560648	0.05395812202541944	0.36423135748886454	0.13497032082685265	0.22357025297179534	-0.26290294059634284	-0.022023964252282202	-0.3874857599701643	0.0974114797853973	-0.11399434570722844	0.20247130841836986	-0.11795206260668063	0.15930164581413683	0.38548634501864093	0.21281550186854825	0.043836951751494664	-0.26552710988259404	0.012103592572578835	0.38851712247110004	-0.34484434759820454	-0.18697565617681955	-0.07806747769777181	-0.27226304480655733	0.1932139243602447	0.16178040420472004	-0.29070651899696914	-0.0040821364124970835	-0.01905372078202516	0.24012834912027906	0.116322551708403	0.13618786983877695	0.1398258513276006	-0.1657901753665894	0.10352495974056554	0.03906540757789874	-0.025715493271578734	-0.04060719625806215	-0.056767132449062965	-0.0631972610598958	-0.029108086761889945	-0.19350532878637877
DTXSID5021097	16.823403222844806	-0.23298751721926042	-2.444590084080418	15.068780120877092	-1.6081139535821332	-2.8265569833485777	-2.6181734882109784	0.0821368745518583	-1.4344489956735158	-1.7770891706562162	-5.937447016735311	2.887929813643159	5.821029255193246	1.1494597260934332	-3.8327667277965762	0.7107167196087001	3.521522468492828	-0.42652438351899374	-7.471626645955466	-6.581309500513804	-1.697673455085971	2.3394694235983358	1.7667397992939906	1.828973089123103	-0.7115584978570085	-0.8620294360980352	-2.1322904408241947	-4.380062206192633	-2.032162305887287	-0.3947395128995747	-0.04493353912854633	-1.8680790533210159	2.995592376760436	-1.6533872943696062	0.17594703516139715	-4.584866842214522	1.4813109300601461	0.6208585324429038	-1.012114363723593	-0.5728612821963129	0.9296573851634164	0.2739316500797321	-0.6445698239002869	0.7545017350602038	-1.893596232321776	0.789232483832779	1.3368412125451736	1.0168762646373557	-0.14565694792554942	-1.421211611021659	-0.4843545537003935	1.9780898134974545	-0.3939504901478231	0.8956044874035446	0.18529764310180205	-1.4481752801301824	0.795829347468842	0.6785705450440065	0.3227499580815616	1.137328494528664	-0.4456102061585843	0.6338041497573957	-0.1213702786890901	-0.7655954987331339	0.3459149416997884	0.2741294570274494	-0.007995914324324649	-0.3545904413571254	0.07299359987816251	0.9079418175456782	1.05663850154885	0.5944336259441252	-0.9068535092576763	-0.26259618527038053	0.5249211367537971	-1.0384488470476925	1.5993507783796987	-0.7273500876133153	-0.6670175425548436	0.557115512052924	-0.31950935616333265	0.18267003449327263	0.4112651369162186	0.37833546143592045	0.8662024364679448	0.17480334058785194	-0.1567485440069971	0.24629630400383182	0.23745554451160553	0.23618444066449296	-0.5943547573964824	0.09008473665888767	-0.17674429807051636	-0.25259584759465326	-0.3959122105445052	-0.5373953989483649	0.19533982969149624	-0.48950877737356446	-0.04142874242269429	-0.03535291120520529
DTXSID1042285	-1.011079608622534	1.208098907142309	-4.952278990295228	-1.7597333651157685	-0.17140677681372743	-1.218256581919501	1.7009222242424724	0.8481375480410948	-0.10957328580535676	1.2850964122188688	0.9711336997929151	-0.7567537684005897	-1.214357872928156	-0.10101338768127753	-1.116023467195501	-1.060691375237121	-4.126217428143712	-2.467663615384617	-0.1257544594314208	-1.9607770760161256	-0.3921250830176791	-0.37159911280838065	-0.4094708098942652	-0.21287595526781516	0.8483666800724031	2.2221998322221537	-2.8500922505075272	0.816282962125213	2.2244999105093255	0.9306757988522247	0.6800635702349397	-1.1177271821754584	-0.9088748689133803	0.9013757130351767	0.03833237885826023	-0.5034472138724227	2.488398258280616	-0.6775948852448325	1.8108972130354561	-0.20752784576987385	-0.38350877002289474	0.25829167234612493	0.6774688035590518	-0.9377788171946798	0.5024440606091493	-2.0952144551241116	-0.3625458003808371	-0.8016585771739785	0.9332838657924495	0.3740993047939476	-0.5955672511813193	0.05350245775982548	1.9320305449801676	-1.1553934121717684	-1.8030701356985908	0.046232199000007315	3.2651140947443182	1.2688398930063471	-0.8472965883159158	2.7740380539521405	-0.7912583320678613	-1.2073071605731251	-0.6147642638706323	-0.9775611819509761	0.9018574513538343	1.228654643987926	1.5344713656427174	0.7810289149749906	-1.200321160237316	-3.494170089919227	0.2355632279971215	-0.13432268657837557	-1.340191961612737	1.2928888666769713	-1.8373603521739978	-0.7992029499133009	-0.6040643867722106	-0.5060604378124036	0.787721128969991	0.4219249217208596	0.7207277282058672	0.03337525963385878	-0.3133564502371049	-0.7959649164282577	0.4254136861622174	0.9838344881796035	-0.4375796720146813	-0.14712506309219348	1.1387817319038256	0.062049085988683146	0.6593022165480933	0.46462164276289647	-0.058926346427343464	-0.7715363975766731	0.8568332125988192	-0.191975416147834	-0.829387140164521	-0.17272515425963567	-0.8987284062040237	0.13005568944883694
DTXSID6046212	11.831183141920654	12.454878951113205	2.6964061988022636	-1.8924254537453327	-0.14518720472478847	0.1560429092122723	-2.7561807992693477	1.0868060269945399	0.09624868046563075	0.22104350291215155	-0.7106168665100665	-0.05647066056549171	-0.8866803607624082	0.30410276021846916	0.36600466407178034	-0.04740998195064827	0.7386360842336698	0.8958866945689047	-0.8513139274193673	-0.36680780815801406	0.8757463450806893	-0.49058226913450875	-0.15273313530046295	0.4076665915871998	-1.2728180555501423	0.5213167255539495	0.4310612116850614	1.0658625788352092	0.3270996063842968	0.8040688210819019	-0.38201111673199944	-0.5276755285793683	0.614611971150058	-0.09975664451071715	0.6302525982023047	0.004888151217730272	-0.2801609441711354	-0.6327718390877056	0.20963427494704218	1.1721178109152572	0.2597245653446296	-0.08095231091335162	-0.2681933690727527	0.40076513239953243	-0.14997962679691296	-0.7673935625550924	-0.4888185032248172	0.3952550396037213	-0.3761847034824648	-0.2792918764113564	-0.6581513009411484	-0.07066394059524997	-0.16316563474657098	-0.5955512738582597	0.1613819664267924	-0.13703795820130818	0.9255067045614073	-1.2445740125153613	0.5371560241270995	0.47913382576877406	-0.2583690555838593	0.38988183082369027	-0.6587324796145547	-0.08337741280659818	-0.3721803066352499	0.04697852070270459	-0.6807367385893309	0.6759025330993962	-0.9884005372761373	0.4184399539533636	-1.04305077417804	-0.09789216600166288	0.2649066092948762	0.531345485190782	0.3315120476759937	0.06527004237500889	0.5206752553294289	0.4152870125450685	0.7516813765308046	-0.5759458131694842	-0.662130765339224	-0.6992247486074744	-0.04926098295265616	-0.11945857322662382	-0.4826440804798529	-0.6463135401814487	0.3358398970769865	-0.039889611161816906	0.9165177982587447	0.43702451793219177	0.8160916302581424	-0.040418495758419576	-0.008482440705916403	-0.7624362873793192	-0.15043375844505386	-0.13249453340396036	0.5519311634233826	0.24360782003107004	0.20980581906605278	-0.4001356931285983
DTXSID6020434	-8.524645434518408	1.6825969811058792	-2.8530124737961198	-0.9788029954444064	0.3388088220202016	-0.6446007222321243	-1.4105420239245279	-0.5797692678281668	-1.7382493970312374	1.9311111592984092	-0.9276268641919139	0.9538144969975246	0.5420582012415783	1.0462053496301829	-0.09115684759346229	-0.3931051080702144	0.23557954972930423	-0.8022282712909626	0.18483089492840218	0.16553097946111053	-0.06607491828842203	-0.9311051024116769	-1.352381954358753	0.1305362637479251	0.8250040377327883	0.7193000735049753	-0.9351555602243062	-0.8756436693295307	-0.3831234784596578	-0.0012797094308553843	2.3314964648076733	1.1836627523209857	-0.6389254427444155	0.8818254132954692	-0.4383696351438764	0.4447604264658996	0.7912542845085475	0.21449511650224065	-0.16953510171664357	-0.3730231376217803	-0.590182904478668	1.349841046570716	-0.002557595779717012	-0.7897961201424115	-0.17195381044630142	0.21803856575510072	0.6257899899345725	0.23150965659391193	-1.379281544975312	-0.7223920799404845	0.7505973654643753	-0.5605815352649997	-1.245816491822694	-0.4808569373752018	-0.41702397213006936	0.2908886240767127	-1.0357046925660338	0.2233110724293976	0.14284945676496388	0.2058161014785245	1.3898854219583485	-0.515081091654692	-0.06092500672112695	-0.35113213376942615	0.46122804496238556	-0.005804471888581127	0.15444536471625453	0.2224198954863012	-0.32019403826682963	1.0689770072060367	0.022275295737762577	-0.07247321854070475	0.83115987392755	-0.00972791703484198	-0.311380058973015	0.6136394359285566	-0.33027177673750346	0.5328205621854507	-0.016412047318890528	-0.38824864489543814	-0.5808382469910238	-0.2602971809809971	-0.34161667335403006	0.08799466972879438	-0.20753924309462743	-0.4840090324486189	-0.44536022418652793	0.3188055572688285	-0.08195175482187911	-0.4551879376283536	0.5485974750280718	0.03417580373727344	-0.26183055851003056	0.11674005206632801	-0.06767642010939497	-0.24759674846145505	-0.1287169755301056	-0.03594990951629345	0.47527800202227205	0.22917767157892524
DTXSID6045117	-0.8229011755260592	-3.4500017479722613	1.2237501208268802	-3.7022860817609784	-3.4104483113671504	-3.3724820867948453	3.4104573304277794	2.767632734020035	0.5178249703209261	-1.43251937180257	-1.5248822843119416	-0.9546034478320372	1.728166812053948	-0.45013227831425	-1.0149402450984464	0.7127586999230195	1.1342574971691244	0.32950314153522414	0.335392011741654	0.10283909988459242	0.9467488023485331	-0.2612894906731501	-1.7661554830054953	-2.7553699849623885	3.013663596011455	0.5767396442858864	2.5850457758918317	0.19979774637489045	-0.743379549823119	-0.6657938019860076	-0.42666163317298866	0.16083689424800907	0.6271210385954004	-0.9006836258472976	-0.3333180700372594	0.7338805298171369	0.6949462850732077	0.823851888510492	-1.0332451256956368	-0.6666482854015973	0.8127350511715662	0.21760666522073657	-1.9181917227482677	1.367771148495987	-1.2295847111749345	1.6960979415069668	-0.9794068393304807	2.3112364730211157	1.308178586018679	0.43815670623929276	0.8294489769677	-0.36296056316980785	-1.0282553506432928	-2.9544599444462656	-1.047233355538886	0.5905067927064037	0.8684693168413655	1.4111741793949522	-1.0613521937574606	0.7948226004832253	0.10745910696404948	0.23124464370757264	-0.7793565591500449	0.480808538827526	-0.9495178988364726	0.6760470332413787	-0.6491308163790956	0.9091529156126886	0.36710270192327266	0.39954881005733067	-1.232689939928534	0.09603267097798417	-0.7961928813219128	-0.9776614098623704	0.02898187635632877	-0.18052426540873698	-0.7406004175854171	0.5111179945765303	1.5355756590533414	0.499755297602191	-0.29466466116001133	-0.07348856322381533	-0.16888299918636873	0.25130679940827444	0.1489604574671748	0.19288943067615827	0.643103469764204	0.7417988915763983	0.6302808712117831	1.1228318586184685	0.12828183521368552	0.06984502134782702	-0.48999132639869913	0.42878743242480266	-0.21517593879371205	0.7603618088733832	0.35033170326929614	-0.7878649229994372	-0.7096429875423724	0.29564010222496806
DTXSID5045702	0.8384357870537772	0.5687006504036148	-1.1336881261329672	-0.8976002751599775	1.4290788699773014	3.2213562624984755	0.774112941083536	1.0360863493363017	-0.11925017838106593	-1.181303106563566	-0.46945633540293324	0.49472296773482494	0.5634666251927514	0.18588937232600045	0.39424684102104135	-2.0398546865726255	-1.1571677805442384	1.0244618413924753	-1.4927450628427803	-2.0651306075334652	0.13878406991445993	-2.376142471927549	-0.8686558622346304	1.17904214737883	-1.7126347564894395	0.37398021128358294	2.2460966989738074	-2.192239638782561	0.3539020643305944	-1.2670212679180042	1.2942139670974524	-0.07977621471671123	0.38535264202602265	0.7289997253829587	-0.7034767475890943	-1.837571000100559	-0.15971705810827277	-0.16061953137314233	-0.4315915514423357	-0.17050407579451293	0.39042759218843265	-1.0121264577027849	-0.6873302183966411	1.0398675670159023	1.9459716708577137	1.4714583442154225	0.7300699933649735	-0.6541892697879234	-0.2540403906071873	-0.3335316064306336	0.7080636312303493	-0.3206664610605703	-1.4148705674584237	2.7508845212755806	-2.138640280792592	-0.06321642853163832	-0.9301588189850972	0.32690700261191236	1.62887466211244	-1.498476262741517	0.1292841878267171	0.24305191740353302	-1.2738467166333314	-1.4692669515533852	0.957648355834284	0.1230074809283303	-1.2039599447031513	0.6409040868464903	-0.5469020867682901	-0.33855003404280215	0.7751234666055627	0.7894620889923684	-1.8005164436485837	0.39472725798521074	-0.49603983359291076	1.24704095454419	0.16811892373067597	-0.9133551593979264	0.7669469019107882	0.43466462596097244	0.1555888949182914	0.5598187648979684	-0.5091758645386739	-0.13493717503541763	-0.7582996389670478	0.7229752639270995	-0.031938363905122884	-0.06989038609602877	-0.08452072862835736	0.40769439079078956	0.2783051761138772	-0.48565490434063174	-0.12736333465823552	-0.6681981558667262	0.32777364424516997	-0.20681036325191807	-0.34181174419613713	0.17530200067892274	-0.8286702852544594	-0.015177384848678923
DTXSID1047524	21.383813360858756	-2.0753523524783715	-5.3957351851062025	18.279552138005776	2.4866356340281133	-5.031763551539817	-4.224151193040833	11.7221290835419	-1.549824335884447	-1.6830275532640386	-3.4446367892005227	6.539238529054575	-0.3645449036118435	1.0239420476154526	-5.77024925905781	6.114381035958305	-0.39929391991439456	-3.7190089902046095	-1.450160616850954	-2.9219071259721754	-7.446924153757241	8.874232210873389	3.340816872139945	2.476729091866924	-2.1175319541142823	1.7092274918208528	-8.076276319131818	-7.668849152892663	-1.9833858629857932	0.2884147913316851	0.3139476575971976	-4.6568063160730615	1.471521687915835	-1.6242432083325014	2.033252870049653	0.5725180916188166	-0.016062434488802922	0.3081070967909239	0.9991568039985922	-2.2658483527315316	1.430251487319041	0.10792850491592448	0.29702770761689307	-1.3584980858382112	-0.7244133959206934	2.022572956921388	-6.776906753748687	3.895281933994447	4.560039450690559	0.8772394957361834	-3.5176168096194695	0.84636906941184	-0.39992861417910525	-2.323147632476443	-1.289805057189161	-4.8282599685054475	-3.7351807075850485	-1.2746633797285847	-0.04238308978747967	2.439218319187717	-2.476114595771311	-0.8474377582459651	-0.6034946920397958	-3.9909067251438275	1.2552251542884107	2.232212904310876	4.843008030645654	-1.0700789009147165	4.898137526702713	0.37496243026892145	0.05213631474582113	-2.138803718381074	2.661873493474884	0.7648988156365564	-5.830428784622589	-0.001445368499619454	-1.4490522363469716	-1.4287419934066636	-1.1771396917342056	0.728437297512047	-0.8945599433361328	-3.949420320017706	-5.8456176332943475	-0.7954981937599582	-1.1984024960284394	-2.363078411676264	-4.231588464411375	2.7999050193427495	-0.7674967648662082	0.17563592163455413	1.914559296886807	1.0538825750388296	-0.8027467373517696	1.18448089416198	-0.5384718505126826	0.5204113418175752	-1.3228505987560308	3.550686200010843	-2.2406748810890105	0.40514602357069424
DTXSID7045281	5.249644207241169	-4.806512548657809	-3.7897065538501966	3.5776910945958798	-0.6310525604475608	1.9386327260742355	-0.3261454426664331	1.7071440087807979	-0.18329111342635548	-6.706118920635932	-3.334729813848614	-3.85911716725602	-2.6837141696767004	-0.47734444038720886	-2.9143055679758625	-5.3096970780866695	-2.1899342306574807	3.987052324388671	1.9059510328809246	-0.3351313264796388	3.15086547052018	4.045022009120219	2.9477983925160407	-2.964085134502765	3.4508399471497855	-0.9142052328796059	0.8370856068224414	-0.8408575097668226	-2.047647848973114	-1.081334065830935	2.586918520763192	3.154482954607759	-2.9505498859438775	0.06590445134071747	-0.5207596351289775	0.8623268642985642	1.559565352112706	0.3536389110019275	1.5695928901911056	1.2682055483250745	-0.5817115222453926	1.6110549977284836	-0.2973939216407016	-0.9217222650409869	-0.5622800989188745	-1.9491198700832582	0.3274625676180364	-0.9656464079710259	-1.7084512116188926	0.018472996872893773	0.5076724689273217	-1.1019446675583924	-0.6824196999482898	1.3114847395642537	-0.20207006179120915	0.3277505309307446	-0.023664728863766183	0.6405672851263255	-2.2478913264859552	-0.2675207806725094	1.4528219883681517	2.2772616568678856	1.0023971552988726	1.8418433746738487	2.364308574493616	0.1648823419272636	0.5639334946363085	-3.3047919070216536	3.359350377694101	0.9511482433647835	-0.9185553982568216	-2.086781288191118	-4.491065764386321	4.85264992951093	-2.858036199856451	-1.3064992408881402	3.2613615507299802	3.462201626281824	1.9784853313406663	-0.6189286068943408	-0.1795620504571187	0.7768305075943781	0.2814676432181671	3.678640703649766	-4.294239937060517	-3.2263615380449093	0.023426097689123123	-2.372154896047194	0.8841768266932035	-0.36096104817034647	1.2311840304936976	-0.9211590275700051	-0.8067153529129084	-1.1681691751829224	0.4725801751413664	0.5557512957102179	-1.209968975613466	-2.1646504333161904	0.48476824648658245	0.004522468431998622
DTXSID0042244	-1.6216030887717814	-2.8707962803510263	2.8575148647734556	4.848098410075359	-0.5257435475260708	0.37633455510281694	0.9660185076063984	-1.1891036882168087	-1.4637510604804629	-0.6136873401870714	0.958962920891362	-1.368981462861541	-0.9656184672334852	-1.6516026129029204	0.5671853799901532	0.7640932414468657	0.7543276279613105	0.8441941471707121	-0.48138255032673605	-0.931895160305638	0.570315748361296	-0.6714916253078153	-0.23731983702458473	0.08423928900771031	-0.22147394797533976	-0.10564476147919123	-0.33449527285812786	0.32205051595094275	0.05125463295824321	0.36635337204575774	-0.47777251621175876	-0.13205417280506032	-0.4932069512465968	-0.5997422564420408	-0.2759488470278306	-0.5867923434030635	0.29072201348360255	0.048011508874645496	0.04273337709679608	0.0455196976778638	0.3293896764798346	0.5689981073721564	0.03568731269001884	0.23145163182315226	0.06223276483546114	-0.3173987205538382	0.5341374226109659	0.15117968073890412	0.20272288498723184	1.1108723866681183	-0.5991576181285505	-0.297759256786097	0.719858062863419	0.26260558974322734	0.37929315262466756	0.8899547174727402	-0.8223204847673177	0.8919096527817373	0.4563678527302536	0.5423627941401954	-0.8076844346920126	0.5814250223165806	0.5005032303485424	-0.2626896228743826	0.11400235586547702	-1.121303356129205	0.39673483910584334	0.15817888041334222	0.1255137300164262	0.9260827129807131	0.6153642710809218	0.34523789080140566	0.09212325739300575	0.06383817058540155	0.49728687336849775	-0.009569848750065349	0.1845749728746023	0.44221247290002363	0.5872135105177333	0.3118999801227564	-0.2195347281756249	0.32989976804030074	-0.42423553823996113	0.30899245104113	-0.33998496269265494	-0.011921116206596504	-0.07543738172776844	-0.12312480911063645	0.10264392651876528	0.6630261562281048	0.28943435675243523	0.17887931513697491	0.154828383945303	-0.08250872044864237	0.026613966880428896	0.08065973504590081	-0.34238614412992097	-0.555585260691362	0.12015249581648478	0.17124698154983484
DTXSID0032655	3.163361500742084	0.3130148752828679	1.0763671035451194	-3.4615139570496467	-2.266172889765374	-3.0848900862210513	1.6940290675378475	1.9246225778805552	0.4964748358207369	-3.0887816820037806	-0.8226221348903925	0.10641256998426163	0.7451651772936282	-0.30626859852780725	-0.7370478134759354	0.2895738084425632	1.2661195823643654	0.7142431014487267	0.5849549186881529	0.7227813848886667	-0.20982012885092358	1.077515517417087	-0.7605559311910821	0.465532379210966	-1.077459014348843	-0.21063521121963527	-0.7818780484469957	-0.9598092267834246	0.35000728130385417	-0.043793472825646315	-0.2689403343922012	0.1363099834805472	0.013062970206803191	-0.07309543929703105	0.19648010234343138	-0.4684652696556124	-0.12969199206277054	-0.0424229370409867	-0.1264411604908907	-0.7729864032375451	-0.01543772567626754	-1.481709742518488	0.001157516571750958	-0.3513999884928058	-0.03586669712617037	0.04834332521054224	-0.32051165255034664	-0.05534213042218784	-0.8805605084446291	0.2723334585158256	-0.018486418875258297	-0.5645680767491297	0.8756101980103965	0.1694991954237829	0.5008695252201152	0.30289436678875764	0.553264205072092	-0.26959321062022434	-0.07364472396498402	-0.13065500294046137	-0.4160796672942556	-0.5495109317435878	-0.5252479953374671	0.5510244671885373	-0.49151751027787227	-0.10178017021629551	-0.08067829741939456	-0.022154114512804992	0.08969917341670434	-0.19871967423898748	0.4349584003368614	-0.1783002258311281	-0.07834007152170044	0.334620562411133	0.2645937704821375	0.07637462936635632	-0.7453892381313788	-0.1428868172549984	0.28420568439522564	0.1832246326640747	0.24007296767527053	-0.2125045323905593	0.2726728220720078	-0.06552067481357832	0.17360220742173457	-0.41507321009572123	-0.5266225588205068	-0.5951391049698578	-0.22952973475028118	0.23267638219048137	-0.684143607723144	-0.31686024908328353	0.4251153968647818	0.2853779514417318	-0.002537183746569154	0.17745778019030412	-0.11486714823754386	-0.44285434903861187	-0.19701217831588105	0.1413724796949895
DTXSID4025799	2.855999155841605	-6.958444601037916	-1.0903364337210792	-5.75332337222231	-0.5978815095002206	-4.704911475949745	-5.486368881035274	-2.4303858878434172	-6.112658662090986	9.199571507579032	-0.24092444413621328	-1.3570355422319107	-2.2496813462843948	3.7892438075109176	-1.9369640050785435	3.0415482764722905	2.7940237355035573	1.3998459197855524	0.5989884911661929	1.0392310519602386	0.7256467344979649	-0.4023806324426045	0.12077626977815878	-1.8027583275645696	0.13136362767984894	1.176210277705722	1.89331731900166	-2.274947593012761	0.09687308618324049	-1.0386305627526304	0.8062792615393857	1.115350163994879	0.12664967893588303	-1.2640066799584386	0.1545857900278216	1.306473412547503	-2.6432549050416547	-1.6483702990390545	1.7800740133264252	0.030516165642955145	1.756826159975611	1.63310807326301	1.5474501494628248	-0.2586520718234882	0.14694828484255906	-0.21854371325571567	0.16471193035318127	0.7911861370494788	1.9347082097231527	-2.696680960613746	-0.7051524378323342	1.793352097607891	-0.6023319402419687	2.5378169738196785	2.946621520787707	-2.4345877454184697	2.919379807632595	-2.439025522364622	-0.8025752052984657	0.49498150243351274	-0.12044130873857245	0.10986182220136441	-2.172033062619197	-2.673652341440871	1.551449661537658	0.055671778377203565	1.8722033297100567	-0.7557951611886204	-0.17545885125662075	-1.5851495140375669	1.4469222786489415	-2.2682212806506907	-1.0873176296621292	-0.9387176591208269	-0.2626648248100103	1.8875385304960723	1.1954702325911946	-0.9643117101283046	-2.131999677649477	-1.9229156376601466	1.0722696716832905	1.5450411304229739	-0.039606875531131853	1.0572685940499387	0.1698811832704104	0.15432688375221715	-0.033539347099333365	-0.5022916543108538	-1.1972811971220025	0.31313512697242885	-0.1993125474634877	-0.42840733268463166	-0.5553110298089988	0.31521161899000494	0.6336534038821244	-0.16344261624734702	-0.05447290774768085	0.9006930815993103	0.218259146564593	-1.0488129122590837
DTXSID9020829	-4.3301142561442605	-0.4341180594902129	-0.46214311964827187	2.4767041023272998	0.8756504764064033	-0.2414697864140908	0.4407206303628722	-1.6198028671757316	0.3777760646616861	-2.964635290213666	-0.25863587773229807	-1.328723630965335	1.954923385911097	4.725414020223042	-0.34407992911052093	-1.410369730648082	-0.22408220072627275	-0.8625666112600037	3.138211590716365	0.6813194912040181	0.5254974942142454	0.31090478507959757	1.500533818088011	-0.7890131430913684	-0.8770137939634087	0.6457920912138712	-0.799181745507725	0.35921693855800463	-0.542095454185562	0.18408227150257336	0.9620498849563291	0.10765755447083272	-1.146200606112052	0.09268224111249407	-0.11727800065085851	1.254055395299073	-0.21426206947789975	1.164720877176733	0.11475674894135911	0.3222909273202264	0.1541741430912016	0.1542971384297481	-0.8321419013305786	0.03722783780404518	0.2970117991575705	-0.5036668434311479	-0.2617997527747796	-0.6478234379757822	-0.24228702778988964	-0.46588994651823507	-0.39935581341614845	0.1869479088896461	-0.024897360573528184	-0.32445640690546057	-0.5954665082700513	0.12696087057688524	0.49432846069315756	0.5769955725477252	-0.12903629499843405	-0.6580722054561688	-0.5734819293080508	-0.727100082964005	0.459678163130583	2.454516393470511	-0.3759720068081534	0.3490672151364288	0.06814269208776857	0.2981235663770454	0.2522151934792383	-0.28355224966684267	-0.068457031868435	-0.4532177118018656	0.7289015206520342	0.3999088702076122	-0.8830179612357411	-0.0752096623951902	0.8882823744722058	-0.08932420243945557	0.456396710613759	-0.3527710927221296	-0.1305537638785073	0.4835183596926609	0.4184580147672974	-1.0298526008864926	-0.38738710743070426	-0.24975362368350668	0.3189913815928877	0.5820868775848533	0.09233836333338591	0.044711406378395414	-0.13946720589508704	-0.3129330817491923	0.07473768548563925	0.4953533461975448	0.24564482879526384	0.039294923278433376	-0.03086377911576527	0.17691016348097277	0.4012740185917113	0.4015605549369177
DTXSID7020920	-6.4824849184963895	-0.4781146216203797	3.1486041732008254	0.20180091105936715	-0.7488169326587695	2.2993986097539816	-0.5907818971255715	1.4956895141716977	-0.021293052647859814	0.6954380913059263	-1.32014737269059	0.9650975676639688	1.9111449226857973	0.41803648336036403	-0.700703287816725	-0.24731581520969925	-0.5621377309003521	-0.018882549354096858	0.3174186606624315	0.5195709648530565	-0.4617042444631615	0.5403103054567723	-0.16764181337965903	-0.3432226681076804	0.9889790476636308	-0.3456693790951085	-0.09904975047122547	0.2494478752431556	-0.5460174831747241	0.32134651335132225	-0.6569971481631288	-0.3097187654679398	-0.23180554161195707	-0.01707413737676927	-0.3172182429854914	0.3738140850439745	0.31368050759961635	0.5602654069731223	0.03460981589855544	0.10975981875780655	-0.09253751273021567	-0.5685480566332377	-0.18800356558992623	-0.5017349971945042	-0.07499187439037476	-0.3739198144145632	-0.4422770921297746	0.12844106873841193	0.38953339346862204	0.055248434823925274	0.01929267123169172	-0.6234962003135657	0.3305952104378987	0.37006791227617414	-0.0152152974930782	-0.20316615831985774	-0.14571267937333982	-0.5176129764508619	-0.1770427683827245	-0.186337338996406	-0.027554814548131728	-0.3949257303501213	0.34520257095280826	0.2883610383233672	-0.29074437045685714	-0.013859747525030351	0.14905769311288522	-0.15379879936210752	-0.07894141094554151	0.02747471672499228	0.29244066435508287	-0.16553361282267512	0.15569568830435507	0.32714252304727476	-0.03950843967985548	-0.1982153953013308	0.22508934440486028	-0.0921758323832509	0.08988208141696163	-0.1285070383344232	-0.1981155163216067	-0.15124519064017944	-0.23709581887293996	-0.03368234208772829	0.2723087899818417	-0.024720440659890163	0.06387359724536064	0.16593067639611822	-0.039081457221458706	-0.3634356262295249	0.11965478750538201	-0.05153712440307077	0.15331249106771824	0.0444609062993011	0.11935749908337868	-0.2994241982261905	-0.361284264471653	-0.1350163494585849	0.2556653606640886	-0.06496441116731957
DTXSID6027343	-5.136210133986455	2.2614738773009027	0.428463143206235	-0.6126803507733609	0.6427406950607175	1.3630423184701472	0.8502444517249819	-2.2527644936752025	0.4691053814226682	-0.6765647501684967	-0.6713748906932767	0.6441202140632196	1.7887272257779212	0.22836445507025238	0.15055083569177038	-0.279214005283485	-0.9152558983364133	1.6707737084870566	0.0038667098017251085	0.481870925610302	-0.695358592664065	0.005445075965544228	-1.8557648951190373	-0.5394611739067289	0.7861744927868993	0.08387539629072731	0.5744749400760671	0.7099173811361593	-0.5289944037407044	2.309961332043837	1.8305253890204358	2.549367920510692	1.1729138028211574	-2.1851858760058867	0.8271165203872027	-2.5576154706892575	0.4781469571637844	-3.26285426244338	-4.1648601609868185	-1.8727982977626334	-1.8167767406224695	3.3432468343096433	1.975782359333747	-3.0923147015300354	-1.644423735514218	3.2008645182567745	-3.6272663466875392	-1.6413473816159483	1.8609436023561068	2.3022083764660155	-1.3399193343795048	1.8266985475857902	-0.06945471624326807	2.354433076206677	-0.7274785068128156	1.051449853823955	0.8695362526096369	-1.7566214638857447	-1.0622645162323179	-2.390111276402477	-2.6355576583803306	0.30258630035075884	0.3113222197064054	0.9023219467767645	-0.3160867693042462	0.9372927110558896	0.7404573741969798	-0.0623814554757129	-0.17965923843592457	-0.7971971834311428	-0.39834030917359026	-0.27707041853156367	0.36419429698512734	1.0272585800911518	-0.5609484207984937	-0.5125392363608111	0.3961569226033231	-0.4084657925848317	-0.7038471926616657	-0.21815705756364262	-0.7014036562958738	-0.33228393992580607	0.5775678028198161	-0.4447988257713263	-0.52863177543124	0.11873481411081005	0.5636773291416712	0.30588286846400814	0.511745030962509	0.6083861740413415	-0.23447978335813385	-0.3442453126332823	0.12879445993450975	-0.21194406802821894	0.2465450134764512	-0.25794442836071824	-0.259525233424759	0.2122543749264133	-0.09183446106546421	0.14456531746174633
DTXSID7048748	7.854497293643968	-5.999304816448137	-0.8446270127509689	0.9581874066751362	5.039265842281978	1.4126547529036142	-0.3583730738224991	4.709934465972188	-0.4367552774875642	-3.012243267918861	-0.6167266029411469	-1.5103026172025131	2.7763707183048636	-2.223506343011401	2.2538944517866737	2.1669261676334446	-2.415622124435495	0.09099441668468491	-2.66418553168419	1.0854502523177907	3.224887965986477	-0.9073036471459205	-0.29347384585960323	2.7780454023136225	1.6468682711642546	2.757689007683856	-0.637543540431099	-0.4521109755802846	-1.849132452134167	1.141804158058337	-2.327831654256782	0.6440481519746651	1.1110974033218708	1.863426671902775	0.9968968241391407	1.1723754712063865	-0.41506318820028126	1.4014302899501645	0.6913739153632085	0.9488919438936975	0.25526591309877733	1.4845617567964684	-0.7948893852943224	-1.7131780506805832	-0.44546789232037776	0.5992510786985165	0.1694635297531206	1.286079718743652	-1.0007384036737639	0.8862995853652841	0.020892637729933383	0.07362343985696877	0.7638926033167898	0.21315063438084228	-0.08786137394235209	-1.319003695197905	-1.1899097939352872	0.0898217031821933	1.106746166194196	-2.687343177369196	-1.179881327789164	-0.6167518354303118	0.046015656059061265	0.7175496967353399	1.1809336531314492	-2.033922991807239	4.128803897459888	-0.1300492996571311	0.7375018254520584	0.31283787325953033	-1.102853760199933	1.305360642456789	-1.5292114472764142	2.242808028185584	0.8856953752726323	-0.5156304660277713	-0.406542706487335	-1.5152137365811302	-2.0907301709576895	-1.5829895171655048	3.014872699422387	-3.1185163359723247	-2.9868969909849588	3.0221906737302655	2.4551173934473427	-1.1690842362124625	-0.24557741525559812	2.719041125951172	0.44800094414111663	0.004991654227338187	0.3069965980757391	-2.1277872888570935	-0.5024372714083575	0.2408241549086184	-0.4567251762994309	0.19583297530780544	1.1677502702760874	2.1397503806584184	-0.2007289307446751	1.269860102628885
DTXSID3031444	-10.41927273951487	2.694389256750958	-2.842796972984986	0.6943291097009949	-0.03993707162857564	-0.3243008400724665	-0.476161914056789	-0.32083511402182474	-1.0677065533797139	1.0354410985683147	0.09583613957509222	-0.035637322512755254	1.6418138748494886	-0.21665649939720477	0.410094881726319	-1.0199394512318196	-0.8498845577903045	-1.1257740981877438	0.9081414293872447	0.672430565984605	-0.3164765974173799	0.1727041229847935	0.03232514927653496	-0.08887930319592793	0.23787350505333954	-0.3399736163937105	0.06602225894202027	0.006211428099811736	0.07263978190818557	-1.4249924337004918	-0.16221251505679257	1.0239030643868026	-0.46567749022247745	0.18642897838096162	1.2331843258478854	-0.14242021906882335	-0.10586713468194044	0.38550944897645495	-0.19551349020667755	-0.6351643659938675	0.20397383931016655	0.16623927065089944	0.01952665122213584	-0.8989124961341968	0.1373730300676863	0.04263245314644312	0.1728935268738947	0.7296333773000379	-0.2655301141105574	-0.19248261582380521	-0.31242371476699266	-0.22000009103011636	-0.18268512451925506	-0.48613438718491014	-0.15185084969536888	0.32824358655714825	0.8462602271134052	0.08197619009041292	-0.5110931069183139	0.0679929422432699	0.4675686712418425	-0.6131626086697455	0.010054673798030014	-0.2883914422285708	1.3807962528272182	-0.34358845709449454	-1.2556547978666868	-0.675592310566912	0.7676206841171256	0.4097305774105871	-0.6856997080074854	-0.560716930138895	0.7746381578414013	-0.5578509646535308	-0.882058673486711	0.6609903310048577	0.18741299691616306	-0.7547114859430327	0.6984655301296424	-0.10875187317708204	-0.11135623796125575	-1.1714771199294614	-1.707461095589638	-0.7910563191133203	-0.4469291890906206	-0.27557390447073415	0.27335084707538604	-0.9098440932458566	0.8281407539768116	0.6701095170820278	-1.0745480858916914	-0.31991182930392514	0.12325283415372014	-0.04895086001205231	0.9285046889358494	-0.6043850685613213	0.23295498906983078	1.4817815272290644	-0.11845837208108716	-0.40878266033264105
DTXSID3021647	-5.736791278914415	2.226515135329519	-3.5259486072210846	4.594623277182255	0.4952034563639961	-0.35301630489245944	0.09164500957372988	-1.9893221425890741	-0.1478164392806863	-3.453990229155037	-1.3401444752611085	-1.2902445379230483	2.561173106204115	4.814683450785157	-1.5925752526163066	-1.100059078115084	-1.1347591796227583	0.34903200658411454	1.4608937425361752	0.48806862601269685	0.2520079601330315	-0.6558411725193027	0.3195705480304994	-1.0151057526909266	-0.5688359653552099	-0.1557218503068546	0.8593579779202677	1.0525178088593405	-0.200868014371132	-0.7220207028891026	0.981950808181667	-0.07908918452614533	-0.9137565919814317	0.707351334414156	-0.3425268730797873	0.5977580633206403	0.40389298428109344	0.9771721068104205	-0.577522902283746	1.3073745280559197	0.3782902743745266	1.0507594328521157	-0.5073025216837383	-0.6624283838577941	0.16567382757403107	-0.5593699960550487	-0.05522689143122232	-0.9773701771564388	-0.9565004529426205	-1.4535286027858971	-1.4175831624667437	0.7030333947392285	-0.21770894950021505	-0.5424370868997328	-1.1119146302599474	0.13346776326238718	0.6737073498854204	-0.3802969788443578	-1.5331955626226395	0.3316645765402957	0.2695296771015096	0.384016538996701	1.1272838438150474	0.49575869751703244	-0.39051907766931265	0.16400972003928743	-1.2726438353712661	0.2766400587970354	0.9378651777178307	-0.21301071978949923	-0.4227079968192204	-0.5222842898027172	0.058249456784638005	-0.3285214261829399	1.0379854928257068	-0.14386832448425504	0.3408837082859782	0.12807126233909832	0.3783264674294623	-0.11542887332335236	-0.16830924531240832	0.4922130703000669	0.6718168659324079	-0.740829258581458	0.2815404223814776	-0.5360477777174142	-0.12134640027888671	0.527336497069399	0.45985562607059516	-0.3049237228344584	0.08398504305688864	0.47953754913731145	0.22297960671293848	0.06427937331085719	0.3934315431744242	0.6087218380298226	-0.010003402433929059	0.17898042086478286	0.26896252352669126	0.1725818369151105
DTXSID7027594	7.509347864467944	-6.471101398499119	1.7996400865072748	4.208614775409888	1.3957806047941046	-2.4663048687013247	-2.286178377549868	-2.0440023087363217	0.49564747451806507	-3.2885416071915445	-0.1357227870463905	-2.335667779620375	1.059119978760225	1.18135298599791	-0.575906801803742	-1.3128521524206236	-2.1637627521242706	-2.3345290719925957	1.2359318456139192	2.823893940386806	1.5008202888110542	1.2051314913758495	0.8815030934936409	1.7711198934945884	0.43016080208024693	-0.24814966905111221	-1.9707685513691375	5.700792907483883	5.775674521172868	-2.4334685872736013	3.271525792424212	0.592553056320339	-1.032964997655419	1.6813622065254776	2.3088600379348434	-0.677339142461445	6.582077002150869	-0.050974343356121145	-2.1729392570178887	-0.8729813130406701	-1.5632769599894496	-3.0393223495209307	-0.550714512942207	3.1033500032127024	-2.2361934073004432	0.6781138835344654	-0.9910180898995673	2.0116588106074027	1.5991358532577342	-3.118139835435429	2.729420770542698	0.9791275547387622	-1.319685781190178	2.8278232575105835	1.8397083737454933	-1.6089581255338048	-0.360265919292765	-2.9645772554165153	0.7634147497195827	0.42691419321786755	-0.9184882597687758	0.6278616292248405	0.2443534357808246	-1.7371901573622897	0.514987962931841	-0.2219529079085589	-0.5384052673357568	-0.692856097930589	-0.7286412974046705	0.9904021870396417	-0.5485944684594222	-0.30085439040294043	-0.8119759385355436	0.4852044590679695	-0.3140977785307001	0.492953164294768	-0.6772401911698196	-0.19771456981605712	0.2133340878341346	0.10915249555382008	-0.08064306575341723	-0.5849028990367522	-1.3150857857795677	-0.5420928686492965	-1.4455475722693159	0.11536722497676838	-0.5327774579937378	-0.4160041488354209	-0.5095082459506293	0.008567649074022165	-1.0612426932155934	0.517911163629016	-0.3125733672515917	0.44671841113746885	1.0712824065269888	-0.7225328353951581	-0.8442351455847246	0.37591022864638557	0.023309405774432072	-1.280160109152259
DTXSID9021633	-6.290488195124737	2.911054758152257	-2.5238664075089217	2.6358021965760803	1.1450207391900489	-0.6063366286374727	0.543872863170202	-1.603113664392419	0.18644797848214953	-3.2828616045265977	-1.2631718325818664	-1.322631810739678	0.8221147343985397	4.88625917702419	0.22830797099220787	-1.262405558108429	-1.4177082997245412	-0.07972464844359833	2.916294816256444	0.5397910203136719	0.12706624114049944	-0.12338234233990825	0.11406166308004248	-0.40348359568668973	-1.2295516605805634	-0.1138730471120707	0.08631681425387666	-0.14120606026195948	-0.37177172471716396	-0.6218378875883711	0.9842835533853761	0.2605970400712438	-1.2447173788735844	-0.48716508238357814	-0.18851664803837032	0.9343017694391273	0.5291409471092253	1.5931167453084463	-0.25658587136493305	0.16634092965588615	-0.022052906558238734	-0.12977038156397655	-0.5038929233316038	-0.34788714916897273	0.36988312845436855	-0.7220146751895172	-0.24394240649362034	-0.15634102945083084	0.2045118581920793	-0.3569857676360561	-0.8763135809544381	-0.574122882878567	0.10124296064912988	-0.6052483433339068	-1.0626056980609113	0.3371990303539232	0.22346688671134451	-0.6050319529785305	-0.6151510101821045	-0.3584962417881592	-0.5769528709684792	-1.0270002216132943	0.19205904236410457	0.9337976352737737	0.25178225486796957	0.2757984989171145	-0.309735565025686	0.18532442577408453	0.5702800019878752	0.06560180911100115	-0.13885565833452646	-0.8106126987088749	-0.1594478221068892	-0.40412950709904294	-0.03411900573518747	0.23580059780743273	0.8868940455805602	-0.17241781132316536	-0.12523587532809824	-0.16421923881027473	0.23453267018003465	-0.00032806567022005756	0.8184000408371153	-0.3503677660438858	-0.1053638975256082	-0.032365881679045326	0.6525963915012158	0.14660246547606545	-0.42016001289298227	0.3572111336070889	0.11745304794290796	0.12786130535239126	0.2091621644422445	-0.10498592782788037	0.03658983403145084	0.3053710260712718	-0.05290220402271438	-0.007855379432802121	-0.05182089476008629	-0.07351149327926584
DTXSID9027158	-5.4900734450823085	0.01284396298656968	-0.9037538814497809	-0.0671937042103574	-1.2043270075168915	0.28195842921404896	0.04784547096139995	-1.81271165171809	0.437899313658447	0.03814393473151437	0.5972887551888211	0.1410495711704023	1.9298329437060684	0.5476108022224258	0.05243791273261052	-0.6729456689158386	-0.15562523592929028	0.2833378065110561	0.605536713995031	0.5703817865747591	-0.480122532907292	0.8884584850628671	-0.7261984911618117	0.1354754658039741	0.5351897491125932	-0.048106191703011336	-0.3295865522908902	-0.12744872111658437	-0.38674973258831263	0.34491072561720837	-0.015059235924178906	0.11594551230477197	-0.07676170117679193	0.2867632849212821	-0.21093546596785284	0.004706352737305838	0.04862139828594089	0.9081811898104358	-0.08844602857529042	0.3204917978187945	0.3371810844669332	-0.09097460697372822	-0.5503483120839865	-0.2488906002497835	0.20519590439401103	-0.295833980551443	-0.4070045680107449	-0.49150762454314917	0.06541867007247304	-0.09632192907290849	-0.005942959885915432	-0.48532747979595736	-0.30807610208803965	0.6823686342127196	0.17437746120994108	-0.3042437428121191	-0.24540231538517474	-0.41483691827746566	-0.936680708935901	0.04784266078822954	0.23361332245383254	-0.12205190530737077	0.2702620993015349	0.12415145134589269	-0.006420778517233973	-0.06848920646016866	-0.024213109877970377	-0.814302762955082	0.4542707296968689	-0.43819448936631195	0.0819339260707366	0.10059987272562805	0.6168178357797055	0.4436769144505974	-0.1938900170597446	0.14109427406812447	-0.24651445845046055	-0.12074379238348676	-0.277921534363458	-0.1390240306983242	-0.5048008710518589	0.1629679066667769	-0.24555232328806276	-0.20133000255775466	0.07586960129429846	-0.0791956230598234	-0.026317224408038825	0.16804699149371524	0.08134001626570608	0.09595686486195856	-0.5151554805240339	-0.09314769045404196	-0.17899710530137644	-0.10280102983691262	0.33454678442823577	0.1894761738591273	-0.054073117556926495	0.13875427698277648	0.4234652858310845	0.09443375583252955
DTXSID1023362	2.6679731968688754	-3.446714506545927	-2.2996304113688053	0.7945521710808647	-1.641297834869904	2.8990936760282935	2.5064224762817275	2.6406394615439277	-0.5988609711089865	-3.489202230675261	-0.29638314615788136	-3.2231870262904483	2.5101214006545893	-1.3756789789998425	0.3823230877365891	1.625391800104206	-0.12745265193637034	3.4900094170538587	-0.6325822039909551	-0.5030900339249542	0.7368711929077791	-1.6284541215871449	-2.574547186927801	-2.2941868590480796	1.8804550515699694	0.6602889864410545	0.9930582543133945	-1.1555546317059966	1.3279429992945426	0.21010505918562386	-2.58545883998252	2.4219996949079823	4.83625585590666	0.0835184883177391	3.2115232907122886	2.9451145883960117	2.237642955635547	0.5304668786775718	0.5806388399401916	1.9070483551302941	0.6466772439112622	1.7072138647136752	-3.5501700197755253	2.1442345621662495	-0.8221307225626587	1.4062200984817568	-0.8029432105875396	1.6137327982416694	1.832852030723137	1.71174302763003	0.4773405261192716	-0.4649816028809922	-1.9449006964618745	-1.2669242495749513	-2.1726043600845135	2.047726868233659	-1.117214468592183	2.2514515096052077	-0.5941855287388916	-0.2289862991144564	-0.5305940925724943	0.22542935500033406	-0.9439903571902601	0.8412152021054352	-0.8410933111864716	-0.35036926833727583	0.33606422278169934	-0.5042292338896684	0.48214483228869115	1.1735666043308526	0.5362679719072387	1.3385175279517376	-1.6646434962168464	0.203850334087896	0.11363400064039557	-0.46360085225770903	-0.7973684948693844	0.8989330726241304	0.029282446171176094	-0.0651819890569849	-0.36472119161112687	-0.35947731768994023	-0.17346327127961886	-0.45653833617005496	0.7286735030214964	-0.33997913370006855	-0.8878721042124008	1.3165735856821055	0.9106791643430152	-0.11691964489822489	0.4567985775910291	0.9278642830266609	0.10625949326773322	1.174099018325311	-1.0620173471965464	-0.4383922997098601	-0.6170635407591675	-0.9817663099907665	1.7060082957904716	0.8926401548065792
DTXSID3048449	-1.9758569455351462	0.2184659264115463	1.9581146098853277	-1.5250842611752558	-1.1890833521305038	0.48244486963794353	3.0701534487769826	1.1030999568839874	-0.6812397285606367	-0.3039589468603579	-1.2179259981653934	-1.2161173799372595	1.9727592109537526	-0.4450757160650374	1.2513954875393618	0.7615732130405605	-3.705142098828131	-1.449093978103246	-1.0328900828331742	0.948280041549878	2.396528848297337	0.6793658459330308	0.945677214308652	-0.17580085991095726	3.741601199433131	4.159314572911949	0.10836357892256483	-1.7356346758156298	0.7720989852890201	1.3488457517319075	-1.5711147160585854	-2.111167341546026	-0.3136209747885169	-1.1606817184317637	1.5616751678163716	-1.461886267660335	0.721769663096526	0.35070997392758874	-0.29510677321953077	-0.10032511711508965	1.3352841851491117	-1.2513652592370974	-0.530570053750688	-0.5613427131275914	1.2027504288690685	-1.9071651558261848	-1.9497122570039045	-0.4424350934908007	-1.910242429711066	-1.0133281975923711	-2.33989494458533	1.561963291400255	0.5949373880386545	0.7207203685352622	2.0381244917652066	0.4013699913929117	-2.583677057480596	0.10074236728887903	1.1841310930931137	-3.493224562758287	1.5043245754611234	-0.9944099274762124	2.0299311488289455	0.9301217487502157	0.39269942262066854	-0.061190319637854075	0.15455920472965326	0.26034219710241585	0.6122031666752683	0.5127960444739057	0.2877773874949756	-0.1965469345261904	-0.4852790106181861	0.22776897993700154	1.0255626629202235	1.1031638996525468	0.25954331575057915	-2.0112059281847823	-0.4452424267239999	-1.423513432060036	-0.6004068247500343	-1.2079057787569274	1.0745501209044528	0.9532611932959641	-0.07410137377481259	0.6008494934376443	-0.5608584386284348	-0.35349841209527155	0.11671503762995869	0.4532521167975401	-0.08140682816416726	-1.3054320539279765	0.05095153555809025	0.9525513254811463	-1.2256684463055747	-0.21894836309226665	-0.13614251399168062	-0.36485771688935575	-0.593545175979514	-0.15621470410845825
DTXSID3025461	-5.494522044067571	2.5983056621759606	-2.9183190751464463	0.5976686546433386	0.33532089598320963	0.42507429572719224	0.9419379425747921	-1.8352881563176897	1.2893920480074836	-0.3179067615187525	1.9917429673055955	0.9495668390063764	1.0774405885889962	1.1023841972258432	0.12789919239005842	-0.8140043931386017	-0.6486122973274906	0.8161886162435334	0.2725066632670807	0.748576799056239	-0.8062525536283095	0.7273298632965752	-0.13719180383099455	0.08030666588480323	-0.16470620062874458	0.23988551084528706	0.5210552936345811	-0.11311874737807524	0.06927673304143736	-0.14352175381552512	0.17596748746465787	0.06266467223629836	0.3946120086676978	0.5536115890706976	-0.07855824844492726	-0.07830919079488581	0.4296526776698931	0.4019591581073417	0.23957297346868656	-0.7299112065559917	0.16943362562914394	-0.5674497094847725	-0.09473642625129472	-0.4375959092316161	0.5406003043684432	-0.35658874623456505	-0.023693163089112967	0.3605259322217652	0.33560856931964067	-0.005338668063377965	-0.08618459432776175	0.00525399029912408	-0.259697146428012	-0.7396585416052477	-0.39186944983335276	-0.344150259975665	-0.45922590994075285	-0.6861032821107925	-0.6003689914986565	0.14031244375920085	0.11044569084486626	-0.281199050031901	0.0251440284259301	-0.17977146849908324	-0.49926195877224167	-0.07228666267304389	-0.6903256575755938	-0.0633401104292939	-0.3863700304336487	0.6040177447300888	-1.0883198856569178	0.22270712530208914	0.4280121067076744	0.3765968737197789	-0.07711517691464488	-0.262905072086067	-0.2488789799613189	0.658618153978069	-0.32358357686390427	-0.3586932381263086	-0.6810149808166557	-0.011208874458094303	0.21775212425395665	0.13606591957942435	-0.48839959147040823	-0.22147373893276073	0.15315666934534594	0.0859682255008626	0.0004219267742814349	0.2445315849160009	0.3221478589752964	0.04114721929092635	-0.34744617067333217	-0.3962161669161289	-0.4286214128106206	0.007491404184092082	0.13284619985392812	-0.1543758364120283	-0.02803658431142926	0.47102370201343036
DTXSID9023255	-0.3703773020503716	-1.538509298388335	-2.0575096138161277	2.0505375623962356	-1.754491281692787	2.3033178425240775	2.575716253043655	-0.3221269524816742	-0.13666798071419659	-0.32539281384677055	6.185609571767174	-0.32559408289662306	1.129213888701972	-0.40149109686631473	0.7680756368984152	2.2073365912318987	1.5183074536210062	-0.5619674758548832	2.1796580820769815	0.9239506194988262	-0.8181059790875161	-0.03509760308927575	3.865872636119256	-3.9140615284130273	-1.1775318819449763	3.4509917907352463	-4.127332484838724	-1.4359576140115486	-2.0792834869451124	1.2243146009247976	-1.529570717034839	-1.9781445436609664	-3.9453019613675115	-3.912082988918336	-0.6577777502136335	-1.9151312725652008	0.2283901389117617	1.0685485802284482	2.4428426558875107	2.0234279468838614	-4.185957774061138	1.9884778383125372	-0.9766098413137431	2.1754763933570582	1.6519190710444558	5.000706302657903	0.28677715034818674	-0.031734753756458206	-1.1831955971845305	-0.4914487853709126	1.4182568701141534	-1.1399158438327142	0.6312569661843707	-1.1122573304067884	-0.9568600344747618	-0.956908150453677	2.9648693565642934	-3.154741292808483	-0.2763823077494595	-1.4828801642924143	1.2267619701020929	0.7832922440497474	0.9433744388370053	-1.2003694108051506	0.8204258631884197	0.7304883050410351	0.3955058832531278	0.3538530310763714	-1.3040870421952182	0.1810753940819622	-1.5480918473353584	-0.6152814678767309	-1.5189638676762782	-0.8123719134991295	-0.5190935156533697	1.6348919364172152	-1.2745618563172185	0.06280097169784978	-0.10009185781307227	0.32338285485430684	-1.5197266090093138	-0.8142762201872551	0.07202025593218328	-0.22784044827370406	0.33534484308719154	-0.7335288332242308	-0.36762030861504896	0.3559183968900795	-1.0939146296600741	-0.18415016582232382	-0.3349709742024968	-0.08904078674814661	0.7710060724760258	0.7661353856304912	-0.14414275691404405	0.2721726467556483	-0.8314867331500471	-0.022924335788953504	1.0820333848537163	0.6173633361933291
DTXSID4044953	-6.203530652523792	1.5992532008849185	-1.5369692269449484	0.6937643270893648	-1.7313542909745199	-1.990841133648673	2.138335461414909	1.5984845517752257	0.09634292068955792	-1.050481260691281	-1.238599255872297	0.11828725296755477	2.0910758934672216	0.19829039765982823	-0.9425630226125199	0.4212757231891549	0.22963937703031734	0.2573803734833509	0.7038629044845641	-0.8272651824861115	-0.08181796004559411	1.2760277193080862	-1.5739172637253371	-0.5331249866867755	2.137664282322726	1.5452551190355943	1.0135210708024325	-0.18029785503800758	-0.4744413223287825	-0.1740981157145655	-0.40093230583193756	0.6863939995435117	0.044805172053030674	-0.6444850619037358	0.3443760313056556	-0.1981387315523035	-0.13308718951149054	1.4174779156631447	-0.9932780911624978	0.013257922953972446	1.18355026080842	-0.1205244599702471	-2.542477515584522	2.0770702868080773	-0.127282479405211	1.8363381175641331	-1.8425211079934316	2.8966617510461155	1.4725595921336792	0.8578116506677477	0.8490105447319285	-0.4507725558110851	-1.5100763389462701	-2.3909675359195197	-1.7802796384781054	1.0842508514869904	-0.08778745170700801	1.4853556061156596	-1.0436920459106576	1.3139157337104435	-0.7699572215662832	0.2459216590334174	-0.4207090851748553	0.6764907590991281	0.538133131167293	0.13928132741688948	-0.0030091500068925767	-0.06548842236355946	1.3627277514002458	0.7273937813268557	-0.30643037478654783	0.37704946834629793	0.38627451380576977	0.14847977264119522	-0.7062959619358298	0.18685030740297418	0.0023382017988858583	-0.5081948226746016	0.20240313719398756	-0.3627230143909777	-0.3228340180716808	-0.22683195586894267	0.31448284329712495	-0.5082167926133244	-0.38955043726075494	0.1916330810364324	-0.5816535708674447	0.2624838053669	0.25385897725771134	-0.36796507947392426	0.2578812632550037	0.8048555487892831	0.39628261180698265	0.39102272933782933	-0.41101067168207267	0.24798372538065988	0.32040748995585816	-0.31739197799457647	-0.12311389124642978	0.560664234030712
DTXSID2041206	-2.323255469371512	-1.4518483650586098	2.1190637824210006	-4.009407168006307	-1.242856222234157	-2.6196220050219927	1.0559136795003519	1.792846365013816	-1.6857569636960432	0.8826369328832735	-1.955041227586974	-0.5249599640181288	1.1385657468579198	-1.0414766051807751	-1.6423505077408478	-1.607503252457908	0.6224329297535581	-0.5988625282503772	-0.1883918975280168	0.5196214162021945	0.22340887416392896	-1.7872198951649634	-0.797100015686843	-1.8846883572617392	3.169835576291615	-0.09840192895396063	-0.4242017685276707	-0.6361498968014344	-0.22160342562409677	-1.078076535987206	1.3935422079846758	-0.23671250749250777	-1.0072517771112226	-0.5029429735376838	-0.7553204883991154	0.509952710654111	1.6804427902571049	-1.221568131806805	-0.6636553858207155	-1.1474937890239667	-0.8475101563506989	1.3326315041651096	0.37712783653188203	0.678219055045776	-1.0797925739248677	0.3276723171556992	1.2831404481204396	-0.14202760246028234	-1.8799168115455838	-0.05649165342213731	1.3576325704155985	0.9800157514081956	-0.5415226999191498	-2.4320577750969887	-1.6795512221297018	-0.006468908978269388	-1.9008920751082166	-1.1149944528533418	0.33133685616334635	1.734311787109107	-0.2439216125511367	-0.9319181126649979	-0.8982221751192557	-0.035143625358146746	0.16155810839696316	0.3213684640300019	-1.1642372862269186	-1.2675159646470684	1.0535154822628163	-0.0793346641671878	0.6722214791663488	1.0939843492107348	0.7190168122153723	0.48457316553921886	-1.1508086691351505	1.820776547579007	0.499989239858005	0.18810965509610977	2.0251239012570816	0.28619062434420317	-0.6171887232475526	1.3548560830719694	1.2883872931662448	0.16035674678546027	0.6771351116268032	0.05607012187229045	1.800059287789085	-0.20963788945249923	1.7606353847891256	0.8635688732442657	-0.5208346288072463	-1.0388766324603034	-2.3767673771201427	0.527594873165647	-2.6000375546185412	1.7515409749453072	-0.701111147616139	-0.47210049041271435	0.2180032847445615	-0.5022445139603019
DTXSID7049213	-0.8022620222531502	-0.07189655395541995	1.6084016421062803	0.3163054969606888	-2.1809269980881645	1.0170515539756535	-1.0534087896926798	-2.3936729730377837	-0.7385337698420623	1.5559430407231243	0.17622898711906362	-1.037830023184826	3.2639419648563197	0.9228406364317062	-1.8754505860578525	0.7068283247321784	0.6989544277753935	1.9113385089897237	-1.0671330877778669	-0.05965178628432452	0.46871143502370183	-0.6797747670024609	0.4245948541184537	-0.9290884497092531	1.2667148363661869	0.8081280927998991	1.2625342787934581	2.6243843687458144	0.7362480200789511	0.7051244564393137	0.0405758655789957	0.010993708300399026	0.30440314189944007	2.3529142481339242	0.560662231441058	0.49028447217578613	0.2094623835553573	0.1768622913958378	-0.2952022557277395	1.4949885423744296	0.13519119047598943	1.3846805828345223	-0.27182229279161924	-0.9630934249157524	0.17021514923121392	0.6255405384317128	1.2965274083825478	-0.19341089558585503	-1.070312772787742	-1.7596888713989427	-0.4460423175130768	1.2573899114127791	1.3594467369877374	-0.23312933004450317	-0.5442771512530762	0.9849279176462133	0.5494904447771319	0.8168832390948182	0.208268630623499	-0.3778509294592547	0.5190960211908463	0.03478464121184538	-0.8546697346741621	0.617101529533001	-0.3611105263541924	-0.26670195297022237	0.503263800512449	-0.19246516550297413	-0.24446422311304022	0.19595194450563028	0.01716008927016965	0.027707929943209707	-0.01576770783206863	0.4627267761339859	-2.3725051397618584	-0.7190909650020744	-0.7847074690031706	-0.3702359524376699	-1.5004699930482774	0.1269164476553272	-0.07592009210762907	0.15852930556028821	-0.06285777090491694	-0.6451216032117395	-1.0454301537065909	-0.15268535525617263	1.1532099606415414	0.005796678161174478	-0.3200067020176368	0.08756432677128935	-0.31228918567791647	0.5567802047441843	0.2559509519002452	-0.17643520218193534	-0.462099490023967	0.3490592898812263	-0.14579158911620196	-0.25673049222162225	0.12611598535348328	0.023620389595211205
DTXSID7042198	-2.101600622208531	0.5316675601516104	-1.024279368532908	-0.7090643762642338	-0.17619422452322464	0.967058970644486	-0.04463359959562707	0.22765777866163214	0.17512391065711264	-3.2837165802049957	0.06301793085074625	0.16433430136651384	-2.75579954848703	-4.06967001512626	-2.3043739820244027	-4.3288466011307145	-2.6795061307037877	3.741331440964368	0.7547166789956755	-1.2148932555135523	2.0461441982610387	5.9245227906813485	3.247108418152143	-0.17612493750297023	1.6341974709764862	-0.6560958801113705	0.9311178736078868	-1.1064378691339354	-2.4702275905129554	-0.4263454510905995	2.2073529982792706	3.209306115154681	-2.060661088810196	1.2673110600163928	0.4750278841559396	1.0983904029197455	1.4149271684617815	-0.34044885469988634	1.6583482405364458	0.890662283596616	-0.5121235162074015	0.9963539475422704	-0.5701001659777643	-0.5508095745010257	0.10663990847966072	-1.2319519229013283	-0.355959194608469	-0.02265553061684573	-1.2531652207918593	-0.7675149085399574	0.811619838646279	-0.21834305123550823	-1.290661914619568	1.2853295831759841	-0.7132330283905168	-0.3875763940210195	0.7199935148024773	0.9145846096797023	-2.53158638850255	-1.626850638179551	3.2374990404219584	2.1181782321055556	0.13076455946067628	1.5852869981149806	1.1027368980957521	0.9334080183966067	-0.47849036858151717	-1.9373358462741441	3.1184899776527457	-0.6032149774872805	-1.4644070586327902	-2.762596025984605	-5.808881187845695	4.711337690147642	-2.576549117463403	-2.6928518665187577	2.2639108747332912	2.5786030685641177	1.0144260311527422	0.05368833524016018	0.10615309023088566	0.15930143286702125	0.2495029235392263	3.0631860519143426	-4.149693651821177	-4.323871616509394	-0.9595062132678545	-1.9657345829930695	0.8298635644582203	-1.8411277559779913	1.005761150232646	-1.4695729330766418	-0.0016421220035475346	-0.9351315464864085	0.5866678316022539	-0.32524623298259336	-0.6463431312973744	-1.535616846349114	-0.2730440659485024	0.35833666297780836
DTXSID0045460	17.169318601360224	8.203046996922964	-1.6851283807169173	3.1307271598050797	-3.4463914549374453	-1.5217808269592121	-7.030061158711849	-2.4028917032095407	0.9782228954337999	0.8883236365027021	0.5087464680627204	1.6863310598490018	3.8563481335925323	0.8831815379284046	-2.661469341468938	1.0643055917859467	0.57203111846666	-0.06760604123450775	-1.555233675928833	-0.20299012867230581	-1.4530127733481952	-0.4669235397862915	-0.9504840017110907	0.8762382215736256	1.1700775615802343	2.260416862155955	0.708701451264287	1.0096349659587331	1.330452310721578	0.2936236833592425	0.8370740942942633	1.1776448923318648	-2.5660384683021653	-1.0520527907626331	0.9970327322532683	3.228369223176911	-0.00644074414281863	-1.4573318016842376	0.7957363751940743	-0.4824353489977264	-0.52280740252973	0.13516772334058322	1.338499170388906	-0.00030129602795365496	2.1213888329620034	-0.28817880506465315	0.7088384491625381	-2.0751357450950976	1.3392003325173512	1.558035493861944	2.9508319489547414	-0.38530629520063336	-0.35598552380447857	-0.7037744075537185	0.23238956351748957	2.069042117734818	-2.288786969168607	0.9663414247420411	-0.6688474762189086	-1.7886878758705866	0.530589942684231	-0.0030992504886548015	0.838315837384868	-1.3929605096210602	-0.7487351043326342	-1.3459989569974886	-0.5695163981391648	1.437499386862438	-0.24139056877877146	-1.9861666129979383	-0.6613520471336986	0.3982303694976399	-0.4791440962904888	0.3280873099004637	1.2049903288610937	1.9999905572185912	-1.7211386637961497	3.084267353228764	-0.1412920067984182	-1.693807287469888	1.7602210230279334	3.3041279360368097	-0.15528207549779655	1.67844737938961	-1.2362188547031918	0.18986669596271283	2.2859538636285457	0.5067919727994388	1.3135319564228287	-0.15537323360353048	-0.5994536586289312	-0.00044919967896769213	0.4695791929951766	-1.300924828046511	-0.32574262506950286	-0.7374243634697912	0.5810771016638046	0.5141002153835117	-0.4644103053517535	-0.5293212348897778
DTXSID0021333	-4.863199865956877	-0.010986610266775792	-4.629797368875351	-1.3990450542943493	2.34104691178077	-0.7309087116726433	0.43586970303335126	2.707331719879171	-2.282119963544777	1.8737294096401726	0.23795744994117038	-1.2185939122122278	2.6176726212798944	-0.06500035661588706	1.4577567399381284	-1.085882224270255	0.3987583083576171	-1.299903139548756	-1.6709917648507528	-0.8123471634917838	0.02831468744017117	-0.745700509718692	-1.3355154720589593	0.10948307339054211	0.01417834765725508	1.0312906416781005	-2.2185548421976837	-0.3678702479595594	-0.05794273849062667	-1.0494765811165114	-0.6615432439527371	0.4894437418460793	-1.570884074587236	1.569765931406387	-0.18239195283419005	0.10518348531627263	-0.3310079862909443	-0.29404073739201464	0.008440982574220763	0.7484032401195817	-0.04150443031241976	0.7430353591584907	-0.035824374786416126	-1.2663093075175498	0.5647260295421814	0.22648253317557432	-1.2980921506433503	-0.5208544457688571	-1.001951078438724	-0.18978828261611977	2.021521464577143	0.08323980812246314	0.4397096477766104	1.186816436652363	1.270326712024964	-0.7711551235459787	0.9728243679013471	1.635014804361055	-1.222969445202231	2.3273071910053953	-1.1676158611182037	-2.2324484214126303	-0.35136479195477655	-0.09805752863623093	0.21468080597913736	1.8605972017541954	0.4403683705447031	0.7955365714594433	-1.4745031229371504	-2.369364242129032	-0.419882794071857	-1.3828124693409067	0.342480351869638	-0.7407128455174373	0.38069443932557157	-1.687277363952849	0.11226636864667157	0.2772761495159089	-0.544436744725244	-0.4021618653540236	0.0760933170579759	-0.3280179196606883	1.4407656035025573	0.21847110669584732	-0.7562902768222426	-0.5489966725098036	1.2754121847218067	-0.15664412881872375	-0.164463557571866	-0.6402200009106318	-0.1995351746141229	0.9733147033793756	0.2560052267834111	-0.15085009589787352	0.31772325325803885	-1.2210114028888146	0.7303358718554815	-0.05083924300238878	-0.2235844589561963	-0.46494601062908586
DTXSID6023652	-4.286651548604355	-2.621848284328928	-2.827801667293351	-1.0347168757217584	-5.686388129389915	-5.404588091720287	1.9980833577417856	7.754445218687016	-1.0097704597419237	-6.319496825162711	-3.634327463144111	2.1286873010727523	2.1662948509531255	-0.2437777898750661	5.146936886825279	-0.4575122513004569	1.2284239223601001	9.628459133310775	5.382136850179522	2.0043377425433353	-12.326597122784525	-11.528480017283512	12.42903630575407	7.085342621756776	11.493730628031711	-2.61729258888498	-1.7889232207101464	0.8668870887645311	-0.30778040552581043	2.9302947692336625	-2.3234040113147194	1.5412547458758292	1.0989469707672577	3.7417031697225664	1.147387083834926	-4.253133149917961	-5.22258513483741	6.426299796583998	2.381449008242186	-3.379343472224433	-3.7794125676204486	5.905031097268539	6.2520264762449225	7.066328754486928	-2.0192253696877085	-6.992562357482783	-2.795010930266756	0.422096858661838	3.364964386609787	-0.8560736555957321	-1.0295368437414631	2.506362260592353	-1.4761712561620923	-0.5562293932346195	-1.5018703002898603	-1.996104984548655	-0.253630432755586	-0.9127410432510524	1.4991601151013803	0.9185732141961658	0.46231368021815006	0.19052414124652978	1.4650686071852985	-2.1672266315109137	-0.5186648111284825	1.803514030194909	-1.391086428078605	2.346240065766629	-0.9953017809673999	1.2464126444478092	-0.551308409295876	0.02342430928303012	-2.012063748865796	-1.4264492132528284	1.4526485088632288	-0.21134109837421244	-0.6613351475493311	0.5704435664412061	0.8870965216231582	-0.9430558534085653	-0.43923057793768355	0.9240982484092326	-0.6831874228957238	0.24279010182259372	-2.642138183066182	0.5890347863554879	-0.7655044980389167	0.30795501549266513	-1.2907872743380253	0.016208802194493225	-0.4176395046553735	-0.16085082517020866	1.6980854341740055	-1.8252973434813407	0.8240713783885196	-1.0543590913905947	0.6883893833825346	0.4217159799526898	0.4318549973767188	-1.189707684936462
DTXSID6049272	-6.098704321504047	0.2456357244799827	-5.173736111154014	1.620819506324159	-1.38324689798971	-1.4753852582419362	-2.274160235704217	-2.381389368307547	0.5445786665751249	-1.3791291897710525	-1.348317013766733	3.7161221590032247	-1.0028708540490883	-2.065037512702428	0.5402072697486332	-1.4661488481438079	-1.9497727828977045	-2.6575373911080713	0.5807482515132266	1.6905972945363177	-0.9274591149331707	-0.3021932770761955	-0.31216878427133443	-0.9191693709770508	-0.5731372661621811	1.140622857500189	0.556965557529421	0.7340118249991522	-0.9508663491077494	-0.574922836164773	0.7342583918328778	0.608821049199646	-0.046541205292033476	1.085506093275989	-0.13236789753906908	0.1318348476087634	1.6546736366178074	1.4894876819959513	0.08373976555161709	0.5641322607833319	-0.654034737357275	0.689251996169914	0.0678529795661247	-1.1600373287759054	0.3460704090439494	0.17868051293515116	-0.7680344343272579	0.4636837340015976	0.6810889224597151	-0.6900913815651816	-1.4723350046934738	-0.8933722738719612	0.6835421876970924	-1.069919260620165	-0.05374377106748505	0.11132914279548091	-0.01402333286341	0.4851090309204059	-1.1174828586311856	0.05185253023187907	0.10908182780463248	0.0729457908277479	0.7294107888830389	-0.3618856514983866	0.4711110891648287	0.19130945091326115	-0.15975761469638283	1.2385340420106066	-0.1155725722004908	1.0962562881347762	-0.8796267634628837	-0.11155861047403054	0.09897104745501654	-0.14345253429291893	-1.5270729020302154	0.6627224572936276	0.1063135332137122	-0.6106007220551677	-0.5391971767962909	-0.026551233331956064	0.833837736139575	-0.404390157942193	-0.48607969466263723	-0.5253279318266598	0.8496655249077462	-0.16310976531722218	-0.9429102990267099	-0.6973632544523864	-0.7169347843291369	0.1957109261316368	0.4586487400097452	-0.07292443765889901	-0.6247971962523329	-0.32779942015371144	0.39219292927751453	-0.0368009891025847	-1.4541814005202798	0.3840365143243778	-0.608125613404862	0.19252576984079398
DTXSID5020946	0.5447756366235226	-1.3641394990822169	-4.629593152885683	3.6111464971997407	-0.9617364428678181	0.686467346403792	0.5599228392909426	-2.268567793183934	4.2274385672009815	-1.3997001041220798	-0.18497161050282762	-0.7567966309025951	-0.17538532764006648	-0.7902041714380866	-0.7313274338216686	-2.7064856716263734	-0.46024663936300003	4.08804639647718	-0.5782495296658735	0.8988570266158079	0.06084061325921523	4.935569927946705	2.0640910010042814	-2.0790782348486947	3.5711050323822677	0.15990593539111564	1.5956691075897524	-0.6445799339446702	-2.3832449561962656	-3.4246767288107085	0.745089520720011	2.354931131321016	-1.8129504935549392	0.7345967223593842	-0.1650237292601034	0.07214155789876499	1.7095453683083013	-0.1964632752755487	1.0329632451531148	-0.19957213016349684	-0.8348333066780176	1.6741316606882473	0.3218494618206798	-1.1527824238422577	0.2500860353807638	-0.33817432943130926	0.44810583243929525	1.818522813218808	-0.08296286210191071	0.19695639497326484	-0.7535547910732743	1.232498838443345	1.3846228174902437	-0.49241149836236947	-0.9473546679416667	-0.7937727825723332	-1.2626386405397538	-0.14951161319192405	0.5045545894988556	0.6161552400466852	-1.0634174304200772	-3.0794345560873713	-2.0037019203566975	-0.9243505331229466	0.24740351383820755	0.0025340791164530536	-2.037023025091898	-0.375282229207098	-1.0795215333893708	-1.8300780849598934	-0.7263218775403155	3.1345887879121013	4.086375149203627	-1.3430903131889742	2.319631865208631	1.8472126490198717	-2.9580273081958173	-1.7243762832780862	-1.1335573280623672	-0.262070329504539	0.04944036531375569	-1.761584040022142	-0.5597744781391562	-1.869072916793236	1.0426442949714108	4.343495049903176	0.6452284722064241	1.5913504120578696	0.34012394625128406	0.1465668326355946	0.8622412335419067	0.8865598893829542	-1.0716197132394818	0.6694967801038569	-0.7364426450715964	-0.7204464542576626	0.44297500559785674	0.10506679516412805	0.4462768680402643	-1.9748302695264968
DTXSID9044950	1.7121104018432975	-4.2744699233080885	5.045841293099024	14.029784313329163	1.9291915989333097	-5.997769869135621	1.3978518377244196	-2.884514331510584	-4.188008657513138	-0.8901528716533008	2.1539642088189987	-1.1936916823343724	-5.119893188973459	-1.5183572704470312	-1.2030723675386115	1.4027788205180884	0.9097833752878839	-0.8504763199225432	-3.487395934430245	-0.7106998489640058	-1.4966862088084851	-1.1765875545579314	-1.6174984823093446	-0.1838219629330341	1.7556737606113586	2.381110803722487	1.7482000019717265	0.15573934364230324	-1.7588904026953633	-0.5050753207825388	-2.3584617061706754	1.806096949667442	1.0214348568651415	-0.26968754272525886	-1.0672207169873937	-0.2434898452291304	-2.5011331540187705	0.9278087662636096	0.9584926737874078	0.3279028285998865	-2.0885686659584417	0.5549481752791131	2.1865276577697124	-2.143593311584057	-0.4746940031785187	0.19464569599162668	0.7817746661580052	1.8326806963761026	0.6783557957776633	-1.3445681916753358	2.4074289193941447	0.7259549572993024	0.7059135352279386	1.2562604797856023	0.22582950328158413	-1.0408976544313993	2.125409405380138	0.07373803893686515	2.9377936614916083	-0.4024539589733902	0.8399720009105844	1.079855672263471	-0.9411654280708999	1.4806858380773809	-0.7342333211992002	-0.6040314152284095	-0.6013908073822827	-0.566821512159	0.3240108014074522	-0.5085841904402167	0.9192417153266285	0.3405546854444708	-0.6406801314690747	-0.1492428631319568	1.3975972418072438	-1.0868387108369246	-0.3766039321537593	0.19176285188508746	0.24360017882305907	1.2421610039695061	0.2313298268554645	-0.5472549705204701	-0.5315233464618392	0.46903432860598676	0.2961393200265235	0.8946819727211041	0.6889593643698179	-0.6404903237594035	-0.23440684496229255	0.02323618270436689	-0.010957860202201084	0.8417822496642992	0.04085311422999369	0.4338865741515379	0.08668757077135267	0.9924002078081849	-1.1297431322791864	-0.5701037235528517	0.541664895968077	-0.7678002034395255
DTXSID8045561	12.21263449340154	-3.863170158564235	-8.996428770520122	7.784523194763795	1.455950686660412	0.3868912689391193	0.538032320889841	0.7035395254006591	-2.4503648547916033	-7.027621589257974	-1.4212577292862043	-5.375817640757548	3.0680097656599656	5.425989093811171	-0.8499932496012473	0.6861558569677597	-5.022355483637032	-4.80971686874416	4.9231785688112915	2.853268474864295	-1.2418170500797838	-0.6233076115146186	0.952304731092191	-2.7359592723065456	0.9967802865043532	-1.2408417038037884	0.9901302611059928	0.5531975731956396	2.3516393687436166	-4.0292088172059035	2.9745542376799805	-2.005929164630921	-5.275961171309848	-3.78757429987751	-0.3809463017757129	2.159887177000748	1.9603695792184233	-0.3427403892710877	1.0132336756356433	-1.3613142389652846	-0.21713517094759124	2.8017197740937214	0.8007025174902899	1.3590585910619026	-0.3186831181530597	-2.587167654485968	2.370878631064608	-2.8175416432801144	1.225068375087713	2.0907788670612164	-2.392989291737989	1.9944281361617593	-1.1873464845476431	0.7081048633723741	-1.0527639469747485	3.0362357116218273	0.9920990246801505	-0.6123137731448048	-3.6933322251036182	1.1140045483733334	-0.2838107934334936	-0.33722588619844046	-1.4115168174297053	-0.9509783311572212	-0.48216332478456775	0.8484762946321389	-0.4819266485561468	-1.8818795738359597	-1.2593163391786393	-1.7724977317796387	2.4805545712709733	1.3646585146095316	-2.139364342449252	-2.70221437229472	-2.309604412156602	-3.7082447669358602	4.099393448726212	-1.9432981982827755	-0.05040446977797699	2.1618771500445986	-0.6808857297112609	-1.1554128717261065	-0.9567668275170097	-3.6725220768173514	2.481304573648631	0.6235430339843365	-1.3222593222602825	-2.2480015198620085	-0.7429593290976594	0.3343642455384057	2.292637543667311	0.6132789194713245	-0.0954262759209638	0.3196413779799682	-2.4157265579057094	1.8533410104201895	-0.30578904511033284	-0.06514052782917074	2.8686949981661582	-0.09932530822547694
DTXSID2048799	8.46998421916839	-0.3485166957145907	-2.819317981704685	5.905942406006077	0.4227421139638149	-1.0420270541990684	2.8966981580234004	1.6921772086764912	-0.8005379943368839	-0.1856428040722432	-0.04456120538579935	0.7555804507513324	1.9659924059820006	0.2291237761753996	-2.7055879851188047	4.454804984224009	1.1079761524280918	-3.428789539924837	-1.3343598483744092	-2.8027239778547237	-5.092948715565835	5.218802547968834	3.1820032667003195	4.0682815011282	-1.2922833496809507	1.3648871182797966	-4.5773907692622275	0.0411245319583345	-2.427886573393025	-1.0308103027440487	1.5565571969876746	1.089133595102379	1.9555669044251793	-0.057795900094185795	-0.592537306550826	0.7746598999004615	1.333281254571746	-0.3327993297743678	0.03188857854541437	-3.040101856136416	1.2277125074297943	-1.181499381544402	-0.4620179491979753	-0.3959444338766187	2.1850646521968167	2.681498419213024	-1.2794707197324562	0.11559887112428358	2.3871024497082667	-0.2688404558605459	-3.2840810555394926	0.4179090209182764	0.13674250665161625	-2.4286791440398168	-1.9844719581884955	-1.6989390397983903	-2.5808717325186747	1.240381749899726	-0.08060842493808835	3.371514412712083	-0.6124253817248405	-0.2740582416219868	0.7351982480670466	-0.9223908493542812	1.639618360922929	1.4130698088251021	0.14105195834666676	-0.9907684588673835	2.4482052824462364	2.089913093548922	-1.711459545172856	-0.9056549587035876	1.179567374804016	0.2154162354275162	-1.978425833708322	0.19930124410822253	-0.11593547160243735	-2.15284064099964	-0.484179847127376	-1.0547679739699625	-1.645433723866434	-1.3849683729291595	0.8759043419776812	0.7009477414613827	-2.3859085891095044	0.139173760425679	-1.9666661670564813	0.001998489193673287	-0.7040947757458991	0.8611840073571814	1.321054214075901	0.7447064552328968	0.13179363966790988	0.13868786212831596	0.3596371274486755	-0.2042908605487637	-0.6662950983942483	0.18735144037070578	-0.10887686328378203	0.8384244035423235
DTXSID2030695	2.1731886593326264	-0.563605363337416	2.294243568686508	7.185418920166115	-0.8076908575934051	-1.9890802131287022	0.25891765658705673	-1.896008990571872	-1.0245981561529731	-0.374290053599569	-0.060776281135340185	-0.6951169505300664	0.8533407557461228	-0.5836918817552903	-1.8989677149897441	1.1740681183259571	1.6326908051978701	0.7681354908204813	-2.971194007971491	-0.512596782450707	-0.5021924116756464	-0.2805121653279413	0.018522222781216107	-0.39693373830607875	1.2831639660992171	-0.05269465933335863	1.0822099663673879	0.7792824864820124	-0.17117948313590947	-0.5728134088782316	-0.06496421980469151	0.2622218541643604	0.4556524525817375	-0.05564478337579811	-0.20763605950186964	-0.6436850288019961	-0.3134513745345954	-0.09738755591258128	-0.19372845579042336	1.2074382303562847	4.4275099546966724e-05	0.02833506486348662	0.10157623723699218	-0.13324600430893935	-0.023533356604670302	-0.19374872886852487	0.3228451434288232	-0.6036555538512669	-0.06486523003247666	-0.25808310225520964	-1.1219859975331612	0.02045037665731867	0.07015923261209939	0.5056443105428705	-0.1544066201605863	0.10901067016029765	-0.4141893243991022	0.7361529503804249	0.460262980231155	0.6441100599376929	0.4165981225846821	1.1689055350367397	1.0815326386289028	-0.6807544579331846	-0.012182945011726603	0.18125747176423104	0.7441221643689573	-1.0524428941494492	0.33388772340302025	0.30235700444272956	0.7924521364910219	-0.21068065208931858	-0.1409176375354836	0.0385999630366863	-1.035203867676552	-1.1543139308878538	-0.7488118484260906	-1.3410878925066767	-2.420568319786582	0.25434318659612487	-0.5496060434894081	-0.0674819116212661	0.09538787690031579	-0.5032075212959063	-0.7251980733982547	0.23227980847942992	1.4272121558884328	-0.371793552893333	-0.11607740315983403	0.11887711605705556	-0.5067792925050486	1.2636403140553885	1.323138283412174	-0.1893357455796133	0.2646206410058138	1.118393448002702	-0.5949415140909216	-0.3337584475565996	0.10146851795336143	-0.3717845983624798
DTXSID2020262	-4.57106938662541	-2.147549490830633	-1.0631781164040324	2.6616509021616204	-0.4391163847389891	-0.2776425919364639	-1.9959481318101469	0.26952372654233625	-1.8046892685524827	-0.9046950002443273	-1.892977778426972	-1.5624053347679119	0.05216881856293665	6.029977827000292	-1.4873900955403105	-0.16997501653883815	-0.17915625087605092	0.3260036936484927	3.293048209074226	1.2904076729342557	1.0060908725046196	1.0565938392297578	0.9467079593520978	0.8927388793677419	-0.6066444367061229	-0.08946697018981944	-0.4664479304769889	2.4841669958844834	1.9819059897964586	-0.6417964647570141	0.015193510913129678	0.42860847919447803	-2.2074860046421425	3.1139109725817953	2.0429404937457747	0.34357183631836186	5.978544377841889	-1.6267641919628317	-2.323591356657325	-0.6746290108431895	-1.0110151161801844	-3.475231738108135	0.3799981824032319	4.239867181869385	-1.1722836679368074	0.45836779518082393	-1.8725992258760145	1.2673407071396463	2.119788190631366	-1.9271643313673261	1.336833750571023	-0.8078357691844246	-1.448913163745511	3.3528478074760963	3.1743860223251557	-2.1645581947235812	0.8311585991254897	-1.827988381421847	0.19364426664438347	0.25979918844955674	-0.42208903205589665	1.5275899745278425	1.7092790933673814	-1.4469806495711488	0.9981650395814914	0.17128831286284676	0.7268859470056906	-0.9118020364790621	-1.2543260389542563	0.5626045751562567	-0.44637348409979316	-0.22738070889016082	-0.2869235635217447	0.26667176633786	0.6009892411195507	0.3935626174857435	-0.7684508497175085	-0.24886679182746493	-0.17061676127895936	0.27426948388136935	-0.13709656611380638	-0.3916745105478663	-0.22205343787035844	0.5505836203400638	-0.026228619272863157	0.734905925388067	0.6105899434781682	-0.45468943796882566	0.09601505347355477	-0.058209408012081944	-0.3673953879296745	-0.3212221230092498	0.016401407870078086	0.47654972534758194	-0.1799431126606068	0.5886612916406079	0.26903283729173816	0.21402519552129548	0.0018340429359645519	-0.30743311210711155
DTXSID6049359	1.6827231594741843	2.0389308661253898	-1.8280366697788613	-3.989493320787177	6.50694712351793	-0.8290774758786127	1.2251711286544158	0.6442477178168775	1.0166998511936132	-3.1852245994625044	-2.6916039973678565	1.5244005019407367	0.6825241079820001	-3.089910048466976	-0.34448864298743326	2.416014033552788	1.9435529072523965	1.2463151217671826	0.8923408793180314	2.3139374837363578	0.38704199100925424	1.6075408995480154	-1.435626552224507	-0.970757099053052	1.8136936045235774	-1.0590575102878033	-0.6967813659209456	-0.8997897570554386	0.7319494379599569	0.3539062250466216	-0.8348433193844549	1.1393167343467243	0.44336605479664204	2.724836490075731	2.011060360597609	-1.0071878669575802	-5.290290689871091	4.974071072268071	0.04703972937693871	-3.3493521748255937	-4.859606722872993	5.195224071101369	5.505630979005727	10.52813114127588	-1.122510539651718	-5.9705831518527175	-0.19662048493748713	-3.6205340646281567	1.5768691221598692	-1.3962528979228996	-0.9889145457166444	2.1829912863087304	-0.8278670921218338	0.9738392808584139	-1.498620757313641	0.48484775682152575	-1.9958844276426202	-0.8641080408595283	0.6685569600127202	1.7173074644969024	-0.6862537394391819	1.0139354075002738	0.2784016992828748	-1.4274440157715345	0.9132674974162726	0.5037532670413026	-1.6873353159316815	1.294487157372641	-1.391306374743753	0.49326726273536114	-0.17150122356218353	0.27175225392808877	-2.0867725239994046	-2.55882476447528	-0.2256344289357357	-0.05521923288658974	0.97551983158043	-0.8170133786372964	0.2530935367055058	0.9618894402840581	-0.857778525910844	0.37252697763293025	0.233914010352571	-0.4298556634527275	-0.32067644760931835	-0.014638589724002142	-1.624655218453594	-0.40309357397631485	-1.0476516570283592	-0.2988312018780389	-1.1902964001320395	-0.6579182001443538	0.391287664711212	-1.3567283765212368	0.45414324158297426	1.3542743690885761	0.9510260557007376	0.8978096374687404	-0.5150847949233176	0.16120876555328373
DTXSID2026991	-5.19976903695754	1.7063952316521867	-3.4976161428284533	-0.23995743657581003	2.966273707927417	-0.28671510836477887	-0.3444123047165327	-0.14139929921747876	0.24942463223830713	0.6553351212847627	0.8105475017948969	1.2461954245667153	-0.5390096783772225	-0.26492925155219976	-1.241596352953798	-0.6567034978083813	-0.6649866612398435	-0.5206059396942605	-0.6817598981260004	-0.03759765950047556	-0.8654553067422841	-0.28248591072120516	0.6224661117970938	-0.280215192941839	-0.7426608317008424	-0.10809681618604895	0.1777172324204202	0.07367144712846775	0.016579369577479842	-0.3519722914827281	1.0112130939488233	-0.026733513094686478	-0.4321157135884914	1.0204057472910035	0.3194957872844909	0.2529155803659854	0.2800938009675525	0.9622077743030205	-0.8495551632418289	-0.471447351552899	0.29451793686798516	0.4496884295915618	0.06801713895203652	-1.1692664991733706	0.6628440086504113	0.06155147526159932	-0.8154103118725102	0.5008533669596084	0.11473154352642732	-0.4271159992949119	-0.0805379470597711	-0.7140830783159979	-0.24513968203020672	-1.4899636331632	-0.383252888158985	-0.04980982519177419	0.32628723854617275	-0.04020871561746135	-0.6100072226913589	-0.358069532717684	0.0755901888057938	-0.4302923203637395	0.17409552185397317	-0.23666853718446426	0.5554924023607382	0.5992112163395475	0.5649209923385504	0.4340664447959624	-0.7150716512265807	1.0753146879652156	-0.9665226177497918	0.7793371797314219	-0.2393134988544686	-0.11459307231247377	0.36958953599416255	0.18993767660209918	0.11695794105754669	-0.06586235851560977	0.1228647692889424	0.15128705804645864	-0.438677232393899	0.43351302136626046	0.424317913193862	0.0356423028188789	0.01043376240604369	0.02823924328660697	-0.3890074193361633	0.06827922780620409	-0.09217501242977455	-0.2072198006742341	-0.6803945460529971	-0.10248364679577206	-0.10251102381586072	-0.15948581333371895	-0.6975505293539765	0.40752479964115457	-0.7499916877022471	-0.34043893654579016	-0.29037551092230346	-0.17163679078698998
DTXSID6048882	-1.4069133854792855	-1.2368976714051922	-0.6022629023130517	-0.12324129907384418	0.8635419193503635	0.4563853624864325	-1.0169580790475772	2.3311086700797534	0.36399620226072116	1.5350590596392364	3.067761031148872	1.0414928606856246	-1.0564776970806098	1.7417061514273646	0.8177715303960275	-0.47844783670131397	1.9213231113328757	-1.8577578970242026	0.8100135834331111	-1.160590043762309	-0.09096798585166208	-0.3144633175481473	0.264591099067895	0.6851530652061409	0.5195623910771592	0.5742474158590753	-0.1649596835305033	-1.581220410790168	-0.4473197104687669	-0.5725334524229667	1.61846033507529	1.0583148442844807	-0.07356701432650667	-1.2221485384747166	1.0067595595934016	-0.34320939983735926	0.18183945029675827	-0.8130105759260636	-0.5151615697414214	0.08567547422323744	0.4125431158277489	-0.1417632464308748	0.15299688918606089	1.6419672267933385	0.06022917747689407	-0.9420323345071973	-0.01679163464795663	-1.5592901595133295	-1.3194344756021321	0.1366172422341788	-0.2412964907434662	-1.0496318676020229	-1.1028473475443852	-0.4241078064503948	0.40800184371798054	-0.7073519488614419	0.5610967347412976	-0.3568423267235586	0.2402611123202495	-0.37203996654128896	-0.7437824153711139	0.42431548675419345	-0.037325474431722495	1.5604057577385173	0.425680395204031	-0.493667525725261	-0.4298647598489043	-0.10507820269085741	1.1621637921244012	-1.1597937023330127	-0.7331001640189072	-0.2861149001338679	0.14908629402468604	0.4012540060861202	-0.602186701263762	0.8867792088587342	0.08173213818394788	-0.8730109162798421	-0.26610193826870965	0.34021842703558824	0.4842871431013688	0.09438377361149322	-0.058320765489052975	-0.7256643866892399	0.4421840674979498	-0.21493574496462164	0.10218186362351546	0.5868320005539317	-0.4600998781442455	-0.530962788483355	-0.5171543025286017	-0.13052928856372714	0.5105579120412547	0.007422725014635768	-0.9660337111869306	-0.2118766481114504	0.10966765945139459	0.5845318260440048	-0.9272818686190907	0.19491354191443042
DTXSID7048746	14.192099420651369	-7.686127163925985	-4.019700528084814	-2.3764462908125994	-1.958837254943076	3.1913386932637744	-0.20640198557341055	2.839558529784207	-0.8040289822741679	-1.621167740063325	-2.4333900204745134	-3.3004917585130764	-7.377607996614722	-7.243319989457718	-5.108751228591819	-7.4516261246314235	-3.533364520659815	4.456138972909672	-0.3422127341888343	-2.1180000749729584	2.7259260753854027	10.999009726335771	9.168294002631255	-3.663216625139667	5.606551237959295	0.552195669862391	4.26328610002484	-4.151718236437772	-5.439755364521559	0.6589375364147663	8.130014157087642	5.236338965423902	-4.531567338535842	1.4192525876949913	3.753422878991131	1.5118545190499235	1.7386350116760956	-0.5673708576957089	3.386284762495369	4.779441414208566	-3.436394842553675	0.40348547749560093	0.10986857529197051	-2.0465201463635934	-6.08506124570448	-3.8293597542639692	0.4750333958337083	1.3136109055760397	-2.475233621472322	4.179610187831636	2.3794929605975805	-0.641947570964563	0.5419360256650567	5.953745584635412	0.38211187009704656	-0.09940220883511318	0.8226187081697292	2.17872971673714	-6.397104192216214	1.9630589026460306	5.398206160111413	5.716498930721617	2.7531312673133206	-0.7400263563140342	4.161166133124901	-0.20201873678471985	-0.009853341066090654	-4.871595108518154	4.978771116261321	2.337552817937524	-1.2392045325719132	-4.646026714712101	-9.453019484987237	8.079514130107528	-5.053482841300809	-3.8843945986547115	5.71924363607174	6.596798882560726	2.578519274274333	-1.2092239157403035	0.44813443252271234	1.486218889701683	0.26831673985403715	7.795226042317824	-8.2255921415873	-8.230379363608968	-0.7056215047358224	-4.573132381253627	0.6919186995092999	-0.8806296512483882	2.105270805087841	-2.311553684218492	-1.6491209736866512	-2.8794993909481827	1.1245212252391414	0.4343301396091303	-2.250727621359644	-4.203716454056435	-0.2878464758294084	-0.3271732570775837
DTXSID0023901	-0.629829768135577	-0.8367070958720388	-2.3238604771144917	1.2988856053445623	-2.807744271326539	1.5983046205332583	0.9512890274382656	-0.7292101918780248	0.17750433556944317	-0.9881560051700147	0.2701036744591101	0.18583371593071016	0.12493663207991652	-1.5215884869976302	-0.6983214938962109	-0.5707903309224072	-1.771779724804953	0.588675479209192	0.8430200702624068	0.08890516639006132	0.19099434626304365	-0.37076147799437364	0.8661778727631744	-1.022936457100438	-0.754757762044561	0.545438693501067	-0.6166564524658221	0.7872331623057035	0.7513613637093962	0.6325207528544374	-0.37138314521286653	-0.5348503826762472	-0.7228703714738177	0.049095928905754115	0.5211958313209573	-0.16806947478987702	1.5780240237319094	1.2883563739020387	-0.8250687660607421	-0.49344441796502264	0.38093638357748694	0.5727419133088979	-0.1969823991212693	-0.3988452088958214	-0.002245172451903219	0.5103237442381411	0.9028397399408941	0.20969343960750236	0.37123051240398003	0.22130437542820774	-1.50257298050249	-0.5765752182728935	1.4185041500210553	-0.7668265205151104	0.23681891698953764	0.9661272578097364	-0.5245332349763022	0.1597887304296591	0.268023795640047	0.2936635510111421	-0.7714562019321051	0.4558118045216435	-0.5721104436858245	0.16738808776608338	-0.448948850517734	-0.8354383266457791	0.09310628033390571	0.3923278514906723	0.6650842570392276	1.1220860174423704	0.22904895005030074	0.1995319734547088	-1.0588927936391368	0.32369777956068263	-0.831663355741605	-0.3559079189228016	0.39154935199618485	-0.023740078722009606	0.9036668282435657	0.2868878741940801	0.44608904939568994	0.6922872800911121	-0.5592334125705518	-0.2470223080833859	0.09595484263325221	0.543991629770927	-0.650451947279922	-0.14987701892288227	0.6761563940426073	0.5874527579417259	0.35300448027256853	-0.7939972202176256	0.2879876651373496	0.44955955334119413	0.2868489465015517	-0.8752665288900474	-0.7806783191401561	0.48733941088625343	-1.2780307009634782	0.013605866941115274
DTXSID2041622	8.209301254303886	-1.9868581459449803	-3.153976878753364	-0.6290772866661758	1.077999459920754	1.6346850898918972	2.412267452205642	-1.0586821467586507	2.3495030004279327	-0.3326661485560341	4.495219765007717	-0.30113595760232065	-0.24847399992679486	0.4748915032220715	-0.5057354919254072	-0.27374540771895295	0.035965402227216996	-0.13726300055966048	0.5521819286918337	-0.3763997583839966	-0.5823515506081018	-0.2434796447063716	-0.45748752469872156	-0.3715737522324616	1.0550169659304847	0.7778295437599559	-0.23512720804643744	0.10996411933035041	-0.2208887986347175	0.4020551857591717	-1.2510512903210118	-0.17236699076890924	0.10038378954702275	0.6297213077984914	0.10671633792237141	0.8622772627791406	-0.5008633818841548	0.5225966312662768	0.02111136242046615	-0.45210348601530415	0.9713696700473978	0.7054605511686188	-0.16821581997152713	-0.6518394366139214	0.050130701270094835	0.6598401399442145	0.35293561875160595	0.26240646337305085	-0.5258734254812428	-0.16421401534949276	1.0916967662871415	1.0006344995501828	-0.20714535988434588	-0.17412303805888127	1.2484128887036816	0.2506273212595744	-0.9702434071959389	-2.6290448348254136	0.7239267346107586	0.5979084958951619	-0.7133597825212123	0.7979768368372564	-1.0832712944413012	-0.8622697413264081	-0.007357460374928352	-0.06384644056740638	0.0308754880712144	-0.9503686395752113	-0.43663645638050674	0.27523125411258575	-1.845534896227433	-0.3920075504625526	0.08273725924653365	-0.0007815232192957088	-0.07947256182471536	-1.1454581132650405	-0.8799292400787249	-0.05362072216264835	-0.5779931805240779	-0.8519487172506741	-0.17602110368602877	1.3481740190664901	-0.14095286000571194	-0.629356729298439	-0.07616690775863408	-0.45443648531698394	-0.08612012647653966	-1.2377411398346316	0.9306628244390117	-0.2392715836612999	0.32501103169603396	0.6438762234867771	-0.12231732256527483	-0.23118281481567562	0.2122449870096562	-1.3134482789100501	-0.1695238212199833	-0.3334163884309649	0.027857004505862613	0.05956490392938895
DTXSID6020696	-6.702763465765741	3.116399367685541	-3.480733920525016	2.310688682460966	-0.18717903064233984	1.7602960390624167	0.32103192891937404	-0.2325752386796245	-0.3842940695877422	-1.5738542775505135	-0.6140955303746158	1.3510457449988595	0.4311139248240232	1.21439222838264	0.35445976986055455	0.7012614578795727	-0.5904691247996018	0.12190180599010715	-0.5659155797575558	-1.7584896219072073	-0.24627027725969722	1.0307688526691123	-0.25593684784882803	-0.20091671103889255	-0.34588724117588976	-1.9201713735534922	0.7772047689222087	-0.6832467846145278	-2.0278488198063527	0.665332408569059	-0.4491644432014964	-0.9969261476610994	2.462408572660666	-0.32866662764327753	0.14791254025133885	-2.143251162617317	1.6742683857934335	1.2556615550147658	-0.8047652005125558	-0.4622140339589049	-0.3796805406156799	0.06802658202026989	-1.1144538817834786	1.5560878478335392	-1.8007779992773918	-1.1400773298327458	2.30644036624381	-0.299829034921883	0.7603741751809301	-0.13137713718591357	0.6378109811952951	1.4716446471892477	-0.8210289130363193	-1.5455772130990812	1.985287254289539	1.5145464913975901	0.8853433047604892	-1.6188844227181909	-0.7781765035320843	-1.2251455438829115	1.3086656115803978	-2.0116616441249793	-1.3725513099522557	0.3029854580818834	0.2611378924404149	0.13908732394422849	0.03274194910277255	-0.18874569547399353	-0.4796150087337801	-0.8940461416738936	0.1298091084038731	-0.6860045878917715	-0.13529411710165587	0.8648133864227526	0.3422589147921378	0.9195946885087264	-0.27206274922254	0.1814353661526338	-0.4917075445105513	-0.12687937172913785	0.8354119172064567	0.27261544670985144	0.3723833713494841	0.0825031004711508	0.03923649989599001	-0.16234319570280245	0.25463265150593534	0.3150884854650074	-0.14752097139532797	-0.38248375320101635	0.4120505192029763	0.671718755363361	0.1716668776097034	-0.08102715340274569	0.289005145969449	0.02721171860485966	-0.16826422680436307	-0.058403917555974516	0.12561004228911035	0.23857445299441912
DTXSID1049221	-2.7334582351212	-0.36075866872334417	5.079568594629189	-0.7565017370273318	0.12407234215070413	0.43329096513303667	-0.31456800209732916	-0.6903082938127327	-0.8411554950153436	0.48515512227068314	-2.3352567112518092	0.15643680105566085	3.2912414845490474	-1.3661603014839934	-0.7482424966115857	-0.8690368809756109	0.21249088147781942	-0.07270901413563943	-1.2440745079303461	0.28760163125202565	-0.4189155883884358	0.743736715478644	1.0851952874062705	-0.5098334245691982	0.4528122851072046	0.14366240039122227	-0.793815143327145	-0.1768497618012825	-0.3912389912838233	-0.1533204091773096	0.4327584186760507	-0.8697195949565281	0.3209049289258112	-0.36740267584356934	-0.06395575507936012	0.4129276213291029	0.6135630039010743	0.5889905980000737	-0.14897970425172202	-0.8652145064088779	0.4097372713204024	-0.9943414280288876	-0.5650589933142726	-0.7325473191293468	0.09601668258770879	0.031010930573902994	-0.6820551028160055	-0.08989945527238126	0.9022554719895689	0.5679916884821797	-0.5157300013274729	-0.8248829755049992	-0.3015897463307559	-0.3986146105977119	-0.18220602466309832	-0.5368206002904036	-0.18399611412642314	-0.1510875542687564	0.4510171598901545	0.054340596540543615	0.005596491811511973	-0.322625430628684	0.5191323708005283	0.40466130017196467	0.07468904549966937	0.5129541394400364	0.5468468831784491	-0.5921439208595692	0.8433244630389454	0.09619309116135555	-0.23858729275242677	-0.6721247453312932	0.310166258448881	0.1667856653686131	-0.4861227952910206	0.5887210514268506	0.6445552762956268	-1.0866589005512097	-0.11373576021950732	0.02435493253564638	-0.25180594194432676	-0.350092733824086	0.12527867379417174	-0.39159895313215476	0.3437631603059728	-0.0974486761223169	-0.38379370512955185	-0.28165645694573394	-0.3360077071222802	-0.6939232129641973	0.16412208879978146	0.6004646806437858	0.7304126912891101	-0.32088867155141365	0.14682385465413297	0.36527663542466016	0.17325716043951495	0.3622892591007648	-0.09970751943035162	0.11656339888159767
DTXSID8047927	23.65595598211986	-15.923658022978445	-96.84891166945499	-17.4096357985617	215.17795955749435	3.942333844203992	-44.7470304232427	34.02455845252529	-38.69393125643625	-30.96603292773767	8.31108570251497	-6.983798882130737	27.028457895740676	-55.91414857079835	129.95204720962664	87.15165696464729	19.916071192832582	30.848402223185964	-3.5496684634317255	56.875015164616464	-6.029825220586932	91.11134350467735	-82.31250483117384	43.49756799099062	40.040857371336635	-59.89003348786034	18.493464580647856	3.667598546379964	10.757847168879831	91.08769743766203	92.3486993085237	-83.56076324739493	3.7631337561537657	32.223288272912754	-45.36702777685633	27.05870700122843	36.339276619599694	51.491192979457686	-64.87853470564043	-18.201870981228772	55.35194012300102	29.413991769296743	-64.11733779798595	34.596865780544064	-17.95194450346392	5.936749035338404	12.180842081780192	2.4571102449924878	-52.691388136964925	66.44141274955386	-54.11875530674123	-12.65150371168347	67.20802019405909	9.324354150290405	-53.55132199678176	-80.16753637423334	77.15415321569604	11.362713587558618	73.81859782292163	-14.11547584228449	78.60341125509856	24.132488297028054	8.525021954283176	24.36893547345231	3.139937557356874	36.22822360313061	13.614643398487164	13.643858574815606	53.2069621305335	-29.29480737071644	12.720488519326942	22.47602631312394	4.635829294428596	-3.746182565906167	25.650290559048493	11.597349485130286	-72.91449864313137	95.90483813761327	12.328717553778706	-52.26967211767661	15.996012826910217	72.789961757802	44.535552107810936	91.39397158146669	-32.37748054584573	93.62784960590642	59.47597976995575	-22.576885025313807	-11.91515418641531	-36.929135022006605	-11.364131312504632	10.528834720895862	-5.509382796614792	28.81912776486456	49.50803857396215	12.687332011209147	29.81765018423302	-65.16308058484172	11.573200447269459	103.27047622539273
DTXSID8047474	-5.77182432137149	3.4227455122423986	-3.0589561843199062	-2.493794299047103	5.019023789095153	-0.46711348718427215	-0.4751785890296775	-0.5155805242076873	-1.9476147555188035	-0.7568666012343692	-3.5509582444434193	3.4799020410993036	-1.5283682223898991	-1.7158135107272974	1.2554142211867356	1.086066075651903	0.23970171955475092	0.1455630421415177	0.5205011125672746	0.6779974767638475	1.5153871506196381	-0.2755855813484623	-1.1867695777498124	-1.936562096443433	-0.17454501444149306	0.36663734890225136	-1.2988051201774973	3.9134637912653565	-2.9898436346421513	-1.715681396792349	3.2396063175367398	-1.0169116979368125	2.9175721489932793	-2.550375248171791	1.516052148110223	0.6617313695570564	6.216137763706078	8.352303602476525	8.702496244553142	9.531139168834734	15.057505520516031	-4.500081896815103	24.366464466453227	3.486062414387308	-4.081288231683544	10.729862318790985	-1.0169084606204255	-1.9287991805395608	-3.8764424701128366	4.201631391640027	1.0551577187681294	3.1456745458085695	-1.4369817762372528	-0.5693503900330313	-0.1643435474834821	0.924470769109243	0.05187988032222512	2.4616847269974618	0.36515265966557947	-1.3951092179570792	0.2710430588887261	-1.7846156268117987	-1.1579435207735522	0.19531551629823019	-0.19066778542301838	1.2148154156062942	1.6339568012488543	-0.8674910017732422	-0.2480224323386407	0.003708558604674544	-0.13617316809695895	0.46265259901102773	-0.24932334928849084	0.14071832781120702	0.10082120306090125	0.056781009830306865	-0.14191620985397954	-0.5337276455983839	1.2074346578878388	0.2286555067248103	-0.9312590796886139	0.41602599075503466	-0.8502660667440588	-0.5937997273682877	0.007172551070268657	0.12327142907706784	-0.17237589181009144	-0.30489719414395083	0.4704697889262087	-0.26814650758871383	-0.43170690829318675	-0.39369771698345224	0.509780356915225	0.0513205264205592	0.08873011716568092	-0.020411995832865938	0.6800061765938576	0.10551565203169998	0.1202337208617802	-0.020558001064110907
DTXSID6046137	4.912454863481007	-1.9934780750777155	2.2208283690461976	-3.0459301296560555	1.39244943777544	1.225803057062332	2.887048835510142	0.8471468120388983	2.186123085810837	-1.254415565181718	-0.0736355435700273	0.22007884465562585	3.459837505768753	0.33229961881992504	0.2192376158349878	-2.7030786034330854	0.3177066850695782	-0.6340226506345138	-0.4995171220370106	-0.7327003765331568	-0.6091764756480208	0.059064553071537705	-0.33068708767162097	0.605987100938716	0.592010856640677	-0.32414984171289624	1.476744947873393	-1.3195450904877037	-0.7553032558861794	-0.8045538191585863	-1.2955711846242128	0.054276674418747194	0.9556867154678136	1.3141676729526899	-0.5325404189685392	-1.8708938782198212	-0.4468253047168967	-0.2763152185699183	0.19353341098081084	-0.31108175865716975	0.7989847149351509	-0.8922503740348973	-0.6857810848266667	-0.11909447360442141	1.5370841206876795	1.4037916737323588	-0.554006973511042	0.06676745533364037	-1.0470326462402897	0.3355100316983362	1.5588651554999822	-0.1527092049423449	-0.11132804356497175	1.9852999036763275	-0.5593981104335731	-0.005200272715035228	-1.0004735884948053	0.13719452309712604	0.652184640734983	-0.39011338424602476	0.1641893032892819	-0.08920044103954489	-0.742979695179494	-1.266553986834283	0.23823088531358055	0.14389149740958218	-1.331198396900925	0.15833405594276434	-2.095033882894	-0.27618482250986476	-0.6603549991612803	0.697451967603468	0.39349635047669684	0.009495507663194158	-1.1827122551488567	0.003961569242426542	-0.4763591485364655	-0.30494040272915474	1.1338964001957201	0.3589729390703135	-0.033479241212987364	1.243960507697978	0.01074700625852196	0.39089891308228486	0.20099046879237267	-0.2703348348853879	0.5365419281124488	0.11620270768120114	0.574108405500807	-0.48428264959401174	0.2781760532557742	0.1441808447762434	-0.17835948522945866	-0.31050357070472995	-0.8240277298979726	-0.1326017413535592	0.0673642795955972	-0.5555644429633261	-0.44964183977992794	0.18857316595544746
DTXSID2029242	0.5254056779237682	0.7122042188957095	-5.1649973987445215	2.6792629393619616	3.12141337285287	-2.1347318524577825	-0.022737514654360434	1.7021013799272777	0.8873587599033325	0.1478804708727841	0.07228408876125127	1.1338002673065302	0.2697315193715739	-0.332815238991789	-2.458447854879085	0.3964837527332871	0.5638606532639311	-0.9474792063280938	-1.401998181197803	-2.208016194530493	-1.1176303945729729	1.097391404798957	1.501670336925244	0.9178031474783883	-0.8786089971868746	0.2311276764131388	-1.2974966099717538	-0.12853643074097695	0.06632951736614573	0.4978808580514709	1.5075407474394213	-0.3629586451572382	0.6304856673650995	1.1406628108387336	0.8648784239907134	-0.0858826763656043	0.3624967388384406	0.8734214373548017	-0.8380182924717148	-0.9944980272966608	0.6955257441900139	-0.7190287684915767	-0.3468651844069448	-0.8987706210266209	0.8637371508221258	0.9175554684438948	-1.671071354327796	0.7937538358378682	0.9393221054923423	-0.2930995774858307	-0.7954443119065979	-1.4343623369538603	0.5029558269471776	-2.2344929818465364	-1.4464011478614764	-0.2845888451734989	-1.2721821133524238	0.4259482782288924	0.9406016558053657	0.5357375447432124	-0.47593055124240824	-0.9744939699530908	0.4321769933094424	-1.4479892035028559	1.585156306652936	0.6991833177295735	1.7340769441786383	0.8396938351141183	0.6285063939755501	1.2720798131433055	-1.4286891946188571	-0.43453215286740254	-0.6050986832542034	0.41477403158955306	-0.5042022267681484	0.6474339949107278	0.7293152780881644	-1.3772126836456937	-0.9035989279534185	-0.4817282438756327	-0.5804944228152795	-0.7837576648884828	0.04498970358683874	-0.26731834397795673	-1.3943772520647926	-0.4430509701772723	-1.4877604069242578	-0.22088797325339024	0.6135110876887073	0.35371944001563044	0.8777732150072749	1.0998474863797003	0.75266932113162	0.5685539926358708	0.012548098720473962	-0.3240476131084461	-1.6543121425311706	-0.4571834499994205	-0.20927423188289604	0.6076500570307078
DTXSID0041852	0.7024479626942006	-3.3010346369136045	-7.743065555427061	1.083482189028155	-1.3595451449351972	-1.4155552794307507	-4.963473896459328	-0.4251443499421369	-7.522390278850149	0.8078971890393242	-3.054314819088589	0.9309615824991164	-0.5322308264458969	0.6285001264884212	-0.9859357632473879	0.8605292668583644	2.2496529758150516	1.3828922921644253	-1.1246184061021953	-1.356000968556588	-0.2561214298419303	0.3174454939912657	-1.0739810718508978	2.102739898796586	-2.882260037485249	0.9841752789428473	-2.7477548562269214	-2.5735035618264237	-2.174386525948004	0.6152750748936061	0.8561505649010566	-0.5163312215608206	0.03675415825271677	-0.4379932548059428	0.2013787328397994	2.417370078465992	-0.5226979026381104	-0.05739417428334274	2.0578678290103998	-1.1810466604895942	-0.4009221137300954	0.12573975724088915	-0.05282051095319641	-1.3443723155290999	-0.7205180969500492	-0.49489138002867633	-1.4112836220033238	1.1052578392805203	1.190663618127968	-0.5157712600064845	1.3133520945809094	0.9378609098688213	-2.139495435009299	0.7048045705566336	-0.13994896445588897	-1.2717601938061984	-0.636346323490034	-0.7239883445091775	0.7813718221451003	-2.2062825087515288	-0.1914926583101793	-0.44492953336238283	0.24369244428328038	0.04403131239389241	0.24929818236540588	-0.6106474014817788	1.677182022682328	2.6668964007769405	2.835071282309498	0.31320817690134006	1.1809188116937983	-2.9067298862073554	1.0882724119288298	-3.415404689845762	-3.0659192513179443	-1.0481514738893343	-1.994671210408582	-2.494213784022626	0.6695003280970873	-0.8342112977575163	-1.621919380627165	-1.8313732214172276	-0.5256127418192351	1.1301879732079005	-0.6758705872698354	-0.23139339823983626	-1.4243587331291565	0.8842183255767808	1.0753594279523127	-0.8841098417740794	1.46088205645328	1.599536876552534	-0.33781567778980537	-0.0819637656342242	-0.5163855119811136	1.0946067262316295	1.3828476046271343	0.29255024562207577	0.9118031859488226	-0.39992334131177926
DTXSID6024674	-2.950669259664124	1.1844121731032924	-4.406429466636292	-1.1252456404470472	2.779543360941907	-1.511495456339844	0.9302490708177676	0.30846552786466663	1.3719244556084418	-0.10185930255976075	0.8003229801695265	2.13204240056102	-1.0243686299066015	1.3396240250777351	3.496008613349558	1.0012013046859696	-2.300271326691666	-1.567329756089408	-1.515280781667205	-3.222141763060245	0.5900974903157986	1.2149006973529994	0.8934548948657894	-2.0072197186664136	0.8507800055714893	-0.12572428597342133	-1.0349813458078694	1.2353978533578325	0.3192089548595948	0.7070081599295658	0.7539152823405473	-0.5542434488877835	0.042245467254231624	1.5736245021765745	-0.3753306594891358	0.39061737359405063	-0.20102677595991042	-0.2889755496289783	0.4075224832017103	-0.8906096712568081	0.287909257281386	-0.583912881458875	0.3611994887823134	-1.021028977045895	1.2848265212098557	-0.875898552108718	-0.7684784599075435	-1.1453646583468038	0.08134233967607504	0.04884573535856674	0.8476343024023991	-1.2004296618035484	-0.3171765497336014	-0.10177760925436989	-2.2800457800807696	-0.04939634294992265	1.8549822656828467	0.11195064464849253	0.6505291618355952	2.162526510739089	-0.25920374467463236	0.343036728379496	0.4251163575745376	-1.1279060475224476	0.9455253003456677	0.17337453315956136	1.2278462677989135	-0.033951167647458265	-1.3243982612267566	-0.3945890265065182	-0.41226253579213235	-0.46571612772241416	-0.04383541643835128	0.6339071804875331	0.8156948347351533	-0.20961426148706963	-0.6608929994073466	0.2691739512291312	0.4929767024490817	-0.6244109880321713	-0.6035708586246435	-0.5815126059305586	-0.0720228823200789	-0.30667839226323196	0.12254659273645858	-0.15566976812551106	0.11632864205652134	0.28623504178761744	0.010345974221436648	-0.5309306250125044	-0.828774608174484	1.0073745224721535	-0.43250429535623297	-0.12416586964842796	-0.2839954957429504	-0.3962771855073167	-0.04545778540196907	-0.9539615665865688	0.10746898652402227	0.7299287827369109
DTXSID3027241	-7.160079418349328	0.5612460438892752	-0.49950371375499003	-1.8573283786995332	-1.3882538449019457	-0.6378671503751041	-0.9545890552337346	-1.0562160192483243	-1.1890717076473243	1.7678728452888033	-0.6949661770011262	-0.03977889606711679	0.9756818087047096	1.0713019292788595	-0.04970959816215632	-0.8080464710381086	0.05630714507673214	0.05708599431548638	0.6716447569812702	-0.11235648552534314	-0.20421687069512218	0.3441993626144847	-0.9530810948065285	0.5362922500467387	0.2830120519430239	0.5641800094938962	-0.48369039828604815	-0.6143332909591447	-0.40395577072871136	0.08884934548958877	0.8104232351329484	0.3129004944595702	-0.06174137532933808	0.30092064175813116	-0.30194212440416013	0.24465070177855694	0.3068603486824977	0.9147225518791765	-0.03069096241401771	0.13615972249259567	-0.1744556677780867	0.35750815424083837	-0.37485119915237	-0.4086717203557982	-0.0449134084146704	0.008643438058311179	0.18630253828350257	-0.25438963300079126	-0.1910290678122168	-0.5364145617786134	0.07094769490768019	-0.6781329540207208	-0.5416610175480581	0.6246476154088227	-0.1259825846471535	0.23745430777966237	-0.2817930992029946	-0.4360217350705988	-0.41210689398204586	-0.24836882970888133	0.6829103632114596	-0.00971873179224293	0.22173974580295255	0.09650496826605458	-0.10356756759746795	-0.10263707383433812	-0.028812933317974528	-0.37366714725738015	-0.020225125486314693	0.17327331797806	0.07167987113709995	-0.30855208987196736	0.6404300881574521	0.4582635051689287	-0.12477373391598133	0.4702126200208284	0.3269823324109204	0.22386946893791612	-0.38991308513490575	-0.010218312876058648	-0.06412579633721316	-0.2518697273692459	-0.24070671292078555	-0.17561095184135067	0.16792288340927905	-0.09404602005182043	0.22874356678893396	0.1622713900703658	0.14416193743492692	-0.14895845665112525	0.24121002831887026	0.09274500013196303	-0.08958672395144122	0.26181240098880193	-0.3107447409296926	0.01333032985611703	0.2752386240714144	0.16115215868917876	0.2117196449407364	0.08641084795294629
DTXSID2027094	5.323000134305958	2.5816044355365113	-3.0801539797830193	-2.724076919261614	6.209526709715756	2.1323872711875906	0.1520303285813784	-3.230519691695126	1.8143511813939521	-1.1912380604500132	2.0485118492246017	1.9467575465649822	-1.30830933842915	1.4397687660117384	0.08540965661911792	0.6274660055728751	0.2788691093961071	2.299345456521146	-1.4889338942309744	1.8859689389429712	-0.37287772020267934	0.7348177011049828	-0.7909861513868643	0.000832795777814892	1.1171250136118824	-0.658477563608078	-0.7727464975251584	0.014208267644669955	-0.8292721046874664	-0.8502453092497021	-0.33863400689921125	0.03634326348836571	0.7560382939521149	1.2552490858472825	0.6353015509078154	-0.5525067229171451	0.20790402515042442	0.2204543081447665	0.5750603608619395	-0.7174380900485957	-0.4416795777290666	-1.5287024474403048	-0.07435421676426375	-1.2071072126887716	0.5050013265814256	-0.8111801441328829	-0.6533457597068911	0.8880105303328898	0.3691342526225516	-0.018556761739769653	0.4439636114477119	0.9640459612837341	-0.42815145780005126	-0.9394805949640479	-0.7649679166989058	0.5563867251179322	0.5292305226444078	0.29265832075495707	0.21529453621461847	-0.6703082596334321	0.4995638667342128	-1.2111771392433142	-0.4749946308041382	0.033741798180426115	0.7210367656702886	-0.34456189066951404	-0.8246759394044882	-0.6731375128039051	-0.03766329672267017	0.8959655360075701	-0.28934827830770765	-1.1296987926479898	0.6305326633546785	0.7280589490408303	0.31181497167903766	-0.2728085106775351	-0.9039850978878405	0.32392840485853724	1.6944481910286073	0.5227154877238851	-0.5250596703116807	-0.1786215797146282	-0.29680273965833004	-0.6212290061897333	0.4926686273495578	-0.06030667691058938	0.5321544692464726	0.10857948500132153	-0.11942459266304711	0.36941310480166734	0.7266403821366639	-0.20777469719037522	0.06277339481607554	-0.36963820542262416	-0.7998763453914359	0.05431709168801769	0.7735383898518637	0.3803896524776011	0.6453504217483912	-0.269866242808614
DTXSID6046761	10.282919292910233	2.468489658119412	-0.9244316894408531	0.5701321660068105	-0.7496474866105213	2.9284574309430886	5.6350388889137335	-0.12150586248132192	-0.148365799796603	3.3691993368964073	2.63898697285417	-1.2617670049765286	1.0342474058010822	2.2509728091342645	0.33140570416471615	1.1492434036993462	-3.0788498695425037	-3.357100754488108	1.814102689442449	2.3080008945576496	-5.336203690534182	1.994981267888784	1.8584645811981197	-0.3143162887265025	0.4959726755505975	1.0721289950348392	1.7061481782395382	0.9384023765765179	-3.537903962026844	-3.2911081259039623	-2.866596789804473	1.8747382447223917	2.7667125551749305	0.3298661230839811	-4.952553923698376	-0.443795462001532	1.3794393775121196	-0.9622301503643568	1.948134426729517	-2.8855457758346006	1.8767576494757778	3.6566282584437846	-0.07785664005082506	0.794745737822874	-1.3477709329798084	0.8337182809779261	1.0357581140762444	0.48196360580692194	-1.7829334556358407	-2.738514883614855	2.7933977085649517	-0.22332639436942542	1.0417887161433943	3.213750582480177	-0.8925171679489791	0.004594666350094704	-0.5888791249058583	2.162921765419713	-1.4137297115427068	-0.6809428508572855	-1.2766054463602814	1.2333708160922816	0.3109690316027105	-1.2562771496747323	0.9637984351072464	0.36268551040879154	-1.1051153065595585	-1.03742682650922	-0.010319103878945742	1.1220077473394285	0.12096883646865599	0.3874997076497064	1.1484580509972513	1.443574423953123	-2.7212237341017333	1.8228420107206547	-0.2616364451515971	-2.524082096537959	0.023399178904985322	-0.06751629408783022	-0.32886121732366225	1.757469790649785	0.9078143306653433	1.8870227115359768	0.6052772894460696	1.692557341303202	-0.682324217657033	0.08265410501585044	-0.9955537551251542	1.6031415812952645	-0.050321775052826305	1.0997597581707121	-1.191229117523299	0.7514373706861224	0.8701571645553924	-1.7049407050972938	0.9991940050649712	-0.06295810262241427	-0.8455851331796311	-0.08876087793606724
DTXSID7022417	-3.355541502757536	0.07095507057573791	-0.7970128378258333	1.082440380270186	0.31259236546875524	2.388242706043813	-0.34256487171175404	0.5399378485763747	1.3458911062400458	-0.10792601778813891	1.4984872148906938	1.538437193689204	0.2718141836836074	1.9989922469369772	-0.719714770078159	0.029466058732729943	-0.16646338158035687	0.8655574915212406	0.6961009234856242	0.6695139865423034	-0.37608434825784814	1.4321746031887457	0.34197102432931176	0.4363760779322105	0.9589034482465703	-0.19270904426618454	-0.08823031052615059	0.6593004169153694	0.07159467993116587	0.34695913438354864	-0.7389254632413224	-0.278450117837167	0.7121322145438591	0.530401390118963	-0.007355109591599083	-0.7416681113858138	0.6361791536311121	-0.12421437062208844	0.40172774460300203	-0.5008781971862862	-0.2008183302768689	-0.9844694165105103	0.20297568939084576	-0.21988203914904872	0.41238832258439767	-0.33399505776943905	0.04823569808953545	0.35101361001669423	0.4430470555002543	0.12283827698704214	-0.30248585252190946	-0.08021520596611803	0.6961787865260679	-0.6945441563666603	-0.5800473267169438	0.8509390725327993	-0.5878024527657425	0.030605412861910496	0.2715284274927223	0.43393418444450044	0.07951495699021531	0.32738350195510063	-0.11247882038189908	-0.12246361893372598	-0.8840167697052123	-0.7401448617017742	-0.8752827945850549	-0.19126112602585754	-0.2278694702986369	0.3424754763891703	-0.48733833545000904	-0.004340742728568916	0.16209544372113954	0.007916781665725379	-0.1543179798446814	-0.5470749046205943	-0.18394492238986	0.055159923976632726	0.14990937922817735	-0.0016639533258385388	-0.06565868073370149	-0.08757519024013877	0.3125652228591487	0.26046716398181397	-0.17867095297124524	-0.2578276298089582	-0.02937567580781286	-0.04199999222068309	0.22601518419564084	0.03206255940277687	0.4821530158649749	0.35235082239846205	0.05197601088867101	-0.08823318286992009	-0.11100123606583501	-0.057777418036708036	-0.14793266469442867	-0.3014656929448384	0.0008599477714514739	0.10712226764762574
DTXSID9032537	4.233592424864978	4.770435719320377	-2.7378792033863446	-5.270548623614179	14.42178379000588	1.9544541672757128	0.890419412102885	-1.7392737102457878	0.3129075178446297	-0.8630412880307792	-4.576925516883974	3.5763117279292644	-2.9388204645116747	-2.1971681297040035	1.2261105642212398	3.923100845064367	5.5887302736755915	-0.6881459612721316	-0.49153336989270724	-1.375635786790955	2.0207539489049204	0.3262732200940197	1.3096241477351693	0.6887775533082431	1.8020330541254619	-0.9692858864017133	1.444556101684073	-0.5638363219493572	3.2298643566660727	0.7686030673484524	-1.7909773884640343	-0.4265429372718402	-0.7547653551069382	-1.876097658656632	-1.3548195438099684	1.4995961380180003	0.39934069566203767	-1.169053270540438	0.430723395734008	0.6223454497986104	-0.3022830679842031	0.8899485282800818	-0.24085185060813502	2.5875186429825847	-0.22131665032878553	-0.5716320482465288	1.9042911347313896	0.13146104186278218	0.2059757755123238	-0.6445207668223824	0.1492619412435969	0.5903892298091307	0.8029176777773323	3.0845208294175177	0.29564520583086623	2.3024535875340715	0.028913198317272473	-1.4073634215178197	-0.687244124611779	2.0990578439190775	1.311754178192002	-1.182448593762354	2.2887920208451207	1.416806002733159	-1.4344722107190635	-0.3714297667744978	2.0271406026900154	0.22706152272357993	0.7371935063139139	0.1143968865543902	-1.374421832704352	1.6422940063905762	-0.7204451672378296	-1.203948737213677	-0.08210996843125408	-0.8998347940319296	0.13506494201817149	0.334758097858168	0.055028780893567546	0.4535629804912501	0.027677994998360596	0.39050858468113825	-0.5880587173920985	-0.3305151314817515	-0.21328650349296607	0.427537596381618	0.40284830248086	-1.0115670135018164	0.8748674434443162	0.1284674935467426	-0.17037982752080771	-0.24201792973041175	0.003430241455329556	-0.02231690844912694	0.2985829945996739	-0.10651015698467835	0.09208380062235724	0.3052469958292452	-0.1665145217199649	-0.27422455098298465
DTXSID9047128	-6.229528697758366	2.6433140558644133	-2.798717465029673	1.1545619821257365	0.6519306204307763	0.582855898020567	0.8518893824838075	-1.6904593663020195	1.2393372427369518	-0.3649132601193483	1.3518162057099337	0.7928720122362265	1.3775260149585202	0.8342042348049203	0.35443605963474506	-0.671781258685585	-0.6334717847057239	0.5807766109219705	0.2757550004731677	0.6369681689021703	-1.0284319278607612	0.586428200630739	-0.7601457601388952	-0.25068833748378233	0.5263162164110416	-0.09518781930327239	0.42592948367662165	-0.060913491648683135	-0.32236441782491027	-0.28275809324041884	0.2506810473539962	0.4503410397440985	0.0860986651855592	0.23722308798467695	-0.1840376488718951	-0.3891582322606269	0.38179262713754025	0.2670874347442704	-0.059816754537998944	-0.3039987526514133	0.26240240812138643	-0.1467493499038874	-0.2140788000418039	-0.45724615568386995	0.4188641162693201	-0.30384374104246664	-0.24971654181544986	0.10992024690382238	-0.11342980253049162	0.28076712520254327	-0.021868056844614396	-0.19749038038158526	-0.18981643624938865	-0.5207082163517033	0.01440022219198486	-0.5486827704587196	-0.6386492744114801	-0.08725284786342608	-0.681726681817468	0.5247373257590464	0.40576659731480286	-0.3252501860669561	0.024840709459492172	-0.5575922019478958	0.06809469183852865	-0.25550391326492944	-0.2668349516137284	-0.1521621268384441	0.2414432111746689	0.7629179493824411	-0.6050721343849242	0.3581734176141476	0.32756186632449547	-0.061992510390330186	-0.22490328403014465	0.14008121558268027	-0.358211232209815	0.646962528457133	-0.4343875285668738	-0.440433074511639	0.39551971625392474	-0.14774863981278757	0.09904651564515672	-0.1018479330482785	-0.15600806362910555	0.24372272006360696	0.03801864651760252	-0.03493076942157444	-0.4396167203659939	-0.22085017011519828	0.05554703414452123	0.45970758423088615	-0.7203789868171993	0.23448458605310632	-0.3158223440077822	-0.292449152935747	0.3398872184011089	-0.047664036887047186	0.04382922310529034	-0.010235522082379033
DTXSID4047963	0.32736868376458994	0.4512079777056906	6.160431200296312	1.1132357818903864	1.4853248338746095	-1.2570283410482848	0.2927005769340229	-0.9575555701631691	-1.6460460310467366	-0.1365972996021735	0.30508591267604296	-0.5820740672224408	-2.3460900776760307	-1.5795358721515127	-0.3299274091866819	0.7181507854160086	0.8192683635461412	-0.10704520966499316	-0.6937157625492004	-0.20227511870879078	-0.020442272190468888	-0.2145030470231396	-0.2897182090237243	0.5438327208614314	-0.26540059229695695	-0.09209940524946622	-0.6443716095043964	0.6937323610497445	0.01280345789994224	0.014648260927910758	-0.7201462748876833	-0.10780630001170828	-0.35518460469422064	0.527672823281683	0.5781674889015327	-0.37360503930255745	-0.3160089144690126	-0.08934258985005247	-0.1330983103813439	0.43632641821409757	0.11423285735074604	0.4986112651236619	-0.16495004957980858	-0.28954717790471035	-0.038177797604914576	-0.2642757961696606	-0.06038931725399506	-0.27601520989410167	-0.781495079784685	0.7842500546493839	0.11000888691151539	-0.5236707295152332	0.11397133909815255	0.04741195421969312	0.381088370642428	0.9195337649500921	-0.17502219890381623	1.0891298607066078	-0.8737592929876251	-0.459404382349394	-0.08579405138351102	0.18210527563902174	-0.6526607009613519	0.45562219601006443	-0.4200722510212268	0.4837494618280557	0.3735316447669123	0.24869125294901162	-0.3415541188354249	0.02366492768433032	0.3566447772842466	0.7982040749818327	0.16637701885575112	0.2542570085844111	0.040537208885256214	-0.4073633582618506	0.04070169795012086	0.08473195147291934	0.31559413631241534	0.10468637453147332	0.5573387642995691	-0.1580068849200045	0.8213770392547712	-0.8064164895001988	0.139968263381136	-0.21133923270422036	-0.19082329671768541	-0.036930770151615014	0.16911532844060856	0.15520831866144555	-0.15799729799493517	0.11083004681395127	-0.3649060787750541	-0.14302948167063806	0.7543779274891911	-0.18888615383810792	-0.24707743179247993	0.15669549445603992	0.06719165983984798	-0.16267422791822742
DTXSID3020627	3.208976655894697	-4.287843365528266	-1.6572092824187603	-1.5201162655118021	-3.140849883803467	-5.231208818380952	3.8103082879658	2.7187795128809658	2.340202287936343	-7.101883961179625	-2.6701530380209872	2.361678101432509	1.174217107022629	-3.1233408981260915	-2.101822458528697	1.0124239636289942	2.1007396270718193	-1.1159560096997696	0.8011715238500062	3.53950585176179	-0.4367661364844039	1.3047809990462422	-0.8534288919247925	-1.2982555506346536	-0.08448841515739318	-0.7892927624095752	-1.639528415082622	-1.613312361654831	1.3771122201213182	-1.5092423386394056	-0.5856481111803679	1.2751523584417106	0.32267418689479005	1.2890554420041838	-0.5518200640890465	-0.9087542091468684	-1.1239191064957208	-1.2528557138294134	-1.1444654077491845	-0.4231182704032231	0.11006240875911905	-0.8739418589157416	0.33036766950000845	-0.10228281249205648	0.2194503196230528	0.7147153271704452	-1.2008739146084635	0.06345286065487624	-2.4447682406049167	0.29648779926738744	0.07885048838846634	0.6883266486270049	1.521980554227894	0.13570732582367634	1.204543076091454	0.12213610521031641	0.3726410318245017	0.5624817260033569	-0.9340076600250882	1.8100306188555086	-0.20379415626019443	-0.7243128971299332	-0.518168966053266	-0.06832698637114605	-0.2317922781346016	-1.540782714256463	0.0913122357729026	-0.8805135826536821	-0.22675017834619693	0.13034028992958535	1.027164441119871	1.1198909394465317	-0.22543950151060524	1.2805360181642347	0.47233798118699694	0.8248484863655429	-1.4050065219586352	-0.7552766605663075	-0.6349066171486607	-0.871821738573852	-1.7285231879596976	1.608901856563107	0.16632941200336138	-0.10688479453315247	0.29177408445579706	-0.5444624282401053	-0.3842683458339789	-0.8150134120190365	0.46817698067222147	0.36690251946716584	-0.6022927397849132	0.09461127387344774	1.0155048839279743	-0.4085729766843765	0.44996373971067616	-0.08051867664193728	0.14198767772176107	0.06020907775381119	0.5680087157416193	0.7185049762526426
DTXSID1020485	-0.18736258602863134	-5.349617377017798	2.5916035565877107	0.8118730771643775	1.1721660977062498	3.4958153729571477	-3.100396727692995	5.916544666301918	0.4233927423021804	2.6073451176761644	2.6030756056120916	2.857748521748227	-1.7952839743609659	2.7882496667206014	-0.8146160273793017	1.0689639233830284	2.5121450767199134	-1.8183582040758435	-0.09683589489264836	-0.7921824876399025	-0.12382881214076323	-1.0849699519994542	0.3475298591997319	-0.10144458855368524	1.9541167163885484	-0.09453076245728254	-0.4785313040553009	-1.375863974556949	-0.2837789621546701	-0.6165939897814099	1.7773120380923917	0.0979248064930953	-0.6433436448393999	-1.0464491649654384	0.15649054593082398	0.32460313253635004	0.6842919093142312	-1.565732203960293	-0.7490150757075511	-0.5507537476265405	-0.02502712977269653	-0.39963104966542423	0.9822608202968245	0.8010952308150993	-0.8017870401336311	-0.9204606078422823	0.5082509378183547	-1.0636023823287644	-1.5800162000004754	-0.27503242018302704	-0.3441896268554467	-1.2158332195540595	-1.2155636108462358	-0.8464792192316014	-0.4555685444454033	-0.7244288811444611	0.03651346687948644	-0.04383363779220198	0.5218597374046676	-0.2742881493859468	-0.8234385746021019	0.2120750012840186	0.45850554101208546	1.0373423759389286	-0.12744732707956907	0.6866470401470601	-0.7808971607393446	0.0991836391332847	-0.37472538745664674	-0.09056882833850512	-0.7111204180241808	0.3372413750045477	-0.786790582351885	0.2908808925890532	-0.4195698176548296	0.6526190155791799	0.10298432939061161	0.269481355042169	-0.43982653159790946	0.19726851203909343	-0.0948838553182095	0.12676072095212615	0.41629433883631434	-0.5989745214737654	-0.21233230530052521	-0.13485453470630074	-0.18528914828256213	0.5679706756367582	-0.24962687319241356	0.19729436102565126	-0.13991561717896558	-0.505012390483963	0.6177707869183007	-0.2951561598649335	0.26278165305493595	-0.32622861961330457	-0.08122052177088687	0.15225449158761714	0.01588889538971186	-0.11006390589031972
DTXSID8025464	-5.8430561026967105	4.5676318868051595	-2.476137535761825	0.35109508962557257	-0.7575211010933763	-0.08996832312147941	1.3053860650169173	-0.9889283092091519	0.48818349354033297	-1.5744225191933074	0.29203421806058333	0.6818571330402239	0.7690570805514962	0.21590833949434957	-1.024606068925401	1.0899204784551588	-1.6625076875565392	-0.8709305443667379	-1.1969485823169885	3.4700433113393845	4.931287696071627	-0.4351497714788454	1.9578813417837038	3.371443304306681	1.5145304655051675	0.21764760077785786	-0.3483856632124797	-0.9090853812626533	-1.7674438368920968	-0.12857726481363116	-0.4237471288102071	-0.3619957379014372	0.6458901554339055	0.28173254948167786	-0.04113762575942583	0.6934435412123013	-0.5194232108903637	0.05709309557873774	-0.5681898856265432	-0.0983921556154384	0.06432547958913329	0.49779024503220787	0.45348498161439704	-0.35608772418464196	-0.23468249435130487	-0.05908079935970826	-0.01404474744027214	-0.43342368739106574	0.3396111518641324	-0.3604293378777466	0.13522976000435985	-1.310074790953301	-0.3272248663461079	0.03288891626544911	0.24055568229810848	-0.20037157658865967	0.6293682593161405	-0.5070085140700018	-1.2461829386352166	0.5754328523631249	-0.13650795502167234	0.3413718641298358	-0.9362827017580172	-0.10011141310448048	-0.6469429500527526	-0.2766795687989059	-0.0955318239441278	0.09947424057775797	-0.16509085774434012	0.7348877787224322	0.6614960026859913	0.1084852406602036	0.2220964948677164	-0.19695826784779036	0.1877701450827092	0.1804950789227652	-0.35490048863963286	0.32011828518062035	-0.30366539538413534	0.3520163809806393	0.6209426618940301	-0.231955528992965	0.8108086988735126	-0.19874626514981034	0.1386067701658693	-0.3964394965417425	-0.18257098002043223	0.17402838523825945	0.3602587018440981	-0.009031386626776043	-0.03174871073148347	0.7868091351971738	-0.6306366645233308	-0.19235329647058055	0.4985148105594192	0.17135661689062656	-0.335487279403684	0.0487574292480745	0.039071864635264235	-0.19612496266773016
DTXSID9044588	-5.221941545373824	0.8486357187283213	-5.2891537656442145	-0.9264745309042186	3.685581165247423	-0.7555259891367141	-0.05821173750047748	0.7600820901603759	-0.7524234543621566	0.39621728768388836	-0.3853473222510218	3.3775639061903893	-0.48094003475424685	-0.461195255593099	1.1878481674076544	-0.07810851645048562	0.010555139700703684	-1.4180730056890782	0.03433387085083244	0.3790047642480727	0.5371847785671828	0.28956744691667724	0.175406458406174	-1.666133264333307	-0.6854033330604746	1.0235100467382896	0.1822970534553853	3.2680341241676425	-3.1437075316734178	-1.2168371315670314	4.347768626882836	-0.5627940211667791	2.956503217888468	-0.7862988808995723	1.2082553912924716	0.14214281884646118	6.67456392830164	9.159371403227976	8.608290378019888	8.930407657314952	15.087775418801789	-4.65141727890967	24.876034034670532	2.4103717901967254	-3.0954719768860226	11.163752145323103	-2.2308279647600995	-1.5328288279556281	-3.4680972297893398	3.6281316301848556	0.5653059218529842	2.1875375845952703	-1.7725146961483003	-2.0281625082222767	-0.884278314401912	1.2218430809377054	0.37825981569956046	2.259645372283644	1.2059913871119778	-1.691293609299798	0.348173223075845	-2.5159204649528673	-0.710064309438706	-0.2380410469147984	-0.03215976091838799	1.8180750043399654	2.9280758825527493	-1.0018088665914977	-0.9711990213726722	0.9033918968727144	-0.7099914517335497	0.43286883332389087	-0.5871516053417057	0.44476009445456377	0.8925943365581281	-0.15228869472119524	-0.6008567550331898	-0.09398927298700968	1.6785955246441981	-0.4098360217629195	-2.081694635058771	-0.41060594727278715	-0.7608663793222573	-0.6778366494870218	0.011461378307695938	-0.7142820308993212	-0.15927123710474925	0.15556918398089944	0.5461307043360882	-0.015017049116420874	-0.9293031842678712	-0.29736795782282305	0.43195542324612796	-0.14607341384652422	0.06482962021103238	-0.4827061909878824	-0.33981564359745126	-0.6564708654273073	0.5033340412425753	1.090777668156926
DTXSID4045890	2.4451948514225457	0.521905405050888	-4.283503157010111	3.313649012459072	-3.302618665879161	-3.8500696768763754	3.20421339018631	3.4232292719976676	0.4340479775848782	-3.617367996775365	-2.2880344199599185	1.158268612364243	1.1113586514846323	-0.9574193992913439	1.6943957696130811	0.6450660077783544	0.5393609107479366	3.8677291891072123	3.0466640775040483	-0.6880894487481369	-8.34155322894085	-4.0920545894578995	7.882325397685864	4.419928457789075	5.02872256505295	-0.148023914088652	-2.3538618103121913	-1.1499138715558481	0.35827086712165973	0.3513956433135295	0.7431777953592181	-1.789776589829458	0.39288507916206844	-0.579430881289326	0.7448506521002837	-0.5731153776184776	-0.6209815236709374	0.7721378224352694	-0.48393572534468626	-0.46964137105185805	1.0152579439828442	0.8556565532667343	-0.4072988896437599	0.38317877972063724	-0.002586116875987781	0.6127599490324287	-1.673916091343266	1.2739973973158745	1.5598677529385068	-0.04590808840441373	-1.4217026478280024	0.5998229660065345	-0.5055197402363267	-1.020811618231881	0.05431754270883227	-0.9613254749249966	-1.3044945631536355	0.4648780617082299	-0.1505482402759137	0.8455899721115215	0.059262146460309695	-0.4084439156982553	-0.3812048316915243	-1.5001650457598157	0.6786241846438658	0.5862159444199585	1.6473524425610755	-0.9514348225727688	0.982911596331272	-0.004557023085586758	0.6994154125752797	0.16394997391142588	0.32711452893340354	0.5174595063492148	-0.985471073133509	-0.4221362943374807	0.7976906237704011	0.26060162477618154	-0.31702400681318044	0.7801374053486388	-0.6211948940719902	-1.363053646743618	-0.8381697046519236	0.35565681159909196	-0.4105631578378486	0.7232941082606594	-0.04126482590317142	0.9065218206705881	0.3420830004168739	-0.3947180482727715	1.6728884505617354	0.8344636924311902	-0.5054642901653584	-0.21305106951065275	0.9612777334918632	0.48885455809736567	-0.2099289984516442	0.6056958970841166	0.04767582979680367	0.4465610906266517
DTXSID1047780	7.008965896586939	-3.219654000595835	1.5427874218663609	-1.042548177153852	6.897506942476433	1.4949539126821834	-0.6231718654588937	1.947372754087156	-0.48923218590910944	-1.9039006472173983	-2.788926829742536	0.31176576522901955	2.754184190428917	-1.68799089443552	1.6370161033410768	-1.6395378434101537	-1.8683339478799905	0.15472733977082945	-1.3069722066602216	-1.4033606990879322	-0.3322293845748549	-1.4232705369486216	-0.08733359138536381	0.6698133775129789	-2.510983107728603	0.013524311812430254	1.9090454055917432	-3.034227252533535	-0.9183518330956457	1.6621472927791672	-0.8225399399464568	0.3879336092548833	1.4974724329107558	1.043293175876675	0.8016267026267806	-3.8141539201835397	0.8787966712398703	-0.3689085068348501	2.554423568415676	-0.4868810505229177	1.8188500835118981	-0.0334194806852549	-0.759177028743471	-0.5262524938073198	2.257605059572021	0.7163769509076221	-0.006083715224420615	1.8084511965116588	-0.6224688322511539	-0.25869534194261795	0.3515828999124561	-1.4252285879701292	-0.16517508652703183	3.244712637114879	-2.2520467399235407	-1.2114106795347201	-0.9813359690976535	0.9137350702292858	-1.2633243894982873	-2.9707693524002137	-0.560237212064909	2.59446171636562	-2.143581614041904	-1.4577111188143532	0.8674586139334322	-0.768708627410406	-0.898773679850591	1.0370324936951005	-1.9330320183228948	1.0794008957694765	0.5494098604125207	1.8566344428107056	-0.6041598425199972	1.5729056000630124	-2.9473843332348504	1.7130503152991317	-0.7428961486702321	-1.8323888302448452	0.8461707437707383	1.7449722531770973	2.379998387789741	1.5781421227861878	-1.3537677712424103	1.1835467639728565	1.3318751991472972	1.0930756207639232	-0.7789785943395072	1.4157542667277965	1.4544163324992123	-0.40268068166951854	-0.022257422288089985	-1.547638100420427	0.49043868042906	-0.5441310813211571	0.046018183309362706	0.24767364279750648	0.3589631887623349	0.27821374728682485	-1.4160803132641693	0.6199297488716996
DTXSID4022523	-1.105555875695555	0.9232321901759413	0.04912921752819364	0.7276452349988674	2.771435874174087	-0.1499353827773326	1.1285783999596801	-2.5298911253431076	0.4903657860956425	-0.744669353301457	1.1776374614137086	0.7143793096622002	-1.2317916692205109	0.20933880778627859	-0.13139884707203958	0.5017320200975938	1.1919939897026246	0.8379896972147186	0.050167213738923015	0.45944283774313155	0.020333192625618984	0.8787688973412962	0.007878560575078205	0.06549483944144065	0.9679974075078785	-0.06860026751762534	-0.5494172604546858	0.5790045211428434	-0.1354173823760809	-0.2483225127253555	-0.45452675585967045	-0.27685143148117075	1.0167231243312451	-0.07473986015704462	-0.027762414892785886	-0.5995379292855213	0.018454915321868996	-0.12607061941477835	0.32581836397432223	-0.19536469357392922	0.05022477273692517	-0.8264294580208841	-0.212270584214359	0.023194666882122215	0.14818877662657087	-0.743730985162148	0.28057509345545206	-0.2355179981895994	0.08281152673432564	0.34670847763331325	-0.139818101711632	-0.08629986621474779	-0.05042666636456523	-0.09424479053453826	-0.1478491219212917	0.893255762555625	-0.5538471150692473	0.2056680648371961	-0.07243327107843342	0.4073888331528286	0.2711054917813927	0.7277144809477761	0.37434790870594425	-0.3930385740971991	-0.3697340319320433	-0.5344976166551655	-0.5286260479959393	-0.3515962410487272	-0.4046789343600517	-0.22129496249300531	-0.23566457010518943	0.24207403471710243	0.16103906666244158	-0.1557498613224411	0.15829037697667275	-0.2768191966957535	-0.2425293785015123	-0.18018902182233557	0.18502103917458168	0.17819911292957594	-0.1437197990278061	0.04124132241008131	0.005141050582141304	0.29747450497483324	-0.29264704594703683	0.1239554092586588	0.06921971311000251	-0.044504226036711766	0.165903563691925	0.17713347880955954	0.30295380784950837	0.0193300295752111	0.28499961878604313	-0.07609607807733716	-0.003603592702253435	-0.006339589455918525	-0.12898941871430097	-0.23270289689398702	-0.2543639239683768	-0.0445088927066295
DTXSID2048747	-0.44778828383126357	2.448285221666386	-0.21464280107041628	0.03511315936842191	-1.2265496499485726	0.2780255424147093	-0.21273446078670732	-0.22088869343851328	-0.4981775860443922	0.08425188225602302	-0.17632163401127227	-0.45868211026663686	3.14778789792757	1.1105569903892891	-0.24792948389441136	-0.9458233040816045	1.0097282904422782	0.6660553115814037	-0.1231368059633669	-1.9663890939029365	-0.29491991710893173	-0.28827978848095853	-0.6149324765187058	0.5878021017026854	-0.17439912804525745	0.37972745277800896	1.2676923499491277	-0.559507837126946	-0.8836098508270146	0.7783306267522723	-1.1524369926397735	0.3081074226508536	0.47064520352955436	0.983409121474866	0.17183048014102348	-1.7307420060895597	0.26741720847575	0.5639398548697652	0.38752747279113686	1.4146522686801977	1.3233085171151426	0.38771748199037787	-0.744848431066449	-0.8042068435068335	0.8813440831124185	0.1353056208398695	-0.10198544178771832	-0.19270027085781205	-1.8048674396008688	-1.889498344659366	-0.10981236314944068	-1.2249682051858035	-0.1272350331025153	3.1675276132881507	-1.0758753822968092	-0.14202010450809074	0.7840564311201339	-0.18230062021441415	-1.2360266095632726	-1.210746259304434	-0.4183372493221543	1.4920951043115676	-0.2608958136232254	-0.4067889280021677	0.06111649659091957	0.37271477236302036	-1.3288591403351504	0.4942961510446566	-1.3507552267866825	-0.21299321913990546	0.8621739139159058	0.7748220767863784	-0.7277455074727787	-0.15244770771884772	-0.3262099999179484	0.9789886832822396	-0.1583952758114862	-0.8279565492621204	1.343579767005516	1.0579569655586052	1.5389280536042993	0.5996434074839044	0.35606260400360235	0.03360541598931318	0.806926138741176	-0.16603338502256845	-0.34542839446448953	0.7425097027418374	0.29548343068290783	-0.5200816038707515	0.537968490093351	-0.6185993352322884	-0.12151241229196867	-0.25285976424004664	0.3569309371102778	0.3540341207979147	0.8696367030659997	0.4066337824187307	-0.3779079426195134	0.08651665688560156
DTXSID6048757	7.540382542024841	-2.86120422983026	-4.296175341276035	0.7028708818356393	-1.8511123451794025	-1.498309860308521	6.827886603054356	3.433862108610286	-1.9425947555401244	4.798712567005437	-1.8580161181598815	1.1586046874989502	2.419556372775804	0.3774911290071417	-1.1562338915324193	-0.6029853643638504	-0.24012445676778027	0.6771711494284234	1.4713685518025301	-0.3429351602686259	0.853188784792583	-1.0067860235680821	-0.848979336056666	0.2254743199569612	0.553463686243422	-0.9102848678908443	0.20622631345372344	0.5143153451867942	0.31295572705941943	-0.12326235323331557	1.6391528619356222	0.35917186745539453	0.15460169010593855	1.1533020288868	0.07863197803021434	0.4649166523963256	0.7225064657348266	0.7487790196913653	-1.6251468452168136	0.19021769689445867	-0.4263396690640486	-0.3544791735800486	-0.5089532064572287	-0.35251076081728117	-0.3711996816813618	0.6971602796306993	0.29177120148628544	-1.0616073274687283	-0.7553755452004307	0.5466446657311844	-0.7267959163839066	-1.8069862371949905	-0.08611511499319768	-0.7323230259461502	-0.8746910590289683	0.5240812030669051	-1.1295782676140727	-0.35439087255667745	0.6320558054203639	-0.5364531136802428	0.7526441155175851	-2.2919296183379165	-0.29584281653450023	-1.8044576278769422	0.128257654907941	-2.199037624501084	0.7003021289735848	-1.4340938378957966	0.07486093233163751	-0.8817978362444627	-1.4479164275729544	-1.7095061906972484	-1.8368250641593402	-0.23137208500839668	-0.5008958158278142	0.7121315755786495	-1.2476360737380692	0.4994592544056794	-0.10689515840191932	-1.2266444275977062	1.4024439596546552	-2.7355019956364917	1.543984079783038	-4.094426039099416	-3.07632866474571	2.1744476283893794	-0.8123232545592659	-1.9857526224777016	0.1025476654856109	-1.2596851239880338	1.7806261143433486	-0.6395807678632334	1.056784731335838	-0.589126952894987	-0.18091680480226457	2.6514280947981295	-1.2847805001883672	-0.006909674546684402	0.4045373394843262	2.1517075841621667
DTXSID0027436	-6.726867456186418	0.2763591597479188	-0.21608278992317695	1.7159434627193633	-0.453368037218364	-0.2555855400238772	-0.5208043975731266	-0.3996312445103608	-0.6778858784464178	0.2253394427770913	0.11904470284574278	0.011957254373106513	1.5738578470879767	0.015581939674719908	-1.0559158344645212	0.19317309807083582	-0.6494504363214417	0.33557572111394873	0.36345659511367223	0.3023505515576052	-0.25211757548691144	0.3431905200265969	0.5603731536325173	-0.43399930757721117	0.25390615293204827	0.3516341516028368	-0.4253668217040046	0.4592311825096784	0.0979397221546104	0.5379524919770026	0.19830617826470803	0.07338160248249777	-0.03327322452758073	0.6494358326355003	0.042276478883457216	0.5997012602737724	0.34431520178048836	0.8058792533300846	0.27776126977772686	-0.42702495706355054	0.10830741096039481	0.6827973141287859	-0.17793330572759083	-0.5617856525302644	0.317098502171781	-0.0017028142922881223	0.22481503292861707	0.3645160275228424	0.3204631551801831	-0.2662041046118787	0.39469933602907953	0.33040283945313537	0.47773362311233736	-0.028900340874494727	-0.26577344915662254	0.040636432330415265	0.2562472301011647	0.10487442183016671	-0.3690785301188842	-0.3024658991747852	0.1812090579328189	-0.19854117090702295	-0.5636928141689403	0.693192368179678	-0.2706028737841052	-0.7174999982014453	0.3339350825493757	0.14661132090458942	0.41900625264351743	0.23763175714744167	0.19550416136260806	0.730983864204444	0.26783810690522775	0.07708462648394208	-0.9660542254938089	0.07700762878290292	0.42969243360528564	-0.9378818228971846	0.5894164330754226	-0.010589318689993044	-0.29695575791534295	-0.35735960880435574	-0.30905452859932064	0.061631236070224756	-0.3183316466276111	-0.35662584908716694	-0.0909739573121795	0.0018586615155344272	-0.19979612973934552	0.12599471200475776	-0.059473783967690756	-0.7778149983464461	-0.2804555988545387	0.6072605682169219	-0.5135120106033347	0.053738572768807245	-0.09817550952440447	0.5947261820481904	-0.3294632556916089	0.15901724696315928
DTXSID1020433	-1.694187494747777	-4.872548836450402	1.8565051383002409	-1.5758551858336007	-0.19954043176379363	2.1579234850739315	-5.022516335243629	4.448749792613949	-2.536578649786801	3.9028824663521595	-1.0167477666975984	1.5223744776967814	-1.553680112084644	3.535411484881171	-2.069204139206166	1.346242448509882	0.7455588501278256	0.966228236012712	-0.46378589752258015	0.14375258778888034	0.26834753802543465	-0.30238688528406626	-0.6423676839114975	0.8916020334160122	1.2904873291949088	-0.3979986856085762	-0.16366731809843807	-0.8102070667029544	0.7384788023788761	0.02195155946330726	1.1823379887588232	-0.4089441771586858	-0.258448795355651	-0.41793539450230954	-0.46950133464262056	-0.15301456198785468	0.9575716984204943	-1.070818894932302	-0.026061297607906826	-0.566919586838347	-0.4578456137003852	-0.7897602029519399	0.7848603514226581	-0.05647291166331368	-0.6736846643273875	-0.32714748429730434	1.430751460322446	0.07116047386353697	-0.6399743946547429	-0.020063395839234922	-0.4296575479070073	-0.7050885729717158	0.43982748805073857	-0.1140934052877751	-0.7887965376703896	0.3309819934521161	-0.5962248731037748	-0.37114636038935905	0.848175843386657	0.01963834683849394	-0.3472797793340825	0.3131287347585518	-0.15978357500845033	-0.4863622921888539	-0.570631919371124	0.455155962976395	-0.4729866893953583	-0.49612370045683796	-0.40236863533671796	0.04743458908136304	-0.6862122004884772	-0.07314591670464307	-1.4566693988517112	0.2891009512324334	0.06112563465976132	0.662918043756952	0.38645833368208937	0.27784394766881376	0.13903462028418656	0.6179486006244247	-0.19661107332509284	0.12148054920504739	0.48743315548875493	-0.6708617945117611	-0.4168505199876402	-0.1894568815963542	-0.062282191143197545	0.1944759917135581	-0.2618299688609876	0.5225425918976998	-0.047254305807689787	-0.5252253023590285	0.2067269476835477	-0.6310395510431638	0.1935989748515098	-0.27285623394199404	-0.05851089957524351	0.292390070790519	-0.08373537604565955	-0.023561610149063546
DTXSID9057761	1.5837597859012045	-0.8481096237394938	-2.409299999007963	-1.8356503101398456	-0.02928927119501864	0.4725103039856776	4.700398839922442	2.696683240486331	-2.601806286646935	6.5448370201486705	-2.4623217336970575	2.9348008217650947	0.6245486604378113	1.1417959875276023	0.7422050654231348	-1.8685767974217111	-1.4629244160845278	-0.3893714181616029	2.809481831542016	-0.050621245968684156	0.88494232647687	-1.3942081287341308	-2.7734469398717634	1.4574332685032014	0.7924524389321085	0.8622523102268639	-0.6492457344170885	-0.16118384412570064	-0.2751640140933713	0.19220527098179443	1.6658042016496573	1.6394932296052482	-1.111455968614441	1.6954800057522623	-0.06806516760809272	0.1598262927164776	0.17112455349337236	1.4863810423281505	-0.7533793917149217	0.7947568783658039	-0.6891600999051674	0.1708636292913943	-0.615738137972296	-0.8564475018373167	0.49045807919002393	0.6280775354431617	0.6198433039538797	-1.1429855513317047	-1.8670053990403397	0.356240420822474	0.8885432079613693	-1.8009659257725619	-1.024559049279389	0.5984037309226639	-0.12232076198720812	0.5893636598201794	-0.10957878296272565	-1.4715696966857779	0.12299450015931943	-0.7589501586682647	1.0822381170475397	-1.0421401143000284	0.4661236542137646	-1.0944374644710106	1.2181467198253026	-2.8811850069025415	0.5836302397414406	-1.7281725997628201	0.18375169876326775	-1.2092877211430704	-0.4725004336331781	-1.7870099885649524	0.35837790235684963	0.390328585083497	1.364822970925645	0.20710689310078897	-0.49897129912811133	1.0712892864830588	0.4844806655738783	-0.6070459650454405	2.5044129088270024	-1.6985392332521134	1.242084811418437	-4.400989752419865	-3.2930766892694945	2.2366938221952197	-0.6044459594199857	-1.1718704560296216	-0.6908108288661865	-0.5217841235595726	1.495099945999133	-1.1345833050010856	1.212925841050869	0.13739914020256752	-0.511657113894788	2.8473712974612497	-1.1658958372401702	-0.3860836311394946	0.08970757104105576	2.3660522638170587
DTXSID0045670	-1.6565560429772377	1.2697476521805282	-4.343024867561281	2.5577839541465446	1.1554777284750888	-0.2306923225655013	2.316756526646562	1.0319882532375915	-1.0523732157514358	-1.6921077644974352	0.22642698756010113	-2.2833079649889516	0.20941190156530098	5.254295258040364	-0.19895864295756585	-0.519088102878763	-1.5757112617014963	-2.761921033348133	2.9843137384224177	0.4963943231311282	-2.381350718748701	-0.1678237430617099	2.8427993065268455	-1.2991409346438139	-1.716167784073488	3.8544207265630313	2.5295788896748204	-1.6827744145913568	-1.087936630501113	1.1397295399774472	5.000979017441324	-1.21290644615916	-1.7174428417523184	1.3901179688797327	2.9017337188432903	1.6524993484810633	-0.022912918744557094	2.4833732527964933	-0.9312931548802084	2.272792535258119	-2.552189585244331	-1.8368754016820414	-0.8359270967015351	-1.5890217968719773	-4.785107539936711	-1.1559377352358076	1.3097208490312198	0.4562360346335495	-0.6480555840491843	4.656518242682192	-0.3117418130501284	0.16734017294860878	0.5953825793672655	2.1844342319303323	-2.0407218125046955	0.8644637344397326	-1.2889296674815383	-1.2848153896911467	-2.2888514520964276	2.7614176912997155	-0.03947021163870246	-0.5121657674719957	1.1728859937464795	-1.2149167625475366	-0.506446011653155	-0.4076669585984706	-1.081705517672746	-1.2682358962349363	0.7637182231366652	1.1815549298924546	0.5629880335211216	0.20166445444530431	-0.6413278259049076	-1.2200918885063043	0.14894900629777788	1.249932595314164	0.7166940491996879	-1.169439473401654	-0.7427845705539664	-0.0010759214606937113	0.5824939989689291	1.0103157511791214	1.1388087382573133	0.5576679400414831	-0.08206585014197161	-0.646290990416086	0.14681652786311283	1.3707001624111799	-0.8300368246250521	0.5550331767377737	0.11213873467186557	-0.5480319963976847	0.30161336725453824	-0.4789852045913959	0.6896879214442073	0.23263807864275296	-0.397353896548005	-0.6914020658301057	-0.12423345708066684	0.31393835999187325
DTXSID9047099	-2.2677350422729123	4.693384324699147	-2.8906829199974355	-0.6671956874113852	0.8348348886168316	0.9555651004128777	3.2378906109868444	-2.541973373197778	0.3220378029955395	-0.1403291144044373	0.7672499269795403	0.38476730431068557	-0.7804303572455258	0.9965660916647359	-0.2437881590959656	1.6061600520479535	-0.5941114488212675	0.32212025389318727	1.6896723578066517	2.3448606715282794	-2.0725582743296034	2.1478290735496004	0.1549251887842255	-1.3242831203331604	1.8631459818713554	-0.5353852580778891	-1.329773112278523	-0.2309044051238855	-0.4941614900023994	-0.4423010844445425	-0.6102094500522092	-3.5163859290422543	-1.4559195723972624	-1.969472475865773	1.4350535218439353	-2.529170049339015	0.7239406787131539	-0.11524363465868913	4.04917354696076	2.110604289955079	-4.247509743987783	1.0594039784173996	-1.6560228264416366	1.172948141268034	1.1829996164880303	3.9156017239457883	0.8482076853662638	-1.3841335168250755	-0.8914258255177483	0.37631999713653014	0.02074736361502083	-1.3793812949629372	-0.6617697851351177	-0.7333613771723747	-0.4886849875187177	-1.0483373775720226	0.8801072697984871	-1.5779239789665298	-0.38638966611742237	-0.37644193795664316	-0.7591175578009841	-0.33344773807316735	0.8669302679138633	-0.6636553357354469	0.8395405551605196	-0.7108880828148063	-0.548916697475157	0.3394159726235731	-0.2806238001195472	0.7512856898918802	-0.14542343638413713	-0.1706105752608841	-1.0099523135234387	-0.9574228555246556	-0.4589572982315085	0.8180114829309848	-0.3000891611624026	0.289293115763695	-0.4485578333555831	0.3710925453622719	0.8181048662464993	-0.4495226644887937	0.25198665649685387	0.18318311968447185	0.1745942721736926	-0.04787352930467468	-0.015651528062602414	0.383564042774878	-0.42884247510737766	-0.17047045528117258	0.31660888128268955	0.8226797861411876	0.4090939840206793	0.3317545371258546	0.07691850143455604	0.23160960497406147	0.4683651497513903	0.018132687368320306	0.30968368986032024	-0.6714960826329619
DTXSID5048843	-0.6742499739134264	-1.2707778422255733	-2.497303156882926	2.2605111004591536	-0.36148698150977643	-0.5023323054054623	-0.17869998599770126	-0.9281834267537011	7.4338675143928	2.168317400498807	-3.10966898628211	-3.1705654921394086	-2.0430213570790787	-1.3567735978616586	1.1680074202554018	0.27942416051307184	0.2994540107921674	0.21798972494068716	-1.0931472438735244	1.7178131771673029	-0.47311609324605325	0.25604306596663107	0.2939104470817779	0.4833389217858848	-1.0574615272482717	0.2587052184234783	-0.7477587218144852	0.09678956360997795	0.03076969501317986	0.8301044170208453	0.5029656950733238	0.17927477458913896	-0.6925622223295785	0.19854422900414606	0.30439262254796895	0.48422270344784596	0.6888634160043126	-0.17456280523823733	0.485107571938191	-0.6579589127888839	0.1973233436340807	-0.31454100654240097	-0.13022275494574442	-0.15484619928608973	0.11782307305102924	-0.1451171779143892	0.05432686680440992	0.29922901308134453	-0.11426195211614923	-0.22430391309678416	0.11203650835600681	0.6193408176812965	-0.3224385267736652	-0.8653266792917846	-0.8135395288627096	0.5513543981915908	0.3991287897038083	-0.29878444986643465	-0.2397618938880074	-0.2021065854460523	-0.028256014482143033	0.05128412916320882	-0.24856420212312957	0.008849383335310709	0.5636171806626813	0.027452846873247377	-0.015563667258680585	0.269651674401078	0.17409526732976835	0.2070627772727436	-0.12715146954796339	-0.1546045456658606	-0.49062452749879537	-0.15934554782155302	0.0936300339851298	-0.03761442558524786	0.3713870080685717	-1.1795438646943175	0.17847317341911278	0.1590370780015309	0.1438921853149734	0.8489570182389874	0.014616917319695454	-0.5177594248894678	-0.42665384192252814	-0.023415846191177602	0.01777930852024553	-0.2930549990174445	0.1805053686198351	0.2184250915356739	0.0034350328436288493	-0.19253688562555674	-0.07346124271121884	0.2137792295369624	0.08761767237016488	0.1539466201111136	-0.9494109717305457	0.11346980605696069	-0.40912805830261334	-0.04133576592179604
DTXSID6048624	2.4757792998431096	-5.541363648648358	2.685452544845024	8.405378763093184	4.692497058812764	-2.5001110598818634	-1.0358172416276628	-3.7653151297227008	-2.2936948352810087	-5.246801176912742	-0.4122605919606297	-5.053742990998816	0.5238798399693553	5.169476407500417	-0.6358548123675449	0.8630160422816381	-1.1655329811666078	-0.7019179382142806	3.400481466015158	1.9218036544762631	1.9167607164705671	-0.09372774609106511	1.9584819055121092	0.45542134809744395	-1.0922086276474074	-0.7669436272123361	-1.7789725053135779	5.7793565344669515	3.4859788957375466	-2.7347788169521907	1.0821437741720017	0.48339412229443646	-7.046410467065139	7.332608151615651	3.963897206735854	1.1675027472023423	12.736668993215606	-2.40969145279192	-6.205399921081216	-1.5939284172487678	-1.4782786609507605	-3.059272244310263	0.41692936677906794	7.814214714835985	-2.677680100250403	2.1639494084399016	-3.5975716388608965	3.1111764438333696	2.6906214067821885	-2.5490359586804474	3.25011458865963	0.1408497812510587	-4.300669719794261	5.018673690958221	7.238726915092729	-2.830525588151742	1.0657874739139626	-2.13066924187871	0.3670002443760121	0.8438954225750922	-0.7579337898964915	2.804221941506766	3.2820522781908212	-2.855752882316414	1.9692011802842568	-0.15435359971994048	1.1005550164843507	-0.8689834432183916	-1.9571345208680284	1.9834605430045922	-0.9963490239412774	0.25926147811590755	-0.5102290987834843	1.2167446130247357	-0.13927755401168226	1.3960652886842773	-1.6808138995376594	-0.6400743417751444	0.370717755932544	1.8062159254054952	-0.9168063889075085	-0.8432575774027496	-0.36363472101429256	-1.3969879977846744	1.2836032190529245	2.0525323524651347	0.33003215424691035	-1.4262625371352957	0.03955340067795102	0.3036971312171141	-0.8428720662817378	0.24973746376110215	-0.28512392188957364	-0.010002804251284789	-1.508651149242664	1.089320457614452	1.1710541352894106	-0.4113691942419142	0.9461320688616198	-0.7577660962135918
DTXSID6025068	4.233803124993048	0.5168394631776781	-1.3981293111195343	-2.319958026866536	5.430087656087409	2.5797638602692343	0.23829791089719776	-4.095726682911576	1.4223628604234544	-0.9184478610336861	1.501558318960152	2.1446175328447143	-0.8428090138508545	1.2539364886137234	-0.8864940801775129	0.9353043306094746	1.1088349027122069	2.1492123448828555	-1.038452365239708	1.2716414633482522	-0.03271106944384485	1.14610266645734	0.36634291873096225	-0.21644796854763432	2.1262482334808968	0.33581731923007385	-1.0609435113348826	1.0429333556870377	-0.008171868717692874	-1.3956664047572998	-0.9090710515220221	0.23134471748998545	1.2019455299057955	1.4026314429062994	1.0648534168985264	-1.1264676760234975	0.7316906609309495	0.2932168077353461	-0.11790500320162604	-1.1130181308179032	0.0479090043929492	-1.0705230098492835	0.011837713188532004	-1.0719040528840418	0.7428893374163458	-0.44727149556285856	0.29720422507865385	0.2787920036915623	0.3487683432154452	0.5391983060808446	-0.31206509047553854	0.03594563026120649	-0.5351335970581316	-1.0467016450336575	-0.5881790652655429	1.0483069357342751	0.15286506640726313	0.28400308342545083	0.03653470870061392	0.15288670588249448	0.8536340671676925	-0.49706979472226626	-0.7154368744250097	-0.3063569807016295	-0.9013379804534865	-1.15439803468992	-1.3536307111987564	-0.5869792571185324	0.4478841488091886	-0.7775277658818095	0.020063558776704717	-0.5911539561109321	0.09987876331386057	-0.025060497957632735	0.014899527090136908	-0.3640328255428587	-0.11774859206522242	-0.7556391270486646	0.825503091823044	0.7795066485680084	-0.28621487469300105	0.20010558828852631	-0.11484138739393053	0.3461500337949452	0.5181359206559949	-0.10896003717924056	0.2709404369902018	-0.1289483393932573	0.19972679086374648	0.12868930693804753	0.3822214162165845	-0.09924301218272771	0.25581786732744083	-0.21299929944899285	0.17911649996718962	0.0016582748777593703	0.1672970285216557	0.28526589903401006	-0.28211859564876707	0.015777407964059804
DTXSID8047973	0.7181616608907608	0.38197720462235163	6.235953182104481	0.6973814308790276	2.309992483748712	-0.16799980919469457	0.35598462610188003	-0.34257762585557544	-0.5930464852865731	-0.7010449260947373	0.9138137907495453	0.40450988551866046	-3.423707527542455	-1.5784760778176503	0.10950025674991556	-1.2594120530020416	-1.695600045095651	1.5720002887610267	-1.8149970868140397	-1.0980708173454978	-1.351812844032899	-0.8858208363093709	-1.3871203015592797	1.5371420770152862	-1.9478199326613705	0.7015150554470155	0.9686114506223304	-1.205274425230167	1.18244317254373	-2.712095085800335	0.2517029450201917	-0.5348705305453212	-0.0537135438387983	0.3792226629973498	-0.12162730807815673	0.7234382358898781	-2.2222711024249087	0.1454638464513867	-2.1261184673064903	0.6655622083659688	-0.3555035610817343	-0.3865148278273191	-0.02634688874199005	0.7826990755436507	0.9192062291873939	1.759930045657826	-0.1114619660301838	-1.2369466807644927	0.18964027384572485	0.14465815167647258	0.6328649339127713	1.348370618906176	-1.011168049429795	0.49087244517728307	-0.1304199355448815	-0.2941595250988158	0.4304939594726807	0.5523638104310293	0.1931768378079203	-0.5004159950998357	0.7105804051650556	-0.8775939350730539	-0.27479867002501596	-0.3637549918036672	0.20025692843369503	0.8318301826259606	0.2828489562462755	0.27770182315571107	-0.42064599898002886	-0.4056664040074277	0.244872869924367	0.3475714233900904	-0.34934801182055386	-0.3841077303293675	0.20642498317224248	-0.06912798934658047	-0.32528070755414895	0.02238000099296627	-0.0072724369709120445	0.02979732650237751	-0.22441781197164248	-0.02209646785521569	-0.3729754667868756	-0.08041457625581393	0.07548968648618612	-0.3410497316587587	0.09832370104371564	0.050675766667628554	-0.3317484225209352	-0.04063531243688522	0.08789638503255102	-0.5855300997498215	-0.36715134357241525	-0.5273176942965854	0.4976349203333445	-0.16889263207722335	0.06666525381370837	-0.10517665850356904	-0.3678108806447217	0.02847105026825967
DTXSID2021317	-8.309425927068183	0.6559672487668098	-4.472503130615414	-1.8937043541491068	-0.436179771132762	-1.844626832604635	-2.6934856923329407	-1.3305974733678212	-3.2507105233574847	2.921315905163154	-1.7688469541276124	1.2884571624549592	-0.402678119489903	1.6021903392703478	-0.34831352066130283	-0.6437400742005776	0.4486873041793452	-0.7039383395304775	-0.244917747460276	0.37121242776296187	-0.16140702780690325	-1.1219156441486364	-0.9472793203428345	0.3780899313585218	-0.38291334267766575	0.7118016849358751	-0.40174983121502356	-1.5122214583996716	-0.9829764714238909	-1.0062615941420026	1.7697148744171205	0.6346928475193008	-0.7845717672525595	0.3281149072000215	-0.323487596524273	0.6045349614711717	1.0890995084060986	0.33550671278583283	0.09294211463673806	0.13086211768595785	-0.6333187696586933	1.2831985960376413	0.14038821396985648	-0.2950635404982746	0.03339421181436583	-0.26380662755024076	0.13247960471807244	-0.22598700988005246	-0.13337691218443112	-0.5103345634358621	0.03784450089053276	-0.693254397210599	-0.7901012002838146	0.5248145624853594	0.29733584894854	0.30204522957811875	-0.7400929288934246	-0.5456565437827755	-0.3898509697042375	-0.6705582244491695	0.7284424032514525	-0.03251639203117082	-0.3793732583167078	-0.2427843716506267	0.26231413327254827	-0.5108429600771449	-0.10701819827414312	1.4708621504686237	0.7073380653955146	-0.31706444920123905	0.4744955283491981	-1.096171030272845	1.01112218601218	-0.8704941919404947	-0.7081736436883642	-0.5468317059699784	-1.0655194537221573	-0.4054705232510302	-0.05144852541436205	-0.5254023240559101	-0.4961698757448358	-0.5204043268560747	0.3175352834501053	0.8556201229876135	-0.6697018475535085	-0.36541667444981085	-0.767109096134289	0.5253615239394246	0.1815040562893494	-0.5906650166799876	0.24393312143945814	0.9613733013454757	-0.5986843809961477	-0.4209765284674794	0.004300326522506335	0.4148905365408108	0.37330139795070316	-0.32695516179206696	0.19040282354961402	0.16410771481753708
DTXSID4047206	-5.105439637707712	0.6256895538966224	0.020549033598104987	0.6355629312750546	-0.3435112357396878	1.0901184416699492	1.1000855910184124	-1.8671730118589518	1.705849909007567	-0.20244600074623278	1.7659848053266416	0.4333502436232837	2.4316523152032525	0.5822759042627667	1.1840060632351346	-0.07849687771262284	0.49273127097508496	0.2420769222806665	1.6669161805905675	-0.43902960203918373	0.35398325454774815	0.533277244195354	-0.9855203891491153	-0.7925100270782539	1.6816159544391647	0.15087319323627818	-0.5937716932606392	0.7661131683952793	-1.5216241963021653	2.8228206263154765	2.2515866695406515	3.193941939615557	1.174974106166472	-3.243945042861584	0.1912788149294168	-2.4670790269981695	0.6987985709995339	-3.3917318686554774	-4.449817079033896	-1.876326246440839	-1.5471256072202768	3.967853920784027	1.8726530188786468	-2.5341522911836636	-2.013686052425254	3.1721712819708614	-4.087747893989093	-1.847904745385665	1.458545721294082	2.3214108307638037	-1.5859819678637421	1.7125895084481968	-0.27147023586682323	2.1524029557233546	-0.22911152847032712	0.8632250097282492	1.1865464942511703	-1.0929784856362714	0.33732325556786247	-1.3750749374110247	-2.1492469276092483	-0.10205239351089852	1.1558330346793178	0.8889136600899906	-0.1578489033584416	0.16593510782074777	0.23286065177233572	0.6884097864007525	-0.04556695745	-0.5503168164060377	-0.25782758336288913	-0.3101850153735714	-0.17692275772317304	0.7161846497848455	-0.34036029681436963	-0.11797569219709352	0.3529456086766322	-0.5396073515903796	-0.06199323463134713	0.3974503240577346	0.08457166073921238	-0.12005228458194026	-0.17316651993171495	-0.5510441289881314	-0.3218762119930904	-0.22108822923083216	0.33132483886026654	-0.1398217968240765	0.6925274449730053	0.15845358992104194	-0.1616402402791424	-0.0584684533709108	0.38259261388022964	-0.22362430345464945	0.15047567318342958	-0.3403739388102434	0.029178245959237875	-0.021641156313978727	-0.265489355936976	0.45903524683289343
DTXSID3057721	-3.875133947949564	-0.2488347316458519	1.8877660340763847	0.0071129021009737345	-0.7265923103186346	1.3842164695710282	1.0124836476006704	-1.5643818895557977	1.1870978290007717	0.04779838481011291	1.2707841026224291	0.31867931498055774	2.3481174805964002	0.35309183466870786	0.6615195948874377	-0.6342344731025169	0.9031807500824547	-0.11966599764720685	0.8669946333752391	-0.09618661571098526	0.07692904087271843	0.392233791223896	-0.6881144804741746	-0.7960809771580546	1.973665128157878	0.043333070435253015	-0.11145931573036816	1.2234785978192984	-1.0703063972874793	2.2491270456387142	2.2880993686113325	2.4788881682599233	1.824799019102473	-2.5460040377387525	0.6501562438727865	-2.345185935293426	0.8318925893917519	-3.4527464421235283	-4.436931740572681	-1.90110522541363	-1.5871861178904851	3.317157520046027	1.7779118075253995	-3.041847152273042	-1.9010271544706676	3.0775496137057727	-4.292697390069151	-2.692518099876657	1.5104056745017052	2.2848847811903172	-1.5408376348284387	1.5049690592983072	-0.31165336016785866	2.2129528109140795	-1.0437122236043588	1.027833797009378	1.6443413094636399	-1.1074045138699355	-0.12539119828528392	-2.3186824481781656	-2.107066669231752	-0.08109528652155623	0.5822113634804005	1.55743132730183	0.00877127940628143	0.9254327873913241	0.6008975785645015	0.2967792443974978	0.10972063035713242	-0.949244820545674	-0.670413282565455	-0.1280688444562067	0.23590111683029732	0.1888242906875655	-0.45184814763255965	-0.28092478742806315	0.6904725908929534	-0.7338814968128862	-0.1309666914315078	-0.03437161765760224	0.0027583113753437455	-0.20159509051586222	0.07142748312652707	-0.32564839185869093	-0.5776931372869053	0.012052740582687667	0.3852682688220382	0.09393802089604948	0.06991873116406332	-0.08579836521773049	-0.18147233904676693	-0.19136858634212953	0.7639721916256895	-0.11629021734169251	0.07154702423915392	-0.38774324915101377	0.002980308064931264	-0.045902318642919916	-0.5853753948353936	0.16528671383045893
DTXSID0026961	-5.498298397566312	0.29998334205061317	-0.33641531390232327	4.350381959678684	-1.693882643937209	-1.0756482056732042	0.8505557598013384	-0.9669489883962311	4.04403441013635	1.0099231560872923	-1.909292854457002	-2.291348660821265	-0.9055587223996917	-0.5110251139866869	1.5661175014320226	0.028009748890262753	0.2007285607562789	0.35595044549641297	-0.28108162987478946	0.8691040606284987	-0.4415837857889314	0.5015593500848815	-0.15817278615337763	0.6786284400295499	-0.8026018625060721	1.2477197863215188	0.2719362378504486	0.2635001808098948	0.001673231370673385	-0.5667243557118293	-0.028663991841376253	0.3906641515822253	-0.03657074599137144	0.16822472071394792	-0.5445397845647855	0.2924092887441089	-0.5578455630914959	0.21378606282643325	0.11511466283133291	-0.2761269380777683	-0.4635098997627374	-0.1787631412080682	-0.12964097656843504	0.09743139416691854	0.28155233988440403	0.5567885578430642	0.4769731700804525	0.45155653275337987	0.02962570201990625	-0.0074338700258463385	0.45651135636638185	0.9837047601155978	-0.2204144016791538	0.1842606505464825	-0.8128444825131955	0.025852669646909413	0.14629152070964516	-0.19286527879034698	1.1267508935811472	-0.12438919916462474	0.5424934269459533	-0.09187985610883448	-0.3725610607689673	0.01865136198207816	-0.23549391822326624	-0.11683300673344778	-0.2519116365977132	-0.06072672803385432	0.31826629533636625	-0.7226792180989817	0.12208888384898049	0.2490469866863637	-0.4455968069220169	-0.06583887485546878	-0.07918605087014192	0.3631238642813708	0.2352947440547256	-0.5430255158860596	-0.16115969958921825	0.22529415011222448	0.47020900725657283	-0.47392929242968074	-0.10818118120938928	0.14471653814339144	-0.19218090521283665	0.2316563239610231	-0.11548214178289144	-0.374381485318331	0.4754398761333014	0.19742433765002382	0.10607610315637643	-0.2258797040065567	0.1352708294191155	-0.5614456125639152	0.26535515798244114	-0.26757019748108113	0.26715178744603746	-0.7821675332658227	0.055762631403564356	-1.0515802554259828
DTXSID8046088	12.437570193371753	-5.551369081413646	-0.02526802441056217	-4.070120636673533	0.907700860625325	-0.42191840039741557	7.208239845338019	4.9308523442500105	1.2008095440379376	2.858211482408037	-0.76594575988286	2.447166971050475	1.3378006894124266	-1.0403650487894376	0.4469113490060454	-0.8200041461716306	-1.910063539194567	0.582308057233234	2.921925711749366	0.00842188160795692	0.5906788157674289	-0.7045590284357679	-3.1127059655583715	1.033281221919762	0.35477887136839076	0.1639572497456071	-0.7482745160941299	-0.1967058369570509	0.48299746668405635	-0.8465928530251069	0.4031918600584651	1.5258318676902713	-0.606721599916768	2.019865334279944	-0.15757090834741713	0.7978928876937287	-1.0190502484096797	1.5939908636035471	-2.0684151620517923	0.8429404577514689	-0.39374568187777637	0.6249579092330911	-0.06309420136265988	-0.9869349594564459	0.2784075115280572	2.1693107579877413	-0.030191885833614342	-0.8252896600355316	-1.737038100409716	-0.068292884866943	0.6926592388458005	-0.46069851606338785	-0.7761969328009063	0.027451585537352465	0.7287448452423071	1.2495659796615504	0.8670028215416693	-1.8090497446847267	0.2942765904089076	0.06381111106740447	1.8790301861580925	-1.9247597188315395	0.35040648866096685	-2.24590815358977	0.902154377306888	-4.2939580046603485	0.2745328530331159	-1.259458575272674	-0.856828755889098	-0.6180864889315459	-0.05431732988966983	-1.6450319393083561	-0.3769011525260134	0.6267373309382195	1.1075874490116102	0.20298748128430164	-0.9610385132698837	1.3382359876022534	-0.617951990438843	-0.6197688359062967	2.5594799800938195	-1.715713379793793	0.4818727855823906	-3.9886714708307998	-2.1838886842523046	1.6074116668993748	-0.5410222490748734	-1.9005218890996634	0.413705352982406	-0.5609273146916337	1.8619803096920549	-0.9858214767646093	-0.03444452998790879	-1.0458357241771779	0.6640782561707704	2.371428682228113	-0.8543067791936432	0.12048990701074848	0.662760845023504	2.96912191090233
DTXSID3020205	2.6071127094275117	-2.0605273924905623	0.9665177009328446	-1.259266041703707	1.8074825587932482	2.0286226166418646	0.014243449843572311	-3.984524472035144	1.9123487149417806	-0.6080321507961226	2.3690509613029573	1.209755367524362	1.6066660012211313	1.1607362934398004	-0.9385912408151806	0.014011581931988391	0.3205803225534059	1.7517797785021345	-1.073187005033822	1.53972441265034	-0.78934396584421	1.4813993445596878	0.16800297731455066	-0.02662482884142058	1.5261612849501607	-0.22226825721366572	-1.1184343899183211	0.4614763032226721	0.1866814355723314	-1.0025275246942384	-0.8361164305852872	0.336413165925734	0.28721240414730553	1.1106868428241004	0.3813340552991644	-0.8009321812127106	0.8157279289030694	0.6935722243468319	0.11123557141724968	-0.826512903082463	0.5415843624290307	-0.7479330256772212	-0.4563179134747334	-0.8602246726155625	0.5784530438635864	-0.3773513919920491	0.06772461749873822	-0.2077924812294038	0.1352035582278563	1.544521929212949	-0.3145144737231813	0.04000639672407775	-0.652762380451821	-0.30504869465671325	-0.08866512898259028	0.3611719180769663	-0.4168759310912378	0.6050236969240121	-0.8445902237627627	-0.014477109387824939	0.6172454642486348	-0.0230109073290007	-0.01693794337319582	-0.037292024439391065	-1.3600850396057496	-0.36299138153573657	-0.10776251829904929	-0.80774124823312	0.09941012285801445	-0.5983960080256461	-0.16414513683175852	0.6018559878275781	0.5473034280308909	0.17849169668581732	-0.3632806342480117	-0.5536821135858477	-0.008737991439604601	-0.7293663325597044	0.10742560782466011	0.08009958608837918	-0.1915387074186291	0.24931088501404614	0.5212015940441247	0.07504849875700807	-0.10664548555828661	-0.10995212849127538	0.06086619442925581	0.25441639026709034	0.3172078113479441	-0.012644082681272581	0.17112944953226694	-0.06232411910684522	-0.3231333754978299	-0.11317325295166905	0.21756352947328864	-0.025379362323528026	-0.19126914398314862	0.4129017848103679	0.08421689096234937	0.03316839067145142
DTXSID9043855	-4.746499274681702	-2.0387864606331068	-1.6215009341759068	5.522141949278299	-2.203198834255802	0.07302611034558824	-0.6390423499812365	1.514490794871891	5.298724774365586	3.271440370988733	-3.8497168525705012	-3.1170046039917225	-2.4235626650558695	1.0483056914421767	1.440258002203685	1.408923255218481	1.0572805449151887	1.0178213116420352	-0.7935910735990802	1.4290151213773152	-0.6820831525575725	0.918436091209081	-0.49069782916645094	0.7277071121102803	-0.16288038335018484	1.2001436307440478	0.5475171230690286	-0.22947870714155721	-0.3896121952183817	0.09383534536769449	-0.6618468180539692	0.753950371074495	-0.18373329696831234	-0.17487787464257723	-0.2655523878928007	-0.1733126903729222	-0.26138402654082865	0.034330619939100616	0.7165393484507124	-0.7245974186067196	-0.3767714399530544	-0.5607027270531888	0.8403165042616916	-0.4509119438283543	0.11672931191085016	-0.1182268171162006	0.4539187072510257	1.1443695105376595	0.5598471451133726	-0.10831066064480263	0.14531947929024225	-0.25050303063185464	0.012578716361961296	0.4412895344299775	-0.15223489082234254	-0.12006242951843182	0.8497689397704913	-0.9980795241491596	0.9281942389337163	0.006106018245576248	0.19414586108459128	-0.14211242361586937	-0.07150756641155782	-0.305231284428063	-0.5135181963445704	-0.29920095698580257	-0.7415996662880857	-0.052235524070854966	0.0019200948118023337	-0.6217616694628276	0.6131868030309435	-0.7924022639949582	-0.45502506741186144	-0.15565400864215065	0.25117593966951274	0.1552680206972145	0.11628648225429257	-0.21313935586827	-0.08434730958421059	-0.06366010286253233	0.21394668709772907	0.1214933720653851	-0.4022584334449825	0.39710035746826733	0.18914977780248934	-0.2910363600099269	-0.08788716243325402	-0.19617635107891923	0.13116984040480484	0.011745680084248691	0.13635354093500937	0.06089112050209872	0.13643930087971196	-0.03007116269488786	0.4399928930773341	0.21140370728638866	-0.3051216650039266	-0.0270689540761343	0.16588969634292722	-0.060993974599830705
DTXSID8037756	-6.045402990602885	1.9789370043161731	0.5382607109477067	0.6367336795382432	-0.3852887721846697	-0.3471808494159419	0.7857726395184975	-0.4771619068244971	0.2731457595080278	-0.24062701171426096	-0.5993779717330566	0.7705289008300492	2.170981775623348	0.03524894046699221	-0.4964774454458483	0.24672019886244093	0.09611085737731265	0.5040500404652133	0.06463154585706617	-0.7646132544937517	-1.028630796049153	1.040316375009128	-0.4401452408269233	0.7613136639667373	-0.43918542853890785	0.09450711527990868	-0.9281951646312114	-0.566149840383279	-0.6862869879162808	0.5802904696453135	0.40600178889967586	-0.09725935041170834	-0.6239085279658032	-0.24590349835473435	0.2527273557661071	0.8046050735954814	0.08184918623465104	1.1827027982014653	0.1494200838080851	-0.3249012139962024	0.41867545759638475	-0.6650640541798672	-0.8843617571866981	-0.0547320416108807	0.22110912497370713	-0.010298033503329996	-0.5439060470790676	0.3656930170375947	0.5669060228151048	0.0269099753454835	-0.06994322129079177	-0.7152827979504155	-0.3243458235283315	0.37337214552522796	-0.430328470111468	-0.663738547573624	-0.7177866910536578	-0.12157869382787344	-0.29034472910064507	-0.2538805873274934	-0.3255736285981013	-0.3967185783526827	0.6623316767723033	0.32750321364400015	0.7657876779281187	0.8108622055356925	0.9094983778052056	-0.5015657563820625	0.3050749199297175	0.354346406553225	-0.35356835301107536	-0.743716378095209	0.8943169009517331	0.13049806235847372	-0.8355497933740134	0.03320739419144681	0.9019272869041266	-0.7400257251030833	-0.7453796165649536	-0.30083050098727665	-0.2830102101946668	-0.3450064052764138	0.3038193222274211	-0.5373338305775207	-0.09079087636525872	-0.4527912724326649	0.18385410350983472	0.3849985792258182	0.3918918369896649	0.14027755156868763	0.4707338103309409	0.28931406385682595	0.3362436682021198	0.46694415093655234	0.06611698444609887	0.17690805259971593	-0.5738158288732939	0.048221394161855946	0.23771851592343948	0.24785430978474046
DTXSID6046630	20.697535012750546	-8.747069955420415	-5.108064379179498	4.8638229406101345	-1.9352905903031485	-2.451621294761187	8.235976951336735	4.899050778659488	-1.592911450598614	-8.343827599431197	-3.6187760522536525	-7.335542831159124	-0.14965111395586533	1.3766243227337474	-1.368355368366244	0.2685305886049786	-2.2100850964772043	-1.2621125518425738	-0.8436427738116402	-1.6399352041305495	0.8391197237386405	-2.683688921368927	-3.7811915173900945	-3.2222626095057163	3.4002897180567992	1.5994493730188672	-1.7642415146196688	-1.3879863476343952	3.025898184682079	-3.0784281688627932	-0.07570470860254105	-1.9225713000826627	-0.34459397538350567	-1.3500593214989312	-2.1639943150002576	-0.46244717960167353	0.6531698089166129	-1.7352038012846551	0.5131936786161426	-0.18017343151874646	-0.36378818595649776	1.5006031549068686	-0.48119530528818016	2.1404977882190903	-2.2862469610555833	-0.12266118243543771	-0.1625901056202533	-0.08766987957660645	1.9847760373759917	2.5848383716517875	0.49232656950600395	2.7799577213619324	-1.048968213140871	-0.6174470627508608	-2.1848393791469376	2.8357606638680792	2.304113277769681	4.095898616686213	-1.2785693699549363	4.483349501592101	-1.379264077361934	0.20274403086443388	-2.1671794261435604	-0.7612786828753236	-1.575631598557177	-1.4081387447676288	0.6028831184722627	-0.1408189537889452	-1.568521347435577	-1.0591702841833956	1.4680343158234845	0.9456011959847668	-2.469760382273285	-0.860756469545221	-0.6701736172388698	-2.0169069559000334	-2.7139035055579623	3.0628508281902658	-1.1194972756986672	-1.7983373940367455	-1.4507149505497359	-0.7725020546656913	-2.4522316405455906	-0.46461501891575346	0.8773938858939182	-0.48466133397351024	0.7888179662888842	-0.040990583916481214	1.140501181903264	-0.027648507203625047	2.382478942988723	0.515563875489972	-0.9706878223191154	0.7956429502479979	0.8478125702170587	-1.1237596093071103	1.3688116639022687	-0.8318821847377629	0.9704591111934403	-1.5700095251082167
DTXSID0044446	-5.2532468539534785	0.45108395710632604	-4.648426713606207	4.225156114337317	4.96005551880873	0.14126728257547955	0.7516714307435397	-0.23460120947533755	-0.20163263855715186	-2.6342747824386805	-1.720794028798811	-0.04042763091522804	3.4474227108107116	4.496714693501532	1.1267687775811162	-0.8568724786296329	1.7076441829887292	-4.236270903770201	2.198225569421617	-1.3034313387439076	0.6517576371769387	0.026119522385051167	2.6746531862375544	1.1101017031628064	-0.5448454959220199	-0.66017102730678	4.378018248015942	-3.5322928058962777	3.1335950187593027	-0.15327166420795987	-1.1090631451803385	2.071813442432132	-2.6260761227160745	0.36240059880716885	-2.3960949407719268	-0.13697750572438885	1.271686174226481	1.3880884213632863	0.9145251227030052	-0.614667546201588	0.954292468042105	2.0288922069836213	0.2673110107707786	-0.3203355446198758	2.2155069175134408	1.200682455793855	-0.07243267955765391	1.010240042691734	-0.37307967069704556	-0.8632831072712197	0.06902714831911293	-1.2030422214378735	0.2604987205230059	4.054372958701342	-1.479828927545876	1.4968531244781202	1.3080198625978783	-1.6610290504968261	-1.4321216734754043	1.0753982736208976	1.3212358954078727	-2.9376291105479417	1.22217556327049	1.8681305844378455	-1.369929765414998	1.7792538986088844	0.721034702611546	0.31490796836025386	0.7752667693019251	1.6222404857412929	-1.936483330860323	1.3668121108700992	-0.5373085372995737	-1.7473092832017143	-1.677163475418654	0.22507241128021943	0.18026628346848417	-0.6982494654806688	0.7513942337700878	0.29049391031593036	0.1665886009117346	1.7050917754559731	0.8632233240525528	-0.14058597016011476	-0.6271201530692733	0.1737619434721386	-0.10505683421926151	0.3836241353411118	0.006688736401004255	-0.1643332755158883	0.906825310511135	0.4300496291098522	-0.03574865073182803	-0.33466036952321776	1.3577763544359962	0.7848150785102694	0.27361548906776584	0.21052863059179305	-0.29132876562662524	0.5344833891164543
DTXSID0048717	16.509554071631662	-5.081720783015298	-8.259106384496294	7.379911177277729	1.2858661271714187	0.5487627090009727	-2.831990305574836	3.2994080937493817	-3.1445811073414607	0.029762369228002104	-3.4242209718854157	-0.904276659874014	1.7802277361743317	-0.30553587097397816	-2.9728886848017404	1.349404962393829	3.218901393577381	2.2750038549775784	-6.536976691964619	-5.830358573107439	-1.1426152025818492	0.8347460638516943	0.6593589679663981	3.206273347286335	-1.1955075297028812	-0.5433423321717801	-4.42089629588032	-2.56104168018312	-0.08910038228548736	-0.04743272390909932	1.8690255646838099	-1.3749854551750416	1.10800201157129	-3.0469837155544575	1.5530266617722426	0.26822932747524536	0.31110643399994153	1.453986501533675	-0.47604007323112263	-2.9059875278539544	1.4087971507364787	-2.347209326736152	-0.09012910439816199	-0.3496889874097444	-0.05534704348353858	1.1792164755886305	-1.5895170854494136	-0.2874623878850177	4.521210569937956	2.29831111977234	-0.4935863922688844	-2.859845056388272	-0.8341731611110385	0.7313668117995437	-0.6204069644544896	-2.3897261751199452	-2.0171616463237814	1.652339606691662	2.9012157785465376	1.8274248800314998	-2.0203489092200972	-1.5042005545596655	1.2175043764702733	-0.4933783858887841	4.540193837221672	-0.07370183535237	1.198117550265779	-2.2366985888382387	4.317443084575511	3.050838738550106	-3.540207019696962	-0.9255396434182711	-0.19744365266864508	-4.421168659754898	-1.6555812038415385	-1.092888016499223	1.2241597811544618	-2.576518933140628	-1.9782695560286028	-0.4856994659381721	-2.092400569168049	-1.2488300946571158	-0.7141344363240348	-0.5494912863179414	0.9143300668224968	-3.063674933307553	-0.8443562922419697	-2.165363413807246	0.7699754718327745	0.9704736157698992	1.8604614757925082	1.7689175382207392	0.16668886979129424	0.3246827144088744	-0.13934440989021715	1.2177874892334533	-2.216151692371406	0.8494737469956424	0.7934242163310513	0.36000116428611356
DTXSID7020558	15.190118775152392	-1.351957636467234	1.3091034004392623	-3.0778528863645724	2.8793685214597327	2.9121889719405774	3.430422991399421	5.153310586099752	-0.9122792045434898	4.429260943536763	4.48674248599039	-0.7672321254654392	-3.0042400158729343	0.6639071658682504	1.359079703709357	1.68808041386867	2.245437790760817	-6.781942434484841	1.4850422446269416	-0.6398615334838723	-1.7080602819308528	-0.9960459857097169	3.881971411422502	-1.3506296729553475	1.7260639791685986	4.41323005499799	-0.2916554284128941	-0.6171131083393393	-1.7538931782573457	-1.6783822191677114	2.1143373836466184	2.3914380347504407	0.9531325096638256	-1.2917140682864394	0.18042119008741136	0.8805398415322727	-0.4560282852610101	-1.9496663721419856	-0.008570472711914582	-0.6204961174631859	0.020074036214654013	1.9813476604665203	1.119346110552109	2.186434064247732	-0.0203188468839381	0.9336093123378604	1.354798189351362	-1.038260241606068	-1.1613669702813727	-1.632748651781482	-0.5003694736653466	0.6079490094389753	-2.0909271008876584	-1.22499751579647	0.5549889681085636	-1.6458967017380564	0.2816809811959474	-1.4981045028095326	2.779396049372402	0.5346107853499715	0.28334586679498186	2.599312367227746	-1.0704579334609459	5.659761806046586	2.3104840048389477	-2.574056901431345	0.4207564048782808	-0.7513967967515418	-1.5101323921404555	-2.02293206107484	0.3647317816755331	-0.5156176895279018	0.24002422957813488	0.4438975613266886	-1.8693500913123546	1.1052970709721632	1.327869049575906	-0.14715388955154252	-0.38302199617453453	-0.9794484623280205	1.5689679585949234	1.0144587045989952	0.3928263394118031	-1.6666991516967713	-0.03637991021733328	0.07483161243885071	0.8356600944329673	0.5029745317014662	0.9799294946995468	-0.7524402734687581	1.0339745869004169	-0.945175314664821	0.6247350351290604	0.9366664036411213	-1.4249763815676113	-2.077782876596106	2.0129114561883417	0.8030609060013231	-1.5378935016781017	-1.2221916552341512
DTXSID3046821	-5.21819272770642	5.0541851871774375	-2.352260722399628	-0.4424285490014783	-0.24055401859208653	0.9185009386620161	3.5306258056771953	0.5345204603082877	-1.4977255230353361	-0.21141391079090016	-0.8570308856229006	-0.6370355362632039	-0.1847639138701952	-0.3064765556026727	0.2722428325523126	1.596880745649416	-1.4069960774519361	-1.5442438769443325	1.731018619752895	0.5322944000370795	-2.5331112098799435	1.3643563248100996	0.7112955744860678	0.745947852926404	-0.9831980002264235	0.7031038673116904	-0.667291039437728	0.5276110732149348	-1.6870053019892601	-0.3683503695144213	-0.028854635372950313	0.8043776246504338	0.1052889041057618	-1.0466173823504032	-1.251115831403076	0.6609368871588864	0.7673239229355784	-0.23226441515572624	0.5805072916038664	-0.22048957899110072	-0.029838014087863095	-0.01785462023255974	-0.34813499669325404	0.6716496414101664	0.3953281303914024	0.030454588122880343	0.2197923333589413	-0.09614437596994327	0.44638168729257693	-0.5181210968722398	-1.2339591775914105	0.3142299770409873	0.1770269970003116	0.23734182124957032	-0.8735841634003946	-0.6947219232060895	-2.02443032985093	-1.0916023900297573	-1.4397773186188159	0.8898213426984248	0.30870242652756585	1.3287537643659961	0.5694846333188908	2.8497327669191015	1.8107328326927496	-1.401654383814711	0.510352892549945	-0.6479802591497473	-1.8586676853544655	0.07845184679210082	1.0257253094682146	-0.2772688196446996	-0.6487848871405217	-0.4921337083285793	0.331461671412016	-0.1378584631937649	-0.8706254743980907	-0.36450847584347523	0.8813272839192359	0.642967401965742	1.39185671243051	0.10964221661922208	1.151492419678268	-0.263935342005562	-0.522456756175086	-0.07860820974993474	0.10474465096607598	0.6082809715923767	-0.9564301396794125	0.6704949198402728	0.23970408963985956	0.2940538952767432	-0.45056819763055916	0.15307366615592927	-0.5118963346111035	-0.4248361090732285	0.04829046735379899	-0.020870358651679327	-0.48876765785794907	-0.7387712988175702
DTXSID7046091	11.007534726497198	-3.120721378218571	3.339681883188596	-6.894667204174653	-2.750947616153455	-0.2717862434756576	7.081730007267739	4.612881691015227	-0.5883156185519292	-2.598529178434968	-2.8486699985620616	-2.3695034988947037	3.3518075408996197	-2.7179750048115454	2.4416128999681517	2.7375759539945066	-2.097368855073966	2.2168820699813048	3.081577801047231	1.4293403594048149	-9.900078894237257	-4.7601732599285524	7.247239567768271	3.7605311281032168	6.170611043148943	-0.28747908817331225	-2.7016657227457626	0.4110935264767909	-3.50681167457977	0.267185945172034	-2.6294527540346615	5.177840834020994	-0.9970732021042465	2.8344880687870013	-0.5461093561644741	-2.0569372843247398	-2.9330150978989677	7.692007756791335	-0.24858254578934003	-3.6648719884401655	-4.568684307108482	6.435911220604525	5.803974073273802	7.786319869299014	-0.43759037842048976	-4.1609506307707536	-0.8989702363300078	-0.6098955566339528	1.9949427103924526	-0.5653124933757806	-3.8163914676477275	2.7776759679999854	0.15970409075033962	-2.0571256773806517	-0.2829417412918871	0.1612948227298287	-1.49680528888651	-2.5688620886415934	2.3846519639522823	2.945414562813716	-1.4671555715546198	0.6783796155933185	2.018663537392944	-2.0573996418785243	1.5248318240311922	0.7082870133235185	-1.2416402099513044	1.0789832256554084	-1.0632852455104533	2.9694373930416327	-0.3914234295576116	-1.3013070141337082	-2.348722909789348	0.41584569686379996	0.4679749971301241	-0.09683690170924508	-1.5213078515754443	-0.543054668477792	2.541282452210655	0.9525231436731386	0.1684702326522242	2.461489619464979	0.5643534937573604	-0.3895183061446325	-0.8524272615506153	2.260399468024551	-0.08766553402823173	-0.12813782393913437	0.6534372590527479	-1.2477040937469852	-1.584708920434186	-0.343568184842445	0.820973782855015	-0.9089890605821285	-0.19877189536443776	-1.1457154370913631	1.2187283670696125	-0.7495307567285512	-1.4363610608431874	0.14293765644183254
DTXSID9022079	-2.188798110572305	-1.6943752484970995	-0.3422834022378554	-2.1608549086740174	0.8819010216132759	-2.4624852273590654	-3.5520006511644637	-0.24085996193679735	-4.5128049650063184	3.9207709928825367	-1.3093872966882147	-1.5111360829437557	-1.2086729787221997	0.20534081642109125	-0.1835689205032093	-1.9219403887994402	-0.4019675951311218	-0.31412303357894267	-2.0792078618640835	0.5696599383688178	0.1353743668189624	-1.4608877842149806	0.04954317845454589	0.8690255046108271	-1.0667200766456468	0.09112151942258863	0.34662095589144915	-0.823966332928325	0.6848146819344356	-0.6008710604000506	0.9262224580704932	0.6481143821267049	0.4073582517690558	-0.9456106561439089	0.6416173285462184	-1.4511368905355062	-0.33316415026790397	-1.0421381522584157	0.2905619545958006	0.16779375737496208	-0.17240758216239868	0.22657010967762056	1.4838550749937294	-0.39584358037063183	0.44241232988859663	-0.4727915560760688	-0.32541917463248765	-0.7811465346103267	0.36282997255106786	-0.054387997676075335	0.8221938022079703	-0.45555381143641527	0.6305249625518483	-0.31974439023631984	1.5023177186310201	0.4678892985027909	1.238722960034376	0.06626995435161306	0.48387890686101526	1.3308988100799901	-0.2819172143782897	-0.2592145717310356	-0.04974621474596328	0.4343912110368891	3.277309554796174	-1.9521203757492271	-2.789309859892297	-1.774141488197995	2.6461323538124257	-0.3320863429598078	-1.7452761616930261	1.3149193616947012	-0.7186714552172612	-1.5272052163189402	-0.9478592121270547	-0.07086590253755515	-1.4633173397489794	-0.1827314977667906	0.43006566719096645	-0.23678464688937653	-0.7137810039174898	0.2987650612538151	0.23056721447196418	-0.8336726062275495	1.5923872796835064	-0.6031463172801413	-0.04671350000037451	-0.5714546484299639	0.07051921794821565	-0.0008292344563867403	-0.4733645100336123	-0.2606062204910885	-0.5164124154303141	-0.22542139922551072	-0.6852160487075843	0.11354808022197786	-0.18702303220656516	-0.13145733169450732	-0.010106809940400944	-0.1758049645709681
DTXSID3021641	-4.322553462153635	3.119599330754312	-2.263204936604638	1.1940040113998243	4.774258358943804	0.043795144482744575	0.4403696765641728	-1.8662618301311715	-0.3721039767039247	-3.5729765902874755	-2.858581974890794	-0.9865299471155111	-0.42952418350398863	3.8463064903025126	-0.11660469782450991	-0.22836241158946036	-0.19937940791524728	0.3727438175179649	2.861420769892219	0.4743934042348721	0.8232578689002553	-0.22610113816863475	0.05648442270039431	-1.1591243116125973	-0.14183717714119481	0.07727942366791614	-0.5371004900397102	1.0148554452007676	-0.4759642168277132	-0.45211489836620294	0.7208945358199851	-0.8621554899917552	-0.43103996264511774	-0.0987882137118827	-0.05730976355972462	1.1158957125602358	-0.08203017475773074	1.360938065284529	-0.7222545899639091	0.5334210676446071	0.2614904861119512	0.4799124408179801	-0.8131841271071504	-0.40054263599941764	-0.08135808602441172	-0.6467462400721603	0.12948341399645438	-0.7020092197571555	-0.116392683376771	-0.6891955994528401	-0.9369277402083419	-0.45458658107700295	-0.13833757530742016	-0.27696062449951464	-0.6209105652990546	0.6559950294418134	-0.030577821446500095	-0.3951871387243826	-0.8193705295321716	0.03048826834079639	-0.06373166314668947	-0.6954783769056855	0.28108551266683146	0.39643140190949244	0.21809983570591715	0.23076994356075653	-0.6974537362070398	0.07951023494784391	0.3084661570174952	-0.3801508923103183	-0.08039141527843584	-0.3879224295859997	-0.21770661869154262	-0.04132848345058883	-0.30109518857830025	0.475112470436695	0.28799260102694096	0.24802156156658062	-0.002141497633199947	-0.05537669939953332	0.02144633856754358	0.19327371559724635	0.43804839450855737	-0.05605504796943819	0.19103408723069265	0.516890426656024	0.29370108366731806	0.2019660522619818	-0.39602080996526556	0.01638556693002703	0.2013002810798533	0.10117358087377082	0.04713183696876257	0.1530128332576698	0.22246143601326887	0.01652661321289977	-0.008256967170701119	-0.27044901187883885	0.07931492833764976	0.14354174060133704
DTXSID8021484	-4.156833965304266	-1.6240233117409244	0.622581742591824	5.588655810041441	2.3161124789387304	-0.954358842609139	-0.3045843725597404	-3.2327220461154997	-2.1385689577339706	-5.681438342926752	-3.0650174250651547	-3.635272393190469	1.1606495014834035	6.996525196301517	-1.893851454865262	-1.0387948748716327	-1.0822552191631527	-1.0141496491521593	4.300695785366329	2.835394876648982	1.8897156390085028	0.09938781400305571	2.7958364190574807	0.1634819479440905	-1.4002583273257643	0.08491903734594707	-2.3889872602605853	5.680753014256302	4.002081327916957	-2.4173727066957493	0.8742486653774507	0.767801489802403	-5.146912740044218	8.185754157278298	4.721616149841429	1.3074084849118293	12.659264977861259	-2.6591294338654685	-5.631630954399252	-1.9218369589285338	-1.946740385308342	-4.670270162816839	0.31687618952602636	6.990295795377569	-2.4218052863588357	1.8519681223187503	-4.155049916397195	2.7018479077271187	2.744242689677874	-3.6993872848999563	3.8685313482896344	-0.4799854147574146	-4.523657149871963	4.833847544818437	5.735925803998017	-3.685172664325437	1.926205151446831	-1.833230194667305	-0.13325159204237746	0.14612258322348312	0.037430293267639594	2.427487904522075	2.35004624337009	-1.4348080202848579	2.4592019666615514	0.686388753076593	1.426442477126513	-1.506067827815249	-1.703231471544767	1.8361529937486325	-1.2499389760170716	0.9181778044379898	0.10805975548509188	0.11459793463923376	0.6063408938788074	1.180417770685868	-1.7897517923348192	-0.3493900653990852	0.3590733551954783	0.3269855956733259	-0.8509264305648258	-0.7890193752220442	-0.11204639377902455	0.36001544199964275	0.12667198453054776	1.5326918963926102	1.0124298756303634	-0.3969385087039478	0.4670338745768179	-0.15817725190366924	-0.8471139675868887	-0.41578441578421593	-0.23734431932699185	0.6339977134860132	-1.194133787562791	1.3851467711323142	1.1534610786565522	0.755396535076015	-0.008825931867278229	-0.4467469304776783
DTXSID4021472	-5.722527010863627	1.289182341372142	-4.834257136934039	2.2009841684936857	-1.450602537384837	0.5627181165918846	1.8071926120654755	-0.9024145858379428	1.1562969321919518	-1.4730677479884426	0.6975082456791846	0.7573800443138793	1.5477724642657795	0.4477767837127842	0.4612306926028738	-0.5580907813662018	0.07119730102151889	-1.0528594281551753	0.5439037603797705	0.15610831454784346	0.26169161859648	0.2849384164300133	0.06824359496201561	0.030943079097513995	0.1328239119921901	-0.12274140566208296	-0.032232374172103576	0.018399357875297555	0.08400339999919658	-0.5179360705329911	0.6140641606428209	0.6053777241710089	0.3983410834750822	0.4596211211200352	-0.4510869355859326	-0.38264695245580543	0.1892442004317128	0.4193791842772824	0.2750501234789924	-0.47182460871229154	-0.05425525999602884	-0.3187203364113397	-0.01925614027495018	-0.14201293890874894	0.2923133963944788	-0.14598173810658926	-0.18556981836848851	0.5428181704859956	-0.20739048438089186	0.18049587852266374	0.2947899944478005	-0.11226842532993966	-0.0005226173556608624	-0.3220788660256109	-0.3512762101609205	0.02689386998289788	-0.5030460102288442	-0.4796006015935302	0.48484877763095746	0.31582895856245163	-0.23936424028721565	0.4508827441949164	-0.02644362918787486	-0.14403183497201255	-0.518052623852796	-0.3539308255214486	-0.3144647179657194	-0.08540834163724623	-0.17087537581114737	0.23972597285435593	-0.9987818869920132	-0.3375356653864707	0.042328522007918264	-0.30965882581546034	0.5861255415575118	0.052966857863185716	-0.3343046695866389	0.3434070467224545	-0.8569264194962183	-0.19859845764569561	-0.6509118585027556	0.02827129969030681	-0.03688583804066215	0.3240175602242505	0.12749687964449616	-0.5773996852476682	0.06008922312949762	-0.7783440181345914	-0.39859208435957916	0.5543549114480875	0.11985784202593218	-0.04325378207416228	-0.5694446022432254	-0.6710197496407049	-0.07129668628746097	0.11713553735223721	-0.8138876682387479	-0.14791208234086312	0.18417797961846272	-0.06450506575026703
DTXSID3057646	-1.4002370769220656	2.0286125715116916	-2.435826672657041	1.2801439098929552	-2.6422649337028714	-3.104604379245963	0.7597346059990858	0.5083632785517113	-0.007718583358554548	-0.3032450788119113	-0.06031257604795323	0.8807700919442828	-0.7413265284568491	-1.1071997103649454	-3.7719138955153855	-1.9794321395292234	-1.535712883214928	-1.4300570986554673	0.6477552278161747	1.1321888203850385	-1.5386046904752058	1.1655969703316442	1.7747541605719637	-1.1609456277330386	0.5876221243337393	0.6357451787654064	-2.288188710059674	-0.7105141521174226	1.312085963631637	3.5324490768570183	0.03512632792584846	0.6214501914414229	0.1282980504839806	-0.14884169146211634	-0.8687738754397542	0.1875938240887856	0.16191885200206788	1.166955624047373	-0.607385781453247	-1.593149884762036	1.559409529202717	-0.8558737570068422	-1.3491396111427296	1.4644639962444883	-0.8553647862040186	1.8247811118427872	1.020618723600718	-0.04737920521520781	-0.39294660070958126	-0.7790646923062997	-1.3940304450602843	-0.37951136800145385	-0.13370060772083703	-0.010943600501098152	-1.3732894100155784	0.4895859407381448	-0.36985189235505467	-1.4907816056796035	1.0527606738468096	0.9734468297982695	-1.1138622234256348	-0.519950959141437	-0.34398423367380326	0.2214724601259113	-0.19881630342527504	0.4733154643430085	-1.2398841349381167	-1.0927399052436244	0.8041517250849433	-0.06594009974458782	0.4071141552603172	-0.535369139829474	0.6193860739859441	-0.32841052422926387	-1.7088993963887669	0.25282319013454146	0.38507272314217433	0.3487640303060322	0.129217570537509	-0.43696889078197276	0.1027283820621833	-0.28259212365954883	0.9209291245427428	0.32446203141068114	0.15387019562213686	0.0009502832741916745	0.42948522155643026	0.3790551903169155	0.6087047140555182	0.21657089072088112	0.7588430292852193	-0.5256929193512765	-0.6266914893531423	0.10056666858307414	-1.4946695864576502	0.1410238036572749	-0.01349238854973152	-0.03564643817852389	-0.33633226229438473	-0.8800223849626683
DTXSID2022381	0.04868429216601508	-0.37553037944628237	5.905788960613798	0.7471885104797505	2.36316260076168	-1.0498513164487122	0.5301630481981711	-0.9986727274723295	-1.3778072073047052	-0.4258843068560356	0.9235066437883189	-0.23890029138796548	-2.4892318655831023	-1.3847092141731208	-0.22271239303217943	0.5079147181569224	0.3902490000005715	0.4571592924717283	-1.1095601461381575	-0.6302580168093235	-0.36371883671149485	-0.5243000325433924	-0.45415548745202466	0.96431061118779	-1.1673952944341466	0.19256573337410507	-0.11438777664338859	0.5172045975254251	0.2776634054774478	0.37991258415494883	-0.3004663205767833	-0.34686619323803203	0.1522190596720202	0.5593770054059839	0.9826043087980524	-0.26373855129290696	-0.07428192101864224	-0.17719378214777692	-0.2075995466078387	-0.07953892426559853	0.0488388089022339	0.358138977878219	0.1963414848152724	-0.6139958709731279	0.19701958752533943	0.04441007529416828	0.2322425923771386	0.08306068071184562	-0.4064298526993267	0.30323647586831176	-0.0026014822498268385	-0.5071446795416569	0.3058349848756683	-0.9777248589783815	-0.30259049534575744	0.8849965133937332	0.18303043117660667	0.9137556618504726	-0.5827285690420012	-0.6833409307378395	0.1734798006133784	0.18259082989191133	-0.26538320802550713	0.43052547722655415	0.1613118938565575	0.5147910386316776	-0.33934575055871197	0.016053197518068798	-0.21369300143652753	0.0008604666649155605	-0.3897624560945023	0.5797418184589	0.3476932989740351	0.18425588229190767	-0.09273911377497375	-0.277180425639037	-0.06305849831128868	0.2542307285140315	0.18409978327367546	0.14214804070294393	-0.1785309493130611	-0.07504707081738904	0.1209942034027995	-0.4704276019261933	-0.2781841508377154	-0.06147954318496562	-0.219877924218048	0.17518745797177376	-0.0214646092900143	-0.32930813195384206	0.2627275752685361	-0.08581908296619435	-0.25547066907648586	0.06122683123515097	-0.15048445011179545	-0.216111260967511	0.3543568486504953	-0.00562181379149621	0.03174808697030307	-0.4054745183481512
DTXSID1021904	-9.23549890515227	3.685312635147638	-2.3848897552028268	1.573976170666508	0.7239915209369427	0.4490323313002127	0.4482554791368945	0.6713199009217782	0.13570346809956982	-0.4305648993234809	-0.3345616648198837	1.268089336753122	0.35948319455114636	0.7310263825894991	0.09968977287892677	-0.01537657961350035	-0.5519589768467649	-0.15892883859889095	1.220356624160671	0.011618155098755393	-0.5668974649262797	0.7048317654882024	-0.2619692277532415	0.12615606917048564	0.04045399287408281	-0.2583695328869018	0.07163881958702849	-0.5179707753274341	-0.45177005659835157	0.13352206403892344	0.02796492702126253	0.05812462744750876	0.266222021673459	-0.30873834434158376	0.0036712530831844474	0.1568080383540495	0.2767852751919497	0.33015167774353055	0.08369841138111232	-0.07224267741502993	0.013980146162046668	-0.26129748268256175	-0.10593926424660705	0.36097456617363255	0.11095007859618415	-0.5774323099701104	-0.09999255497399478	0.4756543658693909	0.13032129748473648	-0.22466839380227271	-0.09900379637047352	-0.32744713732170555	0.4305846921635218	-0.11558422750433307	-0.13737091777071722	-0.08439799283125984	-0.099819818346916	-0.7490095096291498	-0.3165208833527146	-0.06836065137491046	-0.20605598264833555	0.32943264541525047	-0.28740950880725546	-0.010778111324856038	-0.19008512702712646	-0.4924139152448081	-0.1505818129111484	0.48608835485570007	-0.05176517882950898	0.17345628394876753	-0.18963067344848847	-0.4400869327423561	-0.04356574561723029	0.13550601719238842	0.15384741503484262	0.1736125876902171	-0.3666555657814969	-0.08640359679022072	-0.5322682056368091	0.13111147520323063	0.141968935362938	-0.4299728966079818	0.35605732764529013	0.1781855449203606	-0.1757045515945921	-0.4527682436351347	-0.14920941263462273	0.534012255097233	-0.38157666171914567	-0.15517276099073474	0.19776467205590054	0.2947718541682624	-0.4739980229824985	-0.026300706676978224	-0.6653554153612709	0.29228118563342753	-0.2462718142098952	0.23088672572148455	-0.9342594816967442	0.19406478949017153
DTXSID6046634	3.898082469075555	-1.6315332302021741	-1.3512806457232758	3.7802586993673626	3.5619296703554753	0.11556197157519135	-0.6070231470483156	-1.2875472709957765	1.6707851987407671	-2.208300732799272	2.5165665724727044	-1.06385188757576	0.09083650237048221	5.071889814091183	-1.571798693539593	-0.09638075320305156	0.7361354876863445	-0.3199446343382817	0.8493613571632617	-0.8969953534933229	-0.3127483700522278	-1.7185674702985856	1.3488797028123811	-2.126017870622197	-0.15518580890738182	1.29896051876256	1.9637071871850103	1.0479740631609453	-0.13576730709381912	0.3363218113420915	1.6229295089204545	-0.4636842694396841	-0.13213825542864896	1.0884658873277404	0.14518079050509278	1.9843154641379386	-0.04860387875105737	1.0980485979334609	-0.6015500817424817	0.7835756605293407	1.0600512968788687	1.9717131837382555	0.19779234964519812	-1.7282771933243586	0.27495128766636634	-0.132748045888396	0.2675984625118253	-0.6814904734219672	-0.9521591284359955	-3.4159210220031513	-1.1577637307719864	0.5366396040956386	-0.8498713265594815	-1.9055154542210704	-1.0374088777737742	0.7165905927081819	1.8282071292017257	-1.2499252245084784	-0.8778418096621903	0.18379899909012848	-0.3552548824234641	1.312803359435067	0.6092574852090822	0.023743024740576754	1.009355392559417	0.8699064427647543	0.6271358313633666	-0.24035604386147622	-0.5870284614843839	0.02024938548168977	-1.8913637222347535	0.5532243435834069	-0.6522643776185132	-1.3985057143333326	0.7747688438480891	0.6481233692880479	0.25886454963709243	-0.9692963268315442	0.7276304374173785	-0.999839184728268	-0.4696906826899771	-0.5650678711231992	1.1305994190724338	0.3070120574630539	-0.28913838606853826	-0.24416883128450018	0.5286504093716126	-0.526253834896472	-0.08467438809392502	-0.043277943049518326	-0.16089352694097706	0.050558307914794	0.07207486650427034	-0.10424096919580937	0.29648781758906023	-0.02891058348718489	-0.4401683625616959	-0.48141075663594324	0.951999665489867	0.31191564393659443
DTXSID0047660	-4.009527480427371	5.603825770693014	-2.756130046288848	2.944670197713737	-2.287237904184747	0.3294768568504182	-0.4440903109246652	-1.5764986104938483	0.31540307565536474	-0.10405866669462467	0.3218777805175619	0.6997770892871201	3.715013271631252	1.0347680972325248	-2.072966445380273	1.2868082456223622	-0.3843693543371712	1.5965936875146622	-3.261653409856195	0.38163311406145684	-0.6333892555666568	-1.9030782552659307	-1.034417161831004	-0.8818502323436158	0.0916256400859778	-1.6786602791932832	2.011703040420068	0.7860134587347481	-0.7479287258388803	-1.2740388929592459	0.7347384278078987	0.9079891318811706	-1.7017990673234216	0.9630886134739775	-0.06471824387266019	0.2556252072281262	1.2255394222574294	-0.0008807662831683059	0.11640171013753801	3.0646249710141023	-0.16476966697800355	1.1172436061173374	-0.36228174633595756	-0.32460357674050344	-0.4019165390652696	-1.3387864968348826	-0.6350375542828812	0.0118154524189432	-1.7645985879374957	-2.3162988425076803	-1.0993226227542	2.1921852556364287	-0.3379670957862055	0.5456220867143861	-1.4205497656649415	-0.4543528804977902	1.3744838800212027	0.020502580659570165	-1.559098084135217	-0.5115753531151306	0.09847571502706189	1.0547291160192165	1.4109066856738235	0.40185393225159904	0.6507972566418129	-0.11192918601678535	-0.6663383144403063	1.0182411750686375	0.8390969354889202	-0.32240208366104606	0.07070412130272281	-1.0716209021799472	0.2731878667476877	-1.0398103665064171	1.6114829878769141	0.060892425030157675	0.7336324214127825	0.403237485867208	0.681658619842759	-0.252967910048236	-0.030576556814663435	0.14427246307315292	0.38299387192979223	-1.273528348917326	1.3861543490084658	-0.8663296249849595	0.2882388663393012	0.4395148622223718	1.2607756541965884	-0.6203996140529793	0.16912027141354824	0.36423014669312465	0.1138870698114738	-0.24064736384933952	0.6574215987438489	1.1546107277474782	-0.1649516715806073	0.23384618741084906	-0.32004416910091943	0.20569149600044398
DTXSID1021455	14.082334030387317	-10.990740142196133	-5.346472407159881	6.905229273865396	1.5142582536507188	-3.778231311443247	-6.658026729562548	2.04028463164644	2.8554420606257214	-8.792137070760942	0.6813077355656239	-0.979046521046489	2.0868544402154074	-3.6037416108951867	2.6892353608009314	0.9301908172677994	-3.518275933111641	-0.9351858879469499	5.7626479692084835	6.442332558974434	-6.723369781325111	-4.701404740574629	7.105873508247397	4.161593665462469	8.402675518474885	-3.7079765738193364	0.02366258193930173	5.269659282929965	8.420862923891216	-3.884985244442564	3.627017352536148	2.3687323160612257	-2.2033425703688243	-0.3826477094112248	4.951122474001016	-0.3435468341434347	5.856183453339926	0.6507652950787131	-2.0524753174899106	-2.9894674523726064	0.18268800471374552	-1.340068344913613	0.46665602409267865	4.107053913835368	-1.460905662921915	-1.0698488817453655	-0.5349844429400908	2.7491402703226324	2.3134051060417966	-1.948319493175146	1.6504635993352632	0.41237035829590307	-2.2154844696869653	3.147882040458999	3.6120138812969094	0.17527976464749867	3.255470178900143	-4.081217029093815	-4.111596955394613	-0.9015990725981988	1.4820895261803257	1.1204114127433673	-2.0233481643946827	-3.2193915754804814	2.7060190565558493	-1.6795676120516334	0.35640181399783233	-1.7487397687209094	-1.7236232071281063	2.7090065427902426	0.6414205304206435	-0.8579441254320248	-1.8160526305016025	1.527225041858551	0.9161569911307896	-0.15541034660354427	3.360632697009448	-5.497285079764351	-0.13728711851837921	4.366448249692448	-3.1096619468309243	-3.185000822191133	-2.223890675254141	-2.344357752124259	1.0181658793342334	2.566034222024603	-3.364647473840057	-0.8384494917457863	-0.20595619495306333	-0.4008616969359117	1.3863659261393315	0.7055274357507418	-0.7087259270571128	0.8246719312940113	0.4551932385452975	2.3066362128282956	0.08590923234111678	0.39122854291119247	0.2790330032923015	0.3268750632543899
DTXSID9044619	-5.575035710223883	3.9202468722304817	-2.3349937659265954	-0.7996051070414653	4.355773901114254	0.6053050179281197	1.1151930689303196	-0.26420438291369625	-0.4751797170755213	-1.1090556990811722	-1.46127420704641	1.328354791914473	-0.3029972224218471	-1.0212400349834017	0.40152691310490257	0.7010731028954994	1.2463954454229147	0.42110050122617393	0.635697716743802	-0.226491466567262	0.2841606698571695	-0.1168731676363331	-0.23638176712467995	-0.38512134040791474	0.17273423655721382	0.19539468065162474	-0.8795077250627901	0.5808250063715389	-0.6395134274599505	0.03207554871128732	-0.21759981949706306	-0.5064806996832932	0.10696480305083454	-0.2278104106137504	0.15378635926189294	0.6474442370089649	-0.07498611726400799	-0.13687252606058886	0.09446631524851222	0.10645208820098552	0.304346347795353	-0.008431668270658874	-0.65095260463008	0.2893607576730586	-0.03994662358586051	-0.6682531548555243	0.31541424217449177	0.031058208205076005	-0.1333742251814417	-0.11669986701516069	0.04192031628472584	-0.0794189426285455	-0.0832615372149432	0.5471806244432728	-0.05639545478570183	-0.05002296357045464	-0.47183044484383846	0.026053362777577277	-0.160866354533664	-0.09419617052675393	-0.40151369067064274	0.5321556529362423	0.09749962845158851	0.12675401964254615	0.3598045540225068	-0.546939293507126	0.3100443520398731	0.26192058147065855	-0.3596729504094002	-0.15130841787185986	0.17967466366438253	0.3839941770894303	-0.5019892062409484	-0.5429681263562172	0.5324391762217573	0.17090007102784016	0.043162454957114925	0.008418568028617223	-0.5935571563552173	0.28259897366058634	0.2710641880472084	0.18359939437893577	0.3696758470713921	0.3621689825947717	-0.24657161681011847	-0.34486664247860765	-0.23915145119977915	0.5990361545340289	-0.2704603159835897	-0.341740984862081	0.07187321351137095	-0.5604796973460422	-0.26080442479668875	0.09017004933510589	-0.5817603189747419	-0.13743185160831606	0.1861587477233753	-0.26756858901053115	0.009683295469101532	0.26708270001550083
DTXSID0047161	-2.1175430792564782	1.662818311827763	-0.19944232793194783	1.4404850868987193	-1.670534925446512	0.26784477971936027	1.3963372853946265	-0.29366134205137295	1.1159031929487409	-0.08004674841268614	3.162213192723751	0.4033011673155103	1.1460092204822825	0.4110539182038466	-0.796389069203473	-0.2796442373263892	-0.2122080108983009	-0.30535168745538055	0.492982572442417	-0.5937911236729201	-1.0052870348619845	0.3049279934106529	0.015003705933701733	-1.0490940470359373	1.1022633781099038	0.5724308176510429	1.5358841289737488	0.22244752990442015	-0.8385683959185174	0.6420184343315982	0.2573637604970488	-0.7575305732895524	0.052203764248758645	0.5728765706658774	-0.4820339705320575	0.47966112085777673	0.012714086152549849	0.645873728821267	-0.1918636224655287	1.0278186267719926	0.5303552759282784	1.3263378088876545	-0.22679794742442494	-0.19426609875853362	0.05646180108268295	0.4049919174921481	0.01973452014037469	-0.9038665301953934	-0.46402946969630243	-2.902543713654803	-0.4005189959201238	1.030093447260218	-0.8602987702195549	0.3867604723811698	0.16325049503061975	0.2901420420636456	1.1421579237181907	-0.8662182359798343	0.08321508398151434	0.45021994284465205	0.9566465553479221	2.369911276082248	0.3717944239122149	-0.19779799904801681	-0.27489965459573484	0.40259104266410556	-0.1621817802506197	-0.45149679902014916	1.0125336077522051	-1.4547532857860959	0.5974378361987601	-0.6980435983800617	0.019641144541385037	-1.2140021080626977	0.6729458417927995	0.712634492786212	0.3341351207398199	-0.8656146337638188	0.7762148874082203	-0.8564706415452469	0.09744128505130938	-0.19936222880323168	0.4377954533552091	-0.7907809754384557	0.5558363376845378	-0.19261019870596177	-0.17723596320148274	0.3261742019278697	0.21854808684502497	-0.5168780981507092	0.08213602568253064	-0.2832640585807073	-0.04089202016056658	0.3372621899887409	-0.09957015821814313	0.42380470917425167	0.2805369521070602	0.3770197952238169	-0.6668803686623945	-0.27960457955834617
DTXSID4057712	10.934651680563288	-5.069550907003954	-4.482390604055823	4.65803997659952	-4.327142120218597	-4.201767505822013	6.2113198053535505	9.276198175510793	1.0093088714803033	-6.590649237116298	-5.286401510584422	1.6642008452478103	4.076199838698592	-2.242953489114147	-3.848912550145441	3.4716128856305124	3.1378801966268384	-0.05541106927084457	-0.5487937511984403	1.146696852364307	-3.0256889490971637	3.3401167438439217	-0.07280108676122696	-3.0635112576350365	1.9960666527505446	1.1407737278268544	-2.5724361775347604	-3.491808524820069	-0.05678640133419165	-0.4776977808248614	-2.473943068934552	1.0681549796201049	1.1709382583616748	2.564366540412699	2.128723360272224	-1.8221248742628786	-4.2612792458488435	5.552419229713997	0.05285308827243896	-6.070880296544993	-4.696117722520072	3.9044192434988996	7.303711805899337	6.7922070290418555	-2.0075993815920166	-3.787008936079227	-2.454864649868632	-0.6301774263465089	2.255222371214893	-0.3657394928087417	-1.964476454753402	0.3661082567543134	1.5477805479515752	-1.4021381885215392	-1.2240599211977945	-2.999441864580856	-2.4759520192280275	-0.9823159060930984	3.6439781665281425	3.802517092847707	-3.2792016875239396	1.308765621445924	-0.03226201529160306	-2.483632445760918	0.34778861461472044	1.2819071056009848	0.9467235886787674	1.089178278324747	0.4987981746037002	2.0251061729719178	-2.0228150494216646	-0.9609565054623981	-0.6464488035356456	-4.041729218434848	-2.6166626455358073	1.131841088946628	-0.5932148719907703	-0.5867221463714505	1.4150698208829955	-0.353481391618334	-0.04979475188857524	0.12751248083703498	-1.2957454167548037	1.3644228990606317	-2.3097269869345194	-0.9640732254704454	-0.4288363404599129	-0.36438464651530844	-1.508156218881037	1.4514223584298327	1.3426101111921465	0.7213855405323615	0.3758061511658637	-1.0188039273944758	0.3420102211335625	0.47628863717467607	0.3660834706525636	0.4658307687720027	1.126248299337736	-0.2152046264088079
DTXSID0037493	-1.8174393449247788	-1.3712937318727187	-4.019992570234747	0.3107860054642388	-0.48927377686007245	-0.5266038621876951	2.937015802886773	5.734492022241074	0.9330113705316799	-3.8875981293008612	1.2864898300135856	1.9586372580168265	-0.18968116463222906	-1.2126193518598571	-0.13330478078871194	0.28365130675923506	1.4155005239679863	-0.28929251388194677	0.20924497285731453	-0.03088759740483658	0.6194400967251864	-1.7196877286509804	-0.24749511684399267	-1.3342530342605414	-1.5336193122739146	1.1665679050640436	1.945234524790841	1.763880566035407	-1.372462010932277	-0.9932594895805946	-0.11289890133616423	0.19495179672130172	-0.366667875999221	0.27422520893565777	-0.030485802783343226	-0.28643708686090014	0.28287465695348696	-0.26981845502052626	1.0225226259017417	-0.8967100904578321	-0.15796433521686534	0.1499545550872499	0.3744294952978822	-0.7092526746453741	0.2839683623797493	-0.17868137478299323	0.2054367139555473	-0.5878302518700613	0.5283866703531154	-0.02114100803307855	-0.6193729023815377	-0.3735478272909509	-1.4144494812962527	-0.031854083402377435	0.3871896253286498	-0.9638917064566791	0.24871581330982376	-0.18689605697692396	0.5737948541029412	-0.47821318417847974	0.316031860990529	0.10797019556622933	1.098974949277722	0.2988597987885034	0.41748555328277587	-0.3472882881944511	-0.5868632023207827	0.26225169752191907	0.2547108887580076	0.7076579410782131	0.06165806769926148	0.4643596591842147	0.6406382120052253	-0.4018888513388415	0.19674125520560318	-0.40235917411191546	0.6133991051050776	0.07961624661315553	-0.15213609841125494	-0.14502269452677494	0.6654541459953663	-0.20275763183951834	-0.22968175557879505	0.5068203927088746	-0.07072544825202082	-0.062064170625025956	-0.07551499180231257	0.7375316153144043	-0.05437790619181782	0.5810136668172831	0.3859183329658754	-0.27093747327708007	0.08266092085448278	-0.1515694116554218	-0.36917080047888035	-0.36126306048823037	-0.30774760767161163	-0.26844781554120284	-0.16187016674052138	0.2700909215752508
DTXSID8047135	-8.16225411437066	2.0080016257921045	0.2378137709378415	-0.5567783376277872	-0.5728567674552709	0.10647424505720351	0.11431885216397403	-0.7173570746806328	-0.4147594910852239	0.3923898345345573	-0.9729323361150263	0.8599106128600233	1.4804049394365917	-0.0823143845916942	0.4732243384728559	-1.2237509755697467	-0.9163371591623688	0.16012680696332282	0.7856286969845322	-4.239382981868046e-05	-0.190500804223999	0.23485150750924788	-1.1473492728176942	-0.03665799840933533	-0.000559281664039386	0.7041272818381211	-0.9682490955294752	0.3812452749335922	-1.030112179010341	-0.9861688716861772	2.2556045470258934	-0.26778154944610133	1.0197485105336332	-1.3896915508976424	-0.04755338995176966	0.7043499794859112	3.075895319421365	4.7677661694167135	3.7315780207604683	4.278278207192006	7.0957867866212965	-2.4749495988381462	11.783241521769838	2.159518303606143	-1.9470729865494643	5.704441540156588	-0.1417530541822903	-1.3480427934968209	-2.104729805281135	1.8794554209197276	0.90482090363595	1.6588731558570606	-1.6006619996429585	0.14211505315163714	-0.9601151097970604	0.45997632381384296	-0.5422561326568843	0.5983358146218306	0.15825624722970025	-0.8256721450114342	0.48067112585739624	-1.195629706953036	-0.7714760790404158	0.6358128640274403	-0.8036817376777813	0.2484985183782874	0.7325592884019894	-1.442308883435265	-0.14137303959858102	0.5337714509626127	0.22756990184815362	0.6654326163620297	-0.09421237168607542	0.680242644766602	0.6488478949130564	0.10889354005952881	0.6011624957272718	0.07525703585024998	-0.011595187373354627	0.07573012199022938	-1.1804740210659896	-0.2235397124010341	-0.4702754558492862	-0.49347666390968936	-0.36080806911714386	-0.1467455358297615	0.8094922499519467	0.41508809303033345	0.8221857968720809	-0.42090273349916213	-0.2582712124944683	-0.21370331367499212	-0.14861613863263198	0.5277591420907382	0.40564578754227665	0.3372976572248421	0.707925663757206	-0.27384567451337627	0.20320597343559257	-0.8634527322199731
DTXSID5037571	-1.3644836843685153	-2.0233870405849395	-3.2086515286219055	3.3384770504794856	0.0858716468361475	-0.5271993713958949	-1.6705339357430964	-1.4190071332548948	8.873180668415094	3.112498491669524	-4.275024450932822	-4.350172199869465	-0.534025025025718	-4.3124796453600025	-0.6144948332598082	2.6682759434768033	-1.9590649361022516	-0.24598221078464697	2.911690349954271	-0.23633990800657814	0.6218039067284707	-1.9821711496673498	0.4096871286774628	-0.42717318610122523	-0.678853875250592	0.2782946014742624	0.15438917901408794	-0.8755230347618403	-0.9307630121357638	-1.304113433286266	-0.2879496995681103	0.08174307872735895	0.6826273671435505	1.6763872495803465	-0.6598972157459557	-1.8741483702223758	0.23156083125963664	-0.30719625459185984	0.17645660116118622	0.2799461381678434	-0.7705331908652451	-0.8700436506009145	-0.2470974982126234	-0.6749522749650155	-0.5755175857571659	-0.1949865047892736	-0.7664734360170576	-0.13980550392599697	-1.5456845365910374	0.44291475680438375	0.5070969179160222	0.024213008024444628	-0.6103703641350195	-0.33721250799694236	-0.23686387094919417	-0.5038487264552259	-0.003316927486813667	0.3411881161825585	0.3660350786369091	0.4258752310397837	-0.27089442684595993	0.055566905204971664	-0.06253511891185942	1.1722058009220562	0.45648808162356913	0.970137416372522	0.6448350618334004	-0.792021713765751	1.0690637641862903	-0.4312800277216851	-0.44381440922857646	0.21589269430400138	0.7262668383164569	-0.11691042347660204	0.23691180754584348	-0.12616357617917978	-0.6496668849995452	0.1630823283372001	0.06182457322717173	-0.6642982600454582	-0.47134049886258406	-0.2574481081808407	0.49577722694068865	-0.40581330502730034	-0.42406535984040855	0.40808089620375904	-0.026616352875418324	0.331862609385735	-0.17147976101215065	0.00531810499350322	-0.040542973219380204	0.11680777276459368	-0.023363468751036363	0.311149848140562	-0.10357807068091737	-0.18988057296791988	-0.022654037704245327	-0.01984567449646546	0.08707617146063247	-0.04055018186319474
DTXSID3026516	-2.6785569322456944	3.6891646984267576	-2.847689369827584	1.8208465101335984	-1.9204449870959481	1.5534056677189667	2.362578323127013	-3.785415030749104	0.019852114440816717	1.1209301464597943	2.2412119534568484	0.1369290497359398	1.5109230097291815	2.085370238617256	-1.2278324509855973	2.527697298901591	-1.5283753327326075	0.716374356987034	0.15275534867806934	5.496171229491806	-3.1603021092643164	2.2720900964623962	1.1703872811321265	-3.1491237991387684	2.5680940438897286	-2.274224545864092	-1.7163612802530839	-0.6601619218133666	0.18472030997735062	-1.7836511373510762	-0.49000281360020503	-4.591782135383494	-4.083528051823951	-2.6398176672330167	2.524890003154763	-4.905906179827383	1.2228312660314957	-0.2522157928278524	8.324361548706399	3.1102647909738304	-8.58662179838938	3.1767967134390878	-2.5155585053553438	1.1293836068779757	2.5696478360962587	8.464720589332368	1.237690327354772	-1.5814026415916682	-1.9827622061975125	2.1575099485257216	0.7577075328496059	-2.371168767607796	-1.9716801919866669	-2.2297342187836318	-0.5888851241950127	-3.1713248885613696	3.034948084737181	-0.39558649978368704	-0.17141694631893858	-0.7647723892091587	-0.42856181831703244	-2.8434043750849534	1.7000881809675623	-0.3452357329225075	1.5263772198845738	-0.7111205090328526	0.1009859791789632	1.2077812455111752	-1.3440828026010336	3.217388318098444	-1.5604037125575971	-0.09511352863064294	-2.723796222394774	-2.064004378353255	-0.6742621413979704	1.8427631989706879	-0.5588924211182286	-0.05422954834115727	-1.3666621603022784	-0.3326694861458225	-1.2090468868488315	-0.5864618458755904	0.6840593581282918	1.466067669496858	0.7893185750986148	0.35404436968228775	-0.2754438705236601	0.6224702460491053	-0.09126391314259806	0.20472757115270063	0.507775473424601	0.28416383003488	0.3287172933945045	0.07821536017368196	-0.0954982764247844	0.06729404359445906	0.11635140758931975	-0.2988462805049137	0.6665751464390884	-0.5265169198905224
DTXSID0032578	3.3531934272576813	-2.1554943901472	-7.590074824304268	-0.013430175894375276	1.4460358434868554	1.808923355510373	1.5674729623643437	0.11915806112100959	0.42563867442372627	-1.7307535148331845	0.37176779776670216	-1.2675653779145128	1.9994913081836136	0.45896119149655323	0.12313824151350097	-1.906218575107223	-2.2290469190388134	-2.1062958509950525	-4.5939200546471275	-4.916362987609867	2.4276396866174808	-2.387245315166071	-3.041122301216193	0.15656096980416537	3.242186957844297	1.145331609604797	-7.844348780493503	0.5815307606141809	5.817841200292211	-2.223454581417348	3.1102073004898103	-0.5531643412802424	1.2364397640431504	4.829601251077741	-5.33594393836898	0.9855695647370021	-3.4440456760363323	-6.133896320166479	4.459851926940932	0.5158567490327691	-2.9258604566440165	0.008366595434648866	3.013315957241076	0.6644512779793035	-3.6732470614007124	-0.5426161898224037	0.25549209269903883	4.587293853879931	-0.3784829998272624	2.8707293880146016	-2.4974317985738756	-2.646753177915513	0.3940190831392897	-0.47305431122326286	2.1439937003435356	1.3751520000497837	2.54311544280662	-0.044835508594632326	-2.1909088499135074	-0.574894462783862	0.22793164838000698	-1.2072524577180335	-1.888516593542279	-0.18043006345937035	1.508137975814944	1.3644450241082913	-0.7024822471369853	-0.7329303922468949	-0.036119277361272795	-1.7121353223459301	-0.6902406555524944	-0.27006132886229567	-0.6272643629624217	0.39664971733690635	0.8392403238806918	-0.7908914246956001	-1.0229761546359641	-0.3741485522464047	0.9935683794542145	0.008404730072140447	-0.9228362044203722	1.6892431163919954	-0.0052906371219457226	-0.6133262472352992	-0.024331198848269172	1.6692227090912308	0.4814708336826054	-1.7699459045598358	0.15601257892192155	-0.15602357923673915	-0.8379761263081371	0.3631635198957908	-0.10514742269999262	-1.5805591406465342	0.22449526790006782	-0.14111158973586133	0.09816723176233444	0.25810630791402694	-0.08575375225959535	-1.0258107064805593
DTXSID7024299	5.521199531831717	0.7093100078356029	-3.0918897800154794	-1.7612442655725085	-3.6576628788314323	5.385447801344964	2.1514587533939498	-1.6594384975760212	-3.9561646472064744	-0.8775249757821507	-1.3225957837032905	-3.3973293900107526	-1.4091476673780816	-1.087257693295928	-0.020402993303982916	0.977328055942692	-0.39792999938757573	0.03829770324588468	0.0960878054314518	-1.0668830745564615	-0.26777854393945116	-0.5630512840575007	-1.6113727916081237	-0.010585466612743661	0.3183986463764559	-0.5946253309557986	-1.3705003835956895	-0.3327726863182415	2.0356826005514113	0.27460927557392173	0.10918928379136553	-1.5689460411977219	-0.7261700656695462	-0.8203024343856161	0.5561366831022305	-0.09242932461979368	-0.8280497471957179	-0.37980899102595506	0.49375989618877275	-0.8216635474950719	0.8932138428768268	-0.8068574317375728	0.6467971826278724	-0.33929051275836997	-0.45297973602497194	-2.4045937458483784	-0.8596136161993058	-0.01855414224073513	-0.32904006189804735	1.587638926638031	0.7689695853184942	-1.0449824927201339	-0.80072521639684	0.4504144419760986	-0.14370015471909156	-0.0867070844175432	2.054995768273202	-0.5902613518589471	-0.4790583913036659	1.222908405399957	-0.6559285404191407	0.09054261525313562	0.2340290655324266	-0.9314402878648873	-1.2984059692231282	0.5881301507527795	1.2301906391460216	0.1764529267640012	-1.3669363737941789	-2.3086600586109034	0.3643003509704532	0.4265431087363085	-0.9028438455826485	-0.11630519448225116	-1.3164298734890898	-0.30987523575211917	-0.29334085408841576	-0.9066152044512	-0.155700002432907	0.34295083187843395	1.8359942584994124	-1.049880046135756	0.0017740604755439062	-0.5839753781008591	0.9183053856769596	-0.010370265083111424	1.4244818712641922	0.2081606800214292	0.7932472622265828	-0.34003087584918124	0.32510838168045625	0.8232889856213916	-0.045710437449686045	0.18319934404780083	0.8211681850382861	0.08618723923507991	0.23987175256753449	-0.2757761426616691	0.5253122803428126	-0.7086339853765137
DTXSID2020688	-4.619966868908807	-0.5630563396241883	-3.126415710025946	-3.756025175442124	-0.8400620139907321	-2.582865191145491	-4.5917871959718815	-1.9451247201328747	-4.192586790502011	4.982526474658657	-2.130800843349286	0.14179835685020284	-0.22314987124174598	2.7978983854828687	-1.0994477596660401	-0.12371423039264427	0.7443563191315921	0.9768803871879249	-0.4193360680676778	0.8745833849004526	0.17370359051204567	-0.8711456685975663	-0.5489948648810964	-0.2642561412849498	-0.7226781453809885	0.8608142931531454	0.1052032138868287	-1.0490526135717377	-0.2523895640308197	0.33154066009543115	1.5160657068806984	2.1728012640622154	-0.8527754312921537	-1.0419849341065353	0.0535992151731587	0.42748328892934645	-0.382563242093952	-0.4525082948016829	0.27583957958152316	0.3506817993434481	-0.30812401325154276	1.0478156916729955	0.6275223111119904	-0.22998839834471382	0.1557768567708681	-0.5074633861738277	0.15603986056966612	-0.09787825630182463	0.11091555392300914	-0.700840232631936	0.7572009038413036	-1.33435456419361	-0.6746554461019748	0.5141231681834482	2.411222797433242	-1.1186350619313605	-0.2593509380157459	0.27078386927284454	-0.1472303067438189	0.2766340377063784	1.3427015719078415	-1.0713104634411528	-0.4485954736157689	-0.656482907912412	0.6661042439624084	-0.3837383981832026	1.139631358486102	1.0321893273067089	0.42270210114212986	-0.5938119165332901	1.0262968364944685	-0.2777269658715472	-0.09474869860346986	-1.3575896929353322	-1.2838168309954339	-1.0137325285967314	-1.2017067257587464	-1.5837504952061348	0.7791967120779854	-0.56661251599991	-1.1504882631877937	-0.09598756547289596	-0.03989228864115205	1.2399216707156646	0.4701190379204587	0.13705707501942396	-0.7977050186937535	0.44737030025903507	0.5890879194125741	0.4047602253008771	-0.10693949970894473	-0.17114345728089608	0.03727394270859355	-0.8899572676680241	0.7305897947992548	-0.7267451318404398	0.7275075121082202	-0.33169883077508194	0.6355351657496267	0.44234177612609815
DTXSID0049078	3.247907759281711	-1.1440960257451127	3.2070688296540024	-0.7847747566383262	0.9101377492639209	0.6164753302355542	-1.2633500889624314	-0.9893109628108689	-0.032597409137599585	-2.8076114515740316	-2.019380495333239	-2.622248391350709	0.9321444546354526	4.013949971147164	-0.06509312179655469	-3.2637437232468653	-2.096948321988285	-1.040327576326132	1.6831535580499284	-0.3421419637004976	0.9776279787661616	-1.015076665649025	-0.8176060471314902	-0.16374349984736508	0.91134466394985	1.3688856381844952	-1.599819712065944	0.8365695661510685	1.1796747413054174	0.8269175643735405	1.2811378345334967	-0.5100708798326674	-0.7523296697476838	-0.7013648087418443	-1.267517603329254	0.3567447380171218	1.400372217289268	-0.3070742022707728	0.3917079273560425	-0.34505113569357015	-0.0722050584559971	-0.47887853734855457	-0.38049794410476023	-0.44892867714495116	-0.1332214948602576	-1.1953564297173294	0.9921425208606605	-2.053039512689457	-0.5538708340323937	1.0837282780719315	-0.5020028102690409	-0.8168555176279539	0.2541361020195984	-0.5886284337424239	-0.9924816250635338	0.4591377611833991	1.1552680572342695	1.044954244286544	-0.02736118451921264	2.35583764284306	0.37861029161139503	-0.9978933556038954	0.18474693719709598	0.2990444978932605	-0.007096086175151412	1.269358608657393	0.21611085039754346	-0.6066323982655741	-0.8406420310820193	-0.9247071235748983	-0.8688518740156349	-0.20308090814978205	-1.1344111124080505	-0.011878032310386104	-0.14408752744321507	-0.120344207418978	0.7467811283590367	-0.4516712851500388	0.11432166034470889	0.16978348180836358	0.41129922045896705	0.5540095769190178	1.0866558972340705	-1.0749040342622924	-0.032123485604592834	0.06285008640817463	0.1180391260095089	-0.07364847441461377	0.0975075946002493	-0.9820710704380575	-0.6718953102136094	1.0497976117311072	0.8667530508986375	0.19380163990945984	0.19482981449572068	-0.3346011891796821	0.4852309395512522	0.03120185186912401	-0.2900524776561229	0.3168962849260241
DTXSID8049256	-3.270055993404646	-1.2908413477560376	5.2060618499096565	-2.2992722658786358	-1.4434575270732108	-0.326808187495789	-0.06483566688409416	-1.2232924990215523	0.008039540726127612	0.5568758299686885	-2.2387425779757693	1.2595914711881189	2.562628847884051	0.0018798546782563888	2.880095833502737	0.5630067957948385	-2.173398329403202	-0.5939345352588955	-1.9510675280353524	-1.0245156197592822	0.6669471905548877	0.9986041257220855	1.946461890106969	-2.9650220159825875	0.816188476746428	-1.270936468186687	-0.27019543000909163	1.3286064534917712	-0.18382669496417162	-0.5594515116078183	-0.46529415389821066	0.013490936367069616	-0.07763201027918425	0.3426497078669015	-0.0620764198484873	1.2885100506433047	-0.23009129241215945	0.747879076708661	-0.7477493546979875	-0.7620209481269359	0.06581800826655791	-0.9911618554309443	-0.18562305873373888	-1.4161325216850476	0.37959740787956375	0.10410553710046076	-0.2987875010435332	-1.057320237250959	-0.12342554483994145	0.6308497863038123	0.8419408185638194	-1.474672971831611	-0.8594596421958108	0.3489004577924503	-1.2681816875355343	-0.4558539474738911	0.3535027199399463	-1.0614600039256428	0.646249499032312	0.04344520866486345	0.06986278364918616	0.0543659931825868	0.31826170415004995	0.5694188530820334	-0.4305149803513292	0.06586877654152745	0.35977147187460506	-0.7206531824694606	0.11225691097336399	0.45375665421154776	0.03886312113990716	-0.1347869881864605	0.2772743079584052	-0.08017444322708576	0.5497841154246971	-0.40383709228077125	0.44969202895888544	-0.48563990874111734	0.058530579539429695	0.2185114067561054	-0.14584807138845687	-0.0035868490567220975	-0.4528394548884622	0.013881346193774005	0.589825192592589	-0.03210613359089288	0.2900804197745978	0.14811648413105932	-0.20779566791173004	-1.0573596114588608	-0.0583240805020589	0.1786101852383681	0.49664541258529954	-0.3402844596324159	-0.04491843291468774	-0.20178200916508135	-0.17912018201548857	0.09627854752685534	-0.22405299886467275	-0.10496717529835208
DTXSID8024442	-9.748265604626141	2.754361695971743	-2.6812267213198195	0.21126822060603795	-0.75295827069088	-0.6234566451206685	0.1881197069963834	-1.1161809472408677	-0.4546521987768856	0.6448122661601107	-0.4949347828562258	0.5133694464640611	1.7432147007696213	0.721677176512191	0.9242857308436728	-1.0683863697131661	-0.7190984247837284	-0.4474923452931565	1.1374081362544852	0.10460539552697347	-0.3890643093169101	0.3572908427103935	-0.7781137444462914	0.4783644577883417	0.05854582257355131	0.6192209976251302	0.1757072121262279	-0.6717640396663379	-0.3576198635751277	0.6801533725994362	1.0155449477753045	0.831653475071942	-0.04984888380163956	-0.17630554560083525	-0.1730980903460554	-0.12838828664920404	0.585272139274981	0.13702003537420282	0.24211849227300558	-0.39272636719593323	-0.36079816783273366	-0.04967154571244612	0.06117696908818639	0.24395138211040895	0.25572981802071376	-0.26263891885125623	0.4691020693786899	0.33988434001681533	-0.0986248375938901	-0.6508209581173023	0.24881816152885067	-0.6268979231397107	0.013384498148418229	-0.4468373130142435	-0.23701014935047207	-0.19935347098643733	-0.4178350326636621	-0.44441203989694456	0.18237307122718652	0.48718217161417476	0.40716592581789324	-0.1709131738157427	-0.03868671397887053	0.13147687617343184	0.1986009800237928	-1.0370856934886996	-0.9798860262639622	0.06425625355935165	0.6764326260830844	0.15969662931879305	0.01939566932553621	-0.32156217776918294	0.3365212039298262	0.15962494291689422	-0.1502159163474046	0.10143496530475912	-0.07862141345273646	0.3533387746449499	-0.3490506342018451	-0.2461658183097946	-0.1869638625777469	-0.6004305148905082	-0.30663446436988906	-0.2478041684921156	-0.057814497465865505	-0.7184672312671438	0.2593726897166991	-0.18478992661623858	0.13150879743150914	0.3572810388189978	-0.002512473012184195	-0.1456825277705035	-0.46522541603402806	0.15725160977887165	0.019787438430892094	-0.004524756841394122	-0.29632618167768626	0.34547470113625933	0.1362549446230463	0.013731422514840105
DTXSID2022753	12.07526030677027	-4.710214865802874	-7.373221908852811	0.8906049022793187	-2.966725023595206	-3.496170840355773	7.619671903440407	5.45742253814017	-0.5498290485488802	-7.964816319228746	-3.4898143808601545	-5.086285095038407	1.403465005746547	2.3567196004795457	-2.381227896333974	-0.8551178975135438	-2.3252921203901566	-2.4535370891200063	0.8375408780835982	-0.35062707962381967	-0.3047169871070159	-2.079228626265738	-2.2650118954691143	-3.3063152027674128	1.6367788174536047	0.8599814632092025	-4.323466849632282	-2.182750173425982	3.2240515939341754	-2.9100414204705363	1.486867562206636	-1.7170764113483872	-1.407997669153662	-0.22287920743744624	-2.630394154289232	-0.45656572036171883	1.2422992092620009	-1.606673477333594	0.7721491700839314	-1.5188090524229743	-1.2271956307755079	1.1718483170861538	1.5146560626086167	-1.0428491811910756	-1.4840262557874722	-1.4601723305299454	0.9240397007457876	-2.133116923768517	-0.9264926137778593	1.043847624894818	0.2755150751028066	1.7188222727790101	0.7112046368047592	0.836450946150738	-0.5820927123850864	1.6802785613299858	2.6919086724223535	1.3622541089710054	-0.0729832478096505	4.202925632727952	-0.44904543644203715	-0.38649130998622494	-1.0366628292964852	-1.1370338218670544	-1.5252862031171548	-1.1972123853982366	0.3866991353559531	-0.640390999340465	-1.6617225599736194	-2.493469877006665	1.7600494419363872	0.4501208625259912	-2.1423885025609146	-0.05324429517342957	-1.3320519077664645	0.12226395096079236	-2.015565445304929	1.7600089450359704	-0.8118523675699584	-2.1824642672624934	-1.1080469025946726	-0.15851997837232523	-1.8763302541763909	-0.9764134937445871	0.39048017738844154	0.31136495919123125	0.43510464124333215	-0.5700974794350235	0.7923000342401667	0.4247916558121158	1.9404586105562127	0.2094651365685525	-1.343603318380431	0.5452939553745563	0.3009592203562111	-0.8377946021018179	1.1588392551177011	-0.4556329751024872	1.4353067553693442	-2.450320627338508
DTXSID6046890	16.042481411404626	-6.010718043726877	-4.661407830277356	1.038093832525764	1.320109164633637	0.9410645078370874	2.0458782231323824	9.95741232809721	1.8450804252054487	-4.842125191993498	-0.8712423942787907	0.25342687972503825	-0.714394805337674	0.5418564370044205	-4.871435769082007	2.74910081391893	1.6203454579532706	2.45556090468472	-2.191058557603796	-1.219595758501608	0.45904378516005095	0.2731534130165074	-1.3344025794377286	1.3504988737919759	0.01370447663046011	-2.4354679860669406	-0.3704676785072436	1.1791237443437577	1.3817968921903818	0.5457608589162205	-0.8692834040752075	-1.5227775971215756	2.4037233612506337	1.7346592955150013	0.3410866190203157	-0.1531055774057477	-2.2629180710915895	-3.166270000729929	-1.521835846581144	-0.41035967669461976	-0.640006672481817	-0.4824771330041231	0.8328711763098431	0.9550728418025075	-0.92920432704299	2.603472935111385	-0.5620954051800603	0.39043876506910424	-0.14939129891668337	-0.4532138910196455	0.9790364597723957	1.917785516867254	1.1148114410769363	-1.7844893473313705	-0.5918195599577867	0.07407283539722871	-3.231163551422934	1.282643323592285	2.3835481411826254	1.751505459913712	0.9909590493475509	-2.9225364891429653	-1.6017544338617766	-2.205795825556121	-0.5879385459619634	-0.1468740405943274	-1.5273696343110819	-0.09168966520646751	-0.36071670704952497	2.136523379150718	-1.2133530397410648	-0.7518144912945365	0.008028645915136972	0.6800557023079319	-1.8333582552307477	-0.8659003290789153	-2.8567906133910013	0.9211169174176976	-0.7690619447318008	-1.9100024573385945	-3.4063950701552295	-0.3108536985244217	-1.094868020644304	-0.35533308774710154	0.20607550917726306	-2.7466265371150795	-0.16575710268155627	-2.098557794972027	2.1546605549699356	-0.661985185969285	2.735056366062968	1.869740967466542	-1.1143105575070789	-1.0239346729703755	1.1548026227125758	-0.6344260475962396	-0.16187733333374218	0.5544703157147236	2.4779458698434724	0.04103075787509026
DTXSID5026120	-1.957381642690633	-0.6113931489859183	5.277255488939687	0.06331858356771376	1.0534625606477086	5.486528216563583	-2.738431876127183	5.6063343807348005	0.5877706177721179	0.24707301953297708	-0.975639783424418	2.879456474275603	-2.227964241932732	1.0903171954537973	-1.2894342070692777	-1.115293340254277	-2.6881027172965775	1.3143272899595964	-0.545153414402792	-0.20273584384283438	-1.0378133398463258	-0.5301903670883191	-0.6425382697286253	0.728053967476431	-0.21554376390091629	-0.5117307345604818	1.0032720528903873	-1.0153387845782798	0.7415770064871129	-2.3301326076976396	-0.44760673243388005	-1.1199736877710578	-0.2214010446773547	0.1460698367137264	-0.699099283502839	0.6224015646219143	-1.8082391731240939	-0.8997660241977937	-1.8548955300345233	0.651348146921814	-0.6806937461532714	-1.1870590022791776	0.21641070839158427	1.165919928422818	0.8098064078124779	1.746225136206402	-0.5245684159425404	-0.8197490076472729	0.3714894000056138	0.19476130849088408	0.7971817263311247	2.076289723526632	0.1674362737132343	0.2537232896521706	-0.17051420418691743	-0.4664576846489054	-0.04331260782725007	0.405438521284558	1.115588806924522	0.2318631984630131	0.2540677837090664	-0.35473258013173403	-0.8574377114813112	-0.6567892241910919	0.12720733689867916	0.2572723805669059	0.2589897121714363	0.4887406600808844	0.18375730536327017	-0.2786885358733973	-0.3116762148854772	-0.44918340765452364	-0.9123705338792417	-0.7172870179474347	0.4011757188460392	0.17937648203751894	-0.6168715876218516	-0.599803093688155	1.0259567593399954	0.5580600909318006	0.45300916647411027	0.3537295256782612	-0.4348304563456838	0.13763433382597062	-0.08838568452608443	0.008361271870053822	-0.05321123185264613	-0.31785770072489355	-0.09959545580282016	0.31301801373751736	-0.07314968017396965	0.23974859805179397	-0.08303376832753713	0.26728869146880746	-0.2315184794308506	0.5922376153742446	0.5742997903665072	-0.30455073707248	-0.5291201724672785	0.31708704634442947
DTXSID1021798	-6.523108095222593	0.0685157266017829	1.3806303654997882	-1.5448525073678814	-2.0371337035242805	-0.857088032954564	1.9429145194384574	0.3022647463960715	0.12516963857042226	-0.28806913589164485	-1.43032310306239	-0.29934906588058474	3.1452452946536362	-0.48882860271921086	-0.4281772582274912	0.14036837891708662	-0.2746031924793014	0.31816935517551614	0.5042279617931361	0.19029820758842078	0.47587171166738484	-0.001126502887732397	-1.296853774497765	-1.975271417147826	2.3208026925330003	1.4006392189814054	1.2694034685997413	-0.2800558424927009	-0.7656816261078168	-0.6623467409252768	-0.7338290500413606	0.7404898335410961	-0.6825264102181009	-1.2369201148141604	-0.6076769353756766	0.5133624788695983	0.4986906867891646	1.7949928922279506	-1.153191531183499	0.19828310467732072	1.1453780453478168	0.4971411712167223	-2.329800278914914	1.716098228080479	-0.56817370693374	1.264208813080697	-1.5231400259304828	3.131879957068418	1.381838800464411	1.1376938517199602	0.6178014763464847	-0.2505417984336174	-1.5109785933231605	-2.017712437212044	-0.906914265069728	1.4782674965597578	0.8075605886085306	0.5160054884666607	-0.9146893345575118	1.0826017983908478	-0.8872186447970764	0.012714857331776104	0.4376890381785479	0.6105918946772599	0.13786873675699804	-0.3335871816468295	-0.7528066968417535	0.194639953636502	0.10501497454780509	0.9538440029562834	0.22020929218946073	0.7970843812822853	-0.5684751913714906	0.29182359603544455	-0.2037862920574037	-0.37225720173459353	-0.817572181710774	0.0963344174153014	0.5870606369000613	0.0766226309317066	-0.4680721936302031	0.09507000921775478	0.011598971269762493	-0.21053572381769176	-0.0029501609397221936	0.33334365534142235	-0.016534461914464543	0.27551659495040315	0.4624979673625178	-0.8248537989319781	-0.12101550987490291	0.0956288806560257	0.09596540327705623	-0.010612941114043435	-0.15003491006477482	-0.3090247792507918	0.05459428525683866	-0.6110770910089673	-0.10195636407192242	0.2850320091407522
DTXSID5048972	21.1782189177715	-10.758166126366753	-10.887201034422757	16.691808689391042	10.550761284333221	4.137289678379518	-3.3511961190782285	1.9821148816515735	-4.040080413335301	-15.936582362742461	-6.6227858521738705	-10.628538615965743	1.17489769864504	16.666334833761294	-1.9518807377303395	-1.2712342244238417	-3.4376846973102975	0.05767004891658146	3.658720884795231	0.27686102364327797	2.708060649668332	-4.767211135720044	0.48559934453464054	-3.7301800465526957	-2.431302015039599	-4.03553667651711	-0.42514316900318844	1.0289246802758942	-1.7708232464693903	-3.5452608536244785	0.4919421285981968	-0.8695175362396762	-1.8710499723888747	-0.2611914421225991	-1.1819858465185311	1.6247795585500922	0.8433511242033097	1.8717274874668446	-0.1620799041735148	2.0382201071930677	0.34219464727925825	3.430541075213035	-0.714754943741114	-1.740641106815766	-1.1415402647484203	-2.50731872446284	-1.5521410857338447	-3.0666919699587876	2.0659215535993005	2.625857767933878	-3.1647687938611626	1.2564692424242057	-1.8459795756630561	0.09711784044059779	-2.618947565190868	0.684518455820384	-1.5255924057812302	0.5718221056025892	-2.403855163909182	-1.8382454010944518	-0.3219437009184102	-4.486501601949194	-0.8545370643819525	0.04455485133925069	-1.60038312465505	-0.8283462089734633	0.037602022387126864	0.33084502264097604	4.238935911936753	-0.11417440750377754	1.7527616108016175	-0.7195518010585803	-4.119716892583318	-1.6822252098244967	1.6080098922473787	0.23455287542141218	-1.538260417088924	0.23208520662414725	-2.391709485810461	-1.2143293127821426	-0.26312749411784836	-0.9282870580040677	-2.454434000163546	-0.605733867631799	0.566859982958347	-1.8627687405769746	-1.3144281035052354	0.08552910348926064	-0.4601056157331274	-0.6413319771901206	0.6903534371679474	0.08403623538162174	-0.18644114088226885	2.3394099700114084	-2.297313569500868	-0.7554023366304348	0.10042112705993697	1.6646941464439937	2.2701410997795426	-0.05164975155056136
DTXSID5057759	3.1523314684581343	-2.581051542030815	1.2809222651725412	-2.143025115156668	2.7152022977657584	1.8274115226358036	1.7718543578242392	-1.0561784847311622	2.22371512654677	-0.5933670972933256	1.6898470212425847	0.7131171663493122	3.3760197293569005	0.936593553677157	-0.5763107863543441	-1.3710178351798932	0.5298733891630615	-0.8440568521065572	-1.3643721706110734	-1.4520203500700932	-0.8846021440472994	0.05625980799232173	-0.27448254552528606	0.929184333040576	-0.09345337892043086	-0.7565581479698172	0.17204049922920658	-0.9643444185732559	-1.5959837277602325	0.3408582323899771	-1.2797257121892351	0.30320420822016936	0.035894424131693824	1.896654714012149	0.046952418077567566	-1.5319557237695565	0.263916981284559	1.1885925851428514	0.8177840584406832	-0.38741422881580445	1.558586551878041	0.3413994956229973	-1.0604792796796667	-1.5358467962319688	1.303954583173872	0.7239397425838491	-0.8199933814009001	0.3554896399722369	-0.46899680926787424	0.34241510182634466	1.3139626674472793	-1.479745436414281	-1.2461355693214826	2.8036317227482486	-0.32643772963801987	-0.43638483133987177	-0.7132184382221786	1.1980503743081987	-0.9424467690688224	-1.6941669403892854	1.0392773004019336	0.06437616439737609	-0.10866966518217869	-0.9109451320332644	-0.19380907647684906	1.1848306394005212	-0.9722276203329301	0.30481548509962675	-2.1809374816755	-0.5019909886117023	-0.4798915418893833	1.366755212691104	0.16150905982166616	0.07438846671842171	-0.961638964730267	-0.1335957170360518	0.2227090594659875	0.08320795912133291	-0.02220025623306231	0.295497190427476	-0.5158855055194236	0.6274013721730318	0.07818067541052365	-0.6680089923341556	-0.3717152217547751	-0.5178269220157069	-0.5135857510141972	1.2152564788175702	0.21669228283136271	-0.9343287923783403	-0.3858500846988252	-0.22017209276978206	-0.6308193696807303	-0.29495203386580693	0.5161477356013078	-0.29049891362058955	0.2328644884208558	0.3187863039727614	-0.3728479592099592	0.2702737915075731
DTXSID4023626	1.7000967514416807	-0.9398678313431195	-2.9981829723545617	0.9963229566110074	-2.337991994216456	1.7118350803977238	0.09333925635770983	2.653253511974554	-0.1705763565880052	-4.092829824671988	-1.323018929214546	-0.35888984405769686	-6.593681565809696	-6.943960975676036	-6.0229835730251535	-6.683508447012547	-5.190693161311783	4.109591366947231	0.7761665876555225	-0.6568675222773775	3.401278396559268	11.790692415153506	8.037567326906078	-2.430209418361807	4.587270533742414	-2.666909688308186	2.40233519586329	-2.9996424628872793	-5.196129961525278	-1.227367271422596	4.833607630181	6.231440413017726	-4.8131524500209615	0.7862311800033723	0.16357339156283754	1.173511147854761	2.6561362591452666	-1.2434204407153455	4.13229755595465	2.308602294189898	-1.2955322646882677	2.787197637330303	-0.121578996173414	-1.4008803503895673	-0.7678048013210306	-3.372029178356157	-1.345512651268229	0.6691391229913741	-2.7468941754964704	-0.7426930699332439	1.4944581916079287	-0.7853625363551616	-1.8547698064755327	2.6898421391880105	0.7865261396355036	-0.5324946776165242	1.2966010061150932	1.3646718148271944	-5.00465481387766	-2.205460830582637	5.887814004381084	5.596793357009764	1.836971649976414	1.4175167167523883	3.964470854168793	3.123471018564573	-0.4152051940088307	-4.6546466689324015	5.070688222786923	-1.0803355307146274	-2.9233883167236456	-4.0559610668390285	-10.534768561045128	9.443185548061837	-5.8658613899606795	-6.382501050571327	4.1266976098692	6.880330623232448	2.2322147789783986	-0.1329739681424019	-0.07693815081461255	0.2207788133797268	0.561874778419144	5.185350298544456	-8.386993300159773	-7.128812066492446	-2.175678145115425	-5.358055262821151	1.4712222473114456	-3.736765911279239	2.2005525140890674	-1.7711775227691873	-0.0993571142909651	-2.4048896927277847	1.858123729839456	0.21666237301637076	-1.1701066070994375	-3.2927311500467105	-0.905094001803018	-0.6676898102710641
DTXSID1045958	8.844608311136582	-1.4556546142200322	2.9904108188316343	-1.6566508015652288	4.792442231024378	2.229115637618813	2.203815246851658	1.0604955504860658	2.0588160950399286	-0.20088604434828622	0.9768833697269702	0.7446131972436472	2.508383374093144	0.20221862859211875	0.26561286131487466	-1.6559507813418157	0.5103771686133508	-2.622033749623553	-1.337205641121084	-3.5246220364651197	-0.23980466102263948	-2.545513299934223	-0.14569488299383768	0.1319770613126332	0.2364921210359618	-0.40121453406764246	2.8806817595841934	-2.646717302754649	-1.7506073018642223	0.9787592297777546	-0.5302788466290415	0.8411556089490125	1.575709797467289	2.670844391266411	0.8205904301055275	-3.2478480101857135	0.47067607817705304	-0.8688087850477273	1.0654250230132043	-0.3849194686224775	2.340524062118668	0.40351236133384455	0.2121344563318246	-2.6278650706840234	2.8953151076333734	1.6081604493719315	-1.3535176767721608	1.0763764023305125	-2.1743464226948728	-3.3158144759533577	2.174436796539668	-1.7636374369199401	-0.911596625784488	2.5189215345531064	-1.943168643872936	0.21670545557897347	0.9373602214035701	-0.46761810956599476	-0.7766756389189007	-1.6000419655349298	0.6173507258887784	0.7103870848526888	-2.8359086584477393	-3.4456062299205703	2.52652220608366	0.344672527904252	-2.6016094686158695	2.3879946158563277	-2.339993508190844	0.5119300577817066	0.06221789072096383	-0.04667898574252345	-1.4245439776827145	-0.4871782717316703	-1.2868100115444792	0.33714205274604725	-0.6075008472697522	-1.9780447067289104	0.718608267994245	0.45773155241611796	0.855990383879501	2.8636422807166	-1.8668212265797748	-0.32637174387344625	-1.446061734318165	0.8249878907862436	0.6404916219855985	-0.259438134202653	-1.2344965807086883	0.8762535822536207	-0.49528920939882587	0.5690944889105527	0.18913103629899372	-0.3282027130635842	-1.269779818680276	-0.6147147332629169	0.5699978106138095	-0.14434927260900363	-1.2733999359888153	0.3078075290915014
DTXSID3041409	-5.382844970076698	-0.5828671191278576	-1.4930392999105435	0.6459071308345019	-1.9735038877385433	1.7010901428537197	-0.23439041902296404	-0.5163447167392415	-0.8190904839344701	-0.28926190086466086	0.5086006859424209	-0.21292827181371216	1.546701375745363	0.10076375838601538	0.2650701319540177	-0.20069960813123264	0.026125078056621058	0.49707233291166064	0.05679489295171352	-0.8085961409792626	0.321963024443104	-0.9105146178922073	-1.0289014120308233	0.02057075719826737	-0.01650212460074715	0.10314238129772006	-0.5111207581823846	-0.31144835458116893	-1.0143602821660795	0.28851775824854525	0.42392269185050585	0.20932800689279243	-1.1277201106619756	-0.25180324990599784	-1.0966233596787611	-0.060856235724293155	1.163500248108567	1.1149720220824744	-0.011630079308962399	-0.009364090919664626	0.11166451227666188	0.6736614939472462	-0.6000816768925283	-0.01415196871216579	-0.1652464578149174	-0.31017442663818884	0.536776832379783	-0.17909439978262512	0.2236768264298875	0.6354773121739583	-0.4897841879048798	-0.7654234884825042	-1.0106048791676159	1.1756863483457483	-0.1304334962759325	0.45258792638527945	-1.175603392925012	-0.5307456027849531	0.5280086662666731	-0.06420960655412876	0.12939770078066964	-0.10905248280373213	1.0262585555605004	-0.41485731273172005	0.057236183906090914	-0.5528785029068269	-0.28098535760299953	-0.1822418998425867	0.6304847756907445	0.25352494297523026	1.0278377446368638	0.028360310414634816	-0.1551674627127634	0.4815846700397653	0.2617302547851556	0.5469386249532571	-0.04628751353862451	0.1601344070621867	-0.5088600766081599	0.17219345189848315	-0.3294844945864641	-0.1221100295790021	-0.2909732940845672	-0.27771117165045855	-0.45318603136626784	-0.20334195069040495	-0.5807695021729852	-0.23243278451033417	0.4851258628862302	-0.17433831400061459	-0.10599537190878293	0.39755748758108905	0.10018854361141143	0.39329278887040686	-0.26087909578541396	0.22273024066123942	-0.1903584565365722	0.22204359384683175	0.39718081683631984	0.03849498936578464
DTXSID7047065	-6.293783865877446	-0.3884414759513074	0.5498861246881209	0.9567585522045691	0.6016520225714002	0.9111869886606847	0.4986381637894818	-0.5043197775098074	0.9670341192511933	1.1352910134779117	3.532843689434612	1.4128516926594554	1.1809726814757324	-0.1455624678442621	0.30441646694445756	0.6143519496374219	1.6508239517216508	-1.5535478805644873	1.095284552449015	-1.1591977038818113	0.4975213513070079	-1.0672695694718544	2.1436566924700036	-1.7543124045860639	-0.2766043763073612	1.7792376552671023	-1.0007617696720013	-0.7985199794751799	-1.615450535870031	-0.7834727095812491	0.5351081069006415	1.4832024223526152	-1.809954281149847	-0.5772650742730151	0.28324127691573386	1.2132150408348552	-0.3062169061959945	0.9061600279160299	-0.7745743259997051	-0.5275022752641203	0.9814176193213654	2.146314578607459	0.07237782998046444	0.21147655261030485	0.3069558367456632	0.08947016904092199	-0.3670437611070269	0.957803176762428	-0.45161609710196327	-0.3598895469100359	-0.42976180643492784	0.2124258080202199	-1.0832561608997782	-0.33579224283634385	1.6342956291055681	-0.9776582238260353	1.7243348222254093	0.06107330843576341	1.1080976492849557	0.1048015484136284	-0.7942337439823756	-0.3640156883142353	0.5911115420529092	1.4777313490606945	0.19627301555528284	-0.9085613456049195	-0.4142553156239448	1.1075579040095496	0.029995493497981834	0.10362574687089235	-0.05610785289241838	-0.4203933167547249	-0.04702176968817228	0.9464621960711973	-0.8422579590782852	0.8437494095275114	0.061234499023668204	-0.799312467549861	0.2648353799538304	0.6210131883482739	0.20631973357356542	0.6052104914654272	0.0592125084923442	-0.4808134957054439	0.5132835172899985	0.05416978378149402	0.3944149912523587	-0.384754505899601	0.4929152266573345	-0.7347956819744941	-0.23061392124762048	0.3651143937228995	-0.033459539831177484	0.12514452612875526	-0.1338890343441826	0.06074215001478608	0.43642230272518495	-0.06795528451627046	0.03554107403400723	0.6089150058225342
DTXSID8047185	-3.2723181733816693	1.2649723875856818	-0.369193132315149	-0.6733270196950331	0.22456258290310055	0.9281615173486022	0.6237403205499275	-2.062061663527783	1.2021199692624411	-0.40131820608642943	1.8004416701844257	0.7391853834748318	1.1864605824728995	0.8860200013558075	-0.048116675918572924	-0.5998100065144413	-0.03656629419706305	0.8643585765925037	0.01674840373795851	0.680982081463206	-0.48263913116366214	0.781114480011905	0.27825470081431847	0.1531850723515281	-0.048225420021840194	0.2241363652419349	0.09466466461513809	0.22853527437408447	0.16999639267447594	0.03863838271754502	0.06959426333568618	-0.07692356856004373	0.4093987306308171	0.6322446282385304	0.1023555174377655	-0.279976038403449	0.5900807369135962	0.6341278633674506	0.15678919485859322	-0.7446120111768906	0.323795351534034	-0.6575487766656085	-0.3537205278708561	-0.3886628743653836	0.5812296296215257	-0.3401915806160096	0.161164326807971	-0.010192963848766742	0.2273778031253768	0.46416802912663196	-0.3644463160509784	-0.37929574283698325	-0.15333603224519912	-0.5349173384138994	-0.285268399062318	0.3055713245910075	-0.17808970251693446	0.020839588088464266	-0.2840767220353042	-0.15081173647472254	0.1965512465050575	0.10734275239645062	0.22471444141544952	0.1362518240049772	-0.5346593855137742	0.0935514458170013	-0.40954401251766875	-0.5170996036868658	-0.31848442301355884	-0.06392590182780324	-0.8470221048745493	0.46426290909026113	0.2068553431932929	0.2956596516359963	-0.13737897974467958	-0.12803784775660224	-0.24057424933142516	-0.1253275325702625	0.1326019024473077	-0.06756736395267429	-0.6179019561912098	-0.4010126182675222	0.5656948921746204	0.21696172726567597	-0.5420755255126285	-0.10987308589547876	0.09176210155043386	0.2814200768074976	0.1688659709271289	0.07352045823643821	0.4042021673688117	-0.1642714812763204	0.053746327671159375	-0.050662411820559396	-0.278830773465353	0.08373521719825319	-0.19367464813595373	-0.19113647032434555	-0.05873548160964091	0.08082431985889946
DTXSID6021828	-6.602190923027702	2.1145695868270784	0.19660414959951958	1.223304943638413	-1.3450923068447274	0.7590188582725806	0.20461349040469404	-1.98390802715902	0.39926013147939116	0.04682527562121573	-0.16586420097574497	0.4549318324265012	3.414704410448629	0.4478378990973188	-0.9387833514343704	0.14250875561879572	-0.22001336784704353	1.0568951551723016	-0.7762518502662957	-0.36990149167522934	-0.8675704916640279	-0.121527698899074	-0.6075389755823168	-0.4859357919516881	0.6794549444364514	0.414566668354076	0.608492433321645	0.6385362205115472	-0.013556803164340154	0.06577786508450595	0.08943307574485528	0.6211266631705138	-0.24073356694089248	0.688213151043546	0.13615845627170858	0.386692610501837	0.3825049286046528	0.9227544763366257	-0.5021099319103365	1.2208803670469577	0.3429047297212081	0.7022428129347541	-0.377314068802237	-0.5198092248577675	0.029621762639511596	-0.20623346236522466	0.3284985839298003	0.07549961011534752	-1.1227861387775462	-1.4004142688615104	-0.3288920753497536	0.24759496656912722	0.2782796449559255	0.14038901853069488	-0.4991477911820861	-0.44712143582411856	1.0724233015516234	-0.36843505763638495	-0.9881201240220132	-0.011244803552485203	0.14685924799327774	0.9657962112149099	0.9657435946743722	0.4744382988936036	-0.12634979314058611	-0.3584305392986471	-0.20579551019649764	0.12481969672733162	0.3167165703024538	-0.5806737193972282	-0.01972277128775794	0.16333665702413944	0.3766480158122821	-0.25739398029075766	0.4158010107755049	0.30623117722813237	0.50631449798927	-0.3193033099278829	0.03567031384264503	-0.30255347742630984	0.1290090779859316	-0.23080330078045186	0.07748594154751481	-0.31997735659391446	0.2968346144467299	-0.5657646408046858	0.2647163897833855	0.02163281841188899	0.9312561047578406	-0.20458290324024123	0.21018439618116536	-0.1796922620561796	-0.3238391060352621	0.024055927060994516	0.02456569356192426	0.2516026739616252	0.02484910792978129	0.3164269143790426	0.31123685993430933	-0.11463154135713548
DTXSID7041621	-0.14515383108463942	-1.6430054467843143	-2.2892759533700455	-1.131170177962686	-2.2618514515930683	-1.3959732244718768	0.8714128763083988	-0.9912294525496228	1.3189105306891202	0.27581245019238565	1.66955581779873	-0.8217879711905999	1.8056292125181244	1.112453952816229	-0.8235160337799579	-0.6939795133662693	0.7600452275753316	1.2255307279299996	0.5901197148646139	0.2957502229152883	-0.06834619183779471	0.6294144186976871	0.6121603926923824	-0.8501910152440257	0.7529885329162781	-0.24483844134308916	0.4460648616273452	0.14950447404657707	-0.19138852635600292	-0.9066786059789446	-0.4423465124390463	-0.2127367076098344	0.16664282441958905	-0.673901445358356	-0.4840708897055597	-0.46392943519621743	1.3925556000883712	0.4487881437143887	-0.8201042750917167	-0.3345543851343255	-0.015256864181722866	-0.4574449040264772	-0.07564947374088918	0.010281632684867837	-0.07891080239261729	-0.23259484125961064	0.22375069279372659	-0.17801162918488125	0.08189222302004344	0.6008234877884008	-1.4746470985974542	-0.5600260596476505	1.278649640417001	-0.8038069863099307	0.10840646328050392	1.0072617784453186	-0.5467272900831849	-0.418352277891742	0.9432626720301376	0.5710875954134367	-0.40280058190983103	-0.7197317460410134	0.27295666691961146	-1.0092295526205266	-0.6386753342144391	-0.8169610019459672	-0.4167112389061543	0.1357085641602608	0.15743244929360592	-0.12645140111323844	0.14554434160150034	0.0109094501338378	-1.5498107591813888	0.5351994741117448	-0.6570634365975291	0.4329069332337976	-0.43122264550904355	-0.5324989740211569	0.9599498640866269	0.8797901144879094	0.1963039490958177	-0.8190010649916434	0.38635422822191917	0.2579153998241973	-0.3087639753153896	1.3328447502959686	0.33355854509214544	-0.6065671007045362	0.2025679081107148	-0.4850834086438595	0.07038054877467735	0.10897819353030273	-0.960117580541958	-0.817725068989257	-0.5739844175082721	-0.7322994286638178	0.3377995519759216	-0.11875844821438349	-0.5072596365343387	-0.1608829586972675
DTXSID8042632	3.8558005041507366	1.272365467038925	-1.8940646367423797	-2.7016393740866134	-1.9242772044839267	0.8896668993611153	4.717170918774291	0.13949910230346058	-3.272029523554991	4.437855078850012	-0.0015733924215441993	-0.9101999571373256	-0.05201554290686794	1.7539016413852242	-0.9052193984787099	2.2485578963323296	-1.4739737746693868	-1.6875840123214072	2.3163372055883413	2.131133850100787	-2.6206296235464497	2.1140311712771287	1.603181253255405	0.8506623192833528	-0.7900912282740651	0.6703459272403071	-0.1340455496322194	1.4424183890255893	-0.9147755963016937	-1.2761299405990394	0.09381178181077182	0.2048786737838335	0.04751495228090615	0.8091646466661101	-1.0279400851167604	0.2976071928999036	0.40650420740331594	-0.559033485861883	0.09786487245621751	0.13266028544721567	0.18972976335379638	1.3801166370336646	-0.3069309328456455	0.20128963255130203	0.2913831757126079	0.5038057333719989	-0.14377545617477963	-0.3359294621916273	-0.3032958795844326	-0.4282180316039574	-1.5819071989813092	0.9909332046200497	0.42292064032067456	-0.31322901934106706	-0.31347568711661666	0.45660823571109815	-1.3209803413437673	0.15644284447388643	-1.1881769613461899	0.050525291416922115	0.8061448176149966	0.06490560133699814	0.6958045887051383	1.0285868872428645	1.0764105722262212	-0.3579693361781829	0.2741629672314535	-3.1268057800226354	-2.039024502687068	-2.0746190034382503	-0.3188809684997864	0.8030116136344447	0.7052492626804142	0.3540182159916411	-1.0480794548465953	-0.24875491422911608	-1.507904158997078	0.28493824351920816	1.4126620318867331	2.4869234947851244	0.22094745744267172	1.5674530169049679	0.7062174932089664	1.0051654587413672	-0.27395212236885985	-1.4992342768327207	-0.8261406474419585	0.35930790971561416	-1.6873693380793486	0.9418641559025486	0.800543546702763	2.426453340808172	-0.485243099429112	1.2730158568577246	0.21427180212826866	-2.246489082238815	0.9444152005769125	0.5351399405414805	-0.6783403196293089	-1.3067223750962147
DTXSID4034653	1.6587576475553725	-1.53961133233249	-1.18073184019509	-3.713265717583278	-1.7105830528083525	-4.0576850064559125	1.7502915317236198	1.2877422799590414	0.08132383792748404	-2.1503209136427106	-0.5745485575646926	-0.04358147457383252	0.2526236380859968	0.3365948718170769	-1.1990365380774395	0.8084183459190519	1.9239269439284559	1.5602962569207035	1.227985332506766	0.15639930382785863	0.30916644657416603	1.6984873808814385	-0.5629099100509227	0.858722443445782	-1.25102123144016	-0.05544799733389922	-0.7852938695933276	-0.13338706176879886	0.49876909181783297	0.8054074564288781	0.018928235165227885	-0.5224772675631205	0.7635115100906328	0.5217323145364797	0.42512476306560637	-0.26647593925369784	-0.3518379082701033	-0.3630708322723506	-0.007744005616287981	-0.4039398996463825	-0.1518460131312215	-1.1617086840634367	-0.0017319753840619684	-0.2673053688785099	-0.1202294058528307	0.46216442183279366	0.06507536897445958	-0.0939565023700881	-0.5581480528385934	-1.1013633109477536	-0.3746015675895498	0.11377831573012484	1.470240394767097	-0.15117413187626416	-0.09504152978545669	0.8807855070529031	0.12264439415756749	0.21588224574307954	0.04846986156876175	-0.1482134815749535	-0.2464428100582224	-0.6600924510174863	-0.31438642252144056	0.4085625446534629	-0.4901080745711959	-0.18963369228988627	-0.2652927700143928	-0.14957053723654354	-0.24532866759034938	0.0806483705535278	0.36649123288853247	-0.6316157989541713	-0.05025076321282288	0.7926640161046422	-0.4048482421915543	0.05381718774501402	-0.7743867809862776	0.19694760398844766	0.10485654704505383	0.15314666078321149	-0.11093838831776671	-0.0759589093396672	-0.1075988195522723	-0.19850795411059213	0.4238495173265432	-0.1961141080609342	-0.6969252693560757	-0.23282078823741034	-0.40654981767157977	0.20701594156590755	-0.010238758754071717	-0.3478576585438518	0.17242750835959328	0.11543627637375961	-0.2426631132987158	-0.4826353982472699	0.16757799185016115	-0.4821952924233773	0.03475861250245368	0.22766378273522186
DTXSID0024761	-8.10489546561608	0.044025459812707814	-0.06785808388520194	0.7572086708763193	-1.7408590194055822	1.0330965419251044	-0.9664211486093773	1.5018820669507036	-0.3124205749535389	1.280618806668636	-0.23510444101651035	0.7333552458952759	0.8958513487295968	1.7078120673629682	-0.5903371362734029	0.06259507675731141	-0.34446468556408727	0.4270276125134052	1.4805670109318159	-0.0059541099623630495	-0.10936223265783428	1.13892428116956	-0.12198906543330829	0.6221575207070177	0.04015042211559562	-0.11634052221286546	0.1748895784616295	0.3851171829231834	-0.09028906726903056	0.9980852511520363	-0.3267592141595633	-0.2669572510215404	0.16917558158286738	0.10474287355548786	-0.13971384634498285	0.008010171730745325	0.09506315039221004	0.052247120107085245	0.35873427556200227	0.10997705756823287	-0.08223897154347844	-0.2609229821404744	-0.04023842365949502	0.08376772156323688	0.1514022171560314	-0.1294307896338536	-0.00439999995480123	0.33327940017114865	0.4804940579100218	-0.4803943554503696	-0.24733678973585188	-0.16572668845030408	0.9850955559664905	0.19011216036360837	-0.27528143577739667	0.14045104835146444	-0.3135948566118823	-0.06703249557469687	-0.18827611771495065	0.1756967037907981	0.055732820960395224	-0.041560686301418404	-0.03198285320781525	0.021161178357115548	-0.34846647025700184	-0.4925603239122274	-0.3834147377405978	0.04331788445798231	-0.1681165489649149	0.33320116600665	-0.14392317860552897	-0.09114761004841597	0.13160571501087454	0.29092695586006706	-0.2230361839275457	-0.21050997398169113	0.368953304767458	0.4528805516659758	-0.1579182477540976	-0.12159617913557431	0.054599891808331504	-0.20771759131625855	-0.13005687766941282	0.003331538600041976	-0.13294557001844778	-0.24313319936286942	0.0685822123720304	-0.004296561081902446	0.09885138119586684	-0.02069028808607823	0.188711296084512	-0.07121079783942771	-0.07375832744795358	0.32861192136289336	0.0686842281964197	-0.21605798395134337	0.1254896480156076	-0.12084121243133607	0.21085839677407908	0.009467765079177282
DTXSID6020143	-6.839854694961692	-0.09531490718810731	0.6593912875588721	2.8743944701302584	0.0658936010102658	-0.5298462796132066	0.266060778121129	-2.3016468487664437	-0.982850528424311	-2.700984746634682	-0.970898492190058	-1.7228535785272565	1.7951632061564364	3.7348319393213485	-0.7630409204592279	-0.6840762038288072	-0.8369102677331101	-0.41529883788638117	3.034817235400121	1.2455190140454195	1.074595852371523	0.744252329127814	1.7334649440935948	0.5240743385315952	-0.9618944672067777	0.23743591207381912	-1.3954028360264967	3.334395446765429	2.2015903235092527	-0.4951930836834835	0.6388413823880816	0.3450932522375547	-2.5453760988588248	4.581206610545562	2.6176119631501047	0.7127289586442677	7.0263298020977025	-1.08741068014234	-2.756141222180166	-1.2557880951867848	-0.9873800057593471	-2.1103942518607903	-0.02864973233574157	3.4369882447856503	-0.985481053255694	1.0801229104724253	-1.8452896357247677	1.6703455911756702	1.4624681192381028	-2.181575296146981	1.7383244642111766	-0.29549000961525734	-1.7180431414511694	1.7882044326636253	2.134503389154475	-1.4931261481966556	0.8259800648049507	-0.5409273568447087	-0.006594437403647506	0.022721310448009728	0.2876431121501644	1.0485556515868524	0.7178177275090983	-0.134398284332233	0.5988526431808711	-0.047171296139732234	0.3470466945506531	-0.3975289204493799	-0.46428685763680383	0.7242598601755361	-0.6446288468942355	0.5021718508329795	0.07863464949738393	0.0157426099803788	-0.061533230693912	0.5739174438978412	-0.33725463768400177	-0.03310554653811185	0.19782002830462753	0.07815027535696784	-0.3100228736395051	-0.47995011374449575	0.0642386084904115	0.2278218488843771	-0.05455499251778386	0.548382302101554	0.4409291143670226	-0.09585467293961603	0.46246828339938406	0.1049407548650857	-0.3585442781637249	-0.4382473100803608	-0.2201128115716509	0.3077513175505028	-0.5710690679220052	0.663001401879412	0.5547269696283699	0.4883634510014897	-0.008481492410454703	-0.08946298420569404
DTXSID7044479	-1.9699303243921409	1.7925146359528512	-4.089241811077719	-1.7307537756938587	3.3886608188482086	-0.8398619083284729	-0.5143345453204493	0.6218623496200878	-0.0464149052520721	0.276946623949037	-0.11198801180979405	1.2723537666657638	-1.3113314001411984	-0.7473436977375603	-0.3961428058667687	-1.2643548575676966	-1.4652675155533592	-0.73009720991911	0.18694748258025393	-0.5914620490822236	-0.25219565672222505	-0.07448083851541791	-0.9599012488919236	-0.19949923307690245	-0.6151768253554709	0.29937070178091824	0.09306245204086222	2.484920671940792	-1.7078463076406114	-0.23542613755427957	1.4223282803750628	-0.44586310604834645	1.4198523036789228	0.04918158067142563	1.2320519211055307	0.3005970129418708	2.900747625728334	5.019185326999	3.959050446007069	4.680807175747559	7.7246054474582	-2.247210553014097	12.117814050061519	0.8191757885306536	-1.3629283306782112	5.94109849798353	-1.3716542445135587	-0.9104185771487343	-1.672613348970852	1.7531416119077934	0.8972191874870102	1.295729196715496	-0.37190365294588745	-1.4398332069910318	-0.5685974333558468	0.21273108341800695	0.12494596047936428	0.14665211055312677	-0.23461047247720151	-1.3646624043398148	0.2378706563709479	-1.6412385240395868	-0.43797392882800745	-0.41374919368106333	0.09961243781996858	1.3275129935451866	1.1307062204681058	-0.42090840040798794	-0.6926033294153882	1.4161786859648584	-0.7477609557079973	-0.005501307001977085	0.1137394959109163	1.1058996425976169	0.731802327347987	0.05437805825093019	0.30644503636164955	-0.14610846337567068	0.7502664357873985	0.1060289655468823	-0.08375152489732934	0.6357116143082538	-1.5470719695797048	-1.0299163432434244	-0.16038083030598474	-0.4002821004836101	-0.5137605352908314	-0.2298298911667843	-0.09961410766290717	-0.12742534333502056	-0.020165721167007364	0.4068072466860583	0.18925131948384533	1.236032019599908	-0.7948340266912889	-0.21386966216003703	-0.6231573791591851	-0.4478942884416655	-0.30917898674502714	-0.0038344065027913384
DTXSID8057778	11.109423793589603	0.6575124074958234	-0.8391102046665675	3.352546963747384	3.9486872604768166	-0.34730005486162835	-1.2724189195534081	0.3518160978214744	1.254537476059157	-3.9439267412598493	-0.37139604157580164	-0.9397118713611218	1.112719344785894	5.022792584916002	-0.5320240475509119	-0.22191960134797278	-0.5372914469279091	1.6734385061608599	-0.6125877448711804	-0.7280893538486053	-1.332610958775056	0.8137006502713029	0.2692360267785971	1.2505979965919842	-2.368744036597057	-0.07196398843012528	-1.84792169437728	-1.3321661723552243	-0.5712001926006411	-1.360287604014499	1.1325412249178195	-0.8184950714379734	-0.9341831883194008	-0.5469664093108088	-0.07056100701845491	1.652905437136899	0.24770384796992098	2.030502339338877	0.22197664307688364	-0.7830149726800425	0.08973723448080287	-1.5476982189544939	-0.8499708029929199	-1.1521606274342386	0.42405694443234	-0.04241773488326226	-1.7652086521865349	0.24549843356791076	1.9483931458913073	0.8647852619326364	-1.023392736050862	0.03322789480725611	-1.1627776379986505	-0.4983340005076849	-1.9656785280522626	-0.4124534890709717	-0.5901378787851024	0.3148497263718529	0.4199999948506368	-0.4848120352462225	-0.940395813304275	-2.4710918734112943	0.9112086595169261	0.23810098495127147	1.7148306960535953	1.2849104186023275	1.4486246084921564	-0.3137708687443813	0.2091209284630373	1.891016992318687	-1.163403231026962	-0.6976220810290802	0.11658996909616287	-1.371381661813923	-0.639958552454828	-0.580113335839072	1.3958096113385268	-0.1802082013766556	-1.0875277074530527	-0.5317725775076988	-0.21596836334593214	-1.112079112792038	0.6072432442955443	-0.24713057127510304	-0.3566429786377935	-1.1915488310098412	0.39752918095194156	0.0724396629131971	0.44810909316596265	0.503040223440674	1.4060812788005175	-0.22206539732842082	0.8189853223107268	0.21639024620465017	-0.2961602082746395	0.17836088485783527	-0.27922064970531707	-0.3689458427457617	0.28332748868689067	0.4177643683883629
DTXSID1045293	3.0590665005548945	-2.9326207901644885	1.7410628143393807	-4.205728277683755	1.0594230243740432	-0.46015820947791025	2.3148033401843597	2.272316676740064	1.0675029540106205	-1.0064778825864151	-0.1885939060663623	-0.23171228939586838	2.295419852120196	-0.4627590347812089	0.10872773193029	-0.5757836195266206	1.363285388674714	-1.5886190481080726	-0.9037909893155992	-0.5858442334997873	0.19810966983646813	-1.0757434850229182	-0.18421218254096808	-0.37753852138735594	0.6891075399862346	0.40339624686544956	0.27802326406882494	-1.336040101466667	-1.0359252998174484	-0.8986268713983427	0.6331331389868399	0.8677160368936555	-0.6278505730245678	0.026285357948031215	-0.6277083395889326	-0.5214565840171445	1.0227372382244715	0.342134961818128	-0.20105979879664396	-1.1450978307234585	-0.3387415412149899	0.22314704927939874	0.22519723701034305	-0.2860787581873591	0.003061666276432691	0.38175385211041846	0.5050984375457801	0.6743866102869447	-0.7527537020453129	0.5918654305034098	-0.0044215837642761595	-0.8279154155895238	-0.4355312561440982	-0.6679755816180488	0.45446830983687797	1.111923110419517	-0.16613525930339093	-0.7428902671718255	2.7488184097984676	0.18967215985179559	0.3112518256439103	0.7865921303266518	0.6636238636149199	-0.32148320452837253	-0.4359971007832627	-1.3158593048026548	-0.36871483368970187	-0.6726057762084061	0.29374607503489597	-0.9158959967353488	-0.2973663176399689	-0.8195264306468611	-0.8470161139658051	0.5307999539857162	1.449980145469203	0.8625413249851509	0.1748851531983917	-0.058562007831137006	-0.5453140276661408	0.8025301929869975	-0.6659699324617374	-1.1226591668027714	0.420153179013453	-0.25987379745255645	0.42676360157126403	-0.1888545138325469	0.9319329070505448	-0.12424764698645545	0.7743923937286743	-0.6723929309613482	-0.3131127003397389	0.25024874592233526	0.31584101270182247	-0.23150422099568066	-0.20770220609815251	-0.4082686983860668	-0.5326735715007612	-0.3398592919514368	0.1629034644572184	0.03167321983244694
DTXSID2026529	-5.091149905974853	2.044038291096262	1.9366043506664095	0.7875729577781175	0.5799941858175623	-0.4849190934233342	0.9097465869056914	-0.9816757973731826	-0.36626240584484976	-0.41389872806805	0.5035893780346297	0.33936401873018185	-0.5877738104696272	-0.5024895458315028	0.3980160856243971	-0.8696869333023945	-1.0154341786068257	0.587861173620665	-0.18379491897676997	-0.3047635788243098	-0.8941033085824296	-0.043924272618682786	-0.6627579246303786	0.7134231731164657	-1.0953828999222133	0.5978788508891885	0.8515611572372019	-0.6337937784121286	0.31023357332207296	-0.5180591518586152	0.11129494111445225	0.012789884321193188	-0.07827763829453867	-0.05413949051805197	0.21640716760917678	0.06492480099386376	-0.3590258143039279	0.17878249520456982	-0.5012417817176307	-0.10277309248799349	-0.10296233199950257	-0.41774832558864095	0.15937557378401196	0.18357596392547015	0.5917322009575632	0.23505778097080898	0.13016104394493144	-0.051218538384776836	0.3148368039869676	-0.21478959593616873	-0.03666422590985871	-0.13101387392103253	-0.12032510549080194	-0.2919189872534096	-0.21973256360646343	-0.19338090037373498	-0.004421558396213718	-0.5098715170634166	-0.39506617893359286	-0.22138147659808796	-0.04128670649133611	-0.07300159811628959	-0.13935316182945873	0.14766977415673876	-0.3173499127528426	0.010674157634479707	-0.38583924778951906	0.16451575779522198	0.13425244991884394	-0.0901143795886175	0.18415945500707318	-0.22649151636287018	0.10068762924141232	0.16169920783684902	0.0842109512430053	-0.12647388509044194	0.13533628702946426	0.30646163167431734	-0.509331866926523	-0.10243089856735285	-0.07089746825244975	-0.06911099080759173	0.21086916496738747	0.04863730961314632	0.01546427299732985	-0.030218810689782574	0.009722750365667207	0.14747880045569442	-0.2038137024561656	0.0071487866380941555	0.0075758570409093385	-0.16977831682209096	-0.1436545686452334	-0.1858810659030987	0.22025273432324732	-0.04690753997421472	0.15823534265227585	0.09174582146919762	0.008038721977005477	-0.06775842994942216
DTXSID3032549	1.169458393892136	0.4266540510306957	-0.5473711595694672	0.20721088655447978	-1.019328937573991	-0.16429204143171167	-0.8746720371849903	-0.5930928675073598	-2.5240423624789012	0.5694382479047323	0.301727718188187	-1.2765096320220592	-2.0033717879420747	0.5526927568805339	0.10430947346562024	0.6697407834952772	1.3455862684800257	1.2837367402556745	-0.20896014817618103	-0.4376233811858913	0.8788389221761747	-0.4771429788785915	-0.8858883612197967	0.49730139805237106	-0.4634076788044589	-0.023097836863763953	0.9991029359648408	0.4791856709366543	-0.3273036581894987	-0.10158865719902205	-0.5471236669358981	0.1387896317923471	0.13620656681863194	-0.5926108632731113	-0.09073356164982029	-0.9113554490632984	-0.17566080914199408	-0.2528761530840151	0.5279848256706865	0.39486564285038955	0.19399993912616884	-0.6788279964811076	-0.039454119393509	0.4196107232169121	0.11789995286698034	-1.0477429275880918	0.1589939558000036	-0.7355733039686265	0.9282423777849887	0.6300330502226964	-0.937900844454458	-1.076699045601693	-0.46579323972271564	1.541200555042996	0.1695990652629726	-0.12526248001865634	-0.2411018231382648	-0.6662300324742759	-0.1445406255179464	-0.5801328968826132	-0.3796247429456507	-0.5594301952002245	-0.43455170441511154	-0.719833682719146	-0.13558835784272716	0.09674270531957913	0.09190591757809785	-0.1204728072997359	0.44441024631379894	-0.2702199747714414	1.5013830487827275	-0.35111935310478465	-0.6891249001833905	0.2432268068246646	1.063973703894957	0.07395042550295856	0.22071630576738	0.12879124794964433	-0.3465620677642292	0.06349131139883958	0.6099008555119786	-0.3236966918111173	0.3283420561739389	-0.0925797148069291	0.11621147099320663	-0.345520581243524	-0.36166120037430355	-0.46833771440032534	-0.26882449209880344	0.5059403616043145	-0.07685365544970554	0.37863383348286733	0.04894442609051876	-0.27905676652966066	0.6581801577245328	0.30616456870190795	-0.3774258753236322	0.292877220532318	-0.0008032014311602756	-0.5456407278351804
DTXSID2044923	-0.258693857895222	2.2589990453498396	2.3039241150780336	-3.382863459845653	1.4481757047852424	1.8094060499190725	1.4254101585519336	-0.17305809564394734	0.3712643926862209	-0.33051280880196626	-0.8753867399165324	0.6611237323921939	0.607693063682737	-0.3318798172887798	0.3611259568484286	0.09771834856557284	-0.9969444202599701	0.9398178536906652	0.8227584124961151	0.4431364421493557	0.13707171162537501	-0.3732142651041936	-0.13894886708379373	-0.23334966763024775	-1.0095746739422728	0.8583901082457284	0.19475074916346327	-0.0174976950157913	-0.31267105007715046	1.846836447034066	0.2474069903997395	0.01217674325074115	-1.3767056722838142	-1.1414167820558467	0.13162180452379116	-0.46280403830519945	-0.08969941550830078	-0.2519551230506302	0.3252511164285589	-0.456134867894246	-0.18805050312584135	0.016488325255372593	0.07373735843839631	0.6780447061356007	0.3032300882544116	0.07572880932313424	1.098438280166829	0.8135739701315343	-0.13458872568091887	-0.3289035587278194	-0.01293288229878882	-0.09331798498558505	0.425793371436375	-0.7210331319372788	1.5073009723289095	0.8559835648825642	-0.8629033319725676	-0.24970580385232488	1.1256112005937857	0.7495146988458125	-0.5194500202549641	0.47490156452391985	0.43622751717964914	-0.12420929974025263	1.0192496346181659	-0.32990207252316917	-0.08637859222982221	-0.6872642740574216	-0.01567163472676937	0.4330962040848324	1.344950495609635	-0.42512576639742666	0.08519186896844728	0.9138724762852546	-0.13493724947087332	-0.9155662812282588	0.04515658360406836	0.27293846713954345	1.0251232388733855	0.17382551630374063	0.21176412275732823	-0.15935803563243456	0.7173569378081415	-0.7820152906518167	0.6450456821174736	0.248612691892229	-0.24695935835545718	-0.003570266094505702	1.0367203812296217	-0.08240343213860721	0.4401425097800675	-0.25275618604492867	0.24107073013378258	1.005691637779346	-0.5045381647195232	0.02145850721335926	-0.13750905902487887	-0.1734305675404463	-0.2477468916887602	-0.7751733131799677
DTXSID9048772	-0.6890306462920239	-3.4711022587680547	0.7084645023378808	1.5518105676838576	-1.1651999784841447	0.027664579464662706	-0.23846680724821823	0.2110353519286087	6.2892019391790415	2.5001056712697034	-2.3275119368114616	-3.843960706713181	-0.45222902509095	-1.417047025171806	3.1543912212677587	1.4520335377873328	0.5039088592547936	0.3360194048225074	-2.1961422554131547	2.913783516881258	2.389861280763844	0.15197271074791588	1.2705218401339458	1.8104804662323586	-0.9989511829683709	1.5751515897133708	-0.8880589461892661	0.3061102820354067	-0.22189301437979675	1.0617172466323246	0.6431593111941809	-0.688593180583522	-0.11454217643455712	0.6673913577318228	0.5874703467237791	0.1437349234755486	0.6508425188450927	-0.47100854218264177	0.06607456758718194	-0.5131415957887998	0.4489280942228565	1.2781950626899372	0.2979416489654457	-0.992208187039641	-0.005475738128399375	0.9874069054521837	0.21930018574251545	0.22826283437127043	-0.9636135792953658	-1.1293312264731685	0.1632031661708063	0.7430354839208713	-0.46380884475246126	-1.5667705907294098	0.06004463442418329	1.209651959861104	-0.029936469358950873	0.9842959831641318	-0.1309202781152008	0.896412427568807	0.1469843642881254	-0.013114475966310433	-0.39332596914902085	-0.04054929571140052	0.38241052494010247	0.04787026849067692	-1.1394054229484742	0.25794060573064004	0.596706408591228	-1.0875619163699344	-1.3643079158141407	0.8280517008700343	-0.6690579634222222	-0.1578126644372701	0.09007615500450777	-0.5022979011967225	0.708175049496102	-0.9881041117446329	0.206787046593163	-2.01404810799015	1.2318391150525834	-0.261576383860599	0.1549073844115975	1.4363186027185313	0.30428886190156945	0.36363091948628273	0.6617567204682478	-0.13376749721435222	-1.2019066235945473	0.5609787206299544	-0.16156123865832836	0.3357972451862414	-0.3611103780928384	-0.1677287884303715	-0.07965049460341413	0.9997903974196474	0.3963502394348616	0.5715425926508328	-0.5519614729569775	-0.4608417287154817
DTXSID3024447	-2.5814883234069828	3.2437907505185395	-2.7730680477652805	-1.028528264448781	4.033960837555217	0.7831915180639588	1.0668936139060494	-2.610193558146127	1.3192002291485756	-0.777064857334743	0.27895853684649446	1.1124793192788565	-0.0643735726293876	0.4859859898763177	0.5250639258214801	0.6988517475440059	0.6761213556401586	1.4125375866006356	0.47387696685531433	0.3994040353968977	-0.1361174602805516	0.9238840751387041	-0.751288576594156	-0.43219388658224683	1.3176030136317542	-0.19389668282601563	-0.38942492510492666	0.7309098881854943	-0.5705429575618776	0.0726717266079064	-0.09111693587430261	-0.6567055750301228	0.9656370935557872	0.1095537744888122	0.04501894792633094	-0.1402575438373035	0.35637450497787687	0.08196108488970018	0.057397325575489225	0.045985096819107736	0.04311055806697815	-0.4724663649843079	-0.3676841802926407	0.026833406557141	-0.07343443249981535	-0.7576068266550692	0.2385835888203082	0.09379206131543844	0.3114682580105028	-0.5145204814466495	-0.25297959839602985	0.01725189985892251	0.08042652255265835	-0.22268481838875295	-0.4492281918751862	0.24910802099707144	-0.7418769757790606	-0.2971019951601298	-0.2860625906006827	0.2979870859797037	0.3442056477076363	-0.11935583586770285	0.03751976138111366	-0.724560423550037	-0.22076489039710379	-0.8135519905778413	-0.9088250536271761	0.1589672538008376	-0.09004400488105058	-0.14052937122476142	0.1771055416006562	0.015475555889582514	-0.0583928918699582	0.41955381676851095	-0.43149631105023023	0.3352334887166589	-0.18338805478907053	0.8215754750146586	-0.3342460224443258	-0.3125999093380707	0.2102073586078785	-0.4847917284160436	-0.26331048962424247	0.1395788108936146	-0.07676250046822633	0.28466880550392126	-0.004763760874132905	0.06081136344522269	-0.15405674518613044	0.2109745707902434	0.30181425940122814	0.1563450487484015	-0.52835353478613	0.03302067739712021	-0.319083235704314	-0.390997063158423	0.07864494941037292	-0.06785135414035198	0.25417678657343723	0.055307996979856854
DTXSID3048784	121476434.79018821	-41182770.60666173	-10719761.410765802	181378565.00708932	47432047.57184901	-43208204.23993277	330622885.2004269	60610359.51235874	-80021796.32025969	386329266.3213496	-125985421.65892169	333152376.32540774	79672805.84527941	-28588374.803551786	103147262.24068166	-170806525.14009935	-108688979.73381239	178922742.09448278	221671550.0283894	60112292.78188116	169180997.6475069	-82920624.52569464	-111659318.666212	27817236.26418382	-64873445.83815107	-111113246.71541758	-54908926.819123335	57342688.60228264	13468878.549089372	48800340.032763116	15926571.724021193	76669617.28951536	-11066519.162692957	46018243.2353056	6784803.24361186	94586661.52713941	-25620244.469974834	66115996.848530725	-54299131.19988335	18635486.10085976	-4932902.951010728	11556069.43063079	-23597780.571581546	-19637593.205340922	-7825003.225867505	-6421002.5943688415	12462006.840371536	-45398500.46701427	-6217165.218618594	30282001.623253465	-4219167.737883724	-75363766.98527084	-66309053.28514582	-10119788.188020881	-16155571.253928551	-25936989.762105867	94528360.95164235	15146230.793456176	-139721343.77127287	-50669296.60067084	101279381.31037419	-97143252.3820944	53760061.45490365	11794343.401558727	-82430755.98951337	-264315132.39465088	-23345677.001388945	-105134507.69705476	-84488848.12744209	31406539.002201937	-93084227.80848315	-158314256.69620422	-30161832.92779556	-39442979.87066675	39711901.63448073	56240134.43038091	-163399836.80241567	13825977.37371876	10139763.697563082	-159903006.4709032	168151136.61868113	-149189644.04751638	211937944.4625988	-261537356.9370065	-204002330.91902786	209800786.12659794	-64881643.21810055	-93102184.79725662	-25009217.224425346	-62403443.90371266	22035658.99244779	-171331891.38685685	60029632.67056704	-50782377.99668448	7053391.0677064415	372755325.7128696	-36442141.0323976	-12251840.830150964	41493110.13481121	164510357.36339074
DTXSID2040652	7.305942159746252	7.3067517199497125	-3.184823051875747	-0.39164319720998	-4.0366988112825	1.454865640666172	7.087489120269406	0.8504211417937341	-2.175542619324408	4.149991694478743	1.7147189035302566	0.4981353533825825	-1.490700878726189	1.7869197981247729	-1.3444964688149692	2.5269346627692264	-5.91551266543944	-3.2056561707921536	3.096158223583177	6.447641423537462	-4.897314583122588	2.8518210535381345	3.4891937500924284	-2.5905489613720607	-1.1136709412577073	2.4599142440814683	0.9251446848295461	-0.7918145195342	-0.46283242708038086	-2.979950079854694	-0.9733141320649534	-2.8864678380474733	-0.5447630460122012	-0.35234839004976515	-3.0821210377022563	0.07571544497206226	2.2342148364054486	0.05607153657380968	0.5791136214840742	-1.6619408592170273	0.2289148271625114	4.770121782403811	0.2137242386134932	0.4061384541636241	-3.537253236697216	-1.19530452966537	-1.3661346077904928	1.2558658989127747	-0.6248496398974802	-0.5401585011914766	1.282152196468655	-0.2530139327561012	-0.4711682770793322	0.6700801252185079	-0.5649894352582271	-0.44118491572248303	-0.34453345906149524	0.807807538439134	-0.466285522670057	-2.028075669637894	-0.3304112853179615	-0.41064514064977115	0.4194597459371067	-2.3379079143836323	0.3472823244326837	0.9598686565027066	0.8092004600170231	-2.3872713544401987	2.363604765703257	-4.156416214871166	1.9249435677697955	3.197275756795883	1.2441374910733474	-0.1350363673449496	-1.0294635559439564	-1.313305429683489	1.0945065504921434	1.843438631149841	0.3285824123730349	3.904182804815038	0.10010433588459852	2.029660971675077	-1.9823016517887644	-0.10817035983842949	0.5731632740266682	-0.960568959653535	0.2568625921277176	1.4878773055745056	0.22021818721001002	-0.9779725037846132	1.4982156757249308	1.8478253589522313	0.824224415302878	0.419777495611484	1.8040687464627123	1.79194289928897	-0.06733498313926577	0.4493593291717867	0.156870664588113	-0.5113836032814477
DTXSID1037696	-5.134794188535616	1.372627605748395	-0.15048233770809036	-0.10149246121309688	-0.4343276047504278	0.9626416823150863	1.104270514115728	0.5942781231319224	0.5954118336976894	-1.175462716093677	-0.029770869024566927	0.5312190310808705	1.5922976038076062	-0.20085506372407677	0.9665646076894987	-0.8328797969707488	-1.5496102248000767	0.034307197247147134	-0.1292372084853725	0.8679660908466985	1.8934777857618776	0.1637361911165706	0.6536521351877748	2.341281362875063	-0.18622375964662424	1.4042229686234315	0.1099691522651703	-1.042100854098403	0.09552663607465726	-0.5370820253254617	-0.017268505842436332	-0.16464204696373771	0.4246910664467008	-0.010396198822576475	-0.2929232282025844	0.4943050964873424	-0.9868363370992672	0.12670351791373205	-0.6378590560890308	0.08462243556464952	-0.04185818831434557	-0.43302296190427236	-0.3402519396085659	0.7877917331298178	0.7312380908158892	0.6957423745039584	0.07688002017527618	-0.2812572409101746	-0.06383823146871229	-0.12876501258705925	0.15085002185702884	0.6434070880282566	-0.06382735921333003	0.2816262869631945	-0.13245651188125201	0.06400928839047922	-0.5730176989290766	-0.13904641058542588	1.0579673911625431	0.03873759632598938	-0.35462858152277627	-0.2821896848926974	0.5213930716933733	0.22171087025070124	0.44661345285580323	-0.859857523819411	0.4380581798107995	-0.39956831754180877	-0.22732269255616067	-0.21666353539416258	-0.450426015352244	0.59313582999262	-1.132054358414648	0.35630437952259064	1.1021975191835827	-0.8359544948359906	0.0811123398923305	-0.9715682889396676	-0.4503532599722059	-1.2259352246836965	0.4816764057072739	-0.6873894697604703	-0.501125472309109	1.8896608375584913	0.7974418922939288	-0.8072768327951455	0.4086570657118368	1.0621898233345795	-0.2262905676281113	0.4398198642459898	0.10988605241958826	-0.7467019543618134	-0.04398779560043224	-0.02822232738669743	0.04591257421847929	1.1690476960925102	0.31900138660928756	0.5017804813296901	0.05253473069764409	0.24346917550242456
DTXSID1020560	4.631214649148887	0.575455568596494	-5.421040511630883	-3.6018338780570427	-3.2356184299578765	-4.1030229661790925	-3.45919428802556	-0.663251664778442	-4.222352864552021	7.396902083773673	-2.223457144396534	1.3800290610383465	-1.1684991079129585	3.04003486561672	-0.41103847695970125	-0.9781467421340967	-1.09870192422087	-2.002499655748459	0.3587021403713353	2.522661861691057	-0.822126970633527	-1.3343124668526098	-1.0380198566901457	0.23621559818313775	-0.9897087519582463	-0.999422410654806	-1.921736687030026	-3.2830547942460626	-1.3980369194955815	-0.7695491553075516	2.5815418030693653	1.5424697475365885	-3.3938324190198275	-1.6069873850461502	-1.0112935434427062	1.7003986105678988	2.0041537973142587	0.26986840504384985	1.0198513126087787	1.8587297666692055	-2.616823882174612	0.9843546039310754	0.4506972607815325	0.11803992741718122	-1.441521818677029	-1.6604570288911742	-1.0888540444911292	0.6527589050777243	-0.5859475449233951	-1.6466352372342827	0.8798401373028181	-0.055006805401672965	-0.15509455750021897	0.5722294718929656	-0.2845925935236955	1.8045047481026077	-0.1236963264976722	0.5546422923367903	1.4395484508978253	-2.6210146995258095	-0.3110400666883293	-1.3147340704354376	0.4536701829822562	-0.0024546115397912557	1.1763581992283187	0.11522873059099172	2.3936497126893763	-0.3540073350805421	-0.052103771817134506	-0.4072058598261319	2.2233454365301393	-0.38822005037684926	0.9455177187925925	-1.4236177677666595	-1.9547352073830653	-1.1266058938380914	-0.3731288063805887	-0.6665423680896009	0.44459253525818954	1.7161303057293444	-0.3490866446147808	1.1577915875031264	-0.22216010342206152	2.3092410757294464	0.29902757976413724	-0.08822808624942464	-1.3382087599276418	0.5812977901814208	-0.2586993736006512	0.7216462481049648	-0.13879443769794753	0.532757021746238	-0.14522650106626284	0.6738983041632367	0.6177779248897408	-1.9930108919357772	-0.35194195463305766	0.9027332455303636	0.16103303311600603	-0.4211263470002445
DTXSID2023644	6.459148147765782	8.634702804493445	0.28065377147186354	-0.2345704180389125	-2.817826574806642	1.255695748043779	-0.07579238989990328	-0.4236567662326254	0.050528385457321426	1.0911543998519744	1.6532642502459984	-0.9662934018341436	0.5740630645323787	1.4119172793628008	0.3152124818497097	0.37491032781451133	-1.006569052876348	-0.30381566770987967	0.6965502170027997	2.1833300871718757	-0.6446118896698944	0.0856271283715418	0.0033408518717844655	-1.4515334082155555	1.123994339640589	0.28328068234421017	1.1311883632399085	1.103816602831448	0.06492173644660046	0.1692040525899755	-0.1785968216705648	0.8156839604769842	-0.6420209699580042	0.43957482311546914	-0.03497075156196821	-0.948347159830233	0.4033500891093257	-0.24968939026407033	0.04986262595855764	0.9917194275824148	-0.2514589286942536	0.7679520012449365	0.02715855424758459	-0.6694669789319869	0.2036203503486744	-0.5377074336556413	-0.3019392595618787	0.026331838106485875	-0.7858178060087929	0.6558406316274027	-0.3027716016044957	-0.05596121692123009	-0.3580805928922666	-0.8782811136032884	1.220669171861823	0.28230475275242545	-0.357708325091187	0.05617467709876838	0.5882078823606082	0.7816870971407598	1.063629799310049	-0.6630323084057395	-1.302845426817471	-0.7765775813260201	-0.32643707548047957	0.07254766541288314	0.26036779814987654	-0.8891556335850446	-0.5260510066258007	-0.3279327716316854	0.4269412403961441	1.274006949565788	-0.29713455796592697	-0.5273937336207615	-1.9178828317384187	-0.1792522228943857	-0.7806358972479509	1.0309893083200379	0.09791542842277356	0.6176088519944041	0.6124004350463107	0.38483754183504754	-1.1310340308066662	-0.1318204239542387	-0.41587293647841406	0.6642137686696494	0.04767545112552729	0.5961813751822747	-0.9658910029134585	-0.6325431130454723	0.6299400316889403	0.011283055276223095	0.13043875892552292	0.1398280310790933	0.4105287156909017	0.2935483357858117	0.34713726893851227	-0.012924323345837608	0.1834586297763328	-0.6590989764507807
DTXSID5024261	2.9883484107635527	-1.60653853365482	-4.599570244868533	0.003303716419884668	-1.8698039067025098	2.7645932222496308	2.014282790886969	-1.7799113818475412	-0.6798278200365241	1.3421102082886651	-0.19455987506164096	-3.211605591427362	0.028403113710099178	-0.21312661166729002	-1.6352049632919483	-1.050246333399161	0.0238522821822559	-0.8253882108734794	-1.7593059720203512	-0.9413526293948762	0.16913659588243876	-1.522109182462686	0.6734302062411293	-1.1894081159273515	0.7550205875159667	-3.2846401674079604	0.0067702989296074025	0.17581196267640167	1.0383254736687546	-0.12926156289779128	0.14926811958632527	-1.1604532449613707	-0.5329237075078456	-0.46230050474826495	1.2984304923786854	-0.5362523708726824	0.17177506871198583	0.5074071235227315	-1.33663112664239	0.12064890565529221	0.649953756936837	1.3938346221001099	0.5111036920729101	0.4127938363743168	-0.09995576469536134	0.16768980666249036	-0.922286349910187	0.17829632286126948	0.8790012262654512	0.14625848062257962	0.617242172224442	-1.5255137026102588	1.75965638454412	-0.14661437916704165	0.7647971977271324	0.7126934498737366	-0.9026829971872653	1.582995537841236	1.324626382135228	0.7642314027018631	0.8742504541206936	0.5211682754216775	-0.7132046661559124	0.6115657255992524	-1.3436829627570317	-0.17318092854842285	0.4518141557946773	0.29380243894359864	0.5549847408974143	-0.48477925284989964	-0.1275554440200033	-0.46672923574596614	0.6693139738603391	0.10231859649458054	-0.14888518166191778	0.26249567665627477	0.587824490961731	-0.5377864631473981	-0.03177229288251966	-0.6760988359730505	0.5011206542259867	-0.37267213021451984	-0.13118952026005506	-0.06259825651377178	0.1435883160330936	-0.7679476737139918	0.626282244834232	0.14704356208552813	0.3250414455023574	0.05186582746359631	0.05980695505944606	-0.837771661931157	0.45473113881803034	0.20664910304087383	-0.48388925568037294	-0.278935790995012	0.17703623404257565	-0.3480890164029268	-0.24431303326935158	0.05679533985440453
DTXSID9043853	-1.6346686059104074	-4.167476837333694	-4.4258149025351186	5.872308403179683	-2.9486706679413315	2.1753378791696463	-1.6632719559350413	7.137985832272195	-0.44121337166680413	-2.2990846250172905	-1.5103712944422303	1.4188972310257266	-0.34778044564577865	3.149601977667809	-0.9959838797428026	3.239334371868441	-1.1513771938095727	2.459098117066976	-0.10595727833772407	0.10449469862462224	-0.8699823004914399	0.3169893425347627	-0.3170904538473856	-3.071872243139379	1.6555325362587365	-0.26286420354893186	0.3752938618799618	-1.1344743146352314	0.3669775972977388	0.35856810283430146	-3.3447263181544096	0.9432396993406961	1.1338933310091759	-0.9012958676649457	-0.6234331987155219	1.0534165452121786	-1.425410995944303	-0.5267884008283689	0.564081477004252	-0.530466395392063	-0.8918631429612459	-1.1001095717850466	1.6418350174857352	-0.3921884593258462	-0.7030855743151668	-0.481936780850156	0.8921382445712778	1.75776147691539	0.6610374120912039	-0.5290659333943332	1.3140326882992357	0.05531377260999686	2.2003778145557606	1.8449734176320094	0.24212409341582003	-1.416573119014789	0.6013257681490205	-1.4755022394782653	1.7003690794719184	-0.012808253145342214	-1.8764685065092084	0.916700968868225	-2.1131537975082706	0.8907605369485925	-1.4449828560878437	-2.546517203962644	1.022029531036636	-0.08031965431570808	-0.5629340927057555	1.075539991513335	0.84610139927913	-0.013768981105708048	-1.033940657329644	-0.18621505988892964	-0.2742988916895588	1.5713153624854166	-1.3841691550035904	-0.343982006152518	-0.40083405273261347	-0.07775067825911672	-0.24680683558322844	-0.6169013261353903	-1.1570421892496485	2.5996980749128746	-1.4259572877018436	-0.5620438779396242	-0.4733513336449517	0.6924806084003051	1.0954710642961247	-1.0233611618613154	0.42474866250691395	-0.3056878207018877	-1.0546752275383215	0.26806784066010464	0.26218471392524473	0.2573675819760957	-0.14563435619897025	0.5878340530578487	0.8713265060787714	0.06307067664162737
DTXSID5025574	-6.8792580054620585	2.0735559791578826	0.6584904333638174	0.9958204655593189	-0.42947539106413	-0.16144731693803893	0.2702101112763305	-0.39969651130275485	0.14715140262795176	-0.18334772110716993	-0.7041174141917592	1.0190988846096922	1.796726140850861	-0.1524232166271963	-0.5440576817879691	-0.35087869893919715	-0.34637249512485646	0.5917485672808233	-0.022673700753966675	-0.6495683634005069	-0.9692377729670983	1.2963853526630762	0.1767255177689666	0.5394577602448317	-0.614559312819541	0.40228167738985265	-0.756223645873241	-0.826710366641249	-0.042337718191555636	-0.43761368632108677	0.6669055710062938	-0.28519345471488816	-0.11446854699295235	-0.1728681218604879	-0.05673509437448772	0.5233789369159025	-0.35656319805840014	1.1700137749046953	-0.7120765509941079	-0.4806433972648189	0.40959216933057996	-0.3711782474792229	-0.6579909909642735	0.10001163257887799	0.4716389666624214	0.5868250508767606	-0.5892975962147987	0.081375975679792	0.8609782161549676	0.00789631654384573	-0.3813681460114696	-0.52056607912211	-0.7046531405510167	0.1968414363916823	-0.2670764499052145	-0.7544410385263872	-0.36823902567490285	0.28531600019360226	-0.12391526623499347	0.28612872372123094	0.30521531882814656	-0.2660245103451132	0.45684068185758425	0.03203472910197318	-0.03608447936292993	0.46773781166005135	0.6638500384605759	-0.4028758312666202	0.43580044107241683	0.15210739903571485	-0.07992134379848014	-0.17928006617204595	0.29537323304388363	-0.020183207362570028	-0.6091247770063276	0.579041590936176	0.7437864433466793	-0.853466526269171	-0.6921571397286914	-0.25496145155610406	-0.40156339802508567	-0.4789485225985855	0.2755542614063855	-0.06292888127793876	0.08012281801362556	-0.2897561720162607	0.06602890618081964	0.15137868360371506	0.436932332085047	0.2067717582328967	0.2758012693348686	0.22559219095506441	0.19943988589961592	-0.13571596432384445	0.11502611445288767	0.579710449377107	-0.026494205374610082	0.3509610246246349	0.15083428347088537	0.18646576464009904
DTXSID2040739	11.921124539925884	-0.4781006414883963	-4.9815705673344	13.127223330389162	1.5004082647331072	-5.551861038679054	-1.9399560597335685	5.707631733748113	-3.59226816101183	-4.461224380913977	-4.804683576940721	1.4684681119767928	0.9605275213276113	4.78557155435032	-1.1334477852412348	3.7464123204718476	-2.947984871129225	-2.381810869170472	-1.2539021265049932	-3.082122304611268	-1.9843653221631476	5.265763129268705	3.227304449999508	-0.1135541083816092	-0.454830182796824	5.046838156556537	-6.3172910117516805	-5.363892386184136	0.74269339706477	-0.2906415692967723	0.3463415469110717	-4.39369074061021	-1.0882098511481737	-2.4183854283972734	2.272688587846842	-0.10848663762640924	0.5997774523850152	0.16749439945171313	0.24831461087059495	-3.2550444032224948	2.461831186242978	-0.7544241505536996	-0.23853743434321328	-1.918353709089591	1.2836702493119745	-0.6170787418761876	-5.39247543714446	0.8764220002356031	1.2586251049845059	0.26348002659097375	-4.779515778718968	2.2475867968284255	-2.458811392421732	-0.2181148756151526	-1.5359433014911406	-3.611423082437284	-4.492205108360539	-0.17734018274065913	0.850547210826458	-0.8313142672575539	0.4331061323457089	-1.9125290481854649	1.2212928066625126	-0.16239506232519701	0.23191414952533673	1.3291777008312726	0.3970860338178383	-1.3179283597752651	4.672492662195124	3.1658777824823767	0.14283880913967623	-1.2261015218455915	1.999390789497166	-1.9737747318528487	-1.8047973379253923	1.611585966817742	0.8596093519216993	-1.4431953983522567	-2.6143593358441017	0.5700963663345515	-2.173426734702908	-1.6020835667255902	-0.12528097982208514	-0.231657065780915	-2.356359900962396	-1.976532185428822	-1.8582656613603066	0.6417497386423259	-0.04644396614857994	-0.14065624185728906	0.9153291897405681	0.811227664373625	-0.5885404027569834	0.7208259399167604	0.1422139063359441	0.10322394409605408	-0.5705032580198051	1.0870831461413593	0.5498865163665876	1.0966626167927158
DTXSID9046603	6.642416791010583	2.609282151081634	-3.0154350357609414	4.670866890840976	5.65705527411433	-1.1059346320747225	-5.193787057130335	4.008783765026538	0.4350528527455116	-0.21348098897904663	-2.735166595822269	0.9942708333357102	-1.1905253138292533	-2.312643328292036	-3.9248910962165593	5.548321101457584	-1.6970844859448329	0.9016996594759756	3.917277102524026	-2.372972687051932	0.45640166572881946	0.9055314968021584	0.9007761039315975	0.6228544689040637	-0.135737677528514	-0.7498112755951988	-2.6261570250668074	-2.6241070614870896	-1.1697314222289072	-0.7029184848097313	-0.030313440919524627	-2.1748124084825853	2.7841039564375447	0.5172537065926976	-0.6283593741091338	-1.7289270259797953	-0.23873932474738127	0.12512037572046622	0.22142550153778706	-0.5797917268460719	-0.42902553893079565	-1.8793194558286013	-0.5779656364400373	0.014207307030947296	-1.2781324781015413	-0.9306986545178847	-1.9680333467213944	0.4251209899754137	-0.24945582334092442	1.7621787129340034	-0.7241076318897219	-1.0109645757057208	-0.10287112318325259	-0.05866917193920144	0.10632618165734577	-1.528362335965002	-0.7011588663473753	0.05675642825972751	0.2049722930742163	0.5981997807786115	-0.8868579727036507	0.5382489963576483	-0.6014963644584327	0.14688225550144532	-0.7829757248843434	1.4345896151828224	2.1595679541765307	0.12920859645430335	0.5143834490818815	2.0856803861256576	-0.583521646996486	-0.11894787116490672	1.4472690894496028	0.16659924260105263	-0.45316359300476394	-1.7782512302699502	-2.4800768676062046	-0.33832835773828207	0.5024686227583283	-0.6469921836216873	0.13735065765239665	-2.3964009072056984	0.5987782684418591	0.20105179718555416	-0.6840505282474284	-1.4202102675723198	-0.8909525808992247	1.055099009033494	0.823518525129776	0.7248047749987485	-0.1436449040019025	0.6442544985893858	-0.18595283362915752	-0.3765681907647052	-0.05340136959188978	0.4376948378952844	-1.1622193608466411	1.465578647014264	-1.0687228929443575	-0.24398691091802782
DTXSID0026098	-3.894701362306522	-2.4302919144060247	-2.958556030041027	-1.090585060089188	-2.0143860970105525	-2.0939984026160534	-2.652062195124578	-1.7446080695674189	1.3598502215464687	4.907971342542853	-4.022926046193492	-2.6752651339416156	-0.6793471432389588	1.650759185131622	0.3169494948849037	1.1530899182785452	1.8242227351769174	1.5372028533966728	-0.5564999149342074	1.4549145616302077	0.46524549764341605	0.4392544197273528	0.039629118791737694	0.46999170662358614	-1.5467675971998012	0.8122985322212453	0.2361614606211219	-0.4707177593255371	0.29772945968011044	-1.0794385344294997	0.5533655445100449	0.7713960205100124	-0.10145881347422925	-0.13491458073941198	0.17090214598596337	-0.05533344588123234	-0.7643438153998048	-0.6588020438716509	0.5672552880894792	-0.241920104490716	0.46354420174631183	0.06842240979341883	0.21139662641937587	-0.3331712373192145	0.327095396013664	-0.08847027429350011	0.06277375991854368	0.35327618369963054	0.425948336918586	-0.11206311444925163	-0.855655219512203	0.6385548271917894	-0.27696283984572595	1.0047584150453996	0.30588557926710674	-0.7189296055922454	1.1402861263193087	-0.39164898820105204	-0.5823438106237112	-0.21608222476643568	0.4519365024406769	-1.1410442824268152	-0.16429659040997305	-1.4696111240640366	0.6948592984845389	0.24429907747675628	0.041995863415143046	-0.23221684850492935	0.1688843079530835	-0.7781456792037603	0.6446060606952935	-0.5326618889419866	-0.8592656332536883	0.20593753755486796	0.28467591079608096	0.6267307484513482	0.08338801894522457	-0.18580167985285617	-0.8850609350150337	0.1715346562629741	0.5009391526504486	0.010981429851941702	-0.47689440197985655	0.13105743738422287	0.08088552047193868	0.1884159009614816	-0.4715119005003501	-0.46440920266700164	-0.29100580003673393	-0.11371099352963375	-0.2517931901588325	-0.6284931437239221	-0.2615891104168145	-0.43435642105301353	0.13227557833121129	-0.40562335621286644	0.6392942796977177	-0.2340977911841903	0.03511327655469086	-1.3571659792827337
DTXSID5048924	10.532204812360563	0.8416564102443305	1.4201630062764148	3.445391164646918	4.545313256621432	0.7945000572133698	3.7891084683205487	0.22831795759239115	-2.7132974710409123	-3.7646401362531385	-4.298034662170244	-5.89331460151714	-1.171032526904095	8.10644937419747	0.2465995283077462	-0.12413623836185429	-4.723305814289049	-2.9583348231664353	4.378805541063135	1.3272415415396608	-2.1674199475687095	-0.48074291245525497	1.285239396535456	0.4935066112723584	-3.2264281441673437	0.009954534602756861	0.3815983321012564	2.1194287313227425	-2.0348545126464876	-1.9980784764794632	1.7187482424521003	2.8607990494232625	-0.48010931323332884	-1.3150129322208504	-2.6731104013721603	2.0568715151410943	0.5850248520741735	1.3021787741953852	-0.687575190763894	0.7750741074081643	-0.6352453706867132	0.3783924387107238	-0.34633685990253504	0.0760375909975777	1.1993091679898524	-0.2150441600544192	0.9036019513897235	-2.0025809229411973	0.25952346380842134	-0.7966581193806354	-2.810652787735225	-0.5184966040675313	0.5523189463021119	-2.348390053851461	-0.6931319374970039	1.4415330961326784	0.7749830146247536	0.42437015270103295	-1.3511029473419456	0.02462102488681154	-0.47525382621728485	-0.4099423268464961	2.0663400886765326	0.7253024958839345	-0.2832217337999705	0.7627494091691326	-0.699969950442903	-1.4343739200848074	0.12608593199281218	0.4389742144513854	-1.2745553529521065	0.45487724221977377	0.3532740279503623	1.1858490576347236	0.1847962048496987	0.5167560461889176	0.0025547302083928913	-0.8716936352934574	-0.3741856638682813	0.3406370966240434	-1.1428046896254933	1.6385698431047195	1.6334979455381844	1.886628216913089	-1.2398916609342954	0.9788329244761607	-0.6771773462343635	0.17359965199323804	-0.8045991006180485	0.9562242222442134	-1.1479348361407566	0.9886306542191353	-0.706737608434632	0.5089963279103468	0.31822187512225514	-2.4633199062974565	0.7635334007045709	0.33023761219376535	0.027745710157705113	-0.5614522681800996
DTXSID4020533	-7.528197331616047	2.640367706516355	-3.027750775994433	0.8480589339350629	0.8298111633547213	0.9477892686230679	2.2755835514560077	0.03369737462468613	-0.8396621707463591	1.7230938935278843	0.2898540948173833	1.686466168036638	0.21702545255583466	0.25586643418041083	-1.2661688976427354	0.6656439250209485	-0.9500620956321134	-2.6035209682449225	0.12315858512093568	1.3013784727285531	-1.7595683805345395	0.47272791462436015	2.398014144801469	-1.6074420735797113	0.2614214571617646	0.9678594368416558	0.07079846824839321	-1.1290194210017275	-0.4140823787594222	-1.6568992743819235	1.137103930187072	0.8880812795323005	-1.3089331046637012	1.342223557383128	0.3499078210123443	-0.5806657342975579	0.6153530762472982	0.8441507588266735	-0.5405910804200139	-0.2919245222702236	-0.019317347993219703	0.982550159579648	0.5151603015559469	-1.5050598246207758	1.1336877464114736	0.024010215491823243	-1.670891453922047	1.1406040798800152	0.07786392263127656	-0.6188218453889242	-0.5905014793400051	-0.5008828849970094	-0.9295963240791927	-1.358329330942729	0.060481265269434446	0.20555191589825778	0.4579173358268183	0.08817696456962805	-0.29796672106902833	0.20192536826089072	-0.05383232554904741	-0.4944057766556193	-0.5605307679577181	-0.6788868164672902	0.8867938493029873	0.002726163246110299	1.6967636581998626	-0.11488736840860565	0.3237521770306436	-0.4857221513135548	0.8918627233030253	0.5758169742040647	-0.2364173720657489	-1.093849048998259	0.35581802242680916	0.0760950763535566	0.37668494536683655	0.10787602908218792	0.6214644688071854	0.13230103972825755	-0.26585579075225635	0.4713087689932039	-0.10497093610765713	-0.6575779601722408	0.6979426958492366	-0.570030172061706	0.2268069360838614	0.28042795853222874	-0.4106755728462717	-0.1283711942888163	-0.1942474507429725	0.26695599992132063	-0.43191141356144097	-0.7533576943025643	0.15870035728839135	0.7807986437992881	-0.3424732573820852	-0.3406434732228689	-0.3924175353941055	0.7508032796667105
DTXSID3044623	-4.79662523455683	2.341908563117162	-3.790551393612068	2.418056423333963	0.7483776317212322	-0.24936789300922793	0.9251689173590918	-1.0250663983349608	1.0768975153181597	-0.6602325032221911	1.1889946399545293	1.0203051831432672	1.770107679520236	0.9131144180465334	-0.22187028523808808	-0.38826493584346244	0.38383347184486094	0.34233558110722134	0.3522576566582576	0.008066796919183371	-0.8521525565647888	2.0363943117574967	0.25958658568577675	0.4701980998131864	0.6465414374538478	0.36592204854590044	-0.6158545124163285	-0.16586246350674266	-0.5451340722799168	0.2720221489014884	0.40614845694465085	-0.48246975548973153	1.089995202642044	0.5905711481243464	-0.1869818193065596	-0.4027521440421731	0.08654190716131444	0.6569457658627562	0.28634735765676306	-1.0900967364501066	0.3220953096198134	-0.9252247896067889	-0.2979997111090592	-0.5577036644615259	0.5498357094057925	0.11229666153894852	-0.7363389836273462	0.3645269262381244	0.818872120322343	-0.12027501229187249	-0.29886298505461895	-0.2786150155443355	-0.3228826579003434	-0.6606830340935583	-0.6562558115409594	-0.23276658056230376	-0.829135019925198	-0.14083942030268665	0.40734416111089006	0.9756370767218003	0.4243815808069734	-0.18631699148225037	0.5079186293225086	-0.6439980890020501	0.24624725012492693	-0.02424925211173621	-0.57566860876156	-0.7229052711871196	0.4250018387363513	0.9997123098265084	-1.0991601603098609	-0.44218601776962607	0.7059314689836694	0.358679597604459	-0.342538610637121	0.13875305052043904	-0.27819424487404487	0.20411527980352193	-0.39668478721929784	-0.2037580128668796	-0.5577349872967056	-0.48272229115017035	0.06590702666041612	0.07458331950089749	-0.15993813999588297	-0.3286980950294456	-0.37925147220535305	0.05448547047551488	0.12507083057555043	0.2113586907298082	1.004019669629971	0.8010242641720074	0.07187444168743605	0.33181337969137653	-0.45023352403116584	0.329722140633469	-0.23346202870897342	-0.22135765730715015	0.2444616185462423	0.7417986142563526
DTXSID2044684	4.307150173407526	-4.3294373084139535	-5.403778342888043	6.9938259201903294	-0.2829912262930662	1.1798449752980544	0.822182319942226	-0.7709252485194761	1.0097729793841017	-1.496856852631392	-2.0273011824173643	0.08082148004355061	1.4342719312289733	2.1164981170742503	-0.09136342938301553	-1.6219295095663453	-3.4826180423819704	-0.054875532100102896	3.6284754103142713	3.4505438270365514	1.000309735268654	0.022021748508665912	0.6385798893085701	-2.3731212372884345	0.974757338158038	-2.0436643122385276	0.8142179779097201	0.7611770021387314	2.9217899274704036	-1.7749559156479446	1.7762821922893806	0.8402203883554857	-1.4090511066727591	-1.054762011594199	0.5617119319902543	0.5648931386921602	0.7878770429062587	2.816758260054493	-0.2568761005799071	-1.788776724088955	1.0834606638715563	-0.4694543693568992	0.1898657351352104	-0.8159075712391416	1.364945999639095	-0.583491392404478	1.8172797079538685	-1.8629211599104007	1.3600648925548247	2.508998044153219	-1.6073246922286022	-0.8887955156171735	1.5980133390383782	0.26294448288619027	2.9706878806779824	3.7506710600391506	0.41721292784358155	-1.6601923059612214	-2.5514193791069286	2.714009411802364	0.9847978831650983	3.6309476010674584	-0.7919904437274672	3.476495030563846	2.90784710540681	4.308325787653714	-0.5071411181687875	4.591040963416446	1.318760168743121	2.039943246005264	1.6877064950501603	0.7680029934034895	-1.399304949014277	-0.3862790249221099	-0.10945865014360685	2.606865915419862	3.5721334578830652	-1.735432586386135	-0.7726709447917017	1.9125099112595334	-2.4877022659085206	-2.430084310207218	-2.4990186417187346	-0.1417928026064504	3.104396633465886	-0.7045916990214398	1.0443702544384903	0.29178179111663444	-0.5671108248012929	1.4428149988894536	0.3707618353007101	0.7898960528359327	0.639259754398877	0.3074604907190172	0.39978135883987415	1.311092573588482	-1.2563762563400553	-0.18450051638670412	0.6490517615445354	0.5406744652125385
DTXSID3032464	0.8313022532989554	-1.0019237684157207	-2.2123666116902885	-3.327724971830803	0.5757029831078152	-1.9247635243300247	-1.7414961437574918	-0.814916157736347	0.16522916924520797	2.101026136666055	1.022848858385063	-1.2028493711595518	-0.8136071501683385	0.7023137336008586	-0.29089527736026244	-1.7188250118107544	-0.09700862797000366	-0.4766593726410748	0.7205339247619139	-0.8929788703882927	0.40477001936612583	0.4115982539414691	-0.14865273697349674	1.457045887216722	-0.6401662462408555	-0.6872584656546779	-0.7711719177098615	0.3475758022319922	-0.002956702033707425	1.7087085486698395	-0.154259391179365	-0.4299658064966459	0.747690491227161	-0.8174878268904574	0.6859194461527549	0.20326472142307495	0.30707729550082113	-0.2673688297135892	0.3895468956368623	0.5745817498720588	0.10190652070605861	-0.4002411926127831	-0.025282357469479377	0.37560976588803263	-0.21075550375042867	-0.39374410854758274	-0.28668225781419077	-0.5250899795525864	0.5087494279570642	-0.9533646039099639	0.12097840677988833	-0.21446601789529296	1.5982765924717592	-0.5239270284006177	-0.45721315003669416	0.4095000882898719	0.39348667192557274	-0.3346395519667504	0.4230463743473564	-0.18632020811106342	-0.016256288635570108	0.12489509966816062	0.007193238077982567	0.33561637154102225	1.2776623915581597	-0.4800850181230755	-0.814549748392381	-0.4330292461161412	0.661868783138682	0.3287234667883995	-0.4860715894810979	-0.030636618950330166	-0.6371567866663188	-0.13734622917537592	-0.007401941238819175	-0.23579211426402108	-0.255222840746463	-0.28255662143388316	-0.1975774864338096	0.5784945963566769	0.4400816660583373	-0.2054150314332055	0.28294167359155714	-0.46398233880058143	-0.18564495709850928	-0.2559334028908725	0.18330986638540078	-0.02261351860731934	0.30961105484940066	0.2567516766850862	0.6834606692962787	-0.5317489886844218	-0.33450025805451555	-0.21322013535432124	0.23823001283855647	-0.2261796211586218	-0.5414151623252154	0.04107649347964637	-0.2426658662202372	-0.5319162883833701
DTXSID4047917	11.704265949836502	-3.402504576040224	-5.596172086745609	-4.483282454625441	3.154158376217597	-1.6536771773803491	-3.9952306048681434	-3.1362398138622645	1.327229683338213	-9.764946165689437	-7.0317650997168215	5.654629640796769	-9.117173508992588	-12.153620134222257	-3.117280864598514	-6.809936891719738	-3.5842215752494844	5.103797959257356	1.3344499110659938	2.0943903231856082	3.7591565018084787	12.16148545837121	3.401887472650732	-3.682718779264757	6.504129930998274	0.9428483933318895	0.5215313352656298	-2.9729072999856627	-5.779025659023696	-0.6353576524361093	3.2838215631538716	8.673657509814204	-2.663868680622931	5.213885326342488	1.614284311562035	1.0659090834891027	-2.097768836143159	5.360659093073993	4.2108112839270815	-0.0003922456501977504	-7.526674689483709	8.098431456962674	5.8831501227305845	6.527891362891911	-2.2133572772132175	-7.724327798606262	-1.6142577291191587	-1.2721014139394735	-1.5447888671254721	-3.7008481678056784	0.907927335194125	1.062932832559166	-0.8998129706555027	2.3087036479545606	-0.73751123727624	-1.3998478847586344	0.8527218203834755	0.41064075909007525	-3.5943202929369438	0.0037692419157284523	4.093169191819548	6.554372532305224	2.9170837062530164	0.6760532022215311	4.571188711578353	3.565876912673432	-2.1729429788202235	-0.49433730568937057	3.405319042308271	0.1469778812046327	-4.475781532977113	-5.4152891715832645	-11.1004712413946	6.481721641228094	-8.50397919963634	-3.9333679463350917	3.598648561816611	5.437071779945557	3.143896090416484	-1.588516002733913	1.805907453581094	1.8493984715856235	-0.9430350022774951	6.417455869890865	-8.873018780120692	-7.339143360717687	-3.9882505124501013	-8.271943395044758	-0.9100383738767958	-2.924558237346018	0.9534371937332544	-3.48142778723878	-1.3451222455314238	-4.209584270137496	2.246685779223359	0.3939627189648253	-0.7206649082346178	-2.4975100253220903	0.3153746337993451	-1.7329918963764335
DTXSID6025725	-6.499125415514163	-0.7003325308898701	-1.3236226463049798	4.190430254606754	-2.5026734345815527	1.8378869227698582	-0.1278024948556073	1.720899515884041	6.660152715095099	2.40581219452476	-4.328669056873492	-2.54777289014362	-0.7096275236212025	0.37286670995309357	1.4750341742364013	0.8274426603296255	0.5425058091259588	0.8468373699453245	-0.2323798523042861	1.554982752596198	-0.45349670590841135	0.9845288336983387	-0.03078592993808156	0.6097059869848651	-0.41840611337896555	0.7536546097531023	-0.2072839689285004	0.5461491145249566	-0.24081375058263305	0.7404260542642757	-0.4035467571279013	-0.16671716511383422	-0.4958682144389021	0.4909230883971579	-0.07405668138293373	0.13029545533293527	0.4396577697301922	-0.1540931797783859	0.4943012813208923	-0.5972239234194554	-0.15112006369093944	-0.08375989099938516	0.12442207427621639	-0.23682149772704525	0.033787533659155704	0.11194251382207109	0.40017492296205953	0.7312929969724967	0.022347433207410956	-0.07457909803836033	0.015872572248922155	0.2733374612793262	0.12759087484025416	-0.08774688889706041	-0.5363561999753915	0.3911102412452502	-0.013506294262026809	-0.16480153577161952	0.25866913684932463	0.0941063052177886	0.19212672856128873	-0.19733901458489317	-0.21900813693356205	0.0631712684698265	-0.5779158978480683	-0.26225316059515436	-0.8663513138570265	0.16170728101154958	0.11375485032746016	-0.17207451400565088	0.13694968632786975	-0.13521251102929796	-0.12706041755626993	0.11178742352892983	-0.3309784035114377	-0.14996926064333987	0.0027578040336884158	0.16236570003575598	0.11317366935793226	-0.23970767098017973	-0.000745012824673523	0.0008158467783448538	-0.10866930282803401	-0.1668412176145052	-0.09985308724358868	-0.3055718065525977	-0.08818825715448123	0.04180463461255537	0.17267255033858755	-0.08773051311124375	0.14990050113400985	0.029001386626004218	-0.24222571272467408	0.10671589356788455	0.02399290519663062	-0.1495793476333882	-0.054249694816024235	-0.04782442633290573	0.12761166683555425	0.1342042744604949
DTXSID9021479	1.665185075392719	-1.3198344618977955	1.3434558213268177	1.2166450442143852	-1.1482078392985302	5.084860212308123	0.05258756305661652	1.133426905420849	-1.347176213156951	-1.2139973985343886	-0.4805674263671375	-1.0169306161243608	0.5653532687815223	-1.5900264715742145	-0.5281269950480785	-0.5930251533463283	0.12585060896068467	1.0770068941425015	-1.5355776197244175	-0.32887414802227266	1.1622692931105516	-2.2085916887198698	-0.3900851096230448	-1.526466615445395	0.6450032546677528	-1.083355852849141	0.9890614241021882	1.752464049322241	-1.1994048966480721	0.21984799582584094	-0.8625904237711552	-0.8930810910549225	-0.22006656344177086	0.19124605897185257	-0.8069630520403194	-0.1796565021249162	0.470471505454319	-0.014444225019247497	0.4445015844251306	0.5697314570379246	0.07064367995667822	-0.062083551281362954	-1.009209129328442	-0.18103384018521876	-0.36118508853770376	-0.5932772156763676	0.08912735673220092	-1.4372314296556101	0.9004677862004533	1.2575112814746152	-0.15973418909701667	-0.05689673816956646	-1.5696884820043604	1.1814869649468136	-0.20309501662441112	-0.24889733492183083	-1.6351799080602005	0.15921720453049723	0.15504496550044583	-0.8641626607646147	0.16485089275846154	-0.10726234710628228	-0.18564801939407502	0.06504972959100437	0.22481249513362217	0.6556828725438443	1.1111178477579275	-0.8253488954920146	1.2105232045334036	0.8925380933962368	0.35699745838065716	0.0900053631262552	-0.2530253447323917	-0.26651065250160855	0.7054471658568786	-0.5201331634811825	0.09652601096479285	-0.15710128801882098	-0.8136101982432886	0.12071437713422176	0.1703405685119157	1.217044363330013	-0.4186303594148722	-0.9691539916482338	0.5522237137438836	0.9350999284883078	-0.44554791289528867	-0.7697136066928596	0.7101713834328326	0.5796109332494764	-0.7693527004428947	0.9920980148761555	-0.6749112778709688	0.11806828914016859	-0.7714035024410496	0.41773377656858557	0.38838907139851436	0.8688742483275369	0.12368936639079453	0.1683925119017944
DTXSID4041600	0.9415713639509173	-1.0507374373641212	-2.692196706681203	1.1574117721429886	0.0049300564627838646	-0.7139995612659013	-0.39550195759750806	0.818574869904715	4.854957479978699	0.9559562513673916	-1.3985177606657837	-2.9344656742254487	-1.150068340733763	-0.8368671847108019	1.2530984028889103	-0.9633085465805572	-0.1931607166176921	0.25401132253734143	-0.6382485982088798	0.6007020987697659	-0.05457725665374187	-0.02483207361529387	-0.49196171303590613	1.3897723490436933	-1.4729905986185277	-0.16502426063839934	-0.4515423931628158	0.4838110047884302	-0.5006410394228856	-0.08822669007210586	-0.7366457885892363	0.009863752260457322	-0.542968235057329	-0.29122346530452936	0.028710840535415103	0.8131458821458881	-0.25165696969876	-0.45111813899083814	0.72298227335115	0.19487220690085066	-0.2470440881750086	-0.12726490140064928	-0.6533969545709533	0.5467687552258677	-0.10107057317761735	0.3247032352184048	0.047452512363380724	-0.3257138960495453	0.39051264890929493	0.28024157194793126	0.6264274493983157	1.8571200861752912	-0.6457905158635362	0.455191435261862	-0.9344528161192552	-0.24511350762583248	-0.6697629382763242	-0.38884566827310135	0.6443594740050933	-0.847009823897122	0.551930884175192	0.20390219715498328	-0.3936456899915008	0.254074196806365	0.18476782128395794	-0.11370031925949851	0.19982638912493642	-0.4532262155846742	0.7889290207549875	-0.21242371943285118	0.14653150714627097	-0.2008796418510813	-0.372771922417504	-0.47569251801068263	0.44810619091318094	-0.20505904446254597	0.27331006307663724	-1.1705549356960325	-0.7437158746280023	1.091777458040717	0.9391065967326236	0.15841926681177593	-0.10057149153029292	0.061547985591912165	0.1610524751293922	-0.08494414004284248	-0.3103244263438222	0.122889305785395	0.8494161274243264	-0.3909393877599669	0.18708511542424852	-0.34910899398549033	0.7576370388772083	-0.3027168797063436	0.40303979185476757	-0.07230239078727801	0.767106369577865	-0.46461674648596607	-0.018438259317374	-0.7037382991210501
DTXSID1021617	-6.111698093713362	0.5405536843359078	0.5855163142037131	2.611309230724765	-0.2799072037073774	-0.38667188873639036	0.4472782359367921	-2.0610091189118314	-0.32498554051075357	-3.0809299619025796	-0.6636548930492832	-1.7666759922951933	1.4330032581932084	3.9345653532999587	-0.28359486195970635	-1.4726354837154756	-1.3136852321095567	-0.14415569720814525	3.2838307691025688	0.7838499454009092	0.7276440340815234	0.9848897896265103	1.1692268024486774	1.03530575201263	-1.1317246266854952	0.4593876695713914	-1.098869383538824	2.8265631126280866	2.238975583085835	-0.8576247998258812	0.6484961637794727	0.11093114360043246	-2.2274624873547344	4.104868395189165	2.1439817260636365	0.9293518251853341	6.507715355124144	-0.762200914416613	-3.213204323124442	-1.056476732385772	-1.1088108153437948	-2.7066240909649024	-0.12756174095661127	3.9472886746292044	-0.9165351784822707	1.4289956604935934	-1.8395518740901942	1.1075264889015919	1.7819679072205197	-2.2526091630002645	1.8524053851608961	-0.26974771289528754	-1.9921348374724732	2.364697378080976	2.1432621503810085	-1.7248867264969479	0.9598656375479631	-1.0319151335720758	0.416805950719983	0.06361667154204168	0.49953178675485144	1.1050998182077578	1.0397065010574331	-0.39965678783513947	0.6069944778595011	0.03724998575710718	0.17555029860318053	-0.4903912760237618	-0.6530355771830738	0.6180731279245015	-0.5940011648189407	0.4346200335605333	-0.13000076314386086	-0.21544140082236934	0.2185676091404927	0.5154248343122916	-0.5124255493769305	0.018590355006935157	-0.044338068786876204	0.2170321506001112	-0.09619645531589449	-0.7571574785682845	-0.028989678961234985	0.4382217661887082	-0.13347690305881665	0.4168320347424554	0.5570460984727531	-0.05902538238589084	0.374622767471615	0.06009420681759567	-0.25840651376930707	-0.40525174168071176	-0.2604893875040979	0.31184575069481507	-0.4589806808128807	0.7125778727091585	0.4600791456217186	0.4488350406770913	-0.2010381895201547	-0.13993819908825805
DTXSID3024522	-6.646847345450493	3.3840115639305504	-3.0007210236551427	0.6825816242988205	1.0530521285382743	-0.3912526369779562	1.1273192645262862	-0.8461197768820246	1.0971249244716805	-1.0758030432046164	0.11412470696973695	0.7041643343441556	0.6689097602080343	0.3611937552241467	0.5815994045278285	-0.01333940284964087	-0.25164532809555573	-0.2602156801054533	0.7497280951614348	0.02214870235991813	-0.15687296621814237	0.6481687805910462	-0.6022791399986296	-0.0338809012371065	0.7897679518334728	0.21943604499741537	-0.13909641709915888	-0.058694067967297585	-0.36384144771839905	0.11354165739416174	0.4944407817642786	0.16428263388940612	0.593208176750578	0.1612273168472785	-0.4960071388707822	-0.0833011843798349	0.24212020661207462	0.698132110147217	-0.06318369002095311	-0.24169517150518682	-0.24811226926938854	-0.15652954543776199	0.20877150434436395	-0.36767613645424857	0.10896280610520702	-0.198138556438321	-0.11496369726556299	0.6757307837445666	0.15189503476961075	-0.9916782511277816	0.24750550093159823	-0.4546225458573613	0.1955118165222078	-0.19835221680040926	-0.5781992250145778	0.030906488664599066	0.21053197993551873	-1.0568847739003064	0.5007706463988856	0.23384646016358138	0.25389848753877553	-0.0866678236518019	-0.21494394756729707	-0.09311341998987151	-0.04402507401470217	-0.8243229163622087	-0.9899345658481293	0.27404236880433475	0.2634885778867175	-0.04557241680108698	0.44678190922205485	-0.4082926617101795	0.03342972516698653	0.30012271968964077	0.19389420235205165	0.90277046402306	0.097712561202981	0.5764753364090317	-0.7118169205227204	0.23134005040732733	-0.0374128156216852	-0.4595730585099366	0.49289875944955724	0.6286738961425914	-0.15171004492411705	-0.22739267219388862	-0.03777015163498233	0.3021997876537836	-0.8594238885234362	-0.0698862732205936	0.413462004600523	0.19134184208224703	-0.5332752547031133	0.15493309241926878	-0.6584792298065033	0.4949035970397936	-0.28521313231702494	0.10574470274491096	-0.04434458626287206	-0.3309374631762828
DTXSID6044517	-4.493374231359102	-1.3392179683559275	1.5690233955085175	-0.5937971224144092	-2.3136884306624586	0.3992417446956448	1.220352518771485	3.531189687481198	1.4838445153461344	-1.9065501368361186	-0.04245217261440399	1.6799006742673441	1.0537749685326097	0.10862148299465564	-0.8734907006180771	0.42158286582670107	-0.43281636603928875	0.626451036505946	1.1151033661563687	0.08194239546758761	-0.5731289366380969	0.5490274117518715	-0.6066154625406671	-0.3790088042766086	-0.1382196209106861	-0.23841928000534676	-0.24876952323967755	-0.6740769579959318	-0.1405309203847781	-0.6668882799408601	-0.7126838337209125	0.14137191830348425	-0.7432587273954796	-0.2004001057290438	-0.8313201122083775	0.4661582980523815	0.041080284459942856	0.9393158829826835	-1.1849952125529777	-0.4089092687277862	-0.048919720485052304	-0.13472937497069473	0.11524552080713046	-0.09367200805090083	-0.048068740997649406	0.7070004934472601	-0.18483671672965554	0.5744094009940971	-0.3410122081522819	0.3001064262976371	-0.21411895374851547	-0.30899685057858517	0.608332860563817	-0.056252095398411785	0.5694954694779196	0.14586161182244436	0.2539073121989864	-0.5400147534511316	0.5885834261234154	0.7197005941537954	0.045026964545431127	-0.4412735872775035	0.7224163022874287	-0.40257714382405185	-0.7064839501884309	-0.3562632779423284	-0.5418735268834075	0.30974726988791906	-0.5979572959827355	-0.015564437518150873	0.02229234292727374	0.060203913874981904	-0.7034175514892592	0.025332588420089844	-0.14749209405157193	0.13793444355660056	-0.7512035323421061	-0.3263063806448691	0.36199416377174753	0.33601361025339804	-0.3025921313259253	0.3631822668783599	-0.10309021397887519	0.4286444256654869	0.338074860840869	-0.22414629921778353	0.3611582951039523	-0.38289259420280763	1.0501412213138186	0.3482161765259828	0.10161407625140992	-0.228752041892663	-0.2143708986994012	-0.24455057331357957	-0.05223136845973788	0.1041798937834186	-0.39554720984953246	-0.361162188925764	0.15407735962889513	0.28174881820142095
DTXSID0025604	-7.864163259748872	3.618302517037484	-2.393061401708782	0.3058494687940732	1.3292874861765802	0.2202042455963547	0.8758040784236906	-0.568387600691565	0.1352795936678447	0.00989277512353073	0.2971440478151326	1.258108667503906	0.36592515567008627	0.02994930826022877	-0.011694314603131027	-0.8828328005698916	-0.8836612711570974	-0.1733054635361698	0.18765465928901667	0.23442145490710073	-0.9119112516242065	-0.2526318933270334	-0.03376299657416458	-0.09173963356381709	-0.7743134694458031	0.5815519746827953	0.8992749542767474	-0.5779646038473787	-0.12824327187348175	-0.3789690728160314	0.711537091525666	0.36990521611002825	-0.47417472935010285	0.44239550655022986	0.39204972260251725	0.007046301204658056	0.2806261735422476	0.2552639625725554	-0.15386834331473168	-0.4900487677468944	0.3351925735235246	0.0911084504537054	0.0670519722253327	-0.26911767794993163	0.9294303105612105	-0.09086714345392538	-0.3124918577865328	0.46882869675586053	0.09035083516100867	-0.24018127023283137	-0.0660344799940841	-0.1815461088221059	-0.2435860811623007	-0.9298665919793376	-0.2632654964485671	-0.4692167023500605	-0.14634261278189348	-1.1132110665487713	-0.7639756621206124	0.008583996374800378	-0.40478743500554826	0.1411188453045853	-0.48970695370665573	0.005465074097337717	0.36274045759436785	-0.38652609288330064	0.08340233010279485	0.09372152592725824	0.40851275901074946	0.5917122760892054	-0.6663602123350817	-0.26334488719515037	0.6162277078055688	-0.02813349108674951	0.19439393978077302	0.06844741189001768	0.19143031887929932	0.22061591775102055	-0.4320158021769486	-0.3792166102616858	0.15773880195319034	0.457300211443659	0.4686571120021016	0.09293067774116072	0.15047181457513603	-0.13786964094784146	0.1591059687285488	-0.006351247104231029	-0.6414493252688356	-0.4882368499169841	-0.7599078999652045	0.6797730896541846	-0.3552059577474737	0.1998847502785773	-0.052890228858142235	0.31200781807892775	0.21251651200380453	-0.2749576795856432	-0.3150278362552931	0.45221719225128276
DTXSID2040945	705.9666320192875	-221.0965464726249	-64.70220775100435	989.208544141673	259.7575314410095	-231.08723651840413	1792.8209430796378	326.6103496841978	-431.0920965852407	2093.8207251873296	-679.6253891721492	1805.9727218304986	434.4428560610401	-150.94786991723973	554.5002217115886	-920.5311516271508	-586.9376543174478	969.8467408388851	1194.6296873363758	323.8206093990989	909.5444461711253	-445.09761414701615	-603.155913718417	151.963544070988	-350.7528853775335	-599.7905507281977	-299.9434347496114	311.72649731914356	72.06661463020802	264.0856007511244	87.86246293445696	411.5065158544947	-60.35956993750916	246.93098365920517	39.14124153238061	509.99057270348413	-138.40762553827787	355.33278536211185	-293.25805103181045	104.27193377207503	-29.200547663790143	66.22924996519647	-128.9247538236612	-103.75834848502379	-42.33634653906167	-28.853709294594733	67.56959213419015	-248.65276533741272	-36.078827624891986	162.95234080831793	-25.885129425945692	-407.3943154864063	-360.0774777129779	-58.81254148054745	-88.7525017756154	-148.52379182084138	511.9810406092671	83.47348058576691	-758.1826908507304	-272.390991951375	548.7693227082178	-526.6340703507111	294.50763377404115	65.21694066483596	-446.6792195677593	-1433.0639780062754	-127.05621650173812	-568.4991357035352	-458.2077571988552	170.07944429658127	-506.22430507790597	-855.9749288759449	-162.30494569670788	-213.630224676681	214.7592273075901	302.4771980932224	-884.4874956767097	79.0231087465286	57.25440656983634	-864.5621616306532	908.3121606138511	-808.176546000863	1144.9266077590626	-1415.0479800480573	-1103.7083592900979	1131.7260098413165	-355.3375693975338	-501.73595287621384	-135.10107702958123	-338.55263053891343	118.45853537731108	-925.0141534679107	324.44614002030147	-272.33977814934093	38.3446120353461	2014.6974969066553	-193.44356639547362	-64.933962239459	225.1247489421862	886.7397419901835
DTXSID0046806	10.792844851262693	10.413006460239865	1.25454193035978	-1.9518226311315643	-0.8747875474361743	1.2020555541039752	-2.1680521929584615	-0.24509856525438115	1.0474654303352788	0.30519308888993146	1.6886947481455143	-0.9024249611873776	-1.1565378674946545	1.047627118386808	1.0495875081790311	-0.6511726920274458	0.2070461046257966	0.6277897855282121	-0.2913817708730218	1.3338876776603155	0.7154899020483676	-0.793754139626525	-0.6222363562887	-0.7271963351331847	0.5749732568321297	-0.3883934312412449	1.0788661118767895	1.2596062469578024	-0.011085098666109428	-0.6753470667423753	-1.12683649450071	0.11480859178704371	0.404165135681778	0.8836444780209678	0.08465954016400093	-0.7235497437922604	0.17028059908656304	-0.10459314000543006	0.3877862630622134	1.1363817770133808	0.03908920590447775	-0.017556701288626884	-0.20767921766720468	-0.3294612857162189	0.32636158817089883	-1.0757367353456941	-0.694942123827303	-0.19826961756272826	-0.19601184985796638	1.0685614162938109	-0.13070247560465317	0.020756739577477097	-0.1733391684889542	-0.026414436652516447	0.6483677617203799	0.9605746126346291	0.4214521177974999	-1.1983439401120515	0.27970372011320827	-0.005255660452733052	0.1210318731329349	-0.454784471597893	-1.635067657680767	-0.38802974240550864	-0.5752525185922432	-0.5909632390880966	-0.6317150988831642	0.015996452867206853	-1.0222746953449657	0.438354414833571	-0.7336616298731624	0.3404312446280132	0.1089612354191945	0.6807662807339114	-1.016315349879275	0.22385929689123107	-0.530492210185826	0.7219352175277888	-0.4154758539386305	-0.21696693979190523	0.30144507729932185	-0.17382319027649804	-0.35867407691729897	0.02044443264501237	-1.0154914552264442	0.36392770434436084	0.7732205379546251	-0.03986473273642824	-0.5094011666254877	0.3264407938163267	-0.34995348753685446	0.360417809900324	0.09520474034330366	-0.14236608960292077	-0.39635561699850796	0.13772785879875413	0.5938153949218734	-0.004367859929353136	0.11425164701677079	-0.6020597131816701
DTXSID9022445	-3.7588651305647143	-1.4852725261201136	5.19349171034589	2.2631410984941542	1.0807128037427016	-1.3171762328836338	0.5435071678577968	-0.9804248321214194	-1.6779156697948798	0.07254281956633912	0.9169503242309557	-0.3194383434574979	-1.2174485916146685	-1.0662116066910783	-0.35956958577737347	0.7889963742670814	0.12334263374373941	-0.03568496620264564	-0.8916483638891444	-0.1698938311198235	-0.4624380995045923	-0.0984731810314898	-0.4887933926301517	0.5395370661634252	-0.21220351710429308	-0.3025574092969429	-0.2293790767175588	0.07921693262769605	0.11026338106692561	-0.43971323417569486	-0.21919516475907908	0.7089585652775342	-0.5451719494196445	0.628052035439967	0.5889108455959053	-0.5168810458253045	-0.1419387384181476	0.29428406328100304	-0.23363144243319964	0.13031436297063131	0.1217950897824914	0.6001916749839472	0.02693729505730599	-0.6818579271831511	0.3871878000747018	-0.028947992624430766	-0.2660673423949783	0.2550797773781885	-0.5483487243641991	0.7272293312277699	0.21937407213247517	-0.4312092943304373	0.045074037217883015	-0.3835130098095736	-0.06867089946807321	0.47415851292738714	0.07992050466589151	1.1378576037534522	-0.6934342397408688	-0.41308237970890066	0.512502513672235	0.0004218122753281715	-0.3077541613594972	0.3503036359655955	-0.049335350164816924	0.05936705178668558	0.6647388373870856	0.10752055327696264	0.5421490147719882	-0.6075126338677436	0.3670882509676527	0.27397160435797074	0.4577983504520791	-0.05492438505528771	0.11238833159576953	0.4480148795458282	0.5902378014997838	-0.42013699432113427	0.20330895230031357	0.009907837309260864	0.06358852759410494	0.46124232619166144	-0.1292060649850444	-0.156923945648745	0.06999142143134043	0.21354774775925572	-0.4873900657852363	0.17937397921096931	0.17205829528593874	-0.0668258411520041	-0.2504029764277936	-0.04677555689116106	0.5196749498337623	0.006512076384325131	0.010952500453499502	0.26891288735517077	0.17714094429564595	0.11030079837200375	-0.058927494271343486	0.08349960562685296
DTXSID6044981	-5.15539826978686	-0.7549663788139978	-0.873732007529712	2.3110156530086763	-0.18498299034340915	-0.9316961193693073	-2.3036699943199075	-1.9965808889643573	1.8141123148161233	0.4405026509137737	0.41437664604762486	-0.8866713701643708	1.7220738688752788	-3.234269205622338	-2.519643773858471	3.231232629490844	-3.625535837878773	0.7306268149829996	5.033937639675276	-1.573196668616622	0.9979896459761622	-1.7869336808714515	0.6454971082906242	-0.7692905990440052	-0.6043786942668111	-0.3712323782018931	-0.15804744188517114	-1.5676962472403864	-0.7080515740289656	-1.064088142742395	-0.12435704792569348	-0.01639840962452403	0.73703842908631	0.636205767286941	-0.9793230756925545	-1.8094135908284343	1.0699288693653766	0.6551562975307594	-0.3133962178514545	0.09687975325699463	-0.6358038701212065	-0.8652957048160043	-0.27524904647272147	-0.398608174812174	-0.6480783288465145	-0.66776679094377	-0.398827069395643	0.1276585988982358	-0.883078850384586	0.5872483503080739	-0.8133071289260672	-0.5821174385338208	0.18732677140331222	-0.3141426843110844	-0.1954680347196128	-0.2697246530607883	0.022253608357652242	0.13919758658918852	0.059836844989311445	0.6230586654537821	-0.49158104068135317	0.23377710447546446	0.3587803945420061	0.9673525190668283	-0.09873679030286595	-0.17367584842197706	0.329591809739881	-0.2727953641598676	1.2673523736972312	0.29361267007246417	0.13960968376238417	0.35305556645310593	0.26419967018034074	0.12883184910623516	-0.2717047044913371	-0.34756621339120986	-0.7946751288483888	-0.35637375285512074	0.5201657144759708	-0.34341931851069935	-0.6142503153520879	-0.6335631017348659	-0.10457306412647482	0.22517745299781625	-1.0052500956269872	0.6167496299590834	0.10508891240119077	0.2743639137405727	0.12931924334770586	0.1812018013699744	-0.16612029086388502	-0.24981681765867916	0.24571183250687345	0.6013436901263173	0.11332722712514913	-0.44394490106339973	0.3308890173969653	0.37454017697618674	-0.46973658341733576	0.11161616507915123
DTXSID9045479	83991.49922663263	-28472.01902520997	-7419.927558828919	125347.80502543377	32783.578431509944	-29860.035635358166	228431.16276865447	41902.46287197504	-55289.37366025351	266927.77467651526	-87049.28199033106	230197.9414294068	55041.215454733676	-19749.896681720016	71262.85188119485	-118009.17348531162	-75105.87974025306	123621.13892187283	153161.6014710065	41532.573455208396	116886.14413753561	-57284.77966737526	-77146.57965285514	19221.802421482003	-44828.48670162643	-76775.62511663811	-37945.20332639461	39608.35394555537	9302.764621220205	33721.956826599155	11003.41076531822	52970.02724566651	-7640.7889788873845	31794.182740446675	4689.756239565397	65350.98695041352	-17697.698634655128	45683.58477731683	-37511.606428094274	12875.450013968772	-3407.68026457782	7984.612181993194	-16304.511513784122	-13570.84005625198	-5408.725627509895	-4435.726988672862	8603.602918693121	-31360.78885453273	-4289.863806493604	20923.688974035158	-2920.8595766515155	-52070.70093008002	-45813.651672795044	-6992.506336849098	-11168.052529633775	-17925.528157292105	65309.45523143138	10464.713321640469	-96541.61930048098	-35013.569377437794	69977.13603560456	-67117.87479249116	37141.339591716154	8141.560002568792	-56954.110278591455	-182627.47175811342	-16121.86002516539	-72638.45852300334	-58376.389806774576	21705.025116902543	-64315.402798471536	-109385.72398690082	-20840.60335003974	-27252.074586776223	27428.133538838432	38858.004617877064	-112904.9341406262	9549.875770341388	7008.439860622231	-110479.78290549327	116188.40837630273	-103087.10304080362	146423.52605018194	-180708.38900778664	-140953.4920095882	144957.62467437022	-44836.18059258054	-64322.23786469129	-17276.414038936284	-43119.058923553275	15221.799572588661	-118388.19573036139	41476.99755375967	-35085.90531008294	4876.260761585996	257550.853715072	-25181.317926537915	-8459.45595292876	28657.71229052832	113666.7654501842
DTXSID5046352	19.9750317633297	-1.6377407468112373	-5.245391159185287	6.950849031333655	0.6117960556014828	4.035639266115539	0.47227414405193585	1.3174119304290401	0.4866168624280258	-0.4997876294969847	0.8331203893918503	1.9765088106120945	3.478193209412881	1.835639131779939	-0.20364787093942666	0.945836265556113	0.6284514283795162	2.0100346341146484	-2.943430801661376	-2.822439582739384	0.11287188707634534	-0.17794038799541184	0.014205943659564763	-0.29893623540039976	-0.3131047839733377	-0.4124536842636177	0.7273381263920798	0.17599832703503587	-1.534758920520432	2.6089271415098936	0.6294588117791241	0.532380338071732	2.391574150130305	-1.1273109811079658	0.9553612998910339	-2.1123196455510964	1.6658761337126298	-1.2757653427075388	-0.6398005055795346	0.6115623388937075	-0.4533989231445825	1.28360803742348	-1.1017925636798858	3.845027634473517	-2.9933564832709085	-1.4372028610766723	3.712654516728619	-1.1192512312997611	-0.8367124604504199	-0.664328760007042	0.2757697023031769	2.8594430756141223	-1.9457516541664122	-3.1105937720649246	1.909603805123279	-1.2848509396376862	0.24476424354780837	1.1460976434107017	0.32941392301980643	-1.4845550994543535	0.8124689689959265	-1.4990710299627144	-0.4034105916508617	0.7680794153561049	-2.3730313448671407	-1.1127577348133992	2.3095893554708984	-1.0178523565637325	0.3558253771169835	-1.0004097480193375	0.477590641898813	0.04293886379527969	1.1929702492181957	1.2331331867589599	0.3533056361020539	-0.8684554038521082	0.7194033944463061	-0.18544214360893554	-0.9875844186323467	0.42366583203793634	-0.5511545216853471	1.819842684859534	-2.1031865845881024	0.8697267267431199	0.586186377848078	-3.5998266704785937	0.01083096342140099	0.7945296917063749	1.4778365811529854	-0.3811018036047037	-0.263416237171178	1.1811569669226412	-1.0086666074395287	1.00124798565602	0.11083708883905626	-2.016464911933776	1.5056534196765918	0.7841377981376229	-0.13677535956071593	0.050081674890487475
DTXSID4044664	-0.11182478293828323	-3.1373142676524126	-2.4744359717373454	0.22617187465745475	-2.7006786591493466	0.8483299804833984	1.363140147916016	3.255125609060615	-0.34252191133542514	-3.072666899131208	0.4955841280774813	-0.17358706698723336	1.8081940932079223	-0.6750763317612339	0.15891755257799275	-0.17211050776108483	0.8896802768878935	1.3988028842616949	0.660911995001165	0.8312237461005827	0.22797875211629298	-0.9802382397378917	-1.023928429725535	-1.4270786584689121	0.457231579641078	1.1912573751457802	-1.0516035165335234	-1.9510496227050054	1.619238113025108	-0.4169297583040588	-0.9138793277134543	2.0731409415667454	4.382558094676378	0.22278427590513636	1.8196270956574694	2.8068550865754953	2.393914789803538	-0.07363042040258509	1.333800765393204	0.048099016962137434	-0.7718465225277267	0.18488246316272025	-1.0603867427724005	-0.6902720955351244	-0.19024484472978612	0.2681801683958295	1.0108795473836694	-0.6561121140277785	-0.6976352968245771	0.5586406183786232	0.12419463573083633	-1.0928831266920125	-0.6181296452314811	0.23992196069463656	-1.0912671153789553	0.5123887900030997	-0.8337552386280047	-1.377316552632619	2.528221982185861	0.17895570773642555	0.1059189407793764	0.10612070959906383	0.9370872701341679	0.1161727556739577	-0.6653061505391538	0.35340397624888753	-0.2088348335170519	-1.6966681624405446	-0.07525606275222467	-0.043123393791379715	0.6593744985799102	0.7294111307159844	-0.9425543173627424	0.5093109718281457	0.48939568200799755	0.5450725458238365	0.30228067229012334	0.09799263916297059	1.1434062068052748	0.21578837362862865	-0.2610329558461707	0.4219890594107425	0.33467168991846646	-0.4274753806108786	0.01127735578318626	0.25842567407528005	-0.8224993043595864	0.5007251576961905	0.0542646079331336	0.9535629057063708	-0.7802148582201925	-0.32556199374821176	0.09623079535962843	-0.7916217810996882	-0.2836822673588149	-0.4116846404066923	-1.2359434038190131	-0.687845017272101	1.5362513644413007	-0.40031467919711805
DTXSID4022284	-9.149928215021749	3.710640431780269	-2.258635422607105	1.586201586972703	0.058998168808893414	0.2961514750412313	0.4195666685725378	0.7964303671369669	0.2185008690440144	-0.3839179869148438	0.19531543830265802	1.1850074860407682	0.4530095000225504	0.9927790438304521	0.10484717807822404	-0.025674941435239542	-1.0033165094330638	0.19377244436982347	0.9617930560001715	0.1717059660887618	-0.9331689863060999	0.523648149600356	-0.5380020227058577	0.4099454126889335	-0.48931795031273967	-0.49608181730227174	0.22521449492487353	-0.8677957055665453	-0.5058943659701228	0.16472389400850854	0.18053215293261143	0.14804559728695227	-0.17179900758664848	-0.25402727936767705	0.15592851068615715	0.46418709456522145	0.4428156173911422	0.4224858208815136	0.26147496503596607	-0.1145392420167506	-0.26997829708748355	-0.3430180980808754	0.010017437210903148	0.0716540153492055	0.05212980443975357	-0.5727246519954315	-0.26894419959708227	0.7989080637067105	0.14563021849365815	-0.5612731309899835	0.047271484752736	0.029573213898897006	0.4427463508062972	-0.3357995726408561	-0.5010635252022342	0.03432257429828541	-0.006930637166536414	-0.8015174301764533	-0.4967944003930767	-0.5086845743369075	-0.43028311200903774	-0.1745431460182377	-0.45359871881214114	0.5145075713864156	0.2542108272479729	-0.19660088988387162	-0.1781898624365262	0.23570915645090296	-0.17098519100615983	0.9685305995431948	-0.43975105267931897	-0.8421424979719291	0.3089668877553278	-0.09622034471558431	-0.2700076669038668	-0.09401568900233327	-0.4347127795264674	0.21139461573738924	-0.4986439121183069	0.16721926023851671	0.2648814091864276	-0.37446933025459733	0.33996611853902264	-0.009299641903671446	0.3316974804716898	-0.6170699715791852	0.12529569734504092	0.5583707361448365	-0.4387605157311721	-0.23975347122706475	0.21781789963682485	0.34923022671254017	-0.3030414893073079	0.08913861078533816	-0.6195974688304408	0.42252595690418876	-0.03327284457369195	0.36528886429291013	-0.918844092428748	0.2045156231556934
DTXSID2025840	-4.831249531318232	-1.7080610268400398	-2.0767582129931896	-4.185246150868943	-1.42093509681507	-2.2192706737060552	-3.312847559380285	-1.8304108032042272	-3.5863247950536494	4.132400914213339	-1.6811168696019012	-0.09538637686311899	-0.29100189327868803	2.1910059031390787	-0.6478992316980959	-0.35160340377177	1.0098883345785838	0.8327420217803404	0.2580399465016255	0.18226281460167354	0.6042938927763951	0.07657930300191228	-0.19603029634040173	0.7139995043812559	-1.2471836809100851	0.781416464169628	0.16183457519256977	-0.45029415974464454	-0.5980882967716439	0.2599579015857237	0.9901407908549237	-0.16056407904031442	0.33646865952934185	0.06591979915102526	-0.0566709075694322	0.5043499932354744	0.0974280004477567	0.06138396837681461	0.48198549790333156	0.49983188296502407	-0.27325208623531677	0.7649330714800912	-0.10412056751407596	-0.12654337749018052	0.05096843280385181	-0.19327322755730866	0.07811194092637241	-0.5616597049240998	0.8627431421450303	-0.9182860263590229	-0.6266300687561802	-0.47262407207493295	0.016261056536013178	1.0195693280477949	0.9031654386585648	0.1965155519740439	-0.05700188622018391	0.11829570155825594	-0.5481121464048911	-0.7360187754592257	0.9799037485087998	-0.26678741352732643	-0.1727017457959534	-0.416509172380424	0.005669299964712361	-0.22193067867540414	0.10967741292841852	1.0085452557530419	0.17005063547897079	-0.44970320900904515	0.2706176702631889	-0.9308548853506323	0.49058256467258515	-0.3555898249253604	-0.5977865284136954	-0.961321403257479	-0.7772789654143348	-0.16899480684516494	0.3797832792811022	-0.3078652718567617	-0.5116668403325834	-0.6240635040945091	-0.19101962124233274	0.45894965415000194	-0.23493716901541473	-0.1407917603482547	-0.3019394099139105	0.2149544804175925	0.6208495806867544	-0.4193791726542316	0.21047007148990998	0.3338906819339242	-0.43853003422672693	-0.4672444229249948	-0.2466839966118256	-0.02321800227504775	0.9197398299962593	-0.25436404159396603	0.42778436062142555	-0.04681908133089609
DTXSID5033674	1.8735865597961192	-1.0240511810490533	-0.5161006512924637	0.6064519670339437	-1.2430770902517596	0.7399536177938296	3.383401426594013	-0.948293300618873	1.5850577131685843	0.8114850493096737	5.209250595622553	0.553210112675129	0.050290183503437696	1.1581500384758145	-0.7138779973715798	0.6913583090957449	0.8157302915989503	-1.6909300089747217	1.9618733110633304	2.3218300407440102	-1.700750723496539	1.8510790029905453	1.7748440287827816	-2.9568736260743527	2.8694476747293147	0.13933034881858433	-0.5221270140166407	-0.7281021671205695	-1.0184821463259186	0.29325999771916206	-0.4784521238850268	-3.089464707608021	-1.3872345813726896	-1.5174927134924983	1.0960982951988238	-2.1633510250998045	0.2045359041858022	0.15078450797115708	4.25973992396782	0.8825517566172613	-3.0802450225236533	2.296605789152906	-1.5181160443318755	1.1771916876574826	1.2212719462626356	4.492912973164313	0.7911658366282145	-2.1988436911691682	-0.7936912149570552	0.0009806419386761917	0.18132393352281728	-1.8133995888071848	-2.372481650172284	-0.39211828602200277	0.9899845361044298	-2.1456928054589195	1.8082954751526548	-1.5504628493128274	0.4599629780941776	-0.08036534350743789	0.3080242062050534	0.1405269268838864	0.4310193730504433	-0.03963054857352616	0.07421018700689001	0.4155465383894591	0.41212721112509254	-0.005061037807950306	0.2304303166819514	-0.2516959247782134	-0.026970913437127153	-0.6772851230053176	-0.9170786519695234	-0.9887221638301394	-0.4981611079344274	1.3167009784644008	0.010939889776943629	-1.068835402186938	-0.17531145617292532	-1.9602947232171954	-0.8683230792974055	-0.2606615068363305	0.9795386218578073	-0.12807383076231443	0.1471848773115288	-0.45836990615955775	-0.41696210785675836	0.7328688007513667	0.8066829962739889	-0.9008677421077681	-0.8128527710931881	-0.45141025829160925	0.6324698455404224	1.2143999869223567	0.06483301588453723	-0.05565316043948862	0.4094512125187717	0.1800272936154048	-1.0461689062297297	-0.43470964927488215
DTXSID5046938	9.593712639599874	-6.678901859001551	-4.41055011802653	7.708532731441238	3.504914089376016	-3.9938558251150997	1.8953515191145405	1.7793251231697704	0.9324094313026557	-12.654846419450784	-7.0723594828961645	-6.998522335690575	4.650693709820803	11.030184920065885	-3.5565339010336747	-2.809230907876249	-1.2738689113253248	-0.3554898712608538	5.305372638074353	3.725014339282289	1.2530774405479161	-0.6806951449165194	1.419675759084523	-4.44279189488905	-0.12972097661666565	0.4963965189400934	-0.8547837588331882	-0.4580357221086298	1.149552259762851	-3.698704614471212	-0.6730629515013993	2.1493682967434986	-1.6707002932996649	4.45003032398676	0.9909812315157398	1.0653596484354386	-5.725464508481223	8.999050526667276	-1.7259877884131503	-3.252900860949782	-5.182387876525133	7.185601196088384	5.4757067805806585	5.746067659451646	-1.2049163233272322	-4.235330878743379	-1.643104422807945	-3.644305014259062	0.427487148465575	-0.5425656554714785	-2.4096952489858805	2.385852600908611	0.7042074973131851	-1.988662145100588	-2.731881201791096	0.025093248856231033	-0.6802937452020379	-0.4894926210947666	1.6480041628389936	1.5690138718927111	-1.98449177037981	-2.374166662269966	-0.36903584240431325	0.8508720733731762	-0.145331786950415	2.337554491239969	0.2527142696823336	1.6240625378954103	0.04040207538732425	1.4486195350298434	-2.61452371326032	-0.5624677187166351	-1.6850510091322488	-2.897799821875881	-0.794703977727429	1.21760102352302	1.110276166802574	-0.05522326848642639	1.821406639775573	0.49604676409715914	-0.7037314848480662	0.8518207616282167	1.4757614347307435	0.8921013102599998	-1.7016274008837668	1.2648320510811148	0.2724565041370299	-0.19288784252083757	-1.2892848615730048	-0.2854054793198818	-1.0226053297456679	-0.7772359796110433	-0.3235165172739729	-2.180189726400105	0.9554880846867878	0.3832605913641135	2.3242750381431345	-0.4549571787404827	0.34809191709848336	0.16205084515199955
DTXSID9026924	0.45674102652418874	4.961437683414728	-1.8182400569094015	-4.622844826188426	10.716432910908777	1.3618403884824717	1.4530054293314962	-1.7016957372201775	-0.14380705572898225	-1.2677787862946601	-4.099883171172285	2.376652179828468	-2.1687815691678547	-1.5919123848361916	0.23401654842622238	2.649018579938896	3.193509666629224	0.781259865525573	-0.043870841606425105	-0.40630800517121224	1.532034032179723	-0.3384760118243843	-0.4673906764935231	-0.7137815172948544	1.313220009867415	-0.5695229509727185	-2.0356331156624714	1.5014449594710255	-0.7567888715780186	-0.050996285234564794	-0.4633651561325844	-1.3903344108310371	0.681085321067643	-0.6853797451587429	0.5232041338921181	1.1065768646109104	-1.0085583671047174	-0.9993406381542566	-0.191454122003947	0.6775975289705282	0.2625375651501477	0.21549000721923284	-0.9637385959191133	1.145825523684004	-0.7814500802142286	-0.8569331450988882	1.1134556554010404	0.29257750266218946	-0.5188295734984726	-0.3482382280586802	0.755703403210301	0.701576701171559	0.4792210721252136	0.9831451993499488	0.652813421469159	0.36427819742742523	-0.6880478320512614	0.665133745819891	0.3633226533973252	0.33992328506896574	-0.06114896116084526	0.9050156190533653	0.2945951946856161	-0.20295238613487748	0.5213302548148023	-0.9999163091346525	-0.49364244035371857	0.7918837447018531	-1.232187224686042	-1.4872336573850562	0.06351909161333553	0.23415650532131635	-0.37655306593686516	-0.6831938368563027	0.1980866566189527	-0.12452905285045408	0.21152416170016775	1.07885920943506	-0.847859002674279	0.2741352707523918	-0.2480066172403442	0.38584163815671046	-0.08141942788102449	0.35101952397224817	-0.16858530068671532	-0.13583797756786176	-0.08640576962142388	-0.3592733036886811	0.15597301608148575	-0.26241599583034964	-0.6404823702286423	-0.8829866553733057	-0.12384223699528366	-0.15776000701209292	0.16155663369403117	-0.25011753297662004	0.45909147808527134	0.1497394191574122	0.150757664083936	-0.1468627554654816
DTXSID3046796	5.660281412598666	-7.353676417945364	-0.06714286271373221	11.217473369676227	4.692964159711763	-2.0035831471554815	-3.710171743363659	-1.264305819006781	-0.9968418072000553	-6.885917349922733	-0.002880499626733282	-3.396019046597195	1.4460069612767004	3.3041819952771694	0.8574013783032081	1.4454406899931436	-1.6531886878324467	-4.427542670437777	4.1971682906144085	4.080007390065612	1.4738704309061337	1.0159644713002143	1.2323807348672202	1.7442632286095767	0.2963724736892987	-1.301280797834454	0.8157618160250917	9.046378395796003	7.556010698706106	-6.018740747361104	3.816862660048193	1.8335623673256833	-5.5994618745146685	4.149364902406132	6.556278742251217	0.4260238499333306	12.197315000776436	-1.207038490023895	-4.544574150331491	-2.7980168107254775	-2.06205633892293	-3.2964381980842807	0.6966212286015825	7.444932903017892	-2.2692809610241436	0.7373194973395738	-2.4699837194981726	3.2382382406429446	3.4380414650184776	-3.7761240958041746	4.451805681135581	-0.3063848916582442	-4.443491045178772	6.279778119845456	6.610472360404739	-2.376367378931321	2.2483149768170505	-3.9487769026255113	-1.791123662033083	-0.5244663269184172	-0.03742288436137204	2.6019368407330097	0.8607128237887051	-3.0811195713085486	3.0617000780210413	0.48834541756074623	0.49511927720533155	-2.6049968193028734	-2.3840475008678115	2.089775755126241	-0.5332957212970725	-0.6509472470040738	-0.7034668732214259	-0.6939755608738462	0.5295302036166781	-0.26576279435476624	0.8612530291174482	-2.878679884211323	0.11231634520430368	2.9141568545295073	-1.5066372239615282	-3.6453981084121727	-0.535509363670441	-1.064312573083149	2.526343945052662	2.7856457794206806	-1.1611186645319638	-1.546487942746846	-1.449736461065591	0.5476022785486807	0.8150633913475908	0.07415997497858255	-0.4177227389404183	0.769670737766639	-2.3378706661760544	1.9062411874669822	1.2553752603731738	-1.0603370695717942	1.345694063167951	-0.24742149530042795
DTXSID6024206	-2.765792722247239	3.4351984382795586	-3.7502559667889543	-0.9988116317551915	-0.36156271792717193	2.536961974279481	4.283348622484859	-0.2531689571769179	-1.44128186360919	0.3671290882112581	-1.3192981261726258	-1.5459828323572153	-0.4225019273818889	-0.2566163373031157	-0.06629711208740596	1.1066320848375473	-2.0432366359015517	-2.209922067832599	0.15544173467461583	-1.5072093960968607	-1.742078404197018	-0.24705379925556495	-0.9075428780905755	0.005417107801737111	1.3640938330108936	1.1155666068776287	-1.9550716980698972	0.6904392139527629	-0.7022808417523151	-0.6068179861643735	0.7181526888085894	0.9530216370744466	-0.5119891897977045	-0.3200325551213353	-1.152926781177421	0.571655727183338	1.0792462412150983	-0.20941449757378278	0.6993352492413499	0.1182504434264821	-0.4139251087266486	-0.5310876054274581	-0.1287894563618918	0.09302107910142658	1.1955690433529624	-1.2161362038525942	0.8853396436736561	-1.5036252188798112	0.5021233151179582	-0.17776782670065633	-0.09887547148995977	0.2978199132824173	1.2308205384244855	0.6582794379072283	1.0781761235336809	0.036525664616701564	2.527036510351275	1.3384236832827787	-0.8452283637251228	1.4161237483746314	-2.2865972231672056	0.060869919040077526	-0.8013674268815343	-2.3978342745573875	-0.7376503672046222	1.857377873238206	0.33956666343132497	0.5329255743019425	0.6470620984228482	0.16145109457348036	-0.3451462095678061	0.4042104641176358	0.397910840348552	0.45192527650589626	-0.5584595655958556	-0.5743589508176135	-0.25125433789063684	-0.10106950108044817	0.3885558450941256	-0.7385292996975759	-0.09998143212875502	0.05683168534948625	-0.09089801205063243	-0.441424632083184	-0.2901444237905953	0.6281312938447062	0.17114788317888643	0.2630378271881975	-0.03972907832737887	-0.002136289868711694	0.1655651646958069	0.02285726590457473	-0.3153454888665765	-0.899183120214899	0.2759753488808843	0.5626277300679725	-0.04700963005143549	-0.47226295886550146	0.3222756870368341	-0.18519276285967654
DTXSID2024454	-5.571704635365219	-0.43715117669168224	-1.2912701808783127	2.9159928073170778	-2.0454908458611536	3.4418154119252375	-0.1053965114140539	2.344895518029505	-0.022736257306627025	-0.6557726624805486	0.35704875417310905	0.38166280346116294	0.7650411749481663	0.9245462764788003	-0.3018986640490522	0.04928232365895822	-0.46676195148985156	0.8422974125778352	0.922187413856215	-0.410973746725035	0.3904421396810763	0.2595549810313888	-0.3898042864919642	0.3520606740554003	0.25174589385846075	-0.4598726783473585	0.6896407742775758	1.2997697669636377	-0.4656782131670767	1.4219541911682803	-0.8203488214414462	-0.5767461568423378	0.09392459305699544	0.04904924934180697	-0.4254885434254368	-0.46632082786521856	0.6619034842642887	-0.15715673022766616	0.7171742699066856	0.2988394371943979	-0.32371502214920916	-0.4939931515125251	-0.31799758384851357	0.550824822475764	0.02295031398300606	-0.4487512366713886	0.3364521063349113	-0.11957034381871326	0.9293408065653822	0.10782602028715477	-0.3865112602516422	-0.14816334790406577	0.4957952536607096	0.4502106756200072	-0.9598857347632728	0.20873886507750822	-1.512033048256112	-0.12878667863400747	0.44595880153982104	-0.13310518136700666	-0.29591048335386627	0.046707023744375624	-0.11517161940060212	0.17566955833748915	-0.5535509875563723	-0.6798548299934318	-0.22998076725347713	-0.07691259787884486	0.7721703220718336	0.3768857733744585	0.6091653790269019	0.03533318008865408	0.12866818776450772	0.3426289586183058	0.11297645553827705	-0.42487485743144965	0.3504973292024184	0.3790411670129551	-0.2201487419381311	-0.22603479541225985	0.025653008347536723	-0.19513388535225742	-0.21982328769849466	-0.1589808539743967	-0.0781190712761519	-0.08623873270156727	-0.15041173576048056	-0.5471548447320825	0.35873719888954186	0.30179756471800123	0.22621573646660786	0.37030085810681374	-0.12847415875201695	0.08764202482150271	0.08230926622815514	0.003715325734724776	-0.13998895717120405	0.08190913153348375	0.23752517146210453	-0.01853334833795246
DTXSID9045188	4.921808595196932	-1.9680467127163626	-0.9554190066444768	-0.03161749949087957	-1.5053790121250898	-0.12329554471853717	9.69827545174356	5.304349186701501	-0.022610110632727186	2.640845462213002	0.15027302298984566	3.2524112970231753	1.0282750899975102	-1.1662813732983963	-0.8493307593118338	-0.4077360920723457	-1.7097542911843941	-1.3416213480381338	3.8629796732198827	1.9191590151600464	0.8516024663282247	-1.187749362481292	-0.6208280103823381	-1.817873929689464	0.6874944855042026	0.21008264442535174	0.8656040751999582	0.6892563731365537	-1.094109919117384	1.0232221360491798	-0.42721160497720795	0.9965791124857876	-0.9359983465587423	2.431418460254831	0.14084106054941264	0.8203025615217766	-0.7153145267765922	1.1826157175360459	-0.07401915362566339	-0.11993610773501227	-0.38283247455121133	1.5697515095912462	-0.24336783897705017	-1.25818766884266	0.4165274167117866	1.1838099946655634	-0.22179385412203761	-0.35328206318412697	-0.7904846265145871	-0.9813048504150913	0.8792965056009215	-0.0910362798960552	-1.2442502932800779	-0.032041178346539446	1.2292927998893175	0.2729692673805047	1.0015959096334826	-0.8832124022632712	0.27926562665025495	-0.42600890563829436	2.1979019925549834	-0.5745956292567215	-1.4603168129322435	-0.5328869217155952	0.4843732892414849	-2.7317508841143985	0.700267129255557	-2.158861977329043	0.9960126273879686	-2.212065259786221	0.12891043762171467	-1.9346145506142673	0.2710885258096918	-0.31250438619009796	1.0104973160858228	-0.39953747783423904	-1.0709698598433661	0.07750450435701853	1.4035490360828535	-1.6415049655822695	1.0826657207133306	-1.261105035221906	1.7815041898002129	-4.054598361615325	-2.3982140410944037	2.998515717860152	-0.028941553193367234	-1.2127386605413129	0.8357180136971187	-1.2551441008513404	1.377907387005507	-1.3333190027585615	0.6372876018639311	0.3554692696309709	0.5501565590192452	3.8044824096537213	-0.992507046266347	-0.09218446295562988	-0.5785315748238924	2.1883403211972485
DTXSID0045385	5.2170732730644165	-4.1287510187416165	-6.512584091618246	10.712061511280606	5.260751914959873	1.315832404607371	-0.8467873869725652	-1.9960166985516559	-2.5074541623234325	-11.666561967895921	-4.809427156815891	-6.503238843787804	1.5589593219347408	11.719651446924553	-1.6306523989935748	-2.4281833664903756	-2.7297214575453537	-0.24201208506451524	4.76958143137413	1.7031816385392846	2.0347787179454295	-2.424840729725165	1.3286045649022147	-2.9470790690949626	-2.3699570441939066	-0.9562386455093173	-0.7819449232228824	0.8512531961304088	-0.6709406133532391	-2.5037475396474234	1.3001650877973967	-0.5532770605106918	-2.0672628562232815	0.4739461614403979	-1.153503924852942	1.9016260909284712	0.08701409762948754	2.608279315026237	-0.6240314507601494	0.4524364588472689	0.5327016132159682	2.1664784655881846	-0.9574069782449619	-2.1402812065682078	0.026829016071335886	-1.0631036686842208	-1.0165409126625558	-2.3060409260167782	0.7777482733222434	0.9182778601935849	-2.30381677928771	0.5708354510770571	-2.1989233019101637	-0.3580470253913666	-1.9003750464640192	0.5985060481679887	-0.22874431357494573	0.06478314536169393	-2.5337551257756212	-0.4878256199325254	0.041186780238466184	-2.816588653161323	-0.17528105973348046	1.24560040926703	-1.080674603975339	0.524433817003918	-0.5652433699759843	-0.4015190954343093	2.3221821834270195	0.7351568945725542	0.18320963714337013	-0.2651233315942858	-1.3361328033540278	-1.221490405412772	1.3752085707887705	-0.6124801197411607	-0.10651279080632177	0.1919657123536938	-0.7040518591134357	-0.5575401272094587	-0.6436058039234673	1.3276718442568372	-0.4030946342501747	-0.3715799385313468	0.7506510891407923	-0.41098764639714475	-0.024711801596487504	-0.3750510871378158	-0.1990180944804644	-0.2670985312993678	0.12018816901790601	0.3329846204270233	0.3400765181809054	1.1194984294588355	-0.47167058477415175	0.3267987343057105	0.14829650571704894	0.6597842993910662	1.665347403679728	0.35961717870226695
DTXSID2044474	-6.006257057310436	2.2156121550706294	0.7997876094807832	0.5554882464700841	-0.487745844641695	-0.2743966199108024	0.56718996076129	-0.8120535780660019	0.2455449419836369	-0.5879182872713824	-0.5909227852945633	1.0215201925824076	1.8101501677572214	0.027230579081538225	-0.40505916696557026	0.18136056510484833	0.07790897739782152	0.6747018526606975	-0.049305867392474355	-0.6468458908383987	-1.0747402987972476	1.2404395730211306	-0.2722696026654558	0.8349379305290047	-0.5709343410570736	0.21839014535749987	-1.0688702895854039	-0.7435267494677721	-0.5893476979231099	0.4079454226230055	0.4069206929681119	-0.07547501806143955	-0.45565666493663065	-0.543559070839273	0.3627214485905946	0.5129581598301095	0.3503408644918542	1.3509590430758178	-0.14871883753565737	-0.63624389225243	0.2967627814819763	-0.8159789518972029	-0.6506653419859411	-0.2653445002364573	0.20606719003644014	-0.03523107598593766	-0.5324402313561831	0.4569531876396033	0.7019902921651848	-0.05407092451916929	-0.4208866626906089	-1.1712221823290903	-0.3585778245837732	0.14675907758766413	-0.5175812579608502	-0.5323851450803877	-0.11993882518508306	0.10449144663870694	-0.16802652076399052	-0.22608060897120394	-0.1618918643718577	-0.36394602859358616	0.5482241190701532	0.5876891966156851	0.5349774408239325	0.7475737350467538	0.41594905017870987	-0.6878137680203537	0.6026222562819951	0.3277908156233535	-0.07771869914349594	-0.7057155933942716	0.44971496348316625	-0.1842331799115515	-0.6132970638865302	0.18916621302707018	0.8675687798352925	-0.939536220588159	-0.5713628460339438	0.0237429199638314	-0.1897335394129608	-0.4997276997262063	0.5645199344056502	-0.4945617397755301	0.19003708396993227	-0.29904512944422434	0.44572656031181773	0.2243145308644117	0.2345002925189663	-0.04027311007444052	0.39781254236762026	0.2457692710864026	0.17139851763497965	0.20663084469590945	-0.026333210243964074	0.4719334997140089	-0.19549191106308209	0.276305076953025	0.1910188357054661	-0.14508502105176704
DTXSID4020959	-5.736028073324786	-0.2857030653353127	-1.1973305227459148	3.914993743990728	-2.358881303508236	2.0675118725699217	-0.18660010957563725	1.8954434764516366	6.879284042642324	2.252779276695906	-4.186716062932944	-2.3889405960459578	-1.235010464509421	0.3806412964813738	1.6127257414691258	0.41920628790153663	0.11876200826970265	1.178857585913353	-0.24593687234761902	1.321399187295387	-0.5383406642949594	0.9550773632650676	-0.1667523116937997	0.9282125428964827	-0.6956198357542723	0.9232791031304101	-0.008332162429717162	0.30236223154252295	0.04432883458910979	0.13803779588930964	-0.2527554285028047	-0.3591625787183823	-0.4059104116091102	0.4949230144419581	-0.23873297070964977	0.2931910586304567	0.042490439840826594	-0.22611521527499812	0.0487592847114215	-0.45247919812961557	-0.28306122801108785	-0.30037839043076486	0.09480569768214821	0.19544460265187424	0.23977085502218948	0.5795268326297149	0.4031838747493359	0.4179080627865053	0.15643365568548437	-0.15988384952229084	0.1027956095170812	0.7715813276898561	0.0012116696664820374	0.05226483456896788	-0.6830865219156224	0.33622805193733674	0.04630093371446752	-0.167218264473976	0.6649910346220348	0.10308231311655022	0.31285897682914415	-0.34645887157433997	-0.4338344946114824	-0.08648945368630806	-0.6463635912868625	-0.2689668470937241	-0.8623220592155538	0.35033710975158144	0.13733769573704996	-0.3133328242528821	0.2514834024930234	-0.2736949650540867	-0.3488136754273261	-0.07427344637214585	-0.26499530891540835	-0.1053669488431019	-0.05285225472247213	0.06721410935119086	0.18744883475094648	-0.18745033233580122	0.14795887494420346	-0.04065268309161921	-0.1286370100735697	-0.07382794766154266	-0.1300446828044146	-0.4085555908518098	-0.06986693546330859	0.07774710040119866	0.033965140506355095	-0.017535971587333485	0.22264206519621954	0.06706042645829795	-0.3188878175623752	-0.1090831444623035	0.061761276360875264	-0.1373247757840905	-0.1017879636965421	-0.09716573573925638	-0.08507888759518899	0.19644156667145016
DTXSID8049414	-3.2471182599493353	-0.12906378094550822	3.7357573937934245	-1.226684704423958	-0.07135492648329653	3.0145905977900282	0.2034450285150071	1.0973386893291022	-0.91007479856004	0.3484095934995567	-0.8427816698059805	0.5307918463468111	1.3346970141870762	-1.8733605459019298	0.039641412869853315	-0.5826642633803313	-1.5675619032673325	1.0449227702446149	0.6095905544213625	0.5521086038852774	0.46910123244779645	-0.5301635137388951	1.0197640475526577	-1.1750988202381853	-0.8954187284360792	1.1734112182980228	-0.4501783846718392	-0.12572549955940826	-0.36425696457335954	-0.6000753072485195	-0.3237774070394964	-0.9349243483987747	-2.1252206410122145	0.07596282871373436	-1.1522721175105683	-0.26557244280644443	-0.4388492783970187	0.8304447861407056	-0.679616651711436	0.278699302353289	0.21037639407203912	1.2013569370522734	-0.38898371919791663	0.45107615826899333	0.7260370917769198	1.173924155891504	0.07723207581243141	0.3924447355575805	0.597918480483923	0.3823025471018333	-0.9751008490665466	1.2334304771344369	-0.2493685608026295	0.5270580263200566	1.6758049793502974	1.526706003910537	-0.4904500736398836	-0.05513964253385406	1.9375064121326229	1.1620929107882683	-0.6175849622108556	0.2199290644782495	1.2664811775963982	-0.6217250515723491	1.0583962489651555	-1.0488116972208588	0.24031901567436512	-0.748894683352029	0.38123086833063796	0.5446802536373622	2.3933153146537323	-0.29668474962344343	-0.1797698491861834	1.3287341332357543	-0.639414845282526	0.31687945014816005	-0.17059915764397918	0.08332641304106478	0.6718062759213803	0.3996167832033186	0.195554913991817	0.8107714003748463	0.4583079145336569	-0.706851301292978	0.7972279150990348	0.6307353044268311	-0.8444686791352163	0.6255644651312507	1.3565690104518566	0.15757272285446844	0.2346255034856643	-0.5125996962472834	-0.20251718741834235	0.09967391866957268	-0.0482261013851629	0.07302966900313476	0.381622280379915	-0.08962348886439961	-0.31890610492771815	0.19745261901635427
DTXSID5025364	-9.723345578127121	2.6974144041396584	-3.5291523080087837	3.0556361315128524	0.21082375675230777	1.1133930795601839	0.3272557005561207	-2.864322004192324	-0.02511146661263748	-0.27616985284766116	-0.1828921803540261	0.742793067153795	2.8921434934979606	1.0323454928622644	-0.44220841001917277	0.7044161921406457	-0.9698545503639219	1.936922804644439	0.11373902055321246	1.66598306069683	-0.4485574148215498	-0.1297480135591805	-2.1978263518786165	-2.575205132639421	2.9465416894732113	-0.3382200767108109	0.7774619759704681	1.8972797115741273	-1.1274374103247158	3.9958147920216787	4.109800034684414	5.662380112147687	2.9097478772716467	-3.937217138754085	0.3985012342601065	-4.737812253103124	0.36861801155202034	-6.669412294502336	-7.711947130881015	-3.946945782457667	-3.972363581092734	7.908592156860969	4.374335047355817	-6.893035162421548	-3.654363215765409	6.948558163635394	-7.560478947322127	-2.163857178963956	3.9187498311044426	4.252184448988588	-1.6754338307418717	5.203212136110882	0.18831714133626343	4.881949240455643	-1.6851293675259933	2.380284774260515	2.5785432520754887	-2.3180264203803156	0.031788592322944176	-3.9239158063443607	-4.408602660883795	0.9474877887930899	0.4078983370115667	1.711538239889539	0.10037864875430676	1.2953085529425246	1.9879871251858765	0.22568850348700487	-0.867663519989124	-0.8636457604293675	-1.6348812223024571	0.1806215784600479	0.3776923698225612	0.6797218386914192	-1.619371418638352	0.49951061078867554	1.026852656338626	-1.1591758001056889	-0.28190877700890093	-0.6137914277414894	-1.1386827957026224	-0.034082240206035654	0.3607343904081726	-0.23364926200739367	-1.619008995589711	0.20088191838156483	0.3939109246572749	-0.07265114869265246	1.1640524438945916	1.2208811117273304	-0.4990815199766853	-0.7936768728299376	0.5449140876001408	0.01733759460382726	1.0053663298148676	0.3466842765452781	0.28739383527817547	0.42689131366637506	0.22990678722007876	0.3498688965904492
DTXSID4047593	-5.793355854674274	5.605051856340927	-0.021360834301483344	-1.0666190509378988	-0.20611527515942418	0.15175542520444538	0.39629729336465863	-1.0080155735840859	0.5560423770113239	-0.5113008037934994	-0.3717994030445821	0.5825920880598906	1.1036273754379626	0.5750976543145638	1.191986463474313	-0.7169886535063879	-1.0222334659121148	0.48380617854737773	1.1689584691691755	0.676048372741279	0.015189942614541601	0.023041389604356127	-0.8702880641161742	0.036134943104964956	-0.8619073479861475	0.13759250934995024	0.5558683389637644	-0.485603708206367	-0.26627386961764665	1.7292249933822692	0.6871058053968127	1.530193156670816	-0.4578325130380312	-1.3148850950853845	0.09807019178634888	-0.18014138067423205	-0.10629144104254439	-0.6733023256017023	0.7821049673723313	-0.347914901037097	-0.47118293486341595	-0.606009458222794	0.1110519735623048	0.5962881061894275	0.19693534994450954	-0.6018968099170572	0.40939137426522787	0.7822206928338477	-0.14082134835090265	-0.5231517810614532	0.5756431872709399	-0.4320965296126261	-0.12445376104178832	-0.8602408401309881	0.6841134804098611	-0.8164882681590936	-0.46586828643841	0.4880231780521125	0.3422885643049148	0.5838494463639428	0.6002736747076054	-0.45583345431420336	-0.11865656072860493	0.30196440554456394	0.29145876375497126	-0.14555729081469382	0.11684040496733968	-0.1178208296582364	0.027113977785435492	0.5692364842075037	0.6107078662398885	-0.5534191744844855	0.029133893869930306	-0.12212261965669878	0.2071123017314996	-0.04517574260643377	-0.04515169482814255	0.03720696420827086	0.09297536358152164	-0.0658442917162088	-0.29177597119557447	-0.42307006201884084	-0.1334605820742462	0.1729790923255027	0.45730019615581585	0.14321254945523995	-0.020125173780707436	0.15466284288170598	-0.3550326983397027	0.10944022118727455	0.38298649591032735	-0.4343202141967073	-0.10948041561331362	-0.032239933749915045	-0.01682408774057511	-0.03332509211408083	-0.13380264855265916	0.021710579633766415	-0.37101667377351655	-0.09847155918947814
DTXSID1045297	5.367239980580638	4.975296642293618	-1.6094719761123115	-3.7333382491542113	5.646792889094852	1.9884411274896272	3.148879162641887	2.2124852124908245	0.49143986454726174	-0.38705834446475534	-2.3002104697582513	1.0552909212216606	-2.4011675257035976	0.2885400085747019	-0.2752114288091307	2.097669605164123	-1.136264646224395	-0.22567883492426932	-0.4180769369454349	0.11694891652120362	-1.0469359142455479	-0.9800589066396113	-0.5820762013000952	0.05937381038738692	-0.8776631408587547	0.05491497164425404	0.018094511296813717	-1.045323198934036	-0.4991490647398827	-0.030306953363532493	-0.1090287678647257	0.20046373676161694	-0.3893869227967031	-0.4730974612629937	1.2397243840899634	0.49608178731270375	-0.2065383487118648	-0.7869427414401348	0.5927187684425389	1.147312474333431	-0.9854161800202177	-1.0003111588126339	-0.299236082239258	0.6729584518414762	0.03612270921151117	-0.7957779168991822	-0.060949361055446724	1.1670339204739237	-0.6079145543983095	-0.34996223594237635	0.8785137850337448	0.895774317998455	1.109762772215675	-0.500421705505102	0.2914065126538892	0.22805341436823048	-0.8837857053537245	-1.2068041691467064	0.4814769197639638	-1.3256035917737565	-1.7742574530386062	-0.06805668003533584	-0.7948429983732538	-0.5612169787911828	1.9350825100109696	-0.2810201779213725	1.759362603040443	0.7876083529105552	-0.5830503821191099	-0.8829389114071879	0.07024130368035489	-0.564273525077348	-0.24722164951946693	0.5898595020804128	0.4972901502358696	-1.5796702983070499	-0.025485317579935152	0.40422813952192466	0.4813509890340976	0.505500633824213	0.6734451759584748	-0.4928316327476307	-1.4714693248515391	-1.4493297205070892	-0.8754121516766468	-0.35852573848756675	1.1960456306648926	-0.4138249872812911	0.6106186552982358	0.24937187605351716	0.9815837655431171	-0.3189826577821033	0.4199078627944792	0.08630998558361187	-1.0801558291304967	-1.1878007037239975	-0.22550532399585943	0.15983809902088397	-0.5755989992449045	-0.014942147924334624
DTXSID2049345	-4.11230673138588	1.6478333135388499	-1.596456226927522	-0.7634358618396746	0.6501796035581476	-1.1428142112872797	0.7388006466723719	1.0998196098767752	0.298571375215029	-1.4584406758775095	-0.3352364450704855	0.4725892370958075	1.1981547157195687	-0.9693158083452149	0.22898982170014295	0.1731913263553186	-0.7455968627732845	0.27057363278155355	1.343028620640339	0.7234448532794578	-0.3733905316419898	0.7200819257599338	-1.984661998188783	-1.1809375231711365	2.5389965390631835	1.9297169516157942	3.2399480623020342	-0.9692985993529908	0.6565074343735884	-0.5332412768676034	0.2229073395075144	0.28895362296815214	-0.14577863898234691	-1.0603059747153731	-0.45785418508223863	1.1009199451857026	-1.644588766763931	0.6014525347608786	-1.0256731138948079	0.2751183596042698	1.017231040926602	0.10787898043557417	-2.064620887037	4.065154982945648	0.5228948983362147	1.9530171853963652	-0.43503012405703706	2.091303799549263	1.5587227277270426	-0.17345948409392764	1.919954674406438	1.4649826047215848	-1.6158947441755618	-1.0219247167247922	-0.858678798677295	1.8065249246410862	0.9510606975879077	-0.10435751154834992	-1.0368681754266962	0.9905896338394049	-1.126718710019913	0.6542515555299159	-1.0854780041822392	1.1283559716919058	0.4956790815810381	-0.4498612795312639	-0.5938169100691083	-0.2587458748005069	-0.1044143528826788	0.30647849183362247	1.0312781637234214	0.9420043490363984	-0.0549276163222581	0.3994359136827121	-0.9237752583983024	-0.320447810349198	-0.19091800384295654	-0.897910526346859	0.6834360062311873	-0.014349267009095041	-1.1515947053899471	-0.7285014082006445	0.5591415447756427	-0.6370284991648626	-0.007481529730232117	-0.22831026270541513	-1.1525717531279756	0.0230525811197746	-0.572107029549989	-0.1804908661800939	-0.00118536357931925	-0.041356622753654176	-0.26251801239743733	0.7248339750521078	-0.522324687402058	0.989052226677497	-0.3956771849045082	0.5950352654179115	0.21089820531157813	1.0269082711237894
DTXSID3032541	-1.7217078938787698	-0.8756777217702348	-1.1354538489085333	-2.480200379507183	-0.27764837219707245	-1.4776912997925804	-2.9968822629714444	-1.7247414356743291	-0.7420575078448481	1.365785615017014	-0.29266854545511767	0.42871603515582507	-0.6441792099761701	-0.7093060823592782	-2.620914714263191	-2.5902040585609982	-2.796359040263326	-0.5772893444611787	-1.193548521408054	0.9660502006366978	-1.4278739094749597	-0.49103536563138267	0.015593364067014216	-0.1915894784302227	-0.28479034107575624	0.15895461680694467	-2.08591421088538	-0.5579892696362161	1.1830858125696015	2.803988317694032	-0.5191404475744744	1.961932349664191	-0.1852104172481105	-0.04574218114270762	-0.5972211171648936	1.1425886622749308	-0.5029968527485532	1.9655797724966828	-0.7509212440942201	-0.20201147523468918	1.5032050700581148	-0.6704239576584691	-1.3645814571325647	0.839167229946733	-0.8091482093701928	1.321379239402139	1.02454165704278	-0.9195877496472251	-0.06134211122684507	-0.3803695238449463	0.035796134324585796	-0.6781988556284424	-0.3259857770650308	1.790727884302304	0.23005364201184683	-0.30072285523297837	1.497462438317078	-1.1103920753033314	0.08017568389297038	-0.7324205352205866	-0.37250791933279925	-1.4838468486238805	0.11476636232228805	1.1871078985586674	0.31080711711273595	-0.6525331717277781	-1.966580170813948	0.11404054181366688	1.0390393990602822	-1.5606283279005144	-0.4576442086025501	-0.04971480837254044	-0.09907420947508531	-1.6762840829627357	-1.5228000475271757	-0.25380334473739014	-0.6889191620019988	-0.08264910499710089	-0.3011925832091767	-0.2778964110670914	0.33143421207035006	-1.0118693162393637	-0.5709434014898364	0.06780454167479125	-0.1401643533724234	-1.2621268990925596	-0.23758328553529887	0.5479795171657017	0.3212598388401659	0.4582072698085228	0.0021432934868172793	-0.6851802623547649	-1.9565852031459676	-1.33406261773299	-0.01754035125639345	-0.13318424295304987	-0.37115507791803876	0.2804410769537246	0.5501626797943918	-0.6433490390604616
DTXSID3024362	-8.251829979175568	1.450834504730481	-3.8895816136882475	-1.3894658827142596	-0.5310112428272853	-1.6971919259337958	-2.264006392448491	-0.9991628822229504	-2.5935024812114023	2.3424683978731897	-1.1823352789690886	1.5900313594332147	-0.5758004961091103	1.6266840418648048	-0.38627308684761097	-0.8232284720326437	0.3756085476431207	-0.8897894714046951	-0.3063095793705667	0.25609243068501925	-0.33396495746966326	-1.5486211266112606	-1.559532695938373	0.8184146402867012	0.21529797240778858	0.6333748503835445	-1.642912676668281	-2.431679452219282	-0.2821133350363973	-1.4358749615071873	2.885313440578371	0.8289144624988153	-1.479266851833245	0.22189483137683472	-0.4664361140293368	0.5295190651529575	1.8272032564579324	-0.01074078914088409	0.03126351893255487	-0.3844910520560433	-1.0805016400374023	1.1111047325021706	0.23187709826010663	-0.3927285403060958	-0.3630442278023496	-0.15068685638266202	0.9252880843325443	0.14270966074967614	-1.593919594167632	-0.7198521702806556	0.5191969195765439	0.046117562795508694	-1.2510318210584872	-0.15139590042725345	-1.3678103477971781	1.1794831633762424	-1.3809586328252108	-0.7379002611405793	-0.036421180952866276	-0.4637538895463816	0.1120218302206734	0.392559712846627	-0.4560449259619741	0.38332389802945144	0.2357741852812737	-0.39532539955980106	-0.0908821857995329	0.363871869334913	0.2413112891619902	1.0587373138739633	0.49433234385167907	-0.7820510082920117	1.161457583908252	-0.4230355096519414	-0.544570986310498	0.5175033785648782	-0.08135825120106917	0.27594367818987725	-0.15855585256476706	-0.24848348006050056	0.01063341466028327	-0.0016487700559548687	0.30947203882809643	0.36617721954709376	-0.6471955633316363	-0.13221545256396752	-0.17636970237345648	0.38621995909982304	-0.6619119147887209	-0.43895110567734885	0.15161594930996972	0.45332541000794047	-0.03908271619238098	0.09665901252068254	-0.5400426885331224	0.3173341180958604	0.12348754284977315	0.25589267366632995	0.02770054265464362	-0.0485285568969139
DTXSID9029302	-4.275488822980945	4.9182574726516854	-1.7472018284936355	-0.30554987592019284	3.0978687071382565	-0.519566568898671	0.7303570490758756	-0.4671824097521624	-0.02522147487886487	-0.7344428606457467	-1.358712704629267	1.51026676687145	-0.22209268029612772	-0.36245087981217916	-0.2781737763913236	0.7557842005171226	0.8901055703544895	0.8298002806099786	0.1879116261133926	-0.6021830967932221	-0.08437529554799908	0.6325552282749966	-0.12334139047317305	0.3796934330100829	-0.7433180486832434	0.006438463505476914	-1.1881637202541928	-0.0837501568068703	-0.6742608863109492	0.6495501409061444	0.7477719885849134	-1.1538238407780423	0.19902280179243736	-0.5087719604826159	0.33306788853245556	0.8561622580591419	-0.2277471275343653	0.11101807321694655	0.2217790818156334	-0.32229057205532036	0.2563898027503719	-0.6620756717764039	-0.6789760871248587	0.2795939179992617	-0.00918441365836345	-0.28046308325317365	-0.3573884391109012	0.5030019250649711	0.5713757773280258	-0.6854047406273758	-0.15474382872090656	0.01410427723292957	0.012710243958439959	-0.15104252771317683	-0.6024425421692523	-0.2853860319657124	-0.6913355785587937	0.01217369350196009	0.13079475416111289	-0.010740497227682265	-0.5139069355399142	-0.01641738303995548	0.22377365475957758	-0.023041102470984086	1.135506309440955	0.5630309222785002	0.3052395977771561	0.036303319318567596	-0.04308936059633163	0.9039810953372464	-0.527361361724628	-0.5794083307502651	0.49221235722726403	0.2846622586060519	-0.49924781029022053	0.17685348381135296	0.17473351660191222	-0.20607324759965118	-0.023158926452097824	-0.2809281715616427	-0.23806287086204778	-0.42533849688831077	0.5686531125893641	-0.3599049465636198	-0.40738793699331843	-0.1679154571639004	-0.15691244046164038	0.3510302182910477	-0.14355437979498675	0.1277165755793689	0.6570170989720161	0.5243298024914462	0.20760288938016452	-0.08606859448169618	-0.5758382241623408	0.23946479264328857	-0.16136503855017056	-0.18712804345420922	0.20464455639821907	-0.18572967566043963
DTXSID0023951	-1.3457994561283526	-0.6843983513969181	-1.313588815948369	-0.010881419328766418	-2.0859314952188233	2.240537773627423	1.6961490594502238	0.5206828761796956	0.08934265941363169	0.10333577349473667	1.8913047027366625	-1.1896661703264757	0.7967946298523563	-0.05050194919257998	0.45243427429620464	-0.9683319820465548	-1.2584395397109964	0.17991796941773033	0.22480037904882127	-2.2745271001690313	-0.05994733240907473	-0.7654589568091879	-1.2578351411548283	-0.34354702472204507	0.9866225787083894	1.5016742913317556	-1.785924542608735	-0.2242937140426643	0.8324044530504835	1.4679591735927693	0.5422567112999283	-0.9647524931853555	-1.5296710244856873	-0.10946645762821265	-0.7955467767097062	-0.34878154672892553	1.8628879937451175	0.6057668918576844	0.3427045398232597	-0.8614848949776888	0.5692315335805419	0.8582695977421699	0.041091328502368206	-0.4652064483321681	-0.008600203461692829	-0.7931459407544201	1.0375482623286456	-0.8021485752644383	0.26489081830941424	0.6157921439366357	-0.6803269276159439	-1.2315538562122004	-0.009355772636022283	0.3599717975617294	-0.049825759541334454	0.728293065365303	0.5449927168140797	0.5478552807562018	0.05491330615976216	2.20475353380069	-0.6889329862016942	-0.4057235134036934	0.7589034940392578	-0.7227453498159709	0.22650021055024153	0.524878619085824	0.9802151765905753	-0.6426817009525172	-0.960809028246077	-0.4493180513509841	1.169771451954525	-0.3519307214067177	-0.30874508657252975	0.6111687458391757	-0.7550062149130413	0.45514383029020866	-0.16211436683426825	0.8803038178001276	0.6096412538231835	-0.4992807362134919	-0.7489016464584686	-0.18559227794226835	-0.059965587612036436	-0.4696894007741953	0.2344005949346458	-0.10539393001400842	-0.4033308317349267	0.41396574333266045	0.41369869998888753	-0.13793718903925578	0.002312915017728327	-0.4405965296098608	0.0647192887032651	0.5170214195766191	0.1808305913969817	-0.285805328146897	0.278613127225479	-0.08704277123419248	-0.7555812278270934	-0.05187380893773042
DTXSID1044859	5.033162375066061	-3.2180210222545433	-0.7515265083635607	2.916793075079129	-1.2682781115455912	3.519647842040601	3.4498635894039955	-7.615913716841414	0.15725810397104698	0.4809373186203322	4.572528879110535	1.1783879704494258	0.7578248215491866	1.6561439633919195	-4.047465005405971	2.7661446974797146	0.11778861844408497	1.3770841471869244	0.1662244309835331	9.684533565195391	-4.026688753340219	4.157710312412766	2.88195496114714	-5.746169157678787	6.481743890544795	-3.2812144084285055	-4.449081352473003	-0.765172626338213	1.6536231869465274	-3.7622328281973654	-3.4181896337200897	-11.31253023089001	-5.72928519895959	-3.7592029711681123	5.8764934277532666	-10.392786304535385	0.5384365470482926	-1.7965189594322888	16.06808501873263	4.676425746787584	-14.327411506775762	6.500517157320928	-5.484076284084204	3.346013200634681	5.892797711238421	18.439335691452396	3.820390520977612	-6.327269981032118	-5.040093534776317	5.850525257952217	1.3755361280581622	-4.0815633857149365	-4.705153209097374	-2.9479429490840334	0.17884820568676646	-6.047507653094845	6.753356736794808	-2.850252486945042	-1.705908948410194	-0.2942540158874548	-1.1567396788068551	-2.0682838020494074	2.825546765871682	-1.6036330548813154	1.250511749133565	-1.755390300805122	-0.8476548697881908	1.7339668231740966	-0.9287829454993178	4.954910424440125	-3.8458456663746508	-1.2801591000539285	-3.634527244084259	-1.7608946470006126	1.4104056976836725	2.542290173812778	-2.7906384410824066	-3.425793321064208	-1.8333759383282557	-2.1977877262521823	-4.16583289346038	0.23213595637881215	3.098425149909715	3.3868377122642834	-0.15459118935256724	0.5678026893584391	-0.010783068306074735	-0.042335983233172045	0.8186869079006002	0.3846296146824094	-0.692016678348883	-0.2817147265918305	1.5925628674310668	1.4431605470386633	-0.778368418906697	-1.0458246288412292	0.07703944390718294	0.02973115817243189	-0.5578850939042921	-1.2955231835102676
DTXSID7041388	-0.6458805458239278	0.9101266135242244	-4.703928927901687	3.4913703834645444	1.3260675424914359	1.045367525329917	0.14079387222795198	-3.7629850186901184	2.1902267180788533	-0.8306963552886469	2.3573213244238955	1.2636035603011733	3.233389809092632	1.4243150205674806	-0.8632924439596731	-0.004623859471653919	0.05115685189519515	1.5124666791460328	-2.186670103451993	1.5710483821664276	-1.6414186980827672	0.3226833533779395	-0.8064921089023118	-1.1286115128934984	1.988731071298115	-1.1036766980184316	0.8110955813266402	-0.0358039005420401	0.11502499364474371	-2.048669686142458	-0.028194654863300896	0.5747461942292984	0.0977820938605785	1.1887548294066979	-0.23470875888700404	-1.487408477056944	0.7224803434391144	-0.9803672735821021	0.002138614577735151	1.1601750362503778	0.7441562163195062	-0.08291266246177434	0.06177438790299435	-0.5329853144648927	0.5874160575526243	-0.9611782847395633	-0.7533883658611579	-0.4304785039349881	-1.3820207441101748	0.010082228848381888	-0.7587712757256311	1.7537023975459662	0.022053015108240343	-0.5621764353497203	-0.3213212963758637	-0.3152365810863894	-0.4433819914486217	-0.1541560061532957	-1.87102764433779	1.3491255729208507	-0.3433371072120364	0.8272196168491551	1.2569823776399396	-1.6298620798955543	0.08830069267814988	-1.0365604215057993	-0.5969894747607872	0.07140861039223104	0.9058505283403314	-0.1400981914680618	0.0038992243332210594	0.2830339224224808	0.5618279567483715	0.10288348903950321	0.44192042303772205	0.48665169133345426	-0.9408661452149977	0.5794134915523073	-0.09004888415106951	-1.0293951686857299	0.3176986503986126	0.3526919011366151	-0.12046752530580028	-0.3115660015394562	-0.48126752344462337	0.10326978063320655	-0.9538097877839735	0.06015632759454425	-0.2891403184548488	0.0469197239625199	0.11576399375373529	0.3443875536778792	-0.8739096793879754	0.26514357416616435	-0.5717667527616828	-0.2579192981130465	0.3097739066844394	0.2475476817278488	0.6718371536586426	-0.011081431879929741
DTXSID50379359	-2.9022059576164048	-3.542412141254719	-5.318953813045106	0.5489101238773595	-3.0949799274076675	-0.35529349815165434	-5.830585121230578	-6.195767575054023	-0.6714132739916412	-2.8543020318779395	-4.80340199647916	9.37912148289473	-2.9180998822226254	-3.319716516305485	2.481749432705063	-2.5223937621458075	-1.4286302695893267	-4.863639343930335	0.17722776335441312	3.3355416115118106	-2.146689957811068	-1.7154551452578892	-2.5477511031456306	0.5251801120736542	-1.917901364136347	3.8409056731942846	1.4018824214279417	0.5627706661084413	-2.664928781782146	-0.9273657243620741	0.6468905736347462	0.535185830297372	-1.904564523866502	1.5350170131127034	-0.05848745285018585	1.4902089844850706	2.687348721151774	0.8398987227221083	-0.137512340119556	1.4226976808559926	-1.543583717530463	2.1800468571461424	-0.2596311228145554	-0.8634973566975761	0.8724271055915285	0.641480902967172	-0.8241621244487033	1.204352732497683	0.26253560359653083	-0.5256028172456754	-2.3788657767149783	-1.16821723462729	1.936511463018211	-0.7348256186805142	1.086329184172448	-0.42901304165536175	-0.2805483389285736	2.457771504303556	-1.011680685417693	-0.37244826663683905	0.008843489995671196	0.10766561412744059	0.5875635016560651	0.6873410170349259	0.8483299095573374	1.616356804865743	-0.2594604024565287	1.6931589073703333	-0.967398079683206	1.2154339832934358	-1.200088208913643	-1.4456731607646074	0.9910195378223072	-1.7580717758083966	-1.7550529771369638	-0.29963289277600197	0.5912193194316525	0.18153098375183072	0.519688232698457	-0.46978502255660176	0.22755461083199868	1.0343175896201162	-0.422155565555599	-0.6905109037428916	0.669374587628055	-1.1382979895740513	-0.3378945754703299	0.756728712462478	-0.8365433663201801	-0.4783300019284346	0.19985484136404083	0.2852871055004708	-0.030104902052643323	0.3592496425553244	-0.5208998607649962	0.43866280644772315	-0.477378569932091	-0.6179812633807399	0.40336452038209064	-0.42407909606182914
DTXSID4020298	-8.768473134403697	0.8926366056310019	0.4773226083980312	-0.766339416931819	-0.9158937487803787	-0.003084384739337115	-0.22035499957436275	-1.296163712209906	-0.8261057236102614	1.1846474649314311	-0.7933837241833442	0.24678441621525832	1.856609436454951	0.29254070536474813	-0.3587471125406072	-0.13022441052223016	-0.25866935431228166	0.20524368629778947	0.4107714257049022	0.2979744242261018	-0.315012697662181	0.3955826692468114	-0.1894280616495931	-0.13596503061868498	-0.11585560987703229	0.14512232462362476	-0.194526646733505	-0.1387897694058084	-0.22869634843541622	-0.17773625899910775	0.2937208675222245	0.5345030788130215	-0.3181955289973515	0.3737788936512845	0.05310014038408063	0.33172049129093245	-0.08013459635801892	0.9358475733341621	-0.04883582789831361	-0.09105439221475124	0.356145160705275	0.4854383159393999	-0.3694136736297921	-0.6325995084590174	0.3370355574975537	-0.05994456152265747	-0.3513378082703203	0.27952420057816374	0.25219593544883895	-0.1333240753179098	-0.022236986508953026	-0.3653713803458329	-0.24335578245332198	0.4855844371083932	0.1942803643692276	-0.4078676278320331	0.48786912195784665	0.14623606095134034	-0.97751358629411	-0.10966866775986833	0.5996124761885823	-0.5178580004143829	0.04848551637316661	0.13397208972942315	0.331229003670034	-0.1708243043417783	0.16759854283814962	-0.31575939006220827	0.07536600468778401	0.2007128905722696	-0.08321466976595225	0.18016067995125193	0.34892552179347386	0.03183314870518673	-0.06296495816301813	0.31492799523307985	0.6566923889319806	0.07300375493344669	-0.47639307942766507	-0.1571449024061174	-0.06988222401902872	0.015300162593242619	-0.1799564744759076	-0.17244326221345493	0.31958160133697916	-0.2545103190961901	0.3554398179053356	0.06388886537153991	0.20277734014322954	-0.1525468352548476	-0.10290672075654739	-0.18319748081057807	-0.28548287020604474	0.41483092586827053	-0.0976719886753674	0.16864253558549167	0.25569189533560094	0.16854881169833427	0.21147434083255978	-0.03758024865095787
DTXSID6041684	0.6819618162213181	-2.327907840555981	-3.1959459281645195	-3.6335028039835624	0.7356185552750873	-2.3163008733933377	-2.570653381955534	-0.3051779178280816	-0.741979289506627	4.071440513697443	0.6591517528100628	-1.7133452575204784	-0.8952802112611659	1.5374089257585624	-0.8473374798751112	-1.515391228159223	0.26174999773990143	-0.01036084703225433	0.09896277375723023	-1.0986292795642671	0.33288689803225213	0.2024764651052079	0.18714606449388685	0.8007322327938048	-0.7854470302262201	-0.26873050256192216	0.27736261719447475	0.3265892154847655	0.1309579477903302	0.9549586536814701	0.4280933151042664	-0.4253847849505504	1.0886716137261079	-0.09107115098245933	0.4825710993047157	0.12822310724478211	-0.35045558225396845	0.15605237514188194	-0.10275156466946983	0.8033090030250021	0.1471767232901687	0.4662852671554917	0.27075178918946835	-0.44915460809253327	-0.07314535302955258	0.05740471828914093	-0.6034800825734619	-0.593143143452919	0.8591152916896143	-1.4409101898201717	-0.22351728064131665	-0.4054240526606175	0.8674204158626247	-0.5917135334137785	0.08269300415837536	0.17707504349497682	0.02347638176541527	-0.4782733031863056	-0.3152691764040229	-0.09149276144206313	0.3710906103879242	-0.39906054292101206	0.0014649312754975552	-0.6300066888967331	1.1487014731721408	-0.3021811204272478	0.11048111257509688	-0.2604794518784915	-0.12524187771628775	0.7839928936009792	-1.0167974390940295	0.4597517472994113	-0.5578887764794306	0.32373458415775513	-0.039723478433828834	-0.026402486850854053	-0.3509619423203178	0.5954160627169115	-0.6631824575944542	0.5757735110960411	0.33605626167528047	-0.5975876640630415	-0.09035387248546664	0.5599125166436373	0.6840965636842407	0.4899408554546509	-0.43355165698418185	-0.360266565678363	0.6888046716638253	0.01797330182688967	0.09101837482597755	-0.08264409115244671	0.17463867494408808	-0.15480515652769017	-0.14238962764902277	-0.2294902531423401	-0.2189526865165854	-0.037228369772903135	-0.03644234663731739	-0.17247253710064245
DTXSID1041263	-5.431447966038532	0.0918224481168213	-1.7078190671823792	1.3854528575079823	-2.6230515692411243	-0.31542410254073583	0.23673365042212846	-1.1232813177960794	4.204411183376044	2.3473710731931776	-2.923048272936609	-2.5982773224226143	-0.08326519947220086	0.27794330646243137	1.4134350958749848	0.07002383248090208	0.672448123720919	0.9821617865165746	-0.07799952121629522	0.7927875181100648	0.10426345259367258	0.656509619153888	0.2058009563592416	0.5761605964254942	-1.011023457515103	0.9655938748395901	0.06705325324682498	0.3733302957403352	0.3320328432761366	0.3672291393349222	0.48672681331373807	-0.041651878829604236	0.01080587683346512	0.423716826355731	0.11283175758419173	0.27891494870565336	0.33846664207586713	0.202034721438395	0.060868476086266984	-0.506086330584502	0.1124812639861478	0.11649743039220246	-0.20366850456486682	-0.08617473123912292	0.2899046088761166	0.3503314532633262	0.5433412814450734	0.2186395135683088	0.19287397749576674	-0.2904373500359016	-0.3190791228089792	0.1889109248245791	0.3484393352250954	-0.07697760357466928	-0.4463609755843837	0.0547313832258583	0.13605046506702118	0.13979165274681202	0.16239995002138022	-0.04556351222655734	0.33219116183070535	-0.4063575288432346	-0.542630312630624	0.06448445369177071	-0.2515170589458062	-0.3078009905127565	-0.3712867165397348	0.10863975343443	0.13039674836971782	-0.0836013867935065	-0.42446134723164325	-0.0822560424439214	-0.15737628215834376	0.1590108873431259	-0.20123797485309644	0.21940093540194763	0.47669687201204014	0.40350883521447856	0.00076314619536707	0.3304092320800899	-0.04518920038179904	-0.3583947627750645	0.05211948301168857	0.14657681620906493	0.02118302088823448	-0.2068271255989928	0.29568055340750565	0.2670914345616955	-0.07246650994613135	0.2818822625939443	0.21139916964347283	-0.190959768606143	0.17395400658162133	-0.2771302162182718	0.1276625197640388	-0.3130884530303432	0.2999204897237668	-0.7290710352006736	-0.11655873434362439	-0.6564840838298519
DTXSID3032416	0.23208632621806413	0.817117281712703	-3.3587886524277555	-1.4331501796228368	-0.8640562793524665	-1.0802647268465329	2.2654317324243727	5.937665467041719	-0.3614005315501876	-4.225845109887233	-0.46428703225590834	0.7629135609707269	-0.7060108835270915	-1.6413526136105014	-0.5311369557763328	-0.1461497836397453	-0.24132474479977126	0.3356564325321864	-0.706682928093116	-0.3409377433107486	1.1359774716385431	-2.271394527245898	-1.2903786722480481	-1.5537721079002305	-1.0535018758553711	1.9695732583367873	0.5945812280806584	2.0960110668080794	-0.1121081205620434	-0.15416038453630962	-0.5752484431652137	-0.982897669306291	-0.7188883470502428	0.6718685849587096	-1.0625942512803939	-0.7145909563443608	0.9247634568265467	-1.0442142098606557	2.869923547376932	-1.1323776128258924	-0.49320775667016	0.09908481665908055	0.6902766828967298	-1.2151216039793729	0.3738037914959693	-1.2618085901684604	0.638536670915208	-0.7614614884697875	1.1285935209553029	0.7380435817647867	-0.13722010592216433	0.35181683204002695	-0.3158065139264337	0.9866378088169385	0.3634332566717419	-0.08304810421050751	1.544600051085978	0.4663567776665853	0.3569064195042174	1.3910968353738569	-0.3798776907759572	0.30963680336708244	0.40471357095424193	-0.3054927241144732	0.2067798712179802	0.0874563648879399	0.17814097947039548	0.16852091577407027	-0.8295493104758748	-0.49156580840156683	0.275427852208704	0.3810097552967629	0.2345094046988603	0.23335138128655628	-0.44056135904703364	-0.5578855333704383	-0.4151680987535092	-0.013983726883312009	0.5176604927149192	-0.3340424634205166	0.9649688208817048	-0.7510564171836148	0.9036441610904222	0.33200977176094254	0.2622102126161936	0.23201943037284362	-0.3501310933919609	0.24776291197032965	0.12254136513737737	0.6993482573287427	-0.18856985346214417	0.30626806560491454	0.0018606914098724758	-0.27433391378427013	-0.1548159805135016	0.037055712669135044	-0.4305289431220078	-0.05003673700183472	-0.032159570180278756	0.30345712854031
DTXSID9045895	22.721158321601497	1.8280662553704272	-0.8002761226843805	4.725485302121552	4.683382641688897	-1.432053908160399	-0.24707202875920803	-0.008551661733042155	-0.19034473043332736	-2.0697902630986866	1.642762833630131	-1.73581986909491	-1.2895039964628408	3.171361596017478	-0.9671063619524938	2.5209335504657457	-2.3904035303455684	-0.5252391997379132	0.8306128070860885	0.42292510983910486	-3.367937744598424	2.585835249834736	1.7503902369968394	2.7086328795681403	-1.8697758337895363	1.3628276412945641	1.028571731724328	2.2557951726683987	4.21481823572157	-2.405086601047995	2.348730741361037	-2.294365701314592	-2.9933426318939813	2.0263237559655427	3.8085875239324856	1.728774893042845	6.784957402416875	-1.8417560290006065	-4.390519416203207	-0.9139526594284588	-1.0747428240335677	-2.513236041932446	1.0002747461867623	5.386964084687022	-0.9994173186829632	1.6684422362248779	-0.9021850947331425	1.1049749693023834	3.190325022754123	-2.762717987969966	-0.43501550056778326	0.8372985190126051	-2.5969653873203637	0.6397544866183721	1.0785136252964505	-1.6929461524045821	0.2925622167170364	-4.1717741657858785	-0.25670999438509234	-0.05628588210560442	-0.6152629258111739	2.351012726328426	1.258173404571689	-2.918800094118825	1.3901973904224632	0.6131574011721113	0.3076339882541886	-1.9257562975294902	-2.5614945156326643	-0.8570392141732903	-0.7081000466893278	2.111481581713032	-0.7293505561004828	-1.5495551372819372	-1.433046006121541	-1.5133425463321797	2.798222703241148	-0.009652930880414055	-0.3297028526210498	1.9332827766084386	-0.5070569874518075	-1.8884073587536585	-2.388578473751036	-1.3877788804257618	1.5029153471361565	-1.7792348597259091	-1.4653435854345351	0.0965752605940215	0.632460539268054	-0.1654268310686129	1.4077562973515836	0.13841001120816224	0.42355167055814014	-0.3284614636850572	-0.2101278426247892	2.1086255809408048	2.1783010566132623	-1.9220480684362948	1.4103883211689203	-1.1363672598452894
DTXSID5024500	-4.385165985808513	-1.660702281320564	-0.6530244440259211	4.944981177611411	-0.980777998992176	-0.03819978937291847	-1.0310965018105487	1.5360527132526243	0.708543943618554	-0.12433658459808292	-0.5768865452578591	0.7459931722555436	-1.9391163156847215	-0.09739586767513002	-0.484755343878288	-0.04020250146949277	-1.7884251136809695	-0.2784834544962253	0.02933653775092466	0.3984221488506717	-0.9465348038904515	0.8169970619208595	-0.41210363868017713	-0.5139818038452804	1.0102032927440405	-0.706953697962731	0.17505779102518018	-0.7799981959882607	0.1153719579684029	0.18892078293761413	-0.3081564032976716	0.602481215671115	0.6263555415417845	-0.7343400598715684	-0.047238919824514954	-0.8290067575165464	0.7824605356664022	0.8755522428530792	-0.02104082909865839	0.11922475890831609	-0.24119899464511257	-0.600716249332503	0.8520445232542635	-0.35998820429213657	0.07947299258573813	-0.5214489201853408	-0.6223071496804542	0.42602232004567	1.3211946924431996	-0.16173936437098946	-0.7470168962489361	-1.5432004521832263	1.5257547901779391	-0.21498917059761638	0.4001673822607673	-0.12827149653796266	0.3452690667217631	0.2614914578035426	-0.5784232773784493	0.7432825498978199	0.06996680853778536	0.8438705552600398	0.30562730896557605	-0.4402363642743933	-0.3924144404632353	-1.7237681869474364	0.28898650566817646	0.8133526518565645	0.18630044460603676	1.3869538649582047	0.09125089400656729	-0.5620100781972429	0.25257060882769045	0.005795963011705503	-0.11755680834507688	0.6769248954805851	0.769092266668526	0.08558184800245816	0.3720924554397283	0.28247236574431417	0.24249122832885928	-0.184308526934609	-1.408613739158886	0.44209372333892427	0.5420984544398251	-0.4317276267168313	0.49476556351644824	0.5288684538249352	-0.5011576737108392	0.9253634306257714	-0.014226926084325053	-0.13871346123514713	0.754336448752671	0.49524705679550884	0.9288430386898466	0.09562255408068586	-1.0805507087083956	0.43361392256896464	-0.5828818711400245	0.30686672378171426
DTXSID3052060	-6.330591030870359	1.6246751822826677	-4.59709575578934	2.1181456391927256	0.654429387929349	0.7311835154512932	1.5942412843162321	-0.971904444753945	1.8408427619848662	0.6033981883332138	2.939072728317711	1.27534171610186	1.6527745826108384	1.4559631968738513	0.4963324417141478	-0.9799272157048725	1.754948431922597	-1.2785495598590888	0.42706603090038386	0.27715794032859387	-0.34752518874383975	0.5748449353276224	1.8911321822237621	-0.9647766259111612	0.7847521751435625	0.7464939484000317	0.21580017372596808	0.04258860229972852	-0.8261825808712722	-1.3713026171025828	1.102393337465498	0.881579869334569	0.3409485778335472	0.23624773212173045	0.14858652518745347	-0.6376233604817944	0.0997390760317269	0.041359720900704784	-0.3458260729809833	-0.08648195641116048	0.03012654137520874	-0.5774307173245398	-0.04645565368878059	0.6349386222546641	0.563360933958177	-0.8474843206952314	-0.8752796349127188	-0.6363725787088335	-0.17935686405711676	0.19342375285742025	-0.6692287158604872	-0.6047948213540932	-0.5793278650391688	-0.8335224238148102	-0.022243110960173226	-0.7348597189450763	0.1002073100041696	0.8915865115456223	0.5304909701948182	-0.21304613473549247	-0.6236162991223576	-0.5963518262042812	0.9008226194410917	1.4012308513321745	-0.28572693317271874	-0.4121059064410862	-0.42323979353769453	0.6004690253282836	-0.3670411649116225	0.43498662059293175	-0.6432273795718153	0.23674397401748037	0.42566847316941575	0.7162018377360668	-1.0131754337529606	0.07996640691096321	-0.2754736916308252	0.7926413375903137	-0.5379401995720774	-0.4068820420683105	0.4933443402622436	-0.2328753271830465	0.20533979330788843	-0.30814300771416825	0.5506938504330988	0.033769601293808765	-0.14331276147931626	0.45760839285022137	0.23456982799994064	-0.2780594255482309	0.3501573035859203	0.5255870710908989	-0.6232647438244803	0.27667457206850904	-0.30240764113832763	-0.12612720577172545	-0.16270601131867113	-0.4930382825593477	-0.17422545788323526	0.24738812252532807
DTXSID5045960	0.3195715442261323	-0.65619266708225	2.883410038628747	6.211294836116714	-0.9652824446992622	-1.0028139226813537	0.0806919688909119	-3.0382304724789164	-1.313176298422439	0.14101206906148028	0.44648993454747493	-0.8529873026004511	1.092789712866431	-0.3511722346218161	-1.6806131480420556	0.9218869336814252	0.9248675559311519	0.8248752272995362	-2.1826083307211723	0.05013748669368486	-0.4681923532978675	-1.1390945378295108	-0.2031207196267735	-1.4390876352967488	2.1227469319687837	1.3501629292762714	1.496539008408787	1.6131118828668631	-0.040092326756073965	0.05418645113339046	-0.9383799213723407	0.9496089530058834	0.263622211013723	1.0608627386575593	-0.25024834982209754	0.40342512586935503	-0.7547350266659726	0.5319186682866939	0.05636812546905258	1.4418182353325826	-0.5271804539181032	0.8889552089940967	0.40252203392535485	-0.9563388398910103	-0.06718166082514719	0.2159180701358437	1.4183082983506392	0.3771712457417919	-0.8534317063736351	-1.3089987878568756	0.6175987247574947	1.0479065649882435	1.2300284757105657	0.6164304844507519	0.05526224961748303	0.18361339366243645	0.9809636576145515	0.2602269284402376	1.2558440153858752	-0.1926783153191254	-0.013730494361875635	1.1177865046775364	-0.3795033814135594	1.0304930563971966	-0.5286553476977315	-0.39640855274404996	0.7665533685607215	-0.5319402206708586	-0.3364645526640827	-0.30457839700895223	0.6740564211030757	0.4047495576696822	-0.26445173578396164	0.2233630937608863	-1.4919174171600695	-0.9754082928251523	-0.8235729731828708	-0.966681002030851	-1.3763935691474705	0.35976305067250297	-0.007960157534474778	0.08854607102287976	0.02896265321239926	-0.21378026675541767	-1.037729333279579	0.5197362664445965	1.4951381003012765	-0.5259347089246238	-0.3787309942945294	0.35308313754423215	-0.5459196423388403	0.3715323288251178	0.07538171871975789	-0.04188451442461217	-0.01885487661886969	0.6143242323836949	-0.8062115376423661	-0.26225519771118966	0.4506579922494733	-0.35767306063429544
DTXSID1025065	13705487.810672209	-4646385.446790475	-1209447.7024673324	20463834.059297163	5351460.955445245	-4874925.845055154	37302112.4850506	6838302.936751794	-9028366.027239772	43587116.971135154	-14214153.948998867	37587508.66919108	8988985.371198071	-3225449.7186101465	11637451.556183385	-19271021.614185955	-12262694.806123035	20186721.725843206	25009810.69493804	6782088.283290317	19087617.377757628	-9355396.18652599	-12597809.610252261	3138451.1444251123	-7319274.689550977	-12536200.562904727	-6195046.6723835915	6469602.891854375	1519606.8082189513	5505836.45000541	1796898.5896772188	8650140.25021021	-1248565.6601299348	5191946.716744602	765489.3244097701	10671622.465516597	-2890572.2384592267	7459454.710747199	-6126231.258693613	2102515.079391526	-556542.0775195686	1303801.6185136624	-2662390.0210244213	-2215589.2027292154	-882847.3910501946	-724434.2736065526	1405996.5239112175	-5122020.718436334	-701434.190243737	3416530.109427228	-476028.2818621864	-8502825.03869269	-7481239.382581669	-1141756.6373721084	-1822736.6417459964	-2926318.9524965016	10665037.510825144	1708852.958999134	-15763880.503466431	-5716692.671496747	11426712.647447048	-10960068.447261646	6065413.086011342	1330674.4170136973	-9300138.371198373	-29821016.78695496	-2633939.1616384992	-11861674.833559498	-9532335.363144128	3543400.3180434452	-10502109.384579642	-17861609.446892347	-3402963.5086956597	-4450106.296151188	4480434.029232577	6345221.944417679	-18435376.510401253	1559898.1744614865	1144004.2461779378	-18040856.015281674	18971436.01425461	-16832138.716147218	23911623.55366939	-29507628.251826502	-23016312.398465563	23670505.70052862	-7320193.832024298	-10504134.89361071	-2821636.6587143955	-7040590.926407721	2486149.5488880784	-19330303.715030596	6772769.566043737	-5729454.037515542	795795.4770092124	42055656.28006613	-4111537.272299108	-1382294.4850764659	4681413.055965283	18560673.981559988
DTXSID1045322	-2.409617100724039	-0.052535796875764734	-0.14058638904846266	3.2840298325718007	0.8155354898903947	-1.9306876961090327	0.942100228778495	0.7708373581636881	-1.1671284847602386	-0.5245128656345662	0.07235986471962842	0.3938462101112567	1.2561450721862006	0.2077407441561658	0.5053558475175567	-0.1775564291615701	0.7705901171280944	-0.07697178307106958	0.08570254626944569	-2.2841440941954203	-0.39017826877181494	0.5112280925188425	-0.5801304347167808	2.3358877879716373	-0.9187311594410661	0.3590099845852718	-0.45356329586111216	-2.2095790006620892	-0.6774697740695376	1.1925396376995518	0.7285468209582799	0.1320662931018542	0.4707906818910425	-0.11379367358308519	0.06691960627613784	-1.71824747665525	1.1792716854643892	0.020507267276527553	1.2989506109530677	-1.062685531698635	0.6759331280257915	-0.955305510719733	-0.6005884016197894	-0.0962739762131441	1.0646979487616537	0.39909192493742024	0.14370962369324766	0.8811383979626372	-0.5252597649698882	-0.6802437170763842	0.30482295104277884	-1.5803899946205788	-0.4606934575875125	1.842620243135225	-2.7570517371407095	-0.06142868597338196	-1.4093875637933255	0.3627818422469076	0.6333652143643195	-0.8410800562474084	-0.5534050765789931	0.6721280947086855	-0.7563345214236367	-0.5299872199015656	0.8469343238652582	0.28509302708164014	-1.1089486344343802	0.1110885797086609	-0.422491730171194	0.8212024783758166	0.27189409641117934	0.09612128177270235	-0.4459106727304513	-0.02140142531892299	-1.493859333089923	0.8390274917163025	1.0303397860444956	-1.5915860780527142	0.6190505951717427	0.6814348807821938	0.6367447798287142	0.9657463524424829	0.00393455110116762	-0.28535891795521046	-0.22241186226632548	-0.11124333474862498	0.2025137707791549	0.900766259488164	-0.080477231880609	0.34810748126563057	1.0886361676816791	-0.5478800297985843	0.6458687922373543	-0.5220800849650407	0.007851061930137414	-0.14587504581341124	-0.1993405757711663	-0.24699979225272836	-0.6157591081015165	0.43594643403255906
DTXSID1023497	0.9826215102531249	-1.3773044759221833	1.0486087861297633	0.3869120177387965	-1.1492486028927742	-1.6257425634865807	2.9562973147949108	0.7449685012441344	0.4396886347639827	-3.7081395934236814	-0.6759678928412859	-2.4095359122379367	0.7099613209339114	4.4315122524804265	-0.6024014388400438	-0.7241304410702727	-1.279787431495938	-0.7622647183666543	3.713422171629624	0.6710656640926494	0.8127781151893039	0.3478293595016918	-1.1133299841026005	-1.8241147377231146	1.6796082432289996	1.0189249750093254	1.6211224982940866	-0.11449413505345453	-0.9006848760343105	-0.0719867659521827	-0.4708408177755843	-0.024003047546244907	-1.1635011569452454	-1.1994698837254938	0.016208828285639954	0.8184685520798161	0.3148633522710741	2.0731024359618813	-0.7670359099734211	0.5227976840996834	1.0880231236873332	0.7951066522939603	-2.5152949967382408	1.7157518634548998	-0.6734039881362583	1.2869967391821109	-1.4991077765384857	1.578471898710705	1.4140982515285663	-0.07882640255472356	-0.12422766448362096	0.032581263127586434	-2.309607685655072	-2.480099605244059	-1.758200285151756	2.4509614782572933	1.0082959517120296	0.756506654657516	-1.6382512665002946	0.7331297553079267	-0.17574659727666198	0.5057318302376007	-0.8293906383120336	1.488101634515855	0.10004066255017693	0.8701457787269824	-0.7285310445583351	-0.6153613101727926	1.7796297534943357	-0.19061811617367544	0.7131721667988307	-0.40345832687881367	-0.027122440060826206	-0.8897092419851581	-0.04149502649814046	-1.2996335313031613	0.0734278729443054	-0.1539864089580856	0.5056537339456222	-0.7599977699391595	-0.40721304002727876	0.8262854139750797	1.0014567612450505	-1.023152986395158	0.21478058537654804	0.9482049301633327	0.8213176366543884	0.660204865907245	0.5233645667207343	-0.49378433150390494	0.06094626616845481	-0.5081005623795132	0.7120177320758191	0.5539946465138668	0.15165763378550323	-0.3460554965438908	0.2664975780431633	0.1247465278352328	-0.8834032170922324	-0.24820125667389042
DTXSID4020957	-5.760656236677679	-1.5957313318264623	-1.0222384638461404	5.086566471920447	-1.97454282111788	3.179489769899922	-1.3561005204563463	4.316432302079819	5.1486757030137	1.6720554996252872	-3.6080152832055625	-0.5416392834120078	-1.266528245507687	1.4256218704342176	0.2616167765450875	1.1848255159321008	0.07170696057067752	0.6547432647666958	-0.05945477320680831	1.3234891775224782	-0.6517175504366948	0.8777824733936623	-0.311345778502888	0.2678208292898499	0.32888968337949265	-0.3711314425392809	-0.039344652352041445	0.08250114617080351	-0.09878515408771738	0.488857961187239	-1.0182201263368769	-0.3632606896757981	-0.3419708921770949	-0.24141651058869706	-0.3704160179806274	-0.1680441223666628	0.11808608193724776	-0.6035274593564024	0.35120013314018056	-0.014452056283967523	-0.37326490593528994	-0.5441714473458078	0.5986839990727507	0.04462273288820958	-0.1466826779113571	-0.2278198349294331	-0.09545673089081344	0.7601592208122105	0.3425587856234036	-0.0672273108167572	-0.1026167329586041	0.02026944564649947	1.017105608597795	0.3063665091413005	-0.049758682642280956	0.19669856635383304	-0.43124997321896835	-0.15009341928749823	0.1678925120481484	0.5047725806021905	-0.39285151978203536	0.039769268719530834	0.1229773495957213	-0.5688445381670504	-0.2798589108110979	-0.5838992832224207	-0.5237234692474576	0.2732471509174872	-0.27569005674442365	0.3686957546664505	0.39303014658907304	-0.09444611658936981	-0.0595957874778038	0.26413415694772036	-0.17380421280452996	-0.06944354844569742	-0.24401839380246543	0.5261225887429025	-0.06485417680292033	-0.06716015680016495	-0.3083123569639061	-0.43262339420464774	-0.20685272698091106	0.2790451813599297	-0.22827695443857263	-0.08346767573809298	-0.05178997163723047	0.13614156863508728	-0.18641948126296665	0.12091756661780724	0.22474988449489453	-0.12476470687858211	0.20071664323309088	-0.28830938107142323	0.49321891763933895	-0.47323980673827015	0.20717964027637828	-0.8039358750349229	0.4575320565458095	-1.0510270313755339
DTXSID3049257	-3.5902296605329003	1.5050100650477838	-2.029114255513983	-0.46588870962555723	0.6053293816434885	-1.291936423981791	0.5067012126891595	1.2713974774670642	0.545442508068038	-1.4500347866053969	0.07439779475764224	0.2048956515890974	1.455015285297044	-0.986731434384386	0.7237879300011141	0.17548085875498848	-0.8195536594052621	0.1015166437939807	1.7953837561979826	0.6979532197713809	-0.5146759902644746	1.1106882750770546	-2.199518871608704	-0.9047602625759485	2.793228391010897	1.8798280258649722	3.591464150652294	-1.0559300943512238	0.7003084782148732	-0.24878330990456468	0.3398580178990287	0.20907243784821078	0.002808416892537533	-1.4894691933421222	-0.6485414017440748	1.1899855839447413	-1.5637483626003064	0.5736132989160868	-0.8343660236877409	0.19446550807342203	1.0208352796269458	-0.048306671268578065	-1.992496729020894	4.4894815174881195	0.5859189922884174	1.8085646447515098	-0.2762247363783868	1.9116270654685414	1.8596627461920046	-0.24611336123403083	1.984601981825817	1.3194514053317017	-1.5654109791638162	-0.8430415759980462	-0.7432365718001916	1.9399418312322714	0.8874666310964926	-0.5675987321279712	-1.0649813294496595	1.1668641287893018	-1.1863095003275532	0.8163258092332939	-0.9923179526725457	1.0609603507379388	0.4259549103984759	-0.7920818370319158	-0.9243266098442556	-0.3512625708277513	-0.2119631699232354	0.32761945603280634	1.0830589864511413	0.8664749057679988	-0.11281420561512141	0.16792381028352135	-0.8814383992912344	-0.5747969790253109	0.2906208457144171	-1.1428050244573273	0.3537354158277306	0.12341246785615007	-1.187924202167436	-0.9651091379463393	0.5243136366938028	-0.7323872032140368	0.0698378638925667	-0.44161679886382904	-1.224266384557859	-0.037508280445450064	-0.5378508748004391	-0.15705305280849707	0.1401163021671326	0.015769227437042094	-0.2963289997888886	0.7265532150061141	-0.5820212455598517	1.1252836170636604	-0.4891639486575543	0.5353351754879061	0.22984281074817883	0.9542889016185745
DTXSID6041397	-2.743858473063681	4.881326049715711	-0.17447823314757505	-0.21730105464246935	-0.5465134395590541	0.8018266064450275	-0.035773790580010574	-1.7575201511725393	0.9416088910841874	-0.743314473286024	0.3051722719889243	0.19391879615623142	1.827208467107809	1.2306863083143693	0.13212926660570792	-0.6132159867878625	-1.1264055195708882	1.5788084583730897	0.48915893708667907	-0.11958167826602209	-0.3798835460011352	-0.38214952405765606	-1.638269596956571	-0.057386240207818025	0.20230957418979822	0.9682625689866051	1.3807900751814797	0.8453406786780279	0.1826562101042235	2.430443115049832	0.4017020524103358	2.4288733830740092	-0.3998104754255248	-1.0597219248887342	0.373217916180539	-0.38620610465838096	-0.2182345870391091	-0.6355555246567567	-0.17855923363955642	0.13220366548481458	-0.23792152307394185	0.011313032569401974	0.1652088973533667	0.2139235895610404	0.21529040234232286	-0.00994691381165814	1.5188917128544144	0.22692424012501855	-1.1501307492687134	-0.6694808889969233	0.8382549911708784	-0.9916714732373799	-0.0036879051074559985	-1.2646779829530197	1.1516143253830335	-1.4827556420606505	-0.6471512664709971	0.652771896848551	0.4126474182417266	1.036449751682524	1.4432578790884005	-0.30959093076669725	-0.3237589884814425	0.06231929785161031	-0.6325476625872779	-0.002786587185233596	0.38911256363268754	-0.17446916919285724	0.22568033164509027	0.09009503948397016	0.7838157896539388	0.07874161688704173	-0.45572309253350257	-0.3399189077398923	-0.2903509274295736	-0.15032633355137345	-0.4359688660349013	-0.5218510727456351	-0.473044257278613	0.3890581249034598	0.27557824234662787	-0.008961310149660954	-0.5342836119049457	-0.02705279334605064	-0.04766322959139882	0.05512473367494321	-0.14681272059831724	-0.19740462363431538	-0.6617677792093257	-0.3843660488252804	-0.3022634950132845	0.21520984979073018	0.0375509415665712	-0.0827437736974605	0.09959168657515478	0.282811841399494	0.13829239876989757	0.055279830363186566	-0.4156386914826583	-0.3517718149006171
DTXSID2022676	-3.1988091226223947	0.2871082346082199	-5.366899133235307	3.5761983605633234	2.5326162900047313	2.2476957632198338	0.5604887094497186	0.7930754453549109	0.5264255585851622	-1.1718334064853004	0.11363769629835081	3.2598860093871753	2.9358428292202374	1.5394793863704004	2.170348335962836	0.5882957663480892	2.3934948310680677	-4.068309332050663	-0.8942043950577325	-3.633471196481479	-0.38881113009046747	1.6121321921241525	1.7032873266851338	2.5495380373131264	-0.7675336267109877	-3.140589763863518	4.226092540236075	-5.471238016322121	1.5349400323094202	0.7930857361259985	-2.5391866421149087	1.1824788301855413	-0.05628099277112362	-0.541628625381997	-1.625821534715709	-3.2377814192619376	2.911658245259695	0.6604585066117229	0.6550278571695635	-1.0349424298256649	0.3921309343683181	1.0768646626110636	-0.35487076044316007	1.909745778730937	0.23936455771495938	0.14322113312593204	1.6229540619813936	1.1231312415198107	-0.23270775839029118	-0.36173385704823596	1.54812814603936	0.9826063191898627	-0.21265060521703982	2.70732250386659	0.9572459481150757	2.8204171727983014	1.9748392233068144	-2.7692225888370547	-2.111335570170637	-0.20186884472639063	1.8423972025511244	-4.343332326189882	-0.0076800103643102175	1.4915275205209781	-0.4484287367589709	1.9044593012077982	2.0484728403986487	-0.08402076396255174	-0.24861816354484653	1.0233869369521662	-1.1135921267984952	0.8920331103572736	-0.25008289806442413	-1.2472222488741462	-0.7989556994876342	0.43960213591215946	-0.5908658244114917	-0.6112571723981475	0.8853484192591089	0.1488374221813956	1.1234063272186063	2.3287722803407442	-0.04401291180080481	-0.032439710277045106	-0.7938494027948068	0.05201912529710985	-0.12395947295679635	0.6208139651400683	-0.2355545089188189	-0.24386625986875202	0.5001975719478368	0.18825991246629947	-0.06186038736590301	-1.094372810132791	1.0819659171207967	0.258366638414073	0.24474805517793854	-0.03136328805808693	-0.39131702965140214	0.06327895583271372
DTXSID6024911	-5.159998816367339	4.1155449926547	-1.7932820696612342	-0.4781290469699582	2.9151881396362085	0.9437964966529507	0.6832811946801918	-2.7656363655922394	0.8937618314212572	-1.2373862849799324	-1.1477944734797345	0.9126380738332568	1.4314785201544549	0.42980048229691736	1.0774950162855983	0.7807777773871328	-0.21532837450664752	1.8430358836682452	1.4126969761144446	0.7272832910680987	0.3695994487167135	0.8827845003142423	-2.5591551746915178	-0.6500962082804154	2.0796756359792634	-0.33928030470981874	-0.3658194132759895	1.669151121476152	-0.8346581096372444	4.269824441308795	2.630591685981963	3.3005795044179944	1.9692504043800971	-3.413446725577353	0.21532558131375262	-2.76708241195368	0.2403243325365658	-4.162375995432892	-3.9872891090366887	-1.9713498162638399	-2.1393948000780725	3.537998986584701	1.956230247033431	-2.57857914619577	-2.229152986022188	3.030479668399423	-3.1626308957523697	-1.3661568114423663	1.4569579523357807	1.9474949338588554	-0.7618320212129956	1.6328075671804407	0.03938388067711795	1.8271177657673854	-0.4237572554135616	0.615987706291084	0.46472923890035855	-0.19531417794733952	0.3007594123472271	-0.8719646664517038	-0.7383875192746648	0.1939801570273532	0.433845840383567	0.20900045971976047	-0.14899282833992597	0.22898470864797937	0.5981381126677644	0.18857274050201966	-0.34526759578881877	-0.40168612932007247	0.20327171325532234	0.338039066256188	-0.35217987090282576	-0.08482309867959786	-0.06359850873095317	-0.03202635147282675	0.28848449893907263	-0.0422670384347966	-0.08363339405781597	-0.08808771133563881	-0.08332848623505984	-0.22504276468783604	-0.22866590400798345	0.10265075025776793	-0.10445821843151777	0.1289533967091803	-0.10160208177673304	0.049222890067078605	0.3036506583296084	0.007069395740076017	0.10690578101523315	-0.341061735162569	-0.28323757784240283	-0.2754696512797629	0.42757567582733236	-0.200968653771163	-0.24189763734071373	0.04371344803718719	0.04543347800189523	-0.03208505008021567
DTXSID3020469	1.7261928614718887	-1.3580581137428305	0.8348466311591208	-0.3645237526381362	-3.102928281198247	4.246970292032778	3.485424138435166	-1.0372530937737032	-0.8722600651155165	-0.21974587991668176	-0.582650230536388	-1.8363538294257988	1.6341527773412845	-1.2011765341858076	-1.1498586502428965	0.9080467587033733	-0.9302830954074219	1.4345260915678617	-1.0087761891587648	1.1732764611013005	-0.7930073053190887	-0.9941347917412162	0.7017393167245857	-2.6257241716397735	0.4606843051207246	-0.9339030451299437	-1.1542648715542085	-2.5196077719017906	3.0050198851318988	-0.8790434263696492	-0.6864764286857066	1.129736699531229	3.3272674833724527	1.08517262085933	3.5264176390887108	3.045525214131262	1.8672423566228835	1.4670128772431867	-1.0425623230034096	0.4519664926091781	0.572507256380293	2.464641863467716	-1.0221307212542046	-1.0752300691891066	0.07739488449533874	1.2863795879063775	0.2445177662343153	-0.5972123062799012	-0.15292416074070617	0.6693144798134728	-0.3976554292126266	-1.8595416929195778	0.36087930494970943	0.3439166186666032	1.8087497197935247	1.6871181720153374	-0.08665771620207131	1.223465474527287	0.4770642337216438	0.1322377644139784	0.7588263193952207	0.2012161310845626	-0.7241634174750788	0.13309412254652597	-0.8786675784858874	1.5646042058199785	0.4841765011020669	-1.088945262110333	-0.8816644086478028	0.13394668486664082	0.23292253682294123	-0.10026876300805158	-0.4875679361733134	-0.7787623799348374	-1.0543525532424405	-0.8072846123066162	0.7420074197464687	1.8778709928370998	0.658222276858697	-1.5144469465010746	-1.873866350663201	1.5667118515268896	0.8007003198879535	-1.1559618394855116	1.4729343024144035	0.4518445460062513	-0.5263733922386066	0.5369483267258128	0.8411132209180637	0.0027178817636780974	-0.36443968669400056	0.15245547249926217	0.9148487059718581	1.2050883746529404	-0.18920395008502228	-0.15423101664758584	-0.5129387612338058	-0.05884166168367803	0.30453644307567934	-1.4543232558048187
DTXSID3047188	-3.3716806140615136	4.883007748386529	-2.4564147512570753	0.018552635752063146	0.6899818753140264	0.44580730773813937	0.6028071622641124	-1.6170370045112432	0.9390236344619988	-0.14432392356992296	0.6205185114440128	0.5665083378908581	-0.05339413704510952	0.6778588723651758	0.1808656122756879	-0.3482686276540725	0.5826959014241542	0.23860787101454092	0.6596365276154597	0.8115866904769516	-0.03287600940566084	0.5023631649179187	0.09807625493559866	-0.7707378216604067	0.8247707736719289	-0.12554104888239398	-0.1863604585280016	0.3485686740134132	-0.632277629844633	-0.7861514500004714	-0.3350382981278017	-0.08967931511248725	0.1897979423549455	0.2873678098135428	-0.25772170991257576	-0.3896870826219027	0.22137841348431186	0.33089443358772636	0.3028610906733451	0.14723515843631085	0.17947938724362203	-0.3853966372837295	-0.5922370935672182	0.031229170421449307	0.2598389796966271	-0.8784854106459012	-0.4229205586008039	-0.27802308828208505	-0.0048692987891565545	0.5653254435966063	-0.2565926856627881	-0.24670225170770538	-0.23325116400967696	0.3222925246078451	0.39522842475571657	0.2710022699929967	-0.7162706058156898	-0.20453641186982946	-0.5349408530700255	0.0759329015113806	-0.4603751918959876	0.1693742848437475	-0.29027765750292456	-0.41227193969822434	-0.5244583970201271	-0.09748539647059312	0.2174623422764796	0.09429511154906423	-0.3943154842866051	0.5058992714771744	-0.1917998206723351	0.32469657348393743	0.02984266428283527	0.49449501426401576	-0.0019628538061654756	0.018534724046597527	-0.42290185568035904	-0.08978986626662529	0.3254752322888336	-0.15868944992042694	0.7345607227584481	-0.9600615977131829	0.9072126615450572	-0.3949481498504289	-0.17061842510529124	0.173254338152506	0.36430715008534514	-0.06205030570165618	-0.14686439556773015	0.6496913399087779	0.22709958406545144	0.4635990617577542	-0.6790615440287453	-0.4792453845338965	0.348860146033953	-0.26832983951215056	-0.25450158530161826	-0.10266181494955116	-0.10709889050845726	-0.31377231805408334
DTXSID4021971	-6.337199876776657	-0.30819328619826686	-1.8563860070008387	2.0454909850619556	-2.8291091611600376	-0.1973010690008274	0.312038725793049	-1.075906670907723	5.73622971716608	3.064741830956415	-4.348857589648566	-3.723210128980278	-0.196472138255655	-0.11382653991313789	1.8872777385769257	0.39885117496325795	1.1375350503404635	1.0434539765740807	-0.30202225365794205	1.4157864633869042	-0.04337188010872747	0.8104266319579282	0.061051957484270614	0.6214672170227911	-1.0223269813654685	1.3105939900693306	-0.1545003810122361	0.45761668724931714	-0.14013253496102174	0.49314890127568173	0.35654065546574837	0.04835834740204974	-0.3397005769526089	0.6288022580681024	0.07940686041052562	0.2675514612928838	0.2462642050503059	0.11906032120711213	0.46113312882737567	-0.6685154168829494	0.2649076929025009	0.2423743647808247	-0.32384156139870635	-0.2904749660351674	0.2254155831485027	0.25868677878955787	0.5574863493911038	0.29045045419061233	-0.09978221907630627	-0.09241008705376191	-0.13502363852572355	0.3606420489211286	-0.31090305081531283	0.18238942402458666	-0.3248967560070366	0.18297747590262137	0.3943139760107708	-0.04863704044453453	0.010008680595350218	-0.13068675880258113	0.527623207621793	-0.3652215921111297	-0.3267832906010013	0.037858065576504854	-0.224269539237067	0.003388771121371075	-0.5806490837934145	-0.073261951360666	0.3337420821272451	-0.4429677825396695	-0.10405314854012192	-0.2412422320416691	-0.1346940336824358	0.14369454362524617	-0.24087594565027926	0.20164434406277396	0.20268449214577605	0.03364432451770514	0.1309554514505017	-0.05077647470184923	0.19564294487938352	0.05980765435559362	-0.13328374223438966	-0.3466795918875149	-0.08782554323191744	-0.24011816361379157	0.023654292376411343	0.10989130227780658	0.01370796184832192	-0.10254240053510605	0.02881713814204024	-0.05035912025989115	-0.3082645360045474	0.2803280548605659	-0.17871733534467749	-0.10038496650939091	0.11220535990846542	0.0949679478505181	-0.08815105711669506	0.2185415934892274
DTXSID0023616	1.4624628198399803	-4.141948933562936	-1.6341688856194545	1.460806816504773	-2.0364366730710186	1.6849340061465856	0.5017990591054095	5.3849023077433396	2.2742048892125197	-4.026636943822971	-0.47974259855525886	0.869613238815317	-3.694875883361834	-3.920579270696887	-2.5581205971821657	-3.690006916628465	-0.8547616384126353	3.036217335842027	1.1856713043242364	-0.6008411346485466	2.0922699835925664	5.403967341558532	3.360719136176591	-2.033265171281857	2.839004709717448	-1.3781697029279663	1.5373996307642328	-1.931635649563694	-2.09096910309992	-1.3059958314041238	2.1525636133081254	3.143856675081654	-2.180934187645379	-0.23529038117803514	0.20746525063261764	0.6437837110880766	0.6248198265435178	-1.8130463734386424	1.436481228212414	1.153642447794527	-0.306548521356667	0.8002843822383804	0.42447204989591125	0.6804328009324282	-0.21043940963985744	-1.581498470738264	-0.6068806147170189	-0.6423900218666951	-1.8029936127126074	-0.42097663803208957	0.5409000878654276	-0.46608307330500803	-0.05419153919972302	1.3728899556597745	1.2636456679184265	-0.7497285879916598	0.899061506291178	1.6051104838628583	-2.496773629422772	-0.1597854684091164	1.781973074570764	3.2551960805521274	1.1110534805938062	1.262897799049112	1.9992393158146984	-0.2597491618249177	0.20492231093023702	-1.459285697245173	2.0771227932417515	0.5499932324240745	-1.4124308635567342	-2.38770808394883	-4.332816078478342	4.679719132474724	-3.3628401745581455	-2.223078051374018	2.270480621760276	3.540726498522802	1.7996572291263215	-0.7801947460298849	-0.10690695364536154	0.27973512074941603	-0.1731342293004669	4.290713346497213	-4.797171155357059	-3.5791529722621966	-0.20781982970349375	-1.74338844663412	0.49402926932104424	-0.724223083982933	1.1043213704999122	-1.420134590411742	-0.48338650444879605	-0.9803014615849617	1.086199697239347	-0.18167272162536968	-0.8812141214701958	-2.038735326465117	0.05724622091683706	-0.004568373639441774
DTXSID1049308	-8.615658480564578	3.5943703436105796	-2.3452612571222478	1.4050239034348024	-0.5035052906898649	0.5393911313885981	0.9256596393845545	-2.150275277593146	0.7983587262993666	-0.728648517365265	0.16878311988268174	0.6898093766155957	2.010641793100288	0.9125112536027592	0.6249398001394909	-0.4060276742106583	-1.1136549747162763	1.1367812591285358	1.337404473384025	0.46157378471899624	-0.36867269127249064	0.6989644391895231	-1.8625890228134026	-0.3171096358692587	1.1572689288417044	-0.12097079138274812	0.3299941705935594	0.9936806225833011	-0.5543796528684168	3.0559483612253646	2.343313538847657	3.3665698631411147	1.5378850968729245	-2.6432036846813785	0.3979795384966091	-2.8779348073217994	0.7319895521906695	-3.73584850127734	-4.025638485226503	-2.1710132944768605	-2.0933793754559264	3.5772262953811285	2.1819226757401244	-3.0242946554046717	-1.6650873798543877	3.3440701634615366	-3.6748018081473437	-1.258900330348522	1.6744939237182725	2.0207561069317053	-1.0118662341293	1.8238012389350353	0.2286026896029249	1.6274478644324388	-0.9902130312891788	0.9088820504136988	0.6953549920477234	-0.9393596732376018	-0.2723475100002546	-1.33353595644878	-1.6045153457879129	0.1008574397988768	0.03359267501319057	0.6140308415847109	-0.288324629664125	0.2941675979060046	0.3432510462428413	0.36428537630037194	0.08327728927771962	-0.1382893387514641	-0.5332515147472554	-0.062133261505877974	0.08785865887339743	0.006067748045740983	-0.25809737171638747	-0.19952632668287335	0.5786871036441459	-0.19992846516705876	-0.4551816866695714	-0.11016172588687542	-0.11935274390158075	-0.09802651613359559	0.12836673737823856	-0.2688621670807773	-0.47811262884779354	-0.17397482289604155	0.21531083402123175	-0.12286590441755783	0.23346563982443402	0.48416654981392093	-0.1728605784398947	-0.11524189475761294	-0.05695223944320012	-0.30431700814905377	0.23314765206314694	-0.039580276780113915	0.16558837318934166	0.2677833397610587	-0.4397044350020289	0.11266232418374744
DTXSID4025240	-8.292551933380725	3.396825096413699	-2.6647133943126193	0.2699582523653913	-2.5048215928502806	-0.6960319168803399	3.67427891965219	-0.39751337342055004	0.5242185732269989	0.20975570042277406	0.5861451017012181	0.642957427400317	1.7832708300187907	0.6840480082658333	-0.24239881992717474	0.918307039140068	-1.3013831495870491	-2.391050601259654	3.443062288506695	2.9106772039510482	-2.81836131794993	4.047683093083414	0.9608053885148466	-0.7110214423118104	-0.2933092619999762	0.9043791321010303	-2.327740712662997	-3.1537449403284685	1.3508588971150592	1.0829529995532896	0.6290208133484009	-0.45161744145401134	-1.0024290260284827	1.3302990473503657	-1.418609050738649	-2.9774369802315235	1.0134682089476894	-3.1985285428193	-4.170217014094175	7.95561324569398	2.668082992616813	3.24597780043842	2.5494982725758137	-2.0736205068969737	2.1726820162550813	-4.707603400732776	6.39314960737468	2.028122556365377	5.9568320898237355	0.49262634134024474	2.867893548419627	-1.0874472751130864	-3.4661937551699324	-0.8923793622373916	-2.9237992361558316	-0.8627222342665476	-0.25140406811561344	-0.5346633138579773	2.3282226801643535	-1.3454689137236786	-0.6994946926247749	0.06387622772121204	1.1150947230682449	0.7173155061507056	1.000097225237669	1.023433890947636	-0.6319537272236827	0.7661201515550987	0.3624496593538008	2.122758578695437	-1.0786713476132814	-1.8135763553033866	0.05325131251858213	-1.2156237933895955	0.6233901079229166	-0.33446864479517824	0.6719738477751019	0.0075180747129482885	0.3422743792551615	0.6054228567281951	0.5417218328709794	-1.4444761055018467	0.17444674395961585	0.08046897710284735	0.4879745142292029	0.26577141072208477	0.9390021449406476	-0.45320159357029166	-0.4565718515959136	0.5672844169784681	-0.103069627606648	-0.3363143698183313	-0.2636971855633337	0.20576896795540103	-0.5715733574838635	0.6134579427753166	-0.5298849104267417	-0.4661479371848075	-0.6290316509601711	0.19279388245776355
DTXSID2025632	-5.658958521207737	-0.1868857130466752	-0.895751929554111	3.6082694602183523	-2.1815141380975773	1.8149958728848772	-0.2781529249231334	1.590447902860228	5.260206823507101	1.3116940002519832	-3.0736550083593266	-1.266350137677976	-0.6861761568488544	0.5366400838985793	1.163751924040235	0.26560109042914615	-0.2522762449431448	0.8526538999752356	-0.015071556492376969	0.9434211300828679	-0.4883230579065074	0.864846073999077	-0.20664527533262222	0.669917881244071	-0.3544285295824531	0.25438930062142756	-0.037407222343591104	-0.12670963127386994	0.3713082080924346	-0.19747113156557664	-0.1621868460958043	-0.16113284426324126	-0.2506094475999897	-0.08596661754824957	-0.33283311265245996	0.08096346138571554	0.12829688885045618	-0.297267156255111	-0.17038437647117854	-0.16576607677771246	-0.2233353688416755	-0.3963612697713093	0.15181697682088913	0.5400346802506085	0.3084188116456438	0.40070682304174077	0.17825538710826141	0.30791194229800295	0.3493237928775983	-0.021429762523197123	-0.06198625480646904	0.5354430698819116	0.6092792683640663	0.17673141403303316	-0.4714235405506205	0.11700647248334183	-0.1804717246826888	0.04582735255996088	0.5302306611947248	0.4072049388930154	0.09524266888611717	-0.11867517384675708	-0.3679383687367349	-0.33857872050153587	-0.4592146332679738	-0.7736608510843507	-0.48624467443101665	0.5059058243985113	0.27033947354715865	-0.2128377260256412	0.4685118967614635	-0.161535395336385	-0.2466770408830176	-0.16525796024454734	-0.17172718811791174	0.2549198016210226	0.317489417981587	0.1677062367804044	-0.14669408367123085	0.018878615907328946	0.17353436372157527	-0.3705870427924925	-0.08076045349809727	0.32013123259194615	-0.31158917348036075	-0.3195845441191532	0.08344843739504088	0.1970230292398283	-0.1828776599298561	0.3129079866012242	0.09999422812460934	-0.15148414284611528	0.062343352320781635	-0.41813885628396086	0.468648116968952	-0.2686028250714005	0.2320380023703397	-0.6098293445718068	0.07647244850564147	-0.8729997752779877
DTXSID3020380	8.265670730593706	10.07695586864069	0.7248776298567999	-0.4139951123424715	-2.0623785663505596	0.8861695670716757	-2.006155829061707	-0.265968988349801	0.8377243407803128	0.7064525207474535	1.3269430920554577	-0.6743808162417787	0.4029533924762341	1.0501379644410875	0.6336492141567892	-0.40494140637956916	0.45622231084491593	0.4068342421903563	-0.5068486588181723	1.247855317430776	0.45623891612254674	-0.46457092434425534	-0.6931894270308866	-0.715053905520936	1.033056951620614	-0.8475440872645251	1.0844348419055867	1.250447757414255	-0.0559087863294223	-1.226953495491248	-0.86811749925646	0.25891966709165104	-0.05225752048304251	1.425471348128554	0.10896009076718918	-1.1327726206138702	0.46540682860533816	-0.31440348013057606	0.005802445167826389	2.061804080550775	0.26150676665655576	0.38433478025272116	-0.29471981907576855	-0.2948932594039901	0.2001959882891649	-1.304499053101128	-1.375566097721537	-0.5311931425686546	-1.3017935832304723	0.4200915187583888	-0.9013403540199688	0.45533647318319664	-0.3159550400185191	-0.05855114551026314	0.1838938201995808	0.9362906858116451	0.6858008520182435	-1.181453150253923	-0.7392705433992727	0.47061633873382913	0.004463798205806555	-0.18390179290932268	-0.8003710906737382	-0.766005140107165	-0.45483628979175017	-0.7300775307734225	-0.7387042170918648	0.34618887104280954	-0.47083819175827946	0.3484748816034867	-0.31024712039134705	-0.17894672198000525	0.3124179449205738	0.3446528086011474	0.20372817245829175	0.22023318056795135	-0.1611720219258101	0.9639794905906425	0.63099296734219	-0.5700356647433678	0.373142467037856	0.05021428035120421	-0.3358023067282115	-0.08194050688209276	0.4676575775912791	0.14890707604458198	0.2122087886898871	0.36515910685177616	0.16636295338417892	0.18827682605558488	0.250650314647707	0.149298491281832	-0.253160206463025	-0.08760691399044461	0.013201617472245835	-0.6612316469107663	0.2155009489100355	0.14887042103614948	0.2804889992808001	-0.07603149068768263
DTXSID3023051	3.825694254006824	-2.300459733468945	1.4943081678863928	-1.265355571768647	-2.132643396477182	6.171204855068364	1.6898972044181502	-1.3134051990549263	0.5450263745192802	-0.816792021339709	0.22358826150400885	-1.1842880035870684	1.499409454639108	-1.097608923985505	-0.4438027465170835	1.9441551113296378	-1.550930256902336	2.021146860960783	-0.7198493280334756	-0.0844462398411764	-0.43908053681535414	-1.5102657823271666	-0.25963009216297284	-1.8293142371631115	-0.9214767475183341	-0.27690029579048947	-2.2154586279180424	-2.5337523716859507	2.1518680375763237	0.3009954578353738	-0.8434655493455385	1.6378206112223659	1.3173972378099295	-1.5542845666134137	2.4880837197759886	3.2844056490097917	1.9044005765916976	1.5601738038838469	-0.8944433499343613	0.6180578443498512	0.7761617596582002	3.0287382578283832	-0.8312446763351781	-0.7095758313046048	-0.04038571631932107	0.9017849685257674	0.6147478660640673	0.314310017640009	0.15503341492131556	1.6993501127495592	-0.3517303952309985	-1.8931094881494015	0.11807735631483168	0.6999088284743921	2.9539482337014036	0.592324655265377	-0.27795573107427124	0.5794487964629478	1.2127168016085708	1.2605290510902445	0.46967610141361565	-0.40442350831532276	1.7063423522172634	-1.2245651280557743	0.4852389179694047	0.7713883053160004	-0.561663340955396	-0.4043073472760558	-1.291775141072105	0.3282548199481281	1.1862619746375072	1.9229123023113055	-0.5014820156787354	0.20835859783221852	0.28960465722693324	-1.0884830669935155	0.949530022039124	3.1595085585153386	1.5661016059602446	1.3973640294648324	-1.4056357190923603	1.3716195602422199	0.16985697649490708	-1.1251733372313115	0.17710204367990026	0.6297300863387097	-1.5935405128922102	-0.3067645382629264	-0.10594739269937484	0.5596839191391034	-0.36197380404740465	1.922677640121705	0.15183425990976923	-0.6561920606058599	0.33963439448657196	1.483435933072422	-0.9453435517187987	-0.3109607162936443	1.2740131602522107	-0.8440096819794501
DTXSID6041636	-4.679087791892932	1.1604325784324108	-0.27087653099563297	0.09816814990063952	-0.40588531397330746	0.6865924087589713	0.779279137042009	-2.2772978768404046	1.4387831679215257	-0.35830285748396545	1.2427255854069827	0.5351857997998613	1.8466268545420332	0.8096962155328693	0.053838894395742035	-0.3307454146597878	-0.4109739349776767	1.0487122711515113	-0.09234390705329155	0.7192092310711025	-1.1944657030152044	0.6476809424273908	-0.8478544005336316	-0.14144346840717556	0.4437560579271724	-0.5694476297998841	-0.16245150333731687	-0.32330105712292334	-0.6049540217745588	-0.47836733536872317	-0.18936356161117673	0.23927199739562366	-0.5347548718256623	-0.023644226661763034	-0.12098096780982003	0.0632196300392846	0.5978469892031639	0.8827451592151463	0.2638372189440134	0.11732083930888165	0.16116845136251498	-0.5543372000829074	-0.6597468311111894	-0.30678428145697584	0.19557507989199624	-0.6638832017072815	-0.3561243708700727	-0.06832962654746912	0.1255773547040442	0.5092063387412692	-0.07274682411015151	-0.1045412408277317	-0.22439914413883058	0.3856995280282764	-0.13962856136359167	-0.09670230497437815	-0.5734298272435265	-0.028528562864203008	-0.9492203664878921	-0.41417628163912806	-0.16359979437587735	-0.15687143265815315	0.42277132798572364	0.1859658319692158	0.09387910168165452	0.08783147498905207	0.33423490044375326	-0.5789810118811595	0.08921125475916065	0.24323494273404955	-0.1539328556841436	0.03669996579245057	0.5678423085394956	0.034514467976893545	-0.7205746634665674	0.051439591452459514	0.18759210657495018	-0.07361906424302088	-0.3866136457602052	-0.25277660874949726	0.37056624362329005	-0.26206577463399705	0.1771812723961895	-0.4439339203507307	0.025053842983603965	0.3800363094826486	0.5072585128113472	0.25245876955762964	-0.13253352909058164	0.0015937218066374987	0.06600372774408585	0.03653020851415109	-0.3804369294975054	0.4032207935970247	-0.07471478086753533	-0.2121643020970648	0.09338212583977511	0.11314298283919068	0.1246792057276831	-0.3418132658307533
DTXSID8047420	-2.594258573961399	0.9183505825046138	0.06633930606760328	3.5481679875081733	-0.5238028319303574	-0.8867586300629274	0.8212527933405734	-0.9988159894237632	0.6899427321684294	-0.19119022440017044	3.351942747267582	0.16099217699121493	0.5401435467836717	0.5034285216096538	-0.20049871023757956	-0.3541476277120002	1.3295270737424465	0.10578553166562304	-0.09889327403992057	-1.4224943664213618	-0.4911345690195688	0.2174475424704089	0.282753649563817	0.14612144638092608	0.502327178707752	1.148293614217755	1.3041874182979905	0.7955263486142571	-0.10585382200837064	0.4089356798729094	0.591810760907886	-0.008729516776135864	0.6431530262898902	0.23312500886358012	-0.079684514574651	0.19633059526107452	-0.6122220723903089	-0.21872150737454918	-0.6003021985995028	1.415329975844304	0.14711448453179407	0.19994827632049944	-0.05220412311337561	0.7963158493664441	0.10468054305448314	0.060494242535961126	0.5051228061039438	-1.012157654480246	-1.2885009602274293	-2.1376487163815634	-0.24651776031471817	0.8402056160458337	0.21546901109930272	-0.3049538095132983	-0.4758108153253241	-0.05697682930989104	1.1203649041341248	0.02428385703300312	0.5555820952935185	0.10427217824778864	-0.35977260822941015	1.8313017998511367	1.1789780251128916	1.2190467009383572	-0.6758941868980344	-0.06805811111927011	-0.5752274363390351	0.6657398308032191	-0.11775792387753731	-0.8786592179777211	-0.2438546347757348	-0.07765045174593997	0.20632928645978105	-0.31914660282631235	0.1493403264477822	0.503998917546464	0.11874856697399506	-0.2959003224561466	0.7637368047963269	-0.11466365686076974	0.6359523280472001	-0.12775227275360582	0.297478229848304	-0.31843951911630575	0.0900135058268223	-0.4867573205496894	-0.43705468591982594	-0.08044582725207357	0.13392278167007793	-0.149938924838781	0.32876094440728426	-0.08552265487670489	-0.08673010464906959	-0.00889309487835896	0.061343394194800185	0.28011849401520744	0.2603760305803668	0.24046347743637048	0.3776901812332069	0.12124550379881044
DTXSID2044894	-4.178642593157523	1.3410847360304319	-3.1485843434426517	-0.1075499564681885	6.68164179334389	1.8626367002219506	-1.7270682699192645	2.619162092910457	-1.5610189915124013	-0.2402499856496819	-0.8325527645711173	1.941774388879101	-0.44408978551050204	1.0075568698561586	1.1699545133009435	2.7345923239409937	1.4327940600474347	0.1921687520749771	1.0585626864742967	0.38692011368716495	0.144282829003124	1.6374564281269135	-1.146968081152981	1.1602318433604468	0.6906691942870085	-1.375400572232197	0.5030247523566864	0.04436878129299004	-0.41774152958782546	-0.8700851343806363	-0.39096040347051836	-0.6653234648687967	0.21797207046550562	0.5327671018879496	1.2214517637493332	0.14175852407894	-1.0220545669934733	-0.5604442542823685	-0.5448109680129227	-0.5288584835799701	1.1138910485343485	0.649515883978971	-0.7595383443580478	0.6787843030766791	-0.10676048750295476	-0.15219539819936304	0.2732156747322648	1.9759462897558682	-1.3622787658258055	1.596414526666674	-1.6621678580511212	0.7732225853739355	1.698670421991444	-0.14126624231221194	-0.3673760762789173	-1.140320816076251	1.901247438399136	1.0092008176096237	1.2831966531996941	-1.10415592719844	0.6818441215372613	0.47732735702031265	-0.9023803998057559	-0.796955967644992	0.04058910226900275	1.8670563127671855	0.7522682503915403	-0.8869189299198988	-0.8129379711688735	-0.7331548873571866	-0.3405949493695176	-1.8936513694982704	-0.4219316777775208	0.6337404046034686	1.6279173144482537	2.2934893437761756	-0.8030444549862047	1.5346118467696586	0.007807971287938911	1.1301593488612725	1.0856106733424717	0.3275452743964607	-0.13339779299757115	0.5220056170489531	0.2147848440443764	0.11064162608855987	-0.2611522522621125	0.8022330222242134	-0.824481745313217	-1.7350977126224467	-0.35356244404359566	-0.3001317795271399	-1.1468212622812533	0.21696737929823204	-2.0305236146644714	1.4625312144339428	-0.6673920825317396	0.15394969907170544	-1.0837832874340019	-0.4075984062626122
DTXSID4021979	-6.423104237488782	3.934463134829089	-3.2968229931149384	3.678279428421667	-0.6191266419114213	0.47457353475514374	-0.3187162216013108	-2.239176386585485	0.28306663033058743	-0.01549802080846723	-0.23535203887457645	1.0366787792382526	3.6705585766252637	0.5956655196622588	-1.8311554309878582	0.6618293995552601	0.24839599471452004	1.5520697719661516	-2.4625689235338966	-0.26212255669830614	-1.0850231592061037	-1.0629879321193278	-0.6027631640216387	-1.0259162863971583	0.7417227926825504	-0.5911082877495976	1.6783703853787513	0.7070835109298874	0.6270731016627814	-1.269423398809663	0.970086942913753	0.6795577071566394	-0.41129861317470773	0.9832899995013201	0.311866680476195	-0.4190033437752175	0.7492763935672526	-0.4291673019306141	-1.3348245496832174	2.725803431265457	0.7547446205932815	1.2123000830767214	-0.04701783766647913	-0.31008959534029157	0.0851605626980203	-0.6766787773736164	-0.04316060594151805	-0.469350094055588	-2.775288417723569	-2.266006764553875	-1.5313063738826291	1.3012073981252286	0.5454824756027412	-0.7273373571842934	-1.0464520880800352	-0.2672763691638291	1.4225751813188674	-0.3692980118034247	-2.3048867743687915	0.8580916810121378	-0.40835987463984375	2.0666747272977033	2.1035831913799106	-0.5602731034728629	0.5997451646720486	-0.7009320471204566	-0.5040339599793847	0.8119377103875721	0.7000743684360524	-0.23648399326581934	0.0448113590780765	0.020502218847000497	0.21481653535166617	-0.8644490580577388	1.4594848731667107	0.6998827528117454	-0.2089310757263256	-0.04919588324668071	0.43091956086298544	-0.4912553366118256	0.38403280081125946	0.3596982623728261	0.2582181509487562	-0.38612093265456776	0.5045440815849112	-0.5932158003236389	-0.42771959833346523	-0.2097770572910659	0.7253746443896776	-0.5474696047680719	0.04995741902513642	0.039668989070945904	-0.2440222095305297	-0.4109185840599166	0.14119904694844207	0.5817614374487977	0.9502213498920606	0.5093049363171014	0.30189991671690203	-0.19268242379058179
DTXSID8021648	-5.741817965903343	2.238638727437804	-3.2856439166224636	4.797581450419851	1.0735239345968794	-0.3637173986265951	-0.18983229705818938	-1.8487051046205711	-0.18173480939726774	-3.020675822341204	-1.4706828535085756	-1.3618556362829017	2.4905804036988792	4.705295770430286	-1.0062976144190576	-0.8096400223464133	-0.8064235694499253	0.3329093783257967	1.370112484394169	0.4823050289111056	-0.1407405767356579	-0.6024576570653551	0.14625199942301118	-1.196559527871787	-0.18562442982481347	-0.2653551551741375	1.0372883304288771	0.7326272830954232	0.14811693778062487	-1.189142884155793	1.319473224793298	0.21790823738139506	-1.156468171775863	0.5253775712426685	-0.3289445375649255	0.41609712690969825	0.34966980307733425	0.9985246302932037	-0.9595486392692907	1.5588286926391428	0.6793860432743827	0.991094201496779	-0.5241831039561277	-0.4899262382119983	0.3746446161137732	-0.6582004714199594	-0.1837901868980122	-0.9842128573086038	-1.4242888962148266	-1.0592482954405247	-1.547141355747859	0.3424613632301331	-0.018504503198554283	-0.7264884863032055	-0.8562969020681774	0.24763619133917342	0.6086304222936741	-0.640052128751516	-1.7750546770918696	0.6551372368656343	-0.5474632531899436	0.43154595429557646	1.6911446381465725	0.09783654238131796	0.12654373171484248	0.19820257282707218	-0.47453007989099055	0.18828441696565806	0.6125711617761591	-0.2696590998831185	-0.30902424564719155	-0.3831297188943918	0.22993596748722522	-0.6818854745236039	0.5351552132634174	0.5320991645515795	0.3638827266230718	-0.30584579594732847	0.29880701759168	-0.5674868154369782	0.13140769477965175	0.6350932716034783	0.6824105161453298	-0.4417722355606945	0.34168448774819116	-0.47369519713949093	0.1486248500456728	-0.015703769788734962	-0.0209291527918094	0.04792490299095934	0.0819656694474426	0.15849454616555356	0.23323071948405835	0.09581921499736876	0.21556860934474045	0.506658267943594	0.16819612048106952	-0.07905887192661379	0.5098351110957372	0.11304511132288311
DTXSID7024798	-7.57305775962876	2.207907509310516	-3.987008423746253	2.1299249754541996	-0.9200613745946129	-0.5794445137434475	0.4632043655861144	-0.9987957915345793	2.262633758860093	1.2363976627452617	-2.6732439569059703	-0.8060175519927429	-0.030816920654010344	0.07509723632473034	0.7810664787419569	-0.4763555441498315	-0.330461948851716	-0.03336958034539878	0.003299548612657406	0.40628408234117425	-0.449170032906218	-0.2938959066449053	-0.5134253553451525	-0.05193441005820818	-0.3845130040273848	0.5381488236032704	-0.08065028643161554	-0.49124610074700503	-0.2623856426760653	-0.627697594942521	0.45471990008623786	0.4236432060883509	-0.11141283789038361	0.3935986650036541	0.11668510765825574	0.5296960601370224	0.28479569419087203	0.32291553287969604	-0.08761670413440768	-0.00358725760731055	-0.19388206692913115	0.7674326365199129	0.057673115600695136	-0.2780893983936308	0.24652910025212968	0.2609080990957925	-0.18513312067641416	0.32673602809002167	-0.014201803335162452	-0.4158788184259405	0.3285547330906211	0.2802618012088106	0.31866221502124353	-0.143978824972242	0.013711861718425322	-0.347677786843147	-0.473406968778107	-0.5291458711379045	-0.6708754859741124	0.016560318666226714	-0.011344557167541356	-0.35656892972244786	-1.0242702492476619	-0.08851187603290969	0.5221754439125612	-0.9939166988361926	-0.30839569058506805	0.7195787570444947	0.5368794257185654	0.9138142308692123	-0.7120339693035944	-0.5283237813946986	0.9444619265940432	-0.16978678544080728	-0.3875486540711811	-0.294503794602797	-0.27370682546867814	0.6665249828125535	-0.6247061906106488	0.2713235996641448	0.3964161407946571	-0.6109123205078221	0.08292013266163117	0.5216966808755765	0.2561657885457081	-0.24907148005321175	0.24156131523739835	0.26135602307331907	-0.24025878642452764	-0.20010388798958897	0.30032867434014476	1.0218264129758086	-0.9130279075880513	-0.10620945753875168	0.10474265940660872	0.02403333090681328	0.38472350852105885	-0.6931552140397399	-0.536524036756772	-0.052094285980770115
DTXSID3031860	9.41061406444233	-15.91120169478388	-12.77679102632098	5.85254616001793	-2.06971061620348	-1.879125722795164	-13.488083099112101	-17.037139007006967	-2.7566338788974925	-10.403641662938051	-16.42131444699754	22.285782116056993	-5.094250730194762	-0.6730741057069235	1.949036900937078	-7.296090851688611	-4.463055288236171	-9.955772566234412	1.235003254441645	7.713198354471061	-6.083361659248526	-0.569411167941595	-4.990361892575038	3.2059857272235956	-3.705685636691246	10.361343709383963	3.4891669839103345	5.193244370539979	-7.663333349550181	-4.211521387984648	0.4433006319217171	-2.715327056322797	-6.8847412265398145	0.9603510986554216	-4.564424759349789	1.292377828142088	2.539111521064501	2.2312637864713216	-4.327263771305619	3.5846524349100766	-4.965414507643784	2.2943753025936204	0.4520218622680514	-0.9323377321182205	-0.005262113403274475	-0.01715462013596696	-1.2125354776443358	0.6923072538028626	1.689760292321431	-2.0592331295771946	-5.3891964862396	-1.2356303287766701	4.362392492819444	1.9577059338321106	2.522251560256037	-2.203831429284302	-0.5479010947686218	5.40370223164912	-1.9413003371023823	0.7142486292856969	-0.07614188097763461	-1.8380817438101211	-4.108578800824122	3.2590904782735133	-3.5045274676850844	0.4409509576058159	-2.360063447942847	1.8342157569645612	-3.1795039711736353	3.3938323732113522	-0.23643518371083797	1.5800289099093319	-9.423999850248139	-2.3065049640927464	0.6439821320721603	-3.8008308629683256	3.8288776834516156	2.4639767233185186	2.564496682331104	0.5240198261995465	4.07004971873174	2.3321902778100068	3.1499644007436585	-2.4874779773348177	3.5429277614885963	-3.5444934888441146	-4.644852944249176	7.724861895323299	-0.24803201722625795	0.10823264847175114	-5.82023757872559	9.101124004588256	6.037922283711607	3.486601110166251	-11.62741972930635	0.4685706513737842	-5.042324640568137	-5.498103386266969	6.573616930578288	-5.189951574728191
DTXSID0023298	1.9625192914666072	3.2695370937215253	-0.5972877326695077	-1.4484279893269345	-0.9866664025751328	2.7314121650129413	3.0425537021042124	-0.5366498666676671	-0.9585954623481752	-0.007139293219570407	-0.5173011314382221	-1.3830528481347575	0.5230781985697733	0.14372862604862488	-0.8333977090135706	2.629296102502215	-1.6679234574034396	-2.6292197693230017	-0.22349313854019426	-0.35352071854040384	-3.7245991414552555	0.961793455864191	0.20716230587194612	1.9395585119985896	0.011247287564908922	0.9328085568035424	0.09217795751437102	2.563830862076677	-1.949814738650643	-0.7143785738861356	0.32369430583484593	3.1336741310505993	1.2161784751483802	0.4207393055217539	-1.8905701650712037	0.6838292662946792	0.8583974323107505	-0.45172028552539606	-0.5752550646079031	1.4185715081001957	-0.026901144349029425	-0.10843569163617381	-0.5368156733195463	0.598635855852005	1.7281050830609717	1.031184428569229	1.4159375829543426	-1.2818382714621854	-1.274090507687423	-2.062888437089407	-1.6078890597737578	1.506582735337358	1.8645054485248889	-0.30767577262390644	-0.3939435169511489	-0.2576195868388981	0.7370604421142302	-0.06723701764543513	-1.1171829956939352	1.4518482825411752	-0.0828859723631454	2.213308293366743	0.9189501268182633	0.7479239238208386	1.0108330259370832	-0.33959427575625095	-1.2515568600123292	0.03754530435068796	0.20775423490728884	0.11709970852526642	-0.6851107937131814	0.6862145045227743	0.15929949960896986	0.5976894107380872	1.2945281978144279	1.0423486581475307	-0.3798821713996923	-0.9827451722545275	1.6491842996341701	-0.3818794056065344	-0.0795066299374409	0.37902203223351133	1.2473493625800975	-0.30948631852142444	-1.8744794990791902	0.2889635926239051	-0.5804016730704272	0.15231074280423793	-0.17142125983867934	-0.26208899029779004	-0.32423770738033686	-0.1996787727198743	0.6104483920650112	-0.18270233877784156	-0.6119972253632863	0.16778873585265605	0.715050441731155	-0.22529753655873772	-0.7182059939699117	0.13437805926487523
DTXSID0048349	2266.0328208519554	-769.4151162252905	-210.8664138475044	3332.3236291112526	865.8137592589001	-774.0515636272384	6041.691927686823	1115.3790358312338	-1471.2739839146975	7047.481960264779	-2303.526639907055	6081.909258156	1455.3385943820485	-521.2274980226969	1884.6731028097095	-3111.1645893755845	-1989.5846456592938	3270.5963187838597	4037.1703503920726	1089.6694194542777	3089.8742697485795	-1516.8524210714145	-2039.71388106219	506.15604656765765	-1187.9469906909571	-2041.0904477132647	-1002.002627256614	1046.4083706877163	237.46979369755243	893.2859390628739	285.14573583251524	1397.5253396172075	-192.99826648672848	838.1066807153918	122.53608324195675	1720.9075425386015	-461.40184221298716	1206.356482815887	-991.1326513371416	340.7215430835211	-93.65184166627967	212.86645462536123	-433.62172520021244	-352.3620097909587	-151.6134683645427	-122.26146208122029	236.65092264985648	-833.7626995209262	-106.93099264331319	558.6639871714597	-76.32877308776655	-1366.705608902689	-1216.8081029718385	-185.02337986692004	-290.1350682724674	-470.8169132298942	1724.831920974193	276.5204101608005	-2554.02383497139	-934.1098546437604	1852.3381372795038	-1780.2250838358918	973.6707087244971	213.3421615085463	-1512.1442909229918	-4830.997564494553	-422.8698639686451	-1922.093544047104	-1540.2123087817633	572.5886860213272	-1695.6365709070712	-2888.9433890155487	-557.9752808427394	-720.3417629274854	729.5552276376465	1025.2974885455374	-2991.0837611425322	254.66111882956156	180.12516728795015	-2921.212865520245	3074.58525363556	-2727.640368911019	3866.084858116023	-4777.795934833565	-3726.4287667344774	3829.83534921244	-1187.7838868988072	-1701.5606979490576	-454.4722392585224	-1144.2255717632358	404.64087484953023	-3131.3155615972464	1096.4945759956104	-925.5266517244677	127.00469099153104	6809.586236073506	-665.2208544308203	-219.3896530889375	761.6547997319419	3006.485894721955
DTXSID4022288	-3.8550896473545144	0.9120088269289687	0.838310422182039	-0.19194185203017322	1.940392772652174	2.2267590347280115	-0.20020688177968485	1.5846454588367094	1.1430627257202002	-0.2398279957655801	-0.028272199650950115	1.8602779834029195	-0.9981067950435926	0.751741846223514	-0.2166082788430388	0.5782373245194905	0.26038074071116496	-0.021539438420747677	1.147821202422369	-0.46678707668581854	-0.3500552027509897	0.6749060138184637	-0.6619036668921555	0.15072365251199002	0.9215094447711019	-0.2722339179464975	-0.4185678916887877	-0.01795226117337015	-0.7678344514098586	0.7147403385891652	-0.7085759845485045	-0.296078272788232	0.17527901605869686	-0.5268465193585504	0.18991810066970646	0.08173937175749843	0.02986408327144319	0.2169391674981157	0.032501682517402285	0.1988090480508654	0.10890006551142727	-0.41108840674623714	-0.009411207606089086	0.048093829630637505	0.023266954050560295	-0.5426118722910256	-0.32280263149737354	-0.0021898570770926334	0.26107659008856554	-0.6142355297233677	0.01451614229079291	-0.7419028901016054	-0.017896249803009183	0.20704959595275962	0.030161627605705062	0.2529624945253253	-0.05993626627808883	-0.651628026876236	-0.4411770050583403	0.2562201768423728	-0.0029653984388777056	0.567660450361234	0.0978262191963586	-0.3308075846102607	0.21575254194502347	-0.5638867504499028	-0.14162202991860937	-0.10853875552626724	0.1781955780732104	-0.4538195226847036	0.32673397733568016	-0.19983269031406647	0.036344269473086166	-0.24499919100788753	0.6264216163711924	0.06077173524131691	0.23975489717582937	-0.3874239631137627	-0.17557710472772614	0.05627319516276694	0.10038317657491716	-0.22336206697153135	-0.17981310581949364	0.2599037212417872	0.13428192611279563	0.1777112644177125	0.28927197621597783	-0.2722952811703419	-0.2792603275867813	-0.10140971343712295	-0.1736335217683227	0.10652305742061359	-0.0650366133348859	0.08681789357262475	-0.15371023464026579	0.02505932014275992	-0.2568910061560012	-0.12931058293444014	-0.14252857143824718	-0.05102597413273974
DTXSID4047543	3.163367351804424	-1.8255557945061465	-0.7436119126472632	-0.22651923902603446	-1.654867957907029	3.2628106893001148	1.157425325994549	-1.275124016037332	2.217708923475554	-2.180947539377669	1.9089862735567649	0.09992118252296661	-0.7430238855825214	-1.2792152967361146	-1.3704834810436233	-2.7868633174184376	0.011438652866948843	4.843887442930113	-0.13746329720333636	-1.8764707430029595	1.3885933744150798	3.6460915304211525	2.811412810397294	-1.2408516051344831	1.9333598710499555	-0.11756713779594201	0.9373737973650828	-1.692710525684203	-1.1679935598983417	-2.722757558136986	2.267014081590853	2.036603849243471	-2.8477602676161506	-1.0863497276978993	-0.33842554052398327	1.3825382340410666	1.0803642679620225	0.0159928967955072	-0.7299833851218521	0.11881754134889734	-0.061865225826253235	1.267993337177282	-0.11309321063838029	1.4866236439656901	0.5393927032289919	0.26281181442619017	1.3410932489137564	0.654157785744789	-0.06868908785671773	0.696267241551873	-0.7674223064683453	0.5803532486938843	1.9352326633730423	0.5758836757772741	-0.00800779986001772	-0.28283433088573556	-0.3933370225972968	0.812076897415071	2.1435449928567234	0.40315520460262133	-1.9024846490647827	-2.6959051163831007	-0.8371104789377349	0.3929415208817101	0.6201047070852607	0.00927418176581189	-1.278653179465102	1.5400840503823041	-2.7042962031172957	-1.4623162479905518	-0.2626437772755824	2.9869986131059436	3.8429709312035643	-2.2890956806723706	2.410844362874741	1.1471665598938994	-2.0514334325885493	-1.5104541407632965	-0.4816467824075183	-0.22799534705302507	-0.567044348781126	-0.16013383399175457	-0.24082890864929313	-1.948728600341964	-0.13273664815421046	2.8566302130995025	0.4656268771515984	1.2064725450565899	0.6120215862468448	0.20483430789230408	0.6710116745067225	0.7680030791042892	-0.2550665658899332	0.8177574222221407	-0.3729245184090562	0.2775573835031091	-0.2339377950971733	1.290826945804458	0.4657114477106916	-0.7750631520221913
DTXSID4048779	3.2052423029686947	-3.34208159941074	-2.8330707474302965	1.795691389560997	-1.7372407784158268	-4.277164800412704	0.8266140752106423	3.0669421745876826	0.5013267207957504	-2.8540027538451924	-3.034799894751959	-1.8249315325048494	1.6741553457563936	-1.8261437093500241	-3.574661275312044	0.39880458236146293	-1.506319168861361	1.9559816904670677	0.2694410314235467	1.7489349780082633	-0.6772585305992986	1.8360000980672941	-2.4499220336401026	-2.4524584203241844	3.9224730691025855	0.7648884228309601	-0.5750827588766151	-0.9726021768629972	0.2186487993191373	1.2142133013546894	-2.8906007721343476	2.277542944368128	1.017356657797437	3.2833706918243117	2.512855821393637	-2.224124274203753	-3.3645326358630436	7.777042168976016	-0.449128400531135	-3.4170624093627193	-4.305532475129724	4.362830903004611	3.8662318599733587	9.282639175655664	-2.246929000546155	-4.276664864464752	-2.9539531043886837	-0.6595752142987233	3.260808073043504	0.3005363393314861	-0.8533099324985913	1.1650995624629177	-0.9116214339622082	-3.354410874499722	-4.28431579247628	0.46464990601278267	-1.2190009572582636	0.16712436491893262	-1.5394337340365105	1.7618435430541468	-2.5053421462412815	0.7462244383607928	-0.10538374290087443	-1.1623125738974147	0.6032861806214609	0.6720966244742196	-0.6202208727255393	2.474599578337092	0.844076739131349	3.6936488548980213	-1.0712583303948988	1.2325565595842332	-0.9398872750557281	-1.2233129139214554	-1.3928075944358032	-0.6050181445995005	-1.4264440866606418	-1.487277005253029	2.7517338001505376	0.221715206015696	-0.15776444731487832	0.8792778331457963	-2.42840936279022	-0.4269774938937081	-2.3710952224716966	0.8612304152161936	-1.257649978313354	0.4804240879428356	-1.6089966156477808	0.5119349921564127	-1.1961063272940229	-0.8382348968747878	-0.6616959603175032	0.6242424252673354	0.1901185984735001	-0.8712487491228127	-0.12569384964671435	-0.9510731950311025	-3.357531351930087	0.004708856945944649
DTXSID5023370	9.11745875453513	-3.5657877059668883	-3.9475873310839034	2.931338424622821	0.9953307558172646	1.940514647148627	1.4959126339318618	-1.6516093040976243	8.3846368429826	2.0243717868263493	-0.2336280164463001	-2.4172894864226584	-0.7967268763627983	0.876223046409993	1.2711576464779473	0.5141900823228932	1.5774545503413389	1.8103535113185691	-1.986501699412419	3.262950405043131	-1.1575881487691506	1.1340278938397443	1.36773488288484	0.014450406558034567	0.16482767596457543	1.6858388881102264	-0.6068899194974542	0.5697124149414936	0.15952366394586795	-0.3712734699577918	-0.03191074254194667	0.9020538098874328	-0.44786667240736855	0.7264324620810593	0.5047146559727311	-0.8374897922994533	0.6937820840812665	-1.5178601504436904	1.0292081817597938	-1.4771201032757169	0.08447213406744838	-0.7077505327995446	0.09706892641364916	-0.009230065893952777	0.5029554201228423	-0.11876116077176814	0.7449320007476123	-0.014229520348560003	-0.5392034811923244	1.4499858758293054	-0.04424943417191239	1.4769647881817465	-1.4495909552125577	-1.4670570302398176	0.033292784916638465	0.057114241396370835	-1.4053974323756928	0.7689859709405106	0.5347541251709209	0.37572240574710103	-0.01323169666307692	-0.34062981283706534	-0.48950443443755426	0.2162550100408384	-0.9709201013504701	-0.3103490364314183	0.5166749243320801	-0.5631803463719818	-0.3753419447714771	0.5043350981168789	0.06902704063020901	0.4430606338697769	0.2672417415627281	-0.5204902287940055	-0.9575959786075592	-1.6776911039914542	-0.195250138544707	-0.05844858108158356	0.5794225118865828	-0.6624551007408167	0.5874210702043365	1.434817085176913	0.12174050198764523	-0.5632886157934918	0.6080395255489826	-1.0658345803128193	-0.34875022965365976	0.6625682075458819	1.0232370999040572	-0.7323234315591812	0.5032902142223844	-0.6303437227780538	-0.1872198620421488	0.8707198896503973	-0.41372068292851993	-0.8160138265461686	0.7555556939758344	-0.3529851769553791	-0.6849845188857898	0.5430454868150283
DTXSID3038939	8.079920075472842	-13.388522812840717	-12.033013441849993	3.8924066250213576	-4.412399615429993	-0.28968901965140276	-13.059473436625584	-12.400055921768342	-1.4943455425477004	-8.678668244094325	-13.27030361874405	20.201004823720364	-9.289836413524547	-8.477825026977683	0.49992168696573097	-8.726028494585233	-5.883461552288807	-5.0455604624943104	0.02703694540962539	5.497196984519222	-3.799581717950952	5.24600324016394	-1.98984237994712	1.6614103500735165	0.3304424031489927	7.275544135757023	3.719666403336434	1.3101475836491463	-8.197846586802678	-3.4211952198083924	2.393621226933416	1.6165656852350792	-6.478263712175167	1.6560584666383789	-2.2474985959825067	1.7260777123089628	4.365735315398742	1.0678095767143365	-1.3148923096329237	3.942879794286721	-4.549600345654075	3.0162679581593586	0.7877154911216419	-1.3922330424178289	-0.3338991333851705	-1.3216302131929638	-1.4550787373643446	1.550725528572312	-0.2686061408700017	-2.2344813263151746	-3.371489873407049	-2.311268913035688	3.8726246506995325	2.306395052443411	3.364536367396559	-2.1263490548292454	0.7020814852996735	5.227325960759336	-4.831076631108842	-0.46965641689102894	1.9346516258652657	2.2607545728865004	-2.397587594259306	3.1261511246414426	-0.607522651444383	1.1681220932347913	-1.5820353433810956	0.7390633348420518	-0.5120789449846108	2.892467720165618	-2.8918589017613967	-2.5470316955480645	-11.060355919238393	2.8698789544643217	-3.854204803583975	-4.700642389129777	4.276414186497689	4.61300964173812	3.7035648473886327	0.037115542339939286	3.1509266730685193	1.904781122668853	0.9746968350359742	1.848317648237844	-1.3814778725166215	-6.632625542181239	-4.932397321985632	3.6446716541098994	-0.568501400458415	-1.1312040478389334	-2.7617474478877213	5.113638282109779	3.3157522337416094	1.318787219459901	-7.733545658326835	0.3037627395153456	-5.365432404597657	-5.574669028039463	3.6874840532583115	-3.8291462078547274
DTXSID8057647	8.596540192844012	-5.2732773007711655	-0.53730707947795	-1.874836228769576	2.949871704812112	0.17675678122139443	-1.92973615981843	-3.5617632032838022	0.9770643105982328	1.8185839236185606	4.880622681349077	0.6402735975307703	-0.45890958395893655	1.9733969210433506	-1.4665959381699873	0.24993770860191492	1.0895315904049916	1.4033421025913009	-0.3264866814388969	0.760312777730127	0.19291858717177882	0.9261694675523874	1.0925884434286361	0.2124207127046065	0.5367262353843879	0.6876011983377752	-0.619053329558456	0.9963179526770235	0.549574254642119	0.2785249541041235	-0.2735112097271629	-0.4295183566354404	1.0554875950545108	1.9543505461767228	0.9428860887235034	0.02405468588628044	0.34484131929510886	-1.3956618727715995	1.6617084349874056	-1.2738590596469175	0.9912911567779084	1.059297634705303	0.16213042036301953	-1.1077394008136956	0.9711433491958357	0.5673571475398949	0.34528638503351095	0.22702047064605013	0.35046255415635136	-0.04696913738542411	0.5001749458674262	3.053962674951031	0.14171438573466455	-1.5665070307856426	-0.3590080066769303	0.3350992451125233	-0.4045482005776513	0.38846389951135774	-0.6343154136831138	0.4014675869945999	0.446191103758277	0.7858220479743337	-2.3818524931048697	-0.3451942847472902	-0.9489691772622748	-1.2058477270451604	0.19576694054178592	-0.0073699878942981275	0.6472674132359525	0.1138194041763675	-1.827776816696313	0.6489720686310492	1.1702181237877236	-0.363342483301072	-0.4673947567277103	-0.5654516941810626	0.4674866666719553	-0.05224136593770609	0.5567509893491028	-0.4319826942751689	0.9002567313934349	0.786292925015568	0.14303994117796195	0.34399678597315225	-0.8380995667092197	-0.047352822693851215	-0.7721629231643193	-0.7831674898776418	-1.0226936868169987	-0.20185574017814698	-0.3765580189636357	0.5338942782567188	-1.2328978976306146	-0.08601040369915619	-0.18494614768597759	-0.3484271087620936	0.7546611123958076	0.27294418537247767	-0.13890937394030445	0.5285416991870693
DTXSID8026303	7.143868669220027	-2.990646758035814	6.273416652691696	1.3832406970186595	-0.042685149718029794	-1.5310730293100006	0.06317441462283109	-0.8888705282542513	0.41872422739925763	-0.18542936654367556	1.7076241973056145	-0.6276480848537902	-4.206322927048819	-2.881289365967877	-0.5074098035001672	-1.6191487053730398	-3.184125658938193	0.9514613515063564	-0.9640685893147397	-0.24874017477337382	-0.934165746863771	0.39193063830855673	0.36224741912447195	0.8240144690265306	-1.263789465750397	0.42893973135171387	0.19039975122149802	0.029409575841954628	2.788152731306156	-0.6062765624010037	0.7319066417434007	-1.8676944324709548	0.9213970901223718	0.6492592409108859	-0.15298775116887245	0.7035323960606746	-0.738621537820257	0.02977713157750901	-1.8858780297966737	0.43750260710567757	-0.17846201956452318	0.4657989652309394	0.38870181195597575	1.0232314607457147	0.4863556721976374	2.6768513867931865	0.7635264851806044	-1.2504834850563016	1.1443055350321745	-0.7866948748651696	-0.09392856910603199	1.941108501725044	1.51537728666432	-0.6235798102271769	-0.17180490522712355	1.084463793485138	0.05203888315043013	1.8831109251556153	0.9521316992903547	0.6985967130917053	1.1533438601244417	0.7021284012153949	-1.4443259286989527	-0.01838426920069209	-0.9891283960546492	-0.5565220436236383	0.3171582293473702	1.4435329075946925	-0.7752887569292736	0.7239069765793629	-0.08036655767448492	0.9540777322324435	-0.2578276887176191	-0.8286350167129696	-1.8368082253181697	0.15482808346884727	1.283811831603526	0.9925202317985229	0.6156275785897307	-0.6668870232051232	0.31303038123022997	0.9863231466923638	-0.14200966403069962	-0.13871947402411774	-0.12336932883130027	-1.3616194336582357	-0.7525998066044541	0.9883635526051026	-0.47136944442874423	0.255628953276727	0.6772742414854125	-1.0038970015280864	0.2240217654881346	0.4340931868380991	1.1552723713751767	-0.25136712962964153	-0.6418134951113009	0.30239044237406465	-1.4092722585870014	0.524337812793547
DTXSID7027097	20.610070631751572	-15.2368978849457	-82.20603436035884	-11.465921363729114	184.07491642998372	3.0724563321403275	-38.86893589553313	25.785027568663146	-34.49755729791117	-30.048420848318067	4.681554740107356	-10.022791026085493	24.92983957955436	-39.57148789849462	107.42296354686222	71.15281921237343	14.776437071399828	24.626872975844638	0.30003063912025996	50.033511031679936	-3.8490396439223264	74.47984221473111	-67.19811978314395	33.99241467748249	32.50446023731496	-50.41118067248871	16.61309129645802	5.116565549001325	9.3135751665115	73.38401174961751	79.01972210372594	-69.69888150624513	0.171129017895858	27.70797655975573	-37.957177271697944	24.12983678668304	29.33468264374197	44.50610774958098	-55.0813293526377	-14.889153609823843	47.454734197344834	26.603297398418896	-54.246758638787334	27.364555367620778	-13.96095772642073	4.9072893543358465	9.778521093210486	0.4646633838452929	-44.45595258312177	55.959842552586935	-46.312810948327844	-9.956327978702143	54.76644891590541	7.047138670807485	-44.83300061825632	-65.70382888111783	65.43969379939885	9.434070400855308	59.45266062089855	-11.409850806758737	65.8825922455476	18.10092426492695	7.533500063101188	20.55449523272851	3.9230304178273534	31.41019323303094	10.814147589956173	10.976867777501353	45.126892402409354	-24.427785343695128	9.895446596106478	18.562623376510764	4.193570655179148	-4.1510850092143015	20.31114720463251	9.284311388584683	-59.17142136140804	78.89088862508608	11.05257671159571	-44.69987119683511	13.116044563745985	62.321658660757414	37.547005649965456	74.2361387287578	-26.696159015948453	78.48729264408315	49.64362623258064	-20.4888847030674	-10.091230771133247	-30.13514189273666	-9.570197177427609	9.452316303260233	-3.4965208079865757	24.060130384108906	41.78972363936673	10.362651107882511	25.530007270089353	-54.39271995663097	12.560179250166769	85.72318050571312
DTXSID5026889	-1.7059707528026744	3.7436284856742232	-2.989038555385982	-1.501123553180751	6.224756008378594	1.3870973825872221	1.059545624409546	-2.56879515890763	0.9781172223947674	-0.5258618413730904	-0.7333271487367555	1.898121066790956	-0.9915589470257024	-0.05740484638580167	0.14289076032164819	1.3683057619813497	2.3190341435813844	1.1519599318099485	0.0938247556886743	0.501407901834338	0.5685106917691074	0.24147402508832266	0.1637031254061934	-1.3381875232206104	1.7595224174232924	-0.06557059370796137	-1.1606921910114625	1.1538869779184333	-0.8186501955921575	-0.9564998320457614	0.06473923985646313	-0.6420157041780404	0.8742894261941131	-0.4869533948148106	0.3356039423289369	0.250950620447353	-0.31150983465576637	-0.2783482534007744	-0.3326062973171779	0.5040041796228332	0.05679301324088393	-0.39183056095309876	-0.6908839593342553	0.8606387494365891	-0.4858296943811262	-1.2154723924524446	0.3627647359706909	-0.5451265321412505	-0.16915041351552304	-0.11880885570361678	-0.2547386130019137	0.19479085808697372	-0.4024507850364434	0.30042185516891945	0.21048786396447378	-0.1628978258237517	-0.5241454047451932	0.5356320680116213	-0.18504226441073848	0.031182029507534723	-0.1918425902807155	0.0064911536066453186	0.4802054065230276	0.3757274455110828	-0.0573009068858068	-0.7294645708416214	-0.875441067796108	0.3950577420797831	-0.6383737061022354	-0.38992701597740087	-0.07678011375534669	0.2923246576595652	0.13321005281106715	0.5087784140267984	-1.1240500103087359	0.18712575942128115	-0.23899583326672258	0.6480152936788608	-0.3764922913997986	0.008403477948559286	0.41271086805850127	0.09212891492947206	-0.24173463435776188	-0.043229369073717785	0.6202595305501672	0.6520630543517565	0.1463562820524095	-0.0175849400146636	0.22091625583957453	-0.08254884444499631	0.3382449566694884	0.03532938285370395	-0.5428891765606575	0.021301204714574234	0.031554635241278405	-0.22700643055561257	0.2003921915740416	-0.12252750723568061	-0.14318539648371972	-0.2176594270699273
DTXSID9044796	3.292409617067402	3.399589905050037	-4.083901357232358	-3.252974553879831	6.024177511118983	-0.6625320130673596	-2.553489963274225	-2.267503077337289	0.06701581434833674	0.8123255457838169	-0.9387784180537145	-0.3911459814109908	-0.28790156493660035	-1.9736822110424157	-1.094800446797637	-3.6371171402789946	-1.2273881681926637	-1.7102197875544758	0.9143303340718739	0.4716465843813011	-0.17032854195820618	-0.1720337090157143	-0.1939308091797769	0.9155898291818064	-0.15802885777653752	-2.431001741792327	-1.1868002411744099	3.1124166118279986	0.6142987483810259	-2.7538145423812765	-4.592223833593207	-0.6182312868434939	-2.033003456897657	-3.0359535868469867	4.404401719345097	0.5120667405540982	-1.9512899707375444	-1.6572890390968833	-0.9268183618293151	-1.0046546247144388	0.5352810697701688	-0.16724000238379816	0.023341248304417132	0.694609205991604	-2.0194693402587136	-0.6084340041652396	2.848542273388653	1.0693738832781976	-0.39495267504088966	1.269729978959574	-1.5135720368334633	2.055876359377521	1.3342766273018423	-1.0281824376732283	-0.9116126852092791	-0.4731568168756467	1.019488391012745	-0.692670677986172	-0.8476995578017461	-1.4043755518215295	-0.13271868969381673	1.1852002336516563	0.5375536577277946	-0.757827056596383	-0.7998728723108991	2.4313632321853365	-2.5518588114847622	-3.6795610794965397	-2.3389502115648613	1.6636941090342205	1.7857708628732658	0.3083836780894956	-0.6831372013199857	-0.21292215707024342	-0.19650221184066832	0.3071748772466952	0.7426644283354304	-0.7331425850330107	1.13121733567584	-2.1240629650984744	1.4612321752064623	-0.3920779257454023	-3.941203514901823	-0.02201271417546537	-1.3813890695169437	1.6161931656501207	0.4450244787864946	-1.9523567800251633	1.3206108519723132	1.0840253248144807	-0.06668434452096214	1.5807282583798274	-1.15610591335722	1.375569824433389	-0.2710335933571413	-0.2800812776858232	-1.988616275809755	-0.7890356834814981	-0.5248040609566798	-0.09941531816759817
DTXSID0032811	-6.44223271443795	2.6693512715898726	-2.3188497379916755	2.8451515330270807	1.2064078313384707	-0.5383426286221539	0.31748026336195817	-1.4445429983377363	-0.108972719922716	-3.0322948420495077	-1.3278826024112673	-1.2340134565456633	0.6421110282488416	4.574741956533668	-0.2883105577351232	-1.6673061479619562	-1.51509753397969	-0.19488830889740777	2.7818948798763756	0.344757542678407	0.22882406902497454	-0.48797513471893106	0.6640838736664025	-0.6322029216917615	-1.649208416607503	0.3488602078635787	0.18510375137147175	0.256793776979087	0.14234534823695574	-0.7615865616768733	0.9610358410434673	-0.05089154752667589	-1.01376951438136	-0.04141194709598902	0.01777781192534001	0.9283904009943414	0.4380697481127623	1.3021032665720458	-0.4950178951208599	-0.10655892188034949	0.21676156726036144	0.6191181271890879	-0.3542036638555191	-0.612328877776462	0.5115777023217077	-0.3086470266821254	-0.012881516598824768	-0.31795188946387126	0.07932688353754283	-0.2743792695012238	-0.8839543515069355	-0.3319655126558803	0.021039100881187104	-1.112942963407058	-0.829741102240238	0.22128165888283646	-0.08106819791768992	-0.5007560015701039	-1.144689373725247	-0.030233957087139846	-0.47271547684927523	-0.8584610645420354	-0.13914934621720773	0.7566748717152385	-0.2399552333392532	0.28341730173757895	-0.5574197030538627	0.3538669327883964	0.4797546444976574	0.19751034071800608	-0.8038600426598775	0.046384347988938195	-0.036584741703885475	-0.29253218355104327	-0.11374968267659337	0.055598270433129364	0.7276099868743744	0.19879820923432848	-0.29967155339755286	-0.29874966436072364	0.0604443623814963	0.13394601375544404	0.9411713973790886	-0.04431374261888398	-0.2204873358852672	0.06911869485613313	0.22037069173907112	-0.052589776886217535	-0.4677288773466296	0.15346691326310888	-0.08547087790285314	0.1978507850565328	0.04340307834924036	-0.2520455736507936	-0.1784886397940715	0.29645556470773277	0.17017217658486544	-0.13494833578927531	-0.34202594088909727	0.0949138531248408
DTXSID3040720	-6.386777603411217	-1.345660299082398	-0.17082152979080567	2.105416590106621	-0.6615407234514098	-0.6284358348340225	-1.6970701136412374	1.3264260640761942	-1.9751403870161606	2.3538674637994026	-0.48760249718619436	0.37873640223701505	-1.0431152067204594	1.907850027779628	-1.0918373617998072	0.8605486326551568	0.4217904525126729	0.5102861279054866	0.5009510343864614	0.28337171886463636	-0.15803261918392864	0.5658187705208012	-0.18318390794093956	0.1103624520485586	0.1666010759149718	0.08878843028050552	0.7502058000596167	-0.38530473394285225	-0.17756316436869987	0.0427308692388057	-0.4639531028563206	0.4427599796154528	0.33539881260388604	-0.5454416307321905	-0.4248627673946955	-0.08779914343658991	-0.9679544557408073	-0.2282177593797794	0.7373543078133887	0.18465851939889646	-0.21764360048143983	-0.3970246911777288	0.5775491228126135	-0.02707209714602279	0.10774336848201606	-0.46825281854491096	-0.029100637395723845	0.7217349805278732	0.8029233953569933	-0.41175389055408645	-0.02627427468576549	-0.11006604049271763	0.7159633113143596	0.8587593953517488	0.5056334610388943	-0.3758950335767682	0.327340304049355	-0.4468521410181886	0.13498430129310546	0.17532016793885485	-0.1642402429255497	0.2614026668268284	0.2346966519039508	-0.5215510995627406	0.02204404023607031	-0.32017254462777384	0.2598631242747279	-0.13969148958671407	-0.7424370831937361	0.28818019599268846	0.11280796085638327	-0.34439453320843055	-0.05237243120620764	0.15986920795062462	0.23080470632490252	0.011044352592026768	0.17499368144439978	0.04930124276115742	-0.24815167649264558	-0.18616057513525042	-0.04406650057237078	0.011301098108834756	-0.35867001700129236	0.3106342170715332	0.00624973034259596	-0.07632414269748772	0.21127267531209298	-0.3474435449993641	0.10554312516483862	0.18414757879741614	0.14396836256340065	-0.09821877064550245	0.045512456235771395	0.034382777843999804	0.3557649432587822	0.05006792857700296	-0.06812675634467767	-0.11279288675497318	0.3060617268700418	-0.1629361131607128
DTXSID1025560	-1.6153512054601737	-2.3864235804842484	1.0341546861602149	-0.3549750870427933	-2.537756636335558	-0.9796068719704982	1.8327441771437178	1.2745477906736111	1.062120948907334	-0.8288477380263921	1.1124787042389002	-0.29407087155641043	0.45138275668841565	-2.359760666630436	-1.2333355004390874	-2.9783176692811204	1.3690450315202027	1.5457846125808747	2.1951880925642713	-0.7009378878876673	1.818875347520438	4.916835345788313	3.9940765324555216	-2.109068451583775	3.983249274504215	-0.2117558161113485	2.0505405586112424	-0.5697145320599479	-1.7978870337974924	-1.2677678985897853	2.4867895782349976	1.7348103657741174	-1.3091448957967133	-0.8155409998181912	-0.12353715670373143	1.6809156697928513	2.281045900723832	-1.5893719252945746	-0.07730975654815624	-0.3234894940578069	-0.13760018717640463	1.490372722506915	0.40843780587962636	0.9242965154916305	-0.1571299853746074	-0.7100856960073432	0.43701974846617003	0.5043536986629834	-0.6147272930732331	-1.0514410006947124	-1.5894531979005408	-0.47391882984933764	1.6652778403317479	-1.6208733237495507	-1.5520305374977665	-0.5589897109130872	-0.5562842404222336	-1.2416014435672225	0.577489928673838	1.1142432152773347	-1.1687437784226278	-4.080240926155103	-1.5646088096125947	-0.1498533440397614	0.696084861396681	0.7254474198568832	-1.791911823362008	1.0978200275762529	-2.674654133776246	-1.3914285633353045	0.18442930013297168	2.657776706520713	4.232456566283571	-2.564358618725227	2.3516995192939114	1.1655794098089904	-1.9500787841202638	-2.1865565927300303	-0.36794706381219366	-0.5081594792492582	-0.9791113416886984	0.03390679800973056	0.18163303170937398	-1.0891530633752338	0.9837908608757094	1.612035380268172	1.0308543788407594	1.5791322468220867	0.8353696031943693	-1.05335799110098	0.1195107825485577	0.24553252092489888	0.5144879388111934	0.20885962593197996	-1.1140323763604496	0.2547750351578347	-0.2732960432270639	1.0081557961682641	0.4709299736639188	-0.4006661844284045
DTXSID5044314	-5.054625965803464	0.2921511116352311	-0.336266532679918	0.32423114324268176	-0.22757160785664604	1.1140968378381055	0.963842885186352	-1.9447893158684553	1.3081061421266644	0.04294206535034992	1.326855040112025	0.5968965819179796	2.6150788701104646	0.746506155459387	0.20633720747419704	-0.7951421532282615	0.6128100729748636	-0.09982330862746376	0.3671266994636653	0.8479221150908286	-0.29370506549293823	1.054594204256418	0.5160860967982878	-0.5079557247820831	1.3150824166706885	0.1804888177434796	-0.6502522559896219	0.09900833042737203	-0.5487460275309131	-0.5744590630498667	0.06433620341634878	0.6909277738811059	0.34032431921841133	-0.09107766286652348	-0.24823291022934474	-0.24358559976616348	0.11173657810734769	0.46735594763143706	0.04349213185999027	-0.2626052949959161	0.19878707214365368	-0.7853761925512972	-0.5524350727412668	0.20262072119981964	0.14967878186495215	-0.6816661510952934	-0.29869044689341506	-0.5609079718945555	-0.11211675737601492	0.8325978263594633	0.06012057787393073	-0.38825160435913136	-0.5477521785181415	0.21208963336410822	0.33348971755282497	-0.8073000964896092	-0.06401933967806124	0.46510741761529617	-0.20379448977163872	0.07294109999118334	0.1960384902269211	-0.3578775765167455	0.7404214837160791	0.9478325185072443	-0.6553408868391271	-0.289923572496211	-0.38862488324861016	-0.11447543557627787	-0.0866508222347823	-0.02285834101704823	-0.3642872707748617	0.36402842812144987	0.6019654731485259	0.43482943313724787	-0.467953517147148	-0.21407669349688369	0.13570428375684518	0.033315343470349264	-0.21855219994430522	-0.04765011185282152	0.28791100622034066	0.10850501648735614	-0.10157896431345158	-0.4474986065619219	0.1826479303264231	-0.37616328381300723	0.15234467218828643	0.09817350445853953	0.6864328017866181	-0.09087902072813189	0.28045430883252903	0.08248164231390721	-0.295733730767931	0.10339467291873763	-0.16533404302786558	0.15441203951265223	-0.007039704627555153	0.20263727558052985	0.22096400119974643	0.12337948974309002
DTXSID8027167	-5.854664555252057	1.4138262448469199	0.2849487094177898	-1.9495576857393648	0.06224601811869557	0.05142626605137163	-0.14372652038026992	-1.0399052899488974	-0.5393551116653744	0.8558565555304755	-0.8415834273565576	0.39018962000595203	1.147393690135432	0.32896512290224705	0.07008049518780274	-0.9540066823912499	-0.30798366868880894	-0.04062028395423168	0.052642333236941945	-0.045820593254687486	-0.5044868896997272	-0.3358502599022134	-0.739667358380779	0.27918476129090725	-0.12268488113065838	0.6945301476501895	-0.08905502723039878	-0.7018361433014078	-0.2562350526721158	0.2808857219418945	0.8185108364964253	0.17215909642863192	-0.453817485671038	0.3749030270951773	-0.007326007905028001	0.32072918609078704	0.5007036566113763	0.5182936100959444	0.13563827145387625	-0.0268962734724753	-0.2201484954380181	0.15541186387231415	-0.2517683694822067	-0.01288423086130547	0.11729233790732684	-0.15486343806679506	0.5367697819259415	-0.08545645291993806	-0.2682245696239741	-0.4148809970796003	0.17601502958140658	-0.540122311651668	-0.5444774719019705	0.004776160801655074	-0.1843290656453993	0.3114409443351121	-0.9001603561033604	-0.7855579751316263	-0.45724955819570146	-0.4615032240929948	-0.08722227697678978	0.315747560719628	0.29640772649399405	0.3118364412688292	-0.32075200955647254	-0.020385233761142083	0.07164441082866391	-0.1592080208130378	-0.22296281940765988	-0.05368091430710464	0.156766790193171	-0.2708181124204301	0.8074062547621897	0.958677158353878	-0.38623976553860345	0.1053470898391336	0.07080575142201198	0.2663854132201703	-0.6331379867776905	-0.3380471181556787	-0.5139521782116449	-0.4871451264493069	0.19374319902990603	-0.058001636246720945	-0.0993151336313977	-0.10713995878091093	0.017121522777855714	0.35118833968151475	0.2963924853914156	0.12341896157969566	0.28110437928110854	-0.03353599698083452	-0.08481138728832684	0.3075783265134646	-0.1693470508601855	-0.13120916112871253	-0.4065403526018441	0.05474966948784757	0.36198668167258513	0.2943381337698483
DTXSID3046457	3.4592450645508377	-4.023342870524098	1.3394064982704674	-4.126690531424874	-2.2935496270095643	-3.277309582614362	1.6280022150411873	1.9041713573928716	0.5010635554398052	-0.6071950365055065	-1.575085677230314	-0.8638868158780051	0.1118454101089439	-0.7176967629803538	-3.3672341741049614	-0.4047459641866223	-1.4080674392569075	-0.2207955486085827	-0.2998562017600907	0.9196643348113201	0.7721331952595119	-0.43902806024390384	-2.141404804486377	-3.6000048126355964	5.5637394722103775	2.4321636066459913	2.6613857964264986	0.12402323291349537	0.8755929389579716	1.7496384168140653	-1.9054542860657737	3.081652350603771	0.9141194869119318	-0.9273511146209433	-0.7810942387053198	0.7746899472307529	-0.8946065634364271	1.82793269558235	-2.123546623458301	0.2675531970472495	3.1160270590250945	-1.4376973396138377	-5.484775667538433	5.247372940761278	-1.9058275997583922	4.776980960438292	-1.3866408659223914	4.523184644794227	1.6057061793707792	1.1513592934460362	1.511034615046004	1.0476809244179797	-3.1840834954689883	-3.9951770134961246	-3.9918980652670006	2.2669579287797204	1.9594824121058605	1.3900543668182863	-1.4187721494407506	1.1596961897071771	-2.2131736144734653	-0.5782046824787435	-1.9928094830321077	1.314776078802204	0.08247652965189904	0.4028536565298951	-1.0338676844469792	1.4431753985107854	1.4096062628626447	-0.23466153299641454	-1.026927921625823	0.1824079092963527	-1.136298987497044	-0.9293958476343773	0.017278543033723538	-0.998334341288214	-1.500960557250597	0.5271338366256768	1.5479796425066155	0.9039280839036647	1.0656099066144793	-0.3089562397795445	-0.17384014835094797	0.1163258418092309	-0.6843877940310763	0.4670419930337118	-0.17618978359577234	0.1918763574297043	0.6320026529503241	1.0609854031063661	-0.10388579669312673	0.20738467592722634	-0.7232732448587076	-0.10240081646448497	-0.42182461947069017	-0.07893439658659153	1.0695872226756205	-0.5835658229045113	-0.6812064184211382	0.7411600284933455
DTXSID5046308	-3.5965254109967493	-0.8588893920338903	-2.1298062335871726	2.280652635284155	2.300109662370205	-1.1989246953197803	-2.426726771483672	0.3265018188417169	-0.7455205320477404	-0.14007760563414612	0.5010618158846674	-0.8410472605607964	2.203500855096139	-1.583066884897707	0.7373890920244633	-1.2588510268719522	-1.8940750490207787	-1.3657153403245346	0.9021197539697504	1.428253395443641	-1.2267670928799188	2.0466496071080407	0.06605774141693131	0.4619765327456049	0.4321827931075112	-1.1213643132178088	0.017128459780818048	0.28556616233404897	0.3920495895677981	-1.3392261764760445	-0.6685701100205644	-0.11084861232476147	-1.0646496054699066	-0.2841715871361761	1.453785427147976	-0.41333968794796977	-0.7571321992403818	0.9511270428803899	-0.34604435977677167	-1.0957442937489443	-0.0749822692398076	-0.34333488951773644	-0.12343634970796846	-0.7765117337981512	-0.3904666306012671	-0.03741386948715175	0.5470396096159781	0.5494772533277437	0.05628666245224047	0.49427578042385933	-0.9642508997204622	0.11788054684170043	-0.12206980553953375	-0.5013375929470519	-0.26795558138189624	0.5952012037674682	0.8391123203540662	0.38962124627538886	-0.9155890506282879	-0.9570912766795321	0.6956126566238053	0.3762179565667463	0.054259240792971446	0.20921110980151686	-0.14476416166257877	0.08984280773430582	-0.3965452275033094	-1.8021390069589949	0.5436917048892341	0.727100957326577	0.3506383801758775	-0.28598755463888964	0.7018389598931899	0.4696194505651469	-0.6804014795160204	0.6422107955905972	0.4122860129363451	-1.2467377259259358	1.3221552040796662	0.7339735543450739	-0.48108514251631745	-2.104365726547685	-2.827570216779221	-0.984522353654841	0.6289945702225298	1.5420240541249597	-1.3817961023508314	-0.3493238898198454	1.4942972916412192	0.703200236810233	-1.7654271378731436	0.1842680868013018	0.36339027678099317	0.12257353867063231	-0.14813013282957663	0.21813853817515844	-0.3924583862594984	-0.31857522350388856	-0.6201161944453832	-0.16631096048662652
DTXSID0046721	20.138396081382506	-3.899024324786336	-0.11589572135057398	-0.9350997851957299	-0.7227771077127171	0.7403838171005935	4.0991586369233	3.5138537018340377	2.0333213534157255	1.1929507497770107	5.712444765079789	0.5713727070754366	-0.13148176318254517	1.3117835826948563	4.186619618828521	0.6049360299903116	3.2346866793119475	-1.8838389450087658	3.3383155443590637	1.0806035029112344	-8.027884409361807	-5.018473828681368	11.256110329805967	2.795787393076486	7.995043609127211	0.10570158809993846	-1.4929487059175062	1.633322877846695	-2.3402691404107863	-2.7070613628197258	0.19033976710194644	1.798345099604062	1.0655109862388092	0.1661909561703315	-0.12020269137253427	-1.3065471365946255	-0.36239958438285563	-1.880913781185952	0.35885682496945104	0.4629590439054132	1.523305720183483	1.9232941344552612	0.15691821481638193	1.7950353118867677	0.5167465095117667	-0.594829999393426	-2.8035043693753026	-0.567367320895107	0.2851934698049144	1.4700238403265575	-1.4280881697141716	2.5257202554538174	-2.256336032488227	-2.09494017730718	0.4821909849783017	-2.3875786239757573	-0.5268129117098469	-0.029710823796185726	0.08041443167483465	0.9628101581069041	1.2216080845721853	-0.9106144201626774	-0.41526699065699557	3.7807374041612016	0.9232268166368988	-2.6299421002256387	0.6146109554563228	0.9114983074545683	-1.8161067981341932	-2.2454879016113245	0.563072273367179	0.05148906320510001	1.0193844703830248	0.8831250590625731	-1.4772209181381342	-0.7899222929243809	0.310886306275959	1.3655204125314115	0.43787895965378326	-1.5383075184015398	1.337588373262874	1.985389604356136	-1.2976695409187116	-0.11960588266566236	-0.18264661688283257	0.9982574200078982	-0.20250885555216844	0.5442538841463719	0.4318531944177964	-0.6271373934850399	-0.2672758665046072	0.43571846253347857	-0.13472524777487477	0.9576435562602306	-0.9340757760382548	-2.3214493209689673	0.6744370130680987	0.41208662988982936	-0.9299250436002959	-0.8876727767073364
DTXSID3026067	-0.9996394716157923	-3.3947267874259337	-0.5230640707938373	0.773901444565899	-2.5685432623302935	1.7396247760874863	-0.25365535743206413	4.14089979496716	0.754388789792655	-3.0847438161774	-2.3445245437106346	-0.1521567169125558	-2.7394534299393887	-3.4766889965632966	-2.929524355807609	-3.325543267410721	-1.9140784915504954	4.038161422697701	1.2287568996880045	-0.5587949650147171	2.462269957011425	6.23809586856689	1.6534278741437287	-2.133569417422778	5.192682031694441	-0.2254951781594294	2.0361569098281556	-1.5800802421353735	-1.6853238814507232	-0.16931884427171193	0.7267184596758717	3.5193372091907955	-2.4520466084243866	-0.8272946787452566	0.5777137788984217	0.3227128828246718	1.1858855945627762	-0.48155598519240117	1.1996930393349414	1.5794518736962404	0.7395884815001373	0.7272218776270976	-1.8539368371162388	1.9285312289190055	-0.7119931951455631	-0.48097442305977434	-1.5183113586603703	2.820343525052277	-0.552812785147735	0.7472482225143928	1.7707741268967092	-0.9021169357941271	-0.724231483920889	-0.7217603051682455	-0.583939771841628	1.430563060245151	1.17938483357031	2.6570753136114478	-4.144274792209202	0.5359233343500479	0.44394455328614923	4.046625137902567	0.6175430667535484	2.122971803894108	2.178304958556084	0.19319611061460584	0.14729063503732998	-1.7309737548990132	2.5475940870644767	1.1636703916450821	-1.1430741497924106	-1.4043106719953178	-4.493074024995892	4.740066624030472	-3.0883769456453583	-2.811708244682352	1.8140705797382044	3.7035964453261982	2.5435318696730973	-0.6272161358762718	-0.5631559784468467	0.6825098321448964	0.27644235060867234	3.7021024491814503	-5.633210489304198	-3.3208582637857798	-1.2005624839402342	-1.3749087238522717	0.13513868596047213	-0.9285523876228979	0.9792539339004689	-1.6040933270300055	-0.32742953689118687	-1.0888660454749302	0.8836086722611853	-0.14828883659808362	-0.46200948565934485	-2.3193992673729302	-0.19299126461080887	0.24441456177681506
DTXSID7020392	-0.4883006887103684	-1.2216868753995933	-1.0667908848294583	0.5805831213480402	1.6088397309153633	1.376580143900004	0.3837804996997423	-3.796235382204303	1.6067118659696844	-0.5799443519934094	1.8631796667995308	1.4929914321099622	1.9156631365670103	0.9941145442962842	-0.9407859550253396	-0.009021549139325043	0.40695390061393627	1.0770608060513216	-0.9677834321322591	2.2267661469764692	-0.6540188392967312	0.8186406657669566	0.537659130497697	-0.7826530074308551	1.1531698269376827	-0.4500670470596274	-0.534668286863628	-0.2270391557095887	0.2873628898318683	-1.2362916180182315	-0.23312997657413695	0.6564372565203761	0.009413887651673083	0.9207676783103397	0.05098981264814422	-1.147085383274458	0.31330524342565846	-0.6837239895320789	0.7391313516818049	-0.8186368778436575	0.6530029165800786	-0.7246491299556627	-0.3044861413975324	-0.14739675467118785	0.9080736887724641	-0.7417221551992037	-0.09512052994271847	-0.023407260786449516	-0.2513958546227231	1.600129764607622	-0.1521799200796322	1.0394936966861643	-0.5226573391581409	-0.326162437166838	0.3412103709270979	-0.10090355295170263	-0.9271100635858376	0.7837035012657606	-1.0543225403927106	0.6873162578811026	0.0009773773669166006	0.07637206794273199	0.13063529481358035	-0.9361098110763528	-0.5619166441143078	-0.5119949038821682	0.3319061659811925	-0.5875463689807717	0.13117770281261765	-0.16825684714221845	0.008449371331137611	0.7282459005065588	0.5831215230328561	0.649476269785886	-0.09304042685209489	-0.4239494126859961	-0.517096216435033	-0.6899363678872132	0.4880467841240543	-0.6063660478821886	-0.8191605293727411	0.1990815776119244	0.17914974077841803	-0.24605843263858487	-1.1894114934607898	-0.058643369371005706	0.29457225122551456	-0.1619992441321523	-0.0764229366734123	0.44241657614951063	-0.07119103935083561	-0.3036785325338601	-0.389537530702654	0.22487114582305698	-0.45097684352823947	-0.2956487989142377	-0.32165063551916595	0.2936560514167359	0.42789648323364154	0.5175923435973314
DTXSID1021372	-3.3075939658144438	-4.232322907340885	3.6008782903196996	3.1402149243394817	-0.27086637246645173	4.691343123241241	-3.069081791035795	7.228879906884228	0.9682981486238373	1.2058978595842709	1.3422761769769127	2.968506342347441	-1.9075032048752414	2.720250202602048	-1.9243590337187384	1.8639698343686548	-0.10552800302606881	0.13861849399563866	1.3486984227390586	-0.14336770107301458	-0.17623830490528805	0.9304059467436281	0.42266869132567064	0.5800441765975988	0.5862450099152535	-1.4127850888249425	0.033484780550555336	0.7931734014826981	0.11546918941999464	1.8836331518117593	-1.3410404526894628	-1.422503028149485	-0.1995606184963607	0.34499515784180834	0.38975623970432344	-0.11263562837982867	0.45558648790143885	-1.4825592909508252	0.4224372771850783	0.19552242355445987	-0.2397312644457074	-0.006837165051009565	0.9919252984972949	-0.0707450286759526	-0.28826410945103775	-0.1890811691136976	-0.3327472923539776	0.7067947102308281	0.20378117886629302	-1.064646060353211	-0.6446369812148758	0.27572878874816564	1.5263542495721127	-1.1338161174469128	-0.6769782531839924	1.1106928139651013	-0.8582772560659481	0.6191590542824672	-0.22610264491648063	0.49525907746219805	-0.6936861727361694	0.5202837307522716	-0.6441789288506098	-0.2632747904331995	-0.6595110156042773	-0.2011002774163481	-0.16806353098239998	0.4822265642054015	-0.3232531951939386	0.39261896945886327	0.012367690991918975	0.280618775604872	-0.3075575446219701	-0.06261784578044431	-0.37027436436079736	-0.5357849529233536	-0.5301657624691763	0.2628219188409823	0.47709220185988604	-0.5524312155469531	-0.5151980456172423	-0.20077890695271525	0.3402995159997056	0.7504423121989079	-0.333760462928234	0.4025772650406488	-0.3265758967285297	-0.31365128198820663	-0.3321419772743515	0.14580464410953992	0.4017354154661639	-0.1950587929697462	0.20100716560021858	-0.3886237706369883	0.3158012698331729	-0.5583714739365016	-0.41820152542270156	-0.4224282243184782	0.4234712297309749	-0.049482772471888974
DTXSID3046083	10.23153526180247	-3.2421715359906833	-1.0182356423527879	-1.8213343362568868	0.17766720668172606	3.3076604517166723	6.196452997994313	3.5847353239613597	-1.8818337824515141	6.011764233520158	-0.7953050390529635	1.9558550784957687	-0.4571328077923192	0.5064041719805747	0.552692231505555	-1.2511756098821938	-1.5078718907622208	0.6495101472049429	2.827980166761478	-0.47233182058271334	1.2376652164271014	-0.6338807981846913	-0.9798726343448306	0.45199075843365916	0.15048370152947163	0.4185819512141216	0.842101626881078	1.2550753579405918	-0.4145912318001813	0.8423152788915372	-0.003142741908689715	0.24755485118403897	0.21663795782325826	1.3568409201936256	0.13322163131645406	-0.15892150631603738	-0.7880171579880618	1.6810222313060545	-0.9278075828414944	0.9779441894258634	-0.3002715151900746	0.0542310946503483	-0.23607985874852166	-1.0378716772916299	0.5908011425077101	0.9931541956680314	-0.2564792382246175	-1.5249027647568205	0.8501269158075916	-0.531166081312007	-0.4728875117915539	-1.7814533965403558	-1.3365251073317888	0.7307540950892939	0.4066699938368586	0.9861275493172877	0.8290549155183141	-1.056230701301413	0.37464868973240273	-0.720597094693708	1.845163950774917	-1.665131072282639	0.28501476970192163	-1.9729796120042453	1.582176050106775	-2.6976041443980323	1.122366756635262	-2.131161069918753	0.06718540526726348	-0.931722089803041	1.1455047092289026	-1.7572986646156217	-0.7762141096722857	-1.0634337681266324	1.915768848054558	-0.8870491595254878	-0.7234563236396936	1.525074789597804	-0.04112731326283917	-1.2288053735423268	2.6476735465485493	-2.0272514003191793	0.9595031631729365	-3.8215082029457306	-1.6867966158462997	2.0049829837765976	-0.9751307428433358	-2.0368796256846404	0.4680213161698	-0.5896235609451416	1.7800685773659228	-1.5516971465242768	0.8842126232167267	0.16584928611166447	-0.06874737423877315	3.356109806022928	-0.36103648855639614	0.06941924159526858	-0.5596881603307499	1.7119418951065986
DTXSID6041761	2.9829517832988346	3.0766283512455077	-0.8921646560738719	-5.125233453697327	9.219690435181406	-0.28721267255433625	0.8858051587897188	-0.868684387089371	0.059443801689834604	-2.175987613240486	-4.155220197239176	1.7512772067633302	-1.7575962241457745	-2.406918498645002	-0.24082193126259746	3.6595518259932254	2.2294677216534824	1.8819148910655945	0.9942743034646886	0.653638769409229	1.4745672476264555	0.6185951168989768	-2.4271173579022456	-2.312680822145701	4.442076673228	1.1497817362618794	0.4375807226571901	1.014060264823494	-0.04426051956489676	0.5179038500281806	-0.6757755304600608	-1.176557472993137	0.9652468261561837	-2.1224691784434038	0.03360611315070635	1.997062724973525	-1.9759598990588105	-0.008576274164990783	-0.7960544475576553	1.138983916824163	1.0666891071618545	0.3353887968792674	-2.8196286906471255	4.583018188574167	-1.2955829044206801	0.701718201624638	0.8195246299304939	2.2333217036747275	1.3147534156407568	-0.665356291913362	2.106725680289433	1.7299466659268266	-1.525378655599943	-0.11689976712578744	-0.6419391118299119	2.2580124687510814	0.3635676566511287	0.4170022109566497	-1.359481059003294	1.1502054085052027	-0.8302290930167201	1.3475830346400142	-0.6554974741235934	0.8919637692057776	0.6215437889539499	-1.224771491069828	-1.048117291556665	0.22641766075326847	-1.2891520521991302	-0.6982386037741526	1.6065924403719942	1.576039158359819	-0.19907806279426918	0.4489316521410457	-1.465407295569317	-0.4129643472193506	-0.13253807040160254	-0.04083375899939324	0.3708551573251976	0.0477264661682949	-1.2080363440424309	-0.1603599182881175	-0.22784663620411025	-0.3845750287146054	0.34430465975782204	0.04988229729095109	-0.985846642801622	-0.46944098087707725	0.08687139680335104	-0.21969719380230526	-0.2905708522694923	-0.6849161210800376	-0.5130228380350663	0.5224025944827546	0.18548797682550322	0.738509953224956	-0.21593905489103135	0.9044839167294153	0.24216217111079588	0.868646897034262
DTXSID5045756	-0.9124403441741541	-0.5454480320216629	-3.570515980216744	-0.7662591763853881	-0.9156027137780992	-0.49206440349868924	2.096680494871508	5.354863062850127	0.08636677465129743	0.4836312181477941	-0.9743172202295748	0.47105052183488516	-0.10962735800857422	1.6667198067608635	-2.053515813773912	-2.286153492228058	-0.26388717422480257	-1.4164965672528758	0.7677655274878997	-0.9474258408760778	-0.6040991461555055	-0.1079243688972478	-0.49423521671132936	-0.029505538861613282	1.7932688368735796	-1.1336310428807275	2.232376445647939	-0.5890582143193827	-0.2679307097636244	2.2242993860916576	-0.5311109369973344	-2.583545838205686	3.8229937968314607	-2.1999964561713763	-2.2676999463201244	0.34972151964333953	3.3493692308171266	2.068957315808246	-4.207142824421492	-0.8506017899823777	-5.4095353210059836	-0.0957245726466194	4.366906572459382	0.5442377435533426	8.730567373613312	-0.5095874791671007	2.0465491475044546	6.702434221814705	-7.557788246416773	2.095537549522818	-0.41532329956745057	-1.1524167087865227	-4.413587552280524	4.633067836625008	-0.1754993058437077	0.3747013906848918	-0.9528902371415156	1.0237456659866508	-1.3176884749173998	0.5848624610388206	-2.3040739652464484	0.8140880437030528	-1.984917748449419	-1.7404122120471832	1.4757300910933775	-0.14751981712417672	-1.49729791135466	0.1279839503674363	0.126581801910033	-0.9371592064881524	1.3259495767467344	-2.1601918408581655	0.6926859905169225	0.6167292614485781	-1.991543789106561	2.0545403449109494	0.7973055066159427	0.1379248541966936	0.8890798502200908	-0.691390090332945	0.5331407860767509	1.5527135929584581	-0.36305301348631064	-1.3817514261678319	0.962984254382986	-0.0016470274244251896	0.6455838826968361	1.9714498398912017	-1.0955138308004821	1.6395311138005715	0.6351865662151144	-0.7885298371509192	0.9913776425755808	-0.14848281049708675	0.17491641689091894	-1.5695744162757752	-0.9981828138125624	-0.08328372719380206	-0.9383271808068943	-0.01680561516726633
DTXSID5041431	-5.604316293763872	0.4925821922156746	1.268907419838453	2.31993248427084	-0.059526495848890304	-1.1189711021309674	0.7540665663215653	-1.4220756395161713	0.0830533107277208	-0.07219002285694133	2.8603248373365457	0.21546114517736836	-0.1673106486822979	-0.6051449559707962	0.2833934726791957	0.6501449248024388	-0.20857585333218961	0.31267778213636765	0.963393049315082	-1.0236362200406321	-0.16027230416421778	-0.4420132715887655	0.11252569161430451	-0.3097518074551235	-0.8490108810688846	1.2618058847059548	-0.19565200572553304	-0.5382529239333759	-0.9446762686665113	0.6544264346533794	-0.31662522497524137	0.38665304837159914	-1.3705891792750526	-0.7153635729530803	-0.6022940024690183	0.9839752074910663	0.2784132074000135	1.3356057844061415	-0.15964806894723174	-0.6420144772372884	0.6669430570324398	1.3864739980012615	-0.016272348394869747	-0.2459847630854779	0.16133513267339272	0.32636013868943536	0.6977265068996747	1.505425130445667	0.15219865870916538	-0.11172249200260781	-0.2982782452211783	0.15012131092216682	0.16262614660213903	-0.10476877772662437	0.9568764726811348	0.2343224026973189	0.2365099046087307	-1.289971072667133	1.1523900445723294	0.5960584588158255	-0.7428850098195999	0.743621652303364	0.5008955466604913	-0.1522647418579621	-0.25276717456392694	-0.6918154587784738	-0.5528277277542166	0.30543265755508214	-0.25067655217297075	0.21480172866924563	-0.5343920212988515	-0.254920379134539	-0.6739335869156432	0.5236006110238473	-0.26936447056304536	0.531188948362419	-0.06841613487167054	-0.7103800819927628	0.4180378504381072	0.7636033715905358	0.09767668857008768	0.4093638228792103	0.41828393207612347	-0.16222308694298015	-0.33377728508935245	0.08337665602493123	0.1854531116310478	-0.4585513498819429	0.07766330375672052	-0.4400206349125482	-0.32994151823604395	0.4594171642383378	-0.1370089952216808	-0.000979459180156803	0.3261156921130933	-0.08846069194218592	-0.053387810854160486	-0.3955843065093727	0.1335687078526706	0.5396093970418195
DTXSID3026302	-4.54613494931325	-0.7750164583799294	-1.3642817312599615	0.460920577161682	-0.5427215606404228	-0.33284876522412726	-0.5196474395395189	-1.4423019080907746	0.32104268891073345	0.07321359790082753	-1.1890922731638613	0.35858157208205127	0.5638937036714509	-0.8752132126894283	-0.037192848257817046	-0.4794099816231323	-0.48752197967507166	-0.12178419494808301	0.6018199784458386	0.33380884955947826	0.09175815437182938	0.5338035313225092	0.4764115686652177	-0.48878216234649496	-0.3213338942768528	-0.14859009689075145	0.22528610217973125	0.13531402530161485	0.49091637555082335	-0.2686255562661657	-0.09231403676839516	0.0471879256075715	-0.1950225746886171	0.10528615090088511	1.0991784228085613	-0.21692320278617552	0.306631520729826	0.3030297345905807	0.016051055813876135	-0.29394545020286245	0.7742019535501009	0.4687290783805535	-0.36683906785196146	0.08358065434008129	0.25032979383909626	0.15953378834138385	0.323233840957588	0.5979339869266553	0.28186009478443125	0.4158235098968525	-1.66718530664849	-0.10678569910320518	1.6631310538766106	-0.3974131697083605	0.5438711533755417	-0.5966287119074979	0.42995533256686974	1.8381088406502033	-0.7391010812322371	-0.05881194917244496	-0.4270349642925997	0.9012292225031763	-0.19978599791542248	0.22072429437601732	-0.7558313683066208	0.27274624314836693	1.078891296419651	-0.28910071575035673	-0.3803513153180512	0.7696489565720928	-0.7368817221277434	-0.9293976449567177	0.35838132595139566	0.5548618521766325	-0.15249138804437776	1.7451437300069892	1.246763627850136	0.7631900042205176	0.3734756339886048	1.0095671296000748	0.831803191836331	-0.2554399912553874	-0.7557447174709334	-0.05531256041003055	0.36555575785983846	-0.12137764712726302	0.4573536786682915	0.8721359681960754	-0.9642712113169531	0.196723962516105	-0.5153668896565158	-0.7081178557661484	-0.49370610405086035	0.6559195124718696	0.27613961945849186	0.6823799507601732	-1.553483198688294	0.7434212778463768	-1.0006786621533734	-0.054187274602347756
DTXSID4021212	-4.994177638652071	-1.1710929316050223	1.4488871611059002	7.392128917305569	1.0783300871628296	-2.8730944830047047	0.7250308903830496	-2.1518237495117214	-2.3069119049536515	-2.9596349100460095	-0.17855501124213013	-2.441905924107821	-1.0142285022887514	3.4164485933986803	-0.6468998905338517	-0.4128893770874136	-0.46972549420275267	-1.059743621590677	2.181805745753349	1.0716904467671562	0.3591101214102865	0.3346517923984297	0.7441907852180658	0.28653449538796666	-0.16858715433080732	0.8767700134437703	-0.615075110634208	2.498182077992702	1.4017477810118146	-1.1347652356326754	-0.24831439365571925	1.1365436987629307	-1.9845214091618515	3.676380981403471	1.8093953714588211	0.5380262679630368	5.465429770431527	-0.7657138793323388	-2.3096764044907285	-1.1105197680426366	-1.5813088478777682	-2.474291001079874	0.8423350929502715	2.897954915669549	-1.2071852845560767	0.8836722925664128	-1.9927980914593904	2.1674419339615736	1.8213646683725304	-2.3074233988528534	2.849295517518939	-0.44300756120475265	-1.9615406131156938	2.7677949800648416	2.860938540159866	-2.0832979451602953	1.635756247677054	-1.4912171587199827	1.0352705293262785	0.11380177794280824	0.3807444911366645	1.789318815160962	1.0316015136609942	-0.3399211227427425	0.9969163990825851	-0.08831596519487708	0.539635283494848	-0.8718727140658458	-0.7981634542591225	0.8447616238814235	-0.44450728724283234	0.30491358599425933	0.21046334478219567	-0.16805430978376565	0.8569521882374459	0.7420618636910984	-0.6676410101573299	-0.12375987829169507	0.3502617065872594	0.2834648205153213	-0.08988519735308836	-0.48276150545090396	-0.42892791583652373	0.7777620805678283	0.057400714778456145	1.0081462034609237	0.4401944157542003	-0.3103181284926737	0.40548978948130815	0.08964335127793477	-0.24826819437436728	-0.012490601020290702	0.3079725255412375	0.5475989671680425	-0.5711834779346319	1.0147242602198059	0.4321906009219878	0.23725296478333552	0.218617679483617	-0.4059860260583724
DTXSID4020086	-6.107666654773114	0.9579240862908702	1.152739140821354	-0.43345469524344693	0.11338680961545085	0.6225733243419105	0.8209774946592948	-0.6636726613586756	0.9014509981050537	0.31596142749397194	1.1381429556055478	0.8503872661613864	1.4325239064381083	0.16517939677880014	0.5415838248372246	-0.4988743344906148	0.7668573304826859	-0.7867986555699399	0.9190886446962335	-0.3483226006859968	-0.15346281428142153	0.11734160789383238	0.30787459576855586	-0.40331454137264766	0.17269094821739997	0.45038328253213067	-0.2551614353540966	-0.23837858252679353	-0.5874626689403055	0.28922712163291947	0.756762526828513	0.7659653363194827	-0.1969117051995616	-0.7144651498339789	0.3432628347596006	0.4328170273828763	0.047977523099189984	0.05958977690108056	-0.3383432126627626	-0.3118109666911604	0.43613924733732723	0.07667060285701398	-0.25870778367903285	0.31051908352037144	0.15429992597231484	-0.48259413330987466	-0.236303888857718	-0.5030363009735709	-0.3615652976231211	-0.1661586336582676	0.035857199096195294	-0.8907964882879749	-0.7760254095399235	-0.3945218999228951	0.4051413731726535	-1.1359309900275143	0.3713837795365836	0.33956490276841805	-0.5283407227782737	-0.04456618470096123	0.3235349207911183	-0.3487815986279632	0.2675343530319213	0.8945910902678862	0.044290675538293016	0.0834689597413937	0.040297603754031235	0.28426293705015626	0.13893557588348837	-0.14193316232197534	-0.08414844477064895	0.3495609886006844	0.23100384344753147	-0.23637787311438202	-0.0223346469869223	0.09584102220265506	0.4368520665438474	-0.20555646713872608	-0.2653838715137192	-0.11842716851795086	0.445302126153369	0.005081499381745602	-0.05881666055980568	-0.02811968936844716	0.24300664623128043	-0.2211776498888156	0.009858711713724995	0.029237642672024913	0.06690922118163396	-0.4380390277788121	-0.3195933725030524	-0.14626975066132078	0.03752302917964173	0.11151234216604092	-0.09233214086962069	0.15750739205428438	0.0760019471703625	0.14267161413983048	-0.006564898447531232	-0.12424590788508631
DTXSID6048830	-0.057758822905009444	-3.791684162417559	1.5229116838003138	-0.061307526799065204	0.44604259725337364	-1.5349615429695407	-1.3868810213976095	-1.9170854189748885	-0.799748843354289	-0.7377822003663255	0.5233427338052328	-2.9713917816500737	0.4809194838967186	5.061462867155232	-0.20573219429252465	-0.41837256802814127	0.24537337161976622	0.4403982187124758	3.5518513153611506	-0.553644072049273	1.5916543089626445	0.12421894507876352	1.2168831670184383	-0.19583605862196632	-1.8471839912217909	0.30917599121425043	-0.21820770738850695	0.6853677355283532	-0.0816819779334424	0.8819640874871876	1.0938379371640947	-1.0384378341972154	-0.9986480714364296	0.08544970532712726	-0.041540226556130704	1.0412088389782388	0.2795313805948498	0.8811065821036782	-0.2592366360970631	0.3299570664089719	1.1196954418281255	1.5800950175043467	-0.666512071066883	-0.38941755950581686	0.07547902591418935	0.10528329813001246	0.2623810694059815	-0.8281082500953848	0.0203496760388789	-0.8463529742104189	-2.1971753646381913	0.2633401731191167	0.1854605196935329	-0.8291021409817303	-0.12583772520054007	1.3001286616694003	-0.0021329687472161738	0.18465340708716668	-0.6666235100901771	0.34081134465242974	-0.2635827822757188	-0.48708523267918613	0.2581786050979108	-0.24482591967818482	-0.2397814745269968	0.3447013503497714	-0.025500080441246107	0.15455559945747774	0.43707861510628826	-0.34144182253896804	-0.47828474521708536	-0.49584237252815294	-0.8794960829492949	0.5409922329136221	-0.30943113552479873	0.5303595086054509	0.22598945232728668	0.00428231879651232	0.3397465807835767	0.1482100379103636	0.0014208898154697877	0.029753019895091853	0.6329904160210038	-0.2569334546357924	-0.3315733302403252	0.5986492031110499	0.2044141391807661	-0.19455046889750108	-0.4508520030118573	0.2954430040371801	0.1827742703648434	-0.04981350449293901	0.3093998292034991	-0.09589139734519192	0.26502172692961123	-0.6742963288882009	0.07752962174792316	-0.18776865272963056	0.19716486331673927	0.5363463537039915
DTXSID0046486	5.003327241521967	-2.197044187417489	2.3505389886353822	-0.9260735236840804	2.2542410122328005	0.7559795161790435	1.0113192585110116	0.5208162473708275	0.027354917914108642	-2.407632149095566	-0.8838933180899536	-2.7141439267892444	1.1196042782815017	4.6414139504035665	0.8026885100393311	-2.130760397432609	-0.5400772317062037	-2.017363967962342	2.2914293427057806	-0.06316814803372997	-0.11205220051033624	-0.19795764489875867	-0.20007710679752438	-0.1470441282283794	0.7006684391565199	0.4091624850280348	0.2617811801908891	-0.7042712540220498	-0.35174604348736693	-0.5143264046956615	0.7892121777258132	-0.09105606067629016	-1.0497580453392885	0.039215692193429054	-0.1617414981778834	-0.2595810070558188	0.24572519667629836	1.1777695556955519	-0.80143422150388	0.21185107390802307	0.4057745292257166	0.26720200853422066	-0.3928613327954156	-0.4842472343742331	0.2512175003954339	0.252600138462739	0.28362656895633964	-1.337747813742415	-1.0641684390998523	0.28023227029223063	-0.661053343771373	-1.4728040279320633	-0.447716108755004	-0.35846591559783747	0.40025851452551064	1.4353424640479697	-0.32140830561515554	-0.7813208157230078	0.7201860781386935	0.23614980128782345	0.026646609928442335	0.2722090692408878	0.35496080561676757	0.10706283655148598	0.2176050740161748	0.6212759280860234	0.21003897769281227	-1.466300245398465	1.2057636834010852	-1.7604524245017863	0.2726041943481723	-1.1146531045371721	-0.31519348297778044	-0.307880457040038	0.40801962631645483	0.7465389998721413	0.8916302845064051	0.11025062414460347	-0.7176098757431296	-0.22910116429050628	0.08766846063992377	-0.2535174075534604	1.1655023329977388	-1.2186308184205172	0.020093547075236248	-0.15692796921013152	-0.008812058848742525	0.6275398143676776	-0.10521575697488811	-0.6510544570319803	-0.30192007628203904	-0.6426767455562741	1.3310305161794127	0.6593075612519301	-0.561758303331375	-0.7183884216676812	0.4845199552364286	0.5917749658958265	0.009198503840639473	-0.17399032749901758
DTXSID0048636	6.953347128329626	3.797177408117137	1.0794725296457093	-4.896910471698284	8.402971802382794	2.8675667668808087	-0.9887104821488016	-1.9780572999064705	1.4256440483961128	-1.4919570449954582	-0.4597576177778259	1.1390335321743785	-1.0613739601285983	0.7852649683934537	1.1995348881465788	-0.0890626296435858	-1.407564207015091	3.037843499599704	-0.8110203019553411	0.9123203922484708	-0.31840086446680865	-0.5229236113975149	-2.7347000355076916	0.2787685141053267	0.10120324184808953	0.693478543616041	1.1263172885267583	0.813944289510118	0.12011202577536596	3.0805911696040784	1.1488718011678747	2.3192165586343596	0.6721324601763026	-1.479599261421329	1.0751433376661659	-1.7164545958681665	-0.8822580963695446	-2.706810169342408	-0.00021999613963527483	-1.0144454593260595	-0.20457154162519872	-0.3153399582273676	0.5880414171962215	0.24016976332858037	0.45862838814860224	0.012645072785203564	1.4869068056045023	0.711734388212742	-1.2363961119555267	0.4831872793045841	1.1508443877820642	-0.7153816238585667	-0.6289106926761848	-3.275859442746187	1.9254382849009313	-1.9070939796515003	-1.1276392893114777	1.9839859328470413	0.7340734339538737	1.6577026144986722	2.945204423014974	-0.2591296533944624	-0.9313385968080418	-1.6108622409745517	0.34474207283499925	-0.5115485833722225	0.21804239809992035	-0.5664575772203485	0.44130506592289614	1.393844812624616	0.19518973531808764	0.44151818518557956	0.20725757312101245	0.16076142826143172	0.8486872565780311	0.18790774105422411	-1.395303314586956	0.4089104087916444	1.3449390111528614	0.06435845706973249	1.3059772853240568	-0.3083148372357528	-0.7340385275960911	-0.1533145835077196	0.8936459441805383	0.39109373863420843	-0.6170365580780276	-0.2760759402519108	-0.25116629101837445	-1.6835982846184834	-0.07009292909861269	1.0097357437634122	-0.4292728451506882	0.5448373072033241	-0.8699216442501765	-0.5080185023258823	1.158377184965211	0.10354094739694336	0.8579804754988702	-0.9174803341782815
DTXSID8026513	-2.5782658475946922	3.4137727295489393	-3.721304321223902	2.2521742422160513	-3.6465962076906533	3.4224504664375863	2.4567626197891577	-1.588890289263973	-2.0170059903671445	-0.8061315769469727	0.02663831838130802	-1.3475994371894675	1.001538356290902	-0.06317627716225595	-0.5929043610649861	2.352406064070275	-1.3397791369738876	-0.14072302841224207	-0.8679475098695252	1.899211135896387	-0.7239169042390787	-1.5822262729199001	0.10858426372198259	-2.1161897481787166	-0.41650263269794413	-2.9648346654629822	0.5993414381800648	-0.9736225785164226	-0.25958269774505527	-0.40525664597095107	1.3313438907948938	0.28039224917686667	-1.68579915292197	-1.3867137754886285	-0.07579303983646499	0.011318883893038525	0.6935083391501801	0.07198923530909065	0.3480639231600712	0.13260735932283862	-0.8375449195681592	0.6074790120672905	0.5574710282317926	0.009663054781010854	-0.6768819025772624	-1.248052837905105	-1.3518904596349213	1.599881377700885	1.0649592731347526	-0.41055307802972846	-0.14618154101377348	-0.28731516640720617	-1.201217523988617	0.2678536739750864	-0.8148588008585493	-0.07607497746996887	-0.8104475446545178	1.548837353921957	0.8815655581619057	0.09501060710585466	1.643669556922761	-1.1759814044480617	-0.8282506241429847	0.5222073013027334	0.19205969991200092	0.7085317047855795	0.534344298032053	-0.6367680963182257	0.540131432995845	-0.2710275083767614	1.1186978664476201	0.5024728796615461	-0.6974351460450897	-0.7929340223735897	-0.3016574037905518	-0.060593320035879354	0.13899085061384592	-0.6601999821860016	-1.2439159638004396	0.20616402476855358	1.5305110313417916	-0.20845617774986525	-0.7684245251324625	-0.44697110263674206	1.2626575914354015	-0.36955052283988477	0.21092486010596967	-0.0022746141972941037	0.5955125322579851	-0.991962488295455	0.6042819001511621	-0.5385516383862872	0.004025893026915915	-0.2335077999352778	-0.3119023685930818	0.5419955608111242	0.13855518386826224	-0.037048888025023714	0.5474780220619894	0.33272859190094284
DTXSID6046923	23.16131807288116	6.428700802160292	6.341580272739118	-9.614998327455334	9.925234674546807	3.3399895252142167	-0.6554788556853614	-1.5904644346051007	2.958288641807488	-1.1689547150389	-0.4112167052861867	0.9101510739418258	-4.637419348430599	0.26290381186248285	2.976212392609789	-0.6647700128571951	-2.07074512126928	3.118532899778388	0.39749355494372585	0.7593072719312615	0.5114701407729404	-0.946035537947315	-3.5296375838696727	0.6494986546078918	-0.7292880996757539	0.9096891797108946	1.0699896568823757	-0.19405926481217323	0.6611555774677773	3.7185589535989503	-0.6499429970646563	1.7535507760929054	1.3720049873912152	-4.070211174976039	1.7494560427637074	-1.0437179692540526	-1.88960844859056	-4.679278386981585	1.1202749712259796	-0.7750902877890138	-0.05930473784277055	-1.1210673772601183	0.9342518374988512	2.506509805634849	-0.21488533023928724	-0.44976572022325984	2.8027274912905225	0.19778494780888436	-0.21175395948539888	0.21698933484611876	1.622843082568204	0.5460429073959492	-1.3399267607304528	-2.6129133269865448	3.232506358685569	-2.700014872403013	-1.686615311187457	-0.7860306899631773	-0.06337284956563825	2.3291968750770193	2.1578360096064575	0.8822677114038043	-1.9340554028917347	-2.341317827117137	-0.2005468485149932	-1.5690176512769158	-0.07998550636089632	-0.564762979934845	-0.009783859389219909	0.23397681848930493	1.0788896737192097	-0.14429674331168466	0.8086698106876732	0.6594119501815683	1.3683849444442338	-1.472906738756615	-0.115602824228069	-0.23798207629379167	0.49305281812805096	-1.087496613225201	0.5580550840057403	-0.07988869347291422	-1.349667123909619	-0.6977422447842437	0.11042760897547174	-0.6751560654868792	0.5633213659424163	-0.9703315109129603	0.531513939356738	-0.3657326962904363	0.5061370348746403	-0.14263683305103914	0.2653343334031106	-0.6307573833326244	-0.9073258418132476	-1.3471771806109802	2.351227455512642	0.8574380816804833	-0.15311449395738141	-2.4273699959514636
DTXSID9021897	-8.222412493715707	1.967594072791795	-1.1725133324337096	-0.4443906222036907	-2.560099109375658	-1.3686237723322974	2.4059981920362494	0.657774840308976	0.8347521469751711	-0.9229897664027465	-0.8221054798794388	-0.04325919758645306	2.0409409725158447	0.3135504580412658	0.024145608033887763	-0.41783871850551163	-0.7649980703467708	0.4369717745746238	1.3652040220842774	-0.1722622313678767	0.009958008327624546	0.7303572277671728	-2.042681922808549	-0.8585520039342696	1.9645222795160748	1.4379908270792972	1.7930922376239244	-0.37811870250038415	-0.06998249042980621	-0.669503287862994	-0.4131035538371745	0.8260950217894444	0.1109763933095107	-1.0682897488472054	-0.443506258328414	0.35014991149124564	-0.28762707693552547	1.3628981113228977	-1.1361155909884542	0.48347536748183106	0.7686763708320277	0.008942579884717663	-2.370136266583876	2.698494810301801	-0.2529419719585517	1.644677379595725	-1.2686627889650377	2.504984150629195	1.4866336431968563	0.5535265274250943	1.199957874946785	0.2618437678745164	-1.4922683832374466	-1.7691036676582688	-1.6856519632655338	1.1569343582688967	0.5553254359800837	1.0479637919050064	-1.2800196115937754	1.0950003662560357	-0.39849287252243254	0.36357065821589674	-0.34467110123259953	0.7905241934233861	0.05819869724466022	-0.4813562068885335	-0.7366584751582119	0.23637867668457835	0.2503283222933499	0.721987483892899	0.05559666108291665	1.3036262243524193	-0.1501154890842367	-0.37109663114717323	-0.26214259506182674	-0.46564816449591917	-0.3083588721808277	0.4059976465310856	-0.12832934214591618	-0.5119424040135964	-0.0660054133988476	-0.27512443103537865	0.09969395079079117	0.0037189222460402775	-0.37282810106925085	-0.06107288538878319	0.19521074924706808	0.22844230099978088	0.4087297471874223	-0.23511182391894953	-0.05198039564579677	-0.07954590370963766	-0.3977136213843625	0.20642023853796124	-0.006605974997326748	0.03633975596987793	0.17834596700334862	-0.39785092978570835	-0.20675685720039058	0.14570420472577075
DTXSID4032580	6.262404605395723	-4.765466574347096	-1.3854110355289921	-0.5187513565123255	0.8428792879964241	0.4012187418539803	-1.2718595386777443	-3.182151920254516	3.3000499812361945	-1.6595863246746787	1.1645226624650216	2.6302051217497517	1.8172098796286378	0.2431731556143423	2.0888967266554355	-1.7504902635669	-0.3931014653840418	-1.9804694236216185	-2.254810425765883	-1.1435926975798287	0.250822552874033	1.244023937487439	-0.3109091520344895	-0.13881080847687438	1.6026461163412635	1.424919314701249	-3.0521878078644673	1.899940060828191	1.9912966433416832	-1.2824038846476877	1.7938418962370515	0.11366934556512638	2.1928965846628814	4.306790030602714	-4.803271239407865	1.296073646376988	-3.7542878656646184	-4.259733102885001	3.2053000506470717	2.9026011563660514	-2.9988399982588874	-0.13148696571388718	1.695200623778191	2.478609497005014	-3.091306422436442	1.415738858843444	-0.40681520813349936	5.128352648155875	1.0156602177757794	1.6555294948033303	-5.148241922428078	-3.9771267539028177	0.7278974797643605	-1.2027107636341061	4.704415507863556	1.146814313344532	-1.436760847359488	-0.6428308671633883	-1.647153527458686	-3.994300501947006	0.7437860641332116	0.5757998081522523	0.7033462931022582	0.9795634325185089	-0.40422715235643286	0.5668306376343454	-0.9462313062655546	0.6703230021418137	0.6597243528156915	-0.7833852970172251	0.3478864603778751	0.7394142547531074	1.639707515650618	0.03492654335887017	-1.5889005229184718	-0.340278090196693	1.384137608529613	-1.1592588708919884	1.1336161692232203	-0.3482946406267561	0.8947420852442157	1.3246369301524565	0.6216337267216065	-0.7485792079185092	-0.10128272591422487	0.2743310555379067	0.8530837238821994	-0.5211924624895394	-0.7566392369109819	0.22421152562322993	-0.1558988058992797	-0.41688919323058427	0.4659215909473341	0.026887345757087452	-0.29987949176042117	0.08432068566844628	0.45886114545450263	0.2198697570306721	-0.3416262864986821	0.4894653543116092
DTXSID2022624	11.035595910478932	0.019803625016035022	-4.7446946390748925	9.157763305403423	1.9665342834771378	1.3076571978919944	-0.5178477242058263	8.264198597429903	0.38810301559509497	-0.042563528154628806	-0.2180237017020108	3.4337675411773576	0.18417477121648426	3.6489410145008767	-2.334433271267294	2.470579580575039	0.7457232673869023	-3.3857717716188303	-0.13152824343487088	-2.192823230372336	-2.710148672427792	3.0973344594824663	2.8000259840269695	1.216239750093177	-0.9269396021610868	-0.8384820115253027	-1.500581273197315	-5.22895199882316	-1.9632852197381176	0.2505012002933431	-0.5377081592805467	-1.044095616823153	1.622326588719386	-1.1110213668717723	0.4813855322024417	-1.41574330857167	0.17106204486153145	-0.5803839226060905	1.451659061923829	-0.5430961895176412	0.6221351983270871	0.19289230473317107	0.19504338035455318	0.9728574201636779	0.1050536437481824	-0.151400991698565	-2.946652844714867	2.394945507192974	1.4167852838547972	0.399129706337143	-0.4242328824489668	-0.5436629033117902	-0.5502174569214466	1.462909265096289	-0.7329851995803427	-1.667541458349689	-2.1052547539778095	-0.7364644442390477	0.36482298746251973	-0.9799942424411953	-1.6326955109995585	0.670614041626178	-1.593699752672983	-1.4878442933102267	-1.492532312684613	0.7700416597473202	0.8062021599144515	0.8583162158374573	-2.1431718407772915	0.11451311093831332	-0.32145090766745216	-0.06581993285804698	-0.26615052357810043	-0.03415177496714476	-3.3106174076410966	-1.1495203533009373	-1.4810898856642545	-0.40933010013057336	-0.021463112752181993	0.6235874416654681	-0.4122789406712195	-0.7320931945273261	-3.316894606170329	0.08130410412190432	1.0015526369525942	-1.9056740588123013	-0.8016585356191378	1.5031552368343934	0.8343650230549231	-0.53726721605657	0.5805027148907588	0.4960556576472301	-1.286150319887576	-0.27110560567791636	-0.9266781354807613	0.6527827118424145	-0.3340374378356958	1.7088194834671468	-2.148894141509368	0.3316058225733267
DTXSID4023622	-5.16156627304864	-1.0167327552963374	-0.8828632492319017	3.055297888712987	-1.1599593921532982	2.097606547712774	-1.938148956184091	3.2739802665628863	0.08117933744515267	-2.231365923124297	-1.3089480072439736	1.1596601331515872	-2.884489745059564	-2.523514668221165	-3.6896583581688	-3.1242882911338477	-2.7965492626490143	2.808372671275902	0.6658374307478303	0.09241550456438657	1.8202625126982634	6.328032743246859	3.663207217386619	-1.091246022177068	2.6758573117716793	-2.357209636830944	0.875884258629593	-1.8129186631865395	-2.724844964479052	-0.4008145334997678	1.6788905854315506	3.30419229872927	-2.055111226590568	0.3164414905504149	-0.10045354217117816	0.71981632328391	1.097333826191716	-0.9866523059546247	2.5618063019517154	1.1421260341985509	-0.7303454439769104	1.089046960762983	0.03601882260991577	-0.5221752598819547	-0.5203761533755388	-2.1481729175907236	-0.9749030290398785	0.8433206395607628	-1.1528118733183008	-0.24426873686545936	0.9740223199129814	-0.00019721369075540582	-0.5565185543597834	1.6715873209745875	0.3713020859149259	-0.44094594040625124	0.5248784285857107	0.851054532079775	-3.1309985197483603	-0.8689142553112785	2.8842131244216076	2.9157671870843753	0.8607567207138134	0.9437529253239955	1.3081638163135214	0.8748047846179469	-0.3053606741058647	-2.1573160794348034	2.348379783485609	0.2974083278996313	-1.8756447055279508	-2.5581589844861345	-4.892694251528919	5.249285226058422	-2.875624343472485	-2.9000234406594996	1.6062649246210443	2.9008397157001986	1.009438418485283	-0.48025469236102974	-0.7829794786448541	0.05559366057604406	-0.024585151795760235	2.832425960377504	-3.9775168318829803	-3.857888826488393	-0.8013647332424838	-2.7867255046605592	0.8518097865102103	-2.1939400353698706	0.6386571714984532	-1.1664758701809679	-0.11509961236251172	-1.18045564417996	0.5836526057515379	-0.0271369140325789	-0.31675434460750496	-1.509683647586164	-0.4798510016516453	-0.2191501197521232
DTXSID0047115	-4.213397892864437	2.394474866089565	-1.0844210625843442	1.5615107807636355	2.706177805467872	0.2281340351759589	0.03159494183685486	-1.4420998224260233	0.03908813200754129	-3.703917198302893	-1.8354823722064395	-1.2745645466016045	0.7132459387502539	4.5079984026009265	0.03581744656131748	-1.5816843524595425	-1.7688905196275326	0.2179918222847149	3.0732426490716676	0.7583981763548251	0.2887403083500688	-0.03881965078081769	-0.5856569824381012	-0.29993006842225184	-0.8080425588741468	0.5234364122798338	-0.04749383127511811	0.37007415384071063	-0.0640880283844908	0.7120547551294835	0.9864795698671308	0.9455163630524411	-0.8189920320435613	-0.6839224951584	-0.13150536426977155	0.5503190337382255	-0.46633744343434386	0.8108078334011714	-0.511262654313673	-0.19323773845342343	0.31312136542974045	0.2875977062851136	-0.4784910783647224	-0.4641498547155043	0.37834413044577403	-0.1907281482344292	0.22682547521635785	-0.4802619997784466	-0.6385249654134378	0.06514902218634827	-0.12858030823238123	-0.8965905711103689	-0.5943538033533392	-1.040456803140928	0.25770810587511067	-0.6340482548115397	0.0005070780265752947	-0.021999098443231967	-0.7546745454348269	0.7549679714742561	0.9944111099033651	-0.8392654217469177	0.18057838334499002	0.30872598954724223	-0.018411638529925622	0.49514771952312675	-0.22607553798012006	-0.3037581794263746	0.5100516148643067	0.5130679266651671	-0.2799175953151713	-0.1673394445195506	0.2835409255149791	-0.399716315315772	0.635430667091372	-0.1445633827765454	0.23064410961643472	-0.13253495341383895	0.3605268775899135	-0.039472598259469645	0.1191579789765255	0.7874145207939632	0.23179412109665673	-0.42361710844420486	0.12262962702881368	-0.17616996514806316	0.3560757835414409	-0.00969433299721782	-0.16801013143429436	-0.48563856450729387	-0.04787431962241568	0.31924842036785334	0.03869545582839601	0.11131302703138055	-0.024584554798341055	0.1293606100207228	0.32642521910847644	0.08000881742473585	0.3181240962381145	0.13334066093470678
DTXSID8020620	-1.43008477993424	-0.5312846397732396	-1.8813152328401497	-1.436634486675447	1.0560228029375898	-0.8630511619737669	-0.3228783045198499	1.0963920083640764	0.7160768353600475	1.6347655916836095	1.2234189168465808	-1.0451915961766467	0.014518629266603425	0.1345823426197167	-0.03814538189296119	-2.855297995459108	-1.236252824677438	-1.9801185601259652	0.03779276948384182	-2.6170647299437997	0.2301524881442575	-0.3024160696778769	-1.6110866665324952	1.1206868677295434	1.4149947395458795	0.3357633385953941	-2.0784948569643507	0.3377293417234397	0.4113322851165128	0.05913259131685297	0.1086228897681963	-0.7753700298652573	-0.741003690396086	0.6221457322535254	-0.693260954363153	0.38986457825106685	-0.0012551020150750561	-0.399846282771921	0.7054093280234358	0.5117428130235899	-0.05071004449382053	0.9174348126567194	-0.34753600987405486	0.17206107162619502	0.08673468587769488	-0.2698176309553404	-0.29963226716676694	-1.437459706928527	0.026568206207513958	0.24517131766611328	1.3277932451390129	1.2247458293216014	0.09760268198797956	0.5880333255113636	-0.6695204067745052	-0.13145544385864294	0.38278548324576633	0.7370768304070642	-0.3774148944856746	1.7969968538360435	0.07234936235363225	-0.307803709568413	0.18591424164152745	-0.25294219858727063	0.1077165375583445	0.5235358030441407	1.2746218312962618	-0.36848119449970085	-1.0919629410130614	-1.0100185531972714	-0.3983472269844707	-0.4089310408753287	0.6080768606453504	0.6622573957781137	-0.37896184034057456	0.1273394456385396	0.2708249643889623	-0.08704113114867357	-0.2871926730765925	0.6153297630196427	0.2653838582757323	-0.23097600816351305	0.20056634123296685	-0.11478263584882478	0.8202586047652244	0.09743305086971747	-0.05227720815590772	-0.06454170827862837	0.3228831555075137	-0.08245947924197794	-0.41332842358949967	0.1009668933834132	0.6376424851386769	-0.031839305946716176	-0.1400538580999335	-0.029232656842190688	0.12914036329646567	0.10642221932142952	0.16547475910072243	-0.25461132029497235
DTXSID8031077	5.845552852964138	-3.5095724565031867	2.816145143742453	5.554274207018342	2.6227321821577014	-0.6858544849802887	-0.1304545793539137	-2.2522205682944745	0.35885241676922497	0.5908639461610933	4.080136612889288	-0.5282594493488547	-0.22745127389185651	0.35211275597603847	-0.9635073905810454	1.4211264443081468	3.2997446969732764	-0.4282434602969844	-2.0848205123116026	-0.8627826312745838	0.17423832371763934	-1.840054726738896	1.4248636266503762	-2.4283285718392906	2.592414578062735	2.329886911143584	1.6297862026316052	1.7447344365273343	-0.5444457301955852	1.1758063927879367	0.5274770281838668	1.7964519991197316	1.3788619135442024	-0.8852521657546618	-0.10001732907330282	1.029850435877316	-1.4849764532296388	-1.276959184158182	0.23005633830264793	0.9541598912182	-0.34606341220686443	0.7772401235421973	0.9577518918149052	0.18203774421414456	-0.6359010901467989	-0.22950754025408662	1.9305543511322039	-0.06758894675215267	-1.2995469718263661	-2.074674922532855	1.372665235694207	0.8997499296830455	0.48265642746524684	-0.8225792768915449	0.8248508991820976	-1.5322928641911693	1.797848578992796	1.4127131704112055	2.8243285428308504	-0.17011487391997987	-0.0225976302083291	1.6162590938155315	-0.08663465371886386	2.446839573994495	-0.5198871978986892	-0.359952384739048	0.8705654267599766	0.9087205332805364	-0.9896142740561749	-0.6515771578616565	-0.2635611114304098	1.1496798061061126	-0.5155115555419476	-0.3613665278583287	-1.7918278968087857	0.5030252546312465	-0.6978301665725459	-1.1708557561709594	-0.6745934217089276	0.32782271690226494	1.0496901746518885	-0.5831701603335502	-0.230797381952644	-0.4542811269868452	-1.7719300937332465	-0.31471396040216504	0.5219143663381247	-1.441727401123601	-0.28933296537507686	-0.3794151267985381	-0.4117495359892543	0.8700079981498056	0.003107311605251113	-0.7704833795892632	0.17338173921607428	1.5709159723803563	0.521683024396087	0.13007375154278877	0.5118331508152358	-0.49358809258228553
DTXSID1040110	-7.2858408526105825	2.8081386973997167	-3.638381031228766	1.5503731721422338	0.04945845592597409	0.2511758500278639	1.0971525026280367	-1.77302005788918	1.020197832687073	-0.06270804896538912	1.682021924369024	0.7910275999317848	1.2548954831923067	0.9863193746914303	0.04970237290062922	-0.6318973895821465	-0.29584144819344615	0.46282229490120935	0.43473391821540297	0.5842205493695013	-0.7175708255056241	0.6148852877045755	0.19842081928805796	-0.35029088394719365	0.3390888768825362	0.07297125872288009	0.5166432667099804	0.2742060688056608	-0.21436445941901533	-0.5607382847094926	0.29061085450225277	0.027369075261972804	0.18751981188273162	0.7879683070312912	-0.03108256286442179	-0.32121145446993354	0.7982650232377226	0.4115621320029324	0.09719030224142468	-0.4415276216295791	0.07920204004667694	-0.2182616033050909	-0.15134077487055042	-0.4347793334862461	0.568642027513791	-0.3101967885852389	-0.15710252962064716	0.21934696016072375	0.20207204984369315	-0.035356998357094944	-0.3984551744361766	-0.022779913143964988	0.11820793904417227	-0.8598298878037269	-0.5803545944092415	0.19214052281624389	-0.7228771358234983	-0.15146135658410037	-0.3107216099187597	0.1531204031402003	-0.18807909119702404	-0.15333587935729667	-0.216530944739023	-0.14844590704173782	-0.3305795230145736	-0.2917670135241247	-0.43081358069363057	0.03753289635466075	0.08661357023407631	0.6086524726786104	-0.854170590784062	0.09494833608532027	0.09983675682113824	0.14216961742891396	-0.5467541887642288	0.09188787808658021	-0.2305648756209972	0.3794306071608162	-0.30468998437012274	-0.26283880123639985	0.27498281500670996	-0.34315727717167605	0.5466649079732823	-0.013933818618588003	-0.03323584507477172	0.20069131147663355	-0.04478059019144074	0.10965722245497667	-0.3752062123918663	0.2170647476553998	0.37492319680326774	0.4495706166887008	-0.7008956662851749	-0.09886118662248476	-0.06468997584918088	-0.1942964184467824	-0.12166264582495867	-0.24729256981019812	-0.18469451425919	0.05311215620012486
DTXSID6043919	-4.961378353772396	2.7632878872424063	-3.0146585218837454	6.803479430065552	1.4189715896428299	-2.8666986581237297	-0.5938630359847191	1.8753556485022704	-1.5419887824283465	-0.4803990542100023	-2.791787369992734	3.1650075004285925	2.673468007143103	-0.5095309993076734	-2.954252070872181	1.4695491940877417	1.9903007873769658	-0.501621241910945	-1.5306842209266724	-2.611600723276743	-1.5904149479330634	2.8573600968284762	1.95794490624337	1.2499736475659822	-1.4608278786002846	0.9527487507101632	-3.914492280939291	-2.2244190527992713	-0.7914881964215805	-0.8290773582262201	1.5404715323806255	-1.2362923375139212	0.10195851191912123	0.04866207568942143	1.2667909868092553	0.3714699984779741	-0.5019716304931238	0.7678226165934481	-0.33539267309420295	-2.5558546968611875	1.3844372728741583	-0.07103528235379729	-0.27599601113029987	-1.3464756349383833	0.8534094034743492	1.586504946038537	-2.923079001614351	1.752856993441062	2.0127405608768894	0.034419684519440795	-1.269270165657979	-0.6692746119369662	-1.2246240334864058	-1.3535830246629545	-1.2372883329110895	-2.17049801700871	-1.4082353207165443	1.0520775696915299	0.2394998573513691	1.787401270354653	-0.3713956319905607	-1.335323500334507	0.35578418324398997	-1.2031484298864958	1.7850697767167953	1.470971276054447	1.5394805147860668	-0.3988175191171582	2.92170130610688	1.7823102455709623	-0.662753887856684	-1.799154557089555	1.7633261624306524	-0.17399480642537965	-1.5083369319604982	0.769798413904392	0.6138322833870747	-1.790968392186372	-1.1888959557928567	-0.6257834310244964	-1.3278935161557373	-1.21421288796102	0.21185685791686448	0.37834732692719186	-0.4346871911452725	-0.5068600688093027	-1.7465050278765843	0.20142612825467657	-0.14303164687925607	0.43410867022521266	1.6123862938817919	1.8401523351821931	0.8910261526371394	0.11292477911185961	-0.6477538509525389	1.2789652911280822	-0.509719720289201	0.7692824098130591	-0.08652731548664504	0.5298387426482579
DTXSID1020932	-6.239015372627363	0.08920178555518798	-1.6367276613253559	2.598667102076256	-1.5072473287269328	-2.3891031457950387	2.2262445731779232	-0.4677045207370668	-0.2623706354371936	-3.8755363334919637	-2.0859488050575132	-2.462197225768394	1.9788441995161872	4.065570362717395	-0.7025161467963601	-0.5888181485311293	-0.5598489826690444	-0.41833287632828253	3.705004797304876	1.1891116785114642	1.3840602120937269	0.9036347355789099	-0.5125161890542728	-0.7638889162676363	1.6417847435011341	1.3758133142974085	0.6751342755659898	2.744444289469289	1.6945050189128366	-1.0018800374872123	-0.35209873430076466	1.1023693030772597	-2.10132671611712	2.7394302321144446	2.0409312586703323	0.4681134713922588	6.3581200628880605	-0.47547697416717577	-3.332612065202123	-0.4446589543706288	-0.28279801847104236	-2.6252165660666003	-2.0426390748034082	6.282912321669837	-1.796949061855656	2.125439546522307	-3.1580689653644294	3.8803926234187225	2.6554446515678816	-1.2602120579344076	2.9101465167928176	-0.3380192927831088	-3.3081933029555515	0.4560485192071944	1.2561684110983669	-0.3678279145463683	1.2701106696924545	-0.10533848785976234	-0.9914310265829345	1.199702131705363	-0.8067702846413355	2.0798957380836796	1.0016380064225308	-0.012475272747259201	1.1660266766596805	-0.10179464993203674	-0.15118872152173052	-0.5961387090137955	-0.4645952993723047	1.4706631139755733	-0.5315794199412015	1.3438001989258224	-0.03283778142579502	0.08986482349410377	0.1870243517937344	-0.0027516424774235485	-1.5653025736872777	0.215613478176063	0.38444698476311645	-0.15144040810260537	-0.48551433347684464	-0.7682402273373163	-0.006078228663408112	0.07255653907580338	-0.45032127813480277	1.0400265667778978	0.6552410921788958	-0.12156162892271934	0.5713985175356373	-0.1363384735491682	-0.3594332587294532	-0.1747927882744381	-0.20107241486542296	0.5189249871804548	-0.6804692503721094	0.510447472551666	0.7336157022685327	-0.0575313186976588	-0.2695309994825512	-0.06367027988016266
DTXSID8049410	-8.627941447898781	0.973687551227733	-1.3218788837941782	0.3994970410221891	-1.1385484571745506	-1.0471528268499268	2.2925188322175005	0.9637947256042559	-0.13384207761628467	-0.7487803817881186	-1.5210940406282472	0.4741018490003343	2.1044975898168565	-0.7957204089737351	-1.4057824216036556	1.0878271653312912	0.14299945813568668	0.24079691726023003	0.33988473767016925	1.193563397515984	0.007474418681581487	-0.7724758583634943	-0.019057710970090375	-1.655228156380445	0.42645007071359164	-0.23615165857447545	0.22807349632519294	0.5115148398651541	0.2569396324299603	-1.3010921278665293	0.42058334204066355	1.1900425721496355	-0.6617954336705901	1.8296010611788844	0.5069836330020125	0.10605800358587196	0.1444805183878036	0.035772297041727914	-0.7298034586821456	-0.18012900524276598	-0.3431787223240272	1.5388525613936084	-0.1002345690573651	-0.7255197699564178	0.3506338599564081	0.5076978735516885	-0.3041456565981222	0.9627528950320983	-1.1357077209109057	-0.29910767945441114	0.3568698261031047	0.8392019922795876	0.6345684670533871	-1.198043923693437	-0.2021807630664497	0.18095841291590203	-0.4014376359256032	1.0962299228573864	-0.7775461636580403	0.3987886295246222	0.2698534702937417	-1.682346702027829	-1.6771973754053502	0.2642122188951705	0.4913448374993738	-1.2047468770858014	0.561348384523754	0.05831306078626534	0.5461083422224408	0.6197890292936097	-0.37812582117433735	0.5001605565946412	0.15689754209522438	0.22977297493051355	-1.1485026095179798	0.7709573047952769	0.49892053522255925	-0.13596943183689475	0.46124536689812384	-0.6200371963689523	-0.1599891190678554	0.1677945932184084	-0.33320155302586024	0.13759542908566003	0.9474493824735993	0.38499304060520695	0.8126629263778349	-0.41203200579273647	1.057733071934856	-0.24339021355062865	-0.09355695328664203	0.1048817980544348	-0.8117436935515986	0.12936791114099777	-0.18488466161758332	-0.11205591342820442	0.3745279505085698	-0.3789358476103355	0.5681356771322876	0.05436646474628546
DTXSID2045529	8.725377812911283	-6.849766984477056	0.8356412264480393	-6.905912959212688	-1.4424502728378394	-4.015560867126751	0.41952167593136463	2.1671622075778876	0.1936807234011362	1.0675500334997017	-1.9736910469840516	-2.3936436245700925	1.9202609332134115	1.2660614847121323	-1.500615796439382	0.07102625014257108	1.7309648137007132	2.278712137307024	0.05866043727493397	0.8783827151569321	0.4511392734731887	2.456559212361602	-2.078433592214912	0.3910216527859553	2.175958742751515	0.2550598603226527	-1.9539774826526075	-1.6836491447367776	0.6926203557920948	1.2943252204475657	-0.6308482870582028	2.3909783848834354	1.2813078309788382	3.7735620050136625	1.7201557148040716	-2.3585659494901767	-3.598916234396345	6.499148141165637	0.5126606371049937	-4.194103601925592	-5.7656937958433625	4.497332415921933	6.293934423823666	7.272263582620588	-2.0455894755282213	-4.92558969313413	-0.6455107720277293	-2.5174593557625333	1.163953902722108	-1.3092422977592941	-1.1220962710277549	0.7646542159506472	0.04604524265599612	-0.9127185137384785	-3.3190701780503935	-0.4632972082209334	-1.454392373973001	-1.580023733137301	2.384499343611819	1.143878174393207	-0.24604416566133108	0.19917077004161257	0.07261381801499447	-1.3921630557042999	-0.1467102188816763	0.5658430794426781	-0.18167567118758363	0.806608692780993	-0.92718350171997	2.6195275890017853	-1.1690804137077198	-0.7362758751105637	-0.1347566779690623	-1.762956756130083	0.40187339533855837	0.6681721635139284	0.8268480478837468	1.1356546987892868	1.5237314889935074	0.8419077743132215	0.5516648862485292	1.1766828802195957	-0.6479091931020645	0.36505373203065844	-0.15957541025887712	-0.8251915386054636	1.0326530991552343	0.25426955117234734	-1.0734828524067939	-0.39281030948624324	-1.1089572643484935	-0.40629230719313314	-0.09390420896923117	-1.6190456726768523	-0.39115922522975605	0.2930134252952704	0.7994941761670046	-0.6862880726478325	-0.9894051779361013	-0.666395293895766
DTXSID7027542	9.538915478440003	-8.029749765105365	-5.424491195205236	7.464678616838378	0.458364307858282	-0.05492292814216205	-5.686112148434583	-0.38076963976285577	13.965333582558982	2.796704191557509	-6.066255878957337	-6.809614685019505	-2.6329378806520816	-6.4402041679167	2.291658674122179	2.177792181368003	-1.0146367089689046	-1.052936880487252	-1.9562104413442558	6.854872560512951	-2.238303166134991	1.2319748273896587	-0.12083119142286058	-0.10079709018525872	1.0388796678174856	0.22599197703633772	0.32062873499792266	0.38459269501756477	2.6455651850638593	-1.1767756399393994	0.8515090985096798	0.7850795467346866	-1.4347738961016459	0.46902274723006065	2.0333410720634726	1.5732160684791356	0.7635779498053054	-0.4195270860681966	-0.41877143415343704	-3.231875682579057	0.8683676017851568	-0.3805196318945072	0.6343481098148399	-0.6920728505512437	0.23703469843797653	0.09315205859611458	1.575459844911429	-0.4552568745349443	-0.6110836617378711	0.6780977033377962	-0.952179187332083	0.7798498572404915	-1.5276884588154922	-0.6310827785768153	-0.9794077475367501	2.055915011244835	2.7091591551732352	-2.1266531055559423	-3.194785699529014	-1.230674431037408	1.9851331257480402	-1.8771907261503067	-2.726276375026412	-1.498763029357722	1.5937375080500216	-0.435721372794444	-1.4744613475926407	-0.31185573271358397	0.11860793504504237	1.080747376122215	0.41155659576273673	-0.6632362204838215	-1.7463459178631557	1.2859383799797568	-0.758464081292737	-0.3874423827623355	2.244359133296775	-4.975052676548604	1.0090225050263308	3.1301751604753107	-1.6011070933289666	-0.7729143189871652	-2.261259727934435	-3.1560465730193235	1.0017642160788807	-0.14994200582044354	-4.383589531336252	-0.41235966215662256	-0.4102145248345376	-1.223458350681339	0.641319664174123	0.2516102565846284	-0.030524672834202824	0.35251416877093134	1.337064669874025	0.958292013255285	-0.8748967759295385	0.545677703088347	-0.6377732328564156	0.9324223179878874
DTXSID5022562	0.8370612455564783	-3.6490768878790543	2.133983436449142	-0.683493884479938	-2.969217005847754	0.8694594232461439	0.4312646018234229	2.5551996344325083	2.2795663571670017	-1.6658512872209748	-0.19317265493476593	0.8047212674439589	0.8661169057256027	-0.4169332186679796	-0.8998915982469643	-0.10634860903234877	0.010579386895558807	0.6044603553984966	0.979604169105509	0.5713109131912748	-0.1838928686324673	0.18959469915381663	-0.06719285696027222	-0.37593125623571516	0.6028783896749776	-0.46024974221807263	0.05123993544747116	-0.5036918177701583	0.6592915233292499	0.049480651550536936	-0.5394609067381817	-0.8225104046912589	0.14819424410427368	-0.4088437184765552	-0.7362437175258623	0.8813220371431358	1.10719225963523	-0.19383970375938414	-1.7846942151293772	-0.2517669799286538	-0.21991902538100086	-0.4148813377818596	0.1609581122127198	0.6520757457474012	-0.29197786751035015	0.7182898359443509	0.4894039534536502	-0.11673089917302372	-0.38177100572735895	0.10674934696917115	-1.1465181981089307	-0.4162396192681064	2.2370628749555883	-0.8328255347885265	0.1321687047636773	1.0938335752443895	-0.5313215446595276	-0.15434408629875554	0.9745865288930864	0.8479230256784528	-0.3282223298767243	-0.443982528889268	-0.30403106045699035	-0.36607744623285887	-0.7633114577055793	-1.0057040306190896	-0.5656759568057649	0.9910919341700648	-0.8863570771504091	0.5785915407086668	-0.22321522478997868	-0.20822481191491302	-1.2355230723315758	0.044725872159511515	-0.3940414967183922	-0.10579886915995558	-0.41227701755316387	0.21035275688173513	0.6873920827171237	0.8481441606079092	-0.5789198562928864	0.22463997248550652	0.43558274105932826	0.9961130020906062	-0.8270002121862111	-0.1050910345130916	0.15253829979920527	0.1144357305865597	0.7753097104495918	-0.8254820650657322	0.21328051288448013	0.3067853757483306	-0.3454158230101728	-0.33011301734692583	0.8920114573664398	0.19418583480543772	0.4483718081438001	0.08412195148634434	-0.222554367031742	0.42118258369184447
DTXSID8029280	-3.1186460723093306	-1.1575298564056702	-3.497400339215844	2.8681747017283876	-2.6497932576843812	0.21547556613135982	1.3269496995031929	3.8977119606411486	2.3039838788971547	-2.33458480170107	-1.3219204197355678	0.696059612818504	1.1168206921220285	0.2926516572837603	-1.4615975044309968	0.5781924308030445	0.09100907362364108	-0.45373141206314643	0.06201373363785708	1.2461981450463453	0.05459846072332683	-0.6379163389760414	-0.8876715636015743	-1.043648317072761	1.1097303865100092	-1.521361832377888	0.5085508827181305	-0.25956407792568065	0.06649941587009153	-1.507564504862578	-1.0051462300265488	0.5479132863605534	-0.38557687671648677	-0.17151615421967722	-0.08396435289226771	-0.14641358908709523	0.13776579476911546	-0.2707228842991443	-0.3693715561729372	0.16622685753588684	-0.7962002219520732	0.6814272915174956	0.3874958279981876	0.12058051745288545	-0.49407649304635554	-0.1346942323887085	-0.20824528284217422	0.5417501475895986	-0.5391416835884397	0.272385632232127	-0.030070643899906387	0.13332749396760388	1.3108636306169585	0.33027228040496576	0.6521459102426064	-0.137415793950328	-0.8308744003817702	0.44426025471320124	-0.2467826748318458	0.2947386853205142	-0.011624504145384922	-0.6090659506070207	-1.1046278152165436	-0.16709004721896775	-0.23603966524098138	-1.1463091963856014	-0.11977978064829338	0.0018454198365884479	0.3345747560511371	0.11225785102861131	0.26307918127326885	-0.15577713686149164	0.12249157980872719	0.9780301444588937	0.12547888319031378	0.5519188811451257	0.5593058594856745	0.7461557297511802	0.09513405584942142	0.9555239054342398	-1.7234372238769462	-1.0870237375838507	0.3417892058769104	1.0574016618324358	-0.0631195460392645	1.4008757566931365	0.999733715809944	0.4611871278320918	-0.20959999739057775	-0.7859434507282537	0.3220832492699904	-0.370223918705913	-1.311785129378834	-0.6268664348912977	0.018022294970694856	0.33062452022748434	0.9480908501486073	0.34825355824245496	-0.22794047601707126	-0.31061277166325624
DTXSID0048185	17.7936101538837	-5.2260623373522765	10.335287513753306	3.9978019573190324	4.618231273753225	-2.3384694056248296	2.671282615069761	2.4817920367066795	-4.361053727491833	2.4846965811942017	-1.293233818455779	-3.0979199869957035	-1.872012026911241	-0.9844503278035301	1.331330130371077	-0.8994177129045392	0.01778038397027726	-4.289126891532399	-2.672169663466518	-1.7707995366901732	-0.6450041618872199	-2.56778460766904	-1.1261032204097756	0.3341458500097829	3.5700075280088295	0.7436664719923349	3.099074868418724	-4.123729981133447	-1.518625746954173	-0.3385866166263314	-1.5842805770617843	1.4520803917525102	1.834467656422233	0.6632327718870178	-1.0868235547005072	-4.095002421782795	-0.4705366301771067	-1.024231425079438	1.8296032527480306	-0.47455909781282707	-0.11654582552970723	0.10468105035509181	1.415620898227298	-1.3920850513097893	0.5862977929593105	2.2092418759953563	1.667302403950898	2.607864670678586	-2.440999845848584	-1.1913403907578042	3.6677721680211812	-1.8554458792780335	0.43683892126894	3.90345105576382	-1.092866764851322	0.4055676081004691	-0.85293785218077	-1.3294263144792453	4.427052306311778	-1.3404822030367134	0.16441983064404453	3.0106819215281733	-4.240185532713812	-1.6288653881697	0.7245062432895684	0.6618055502837059	-2.6099191946706264	0.05942782653083164	-2.5869929542622536	-0.275301983709192	0.5887380853932671	-1.106065642738347	-1.9688824238244194	-0.1842254509048217	-3.1594863130636157	0.7370385600904505	1.1519298708679186	-0.13887194519583745	-0.24871861416405833	0.9224072270972109	2.4596859944922884	3.584548552341789	0.09288442725140242	-1.7023145026924702	1.9309484505414194	0.9444915873089391	-0.2245735114048105	0.9784669205843247	2.4465012697566393	0.8388342168527952	1.2348700161707882	-0.11124043109120822	-0.24839320547004365	-0.6112211553801324	1.1566806428837457	-1.2136282487529984	1.7854827715895505	0.6908126070584075	-2.4048371929420758	-0.41090550916318525
DTXSID2048874	1.907238274734001	1.0984462480837993	-6.378552850314079	2.815705781902534	-4.311860610354744	7.407470088077351	3.0576596214470806	-3.2056232156096356	-4.151792600061771	-3.447689176857999	-0.6147058031602735	-2.477658469787722	-0.3925509462311659	-1.7610827500781485	-0.5241430993913053	1.6843031612292305	-0.8629286463368933	0.35165148937013435	-0.4655961553269569	0.34616689705492387	-0.5771066262071576	-2.200071573745583	-1.2062284567000392	-1.1983053115043116	-1.5351972139334622	-3.4665682587773485	0.3331542425945938	-1.0374563668670713	1.0384464217742562	0.2052707308870783	0.777813880527932	-1.4592074452475294	-0.6458377793224097	-1.3821017929600883	0.9397538932790641	0.19742519250566232	-0.9128965652533753	-0.7103593602782163	-0.156112423938396	-1.0398345628095942	0.08893368803166019	0.24302746908640893	1.2431842640797321	-0.20144302921201088	-1.0964497958887427	-1.5356807967271713	-1.6309966211550813	1.9444444724119356	0.09429838079600683	-0.19295352849585037	1.1849535109325096	-0.18268160616316365	-2.5326576309366837	-0.9020509242430576	-2.1433676482317408	-0.9732614201722146	-1.1876766431208579	-0.6280359772546054	0.49744748281861456	0.20185341840407395	1.7666095748549666	-0.7183025870480668	-0.11580787551676866	-0.1641447737350188	-2.3422778104441115	0.08447818601618144	-0.6424587852920512	0.4138029532098654	1.2704093180943365	-1.578330196186218	0.9467235188695122	1.9864732750806486	-0.7240584944723492	1.2401315260389836	0.042439631850706594	0.47434231593930987	-0.279699134867118	-1.086777139087787	-1.6432191438348067	0.4541674328442037	2.3240599870701324	-1.9313170104064792	-0.948450470090406	-0.06048874894008493	0.1740142781475582	0.07924794016961803	0.2629851624179464	0.3671833092836093	0.6432286102766975	-1.5823368589568596	0.30016698246284274	-0.9846488128917728	-0.34042352218900285	0.08228635710760651	-1.2748926597575179	-0.2712850815023466	0.6586193574282053	-0.11682362434091181	0.4347808211826393	0.253819557074921
DTXSID7021239	2.3553355371590885	3.6354648603967115	1.6241319100691123	-0.7401450764057	4.062934511762277	0.6867403163614946	-0.7935045489294398	-1.8185265660677175	0.441916412375781	-3.9437557594066925	-2.749031130776634	-1.4535194573735952	0.6633000336294468	4.792624252482774	0.43633194299264977	-1.6968474048639521	-2.185524576090503	1.2471991027290306	3.303208873351283	1.0470311988657737	1.0422860710489343	-0.5437927987856662	-1.1631477452860546	-0.244528308314473	-1.4043649223032684	0.9649468815406461	0.3348936250579967	0.9598150732082267	0.4393503805521357	3.337567761175606	1.296274549155257	2.443607168683084	-1.0470534675959344	-2.431381195419637	0.15214980279094031	-0.007225958413035387	-1.2262606148133008	-1.4505649325195025	0.2334960399147361	-0.41637555378799973	-0.10562101083359568	0.0889852341387712	-0.13003087533788477	0.7851209152517169	0.02226179374489147	-0.32682554703448613	1.7369982377115454	-0.31379859108160385	-1.3496728559729536	0.26250031069882496	0.7175974367389205	-0.9824194785497543	-0.83011449699709	-2.2574407186936516	2.0106154759561865	-1.7442246898226548	-1.481158738690461	1.5476988065573287	-0.04333593838472074	1.962885101803474	1.9744053933513699	-0.8970594212242617	-0.14405644385904653	-0.04038843651734329	-0.8056347839057855	0.5855046700040869	0.6618202991872212	-0.2443610861313771	-0.05962171905664354	0.7424949688615379	0.5450401501811599	0.22258311900389477	-0.25560022074072836	-0.43281642547656024	0.728615465284414	-0.9142669680331593	-0.08258067349027025	-0.2993617127601284	0.8139198301200182	-0.11299654717205573	-0.07332222265337282	0.6033523610101829	-0.20298717240117015	-0.32662549613708786	0.47212136658986303	-0.0800010579718451	-0.40185277908824346	0.13815139393530243	-0.08373878360339533	-0.6000392630339737	0.09584865621943628	-0.06519665560092947	-0.3079557443156402	-0.12101117028218666	0.36967301435439803	-0.6547830454354054	-0.13475048856361113	0.00661928364620301	0.2256853849907463	-0.11306189855099552
DTXSID4024773	-6.043396266265712	-0.6163924722328717	-1.4262261317374059	-0.7729672596668137	-2.2893597249848745	-0.4682995957774488	-2.3041657818292633	-2.6256998285817503	-0.6980581624177632	0.07714905195631963	-1.9212093348814099	2.772608906846538	-0.20967506423598767	-0.6677662587464639	1.119873539458012	-1.3337878265157401	-0.357488882008793	-1.6504019325693953	1.0177408350083212	1.2378714064662515	-0.47378053887807503	0.27444680336216454	-0.7274528660821721	0.2346592667274564	-0.5078335739936926	1.4840609535614002	0.8405884624590582	0.3135982799791811	-1.007521381563538	-0.11925207214556438	0.32111037554675925	0.3817998675597849	0.00397783955803042	0.5167916141777077	-0.2231147605026333	0.15115993540267086	0.7990942071500124	0.6797055292315793	0.19987925001535176	0.820242962690167	-0.3326239370386457	0.5793593810350743	-0.515839150074078	-0.04064399653809362	0.5648300425712945	0.1565216522869069	-0.28673417224231784	0.1528658171325958	0.3652902403395907	-0.16349577441461788	-1.320720290143981	-0.7422033951887266	0.715648819923765	0.17356780563485785	0.4675418722097296	-0.0011395310218808327	-0.08859965862395784	0.5603096059185821	-0.4733162967646524	0.014952041362887799	0.3314384406105433	0.5014224039824264	0.7596602783115051	-0.13505101468262057	0.19716151940652613	0.37415102788566645	0.03708001780370906	0.10121349154658771	-0.15764389172170978	0.060150827400039214	-0.35174469215680126	-0.6273401039926029	0.672290048443396	-0.11981475189830333	-0.6595813007538993	0.3710993311466201	0.5008802734679569	-0.3936876898633791	-0.2519777286465137	-0.21451337006443907	0.36269529517008375	0.020529673701004586	-0.08903141952865629	-0.5535888937455078	0.5491710027550333	-0.1534622075677162	0.5657111560996503	-0.652517560361741	-0.08822551371669526	-0.07251552885357146	0.23302055056722254	-0.06435377290892069	0.04862002326033395	-0.012351653920194718	-0.19101188349138923	0.10248609742791696	0.4840923836395478	0.18314678742336307	0.03354629475019298	0.23090888844092114
DTXSID6026797	-7.446552770918438	2.604515234783862	1.759418571631673	-0.7655704608847884	1.1497613220386906	1.3595447245620782	-0.18227106239844337	-0.8167452540456208	-0.3336356839300867	0.22126852872756783	-1.3641840599592647	1.3858507299665728	0.8579375760897726	-0.901095660857886	-0.17870796700767239	-1.1245716587963954	-1.7380350037749979	0.8041761539186792	-0.6448035536226135	0.6693411807413491	-0.4524474906043234	-0.6931850282242018	0.5408025684089688	-0.3798144451099777	-1.4388980841407033	0.4362439038582164	0.6798444931728701	-1.0128439426168563	0.9450336158163832	-2.3005722029560016	1.2095276020880266	-0.27044304615961495	-0.44247595775465476	0.7971267660788378	-0.27343084578367227	0.7375062676224055	-1.3117146814676703	-0.29646124413703095	-1.0073446510474167	0.11607287436825572	-0.11194422247347105	0.2823818800993007	-0.17258116447605243	0.9284419056778578	1.1534415191046272	1.143886768584589	-0.26094551383155806	-0.1385780260678608	0.5500989344268236	-0.35941437944741983	0.20642365843572444	2.13457958912917	-0.6727111673721103	0.00535966634414024	-0.13418998246148509	-0.2519094399030287	0.2391864503117028	0.8021131495571914	0.022482295973251326	0.10595746984231602	0.35085125965795344	-0.5461274369832847	-0.565624033419638	-0.1096712815629925	0.3033195112577343	-0.455482703775041	0.3514861683860883	0.25207685213390923	-0.0634208620725377	0.12503857486562167	0.3966357245377873	0.15919254254667647	-0.15279200435942358	0.03425658526511907	-0.4360395361839571	0.46229657319621037	-0.09958801388889375	-0.18823719857948318	-0.027859332467735993	-0.4648077481562554	-0.5163463053470011	-0.32610212722343357	-0.014485299536460189	0.26597417629488823	0.03566886018169975	-0.3131165985884272	0.32957981461177854	0.2480125227157199	0.07105818299185325	0.35844115076643046	0.12455940575718838	-0.6069501652837938	-0.5787703267987506	0.06069734818171669	0.3607313286205807	0.2581145824928783	-0.07335040092382634	0.08676299731359711	0.20879479823410965	0.11604269280374702
DTXSID9034490	-10.886506768583336	2.118784483665476	-2.368729446230663	3.0937402062591635	-1.940457515687345	-1.4019527879973692	-0.1817366284960508	0.5861714859737254	0.369760285601447	-0.4453410354154296	-0.7079243123689679	2.320660270539187	0.9152021882937403	1.824312612557325	3.1232565479899335	1.732001558231207	-2.9439824237973258	-0.696057922294135	-0.14188939212955393	-1.1665223199277186	0.11040481564015707	1.6272423380476921	1.5094360544727787	-2.565342264192548	0.03188401714896833	-1.4271571379932857	0.21274304663974966	0.33027903770575684	-0.10469163233592022	-0.15300360308933666	-0.6127713926180104	0.8608463979276837	0.24478798440684588	0.23544935880597906	-0.04766159623029006	0.943210000139851	-1.0655100550281227	0.06235203252284236	-0.06017289235330545	-0.7089850758528439	-0.2024113605791443	-0.11882729667155348	0.3809207777427821	-0.3439122467904247	0.44723353420269063	0.002653539553288367	0.12504932541404562	0.31614281991291066	-0.14936250886005895	-0.33612567716504255	1.3026960016316749	-0.30678343933905233	-0.11657705247373229	0.3682801148073653	-1.0733235345754621	-0.6871932909230875	0.1642170979298967	-0.8431004288927503	0.19970637527388505	0.8997859910920307	-0.2918023492611708	0.7309624931927807	-0.30016177208691613	0.3195445863508002	-0.3812467419962736	-1.0741373905858218	-0.4876701062176431	-0.35219833767716957	-0.03864960529675984	1.0932122668377309	-0.255543749363765	-0.050593193583435433	0.4508516682014514	0.2509480560617175	-0.09456584416158408	0.3161142803325728	-0.21260115526471188	-0.05539671973699482	-0.40010496939493456	-0.03807720920581655	-0.35921382474384117	-0.7042270917471218	-0.6207345381804011	-0.007559470877487801	-0.17981894977888985	-0.9042574208610855	0.4776042234928591	0.04347073370676143	0.07726730250634917	-0.08226619164523305	0.1097986039298948	-0.27010093908532895	-0.2667561058748391	0.41889011771118845	-0.08229207404962324	0.4335401564449298	0.7087043615990599	0.9025352395658287	-0.3428902005847028	-0.22232656852733348
DTXSID8025466	-1.2477320682208581	2.859825355564446	-2.97363680453338	-1.9805388462975344	5.194824834006676	1.0668393521624493	0.7782865556876916	-2.736909169692885	0.8017279041535526	-0.7059827302414727	0.07546671690573098	1.5170758989575404	-0.3717544281018009	0.5032192305932206	0.3882095101964087	0.8292088825782424	1.1849217062362396	1.528218184959826	0.5251714077619147	0.6871544446292747	0.24570623585650697	1.066636828847727	-0.4447601490319156	-0.016805370545085994	1.0068911716039766	0.055129948971119114	-0.25873885508925	0.830102933077535	-0.25354114361656144	-0.32867866194174356	-0.4976151661164347	-0.6672556255308325	0.9338840505227839	0.11694476066148372	0.4839212162918702	-0.08563503540791939	-0.33105851014869797	-0.42592160795185313	0.20251660882735184	-0.44014390148721816	0.27836826118374813	-0.6202308479258286	-0.4104046600896563	0.20558018863246597	0.015106051765038975	-0.5716180426341798	0.6719674211079522	0.5336333826307257	0.06869391824137618	-0.0685958857337171	-0.4878015242911937	0.5744639387133337	0.037178438501442056	-0.28333337941090825	-0.3050513216810119	-0.05358246531172674	-0.3003208277441146	-0.15317498867942064	-0.013804970934065587	0.2479192394637207	0.2698326099290213	0.2634191673782759	-0.0018838458052092722	-0.5621972103925581	-0.49615783698665905	-0.10768412909746546	-0.9586111427608965	-0.5615640383049437	-0.7456371047538037	-0.1836021091038221	-0.33731512631334465	-0.541255053512479	0.20865872739570326	0.3982006778743097	0.2661996362959329	0.2634087356582734	-0.0468204092282662	1.1182452356427646	-0.33379296829944316	0.2987283283657036	0.07888798511626761	0.3224123255822271	-0.265470458449699	0.24993953651113024	0.18243994443245068	0.12729417277407237	0.2557843497884184	-0.16112744592374276	0.018643802202284256	-0.15761547494841122	0.05560286345912883	-0.14161759419510714	-0.6452866160036875	-0.18888588955218935	-0.31869033605090286	0.30109511837331093	-0.07102870807257422	0.004348545519273644	0.031202022570991063	-0.002599741171053431
DTXSID4046238	-3.2405860823527175	-0.15419527564167756	3.232126139962106	-2.62026335302775	1.713684946906799	1.4108531747489688	0.7094532732173741	-0.7049290728419637	-0.10558893476050395	-0.2028132230287034	-1.8204561161222481	-0.05091365490411094	2.619554944890557	-0.873043656468732	0.07644845775665561	-0.5450643282149208	-0.22439128329758326	-0.25071223451055746	-1.064485091721663	0.5584723944710024	-0.28898163846395014	-0.49827999503964227	0.36524491424485633	-0.4486017337304344	-0.5438236235844134	0.15021928528253456	0.45945428043876174	-0.1884382673874175	-0.22005954816480192	0.10452254121943942	0.002974517815480145	0.2741444681662089	-0.5462698535194176	1.2141446873535333	0.7376082677792509	-0.5130872524077333	-0.33827280351005545	0.13331066995724014	0.1897464542513464	0.28597705322976114	0.03176447961469308	0.24154024676478672	-0.31415115960487927	-0.10842591461508372	0.6783414225778897	0.07746395446438907	-0.18434665424551056	0.40743403268096134	-0.35620916688507925	0.23390103114893873	0.06615744815387375	0.034539948684762435	0.3205612053386	-0.42248886804080643	0.5915116584349879	0.5161217591419769	-0.34797385694991845	0.921847664499614	-0.05355191141004167	-0.736052624362549	-0.44803771990337293	0.4461242872133821	-0.06485359915653688	0.8288282831066984	0.13150908753640828	-0.3834727646698942	0.8469869253503294	-0.6686002726077674	0.5276203851146836	-0.9894580451071284	0.2786312483496237	-0.27193663882935404	0.3735981934029052	1.727765648951777	-0.08884944018225745	0.6334657704775175	-0.2934108833916889	0.1655171064449815	-0.36805974346978765	0.1956407484834316	-0.6565147295733577	-1.1648731751434878	0.3667525589411827	-0.14369662342554895	0.46537932975549023	0.7240745928427373	-0.061124144972152426	0.29178591230446826	0.5310261619351541	-0.023801907259762497	0.19822131711268806	-0.2432540511400255	0.0914484055504078	0.8891147407687156	-0.2302588721741259	-0.06284672912379291	-0.1663415734981626	0.35013332633951894	0.6399088660749421	0.40302359488245537
DTXSID7021869	-7.983995549160128	1.201200072142544	1.6693349951891527	1.906296166686275	-0.3672268728679428	-0.7641919560717055	0.8051798660777978	-0.9779128075640654	-0.5149411289085901	0.11027981857374289	0.4983678881483782	0.31953923470843326	0.25278687371335556	-0.4486279163647463	0.07722539624682717	-0.2942573082654261	-0.5246644245880289	0.035456632767333754	0.2764590217968233	-0.10962908960897916	-0.46037952254249065	0.2737440983386223	-0.14583741154537486	0.2843949483545622	-0.5611193663518871	0.09222898767454137	0.0007045314409072396	-0.2900391514240917	0.1883602846814138	-0.6109279010461218	0.3631582878760728	0.11309659163627699	-0.09449394286122234	0.29908996394178516	-0.21418807887491365	0.3275569157967404	-0.33464309675339937	0.3883856025105819	-0.3535034621867853	-0.008637805985624905	-0.03244553455884689	0.3379853790300117	-0.11480014434124938	-0.07614130911749188	0.4351009622067591	0.24475593384420122	-0.27303102430012505	0.10181287125702435	0.17229653092362357	-0.19529677006988605	0.16713394236588566	0.2715636415712592	-0.11370552520402832	-0.02347033946622749	-0.3532872774893465	0.02973990852046395	0.0750328953892779	0.4893722450601773	-0.3925071675283166	0.05629564978999828	0.5687133432521764	-0.2824468476418045	-0.04520529665052165	0.09165357009715923	-0.05963773323189722	-0.17562861358197285	0.0009333187635923257	0.23300298589633628	-0.09709158592158451	0.22110345695369693	0.10405298455248342	0.4290219359509906	0.12674156851549695	-0.3321996915881476	-0.025226079247445958	0.067569292097362	0.30382098224432164	0.19946517813345085	-0.22727609056678813	-0.2997392931916993	-0.12927949994367516	-0.08619246618160682	-0.1817247694630113	0.189973852917643	-0.11575877184444389	-0.26554670028228	0.04419849066278038	0.18584340989491993	0.20673957057327857	0.24252968306189554	0.05518317556833243	-0.3757548128808767	-0.08537867749873272	-0.09402360836330825	0.14828108468425566	0.10341467612971657	-0.01106772938711704	-0.002549629571691465	0.025769197188181034	-0.06801114364500005
DTXSID9029223	-1.874568058256553	2.0045476014710486	4.824824050235032	-3.2130321725348736	2.0565230426187746	2.2974845690134353	-0.3993477800369685	-0.45755074691171704	0.32902949699039086	-0.25149588458365707	-1.5551102319447596	0.9915214227206035	0.0989131389031933	-1.2125337837389178	0.2064433475144048	-2.122752527754323	-2.1655824411462326	1.5970169549992335	-0.9626226990420872	0.24865231373045518	-0.42504662281985184	-0.8651840600899059	0.4145414381431578	0.345045951799185	-2.252985437171343	0.7977899806950539	1.1397440864108788	-1.0904717141142448	1.4584983360846242	-1.9063079575274715	1.2172388227490927	-1.18050918007438	0.09531618261168494	0.4225794566748337	-0.3342961704667949	0.6883217554019553	-1.9959266205879231	-0.891491245012927	-1.0849558273337645	0.4823809194237004	-0.23965099136279508	-0.41846634292209955	-0.42410881172798914	2.0993443979807287	1.2932165285211086	1.633276674439594	0.33786315127372524	-1.0018203358029236	0.5832400590515303	-0.1417729798326558	0.26798641120788164	2.831113046277742	-0.54085847561016	0.11895413763997834	0.037716426902120403	0.17761404958490878	-0.17932556228369556	0.8726176543619371	0.7533488088543928	-0.045290434394953616	0.18755918325703402	0.5402891464247075	-0.4353126029486399	-0.1564569310057741	0.232108424713091	-0.3520248929439904	0.5405946005760235	-0.061117510273181505	-0.3530723274590355	-0.30084286308546515	-0.008002119617937582	0.37025530614047103	0.02313275183902356	0.5183610909880068	-0.4105375290413974	0.13962864911840328	-0.5689452164286546	-0.2467842163705083	0.1020776090431052	-0.3569070004299935	-0.3415559686168139	-0.6337474391903959	0.20749672046458337	0.2634892680779488	-0.14106761533896434	-0.10209710174123396	0.4932930829334942	0.11872793941167928	0.35633898474168746	0.3327117548059476	0.20650380959988673	-0.40746050524008826	-0.37728833956808894	0.40320313239026484	-0.20364226256905615	0.27234021089182125	-0.4160877728323237	-0.2142765907178214	-0.05765561077785501	0.28507761924869035
DTXSID5045916	17.341062437485643	-9.782336918207204	2.7040445115873535	6.765957842933485	5.314930067929068	-4.073189078257138	-1.2320032461593835	3.698532354063708	-0.12865496282812702	-8.986748783780467	-0.9708423200118698	-2.3831432900209	3.5466649775438515	6.399709616780803	2.1754195397136695	-0.3552754679242578	1.3312134290614543	3.0143496142514787	5.540350348888773	-2.4881620736019316	-5.66021549021888	-5.797030859538066	9.50413350226486	2.9827204757624406	3.738311611329154	0.9548117307124233	-5.75217843192651	-1.3953159400440993	-3.4466757035594693	1.4429867332144308	1.0304724733438135	-1.9642552086720177	-2.0670619706403324	-1.746213755547549	-1.2860098232862358	3.6657827621274404	-1.2847604477803753	3.3651549748532044	0.9393501971757188	-1.595939669077595	2.620151830543998	2.2303494280919773	-0.6803827677913824	-2.944005245981541	-0.8564068551289675	0.6922464282492587	-3.2956803059797597	2.8590587531386333	2.578445729987064	-1.002093305270302	-1.373464616365311	2.3053195094084353	-2.77648764722125	-1.4926707590814368	-0.2415956252765419	-0.9765079658184329	1.9603338423346284	-1.8005746279090193	2.8065233805545287	1.2560934995084971	-0.8567458765340338	-3.339734794055563	2.5842921684868307	0.187019230232857	2.7798379338716237	0.9286984654226349	0.6459539324193025	0.2870889450989263	1.4796927521480465	2.736379730431026	-0.3292478638474916	-3.6180618015782815	0.7335455797673578	-0.12819609725589803	-0.46090715085275274	0.13022492771501465	0.2567245200750851	-1.2250990050611654	-0.018994144381630423	-0.04437604031514417	-0.9419246907014861	0.6676691565295861	-0.8267084967492064	-1.3176934338316726	-1.0323095525744777	-2.0282776646181513	-0.45206081973658474	-0.06756760106503708	0.10837919168982142	-1.2322724736097832	1.373878768818709	1.7629949236601983	1.523061396751765	0.23027218845460104	-0.49803480081906115	-0.31132394135342834	-0.5544702117781463	0.7730490665907129	1.6424130882900914	1.6873782564321527
DTXSID3045699	-2.357790707526503	0.28745448946808005	1.422945305324449	-0.2081088564431864	-2.1761840817934655	-0.8294274424017475	0.9291425943499104	0.7736984450862203	1.7933705335689818	-0.41731577487560145	2.103234932571541	-0.593477416851462	0.20302825118028756	-0.3509975333614011	1.6921957094140823	-1.007141978183937	0.8240091500431831	-1.381636111528216	2.676812283420963	0.20806810694275651	1.0596686250460676	-0.05205246944793595	-0.933416472826115	-1.3532308894755904	2.5475393481629345	-1.4281034130438732	0.16524605792181762	-1.4459803296826665	0.25317544963746874	-0.07758110937093247	0.9762049291872111	-0.20997997954631603	0.8934096576152947	0.8524574201035778	-0.6720250758475791	0.43476003144727204	-0.05829120837270134	0.32805947471876995	-0.9526096632938195	-1.353381187769739	-0.08067096771598822	-0.752091577241673	0.12759133209424586	0.3687651902248658	0.4356053514947895	1.795748806309801	1.8288999016985685	-0.09843362416385555	0.8299173264241304	-1.3804733706807584	0.018136276416250492	1.9991004170049003	0.6745073819674828	-0.667835777986013	-1.3057461942164883	-1.4340625204394681	-1.3614820336177265	-0.44960893007510605	-1.9975136539012324	0.24481415199498907	0.2571967319814159	-0.5677283648778421	1.3529927830992086	-1.3585380249006007	0.9015791168873813	-0.20317854405983812	-0.08791868705426506	-0.22685049060967868	0.664287331525371	-0.5470836186785862	0.5845113253454828	0.045966009124921645	0.21687304832704526	-0.2688310795419168	-0.024460372544282204	0.03429223219958675	0.0934503758306273	-0.8354655203725619	0.595309896051699	0.0707138523219799	-0.5372552866376477	0.03939255891541842	0.19706927275708452	0.5464174968471172	-0.3535056262192603	-0.777897556278765	0.3834301876711431	0.07168376974886499	0.3907448442502385	-0.9338849198044765	0.1568112567175241	0.36979792294535213	-0.252885271658545	-0.4649876981170521	-0.5800037161120005	0.15728038902558886	-0.40283882510786057	0.3327786288300803	0.26197449213167173	0.31751419506836925
DTXSID8047840	8.98614433420695	-4.235571859258688	-2.7087862376325034	7.260183987007774	5.48779802733914	-0.23196777044749048	-0.15803254931855742	0.30962187645618616	-0.7959691184355154	-7.947352322056459	-2.482271293470593	-3.1208867668154108	2.690277942936671	8.32998964266609	-1.6950641865245797	-1.502388198465271	0.2687405444745802	-1.8402257564714903	2.9228615504101882	-1.0790223921530588	0.38296076852011446	0.2935203486822282	1.229870009990544	0.4374751167134851	-1.993861508151194	1.1515475713098373	-2.205682354724858	-0.17711808949425187	-0.32723972937974816	-0.9185775886412509	0.7734005468359836	-1.0459794508911706	-1.2094659627442548	0.7824198185567762	0.1432651184394053	2.2855856324873733	-2.1154485640857876	1.8845166359955625	-0.3035861618399013	-1.3220459875113697	1.792171640269643	0.9641567706976764	-0.9879513708935672	-1.9527567082683204	0.7395758422563092	1.3286658301140994	-1.1766262760429467	-0.0492734006467346	-0.029658678567157294	1.051540940675084	-0.021235710250733376	0.44968705678153936	-0.8026702243298947	-0.783914864510537	-0.4032857349487987	-0.9259576541165142	0.01750517991998206	-0.35958008386204393	0.5329521166277946	0.7129187386823966	-0.706886734470666	-0.8720884416168163	0.10645741859038692	0.871540795352011	0.3720018472365891	2.1065613789872857	0.5406175150687611	-0.8057637013335448	1.5662104267520531	-0.23636539715961782	-2.820667111181096	-1.7607570727080513	1.4623548295562872	-1.3252761774147346	0.286070641485077	-0.49086848619191015	0.6385165664008312	-0.3531661192738445	-1.081808213307988	-0.6976309723847471	-1.816630371226733	0.9944901024319976	0.4610154355308106	-0.3718741177750602	-1.8521758676139104	-1.3174254601471966	-0.8688257272752257	-0.44222814622051976	-0.08595380610449646	-0.04146085112656884	0.5394568182908571	1.0682670352591765	1.0472717631087012	0.07856061139275694	-0.23890886435801445	0.4117948344851118	-0.015500138906181297	0.5206455516490258	1.828101427420166	-0.08370380437332373
DTXSID5049362	-4.114559379424079	2.386043998076607	-3.238012082438145	-1.2432962914149395	0.5425431535160631	-0.439621006632211	2.6744759779177656	1.0424561861207404	-0.5376816551518135	0.3613060987759138	-0.8400578712721354	0.2596790469956112	0.8726428949297172	0.3983107167519807	0.2424021373848502	-0.23701465904087576	0.3524581106897196	-1.23729482366912	0.6806480911655015	0.052872945407846636	-0.2933752459318425	-0.41708251097522103	-0.7782215622923897	0.11366675770393486	0.9664503085738139	0.8474155007455901	0.07360035089563709	-0.8099117997988433	-0.010975289186139351	-0.26348931462732855	1.2377902643513359	0.4418656876590279	-0.7568506310678446	0.5086679474732102	-0.3036649373248976	-0.5099237909867053	0.13858890721694078	0.038293311350468616	-0.04623363988605513	-0.3087110221929644	-0.2484836645548906	-0.00881720774142774	-0.21671474373160415	0.4184819483041746	0.205234695264484	0.17412248678197312	1.0192391789753734	-0.14993273269781318	-1.5600396952689501	-0.21566124228958716	0.8014885205247397	-0.35494272586989645	-0.16644089062114348	0.26983359643470606	0.5686128376129198	0.5919709024871107	-1.6685832553424476	-1.0345461492900079	1.065672966584094	0.6282318965195157	-0.949979569680464	0.5925433577458282	-0.15874794366696313	-0.19204219280216084	0.38841441003957417	-0.05823138767683061	0.021011798546974544	-1.0220069295969267	0.1717881390843184	-0.7489834527674801	-0.28243868497049485	-0.27478155489216116	-0.3216940605592855	0.28748235323151655	0.1487464949432685	-0.023830806156347136	0.385520196471225	0.4482094356654715	-0.4414823359260807	-0.44622935831198784	-0.18325705489598484	-0.0722192042633196	0.7418035883707852	-0.8844047195083375	0.21976289171149832	-0.6037365707682302	0.28447817264356207	0.23262964064914324	0.1484895923061385	0.12158525664146318	0.3047943739651485	-0.6867049960908199	0.8031920570673388	0.8418415466469819	-0.7058505700150789	-0.9467005377847874	-1.0928901257089076	-0.3578342966184531	-0.5426067163250962	0.015507116188377015
DTXSID7045310	16.73976141771444	14.080834720029072	1.4951278477327465	-1.1545982815925735	-3.6054003004972786	0.3168133937857741	-0.12797664796401034	3.083965869521385	-1.4052059197567235	3.331195103400557	1.2924083524189178	-0.576700808515607	-1.7776753205822553	1.170105033388912	0.20385683098090254	1.5489352973958472	-1.5477581415689403	-2.381676294303381	0.550855407593376	2.885131436530359	-2.5771005975357384	1.8461534725772406	2.805601168129632	-0.8301956322407821	-1.6386507690759233	2.5611587864202856	1.3019625742286625	0.3807101545375272	0.5031541943714044	-2.3572700611344413	-1.112948914472742	-2.853307091179689	0.8115586791745222	1.0195602663779757	-1.7955815532400095	-0.3143291359695581	1.3836073642913662	-0.22224479224111196	-0.06209645839369774	-0.7131127164136737	1.5201014584180976	3.618627822594361	-0.035507058406772346	0.41245004430142546	-2.6554644955923576	-0.9508190652998373	-2.2222190885466424	1.0255779236370204	-1.606467245983135	-0.2828688598094867	0.45137968770092984	-1.1416873814924822	0.3128801580930919	0.2698286453026363	-1.271191304557508	0.16413682424303694	0.9792435057237996	-1.076136391827654	0.0806594904819623	-0.48789160039912505	-1.6912276871107288	-0.6098221471986872	0.20272707782433733	-1.3286457629810462	1.5422043676169384	0.21457252595476298	0.610226536210748	0.3234978013148512	0.6995330864013544	-1.5427110353703481	-0.027940756922057185	0.4482838034686588	0.6141703014807309	-0.10604184541403501	-0.39881890803976017	0.012725333645890007	1.6091140838227926	1.7006049682216946	0.7006032675644577	0.11378514474242833	-0.8740896096809542	0.370178479200014	-2.4737888926058464	-1.033900770881656	0.39106910646828413	-0.5972842339882234	1.2133351158873809	0.8488473647248441	0.6237946543809663	-0.7663164666332003	0.8240970622019796	-0.7425191016917558	1.3729582893908294	-0.6761313554056847	0.7366504095565329	1.5992176120630706	-0.8120258363683439	-0.4924557775906676	1.666259233147216	0.6047932223303795
DTXSID1041970	-2.0751730648427817	7.932989724420029	-0.2063188018212478	0.9997354939009678	-1.1716480938118599	-1.1649922844301426	0.6863518463429904	0.3811475464974309	-0.5567768961399591	0.991420143270337	-0.926800435917942	1.9842684295308008	0.5340349558126436	0.05621249921767482	0.557906109943576	-0.06966969901702935	-0.5137032355841054	0.4467095145383274	0.6314829904607931	1.3473243675782498	-0.05701381746672739	-0.12361489083544358	0.13031507295599346	0.4578286051846584	-2.263479118897187	-1.4155347835618024	-0.8327095691525562	-1.2901047041938378	-0.671684332094886	-0.33815225551947914	0.8361868982233944	0.09366655825498078	-1.7634321056636975	-1.177744334044179	-0.1932123276357392	1.1680482576059368	0.7364272720581784	0.10944506695392398	1.1537978131449373	-0.1970086335415577	-0.4928421852541635	-1.0374661598948594	-0.3956060474017313	0.788175075558234	-0.18538205320129317	-1.6773077503512823	-1.6299563357792681	1.3284178478012791	0.5639512301612919	-0.3217378770980777	0.08086627025047732	0.013964640740026159	-0.1437471011189558	0.0424401479120418	-1.0754078167904308	0.8375646919257271	0.9282819461820847	0.6943661816761927	0.5081502619611981	-1.5727777326063297	-1.8733773162626444	-1.0409552756437435	0.21536767559979944	0.6067742041394887	0.7204589749814471	0.5081957433634159	0.7481749114913744	-0.8512147319391096	0.18805388604107948	0.9236156482686727	-0.4786636213903181	-0.6750015149786325	1.2561051282423448	-0.12741041055970875	-0.3210147658436202	0.6211446826337371	0.9166038101456553	-1.154454515741777	-0.40952473487980345	0.7392231512398248	-0.5602719972859821	0.7980452264037204	1.9939741998876617	1.2633240892912534	0.20712961897966728	-1.5642713733414717	-0.0055354432752394165	-0.6074923128554925	-0.8714027240293355	1.3504430601601394	-0.035488350797237736	1.974948493404864	-0.35039811985276437	0.7853786032957237	0.4381409798742104	-0.5560681015755076	-0.05574169843654202	0.3381226147062249	-0.8691794203992648	-0.2887113579677217
DTXSID2047272	11.189842323693465	-4.844762036674374	0.41144872699471996	-2.1751548187271568	-1.2673426905174083	1.3859964866641232	2.171688214956531	3.297881593720287	1.2783173050893668	-2.1422983922673966	-1.8226522161090675	-1.1315552404298814	1.1498821863337854	-0.987317132835448	-1.063625457564388	0.29390850691695836	-2.554298509167926	-0.25194541626060696	-1.7897607695800914	-0.3524506536254054	-1.7070552744212624	2.30962406294496	-0.4251669246030896	-1.2061615610876224	0.7008125393991328	-1.2649933860897096	-0.272005158598119	-1.7355058993180676	-0.8519615237548689	2.6000834477481103	-1.8658407889349942	0.3244295082502054	3.335053368452176	4.698689651699976	2.7366095398626475	-4.8177154201190175	-2.133345100941006	7.753495408149015	-0.8096988532753792	-3.5302854943273063	-5.502199858164319	5.426406836981656	5.203550679120325	8.587099896577708	-3.1760061860529647	-4.95974289976987	0.8231677979758745	-3.926167230495582	2.0971033241935437	-0.6305737057679339	-0.6715141631093932	2.844657805339356	0.07335751959364109	-3.2558254965135593	0.7238281387694816	1.0595286825993866	-0.7486025124837126	-1.165973838574006	0.8647019292690834	0.20365569124768493	0.4787597124884131	-0.474174265611583	-1.2018335367350939	-1.556262618372656	1.3703300521053126	1.310231939689037	0.9279682237307403	1.3446166282962548	-0.7799326987863433	0.596750511797287	-2.5946919374435735	0.5619416675247397	-0.758244281005625	-1.25772495881142	-0.7164213276043735	0.46479338811795773	-0.6800814641355872	1.5951259950935794	2.1202826440755382	1.2154100668027894	2.0003237835811363	0.9893935099837151	-1.3209697988751676	-0.8292633843712642	-1.1071189746811305	-0.9719332078537801	-0.21433625130949416	0.8157718169813988	-1.1980752867216022	0.28916728838546246	0.19222826435197826	0.06668406919297953	0.922809856879317	-0.2963542799368541	1.4386940147793321	-0.18240066629261031	-0.28474162416088467	-0.017840239957746085	-0.8606683976756385	0.8035902053845164
DTXSID0021387	-1.913078638174499	-2.3499627104839735	-2.043140722448869	0.3498608841246561	0.4828812070173337	-2.317131293309918	-1.9272302479563523	-2.032782650059401	-1.8363640282036078	-0.5359426461292893	-1.3187940087062175	-2.1311761905950557	0.014440946214249739	5.990124700175456	-0.9830552838956406	-0.6640131307626951	0.48176661888155825	0.2837646911267341	3.051722760836784	0.9397558573840092	0.8561523039467887	0.08030788696216223	0.5875721466927111	-0.552752330869132	-1.3484281380014813	0.28503828890503063	0.2671942082653486	-0.7980989186371468	-0.20986357231837247	-0.2393834288411146	1.1619317516589653	0.11176640659498106	-0.8827678103490133	-0.9180979039234908	-0.4287608133212225	1.2068037293278824	-1.033520995593297	0.6047686234541442	0.7283939070215308	0.3466343914075809	0.8122135018330027	-0.09534571320190732	-0.5729333954131511	-0.007407650581761747	0.4076254026815693	-0.7448541172826302	-0.12582127178668512	-0.9244145626015433	0.31150178738483686	-0.574024822694984	-1.0108985796344088	0.39316969881507635	-0.2288201881675296	0.984385429484491	0.3596558722630359	-0.07765770171990921	0.8804183392994445	-0.7797948294252935	-0.873452589487786	-0.11930350439043874	-0.6850815771062736	-0.0982441391958622	0.445060108198843	0.08584452403175476	0.8532564683156938	0.8284032361123155	1.027463043310885	-0.756376747174149	0.08027221472852539	-0.40914486602094613	-0.21193944595098263	-1.1304068594930021	-0.09912814627131532	-0.26096011521890045	0.41449249826024387	0.21762425361654122	0.5233481831620237	-0.9143499367875462	0.3462004748179636	-0.08697527241937	-0.017976190973373173	0.668322586333071	0.3743434595833054	-0.29376623743069674	-0.4618188726460487	0.31535617730345633	0.7634305831058893	-0.2741230879078233	-0.9803888136080344	0.28713098453732633	-0.34523071587787674	-0.3708449441869202	0.18119563310443898	0.5108555551135221	0.32362517287502535	0.13357916913385043	-0.2088749580992577	0.2259975774458528	0.25897189619771677	0.23529535436208845
DTXSID5045881	15.668935573647525	-1.901002031694781	-5.690241157060045	-0.09512979664405603	10.111298237116435	-0.5590639403341241	-3.169239094147943	6.90721523175079	-4.188468702454869	-4.396162931467296	-2.567563349415385	-0.3507304260226391	-4.352037287636323	-0.765046525243957	9.831276437532514	7.024706746990806	-2.721523109615942	6.100382795182203	-5.300713534553586	-4.294206524697214	1.4426165876659447	-2.1497313751179115	-0.5270147876538864	-4.806269199611342	-0.16424228562119414	2.028946554004044	-2.005398242529672	1.2617454240467108	0.1960981316367025	1.223811790690637	-2.375536513580593	1.202337755822488	2.0791901924502603	0.6857464017664706	0.9199264696521788	2.5760335661727787	-0.22291117192907997	-1.8215808512483465	1.8935593678949787	-0.6610910462574529	-1.3983910161597262	-2.3205947228808204	-0.08591985066074591	-1.8591170292201373	-0.3902805177715252	-1.7551946079517418	2.983679327243056	-0.5288638113997193	-0.9848378541191058	-0.04928236042551051	1.1689837159323986	-0.3931052915520393	-2.2144536337267136	2.4631795377689816	-6.314611390896982	-1.7549946305869448	-1.6243343137308557	-2.475933982500467	3.936522859649402	-3.0581505698648033	-3.5721268528363277	0.9553723908246098	-2.44323363213968	1.7625829733558223	2.760849760329473	-5.062754733755545	4.158210744695684	-2.7120067943534263	1.4001103856883046	4.973945726415351	2.7698603633689594	1.5489762785704038	-2.7971418149740304	-0.30478267544755216	1.732709595552121	4.419949846369997	-1.1790226166269864	-0.994667778647243	-2.2033118255319852	2.222231152306544	3.2691780411701523	-2.612854170056824	-3.094521077636347	2.2066974815852207	-1.7884138797791573	-3.6882485633511024	0.24230014822252013	4.134775597532196	2.3779919260821	-3.0100152490102743	2.0508067302201622	-3.07845059495433	1.4505072744165393	0.37072844002302663	-0.2606941164875565	-3.286637584654311	2.474153196855863	-0.6951341688680813	1.2920172464865147	4.166204270091817
DTXSID1057791	0.7782612591225605	-3.073531112059515	-5.846510609808936	3.308533368376953	-0.7072232155477378	-1.2420536741528705	0.8655450931774047	0.9960798614622013	-0.29168185092517224	-5.261374052680331	-1.0501510147749802	-2.6194567411631757	1.9890703957295357	4.954139369327795	-0.493021681700524	-1.864815246992332	-0.5172594300183627	-1.1090599783618191	0.94899341569369	-0.5695895846064216	1.516371458449165	-1.1103830929625573	-1.1310408144530888	-1.114532660008672	1.1379235788359006	-0.3128964766105908	-1.974001162914198	-0.16782803690601872	0.8212455887351129	-1.4067544319525667	2.055699813663346	0.13679157260608124	-0.09880949318322901	1.3941695993399188	-4.239143413066532	0.6963741493376226	-1.499323613203875	-1.8678266821664242	1.8372995813184072	0.7799506275708382	-1.8340042465809818	0.37602637060319094	1.0477236727742079	1.0079552057410879	-2.191026893029472	0.05027173942137246	0.45067078066371147	1.4391499400746324	0.132246459508948	0.6049475410433932	-2.193351477923738	-2.0116083572488197	-1.3142179191819605	0.41491505409465657	0.9449340058784667	1.3224990358396755	-1.5139485566772608	-2.051205650983324	-0.19456609895641436	-1.2388010826398914	0.8455016110600465	-0.6602379239616394	0.27049495025515935	0.1260338735452778	-0.0753502593660622	-0.15223048263413577	-1.8992620272595009	-0.7590662012171513	2.2221240631017944	-0.597545108345476	2.133078246214098	0.10547279356393761	0.35472917301458284	-0.2086963027104517	0.8243637764128251	0.7215613325336322	0.631825007849392	-0.15034176360374213	0.3454160728826289	-0.6096704918582819	-0.9913492404567371	1.095935434450015	0.5283933966232667	-0.2953080741125513	-1.314049700921131	-0.25292483454197995	0.20643052630398204	0.00455458300149131	-0.2848002961075812	0.29735455827242013	-0.5031834844478476	0.06024715826151457	0.23392395289814286	0.30665213131094315	-0.45141792140108344	0.9427133834562044	-0.9519732239272322	0.4788813454158707	0.4012110783255378	-0.2869608817686021
DTXSID4020115	17.94936559831339	-0.7038873633765658	-9.898388277690668	-0.7748461318587512	6.91162689271137	0.1472881124248327	-3.7546417994717864	-4.77600935707003	1.9522080438277976	2.69909432284418	5.4193092578082425	-0.49284541037203383	1.9281498846970664	0.09573633156026147	-1.741296067767721	-7.546788239440913	-3.928752924693269	-4.341929647171174	-0.5050113522461271	3.9927006554263387	-4.082136000311653	2.185579255194522	1.0168212984890557	0.43966246485480825	2.527684206256878	-3.824238346692841	-2.1757076440255747	3.621719389388369	-0.1984036410934756	-8.726536947269599	-9.235960473175556	-0.3205891256328313	-4.4208363103047885	-3.4531171559820706	6.797649312930173	-1.4796108210437013	-1.633404989428457	-1.7722140680840441	-0.3698316440873376	-2.352356828163963	-0.1894728272588119	-1.2341022527887924	1.1681005296235305	-2.2207383368133176	-3.4540992008301616	-0.7374220699796463	3.1749398267381026	1.6938683492106126	0.6081513198400273	3.994609771997054	-2.9074480564454515	4.067097967138387	-0.6377524530798612	-1.9754626614768933	-1.1838647925455723	-0.33002814422289	-0.018859007938147754	-0.2970580866506002	-0.3864237783424993	-1.6416879547138592	1.0998150641673563	2.0890287677151096	0.2867671249780921	-2.6423207678930547	-2.2041931009502562	2.006814259150016	-2.1472968295419297	-4.206042614806742	-0.8584712159242537	0.12272030708731836	1.1581225472963728	1.7247244697591622	0.6149337812332697	-0.6132642653345555	-2.823643629434129	-1.4559855406841005	-0.31753589911667945	-0.3290261381200822	3.663927743331569	-2.4675066114213755	1.057417069449278	-0.3938288371381084	-5.503866076435168	-1.4181595587456586	-1.3797115368879493	3.5007021865872114	-1.0341421959832315	-0.48057826065549897	0.7218654562354947	2.6497351630813566	1.1399607756040517	1.7500588088256397	-2.844962452772166	0.8800952611154021	0.8001314227618246	-1.5413170324931682	-0.6356269824356893	-1.9740159888555782	0.36002863010092323	-0.5653667191815562
DTXSID4049082	9.422151770794247	-6.534439334242558	-2.136336030624345	2.0161414401635462	-2.372611148579722	1.8652229700618175	8.243198982109728	8.176487501669742	0.7648174837896281	2.521853126276738	1.7974939371114576	3.2843208718325387	-0.8507760604388401	-1.2456647382330788	-1.8002999151803585	-2.026698913075911	1.2788492231053643	2.107131445866777	3.912247014136152	-1.1841344782459629	3.2472303241898386	2.668689502809715	3.94657113356165	-3.005095241803125	2.757388664022881	0.082587984643265	2.687938298541973	1.1558606882523927	-1.751859237371078	0.386464358471748	2.6106898390968634	1.7371470353932545	-1.385741841016542	1.193524227772796	0.302638116824999	2.943003551507276	0.806956539064908	-1.0437146334109617	-0.1653373408838696	-0.22442387222971938	-0.7379099618001335	2.5397742232324694	1.2669978760024596	-0.0932632032997934	-0.5738069384451251	0.38382907936482047	1.5622274771846203	0.637763396095549	-0.743725426399571	-2.119195182223786	-0.4711055069657071	-0.8467849625484299	1.896984899226791	-1.641898987325674	-0.02309186917872982	-0.47255153866014576	0.9108878752349899	0.046307883234580134	1.8464192783292759	-0.3747019069034293	-0.7780286805276557	-3.8398421439161186	-1.4949287311706367	0.8674975971184453	-0.43736753807134954	-1.861388482885178	-2.0902502714834275	1.1978032007432104	-5.140163724679934	-1.6399814677176998	-2.3697514123190953	1.9557884879475824	4.004817397703306	-3.2075767973444513	1.6263023602723048	0.4456899117952264	-4.206466296396629	0.6280177859474858	-0.12216746924937771	-2.798335906848743	0.307399460643196	-2.297101076955162	1.4566608068034055	-4.489013155872896	-2.5190617290165602	3.544176825394956	-0.46536199757763225	0.30677333978125515	0.3667628556802868	-0.6281715659832307	2.6089626799864996	-0.8830413754038052	1.0827568161091212	0.19550898605534264	0.3852163987264546	3.39630717217216	-1.5638190773047276	0.6714088890352645	1.7658406439803036	1.4223313466133065
DTXSID1046689	0.567314548772845	-3.7867380931627865	0.23927498258601232	1.3166678090800104	-0.6092425199356503	2.230704586593284	0.4690770807523354	7.933949437092141	2.5167653141704367	-1.3166251817827992	3.062708845179978	2.9587850717147175	-1.7169907971847653	1.9957766289366443	-1.629181189123042	0.9475964431399124	1.7986998873118172	-0.9659958583186135	1.3338187363382785	-0.3843092998950339	-0.13149277196866152	-0.11918685985742161	0.6977061206393437	-0.8391390381223828	0.634299297301394	0.45555067688923684	1.1986655511046986	0.1723628562085061	-0.7551286916848832	-0.2556550449691796	-0.6828037865730135	0.17949892347955412	0.21933252821972826	-0.07816774100445374	0.2640958181670846	0.45744625991899196	-1.376216436794012	-1.131768766652266	-0.5269420751418064	0.03874836720920457	-0.43318165068890413	-0.29616044192739277	0.9266466673921583	1.1759405313402578	-0.17221037364995273	0.3840941592513854	-0.14563209428984775	-0.4634339956193067	-0.35386912284566785	-1.1111195319120466	0.17876491718489423	0.34038871149523997	0.024149466928076072	-0.23726379793042288	0.6539959151815088	-0.8497082730190141	0.9011579943795505	0.38786594147760345	1.4689748607719746	-0.31462740361710956	-0.19723978841529002	0.006632582528914085	-0.38669849882737994	1.4974100882035775	-0.9413847067638955	-0.21850167098206955	-0.6317611895838676	0.9533497254742281	-0.5764281099509111	-0.6343429937213166	-0.1379176215492934	-0.18849101682657782	0.2911297970676241	0.48517517247200564	-1.188849191474882	-0.012009341229018554	-0.5517105599962422	-0.2522644288365441	0.5071436524308779	-0.391813630316996	-0.19100225189607176	-0.08903287904579117	0.09665635030186538	0.4307997194050342	0.12062505206474093	0.0556822228964501	0.1452151406011623	-0.11393872451896951	0.382547104886689	-0.7556188457389381	0.23669946962886254	0.1318206904544533	0.013452363814123607	0.21502886926273837	0.32433401703023135	-0.1454788426611879	-0.16244096245590717	0.17643282206135147	0.4544808966147299	0.23019214184871437
DTXSID3022326	22.523932811946377	-6.572151834452091	2.74943030835145	18.415820304186887	1.5841430990182295	-10.519882592961661	2.9319216783512703	3.394459008417775	-3.470344409000738	-1.9560982119102985	-0.9487774817460481	2.6232943045753347	-2.218719903746721	-3.4827835776850193	-4.236285562205137	3.895867857755233	2.5746520864014677	-5.335556746377911	-3.4828331200577622	-3.273356053314345	-5.813179294705156	5.4881716753899585	2.1331708058955625	1.4064449095869718	-0.12265527915811729	3.239378063580019	-4.337054483776486	-5.174328274047202	-4.078421472420899	0.035357016821723014	-0.1651679304946518	-4.510631689147114	1.0937703016957192	-2.895361121462401	0.15066406672605898	0.769000013177359	-0.7687141474808458	-0.9873469571393559	0.9792389547756288	-3.1471751631346305	0.3557459404154626	0.5732570253402143	1.326529870689751	-1.7920832298538187	-0.8778072204349373	2.6179785488039133	-4.723065499631611	2.2269956873065615	4.979426192099452	-0.818977474070914	-2.008596153346737	1.2183351279167791	-2.0127528502070247	-1.3623265868804837	-1.9462386711345598	-5.604869859661496	-3.014195604801789	-1.17408360147413	2.2822760249199554	3.147430611792314	-0.09906672359091788	-1.2145810291599237	-0.825890150544484	-3.5403762102324845	1.8890688171207803	2.727558079514694	0.8097263964814155	-2.235074654924364	6.526316426654486	-1.0002462203618365	2.1515916566306212	-1.362288678515632	2.162767293048151	-0.8631156874639575	-2.052166359142558	-2.076251864205599	0.8277132289393975	0.5027259961212304	0.2306774992528962	1.4376521845020587	-1.0979302887555344	-2.661133450076961	-2.616978838309305	-0.9176068005800048	-0.7381096917691985	-0.5222784741255744	-0.883256131796026	0.18679572959961324	-1.6144672377154878	-0.6588179204477326	1.4345497114548291	2.5653359308464783	-0.9250274094833432	2.033130251170095	0.9517470437030885	1.558397780881641	0.23251555344496186	2.116570647752454	0.39760310455089265	-0.562624470881843
DTXSID3057856	-4.225289783108863	0.16978729169642642	-4.936188419560094	1.3288188406300614	3.1605947878693565	0.5665903906215928	1.5912622996518266	0.7322352450354304	1.999772920750139	1.647394873496807	4.042436048114034	1.9505576748250983	0.8347494906309462	1.3119290001448358	0.28778063643775564	-0.6382412480767976	2.8677104667083255	-3.0209019397163197	0.6794621133083258	-0.7006365817006176	-0.11597814690288684	0.32344346055529816	2.952827249315103	-1.1076831615050586	0.6165912123206763	1.8382780935305099	0.03322525401568092	0.20321096065278477	-1.4087550393819988	-0.5326452678081186	1.9829526463684135	1.1838115050074456	0.08100198099315432	1.1602479946076576	0.5490804561177768	0.1975104117913042	-0.6610810493482804	-0.19054891945236346	-0.4908359691340788	0.2817791280302613	0.2583894935961557	0.32541200451916263	0.02540921344322467	0.8285997169147208	0.88988907183093	-0.4463741478949258	-1.6607378627409874	-0.3071473362408117	-0.37125223770863636	-0.9462633961145651	0.025770536615290288	-0.41814853589347734	-0.8989331187734956	-1.3346341564746442	-0.1314653193152177	-1.5312937321635889	0.7431823505273297	0.8710568076552523	1.3750362863408883	-0.89551525687437	-0.6425097801764414	-1.0066287267575602	0.46344016056478826	2.3137693371796004	-0.06606421016061591	-0.5206495125662445	0.8612681032287804	1.6969144292718426	-0.8514547660100211	0.16059604859196808	-0.5480624875576116	-0.06982087564536478	1.1075361612796104	1.080176853077152	-1.1223140913017213	0.5323180913467376	0.6153416921635734	1.1124071469646009	-0.20195261610077397	-1.2347334867130042	0.3008630467703052	0.5493422421696349	-0.4230132980848321	-0.8375736050185255	0.5726161475073556	-1.2134859445546673	-0.7590541075989167	1.319296889402121	0.3068984084708447	-0.9604630982133506	-1.0293575762538782	0.9690791555551863	-0.6828449391371197	0.30227424048366897	-0.26803144935699347	-0.22784786597217957	-0.23173085913027242	-1.1459555058593254	0.20933515716027282	1.315266198367022
DTXSID2029662	4.123141588395018	3.92923709934899	-4.705161250814206	-6.019541954207912	10.570661968498088	-0.469242912464458	-2.9221429434232826	-2.0732158984362257	-1.1987626689574646	1.946330808691853	-2.7888534093481785	0.3985061665976238	-1.1955473423222704	-1.866814352342064	0.4680315914521344	-3.093672153454099	2.2035109700980318	-2.9697709460122668	1.4907077075522224	-0.498524107639975	1.0335000066456468	-0.19689741127241056	-0.5300288447219181	1.9269952209253625	0.6624150466383331	-2.9853459443278747	-2.440989245383224	4.024068467531938	-0.03389590073478469	-4.33421047002204	-6.454099821298488	-1.447309499742627	-2.646584659375111	-4.2063036320642615	5.551322032106851	1.6557769199713326	-3.098720910874578	-3.037416803820467	-1.2644743537277523	-0.24039602899752432	0.6334007955701881	1.343915039623927	-0.1426710784773899	1.3145192680726656	-3.148648283490017	-0.5750021288306448	3.615383950101556	1.7997244588511618	-1.308063158883677	1.4227695368198126	-1.0437152186850118	3.041434509742039	2.0206126403590856	0.1726590111872177	-0.29203441034017247	-0.6413101948769206	0.48971602015460153	0.26249913940978553	0.4196153485029876	-1.3078964702344404	0.07328725164643705	1.1051212016407868	0.31472578957294683	0.03604418964146559	-0.3071831409116483	2.957008768251737	-3.482041600232271	-5.241482386825731	-2.869592292375421	0.3097293212935978	1.6263096088391187	0.07789164422334283	-0.09693677910561525	-2.7065921156505066	-0.82109093890494	0.5063800331369008	0.8469205431636884	1.129450028094238	0.8054912043500405	-1.541223106252294	1.411976466352928	-1.476264119863969	-2.741432655803215	1.5726318553698853	-0.43655789209481216	1.420980200062514	0.477733675032541	-0.6169770686876296	2.4403152175708827	-0.07633941112250231	-1.578049047065799	1.487623093868139	0.6180545305920883	-0.7353093525019536	0.11516529513384816	-0.4838663572427265	0.03837354376018781	-0.8641228007134828	-0.5235433000383791	0.8308455001408102
DTXSID7046384	8.385685213227593	-2.2508422276549735	-4.537066437106823	1.696812870632717	-0.5768673339263246	3.9565181070234683	11.044075829299437	2.661789168637645	-0.6243486916041459	5.635672034095445	2.3501525071838025	1.3807897649216154	1.1950669550920496	0.5786300838159295	-0.16040733737635826	0.4285028466633291	-0.6771905651596666	-3.3240835005843814	1.8293731358022074	-0.8594318863020274	-0.9059864177961355	-1.5772542548892443	3.8053908795467	-1.5949061313324737	-1.287635640773604	2.0794538338020954	2.773144788848403	0.09513048502748031	-1.0808459190483255	2.4491129813493697	5.059398027226677	-0.7122807088863015	-0.651371720148414	4.635750232635322	4.615778094683247	1.574205432270473	-0.7957615307483572	2.1301092909141683	-2.4928583431941767	2.8924503392382928	-2.5767433707216103	-0.8029431050109193	-0.7256992781937237	-2.117819533724282	-4.7169585174019195	0.18230471383652178	0.29841149012617724	0.3495108891401152	-1.1938757983853272	4.413463869749074	0.5864872130289913	-0.2877293776012365	0.9585314590467082	1.3267896555735241	-0.8617468879434882	1.2950772094558944	-0.19766408161774757	2.120084918242928	-2.195571884005591	1.2633814157172818	1.6569652119071494	-2.219816375653499	-0.10760681626448827	-1.8148645309834186	-0.8694407383018145	-2.9631652754667344	-0.18712324370175154	-0.23448350300731066	-0.7234304408676905	0.6555686138887854	-1.2274250128512594	-1.1974317752463246	-1.2386048672329715	-2.0272911390553396	0.5779225169629911	-0.0030862810078584025	-2.1745853310693035	1.428143831845061	0.2992950173025687	-1.8153242646369474	1.1720379161087195	-1.435781732883095	1.0379779001230272	-3.0181324075339324	-2.5937900577456574	1.3755021199976283	-1.0767891820631614	-1.5303250318623178	-0.565145805303551	-0.16605263414748755	1.5551396028824491	-1.2049940722816341	1.0785311267821052	-0.10528288614322208	0.5522456989450627	3.103081950510128	-1.5954466483514211	-0.6666864150833741	0.5211445369598868	2.0890862079724886
DTXSID2028010	-0.47207428549246966	0.07432165563544607	-6.834174728566929	5.150755608783669	2.0055114625890127	1.3835388055366418	-1.325702356874849	-2.7356441061898997	1.988292083518318	-0.23274673382539993	3.4448172652042937	1.1378723918703326	3.974495527347981	0.652758084273957	-0.5457806764241397	0.7637078009005166	-0.29317855217632177	0.8235353864568992	-1.7937221105755075	1.8650987360455256	-1.7346030968550232	0.7874497393539821	-0.21340586706574172	-1.1003833023919614	2.6237993116034586	-1.6329135255300053	2.3010366410112337	0.5680419629711897	0.5046550163324416	-2.642731942465314	0.890333068936835	0.18691300055365237	-0.8022024568635344	0.5769158401321038	0.26336845807162806	-0.4792867976498098	1.2323864813196144	-0.29060274653155244	0.08679679084393006	-0.5015601170052342	0.7387487259340123	0.6669110112190973	0.30562635655488724	0.03975363094430999	0.8698211527395704	-1.0169405090657824	0.5596525184611223	-0.5060983939983246	-0.05858748342517386	0.23527478221185422	-1.1043675011521517	1.49042903055481	-0.2384291658586953	-0.1707842376233634	-0.0654407559574539	0.3873963769901272	0.4488187985865724	0.4003658276597045	-1.833398548674747	0.5344204539700698	0.8050912586986607	1.425852340180319	0.3237975403965202	-1.1024284559582855	-0.8363932274894319	-1.6119689970528617	-1.0372003565551455	0.21555236162856722	0.05225336133564898	0.453414259545939	-0.5798569770735875	-0.10943032812862025	0.09542618203329464	-0.9320584527261259	0.4958287442138093	-0.5895337847732443	1.7371214524553569	-0.6337629686786583	0.7663490022221457	0.5281497486520115	-0.8422310866459749	-0.9877966029097976	-0.1270213355225864	-0.9425703170480275	0.8855865860422495	-0.1322763824420127	-1.4809527290721227	0.8373901743917085	-0.6009492690794374	0.433447810200541	0.6327141401032758	0.5108950735684264	-0.7617782998378535	0.20060875128809705	-0.5740639760417194	0.9018809898668051	-0.17744682913030788	-0.46406037418678314	0.7015974774972015	0.20509675825814075
DTXSID4044587	-4.436787252676324	0.2790059637678792	0.03939435651754635	-1.1314224716905052	-0.8823571977533538	-0.18524600143928727	0.7653890993985072	0.15590642803104288	1.267482592740139	-0.6297024224948936	-0.32207607530642335	1.988329507363582	0.8061108848949265	0.7989659592003912	3.249538597130242	1.2849492296880525	-2.2038999023317416	-0.38341816815180857	-0.7944841213511447	-2.387405142833834	0.8696940918795094	0.6675252567078481	1.372618209173753	-1.8950727548155264	-0.7525806366711901	-0.49433199424810725	0.19123760710616747	1.3490105395749978	-0.3690756569697023	0.4449292896141206	-0.45957102228522595	0.39755741393544836	-1.1893753514482424	0.7179488037699662	-0.014361390961101056	0.4797909538412462	-0.9477761664659565	0.8934279377042139	-0.7076387054723378	-0.5987407143936816	0.24862603702915412	-0.26824817163665365	-0.08178491574810653	-0.561735755894481	1.179100173627107	0.6195261992336901	0.16098274549784516	-0.42571336447495534	-0.6180540961850629	0.39551420566230094	0.8777875056771156	-1.2710231139371786	-0.3705656906496763	0.32733611859723705	-0.5445668611826606	0.40902427675195824	-0.42292591420943465	-1.2292571377544232	1.2726729981561173	0.8511268656142272	-0.9671627451972612	0.5669574411923411	1.1229281487124692	-0.27666517440771304	0.7268172967636525	-0.44243367342350715	-0.25143176623347385	-0.5628533489638822	-0.0636530652449387	0.6964251471722813	0.06804604533217748	-0.0540596340787637	0.42360253023475947	1.2976741334365087	0.9727953797943528	-0.67261025864485	0.10761085448291546	0.1650307154541932	0.4393636129706553	0.8067540570638186	-0.5293563851339038	-0.26294167574571675	0.12845532677025473	-0.2236722596554002	-0.1363642213349868	0.26602954911944315	-0.005144614999025688	-0.1618688274613391	0.2672427901960047	0.10405872979090465	0.3351897739630732	0.5396525583911002	0.23039208981839784	0.590106050870801	-0.4280333371459682	-0.10133279695742373	-0.6711305128229454	-0.5211431905287588	-0.05493030638379663	0.397759273429364
DTXSID0052043	-4.226308806102851	1.865886113219349	-4.898992435518553	-1.3120699888081018	-0.08277148905885921	0.38596358812283244	2.76278434601427	1.289694126740833	-1.1031577571414173	2.5429260638424878	0.6002441072228513	0.24799100638989613	-0.0156779396254951	1.7270531940955343	-0.33811352111770887	0.08749858192169073	-0.4502720216067472	-4.353022326187947	0.5513782605444701	-0.38585100987061743	-2.6163166518192384	-0.29505265131317315	1.6275733688790004	-0.33757827337234736	0.5638660147487118	4.067139908289197	1.8813169956236404	-2.5431064931699296	-1.766707075383272	0.8698092221954652	5.099570131435735	0.13918872748533798	-1.23988874844139	2.956165723366145	3.297430869374593	0.43408738254370555	0.08120846554301081	1.9460163671031812	-1.066439627478805	2.4596730025918156	-3.2879649784648732	-1.8550824608910752	-0.48664215738148187	-1.8437523294928015	-4.5690891685936466	-0.2731447758685863	0.7835253433308438	1.3965160693316168	-1.8591120926853246	4.202480634112481	1.4283134352353168	0.11770127263875646	0.8417421728417505	2.59456004351848	-1.849300600122069	1.0799391073464868	-1.1888100238558807	-0.8961760768056038	-0.5849676101118664	2.6621916828542704	0.9865373747765667	-0.5358273818027992	0.14193664055804403	-2.1590419988164893	0.39838337665914025	-1.2371317061206448	-0.6485716273688749	-0.26817866945460234	1.5897727323114896	0.5374183206487978	1.3211001629502646	-1.0028624191269735	0.05603754999475629	-0.21640208444736858	1.179546467961055	1.4666927252965354	0.4113411927569147	-1.0036064580493678	-0.004274784862690112	0.20550736634106448	0.2734779807840108	0.4421331665462909	0.2636661443626565	0.03121924736371786	-0.4434588861397382	-0.12244967036699224	0.09991672882883142	0.6441528048632026	-0.8818812030529058	0.6708296064472824	0.35517856189334573	0.21776966849968585	-0.046852074561284214	-0.5758444195963105	-0.04074303583036086	-0.5483532321262394	-1.0924661180473338	-0.4242867638516059	-0.6776619142357037	0.5586937508017633
DTXSID4048644	14.498263553912745	-6.363932871264212	0.19031007277356418	2.323036814911021	-0.4089158134437487	-2.182441709046869	-0.7119050000052151	1.4106612615143064	0.3318143559089701	-4.862391249642718	-2.3804739677425797	-2.1927673247062263	-1.884554149810386	1.0692920316044756	0.21356702141267506	-0.5441628061164315	-1.7226797488550398	-1.989601483460156	2.4265305919372784	2.4013655965087	0.6530517830999353	0.01690450095826621	-0.8729197251838987	-2.4159117458860626	3.6709171265572516	1.9910539158949643	1.9459636693947193	3.2958600361434187	0.8954957210768097	-0.631622193089037	-0.7844497611292961	-0.4231167602247552	-1.039017019628098	2.7784707444302863	1.8560176451603467	1.405050816970707	8.48204027760451	-0.23277713057620514	-3.183582303264338	-0.474775588403534	-0.4329515790947762	-2.202536137549509	-1.4582981243317903	5.41292536518601	-2.7892500443838193	2.4228551298902006	-2.8544260362003078	2.935623396707934	4.086501969773808	-1.3605237671487562	1.2534080532551937	-1.2635830708392861	-2.7874133177666867	0.025998655411544117	2.3281894537312735	-0.6098444876215379	1.1612337876070635	-1.0098710738372587	-0.660020308733871	0.8915644077988817	-0.7087945409365607	3.0663694227565412	-0.3495564048306117	-0.8719843175690873	0.5227923442610691	0.2666490770785326	0.7452378527363145	0.4144702063276359	-0.8350469304214264	2.607946909585035	-1.526617583622406	0.05877246623611965	-0.7131999683348555	-1.2627628743954389	-1.0551350580745664	-0.2168095288248337	-1.195982741513129	0.029427626432836487	0.5873017393766291	0.7161620758177084	1.3535246905485734	-0.7653665918858	-0.3528833375906279	-0.2980978334567972	1.2119836737339016	-1.0367530894227246	0.11616104838555046	1.2245962868756497	0.1426144624419128	-0.1314875325493714	-0.29856031095819097	-0.21591041719919443	0.4052516723788522	1.2345403112778675	0.28319349984607106	0.40011075313341166	-0.20509926972888776	0.6677595866847742	-2.265476933402099	0.5153220028098229
DTXSID6021086	-1.8330435038894615	-0.5490816367595742	-6.971314686102189	2.876234087581212	-0.7374074343074106	2.459573146993753	2.500092801810617	0.30510042846710267	-0.09178752869839422	-1.58514090518439	0.49837748146013733	-1.8312328134354086	2.829039314218055	0.1989069506802864	1.1417354474470514	-1.209022973372737	-0.836567678072141	-1.2530403723126424	-2.103397413043238	-3.4580091489036797	1.4022416332131429	-1.5398285226777424	-1.7524408581821993	-0.0896408828312762	2.2173120078959747	0.21105580285628364	-3.0370045850385976	0.571805370426092	2.134499915705321	-1.155306274877203	1.153212459844809	0.009266357585699426	0.3859654445993884	2.887103115630346	-2.6711019079468232	0.3782749400173121	-1.1311589613007291	-2.954875947779033	2.6813307912921935	0.2381383952537283	-1.4592484929880754	0.45214525798577815	1.1980168224312813	0.7945386794585513	-1.65614080423592	-0.3345140772312289	0.35844486383210805	2.3830074760933733	0.5095041037803578	1.8676130163050422	-1.31801145560267	-1.375113552697831	0.44528685383328565	0.35985799399723195	1.0316917241447674	0.46996594180796136	0.08439782346646364	0.6451412367380008	-0.5426453260529371	-0.6092188771092962	-0.3052249713079679	-0.5302162886867519	-1.587238193936985	0.2820539523128296	-0.3546126951666998	-0.1193793621268086	0.11761000077107049	-0.002303625302102372	0.5053610846226085	-0.8117208703791331	-0.4140085437091628	-1.3232071682209026	-0.31588359838043006	-0.583417980126632	0.6416021055122227	-0.06707043663886085	0.14236838819689557	0.43925406212374707	-0.2039141376471674	0.047641221389223956	-0.5075976371283863	0.32701876245168787	-0.4121555356729423	-0.09305790759754608	0.48187111686660455	-0.1461553770117102	0.340501912943344	-0.40035679287494264	-0.26947652930402244	0.11836442240955918	-0.07083995478790577	0.4528346998030961	-0.0892982369564166	-0.22865423869382268	0.055668355087263297	-0.06210713792240494	-0.1389968434159315	0.08445971138385597	0.23331824660739311	-0.025835097753697654
DTXSID3020463	-7.279903750393212	2.765658475606905	-3.698716303974804	1.2034647537992853	-0.3224406813250822	1.2551794716730391	1.9378071927961351	-0.6948397925158221	-0.02736391924908628	-0.9414379228712024	0.25564069492919556	0.21845637367727394	1.092672304404501	0.06735919604616056	-0.4465066000000674	-0.28121554708349533	-0.5751579419814912	-0.3372607660933675	-0.22556328572020445	-0.5020402210942784	-0.20978851999089393	-0.6536076863373123	-0.45897911613550346	-0.21496033152537747	-0.08336320913430621	-0.4763368256821529	0.6097128564244727	0.1541573375908898	-0.6853554155988866	-0.4596875181894976	0.3703520334430775	0.6412643291128598	-0.20260448928492072	0.9488849631124248	0.0826247579979163	-0.15874876457907275	0.3440721039398236	0.730101770169063	-0.2814202757557777	-0.15093665630714978	0.02967705961262418	0.30092140322310396	-0.29090191909559576	-0.5080674211503676	0.4593206826594102	0.0249744183926219	-0.4678317502701782	0.25553129284746473	0.1160863195657504	-0.029208039623647434	0.3605246793510618	-0.2949545653780669	-0.40875922507532364	-0.022523867069106234	-0.40057598057054	-0.1585311952152781	-0.3424327248941035	-0.09426911300708021	-0.13970859256504803	-0.47584759989353653	0.39051223155177184	-0.5844418746383127	-0.834885930631437	-0.11455591891554265	-0.1118723361318303	-0.2623391482771619	-0.2813434367716805	0.6426860366183044	0.8542879097942878	0.19072684879283894	-0.5668044844216789	-0.5486602719039952	-0.12768431118642445	-0.16810017287324228	0.6951502933273711	-0.02481400181077794	0.051315935585511466	0.23805450936917918	-0.6577304177401944	-0.366751663881327	-0.16717433066698942	0.005066330136103461	-0.3583728236272784	-0.6794363274953301	0.24642584052759592	-0.2613871642942622	0.11257924144393737	-1.0505014122477345	-0.3067967054947693	-0.18825460061339314	-0.10373884676631477	1.1787885737440305	-0.30689635866939624	0.38064886301185596	-0.5722066473700473	-0.024007256053620113	-0.29271620184187747	0.3662188061129889	-0.18337045579655611	0.10095685061333087
DTXSID6046135	-4.601055741814442	1.1759839144197515	-0.842958922733765	0.4216546187975576	-0.9229577048173918	1.4882341714832596	1.220947901268328	-0.7358465687739517	-0.06394942090373683	-1.619754300779244	0.3576925972081131	-0.6298393266478377	1.8086300296032307	-0.3133489089800311	0.3868986941819605	-0.21305417383565445	-0.44614876886699534	0.8690181608030163	-0.14537360510272612	-0.16373593319981752	-0.31385664156042337	-0.09891219058983075	-0.6923388052536797	0.003613598827995642	-0.4162484582277254	-0.752611524558503	0.178093530678783	-0.161716236342105	-0.9750329583351436	0.7607628399988154	-0.04560536041218343	0.10007073224415557	-0.1799808451279346	-0.24207828270299453	-0.24635023455287863	0.05719634560492877	0.6647294769038464	0.8606316118362698	0.5473675822966577	0.1277642455959757	-0.15775473798296646	-0.5208925744938688	-0.7485583170394523	0.14423032862981547	-0.10713645697796563	-0.7223765209859089	-0.03919539690953784	-0.19953894485003362	0.7536489216720672	0.20679462539642018	-0.16751462301009248	-0.42752601061101037	-0.5971306349128979	0.8425059345154353	-0.5814473316063772	0.18696500309971298	-0.5800206960896589	0.29320801978878575	-0.16020642120609832	-1.127444795578361	0.062324976780562924	0.2175107688298561	0.13355952841465857	0.8396474127533622	-0.30181305787808166	-0.26400277506988046	0.37420863175486074	-0.5321151481423565	0.6467246740086181	0.1477716342408242	0.4087623345205054	-0.29056244749354615	-0.3754318013396755	-0.11745587909257511	0.2700774644514612	0.30138197756669793	0.02109613380236396	-0.3053109483390435	-0.6897260248485946	0.09246739249165498	0.08111079479060439	-0.5773923375335592	-0.4007581430207133	-0.5120440919308619	0.558759818723965	-0.1860282838021217	0.18034787115442658	-0.21108263377312214	0.28986465913791126	-0.3330799770915221	0.1499027586505207	0.05971864605043693	-0.03124043477205074	0.8869985274361502	-0.434817162767256	0.3178100577203892	0.09289650289900274	0.6317989787350248	0.4433029799279559	0.05503536274299906
DTXSID1027342	-7.2972577957759	0.0313223745592824	-1.2139349687023806	0.9536064837729862	0.8705330285746063	0.031966316178911054	-1.8211598453374174	-0.35432089105182674	-0.2437487816898863	0.6770919740346799	0.718378045004911	0.2057445658888078	3.1245895556072756	-1.2564024075959972	0.6463239328809902	0.502951362433966	-1.0881121374410776	-0.9261475777549548	1.0064690526728541	1.44081266993705	-1.1610385185790966	1.0420200078998758	-0.4377964373922545	-0.26626963527397574	0.8280122861804792	-0.9563865192426535	1.0851931843763913	0.17557647183074676	0.4626159219574678	-1.1994864788894308	0.5643013432514782	0.5258345074386073	-1.3825138061874622	-0.5044442102691706	0.6295561069086134	1.071954431931131	-0.010853376423333191	0.9335796803348149	0.015051576361822578	-0.7482044048047525	0.5244820173212611	0.7239778988257933	-0.011648777278033014	0.018155559003780675	0.36751926607951957	-0.40276047273992355	0.5027685071366623	0.24508092283929925	0.5159558365618229	0.17234182892463995	-0.18885758435149932	-0.3239679360702374	-0.6424113502549532	0.605426271887715	0.48986107517995736	0.44343673505731923	0.5184088591781084	-0.48085653938433065	-2.0195313963275647	-0.5168220253612502	0.8215054018631562	-0.1021872075986882	-0.14672299431689267	-0.1304213528520404	0.03016250038508454	-0.30494829156443304	0.14702158249789218	-0.3674362888571017	-0.9737150707793554	0.5058692526051551	0.4789178233659351	-0.0946503836481817	0.3957283198015391	-0.23464814152171443	-0.8316370908060567	-0.1035292926359105	2.6540361707532014	-1.581655195207415	-0.758278844501785	0.5256659325778081	-0.6891463858597152	-1.2468649643361898	-0.5744376853633198	-0.657967921349157	0.8885908445034236	0.18117318070122393	-1.2350262705004686	-0.1828097142935308	0.40712408367179953	0.2729368732322376	0.1605667308590586	-0.01875054989664899	0.3614118605386158	-0.30389985818679854	-0.17908984593972485	0.6030373231093474	0.1892515937949022	0.31508878236823484	0.8548147363770816	0.5252859832968152
DTXSID0020236	0.17636035147047513	-0.8858235079583756	-5.775024997541746	8.620433378557841	6.376560813709939	-1.9717740580032916	-2.3397784638184764	-0.5092728338419581	-2.0924127737505325	-5.8841571141194295	-3.231984477083112	-2.3926509452802254	3.3015433942603534	7.7409977751083305	-1.1242927158124205	-0.0008906896987546655	-1.194553326429204	-0.7338692506489469	2.09844068909406	1.7306629235069384	-0.30221805442100147	0.9921895110442909	1.4444516752972298	-0.20380235120838683	-1.419065558198291	-1.0493806955561376	-0.9955805586728246	-0.6669212213410644	0.2042597815688578	-2.8015445936734937	3.821217628747471	-0.7243775455898982	-3.1983839154574514	-0.6491266939666527	0.2455935681202323	1.8352103896705256	-0.12480985794817022	2.581635761133502	-1.0761549343692058	-1.9018769193151717	1.3028159470111798	0.26019943214082847	-1.0095088190636068	-1.3528049758306344	0.7479112281511803	0.11707197484641454	-0.9179044278719299	-0.023843988665540813	0.23734147277653428	1.3056022153316542	-2.3929812681941485	-0.21126084161410924	-0.8620194038994202	-1.3062537287451683	-1.6880156432534883	0.09950997084904838	0.9954978443861272	0.5133809517318189	-0.2064364716319248	0.3311313023717604	-0.4638248596016013	-1.8085066118105675	0.920228738513364	0.5023621222307795	2.06584251278797	2.193028188335269	0.22255727888836624	-0.9284218022697737	1.9866105161176502	1.3212239826897991	-1.4098460374976605	-2.354285201345427	0.8053497172341842	-1.97284462129248	-1.5607877616501942	-0.10472112494889403	1.7772059260661395	-1.8960236656516019	0.5496203423355143	-0.3975442676226503	-0.8827832092811959	0.24292185026823762	0.6357796987285825	-1.5750405371413425	-0.09326880673866549	0.1621325726642196	0.26014786255674627	-1.1782457498901466	-0.8000924389441746	0.8677911587527903	0.3607800453159398	1.252011340966771	1.120197995380728	-0.1774482201965251	0.21668476270082307	0.7503357531581586	-0.5464535981014493	-0.05744007154526685	1.7277507327804311	0.09013280849195926
DTXSID6042490	-4.212169974274102	1.9288195427050971	-3.2790492002314133	-0.47100277632290855	2.684560681241566	-0.3331304850920712	-0.07732563025553937	0.2093136836010178	0.21524272281951734	0.7453642038399811	0.6069266174421915	0.6865169962533676	-0.5599306306068499	-0.5349298106844388	-1.6724433243071155	-0.9330569412814599	-1.2147680758996042	-0.44274236693525376	-0.3123499490164754	-0.3841099787105407	-0.9396574956292916	-0.534341652987236	-0.16982732784318386	-0.09937648274150022	-0.6673873969962771	-0.028305368583204475	0.4319360556836026	0.6920155212419323	-0.16169707100857908	-0.04312352262064725	0.25844164674007886	-0.11684925588208188	-0.5929304660737067	1.6934059915876207	0.6812943742962932	0.5747219390147703	-0.35431822200922153	0.8198292214251759	-0.621824632536533	-0.08040965704416851	0.467894209911405	0.6556852295297595	-0.31773718998117023	-1.195589515588649	0.6565619264252468	0.4204333288076309	-0.829075732620605	0.30373052134090023	-0.09847688659267664	-0.5047990788053297	0.3619574881690648	0.17489165175007695	-0.034828909979019634	-1.1326970735197373	-0.3302454315805582	-0.42677723807660073	-0.11915035668797472	-0.6609442041385265	-1.3268453958483455	-0.6491498172718044	-0.1031399049326141	-1.0215282992195684	-0.12001564788121784	-0.42950615188313107	0.6420733440977797	0.950766472203125	0.6586499367019164	0.2767490578790787	-0.8675917725314569	1.5689696668426447	-1.0997109763365849	0.12465851972994355	0.3859799541463303	0.8458530456262273	0.2175758294609366	0.2004212007294613	0.34577687279786395	0.35401152348781617	0.023642517541765256	-0.09671797756789717	-0.013749981638709786	0.8590234839152204	-0.8392668099893928	-0.6190445419869117	-0.04945849062394451	-0.1514920491359407	-0.5926125426421046	0.004354006311958531	-0.6331984465574908	-0.2867941230678601	-0.1501353633635666	0.3778176281259958	-0.43841133719652037	1.0160668952433332	-0.7210109208202449	-0.08831907577951774	-0.9880504034635776	-0.46633476125735507	-0.558489815277955	0.20325604659924698
DTXSID7045318	6.913071348874525	-1.7144012895450385	-0.35843784344319446	9.096206464847333	-0.6908953630590354	-5.230542881716216	1.6680464049725952	2.651746892532316	-1.080260254016649	-1.3475365358262508	-1.0327821310883987	1.7652901387445463	1.5016061545956698	-1.7640967194822585	-2.9631286379903727	1.9995055563038078	1.8438601550982925	-2.52450777957464	-0.49247746446592355	-1.4862567172066592	-3.057789707768085	4.07255584302419	1.843946588690749	0.5971716876086551	0.3007823131108219	1.7565254567935114	-2.8897029813341377	-2.6400586150108345	-1.7390371347876525	0.337025468288891	0.4458523881685696	-2.732123482997337	0.620144234571974	-1.477407943822398	0.19123693638221906	0.8873545352754493	-0.5571004814774108	-0.26255336251093686	0.4141642081714321	-2.1942900213076726	0.9898590263281981	0.009620887675897607	-0.08689718510090366	-0.38284674173997135	-0.1623414812306789	1.5985253397525565	-2.7266001522932837	1.1288105520284297	2.510418041880349	-0.34037891861538594	-1.492610010523629	0.47519394819077543	-1.2539375430538426	-0.7982062544585943	-1.014924217044133	-2.8103706677407247	-2.197092480539151	-0.8674655361948486	0.9411705415850669	2.4667184611182447	-0.37863559539207636	-0.753354538495374	-0.17269124754230875	-2.1647688577424833	1.7337076721337392	1.873660568933161	1.1090815872765347	-1.967810523404469	3.246045770240564	0.13331689507804373	0.636745445979174	-1.1045130242115482	2.2081920832077095	-0.2898260645518591	-2.3561138118722176	-0.2746660113424802	0.7922902992666949	-1.2172288694094957	0.08947129929297803	0.3829630512316949	-1.5115847372646036	-1.4177795998035327	-0.7794989401144525	-0.25183065530111	-0.880507054598509	-0.7242158608821293	-0.4507814460738158	0.12845991521983072	-0.374482604802273	-0.802263621982961	1.3858621586611908	1.7102588734465847	-0.11616353314244506	0.7070538371458716	-0.00418936658383561	1.283717242228007	-0.30391939367335424	1.039559502248345	0.4237298395999738	0.14177548366382067
DTXSID4060109	-5.30038383817304	0.08261147279001047	4.993658036133261	-2.20606233633728	0.3519961740144048	1.5777211633409391	-0.2393553102192631	-0.5349849716695777	-0.029739374132230142	0.5983831147990191	-0.36050250189044825	0.0018601042382609637	1.721774774751788	-0.9749823153042113	0.3507658815467146	0.4229850199983635	-0.5043283246986741	-0.0260527183893631	-0.5174897482632126	0.193567590172498	-0.20024976566162586	-0.5914286575396951	-0.44862037243194663	-0.7702345880326134	0.23353140158700636	-0.36324366239768213	-0.568621566365387	-0.24031471707776206	-0.08631089689216889	-0.12771105680815747	0.1007557056693636	0.8390686235644725	-0.4784597334064636	1.2626057000062292	0.7046645439276711	0.9019676880050439	0.06359867605961227	1.3230294679275252	-0.13449521225509808	-0.11024750078453657	0.5820102594089671	1.096311984550762	-0.5965289001523001	-1.0781994914708883	0.25509405709745814	0.5234554627427398	-0.16585439549515016	0.2876465787070275	-0.28551607235303555	0.3975835184587362	0.25482097435146933	-0.3124083564365529	-0.93101358035439	-0.1335493427340343	0.14949987471362733	-0.47054408880244925	0.418848710330711	0.6098293643917857	-1.3348216007671065	-0.6188684398397342	0.8151671499922815	-0.46231936557014247	0.4426531843946293	0.22320090543481208	0.7610459676220177	0.758929604055595	0.6301571553755148	-0.3410694939114758	0.3145742724924191	-0.6231296450906688	-0.7390103233325076	0.239551639554147	1.3454245835671292	0.0186461264035105	-0.6935943620270909	0.5099135632497919	0.2266938683456537	-0.42709019388366626	-0.9091484724402926	-0.1898255403050314	-0.6891040182422153	-0.03996651330477337	-0.2104341835206081	-0.26711726228021027	0.43320552442215315	-0.11616048055375953	0.7588633691299724	-0.46360205208211597	0.9866676796664302	0.44779537002336983	0.6935846422233533	-0.9273575290137035	-0.8885558345623963	0.32029087514034993	0.6318861313442843	0.49542296035018174	0.2643695153841466	0.6136210933436543	-0.10303180607272418	0.6753679170079477
DTXSID0032869	-5.585738218406378	-0.39280805081455583	-2.0620337469528076	2.651179423402017	-3.023835558459459	-0.043288999644761995	-0.3757678403338555	-1.6840788674337492	4.653561696509258	0.4804178467075484	-3.2686440452226617	-0.5513988131893612	-0.16350070211870588	-0.9254606142904976	1.4131744083540083	-0.3659976023100137	0.10261573011443251	-0.7831250824742871	-0.17123667769689752	2.0682288798423767	-0.21053509838034526	0.44549379205604017	-0.21385762004630526	0.3382503899440534	-0.9394812970704091	1.1401261644375262	0.21118852758253445	0.6876660543957841	-0.6967128892235858	-0.01647940684411393	0.004336673925088667	0.21303475732048763	-0.2721219408071711	1.030565176685498	-0.45944891600130566	0.15710412063982365	0.2545282605866031	0.289075180342176	0.040241954254952014	-0.1533587317688356	-0.33379717125606667	0.332532928523056	-0.336586359196607	-0.4799722040002393	0.31547744359608604	0.41932302049357945	-0.25292938979648566	0.3806206519880043	0.262243351460093	-0.4291420844392822	-0.5328609318904922	0.7242049711048021	-0.3207323365474451	0.39225715400329964	-0.8926254888874513	-0.524272240281762	0.3097297254864491	0.381757453045666	0.07456903182817416	0.02297432383285552	1.2265627560131662	-1.2884942882375694	-0.5039979861605853	-0.05248386496347476	0.32021497904842205	0.15480478016161303	-1.3097506154863665	-0.7817272758143179	0.8351541478425004	-0.1654782551649916	0.042983533868170366	0.5729685847540604	-0.8590329196015644	0.7176854021164275	0.3681063391720517	0.08297367251076389	0.2962885171176253	0.2738058712829813	-0.3075613074047552	0.5117742268697554	-0.4678156742869029	-0.39815592843937425	0.28896785455875246	-0.7421144841474433	0.5881485214157229	0.02656982947508256	0.21392077715676147	0.0716636205176575	0.24540955609412848	-0.3611887597408202	-0.25606101127638586	-0.012197022515832585	1.1361121367378266	0.029058302607158287	0.14743958508389898	-0.4539772674999166	0.4560301317907208	-0.2627670627391627	-0.04250443429920982	-0.630162917947461
DTXSID3022455	-2.73102522735537	-0.9021643334700471	-2.069984210695	1.766692309951092	0.7269350292036102	1.9271267988628569	0.7128627032153865	-2.834944078914862	1.4373991482870363	0.21245875547739015	2.5651997266863167	1.9918568294555676	2.0277222656186313	1.2513450722918154	-0.9438459329540327	-0.6495036155659542	2.078040086702351	-0.319488952420656	-0.8157410730599989	2.0202329148179654	-0.0472141017679115	0.42748717117084634	2.5706260365116234	-1.477650672861142	1.2469994288164834	0.5234996457128347	-0.9070778079314082	0.04684349832775764	-0.08237531950772366	-2.669829677494403	0.34827818768789154	1.2731587124005461	0.06665364887388753	0.508185575067613	0.45767347179659484	-1.0722900185030637	-0.2094518147141477	-0.6203911239577261	0.003612036528708105	-0.7115434676262788	0.3609240652829136	-0.814269372159656	-0.28061389697683575	0.5475157041967209	0.7958470866461459	-0.986690782945029	-0.5017643261537622	-0.9381992177074417	-0.7277579558449196	1.8889535909387247	-0.468489318984743	0.5920937363581026	-1.084535722955811	-0.3703796999832847	0.7653019094299589	-0.7951195671210596	0.23239427557906678	1.961189407555529	-0.2362522990865238	0.05493824952727412	-0.5507066587511249	-0.28179035658417695	0.6914315890695338	1.631808609729976	-0.7744868593149705	-0.34403351114862313	-0.35319917174513626	-0.1952861192320859	-0.15563431514790566	0.17993470861893415	-0.6782029098331632	0.7736692001850124	0.983675942573157	0.8490856598025853	-0.9993276935914701	-0.8784181566586492	-0.6645400952448879	-0.5720227707789654	0.48155043618794985	0.006085764005361901	-0.17691253927043743	0.742752190306812	0.31543353768078847	-0.469059818941281	0.2095110634585576	0.3395213456732762	0.45488546701707455	-0.019290703689461057	0.6123128019523264	-0.0795620488177729	0.5130409745621349	-0.12837002754384338	-0.20384704394837333	0.3159863238554004	-0.31385604999870675	-0.006977176177448473	-0.040350840124027794	0.06099261192686293	-0.2524123266504644	-0.019265395763751712
DTXSID4022789	0.14311912901065071	-1.1746665499262763	2.345415853769812	-2.6302984093444928	0.5370191469206635	0.041094632944852424	0.5363414878588459	0.09403705959944637	0.07574501226836912	-0.02313103413865347	-0.32437094783589737	-0.2292325265887846	1.9164890870604687	0.46472182036867987	-0.26153486880224464	-0.33201703557902695	1.116439244356615	-0.03133607735157279	-0.6129668227829225	-1.6484943509685717	-0.7766616532445411	0.7547652466857809	-0.8546485683527533	1.6766056568710828	-0.600128728807279	0.06568723445722384	-0.9493454423728052	-0.2414362081038618	-0.8755551283705543	0.5420149088006101	-0.5360998079029136	0.10097002615009847	-0.7641954172205461	0.6024360933647344	0.6309276658152458	0.4565287897825445	-0.46177010076165387	1.4424895942127958	-0.16707566538732282	0.10973589785363358	0.4356729127240979	-0.4064263585551464	-0.884520327094406	-0.8573350176783194	0.21591594359153765	0.575195584106936	-0.40748437089544326	-0.027518138096715564	-0.17975394048943752	0.4547042440810298	0.4867888862344705	-0.9975742282277842	0.24679488062041394	1.115245374206609	0.40084023262706747	-0.21242582786187916	0.03973810537374833	0.6765659174292549	0.02637775398252722	-1.2485213858034894	-0.1927768764180671	-0.8380642341216411	0.9126227763710127	0.7540722918876238	0.6083752471079421	1.2276846538540425	1.0804228839930605	-0.5387413089906751	-0.25028417156023014	-0.6407790026959755	-0.16385563699268577	-0.2951067600006676	0.5554903143908323	-0.06357349696965019	0.3296662400680929	-0.49506096683934214	0.32277420777575466	0.333584506674736	-0.9828662210525659	0.7190791683688046	-0.20760730423604803	-0.9610500994664157	0.3972421065039618	-0.8401593103154521	0.08507119105363893	-0.8647391667758403	-0.385626083666202	0.2759360795999925	-0.45622899387389304	-0.7441264421496231	-0.5125109762388009	-0.7798292529630863	0.06490679453469644	1.0852695839320465	-0.3204616319742723	-0.5774539024992372	0.25476171340154036	-0.382311738480773	-0.02517915974621901	0.1811445371850181
DTXSID1046180	9.702424483304904	-3.992641896573533	-1.8817924377779567	-0.4173602553794448	-1.4385970106117407	3.1657268684414066	6.0932705880041125	1.5051341103440679	-1.1775721238759136	4.407278626706174	-3.2802822534914786	5.06694780102405	1.4361570074535281	-1.3770771604263368	1.497268456148284	-2.75453372119169	-2.2516567399517426	-2.4170441941160843	2.6798618204888434	-0.02878951823837934	1.4019092212153836	-2.3095932416095315	-0.8878415464944324	0.507047161554925	-1.149605581168252	0.6498003338434105	1.578725548444243	1.1801803412623886	-1.6695326636839207	1.2134956690234493	-0.5141695797513745	0.4181521197933254	-1.141597011665953	2.2099941284941877	-0.28380800877138945	-1.2735336230944099	1.1827144251829382	1.838377401157874	-0.47439899152060155	1.4538522769007118	0.10034744189137094	1.7808339000271227	-0.9783683765977181	-0.9911404197034642	1.354324189595625	1.864410871274741	0.021306716228043046	0.4099989147499533	-0.7051255897738896	-0.022019078849048586	-0.6865098790609484	-2.638717246843264	0.4362283874703113	1.998310643550743	0.35635029456491496	1.2184049239151375	-0.8576694631792107	0.3417571016383595	0.7619296556299909	-1.172781163084911	0.8256106025236462	-0.6486170845029792	0.5085617260057773	-2.3311455973894577	1.2106031688870347	-1.688480662968267	-1.4581217261762551	-0.49287715684783173	-2.3579398727397565	-0.41085111357742976	0.05140209495647499	-0.9830394876546789	-0.7198556414722185	-0.40926274177298705	-1.751024408724654	-1.151623280400883	-0.9726382523230731	1.016313962478396	1.3274663135902989	-1.2674768749695453	2.3295219159517915	0.05319572923013633	1.6239745640538816	-4.870291499711602	-1.564263388008448	2.6272835274849218	-0.3619633230660878	-2.448121050612911	0.9141885419668883	-0.7808984120112454	2.204507687257226	-1.5002020765687547	1.3033839543671886	-1.1602442013754977	0.5002946847028891	2.7809085643719613	-0.25731668605706753	-0.3526585241550913	-0.5358847993569544	1.5420430735680495
DTXSID0047953	12.602663379312334	5.949612981963185	-1.8504601438226473	-9.124786218857116	18.401535906122856	1.5601648344915633	-0.7659667045885618	-2.548113590503942	0.049852342628446046	-0.4050155233802058	-4.803902896436998	2.7063194835332034	-6.259364653624356	-2.7702711752249143	-0.26340986110341863	4.52880492763291	3.6163823344727537	2.5410774079734435	0.14606679451087418	-1.3892602789917852	2.721983866310708	0.08775869984022516	-0.7444414409551873	0.3527267059884526	2.429907676963558	-1.30029837264871	-3.2897564657198863	3.6110103840229333	0.49067911028914846	2.0985710595374454	-0.20614603561744738	-2.3637076119051623	1.537850851841791	-2.3063947592209115	2.0260941209485375	2.0355761670358605	-0.15299638358002632	-1.689135980157645	-0.7732948615284955	0.40044122470084603	0.4669707909961265	0.02209078853734522	-1.2370292159346286	3.533462885740502	-1.138696196682894	-1.5919227893616754	3.6005368885372473	-0.5519427864271982	0.2544437763452871	-0.35986248075205635	0.9973320560101344	0.6680953966136314	1.6780259320489748	0.1865485658711324	-0.5552950290485202	1.2865599932282148	-0.8756584846028604	-0.6112204981577511	0.24562965459946318	0.31625373507902393	0.2962057507245254	1.1306559842459292	-0.43086881635973884	-0.17779786286499114	0.11499768913982036	-2.7846348867683393	-1.7729435366369672	1.2991033353477783	-1.7333155824376008	-1.8070553843041262	1.356216657488292	1.5928811323219882	-1.736960781981	-1.0799044701319636	-0.7007543425031844	-1.6269820240122275	2.3198579157795267	-0.6737055147728819	-0.06442137795744396	-0.08664563521058173	0.5335165961771332	1.434462785639494	-1.1728102703277885	-0.28297408663888374	0.5945035363449231	-1.217463826065286	-0.24078838438084504	-2.2674055429183575	0.9574702166586743	0.5260078765071584	-0.6789662025381002	-1.2287027836987834	-0.14246961116242962	0.5644952524487961	0.6207477147680909	-0.016880170409524487	-0.4125895245022796	0.7208796052801887	0.1790510429057266	0.379254270724924
DTXSID8046791	-4.3591664191578525	2.4911143059864336	1.829748994317266	0.26897009255993104	1.2240789090257655	-0.35602780213911905	1.1090592199012388	-1.0454979656073133	0.16144088367718973	-0.9559781715770672	0.252627709515308	0.3732019323895518	-1.332098422648754	-0.6592687718877216	0.569558279513315	-0.9029577494803209	-0.4488081485491373	0.7175209067632508	0.4674597343385076	-0.7083945783553163	-0.4798769937401694	0.543609723680362	-0.8213311165176957	0.8727159624125654	-0.407409488122422	0.3903325114334244	0.11916148511823758	-0.3756412186077313	0.05031686397268049	-0.5582379157318429	0.09369247817229955	-0.5683225381628563	0.5804839634688956	-0.4354402775154815	-0.3929634274464048	0.16638127326063484	-0.9110962624328771	0.4375617995947214	-0.8674304099563248	0.4843103836953363	-0.2719578009055698	-0.7338236247831251	-0.34303284445459303	0.7788147237263557	0.33130039998610045	0.42541663638760663	0.04835775320609125	-0.8320722201708561	0.3597727059919522	-0.43174982689684754	0.1413516468133991	0.05154020245620098	-0.2449839442824052	0.5339931389687625	-0.16184518689662047	0.4154477484116087	-0.06001180434918948	0.045381680604234934	0.33954185014374494	0.07201828183820903	0.44251474005430075	0.2729673928006367	0.33529201383769286	-0.07955830839807872	-0.12582200495650825	-0.06179422998438943	-0.36097982265060446	-0.006715986201239006	-0.11866623214099335	-0.45608015193867674	0.4310113911782101	-0.014575824809581904	-0.34181674827494696	-0.20759578481125843	0.23279376867127036	0.28114892514580164	-0.04558023824670234	0.0005304752032204022	-0.13067316491116437	0.2919583024332898	0.3905094285823798	-0.4116215352012796	-0.056149522290339156	0.0961157543235297	0.08623205659575234	0.03746968166457719	-0.06662378045853697	0.11612362042597493	-0.18135315329445353	-0.00921899642485868	0.0776456649418898	-0.22411178912859028	-0.28352984573115547	-0.026721874690164817	0.1986376792442751	0.13436233073912537	0.0024034180094003516	0.1251819911049237	-0.13129515813217119	-0.10764753089158728
DTXSID2046121	-0.45570959389548676	-3.143035853804173	0.24588240955258442	0.45022276995520655	-1.5419618159021906	-1.2332410053016107	0.59040101191457	1.2511698914963862	-1.2256801651118934	-3.962788451613718	-1.60829159351475	-2.4432756955860357	0.6180937636556705	4.057888244154723	-0.8563835934688357	-0.6008272746157324	0.1337405495891859	0.8259726423024059	3.6618976874164906	0.9246878985857249	2.120177823338989	0.7161675176024569	-1.1978828162593624	0.2216768670451204	0.8347043967708366	2.098154433251448	0.46391454821584965	3.8051547732361297	2.1288742996023533	-0.17707827065151507	-1.2149855617270249	0.2568230963733577	-2.3218674851041077	3.0223340154950695	2.2318396622739125	0.12054227698911223	5.983325120994502	-1.1060765741861265	-3.012531691792243	-0.4019114559488744	0.07455649156158788	-3.2121189411094133	-1.988781962553285	5.863300824166045	-1.5838765122091887	2.403383187934618	-2.8205887629679625	3.114685505462943	2.7505368657062523	-1.1423474106560485	2.702288337514112	-0.3511449409934388	-3.403243113412666	1.1071785778064889	1.112137300907744	-0.37107728190634104	1.436919807734744	-0.46651562676596137	-0.7829139288904791	1.0460278641887824	-1.121468583954883	1.4877917732414856	1.289904565753971	-0.08741071204572322	2.1769932856036283	0.2595882620464053	-0.23316745995685492	-0.8800549717259654	-0.052545564986014856	1.3317788078343387	0.6796471306176388	1.746134519693537	0.5816654892836122	0.45085448084538277	0.8489451051565619	-0.3259389563567243	-1.2742286437328354	0.7562974042410767	0.94419962876563	0.08737941380668593	-0.47532037853691816	0.15239173728397576	0.21740389131759894	0.21703235990220793	-1.6310296230534622	0.8947750808345705	-0.7291766563651412	0.5938842958964158	-0.1552872538958416	0.17145117180938926	-0.13020887051892927	-0.34923551270938086	0.052487093912017654	0.1396319843649439	-0.7681853929133141	0.5622884193913802	0.962017592902578	-0.0320145320043967	-0.5216987009413844	-0.1145571863789403
DTXSID0047034	-2.2774640631560565	2.8902415697854464	-1.5863683381010254	-1.6311318017928111	4.439213679420764	0.7218990303643706	0.2989883943986298	-0.7861165564069327	0.9669986215877294	-0.41109673162852217	0.7613121289343044	1.1298364358580257	-0.08997415409762109	0.2780837388037167	0.4258449726243128	0.12077658285421526	-0.3915744751343519	0.5026805194279929	0.40869004959402316	0.16141172164759943	-0.5894456411000583	0.26159091282579394	-1.0449147442263633	-0.300866892242601	0.5003022091821124	0.8569218193179213	0.39628130266169265	0.34909863572220945	-0.7055243893254162	1.8807232052834189	1.020116194123701	0.8980321848385285	0.23786667536168937	0.37947164415845913	0.12994072222105194	0.05761409598248757	-0.4284573616623981	0.1481788194129261	-0.01484005351547501	-0.5082625493917652	0.1443447597959048	0.33469097904892897	0.019257569318186465	-0.5863469389526127	0.5497523089959154	0.10115935433633313	0.028035312398666516	0.7877476764825538	-0.10921570521049925	-0.9292479968001376	0.9431700608650465	-0.6131326510431505	-0.5513831614685871	-1.2358591972101263	0.4019775246912776	-0.9203271195078014	-0.05868337773884255	0.03418816638747556	0.5350891991769363	0.4478989845926608	1.3581229906223171	-0.22676930371223994	-0.5384439912415626	-0.4313332712068269	0.5175160097439547	-0.37630458924604376	0.6214484990541813	-0.2680334336542098	-0.10978764556227928	0.4790729529962366	-0.27379256728345563	0.26212271984180147	0.19323063168146384	-0.0053727570599646215	0.3025690216620606	0.9790266417421644	0.15569836950295649	0.25040125014471	0.5600292953405048	-0.5431644317489265	0.31379141744908806	0.05976850042916451	-0.496108827199292	-0.24788595550538448	0.5304157624067475	-0.6337263873839907	-0.6393331219442978	0.38395727002312613	-0.4484374885131621	-1.1292386528193075	-0.9805529532541878	0.7211421164871947	-0.5409070605306838	0.3933549677355454	-0.21022742040578418	0.14462432435781744	-0.02347963159352513	-0.4494680474200248	0.7508881485153757	0.2778382122023462
DTXSID6057746	6.434145875626852	-0.7040784200039967	1.2912515090489194	-3.7535565784248677	1.3578075386777695	2.2419368807295865	3.64688600853146	-1.1382622308295116	2.3137877111093017	0.5900094947434149	2.461946456154817	-0.23042897780682345	1.4951641930373494	1.6373514017258817	-0.22471509069811918	1.21060558167526	-0.8911872074197108	-1.2801651942387335	-1.1228590092472863	0.5294751003061676	-3.831172510307131	0.7945939195106689	1.7466810618664128	-0.3058254980940696	-0.8069178391557931	2.0435286198759615	1.9618929273593622	-1.9912957861314902	-2.2175346390214346	2.048604769568859	3.161466042900556	-0.7254467885621769	-1.5254688940356442	1.6142126377500865	3.8898309638184414	1.0763934318644097	-0.060961679046229914	2.3593818329403717	-0.0372340602871765	2.9051006853806083	-3.132521141752604	-3.671827329711018	-1.02150315547634	-1.7123986135481226	-4.930603748018757	-1.2857983692118415	0.20613194371062887	1.8202512734872165	-0.07601400999298061	4.926866765217584	0.9983649379271573	0.7878343354247747	1.713268501411066	2.8858839056135652	-1.549806292571601	1.2904730461950407	-0.6510443158668521	0.5076765503447415	-1.5572250056030188	1.1451831558103516	0.3239061490932427	-0.7179120250775528	1.352748841945347	-1.0458767004297644	0.8629892821312692	-0.5323005035967471	0.3099757008417773	-0.9421266876606633	0.18520008067925414	0.9175040981818259	1.433572800477887	-0.714080353368513	0.21705283098373232	-0.9696440054170201	-0.18067649073442235	-0.03559567042364452	0.4727310851273049	-0.9251770120282329	-0.3461192707222565	0.05365375869179051	0.8664087685491143	-0.16699476150415807	0.38709121585708917	-0.12409901333759649	0.0569667863278541	0.07126497882656381	0.709060611003244	0.8042118260519078	0.1094964180550121	0.43625978691072076	0.26991856095221545	-0.5303434055112143	-0.28015867316698495	0.5198289922558051	0.6732078149814107	-0.3036797995661383	-0.629821840584108	-0.012547702678059365	0.1135260776383329	-0.6185917100534812
DTXSID3029651	-7.1199279575581125	-0.19493824087328956	-6.428371261024807	4.249517469756425	5.581082148294056	-0.7734759197602402	-2.3169451382811657	0.08655981953779403	-2.05863390618717	-1.429853129387684	-0.08787618408308571	-1.6270941922150737	3.507060141003747	1.514705269028685	2.432010227420308	1.2193512299939453	-0.9817272924131747	-0.7756368236296449	1.6080487125591287	3.0214462257696386	-0.3736076721089049	1.6595935524678456	-1.1620652337100756	0.19013238999946735	1.0217749624799881	-2.055877198665805	1.323864504068477	0.7908644270701953	1.140948716526036	-1.216454091359032	2.8766959857652505	-0.6001122709278566	-1.9031830450888054	0.5722600331833149	-0.15742153311092888	1.136474451892428	0.6621240178751459	1.4463060565959696	-1.5640125839131673	-1.4949945623598957	1.6981764219343018	0.826240414303669	-1.3486623838727718	0.2991265416180757	0.0005758057456185145	-0.11412174587096359	0.8236325246808959	0.4818270046542525	-1.0451987249737558	2.0148346412256646	-1.524265699860674	0.04291000096411266	0.5982583811434871	0.16744779167003399	-0.9173777048144184	-1.2035292722226074	1.9372951153905713	-0.542277066087946	0.20893917599156192	-0.23888304143928327	1.6679529616226543	0.007557577811428872	0.47552312027332216	-0.45553256145736576	1.2660858060052982	0.5072329002114874	-0.5614695543447438	-0.3585174262385739	0.8106970402511521	0.22394483051139535	-0.826453502737737	-0.10084784515558713	0.9132941705488121	-1.102821121864782	-0.8080401449845688	0.45019325293574936	0.19285884817999044	0.36930033949123264	0.28734463716539477	-1.3700465289505586	-0.03957741534206954	0.6875359564938313	-0.8489355804479187	0.7678379960880078	-1.57352944725005	1.1084883879705438	0.4039991941138232	-1.014467834162622	0.1587501340982681	0.09327409911622538	-1.3897792504681898	0.4334805078474141	0.7330989223407145	0.6093253332715114	2.00049402775616	-0.14031394000398045	0.6713887687584523	-1.2078159955664296	1.0887120705726265	0.9319365874244563
DTXSID5026625	-4.495860986654476	5.279950981188095	-0.727253413837791	0.3214177303513294	-0.19634917201693522	-0.3672900683781774	0.3571925531417248	-0.25192282187756	0.3556674035115326	-0.9240433248690607	-0.1345582068882004	0.784712023104622	0.12417915802694818	0.4603511961284469	0.3323493772685217	-0.8338520121656122	-0.5357394964308372	0.40478689277862406	0.7140011652439272	-0.3107913895211818	-0.5565673278280888	0.6010694860214074	-0.44657435849696425	0.7558453237447107	-0.8922627463387354	0.33959843029192355	-0.1590855923509851	-0.6601173375651472	-0.3395264838307883	0.8663795789552162	0.4718339629264346	0.6579939591754653	-0.2587415615889664	-0.9730087754752285	0.284498173034046	-0.11667494898649362	0.1931331749007327	0.2651652600389532	0.1273523581183216	-0.7350910245901516	-0.21063285274023283	-0.8206084392766828	-0.02099435792785459	-0.047334885173259886	0.31100509306880053	-0.09528545510753485	0.04122290005023129	0.5387656533998798	0.16903519506721632	-0.2802448400974919	0.18892271003392608	-0.7789430240718153	0.07509104987520414	-0.6081073537711448	0.009910006016258159	-0.44186192921994133	-0.17525111312494587	-0.028415697923604558	0.1525748013032208	0.20541554313233032	0.0819931183995586	-0.2703280515518691	-0.10597578403953534	0.4931608134358401	0.34753958284847314	0.24254944927813826	-0.12839710642871202	-0.31462238190425706	0.2517116326805858	1.1585287151986237	0.0980155285923906	-0.4413555095472937	0.20012543813194655	-0.6434460977933527	0.16593598907684926	-0.4958517035836842	0.11995708103121912	-0.2319160223460041	-0.3917982066975215	0.3963864423700993	0.44250365513371137	-0.26328587231559347	0.43597677719172334	-0.18506468027723452	0.6929962120319669	-0.18203344529456364	-0.1438754379908961	-0.2437758746613784	-0.6670306797454515	-0.1720541047484902	-0.5545228997809708	0.08369173207346185	0.005073515915961639	0.4999294743637168	-0.22568377458156494	0.11093410611585626	0.5483706970125061	-0.6603188487489928	-0.828604626960054	-0.028023655087111708
DTXSID3048811	12.16630131367768	-2.9205258734801354	2.1471524289148314	-2.3149919869621396	0.5438735310463562	3.751573461780202	6.797215771440791	3.0345806202175623	-1.395156838273702	4.091728455508887	-2.7302958309227896	1.3998810218207718	1.6398410041200027	-1.5418581563647573	1.25294648499842	-2.1217732314418005	-3.690917835993698	-0.3938228321099558	1.2214619022272222	0.17788976459624822	1.0432567738746268	-1.9357178706091709	-2.422742374163181	0.2712657450445479	1.1727174569222079	0.5079658996654018	-1.5126956835477885	0.7035030421885006	0.637705346804139	1.6502985081114325	0.16579222276035	0.09793993078138913	-0.9608883077527838	1.3258886769819624	-0.45355485620731545	-0.13643075367124213	0.7987926968048944	0.22954013559042002	1.1057912579395324	0.8165151989323947	-0.9390354696978386	-0.15472577490476805	-0.33557983055845775	-0.20882388159406431	0.12183217748552604	-0.7109204389714857	0.6707810970711565	-1.462860486252785	0.1768859438712418	1.2767710120811442	0.15019874900819916	-0.4156107803889456	-0.519640916810358	0.9254774407768332	-0.6182739886948478	1.2423254830615509	1.2490283599727077	0.24852059861645404	-0.19379254007675087	0.48377952014410397	0.6546816922952239	-0.7353288411412726	0.24210348405558554	-0.722924578698341	1.1777947950025807	-2.9508580237339954	1.5524852136748222	-3.0011995705741583	-1.1159882089492474	-1.7363061924776884	0.7791698754235662	-1.9128272440265413	-0.19368661548336485	0.6455225856696617	0.3899774945989296	-1.1826470931845898	-1.0268108598997416	1.0990367328380042	-0.941415388839103	-1.7105692087376438	2.0617863881204403	-1.729246038487688	1.6810167855297948	-4.852222715189308	-1.3182986862169506	2.0803362742517617	0.16017799186390347	-1.6278123564711133	1.6855345235971788	-1.5255212448719364	2.0394120590363043	-1.1379433823746747	1.607739129378816	1.317022131588126	-0.14902749173095658	3.206090958087802	-0.3807006174577347	0.3232974474878483	0.12112326330755152	1.7777537418035187
DTXSID0048189	4.314497843981911	0.17995546199945212	1.1790387983672102	3.9895650434932506	7.147381036270441	-1.8613703950246159	1.3001755176145018	-3.931724138907364	-1.088245247124308	-1.4640140791292973	0.24405031202942332	1.1854220991419249	-5.076605103708475	-0.7906333455025867	-0.4669738157586111	1.9271404113342212	2.1820109240756613	0.9948440045357184	-1.184389873975485	0.002413463929841877	-0.19939857932235824	0.4460550407297946	-0.9939187463170642	-0.4141968228600055	2.466495822553201	1.2986734397077278	-1.0155965550208885	0.7178391074635285	-1.2397788363673072	-0.4782965360210064	-2.181414674988316	0.03610232382145046	1.9255123633625761	-0.732598392325469	-0.2170137507081277	-0.03695135877747477	-1.5340634029895013	0.3492330540793353	0.6022858703315922	-0.111369966718674	-1.120636665408818	-0.9021973169114551	0.7710955417487761	-0.7932048651836272	-0.7027245930946995	-0.7228844145258175	0.9426193657831219	0.8711661092961781	0.7614364922619214	-0.8299599109643138	1.4605451169365504	0.2966709101264404	0.004785355287088302	0.8991056999548308	0.285467859006766	0.23760781964352137	0.5891156533420546	-0.3444167375537911	1.3750062065467865	0.2859976373880599	0.33381055340795046	0.6692902453582401	-0.26380710834641324	0.4112231092476069	-0.6488272127639978	-1.1425907913485605	-1.4843390987344434	-0.40217661976994445	-0.657927090293312	-0.9684387552766563	0.4593588555623691	-0.027084876144995555	-0.3893184811463805	-0.2565035638026606	0.6028610478724629	-0.597989052666907	-0.1707194768781843	0.16988917828422137	0.4261758697087686	1.068924823009524	-0.06814912837166676	-0.23171065078050934	-0.6587144623578411	0.6896277067643125	0.614579185384945	0.5174663330298315	0.15696939801854354	-0.5662132885074904	0.06967537730532584	0.2888581765924636	0.4476177904591702	-0.29033580343962717	-0.46796067171990924	-0.06356701411811079	0.5636974902394467	0.002005320495797355	-0.4828344753480996	0.05214577376027726	0.007655399451322747	-0.3921108793978652
DTXSID2046913	12.728109750761003	-3.5902589527220345	-0.14772983272654788	-0.9598963859863663	3.7962767326169202	3.2808265525549434	2.8291267946326113	3.1701585616460366	2.016112492258485	2.0636509612408602	5.603315463101588	0.2885209554050937	-0.26704388558615316	1.5296661315376452	1.070995174020745	-1.35983938960283	4.426085517474838	-5.984494387482576	0.046485471736829945	-3.4418608286779624	1.0811261928516995	-2.2393730306254462	3.3832532776263493	-1.2691305354378373	2.0258514468347064	2.2723785487762025	1.4692512522862944	-1.8550494206086363	-2.29476168094317	-0.4459316306050064	1.0826274048976516	2.476913142875787	1.1917186173237315	0.2533675740660711	1.3029580378241468	-1.7137007940650628	-1.2583231359871232	-1.1430279172658053	0.32051038765536066	-0.3823476608948519	0.9383227390660328	1.0895500082291323	0.611696966457718	1.124757092185669	1.0695291941461054	0.9449827009849875	-0.13363133424097845	-0.36703917416274473	-1.7183097664640192	-1.993749057853433	1.8583552674316752	-1.2824774200159392	-2.420360982081315	1.3521484990642603	0.5187078325184424	-0.9581782008214714	1.882625574473652	0.8872878355315885	3.684716103217015	-1.8018988058506444	-0.18946496746267583	1.714582315746673	-2.2264114136466837	2.472368788241071	0.27016429581083484	-0.5237014690074281	-1.0907490243434848	1.7081830415343726	-1.0406105264889864	-1.0692030437262767	-0.22499784480881183	-0.6855647336452375	0.17390866345533518	-0.06485271875008826	-2.045776075199211	0.7093146069858743	1.6648865130619128	-0.9872210583091752	-0.6107081496915056	-0.656242387686119	1.5695950950764068	1.8043131743115066	-0.3013601501460314	-1.4193470888317634	1.3604035275685429	0.3753261444374979	0.6810149946852758	-1.344335901101306	1.060442482599653	-1.0686115024663687	0.09800539072768699	0.6926920997907535	0.4335211091066728	0.4305044526766816	-0.605161122480615	-0.8722943893921364	1.532545524877627	1.2278950556450026	-0.8950255464564202	0.16510169271825179
DTXSID0041981	-8.7329714757833	1.3169416343926161	-3.6466317666519847	4.097623130410977	0.019639870188122684	-0.7634997464887469	-0.21588121626483392	-1.8886425618118368	-0.3568569627258338	-3.416746254936926	-1.5325355753106809	-0.7289609285862763	1.473051161769507	4.453934955205095	-0.17256491457931128	-1.9319814848253978	-1.2702079235277004	-1.6455030924902494	3.661991107211266	1.3727868883470449	0.09508897713813061	0.31518454785316247	0.6260708238806029	-0.8594306066592341	-0.4737141470822019	0.7599742561405813	-0.2997604717905303	-0.3217769465739178	-0.43896109013823725	-0.19853723703895654	0.6476361884360881	0.4407594414344837	-0.6508207273555816	0.41973923509294087	-0.8610982291124041	1.1139231413123434	-0.1659439922556555	1.5512462583744029	-0.1235546137801624	-0.06753680119862543	0.1612436618240172	0.47130815783209823	-0.4578863090399618	-0.6359694754214492	0.5684930721773576	-0.20248175331001642	-0.3371107865292668	-0.06885094667008253	-0.0314397549800396	-0.5493859101300355	-0.39643944105506257	-0.2431563644529119	0.1874431700383667	-0.17949563432954813	-0.43055385239467925	0.20268090495166288	0.5877338501636916	-0.5923322421119703	-0.45102380874247094	0.4124588246773378	0.07271524046084918	-0.477500020290223	0.19131680878307225	0.9759964944851888	0.13394065010313336	0.0226793964491165	-0.6533763836764931	0.07186178457152362	0.3548737820778791	0.16871139343726352	-0.34649700787951176	-0.4818934764055076	0.3920677565835167	-0.23364327548792457	0.19069424378785801	0.14927802659697623	0.06239578731780396	-0.08113354306647086	-0.28788312384754455	-0.294336964223283	-0.417401904093083	0.6670426814364071	0.6627645268726596	-0.08086672253929471	-0.8142252708921792	-0.6302823107434748	-0.17542113645672056	0.053338508594150257	0.120311992460501	0.0888318783469729	0.015604624707601869	0.24244071469210685	0.2209666744829335	0.4433925858307804	0.7262667982022516	0.8833890693183288	-0.01799439360448602	0.4570171841920824	0.248137060218117	0.3551142258783824
DTXSID6024913	-5.793609013912431	4.750169042350482	-1.187681999376029	-2.166435041258985	5.736772732796433	0.7448618292154434	0.6256654940041024	-2.02645855160097	-0.7295133951631853	-0.45262177600085535	-2.75047721125291	2.143443970028597	-1.1928053083648498	-1.208988248701319	-0.5589275853951925	1.730435225242517	1.078140867151886	1.2004007758212967	0.041112444170165505	0.5407283528725386	0.5291903560493127	-0.5032372763529483	-0.18095485650399035	-1.226174530766197	0.42484627762031296	-0.12157120562889247	-1.0445868337578499	0.7357455002795711	-0.3251608597944006	-0.42614074490010617	0.24189194906477268	-0.768953130453988	-0.12836910831225304	-0.11286523992503467	0.567572796704322	0.9373718076452204	-0.29058800764132503	-0.1787344627387235	-0.3582029470143867	0.21668316787982303	0.22584835684312937	0.40393939483894503	-0.48904902148418383	0.2311608117337403	-0.29763682754738435	-0.7591217694227359	0.489856010023522	0.3270524240393057	-0.14970667950555655	-0.7773255921452887	-0.023300347871970193	0.33680532185430173	-0.30922632559120333	0.19341054706849461	0.08947328027221045	-0.03034819194879861	-0.2879211281195956	0.04215824752220537	-1.0005660779778442	-0.054514045382928714	-0.20001406949925943	-0.04295065709925304	-0.3829487681429562	0.00812348995864059	0.3209219109839765	-0.3217600270276154	-0.23118650995934406	0.4854774719698101	-0.47688677825609477	-0.29091075990764387	0.3684193436179879	0.15309692896222243	-0.14344546520120197	0.19097717314093807	-0.4836551144673286	0.2439716245732951	0.07306965862900756	0.16535113138390342	-0.136081446858349	-0.10680125546422606	-0.326393579442497	0.452798342684739	0.19409684030363047	0.06498391922983228	0.3916416948526157	0.3095235564894556	0.04679054889169369	0.1603954722119414	-0.210757125326437	0.027247317649478162	-0.2169387095719764	-0.28521907909694283	-0.4666177118574596	-0.3287796272653792	0.14009569805171668	0.06396021427455935	-0.14966569918962344	0.09231614597221392	-0.002025582291013088	-0.1349418228597404
DTXSID7023063	0.09938788996996498	-4.347687261224838	0.8671147596443043	2.116555726950731	-0.7878920286029781	0.9768828433810955	-2.7736964987144455	-2.1614782020920273	-0.8531855129890169	-4.202350181237886	-2.3112256550101318	0.9390861760496536	-0.544758075337565	1.8593835208894938	0.7706617402144635	-1.5826021114117177	-0.6036456231461529	-1.3007668477756984	3.0674055695569074	1.8483546043432841	1.3119099761965165	-0.27952391066515625	0.6058082495349896	0.7051559008974516	-1.6018734181590126	2.2387919686138047	-0.7534923202727406	4.313162572644575	0.8563287510491299	-0.2569833492595007	-0.251102023558132	0.11481447801884466	-3.5098793980958978	3.9539782951717504	1.6862701990654176	0.4323457141094811	7.79619299152908	-0.5732716453183072	-2.5127181176851483	-0.13788463788228564	-1.2991198267776283	-2.0374387263466516	-0.47466826836628895	3.8028333648414123	-0.7907774176097938	1.258992141813089	-1.4553482612091015	1.4071636274180648	1.8905575075388512	-1.1036427599945124	-0.0059481919402649235	-1.2676858086584863	-1.39713666131175	2.618714610164442	3.2993579618057804	-1.1748651418985947	0.04807726932351882	-0.8708847806470557	1.2463320362022798	0.41304310926940835	-0.7392270426605175	2.010528964071997	3.2606589033442095	-0.9271378731070359	1.8154459163772838	0.3571509522135596	0.7520719553872717	-0.704459539111036	-0.8779668402713924	0.9690271040699063	0.2140302292377426	0.4460394139287506	0.5885320701174006	0.47010091097536627	-0.08341961493531642	0.5032923295913714	-0.05865565002499602	-0.6589615574843883	0.6434176299966037	0.6466987763033819	0.30192019408065135	0.04625787465556849	0.3737578275189074	-0.17695459397532623	-0.1044807955697657	0.8929392732446263	0.42470921966491076	-0.735147140925435	0.5072141551582049	0.2819625524020543	-0.05518925466125784	-0.24185048082327207	0.21084777104985472	-0.37583680917745005	-0.31442802627692423	0.7362224858205202	0.8319111879853669	0.08586946296606031	-0.20276141436756842	0.2532894906332566
DTXSID6023496	-2.1614712448545705	1.9200496514005039	-2.047538284545098	0.09570617158448788	-1.296592489352855	0.05692652402855232	0.8519655092046693	4.781951003314874	0.36300902038212235	-1.73225046709878	0.031886411460757456	0.6101673940722067	-0.8068406854552473	0.6724286397221573	-0.9122572789184513	-1.251245966883827	-0.017727096641091348	0.46119271177359167	1.7665274925742638	-0.15078066204443138	-0.3393614399280748	0.7535254651449833	-0.6505098164605835	0.29199202536329755	0.8838041494963275	0.5621148701284567	-0.1856074907398379	-0.47649435111759997	-0.07654344143375583	0.17968464193218436	-0.9176255263456642	-0.3044227410755958	0.2977114233996192	-0.3270859293445491	-0.7640644022877073	-0.3964123153732883	-0.0736443304001578	-0.21204320337693955	-0.24037938514747292	-0.059095894629201874	-0.8491694530278378	-1.2580420971150421	0.159791242430829	0.8110565604684791	-0.09127365241638179	0.1273840510809459	0.49422693337957657	-0.47563192177893976	-0.4858954459887208	-0.4051401401292986	0.4854701036781255	-0.2747024080754759	0.5062588288655274	0.2210674871150446	-0.29682856600086777	1.0388424770155564	-0.7244345692631764	-1.1490258264244455	1.444562566758619	0.505420246956807	-0.7696557655041515	0.8934912896853869	-0.428435581406581	0.5234445704301632	-1.1742736153016593	-0.8931676750014869	-0.07965238427507729	-0.4805225572174342	-0.10855675143881036	0.3204655445721408	1.1248083962422752	-0.19461598722012316	-0.7388617137266771	0.25895812934564527	0.28359246422445966	0.12589163316332277	-0.34092110686755217	-0.8394059326422106	0.32162776565287293	0.4503535434290661	0.42752764791452863	0.35390662719816995	0.46981396796946234	0.258264644568956	-0.19147849319729274	0.08993009669259643	0.20737909202458948	0.478810906248989	0.10407443407112499	0.1054522434024478	0.08311790473140357	-0.2919933067241084	-0.7380679101156349	-0.1394963571371632	-0.8563040932613212	-0.36199211081626265	-0.31196550097328685	0.21636536382291133	0.16996961851691383	0.1062910143100376
DTXSID0040620	2.903339813068353	-2.853346087893338	-5.248720345652076	5.258325808522471	-2.7139732586789367	-2.2325383313968183	-0.5495565374742658	9.350965889055145	-2.0299532445675674	-3.4220823148069184	-3.1141260126338075	2.8628918563486847	-0.2623840620091846	-0.17309386213090977	2.027138664811495	1.0512277245089785	1.4877180368043503	4.723286390552148	1.6731836308913697	-0.8942161802643785	-6.902060706861136	-5.9948201992647725	5.908687312775155	4.902409765087716	5.828966472911283	-0.016558837325788726	-2.1345014806469664	-0.8004532552479928	0.13995594102170378	0.675131146956678	1.0406488281434463	-1.5843102424686346	-0.2961800621490937	-1.2257052562005772	-0.532210181940419	-1.769394462431087	0.9188431538483026	-0.29977377268283756	1.3593541432232115	-1.763777430802209	0.7223025253393797	0.292180763201907	0.7223461074595725	-0.064897610788941	-0.46181924645325567	-0.16755636498860257	-0.009371087614452251	1.5362542786629045	2.0385200532675145	0.6039156213602274	-1.3424205060269212	-0.47334291338921186	-1.4770732950998224	0.06937159866601528	-0.5960198599066051	-1.0209342401828025	-1.9451977290341105	-0.9140069296417399	1.4529496883661617	1.688527884489665	-0.5155714519710584	-0.14389259186754452	1.2482306828810914	-1.76204776264442	1.1923832108160313	-0.25012206397168557	-0.1973283866899084	-1.414549902374904	1.6588603474534962	1.5364990062775756	2.0858365846783893	-0.212092413266182	0.5168375680159549	0.22837527671150362	-0.33424797325013	0.11056891478838632	2.0757496918881624	0.8002323847342262	-1.5747548117101409	-0.845157073893265	-1.0438350618930785	-0.7082188322386291	0.09515870081335072	-0.013421529554102371	-1.2296968891857913	-0.7254209189677812	-0.7755628302560983	1.865984439932886	-0.3540426779256233	0.6064934723423693	1.70313880314775	-0.7424354378222147	0.1700174243549902	-0.1854093978309057	0.3528063636984775	-0.6126015332319774	-0.5650982904229094	1.0416199472475773	-0.3964175404089029	-0.3895996777050372
DTXSID9023629	24.839178119558035	-5.604482698558412	-2.334646914092324	0.5727533639688805	0.7187233326059621	1.6594622102836003	4.1095952747099656	3.0625709816170485	3.1845710397941995	1.267023611849727	6.404579207758258	1.5723916348550624	-0.7599370205512971	1.7091019298306238	3.766798505195643	0.38161143145191945	4.377934845724555	-2.8171624741677186	2.5668596236213257	1.8165257444975094	-7.801241914804717	-5.836161613732454	12.096001571982494	1.4824014500097817	8.883883922188382	0.7539639616691819	-0.9384909578755125	1.0669765575126353	-3.444279305148503	-3.8216326293181653	0.266215412290339	2.4756730553909163	1.451099963512586	-1.2605735365873831	-0.6212073353534817	-1.0612232540783497	-1.417511527798483	-2.300669328665082	0.9170269553903488	0.3358075614265674	1.4285164513250586	1.4994628806864332	0.3644906973531013	2.7336646141678824	0.30212856118434006	-1.4041378000901712	-2.883389090612473	-1.0989376839698073	1.0980686421405241	1.672909794447012	-1.410301181129434	2.919976310872543	-3.9781277954692387	-1.0778441487245303	1.5333803744168302	-4.0926754927233615	0.14067054418981048	-0.6215544546030576	0.5224939169868522	0.9177190897949133	1.2579761646975502	0.2706074150113519	0.0404503068850428	3.9391921935731204	0.7832195653819963	-2.958893366389991	0.7882155872500762	0.254149322652023	-2.304319846507993	-2.014929143888778	0.27362546037247465	-0.17014615171003963	1.36469821557293	0.9967935506088191	-0.5308874798022803	-1.8441506444931213	0.2881822744388009	0.49747699169215787	0.010559626609000224	-1.5348725927182378	1.0202701723066927	2.223241018032551	-1.601924475974152	-0.3242436242902938	0.11059338215083872	1.166857630505058	1.4266517559528582	0.05841247093310698	1.2029120607605686	-0.796828746138847	-0.8823960337249684	1.0288372268157655	-0.3117115614835515	0.6532335169466784	-0.20809883537318108	-1.8053582128141061	0.4469447552103758	0.10502519839376186	-0.9089617142403374	-1.3705369690782296
DTXSID7027833	-6.715748143301296	1.5748067160346537	1.0186913080128093	0.5016960673118689	-0.5086730491522602	2.293866255750062	-0.4011573473278768	1.7042474469881495	1.0033097352731744	-0.179465532244098	0.03679154943159095	1.3947897364972666	0.344289802764155	0.7460141001911882	-0.10308341266503379	-0.7682557009816401	-1.7015621619518573	1.0336605733350634	1.205628430769756	-0.5568843541133666	-0.5646000644284649	0.6903335499487212	-0.4401893636202847	0.6038939494729375	-0.4954752571862282	0.16900884181373943	-0.00990298699147981	-0.8290978596852038	-0.2786982509568695	-0.38276143434077653	-0.48366671806467	-0.4639624813627231	-0.6344561833714318	-0.6205556375663297	-0.9190951350392581	0.35081998378450524	-0.5762502126503558	0.637836558448248	-0.8843942520250697	0.4502113519862319	-0.1883462487850521	-0.42011484361967616	-0.18166855049905706	1.026131107055961	0.3709796453431575	0.6302494869770613	-0.11435071360867943	0.15635192452405683	0.655749612747716	-0.11980029214757537	-0.24394078161312724	0.4683777369362365	0.3013935723847504	0.6590895583815441	0.4466234523953085	0.2554134564705714	-0.36155074876469095	-0.5987768242463996	0.8841325476926494	0.5398939295521514	-0.246556757206304	0.15043930553941923	0.6858821111947343	-0.508256643819945	-0.5795146011533395	-0.7220654494515999	-0.4609996701719146	0.4070755726331604	-0.31291675587871604	0.16678751090823413	0.5971994119288029	-0.5442833833307711	-0.5714769688506678	0.6385457976066706	0.006630312208480364	0.021228528292579596	-0.3845856988662137	-0.09961993049786244	-0.0008494151517498223	0.4572693570452877	0.2089686758169013	-0.18096526745897779	-0.05997821298074962	-0.16411861824801122	0.12668036415438233	-0.1450659540005661	0.11986199252133546	-0.00939302438246512	0.29180611267830187	0.007474767215408515	0.03421130738707184	0.17392231389012763	-0.312618014400441	-0.15719260383003494	0.17777954556459796	-0.10318706942093789	-0.13177726776523424	-0.04343181001606842	0.053709791232549244	0.23073127309599664
DTXSID6024200	-7.970588106496476	1.4278538152256681	1.4191065129420597	2.000160386135238	-0.9998695584877042	-0.894819276541752	1.0237562793627224	-0.9227331871158941	-0.16312453921209918	-0.0843371596114346	0.8929830215430143	0.06266796750721289	0.34310518458976813	-0.1667173999996383	0.4920369410684431	-0.6684127065119805	-0.6331918292104411	-0.049472962793443404	0.7427233553187076	-0.37876498015199606	-0.5185469203300459	0.6841737510774071	-0.3799292480599714	0.7017464070035279	-0.4548969256330769	0.20552549930937922	0.13268532839764954	-0.31115778001511313	0.09765625520428399	-0.2627575287852249	0.2639056894790111	0.11442826333916627	0.20630522372365484	0.02147402065535246	-0.3442548355045315	0.16050919484797202	-0.2211647852156571	0.561091986604414	-0.3297568910054605	-0.027883978453801826	-0.08911838987456315	-0.019608304946221556	-0.12940364529647536	0.08475454006060075	0.43896942285364127	0.25864799245453335	-0.1771098976398181	-0.034606811453993934	0.3196397504376519	-0.225704888468609	0.10833150178472031	-0.03486347531907536	0.047503189895675105	0.04633762611940312	-0.5202562188954881	0.10382162035002153	0.09199691107861699	0.14918365200862527	-0.08812999136306526	0.15117663494143344	0.6850314121014858	-0.07961978528400013	0.09004548592598789	0.07755948433226235	-0.16143123594179973	-0.38161314503909916	-0.3134742859497204	0.14450953586616058	0.06082913006438478	0.1344118343843021	0.11183521472300491	0.28363645755523614	0.11700652433797164	-0.4101769359607332	0.14529082111391814	0.0432191866670883	0.4042143361753935	0.2583763268746724	-0.32179870453734766	-0.16159591504510085	0.13655649372792694	-0.22332832272915787	-0.20894971521488584	0.2994214500512941	-0.18965738982990937	-0.3176551398949206	0.10160619033287648	0.11688410772668692	0.17960809280382128	0.15953643625170252	0.11877201543478066	-0.24887655902585196	0.0512649003662025	0.10695773841840336	0.1539154277609825	0.13231293488012696	0.07836177596634926	0.0008310346756063348	-0.04966340072566318	-0.08081149563626161
DTXSID7051557	-7.530431031638202	1.8770791263667748	-0.4275267593001499	-0.8977031057941912	-1.5662024215839938	-0.6500987033777533	1.8068686249906853	0.9171148366099153	0.43580142104128095	-0.8135732819204992	-1.0569065397251947	0.4969857686525272	1.3736096411133383	-0.04820654697458061	-0.4653227395337275	-0.4789761521361717	-1.3425450432060195	0.7492288657058236	0.3105086063947085	-0.08618643653777987	-0.3422883355606614	-0.03503174600409428	-2.0252759596503966	-1.006535117691904	1.5191271492456717	1.5522475579266033	2.03205000511422	-0.7332169191054865	0.2782595480994884	-2.1555437129939996	-0.18427363742646002	0.8819975256271461	-0.2967647270448908	-0.43467249828032967	-0.2528666748583597	0.6146558583340417	-0.8003294363147333	1.4366674399141195	-1.8861747111457432	0.5497913842618717	0.8047810219313275	0.367075039024149	-2.2602288403373594	2.397398450412109	0.15580701199170913	2.2946421332746896	-1.6793353469979957	2.4756902616190004	1.4580285616936552	0.631653526927939	1.3444288253199022	0.8484545080677847	-2.0614360680419286	-1.8334792004661082	-1.6933639409094403	1.0262342749742144	1.0748455756416415	1.3471039430750087	-1.3472071109276378	0.8355536247701837	-0.15615696912726973	-0.2549994053547756	-0.7537483382602401	0.6221642675898522	0.4908350445507058	-0.20702315280825148	-0.4949836505562994	0.3818581566907969	0.3665066455601905	0.7338136204579059	0.07216346681411498	1.1983582595560154	-0.18825695338991758	-0.5833050545290795	-0.3162367268163514	-0.12169876024711924	-0.4271112400703523	0.1935560411717089	0.0821044436156049	-0.4509521044312169	-0.2940942481695303	-0.0317907442643873	0.002605575417489108	0.032430671467386284	-0.23103628340621973	-0.04184457192646198	0.19678011204180382	0.39456603615338537	0.19332316666155716	-0.32311490511611163	-0.035840100497000156	-0.17265241236159373	-0.520774891873148	0.14706143252280057	0.03564271591992078	0.12598787450836751	0.4349827999248811	-0.3913727670734573	-0.3566433974447	0.11610476701324718
DTXSID6044933	-1.5544310725063033	3.8349776049343727	-3.348862737852853	-0.10108312129402795	-1.1933182433695988	0.13555564519155994	1.6336428462032078	-0.44044137265052175	1.4273757498023811	-3.056176653263556	2.524931217980817	0.8400300918988136	0.6305425390141624	0.9310205868055471	-2.0334353890849703	2.9327956837746663	-3.519786696377702	-1.2569538175258794	-4.579118108160429	6.612545336998632	9.774766128646643	-1.858955611597545	3.6732178857541675	7.706046419083493	1.934879586480741	-0.6805320505045352	-0.2643130891402647	-2.1970412045718284	-3.2062707646175936	0.1889080196547214	-0.3495755712082893	-0.6226097880949822	0.9006799007505933	0.9174167420032739	0.21158276123504338	1.6785396077663632	-0.881365572520577	-0.061641801483803126	-0.8999029632545006	-0.02834046170148056	-0.40160279075767086	0.39504492346954073	1.0393971983048418	-1.1236236944178055	-0.625391202548659	0.3621869271561697	-0.17140610686979324	-0.4158997963527358	0.561031667907548	-0.6972173161067512	0.7679982362568204	-1.6405202449221858	-0.20074494903024584	-0.5127702633400755	-0.5552545661792979	0.03814983313891486	1.9604002227865835	0.39641308755947957	-0.9996657231078407	0.13129036734070348	-0.15245619162312432	-0.4771569407234717	-1.068233830937878	0.3303922136809305	0.7902400289256353	0.4171363675751218	0.4189316731048895	-0.04015893194591767	-0.3782478316982212	0.9193765874802998	0.4089859029507337	-0.3864921274544742	0.380446775570048	-0.8663853757232847	0.08777974206577692	0.8899297507447541	-0.6103783229770496	0.76433739070609	0.4994795432130152	1.0143618897046127	-0.5536235577546613	0.014572179113768404	0.40024771973331646	-0.5858535100160607	-0.37877496924255766	-0.30969557065760234	-0.5374613367873512	0.17925888859168373	0.4351535061560321	-0.4813123111646919	0.37479737412925884	0.157838282006058	-0.01238953004588202	0.12723215999308946	-0.017923752780820937	0.2940111113948604	0.05165199773616153	-0.22957500406856654	-0.19556158500858636	0.2104270401650916
DTXSID5051529	-2.6228438604430537	3.410160000063459	1.5173729620575775	-3.55681070282426	5.3013790452227285	1.1664635462198387	0.5926328664156975	-2.2147340839725573	0.11085430828625019	-0.7507257655420012	-2.9384295294227027	1.3297058641924697	-0.5338351120034396	-1.3286626533123316	-0.03714596725740309	0.7789595548274482	0.7978064608903481	1.3582007715134405	0.28064798547230313	0.2144147195414269	0.6774167156065282	0.2030876201269015	-0.03680683649739191	-0.6664486283315596	0.4205626739383567	-0.05123949037840791	-1.1502666476954806	0.59806953806245	-0.23275433558543462	0.19855711978104607	0.07132371761234535	-1.2069638165124916	0.5733106190568278	-0.6948956701805428	0.013074982835855696	0.6433984976957293	-0.7496623984828761	-0.24799144448312066	-0.08041425329821465	0.6793997441136868	-0.06737309897559447	-0.2686176136510893	-0.7607525308626759	1.2373490876264839	-0.33422156427272876	-0.4997910069240439	0.7270892145300126	-0.36538917162773527	0.3919161366570836	-0.7074753910993633	0.1170211095520611	0.659410278177275	-0.1853692109968246	0.6994395271533808	0.34150701316604615	0.6748764955585653	-0.6806661836720971	0.41316854167439176	-0.2558617729718205	0.15535624374810272	-0.013605096443844248	0.9098668597336143	0.3636600326941194	0.10588249798685209	-0.15399365337977308	-0.8318662874368471	-0.15717338177199872	0.05117400899142179	-0.6749989011325792	-0.8529849442514678	0.7739665212215555	0.296773321389682	-0.18036231592734442	0.42046336646968374	-0.496882092667237	0.30505741339552134	0.1662097715115901	0.05017937696738667	-0.3868320459843491	0.0500269018074279	-0.01392293368833814	-0.3819016599223122	-0.04431380458224535	0.10834248925984247	0.3829495355918211	0.23822163058621448	-0.02229747435750069	0.08850324693597557	0.4490634186650739	0.1966507523302685	-0.10390526927174554	-0.5029484711462529	-0.5684423009576783	0.09014519876601397	0.2599374470786464	0.22145263181335886	-0.2933722245993889	0.3515840058141332	0.23058970529806935	-0.1195046582149409
DTXSID2041468	-4.418838216343519	-2.0929729759076348	-2.9736504034610203	1.6156822077974475	-3.534674069712859	3.258628650281578	-1.9948597398214665	0.08437344771169067	-3.499678977668865	-0.1425591194077205	-1.037238086899758	0.21695409073974598	0.25474268362981883	1.1163641101179456	0.20563906911630744	0.1465063261937999	0.8003296709096158	0.6144924197694663	0.528673742133368	-2.0188746709837377	0.8912610832674469	2.0837662988834826	0.5338068198695505	1.0697821103169007	-1.8261970664608003	-1.5331890783242137	0.3178742571923548	-0.3803453583619485	-0.807306111449814	1.7275798013427526	-0.7013506595327325	-1.0933175644593938	2.8765120073531536	-0.1305947096562074	0.07830089387310356	-2.046771177409734	-0.06686367763352602	0.29916701800937445	0.18447565485222994	-1.2064844658362228	0.3455666198552966	-0.8689933031346644	-0.9556989338121769	0.900486861195109	-1.769459793953077	-1.5185835212485908	2.0084062935000615	-0.11447183227102241	-0.1381165831318668	0.5151814756281529	1.458709675290858	2.5011442929184113	-1.4147259035659292	-2.131052292930139	2.093026856057799	1.4138927583604497	1.8227290320822758	-2.0226606620244034	-0.6758468956400688	-1.346013576151795	0.49421548684466615	-2.0374608548346633	0.5827893894300585	-0.35148275538618057	0.32579263976346096	-0.12561184230400357	1.410724404651444	0.00970716380721243	-1.275396725497373	-0.20746202381935447	0.4806230096552214	0.42430226306856933	-0.6129258481432499	-0.013508041194603717	-0.17659783953354985	0.8373381709592063	0.16845964290839197	0.32603670298144133	0.35620912509158753	-0.1407925881412341	-0.0924440268509511	0.29352598525694595	0.5536138102777972	0.19238955763467147	-0.1927085759553078	0.5003356269844536	0.43480730970240067	0.5451356581050182	0.26059920760283634	0.2766056197190797	0.30170174273808087	-0.1453765559701624	0.15294132096189403	-0.1513937407600516	0.3158106741005732	0.04085552623963615	-0.029130169175311228	-0.1254588500669604	-0.15501245229814475	-0.16533406170434387
DTXSID6048759	8.591452843341422	-4.630279350080167	-2.7186711559617445	-1.7754269165478156	-0.45754814806734734	4.241227900872503	3.6677986610616156	1.2828449098826404	-0.7040154443521675	1.7872379567158132	1.3558967496762664	-2.6956813502471304	1.9127200618657745	1.6349675850646863	-0.5520330030193064	0.6060118328576861	0.778481366606275	-1.9547041312745106	-1.3243442630086648	-2.8590802284195234	-1.2423912439552873	-1.369000726670099	2.2335359755475657	0.1319055478591958	-0.9146647853935562	2.311292609436913	3.714002695263371	-1.2822483877867257	-1.278953103555282	3.422979013320405	4.034007782103088	-1.7211455596782483	0.33253066957286975	3.43209137023502	3.4257414938882165	-0.8407186656333471	0.061328254193324265	1.7771161608472523	-0.37315069440564824	2.4785174377573505	-1.7073769340504017	-1.6498904944872794	-1.226818986198585	-1.8220650021055413	-4.469206656847003	0.43041300034327495	1.8069565935197927	1.169204613790158	-0.8991596942697307	4.135514874404385	1.369575850588516	-0.9183334953026514	1.2720597971301946	5.362164136718212	-2.5403019120200505	1.3234025612173757	-2.4012631591670646	1.5081339052574183	-0.9167595646468615	0.9290272266151537	0.8689892532356384	-0.2948827208375263	-0.674892813243677	-2.7310287245806895	-0.03943214509004073	-0.11476159873227369	-1.747319818365788	0.007933463774784816	-1.6819743920779167	1.7297454819583469	0.13599400806974016	1.2003768909672718	-1.1427753351903156	-0.7119575798442864	-1.0645706116346514	1.2075574755376375	0.5105311539242877	0.3543920983706805	0.0013656522728283601	0.16925817916079267	-0.2036763520386344	1.19280239364965	-0.16406248052006323	0.4644175478898805	-0.008193472474924579	-0.3974648134507641	-0.5446498743492887	0.5470096430189797	0.03880959837348955	0.6334942163566866	0.7618584979106033	0.04376346918756848	-0.3419869621258126	-1.0546000192746294	1.108935824235948	-0.2756537273336922	-0.7837066789282632	-0.3276786406095589	-0.2510605208587114	0.17044640615321596
DTXSID8045357	3.961132057873506	3.9638570040186485	1.0705996822309496	-3.36245262151561	1.304249183153805	0.8161376332016728	2.133089239960432	0.8692787076728618	-1.669964306478199	0.2940683516218942	-2.151180448603171	-0.8355899697685296	-0.9742785821837526	-0.36526455741000474	-0.34173422584731705	1.8000789351036564	-0.3103207442499262	-2.261091687396648	0.07565298997738219	0.10534623696742951	-1.8468851755427909	0.7256346884050779	0.4337351734538932	1.033848609059979	0.09580425052740063	0.466173056615043	-2.1589355010430706	-0.23349988889050624	-1.6533086054957602	-0.30584380321362675	1.2630757992594805	1.1411122855207134	-0.6333844499374156	-0.8110576339804763	-1.1054787122396337	0.28507904188708133	0.6371033750122925	-0.0700598650569957	0.6095208513780652	0.25462481732045034	-0.8989807492953202	-1.3748274974220434	-0.7608689403090785	0.6808838773635708	0.8309809611426143	-0.32799013414815353	1.128421184980082	-1.004024720935695	-0.5420170824996456	-0.19399868195165426	-0.0007013735141208937	0.4595269440616318	0.3731310988095481	0.5710667893362258	1.2484326882386345	1.234236998447277	0.2840078887563117	0.8622675374659285	0.6681747568115041	-0.39212689529964834	-2.3844141689296476	1.3953700597490264	-0.10602058055330293	-1.4543787539322302	-0.6638518329788071	1.6754304242790237	0.16333588112762595	-0.45376320836081896	1.2866135366368994	1.0912623622197903	0.11149209858558322	2.0219505335941337	0.5805851127728227	1.0106396609415356	0.04697567527819644	-0.19988222944410816	0.4823213633659126	-0.4663367964457573	0.341696439652686	0.1736123817482056	0.486507028179301	-0.5929949105215213	0.9054890574165793	-1.4928243563883066	-0.7625954942335665	0.07834926862652837	-0.2291735032169875	0.31864269667677325	-0.11588140494356261	0.12249736773647231	-0.554962982255818	-1.4264175453648626	0.4778264702872399	-0.018015531141994917	0.03285103944495794	0.5881358229568939	-0.4678269279193394	-1.0214275670062694	-0.1105446905322293	0.21058485344574682
DTXSID4027496	-2.1284163345220324	-2.7170046380311006	-3.2256515579083884	2.921742639508853	1.3529983455367363	-1.4612598415569356	-2.7273687164843725	-1.2060368059847038	-0.4986485102908492	-1.2183040569507873	0.452221125520781	-2.334993739509012	2.1647282202314924	4.120773823977011	0.4630439214415986	-0.1550529143779398	-0.11159717993710713	-1.57856574500622	4.259895296987219	1.2799530624336946	0.23993341610880795	0.894824069363996	0.392010810358431	-0.38046083179769796	0.15291249868597073	-0.8282822725644249	1.6772348555662895	0.0881122031801584	0.7769748560132654	-1.0425995229448095	1.7316510782827945	-0.11076923310526134	-1.3967678192439388	-1.3786880027906898	0.17505290038547497	1.435574074875306	-0.5270088339420401	0.30233836174502476	0.27288642768655963	-0.6081786134191808	1.2369055784831557	0.7250646278226472	-0.29164577746139286	0.8757272729205466	0.7505685544205994	-0.909539255301919	0.7280623183674325	-1.6166664733143865	0.3528032721571002	-0.04187665091312593	-1.4955208796334087	-0.005894007844086887	-0.39715882631718186	0.7848451350612865	0.2615725684486233	1.3061106409448475	0.7980601435634912	-1.139863013731051	-2.2988638817541514	0.0613219520807079	0.3138496588374955	-0.002417419180829681	-0.10731458976658487	-0.8966563112397969	0.7511017774768632	-0.020877060929469254	-0.021596374941452324	-0.7298883010826237	-0.4339005856059145	-0.06671506828918221	0.05963249520926514	-0.7302754901848172	-0.5047405897615276	-0.4979524876019138	0.10865638172582491	-0.35202441241905597	2.4056338622630613	-2.0135313995094455	-0.5019640134697323	0.6698280395981191	-0.8227416945328394	-1.1305195501673335	0.15368995742781855	-1.2109853741537366	0.14114588626067093	0.27636269668237007	-1.0248927164574502	-0.5543828348201186	-1.2466273476347733	0.6298562105034837	0.6408200252403489	0.0027403674820344406	-0.04213183583395849	0.36628889415599764	-0.25674063449545476	0.448284491482036	-0.1177483645946055	-0.722328571668424	1.1020873284643116	0.4776426685538112
DTXSID9047594	0.8794162110185104	0.6431276901206682	-1.7222582751613846	-0.433449558984244	4.479393227563879	0.058540677129872515	-2.126781514010416	-1.5918171150334293	1.3885141699671806	-1.4581757596479554	-0.11449979616163204	1.0554567414984806	-0.5062861053678392	-2.8817511379971967	-0.32029481338353455	0.7667982247219474	-1.099818378404324	-0.37542321081185565	1.5874993002966467	1.6785268933759516	-0.4755087068800979	1.3460791378928654	-0.3457089214420045	-0.06161746339410539	1.543664236214404	-1.0484695973166618	-0.37523547921232786	0.3804640054366104	1.3892103873898476	-0.3376100357677067	0.3143496680401233	-0.34394921459515393	0.19067094331434503	-1.1539307139057189	0.6793039745288223	0.965087818852047	-0.33708626749621473	-0.26625144528743466	-0.5219426236220314	-0.1318902793864833	0.33437721129498066	-0.7373541767655493	-0.5353648416579658	1.7561272688715592	0.007045120649089769	-0.6065048645330074	0.9724706790138762	-0.8937273353443297	0.22097825848045882	-0.24737374735320963	-0.5534216347269649	0.41096927211343515	0.1094249374535969	0.5639378959164445	-0.22324138473091953	1.4465862972807875	0.0795810167548051	-0.7919693818328382	-1.7140909445597052	-0.09543918812104639	0.621276480947508	0.6080461538130798	-0.8444941675126513	-0.6519265289315412	0.3889945397633924	-1.347673322997283	-0.25563703031746	0.033581195117430206	-0.6776605528659039	0.18873106399011705	0.7499178894325266	-0.1232381405458427	-0.6986338426421269	0.61540680543275	-0.6120147235256432	-0.07177432589601244	1.9397533367749977	-2.505863873899328	-0.4899406472908685	1.4470097272456013	-0.4682350299651678	-0.5621048195737394	-0.8598780780381751	-1.4090821497729278	0.4745336788938027	0.07567095600824221	-1.6193404795326907	-0.3000536898633169	0.32814252711377834	0.006631113708404731	0.14496193214530975	0.03992184660925075	-0.3568711692947065	-0.10210472872724105	0.7899807254953032	0.5619471832373759	-0.49515335413355016	0.4748601393438005	-0.19626927017484685	0.31820405666469986
DTXSID1021114	9.974534259995849	4.586555327562128	0.052769540506752054	0.526377399852087	6.048157566736506	1.0801231660983281	0.3468284264631506	0.35213504250668226	-3.2330702574341976	-5.818323563275709	-4.6674461222543435	-5.345708361466164	-2.409044394117774	7.362219365970178	-0.2667466737433831	1.5870789489119532	-2.119015636137323	-1.9642875331639298	5.444190091608781	2.5609779404962043	0.8023369678677587	0.15955041774665282	2.133145429475943	-0.7234346056184735	-2.020941093471202	0.2853561107311033	-2.696896554874591	2.34277074045749	-0.9153608115763442	-1.5604602801539642	0.5098511259380958	0.31311919532723426	-1.2180705557719373	0.16552926316798675	-1.1863558910398564	2.0997162236741063	-0.15893648340503266	0.739135765620221	0.30703324930138826	0.4472322435629916	0.6387612585445072	1.856858362923572	-1.321123543144259	-0.3054034047128461	0.18764068991593105	-0.40508389760551866	-0.06502500096613442	-1.2445747846324833	-0.588203184338211	0.7479278519881067	-2.047183838900858	1.0619665544048484	-0.550886607043479	-0.3540427039291183	-0.8425616057364934	0.38313357674031234	-1.0664134046386071	-0.3974259398054944	-2.785677120523101	0.9342407252656894	0.46003363466103	-1.052189217896542	-0.5221044259204835	3.6828005057705426	1.2114764456260894	-0.38221551193195896	0.29178932014204473	0.12538056401476289	-1.8906919946062275	-0.05270902802991447	0.7881499286286371	-0.08857235342357099	-0.38431663201941463	-0.27130493060194066	0.43953742210151	-0.49301462438508314	-0.3850093914817419	-0.2719967926867985	2.585919785970597	0.18344441063465902	1.2185321487424043	0.8818570053762713	2.016366400843508	-1.6252972825084433	-0.8939266543838529	-1.642084560960465	0.6027839418079908	0.07525243474353091	0.024952156031988443	1.7313718950182353	0.1214228465416636	-0.4112054909198831	-0.06485583491638476	-1.166825344674828	1.4486864070883838	-0.09424941073364834	0.04851021748079414	0.5359558186661467	0.6167397390726782	-0.5875827119877928
DTXSID6041472	-6.181186201053503	4.769973896828227	-1.2279569702282023	0.8543272824123956	-0.5073187941899767	-1.0352690482629394	0.3179908018935607	0.036178285222188876	0.37819686571569416	-0.5130312709602097	0.957884858654732	0.4762683645899608	-0.6190032806470005	0.48674326975454746	1.6090276202751634	-0.24232304481329447	0.5219644432603074	-0.3377576576262363	1.3285664670084143	-0.5013488376715821	0.6530218561763715	-0.3415354055752118	-0.9471626605597735	-0.38644096082788026	-0.041041726884666827	-1.1506443540695148	-0.9248533955998426	-2.089560419942975	0.01656915296138422	0.3267508773091888	1.438325924443983	0.03968928884128855	0.07951738152839041	0.7200105517266634	0.19551107191742725	0.2829111258704079	0.39969470968827486	1.2960822689069054	-0.2744605257380616	-1.9451869071080548	-0.34948222873612733	-1.0983942562400741	0.24331944107821146	-0.7405066482779226	0.4798443030847517	1.3760496957481239	2.0111660707641166	1.3945642702868977	1.4177136127879317	-1.3804684241753982	0.03150852869102101	1.2884128119367255	1.042972777002996	-0.6801235236387714	-1.4862810689139605	-2.0011650340450613	-0.9974997420602459	0.29811986181032357	-2.0639027205106766	-1.0983828695150957	-0.7258723021854305	-0.26775836054293495	1.9833995871875936	0.18982725138780437	0.7402636790737811	0.2780283304754801	-0.4030690962934374	0.21121012242574333	0.7408320987875081	0.15713151786637955	-0.17924368356629125	-0.03191294940349398	0.21740778517221707	-0.13398897479058444	-0.06370134635578516	-0.42491654628294895	-0.08837521335440553	-0.020670336574227295	-0.5254976135265379	0.022908474147911816	-0.22171076891624628	-0.3754245260496219	0.3870543815968863	-0.3225975562582975	-0.1751102886556704	-0.5991645862223591	-0.30386800238527617	0.06466707546414925	-0.340470429446088	-0.2980530273386408	0.05951894770113344	0.09839250350037496	-0.0013155662458422819	-0.17072932022401668	-0.14783629271103232	0.08413605483663475	0.3142505228875077	-0.21097127371290186	-0.21022424900073491	0.025802901047661732
DTXSID1027427	-5.263255987348951	1.895556664015564	-4.207535116508285	2.2089236734011015	2.2750765016924843	-0.4276123158998699	2.216152837926037	1.227834166284396	0.7465178816193843	0.023159717600928026	0.10808036256736775	1.6334863981582093	2.85958474914098	0.9910932455996396	-0.06685602715893753	-0.8881368577795161	1.4338258978709588	-2.28216347991898	0.0018759232982719445	-2.5028130963865727	-0.5874568423028901	0.7732416455557587	1.1278569237470266	1.2929012537695073	-0.7025537216771705	0.04862604456767568	0.3290276557467063	-1.8896137195062466	-1.2411134448238228	0.2764523948222216	0.5644941348048826	0.41324247321845675	0.4110463345229392	1.1623217784538535	0.05578230709206944	-1.596673135716851	0.2214761684333525	0.7898123109692782	0.32882331847496316	-1.1390747707441693	1.5200703548047372	-0.13043811986745635	-0.550831017105551	-0.8875737932370169	1.8862956651890619	1.0805484592616403	-1.4508435818178742	1.5279423644511723	-0.27440682085040263	-0.6443316022349473	0.5020507545321699	-2.164898503742756	-0.27444755067267257	1.4549142208118901	-1.4656621945916173	-0.6141696012642852	-0.6209021795137671	0.6415577609439084	0.891276794160254	-0.378193718108694	-0.07959539997082486	0.1593766745337496	-0.23489507009921667	-1.388921758735036	1.1990060326151017	1.0299049336698038	-0.34981094391555445	0.8748775094059194	-1.6024192820168845	0.5865053804891891	-0.7661385051188143	0.11574250001887118	-0.40344097974820714	-0.8763914953817803	-0.7611403562124446	0.6280387159813631	0.38787857533767284	-0.6639183530448124	0.05923086181118872	0.03872591204439153	-0.2694072080655883	0.7371309980778056	0.7156695920180243	0.5004918319799362	-0.3382713378542516	-0.48287533535317895	-0.44959217121434164	0.544086908003963	-0.07599240123848938	-0.22283535968721094	0.23726187135466334	0.42651078713678	0.11675833689550168	-0.7862967289610614	0.0786586848450012	0.2941254598732404	-0.222422008549554	-0.6114964109548227	-0.48783657846432893	0.8840771590733524
DTXSID1047948	-3.3286922367681084	1.8531297208447164	-1.914963357118388	-2.0466239370650894	1.5346169882855174	-1.3846187066782272	2.0662920912877225	1.0588458635606994	1.266732682102245	-2.9907200532927383	-1.3353211797939868	0.9424940240214923	2.3517150107458185	-1.975943053255163	-0.38137985584255557	0.41248479852916914	0.6746028788077324	0.4315419887630341	1.0186856135703115	2.2249209247287984	-0.21075180688632555	1.7166955220983746	-1.0154843052454712	-0.6115830868560646	0.7940176428177974	-0.5648748146160856	-0.10243031845388882	-1.6428409709158847	0.660501150284687	0.21945749162904543	-0.8304578740659548	2.003218472771353	0.16819203716726996	3.435274266666315	1.7657835355772242	-1.751285911276024	-4.89112475354201	5.510400840909131	0.07985430446049491	-3.6711927399241726	-4.982043789783502	4.9786379604746624	5.798919547319986	9.621247907620791	-0.6154928657172678	-5.427514626697023	-1.0268149558663067	-3.2174195606990086	1.5150995937212952	-1.138877507069197	-1.3292155536373447	1.8032526182028283	-0.619046644518816	0.30131689894949765	-2.0691939261258785	0.015423577434070046	-1.6963291401163498	-0.8788496857674926	1.1894586969574044	1.5363712196118513	-0.5871226486357995	0.9079078446077774	0.33262258905329956	-1.244235708553518	0.6242913320768104	1.0854924474237984	-1.2471908980029347	1.2652760508522602	-0.732091587783702	1.1128437729046088	-0.394217972783899	0.0571971446331114	-1.7793820814820756	-2.18414203473758	0.2623103320412905	0.1722374033359053	0.26000424046297005	-0.32917209395040625	0.38295538883400543	0.4950192100969281	-0.3721995621121815	0.39030979482226125	0.7198010491317444	-0.07490753926994662	-0.7463929058509329	0.10813283100980556	-1.443042540242956	-0.07744205846179325	-1.2214177176971757	-0.31356172146626143	-0.9823733675183673	-0.16537258597432816	0.4384285560682195	-1.1497722033993234	0.2300961394701395	1.184595136937251	0.9437993469301222	0.7061135718480371	-0.4569697147408873	0.337256312575319
DTXSID7021940	-5.869871237321751	4.429805555700404	-2.0884537629673035	0.18921437599420504	3.7003084096434335	-0.25719446984996236	0.7594490112812112	-0.6714870482601246	-0.514938791696273	-0.6744553288204137	-1.9459486402639647	1.796472169373954	-0.11661288947012659	-0.6724056328365282	-0.6474054272950672	1.203956584816564	1.2921410236193802	0.6808478233840977	0.32665919816647504	-0.6763029758767186	-0.02096720151113687	0.846167951580892	-0.003094559313849721	-0.04006039236119112	0.20673274051336324	0.3143041938246904	-1.3787449176405953	0.36194672288380225	-0.6371298962931143	0.20314448930934684	0.5281006907029963	-1.1335622248974853	0.34941557667023876	-0.04856043256423712	0.44701003817714624	0.672185511728175	-0.29867597628844333	0.43810034168888506	-0.387718538286307	-0.3431870688822676	0.5045605234887265	-0.16474386292910087	-0.7050926087735035	-0.015746485741865938	-0.02644387674006024	-0.06312806690421668	-0.26133488976105174	0.29807449265343955	0.35922539433824685	-0.6541347566063851	-0.36763470216842	-0.3681196350801288	-0.27779143373355863	-0.003049476677982655	-0.4317334196649282	-0.3465825257941343	-0.6585531458706416	0.014829730433818243	-0.08760446936526271	0.3896942003748053	-0.04200695169721465	-0.15855952566167872	0.03851702307868927	-0.3049081251542402	0.7068119444380808	0.2822316056806625	0.021040676923805405	0.06688679225073385	0.3929057276338826	0.1806359993031784	-0.2323311151001694	-0.5397416786369233	0.2887031025193736	0.19320882185989413	-0.6017229220293048	0.49424521469153815	0.1586594547220338	-0.23315053973239402	-0.24954636585261775	-0.06113925528458047	-0.39613521629427983	-0.15240601948965798	0.309366823186927	0.06009349817272144	-0.032604285475477245	0.11393101984930218	-0.3994936188105388	0.30668028258769314	-0.24172303368744047	-0.031693063316234296	0.5445858817495854	0.5504624893938156	0.14394383440169892	0.044533760985741654	-0.16392335361277593	0.23755728225883932	-0.2703367395178886	-0.13089999313760126	-0.07295937820453079	0.23753249923804803
DTXSID6022472	-6.72093410805199	2.5972963677060927	1.0613715851739574	-1.2801454369557235	0.9197727923757357	0.5932787329190657	0.6917918484451323	-1.39635253533868	0.18905361751398464	-0.3771870378964754	-1.143415416424269	0.5940405648877768	1.2540029213889727	-0.5547809709714353	0.2298390756610452	-0.7961801190679048	-0.46171293544088343	0.4241689932302397	0.5181893684959238	0.3385459163141208	-0.14964386905041646	0.3969478381566147	0.20723365539030744	-0.20780032032751483	-0.37162817743645615	0.238680944427144	0.024990235655808286	-0.2362196245844073	-0.07695996495361086	0.09477885352300064	0.4469904178466853	-0.4245806127290593	0.0814819274012931	-0.15407188183092352	-0.21472873367678985	0.10303802929091092	-0.35263893480072456	0.15905179733664632	-0.0043465957914324595	0.182185041368373	-0.017282112338704657	-0.3178889000048179	-0.4460304639333691	0.7677028142131169	0.4052009597646316	-0.09038351884754578	0.10762530033475402	-0.22432199726361532	0.41090895501944363	-0.3677966562214857	-0.08967998356207134	0.260044591381375	-0.06062633369002191	0.17295970104986597	0.14871604272249478	0.3769605136219539	-0.3570317866187581	0.1927851882703303	-0.10942723679924757	0.050054813640811394	-0.07560808535804503	0.7342308456580379	0.297934415685867	0.2781636403534757	-0.22605612124721167	-0.44181417623024366	0.08585379446897769	-0.21707929994384362	-0.06847612722504257	-0.2761452183692383	0.45949695059332507	0.08933867138439033	0.03993373569199293	0.5678647896946567	-0.19905385833771452	0.35261021559004246	0.026007460995137874	-0.11984711511224719	-0.26273913769216095	-0.1027666583366059	0.06892943213460076	-0.5829549062452231	0.3731187091808941	0.036454511899919384	0.15516196480160305	0.17962551546991365	-0.005139339116613636	0.2709394905971762	0.23281034123278674	0.21043499958802378	0.0034290639703899234	-0.1893888554671641	-0.3991159321782405	0.32652850068423656	-0.036231056088117976	0.2964423857764925	-0.31334601954904373	0.22362510516189457	0.3606282633250023	-0.056110008336211804
DTXSID9057636	-3.057583691052808	0.7107946243812665	-1.5595445870427087	1.5596091514642179	-1.0542325425118806	2.5038329890491666	1.4220894596305487	-1.8584658220647645	0.18808905904710424	-1.5181182909405684	0.3658071187396818	-0.877482089617413	1.6629801084820193	-0.03335261850301533	0.5495454707604184	0.11342225054970319	-0.19354225964814423	2.5437632414420874	0.2485241435716142	-0.44364043985347557	-0.0994826547130174	-0.3199316737824517	-1.9136134105804188	-0.37529293243358036	1.094934022950958	-0.2547019787496582	0.4530742226878358	1.5428252279659762	0.019896555295783342	2.948097645382426	1.9540720283753796	2.031329185327079	1.7503117731603401	-1.800432214504289	1.0322449903807804	-2.5519704832798635	1.1541656415645483	-3.382034195735459	-4.340836406545122	-1.9808975329506129	-1.5223828284114005	3.6050307511991515	1.5890268769544438	-2.8533148818831857	-1.7794603330586474	3.337754748290571	-3.024545140143174	-2.292597042032527	1.683419600315153	2.712124010698901	-1.578303421636981	1.8116262246747892	0.5765347449712779	2.3637831597043375	-1.2325422665331167	1.7297000975869279	0.12018138845607652	-0.756109659535417	-0.7425931968196477	-2.467805524654571	-3.037071019672394	0.5207507729706574	-0.5679169041126078	1.1607533467385935	-0.566637904297724	0.4088553731133293	1.1557624073899746	-0.022929249682797078	-0.05670881833557252	-0.030710796130977273	-1.3737270842857732	-0.08046092917336237	0.005080861533624328	0.06980167493886479	-0.780088055703489	-0.1224772580839817	0.3269548107664395	-0.44737210300611596	-0.028674993925330395	-0.05155944293955823	-0.44188262615752844	-0.24932936101779463	-0.10554165899142516	0.041146230241734895	-0.7776911037150366	-0.5518880503658657	0.552061345794323	0.3748262603604845	0.07984087821723967	0.6241844945307099	0.21987897180559074	-0.19844526948769872	0.47863263707361947	0.5172393476421654	-0.08890861708048867	-0.3249206210147686	-0.34925526490076075	-0.25907341429675185	-0.057284585782982414	0.5242403105959892
DTXSID5048712	11.958173427330879	8.219926939717942	3.5670147752483996	-2.6098335013543292	-0.9809248958597762	1.5956447060811119	-2.424458933375105	-0.4582308919434184	1.3333761818357812	0.4463203784984528	1.5365748363936527	-1.3699287854092013	-0.0690625914777064	0.6408715424170243	0.7686852035693336	-0.8532692558857734	0.1353044995050965	0.7808980953630716	-0.5668632724859562	1.2482693473398205	0.5286078197254982	-0.2681053186996289	-0.35456416970837595	-0.6289677515158384	0.8048609834420614	-0.6057996903917555	0.5972777445948089	1.354281934406633	0.10102582940583187	-0.5644918982907393	-0.9566182208363763	-0.40490914574934345	0.48073070564856973	1.0206664750906738	-0.4422526985984313	-0.3967441512926874	-0.20784911993346472	0.32834047705033903	0.10088425451346995	1.4814581566508183	0.047018662179193045	0.12224728143755588	-0.5279167861175146	-0.0910936664304178	0.079442200107335	-0.5978416352665623	-0.6594027920766533	-0.7138105282623394	-0.003200122879385523	1.1356765078071946	-0.11015532749551345	0.28623048898041176	-0.38448836871814407	0.5020509043092218	0.7696930683418935	1.4407394930045458	0.33419195939690594	-0.3121740465951858	0.49401121502388634	-0.0753874553061862	0.6606629223979338	-0.12874348811670047	-1.0689430953481767	-0.2775640782734289	-0.8683038927308955	-0.456181789331715	-0.11957707388026724	-0.1185541692243857	-1.6713338292922788	0.5084858721299579	-0.4292636001168017	0.9613474728841427	-0.05764183075817277	0.5101594269112555	-1.478492354353798	0.11634148497277232	-0.6175648202173579	0.9768535525641708	-0.9420069093118851	-0.2735431288490122	0.45340335605682647	-0.5979346463274459	-0.22284024448332415	-0.0127209886659019	-0.8042954946976082	0.16719818780835582	0.4897057336267288	0.2161330970623013	-0.04216100009986962	0.21760584761366983	-0.23869178336897898	0.20332944037445644	-0.5880503143040041	0.08832585969969095	0.23745589630927474	0.1671685190945329	0.2916771393053542	0.3260753892313496	0.4484834790734073	-0.408766793974508
DTXSID3045566	39.596300820767446	-15.149173206517325	8.986053133314543	9.061207700297315	8.657141128453983	-2.7128605840327498	35.0480439714331	9.44471489188473	-5.226243726694127	35.967580903958144	-20.245367474711923	28.545020526124738	11.945023889115117	-8.559525337001363	9.948304402531175	-19.926322799232782	-14.055295177753482	14.718704771815627	19.186551681338827	5.452812572906169	15.8933380742235	-8.78539047787735	-10.12286039517281	-0.5913204570907263	-3.3488509274933658	-11.126907473636164	-3.2161582681071352	2.2670927137459036	-0.5922504774216616	6.622752356023804	-0.9684436044949312	5.881964051539261	0.2588089008587759	5.156193129117957	0.27717384988932114	4.854135626062606	-1.0522770630617508	6.747075914143633	-4.475146956580228	2.717211299917135	1.1033759658158468	1.9513828615163917	-2.69502468369055	-1.6640879048403865	0.011350648371970236	2.482235845888406	0.882980000353089	-2.756927810769814	-1.063839891680312	2.133424389210872	-0.039887255645617486	-8.063281048687863	-3.1180395270442327	1.8451887231026223	0.8471524541941968	-1.7489119102160293	6.4991595399255395	0.6814184734995343	-11.776274324901728	-4.516076783949662	8.183384282821185	-7.010645617502639	2.746261470552805	-2.202466407330466	-7.730464585820867	-28.28795137900476	-2.8750144383079794	-7.273166323222006	-10.632099912371583	5.0319107903305484	-7.355655826524549	-16.89768051861908	-1.196598585817772	0.7051963393449316	-1.7533140489414765	5.779355463411948	-15.274708152423592	1.710113327517488	4.905915795440703	-13.592060950604436	17.02402633197966	-10.915169382723086	16.981071865082477	-26.116401827217366	-14.723014652844604	19.68130244758527	-3.766872744443886	-7.5271268787556265	-0.45044706766770376	-5.819878187086237	2.627931879126476	-16.295108036694977	5.685975374997261	-4.143386632954137	1.1013064366525958	32.85432298225789	-5.112479304350662	0.4031519443314489	0.6978744368196135	16.74251206370431
DTXSID8038855	-6.360168136424245	0.1049475695116189	-1.386036760806127	-1.3517711806933248	-2.097285502986951	-1.13952349920682	-1.3476354280455776	-1.6436641193406452	-0.9280429381523174	1.6199975718173614	-0.4749698764399258	0.36361736999396116	0.4552903891003173	0.9334580423189405	0.10395193436848875	-0.8690356266171191	0.32885484529776376	-0.29994066434128924	1.1471727530955642	0.5030733836543697	0.08816096712571952	0.5147145019388578	-0.5674589000381839	0.7525085899546821	0.08394974387427445	0.6282752521942608	-0.2452042658473424	-0.5442426208262866	0.1496953401168957	0.48427712520158306	1.057108096979288	0.18576486044006071	0.19040552722064216	0.31081161300029825	-0.5271300318915155	0.16271777396594203	0.43005196276311786	-0.0008146439128280457	0.02659463167673444	0.2836634677928953	-0.1549294361127942	0.040542437208999825	-0.36880177723821234	0.4224960346000171	0.1566114452647985	-0.07489202536625242	0.38121605228532857	-0.3304626542022788	-0.26264775908519816	-0.6675293268773642	-0.3738584887461692	-0.2248208164281232	0.13981053020397444	0.41618856144352623	-0.4935879474980862	0.39278331342359685	-0.7419244439519632	-0.3735293972968593	-0.20534403945139884	0.257447207932567	0.247020465248863	0.036355396965015	-0.01650679415809637	-0.023741250838932325	-0.025274202625643328	-0.3224705762810162	-0.2525819217333372	-0.4650973639239848	-0.2921885218141004	0.31268158205892843	-0.049091102166518165	-0.03236491337661182	0.1728085661238019	0.652335870035193	-0.1634663203960402	0.47002492875502	0.46128990041765155	0.26136690603217994	-0.5302305627227595	-0.20067366426781355	-0.3916368969806506	0.22418712921840472	0.274680360549976	-0.2398295628434309	-0.27203578395192635	-0.46548067211902416	0.17497334285468122	0.16508140246443034	0.21089987854724984	-0.08300631669787248	0.1320623864602326	0.22198346728743198	0.5734611751946318	0.1723447793132474	0.10339354889689427	0.004021981948631601	0.2343802102399756	0.14750021222846382	0.19668796787291723	0.3589342573740877
DTXSID6022391	0.45477332742286025	-4.006661556771174	5.538965614422964	5.998895621731263	-0.32053341971112626	-4.328191265753992	2.0003871982073766	-0.581983501234166	-1.1823550134014988	-0.48915507445792167	1.0366362702026117	-1.542967238450917	-1.68938339393175	-2.310463658609599	0.24552617413977038	0.6588380451311513	1.2862684523858519	-1.2464796022683633	-0.4705165550597155	0.29449739101843964	-0.5565859157814279	-0.4447807233821506	-1.1810800448782386	-0.7172885891323	2.4095362300422547	-0.7186532004194743	1.4497482100046148	0.08248660992062798	-0.49921383408452497	-0.46482147328177326	-0.6266865240226797	0.06893956827197462	0.6862606160666407	-0.7380833004241721	-0.8972921738671655	0.16472214759444695	-0.12184014305898506	-1.4795365142004626	-0.17935974646554176	0.5548580328957016	-0.2741888405993753	-0.15622747838523157	0.5599118409743021	0.3111315529402331	-0.5393134061898835	-0.41461844382139573	-0.23399532794134928	-0.43404648027638626	-0.7124457017531748	0.19515174445408728	0.209926253558796	0.2708899051311137	0.9070767346433406	-0.5597914352899009	-0.6026616185687192	-0.3226125325777838	-1.25898225941199	-1.0847126076889557	-0.29888784546434166	0.9736893757577273	-0.4744595840083719	-1.2633606002516746	-0.34384385592599376	-1.3852777384429924	0.8736450496849729	0.4725513982668336	0.1315074787284881	0.13826428611362138	0.11703094215589653	0.040069365759208525	0.8081004287636704	-0.03383406757710891	0.01345414049330123	-0.12202103422850381	-0.2860449274029516	0.12650971331370164	-0.15504366699339564	0.16974776967206867	0.6099067153174826	0.21066911593535928	0.18526183670547514	0.29750966846973326	0.18710150665395725	0.46123687012105813	-0.15553212704784347	-0.21448406763646224	0.286515271080619	-0.5727772507155812	-0.25858260948159995	-0.04394415956889757	-0.0781844662966675	0.11436532246581009	-0.2629762522369685	0.5445704894346485	-0.3223453194924477	-0.039679717495209696	-0.06405881304275048	-0.0961722171959724	0.24611383522925678	0.20426242971187544
DTXSID5021889	-7.167457482561735	4.420583097085338	-2.5528551261325383	1.5452698339573545	-0.3430654746333422	0.10974306751280402	0.41094903437831504	-1.3161426886651084	0.3417239435597733	-0.2434417948203005	0.5672267408947838	0.9154529821536136	2.0528168803641793	0.5432197777229649	-0.3124604873294807	-0.1507135530244191	-0.40387673436685106	0.9807918276991534	-0.39986780971300784	-0.47404299666018723	-0.8083081521088973	-0.048030576111579994	-0.9647782169734076	0.17702526293149604	-0.05072222427502769	0.023175736692242266	1.085064554236131	0.475426806244714	0.16048559934342052	-0.13397935397754138	0.5382026040211615	0.18923396881215068	-0.22413009590194385	0.6961144945707585	0.27465617038046763	0.12800700335859969	0.5712179606525549	0.2850946580534519	-0.7090169267034129	1.0668572254286524	0.5184170565999088	0.5111836275405427	-0.19187990779444683	-0.19404088082938534	0.25082173194972085	-0.29910718102632033	0.12306654621265935	-0.08669941201555052	-1.2292874946202188	-1.4737908938376014	-0.6258590741143828	0.4158527514400503	0.21215427244597995	-0.5523652422156556	-0.8422834544253114	-0.5477241618780752	0.7013015837465332	-1.0935381536016218	-1.4885779716150191	0.2625494998434561	-0.20361326398026852	0.6498094880871629	0.9122076553676598	-0.01539051466601734	-0.0635472202830976	-0.28212840287628393	-1.0125315935022614	0.6507481564825861	0.3681727296241105	-0.11315473303068267	-0.3166999028190947	-0.27984207995767646	0.6293258804834361	-0.34656738727326675	0.7060486766562147	0.17572822837247298	0.0830053961305836	0.31038449741689517	0.07959713382314101	-0.3464948224896798	0.037961159560018616	0.2688492683172553	0.2815894611153226	-0.16547845966040012	0.165358802599178	-0.9374046496267985	-0.06729070085681639	0.023133581555430407	-0.13037603119355115	-0.15156207232445892	0.20933570850575461	0.04026120387377982	-0.16191635127913975	-0.3379043009667722	-0.08301645764400825	0.414183155076914	0.5069912683076084	0.2389120085803126	-0.10148374806293643	0.024587545699023695
DTXSID6020307	-9.668985813679932	2.3672205051595183	-3.887979010778493	0.9304423141455685	-0.5435870241123739	-0.6863940691709378	0.7163326688333757	-0.6398769872523891	0.21718362064626007	0.8288441096900763	0.9632720066677841	0.9449258409604571	1.36330003324706	0.952526135945592	0.8682165734169196	-0.9956640324416266	0.6188590233401683	-1.407443607175614	1.5188830704852139	-0.22059673197133203	-0.39349934172034545	0.6124514436045708	0.32620446151258276	0.06931479275130734	-0.008639857706276512	0.6254602035386388	-0.01870269547766656	-0.47994638212218577	-0.9218969720655431	-0.0947946715325169	0.9827918797460519	0.4848549537615787	0.005172457085496319	0.147938346578644	-0.037480562702455734	0.11764095689674851	0.22049960657424073	0.12499650136249865	-0.09997261904975639	0.20188682860083948	0.02186454821173882	0.08345787849062133	-0.0032529232826428553	0.552807564510641	0.3860791479840197	-0.4544958868005786	-0.6750014922659198	-0.2410519506491137	-0.06326924296184773	-0.7459890365936556	-0.17957037430980285	-0.5889616259132522	-0.02362086415821011	-0.22412507889409025	-0.12114333055749754	-0.48628889674061354	0.00547931554778969	-0.2426987641006555	-0.07935784847809325	-0.15798389069244195	-0.17610377403613905	-0.436120710423768	0.05341218317918355	0.6908483783822341	0.2225385529792377	-0.8102779151488425	-0.6474972485897985	1.1650056259312853	0.2643884533191141	0.1276741596091504	0.047250332787448335	-0.5083587579215361	0.7921475682489374	0.1971948586203496	-0.6409444819316444	-0.014483917167159138	-0.3507283382687956	0.7320281973665942	-0.8148326786689298	-0.53523922416565	0.35602865558812136	-0.2919777982078245	0.1878774831247864	-0.07049375492815442	-0.0796071894640144	-0.8509941594458965	-0.6299133537683077	0.5958504820736721	-0.21011445853301472	-0.1828111749874741	0.033365657100277314	0.8312603611114227	-0.6262932933487231	0.14351494836681927	-0.05896996013153626	0.17397591748723618	-0.05992967267216978	-0.18533412852922723	-0.21042649094192825	0.31516742682929894
DTXSID0020868	-10.566843446000687	2.0825630048980126	-3.674755908816108	0.030741015725164217	-0.3117867452289657	-0.9431519643328012	-1.3103695740934387	-0.8290126980755469	-2.0043364360229923	1.908244311120111	-1.1298749321623136	1.345443692835066	0.39454410696169556	0.9758926779539372	-0.2946095225118006	-0.667950158732013	0.0787309354289226	-1.1332831055837844	0.013769819798139597	0.3829307077280385	-0.3329783829237447	-0.9879978958309867	-0.7525725082580351	0.0883712971156004	0.5044195111998959	0.6296829858360838	-0.8183578676503884	-1.514939050064933	-0.24279573601056506	-1.4176627322747213	2.165476159806817	0.9211371585899485	-0.8774637243944161	0.6276672130032507	-0.43169330480666823	0.2669429278751622	1.19031477133375	0.37193336596678345	-0.21879780296327073	-0.46603835546130995	-0.4965828267535543	1.1136474411325488	0.21523256492934972	-0.5242824891862485	0.010870674304100941	-0.013242960971754468	0.5049707814229994	0.34323790249900665	-0.9644595260281547	-0.4534752981038631	0.21362938363989367	-0.3067301057332551	-1.0748044940801003	-0.2600213789561474	-0.8537976245050432	0.5465729656117885	-0.7538794161495835	-0.6191711064569063	-0.21338896321323744	0.007583604502734941	0.3963891045445028	0.16976206046580994	-0.3906734570437421	-0.04469877996392459	0.2525221332836744	-0.6283738613076569	-0.22544980452707017	0.37026350106332107	0.1499103857349552	0.8889101425770712	0.08264678196779937	-0.3375120088985666	0.8184986380224611	-0.22103676995010202	-0.2947659731123307	0.6676936909991017	0.007566275079737526	0.23380521971832705	-0.6303049667203776	-0.2621772919795812	-0.16506429518867485	-0.11762900570630752	0.5047337705947011	0.396000113464231	-0.40136380639743785	-0.42606680357943955	-0.14182192989489736	0.26373365291300715	-0.40170647779226143	-0.3489653528106238	0.24089921477578788	0.5625180626006703	-0.36017984554320287	0.03298536695083547	0.04417352704770748	0.38261688619599127	0.05297635713641722	0.1706517985006982	-0.01872258481052788	0.11742529197435028
DTXSID5023089	19.61449599987164	-4.503764805071948	-3.798679850595626	-1.5858898265784007	18.21488524623162	3.0633300865463893	-0.46304404669615123	3.86095185158484	3.2732431453222905	0.1868777987992894	3.7884645998127744	4.747956219948793	0.9540013279982221	-2.1138383757063632	4.877653755419222	2.4358566436175515	5.521377508986026	-9.652048197125866	-1.7119483647857001	-7.464323820538224	-0.38888188065125473	-0.913025404720307	4.596468428612265	6.027847982838233	-0.5304441571591995	-1.5320344052472328	16.137829831095498	-12.613496265351342	9.54981435934817	3.71430198817448	-3.5826770215671817	5.158758896642479	-4.3046396814859635	-0.5048984462719917	-4.500389061795226	-4.212149868062088	5.283725879356752	-1.3372249433219168	4.3107881031387745	-3.0154849730851363	2.3869736481699437	3.671144091206847	3.547007229436566	1.4803672144900633	7.629949188365904	3.4254131854792393	-0.033552951159743945	2.4972459187933014	0.8164378744291811	-5.094639996492138	1.5254589926050603	-3.3778543393905425	-1.0567763477111682	10.83727780853513	-2.703674273288167	6.296931232185117	4.398972795096248	-7.963545601450254	-4.502534028743308	3.1305729452455493	4.353844476024228	-6.203351420983938	0.8703555748029858	-0.4864224278808576	-1.6882715532973	0.5517994318898956	1.4900064113736988	2.510886642567758	4.289736091890885	4.8331414811117925	-2.8218840960505918	3.4292423141744037	-3.288350901062168	-1.968106751808596	-2.153269161830653	-0.06371676017703345	1.840251783766222	-6.774728783170627	5.573199100326568	1.5694032669659461	0.4515170352804965	2.8256669557481544	-3.996121493333923	-3.743636628577951	-1.9860219907670253	2.1556871995966227	-0.06756367066924611	-2.1533370180203075	-1.1120135783507186	0.8895336196269958	1.785929167652984	2.9305481300004317	0.5891932382029421	0.5620170017519808	-1.3799117577940887	-0.12215663039000807	-0.34950835186522083	0.4484465577003438	-2.9765154589903227	-0.08603602692294243
DTXSID1057799	5.676725695197793	-0.8078216925910887	1.473787802388193	-1.081662336737513	0.14245707885719538	3.0353743110076254	4.049150828624258	0.028842826986480514	-0.9577617088197012	-0.9148003375037286	-1.1100350403283925	-2.153092769355794	2.2256238010326657	-0.34335943335824326	-0.16006929733687025	1.5438606668023516	-1.0684585066960555	-0.844773604470231	-0.5156605405077749	-2.2746900016686817	-2.486676364743491	0.4497919122894821	0.5531224710353402	1.2956817993004843	-0.7276601815127021	0.24378652609002047	-0.8013131172227068	-0.7614217461650215	-1.8218264588259256	1.337670206631649	-0.08562977075983574	1.1881700627385174	0.4381017303069647	0.43045502655573403	-0.08851740204412341	-0.6323250516380939	1.4798815710709965	1.237520106254838	0.6222009965190677	-0.277668434233399	0.14377416224388803	-0.8986135069645171	-0.8393883966719834	-0.8403957350503463	1.716964857297117	0.9520160936325164	1.2036326990690998	0.13351367734763903	0.06745846663155199	-1.7219084450496442	0.20891350452165133	-1.1164850778644062	1.076807331422583	2.0602678706468676	-0.5580554489231554	0.753121890301999	0.5868459418736801	2.2024819407050544	0.044360771515158735	-2.4748688512634964	-2.0869985026446845	0.6234787742861172	-1.9380570512883775	-1.3188645119333864	-1.0463770204844767	1.7641374920623425	-0.7957197778645789	0.7616647366354521	0.2549279346336888	1.514549073786875	0.5300208646871254	2.187373627294982	-0.2618133309805212	0.44656208070930475	-2.2522899146885424	0.5656262839143875	0.5451770262980901	-0.7375324794592546	0.9635617411751034	0.5382046043857178	0.29856504379600834	0.16426221723403178	-0.8042460110461639	-0.13485555038257688	-0.2670677038088547	0.5168382647806514	-0.6916012934378745	0.9828561135265076	-0.006639138532645527	-0.28899884938456943	0.6216708257888861	-1.6558381014265136	0.012710267954245413	-0.09613079585942869	0.20064022204641946	0.6307461160535224	0.33127284454787687	-0.8611292220341596	-0.3982719631042417	0.8276333816452289
DTXSID6046715	-7.638040614625858	-0.7618943335804651	-1.3519069864528672	2.24441008246963	-2.1660174137709247	1.4020800500108397	0.024322855729409964	5.85457867106105	0.6091306233976557	-0.14319337163992443	-1.2379769003059637	1.969568734721783	0.16151595907722846	2.4835210137617514	-1.7936818393599894	1.3879718101509895	-0.2632703764117108	0.4969978364834251	1.268124058150912	0.3881125585336665	0.061879617606766905	1.0521578658617439	-1.169087516598465	-1.1274868933512563	2.610216562511121	0.5119437811872939	1.9757890949733714	-0.08658340317303448	-0.05979174717133873	0.09514309668113978	-1.5932582292481026	0.46146711036401106	0.010855613868124293	-1.3110009206340136	-0.2132156683352711	-0.4661749875297488	0.13612080432896126	0.31161786035799527	-0.6495419702110525	0.35537795368070585	0.19382961349393563	-0.6538726718598477	-1.177654641665148	2.347735204696396	-0.641159090921688	0.848765423981971	-1.4208909686236049	3.575852988446164	1.7552610419704833	0.33440686596085695	0.4804692555509341	-0.5055704723712451	-0.27421080412836113	-2.451438138177741	-1.7107359629291403	1.8726871466320703	0.33716870208860367	1.2805761514051381	-0.9456171917624269	1.2716454819843135	-1.4061123755849863	0.5902577687122628	-0.07328676754968272	0.5777449257657316	-0.5564360579214059	-0.4543880613990688	-0.8538681185903939	0.5126336012752385	-0.44151763031764624	1.1667043123997987	0.6215370557945774	1.1331879828359241	-0.7824828969707398	-0.0843491554216912	-0.18670824331937338	-1.0693406794742695	-1.0792700894762168	0.43468427227870154	0.6087300424494456	-0.5286351949614778	-0.9285815568968915	-0.4807717928402388	0.27643033174025733	0.37834237328394077	-0.3980750955068499	0.34755834815741354	-0.011295770990606226	-0.05515837060246292	0.43522053766868996	-0.1186015576664087	0.09032850567154817	-0.4594719048876645	-0.03396764210048389	-0.34076335577853034	0.27933832881348064	-0.2386188710430514	-0.0014177942641704316	-0.49588859000634733	0.21616776190759168	-0.18276253963566594
DTXSID6024888	-0.11357884817074876	0.10267929543368522	-6.316398365548729	-0.8305041434102529	-0.1361619499056711	-1.2162289610680697	0.34396251923322496	2.218400949494221	-1.710934349190069	1.3655802862709912	0.3448411013848104	-0.4218272427493814	-1.277239185431588	0.6229300995758238	-0.8606430235001952	-0.229795259133007	-1.0342785790789137	-2.5129207734895402	0.8742252026268116	0.44905601261298733	-1.4322621920435967	-0.11209332576236952	-0.3307995848138947	0.7221293428616811	0.5321763340778181	1.1846398502972453	-1.5305177773695986	-1.4218559124206094	-0.24332223357022692	0.5391382761352199	1.612855023049582	0.1493358737294678	-0.21515787045357757	1.5160694844253007	-0.33801094019946376	0.38555690233920115	1.3074769499863377	0.6634147683581452	0.10433677864615308	0.26894614303328424	-1.1452199261449767	0.029894076834159577	-0.17524407856271576	-0.9928713386588587	-0.3073349771503752	0.05885472074117762	-0.0075118049546023845	-0.22123263055584783	-1.41052951356121	-0.9870533831793628	0.29870976189660936	-0.32005236922406916	-0.13424709927434267	-0.5184940725856387	-1.4308632293479413	1.5160827672021224	-1.1217866779164118	-1.2597664508243362	0.9949586837797417	-1.0074126906182441	-0.04983499202388469	0.08937154566271893	-0.257335468891018	-0.3654079417808243	1.4649796070382322	0.0627923989519145	0.8863025352954994	-0.2511775595873534	-0.39786260273276197	0.9655190861211054	0.1450983088664669	0.24365170281688409	-0.25566000465523425	0.09507354591611333	0.014839249874571116	-0.6668084416387724	-1.2404189097565654	0.6368622683878871	0.14998609102395774	0.9813600483807832	0.0748100726810886	0.08019218428869644	-1.445079513452945	-0.8223323229985603	-1.0798073062076992	-1.2480394036175568	-0.9759431847486517	1.1226208631862276	0.6385191010896623	-0.36985208085162097	2.269215435898402	-0.0905796639834968	0.5085530498726777	0.6003949852775379	-0.007531699260746242	-0.6536499217733155	-1.1834210157274119	-0.37674618828853035	-0.7386366799628704	0.9773017717107354
DTXSID0045967	12.12444309269452	-0.7902591498144489	1.8692174192604194	12.27511953141721	0.25710522338782776	-5.510338881628615	0.5562883010152001	1.12589760788744	-2.3519628624355002	-0.9000158546265316	-2.811128087370598	2.015223882195263	1.1590566829710733	-1.7574405901811256	-3.473680903060209	2.7258297867108587	2.6583581443309665	-1.463228183580582	-3.535011508448501	-2.934248487778147	-3.272650068756184	4.6038344427425155	2.360851240469101	2.4817648564142307	-1.163689400562325	1.5986492397753032	-4.061453610082146	-2.663714892379776	-0.907283409139353	-0.25297076878110314	0.8888938069320543	-2.7128365227556905	0.6518157002767256	-1.48247175613009	1.105796573132905	-0.738512143836448	-0.14173010461461058	-0.15259682840347966	-0.307166952456539	-1.669092848221794	0.9054722578638256	-0.7213951263256668	0.14021428779594647	-0.5486704510817849	0.11894467798373394	1.6887621451458716	-2.8619736489445153	0.87447452939977	2.8992999173875447	0.5270181920087609	-3.145227488490253	-0.7143415511807063	-0.9837063263327116	-1.0763346149614357	-1.4294253768026097	-2.176388686328007	-2.53291122708742	1.1522869628716874	1.1623107721445256	2.6972237320131645	-0.47982783163688103	-0.0759976872792833	1.363853912681253	-2.205919709254082	1.1871378859501267	1.8081291126372896	1.1863583274165435	-2.1285631408426195	3.495066961325174	0.635030478659408	1.0272811249498206	-1.1298968575657762	1.2371659641375155	-0.44766507165422414	-2.5101663259078055	-2.1372406447177257	0.6140579212854308	-1.0666618018797234	-2.879055654113892	0.33448580181974247	-1.3383598419954736	-1.29890260979739	-0.794348887702673	-0.9846272875110327	-0.4850056013198714	-0.5814677285033103	-0.3420097835420413	-0.007911227068967951	-0.3795283324808628	0.23652969284666026	1.5432151618220922	2.154335209360039	0.7957167637038518	0.4407177789107705	0.7225197838155427	0.9980403077684579	-0.45817347546000936	0.805161751984398	0.4991636886505255	-0.18250093117655833
DTXSID1046475	3.6480533762276526	-0.8411902338574705	-1.6260807395335128	-0.12518284491159717	1.151772415889004	3.4867405794537403	4.479447678112364	0.8360868259973753	0.20051710360480557	1.5730572306188242	3.8018006836318436	-0.3740208820397164	-1.597604735848776	0.4347912863216089	0.011417690231577817	2.3576514148680956	2.6265681140460737	-4.288903187130263	0.8177846358127728	-1.7935009624469684	-0.8639073781508868	-0.9091458543120218	3.077099779921357	-1.2489803076026325	0.9538096810521198	1.9021445263970114	-0.21217495365531328	1.0315606209899832	-2.5046142728689667	-0.915345047034279	1.8337784723063821	2.1538603985015574	0.18195838814762386	-0.3768729097617442	0.7909343069119589	1.4533403682379438	-0.33516588033747097	-0.8583329094059732	-0.6561850149190593	0.02682560156890234	0.04059078810003142	0.6905526649202959	0.035358361613025725	1.433543031826866	0.9867794053639518	-0.16143735412615687	0.8611426689631351	-2.013508257589473	-0.4065281698715742	-2.0450693008002605	-0.5125149467342004	0.49806049213017983	-0.7665788845643077	-0.7869093435648583	1.9277556023488414	-1.0815815128654505	2.511014070371653	2.1464597909540415	0.8361683557651255	-1.3535134209421475	-1.9150792190291068	0.30720667528960227	-1.7505447663064475	0.8427256569325582	-1.42379927438387	1.418256163924667	-0.44483275412309836	1.4422160781629585	1.7271317118941	0.7855802184687319	-0.8613223471778522	0.7522004631756849	1.0433297944345994	0.39793483522256506	-1.2629997407543714	-0.29012306034318835	0.6359110805898761	-0.19063218955172928	0.7700921391436142	-0.5225639137480219	0.28573877182580626	-0.07264714769030564	-0.24906790510238758	-0.44673807047625663	-0.10469382994439849	0.19522948279086777	0.43478666754669965	0.5759759321757376	-0.012613078501790503	-0.7299233468586233	0.21866173107790288	-0.1631660501371294	0.5685938191385724	-0.011728572610459884	0.5385828723751646	0.5580893536805613	-0.022333541863065184	-0.16330623300922684	0.38059625561222854	0.1777032872920473
DTXSID8026307	-7.404797030248529	1.2484694074405303	1.4126952959684613	0.7622193784724247	-0.45007947859748093	2.6196766413599275	-0.8280213236720256	1.8180467820865605	0.6184022152503124	0.17433820085337517	-0.019331500856246138	1.7504045464365612	0.31204707565860906	0.6425844626117804	-0.47113370489951667	-0.2823173995266092	-1.8518117798018983	1.0094862403690974	0.653513026469129	-0.4108333208928065	-0.6873737951946971	0.20262188200961725	-0.47736557523086703	0.3855698072036999	-0.5134768996278101	0.09236196834273462	-0.16702351133831353	-0.8262222371395604	-0.0978890158854173	-1.1690197194259389	-0.37816658139200715	-0.0545560573328671	-1.0525671666268401	-0.0598316827111723	-0.6977184736229542	0.6347232017736095	-0.576865047542974	0.8882476775139344	-1.2665593347690398	0.24468221233761633	-0.060284724459932416	0.18271804105715195	-0.08036712349984622	0.3799389931861159	0.5091265291439409	0.9002093083321038	-0.370740318292899	0.47647223499591146	0.4932707371341443	0.0380393136478157	-0.07620323739471424	0.6473590446391767	-0.00038140337349026643	0.6008153290278969	0.32649190480167883	-0.08791862048188802	0.15639053840046616	-0.275802323993001	0.5351073365227249	0.4490622706033195	0.14344596435105356	-0.7146677892998791	0.25926059807266744	-0.5386088267182177	-0.14879439847000822	-0.6303624200709372	-0.42997384567355573	0.4639734380986258	-0.21430569628512114	0.35485712234194344	0.4008479426462999	-0.3210524472663724	-0.5361247502409087	0.1885861702154474	-0.05773174575265707	0.15435628666253062	-0.14411005676332808	-0.15594681497717827	0.07467630668669117	0.3546317005464088	-0.08941471207833404	0.11681054146428425	-0.25398844586583125	-0.12331201678750595	0.20474589872201412	-0.43617068624508726	0.27184347391976804	-0.01697723902767909	0.24429869652910272	-0.17529461009873626	0.03983876004140779	0.1265232727145986	-0.18729407934681208	-0.18277263906532798	0.14459249128319515	-0.03352686929268913	0.06098306874760854	-0.1928457540875161	-0.061989945326903564	0.26834227540378053
DTXSID8022824	7.22791293266743	-2.2603801255621194	-1.1520288129282332	3.1435717920288098	-1.4268111878964573	-1.1752500430004857	6.457181323799843	3.460967724649631	-1.8236419486145599	-0.021037288471754612	-3.0152919220388967	0.6629588747098611	1.1261372296917878	2.438905593522139	-0.37686009689764705	-1.55280144497397	-1.6237995647139916	-0.5320148348587577	5.648004404799966	2.5726532614939894	2.5404859541486324	-0.5504517084654373	-1.0619432800226374	-0.7791629098729091	1.6074651364616468	1.3285361555123605	0.8373285019072383	4.480185543292576	1.5557115915033604	-0.442917886892983	-0.8985765436964374	0.6619345487278975	-2.964556255708976	4.580925422035818	2.0347328604080985	1.4466244176752499	6.577926706239029	-0.30082101388192223	-4.121132250890303	0.20453983885287405	-0.6486533442391649	-2.580900158550971	-2.1902050125201717	5.144563332708441	-1.7195240258128097	2.3226021594060704	-3.568968071879566	2.265577291626584	2.2352214117562346	-1.010008715648019	2.3373260406848977	-1.279184556026667	-4.427556735834051	0.8553206717565233	1.324448464279029	-0.09403020130681307	1.6566367731989489	-0.9289480787314159	-1.7996008578083929	0.22444326406751494	-0.3312250864147935	-0.6560465453146948	0.6624807767199395	-0.7945010974989877	1.5465487204922148	-1.509269360084286	0.03152611384566221	-1.9347515079510522	-1.597645824229296	1.2646924250184863	-0.3641788086818515	0.6510107654153003	-1.3089099212137207	-0.328863577684261	1.390673706632601	-1.2688534480358378	-3.18688354940618	1.3572689716231823	1.3665159964640332	-0.3056494773970011	1.4114692344897628	-1.918314858818995	2.740999260488865	-3.754539731915267	-2.6914179345612816	2.2220474087270174	-0.8112555104399544	-0.5579810215223547	-0.7900851122846945	-1.338803983553999	0.9253644177948993	-1.6668127467997056	1.616715164158011	0.08731963642276586	-0.0825765532227728	4.025117606112084	-0.5987370455595632	-0.46732524541432485	-0.4734839301333655	2.81221450094339
DTXSID0026044	6.633520352838429	5.601854639879128	3.3138903942104667	-6.787429338588927	10.701416017134225	2.5825918739650655	-1.34965994610508	-1.7036236089213392	0.5848211255229533	-1.5062939144614058	-3.9273783540988467	1.6950780059334385	-1.7030011854688196	-0.6711138745460122	0.9661401988436488	0.32733497965012803	-1.2647101476129328	3.2891715660647733	-0.30252831610707304	0.9872494374656516	0.8415510511041188	-1.5454069100537149	-2.5462630945224687	-0.08806110752580446	-1.2978492656925817	0.8105828895990831	0.49966441924845106	0.9980864879693226	0.593430964397793	5.178157869304112	1.9720023036040726	2.3938151227435185	0.29082800565334416	-3.693775492199845	0.8856851069582645	-0.7450280964890847	-1.9876295420825625	-4.632490517592496	0.6637848668667614	-0.8138393868568967	-0.25192392596229224	0.10292696825648898	0.32174779842215523	2.1550238955631085	-0.17594715772386973	-0.3130144112243825	2.8462342417142974	0.7601162041971053	-1.7979632820172453	0.4881888857657145	2.0416344496021033	0.0011589208231481615	-0.6130908174457609	-3.300402934100235	3.3335423768919807	-2.908816376554047	-2.1322975147596095	2.965248262502448	0.6723366337659182	2.447657279663032	2.8508480425988396	1.2144626937004983	-0.6135983728964772	-1.3415588788795527	0.3715965942128637	-0.4474063289079644	1.2891856242324662	-0.2781197178406709	-0.912285759150706	1.9262989885232638	0.10806126682221123	1.7360883802285556	0.20654409230020443	-0.13511532490208553	1.1856049145348304	-0.8120083922211035	-1.3350610408809152	0.1629715752134742	1.3503518740257072	-0.16045044433399577	1.266425582069599	0.30894697633664625	-0.6285549523651413	-0.2126186981467083	0.7958765248310051	0.255862699363947	-0.460302159009892	-0.7269321891569026	0.4248707673059717	-1.876005215528739	-0.7136264264609082	0.5371067925646913	-0.949710463136195	0.20360895350723887	-0.6446184590684078	-0.36083820806763484	0.6364121117748205	0.14060042604583128	0.8811754239849647	-1.271812800126808
DTXSID9049407	-6.376933756627795	-0.3202985556680883	0.9209525882849325	-1.1381582526214091	-1.6508318139830025	-1.4092720159746235	2.1727324131005297	0.9493821300061412	-0.07058609305498677	-1.2005047130180753	-1.7806143840450754	1.1076021715062208	2.4561078258140108	-1.1104432474215968	-0.7659169934450807	0.33432766507013945	0.2347609267280446	-0.1478991099920083	0.055500624596380214	1.0983530013497282	-0.05833292286631056	0.1018981824887803	0.14990102009697245	-1.537403618593187	0.4234565546275416	0.05080865265272645	0.23848157617474516	0.6330325404411389	-0.06643100978359208	-1.3205627169045295	0.39023470835958507	0.7979156850798821	-0.3221468969762251	0.8153445320428345	-0.06293835173703517	0.18450323318047662	0.6280685932654818	0.885720242654861	-0.47383351652632594	-0.701258588057304	-0.12514065995826562	0.37937852500115615	-0.01581430721743295	-1.1416592481530696	0.14686366171404408	0.30585263032917676	-0.27366184332786503	0.6105580303901341	-0.3653253676116754	0.18725052140338783	0.08140483976814994	-0.3863629547648419	0.2012158983446041	-0.7771087075110091	0.13382072881719922	-0.18705633257481594	0.45883201852287464	0.1446829747110131	-0.19462277086185376	0.23921124780091899	0.5298329050662054	-1.0208651182563178	-0.1331574561864474	0.4047292517203275	-0.5462978786506871	-0.372603205152604	0.24496820777453662	0.04851639115442761	-0.09143748847273014	0.2064227252384245	-0.16584317204482907	0.2022837856228382	0.0897251830834571	-0.5103062046967553	-0.8549320701502211	0.4268373569444603	0.49608785411777473	-0.621215857032324	0.6030009348027038	-0.4359272074387724	0.11731819645431021	0.14136026596676435	-0.29146602912811537	0.2120489115333163	1.4223340258126433	-0.38332108810184856	0.6668827525900742	-0.5947818514712432	0.27894264424771953	0.2751795256344595	-0.17238673686365422	-0.5090685513591429	0.0912121586392894	-0.5486432617116859	-0.32653239287571034	-0.2588251003484334	-0.38701700879736284	-0.06605058086567848	0.5612618480566351	0.2299955997531
DTXSID2020006	-5.3299052550552615	-0.15070595415930413	-0.518108131139022	3.709939114731701	-1.1593807474527358	0.7576499966083525	1.0749505400610457	-0.23032811383713644	-1.0652932829053787	-0.8163135884197139	0.7626537611004419	-0.7194768699887424	0.09007102848441455	-0.6784552733700808	0.16833042469535847	0.0008239865305820213	0.17183043209362428	0.3377053183402564	-0.02010179304064168	-0.2854824405915592	0.4107814902621293	-0.48403863332302066	-0.33403182014857274	-0.09981769863311239	-0.1933309008476368	-0.35670709107301746	0.7109586358868861	0.8590270877715716	-0.4227881968811916	0.499458987427653	-0.14115107062091256	-0.15978728822050603	0.16682575534278626	0.014320884633611147	-0.519620783185148	-0.4792305690425181	0.19359330405304892	-0.16524375465310312	0.7040584564544469	0.2442501249734406	-0.0771650652467683	0.09956721754040353	-0.35363503546485336	0.2432947605647406	0.12143653835199496	-0.5567416613446002	0.12170319931960537	-0.32363929019634463	0.6011285307323981	0.37873998674521847	-0.19271261961790925	0.03897120163937432	-0.2718422537502284	0.47791165266743346	-0.6239815581713105	0.18427287545685422	-1.1944505243563153	0.2513245272848023	-0.019961001995355436	-0.09711712232300042	0.06719548162403036	0.1803575132793447	0.13847509800588445	-0.08800493877696886	0.16783173106480131	-0.38733250821352044	0.1531244670431489	-0.30973015886456917	0.6177920077048893	0.6448811807562901	0.423966443036175	0.4562447162096141	0.35128641820490764	0.04166733273090958	0.3911081068479003	-0.08837631506522901	0.22370096470653406	0.3710809849420122	-0.3676213818274653	-0.3616542292306887	-0.08003297770933107	0.01085453556900745	-0.3451539590906234	-0.15792807804625528	-0.0681212806189854	0.02264021049679095	-0.17080804875973335	-0.566819922903665	0.35929477358068945	0.37929785840353064	0.08533462447743131	0.35572567436816815	0.105469833508971	0.08408014961762575	-0.06657661595791248	0.2735916044028212	0.0609214344233387	0.061466573376634914	0.14155378255981543	-0.06550194739968851
DTXSID1045792	5.453883324737304	-1.6322216734801742	2.0737749553360016	-3.8579970146967635	4.167411943709129	1.9774727973164032	0.6628275476214269	-1.6964850345420428	1.4068881684159427	-0.268775173401496	-0.047979238996822444	0.5077986520545945	2.388078816290997	0.9647641213246512	0.16656016234967372	-0.9986232652229035	-0.31538151212543414	0.3158079209466367	-1.796380058858436	-1.3740566845873088	-1.128924623061476	-0.500515667938117	-1.6461701360985381	1.1375932551325347	0.5971029351708479	-0.05656685712805178	0.16594325520732015	-1.9780674633100706	-0.7679185461573136	-0.14469006597315398	-0.2153489932556055	0.9279117408714089	0.2684951670832137	1.1362666023715284	0.4050897305642294	-2.3427473444808924	0.9985466308721762	0.8490386819896839	0.45533710414913803	-0.5744561801225605	1.0456203552324603	-0.5652851519889766	-0.4156218620675422	-1.1627905208948246	1.330438127264344	0.37956933668778187	0.178136484757671	0.5067157817284161	-0.9756581336347658	0.11851529140987122	1.1150776394111122	-2.1066411264538014	-1.037710301534951	2.098236723572838	-1.0540295464746445	-0.03391658624238224	-0.46359900306635093	-0.2184703884315078	-0.7176246153643885	-1.5773413799523006	0.35830592462877586	0.21573398955846923	-0.6939036003042914	-1.466113628671089	0.07531642067667756	-0.18078157045913745	-1.6273573075305714	0.5337609214522788	-1.0994017161799214	-0.5936205265590697	0.7639471076697942	0.8632272065551796	-0.30713605684390133	1.2249667319001776	-1.0384714338450562	0.7839033663685937	0.7619672927496351	-0.5305900552702298	-0.059464049027202655	0.07469579294200511	0.5315342668007177	0.28323084457953807	-0.46544090902160395	-0.9656262700530177	-0.5272712095226534	0.15347579847112325	0.1385020142207922	0.49643426783450034	-0.1418048993519749	0.21160348857091363	0.2821285144403115	-0.11140363983293385	-0.5482270649799525	-0.27472343729150644	-0.22741739902939398	-1.065843120628023	-0.05232123621015175	0.7414050269783852	-0.3080393567669525	-0.386307205520285
DTXSID7049427	-2.0046990183487967	-2.136170820578118	5.29132622467162	0.5457215122854298	0.6093476852516725	0.5974063508882768	-0.2514174788755006	-2.3136977433147767	-1.1889417426682252	-2.3484515360992115	-2.2597061736086816	-2.302855195724378	2.782395273460844	2.7148473789058745	-0.986579678768408	-1.5655318267003353	-0.7902918411354345	-0.5616219358622795	1.4910312568029778	1.475201855095589	0.6427962347181354	0.21102118493140443	1.2513560132506771	-0.18056165207487523	0.29726238095323543	0.055876227170979634	-1.5711455098300584	3.250786199259359	1.5612407647745243	-1.2142118260843022	0.14504134894828005	-0.1517646535290939	-2.259422426298078	3.950592618351257	2.1011020919254446	1.495788190024063	7.284619774511693	-0.18743537437156124	-3.357336953159469	-1.3481073304861972	-0.8721380572291183	-3.0183261725611	-0.18113484843056432	2.235298944082075	-1.6068095719502011	0.8954253765603297	-2.3044909511734795	0.8749676376395186	1.7174226883755535	-1.5398166259798298	1.9758531880695334	-1.3932140613123472	-2.4340874215171557	2.4838689678673176	2.600859895020031	-2.2204130605166896	1.7195228328394672	-1.7108782683146515	0.16357982544459773	-0.6092127856483148	0.6559526738195912	0.16830676816370166	1.4201207871127144	-0.1353395846520588	0.9555491120423815	0.9243977379051582	0.3894318659072749	-0.751331606594761	-0.7785382557749914	0.7352272177208604	-0.7899337734449225	0.2676805355536875	-0.20160592751372328	-0.46430319259219016	0.44804550197786336	0.45758048803247653	-0.49732645744796916	-0.20229204195796469	0.10278329880773701	0.48297569137826735	-0.1382605017574173	-0.4746384756476891	-0.3157866475102383	-0.05140976536796798	0.35103163893007916	0.3690370208377884	0.23859887469295052	-0.23621330780051997	-0.3508913869758741	-1.1374579108319964	-0.49095908310049396	-0.09234384563870415	-0.050889459001433865	-0.2530201410757453	-0.29164016461414244	0.4430023309628297	0.684407140527615	0.6730593999049198	-0.46308419321199384	-0.3128119527711296
DTXSID9040760	8.685645922795384	-5.913637514577322	0.12797417980940062	-1.3994251138921727	0.10444517539717733	-1.601677636470641	-2.5299011977729613	-1.1024849176441733	1.1736721432931714	-4.560830070402034	-2.042769101560021	0.497192066546976	-1.9963814392016739	2.360082683936161	0.819387695760942	-4.769277158246813	-2.2698799106554945	-3.6278083677834947	2.4849780330879425	0.37734561049800924	0.3890491878592969	-0.9745194780683647	-2.077932925683242	0.006619271059318257	1.3679198958305379	2.9290977699065683	-1.8510364917326139	-0.3311339574143106	0.5861400348315569	-0.9711802664593745	1.3124621125220999	-1.372860704703341	0.0866003897299942	0.607649178915722	-2.2636051252914644	1.8357895643307132	0.9164215614284617	-0.285583222512839	-0.08745637105588679	0.30395544652643286	-1.0865081871175395	0.8796755757405602	0.17101412602304647	-0.17713876370249743	-0.16524756793725728	0.49770061632466034	0.4094449606377782	-2.086637270735882	-0.2097001296049103	-0.8867267607056145	-0.4896779285558275	1.530812446578645	0.06236891894214577	-0.5678765535014428	-2.0339055701468407	0.5824625469866206	1.654113013703679	0.005320836037517316	0.2484779932320486	2.9252807699588192	0.8245985907939729	-0.6881234710206828	0.1128497398900231	-0.23509944497042676	-0.11943147164307331	0.9042872714805619	-0.8578032640680773	-0.5068236351142881	-1.2236218637294702	-0.5861186443762868	-0.29574721183921454	-0.46857952698088645	-0.08044845734473682	0.16773290939874058	-0.25888674776058196	0.3360981852039303	0.12758667735440926	0.1065982653985368	0.10657950954559273	-0.5355989925238488	-0.30064589748867465	0.8598841044519417	0.5985909155476211	-0.669237687148058	0.4186244962871768	-0.8426769093940778	1.6084908009801422	-0.9804879943897262	0.6084309683482491	0.45783888405534046	0.507246025874899	0.518413030576564	-0.08601787845233837	-0.6200994646768083	-0.03480236812836774	0.4491730805123951	0.6106627320380154	0.47619622894008606	0.16321973839630669	0.5395761801733291
DTXSID1045586	24.293206159212456	-8.691605250051333	-2.519429874510824	9.70835422868106	12.093479524301499	-0.3862847554384656	4.560286014449681	3.4974684233163797	-3.0458963181782743	-6.589757601729485	-11.167188678902976	-4.460202728253076	4.468528815197978	16.3989372718978	-1.6474854943166042	-5.8430618350094266	-5.893567536121932	-2.7862276177027785	8.2042260352685	-0.49553218556308787	3.5913203728931773	-2.875736051297144	1.7217651411958717	-1.1943834538104967	-3.610933729778165	1.8240432720337478	-4.517170155476989	-1.0120534807375614	-0.21171638573704993	-0.4201787788479908	2.8688732885769945	-1.5337559339864002	-4.393127469979258	-0.23573725404488943	-2.0476205378528816	2.0806052274732827	-1.0176773890435755	3.7434325907217905	1.4871575821847918	-0.49736983019865394	1.1784823116326595	2.067714389419816	-1.1695666230766315	-3.345397404755009	1.4733437817108919	0.6102506561924197	-0.7167348712162733	-0.9484064646553287	0.0754162595689162	1.0975722796608018	-0.7664546757168704	-0.017453879032013956	-1.0423325589256902	0.6914364608018078	-2.002896029801884	0.8679081473068632	2.158250341701666	-0.28728967717295123	0.3270320007546689	2.1762809940709666	-1.1965805894571806	-2.3053193825411973	2.7529185236770135	-0.6255810965401102	3.118512197248332	-0.381873039457019	-0.08810154805227745	-1.6095828731888788	-1.207366010564156	-0.35994779426752443	-0.9523832709284613	-2.5507168755594014	1.024836350000425	-0.7726002593844042	-1.4088180858125139	-2.6619778100697764	0.3759718021932039	0.6369898090869155	1.5722120129337067	-2.0555327439382562	1.8101799073232665	1.2609808544054426	2.887502982166571	-5.050487090081803	-3.390298785477181	2.9960120837844992	0.6852167066516935	-2.265211362323693	1.5100968007612952	0.12261820008892947	2.2624442696507834	-1.490625996826938	1.6687787193410126	-0.09653553561144919	0.6735031087845879	3.8259912989705493	-1.1171783841880263	0.011693229699065147	1.1299291107200375	1.4498418169020375
DTXSID7046201	10.852966465302588	-2.4885288919739375	-2.418090925167773	4.8630223722692065	-1.8122235020930453	-2.422811539421397	2.770656521228611	1.2652586509634909	-1.6616026501061016	-0.7857821393813369	-4.0187862040925655	2.8281215008953704	2.491564156049982	0.5681473885249004	-2.7591666166954636	-0.09537528415845897	-2.1920866165953727	-1.406497341531092	6.268307460425371	3.363850722984069	0.880860339008563	-0.5688113030816704	-1.1101661605596322	-1.0539375168506604	2.4298156921070033	4.230702202741596	1.517287824643497	4.412961734325717	2.499292602783203	0.06318403036864964	-0.9427298079269062	0.879119625080402	-4.986760502825816	2.9766372292949943	2.6985749124576515	5.90062455836916	4.536340602545612	-1.0979274888156116	-3.260341537876639	-1.9774384195410228	-1.1704207044218642	-3.186391082018064	-0.3839360660444608	5.288945638256288	0.49572580555056134	2.85928687501388	-2.3663734746969354	0.9961912605015931	5.541469210342387	-0.7188023569772996	6.331577497530435	-1.3029968795286524	-4.143105284602932	1.7143018701620953	2.1082249141734035	1.3183606282427263	0.7159519903582896	-0.24874676917284622	-2.651097396461482	-2.6547836531850404	-0.6965995341789245	-0.7299218474879586	0.990914064077695	-0.8477151792060202	2.112640060196648	-2.4274351610230336	-0.9884349201006732	-2.162419989286404	-1.7837964149574563	-0.5198155432902267	-0.6200491752835806	1.06623261855275	-2.3955793674236383	0.8941497443184384	2.856898436936083	1.6426723515007564	-4.809244749341999	3.814478151789225	1.4768609972003852	-1.482214296317284	3.5965396146469746	1.9212854882348933	4.265323972405113	-2.774978580071106	-2.5190208317908653	2.1920089106110234	1.9068660452894817	0.4106568828878266	0.3670686110815302	-1.7834484677946798	-0.23931210069863468	-1.2612348343117192	2.761006454349752	-0.5712293163004842	0.2641969002955651	3.607233338583602	-0.0385750912493644	0.5795799010487761	-0.4309106288840165	2.4201849632608465
DTXSID8046456	20.389946938582057	-5.289713776063804	0.9536905500711506	-0.24195251208729315	1.490775459201141	7.374288621005702	1.6515894211963196	0.33824044515886803	-1.4198764103614485	-3.737087859422711	1.0475819059543525	-3.001563078631129	0.5923611851726457	-3.0474490194795663	0.8530785856009404	1.698234875072844	-0.8175928543020847	2.2667789640391054	-2.135143148030168	-3.317935290603634	-1.709446756420062	0.4250554060606577	-1.2554113121552641	1.576684214166346	-1.511090126953605	0.01721703805633419	-1.4934399543281347	-1.2131738247372241	0.18840987269824885	0.7806226400320558	-0.6615410155773337	-1.2413171013902267	0.6608963670181757	-0.238339500489187	0.0741706770101912	1.7196591841454274	-1.058898284254967	1.5619240675118136	-0.9547386063872636	-1.1284307532643696	1.246195140752375	-0.22170523293524236	-0.3115215324296856	-0.6725608201584754	-0.9151875352564613	0.7845386637691285	-0.026787428420506333	0.4556174160490906	1.6277753936028547	1.666559134851966	0.6669583682580433	0.5571012298153728	-3.147912944984746	0.18245960400573882	-0.3029426299621312	-0.7979210274234476	-0.4814146022266161	-1.39877441285366	0.7851810224600096	-1.5722005106063235	-0.24034391638148894	-0.16619789647953218	0.7018237260004674	-1.5836027154035373	-1.6239734281533817	-1.6611956213002768	1.520804123238599	0.39625019263919314	-0.37056242466896044	0.09387608373400458	0.5292107805096378	1.3531035550673387	-2.3030936080531426	-2.4193177876645	-1.056139446036003	0.20848020393235964	0.416014247375985	0.8176203221577677	-2.572735147774427	0.1983901305080296	-0.8914240570434103	-1.5577349395603604	-2.4388757466873447	-0.1466954995095473	0.6102128688133466	-2.6697076337170467	-0.1599733225973849	-0.2800930531689371	1.1802073346478632	-0.7395920730717276	1.8105877277842184	1.0489690308915596	-0.38289620590135287	1.4462853186578568	0.3784793205656208	0.4169684983165966	0.5604328057834894	1.400845351867276	1.5664854077579662	0.015449793580953303
DTXSID0021414	9.058479755979983	3.837193023541544	-2.572365853728873	-6.125280870574453	9.915127867067692	0.21781765972119707	-2.7214308047809537	-2.676012687739303	3.4606595776749427	0.22711076209425612	-0.9527562284019098	0.749452475117784	-3.4965937063875674	-3.027403532266583	-1.9472098609803432	3.9613247249910546	-3.2878941964784216	2.337874811355308	2.199696994554608	-1.5193105793163049	1.03644121865009	-2.7690143571699064	-0.5563155137736542	-0.025205234257864504	-1.6484100216751514	-1.2065512590355907	0.005945918329836996	-1.3772524388446472	-0.9196911886118714	-0.32391282120948023	0.5706334503816199	-0.6188039320104657	2.183567018868427	0.35395219027380864	0.2974195892130801	-1.1767227183922706	0.7660528747499691	-0.02349710629760919	-0.019076460370000953	0.6666000142654838	-2.159487427272166	-3.0466663685465774	0.25404145037038256	-0.6164034494573123	-0.9306325930455199	-1.5813235192896056	-0.8667594784644723	1.5277098082692009	0.278673140503307	-1.593859882360501	0.2603619070104625	-0.8115931352057355	0.7790957882050722	-1.9337514340151045	-2.0566805716914254	0.1375548893905866	1.2275571858890795	-0.034809826160792715	1.3381730573696582	-1.5229529509251114	-0.4119102184760453	-0.9216328702213582	-0.004351613398926919	1.7334856849076896	1.9951096423880303	0.383280796595389	0.29425200461648937	0.20911622888819828	-0.748231057413546	1.3575723875845547	0.0575468173567556	-0.6198312631674472	0.12043320564692435	0.3544178791757017	0.6039611688140349	-0.41872198098241176	-0.05123400711513873	1.2570086632846156	0.7024800648137858	-0.7256837564832385	-0.5848915218519836	-1.1887423548270961	0.07817909789545474	-0.527583507662996	-0.3525540145116837	-0.12356379205314615	0.862964953651298	0.3819165078117718	0.9169998122992021	0.35033817973676673	0.042544870720204894	-0.5637204308940158	0.8753483252498685	-0.5181258973298752	-0.36733720334971226	-0.06476752979455612	0.9257473628331448	0.25816827913595486	0.8846554407128268	-1.3782123280021101
DTXSID9040685	-1.3272409333510131	-0.5114128843101239	-2.187128302801132	2.013447438252366	-1.853490247455909	3.153215645005134	1.9210146416811185	7.838941120132497	-0.12376608087332318	-0.84252425036549	-0.8053007508099765	1.2801374551010434	-1.2712632896508396	1.7649537097640489	-2.3113078572333396	3.488390120984344	-1.4444021991474991	-1.9591648613893748	1.7874110305609086	1.288850729377363	-2.9367806617802357	1.829443531875517	0.3716288561623908	0.13200314163540633	1.0814704120797203	0.43758896056506624	0.7985930019639144	1.2352234191798377	-0.8310905932910891	-0.7457614389189383	-1.7723964491377666	1.271322853834626	-0.01117684682275082	-0.25541872837706514	-1.5718891704556697	0.03912131060904125	-0.315859454327485	-0.4202368602207417	-0.028887284640024324	-0.8998702948321684	-0.8003314688196325	-0.26276969318419807	1.3646902921026773	-0.036143858204659866	0.4829933771711097	1.1210467698490683	0.46266655678249635	1.3764441096483933	0.4056855539341582	-0.7632073677392941	-0.3378409781431767	-0.05246011060798739	1.8475910984927135	-0.11454302283782837	-0.20282111154611396	-0.47288738356601795	-1.1414383373222727	-2.0846269436957496	0.31234634530354094	1.793187714718311	0.5076515639065551	0.3478891813531039	0.1459804846493353	2.2227089712291708	1.4129776520431314	-1.7693433942903858	-0.7030612817610472	-0.3482856763747784	-2.340941840197256	-0.7382796585726585	1.683541649553137	-0.47229461316305943	-0.04916143651944765	0.18533597113255662	-0.2527076270650156	-0.026055485567785013	-0.498007241988227	-0.15835183796270635	1.709943433514114	0.3234989290663666	-0.49481866879474595	0.03785546311401727	1.0752003473880913	0.4348008218529046	-1.0271234704004077	0.5256260070277536	-0.7182881155331704	-0.5864676419038523	-0.5517319876637864	0.9225211452211415	0.41041943389704894	0.6872605179095316	-1.2508544037160345	-0.6727231305431219	0.5801081416701348	0.039277356189999384	-0.2370782150839643	-0.47460821364755007	0.04580003727362061	-1.3272712019229524
DTXSID4046602	3.6231274961757642	-2.0095057943287595	-5.677736198213512	3.624610838865241	-5.014875633644882	-4.417966610318261	0.7921837413548327	1.7577538259255576	0.08917512579403186	-4.5531993060861256	-3.455251151566062	4.025683246329987	0.06815581182174124	-2.0825446940614363	2.8597621268937448	0.07058425942684932	0.5710351182114634	1.6161579284348517	3.1603520293240366	0.3066962283858645	-8.857857913538062	-4.546595457139837	7.120041999685973	4.42363106785693	4.485088673136034	1.0288250099263105	-2.0368916160947554	-0.7675889760703162	-0.717629281150775	0.420198986002072	0.5024351741145907	-1.6330251273284884	0.04448609505506219	0.07126540155546894	0.9283196090191497	-0.3857686128263251	0.8001900456009161	1.1439440196057442	-0.17132639991869014	-0.03274562993583283	0.6847111167098804	1.8901641088019732	-0.35408719105330067	-0.4458768132815804	0.08562486905138077	0.6631729409901823	-2.05969502577513	1.7604019035697303	1.544060542588364	-0.00032414967575506375	-2.6184505367404056	-0.26282982762865026	0.22586249573108041	-1.438566322101338	0.2634794702589684	-1.1139525465742675	-1.1887591325023334	1.0227788651766383	-0.7492800132896342	0.6299055942085219	0.07667152040220039	-0.2846485254192475	0.2844307767074181	-1.4487011884686927	0.9029394883834454	1.3630874901527201	1.1809632054886718	-0.4352373734403307	1.1014678060228895	-0.14394295476235663	0.4417575695420943	-0.09135472039411789	1.000433058821301	0.1931342634769759	-1.616676241824545	-0.4605215142085207	0.6427221655310702	0.38288491669008884	-0.38267072613709696	0.6148060814193729	-0.679868904091531	-1.2059298488045513	-0.9909637177835705	0.2903788462372425	-0.27111660134428317	0.8078275441160456	-0.26464720204858994	0.539966800199903	-0.13476767453062843	-0.6069321701455948	1.8963551849166738	0.34156132947021856	-0.29485112235103733	-0.18262003181660713	0.8975978021198662	0.44018098398316835	-0.07287084900082183	0.6693867580493259	-0.07523098721664838	0.21675597482054507
DTXSID3044887	1.7162733621309962	-3.9254744057977686	1.3503870072025888	-0.40775759763025987	-0.21191139712939638	3.201181562824248	-0.12261770625638053	-2.8347289759039915	0.7293323286923491	-2.00293788210322	1.1583075318615168	0.6326821074908971	2.100094137984518	-1.051765906867036	-0.26220001741743654	0.8282848211227221	-0.019419027844002446	0.058539984828636905	-1.1935611561675072	1.0755774348100622	0.6725760473098272	0.7075225776507804	-0.16692141300670257	0.3777945388730751	-0.2813432056195175	-1.1704276641899487	-1.563375518774599	2.179910504404804	2.5760425427517024	-0.9951597481235787	2.1380840273149944	0.4732074095505718	0.4187122885418864	-0.734567525635324	0.9782074396601641	-1.5850423377181104	-0.3199277896908733	2.48415539436596	0.39971919442815995	0.41036473694788744	0.7579511206211954	0.9586390118410558	-1.682810046468539	-0.9710401256037163	-0.19464364444255008	-1.0459420287981198	-0.5253227823588723	1.2558672274959235	-0.19716170731334437	0.0024750636130187968	0.915389565590208	0.1953969452105929	-0.5174932928121537	0.6587604920534983	0.28958525611664204	-0.4508223245201809	-0.9621736926408032	0.14261139154951877	-1.4603025796339466	-0.9846812406600742	-0.7831023171606168	-0.393449150207725	-1.2142285532444153	0.2112277436457225	-1.7003559280767242	0.9175804205760658	0.8222315900180528	-0.7469273389287139	0.9232956388647626	-1.4934591982513459	0.6556605157978022	-1.0468681792111416	0.24924646312892862	0.6333557197082487	0.08787255912800988	0.9685051476618532	-1.7161662699979632	0.10549688398167374	0.4059777112289072	-0.7996542035020376	-1.9526900395480113	0.904398791622842	-0.5993688597866093	-0.38805224125570814	-0.266174978759083	0.3121961074185686	-0.8694098602535568	-0.02656578570997222	0.18281986455901683	0.04381586975294593	-1.3843049001092707	-0.07238422079512398	-1.5019064356649046	-0.48175493274546216	0.900418761548728	0.6949341080247698	0.2780678371253818	0.5675599639356802	1.1127295312416696	-0.8365282578110164
DTXSID7020213	-2.9762215662152585	0.26535665693042565	-5.00379597441343	3.3626889027134452	-1.1967637242305642	-0.7949804585629214	1.2031639671308119	1.29187446863326	3.1076632018581893	-2.3174505100303886	-1.6288172089967858	-0.6547905332224235	0.015352343346142466	-0.032139641791269456	3.0829811486777734	1.5617880666805604	-1.2914834528991495	1.4956940130913325	-0.6112093491799241	0.0795445369057434	0.4487659601539017	0.2778486641047984	0.2840591385707382	-1.600175112334941	-0.7717546194114766	0.6702567915748983	-1.9782083490325078	-1.718121716233079	1.8900320406906945	-0.47694987142916173	-1.646852616431546	2.6419118611805654	4.729663024064718	0.6857765500826053	2.542998629900077	3.434398774603778	1.3529359750657215	-0.08674396677966481	1.4452305105691619	-0.05003462391341878	-0.5789856386098986	0.6529813744130214	-0.5448160564634793	-1.1563223017245137	0.4574667343683794	0.5640227709242134	0.19876301472641483	-0.08897655014829983	-0.059849924434796704	0.19830529776388206	0.674845376124861	-0.5648601411812324	-0.29069939727153954	0.783624526498883	-1.0407710855216625	-0.42533554052519706	-0.12462024022136951	-0.8858356797011055	1.8320529778135033	0.36722956553673697	0.4362161180265591	0.2798452625322433	0.16007032546021824	-0.021025674103698266	-0.7530987455958648	-0.6960580680103373	-0.8973484894923744	-0.29206206371237625	-0.1773090166113756	0.9501986851587241	0.3724227373492197	0.0431366264995492	-0.5855395355649514	0.01847159533481893	0.9916000428794032	-0.06893996650471092	0.1262744102886598	1.0981937173506648	-0.04543626031997702	1.4957470511543607	-0.040454991910411006	-0.10062493397641664	0.4933632364806307	0.7697006575551457	-0.07022263981619313	-1.116970249492345	-0.6245145239713108	1.96500910733436	-0.5914248597440169	0.3254403106238757	0.0731547117125232	0.13149194047370702	0.32899285380907417	-0.022830483241497855	-0.22592658836917426	-0.3756447934003134	-0.763427543181445	-1.13286671452908	0.926445566781971	0.39019054281132787
DTXSID4040395	-4.354556200052611	4.120144682345074	-2.752851992063484	1.2011009733368276	1.7642096502452045	-0.07634464318753321	0.9093532589723845	-1.8244654595537797	0.8034319719785731	-1.5274630653438817	-0.8464644038497092	1.2007828532936613	1.3916000704215619	0.7375033311936362	0.5084245778039569	0.7316923471149324	0.3483027864271858	1.7042775265503667	0.8322665467514101	-0.3075894671252673	-0.38769397463268457	1.8516379553929296	-1.8836298810200618	0.3277265790916784	1.3256105454430556	-0.22855431379122737	-1.0637409004421507	0.4953952750654402	-1.3106118750758355	3.4106918144160674	2.5534760880446195	2.1015506372676045	2.151545661629803	-3.2610228770824348	0.510267441003287	-2.601271590699569	0.5182598590825452	-3.16413465718593	-3.9326560837789377	-2.4349246684429784	-2.0855247333639375	2.5241745138867175	1.836358799685478	-2.9670742761170477	-2.0291319863092134	3.273320233068717	-4.226288414867534	-1.0805684579816077	2.521101235407599	1.6356980403986878	-1.542465651934139	1.4664093676410537	0.15393807959126954	2.0788878590503783	-1.6497020757834742	1.093139326762897	0.7626094005255862	-0.9609542609765518	0.6367325162294056	-1.5269603406577246	-1.896365237329519	0.17062391747335784	0.7641654438130745	0.5383387910787797	0.5401060596722576	0.848831544658794	0.539400963832089	-0.1958640094965083	0.446956986235408	0.102844512465271	-0.1397379341410834	-1.121590339381955	0.19577738508919226	0.1170540500041268	-0.4838036694852608	-0.07169618917689831	0.507685595736809	-0.6099786195330953	-0.2823723882772625	0.1347509772322411	-0.27006633579713085	-0.9532604047878407	0.199551518835802	-0.2346757325354045	-0.40162285965180283	0.003239182519606551	0.27088808583223656	0.07629450802815385	0.3609318199644318	0.6039069957579503	0.5446606303643695	0.1790223734464783	0.48448218560678435	-0.1386234209848277	0.08566576176929484	0.2820363443152634	-0.027888296272222633	0.36325172946388	-0.05125396802743319	0.08814759003606945
DTXSID6045909	7.171104879158593	0.9532661623479323	-1.027592879788883	-1.1681882582095555	0.3466712272038977	-0.009110109486899089	2.705058465968024	0.4726423022587285	0.47328909686998133	-0.6023431431030098	0.4017147683124146	-0.3894640021226069	1.2664198078077056	2.1123362533440004	0.7904618653003097	1.1780784699887252	-2.8506778212069497	-1.8111998543739771	-1.9122624593041044	-0.6219533588816111	1.8363359799350585	0.774481753740936	-1.074353094471671	1.9188034077613971	4.863104112158797	3.517685765564665	-0.717180928159271	-3.740522482826437	-0.02272731841094951	0.38400147184765127	-2.122911644878605	-0.8531493639616575	-0.7641894168018345	-0.04139663173999273	1.7021050577734806	-3.347037351902029	0.6721190032334614	1.2097161807542853	-0.00033202572471150495	-0.5529318469428941	2.2866780347779456	-1.2104613802461908	-0.8808523429326209	-1.5553126027983764	2.01038684569392	-0.8266022373710524	-2.1141924514655033	0.6519843878995821	-3.4792827212216553	-0.8466589832500333	-0.32893375958566134	0.6584740122419066	-0.14795885614021778	3.9695906470204694	1.0793978872097505	-0.12335043753366429	-2.9138798609876977	0.13854848514705076	1.0364706407704205	-4.398944081913585	1.642031127672523	-1.8054844858791705	0.2518567950495312	-0.18289305795336389	0.8909212617022017	0.9509817607327808	-2.1758540617981224	0.5972161960677193	-0.8740011498152714	0.8252965147575528	0.1907810376679786	0.2308163167816101	-0.038806764665043146	0.2101117087177378	-0.9630770612625836	1.596036808503481	0.9701379170014308	-2.118038448971601	0.2542018792046343	-0.7223199506649586	0.35016844249509826	-0.05387319464261339	1.6865580859419183	-0.3354938062158739	-0.07057352358183523	0.036024266731717186	-0.5565050330599298	-0.3481086461022501	-0.60665732422943	0.6264532494352164	-0.7636425047218299	-1.1752826156997707	-0.2634218686473237	0.5816304253016052	0.3930343703221494	-0.40786189024879216	0.4604943681907244	-0.27035569209225574	-1.1085266035525334	-0.8469460264717614
DTXSID0045674	11.467798504410466	-2.30294818518593	-2.625708528859563	-2.743376982075709	-2.593762011958329	5.889629376636772	7.5887879783133485	3.4304553724674607	-1.2869482311251688	-1.3461109007700036	-0.981048100090174	-3.1667840958316518	0.9380969803488121	0.28987703575695634	-1.1973698218895927	3.671863290781177	-1.4397771161596036	-1.7634796276614633	-0.49836498504629234	-2.156950737574224	-1.6057566584617915	-0.9870298091197023	-0.13532520791608543	0.2516943425453266	0.7583036079231147	1.5320120962577015	2.378098747681746	1.388427138280311	-2.4750577301174923	-0.20725093919678667	-1.1734410242098625	3.0482898631809316	0.5632198543656523	-1.1361531648018843	-1.9703857029259328	-1.3411410642098676	1.9335169174861582	1.2258787371808086	-0.5115550923955727	-0.7061645395241084	1.1276217718961625	-0.3009764081945511	-1.8604883187364516	1.7930463228556996	1.8091120770673155	3.347115118127011	1.0244300476623218	2.9883852656372514	1.9706368949871624	-0.6765649265244471	-0.287325582473113	-1.1938464163404374	0.05442795939907929	-0.3162551470627912	-2.199758585211563	2.9297105392979383	0.18086286301406812	1.6095306617662548	0.499858364640293	0.6385390444805165	-1.589848947508587	1.486218848478807	-1.1204492953359724	0.4764941710763654	2.057783377164008	-0.022444404938013626	-2.881327046750399	1.232044798178203	-1.343413133534948	2.629529799654756	1.7617688631811217	1.7474432738728645	-1.4597168949606818	0.17198060054972328	-1.0321170959070374	-0.9066182551311585	-0.7746167016879332	0.452211801790568	2.7998905506348564	-0.5117526181655171	-0.8506461829859305	1.7002349122433087	0.8049819206361472	0.3485942989465754	-2.3319753658180997	2.4379748645064763	-1.6095752470558513	-0.14322524408877807	0.7163376973962368	0.44489513440729744	0.2432246662863686	-0.8048675336921332	-0.24271831138189173	-1.0661271941632913	0.6950901933264555	-0.3495635167296761	0.3083075780954625	-0.08724733744000161	-1.5862657687571047	-0.9925564544430696
DTXSID2020767	-4.581404808199339	1.2198691740385434	0.9306116119194918	0.09861640901386756	-1.2505730786502156	0.14412373271990214	1.7426018046667784	-0.09515767490497413	0.7319588008807864	0.2949688239002055	2.220039179438448	0.4587859022966924	0.594223474345069	0.12113357342160912	-0.06053337193508644	-0.21434714722562334	-0.3815043477056935	-1.2126262982742717	1.6096056215838541	0.1877851491401415	-0.6797745151980549	0.2500111306743249	0.15208551097719075	-1.5336290417584701	0.9279481820821224	0.7443667067116069	0.6526656875193962	-0.35725268044736785	-1.3854792346458178	1.3391316561066002	0.06801156054244635	-0.14180123717935267	-0.10452758955866745	-0.5680503158320999	-0.5236119206092574	0.9925502604316535	0.18643886991527708	0.9141472933420424	0.5736462262581774	-0.8023130205794876	0.35662352319615603	0.9298286283889526	-0.0999142437441266	-0.6537338529968242	-0.15581093994674777	0.022388327362044533	0.08406039059601657	0.027767216179538676	0.734378222323337	-1.542369863813693	0.3773847495580276	-0.469346501850857	-1.1916600832979645	0.3941159435880714	0.9089279413889156	-0.6730403495140662	0.5041906562348135	-0.8185631786145338	0.4499074817160617	0.20129173565833988	1.3563444618352136	0.8672718379855879	-0.767073039001417	0.0049626924170325755	-0.06034045903117037	0.6928352493978011	0.28682542622069346	-0.7538815396872006	0.6926195155854871	-0.780094961405889	0.3205214049633755	-0.20326888317977357	-0.29072648682559044	-1.0975351239776918	0.17780026019164905	0.3591589454657103	0.655055105768395	-0.7690309621485225	0.15710080041221255	-0.8066733691605044	-0.050873452280308346	-0.3422819615708044	0.3553561930639744	-0.398106833586242	0.14591553225798495	0.19658282037051084	0.14404666435603244	0.3108254123649907	0.08321770216635352	-0.6967321768848663	-0.1968650728120474	-0.26557737464762904	-0.018948997080833585	0.42185385698287753	0.0573725659287643	0.14627898348258422	-0.06265339099189038	0.10818392941245311	-0.8095102226197534	-0.45236899099372935
DTXSID8027323	-2.925125305064082	-2.637502478870322	1.4144284280187804	1.903688058760366	-1.7088964225145549	2.717653690403187	-0.24660090190570627	0.7523725085081054	5.976847073249767	1.9197403043349033	-4.218704394012784	-3.0737801221562635	-0.30618880015552247	-1.692259200411399	1.732006156107207	0.8732055379231822	0.9158723388665644	1.773849561717825	-1.199357565880241	1.1025369420635336	0.30321131795423395	-0.41144188619269567	-0.2366325936954832	0.3024833957386679	-1.2460780593088887	1.867992228549964	-1.020813099145254	1.4415057638323885	-0.5703827550082913	0.5346657861474787	-0.6165289274382801	-0.02162823077539044	-2.0663405785600157	0.8578254706823695	-0.07722616037131838	0.1547427964811386	0.6055325335381592	0.9347077198732207	0.14261686732396378	-0.6584306792007083	0.5143732775913401	0.9549822784632317	-0.5682810244481641	-1.095145229341551	0.33940286503197586	0.6214954707380396	0.6739621946591212	0.5653256593696738	-0.2912800216380885	0.9986973012342328	-0.23333160687123475	0.13879657567581352	-0.877097197786721	0.37527217800486984	0.07981609486454525	0.4887935820156945	0.17745026176560197	-0.034095353127327824	0.7010603575286981	-0.019996565957323454	-0.03863774617461548	-0.8361030450550858	0.6718657842676519	0.1717555591415474	0.946075787704279	-0.18772307562151966	-0.2019515437101572	-0.44417575572170703	0.7616644015442441	-0.05724473714009431	0.9617558665756231	0.6251591169997724	0.25374426462728683	0.5788898994589201	-0.010934922671012308	0.18391107334907697	0.6619264502047516	-0.14482702526680638	0.8217493496796654	0.5722685072961156	0.3381111707848885	0.8187637938281481	0.15342328649755213	-0.5006244796480565	-0.19446259947042197	0.07465264014537469	-0.5444070256276448	0.34958621495082176	0.43135226625643097	-0.012376584148941768	-0.008419000634167355	0.16390088797077274	-0.33321331261497056	-0.12689925845131503	-0.1897838653818595	0.14868745752295726	0.1949462475983966	-0.28059039435156735	-0.19381800314918293	0.5314777732263748
DTXSID5044782	3.92500024424209	-2.5290528387220483	-0.5017543774273685	3.4332218815735582	-2.157047411009435	1.920005705471091	-3.179839771741969	-0.2995437170867981	0.9702962179045993	0.6142809993671803	-1.9094126744548479	0.2867400395241491	0.9886501389416513	0.41019340477646116	-2.30747461189309	-0.15609473697253576	-1.2746791547894274	1.3904145717494416	-2.0766897243461266	0.5018719525015845	-0.6391252648125975	-0.6875749881267975	-0.16754319440281149	-1.7940756714286061	2.386560014841831	-0.07226520097325381	0.9317155597010062	0.8370466015098377	0.7800760102408008	0.6214469589478578	-0.5755364772508574	0.5019720884986419	0.49207031022986564	0.13408659021047442	0.4147397437771852	-0.3841626008939874	1.0534191412483649	0.6994288598202563	-0.4495377324957498	1.750790134497645	-0.10398242200761282	0.05514177720227707	0.6920306470639322	-0.34860526972376465	-0.12027557114545244	-0.149022687953263	0.991791571979781	-0.6145648651483616	0.23654078579640164	-1.0903597683739294	-0.9505664245928137	-0.32006537242885874	2.604872095175382	0.24293121064110457	0.7615803079635881	0.08300379180661364	0.8274231846693216	0.3969684932736699	-0.09164426334192949	0.6291616067095958	-0.5477676507474583	1.5202364962025072	0.0749876889929594	0.24515586392743366	-0.32706447400602956	-2.0849994194310817	0.5419029335716167	0.2209711014892935	0.5941699860589734	0.5930733939571632	0.3488066658891147	0.09789764902556804	-0.3442353967529426	0.3315492795804419	-2.334283487393559	-0.7333367120965714	-0.7888492562624898	-0.974502899449482	-1.089439024248414	0.7157834991619018	0.24246518587401167	-0.07881463955231569	-0.9585095229897064	-0.24318810954213962	-0.45457562597728457	-0.08114439936247925	1.784677317835973	-0.034583125043662725	-1.2497560828012135	0.9815024872693855	-1.077216906533963	-0.07573318113805895	0.3196375142587112	0.4645941744174947	0.7908490141531382	0.39244779489972753	-1.9633561304284435	0.7121680999640989	-0.7295622919257616	0.09880359058526325
DTXSID9057680	-2.0728129443724446	1.3728900708723393	-0.2417172244522129	2.1467625466385134	-0.9544198922761424	0.9699947180685846	0.2695877867847872	-0.20754236587947608	1.415116387508611	0.9366235215380445	3.677250405605049	0.8426372651698084	1.4793015806088006	0.9536202369679259	-0.5866358170651322	-0.4591968316240178	2.3077388411939475	-0.9825318854380147	0.06302229993037833	-1.2903617246057129	-0.06986164779585967	-0.6454094619895885	1.7784579955052255	-1.5481622826349621	1.2446320736797996	1.8980264199650227	1.1711844626427306	0.7171503653182688	-0.5281923038547677	-0.5823634302899727	0.8930190839889227	0.7317521726552397	0.34376690281536115	0.6688810199923327	0.510578032411955	0.7913377275459288	-0.9365506361541975	-0.08456349269260433	-0.9488455509274784	1.424499045380448	0.31868054708344673	1.0426394896650832	0.08786823526469721	0.5454761537591438	0.18042024351849606	0.1256534236565229	-0.06910329612484084	-1.0465837103327364	-1.6043122440789324	-2.8091988370204883	-0.2517725629185982	0.9512032314450181	-0.5888698279588186	-0.3894034262647858	0.05985139735654108	-0.6185753466542885	2.4054820178079823	0.3397378162861141	0.9378715852509871	-0.2887882865260284	-0.2592298424552913	1.281957380771153	0.3467452775920231	2.254136053647778	-0.1798567930739446	-0.01384563527735775	0.02614150686279967	0.735256035827247	0.008280121900288434	-0.5936011497328666	-0.176847958812181	-0.4030462740996862	0.22734217109856977	-0.329827802698282	-0.5260877114962822	0.6245758865137537	0.24592274641163198	-0.8129518458745564	0.36824578772130406	-0.3748116204480763	0.8746912854656483	0.13628273466980478	0.41190285536123034	-0.136548752613422	0.894009612499918	0.184191375271565	-0.060613933225886506	0.11461810982478621	0.5289401795821148	-0.4003857300704147	0.19526764203729355	0.22446091960790457	-0.17957824999391747	0.04851835011653812	-0.1422375258977861	0.002213306332788493	0.2043969043863398	0.225569868227476	0.21075339575285684	0.4872087445161605
DTXSID3022584	6.916920310475539	2.476303216321884	-4.85575270067409	1.0699063887372802	-0.7352980536578095	1.7873756150423972	7.376236933196991	0.658768610863358	-2.813627609843597	-1.9240203814118693	-3.051784546746636	-4.470992230378554	-0.35147936102862903	4.399794062148884	-1.3434122379912843	2.410937887008195	-5.797535119055807	-5.347822949443015	2.008825163208265	1.208075435573717	-1.4261390506221283	-0.048382600784301406	1.3150023830179942	0.40525508544642075	1.6983206361511165	2.8095236691303302	-3.234386172193371	-1.163144400955708	-0.2533745155765003	-1.6110995106060144	1.568226275730213	0.01893573529918329	-2.377499972065587	-1.1457058161684373	-1.2479904112891447	1.3236340245159612	1.4272806239500255	0.4406233817787037	-0.30967696203166223	0.4194837966119887	-0.8716419053858011	1.2653341985773716	0.45564578127511723	-0.8995780035811785	0.4958624451369974	-0.6901245338251367	1.4121682919723266	-1.5216632863190984	-0.7049212951134918	-0.32997633098417917	-0.8106392164725711	1.1119084780887387	1.215729036012743	-0.4583677208072356	1.1357530168357701	0.8958061077032052	1.5783905268568468	-0.008698925501266495	-0.6907781363901114	1.772227888600716	-3.17027905062822	-0.17894157759958637	-0.7049658481081754	-2.4214912003285374	-0.7721962398073052	2.214102266655158	0.19547325942094024	-0.6411629253440793	0.6383994470707549	-1.7771614470194743	0.137563288810561	2.90357516479924	-0.7296937745280492	-0.029636980419778487	-1.4752837120081714	-2.6448620025079577	0.7257682741276308	1.4074358189093197	0.5550046618171338	-1.3118597959868594	1.6157718084949517	0.8755853520308895	-2.1065771192886236	0.08129605286883897	-0.023611183424612898	0.44857148790805595	0.3849080250323812	0.9768443727995272	-1.1280505663418363	-0.1935466340882448	1.0055549769019234	-0.15339235513888683	0.14655192489085914	0.1746739231933607	0.9752897036524325	2.0346272221138797	0.4847709690518518	0.9879013088768678	1.02260358709523	-0.5893168560720988
DTXSID3046245	-2.0063744338210823	1.2844334123238708	-2.640529822031609	-1.4710595133008981	0.25229058760731765	-0.7650871499347106	2.6084719422546816	-0.8430642467579568	1.4920646393702326	-1.5031302308249705	0.17923598439868085	0.4071239576993912	0.8227185671654949	1.0135877940285232	-0.41702671188388896	0.508997580995292	0.8430013767638245	1.2411314396606379	0.9726850263521023	0.47580297974325	0.5611055178852553	1.223229513734826	-1.4904129179342387	-1.1498033440488507	3.1872812078511954	1.4040999359747028	1.3058201439037345	0.6424545548312953	-0.21421542648560846	-0.3598638596060021	-1.0830883961859594	0.42481153303207425	1.014704667632444	-0.7333189802167146	0.045069141651272696	-0.5513544429859197	0.2906826816029021	0.7976246168651645	-0.5034959416200281	0.09666581288783607	0.8119256272325811	-0.7797004347653447	-2.3065408955001625	2.3863850770190527	-0.38157980900755906	0.8662111569605507	-0.8490806503830992	2.466801589673707	1.3324994135697077	0.8451998832967771	0.7549104528069684	0.06322549242022305	-1.3367508303768678	-2.387390564828897	-1.7606958592704043	2.135377861919604	0.06935188029870082	1.1201743470572043	-0.9961421079985285	1.1949109737880665	-0.6898421590025772	0.8553354702456469	-0.3495410091684817	0.5294298596379432	-0.48595480751493947	-0.6321431360260275	-1.2236503338414397	-0.0830452286995082	0.09812735703482656	0.37027971441843904	-0.15846353712183026	0.9731182260955561	-0.184725969933523	-0.010200462823322256	-0.27396613607724624	-0.8286191401237405	-0.9671419982720603	0.10955547863958992	0.6016866565215874	-0.11905147087933221	-0.361366771778068	-0.23765264888683074	0.352188186146508	0.06413462121350567	-0.5125852824478128	0.31984041622573156	0.055151270712200315	0.26136169816676985	0.32846522639408005	-0.11758066773483139	0.38905321356467193	0.11544311501229788	-0.1653427491642756	-0.08131796012843383	-0.1527993493202217	-0.2592394567588499	-0.05834746403773928	-0.6022368146834568	-0.3861823539615502	0.19708932611577087
DTXSID0023749	6.941662378742327	-2.1074421819118947	-5.698798186181066	11.747558970413337	1.4077626372889729	-1.8325044957051213	-0.6429382762496065	3.906949033571736	-2.096591166485914	-5.993510823124519	-3.419125012150682	0.07297995120149016	1.7574217381104245	4.292333324553018	-0.6935180057992827	1.3038561173749863	-1.0903745972260077	-0.07364907651834014	0.26752568474785793	-2.2536622754665783	-0.7464423426911136	2.641310565223496	2.82871441965918	-1.0854408455976623	-2.1229104148822286	0.6228506901619065	-3.4921147528075185	-1.9360017657838609	-1.3642339275208413	0.06290432307437002	-0.3904798022307497	-1.7117420390502682	0.5714621090053537	-0.9120424735262869	0.06195279526978601	0.9061462640456052	-0.22530274910068446	0.8713723723871895	0.7289635995117618	-2.10168821687266	0.48556772348730165	0.08178015168762787	-0.2893211360504016	-1.2148805179668662	-0.09319565848570498	0.38555990748239805	-1.9798668771126442	0.07774385705279656	2.974417330407227	0.456503974779098	-2.0260345992156377	-0.15528911520556252	-2.145210327522313	0.1688752984595791	-2.2395544658188684	-2.064097812431246	-2.2424932295244715	-0.11766402375788006	0.48413036798235176	1.0148413777497796	-0.7580961009971514	-0.787860082693377	-0.36240946340679014	-0.16947851063087582	-0.5138834074479469	0.05854117288367296	1.5097793342499615	-1.676457606448423	3.644379889098726	1.9860253619986556	1.2539927297412485	-1.1783899243024847	-0.2146771796230031	-0.9576652345250793	-0.029635671388028216	-0.36083769571870616	-0.36061609136610473	-1.0789926770976381	-1.622358620691478	-0.39772845594301104	-1.0886495938148173	-1.8055225986540353	-1.5555421760528132	0.4481158461962046	0.20934779616678398	-1.8667968808662798	-1.0462707483148734	1.0737437879026164	1.305434033085314	-0.9016942870855695	1.3228779011928988	0.1902072810745089	0.4087053022808891	1.4280452206337986	-1.0744319853076028	0.34179364676001733	0.45931773762047967	1.3027181218688633	-0.6705473199062577	1.1094691349837733
DTXSID7021659	-6.6540793108051375	0.021129343940730103	-2.841651506368671	6.571100890008913	3.1696874255061562	-0.7276916215398297	-0.677002409830077	-1.8701359666957045	-1.1676131264248233	-5.635676600989661	-3.8108678680214907	-3.319070368632044	1.7811179265062906	8.381464711757317	-0.896514768467674	-1.9918326449434858	-2.247432071548239	-1.1663242957912325	4.227870478881061	1.6398141764044754	0.7214174472455683	-1.0697002192991465	1.4199659032614917	-2.322525394006065	-1.5591882366762122	-0.19282307494411852	-0.1613723368070979	0.29217298228042904	-0.08748987950493323	-2.229482355639142	1.7253165296667279	0.04669542624559374	-2.0664143063608535	0.46165684769305415	-0.5148951359375684	1.354575203955321	-0.00013960291417288183	2.12637276284398	-0.9669315148529337	0.386763189188479	0.5253347166408301	1.8384539688957526	-0.528737552371838	-1.718744315373071	0.554262795445025	-0.437128601136305	-0.9066086303684731	-0.7742938166809805	-0.1838808489312823	-0.13597164664321787	-1.6489196472458896	-0.040426028264155596	-0.4062739599439726	-1.2193918218137894	-0.8786997997203763	0.582175443058129	0.5744442721677329	0.2365144141427308	-2.0051090581019984	0.41491567161882187	-0.1048285292682549	-2.0408399446481997	0.4128834567013941	0.7085553060858428	0.4601506361350856	0.47890606198181324	-0.3465362331668871	0.15367998746929773	1.188795169874079	0.45923670738836364	-0.2808080053082349	-0.14026427465616892	-0.14876162316572894	-0.5299354776221818	-0.29401597165957105	0.60315519482248	0.7043713396428117	0.3229433751572313	-0.09372021479294897	-0.7676706573483807	-0.17764859852654077	0.4301857152201376	0.6379190832729539	-0.3993312766252376	-0.2265554058235087	0.3963909417410501	0.40850137307983403	0.08299469211418505	-0.5437861258195831	0.23035058698872715	-0.17393158486043633	-0.03437037838942842	0.11360141072456838	0.5021697124254352	0.3871301527590071	0.11507289827228588	0.4840560615717319	0.04306663498861437	0.6954975178725112	0.010405721254549399
DTXSID2045492	4.559231620759962	-3.1764167007700195	-2.3464788299790804	4.81748449853764	4.5658560774059875	2.5861695443515975	-0.39077195418178684	-0.7185466781397963	-0.17660417989189606	-7.178507663815353	-3.021278339768192	-4.185355567300896	0.8454568773388927	7.991098216243757	-1.1152805035037365	-2.31645989468317	-2.525582102272892	0.3299920297469995	2.5578621780924777	-0.5113941541322204	1.2891843963219567	-2.0437404930274914	1.0906986629725344	-1.6520045195175612	-1.9176090109579753	0.21166935383676924	-0.18028327436819497	0.4328129468566637	-0.5542825360158045	-2.745300332632282	1.0725738037460677	0.09250957206866224	-2.1555847614248442	0.27093833586487914	-1.171088046797385	0.9948684710686331	-0.22914754566815534	3.473798263012272	-2.023815047739726	0.8817623519460928	0.09095437751278806	1.1510037115909915	-0.9622795434104753	-1.3072426538748625	0.7261268171399754	0.548648625984932	-0.6196218133428582	-1.5010213632950977	0.8036488237652669	0.9175383526230477	-1.8269599790248572	-0.5707100703827119	-1.1387022555660296	-0.27370628300699007	-0.6084645044634223	1.3940627276425142	0.19442687957207655	0.41481313516740725	0.6197208255401482	-0.2853662896448666	0.032622263455299866	-2.2254983468179956	1.3127440102540242	0.055676688878950775	0.08988094239002876	0.15652381465827825	0.5009814068306556	0.5738807493511658	1.442864958326006	-0.2856457767952555	0.8443945993637306	-0.48327261130410226	-1.9686114781257524	-0.3606282922983318	1.2319366450701816	0.2094102701458999	0.7232991712852989	-0.2648914123817583	-0.25259973371022243	0.44090716415081616	0.38759404296397415	-0.19941239073434874	0.030097367973393466	-0.7485312088392881	0.1544977818931164	0.6706490705468285	-0.16320353020774678	-0.9178391481489644	0.6013857245035017	0.187040531199527	-0.25623538655471106	0.2023826261943225	-0.36545503490909764	-0.06480835751711359	0.6395012107255663	-0.2364891476493205	0.04731548970172498	0.5559365464010928	0.5486001497578252	0.39835137632469914
DTXSID1040295	-2.830448204199023	1.099616749334582	-5.034049069488447	1.0254555810037038	1.4448117619322562	2.2851249645597274	1.651695577920474	1.0561689370222365	-0.21126584909911922	-1.948546879051752	2.3803944263452554	-0.05031704978930358	1.4590052988792928	-0.3228874752378229	1.658307962553773	-0.584703412431281	1.8315435547237335	0.05273083454890793	0.08637262168052516	-0.5791880372520343	0.47693391661681284	-0.7851943905469742	1.0888120248412694	-0.6522334638273406	-1.4040865135245797	2.3813749272397122	-2.00554805004723	0.13462690568699326	-1.2136494653235308	0.11001952883185066	-1.3773833038335856	1.441456569501796	-0.7146788048571305	-0.7789390299678082	-1.3687294212105783	-1.4620304026398177	-0.0023327927908555093	0.5984764763741326	-1.7353651864508892	0.36096045311349406	-0.4937668776602991	-1.6074832080356205	-0.012372198504475124	0.8756089838101885	1.381797584736099	0.3934116221684996	-1.0259597953324822	0.3793108048795031	-0.5386225031364551	0.5242900915736629	1.939272739478683	-1.044934969685998	2.326863714177179	-0.5522338325585424	-1.9340140356614701	0.573271553066567	0.13923566278988325	-1.5635801756315169	-1.0535786510840102	-1.2060609098190949	2.7716774109689686	0.9721044589347436	-0.669247637419861	-1.7151618331868492	0.1315622994398316	1.2771582729346285	0.5525325975196687	-0.5625478634560117	-0.2779095523452091	-0.7883567306857837	-1.9893573397375441	-1.0794025930346416	0.19607258008157488	-1.329717019074005	1.305059216791072	0.20478331825666157	-0.23894797260968795	0.8566616566411989	-0.9555217987042895	-0.29109159871298723	-0.8459913967867347	-0.5716160902155906	0.4515210898432952	-0.32820376874334295	0.22523979328335805	-1.2153549209469745	-0.5484558282105607	0.5840987962833226	-1.4452229209825915	-0.20608866510979237	-0.4041226056407099	-0.02282524766757705	0.3796509631031656	0.39428888218184555	-0.837451833959345	-0.1869634308359783	-0.40599791935834223	-0.26304057255160207	0.7197874603710593	0.22389090053200952
DTXSID9046100	-1.192264583776471	-3.2433187169992688	-2.2246938367432088	1.374199912583603	-3.0690200931555776	-3.2673242032203818	1.4304795389826501	3.699015076011131	0.2545110077136811	-3.854059349227891	-0.007998364775166533	1.8237410791187891	0.3795131330448421	-1.0428777757993868	6.525938467748344	-1.3278447462874312	3.40800521280192	6.862279222486557	5.052969045530007	-0.132571968603001	-11.60781338937495	-14.082278544341147	16.18626151668843	6.173928531336791	11.54141878484235	-1.0220010945886817	-1.3013182453192906	1.3600266280808986	-0.24627415817627824	1.1153324404386025	0.9043510450687752	-0.1537046585750088	1.0225052501201668	-0.5726651079817986	0.7433637427071236	-0.6216063889347274	-1.8076397715445947	0.2954123243104754	0.740976701620919	-0.09540855288250423	1.926283404351162	2.2198263668727356	-0.019415017890908146	0.27614137505876496	-0.5840137897929684	-1.624683567621043	-1.2027755817775427	1.6584402358400587	1.0585829485159948	-0.5595352314818686	-0.14958453803076463	1.5112048649736296	-2.235544999930773	-0.9820053364526401	1.4350454149853913	-1.7606420769626125	2.5366289293318793	1.2531236517317652	-0.11508881668278662	-1.136141913939044	0.7329285825859511	-0.5020708355663056	-0.0077581067988909775	1.4794146955010448	0.021121054788271018	0.3255953634284198	0.9840488610974456	0.6967646901807999	-1.1113668294794568	0.5767288868250557	0.019414445802071443	0.5616312065846288	-0.29625840982793783	1.1606923260607525	0.9670080105720299	-0.3669808001874053	0.4909818301688847	0.1749001151734478	0.30577660818855606	0.08928968844966942	-1.0662742516726762	-0.6569442018978492	-0.5174319746643018	0.7362255301598443	-0.4754445872134176	1.5062426348465543	0.7930572035701468	0.376613271269436	-0.08639163723109948	-1.137206317159758	0.6528200519096552	-0.10085269637723587	-0.04052581050862698	-0.5059177395420845	0.5852553051214449	-0.543433986436969	0.10056031359138709	0.8132434057339392	0.004473486155425118	0.27647935969685483
DTXSID8045933	3.3965802597456354	-1.1887339978008014	-2.1236985998242845	-0.6473642157892778	-1.7487870862276391	0.6916976878557909	4.706382452049059	3.3891460068188186	-2.151690751885869	-3.358247517842297	-0.5578385366453802	-0.5846241718597717	2.5958383033311847	-0.9845597786174802	4.371630708555493	-1.104353974433999	1.3942113764373754	3.0368511441179202	3.427722187183833	0.9810342170754629	-6.548295275925749	-6.322083149566036	9.632970025571298	2.1150867598276992	4.8168453597884	0.45330146497262724	-2.6483364401600307	-0.7875511427405512	-1.376563668140509	1.5673843480411	-2.570507428810528	-2.3442955941841226	-1.7687218572298773	-2.4224808763595793	-0.26133511027120515	-6.978823662872861	-0.4126384975948328	-0.654606415359139	3.778227902930134	2.931497656846628	-3.355828382170484	0.8378756962540415	-1.8379279393112664	2.609966508393858	2.9366460330031807	4.992074423927878	-0.8575302278916767	0.3923616478444474	-1.7096102356441956	0.9259765799621545	2.8639727358918026	-1.6049456455000999	0.5578489330310723	0.31512114546362724	-2.2913390450921867	-1.1255750762448642	0.771012537250795	-2.0049537535647737	-1.4981032900805626	-2.190181982863594	2.1252319962280164	0.8906773295214337	-0.40199024720570226	-3.1769657717570623	0.6388604068178187	1.588581119230571	-0.09598754586572784	0.2435194502261243	-2.195047869615003	-0.9185372070567883	-1.0516030208556908	-0.048784855161698046	-1.133300706197813	-0.6524107897256125	-0.041678818611213385	1.5120139180659198	-0.6769294912701428	0.11509391491308522	0.5716193388225266	0.16759684830627197	-1.1046803257584343	0.9874497977170812	-0.4615571699053452	0.025581480969485995	1.1243138894715916	-0.29107098118392055	-0.5661368785061346	0.7216194387750017	-0.8316945048368984	-0.3240720145342793	-0.4652906409791713	0.17330468948084035	1.4937961730970815	-0.2694490932039643	-0.7207560323400701	0.4042914973393977	-0.3342713516852413	0.056208900324688435	0.6370565589047553	0.22410712681456477
DTXSID4026262	6.126070936046043	-2.0085296633102248	-5.494411064058668	-2.165670332151975	-3.35717463316805	-2.2676977531685467	8.82872316114946	2.9329789097155228	1.2272329850547044	-2.5988819869977084	1.186845447434279	1.4126943630352615	1.54830731831498	-1.3869610998887734	-5.6849020032094915	6.760181830666015	-1.4536241089002084	-6.206674382100295	5.347711945943346	12.243474102497327	-7.675181588963285	9.302622161963292	4.255382184985513	-4.019030746523295	-0.6280473387549917	0.5772417274418892	-7.11993455358639	-8.470773849961427	6.58394919554946	-0.3041904983456865	-0.5104268026247646	-0.9858211744612755	-3.7242278877919257	5.945759170183969	-2.410083007228703	-8.299697573293704	0.46433279213021456	-11.340391333890649	-14.333787089831507	23.939465655298346	9.036900220757259	10.060733636734847	8.248357280308662	-7.273864976307599	6.371949798951512	-12.897431858595189	18.54498133233486	4.979151778174373	15.76836225546655	4.665335983137766	8.744275314520403	-1.6925598784195757	-10.445636079331678	-2.420800792017169	-6.010347602816602	-1.6516986590929996	1.1060086480711808	0.05903518405799423	5.937928123857886	-5.009485009488211	-2.4050043649114063	-0.8292136416668887	2.1446534674788023	1.8523464545952726	4.717716989511365	4.868805475142142	0.4454998616965288	1.3870417508693318	-0.48186344257742453	5.368133737798165	-3.9169357048378988	-5.205309263325328	-0.48694181726584873	-3.926399426835275	1.360786303103072	-2.067434858415523	0.38730266980387407	-3.300607237659039	3.2082017735790176	3.8279320557757264	-0.9882353032606096	-1.6010147019221896	1.1258849610120498	1.420907102788255	1.423173332561559	2.4227171414719	0.7537425337714098	-1.1559839163054957	-0.2677550154723027	-0.8398497260696489	-0.14674948271116955	-1.7438451357388731	-1.0857764172035813	-0.17414976969514825	1.1041163741921853	2.0845244191991	-0.19555629875816127	-0.9548101384879971	-1.0334444939702156	0.7582590974278932
DTXSID8033564	1.9532026333445112	5.051783422667615	0.2573278015383031	2.52053395918553	0.7332304087862171	-0.8957829480909822	-1.1280776120842493	0.14285223537956857	-0.3849040836358911	-3.261441788359677	-1.926255528278501	-1.607387153458873	0.3833235382543269	4.403022648374645	-0.020507434415534213	-1.2220325800248326	-0.8577979581737707	-0.36157668404640253	2.655601868305127	0.5222054294832748	0.6534475182640956	0.5544778567344986	0.640596183845394	0.2739338922620513	-1.5765778801406516	0.44997447715435124	-0.6326648711823265	0.06867254901339072	0.15487426566497478	0.0026017902430947436	0.7334211614889194	-0.09159104958516734	-0.713298708057855	-0.36380458315999054	-0.011055934841355928	0.4901388848797961	-0.32365579613751544	0.9680696596532469	-0.04629212467037457	-0.3553516194354848	0.5144915718469866	-0.22133496714569204	-0.6385082545428425	-0.07266437924258337	0.4071808607746396	-0.2734866264299988	-0.6908214958154193	-0.16309456400859035	0.3691395536771827	0.7470347641039418	-0.9389417763255886	-0.8588139597063951	-0.6526361878318959	-0.7462606889908598	-0.2457081772816091	-0.13670122232568566	-0.35640841498190773	-0.5946848495619871	-0.08844444268894316	0.868048192372588	-0.18164267730596334	-1.1619058874541077	-0.305816383969148	0.34009469718638324	-0.04656473120530702	0.8559784569326397	-0.22093385588057338	-0.34642182662942034	0.3995542041872563	0.3232706523386504	-0.989590097437553	-0.8210577025031599	0.3002116800211238	0.06626973109353672	-0.42818447400589865	0.01838659041493538	1.1011415545290226	-0.4154842491759862	-0.29607153482655674	-0.4309024982624661	-0.934084018565555	0.5294760118055372	0.5461779321772505	-0.3138785439166042	-0.28405965655396614	-0.5619565054954822	0.3046731367275252	0.2656554750088912	0.29876484406917786	0.6418565138105179	0.6057942626229762	0.6403438372418594	0.4491046217412369	-0.04005842942133031	-0.10648139140911642	0.3809940768178393	-0.14502000875320442	-0.31965781546143734	0.2737613613512756	0.742121000000485
DTXSID2023195	-2.310992158319474	-4.478236145565218	-0.5567058197448395	-0.42947273686632564	-2.7996651178767813	-0.706941587858414	-0.710075772095631	6.947460392525091	-0.5496508250549251	-0.26018751194840956	-1.0469291302437351	1.7254393625865942	-0.34482482870579906	2.6081100043581413	-2.561606573468253	1.828404999045998	1.232417535247886	0.7517665661247	0.6997127205302452	0.5725739669298617	0.18104538966170755	0.1336843737121405	-0.6811055939148918	-0.6911390471058264	0.4104796485675807	-0.6728404382750727	1.110836636472	-0.03195633477005983	-0.1805087445423308	-0.04439719212385243	-0.4696461718805592	-0.47282172624941426	0.19178614125039686	-0.19823630625734354	-0.8577456835662021	-0.03028320625476059	0.09380513043197627	-1.1294463312748386	0.5332700704016583	-0.8343331254649599	-0.7821442735233872	-0.8973240933615536	0.9954511300822169	-0.3671568420156859	-0.8389305910363251	-0.0010397364898780935	0.868371712677105	0.6219581584808629	0.04461480453203019	-0.7167027543711384	-0.29766598521063137	-0.026295887071981532	1.2744807029014713	0.1435108355677708	0.0820716414399781	-0.16144240944784047	-0.2591419248330964	-0.5864758700509906	1.1054983929141031	-0.020100837860237825	-0.01819502390142372	0.30675808488689565	-0.0516137142611764	-0.6330421461714273	-1.8758272839599186	-0.02205959016970152	-0.6940678818419332	0.54233233041319	-0.710132183447123	-0.3052647106866608	-0.14787407655673124	-0.7405959208194158	-1.2699805830583812	0.3715341116608732	-0.19570414764146413	0.33870544053495183	-0.6150428444309552	0.2989976325200123	0.4147827848824776	-0.0889222359122115	-0.36419019042068973	-0.5044118062627581	-0.2580942304750815	0.3212158148311663	-0.5429984179076459	0.23439915871444034	-0.13704658762870126	0.0563969763140851	-0.25992128348303256	0.859480552977617	0.4725343386251519	-0.4913200153416625	-0.2471251791125998	0.30786175532152305	0.6182281452354953	-0.4488546977908164	-0.11110634225615787	-0.2809230704868914	0.6821988950479951	-0.7227445861081118
DTXSID0035748	2.151157763520058	2.2883603009134945	-4.903604370095306	-0.8661446740659005	-0.6157305967755851	1.0948290035585402	10.365810802159903	2.997541443679934	-3.269351962980774	4.462051016555132	-2.097093058641577	2.527850545808686	0.8125751654351825	-0.35512811903819913	-0.35001716626898105	4.189110580298376	-2.7304650323318596	-6.615356762022323	3.5566513250679854	3.577744088171952	-3.4757428598949165	2.058619878707204	4.235387739007724	-0.4165725933753812	-0.8702431452843215	0.7035593538756417	2.366783150272144	-4.823895629605515	4.685396828949026	-0.7495245456950099	0.10153905970129909	1.5364396086553394	-4.061395863023699	-0.4677977134463063	-2.183821311950053	0.0869895382769673	2.2901099390845623	-0.41754714004367194	-0.15813512308215694	0.8671567474535751	-1.5368316262435204	2.518104302896887	1.7427507183665154	0.15866131810937095	0.2728645666280892	-0.16515124008550044	-1.4526893148037632	1.2760616396197453	-1.5605868398694624	-2.4074110287421027	-0.46582515631930954	-0.270305381967665	0.6267962435406124	0.9455340492016528	0.6014140941729128	3.5804137422304465	2.5633070316026485	-0.8272096214440325	-1.2037054053007357	0.333597371186511	0.48684476632511553	-3.1491436920292815	1.894554113852475	-1.7174528657098467	-0.6869421064239699	0.7909536217658153	3.7488765588907094	-2.8572747111689782	3.919806187133744	-3.635820121530696	0.9885693584603248	5.654999578067622	-0.1592470855287087	-1.3235115427818331	0.299239773072005	-1.7530737534352976	-0.9383983138701713	0.2592974913399778	0.8895087308173998	4.590610370907661	0.278742874759713	2.692772281789691	-1.130891221950351	0.9317346774784808	-2.4611379994538294	-3.4095751548382274	-2.071076660952663	-0.5948450255434306	-0.25130625026112774	1.7490930955548656	3.283305274207128	4.314685516378829	0.3415679223798889	1.9007090744704107	1.626404991690617	-2.2067038736373767	0.8377638891638919	1.697262349799876	-1.4639720845938409	-0.728127566138096
DTXSID9044299	6.0374805216997744	-4.977018363183947	-2.4936192055955564	2.076299023801165	-2.628123911797726	4.730755505824687	-0.23420663686070606	-3.9771622515044287	-1.6570663536667172	-1.585950597717782	-0.5403568016230287	-3.4187097586172492	1.4699995699478197	-4.813272582412603	-3.5616370694015975	4.442068170243806	-3.72317115724432	0.7078997134144847	4.486579883029348	-1.0319687636092707	0.4698584096936215	-0.8075775555859673	1.379822509397035	-0.6235905671173029	-0.7388266430913321	-1.9071801178823822	-1.3093266580118859	-1.2789600979384543	1.521499265226932	0.3006262906261122	-0.26434140495971975	-1.7814926183892577	1.4433806015176978	1.784973080048169	0.3773444661286378	-1.7457841493301427	-0.20568907684466903	-0.03456101819037858	-0.18554400143722846	-1.0189248233439316	-0.6668697360233078	-1.478289032377381	0.9072410870263248	-1.4801393267054395	-1.3861812706662038	-0.8018306754585874	-1.1176627973997686	1.3256973324248462	-1.4055822643288758	0.22184195657952574	1.2715965348690885	-0.021913816019486065	-0.2961414576287983	-1.8624576373368793	-1.354060518789068	0.13146095280335865	0.15093615782746989	0.8146375957622508	0.6038991334307443	-0.03781915946302541	-0.10780038172769882	0.32433008466222807	-0.260781993026388	2.145874612596617	-3.418677666012385	-0.25974901112686233	0.8239284689718963	0.9475886879714874	1.0039367634496668	-1.3380118591302101	1.0104924139230902	1.945714808348126	0.59050786832247	-0.59614496688005	-1.6001638600824082	-1.0926384375115068	-0.5306280462698202	0.28117693166361846	0.5765885461392831	-0.5234814882014703	-0.23104952215133595	-1.1725175139283566	-0.6491468381754071	0.1496624415080418	-0.8098322381723714	-0.442603135804845	-0.4999225461338436	1.177067956781828	0.16349435814785765	0.250080055921073	0.5008981901355546	-1.013910986242644	-0.4392794844746841	0.3916608378308299	0.1856067119444776	-0.06653165295144767	-0.21613483546643733	1.0263684894574359	-0.022154601001395883	0.32822319407453504
DTXSID3027829	-1.4450071722600821	-0.271315044425712	-5.609529588428905	1.5991857856730292	5.252819672534664	-0.05326111953475585	0.8367446644481327	1.4584026138560884	1.530838762659143	1.4958442006898212	3.101265074360733	2.5288632220497838	0.17624333385767077	0.9803302124450133	-1.0818314637909208	0.41246920109336477	2.7878750332354167	-2.317420825851825	-1.1603468809942716	-1.1333714373828543	-0.7744992342841611	1.3056855723812348	3.556847481039735	-0.35857417841072853	-0.25070423588559715	1.0187951221543834	-0.22639205481198604	-0.4109530236649021	-0.8121055366468355	0.20440454694494395	2.9233808925487064	-0.14359777824104403	0.6307491100143225	2.1204998802829764	0.2851777412021541	-0.1506900828341367	0.1688990139059516	0.904198879701458	-0.8243082577590076	-1.199556890538051	0.802391298096722	-0.11670432506078515	0.034468615232372664	-0.9641845538639594	1.3832099680075556	0.20438631324286874	-2.244164449217866	0.699882409744382	0.7022271202277945	-0.8904342825919007	-1.1371134310828162	-1.768098974354398	-1.0623013268832184	-2.527755354554825	-1.1509902797643607	0.03622325703621997	0.429877924725993	1.2702414129830524	1.7164877559013065	-0.03105305111913673	0.23019950858332464	-0.7660914628487464	1.2779626084464861	-0.44821122069775166	1.2158857737386206	0.7581904547728154	2.3317018946597226	0.6724541220148823	-1.3156521018387946	1.1867978758983972	-1.2879693206888352	0.22371910673890627	-0.2732574308845269	-0.0625971394701103	0.30368441353517067	0.5841908326771972	-0.0323937374813454	0.27242365346524766	0.30303942621625507	-1.2975566529811704	-1.8241423347033274	-0.6429818116296458	0.26326337174022885	-0.2298476034728655	-0.19158870860681554	-1.3909723394339157	-0.8135452821773885	0.6982671778812254	0.3940343861731876	-0.22422904918492773	-0.9948460534726347	0.5026814002010174	-0.13068330864697505	-0.38107542231089664	-0.08235439695736183	0.029625182241848663	-1.0775796512820512	-1.2557940372978575	0.4271878031585598	1.8675411077192807
DTXSID8048810	-1.3589219047007468	0.3780843077162065	-0.10678747283226239	2.34902499412029	0.5119930015627829	-2.140204822273816	0.4073929258542464	0.804291138964272	-1.3573926673457821	-0.21969089436324024	0.16529516920410364	-0.08861916007294594	-0.635966457433984	-0.36418341826071965	-0.20839621222377275	0.012332080759190144	0.956799379967705	0.9528762151900486	-0.10211619393604807	-1.5714791241238841	-0.7922390092472045	0.8600695972161174	-0.42398419995120945	1.6338098380278545	-1.457678499948001	1.2806371800095966	-0.16469965369787035	-0.27744393679522616	-0.13517713851631244	0.8113863381023341	0.025188731070556466	-0.6269823497618342	0.6798407716127507	-0.33140237149609625	0.4501879034720162	0.16912457105200718	-0.29698053692514736	0.199655205051064	0.22547662254300815	-0.5854096740413895	0.40898470542202225	-0.8422926909120714	-0.361326867096836	-0.12061929019788115	0.3047593284045393	0.15266093667605882	-0.025568115665278956	-0.27854523555264515	0.6129661732707953	0.09510881357459539	-0.6968250823303931	-0.8587519973627733	-0.22759088507512523	0.026311002088628205	-0.45754506258103256	-0.6601755314018398	-0.9842468770816015	-0.6044594586417839	-0.23993746480309336	-0.00261165556745604	-0.7668950443634541	-0.018703465361345498	0.4295791758157546	-0.2559951130077349	0.4238277515246691	0.6385790562327379	0.5542261795033362	-0.7358521346709369	0.1403288010481045	0.9058898498620652	-0.8980760928029431	-0.20324722991138172	0.15380193254204966	0.07890600879329628	0.08102630962727374	-0.5764947163082159	0.06783263041281608	-0.4082682348781785	-0.7666552022890899	0.2803162340442267	0.005772637407659567	-0.413738686043589	0.05994312406558674	0.04178047547965318	-0.14625917926389276	-0.620438651995495	0.09555649370757532	0.17582169186756183	-0.16180467715707184	-0.23422601582623442	0.839107954250471	0.10421835875802336	0.3355625413587785	0.41337397824623356	-0.4476457460162676	-0.4141544307812071	0.05249488358672017	-0.4440702170178372	-0.04703354245489459	0.6296996105775748
DTXSID1045956	27.11839653823928	-8.020570581340921	-4.010634048831232	6.876703752955076	6.889840677118782	-2.924547177698601	2.494997820882657	4.875472472065789	-1.0149635084005264	-5.295096373151493	-2.463637612123878	-3.8658665430484684	5.780360937175883	7.186281982428388	0.5360959831876903	-2.030000410985734	-6.721112444486172	-0.03831760958740219	12.188880111905272	8.871790290100996	0.08726236746198626	-1.7009600548602282	-1.6751676227810512	-2.8430714678229454	2.0179828932240134	-3.984882169057765	6.955980389589104	5.148237656950609	6.468221503738964	-7.271610131764177	4.617875191590213	-0.529042124511563	-7.386558417525261	-0.7893385753231367	1.204498961518135	7.81351008760773	7.090149641771842	-1.9030530924812104	-6.3559219161069	-4.32319755834994	-2.2888964006463435	-0.7119922294428905	0.9849436954414564	8.247061900559899	-3.5518145390275926	-0.5956910409391931	3.6189565991037664	-1.572381796214536	-0.15517304131109758	-3.1739275938583917	1.4422346643719115	-0.7919647308764489	-3.872770462364687	-0.3641390853927511	0.9491884042453188	5.207062285000532	3.793297588049536	-3.525256930056787	-1.4727603585934759	-4.3954872506340115	0.7336991262228856	-3.0885639978561774	0.8537242025840328	-5.06760611856805	-2.277189765969278	0.8251479532222205	-1.0655506371101364	-6.697466170860047	-4.275698099248378	0.08231961925640653	-2.071115968199671	0.4694999064435957	1.2958817376607814	0.2537732671847934	-2.7064267011603804	1.0531969681494853	7.765099734574961	-8.893093349210904	-0.7474674218645588	6.9692657854167495	-6.051026825887416	1.2616124422790456	2.9268059968886897	3.12308561899444	3.4391784572001294	-4.515594014637821	-5.851694683811129	-2.1494025583183993	-0.4183696594042043	2.302241443516242	0.8332039652567254	6.555755958402661	-3.1791014292386066	1.8637946525676288	-1.008683678432939	-4.347180816518821	4.721556159924394	-0.4552238019791084	0.5254540551223077	-3.2934393474498185
DTXSID4023593	10.841471874717733	-1.449923248837955	-1.2735129731891566	-5.792683998276119	-1.9119147093169886	4.788842433194842	4.745777154129685	3.9570290029377473	-4.874858420692355	3.857079894002354	-0.8674616185872515	-4.252679123606814	-1.0959424982459347	0.9184823864446224	-0.9019501430707079	2.6397221217945086	-4.438754402258149	-4.005691206494173	-0.1355017013376823	-0.30302624658581473	-4.048784203913736	0.5975687022638745	0.7486260503894613	1.5783218844248745	0.4737904592199485	4.099999312016171	-1.6526504835797187	2.130025714332487	-1.1249465424312335	-2.6780387486601347	-0.27715019707340877	0.8980000536735036	0.46872957912416746	-1.0036444395694608	-5.177358630195885	-0.7321159104203455	3.3342128205616937	-1.2295424403517317	1.3921690990054498	-3.315141594312346	0.3937464823611625	3.0334324992900066	0.6727416521195445	1.077032251841733	-1.7525317138410115	0.1604403623792993	3.125085209324227	-1.5111356401384897	-1.0179697755635022	0.07582631449935845	0.7875022958692967	-0.9290711241789389	1.2667245765189634	1.8656756084455945	-0.8785868329876749	0.833600031538619	0.09500246851931705	0.7749790701902532	0.7811667394136805	2.45920995168507	-1.3799022935728245	0.5202350600911803	2.517610167563202	-1.1370487628074353	2.5360003136692573	-0.3082701019384041	-0.24181348997768506	-0.9871898479096163	1.568916288443005	-0.9917359382130495	2.780690914614273	-0.679189599744398	-0.4093342174861372	1.6524593603969888	0.4383548373099636	-0.7516005527833947	0.40909256570615526	-0.31467624816557493	-0.14412756436323032	0.08522495341482175	0.04983972374541483	0.7286063002502915	-0.2704962516162121	-1.6906046187361863	0.3456910067080885	1.5072030693763276	0.18458056919236898	-0.39123869807192774	0.6532478507050403	-0.2884347183913004	0.4157625537331379	-0.8754950181829098	0.8708002599823192	-0.06452284252688777	0.19772126159457284	0.18009067878115567	-1.607354398113316	-0.46506242797228287	0.004450237824464633	0.09276055718847154
DTXSID0024478	-4.561436815754306	0.25269776886342016	0.6977040147768331	-0.34085319900502187	-1.7652033863611225	0.6487282029375261	0.26319279260371375	3.2541581123651593	0.4857139425667919	-0.6151395237964474	-0.7502180245264517	1.2134933083220627	0.4553926032695656	0.5262445764993041	-1.2363826800671738	-1.3755716486191623	-0.8411904652236681	0.6889467030204753	0.845692684265277	0.785012203846364	-0.37069264365587795	0.42434358907199415	0.3803897395667893	-0.3837731701579365	0.14798731844334112	0.053842690880019514	0.7860032781905975	-0.6214699907370921	0.6731403214288783	-0.8343044659822234	-0.25804800851196424	-0.7751649011564656	0.4832790906912428	-0.642555083913074	-1.0323974096009767	0.44658465205701536	-0.5934725683143993	-0.6575423322805267	-0.7699961152192907	-0.19234287031688257	-0.6385098752908965	-1.2767350845692333	0.34750687424003557	1.1683171370076428	0.3279761195168797	0.5749393334181211	0.032490658354342394	-0.27062028796148274	0.38845362765860336	-0.31334515475105557	0.3895182141397195	0.9202959548174401	1.0732584914992342	-0.16381749770299642	-0.18016726505948705	0.11546864165584657	0.1566042369585657	-0.6419807889742685	1.6223603442117527	0.7787350368522622	-0.26694453032888465	0.020745411330627125	-0.3605128519818933	0.15719853515776344	-0.49039980174003905	-0.669243311507138	-0.5235560380568186	0.13088128633166632	-0.18748389778500596	-0.340813843069941	0.2749985939671476	0.1659182103525487	-0.6328561847441305	-0.4375158610625766	-0.2811717778675156	0.05810857616154306	-0.6423455182379942	-0.6475340822069138	1.0430171030682789	-0.1649820589817127	-0.36634989317249445	0.288004678607717	0.3742472978201568	0.9381466091635229	-0.4351120997036629	0.008962757011322068	0.31714046657737816	-0.28283768998881775	0.35391273546973956	-0.16046229270502363	-0.05321643731123926	-0.3956116234664403	-0.49456299816696314	-0.5799220253610138	-0.19102245465444906	0.39155397096756506	-0.5538830286066666	-0.25206851196189034	-0.015902684263215297	-0.31183022243265973
DTXSID0040701	2.5406503514994787	-0.6027667077349077	-6.196959983895499	4.063208543022257	3.0394966744128338	1.0584227139733364	-0.08040042102101147	-3.872108695925287	1.9751622187507736	-0.7057365313511754	3.1321744459942407	2.3684362623963238	1.2621445386115038	1.906802496979002	-1.819060907163457	-0.48711703811002893	0.4845747993119398	1.3423344871323948	-2.5595919483523115	1.8501322018109416	-1.5998523793560466	0.8852699813632506	1.4388446411603604	-1.2182523095612683	1.6025765177975004	0.15703046401349693	-0.427774983901921	-0.22780536541452018	-0.23064878134537356	-2.9305641808355447	-0.3396428988073877	0.6055155178255427	0.10079595388836697	1.6361506104717352	0.20161888739780937	-1.4749457174486078	1.0905301258032472	0.46100333691574946	0.4542782533317073	-1.6906331838112454	0.18736109981757867	-0.7410524756492175	0.0522488774270103	-1.5848779636176498	1.3689505770860373	-0.15829990840630218	-0.5415242719266226	0.49845594253949116	0.6154912541457834	2.0715853430167277	-0.1975031462654627	1.1252936830093034	-0.3397058981275736	-1.4433088760796273	-0.26748981128108057	-0.2548038858039156	-1.224629476221354	0.9223811346790275	0.05871923957358866	0.5011622233159698	-0.8205140102537386	-0.07985501318648908	-0.17314820109880133	-0.31197184367473063	-1.0158315289819686	-0.468641358128934	0.3467987573143053	-0.7363369907698631	0.9153845196531366	0.10637124562666694	-1.303538798788922	1.0180027253247672	0.15451767713002224	0.03002731615474976	-0.5893177060829136	-0.45660929177340326	-0.7148591840307185	-0.7795691821798245	0.5413384062420841	0.32559015331675767	0.3875090248308245	-0.1509925592352259	0.6138107340320123	0.2805161730267029	0.23574347606196597	1.2980984928152368	-0.7477788066595383	-0.797965262067135	-0.9060509039491964	0.2721380438008697	-0.6805609085715543	-0.3320454294445586	-1.523146025035104	0.6461410246325459	-0.05120062860365568	-0.2567152738687888	-0.1986332263975339	-0.7296966194224888	-0.3745070037186555	-0.16137283917000347
DTXSID9048801	0.5620499287390521	-2.1771190204885538	3.5372164905752372	-4.374106696648775	-0.6210820079154747	-0.9103451240102829	0.6959545194108661	0.6698412191724956	0.4482550238836362	-0.2355665823774931	-1.749994034152537	-0.21837520082599138	1.8671773253401653	-0.36707632934759993	-0.02109770716559731	-1.218655796156221	-0.3029268886968806	0.0540511739754714	-0.37179381154859703	0.36442469224915536	0.1412413182664925	0.06889556362649549	-0.7303074906797776	-0.4387430627643988	0.9525048413023179	0.3807392906709662	-0.473870182232906	-0.8101222599433336	0.1253660804202392	-0.5266140957097643	0.4950630372413452	0.2724222667917442	0.5555063520163548	-0.634766566877751	-0.8365309562340244	0.32267606419497763	-0.24522796259054172	0.5256080161825314	-0.16965671055385664	-0.41823543286709264	-0.5699515496826137	-0.6146544803198095	0.15637559798731934	0.12896954463975266	-0.5128514875353188	0.49055523554739766	0.552869489200093	-0.15562336678406075	-0.1721361096764488	-0.2385443508615383	1.0388806086958695	0.09011785428004172	-0.3318857324043861	0.05372270822624896	0.08985176651356806	-0.49626201048305724	0.16267970860307562	-0.965051132849994	1.0879195948852174	0.4392196431345674	0.652031168074361	0.14497915753933371	0.07489655278596988	0.2287830875458599	-0.44135967301016077	-0.5651158178493451	-0.16655651436531788	-0.46678008661841364	0.2767723126125598	-0.8860099141499396	0.2237314978986228	0.17269649894347203	0.03669502357283729	0.43758028166367524	0.14128170466009582	0.30180638593302306	-0.18696784019924173	-0.40365908809338985	0.16140917843645483	0.3048269920888605	-0.2314974851698767	-0.5363824265663086	0.14348905336252019	0.595080037213705	0.4633273697472555	-0.378471905896009	1.1192062103291025	-0.1951872806565963	1.4360237092845372	1.2448923379696935	0.4431155075251611	-0.4299423795490032	-0.4687329069885552	-0.23830828388638706	-0.668761104456432	0.6152918886592389	-1.0451372381530237	0.0037110344587396853	0.3208108144024122	-0.0059176165867791015
DTXSID0020941	-8.688513967384857	1.1658436042699047	-5.23250648296172	3.4852137426143748	2.875561580610189	-0.5860551588203394	-1.715924530835145	0.7295632937001635	0.06746261313253266	-0.21757111929654255	1.138622955867401	0.1860377262682368	3.078216273613107	-1.195208738253326	2.5356094958805357	1.94636668742752	-0.8253337897867823	-1.052867486654041	1.558459114850899	2.080379235549757	-0.7552199763382796	2.026709069128086	-1.4836484645971604	0.4195420581083527	1.665391821674318	-1.7869762038339	1.2682853447935822	-0.06689841743585082	0.9765756374495431	-0.7793475673825456	2.4554339000760512	-0.06167285461483889	-0.6729650581408947	-0.14463467087498452	-0.20311999677319892	1.2305776142440559	0.2603664279377063	0.8929537939320283	-0.7030775373408007	-1.721979564799813	0.9953569736677954	0.9452991577481205	-0.7379602697246606	1.0456478724317868	0.30275829332666815	-0.4185625984886356	1.0695746641474602	0.8685322414315673	-0.6345969636298883	1.29908954488382	-0.7997961357043748	0.08111634172824007	0.5309568560325374	0.23978794743792403	-1.2972942359360484	-0.8001123675762855	1.7205082447484936	-0.8981531665646946	-0.0005995971181893266	-0.6442429572343764	2.389308691772015	0.5320098426444483	-0.9181249580064262	-0.7903680201673716	0.8720641654634318	-0.8652902628716923	-0.3759428409997913	-0.2137993801857449	0.009737671406564985	1.0018496260396024	0.17847446578027512	0.0820259651992426	0.5634421364370736	0.33726983240558	-0.10082397815548756	0.2735244417452162	1.2972917790662775	-0.36227654859240244	-0.18048289694685138	0.42254952631764103	-0.7817344375321383	-0.7094692161970524	-0.27926688413858813	0.1648932446472659	0.10094959000117698	0.5398240551672476	0.19436628233849854	-0.45561377966594346	0.1077356727081532	0.312284356700335	0.21996627144172604	-0.24642994909833535	0.3147128232256802	0.2917633340866032	0.5196511018069082	0.7992337837134291	1.0211393148383117	-0.7690090738882979	0.9588649909668061	0.13003662011236314
DTXSID7042061	-0.20799944558972303	6.991853635086387	-1.097947407376711	0.41581577851147156	-0.893182841686144	0.1552178956667851	0.828735723214514	-0.7405037460350229	0.39239816087934426	1.4398313256477895	0.6360951848819033	1.286720724550824	0.21327093480154888	0.6130034140487273	0.9315581597232406	-1.2373158514666538	-0.7954886853521587	0.44846009247414165	1.1605746341586918	1.9242906678658107	0.06679988287807205	-0.4385213964409196	-0.28069796309728184	-0.6519709886522879	-0.682599391443747	-0.8479163021151386	0.5862884020502448	0.10324554187886456	-0.2951081561221228	-1.26364219813687	-0.3638808993562348	0.1348935543150435	-0.7030889864434171	0.28401657189141105	-0.388037425527552	0.04262447759329464	0.5817806030701517	-0.03365989627045928	0.544740500637231	0.32474733862500826	0.0013770578561929914	-0.006450263401480042	-0.354888176656831	0.5308432828938484	0.113387876328722	-1.7044481110108547	-1.0775542616353158	0.09607144539382174	-0.021384661240003766	0.5697213697273962	-0.042960372766511185	-0.09715569616823769	-0.4596134389538275	-0.03639914784233122	-0.10918106933770529	0.7474708693548971	0.28970757721298385	-0.28611965426172586	-0.7108302303701933	-1.1469906400919	-1.2058940598628036	-0.8192000188543185	-0.30671888653636775	-0.7420314461971061	-1.2096463643118542	-0.4184992076528609	-0.09908885287826065	-0.8266540953134996	-0.07811374592327126	-0.2607965388578278	-0.7911627237804304	0.8226005627901102	1.1196956942855554	1.3852442923291877	-0.11234638276213389	0.85841097206999	-0.04689033240812909	-0.35787931158074826	-0.2663583391072819	0.5707202613611584	-0.5175346590906355	0.48306111502147564	1.1056364322455736	1.7737550525272365	-0.16745768865597913	-1.034259124835985	-0.25738564275718506	-0.41463963207524945	-1.0461080904296758	1.529714838992337	-0.2437297240082599	2.173069983365336	-0.9842572117161859	0.7618626505229885	0.23682282120396844	-1.6690456791470196	0.3182768635343671	0.1746886212529077	-0.8934288474469071	-0.4853563922492866
DTXSID0023371	7.750093527257624	-2.6470546453085437	-2.9962844771504247	2.2673332775396986	0.3961039542898289	2.0432717822463884	1.3210893726234545	-2.1698469979723516	6.345234171434496	1.191867880326946	0.3498546600478123	-1.406125935135123	0.10325917567270572	0.7576627947012103	0.8415569301732188	0.7002603118625905	0.8281216367670087	2.340902978377162	-1.7589600234643457	2.638309026062205	-0.7582292868345324	0.4022728731491954	1.090643824653758	-0.5544626438827035	-0.052291363151031604	1.4044055161092128	-0.8732845545783129	0.03567045078224994	0.046751739326473925	-0.9062894053807872	-0.35690017293356635	1.1539368469648545	-1.15894469224517	-0.27215617575119544	0.08700190878635346	-0.37941167547558513	0.6183126107379731	-0.3833212973381554	0.33370191870624527	-1.2550316496318163	0.13249301593997073	-0.398157934122024	-0.11496980540052251	0.215687120314152	0.1848285537158835	-0.18564613691825513	0.9565496361669373	0.36355766787381616	-0.3147847295728739	1.9078143953588993	-0.46875923919600754	1.1080857360851348	-1.1009245080668977	-0.7196363256199652	1.0758895860681315	-0.45664809750289986	-1.3618365688208256	0.5564931186860227	0.7978427839281721	0.5259324133734898	-0.5474565196306178	-0.7058789780989102	0.22414746335201965	0.10841012079389299	-0.8822685849704706	-0.4839015480124667	0.3795101616336554	-0.5060778275033123	-0.729466733666695	0.7913320453247419	0.02670687201269528	0.2966785015318543	-0.1723573897528856	0.39714057717983486	-0.9315227842786994	-1.502924703363001	-0.39878951390261075	-0.12071761821588162	0.7002601803232619	0.5702773265369311	-0.12041874767244169	0.9789359537198267	0.2494881910935611	-0.2453571995346294	0.9353999696072313	-0.5222081476433847	0.37666944442908207	0.7162389088173418	1.392392978198395	-0.33000990765165694	1.1869159057737122	-1.113588051381225	0.4320129751400087	0.16650911647032587	-0.0365310651850637	-1.0171987872035497	0.850684963176465	-1.1785436905906694	-0.7082404178318255	-0.40674889512826806
DTXSID7026029	-1.9244153148818415	0.9828110011988893	-4.888261571326012	4.851434125848803	-0.39095463312797085	0.8300026646873749	-0.35853741674045897	-2.6701755736868256	0.9227520387145945	-0.2992195278506431	2.254478204452286	0.4286873736023212	3.6324280915150684	0.23053483726427748	-0.5336184004826556	0.9980898567028028	-1.486813936412973	-0.4490361954531125	1.4885912992773673	3.5697412119149985	-2.575295102558717	1.977378908989978	-0.38038308576598956	-1.8549157689685676	3.634038574084927	-0.6576010205887214	0.7309795406386802	-0.017359048765285753	1.320371089500705	-1.064227316901255	-0.12676045988287643	-1.2687600041657612	-2.3903873445706965	-2.2469968732081718	1.9020603201964508	-2.073370318449154	0.006832454020791422	-0.6742063809940924	3.956108350704825	0.38850099069417476	-3.913733668034154	2.2452696293369696	-0.6946883616804705	1.2429426419879674	1.6187148244220055	4.501527875675056	2.7211043381141944	-1.243382885554313	-1.7181366853420112	0.5381642820583085	0.5798012364221928	-1.0408831910028025	-1.2943986191531462	-0.9049336030797168	0.30881808074858297	-1.3962369421694838	1.596166581646281	-1.6151419127643825	-1.248935663454355	0.3404964059085344	1.0535350132854397	-0.5416738275644969	-0.05528352711377785	-0.9192826904472585	0.0987288823168937	-1.2668606183498992	-0.5312566666690571	-0.41526245351563273	-0.7314806853697561	2.377195694226371	0.6162851568469686	-0.6169468322454871	-1.1242155880549134	-0.5210759814035488	-0.2788398625552387	-0.039265283243822766	0.8589581996206634	-1.9106046386469515	-1.5006957892260677	0.7016304445799464	-1.6387093317872847	-1.8497731729979738	-0.3325392088468691	-0.5022859183239559	0.8867714558420027	0.1274556782470004	-1.3319370752631585	-0.36034922865270314	-0.1416430035571436	0.0021945766566956173	0.2629308972024066	-0.05544674535960869	0.04515595277224507	0.23722903171217016	-0.3909525497377826	0.7115543099062801	0.8022251657720881	-0.4573653027512662	-0.19516902806226624	-0.5375597492050982
DTXSID7046205	7.590879959896	-3.153255672145113	2.2256368444532435	-7.482374726241137	1.549226098721621	0.14111469065019805	0.7234593458575612	2.605383147741194	-0.5597523178134219	0.10717718212026577	-1.9712656405235667	-1.27924886329572	0.6590202923323835	0.7667064760531261	-0.1236598112025769	-0.7269791637559333	0.3128658441518284	1.4874781273264082	-0.4188371598266119	-0.8025642475467804	0.7909918694316276	0.25868849725893583	-2.9508310628060177	0.39274808059786637	2.4034111496556365	2.300424734042796	1.7756497954213581	0.18987797872994067	-0.81444816555528	0.44306333978099594	-1.50525254195043	0.7070226433903787	1.4171095756632817	-1.5920932989317678	0.018745048539456063	-0.08690573466413797	-0.23556468347873197	0.8039927275242248	-0.0586068701598171	-0.03971592391385768	0.5738379901240463	-2.4342903334236623	-1.8902711902447813	1.0344916761374616	-0.374805541813657	1.333968419835787	-1.2755386923756604	2.310585934156388	2.0574596007409394	0.821012310402759	1.830043150965751	-0.9284506176606251	-1.418696617361963	-1.707584960347738	-1.5430790477602374	1.0807949375187467	1.78694922113696	-1.044747506226104	0.2351012854424649	0.08745357232022327	-0.4936549915438478	-0.27480725793395455	0.008676611757864851	0.3613377862301251	1.5446642389885374	-0.5920485055881889	-0.4978970170377967	0.4588955079102208	0.35418270517202316	1.1198386313197817	0.16476059456820225	-0.4339490741651959	0.15868496602335622	-0.620167291022878	2.413000559544103	-1.8701659388601786	0.10990916944293778	0.4428740376969277	0.6201684474788441	0.7313533119162611	1.2393546263359476	0.4500100458035272	-0.9270869244175123	-0.40157911511887984	-0.797134372419243	-1.3106391686030276	-0.30052858596037363	-0.22958874685029204	0.02045818926764121	-0.9181978667023458	-0.007536227733197323	0.6215397261618898	0.5569898114587095	0.03016562662117733	-1.0286897201736311	-0.34391134116529687	0.8204237276338939	-0.17080031601486534	-0.6253034398662348	0.21050162620454008
DTXSID6033401	6.154618623383595	-5.618246941027524	-0.4616892420784639	5.427264235173567	4.490117761433651	0.9747153149900457	-1.1953204583500785	-5.018766580613706	0.16780257352062183	-7.334958816145992	-2.343806983548339	-2.4739800936200824	2.285028877127351	8.46927117749555	-3.2908416294954774	-2.159051049962714	-1.3295762159675506	-0.1656952805133484	1.9275876127388556	4.281524688079047	1.3585518764595788	-0.3760791747592451	2.690971261190972	-2.3294456938214023	-0.6193274886213885	-0.8051979214150099	-1.5542211981682899	1.175482765563795	-0.4006180668292726	-2.618589786377758	0.3069341201586992	-0.6679615357783842	-1.70711349463741	1.024332881678921	-1.0794210146861607	0.4529410403736679	-0.049907063174664534	1.1792813028719091	0.8457003230333396	-0.45450936681182796	0.8536994697141356	0.8317630848286918	-1.4414485708158276	-1.2450382977019623	0.5113617877963476	-0.930434357932933	-0.44667096689135904	-2.0109947019847727	0.22439318856015023	2.6814247579950767	-1.6208296441331131	2.0253275382498104	-1.870723989917537	0.20132290978116124	0.026757126618680915	0.6877043692745284	-0.31214422212624193	1.9850242169782202	-1.741389340542404	0.3035278227805291	0.9000365695645628	-0.37636541325371553	0.6129324126504888	0.8724089742876545	-1.572245829402437	0.8000286265873822	-0.6867815683751813	-1.399632027933779	1.1832494530446747	-0.4302212395467169	-0.9123920183077475	0.49055532803883345	0.5670395999865678	0.28199126472609065	0.49239540801661863	-1.822049419832323	0.05378575932224776	-0.9249793859933395	1.3058158206961554	0.09717813123373199	-1.994791995261684	0.9813686576810546	1.0928691076658053	-1.8026928737879595	-1.0321370550906694	0.29502483582394595	1.4078133563007014	0.49355910336489955	0.027262118871682596	-0.16536842697177795	0.04513011350060724	0.48140732194114716	-0.5921250794637416	0.5957327653040131	0.5337523318562579	0.1093076316033426	-0.22790571601523413	0.5253700452549425	0.29217105957121287	0.46458004308477563
DTXSID3020548	2.312727869470826	1.3210606611164533	-3.4553450611018874	1.7718217535679128	9.877391196045926	0.9912243921562419	-0.774884344817829	0.9521654881855577	-1.0215113458647358	-4.633060016502407	-4.7258640454945375	-0.7727796401428466	-2.32087877414414	3.7500891467319675	2.7096738704758874	3.0402670658741493	-0.6437784394344628	2.422018315153563	1.7323150016187057	-0.644210387009916	1.4361155701533694	0.5540769529609	-0.3818931077241837	-2.4756392582403692	1.0430783537031778	-0.49447437149853035	-1.5388328147993864	1.064874138230374	-0.3879534554329916	0.6980496066749756	-0.058586755046365735	-1.4376399811645224	0.8605865248868061	-0.5042641567421843	-0.002570340067809227	2.1202253021001596	-0.459416559652228	1.0167507533401405	-0.5817306119436503	0.599416851248172	0.465840137266516	0.402417312397262	-1.1709510795520892	0.1761645119113905	-0.6385519755302744	-1.2908497363026559	0.9423204189360096	-0.7597962430746549	-0.20460267513929242	-0.05775907030158895	-0.6211071144901436	-0.4472174305764881	0.42297888524250105	0.9114592638585621	-1.1710005571229671	-0.6469273812815977	0.044518604219313494	-0.6764492843033364	0.19194189168225423	-0.3009937899455778	-0.31016444816391653	0.4281082755224583	-0.4901421259889656	0.5584666454761434	-0.08801959264264886	-1.64706473473553	0.8827630335286447	0.49370197336908445	0.4150855053137139	0.3705241329761835	0.6848602481490281	-0.3527548217926684	-0.23432123127186508	-0.32873055976060217	0.2909038945304011	1.1115860891686404	-0.47554982678935726	0.8265677078320568	-0.05143115523391533	0.3329570836396522	0.5334947850571171	0.11450515835193886	-1.0141391997073663	1.4102501337484237	-0.20122955648407276	-0.5197783729627898	0.980393900932643	1.4257410435968676	0.321447982920991	-0.4107056611857338	0.2312609229778788	-0.6286871800157158	0.24776184602000906	0.07894382240660124	0.2435903740796444	-0.2384447981065166	0.22549750079993536	-0.08046561988939115	-0.3171162791152385	1.766180081749395
DTXSID30880413	4.339513564556456	-8.215572052800013	-9.025674835689447	1.0315666226065727	-4.0238334313485185	-1.2371429614566232	-6.34810633527617	-9.79111587646978	-1.344720792265741	-4.556702778993368	-9.028442575194921	16.291089945961073	-3.779286719461585	-3.8078122577671447	1.4824529960740893	-2.4926261312497147	-2.905699147292127	-9.053126750930042	1.9459281933233816	7.478088702364653	-6.591508624088061	2.5125151037114626	-2.6523536466904876	1.146748397044325	-2.562327157712953	7.357660979535338	0.16793568663688416	0.3748542110266681	-3.6321586199298608	-1.599657480260597	-0.05858855956961289	-2.158636833072925	-4.78241768022769	2.949445372221722	-3.1197368138427684	-1.9556571745391382	2.941869852116142	-2.461961236925823	-6.342939679954279	11.004556530815977	-0.2645425625637321	5.439581128521799	2.6090123198889352	-2.6319473848633397	2.3347093107209327	-3.97006647617654	5.185222442849009	2.528646820193377	6.745659475982089	0.03287991853557875	-0.5478597455755643	-1.6664136519880117	-0.3552560606614657	0.24509105767513018	-0.5255139498767586	-2.2105040441413015	-0.8493641915192562	3.4183675438443575	1.3682281953552962	-1.787435613350512	-1.173971803186844	-0.4006367399522051	-0.6211081503029664	2.062755363268172	-0.01960989155234368	2.7952591698726987	-1.1758929031112824	2.27812349055142	-1.6998330221735594	3.0919038586910794	-1.8769146983316967	-1.3751993437037453	-4.213153292497969	-2.823933110661305	-0.3369908738697376	-2.628185933102551	1.7972454074641082	0.5141734884167652	2.193120704462448	0.9729865062969199	3.2268112659891988	0.04171024552171885	1.51821831508009	-1.151860186226336	3.088012811240332	-1.0293571338193632	-2.3093399787205535	3.4822401100945917	-0.7865018958687681	0.287277019808387	-2.842688605994309	4.036961961688094	2.4416054311385933	2.102493806808881	-6.391226789003506	0.46912870217587044	-3.6421235689382656	-3.8289386852013245	2.483206550394945	-2.6565613842313347
DTXSID2023149	4.705877880142535	-3.2635105920364773	-3.466896247574045	0.7141602277384174	1.2298546517928313	1.7408515080478684	-3.7843440304001428	2.3663198633322646	-1.7975549225627734	-0.5414127282302563	-2.4582721839691395	-2.92968833614085	-0.4098565084889167	6.404428171175659	-0.5932320445464802	-2.451677234962181	-1.893162167705982	0.10213113691038396	0.47124016389669715	0.18973881171597304	1.1777525303922494	-1.7268799602507403	-0.12417635053287263	0.6099754198834207	-1.3716533127244828	-1.2999565858528885	0.9750072838173789	0.3112152147987521	0.19872593527537924	0.1162209802042956	0.6927211682793727	-0.5657738297829762	-0.5613993278293367	-1.8959968015622775	-0.5244524779960922	-0.4460263262346224	-0.07873803979415153	-0.06704618774737563	0.5595812777846071	0.8969066190215889	-0.6707584738312752	-0.8365447438947143	0.8184156608460421	0.4366219854339369	0.00474638684878612	-0.956358303777459	0.13212492584514787	-1.5298284640848225	1.42629907258272	0.22746456665198975	0.2923913988047358	-0.19162465707074472	1.170756168055413	0.2773766737129785	0.24209917438810846	0.9493253146761826	-0.022926188183149388	-0.7791033078368487	1.3078106371576457	0.7165933362686763	-1.0973635072733683	-0.8557948903961798	0.6624574146237872	0.7722306341070283	2.6138048455656038	-1.587126857775743	-2.8981531028152947	-1.1461763239469314	2.4374488242518506	-0.40436957708396015	-1.7553250129280673	0.7746074636807773	-1.00132851972462	-1.3494706878752543	-0.47703884283311	-1.3188648306035105	-0.3173019198865971	0.6397504927932461	0.11983554898406816	-0.5253062386455728	-0.9760660643738571	-0.1279587752109316	0.30445257540792076	-1.3456514259480188	0.6629323084723269	-0.251321932069579	-0.1392170211133048	-1.518743464512838	0.20942440052343994	0.6786484701018557	-0.28705691295747415	0.4434739350931144	-0.3536122114404749	-0.3378387138964066	-0.4352968064095623	-0.028391091621405306	-1.2615034183717528	-0.08619247354281037	0.2292418127734123	-0.6712382210102623
DTXSID5044738	0.5453038112172338	-1.624138830260342	-2.7330348745667057	2.222105676278739	-2.4118901357036813	1.7778948443294291	3.899052955565817	-1.8951731744624107	0.9520486073717025	1.5961352368377764	1.547300119454247	2.7027305548407567	1.9950942213368756	0.8949871810101608	-0.011000404646598986	-0.6168545735593165	-1.006692714210356	2.4812647468168842	1.5083864360821304	1.673788166496854	1.3358721482818496	0.3561801301011471	0.4419540198724436	-1.00406818689679	0.23030185737779524	-0.6072224623355096	-0.5113062436912248	1.2802995155449801	1.227543616719342	-0.3343805095284526	-0.059346789046028685	0.6546746762038607	-0.8831815296862381	0.5249495562910478	-0.40450394288514463	-0.5938666724361922	1.0239076533815508	1.768090399771572	0.6174714179620462	-1.5193083599406525	0.8968581982247453	-0.8385202175081125	-0.2777032525962417	-1.0081030006749931	1.2288109119387705	0.137411811912435	1.7658083740289343	0.05848884871201486	0.6195843060479144	2.900274660789089	-0.3727087700877572	0.6459828607501994	1.5967234163820778	0.15270178127236056	2.8108993476475574	2.825405298992881	-1.362508647426709	-1.5850883651228849	0.5821353549807843	2.9822531123390896	0.22144381799715032	3.7042522967923	-0.09566019175134628	3.299146199110318	1.6383582687367046	4.873872072521974	-1.0420263617705199	4.9032916769547	1.458546129165967	0.24195044984548988	1.7533139675328013	1.4530761357872586	-1.4731971578831817	0.43236651246006785	-0.48324218580573514	2.807059718669842	0.6651051399477835	-0.1628105379095228	-0.7672495567731838	0.6517845466606988	-1.271079739853917	-1.220505002652529	-1.2684417653537599	0.8378278732205704	1.4566476642589887	-0.7920690483544214	1.081366354467618	0.08615836651197832	0.39620771251547227	0.6675108968944545	-0.30784189351153957	0.8453768412196159	0.1708459091175412	-0.2097592372997299	-0.12522393869246012	0.04316904107467645	-0.6446148411235615	-0.06043656731296044	0.7004803050410086	0.10595303914829232
DTXSID9033923	2.521520238298462	0.8792656970370418	-2.7912763288378426	-1.736203119876063	-5.143061057867567	3.6225944856477814	1.3844706243259546	-1.629540712352913	-3.598623032219248	1.483108207260891	0.07719896079442495	-2.4640083323130217	-0.5727782766168115	1.0816234088516377	-2.190704062788775	3.2277789404364707	-0.6772847608081201	-0.7332538609417132	-1.0103771058247504	1.362704664280839	-1.060759507230134	-0.7972064192840006	1.0627802585007966	0.22775719067437267	-2.2593498961178415	-2.7300607499047187	0.4762303267787181	0.8955850631754233	-0.5012080027999737	-0.8226617169069025	1.1267815856824057	-0.3214964806305492	-0.8752668479044308	-0.7945146406189856	-0.9190398019768653	0.7807681744356733	0.32895358380244866	-0.2058929261952703	0.4715925519779717	-0.3254808070305592	-0.06740855559591132	0.8751100959646776	0.3869377130222932	0.23888061773216301	-0.0220459327380348	-0.012868082085754776	-0.9443725339404712	0.6562280351955976	1.5319660515951388	-0.5394178335717303	-1.2036027679868377	0.5223806419662184	-0.32553915159294206	0.9235912759746502	-1.6423210660089547	-0.12668740012794494	-1.4604394719571205	0.42972162124531543	-0.4302698757030742	0.6332999333797092	2.4862833615711954	-0.622283575866087	-0.17413075486835744	3.308439129863243	1.5663470500938041	0.5324535349724702	-0.4250728593869147	-0.3346643929260107	-2.012279645776586	-0.7297604754985652	0.10120952080668597	-0.10880281871497421	0.08217639573534534	0.6791887831200667	0.38588033518082254	-0.683927019491451	-0.5389507012576066	0.3732486878984589	0.6146969721887259	0.3290417407072464	0.7763816140407884	0.31823143255571334	0.9789733815130195	-0.27788555187662145	-0.196813208346242	0.8545094157135427	-0.24078662936856363	-1.194753212139077	-0.5351315449954956	0.18974267379977605	-0.6116068350702195	-0.2176077947609477	-0.6461217507221194	-0.5360321333978724	-0.12764734667709354	0.19711024693864318	-0.35591387963469867	0.23092900482584694	-0.6060422839072042	-0.15440940945957835
DTXSID6027975	4.076969433474146	4.3652785830675835	-2.1333789221752957	-4.747993594180348	11.257911437444028	1.8190751316487308	0.8051254203315376	-3.9505355997883314	1.0195166295720672	-1.3831534517468247	-2.6338596035395194	2.5959345505991536	-3.078007356929887	-0.8364766144884157	-0.18972498767186174	3.0552450556565423	2.593128971419616	3.0110493018671978	0.0448162487212515	0.5892866788143069	1.3136726823346538	0.7482291445802319	-0.7540359114027204	-0.9857070152476056	2.3115071745606626	-0.48111634938194486	-2.3391703568819406	1.9532150893273057	-0.4726220416478205	0.38950044998889827	-0.6561508719222102	-1.8909092247615442	1.8811939687622676	-0.857563970330694	0.3611574342643607	0.8908291073894057	-0.51806010175011	-0.7240278291243792	0.07804402023976248	0.4616726182038228	0.04449667512609095	-0.6608981433713921	-0.9755814260047998	1.019737477905132	-1.1654043395021485	-1.3970087911276667	1.5518912234071924	-0.0755803834657847	0.24099990435701193	-0.7620932269246361	0.2580203207880697	0.9100292334285579	-0.27435222409329035	0.5892952594840782	-0.030320811362045064	0.5649973964016657	-1.1121431601724614	-0.06663317209773345	-0.46081088898312256	0.639455768791595	0.5323692645085182	0.651505466554078	0.2719395838323398	-0.7142727304834828	-0.2858295553055616	-1.4445462093203854	-1.3822619322123886	0.3935145625317133	-1.4277971044046074	-0.8893516576862186	0.08159206107647897	0.442873387935963	-0.07121679044409468	0.12386631262827853	-0.655734718328808	-0.3546262041234652	0.022691687703181775	0.9153344602025912	-0.3236412374774207	0.134292522548429	-0.4719362543623849	0.5901859471838282	-0.975049701767299	0.22000779461793196	0.2351643698747444	0.10817009374546971	0.4546492423355199	-0.6509524865086334	0.6924025265124552	0.3200392478654771	-0.15102881311096453	-0.7374241165217166	-0.5378872307260649	-0.4976876834991887	0.46649740496609576	-0.22440279916671663	0.33070208999603684	0.30975758309813234	0.0044102745141076215	0.17835009940005264
DTXSID2047723	-2.5650613714097044	4.013449208856156	-2.697961463067942	-3.6967760530508373	1.9472171879461837	-0.32910352396761483	0.856136065383765	1.9060171892724502	-3.3736339789220815	2.5380182641450624	-0.9400794953775072	-0.4756790948343545	-1.658973679953675	-0.12465340909603863	-1.6440162463168664	-3.003997192202523	-5.089276251106914	-2.5619383421467026	-3.4449144353428065	-2.593983155758703	-0.8049746054628183	-3.9623781343121975	-1.8042604918601224	-0.28516795405602646	0.6162084257575386	4.228885809571186	-3.7830932810177496	-1.4215941217612231	3.887405701005778	-1.1640316011319678	2.6004408406595725	-1.95070877262421	-3.1599494733224516	0.20214160408538653	-0.1553772419773121	-0.5856921741481222	3.211356884311506	-2.9599892128283996	2.7645140352981885	-2.6929664371031503	-0.7818745967294174	1.4667864645082898	2.3701369216571604	-1.148379188803741	0.4642938061449241	-3.1180301170172666	2.0194242234059807	-0.9670806095618562	0.40411216906458813	1.270474781242334	0.04120167609057204	1.6693139879042913	-0.22679486954905156	-1.405255661483956	-2.862617818421794	-0.172817213341894	4.738056752726858	0.4326993980186713	-1.8318297687816356	4.437700521743807	-1.6390510010452928	-0.24330913735273643	-0.5113964717684742	-0.36134927037564374	0.2199602612086848	1.9914547298449152	0.25607921579833853	-1.8436016690569328	-2.979944967576956	-2.4586096776974355	1.0151782343410625	0.025004860954713482	-0.7023305638445589	1.922002486397251	-2.175788488342226	-0.7890895908512735	-1.1022323390782074	0.9688380617794443	0.17835181231651107	-0.6356746825144812	-0.29787706443176204	0.7174747617300232	0.7554100551515577	-0.08544992748900895	1.4096191845333235	1.507023869244282	0.9532457979213456	-0.14058468643865807	-0.21299076330144387	-1.381153539598375	0.7648420010437735	0.992848737775525	0.29072509727351925	0.9781544000388247	0.39647813634436946	0.7718957792848714	1.1480460091133653	-0.33993612607764057	0.21076090811461182	-0.33809241209622964
DTXSID6045741	2.945102933848015	-2.804445886757151	-3.9749618492601777	-0.9841191804674678	2.1708166732679426	-1.8230811838482528	-3.614599426147691	-1.8552861733674961	2.7120744717484535	2.496663095915439	-0.0405463754844762	-1.4684798510393735	0.15905302438903066	-2.7216789518116946	-3.9996152603465385	1.2687628118328032	-3.8226175195683827	-0.6220871409067328	3.869049143671099	-2.1480211554536193	0.635517273247497	-1.8178055043689905	0.3677349891414195	-0.24259579866180317	-0.013824450722020527	-0.6929837683503611	-0.06372363051263089	-0.32869192760731797	-1.1665197045983653	-0.42519463372356675	-0.9522235321269408	0.11683705437494737	1.2605767075834386	2.1226108643934714	-0.37567229054446316	-1.8845338353305574	0.06794399312664051	0.6664880465022178	-0.13876411005231315	1.8859943579703773	-1.5564780446399566	-1.3048018566509048	-0.6142238557034229	-0.8730617857628258	-0.661444530087877	-0.11507367167905337	-1.6991214762699405	0.03736761458760975	-0.762560526933945	-0.5149265909103508	0.7644827486628398	-0.12412776295921477	1.611473766940981	-0.6129794343518834	-0.8657779086677603	-0.6576290972115665	-0.4626606680663216	0.8312297562813579	1.0082371215729182	-0.671436399144201	-0.5995314858755092	-0.6773393652761248	-0.5434131361276798	1.8800471933412288	0.6277567328538639	0.6201792342757713	2.2894616522460765	-0.35439839007607576	1.0043479834148705	0.29266367606951865	-0.3725249479890494	-0.19313012337506447	0.5703575407850594	1.0517635194584287	-0.120588931365421	0.05231834879350276	0.16174985521463342	0.29437046503045566	0.6168179801663295	0.10982376192650307	0.0723853444359375	-0.5866042869075484	-0.049791716895382754	-1.007538211393942	-0.2341090721962252	0.9586976375296986	-0.24440081380482478	0.7368435834406084	0.3052324537108296	-0.14736726883020387	-0.18861186443115474	0.053860722461509594	0.005900338833818937	0.6526552911592349	0.1421158729076926	-0.676845687268838	-0.3371416407752887	-0.3123017574647458	-0.13992082906617292	-0.29203904478679854
DTXSID1049275	-2.1439698308934463	0.2112172517700452	-1.8612925991660423	-1.4261865419797677	0.6618242862572312	-0.9571244937487854	-0.9045226082260547	-0.5273638248093986	0.22592574814519134	-1.7557795073483151	-1.7942387127153108	1.9217254212816643	-0.6898261031562078	-1.8753873881261118	0.19051820388197777	-0.2530225830119063	-1.7133247166840226	0.29341096363670344	1.1883846623533634	1.7975964892948706	-0.3403338939686337	0.6591449665343875	-2.6727760705794106	-1.3222593319336975	2.297359073515979	3.018272682413795	2.476860746046472	-0.5646891061115885	0.18630006879395772	0.4071175070129333	0.3949451486194746	0.056590838460448344	0.5826172857954323	-0.25658000479401005	-1.0566444706761544	0.7593057104435972	-1.2355317947327122	1.0536530998021418	-1.1853202095823312	0.754755855243894	0.5059202963007674	-0.17513159316963003	-2.36670870406176	3.19475588758711	0.23516571011527632	2.1508913506733967	-1.1145593634102433	2.5753455245446957	1.8396537144733685	-0.8769700099443725	1.1951279463035451	1.5309551180134606	-1.2778502442172033	-1.6581299316285572	-1.437631761831061	0.8567205369476191	1.3677225278989107	0.3967656070036613	-0.9581878071409217	1.4548889781537804	-0.9801743834651025	0.11283704857369453	-0.9834017425145894	0.6718179064667005	1.1054423695355442	-0.431447384764241	-1.1459280415164035	0.11609874235326403	0.45498356402806905	0.8667220101888855	0.3675770121031751	1.44742177636665	-0.43445928465332917	0.904895043028095	-0.6557325386767695	0.06947725904918935	-0.5276603716838514	-0.11631544354516532	0.7859732997150863	-0.8766316972934458	-0.6548123260318381	0.4904200134276851	-0.03195917467472294	-1.130016004521032	-0.3208343158567694	0.2355778664889736	-0.1677832754707709	-0.23072293932220012	-0.24708552836330486	0.11701496816432984	-0.36915383079565767	0.2346018277604945	-0.9505113507310685	0.7059478974437103	0.7528903350456931	0.467172721298426	-0.8842430558836537	0.2813373610996657	-0.20767290863220944	0.4213926262357598
DTXSID6041551	-4.3404813880966575	2.4327540732847153	2.167061787362669	0.4530486709891638	1.060023840024245	-0.22573895383662573	0.7862483816034793	-0.8268357851908716	-0.32259705015459483	-0.5248319922891622	0.23979055925280626	0.5393792180579478	-1.0009931779486407	-0.6795447678631069	0.5124187697672831	-1.2505300818618768	-1.3673933516666954	0.9047293877527972	-0.4435036038168492	-0.25171729522390174	-0.9403638946695299	-0.2967918165510236	-0.6259531451946289	0.6896508232741244	-1.4914448590423632	0.7568716723228179	1.2054404702639363	-1.0468218079940483	0.585132804191222	-1.1905724174540468	0.34707911721093804	-0.2687655080472384	-0.005275545838589468	-0.06183420334996875	0.014508479829303436	0.2097890539041047	-0.9600178168436709	-0.11995002375899817	-0.7877279996072197	0.049092488085706494	-0.25130927790690405	-0.6420778869808228	0.19374469511321646	0.6889766168180455	0.810639230640078	0.5803628992578376	0.1058287447546817	-0.3324316816066145	0.5011764634370972	-0.3563580890673507	0.011938624895244884	0.5521771957098606	-0.34525438854463303	-0.12862076394360067	-0.15644924913052966	-0.27650460957078116	0.025534407568053967	-0.4726591813980306	-0.054715326276709324	-0.17896128780857895	-0.07941092431076421	-0.12162340544467763	-0.15893346442255182	-0.07729810019875769	-0.24257859579611998	0.05393028942961954	-0.2812492813485999	0.21189802147004594	0.021373091546885783	-0.18576691008398216	0.37568162910101566	-0.3504530652540038	-0.09002184583556286	0.26499707872336986	0.10804343940624682	-0.0686642467511505	-0.21197220032669353	0.25133509715434366	-0.37592047689449093	-0.1494062039850259	-0.23767105998788382	-0.21314572111960853	0.11662970128973195	0.1807124394227698	0.01204197676809112	0.014657267589863436	0.05193979534071329	0.20967817203526468	-0.2765059081802417	0.1868293380078176	0.10985146079915381	-0.36264502492077644	-0.19683897137768464	-0.2819552280637702	0.3107668990316171	-0.06213805709489349	-0.009494357119032912	-0.003842529206921684	0.020567592665029458	-0.070314212860627
DTXSID2044686	1.673706914667153	-5.23052783030466	0.41077072622870103	2.3235182177401987	-0.22646505007235376	3.5290835334457156	-1.2265962211197248	3.2347494177417095	2.1821187931382395	-0.8357958559277698	1.7004413869199904	0.8644929719052277	-3.52136972115916	-3.315293061350622	-1.4810467419992583	-3.1924011722103933	0.17785541515367445	2.246190837668777	1.7270898760335462	-2.16320072583735	2.590439975749573	5.4621487276995575	4.750113474116841	-1.7279213753029983	3.085929227071629	-0.5419743937160507	0.18796218816324697	-1.7614686987050518	-2.7519061286998765	-0.1673756241268691	2.3493302278917967	3.3678338599921327	-3.2847967007178807	-0.5871937045583551	1.1835057234716444	0.9530777129467892	1.2285020641011137	-1.6773661126740178	1.2608607525355002	1.4643502926470133	0.4353472836710202	1.645086816998758	0.3456628267745383	0.862522660707303	-0.2570780039488532	-2.257104729150836	-0.7687434135122246	-0.3324255373367684	-2.0497525693116723	-0.774136929587759	-0.27695334766425084	-1.0165564535090845	-0.2239565181995913	0.7143065557709796	1.3595036432386765	-0.8907190465374387	0.8764246157632665	1.450019877348324	-2.655580057067039	-0.4537455426102659	0.31442783918403805	2.5725564295177246	1.4139996815139237	2.100136671093811	2.1249144386868575	-0.37954424545797627	0.5071918497908362	-0.7324504966044582	2.159968493775909	0.6758085745765874	-0.8728587616571508	-2.899536884522052	-4.6002966448670435	5.868434348611381	-3.720153818595906	-2.4235037712757492	2.58344775700874	3.6019917477469745	1.7675442806394537	-0.3921761018193582	0.3828484432577819	0.5367225400257847	-0.2235440035053185	3.6618616727048736	-4.35293232042796	-3.6553351600281694	-0.6976110305773937	-1.5309643312758732	0.24571983444420684	-0.6071424726526732	1.0952032268585667	-1.1569514749661332	0.06764654474852679	-1.0121440235639496	1.0434821970238561	-0.8999697050029004	-1.0849020827318303	-2.4719105870975038	0.06808531402854932	0.4734858085113448
DTXSID5021380	-8.98786507431093	1.3511204554282463	-4.314221635456392	-1.081025917962131	-0.7276221117709623	-1.6442790726371783	-2.1151811553101383	-0.7547781084918476	-2.4351238786893608	2.372240021171447	-1.1203429529562396	1.3374811953943846	-0.2901210310308561	1.612678792275953	-0.10484305361537469	-1.1735131606859144	0.6082033189119659	-1.3932558444957956	0.13100239592894816	-0.04361869626555702	-0.24782181204328665	-1.1199764257289344	-1.4029925941944108	0.6889868410335998	0.6565887844681113	0.9748188863503523	-1.493337196207279	-2.1954154830627046	-0.3229249664290938	-1.1606230365211767	2.8001101201687373	0.6058818769884803	-0.8011809674345651	0.5147621104185975	-0.7642549419937367	0.29795745722890293	1.6606176644811255	0.3021814876196843	-0.23292826338151817	-0.45500922790794845	-0.8869457989846051	1.2529174630633353	0.23021956109792657	-0.4716903278601183	-0.36447506792773715	0.009560924405415457	0.937500103660215	-0.15582516075978498	-1.5405891218065428	-0.7708229163051464	0.3176026387386084	-0.5439739100103955	-1.329004706419145	-0.07169221684977578	-1.145342414039659	1.0956891438521061	-1.281275665512457	-0.8869093632322109	0.11495054006125037	-0.13045079986712338	0.5585440749822712	0.5361869488574729	-0.15945053357379219	-0.07833564352514981	-0.10290097898095117	-0.4110300498791587	-0.42377876616015603	0.3557362803847378	0.10266346036823328	0.8116569492290661	0.4286167278535185	-0.3833990046580156	0.9803039124493734	-0.04461521285811	-0.2128134389756205	0.6660997363204938	-0.5321351727506657	0.5600018125700282	-0.43258658929818883	-0.2867893535486276	-0.2851655804419594	-0.4962932858922063	0.33257871562970276	0.6353688043868213	-0.8486708579314256	-0.20292813496200438	-0.4115344446278957	0.3849809688567121	-0.5288086583664194	-0.3180377100603806	0.3687428697308053	0.521428771667424	-0.14465992109487905	0.0259589658826599	-0.48125758853311357	0.21681292031516858	-0.12244600000110697	0.14459055088033662	-0.032840080296104975	0.1613897901790369
DTXSID5024001	-5.739045854451892	-0.04245491994849719	-5.426406675680694	3.6931552346368126	1.971522465709221	-1.102244334454218	-3.0956185184543004	-1.4235822227167354	-1.4444747979058261	-1.6933692195067975	-0.9608999956889729	-1.322426829147834	2.0858078033471785	3.978386282783228	0.48956779028783703	-0.7167400231812373	-1.3920652743796424	-1.6575692384123035	3.420979766015375	1.762958611185325	-0.48668347632726505	0.03604350555814017	-0.07776862580045213	-0.5939805151167171	0.10230902267938778	-0.10986715749120148	1.5041813994220568	-0.2435834651239186	0.3865972544229397	-1.9115130101028204	1.6988470310871562	0.464037217797547	-1.8077066995514814	-1.0042631394148884	0.17893297679035058	1.8912143771500272	0.019675404116744066	1.1404095708715942	-0.1886738668985835	-0.7720775323707784	0.26349669122108343	1.2596388908459228	0.14008443491302208	0.14741713482412927	0.666312419908258	-0.6680089566117432	0.9166368795761171	-0.7466510705811256	0.3600933312050206	-0.14295850004026775	-0.699165517224878	-0.4246920732287994	-0.38122308000708516	0.3567836835527306	0.26726576271711117	1.24024621306999	0.8385062129929257	-1.5750425925029468	-1.9273935066429382	-0.49931089313987337	0.500830918827241	-0.41958815962522306	-0.6781483854623152	0.10065869670157458	0.4587630178153862	-0.5582351439223706	-0.8143490239902774	0.42417552531624875	-0.04356284864961599	0.26787844014802786	0.10002662455695539	-1.1424326304737922	0.35773135098384257	-1.131807751128677	-0.9569333039524319	-0.9538230332645926	1.601332355890546	-2.0478475769055646	-0.3237675094516343	0.5535563176227853	-0.9503665416825456	-1.3205411833587297	0.3874049782027605	-0.7701681484321232	0.2765947880846438	-0.15033625984665533	-1.372552356663699	-0.48858744576202556	-0.4981832952320771	0.2624916442444093	0.9473555641099876	0.771894085559626	-0.4865517554278989	-0.32040723328446996	-0.2340004063301643	1.0411561352993588	0.7089540480285464	-0.6011153828245983	1.3051670275745542	0.35431498823099283
DTXSID4047882	-2.6348623381395835	-1.9459164038985126	3.049680238724833	1.9408722271730543	-0.0343235319884353	-0.2591260768375569	0.46729630661528426	-2.5153399409137105	0.3521648197723885	-0.106503151740564	2.3573149175984645	0.07159295696905416	0.6504278707049117	-0.41843223415943775	-0.07452825076291622	0.455711391056793	0.5621223862489416	0.2756078574973138	0.3164416690224947	0.4284706903677741	0.1966670507218298	0.48997617984558023	0.5210592480651888	-0.16081093623294151	0.14620045008410337	-0.2401585337144483	-1.0870014908436958	0.07205289518982881	-0.21161545202660673	-0.18226937329839446	-0.39759591592299554	-0.13343671310971886	-0.2839495958825393	0.03592312279500196	-0.30636404320578586	-0.19469046652081526	0.3384222941364227	-0.031366130910480995	0.42108906653994277	-0.5032861344989411	0.6616878595329945	0.8390806964414436	-0.23261970229156165	-0.25295026536156084	0.17127213236030783	-0.19773772018754626	0.04232514991056693	0.2477761272469968	-0.2777874369842226	0.8952453148150411	-0.49583494769108344	0.9327592709290462	-0.018717296168334882	-0.19464599036164318	0.4840871686943181	0.9285252475490855	-0.33128179097385657	0.7519030526254579	-0.3410656843065082	0.8079129380689777	0.27030482340778417	0.7463712892940724	0.33528294748195997	-0.5878667764478219	-0.29982506884267757	-0.7454001056694518	-0.4061755457788437	-0.2038923530640994	0.02674269750728902	0.5640401865336528	-0.25614583332468915	0.6109695160182143	0.19681752805218364	0.2831323751136275	0.0712348006949972	-0.44172347315636323	-0.5737666718762671	-0.347327667256924	0.43342278159824166	0.33341020756493067	-0.23946585471089762	0.05981658078659	0.22885714029574442	0.0133849906256051	-0.530518805525851	0.3792677632901524	0.28511987411335565	-0.2963370029557258	0.25540982993350964	0.2073526498039272	0.6331045011159072	0.11991217488023244	0.10164952176414412	-0.10052338871050007	-0.2901486382122906	-0.30012215245038765	0.08233781211602238	-0.20619854700734466	-0.09668993925961879	0.11104207369339958
DTXSID5033701	-4.261351683381632	2.831696536583386	-2.8024535568746676	-1.3179615099491135	5.247730601282868	0.9996497982088409	1.9718562259529848	0.8678687460658119	-0.3937192271050748	-0.6495646875770947	-1.4503690301630916	1.4251774895865263	0.8927327226741505	-0.5443447879047747	0.14415006771932334	-0.07174071078836218	1.9923717946246857	-2.1843432178502464	-0.9257912657658562	-0.5800865028204554	0.34482659706811514	-1.233282260224304	0.6197149635120266	0.026768343762801926	-0.3210707421623727	-0.269792996465007	-0.14301837872862835	0.17994619574730408	-0.558594738948933	-1.4771126187096677	-0.17137542071084305	0.4715749458262067	-0.8243088178190873	1.1417212354117865	0.6123063648964066	-0.0653646428023259	-0.8925453795949598	-1.0409670005883667	-0.04570658906796666	-0.13944449973271747	0.5021327291522415	0.8374670052088841	-0.18964738288214508	-0.1991336306490686	0.9196854247422711	0.38876844392502347	-0.4128829021208857	0.9593750446996677	-1.2190488925552159	0.9658233495377	1.2019397579692914	0.6016591754107848	0.8889840828062724	-0.11333411065415815	1.086217448024573	0.19040314012097653	-0.23647280637983392	1.397564479527786	1.1664603821800508	0.151000173414054	-0.609542582620454	0.5863656140460453	0.060180484668586325	0.1276740545843794	1.0556493829866556	-0.12611145756120926	0.6037979301552006	0.6187952520346012	-0.41664969270154845	-0.8370271160465856	-1.1993080468191062	-0.16565984905417008	0.004888626882681655	-1.3335179988050325	1.304785570264237	-0.04196015402316023	-0.08860684232345716	1.065956327104425	-1.009287483401041	0.27554005292452716	-0.3311873545174446	0.17306683150711222	1.1881669702132227	0.277398465401173	-0.9655178603707212	-0.6223614522702193	-0.856745789034262	0.09260294262970516	-0.6664385492162965	-0.9716124133342657	-0.5980961922390284	-0.3168037540627925	0.14599330351497825	0.32477795279852856	-0.8733903919929698	-0.2032627668412411	0.8064163359099977	-0.24214328022047404	0.33256432702505523	0.12225262285678358
DTXSID7041047	-0.15030735580330432	-2.030241519151611	1.646116388413509	-3.3947434622905233	-2.7740225924245094	-0.9971642374401446	2.8610208382888573	5.2080351165520105	1.0844238946239761	-2.6066539304679988	-1.9822190702320748	0.3800887343885238	3.313988348226585	-0.19522672412292946	-1.929407730069869	0.2715117937724619	0.32902185667568956	1.417090428276813	0.7602627621624282	1.858803120992798	0.03976360401118233	1.264346244623924	-2.5503467411368916	-2.4353521382657757	3.385147556709067	1.613119062862738	1.1430477624863045	-1.443163122534269	-0.3899427843890864	0.7208456723419833	-3.8431824705904645	2.553020106372245	0.11671126569087237	2.599040817758612	1.5325108269207095	-1.820209553634183	-3.8422101775157476	7.212345341703144	-0.8630988158899342	-3.827636759005447	-4.278070152440812	3.534116246233463	4.472936922752445	9.111193541604818	-2.013446681602019	-4.178382870209755	-2.6626326901972086	0.7315896352850876	2.356734324214906	0.05321535444139596	-0.5550920714404399	0.22678350614315057	-1.0740839472507508	-2.9841785809371326	-3.2571683649485217	0.7525639255513961	-0.05869366322323901	-1.925655537126864	1.6514807353643655	1.969477367236467	-2.9099466838000367	0.5793822960839811	0.7398415292235446	-0.42625529852440897	-0.06145702126247504	1.8495685855722852	-2.2656875649003285	2.040390970571465	-0.7018039456708979	1.8876596640700423	-1.3017617646759656	-0.46967953580097843	-2.1951576226581957	-1.2511157120614091	0.35688458586531024	-0.44879123484791394	-2.336424975061205	-0.275291831318254	2.660462834822808	0.6270613074851162	-0.8184557509632007	1.6260430982053184	0.05609866453754427	0.10438723232007428	-2.423039694213901	0.8134717704550786	-1.0427216299643407	0.044912322540009646	-1.6124384843884743	-0.8602422061002922	-0.8188414335187161	-0.3161802055214164	1.5097074579131669	-1.9130407859539436	0.24135058364012302	-0.733294466271804	1.0162948834938954	-0.2780887148085972	-0.7235397535656994	-0.16127660849171185
DTXSID00380798	4.5880056914450185	-8.32812665492176	-8.319953035936653	3.107795865352228	-2.478898938016075	-1.892509717406789	-9.415428590139406	-5.15797908425391	-0.06342723767129273	-4.970480470959875	-4.592339429607113	13.805697721601344	-4.266731682598717	-4.810663374205554	2.4910039020131176	-2.865356371580859	-0.41322997407716894	-8.244605202010915	0.06669092178455159	2.9914324546689177	-3.2453806324912944	-0.1828560541172103	-2.0543320406777577	1.6306322196814016	-2.983759361140993	5.68463054747835	-0.21715604075076286	0.0059888927772290225	-3.849203969112436	-1.7577406419077548	0.12949854370789243	-0.6584537510450642	-0.5062559949951756	3.202430644789936	0.755671928448242	1.7407469600627867	3.1640461408242118	0.8585008960681528	0.6406223777504426	1.7043946772109944	-0.7063862941680032	2.717559388118764	-0.834298764432388	-1.735730752821272	1.3792253038604017	2.099388224690775	-3.361614899833089	1.7076549421688259	0.9051810593506988	-0.06730559064632413	-4.435474653612185	-1.5242524724211828	1.2688355073333242	-2.109405820170343	0.33408156915451614	-0.888153284350679	-1.3813058763067783	2.3899021567129064	-0.6525859737747808	0.1014902132885388	0.09006355578857907	1.1973636876976295	2.3615591069100192	-1.1194638515450073	1.9628847776966871	3.9628758686046326	0.3314652594289725	1.545434821538469	0.6224592900787848	-0.1880235218378144	-2.8684221011904882	-3.519463771502276	3.5257297289462777	-1.3078610213471271	-3.683425806544441	1.0291143114825414	-0.8859751536612042	-2.0473801947466987	-0.8513496371991359	-1.28826068428892	-0.42547933575329433	0.7089873760946444	-1.6597092493410954	-1.15018893996427	-0.5375095569490189	-1.473050158446431	-2.531062888663055	0.7205097654360856	0.1514548923281868	-0.20987161701214072	0.9169701748989662	0.32059268862264323	-0.9700117460681907	-0.8475230972574405	1.3104776960464817	0.5154077146926733	-1.0512077121054906	-0.41421791709651623	-0.33648145188040407	0.6562856863320334
DTXSID3025257	1.4110497992537216	-1.5158664672462308	-1.7163635557171912	1.9912033260389277	0.9310833710853451	-1.2469126463146416	-1.8676089810905177	-2.7111820184832736	-0.5509524934020144	-1.654927437766576	-0.6857373052865925	-2.172845821172567	1.7979971277157585	6.026178420895049	-1.4632421727673952	-0.5696027528409557	0.2044963755893588	1.0569189754174515	1.8145819283250373	0.0985066263282152	0.29880640394406843	-0.4926066315441283	-0.026228343309223436	-0.952034386880619	-0.40258458572798717	0.9076575506380274	1.3397793398501663	0.4942150353477486	0.27720501754645127	0.5511150398770014	1.0011743757729532	0.2845205206566021	-0.20157361579265734	-0.33191041021430645	-0.3618023084075528	0.9464458337548036	-0.8700903395444357	0.061079194885040204	0.12664955756731797	1.4296638136434137	0.9633404572990382	0.6545545672150851	-0.13495409678836115	-0.23637824935939522	0.16193003856562324	-0.5205146204203858	0.7168635061159453	-1.0279657580055708	-1.0030604220056147	-2.088565239423169	-1.064502355288523	0.9020353824270829	0.19362064579119118	0.08364401829639605	0.02435121191588295	-0.412738470406235	1.4118779456335009	-1.110648662847437	-0.9807720558800017	0.6806520458192882	-0.18129910808620553	1.1269743824901448	1.123326921542825	-0.374556447512386	0.22383621350334917	0.20209574440060582	0.026391921907992968	-0.042431603893367004	0.19282165712982813	-0.9806672117431345	-0.174770553583874	-0.45973095560793087	-0.17507078066896894	-0.33806444730530655	1.103007887330136	0.5314175638691591	0.3667793867190504	-0.5395526195790601	0.39077243786840044	-0.6621753134668329	0.02772331651462163	0.2735685958179384	0.33846343679624075	-0.24100207712693375	-0.9064489958051529	-0.45653742875849823	-0.13664647984377634	-0.15232140413907397	-0.2638457042804489	-0.1352329746472444	0.07944488504653979	0.011515152106457005	0.040737296949618196	0.3459721926851135	-0.0056106494202838395	0.05682287887221132	-0.09365055275142778	0.20049550792933826	0.6905101093303442	0.2424716860194389
DTXSID2032891	-5.307968859333635	-0.8154774970703577	-1.8877213068873302	-1.2661025752959252	-1.8549536255807768	-0.6001222134525684	-1.4243734623373485	-2.195655467248553	-1.6492166676196636	2.742762551834948	-0.8248578931213714	-0.7586644217196966	0.7957827027890106	1.7669422915495172	-0.7846667775756493	0.049207402046673156	0.6527734926085853	1.4292977209659576	-0.03460890939636732	0.0907660410685542	0.4666388055111076	0.06483874370438929	0.2434478932957635	0.03464539466775769	-0.19688011037388412	-0.017569958689812225	0.35233867804404206	-0.355751822377459	0.6121168400857889	-0.3691976966373274	0.8441624769219201	0.510805018390508	0.15698838257791217	-0.2762278577290957	0.44347908611980597	-0.19898270625646888	0.32004423571525004	0.15375231246406917	-0.12189215465218277	-0.04024439092235437	0.5133475052171665	0.22180008835087078	-0.08693245884599929	0.19865235822351526	0.542369237676834	-0.1769092480692222	0.40464775433123945	-0.33970617343070275	0.574759338079469	0.15769446490705075	-0.7504963169310941	-0.4975799041567775	0.8738749459585057	0.5340744159992544	0.5762360170966319	-0.1840118449863468	0.34255995349688984	0.5971690167596377	-0.5359983172649991	0.11095269317706935	0.054943711859591404	0.14995445013503297	-0.4562750560777267	-0.2247017987452926	0.12376870278390911	-0.7345818835386041	0.40640851743569173	0.06400006365290402	0.3788044508938487	-0.17701221512012233	-0.45473491853567677	-0.3372541854088665	0.009140851147182964	-0.4085712297993801	-0.24117126562174773	0.2101514357361446	0.5926518455888906	-0.26998274784664344	0.11892575743127785	0.2844191368728316	0.08169114440009122	0.15442797284266296	-0.09978167696053149	0.505428357283196	-0.21394669559089818	0.03323526875229124	0.625416528005264	-0.14589110758239268	-0.2787860935071622	0.24973795433334728	-0.2801198242468176	-0.1784632925788713	0.05663258125469237	0.28810834704360977	0.2241461505384831	0.28582401867388113	0.21895278734926077	0.14902015121991713	-0.14256811500985841	0.07946630738968374
DTXSID4045474	10.959098955073868	9.545345563201247	0.5933149715565456	1.2479708483170582	-2.4045880011997394	0.12439304319202052	-2.5903840332166577	0.07239349771286456	1.0270178191800867	0.806410782283819	1.6690867315316855	0.12133139700949266	1.161381587467249	1.634513179054213	0.47608377525048706	-0.36986012157557424	1.2513716063629947	0.06929377303984886	-0.7983697729115636	0.7624765882070679	0.4696037854163688	-0.193361457660152	0.6366263789956783	-0.3062850461288713	-0.26300421731116824	0.33756465181010215	0.36108616211243244	0.8068839827361157	0.07865581109434623	-0.28226907542533847	0.08975430190260794	1.396176807176619	-0.5161893394832373	-0.44919832489234707	0.3340139762094394	-0.5201628045300649	-0.018928119260582334	-0.2954790411737854	0.14599371213425466	0.19437126335725946	0.15730445073013496	-0.42078735664932615	-0.32257373512495613	0.6372575108857336	0.36666732420226594	-0.9497537678555077	-0.7226270554281387	0.03385349322612866	-0.005049452445792608	2.1986161620448597	-0.4156868009996338	-0.732176656182077	-0.8289149617193591	-0.6653359735235752	0.8484159834431885	-1.406118737114236	-0.1843008954372359	0.4445050101930191	1.4819209031991278	0.548619683608276	0.0910542245860153	-1.4794889046431916	-0.8872451834352414	0.6957315644069614	-1.0403128701527677	0.02723101588746359	0.3642713840568453	0.33833565711021	-0.7704231923031111	0.0017639313032840225	-0.8615386290798545	0.6955021417198776	-0.14406984596106104	0.46890535845054726	-1.7729620161451154	-0.13112242924476006	0.4068754700864028	0.22475253038903206	-0.7097264188434353	-0.15515912175096627	-0.7893668070676378	0.04212347772937442	-0.7214248531235877	0.6222138713963388	-0.811743826996932	0.6424013903487292	0.2820908861683239	0.0007724266523368979	-0.3058637986979995	0.05227201243482329	0.2989125710748589	-0.19131785632328077	0.18847170006602057	0.07233076943611298	0.09856948044231537	0.20694011207294086	-0.10656041642367545	-0.32556353193056703	-0.3268907464414215	-0.24889208817006003
DTXSID1040112	-4.409710817011465	3.3772612039133256	-3.2932618014099586	-0.11653336607557854	2.5634077826163755	0.7555708018816686	0.9848939636946339	-2.0633537581969703	1.0996620101681407	-0.4589882894446368	0.8202076874760438	1.0744726683907821	0.054304926450767246	0.7114105993936135	0.14436247930359233	0.04943215231228952	0.3397509341903835	1.000533833133776	0.22955821082055725	0.45570780012055484	-0.49365764063886847	0.6256992583574355	-0.3846012269019887	-0.4859782007175672	0.9995792917239057	0.0021925303620470367	0.06439017199217241	0.5112961913253289	-0.5477984461878591	-0.5260747608969092	0.042382472709604574	-0.33876723878448795	0.6256299966216662	0.3928203278170672	-0.012229341931152146	-0.15767137620746688	0.45756823947939423	0.6190733906558341	-0.15641479741763167	-0.17467157889037319	0.08417826183263398	-0.42007743940641945	-0.30648955557712265	-0.4370638027551842	0.24494799417276134	-0.5321195910590205	-0.08479352661755311	0.02498184701177392	0.2932194100903462	-0.17562223858293421	-0.31850185288456573	-0.3263062701926045	-0.142892407159479	-0.3524010116407337	-0.38316996131250963	0.2543137964009297	-0.4845331851342724	-0.41123583439730005	-0.23436976384003883	0.09261821474033369	0.19066004846192114	-0.020489177925750383	0.07135691721444415	-0.4487475416830363	-0.07242562071238783	-0.32155666234883884	-0.5826095494681524	-0.1481240001401171	-0.13984720219445243	0.28099782518927036	-0.5075454132200796	0.010055276128082748	-0.008635482748674527	0.0820727353399287	-0.3135451052470714	0.2667533401978428	-0.2640676365837677	0.4107545584832704	-0.23616018351820192	-0.058071904924716505	0.3285862908262164	-0.28274495769635555	0.2405564645488583	0.23086583129432142	0.22888339394402812	0.4791730199367478	0.00866148395199523	0.14026826858696606	-0.2765775846870024	-0.058337347412411124	0.37293510994490564	0.4616856982072861	-0.44404174043710487	0.02301550235083084	-0.18993572678192322	-0.17743212958082538	0.06547072461381018	-0.35003540775751707	-0.03849090327341514	-0.06528700946075931
DTXSID0045462	5.571016608824271	-3.1101143508978346	-2.2148986432901725	3.2600688492949286	-3.2008976261878077	0.8295169665090097	2.545113844243395	1.6299952967672535	0.6135117810411453	-3.567662748059741	-2.793649934486861	-1.1832517851849995	-0.6103525752364062	-4.713171506521935	-2.665686301969908	-4.707022826833717	-1.4654638310909371	3.642979973454929	0.5226621759760788	-2.6258983122297606	1.2906230824480773	5.904249575053066	3.678735320407919	-2.2319606026261627	3.4484295449491325	-0.4135847938801181	1.473418660529442	-3.595576378156011	-1.9528286209909016	-0.05265433084319657	1.7493365705976076	2.4117223968233192	-1.6749395639875653	0.16786585278281219	0.06911803757660798	-0.2542170979191783	0.8586870929773207	-0.0712697311874794	1.430843086642418	0.007250188101519975	0.8434926857765047	1.33525962533229	-0.39879046746909014	-0.3266464278987017	0.5714202278219237	0.4401995736080061	0.09656968769943929	1.1902932732737381	-1.5968987134707129	-1.5822323731005459	1.9534818501464692	-1.6023241570935098	0.8453796213060417	3.6805031512387307	0.43622144805157387	-1.3292929795106756	-0.2554364834313826	1.512093488779118	-1.2714860898828655	-0.45116174197831915	0.7372343298538666	3.393774761331836	-1.463596215570317	0.6484260116590397	1.9154775948028422	1.0517792226199343	0.2875814747243361	-1.503406082986452	1.5077865496643035	0.543951104020319	-0.8335520440687327	-2.4487556096023275	-4.7181495577412305	4.108953243029416	-6.405353108249164	-0.5295119004617165	3.274685776389837	2.4647571279179092	3.6417575795976767	-1.094207969191217	-0.04900961343432843	1.418445436534085	0.13945235139559006	4.301893997992596	-4.398622925423943	-3.297873379694072	-0.4332460828802368	-1.940791104022706	0.35299640607006283	-0.32316079062006287	1.7101962299506341	-1.7701330500803953	-0.7760548405772061	-1.0776529135757664	0.8361221628686246	0.5457392002879174	-0.6896921434327402	-2.174017018263729	-0.6535967328021622	-0.8509547563029579
DTXSID4041573	-1.6842600901853684	0.5802976865196146	-4.976098642110921	1.3830584348372916	2.2993366026867887	-0.29055304370263374	-0.39080523528675926	-1.784921138704746	1.7007005625848142	0.36759990834357237	1.846691370940891	0.9737253850353325	-0.013353636832232322	0.3594087624967032	-1.1828364144394492	-0.7636127523284488	-1.1197741235359502	-0.1551969127604005	-0.8539464893416526	0.6662392537214059	-1.1017287140810388	0.09603864647931337	0.5467005902356127	-0.586253844921735	0.49017561475607513	-0.6420788254930635	0.24169069760474501	0.11620717149292198	0.17660318943375147	-0.9052893510591662	0.4575799697697675	0.7497245308765228	-0.1884948898757932	0.7633439978170075	0.21140012798895555	-0.8294327925642994	1.2234377128657503	0.3547920131928337	-0.25038729441097596	-0.15657693653582994	0.19301677404553166	-0.4432324250634761	-0.057654889778973824	-0.36031946825622657	0.8954518095842681	-0.44873413079564545	-0.7263389900426902	0.1822233754865862	0.4034513604106562	0.6630137729258606	-0.41708709107750286	-0.21325453321857427	0.4896022464829285	-1.6460563573231741	-0.7036429531449656	0.05571929989274543	-0.8954824600392204	-0.09559330437376495	-0.420621636336239	0.21171305082543793	-0.5337502106176427	-0.11942084023574208	-0.06054114306370668	-0.841192604915994	0.028658462683408357	-0.7320111533873533	0.7077404231979104	0.6984225845775679	0.46846390899933216	0.14401372827476427	-0.5471399854993368	0.49921879357068716	-0.6691569569671665	0.20983721361450616	-0.26183183011164707	0.5626485789260273	0.6157667150255164	-0.9177506661575383	-0.29973900207937215	-0.23598743277067832	0.6363141344335407	0.4813490577302656	0.07793839003037381	-0.12416663327488361	-0.5459395671338724	0.6383833705744137	-0.6521560682663782	-0.2716400411047797	-0.11542955209331057	0.2730789039296464	-0.41747607949883564	0.19684381160430586	-0.727780023908319	0.3833079657280168	0.14838996363912782	-0.20611521010605852	-1.1214129290635442	-0.4102138491480828	-0.46303203711425883	-0.20283560974636203
DTXSID8047391	6.03019506292149	-4.466833808158968	0.6143725131545401	-2.918480439163888	-4.586852431893592	-1.2838287357524913	4.543159238696338	3.2817022964277127	2.062625014415594	-4.339766108265638	-1.437554642725545	-1.4645872679205745	1.615320198739668	-1.6687075550508652	-1.0887514091337331	-0.09904951920375471	0.8316246571715354	1.6624113367495317	0.519011370029582	0.7300229545463399	0.5629385773576054	-0.7503153024922624	-2.0350433410516438	-2.776460512599666	3.4356312860087335	1.0958742248116191	2.6159062833372277	-0.4978910564997684	1.4702919821686202	-1.4685320382901093	-0.922255789107803	0.08299200437373552	1.9794360702889926	-0.8405489051409556	-0.9343817360867936	1.1897524657542888	-0.23173418482425115	-0.2364655500083805	-2.907039494514058	0.01132310106014679	0.33828750017129905	-0.8143893619178534	-1.8432165037006758	3.1409067383595834	-1.1073656051562666	2.658587686556712	-0.4799361090841771	1.8379239248568686	0.4629019110026785	0.5590912460624353	1.1023592382071734	0.9301284743356177	0.10225553942515297	-3.083438114115791	-2.2392563765034557	1.598558030483598	0.5395635495746917	1.263814034955439	0.25011575929787916	1.6264455684490347	-0.6863558828576923	-0.8016305770600726	-2.5259002875640406	0.5581292394478187	0.028710534864841767	-0.9297687068554509	-0.22057922084776607	0.5501375502739585	-0.37310789426915025	1.3194106884841315	-0.7470260608034701	1.7020485079599363	-1.8169731924857706	-1.1771028883793129	-0.28880376491183174	0.20443584940475248	-1.6921656897867856	0.5280213860413998	1.0164550567578987	-0.2586447271248698	-0.8232848112916491	0.37664479276324847	0.14882360040516163	1.5413645780247969	-1.1012623573918805	-0.37432086302471673	0.5138310648601871	0.05469010404558199	2.2215630708547356	-0.33760679259643467	0.38297267810777125	0.36544554617463754	-1.0561033985251758	-0.43710309626456767	-0.1546100527677559	0.6652077028319514	0.4211956889217029	-0.3830465288812139	-0.3186900385567783	0.47317306611759624
DTXSID9042259	-2.508221489905965	-1.9449272193573974	1.4762582400173512	-1.6254246612670564	-0.8575221775531917	-0.8460821617561225	-1.3311164108764986	-1.6493654186222186	-0.4142604351775024	0.5853121060102905	-0.08475963473269203	0.2555173553549125	-0.12206060906645765	-1.3219506530777565	-3.6810466234838186	-0.6867706165840443	-1.6843525310949135	-0.5321481794915363	-0.9074744075062043	1.9957142059106	0.4361093231349047	-0.23961717648410485	2.077981004569404	-0.7823512494025364	-0.8064261530504354	-1.0075986511941653	-1.2573598839967042	1.0823960169482443	1.3023062164111283	3.488951763351763	0.25400871910415823	1.682854235803954	-0.2706726337072332	1.2363561786094686	-0.3548486076666526	-0.29435788089515785	0.3505571631243427	0.4311590542957073	0.5552122011977024	-0.5405007342570438	1.9072809135764697	-0.35012303544299744	-2.195558414734499	1.4246239154631315	-0.27276254787237725	1.0406960437999992	0.9894919067856167	-0.6665815472149104	-0.19348243515642702	0.4709302489748121	-1.9496223947496265	0.603189839597268	-0.6401383649515361	0.8836028692767486	-1.0037987115939129	0.6533198010849135	-0.048673762680066505	1.1105985689276463	-0.35741184916510915	-0.7341804910781712	0.32077259826160714	-0.5229450644396423	-0.5119052327731183	0.24027598221638793	-0.7169985747280729	-0.37679332739716553	-0.3720747372021235	0.2907134242809049	1.0428765697560929	-1.1426531228161432	-0.4136535174024128	-0.5108092994633002	0.3208305736136514	0.034774931282207634	-0.11730028492174753	-0.2246307675542178	1.0804802978849681	0.0013826779506628164	0.12389322695565462	0.41033005895847235	0.3819926240527085	-0.3667703990774375	0.055355993584784526	-0.2863880272304283	0.07993956172320302	0.013534595613955187	0.5686453599449464	0.3103256899176941	0.25178587394361074	-0.2318955896362681	-0.40813457803424	0.26022256471277166	-0.04322877030650946	0.0016120399173468938	-0.08919370395341787	0.024131773508301164	0.00619014271909794	0.09917996008459116	-0.21791433195322304	0.2774175147573261
DTXSID5020071	-5.599689737201095	-1.2144642476808052	4.420615618016559	-0.32750026005145844	0.1112195790992674	2.6320319670040933	-0.9054127620417597	1.4797148859034854	-0.00964604225276207	0.5502830235729655	-1.2291971842843277	1.2956946705297672	1.4068320825039287	0.22858892073927986	-0.8838517074214536	0.2771571619676103	-0.4661440064891186	0.0004108948885111935	-0.15790159960310154	0.381727210387436	-0.5878204991116069	0.0019239878033456756	-0.21629458826705594	-0.5901724115233782	0.807555761420609	-0.6622103193996649	-0.27039475394287815	-0.007793884816498306	-0.615854552188322	0.2965127708425597	-0.5663935624964354	-0.2946410921090976	-0.5573172454680476	0.002899319398163033	-0.17192188168544886	0.6401025538644534	0.1609745179039871	0.39580884172134684	-0.10721502817317792	-0.04488720739136715	0.11888667864363878	-0.2071111247093428	-0.19719746874532107	-0.5742199829428246	-0.23624511395795686	-0.27641999889412383	-0.28234216888524044	0.1705214804400608	0.04795631373504626	0.24890189412091307	0.21644147776354308	-0.48784178883662493	0.08987025487547114	0.10589494310649798	0.2185454529363677	-0.5674722843437351	-0.16211937898981651	0.10104648834824212	-0.7328113009276279	-0.3006091232454858	-0.002388060576976174	-0.07628425812315379	0.2532146772389925	0.250780741165149	-0.20486526749238682	0.6252198266583435	0.430648793494568	-0.031645313786297986	-0.0919146582132753	-0.24880531441398357	-0.22446721183610338	0.13754314774794515	-0.23668521082481622	0.08095164618016187	0.09065653547554546	-0.0730361695606227	0.0006657429565567508	-0.1559470272428284	0.02059951204221723	0.1999199804731858	-0.16676871534800303	-0.055589194413742785	0.05894545024148932	-0.16196690406177355	-0.014682573296677898	0.13652035977041813	-0.045172556085850364	0.2714378887564787	0.5753854921352451	0.4798527697794218	0.03590199453060705	-0.14552313857918492	-0.38628276825736074	0.5094648366183194	-0.08084283715247471	0.3226322602000483	0.003044179110397492	0.009266883951255555	0.25573739954563723	0.026998641952004833
DTXSID2046252	2.3303775872837	-0.1254931437742257	2.3447693444160693	-3.9029759225155747	0.06574977469767275	3.4536679862650277	3.7241215224970734	1.8859890428673554	-1.3769183186048617	1.6777094696181425	-1.6745213159435566	-0.7008014561564484	0.9668990373615175	-1.3407926972284523	-0.8370362413913703	1.5912536962832025	-1.7922633674662305	-2.4877047898109423	0.7026289579404866	0.15966157670759287	-1.2864911427574184	-0.33134768956486815	1.5431225067344596	-0.4360022176501475	-0.5094639025830918	1.300655800896125	-1.3214957289541331	0.9135764072643059	-1.9419427965284484	-0.09836691639207258	-0.029647406755305854	0.9529578647378962	-2.4584910785120617	-0.7555070578885793	-1.6151896697805288	0.041006778035895496	0.4176241982680995	0.7656246750458969	-0.11288461940218607	0.33599289725422976	-0.19031872633379068	0.5583201266852523	-0.3344950695578957	0.18533165426324802	1.4923133766157521	0.7048704158317726	1.0948414238821929	-0.17812419950253636	-0.12419546787742991	0.09766733881191522	-0.6233010290520148	0.8684276023132381	1.1466661745446556	0.23430290177570506	3.468687622213995	1.9012157868882718	0.5701856724455266	-0.272070327031514	2.1028006347812025	1.2241186459729916	-2.5441236093135426	0.9921139889645024	1.4488522003661324	-2.8850120108233126	0.846575425424892	0.5982044059926122	-0.49322565270829904	-0.40782516047867734	1.6300215339609474	0.8657957506299979	1.2237745725187554	1.726112777858337	0.5363176285233705	1.7087915880513658	-0.10554672585594267	-1.5184730277707938	0.22359707900474535	0.12887131323945744	1.1754544875487967	-0.019234964612319834	-0.4690610375086875	1.1889419736886173	0.4388044746275976	-1.070670238906758	-0.8019227266191971	1.29380511800185	-0.5995984617023524	0.038245750452343595	1.2267744552942341	-0.09108553310193232	0.43903598147919987	-1.1548789045431171	0.40069736418787794	0.09717481326650709	-0.6349684347912101	0.16890846059101722	-0.8042742615354097	-1.1454335063972438	-0.5159752286317476	0.2482902256982191
DTXSID4027789	-7.109788494640765	1.5860984789526396	-3.9144150455099846	1.9173583692779073	0.7750084374294396	0.16386517019681027	-0.18660431856774606	1.459545456329119	0.23623273566700959	0.876591877460968	-0.653184308278455	-0.04109663500181909	0.5054126462999244	0.3877828521721146	-0.2833034425922892	-1.305573215722766	-0.6335554593039829	-1.1505382254167242	0.06877371731536643	-0.2986769030841764	-0.5525103671881267	0.06316842852778826	0.13327266120338213	-0.275288542199313	0.3970190295434042	-1.1528159709989134	-0.062489513290155035	-0.7290297583601067	-0.4117264870610531	-0.2948837658176088	-0.4456300068100102	0.09375560947074078	-0.30238723336184437	0.1466545456906324	0.4542130849613985	-0.0814776951057075	0.0041392717271502115	0.2523342220012154	-0.17809426648107227	0.7444561110831196	0.11879177610155428	0.7120497323059972	0.012852315265503246	0.22096077999200298	0.07890097858066282	-0.22007355586348126	-0.8767027767147448	0.20107893860567427	0.03808130680699405	-0.03921569823798005	0.4418731118332697	-0.18612779440451468	1.3336592482866618	-0.1939279824414217	1.0437653721987268	-0.18468455405117226	-0.7200229522233271	0.5314939671350197	-0.28622879986923255	0.10026287903790054	-0.9174674433222061	0.23151596673385574	-0.38516405456500147	0.6802972608588085	0.010857192410744726	-0.5704435107667444	0.7749047377789042	0.2601815159285568	0.25831210772287205	0.3222891632543868	-0.7193500911582731	-0.8141370306263719	0.5245567023995157	0.3126995514494641	-0.31541325620063654	0.9411847331414549	-0.5494295774661199	0.6672030221776215	-0.20757140100685295	0.8465097475527729	-0.32457037866302874	-0.5730438735191485	0.432727267639976	0.21520291029192523	0.5898119152698686	-0.29871501106779086	-0.5970738803129388	1.5593587589688833	-0.6113010507540967	-0.017959087317568068	-0.07561425470556832	0.022302515125426435	-0.5165313914408316	-0.22147049140714573	-0.13756844481311364	0.7223087461192123	-0.467033902653115	0.4426590409880359	-1.0160665439707053	0.43356836398186804
DTXSID1044223	8.00868588197528	-2.969539422949592	3.9999882869689696	1.268278714344172	-1.1614812468531368	1.0464473714242153	0.41232124061842096	-1.3338176152572645	-0.7376418836602229	-0.5429181580319314	-0.508396921740584	0.18226910334601393	-1.0118184502169214	-1.6134170348967374	-0.8841913202373337	1.8329853497049509	0.232729375959918	-1.093053043805341	-0.6968601867798261	0.7615612855879089	-0.4314849877703086	1.1291319846098338	1.0875563912407606	1.133955048752643	-0.726637528670979	0.13774921410398178	-0.7608599082248401	0.7505807217828524	0.9863343501069652	1.1989590798246859	0.5027371321762891	-1.3639927390093725	0.2959487890562452	-0.40647509460430514	-0.06820535972242082	-0.5211306344604648	0.4706359805919792	-0.9495373962379623	-0.061537159243087676	0.2679796203930009	0.1281285395910662	-0.015528373170916588	-0.36827809286054847	1.11230286525845	0.03549439001062835	0.3334173019792097	0.13763647113271815	0.10854478400484147	0.9225005159135682	0.9089562869154999	-1.4306515996321618	0.24403967662787351	0.7426610077332993	-0.24746626782248796	-0.8386197245318869	0.47701032670567767	-1.5798756641861154	1.3620339713138778	0.8121941457825114	0.779928568897378	0.10235749209296614	0.33411318257190953	-0.4887426452064914	-0.6081029676492555	0.8303829594302908	0.15912860510348859	0.020294040439911426	-1.1415687043879812	0.2831832794996923	-0.6562884284104409	0.14521171441535607	2.145754335676516	-0.1422304810058115	-0.127693515722646	-0.6774148055476575	-0.7849454513962633	1.8509606247123105	0.679150423971364	-0.969606221855403	-0.010857798930884401	-0.9588459691553831	0.49091822438174265	0.6551349302730888	-1.3755556172105414	-0.9121723598196112	-1.019636239962751	-0.02214854163445301	-0.7400370441197537	1.0295049972844013	-0.2969188991435748	1.4296653354785636	1.649196435250108	0.9916844739020371	-0.3922549072152483	0.773271695363936	1.1695606282396238	0.44866212139876666	0.31481756564992414	0.19605175902718852	-0.1946312065307673
DTXSID4024640	-5.010495309680962	-0.5542684019611114	3.919234092270156	-2.5213815359795504	0.4721222306044094	0.6653840235070222	-0.5460552782615251	-1.2779009894066575	-1.2367638307034363	0.9834240748432969	-1.79167988796184	-0.08215987426915419	2.4053367748848595	-0.7762775087484282	0.16927378111364358	-0.754710143621214	-0.22726145258737018	-0.21202975058573698	-0.6290169427454425	0.8427566111945346	-0.002544532856262336	-0.5825370047693037	0.4191674728834513	-0.833902532406179	-0.006615794674440708	0.023060710730546774	0.2794642543658843	-0.31501380809456786	-0.3786417797154211	0.3322407801960569	0.48866846557227706	-0.2616636651626529	-0.20884840046110426	0.10684531679520719	0.11806252704029455	0.10613515294766233	0.11418616367002773	-0.1842401115915567	0.3956002442236748	-0.23607950156777072	0.1945094117800186	-0.13843065783475506	-0.12138131472638389	-0.17927138674312823	0.17498732548586854	-0.3589928307167754	0.027971644976283086	-0.1980690057207536	0.11477931351406599	-0.052911526582899666	0.08743664739685554	-0.0084694539417615	-0.004685269411670194	-0.3317847216960606	0.5140937072699137	-0.22138567822810606	0.01704011591134695	0.20323385000926913	-0.34486263778954557	-0.11287019769624124	-0.2522242730904293	0.18132921039967134	0.07626955706392949	0.536941972725327	0.5508253357206606	-0.045720654522436115	-0.16848564954774456	-0.6148776826848041	1.0027874593997879	-0.8285824714364345	-0.3841932740607138	-0.09363026276251306	-0.23927274048434619	0.572713998754294	-0.2864297624769623	0.32896573014451186	-0.583943271284486	-0.25180391156706355	0.33311884149907883	0.2889316434995744	-0.5062593762681254	-0.6019105700817897	0.27485123673151723	-0.270234381072557	0.2616905214029845	0.2810156081279167	-0.08544538529030254	0.4406736167002788	0.5318872031135004	0.8618795482630514	0.07600613223664672	-0.42613034007461187	-0.2977703608724947	0.8384103148931749	-0.20502750179197965	0.39382459168302436	-0.26411800030598354	0.10037962594561255	0.3557320812626662	0.0917565312585063
DTXSID1040164	-6.822280915322346	2.552396065006098	-4.355783063981479	5.162754027296199	-1.8428136445129604	1.7211826326967987	-0.3853197096462669	-0.8432512415942122	-0.20287500417399856	-1.2602814418924815	-0.5765319344767528	1.4369212763888255	2.890133712167074	1.4759226431301389	-0.6759218930254887	0.7338483157686747	-0.6476058267567197	0.40570195117773333	-2.326382892812109	-1.7207330578782105	-0.785868945527178	0.4001294351510488	-0.006974111791929275	-0.741110991871461	-0.31074892580169383	-2.4072365468627184	1.5538313055363866	-0.7689548800335613	-1.4191376070501451	-0.035964916581909506	0.04248843485363194	-0.4882705749532326	2.1060042792560645	-0.1134502489204468	-0.02303651422471804	-2.4768021407195153	2.0101489825875003	0.677454594471242	-1.1368087107575602	0.785366741505596	-0.06703642025709519	0.78756040410975	-0.9656737173476659	1.5687242588812003	-1.8512280678902846	-1.360397447379106	2.2551745119549054	-0.5452433154516673	-0.5680211169129215	-0.7117190275220485	-0.017766218425264258	2.5720841337344833	-0.4845050418058243	-1.8473745699211837	1.7233926095983747	1.1734254894560583	1.6083413905204778	-1.2568529194385307	-1.7860719473492956	-0.5512269483804507	0.9680437466107329	-0.7135010178673998	0.021942032810643237	0.1134305995580437	0.4189455936997526	-0.26308770442180635	0.12482679247848373	0.1599733504089361	-0.23837574621162344	-0.8998528491393627	0.009234256566736994	-0.07271042464241245	-0.10182395209417565	0.24624149317849117	1.2129159438242598	0.8109813638408301	-0.414912269038809	0.20544496690333655	-0.322673420622868	-0.5022610391221493	0.8625088963792796	0.44239895697762605	0.30799304342187434	-0.13968150225973647	0.048673346109101415	-0.4620342176987536	0.15156946361851745	-0.15828184918677876	0.5461147548461475	-0.45223515210921944	0.14521659784178684	0.17589122533280482	-0.19222464540354386	-0.27253433719067	0.5145417451761667	0.3051009925595847	0.2148807498996101	0.3783049205546691	0.3489786791501544	-0.01602240859574041
DTXSID0020818	0.840622159898243	-2.0042349223965656	-1.632522151282758	-3.890484612105463	-0.09984755200352143	-1.4409173951845	3.165281554348459	3.7754078638905053	0.09389565750957997	-1.1517433351120354	-1.5808727806218852	-0.06184552597611823	2.675794926857206	0.7519047243395299	-0.25639339514866255	-1.3353964144989072	1.2980446788981144	-1.6195971608194522	0.12775850637129013	-1.516036210076641	0.9727103396002587	-0.986784347071165	-2.6906084614483805	0.3075064262115973	2.9322612085844075	1.4238887479667712	2.287656111046879	-1.9724554941752848	-0.3411118814009543	-0.3209969529870314	-0.3155099228745894	1.6446925382245086	-0.5159364173220197	-0.09943202328318669	-0.1262022565025959	-2.722098715941273	0.4597560576197207	0.12156431041033772	-0.12308632038563229	-0.3751376065692243	1.4103570295394388	0.10271541371811042	-2.09505232924791	2.465678223965444	0.8530010549361038	2.384675101197875	-0.5191352603754392	3.14787178150567	-1.2738333638780075	0.7675034166837637	2.904184620146878	-1.2996628182822751	-1.800363075183101	-0.3311628188341988	-2.7056225016909146	2.1670011991154303	-0.5406755368352114	0.7909548443337819	0.2639250177821147	0.7453072105600671	-1.381904018204275	1.0931118476582051	-0.8435829270232307	-0.05129167907950656	1.3181583802790218	0.27540983395120583	-2.565798013906678	-0.19156809675668485	-0.5744845844492636	-0.42133053343599436	1.175494984750549	1.7475491278664388	0.41777351760735787	0.7543580841737968	-0.8261028822066901	0.634436302015835	0.10892068171766431	0.04167735572347823	1.7355401353588626	0.5134898540656783	-0.9545846540038853	1.7332713847718833	1.181120058120765	-0.19522037913597046	-0.7379278517655167	0.5770859657072479	-0.032307472262204456	0.4983263451628908	0.0908684027685628	-0.1644737639664088	-0.030279067730249368	-1.0030187153413426	-0.31829399975199635	-0.7520885333779473	-0.8452576431868727	0.28487910396181165	-0.4895277305666676	-0.3071178420309478	-0.5101575310192582	0.1959074579389388
DTXSID6046426	6.617589269598863	-0.11821809674562864	-1.5530193322290657	1.9314228984172528	1.078594653385547	3.2879796812691433	-0.03584492043636848	2.0911325668155247	-2.1993884477531234	-3.4028459395316943	0.690415766834628	-0.6682089846720649	-0.8508153316161341	-2.506427168157963	1.3908680347922135	0.5690411099653764	1.6616159685803336	1.0534035912866124	0.8038592246910965	-1.642822030704495	0.3682320671512456	0.666602846657272	-0.6849869464191751	1.9660237738783581	-1.516342975544039	0.2603957731067188	-0.9323240870627233	0.37250002928828163	-0.029265249680150974	1.9141885038189357	-0.6054624324461727	-0.8129888886409514	0.4191703270374823	0.35030750507921604	0.8826528912135949	0.06541973689318308	-0.596198145259167	-1.7149578159404795	1.6579122222931102	-1.2767629858766285	1.1663974412566398	-1.611289261166487	-0.32704507901177465	-0.20778620783717397	0.3000627345695434	-1.0222694125127876	-0.7753979248588145	0.11528870171487933	-0.4522041530340033	0.7702147672501145	0.5654678580857513	0.9674399223330203	-1.7265557526690063	-1.1082308017989357	-1.4804246096851863	0.05635879194053688	-1.1465115967813386	-1.8190429949945073	-0.19275186861102486	-0.5025914205662724	-2.136400746889989	0.0503987890458022	0.18955651639363388	-0.7745712215875131	0.5407823697810539	-1.2995229356194529	1.381591043063631	0.21289704023581096	1.3640694860462945	1.742718111216622	1.0669970883908648	-0.2671598586265314	-0.33658558069988415	-1.401184671752383	-0.48438376647916753	0.23700485068374386	0.3028426075079948	-0.7510328408120538	-0.5156061454251668	-0.4067656761924104	0.6583905570223766	-0.6688725712262189	0.5604772487320013	-0.19641472690308923	0.018657806197448702	-1.1133742610026598	-0.44081139357377713	0.3329820344950601	-0.22643270033256424	0.42045615005305753	0.348531767901514	0.7964624740353313	0.7391539199639705	1.1783025477292206	0.029287868774197628	0.008385301549573655	0.0346028198188031	0.09733937643207963	0.4454743878704065	0.21569153654719692
DTXSID8023472	11.15028459672155	5.8935195482968865	2.6888354726355197	-3.605903854642548	4.514504863367996	2.367790979660296	-1.3869330737557852	-2.771290033251934	1.4969771010656656	-0.4190389030912179	-1.4218230776350127	0.209313536992725	1.4248062291440453	0.7172229718285159	-0.7226189107065917	0.9832598189293077	0.19594226901687986	4.110012016734004	-2.5283565998202264	-1.236227266235987	0.3292296760125842	-1.7352203243132196	-2.2246328906368866	-0.2601820566886325	0.46548231087570785	1.2116150981643945	1.8497785534259998	2.727379915410596	0.66328288641513	2.6328327230473114	-0.09543661155397633	0.6451501248357059	1.2941765525086255	-0.1889003842907713	1.1398206926358052	0.4250837838672479	-0.5277590529366035	-1.7070156930676	-0.15917397536416614	2.831661139496663	-0.010187208727375843	0.7218074810157402	-0.0024801632464450277	0.6293291735903476	-0.8357084303870164	-0.4662605422490526	2.449271350866458	0.16291206628159835	-2.3969282574123114	-3.172338610722079	0.0005788247555138893	1.4734947793897317	0.7698146129267144	-1.432813257580071	0.02349798232717195	-1.1014730548346905	1.0122367380725028	-0.688517576969455	-0.3502457990881493	0.4199664002077939	0.6126823326415144	2.116073441486795	1.1148526733778163	-0.3623209245995203	-0.3856402571181729	-0.7380690364179602	-0.5760426075516297	0.7683821547925488	-0.9796970287592555	-0.30995311436203016	-0.02054937649362115	0.07229492108510045	0.5830758540201841	0.5994269498160267	1.166772035851386	-0.5945054289318782	-0.03558411403708219	-0.05046306566768953	1.1140334428215262	-0.7138862536687796	0.2704365133053037	-1.034242381842828	-0.49763662638294803	-0.7710350101955756	0.26669832040417746	-1.5072638264150167	0.40806839121988964	0.0620768322175301	1.9818132034028384	-0.37503697612589154	1.1182461361029734	-0.07497696978161801	-0.7355602671944351	-1.1972622265747632	-0.3609558253653721	-0.8814417401916457	0.699289911531693	0.5206667808414959	0.9451920763410151	-1.02186575379468
DTXSID1025776	-1.5720692992087104	-1.3128895547902664	-4.232521993175477	5.505708877004237	-4.894648613454615	4.563463848391314	2.630893655825355	-2.3410695840275935	4.95396096317717	1.524982260170833	-5.326127569802115	-5.398251868982587	-0.6656192084335344	-1.66666088636778	1.5968410735507472	1.2900163389850714	0.9999453812312747	1.6436559302109868	-2.004436005822472	1.735671167459643	-0.739589116227615	-1.2664323609282726	0.07179173765642331	-1.9186730479595888	0.10094901871678297	-0.7398221836873884	-0.13757910036667378	-0.8364702580970118	1.1700411357672917	-0.7338237424059351	0.6456796037278433	-0.9845202099153729	-0.8316671100817223	-0.3342361077375247	0.968605401485055	0.1762029583825275	0.509251520614686	0.6913474987101829	-1.0758057335515452	-1.3629245540815518	0.5991825718964927	0.9718248784631169	0.7617059106134139	-0.49634594266240695	-0.2232783541793644	0.08875169043094898	0.022454350095119036	0.7778142063803747	0.37208841872102244	-0.008120827465848694	-0.29222697091770716	-1.2603091287648733	-0.21920990938040782	0.26022130393960263	0.08097963354267945	0.6464414875455106	0.26973805433000164	1.0062756808017683	0.334191320160026	0.8387276024466879	0.697771579351678	-0.004849618293309564	-1.3782196843061418	0.5697607379999361	-0.8127485506289196	-0.06921952557529938	0.10101578362225666	-0.27467037725823246	0.49651503412271353	0.06599668834905359	0.02141233351290588	-0.18407218162691777	0.056996913914376036	-0.2513748923309347	-0.12559850544241838	0.49243179890772537	0.007483071157720067	-0.6899940499948063	-0.05519342622661006	-0.6458772603089159	1.1618190999833922	-0.1942041241008736	-0.5750843141619227	0.7036267635820503	0.529934355005948	-0.4169573470440326	0.5087689874087681	0.7424567163705086	0.3976426143522094	-0.337581469283825	0.2087311645939632	-1.1915034851080786	-0.24654160741261577	0.5834534996921246	-1.024643157110177	-0.34040787226145836	0.11576075050265977	-0.6009560234635484	-0.27361187621890887	0.28193567835986644
DTXSID6033538	7.350830217095809	10.90720866769594	1.769808057877035	-0.3343671376868122	-2.8656379177721965	1.0631069919447775	-2.689586639287437	0.018030944811859337	0.26735321537656936	0.49756153766695677	0.7605921255924872	-0.9753278542311324	1.205697437458845	1.0017259070920927	-0.19154417964846251	-0.3352385476528555	0.26061987478340726	0.8536263594588952	-0.9133530097376026	0.4794062677132298	0.595870378882462	-1.414972146434323	-0.5841747071071222	-1.1218687389552897	0.5174907469702824	0.22728326316674405	1.7457684827065354	1.9898884491393056	0.3199399833363091	0.8453642539158911	-0.37033106042287206	0.6865044508082263	0.05957251815622789	0.9368152288437563	-0.0908791140515539	-0.1380201890215147	-0.14657363275754592	-0.042659316478489626	-0.3200162824429522	2.273520287639551	-4.637559366058134e-05	1.0360636742843667	0.013524389251322167	-0.7023519777401563	-0.22146218374928608	-0.6841682786363372	-0.031521871954465104	-0.16123428206522047	-1.8816548075730675	-1.0757832403353051	-0.16042975318983266	0.11696114597718818	0.12095537415543847	-0.28801170720516506	0.6422064821988808	0.4982654330377951	1.8818401359308712	-0.43835694786391977	0.4164331903708559	0.4324421664000054	0.8187379745925104	0.6298245292617817	-0.5016678287586338	0.28431340336506006	-0.5049101745272312	-0.1086805120970308	-0.4791060537040405	0.5189853276831163	-1.306768540570434	0.4486850958290484	-0.47609213143983803	0.7268027742662512	-0.3689850782581363	-0.3181734453191276	0.053201182612826435	0.15827385673904507	-0.7873551620101108	0.8657412642634715	0.20933009526671836	-0.015376839452632485	-0.07061682009313366	-0.02345357756593637	-0.17348232093715021	0.021504475825005614	-0.45053207639209064	0.0817631239976186	0.1862328167440459	-0.026513933113341208	0.14502126380059577	-0.41920305021675236	-0.09826963413236435	-0.16733493501156055	-0.2456164810551916	-0.3581807263970725	-0.12309474550659676	0.5272964032711694	0.31169027845706676	0.24939288183730693	0.14853426650971568	-0.31035255074377555
DTXSID6049274	-1.4004497171177834	-0.5469281461775645	-3.634426863550939	-0.8177321764726292	-0.1377221927873491	-2.256919252083867	1.8485852483335536	1.1757925519803594	2.5336166047280497	-3.7062305361756924	-0.22772085058461777	0.7899205116300406	1.665619354572122	-2.201379348429746	-2.196571915221624	-0.6513369023282668	-1.5597286405986635	-0.02758261258957037	-0.38456144540438203	2.763971237629745	-0.3845534128185859	1.3697080727270687	-0.7684166583582243	-0.7905986969912588	0.17282400512965806	-0.973551407966742	-0.3935676249344465	-1.9997318129716413	0.3737281839561664	0.7905287536518721	-0.7209226020699457	2.7579330465972247	0.702947234102267	4.443117271062356	1.2042423448876716	-2.4211926273019104	-4.05962762641072	6.428696248522226	0.035869031030949405	-3.633831514602421	-5.19634703288767	4.726626422474395	5.60468217932612	8.618827310642333	-0.759473960989619	-5.115144030771249	-2.256508847868638	-3.1801736050720883	2.07726102309258	-0.9017274280169699	-1.8152575259977464	1.4979814069170483	-1.0033283484689168	-0.3042198593183676	-2.88098263431233	-1.268418732823609	-1.3910321133241341	-0.5625351385533883	1.3903917212087775	1.182771900736978	0.7151465474133301	0.45974225042781386	0.10902712088240617	-1.499138250509241	0.4713332099525612	1.3460658840822346	-1.2085181717656022	1.7822835768487575	0.7160325997533916	1.5025978340468038	-1.0438223261807749	-0.04798860512810087	-1.9789404789771519	-1.1845439927471442	1.0606757276022944	0.15302013044423232	-0.5331992936534299	-0.23911566410690752	0.16710996878699155	1.0337185986626005	-0.34283256883055435	1.1873781855419385	0.48790690623891425	-0.7023977379311047	-1.089742966773014	0.0935769117832408	-0.9586577631695243	0.023225055389613374	-0.2025644818709491	-1.1405924301819277	-1.8839035128971138	0.1633325739821724	0.07540026804573671	-1.0588798212962907	1.8813620042855899	1.3309207517562314	-0.1990539101385019	1.4580015803871464	-1.2812841637289831	-0.02706512713167499
DTXSID4047387	23.28379483382139	-8.759593810369966	-1.0907538817237108	-0.9523229805243719	3.4207151970308827	5.426999458774381	2.8616422069915433	-0.45247429416873736	-2.8082576398659156	-2.979222671596441	-2.4280367091210033	-9.224340198085523	-0.4077175802826756	8.89774734596156	-1.2886223872025153	2.91946105723391	-3.4414727345078933	-4.269392686154637	2.714880821054516	-0.2664660872351374	-3.532853696034063	0.28183414683791386	4.5001328268404075	-0.24282342405004934	-3.114538270515312	2.7623110158104427	1.401653882609871	1.8315521213330979	-2.9438098412327536	0.6585419018176062	4.686681789774095	0.2793416544549398	-0.5057815762531768	1.085542312693449	0.6447999780895756	3.0666806092491306	-0.1095158299480747	3.181973910566154	-1.839941907185349	3.347104193607036	-2.132960391041492	-0.3906192998398782	-0.8457271990480041	-2.0155657263338234	-4.156448931818201	0.588137763081861	2.236833815721272	-1.0330422154763077	1.662781695068325	4.242440790056197	-3.2905865879885052	1.1872965928880868	2.1225233781198267	2.319494058291474	-0.9828972052962983	1.8277137275975526	-0.8324933570953843	0.5446537901141834	-3.5076630915248073	3.8861624959157504	0.9660922426597922	-1.4794274031129897	2.009867270739678	-1.6506580387097427	-0.17132274528432362	-0.8720327496645336	-2.031212326685199	-0.326743250750521	-0.4601070306706913	3.1911219069912584	0.777859128849388	0.9042073328014433	-0.9421061333172097	-0.44641092784434994	0.6737421790466639	0.5242035585577202	0.2871517549517841	1.0926526901914857	-0.9253569200717592	-0.8263591628712814	-0.6205694563799835	1.2098652912696775	1.2915200519587513	0.5663777024471484	-0.7082232660742762	-0.5344006743466139	-0.830918797670802	-0.16277968691665912	-0.20151896575846145	0.5719497459916767	-0.05100797064100392	0.21546598552367446	-0.24410404225046559	-0.7959459985667164	1.5648931947970153	0.4353489289353338	0.3937664047057249	0.08952514133527414	0.7312486920628366	-0.09690269731412304
DTXSID6022894	11.133577386508247	10.062550572451837	0.09510229885400105	0.5686625196742889	-2.5719872700322814	1.3221255599364372	-2.712764512712964	-0.7456421532434286	1.1618480397347097	0.44419875782203827	2.3550223750212074	-1.058933634574309	0.8981454455892295	1.7180620475271777	-0.17872181412775492	-0.13531348407694993	0.6321901723747423	1.0678143710240784	-1.7465781697685372	0.9728424694174265	0.1775485390812418	-1.2483132143953457	-0.7792302135791173	-1.2843058749314946	1.6446367896784362	-0.5016078437894329	1.9814699601103485	1.9553175659980484	0.11627245870640225	-1.037202376989076	-1.0413129260837826	0.6072788494915822	0.10164893772556279	1.6997539716234749	-0.16266299556704727	-0.8515096303710429	0.29687573956965246	0.21498347781261493	-0.25139523236653716	2.648942024086163	0.25623633901657183	0.4944241988849113	-0.2539369156478095	-0.7284911140316662	0.15601905355143417	-1.0693274377396922	-0.6173588920060644	-0.5157442811762879	-1.6300265627584083	0.017624135134824467	-0.4802487757938878	0.6114409099409854	0.23775113829856603	0.2466797328655907	0.2576609846175857	0.8926674215627096	1.459623159233806	-1.040987148937305	0.26423838618612244	0.21309788438344632	0.0323946853909675	0.4530149128216652	-0.5851378215334934	-0.32595237567520474	-0.3993185581755014	-0.549448381261181	-0.448538473887846	0.3154931910906781	-0.7410825127860141	-0.4603596866879397	-0.6945810766020265	0.3314789072535554	-0.28350013101083066	0.15294480145982825	-0.42856432709988956	0.9612424546053038	-0.4736291218483838	0.37735827872781746	0.23464141029374447	-0.21249918839570361	0.19142803294291266	-0.01960314484000815	-0.25595243188344696	-0.16132364267311877	-1.0038331383145964	0.2918438369643842	0.09009395215020953	0.052655562692070425	-0.23529885543499376	-0.01443626263249603	-0.06788021876774444	0.30666245605970965	0.14222205517306635	-0.031166088709100006	-0.3572354345903398	0.36510113576038256	0.6032304112700722	0.017786681024673047	0.2652714457754163	-0.31980374178908055
DTXSID1023786	-9.914605428462368	2.8216784267454327	-3.9811801449757556	2.000687866792583	-1.5733645529934404	-0.33158191405099546	2.0625434672484566	-0.8428556260772644	0.9696113449223454	-1.270490017967074	0.6583347292932074	0.5582847285275976	2.4269903442377485	0.6613288875926938	-0.5484330291886853	0.44141249663647114	-2.132731980317907	-1.3972922054351102	-0.8648104068581776	3.0686650055260234	4.515330599262977	-0.1337399982396141	1.6386845168449435	3.654916791767799	1.5387967080510578	-0.00391683502623529	0.12760991934292276	-1.3523521497131998	-1.9727445196311113	0.07663813649815514	-0.3351547186293652	-0.006321867268671916	0.7952844463198574	0.18237924278606957	-0.3522661149909806	0.8938105229020891	-0.7591845734294141	0.05020387775962271	-0.28462694648066145	-0.014722090851427784	0.07174381066016434	0.5250071572151864	0.3176207555350618	-0.006929110082731653	-0.12093847411814772	0.187751462345228	0.056851896854939736	-0.16463737615483082	0.4699168992096617	-0.4544157786599314	0.5328406821904467	-0.7718796470519623	0.008988143949775542	0.07499879128585717	-0.04450669886964876	-0.8890746849322336	0.2865860646631267	-0.6085188928445934	-0.9427878165293554	0.7953999501393927	0.15358252759327432	0.42939832053442645	-0.15173804404762314	-0.26020426714223055	-0.08464487068798882	-0.6656306121809703	-0.07418269863530866	-0.13670695388124404	0.07434930963476255	0.5266153103763085	0.151606348661343	-0.22297956531954777	0.9669271019214688	-0.06548798820337352	0.1306227794629037	0.31199341964317584	-0.27973128705704065	0.6800793366671934	-0.9948268344890571	0.22305826697324443	-0.1413405655229153	-0.12450031595741778	-0.08224561798552152	-0.11809305257505473	-0.2048082106330067	-0.5562171651959789	0.013647194450550598	-0.0011900540971312727	0.4940380392947756	0.09609778879888575	0.04832404714340257	0.411560145624156	-0.20980127129635934	0.11823750529248134	0.16860625339679405	0.12441154899851094	0.16129102484206048	0.14215243765146884	-0.10348192606673846	0.1468989510434295
DTXSID9057765	2.3314681542868927	-1.3903347150128906	-2.6187385344999417	-0.440525544875039	-1.8242118992886496	5.1014888942414585	2.2826635445042354	3.954457606712921	-1.9864574243095632	0.899586364707733	0.9069750713875088	-1.4165226802910968	-1.4123902195367433	1.8892556212741687	-0.9456381577811187	2.9024760094419317	-1.1412948436988	-2.10318457824992	1.2530706563126066	-0.7338391017778274	-3.2816044407301406	2.050870394825072	0.704693225285978	2.6680304375543002	-0.47547410832487247	0.7676713278219617	-0.21958743146477885	2.729286017462851	-2.3050155188200216	0.17647752594480967	-0.4758495609522815	1.931307345757118	1.3151864088231964	0.14362962309643415	-2.207269117821377	0.46972003241612026	0.5754410082058843	0.0449387084768905	0.11141354666124768	-0.30794680160593907	-0.43050703922250155	-1.3717553690814326	-0.00333686662613281	-0.037351881395192625	1.4704604312586644	0.8458145304986217	1.1793676820583716	-1.1959526454871978	0.9115219402043235	-1.2264569642052352	-1.7734077673186033	-0.20114274671161425	0.9392866726521311	-0.09229431464148012	-0.4248504917673436	0.24564689096684605	-0.7134486218102752	-0.5667901414890021	-0.49805302615387564	0.7895930831293588	-0.564405753182221	0.47919323335605	0.7839123250140425	0.4983000963936344	0.3779909557933242	0.7190278324538887	-0.7472165559429225	-0.8784654329420416	-1.0900891513925444	1.744984459245401	-0.2655956732331327	0.5099850144980672	-0.14462182897569226	0.562980618092874	0.7065702837091097	-0.23318371551686295	-1.422752679500474	0.04737471156268001	1.24017134131816	-0.28477502209146915	-0.8037515912629656	0.2710992043458971	0.4289438437700017	0.7780510920118547	-1.2635335249032658	0.3747062000839166	-1.4151750205431877	0.21544741909557005	-0.5319528926340186	0.5942798772222951	-0.4203861147447005	-0.6788548819139615	-0.06496089149739821	-0.7407115205934385	0.29510803418138465	-0.07598882964653209	-0.3887691792552281	-0.830192803712136	-0.21670433154699956	-0.03280796245619718
DTXSID7049344	-5.329233485915461	-0.13476674870355257	-1.951041577067195	-0.14424849562170525	-2.5669194601534264	-0.14473180050613654	-0.8890997719349509	-2.389927611017707	-0.3163011970107296	1.103313385658099	-0.8592124800825988	-0.2597751739119843	0.76235916886133	0.9340299687531608	-0.01894890598183133	-0.8713986025199343	0.2739044706536852	0.42225595323694004	0.6869091523987357	0.5133295632649149	0.05766988077516314	0.3981307971045434	-0.4549607210785943	0.09428338465405621	0.32989988052973696	0.059620169641781275	0.1299809259726202	-0.6239622661597998	0.19552526210574306	0.14321221720100893	0.374252641451337	0.21624475190581774	0.5087575419692235	-0.3814556006077888	-0.19730809244987357	-0.15282997670477672	0.045446844353992724	0.1584030539551924	-0.2371757907824939	0.3965590254277402	0.3734199578440394	-0.1841300662719933	-0.33193977956811166	0.4788002284996505	0.4534970019815663	-0.2039029242512162	-0.03074540445120996	-0.7127952863210096	0.332796023847386	-0.04803292168200247	-0.5048237507898174	-0.42503032071685243	0.9980907941386762	1.0795535722684237	0.6113964153422944	-0.30397646233756664	0.13024080452543116	0.3373122574124212	-0.5692764861260486	0.5789882594923093	0.11549281846160066	0.2865407006969748	-0.2601294275327487	-0.23397246140807434	0.6090294949217209	-0.8554225840682107	-0.10092551975161863	-0.4555634347429346	0.45105681571672795	0.20289417896746276	-0.5223622068592929	-0.02321854938598387	0.16766682875640615	0.07150830617280211	0.26915761683145983	0.17740852094056844	0.21994792751003228	0.13228270091001815	-0.0345324479806753	0.3666450168424428	-0.27222920186648636	0.11875703565042987	-0.020861122262247317	0.09450861184790015	-0.47211878211717967	0.015698721184968775	0.7544635129454771	0.07866430824635538	-0.2895802615031686	0.11121033066437319	-0.20985403065691793	0.2430905673056962	0.596076234152881	0.521666863270777	0.016396215922076327	0.21746895349091477	0.39845468587944327	0.14697758605464556	-0.21674149311182359	0.19636900819140393
DTXSID1023158	15.835292665000333	-5.353905341052344	-7.872455208297328	8.95788728402466	1.3105545315372447	0.9944491877256773	-3.7390601204969465	2.6605779745248683	-4.211229757270645	-0.253713223391928	-4.5126400954081936	-0.6185619037863817	1.2521014079518185	-1.37384001653311	-2.511992866223231	0.6314018666224773	3.3160145313138925	2.844943975950236	-6.029329213646564	-5.994106524700184	-0.9768646968708331	1.1910189805591576	1.4987895561922335	2.792341037296725	-1.2511293808249468	0.8156413963214324	-5.398136750145663	-2.6792399089036008	1.086407750563406	-0.2343736962932141	1.3462565428395687	-1.8687508070891563	1.7303578816861953	-2.8354517926020195	2.444513844185247	-0.40866120534187583	0.861304552704006	0.907745440940895	-1.3456510075611317	-3.713116577700495	1.943604232073322	-1.4822186434907125	0.45115035673967685	-0.5398631568370329	0.2513378777164888	1.569951058037254	-1.05615389746999	-0.4815257935062633	4.393141671379807	2.5468563497927725	-1.3860457720906683	-3.267033069600406	-0.16151679858574206	-0.31975698716134315	-0.2856664441480249	-2.8676808223230563	-1.7516691893360827	2.4200496009961663	1.9897188746629495	2.782484924573189	-2.644049025231813	-1.103170470844325	-0.006716613400774378	-0.09742407903105067	2.9102148475281258	-1.2954036634159143	0.7459227748980226	-2.0150250175781355	5.370434347777399	2.86233465898024	-2.9187508471559025	0.013393497666445157	-0.6336850740535653	-4.362477740804819	-1.5007144268945305	-0.32542506381949377	0.9484626896804783	-2.4233660271258604	-1.2239421880321795	-0.0248482946853022	-1.7706742291663222	-1.2841200528883063	-0.8922486500186322	0.6978249388414045	0.727311220695869	-3.0400105312746177	-1.2417578772804947	-1.4462531176268791	-0.10960377525396403	1.456826728336667	1.5535532023504894	1.0271929857440336	-0.6982687962158556	-0.20941544236234444	-0.5788701350154776	1.3132009051499502	-1.6484693140743394	1.1483774862138152	0.49854257438501093	0.50475086922818
DTXSID4047678	-5.476614837797392	2.7234641160333735	-0.9833115027612744	-0.5869945088740689	-0.973879787571858	-0.7984079536876548	2.1915097753810446	1.3766619393186725	0.5919376131312679	-1.270810302664596	-1.400651925106458	0.43543694967564883	0.7054945039776431	-0.8641798093912108	-1.1712370399086016	-0.39661973506404574	-0.12304603911488207	0.45731694422940083	0.5630624278342147	0.8093077817162502	-0.05452628131489705	-0.15525682025957857	0.31695850166517364	-1.2753306819400079	0.3382340958733754	-0.17955297705762	0.33762930197549773	-0.23050775097180456	0.4856926893689411	-2.2424217178838743	0.543565310683174	0.5143476729853783	-0.06560566834617527	0.8750752259944358	-0.38185977264143117	-0.1085500252434456	-0.611711478898652	0.16254791869959245	-1.5365512820775054	0.35640544604795976	-0.6163220691688985	0.5433186989585647	-0.20993847467225596	0.4330263802239041	0.4522407099613128	0.9587613878485506	-0.46081952889901406	-0.15868172878595108	-0.6948672074144563	-0.2766594478443577	0.1320799180718294	0.7964465041178578	0.32026817121178935	-0.5439046812124018	0.2376886804660645	1.009823919746097	-0.21247789842552803	1.0668038633908377	0.3869179041831801	0.6670151203471187	0.44160456664435344	-0.5090276615112113	-1.219285471754332	-0.016782860037106724	-0.10961081463076607	-1.0124927103078936	0.9163613006552825	0.07560023280808234	-0.04424459795365482	0.7548296015948097	0.3791230533013679	0.23373096805319304	-0.7532948245037386	-0.5283343882339138	-0.7691713354592055	0.5401210361306169	0.12291816658004769	-0.6140572075800079	-0.05221643332403201	-0.3026696388044945	0.7984922195940856	0.10687826044679327	0.40873565504194775	0.3752512893582277	1.2090974946973756	0.8893130560412545	0.6433662664539157	-0.29782279403727635	0.9805305941572782	-0.047808315538892955	-0.49933297281307204	0.39099486912219733	-1.4518308144621528	-0.5025824646546295	0.02124210151480774	-0.006798642300491423	0.364370831338935	0.1795213168635115	0.22358818522409102	-0.008542595038426814
DTXSID1020809	-5.825196080780091	0.5637320140471987	-6.73444441415108	2.903585932814371	1.6711395991903506	-1.4749864132618253	-2.1641817074016028	-0.06602039853300186	0.2619972602169704	-0.62103469049273	0.343770940071033	1.6452520615645063	1.3470391265697998	-2.238423555320857	0.704258363794379	0.10296833509654739	-2.158086211247675	-2.0681198205327256	1.801200135522535	2.2155771121141976	-0.8100789126369848	1.1067318629768663	-0.7793410117395129	-0.6642745429296001	0.9802396441752067	-0.6153444682839876	0.9204746851384981	1.4408988883007494	-0.28971385796956173	-1.1380804148504082	2.390205440504338	0.5143051311311587	0.7707129520611781	-1.5749494208479333	0.9734686853671851	1.015551301096056	3.4242942183524385	4.716745826623001	4.3079526106013795	3.732637836409923	7.889285714411153	-2.8637423832096247	12.369639779348413	2.6399693622466467	-1.4719125053791386	4.960208734400371	-0.17629717799855785	-1.0779510340755667	-1.6052365042179204	2.4755285653332555	-0.046995285738975864	1.2919093549208847	-0.42190414492545886	-0.38525962616352905	-0.6691267457262425	0.6939824486253897	0.4146460801119515	-0.7230772694159705	-1.1731467288261028	-1.031021939780258	0.35189481430126224	-1.017729234454347	-1.353134575426309	-0.3418470425523903	0.476843817990006	-0.1421035636193656	0.7130839320724244	-0.7766376174569614	-0.7063772342019514	1.3962403777780172	-0.44795092173870027	-0.2515442359902494	-0.5046326983618071	0.7677955527664838	-0.22355416751489082	-0.784340136194145	1.4397902071476592	-2.2389482220698005	-0.47067864701341927	1.3308336265449954	-1.2539795179616076	-0.4582425993819162	-0.667067890346442	-1.1274723795345785	0.5260210223990681	-0.34908333059341495	-1.6584520124398674	-0.022724444551917987	0.5676216909660815	-0.011891198328183746	0.5046419249683002	0.4428191663975283	-0.05958807576458253	0.4054323412019054	1.2733973756877082	0.5783072524989622	-1.1395082063005357	-0.37356431599353923	0.045774314777334145	0.9425836991251767
DTXSID0020529	-3.8886727086177837	-0.6929486137500943	-2.3474233468219183	4.598549878839373	-2.846193658076376	0.940803956315531	0.6733726276624071	-0.6448706082205043	10.766996284454743	3.2994697010922356	-7.15694746504496	-5.48085789038486	-2.3002555040648804	-1.466243905970684	2.9177343603583297	0.7153934043329088	1.475475342691189	1.5889087539501823	-2.5709851420255685	2.4797124389537926	-0.4430363272725405	-0.08187754190729489	0.4598559605984165	0.30625141476316753	-1.813224607536811	1.8367083289728312	-0.21797760889603376	0.17774582342524287	0.42768835029956387	-1.050493655184588	0.7936569319220298	-0.02225146246510826	-0.9537558070131089	1.0205273791111162	0.11805393328745105	0.46973796906990495	0.12806826020479095	0.18606381157656	-0.5155816248640774	-1.1718010222663484	0.20073373143725518	0.43405235470743314	-0.1442328310108364	-0.5773111960844705	0.4634005509175743	1.0322208758895	0.6517223014156427	0.21592843624985691	-0.41994270848660725	0.38247071543558236	-0.05449242796028496	0.8314420623225548	-1.0745787693891249	-0.10195141695592837	-0.39102542142355234	0.41635772208665783	0.9244272703161042	0.6388480712807217	0.612396774830722	-0.2338396057853805	0.7007277863157545	-0.6980015838812679	-0.5882101120110457	-0.07460497783215767	0.053948128042492535	0.4717364155678814	-0.40212960693628946	0.024684626513367777	0.4119098797419355	-0.6086090637401482	-0.09937572630738	0.08688439071751944	-0.7450744177723322	-0.40927591459370466	-0.27393335323574464	0.7933737145268481	-0.19679121840212369	-0.3543237519169902	0.8038270239160663	0.41973300217717846	-0.21095174847283402	-0.13629915890291897	0.13747321889114736	0.012989982596393257	-0.05976535936004244	0.06883049718727648	-0.03485255388135107	0.4423916379230746	-0.38742448665974394	-0.24256504888911032	-0.025839225683292777	-0.40331205982637164	-0.05440041599873702	-0.33833384300889685	0.18835088607065545	-0.05029055752436913	0.49192762116111305	-0.5758212097501115	-0.17877683875372333	-0.6962704375447967
DTXSID2032639	4.198897578657188	-1.5759794341019022	-0.1321397247366072	-4.255698995305169	2.3707233472466376	-1.2842372827226975	1.534043207044592	0.13971313082075448	0.6111950957340596	-1.2272965352342944	-0.8754625394015849	-0.29777986600775247	-0.18694164327060944	-0.1970107323254428	-0.29608879748748385	0.6197912906076566	1.124234989371489	0.31118740963040403	0.1972852804081771	-1.1552509377785338	0.6885908526394097	-0.5723985919731507	-2.6362450694466903	-1.1638552496354262	3.1940322606166367	1.4257058292168974	-1.8303192498537837	0.4044456967275042	0.060974563853149234	0.4085045223392824	-0.37752196556374584	-0.8979903717680735	1.0172536650683006	-0.5937857657800284	-0.991135540459482	1.09824468470076	-0.06817825420633465	-0.8633623831614521	1.3450992067844547	-0.829369894117287	-0.25105522489096754	-0.36866975341083	0.30759889334316626	-0.44124737286729726	-1.1459274328821734	-1.1648163881920237	1.4021309369706974	-0.5930421957669426	0.135568545905306	-0.7973973783734138	1.128823094610922	0.6827402956538471	0.010807321736932312	0.9534704955464168	-0.3616756597042719	-0.5333453250202325	1.9818355581144773	-1.060546585817429	-0.11872869998888162	1.8999990370368367	0.20235305610553075	0.07491703268235497	-0.44059673469082083	-0.804142443253764	-0.16508737967740172	-0.17359048974631716	-0.3810459853590615	-0.44545594981194475	-1.5264100027808623	-1.8551493757831488	-0.2673854082606312	-1.134498855404793	-0.23317874093884097	0.5211818143339219	-0.47281292018218285	0.40713534264340484	-0.5357561708364356	-0.2729994704021885	-0.4008146775893458	0.02482619220389111	-0.09494745137194727	-0.4074095141136701	-0.6698715266096504	0.06959472729800867	0.08592064818820994	0.0787912248262392	0.9229165398199192	-0.6535984845411774	0.8941370276562045	0.8452333318479686	0.2500090785837606	0.3251726338689106	-1.3563007491394699	-0.10520071451264226	0.47317661402940814	0.11423123976493885	0.6769732326310451	-0.12305576087943329	0.6888484730100161	-0.9498922928600305
DTXSID0048509	11.029962870807744	3.001767165830766	-0.8583266276266225	-3.625008563441625	0.31287586836158604	5.669771389592261	6.945771981860244	3.6539734637589056	-2.653073791556482	0.2866746313254326	0.5321324061144188	-4.243556702535003	-2.155250370828335	-0.4056940854352516	0.18645220200815646	3.878940758311671	-2.5725019406743974	-5.877463775852991	0.3309181000716487	-1.1404965076380622	-5.183014181965744	1.413910453644132	2.135701810672284	2.6074312727630446	-0.8203154903867149	1.1961707645962734	-0.1465237191597088	2.6385284654079086	-4.013533059145201	-2.770246524952597	0.20820023538008192	4.274788337082071	1.9678722561698851	0.1628126707861013	-2.31786142205591	0.16741068129832443	0.6523008814902784	-0.8026173928977756	-0.7711391522353981	0.136511862591413	-0.41033298174095606	0.16674376836333352	-0.23118444849982078	1.2012285476977504	2.2261929656797705	2.193072847856442	0.668858828692994	-2.2552663342040726	0.44786161385516077	-0.8135919436041206	-2.4537723793089015	0.8798754466196739	0.03748993375009494	-0.5708727840846047	-0.2926234791902052	-0.4517305810996226	-1.5439197091528771	0.006097611415136211	-0.8974218371041723	1.329878415452785	1.619933082595725	1.454507392950853	-0.21280456748808477	3.405962863873527	1.9342894287398675	-1.7127841395188685	-0.43395420022554493	-0.2602400983114468	-0.8145223614146032	-0.21074916383300504	0.8064795779750796	-0.8737749972427651	-1.0872633990020906	0.7409236371871991	0.8396465543086594	0.6994974461106359	-1.8643626825758308	-0.8079750510030657	1.5230562797262683	0.46475834479232975	1.069152857051692	-0.012168028415855608	0.23412839810504496	-0.36443460390122867	-0.9852394821284551	1.3206242065515181	-0.915674609098776	-0.3218448740119783	-1.1325099637372373	0.5341129620945173	-0.5221697782307178	0.48131049609172055	0.24207609735393845	0.6822009314402582	-0.7371734689600724	-1.3361340161115156	1.2312163887959087	0.5571800905414033	-0.9338979799604441	-0.33249169607894447
DTXSID3045433	9.68059553545278	-5.414954715320722	-3.9535994281288573	0.7495508561569898	0.18641588651567154	0.5139349168134273	-0.8842621727546596	2.714811238457575	3.512029819771974	-2.458650201006683	0.9915563940642327	-2.2871076489932736	0.6316286582443433	-1.7725893390920893	-4.44131618637706	3.70856820896698	-4.541329008426461	2.2547143865389305	2.821324288014375	-2.273408932161941	1.6619512958120595	-2.1515524172553753	-1.5462440064857124	0.1564386838416679	1.2467618326395562	-1.1621884326046097	0.36885159384490435	0.23011891481183036	1.1925549324713896	-0.1787304302866824	-0.57211885333005	-0.8542419106469654	2.732340459252711	1.9628082665433746	-1.752719185515584	-2.855873826350194	1.1946826755854818	-1.6967948787085425	0.6381354318302211	0.0857527366741651	-2.0728906979921184	-2.3152136465317508	0.7246120630888828	0.38927312828760524	-1.1232315984044157	-0.9869354121703892	0.4204400907731289	-1.2323209460909836	0.05616670143140325	1.1156279351698617	-0.08530964851693283	0.3408594547443961	1.0641014890526574	-0.40585934161362897	-1.8185916415884071	0.1706776402984021	0.21265494371689622	1.3812354794665738	1.0062070984691027	1.924615353823414	0.5963105621174369	-1.0564500323462802	-0.8200853054349152	0.0017573494288738653	-1.8586021907241277	-0.17104717177837153	-0.16910234665712753	0.03812946147671254	-0.5735048227241059	-0.987189559759239	-0.12716008039932275	-0.2838227899910961	0.1611692831192158	0.37816039939901513	-1.201449702436979	-2.0627648975817046	-2.104321065279694	0.4419105545644575	-0.25563988648832087	-1.7128110143558397	-1.7754728390214145	-0.8638460988416368	-0.6836195117526068	0.42235368637304416	-0.16377935796565737	-0.8002864843071857	0.4675626028407034	-0.9028101107370039	1.7713421795493005	-0.6153400551889879	0.45029966460630605	1.2968993256437327	-0.4909586551459148	0.3161939775183803	1.0842334789093733	-0.3980069438041549	-0.037938003428422074	0.6502068395735744	0.3694097513881997	-0.1681532757802258
DTXSID0044606	0.9909569951213625	-3.3168470164410997	-4.3413610686862	2.068584407766862	-2.2771305234980312	8.169973707748634	1.7584369050943234	0.6653904728095631	-3.7049636386161997	-3.040573596114091	0.26995852654319186	-1.170009965350077	0.525071601426161	-2.247379708293957	0.8135616687888539	-0.7493169187564024	2.2691293403880453	-0.2357477078250468	0.8326640837674502	-2.302116161489287	1.9585043282305834	-0.1995603409986702	-0.488422361715804	2.517071152045732	-1.1919800230353306	-0.7551628693039686	0.3133761140419283	2.4226413298297897	0.9763209605707315	0.431294105288462	-1.2361521512284444	0.1714804447537171	-0.4171181511723195	2.8530265910095	0.4796554761321082	0.41422832018861255	-2.9708339412203393	-1.4379884945621053	0.3178641427110087	-0.8000971957657583	1.245666884304795	-1.1327587421871559	-0.655539666978564	-0.6543000659901546	0.46071608062269354	-0.06583125129278693	-0.6707859587784674	0.6570260132535267	-2.8210193789676934	2.1102360192281564	3.2410707255971185	2.452200385521483	-1.7361605551252042	-1.4797883961316514	-1.1311286056270886	-0.05136543778554848	-0.9347679137254785	-1.0545300325191755	1.6813108626614448	-1.3228565838483248	-1.9086204343771407	-1.3929200280325322	1.7141201552592555	-0.6639204885417166	-0.807074392930527	-0.49626893538847355	1.7999287222190166	1.4643126568760199	0.057023774101462865	-0.07435347477502974	0.18561149166316818	0.23082215192204614	-0.9554082325026907	-2.478256308731738	-1.296758574919191	0.17011941339224204	0.6324675244366633	1.0096258993451437	0.11238488573329085	-0.41373037440844324	-2.20934248007056	-0.00210444402318008	1.260781735986911	-0.4888604311605296	0.5007821954277777	-0.014066214344931102	-0.3314387639740502	0.14787869549194482	0.3803673583295211	0.4549710712195493	-0.10890495130366831	0.7955068297263747	0.42113359679929807	-0.03503041350715464	0.49235625922280074	-0.1750901030527256	-0.4713651961609487	-0.024881295597914195	0.16378114236696975	-0.46218545997986477
DTXSID5042451	-6.065845622217745	-1.1012090226387494	-2.7070744722123083	-3.9978046054882395	-1.5594071184234009	-2.9663712944556986	-2.2371117252722117	-0.4437304463103289	-3.736423121855389	3.9754444962448767	-1.4197524467712574	-0.38887953290262256	-0.4586671822450492	2.0415852805425745	-1.8648242527183185	0.10836079721964516	1.4549624737181217	1.084848119771512	0.30840995755114076	0.31812548014701325	0.4843506366183001	-0.07998696279010513	-0.09753072378500251	-0.35139427604330625	-0.2566975400764662	0.38615218329450585	0.22729680164447116	-0.9135579499172581	0.30458287023194636	-1.1630394614173616	1.0595520259656555	0.3035083094410293	-0.04379930100174295	0.05936374609708553	0.1836088614324169	-0.10616653050124912	-0.46025939308181024	-0.4100116647517697	-0.3236711519093931	-0.26053832140251276	0.22962636412639956	0.8026741376808562	0.5361135645766211	-0.4886606975704709	0.04078095284585132	-0.05551848784322278	-0.08278118209728148	0.11876792227540117	0.0005425459408688043	-1.1177977557932515	-0.6554774370756017	-0.10013750903049858	-0.15919445090195242	0.2995026966223064	0.21175656410957538	-0.2180165286322925	1.0534567958007341	-0.17147974926401474	-0.9181545944447921	0.3109134657752639	0.4716496206481876	-1.664562903454038	-0.3824835013392845	-1.075631883297817	0.7844638689825814	0.3306079552196792	-0.3636890141123017	-0.5664705774273822	-0.1300458770879653	0.4439162951794274	1.0122179424081892	-0.25975763490534554	-0.31448242438020757	0.4535690940716402	-0.17438947645489508	1.1897527373933563	-0.16330994468003102	0.4887130093947942	0.5973570697927016	-0.09130399013426863	-0.747633509029664	0.17425129202072703	-0.03938947562534071	-0.05143137002380952	0.2388483533288514	-0.17398219312788896	0.5856951521577844	0.1623410062076853	-0.32335439485592926	0.02481446886139219	-0.11567507965278105	-0.9187901515577391	-0.8526198629900511	-0.18697015214761267	-1.0072006638638222	0.1124390148724873	0.3594641172456073	0.4084953853501077	0.18913977085282366	-0.5961302798484173
DTXSID0026252	0.23545585599998414	-4.506252738543815	6.671688466218183	-2.600232226717643	1.779118445639011	0.7810617349318164	-1.7223559589524093	-1.3946599562164006	1.1751243005826155	0.6751401759863108	2.463544378437586	-0.23437204207872883	1.4858871042905386	-2.426925307751384	-0.07315411742230528	1.556189174411753	-0.7773200645226157	0.2681920890265464	0.11676170500481205	-1.5340981816140704	0.04472631242386593	-1.143130956054162	-0.479385436950636	-0.7080507318001825	-1.106484898325634	-0.6051361852750804	-2.5408509553884007	-0.7327854041281222	-1.245304201889435	0.6386859739865349	-0.3250164975146373	-0.31082590824502654	-2.686320704772776	-0.5840963793126643	-0.2271823802045314	1.9526659418159988	0.6084388680486146	2.2849286269454545	-1.0713647492491465	-0.465537343235819	1.9099942307725821	3.7035635390120922	-0.3631900791591643	-1.3542399199587511	-0.6263958071464307	0.5951625571988665	-0.33693676040912646	1.1652605576235746	-0.14717209286955255	0.31896629985658626	-0.8169494989513878	0.3524015256484503	-1.1394067321315737	-0.08977828608466028	2.1243696977255504	0.43944132732383784	1.0359607291720927	-0.41276102975165097	-1.4240910606130934	0.6299581927316856	0.42202984667372095	-0.38282573143013854	1.5082471060471812	-1.364743337404934	1.0030541956552195	-0.5039924765300744	-0.9317350929797404	0.2205117349766862	-0.4161181225048568	1.0955548853395782	-0.11681408936695352	0.7908046072239103	-0.6307117009261431	0.9180221966244825	-0.2025651458952514	0.5408669348179024	-0.612898359703794	-0.6274423118338572	-0.6911076590039068	1.5368209382347473	-0.42816847392181656	0.029938833958681618	-0.17006547907446473	-0.15256831327462955	0.22480696014935067	0.17265037144876513	-0.013848180721005228	-0.5004571491721864	0.8432239547360061	-0.5561740218819495	0.4205244450201244	-0.09353058402167337	-0.015361901223486928	0.13766628951627274	-0.11635074142391104	0.015721704155152512	-0.5160561547006018	0.029807683110824223	-0.004857048525208544	-0.22115796204646723
DTXSID3045772	9.502298593071583	1.7812821346707581	-1.9983960158852745	0.6376957258663976	2.429699301160564	1.609081301238381	4.727638897140276	1.2130288318092584	-1.094279049325629	2.500187714729628	-0.13883271015660872	1.0504748954865464	1.0562651331818877	0.36043305399212267	0.5781755094739008	4.311581114000555	-0.12520087800448887	-3.534568276888179	0.2760964768070285	0.7575504292698033	-4.374443237602489	3.4028949218779605	2.716158188207035	2.6972907907528483	-0.24257037642905682	-0.6856980958971517	2.6379715004759805	-2.4778491549740327	2.157437225432501	-0.749171377924946	-0.882079676642429	1.4866169910391713	-2.6142611201390875	-1.3327889105194115	-2.8471127104685032	1.13374771429624	2.7743505681179994	0.5022104255004685	0.7546124522597502	-0.5410541629313282	-0.7964718311890989	1.1800721433392607	0.5758803699428001	1.3150347131545863	0.730098129199276	0.5285543322886906	-0.4872306558972455	0.6075061308485843	1.4012173322150323	-0.4488841011515812	-2.1680846823657323	0.03864333934290589	0.3366113431901214	1.424042816770025	-1.604649184283824	2.0758148133748096	-0.7834431863445803	-2.0170209184332735	-1.9670647766111664	1.3040989981023927	1.4224735139558495	-2.8205415968993757	3.5196940581507152	3.3298458472383134	0.04443782681606998	0.5368112765492196	3.343454728006793	-3.9673288335402237	0.8179490470566013	0.33742179441936476	-0.9440776050207574	1.2183923753813952	0.6950841047222058	-0.9906701662640008	-2.5143170770446983	-0.861892865457799	-0.8061090635164198	-1.154378169024624	1.129016236370376	2.4331295548118894	0.23298400467296662	0.3248740819450817	0.016148362432022213	-0.2647491540850245	0.30793095458010505	-1.4677157520645692	-0.5572959240116071	0.1441823227700727	-0.8878370000565082	1.4424876352504723	1.6755993733404206	3.163670369298245	-0.4046263790511568	1.8091734243170952	0.32742836133050834	-1.67781919283745	0.18823837876159522	1.3605807466540305	-0.9739185685149283	-2.0814841974900133
DTXSID9047417	-5.485711247324409	3.241953460134573	-3.2290463584763427	4.067167010227664	-2.4561799863408886	-1.029738758383831	1.5175457825252887	-0.35826863934977116	0.30270693315278746	-0.34393211504249943	0.777869546001567	0.8227752278452586	3.144854644366836	0.8243772075926488	-1.7948995783103796	0.43153959838307937	-0.3337528648985936	0.18478645339263483	-0.5592747738653404	-0.3775774771474481	-1.1868322777461688	0.7278941074071872	0.4865045902496878	-0.7774217923212249	0.15706404903292226	0.30662430406695285	1.0406629145170287	0.02851120885596119	-0.7579164391039588	0.7361387035842272	0.7712318026530234	-0.20118492877165656	-0.1676302318309156	-0.15109218604822114	-0.42245505758843555	-0.31940098205838446	0.6130178693296916	0.0420045470417005	0.26111631986516365	0.4314022378018468	0.4167062670479969	0.8552110521659972	-0.17361336345305534	0.08701095574728973	-0.08792331849478906	0.05450596448699159	-0.056060448297839405	0.20123347719019052	0.19511647591160639	-1.9878550115939286	-1.1915712787378918	0.4235672650135029	-0.49806157886209823	-0.058579599330949673	-0.26677315859454226	-1.0547581042624525	-0.45168531106782744	-0.028684726774664986	0.20794009584215348	1.198731516790152	0.8823521832414559	1.4860336084471784	0.8788146124667805	-0.7082366259391261	-0.2656652075895277	0.35760626925650657	-0.41573168463708604	-0.2592093030777435	1.6743371809789365	-0.6776162156130936	0.658183563627492	-0.788669199635073	0.2486576470610072	-0.6852893718961593	0.00197308641599473	0.5907352526280605	0.7014776865838622	-0.20501395236317038	-0.17121466636178967	-1.3434527621815147	-0.43890617372912866	-0.5280889540962524	0.5517303220928663	-1.1378927292556513	0.2261895856362607	-0.9603283071086977	-0.6339904539082364	0.5906427805070232	1.178821744644	-0.8074266214678822	0.17398014315214425	0.5778465556754696	0.46490847858511963	0.6244870982802417	0.425802494723296	0.8924764672254838	0.18312627069183612	0.38324380335411834	-0.9245813458736243	-0.19668963575711865
DTXSID90371872	6.322098355675093	-11.998569235170581	-9.625053547978512	2.292262555421085	-2.1421607459102985	-0.9623378414815509	-11.32813573468013	-14.660325733863427	-1.7236692839200487	-6.121963169144923	-13.109864508727348	21.050641093819316	-4.061599815296064	-4.158389495539673	1.8374748828877554	-5.273103735038541	-3.500771705860197	-7.701452138104503	-0.8384276869252909	5.984797188986155	-5.9206315351723475	-0.4042584139629529	-5.2770781460769385	3.18657174496512	-2.6973176960629153	8.890851367900758	3.0330340300747656	4.243981661001819	-6.599421274816718	-2.3099821061632184	0.21206225162823109	-1.2898367488053712	-5.502877121360133	0.436248140201354	-3.3346956287146945	0.6609174556608564	2.2108899910763933	0.9485481052224364	-3.488461550922487	2.594881589374257	-4.53098360666453	2.029407984874427	0.7245723112139688	-0.5084144744093334	-0.08301350366678338	0.22655017128159927	-0.6308705398975933	1.6448568442209845	1.4185035686639427	-1.9469337472792825	-3.5157934604607988	-1.151754523350808	3.6261907383614953	1.3304578768216304	2.734968662797787	-2.974665073785288	-0.9519488838197424	5.418102646727324	-1.4435093968180186	0.7676400202311373	0.8553449066943509	-1.5870618261920117	-3.9391292651527654	2.235430784989694	-2.918103450608273	-0.09339294510935892	-1.5948321327706738	1.522672295526717	-3.126417955769411	3.3501809662110205	0.14460604490933462	2.2137814332380157	-8.064395311295016	-1.9206211842089373	0.672060382831667	-3.2337445796751676	3.5061560830005756	2.3248976853684904	2.080941014556152	0.48602429022209404	3.7315993072898497	1.3516363429819211	1.8706532171464345	-1.835868052302672	3.5381624194920063	-2.9340499074420543	-3.9754197400682685	6.24816564801464	0.037392423476197485	-0.3511717320947144	-5.249677607499854	7.5113135647318225	4.6293683747602055	3.155823086611029	-10.27730001249189	0.1723884816875797	-4.027678905841314	-4.523736521391862	5.3902314819003525	-4.363608429931306
DTXSID9024483	-3.0529315947135016	-2.286219469265343	3.6742598739966312	2.573848857280367	-0.33492773958569627	2.8526854578545424	-1.109558756065905	3.90269150168869	-0.19693395440949038	-0.1982214211743	0.32302894421293216	1.0146262771900239	-1.1907993366132144	0.284202801026822	-0.11367592937544369	-0.16846099930312164	-0.8241076013530653	0.7723936844356476	0.37821053894468515	-0.48075641507423583	-0.3215692100093433	0.33111152135957994	-1.3565018268620959	1.188484898928414	0.23292391406260804	0.3025454167079133	0.10004789606844455	0.8380764209370357	-0.0985530206315089	0.2134448844898342	-1.3242405062147242	-0.11108576281953429	-0.3212665110080872	-0.038673479131085105	-0.4643795790991888	-0.5443303210070245	-0.45587643428418956	0.21450407470610472	0.1280254567224577	0.46921551949256773	-0.4726953265300603	-0.6071918958564395	0.17086122351582467	-0.2559753170315583	0.4677632839429286	0.3099087931824377	-0.24895843032773032	-0.13563063931111746	0.5941984982742416	0.4162729131019948	0.38660112547592873	-0.2251722112232213	0.22463914884454275	0.6236932600265018	-0.529442718212105	0.07030869943569795	-0.37704562179890644	-0.21800568335385026	0.6901804336174856	0.3125789553970158	0.13930626041317562	-0.22785384431679725	0.5441140852136508	-0.05579670313702324	0.955456857302765	-0.7303022539075124	0.1545061521610784	-0.38424405719413146	0.5358566804675466	0.367597110833915	1.1352626150530478	0.7005030864662172	0.9323426279842154	-0.32168981501103905	0.7444150670624083	-0.36738702425229613	1.1215675185940832	0.39659973660662745	-0.0246372243715425	0.0019809550784184674	0.8043379559804529	0.5776359185675145	-0.3597460994808345	0.49971396230309656	-0.14439399300203293	-0.06591028235578693	-0.4848526466784425	0.09073396743857322	0.3417640223071492	0.44386435705652955	0.28093354164307854	0.2420250823219597	0.07256511991873807	-0.24899121427267962	0.05441943883641549	0.3929021054448191	0.04256786726270751	-0.5681861627443144	-0.18302491905594473	0.04407063702725909
DTXSID4023624	4.377121056737922	-1.4865898625392566	2.9001480018814094	-0.09819276619354599	0.6383439488896412	0.45330479211527075	-1.3407418106364346	-1.4843035661572732	0.7608052656733666	-2.895639026123486	-1.7789908215508654	-2.471109725020186	0.8305836874363965	3.8080535356548677	-0.5048802591604008	-2.7151369182376275	-1.6697746163866052	-0.5070126108300878	2.288617833949797	0.905925656423205	0.5062064463077934	-0.2602851113330453	0.09489613369620174	-0.27332919258649796	-0.022686890745803857	-0.22985545323686382	-0.19993550249585318	1.1657249281047417	-0.05712488085257747	1.234966201841242	0.5368492118953769	0.057428414071121724	-0.6153529942751405	-0.41811499519889744	-0.418088788780488	0.7850826584804221	0.6373703121075124	0.7614132431662595	-0.7678303543698874	0.9543757717761155	-0.08214227346412413	-0.6929630059945587	-1.2010306686753578	-0.29817330167777806	-0.11562875757951922	-0.11278862110645489	-0.06519547209069843	-1.4989238229451303	-0.7816346153729864	0.29665096465275637	-0.5087071771729397	-0.7797212929663025	0.9228515616871678	-1.00599125410329	-0.5558803125332709	0.5475787117849327	-0.7534170797288958	0.5777644999259649	0.22498505912943106	0.1519398663379714	0.30256471891734626	-1.4460229348675282	-0.10576686404612023	0.9579118099801583	0.6099129517109522	0.9089680045161419	0.7003029763715741	-0.23999874878104926	0.6156836672520842	0.43878377346653896	-0.9098772973942885	-0.19518242045305575	-0.8305248425587994	-0.2379544540008639	-0.14457128919889073	-0.19427074341096495	0.9807400624219973	-0.5513772121887562	0.7329703402950214	0.6105318099906843	0.737571573531159	0.9082703907035596	0.452977146704962	-1.4844012059245097	0.09322698839758753	0.15216711835937213	-0.024599741518315954	-0.16669219302074734	-0.1409238553267042	-0.6772069731809134	-0.5423959017783547	0.4963465991896248	1.0637938241901044	0.4066730300530621	0.45055049868322816	-0.6159931951032743	0.20494412320387334	0.27563474600528276	-0.575149241933658	0.738005986344816
DTXSID6047575	-2.873669163764514	-4.1980296923095235	-5.573761906899386	1.2077195095866404	-2.3275182138528634	-0.466131161434262	-6.0633314945762615	-6.883489819638021	-1.1398998533897806	-3.1295576552752693	-6.041733104774498	10.904146314226086	-2.3254707184470633	-2.7405751291589424	1.8649260255498594	-2.793087000562475	-1.762099724086198	-4.826840028648596	0.18301221652168534	3.4256236968118454	-2.6495485686512605	-0.9872506622944164	-2.5504617698150693	0.9104706905446075	-1.8431056500875356	4.6058946234847316	2.0250011856436547	1.7902828719273285	-3.2233139342935075	-1.4061852521306546	0.4785693775372782	-0.011971474011174328	-2.388540804810129	1.196290799722488	-0.9595810254065176	0.6533864057435083	1.9360649221731856	0.6697659832720043	-0.9982498048212002	1.4959935505278774	-2.0043021669502217	1.818931225311126	0.054138382447639785	-0.6200810724887325	0.5581505807801099	0.44234484344	-0.5594444969470558	1.0843640618395614	0.37669542763836444	-0.7619623966600014	-2.420239568095085	-0.946691757815041	1.7491598668387065	-0.2521046049503308	1.2835634952829562	-0.973369092977907	-0.6216191226543764	2.5616550116545396	-0.9654215001874872	0.07801874402703779	0.2871192331870753	-0.27358776191238304	-0.6070404421620449	0.6397014495386512	-0.5428029078035985	1.080261471410967	-0.6822168454300521	1.2301637010518598	-1.1997479904810469	1.0933993561518263	-0.6202766601403761	-0.06816844595016446	-1.8022959428209235	-1.1874970185240066	-1.0503253616168047	-0.7431423552176349	0.8654152203237848	0.32390126342619624	0.6578130686377613	-0.25878268035875795	1.2765804251588158	0.5929781405892439	0.43742164060094435	-0.8399685101853164	1.3929135074215464	-1.078563410499505	-1.561354723813322	1.7764450351893861	-0.37833100923208574	-0.1718715448779914	-1.1865884914122975	2.168905152116457	1.1403732999702738	0.9065808370189338	-3.377477110953785	0.1102556888281566	-1.4564058319482107	-1.5769080318058888	1.7335263336447517	-1.2014795851226334
DTXSID1046479	2.8481132434243475	-1.7054715846965327	-1.450409317997205	0.4077056672422339	0.12883350700660692	1.190170984958335	1.5090526873998273	-0.9480630851709944	-1.226116874993344	-2.1753420647941457	-1.7240567135112475	-4.7343241960824125	2.146749314404577	4.589511264884828	0.5550861054580215	-0.9597947992010504	-2.9259894708708214	-0.25205967908643717	1.3779653636468734	-0.2342697208091272	-0.5919268798538492	-0.11217584275596722	-0.8145770592232884	-1.4532900923620176	0.3496602391133612	0.998700355275751	-2.0407547233738987	-0.49985213493546055	0.9379728300746893	0.47095113481602646	0.98612126510022	-0.4239953751283273	-1.4186572367611203	-1.291359887259926	-0.6244572765320745	0.09087597335717415	1.232955924336248	1.2738510304122823	-0.6144122085994295	0.4251242324437336	-0.16518631132175737	0.22897895908055152	0.03756077950808725	-1.1634586382850876	-0.37195951292080176	-1.0976713485050396	0.04599183320721532	-1.7268284269313172	0.2208916595427906	0.16087980748698677	-0.5532754493610895	-1.9625331492260922	0.4442184121724981	-0.04531428636220835	0.5974313709689859	-0.1788376288383489	1.3974804360677802	1.7374168473982796	-1.4230422816888375	2.144675231656568	-0.030303549755714056	-1.6486698602962133	-0.05959682957661471	-0.38833532162471374	-0.6270043160022544	1.4279745689097325	0.6495778400827351	0.2813081886214342	-0.28240256817538895	-3.04376761668287	1.0295266567799934	0.05351167998661939	-1.32289375431066	-0.9008110882147441	-0.4810052947824038	-0.6158734767847802	0.42163644647075527	0.5465556888756778	0.6233386882843945	0.12627946244769103	0.6862358232192706	-0.8218175231878839	-0.5164801833711388	-0.2941764730372519	-0.5716807408089701	0.5862131103913086	0.7604844959256792	-0.2276375818292275	0.13107308816141577	-0.15737364714731877	0.713990421253244	0.8749425587607496	0.2863468959849353	0.10905103899671847	0.9635443395797411	0.02876169574815399	0.1597913842161945	0.3029409850831723	0.2165326076790299	-0.9071338529770295
DTXSID7020972	2.351365131300022	-2.715888477833034	-6.766101214806645	4.920608203773027	-6.140774931943	3.8921712259257393	5.777855242320933	-0.9541574759600567	-0.38280533077283574	-1.479386997388688	-2.80096852915483	-1.0513511137904041	-0.5659530014913023	-2.9993700982427915	-0.39763490449493044	-1.386885872236648	-1.0371323939756891	3.4046801396231205	2.1390319755917107	1.1339147850205031	2.1337852607656287	4.418473038695409	1.9883655256917812	-1.4970039432709394	1.1519168067100707	-2.5480776503204376	0.6307923559616835	-0.8589009446087171	-0.097046895142074	-1.438778404740036	1.9813455888720957	2.5990730557490624	-1.7435775059027114	0.11143266683502029	-0.0363271914156843	0.8946574804159202	0.10363531245795937	-0.2419497083542551	1.48616760676513	-1.3289386656871192	-0.1495361188837374	0.27112837785708743	1.0796682665914605	-1.7854982610275063	0.0026313433475926838	-1.0219635896561743	0.09067122799904077	2.8052016854958453	-0.6708918792136606	1.2659214124230855	0.6353808611726393	1.3440795622316077	0.9404856912708786	-0.5642842827635906	-0.4016697023177631	1.1240509353804713	-0.8208147105341055	-2.9657900379521926	1.1530616934831042	2.6928184981448955	0.9279933123540752	-0.17073458313577658	-1.2175363108865906	2.1513111318456617	2.2035817793233257	5.471247398513208	-2.9839942530949592	5.924169363327007	0.14954748484819172	-2.9118201993137744	2.4158368560004724	5.78267076887264	1.304818538623077	-2.0006055570996844	3.2351202337654774	4.4819192084068185	-2.8962916042602465	-2.449230147683057	-4.303009320584676	0.8174377458656618	-0.6392075635078847	-3.7631155244079997	-2.8240169046204544	-1.0145199729989822	2.2492254958930435	1.6415550751557482	2.487287325688056	2.0088277638532395	1.7609248843130605	-1.1671881998504798	0.3492632290243714	1.3845931086711012	0.21948194824138004	0.5091187748408496	-0.4689073333665752	-0.13383085782510679	0.021584958517907902	0.5800267885785382	2.2541730160564595	-1.326141758597453
DTXSID4047753	-1.200405459349106	-2.296959425456457	8.971794441502169	-3.639213913279076	1.4303974036029867	1.5813978903784918	-0.6739154294257614	-1.7347586909022725	-1.5497417758213117	1.7345597478303485	-4.268753564320866	-0.8204849298735565	4.652132601682971	-2.650179717565249	-0.3667444117205555	-1.811508399695116	-0.10295461463133244	-0.8692362894891318	-1.9449979926364513	2.2211457799366143	0.6195129895382953	-0.8138292090445823	2.1337644703429204	-2.455830594193866	1.2233452409941235	-0.41168969757550977	-0.1368472917231484	0.39185672264862187	-0.281682052454185	-0.6338714019871481	0.4434712481752003	-1.5069220496341995	0.784101486779477	-0.5874345838539831	-0.8646127067630487	0.9817652026665779	0.9987956503435211	-1.1562897524638014	0.9713045124525341	-0.6024738018329961	-0.012133294875607282	-0.9150468956990111	-0.12628717670498393	-0.6734402662133395	-0.32341775828291897	-0.7868992416682528	-0.30555841797287897	-0.23940017650704265	0.8829048571650888	0.5594880866904208	0.16148135458722182	0.9965963294674313	0.38917491214727795	-0.618886768200587	0.04558765204436257	-0.203861915677676	0.040432189952233015	-0.8030786423934687	0.6217301695553191	-0.19381926075182906	-0.2458129541928129	0.08101680336098081	0.2301595861793603	0.5414739543749847	0.01236435313859711	-0.6003448172979594	0.24221210129751555	0.25805973575501884	-0.06276046742827952	0.5763928632266807	0.043290711035596	-0.19365534115458502	0.37387349335160863	0.26639963471736816	0.15649173017764573	-0.12481857689076643	0.027689736576864157	-0.0038816455652698634	0.26813870643290005	-0.4164478525548177	0.2557648743313126	-0.3906196581126395	-0.3424783777655799	-0.17957712165060982	0.39145733363701507	-0.5104563071850915	-0.5514026432379815	-0.8605793084604265	-0.7604644035150375	-0.7254230771537553	0.07389242975710904	0.6879130376330449	0.7348555453196292	-0.8754889532933529	0.6158098759954831	-0.0005395100618604493	0.1802084079737999	-0.11747184768873858	-0.7918807592221796	-0.13493007068170765
DTXSID5029267	-1.8254687443661617	1.4046315233785729	-4.04703092544576	-1.860368230485761	2.9350113674487344	-0.7268307888328576	-0.9900744040381892	0.41785675349676976	-0.1044735355509389	1.4612722147123707	0.48462837335671705	0.3280924171957203	-1.3847834473011025	0.139835050488872	-1.2722242552515473	-1.4280314848179976	-0.8252276519345846	-0.9743453397147536	-0.16708973420229686	-0.8825591723676333	-0.6698211245885947	-0.571862198954204	-0.9036671035461262	0.6167974685394816	0.15142693319165051	0.2735648251678465	-0.2275929062648413	0.40628373185784944	-0.4447129895981911	0.24573681056889993	0.7773681028009759	-0.06822756215834551	-0.09402361357147104	1.7499306568179176	0.34992725652664997	0.42202829394240743	0.11623987540771077	0.8370549555541319	-0.516662908681063	0.037144858741338924	-0.032207514973172355	0.7041663374268571	-0.25472989093221715	-1.112419053974264	0.3748987483077782	0.5160838396520887	-0.4703988347703936	0.0028661337630286427	-0.4073968746286264	-0.7826705523309984	0.6758312228098686	-0.17917944986437784	-0.17113616788977143	-1.0678096140039373	-0.8277283128702063	0.35302329361422363	-0.4670052944971029	-1.120347564357749	-0.4237916827132811	-0.6791510415521367	0.46640008522090465	-0.5859993207766232	0.0718505682585979	-0.7233361512143072	0.6058032600081455	0.5579165824672337	0.2432852428334791	0.2788438336689624	-0.8869801841400385	1.6843889581776783	-0.7589261192446894	-0.2501342418441837	0.692910768890364	1.005509957278077	0.3856641882198621	0.377305724003899	0.2416505187558287	0.4067458463974596	0.06458016668754585	-0.16410062136424486	0.19163795327082472	0.5472119014582054	-1.1662054761222322	-0.6503181683852595	-0.30858491979031977	-0.5132874421124899	-0.6089983633508872	-0.02826133496258918	-0.3809465173746857	-0.20217665471117982	0.425872615282617	0.7458719281842024	-0.2511408933468343	1.1954099530851898	-1.0022405898455535	-0.2261244060255694	-0.9640901916686504	-0.6094827253394889	-0.30916994060451597	0.19874082154416317
DTXSID1046265	2.516572237524534	-1.2396336950051094	-0.8576662593671159	0.3848121770141834	2.003950044053958	-2.7691275573740426	-2.8818223566000225	-0.5720753498609887	-2.6470175741214015	-0.6800292894102329	-1.5336599197877718	-3.8999968801124933	-1.2213297499096611	4.967863598247765	0.7564391061087521	-3.2929046734673872	-1.7427596843552924	-0.31202219163699596	0.8040594106367561	0.25019108842517435	0.38478571858330796	-1.07335535862824	-0.2944122189796784	1.0533557688562125	-2.0145829791712724	-0.38052079148361384	0.2265279710820224	-0.7269490714351643	0.283584588588655	-0.2786569297454073	1.054152983625094	-0.16357411541188596	-0.18308833817254339	-1.970712849887855	-0.14533563717575596	-0.37597264814593495	-0.21303294607963655	0.47227491753109463	0.1162008871982937	0.6461405704879084	-0.39260258082523763	-0.6141159077700168	0.7927572808615828	-0.225842980076548	0.13365306017015738	-0.7868614734697842	-0.14645174626162694	-1.6478854657212505	0.7238284972863069	0.002337385802980813	0.2090946571305138	-0.6503586921463425	0.9030709825158276	-0.3119103025992912	0.36013097623529605	1.0003966448518158	1.1174468371381328	-0.47905217770403236	0.6260213267794877	0.7871044146731099	-0.6496685441234747	-0.506317849355612	0.8675219913369273	1.2708714873572864	2.8628463194470744	-1.2985642002380302	-3.0509427352405307	-1.6096838322011824	2.489157178167797	-0.6168810849206048	-2.0869154190130854	0.958591645561937	-0.9661397169561469	-1.6453807946561707	-0.6069585753092105	-0.12520221883952434	-0.6183052025060669	0.2655776784538422	0.3014647636410908	0.03107867277090241	-0.23922708715805105	0.026125807887916384	0.48804166798764986	-1.1305803591401329	0.7605971101981631	-0.351912023918481	-0.21479507093420436	-0.35365526580755663	-0.22653716572639257	0.14190095353525992	-0.3738054719458911	-0.23727771077650697	0.009221862266604038	0.011075677622517347	-0.7250435531604565	0.16337284289940024	-0.3668748344205962	-0.2255447581169546	-0.07871568723710486	-0.45356892911680924
DTXSID8049418	-7.391112969927368	3.2718721065983347	-3.2196775389833854	1.1437340967615697	0.28655919874930774	-0.5906123814892955	1.212781273003938	-0.7451477576604891	1.2868275424065287	-1.002696202769116	0.4292530653047983	0.5679195185753247	1.0128011035950661	0.49363287037697584	0.6435798050625147	-0.27832814609653217	-0.4283080826724331	-0.401440603744048	0.9193900475363048	-0.06219216973863362	-0.31844501592783253	0.775811417475188	-0.6537324046174632	0.10278677331345973	0.6551903804484825	0.18165196972629188	-0.10138915715381372	-0.1833716930426888	-0.3526803028141994	0.21890795669330057	0.5397394063714425	0.2087285853686197	0.539462374133935	0.04719016983195864	-0.679666736002425	0.021701671849363665	0.30351498597209037	0.8200694408941418	-0.025483546677737553	-0.26594501385177527	-0.18889048177972506	-0.1469140027431747	0.1482400758131197	-0.3167263162097775	0.08734767688814547	-0.17405214228684393	-0.13205712758097188	0.6290082516620691	0.1587227138617017	-0.8651124859993268	0.28123710171668603	-0.5088697927765112	0.2257912498081738	-0.12087374381178843	-0.5771273169411341	-0.14818064237029466	0.13939722159246729	-1.1436012983127513	0.4139633023241391	0.25006882563889166	0.23913910719137202	-0.0015581218524982168	-0.09363989471846891	-0.07673478032252061	-0.11621620732321115	-0.732096436513616	-0.9045668706300298	0.3117804099351931	0.12791710918317806	0.16930428038585563	0.2436045564097785	-0.2045147101911713	0.1124785494637348	0.19284387601347097	0.22091072999341174	0.7261269335117596	0.11734225905908692	0.6642061260524404	-0.9289606737906315	0.12888872455320471	0.07744003385339221	-0.4799284559548786	0.611589959777338	0.5993232928649916	-0.32016052220522534	-0.3595531624402614	0.02271787792776268	0.2641974602892247	-0.8144685974970057	-0.06147172933023904	0.3666411316421555	0.26636175348007646	-0.6797757679366119	0.09847486135922083	-0.5989814296306762	0.4919323243250299	-0.30844616201403796	0.12625713400106944	-0.0947325311004884	-0.3199730177912142
DTXSID7047938	-2.683437251554413	3.4974424352269176	-3.987032367380776	-0.5271445665842577	3.6575671843296584	1.4920169850562421	3.001700742486828	0.6358921575031267	-0.8679016370599008	1.2620084510707976	-1.2216553573072721	0.8322326070042888	0.3075368931349487	-0.975880728534613	0.9578571864748994	2.8601962850284806	1.2753789085762426	-4.82109893935633	1.0484392424745625	-0.537715415022256	-1.9988936834961935	1.456873412704216	2.5245307194652526	1.5801057994586092	0.8734845372258632	0.027774849897279037	3.3807223099773274	-1.7133696841891843	2.301761117349224	-0.20291921917125108	-0.5668601494938648	2.6945132054692653	-2.320529075420214	-1.3179062390461715	-2.89867154725094	1.3133144659064515	1.7264320486325908	-0.3046225851938903	0.9453426152882888	0.28008932693662025	-1.11190978874272	0.5645605247986973	0.560440728697562	1.9061123885724487	2.110703085681718	0.17929452796288736	1.2366037356203867	-0.8303983864746983	0.678510736603264	-1.467678993906315	-0.5041522818125376	0.7292539588070809	0.8914842214470079	2.233589242071429	1.3411740851723746	2.503847551861389	1.1045001058334118	-1.9333651989278413	-1.5706030972004106	2.0102182576522454	-0.8578083737299035	-1.8550211017942195	1.5114931102748597	-0.2163327052961897	-2.555614824829071	1.945678233903846	2.139523295835783	-0.5185759586301288	3.2041145594846245	2.6706000156489655	-1.6502912928387676	2.6971245837373057	0.19380749971547626	-0.6262997070383746	-0.48443073173647083	-1.4528163420145135	0.6790428013152108	-1.1362436756258043	0.4103019570579732	0.0468881508328719	-0.11888190968749142	0.020981599448215402	0.03290757885536396	-1.0360998161902228	-0.3839797425063858	0.5524160288635216	-0.2726410209684967	0.28571714092333067	0.3920735126197641	0.11067594166565599	0.9253241562377503	-0.09614993869703668	0.10620772014679457	-0.41100715463532395	-0.3030280506464548	1.0549644337057453	-1.1138996740800227	-0.7487323024160102	-0.326893595354006	0.5591236542398206
DTXSID6045321	1.5900106021821845	1.4521027884272053	-0.6300646669915623	-1.3600389593209519	0.9153252891474715	0.40161753529256317	-0.12222201108265175	-0.67489108823417	0.2350700390031497	-0.7507714539914561	1.3578486636474842	0.07022131101003742	0.25351103359746335	0.4584583280385361	0.20514341935378289	0.10196678930062504	0.9920168141600607	1.1111955587080604	0.10368224407228804	0.7231073927339212	-0.2644634216224828	0.2669418124117627	-0.9585480312358263	0.587497412050362	0.7482983312674342	0.08514668253566894	-1.1944990863786333	-0.11590104825685818	-0.14384146603965905	0.0009328740380937768	0.24942808899924157	-0.17303902815176064	-0.37617724422257914	0.20821852078756262	-0.3240611304951866	-0.12405725411852157	0.8879523654731495	-0.04091663966812254	0.7992813047978248	-0.2755317504374997	0.262232404616542	-0.9604588464489192	-0.9512993135762069	0.23050194897997378	-0.050422726508398824	-1.0006801931652127	0.702661496316245	-0.8936457838958971	-0.9791564222765774	1.210066343637929	0.026663088355782003	-0.08279792356887176	-0.7463321357646862	0.8966843891854832	-0.35252842210979163	0.8592151453999606	-1.2379372331811602	-0.3374316241450131	-0.306656055729779	-0.44922853022056447	-0.8119701220869571	0.7135817906480019	-0.10554804145324131	0.278133977425084	-0.22377730469491594	-0.08621361114724041	0.4472162122297057	-0.9772433988006403	-0.4818303282127975	0.8068332812989228	-0.27648005853953317	0.7400252766651195	-0.031422209886347974	0.15506535586814912	-0.1275591756425132	-0.24328194387426066	-0.15974313431681966	-0.4605354332035595	0.14631408017062641	0.2473864831583433	1.0374963764358893	-0.28755911535379863	0.9243901758392181	-0.9383072309119339	-0.6834602983966863	-1.001042528382983	0.3481190965405369	0.798122151489739	-0.18981988620491808	0.21927427872503813	0.07965192084001207	-0.3709897902068211	0.13415893414912736	0.4573781378757213	0.2610059993315259	-0.6964352313321486	-0.6073096882467595	0.19941174094638556	0.2781382403340453	0.06976079175755928
DTXSID4044955	-4.82808891160598	-0.7495838703421832	-3.291821760508249	4.055510520552776	-0.20554686213589782	-2.0507725048826138	0.5680491496227339	-0.03562101257861714	0.10729180441600346	-3.574606106403653	-0.9154383177269757	-2.6765799796727308	3.4934406346105686	2.7513956708680403	0.09209758609441837	0.5626887101333766	-0.9143430467998385	-1.3387252273199028	4.276831377137857	1.9425798894568853	0.732746699083194	1.120502006213218	-0.9619714909803617	-0.8578068972063837	2.8677064853104475	0.49477154196987244	2.4166666163358794	3.2218521521272754	2.48788543565412	-2.105002873832263	0.2168964353921249	1.230195024343541	-3.115296561624023	1.8994751714619948	2.742735995548799	1.3544080029904277	6.289439441499728	-0.7802691335640409	-3.258105105818408	-1.1790184540896547	-0.059569318434167066	-2.0621282192834833	-1.7573446980500882	7.188905486860345	-1.5838890589238441	1.7904204721127108	-2.0802332241276194	3.6290796945660824	2.906395654828907	-1.015143551011396	2.738464804746286	-0.10794588478097074	-3.5466313395889406	0.9421776440912489	1.4618348295265793	0.5387893533821356	1.5155703219931282	-0.8924299585645279	-2.1617971604338884	0.6897574965724029	-0.5002432529262888	2.057910389303317	0.24809498146492417	-0.5983147063101881	1.5372768538309882	-0.48531785884801065	-0.34005880951010403	-0.8503501782462535	-1.3648667251253825	1.9160569872679087	-0.3077037263914106	0.9823510455400212	-0.26597779225282947	-0.08060117752848824	-0.518857034722008	-0.6015845867466278	0.5058813433947676	-1.3543955235285798	-0.14612437891220847	0.7196032294273552	-1.1782516120072466	-2.267008106168535	-0.2519000537104785	-1.1000732918007476	0.5392389308477155	1.2217335638990612	-0.4865338954593473	-0.5515002655837944	0.14507728422170643	0.21427687599826875	0.6330984699996223	0.10452700668018271	-0.6153811240230123	0.36057903079307935	-1.0670264480837228	0.8569623181460282	0.7218698446755306	-0.8516788440519508	0.6646163868776079	0.13751605231880423
DTXSID0022018	-1.0198293416772162	1.3527553903376193	-4.967318476662478	-3.334053810145765	3.034356718056431	-1.5999663055545306	-0.4974939732153667	1.2893962727148225	0.057356513612217296	1.466040481944946	1.1206964115286417	-0.38456153013529026	-1.3888538773531933	-0.010037587695494166	-0.792643508467705	-2.588081440232732	-2.1731345918575653	-1.6251673482134015	-1.6689728107813309	-2.4966312461387976	0.2937267933825088	-0.9361245854501673	-0.8629249248114895	0.6238678042377014	-0.19263829522174547	0.07683671303130529	-1.1239654656583027	1.4279483396825243	0.17299923741389805	0.7108039791451802	0.12979302900342823	-0.34486044927035886	-0.35235058790045176	0.5356488141898351	0.38391178003894416	-0.13353272772247518	1.4549253869611687	0.4019777703320568	1.1513126377721925	-0.021299505751811075	0.40148527719297555	0.6704759210839845	0.4578265639809504	-0.8975356751204863	0.6553811588379259	-0.8925828286376726	-0.7351514084141945	-0.6347783922939861	1.6248526238009318	0.6418925531863733	0.5925821404548248	-0.6697246045456373	0.9358172367654763	-0.6814201507289145	-0.7835593238144101	-0.8036178718390581	2.1426430745104654	0.021242538242168815	0.03614112177850445	0.9966221856370944	0.6310741123070297	-0.40166275481166275	1.2197070807679913	-0.6000900345146853	0.2023769039501639	0.8498312283858109	0.19879490849890352	1.0426647841670666	-0.5597247764897997	-1.2584023123252421	0.15042166488357614	-0.4822599786927591	0.0503752719348863	0.20711190304601082	-0.5368552523862528	-0.3875870466536694	-0.10896731264052163	-0.5665157218810418	-0.05540745668647915	-0.6345629941922324	0.3714413649067358	0.3640684379618338	0.07646898484013132	-0.23343038008093817	0.5276668640995802	-0.3015053179870861	-0.11030307931286712	-0.8319433781454395	-0.18713995506260026	0.1450496836428698	0.32364302199563294	0.02718394664976089	0.12154574650494536	-0.13760804078589675	-0.008103981581562888	-0.2538657200907799	-0.5203839931978784	0.5333674420499664	-0.1959398809324253	1.0972865587152048
DTXSID8041032	1.8110983308838577	-3.2999625595499307	-4.199566155844364	3.2154399131040154	-3.322629444340337	-4.752503192769061	2.534534230107213	7.6066161281077935	1.4272250481884836	-5.800687478698666	-3.7970179947673253	2.076712274954903	3.2113869908078563	-0.6107469545910548	0.021281068825862833	1.4262879881340784	2.274751371098799	5.167876509848131	1.510963686642601	0.6666300873142801	-7.587834782551234	-4.366722767292921	6.29230585652912	2.5157772257542677	6.869246279016627	-1.2603657090694738	-1.969177914176456	-1.514780583922645	-0.3763405854196887	1.3473867740194791	-1.9064431697579503	1.898776778831167	1.0085318548329576	2.890410881830649	1.9364497873528006	-3.0932656989508134	-4.478824191875222	6.478935510625078	1.1728742870609914	-4.599780390669072	-3.9314574558616315	4.651433416746639	6.320683629170673	7.428716777757874	-1.500240762854899	-5.620861181123154	-2.8649746117087855	-0.19803715710400366	3.401265245002424	-0.3191558063939389	-1.9251987430092599	0.6364534942204794	-0.14423734512324207	-0.974848301544636	-1.8809703572174539	-2.534111597604825	-2.014914563675136	-0.6939510950808785	2.697703779692166	2.0212746069086305	-1.1926336789814722	0.8752983468682878	0.8904733659128036	-2.648572716291885	0.5089163755352523	1.5984118080774126	0.7882399717506002	1.9225051545884473	0.5036478150065099	1.5447679700438872	-1.3110919264674457	-1.1952831036863447	-1.456406053531098	-1.8146317173634632	-0.3341439815489948	1.5428454462675416	0.7360371172997163	-1.2268045292632932	0.27858375042032957	-0.7482863331189424	-0.2037449811408424	-0.3580376609444637	-0.0771615566395086	0.8750391921487123	-3.1054006842658777	0.8893159825066441	-1.3157690205176913	0.27361074419074655	-1.2544072602270582	-0.29558667185742926	-0.42018694501952675	1.3004515439322915	1.1374834233686253	-1.1517952510079035	1.353151938251901	0.04574832798592608	0.31330920657792843	0.6399661477563532	-0.054400519592384136	-0.10157345150170433
DTXSID7032424	6.819426689784061	1.2320606374518042	-4.369613502691476	7.120990068147066	-3.550410976636714	0.46442033924195886	-2.5423243364575474	-3.649901459019984	5.982571998520694	0.6705223603575196	-2.7875661958473184	-1.8058191111456887	2.726847520661853	-0.06349882415265307	-4.087794640965137	-0.002407295236901815	-0.4283278751144539	1.6318289978649179	-5.682469109958451	1.442853514230084	-2.1102472015799836	-1.4597083951107461	0.08052804407673447	-2.5113508526987616	2.4282154007119794	1.469893209090711	0.7208785654255654	1.8732780096645534	1.3804697869434195	2.346221885229144	-0.7483508640884273	2.8024927622894973	0.19326801583821693	2.748372316449549	-0.8979468438655883	-0.04275664466747645	-0.43306868989071057	1.4011588339855676	-1.3880338810494863	3.3022326112592775	1.6437053956038077	0.6411428512198811	-0.9143943936970915	-0.6338341598536987	-1.0950873620763788	1.3279120129449926	1.417804940756707	-0.4784495850319109	-4.231661730628941	-4.285274204480418	-1.5034014961665592	2.830627315681117	0.5840160339399035	1.290555069674964	-1.699356071833911	-0.25133462233658693	4.277444385272563	-1.6749230147001477	-0.39640316088995076	0.408553281778655	-1.0007865496811332	2.0135169766016827	1.32355887826849	0.5193757824228309	-0.14262794664684594	-1.6901573076609306	-1.67096400153263	1.0178589209820876	1.3331048567484856	-1.9124419846739595	-0.0499821027224256	-0.5307016539862138	0.03825736248251627	-0.8025932738758523	2.4650805258623096	0.7268660928613598	-0.3008642544090383	0.8323714709005431	2.0673788972329064	1.0677652776538185	1.8216619916003693	-1.563374656600629	0.024934005544450858	0.6134911506665298	1.4465466341966262	-0.5296658798101961	-0.7041810544998349	-0.13236911467859938	1.1785873791130352	-0.13877736022368511	0.17630962621559826	0.10886170919529874	-0.09104842652790657	-0.4141123620982956	-0.2453689635296045	0.39947582880955346	0.3846584529376991	0.1614187339713335	0.9212813643918603	-1.0207074858500333
DTXSID0048688	-1.010895947408945	-2.932265298495555	2.0685015323371045	1.0561733254028682	-0.363738234738141	0.9239300791873196	-1.1686313720056236	-0.41512775058623985	-1.172953492099512	-2.471327497301806	-0.32838695093076753	-2.1040205844813684	0.553867316683866	3.8559817287750144	-0.39877083963812077	-1.0712803401498014	-0.6652659372717914	1.3226150752038426	3.2869544806751487	0.092589350869589	1.860153179311527	0.38754795167837536	1.0115014425354487	1.5368512346345151	-1.9069176379567865	1.382392555957594	-1.3278128076431825	3.973025000035632	2.126103013911758	-0.14817761070450436	-0.06618505479630915	-0.3548990239598942	-3.087689568923241	3.871415190414604	1.8850398895758493	0.5799115998218083	6.544396469796094	-0.6875657379692932	-3.0096063682621392	-0.9094998637073218	-0.8340550341344116	-2.5782039864438095	-0.3031661449799127	3.810761011143633	-0.7998943217686364	1.7695826054020047	-1.222998744214495	0.9864729058843712	2.0357191326760202	-1.6115926992843848	1.1675306945338628	-0.25580637441494264	-1.85643351291133	2.8934273443152185	2.5466652293097973	-1.3224930889523916	0.6554042545058214	-1.3811251977672865	1.6470415826619986	0.3148139549135805	-0.21987978335004216	0.857667851547425	2.005707389139791	-0.8435788857287354	1.6579713347206535	-0.24750006369797303	0.4079463937243804	-0.8107326884321844	-0.47927874646248747	0.9184663326079961	0.20553669964876498	0.7387870707932107	-0.09070849687639851	0.4412366025657805	0.6166377771006376	0.3243051526529113	-0.07554630434343905	0.1545514448151736	0.7186669551710536	1.0477403271527257	0.4412453616145149	-0.017299426559485354	0.13578414101536737	0.43427145883612406	-0.47086303048839834	0.7193281675435991	-0.08498223897004842	-0.025000793559806667	0.4714962372582671	0.2206153935129284	-0.15391600541789727	-0.18249451263238217	-0.14630589721950935	-0.07041570318331875	-0.4489357722803468	0.6916053159173303	0.633382413280538	-0.11859533878643376	-0.5262736925201195	0.21320509369024734
DTXSID6024628	-6.143288182874979	-1.8643067856658788	-6.026214264083584	7.607708515253704	-3.5760927255503265	7.9704937958894995	-1.8869267992801921	1.3286687685479919	-5.399932114588151	-4.841240117673393	-1.9078715815902305	1.4393272714154073	1.1435498777060649	-1.1529601221123833	0.9488729421312891	1.6387192751075226	-0.8689596047189477	0.22314576083662613	-0.6546129259480616	-1.9091344414399334	0.4193105794505123	2.296499369252978	0.8910486199519173	-0.09710985200513148	-2.8031472006088602	-4.462568231766569	-1.6803970589673771	-4.39401683875994	0.004539221550220619	0.7482294802279351	-3.0907465992342336	1.3041938531785902	8.858040509900746	0.7646251694484267	3.540587324051133	-0.6224846939316803	1.7733641913397347	-0.4477307223634826	0.7351025543385006	-1.7774313820090586	0.12633340536529417	0.6704259372092445	-2.1435062785594603	1.2185812631416262	-3.620097165082626	-2.4526079718379075	2.812118816790009	0.8057428477505603	-1.676570914500881	2.1587191878503416	4.362188605007952	6.159393922556588	-3.89547773248647	-5.392563784335329	3.998467674268013	2.575150022758826	3.655043019397016	-3.734744360426678	-1.3031835532430758	-2.087491203736212	1.7184234811737247	-4.377925921555535	0.14170726466761036	-0.36020614603174833	-0.28064615694502193	-0.32423829723001046	1.7825661863815685	0.4686085005369944	-1.998528351293538	-0.6306624830905238	1.0615102438569346	0.6286676801989924	-1.7995623792974318	-0.41386590882910446	-0.5376040498722653	1.440674783147192	-0.27126581539154954	0.2249241058312459	0.686618042236624	-0.6258391499259327	-0.752939329722497	2.322132996247298	1.5079628473214477	-0.5985440137255028	0.89156321902204	0.46801629251052684	0.5491618653855499	1.7076770188306745	0.9437245918462953	0.24026910502708032	-0.18850242050834545	0.6919972320899246	0.7075421414602396	-0.179656884194809	0.6957472079209647	0.20730500187852471	-0.5845572471234303	-0.36629364245743634	1.333606693676881	-0.1279754703176108
DTXSID8021270	2.4071611616119735	-5.517634188637356	-2.596192334919871	-0.4600860298062766	2.14555284228276	-2.349933458514115	-6.448021062142477	0.17187209009935736	-2.8544190733748223	4.135479266321892	0.8072005257172267	-2.0169974791253096	1.4489663717951036	-1.1895680026920301	0.2309652746835473	2.3361551157343925	0.8435288254392653	-0.8743080588840269	2.1996962867438596	1.4289445109001793	-0.28638861174942615	0.7430078303196233	-1.287053286947578	0.7519361297957348	1.3644789535466804	-1.2934121833397187	3.1147225277339854	0.712565130549423	1.7672559366028644	-1.9991380900819304	0.8516314226597143	0.04962471392520614	-1.663922341724709	-2.1568831449718906	2.1112302150066067	2.186055722172263	-2.0580509364586232	-1.2293229677998245	0.9201818102976491	-1.1787248882293342	1.4009599750156874	0.592922179291541	0.022618151017115156	1.8532966624096903	0.23116661009400494	-0.8092713850973223	2.3073858770891036	-1.3604236411198338	0.42700719938618037	0.33383390721646616	-0.8468384313682749	1.1031917710679193	-0.47200681571521463	2.548222692708486	1.575644401227113	0.7080674077602097	1.1978959503225795	-1.9751882506294511	-3.1325324953450933	-1.530454507579617	0.6604193814799482	0.158057524078182	-1.9732603165279508	-1.9692369587881555	2.0830822205194437	0.11808228488073477	0.5633293915597309	-1.8200728081800406	-1.411519979732743	0.5803604855811957	-0.17705922601716856	-1.6591098872248387	-0.4626012510426695	0.7630473312892341	-0.46613351726535274	-0.971638953045081	3.842101700087496	-4.022560979980627	-0.6602968783970891	2.6139152990206935	-1.120090695033354	-2.653016552818428	-1.0655605910869292	-2.414133874591895	1.636695745157028	1.1111783938697735	-2.351291651749879	-0.4775653935193603	-0.9969626287890502	0.40721136053850393	1.7833154369789563	0.44828621810629654	-0.3851857064677365	-0.1646761859692653	-0.23349387197596908	0.03569255836361515	0.22707324894896422	-2.032280886110491	0.8160717120203111	0.5748380709357822
DTXSID4049080	-1.4132161395814846	-1.5248589403787065	-2.1984519741046906	2.8169068683465652	-1.779022809496639	4.485976692080817	-0.18918667362675104	1.3414504963751956	-2.235345939348972	-2.9345550557332523	-0.00226559893960784	-0.6149172429853007	0.5930303336717291	-1.747564436374787	3.1333121519956793	0.10700460996177856	-1.549530216235437	2.2240842339672033	0.10324431582900197	-2.435680929562847	0.7079176644808585	-0.1349923103988315	0.03360403638138911	-0.44414997947728946	-1.5857369794763654	0.7530758515330822	-0.676727389082055	0.3309308909354884	0.34022367081982663	-0.426386031004847	-1.8519774144583123	0.5396376647387175	-0.027042088692804035	0.5857052664979058	-0.4844016493721478	1.261006053307923	-1.7271905142250517	0.13830277986517278	-0.17427208871695718	-0.5905066241210334	0.3384199615194379	-0.7304609539947358	-0.25203163665822	-0.6633992520349138	0.4007350258989943	0.07253789586553563	-0.20983213028306055	0.20728540334067827	-0.3288844240262755	1.065465722533441	1.1448524833737947	1.3971812880178767	-2.0559157808242654	0.5150505639680029	-1.6220968506617566	-0.9496570826072894	-0.18412173921988656	-1.5391197504788163	1.6080961307364672	-0.7400118835409963	-1.3631240736681112	-0.7212551665124852	0.8139195260181276	-0.3130382834218748	-0.25628719816959994	-2.4555288275814076	1.5852914579752428	0.16584226917230088	0.7312876516096574	1.7694997893421378	1.8550268252460895	0.8184624197022817	-1.9485329762968002	-1.4010618212911294	0.006579464059917771	1.3789294292432044	-0.4039794623229928	-0.3213005579907919	-0.9134808715721277	0.930757447277898	0.1960806497028675	-0.8091312118693883	-0.6162237757423483	1.042975669790253	0.42213436562617984	-0.7182866566931865	-0.026653397796264123	1.138431479773745	1.4577839214129018	-0.7304683290318061	0.6180567274431821	-0.2676649606081112	-0.11497112377297879	-0.04743133178457977	0.25691866604714003	-0.24586205365203445	0.5165073237568636	-0.2688662961065299	-0.12475201130748342	1.0556535040966066
DTXSID0029262	-1.638579859951078	2.5669656356829913	2.527888786747246	-0.9308855040242784	3.027701085918117	-0.04633602639008112	0.7323178832513852	-0.9722138468306009	-0.9117164113826968	-0.6782792749524796	-0.18682336795724508	0.5297163432230352	-1.6818160734797867	-0.921940901882983	0.14709331517959603	-1.0605766130796086	-1.3245836551449637	1.3741030311469873	-1.30476443981807	0.013591747582723602	-1.0836552847100238	-0.8735022287396842	-0.567881171547012	0.42378212050673236	-1.8782855074484697	0.966980890356133	1.7883805989949129	-1.03358983878773	0.5321714305777286	-0.6737628362223135	0.07327156593237522	-0.21452948632729485	-0.2864533583726552	-0.013052628024454694	0.9557949348093444	-0.39277717580001925	-0.6757152184638168	-0.6657851331196407	-0.4140793736667822	-0.1443503293574723	-0.19021899516501176	-0.8249177355404913	0.5291322354616512	0.42912116034502784	0.8857144166404648	0.06819022935296148	0.4476013390646756	0.01147304074746144	0.29685205492443206	-0.3443433140423115	-0.22020574833497225	0.014431658693846806	-0.2227316133076457	-1.0013423469358769	0.3068114312967786	-0.13981072335697	-0.2905646335600198	-1.0151150869192258	-0.6954925978957402	-0.630396143850877	-0.9515701547552676	0.35409083454596463	-0.37656214279585004	0.22535410611759843	-0.5898189008136071	0.25976712756328485	-0.22058851640996366	0.12364316448956056	0.3252105140556954	-0.33572625617723945	0.5319534355471796	-1.0489552488977163	0.2675352280814966	1.3148865411101258	-0.04198308607092451	-0.09456862628350107	-0.4177450599782802	0.24201596600170286	-0.32327200538663153	-0.020794126810193214	-0.2920246013588357	0.009935798347876432	0.4634907629688612	-0.2902024577737438	0.37637314213266465	0.6063069900931652	-0.2717609441255531	0.11090794046432845	-0.40015479855095476	0.12584861139493103	-0.39555488374863534	-0.23758647825963772	0.029623217271560854	-0.45176558809406664	0.26327011633195646	-0.11541685573731189	0.46353519498795515	0.5043272160065502	0.30575287591728034	-0.12067453978354593
DTXSID9020663	-7.008077454059622	2.9798332237538427	-3.109770483454535	5.455933048376362	0.8585444144528025	-2.167407708674351	-0.030251722223508103	1.265041278085289	-1.0884193712552999	-0.25677737491437413	-1.830177801023244	2.2926087502256207	2.372744059441635	-0.20789516123130877	-2.088917854187205	1.1407494915399954	1.3853523497022795	-0.40616991099055005	-0.9321300546492922	-1.8224925106491006	-1.3101663402737656	2.1865305590134203	1.5156427186804378	0.8559694416968804	-0.861423375323643	0.6705091928057425	-2.429713678922219	-1.6037097520730799	-0.5210461072583998	-0.7295704044451862	1.4380594149574788	-0.52795535842122	0.025587856828316113	-0.026579764063774217	0.8057442138358777	0.18489328978876618	-0.24256380787996676	0.7319071358025263	-0.27821411114980327	-1.968572266814672	1.1423119190476057	-0.30689014051082064	-0.25535912624639157	-0.7720625511307239	0.803775174386729	1.0118367890699431	-2.0149230849951287	1.379951244820565	1.515307518684658	0.059850062867254986	-1.0917665894201858	-0.8960078013918921	-0.9244586775874898	-1.024137917367278	-0.9224006556905936	-1.589316922539639	-1.1872042259699862	0.5381209965151273	0.29724042537018885	1.4562874610521859	-0.3731780257118362	-0.8702960407016072	0.3797078374437836	-1.0503480851428784	1.4180919780942451	1.042729938180621	1.2409059825002828	-0.28270607649322893	2.0123783325365547	1.3621607447955437	-0.645822041412568	-1.522070671508396	1.1983687750115906	-0.30249619825302	-1.2640528252615262	0.9739167902345618	0.6825250262986949	-1.6912401936878105	-1.3397361221271475	-0.6832705030668677	-0.8872913723138677	-0.8435131837175271	0.7113253699507996	0.24295494574706442	-0.3720464019702137	-0.8093853992737843	-1.2876019285450924	0.12959435340041883	-0.025329277262277863	0.3267819669056859	1.293935261479721	1.7706444995113653	0.8307752821287697	-0.0155633878490206	-0.16084664064699797	1.2325065002071132	-0.6334309466404227	0.37296874784182693	-0.09365905908315124	0.6528282774297488
DTXSID6025565	2.5962591439089633	-6.063980639762663	1.7570318583735762	5.139924337604515	3.164794944292077	-0.2566476110308725	-1.3527584745361652	3.1338095274540834	-1.5512816219416914	-0.8050743455208084	1.0245089001869714	-0.2949901561305297	-2.141466228827154	-2.0285151795046916	0.7265534821546064	0.7760120219543274	-0.5506069409898169	-0.134882700530403	-0.8351263056854307	-0.6718629642165492	-0.03274191405752882	-0.29370281063089376	-1.2266991353125434	0.5878400914477878	-0.0665700352402056	0.5968272410234156	-0.43054494717823316	1.4846557827691147	-0.40645875159120004	0.39920529052028136	-0.9496104211253249	0.27661391966936444	0.45655492277614385	1.3663812936426822	0.0517645734252682	-0.6075719512988783	0.12558454106717226	0.6280888114601367	0.9379382425978579	0.5368617238664716	-0.20076837809130213	0.8545272454754442	0.04798986745200725	-1.8126919399377035	0.17002963386619266	0.160951321477908	-0.7381483776405308	0.5308532910652699	0.22263910812985827	1.0380273916042555	-0.1278236481252837	-0.05832712137249139	0.5078752410782207	-0.5398761690110581	-1.1812436331685348	-0.5741671896999065	-0.2557651205308723	0.7447432265420703	0.15022839937520066	-0.5369040709496786	0.6733285174603049	-0.47126843186786244	0.374848121440775	-0.41306229689436397	1.9062498565789292	-0.795417623873441	1.940544280918774	0.21314588403923374	1.0328846974054662	1.6538031143565064	0.4178305400905787	1.3629767319728803	1.3584454006763753	-0.041307618203678134	0.6599062075204366	-0.13932848948666368	0.30996153012172667	1.0901578735339519	-0.4790430815918077	0.7973308236289756	1.6960246018500242	0.05757582298586211	-1.5972498337523415	0.8916185935066429	0.1724986830497804	-0.2855789992737381	-1.7053054628932023	0.8334649431903197	1.3333034590536015	0.4953959992345501	-0.20620642655368177	-0.9871997945933771	0.5001775412117477	-0.770139056607219	0.042945730028818324	-0.24637549193576438	-0.7351188944812271	-0.1184675578269311	-1.1121085360737655	0.3555345836757081
DTXSID6027052	-3.047357171896973	1.9439344745477778	2.5328105673574286	-0.3782632069538609	2.424429185315316	-0.17475383085057913	0.6473012459638431	-1.3244656203126643	-0.9732182106262641	-0.31566975989431273	0.2263666403137141	0.5166266379600636	-0.8581959089798356	-1.0428972745924208	0.030397114716173384	-0.07379294448045219	-1.0961797061593948	1.280647264059425	-1.0942994980965972	-0.23037421411091222	-0.8550242850745213	-1.1585522556590093	-0.5455865553777632	0.02936813505608387	-1.8756220151046472	0.9014549623336408	0.8938818358413574	-0.9741583600583933	-0.05678085585424802	-0.45857101376945986	-0.29738643371428014	0.19739156424545945	-1.2897499981838145	-0.18623861338261016	0.7487929349897635	0.03564622545686917	-0.038135073691737506	0.16419310553208186	-0.48378031250834486	-0.4160731623950696	0.2793966395120717	0.22251160068771034	0.489545362833518	-0.2795541586002079	0.5368615634913667	-0.08718772415138147	0.4235142678957833	0.923962823116885	0.12321335197789669	0.103548716399007	-0.5474855841835693	-0.34074446139963016	-0.1979510667622886	-0.8238912360195563	0.8250162871274277	-0.24030112322635225	-0.12102808912287602	-1.35462774137976	-0.826219135484612	-0.3410023379331074	-1.0949703853596102	-0.16996722715355375	0.1850412807184291	-0.0875260798520818	-0.42755902678601987	0.028926531305897053	-0.6273273406890041	0.35067813009534804	0.026083642083825014	0.18772386401660546	0.35328012075526943	-0.9247400690069542	0.061192237832502334	1.494549227556861	-0.12385347619861821	-0.2189499150194546	-0.47050538885905224	0.37503921948353414	-0.39814523544428027	0.2976228349663128	-0.6022681481425729	0.40209381265691774	0.4283433997486121	-0.47040205326739737	0.348284946272448	0.3291977129020402	-0.17543637383183652	0.1287093668791071	-0.09424687082027787	-0.22619861325751064	-0.31087923858500455	0.0007229935949351026	0.06973784894201168	-0.4957887115987321	0.25465206038088867	-0.33501863000353344	0.4114238939628159	0.13594890318622907	0.2618513933971816	0.06317519064079143
DTXSID1027134	3.4483623624081945	3.146681111419039	-2.9709538630046435	-2.870041150223793	6.074650443669754	-0.04039223614566969	-2.4611448046496136	-2.0672325649650167	2.519766122392122	-0.2078638208973587	-0.14934314235500654	0.3573708615357162	-2.058533288783344	-2.601220359240284	-2.0557264049982136	3.436508568543735	-3.5579392966561807	1.7590101180395104	3.07134238151045	-1.4934092466191122	0.5474359725817518	-2.063075879843037	-0.5487351809936883	0.1899756177002463	-0.8805451949339771	-0.6200011010208846	0.40622248977140674	-1.4723198239026463	-1.002492200255284	-0.9160706804104192	0.20888999987228493	-0.109398489315542	1.7838866339125983	1.0801878504310995	0.144566315025413	-1.9141444768740838	0.9860261443425669	0.7960136502530317	-0.4933975029420903	0.20052793293493104	-1.88924625740594	-2.900916071436386	0.33787387698929916	-1.1611595556005414	-0.5258196090184195	-1.124256788489199	-1.001072498135581	0.9149776164203188	-0.11967336772257217	-1.008790384456378	-0.09560127074076874	-1.5545015814937957	0.34084604902377375	-1.4382490605759863	-1.755081768501707	0.0032035133802502387	1.4246750274525093	-0.22173801026741796	1.1015517190228135	-1.1769321794671295	-0.26401405818371443	-1.2349723963588908	-0.2222737312312211	1.8284370900176814	1.1696614458426655	0.6173216185167578	-0.14540263920343363	-0.23652010460670395	0.5369149323896015	0.5414087704301154	0.38426075449557967	-1.0834764513330004	0.17121568265828213	-0.04735564138185604	0.46838294573014333	-0.12610094556721582	-0.42093598411457145	0.5257593346988999	0.984726548806289	-0.26694782307212944	-0.7055100797556473	-1.0443911101271566	0.1455019397430574	-0.19695182735969766	-0.03174600971854379	-0.060468643802197984	0.3784928991877867	0.7072466459563261	-0.18556458720515587	0.08351729054535476	0.1575993898024276	-0.2456312238649868	0.7019145474901085	0.006256705762921649	-0.4434750037432234	0.09589995944165422	0.6686382400889938	0.3155373566500127	0.0998308977251766	-0.6432803000955338
DTXSID2048822	2.4550485642315474	-2.07955315302955	-4.390399427578343	0.5190442104566325	-3.5161477411218818	4.589181495102359	1.480244765795249	0.8711949078652804	-2.9166948273312108	-3.6094927824733944	-1.689446978997228	-2.661085354842061	-3.430083619096911	-5.414517643745905	-1.8246510910729086	-3.2953185020962312	-2.3692415855200895	3.518347487674486	2.0480128352718516	-0.33646135824223516	1.4617682605615208	6.299640250120019	3.470606275072458	-1.4092806909108435	1.8974059613746554	-0.9059197903993745	-1.074151183140596	-4.48220902894837	-0.014291306988103119	-0.6462290380856156	0.7050785088658799	5.3510311121594345	1.9766482707637147	1.0761017804255963	3.765493659296558	3.5272537530393895	1.380988011117388	-1.1801247572188525	2.7621071987143533	1.8004399351457305	0.07047846914481842	1.642254923991038	-1.0913710298549166	-1.6289744827428267	-0.05791293962887812	-1.6628559463160897	-1.5320177891850897	-0.11691426992257602	-3.329675518269306	0.6330778022235812	1.9192617488617487	-0.5226766341360112	-1.276071881797823	1.0262715693730102	1.0925822853750775	-0.10260360171208421	1.1919633916567718	0.26985064555132243	-2.119537988388594	-1.109125775165475	1.8744639264704157	3.2939650946849297	1.6321235399396679	-0.0014402316984029593	1.4431133220423418	0.9860713814662908	1.3026251570376242	-2.309789508068516	2.6061939494176016	-0.6164287322490255	-0.9556616737210408	-2.034032869873093	-6.52211527844805	3.648612361413365	-2.9390391353533523	-2.613044676940091	2.2813729853221143	4.019106837039357	3.1420403930825174	0.9958355691173717	-0.15420373111021413	1.0746162128486794	0.11385824258513817	2.0644950031686315	-3.3902828167930323	-2.775106761258331	-0.792555536939018	-1.2526910811157113	0.02609216602265389	-0.7870282732951634	1.1461692347386145	0.11164838025589022	0.8898613568372675	-0.12091935939154325	0.07417818153941184	0.19286152520149286	-1.3339573869641197	-2.580478540487317	0.5375943606397547	-0.2553326090389164
DTXSID0022014	-6.364024860931708	-0.3877018691299538	0.6961438662063161	0.78485274728683	0.7481844166835124	0.8336798762209687	0.6732978323891569	0.041357785105094795	0.8525853635765072	1.0659258765665636	2.632438830456518	1.6042986702757456	0.6691555845720151	-0.001905319309057324	0.28111713841972524	0.057677538207422836	2.0420919557962542	-2.2885332350739644	0.5863847994905342	-0.45714176130941553	0.0794550667459735	-0.5927765814121025	1.7658830480934253	-1.0605009876532572	0.05551624083124768	0.5340338315357955	-0.4917410625866199	-0.5298238205672849	-0.6471748650120719	-1.264726218466164	1.2791839658480695	1.2689411270958282	-0.6972166453166856	0.10374620503933601	1.2240537257312414	0.3330951513645534	-0.21299550089150424	-0.43047483419771926	-0.6240198586249005	-0.24435050000922776	0.7939962726362395	1.1820373635821981	0.09584731335189618	0.29773845572084373	0.6081136649421743	-0.473713071056556	-1.1959908180360677	-0.6015414954390127	-0.8210457549166167	-0.35411332913937155	-0.31103046329736167	-0.2666194861644643	-1.4296239424766424	-0.8949384296312556	0.35535101752411263	-1.0756436629987356	1.3299307011793893	1.195679252223187	-0.9713753390268645	-0.33911871065654686	-0.0533036876825087	-0.6529770713723664	-0.1767189144169494	1.5923283151211627	0.6993025520054508	-0.18843920136003914	0.18273160584695539	0.6908971518408638	0.6082397877734471	-0.16522013060862867	-0.018655344690998867	0.22763475246727136	0.7850212109046397	-0.20685093971240526	-0.43572937866268235	0.4992480041807851	0.5796330855074114	-0.39265477684197675	-0.43536560941454405	-0.43203225544062007	0.27810675432412846	0.4932489808556062	-0.09179201044138406	-0.06425362027105012	0.6327966129182215	0.026761594118691626	0.19328404089431298	-0.06530298237400477	-0.09368228657561266	-0.41117811452014513	-0.3440653125595797	-0.08454176956245489	0.12364269014260786	0.26481634238293866	-0.3408704132345484	0.28248846010193135	0.4882478183098998	0.09984443754897994	-0.16593412752143194	0.10127503160403381
DTXSID3046081	4.402524828168754	-0.6180019226089017	4.001076206875412	-3.9512283919160565	3.3796535982585505	-0.06428947537706196	-2.9595097787238074	-0.3453664731800161	-0.6890003617268352	1.3565720585006742	0.6224242434020019	-0.09437662491982066	-1.7205075951587627	-0.47829776002573726	-0.21350413657077388	-1.791324856975777	-1.441204678579803	0.6623459454774545	-1.4658012003226142	-0.7596544721419827	-0.9576065373647641	-2.3158974134969466	-0.5493590406841569	-1.3945603759552565	-0.11919157763322764	2.5976664939541205	1.2757099308808104	-1.3997839627973834	0.25518664538381225	0.5557087343848649	-0.18282316766998008	-0.48015874521921725	1.3576591671041527	-1.4723690899940225	-0.685084732514457	2.711156001997255	-2.6000169585652437	-0.6374888318965587	0.39188316378968363	-0.15843703257252476	0.11513479166827814	0.5496150178430018	1.2663928262513668	-0.27612421110541685	-0.24134913431918828	1.5355356529127626	1.70494543837036	0.40469122397028845	0.8985388150180441	-2.8472198161511737	3.2487463635594915	2.441475020739604	0.20624497510944098	0.7154868268344472	1.6423793757493335	-1.920610044512501	2.3442230768962475	-2.6452047669855085	2.1822067715696396	0.33649002612629164	-0.8133268911121085	1.5325048460080126	-1.8615614499560993	1.2039745199838152	1.683523228702725	-0.346980528144072	-1.0755260476423076	-0.318383980409838	0.7795106594984332	-0.9305783488139707	-1.9903331468668	1.361450715318834	-0.32327676416293466	-1.3704151467860763	-1.7731447698290728	1.2244574317488686	-1.1285494262657434	-0.8799301691809852	-0.09264749553178558	-0.5366934795731864	1.1077499310461982	-0.5441421627333725	1.2972906139911071	-0.0002576714015286321	-1.434880809940532	-0.5370922140184621	0.1905049911192452	-1.7653017907085375	-0.2330403179092835	0.6546902655351381	-1.0199693175476743	0.03900446771080143	-1.3283274896691444	0.460484647493317	-1.0632979193119871	0.6077430526603318	-0.05829216574082163	2.4202744906706495	0.6007743939512967	-0.7345228821040655
DTXSID9047255	9.154065431818216	-3.4423672524123328	-2.887880043337496	0.7707872125334347	0.12911857245149894	3.9128851341157223	-1.8214449415257785	1.240407667229045	-0.9015330851965355	-6.096071916716704	-0.14575628632727242	-1.3665342141911616	-4.597650124101618	-8.231323931089554	-3.173143379137927	-5.148233225993064	-3.009223833162507	7.213389925117266	0.9023830738348978	-3.369375690747185	3.0523343290007885	9.769650902236187	4.222953809838657	-0.8679608581025923	3.7949780861219433	-1.8509751700958745	4.305332271772063	-1.9788229671137902	-4.056185721760799	-1.4932435961543424	3.7028707398389606	5.1553681700367235	-5.423264860190874	-1.4493851246178042	0.8836841460031438	3.0771487441155436	1.8183519078096626	-0.9016125440120917	2.903128855187522	-0.589142388228831	0.08859121045135171	2.3301537646914277	0.23924200636155796	-0.084881384106674	-0.5767252037359221	-2.595279173537122	1.791730342362428	2.2579563566199514	-1.203378344942609	0.46958382575734975	0.6542263417875589	-0.4040735311517831	-1.3176052339321707	1.0534123644697837	-0.3224625303009213	-1.4827498840754312	0.1016254845286701	-3.0795899370900455	-2.383168137231944	-2.2783351394115448	1.0261580778139554	0.1253049444988318	0.7578101901197585	-0.8798042384113626	1.4132562289851913	1.4796103332055608	-1.9518599634555605	-0.7820086873995096	0.10065156741732625	-1.66721992173621	-1.3394006126019915	-0.3175710223230476	-1.915740280262566	2.624659038371438	-1.0646632948958363	-1.9649237630420042	2.100420535895803	-0.6161370867529925	-1.1065495649025079	0.2866559065327727	-1.7343569684569635	-1.9963405913354506	0.43583122549933073	-0.8589814235196652	-1.9808841780404136	-0.45889118235373294	-1.1071758009177164	-1.6760975896941976	1.5575130344701644	-2.0255450418275416	0.41625838197404724	0.7987912816034097	0.04127223005057458	-0.01660470502386864	0.715584040771632	0.5795794055587659	-0.5851839266591075	-1.638358981688696	0.17862522304851947	-1.3604862923946726
DTXSID5046271	5.010966525793778	-2.9893767722288622	-0.3319591863259845	0.6410827456136639	-1.1307122305499342	1.35528301900691	9.7613470004342	6.449549205955638	-0.1095730583845785	3.9176468291609456	-0.9540154889496819	3.9858951995136387	2.707528926406547	-0.8479152438556556	0.9506161079982498	-1.2083238669110947	-0.8973077741937783	-1.8282803094197488	4.131723977351723	-1.0440309542627142	1.344125413760493	-2.3292651562837583	-1.0486525435430296	-1.1868429938793392	0.07295290956134076	0.9382599498351872	0.4721482030946367	-1.357751954518048	-1.4750498599232962	0.22125318385358586	-0.9867575617264466	1.2887418293295165	-3.0613831522587467	1.5476036035368466	-0.4201410693804242	-0.8185897449549651	-0.32055363153733757	2.0765520740505283	-0.7433320257199556	-0.9795795645258445	1.014194872563583	2.6527745676838648	0.18926973725037774	-2.109486522567082	1.4228061377384473	2.5790735794262227	0.358886943946847	1.9226822656783846	-1.9723870843555589	-0.9553658756397554	1.2463662497423094	-1.8970022524259802	-0.4908002708588416	2.0177560163195567	1.7837206703164836	0.6995673953878682	1.029111779741198	-1.64463870273449	1.6733145201821695	0.3517854981558109	0.02458275381998239	-0.5415674123382366	0.03287856055620338	-2.0601493511986524	1.6995979787915976	-3.1098621606948536	-1.6434954239878994	-1.0368809688747245	-1.875099695639133	-0.42161544396677586	1.185918618430576	-1.7192218018128114	0.2763909590962587	-0.21201537778156554	-0.6795815589491088	0.5308037120391974	-0.5978814392781481	1.2329570738072624	2.6775494566365934	-0.34098091848114104	1.600004169452739	0.6218908368889056	2.0086638014836833	-3.2174406414471797	-2.4349891742168084	3.455459212822145	-0.21732063433763593	-0.7956095726488761	-0.2541950811429712	0.28831087183721127	1.782723245675957	-2.344507258756334	0.6227627242541409	-1.1072474978416615	0.9670597029259317	3.482995278219582	-0.2929387208755343	-0.9179263453089757	-0.2727600986206062	1.0288909355265419
DTXSID2022254	-0.3469855114911066	1.766629523561608	-4.577442188240041	-3.428862967041198	3.4178422269665423	-1.7402009166581505	-0.6612980717762977	0.7142228593301947	-0.3548946474978052	1.9771076832563754	0.7917935288440819	-0.7027603533657335	-1.291245354586401	0.30049702989577837	-1.5360465629706908	-3.063981344387276	-2.282192829320243	-0.9103828163003994	-2.1552782615331756	-2.408222388767339	-0.17157974038346063	-1.4675494005189815	-1.2074926826242502	0.9774969679015988	-0.3748731103329132	0.38293187835861564	-1.4262647723872401	0.3843678107430598	0.7512456714149134	0.6807573531506828	0.4945292110596362	-0.7679025535293511	-1.0671775290431011	-0.10424842225073642	0.30161426163464516	0.12360031102751949	1.4791329304822989	-0.2574238840939982	0.7333814717847587	-0.6649603256588791	0.050722206461381564	0.5616327602801069	0.5552443718556288	-0.28632565017505773	0.24496364175501242	-1.2800516218758322	0.2416357481788137	-0.6850200856001779	1.2336986627172541	0.39328244917694916	0.7080380533002084	-0.2574634830894123	0.4531387381873919	-0.7714287627217812	-1.3613209036400915	-1.0267015600755773	1.3611473365865383	-0.9493820171099593	-0.3670941227441411	0.7116390039731723	0.03847389165595003	-0.3732181672509949	0.45766665454161143	0.03186294006734099	-0.7899815525621058	0.5988401381177487	-0.2280093910098631	0.2610521247735115	-0.6961253297567619	-0.6927409287468331	0.7375253598866283	-0.1361216269178631	-0.45399817256672026	1.1106416694782308	-0.15793047266713406	-0.6382856994226275	-0.010432830534028634	0.03924945933055569	-0.3939318779700383	-0.7407161205467268	-0.3999236289186976	0.6618174085611728	0.4444222489580692	-0.17847971958218192	0.27986242595759797	0.0657811679124831	0.2784028523707432	-0.032779559838400585	-0.13291295035554704	-0.21891936373116908	0.05248761482611723	0.3052353916714058	-0.07196007115632051	0.17332412608590017	0.31417386360885596	0.08336971717267959	-0.11868092026496552	-0.10531270373779004	0.09691134681254128	0.08400184891555929
DTXSID1057618	-0.6426978554653424	-2.0410501360107123	-3.670156312414631	4.162123828369049	-0.7317573882380142	-0.7257391685056462	4.184586298193573	0.5434377614591339	-0.468924470067111	-3.22874494597108	-3.5333393944519678	-0.7411444900993616	2.308886624228842	3.95967325878507	-0.13293907168692862	-1.7130545000575597	-1.3069364296685237	2.0382418177278883	3.9881833495438457	2.0465753580058017	2.7247266969815302	-0.5762109548855177	-1.6972202329263721	-2.2967353344019705	1.217263225526208	0.18304998622789598	0.5745730318779239	0.7102932608441621	1.1091289261862498	-0.9775841161156361	-0.3319360091042408	1.187669874276065	0.07294533669923679	-0.3724667370144061	-0.31564606940264955	0.5043976757948874	-0.5783703953992958	1.7886395760977645	-0.10015299626837844	-0.033229564686694905	1.6039690545997276	-0.7449142143478523	-2.663262480550543	1.0447687677716326	0.2100095991725154	0.7154953113523503	-0.5313691381411019	1.105578647198106	1.0685499283210769	2.9722506699900624	0.5158748427352501	1.2303085096182078	-0.8292504542226796	-1.752870891969211	0.24719094515359852	3.74016900458955	0.004182088119837532	-0.08900745794892576	-3.0610866942554904	3.2856124084621228	-0.3443029109199068	3.1520509866534936	-0.9104006109975159	4.724230053850039	2.6960336750352374	4.8496539962308045	-1.4874810821281443	4.679859719605959	2.1074622200898334	2.223655638236333	1.2131721607876524	2.2551792042620638	-1.4115498775642208	0.24596450821910187	0.9493767710975202	2.3046278483386504	-1.346353395447474	0.14236857747515072	-1.052248065044516	0.5508903075004198	-2.138189147141547	-1.3470707602755416	-2.1623553843895906	0.8885361651874887	0.788898554617498	-1.2855560282894127	2.1939265810972275	1.1835201768548007	0.17336092561103714	-0.2327354767477418	-0.16727176283430184	1.0429615734789313	0.19994491959553104	0.1594417262944674	-0.5541316203227868	-0.03134980391152464	0.08115552416153107	-0.3941913405832783	1.6438310944589778	0.7632406422254564
DTXSID6027921	4.14464831146789	-4.474083700295763	-0.34947221576579374	-1.1592592232972188	3.0779826981368736	1.6985817414889706	-0.363630790872664	-3.6324726371683016	1.5230722460468102	0.5356807628282745	3.5195573076285003	1.113459833158343	2.470841052553134	1.6195791674534459	-0.5953903762260404	0.9093649428855649	1.805595530711302	0.6452212295899102	-0.8926161077360879	1.6668777053197252	-0.08537071353866614	1.556994523911865	1.3467127968356942	0.3936569278728881	1.145030598930361	-0.594158276902211	-0.11890212799598396	0.8983287511502146	0.7885547960373516	-1.698980580387241	-0.5729697712470202	0.7033334415131559	-0.174760522176271	2.0425933202557385	0.9894237166733403	-1.3463296206881494	0.37426511559644865	-1.1708665787322654	0.8070458739323103	-1.2335033051745667	1.3453765520653764	-0.20582033962770557	-0.42451209291328634	-0.24389626552900479	1.224568309914527	-0.060525834721470655	0.1991455029971001	0.9003850284930405	-0.44564222711973045	2.42342871532038	-1.2921625240243193	1.4183819709611578	0.2612102010738626	-1.1879326258830505	-0.4430642216670626	0.4109559662833649	-0.4902807749832214	1.8997696896739131	0.052652508333170873	0.1628545486027469	0.035425268528859175	0.08928958292915913	-0.1364916799047943	-0.9839079938317749	-1.0743500960308257	0.5069797536024807	0.9375548972929898	-1.3143565678851241	-0.8970986589121176	-0.8316731591842108	-0.5810250465091439	-0.20758007759829386	0.4698314936296673	-0.05850610265428327	0.10210670837198595	0.7646607938605076	0.6828709325077633	0.09718426175597196	-0.38349490187442975	-0.3017190963337165	0.2627389301780219	0.5082274685950747	0.5002783877728718	0.02896028489305949	-0.9645035086034669	-1.0963796159369672	-0.577468536389508	0.35933172408186753	0.03726340204605597	-0.5369128319189536	-0.5401272202930926	-0.16857533320915616	-0.9484142344606878	0.13975859140119137	0.26749668368406787	0.47506128738906706	-1.1639685894882934	-0.06593897014361501	0.25920976457971007	0.038556338118656254
DTXSID2025975	-3.9184467128479996	6.1341878300239445	-1.1153759149187006	0.8004863369515524	-1.2368893181730956	0.5600348889576051	-0.25816294129359385	-1.0246875984039798	0.56971547587185	-0.26566244985289683	0.27616793139247625	0.3355090276414191	1.688608268646231	0.881359006926375	-0.32162239746214666	-0.5920290273898352	-0.47702967626801646	0.8902921139815161	-0.13065624370270332	-0.30265374709634196	-0.6318018876859882	-0.3397030032942662	-0.8868709982000355	-0.257738263002982	0.11922159172092588	0.723992361122636	1.1847882975237556	0.6644673126146537	-0.015161383333587125	0.6631862896827451	0.13956562004070205	0.7239573082059113	0.08472032520812305	0.08808209063518271	0.03256875867626932	-0.037035287757102124	0.03207097885130101	0.06861989450323694	-0.3659548842542792	1.2258710106636694	0.09638810757622214	0.44912724152523353	-0.009472116670910124	-0.3454016571860142	0.0033313474909874895	-0.3235617586913637	0.2074326450668293	0.027389333385708235	-1.4120293936120443	-1.4937990505520657	-0.12259969013049496	-0.020688451321015513	0.12025843337793612	-0.4515998771068504	0.034036546801195	-0.494874457868779	0.8433868681784777	-0.6686721814096701	-0.6074738783221546	0.537761013464158	0.297005783877717	1.0447743065258006	0.3543702467260268	0.10022154333078849	-0.20282191710891576	-0.2186673641559683	-0.600472652590182	0.47633619639448915	-0.05407970743643649	0.389334757475055	-0.39063477732338303	0.14293177787417943	0.29669603605243916	-0.4307579466415627	1.0094342452040723	0.15747285371168526	-0.1976833622974476	0.5032944299199011	0.52567446185133	-0.010855226879078883	0.5793362631715739	-0.409604967076136	0.30615089294323106	-0.21667890947189572	0.3824026836757666	-0.36580922799788557	0.017771990426447375	-0.2686412803671492	0.4365245458868388	-0.34808694816454994	0.3307754225330794	0.30992943589898203	-0.44681917922860187	-0.2989185933155348	0.017880339411015956	0.2826726978436574	0.4848570919366973	0.2851676250898858	-0.22595776692402383	-0.14285754005890652
DTXSID9049247	-3.704769274622692	1.1074679388878255	-2.4667864257889227	-0.715122024631601	-0.09949941769897412	-1.2427591614564164	1.4721658950342746	1.7317998916970867	1.5119252476803835	-2.187362113874973	-0.3660493787655337	0.0765262853801591	2.9593143231799806	-2.008292641163288	0.6554818816112379	-0.3197733846038535	-0.09038191232162449	0.1478450738883341	1.3931165118038795	2.117658412885543	-1.1630617270745627	1.8601046777260728	-1.3765315148668786	-0.30653437675643364	0.9162023610728287	-0.2646120552079066	0.9474534582642331	-2.674283302462122	1.5668012057833394	-0.0409964466307364	-0.4650074882545429	2.412023496375003	-0.24747043622646472	3.6382343588694543	2.299388761888213	-1.5927240582795825	-4.815273647463445	5.777610692900125	-0.30224002618323204	-4.083938032444458	-4.5844303501706385	4.996312018101425	6.232638666080486	9.71759037566577	0.22040533432757678	-5.077671404803075	-1.0535985421200091	-3.352699809598884	1.4233030735714807	-1.0858488316330603	-1.1163855149216357	1.223437880439716	-0.03330422739643635	-0.1652241255232991	-1.4287909294959524	0.025276383551854954	-1.3235434836081097	-1.5302757663464446	0.5164507484321054	1.752845443466769	-1.6508368720881266	0.6444935904816658	-0.029075204247468133	-1.0115115053025923	0.9687314193134452	0.6876578169811018	-1.0083102940257511	1.1671681469773378	-0.8309880342414216	1.770847448710064	-0.950982642524827	-0.6496078986853658	-0.9634812030598024	-2.2977901905083122	-0.03147544130677745	0.3036685758368768	0.9774729616659756	-0.7534175434763307	0.8139832421635655	0.8062498378721603	-0.9681474581053745	0.14940768818754332	0.4234081472763731	-0.0826377754417753	-0.7317738143070636	-0.3927013733973693	-1.1787010729149174	0.19489852149644063	-1.9655093590189752	0.4703240735936449	-0.5192991859086158	-0.4580911507687373	0.5468479510266951	-1.1950403697654604	0.2868398397026356	1.3072022892305284	0.8630753610656957	0.5636883956703685	-0.5476051306464299	0.5358630415849593
DTXSID8022325	-0.5838749735230558	-3.6748030055527043	3.3727863646550893	0.21715992748246618	0.47164051527975437	-3.00018585371055	-1.813699202919211	-2.146777224853885	-3.752774458646049	1.9409636081675175	-0.25439118118494924	-0.06967271467400023	-2.3854026692137578	0.05407911205859053	-0.2921977513265624	0.5851431258383315	0.8773188203684346	0.12437043042323379	-1.0562920126498336	-0.30160614264233615	0.17183951476243495	-0.4880472126244922	-0.7477270835685522	1.6237815182478397	-1.011082680009452	0.45389392813726764	-0.3423235156032535	-0.058056858213380066	-0.30853660426684515	0.045527970910327537	0.19503381734349737	0.43981089343259794	-0.4031297101913052	0.3508191534652979	0.7164931827452151	-0.22364812090762284	0.7283509022730269	-0.46657608271436035	0.263719292047442	0.42725592153800107	-0.5634283250482086	0.9972503114082918	0.17834288404875676	0.09633605310611498	0.2050480417534061	-0.11667732773457402	0.3971353981673081	-0.30508921908826253	-0.10386214563948148	0.4344333915517629	-0.11664212800065617	-0.45481557019046454	0.5532107126039649	-0.05418514168977472	0.16713517173537104	0.7377795708178743	-0.6199059912174298	1.085838446752538	-0.19604953471795056	-0.9298786775522362	0.6951473837733956	-0.006662783446619129	-0.9335116133094956	0.2970694606773349	-0.5912311999465872	-0.5287135392582564	0.06259854242628084	1.6136717061976193	1.3576887566203895	-1.7508790169892274	1.014765102350839	-0.6624954702229192	0.6071481118847418	-0.6919851907445733	-0.5760618324379726	-1.3387743661096692	-0.2646766248307376	-0.9891890524061923	0.8650776025066121	-0.21086961144086536	-0.1893871519914028	-0.13273923106886723	-0.04644237839680042	0.3609550111386591	-0.5932680577311594	-0.13353486291569727	-0.6837392245855634	0.1427360725109336	0.651814835091173	-0.23128101926870093	0.02477424915873883	0.3340365924466647	-0.2462434980124928	-0.4283512523406071	0.24384479116210173	-0.12827108491353886	0.33794822574324196	-0.3978062647861574	0.25633602536269073	-0.0014596735908900722
DTXSID9035204	3.9573686710672016	3.3140229291575007	-4.0239179811374886	-3.4946939318674883	6.294588893086728	-0.5896213520113873	-2.7154028808683965	-2.2751162625227304	0.035321360609950635	0.8760099708654006	-0.6311997936240847	-0.350834550888534	-0.4000677403537722	-1.9675937145057265	-1.1082620634178229	-3.6997592628572296	-1.4389117980661092	-1.5343713605652596	0.8692313824026566	0.42646809650155465	-0.25355791407979494	-0.23975158839216257	-0.1774928105672036	1.136548112542018	-0.44977579050188526	-2.3131201547982805	-0.9890821084968798	3.332109896534667	0.8453251613519388	-2.8557199949007375	-4.710661205153771	-0.7507309478464113	-2.115091032690491	-2.940928366511267	4.768375830519503	0.6057020371583252	-1.8865170378582838	-1.8158482293343872	-1.0194342601072457	-1.1884358468304634	0.495414224988149	-0.14188529413875023	0.16749009221786826	0.5236708168269587	-2.0768507789515582	-0.47837561154740454	3.103251898620825	1.26739529136691	-0.40675214781162444	1.1097359531251174	-1.6904376495691535	2.1792358135754832	1.3623699447268975	-1.431051937814973	-1.1672773932339795	-0.4022628675265276	1.0246232780446176	-0.779342741359077	-0.9266543277986256	-1.5580267370309233	-0.14428490460716162	1.0325170906095515	0.291421009271703	-0.7404817821663552	-0.9601548884918994	2.615814409489226	-2.8139390976287184	-3.6385809792463712	-2.480314867720557	1.8095157083711089	1.612763823484124	0.2146565616131301	-0.6472119514868024	-0.2579276230492606	-0.3675411304767209	0.16166758147797997	0.8601955536616104	-0.5446991221921345	1.1546063772330308	-2.216177145205744	1.4483977662718623	-0.39620173780358864	-4.026202923241388	0.05038706249606676	-1.4904237959041466	1.6685500212733184	0.4004332715293126	-1.904811867264704	1.492157558006733	1.0803205960796536	-0.15024951089108582	1.6659524652183628	-1.111711562972023	1.2248877289794404	-0.2702532956068596	-0.4362762750602231	-1.952154359760327	-0.8771608589502132	-0.5653617062121763	-0.06664149726808492
DTXSID6023606	1.4501005620334733	-3.5718078166580445	-1.7497752727911047	1.4084613362497374	-2.3396798480574152	1.8051100238220228	0.055117739083387934	4.716188528204481	2.125055059946731	-4.449989512230151	-2.053026598677285	0.13508289238955198	-3.1316530880989437	-4.309996493326963	-2.9341160348097493	-4.030158246769656	-2.09605890402037	4.133193490212761	1.2982057230754236	-0.2915479866436422	1.5948038128944688	5.882241057295586	2.4981564536542527	-1.6217335355299896	3.2231998258236705	-1.5279535034072456	1.2411780284551501	-1.4665521199946472	-1.445259639051002	-0.931231325696902	1.3829393391259694	2.7850767728509056	-2.0652574296459405	0.07303370495276332	0.18225058105672456	0.6291710784368572	0.743412192983961	-1.0789545612445361	1.1684526208424633	1.369342185829061	-0.6557863074667681	0.6271373325276509	0.21729075919308677	-0.02019276515414364	-0.3643143236430041	-1.149006126844462	-0.11828242750772239	-0.24181129046511066	-2.1315261187169137	-0.2277629048633607	0.852703487371231	-0.5225309316765702	1.0931552149104562	1.3008641675869261	1.1051890368295538	0.2701067115861069	0.23367641492602745	1.3468733487290165	-2.829934864998089	0.006054875991686595	1.5422128196489027	3.3351463761662554	0.7594100565837658	0.8166863637008678	2.1408633044692804	-0.28892525680195846	0.8023101136075129	-2.0330684036740676	1.7484474204565266	1.1737374680454167	-1.613846788907103	-2.0325783945486404	-4.543918318408296	4.909818074113105	-3.495683203763749	-2.2048592103556905	2.3873356926456917	3.5165384704645932	2.125366561365906	-0.0808478022439253	0.1287616029532095	-0.1398086208782258	-0.10798530792211615	4.347332046306803	-4.709499984670694	-2.8880776558144623	-0.411529625957262	-2.249480653930716	0.42121331745458507	-0.8070544221154144	1.2668349957097078	-1.5536594635395524	-1.274950824943023	-1.2694121364742978	0.6567233758034372	-0.36775006002566607	-0.4520009016819191	-1.872235775572632	0.1400605375554573	0.19044751019496373
DTXSID1044485	-4.831359239167106	0.4415822821428703	-3.7260837153304682	4.110159918665107	1.3610243322423854	0.09092095352355342	0.41792679660368925	-2.3322243147369033	0.5085914266297747	-3.4645094293055383	-0.12249657209283389	-1.2259540317607882	1.8446980727309665	5.098997085961146	-0.3667584613385592	-1.7451437447138012	-1.2554222620446742	-0.3501971980671933	2.753560409110044	1.8506069390460882	0.17267019150706306	0.871673284438805	0.6503845450989115	-0.7904007526556993	0.4088324307047897	0.03158021847700632	-0.3490746577018088	0.22050001093895968	-0.17311276934932207	-1.0626147069532006	0.45595260326228554	0.47173864472308286	-0.4686245884375231	0.8590096843065138	-0.5660578524629685	-0.0388560686737761	0.021779990496882798	1.3141066380247017	-0.0032825722409123006	-0.3515504715595702	0.35053050417698145	-0.09645554323023917	-0.5544890977474104	-0.9152150271126711	0.785898281731022	-0.3880536883400096	-0.5830063453583466	-0.5689954936797735	-0.15583016239457223	0.5432411690882879	-0.5252111318682434	0.18860172930220942	-0.46746595002738967	-0.6306124803520611	-0.488995963025948	0.32254252625661906	-0.08515643574016553	-0.24252675798932916	-0.7426853393164918	0.8289453604232075	0.23265263093463318	-0.8245276441693156	0.2906015900582354	0.35443056873804374	-0.3310030771793326	-0.1036844735926155	-0.6526716446766228	-0.6502484897697338	0.8487464880588128	0.2107835289198942	-0.6937892476597772	-0.4374163689279651	0.5141978712181018	0.0532106350027925	0.2564285431502849	-0.15880233636081156	0.03961182789620402	-0.1606224043009249	0.4410014206561057	-0.08782677943644841	-0.3776171988581123	0.953053881081128	0.3117582204237152	-0.39775950067458143	0.01341504869230802	-0.16582887396655963	0.3653393909908378	-0.06439855562797077	-0.06420726399395225	0.35879694362890524	0.2345827499839288	0.1702656578765038	-0.01373988101083743	0.23176634956336603	0.08221151714866258	0.3004174342293898	-0.13589295596181578	0.0019970146187141395	0.5109614279702854	0.6742286982590242
DTXSID9047837	9.179848312050572	-0.720012036098106	0.6534810437434534	-4.621854731262645	0.8821688267479035	4.4643724160571	6.440758009804574	0.9328684792385343	-1.2462823230694653	1.6043322048194486	-0.7704136613511399	-2.0568247639762904	2.0521882608766653	1.057418325371596	-0.29680986373321677	2.0030292949114465	-2.4941469377769137	-5.646416213388785	-1.1129873979769653	-1.0659202893935853	-4.33967368091012	-0.4068262232784069	2.519217913729851	0.4630299888879692	-0.5857497773407069	2.6380303644654015	2.7542146523040647	-2.974055156656867	-3.660039277631553	1.655500254699545	4.100359466515679	1.6899757803185051	-0.8871163732496029	2.592862481506221	3.012486565628217	-1.2420203084935766	0.4767198214096114	1.6179495012477296	0.2747467770903171	2.9976492694854686	-3.1900476504636006	-3.0011205731126673	-0.9221086798896719	-1.372085358593883	-2.823600246559819	0.11310966868836354	1.3154464742745144	1.525304419407226	-1.0895033349477683	3.384628221181638	1.5567405346278187	0.48496780466736406	1.280426784797978	4.8423161809032615	-1.5844475689625133	1.4194287099625538	-0.11250123848957823	1.1310192819099887	-0.8105741851746033	0.6710579903459948	-0.3786116972330153	-0.0017984102740781285	-1.1982090045341849	-4.419785500711218	-0.35531252175465033	0.4567691328788497	-2.5441014848368706	-0.15444228464095974	2.2314550916561497	0.458759863595574	2.4815007719078426	0.9549695526630686	-0.12002930628107362	0.9145779033210457	-0.7332426038642647	1.4826888977575008	0.778752315450142	-1.716341857894181	0.8555547992568749	0.20512955680759726	-0.012662568123891991	1.3031601767681953	-0.8227708990241157	-0.30117828173802763	0.21310691665082404	1.0019484696410819	0.13632991552807455	0.49096145089104465	0.1577911279144235	0.3781217041518486	0.657371321915549	-1.2030730192152541	0.6293105004175444	-0.5633758712667023	0.5950578813120815	0.8252623544983432	-0.9912287656498144	-0.08163577750128204	-0.6774001124829634	0.5602767979016615
DTXSID5025285	-6.69531547679796	2.2969917555197292	-3.149563443772059	0.26862046612070345	2.6899826369938915	0.7059869891826075	0.94346727962163	-0.1666836204185216	0.5017430045040823	0.41437621262776636	0.8725318267131277	1.6880520301989776	0.10509467484313016	0.14778025714473175	-0.44226703922816757	-0.40035488360923865	-0.2213970301672283	-1.039748983962543	-0.13553596384069827	0.0007445567371973177	-0.9032353100469753	0.040050128988934695	0.31192344030874875	-0.36567783255167713	0.2525657916050274	0.44852645365538335	0.3105523653521567	-0.3440059806879697	-0.764945457058277	-0.6041999772873641	0.8417639082886319	0.7797814886306565	-0.5774019896525616	1.6026201157412796	0.35180507307442255	-0.15022750960329972	0.24432461025927296	0.9740193187016023	-0.5038857353773668	-0.24227652539348593	0.42163917994049155	0.345980512559525	-0.16807902730044053	-1.059728546134229	1.194781146901017	0.0718520334101623	-1.344395198697973	0.5690089685678741	-0.15524225208577322	-0.3073650256812069	0.1344064280591376	-0.6676832232058185	-0.6336966800055968	-0.9300667976040414	-0.42841612933200846	-0.22594985331185627	0.3602392425101927	-0.3667439296549772	-0.147550260720178	-0.18859271011873593	0.19028752047372663	-0.5270890132334797	-0.4421275617759353	-0.41684099960389054	0.9116425121576561	-0.18269372432225214	1.303268374225762	0.362412200154957	0.44418767877592874	0.21148231350644026	-0.3611513017765328	-0.36980620470481596	0.3054858191130292	-0.016192485384121023	0.9693897666517078	0.53821150012123	0.37293025212011227	-0.2706096546985679	0.4597431436035369	-0.442995835734337	-0.3056931077517623	0.49587742533819823	-0.02383113866008764	-0.5472694358829552	0.26819632579265107	-0.3659725091816174	0.18285198250640228	0.14689056241133655	-0.6519292266710591	-0.253058987700244	-1.0529061049014345	0.6687460121256559	-0.6137965450581387	-0.11545992600373303	-0.5078118191290438	-0.018777597887749183	-0.39495350796463835	-0.5989486540786166	-0.27195379295503747	0.961082418079359
DTXSID8025094	1.7913678446380297	-2.671260611062327	-3.522529679471701	1.4387290073451504	3.048552998567577	1.839425607376031	0.8791072889764251	-2.3062922678933013	2.6696150484581302	0.6411198809505242	4.184614485828576	2.117193090142596	1.4643096841032313	1.694597682654355	-0.9076412060451118	-0.4192537725188996	2.7785824321740487	-1.2424249244944279	-0.9726377822164839	1.4802036194791248	-0.3671170055480074	0.7405376889164632	2.5469107247095653	-1.3551821348801525	1.8576513584531684	0.270745686011257	-0.8180216025039319	0.08757745490740042	-0.5827981378069789	-2.2351602627253024	0.6110826181499459	1.1462853980156298	0.3004057445568918	1.5176992073936066	0.25963057221197344	-1.1615139791104927	-0.34971476328398904	-0.9783908180893818	0.16865526124000682	-0.22708598399273772	0.7612878912074333	-0.6483813472445817	-0.27765067852098707	0.36135448569525924	1.1404275019951506	-0.9109252391450818	-1.4463393464134844	-0.9899563826949797	-0.6640653582400847	1.4881840859802735	-0.21050816416273144	0.7378517271004802	-1.2033119764320321	-0.6368547633487219	0.5562652873443402	-0.5687000194007275	-0.33181088007927917	1.6432090603685154	-0.15465495458361575	0.15653320576404395	-0.38708726787556835	-0.6258979570442122	0.897592273807389	0.36788839730014605	-0.15114304599512454	-0.5330086907772985	0.6645944964279573	0.2653785080910114	-0.7352025273294902	0.22567561102284167	-0.5861095525496621	0.588795520438544	1.2686526366484998	0.9719736180091187	-0.7297872624871451	-0.5002200274443972	-0.6000563781727462	-0.005056799520899427	0.30267625521496205	-0.862371399903547	-0.4006040678736672	0.6044155260243869	-0.15366771876881377	-0.8011628897037857	-0.5049323249849417	-0.7579050685739744	-0.4426356320069747	0.6510227318191988	0.24113251978152062	-0.2193569035323991	-0.35463320271560245	0.3790443651054213	-0.1882356621127249	0.5084137190011474	-0.20500936869857178	-0.6349112792150896	-0.2504128766240675	-0.45397271234462877	0.20173927307190226	0.776242990773592
DTXSID0035790	-3.367431968271784	-1.8134187234655887	-3.1885889672732066	5.772960283706424	-0.42025750921254207	0.11346297322334489	-0.6391493934338525	0.21992985464492035	7.383026731925411	2.222827965557221	-1.6068818137344398	-3.1253340447964986	0.3113934831360616	-2.004221036948261	3.3348187079221847	1.3657469576640227	1.7893723545651876	-1.7458048769675811	0.6453093555267895	2.0253026473606215	-0.8643007647707155	0.709679961063017	0.4097939241972382	-0.029757613117639994	0.4140016951796279	0.6084368689387696	1.1496809751858683	-0.019148529499434196	0.21919208247196917	-1.3193165407669636	1.0413587806701772	0.6412861384537357	-1.476375982011058	-1.164455159907056	1.1286086412244278	1.232855484756443	-0.2696048993846286	-0.7995443304397825	0.33755646708871484	-1.7758807904613	0.7030734801742375	0.4249486188200491	0.3496903319981963	1.1102928289623508	0.2671389689430516	-0.5915252472179306	1.087371809661722	-0.40126958642950245	-0.3071319104955422	0.08327914626997152	-0.4561588436517426	0.424898728672446	-1.6280220597393487	0.24181200869736363	0.16498484029052637	0.34097282408170587	1.3441354881495116	-0.8526148175518733	-1.167497770376988	-0.5704399559778336	0.424539845949019	0.13569434302336467	-0.9309484690196367	0.13554351036978984	0.5803090610048653	-0.35004290643686176	-0.9129867489167209	-0.3337544612409523	-0.2302464786414467	-0.03578132915163843	0.2549558146556612	-0.6243363640941358	-0.3792109852417126	-0.1741072787124364	-0.33634096739085567	-0.370217989841537	1.9621949042578404	-2.094830972532088	-0.7372845114252191	0.9147084210566309	-0.35647181117875765	-1.2863000643185614	-0.360756641273201	-1.0328105199105166	0.8969827026811981	0.40302800456867044	-1.2838674918355975	-0.1108213514972236	-0.1963231247683087	0.14305112923056704	0.6248814265002325	0.3623979114975562	-0.17279738179571197	0.04307196229596002	-0.3191884815289929	0.3969422008415601	0.03214765210310124	-0.845781931273267	0.3477454233741621	0.28324586703707844
DTXSID9020293	-5.718669781302918	1.1579873481900382	-0.8599621933517277	0.6480754774473232	-1.69339106969328	0.06707446907817248	-0.6357076046531602	-2.002246733340392	-0.14967240972436965	0.99545495995649	-0.26490515867814485	0.38601900978248577	3.130448400401055	1.1917296519099254	-0.8388684600660176	-0.03825065226517365	0.3656078936095973	0.5829636785052665	-0.7871595058037691	-0.5247356227748367	-0.5806051379295177	-0.3026670147871917	-0.7526835860196902	-0.07744606610826495	1.1212980283403446	0.712774088292314	0.20824175716330542	0.18012151079777453	0.02820581056345335	0.13241311801372196	0.994023095511158	0.6981234228575701	-0.13500158378634997	0.7078631604195349	-0.3263106701254196	0.3257231396301009	0.964115116161771	0.7014670592828277	-0.3006963892266709	1.1718202832294697	-0.12960373489031687	0.7676571049481444	-0.24236337958303772	-0.2868370235123197	-0.22648164456098327	-0.23625326267226568	0.8813964954234603	-0.09029242238965662	-1.4353760047094328	-1.6384372133720957	-0.2958936134995281	0.10754772282333352	0.07245572706560845	0.12279003478966434	-0.9538781504014686	0.29007012419262	0.3927257577038582	-0.5209023100365078	-0.2703904046349969	0.06552176968411708	0.27541547663034793	1.3598041099815659	1.2006255195589597	0.2881229903738391	-0.40641908311107566	-0.5768278138494263	-0.22594425577557134	0.2655604658012419	-0.03926180324478365	-0.5638000651508869	0.18881657608925648	0.02563850153403487	0.37123481457566704	-0.2377166781810009	0.3478179616141842	0.39099196430543337	0.4967010114698945	-0.2190120421187137	-0.04318254485797938	-0.45854395856878205	-0.08279777817282247	-0.5383824484660013	0.06886042903409845	-0.05910184142563567	-0.14745266668182636	-0.7809496683991181	0.06189006720949995	0.12607240006465636	1.1733108784731792	-0.06140672426270611	0.4786913098687077	-0.15051232935984885	-0.13519815000368202	-0.020477486917084675	-0.06166196632324662	0.11285352376743037	-0.3314395029406661	0.15583291288296702	0.5454096526986365	0.03469308035994235
DTXSID6048836	13.69518766651014	3.490547580430796	-4.198691422734969	0.014213454283208702	-4.19144615937864	4.004792866385839	11.816717260299761	4.792350365191902	-3.0190911861128793	3.794591169361981	-2.2511312646138526	1.2305200742765146	0.2636338125430921	-1.059029149287547	-0.6933594202902845	2.3391028937644056	-3.01919106825444	-2.213032094493652	2.669372650673695	3.0217405982983023	1.0188055519291745	-2.884946796881787	-0.8161304218986342	-1.1831229716013738	-0.29607696151316837	-3.9794178536928637	0.27621080181883506	2.26832000208109	-1.1023087493685213	-1.6059986462519318	0.8597474644368107	2.6703119834634306	-1.0541245367831702	2.137832483006554	-0.9224495692220518	0.8547690451837582	0.4655430579748653	1.1319117915811854	-1.096752829163295	0.928828151670016	-1.8355159505729695	0.9029082796570027	0.11813317721303065	-0.5937387025551767	0.6320746852114094	-0.2768567523993553	-1.5780354996766037	0.08375533199270187	-0.18097209648224652	-0.23381459745705346	0.4841258602274007	-0.911584274997866	-0.7733048869459731	-0.39625608714195876	-0.09618045630963959	2.411944964498136	2.8720667088920036	1.724897896139174	1.4442535743409801	-1.424420437492598	2.015786162588536	-3.5383036803992267	-1.580712876024095	-3.0841313858249753	-2.0392599685418897	-1.8588226426430141	-1.584879646148407	-1.5886081027011032	1.81639717330283	-1.523598865056308	-1.732339218182251	0.7750560208315221	1.1162481606958643	1.3416973775035863	1.407556559721594	0.2860928926035051	-0.6831943757821439	-0.45705383905198493	-0.22762515008789178	-0.430009970460862	1.367423207137686	-0.45115493584866395	1.041779790946455	-1.4963385300043102	-3.120379984648183	1.2267109400111704	-1.0576936747523824	-2.11602916581043	1.1376927316212957	-1.4103444375550882	0.7391057930270297	-0.37324119827061225	0.1805951141463155	-0.335334818719922	0.37291469397337024	3.017684193014349	-0.44376286952762206	-0.0946208620415127	0.2881230257335722	2.6990587906917693
DTXSID0061826	-2.6129241677770736	-4.695111787817702	-5.830612557270499	1.0625773727961056	-2.9507686899532666	-0.48314638452181785	-6.391700623807639	-5.526034547157056	-0.26485480163866654	-3.06873403159941	-4.07451396272205	10.04620028282546	-3.0047109092788338	-3.263395502165237	2.8280090011195798	-2.6879214332679497	-1.5963736648761493	-5.391940395777113	0.8220724459338331	3.406320094261819	-2.076348165742373	-0.9002052159992223	-2.3406724272746326	0.4040255671094041	-1.8241676482738252	4.15307615315916	2.1942171736969422	1.7560246095876029	-2.8735570813072364	-1.5439175627854371	0.1065488939437029	0.04230388645468025	-1.3760040654461154	1.6997950963808444	-0.3237703393479202	0.7889690708019832	2.258436741936159	0.9543649650541027	0.020722750889626253	1.8601393998816278	-1.3051571459149374	2.073519377305169	-0.27713220252320847	-0.9262332935851031	0.7188381875353599	0.7231515437197595	-0.9956474839153913	1.2034171725296874	0.5592242586049432	-0.5326705227565122	-3.0300281803196545	-0.8816854692358628	1.5973124903795302	-0.6598111414241621	0.8934070838704649	-0.9975321438726614	-0.24888067877373796	1.9613782802051372	-0.9655317685192105	-0.012662836229009612	0.060935427829932526	0.4366053890078553	0.9589171175514766	-0.11755981739819893	0.3437875124223029	2.05111159851094	-0.7593466635974122	0.7651353258069252	-0.8007686099767454	0.33146939439041667	-1.8463678847679126	-0.6421158837674682	0.019216652616505108	-1.0833839627391575	-2.051916851527161	0.44410112939675983	0.8286072885368923	-0.15840899207234807	-0.10988767391516907	-0.49710447572668254	0.8490533165498734	0.5320025699971108	-0.22413638030160787	-1.3979068872704996	1.3160983497291885	-0.6196510702850865	-0.33673479665792744	0.6418656146513763	-0.6383064319523861	0.3757200245138797	-0.5623107902710858	0.13303299013008218	0.07784766365424585	-0.3661070002020638	-0.8137454807754101	-0.41376951527281725	-0.8920254268536429	-0.6640123945360671	0.4491414918509546	0.09709031007869606
DTXSID2022541	5.338186337497399	-3.388223545989391	0.9881259636852655	3.6660000110257083	-2.111820309823533	-0.5920118107255083	0.6051570980343772	-1.5641480257414895	7.454479208154764	1.2405283421356015	-3.655455785090871	-4.075262487780733	0.8396916540610193	-1.5034845009621287	0.7854536439189918	1.5378427871986013	1.7740707727531702	2.23012425145479	-2.2805824850916983	1.3295689875257914	-0.2929325316141822	-0.07025760535285525	-0.24537401916132295	0.04433244525313621	0.4167478664523483	0.31051207069410286	0.20017339051907415	0.9830428251444202	0.04177520263013491	0.09472893530193897	-0.19397008048273945	-0.2877840894137354	-1.0432591506644124	-0.22149348092019777	-0.20212986421001955	0.6584825536883541	1.2606225348160367	-0.9991157978432933	-0.49969516277873516	0.6561578617390939	0.3448575417412873	0.4963543733419937	-0.046169657707280015	0.5343518838988959	-0.722422141381423	0.031326730430247154	1.1128668285166798	0.17866883853577828	-1.7442660636113345	-0.4501728953340325	-1.267646882827647	1.9430857095365495	0.447500748794256	-0.8415719566374804	-1.0514305201721879	0.8832684595841639	0.24291462711442915	-1.0767563621107263	-0.1382928369179406	0.8220999398058434	-0.5947365875564975	0.12892788666529803	0.8959507934305261	-0.8773007842492717	0.1851753571133491	-0.4532255984147308	-0.958309986203682	0.439933448845926	-0.07243100225700198	-0.058514048072789086	0.9147894548911886	-0.44102224262589323	-0.12131468600788005	-0.15949506894976498	0.014336839913745715	-0.5415942913087075	-0.10923782626145344	-0.5532689825638524	1.2177979312015443	0.7859619663116544	0.15579393513648104	0.7771055299788722	0.6917607033604244	-0.23258272251118664	0.41144049280986256	-1.0398079766657384	0.3430654936963005	-0.34953108721618154	1.123890528441837	-1.3826870375441198	-0.2908931778499207	0.04658819277956901	-0.3995487630245732	-0.3473156964001174	-0.5131902946243885	0.09056505992160643	0.13554786956857653	0.07658783833157808	-0.08290578282665396	0.1352699886852223
DTXSID8045850	-2.376784832953818	0.480266328538782	-4.695016506931662	4.121926729340617	4.281480527207434	-0.9476841780996033	1.087548351891164	0.00014037124353912886	-0.05094847699085043	-2.481087403573804	-2.2626242366321168	0.2387148528776899	3.319388432203148	5.1656249260975295	0.6963146459126394	-0.8655564403279274	2.660032479132255	-3.619127430187217	1.1202371999170775	-2.8637935209780347	0.674599949796098	0.2047190393211612	1.9075589415717082	2.431216139863348	-0.8470147287579172	-0.8655202421635301	2.745742286599917	-4.159641164833955	2.7384248379570364	-0.012402988951187946	0.0016958023005793253	1.1724840615514955	-2.745606511794455	-0.043711448899858424	-2.420083292841685	-0.6051851549693857	1.9226319118943176	1.029286395083223	0.8405275408601521	-0.554610542916196	0.7946544737390773	1.4548785461698839	-0.032371851202745466	-0.31850771855097093	1.725964978844916	1.38826505863821	-0.5688762645589359	0.5376417410438463	-0.6128613438700872	-1.092695265105021	-0.2425291676381852	-1.3136320001229065	-0.23358000668351345	3.769749191064217	-2.6612447056654402	1.519234412221252	-0.29052838590547286	-1.4295641769535803	-1.0085011756802613	1.5554717312001984	0.801888974743126	-3.413629301207688	1.9074761141144652	1.3810174879764416	-0.6483188910540773	2.5835071298049046	0.5849726802228208	-0.3563741261597651	1.777350526979199	2.2865512561871837	-1.9800108683012136	0.6317418988851998	-0.0969189924929824	-1.311767330354102	-2.3345294159847403	0.6562178997324905	-0.12799455125627732	-0.07180961113635548	0.6363229898941627	0.15844161809279922	0.3525265440572037	1.4718096458188816	1.0963561863636528	-0.8257681950802512	-0.5333443054015049	0.08520777498989777	0.25107280787983377	0.5996768811844524	-0.86985877728648	0.28014595662742936	1.4635651378672458	0.5269794502818975	0.5235133332829214	-0.15906942107907493	0.9294941873609891	0.15640492548090335	-0.18448510735671197	0.011997481366116938	0.27037830103508304	-0.1279513977180177
DTXSID5042249	-7.273827244136472	0.5687986151879436	-0.8959313622617167	0.5890639835955123	-0.3557224931810151	-0.07089104039493747	-0.8698495047266661	-1.170641994376256	0.1458317217456806	0.22339273367487492	0.19140693638568795	0.3090329633600607	2.735347313161091	-0.9554271875317926	0.10539016274503628	-1.5616094629138773	-1.0905273212141255	-1.4003724327595888	1.19610857992939	0.8423938369833998	-0.9044658889195901	0.8043203824909654	-0.1408054486689558	0.2208283171729029	0.29607202301860236	-0.5613439341365458	-0.47780328159456703	0.6071374587466624	-0.008006291367368546	-1.3287698817439175	-1.1190828644861044	0.35216359848127443	-1.3281989301311645	-0.4907020151051481	1.2813540058842834	0.4736930619615398	-0.32081618970263864	0.8783581328370808	-0.47988784461981104	-0.7449754670935628	0.11502267491277482	0.098788198139642	-0.3086792272782955	-0.8380251184329323	-0.5463398241136541	0.002788134711310047	0.6638508503721932	0.530750055368278	-0.2951796062182827	0.18848570757771144	-0.6655362445450103	0.018979926813876592	-0.26670873732929196	0.07438033048244731	-0.24027502161191958	0.1695639450454806	0.4957754619774665	0.37383930605713217	-1.0079232288912143	-0.5133367814044247	0.5327620013837177	-0.18685705651480877	0.11965640842346957	0.20244191377434903	0.24796047679941133	0.6758202748008146	-0.7359763224434804	-1.5654500625405465	-0.40596861731491307	0.43718803816481583	-0.3426176994325186	0.4489576670005458	0.196950717047351	-0.40606701651733557	-0.5220047226821053	0.15437486603272246	1.0768646222631983	-0.5394344232734383	0.4792569378645966	0.024224804024464554	0.07848438828491912	-1.3613821507980701	-1.3951083420478796	-0.14586291884731362	-0.16093824441852453	0.7807203246506959	-0.2512142467482314	-0.1526559064711154	1.1780221863645552	0.053782280174799524	-1.1270925247201389	0.2832426613046026	0.07751579488628797	0.23211558219972098	0.0034645658463999997	-0.38539850462549197	-0.8807172392373985	0.10321281119971118	-0.1418355747355401	-0.07040637060377594
DTXSID4044400	0.6811553380412791	3.694860383571604	-2.6372479529209545	-2.9715305266442456	9.738227712281171	1.3242037797538577	0.3555610358784075	-0.6879089691651177	0.10493766841068114	-0.32862721082891416	-2.4655782362167016	2.977969035663029	-1.73330766680327	-1.933124025742008	0.341959877565405	2.198925310219633	2.8757871218826394	-1.0399963239099623	-1.025599710483064	-0.7446280480285874	0.5013757643454656	-0.42277261923242687	1.6675779457946243	0.6560949100586813	-0.0194158934589531	-0.3069871386772554	3.290458932667399	-1.8589962928409987	3.881573788042296	0.49477414249971335	-0.6446816416927318	0.6109824762745699	-1.8093078893881895	-0.9768079867464527	-1.3134310906503068	0.9304767471758902	0.9731895215523391	-0.776489865530788	0.5782200273971345	-0.2492381398939879	-0.1709245688743291	0.6903523812333632	0.37196217900497297	1.7013632148922382	1.0959520890497494	-0.2282017030868481	1.0859542833222078	0.054507868001832604	0.294496962412219	-0.410537734783608	0.0007140817304231471	0.1710504308740188	0.2706917770290931	1.8725460979817683	0.32678917525045015	1.9468657805382896	0.48478950854946795	-2.174886577421907	-1.765536044666842	1.563982123643054	0.6253507399112734	-1.5472815685129822	1.670002354111708	1.2153171950511472	-1.2608290254176406	0.23109338624231185	2.929116424947501	0.5065535817412783	1.452852369515657	1.535127691094343	-1.8437464379860589	1.7269925502133814	-0.6068884552630455	-0.20939666878124275	0.3373962832679018	-1.2000220437317528	0.24821644209048166	-1.1768368262805895	0.9301668968281546	-0.13996566171745678	-0.020487753652771976	0.33883541456832056	-0.43003256545194446	-1.5020118864923726	-0.9842564420480746	0.6121221758686856	0.35384245523521574	-0.9653338739386138	0.308167340966231	0.6007464719903529	-0.013831322410473813	0.6516178950992638	-0.40724305239629643	0.18445703574911834	-0.7583524350595521	-0.3884620815788697	-0.7406279074781462	0.11284626264942212	-0.22162837704748797	-0.4454368963721581
DTXSID0047828	7.3950889436643585	-5.995671957854437	-0.7699571931720163	0.6261299098260191	4.6380711640337084	-1.3598565964672022	1.4446818355251503	0.7184761917011493	0.20921207955846596	-6.446059198561769	-3.599367127330277	-4.532930717767911	3.207734033925885	9.906719372464282	-0.6577898380108407	-2.0755545878676767	-0.6329299311651426	-1.3185093502616363	4.08337295138362	-0.5257758251622334	1.7006501775913183	-0.3172369960229207	-0.9689562701095031	-0.4954406279537161	0.24723213919086184	0.7965983810007937	1.5983587402721653	-0.9941510270066873	-0.8513833043775173	-0.441091104782995	0.05340298912251382	0.95333116600009	-1.0150931984127618	0.21281817396199898	-0.42256752046038787	-0.37125394248136384	-0.8332885503242646	2.949328768349832	-0.5720473072133208	0.7682707287148841	2.4749870176480715	0.8394605896184137	-3.2551477228419827	0.4487079734569739	0.8425646880018014	2.0041773812513575	-2.1945545640525865	2.125965808933725	-0.202989988356103	0.6990149747077982	0.915766373986988	-1.2840897228923602	-1.995029563145831	-0.3504805300821056	-2.8440045179581297	2.140977849808935	1.4420492018129103	1.971749902337898	-1.9172889719874908	-0.29897582378234716	-0.4654758349622209	-0.764430920624901	-0.20031478261894164	0.7037498870866693	1.4123223441876094	1.7691507662098391	-1.4445251781595023	0.28681846783820625	-1.2330186197947923	0.45670498506472773	-0.718420702223413	0.8968877497147548	-0.18695154846350723	-0.9794668687806015	-0.5372086555413416	-0.6929186986128801	-0.12100489570516572	0.3153251068126508	1.2988267473585966	0.08086708753121222	-0.5734143737129884	2.0822153672268984	0.7750120790388101	-0.8821029644404262	-0.5204701854654025	-0.46095596911713116	0.4805604579487576	0.9376923314081426	0.4339193315171035	-0.9182465192891929	-0.2247689883399016	-0.3287631209143629	0.353781224680479	-0.3250490845702605	0.2736021473951215	0.16294213353964226	0.35781561995766703	-0.6047223451988647	0.25182516396806387	0.9384738453137443
DTXSID0022850	-5.192316221672382	1.1049706239533483	0.4442017187273606	-0.7817817835267878	-0.35547649138378956	0.5416005945174157	-0.5746885405328098	0.719265438466869	-0.24898712750477095	0.47740498347659943	-0.1604433915982694	0.34099894523898033	0.29793561858779927	1.2776072636340834	-0.3568660673813633	-0.27611215310590703	-0.7262523153347243	0.8220974427715201	0.7257347491463176	-0.45442806926674484	-0.8184011299787671	0.8126688235837395	-1.0203356329373523	0.8925926217215032	-0.28570690154521106	-0.01597140564457081	0.23515159825783158	-0.526658850081015	-0.28848879074735495	0.41061539890087795	-0.44348011258144016	0.21946708582551752	0.08190208589193011	-0.346537140754996	0.29790001437895125	0.19523653922834272	-0.09825704102838743	0.9231081976177433	-0.1482020519342287	0.2528446358103828	0.22221769729404245	-0.35649086958659	-0.4695092393954235	0.08914755913961425	0.06207781816616162	-0.2767478078220844	0.03609170499239362	-0.12216186408378582	0.11360626208099281	0.22954401291065482	-0.012208565455682802	-0.7956372967125639	0.1542692661108347	0.595013089358299	0.46254139517233367	-0.4037604431301977	-0.024306577885736636	-0.9012844445736742	-0.8885574192331717	-0.6136243341812463	0.024465538041025425	0.051017248615429084	-0.08547275335953042	0.18052553698192592	-0.4649897884408184	0.2065865834740695	0.44472560942078243	-0.2391915287922492	-0.06531837220276714	-0.33702145398928285	-0.4167527330371496	-0.4509660182269693	0.16868464068667843	0.44543906148220713	0.04119582257174522	0.17061820063402497	0.12024096735002394	-0.3708944540713461	-0.42999315121654674	0.3935197956585274	0.30679277885002965	-0.17250214160461955	-0.15098666738792466	-0.22946297441173014	0.22642008543322026	-0.2793107448883545	-0.0256263119874319	0.4863660967348082	-0.06724920522686953	-0.5490397734018286	-0.19796811195299924	0.1808551135245966	-0.11849703636449702	0.2681021237164532	-0.864468227836148	0.11271000826077728	0.24592456246622033	0.4173965152264925	-0.7622563021331166	0.27194258852953734
DTXSID2041886	-0.7075843932583402	-0.9938219814180752	-2.122104904756406	1.3001951547424848	-1.4552928253267232	1.7452497472691961	2.466665024336235	-0.24707306055688846	0.09462864190276993	-0.1777021372329174	3.1719494893936804	0.14712454047743723	0.806899272160833	-0.07263821964534152	0.20202024791656945	0.5859224242732289	0.23417385324006357	-1.5193956579502848	1.889814774311969	0.020768129006654652	-1.0810407365979475	1.058896421027785	1.8695618145635988	-1.080388224860391	-0.22979442902542488	1.4528191373326367	-0.6492720920595499	-0.7805337737523921	-0.9081934752263731	0.8979630106021034	-0.16766549376881246	-0.8696572247651134	-0.825528253706818	0.26921227813210136	-0.419379701626684	0.3438377867877616	0.4310421185603595	0.8421433366278172	0.09719689347416426	-0.34104269550891936	0.49924871293538176	1.0180258448696204	-0.2417830223743344	-0.4716096095507501	0.1801343322536846	-0.09949934660481688	-0.4042260371935093	0.4808947134304676	0.14240636192079928	-0.6688247246101665	-0.9391326651287502	0.10554194933433314	-0.7702455670844388	-0.2223889761888049	0.5578827507542335	0.5481687649421435	-0.3991670598997074	-0.5403983772232149	0.5801593082051375	0.09018342202163937	-0.8920861733965793	0.9149938806370105	0.044345380636701424	-0.39220811218921464	-0.45526241836698655	0.2746597443663031	1.1904561868737773	-1.2120222324981127	-0.26142416983681727	-0.7717706243343299	0.6772734590096653	0.8942258672888519	-0.9672172747716071	-0.43692920222916803	0.3204933896127278	-0.1434412043744726	-1.2189781619114795	-0.05204599029987949	0.8564133574441805	0.7586786296733806	-0.67690169151318	0.006193809910717303	-0.5548642864738824	-0.3722671176416885	0.12156606330787832	-0.5458741143564672	-0.14117389238348935	0.14628994280304744	0.022847481186194323	0.08458957088363393	0.07705874105839804	-0.5845547497843984	0.01948396424414193	-0.7527640465339573	0.19170394759329276	0.3358345107098233	-0.4842059064638073	-0.5667855803622156	0.3565184493878196	0.5259721748025968
DTXSID0047113	2.1091910154614304	9.146205838559998	0.798549309768949	-2.505414085482912	-0.3884901747543682	0.5935372220885908	0.9365767364060674	0.9567216012094567	-0.8740140887011766	1.323124995300544	-0.4373085662916233	0.32391242081577004	-1.7853911797696382	-0.26482897154733964	0.3600220852906445	-0.08878214828969838	-1.0593473899393147	-1.8064872165049688	1.2046833450529355	1.607482314840282	-0.5261575896710878	-0.03158468640384906	1.3245253400156958	-0.8219819995104369	-1.1809095989842415	0.6598983256794235	0.1658286860424461	-0.46345717782588586	-0.028523549650703906	-0.6029073377394835	0.0271131662149325	-0.7702075924149635	-0.955115157765576	-0.12774347669744254	0.188759182865264	-0.05600786763050477	0.24546444775518775	-0.20772591656122674	0.3253192111724725	0.3864956542832424	-0.008965379343809962	0.39793677094955826	-0.10369662966826855	0.28111941991630884	0.5051323392137259	-0.8957617088853587	-1.0470310694221279	0.35852427231314643	0.3022224396602997	0.6184906749528755	-0.4562490982652315	0.0857452555139563	-0.42963256220457174	-0.31481331555870556	0.7062425890892178	0.26872379003398333	0.006577684717200718	-1.5496833677618267	-0.2807824780559284	-0.1234527250805329	-0.8312395372896283	0.41405161511171035	-1.375787508441605	-0.29772016519295486	-0.11984411220685902	0.03319719155001896	0.47558731837817686	0.02018901847818144	-0.8205725088674062	-0.5551403021439166	0.09026242675671796	1.331234497683609	0.10472385914348925	-0.055148106968049504	-0.06225850998976586	-0.625903987100569	0.5397079167282915	1.1241560307292309	0.6295981942915989	-0.17731800183514157	0.24339006866386387	0.8070953863634863	-0.1454422114097054	-0.44251633103276694	-0.37241660237446117	-0.03849280600491521	0.6371092397717687	0.3424109882934273	-0.1628818518332161	0.012833513409141855	0.013977906056251847	0.01957720932406804	-0.08123815459718117	-0.4567246709276676	-0.23151335613823945	0.3924471210279153	-0.04257000775432589	-0.5417374146156121	-0.11413586246290737	-0.17020104845874393
DTXSID2044846	-4.5394040463776975	-0.1287832696944385	-2.5088460264036443	2.3428394620135835	-2.436989675620094	0.2573495331255816	0.42628102177099475	-2.1892038371109663	4.702297714577615	1.527619352323838	-3.1837543592284216	-2.787349178809924	0.6675133208615458	0.5483197106877705	1.7082336432187284	0.4619405938444563	0.7250701514817786	1.7874914727318298	-0.13821366834028861	1.367968334325746	-0.062323843458806386	0.687503524197552	-1.6413911598763054	-0.1904652434116621	0.8736220465123431	0.2767820340605636	0.25923814906797	1.0479187325791073	-0.36847531405119116	2.3854405227136857	2.230474308484578	2.5117593983612814	1.7581372869727718	-2.2369580361184265	0.21532850527017885	-2.7290817164541123	0.4943738839558931	-3.7033762005175688	-3.8072936312058263	-1.9949537732806022	-1.7415239679801293	3.4907711140191826	2.0030907658196737	-3.0406009141326695	-1.8296322568151437	3.4951735796690353	-3.541108095096159	-1.7880830888422141	1.863718272975399	2.3111019402376156	-1.5382532777219455	2.3656703093590403	0.2985923753204793	2.9222159367889184	-0.901305677180105	1.4984540151023056	1.1879656847216755	-1.2430341956014614	-0.13090635385521415	-1.7375834946706479	-1.99041008666094	0.14140657124379705	0.3587993644170491	-0.011398903160348334	0.2941503752603683	0.557407552420404	0.3461355370946309	-0.14415390166118178	-0.16111439840077574	-0.6882907261195247	-0.63397495556607	-0.29234168735971333	-0.026401724116132123	0.5007814506147011	-0.5252210619097099	0.18693707230552414	0.39817472719996055	-0.11813405030721343	-0.45786169384758746	0.12365345582923765	-0.35189162697892346	-0.6201273253791993	0.0638251210763943	-0.14286746334318387	-0.8448644562916917	-0.1547736069611469	0.5046609721733419	0.35214112478781395	0.15423257022112866	0.6792270250008038	0.08148064830785269	-0.34605570269559843	0.5244475541624437	-0.11334352763653466	0.4904185250861339	-0.4987557188053411	0.21482391329316827	-0.6738969544584051	-0.12971439372563526	-0.6468170856640764
DTXSID7020009	-10.913437449337296	2.7707114889433084	-2.703820917844349	1.494857057928993	-1.9002801564479186	-1.8271592325605446	0.7787261486139722	-0.9454442727444807	0.47146563330183766	-0.18944270938701396	-0.7101472398182349	2.1792821367521076	0.8842662980844234	1.2476423558576264	3.2428233363323535	1.1613030860579239	-2.577623679133409	-0.7142422264887887	-0.18437856403958053	-1.4705366789122325	0.3747279192521481	1.2805407327181026	1.5239014759422749	-2.2241574517441927	-0.3824091918656254	-1.150988564459919	0.2324372842286607	0.8717231813084128	0.01781970772827202	-0.3909932332651623	-0.05154373296934089	0.7355045242837536	-0.3380182956622269	0.654868526125305	0.2257376121717263	0.8111335331132232	-0.7449520800634498	0.14409424284396138	-0.5022343733223362	-0.664536828994028	0.05970165136549509	-0.1326389990935662	0.09578526709614359	-0.33782831383599027	0.8511608712168235	0.2334505701651831	0.010087760612739723	-0.27546631924542475	-0.4631200620525246	-0.17968898283675228	0.9082361577975927	-0.6386052903612791	-0.44441335393304865	-0.010285108596893034	-1.5799756901760085	-0.5243535703960602	-0.3607318653722632	-0.7946679998732157	-0.13886164833983067	0.82911892361184	-0.4106940184560421	0.5409690074336526	-0.2664919536307836	0.16151637070376432	-0.03697653065840926	-0.7659831370047151	-0.4630546764841144	-0.2862710278284176	0.2207051247352462	1.2351152171301945	-0.337546991470279	-0.011169020126566748	0.7069853873936853	0.15108267985180712	0.19180816173956367	-0.2432912715143511	0.1647943397918678	0.20973403308471053	-0.45367870158450413	0.04021504069450542	-0.03391091192200351	-0.2364166758775894	0.0020321382477787274	0.0077721497858339525	0.08863916372220132	-0.49155094701434493	0.6320133014722191	-0.12306222273689435	-0.05499243965804324	0.09574304451884902	0.10729020060730649	0.3117487793647258	-0.18384385458188987	0.3101081831777204	0.3773013000583257	0.24459460917844	0.35193026985368664	0.31671005621394144	-0.2510738161244624	0.0535172370478623
DTXSID6048202	-5.12066615583292	2.400060388422558	0.38175042125889197	0.5873135479043284	-0.9333525734440742	0.8563080717800599	0.22116240321613348	-1.9651389887075161	0.6320389460402182	-0.007656923336186857	-0.16626933894051762	0.5123483930188971	3.155801957041262	0.4764253882903093	-0.8032582035501244	0.2668261694265858	-0.29420229239078893	1.3714433989155375	-1.0385635051251818	-0.4967266267018403	-1.018731262472981	-0.3920293178731669	-1.1833433177860302	-0.368886796256183	0.5586293760219659	0.4432607233083963	0.8234564826463795	0.5773895309105102	-0.06271506497671107	0.0325606865298685	-0.016811970943582416	0.642580876434587	-0.4239092138169402	0.5943181984090091	0.17342324704405837	0.7062963728951414	0.2380933812769939	1.1887968414451515	-0.5930465021005192	1.4047350929796425	0.41951938761528085	0.5576245078062995	-0.5129475849316846	-0.41866721647676797	-0.057700012036454446	-0.3308160425992614	0.3847088996419077	-0.01078015440597104	-1.1042699392156439	-1.2879199584006824	-0.23070256964986138	0.07069910037213355	0.026580909651299972	0.43329921144137334	-0.37499394186631774	-0.9109377707931027	0.9219607945902492	-0.9210619422209091	-1.2108474979405632	-0.3291432295636215	-0.09082301186563589	0.5984167112150744	1.071261316242768	0.4009586533856516	-0.0711555551977211	0.039115131415345034	-0.04933755223117548	0.05977080781660805	0.031423038612608784	-0.917003776494252	-0.13943046032400744	0.15745533168811127	0.40027803136331275	0.08115278277242269	0.39802212519761504	0.3257895268952673	0.5475173318649842	-0.31434258230781625	-0.0999324997629171	-0.394378584795335	-0.20053428204479343	-0.3003323762987534	0.08066984562308319	-0.22534461421678426	0.2547598672725418	-0.6358347224693743	0.30372594301412725	0.25955217544958775	0.9150800661338198	-0.1472571319800052	0.3409790469348645	-0.23466702106040851	-0.22902138688123438	-0.13874479790901306	-0.045401766417942226	0.16675597141089638	-0.32263861606784133	0.10000104315097137	0.2685774024110559	-0.005233246354577628
DTXSID9032533	2.988148069230744	-4.695935799405543	-1.1245902048292848	-3.4371499042891434	-2.996400933863602	-4.195396165257311	-2.1634875444818813	-1.3242174443994599	0.31261083835312076	-0.7608479579754356	-1.1077422198297096	3.678969179895306	-1.5872558321355688	0.1576658493490275	4.186011613607836	0.45158645930210334	-1.5251464340866123	-1.754664163805444	-0.5572815812074597	-0.7119443203248242	0.06342241189106589	0.9990079209489744	0.3120953390415087	-1.7857880537716173	-0.4029625160223505	-0.303451950905447	1.595081926050858	1.3474092203881964	-0.4424347738742726	0.0670437082526229	-0.05509473230294026	0.11170141285400663	-0.09069148557445253	0.6818822333067575	0.04899027842831664	0.7085442681028891	0.5620238175248855	-1.046414064462195	-0.6653984627579305	0.25919622744121845	-0.2909569393719498	-0.21867178447023813	0.2537551621022002	0.27057824197196656	0.7285251451905633	0.6959131521104958	0.13015014112668546	-1.2100217876907846	-0.5682594664472128	-0.06414857983039648	-0.34928610639607005	-1.2948167967133064	0.9112390081069448	-0.9630300888189657	-0.9306473469249733	-0.26076175313983885	-1.3165325769514868	-0.63158442466605	0.25765449200726676	1.241833236303844	-1.0213221469091214	0.6131440025513988	0.28446545360971787	-0.677321221358901	-0.2043626214128848	0.369809768600282	-0.549643442614799	0.2201871484767826	0.2981759468834071	-0.7108947864674672	-0.8010203484502114	-0.41889997971740195	0.09840740434614846	-0.6326336266691596	-1.184148642468481	0.5256191652300506	0.2725473196876022	-0.29673668204583464	0.01953902001733055	-0.47813708021079754	0.4356441323321233	0.8480470674541402	0.25429532730893595	-0.5714454276274151	0.3933298276830256	-0.9191411513152141	-0.2563981020300153	-0.3916469038436065	0.0735032619319394	0.30135757778303807	-0.6938965178925336	0.17562415120491698	-0.7001778261493228	-0.008650697483547833	-0.2225088067729235	0.3257257811079492	0.3651246972699105	-0.25748009588674287	0.11267960404354113	0.16784964246021802
DTXSID8045690	7.259101833781103	-3.801354527248605	0.4591323831289089	-0.5423056145759299	1.6795346670837992	1.4319671676035017	1.7610266945462656	1.11862648344262	1.9502608791088722	0.4387858519291203	3.819895835706514	-0.32162990810129244	-0.8801383181544985	-1.1860928140328624	0.3720058248233715	1.397796521299433	-1.6350697364228135	-2.507143841540684	0.6099852546000537	-1.3885197312237065	-3.1010206117618706	0.2004517370343223	2.8680841442196527	-2.4289451913328013	-0.8099402797179867	4.796407634021238	1.5390890616613473	-2.4802483793532497	-2.6682829502946306	3.873920600084101	2.9233378496694757	-1.1705394416058414	-1.2041211986240532	1.4988705130367659	3.3328851762136344	2.13745510471913	-0.08347639845091713	4.039655009212073	-0.7770816581161039	1.9094636868704398	-1.3475482038588804	-0.4637763658689793	-0.40180008851034366	-2.5186526171774397	-5.0122651141046655	0.08294423048161836	0.8578490621286212	2.5040273873800034	0.8492233049556018	3.8440652978732883	-0.006866942438384174	0.08323738193621998	1.6251358274676138	2.8572040589490513	0.9509380233743635	0.15155479738573707	1.0466492671254053	-0.8513851263487644	-0.9154240829816808	2.9398584641570373	0.2970417990127865	1.0741171314251114	1.0326905211090105	-2.1030079502881915	-0.11997226802091666	-2.416264167623927	0.3379454115160477	0.2503925820534668	0.5961596447995062	1.547655618036917	0.7528796853122145	-0.5752627774098708	-0.6246740727598075	-0.028173652866671606	0.051223815096542204	2.201869977227694	-0.18333915388596836	-1.9190525457289045	1.1126074317258423	1.6481658104762842	0.4107447854427383	-0.27068372203978586	-0.7061401148949422	0.6782196537256938	-0.32340533605629684	-1.0026905716399432	0.30652781401179524	1.5518549315337984	-0.9315874268578382	0.7379983159600559	-0.4286311877352247	-0.7682879661480518	-0.2158852454741207	0.2837729002332527	1.1177294831831426	-0.20094647912171515	-1.5293726066777036	0.4715005098141351	-0.4419905106435356	1.1421792613965023
DTXSID6023442	-3.365980292375052	-1.4591981610026528	-3.1328164724316183	3.7066824128537275	-3.692131127372827	5.83204852004035	0.10644861669636431	-1.7134525579735895	-2.7084242039460644	-2.9824162723828582	-0.8951694015710656	-0.3714481706530832	1.2983044694802903	-0.4596524128522381	-0.06416151089733602	0.9398920847777565	-0.1501762496030897	0.2722397755624924	-1.002702487212819	-1.767165784391218	-0.02061336799052486	0.77403169260003	-0.19039238046107057	-0.09943472373665622	-1.350433467483077	-4.058923643585128	0.05272643423803882	-1.1062027116586484	-0.7319242834544297	1.1840676105665748	-0.5584785261001439	-1.3441380308028605	2.1232052050193175	-0.42509234639460575	0.6299858815544406	-1.6920505828523376	0.29035306956528156	1.0430794461725967	-0.7060282188904806	-1.315041803248283	0.2993341057283281	-0.2663646330587961	-0.7277060469716636	1.0013486768463657	-2.3543180243462487	-1.7686845277283014	1.0435413823777844	0.7501458786973637	-0.14958089351665627	0.7901423062256421	2.009232501463063	1.6700189024461511	-2.1352542248911783	-2.2939135863688005	1.2312660360365137	1.2390994422449426	1.1615879399321072	-1.281547743882898	-0.6728166870270901	-1.3111522465490222	1.8076774720540674	-2.065350955725333	0.0597448900942263	0.6623781107772408	-1.461585252134517	0.1859083134263409	1.1775283304489805	0.5260811058616647	-0.574902779414407	-1.4342828351806283	0.26814373355993537	0.70580438578705	-0.49240347574070814	1.0624884861050963	-0.2409859462543032	1.0962525402700332	-0.060224547959356584	-1.3264159341213697	-0.9768161010581777	-0.2673421887438119	1.2324636280709051	-0.6871102208917789	0.505511563783528	0.01882398438583083	0.09469769670388227	0.3741286614410064	0.7194688380586574	0.605775254372168	1.032698030959732	-0.7340571656661669	-0.1810441266323505	-0.6113571016521879	-0.2814976154100505	-0.22444586475507886	0.13740525792041505	-0.5308909753534397	0.016323045822827637	0.09686233366234556	0.4813882579388692	0.5713005994393632
DTXSID8047559	-3.740922063061638	3.4303042083470587	-3.173419926141274	-0.46934262768307683	3.1201784851867855	0.8304265202769133	0.964973848204833	-2.1648693356524604	1.0958506566982436	-0.4979598243838725	0.6116329869793545	1.1498885173474094	-0.17673652558019176	0.6177075153469341	0.10539460612065014	0.1916890584050633	0.45511699274951173	1.1412654318537008	0.15483400238617565	0.44837152153504994	-0.40783800664171466	0.5638051930949106	-0.4316229671598022	-0.531233673086768	1.019647880180773	0.0034588242261451648	-0.03184551791585646	0.5851225136172048	-0.5694519902926826	-0.4966458459072904	0.02233958461012201	-0.42307846139586663	0.6604686852307818	0.33273659466978794	0.02799743668851355	-0.09876761860375582	0.3909951177137868	0.5287903711285588	-0.14688817211445826	-0.1262416365754649	0.10366460731868622	-0.4270289786994687	-0.353656774232436	-0.3705486193246822	0.19705078233264697	-0.5857770650326622	-0.02417682103801742	0.008462955081628885	0.28506415219827363	-0.17583770626731507	-0.3028964647054283	-0.29491632575247007	-0.15734516672474314	-0.3141588289557836	-0.318319090221222	0.23093596744485267	-0.5249180756035613	-0.39155703661786867	-0.27658495073980865	0.04488758329508283	0.15493660944029142	0.03283070455366946	0.0666341277205208	-0.5038588927925972	-0.08928130043681677	-0.2953037475174951	-0.4972803274698989	-0.11550952625024219	-0.2385166960732451	0.29051640566590625	-0.44889381004529116	0.04784150932413985	-0.02517508295143925	0.18038590881418654	-0.28865428249581804	0.21674118229045358	-0.2652459258086416	0.3463599549961308	-0.15672562853918173	-0.07931396147936412	0.38150629227727006	-0.3260221301079644	0.2677246822360439	0.13058272635899956	0.18238336626511226	0.44418303512550644	0.05692900930235463	0.18399487560493938	-0.20781176158094414	-0.014078301410763407	0.33216157809613195	0.4488064382035264	-0.48686943499372415	-0.08348607567408015	-0.20778146324647934	-0.2522445766975549	0.056415542825989796	-0.3179344073404271	0.08960004769950686	-0.19718496821138948
DTXSID8023426	-4.927299155487298	1.6715823510926757	0.4817490446806578	3.208588883755375	-1.063548169807558	-0.7769334185558353	0.7110158028774481	-1.614223271032787	-0.08111458084384288	-0.1197752043057364	0.8641174808771293	-0.20345172662342997	1.3971354506055071	0.23145263535373753	-0.7390915254959312	0.22705179820398738	0.41095813750200194	0.8613343106548421	-0.6432545210593015	-0.7066408207357621	-0.6229851108064485	-0.21106818663396373	-0.6798578037346541	-0.03987890503075737	0.4666418521186569	0.33459989860504236	1.0634748829621887	0.9316123159064976	0.10082317629705538	0.3948370420982845	0.08541448729446398	0.15056329385476017	0.3274004777659607	0.5351195366356706	-0.045479464627926285	0.012395197008748427	0.00821169370573326	0.09935742674529478	-0.2441531138647906	1.5012352836234384	0.17341698672056574	0.5176372237839605	-0.20330939860060007	-0.13616924669871777	-0.027824985934968016	-0.2914984222055017	0.4620141890992505	-0.27978328186278467	-1.4074259129449371	-1.470493620224077	-0.32122930628455076	0.5789808614042099	0.70893538285673	-0.11280819682577052	-0.6479987343934955	0.17872899687784866	0.4679694388400755	-0.28868216512981726	-0.6278571841363215	0.2277683210318315	-0.09198446573033336	1.5315601179058798	1.048530763932936	0.08529874225187405	0.09076319391764487	-0.19607764351337756	-0.2891313244183936	0.08040187127942261	-0.026827646380225362	-0.19027365363959112	-0.4291219530879023	0.2713537856052933	0.46512549000328635	-0.15860496354069983	0.5456273698664906	0.1531050256075067	0.0029685945576761255	-0.04781074251857779	0.4796235710949201	-0.26222343188423447	0.2902555840925142	-0.18626690576486052	0.08581291267449292	-0.220694462335552	-0.005845340940083595	-0.3688644684000062	-0.01990099783495901	-0.053022783438733845	0.7080528561426749	-0.13790856281436972	0.3628205155361982	0.14044060572151015	0.28426902862739356	0.11007965698030148	-0.1573146000611864	0.10593141921899264	0.033956348914124725	-0.11815494559493141	0.167190817541997	-0.0173034591333354
DTXSID0042454	3.5560215706142975	3.6442206667047516	-3.461899955255558	0.26287246637019807	7.977372113465252	-0.43313275077765173	0.4385242146763922	-1.7768190639045014	0.7627840928501304	-1.6036157042536259	-2.0174491297113084	2.636488793014018	-0.9058395900355618	-0.1680720893724833	-0.8279991773306188	3.147887340566365	3.1035790057434	2.2230293819154667	-0.814432006208002	-1.0805986647662718	-0.24132410727968012	2.2228770851154556	-0.46584100477305823	0.32004296581964914	1.452156489259442	-0.5988998107000518	-3.1851643929994635	0.1257677537073531	-1.1884898505067898	-0.066165440069088	0.2584075161582549	-1.994303767682854	1.2058268065206952	-1.002805671075158	0.5836583342220485	0.5282663820761416	-0.24244679983420261	-0.006551752084366705	0.0183538869668801	-0.395667390989875	0.6438318852975479	-1.3313137999562354	-1.1306351823074288	0.4109328258271035	-0.5303579014904859	-0.5394975443783503	-0.5415412826731114	0.38176883726258043	1.1093011645412278	-0.23754887041305559	-0.6773907936825412	0.046872736374360895	-0.35055319400080875	0.2889555686351464	-0.8962313774924483	-0.31070398185978393	-1.7586213755835778	0.43664650304980784	0.40521222583937855	0.9544531570854901	-0.16323441125990018	-0.2556955345581963	0.8554778251878201	-1.3159096502583898	1.2872762129613944	0.0005864885084996414	0.10932806748134623	-0.20686249783609703	0.7705962248475233	-0.07698455575183766	0.1337759640499706	-1.2768072962251646	0.6040244950686935	-0.13303994131020397	-1.6518032138082641	0.7337032084998077	0.23057057505809603	-0.4891530847626558	-0.670278392247373	-0.2328768247927013	-0.14560593802759905	-0.6638893715711702	-0.49266446382442575	0.062101697630952656	-0.2966022410193406	0.1719641664721666	-0.7294893262063692	-0.09443818025894554	-0.02813590652491411	0.42072532056192696	0.7499181530936999	0.561065569563856	0.6470509494735235	0.35212990155951485	0.2903660857651844	0.1253569893649729	-0.04219079586065255	0.3929791492100142	0.1791746045374364	-0.061117462936956815
DTXSID2057657	-0.11064841319048553	1.1143539387366221	-0.864014414726314	-0.9274551677455674	-1.4957834876824336	3.8101136561551954	3.3011585418053913	1.2331332053120028	-1.3871528263083968	-0.7313919143217112	0.7792860954386157	-1.6764281723207843	0.4144444892289832	-0.4902451956360511	-0.344337078120735	2.0812127478445572	-1.648497156519414	-0.9688928785940034	0.37949196924261114	-0.9105269221191062	-2.2120941709842814	0.25299110910753503	0.11234592928780382	0.8663904019868556	-0.9844519702537572	0.7396297645762965	-0.010391840320859956	1.5352787256962073	-1.9402475398476484	-0.28597199574813575	-0.5427969388521902	0.852663228452327	-0.6234876470998076	0.021751834022714068	-1.325854581202885	0.28833631617448474	1.0094565042572168	1.4195990192311447	-0.6091079299282979	-0.42486090102468305	0.5435025261672505	1.07507612995136	-0.6026691939558939	-0.3040702750668163	0.5383498949890424	0.9379700635006252	0.4836349006555284	-0.3070355941818095	0.5430678423243693	0.5675639694708463	-1.5261562221507683	-0.8152060833802561	-0.5307372530600442	0.6595099713931075	-0.21310453204832772	-0.36618870185204266	-1.9174613157630194	-1.2143544138383169	-0.7232291470100789	0.5230345811289169	1.2367156797194667	0.13925755418940308	1.0295999566787086	2.1021828453063214	1.6781807069932115	-0.9658753079895853	-0.2840068532750701	-0.7213802148896756	-1.2441620032254845	-0.6786474584287492	0.936101354952264	-0.26690838248152804	-1.052863050072897	0.39841645344440446	0.585137747615932	0.07275004139907515	-0.9029847423868382	-0.02562011708032842	0.9990407698269488	1.284378371604829	0.19418242411235728	0.008718945891157688	0.41672505251777436	-0.8482332960459747	-0.42856859184582136	0.22251932792704254	-0.6842839699045478	-0.40039883706959434	-0.548532226136803	0.26965309130603865	0.16653496669670753	0.9404147629340437	-0.09533265933511455	0.3971164502368897	-0.30627002048612945	-0.47046730086372	0.1262901706409216	0.23982474709059076	-0.5029276809544081	-0.4952080415004679
DTXSID5020366	13.307273127290312	10.221592388948126	0.3366630974475268	0.3961702123374724	-3.705876147772739	0.46344519661477696	-4.105936829690795	-1.1008410697088202	0.41507615819123395	1.728296781231233	1.8697901423857526	-1.4250914896242224	1.852247208567569	2.2575486055985587	-0.24236962702440593	-0.22210397431764056	0.2834439380159432	1.4590777661393861	-1.673231425463317	1.6190980768588514	0.42057499039574947	-1.583640674737747	-1.1215913161402071	-1.6248506310497262	1.5598312642990246	-0.15964680509652815	2.3279489828083957	2.132956113378651	0.14105139460321955	-0.07618141662107782	-0.8311913103240214	1.6390418849226918	-0.5409367241092973	1.126071543538417	-0.41857658367905076	-0.3490372064635879	-0.052344071876103265	-0.15269413617233416	0.42983141618277176	2.677383800394728	-0.05737245605051792	0.9496993022545291	-0.10244631021271024	-0.49044323948402946	0.012652851294945583	-1.0949123049353402	-0.19107692589864264	-0.08275895120058877	-1.5149790213251701	0.10434805962739886	0.34312373052701733	0.9937718256931959	-0.009465517741583879	0.24354459087149744	1.095545277774287	-0.22810361569020507	1.0302300325666855	-0.95730202173651	1.1497099766292138	0.5625427943427862	0.6308146423403108	0.03441763466988687	-1.1269332728933277	-0.024226257501340283	-0.7971050610539651	-0.7635382873440324	0.30829899085147067	0.3014247768586631	-0.9267136723518828	-0.713293062094555	-0.6868603429232522	0.44269774528190087	-0.26269646226738214	-0.011430890555954297	-1.183310228865569	0.45172925882117526	-0.10779657338498637	0.1492568792847291	0.09866309966294703	-0.4667402410122743	-0.43437515155830403	0.8137502105761607	-0.9532719101630827	0.6041583574310324	-0.437792382178593	0.9685478819237457	-0.07784847335122903	0.4423920147385287	-0.3021291911921193	-0.038517071061621035	-0.10317653603772105	-0.030660659264543616	-0.1600982459625443	-0.03299956585927107	-0.15369497860649742	-0.26207430868739096	0.029232641960767344	-0.31212185662130243	0.25839489768623425	0.09645289332907192
DTXSID6031380	-2.632186695903251	-0.35611088309721217	-6.033953836206078	4.8187688687627075	-3.9865879508592537	6.629715218068604	3.5331369528616134	0.9470525517306344	-7.4716664042291985	-2.8501894812294823	-0.8575115358948373	-2.046176821849698	0.447834681936244	-3.893586524925043	0.5346008522704164	2.7303013195370665	-0.8808479519046798	-1.002624091714403	1.9490662336855276	1.7617471784820193	-1.5705488129838392	1.0279667887558799	1.3991988327789164	-1.0754174126859815	-1.2784954907581647	-0.31260797434910725	-0.8045687287508502	-0.9870185836212099	1.0435329105025692	-0.82053560316955	-0.35753708990872723	0.19729111374612157	-0.7191998653781236	0.9025647675456852	0.2884210696420893	0.26812565434113517	-1.095495740872851	-1.4935324028502057	0.9688594057995767	-1.3809972429857449	0.8657680058541978	0.03149608042410061	0.7379065717876367	-1.9540743955035311	-0.49536167662625874	-2.0555462890726433	-1.687010157394632	1.6509088233138478	-1.7998778933306843	1.1486260995136186	0.950441548963254	2.3927262370077034	-3.857238766953069	-2.0342787215402978	-0.7232154425075985	-0.38449292280938535	0.015029341556327642	-2.1593467644227182	-1.5191057187113026	-1.198227648309752	-1.8967617303151816	-0.204333583702124	0.9031924617734259	-1.8008680840455327	-1.108367224562412	-1.6685922043282784	2.0498371621249194	-0.03141873722311371	0.4777780216989906	-0.04238203105405993	3.035641739273088	2.6541947015640033	-2.9311239385919587	-4.211216879011873	-2.5842162142309397	1.1281222066814691	-0.7937041594268186	0.16481465832840816	-0.7842631178952459	0.21502519629631248	-0.6125285101682446	0.7463424830549887	-1.0671811158105822	-0.17109290076703146	1.9252938809157438	-0.8212749191130843	-0.02468272319937318	1.5588915269688974	0.39255314846916856	-0.5337792721270781	2.138956995918621	0.032544466111132035	0.9447717501234968	1.0666251395222002	0.026610759163537622	1.602677868636903	0.3323589061881205	0.16356591454638142	0.6900491139566075	-0.4893723025998754
DTXSID0046432	10.504251304888655	-0.879559002127059	-0.834423866793537	2.4930705891645606	-1.8244604280545862	-0.22162836775957007	10.671464437629337	3.389642997830243	-2.998535774050256	2.586737442029772	-5.197950956075674	0.9697669477891742	2.285303338967081	3.1698102602425986	-0.09318541160802517	-0.7680661578603367	-3.423447138990432	-3.126068794306299	6.90658898913213	2.649068410129782	1.2762838659999616	-0.7094249151305295	-0.47563435650778524	0.0075300445182318555	0.8973034289384774	0.22041192060958265	1.1101026132244183	3.600103784132588	-0.1388530674659795	-1.2307773638301611	-0.4759975999243347	2.6267741791587897	-3.0336326242586518	3.8766212690714874	0.9723888204253479	0.7495552658620673	7.478962535285133	-0.631039687297379	-3.75105612012529	0.6825099978903768	-0.782754729964181	-2.3875250770490872	-2.4427943773439385	5.8419188752825235	-0.39921244273295603	2.5635751799661146	-3.144553875110783	2.7251571670240846	1.502606957152757	-2.820449726462041	2.642751949509651	-1.5106510174337064	-3.6138659098124077	2.356291875519001	0.9271907690731882	0.8071021046190608	3.5401111995664607	0.9805326705275759	-1.5630081824542352	-1.6188838112988486	-1.7230193498919675	-0.1067565510885186	-0.06779745646621299	-4.023167030078141	0.4860732739599356	0.23904970353442898	-2.361285291443765	-2.62350691922001	-1.087249413131094	1.4211882043134825	-0.584888880210494	3.0419700787334025	-0.18921673670931385	0.5782005015685997	-0.9495352681910768	-0.195660250220799	-2.702341388480184	0.008141305615606408	2.1398649574413167	1.0790547509548782	1.3355725811051342	0.5302941550000966	3.082516995062484	-1.454531768601703	-2.696375849857721	2.7566720840521994	-1.4482713984566675	-0.20306378643685605	-0.9582411043990643	-1.4219283225365924	0.5590129924367017	-0.7226272920702769	1.0617174176471844	-0.2441996671529629	1.392889632633899	3.735085064998947	0.7368523437135799	-0.026404634000799447	-1.1685885637596123	1.8516769771249788
DTXSID4026715	-7.180776505962509	1.9250378392704421	-4.625782466643197	1.3617006129429179	-0.708168618047455	-0.461565348226696	0.2538241745463868	-1.7796337108733127	0.6394657018391717	0.5388937368973453	1.4700974285199022	0.7412260536587361	1.314439456628973	1.695318696312813	0.4565045939718107	-1.0731895923656527	0.005805445929366384	-0.3287233605761964	0.5104442381644385	0.4508690436836804	-0.8062357035962895	0.5805983524575067	-0.4740667460716857	0.10524517998576025	0.9638016335790335	0.1192783184055394	-0.06755795941289061	-0.828207698647764	-0.3824341602465648	-0.810944293912969	0.9928411041976529	0.43324042807789137	0.14080544885393667	0.3108660298841613	-0.7100540106579599	-0.569471267953708	1.2681972936218546	0.30446437369227136	0.25750228661428565	-0.42629643421936514	-0.24320552032295348	-0.27574880353320336	0.008070890198439285	-0.1668538643254867	0.3141151405430963	-0.46782488201476097	0.10520780150222099	-0.03833902256134847	-0.15114792382804462	0.06317917372013351	-0.20129486184357395	-0.340245586429929	-0.21299329007246126	-0.35943938561334243	-0.7366385457689748	0.533076912235719	-1.0910758396667264	-0.5335461047642142	0.13931633850786015	0.43855920321540365	0.08783260539681505	0.37427913396514745	0.22062006689665595	-0.5339947163042992	-0.3429009314797855	-0.7829198117295335	-0.5728093192571996	0.14325842305632389	0.1993741323614103	0.39997307213902644	-0.2755397719800015	-0.06873153181559062	0.24269227207092137	-0.08672316814223484	-0.2758672212574725	0.4175427924215963	-0.24319023848008858	0.4881542989870656	-0.7752185356057484	-0.44642330062225344	0.32108118075367215	-0.5534524600745578	0.32321202563320833	0.23061574461894316	-0.7005908999681577	-0.003707374042744687	-0.34509983425075796	0.07711057824278832	-0.39463423931939273	0.22863495537346934	0.32625531803858254	0.5732261393087298	-0.5125305071790259	0.13631190423263004	-0.26412541245154564	-0.1161802535377017	-0.24280797343302862	-0.0983066085281519	-0.08417461452334389	-0.0021366760877087514
DTXSID5021679	-7.032544975146988	1.7881331803834353	-4.400186779184343	0.43573677090018426	-1.382133162672433	-1.2148219981195627	-2.1512351116214545	-2.2005224315729315	-2.0437783105364264	1.8177286424653136	-1.3360846685318404	1.0485682758677188	1.5987558568805906	1.6234383239114039	-1.119898462672458	-0.4535030793417205	0.24953967803094193	0.6291701241829422	-1.0276535223711736	-0.1093107813062513	-0.611178225502818	-0.9461519350362825	-0.8960445440395747	-0.2934105431028746	-0.1958249865413641	0.6959790447433898	0.7463214201400181	-0.3659176556462403	-0.8800900351629121	-0.490400667876763	0.7576983363665953	0.3973962372618192	-0.23270426125967603	0.35980455493876906	-0.18484741241455915	0.5659570707185977	0.5478494022575211	0.26189208995661134	-0.15087736301786836	1.5980942295464915	-0.29016296559615584	1.3642760539630512	0.028817621039902815	-0.3652344910917301	-0.11221415928273994	-0.3847350338196359	0.15698506014130142	-0.38248378958581863	-0.7720045493187346	-1.8846431599167432	-0.32401858673270023	0.4276760166194992	0.17533694063765534	0.590874152448111	0.3118378933886179	-0.34631360688350105	0.6298987168594613	-0.5438038427883108	-1.0215489829380233	-0.31811960447147286	0.44854713185534084	1.2279456837775904	0.5941225259770442	0.035845017886687286	0.11862657582547932	-0.8362569007992474	-0.5708176840748598	1.6135862188395413	1.0782253328421305	-0.8023069839903026	0.24429070916313647	-0.8333248486439854	0.8655794049100426	-1.0076986824446894	0.11353817702810352	-0.6258497908461464	-1.1507948926624052	-0.4033664761374019	0.7151745273377381	-0.33632711891232925	-0.08810745499505088	-0.7154286510391306	0.0017795855571470889	0.33321863590465856	-0.30735831579647993	-0.33098483555280617	-0.7840073132184389	0.12689890795314007	0.7692161743904851	-0.6370239591031309	0.11872791731942965	0.5880695681486172	-0.8069461730360727	-0.5149051494051106	-0.02518700456313743	0.554796983055316	1.0638250178996596	0.22083147505944628	0.3307076827363861	-0.2930089392993102
DTXSID8041400	-3.7918683236951027	4.16888880827959	-2.040359530270848	1.7979926115909748	2.117438643644526	-0.9537424396710233	0.38282081330177603	0.46832384244714936	-0.4906560446816869	-0.5437683487937915	-1.329168841065809	1.8855622870655953	0.39143592313768716	0.034202725549011895	-1.197611721987168	0.8198072990579921	0.9688571383293312	0.46940317678848564	-0.6334166444081474	-1.670707300549379	-0.8765268948633101	1.2813275310173091	0.35168283754873086	1.0062517404692217	-0.5827756009958177	0.8755009075688298	-1.2183061238888562	-0.726056586935201	-0.46631699280042727	-0.39253386935243195	0.7492846188034252	-0.14844802730695447	0.04214052706171682	-0.1519734696800027	1.0373996935013678	0.03725215737656218	-0.15902321550008455	0.8942142024970203	-0.559051347364512	-1.2906289282276493	0.7536889943720197	-0.9083827187592394	-0.40653233381082154	-0.28543184163282914	0.8034307621678786	0.46452722510256944	-0.9856456091724561	0.8041922306294417	1.0906505473065946	0.03919545981812891	-0.7006998500926949	-1.4236872909697929	-0.7051158954294969	-0.7072227719651241	-0.6749727577725407	-1.1537427972540322	-0.7890347750748054	-0.4272593884206611	0.41053141274314436	0.540977276503446	-0.47295087629629584	-0.8124822501093494	0.03720072582869486	-0.6187677499044568	0.9004840754075806	0.8459204924901839	0.7332342362324333	-0.35587079682383477	1.4456735021283187	0.1568743725500011	-0.3723598189441245	-1.5408574184465738	0.5397987198821124	0.2569473622496513	-0.5385324519701957	0.9817597652407998	0.9933806627614689	-1.822679205131914	-0.4781826095738528	-0.1897432236166554	-0.5553828041375567	-0.53217715351984	0.6303678671579567	-0.05148289072315286	-0.08928803712993101	-0.6398103629879562	-0.607060185638752	0.16876353200494232	-0.039159523888420436	0.2337088304417022	0.8180428848567858	1.369535578966227	1.2146377329016118	-0.09442595896450967	-0.43197327232953125	0.8101714698183903	-0.42872314267548467	-0.09822808254237245	-0.08030704329706696	0.3341153709371325
DTXSID1021952	1.378221317257257	-5.431513300528792	5.713626233641123	-1.7975591056601758	1.8498133052577206	-0.542685377915932	-3.6754056258268473	-2.8814722775564303	2.301286235036749	1.5556712188515913	2.750711682036657	-0.5474512137267903	1.6448268936572794	-5.124487619870015	-2.1669249466852927	4.6980684848320475	-3.713917309714941	0.7608891889179484	4.991867286967497	-3.1576710892101114	2.260682791095613	-2.3350623818842946	1.2801434601896016	-0.48624836776603075	-1.9399333470781885	-0.4671600158265499	-1.76400248102717	-0.31110818203437846	-0.9591679329872298	0.05314487868177034	-0.1272911058063995	-0.7342697821109438	-1.3090596098234406	1.1706224811493924	-0.47067705116600267	-0.9434476836153732	2.096935399236766	0.7136109790668899	-0.5450164135535331	-0.3790416345141827	0.4907244936811396	2.38800165991969	-0.14391338699850562	-0.8669889313945394	-0.8450404208007408	0.5743347323352542	-0.005545197964464584	1.4823963836618506	-1.0364520878748753	0.33494893342606435	-1.2744809290024457	0.9492558125163706	0.20154606669256747	-1.8280324149606224	0.629676606777667	0.7554593940803187	0.25175263165858425	0.8542698677463062	0.19789575693607211	1.3224292175213392	-0.35304648478996564	0.028795795921456	0.22276133820940083	0.620041894322244	-1.0405446468258175	-0.771636139855226	-0.7766831813998682	1.2078547252700427	1.1229625511863552	0.3806069889972794	0.2977964522121523	0.2538940391617587	-0.07682767557111064	0.4527007842637868	-0.9775112211315491	-0.24730835667366394	-0.07221638485235504	-0.45846476954782456	0.7904008133372135	0.2585311570540732	-0.31527444900542106	0.19774430621044917	0.7092875743896262	-0.40636108155576484	-0.3484179749071126	-0.15902941169484067	0.05939310606781431	-0.3861471603930043	-0.19453901454008724	0.6049101442429797	0.554543799661484	-0.006969254726744421	0.5127979125673696	-0.18719665288142273	-0.3082265025743737	-0.7017021317058308	-0.034013705942133245	0.15938899153760938	0.3015036260131922	0.32616840782244344
DTXSID8045438	2.2448284131976584	-2.1761377440764575	3.6912405880561727	3.6686956820325216	2.044649530083697	-2.3841665152334803	-0.18170007509891997	0.6355741964769827	-2.1562746568173288	-0.6784560198124493	0.5998304775145141	-0.410105934095857	-1.374078531125069	-1.2922899171447904	0.16251144535945905	0.9780983211550182	0.7953615085398951	0.3399711542498427	-1.3367965166583675	-1.4538062594190206	-0.7437601729163578	0.5778795881312759	-1.2039990172291943	2.368872262689575	-0.1172464830874596	0.8049186988789856	-1.3150226582721636	-0.5405733247545311	0.23359108854945007	0.18385955705138032	0.394836116695833	0.4274962624163969	0.11345005584781237	-0.034443730872949656	0.6324420150624931	-0.7875775040476513	0.7112888156084152	-0.08914444757808573	0.19876677070152346	-0.713070050550461	-0.005862080953461854	-0.49931219338352206	-0.05353002927160872	-0.13412453738922092	0.2024384125429046	0.2633317266160314	0.41805117524140567	0.15061143109806419	-0.23037903593473757	1.2197799343677793	-0.17182645382075645	-0.9404983397992127	-0.3240343791673884	-0.5582431249193301	-1.332439096498151	0.13391214831518777	-1.1871364225843521	0.3373421328997155	0.7764881364056079	0.1281390676790561	-0.27026746848456	0.3929720684349889	-0.18079824270749126	0.19716652916959324	0.00630267855715675	-0.46447316947065337	0.36908932372076514	-0.6210494595236835	1.549640546907093	-0.3887740140392786	-0.08930884416678736	-0.20771258589314284	0.1279085108553779	-0.04219263255812057	0.022921924182449573	0.6635143100380201	1.545282410663631	-1.0639717877664412	-0.8553785748418415	0.4144601190047821	0.41191223307779995	0.13172607661254468	-0.13996201626888743	-0.6911164841890002	-0.2187359253160382	-0.8885134801235328	-0.261719603468099	0.361894492610602	-0.07954320234187344	-0.11714954063876204	0.7294671860732304	0.08054256231664231	0.30213389806508517	0.04206428164548329	-0.2102096285280743	-0.31492790375913016	0.028108405891042243	0.03592925679400638	0.13010119301006817	0.5717796183653575
DTXSID2021781	1.4016668489190915	-0.17209026853781095	-1.6342796208320856	-0.7329896111784568	2.8969505110850475	2.0228833792873084	0.2867002884019388	-3.617184219211644	1.488410030707226	-0.5291509136292882	2.3487481025901586	1.87436225229621	0.23350959639426538	1.4105069964975276	-1.22791617091458	0.17922460304624008	0.6488271254528962	1.650302203667536	-1.0282920118902787	1.4046524915598115	-0.46099230629423954	0.9660780295345339	0.6859585717713026	-0.25624092941460036	1.3647182527480692	0.20276068555289728	-0.7838193078382653	0.6539262991171003	0.19219646925998904	-1.44885564446108	-0.5452069403901117	0.3675213968056671	0.5770620865583245	1.4859564996671135	0.6545434336754098	-0.8790073266815295	0.7911142114659483	0.4019920559088122	-0.012699391797165687	-1.214056872462402	0.32109683222178514	-0.7621279776087878	-0.16599575327929525	-1.1261090329166965	0.9008080561274888	-0.31731676718480806	0.0421857480311173	0.1057931963761594	0.0902598930640913	1.0822869843929321	-0.2671077987314512	0.1578375530521591	-0.5744784948976327	-0.9791937385018515	-0.36074205425719635	0.6060101329905485	-0.13216746879811858	0.5290348097235043	-0.3890646237446153	0.09344197949718794	0.5233059390991599	-0.2905156012835525	-0.44987534935173246	-0.19897686054299568	-0.9189659434810147	-0.3901417337157302	-0.5233598663441542	-0.598621539758174	0.06299793796616766	-0.10818510227634402	-0.6971559884373321	0.1940933459512623	0.25383349083721035	-0.1240078014023361	-0.025034681377355823	-0.703591111152741	-0.2787102101948942	-0.8227574873906496	0.7692187569559449	0.3927632841370229	-0.29685176701109667	0.34938615266266276	0.42653661771554224	0.13379713017700282	-0.02319083554636357	-0.10282325047738	0.21447508430779041	-0.015954170545923227	0.16953840430083494	0.10492436159844523	0.18263733908463572	-0.05114984445350159	-0.08544663435391335	-0.31740531928187943	0.0209467124738331	-0.06664116040177777	-0.08240760714364297	0.11354579867953005	-0.19756448212832325	0.0023930615194227584
DTXSID6021377	-7.34627702103656	0.013683795288694733	-4.173700676665278	-1.2197024015954068	-0.796391162721222	-0.8584708228633209	-3.88391380818333	-2.4870950869121415	-2.8133933643092353	0.5190252406292902	-2.9671428041904804	3.9879523542275557	-1.0093175077507452	-0.8342487348158213	1.2150846636721258	-1.3646610535307293	-0.47081676323717647	-2.1767490670135192	-0.027361100665825148	1.7764302292363308	-0.7478307508662708	-1.6182706551574486	-1.2505704140597578	0.15179010782494115	-1.2187358591886346	1.8715782067631654	0.7615633102949543	-0.38235013271128554	-1.3599730002823303	-1.2196242627476719	0.9699317960894007	0.5264367284157357	-0.8664502576133601	1.0095140174322805	0.3392852439883177	0.43282357880936373	1.3341061012308122	0.18975110682926719	0.07763134939940602	0.6912132349216488	-0.8597776742150971	1.5150936736116378	0.282765227132762	-0.6227968659190501	0.48686734468654363	0.12177419360822289	-0.18135206197449982	0.17944658221429952	-0.16063381430219484	-0.4420970798104794	-0.932064016460264	-0.7896790431643554	0.36419308014259905	-0.4322578680248923	1.1531380248992074	0.49257498494183966	-0.25011286028774443	0.6515432281642893	-0.7799739868911311	-0.23942206107130012	-0.24638489339620362	-0.12649449281620587	0.09295836061020611	0.22124492129135098	1.3100598131533794	0.17377110931513806	-0.9403710077385851	1.2228873005650327	0.6852704473052801	-0.4458141406126688	-0.7848857776402545	-1.1226729526092711	0.9530584290934503	-1.3099476176983975	-1.9417233910650014	-0.08928163174899618	-1.4581370817908	-0.637664764877939	0.14967402617470882	-0.6010387650743343	0.03444303155128939	-0.2723835355503131	0.07237703296184698	0.0542212273724298	0.150808771271777	-0.6896742864013842	-1.2428115255690102	0.07041442312587538	-0.39143290023765925	-0.7391777378476234	0.5817942783530349	0.46000739944940733	-1.533492649608266	-0.35199403023381454	-0.24632732769570476	0.6866898083740767	-0.19935872248215133	-0.28256417461731576	0.23543066516412464	-0.23307786365142916
DTXSID1024097	-6.301598142934337	3.3051444216287265	-3.395333228303522	1.4921830360648074	1.6240767270234082	-0.5499188997146784	1.081098702081643	0.06541856373007447	0.4194909655565082	-0.31077282725258837	0.17923152666484196	1.417119920170705	0.7897815340010632	0.38637486427863554	-0.18148323998032023	-0.018924789602085254	0.6510585495214075	-0.44448690594131934	0.5069011391493796	-0.9645142924893609	-0.775220824244777	1.4932879346148535	0.3749686359934428	0.5728362393104455	0.08272769047706602	0.6886604167078222	-0.3873664263603009	-0.4738271615437957	-0.7850615547565455	0.3668418670963737	0.9359130371155076	-0.19532937554895938	0.35191755696525656	0.3651354638275448	0.20435679579432936	-0.12245290075073666	0.20117977329754924	1.0142298985095566	-0.30607477708796205	-0.7825720181974167	0.5000179692565788	-0.7235284098044512	-0.3497675508632091	-0.28898981386988826	0.791976073684866	0.1356157717253734	-0.9564895911305777	0.48617856870284504	0.717119959011625	-0.46932974072305	-0.5985601178957374	-1.3052369513987627	-0.2899990951829745	-0.6736947716853975	-0.8089217190894309	-0.3545841883863755	-0.3212024181414168	-0.5300643349171845	0.6978530003889668	0.38233885268029505	0.012772151207278837	-0.12514229313183903	0.2760656793619104	-0.565112828679283	0.6340705560682535	0.14719459341060057	0.5663968371036656	-0.06653024497397793	0.7580936113190305	0.21754463465776852	-0.26582241633515774	-1.0071365279545368	0.21451732685515354	0.10253185843774681	0.2245500551989875	0.6271664945633181	0.3710248833018468	-0.602009230315839	-0.22620481980949586	-0.23980773609448744	-0.3122250394374655	-0.5181848697330922	0.4153741507778603	0.017548702877285292	-0.14303997778330108	-0.41623376716877875	-0.3118704282200427	0.32317389438967586	-0.2770659718610004	0.06597606882030714	0.18451907944893547	0.9560219583378617	0.24016025749014813	0.06900042921775768	-0.21564655440877875	0.32786604028583	-0.6646096532619307	-0.36970151626522085	-0.06374721223993425	0.6841820493839972
DTXSID3044837	-4.5991050133961515	4.601759726332888	-2.8810518845603217	1.3662059908991628	-0.6686997736496935	0.2804447291533176	3.2916447999728953	1.7075370765424611	-1.779230511520147	-0.19617512674418286	-0.6532799906821399	-0.5613157179524295	0.42147229471588815	-0.12903775945374021	-0.32999512891642546	1.9269516949108723	-0.9151480936248529	-1.7559934476406325	1.3527030105083249	-0.4273418320434659	-2.9183233551657075	2.244847891513556	1.1148031937299792	1.397162530984901	-1.06210523441827	1.012031977585627	-1.2861582243383354	0.42384955130940255	-1.8811515194807595	-0.22373391795986589	0.29621154079628276	0.37936427664793376	0.48558472764283095	-0.5016014925888048	-1.033154112494763	0.645284447711839	0.6302701335065001	0.2651626792564951	0.36605686264955867	-0.8057125107669298	0.2030250368025692	-0.08888090074640617	-0.37920772575803147	-0.04847892389399949	0.5282498863976052	0.7651738349705116	-0.5553668787121491	0.21204166646613481	0.9237433110556335	-0.736143154514712	-1.514137771112855	-0.07352992112964321	-0.06878378238656643	-0.16973288808226106	-1.3876230305146058	-0.8587825028122436	-2.2091350118377564	-0.7098407468571653	-0.8667650654077522	1.2609631643716848	0.6569245426164643	0.6050236255654321	0.7028132836389117	2.5115646640672225	2.4242274973884017	-0.806643859585428	0.6344849593800863	-0.9298372067347757	-1.246721465623942	0.6440735226706602	0.4693141203083485	-0.9428433481574328	-0.288915729484016	-0.5668675064694026	-0.1809522592687454	0.2964811596137239	-0.798266242943117	-0.5300942213607789	0.7142559852149873	0.6393738627525685	0.8417637370316566	-0.3548619166989036	1.0156922067757836	-0.258357465137794	-0.5586330256426226	-0.39105896203971874	-0.5185418895546748	0.7956518407626879	-0.9346730475193389	0.5880418250812205	1.0398781220889077	0.8994385278779196	0.15523425207517613	0.3404576969945558	-0.6416169667788302	-0.2110238407000681	0.08681020604948886	-0.153779242142421	-0.5237151307577496	-0.2678226047902454
DTXSID7034836	-9.268361581490767	0.5450305480078504	-5.193716238811713	4.8860216711682245	2.6521626788432253	0.17211373163571572	-4.170549447945759	0.9694818299498501	-1.0510490526137868	0.9400697854719617	2.2385088227384426	0.5358054626239432	3.750389165645514	-2.8540338485715657	1.2449020829648911	2.2591253377828626	-1.1647537880096694	-2.536885637643202	2.3016623970410555	2.878232771812062	-1.9902051501545988	0.5447917615044373	-0.5553654287672986	-0.29288561307565525	1.7423155836027187	-1.7733838205546777	3.8424749158168536	0.06781209419281217	1.9694540894294987	-2.872976506958565	1.859271670437348	0.9388788603664221	-2.6477006436093347	-1.2498242534984585	1.7838025278404228	2.2668035879908555	-0.25119317507531885	-0.4686529702621461	-0.15047568620986343	-2.2358050227998394	1.2851541562376947	1.3460535912984581	0.2992678052558567	1.7253485180487653	1.2783099475940076	-0.9180383988849236	2.0986807261096394	0.08935338779283576	0.23520906454648605	0.7717790410135951	-0.6555378271699834	0.251063967812201	-0.6792914055806291	0.6737766076866214	0.38238866612016015	1.4921296863759594	1.1958991744544953	-1.6697461228948964	-3.39405694005941	-0.8243686961287936	0.8548142873480076	-0.24470477311091343	-1.7894683529350588	-0.9968682556690746	2.135774444884668	-1.1788107379338009	-0.5839622772419375	-1.0181019786647616	-1.5340415150065125	1.722681038990141	-0.1068412792178185	-0.337781775677073	-0.11396300469452268	-0.7526067815619499	-1.5446173198404618	-0.772542013957861	4.696654219735766	-4.047655450075737	-0.6499748438714336	1.7133300628977821	-2.0724157841150097	-2.3813933787209165	-0.56298532667786	-2.2445257367566036	1.1140127695234123	-0.2549307019034324	-2.489844148191845	-0.30500798406189894	-0.24542400483692972	-0.003561538180209234	0.691224570019412	-0.09418799056666738	0.41479601587875586	0.6155328554440594	0.4939900684623421	1.1791648344659367	1.2373790729553813	-0.20756660337868013	1.2995704162908985	0.4486262325400835
DTXSID7057731	-3.687472286106645	-2.448220994199876	-2.4818156746079802	3.4758012974950363	-3.305331408092813	1.464645922782826	-2.5614145821318424	0.23125211216409602	4.831476980042683	0.41873326225297064	-4.327438671246975	1.2921920770247122	-2.1077859699334316	-0.6387893251953137	2.1434325016647224	-0.446430785173881	-0.19133430156167602	-1.2257054282152484	-0.06910783730288368	1.9554883447057756	-1.0347780936683475	0.3241046304294212	-1.1248348224366438	0.5411811451554343	-0.5531091681906799	1.5883698380123044	0.5968944474449885	0.520031967538034	-0.9831390036864915	0.052392479280139015	-0.4633475176714497	-0.06791910280894496	-0.3788331877716677	0.8631830692459741	-0.10095452663923224	0.16087178563299834	1.2365275927975143	0.37866477791381276	0.06313481748055925	0.4302558275564509	-0.7261165690148415	0.5391579130269845	0.1737534928537884	-0.567332132358279	0.32036848410811963	0.5041285260380836	-0.23720505170959463	0.6450123328910167	0.3182370704465508	-0.2537129947785634	-1.1320577441962958	-0.5753626290663739	1.0777034788217343	-0.27064471975169685	0.013845320319403536	0.20400975300942845	-0.18394609047591337	0.4212615109954173	-0.02414254637959386	0.05988678362957538	0.1572080073576706	-0.056492428457508494	0.4349170376857035	-0.2555424661157742	-0.07233869892901484	0.31371423204522664	-0.8498300136654283	0.5408260608303346	0.09253888461693885	0.050967614836451985	-0.06233500229570063	-0.702492914235005	0.5349551691514656	-0.06457241456606543	-0.8956904202251211	0.3063014699150783	-0.050830593095523215	0.33614403529429493	-0.03057546519846942	0.092961326897545	0.13513157762762845	-0.3265596678576746	-0.28373808591264293	-0.046395429937670554	0.5658317816872361	-0.11598222649472997	-0.12274696553935144	-0.21228374071980569	-0.5838066228712803	-0.14423096108277897	0.4255429953488719	-0.3447362481650022	0.3619944485041067	-0.37988551208696586	0.4299660954278146	-0.30283256870397324	0.5523072423469867	-0.5520479411087998	0.18837304025421642	-0.8403738045689306
DTXSID6044985	-4.867635713384718	0.6032468825216664	-2.8382495021417418	0.09595848686682076	3.4587600187664402	0.12075603751487596	0.7202916004531641	-0.5408645866995244	1.3340087014176125	0.5298964392488965	1.7189562798586486	1.7557418064795	0.4348333996477352	0.2525044683181221	-0.14331996701102778	0.07725123140939225	0.5521587763389251	-0.94312948564272	-0.29033751690232545	0.5214613018687912	-0.720772104483237	0.6857947234605929	1.365751191861905	-0.8355315144839546	-0.3431272124159959	0.058745135415431034	0.3227154175757876	-0.6691987090677998	-0.30815155094324215	0.5665359310693875	1.8018658950880582	-0.050447186421686746	0.18861400747770637	1.332425477154211	-0.15154884513190486	-0.3063113561280559	0.31582523114346933	0.17868475580205642	-0.2133400761972115	-0.521907105085542	0.4994804585359236	0.4385463408085789	0.17453130996598873	-0.8015732863037545	0.8954498918353614	-0.33944106779474315	-1.2779933140259414	0.8032797090578087	0.23435316132074768	-1.1542823707478254	-0.6163976407336386	-0.5594175871088823	-0.6368143694517174	-1.635446735913319	-0.5944168247087396	0.21159260744098224	0.22971890989624416	0.447908643427266	-0.2754714511638183	0.32219279088964053	0.48182559933963776	-0.3274073250330811	0.4661054392699578	-1.0147363373999507	0.6508065536021479	-0.1492259627679494	1.3602328751570156	0.2006121903377698	-0.8126933849847696	0.8634496016633347	0.1405170656075426	0.8903241268947403	-0.32124249572495917	0.18347743554225313	0.7819835630892162	0.7253266477510701	-0.3145789621061468	0.7635501219473944	0.4873304934201044	-1.501301538264567	-1.521351816115139	-0.4060129674551608	-0.20684277466858422	-0.16156265509011364	-0.40068486779315243	-0.7108385080514615	0.2880127040953163	0.1571577390492304	-0.27775115301969017	-0.015323950865030186	-1.5306178783505573	-0.2514176864065977	-0.7527419974846504	-0.26062557063955943	-0.6380147118474695	-0.019745451986524592	-0.2737697756850692	-0.47939322754456953	0.7489779153334465	1.3037912135436154
DTXSID0047901	-6.849715765694056	1.2676670322912547	-5.549988487948679	3.2145773743046506	4.893095749739681	-0.03646445603955133	-0.7521055546395327	2.305009671528124	-0.18130537645212733	-1.1701929046664428	-0.14794717958238765	0.540684103895843	1.000214896697571	0.0958785206828953	3.1002086898724817	2.1887059055156115	-0.45471969273403523	0.43592278214642416	0.5591549306985649	0.8700792271311368	-0.6850833288882013	2.7335224050997895	-2.4852572734986054	1.2208144285983673	1.4161626237550482	-1.6552469232540121	-0.21820842508659513	-1.3809766944574031	0.26371722912345796	1.3835193429081025	2.903767070730132	-1.4147803526325948	0.45521987654343277	0.6671017273771014	-1.2873483648746378	0.7811764787059081	1.2423186813280283	1.9175268181079652	-1.3730163111792917	-1.2484095222983864	1.1066748013933643	0.8161410982811755	-1.2605393866759393	0.7599958579463085	-0.34217801165570144	-0.07014943351307576	0.39943867920684584	0.9480887459447499	-1.1692886084655731	1.7566901112702866	-0.9648058406781965	-0.5647623000844818	1.8437163989553629	0.003627858755599119	-1.6163439575544452	-2.4653081936151877	1.7407756862516557	-0.5314257177189752	1.6335256914107257	-0.6430407561965942	2.121589761619839	1.1687268391034973	-0.46516294893753424	0.17717933994495538	-0.6076963061848134	-0.32678888814380846	0.43089468696713346	1.0396972381044487	1.1668857878994179	0.5245947176076788	-0.04812369376718078	-0.1649360363784499	0.959544595617498	0.25250090221948734	1.0095118833561803	0.6171236128865139	-1.807700568392322	2.653044073897183	-0.22543797532201568	-0.36727697250289665	0.07589194134147952	0.7043763923743068	0.5800994163361247	2.438539656051461	-0.9188980627814403	0.8137639420860535	1.3934310174340234	0.8078698467990121	-0.9941234142610441	-0.4793870741679715	-0.12407172706965607	0.06697209990305396	-0.5279101768391594	0.4015984913285142	0.6669917342489233	0.7666138382155566	0.19603825189913465	-1.1572484892333044	-1.1106230951559868	1.743611819119978
DTXSID0021385	-0.0014496278916198055	-2.481812360729907	-4.120719926755787	-1.1001305042726381	-3.8550241385102697	2.4920023821586192	0.05561512637844912	-3.5460308683464783	-3.116047268728192	2.3682783988774667	-2.056406043119598	-1.9769375057535454	-0.21136506339238312	0.5992995901921612	-0.8296007686431692	-0.09072911595938556	0.3872531866335577	0.7853637619886751	-0.8264754257347499	0.11343565217909116	0.06896311516806626	-1.3234754661053905	-0.2943002196257312	-1.0033930149302694	0.28670634524590366	-1.4644100819718702	-0.6619276681735115	-1.1620142251102632	1.3446444700295985	0.06395674083800504	1.335037676007049	-1.7194968653111309	0.017634632106388267	-0.20891644907914672	1.231796144872606	0.5499379477411853	0.417697572615381	0.6755180507261265	-1.3791108283999203	-0.4548929296643936	0.1370420823982846	1.6445782684878716	1.0630481252652138	-0.3319477604926681	-0.3851874043013276	0.21735552883079234	-0.2831827466947425	0.08336639210731368	0.6222849380727618	-1.258600512796515	0.3220364153074177	-1.8455006973459385	1.3867218437508217	0.15688759233017616	1.3087800103542175	1.2491530270336868	-0.18405186898959164	1.2219767395708754	0.10757732680245179	0.7461802660994851	1.1501051165541067	0.016718808313070675	-1.6804624373329613	0.8038621835317368	-0.9364553625413442	-0.6313280717256455	-0.5938720509438138	1.2769502309672458	0.28532873513021173	0.11875607108593443	-0.5395356497796708	-1.1133426872857155	1.623518449146264	-0.5705351817249111	-1.1775810057594898	-1.2535048385422691	-1.0655922723391535	-0.048421539919802414	0.986903433026684	-1.1386288339186457	-0.12176826540851364	-0.6354985566109397	-0.8151295924232436	1.1699477463083978	-0.1887146857755284	-1.0522789803841768	0.14912636941646948	0.9326797519731758	0.794609998352429	0.2265129121819606	0.7297147233632277	-0.6075818891896633	-0.5054123973241803	-0.37560494765959307	-0.6806390876128395	-0.4447099343102789	0.28594490974108366	-1.0156968644181972	0.40407400719657305	0.02153802535575667
DTXSID3046453	8.669670205739513	-4.421951840162742	0.2282331742772496	-5.693315641645719	-2.674632608886228	1.0572024456895286	2.922090086616304	2.41062479082676	-2.674141993171048	0.6796513402621294	-1.6400646974356865	-3.4615249600555407	-0.08775411011947161	0.35248507369560106	-0.7164844986127673	2.7957328150390404	-0.17499591309711537	0.5385208909796427	0.4059249199960941	0.16697655645671666	-1.6371905141332546	0.23956363643671713	-0.0419625283808038	-0.4321148447409937	-0.209777938856271	0.9772741513364643	-0.538723274916441	-1.073002609531723	0.7816301992376435	-1.3917252000232279	-1.64279445524663	3.1210598257717326	5.998280768636338	0.24030793082508772	1.981526967326483	3.7848204063205078	1.4480444418517908	-0.559305725690451	0.38108996755013247	0.3069348659789415	-0.11408880818995339	1.3550013216093177	-0.496525300031719	-0.9522214550797347	0.042422604786151605	2.1766099520394624	0.63271142980546	-0.6642894258147227	0.22989295001939647	-0.2903380782540705	-0.9445362937189064	-0.4376658750198203	1.1305689130667755	0.11761402665951409	-0.09736961811017276	-1.2214623641109759	-0.7572584470236096	-1.1344561309915955	0.4950341925583621	1.1335171993236708	2.2560302121015643	-0.21978450159299304	-0.48855570802965054	1.4910838927669763	0.9016131096764441	-0.49069593549378504	0.09387050785153513	-0.48382343532042993	-2.205071127647626	-0.9380464948592719	-0.4462401054420136	-1.1771311770568123	-1.9430838844361031	-0.36718491242654944	1.0605333019461725	-0.2749330800528891	-0.7053422523788196	1.157365909948713	2.0843979511980733	1.3257118420001932	1.1220862961801261	0.8985733351691901	0.3739885463238939	-0.315819566172491	0.4778570609905878	0.022305864659520974	0.003055964789440323	-0.3056593010183693	0.0618827283600615	2.2542082871107785	-0.01319995300087517	1.99565060630407	-0.21276672894791435	0.47986026487996775	-1.0536310089044056	-0.4569086380144691	-0.18580524655898728	-0.7110639106331867	0.3868491941952826	-0.43242151784079197
DTXSID9044611	2.0009004767023577	-4.558240331017013	-1.9779057915217066	4.112711764352047	-0.12724789835006434	0.449718153277498	-4.298671787147308	1.5863181545260812	2.1885554579659376	-0.49373504201632384	-0.6878665321312394	0.8189595390418852	-0.2116007978966036	-2.8702008538009287	-1.4368452518680235	-0.2780030718452386	-3.314569224384031	-1.5722768948901302	0.9868707208722914	2.659145205410875	-1.446220732839278	1.1896623470683172	-0.3343511016327176	-1.4329124543780374	2.639181394623857	-1.8890422691016293	0.3324735594628615	-0.30076576633452823	1.413758517184982	0.23625749229086354	-0.15098868214245104	-0.0037044266649733856	0.20548743656165963	-1.1750778018017223	0.48877607288193214	0.6641138335820388	1.012580441551741	0.29182600885483145	-0.09408626258110313	-0.1362073019813158	0.39357045376966326	-1.1934860986021145	0.2897996489007335	0.5944950298564924	-0.2172020063734214	-0.9279570708694496	-0.038485623009007694	-0.9002510382152229	1.1484300997362142	0.009783638914588545	-1.281824636609352	-0.7011431428007222	1.6315533428030584	0.2829747506133644	0.3949091599048586	0.39489968097512784	0.13557226053208274	-1.3049814263401789	-2.633465484498874	0.22796045149555358	-0.09314965232287868	0.37369504959965155	-0.5697799576258977	-1.135326677392405	0.33869723644891103	-1.8331617381483574	0.6832745078792236	0.7182151982637904	-0.4919021128641128	2.2813207852319124	0.026174778814034644	-0.727718994298615	-0.1213903505907231	1.4470795961765195	-1.1292597859717322	-0.06154776796254265	1.9592942745285542	-2.371730257121437	0.5434360142131378	1.4224353856152887	-0.6549161432624995	-0.5777654277328129	-2.407826827658022	-1.4553170899207357	0.5764311926655694	-0.31783315060076966	-1.3957557090033532	0.38041684558058286	-1.0261996317994684	0.5370665557109354	0.385466812411047	-0.011902668985290776	0.5444879569587229	0.7435068807050502	1.7981909311844697	-0.28595118189988716	-2.172157028620666	0.6666325437943288	-0.8278712974133939	0.9135142197705967
DTXSID1044560	-3.9307306534168487	1.074343091916327	-4.75213384470085	2.21571408200571	-1.219001089945228	-0.9221663197127403	1.9282718963450518	-0.13574369691899393	2.1101007556777187	1.9321145221836438	-0.9324284219710273	-0.8983773439569501	0.3950370820425486	0.3882589636150519	0.805613641742949	0.533330450408388	-0.8648850858100349	-2.367843425802353	0.6297957495581737	1.3931227754333064	-1.979092910098519	0.7533875174615821	0.4299072142614207	-0.5044814545891929	0.15320623951938692	0.6848541493166077	0.016233950593383603	-1.143799010392008	-0.5329625928517728	-0.827579091578302	0.701038487236835	0.2884106042104696	-0.9759472750551479	0.6841138582129408	-0.17933499205960268	-0.32759656193134484	0.5489179782540198	-0.26814335382341803	0.1267824623167298	0.6371588719046304	-0.16704462643558396	0.8353025581771825	0.41427989750189137	-0.33469120197543606	0.4258350858725154	-0.027616115792160414	-1.2218320628735304	0.25679020227026933	-0.22451284051888143	-0.6250286691888447	-0.17159272372131856	0.5093214238087511	-0.15165400136757773	-0.4552900851456815	0.07007853356888172	0.006999419071803129	-1.1041540345008618	-1.1945589290372511	-0.48896350980599373	0.4735996606303705	-0.47541061788816114	-0.7123697504460874	-0.578099317708573	-1.4351913725277963	1.4049958363853385	-0.5206289349477761	0.20975969057156568	-0.21890817916122193	1.0512532838449562	-1.3237912444144504	0.9594337347558101	0.47339462216277145	0.1421564491553181	-0.5984090219531846	-1.112809788473623	0.03863073966126413	-0.6880591094996553	1.0047365385609952	-0.8101391163974883	-0.22401570033778057	0.632675143259154	-0.3477567886632226	-0.6051218551221723	-0.4854160793463715	-0.01066994755841636	-0.9302309101010541	-1.272921172028362	0.786102122275829	-0.5086400945740186	-0.3949671840289499	0.051095968282913386	0.7176344698483914	-0.9094880926482013	-0.08181822054987709	0.5544212270863398	0.026654082988063956	-0.6401205361261307	-1.1398186383533595	-0.048837497376987185	-0.06254799051668547
DTXSID6041420	-6.718625789649446	0.4006997073927582	-1.4195397132237189	3.3257984088942325	-1.3711406914348332	-1.341005617046645	1.3491441773144668	-0.9021366670362622	-0.570835376287515	-4.609875628088465	-1.5178323269137002	-2.399706868736903	0.11862363639318943	1.9763775517559812	-1.55471302130123	-3.3552866710347087	-1.2017115424051334	2.1456632987444295	3.986659868568233	0.03087646897669553	2.3827680404545593	4.990974968230579	3.6035940994058855	-0.587309783265906	1.3658292399559047	-0.3137119136417079	0.8504313212156848	1.7910249956349042	-0.32305881031239836	-1.4038835010412614	2.4146420178659334	2.306286167782165	-4.202881968610379	3.172456868677389	1.7228531909989564	1.4928833898117193	8.150067614355864	-1.823867522028299	-1.5453331531356702	-0.8864849410112423	-1.4404421457101977	-0.8714242381098095	0.20595342185831206	4.434108701269169	-1.2509512045831779	0.3038224699538063	-1.0147910143718095	2.508258772834335	1.8480268631937582	-2.5857139640686095	0.982748301427742	-0.6902299459456953	-0.6223663579957209	2.734396108657771	1.979933023674242	-2.419530857532138	-0.006719749950508503	-1.5947981209066533	0.8677070949351406	0.8449773420979096	-0.5516576291280292	-0.6588533353572582	0.37594921079783145	-1.1514164285555952	1.4646436610593387	0.5607664127415625	-1.6681286038930612	-0.15230838881813816	-2.8542359125599193	-1.1009585684587777	-0.9652266379563977	3.037295346050292	4.062322808249499	-2.144567309950152	3.595433242635876	1.8457922786454746	-2.842671138443962	-1.7854973656490687	-1.5604044871670857	-0.49884571899468816	-1.057479130103542	-1.2851632782858664	-0.20107169643339806	-2.003678531965044	0.4726569163953247	2.73021928420568	1.469651241493546	1.7056896021974495	1.1367044710701555	-0.07654963926496192	0.0353084993656492	0.4609943540474157	0.17128880440946553	1.6096647516299962	-0.8115753872439296	1.043886093187957	0.30228055538390414	1.405164952948127	0.4975840324029976	-0.8903724327228746
DTXSID0020070	-5.588257034847486	2.0174180405773745	-2.6417574451959394	3.653907883136409	2.7900960506639247	0.34879688389036845	-0.30395419325517914	0.45598876638413344	-0.18074242652866326	-3.404654242795824	-1.6566086972870204	-1.1968431128072263	0.05013251580708894	5.054233202875539	-0.1641591390547746	-0.5282910180723062	-1.179038939008683	-0.357359903302446	3.0750583915543706	0.39367464242781	0.1604567148118422	0.2734899992753618	0.08117213855807374	-0.5739552605446061	-0.08462790772502284	-0.3754345957070672	0.007260792420345148	0.26778067290227864	-0.4540801020976205	-0.5252953771780563	0.5545726420619348	-0.16708610360485368	-0.2493011580946828	0.01927068507259327	-0.22703828719331715	0.6717378062708534	0.2196884179137958	1.5315539619124996	-0.5230297743282415	0.4122347600797212	0.12270556214399062	0.3585734463505867	-0.4591449098175478	-0.5118518753635611	0.12721200277532116	-0.5800002163614704	-0.39010239576847205	-0.32973749029528077	-0.016050560836231756	-0.18904637536565738	-0.8665014339049651	-0.6523339713238594	0.2689334171362835	-0.5534772871397236	-0.634222049387175	0.7266128659150537	0.19129289262614127	-0.6303413767320085	-0.4900394497456566	-0.007312327549233433	0.0625308719521884	-0.7187979323338606	0.10834354361980268	0.2258007658577736	0.04195362299591234	0.10751590024710306	-0.3716027893300166	0.18035337452977138	0.4097849032023108	-0.14767924227939053	-0.47147231390523864	-0.8036133588802543	-0.29996831957054726	-0.23312740025721973	-0.07009641325156563	0.7492056209351841	0.1023163082229679	-0.14794989188324065	-0.2154232312802414	0.023698675616031024	0.15688881630972645	-0.06508681429771546	0.33612207807442523	0.028658243836584236	0.02831422088893965	-0.13534902418925032	-0.10280601593658378	0.6368787649682157	-0.4037604670261536	-0.30941626797909577	0.4393643280037528	0.44202028153538986	0.13120859598443194	0.29901166466689716	-0.5589877247955283	0.2471030876452273	0.005306143350598097	-0.2503744840677934	-0.5413551077397005	0.4874551447026391
DTXSID4041783	-5.7477895993883745	-1.0741505182453537	-1.1141965900121842	-1.100237587067792	-0.9090753058435959	-0.9248082566418505	-2.3557204977931843	0.9081892830737833	-2.3754674844633756	2.751978236852649	0.03969878134762387	-0.6351203366473565	0.8426207535901115	1.847445299813043	-0.08042154103272378	0.4766794766171685	0.4676188857770518	1.4699534912939278	0.6179328816689418	0.604307454233999	0.19968001077634057	1.2285815470356438	0.35584713187970707	0.37420899148851294	-1.078668691258848	0.010203738155628134	-0.15916232001162336	-0.5356746119245108	0.2159861400420133	0.6681722530021789	0.16654955244553626	-0.08889755595528069	0.6074811029260322	-0.05031209842662733	0.1325435456343793	-0.034619464962361755	-0.08050908419813424	0.06918476218447622	-0.040187128300261325	0.4718778603179019	-0.04079648988207392	-0.2471900523190674	-0.15861605249313918	0.11505940276927781	-0.019217821822718983	-0.02077248102739841	-0.04337021983461449	-0.11904092808925458	0.2659823513249489	-1.1082325012704277	-0.3861948491153779	-0.2740790718841946	0.5766842478158685	0.3581649184273303	0.5569692201933946	0.22867700706307448	-0.04885809657848637	0.2873456164662177	-0.9544007859583085	0.17199047998539135	-0.11036825811271611	-0.6337791991062453	-0.3105668899735475	-0.20164591105550075	-0.7454733335045628	0.4379540128986219	-0.08114106861348305	0.29183256598281315	-0.6515953931276632	-0.4886306877186648	0.033435617882287	-0.5210475096034725	-0.3478677184343349	0.33182785754194477	-0.1903302723760926	-0.2047627388925195	0.09233085918118399	-0.43307492161891326	0.20243324457593548	-0.0299224676763071	-0.05370767780436128	-0.6192677774176638	0.0446921501095204	0.2805624002320036	-0.7375028631324121	-0.3936370449829531	0.5964528052354638	0.19212498126283437	0.006071170009276249	0.034095092259842655	0.20719400123247317	-0.18602220723455581	0.09642884826783234	0.13705330436711166	-0.25937470084987085	-0.2990173967954815	0.08507927070788826	0.42442055616153274	-0.948368827028589	-0.08599306685952701
DTXSID1025271	-7.2043250821138205	1.063541084064134	0.31225330266086115	0.31137240597280125	-0.36283507038843515	1.3617025218722882	0.4909963273663296	0.3081510703542487	-0.01712667386350629	-0.35434027428629833	0.07489414228239946	0.4385190470733899	1.7268014992523975	-0.6487308901587667	0.49366839360634474	-0.5109351149975152	-0.5236715030581519	0.4290865096134479	0.8237336086918406	-0.3696497830184148	0.0317368948329991	-0.18318168191802175	-0.10940365245104923	-0.09873648087406202	-0.6332568778454813	0.9453760899040815	-0.18184241629865722	0.2417874561302343	-0.7733239503700575	0.6230676427798348	-0.35974179608335305	0.13696552230208495	-1.0269957210902065	0.0810080717522858	-0.42208740148922924	-0.006317387454717659	0.3574068063092125	0.9580570468206138	0.18502241767283706	-0.1489192740613416	0.34059226970236445	0.27603664631131564	-0.44735961796469614	-0.295584133486626	0.5722687981596044	-0.044778212686588374	0.012692090164484528	0.42741661037749745	0.3123319398940892	0.25093883804286155	-0.383830780856198	-0.35070883048077617	-0.1490668066038413	0.277826299921656	0.2859428805255637	0.1822076494953943	-0.37726825305891337	-0.730926999023655	0.3241736068029188	0.34797876494705066	-0.5937084697275016	-0.16421270776517677	1.0547935220220164	-0.07172962083277978	0.8464394798024691	-0.8056154087195957	-0.0257107022037402	-0.32662918818662184	0.3039543168791345	0.6319181779885307	0.5681261228901058	0.14929459472812706	0.20955959374608704	0.8746926861179946	0.41533743442438487	0.07595770445197084	0.23079042598456018	-0.0013406661483912775	0.07042196403475065	0.5529782699441805	0.08763412724318013	0.15495275726326072	0.08792284285237704	-0.10527865371252632	-0.16259573270081473	-0.15364665479321735	-0.09440490145670705	0.3128762329171518	0.3682284550644868	0.14332749381145501	0.12480257301945152	-0.04354998425005019	0.02960426681891812	0.477304856049309	-0.4461096683350414	-0.007944379517431712	-0.12532140324432886	-0.4252892784728978	0.03901457767737566	0.5465341314809198
DTXSID5052254	-7.537526738335212	2.1232535381899513	-0.5954563853306335	-0.8303073842529739	-1.3433019783700677	-0.7932977745742206	1.8891051371486218	0.9352553531100692	0.40971572528283573	-0.7830109940969074	-1.3447898361099406	0.4963612625938918	1.3059665492813637	-0.16741183176754876	-0.48857049887075205	-0.4254069696548635	-1.1509376322985923	0.7877024638187651	0.4272953531894784	0.07842478275630219	-0.0853098546117878	-0.1170503992391557	-1.8621661474511448	-1.2130136092927397	1.4712419054176091	1.454405211868579	1.977111540445401	-0.702965030267906	0.34769867868365045	-1.9889905577236822	-0.0717991306911279	0.7389005774235172	-0.22506948991359468	-0.633308978331404	-0.3699677652388312	0.6389301643962388	-0.9775272490169793	1.0561470733991216	-1.6991054460099757	0.5998113244509168	0.7645256416462418	0.3429725271359066	-2.284272185676925	2.719280347225974	0.031216578795852528	2.1724219113720893	-1.473980797675688	2.396477468671419	1.4094315620604745	0.5894888616184984	1.3920265569390171	1.1883260443178072	-1.9941923174967622	-1.7771690107746805	-1.5045910191345804	1.0004271016650281	0.7616209958505926	1.4945031996325968	-1.3894457679208232	1.0443309136383514	-0.35206117771662976	-0.07016055849139172	-0.6835301060011815	0.572257578713255	0.49757976827094713	-0.24527447793187354	-0.345472477562486	0.36298860639031166	0.11170058553551268	0.9058490654867868	0.00523086470528548	1.4226164604770584	-0.2583684979273709	-0.5160406819459111	-0.39899741972382124	-0.27385369704562135	-0.5891619479046669	0.2517992088230094	0.11947927800697296	-0.5873667385514536	-0.3063802971967029	-0.07057751318971278	0.07238847143195172	0.005995736652351286	-0.2715636150222404	-0.0536272059422276	0.1331296907158254	0.27384048566002095	0.20872546878299406	-0.34800487417591197	-0.12533291027430615	-0.20051486252450965	-0.5751458275272012	0.06065217771685775	0.06534505442129386	0.11974130234322515	0.29549741437141497	-0.40230056521899643	-0.22920586200291962	0.17739648760398444
DTXSID6045878	-3.1223328227671727	-1.7936136119640234	0.6723556642104259	2.9680333456760484	-1.2204794926900593	-1.4762991114234663	0.9353882384999211	-1.503719894215239	-0.22310208724232883	-3.5314088514850863	-0.4143318977666013	-2.490120627779364	2.217446901929934	3.194722326708678	-1.285515355137445	-0.4641087221068986	-0.7039968711494605	-0.12116375017919079	3.156864640487607	1.298681136176754	1.2776968868905383	0.1128399618651913	1.545350681693668	-0.6014188915068265	0.10131486347040115	0.10899443614735191	-0.3064050122551805	3.3864833722030663	1.3208757593156855	-0.6127883881119962	0.15433633445119124	0.10096483315921866	-2.932075515387734	3.4713042777353724	1.49306265870897	1.1926778494631094	7.545087601653882	-1.062132347344754	-3.179443962257329	-1.2198787395041808	-0.9606584694825021	-1.7734155104273892	-0.0682863641369567	4.182755782892185	-1.4713171577625774	1.1463080556903062	-1.48211713631389	1.6946959873684813	1.7502045175782446	-1.8157725482058287	1.1475276475691167	-0.1033398133207273	-1.5050074486047724	2.100756397168441	2.539909149694075	-1.6784309757263363	0.2639534747422025	-1.9690227034314458	1.0529060683484814	0.6075522182588194	0.1336278267699853	0.28101903110805804	0.8498782974094659	-1.2821682592678492	0.6747904469093733	-0.15191391686906924	-0.11973243855061026	-0.27202876192301084	-0.3742907327093743	0.6235952395605044	0.13730066195652052	0.06083589746715588	-0.4419938306808273	0.5337403570439124	-0.5979450397190035	0.9090074731931871	-0.48140709767974793	-0.5244349855383114	1.0931931131934265	1.0089559329146651	-0.5011192886804176	-0.5285871773252991	0.6921002960387473	0.4072567408537814	-0.20983125793272153	0.5962941762021107	0.9444309193768803	-0.21939432651623236	0.6838334978950431	-1.4756413726358322	-0.9895442987815367	0.1313447330580713	-0.32284053496050263	0.6087477898911742	-1.0697186315553795	0.886677729287301	0.4815634593547617	0.6097220203213869	-0.15512051859846562	-0.028530584199263263
DTXSID7048617	7760.912231104681	-2636.3711810871214	-692.5829913241265	11531.054084891777	3017.0135233148035	-2737.423361188136	20992.89016023518	3853.753267941555	-5086.24064494263	24514.550319184764	-8004.588855661923	21148.890590990355	5059.72497893503	-1811.3488160594225	6552.791719199619	-10846.588193326792	-6906.8126534174535	11369.088114450899	14073.648799912697	3811.4415118544975	10741.978696511167	-5277.837983908387	-7085.242944406313	1767.6484305896176	-4116.472175615631	-7061.967271943899	-3489.4152937104154	3645.994959214342	852.7920026369707	3101.301670590551	1009.7122083729032	4863.876827615116	-699.4160506946632	2921.7436308846104	428.620839301648	6003.135358508481	-1620.9118326577661	4198.225006972924	-3443.9851832142754	1184.0874345481973	-313.61978038194735	737.3496478122864	-1499.5257698193432	-1246.2623524754495	-502.28534235445284	-412.8378407676483	794.5970118060321	-2886.23305903021	-387.24756485724356	1928.569650612962	-271.35819157915404	-4779.374362667546	-4214.359280020213	-643.1577362994358	-1027.9059653112276	-1645.272042587226	6003.176298771269	966.0932702932896	-8875.236390276144	-3218.7942192064197	6433.265156503376	-6173.532125801518	3411.136105930539	747.5567020452023	-5239.70202185074	-16787.116377041024	-1479.863877260001	-6674.188308579645	-5364.525450559699	1992.499709705373	-5909.307588390905	-10052.998279608155	-1922.9447728485995	-2503.9502657222997	2522.999885997955	3569.3693912200306	-10379.29547759166	878.1426355918884	640.5035696318192	-10154.49446826799	10680.496769495496	-9476.659221813032	13453.880696710487	-16609.32432726788	-12951.71782546279	13321.326302465355	-4122.372682481568	-5916.134045032935	-1586.4315734268173	-3964.819248668826	1399.277492959305	-10879.269302486335	3812.1200973930495	-3222.408784331946	444.9077117688359	23668.284738452974	-2314.817154308538	-772.3721017669534	2637.723182176283	10448.31442138709
DTXSID3020091	-8.148683318131063	-0.1925360041950756	0.6514924679774067	0.8472260843185077	-0.5309063278718873	1.8125763058903082	-1.440328751070889	1.5972458076320852	-0.4560283943029551	0.9898454002587741	-0.39088483847869226	1.314891170415592	1.1179711258206426	0.9078031507320408	-0.6871195254598631	0.6756669178644492	-0.7625640629364706	0.33418537387509417	0.34113343929236806	0.0856482785614969	-0.415658603136338	-0.18245193854574632	-0.853808530370021	0.07026700170938141	0.5920011954363962	-0.11011149415968201	-0.8317641895264682	-0.7978602123903704	-0.36415800639612617	-0.2389253400153524	0.26167992859555994	0.45336811143049854	-1.4859159299871154	-0.15453945929125	-0.6408171857697968	0.21862241819014688	0.6631541442333447	0.8599910623262939	-0.3932444013930631	-0.2100262366861662	0.10909894963225683	0.6392038359290034	-0.0247351601900805	-0.24943891767610044	-0.13289767224857438	-0.08665912573334009	0.35594332909851306	0.8780710519177176	-0.41688730765514215	0.4305757100111978	-0.13447003133745997	-0.4154955215345538	-0.12392414056494047	0.4725111258883599	0.2419056402949852	0.1877829674974319	-0.3903712870592693	-0.5858605310791729	0.1512287633011591	0.5012526656690524	-0.1717334673492402	-0.10184989486447811	0.6710402814281038	-0.3002247566972529	0.02788048301935216	-0.689623557445199	-0.6880034685175697	-0.3584766209503923	-0.09477820523965191	0.5508403116112452	-0.018260182134354125	0.11286534693829352	-0.1979710141133904	0.8475460519149741	-0.36183930661024394	0.6521026419688584	0.3055064541833838	0.11076575136896354	-0.25139251825024717	0.3143143750870697	-0.4056980430373448	0.265682029697552	0.049553755277102575	-0.7515952045635119	0.07539596602461165	-0.35103908617119983	0.2989913364168769	0.18756147450445074	0.2232227675336047	-0.2970920701247672	-0.1600173481005776	-0.10548418560250371	0.12513036963137328	0.032524494458739964	0.20781118557140227	-0.2850981548246858	-0.10124427349513307	0.03130739738337539	0.37730368451577256	0.10842379410627634
DTXSID5046859	18.536581244700514	-7.122495318659719	-4.975721910500794	5.874335845294657	5.233166486273249	3.8594980779146058	9.727198456791877	2.757777603209869	-1.7339900733609428	-0.4971564575339746	0.9378564331608241	-3.023790382150589	0.47233042333337244	8.920499926521877	-0.6123231279010979	0.22682408065896395	-1.2894681340915484	-5.15096702428414	6.006399810301794	0.2543304563978468	2.0346258828879735	-2.805360984510064	3.993477817210469	-2.358821151477455	-0.7183444763560503	0.5117605842415685	-0.20897383447972226	3.333589917566295	-2.5804544754448	-0.8127952281177749	3.7920031151383107	2.3299406487637544	-0.45911527677240027	2.137048228872116	-0.5709128438816082	3.29036150936522	-0.837717291955489	1.3112639417667613	-1.3479794458463712	0.9376331493534696	-0.5653902851035959	2.294455541642383	-0.5509455106253908	-1.002584762369206	0.6011065774777905	0.35406367503738745	0.19572437609273835	-3.4623703067713083	-0.6434286042888052	-1.7832229958205084	-1.3615155610815621	0.7684131199498151	-2.572829400976913	-2.3972247098117636	0.26768423205847375	0.033148526588401624	2.880312599007517	2.2938898085337973	0.2323173191163822	-1.9701672348350294	0.7132880737125398	-3.3462706778150255	-0.978731514452147	0.20569662470987693	-1.938491504463776	0.2027223358320127	-1.4337012410780285	0.5030378116645026	1.3219510067201263	0.4017205717622565	-3.1840646489221096	-0.29481480052046133	-0.39889587955436506	-0.8002294297794276	-0.2200600462844814	-1.6035975025889344	-1.3575317523155823	2.3921394580372697	0.11415603917477295	-2.5327940977255294	1.2599389052278207	-0.7947195234135698	0.9472856442167354	-5.014654633579478	-2.3809044073932473	1.1489265067338084	-0.8283135169436214	-2.0867845369003843	1.2660471306475758	-2.198906655513952	1.8353171822281225	-0.8293728171425536	2.1591879491850703	-0.2642575821082993	0.7986907341251145	4.255302648463902	-0.9926617511316485	-0.3519617630273426	2.0464634768554157	3.4261868674886253
DTXSID1024124	7.417569363408814	-6.469981171261163	-7.3185563173115415	1.7720448895547527	-3.863558205452332	2.08217910438268	2.371479100046402	2.7282183352921083	0.8122261672979445	-7.42336989485913	0.6906316113353062	0.2021076423039263	-3.212888959779967	-5.512167718764148	-1.971106032616081	-4.436863961591895	0.7338417853099154	3.005327870395028	0.7670260606570893	-0.008449194865642034	2.6099706241630027	5.248969033681332	2.978401225427777	-2.667590346790858	3.6061505015789344	-1.4442101180461258	0.7852676759666358	-2.2718328120825664	-1.7354401332686689	-4.167263422457095	2.377863476331172	4.75881512591384	-1.7626821182061367	-0.22065277439219028	0.4654633575566084	-0.1615354219873763	-0.008797043713709206	-2.4214570238893267	1.4185683778330362	-0.5035277356038127	0.028015205478760123	-0.19192727998662248	1.142586033718868	0.05554666119853721	-0.7113801998916605	-2.5112254555345377	-0.885424093259435	-0.7532609134548058	-3.57045338967576	1.3016788944801911	1.737574400537079	0.5275638091825662	-2.6814431091795887	0.09635255987534934	0.9456464311037378	-1.7231089899170497	2.157921842744954	0.782577884996153	-2.192505911853872	-0.3441737048683522	1.734653823185593	2.69389808874335	2.0099093076695618	1.0681034388904473	0.39337689919210006	-1.4761897553905292	-0.6632546188928485	-0.9577009057605128	3.013310139338893	0.4041398625258245	-0.49386940912949884	-2.2649349141009667	-5.1137279825159405	3.5853213102393733	-4.7605302304782775	-0.9163002294867987	1.9661303436153517	2.9287502238182905	2.0170382201083075	-0.9445439747147811	-0.35506610192759225	0.8007107908110893	-0.4136110670747542	4.289721954885208	-3.5091481399494002	-2.9490508281039682	0.13784135038786	-1.5463203169619864	0.7829314664288725	-0.2546569205648537	1.4823556666175906	-1.323546763744304	-0.7284316180948007	-0.9911980865658244	0.0919885912479158	0.04772845655965292	-1.7031841796048208	-1.641885234033263	0.09529958314451159	-0.8949150321913351
DTXSID7046095	25.846621583353063	-3.202029173127845	-8.894401736984051	8.357950904071359	6.9175821362244285	4.625911574512022	-0.9907809143399906	0.26823783411240654	-3.159463947220129	-9.526298937004292	-2.1066563327138006	-2.683169433480391	-0.32621943497440603	1.8544649882878794	-1.1117081626614054	2.2473503230948206	-0.16282369559941048	5.1417691676637824	-4.927056912035324	-2.9083015921856137	0.935677217423676	-3.7174236050888596	-0.7484835284084249	0.15864227390936833	-5.04464496027012	-1.41066412633701	-0.35636144358431626	-0.004490206856042596	-0.698468753644813	-0.7855149350143871	0.47981282381359563	-1.9030520748567157	0.7659593980753467	-1.330784462882486	0.7691072403497361	1.443621309327713	2.060097411015926	-0.018151450813820046	0.4620000905201812	-1.8015214346337263	0.4492290441317954	0.6378000289273087	-0.802357373468646	0.08975130459772729	-0.941061157714123	-1.142051762886038	0.4571046529341084	-0.28673857504722866	4.976180314645234	3.000735243972405	-2.8188377889135796	0.6834503779209177	-3.710954439965658	-0.0357991395091855	-3.9113526452767178	-3.106541168539541	-3.551415439058484	0.021708852557879636	-0.9937748566297786	-2.818684342688859	-0.6325164907771228	-2.4480000920092406	-2.3402508839543734	-0.1075090809319326	-2.9347737996030725	-0.6850152271348595	0.2589022488731365	0.12524404020282584	3.3982617036440876	0.9875887211150824	-0.22768886346863948	0.6858419809031153	-3.368350598820854	-1.2327184153153012	1.4521770231499347	-1.3804373764704525	0.2499427724080499	-0.30314125413457876	-3.5579110414121624	-0.9526302034129737	-1.6772261048165165	-1.28705896117051	-2.993839352138454	1.0529398536224852	0.7144121324846753	-1.8725581575842993	-0.4733922210737202	-2.1881549026483484	1.2921017052802697	-0.8833872528310253	0.5059278045312595	0.1064904795692138	0.19777232203548487	1.121041946196358	-2.2207224014450855	0.13671886316400741	1.5496935274823946	2.0676802495571716	2.3707119987230634	-0.9099968273276685
DTXSID5046699	-2.0886316914255523	0.22609007774346476	-1.1890463374375595	-0.5325170570165342	0.11601121429648296	-1.183478031577122	-0.4463132973738671	0.8013666386582422	-1.287168932485884	0.34245253211227955	-0.36883849457396717	0.16774645601542212	1.006946675182323	0.5041842143645883	-0.26286666605038517	0.24621602295287995	0.9098462362501771	1.4071197208122934	-0.10502268122109905	-1.3629914185892107	-0.739536028673474	0.7066961342110232	-1.1974563925276702	1.759329110754854	-0.7625707766384012	1.1698768669632753	-0.9745661769020889	-0.7134555928953329	-0.366769445477508	1.0135226166375721	1.1084617867741449	-0.6261422175141111	-0.1677246048389558	0.0448918514404933	0.2837104585409524	0.763420429814863	0.4519716511444016	0.8678933556622126	0.2452055106476316	-0.6499237355211855	0.20573072338091627	-0.9097481237460534	-0.8676687386733589	-0.20466012856672972	-0.07167372390271316	0.10598042665970007	0.4612968986456488	-0.27954909462872146	0.028655293106900032	-0.31946436306711756	-0.4394588871452588	-0.859273166434601	-0.7008937862894005	0.5107886920555587	-1.1294433782999211	-0.45789243217309866	-1.0423544444764115	-0.6437346426031697	0.2441321902090109	-0.7102571960073486	-0.70519344044743	-0.5033891378241033	0.40097330753780763	0.4030194600132455	0.740991590364487	0.9169560091266763	0.621616814132192	-1.274009671285989	0.36828960707002545	0.846857400744914	-0.6642873954173074	-0.6056131800769037	0.08037208221748088	0.6477941933695075	-0.5004831733034573	0.1089016006461217	0.4393379375528678	-0.4233989177279214	-0.527358635684484	0.477024880454068	-0.16558249426446192	-0.741195887731506	0.22731876612500287	-0.8135730678249563	-0.03200370939016021	-0.7831184839345455	0.3735258920181942	0.9387754658914591	-0.3251723986516983	-0.02899887732583804	0.9552021077508325	-0.4719600213481919	0.423815583725559	0.4995518036544717	-0.32977644455818506	-0.7406738031389896	-0.5340703810798135	-0.02788059068189304	0.16219077011880506	0.6160403366510744
DTXSID0046640	9.145114697380135	-2.8131254655351956	-0.613115133608461	-0.842823946961367	0.513453011078467	2.188098317485582	2.9252746851828277	-0.9856517391606553	-1.6016466711536728	-2.631020515063005	-1.1437866036214024	-5.285238180855082	1.4530535744355284	4.479604939616496	-1.4171801737162646	0.25149812310144476	-4.151980534572058	-2.3264395017870307	-0.09241120018338339	-2.3894235090979157	-0.20342981277394964	-1.4077402979880962	-1.5394772144075057	0.8160290321263853	1.324133879579554	1.3472130943644034	-3.6746808762226646	2.7242809445949154	0.28955098600626583	0.2775853077708518	1.4719178175210925	-0.3514998462898418	-1.6783870230453566	1.041400259960193	-1.9189220373928606	1.2668599396003104	2.904709733510454	0.024645718258338986	1.976798121256207	0.06350177133110846	-0.8406934181376016	0.7158163969644049	-0.49992149128483615	-0.5911834849713804	0.4369023104045141	-1.9683065615488606	2.057577392580082	-3.188024038349061	1.1581036302356689	0.9372947907471313	-1.0598078182606208	1.608777974271947	0.5685807018660083	0.6700887502197619	-1.9087631155197509	0.9517495669554061	3.2825960640856406	2.6979930893389956	-1.1828104280379852	1.863309620484297	-1.0496377496856473	-2.1109355099214677	-0.877676145104859	-1.5975635228134202	-2.2708517994916804	3.153623920056867	-0.5556032578963773	-0.19228387259539592	0.3229452447684289	-2.431421083881621	-0.3257936231469546	0.5095683358749309	-0.25799396125767127	2.0902491847083358	-2.104361952083039	-1.6468627325824474	0.24766799397602374	0.42136813225479824	-0.3090504379837237	-0.9673421680515871	-1.4093541953997193	-0.49119670918408614	-0.17714414419303756	-1.3789680689646597	0.029960302723783593	0.4026328941054619	0.4656671682720638	0.1523602168231131	1.1754374698495926	-0.9182637128310048	0.6519235141075621	0.3691104138875461	0.05672314786713816	0.044734100264424155	0.6525994092213467	0.07152155386565279	-0.3128333217203717	-0.009449112703896858	0.8916718156789536	0.424442432670025
DTXSID9048855	0.24803429073109073	3.356594113385725	-4.785840024830982	0.6857745817825706	-3.0785481443969704	4.313595647631233	6.56216162117245	0.782260646077436	-3.546182507905494	-0.45504962817603267	-0.024466335050214966	-3.359933408003297	-0.2181307483294915	-0.21598316430002357	-0.8491142727438847	4.320864620846139	-2.6681767331174453	-3.410147994486702	0.3475188831971006	0.23626417015047194	-4.132929139867715	0.7535741671691933	1.083279786732067	0.3999317718796652	-0.1761883377590906	-0.30861368139333284	0.08628319439329951	1.8036617476129746	-3.1064304521749557	-1.7037951373130562	0.5252167370510926	2.3755418813034996	0.3739903511937068	-0.06388082838427873	-2.307701579704193	0.4286230584010498	1.6153111040298116	0.03875034980732071	-0.1470655751301901	0.2811117636938594	-0.6144297441380592	0.6149459891777853	-0.359733880458832	0.30455884414727524	1.0237146845729772	0.498890824292874	0.7528240480021566	-1.3180979220788098	1.004316898308409	-0.7728942009470083	-2.091456889770723	0.8113240620826749	-0.40956266002037756	0.4244125159059129	-0.15919637679651344	-0.17772633164742463	-1.6431639256870343	0.16087239532187367	-1.3065041781330298	0.2810573885716595	0.24305292138918033	0.4881613036675178	-0.7710319892941243	0.090401474706554	-0.19220057986225286	0.7085640442314701	-0.7874454197417693	-0.8265685839548258	0.7719546316822393	0.27677400646828887	0.8040507078557476	0.9048525267083716	-0.9663391010366061	-0.26047363432386533	-0.3271605604850979	0.4566936153783928	-1.5724261095013985	0.15554205866144524	0.3524519503700802	-0.1486285613031178	0.11280631714901632	0.24736560588634662	-0.11587383062891547	-0.46340621183546654	0.0011180500643510466	0.44040468703861696	-1.03809865385698	-0.151616110615471	-0.6085422235939841	-0.28233326997445624	0.42832754955671015	0.5328773648403919	0.34636002278172145	0.12035081662236405	-0.19869190121143096	0.7499281487493449	-0.07520020959186816	0.11442491983829269	0.05582541052755975	-0.34867852781661074
DTXSID9046445	3.459609931653597	-3.3522417250752885	-2.076485917135737	2.5865807633186058	-3.9619563650342684	-1.742119908433054	5.176845003325423	2.248952673936822	-0.01905849059497615	1.731229088100794	-1.1656588553870262	7.1882887880959	0.5767141518336892	2.2779269859646787	6.854403562237043	2.3515135635892292	-6.037068213011829	3.362834173609169	-0.1529414652329631	-0.9188932179875952	4.714712948035106	0.7954715837178838	1.7643785796265723	-4.160787976426624	-2.19320254338757	-4.237849442152786	-0.4046097764742562	4.648241833071894	1.9740582486565499	-0.06471368745238286	-1.4480721670093608	1.8177847226267563	-0.23998723472344877	2.4393751816346545	0.46283407715493474	0.748827236752902	-1.204828610266521	0.3634419333292663	1.2839203694501566	-2.0298726270916223	0.3563605974860528	-2.6906545511427256	-0.10597386885013792	-2.546380773576011	2.1217600478291394	0.3007665354378965	2.2261903991765446	-2.680432757530414	-0.017134249355523178	4.4101351830892215	1.300713834710734	0.7421663014394764	-0.36375275305623184	1.5556578236643148	0.12551121659786657	3.1431017945012862	-2.7400314305932256	-3.9885327724969453	-0.10091371187663747	4.58378775288211	1.5802709936590464	6.372338080415996	-1.594909733192702	6.889494008096212	4.886506111311836	10.293067710047051	-2.161526044968187	8.3288466153302	4.432122491479679	1.6365428314637342	4.577779159160621	3.3522219414513215	-3.0587743992122043	1.2794759473531556	1.8945748410641317	4.899167554812837	-0.11425074470632213	-0.21174683303317848	-4.04850537297713	1.822184877644139	-2.609356670791755	-4.095981569131765	-4.390212140348592	1.9918473019047511	2.9701375539959405	-2.770080656601674	3.0034550195778906	2.624287542125382	1.8352268377104406	-1.347923841246265	-0.1815896685768253	1.8826601169835981	0.6380080299253456	0.28770349371213555	-0.5598363300565172	-0.15603761315411643	0.13038036386459273	-0.0530289565748551	1.4455706660627916	0.15272400301718844
DTXSID5047116	-3.9365939056257853	6.010065665787305	-0.6271697386219225	0.7485696411996738	-0.5390231453321851	-0.623028371652533	0.05240830255426207	0.339043073392853	-0.04162933097025153	-0.3501998687961946	-0.3443797177792822	0.8439301005447555	0.3735797070684948	0.12784419174090586	0.22233868226425524	-0.3304799585956323	-0.04298719833205824	0.03582778019255131	0.4475391721908689	-0.4682163895326462	-0.5239740836584214	0.844378570797126	0.04928463732454096	0.8790013461330327	-1.1946465815801497	0.7164135133356956	-0.23213843004924534	-0.547499199608188	-0.16258461043691114	0.20988843366619522	0.4399534918408799	-0.29745129626782274	0.10673651618593438	-0.19395267293301072	0.4208910402411059	0.03193276230538955	0.10310894109891497	0.5899403695520052	-0.04191940807983443	-0.7503735261848253	0.3588977070645639	-0.5741954664993609	-0.2884016041317585	-0.009092624147792975	0.47310875375273675	-0.04738271990317757	-0.661799830446118	0.5987123266807662	0.7123049919707639	0.1553645400049509	-0.5689556681102559	-0.9519770172800375	-0.3772528931357807	-0.44771575180326445	-0.4463848910766749	-0.6163560119934663	-0.3174626279690422	-0.8322935116538582	-0.05968630788246757	0.3241777114256795	-0.412946494717688	-0.49004494253764264	-0.44323557022876275	-0.051188351110732486	0.2522495202359775	0.3131929493371156	-0.3166831832704292	-0.12217932935706709	0.40538831445068524	0.6150567614376191	-0.8496866749101692	-0.41289221067270254	0.4618876304441913	0.38573578264038244	-0.27125988002487383	0.3242171894208669	0.5862748980476037	0.0079520370422951	-0.283443945871671	-0.1690267087509007	-0.47842256729073435	-0.7482011776235223	0.4221153010656298	-0.05524723717194807	-0.28941542070056503	-0.4815802556882162	0.45437550057218723	-0.17843616497178777	0.0017612993609769103	0.26009229500723413	0.5980218641525992	0.6723200283605913	0.12336023834440395	-0.03511850224199641	-0.3266282482840793	0.5124673046248382	0.1885299006005685	-0.024589337323933078	-0.13884052888533877	0.37120263822809596
DTXSID2046836	-2.338663048890173	-0.12689130114934852	0.2162622351689512	3.3274206730681093	0.9384043088459648	-1.9665847092756716	0.6982440069480551	0.6951669323616609	-1.5186509107027113	-0.37230536562827043	-0.03605235603517424	0.6349251155037625	1.3268621535378495	0.20100595421130904	0.3183473208489248	0.2550504556330463	0.9303175036283682	0.004892895900475373	-0.42789803183329	-1.880975869638795	-0.3352306479355644	0.001758834178561221	-0.48360817835678277	2.3470589478099124	-1.2463191516254601	-0.2605923699211535	-0.7283115535863155	-2.448634010998241	-0.652409984356642	0.5829014311391751	0.740225936724362	0.4404908050407062	-0.4244225479532371	-0.24013061415691633	0.36689395744975245	-1.4301205978358678	1.2604167974213087	-0.46001502727006494	1.5807982116798074	-0.9507898012210391	0.561598253053981	-0.6616959698244685	-0.6191232242827753	0.03050055077731058	1.0411513847920357	0.32425843969119317	0.03449466262192904	1.3337641547027532	-0.7889438442421198	-0.3693408682107641	0.5537297203528238	-0.7413012664745895	-0.2703589812858661	1.8189383609738763	-2.847453674353527	0.012862021761555476	-1.5595275994779765	0.9821671252201725	0.6186081122726093	-1.103784023737215	-1.0087221664058872	0.5292974355814706	-1.0279972635807384	0.10252371464292574	1.2824686016960194	0.4836940639959997	-0.670092391367756	-0.07371053812687031	-0.38365762129047026	1.00202697404511	0.19908207839714384	-0.22512645992381264	-0.11604872918158916	-0.7151010995431888	-2.0202334147724876	0.8504959756268359	1.321018874548483	-1.6684849176249426	0.6480690706756225	0.7696483214744279	0.8610752691241121	1.5073792400944654	0.3085026220634378	-0.3885702057082115	0.23310055277467692	-0.19004183578086634	0.2921038020206097	0.9394744166899816	-0.18123650576535355	0.07869756112415753	0.8032523403913264	-0.7359300189465798	0.752478544014414	-0.5768279438530021	0.15994631430649892	0.20874786733858616	0.2120574281417498	-0.09521148488942104	-0.5287176266211957	0.30137886490310767
DTXSID4045767	4.397082018972921	-3.077679605032958	-4.121622185866678	-1.2322534627150308	-1.7508899972410645	-2.461388341386738	4.940381063181363	3.8118682268273845	1.232034347836493	-0.9680777212328706	0.13842417728080114	3.243132405114294	1.0456513336668949	0.9217988961950204	-1.0724962489801673	-1.42951136063603	-0.0726029364671533	3.168058893189852	1.3764488219457711	2.389257578295182	1.6947944618794901	0.07852029896056992	-2.562195738791168	-1.4104467129089642	2.4882656333853936	1.7471329196604035	1.4187941713769567	0.7882454924901109	1.639323417925558	-1.9660112655488553	-0.5689136846377383	1.3314942604497233	1.391607596321506	0.31489121214816224	-0.9258951743816648	-0.3079654929580361	0.2003625361364729	0.7494633746179681	-0.1440892769532346	-1.4656330652664713	0.3762276157587383	-2.532071256997613	-1.5246772484601232	0.44219903075301326	0.2159474465267728	1.768939366193292	0.3096939822733864	1.9287339975748437	0.7224126722183613	2.4750836070643834	1.5784407818323958	1.5081658332020151	-1.0823304599885464	-2.920301372587799	-0.6409352194626164	3.74709546169253	-0.1409361775322024	-2.043575656780443	-0.21474619738898923	3.6323260652964775	0.21668205212652059	2.9061962199299436	-0.8775082758969289	4.062362219535178	2.3232188486656096	4.8602927754673795	-2.5513975804319635	4.404152036114774	1.0147734529643708	2.3136427925105525	1.0321579007569481	3.0899340678699283	-1.7264002461638837	0.3410317040346288	0.40526204000710075	2.06211146557962	-1.5428571799271042	0.23653034678946197	-0.7809414574687996	0.7960582547169165	-1.2847195690396385	-0.9794136059900022	-1.5019654107047742	1.4642033194919108	0.8264436469789509	-1.2871447254914736	1.3716318665716913	1.1601406853064848	0.657264271073738	-0.24895916459812786	-0.4127045756332477	0.704598470896878	-0.27026017780228606	-1.904504174387667	-0.44913576850116904	-0.6072629481846316	-0.33964672963481307	-0.35834811220208995	1.0306298767764595	0.5754069441012766
DTXSID8049258	-4.0893744732589985	1.5592392925003566	-1.7298667801666108	-0.7422476749683335	0.31024425006597084	-1.2323132051520589	0.9856777295550266	1.0417830276445408	0.5161585103103896	-1.404928386617754	-0.3130205500869371	0.329064044242571	1.4698925856738918	-0.8657289617007777	0.4172218646466399	0.03577821018589252	-0.7603044427810295	0.22878331908200195	1.5877775434528998	0.5575379400606408	-0.4128101889887324	0.926433793628738	-2.1586902097322405	-1.0062441828790052	2.656488475183934	2.0365418879520734	3.3417865582039936	-0.8796322932680858	0.5094186691188922	-0.3120615715864126	0.07569578119026356	0.1997480789751137	-0.0824494110049777	-1.0302011231644828	-0.5040090899527178	1.1952804660490217	-1.6313377586401532	0.7233169736949058	-0.9431741330721473	0.4566962115605835	0.9808181144829825	-0.032071979969136036	-2.1786642892486956	4.212467190951662	0.4796969728325613	1.921121698318654	-0.4635330301463955	1.9853905739786517	1.6400881109969103	-0.2932695832182497	1.8635779304334712	1.3753354602406824	-1.5981199924495277	-0.8949994352700863	-0.9959228671457837	1.7713817068893263	0.7125056412604909	-0.47029902205245094	-1.0038894231723876	0.9003380238181259	-1.2389852097903538	0.5687915393423203	-0.9464091110427253	1.0952143756232404	0.361724727148295	-0.4090698200854293	-0.6005890677602149	-0.2901138105165217	-0.16484390483281755	0.22372308824778148	1.143079171394328	0.7244789741864804	0.07798611428609763	0.7127051649297625	-0.9612091250717181	-0.5391434974252691	-0.22070275882383217	-0.7998218691935151	0.6057763699476709	-0.026568731210532628	-1.2375410721525686	-0.856862379348908	0.4533982454060214	-0.6205351141623665	0.09060552804664553	-0.2727269644581992	-0.9409754124407419	0.17009786885984368	-0.44796951130343204	0.080060872476738	0.24827212335999027	-0.10343191763800061	-0.30204982035524786	0.8038613101660755	-0.3986793620565654	0.7178967026957233	-0.7177089821836563	0.47477056833047687	0.24897118601372972	1.084477598104496
DTXSID4047333	7.955849317725687	-0.695353895360438	-0.8293059581951653	-2.343027132729037	1.6870173309400391	-0.9123998774025273	3.8599078084488188	3.8526608498310817	0.7608136741476409	-7.112315805786985	-2.7829386947145607	-2.128776286865503	-1.405884111121774	3.1825603018991675	-0.9714595214484834	-0.7941144946795802	-1.1316345528273497	1.2819102989905125	3.741620382910504	1.0028382630283244	1.1258923098911815	0.5292184971261665	-2.0928943898308825	-1.3916143857471346	2.5049121272195163	2.1362270494256452	1.3858059454802367	0.1420037526664832	1.0150349673224772	-2.481790345062547	-1.2248197337264548	0.38304470137633534	0.4443173272137526	-0.4023166447969722	-0.35043985949836515	-0.2233158114173073	-1.5577790423944582	1.3102348163845174	-2.7688988504088847	0.8567469662526933	0.45626525711452615	-0.6835621578237984	-2.2047353185962795	2.7079624803445053	0.21700639698041344	2.9541031604819943	-1.1347130550116233	0.8385890719238321	0.8181546894285867	0.5473545444833924	0.6456984421364095	0.5641831087838	-1.704006223799421	-2.357796343318403	-1.7277312253721842	3.520846579469538	1.163252712975496	0.21068828578939067	0.11508715003568228	2.032276408573651	-0.08511377863776905	-0.7416719250336664	-0.872460856553211	0.34291722644139194	0.8202441018156631	-0.9444273146238438	-1.287952336578616	-0.503089083835841	1.3899846278643186	-0.5005647201154273	2.4463595195846564	-0.29693980040982754	-0.19725294702648694	-0.9274669946423292	-0.0007243073197538072	-0.09237362096827186	-0.24899399190773186	-0.6076593477784458	1.0086699986652665	-0.306455761473104	0.26747818680604385	1.4425313130487152	0.2575834726628324	-0.12199804353797553	-0.10964729649616027	-0.6407409912036087	-0.3370389088599458	0.416030527205553	1.4265321694461393	-0.585117270376589	0.657940518409986	-0.6788981360007066	-0.07857649797595669	0.050347415232899685	0.6886625498574723	0.3213543559668003	1.6006610982763863	0.29749299803253576	-0.5377593497794932	0.02077337646020411
DTXSID9037616	-3.37858694280668	-0.5132877999639638	-3.388018699839378	0.9351117099154166	-2.8771860272907803	-2.560106971308813	1.673827260444279	4.604365892928183	1.0403558765938592	-5.027988365657118	-1.5832882445887075	1.6172512815425732	0.35150137440178997	-0.7984777404429863	2.709127214410712	0.23335860067353012	-0.19334040052781162	4.6494735143192605	3.0123328592858303	0.7101884860380928	-6.684493264560304	-6.541990389295788	5.922249542610464	3.488925658479231	5.1667199303738665	-1.768102947775168	-0.788246429918297	-0.1737392208169233	0.87345356078431	0.010263972748898342	-0.8892912305912599	0.5243973149115743	0.5330283282296796	0.16545405449183728	1.0483042114163579	-0.3836543239443893	-0.2945512778785415	0.5629086459943923	0.7186746538105252	-0.5051045234841014	0.9356750099932033	0.9193441668982347	0.546166655952281	-0.6477202277581492	-0.15072216832937496	-0.3983999592857161	-0.38303867377038603	1.7075155329489582	0.40817548890421734	0.43840745483760574	-0.0061650605824947295	0.44749444561514334	0.0711876320090352	-0.5308387192353528	1.1332110870593413	-0.6534729862615284	0.8026736780685014	-0.5342873336600245	-1.8085164989691658	-0.3328291501052198	0.43861380445809456	0.20924154010395546	0.04728557525239562	-0.44129694150378684	-1.1046560979320192	-0.4178119255281528	-0.10531876661981916	0.8224716604723518	-0.5498620646640162	0.4123698643802018	-0.1479711271845605	-0.658645078457922	0.8978860681020078	0.5698662336844855	0.18666391140496766	-0.5084131700804476	-0.32090282539434495	0.011031447037123797	-1.0130576231974204	0.14376861561090254	-1.0471773685442172	-0.33292061644088117	-0.7963167222346519	1.024571872286908	0.002505917275219447	0.31729222450665384	0.41040676627360306	-0.2901831184849414	-0.7817819747673871	-0.7388695480837096	1.3001041168035061	-1.3236418353187622	-0.7966921620250424	-0.9010307559208519	1.6035124654244515	-0.7133213445353749	0.0179203352201803	1.0916749611889094	-0.17213978156406062	0.7320715954759095
DTXSID8025258	2.9307103247568946	-5.1794508416401355	5.490822192171468	-0.9897726769805412	0.4080117748313982	2.88824547438482	-1.8358779779082088	7.2591012602275	0.2878909479260505	0.24745296284681628	-2.4947779637401086	1.193992761996564	1.6273487837657614	-0.11551354911875615	-0.9801347770761119	0.15703047259646882	-1.3400835461530893	-0.8744815163913958	-0.28980087864797355	1.1689652929170817	0.3068613782485759	0.35323913202184176	-1.508367334788791	-1.6140056714790862	4.304084475519036	-0.5967893923034666	4.1056559915601785	0.08125467563978861	-0.961320991506636	-0.244879545137231	-1.3109674021756488	-1.1337513144259508	0.3195707341983693	-2.4043124372932323	-1.1533240642829092	0.6181421444969954	0.3354995461526557	-0.9141300168194514	0.2422532494841843	0.3541330243046689	0.24595231826890332	-1.2316817356696605	-1.302359806257646	3.4769317793203753	-0.7873900616187308	0.8923059406078794	-1.2687077455688462	1.7593571973674418	3.1354375312024	1.0284827863501778	0.9293639414415277	0.7942740589871005	-1.3467359166276047	-1.5750158143973674	-1.188514060631634	1.4867580153448443	-0.1390105358215326	-0.8087161544697474	-0.40497934757728443	0.7740817415069907	-0.4597586081064664	0.7797969471934183	-0.08676766750574083	-0.008520384229699217	-0.7295523132834012	-0.15496461015855317	-1.363327001487799	0.5481863238636647	0.24805762982963755	0.6301430051969944	0.7172214114994215	-0.518155226490152	-0.37673930115862675	-0.13086917400393488	0.21887342486081227	-2.4000761710269076	-0.2729516802091138	-0.39157910304143073	0.5251386145424655	0.47591861569939087	-0.7012800337919358	-0.6356576196110628	-0.37412700206566685	-1.0577200103329214	0.9390997641741372	-0.31651369525430556	-0.8657780879478548	-0.237158795187662	-0.28023938069079235	-0.4569851482201472	-0.11413834882467419	0.9804891340009746	0.4208672217340021	0.43632653849695935	-0.29481289832033325	0.5185555519434578	-0.6812221191059061	0.5403581211897208	-0.5682719472160565	1.0933913199164753
DTXSID0021915	1.094863460599242	2.078245067333777	-4.023224537392414	-0.68097868262534	5.446965650000566	2.1157322704337003	0.31589772791526927	-2.6973168794004048	1.4918740566949484	-0.38231206759460973	2.0394908261448332	1.4541086707640694	-1.1074556739161232	1.2332450401440764	-0.5773076439414707	0.9333210204708425	0.8415721908763715	1.956099608728266	-1.439362923318634	0.8964687420281487	-0.7696801221309996	0.3172620557310232	-0.4408482711118781	-1.0186571449003143	2.173247635781604	-0.3396349972238734	-0.007556571468778082	1.205303146408607	-0.6258078237373617	-1.908867936606048	-0.22815319657068303	-0.2084561410968312	0.9194425507519216	1.7729549605444477	0.5203985781782461	-0.737646168745136	0.6412398559591708	0.9614733304205986	-0.7094828337835343	-0.31304050093981217	0.1279323010453688	-0.13240975989718115	-0.2718129023281816	-1.718985602138742	0.44946802354180954	-0.3483683423771293	-0.4537318035204872	0.07389053248063382	0.06471516588187118	0.3354174647392811	-0.34646474036509994	-0.2009214769355948	-0.607182656851912	-0.9818297060739575	-0.4983644817886821	0.7797836218786993	-0.2936322464908988	0.4127935222967566	-0.26708910245082157	-0.10233919796151074	0.8557518241283497	-0.9378028658001087	-0.30113709019080626	-0.9666919316536599	0.34109708235208835	-0.2281533975990995	-0.6500556408663375	-0.522731663827095	0.05119629082387351	0.32619804166042754	-1.0881287245210398	0.015894014805827285	-0.05655134321685531	-0.03906569320363608	-0.8084706240079396	0.9182179260007972	-0.6102335505343572	0.3565341371004386	0.4435925418666815	0.2451236580796536	0.2886589133045491	-0.28273700610546104	-0.24989148790681678	0.051814848884604164	0.7494966909778941	0.8792197610273609	-0.17627161410830608	-0.07468492014221982	-0.4189038216524247	-0.3593320709552846	0.47209619982987916	0.6250380970202877	-0.301153126681769	0.1426825569083017	-0.24145559836798364	-0.3302992246085347	0.8673892838163112	-0.3865251513597007	-0.05606460507734366	-0.016705625998420712
DTXSID8045771	8.812834752667847	-8.665784859514064	-2.3381127361757543	5.490751698470716	2.7516886455518708	2.6021651485947928	-1.844149369002478	3.424791772863456	-0.30109919246778466	-8.694302996581843	-2.6097629693477082	-3.2419667175764224	-0.02889406243604728	8.525289709478235	-1.1972927716966675	-0.8823515273899327	-1.2408928437913558	0.4499808783044905	4.902615698187894	2.3622500367997334	2.565894312661733	-0.0025412439191910357	-0.5070509196199154	-1.6849879599914308	0.9046726081296629	1.4265689502920154	0.6790188583735005	1.6937831715552731	1.1515343153290807	0.39698542291314637	-0.8908542492798407	-0.5817925983532701	-0.5014481190757535	-0.2229728124414236	-0.947804740623863	0.4199415571554503	-0.5375536371653916	0.8440091904825376	-0.4423847377087012	0.7546881106375257	1.3535488934933644	-0.27052585997723216	-2.1062136249792176	1.2316246405166658	-0.16938416719847574	0.7560808042119662	-1.424973660305703	1.3897782164359245	1.340827098772567	1.2254815890488593	-0.9592373478226393	0.3191906249347183	-1.4086281474747724	-3.1682596540911963	-3.2912471458088945	2.724284298191752	0.4997609136719929	0.7814677181076132	-1.6884768403090515	1.739764455738478	-1.6427336584829166	-1.0090473269692637	0.4558483510210614	1.1446952906238708	0.8542140345220953	0.188779267249102	-0.9867703673645305	-0.5429524300536622	0.7622457542704056	1.6721968254135018	1.0458370031717068	1.5438452149412734	0.13955324306752004	0.02975705223349681	1.2208505401675414	-1.2021353427045454	-0.6734398871826668	1.2412727881618753	0.306951073983246	-1.054567698361527	-1.9079209592930415	2.3292445675266955	0.7834924614407992	-0.2582139559634638	-2.1716152053372766	-0.9848777426162727	-1.5757770904210853	0.5337506094779115	0.9110837997640031	0.36233215585182993	0.259942032292615	-0.3674790105294641	0.32932119518645947	-1.5075262691040872	1.2727042774844008	0.5836852423997704	0.35087413867320083	-0.19392492354827473	1.1074825383275748	0.9502360944418622
DTXSID6027509	-7.27021703418534	2.156877171217644	-5.025457666027858	1.5128554089240256	-0.15512565169332568	-0.3073201147825789	1.0076271712969314	-1.0888928819799248	0.8993677587256954	-0.062215381454573476	1.1358127299069178	1.6405916643870353	1.4573222712101985	0.9744736123649212	1.4588366999459224	-1.048852919550095	0.4205512483467899	-0.56447616931689	0.9782025422522879	0.54598131550418	0.013031737798386267	0.9155703200217824	0.2498316499550761	-1.1015183322761446	0.3550273747212418	0.6572478607503588	0.2036643565994247	1.6029819832171543	-1.9432298654705935	-1.4193233940682706	1.99521172280048	0.10742677812905693	2.0337330688455304	-1.4334934504001915	0.2948392959204089	-0.4096904638325795	3.492970221187756	4.50386642882621	4.503564818810707	4.484882241743618	7.316029084406905	-3.1960980157652594	12.319421472092802	2.1660024153324593	-1.7073905169297483	4.828859366696787	-0.8854989225718788	-1.4290003333158887	-1.6023614337817507	2.327940699708279	-0.09158983874691023	1.0058099745161377	-0.8183560445823851	-0.7216369502343984	-0.2624636538013458	0.012184639538317246	-0.26017099520993325	1.1490120895418028	0.5997746405511228	-0.6430399861931018	-0.2855916348861065	-1.129209969929116	0.2913179034786644	0.728283279054163	-0.8202159817319022	0.31489796303849604	0.05498004241387399	-0.549818433152449	-0.41192926706325717	0.7316790048866633	-0.6474307933167556	0.3291299221747396	0.10988156721929408	0.6578878098484845	-0.593838249024923	-0.31745885649071554	-0.5771821028860951	0.47848137445089484	-0.16237724348456356	-0.08382225090635259	-0.004041392479753295	-0.7165546903006055	-0.17906960253319604	-0.23879591049987886	0.22349303881791285	0.04180756520663852	0.11141277798100328	-0.029711588233198225	0.5471009435720147	0.14100891879648622	0.49771275407451127	0.2559403630811784	0.010127035166574292	0.285163709871615	0.014147487506937301	-0.20223253258194562	0.11956545885836795	-0.11020825112104843	-0.015625466120262596	-0.01754908852181638
DTXSID3046908	5.671912887309303	-5.234135333518067	1.9937098869734768	1.694634193221614	2.3372277670853743	-2.46104465602791	-3.861811708430882	1.008341952077108	-1.8347297096159394	-0.3725844226459301	0.4481199336714676	-3.7354215459563633	-1.9420358111652882	5.2167980966195495	0.5313073876986747	-1.8341918643640711	-1.27020634831934	-0.7284013273356993	1.5009412297978844	-0.7266688220277768	0.20560216463675285	-0.39671924660182467	-0.6400119824222222	1.326888205238755	-1.2421744784176996	-1.123529741025104	-0.7074974243275448	-0.7950287122016684	0.4774762792681891	0.18126207488580368	0.6115217449658471	-0.5047298858188973	0.3091833729884119	-2.0415759560098246	0.11567977493536344	0.26673470164484625	0.14053832251442283	0.128147562843039	-0.04166720000107567	0.7199854622556496	0.4741125761069209	0.7983681402142326	0.8445815505392704	-0.4780981155671177	-0.5814695499307667	-0.6474308849146141	-0.2557894078990249	-1.9530168422408407	0.37167492551702125	-0.00020371251480654087	0.03420559438462793	-0.5483638665427557	0.4264372481910958	-0.48754636390697387	0.6176308763825916	0.7876886505429098	0.9449066373672441	-0.4665337014424892	-0.8589922562573197	1.2273373613186478	0.07610552341871012	-0.196436414659781	0.17522487250898858	0.36084570103482927	1.9943709233512232	-1.3033927632045765	-2.527002061374132	-0.8847500603860705	2.4254690597143	-1.0656678012854481	-2.445658541408271	1.666695190507324	-1.0345480601912433	-2.6139379236446567	-0.7944631091087913	-0.03530424581178788	-0.5328285083191647	0.029761858539481628	-0.8599326772748159	-0.4730724894859383	0.14948038918530127	-0.008943413749731986	0.039083064225827656	-0.7118908556153999	0.12924747872417028	-1.0012485662392447	-0.6494891544401405	-0.1326216481793863	-0.26746492876013894	0.024907020567283476	-0.7592125813280248	-0.23302694926172438	-0.644499540407753	-0.925272670096881	-0.7416611561577281	-0.35554379556663684	-0.21048739631545021	0.5103578364480972	-0.6840082579661179	-0.42909593389180334
DTXSID5027279	2.023384585824644	-4.311265528214572	-24.510454993832568	1.3273497327013606	52.090639283001785	0.5589233236163715	-11.3907337508919	5.616055830278924	-9.912682089689664	-11.649909401990904	-0.39277870868663456	-5.235904438393708	7.9903191571301395	-4.606230334188927	27.697628062869377	17.543913621316452	1.7398468970606067	5.636949848058969	2.942870652122529	14.890929720362083	-0.6065154413963705	19.221062777372897	-16.938743254105646	7.260446443655225	8.158068262186097	-13.912848155643754	5.052199020166739	1.83814523348004	2.584693414011212	17.368157162916898	22.76787988057533	-18.312694521141378	-1.7866460355212421	8.0847760057638	-10.390032563739847	7.389450382696353	7.214108886493424	13.433618403303605	-15.275133830924306	-3.8496775267791943	13.146469723389826	8.716720681941558	-14.764262921156641	6.192762413656471	-2.755993139096178	1.1368006851308798	2.00476321436718	-0.6658267091024728	-11.852555215245902	14.995270627251804	-12.906686040281997	-2.4640544082516733	13.643403943865163	0.899911397277904	-12.073367001564371	-16.67398131701128	17.822208501565427	2.2909868403224922	13.820925489277913	-2.9455410403666087	17.828518031248816	3.9112415949571866	1.8757267804243978	5.730313836971634	1.0633590074788624	8.519256291891198	2.8501423272677044	2.961524264577992	12.5765065232753	-5.827387754169957	2.0420749008572043	4.284124325590866	1.8847432532324946	-1.036362871573212	4.8924218041889365	2.9151604674874316	-14.475111811062943	20.340115085898198	3.1917144895867717	-11.591335095602693	2.8160081043480423	17.34369020947376	10.343578400491236	17.895072169997484	-6.005121858051654	20.811235353791087	12.832500679020207	-5.735840872223168	-3.2547329584742988	-7.209193779420598	-2.5366784043236166	2.645511368143182	-0.42314927253724005	5.996311920550584	10.785826916789432	3.6417768863666042	7.525848442758336	-14.180707997176542	4.6718016231434625	21.956609052056542
DTXSID1045459	12.868863924597697	-1.8818289174660603	-5.009495521629199	2.0658991969253697	-1.317750103277659	3.5780289896284763	3.355044435011679	-0.38763640987990744	-0.5643433637226422	-1.0903735598763726	2.4770726191489683	-0.6308304689364862	0.4576786494331708	1.7096548722937244	-2.0996973738021203	1.1604538031503315	-3.322726014160626	-0.6023349759190687	-1.8444724836101465	0.45735933915570265	-1.8461959243913144	0.22927190383874735	-0.010438416240506595	-0.8175498038204074	0.8907992814452915	-0.27950714624427275	-2.4784035238939004	-0.8494239949249213	0.3063745915725363	-1.1685043077887607	-0.6868300925519115	-2.273019794468583	-0.7819258613646621	-0.2337365097120977	-0.5648137592608158	-1.1819383750565857	3.2005101905258315	-1.7564554915640969	2.3107469209944815	-0.7039269275414481	-0.9676072020954746	1.3682281146873143	0.4070572835011077	-0.2608449147669305	-0.9463983474068755	-1.8898339573812977	0.5205496453414582	-0.7315480418319603	1.751526167951319	2.4993783455033416	-0.8919163422648452	3.1323688150081104	-0.90367008236427	0.29615461770693263	-1.2275084373741922	-0.3899189775148378	-1.5156857417072507	1.1362947551238791	-1.311631074563354	0.6543195578446395	0.3277312043945043	0.402125323660687	-1.9992271240383823	-1.3745058935554921	-3.607680314733497	-0.15752538288736256	-0.12117999980041906	-0.5720675972322309	0.7229203519882915	-3.181991768535893	1.5766154365608855	2.166031708101032	-1.1280132014464532	-0.342850436428191	-1.1157567710290905	-3.2790271699352984	-1.2689421942332553	2.3582742846877522	-0.4532831177460989	0.6272565482715532	0.688425768789985	-0.3620920052619398	-2.43141826859331	-0.8911003108917401	0.05269805026748658	0.5958864561150783	-0.3357447906962841	-0.2054513259636505	0.11454835305299507	-1.0567735391322532	1.0282832353986695	0.44959747509448544	-0.8877303408454384	0.4786299751270449	-0.8700110800371293	0.007441126667671955	0.5991326166655842	2.035051825640405	-0.4636591888156029	-1.230433040921896
DTXSID0051499	-7.7233441797051645	1.3284266774392657	-0.6583102365689024	-0.849006574898099	-2.0417759382291862	-1.3186758852071647	2.3139004421384293	0.4993495792363749	0.22444244818432843	-0.7010237822783479	-1.0536219989879023	-0.09427410990230421	2.2234111777402177	0.2492277861024321	-0.3102307042800306	0.07627180779689144	-0.4090973774256939	0.44343536176743553	1.0334920125849243	0.17548425575846935	0.3306385309739139	0.41588998711429864	-1.689339582405199	-1.2631504653515393	2.204478640554372	1.411471701429822	1.8414317645009957	0.06881585915195128	-0.1571055614632377	-0.15858699645489938	-0.47489339208088227	0.9973953186834835	0.005725293810454726	-0.8271863991398729	0.11264241608547568	0.009638857149118182	0.3526711289784363	0.9012847773235546	-0.8054840304786975	0.12071467192119326	0.7812850306013062	0.06363887370670958	-2.2181761176013044	2.1735758606474556	-0.3277375371529662	1.2553080854261294	-1.1032214961256626	2.9415042936464553	1.1398749879563732	0.5722258879535078	1.1087509652732577	-0.04784899171637059	-1.1854662161388623	-2.5894039921985823	-1.7551712031012952	1.1665456848721059	0.4356143393684671	1.1495051296217311	-1.4263101450845128	0.9705905503793552	-0.6420469856490424	0.08323969005170259	-0.7723609732206274	0.9998903860851142	-0.06001481881418219	-0.3871321014116977	-0.7269184458999097	0.42444618343650126	0.719602500051258	0.5616702891162687	-0.0005535771791667527	1.0257830550838907	-0.17293843753601232	-0.00042906722544752284	-0.2484418512959246	-0.34040497613284504	-0.1750259669064516	0.20283429946521983	0.626006181715373	-0.4068412856314803	-0.1859096248069183	-0.03254419591134135	-0.009290978847026052	-0.31717693618149057	-0.40057465178691226	0.07394677880173113	0.08927773831768512	0.013836301255264078	0.32103494080888906	-0.2529926748016405	-0.32292132926493655	-0.10360659925875097	-0.02552976911657082	0.0653498435365087	-0.3822269128695948	-0.0040487189083300845	0.4094708479131133	-0.3110565627038972	-0.11847200179738963	0.3454655800293221
DTXSID3042188	-3.4692908390684596	1.829112569923449	-4.0504833664982085	0.7930892605355481	1.7348327656708342	3.950066714271551	1.0331352823329418	-0.24915525811420333	-2.8314707086919793	-2.783545668257222	-0.6060005005902079	-0.08871970984230569	-0.5359473343663472	-1.9674795767151168	0.8898047588338497	0.37228781263854493	0.5663826273727117	0.9646103061933066	0.6266344556708188	-0.5809011639536542	0.19849406586965665	-0.0300754169470779	-0.9518493924248023	0.5243346875757713	-0.32830613574608103	0.054164236000217476	-0.00038924898187476126	0.39778081757722933	-0.1536664417620338	0.16320871037534296	-0.46509776603482056	0.5611238528805497	0.3986698870302318	1.3150015706161087	0.8106685340776267	0.04612776816802185	-0.8638484075672278	-0.07993648435482312	0.08324239088246091	-0.936756727666003	0.6547198207982794	-1.0319623512112295	-0.14496133913272718	-1.0147758504361597	0.33825628847083605	-0.9886229959764194	-0.5826295147953379	0.6190215750763944	-1.1042368983796114	0.41606826561450283	1.0017080507217777	0.20182034940632315	-1.7752353628887179	-1.0580420706511144	-1.0091258179334863	-0.2084772277967977	0.4871897968635663	-1.543626977496615	-0.2492324300575531	-1.2127965353423527	-0.7791881595512531	-0.6479006382568835	0.07453239566310163	-0.43460436136474084	-0.3487373199297314	-1.2771365204076388	0.5614055365984503	0.5807846423237147	0.9499975357650535	0.2853588850898673	0.8158102850033087	-0.6198869807470284	-1.3268094608306078	-0.8953447475895988	-0.014811746767063596	1.1804241438008667	-0.3468124134597425	-0.820579196556728	0.07162648545807333	0.22944655612905576	-0.6065619772975573	-0.1351602628327222	-0.054259532173960456	-0.09005318782992122	1.1468734332436779	-0.12495153332191519	0.2623352613090077	0.48527398394169563	-0.21365626485415207	-0.22293838774842648	0.4487604008873671	0.4821514140527621	0.49868892652195623	0.8253807240710525	-0.7066097560567515	0.10890945152629446	0.02534728712398224	-0.018052919397502917	0.05296174930183217	0.1846079413632022
DTXSID8021359	0.6977428837101253	-1.2781317200850626	-3.029461138310812	1.0155369768825875	-1.551299284352673	4.538828819913442	0.12897316055593372	-0.7298777681006827	-1.3607859798541684	-4.727427894613441	-0.9986625236182779	-1.3360138684771028	-3.3778998694669107	-5.7388597821417555	-1.2112043688774443	-4.671479753789445	-1.9211069192340848	4.6121463980189175	1.2586386084201708	-1.8571771567623914	2.057787908530873	6.411019611685672	2.564458330110689	0.02682118846617439	1.9991296754940997	-1.2148846672879987	0.04090580695552953	-2.0105735888007636	-1.2586790678908824	-0.2390171619595556	1.8240755211827229	3.262464097098663	-1.5463738047721094	0.9912408707533993	0.93880061241834	1.4490137108234071	0.032555602644884385	-0.40756392791433177	1.2459421631171232	0.12100610159125082	0.4982070712783347	-0.13008060074195088	-0.29255129125598606	-0.9872360011470757	-0.20241515768313625	-1.9528506916534185	-0.6702682485966687	0.10363095761576642	-2.583646337137656	0.1446727473037734	2.165412323012016	-0.27824784636017363	-1.7450765334520784	0.5981274870032655	-0.0031359233343987852	-0.5958942696056176	1.4891484458327877	0.1565378005608399	-3.214411809464607	-1.6678603327339403	1.5370340292125386	2.758160862158114	1.0988965147181076	1.2665728521637998	0.4732752749304112	-0.3212757578852498	0.8893574444470448	-1.2268846742175692	2.4626749407629647	0.5218588834950626	-1.5884775634184616	-2.8561250722942852	-6.1356746090161325	3.2289610376407074	-3.3281338893906907	-1.5952032458064773	2.1560033286919467	2.7424528523974723	1.7802814470515287	0.10720311056646457	-0.9279587618272432	0.18825865066744218	-0.20064592381764618	3.8014765105772574	-3.7121990929594326	-3.9433354020924583	-0.2842774605747795	-1.2865816852316516	0.21491565442380953	-1.023955518648382	1.2761627348218032	-1.4640313861206453	-0.04975525537348345	-0.5646617284299397	0.7844910267133784	0.07208755389999177	-0.8515509014560078	-1.647426973353689	-0.15428809909692165	0.03479137622068479
DTXSID8023345	10.482534883571555	5.9946067238330265	1.8305130473453588	2.4636307508230675	-1.9615291471727456	-0.5966443724826793	4.529153543534424	2.8414478937191925	-3.1409145067375452	2.3961151015442828	-0.1479277712787644	-1.3024334955461159	-2.846464028744444	-0.14765103289427392	-0.7446731506326104	2.6845200137175937	-1.8230761910677475	-4.128986316588276	1.7285875208148735	0.8334139126229676	-5.199896098616989	3.3840702882018916	2.811598649426248	1.5461228735556598	-1.587912199623358	2.5508314831990018	-1.2428772047805803	1.4411286678035178	-2.7161612736267657	-2.5537017898333	-1.7230156579969695	0.9179533049182681	2.3035877488468093	-0.751578125195285	-4.117432654582193	1.2297689276826889	1.1779672918986588	0.0282716720590886	0.18426586997432548	-3.45724557053473	1.0311977103051069	2.7513529623113895	0.09958545412144075	0.9162925480943735	-2.1726163225770803	0.9287273174032884	0.27035893521070886	0.039418939057288584	-0.8228469392216997	-1.8180549784747895	1.1155072973419955	-2.043277670212517	1.5716029602255912	0.8859602778684934	-0.8508479292093037	0.44476979595430555	0.4657217463669719	2.0991641515625954	-0.26313970575246987	-0.1677538181209601	-1.771667713195179	0.3622330386058814	1.4039450049930466	0.17796860373652024	0.8447203477601722	1.0163153008515866	0.6333292883437316	-0.7082951135809022	2.0201545127701195	1.2118282430098977	0.6373540836618964	-0.1742653749682572	1.139163120399772	1.329582456495207	0.2619349360865755	0.6862326024063204	0.1558565817782714	-2.3165946912257804	-0.523599193356138	0.5285288055548188	-0.506480041230399	-0.4049779644422157	1.6668264811426974	1.229457499384205	0.33315719550049927	0.0334189493742896	-1.242535532907059	-1.100782041636168	-0.6811929528692291	1.5484355828660066	-1.3134762878366288	0.84233881038732	-0.3552434697596029	1.636062924163644	1.9881346223799308	-1.1965206866839835	-0.023502718011338537	-0.5190196456774411	-1.347163820668789	0.2849792401156626
DTXSID1027500	-7.031697348648458	3.1283073683777523	-3.4891300911998218	1.9180761586214692	1.0851977914077149	-0.6646819312264018	1.0550400378207079	0.1765672618726151	0.4564992958352848	-0.15841298988133265	0.3767730888191528	1.3619569381139478	1.0835739697455313	0.42018596602140523	-0.2716136247720782	-0.16757334539746618	0.48124595886151234	-0.5828371633856425	0.4820614360301953	-0.9486043353548648	-0.917527762236682	1.4654831427461152	0.40066165381658353	0.5814209332437985	-0.05888162710517098	0.620930339878872	-0.38234177095744887	-0.5693350406358486	-0.7377398148596097	0.3005918751126712	1.010947431545944	-0.11010623997199757	0.20146265634873983	0.3832195834070902	0.09332248294638952	0.005535377220428447	0.2345675756729983	1.0990558387222948	-0.31088995722883983	-0.8154652650209845	0.5786800078194091	-0.5714248166333733	-0.3724130584874024	-0.36695551472181226	0.7931673192495438	0.1934908176082495	-1.0387455133254844	0.5055188164128024	0.6846912013588802	-0.3289740690761866	-0.5488309074442246	-1.2749697972638405	-0.3290057415512231	-0.6524651523713112	-0.7811888295702317	-0.5329092173521017	-0.34033981990802986	-0.5086181840292544	0.5259257016085779	0.38395987860844255	0.013874974726010344	-0.14568935763946364	0.32285620971706885	-0.5564294656229792	0.6402121037205466	0.2801783781092085	0.7353616407046031	-0.005733637998890141	0.6196765748262327	0.49137779460209297	-0.4632790860063131	-0.7686887280146002	0.29837139965284276	-0.031264981717341184	0.21242817735906616	0.48931701685006046	0.40227707024916204	-0.5406519104674142	-0.3916366050997035	-0.3845619965509398	-0.2578633491937067	-0.4364870446284261	0.5351179233842616	-0.02172773730844053	-0.2627175290403649	-0.5268857645489132	-0.28007532163065235	0.3101464538547428	-0.249131325821006	0.022247655381865492	0.13858151641437763	1.0235660216627394	0.057108887258890274	0.0011493785575140743	-0.17604565657416188	0.32277513776052325	-0.6485792712649707	-0.36892170337568325	-0.0639998305142634	0.6985851006925845
DTXSID0047294	4.566185144683814	-4.212275212839895	1.4221760053599386	-4.1620097048453335	-3.9000542579719863	-5.199006094944801	3.4858587153178067	3.1107418515445513	1.9504776803159374	-3.712312920515889	-1.0643376302348462	-0.17845363483200594	0.9945162127765884	-1.6258078984579334	-2.7851871542843307	-1.5861493509067228	1.4227787974444146	-1.1553894075421796	1.1226958156113909	1.490474677615862	-0.011412748075782703	0.02851837164456503	-1.9387114182488145	-3.5886491500578	4.579862722586806	0.9125886607830173	2.891187359454713	1.287947497492602	-0.1389837556893398	1.9651176204056564	-2.6051937780061905	-2.300723656330892	5.327285279507494	-3.6325717898272196	-3.2091930282077	4.647706495273491	1.9927788519068557	1.5314078266311009	-5.674168274941992	-0.9150234381637682	-5.407806773243848	-0.4302183479568429	2.5574939047876497	2.2411027770508034	6.32036978397198	0.8064058356916955	0.7175082267335501	9.37485306249076	-5.722924771815377	2.543106105910017	0.910442002331561	2.1194926223796458	-4.992045609092237	-0.34544595478432755	-1.650429871305805	-0.18032944162720563	1.4467559492978046	0.9028715468123844	-2.212069288097919	2.183196496867086	-2.383071826808475	-0.6995341550365602	-2.675581452597653	0.5901900569583249	1.0917712865206917	0.0970709497492689	-1.1684596950335424	0.12833111015772206	1.179716969398417	-0.4636893962712587	0.03676240480426428	-0.5255622973771464	-0.03544912788770937	0.1158305170346839	-0.12882253229095178	1.304101113675286	-1.164767328325038	0.731841634918249	-0.25414120756959346	-1.1390070876178038	-0.12169173550601235	1.309692142087222	0.33929760946392445	-0.6442763467111143	-0.9048817737298137	-0.7020396021509686	-0.014604460833154954	0.8994123559246929	0.3316082493643453	1.3452996894182023	-0.08158255631111008	0.7081508263720169	0.25136071740681076	0.6223323106234562	0.3204253513177985	-0.021628601338836706	0.7984215248249361	-0.47352247399151787	0.416083266905869	-0.07814151020795224
DTXSID2045523	45.66799983100493	-14.834275328084356	-14.559640945721773	15.947076923044314	3.4121605684649476	0.7151317276264115	-2.010840781810788	5.990799975389745	-8.630700770379148	5.587057686465642	-7.697876383245015	2.2669851412980737	2.4502034891255127	-1.2690498493916125	-4.0774434421529016	1.0838257592923297	4.75882935138812	7.769298022915624	-9.23853684967858	-10.360384015236718	2.9251819949047047	0.0038474057521014336	1.3020343124915181	8.261108993430884	-3.66971893205343	-2.2078258372243766	-9.174878489776242	-1.261294467345095	1.9589955173035545	1.7373479077191367	3.410442158684107	-1.8936368384621736	1.7791436111559238	-3.4028611573288425	5.293330693892756	0.35050283915929586	2.355556361392556	0.34047622198650934	-1.2196405914887591	-5.305670780205244	1.8173046648926403	-3.7683335385369343	-0.2583487113248776	0.8573362940259219	0.3522299393003325	3.190110487019921	-0.6326051258698225	-0.9783180818832661	7.485959139417818	5.210574119948934	-1.5561858846412164	-3.5728390962762626	0.7886781470732573	-1.5031813119591237	-3.657558958558263	-3.018356539055133	-3.630566641801696	5.692179486078097	5.6373862418051965	2.3923406382071835	-3.683020795117742	-4.560237068374747	-1.1321549822330343	1.043379148131664	5.029334754232721	-6.260418848274275	0.8526388481081317	-3.7948248560928604	10.345743882372856	3.9331054173369813	-6.828937156960171	-5.267833480507604	-1.80815253727402	-8.419378489966066	-3.4714788619354455	-2.16451426488356	1.4084378089334804	-5.526718811804913	-0.36372741262790126	-2.0365079791307084	-0.34640195286422154	-3.864294176071779	1.8620795517282946	-5.65931287021041	-1.526383921247461	-2.571581327097153	-2.258862015700273	-6.3822597947829145	-0.02969900327769013	1.8374397746829612	3.4389128953339645	0.17497874373814917	0.46524486872214466	-0.6123497679709562	0.5092726883164763	6.03361475003543	-3.9169079063504046	2.161913933585873	1.5767616372609854	3.365801110745319
DTXSID7046912	11.50690715024028	-4.106589109158848	-6.195461231361369	3.6161082536910847	0.322098367381974	5.414865433992563	2.7818684856872107	-3.2128784927360345	-2.1283945593996907	-5.60203077425108	-1.4920143991259631	-3.375053810769704	1.6036092995592124	4.030860478899832	-1.2992206439333023	-0.9409818287269915	-0.6606172618060441	-1.430169658774859	1.1378941330318126	0.18690546214658324	-0.23573683206056711	-0.8597962799565012	0.4761080106782823	-0.2414219383963219	-0.8167437966816655	-2.029458971369423	-0.5019887959998297	-2.4414794435733542	0.7354092267099671	-1.059369264959389	0.8354806174183043	-0.7619776681729225	-0.054529963932628905	0.3263380443781911	-0.6446820818665286	-1.0304673253470897	-1.0971148372184238	0.60562520989893	0.18827926049029653	-1.0329413347713823	1.1166545612336158	-0.3635176397600215	-0.03138787671567829	-1.264221419875034	0.32736403024984434	-0.06803292919476886	-1.036399150494661	0.739832105951014	-1.7310726123722806	0.574852710202742	1.7587044419768654	-0.10934853405284319	-2.423230574357046	1.4098700054144204	-2.3229291270674177	0.5626074914249025	-0.9698924388046513	-0.36041913659502983	0.839660131219959	-0.6844765213590054	0.47080620626062736	0.5398358931012126	0.21897046433060827	-1.1868075939572098	-1.7551434487572874	0.6245645848421012	-1.6064122134047925	0.47656850913671356	-1.4243697746615425	-1.309133763208141	-0.11938120441176879	2.6857682231604074	-1.865938881487687	-0.5249749209609214	-1.9098563171069696	-0.1815366934135504	-0.18582448411489125	-0.674039365691025	-0.1811812861345705	0.8227703554459419	1.2830085669295606	0.4401408234032431	-0.3683145144014684	-0.8395292057624153	-0.25403940137273456	0.668520959828525	0.4254840332570587	0.028486512299232533	0.7189589990791119	-0.613481926469868	0.669494759485224	-0.42582355200810496	-0.770560879366513	-0.3799445924561489	0.6509437865944349	-0.5229185693102552	0.0930567392158294	0.9135037380753268	0.39559631046534693	0.13103972758377502
DTXSID6024254	-4.720725711233394	-0.4749761543396962	5.628065674185515	-2.1193362063329597	0.7331685769085551	1.1472630717256413	-0.2119523702304819	-1.5250236641003017	-1.2639701031032982	1.1286375943497493	-2.862175564494915	-0.05105315410067489	3.6899552622953284	-1.7509527969353729	-0.24799502653739772	-1.007114793343664	-0.18316106981031038	-0.4703451631315598	-1.0674247453208192	1.6943662623938525	0.332259170754914	-0.557833711152667	1.432423194458367	-1.7969536697634783	0.4615126388303806	-0.17396404408490082	0.041212839652743506	0.15104005581111166	-0.21474993961970365	-0.3485428730476366	0.5172575957285853	-0.6671538989868895	0.029096950622993025	0.20020224795536937	-0.28537758632307675	0.4625996625871038	0.5822938865545083	-0.3342451215190921	0.5837220937154977	-0.44437244567718004	0.08863577872511863	-0.250162104669651	-0.19080013456957157	-0.576108924493855	0.20560621735992726	-0.5296275806352199	-0.3700049792143847	0.11568952845725558	0.554964699759564	0.25467113308802986	-0.14820933908589035	0.45648347293821073	0.04015940365603049	-0.5238271955964917	0.12647124495752032	0.11071548528450072	0.18440911503857121	-0.07456814659381966	0.08834823374401635	-0.26958493221758517	-0.0674776721963871	-0.05470839424777168	0.15690395521893466	0.5419491389135436	0.03069418346100097	-0.4167127015820014	0.302788887678392	-0.21203835295836723	0.14726420507126312	0.1069497834465985	0.20522948909373895	-0.2063481093428873	0.2954914501242578	0.5452148020159171	-0.2700100595018486	0.17397454555734307	0.015510040881275416	-0.2071529650987809	0.08890240075019895	-0.32777102756399434	-0.4374440648386392	-0.16867598107942386	-0.1547616196289119	0.03583356064472496	0.2834717582038263	0.2261392875410349	-0.25124805321876253	0.1490888968727965	-0.30674067847377406	-0.5571963667031776	-0.0984881783505586	-0.24111954784551928	0.2227379140557343	-0.056966076201128764	0.019739940827254585	-0.0740490265618871	-0.34908376246262324	0.12082027922854512	0.28632712284911416	-0.16245574350139036
DTXSID5023324	-1.8824791187118237	-2.0682168166299775	-0.5570968400023828	-1.9169392699414967	-5.54372601934148	-5.378514774556468	2.9539167608146184	3.442660739909083	0.5355940999321583	-3.9967086033468253	-2.8059072166500725	1.0227696637994148	0.5429697115614356	0.7096878098099764	6.346925690676013	1.6359489635825495	-1.999710631261875	4.990287020084722	1.6994434466925754	-2.526982056018085	-4.431754396736689	-5.635791085940362	4.492908533083558	0.21450265293365486	9.791696818198236	-0.22729917634970806	2.860229779394317	1.5270775989139	0.48460543590483834	-0.5306080250678817	-1.7905792851238258	0.9693560491710014	-0.0939902654763932	-1.53218893708618	0.6239479567783602	-0.0684210288557631	-1.6257674101422135	1.1914386227047056	-2.129845993997073	0.7827891768824871	2.853852818976568	0.5614131299147564	-4.16053012215421	4.625495720342973	-0.6930193792562668	2.9561768115522957	-2.656809619990417	4.825012355790711	2.3807957036677774	2.1759620034991016	3.018882479006682	0.6971584123509702	-4.020679213666469	-4.095966958805839	-3.763963718145763	1.7076574848462198	1.2314270150744333	2.4543032941173193	-2.4817826925544613	1.9642268966762888	-1.6089623047964445	1.1405176873553906	-1.3249849791576815	0.9654901323637807	-0.20872727907793467	0.4754726785274054	-0.6346338100054572	0.8527418882222694	1.2611544128060876	0.9930096524832248	0.6365543701395457	1.3655815049848081	-0.5993972987269981	0.012485665416265451	0.8242469530706932	-1.114202418594799	-0.9693121906553388	0.6301874333055865	1.4203770340541637	0.044955148648557236	-0.7562354994713557	0.07477601113207782	-0.24098466963592985	-0.33576787648427403	-1.5891133789415255	0.6118274770544126	-0.3786462925371745	1.4874540146746589	-0.7020149969628754	-0.17492752344585213	0.1759242623185643	0.20552990956998715	0.2610974629363552	0.5272525461931492	0.10605299910270656	-0.21021601317704067	0.6860473288707528	-0.29977015447751487	-0.9105336416669272	0.6139185767205116
DTXSID1026118	-6.405447630497623	3.089005377412516	1.8191637820555981	-0.8578656810120575	0.4150828807912213	0.8184309917695375	-0.014633013971741198	-0.7421120632223719	-0.3224514732598994	0.2038892751346939	-1.0573973559418446	0.585099990209966	0.9102532643413778	-0.8957351207476634	-0.3678879330394057	-1.1424251239911094	-0.9020429142865343	0.24334282844981328	0.24727237793242965	0.6326549253769266	0.06622598280649412	0.23070031921903533	0.8819433326948133	-0.44907248263194316	-0.3305822473532493	-0.06976976817948018	-0.18132902454331568	-0.18078801248004425	0.40317033152558335	-1.079638403345315	0.6635418177968351	-0.33332280716467033	-0.2446955317187355	0.508615933123073	-0.35387775211288897	0.09320473209391905	-0.6390928196479192	-0.06279632876553902	-0.5239340598747846	0.3729069144662755	-0.06877156264407133	0.33175990442597114	-0.4085740364943089	0.7070060927869702	0.6272770852748938	0.5882402697212525	-0.3063926716505374	-0.3422763028628729	0.21481904971758176	-0.19800353836687093	0.11056299578811671	1.10688658179116	-0.1937020103369059	0.028739588074906414	0.3245694454168251	0.8493327161237273	-0.2048489446911408	1.0661037048739557	0.07233512123354338	0.3674991137753587	0.3644543809971824	0.5080200855822202	-0.448912988335555	0.33081541125706265	-0.3408953279847613	-0.41806450459674366	0.5911811489937278	0.0729222466985501	-0.14655300868162982	0.45885644600630043	0.561707949453934	0.07947186137723736	-0.21572442958753707	-0.2354526541279245	-0.6527249564015967	0.2247576565107508	0.27504947540896874	-0.3563994378744784	-0.4749309760088646	-0.30650117241754526	0.6244534324940981	0.3178144532498139	0.6468897159575766	-0.15013523511824567	0.6384798951416368	0.20447637855955164	-0.3913663090736869	0.358963607306222	0.2282331883012561	0.1972827726753488	-0.5227177131636254	0.057900662329288435	-0.869467484249477	-0.057310787274105025	0.1808316497957994	0.21569843127096894	0.06742683391402828	0.5306987942062902	0.3620217927440151	0.1864967193011853
DTXSID1045904	-2.176422742782657	0.10361492066334053	2.4555039469862794	0.14378047118866166	0.16441891685908014	0.08676892941409407	0.7762614794046656	0.29034724285875707	0.49483113296234604	0.3600094085296182	0.3508677639645566	0.6604971569773239	1.92626099260872	-0.32184174174842006	-0.04369896398144871	-0.596983336620498	1.6120041225440296	-0.8942410397065069	0.22623099496058346	-1.2043916086291113	-0.31238337116473425	0.6481895755887611	0.8784722232552646	0.1810654573409056	0.06556062172173872	0.7842224534627484	-0.5859114330457809	-0.3205913620932305	-0.7942624765209864	0.2036621478797405	0.6886842211120905	-0.3793344295221373	0.09785868342484107	-0.6388957153975015	0.6226849788297116	0.5027565786765505	-0.03726252010864296	0.0908599827711894	-0.16596030266797326	-0.48002029554711706	0.850089223589979	-0.8516840823752061	-0.7593926680293832	0.5560733765394291	0.3521067280544812	-0.15514499913146026	-0.6840747020048301	-0.8598069228888822	0.23859845423584042	0.31742242836054874	-0.5269436056180496	-0.9273772670699373	-0.7355571776138107	-0.27070404969071465	-0.04976149834582492	-1.1613166421361856	-0.4220832265814938	-0.32884278033273334	0.24543011331150055	-0.1290970732471386	-0.5891785622899361	-0.11059234124367166	0.6214336010099403	0.6521970423745864	0.45364012163065154	0.6592896845981858	0.7399543080405245	-0.1194600499702661	0.874948704012348	-0.45786799433961434	-0.5607884912460062	-0.8639340566795739	0.937178792080161	0.5232266542438723	-0.6432073128971701	0.20971593544240869	0.6773013587574042	-1.156810498634086	-0.2919425054782907	-0.1407089176765349	0.060680378691469125	-0.23282059672631106	-0.027456359748888416	-0.29535765087836585	-0.22323452350785722	-0.09250307221753672	-0.20342055827815678	0.14780805018396742	-0.17943300230881679	-0.39869005283412634	0.24272589305171074	0.5507954375046283	1.0006676158778425	0.36734384888360355	-0.08668992216384735	-0.07641712325126905	-0.2808379523306504	-0.1030450550373631	-0.17036080633957779	0.21790954267420934
DTXSID9045267	0.8332477372528933	-2.6035286162745472	0.6087542462863009	0.18684004936000453	-1.661301730267086	-1.0578594894658617	1.8641100205942929	2.050195353693338	1.8348652504299328	-0.5945686196944655	2.846554247303634	0.0016985965823173535	-0.860410656033238	-2.1768738259458806	-1.5189037057508603	-3.0536438962537837	2.568248176496806	0.9879726679989261	1.5932305911809883	-1.4403266968995454	1.9005407458258554	3.566115758842878	5.189939955333941	-3.6932408522615656	3.554139471526508	0.8893874310940304	3.2101375714843052	-0.7326473693306893	-2.535472618185569	-1.3984739352809816	3.2176061258632926	1.1188708962092695	-0.6915781144455626	-1.3618153798511525	-0.820138071431561	2.9119911569101684	1.0510665509916735	-1.9853700936809806	-0.007772547047569145	-0.0629425670624384	-0.27146264403651227	2.101220597700661	0.6422225787182153	1.6211096885756189	-0.47513401596646393	-0.44678950048503785	0.7690141004260743	0.03804012477060154	0.08398615765138241	-2.5160472542586882	-1.293784216233466	0.4877555799182421	0.9500047020433533	-0.9009159853576442	-0.9512876143128244	-1.4777861100158192	0.28997348956680696	-0.8015004632760109	2.0145710378571504	0.4415288438928796	-1.1845246217850285	-3.6178959940154174	-1.5389016351644287	0.5488100224814069	0.7540606062693183	1.251394268458906	-1.6753482399878448	1.7432916137326162	-3.5297184658617837	-1.3132751143415975	-0.03817987963327164	3.381177401786659	3.701755655894277	-2.3564584875089762	1.443942086674405	1.7513702131362845	-2.4551269220629486	-1.8598230593206568	-0.4555509441665808	-1.0854515109534741	-1.0398556281248525	-1.3626042194136316	0.6882168578434638	-1.2744066194455879	0.15068662606065683	1.918632153608828	1.2428474322044591	1.5592099676988387	0.3615869059038926	-1.511792864146201	0.19568359588651932	0.390032261118309	0.17774767491960097	0.6245203541376221	-1.0090153306387324	0.08379548357533317	0.08658330729108832	1.5084419754641285	0.5896774033361998	-0.6358899771565854
DTXSID7020479	-2.416118653722786	0.41992255477102614	-6.4208905238410585	0.7498227732692089	0.6392948226587186	-0.38405292324263385	0.7208115091947855	0.8104283530522237	-0.48978862957655667	0.44430299325278605	0.8906801892274677	-1.5865802227879713	0.7303806448009155	0.030447156082025396	-0.7559892876635997	-2.0079741942398224	0.4017832175988244	-1.4468268253314862	-0.7506529341232663	-1.4339906431746294	0.5796938777324437	-0.8000365364450002	0.2586444662244651	0.1711892222819082	-0.185677438221435	-1.6759338079829698	0.22199449704593602	0.9663084169647838	-1.4027746223900972	0.3604460792087772	-0.9373229723741555	-0.013505912309280256	-0.41021264000333313	0.05957931333196703	-0.09384800287447397	-0.21672951955037748	0.17870810511462143	-0.11363680360152513	0.6121911827368737	0.9590232920913664	0.2716762789484366	0.7124632692859723	-0.8221347297755386	0.8975024555583445	0.021845124934784826	-0.5291956790282035	-0.6713210928891603	-0.7871591191759088	0.8829821354324787	0.8964738316419429	0.566644840846144	0.1369346963959052	0.23317977890137784	0.9167529064838609	0.09194243595329994	-0.7473148759682993	-1.8243676591390097	0.2246247984330679	0.7853505720107501	-0.850245556336782	-0.07986679216860904	0.2576821819800271	0.45746114849765146	0.20226952929310646	-0.8677508936726148	-0.0015897566855595756	0.7563182078504227	-0.04558019704313714	0.9704847095145945	-0.5331503278842626	0.6168826438179775	-0.26656959894845944	-0.37615936666346883	-0.011183954071300658	0.6530380537866248	0.05600553434000526	-0.5005215185200963	-0.3145074532848453	-0.7127749005402473	0.21844282769634168	-0.5509854578979091	-0.2816673487540284	0.2819813944416077	-0.5436935727127209	0.2792858711406911	-0.7565998142491314	-0.26508369827997147	-0.09088237941820713	-0.1809395158853506	-0.10440832238747404	0.160673006717677	-0.18020058636370728	0.1997675859701783	0.0645500259619818	0.012799494805879132	0.1788182448780297	-0.14656137656801765	0.3283736517524746	0.19703745607473325	0.4131966591146628
DTXSID0040127	-7.794871006011083	-1.1626216940514522	-0.6812541822544745	2.0008852580563694	-1.9315224196225969	1.2760009138037864	-0.32431080049045785	5.702539581534043	0.14442085918928013	-0.6697732613500427	-0.8468971999623514	2.175142298162694	0.23447943257162882	1.9841713782110337	-1.951188583453999	1.603258057943695	-0.4407237769782187	0.3786167521547318	1.2382458192705137	0.7647579955367869	0.01905559391083171	0.9676134180742063	-1.414384944006474	-0.9941847028653272	2.3104127109368826	0.1992403076156652	1.4366263921954587	-0.26333250329670893	0.23966954447482147	-0.012647046693216613	-1.8070646627169913	0.3249443645996546	-0.2721999701620758	-0.7711328474476065	0.09692115601948703	-0.3626656216488948	0.03990367223374658	-0.32904830010283065	-0.49245159420896667	0.20910034620562815	0.6852184771294901	-0.3100172416386714	-1.0706733407476343	2.0553849078405078	-0.46851528300373313	1.0064890586798134	-1.7030790435153391	3.646106786071649	1.3913742675768528	0.39839703759168404	0.7388324305763551	0.11027673721098646	-0.3127947864243395	-2.46994224896162	-1.68126207454563	1.8280228582096867	0.6377576118281478	1.2847503612242714	-1.6793718245004632	1.3279587949779765	-1.2810206180279207	0.33438004749248795	-0.39377153104403884	0.4818872297304019	-0.3427914292378809	-0.411067382287757	-1.4400446683225034	0.9328619565835795	0.017040376445452025	0.9622902215052253	0.9740313822202498	0.8881460660515503	-0.084587373811522	0.03935748578199849	-0.3600455997227129	-0.7942747690952531	-1.3614389266957945	0.6554776476066552	0.5231960305588479	-0.7790355278674054	-1.281575172517138	0.27526675394907746	0.14672099463540345	0.13751052040000056	-1.3021857454006545	-0.16335708382977407	-0.9407952551149877	0.3732968664077693	-0.1936453479709984	-0.22572425538583105	0.050788390746147376	-0.7104844370185378	-0.027660932219418486	-0.19118663924612278	0.5349516973915622	-0.18023104051053593	0.44952930292918186	0.043996825182589586	0.2805453364194278	-0.308537496501202
DTXSID8027321	-3.7836848534548335	-1.373508097788136	-1.4874471851665987	4.480682226714163	0.5162051684031007	-1.6833145198829387	-1.9456994246159969	-0.7122347826283545	0.2858544144719011	-0.7612703435065626	1.8289995916328785	0.04589062002235473	0.2854744898987275	-2.395133412179427	-0.15324297419411556	0.3743170055338109	-1.6509984870284955	-1.970733663318401	1.1750736831863187	2.0988677782946223	-1.3665188139906992	1.1309241138753428	-0.39711575644991726	-0.03674858223939839	1.3294358095356236	-1.1235756233003833	0.7614687070092724	-0.587495521961101	1.2278409122099503	-0.8892132934216652	0.3568675019718264	1.1975693295563823	-0.32178966247328966	-0.5375765053107728	0.5889130623747495	0.03954842802693457	-0.10391607064448892	0.08304507688391131	-0.16651776912429675	-0.7864896181368844	0.3399577100431704	-0.35915167750537885	0.3340001126211363	0.31140350699055647	0.5524955842947809	-0.7107045703178902	-0.048390824374907035	-0.1617755580670659	0.01884956470250364	0.22634041880817046	-0.5826902137328823	-0.3861017843645602	0.010878471156957266	0.06355045368281696	-0.23226244075077526	1.0501782813561946	0.8791822352501578	-0.9159547664486161	-2.104620371427903	0.015381441795987962	0.8995737442435982	-0.09383936570455328	-0.7678063290089933	-0.85810761202778	1.065706377359141	-1.117403990706393	-0.24445012608037928	-0.509669586183672	-0.028631820951077913	1.0752168651436358	0.5203540493083184	-0.341263174409312	-0.21546446419328585	0.5304937991688642	0.002635661403713192	0.09990219887268753	1.7173251528922526	-2.4700065995635585	-0.3091467739453427	1.235649185287812	-0.982516777110415	-0.5341987247558679	-1.2235299894382479	-1.3055377986179943	0.43848439628365177	-0.021284275187151706	-1.5242021270366282	-0.29979589227580933	0.16471696739879124	0.034777103187351006	0.320892185943117	0.2203792284600785	0.5801389610657273	0.38948615287848115	0.5369453374591335	0.7080562639979244	-0.27070585921402385	0.1501869126226339	0.03176831986140752	0.2612503366664626
DTXSID5047877	-1.1531221680258872	1.1372831348012937	-4.517590219177691	-1.426120228887353	2.2571130232110446	1.5257516281783747	-0.14040986181289272	-1.9867074554120148	-1.1907774337474557	1.0911631172609246	-3.0974627484800394	2.9105192137275253	-2.2824022942592572	-2.523630533217641	0.3176203788035728	1.646993397820804	-1.0184487910340987	-5.042517075974219	0.9932324618529631	1.4013031445143231	-2.2005137901178933	0.8809310629341084	1.604275080937184	1.298756824686929	0.10232635000697939	1.4888978290246502	2.4719513826723616	-0.8821643751105505	2.1776562211235104	0.25550047202266807	-0.7416885365593799	2.8335540712881913	-1.861621750439609	-0.45894336851424355	-2.84698740747891	0.8142675372927015	2.225567637084297	0.31644291156355975	0.5016188274576671	0.7533858251591643	-1.874811811612711	-0.018251780382464586	0.3130858771138984	0.18020117378705436	1.391898875292634	0.42947158407679414	0.6887280492373038	-0.06677873289391446	0.8164798865269848	-2.3264973367221513	-2.147405124142416	0.8733385269269095	1.3081912475078563	1.0543897665444468	0.09248285545203304	1.3152255497866268	2.1333510532134827	-1.2148811852396424	-1.9687585879020444	2.2045578090726123	-0.3164593523175677	-2.6803076349788704	1.1930200980094117	-1.0538447596155867	-0.9981591203944019	2.3690124893189726	1.2801761427978535	-0.4403763215488064	4.267639855812088	3.7287408945752882	-3.0614602942010127	3.504215729292546	-0.5820865765036171	0.2627185935980462	-0.6429381437457177	-0.47916399242970625	0.031250646311941	-0.4073443879648509	0.978246669706373	-1.191413214147232	0.6371911856073481	1.4430473579210257	-1.0181326068713314	-1.9176141542391305	-0.9367621166843695	2.069532906744917	0.5209840812386244	0.15813051441935416	1.2612947509828962	0.6653642913297567	0.3090555836388094	0.6033912473113461	-0.8814667868699801	-0.42390843471259154	1.9006306546732086	0.09954336164515105	-1.9257352442660063	-1.5896753776942505	-1.015967726985665	0.2551027405301881
DTXSID3047348	6.201897392485105	-2.7264631992753716	-0.646425898271849	-2.2728448447800824	-2.1402002778179754	3.0351729170388366	-0.18001673081060457	-1.31492119753351	-2.496123254769381	-0.7249908983688715	-2.4708481877884494	0.17986746839615786	-1.2958683410596614	-1.4991480356594322	1.538811366314713	1.1173183003095184	-1.1044310471822332	-1.742873935914614	0.2705687802373187	0.47757931130024267	-2.986156176663631	0.9007721661979446	-0.41845309490328747	1.2953641280702348	-0.9374026948885508	2.3328257547044533	0.1233301055628281	0.8631041711613385	-1.788768802063974	-0.5983663950004364	-0.6260187414221542	1.2813033195631387	0.6844825988029033	-0.4041677670211905	-0.5729134573328704	0.31806106260255973	1.956458132065208	1.1549837239933938	-0.23871418416599072	0.2018490445732691	0.02258808168381169	0.6077927110078856	-0.4970767621200852	0.27901193663479346	0.5743982994381538	0.6149675789834782	0.7882614160650786	-0.6384731253207316	1.2653403998003454	0.8494119551725849	-3.206315238467283	-1.9767042100789936	0.42452795266693377	0.6272498324277362	-0.06779662456650216	-0.8465560567484504	-1.5247951181401767	0.013954193013135167	-1.5909539720836996	0.08284701720396692	0.7808407430784883	1.6733601031928491	0.932200909433634	2.7684570417550978	0.7188102419031661	-1.3090688922689833	1.2279784047762548	-0.9224503809004555	-1.8441468629657722	-0.9511244396861751	1.0024124255935944	-0.6905604533392319	-0.822339061849923	-1.034328261662798	0.07751039477272097	0.345868846602451	-0.42121777196429816	-1.173098487416679	0.6004887962534423	1.1000516933397524	1.0714998223130316	-0.2533828125982074	-0.1537002488849523	0.3738917167806805	0.5777303015605475	-0.7553291077247857	0.8707944685708009	0.013305584707127562	-0.6333057582278032	0.5418881017820053	0.778231595126656	-0.47032897991538414	0.02249153968864851	0.45939135830243555	-0.21596571456061395	-0.27053689313107354	0.2802956766750992	0.4912509633927562	-0.26708846749763354	-0.4548182682663364
DTXSID4020664	-7.273945721370495	2.753064064418193	-4.056376870741503	3.236543105347972	-0.5043057276776924	-2.265781286375371	-0.2734515844884039	0.49997219355995476	-0.8927668730374253	0.444624931541633	-1.0913989022130712	1.7935370344540635	1.6394222025389504	0.9810952253564349	-0.9921394659345747	0.1633331227396123	1.1405991966859945	-0.6068761360703226	-0.19989088031385635	-1.3870786117018363	-1.0396646060490535	1.512375779004598	0.41855333823021196	1.353197529967281	-0.4691793775665544	0.621255813611343	-2.0424841977822674	-2.1263940125038996	-0.7610828384094103	-0.2684499515074998	1.9913981481693728	-0.028615406539880688	-0.27533844950131486	-0.591142653578646	0.004602357663866272	0.33683839825313994	0.6814922345314859	0.9007355907683282	0.1781666513196052	-1.4285887239991901	0.07622965907047123	-0.7630304042350741	-0.27592798743005126	-0.16600256516112277	0.32434485594920126	0.35510293526321307	-0.8656187966732342	0.9057021418252785	0.7953572158048772	-0.24624249322217562	-0.5904017983848898	-1.001833692173915	-0.7642334462682392	-0.49300051086184044	-1.3884667646197666	-0.4131328156113621	-1.2803103385904453	-0.12642029599011329	1.0397387450812254	0.6436120259656448	-0.3837537123259344	-0.0022030061269539755	0.7276639484573674	-0.2635718165334035	1.0697720829937916	0.5844767185281786	0.8746707191103278	-0.2707630539008154	1.1329262323433937	1.1983718055187638	-0.3850334963130177	-1.614038205787802	1.0301741333435688	-0.5653029446046816	-0.7714978083956086	0.46642272187634454	0.5827076971202803	-1.1596069982919575	-0.970827549564924	-0.23185635489425196	-0.45448266045007696	-0.8518263950579393	0.6598593639656823	0.31341545993093706	-0.4114886759891299	-0.5534403065618134	-0.47283107114939255	0.01201042338480124	0.05797128941507127	0.28392486158820013	1.0662500742377174	1.1297611655979272	0.682614510539708	0.11674202035866388	-0.1187936257576898	1.0065910009141172	-0.7791329475839776	0.24535773523533097	-0.19699943729507316	0.5237841440433567
DTXSID9020453	6.713739847521937	5.465488987312555	-1.8617844878056236	-4.07456588374799	-5.053000590335519	-4.16635219240202	-2.751097381178927	1.3299323817248545	-6.001751642353998	9.579993680121163	-2.608658131000318	1.8986564521029186	-0.7499421611966816	2.3330563778215136	0.1247368062273797	-0.5000767457254855	-0.21230605903700447	-3.1305063991597524	3.9267509853589035	5.547616627052836	-0.29383331592686274	1.18502023832744	0.1633688729957549	-1.0782403116989168	-1.5796650069017537	-0.16201218332910353	-3.6357447485169705	-3.7301072474772874	1.178078315704092	-0.3775805352369338	2.256190340595001	0.033266419063414904	-2.5109810892680677	1.5348026340307523	-2.898628392569437	-1.215942402058961	2.026070244571427	-3.444321088936743	-4.1103288645163865	9.244491155679691	1.8572715106357198	6.217470850938287	2.9905292211704584	-1.9573834188077923	0.8125837943396633	-6.520766218448637	4.930909095502219	1.3188941906040117	5.471367731809042	0.8131466830071893	3.4767842015472668	-2.6236082336289672	-5.248984363588702	0.08846709115253563	-1.8949618149077785	1.707318823958557	2.162650144551519	0.055467406878151	3.491486999829408	-4.129696370649905	0.3113385005535082	-1.8406179197376011	1.0722611444475356	-1.0524474279282643	-0.8854836163553342	0.24020247789379112	-0.0018162895879837975	0.24439178644703907	-0.4688923093912383	0.6003642718629894	-1.0378088321683232	-0.5554200006935113	1.6215663710530688	-1.3378549100038688	-0.7621809150150115	-0.10552890677917114	-0.44550627554931654	-2.1640436262954434	-0.058078408583524886	1.671738394271018	-2.43720994687701	1.4120095153355177	0.4266995502700781	6.0645749235587205	-0.7101914980840519	-1.294814701993275	-1.7194561950682563	0.6533575502290779	-1.5574669160653964	1.1922903200660289	-1.1615763200786369	2.6945911463583423	-2.354324608178857	1.4424986595163183	-0.06315116370599433	-3.8925485048593895	0.45906250255025083	0.5127813236374119	0.03323314817830451	-1.0193376322453127
DTXSID3042390	-5.926426517246368	-0.23144650799477107	-3.2497920083084995	1.6691696572098036	-0.7001724831197846	-2.3258350309033173	-0.4972870549494007	1.3602387415642536	0.2826095400079719	-0.39900690384907006	0.6732953994272839	-0.35926929470420305	3.1700685837870273	-1.0323131352655137	0.8336207677917554	0.8320162833552985	-0.9352901630818328	-1.0304319589671742	1.9255363323691126	1.3858106846686862	-0.2901396636582345	1.8064162442838787	-1.2988308980315617	-1.2069625383359688	3.011818074142816	0.7237828271352583	3.311183241009115	0.48634032217762524	0.8809537917174576	-0.8441846537624764	-0.042707967122654476	0.8083259246132873	-0.6346124382024875	-1.79722150554309	0.2698843145508018	0.805458721250707	-0.22544790157706926	0.8650106035802103	-0.13450427471372178	-0.7350827139646215	0.9633292071108138	0.5253282285817379	-1.5241287168057525	2.944074702256398	-0.20477947328993026	1.1748082367869597	-0.09166557854411132	3.1681808102263638	2.1052000321313917	0.30868584093939855	0.9772878825612787	0.48723068602202674	-1.4245386681649144	-1.902743852046719	-1.260942558319477	2.3281689626432143	1.1142712764076368	0.35329220982067966	-2.012489603636954	0.8958890654845395	-0.4337417458106118	0.7898302942481551	-0.7762143716395924	0.9062508916105578	-0.2225458049728356	-0.7394521878374859	-1.2214255945881278	-0.09860014476389706	-0.8599088101769777	1.3702326764053203	0.5800217397619818	0.8453306801087219	0.2099386577003964	-0.3165322112197415	-1.3436547035140007	-0.7489388061108355	1.9072767432576039	-1.2237634732998144	-0.021788610579909936	0.312997117251742	-1.3012735804153985	-1.5339034299328764	-0.022899212378399453	-1.07017747853266	0.5591188842410859	-0.057347498602462854	-1.5646679102433954	-0.36282782244104794	0.07866598793880487	0.34520450828018096	0.35509351329995237	-0.01909569044288778	-0.1980016599009146	-0.4634774331881904	-0.5051816324433899	0.8139695328288656	0.3201426842551491	-0.42497145967998984	0.6235155335516397	0.6165087320337381
DTXSID1049061	16.165808221226403	-5.470288584499319	-7.960212613858984	8.104288139903328	1.4771138588947115	1.0234057688879987	-2.334314849683636	3.0635065854527035	-3.1115123134923084	0.24802439837605703	-4.536268910063625	-0.8077359979139792	3.0656303912299325	-0.19010386912753527	-2.2963147983340906	0.34755222460874746	3.3875723351995224	1.6894617017403704	-6.065360351239997	-7.064115810809816	-1.1197353490413344	0.6298515017430819	0.580380050703682	3.4869311840979504	-1.2857332895286375	-0.9537976502994376	-4.492924889855642	-4.414594893187745	-0.25051389050642364	0.17385666807514172	1.2818244970836046	-1.474040619797836	1.3534315818339961	-2.5538019346517866	2.0222956271737376	-1.2643383458964033	0.3422850122962441	1.269597742933455	-0.29267763825506565	-3.1103907525859573	2.549903263548268	-1.727515598772324	-0.10021150150213408	-0.9489134668507582	0.9248846944113758	1.9894929425450962	-2.074783845337492	0.44761295480541785	3.4402379929148883	1.250581298668867	0.44838495005147827	-3.6990912093997226	-0.21961395262108938	2.7523880407418972	-1.0703142361218398	-2.6149917954967217	-1.8162843949027354	2.7242238864901487	1.9262477512776637	1.3813510495252632	-2.4674095275830275	-1.3176862276514496	-0.307945826592691	-0.975265174736227	5.108982469879713	0.0034531473916516557	-0.2530443194257733	-1.3549131985162206	2.9381297491189295	3.829478125266804	-3.0605025008969626	-0.5632743612474972	-0.04944110076193812	-4.514146014750877	-3.3060272493599374	-0.05180540697039853	1.0899468541208703	-2.4258055046095377	-0.22921199952891236	0.09587748069097089	-1.7182552582876718	0.058614583784234155	-1.2361179795375719	0.08701051663242873	1.0842683071053187	-2.450911944542012	-1.027744046565022	-1.0760933939387376	-0.12618789874753705	1.4516950415586134	2.1660070825061997	1.311461309986767	-0.07067256431162067	-0.39474079396742395	-0.06654652292566615	1.4720054045528006	-1.6154940334010552	0.8092774992383202	0.2138195582446791	0.3005325978567429
DTXSID1024413	-5.466628147881228	0.8385145534138716	-0.6627736591351872	1.0842898444997917	-1.5647303365398584	2.555777003280347	0.6899881873839797	-0.3300509512162129	0.04117763750932479	-1.0293035080933208	0.6417879960308256	-0.15086991431211327	1.3793636343190474	-0.5377085906472937	0.30795359424910657	-0.5050494555435732	-0.8882130073983996	1.2829796781419152	0.24321165701933647	-0.8545271372670941	0.23438496057912475	-0.6271131928656941	-0.6209892174636079	-0.09325255568105037	-0.6622092906942821	0.17002821173554147	0.2650123201746116	0.2434828193735948	-0.7271300615103367	-0.07248978988518273	-0.23756532666034677	-0.1828569339523499	-0.8083608455107831	-0.2079951906999259	-0.9090174062296441	0.26714952044925794	0.17720394537757664	1.1916007810543263	-0.42375066121840305	0.20574582438118685	0.24335565626358804	0.3282659531800301	-0.7936749340984331	0.38258137155312916	0.23854707142762102	0.2031605989114884	0.18722144692484616	-0.24102044603981002	0.8830948442646901	0.5587850730450582	-0.4923225385567893	0.05866257753473136	-0.8162273566878223	1.147524855205737	-0.008734123750898506	-0.14288666521800686	-0.7401168338711761	-0.4471016627284087	0.5491823617402763	-0.05298062000543306	0.06544577999160109	-0.509051291490231	0.6538308934294076	-0.32912760746605874	0.06971002971510755	-0.46564438590114327	-0.19671619021307196	-0.20919411825035444	0.5744878013075069	0.47373532863988327	0.6463328044932111	0.04031762198960785	-0.33761156761477673	0.4210553823170896	0.2987618905463193	0.13108525271312432	0.0030232804524240042	0.04146757869575333	-0.3059363063900609	0.34077827201112687	-0.102722234365905	0.005793296266368321	-0.3084255576378867	-0.41197965480145965	0.22266778959616504	-0.19331275598716016	0.08722133227879189	-0.4618550264072122	0.5206848598455447	-0.02978153215982168	0.004236901685164279	0.40300908992484913	-0.22831471743843287	0.05350946489684321	0.006892137193254929	0.2008619877241764	-0.017251740012110724	0.10780706410810902	0.04542527984068436	0.17064155423373548
DTXSID9040635	-4.989049766462611	-1.1479515221878402	0.8358219877951759	-2.5265838107845426	-2.2075944011134885	-2.2309833046178458	3.0795075404590446	2.118450115971115	-0.1108073459976379	-1.1412200059009014	-2.2561221756231014	-0.14283710110189543	2.2852879919491746	-0.17821158725121963	-1.4837260392992548	1.3045307973322773	0.21546967838244346	0.37445891474718485	-0.21691759654570114	0.30165314150199646	0.6788091860380026	-0.5357091095309521	-2.883447435785412	-3.3204348278541107	4.654320637335671	2.176990478657196	3.272407501774474	-0.2453886236540312	-0.3427218142513405	-1.7586676860305965	-1.187280700127028	1.8118479972028558	-0.46810266095473185	-1.4325499997968763	0.3298364346922781	0.3431816772282963	0.26858289875294633	1.8363518972471846	-2.153959411097125	0.3315335538245213	1.837409752116459	0.7123615333442537	-4.003024875360563	3.4927259155098107	-1.0999491190002704	2.782156028962176	-2.7507225232567247	5.595273836319437	1.9769984188319767	1.850212109554703	2.103774671340091	-0.13382736978898152	-3.2532441609506186	-5.027955000666458	-2.939273129850136	2.3966132082556144	1.7523941090460027	2.918380330441574	-2.9943239662892087	1.3659397912237796	-1.3961999729743673	0.3095346017740086	-1.1815198279436918	1.680980156414404	0.44003642722932795	0.6494442248252053	-0.5947159130818092	0.626364769971416	0.9137696137255499	0.9144955555600527	-0.13788371814645542	2.1711392647579384	-1.0022716520828718	-0.7772287808483266	-0.21697934707815852	-0.649498817659082	-1.3460864377627895	0.05379364218792886	1.1594318472568552	-0.23438927127691442	-0.6884325380708396	0.23021090844177655	0.4305361980095981	-0.2681964109720087	-0.49346704445012046	0.8588422820709548	-0.26135480382181087	0.4412715117782803	0.7897591862976675	-0.08470104336253204	-0.3674621473614855	-0.27549267843731695	-0.47854209400618003	0.23221002449259562	-0.34207718979683593	0.3825804923706965	0.8937605379240894	-0.6147190499999432	-0.5319371066084114	0.24326862801983226
DTXSID8025628	-5.600967091751218	-0.27881891034645656	-1.1432046642884774	3.5520354110872066	-2.3095855145190116	1.7548619851666107	-0.15798640397074581	1.7516545633172953	5.112000390943675	1.6656303729184663	-2.9392082304977776	-1.5163398687637069	-0.5475859521172792	0.7150527734297929	1.0385395338848291	0.4863921767026871	-0.0031610391975160595	0.8031371782365496	0.08517544964993277	0.9029454486303099	-0.30975357688932476	0.796258470731203	-0.10170670523969612	0.5967465052016035	-0.31637050484712026	0.41175421347196794	0.036201854478322464	0.5760493903927928	0.14423522986540252	0.6873663794688496	-0.3626653037785229	-0.3224790787679007	-0.16416405843392284	0.4326066460903734	-0.0364391525290847	0.20320527379136674	0.4352454876544306	-0.11166489539614914	0.14741792396668327	-0.30691699355512514	-0.29920164214603534	-0.14048299458807895	0.16460741781647853	-0.026358847900699135	0.0753718915845335	0.26089977192030533	0.3583720775583564	0.605580652765236	0.2345284608437052	-0.3116023653496604	-0.031418154127341426	0.27617726105746176	0.8093230665938566	-0.2575808426670775	-0.6295288722942122	0.20407046367674744	-0.41167730791381035	-0.04108447835204779	0.3426451147729187	0.16156668793296602	-0.006278521571123607	-0.32503788426050884	-0.5396346075719316	0.07044449863887846	-0.5277605693833375	-0.5682329691645155	-0.6793811068363642	0.33534755449853304	-0.01812790821159363	0.20180443260430161	-0.27302086648230106	-0.08598891033322852	0.018431707894842646	0.2893968083869391	-0.38940258564575625	-0.11509999627499183	0.2618136205363245	0.624869003627614	-0.003623473682477471	0.13466244755884513	-0.19243260650219882	-0.37602911052885274	-0.03146031571483104	0.19563852004793159	0.013840751335055334	-0.2919003306165816	0.12241364865540764	0.29921752820902964	0.03881073583832837	0.2807075936547469	0.39299456677622735	-0.006650838774438594	0.22371327691161202	-0.3569485777694523	0.3065933857340326	-0.4679082890060592	0.13684502713208435	-0.9482022099186598	0.12381195050930383	-0.681417392091305
DTXSID9044538	4.490085403915193	-5.454088138005338	-1.043375978396644	-1.295882909223837	-2.0895371269541267	-0.8752414839479888	-1.2374518626146467	1.165225951422112	7.196948648728609	2.9302917817677163	-5.229449369218406	-1.5658942732250163	-2.2896202613164838	0.9200010773632666	5.063929219292579	2.866750768415371	-0.29945410507291953	0.09138432154311632	-3.614228247343938	-0.4294111809058885	2.2602940206806754	1.2472362411448366	1.1864829559203085	0.006211943422009403	-1.9476462204021807	0.5494626658154848	-0.12144903207956623	4.442546006844532	2.91911081060763	-1.0547246737932403	2.611095811553842	1.211955305837673	0.7120125310019312	-0.8039804326157787	0.8115119729317662	-1.2350952298538564	-1.3007653539161441	1.6369421203581414	1.0286340800250933	-0.5491748950725912	-0.05595832935855522	0.17199608041302494	-0.3740807493175815	-1.8922283915592517	0.6450850050466521	0.2633389456269924	0.8446669775763418	0.7519203855885773	-0.4204190716299997	-0.6078791469870344	1.95397012233103	-0.5890354595654115	-0.6922209442000926	0.9913185709678597	-0.9123841750651824	-0.17297084744832783	-0.3263585642204753	-1.927901808181411	1.456996980965735	0.5166376959373087	-0.861547750805794	-0.04347958503457569	0.08881331997393534	-1.1940179027863673	0.422381848631397	0.5238568166799245	-0.401513960698113	-0.8263477247056121	-0.16968257227973566	-0.03259891892360709	-0.02171460083164994	-0.7937401771034199	0.18324055285845522	0.2749081366980673	1.29610245294144	-0.6074970975638867	-0.2626491510519584	1.1540099341465337	0.05788336621094248	0.04901059360857428	0.08486015996810245	0.4286893745958728	0.1592751662580682	0.3148069518884143	-0.41849407663289345	-0.2246136096961854	0.0782622406698403	-0.03686690576339512	-0.12306451975986957	-0.10385670021221717	0.18998843710592409	0.6357352320588245	-0.3413452350635137	0.3314964677938977	-0.17679732695602746	-0.12682110556104276	-0.1162536480427519	-0.2878497223031642	-0.18991663581480597	0.03788613141752987
DTXSID0021258	11.025161157867984	-0.026264970440424036	-2.4323489779650345	1.9422092129257547	-0.36884300612098714	0.5564674115170457	7.539345349548445	3.2312330291027775	-2.3972659078550027	3.4453369284364586	-0.04518031734977961	-0.3724083869825996	2.6434267382242407	1.711567240773796	-1.14231583590934	5.060003754471736	-2.368855191621826	-6.251721139174466	2.7281617415965114	3.0450755653539745	-7.687602072914325	5.312301577713113	3.52213833239613	-0.09968908549030793	-0.7613982859316102	2.506596665325184	-0.7765444963539783	-5.250530248100006	-0.9777424082211115	0.8186706447680965	4.0297391548328	-1.6219701824597998	-1.006909995081365	3.826386354234088	0.7556850813934283	-3.1875634236878203	1.1109923047281778	-2.480593474895331	-4.994920586208023	10.012756673493426	1.6914099795264432	2.9846143941146432	1.4779131779889778	-3.1683253264098905	-2.4725592895814943	-4.20799559244271	6.570421080879076	3.476754689847267	4.609614350863618	6.3216913996104624	2.469454485550587	-0.7868788646761747	-2.4630250651782184	4.1005413032503855	-5.7280645600955316	-1.2791649953817759	-2.6084064429795832	0.02505153574005653	-0.5815058063091196	0.4495009816760164	1.0424967070890294	-0.3260218592805302	1.992610023844641	-1.5374665845996327	1.8607732857617312	0.3890280050333627	-2.613340909475004	-2.165110416599441	-1.3762450684719434	1.3934856411985561	0.013858181020900542	-0.6417440224235862	0.23081476942602766	-0.7470973123801723	-3.493923815466828	2.5014325140814035	-1.2913833858398773	-2.7156833618780634	0.7794950160155112	2.5529919283753824	0.4211471848414867	1.2886955186215459	0.13392724213233195	2.0461161685982625	0.1663207026070171	-0.8088951919294993	-1.7320695296721298	2.495240627443694	-2.462870301586587	1.5312760084652153	-0.03511501578803056	1.4475572334003175	-1.5383610461837054	-0.30911662705275217	-0.1859196504569118	-2.4554477960208705	-0.29752815503106084	1.087760942427191	-2.5245861504278673	-3.0619911665647255
DTXSID6021408	3.9668597657582207	-2.636618671997806	2.634117254217981	-2.9233883772427705	2.5261148409297727	1.045840774291705	-3.838801770575536	-1.6723482268297882	0.23602395473617777	0.9515851260679651	0.29854606304211423	-1.6188018437530516	4.358414742933021	-2.9464268585593083	-0.7304484126410551	-4.371124796803063	-2.407084412540912	-3.079124703624628	-0.11258316026404047	1.2092330726718894	-1.4253172297961945	0.08140941030294452	0.052319205179465846	1.1281321995450744	0.42916574392801504	-2.7021783181844854	-1.4692558562841618	2.9069430805025918	0.8645857083341022	-3.3879481839610093	-4.800404934057764	0.11771941222711413	-3.5893816921201047	-2.1139777460522993	4.785758221891497	0.6436027615671714	-1.3391077556541031	0.37270038868686445	-1.2449569861729248	-1.4924690998128955	0.5015131949306835	0.4778564383788772	0.014921146914998141	-0.8830697807541888	-2.1179656398793307	0.042408204243312375	2.8573820262105167	0.7338418494070446	-0.7969230201430203	2.267230072096811	-1.4369528802407645	1.1563698686264539	0.1773559724982579	-0.46542837897163764	-0.6430219160503121	0.6890239010860366	1.6290858258374297	0.4423765930772617	-1.3979639697874642	-2.3809141041406474	0.8557091090460732	0.675031067429505	0.5417078494695127	0.4780401065885153	-0.391175128807513	2.468438241935046	-1.9885103778223854	-4.654021699340939	-1.5904119100607275	0.7715016042009808	1.6520641566289853	1.296273173148858	0.1825638915451509	-0.7124511211558684	-1.361570963451857	-0.13947659913084748	1.3324142130254157	-1.7864717510929198	1.2509715569930686	-1.6112605115368603	0.10195511091334614	-2.493788674934167	-3.691703842484817	0.2601693644986032	-0.8614867402552212	2.034246350004651	-0.45293405698322026	-1.3871159806142193	2.449543401184134	0.5085528883158951	-0.1108484283751319	1.7215483929272772	-0.1734732456939604	1.3512868990765594	0.06785486915757255	-0.42520761053942374	-2.4597493082657578	-0.6242758922503341	-0.49130661436867085	0.6984429313295104
DTXSID7047807	-0.057444890456281664	0.5348160004173208	-0.9376291443502328	-2.165703469090797	0.7745180678070096	-0.7702406362084572	0.017613804862044308	0.7068938669232225	-0.4432100795570318	0.39283508641406467	0.04941096799644701	0.05881375287929739	0.7539903303258116	1.284921558794774	0.18269973224758065	-0.40299396044000196	0.8971864666142204	-0.03741337898763208	-0.8816646067748767	-1.2957278591240637	-0.7000628302371876	-0.07790654910028992	-1.5654171373629764	2.2561009183314726	-0.6758973128610704	-0.05336096113387961	-0.5238453677748678	-1.3434197548917186	-0.5870892535418827	-0.01130842765375452	0.8788638501927127	0.5857401493189491	-1.2336345898017864	-0.04170045416717188	0.25993466409838895	0.38484395399059446	0.13000410984241417	0.794835609155757	0.23572233155184635	-0.16283065944897676	-0.07869455967131152	-1.0365616834706484	-0.7232654566449392	-0.12023804242971667	0.2523926269759243	0.2277936302497806	0.22064532318827526	0.24279934924434435	-0.7001518120258471	0.6334213858906149	0.8490115278728719	-0.44784804265068584	0.22863317940859174	0.8537984631457854	-0.4210905947703413	-0.1282395927440303	-0.4801545012626748	-0.14874889188886042	1.1015950298528667	-1.149630157971882	-0.9008212678941405	-0.39112144484097233	0.7481947787625801	0.9249913293392361	1.322707076301615	0.9672073088797191	0.7757767847937052	-0.9039601393101659	-0.016944846421698634	-0.2627476350884278	-1.0148213360247607	-0.876674591467955	0.49160375269711404	-0.26951189333672887	0.35056811364715074	0.06354020369734192	0.8792707138682482	0.3890628169256024	-0.8169774722885533	0.8883383412578025	-0.05146123397026775	-0.2897287128617493	0.5416267682103878	-1.1796853720284832	-0.035589589989530025	-0.7562267688575995	0.03417976732406726	0.06898352638049994	-0.9619601874248942	-0.6106883893779201	-0.752737491479791	-0.8640308045419101	0.6449047272459976	0.8578854595995201	-0.5012172573259758	-0.47622461554127055	0.3413766457801442	-0.49345522198847014	-0.3008454786254261	0.36110344022317736
DTXSID3057808	-4.612512905948366	2.442440961379864	-3.4527027515105098	3.455738380700201	0.6045237299545932	0.9374499836742533	7.182058287082663	4.125362081347013	-1.3171353214570223	4.29099115775305	-1.9611291396406985	3.543522479793435	3.0079207791777005	0.23770923020831805	1.1772510819851347	-1.209348566816293	-2.5179483364311626	-0.8921701428051216	3.5500703760957886	0.38961549255477973	0.7714916912805618	-1.6946477839804477	-0.2426659879834408	-0.5943009970422923	-1.2845121204563603	-1.1730350054329257	-0.7008674858374397	-3.7287155938653753	0.8092509558870946	-0.5308162583079536	-1.372100496599196	4.130964690306538	3.8514460175818606	2.3115384872733964	3.5944753403408902	2.1277964186958487	1.6490990139050095	0.5385416253364037	1.5292509333509106	1.444483647126555	0.27481555910742744	2.440227654574439	-1.2870001084891511	-1.6090288093811265	1.8927843168579974	1.351836965600903	-1.4893800815143645	0.9760748164869373	-1.342825911210969	-0.1211047436914573	0.986378741477274	-1.7981315004512846	-0.5321310748753982	1.509852524550838	-0.7896955047509097	2.6819682337361443e-05	0.2105107460803426	-0.28941358380153975	-0.5736830656039819	-1.132384693838157	1.2096269741211025	-1.2084912061872584	0.13820028039836016	-2.217652851294889	0.7106121768339112	-1.3579820128702125	-1.2278219007279811	-0.24563479843841082	-2.1379763913129324	-0.775590843329261	-0.2072034006153452	-1.1804843767908073	-0.16063313870425278	-0.3377227006924922	-0.8056340357799668	0.09358177792338118	-1.4930056613021365	0.7166880271300333	1.3517903442263839	-0.7660384826461423	2.258541308917971	-0.03915608445884859	1.8960601272793776	-3.7862576897807068	-1.6431567780515406	2.6325849736060554	-0.9866183181206137	-0.9138490954124369	-0.9549543625784235	-0.7447357499436525	1.4122506705821638	-1.4553220652115215	0.6321754297734351	-1.3936243192756845	0.46835051097090075	3.7069321384652096	-0.745839525961387	-0.7873458032522807	-0.6106000004756598	2.2367425874576328
DTXSID3029158	-0.7941933952204571	2.139323106289043	-4.143071700148653	4.481387972316273	2.016525333296338	-0.5437643362694807	6.987699082378375	3.6227569515354383	-1.9244585008834287	4.648242439251434	-3.310464649377201	4.5168334093865585	2.389008982155346	-0.49300327989210163	-1.253340502359134	-0.010422553148404083	-1.1085703830018103	-0.6700559472416856	1.199210746845228	-0.8104942370200017	-0.3440172885706284	-0.18193272336892555	0.29159403621105034	0.43719527587696183	-0.6322732698406192	0.4894927708226262	-1.4840997520573305	-0.4200973862926141	-0.49505056871131625	-0.9025582464802594	1.2386979292305027	1.5611454225265484	-0.9008974989376392	2.539532771446188	1.4142771493989916	0.5301572627927363	-0.6156894927072176	1.753483161389767	-1.4103468275601392	-0.3578905635705647	0.28757365020475	0.13194541431073029	-0.5316813777392019	-1.9132715475627058	1.3053838830317013	1.4199832482933215	-2.0857904812831394	0.8521456729708253	-0.2596136901660142	0.3926504724099866	-0.17389268598524277	-1.6819569310207902	-0.9358920868454824	-1.3445814420637237	-0.45303428922447564	-0.9923099904143439	-0.2093778987550839	0.2454649575337056	-0.2533586169389994	-0.054629932984158025	0.36880007049948016	-2.6939131941559835	-0.0942343672706661	-1.638023781446843	1.9050873960109287	-1.943628520480634	2.4037792085261716	-0.9553692176487749	1.0469741953311142	-0.11118655783304528	-1.4504274851496366	-2.773028896471833	-0.09422019766936447	-0.33168741451339406	0.32617659321099834	0.4243338048423877	-0.9385528606881084	-0.5321170465250963	-0.24462585488748606	-1.4314464678559213	1.5616116500721724	-2.163008386084375	1.3672832247323983	-3.8451378967230174	-2.8236624776812604	1.7082248304894458	-1.2094372927982024	-1.354508097061721	0.03406280467008664	-0.4898832276827652	2.274275913821631	-0.09473945411417861	1.8864429205501794	0.1579299963286608	-0.29960389293826656	3.295027671499123	-1.494323443748222	-0.5457177880184022	0.17774114930731608	3.2773946502876146
DTXSID1022053	-2.9784055667014626	-1.3959526244586375	-1.8857115647366913	6.879865861250498	-2.4824278781003977	-0.5427826266195196	0.6476454971371117	-0.903125148827719	9.820345679908598	2.881825063846786	-6.366189504708687	-5.238435829212218	-3.2500803082864453	-1.5322787378737281	2.8421605423343723	0.815813219689606	1.5879178602140935	1.0864432677537907	-2.616683439328002	2.3213866379603547	-0.7659708816810814	-0.03321829863884246	0.04164779091330559	0.6722172963499184	-1.832248193156465	2.5201225475016282	-0.12916327015279003	0.23831891634825833	-0.16792706373474153	-1.2599274305543886	-0.040157186316246304	0.41282344807417176	-0.9144262716163937	1.067845558129191	0.006993003623777476	0.4198813198843569	-0.46412920873601765	0.38994245903100616	-0.24421278873350383	-1.2308781072562185	-0.43522562348906585	0.24314681240555716	0.18577382313016697	-1.07934981494621	0.33286816848535405	1.1476022193255377	0.6773909933825849	0.6765950547831805	-0.4836603997625979	0.22900814881782297	0.4519888003243654	1.197090616324335	-1.297596091623721	-0.02353545014719567	-0.8559197852515461	0.09246533575818978	1.2399971167222883	0.10889680778500388	1.2585184731279755	-0.6275359427553311	0.7513028106696039	-1.0547973465334466	-0.7305261570263212	0.19452928794719573	-0.09013794128014245	0.8700762180970032	-0.7823093778081065	-0.2884734975304748	0.8464199387850386	-1.3467794167540406	0.3707883118712319	0.20472284206119712	-1.161311952166896	-0.1293751676234818	0.11786691034545276	0.35499012245120043	-0.5904375402971352	-0.725521559444802	0.848752157052529	0.8217420867856391	0.1521382793445549	-0.3723808394683654	-0.046550316918878135	0.11533806520540381	0.26216512022837585	0.8072067729723832	-0.5434421347769937	-0.30697724416501854	-0.2086940751468973	-0.3727164894735236	-0.07726442257769356	-0.7689675092141887	-0.23717505864397034	-0.4315932482296075	0.2137198079876167	-0.29587110385409604	0.24857490631768978	-0.5554782069243974	-0.1614288770218993	-1.0571560487296476
DTXSID80379781	1.9036857174914235	-6.155751269350746	-8.663794129233482	3.0494285792716016	-3.5462607426505515	-0.7615822944690605	-8.182996996606375	-10.537957512380089	-1.8704160893290382	-4.39933263189508	-8.400611012155808	14.002536830057123	-2.7259961320217254	-3.5302449365226676	1.1518924678360365	-3.6462371936784086	-1.6910647051792576	-6.285998431175818	-0.33054718507746117	5.226433566059372	-3.560415023764936	-0.9143760912722765	-2.8826977508656144	1.1578992096206955	-1.439613532368729	5.85157306733572	1.8901167956379812	2.906661117227722	-4.357349773272268	-3.0962058129491234	-0.2281051457777988	-0.9240723916200183	-3.9521447239711915	1.5504436529337777	-1.8959982911953892	0.4633453060310672	1.9436553825564964	1.0230480134450173	-2.3390116297478256	1.9393641203690266	-2.844666504431499	1.8788242524528342	0.2534894199450626	-1.0349377869391303	0.20591901869636073	0.053648475731599796	-0.9931234275607546	0.8578307151690465	0.5707146505450399	-0.8361461909355314	-3.2524784526962196	-0.6307589458979558	2.5140968360805807	1.277848952823508	1.7166542797160276	-1.295329595762957	-0.31334346963053206	3.60392551800213	-1.6421799885971249	0.2392046695747216	-0.2806172465780669	-1.2702413697104515	-2.991185615092743	1.5751321311852478	-1.516457721986929	0.6008898434020696	-1.1587256640991304	1.0795229321935222	-1.729925090256756	2.3872413774545094	-0.13289676859126248	1.3269194533742414	-4.910658855497501	-1.2015630997977989	-0.02139868777563466	-1.8471538343387404	1.634465912265345	1.4891423192444013	1.2484298466926107	0.4355308141588195	2.4124924093645315	0.9041286445693804	1.6532146430115493	-1.3709210325876706	2.2267540055554305	-1.4240359777300806	-2.853556873311048	3.1069796875136673	-0.5076846005288161	-0.3698344962825127	-3.3132966122802325	4.604619458405885	2.664120668373005	1.326600768961053	-5.039825316982527	0.41665689242319087	-2.788143943570617	-2.6316425536729855	2.905509559147513	-2.8537594732252796
DTXSID50381992	-1.4577231942285864	-5.233480647404291	-6.856928348072709	1.307725781452892	-2.295567444528856	-0.2585942126020365	-6.887008091557287	-4.989417487239255	-1.664437248871642	-3.659038318945709	-5.428535530714987	11.233436859628274	-3.754745300029277	-3.779715167106245	2.617943095784541	-2.482827533184525	-0.7214788678477286	-5.982549895445118	0.21048867397981907	3.1710461887965735	-2.2116486605742445	-1.6854787134598972	-2.152943684251407	0.6076496007873832	-1.915974967144374	4.938206075114018	1.7907531091959803	1.7806762280989121	-3.4635971884950596	-1.919183191056473	0.16842934776237478	0.3202331694289318	-1.8786523264402184	2.493819726973826	-0.4534721711311289	0.8673340686415635	2.8727069457310295	1.2246470248626986	-0.5515169728757752	1.843293965409469	-1.7631359420298267	2.2519933886865577	-0.4036176926311582	-1.1135181973075254	0.9476077867828488	0.7284595854591775	-0.9171402313312672	0.7824740646207342	0.11699598418780892	-0.08763218855971563	-3.2805318278176636	-1.626024285215287	1.6868906329326794	-0.3973714037567378	0.9783973428006986	-0.025102324167414283	-0.5559241484789005	2.7319312805132325	-0.7716165528598137	-0.7043854817833447	-0.3898339686259149	0.15934903710518553	0.6141551612771015	0.46343569664897993	0.3034754508278526	1.8881412819342767	0.17362227561745297	1.54693841222937	-1.1190392564984757	0.4524801501208828	-0.9801050364993302	-0.7865558780341994	-1.0350468880673764	-1.960098978814656	-1.5787545759527017	-0.27898011025544	-0.07506510017955872	-1.1574315422355834	0.3900215314253457	0.10215506860188577	1.408043541383527	0.24700306228629512	0.3752455139028225	-0.5246584674498747	1.0991029785241202	-1.4902726899261804	-1.5598541363725134	1.2152293163375718	-0.5200982029290353	-0.1790819084732831	0.08324561640651895	0.42605765734311585	0.6369878815984298	0.6258247493708	-1.8805292342401794	-0.05660173675044894	-1.2903485582158425	-0.954599362321581	0.9773654612305062	-0.24912684855213219
DTXSID1045320	0.04343873639083768	-0.26294802546606955	-1.193091716146581	-1.1914368055392828	1.440000172994367	0.8009553140180571	1.3397825787280861	-1.1843908238388272	1.1134525069337493	-0.33731709488862904	1.299384066332734	1.0387785263279072	2.481622895836851	1.749908136794227	0.15742651060176152	-1.246831327493291	0.7199882296700952	-0.4121091781878781	-0.5711597744489574	-1.1356970526623174	-0.6003305527803015	-0.32996796856862953	-1.0360314185167412	1.7557556192483246	0.07682583303017461	-0.5240596610346753	-0.1198470739915854	-1.9889971236782338	-0.6245878980956285	-0.390666386484488	-0.06336335538660576	0.8561132823319129	-0.4337520963022794	0.7224733716891953	0.06809921540566752	-1.6963073854021113	1.0147026894878686	0.26816413544487555	0.8031244187529222	-0.83168322816249	1.115997525625019	-0.4870726105471598	-0.8274097587071942	-0.5738462344819721	1.2999668127112316	0.39352858831466425	0.29609677713521043	0.5700459217201617	-1.7175463209518467	0.556031107076556	1.3714758491088888	-1.107172303267624	-0.4648647023781995	2.445988104718667	-1.3649687134408774	-0.0188591282370938	-0.9417834413732169	0.3567700468904939	-0.03735274695784651	-1.2272718790726294	-0.22510813887584785	0.5761590405200402	-0.6650015073500923	-0.433640518096172	0.4404599982347957	0.7926253047175704	-1.5676058880419985	-0.11335746921164698	-1.5773294276767336	0.013254524525132916	-0.7157425082658709	0.7958452662081974	-0.024087718314215783	-0.5694517804873253	-1.2827659694700424	0.1574584603635822	0.5036783454556724	-0.4733170934654865	0.4879498937094637	0.6847522136662229	0.5532428415762279	1.5560662286726772	0.6558740425075846	-0.45094834098505826	-0.5233939929933088	-0.1079759619929772	0.26707024580898303	0.7166036622137802	-0.47372439217530676	-0.44325348203334036	-0.08560310662023807	-0.5936957332646928	0.13466686123539248	-0.5414430985646553	0.08621448536077836	-0.3714318942437811	0.27128528197803164	0.2311983012056211	-0.5711154545192855	-0.20707594600242274
DTXSID0024183	-8.310175959483313	2.1577587193563654	-3.554240565221373	2.1588644413392313	-0.9117462005230901	0.4242551206939287	1.3959848785360076	-1.7773983869685825	1.4158857486742071	-0.12206152915851967	1.6698248439437766	0.9293995354637754	2.300590564924705	1.2143033367930485	0.6079492277353908	-1.3078127909316382	0.18045525178172608	-0.518978195799756	1.0805602637311298	0.8707871613413303	-0.48542391482587754	1.2526945347177634	0.6293198498841103	-0.40484090870320744	0.8129403000022156	0.44977961113505893	-0.08449820224952663	-0.47874093660402284	-0.5837881499705123	-0.6730755721168047	0.20304825767292808	0.9388547560805457	0.5322515820488279	-0.06881067615196428	-0.19800607323678715	-0.6458888832676387	-0.026911848216614805	0.16287652929314775	0.27811640175573177	-0.4704846688640168	-0.09385668362858147	-0.8016967557169907	-0.08676732048488264	0.4044319451819032	0.4966844966504403	-0.6754238561776852	-0.4329681629562522	-0.11756570540292167	0.11309481032940263	0.17460542291384765	-0.056792901268695774	-0.03420470775159209	-0.39235986553091495	-0.21996482512705665	0.04325141091411889	-0.8044128486829035	0.029857189130711302	0.045235770108894936	-0.11205182004458264	0.44724318282002906	0.06516202971587039	-0.23578480486439793	0.533409782667046	0.7574354562708794	-0.5345109081146275	-0.9457967916443184	-1.0917242138207104	-0.05919032593792739	0.24537669257849434	0.5036711213778096	-0.2513731911593895	-0.07080013069492021	0.8436391466546457	0.7538399728351306	-0.21960129314271004	-0.3371866240884325	-0.23609236209677104	0.5337816579573603	-0.4186374145559403	-0.08579657663334418	0.06638410503353913	-0.034172544389314566	-0.35679335772726245	-0.25989426350663014	0.31369109728878525	-0.17489318947965482	0.5480521307126676	-0.31575171270564784	0.41169662454136124	0.3596187623192054	0.3554555867296773	0.06767528478918354	-0.3221639862466611	0.31927787412631203	-0.2991497143658842	0.19157494507554448	0.23523741198735018	0.33917772938614066	-0.012924261524152615	0.297742396121595
DTXSID4020870	3.428165163372713	0.7013645060806483	6.043201689005339	-0.5767589457835631	4.0859531852676385	-0.33240328978440253	0.5641895945950242	-0.7710058689816791	-1.1795249117601625	-0.7793300412734803	0.35615005984188586	-0.06777641271494463	-3.319319013865917	-1.4621513738896268	0.6553828823660827	-1.0853370874277632	-1.593133137421053	1.7360619569974656	-2.2568168066301775	-0.5151199268931892	-1.3246223312996634	-0.9568315817310108	-1.217356591155521	1.2482497968603243	-2.1227792708679347	1.199035185152262	2.124157444159646	-1.178609101237035	0.8722826238734029	-1.1848555783359462	-0.20356766983822855	-0.4505966573231104	0.24237643023157743	0.30855220886881024	0.9366725643998199	-0.40213693252673843	-1.5080129782545044	-0.7200144083798965	-0.9523424926685315	0.13198741896062596	-0.5730748480464876	-1.0393391499884308	0.8860211157712341	0.3935257875811045	0.8816936132841854	0.7593834860646722	0.4311925215011014	-0.2487482209359664	0.5242747043944262	-0.4951472730367023	-0.04859757676227096	0.3965281448414213	-0.4275974521469531	-0.8938888694879856	0.04469368957676019	-0.020017230485336088	0.12095662734911276	-0.7624719817362587	-0.17427970137039564	-0.8199556381370201	-0.34557344022872233	-0.2881997119750154	-0.47677280243295583	-0.03464779181153091	-0.48462233024339474	0.30788852050156124	-0.5043846351900786	0.10575548586183411	0.10194369287479517	-0.4109398425828342	0.8149458780167746	-1.1039679159616433	0.17617176522267083	1.4083938597364327	0.16330443588641788	-0.31655153809652053	-0.7097028003862615	0.7172341722828237	-0.3619047436020618	0.04730833704703162	-0.6356559260062388	-0.40277481095716766	-0.003254332502806139	-0.2466734348145138	0.6319044979955287	0.1779338603573183	-0.16972480819098024	0.17655215060193774	-0.2725004931435196	0.19122270504203814	0.1560503748105816	-0.3419432242372433	0.201760536629627	-0.618261376603352	0.5432358527634283	-0.41091623286626433	0.4335962412645019	0.26400647755120266	0.35509811307992845	-0.054726523063411046
DTXSID9025451	-2.6401885418089357	5.24532612587521	-0.4842308200052281	-0.18919601721418403	0.1093493497123086	0.6344435534866907	0.0008450115991908976	-1.6879044758870856	0.7659486648879134	-0.6878762172019243	-0.20126150544433855	0.3695848416526022	1.0881926345602186	0.738677210552472	-0.14167578309942927	-0.7001229944254813	-0.7265579045240296	1.389776932337964	0.32440700297152786	0.02597798735197444	-0.13260665697418966	-0.5880374250347996	-0.8744980722738748	-0.316215706132423	-0.19137201024131764	0.6794746705187501	1.1173380326291442	0.7345331718654232	0.3438042469693667	1.773553595132748	0.338144409011725	1.329636824945609	-0.1670790985546243	-1.219321209261286	0.13991366912312142	-0.16147461022104423	-0.2260464062326756	-1.053226311803354	0.09190886927746121	0.36968304434733423	-0.047681149036340936	-0.04069749552511961	-0.025807611052038923	0.7740260705767331	0.14145865243849567	-0.26820590718853615	1.4977431993406884	0.010304272746650838	-0.9628810257277766	-0.4639080523627762	0.5888664388519381	-0.19233439723694418	0.43261835702966633	-0.8651988902634818	1.0202496635915428	-0.9441310178129158	-0.7974080517418171	0.36299825633996785	0.1532374507028287	0.9111445976923267	0.496628027113467	0.8988669756904597	-0.23013773307402888	0.09173916746986309	-0.6003603307953302	-0.17161196808997883	0.39872315725663476	0.08150030972319924	-0.17633896848756925	0.31432414165706857	0.26268952625631203	0.42807754924196967	-0.326373600312557	-0.2549700179366779	-0.3775060514699092	-0.4359698912469953	-0.47003366158709303	-0.4880206711208776	-0.7560022682733043	0.0987271364998618	0.5319027591185621	0.2111225771521365	0.11759404723710316	-0.2143421969724571	-0.7591438680455997	0.18343949353469427	0.04664877191825145	-0.31674960123656076	-0.4652399405166764	-0.05292960914479156	-0.5970959969954928	0.4779146617620206	-0.17535545885612858	-0.24135444039023293	-0.2353503988014633	0.40085452639063823	0.331115271804266	-0.038597412305202396	-0.3759845195087945	-0.5609970074622349
DTXSID9025617	-8.278392477343054	1.4762430486083327	-2.017128321000695	-0.6423832312705327	-3.7570441665015215	-2.9571618475383707	2.6630371046189585	1.9474761942169387	0.29852035306650354	-3.7347518323134943	-1.8928350768571744	0.9958110044520698	2.903762357082519	-0.6254750845277386	3.140589938009558	-1.1592881450231776	0.06414175422620877	5.182383044256625	3.6954796625756683	1.1563088781150832	-6.643149200551424	-4.621601652815722	5.704853413041733	4.170537996545683	5.684926249028993	-0.5134094146423689	-1.6146358631524989	-0.4286915424451657	0.34279649353582997	1.670184352871246	-1.3987407074069687	2.6534902017830158	0.5027838883376412	4.287697089857901	1.8830056826970254	-3.152279558183703	-4.880461737750684	7.253460535951092	0.7188833573988201	-3.543410788922329	-4.263220130080517	5.332117512577286	5.473159686866933	7.8261433654643575	-0.818887146138265	-5.749760984355519	-2.0186074232158315	-1.293354578273074	2.0724221200553	-0.7307596276025272	-1.102219704927077	1.6756401373929846	-1.2788917756586635	-0.6405148775033067	-2.515819793570249	-1.330062690821072	-0.8201730585237307	-0.6528589327047482	1.1464491389332399	1.1152923271600312	-0.2153442509217769	0.33960181153204616	0.8055234188439915	-1.1875995702028985	0.3390993309465039	1.494364374983207	-0.84460037748953	1.4212949074828665	-0.4648695101428178	1.5305413534509607	-1.3253111791776453	0.11618607407963988	-1.570578476899789	-1.928353250571047	1.1630304269746383	0.011403860827989977	0.17597623523206285	-0.006385895416932843	0.5222313417008562	-0.08286887152582863	0.43841484671746606	1.0101029742544856	-0.20121808166603627	0.07095765760498933	-1.618177234592611	0.1721229233090375	-0.03749902237544402	-0.1501440541127545	-0.9369025715885317	0.29431772309426735	-0.5324413689928981	-0.20345129388636085	0.9827553747330461	-1.1614518469486856	0.7216323873031848	-0.1924261246969894	0.8307254697430552	0.037578514236062094	-0.4596419792288901	-0.316480089347688
DTXSID0046012	1.2437855755548635	0.956092535566271	-5.893781796902751	6.739824063297157	-1.2588584376526468	0.012955330787460619	3.008777187742414	-0.09236287154953766	-0.9316704526895363	-2.70917087329411	-0.5830433407561807	-2.396511172010668	2.7458238064997023	4.00528806447251	-1.0403273839754739	1.877733916564814	-2.282339657221119	-3.5951348352353847	3.490828951778669	1.9557378471440188	-2.4467960114447784	1.9986225521423753	2.5396614064408207	-2.0426833795895902	0.322968498387776	0.07762514128998703	0.46955075514983596	-1.3924024348500335	0.21738886208242755	-1.56240304145792	2.13245820918859	-0.7166324935311001	-1.9344473400821822	-1.7296974914670213	-0.4719422788239114	0.6533892266856043	0.5692194317409072	1.3482057154950562	-0.3464598933312115	-0.5258561913250961	0.19955986908517448	1.2237661137448284	0.027355547680226185	0.1492844460976479	0.27001932786878596	-0.3867923479531308	-0.3517641672518539	-0.16068916278013481	1.2334200144195275	0.11644062188887314	-2.048282832021128	-0.3290022591693802	-0.8594883553529795	-0.13258551415541892	0.01140239321207413	0.7045377219126431	-0.884580781446712	-1.0624831377154516	-0.5254819099674342	0.5473211274697941	-0.014810124735457604	0.3296945129596656	-0.28314046960366057	-1.3046226268144447	0.09396385356972818	0.6467446512893541	0.6675356501227925	-1.4494799663652833	0.7788293874942425	-1.7386703748779466	1.347477692614421	1.018714127695928	-0.8868964853087159	-1.8187852161293279	-1.6796375336945075	-0.8152494762824042	1.9065817383665211	-0.41596994462827924	-0.9550437898664781	0.7861105612010837	-0.12907445651588756	-0.7547260763373658	-0.9604438920706535	-1.7596746997672097	0.23174801856747343	-0.18998352021462056	-0.8769554415551282	-0.8658983470339928	-0.2230905360623707	0.019556618608032875	1.8479850786817877	1.138489337684683	0.48542509769222986	0.37515301450863414	0.42614814071191587	1.9115198521776644	-0.2785394416856819	0.2520281897360376	1.6016924479197896	-0.011395780815047682
DTXSID6041268	3.1870077918184663	-5.098687210620761	-4.393627857817197	-4.703761560530841	-2.632966852939449	-3.812450161198852	-0.8624910568643416	-0.7772109613292336	-1.4225081467240581	1.0691279419963498	-0.7143924153648623	-0.28248444580675186	0.11780170007866408	2.4545844606330856	-1.6051004220950313	-0.21426679855651815	2.046035219127389	1.4881382991422958	0.02300026628171043	1.6731946902326735	0.22720566328653458	0.3997957631478355	-0.8851371987268595	-0.09782677788100015	0.4067052780452378	0.6622626054294932	-0.1401410504289721	-1.5366990628289436	0.11975258412194538	-0.9934661890186067	0.243559079890437	0.5759996284218991	1.0697543622553192	0.011718353850847485	-0.5676344473365295	0.06763687435548334	0.10462252534054242	-0.5146300424563629	0.6024915005438931	-1.004729631190385	-0.4415277009630944	-0.632019089870741	0.4611598872598361	-0.20599452056723738	-0.054505385386733135	-0.0010494770074523558	0.8368873483841675	-0.5921742953680709	0.06449405001599137	0.07149298243058011	0.28981239068975534	-0.08349204973536518	0.6699500186612852	0.8912889117020251	1.7146078640858977	0.12075525114039558	0.08301027739799577	-0.6104979991474665	0.6405784308472627	0.07718998145205869	0.8627527165390514	0.9897610530298504	-0.9273487659643354	-0.3499562869812044	-1.4700182520447984	-1.5945208821772836	-0.31271073725176324	0.8744263467322675	-0.05513830843081309	-0.7825768351520693	-0.8295520094557207	-1.5633763547836805	0.7043956690352995	-0.713529889242866	-0.023371360647947335	-0.9183615328233431	-1.0839512641285551	-0.6738423369033297	0.7835562134855459	-0.09909143316611628	-0.7253967435971138	0.5722899045829589	-0.38152216888325013	1.3851632344399727	-1.144561607033083	-0.1894521625298876	-0.10018409975843603	0.6102314091325974	1.0345535398730565	0.2831664404028478	0.5697970848119409	1.0515475051775458	-0.6999833081853477	-0.4731943844047468	0.5398297505739587	0.5128729013245816	0.5213652020781517	-0.8311363108614613	0.36612202843009445	-0.1498380329664635
DTXSID8057772	1.6898052317977468	-1.532300829170175	1.7853862628012132	2.3765620942017596	-0.4683257968953764	0.2745607425988936	0.7658973770897367	-1.6800367605296394	0.5124952708956936	-2.3471313465947947	0.34278968596196874	-2.6346768002142236	1.9122278974400253	4.605783403896295	-0.8761065539457157	-0.8524525192250816	-0.6971952811442944	0.006099319114606917	2.4623544838021525	0.5001407402269666	-0.10117692004742801	0.10304562633002798	1.2271102015889555	-1.6336505769304341	0.14552311847711796	0.3608064578231277	0.8148796411467997	1.192854130423647	0.4022672854615174	0.5755733193547259	0.7910386966285003	-1.1351840360273264	-0.7370757637501931	0.7234924345579689	-0.1197870383418596	0.8692620839746351	0.5569408400171012	1.6575201338539653	-1.0667924331267082	0.9797392795122488	0.5817113980636718	1.2785486839023597	-0.5315012762202106	-0.8964432404839682	-0.016069041587715407	0.1262087551193481	0.5777637297135448	-1.4439532848598846	-0.5414853023634578	-1.4645585998001762	-1.869663175782589	-0.5068980846905373	0.2269107634180813	-0.8593974588913564	-0.3928566035942719	1.7685949755292678	0.04495567963966401	0.005146407503859902	-0.6969330097056434	0.025358721266577643	0.09608608990941446	0.07005112717704252	0.25791433069422887	0.5435742933543659	-0.4930322887300205	1.0739183901087577	0.5672301121412244	-0.9064081631624049	0.1400513159076635	-0.7255461652875694	0.6101112860066548	0.22767024853504148	-0.6418044035993534	-0.19809594209114656	-1.7293835806549434	-0.033915019787570416	-0.09418516829007154	-0.19013866268027999	-0.7740474806195414	-0.8779586272487735	-0.46096216251311933	-0.12472880917878704	1.027794376124994	-0.7369954704198614	-0.46995958243045804	0.4969102076591498	0.4807793106784343	0.359825089274552	0.029039459985512862	-0.06975792703168757	-0.10584095151851336	-0.5711292801520668	0.9139680388333262	0.19289934904073924	-0.15577988819108105	0.00848351503847688	0.19433289010153848	0.09974000613442728	-0.16007686830070994	-0.38892647447191475
DTXSID7020685	-3.171125715943852	-0.40068594845283273	-5.0151076073677725	-4.292231682999821	-0.7726948457422977	-2.8158997123755802	-6.395028688122257	-0.6116735024842085	-5.863610749080939	5.659304577439699	-3.322176562818961	2.3269650992579853	-2.7987874676017492	2.868334574231382	-1.852295897586586	-1.8611861072571116	1.9535458886866934	-2.5153712689409264	-1.9489358996172366	0.2075459781568435	0.18446345565487707	-3.550540974923124	-1.6808021795116506	0.9620789119568666	1.0426547010355725	2.2124283677152894	-3.6760132195262347	-4.326891702596499	-0.10531541083354054	-3.3079926300973184	4.783382976002184	1.4112592547955352	-2.3366182347422693	1.0135656853250095	-0.8002459596973872	0.5162639525123087	2.9200974917323026	0.24565731582552786	-0.5309976859407392	-0.9466512886480095	-2.0776945226013512	2.9800690163569166	0.7152792149064798	-1.1260105539683984	-0.8637363644747679	0.16886467571191957	1.8883171460518202	-0.6249466922785987	-3.2565984073013863	-0.2653738724575291	0.8746299837708919	-0.7081825971236346	-3.275406516261351	0.01300511274031223	-1.3578205877249268	2.407791587287627	-2.3369966868171543	-1.2130695737394028	0.3258818452162744	-0.811281592847233	0.662821649096935	1.1030744059966093	-0.7307669977534458	0.2843415640250817	-1.2498653723978919	-0.0807139585148347	0.3471256774856191	0.32849997221953386	-0.28463264807069444	1.2068890118683555	1.4031528404514504	-0.07220024800300921	1.3650671428535113	-0.16258852253155504	-0.10290866804016104	0.026984583844451362	-0.9268537964427301	0.11568800623284335	0.6918220580420053	-0.14456746897690487	-0.592824061966463	-0.45262154228394885	0.1252632035024839	1.5491821790537919	-0.5250991696828181	0.44003909442858397	-0.23425940067816406	-0.13414470722249766	-0.14681434880895167	-0.20860148204535886	0.20696248663891603	0.11963572607081475	-0.10205535555988215	0.16455358835945155	-0.6154935984258751	0.3338353375773936	-0.7356144008683472	0.3536421632372385	0.05754759620547526	0.2574613203569541
DTXSID0034300	-2.480655911982573	-0.9815403335418609	-3.0346436780791257	-2.733105594073219	-3.419360789766376	-4.572740967984121	3.2585566280026836	2.023278716069672	0.47014620643286875	-1.741188745695421	-0.8735129535210568	0.5350205322411299	0.64198671537699	2.470814329754757	3.700802492564393	3.7914216926245725	-5.158427403746418	-1.0350467125828489	-1.779014676437833	-1.7324351074553497	4.607289893404484	2.1615597476531905	-0.5499816478487921	-1.3556196865167345	4.428214150524256	3.360444930858269	1.6959061901432972	-0.04313146075554575	1.0998522211571224	0.7553868680179409	-2.599919376792614	-0.7810484134714812	-0.07314559897779115	-1.3082652697750774	1.903506121747144	-0.511280339119047	-1.1042206646061552	0.07819422298771747	-1.1438989030059452	-0.23798910411972474	2.322982413880099	-0.6226166815872654	-1.792641003512032	1.359308312979286	0.8530680669232056	0.4373433260713375	-2.907216690373652	2.1060555691752456	-1.1227899362951264	-0.3713232507797146	0.3561923932541611	2.227490805752673	-1.3491870390790757	-0.8227035691523079	-0.6988555430145181	0.605089504479225	-1.6436276780441643	1.2761198506103677	-0.11313371216192514	-1.8231916260512213	1.713312203995485	-0.26071492134232555	1.2982359537287211	1.2665694802213523	-0.7777048956515266	-0.13803257314740974	-2.775449790446215	1.3556640599050156	0.08681676665184294	2.3474742258181482	-1.2958935690439746	0.6284702232964092	0.4391485771245825	-0.5308008027642683	1.2906313632751871	-0.6084078979266981	-0.24035081580611212	0.09463164932158329	-1.2201015523339585	-1.5351134411343332	-1.1358550839600237	-0.4367143804667339	0.9839076200591907	0.8139884217504426	-0.9595687476232215	-0.5478131511573074	-0.7899475628996957	-0.14086008010903367	-0.4505728794858117	-0.015811481236137695	-0.7163263910248194	0.16608134346657116	-0.5851170860612158	-0.011443161840243181	-0.6998484569612585	-0.02282807662290892	0.3002000223734561	0.15925256574014543	0.16908303926509685	0.12770597419814553
DTXSID4047911	-0.9198736628620697	-1.1093895695986158	-2.8440752298531566	-2.6654028617472147	0.09640906156431069	-1.448214383269366	-1.624249002661381	-1.1372013932737162	0.9483658934558321	-3.117174344516033	-2.3662292253038273	2.7485482108365176	-0.057364131702245746	-3.6207506919714545	-0.5964193278888159	-0.559502915120696	-1.6554434569982086	0.15273460698868085	1.2833641922974512	4.114721219166958	-0.805599888397066	1.4411928954063649	-2.391316441433719	-0.5079723119541038	0.23263844935081415	0.83760971257451	-0.31164352644768845	-0.9574091562926553	0.6527088368809169	0.8813186337547044	-0.782205911372492	2.1173747577506097	0.3225433927058465	4.096484662756077	1.8494443986518299	-2.066571961715779	-4.292934015591182	6.360325609447221	-0.48219719461633864	-3.379744312888417	-5.5402498007201535	4.3316213059097795	5.482912307557632	8.269300260503762	-1.0963682997155584	-5.293874090778877	-1.3561643931506466	-2.8690457755789045	1.7337281701969642	-1.9095045527414414	-2.9415556589935155	1.4549433599226238	-0.31251650258805114	-0.5890478817397821	-2.9555700490179415	-1.1369349634626742	-0.5764785642652878	-0.6091668853377523	0.41542556400000136	1.5861726740152458	-0.25164230598900583	-0.1719818159118736	-0.032305738109948016	-1.9891784174316993	2.135354461525581	1.6311839991218449	-2.2287709730218572	1.083106443946355	0.380826449123162	1.9469195343583954	-1.7001218885919183	0.6827836327369596	-2.7753253908752	-1.4169804613458306	0.05478851162975905	0.9113725292096622	0.18059405133047923	-0.444545891592557	1.0597895118115714	-0.33815515825400155	0.07612253045644815	1.395979879854474	-0.26345636330766636	-1.4420757873894774	-1.2528618865221566	1.4487454464843956	-0.7610711075115772	-0.11538058495843094	-0.491111564207291	0.27117050308817764	-1.6493593265909072	0.3713397837039393	-0.4145047419444856	-1.2272224793981479	2.462929948383344	0.3116247707271455	0.04466354431738866	-0.0529450997886279	-1.0498138999678075	-0.11232121724664085
DTXSID5047950	15.743161409015114	3.896785222699184	-2.6317227767598457	-10.332144164747874	17.02895176981604	1.3703719595845736	-3.7916342113222825	-5.220180881334609	0.244300661446913	-0.9078607959425166	-6.466412197656702	4.496733138754316	-9.122453388513843	-4.308870082552972	-0.4120731843759325	3.2281901138186515	1.6689795240635459	2.4412096648261734	0.9019429425182155	0.17539417313792507	2.59225150521124	-0.014025430289497598	-1.9586245404334466	0.4614558550630617	1.8517691314059543	0.24186702844842609	-3.9263702734234265	4.521973216895848	0.332433944836139	3.2580442039836504	-0.7051489496574171	-2.6259590547224128	2.285212349694998	-2.3606886093742254	1.8590634192367024	1.6214422939594089	0.3166509990867362	-1.1856762862289438	-0.9499091533248986	1.0592042670684776	-0.4007719648630168	-1.1378371239587755	-1.626651776288301	2.5850247219913713	-2.0512830679325065	-1.6723658618376476	3.553392138181513	-0.41632376826838446	0.7511520409716005	-1.5039462221922069	-0.5716860975704936	0.537239969480721	2.1429842201364386	-0.42845102094790916	-1.4019814790113254	0.4101415711265119	-0.4013626097942222	-0.5031245006988265	-0.3447908090747959	0.7711244609499108	0.35483678112306194	0.5977498955168905	-0.3004730008103621	-0.8539283907309047	1.233650427662558	-2.5422669161265694	-2.966885677098626	1.1812343986816622	-0.9368885423298101	-1.13997411196583	0.08610542634841117	2.2647037433571784	-2.7137707243494376	-0.3845399911235475	-0.8369786979384558	-1.0836799572810096	2.0972730735685756	-0.37676265971532485	0.24789305501959155	-0.9971946988587972	1.248056944277638	2.41751650828951	-2.2465995110238506	-1.1570067925578236	-0.11410147017835091	0.31109480427636543	0.5369120423980881	-2.408933430096117	1.807540824033541	1.0607323147779626	-1.2449268655939114	-0.6654043622319331	-1.0164382605321964	0.5968589013644828	2.9791332845423035	-0.989895678274306	-1.267555397976946	-0.2588827071454857	-0.7210577366876246	0.10771216966614294
DTXSID3022160	-3.687737581239527	-2.2205705877833557	4.054745042710874	0.5748137403716559	-0.5339189483273254	-0.3866087382508609	0.18010309710322395	-0.164005219638015	0.13527717948422008	-0.7881453246628671	0.026734605042234738	1.2968817474804035	0.29078484212737765	-1.288842195319056	0.37329203959552015	0.7130409902663388	-0.34370830321508067	-0.9992910618067303	-1.0237571071367675	0.5655676402257236	0.9108572472466212	0.4227172898708895	0.04414110423532211	0.968311486680372	-1.056086334991149	0.11227854496524915	-0.6541972596751292	3.051253392151053	2.3816672356771758	-1.4360526452595694	2.5539877350131683	1.2732891152344747	0.5845794069197929	-1.4769725535836553	0.7137338670854374	-1.9097740413834372	0.15699069952739314	2.826727239131425	0.9402548166554645	0.5515399750223273	0.04164278141192434	1.2496803988902125	-1.0845159671853766	-1.5737954565894121	0.16325257953678396	-0.6606674515346947	-0.32251315686964616	1.6415460719317405	-0.03874618761881527	-0.21944989113792715	0.8640314581605372	-0.4397643925752916	0.4509246209675974	0.30254094363741474	0.3804678233416406	-0.3016650404798919	-0.38024128915337635	0.3664284932982846	-0.29698599173666473	-0.10267953492285599	-0.3074964080587028	0.026445619982202486	-0.023442435667991184	0.1502101771540882	-0.3584228611335517	0.6081468240762753	0.5146711778899691	-0.2585150880224639	0.606445757817786	-0.8291513615242656	-0.011939560382995236	-0.15948189569821591	0.18264791320188256	-0.41683488105183336	0.12259942983211018	0.3970321305253197	-0.2889710339741023	0.032423744527934915	0.6233034867155616	-0.12291996375116747	0.1683543904262182	0.5393827522776543	0.36341067586981696	0.46091378479726525	-0.0004772901148334406	0.37940975696859475	0.3374194392048119	0.2119066638956948	0.09099497781675424	0.12894094050468216	-0.3854246744782357	-0.3630443614928677	0.29766984824270676	0.19731197768441788	-0.2346490361740716	0.14608183564948946	-0.039824768555148514	0.040071128046388835	0.0521431060778991	0.06320480223710899
DTXSID9026500	-2.874578936690949	2.8354220663672747	0.511067041365037	-1.485820948774082	1.356351480139484	1.1003289401474243	0.7264226237816195	-2.0610920892664475	0.6098053949477398	-1.0529069363169403	-0.29516866731301	0.5842702265645933	1.4236563587983337	0.291784794253643	0.7544358466255328	-0.5043758718860022	-1.1574162943460633	1.9129041843579628	-0.16463061168842358	0.8703848446890606	-0.6621060276092674	0.20130005963199132	-1.9776159686974824	-0.07317515241604604	0.21570441593746081	-0.40268715383501247	0.9165362693078337	0.32171706310744513	-0.6902614523637284	2.917599571266496	2.0481093429524586	2.2719672895228635	0.9084158059519157	-2.588739046974156	0.6567166939077532	-2.752933025720797	0.39887295261589767	-3.71731753559544	-3.526532520161584	-1.7403236153931188	-2.109408697186458	2.5011354637331835	1.9390789785410212	-2.424021514968002	-1.5876888074627447	2.89472043930604	-3.591490242579134	-1.544125368815074	2.088285988942461	2.2443580948019126	-1.139396779806806	2.4003051562954414	0.12509849719536092	2.2917564214936403	-0.7619704794435813	1.4144103417678033	0.5849126611323836	-1.7940571037616218	-0.5541706809511465	-2.5803732267819135	-3.3079769476268552	0.7479551906750701	0.685544776079232	1.4061516774867913	-0.24766724761382444	0.9272410886036752	0.8080995465630163	-0.14847954464040555	-0.28551254351248184	-1.0376130308965923	-0.31951878808572326	-0.9360954074061687	0.6193084944151339	1.3045552335359754	-0.629292754222066	-0.30817822201263795	0.4615638713457099	-0.36779525189508644	-0.2136403601689049	-0.10105048936116975	-0.9733965597884638	-0.11180440193822264	0.68956000606815	-0.6961238972345266	-0.47175106317012877	0.1892159853341786	0.3883898301181729	0.28157605020218923	0.07892901170416042	0.8877940756093357	-0.2901826077643681	-0.5953493985656427	0.556905926625108	0.004238509680569871	-0.13318524946671925	0.16494915069158406	-0.11908669017863141	0.36825439389091397	0.12778485980328286	0.2640579061359163
DTXSID4027527	4.265938406891689	1.6964350255431822	-3.19542829851694	-8.015860547538871	3.0051340144642684	-2.582283268029783	-5.407414971503296	-1.1837223875163077	-5.24477868020621	4.193864082224603	-3.4461938900939266	0.04602708454068093	-1.7118088445365667	0.8303002539608193	0.8355486773877017	-0.7259123659817229	0.06873483832003735	0.313551497662563	-2.7610863680384052	1.9300088133341968	-0.1810850818300843	-2.969454963202719	-1.844285200623864	1.6918480622687546	-2.3514270920496965	-1.2185303980544615	-1.3693200026901413	-2.0623704188653376	-1.8951305487888688	0.4665439841097301	1.7547352703094758	-0.507758565821596	-2.2143903294116183	-1.0002807572462145	0.8165190567109186	1.689728678011531	0.8697969241628184	-1.5009968983179331	2.183151154541369	1.5996600366521103	-2.151004096846733	-0.3037643933672252	0.7166259463118995	0.16253000914697163	-0.9129579337606232	-1.7434726967750023	-0.7772121588979974	0.018170097755936348	0.005478285914141237	-1.5631841278867527	1.7232298999743956	1.2889232470684266	1.5365956739975914	0.6365182082244706	0.9915309742869308	2.6994772131888305	0.5334016547572706	0.6065009367939135	0.8227804088110199	-2.036244631526108	-2.176750542101239	-1.4410845624875444	-0.2855869629055887	2.7230216206157785	5.575657575324114	-0.7040392407614856	-1.622332270450692	0.3584524135975819	0.9006105204275074	2.0357485499841887	-0.3506088254687681	-2.5511235355432977	1.1336518117226024	-2.9685459561166962	-3.676718439676328	-2.938991110836824	-3.6249712215772107	0.6505267100003188	1.8510845629193091	-1.1127253176266687	-0.010894105988504347	-0.6863685854987411	0.07108085979752814	-2.3198742371049734	1.349695101274909	-2.0473645253477937	-0.24774051043387596	0.4640285556457049	0.48661942391282625	0.10965848404826822	1.0043948865906085	-0.26416691502406997	-2.8240516806631297	-0.07663248693540295	-0.03972379157111686	0.0797812998459642	-0.8118360795157518	-0.08947381578974836	1.5989677920937888	-1.697022333398906
DTXSID1029128	-6.16494683339868	4.234723747275592	-3.30449123982926	1.9122390036642092	-1.4243330145746878	-0.7072437237671718	2.843062423889155	0.40198203710334085	-0.11242128114639664	0.37660580423603734	0.2999744326546342	0.8169518194651921	0.9141877332755037	0.8296245168229435	-0.35081702048460844	0.5941971715324834	-0.6211683957757745	-1.5873399645817463	1.5257645629987258	0.027937544776304068	-1.9926492781665617	2.2641414187401	1.1042052514196767	0.25465820777487996	0.04980928857940959	0.8134443625969543	-0.7223147363099396	-1.433515145180972	-0.9082563168850721	0.08822387222068613	0.9367983653925923	-0.19877691419095092	-0.6285304125395835	-0.5990247101956981	-0.05742250491563326	-0.22401442147797165	0.624090256029814	0.953598528030415	0.15723552924522302	-0.3692636754925543	-0.13393669236700503	-0.699213239405863	-0.1565588053193973	-0.1130225553272452	0.5328889398078801	-0.07975717115405499	-1.262284355398271	0.7172091686798284	0.8021058349261411	-0.6285433161879929	-0.7237119810165863	-0.7644363145920411	-0.20407883316424916	-0.4639496229265439	-0.505914248900201	-0.08763802851919668	-0.7369168429341629	-0.6654908898415335	0.7132333092193441	0.47552600364657693	-0.526694526068639	0.28317976059657274	0.19619141632546824	-0.4601918973529961	0.9780944832292883	0.4501556902937093	0.9807272142874361	-0.8390777425309514	0.8539452857061811	-0.3123544386679232	0.5752021610119271	-0.51346615430977	0.3398871911541497	-1.026500391632484	-0.5456831846134498	-0.03140432681595923	0.729993638233309	-0.23751988858211118	-0.1265073214358261	0.4115692723800944	0.7711585756689266	-0.07784023361965267	0.10467414383387684	-0.6766680056026446	0.34915303618210664	-0.6821383115318088	-0.05786312858225599	0.4194162583364254	-0.17621707906614273	0.0750455450200233	0.9203779954801227	1.1619689537962965	0.6251475366403869	-0.07514729361589477	0.07730042791333068	1.1843297898574014	-0.5583076084144314	-0.3507995082613952	-0.3248763232490086	0.4349108956544393
DTXSID9025538	-3.411251020379164	0.7695707464882299	-4.243711051275805	2.401104432916722	-1.9971482905264972	-1.50647401283001	2.7620264970785318	2.8493438276240797	-1.7711973771454643	-1.0839698112823046	1.4965423154998965	-0.6829620402845179	2.2532879190873993	-0.014771641059642501	0.784802733269245	2.7164982359253504	-2.4550593149408977	-0.18904671995860406	-0.2776700614037919	4.607302915183543	2.8469253349196704	0.7893641924726943	1.841916584811158	1.9483815658064128	1.187537638647699	1.2824752530162586	-1.4022951734181275	-2.9794752969967386	-0.6755152405298416	0.6218717444814917	-0.5767432980912902	-0.05616643394932053	-0.6393042252512808	-0.7870460853556193	-0.25840704084685334	0.6669907594455753	0.22881729526136102	0.5084120431242782	0.00596235686107978	-0.25175831166199647	-0.2492457229073025	-0.11175564215694281	0.3631709756460167	-0.6158035658570813	-0.34232507516482974	-0.04710368451799394	-0.20960018849981168	0.9288474989650123	-0.9558295111184391	-1.5322557048761924	0.21865899979641912	-0.046437428382236814	0.615347339514031	0.42495197911040195	0.8475095764330437	1.1987905662370253	-0.9635904931357443	-0.9114534928720293	0.7582084490133952	0.1831128695361759	-1.882537039688908	-0.8056722693452208	0.06111330342861148	0.6230683594739587	1.4253890314650999	-0.2665747909256922	1.1482801393794104	-0.5743959538573286	-0.17368626908522344	-0.17200200279997901	1.1193851556430159	-0.1336996407571597	-2.1258879844707845	-0.4028815481293957	0.20807096628101007	-2.238700527955747	0.6321506816934159	-2.345455967310273	-0.08180015495356388	-3.886274536234197	1.5939905269688468	-0.015602765174912808	-0.7904623155259775	2.407682055477677	1.3779825359398779	-1.232802509031944	0.1015008652557881	2.7004105710461754	-0.2408923499949605	0.3030147941268029	0.6738536795328747	-1.947593267230344	0.6846876484978158	1.2506935746121606	-0.4086652368756435	1.7315007886865148	1.400106754198111	1.4091700090801191	-2.0437821828477336	-1.4016039343399407
DTXSID9023413	44.384175859920425	-5.574550359241768	-1.6604831294594165	19.113156586952485	2.71351184326345	-1.511739284339109	16.73957109979024	-2.1082542189997575	-2.769566367059394	23.576628972939687	-5.792120974354581	21.980390527637276	12.002870563053207	-1.3683088390901952	1.087570438646043	-7.9800126986216	-5.745246331399188	12.68786436568889	10.137106490398327	3.923209380960712	6.499183540116512	-0.9963489497694842	-3.854125790446632	2.0383995837013216	-1.036374949901309	-3.3835706755091093	-6.214748200541953	4.739590943464579	1.781670045773769	1.6560826669445636	-1.0235673295993828	2.5350577077801506	-2.1101110427544083	3.1282249570760596	2.84461018925968	8.479513370441852	-0.8293948514350952	3.1639256792304367	-0.9245586160030755	-1.9157006406511294	-0.20326988357934636	0.4582687938142386	-0.22775032568493797	-2.3898140244874932	1.7528874547017956	0.20659627939184178	0.852212348959283	-4.1048709993231896	4.263817834309348	4.892826950349538	2.0344736787186197	-1.892113996687451	-3.882735799066017	-1.9384754747916024	-2.3744451734333683	1.205020158883469	2.449204858468189	4.010552883724292	-9.034230778081612	-6.49608787562503	4.23916050697034	-5.332078093503988	3.090813812228086	-0.9873148482299215	-8.828824182533983	-19.176591823046387	-0.583041844222677	-7.477019163299796	-1.8383122397504774	-1.0238778772393171	-5.6884539502955045	-7.575538563384994	0.6834909491930534	-0.5452315484447019	2.088928608132555	3.117309093003194	-11.06333365546483	3.364236771278367	2.055254907777826	-9.087606537494949	12.48387135020147	-6.324656221348256	12.233040468084466	-12.52786042712747	-11.877196257580557	11.183660681905838	-0.7887260292660673	-5.947607740761032	-1.249889378018337	-1.820160680401819	1.2354165189432138	-8.770223231281722	1.034476711343363	-1.8273778045273215	0.9377445386313675	17.853359225425326	-0.4699240097662165	1.7789282929168755	1.9564083946162445	8.90231059743522
DTXSID2034465	-0.6772809112915134	-1.923675198957748	-5.258724599898491	2.3104692801295275	-2.101788550608283	-2.6949797244650044	3.566730759156154	2.7335005119935087	1.471424003967213	1.0045772918791094	-1.8004377025451663	-0.07428962805207	1.2315919493909528	-0.02358253758423219	1.130783925136089	-1.2529542680735746	0.7146757144884083	2.2212312351732515	2.4097839722522334	2.1772829074481472	1.52542777410913	0.7807284240324135	-1.030475005223348	0.28544556988997455	0.1791253880452983	0.6980992113365616	-1.5802755477480421	-0.26858442188269194	1.1639989605632586	0.4567550585022385	-0.6228053910404937	1.4069830674898078	1.0385972446350749	1.038120540097179	-0.739821827036282	0.39993555643803447	-0.522790067455826	0.00831101200658204	1.4930742696077632	-1.7994349455426497	-0.07992826945381905	-1.5711854559861602	0.04825244227441507	-0.9608233757757505	0.5025819646429885	0.11887549644052006	1.6453721259903922	-0.24512778303429716	-0.5185585291809285	1.2031098213969649	1.0646133142559537	1.6247988702015064	0.6475678997909741	0.9860672468462243	1.3784033036051428	1.7197091952346621	-0.43638384898222776	-2.915996476398939	0.2900372339619074	2.565403220298095	0.6094629911839031	2.7278087983266475	-1.2891202295958433	4.299623341396354	2.018816684224529	3.6749239851552273	-1.6037264454723479	3.7383669310013756	1.3409523051855199	1.379796920835695	2.2304998254026493	1.3766469777395995	-1.3450453630959267	0.6550756890969455	1.4453161547857203	3.2783631987401507	-0.8490964552986796	-0.19343393605018508	-1.821345740259861	1.7781249152401613	-2.0086851390124565	-1.436663584542442	-1.9784896017478952	1.9980294160019219	1.2212451396866173	-3.0047316387306746	2.412014794113565	1.9568660374319016	0.5486117261518325	-0.5096184146343309	0.34897436623416883	0.07491019665337033	-0.6108540162972009	-0.34311134982545327	-0.6562818084310555	0.1765387613103378	0.19695460433157166	-0.241091497515206	1.5529882732073197	0.6240286937511117
DTXSID0021125	3.1704507922067955	-3.778210644383721	6.045940944291951	2.4075989400494864	-0.14039394853406661	-0.5231099354614829	1.9902849974110428	-3.222945453200058	-1.286525557116336	0.47542278782931535	2.3324124426480455	-0.6682352946893656	-0.6214334219881057	-0.5571108288984251	-1.2093232612425153	1.3792254711386787	-0.10231735970200588	0.4360602564183338	-0.1571136229405707	1.9403875466637728	-1.2497058281287803	1.8478558415103488	0.5991664488976988	-0.3466408603049818	1.901117827924236	-0.11645915402556374	-1.5437225515945114	0.9298735100357179	0.7341053163247094	0.10363610281819328	-1.7876893429978984	-2.682849311388535	-1.5716435024716071	0.20348170880119126	2.2514624574991355	-2.9345394091034525	0.4649480253201567	-0.09806491378421874	4.11988031736372	1.4259777238057398	-3.9733814283705855	2.2724912484974484	-1.3611853243400251	0.5340401773487626	1.542354401368623	5.244906025826394	1.5839902150329876	-1.102362289121685	-1.541335679538333	1.5407609511288778	0.5688504975413725	-0.9779686496303335	-0.10358522238002021	-1.3694651198224015	-0.6485053936106179	-0.7013572794554821	1.152967674355901	0.09479595371442301	0.1729419446628508	-0.6642042243089987	-0.07084461642912998	-0.7732672041786527	-0.47361454216034105	0.6597560387376009	-0.9685714803449389	-0.6005192143282199	0.25799867377796853	0.750154414781101	0.4336391787314254	-0.027849919704129287	0.08286532162415841	-0.3061635272395725	-0.39475553626771676	0.022804678873288988	-0.46301292225619056	0.1012635064760439	0.40671348416271036	-0.7556873899641567	-0.0988495928967807	-0.8829008069557178	-0.8265570588182728	0.2828022847628815	0.9246294831360776	0.24086846360942424	0.4881277989657248	-0.1999575306846765	-0.23937548015375518	0.1415204412940249	0.7802216538726683	0.052454615723198254	0.16031935557922058	-0.3980906456542792	0.1161971617745383	0.32664998428919534	0.11294321368450506	-0.842293768495545	-0.4153689733851216	0.03568679564774206	-0.6167639920232906	0.15276482105185987
DTXSID8052641	-7.462700102275135	0.2771712353496706	1.0175543840427106	1.4178551489089717	-0.9348841464608713	-1.4200286526853072	0.18046951092247104	-1.1873751275530535	-1.2229357073345946	0.7785939823993527	0.8249567179603902	-0.3555450690318429	0.5597219718935201	-0.2311945391129652	0.36171137692327615	-0.12959023491854268	-0.2890263112266993	0.03948444241284699	0.5667844622805475	-0.32965177415330804	0.09506752590947787	0.07470801353186145	0.02149783273135453	0.44271157092874924	-0.7397046963864096	0.2296117221035616	-0.3097875169154378	-0.40420424906082136	-0.24208975127140592	0.11965399572611012	0.1278568308918148	0.5087782377662988	-0.7127764005489229	-0.4610786530689471	-0.1910049886769123	-0.3125181192206526	0.37185133215633825	0.465333200148716	-0.06511575848186989	-0.1409908868871885	0.26136376581121207	0.5933204468836047	0.04226052466282702	0.003592961700450923	0.3453794038554067	-0.12601251964949273	0.07693778792428968	0.49960195910532673	0.021505617581736657	0.3309297844152503	-0.30513930428543184	-0.26497789243157827	0.49482162826395437	-0.12224460444833683	0.49327074053934417	0.5210202532094971	-0.015261542304999282	-0.06925147696810702	0.3211940916190038	0.7218262015485348	-0.16913235359302228	0.052723380402048776	0.5083422308708567	-0.07134204627054105	0.35942786369248386	-1.1021114217840944	-0.92560785372532	-0.0023084063476195267	0.7814526428687142	-0.10111670472424873	-0.16324277441259927	0.06674774270542211	-0.28966587071788696	0.13516358370703974	-0.22022050006276694	0.1775845010451203	-0.12697157435875148	-0.22342668943283567	0.34400636998992246	0.41331930862967486	-0.09605914490365702	0.24291551747407317	-0.03106061304605827	-0.2866802724620597	0.0820746189247027	-0.14978157194262037	0.003354429888477339	-0.14255118710687997	0.39156100558887375	0.039340844586448584	-0.32257115948619003	-0.13826872603474968	0.321299504031488	0.05449576668356874	0.011049998252065398	-0.051417304475946224	-0.001248414079953432	-0.11502053122872605	-0.020470273437719316	0.1363608547518859
DTXSID4021133	1.204614708091835	-1.1263907891851728	1.9558035233741768	-1.4799250771159358	1.6966611956168767	-0.44527732977307327	1.413424008898232	0.0571856125843774	0.36843885116709363	-4.221724271681364	-3.185074370218199	-2.782556646886563	1.6080679772627509	4.321978341499325	-0.43743280533899664	-0.4655511771879863	-0.782282796934434	0.8148147674214191	2.5100690979226292	0.049122312391882	0.9640692323002774	-0.14177654972077983	-2.1950694703199307	-1.5757785129443413	2.242450760642901	1.5153062029004964	1.5095878355095036	1.08337638269857	-0.48493092728747855	0.00917518817888325	-0.4145121719675337	0.6788502087637674	-0.4497312667772344	-1.006226503323193	0.1274103325126155	0.4976236110510967	-0.17364897287461362	2.3874163350144437	-1.4977215495654854	0.9630211249282247	0.9911922448455659	0.25850147675780566	-2.85823636590523	1.6327986479586036	-0.6477746460142836	1.2314744615119835	-0.8664127173430686	1.5365671374412226	0.7614536425296541	0.9822182690847511	0.5173373267624398	-1.0607429926736291	-1.695620413855591	-2.5478590553945906	-1.5518549233836056	1.95707157523655	0.5347416036253462	1.2889952905993487	-1.5942424174824807	0.5932783099322148	-0.28834893760146646	-0.5541559491223378	-0.01796889785924442	1.309388099955412	0.24481298648713054	0.5367261816521178	-0.6719217617267077	-0.4418490124405974	0.9349726151865324	-0.36132885033434836	-0.05457109980850884	0.7007811987678676	-0.2613679057456595	0.07474539989441317	-0.4249330511817189	-0.0011991271244850778	-0.20503650175096372	-0.09245615135161099	0.7630183880889093	0.07822527986324283	0.022343710370863332	-0.46985096895791595	0.2653627774559195	-0.5350364074832297	0.06294326690625474	0.3912641196303087	-0.04326459644346711	0.5130247741757352	0.33581402732680354	-0.8244558759017447	0.21038990570505378	0.28404840560128397	0.3882530266509332	0.8167955452684297	0.035902035738760954	-0.07530818016177583	0.03440737085114079	-0.5830748495074873	0.02680607348893961	0.389592218385491
DTXSID0048767	6.683545496381813	-6.22566948793072	5.332417753088977	2.480321170633422	5.079789853675795	1.516033549173341	0.43677008503760517	1.5726625116761523	0.49530007601576514	-3.1915920104071147	-1.1008966966472467	-1.8905628498316356	1.6920541026778813	4.043241234765097	0.8027955032873632	-0.6869430216131663	0.08284737772964465	-2.190184841343076	2.4249070530134427	-1.2488125268091488	1.101291966466284	0.17749045132568003	0.344169204118219	1.9745634670464831	-0.6338658413806207	-0.7394281658690105	-0.6823849685444908	0.8747382353177757	0.28101528107207274	0.6946632892123995	-1.4978578585045603	0.22714878098326802	-2.2475124369829644	4.151719607400304	2.190859143740342	-1.6651901758696859	5.817831143532666	-2.3694266980036227	-1.4073809099943817	-0.45510031805832046	0.2205975348395194	-2.1973801942785474	0.3789024285743528	3.861445720823741	-0.36489522310045874	1.69093149622225	-2.6775171448270076	2.5737829739314004	0.6064300724707418	-2.258157928441679	2.735428485392724	-0.7972530998778851	-1.6150245385817157	4.863402214550641	2.9077107250004812	-1.5136064660526434	0.053049981803535685	-1.2507281075018652	0.7794109590192811	-0.189024399611869	-0.5768790071944904	2.582367323329548	1.0756377244503115	-2.987189814191024	1.9700958761122263	-0.5373793832442196	-0.8115731065996079	0.19385926304070294	-2.1929886348817207	0.4779837367487405	0.5988634530379444	0.023635970818393758	0.18588124377285914	1.312001946410193	0.11244870008354606	0.4931401580296987	-2.0599952045338337	0.3281752602632867	0.1667793273611846	0.8551367798026009	0.06414590846839101	-0.241280886548573	-0.435474749795581	0.49292542979755266	-0.02997613481466544	0.5756770093268706	0.18581466970457444	0.030593216056054456	0.34644086588546846	-0.19749239934888208	0.0032534868146341595	0.10414050534818174	0.23438380308600007	0.06839004845038382	-0.5005090211697298	-0.06452545081570477	0.17471373666738163	0.11642690248955577	0.03771676960809636	0.016907549611271815
DTXSID8029650	-3.4432595985606227	6.685696871951323	-0.8004861438947409	0.19528716871398893	-0.3086059939659931	-0.9598662103345474	0.028937804862048912	0.05203100826423121	0.042202880215387525	-0.6207812261145564	-0.08996502915176761	1.120961235351609	0.11586258857751286	0.2840402383597114	0.39610470089439276	0.3893071213282128	0.024174081974991483	0.4406684988226881	-0.18913476715201658	0.26393669364357986	-0.46560183428925556	0.31541792282313813	0.002563249122968232	0.8933039402689239	-1.969522412154555	-0.5749485310119457	-0.7426203498040769	-1.3590506985610011	-0.6024422600526167	0.13224920948854293	0.8912552906156346	-0.2665190341001787	-0.9058185188993956	-0.8584642905385755	0.3869730557884186	0.7939664907131737	0.47091000353199214	0.2722166327417653	0.9527757471660623	-0.4718833211440529	-0.29887362024583275	-1.3650962236905917	-0.3249603801914259	0.08709934023888224	0.1796879562012516	-0.6913210776072608	-1.1030849950970234	1.2702350992505054	0.8088285225134944	-0.40399312445863184	-0.22307643705189356	0.1894512217552865	0.0756757224423081	-0.20873545235132884	-1.0779755522791483	0.10313064347756166	0.049274987449276435	-0.05189031362080873	0.42667759093384006	-0.6299751069030518	-1.2889552210939041	-0.8253213005672142	-0.13391363677188542	1.0120047668457866	1.7573769303467939	0.7903979575050265	0.2743178215396319	0.029756173939669308	0.12722040727213157	1.4566346055364487	-0.45405677752230206	-1.444150880469613	0.6396018866818168	-0.5037998394704999	-0.6495826650351149	0.1523698908926389	0.5501178537668161	-0.04480643883678957	0.18042247948609863	-0.1489057039672807	-0.3232644341617693	-0.6364019311297946	0.9568501608294576	-0.4685522785994998	-0.123167479007302	-0.3006331009272587	0.552228573813265	-0.07551845563594747	-0.4824997768052321	0.3134625029881287	0.8651884088182782	-0.04730857625990603	0.4010114311136052	-0.0743649286300425	0.018694177731432785	0.785531778650127	0.0876860765288438	0.024621518902091924	-0.3061204142346445	-0.05870474858237852
DTXSID2022256	-4.047816310172731	0.207579659250489	-2.006013124985201	-1.0707534945086168	-1.9361969821777953	-1.1506547124697253	-1.9541153185522504	-2.231365393793003	-1.7341340073666862	2.977718321388694	-0.6469363790905687	-0.4828432058581937	1.92157497764322	2.2770244992331454	-1.561541798070093	0.43161475134042376	1.1063490347454714	1.9898601414241566	-0.508949703036482	-0.38293270884095926	0.18435581999278186	0.11010993781669909	-0.013182244600774643	0.007635173044879407	-0.10228151799725897	0.7198392977495336	1.3600653692727265	0.5106849346952602	0.5393551659917618	-0.005329314429943091	0.655854814155303	0.47368921856524243	0.6513200313407452	0.11260834891953413	0.08852850328303054	0.010781409081983972	-0.31137278965115733	-0.17863050663628588	0.04022303730365738	1.347468019169917	0.48426604128730016	0.2905822088941076	-0.013199493356414392	-0.022473679215724022	0.1527359132858929	-0.28999465052976026	0.6144563294245396	-0.20816855476940005	-0.5322269292044645	-1.7748738977819856	-1.130114120337916	0.6593021912726008	0.8203544205115775	0.5922596964261952	-0.10046141597139875	-0.4134827488403263	1.452087741893797	-0.5353161064289979	-0.5857275867668856	0.21688176573371723	7.366308384159974e-05	1.1533570074820467	0.9241386089294993	-0.5456843470484525	0.17238941262392418	-0.3726569027836799	0.031013776451607484	0.06312418752880262	-0.24161320377870993	-0.36841038298630824	-0.294034981846727	-0.3990087665913433	-0.23183639920959123	-0.32001742964255286	0.8511993205063955	0.2732716425662083	0.44258456315969114	-0.15821055324578065	0.08701695889112201	-0.13179149976297627	0.5118990590264684	0.06512038339222619	0.0037639257897286	-0.03172255673531617	0.3000914876351799	-0.4827496544758001	0.25826244587152913	-0.3904132447417665	0.5194723056388494	-0.28536884950739294	0.29793017848605796	-0.059142336575278655	-0.28625970658498245	-0.0931627294496964	-0.1801311910690428	0.18146248561671086	0.27832826320836257	0.1003233445712512	0.05573199442543209	-0.1051794807132804
DTXSID9044908	-3.885207147212851	5.003406311876986	-0.9842293196700622	2.8250854763923905	0.6549989744589487	-1.218623725465641	-0.553564834407959	0.5403800701512947	-1.2117063436750066	0.0965035593928744	-1.7196503140295498	1.969734683037145	0.9619902036608539	-0.6364695026396696	-1.7398231590605546	1.00608679942078	0.4034119879354684	0.3013975334368845	-1.5731923224365674	-0.677948832297254	-1.2504467361786704	0.3364600747360358	0.6379117110394329	0.42577471117938404	-1.4153534738786528	0.8048632895984437	-1.0860510352312338	-0.9632851575503167	0.050530546057708826	-1.4250158302590097	0.7007516105768614	-0.032572112157058984	-1.142906732491437	0.2921729671561803	1.1574047387468522	0.7884497731765877	-0.07348950967922765	0.7922711214255491	-0.5248665882197792	-1.3388579201802513	0.9491972673739908	0.11119395398695572	-0.29045094933520665	-0.6628771675539786	0.6405404377561369	0.39943463223159914	-1.2988096938585192	1.1504019792940574	0.8721312799674585	0.5956016991619872	-0.7194195685365654	-0.7793239759377043	-1.2819659150454004	-0.5586570067330323	-0.2955289869897229	-1.9069253506433108	-0.915923250185567	-0.661301138638647	-0.9407210501404518	0.37663600426175287	-1.1471087194040428	-1.7397675717066499	-0.640391680817371	-0.21752493889667457	0.5537602600179989	1.4628317432891436	0.8411749519905349	-0.1081989016436839	0.7876349174866242	0.9223323125506052	-0.8273077207115139	-0.7152211829163653	0.7646748460272389	0.20573053303609526	-1.3511261166008905	0.4153929971121548	1.005476280773608	-1.0231061639875554	-1.1116712245288511	-0.8177951998766485	-1.0621214137841846	-0.13781610518378837	1.013302289316325	-0.10054152995792962	0.33263451151237183	-0.9314821168147586	-0.1790637401171483	-0.1092946441908772	-0.1332539597655742	0.36794081368358866	0.7302491386893056	1.0543352058377966	0.12110432665308542	-0.4064980386197656	0.6313430772565137	0.6775664038860989	-0.6682389041671329	-0.21384860283205082	-0.1668284186864924	0.7077869901246493
DTXSID8057720	-3.6730761870076534	-0.883421793144015	-1.8437358101093975	0.5902572853831288	-0.6224778808471498	0.21886412969258773	0.6305921972389628	-1.4337413950240925	1.211830548605302	1.0842911179271317	3.0742988358679413	0.9048545010905334	1.1549334661080672	1.5629975046837676	0.2668450374499665	-0.8711470733806935	2.591485973197557	-1.0430850411813197	1.1679963755216218	0.21938196346637664	0.331053767076826	0.8581675287406519	1.8139075016828932	-0.5127057314970564	0.3895312112236297	0.76633507886088	-0.3970851554032339	-0.12374932219364417	-0.5089192251529415	-0.7486808505133297	0.7575554523325325	0.30832194791823714	0.7190124076894018	-0.2737834910739591	0.3136398535246625	-0.40532600044121897	-0.5480666177961238	-0.9068844973333726	0.09918501743941628	-0.1540703635772521	0.5478761809973848	-0.4857959061560755	-0.14981707364149727	0.9510177588295486	0.36145202423154205	-0.8404064213775863	-0.6186268495148861	-1.3949937511884545	-0.42942092144356975	-0.01798066946331319	-0.735104516182266	0.1485826699242039	-0.680967966385268	-0.038179681858296115	0.5383747336698783	-0.7376068068677234	0.5685378722638182	1.029595332512093	-0.30875790494419686	0.03591798029932138	-0.2873175557395084	-0.16949075165359975	0.6369674673802027	1.1199684113996202	-0.17330132312285504	-0.23288037486565935	-0.6839413366860846	0.22471155056630543	-0.21689424163721094	0.3042435218467511	-0.38094880184590935	0.3001968556231394	0.6762473598148172	0.7556047274826507	-0.511062510928297	-0.5101857280296037	-0.6033040527213082	0.45376180076274103	-0.11278366273534515	-0.18393671570776685	0.2512086940537627	-0.02436941051941549	-0.031006939257492552	-0.25197531025973674	-0.15699919593132908	0.1521951704601281	0.09748725917582701	0.20361253296070095	-0.08476650622162134	-0.12641698872300655	0.4596950591037824	0.046762691562481085	0.00928414651276328	0.49501080650843465	-0.6321562779270128	-0.3833514841353079	0.22900599588173629	-0.03749430058835985	-0.22607864829338745	-0.07808668334069357
DTXSID1022188	-3.7034029608064305	4.044934983574493	-1.6027134320492293	-2.701990546563281	5.0396170522846395	-0.7400601889190485	0.5920981213921725	-1.9524864893706024	0.12497459893807697	-1.2316958806358587	-3.16315892171543	3.3285524705745595	-2.2164166333760345	-0.010849935561135476	3.013769699863408	3.5934872796918094	-0.4838502782208153	0.9627398495070418	-0.7989680634065551	-1.5658118902554106	1.5200609699112169	0.9441920357864034	0.8509940832201088	-2.848611704207828	0.8352450561677158	-1.4167755137475044	-1.2537065507878489	2.0987785728043913	-0.30415419031623064	-0.15305173763352517	-0.44997548614753996	-0.709093819737076	0.212346535588719	0.08748701556934273	0.6647313294130675	1.3872309489401768	-1.3272816343146596	-0.12916585107413486	-0.9605802320878288	0.04192642634428894	0.09393100905626463	-0.32145897819204217	-0.4870501965512457	0.1504970105182671	-0.04523379983746836	-0.37252403487072205	0.7231919755611166	-0.7956519360268067	-0.7744481516124699	-0.530825455369618	0.9514533379554674	-0.5782194789267641	-0.677889065593078	0.8404248474048706	-1.2375725055950533	-0.0042145624008664406	-0.50248206918868	-0.48300563094992505	0.0884905357340873	0.6315899196070318	-0.3284425458090069	0.888777957572964	-0.1530455979969572	-0.0005729847217050833	0.17230924553966673	-0.5949566887901461	-0.5731357421549365	-0.2607665368343352	-0.23294518478448878	-0.3030592950912392	0.3554240321086719	0.019732652634143946	0.04601454502178661	0.19060002977277293	0.04380459802561055	0.12611264319858126	-0.020470224496720348	0.19033981195711638	0.09573218771276111	0.47610238378138553	-0.2659692276889093	0.32050410163585263	-0.3243521058398557	0.35559760029855725	0.6451166870080174	0.5076281044788435	0.25683390027808056	0.11167434481106922	-0.07427810793381727	-0.2219391834306129	0.04563687534670212	-0.09783443896374013	-0.014133577840376981	0.11040879165855338	0.13760898438688024	0.17673919709540944	-0.08153321361058571	-0.14802376306481352	-0.2811443734229551	0.0034426368514983204
DTXSID5022699	4.948306615786068	-4.660377915481441	0.981298418760624	3.5824250802859896	1.6012188981713176	0.6057196323525995	-1.5664935756453855	0.11608890616731443	0.09119267613250269	-6.085205883704467	0.4976394674553438	-2.0695052412915813	-3.571495190834557	-0.2247141878510799	-2.513630124474099	-3.1863188727219516	-2.6021172915241846	3.005642844446343	3.3402342379651033	-0.5376293902754066	3.592652541163085	6.067308839407466	4.324778911921369	-0.1276609130260736	1.725813712723911	-0.7252385070160813	-0.599400693968597	1.675962325860322	-1.2097439609494325	0.02063582835544479	1.632591933318118	3.431554268657245	-4.585487058852075	3.9585337960120692	2.504061982027777	1.70552922384481	8.29664401089844	-2.1347682200797125	-0.024411854807437343	-0.23211354192842829	-1.1859339477376207	-0.9525278848099307	0.39314539868049	2.955640227428903	-1.9444376862305983	-0.750372874972018	-1.9925414254590645	2.147630843611862	0.7337006477127997	-2.9254566032388722	2.390377855370776	-0.2852953495562415	-3.3026741383107336	3.5892145063397547	2.7629655457747826	-2.0631386913582084	1.7269017830923967	-1.7695155156888107	-1.738761581031203	-0.5949018370030227	2.4832779794657047	3.984530692129506	1.7436988991822957	-0.11884566011574571	2.730890321466168	0.31779210010530556	-0.39829057309432125	-2.464831935690559	2.5352671895143106	0.2882332612613178	-1.4344184427500624	-2.78088602415069	-5.648236586966718	5.313910072835988	-2.1170782363709346	-1.9925717930035112	1.3573005053417055	2.4725161141973624	0.7170731431906479	0.3031705181777411	0.05085506541023647	-0.15845473574266566	0.21204438624394162	3.5064659987726157	-4.4080418198844855	-3.6528742127955973	-0.9432340428736942	-2.750081081895158	0.7563215472905023	-1.7621819927311713	0.5531904461618429	-1.0440530014678335	-0.2837684067958518	-1.2531087211009917	0.44832939947989775	0.2561858283733886	-0.30530664879423486	-1.2253346980378337	-0.6738864158029655	-0.09232617483348599
DTXSID7024291	0.8306130649779777	-2.4080495370032007	-1.5732919675307855	-2.515585573147093	-0.4158239850147781	-1.8121956689661753	1.3369571898049124	1.457016609358388	1.8144481260918122	-0.6091375558857398	1.3323630389928638	-0.6257544147729079	0.8093960100326428	-0.8954611003185007	-1.9403241991282254	-0.6691184997233676	0.01144686278816959	-0.2026636727098298	0.08971793688836259	-0.33131482097996706	0.4611605798038315	-0.7889273004869569	0.6258251359922768	-1.1500369882090824	-0.4391119353622176	-0.6623111954764078	-0.585000209139894	-0.4155782706328394	-0.9065996399112558	-0.22714182535396063	-0.6259150288579068	0.1895372376225822	-0.6962127510409488	-0.5222989129300897	-0.7725478728161038	0.7174119802031631	0.5594287509798758	1.5044047483423697	-1.495475723718565	-0.3701164205131115	0.28379562945265613	0.9189163898881457	-0.16938271182976375	-0.6768938489904555	-0.4815061477633577	0.43231842338220217	-0.5101744168044215	0.5056847511104378	-0.08361911127921923	0.2711304121197024	-0.6552115196339451	-0.5814862230816279	0.2831511820180142	-0.8690739633134186	1.0799406621419243	0.5993645584476339	0.06824200322054358	-1.132748913948218	1.1218483813966211	0.5207607455556507	0.4742289723701586	-0.4643474088822746	1.0003913846620194	-0.790287819031595	-0.06787948698331649	-0.6856926796962803	-0.38308165191002497	0.14318330554697845	-0.5926549922027324	0.9451440185337966	-0.676513728069897	-0.09548365280270919	-1.4324477338668158	1.009665811531631	0.6909148658847358	-0.038048735792808916	-1.194250186375902	-0.8250964377765146	0.6913555753062676	2.0150334988270058	-0.7539826670798473	0.48117960744751487	0.05195063581043128	0.5876087787055885	0.38306806011380884	0.8825390302420225	0.26687979671048384	-0.5719554785144951	2.2254674477302974	-1.2196574314035245	-0.4484826864828748	0.4074874091619334	0.6932302462547456	-0.5914941745175082	0.5819494234316136	0.28459809159626565	-0.2013740634598649	0.012150247086856107	-0.2254735241606202	0.1415415062795157
DTXSID3024104	-3.2689616822719914	-0.3236766763050127	7.222366265665516	-2.2011459735653003	0.519224284785889	1.1999587178274975	-0.3371675029748835	-1.1218330055864196	-1.087078725363737	1.3477079400146428	-2.757361149441048	-0.08513479149265532	3.2164915772366793	-1.8436083679264006	0.18461280011666534	-1.1385401721345643	0.04127375158944915	-1.2099008945644698	-0.779090667567799	1.6272839874736882	0.5592426602615151	-0.8462706422114711	1.5644497085339164	-2.5101384732007737	1.345256074268629	-0.7407090999179604	0.24948276729036747	-0.16340562920425586	-0.8000736931070049	-0.304394573869591	0.3692694351013878	-1.026464971231562	0.301871861081545	-0.23150754239662197	-0.7546451892964958	0.9237712861144222	0.6307457965368126	-1.0446469984135147	0.6111683777411085	-0.6094021104411589	0.031238587453888585	-0.5134511501116585	-0.02079092204714121	-0.5134041080120254	-0.34424841973789416	-0.6169141494869997	-0.3680745628244773	-0.05946005813850076	0.35618942747056037	-0.03127465558979382	0.09805184058339406	0.6681212588195812	-0.013656016124224993	-1.0255571040922593	0.20955472011265514	-0.41549448893672575	-0.047694375890865066	-0.3434616996210128	0.19009972474754486	0.08048384246239712	0.032572021634313025	0.37860962790332825	-0.14676435540639315	0.18226345144376976	-0.27180939374450147	0.45804817742897264	0.2838108760387474	0.20193837455561833	0.12863252732170877	0.19493192498826548	-0.4194239070934144	-0.9498779397029006	-0.7831011914908084	-0.08406039663415733	0.23859837881227877	-0.23799481720819898	-0.43184844033897607	-0.17567461591800804	-0.21703638821767038	0.20186614068505415	0.176315975422569	0.5152295231986449	0.01582803178500661	-0.011691946633880493	0.20059625238720782	0.6106358843740285	-0.2882320566684507	0.38054512968308574	0.577073257774279	1.5065978854399185	-0.169771830307372	0.11933467227598009	-0.4023019810539644	0.4649106472330245	-0.3209193832546833	0.356690817762275	0.0904644523054011	0.0987646061093945	0.08748329784578211	0.34788793095206644
DTXSID6048204	-4.020023362690073	6.191352320877703	-0.9545590675521808	0.29483512409464896	1.024324173790156	-0.5295312093440019	0.18317572785972872	-0.16975202661516622	-0.39826533963243355	-0.7111696493824098	-1.3690165096307143	1.1473077435851307	-0.49651278444343344	-0.4032428967670053	-0.27810567465631275	0.2417318213569807	0.8959271688036219	0.09089256552882964	0.5607466585669096	-0.40853940556073615	-0.008188757732244997	0.7698016612492451	0.2804848360261394	0.25730349395925506	-0.32328407224005146	0.46943435726374677	-1.099042805671614	-0.18384211000497358	-0.4085065554363909	-0.1853634352132251	0.21128664080527704	-0.4432374843743033	0.06330008080020355	-0.4680909314275261	0.41660708996577384	-0.03196361278873312	-0.07657655123609519	0.3343421636163169	-0.1495180937959096	-0.4972197587849427	0.49671032265504866	-0.498013199158846	-0.5680091628096383	0.2681621890232078	0.31614626493594505	-0.24924093614053208	-0.529448702008139	0.10215785849140085	0.31196764895406387	0.26311684950975106	-0.5194106786656624	-0.9049921164768199	-0.3487352670861722	0.11340129444187305	0.11906097681345823	-0.23239650734189404	-0.48578020348777695	-0.276956622948786	-0.1683956701350338	0.4531710346062085	-0.6229811867871403	0.16421563869309289	-0.4293214992501997	-0.12741570698244584	0.17533052727383264	0.36612447263703507	0.09297671826123206	-0.09332958096982785	0.5502009404247143	0.41515203195189365	-0.16821868268676238	-0.3757739676238151	0.21343525618489534	0.10556723977259763	-0.1641007116531937	0.4525537141945329	0.3277350636103349	-0.9405080925515967	0.012519131174410834	0.03356812094305804	0.535832730984773	-0.6400132505264194	1.1830091100328703	-0.3338579822310478	-0.05523793885490663	-0.3312665363744312	0.008462129051729404	-0.2244077298855064	-0.20555267030485738	0.20990080918398094	0.20552833270924598	0.9552401814287264	0.0896665919061169	-0.2119550659519239	0.20743228685850862	0.6274572865844549	-0.16967419928384822	0.13158346335486218	-0.20015911281935922	-0.14287944691570803
DTXSID8041115	55.99156437409664	-8.6898430071008	-1.7227326962800344	36.25438492498669	8.895953823028043	-7.566486759679353	54.50796338770497	10.006242570958372	-12.450983811159052	59.988050875562195	-19.365235863041466	49.27883668011983	9.414338386378342	-4.842240085864539	14.19948085549272	-22.803493645929834	-14.818532046989624	25.26257790729251	30.193356401314844	9.384969916875207	22.84146093403822	-10.846847768241847	-15.01515343411769	2.7773673551185722	-7.8745658299040775	-14.085691002392682	-8.14659715666657	8.958319674773115	2.1591677346115716	5.986991620939932	2.1185048161670967	9.085179417676532	-1.5479263121951803	5.331388832300282	0.8136192864579285	13.531305144630016	-3.5956283342275484	8.307169156585433	-7.377224316311215	2.9456176392851736	-1.5421774005777027	1.2343017657058355	-2.851824638064674	-2.0610368826630525	-2.2686986280262125	-1.7167245483930573	1.6579715395966466	-6.630163606650067	-0.33526322182243884	4.4544067309543705	-1.2376327822456898	-8.398343861022381	-7.81253998880131	-2.915427076241785	-0.5783026734353311	-2.4354732126506176	11.39294342756895	1.1483795872482963	-16.59578378260532	-5.369386733959933	11.802600444137964	-11.61083222869544	6.810099840231356	2.019118731769928	-10.083243228221294	-31.45094330672589	-1.0015434249527473	-12.78564996910481	-8.855791740165873	4.040008018185615	-11.04460346536745	-18.444230110205215	-3.298403893347219	-3.983307169946175	6.0954216720848375	5.672353374428767	-19.243537073172845	2.529411271960469	0.25994934595867003	-18.878201317043153	19.75187890981627	-19.009243587643468	24.58582413399068	-30.519035161567768	-23.57839416480027	23.589844015281038	-7.311945059141573	-11.235579332101931	-2.3651965837634674	-6.784280543800695	2.181367655903586	-18.861675459027857	6.713365060569296	-4.965221669992378	1.0423682236058884	41.84227326488138	-4.797884654756332	-1.2352170712763157	5.299784604683809	18.558788515608672
DTXSID5037498	3.196034596271921	-2.4281293853679693	-2.5793604427878636	-3.032696190522941	-0.5192140634521334	-3.594365395485263	1.6056183932731631	2.5543439054462374	1.7765020283682211	-0.9712861145195261	0.05212234082194271	-1.2991413764896298	0.4415756284719219	-0.8743912685755872	-1.9724553918484602	-1.7910317813488787	0.2155061027260316	-0.5096147077538092	-1.1610914062451585	-0.36563522357084377	-0.10567937182953327	-0.3934910232413719	0.1413072042981834	-0.6241151806916722	-0.3839951902614047	-1.6360598025984125	0.010705879969112032	0.4916851498563428	0.5182710325506417	-0.1497930817641867	0.25342664993002856	-0.5690956045730303	0.35042979296469345	-0.7556491363178459	-0.08397902629023775	-0.09847573493145008	1.1872136480617794	0.10135359348513052	-0.7534198794334244	-0.5034897933231662	0.032080405855537765	0.10808439267757865	0.2661121561955285	-0.27579366813806727	-0.4302335624372754	0.043615924463716024	0.08113650977017045	-0.8239264011526095	0.29895560120348025	0.29461196458692074	0.19171185906174143	-1.021874125243998	1.528891054610037	-1.0062131047369713	0.4395625183035299	0.3991856358778629	-0.2882591720820109	-0.17346495389653954	0.4859994436023799	-0.03610868876610163	0.6652273835575236	0.7734766777576562	0.630352180003322	0.0007758268081618293	-1.4433746140773607	-1.09751205433581	-0.18216503642350837	0.8073125249171191	-0.3822109947117139	0.5628587492794735	-0.18632407555050148	0.8470961514629771	-0.6091330494458701	-0.40062756315359815	-0.30165234382343376	0.512781731175916	0.47829791774163166	-0.07929011818781828	0.3041529348446336	-0.1363854410201436	-0.40439689463411255	-0.10740030852743968	-0.04097413134629077	0.358821371324441	-0.5215791252274774	-0.006667960061593056	0.13203327681208243	0.003491533447232626	-0.8403994721869004	-0.054229902782770685	0.047727025933716104	-0.38280635157166587	-0.007263922324693848	-0.0712211935703313	0.2260293660593312	-0.0032352344531156006	0.43106948074625956	0.09450335141147559	0.2120398453217451	-0.38896902009915557
DTXSID3029572	-0.9482885261203171	-1.26320651700742	-1.9353219115773777	-0.6720495738783853	-2.8529697805644894	0.9856998213010039	0.47886390399336887	-1.3443000933673614	-0.11642871882445825	1.199050864235698	1.7937985769555291	-0.14051732996047012	0.3986451295654343	0.6513695624898544	0.6119041276154982	0.3673685054393747	0.08665053585660715	0.32315663432027325	1.1042708902629128	-1.0027452983074616	-0.2677603498851797	-0.5202115000577321	-0.3905045233920159	-0.5314110977720942	-0.54947497187647	0.291069792344127	-0.5523740435634621	-1.7311630566309226	-1.001078895701476	0.7371217454387016	0.42109606405805905	-0.5394758261253492	-2.0218362263984524	-1.4919562460354703	-0.8378717369050488	0.9431008985089426	1.1025060311183115	1.7391931839870647	-0.7490495529877794	-0.2634468495179843	0.6475732989283075	1.340794014790672	0.1040751911679412	0.008282388072323867	-0.1239567685739288	0.11539353814530807	0.3947747604939316	0.46582028354379174	0.5619161316973833	-0.4219861237687437	-0.773369300877189	-1.133961414235738	0.5892506787712327	0.9314756726606669	2.138930732576153	1.4689260812831315	-0.1141643530092534	-1.3514288451809184	1.0203942828532448	0.5445463155460479	-0.8954297886513347	0.3680968088994755	0.8172183838547996	-0.832055409741486	0.8569004544653621	-0.7148094813330912	-0.19978584382747108	0.9844318837933907	-0.10281812391304226	0.3676136616704767	1.127264755819074	-1.3920491515124287	-0.2903108918393468	-0.8741251532216315	-0.7632750083946831	-0.6601312853707392	-0.5753110613366008	0.4048376070020686	0.6964019518292319	-0.2725198336204724	-0.6933603976829869	0.12579155558557686	-0.005843296381204133	0.07250615389732985	-0.6194051879072179	0.11006267959998967	-0.8759923764527796	-0.29932303658550996	0.3348125861579452	0.04012114534754928	-0.011652181992928825	0.21814947594084708	-0.01949260403989712	0.17807648830673797	-0.041467963998620114	-0.13398028314949786	0.26693191442445185	-0.07214988340074281	-0.1014599840987052	-0.6376858293986685
DTXSID3059921	17.97399144124939	-24.198135132483525	-17.968685067782097	7.534705827731315	-3.0544274172112043	-2.713974355817037	-19.115383178841828	-25.128584452694867	-3.4307503587589006	-13.716588957884616	-23.718400454634345	33.11753255441323	-7.10782233773562	-2.2907610351443055	2.6482357432651518	-10.332990814574538	-6.245468919947262	-13.642547979799156	0.5487344367171314	10.536713674695019	-9.52036603033603	0.19750330551718792	-7.7384118212903	5.7483787790530405	-4.724396497332479	15.139719962798463	5.080520625864948	7.712212071234724	-11.378355771297654	-5.400157402131461	0.12103207213090542	-4.496637986424848	-9.77763368610184	0.38887427686464665	-7.255838182616185	1.2507835497219593	3.2314559659196522	2.6340591031339566	-6.705643108340023	5.0400578783036964	-7.64847903115535	2.30806729883397	1.0539101493885032	-0.5592811948045571	-0.5466839611128107	-0.26137122388209216	-1.415039773317149	1.1448249824233616	3.0274919316037336	-3.355457169607903	-7.191186941372085	-1.5567165445820894	6.7636374849878615	3.760796678571974	3.7359769421077824	-3.8491379486550947	-0.876403393095684	7.858283955642067	-2.163456069436686	1.3271371904753049	0.06455652621749676	-2.616890471942189	-7.214403780585239	4.897973804395575	-5.902861692331459	-0.8265956265029915	-3.6437702704009602	2.373143428440451	-5.039791296058511	5.524620281588521	0.32665548313395554	3.2971572254686374	-15.591004448817385	-2.9713246184529094	2.0527369100696222	-6.320403474902576	6.28341532787425	4.524355828600155	3.8126760847865926	1.2255906312893858	6.634462639706867	3.0842683171774605	4.861343073827523	-3.5259287850073013	5.53079849715576	-5.549220966444409	-6.926909621419575	12.31466233114759	0.09801714292778665	0.21584110583287305	-9.68332005271839	14.576590353463008	9.781641061494621	5.842106642548671	-18.46078126833074	0.5305726906426701	-7.683435924599802	-8.58848073619253	10.344035234005132	-8.613680386437677
DTXSID4025329	-8.812234451658032	1.12600589502921	0.5061337158256212	0.4596180622907785	-1.0423636560094662	0.21425784238623757	-0.07554467477703226	-1.8576677137798576	-0.13833048519759336	0.1403932735012719	-0.6747949591100902	1.0515768896197943	1.633970160063454	-0.6112830682361223	-0.11591424894488273	-0.13927100392516573	-0.34297817716205253	-0.5394111267544069	0.7478918980926401	1.1406348814097107	-0.06044092200656489	0.4130966898586935	0.4168917293203616	-0.2713119192000081	-0.08396093128492722	0.042402994145905086	-0.37120280888445134	0.06822204797215797	0.27948190760130603	0.0857122635222989	0.39006254994764716	0.45009575649111017	-0.30705587915504484	0.6641371222457086	-0.021218682237872828	0.2104187476522843	0.32001922496087826	-0.04845724061559213	-0.0244225528600093	-0.004084884950989545	0.2760199505965186	0.4439610518777503	-0.40004727343551766	0.0700849513782202	0.5478092972788279	-0.09359750844992551	-0.2745779381943948	0.4783301885344354	-0.06987958424054569	-0.1627508415137701	-0.2736290602897178	0.2931769404445897	0.41756784575542877	-0.11304422997959147	-0.3459793602284417	-0.033272779969056546	-0.04808898201721235	0.6803263093314258	-0.7615590697392806	0.4085268856022391	0.2246546634445026	-0.37140333431183703	-0.4437785639654556	0.32071332741633796	0.21404197859161536	-0.6166458788433744	-0.016742561572804477	-0.0684810221387962	0.20752818559590297	0.2600945609219738	0.09924333516298638	0.5122764845402636	0.09133428569386673	0.23712893190458664	-0.1983227739325166	0.40198433959736607	0.8561949790537331	-0.12467974705464767	-0.36325868250842325	-0.4814070070944008	-0.5510451309662999	0.4456977288379813	0.3575896606548446	-0.48122722379307004	-0.30709557165760604	-0.5131220087073866	0.37016080272601415	0.09978143279081464	0.35634061859685573	0.080098471252247	-0.14241278509274374	-0.09595101931468511	0.19113980746912934	0.06713442201593432	0.21573920943667566	0.10992135107457983	0.40408643498268493	0.3084260749085237	0.22587189800902452	0.2217935002320702
DTXSID3044833	-1.4772701178531313	4.5750090972304625	-1.6383191024138681	-0.6578470495840971	0.299502044010871	0.5344949882894897	0.6635000838503285	-1.6363916602677844	1.713370236494538	-0.7082472246015187	1.7071608015432354	0.4132673620887336	0.16471454202118005	1.3274759120475095	0.6674746545594649	-0.9464431138048738	-0.73513050476958	1.294309774720095	0.4819222344192277	0.4767908664377048	-0.8759192496380627	0.38524339404100716	-1.330568591664425	0.24698890484484476	0.09535653288154612	-0.13059894997245486	0.5731728578078484	-0.07196857389563986	-0.46784995392475254	0.33288763693520873	-0.1193225423883871	0.6077653462359489	-0.04204216135965694	-0.5442600572003252	0.08884530016752369	-0.36909304103199064	0.3395115139503332	-0.060137709661684295	0.3395655839997497	-0.1344740057368112	-0.1804774296561661	-0.8511923326947207	-0.1355662942676717	-0.05952380398552788	0.2251205209564952	-0.5910578385514244	0.05320482382783157	0.03457472269238438	-0.06622543941349787	0.001923457140866997	0.2767481030892245	-0.28627333533795407	-0.1213089253349737	-0.5494043010632955	0.20865535492148116	-0.21033700631025898	-0.8954524492165027	-0.4309974102109868	-0.35196826730868946	0.20400243168252916	0.18386197704138335	-0.3811440070353222	-0.23359997769602586	-0.18212309054953021	0.10534406657744187	0.09807882523292925	-0.30817798314929234	-0.5057997844788814	-0.09663790948415296	1.1507431873087322	-0.28320906240251187	-0.41698251368344874	0.31332293990100646	-0.19522261804122115	-0.4513622153016401	-0.303598348988658	-0.20732767386372972	0.36149564111505483	-0.26266597358496485	-0.17096471224078025	0.8069694748063138	-0.16561480599369632	0.1660043163600027	-0.2240719649219004	0.44677397454052353	0.25354614443276713	-0.012062788977505616	0.1791404887577284	-0.5810655959545443	-0.050610448016394256	0.1642592414157443	0.6883438094822468	-0.12380001490840914	0.254435028223732	-0.28733235960499587	-0.45675532421093273	0.48709700305426246	-0.1314733566657396	-0.2912919902613212	-0.319622346926682
DTXSID5025021	5.055097728677329	2.7675374243951625	0.539055480275906	-1.4745519799379834	1.4024971170247922	1.8608643466371222	-0.9948104635613126	-2.789856552528935	0.542520818217801	-0.8643181639495818	2.205405481839767	1.0566785112363402	-1.103011483126698	0.9227082205852417	-1.0566891022410618	0.11638836631144679	1.0910491062672987	0.984204850105573	-0.47297898300148566	2.158456266814072	0.013974732863344835	0.8474725684045303	0.6557448182182202	-0.41147670218720245	1.5787109651044462	-0.1195843132201377	-1.3384338232580448	0.766587797047105	0.16451451103588266	-2.1181866784162175	-1.1491566639039514	0.1633232426279214	0.010485213777276983	1.841981245034323	0.8154969391326848	-1.748820646301457	0.5510884428895122	-0.32167578379138545	-0.07372247269647206	-0.8535184602615937	0.7271740512196403	-0.20990365513269804	-0.270632829681927	-1.129786312702468	0.9769417614243741	-0.5246159099603535	-0.6811335978876288	-0.5611741386414568	-0.9157282211162336	1.999646913165214	-0.43126988618180223	0.24271170509374435	-0.6306351406206459	-0.280747862902027	0.5683022205574239	1.4052699200681216	0.17090024173663132	0.8063572532391877	-1.1860563140252431	0.26107486558155946	0.26295759539176655	-0.14218693050772835	-2.102220334700591	-0.2977696188243484	-1.131977423872785	-0.37196238134768606	-0.6171634092349995	-0.5476145979710666	0.6758582126170454	0.6120758329427335	0.17862722777073659	0.42595403358445677	0.4512587047093147	0.0009415510795179922	0.016984817753661972	-0.3770975173549252	-0.9388511510253975	-0.8391705326373113	1.8443588304360832	0.5459328222449278	1.6231836757318836	-0.019972286692031938	1.515556262314977	-0.5766405793369779	0.03805431713218668	-0.3678318257637376	-0.07502891816642797	-0.18293754471353665	-0.46206436664135575	0.12027380202245463	-0.6118644731440498	0.9244229122338457	0.23824984185297152	0.20485999160505738	0.8064794770112833	0.2511082202979084	0.44558207881537554	0.7917380137971873	-0.11153401818159138	-0.6121519513543705
DTXSID9020796	21.58575324526087	-7.995150576722014	-0.54922117073164	-0.116738585099353	2.8646495681462745	3.0419599223944873	5.930340901850733	0.5922454653857943	6.264117594970392	7.632308194791521	-4.483494275663867	-1.0566777429503005	1.4212188639449346	0.44018129447889137	2.5543083759648746	-0.16978787480369603	-0.2852010422732075	1.989202872806842	-1.4556699493886673	4.039017820385401	-0.25147053386961493	-0.7975017743459681	-0.8552338110188051	0.737091077350693	1.0670019153761205	1.7414685790671343	-1.6764435459367664	-0.09466307236675733	0.7871155205698752	-0.11575917003768076	1.415266164755764	2.2859807918737864	-0.8126185048476597	1.6936727389225457	0.5241199121153792	-0.6210876563991212	0.795124823912299	-0.7459261842103793	0.5509054983003615	-0.8012484842755536	-0.9072396170126605	-0.6675414464388204	0.18169310371272593	-0.3166212621256597	-0.3097595044371906	0.29919482216955334	2.3782834053604924	-0.5179794912335429	-2.1344540979107	2.2477017448113408	0.40415630439218836	0.2982043651705495	-2.4111980560819535	-1.1427179320440453	-0.07124386367822462	0.7415264391784199	-1.1070974324857157	0.2686571742623758	0.8984405325433608	-0.6561172808528903	1.056377327350172	-0.7648300870487748	0.11264850894006985	-0.507391908439516	-0.5796313794420709	-3.9364153284400016	0.40987553994263415	-2.8600306903795945	-1.025544544530532	-0.684485764085217	-0.21978209816149658	-0.29937223913976235	-0.4790346922279273	0.6382956024548364	-0.5050408373135883	-1.5788337669251418	-1.7261528658215204	1.7922325501928353	-0.8453620139143897	-1.5039492796732543	2.5527800555144724	-1.8819881814903021	1.6749288009816432	-4.667794281197113	-2.106077354152979	0.6442479221898547	-0.21964521535603748	-0.14558880002487568	1.8144896532138934	-1.1774593630186574	3.082401103177369	-2.6306954573327457	0.9263948887654947	1.2324655900011117	0.24763928144978492	1.6113315850979884	-1.162057503538954	0.07627810893447245	0.06860939264736077	2.512475184832761
DTXSID2045993	4.188739259365609	-1.2225775194263055	-3.569699907858283	3.4956078213735458	-4.313353200831622	-7.043389619086979	4.317936038568422	5.711294785104699	-0.33925921287077876	-5.787214258056736	-4.6000336740250845	2.3445091792003407	4.5104143203507014	-2.0532793310726465	0.04444810991569604	1.6723349186852354	2.34108461484165	3.452152100995472	2.3544579485631187	0.8046892211415793	-9.041853309032907	-2.4598487817548795	7.73611033720389	2.884504512624663	5.681461614193859	0.7045929115815109	-4.2311444696909	-2.3585547409371994	-0.3838910064255049	1.068942451987408	-1.2617562312192376	0.5480830097209871	0.7989202606634801	3.0513665257647338	2.418119386061196	-2.7550064619318477	-4.752093593294727	6.7824815464665695	0.7654005908075928	-5.279792307860345	-3.7824262107632367	5.422785129317855	6.071483096256942	6.432803710972367	-1.5811323446417591	-4.6587747608032775	-3.8009911072029174	0.15747357593161057	3.0251994256048254	-0.6729404048981089	-2.4930165540757185	1.5216621052855634	-0.9767821943577931	-1.827987188782195	-2.4095306297921923	-2.93528953741338	-1.8676717688094577	-0.7419619004034962	2.3002260057238875	2.5527808957389806	-1.4286865929324388	0.15061784972180836	0.7872329418426822	-2.752745097185506	1.4669358930793828	2.954496887726831	0.7590090278561988	0.5588933100020589	1.351609235255883	1.2504651002183163	-0.8288876866391691	0.14786331824672275	-0.9655682298428921	-2.305060025558831	-1.4301738634863643	0.3342269532773571	0.03906683048366979	-0.7033785814218644	0.6884952679758249	-0.030485624246819925	-0.06861197611504438	-0.5177750587812953	-0.9259749657575667	0.2635355446680612	-2.8231546464670245	1.0574350865363935	-1.321948281293483	-0.33078988050481245	-1.5452271352612417	-0.11199988683891414	0.9651199338622442	0.7427098444012941	0.6535984872822365	-1.2961523125132794	0.2205989360384191	0.08849071358418015	0.9345889685951739	0.984037451959373	0.0267013283016541	-0.7542868887435118
DTXSID3033511	-4.9895028145445535	-1.452289038316264	-17.16070234922735	-0.20470561067285337	30.071700898677598	-0.4577133777294981	-7.608013289398157	3.7200523087022814	-5.550729372104395	-4.566438819874467	0.594098667898515	0.2864887744767678	4.426000254024603	-8.96824984148228	18.37540222413377	12.049998327392053	0.8280868431638237	3.775791778928046	0.2593459338337971	9.513579096521815	-1.5075529625032928	13.52205373530041	-11.752537654640822	5.169573377265731	5.526122297625565	-8.56228412369502	2.9122212832397323	0.665277718126507	1.3673055979231312	12.905528538699569	13.834238100252465	-11.400849458951264	0.8320271906489074	5.113025171239257	-6.677428473487352	3.9270548895868065	5.773405630874079	8.455518776786361	-9.30173371495664	-2.528747711044359	7.930926807145622	4.449022401646713	-9.416808620025867	4.1386287550075895	-2.419886583311752	0.6987083543998538	1.1470387064104421	0.9290272069222386	-6.808340492450677	8.97799351313233	-8.557881755142052	-1.9047084407914594	9.89051111249808	0.7562845800691548	-8.138000887644328	-12.058306818977508	11.487777221978329	1.7174045962614943	9.166946177677035	-1.7319214067195887	12.001264776371261	3.14414810480641	1.4113768204152466	3.1305095746774296	1.0605777009229702	4.26086633808236	1.9308125274905703	2.445868963130906	8.163653256705553	-2.9057262430063315	1.1553367874142886	3.64597913825114	0.690849444605927	-0.07616665846549296	2.700315613028194	2.345136034872884	-10.096570963711976	13.372017875641271	1.5405113956908147	-7.545171650187487	2.8260514697593684	10.326968733997925	5.003820546947943	12.693431111377159	-4.416111858080282	13.642129007834727	8.523522380741463	-3.7499634785746223	-1.2048196003740586	-4.712241525581725	-2.310291659876983	0.7934674976289963	-0.5024692020096918	4.688268369185593	8.365640442887996	1.4515556949419537	4.3749482997251645	-8.410276381085804	1.3999744616809873	14.71759075388693
DTXSID0052594	-5.364702959009442	1.195223610851413	-0.559825470240438	0.7260636388088094	-2.1823163295754155	0.7953830781186043	2.2172204210718642	-2.422563973104572	0.4855847279207076	0.377035912342984	1.735073771530896	0.2629900284325015	1.7611973778281484	0.8665414822416718	-0.7227940192022182	0.11147535746218386	-0.6673380358176423	0.24684177533867221	1.3618360863736485	2.6544225288738024	-1.6829062045356975	2.399845980913037	0.7908193796491129	-1.4804374120131538	1.8829738920519572	-0.6076717581436257	-1.0610912760442195	-0.1871460352383678	0.2601704226955392	-0.26499318194367	-0.7820334465082066	-3.0819102010130024	-1.3279941032240719	-0.6377176723131907	1.1284075981175026	-2.5776479059886594	0.5901820593842216	0.5925857295831972	3.75846538418508	1.2151938150211308	-3.633019821465504	1.5998831530628768	-1.5825823855233625	0.5281959085209054	1.5513236152877867	4.600952310809946	0.677458685546046	-1.4502063770249445	-0.8802830575632151	0.6749551987321316	-0.019565468441504516	-1.9154271776614924	-1.012305497976638	-0.7308266906681359	-0.16406112519758204	-1.077327984570066	1.4462495258528831	-1.159196540145919	-0.5699340188514658	-0.0058507259713703	0.1445726559666616	-0.8052543195681029	0.9529414997471264	-0.2129955584134758	-0.2327933204633441	-0.31090046029930435	-0.39287287865906545	0.150769674856985	-0.5164622929724682	1.346479532572879	-0.3649571283373201	-0.4067318773706456	-0.8421508037535499	-0.32487322021439624	-0.23931665301112476	0.8130804574187571	-0.3477294256074066	-0.22063552584812776	-0.9232113277900116	-1.25520107582817	-1.2427018040102935	-0.044558623227128155	0.8972383346312716	0.5470534102328791	0.4187294470093332	-0.2529011658005924	-0.2116972807749872	0.6537034892622093	0.8113980429719899	0.05388321441006967	-0.019433253078229473	-0.26981730863443404	0.5120601752469043	0.4858087468074087	-0.45996854232754647	-0.38157405758320107	0.13974737938163612	-0.006013706823509017	-0.18852500018388443	-0.27015964711978213
DTXSID0045888	-3.806136583056671	2.7683362108782554	-5.422190710253728	1.922456044619333	-2.696937067505127	1.1805516173365085	3.4679492498727913	0.010564902861056264	-0.9402355880733569	-0.7069556822546733	0.7929771312431892	-1.694952386553575	1.0249550393491251	0.4178264802499919	-0.13896999922435552	0.2470759448965564	-2.126355538607931	-0.698556375352296	-0.19114214503996527	-0.5361957948192015	-0.6222964705713288	-0.5775648993134951	-0.5265544817974864	-0.8976600955440625	0.817839391454759	0.2709861502568087	-0.3516720806961486	-0.12482694915849861	-0.2862695215510524	0.20122384647014072	0.3556591119265392	-0.7184176723685225	-0.758966957822659	-0.6047184779365052	-1.0192918043103523	-0.39819452468400757	1.8540518201621745	-0.37619798382995173	1.8265527809301558	0.27225987311476096	-0.6912007462474087	-0.10751505701338626	-0.13198193088211224	0.37361976754629583	-0.19082851977999646	-2.018340568848906	0.02915264207706302	-0.9389966467368677	1.5191830408750633	0.6077970749546272	-0.8595753643429324	0.41165779792369966	-0.20403036983932557	1.2671739291902762	-1.0418621354656559	-0.027997667698717952	0.37142318152164944	0.6668537221187251	-0.24127468480077796	0.7775827746345685	-0.4776990794950718	-0.0037164134796301112	-0.16859061658973473	-0.5317764485747272	0.11240599119095639	0.5763746441104414	0.7732999130361083	-0.7074934400398079	-0.023283560179519172	-1.7445034303674685	0.99653122778161	-0.41865516200057296	-0.9357639709095349	-0.39342881059054124	-0.8540003625879276	-0.9543628850023473	-0.8561032634708647	0.021675828275470856	-0.6100473221627438	0.500379125644337	0.5750902385482044	-0.5517563010494414	-0.5106192541272109	-1.1402595514048788	0.9442062170202273	0.01730748886198874	0.7927269348311251	-0.6906163071283861	0.5461695145972658	-0.4191261052747354	1.0049127970480674	0.9134209305640251	0.08129844828958148	0.2789507218042616	0.35092515964843607	0.677793856777262	0.2059022224061534	0.39248758045583193	0.05189951935358043	-0.17636970262418986
DTXSID8044597	7.285217011493728	-1.131243485917477	4.838507852609942	-3.4204356776046314	0.9217966868714381	3.2488882861880533	-1.359971553305345	-1.4706354733164542	1.9670478921257875	-0.7798984445409978	0.4558115220691563	-0.0923663041943141	-0.45761856404901424	-1.0737671824664106	-1.911927940643359	-2.058686503434606	-4.240262155137633	3.0915716075729747	-3.0853914558561013	-1.1128265816786458	-0.13816402620933646	-1.5756889333625501	-0.9153374103268128	1.192232351921662	-1.4238009085895014	-0.4101509444920822	0.886486869213436	0.6671380758986699	1.1150017123936964	-2.711194485989005	0.7840383376239264	-1.2377805178814882	0.45131643431151336	0.9497364004275786	-0.620336351526568	1.5958915052719858	-0.772647699571354	0.8756719583686516	-2.3952198394749495	1.0181174742124093	-0.6928383609509158	0.6344412482836977	-1.0779116563585014	1.907256911254316	0.7208868056967291	2.813128404379154	0.5480066713307146	-2.665566249124356	2.5965076322016727	0.1794868555883836	0.13505384048499913	3.371040148417328	-1.6020216389947828	1.6185660013527956	-1.5502554701207842	-0.756200101637467	0.1434472000732088	1.4835734621796388	0.9814950185450895	-1.2984506124122186	3.526700884237727	-1.758367618817936	-1.603099591993312	-0.7009388384894949	-1.192306827880273	-0.5558635844946579	-0.8226679931858755	0.9984088815114067	1.2648329302855914	-0.8006595569157677	1.1376664706014206	0.873662115734561	-1.2351225073586498	-0.3498726887779727	-0.4236094527614956	-1.1869646849408602	0.874284761616434	-0.9511062640537937	-0.6742624143708398	-0.12931317695680047	-0.027928869681474743	-0.9343648947272243	-1.0561613122592795	-0.9596209034813094	0.03425658280513351	-1.2455930529453698	1.591046863910542	-0.7196671163781774	0.3418662731777456	-0.6725198345969096	0.8833966311617089	0.26631797009359726	-1.4211138093994709	0.39264571873757154	1.3981544492293456	0.05858501129618348	-0.8217963409663174	0.772703641428195	-1.3121292468431478	0.0663003903440575
DTXSID4027579	0.475122671550521	-0.5735029160210515	-5.804287285381171	2.628171471343963	6.6054888345084715	-0.6994639816263081	0.02887085458398297	2.018014831884413	0.9045302852392032	1.3938679471967448	2.0592858138729926	3.0400510399577905	0.09658390968888025	0.6333717334123284	-2.261806341413643	1.4051071544908083	2.826319444244732	-1.834108432293433	-2.5104857646302032	-1.4470726600281132	-1.292479404296545	1.9070572313566185	3.953447775497279	-0.10262218926192745	-0.5975784482346892	0.7641031767749243	-0.8501519702509883	-0.9848395987153892	-0.5722431962106721	0.24718797721841732	3.342137971147172	-0.6909100357906864	0.8301463624846609	2.487733920331262	0.2980249549617174	-0.1803129711511258	0.3099532002319741	1.4062272088383911	-0.8265552741049779	-2.1781819013717376	1.2061450850247608	-0.17741793357474256	0.0880372097278689	-1.9934425027887064	1.6388839276527547	0.7699330773155183	-2.743906230712731	1.6198324305184775	1.5377769327279611	-0.7935090779150715	-1.554715390078552	-2.1555064943147118	-1.350456909111484	-3.0621221376833345	-1.553995877198643	0.32205520926115605	0.1223369676752201	1.4808665090441357	1.9518081817381476	0.6585529330737412	0.5437852479628086	-0.7051522120896541	1.467709771654595	-1.8790987514091555	2.008224336986496	1.3804052213626952	3.3329075460521915	0.047467306253413936	-1.0693105572750103	1.7653361057490287	-1.6754448100782702	0.03663610911985281	-0.5466245347374521	-0.692126431862515	0.47611161861510454	1.0194470749482323	-0.024173326482153285	-0.6975157562915142	0.28391832856577165	-1.5263753482153954	-2.818051153533823	-1.177307040040245	0.5447482560870972	0.021951799893508456	-0.5444188792934741	-1.6735143273959896	-1.063908263346836	0.34094695755744214	0.4936855343120013	0.14357496395597702	-0.8324263178765205	0.6846793839297947	0.20323515712463563	-0.7016905658031346	0.134706267606405	0.49735815923354376	-1.4014756545845848	-1.1200659340018815	0.6644103379031988	2.0871482513537716
DTXSID4047381	9.442650554176428	-1.341774502331441	-1.4213726118853276	-3.8362980068896455	-0.5284235650527953	2.9311466389104415	1.8950954413426055	1.9754493739586227	-1.6779562328757862	1.279681263824786	-0.18259958142983146	-2.8653783182506762	-2.7222847229792815	1.126151224790321	-0.1708073382548452	2.181643305383858	-1.740833579359431	-2.4681093227655895	0.08170212978913606	-0.6924300112798205	-3.9317987521861526	1.1063645810117881	-0.702917704651577	2.284365650427586	1.2302593213542232	0.37006656609701116	-0.01850514132648259	0.5460761010929803	-1.7777378219365052	-0.555427221255919	0.5663033393684269	2.5862924279985737	2.0414780754214843	-1.4280791345428878	-1.9654117337468349	0.7984720939424483	1.112223913809731	-0.4745252362705768	-0.8523143938173214	-0.11039801793097503	-0.5215021630325517	-0.6471448734520177	0.5963243671750459	1.5773270998611935	0.794794296211619	0.8290781726090674	2.1298580123389343	-1.463405653634069	0.44757055245424243	-1.4108933562910446	-0.9937725307849319	-0.2744955711917968	1.3970645357499025	-0.40740158709380414	0.3847876905736629	0.11824705542312756	-0.1729212169368696	-1.2411985450581984	-0.20330589218259543	1.6922873715624012	-0.24206196336282915	1.0836064372067304	-0.8601387479375647	0.43679797423955063	0.6131847756970922	-0.8956447232102029	-1.9385917673391135	-1.1676745510591422	-0.2591614220042774	0.9749670258828964	-1.0086627059836402	0.5207292094114765	-0.3610292705214993	0.5990661407070154	-0.38011296918182486	1.415985127683466	-0.9389113238230603	-0.5255016185631303	1.0576369018460947	-0.5188376437935905	-1.4427723211929993	0.007919930696466654	1.3159728115767726	-0.08718019161537642	-0.7455867216923993	-0.6900296894872382	0.6995065598275824	0.6479464894725984	-0.21280470005937308	0.45666332978652197	-0.5827146654070186	-0.11235011491726653	-0.3176809806116993	-1.0500170345763107	-1.1023379691223232	0.19682009505241602	-0.45984504784714175	-0.03188306930649778	-0.6858488983246976	-0.26890629701820923
DTXSID2023937	-7.235651549134257	1.7814943576335371	-9.513830172438697	-1.6202512597486447	16.811037786852317	0.08016169695057972	-3.7862365838746697	1.6740211285155389	-4.232744669334402	-1.2866494309112597	-0.11964169522902944	0.771067240755314	2.23938409552373	-4.0198461414419455	9.297399716848457	5.9061222921771765	0.8211665013426694	2.1461728474167403	-0.520413973222187	4.499121496968845	-1.177528635720308	5.735752534280128	-7.023144313172423	3.3705395115246537	2.551025799930002	-3.8971576171807585	1.3708043610754261	-0.5192885360367646	0.8287697248335831	5.707497534674521	8.148758993379776	-5.644166798675426	-0.6812935080559279	2.874663084381855	-3.1748614684591505	2.596928570953411	3.3588153022052807	4.204230056140691	-5.3133571992249875	-1.7898390238176691	4.2161571646527	3.1841907928911444	-4.730187457277874	1.9226204942626541	-1.06351633393854	0.5853121378811931	1.230558560315734	0.5685603095186227	-4.529432657486759	4.769711708499151	-3.7768228655485396	-0.991057465650475	4.240722400390858	0.24723025844130678	-4.453739797742993	-6.324416684522043	5.343261035444057	-0.10944404093148997	4.337315484157761	-1.1477394632147544	5.957592964326835	1.5441201064438006	0.03908393172224294	1.9792601499723657	0.6635958647239696	2.4816858048660944	0.6908875596034866	1.2813415123858798	4.181506319492995	-1.1411361398406927	0.3564261763857506	1.694843080296439	1.2837240017344282	-0.701151532690459	1.5286448459604223	0.9398020518432191	-5.182227512423897	7.648857956144827	0.10040137876369648	-4.311998867370344	1.4651325987402724	5.964081008915062	3.895339393704619	7.106650091582797	-2.6219189166549626	6.7435273954707515	4.539722049300456	-1.7282034412226295	-1.3467646144924328	-3.5725259583176983	-1.121687290768721	1.4864168336642145	-0.8152674921545691	2.3038424731557847	3.8700764315856833	1.2363704426033055	2.980431300478822	-4.727027322431241	0.8078143296443646	7.97815626995508
DTXSID5057622	-1.531938867409752	-0.9627017690368924	4.104710721733291	-2.5127665578734435	1.8404537682241	1.8203684695647357	-1.2233899355397415	0.743460489240404	-0.6873375936123153	0.3678653789583223	-1.6708745488373449	0.41958984729569415	1.2352517252011093	0.30719007759123157	-0.2624747148815932	-0.020248333333541087	-0.3272972593337499	0.47956995621138643	-0.781047373969855	0.3361768460514609	-0.3763956450953727	-0.36546977698137695	-0.48467411707218305	0.23258349292641134	0.16565312246831485	0.035756399437911826	-0.03459879661693023	-0.8376268137341819	0.07751752005804376	0.719779405366236	0.7119763720240673	-0.30313681741669435	-0.0479552939200773	-0.05794908990777242	0.10103482381104252	-0.13911699795781401	0.31568228932590653	-0.20686022184693262	0.3904288513864955	-0.048802359591292234	-0.04004138575144582	-0.45422722028684936	-0.4065169442730845	0.7833931263664079	-0.21861425791302846	-0.572352246688948	1.047178117654842	-0.1364149443631098	-0.7073612223825524	0.5834267210747783	0.08985251217704855	-0.30343544158301256	-0.057592124124942155	-0.020379793669064065	0.30111595366419697	0.44495336864585383	-0.7257816594516464	-0.08472281767522759	0.06341377989574552	-0.7123258698514929	-0.4084078552857848	0.9792527535691417	0.13887358656228474	0.3696481284523278	-0.31182121099099425	0.0972952231212917	0.432160323531574	-0.8100455237734419	-0.19996420418727895	-0.7901537377249284	-0.3093888414374126	0.013101173411110684	-0.018831153719487428	1.7727997606846466	-0.37922276923939047	0.6366781639729865	-0.5206193959002772	-0.46979603997627534	0.019116936493507826	0.3514467533374862	-0.7725042435040627	-1.2679814988504563	0.35838208848623604	-0.7799980917609048	-0.4343447567172829	-0.39195940814146807	0.02019721511381171	1.1314383585697432	0.4688168316808977	0.11968146901110341	0.14923524184293677	-0.5650210150331212	0.03760278457141493	0.49810178281461126	-0.8672040604287846	-0.14101777300658563	-1.0194976990171087	0.4736591132761709	-0.18998728079124952	0.2530591079768751
DTXSID3020629	0.3981838568894728	-2.3041450674498587	1.4306742380750388	0.028614017963782743	-2.9300105298280275	2.599365211990229	-2.2280608509826134	-1.7703774075909156	-0.6045985112416823	-1.3505801469368226	-1.2509935956178035	2.206056490954199	0.2778280192908133	-1.7329712126556194	1.5147035460621083	-1.8042934659253442	-0.29243491198886734	-1.3458063560544204	0.44732905819797486	0.6596658108828608	-0.2469325211844613	-0.43167112256014806	-0.9845164453017523	-0.2565804435573177	0.48248381471713436	0.9808760025509824	0.7443006938407161	1.4442865287893318	-1.398504841247488	0.17615959557699162	-0.6912619162476915	-0.6613535317977092	-0.19580525969687124	0.5305468921359504	-0.5356943598512236	0.355023561432877	1.4901888288678908	0.8988703814912218	-0.26166511336264536	0.6737083326988477	-0.4910068987053747	-0.0658899609665879	-0.6843964905972738	-0.6273467117680981	-0.10526332983672511	0.03393620302188681	-0.02855917817446688	-0.49770459935080374	0.41261790671417575	0.4320696553411559	-1.265492222842628	-1.3066178599946034	0.3985151030941271	-0.015255159264002468	-0.06946908835307918	0.3102970145114836	-0.5091489227609824	0.525477483844787	0.2506792848525205	-0.5887224050840941	0.2065618334830751	0.24166671384380803	0.2989492774773568	0.42602433724220373	-0.4619106968783759	1.0915754944743172	0.3430206870260078	0.09866908790056195	0.1047423190332561	0.21545531351499203	-0.15391829430383472	-0.663032856562561	-0.559537082363029	-0.9022291174139243	-0.4597884110264125	-0.16602311555023958	0.4624684938993344	-0.406666957550176	-0.6095156871431915	0.12797399363180914	0.8056510047103592	0.8670126740066545	-0.37678523323306	-0.44170361847508527	0.31623157992595174	0.638371033922979	-0.8726900594629058	-0.012021691287700044	0.4187925455663789	0.8489787972666247	-0.2332508386821706	0.2619689261002191	-0.39367179397945123	-0.2068023124806595	-1.008510023234822	-0.09850971097783628	0.18904399520249177	0.24634163544339152	0.3931978234995989	-0.04420512133780371
DTXSID2031956	-0.8417142429901214	0.023141823766068204	-1.4514692851048896	-0.13344891621618737	-0.048596905193542525	2.476928391363064	0.035559604150395614	0.9700175336154717	-0.596116827277192	-1.680815448048736	1.266036453679054	-0.32216858759365025	0.37413073110511663	-0.3506268167399929	0.8488573834533268	-0.1484252422258119	-0.5536272384263559	2.048121830748237	-0.5754532092434883	-1.1740561862468946	-0.028111657177814418	-1.3595887996843599	-1.6967497814396817	0.8581939617817637	-0.8453463099279364	0.43513901060207716	-0.005998540706695611	-0.7041593262600018	-0.6130871314397627	-0.05463103877630411	0.5748823723175599	0.13990624053088807	-1.217528993265624	-0.7625319861745606	-0.9202016467481179	0.10071625218968606	1.0460737141799814	1.0131583946903417	-0.0982931000388885	-0.2533881287318602	-0.044297374982027876	-0.6636621116255034	-0.7687266754067253	0.5549959078644341	0.1454927562542467	-0.2162857534449142	1.0624573999911742	-0.46319284445811826	0.3574445621282145	1.0484908865790319	-0.4549418393657475	-0.4481918240651781	-1.301495529886042	1.2850879304543121	-0.7929022409407036	0.28593584860126753	-0.8816748920307607	-0.900463607830784	1.5150373839512978	-0.7564621405984369	-0.5802986666875409	0.06132805210952871	0.8372348730126642	0.014116524610638876	0.5750302460361045	-0.6226446128229366	0.10994170178793752	-0.7591520402514951	0.8656583404384354	0.41222831764004514	0.77193060917887	-0.13219171968915058	-1.1173411701911777	0.03593929463582767	0.8190680847655426	0.67809884968354	0.3489552469252329	-0.613078979099914	-0.3800694863808365	0.958055842339396	0.450650614897381	0.07874644880768226	-0.15887084417475866	-0.7514111565527939	-0.22836172919486405	-0.6198606478043825	0.0500335091914392	0.1577517769271339	0.03029531785281455	-0.2944497169225565	0.013245143749088643	-0.30090993329478677	0.34867796936225637	0.29005137540796005	-0.43621312011654817	-0.04396666392810376	-0.08371894974763741	0.2191747895081977	0.040399409290717454	0.24794345124386294
DTXSID1026083	-6.4514068243663685	0.6220266991208826	-3.565490443804998	-3.196742541063908	1.3228850675196404	-1.5044625562060787	-3.258633067980711	-1.3082539996849756	-4.139933350504167	2.843390016246261	-2.519722481995322	0.9618397808087137	-0.014289964296913907	0.25521010821331036	-0.027199631873293946	-1.2374134904050555	-0.10330228900335499	-0.4506452556539997	-1.3964702748514037	0.8512480386889605	-0.4156774496498868	-1.8283499744074283	-0.4010461402542759	0.1825498665005691	-1.292100880124327	0.6994070707532571	0.19433441200579865	-1.0314296673371304	-0.4014206058849773	-0.7746612431610518	1.1866454381971698	0.13703079550080713	-0.9165749058703878	0.25062540365077396	0.888953022056665	0.16011473891897204	0.6312654443467453	-0.18341932241810371	-0.18458389887973692	0.16042107016069557	-0.30777280438968346	0.9166125898844114	0.6964929850128516	-0.3510839441408672	0.21938485895188028	-0.5152872516240825	0.051238532524018394	-0.43711131535997755	-0.07136658791182326	-0.5127812316202955	0.008570083198031379	-0.9837839108350742	0.21368139650160684	-0.3293394052286186	1.3804655295897774	0.5007465406819401	0.29251449987040884	-0.09473825583593554	-0.39876392703253777	-0.4669633558733321	-0.7736427687030775	-0.7497997569806972	-0.23499472109659164	0.8355877228154377	1.772601542906729	-0.6049694380100188	-1.6096225396109212	0.2662009581288472	1.740612292084306	-1.037056658881091	-0.28230406136170855	-0.5657971175005228	0.015783416375664525	-0.8590703945794477	-2.0062663668901455	-0.29687729331357426	-2.7185141065040286	-0.5868009158424129	0.7140939756674973	-0.6581638399686333	-1.238563887977992	-0.9399706360358913	0.398986756955405	-0.06811259880963738	0.18326939505758635	-0.7926098402015074	-1.200626081219741	0.8535491077117746	-0.14234947665636263	-0.11617774009860558	0.44758426646221566	-0.19651311411423383	-2.012171154758186	-0.6246319414791908	0.0291963425472986	0.3465681633420374	-0.8246428763451593	-0.2762578352736613	0.44379790611460107	-0.6431503069701355
DTXSID3045930	9.567387558016872	10.398022938943456	1.3096062276102756	-1.2578323274402086	-2.8047917244257508	1.4660428070380935	-0.5456445333229946	-0.14898416787885174	-0.0669068096052043	1.6791374705771533	1.831219886522023	-1.1985008135597386	-0.3439881423924677	1.6945034600484254	0.32487514591428596	0.0943509429565527	-1.4960824704467413	0.06169698970116593	0.8117540302469755	3.6295463387016174	-1.3837334447524616	0.6002032511891168	1.027897870992309	-1.9929220629763373	0.20107522942564254	1.3002982823589535	1.83081476090535	1.752823453044608	0.5275701008996904	-1.439569935000726	-1.6833478019353239	-0.7031913219691376	1.0555779167071904	0.1886127133940971	-2.3131122710670864	-0.9281851482113551	0.8773629884428049	-1.3458046690926169	0.3362928734282799	-1.4954187864568722	1.1537614598050736	3.3012477664869486	0.15756092809634278	0.4629970144309336	-2.9495061943498566	-0.953539641956111	0.018086581174514036	0.19036606293488054	-2.508006857179233	0.4621237171200776	2.216072776787366	-1.4514300209786357	0.6913682637452921	0.35974684146227454	0.6289203615674593	0.3234016727407141	-0.46721550798993094	1.8301688595672516	0.13124884573718368	0.14654460471029399	0.17444307481408666	-0.9993650765984481	0.25674009470377857	-1.1535647676501235	0.7277466100667807	0.24724469319864986	0.6823687816090692	0.05861431121704203	0.3271192083181947	0.3922786459658519	0.7870430314429955	0.2761121707358401	-0.3081048292715384	-0.23296506481952745	-1.53964671331556	-0.3790326866004784	-0.4434682829141842	0.5610531051927181	-1.4010918469479823	0.1796174384952558	0.024532950714235852	0.6626452341620209	-1.6898396959461413	-0.5315724452787653	0.11511156707353133	1.3571769551897244	0.26156498975142445	0.834366209977515	-0.7897576767627739	-0.8382942604549635	0.07134573621703473	-0.23978001784545397	0.5270129118203275	-0.0671312025882369	0.3129846322832774	0.6277841343990495	-0.9582587153027571	-0.4873540509277391	1.251703056062727	0.03791373645099814
DTXSID8059920	5.544637594673515	-11.098080618649504	-10.749407884926274	2.9437681590129205	-3.4682472836658444	-1.9185022118275104	-11.722442196746341	-11.62848233326142	-1.0773728842484929	-6.233598729415757	-10.666377136367846	18.57001207968499	-5.979433919912144	-5.350562020460174	1.8850095841701127	-4.739583782709712	-4.533738576591855	-7.836829953539893	-0.18771882935696824	6.058900675577598	-4.993749957181007	-0.8862814920384141	-4.440888704898839	1.5263874833796691	-2.4612103758535313	7.562132311241188	2.784241108855802	3.7277191463205304	-5.634268106022706	-2.3887499979787625	0.3098534943834231	-1.1820335697639588	-3.4538723302569947	1.4981262052440487	-2.491581623492956	0.639399271156943	3.4605040631757786	2.087406326316069	-2.2324413772149185	3.126422976720942	-3.8985396964954364	1.680075475636569	0.2739908025129444	-1.1169205446098367	-0.1168923854446801	0.30365715833159485	-1.1126364103516615	0.9394033882427549	1.6119781397928277	-1.6391032927662486	-4.711679521006008	-1.4912507791467464	3.518826692815187	0.47921470364913604	1.741824054836031	-1.4874613982417915	-0.5874295413286782	3.8828518083518704	-2.066025715128589	-0.0485185879902248	0.19284375378878738	-0.23739635224303354	-1.8596103495584482	0.9111731497243891	-1.5838175909589218	0.5603247031665354	-1.0115703639825668	2.676368418469811	-2.099373486402053	2.6986035418176364	-1.0585193989574706	0.7567212843435961	-5.5041408809707315	-1.1721168438355631	-1.723880052200769	-1.6034476641579043	1.8891685003185672	0.08730128514149224	1.5803303381959426	0.25166672670801227	3.7666106819466374	0.9068459858547866	0.043462136101738706	-2.0383660750578394	2.5977868358355725	-1.8203690202664673	-3.7647091279149234	3.9767561954450916	-0.28739475110717716	0.44223778931933955	-2.991930830415477	5.171474086632364	2.86956347295071	2.227167451370417	-6.70739072667015	-0.3605022617139666	-4.809245546940033	-2.735605288421557	2.78740893339621	-2.953607673155776
DTXSID5026881	4.315665296972299	4.2645325291492755	-3.070618883257278	-2.489572458883753	10.855356487916485	0.8774286623836474	0.5492932142320466	-2.8768061185627123	0.8008026108223381	-1.396805448683395	-2.8368704273067316	2.583396351838641	-2.3884589448364504	-0.7266053800568646	-0.37067586083499343	3.694778535675693	3.3697087070620375	2.649044412665798	-0.4216116065188166	-0.4279947004084497	0.7352638433511057	1.4461398119803799	-0.8003972173173564	-0.6635502117286418	2.6165334997069127	-0.6719697878205995	-2.7903556980627	1.4787935732242021	-0.9505876913319131	-0.06606098406210734	-0.21140618474025957	-2.022456328584274	1.7468703620003985	-0.8903859985949473	0.4332841814746515	0.6659326128725104	-0.414836486961452	-0.2032191583681194	-0.31164170827365145	0.2959279085093557	0.536972701358751	-0.796985897891284	-1.2571277025132273	0.8903778397421483	-0.957645839358055	-1.0500413956581718	0.6394763198424476	-0.06430780853649051	0.6133553381545024	-0.2969433065723411	-0.3781206748510574	0.12362345653430892	-0.2931811403019765	0.7133210615224947	-0.32369028544966155	0.10943132325146974	-1.5180226531912933	0.20773872190688988	0.0908693664965869	0.8970511283111777	0.35788450432007335	0.241421167935636	0.6312493723316113	-1.441969007616527	0.5611627973571509	-0.8763759489363597	-0.5719392952464731	0.1635055205334246	-0.32388291668934516	-1.0255454507263317	0.268451949694031	-0.27681835077327466	-0.04595817062264638	0.03457564249702833	-1.3162973172621213	0.7154099232965785	0.22968643508419784	0.042852632672835594	-0.6863658974410026	-0.11550131377049139	-0.06665307353609345	-0.18713222902383886	-0.7459906352437526	0.25522130395973563	0.017702069442121823	0.23344529723321877	-0.3030423587800259	-0.39191375940513967	0.3487805588262122	0.35434216030527266	0.26941310527985113	0.05441780942317016	0.12604288014880133	0.00159252422578658	0.7007061334996203	-0.14921216414497043	0.0727444843809568	0.21210512593791794	0.14192482884991212	-0.050194000294742816
DTXSID6025432	-8.83690182956255	2.8531219972816535	-2.8690796315532077	2.633186017766853	-1.89333371851537	-2.8247877933432544	0.5939245832722377	-0.4000673605165571	0.49119956527952	-0.8693956874939884	-0.8751443494168902	2.6688278301448927	1.1865413807536525	1.332399556174705	2.92220038096674	1.6423729914469736	-1.9998449893701298	-0.452641600549078	-0.5673253082481299	-2.147376286886104	-0.07393031097478452	2.20727705918597	1.6412642515298517	-1.4472438081192192	-1.0400847271673657	-1.3385016144595252	-0.9816009395252598	-0.106967775158636	-0.27807526345214734	-0.10607891556545829	0.306567251059167	0.09108211045430074	-0.43001404012266975	-0.09966853570674424	0.3371787007806326	0.9809089470679478	-0.6970732420015235	0.10178947924153715	-0.205454057623407	-1.1633811466739623	0.15483669458706928	-0.803580913018467	0.01409742988751212	-0.3430145201800347	0.7562156717623019	0.3655798514500554	-0.7009042081538587	0.04986082457588417	0.04179529553933638	-0.22931278277809522	0.6234137890126429	-0.6196205732066613	-0.4136438454850065	-0.03414686307011421	-2.027114696408521	-0.8009291640188375	-0.6155905228776211	-0.3929678627862907	0.3360808448275217	0.9839685849723386	-0.7730339144809857	0.5229885647479728	0.0783697879551939	0.1828207098384793	0.5410923708778274	-0.11899549064661334	-0.0284880959919453	-0.38903645104652745	0.9787697396109056	1.6495572224008277	-0.19221198456602476	-0.8091895394624925	1.0377204567781815	-0.30330217893653566	-0.1386707803107057	-0.23050586770550785	0.20065521778462556	-0.1112163760937368	-0.6436606030476714	-0.041968749852809586	-0.06434080007440332	-0.5063417973569019	0.13222052956482855	-0.005655673822015085	-0.22304413319560076	-0.2963531701851765	0.11477658248158461	0.016113000340230724	-0.29091401585914317	0.1442235770256136	0.47938272537457577	0.6832204855050675	0.20588485785694832	0.2509598826780532	-0.03490301730791191	0.6126911044344003	0.22100559514978918	0.4987193022044478	-0.39921080691024974	0.010777794285933822
DTXSID9048720	11.676393304176882	8.21667097303817	-0.901723042961212	3.4308713116897955	-1.6643424338062476	-1.2512395007201649	-1.3407325478136707	-0.07644073357945357	0.43991463071612674	0.6191530825532873	0.0494478966781626	2.1921750293057998	1.947646948661672	1.0268358711873062	-0.46046491156935787	-0.3000576569706273	0.49465549975522183	1.08866579296884	-1.3364601537612026	0.06377097327564472	-0.7451224977589387	0.7815894207949141	-0.6971639112513757	1.4789162790451988	-1.222573208199591	-0.17967428673528102	-1.1359372583143617	-0.5726128845060444	0.059893681614981924	-0.9966019735830965	-0.025015869157838634	-0.5920274484071539	-0.5894232130230197	0.5995567282143842	0.33397063284794887	-0.112372938042526	0.623614509427294	-0.1290001974370147	0.0789710892788685	0.32923312791771714	0.6067575902027035	-0.286874412334048	-0.45368017683454065	0.39345736579025453	-0.11901377378557758	-1.0427028174703368	-1.7787787846727379	0.27315910776525365	-0.40998730030292374	0.30123767632742515	-0.8741793395932064	0.42050394170577665	-0.8814815739063017	-0.35314861241080936	-1.6057835122111812	-0.7860810176133093	0.15139450835253596	-0.6783905343333259	-0.7608273913164667	0.035849080078675814	-1.7137071673115718	-1.1290750579620612	0.4513180059147931	-1.0944790605924861	-1.0199951516932266	0.15339698149968506	-0.7191751952132418	-0.9753303761831325	1.381211716988275	-0.744273674124255	-1.0087815974387804	0.40210513983351176	1.7869873166363528	2.0217744881047923	0.5611322047938404	0.8014352198972402	0.7898369303171839	-0.0550687192139621	0.21700547966986655	0.7210932773144593	-1.8984582578869535	-0.2375677785076779	0.6399672364742336	1.793560356328474	-0.3053952546104906	-2.3508697505611518	-1.2131169910358335	-0.7372760563221021	-0.4241576881031592	2.066871477660733	1.012390691811334	2.1322227835003345	-0.059033101586610404	1.0934656510295226	0.35046562915732704	-0.9349056310502109	0.3536605113890817	0.5134731368186249	-0.7067555736214047	-0.052625361787959644
DTXSID5022855	5.155224436570521	-2.5865595061680167	0.5364374791528216	-0.8742797201904464	-1.3018431102346577	2.058722658800739	8.221084960260775	4.806782561364983	-2.4535771512655393	5.267264413007099	-2.5481575139406787	2.6912024044280205	2.569317293211583	0.5888126359735351	1.962341664487912	-0.43311284676106016	-5.2744160399417535	-1.2396897715547701	2.187932235610984	0.19301749797820228	4.342793531973467	-0.47703070670646897	-0.31372876896861174	1.6427229934359544	2.1905956275384546	4.308217481244582	0.006507512352299839	-1.9871664713900876	0.33636352525159524	1.971119750824255	-2.4274689772657716	-0.6585791845060818	-1.6755483985636408	0.4945452836001645	1.6219194441919185	-2.8769347049682743	-0.21841363318814985	1.6281667864529643	-0.6674785018441053	0.17035436837466247	2.243308508286317	0.0279505533743279	-0.7507017647210612	-2.0188901792108886	2.7241892204473497	-0.024164340338018602	-2.2405958788615643	0.6163457382859344	-3.1484034956417077	-1.0086212056634127	-1.604352200663196	0.06911903885708788	-0.25336727833045447	3.269712174885047	2.1989384546209707	0.07880168829700328	-1.4362436995006491	-0.3310112738569705	0.8371400727164667	-3.997422873497642	2.576236169300217	-2.445857665917705	2.104161430279579	-1.2593738865593007	1.8876411699124966	-2.4099224359868887	-1.9393002014027059	-0.7625308471224959	-1.7262699900797198	0.7407100986985629	0.26255848177198976	-1.0022153524388435	-0.2655414479588723	-0.5191565198794514	0.640076435803777	0.1776065392588627	-0.872231250900877	-0.8715966795859856	1.118070667051978	-1.4788750491294311	1.8475122719483477	0.5543404557093108	2.5153387358087063	-2.212767317083373	-2.3678470819721644	2.9620081975817056	-0.8973520014169387	-1.3000882692821152	0.28245060680760486	-0.13671725241987404	0.9824387873746259	-2.6956935496065024	1.0862548318054166	-0.5884217974625866	-0.32375769676637045	3.7834071064190526	-0.05844196889940395	-0.7270643608959203	-0.6510490156583753	1.5840329460838884
DTXSID1029677	-10.60227593389921	1.9629391855403229	-3.0881691039996206	2.429672285053486	-0.31586942046647193	-0.4338999673523578	-0.274856521666532	-0.9699343679318343	0.032428511909535496	0.5625884171107641	-0.5001121734681947	0.6630445748047498	1.4979825053028304	-0.33773389887853733	-0.5793718955166974	-0.3614665815945902	-1.2622095639094586	-0.6898585296474637	0.379333327145652	1.006785197887794	-0.6200148849287298	-0.017353679739134507	0.399723279718105	-1.1791153494447209	0.05724535801685648	-0.4306545827146043	0.044777388665600874	-0.3526704208704174	-0.05364918263852442	-0.9610198983563758	0.507599055367176	0.7731294442412641	-0.21288575333390977	0.6480296796062531	0.17811908198454457	0.19033920428329257	0.2420070710668996	0.6738584653243873	-0.404959807809353	-0.10834858921802876	-0.023840421521783218	0.7377293602711873	-0.14216697890071492	-0.7954610825297033	0.2740016821078964	-0.09281183077251502	-0.6702971657013563	0.8683038126681626	0.18036401612523575	-0.47978602418261923	-0.3498166976144206	0.10548316717058431	0.17866243548846583	-0.6932360635757111	-0.47491262967537184	-0.28369121460015073	0.17755627237524296	0.41457583496269834	-1.1350687093821554	0.059306476687988566	0.5602164140208793	-0.6219783614363088	-0.49544157667956557	-0.12303248069918396	0.7280031965407207	-0.8942547016922717	0.21707187643832726	0.1930507821126861	0.4704206106177623	1.1542190274721513	-0.4092877828368314	0.260647052520611	0.0945598249961774	0.46269210000812105	-0.5100693032641748	0.8357891282612526	0.4180442597090754	-0.041397640389013404	-0.2931975664168908	0.12282119679690762	0.04250419158869064	-0.4263256565688489	-0.885432010443522	-0.11423798866937493	0.06451753758814702	0.4852623210410542	0.10312697324978469	-0.19945824672571943	0.6814003105843578	0.007121320501815469	-0.6958612457934497	-0.32385401307109735	-0.036614204534592285	0.3577757283462202	0.8343602115288888	0.013075730606851462	0.6588479623180007	0.6018201548150162	-0.049323037185605226	-0.6034826816642697
DTXSID9020617	-4.998038367869871	0.647103849446828	0.9405699580793075	2.2563466456161585	-0.2633963159529266	-0.9712032206101824	1.2116369636629134	-0.6994387085255926	0.5638359623785228	-0.06359847101679023	2.471544713750478	0.16440905008245582	-0.14900466228217482	0.4050583775149314	0.7622607180053383	-0.6914117339603485	0.8813273236081641	-1.0913067121274833	1.062894583084347	-0.753583548414125	-0.3731333402806636	0.2910924653490651	0.04561465580733112	0.009917785599232875	0.47875116517135513	1.4732219888317006	0.3257990160844644	-0.39508986100041826	-0.688434899373399	1.0667839945696391	0.5180383824338723	1.0476978074079395	0.33187697026215457	-0.9250074513713682	-0.1453756375573507	0.12628373747091842	-0.45805937893569226	0.22174359531936005	0.23446564456755303	-0.34356431506361995	-0.2769991253722295	-0.25719817092192293	0.15354134773122402	0.5165096633061849	-0.019434299153670617	-0.264945487359051	0.6921143891959749	-0.01555751096807547	-0.31336900543708873	-0.7846623543433968	0.5854078031184855	-0.7660567392973002	-0.4566421016131895	-0.21822034101895596	0.12915875546659653	-0.7082910928666777	0.37080529107864285	-0.004782777254301913	1.155358447262847	-0.07461618289819484	0.11762996325691	0.8790366665230668	0.21458813340185687	1.478023581176126	-0.6947155056447238	-0.15524533724588127	-0.06866666056325914	-0.09889807448891305	-0.11248833073413353	-0.3682900517841802	0.01911561929926638	0.20193580333157624	0.17403343946334726	0.42032198089570666	0.027878497923019212	0.6591562224485994	0.6952740132759369	-0.1643380993577741	-0.10456718153527125	0.033839894179656854	0.30409436042588994	-0.4079568006104114	0.011945217910632421	-0.12182956310935567	-0.19253480013724403	0.33499092945214565	0.3341841421800391	-0.31291270183980935	-0.06184101928098545	-0.16390402468040446	0.09323485314431579	-0.032370367313360744	-0.02832830719669169	0.34819598024817744	-0.1850727727872674	0.07278561960742531	-0.01679329899941171	0.300783921046602	0.14995962560684883	0.23791850224371922
DTXSID5045542	20.59785994957206	-2.8993972513390065	-6.840857710681144	12.1369979799532	15.077450006096988	-0.327620857598744	3.4170225104030707	0.8835301958946787	-3.8323028013602514	-10.660700329353178	-12.052475917393322	-4.872724283505157	1.5979163702418195	15.515538991466887	-3.6244140713795288	2.984483752072371	1.4179057315801218	-9.769520732051536	5.113199859911097	-2.406375283062707	-1.2564957176619849	3.670681717398224	9.685517828270642	1.9699008647482144	-2.5005284392241176	1.9476706492055629	-0.38940666663984824	-3.345255116374857	4.025793635550819	-2.4673072903298214	0.6267118772144888	2.6397574617069592	-5.338344627089012	-2.5597223839181322	-6.754335856224812	4.477000829313558	0.9873875548089323	3.0738408267909416	0.5978165947729589	-0.40603589483694225	-0.7919810270081058	2.5992597122600256	-0.029614250935042708	-1.1040433979731663	3.538442577230349	2.8143331587074507	-0.9280677123771136	-2.19515800056037	2.7405641195405153	-1.7431940890408602	-3.8091496495769426	2.441597799736964	0.04999746320465853	1.7043053325653612	-0.11835308564348655	3.0434124674414202	3.040822004402739	-1.7317482049425308	-1.6691091749045188	6.719603250061481	-1.0981795974475301	-6.697864610672026	5.282166468624609	0.35341275920129706	-4.9758424671491355	7.550760911098048	5.069198751359139	-1.5859592523031716	11.001355388630541	6.0099214683797495	-4.927755646082107	3.328933235832191	2.544509532501708	-1.720450211158097	-1.807254862469819	-2.277193499016225	0.4337672392145633	-1.4233308068987967	1.9191464270249976	-1.582586268190337	-1.2969552891701823	2.2433926545511373	0.19113675453169585	-1.9555734712165729	-2.9409432865482983	0.9314808257024255	0.34920474326531303	-0.5138842441789359	1.037999474248189	1.2809242977471422	3.1312396506097233	0.851088910978553	1.8460025591429199	-0.46781779407716856	-0.14278834713223806	2.7791920159972525	-1.408594984514723	-0.4729827605297163	2.6423649454959555	0.4473095961391984
DTXSID2026864	-4.4161063230893305	3.351101254916908	-3.3310983257067694	-0.006714810262706942	3.0560355496033966	1.0147648695445401	1.2157257353499982	-2.026819651518943	1.1406505161168532	-0.33259211210037887	0.5993866706524651	1.3466944470032767	0.20102932789696423	0.6069071666468829	0.40715524220727145	0.1797131923939012	1.3774877929723175	0.4670531710043462	0.37805681045400924	0.4625269283086739	-0.0331671183698222	0.4751008672096976	0.24536275999371437	-0.9027970255231794	1.3279689283054532	0.23666903031694464	-0.3394903926104247	0.5718152187906218	-0.7834068636815152	-1.040503863669579	0.19598861325931086	0.008151112367700424	0.6238773736306714	-0.15040696075066973	0.21534273203728882	-0.22895283154067672	0.021592694450498297	0.11122033165831281	-0.2805434728933318	0.1565788149418767	-0.001986180001865449	-0.5495141946789373	-0.3518705038158524	0.4424446446336329	0.03688647438139	-0.9107244341244722	-0.11395668015428204	-0.4183815576233659	-0.03323092134227853	-0.022995630738923176	-0.3911191526785961	-0.2416130545747093	-0.3416661958620133	-0.08780331714227761	0.006641998315859649	-0.2832660014233151	-0.2504622057013702	0.1855059631396523	-0.0060645691138668184	-0.032138068638198826	-0.2074678481059182	-0.2124733791719312	0.37449279702277594	0.49730950878335334	-0.18228338905121233	-0.5849113247695042	-0.8872732529094054	0.2153400569807365	-0.10873472870334824	-0.04180796514922342	-0.15237312559296765	-0.06788180586491675	0.24637183463831883	0.5353190852825278	-0.8309542519450929	0.2547670449336492	-0.2363070966572603	0.5220552323523425	-0.411215252813027	-0.013761599185102263	0.5881795282926706	-0.13768115905754966	0.04562851179855087	-0.019918631069219653	0.5867224235500486	0.5354287190951212	0.08254567222765753	0.19409693745689272	0.002879050633040969	-0.13499631132645823	0.5622123183650244	0.4328507490465572	-0.4425226134655109	0.15146461177477347	-0.22008441156528877	-0.13963745276266307	0.135829623520798	-0.23242344867854683	-0.1490507841780913	-0.14615050207208663
DTXSID5021756	-7.716961052526053	4.429056046712094	-1.623316015847069	1.3859131659296606	-1.0608269765940241	-1.2048650298013914	0.556137494593588	-0.011154949717511497	0.34834511942679874	-0.3823154207422884	0.8477023675641289	0.35573892387315686	-0.12203499407176942	0.6921896516487044	1.5271393683337022	-0.33635578895126683	0.5743181547866981	-0.5703421185429121	1.7519832633369918	-0.4704884180228076	0.6497792485581335	-0.006524341698368398	-0.7509804353933739	-0.5480632205306589	0.3524329687273611	-1.1826939092173692	-1.082218079228723	-2.2278134759183663	-0.17563258327982426	0.26402786998853095	1.3923980268780558	0.2221242703580932	0.09458154445451167	0.6220124961563559	0.025910407905587712	0.06833582615483572	0.34674154447537325	1.2506672179652782	-0.08221925740171773	-1.9257333644128767	-0.4399327731947903	-1.1204788376352535	0.2998696146242018	-0.6781165105766572	0.5297382068015796	1.3140833045988236	1.8836671753433778	1.3963175889243002	1.4621526725127922	-1.478533700094555	0.08767066282692218	1.346516187936608	1.0478855214440128	-0.5772299776944038	-1.4326181890374736	-1.8111663946856529	-1.106360602522682	0.3531162318494621	-1.9832309490924855	-0.885975499369562	-0.6315497619152609	0.071743314262018	1.9963027320277704	0.11892415221944473	0.6082468809349536	-0.10633650035329208	-0.2303009737731115	0.18223274520215368	0.9292429931601998	0.2680908783679288	0.1494512336087574	-0.2527681088532524	0.3791248461339905	-0.2285198317697434	0.027849440639629804	-0.4975288522500063	-0.08695786831640133	-0.1816812869479036	-0.5925875964873808	0.08237482029681657	0.17104247256745156	-0.3565697020731503	0.26701712889031964	-0.2780156838435656	0.09527657548452714	-0.5971487641340476	-0.31852316299231165	0.05040629597937187	-0.13841299672294605	-0.07885418222442311	-0.09698762609576586	0.3041974179637079	0.1930834233152858	-0.05052352661176663	-0.1174538102155962	0.243022431847777	0.1097440918633708	-0.06489635899664357	-0.2306889084677222	-0.054525663622352886
DTXSID9048516	3.37212329981921	-4.509742098720536	-1.1144792353104496	0.006678025182845572	-1.015726236352699	1.2723595778951757	-3.0992575565208065	-2.0212840637732405	-0.11140170093835115	-2.150695082994676	0.23516681827228586	-0.7808716724338737	-0.6579001388285405	-4.5690965666861825	-1.2417027542963277	-3.241878424432361	-1.8759573845937256	2.5423495019763718	1.9028186496945885	0.1743278034584099	1.669577381856665	7.255223169424856	2.5431641172657296	0.009133932249823442	3.9052171048289908	-1.8818590329753022	1.951670178722263	-1.0209713217559937	-0.9330556680429551	-0.8067215647593875	2.8887176105082744	3.3451065901990784	-2.5051747297660087	-0.05497279772529507	0.9772296901071325	1.141339184822108	1.031497119439114	-1.1349872287822547	1.3145114300973753	0.3959251043083257	0.1982200683643893	0.40440108320090706	-0.3208718709971318	0.5372615015111303	0.06438325577859746	-1.9012237573279354	0.5634071966814354	-0.296569175974273	-2.1014505727739983	0.13903029252467758	0.45715135134986135	-0.5227218142498913	-0.03509707554396396	1.5540886964979224	-0.03456850367826391	0.4249907301070215	1.0221440736833396	0.011888605658798531	-3.8795680707629385	-1.3369134169158654	2.4666479921347153	1.8582727431816664	-0.5684378655134453	0.5116065946979148	1.7144754430957085	0.8558667830461296	-0.26138454059067895	-2.5247684072401344	2.264467760437528	-0.5439433221418944	-1.5383652253665148	-3.1448689098686757	-5.909955901121018	5.042227894350272	-3.151076245835842	-2.8064735857269154	3.8230294474793665	1.0961163466105293	1.3716297560560617	0.5981514936438435	-0.5861065369409701	-0.6021387865312429	-0.33325932797149227	2.072613021520848	-3.659307890892234	-3.7629585836034543	-2.4596677032982037	-3.7760289885612157	0.049179270062215036	-0.9979662643481643	1.0311578147887532	-0.9535656464239344	0.4018722515158874	-1.288617234758869	-0.04668982878634009	0.15143061601118568	-0.7827432379371825	-2.094879466535554	0.7150720994839798	-0.3249363459084288
DTXSID0020280	-6.262548942351346	-0.40335471613355683	-1.3801948570443303	1.6416663581871382	-2.405926653464714	-0.2847587803735217	0.07275782960338932	-1.542783255324947	4.034925078015772	2.255125490419155	-2.9883951742408468	-2.5380656202557152	0.4761799017055165	-0.2295179515542131	1.377294498777961	0.6972315603679244	0.6206174791534965	1.051920718394989	-0.04743347942053574	0.7904104516432916	0.2859241482897503	0.3278422368645502	0.22165471848024443	0.08238300848144667	-1.0528286817754866	0.7985593899347557	-0.606802030393382	-0.17351392293631399	-0.14240543210475967	-0.029804800776794767	0.2619251353431135	0.30397804558345237	-0.9680269038391983	-0.05558827461658854	-0.2194368924592317	0.26479578711299145	0.4414788975083362	0.38611239846947343	-0.06245759366824318	-0.4419654658543056	0.5406474039751182	0.8153365549301463	-0.2618225737861342	-0.039692448135480264	0.22101750219616412	0.2813708164087907	0.38602039560526674	0.7794119790333167	0.039252856775050526	0.23704379683003737	-0.6538092577808863	0.39246043804826247	0.2885934030506425	0.30237584269135354	0.4686201937699838	0.17560336014985178	0.18174496498910625	-0.04938249042471765	0.2587368344442941	0.46933101373748987	0.007039115550755914	-0.4180852581052881	0.1324563224631236	-0.6155694792546998	-0.0402220185400656	-0.793914171434169	-0.5136826458960303	0.38069200514536644	0.2916080524662156	-0.020721087789225188	0.22474142437995384	-0.48678207074056334	-0.41708122042022855	0.6356465186826002	-0.2597333335445317	0.6280043021444162	0.13904440251026542	0.0904048183207438	0.10992031448644099	0.6427176406848712	0.014564095142129387	-0.05299201500634415	-0.15116348299042554	-0.2531780713213011	-0.1302388598308014	-0.19894125275606792	0.17648078534075046	0.20699477934828356	0.01702862255258859	0.11475831971265264	-0.0804733742386411	-0.11832607698887414	0.09666126213434235	-0.21789636201116336	0.27795302909557107	-0.4310168394010383	0.4838283607048936	-0.5584627110052766	0.08943165641512393	-0.6159472576776112
DTXSID5020819	0.6774252901144326	-1.5522861798177352	-5.670148666994018	-1.0996587242931375	-0.03018265192059815	-3.1293171432400744	1.6229088441088078	2.7263656783610535	1.7607345778992636	0.008118356051505692	1.1212260194284984	-1.299978303854322	-0.16181081139865128	-0.1998183440469021	-1.3707227569244766	-2.3720762722490703	1.5788239725581796	-2.406899471230855	0.09722643584062422	-0.6578891336682906	0.23895294051159346	-0.5308250488387511	0.35073483609387524	-0.6664036414511844	0.7197788942831337	-1.420370903693861	-0.47894329753702397	-0.2106016827796766	-0.6651425502142934	-0.9029885926598831	-0.42967903488370646	0.28929305455455834	-0.2668669443777977	-1.1334405329913422	0.3331658372639875	-0.2717829435395187	-0.48580949667380563	-0.7071796227360493	-0.4806394283590375	0.47494894256709247	0.17825809492205466	0.6155518737423993	0.06583199301937942	1.1998763097666705	-0.32275857938015695	-0.3966124908958409	-0.8470087106895775	-1.4260137410790619	-0.499697184805856	0.2749085125971693	0.8595121463238525	-0.2399234089451817	0.7633623599921152	0.1564614693232147	1.4727421479019736	-0.6344104334085605	-0.2584344962877938	0.29192142285998085	0.5713698615279583	0.16362689293788885	-0.02692601151029061	0.8136873022280967	0.3255576817309114	0.7582026939484563	-0.37273868428658913	-1.058999499638782	-0.00798422708180963	0.030901727082157392	0.5562577920068239	-0.15405196693448647	0.3305414899920224	-0.1285693153971389	0.5139516324564242	0.4090668871220712	0.11722479666695083	0.7458539110779733	0.057036153978973575	-0.3655935704894948	0.3205259396977604	0.4754393018022831	-0.6823083313353717	0.05072852836983282	0.19864155069415165	-0.20458007440758763	-0.009781899103351574	0.3689345412111942	0.6156350971241104	0.6895186089970057	-0.3330966947186109	-0.1001709096760516	0.20025411586446934	0.1667209226166346	-0.42398797040884273	-0.38650896497613096	-0.09765652217758286	0.43869272839008017	0.45047143857143146	-0.3990801207971394	-0.1500597765755348	-0.2530315262975054
DTXSID8049337	-7.309249478999022	2.2607353693168606	-4.898396031635636	1.4930467648114136	-0.24291009661543728	-0.5369424878574199	0.7802240934998346	-1.4787284367553557	0.7042013329390506	-0.3567251464684347	0.8816927883740191	1.617927117197959	1.4047354149238567	0.8817153868889769	1.2146399992529993	-0.8907493642928092	-0.5635113875365082	0.008418526258267684	0.8044903059740154	0.7439425252829038	-0.3018290081338791	1.034740749554111	-0.2976778668669994	-0.7746689588747434	0.1746408050857413	0.309759976329074	0.4329615631722713	1.4766824191493804	-1.6230454020262042	-1.1356390551432218	1.767952595812365	-0.027785961316289406	1.7802311104101336	-1.2064114903879888	0.13325395666397474	-0.500184896122294	4.0304996970579134	4.689029717365424	4.765772116893032	4.170918411438597	7.3971209142301175	-3.203182178228812	12.333146260684977	1.7177237725612446	-1.4687996263334613	5.014390639228596	-0.6606909339546535	-0.9093747200560581	-1.31360864506288	2.4729417648225542	-0.0017318578151705353	1.1204794421830429	-0.49216442144657324	-0.8722911541170004	-0.5615960182157178	0.4726054926828546	-0.6353708446799892	0.7086721174591374	0.4822745998236891	-0.337894188556194	-0.16076547069334213	-0.705424035471431	-0.1809372841275842	-0.09760154682538356	-0.9002250448306467	0.15868996362966556	0.4195305743510095	-0.7228758704047685	-0.03819156292707407	0.39687372952404243	-0.6936436634601993	0.26923008529110565	-0.32255324773979893	0.09099053450411687	-0.0734854734309781	-0.15632338630285866	-0.21748642624979542	0.0035388704428006967	-0.0572228056155148	-0.10833348854427388	-0.15867283939133053	-0.5556755684908592	0.0016196811797145846	-0.05027054438041674	-0.21426291021591562	0.07976940819385313	-0.002975859960919231	-0.17868834145049478	0.2061592842862173	0.3580237891228614	0.0696985856851598	0.16560630106606786	-0.10605768244706093	0.08332860780934123	0.1331662279438844	-0.12293370036898783	-0.11215545984317671	-0.15146856363820488	-0.053224654291304394	-0.004292324034541096
DTXSID9044584	-2.6743840524245988	1.7884422103798554	0.3477848683719021	-1.8654481934517684	0.8871664929293053	0.17407401754056856	0.760139964443574	0.46360313537841125	0.22966746138027702	0.4641800591751946	-0.4143766266236506	-0.34672127013629545	1.526763276410744	0.914587862783846	2.1623697281250314	-1.3526110365868091	1.1494934400875545	-1.7683583314201958	0.6750769616524933	-1.2244655961242208	1.39879405066457	-1.7072094847076973	-0.8498882462815078	-0.22229929138263407	0.5955039608538524	-1.1581008925064837	0.3952174435715392	-3.4300506150030694	-0.12365270772706785	0.7036139432344375	1.7541843134056057	0.7175706636566308	0.7410842181778692	1.5663327570129206	-0.1870332389775143	-2.2610963854842034	0.5774123032642007	0.8605690619420893	0.35463445657487086	-1.7928663583966267	0.34665219103085354	-0.8409451337740469	-0.05342743938265526	-0.44366263717033394	1.4131820090484573	1.8979278191419713	2.7560999218774103	1.4663441320197839	-0.29113234463985105	-1.4012268853362126	0.821345966246211	-0.22842965548786404	0.6431966718943928	1.5726467570824332	-1.9861597030826152	-1.122041709207068	-1.7245149185683042	1.0069557809773806	-1.036490182217199	-1.8147985416171086	-0.45241360547969384	1.6931883118760862	1.3276708540735336	-0.8889874554641385	0.9168877492324231	0.1044248695511719	-1.5206044379838604	-0.059471033727340694	-0.9790555581023159	-0.7969943852698056	-0.2084155292637994	1.0389438949906549	-1.011944306809718	1.062957079512293	-1.1007949406802318	0.968865420038759	-0.03462510896798171	-0.491064106719904	0.32960060303380434	0.583219526260105	-0.06874157136339676	0.32608463512661917	0.3628899609018751	-0.1420155628127039	-0.11914726384239352	0.6708292291235163	-0.010823250298047055	0.7702096328533927	0.7143711909190557	-0.29175890802917037	0.8642286443914698	0.0209511916273842	0.24978105806142548	-0.7193619048101467	0.15998392789305574	-0.26429959256411517	-0.2672746542867437	0.4581750867393916	0.12678166658945814	0.17429681441843628
DTXSID9046609	24.479897858229933	-9.833197690032662	-6.620562455174383	14.831700861774898	7.750055225468313	4.321130846691064	-2.98754964187223	4.85100983043427	-3.568563668658208	-12.762476729369865	-2.4875985332670543	-5.8086126841618295	-2.33107651279788	8.012157184612287	0.7461398588782139	2.3171766655742667	-2.559904103169247	2.9607152428151515	-0.7717828812306058	-1.443120122945083	1.700871404288259	-2.58161914267779	0.5684426884010034	-2.3573705945499577	-2.6729178916800964	-3.1113053216933593	-0.25946024534802037	0.8808823891777205	-0.9983789931712439	0.07965515180121457	-1.954868359125023	-1.7910340898444597	2.0091092160841244	-0.8210303415875039	-1.0089607247731023	1.2418562851200148	0.6214698146385237	-0.6695967836743212	1.306503391714188	0.6233770545834025	-0.883707594107408	0.7967663966999577	0.10784101056594819	-0.5528121396396782	-2.0355552475036287	-2.4849826110053312	0.4706934653862719	-1.8982677865444546	2.8091657667316925	2.0828606081924286	-2.1372365612597406	1.4669383878235636	-1.8728223844066696	0.9803468931446371	-3.2864019554658284	0.5819621723213366	-2.620862722866809	0.4737461256127204	-0.8641435823741335	-2.4589239836616668	-0.8468643145138891	-1.1882294407444747	-1.822687832933962	0.520438050552179	-3.3324828815254492	-2.2112641575218395	0.5230951570551386	-0.12223366613878374	1.0523029674598954	2.262359301433631	0.9047977307115092	1.0810125946925684	-4.60107161369074	-1.353699027743162	2.2149620860633306	-0.708021621341735	-2.9684777841143597	0.7552280879727463	-3.0366504172787963	0.40740706780133024	-0.5899334376439963	-2.1763553619891725	-3.3476868361259577	1.1475998323053647	0.2628368652849618	-3.200383607310376	-1.8766760141437804	0.7814450479671365	1.018843412871502	-2.2772517239635297	1.1021007297712908	-0.521420276085523	-0.5292244152046796	1.9956140066332442	-3.2255012480234155	-0.8008285778246066	1.2990833515968747	2.0886375548056813	1.0452488950528134	1.0626389630092996
DTXSID1026667	-7.732726929990304	1.3464748146525738	-0.7862433247875316	-0.8515798745672641	-2.425691941527794	-1.4178535609166028	2.420577866327813	0.40394990865724406	0.5690146787255908	-0.8380977358819112	-0.8549395742251046	-0.12597695671521458	2.3595703986382057	0.44912335283562765	-0.0824446293431199	-0.18531637270946713	-0.38113124366000245	0.35572211146261024	1.131655223677292	0.0433821647788096	0.15237120239671675	0.6945775711022749	-1.6725839735243686	-1.1168576837209205	2.13972789896413	1.4700546577751024	1.8991260066742672	-0.21155355632728612	-0.2132537269635881	-0.03680447065820154	-0.4650628077558418	0.9804922050011237	0.19393842124314092	-1.291384225905164	-0.11857724734876597	-0.024208878177560133	0.4651981874883667	1.186562096935841	-0.8141386299260523	0.030427528770530572	0.7840781562274105	-0.2734034025644127	-2.18428506014764	2.259004934768524	-0.356320425790006	1.1148234562197472	-1.110212127035167	2.859817688289899	1.3861611743678237	0.6350644820983246	0.9297387694968429	-0.5418918221120289	-1.229708120562116	-2.451794012850559	-1.7707549253415478	1.1841714951347253	0.6151055722640144	0.8845300671791767	-1.2533791919795152	0.981656481933712	-0.6093402157532924	0.42342722421283074	-0.3049145455319278	0.9694020120375236	-0.17947796208837294	-0.35740225633472816	-0.8374094874480743	0.30468315436644056	0.5359179085498281	0.49145789483505314	0.062246198408936984	1.1479171400686892	-0.3254867522590803	-0.19677631897716846	0.006959297920197484	-0.4316463493639558	-0.19680312535023176	0.20988313699537195	0.37317379505699716	-0.3500825965037924	-0.18989893424853418	-0.2172375013202956	0.09703508588816635	-0.044648899683332445	-0.501697593028817	0.13920549748287592	0.22974746701300722	-0.015945308348041535	0.4613554590349671	-0.21415109395871232	-0.3064739354847602	-0.21879824857082214	-0.025435754711749	0.10243270549821287	-0.366961949000479	0.10568101860830442	0.3105396828131263	-0.29826218236567653	-0.16635627257440738	0.1937902911848979
DTXSID0026676	-0.5618163631415654	-3.7076801582950343	0.4135078677407137	4.498278896285775	-1.5574222766545365	1.1080230057118652	0.2787904870489491	-0.5138324122241421	12.447122050822662	4.46883206346667	-7.827717663422833	-6.666964766482926	-3.441975787179353	-2.6666996645030263	3.169935368906785	1.9767035522372545	3.0689964534946337	0.9797083675926225	-3.1641656111892824	3.098881610991243	-0.20760800824130213	-0.7524396550622957	0.6001016200842907	-0.32604463544361045	-1.8339503816226252	1.5894327689105427	-0.8333601069078368	0.5812878456990307	-0.2890743132615437	-0.11174199592208708	0.6866716569885043	-0.5442923803365939	-1.5285612000344801	1.5688658806073388	0.6725915132982511	0.7525644675238501	0.04901333598831638	-0.9103535097882619	0.40783275978975375	-1.2284375289750933	1.0610246926784472	1.7698060797110642	-0.2320036346313546	-1.1796006424643963	-0.0027463650691344895	0.643855948544496	0.461563544784498	0.08416408594073545	-1.4731126119467113	0.22983803610183665	0.08809773036242939	1.6891650202667696	-2.146870469769237	-0.42596053316677596	0.14678664659415205	0.7240149740944941	1.0088783165936315	1.040383942096371	-0.8417151935252766	-0.24483163898164959	0.6536146781644544	-0.048179575098997035	-0.9895821675567913	-0.35039320633495796	0.8192744702434664	1.1418351492167114	-0.030108440564629677	-0.4324762458623402	0.7027632933641187	-0.7051825971454361	-0.37633638705675304	0.5205983366990065	-0.31708457207038887	-0.27247871244615995	-0.27436677425163947	0.8906940998879692	-0.9244774326458429	-0.7687986608215369	1.003842555433472	-0.3533548024566671	-0.339487772745935	0.3070590477673059	0.23837659513408446	-0.6625660831651106	-0.4059744287741317	0.5802988358676527	-0.09418090470723209	-0.0871856588054639	-0.7803972695944102	-0.37966342054299396	-0.26060210275723866	0.06354944221695315	-0.37812334774975315	0.08844032469909782	-0.5419986776595914	-0.13811423597145747	0.4301380004080884	0.23812861695276819	-0.2247227358064506	0.24621448443153246
DTXSID9046736	28195811712.869865	-9558905255.196062	-2488156147.4587946	42099671825.607025	11009422244.092335	-10029032535.751091	76740683762.30359	14068237278.751993	-18573814440.43685	89670659104.63187	-29242405559.242134	77327802160.54361	18492808299.071022	-6635632402.295933	23941451335.088654	-39645802104.92008	-25227734897.617416	41529652117.96414	51452055142.98171	13952627940.87447	39268503567.17175	-19246658162.05248	-25917179010.721672	6456643318.108354	-15057739286.686396	-25790430384.202637	-12744879015.944162	13309777555.302471	3126254631.1051335	11327019873.558176	3696708253.2735825	17795740728.511585	-2568643925.2822404	10681266548.735826	1574816867.599001	21954455092.127556	-5946700518.270046	15346145300.12701	-12603339977.40956	4325471814.886836	-1144973125.2389026	2682272293.0683846	-5477266854.78484	-4558069202.984558	-1816256859.5353632	-1490375396.2288432	2892549394.540924	-10537418879.636343	-1443063557.515674	7028736686.163564	-979308364.4150801	-17492641581.04111	-15390954634.51002	-2348897603.6594105	-3749859979.3200397	-6020219126.431227	21940923732.819374	3515582608.303178	-32430639017.850945	-11760820587.004484	23507896977.822426	-22547863493.080563	12478216941.910904	2737579299.8982167	-19132953432.529446	-61350029715.75733	-5418751359.095541	-24402708319.391018	-19610657914.27863	7289753858.609357	-21605724930.93148	-36746229849.129395	-7000845710.892588	-9155087062.618206	9217507099.485723	13053865385.938784	-37926639788.79096	3209138514.9442205	2353533920.290946	-37114993668.24184	39029460531.88142	-34628319676.11754	49192793001.33112	-60705282035.15365	-47350861096.26545	48696736308.80522	-15059640306.209478	-21609893460.79631	-5804874258.867486	-14484426632.393614	5114683848.713514	-39767745161.86073	13933444054.139376	-11787068974.527805	1637157554.8878074	86520020616.28445	-8458565443.626355	-2843768568.232843	9630941459.345491	38184403052.10716
DTXSID4024775	-9.304851144589664	2.3338739374218833	-3.8967855896885992	-0.5096947028637854	-0.5650000032218405	-1.0164200236770977	-0.6152478090038654	-0.659116537208916	-1.42172663750722	1.4484873330051753	-0.6893818946273933	0.6081376607708682	0.7302220345946716	0.9073927888250953	0.5411973894804119	-1.2058261007013793	-0.041423192465348334	-1.0655667628792478	0.742833931553538	-0.12341504883981605	-0.36304747810761456	-0.301518456929097	-0.9241516173358599	0.5649417993502909	0.28307710765445954	0.6920298749394277	-0.20748601294454824	-0.8933110147287673	-0.6718402115637817	-0.12898246315020861	1.3191806445110175	0.4173169293803436	-0.24368366214630507	0.5502166095742879	-0.26743348653466253	0.16012000676457935	0.8028386335462055	0.5043033720286554	0.04832174772933818	-0.008622276833060548	-0.39248325019034763	0.3635389844140492	0.008495742191483713	-0.13451584873950187	0.15159637726502284	-0.10711954723586305	0.20550703305111595	-0.14387121596731128	-0.49884064431404374	-0.6842157960274299	0.24980116806076247	-0.7192774861995676	-0.19189121697736283	-0.024853061655090315	-0.3505135357454655	0.5381478800828529	-0.5749725568559111	-0.8133350783863842	0.2142920611321159	-0.07246761614763539	0.06666618482622481	-0.040272397629819184	-0.07055562643220407	0.03956531276834263	0.7452342713945194	-0.5908335523823662	-0.7852486430982634	0.3686486039234741	0.5735423425618881	0.12231781232655754	-0.2731100474416977	-0.7006671104221502	0.7050391193369893	0.012484836072594504	-0.45752877711639056	0.15095952238603633	-0.7921327717788385	0.28724606249514006	-0.3802971725828268	-0.19372976820550092	-0.1909143080527367	-0.6960916246998005	0.28945786257275863	-0.050528102518068704	-0.30629214398607485	-0.6791418222813926	-0.41924021895774655	0.28336611668930606	-0.26235231555228494	0.056581098167464504	0.5032065692877079	0.506795996020239	-0.6994796364723459	0.07533241255756015	-0.07563288214890365	0.040806118479027334	-0.6022254807669667	-0.05391757684918714	-0.12962049544384682	0.23713752860766787
DTXSID0044315	3.323211686427144	-4.943649805485203	-3.143712234286578	4.373693099801549	2.4752307891108587	-1.1564257865964616	-5.67869167225738	-0.29606931383476515	1.4098601049429729	-1.0588662337513959	1.4555903896611464	0.34548842177869804	1.830360450732921	-5.171935396180911	-1.4218464690626684	0.8602664107264894	-3.028016848840785	-3.1202036771727095	1.5236909414130644	4.7095409223371165	-1.916555624918643	1.4464024028450606	0.19151059117780833	-1.2390357820763995	2.9352921600255475	-2.4490562306243167	0.9594497086110099	-0.3684005398103401	2.747462397957955	-1.1654970261730673	0.9332994648702382	0.695174917860341	-0.822377922503084	-0.925449383867451	1.0409147670340022	1.6691932491075625	0.1786841258566871	-0.3760982297502595	-0.24448514863516385	-1.3722501105076133	1.0117272374610178	-0.8164461407034707	-0.23687993768002025	1.3604132019634123	0.3209104114973367	-1.312817991533109	0.6492396731420537	-1.1777296152348489	-0.10535829094599011	0.9371389408223336	-1.3046756623797238	0.4165177101206844	0.10466477195562111	0.3894356127561319	-0.18544840751689906	1.3764127060611415	0.9300543075685711	-2.2755543964497513	-3.988686671358339	-0.8006686784410666	0.6564986979223464	-0.3372543491919909	-1.5340006318147814	-1.507191710291334	1.5586361108147953	-1.111808358887563	0.7408472630340631	-0.5808210930767204	-1.0806760249006522	2.1567112890345235	0.2908966455820267	-0.2539650071046114	-0.7265233896136493	1.8082549167695823	-1.1265006832190323	-0.8117269220355476	2.6705929618564164	-5.247547391506853	-0.16157181402756596	2.4316735723697422	-2.217629919437748	-1.0094099213648813	-2.296799578963885	-3.175868202544437	0.7713836526783417	-0.22792730273539083	-3.2924849558567986	-0.4202109534175986	0.008949664907799831	-0.23901354773794453	0.5136534548106814	-0.01162968108041682	0.15885551278178703	0.09696669623130544	1.3915386517165227	0.45917841482802035	-1.6089903455941073	0.538924514568914	-0.696150242405905	0.6374333346010231
DTXSID3020918	3.544536145403204	-5.43118141044801	9.45476537156518	-3.4827892160356053	1.8668601311460857	5.248523678554773	-2.0291401679638117	2.355063143251031	-1.5305627395803783	0.33449676001568324	-3.747929490971084	-0.3619804264440431	3.248098707514489	-2.746208870798335	0.7228470263712075	-1.72378926447613	-0.22488102304426041	0.515863848075411	-1.6813630714334948	1.5852085023085525	1.2822641928976943	-1.2724936690767066	0.6391411811160563	-1.1014099701578772	0.37899809149475566	1.269130588893984	0.41918220537583867	2.116593593949645	-0.40733424166711446	1.1247650616476617	-0.9238681600008035	-1.1986415392439251	0.003394434374901857	0.27470089431585826	-0.44496003649660243	-1.0701679239153497	0.3820958086131485	-0.9267506492873948	2.057524301681291	-0.24591101530654508	-0.4037769304588354	-1.0582273946028486	0.14759476141817893	-0.94722573802033	0.624787046082283	-0.2987999259285975	0.20181072512632992	-0.24378741083649863	1.444422993340124	0.7605056574262256	-0.04604581595204152	0.4902231560026165	-0.0710211728675362	-0.2565670050314162	-0.3135767944354968	0.5209979939954941	-0.3466826889104104	-0.6180961349013665	1.7282273831760033	0.05608117252665308	-0.6986546711485981	0.1990938315312727	1.1950600316583828	0.7627004934738403	2.5195592608007567	-1.8514125401202628	0.3755861786205716	-1.611630837058579	1.4750987553969586	0.7495272214850209	2.1733927791929193	0.7538861339054983	2.226666175871884	1.2911667675171963	0.7954062774669076	-0.2528125079696708	1.1129345381109252	0.8536885033098743	0.19314332484986868	0.11578689682921318	0.75002422750138	-0.19667802161107556	-0.010501211813369375	0.7045939170169838	0.21596337255742387	0.2782170765642412	-1.2075359432535178	0.1309882082361127	0.24631636417149141	0.618359200094119	0.7408619047368463	0.4263924527726475	0.14948173100601886	-0.05227712841916423	0.18904703186240646	0.9563646622195537	-0.13127895439351278	-0.4238542195870099	-0.10556703778378125	0.11838702034939946
DTXSID9049370	-3.0857719481986865	3.979835706622681	-3.54825245373404	-0.9220852075749933	3.085931795940341	2.262014780082448	3.564050045320446	0.6066216108897413	-1.768697195873719	1.319223965743246	-1.5258791481737237	0.11507374435933848	-0.045781710059871326	-0.7875812558774626	0.5363727930869362	3.643191922919295	0.5983885000806181	-5.668462971492171	0.48138963783329797	-0.6658178706947849	-3.260184559000986	1.7513355560603194	3.180851241564786	2.608174496457779	-0.2534454708332778	-0.058143726569054775	2.9587378098150965	-0.8018510993001746	1.4187110143318769	-1.235003539652849	-0.6960401484852183	4.1623316972692646	-1.5770357592723914	-1.4695953317187844	-3.9428637025437965	1.457937157688348	2.1107164448600773	-0.5500721261271516	0.7376926689400507	-0.44746313748904476	-0.6790146059976526	0.9180151306315044	0.6509887766520743	1.8812384566522486	2.498541483006595	1.0796430126130265	1.456274829354658	-0.7674134130285102	0.948566496008394	-1.132733879780605	-1.64882448489353	0.7965853830763642	1.1125516236624085	1.8893742819557002	0.33913954768069615	1.4760009596625712	0.25154723801368123	-1.851388945664343	-2.6194053165534963	3.0760885569670715	0.7505972813790515	-1.1143704424701077	2.2363910359514594	2.5495696714838636	-1.3941877257121102	0.7991693921881287	1.9898932234847742	-0.41989875387332815	1.6013451856652088	2.8055780168346347	-1.710123941668868	1.9370783380872123	-0.2667434648425708	-0.46436071535458007	0.013834877469359123	-0.43735390170457483	-0.5566654227351756	-1.4594500855638517	1.3280446808349422	-0.2347734142448962	-0.018225747629629318	0.2158623407983909	1.3247406722665218	-0.38329958227553884	-1.441015036564187	1.3000718524177843	-0.5416617866330589	0.18459437722600616	-0.45099129693520523	0.5520100839861594	-0.1596465046191721	0.14544944843179794	-0.5049919889492919	-0.3889580766690315	-0.19449978462971873	0.34891427507496087	-0.5016948925356509	-0.3058216475587888	-0.8261748951934083	-0.3217002159453299
DTXSID7025558	0.5728372969831982	-3.4579263635464614	-0.30659830191340925	3.173051724073758	-1.7435560922785098	2.8932141726608585	0.4819377525756206	-0.6810426650783096	4.904244779406162	0.9990737831892543	-1.2232641195146365	-2.7857033202129973	0.2910015233508768	-1.0686267919492394	1.7943325377533381	0.7119971113152443	2.040178964729019	0.8426179705960886	-0.48098332513018593	-0.1341589637139984	0.8239538469098652	-0.8001640461994308	0.9019236691469774	-0.5255727024702832	-0.5109138414738291	1.5434579128388786	-0.5934117001391515	1.087722154908893	-0.4502432632022328	0.5046157212595508	-0.04970823171543525	-0.009101074489814193	-0.9502390262174362	-0.2948688231783717	0.06717269045214432	0.4775832975539613	0.2072581651744846	0.1866998291163777	0.007330816466121514	-0.37306887928515386	0.5599409821317585	0.7195010942106899	-0.5191164546017248	0.6022433918771752	-0.08240469842857064	0.10206554189232044	1.076431609710603	-0.07949556313168485	-0.15853861115706455	0.7092589638890244	-0.4965283590409125	0.4825459258663181	-0.38458996407213053	0.29910812358843314	0.2669231311642426	0.010526257623746458	-0.15774900281780468	0.48474841201750773	1.2825502663352104	-0.2804080227405736	-0.9427144640323444	0.08432010868620239	0.042864004021222056	0.7894514992328966	0.06025970269771445	-0.7552314046523797	0.29047681739705095	0.1308224135992921	0.34669415319756186	0.011266118245667495	0.17362110017826263	0.43150637021464305	-0.15438702181675298	0.7451371327982809	-0.5190181348061176	0.36197804626505375	0.3074637966267058	-0.32273955412632255	0.32651861884529837	0.6053594403465173	0.2976057360534831	-0.24773893568113714	-0.16430148363839625	-0.04051749684039803	-0.17320812992679366	0.3267473062565094	-0.08346158394214495	-0.35294818554734836	0.5118241066580882	0.2225670980977302	0.21648895106645216	0.19856805136794806	-0.08098003471648867	-0.2720787003004935	-0.03704582113327336	-0.4020942448453311	0.1146369604996724	-1.029575684584457	0.20615516352760196	-0.6428720077573379
DTXSID9023546	8.375680776420447	-1.9500358351743488	-0.023456884913901525	-0.7378704174282986	0.5909411525294582	0.2066837089467463	8.716512513854285	3.738142947506257	-1.2948352379048738	5.320588498915795	-2.1009495648269767	2.3881375319546807	2.329685029159013	-0.09285180647199424	0.6573613856761015	0.5761807397210496	-5.044911151136361	-1.6007109970193651	0.8160949827668025	0.2898536955803257	3.480367697372227	0.5504604175787935	1.0769272963112035	1.2783932091858374	2.585221506562976	4.408593708843547	-1.588002396450605	-1.507988433973103	0.9002194243904618	2.075226596331361	-0.83712899425066	-1.1799886294421138	-1.3381562045227686	0.5806206982852727	2.3484305901121343	-1.100885331950534	-0.1941352319839059	1.7925591115857222	-1.5787231629881162	0.028890503470700303	1.6957768436411362	-0.357704479186798	-0.7149207171257254	-1.3251781742317132	1.8764326604362371	-0.34062005404505236	-2.6788117968064205	0.24225348126515864	-2.3741752758105847	-0.45931833278237333	-2.4249800793736007	0.8410392707914393	0.18443741427143556	-0.3921651167551835	2.7571114951553146	0.6096284563608557	-2.124817469340874	-0.17697056261110922	1.6325031412522784	-3.002868747806814	2.343297939595019	-2.5077372553252264	2.9266539425604674	-0.9497791855826775	1.1812878357009862	-2.7875264575811345	0.6154877599866972	-0.9166865225936596	0.05646980594781673	0.014348053063307362	-1.2992681024368737	-2.252710093966336	-0.36647003263311445	0.33485358288680156	1.126073525169049	-0.09232681860720299	-1.5988136104940411	-1.4364113948920676	0.1864895078628662	-2.5963344494445613	0.1796479880641802	-2.200581784710389	2.419205884665835	-3.0630068639535066	-3.060374116846029	1.9841698605643896	-0.7695810831221076	-1.8963940013832434	0.7793861144734873	-0.19347306842590184	1.0369413305716195	-2.2187403991798607	1.32056453690366	0.6719497584944467	-0.47267124380409514	2.8784333017074752	-1.8480054797117282	-0.7209727316908033	0.26989921642744635	2.349254912591623
DTXSID5023039	2.2294200369385213	-3.4324824684339332	-4.751274758837521	2.5237174469262706	-0.9128266210952265	-1.7914546540080658	-1.29502720734484	8.401320529022106	0.7280032580873529	-2.7799251016526134	-0.8774510266471893	1.439815687679599	-2.39702761543674	1.9657567364288475	-0.49328854403828043	2.476288925542259	-6.604809235662123	-1.7898385274878803	-1.4682909121401135	0.5715167602343917	2.879246692543964	1.253590418938537	-1.9460569467595163	0.5951683266854999	5.06702883694405	2.820608030713986	-1.5985945242347532	-1.7271825937891991	1.960339587817287	1.331169326704683	-1.9123720511082674	-2.0625221142729213	1.559743226272763	-2.0804220819880097	0.5082995157228735	-1.0441801057202411	1.4022058475820278	-0.3819535544888827	2.040753473726168	0.02181956999224652	0.12041706939441482	-0.7573533259728569	0.9929161987015361	-0.3846528771625645	-1.0265615372613621	-3.416413436565268	-1.2057660519692204	0.6008031555357611	-1.2673266808425288	-0.6375477581670612	-1.4906389841263976	3.4056245662124423	1.6701664136885819	0.9398876436255735	1.5756909359473739	-0.311629412563103	-0.5541812432622762	-0.4431780587857997	0.2925794205209309	-1.4712884968422713	2.4171118774129363	-0.9045426168454881	2.2480256057043935	-0.1649103046043717	-1.5803870500760928	0.2965567512089335	-1.0193150724600146	1.1136782024422076	-2.906333479551152	1.1848375868752012	-2.1945367636239963	-0.5572163393364753	-0.15291385454762557	1.6156823919751981	-1.6033619669192942	1.5197549939562753	-1.6947275436388718	-2.309119270847334	-0.7560594251314643	-1.4310607504505357	-1.1717553721198979	-1.7660601452372868	-0.48681570249890427	1.2880105729725688	1.0503259863702765	-1.260384199662276	-0.5720836467945762	-0.08648517616460001	0.6014518761566087	0.6725181318947959	-0.10168985667549148	-0.7462569498398126	-0.7661917341991666	-1.3182048562533122	-2.52398008289804	-0.19312811491831391	-2.212575571633408	2.0296482690654036	-1.9169930123076462	1.1287087113017786
DTXSID4040767	0.7728195676641137	-4.678889005718167	-0.5175898615063871	-0.6709406357990032	-1.748322473294199	-0.644331390976473	-1.9947127507188955	-1.4581228426356256	-3.5995541895899064	3.10479711588826	-0.8201087739096748	-2.140601359599276	-1.3018442565565609	1.3241293238605174	-0.4245937828156994	0.523317182424903	2.1683392700638002	2.269709281294653	-0.2693815369737278	-0.7365731563366023	1.1552015384212408	-0.01534007419789156	-0.2707451088964407	0.6721276907358572	-0.6774241111920541	0.42088874413949134	0.8361457042874368	0.18597805379189425	0.6182757192465608	0.4448867421956578	0.24529796388013575	-0.317262631638658	0.8720587263080317	-0.7987130164961885	0.07848277325743226	-0.5950400779090768	-0.7494489086612955	-0.39121298966066015	0.5309486093193385	0.24049063962974992	0.5310661749641127	-0.5638519504692567	0.07350042057042082	0.3485141457635196	0.15666072945760337	-0.483426065087027	0.7316641784952	-0.9042130085866367	1.0997789331140535	0.21027439609937407	-1.1997462225221018	-0.7090927197947009	0.6782408637992688	1.540746300067798	0.7187592699916755	-0.07296599416709024	0.1827421121479474	0.46999679303744746	-0.07754051203082267	-0.14495481041921623	-0.5290460845873618	0.10463184820789388	0.17278489783557646	-0.8035933195861069	0.5608141007620532	-0.2155039911848872	1.1070147559225283	-0.5634334080330363	-0.4340241325050384	0.5200580546397093	0.2386937207759655	-0.24920252513316157	-0.3092779934127386	-0.0896990108874058	0.9089786827747636	-0.05485370082167668	0.395687409482399	0.6813644606532455	0.11268887872299067	0.3116842412073689	0.05276851728597573	0.026949837426613072	-0.5210172509520148	0.6806568639724276	-0.028344563008193196	0.006627512279842316	0.118614590668338	-0.1633677308302182	-0.5937333880722315	0.5276196044680896	0.3698075151836496	-0.16105191610441216	-0.3049977521230196	0.11177937553855621	-0.049411325004350866	0.08808669301896657	-0.34868105028854846	-0.31825100966905556	-0.04541593201370518	-0.10816980245601177
DTXSID1041396	-9.241562334782127	3.9184845063683422	-3.141802999888441	-0.12252685232288454	0.26136611941308185	-0.9799345579239738	0.6707480292784136	-0.8051780991898827	-0.5013393410936752	-0.6158613093487494	-0.9432728262340841	1.8642686755957074	0.6580747809925714	-0.1062431053594378	1.2514790319666635	-0.6104977965148697	-0.9700026044612698	0.14282416194139622	1.0401439779072006	0.5094802006801501	-0.13385914898013687	0.2738721294504194	-0.8681156632708776	-0.38184418557947053	-1.2527954203810816	0.3115248801694115	0.1456060204200884	1.011944904156631	-1.727517346652162	-0.411000348648382	2.057273342209956	-0.40190139915858153	1.009664398368366	-1.7934124397250037	0.5739717229567145	0.49194867091716526	3.574675341491673	4.383118664263603	4.806046859647747	4.357645440339788	7.226278451216136	-2.9655538163630597	12.399960613049679	1.9431610394070717	-1.7921804537007848	5.040076084861966	-0.5375600873883913	-0.5065394516885765	-1.5028053770275038	1.4969784942286575	0.3832005590107631	1.5534329678546412	-0.371829735515833	-0.6413324830841453	-0.6510561841465814	0.27221647254065456	-0.036801740625474554	0.41407373824326504	-0.006848714224630036	-1.0377519387126417	-0.4991955668037255	-0.8589290762908425	-0.6769303948565913	0.7958884603787899	-0.10057831486278218	0.4788401407605572	0.33237257129695225	-0.5322282464832198	-0.08029210665072616	1.0434438615201547	-0.21281433602786534	-0.34665421662639934	0.14367598339010756	0.11690050208340219	-0.036035920318217375	-0.48249384038827914	-0.19524426089858377	0.31031214421216885	0.07284297010279511	0.0694069234835706	-0.13252713190275303	-0.28837735554239885	0.20018309872012435	-0.3050707264121976	0.04241784875634254	-0.21420401888337154	0.2484613407645264	0.12849032285447629	-0.10837040692899735	0.04292275991952913	-0.1722093500233123	0.16024067537513956	0.2149971454852688	0.2003279566649941	0.04836645124869701	0.2607325340191016	0.26944592419747654	0.2034254365400466	-0.0389539150561476	-0.17841965803638207
DTXSID2026783	-6.727609804788407	-1.0944195884980568	-6.092028182849601	7.302774471721324	-4.192944343803377	8.058743646790735	-1.3458484535069146	-0.6352777191825669	-5.27833178425751	-3.857643649063123	-2.5255809160801674	1.1411376073254837	0.7251105618925043	-0.7592133734288972	0.5969013508049131	1.5063031631283734	-0.5145715313386933	-0.9487984145924555	-1.1281735684039313	-2.630045031915174	0.00772220548036516	2.122132597163077	0.4156830843423682	0.13702931440609786	-2.3937719436235505	-5.794436181958457	-0.04612606525063286	-2.5032624779433017	-1.178497547369476	1.0587723225874486	-1.1180243785660948	-1.6127757711076776	4.489359060611759	-0.016974273909925754	1.1773674060423016	-3.4738775280925727	-0.10659843507788816	0.41292594974143826	-0.9658662530441298	-2.854773334138923	0.43257956694263366	-0.30791486287195713	-0.6961290415817969	1.3744431916227882	-4.0249534682287464	-2.809709743264332	2.3032941951942405	1.902634215539736	-1.4856641366233352	1.0763702517909164	4.608386381774105	5.456906277966577	-3.4625348926405346	-5.920738105422299	3.622870969393369	2.368370670871675	3.745480819416859	-3.607599889089045	-1.6938424173897015	-1.5599053377836838	2.0571143793192266	-4.498623162279954	-0.06342923587649046	0.15421007112900237	-0.1804816982001608	-0.5566995709477038	1.69836078758944	1.173586901128503	-1.875435702758247	-0.9673205576634045	-0.04253783582162777	0.7149586740060572	-0.3557207823947816	0.6115656541983758	-1.1011935799705908	2.1511714617201507	-0.36606075437593627	-0.9503509411306016	-0.5009029605036637	-0.8828047106031688	1.1481674658818715	0.4333522839450346	0.865965394739966	0.11766783203638057	0.09516844457020401	0.2893500164307547	1.5776367530685633	1.3267686932840383	0.8946541215841223	-0.6348705782544197	0.09129638952676458	-0.676859767524902	-0.17092478384885107	-0.37962215366874164	0.8964861550757385	-0.6057245162180912	0.33029156020551326	-0.41910788056305237	0.4281570049032973	0.3215404735495053
DTXSID7044635	-3.5476424771474044	-0.7306327888081463	-1.7837665978584383	1.8763432141077885	0.7254831751925636	-0.5302193958411157	-2.0856394760613988	-1.0960897514934798	1.0714122881907584	-0.6564539594954958	0.6527076266673819	0.428056383651128	1.8229341212808796	-2.379245168523677	-0.3197566008775502	-0.06057692872046348	-1.725981503366711	-1.433321681590576	1.4681514606430492	2.360983791502957	-0.9848518498109695	1.0904490980050565	0.15712447492130124	-0.5232417992070119	1.1064428079842918	-1.0240371884981183	0.5492409750257484	-0.28534689232093846	1.3402193985124582	-0.11769407807212356	0.6451270157377784	0.4510776543409994	-0.28130739668172106	-0.9347752299412475	0.42835273654314554	0.7222582722079267	0.2247800849291985	-0.2988880339191769	0.06882602114783316	-0.8446625940989376	0.4793796809009723	-0.6450526011541081	-0.2224643267336756	0.9919986850770076	0.2800648643570246	-0.861696605587919	0.5517622818870537	-0.3814957218646412	0.07312076428968613	0.15492678057970935	-0.6406670085648419	0.01568795195038642	0.19387161325682314	0.053543221809498415	-0.11828647434424473	0.6274311074616753	0.253445159424178	-0.9916554267615063	-2.12655844796752	-0.056009526386018485	0.4098008674800861	0.17710532192728068	-0.655824605228661	-0.6362678536727446	0.5822207517988123	-0.8914165316016193	0.056040487200742915	-0.18497057934542976	-0.48945015335091724	1.0379865206754526	0.15079792468899988	0.07540104091451431	-0.3991596771863603	0.9285742430614283	-0.29253656053040067	-0.29807724014809706	1.7686080229951957	-2.4914073827424845	-0.16008593247974284	1.052984824967583	-1.0942878092420698	-0.7626717034193933	-0.9176907164479388	-1.681377380984342	-0.08837646703661482	-0.13214928096698136	-1.1736194910360194	-0.5161731056174027	0.3521893776065447	0.19685371272850816	0.10130381179870504	-0.06379195100972117	-0.006507029465256665	0.0007862815484861992	0.36285067843154956	0.46854191219904573	-0.4315168756206137	0.30593632920272684	0.060721688844832374	0.47165515278284875
DTXSID6022050	-7.405462493176263	1.2809156711612357	0.7628536388281265	-0.3487450805461987	-2.033869455697887	-0.9079581616753669	0.35232682319211717	-0.9765340514924831	0.9267427302673673	-0.4374350289031682	-0.6718031189230961	2.043637880180967	0.9483128843137818	1.088756549385156	3.2704553855872556	0.8115195140670525	-2.844968841640533	-0.11921550606537286	-0.8681305504585671	-1.7211871821974027	0.13133400381034355	1.4453031457195598	1.3907363047863688	-1.874223050922614	-0.5425460743659886	-0.9524495965343489	0.03110810620755209	0.511624563794291	0.34035708207741666	-0.7599523656915377	-0.0742606918931158	0.5960658507747146	-0.3142711567853766	0.4334326401458242	-0.029107624452313904	0.9169688512126114	-1.141216228117263	0.8160568206895282	-1.1077670001653315	-0.560569652628097	-0.018289140617332212	-0.5305540056457849	-0.06896704845695877	-0.29874028057735064	0.947965498636168	0.6726893758654067	-0.08003363052009156	-0.8504548501978956	-0.17346956083374074	0.14924934459203523	0.9158919637121824	-0.9489231044661758	-0.9404615749963188	0.6219860717537101	-1.3212087139805557	-0.40667791241915213	0.19061830935331392	-0.31421245092836886	0.3408944725679177	0.5733223021207202	0.15446744422392034	0.5666211161849364	0.21530083038441825	0.2713429970583837	-0.3090463204282904	-0.2855794242846112	0.02588575261201657	-0.7014066126777059	0.025934025917218807	0.45734398683105654	0.08462294963972233	0.3896779527363859	0.17357799701039436	-0.23403303375942536	0.4970329201340915	-0.12031794475110559	0.3820405799558089	-0.23274727106904516	-0.3787170341369444	0.10370693523285508	-0.2329734207228111	-0.3775895534931782	-0.08945208883042156	0.26353089195785195	0.3035260054097451	-0.24545449077466386	0.6381910588031617	0.13182982310233787	0.4141856580301395	-0.1257610996617108	0.12677905820806928	-0.06436735845241065	-0.005773229480714661	0.21256172443166746	-0.05971850473785034	0.3715732904611526	-0.02684464445664778	0.01105727690102889	-0.1155595946434136	-0.02865765867462091
DTXSID9044877	-4.832127543717744	-0.33945777765332585	-1.1927974267212638	2.4109381298183843	-1.9228570685746793	3.4879939039990764	-0.04716953523113357	2.3962177669676668	0.1766422634875142	-0.8485428151304345	0.6568133180470512	0.3472424690088563	0.5468018399435962	1.0477862326248297	-0.27605826356702934	0.03700617783034491	-0.403819215161931	1.0939232413063333	0.8526158865215948	-0.6480684294413174	0.18792935904708538	0.24581911091009728	-0.6801463427826571	0.4644993119496236	0.1563224559475345	-0.3873641731986976	0.7434552714014632	1.2845607100213086	-0.5571352035902386	1.5867502814354413	-0.8674467214683256	-0.7616791548990915	0.15365836330657393	0.009995198505080913	-0.4214357920553991	-0.316199610960441	0.6452213619114258	0.1765585250929477	0.5446366191927643	0.2539656528927766	-0.3023202909335576	-0.6320667717547299	-0.30060380763028144	0.355020403171695	-0.0775217711556198	-0.46810895311296724	0.37102612460832457	-0.2562326396689405	0.9908374034432902	-0.033309978026301465	-0.40894251305401313	-0.5720789942864913	0.32845639147311273	0.521889411423337	-0.9075952077066314	0.203998141408025	-1.3974941331973294	-0.3322146913669622	0.37671086002885285	-0.36310633427836303	-0.24752043994199488	-0.06485292828670472	0.08730768144030655	0.18441615215183088	-0.5401708973670786	-0.27737804364918006	-0.39540577891002765	-0.21714964428892997	0.4803349023739101	0.3499200306184357	0.4827449192818067	0.1093067654596882	-0.0066363918668858254	0.3696112138907033	0.09695515129686114	-0.40885858230972255	0.1497152141053924	0.5121508394094317	-0.35264242393171885	-0.13471712482187276	-0.02329684831798216	-0.37425951222910514	-0.10823093313146971	-0.07449438555374112	-0.03620872772248371	-0.13018465538558868	-0.3944220528090436	-0.28059990004623114	0.33601295257629377	0.17747992572387894	0.2846279107939856	0.37016491776630916	-0.08787172557220517	0.10190159012728917	0.07174722566933144	0.05589051579035866	-0.32510390827459	0.015156510947052663	0.2717814221841657	-0.12508871069391123
DTXSID4021189	-1.666156708534433	-0.2320788091559619	-1.765858720783884	1.6783682455636961	-0.05763170519088452	3.3229768038197727	1.0151057236722418	2.2827807188676865	-0.28898437535256416	-2.2825315628292646	0.31221419936466843	-1.7532765704703792	1.4277351661578186	-1.140774115559496	1.500280385863422	-0.10242576318811043	-0.5020539595708498	2.5402791742994286	-0.22003127325854183	-0.8840402496101673	-0.8802194189795082	-1.5494412778901836	-1.3133959183751571	-0.7883303181280887	-0.8061012771768519	0.33289847351869595	-0.5452806410376347	-2.1927186946959476	1.1959913301389884	-0.2563943955996774	-2.025176264275363	2.1719928754556728	4.216235144774579	0.11732040934427206	3.3324040703853015	3.1003627956683535	2.174633234251412	0.24469407933348464	0.895626370879485	1.3760488295240705	-0.032618476687922296	1.3047229870772914	-1.479426207977163	-0.3926131503232056	0.2945511238624884	0.046145566774985755	0.07014519069207413	-0.9122098708663746	0.2307931599384554	1.0362608692911812	-0.43292758947512666	-1.462598863814161	-0.1963089568902682	0.8046250003722744	-0.14060694243053834	0.04170245710873528	-1.1844486316871998	0.2332078443969802	0.33055531352356443	-0.7649176886914992	-0.3403037908750665	0.24697190102057193	0.16172613447903553	0.1733274766573304	-0.10009388197704423	-0.1727436338557422	1.1635515372022076	-0.9884614854688486	0.1427901198767487	0.6459912869882017	0.0156418822275013	0.4932581650104198	-1.2868790936751715	-0.3851071842300819	0.7205131664734906	0.34981106177205573	0.376865078155845	0.40498523024127075	-0.48888691537287726	0.7669611020622211	1.0429908499426368	-0.3438145388358019	0.14445921413529397	0.05863817064360672	0.7479303361703008	-0.13270668780583877	-0.3574845628411516	1.4934197792003916	0.07331596533546794	-0.005189577992487352	-0.16566164555281798	0.5444952835674992	0.4791631580663923	1.2402843612918144	-1.6374005742544948	-0.36065990314928975	0.11553865235335123	-0.891206061197064	1.2643258078682171	0.5072554154900488
DTXSID1046556	10.135063784978485	-10.399572073503942	-4.269550842050029	-0.5951597803087281	-5.76339451056823	3.4563740448074296	-2.7288082790937067	-3.782340770883166	-2.8571264626419115	-3.4200065698990616	-2.8038048477227115	1.1768998780804634	-2.5069267605727634	-2.9156797247003756	1.1380660625345727	-0.2609197130447558	1.6407351553889005	-1.1661890107930888	0.9511234695159371	1.3003611823421142	1.1578375015159494	-0.5298047621734442	-3.9179064801106476	-0.3689819978143311	1.198635378512097	0.7674818090807114	1.9800234728156385	-0.4220642990822751	-0.09033344427960995	0.7699288887094277	-1.3535853661750048	-0.6221409373362168	0.9847802126631873	-0.8900509808751952	0.319767734449651	0.43812514202009617	-1.3283651199109379	-0.9395838569356904	-0.28796533592070234	0.5039006056888071	1.543085755636298	0.1240300810963787	-1.0195682481251092	2.114312685516996	-0.9017396651749171	0.6982174511699986	-2.9682604781619286	2.978127020625873	1.6628107581651517	-0.0838926259023612	0.27349830381242207	0.6067299046457999	-2.1995493403426627	-1.7357894950319332	-1.9200685270885327	0.33019636690268206	1.411493314216553	1.1338441401490948	-1.8536351873550199	1.626266338639024	0.0979616774876527	0.26026350338528537	-0.2025487573734757	-0.35592535500841077	-0.08088634776917768	-0.8378568247563702	-1.2015888646552533	0.5824412628603466	1.070922026468801	1.1507448658343808	1.117582934654513	1.0159361978009407	-0.4072604830907778	0.14635518322767913	0.9392366802467228	-0.5722610103618723	-0.7802300445889166	0.3077359707810596	-0.9319631938581638	-0.33716439040970825	-0.16875291494793918	-0.18270694614930433	0.30319025205979994	0.2425234522874165	0.1312099582305674	-0.17189445575869974	0.46352234810505344	0.8418505891457367	-0.2318538688223706	-0.5615294618219531	-0.10660461389629781	0.1739231727306011	0.6338400567786654	0.03262149168025223	0.08330916918011559	-0.21245768689603234	0.3819180589889041	0.14868951080833517	-0.1546841424956284	0.4056021904035329
DTXSID8029608	-7.922208417964915	3.3996685275654484	-2.374570230742989	0.22720123559916544	0.4618154041469302	-0.10049445495460549	1.1058777086002638	-0.9085550955809684	0.8914824059217648	-0.09960486523473348	0.6188911137168849	0.990918869244837	0.9152871901471966	0.48521378587885217	0.7818215779970215	-0.8206624150090249	-0.5110092932190556	-0.18184415969737314	0.8819121655307417	0.18660256919128657	-0.5300555222940054	0.6650998548909289	0.14762664003645376	0.0253370960854489	-0.6536828077477339	0.46744740380441735	0.7274158724364428	-0.6756290062101004	-0.24669923801895438	0.5549973423517321	0.8063395097127053	0.23012413057982872	0.2153693571658427	-0.06556956693966058	-0.08705479889679806	-0.0896391577574238	0.3916767212638683	0.5177835405980193	0.12300187327229674	-0.48265063640997125	0.06891238993230463	-0.4156727639146927	-0.058895249693902994	0.1881904409239756	0.6191504890491523	-0.4577209583904919	-0.16144079628449118	0.5626273127503969	0.49042102870138665	-0.6219246576061683	-0.38438361735400045	-0.6462837641839042	-0.09386602840794352	-0.7521148760604809	-0.4710651271225076	-0.40333349828924797	-0.010369212681972384	-0.8103817058235416	-0.11038850970502015	0.08254914598660948	-0.06755340348087617	0.15808050437337326	0.1815683038163828	-0.041155031186404054	-0.11237655167653941	-0.47122802319530227	-0.0590473110634494	0.04313042711434963	0.014725376579669675	0.11773914358551722	-0.15120861235024263	-0.01797821874408943	0.11278588298289363	0.41541574141721194	0.5362316549313969	0.2548571151352587	0.11211314868672033	0.28691863753891456	-0.19035047756608153	-0.46146428571474596	-0.6109126233436609	-0.5202195757902724	0.14906748224489857	0.26566284301123055	-0.1702465936513887	-0.20197117932569875	0.7460942246035129	-0.15513215632356844	-0.08958216755384499	0.26486776030167253	-0.3737556946689604	-0.11170598942704542	-0.2834016862613119	-0.26446561528441104	-0.30475113211387744	0.3403028855149544	-0.11565943977975551	-0.19203421209186206	-0.13428847748003855	0.6002359718909053
DTXSID7025922	-2.9618549089225565	9.348480385881754	0.5503948081590355	-0.8766587498845383	-1.769311936848983	-0.2259696689614347	0.3821230249286561	0.33668662475855177	-0.463850947475934	1.4809365800429881	-0.1801522083559256	1.3135708930318868	0.03537548186144762	0.2022269205297767	1.6089105067519136	-0.33714582617481653	-1.0261759846945138	-0.16029876352522288	1.455096371243958	2.2322270662403954	0.6557268054239801	-0.8210291486811533	-0.16805526224057862	-0.17142590891492	-2.001634357594609	-1.7208309792541312	-0.2908886553075734	-0.8619084806199742	-0.7431171489434334	-0.4369630987212454	0.4921685012577507	0.4658143945472138	-1.7047385131721318	-0.3790718213449595	-0.427974969036116	1.1580848473851753	0.917106122222309	0.23968417233040862	1.444454831906115	0.45787133647072786	-0.7761383370585347	-0.27604340839630814	-0.2562741081195027	0.2799315388955024	-0.25145131015892835	-2.0635156529107186	-1.779625632442115	1.4095145494032357	0.05731499174328897	-0.5372543463195516	0.4863236674078477	0.2638663370012108	-0.1709942527491513	0.19644298183687503	-0.9271770712161888	1.5646790948456917	1.9364229319287938	0.5619624969322653	0.14453035019742547	-2.099785363725587	-1.24385391879938	-1.3499730392999478	-0.374321606918643	0.7617671373041691	0.5548177684513151	-0.1564069555160114	0.1852396402073324	-0.04694998279601533	-0.4231947707867807	0.9067682389746411	-0.19192639370360493	-0.08004634863335855	1.4119310013741595	0.038404501381462716	0.4465622021968085	0.6103300603561436	0.49278422131745175	0.06190956493469452	0.19628074742348095	0.8946940803438389	-0.23230851686919599	0.42266655974199707	1.7275208738418857	1.4958047874936546	0.0714298810065489	-1.5748829169131409	0.5679873499118421	-0.8064258397634785	-0.8207737430111494	1.5494288754070726	-0.2293885083943883	1.0329074196285155	-0.8819417726426747	0.5705181446370935	0.9450851683468672	-0.6938114873931692	0.12500250049693534	0.5876633791391686	-1.2615085003459907	-0.2838671518992533
DTXSID4026711	-6.674722752530925	2.383866326593904	1.5224408265937344	-1.3321946308812163	1.4665610281438441	1.1493979667979248	0.1400999716780868	-0.9592701099968919	-0.32589415893166385	-0.13496373730876096	-1.0391494295470032	0.9260318105703098	0.7882186796488658	-0.7868838205464006	-0.3429943804023551	-1.03214240651961	-1.2865821745188364	0.6831825955493382	-0.44183602113432935	0.5492816935635515	-0.516370782985871	-0.17082161586020178	0.415947004169146	-0.34279103329857524	-0.7753076017081835	0.30922815840153983	0.4101879296413846	-0.6589047770381855	0.34391870295401716	-1.2785269216585964	0.7662065609030102	-0.1147871062716636	-0.35287474942287084	0.7043726346977467	0.08428243473570599	0.03126207180043601	-0.7549772813593951	0.1094044088225338	-0.7133172321854148	0.16461109010160707	-0.11743969215167344	0.08353458184484464	-0.19088982522624245	0.39333475057976597	0.9053403012056399	0.6152880811626099	-0.340886694458673	-0.10626235542752853	0.3055487498689688	-0.4181524680992984	0.05383118965451229	0.8570579552775941	-0.502720061401511	-0.2849222817442748	0.16710665064672955	0.3751018075403775	0.07794645759848257	0.6623886072182613	-0.1633971491988984	-0.12952953730907676	0.1654057384836489	0.026848732743564894	-0.34234778543051686	0.24499616117396805	-0.05842602158556076	-0.24128067421512064	0.40681463684960295	-0.021328014143859316	0.2524829445516739	-0.08603206582350072	0.6141416356804092	-0.27556009847416774	-0.006994039087976085	0.5071023108136127	-0.3455232668673137	0.7884551169217677	-0.06386340459268341	-0.34587414612117956	0.015601010432476766	-0.07871338458643551	0.03222254666394246	-0.2710935065077559	0.2570685313627761	-0.23980966078335045	0.6469947044234178	0.1583132342586196	-0.14545726873278453	0.1781640831520894	0.03964014603181721	0.19321816862417793	-0.23464055882413504	-0.15610720745377407	-0.5067309603825809	-0.022723640396788175	0.023598648928421808	0.47853936905139527	0.18020926520971314	0.5992451852393543	0.32892844761464674	0.15037186541559108
DTXSID1020354	-8.525809131215516	0.9805076324708153	-3.259705657208158	4.400910555266774	-2.4727981941178165	-1.8618231361613935	-0.5156852200045505	1.740468788361584	0.17799608589413166	-1.4304903302373606	-0.9219748156835673	1.8642667133193973	0.7965836423672229	2.0908840484217666	5.34592905780714	2.7932719463292224	-3.9519612452524897	0.31673154403435844	-0.7694203368385965	-2.3173620539153426	0.2816465333648197	1.7443767942320711	1.9601847324175807	-3.9601623703055866	-0.016318145586640114	-1.0141076694697007	-0.06470255341860831	0.6132759379054359	-0.0346243840593111	0.24622416479172957	-1.7767145570566272	1.1956724500689366	0.8688978704381829	-0.07194768526246051	-0.17628012316891845	1.4631240930564304	-1.2252258929864277	-0.07644656834032691	0.2850904692999478	-0.643573526638134	-0.5386108070643216	-0.6664421132757175	0.48221801060001607	-0.7066626257806098	0.2935184569401553	-0.33012235975960924	0.4275590577235195	-0.02785524214508263	-0.016740026604816473	-0.3065026131617072	1.3754776030170626	-0.6948744528380854	-0.288812119912388	1.2017057724826794	-2.186364747111607	-1.3078745646354821	-0.26753703987426647	-1.3366692711955563	0.9702825140259216	0.5128813396726257	-1.0589430564785884	1.1688463859470897	-0.7292048221561623	0.7390772596128905	-0.4505085250312859	-2.0550112238498675	0.6358602035561709	-0.8699576636905351	0.2602101350551581	2.043816396499715	0.47293613829811504	0.5867877285286833	-0.4284303089410919	-0.14440252711371948	0.3296916745392542	1.0296752277332168	-0.5528270456310873	-0.17896566499197647	-1.337266391895637	0.3127863105456497	0.6407178540952815	-1.4530927279948394	-1.2077700856297322	1.0750450376839469	-0.5698175037346765	-1.1523062840397778	0.19751551490794583	0.9727805737460345	1.0779084969261599	-0.871963311388349	0.5159421749766726	-0.3835933863260032	-0.27476366858563783	0.24661963394869937	-0.14252382985561965	-0.13641796281901136	0.8797245522739918	0.542794877582431	-0.31976441397377015	0.8304220774740109
DTXSID4021769	-2.6401885418089357	5.24532612587521	-0.4842308200052281	-0.18919601721418403	0.1093493497123086	0.6344435534866907	0.0008450115991908976	-1.6879044758870856	0.7659486648879134	-0.6878762172019243	-0.20126150544433855	0.3695848416526022	1.0881926345602186	0.738677210552472	-0.14167578309942927	-0.7001229944254813	-0.7265579045240296	1.389776932337964	0.32440700297152786	0.02597798735197444	-0.13260665697418966	-0.5880374250347996	-0.8744980722738748	-0.316215706132423	-0.19137201024131764	0.6794746705187501	1.1173380326291442	0.7345331718654232	0.3438042469693667	1.773553595132748	0.338144409011725	1.329636824945609	-0.1670790985546243	-1.219321209261286	0.13991366912312142	-0.16147461022104423	-0.2260464062326756	-1.053226311803354	0.09190886927746121	0.36968304434733423	-0.047681149036340936	-0.04069749552511961	-0.025807611052038923	0.7740260705767331	0.14145865243849567	-0.26820590718853615	1.4977431993406884	0.010304272746650838	-0.9628810257277766	-0.4639080523627762	0.5888664388519381	-0.19233439723694418	0.43261835702966633	-0.8651988902634818	1.0202496635915428	-0.9441310178129158	-0.7974080517418171	0.36299825633996785	0.1532374507028287	0.9111445976923267	0.496628027113467	0.8988669756904597	-0.23013773307402888	0.09173916746986309	-0.6003603307953302	-0.17161196808997883	0.39872315725663476	0.08150030972319924	-0.17633896848756925	0.31432414165706857	0.26268952625631203	0.42807754924196967	-0.326373600312557	-0.2549700179366779	-0.3775060514699092	-0.4359698912469953	-0.47003366158709303	-0.4880206711208776	-0.7560022682733043	0.0987271364998618	0.5319027591185621	0.2111225771521365	0.11759404723710316	-0.2143421969724571	-0.7591438680455997	0.18343949353469427	0.04664877191825145	-0.31674960123656076	-0.4652399405166764	-0.05292960914479156	-0.5970959969954928	0.4779146617620206	-0.17535545885612858	-0.24135444039023293	-0.2353503988014633	0.40085452639063823	0.331115271804266	-0.038597412305202396	-0.3759845195087945	-0.5609970074622349
DTXSID6041719	13.573134517614942	-8.95269655964271	-6.330663401300246	3.0225669895602376	-0.2999421581579233	-1.1494581587967323	-3.707803279580724	0.169682644846926	1.9481119333049652	0.9889602435873371	0.6373661086607119	3.2305455835037984	0.5654357573654238	-3.672216038997774	-0.2452577468021849	0.5375057103674343	-3.93803193253478	-1.7246967876535715	2.133315493003976	5.719520912443046	0.8234621434261936	1.89223995789851	-0.4769096767365288	-0.13225830775129319	1.1590581714750563	-2.6958568906690537	0.6248615060665723	2.399626704228166	6.239135960751653	-2.459037849270524	3.3483085417201037	2.625118341183986	0.5443108439993398	-3.9882923322582595	1.624524427470461	-0.9615649420903343	-0.372757980136018	2.8160037584485793	2.080721328015652	-1.6087873656057847	0.7697910835745848	-1.6618584777417178	-0.03066095308090698	-0.5328101472826777	0.7679403669268718	-1.5729403980329661	2.0302303404819497	0.22136237676473847	1.6876664124980387	1.2824318431805939	-0.3735424935440896	0.8315935476254596	2.0231398135588887	2.099752239197709	3.1001047948583778	3.257987602463409	0.8726113813739135	-4.396823092947668	-3.129393599339263	1.9151489772584394	0.7833359923974782	3.6257628582401367	-1.937142627509874	1.3719785467478331	4.441231511267586	4.172552285704429	-0.4036590768694905	4.026687480506006	0.6801947901035283	2.1897598104152345	2.82174210795481	-0.24766010135953007	-2.2511812047018807	0.8076356855672557	0.1071117110801839	1.6304949289165365	2.963531279942904	-3.818651751030608	-1.5315712447381238	3.1853321065650935	-2.21455300418051	-2.6590365434816103	-3.6626430387154554	-1.0640446052518369	2.8902628275221973	-0.3469316751273751	-1.079682641561833	-0.8873139295515166	-0.0524857850737934	0.48011165330716576	0.21565605156504486	0.6975702192239033	-0.004771232837820314	0.7430683254117656	0.6911358814111015	1.0505916993589477	-1.5432614188272433	0.8835733301166296	0.2854722752955992	0.26101844620840675
DTXSID6035491	1.5239710458529026	4.229373783724847	-2.883390027378049	-3.832115890042352	11.679103197864558	1.6582134364691012	0.8797725680418994	-1.1856539368629229	0.19949731294135792	-0.5637230086446361	-3.5059120360320395	3.2224440274612705	-1.893247078280267	-1.7917260497989613	1.1116861430560623	2.9533313252707547	4.7714155622983405	-1.324412139605505	-0.5679863954352058	-1.2235456951664743	1.4735458013941243	0.17845689232127715	1.6041089547736547	0.8163782352346538	1.2039874733550886	-0.7702304747067108	2.1740581453134573	-1.0905517925549406	3.3607096444199978	0.43807807048762504	-1.5582944921125448	0.14507666221432974	-1.2724262279141096	-1.3614486154362138	-1.388608532016223	1.1543926572471752	0.6323043099959144	-0.9415929738240272	0.45024230015117345	0.3182451933571206	-0.2681292398790268	1.001634586456808	0.045246986059474824	2.0925750261224647	0.30077797717424126	-0.2638339045704367	1.3844945972871439	0.25685010328119184	0.15221261187629323	-0.43819726375025153	0.04413198826844765	0.4126376480271539	0.7524533407885338	2.6661913423077053	0.2439957793931861	2.1661226034035783	0.2154529222127392	-1.4476230448583711	-0.745294716081388	1.9693257135556512	1.1400242228055821	-1.4259827990507128	2.1226724733635054	1.557882159032799	-1.4173878421131958	0.021290352591213715	2.341553822235224	0.09546356905558476	1.1285886340709748	0.5231588376393429	-1.5919067646702956	1.5085653542140112	-0.5933132261579793	-1.1454809487228172	0.06963236654678288	-0.8091128519743488	0.021451455304821152	0.12387350320732061	0.16814324615915194	0.35362174627255477	0.020731437433944743	0.340647133637355	-0.19060568041352402	-0.3802181906790522	-0.28971857433537823	0.4558347474461816	0.25050124389650635	-0.7551850229270312	0.5906138058140584	0.042305533240439536	-0.02558737464165372	0.07092006114767918	-0.0011541130999592369	0.0512510976227391	-0.006752601882662862	-0.025895708555230875	-0.03491761783371368	0.13557056498721357	-0.17195696417157535	-0.18070505195392247
DTXSID8027589	-5.590250829623166	3.5984072170498504	-3.284495852140575	1.2101272998329728	1.4215194707327352	-0.7772775128904926	1.1576631278797873	-0.09656952033923268	0.5994193712032114	-0.5688132933646641	0.48765529669494656	1.4334596476069663	0.6007681162914202	0.5704075963264587	0.013013155717989125	0.07040316929571024	0.45347416108194466	0.05932369642712329	0.5559465625816404	-0.9032103250067074	-0.8674849968612205	1.5471235217888826	0.10196569994321739	1.0142975151643379	-0.4222380170569714	0.42498140531703754	-0.4888764978027353	-0.7171240456511836	-0.8146569750761861	0.6733071613837561	1.019467022093176	-0.33503479286337845	0.07057346469560752	-0.07247193549741797	0.3027467310484347	0.12680259560081633	0.4635971078036696	0.8615864255238	-0.003789686855203454	-0.7600005987362343	0.2448939996968786	-1.0742831994045439	-0.43200806127874575	-0.08153910427074929	0.6491907760499297	-0.022530948889364046	-0.8378663137654778	0.6594981223920302	0.7349302230897747	-0.626316896858599	-0.5272380781092962	-0.9037274524008502	-0.0052847190746978185	-0.7417315330741907	-1.2020556370577293	-0.19049166242550444	-0.37164432387481516	-0.5161467316112087	0.7782877562969305	0.05321800097253761	-0.3007934966407962	-0.08676799707954971	0.18531322324303914	-0.004418723440108547	0.8070123966980919	0.19072961858575757	0.5467694637258976	-0.08828589400250848	0.8399085749780201	0.547087118501647	-0.32085467449942745	-1.3832402299589115	0.4303393992324272	-0.22366208141852723	-0.0341022195500967	0.3131779742269572	0.5083300812021084	-0.503197602323196	-0.0509708921102269	-0.12613833623560647	0.017908965094074334	-0.3451860809447079	0.38297319019156756	-0.14601561306607225	-0.053638927684713886	-0.3128936663300254	0.038966975153451835	0.21112362540654503	-0.3684765273849511	0.01831282253399657	0.0455438731943404	0.8511228390234283	0.3428710495035584	0.12151699039885519	-0.16614599645322659	0.3941877275943688	-0.3477529839735968	-0.22044338896861268	-0.17757901120232167	0.5635199997799221
DTXSID5021621	-7.015849766011758	2.7762635365343336	-2.6723819836099523	3.045036133083931	0.7568230957560236	-0.7160136756288339	0.5460064530991466	-1.5607054599879384	0.20105903882081802	-3.1782965642700205	-1.2134697707006235	-1.3509640092974964	1.1088951068581843	4.895079081908929	0.21897285649860238	-1.345121821448697	-1.512161230699892	-0.2062661579679758	2.9507488435226317	0.6266434567023215	0.07721191007974892	-0.1206510921364142	0.24180997020417572	-0.47360164388222864	-1.307040293637405	-0.17915723381587262	0.10863925185415603	-0.23298305515114173	-0.31528304977381655	-0.6486810761523764	1.0568217956134083	0.2830147645934763	-1.2775272637193802	-0.5030746320469927	-0.3033009622426308	0.9810173323461776	0.5392764582361663	1.5389047903301996	-0.15446510400210764	0.14845356321750836	-0.03788131810347124	-0.04379165869275847	-0.47505062645162377	-0.32615197783062383	0.3564016367760675	-0.7195350612524414	-0.2754397493810296	-0.1033793868501689	0.21931074908746184	-0.3521765425985997	-0.8396008960409856	-0.4085493849824995	0.11028147180427071	-0.6172557871234172	-1.0580991836989482	0.3088435155844073	0.13898136376409642	-0.5398577214655595	-0.66856443794866	-0.2490006637457459	-0.5990378664048949	-0.975084497914843	0.23472608378674534	0.9511539657524577	0.27775634265120713	0.20875094622890017	-0.308808088592779	0.20840762536265003	0.49464114440305557	0.17664308187867236	-0.31487906621213124	-0.6899949073160079	-0.07392234359629542	-0.4964742984129219	-0.11325997901722439	0.1912306125459861	0.8684266008158958	-0.015853682633615716	-0.3164346561682852	-0.24075983571786744	0.14896300857200617	0.04789903016040453	0.8021288378455667	-0.28135061664888805	-0.09071586097361864	-0.05459655114818006	0.6411135018743763	0.05571020759510844	-0.37792444014003385	0.40100059988148634	0.09548189306836591	0.10463753269676511	0.1663813956540334	-0.10616328348680006	0.03890446586766563	0.39426611389986266	-0.09628698325829932	-0.030926274133242344	-0.15717818534757488	0.03411777417948781
DTXSID5025156	-7.828284340989268	0.87407272399454	-4.705579260826567	3.294979560876805	-1.2392404359375264	3.209717619249603	1.190759117100399	0.0076504943236754535	-2.875250195438777	-1.750158592700272	-0.08374587715759174	-0.44250951326532234	1.5817907299625	-1.571289213783298	0.8302622371506666	-0.23316992979305556	0.7321293932005192	-0.36612046053802894	1.0780404807517987	-0.45665236959920963	0.35813101468438246	0.06710482452227344	0.11837634946990985	0.3993818653701634	-0.6036470477061255	-0.3797765960657122	-0.13333770337773085	0.3374748947664726	0.034351969951088704	-0.23590246279069896	-0.5884362367290851	0.9115949815767411	-0.13432016401763738	1.4834115320710213	0.4044766934718266	0.404388534342235	-0.8136756582064179	-0.6343122211636856	0.6657381831485798	-0.8726439169961405	0.6678096786564496	-0.08536101076706615	-0.06356537169157568	-0.7863463679018958	0.26609201781310765	-0.7679606478357237	-0.7913072588192067	1.0534946360169828	-1.1348024671798436	0.7021723134438693	1.2216284541842628	1.1621372538104267	-1.3717673382811462	-1.0276366791260074	-0.9376675502582817	-0.38116549750764017	-0.2735343823352991	-0.7361119358296102	-0.31033909010479044	-0.7333682960000063	-1.0830774796434872	-0.6972763009594845	0.21232614761360977	-0.03415366036697981	-0.7229068111340602	-1.226557053706779	0.9217288361375475	0.6585258770047073	0.31370147252675873	0.8622052042786802	0.2414716717995389	-0.06621341389871971	-0.9589383938022982	-1.6775062913491052	-0.6045070474162199	0.7545393655095436	-0.1642142058054373	-0.10484433727218936	-0.9514554896520258	-0.1562181959127534	-0.8515697519637966	-0.08951009439068403	0.5276493195626273	0.15582851495197653	1.1666237041063057	-0.8909451890505551	0.045992204676912854	0.6179635271966282	0.1380387977228455	-0.13066353652262777	0.4779849445852717	0.13622571781670262	0.04987411438316104	0.3692396929980126	-0.2102452362971818	0.22964950065878853	0.08777964929102659	0.012060492193080868	0.15673092482825457	0.35341426266388826
DTXSID1057747	-0.90047476203931	-2.4434196447142416	-0.8293172017621164	-2.569140954645097	-2.857681876565781	-2.3597020166107288	-0.07602026128521379	-0.553223634030423	-0.6174812370446788	1.2872187643478075	-0.05343801642756185	-1.1154154297026144	0.31155667018776	1.2412562538440028	-0.6559799884473305	-0.22560582783623137	1.2463953246621648	1.602244678009997	0.6170395606749912	-0.23561429040890372	0.37239455521492293	0.2486849742259541	-0.18849949711848327	-0.38756853698278626	0.08140263123184587	-0.3436271013734023	0.913925708549186	-0.4791717348995752	0.7199375147892972	-0.5493463336887059	0.9104621762712312	-0.8022574337575548	0.872583960435903	-0.25457363295815866	-0.28355617966674074	0.36879788292581794	0.11368020894140923	-0.7950244627684371	-0.9042577038676964	-0.14814103525257943	0.2910047711478326	-0.05030548543590214	0.12824287465674297	0.5448421861530061	0.10150655635634688	0.4734455581281294	0.25611764780718393	-1.0411660059795127	0.24904920440643932	-0.7258200729595438	-0.7336889364472376	0.24555956059648237	1.2648694675833212	-0.20979479350013108	0.10602188021156377	-0.1697104171410805	-0.06425362917295362	0.13973296242803188	-0.31510251516813265	0.5332450104918056	0.13288046542759532	-0.7983176077066992	-0.7976531276533518	-1.084333924653615	-0.18119278533746894	-0.0951876648426738	-0.12097909179843049	0.7346168166071221	0.09615768959020947	-0.18032644194259262	-0.2768274300641777	-0.3804236514535496	-0.5355634405906243	-0.6273800930841739	-0.5462639293821986	0.4865458456153983	-0.5516371754578432	0.4065328843068968	0.7604328629480028	0.286586836665622	-0.009453768100579322	-0.04300510218324266	-0.06009534575010611	0.9533198241161939	-0.5816196631246245	-0.25124154029079143	0.23340681757488566	0.19209714385003837	-0.25679039223672834	0.9586630092512447	-0.1719525395186173	-0.3083832179206619	-0.364538573197879	0.23544031871066676	-0.47961478268044616	0.42570443613242764	0.42709337637392863	-0.3412290482473554	-0.22172381444407088	-0.40543679268701094
DTXSID7040734	-0.027658189160053536	1.018096027755509	0.42714237648654374	0.539650851282516	1.452619404471429	-0.374002508391929	1.0930620969240474	-2.7390378372040414	0.8843260175657862	-1.1610173182114285	2.5920591452311257	0.5602309550069551	-0.7975004201315931	0.44173364932484105	0.6192372123470596	0.4283129236470127	0.39194341225711793	1.270076148382943	0.20534365140561664	0.06810117752988194	-0.13745001885989527	0.6768223055290045	-0.5620758335799164	0.7688211164048336	-0.14398218132985413	-0.04030541335730749	-0.6037267758351431	-0.23262804936486067	-0.6351475433686938	0.0663049062001951	-0.639482075401723	0.028209755021982794	-0.2562898628046574	-0.26206559459376744	-0.0009431884406432955	-0.5387629600554912	0.6217062083561588	0.278699958199663	0.21241164746184993	-0.3542988374359826	0.0601883190865664	-0.9012713705875421	-0.1162063014774486	0.030203343178570412	0.3144542832638905	-0.5831538933279322	0.14451997878268977	0.5302997198232366	0.09020029671864765	0.4428917135638744	-0.5491374190519394	0.048604148032052825	0.44160348527021087	-0.26413167160332723	-0.14668392441808195	0.9701173540619717	-0.2316794346073918	-0.28479704342676604	0.6400952144472121	0.07552179356132935	-0.4830055152866783	-0.21173171546991715	0.5000734678584167	-0.30943730562886823	-0.13814848519000117	-0.540719968994157	-1.1056184593118048	-0.01692327929034796	0.11040834678600685	-0.10643465529468561	0.3802912850931268	-0.9032397328119258	-0.30221451441668673	0.7794427035498734	0.18197502353844272	-0.19478913799713185	-0.6068260813249514	-0.22083893526715326	0.9304109040544513	0.7784965675048934	-0.125079944483233	-0.13479877803865062	0.21059926462316958	-0.4123166241794767	-0.49496231260708573	-0.08332088257084154	0.01128938039981267	0.25701812151297404	-0.264099422407206	0.16033137946108386	0.4357880548135777	-0.005086927433141193	0.48703301908747043	-0.030013575350160922	-0.18355838244477926	-0.38928107961320124	-0.12687420119053475	-0.17772303839427353	-0.020021305563381296	-0.1234891276905671
DTXSID5022641	-2.8348551836931524	-0.7414078318654098	-0.503905462866177	2.108630335787615	0.8380288522679193	-0.15675763706884488	-1.0515651306406253	0.2170850676287219	-0.4630803489242772	-2.227653012442022	-1.2926744362207472	-2.0045725903582876	0.6707295175244083	5.886274215337824	-0.6263046843582484	-0.5956334765202839	-0.9685478591813009	0.34305759999433627	2.7717675869760607	0.2550619176371473	0.23303532995448414	0.325538286017414	0.30904649674333723	0.11549031206038865	-1.0997026658274167	-0.527257325990636	0.11439383295527683	0.05582595186008271	-0.20981166319526015	0.15620872959872495	0.683861274245478	-0.14151341125156666	-0.6816297731544345	-0.2781621337046981	-0.15389626134724915	0.8884745852233912	0.18211892461177032	1.3556528498591969	0.08225893205858684	0.6153248892901111	0.06350035520465049	-0.12283290663103635	-0.7512632852538328	-0.11778452394911149	0.0765066172464454	-0.6569339619109896	-0.0811746214764792	-0.5417314189529411	0.08839036681035531	0.026546117918571317	-0.961371399065002	-0.3638683157006691	0.6082913502490924	-0.1584788705850952	-0.5467442693546682	0.9564460172053542	0.013873625698502368	-0.039538152091150525	-0.48253057912126424	-0.6495483486384162	-0.40977998187792414	-0.7048320340722439	0.4678048853729459	0.6798259239558554	0.16773743354765522	0.6977243177766423	0.5639133878889339	-0.16799234963527968	-0.1654784115693369	-0.11974779522458977	-0.7052130587122664	-0.8355361317440826	-0.279166395242994	-0.10974511947871037	-0.41298343038510177	0.15810010469323843	0.42315598217833084	-0.42231606996903	0.035206592095559666	0.11502029984911193	0.07186575281526547	-0.24762670244572638	0.3589906385516817	-0.5309725654247092	-0.16732372183612632	-0.2903490448637104	0.26945912430191393	0.5858860493069459	-0.025912081420580116	-0.12164288685134189	0.25680414971602755	-0.18040866350862533	0.32679796601353567	0.5687877855447575	-0.4962627941756751	-0.018734228993157267	-0.22553319612245923	-0.06339162933130678	-0.40195840066416205	0.3857323614435704
DTXSID7049261	-7.25495984048663	0.2437094836100557	1.2780659748824874	3.321512290054777	-0.8374754096474645	0.5698810693654883	-0.14655435652692217	1.49083765437931	0.18946035969934055	0.23182880893568975	1.0397725986741002	0.9431741080595017	-0.35584121095437365	0.7834486920363033	0.07347585212084365	0.28732629714841446	-0.9823592605698125	0.4128723522050624	1.0975331538978614	-0.5572906314498667	-0.40547446941061605	0.783167893553562	-0.3027659323396191	0.6956409149894839	-0.32242974592761975	-0.09407729278889121	-0.10214834252844124	-0.669182124393158	-0.23633025048535583	-0.17153114537781478	-0.5736139916898998	0.059085341441257246	-0.4356872267019958	-0.6822085880035019	-0.8278075818090402	0.060230587553371934	-0.07619669065785463	0.3925378854867402	-0.3698964179060608	0.02748108151382004	-0.2672123955793952	-0.044092007278161954	0.439162118231159	0.3835726167327584	0.20776225587799632	0.15653233929542018	-0.17505692720305857	0.8972600392915422	0.6943457545550803	-0.06994151609039256	-0.36648373440602333	0.06364259578514415	0.6602282182621639	0.10744809358113118	-0.001460934499299929	0.3742153435415842	-0.1709261101516103	-0.5105288968541655	0.7590931027114768	0.7699657235406863	-0.036061291746439204	-0.06608268414930206	0.6922128353417784	-0.6604512451649274	-0.57060604645182	-1.0466178610305943	-0.8789893288960657	0.6394825872476196	-0.4202753504467123	0.5242740726837124	0.6015531102945124	-0.29309972567888953	-0.49739947576673116	0.09805962692841574	0.21264957071706872	-0.2480483682944886	-0.12514908926468127	0.3125864000677661	-0.2500546539023909	0.17891489024406335	-0.005731386238599781	0.018012602277033333	-0.3074277133052947	0.34545845123026836	-0.000139185812536657	-0.46256131506809384	0.021501801932974397	-0.1296864815907439	0.5023874940340407	0.1577867643532197	0.2107692273310382	0.052642378045824334	0.19283662656881884	-0.3608911323868796	0.3979407496689677	-0.07726642815446685	-0.17490542840074091	-0.35334324624138247	0.07095836603145612	0.06014840231794275
DTXSID7041540	-1.6881515369677704	-3.135308143222567	-1.3191018030352712	8.09775304218239	0.7650075189000238	-0.5407428860154223	-0.16451574843740172	-2.9842911148524496	4.11452252599883	-3.8664567822979232	-6.786222388141516	-7.067008475793832	-0.8054545620960963	6.607200685503954	0.1122312474843429	-0.6570537774634891	-0.2135010199946983	-0.26252407718379983	2.92413567234226	3.717431125183157	1.5856794328582116	0.363393199657337	2.4466008692017267	0.975503126751699	-2.1561313913230267	1.5773185830072194	-2.7711913721185057	5.819302879925687	3.6718620714202554	-2.46553073726621	0.6303530243991629	0.8299389468942684	-5.524650535151343	9.11790098495703	5.229567996751125	1.2788897942064286	13.008561824963513	-2.3030307996424892	-5.795250130389206	-2.916767189375998	-2.150147722639315	-4.388931654890073	0.7318531246182467	5.843140400985856	-2.311614662748984	2.6345713972336453	-3.957854532993005	3.0775427614411703	2.5072425077788822	-3.819277120830438	4.11541017595237	-0.2702633908653227	-5.183222808477445	4.394316158235601	5.149269097516003	-3.604230971062699	3.006095010957638	-2.1315543808976507	0.4320481799101123	-0.2589619146495484	0.7240109307042637	1.3799746911071384	1.5747162757785775	-1.1683001500376877	2.1867910209186294	0.9421771374708174	0.2127905589196324	-1.5195170026146845	-0.6061495590473833	1.1742156541432123	-0.89362293706319	0.3371064104104562	-0.2677045758274335	-0.030371189669091168	1.01035826922828	1.0215433334375652	-2.249868600079833	-0.0777697671525075	1.1101904900720194	0.9824285335712333	-0.498126569104914	-0.7080889217457677	-0.5030515586589264	0.5962126941390662	0.7400432114760418	1.809168673098361	0.4759360293187826	-0.2865763657070499	0.023697436346371344	-0.6298193356725876	-0.9027940390656889	-0.5020969364841251	-0.308957470162407	0.8010284850995258	-1.4613480752380819	1.4199594478016655	1.198320763633537	0.9291887377090869	-0.43655705363378666	-0.3390442760970881
DTXSID2025842	3.5048382349155625	-1.7275451059623972	-4.842755923170927	3.443171164872534	3.1302750306736873	1.0622409630757552	-0.03943604054699636	-3.586775222874941	2.1046212182675412	-1.0959513605085358	2.8094124282546225	2.46786205961374	2.323925580446058	1.6007639041166177	-1.581639228400353	-0.08304425025455045	0.5254743853304362	0.9035561729627651	-2.2674732509895033	2.239806761840904	-1.5504868333909327	1.9419288870519076	0.3139407255691082	-0.4606451807027654	2.04727087725908	-0.4896748020468781	-1.5118322728318332	-0.981930754002407	-0.4026618754647945	-2.259312580618097	-0.5600315391463099	0.8264550610178212	0.32881276427801065	2.1886030484812697	0.26771091119802265	-1.8757333871277755	-0.11890551197594855	-0.2671237046026986	0.6620928381276909	-1.5027238058026464	0.7721872631517177	-0.9822960725892946	-0.10315968170698135	-1.5025775010179612	1.3772404099382431	-0.09503108256676214	-1.8281232278589876	0.43446419427499716	0.19220694673539845	1.8924405214090214	0.22074506032254776	1.5350443896252268	-1.3187217031196663	-0.8549025904091597	0.08293225385956113	-1.0900960263297115	-1.3793577420282803	0.8622553817433484	-0.9417933633189451	1.502766019056857	0.26304111588838	-1.6142930644753168	0.036227713907572005	-1.6398171958800654	0.05317767367306278	-0.2552059851922114	0.18302334812125823	-1.1359904188229129	1.5896531474166176	0.2363364667487414	-0.29865327281726767	-0.19172290226089875	1.338505374462269	1.30820291298827	-0.08132362800482114	0.011311918432571628	-1.1798677631357783	-0.32222349510904197	0.822620546777653	-0.39581332096977645	-1.6181765810606836	0.1933393406410796	-0.5971723955824003	-0.1997722071338638	-0.5768156072105268	0.07451721831682413	-0.8469872187773779	-0.29480740940129774	-0.6455266360612086	0.6138098621486074	0.589802935997721	0.14910620230547017	-0.409704756912657	0.529724734628938	-1.0000061060355872	-0.023605201047560143	-0.2475114710267019	0.49166740659445235	0.7376362102206371	1.382027843614668
DTXSID4046814	15.704493543363377	-10.369377923385379	-7.161849401884219	11.720617160592548	4.500922944744192	2.7246892160149097	-1.5555519552524066	8.472863535373069	0.1880408564410501	-9.313160595729874	-0.5716543117357827	-3.7294812932291554	3.1555736877732414	5.799802638700402	0.2390315485621777	1.2023136987300809	-1.5567323043301058	-2.3131461573085668	5.009022582724887	1.846579279167603	0.8408841390436502	-1.8499990615758763	0.12228704234147242	-1.5897060201598685	0.33818429869514727	-2.4190472561696206	5.21447565937196	1.9413377507728913	0.6341805105652625	-1.7794504265061764	0.20240607077561779	-0.865053039326697	-3.5339363075013077	-1.9762675848553757	-0.18653865489117033	0.8534630987307343	0.4950701048644359	0.018984509888780532	2.4808214842873086	-2.0521472673308203	0.6930282220329956	1.1089749582326482	0.7441684274133912	0.3179995062860203	1.2130255406207102	-0.47935207270126523	2.7484358997099188	-0.9676996297512539	1.4390440812407275	0.1556004634503543	-1.0643364137581348	-0.1299362797360565	-0.3135788164198575	3.246097363731378	-1.374162254463844	3.583408507681734	-0.5077163254241134	-1.3163729613688417	-1.0224881165913589	-1.347600944706626	-0.6630474554116141	-0.29184586357426057	-0.9921677433829551	-0.9867682141562187	2.301878710790513	-0.3662683652810573	-1.9682631987991661	-0.5348249172605698	-3.0330461978286256	2.8974152203697985	2.0171763027811127	-0.4162228664691446	-0.5450697861354109	-2.928969118077985	-2.389666351146091	-2.828465363176969	5.769656933685136	-2.8262162479972774	0.4326635358971722	1.5084472584348185	-1.1342272775932232	-0.3741851499204755	0.2789544493138688	-1.7430117960600877	1.5892985575395697	-0.43695841803028	-2.4993528391724427	0.0632529783177324	-0.4544567009513743	1.6882715119089897	3.359028589060079	-0.9338796557245904	-0.04006621844998059	0.1703990181623783	0.02079116507426557	1.0761222191790123	-0.1689370235272636	-2.0039983634086243	1.6794246770117833	0.4486249441926017
DTXSID7047192	-5.562501724904035	3.6762812563932803	-1.112729032526729	0.3607802581740856	2.455336105616145	-0.14119169806744153	0.19484438646871008	-0.5746696236328259	-0.28172076644828714	-0.5956754728191778	-1.1229727276368053	1.3457512257564292	1.163173398551024	0.08539732397008071	-0.03728730195120163	0.8397943476027614	0.28474134071949025	0.732298932881422	0.3603540760612645	-0.37847250638037777	-0.22304919540838908	1.0865419780802121	-0.45334589081787746	0.392315659005867	0.10808320133069535	0.5269422868876755	-0.769648649333313	-0.019747811557105414	-0.3371526038001225	1.274127815660803	1.2363540838705176	0.895991996523059	0.03196295810831151	-0.443592019920581	0.5663879874926077	-0.27361677934510603	-0.1520500749304407	0.1458427201736712	-0.35575908553249996	-1.1480099476923495	0.33273629386883385	-0.20653913577753935	-0.20515608478069974	-0.13311376461592994	0.4663716316971091	0.22661218270258798	-0.04279678932932683	0.8474662079611016	0.12751135848567835	-0.11704095993636578	-0.08996169268092195	-1.2556337854822723	-0.4591837247740332	-1.164056112855093	0.047359731770064244	-1.205762439960927	-0.44181880150739006	0.9952992336754665	0.6143207709036426	0.9997383945706181	1.1846831948275702	-0.7202558365491538	-0.15143242371239535	-0.47113090809900876	0.4954892997121321	0.1305136031005844	0.4693803491812405	-0.2938712682485089	1.010781341860254	0.37221736285308343	0.342053752290577	-0.450618909893655	-0.010347159811095604	-0.20530742410625089	-0.07129199139779772	0.8138217240259061	0.3883285373008234	-0.8254595563620944	0.22748069591560363	-0.04265043684864419	0.02742129860820468	-0.353518554464148	0.07487738108522479	0.15290696777331733	0.45830806967440424	-0.31209613203067627	-0.6369579491003675	0.10696968431960113	-0.011725754365249119	-0.4872010335837532	0.3828176924712825	0.5158306859587483	0.3520713622393294	0.1438795664462812	-0.042869738309241075	0.5237267575305381	-0.25836851900660257	0.1530507791610485	0.5208739364198639	0.015248485101016554
DTXSID8047848	0.06616912259863497	1.2689091195508981	-0.5573451288186051	0.3781854944498929	-0.6690956057450222	0.079491760895221	-0.4184553960844493	1.17836212369942	1.346838866012968	-0.6911548927045021	-0.3565980717578535	-0.9732521760654063	-1.3851008742498525	-1.2531184443265384	1.969676204794381	-1.375591741548648	-0.328118073724716	-0.3686251284474044	0.991986962095049	-0.15874494216128976	1.1357026974576732	-0.4919222513507685	-0.0492930689528473	-2.041029743182458	0.9939550051407567	-0.8623601495376358	-0.5772964110028782	-1.8641570359018558	0.5738976846980227	0.8333959416378565	1.4472544632654576	-0.3820275102209583	1.5997735838977631	1.0081561929257716	-0.3051248528507329	-0.45621649065330105	0.5698456065637076	1.8991852284660107	-0.5095428325860224	-0.9757807308268626	-0.386670225975042	-1.2153072888447254	0.1222746274445685	-0.23033431916651914	0.3274935084373031	1.4556674643440377	2.1305757160556946	-0.08580466078176092	1.9704985288649957	-1.1668709939450213	-0.9780515106367408	0.2974532324373119	1.7966048140938016	-0.3266484795394636	-0.11248551734845787	-0.9499139209715111	-0.9093280797035953	1.853988802061569	-1.4215419586898128	-0.719097544102889	-0.35720846209536106	1.8674117552690983	2.173403067070047	-0.13748504511769544	0.07180524704635202	-1.1557596151721172	1.5547639935683897	0.4725141408499784	0.14464267327661254	0.9601276040960218	-0.3620634830770994	0.15551269232362164	-1.0036986568687472	0.38598559278218797	-0.17841573337625447	0.12207114895216027	-0.49051578300353815	-0.19929923627893759	-0.09313881934356821	0.8992744859526132	0.4114487120679761	-1.1847885871580977	-0.5667948557245682	0.36508100223897466	0.28332462896649696	-0.07488243224959747	-0.10036512572938937	1.8297183986485581	0.5827439259040599	0.7380494452321918	0.5803008606306891	-0.43048281873639616	-0.08379309859739896	0.09297735033255272	0.42308250672027803	-0.7438492223665775	-1.8013388208366874	0.9604871278878534	-0.2276602339353714	1.1942918943461909
DTXSID3046162	-2.446532808821135	1.2193289101050946	-3.8277090314214894	3.577896042849003	1.7972488148370669	0.9418986563307383	0.7205733498384772	-0.746176977891085	-0.7452873549520959	-4.1531515534749595	-1.0683455562857351	-2.369506023384898	0.79916226407401	3.972866486996829	-0.1772513539094096	-0.9553085971734563	-1.2343913576095271	0.6703055694905127	1.6659107097184649	-0.042639751761258206	0.3498588463429463	-1.4898182873655565	-0.2624380094182443	-1.029236264108346	-1.4129495870190691	-0.10695495974726336	0.9011004286156837	0.7143781532042246	-0.4640803225721877	-0.5058628457296857	0.6947729427433869	-0.3656947338080565	-0.7952720189879436	0.45500924760460004	-0.25666095287627405	1.1455297819185049	0.3445342665663705	1.4749000419971947	-0.29888268140312624	0.27566451180855084	0.3140382320664945	0.6799711817946874	-0.7949194660746649	-0.6563428277057562	0.1206076387394205	-0.5889283687590813	0.028623125222366777	-0.9132643990220729	0.46530806711936185	0.11356021485250535	-0.9607599779664204	-0.34303341623908257	-0.9144769655369721	-0.11850670386025307	-0.9099085253671166	-0.19352196591015877	-0.8684389474410171	-0.6874047765439903	-1.254282800513276	-0.9041717639704389	-0.4256012781478974	-1.3657388521848723	-0.1412132290186512	0.4221217729572016	-0.354972041934945	0.7203693989810769	-0.06358184121140983	-0.04414498217981285	0.5532866123919274	0.35636011288199226	-0.7431468401541564	-0.14948659138462525	-0.5627446842257129	-0.015624991166522566	0.059062943464696115	0.07593867694356587	-0.051266298853566226	0.30931223340329556	-0.8566904322594798	-0.4828587529828648	-0.40017065301055116	-0.13203530895018298	0.21525920631217124	-0.2282490211388976	0.162921211346787	-0.21598841850420228	-0.001122382151315993	0.06333181431049449	-0.17734884148002591	-0.24173789621752545	0.39495734300985225	0.23557012414551984	0.12383600560128162	0.30400425700439393	-0.15667855802400896	-0.18379393328355975	-0.11299735959832732	-0.28727669846483345	0.4898735547556505	0.3367948847647167
DTXSID1022764	10.778972169102586	-4.593840688866224	-7.470791809832789	5.813207453833249	-2.1569336184265366	3.1645818304758775	3.2860978909655345	1.1330078909871801	-1.3449430648658849	-4.221037093801007	-1.7939331660575912	-3.75958565067154	0.9770854531101356	4.713379517572137	-0.6437048016608597	-0.9719896641921157	-2.1940565183155227	-2.9924064311685377	0.3900040187809982	-1.7310265424373197	-0.5351667670120379	-0.337585194070335	0.28767721298306637	-2.707525742144782	2.2080227850907153	-1.064325410155347	-2.499857005770748	-2.666321720269729	-0.23945430427630693	-0.9292031946886459	0.8140729908751864	-1.9090632368100764	0.3892063530812856	-1.5143064974507394	-0.8513305225122059	-2.478529307926251	2.803816213946237	0.41432452175712114	-0.562013893138904	-0.5655155417678824	-0.49594016132763424	1.581756626450744	-0.37735536472171494	2.102872007137306	-2.8189020192578567	-2.3630718645782833	2.717983971040222	-2.6446947941419614	0.19590731059457817	1.6765795371884988	0.270136264551512	2.147628875825416	-1.3664401331059208	-1.3441915724836044	2.237000640598994	1.8655305153948392	1.0454630851652373	-0.343013204389594	-1.4090808603577214	1.619690781034171	-0.5408700268152513	-2.137851273332107	-1.5856116814222403	0.29792372205883233	-0.5198019377695156	0.21181741404433413	1.6785269864970895	-1.4389693412662643	-1.1657073397941664	-2.5142722142810547	1.953934168194085	0.08579562717472394	0.08289444084695356	0.48884030641798354	-0.844279189698368	0.5591688516583345	0.2630549800834724	2.122353135826011	0.0832766613966199	-1.396357341420276	-0.12577679764355995	2.0154962308021043	-1.5406235247311273	-1.0436330289970106	0.39746837604461877	-0.8622422708610347	0.9827851826564473	0.5862587001360909	0.9080794743376958	-0.33257857105554794	0.5749145665048064	-0.04295994920674315	-0.7765136879027849	0.7775010991009128	0.09944014854724037	0.2991760923304834	-0.45097876442658175	0.16821716854011645	0.7168270632062206	-0.27162116747018517
DTXSID9020667	-8.623592956393175	1.484160787738003	-3.140696545079618	5.350218990751593	0.7714798269857579	-0.16760358341737092	-0.15727510735328964	0.36801598060603385	-0.0741483779648947	-2.9622407187031365	-1.538345608445142	-1.3215880340591435	1.6096956987553033	5.241551149488819	-0.04199376291883815	-1.0785238014354974	-1.6668210121956226	-0.9705721365367045	3.1644197732695822	0.7482722485685452	-0.09493202102210774	0.41566788793131776	0.7447552415196831	-0.8134494431902048	-0.5220619402556576	-0.4395266186660859	0.2572508342106666	-0.49153603183295225	-0.25545996107498425	-0.7075839640075589	0.7494737260015115	0.4031913005904461	-0.49529731432445406	-0.2841595585689939	-0.540816380365542	0.5748162772635722	0.3664917071267822	1.3936934746642484	-0.09896154669592924	0.0817753591687655	0.030932688095781265	0.3345054386906077	-0.213238031524	-0.2550625781749259	0.23510703423997112	-0.7465550989845654	-0.3779084984727401	0.0032817178591078118	0.2736667765397817	-0.03998479852189546	-0.9497262312542774	-0.49727698194918496	0.2672540580461133	-0.6540087799037945	-0.5124933496900502	0.3829606549994483	0.14850221942726768	-0.5339194407150979	-0.6943874951571057	0.32108209367265406	-0.26986713035096277	-0.6547807788906836	0.4375867315888934	0.38857909078510877	-0.20066290607818776	-0.2696582468388415	-0.3165790726060679	0.20787381002006947	0.2772391333139358	0.16674678543814572	-0.47342274487540537	-0.5089977349951154	-0.27130198256690286	-0.28173450665394734	-0.1320068396375024	0.37364477071931895	0.09166781353511537	-0.09242554917628604	-0.8006708363313051	-0.2755191702167195	-0.1740147166568351	-0.39211889880723305	0.3105324484353483	-0.02751491316988484	-0.037109143174516315	-0.6094541478366152	0.2741778692081243	0.18132700817204048	-0.04569962930749516	0.27782576985259	0.21305838894009949	-0.09182809313554773	-0.1869544573495661	0.12422166546907135	0.007716208935178558	0.41471295937244124	-0.27173375629050556	0.2679696484243747	-0.5281825237397354	0.3337998521879819
DTXSID9021976	-5.9950593371783505	0.6755510597642097	0.3838545197765308	1.5254352214734266	-0.3234644763650018	-0.5465489572364327	0.5627093129162506	-0.2502793722026049	0.7158513200732274	-0.1700017637047373	1.1801122149974759	0.936558914914516	1.8982446907397457	-0.2785617236269778	-0.16773996200461894	0.4851144525838963	0.6549945823692508	-0.44079223968046094	0.6851437063856054	-1.3851817149904855	-0.6230443441118735	1.0277195220739999	0.4202176512246139	0.2214072071669722	-0.5395825128667379	0.3033785290777421	-1.318015090000708	-1.040084855018518	-0.9299131635762362	0.46498389536495455	0.5452292849314647	-0.22341053536744532	-0.7463082267604684	-0.26744642772083	-0.08616850816398001	0.4628239382975281	0.311710320120483	1.2212099968396812	-0.4086949626602266	-0.8123059387228115	1.2141830666028797	0.5509870392578842	-0.4907616926703877	-0.4598863809333955	0.4134668944304492	0.2870360175433778	-0.961789843283699	0.5474732362741536	0.478364133004019	-0.09189098672868044	-0.9108929445526575	-0.8848503723389588	-0.6762489221733964	-0.10915695153352308	0.2647680111761688	-0.1528033977606992	-0.20352397975459455	-0.23302361232402347	-0.10429426460836042	0.8935959141527213	-0.044927496049310366	-0.20834387490592463	1.0566874827826218	-0.9737923653651926	0.8390198701242975	0.17607865283419422	0.3294101720539097	-0.18715027122973377	0.6326359443388	0.35175943099802714	-0.04153303159298996	-0.4565557098672046	-0.03822238004283287	0.20381650926917108	-0.14430878389868876	0.7932005125116036	0.0709806561693845	-0.881886550508508	-0.40932172786103194	-0.03956413952568577	-0.6659763444210577	-0.5452277458235036	0.17907356399391106	-0.14367091225751336	-0.5768034353523783	-0.33783750556049524	-0.39457986678061796	0.0954426448386938	-0.04687982729490178	-0.01819525827267858	0.14701151559553874	0.42766283021386775	0.487790492624809	0.3217686870550804	-0.14561514130019618	0.09660202888986272	-0.35703572418183244	-0.027983757212584573	0.1973828700201771	0.45001818235830066
DTXSID7020005	-9.877687713654405	2.557727051682515	-3.8433797835143877	4.222558901005786	-1.9036882997755713	1.4174539643005117	0.28947531579389957	-0.07723470345360249	-0.5049014293173147	-0.972853116607406	-0.6954847310430016	1.2032772900476136	1.79486570944436	1.1341853831119342	0.21860650191526326	0.13351452731868785	-1.2421188319551828	-0.6088498702454871	-0.6360719286851451	-1.3724597824370306	-0.47764110176444624	0.8290079780756735	0.2678844524829151	-0.47238020408838927	-0.7510389788516677	-2.0654684899411317	0.9925316060149224	-1.1655656265966656	-1.8155701998906248	0.2604753050267134	-0.27512427297734354	-0.4352210602105185	2.151251430014532	-0.3396269780598322	-0.09537907409651715	-2.1247790748969297	1.6172386401428627	0.9343424193794755	-0.4061931437143658	-0.5991157714788732	-0.333678915029307	0.43556434218617385	-1.0096291069572627	1.6574955004972522	-1.6637022943173374	-1.0645565558969072	2.211888778732412	0.0012636246057774216	0.8161693068164056	0.18027236691547505	0.8343505339019479	2.1048288850154306	-0.8508039774995512	-1.6314806339802668	2.1561805921693025	1.1303047483145665	0.6900647559830843	-1.4107814567522057	-1.269777021545407	-0.7995101531812058	1.091302292069141	-2.0078687221585754	-1.2695534104094888	0.33021695105835935	0.4779986434645551	-0.3398592041659609	0.17483431767423102	-0.14658183748317175	-0.5450004265453847	-0.12916330490207717	-0.3303192287343875	-0.2699145213005505	0.3267017676540377	0.7578861627925046	0.12589348780999235	0.5770009659632322	-0.13995912003970057	0.33617664382575957	-0.9821484539186881	-0.4541225962501795	0.6798003056668985	0.22429249008833113	0.2027144700505172	-0.2734658882859889	-0.17638380465470907	-0.7139819941294872	0.7053327724896542	-0.24603704960018727	0.060141532314134154	-0.12011634917150141	0.13842942936701305	0.3867644800941086	-0.2432658843253854	0.02651290595695521	0.8287901194056506	0.05136558542709415	0.13910818852645324	0.4537447661833463	0.12589548209950133	0.13175784230815105
DTXSID4044662	-4.790157635538655	4.206182466823465	-2.5070303458932552	-2.7630275141104614	4.634207421312578	0.02075415204565336	0.789568914516015	-0.670811479915191	-0.3332452077736626	-0.7546201032903439	-1.8306862319968267	1.483864263202891	-1.1573979831937717	-1.0773702714356161	0.7252861615104425	0.23707831217067266	-0.3786317363847075	-0.028714600558716268	-0.1264737806070613	-1.0362448411780196	0.9362896463058745	-0.669173460830272	-1.2412485158695266	-0.6505933578080008	0.6901674516922002	0.8568899037090116	-1.563973129383545	1.139224754049682	0.330438603665113	0.3640278608825783	0.591586337976063	-1.1839995244165364	0.08921089595554506	-0.2350988790811346	-0.11591606872072607	0.39185945061794764	0.7650630298946501	-0.5995558002451508	1.4763862961831318	-0.023374348493190054	0.3709746315972737	0.006960149067219438	-0.06216954099794333	0.19210978674729667	0.11634352880595619	-1.566423777494095	0.5694987081447694	-0.47588663082048727	0.6321583831019042	0.33732063564889664	-0.06684458091111947	0.21531937164480947	0.5979247401880577	0.403991962505147	-0.34917290466234335	-0.20426652774740434	1.7184463856555081	0.6417890685916541	-0.5652937533988516	1.778610429408875	-0.32092068091679843	0.6263566210536716	0.8208896863673705	-0.6640478559993631	0.6939084681466667	0.4191629374233792	0.20855502255624322	0.7463199117157775	-1.3766186709325605	-1.7201254859685184	-0.18049382741052541	-0.5076465409157279	0.12461005405046442	0.3063621846551276	-1.0795781231414165	-0.03797620650981732	-0.3990707944273521	-0.1467260527357776	-0.1417179272396159	-0.46425970845022113	0.6016553711111764	-0.038196666199226806	0.3004892250808995	0.23943156654776318	0.41110582084183483	0.5499588594583762	-0.0028728549887587986	-0.606109703969316	-0.1330684492197706	0.16074447757143862	-0.032992415461483314	-0.1323281857228078	-0.14294947933625518	-0.2055183118910916	-0.11437000539659391	-0.4140514546892208	-0.48269835816891266	0.38037887241423113	-0.04609306404389045	0.6652061832387728
DTXSID7021520	-1.6503201064959236	1.2426914628113526	-4.573851125592662	0.677410431395628	5.184323408887775	-0.023500714736281	0.711274035748743	0.7750375997747788	0.9952942743890559	0.5276424717418576	1.5992938666401653	2.2189892483668805	-0.31241749729481993	0.5412642341346582	-0.8863682526061755	0.5613856749394696	1.6225654607781692	-1.0975980976057296	-0.9266176243940475	-0.9855879353535085	-0.929170601701228	1.3787051487314694	1.87838680278053	0.07976477716788401	-0.029251910277969036	0.767033651161276	-0.1603264501340516	-0.43314290458165366	-0.7758559670577879	0.4880119344775256	2.0380128860131177	-0.4133898674990493	0.6371883585461281	1.8093387967155492	0.2873125295959879	-0.24304848855532735	0.3074340928498213	1.213230211390496	-0.6720636326312268	-1.1841496466765307	0.729845579654077	-0.39824679173591254	-0.11876114748447282	-1.2294376991051073	1.2888135732542534	0.2931756026514975	-1.7292966157994567	0.8916641675823958	0.8478056241587992	-0.8600701205368199	-0.91283018930989	-1.743686175894571	-0.7634371214775407	-1.9499021578249032	-1.1537901939962758	0.30822260278074465	0.21260404301283012	0.29097797931059827	1.3235964304208936	0.16538320805454093	0.4344028451372486	-0.4118430039638056	0.6873246857909977	-1.1812866570323102	1.251902378204204	0.5669657578963874	1.8885257666609847	0.07724759446046488	-0.39322400798056556	0.7007227568082431	-0.8244323523083327	-0.3975554475560678	-0.3657462178940409	-0.08192836399958901	0.7792784574499728	0.8093072082400485	0.021785949519545014	-0.33696097607144865	0.5344126814536434	-0.8093814379274819	-1.523780029665622	-0.7232595441293479	0.2338996080678529	-0.15162083880240307	-0.22087927470896557	-0.943151421172695	-0.47849658533598366	0.4047420340365523	-0.04328024789326254	0.007269879419146653	-0.7998748388929754	0.5990623536524012	0.09058681943890444	-0.31210556098320275	-0.16360251151650368	0.10927638268132109	-0.9501306676511173	-0.9141705403307631	0.34591113734510825	1.4340588871042281
DTXSID30378880	-4.058221850910333	-1.3639446111069218	-6.089132442848186	1.661222960743003	-2.1577899335631834	-1.2850309304821943	-3.474426243408661	-3.7752692064184212	0.8583085135865514	-2.243508441614774	-2.3569559394523867	4.832096918807928	-2.105642160668224	-3.0333406394548534	1.0358386053756266	-2.0385343602915813	-2.040214559374489	-3.520111049021877	0.9417887478823529	2.4492485648542806	-1.1983768405581785	-0.3611620835627062	-1.2472914210388615	-0.5954030172433011	-0.23104295144451042	1.633402220095387	-0.08956659293986728	-0.07622280764578288	-1.0563411793303625	-0.04617065348384279	0.568203135242997	0.4942699954030379	0.06948553429969537	1.335994429692527	-0.07781529063936632	0.5278474547265855	2.1230557431297847	1.3808585002593134	-0.1566841170941472	0.861874559227799	-0.6299914168619517	0.8845152628338316	-0.1200297433564039	-0.8812424137060396	0.5235896321071807	0.3108582282477282	-1.049475918110243	0.1766518176221967	0.5358788041699165	-0.7577267189830427	-1.7486500374475205	-1.2948930629214241	1.5336554533809328	-0.8132029467388135	0.42096639511216294	0.10898396434115844	-0.0022638288453256075	0.767878824868577	-1.493191365866406	0.27727533750442107	0.04232343830536914	0.3881799078548101	0.48093214537086176	-0.17814670180310188	0.7781655017261944	-0.058625078556542774	-0.42101402852033615	1.7072173047388781	0.11050949866328619	1.1114169911116358	-0.8400163574399588	-0.8831871587382574	0.8349783858859406	-0.135628567897995	-1.2340691943122342	0.6006983002140848	-0.02284773768859648	-0.3978265941645599	-0.1465704421411677	0.011090175303348682	0.4156116505818746	0.4837460856143324	-0.9553289393238104	-0.31675870307362686	-0.018214526470513356	-0.5110642191351568	-1.1994591794274516	0.2549063845068929	-0.7386772009889635	-0.09076167020628617	0.5660736505263494	0.20970981533274322	-0.8864219499563051	0.2768497483011448	1.2617079727102534	0.49837027080376284	-1.665615361820991	0.3672762263496915	-0.7069916785368523	0.19290394449378404
DTXSID6025220	-3.702572520090959	4.619793887265971	-2.2145374070122905	-3.3833666172725816	7.093650909747539	0.21790154313233467	0.2610700180561815	-1.7064497354589214	-0.986145687645632	-0.9710601229774729	-3.7602517444860992	2.9138110266983372	-2.0316544675942336	-1.6203745241001284	0.7427303835609304	1.9651461342488759	1.2781169579461076	1.141569928501024	0.6831788179426163	0.3640799820043462	1.4257321650976444	0.04551209566844503	-1.0527007645088198	-1.4607639379385124	0.6550383359267162	0.009035473298188103	-1.6849773971229813	2.6967920499808837	-1.8276044738250818	-0.49106924680643455	1.5347931501496355	-1.4340508352908259	1.9779254279368126	-1.9529022199272805	0.8894851477849955	1.0327513997007078	2.857414531389976	4.003057167355327	4.231387890994666	5.130405524754316	7.58169024303177	-2.374441214052315	11.65788547228201	2.439448684714607	-2.635154283206989	4.686643381925816	0.19417037779983382	-1.0121626979371314	-1.8788210748173766	1.5298751079421715	0.5471015277885073	1.711794726713691	-0.6996252014413261	0.24830586232530755	-0.06877872647866917	0.5492199254562997	-0.31780265894259435	1.0697465335395513	-0.0630985373996232	-0.5805060615278856	0.18275615530364211	-0.5294144366882699	-0.481712255635161	-0.005552683459142061	-0.10691976412475035	0.10271379641374836	0.3407640107136325	-0.12265946492474561	-0.6593264833338678	-0.5528075169550857	0.32824508033698896	0.3633133016251397	-0.3337023145651195	0.1270816014630635	-0.19569390155529365	0.006331220518267528	0.05206504286632131	0.04924824923000522	0.35217824624248967	0.1380351855851223	-0.5056333922240988	0.3855213645600533	-0.6200115697907802	-0.13289666117581336	0.1858160248554329	0.2342429387635413	0.09553158169585287	-0.26471392230312446	0.3919934932088946	-0.0006345794242082164	-0.3669206045956927	-0.5245335777516438	0.047835159848457896	-0.17721048312195462	0.3118676246386974	-0.06448073647327601	0.24631647709376925	0.14352501425664313	0.034557559661137036	-0.1168106703443678
DTXSID4049248	5.818620232762312	0.4100164441401814	-2.3281575498211784	-6.195894703325358	6.993959465503427	-0.7129540613716033	-1.6484722831043734	-2.529583136265679	1.1391718587416482	-3.774072401245812	-5.364985086392114	3.690389551790342	-2.7454565308904737	-4.817282630221091	-0.5931675855617794	1.7011379998698215	0.34259040717993267	1.5672042453108477	1.307456608774047	3.9257885422252934	0.6755326457953291	1.4680049201696006	-2.724841596599189	-1.1231821686295163	1.5490179783406903	0.34060958316577394	-2.158150141066565	0.3399529662074741	0.41993526683564675	1.4722231578520393	-1.4235307667705743	0.689060713112507	1.5573494244176485	2.7528191784089278	1.9103166667122515	-1.2746966525092285	-4.953346016410658	5.404345984375975	-0.2546024849290998	-2.538226680038012	-5.761307152149174	4.178558118636931	4.99629914586418	9.453076289265951	-2.406704789068086	-6.078363836370205	-0.1837700966232416	-3.1264903129750956	1.968188424060015	-2.575741950930771	-2.5736563375109576	2.3203573868414553	-0.2728351279109845	0.3297974216157053	-2.6561846367550714	-0.5812733180961261	-1.3283212991918618	-0.4300704141820582	0.3981800707046328	2.1431981397515076	-0.13527042746817602	0.5775618503155214	0.3376662904047686	-2.317051360287687	2.138370894397943	0.5353448317624371	-2.902352286344382	1.4806573295288405	-0.7233722587007783	1.1728164032867954	-1.2901357186446651	1.1204015905102804	-2.991352362238742	-1.734012773098251	-0.3618212591783377	0.6144533749068051	0.44006345501618166	0.13140119794613198	0.5251602198191198	-0.22979575114368378	0.0978912405355203	1.6774392676031913	-1.0639912606964324	-1.13059723928473	-0.9358472480539223	1.4735277888423797	-0.5982564326287905	-0.7029975243166801	0.12611957885373085	0.3386282784100266	-1.8542026655558987	-0.115883894289384	-0.6201365150236644	-1.4735541657190112	2.9760819563234904	0.24038194687268374	0.22358580138840273	0.07701269026381839	-1.2406958397304322	-0.17606772003420912
DTXSID4047969	2.9603195836849925	-2.327054021827867	-1.122313299412231	7.822076903461723	4.334182353816548	-3.2285220050030192	0.4023033752251536	1.0835566229706506	-1.4494363795761827	-3.1959281360052243	-1.6061523857894975	-1.256180621583068	1.641309098610589	3.05799340952001	-2.251544395135225	2.004289760792094	1.5896105277736863	-0.6675102454180667	0.565738052862907	-2.1761528451374734	0.32136103696329765	1.962115716458343	2.3063765627536412	2.1350642473265373	-1.6039184011967427	0.8833799806679785	-3.6151475821073187	1.8781944712639422	1.4165884418531018	-0.6313864079268445	1.7281608004781754	-0.4082621886563851	-2.1444815512081092	4.464565048161169	2.8161299829728117	0.7715698488806733	5.988951181842826	-0.7632334242092259	-3.209476392669906	-2.561275820676088	0.28696502914964656	-2.6603699739751923	-0.19328100900444878	2.9611487389457634	-0.6668638864927865	2.545438065776472	-3.6199607674467984	2.9931075208034867	2.434560127259028	-1.2394651829507743	0.8920918585144683	-1.053762912877578	-2.1839051717103373	1.1370802765363361	2.0614502185363444	-2.722547666346213	-0.7449675883530504	-0.5942636162562923	2.2715080543933137	1.6289262782878988	-0.41882866539412084	0.257380675093288	2.2136878248980083	-3.123177419778716	3.0361915012687306	0.9663686874650987	2.1520140523576603	-0.0691294757428549	0.41965454542937847	2.205630831665532	-1.8317393320226847	-1.3384974216668002	0.3877804332929484	0.618318222097992	-0.3486937977281602	0.9062544140954767	-0.6046035357556994	-1.0757708403532238	-1.1069630761515856	-0.24680507366499785	-1.1925590066100626	-1.4224600057618675	-0.21061807997068407	0.01700401234244176	-1.4009116186661843	-0.4895033652626388	-1.1461696264597667	-0.4081242907081298	1.28091645045982	0.2838902931254836	1.1127096914220722	1.7269715776092107	1.571599322023046	0.41819452488429315	-0.6873656594978566	0.25157321711546193	-0.6273207386517548	-0.09675805824143954	0.3912251661873007	0.9614551470751113
DTXSID3022085	-3.716583477782805	-0.7518550001028589	-2.706273573117754	3.649809928447804	-1.493746163423353	1.2882534871918514	0.9744782366866314	-1.6660339510947553	7.309547583882742	2.1250659805858603	-2.934523563077244	-2.6368012261084735	0.03848990671613792	-0.0855514714404587	1.6595402351568689	-0.0806557545331438	2.021011803438791	0.3910797789262104	-1.297282533860645	2.4350133513008307	-0.2817091248069406	0.6850793146040884	1.3401928931781726	-0.4164854042000683	-0.10690750775526488	1.3536172265445352	-0.7672175196145291	0.24188154250241092	-0.3080696614973153	-1.0643210168251223	0.3188330782649834	0.505783211930411	-0.09194775909844123	0.5586026603651956	0.025745402202264164	-0.33887474286672853	0.03307367684408256	-0.27003199001162237	0.34245105198853193	-1.0206296299432465	0.21415242074411242	-0.24822074491181131	-0.16111995414549615	-0.1410892773463105	0.32901373971487846	-0.2329160362936993	0.09144345779713413	-0.2061290286578692	-0.5342083290545103	0.9425749293623192	-0.09408770950403599	0.6433234958708154	-1.172406139090711	-0.12803603372991443	0.17495995847652554	-0.07907257938504757	0.6072443663598697	0.8460834649554645	0.15864064520187762	0.07764856018320396	0.2755823198665892	-0.17468457140751076	0.34902165875900126	0.7396260178351503	-0.4055235032204167	-0.0991830525999575	-0.9322710042827799	-0.24926998612733564	-0.04263369190376423	0.12163551106188712	-0.4968531139757005	0.4714737638792682	0.3825370998718255	0.2633942757605623	-0.453926138172956	-0.4199397511308029	-0.6571026627258992	-0.043568710749647396	0.2587524223426078	-0.0767108592078203	0.021507729936909543	0.3053677580061222	0.060518111322664804	-0.4615513478767742	0.11270423407419408	0.0029241659376660783	0.26019210704221196	-0.06499730294185674	0.40695542225381787	-0.25550405212151384	0.351293220462066	0.17911036041740477	-0.4008562714332015	0.23330231974158103	-0.5460469856115635	0.05972657285494542	0.16119450206017374	0.06882806687115572	-0.2826074858742041	0.1455078545469298
DTXSID1021873	-6.150333410751737	2.6644139307546992	-3.2309391636093943	0.9155994079170507	0.02631021397011597	0.26953796465847485	1.101434781980067	-1.8920367441421322	1.466084062219436	-0.40068237405633256	1.789518141051991	0.807148039094365	1.4320058544940464	1.1096777555047945	0.423377766161402	-0.8669215447575965	-0.5102079201951976	0.5605960634998168	0.5981195339962763	0.8232576060190615	-0.7644971344827555	1.0616410614096594	-0.2774610410899222	0.01242244475366328	0.2331646283557957	0.08577928156324376	0.35730599065435475	-0.27180159262868125	-0.18476978932055393	-0.023069125846324708	0.12379015708882803	0.1508713015051916	0.49605497442400887	0.28400252155303984	-0.3966580019799432	-0.1399686668212527	0.3283064695637741	0.5775539894327123	0.3513213963045154	-0.5957729553898626	0.15553496402481917	-0.7320703979146671	-0.24030672216038712	-0.20142033667733025	0.4429306331792405	-0.5203507165421867	-0.12014930481509453	0.23929326711463153	0.38241164151329404	0.0967734207261201	-0.047532503506845	-0.11098691246240268	-0.2615247744471947	-0.31129424533780425	-0.2603966957379872	-0.45165578985125965	-0.4459594069353035	-0.7385697168402527	-0.4417782180940052	0.28263251885476287	0.1784586041117467	-0.10343042803451212	0.3422433227872339	-0.25187438826340897	-0.45669929247433827	-0.21290699304371455	-0.600499930806763	-0.2281638567582855	-0.3547493743723986	0.4750031201460369	-0.8304792934675114	0.22079806462609958	0.4183603504628221	0.4262451645302575	0.10173209454972908	-0.19613963140316498	-0.3116438354425435	0.5654545002756692	-0.3852482879876767	-0.35973660130305085	-0.6100548898293144	-0.17564665045250025	0.10535121129562987	0.15840572275904052	-0.4339808060777145	-0.2026166880737048	0.30897954648112613	-0.011500473069519719	0.06755029036889008	0.371596429902664	0.3720473460155967	0.03855938943735182	-0.3777346664100893	-0.2957801937496023	-0.34435565332509327	0.06814205882189238	-0.05823159446061277	-0.1369170854564007	0.02214509186310617	0.4942876206719563
DTXSID7037262	9.342005725276007	10.614075230411615	1.9094027331367849	0.23479602007703304	-3.75287034061907	-2.011078608901255	-2.9697187798985225	1.1275413410148043	0.2879351404647952	-0.05811242249688825	-0.680478630491614	1.434001086804134	-0.2864107255723272	1.4011436922188836	3.552259551312243	1.8948432674215896	-1.1284647111693191	-0.24252274849318808	-2.3047863749344524	-1.5592143886306615	1.3231806562988246	0.7609302949885711	1.5410671477459053	-1.4034752695600476	-1.1329573389927392	-1.6738377091520678	0.521051267746528	1.535576493787147	0.7968415050458045	-0.6865687583145857	-0.4116747395734613	0.38157831937721376	-0.5810001957523669	0.5517726178803979	0.6509402963293124	-0.14411746161697075	-0.46705662757573513	-0.3378652764819648	-0.8134414314224592	0.7220375649862888	0.5027728652730531	-0.7462183694137533	-0.11324857142895717	0.2704101897222576	0.7422727111672173	-0.6022102580649227	-1.0788742427228637	-0.7224529097566134	-1.107593257413779	1.1867645964477709	-0.5097177687938997	-1.2270846228951615	-0.730929665679357	0.050017257665574216	-1.4411831292988324	-0.12890122110634228	0.8142745864827643	-1.37230141508596	0.9739871928106247	1.2590871353742166	-1.0004885444171356	0.728819236650709	-0.4884669548935442	-0.10945741016848792	-0.32419258779493487	-0.20339616171716027	-0.5516596131044872	-0.11831283027940688	-0.06918681888583487	-0.12856635463019117	-0.8352728103442834	-0.2542535481798767	-0.2230661677874842	-0.03405167738249683	0.675150424199583	0.447808575811418	1.13413535499397	-0.21491878616467905	0.3575556824523934	-0.17211891009381175	-0.9803687724634339	0.12573746332099234	0.034648258832550675	0.3396855245632675	-0.20364464294152376	-0.3388271477196295	0.07733298049481047	0.43859362141702973	0.45633624787412197	-0.04385216034866219	0.5542458378989136	0.09834805464314397	0.4939644551879379	-0.08918515718695297	-0.10493079064814914	0.39686927004127315	0.02929552816246718	-0.22426758126152438	0.11167385824625517	-0.0011360620189412491
DTXSID8020123	-4.592062095804425	-1.6109839891519402	3.8111224656337592	-1.7652334217651415	-0.21089071292349032	1.2958711383445043	-0.3830070031200596	-0.2675806142582883	0.704323683103366	-0.6192492199778419	-1.2229779249177573	1.9164601716634553	1.8325503804577605	-1.286505661477587	-0.079095064626434	0.5668291898493384	-0.7559666662620235	-0.7699220236794805	-1.5173114905472538	0.9526610690436415	0.5017056861713841	0.13781905494522426	0.031779955405635496	0.20077980264720693	-0.9094640494370548	0.11602076268860298	-0.9893778122865164	2.7802111878358753	2.1247156521541175	-1.773256673738117	2.6614131123630287	1.3495937918398246	0.17735758601770482	-1.246253741725749	0.6758238427692245	-1.2910672358691793	0.07782431794168206	3.7236372995181295	0.5758971999355185	0.45673053023828913	0.27959689747680977	1.5550473808455836	-1.3141367954579468	-2.1324720596972795	0.06489687097757883	-0.6124601448744165	-0.6029126620502363	1.7292937049332961	0.12877005721702084	-0.299596111178359	0.9926407496437839	-0.7584023271948234	-0.29329857510768	0.7807949720765726	0.9032437604986252	-0.8291568907943491	0.17995143289191323	0.26186459811890256	-0.9900506445349238	-0.4106125151200727	-0.08424990781507141	-0.4962714742422539	0.26901950209403647	0.2944454614526974	-0.009602996273023991	0.9729000067326314	0.6359226584601232	-0.700142962469887	0.14272407622427147	-0.48918769512948457	-0.13002444241321082	0.15954355292592304	0.20839836786439228	-0.3312025975529111	-0.08172585270702833	0.5223979834265489	-0.35490907424112517	0.08916155996119321	0.09946440133648748	-0.1951034816695862	-0.2449242904695403	0.23172904525642754	0.4550910640745218	0.20559512502726324	0.4415226999302622	0.14095895554272864	0.6531806089308527	0.31919819675680716	0.33070145204648277	-0.09321202007627949	-0.44812896121718826	-0.4151751623215255	-0.2194695969823443	0.2823350477544127	-0.29065908654674955	0.31348229798813987	0.011580374205672777	0.34283775738418154	0.2665018839956535	0.030215231131930233
DTXSID4044371	-1.5850794565722062	1.1836463877451455	-5.3501201163875125	0.8427509154738967	-0.09384682747269497	0.37121026697165194	3.348455923138943	1.0850021957005775	1.2739680565418734	0.7936702242045717	0.8969359359337447	0.15431396260208508	-1.1041662504801348	-0.04633716578244906	-0.9914886211074688	-0.021193230288474082	-1.7603339814603582	-3.680366472130329	0.1662754833158985	-0.22301941253072163	-3.041976617177302	0.35827830551178114	3.4657423611444305	-1.9079167165300461	-0.7980772697603911	3.1425673523213287	2.616273318033523	-1.4530923024721567	-1.2310519222626475	2.1879301379664557	4.206317569667795	-1.1190585387399645	-0.1559888142645574	2.7125232579461787	3.897844776505562	0.669076195978307	0.12423905667303431	2.7659856865268218	-1.4285045180514053	2.477067074650106	-2.5006184743334336	-2.0985013260859033	-0.21978832685161648	-2.3429398832961392	-4.487013500165921	-0.2841826361010265	-0.13946721661695277	1.4284673386689084	0.22313242268825384	3.7594424175441796	0.16622641548513242	-0.596477472048778	2.899306990875467	1.7252199566495354	-0.6535024424658284	0.7754040743063648	-0.08872166222294903	0.8965374520363457	-1.8699983891251328	2.7912015370712346	0.7179200246334059	-0.1356075658221071	0.522978202050171	-1.9695733119756351	0.1445094148424961	-1.2978129760652977	-0.04563900992034254	0.9692192946768108	0.3398861959998943	2.1625244787480744	0.011119768949249358	-0.31330149608505337	-0.6409172927991075	-0.7246312859517211	0.31522975704716644	1.3867723630768587	0.14457155904775143	-0.3414958041443462	0.6088511790199788	0.583311474353647	0.3080567214361653	-0.013107827723530124	-0.14660267254240547	0.8591330785522265	-0.31691888222543596	-0.32261490602508425	-0.6065910507944025	1.7761392579980697	-1.310084878743525	1.1649559575107793	0.13190167022182722	-0.20650918598099763	0.008873270412497625	0.25223691983684854	0.8807934020562649	-0.24576979864033652	-1.8871435325007673	-0.2294529189070915	-1.2749624580129342	0.895769711915272
DTXSID3024235	2.5628240008583494	-3.022962868118691	1.8551851663436367	-3.5531690361464916	-1.6535005072186908	-2.118753077177943	0.7239473474271666	0.41872838517451055	1.4640696466836778	-2.861178132482199	-1.7366071748527128	0.7758334195750677	1.102366298163466	-2.5350324377953517	-1.5075210439482756	-0.05356660445212314	0.32977981246068755	-0.9215953746534081	0.42052714933982227	1.8955712997064353	-0.3980244431610611	0.25675891113959315	-0.752110262489001	-0.6491140525512913	-0.3872555798185823	-0.9628299233651125	-1.0531718919646353	-0.20681690419085264	1.3032550476576736	-0.06606425763074823	-0.7638343947788085	0.52661919431523	-0.1968047735698451	0.3498014432668767	0.4073670476991532	0.09334003858456767	-0.3452690569773146	-0.7082375367943707	-0.811087841123307	0.06562980942919266	0.6274707744689695	0.04426810869553846	-0.11599480748099503	0.37467348168648745	0.10318835646216679	0.04737487300412588	-0.3082919022107985	-0.3742033730874904	-1.2023912068191127	0.33938972573399906	-0.17794473299262	0.33789820929905956	1.7880134881521583	0.3865842935460943	0.5199168508893917	0.17946158944935403	0.9209239316386914	0.20053152101884328	-1.5290323382429922	0.24491575145749134	0.22068110729649892	-0.6916469299795598	-0.4693227468924431	0.00556508597919451	0.12821378631560995	-0.9341316148244974	-0.11718886169757332	-0.5372282798071039	-0.3660046627200052	0.262876365319912	1.6889562037848391	1.4360128327602568	-1.0398369255627313	1.2501255644572624	0.24383365923258896	0.6708072273189849	0.08921816682175591	-0.48453187358731914	-0.8084730798354256	-1.4484693228846148	-0.9160540657448584	0.5903467627966175	-0.5985013450888504	-0.8128694026457151	-0.6867319088895821	-0.400855740044709	-0.339117606094613	-0.6390325553771166	-0.312313676994995	0.25060756506598864	1.0334259228536882	0.23681071502787246	-0.06323830989669756	0.5672149964767721	0.08372712099733394	-0.3950384110434768	-0.2743518247287175	0.7853908461048524	0.03331376856827691	0.5515972642179594
DTXSID6024127	-7.8730368700603455	4.432956242034943	-1.503001956250734	-0.9951161358218467	3.556958262490021	0.44419931081407177	0.7048413371065043	-1.6346872245135644	-0.641486445897806	-0.256104220124863	-1.8708359300691646	1.7626154335572297	-0.2622046544467706	-0.8031664303534902	-0.38673525360305544	0.8812726370165201	0.3970469772412154	0.6745372925514268	0.20183887057651992	0.5704838030173829	0.10392137710530715	-0.38480364996729555	-0.07498776204721573	-0.9560743957157621	0.04488417968942322	0.04502709064165712	-0.4592934189816688	0.31370226960955017	-0.2657130391717833	-0.48761343123747886	0.39546658371525817	-0.35454709789267785	-0.3310123534571487	0.10077187476096094	0.435465765837743	0.6683574056156869	-0.07053926118153662	0.026688483157924825	-0.27958207364664933	-0.022099476489999575	0.22825111749740468	0.3639717324761208	-0.2676513158398245	-0.015337628474109013	0.045665410017607565	-0.5419166402828329	0.17328860398215207	0.4337423829924353	-0.06130514579674385	-0.654299237134514	-0.12153956447542967	0.141679793523498	-0.2521141062954244	-0.08559920198055057	-0.04453017954187697	-0.1769862328240423	-0.1518337179620555	-0.1836088387193493	-0.932690771351389	-0.06782683934236881	-0.2483770341553099	-0.12328234234411546	-0.4207505358042134	0.07869788118415669	0.26661423842783033	-0.22680108559803605	-0.17541906118456155	0.41052066456663605	-0.1872942870892109	0.07456800464489372	0.2240405163860343	0.01574514854814812	0.00399278180608161	0.19084826312182127	-0.31418198230364597	0.2097588231451417	0.037008549303677404	0.1631914802548793	-0.24452734416028712	-0.1983929760449908	-0.20282779090454245	0.31706365493605426	0.467020511733156	0.11426049772368523	0.277435327515641	0.20931391001280028	0.03607215236079549	0.2890001444299341	-0.35823889223441463	-0.033016514401232135	-0.0651598520685939	-0.011537319324162108	-0.5114516612782896	-0.22222035506646334	0.0456543424613851	0.11789824820074916	-0.1763048989125451	0.012225527174080342	0.005057738299587512	-0.07572888578049351
DTXSID5048685	3.5250965184203107	-5.050563519869513	1.9816395188053568	-0.7344739813517339	-4.147561539533038	-5.161192013403346	4.096578036591787	7.903648612809976	0.21728655345320014	-6.27622498322541	-1.676309031673963	1.4038875833315545	-0.22662308781021615	-1.404863341582539	1.671919661265858	-0.049433813976783675	1.5864782523650551	4.2828997531963715	3.1441714651715134	1.6280057740599843	-6.6837672566735895	-6.145067501066587	5.402629434736915	2.6992250131688285	7.455831681918905	-1.834743284464455	0.14866747755217585	0.3855544595238028	0.1767927517966819	-0.07236693032688765	-1.6414790750389785	-0.28843118976027016	1.587209382405781	-0.4675865370463104	-1.1791663356628939	-0.6112741038446771	-0.5222653550120939	-1.087290068752351	-0.2736655482592998	-0.9211649520180968	0.011142083559977057	-0.9424746777862395	1.1638213085353202	-0.848345887391925	-1.1564210836115538	-0.30344426833666677	-0.8976360332572745	1.6575599061379267	-0.5507637801199747	0.09828521624100565	0.9941035685106006	0.5696766580140419	0.7944523170391502	-1.8150621821663286	0.18271963206930653	-0.6807038705415307	0.8217153536950379	-2.303007168631347	0.7488313832965292	1.0876602056302975	0.5831308077496054	-1.5045336788306218	-0.4965342283996197	-0.854741455469073	-0.9914722260897307	-0.05745320299633872	-1.227229732773848	0.691422574064113	-0.8645719565217984	0.1093453762497474	0.012157134637760747	-0.3319142410975433	-0.49139899503529005	-0.5651677165385647	0.9887057151593873	-0.3598728346133012	-1.303171767184778	0.349279990919927	0.7658801741775065	-0.6524446786680355	-0.2624133628564584	2.024943327396009	-0.6485877055001128	1.3195671593886646	-0.253353834145849	-0.42839315012566004	-0.06173904864145671	-0.7107195228002201	1.2236453470156663	-0.12292728120278304	-0.04382719603303324	0.6602250862231684	-0.07007537674925163	-1.2550092664671801	-0.2375702852948657	0.13296778979046944	-0.11905658458766602	-0.05024500601211642	0.4398418432855069	-0.4483003174120448
DTXSID4044878	-4.727453025275263	0.8657442653541144	-0.6106286486076725	-0.022663531391890094	-0.36055431468907745	0.8366301135188587	0.801682680326007	-2.188047635648617	1.204796647864146	-0.32758540322157664	1.7379563951530097	0.7417765177541737	1.567464314311396	0.9349873715427762	-0.29919836201380395	-0.5618223494787247	0.05055419024744253	0.6727919038282113	0.2693602119547513	0.6323814717710415	-0.6071099130999866	1.079562109308198	0.2787044884821144	0.07264348556949973	0.4536988009072261	0.16188998223024365	-0.24885269283611045	0.24218714023362112	-0.022410867333206897	-0.10189840224651667	-0.05121129482865313	0.13595568334910432	0.2731121126058149	0.5865260525071703	-0.05217109389147347	-0.28684742075870756	0.6276258642645115	0.8742255452547734	0.04797858930092513	-0.6864035181938636	0.3369150610077317	-0.5838107327223657	-0.4368322608811685	-0.5113696215558182	0.5263068739989388	-0.31566052100611786	0.01753317340704311	-0.1083953916981457	0.15455406555422915	0.5191279457843999	-0.29726574047404214	-0.556609832551425	-0.23562965470103472	-0.2521031776551563	-0.22770203117106697	0.3225400319972319	-0.16856870204760302	0.14518377941001984	-0.3699659911068079	0.007034940081909313	0.3642791006787327	0.14464523487545516	0.30077015110761307	0.13245241285890708	-0.6169791110306307	0.0344906886846678	-0.23263937525638914	-0.5548735989964301	-0.2465291722161307	0.08102282868480737	-0.6247443612224699	0.4741032872578492	0.164171709466007	-0.05444839687407149	-0.10607837469439756	-0.27282954408685234	-0.042404952984494565	-0.3343389960417891	0.013860800737317483	-0.010667182538109452	-0.22726612013882122	-0.1595398850422599	0.5195752921971702	0.030302726779825255	-0.31407809311569235	-0.17726265784758008	0.18757516612534658	0.22331640413079293	0.2676739092709637	0.04321704842677741	0.2129168772846609	-0.016011672189463644	-0.11784572233753979	0.039683110292022816	-0.10517190477822752	0.032125986673136576	-0.2696159214742112	-0.050738774313756264	0.02450844618982622	0.02118671020152616
DTXSID2021868	-8.13345749276367	2.2187019841690523	1.5659206636644032	-0.5485294117168459	0.7477664675817013	1.0889341467615479	-0.014701079988537728	-1.0257093503191852	-0.4206042578830443	0.25021637674922576	-1.3064607428420987	1.145076355515913	1.4028151677762557	-0.7776853980343595	-0.15865324740069023	-0.7715260231845665	-1.323934343970403	0.47860402669484436	-0.45123484632884375	0.8003448178157969	-0.4046968321944825	-0.4722272550331032	0.5719778303056979	-0.5704961736031595	-1.0324600789381955	0.31736654897217187	0.4625024242503329	-0.7850314696797817	0.584945195365088	-1.6189200729547233	0.9835121456609395	-0.03141248298508577	-0.4807700391524469	0.7863828163587311	-0.11923844668479343	0.4801214369420251	-0.828657072343582	-0.07774986747922837	-0.5674773482676606	-0.03920409770970821	-0.05809053163082576	0.36562762454894676	-0.1169086652555153	0.46009451248292305	0.9546571896054735	0.6706960403604293	-0.30712912045272955	0.1557575017730964	0.4448942221291653	-0.36299411300835893	0.09449247874338793	1.4594444821185004	-0.5231647465806613	-0.10876503829748506	-0.0547304609828129	-0.12265679238763375	0.22328060128085359	0.7419593252085223	-0.22454377642717177	0.05326887456850417	0.26485527874235054	-0.43204816599800566	-0.4193131936268143	0.0831779364348836	0.2579427720866993	-0.46402910818867876	0.2630579294961997	0.05443197242360288	0.06009031218492846	0.07768827577365661	0.38162286416610863	0.11535395535932794	0.02904803165971064	0.23800275844355548	-0.4163096666400201	0.511077534330269	-0.032127471551983144	-0.12724581436608334	-0.1202126398055518	-0.4221756249365954	-0.584731169236277	-0.37713706435383465	0.05384796826907592	0.19328652927671766	0.22711381274272366	-0.2103689395416788	0.24215321403925164	0.2768711147897719	0.16651059912702648	0.3653119586903653	0.12554212191019573	-0.5127456325569494	-0.4069374967879618	0.1455503162629097	0.1574862691509565	0.3390266149781484	-0.19017226536848533	0.0762798543218449	0.2902357613680197	0.0957244800679842
DTXSID6021165	-7.460440619713659	4.159233979471865	-2.1929219375545728	0.5266596603345711	0.24408002423714786	1.3564707989633704	2.8439834947633087	0.7919549299034231	-2.4474849521368016	0.5329044176207783	-1.3209580964383305	-0.19473708145893465	0.14506232951452797	-0.8499523311217353	-0.6998571954848525	1.925595662144889	-1.524191559506636	-2.1804789184767617	0.7922413310092185	0.9971839021174828	-2.5434969282114923	0.5964813382243614	1.6087824412494807	-0.234953363242882	-0.8929008731006849	0.7557943403814211	-0.6540007499634074	0.6807647592574105	-1.2186893292703753	-1.63030057776271	0.21099668546337663	1.2741408972344799	-0.20935228838773576	0.0362104976118365	-1.053007660323844	0.5331138660694728	0.6286427633344994	-0.3367942652795089	0.14485662473892474	-0.5058132143720224	0.31990303584684	1.2092690595736608	0.03407086742144959	-0.24690741876586175	0.7207843073679358	0.46026551978116376	-0.20607176614997044	0.288716687865046	0.2280650259325115	-0.22722304121629747	-1.2155119946742632	0.5526420180369301	-0.3187302853776736	-0.24533805001098433	-0.5002571404296471	-0.9311401992872043	-1.6942933553604114	-0.35145294633624174	-2.039672935421109	1.2813111400916324	0.752060342573554	0.8149247503141233	0.12198797596274318	2.41022511380535	1.916016742198762	-1.4641361909925081	0.7750660179170006	-0.2285216596859426	-1.7945455498183813	0.13613415087233158	0.7186058599118474	0.3873560684658812	-0.7123354259284405	-0.7019915109787922	0.3080574621630618	0.3778955241592071	-0.8134146841459649	-0.3340107803945898	0.5760580899665017	0.2955535234855496	0.7121503773985307	0.5472259680360371	1.2063038242509108	-0.05589052659113429	-0.5870030600037413	-0.1223045119237258	-0.43095062536420914	0.5851447895428188	-1.0296437561510965	0.4585580511656899	0.1755374323985377	0.3481612415558848	-0.8016139074790755	-0.18039723464374152	-0.6020140428091888	-0.24239598907610346	0.23186935742568124	-0.15612191156981725	-0.6512276184795099	-0.34390026712502897
DTXSID5025023	-3.393924579668311	8.36507326005991	1.4511921234093992	-0.6102136657549537	-2.4298601784427825	-0.2838240732181159	0.5459887499470031	-0.004531401553009851	-0.020238001520858515	1.4080955467747778	-0.2901166297368078	1.162158693943239	1.4591169644900754	0.48572364665492734	1.999877288781255	-0.27875079212837234	-1.033020895713576	0.08332972557982918	2.050695986537101	2.6453816857289527	1.2937362442182814	-0.35345159212970473	-0.6746691745391205	-0.5525967361068467	-0.924230804764528	-2.523535406365653	-0.7296237767149342	-0.6601794409013899	-1.106647878151885	1.326856184183608	1.0765201615583269	2.101637807917248	-1.8337962306398874	-1.3224921515456163	-0.8017336694396323	0.817756077900311	0.7130645899716727	-0.13961342793505657	1.7826355277470973	0.4617376625553774	-1.440351731244843	-0.5421353674556278	-0.23439651233059683	0.3645733952852429	-0.5797417099033807	-1.9216559879362167	-1.5113648904115649	1.6186608321871125	-0.2914630924275625	-1.0466522642362543	1.1622511784326361	0.08658229973188482	-0.1338408484911264	-0.2917092847861459	-0.24027504224114551	1.5145816440878108	1.7151579889173796	2.7904803626450594	1.7193309902028537	-1.1630020078104542	0.5331282048541766	-1.9675299044455816	0.5618863698549559	0.9162794690224061	1.2915143621903311	0.09296722307818522	1.2111834581523524	-1.2266928725277642	-0.23014343599215975	1.2110680995769616	0.8369698172954467	-1.0290198201644591	0.750429788375957	-1.235247780133283	-0.0629900793509482	0.6635438493199542	0.6431538198838642	-1.165448799145463	0.21786434765662172	0.9596796980730042	-0.8956269656580234	1.4398222229877822	0.4571731631676145	1.5902815802222148	1.197542015220436	-0.5030983578878003	-0.2199887527139128	0.1687590227246671	-1.2283207718644138	0.6844670244903618	0.08314111770591787	0.4473293949875159	-0.8679825207045232	0.6741076900673599	0.02329045627145054	-1.539613128751794	-0.035169395364113086	0.6458655083184806	-0.7609899061662795	-0.3124153919921146
DTXSID8037706	9.879330386841964	-14.415046518932003	-14.244871763672446	5.3007248508066285	-2.22387756714199	-1.9578542088281414	-15.88387506359746	-13.230683274269422	-0.8016900696712548	-7.092156408821703	-9.808219410231166	20.635108142449383	-4.795117717245243	-7.599271938413455	2.287485028482801	-4.250305748640239	-5.35085835515841	-10.290942985630046	1.466970476743326	8.624128561241418	-6.8372917367864	-0.16476293243979043	-5.410531354902881	2.2372807225191558	-0.8760784190127983	8.14353251273573	4.994249793644723	4.239170519114935	-4.734197702116363	-3.4766021415107646	0.31706241273468927	-1.0794032453742648	-5.351088580126424	-0.10596875783669954	-2.1841385755550675	2.4628716975774267	2.6064299030843867	1.3770306762909656	-2.4751761807962884	1.886802956113948	-4.032887267724284	1.5863334953571795	0.8095383758404695	0.4763806743781351	0.07544620396033228	-0.26935425339352637	0.7913902809926966	0.9052958614383283	1.8585222209568875	-1.9184827664404618	-4.713437278124549	-0.9755227776719543	3.6825621500927865	1.9645242619731997	2.453360361358983	-0.5885177335621057	0.2683415475093237	2.4267775638537	-3.2972976224947366	-0.56803260749686	0.3561223488076573	-0.010676199916067426	-4.242684446794902	1.132910999841318	-1.2500041912958388	-0.05002272727604499	-1.82710295181721	1.713585818081802	-4.160987312688409	3.514123723887476	-0.7600123520176754	0.5515591315051428	-7.192192890108836	-1.3912867795689654	-1.7226960562639224	-2.988588296753303	5.337626898229917	-2.596262996072653	1.4999445904650128	1.9146701533571782	2.5830245397372966	-0.022286892476313186	0.5922248764207779	-3.6184751007073848	2.9757043283180025	-2.1804430475416487	-6.622559128309566	4.958403568401684	0.06769456306221759	-0.002729788059132871	-2.9586682955354533	7.1478353588070105	3.4977335446748405	2.6994641092664424	-7.838914422636466	1.1325087144965855	-5.429527382671858	-4.2546838978190324	4.773724880515687	-3.2950772402346686
DTXSID6057663	-2.578917482439578	-1.0189534074717335	0.6698261525800552	-1.1621427876936485	-2.4854668348441216	-0.9786670449657549	1.4833909077419363	-0.3191942578589015	1.053510385307611	-0.7989999841738029	0.11177392153554239	-0.5207044017120097	1.3578838900224257	0.04361086183679317	-0.1301882666540057	-0.6374029162611354	0.3869476381687185	0.8785473086256281	0.45064766892418284	-0.2806194407203182	-0.51773704750427	0.2065512836061622	-0.7998772645235626	-0.8229240275889295	0.7499868480402906	-0.5148662415791739	0.3601207059282588	-0.6189589961236255	0.07263184632744635	-0.47008826694607975	0.3913437698114202	-0.8237801080800902	0.4712085186043859	-0.11819782228528489	-0.5129088505114964	0.7137675835911257	0.331880980992432	0.2610591855609984	-1.312012558847324	-0.14743718830406208	0.1491731672201701	0.0620095223972632	-0.09948400928581998	0.039815642396408654	-0.16616280568151953	0.4235633586666621	-0.13459104601119612	-0.9682222471104841	-0.00774069351060569	-0.6362463632012875	-0.1570362736582493	-0.3451014311408511	0.6466600898181969	-0.1408314607479332	0.07559160536760796	-0.2943253412947626	-0.10265523409935252	0.03599911496891101	-0.6539824755568224	0.3589027250922374	0.3787132256032289	-0.8957678111246055	-0.3535119526883036	-0.5225862993787416	-0.25697879150889114	0.11383252087164371	-0.3291402716885664	0.5308198660063942	0.15407841472777511	-0.08508045238596197	-0.041195064612948605	0.07364126090801758	-0.16657364870677632	-0.5375346486086358	-0.5813692609166383	0.41801402311493835	-0.8122101428778832	0.5207059680742084	0.5657698660365613	0.19607130605492334	-0.4258506671929898	-0.5364010264808023	-0.10568473288840642	0.7681266950042757	-0.469062173199911	-0.26289749424260345	0.36463007497160493	0.595475966266277	0.09700492541200928	1.0144131662355829	-0.07574610663522459	-0.38346558372687317	-0.47668774512812934	0.2890197122978118	-0.5269902544442995	0.4335420962125643	0.1660007516942982	-0.22192077114206998	0.02054587046763732	-0.537115789397899
DTXSID2031089	13.538795881080311	-7.798479185091174	1.200693624639539	-2.742969595918565	-0.43618554486672684	-5.373702626853728	-3.9539616318579918	-2.3650516485871544	-6.3372394284198155	8.683120681782642	1.3435130197944516	-3.1183769977024483	-3.8735010118480337	2.937461308150371	-0.8097714127570665	-0.24295673100327625	0.5927155298128113	0.9005131824139491	-1.1518219712524742	3.312721133132976	-1.2901966583936304	0.7713395857503185	1.2267190178839311	-0.6183769384041438	0.19921043037636904	2.2636798284706092	2.5203233836922903	-1.5496676744895674	1.4268545652695082	-2.611853918283165	-1.340780624829079	-0.7071899066635039	3.025303828165897	-2.893529767286811	-2.504495921058173	-1.3523403885754774	-0.888318189045765	-2.623132925790172	1.8480303667720046	-2.715439772615673	1.7994362765794274	2.2598213620014795	2.728745870614326	1.1885011559910383	-3.0463795787423447	-0.7402754841992153	1.2548413527685305	-0.5028050444846087	0.38500562817533834	-0.874963946787208	2.1703075965071075	-0.9973088322035225	1.3794629277551755	2.6000039766352017	2.4241702008276125	-0.16250735951463952	1.4979969882155275	-0.8912281762618776	1.135387252724405	1.5124464510512452	-1.2485216754921862	1.0599037565109681	0.9125516889038566	-2.2273349556545456	3.368892492111463	-1.7393671900107393	-0.8732363095322139	-1.9874960280455207	2.5649883082675338	-1.2378566654752312	0.3771496652807425	-1.1324072929614257	-0.906416623380478	-2.229204955444306	-1.066711677345757	-0.9762890267197565	-0.06259686487686111	-1.0694915459537417	-3.0832729497266183	-2.2561689536700005	0.0542947718624049	2.052356280878283	0.35499174596519056	-0.03190163539412697	2.127349401780353	0.46503181653051756	0.2978539626065334	-0.5704218715347606	0.6136951004795164	-1.2511569217618161	-0.6816304311343344	-1.3997524234138745	0.010143766810151483	0.296184685789776	0.35641501594560887	-0.2098418516930548	-2.02631288889346	0.07983990400092213	0.4225892855162691	-0.6563948027330131
DTXSID4048804	8.944215483989632	-6.695439887931785	3.7772100303223035	-3.391186781012226	0.4702645060209667	-0.7389495098563976	2.536044347945519	1.9761574223454703	3.486150812765988	-0.287762941484002	4.199100189561864	0.36918464520393635	0.8068795446298432	0.2568438870750563	0.03999303964102142	-0.8150106964547177	3.1930092980158213	-2.3787081788983016	-0.036424224262031166	-0.46333817365077357	-0.30471434516581686	-0.35258326733056955	0.45840438378687837	-1.9097263428443876	4.0386729056823745	-0.5395229566576047	-0.527077166439201	-1.0202335969142913	-1.1865268641459077	-2.223837376571176	0.5689069110437602	1.21073022024755	0.862392603372867	-1.0235209999774368	-0.010464785102660698	0.3836308683082264	1.277569516176	-1.2549486921521584	-1.5526990770625386	-1.4567907803648745	0.10115549506052886	-0.20401999523013709	0.7886524798022276	-0.10074538857205367	-0.8188897995744492	-0.09276167729513822	-0.6909426646898906	-1.347392945071148	-1.6322753788797897	0.4222208634940143	0.5844000986808986	-0.5154177466528627	-1.3593839389929396	-3.06941523025837	-0.7212534767854747	-1.6102110218166379	0.36168526007157564	-0.7806622962430757	0.14091221499464307	0.9647082689003504	0.6389233633393806	-1.2265739716121615	-0.5081743859918777	0.34656075812156345	-0.6094848363484319	-0.13337259349833053	-0.7291929792633397	0.785842430878977	0.884069652861425	-0.5526947470931506	-0.8022538978410584	0.19531911038885755	-0.20781259049047002	-1.7163805378752743	0.3609528260349407	0.586340866074555	0.45512695313103435	-0.16908254086066005	0.01064850695570651	0.35394145868114846	1.726610324389965	1.5662780248107167	-0.08687920127715519	0.6980193054186133	0.8804333469261164	-0.2775413864218048	1.0468385677687724	-1.2755604045876303	2.0079219878716548	1.1803818853104788	-0.4426232339624315	0.8735004632740944	-1.3472252418407908	0.1815490787610963	-1.6078869823439121	1.5688760053539386	1.4717862448333203	0.1533201461604439	-0.5811079499412762	-0.004605110563006293
DTXSID4044454	-4.219179598259105	1.8640372407932648	-5.20524852501099	2.5923811526637177	-0.5923621143164947	-0.06331579273568323	-0.5245533842263197	-2.6273849415808583	0.8120685241540361	0.5824255348255369	1.3904986369843952	0.9269645183271348	2.576410980841422	2.0983741291612903	-0.7553045524202368	-0.4742567469975997	0.40493216587579656	0.6585248841684274	-1.3224926888838935	0.12923366945673423	-1.1479860281308798	-0.10345287460759028	-0.635163270218147	-0.5165891753813626	1.7017451640150272	0.2653412183016376	0.6388552481063131	-0.22893020921562635	-0.12474059020291964	-1.1158683747946645	1.0400865315167651	0.705965882585955	0.19686365815679044	0.7514693160900516	-0.6611068087056924	-0.5889291042005469	1.3085904156490662	0.23110381811969788	-0.23242359399528073	0.9509081994706179	-0.16790299120465718	0.30792768596648695	0.1716899059950383	-0.5293213186063873	0.08458605166320869	-0.5334353053310213	0.36745197670067703	-0.13926122689151382	-1.3079231693244053	-1.2029898302187725	-0.5383532071009143	0.5087182678105178	0.10298082584218897	-0.4718427434774077	-1.073931620635864	0.38488863877710566	-0.06468036840828854	-0.6501281482781446	-0.10286501830804881	0.6464140902843413	-0.07554281482310721	1.5599119635762237	1.2124621179415396	-0.4870930270515839	-0.3736961815375604	-0.9566351120349116	-0.5658898323815483	0.3519221863031188	0.29867546834943115	-0.1439693323200557	-0.16448421813683553	0.09140819012973651	0.07197634918473075	-0.4818221961427652	0.46020226775001194	0.6794837629026901	-0.2567156270513651	0.253350359558792	-0.08680614311516202	-0.5154100567011545	0.5151597737711642	-0.4796606427338442	0.30473400732045214	0.24155388521307383	-0.30326478934385653	-0.060123807499827445	-0.6443125019997378	-0.06070031223596458	0.3135492324510117	-0.07281372903336614	0.3901062378408151	0.40997833649926896	-0.608141646352046	-0.016587678795484558	-0.38454039642540516	0.1256676192474197	-0.09270319615400854	0.10204901568281037	0.37928125893846515	-0.15144034467539694
DTXSID1049302	-2.749806140400508	4.1227566027063896	-2.0666909832779794	-3.995432851705814	7.34272804946423	0.30307746300736044	-0.4289588388323679	-2.2809700470119196	-1.2921454752926986	0.1567198934352177	-3.694980007850632	1.8047136541005713	-1.6765527825882902	-1.117374352478853	0.19072343175367357	1.649036195710786	1.5132765511390303	1.1549885423896182	0.08473920608873436	0.32683913937086073	0.9185141970518111	-0.29831454277745667	-0.7339297564912207	-0.6838284406984546	0.9199489980883319	-0.20664712241425756	-1.6063517110063654	0.7685718575725584	-0.6092919205030622	0.2383920017047345	0.3105404396936487	-1.1726355881939803	0.5615266651258611	-0.8982051008868325	0.3163101271803386	0.9284489145150384	-0.23989599858154168	-0.4374139027146443	-0.07429114275062611	0.6099827835808654	0.02594492555168699	0.1562044969380007	-0.47945569211274697	0.854340914512176	-0.733579119652989	-1.0914570328801512	0.830969985213841	-0.15147424331618267	0.0872310165333454	-0.8239040677978153	0.2982187982264859	0.0883095407342083	0.17698071295041906	0.7006414982180152	0.5161889842447375	0.28937364567113444	-0.26197783884999404	-0.08617607153403567	-0.28284900945553976	0.2871735700374663	-0.019505289161752707	0.40697905698334785	0.04225971157897237	-0.05675023343189453	0.9358289131655574	-1.242090499132101	-1.2209783095922073	0.5551135884192131	-0.06961383436350113	-0.9899106539378683	0.20864175167626905	0.26123321231553964	-0.2957699225020207	-0.39261771250968636	-0.8070782136574259	-0.07162478685174554	-0.456585505904145	0.3150366600305549	-0.26236071211657347	-0.20764235743193976	-0.20987797415141748	0.13425671594370173	-0.19042092908976135	-0.059009682041161346	0.27469150065680065	-0.17928370760269757	-0.24356654912618694	0.015081056944404628	0.3319247482115298	0.15431899793789577	-0.2789788470441254	-0.3796164950560197	-1.0612729438794877	-0.4931195812690396	0.17378111173570424	-0.022708235143497537	-0.5052405187444744	0.07516297526122954	0.156964151263245	-0.4378611256243808
DTXSID0042086	2.4841445770463264	5.282839760871777	-2.649108824132151	-3.857398016321222	5.411796006749013	3.1268214139082287	4.390889749124012	-1.5846693546588781	-1.251868527541954	-0.8935152132396966	-3.2071651768330707	-0.14196656733268168	-2.623980900112387	-1.0147676459334696	-0.5748846124005591	3.7373139850251667	0.45219751638354944	-0.6209401049438606	0.6431679177064374	-0.48126421343720877	-0.6177082308810418	0.25432000436056235	-0.2910165926744948	-0.40117342075047735	1.5817521885167698	-0.23915972366203767	-1.7317947586342173	2.1687209861407246	-2.360149750943456	-0.1728179397829414	-0.04474613745748601	0.2638914987889212	1.0550698652770292	-0.8573499610583504	-0.7090365942059945	1.0682547289984174	-0.018745779898765524	-0.2514534330297177	-0.16524226841243606	1.284664280371638	-0.9003218961725612	-0.5772623497571355	-1.0172576583487432	0.9858716481760791	-0.03313720005089434	-0.6660282716320602	1.6015147273429506	-1.2390969813910149	0.3301080954453918	-1.6892002994959499	-0.07614039399681873	0.9762263688655958	0.11804541253786292	0.9755354132161443	1.1011592628590576	1.0011691270020482	-0.15373008601890803	0.5317204721474116	-0.13286740464223834	-0.18251101239876558	-1.0492000432379192	0.5248628663383799	-0.6994750002373665	-2.390137453439628	-1.1516885195596978	0.8728829489666374	-1.3735283542662076	0.31705865583599	1.2796234673982525	0.26224582683718833	0.3271102123149171	1.148538763438018	0.07478771663751609	0.39854661976449246	-0.3751747800747394	-0.4732874537759401	0.0060748085246873015	0.36801650329889135	-0.04371426525825899	-0.10811073885778118	-0.0759709466823213	0.12743397680395704	-0.9896909708466439	-0.5515411569374108	0.28963821338141527	0.5199773161796525	-0.025472218417797714	-0.4754533888924909	0.47640842693269164	-0.437057093069105	0.06555402315528053	-0.5793737713234757	0.19840201330612886	-0.45741341948677	0.2177580116579286	0.5543834396754878	-0.10743673269346618	0.05504999370277682	0.21505444696993212	-0.0868939989890161
DTXSID8047428	-3.1742410951790827	0.21847671879481323	-0.6816025421905105	0.5479332870392607	0.16059314738518085	0.7265528323158151	0.5371166192687622	-1.6740298310015986	1.8152517916259379	-0.41586432375542837	3.1613501155101695	0.9353467357318119	0.9090122763341902	0.8012783529546006	-0.11657959725623881	-0.7562140734088538	-0.12181151211514449	0.27953703724589146	0.2882681768908241	0.35624791635191444	-1.0258474098239991	0.772065421139989	0.06093389554912636	-0.23776781378654607	0.5150452566151696	0.2925373537166312	0.18340208297173316	-0.42065745575484303	-0.11737941665109573	-0.46254615422759704	0.1361300153959951	-0.0339032600386428	0.21785066406093662	0.6494626450287371	-0.4630197829207976	0.35454515851637197	-0.16653441812442757	0.7117821104031838	-0.04331340918608102	-0.5263014798896233	0.5891119578828168	-0.3177079553556498	-0.36924644449922184	-0.31265489591307866	0.7164832785970847	0.19184358370424856	-0.22993497130720716	-0.3763239414220032	0.2907631710962106	-0.02520405555801698	0.28543782721710964	0.39182309528704395	-0.7299448065513854	0.13416120945620258	0.010123037886731355	-0.051781930207219544	0.12493578241460256	-0.17575312917835018	-0.05463468221297354	0.1655198415918554	0.41236372746210004	0.384796124256383	0.013486616851796761	-0.21237533310360726	-0.18522250815458044	0.11632469107536661	0.279048724454297	-0.39378360371979054	-0.1677580606216706	-0.36089420516328746	-0.6470934558669295	0.44741891925994315	0.010752002185180414	-0.4150315430267593	-0.13486654091668923	0.5098771626627983	-0.13083927028774445	-0.5887091661706151	-0.022693882890663698	-0.35085010913172365	-0.2561176827392108	-0.2105900671379612	0.330080483670295	0.20559775420466964	-0.928804100735853	-0.07910114988539764	-0.28617480231540643	0.16340256620368873	-0.48066613373523176	0.10235218251371825	-0.02310634723764508	-0.11688088779692586	-0.4372844262273505	0.16893069357328824	0.18300296537546282	0.04447937920945179	-0.2481100704661683	0.08352527867567727	0.1712775810376668	0.23980691609377267
DTXSID8048816	13.79281181168276	-4.959839365237183	-0.7525805958089069	6.298369653345286	6.205404102325649	-1.4758552935567242	2.726113735272544	0.7732580872492565	-2.194843791199891	-10.027164302606367	-7.018153594195463	-7.50670707255409	1.4947905971248645	11.984279579951284	-2.63457439706699	1.00564866840173	-3.1623667826679327	-4.075488974613772	5.372545563031435	0.5083256200372659	-2.745681503388027	1.391578522958408	2.660770381193965	-0.8760844936176941	-1.7646080352775035	1.0139290120278217	-2.913893855768514	1.4729693150627712	-3.260982834952202	-2.8515991034743324	1.9942303287544219	1.5103120631440763	-0.8934716272190719	-0.8638485728359613	-3.2498465292826197	4.082538545919465	-0.08172311085942269	3.223706035147491	-0.9408108974700649	-0.84549180789412	-0.00655393826968438	0.888404062380457	-0.7555915285485879	-2.488223033459035	1.0343548666415527	1.4850688489332273	-0.1858315894591571	-1.633886623884242	0.9976286104244853	-1.3370957079732775	-2.7310079076199	0.8102322279775515	0.300881497299305	-2.1136216619738746	-1.4006916475009954	-0.6308963827252763	0.4828841181174344	-0.5207495803916388	-1.7235312011260733	1.6390956522936573	-0.4995388250361242	-2.3356055142182113	1.5600734972351769	1.7764272228256612	0.6075349072019548	2.2621257607307204	-0.5716244115383723	-0.20491755407751744	1.1745420432946232	1.530147024605406	-0.558861737659803	-0.34934372094582045	0.5623838041268001	-0.39579583742726904	-0.3795489822815359	0.05618819303192558	-0.018451973382063086	-0.6951019849288567	0.9842164166859945	-0.7701236220505834	-0.543250034148273	0.18126318984241102	1.7886572380221195	-0.16044537091494965	-1.183389542882705	0.34325799964735354	-0.029487315355051412	-0.05468541389605438	-0.0551074924079625	1.3857392687619916	-0.723923362701306	-0.707593691181972	-0.18146226034219207	0.45182580145197265	-0.16414083357917425	0.7177521583258198	-0.025129416225660384	-1.0746462562028383	0.6840115596297719	-0.4423542966017334
DTXSID8045987	-5.399685009171835	1.5739573238432936	-5.027559336459911	3.7054097239172346	-2.8092595685363073	0.5836880621405854	3.796537135177221	0.7546882993701454	-1.0318674089903868	-0.6628684770179032	-0.42501652466565043	-0.5463126376514098	2.7303435055890515	1.0512358307367138	1.881875548509341	1.0187130331363916	-1.896355178102718	-1.2812977091857336	0.32172777686218257	-1.689756287764475	-0.4558138751028647	-0.05436065168746601	1.9927967604735874	-1.8747193909581148	-0.7627618372703061	-0.12788694535019887	1.1204315434830747	-1.2320129234824397	-0.6991603970544416	0.3467585101611654	-0.7838731227623051	0.5839838503469895	0.44181710916052536	0.4377665159987871	-0.270148052870411	-1.4260195624865786	0.8290321151267624	-0.025539333855285937	1.0067443258228663	-0.17697827147480993	0.27701044357972404	0.364308113535741	-0.2374685112423071	-0.6284926998495024	1.0056738779600372	0.12464360213521686	-0.0663603378967579	0.8708915837871873	-0.18755038769463991	-0.9677752983147054	0.22900083860911435	-1.1322768583647356	-0.46948471283452897	2.5738438675486575	-2.346962213939059	-0.5937246350200013	-1.6741907846831536	0.20995292127931328	0.541400299251978	-1.2245001923445917	-0.7568477847942895	0.8365904506087294	-1.92827023834825	-0.7728525954120692	0.08196812620775863	-0.4964647222041298	-0.5225006662604162	0.09215392807120332	-0.8138901493907333	0.4219847029217965	1.2120991805276848	1.9104715119311984	-1.6669941501819499	-1.0945630753845168	-1.5831079844434053	0.7919407628969785	-0.4358809884415826	0.1396810717550394	-0.3897424246247176	1.0206746054478977	1.3557575175790575	0.3597234275902289	-1.083938068729439	0.6695730285555593	0.06355351021708433	-0.26627171078731365	-0.02441547098072136	0.3912085718479554	1.1338181890983676	-0.7075573606059941	1.3103783738722874	-0.10602044795923422	0.1104788639732406	-0.6130475091409063	1.0409192013730333	0.32520127727192666	0.36470505849628976	-0.023006745681985297	-0.4538087281497391	0.7910888413856205
DTXSID4020618	-0.04092751912990098	-0.40510200073300723	1.1747205432517125	-4.0638454691938435	-2.963202369869934	-2.5329504762973727	2.8328726543680123	1.643835729177313	0.8278502785644957	-1.8205724702607147	-2.176576173837416	1.2805264538053232	1.5814977996863564	0.39257075613680775	1.9249077211325611	1.5182043153255287	-1.7512808067098398	0.582751664812315	-0.7570973118557635	0.3413229483629141	-0.1759880620522525	2.150693040729755	0.07183730409712329	-2.602043538667872	1.0375964219513767	-0.790703268082796	-1.2094833668223754	-0.9113408370008932	0.8059227327815791	0.33424750959598404	-1.2390105120173307	2.6652822676174903	-0.6777067154491125	4.247037279329955	1.9758254198755523	-1.8873417617253838	-5.011150384553345	6.652326394280055	-0.7411055440452157	-4.211890121040698	-5.5210525738175695	3.9601433966970765	5.898006046553767	7.787907850592314	-0.8165981304253013	-4.618679616278094	-0.4362117658789491	-3.9469692504673075	-0.39477682080981263	-0.4547421730888962	-0.20573654689154752	-0.07951463264879548	-1.1651686312195109	0.17779580389853947	-3.2902075723425126	0.3946894982887501	-1.9277284780839437	-1.126895322734425	2.8343990796454066	1.7943632363291215	-1.6505328907788095	2.3343898758551984	0.5493742712340661	-0.5894640584347066	0.9025848206065983	1.9940410359185494	-0.26931393590394703	-0.7105995700451055	-0.5388438137305056	1.9256623879587944	-1.247568453124521	0.05792273114623653	-1.3561923836931138	-2.346474868815513	-0.03541023511732371	0.056070781731200024	0.059903006738485004	-0.563073887061854	1.306442259098458	0.21296200631575207	0.5919069584296835	1.17001181807139	0.9964366478160063	-0.8907447490683837	-0.5579400044323239	0.529074020285014	0.24091842118040288	0.40337500677986	-0.29745944332522967	-0.46777674912654005	-0.38434219123916896	-0.7608564706605225	1.2580620544947263	-0.31618443074355423	-0.08075017158015546	-0.1418773985741337	0.9277706629770864	-0.2643327527584892	-1.1480583718641229	-1.062983202246599
DTXSID4020581	-4.584034933135953	-0.2380620328172422	-1.0387575471655999	2.764993640245593	-2.0212479910847834	1.9892603499981707	0.16453150619163268	-0.5425737715799359	0.7159858872553673	-0.704059964549923	1.221723227496492	0.8961235189093307	1.0183400862691103	1.0834488991069295	0.6617015728035794	0.48496028766298027	-0.19963557393624567	0.02822505765291678	0.012097189651204506	-2.7457594395315397	-0.0840322827516888	1.1397453892914493	0.9691864555628125	-0.19921185115347226	-1.1216612942282995	-1.5107352690780238	-0.08481440426828142	-1.4107582090271156	-1.384159751243944	1.431957944004528	-0.19203265922570834	-1.3913168421782534	1.7894160544369075	-0.6707087782374894	0.2955641477704907	-1.7190458459671014	2.2408369756151743	1.393876575961161	-1.194615109849841	-1.1061947572641104	0.4210762519038546	0.9493783159606032	-0.9753046263884201	1.5553114218630606	-1.6141820713258446	-0.6870645681385922	2.5952917176677404	-0.0784150873742678	0.4745881490455462	-0.020880063982440744	0.05412589850646332	1.4428530586974	-0.011018734463483686	-2.3421747932185557	2.8448495302377332	2.3281716047871246	1.1121825431004437	-0.8963932549393839	-0.702475027718174	-0.4073127855578114	0.43883181648598585	-1.2817510962347134	-1.0147618449034193	0.20463253950118676	0.06239908852375063	-0.39081378997345756	0.714570440993188	0.26014347306283014	-1.2523539993694806	-0.09993828885398413	-0.5695824036967155	-0.2066342320685734	-0.4332668046642435	0.6255678585872664	0.40623291896072133	0.667935516992329	-0.25867078983269565	0.13926616775751782	0.615261880353536	0.14766068299845792	0.273737707204108	0.26955560869408635	0.2531627371030922	0.48649430897992835	-0.8335967684977624	-0.2650215294849415	0.6510170709389845	0.4374553198267575	-0.24973937239298166	0.3257876886594737	0.11325894751656308	-0.058872674291675565	0.24383286029891177	-0.30439446858448904	0.14276951196491788	-0.4535624329069771	-0.48438629660722066	-0.5110359485637589	0.11505964084682624	0.5647735238525373
DTXSID7020504	-1.2415999549602055	-1.5800825581152746	0.11702203025322369	-1.4088366148997067	-1.708844866145561	0.5729342503259213	2.8059126695587673	2.1430343860050165	2.286010994412902	-1.555105898323973	-0.008968616711546817	0.13440841859647884	2.258402558633643	-0.5991874587588968	-0.2888409585644136	-0.07231516667869474	0.9567289599459479	-0.47794298085576353	0.05651874092572933	-0.8004445788411441	-0.25447517480283205	-0.8965203422224494	-1.0342149271438015	-0.40516253924676676	0.5119852741322686	-0.2831461183410834	0.10219343253747132	-0.3288538253649967	-0.2909282803160427	-1.2896604323629424	-1.2277954044225206	0.9757437096052896	-1.7482810000924274	0.16972786209632829	0.1458353747434008	0.733541261737144	0.07032748686442677	1.249088940379218	-1.747993712240856	-0.18301286603217884	0.44913667460005646	1.032062440429277	-0.2198760853793651	-0.43406366367971355	0.1542318007026744	0.8334388387222664	-0.03765942346899805	0.5140022243959084	-1.1960432992646122	1.0683406905032715	0.33631690907475253	-1.1365068174261792	1.0768534124675098	0.25784686937605955	1.4710898700995112	-0.2504773863179478	-0.10698930025682912	-0.26285611377600526	0.4952658263737416	0.3623973378201858	-0.4686318720688631	-1.4012583264641745	0.12483182668394775	0.18036596165119523	0.5696285730183515	-0.20080537042411953	0.45762384546478846	0.07484453449070205	-0.44082788838594533	-0.30239873366804637	-0.3592914305962134	-0.17144951902879782	-0.011384678227543391	-0.012856903804357516	0.5399765907549525	0.049365842879739684	0.8529903248379626	0.8164587103864931	-0.06833197995966747	1.3096687032613745	-1.034051909284648	0.18769191741381352	0.8854452629969287	0.6362563826704172	0.029132666764577052	0.09726763555033764	0.48794762515517115	0.34350261059945686	0.7803855473727735	-0.19187223889500643	-0.16768127088919205	0.09089641193580535	-0.5065323425069943	-0.5582437338755756	-0.07697274330371827	0.3654144535050161	0.5188354090710868	-0.0636809806147617	-0.1250984615127007	0.4484267919485305
DTXSID3045934	-2.460173369953721	0.5626715655767793	-2.8001257591686155	1.7359083177640398	-2.523467753598037	-3.220394387174433	2.5800197219633465	1.5777652797680426	3.6307301872126927	-2.857210007092133	-1.9929763415598316	-0.2984317155549556	2.475009273358779	-0.9747739883466812	-0.6029238279038194	0.4307485703711717	0.9898991379000073	1.2270074438250151	0.4122193145609073	1.6655199485422025	-1.0586229477369922	2.654147240302178	-1.1122830669421526	0.5581629841780988	-0.5096661534481107	0.7535750368308083	-1.9192920773828817	-1.6066861122686402	0.4159856219302677	0.782742115065073	-1.4709344024179207	2.043965534359895	0.035168326549553035	4.13561109123918	1.889359592465358	-1.6428001448974463	-4.817437316207284	6.060377451636133	0.457185640744391	-4.560629939259133	-5.000300439466065	3.8117544619490076	5.683169078892173	7.788135365249099	-0.8177087407101518	-4.416974707663768	-1.6588867080436471	-1.9869745063521316	1.1873303357330356	-1.1085030089625523	-0.9186950387921642	2.091114146957452	-0.25920735225180686	-0.5715497278621574	-3.2750522259886274	-1.1408723593680543	-1.7775758407496354	-1.107256411927007	2.2024607280682353	1.5938625714490722	-1.6393514083608478	0.24336145832398356	0.41602921459569914	-1.0581415280820758	0.9540869818792297	2.1868942584748163	-1.0395125259558982	1.2916312770437521	0.1813370562482543	1.711654019315838	-1.5985423725088734	-0.8210943842508548	-0.7252782663405233	-2.276498850928385	-0.640834391086168	0.4756548171799109	-0.23036397659328622	-0.8796206410663181	0.8743218249760027	0.09482325230087706	0.13699081297226312	1.0516678941517295	0.43113562028296487	-0.08116288085172313	-2.5007038962046324	-0.07938680473867099	-1.0306595051633163	-0.34299415358557056	-1.7186148852411416	0.38205306283771895	-0.32525784257671136	-0.08243172479451485	0.8960169297788014	-1.1763411990012564	0.5078591162834882	0.04845058403942325	1.3346285326778586	-0.1791008749472689	-0.36062301691401794	-1.013677852990727
DTXSID0047951	-2.4088459054552476	1.3285641692283292	-2.321789845832157	-1.7031276299298166	2.0373483324254043	-1.4268153923019702	1.3861965180804583	1.4277916934478732	1.1856066355683295	-2.8168764853178705	-0.9017744035147807	0.7664951245845666	2.499343259347402	-2.2748741591424917	-0.06217357121882672	0.7550153537826636	0.64341107570974	0.2520794560595504	1.198731659243352	2.3918677934914787	-0.4407117056047279	1.829202193003512	-1.185937537757965	-0.4874551659521316	1.0510217992234303	-0.7255883432018786	0.45281327618764355	-1.7369762594923894	0.8541037267373468	0.24983773546560037	-0.518495709119978	1.940983748383982	0.006539064853839213	3.185949017999091	1.739581057726427	-1.555067579638364	-4.869376907718999	5.380069551145799	0.19972142852022723	-3.8147258070026044	-4.861812601909231	5.103263826708608	5.8976055762447706	10.043626414816808	-0.4025621676751389	-5.570386436432165	-0.8636553136109242	-3.4646670878603714	1.7006856490475692	-1.133796599451868	-1.1689317898800222	1.7741812340735257	-0.7172709548284342	0.44969795365408366	-1.7057575180363107	0.23104325152563085	-1.732427344360658	-1.2147884705672303	0.8226148929388092	1.6585637835893687	-0.7976169620098645	0.8615600947943901	0.2323385738632541	-1.2724418330611473	0.7818826843555378	0.8192534940158013	-1.502537482283574	1.063016244439981	-0.8266942270984906	1.123583673677731	-0.44706644809920276	0.02021625532882703	-1.8651007153006582	-2.4943521523522887	0.11764132274037377	-0.059646652110659316	0.9031302296413444	-0.9425831506952725	0.20715206679592915	0.7842464218797309	-0.6949853225550239	0.14174432103312545	0.6995130592803196	-0.4196127521728932	-0.5238336627981222	-0.11563331421114313	-1.6677096089111665	-0.13960298689778983	-1.2808834610043927	-0.3275131899655785	-0.9509610111940087	-0.2030469952727931	0.4307581156145158	-1.1732213049539055	0.1050611852734813	1.4352393668767212	0.8298520568102733	0.6913495311626358	-0.43998932924099976	0.2458846623424688
DTXSID5045463	33.73755043405226	-2.2264644382591396	-7.742048282560598	5.916629702537755	6.07231448894009	-0.419440073709318	4.270706632319386	-2.6730370398737184	2.747733153391709	1.5108668029090069	4.126712122540988	4.763347462164007	1.5406054056015817	3.914115797555883	-1.8136436109633656	1.7562457922369281	0.17484069348142053	-0.6040381450433185	-0.1506473507261928	0.8285467078439062	-5.289602794776673	5.533534533988942	1.6329503002064314	-0.033625983859842036	1.625925060813691	2.1059338275569353	-3.6171853821181545	-2.528847554522384	-1.742928863412918	2.2977771820575206	0.8933351032139126	-2.294712150577485	0.08981062903442472	-2.8690539650503437	3.5035945494481595	-6.796185683398229	1.530525094570297	-5.176621841032979	1.243103789392364	-2.275462607775129	-4.4654280443376315	6.437052804114856	0.5192918127443555	-2.498863479588562	1.0682063404427544	10.451134673882288	-4.465233783862607	-0.7032770626378974	2.190529148414533	4.553186017265317	-0.8375197986048496	2.871274415981882	-1.0214139638102726	0.476216061823764	-2.7959904112797345	-4.269534192951983	-1.7242199823029858	-2.308553309957683	0.43679216095895373	-2.141928938849726	-4.507621551073531	-0.32841735373888603	-1.442509640684359	-1.4574106114591099	-1.6979824853703793	-0.07339478926463468	1.2105699667368672	0.51153180901129	-0.20019417446711485	-1.5833534667665905	-1.1922783940109398	1.8741048937823344	0.9064819109045368	-0.43760259547691344	-5.742386300280064	-2.441172339174715	1.176188198357014	1.168823339529479	1.4881387852138874	-0.3709325948891122	1.108685145209454	0.13283318214443013	-2.817972468112263	-0.8385666092301614	-1.1716751364220286	0.12462495506252219	-1.258673085267768	0.8321867752536034	-0.48524431840132215	0.10385112677645203	-1.5093523728420042	-1.7647437423560943	-1.451422496714164	0.9669030823516556	1.7807757468421077	-1.055707786318796	2.96538389623693	0.5849337304439625	-0.019934024016955015	-1.638406613860832
DTXSID7049217	-3.9047942749796856	0.09120001647325396	-2.128877531031374	-0.2689973950002264	-0.8874795280854082	-2.1784189844929034	2.530757520471625	1.7119948136089278	2.096781226948037	-2.8553556795040462	-0.6275082081597432	0.47701345599676515	2.859080162723744	-0.7282508344740375	-0.5487334795205172	-0.059411824985871844	-0.2125754993747956	0.5287738799656946	0.2605950679939584	1.798724763931706	-0.24531638555211982	2.0055188524163166	-0.911841958011403	-0.38626767261889494	0.1489344729252319	-0.5279318116024811	-0.6356098056262811	-1.9889995662874695	0.7370972114778446	-0.47438551764324693	-0.811014213582346	2.7452956958580725	0.3050274491236287	4.38160435884292	1.2613134261340224	-2.252755777658789	-4.981484303286255	6.513703141869979	-0.26323539749111313	-4.0352194812132325	-5.225034070372504	5.209350333713128	5.943480037897539	8.238784622217633	-0.518483207915473	-4.671640436857586	-2.0312139079804123	-2.4642721316457026	1.5370658951152074	-0.7356996201202736	-1.0651413663161393	1.8610278407105605	-0.8295205045723824	-0.33611081358104306	-2.5545644561503233	-1.376305998103254	-1.2032506338968292	-0.6586088271958466	1.64379843350346	1.425351637723636	0.09961704124133468	0.04495316997050057	0.29436324894928534	-1.377848341525493	0.1353461196082185	1.3093576166430123	-0.9065186870841757	1.4460337676108488	-0.06687831998106279	1.5438132401411353	-0.5961205200835367	0.045087300059911344	-1.0565834614995917	-2.2941218799212515	0.8064457701224862	0.3221211301207352	-0.4779002457911293	0.25290912840884605	0.559168949993839	0.5645598131406948	-0.32528360739477524	0.6209231541384235	0.39263039297412894	0.919703895111473	-0.8556455440123716	-0.1648819257204593	-0.47759206553210615	-0.0947571130805269	-0.9982258523938258	-0.25017333401766473	-1.3734279523120312	-0.5078133639556945	0.5363490685914704	-1.6445440697391502	0.4603757441806677	1.3243756959451443	1.085866125571736	0.1431245281749424	-0.7676520693559229	-0.6040489641522585
DTXSID90315130	7.816883377821592	-13.064742809987703	-12.154130871375193	2.1510565936911266	-3.4139023201753775	-1.8489553490465405	-12.987171373523019	-13.788951684145616	-1.640930270407525	-6.247319273030999	-12.286857960607044	20.623307892402593	-5.896299712887802	-5.504724864844505	2.1144122709141455	-6.099877128185783	-4.241172683274531	-9.237554249788642	-0.24705852884682877	6.968777323288114	-5.456019732499294	-0.7486862417564019	-5.152397351843599	2.8803076583249516	-2.369161555272167	8.645375181217801	2.798279851419563	3.9660938774165033	-6.256774475836329	-2.573137949119695	-0.3365722152885938	-1.461418305088444	-4.255557846123827	1.5608869943586439	-2.828210123104672	0.836738956411997	2.902942671976382	1.3011684706999362	-2.8217172259896404	3.4028814720234557	-4.433897768267133	1.8005951086389411	0.47551582939579556	-0.6295481578931038	-0.11862630479048374	0.38796127955948934	-1.1668530658785703	1.0492337668233478	1.3792577950079705	-1.9555020261543308	-4.406475843998467	-1.0541247849281674	4.154562873947744	1.1184177661772623	2.2685494709759806	-1.915347994111634	-0.7312909255251497	4.0217654996256975	-1.7386034180665324	0.4071191175609085	0.063247761099554	-0.8463855681879174	-2.978239480051526	1.8540159597951045	-1.686493466863448	0.30375224668083634	-2.1875534082013672	1.8155854565127358	-2.4362767475527956	2.9291193725522016	-1.0531148661311358	0.7625617249852177	-6.3976453579386625	-1.3260791474241145	-0.883812713401947	-2.738214273205073	2.0505532593426876	1.069720043767814	1.6995151771814712	0.5045620592999622	3.3390323538820486	1.8908130663800249	1.0659552574280289	-2.309936853967342	3.1381365896897826	-2.9524763759032835	-4.027896939794887	5.2947603081508285	0.2709976578501319	-0.07641794878674629	-3.7321332035582997	6.6501000008643745	3.5685295587620427	2.3413237506930225	-7.7620019868054095	0.1481446493818339	-4.913351363082376	-3.6177572201907666	4.176338291044352	-3.5557788618519366
DTXSID2023430	3.384540100776754	-3.242963733133162	-5.718612127538671	5.606658893179922	1.546857807414739	-1.2731943445019964	0.20523928186176263	0.10048951659390651	3.5340664575693	-1.9626927164292751	-2.0364556266798504	0.3554373550924477	-0.5785311737344588	-0.6960181523083829	-0.6882845614007815	0.5188901503455484	0.13476708140390523	-1.9126772677346493	-3.528411726245002	-0.2843356425774358	0.5938969905646981	-1.5623533948929595	-0.6791734645572282	-0.9999317847633373	2.5500187786316415	-1.5119665135791218	-3.0924283223772515	-2.6090196540721275	1.751402475486436	-3.224606521865502	2.9096037642269557	0.7103257651524806	-0.8510209933714074	2.0231006107850797	-0.6805381219343102	-0.7296201943604029	1.0581541229148634	0.46053254936520904	-1.353215352028977	-1.5947934896802765	-0.5806831250274314	1.9332971179810727	1.0396648156738044	-1.54610784461935	0.010505028401601049	1.3416262877228817	-0.05920862793027344	0.28026179477167185	-1.4432362638685177	0.46654121561294326	1.338762494695138	0.5512477684840426	0.03219532061860958	-0.5372256703387244	0.04396145758825381	-0.17619579478071215	-0.898830063487751	1.949440653231322	-0.23392413912085708	0.9730909445627335	0.008914139879900947	-0.4598809303238823	-0.6662495989538424	-0.42258097140152967	-0.759804862490344	-1.8020454898641527	0.08483333875322643	0.854771595332388	0.3626456973243754	1.5687436411468259	0.2738413186245136	-0.37400219026084813	1.6418166986665736	1.0768940696789853	0.9547927670523706	2.1605774817341916	0.9510767971473971	2.505457630597858	0.6257938094152686	2.8678342158050927	-3.088257310891204	-1.031495860000641	-0.23763702893822913	1.4388415652401043	-0.7712205869796914	-0.7420501007076092	0.20772205232934285	2.78067898586061	-4.689155530829826	0.6134508538991621	0.05434487817819234	-2.3966891372823205	-1.8944525784556807	1.4483360509927388	0.15438286682710411	0.9227185549069421	-1.486977277670574	-0.35698814720630745	-0.6727961396230075	-0.9644157309804721
DTXSID2044503	4.748749859370349	-1.814505873914917	2.3298605794094356	0.8801801532610032	-3.148533461193422	-1.5261060434461997	-0.2230534656244822	-1.314170453930723	-0.5076803030669904	-0.0216114535924319	-0.2182115339082018	-1.0756379453226916	4.812925871823231	0.4887432090199435	-2.6885168350084983	1.1862260270129001	1.1084335482258039	2.5030951370590118	-2.694634665377002	-0.8614562236793885	0.1569658211130353	-1.018258216492303	-1.5790780347695892	-2.0865868220272743	3.504523945884856	2.1968268158560105	2.7633461627781957	1.4918887761107538	0.39733339079678975	-0.07960053548190296	-1.2057594975887471	0.4847616984036238	-0.2050375129706763	-0.24896881813545246	-0.21972543147193851	0.4668071434924119	0.4756415329583261	0.6108075708697903	-1.741654522446435	2.7745346495051617	1.4856958658023192	1.1888501092659536	-1.5820516918149103	1.5123330080066186	-1.4301783794793297	1.306602079929579	0.12180570068694825	2.4294003842590386	-1.2930028554771105	-1.9380177016424283	-0.09492977612112836	1.8242304781026442	-0.11385880364343251	-2.085561523231814	-1.5623077221234387	1.6358606413190588	3.0429772482519453	-0.18397013336482854	-0.6715311789282199	1.5788140531194987	-1.6889053053185998	2.486622894823697	1.2540730156700388	1.142730651522778	-0.23944763854016285	-0.6837559041715556	-1.949515556357351	0.7489354265003035	0.5768049560560224	-0.4314936097315934	0.35785592792923065	0.7761687394089741	-1.126298128009579	-0.5201435616235294	0.3060540257711899	-0.9101110076761411	-1.7821235440270484	-0.36769273205216635	1.545918672259759	-0.194307789786515	-0.44295660683437527	0.5254614516762675	0.9611937563261795	-0.5653085368321886	-0.02928029455146126	-0.878444539540582	-1.025140524310489	0.5248894139452637	1.1376590049402089	-0.8815679546973448	0.030350084232720082	-0.002531759981718628	0.1510898399299356	-0.5733563172484268	0.1480100417149193	-0.6566905935571277	-0.46137480788180224	-0.051877729805275975	0.16334649831651818	0.2524797781768936
DTXSID1044932	-3.8721610754422935	0.4709931819958866	-0.5893336167190115	0.3885276020092552	-0.45667581292364784	-0.019761466317931776	-0.22585938688859175	-1.1719477947814152	0.9694519582323902	-0.5184379603120286	-0.9510901104131584	0.581500894920307	-0.6927067491162642	-1.2069778272497946	-0.6357640777048875	-0.8349599027252279	-1.6153883643374447	0.5180571081024787	-0.18440254634585515	0.12627807862341137	-0.6258024772169117	-0.013034210212739754	0.07551778884498765	-0.8037913489444869	-0.3506397327760106	0.04423875834491482	-0.14423030772151876	-0.12815906457966164	0.49380116001626495	0.5297848411006391	0.5175103051571107	-0.1315765095029253	0.08997510235793815	-0.03691375799979871	0.6852723198622103	0.1322908043578423	1.1300390419386952	1.2643558899036065	-0.5103396959907894	-0.054000375073714045	0.5094016882588306	0.06652605605887339	-0.30809679882437124	-0.25679328945685415	0.21514497502088092	-0.08491534608777984	0.14600763405849146	-0.2919704856764028	0.5924411111746717	-0.08350287425111624	-0.8734042581985949	-1.251455802811909	1.0792710545300057	-0.4776016089670096	0.5275929311802592	-0.2590089017193186	0.12239819583895288	0.740566210080657	-1.34282724302927	-0.14113987196945155	-0.2065978980446186	0.8626739525163619	-0.18001207455773485	0.4114795104218346	-0.48742982056702855	-0.5872436830819817	0.8406709769068333	0.8364302813882383	0.13522032987750482	1.0423388560929285	-0.884002247954349	0.0062154980697147295	0.35717260328375344	0.42503277492334857	-0.8702331676784748	0.6812160999641538	0.7911110411648495	-0.2401048281054889	0.7530287143119491	0.4504617304098569	0.15435718726630077	-0.19839577792222388	-0.47252187395428435	-0.3027161828151125	-0.01680063483730811	-0.14615475509996814	0.5875160045276198	0.9190946607407046	-0.7590518915344321	0.671343743416063	-0.36977154708284	-0.37099641200549544	0.16695142016106412	0.46780926631121816	0.5382378107579787	-0.17070030092000416	-0.9176267133555019	0.7432937626444465	-0.9792074683311862	0.47912188316958637
DTXSID8021640	-2.1290646660139085	0.8689209001496464	-2.4730886891138226	4.09539300309873	6.443742564773306	-0.013719234142050233	-0.7770060632874424	-1.813668058140037	-1.2629003087675543	-6.023370244840241	-4.046792319514702	-3.3295036001716434	-0.2950714455655536	8.053912021407328	-0.926511434634611	-0.7171733686340054	-1.3551708762774899	-0.06845324070439845	3.910090943378385	1.312580239783208	1.1937360586247308	-1.3736174567029844	0.748076845159419	-2.208183480831638	-0.7345592499817178	-0.16338460099354318	-0.1917049260383171	1.5090530516857013	-0.17011205959891693	-1.924687313544339	1.605557479410107	-0.5364553082492489	-1.6199373767233174	0.9015872230227465	-0.024546142765353995	1.6126018327236273	-0.09544040498022607	2.410929358122001	-1.4099533185348485	0.7530690668150427	0.530045137183221	1.697965383726313	-0.868515658216634	-1.730773672532913	0.29988661361910485	-0.40833825861598033	-0.4298943522815863	-1.0848688518116534	-0.4356665214593523	-0.363105742405194	-1.6520750600982905	-0.4142116691972459	-0.5083120886328809	-1.2320063978755875	-1.0707624052945972	1.2299415728178993	0.4097064832335588	-0.0025565745221505496	-1.4753672324812064	-0.028231957706612226	0.07821295987988318	-2.182659511474511	0.24478492152198447	0.6253103250570029	0.8123880282908784	0.9627312522650925	-0.6116583442227954	-0.15699357776534328	0.8404631885332531	-0.20185257061550646	-0.6886357644998813	-0.6619080213088699	-0.2215022858097284	-0.4303482174022325	-0.830167903838787	1.2340091302232468	0.7632393682477807	0.09771238455665879	0.1574269342125234	-0.38668073096694566	-0.1102578379411622	0.7912879220447998	0.6874477914454885	-0.3366271498000202	0.45723772889443326	0.5374944969316096	0.1888966758151295	0.3223925812270829	-0.5660623844026825	-0.24111853526528845	0.32212546450088997	0.42917869885799464	0.5548742656155713	0.5171494813740896	0.5395609138172391	0.20037304209365267	0.41483511367541026	-0.651233699366253	0.521268070455904	0.551107206868599
DTXSID8023478	29.942641199168758	5.999373117209755	-4.592429999827502	1.9434936405680152	7.25452729683165	2.6479423859015787	9.943317859845495	5.997528551518028	-0.7828238003375343	11.791822124343057	-1.4279117849724425	7.460219927325653	3.381131241848579	0.7432961944619626	5.786614610896527	-1.4787010377444894	1.805610943283641	-6.353842145004495	3.4000347537622546	-0.2634088080146294	2.9011815851386427	-1.7050951908693714	3.3816337727440295	3.7109186851251974	-0.47231047050182656	-3.536733706274287	9.202588845825396	-5.85602039690028	7.054582857191315	-1.1856542644632488	-4.650265956517472	5.228000017947593	-4.318450649939423	3.4218548735797882	-2.5649857999507284	-2.691766688081438	3.2913024808131537	0.20300295500024976	2.119745041686452	0.7684814667075761	0.07950876330876797	3.1875070716733234	1.084885720129192	-0.168103661672935	4.730435182573362	1.735566079356064	-1.8948591968087742	1.5072974196769016	-0.8009695521865363	1.839581882789364	0.29691798961263544	-2.6642631251923765	-0.8702462653332758	7.358998383229014	-1.4419210923938515	4.7688523601345665	2.0556439159792417	-4.157270157984937	-4.1614387885154	0.6044653491940987	3.444967041808853	-8.164636096445049	-0.2747528192565652	-0.29138277291405973	-3.9184810599860653	-4.343824087594226	2.38218962021784	-1.5577210870791174	-1.201106073910819	2.1657619058581523	-5.33749416053761	1.2911328066589458	-2.3381991598879295	-2.8195587012173857	-3.303421477922034	-1.0079092065029487	-2.6945972052608442	1.0949809451172579	3.735523108305881	-1.2506025645897694	5.36423139309453	-1.359559367303263	1.0216286078909778	-7.391226268492283	-5.158605483086061	5.610296033090039	-0.31686460233043573	-2.3158599948368397	0.6189357578486531	-0.5909502678766927	4.164476112418619	-2.787836293855984	2.0033028417020553	-1.3105836443640269	1.827466815212576	6.517733556169369	-0.20913750828627894	-0.5180847192822088	-0.381586847465156	3.3114979312966324
DTXSID6025723	-4.069018880408551	0.9242718231414541	-1.7041387892638618	3.746536378105937	-2.297915303926602	0.7025993448154048	0.28060500881405237	-2.1687169225885343	5.128325363923848	1.3265630672337496	-2.9435604766589747	-2.240841599184199	1.845736089391222	-0.2999981096155907	0.5350643047306319	0.8768034654347898	0.6834370387463979	1.6941175969578535	-1.6931745176473652	0.4435607719076807	-0.2685254447832378	-0.4641095525667669	0.12242659625382882	-0.6507878528546454	-0.15812159008516088	1.047343795911806	0.1968104478778078	0.5079283876838536	0.017155826749663625	-0.20035725972475263	0.22233921651591	0.5148139467500403	-0.7812149864503813	0.09481233749823281	-0.3901562907499496	0.31279154399331704	0.6384731697902836	0.4489854177665563	-0.4833677329229555	0.8361775570757343	0.47557324292696146	1.1358161589321092	-0.2120065633562772	-0.07856497688804644	-0.06248644591656901	0.10255637546103276	0.8762809830305865	0.641603266192961	-1.2132868348420363	-0.8289970125596554	-0.8158738375998454	1.0949893131120403	0.5408555509264412	0.06559698141206712	0.06980323320960516	0.15753103387866121	0.9602000676282156	-0.41980520274382466	0.27774135789021165	0.7597584725796425	-0.3103110239313384	1.407104368016855	1.283633712249221	-0.38371589153997215	-0.11059568197948956	-1.0924476516650115	-0.6654002039305089	0.48451045595992775	0.1592433603528941	-0.18987765656802483	-0.09651469906370733	-0.1368609341584894	-0.3201409257540972	0.06635178807712948	0.5011770720703986	0.5639661947603636	0.060239557968217505	-0.36887603787594836	0.5559095919872366	0.5234891290628826	0.18478962882316635	-0.20322560914902216	0.16002816058699312	-0.3864871025007311	0.1599552122277438	-0.429043655170951	0.4659579816904091	-0.15316164106377608	0.972442581751427	-0.15628481821082688	0.19663074404985642	0.1512161551942914	0.01795435613469104	-0.6043931879765473	0.17570161433277687	-0.09859417440204243	0.5616092199066238	-0.6175210855861407	0.19791819211882056	-0.7092983485018868
DTXSID2041917	1.2522318233277312	0.9111048055074231	-5.024024909337716	5.151912798200502	4.847154504551744	-1.9931215857971554	1.0036982360267739	4.303834787678404	-0.5280315182841138	0.14340490329313704	-2.060108184159808	1.9633470844241936	2.3409764462982294	-0.41298545990078095	-3.586499939240823	2.636368370225258	2.8274811437000027	-1.0431756227250932	-3.376228188241967	-3.7402306922753086	-1.474212034808907	1.4253973572002885	2.0726520172573633	1.3871405486395023	-0.9089026998775093	1.1362344626230327	-2.389153172978708	-0.6354659712059151	-0.49349553258495943	-0.43427912403776525	2.4174064380821814	-0.5520966285350773	0.7897923034407228	2.4967880381771357	1.417523061021846	0.5618198465157886	-0.9082030299117562	1.245907550145544	-0.8988281072740238	-2.1579081492263885	1.3576361515984354	-0.46148358871898887	-0.575188901228001	-2.208888185962949	1.2848985840643756	2.3064154562366395	-2.8492292042361362	1.937434548279242	1.1751168826353964	-0.023725627865070972	-0.5537380019559957	-1.5302738722330218	-0.6403482079832433	-2.0999726846327955	-1.4606477271690246	-1.1740092576687344	-1.8903763232537816	1.3025350608495745	2.0679852112091486	1.1423408500650418	-0.25474699914815985	-2.3725639994770775	0.6553858978134104	-2.4244189376970597	3.6543336677471654	1.9997776739167041	3.085348598529536	0.36823165954108983	0.89230899267369	2.3757419337202856	-2.936270812730041	-1.6729861746422587	0.5590890962209106	0.24845635253658002	-1.0389722958795398	0.5915228000098481	0.8024854944594959	-1.2937159485999123	-1.8351490465277283	-1.3035828951232167	-1.944436506016818	-1.727747850943658	0.020865730691516062	-0.34341351716729857	-1.49392466171336	-1.5189311687858476	-2.0136130544945474	-0.19266452726601216	1.1803820468115431	0.253553495130734	2.4612394814599328	2.5198260203829266	1.6989882126506206	0.7570070194822439	-0.40887458983957703	-0.6303244882837878	-1.5589579679810017	-0.7695927915704786	0.6843625490553654	2.112685144624516
DTXSID1034501	8.56378741588125	-3.9677961724374664	1.8136138676330418	-2.1823215613074596	-2.58770688068572	-1.8425970219860108	-3.9054383756903217	-4.286344556285629	2.1544661155007656	-0.8655597675088728	1.1442095943932864	4.515389113140398	-0.9748923605416059	0.7412314871164899	5.0027740573467945	1.2326190407383688	-2.2875651460978803	-1.4185822067434746	-0.6474635252574056	-1.0552398955928939	0.8257134197860508	0.9302667966490348	0.1509476147892042	-1.2470223732337213	-1.6031174174649756	-0.3603639440437144	-0.6388208997703004	1.8098383971750116	-1.5464725050157329	0.9193170653428238	-1.0186819740837099	-0.1399356082159485	-1.224457992861678	0.5956234616381667	0.11679153489562441	1.2413697857522066	1.179741967440184	-0.42576623130440056	0.4376565862413158	0.12349147088036921	-0.11930041967202776	1.9552278977240511	-0.039681591828845675	-0.44559069273421376	0.14743341365906404	0.40675551289085327	-0.20291471712942083	-0.2826165904015718	0.16767509795698982	0.49377193074495596	-0.5981092678789034	0.1507707617409442	-0.42472963692816385	-0.26902950512399254	-0.5325664059202317	-0.7438352049755125	-1.3504847877748931	0.9178831435547593	0.06391308770892565	0.8920612688130352	0.6230393008307424	0.28513877020774325	-0.7661514518870264	-0.6511381174794536	-1.6771224895351593	-0.5214324872956029	-1.2212623763482318	1.1364821780740957	0.7399828314555063	-0.4979418948105919	-0.16021406995493861	0.6124887414266668	0.04064836176788609	0.32711688126010713	-0.32434833721086	-1.034041233545293	-0.08207032975627686	0.9734288679229348	0.10242373056008758	0.031889766676180376	-0.10859371920738767	-1.0118495050312757	-0.3798158798586282	0.2237067444864069	-0.05026661509242616	0.21627003540124978	-0.05573021215248168	0.259888220807789	-0.17306738971135668	0.336879615984593	0.5295966610855131	0.11122747291087783	-0.5585938064376101	-0.49426517682344195	-0.15477207101720636	-0.9585974547632073	-0.44928998557225847	-0.2781536865329474	-0.625692082852219	-0.039291211356560794
DTXSID5052593	-7.302309844913368	0.046207315328557395	-0.06212256373966847	-0.7620625685276838	-2.5909415600864136	-2.109519112113398	-0.23591669098262374	-1.385503361216879	-0.08749201406621186	0.6571052102085599	-0.4906751201877992	1.544875804174367	0.9402906594887747	1.7079605029942115	2.934181212210753	1.5795422152289413	-1.8209700229826389	-0.0034025483141864638	-0.340783962175871	-1.6606510498735345	0.8927284736219265	1.7598328615826642	1.9394439927390474	-1.7743575962356628	-0.7696448839307398	-1.078758361961121	-0.11140748756478883	1.1987751374596056	0.5295094601494106	0.24932734523744185	0.023922330293967904	0.3144970506491551	-0.09146591903467599	0.66204272106856	0.3619166867086627	0.6501380505337672	-0.660629814153724	-0.04783341120185173	-0.4232818844940454	-0.6346422943442406	0.19977551761180615	-0.19595717053969827	0.06006817735628137	-0.4368357916083044	0.7622444605502113	0.3173737802861738	0.19357305289650362	-0.5907026388891392	-0.33221330607145205	-0.23647556858592633	0.40227114983835793	-0.8376937038785525	-0.10370243908537047	0.1985482512716095	-1.501803053951886	-0.010885166161702806	-0.0783147848314065	0.027996427209936565	0.034488630917904536	0.6247082443914667	-0.12038430808013342	0.49329742651220104	-0.15954532774218394	0.17247800440892042	-0.5212364412235475	-0.3552280167014836	-0.12352703887000159	-0.3422010931720144	0.03890678605013076	0.575726169428921	0.09781162371516014	0.28870599113869605	0.10902663612643676	0.09441949032591618	0.1838491671342299	-0.1834126311359292	0.4230062181927207	0.20254198508725588	-0.17589109785503176	-0.08191959716469911	-0.203080709117291	-0.2758983417045697	-0.006952058733488601	0.08596851667516911	-0.14900893281859473	-0.25688577935464085	0.20095367346045778	0.17579732495336842	0.13019284569672154	-0.00630483718920242	0.1042512581953012	-0.12904226391033272	0.0726699862064295	0.16456682044040385	-0.21520599574628743	-0.029839753483740718	0.1748595066832024	0.1267366239405248	-0.014869783007204094	-0.04066076017449085
DTXSID2038788	-2.253254082789472	1.8994291608072804	-1.678556247168553	5.122521785742353	3.0592172064280163	-0.5981060476816578	-1.5944818861299643	-1.14694154502496	-1.3778160736468754	-5.26653139567414	-3.175982849064292	-3.661464032459484	0.20649267920496586	8.492038415369661	-1.1850592328070175	-1.6290931589602486	-1.67028194248171	-1.0146208355962454	3.6085718491941794	1.9384498975700395	1.1871639349723333	-1.7774503342488792	2.2010300852194873	-2.49829960408559	-2.162530776118255	-0.20793456241446953	0.19260279812066244	0.9380635618030609	0.40255145453462843	-2.497566609860128	1.954941536256698	-0.32594626457054804	-2.130256867329956	0.8743844703212698	-0.5051360676929727	1.4302294891356442	0.011014668243187793	2.2290142887399536	-1.0983027764038842	0.3448522597875179	0.5039595862417212	1.8983250519220896	-0.44485388883331184	-1.902622883678387	0.5078885839723344	-0.6404526142147077	-0.9385791819372216	-0.8759222037817798	-0.2532442887962248	0.14640596199864667	-1.8906384023735887	-0.4399173714394069	-0.7127369319465201	-1.4138309175239916	-0.637556269102641	1.4169498109721963	0.6540368416763651	0.4833459330482818	-1.7646646108629793	0.03606758302453308	-0.42698630748003	-2.2424547098782437	-0.07958585257782963	0.8467288311549745	0.38247911181199684	1.3580040361465904	-0.2610589280477783	0.07518569966839908	-0.19813934698184	0.8006939121820412	-1.2478441792903425	0.6338217949302297	-0.8157350077815653	-0.6412802455790928	-0.5039450331307647	0.9522857189962706	0.6237117815535653	0.42066177262719917	0.2511348154875917	-0.7400421228138826	-0.5536468128771002	0.09728070375891618	1.7743752573855374	-0.18986700243357724	-0.01597062415996221	0.09395993677089941	0.017762125576297683	0.28643409316869006	-0.32332612309050773	0.2768060613206813	0.11998772183395655	0.31230365060700754	0.6349607367637377	-0.02291471516293127	0.3652286936468434	0.6577664387541374	0.0827625363222587	-0.7713061954373722	0.37568388110635237	0.2639507582529955
DTXSID3022588	11.083562866956564	-9.424010590532518	-3.1296005246443594	7.019113340411485	1.5431916875063294	1.4980077093617488	0.0669583248654002	8.41995626368823	0.3121611771497534	-10.877775516019575	-4.712112777577702	-3.1025146660625182	0.4518134772929727	8.503193071545825	-3.265696255588596	0.10067272629925468	-0.9527346401166529	1.1552136225480907	3.6445099090935793	2.9928009961554483	1.2673361482527368	-1.4733177596368787	0.5246921582675199	-3.7932243221662785	0.37270462244574104	-0.4972212161030658	1.1179087395047416	1.4513824332445886	0.4858502852794017	-1.2699930701001818	-1.249219933764517	-0.49158677203526085	-0.18235832873369964	-0.5337229907760129	-1.9024713360852972	1.1848557213831357	-0.3930721277228825	0.3833190811566432	0.243475267576056	-0.4658402721795189	-0.6783495336618476	-0.24623891570644993	1.2581942807551374	-1.385824618682856	-0.7674982217089401	-0.2434488670313246	0.8545487416859722	-0.2115777046651796	0.7014262914019556	0.39590315613038146	-0.8630642347074831	0.28484208090141616	1.4146229242457642	-0.6825417573142731	-0.0650681217402534	1.0446170302270756	0.1717058912423528	-1.1866172940197237	1.099296980781969	1.1653935350332607	-1.0932053561924542	-0.5263719273665884	0.10713203066872949	0.7555819612067549	-1.4919363618401573	-1.6251360631091716	-0.6220292308492197	0.03135234411517706	-0.7750847345623053	1.2256508875546315	-0.08160757096542973	0.1359221224436078	-0.30139961615540617	-1.400475985263793	-0.5856717546524447	0.00937195797076542	0.07896090779203534	0.030515293649294242	0.3920305765006159	-1.13009724905645	-0.5389419193463705	1.1898873838953423	0.20771350100134287	1.8191511947876426	-0.6555479676172424	-1.1947092784785773	0.32550103619684945	-0.3598532136196082	0.7772253969169111	0.14840950387992569	0.791323543654928	0.26210255343714584	-0.09760918388501862	-0.018271057767625914	0.4725036243948606	0.5618855267867324	-0.3421289518940691	0.32330626704419874	2.180415303250538	0.3706599597014195
DTXSID5029217	-6.3443977699430185	3.4380407111863778	-3.338845078969026	1.6542347799486319	0.7453695023298402	-0.9002512124805939	1.1650263517495631	-0.003903042039518467	0.6687469350271843	-0.4033484669241327	0.6890325173900131	1.3763622146808783	0.8836820090608717	0.6453690418636482	-0.13911306382232227	-0.13695190956632344	0.27044028513626517	-0.09789890055271024	0.5481068526177555	-0.9300197746565928	-1.0081517782406373	1.478229304061055	0.16667562113737072	1.0112749475571012	-0.5875140474156433	0.3942563633479622	-0.4894437924188358	-0.8167972750619343	-0.775827486388634	0.5685185371230839	1.0423050890853407	-0.2041108280602415	-0.07278369813441833	-0.08183779448690705	0.21307815305067782	0.23790118496516777	0.47878123393439453	0.9208910925472927	0.029795464307464076	-0.7835472987643437	0.29377794181586736	-0.9486549737879318	-0.4223273394659156	-0.1673359232947079	0.6610132246429874	0.031028069702591816	-0.9189862970321442	0.6727392567653736	0.7357766038758917	-0.5206585532560266	-0.4473892432746207	-0.8733728550758825	-0.07505159172680953	-0.7236875290245055	-1.1476176326662955	-0.32530743169395937	-0.43742486725458307	-0.5128156130384978	0.5682216386335859	0.06340113914670206	-0.34438596518943765	-0.11330032682096816	0.2334940103717901	-0.009992192896407612	0.8083883696120864	0.2948757734266647	0.6962898145285725	-0.038351950467248826	0.6721674932384025	0.8379450334795858	-0.5270209965938661	-1.1607678457920128	0.5133538054561331	-0.3541480509823231	-0.05975376554323538	0.16443154498242865	0.5814780848888452	-0.49373792647534004	-0.22699829006404093	-0.23420343931168117	0.07024510877004647	-0.3187363960581914	0.47541458764623473	-0.2365957650631036	-0.165401393577669	-0.4837316885942347	0.041405820210058675	0.20773406065344688	-0.3342103756227623	-0.004177640399553534	0.004301866138578718	0.909510256530887	0.16407443078711764	0.04578809295340692	-0.14095671086525952	0.3797265628642635	-0.34269872619933767	-0.1718532976245863	-0.18633693795812947	0.5140072351000288
DTXSID4030047	2.1174849404707072	-3.723515315418248	1.5674065596895554	-6.025117132337504	1.3059467645570724	-1.1051338641929374	-4.784418318892731	0.11296192566056268	-3.692731575042393	4.581424731417645	-1.017097374156494	-1.9711173350358149	-0.6118480534924279	0.26591206288447444	0.6512064416073683	-2.562627173480128	-0.7006631655833702	-0.6337322393879895	-1.5428056931050975	0.06856266178216922	0.2950536444338307	-1.5441347458651813	-0.8999386928773637	1.219827024014606	-0.5163267099862578	0.056897856892304186	-0.13279663454877821	-1.0995992005347959	0.15366684358807434	0.09035225796624245	0.8586590128811582	0.5080706717855159	0.546380844758074	-1.1341763060787484	1.049391938314319	-1.3133043741162713	-0.3691518712422085	-1.147621901794256	0.6259994900903291	0.5090485136996343	0.4388903190591841	0.8252499748909085	1.289709974879812	-0.5339728986734843	0.33132965843153894	-0.16002145819058422	-0.6756837222880063	-1.5682248287500777	0.19668480847870695	-0.45667564864344223	1.2946786703498108	0.011087365503996256	-0.05113864938983625	-0.02482118341730433	2.0978331085433575	0.1790804993963257	1.626046903591128	-0.4255319049022549	-0.06156770944370236	1.7656348152779366	0.16261478148938427	0.2398996262865687	-0.8651361756728166	0.2114681539718994	4.543291820485145	-2.858319480805451	-2.9731685983985745	-2.29544787157229	4.534624642678055	-1.0379440073980062	-2.4567558201893474	1.1770894391059121	0.11124551798109869	-1.984149639893047	-0.7729054460639654	0.29829341252940866	-1.4222664018746767	-0.5554689854972248	0.10847797713285484	-0.1716186718324642	0.10436593544610448	0.2434634603428398	0.06963950739256157	-1.0029622522026351	1.9379168541653717	-0.4227068203032707	0.40296041933500826	-1.0427141835085776	-0.2343690440285557	-0.2454373072284656	-0.8792072532385117	0.4260449021671111	-0.6949328754782262	-0.10968298753199726	-1.1827853194605278	0.08034428526866615	0.11137177664435349	0.20305800940747193	-0.39232472921650124	-0.15650671361205
DTXSID7027467	-5.801092388941332	-1.788133856850955	-2.9858799997006713	-3.978247443004486	-2.26548260941403	-3.6695669174485035	-1.0194283153879589	-0.14083127149513944	-3.210404713391719	2.686795650076051	-1.9766339647318565	-0.5039718964325411	0.4596350700160951	2.1108100556288765	-1.7388832672456438	1.2094458592776065	1.4698267273935426	1.4437158053855774	0.6620979084431229	0.740573753846658	1.090623847704225	0.5079626462551695	-1.3061119131686552	-1.0893280078910927	0.9625322006631939	1.4437877583667265	2.0084576662430353	-1.0476406854365232	0.4517671613542761	-1.2157718597075504	-0.07120277093071684	1.0670945656308046	0.28725589468502344	-0.9827053278292528	0.22452823293493765	-0.1435895921781406	-1.2077757643652434	-0.046814329166077896	-0.3646921820992801	0.2549488458457459	1.627887903626535	0.10446852431556154	-1.6474815834862684	1.9718959012771988	-0.09182383967822941	1.0493496285065678	-1.584524649017406	2.719316059926798	1.645831448065027	0.23778965732502857	0.1545081193076289	0.2843772358165543	-1.4505848689134464	-1.0639377254761433	-0.4589951622293932	0.8274400605814171	2.063896785455092	1.0895585682635038	-2.3529514070600994	0.8769926627288602	-0.625068192941325	-0.2434268051257932	-0.4103916455281956	-0.3958172145516016	0.7968335057176442	0.3092365144566475	-0.4376720599636173	0.11920134382293149	-0.16552542187174937	0.5916533194865726	0.5811689163139073	0.1672176603214113	-0.5220613300405162	0.14367651613803406	0.3410035941345363	-0.0687211884813509	-1.0516344356169807	0.42840426091777456	0.1759580230027382	-0.3224662281433924	-0.8357261206280027	0.6011349644404828	-0.15936954113783816	-0.08167811094922547	-0.7821340717499137	-0.05844033720802393	-0.5381088280600704	0.479339827043807	-0.524458629383007	-0.22735214024501635	-0.19473321487483597	-0.6984581289166975	-0.27866161785041105	0.014619945763007394	-0.014415915292711313	-0.019500355055071916	0.6246771310748982	0.1680028830514376	-0.09203091158577158	-0.2351147959014481
DTXSID4021923	-8.249527828961241	5.096170992014997	-0.43459153378648613	-0.34477225989349847	1.983308623423741	0.4432081523442275	-0.17064764494297965	-1.0644016370900413	-1.4960787052219053	0.5814375479565203	-2.103745665828606	1.487448433660861	-0.11377469992140478	-1.0222195793682758	-1.195665609317962	0.8858136212255023	0.378267175534637	-0.21655015919708262	-0.2111732099769514	1.3351610838072911	0.27548055018166373	-0.9880169757793131	0.8216741628188294	-1.7670668248461918	0.004025707230476837	-0.15423984455881468	-0.8068392714301922	0.21470139404178593	-0.221147301966533	-1.6199794609165385	0.2836230722154526	0.3000632889003416	-1.1888067455096853	0.9382031999403543	0.4537144240477192	0.4371307645755656	-0.24795425058409123	-0.15736638237567352	-0.15161725330433462	-0.015937693633777412	0.318560884851323	1.257327873735945	-0.04251270725296885	-0.7254626552235967	0.2517783943020337	-0.5063206406712031	-0.6999176628100623	0.6483456989050081	-0.4144113877987894	-0.15665359775616913	0.048438576650435106	0.39548914482618724	-0.7239193845061206	0.01847403083197915	0.6995763690621073	0.02702262149215383	0.10589521770680344	0.5991048878551839	-1.705209000359951	-0.05513574908878567	-0.46561900919565197	-0.6734789024194318	-1.3105040158710233	0.11421255063677256	0.18096345535189653	0.08133906293957903	0.6677233748958447	0.6445054018122913	-0.4927529099273671	1.2434246946519703	0.43201904216015585	0.4465604582715818	0.06433507929369275	0.07566133125144979	-0.2691304629108193	0.10092208195822053	-0.05642431101258076	-0.15755021724788312	0.10207829937248747	-0.4558632080972455	0.36600222511953157	0.059108139712572845	1.3203467005910625	-0.5625856623227297	0.573321509298317	-0.4315844085950891	-0.013064496854956871	0.3579058037811511	-0.18769166286272163	0.24903712390975943	-0.2863527369584675	0.4467727684968372	-0.9322117581704067	-0.7283866860267215	0.5680327172013939	0.265018667369456	-0.2869352359994544	0.24782951772275566	0.3156034251751776	-0.3221833159689171
DTXSID5049364	-5.700726780359662	0.48506294451833015	-1.814788138619394	0.3446794643583048	0.017354468379523983	-1.3204246229579748	0.09062662682990634	1.2364708962240432	-0.08581373578940059	-0.9156462702866456	0.27437497095651064	0.2781799685059774	2.268950485905517	-1.0029969686126357	0.03158494476116522	0.8424256854073773	-0.7918873299516974	-0.3781955125407009	1.1443224121757167	1.1176166652613486	-0.8251563904469308	0.8284278004452503	-1.9578276891510191	-1.4464115242476365	3.0046312349964635	1.5582499369122471	3.219685982555628	-1.0069199986860138	0.5636079420416299	-0.5118243093893282	0.29137816959013957	0.9797422290643282	-0.6506863719655454	-0.9135173731883129	-0.27933792044400113	1.1729420203421246	-0.9699618085385752	1.122727817370373	-0.8039558607413867	-0.23719621041372854	1.2750508825215319	0.8051123842883772	-1.7404538413062731	3.116009671587147	0.5384388461043839	1.6140323010852797	-0.7612229421372713	2.653192309228543	1.632044137092267	0.027554088187599537	1.9953275329471818	0.6502331338836252	-1.8030696303373537	-1.2024606744750035	-0.6340843598847445	1.7423636849926343	1.486218572158589	-0.164896007919692	-1.9064661503085654	0.9623239246629814	-0.8695283820552903	0.20562771245274153	-1.1238747564880651	1.3018499201264502	0.6313274898336251	-0.5332640002758269	-0.7532638281962359	-0.3226679145208608	-0.09958677486069414	0.7378497589686064	0.9162899353643872	1.1498592575035547	0.08513826320011336	-0.1838066989169899	-0.9736995842999905	-0.3723586364726047	0.6837435106482671	-1.1233512273146613	0.11883893022259591	-0.06734318152977352	-1.491126191541605	-0.5242675051479517	0.5106143307786469	-0.9396385188361899	0.2696193020460463	-0.5320266625666246	-1.3604696769367661	-0.016708224918597085	-0.4651431588197059	-0.41676107812744806	-0.04331731172857934	0.006288537710916094	-0.3949214685863075	0.6159842954618332	-0.6570049610840464	1.2863357508882285	-0.059131538906300254	0.7076951507755753	0.35672931931044144	0.8828742457563513
DTXSID7040287	0.4007258519845976	-4.200395019866557	0.3505749149465065	-0.2973519019401056	-1.7941579744273175	3.312087086659661	0.3141704995585068	-0.3232960104985003	-2.0898233046618273	-0.32925623358407574	1.9313675573581448	-1.1508772462742227	0.2076841831314679	-0.9217368221376773	0.5220056308330719	0.12273023925535696	2.2034658541198784	-0.32800349703178794	1.5098715457975171	-1.6940612799843442	1.7433054623023383	0.23923562793620076	0.23423935922011674	1.7174076357253538	-1.0658768942579973	-0.5581574121802458	-0.11254004005161085	1.9232157212962755	0.6187315732551273	1.8334679711203121	-0.211861636798868	-0.5938666126590725	-0.007001286514841642	1.910134343027267	0.9670615222052037	0.3088425907616201	-0.9087440685336912	-1.556077312085974	0.8279964524387696	-0.5445883537416741	1.3833843554587295	0.43940242867608237	-0.5453467737685778	-0.39356637852951276	0.2404870711192001	0.013654307097149512	-0.13120542728128345	0.03589639566264555	-1.795959321810143	0.3793422454223974	1.1019608896652093	1.8038883544957465	-0.4793804072542384	-1.6145588955335104	-0.9180086015852149	0.6440396575734367	-0.6416657042691181	0.24785775137213398	0.13571976286374687	-0.5396415918281391	-0.7897732453872296	-0.008950509252591601	-0.10472649469138043	-0.3123286022646617	-0.2955805336531379	-0.35591336863900025	1.0268530108845833	0.7761119364131134	0.7911397317703416	-0.4245527537001956	-0.5234700552988889	0.32789377356979615	-0.2653190082379484	-1.38314618262035	-0.846673309794786	0.45789444554046593	0.5989473122889727	0.44807674074239157	0.17737482808056776	-0.3988714229118418	-0.7452043000066952	0.0005960193119168895	0.9314884749582666	-0.1257112783843562	-0.2630917010441222	0.392439652940496	-0.29646847059810616	-0.2510141815837232	-0.3733594690061869	0.3900790743044557	-0.08074822190383728	0.3996988087891798	0.2992601013092778	0.10066559298397004	0.0767739536052834	-0.31297368788926494	-0.01220205599250179	0.054981462019477435	-0.15388624805111162	-0.10101396830525051
DTXSID6048886	-2.554597206917139	-0.7061184181475879	-0.20455264052489563	0.6613622921583866	0.6461790570724741	0.7227872506768248	-0.15278592002625274	2.0928515413929114	1.2494535868158447	0.7591922776080663	3.494433542764084	1.3641706169202295	-0.6065454056555796	1.658468762267523	0.8997758092019489	0.0870159796637348	1.8312023722454818	-1.7687905132052968	1.0323885723220707	-1.0191024478439337	-0.31620866004396253	-0.05989487880634553	0.08647733828511346	0.5853459502565316	0.6200300204943265	0.09122548551011721	-0.4531693727450847	-1.6639399698996484	-0.7878084692139812	-0.4355472036576436	1.5997101785132777	1.1008534420231004	-0.4684768479236544	-1.182789256226078	0.7992196292875389	0.21154714164529978	0.36952681930583753	-0.5420419572753279	-0.27289174411380845	0.12153644108055547	0.21674065783864216	-0.27463966368922826	-0.11253919193285633	1.5411579196121084	-0.09599230962266973	-1.028933830379003	-0.24048907482656504	-1.049976378008198	-1.3240931993622815	-0.08091848796896012	-0.15590689502989685	-0.6512198328368524	-1.0929370111727574	-0.3280756131659638	-0.1775106887821154	-0.5849980022920703	0.4858044952471066	-0.08938160097521897	0.1582014239303441	-0.8274680624733922	-0.6804221009028378	0.28443821347884796	0.12927236531121186	1.8058786289051434	0.3528336591865666	-0.06559174123469726	0.20468836612946176	0.18229794285746542	0.49004552487806025	-0.49328132954343584	-0.28219114285155156	-0.7310330658120731	0.4788147184609079	0.24538496699637538	-0.5227089516503164	0.8060499147662018	0.5551222154078956	-0.6325103266825995	-0.46393341475622635	0.225629768381305	0.7613510731902233	0.22985434710115407	-0.05864536780345643	-0.7217250785834636	0.37173799617281356	-0.19153128806633593	0.2760107190037346	0.6639483324894382	-0.46481291462744484	-0.5932701010477904	-0.29522980520551506	-0.18015309613161057	0.6049468332392873	0.22826800070187517	-0.8490868594828226	-0.08678410253883181	0.1847384245340832	0.544749881355625	-0.8161398095794679	0.22879230573385087
DTXSID8047842	16.35704897671537	-9.109079426574061	-0.2750818853143931	1.0251105483492502	-2.528684713447097	-1.8412470545215527	0.8131346963054888	2.1311773996200145	1.3759819113541483	-5.679984097744792	-4.028341810512212	-1.6018917340893442	-1.216268766974116	2.2586432604491304	-2.498469367962217	0.6662623235923075	-3.0917894433967983	-1.9446043860445097	2.1962341873961595	3.6493553897183135	0.40803771580391157	0.8792345032077133	-2.0649113005478417	-2.7135181389119953	5.422852222646324	3.517690278169908	2.52508821372636	1.9218045199461338	2.5105806960674224	-0.7706736702240905	-1.8950369442428088	0.7509323475207709	-1.062984926514737	1.6428453075486356	1.474297967063868	1.780141579128814	6.580775438131328	-0.2410787113142981	-4.5695309654842635	0.5948284256395597	-0.3063481473011397	-3.3355967699043787	-2.8350908345403676	8.26123857823623	-3.048444066694733	4.631146155977361	-4.247097001433842	6.7647869137701715	5.243586841449021	-1.598124256141909	3.5902591680101854	1.1036463042714468	-2.497744001752233	-1.0854598389592898	0.0750537082279733	-0.022944357622265446	3.331931293012498	0.39950090980667075	-0.32377615095134776	1.9917002768107288	-1.5610153356439442	1.6016109931908566	-1.4925369859405688	0.34321192234149084	2.425846402792552	-0.42339163763270427	-0.3433001390885962	0.35621390309182355	-0.6566613213189779	2.297319116862856	0.27131507488912915	2.769242887508487	-1.5207863390338645	0.13742494718640597	-0.12023267054481575	-1.5515328515351263	-1.3343110062587136	1.9758074083407404	1.5147859786245303	1.537866702613423	-1.1721659323998186	-0.005523780956153997	0.018023262883721473	-0.9988014491307847	-1.676109326693478	-0.701262457390772	-0.045529573119582445	1.6560081150957267	-0.3911717779138629	-0.9778827412716578	0.5417835609057928	0.3379557143561986	0.9090708510705584	0.47366186300008156	1.0745328522039002	0.889078064304198	-0.11388792362608284	1.6937994670821437	-2.149258685414719	1.21487137272324
DTXSID2044896	17.401204567769145	-6.19862594427794	-9.288832385528641	-2.393246362976602	7.375307569564756	-2.5438654242145353	0.18874774661374513	4.044896448648303	3.344498590825214	-0.9194408206459069	0.2598037639942424	-1.6419813195838198	-0.7809186981825401	-2.4887510785715925	-4.516879139759033	-2.1217725146720094	0.7335553051139551	-4.448974200769123	-0.27192096392600457	0.5383952843616177	0.32904414700035944	-0.04016791655475018	0.05246821699411703	0.44984646641750115	2.493554652456804	-2.281164489106089	-0.7867232951011223	2.6413998044888625	-0.019144037576086115	-0.9490108661783372	-3.9808676007111945	0.6738381845314676	0.3798706956401592	4.2563176842346415	1.6137953173390487	0.7162431400205824	-3.978678672746808	-1.4985317481511005	-0.4197984375944353	1.1070610002949968	0.3734311962236221	1.2458645519973177	-0.664581412089839	-0.4066061940701486	0.30054091471730865	1.9789633150225632	-1.8089824940986636	0.20427060097819005	-1.9548868810990052	0.904546924922011	2.6190744268561224	3.5443150568128963	2.1752391440503356	-0.9406149059560281	1.1473244909020983	0.3696240939990838	-1.3079645090125251	-0.5313590491732242	-0.6297516637669642	-0.4241318865235598	0.12041005644889513	-1.5984793536044906	-0.32500867207511475	-1.2700881401767148	0.5942529788110007	0.6369081633128533	2.0871019341946617	-1.713819426928527	-3.7029237645996425	3.0015269129587305	-1.0687185690949847	-1.6233104040984752	2.1702959399039923	3.4237964908421437	1.6231530247513024	-0.8126559272652376	0.4130336183439605	0.16699105272235723	-0.059473768536176745	2.38561576871264	-1.6138517826028982	1.5374882858540528	-2.7691747635638917	-1.295292697770138	0.4707861360540423	-1.6971269006460974	-0.9788409584863962	-0.5510459404614526	1.4173861716099059	-0.8432629270884203	1.0433647920251825	-0.05223737046553167	-1.1648347987868743	1.1973982437289454	0.5608317770288812	-0.29122087901241056	-0.48839304448462195	0.4013040562614897	0.25431996011786706	0.8685785875894515
DTXSID0045880	3.304713298261985	-2.0718623237358442	1.7923571850017679	-2.8596227934167753	3.165766706546393	1.7373838657151655	0.7417832808144129	-1.5390128872307236	1.2429171090893443	-0.1414169943785175	0.1966730063574689	0.5321052963955005	2.88494984003736	1.0176214978021745	0.036813513155074376	-0.6858511523812476	-0.053563822816976914	0.17203786676930038	-1.6634188348473475	-1.148904163215522	-1.133433994756522	-0.545651558802262	-1.487743470932344	0.9767144683216832	0.6112303683099495	-0.26698441016815266	0.2899484951268056	-1.9218357573101585	-0.6290489515134478	-0.22491117304139904	0.1299663904641023	0.8977716545588621	-0.023310038968619277	1.2153186820604454	0.12362657604114859	-2.212074393630131	1.023524866648657	0.8523642330878342	0.41846212848758585	-0.5318541935044924	1.2626557869027182	-0.4578796415845441	-0.6515407499483548	-1.0012845635636491	1.3061145156518885	0.30056801084260704	0.1925868555672413	0.36644575779417077	-1.287763918923664	0.37348034047991857	0.9714002234305328	-2.033460299825174	-1.0134887452578987	2.369836133158306	-1.0192507542406806	-0.06467838814448397	-0.6275429886352737	0.10806603598869274	-0.7294303297617133	-1.4840352821728036	0.26273053474356384	0.21853917904272985	-0.5609092981906885	-1.515167546577239	0.32494680544447774	0.14940652755622122	-1.3156974905558099	0.3980284066316025	-1.2943017089177755	-0.6622282236797923	0.40179113029816493	1.1120264349958637	-0.481248122633538	0.9826717890073648	-1.3380447685471015	0.9557465571944581	0.6181172589855909	-0.6997462459473568	0.01858902347792383	-0.0472904025101728	0.2734221199001502	0.3947048180343466	-0.2632292947102338	-0.8655413018703797	-0.8784563668011103	0.18074965296568515	0.10595702854718665	0.7557785958058025	-0.17506282211382646	0.18512653406211485	0.267311196006548	-0.17639089557623733	-0.3662842213138459	-0.08775819287288963	-0.15304824884365412	-1.0402087326138263	-0.4483409675597872	0.3789923187726614	-0.3232180367653782	-0.20838371763432192
DTXSID8026519	4.4755875805111724	0.710776188618854	-1.3764835623886658	-2.1150420867950412	3.818097107594116	2.0937107390035865	0.2936252983703309	-3.78076667230131	1.9919006310491525	-0.8638389159603597	2.5109476321086652	1.744991365015504	-0.30808413545262175	1.7103558255584486	-0.4255538485407552	0.27420702236085986	0.5075104496243819	2.1058292899643254	-1.031694536984101	1.3805328001777606	-0.32716757517065803	1.1271889520055682	0.18574146844412892	0.31392465504648953	1.1088802749459055	-0.0008753801710322525	-0.7376104636000579	0.4653551139862505	-0.045932208401713776	-0.8910177340837896	-0.5635970234022754	0.24968717043181798	0.8737836442149648	0.9615976305985567	0.733823733474852	-0.8085665745145114	0.9190674006490965	0.24292915594783537	0.43449366161246933	-1.147701780280399	-0.11482210214862504	-1.5401056219533795	-0.018635729628504738	-0.8624918075869853	0.7375463945381602	-0.6117304648298442	0.10588050497725657	0.48008860741660603	0.5556755157300907	0.6102247429598653	-0.20388672479449332	0.28066323655129194	-0.2530675694903834	-1.0849624536379276	-0.8579358776682441	0.8674914424803235	0.14552098037694014	0.2018584305336174	0.24811277509028978	-0.28007958812358624	0.43469090671767574	-0.41784282056087024	-0.423615350285725	0.013753902891278608	-0.5643172081269395	-0.6729647863776945	-0.8864612287303382	-0.5384729726972669	-0.03457359923265328	0.056496066873257034	-0.3849237457949496	-0.484534674282423	0.2819388377772386	-0.019507026487419473	0.14414563584577775	-0.8094214599401918	-0.1150293265563094	-0.5518785123037725	0.9075813417840316	0.42253734567241785	-0.18940776073035054	-0.014864431940784451	0.32049992706415914	0.0532248903203411	0.005285145220138023	-0.3499024739509409	0.5278770670096151	0.07472423369778103	0.24129935963662114	0.25103741399743135	0.559353692127382	-0.12768681251282699	0.17086070088746402	-0.36781999881107696	-0.2122727126421579	-0.059716117130643155	0.08983370837170511	0.1249658149365449	0.016351734852918784	-0.3164035914840255
DTXSID6049064	5.93572863781113	-0.7648802242049828	-2.1810835278570653	-3.72197044670318	-1.7327239359775648	0.40546684973768415	3.501896285367951	5.184692516535819	-3.052036841657366	-4.318210354156647	-2.6032177158271668	-2.171042499051804	-3.407380269521276	-4.415019629307968	1.0992015291007382	-3.1673981717161404	-3.013591488280527	3.4752000271084413	2.684988707546931	-1.2305175733509615	-7.148237937508005	-0.02459072943587467	10.667808720976412	5.577790963024834	8.046581773430207	-1.7057987104228798	-0.23314738377042388	0.45575660992014444	-5.116874244137347	-1.6845840154737148	2.7140378808871235	5.925521125032623	-0.99314231478328	0.200096544598313	-2.5482480952050133	0.3564901447017831	1.2625161759427586	-1.4968225792369125	2.6411218358880943	1.1258193132491767	-0.4089850369852129	1.2058169651518715	-0.6387130884457076	0.5433325080304853	0.8591407997510827	-0.7940286693655466	0.31528912547442023	-0.14856486010545403	-1.081770405413019	-0.2962281276827766	0.462192790871881	1.6694579073842255	-1.4796990465868294	1.1309908798233976	0.5339035874954875	-0.7945563414345772	0.12053021949355265	0.8274960044501404	-2.0210140358826054	-0.039275955312073875	3.4185430718690575	3.7045445098436067	1.6984167663173384	1.4957549465757274	1.8917881041478162	1.5895121090928879	-0.8820502120965266	-2.858188602214694	2.2504082312814817	0.04365033868347548	-1.797304886765367	-2.3927735876932514	-5.53652864662403	5.417475843472767	-1.3601890862925137	-1.8320668913171643	1.2223281205498366	2.6822197950152176	1.4829302428461155	-0.2896381365767003	-0.07665000429825611	0.8075370277706105	1.3225618886098218	3.043278872640816	-5.366700990216462	-3.540759211445846	-1.88928006813389	-1.527645773012503	0.34178549657583934	-2.2605107271740383	-0.04673731172349801	-1.9198378137108756	0.39528311079945705	-1.816790391163789	0.28374207841584387	-0.4648569403233581	-0.5656030176370732	-1.6305239034212113	-0.437770000766518	0.18875395475606147
DTXSID6047523	-2.606780570379202	-0.2783154874931739	-1.833476886153245	1.3812239927319758	1.1268981518646115	-0.4051031873900095	-2.1618622601767488	-0.9929147730079124	1.1215989959370667	-0.7934003213713681	1.2163381330139906	0.6549950216277993	1.0447504586892693	-2.277378013983057	-0.5446431102356522	0.1221111678507696	-1.8529497043582843	-1.0585819486497152	1.3161421754514424	1.9081162061972705	-1.2353069665886185	0.9036313295298685	-0.09219219090963088	-0.07807276763906348	0.5682472557094987	-0.8229590754458738	0.5108910390789941	-0.10710210499719276	1.5642353362539876	-0.216228416367656	0.5025352131158426	0.3982511785624822	-0.5613826525104736	-0.5539663865461003	0.9333079182326582	0.8989437198067141	0.30832254202730774	0.019271800350284182	-0.22513706953118928	-0.8814750815695969	0.6159963663633309	-0.3062059309199002	-0.12532659817368674	0.728955834997045	0.39879627249516375	-0.6045181547726622	0.6562043872009273	-0.32282972158342577	0.03263017497845137	0.09321438039912679	-0.7426730379736701	-0.18486128178545452	0.12291948172004614	-0.1421592191508525	-0.26321543096567734	0.8204969455395643	0.38665671588058925	-1.122761873556337	-2.4792149955983405	-0.4537146833556274	0.3444365478356436	0.13790022916225933	-0.9631842243739624	-0.4163047276781681	0.4729198330397775	-0.6281354430882025	-0.11072435898195072	-0.1264048058027874	-0.6285903120838833	1.0799349525288828	-0.05898117953906332	0.10046763396806511	-0.23098499566856243	0.7696615709089648	-0.6028325920937959	-0.5107688095793913	1.8135832952375643	-2.3621004748897225	-0.6667952554154544	1.037528261246871	-0.9545368731934444	-0.5345151851071495	-0.43712492295124267	-1.557912089764685	0.06348422643602453	-0.14811946586508273	-1.4582953922850288	-0.10900529713588472	0.27911277513887767	-0.05039896847411902	0.19903084835062682	0.13181962806338665	-0.19260443095360222	-0.0408802549723985	0.5323924997116624	0.403194164051143	-0.5246088712701106	0.23512408833283674	-0.10111263038421618	0.24066994344986956
DTXSID6046553	8.446303706120986	9.225128974243384	5.1640848945437146	-2.4597688472519565	-1.2764348902344573	-0.3037119340629121	-2.2259000591370746	2.4792891609979986	0.17098954641375314	0.2794277717073231	1.1606134946379172	-1.0878739524589711	-3.5124833919063154	-0.6525854297406544	2.5606666300224417	-1.1021310589311923	1.9013723157728244	-2.07377602726406	2.225344289585118	0.0903523637016143	2.5034410420885087	-0.2902333539579542	0.38876337648495973	-0.8699846551231474	0.6649914237650927	-1.4422758449840032	-1.4487698133879756	-1.4557532051471167	0.13828375185549233	-0.21906701397289866	0.5287750262841124	-0.9856649462521216	0.7451178511510532	1.2231995647340932	-0.024216607169446257	-0.780264503386416	-0.3290055444724861	0.596870139198752	-0.15695625366435276	-1.161098945830335	0.024541496287793757	-0.6800076002835037	-0.05298035600684081	-0.032733429498037564	0.7064451169817412	1.2286488607037762	0.7965535333821788	-0.1078246369428872	1.2822204687707388	0.09648863883823604	-0.4284826583646453	1.211828532707408	0.12916145865814305	-0.005857194714999559	-0.04027890902727702	0.34284562452303885	-0.23252699404444085	0.30798057423348024	-1.1057888704097276	-0.47410793300247434	-0.18114294024091812	1.1431997257949837	0.41606691639639387	-0.44526151249603363	-0.055079832451902136	-0.2736827919490165	0.07343508098783189	-0.052169790485274786	0.08616303877252816	0.0729764488527742	0.062438042429253326	0.4542255087838921	-0.06807603908942715	-0.19851682560420325	0.3117008588217397	-0.4100627193973557	-0.27315073638864745	-0.5368849973301447	-0.00708152334459201	0.03681178099726054	0.9496282074965772	-0.19172966248684672	0.6175573557383959	-0.16301142108345473	0.25073166978435246	0.04705694634211317	-0.047982890051457214	-0.19424645398641865	-0.13822233420631103	-0.07699741098126459	-0.9381444653742947	0.33010697978114356	-0.19250823732863517	0.06727318564450879	0.4516009885154211	-0.1428432781789851	-0.10353841952674976	0.09371208334933846	0.07501673531425997	-0.011518386002712286
DTXSID6044480	-6.450986005024386	1.2431264402597393	-3.315272750636538	3.2106339045770462	0.4490909746768375	-0.07673541914110363	1.2319188951409015	3.005022177740449	-1.1494222907656033	1.8518887387121032	-0.25339935691216	2.3095883356125806	1.9555127714200764	0.6578302646171102	1.8124819092753803	-0.9945207603616657	-1.930403391807492	2.4477096415708752	1.8133876385214156	1.9936248887916745	0.4974600724962598	0.438638080200442	-1.116269914054944	-0.04765052853261161	-1.0399819888627075	-0.27124048655245037	-0.4284829656461903	-0.18390992138616274	0.4176084133779637	0.18840901151193395	-0.359019874081456	1.3920284753271184	0.817753260389247	0.27431428797994606	-0.2619511701570619	0.10918795056026882	0.24112486071362302	0.9675411170567175	1.0168701627040821	-0.38858435263037616	-0.3011473250773304	-1.467535765804093	-0.026146512781989525	-1.2147640007222829	0.6705214500284452	-0.20172563823579467	0.5919307570072878	0.16744885867913747	0.3808861208596432	0.890807820256609	0.6196854786231214	0.801968473780285	0.9174643136482782	0.17625056256409724	1.7606937742612345	1.3888400316233607	-0.6815096478126067	-2.415813584564919	-1.081111650505946	2.459628746147517	0.49111087087816907	2.712269357842343	-1.0708258757720577	3.9147212612956355	2.3479184229611714	4.530107161062524	-1.6554177456530992	5.018418908828691	1.6803825816197981	0.7635258268541021	1.1280316903012304	1.2584936404765918	-1.6339099613252608	0.1557912888074067	0.6418541191514943	2.9460972132819956	-0.10395809092926912	-0.6514416580188945	-2.660738984454905	0.9442022834293851	0.01037229039096545	-2.382334072024885	-1.9404034089158892	1.7480200622106317	1.1307866459460765	-1.6266268207829893	2.557371342771824	1.0302229709734718	0.4118956145286634	-0.8024663067759142	-0.14268815348487396	1.418338056930682	-0.5170597688333383	0.13180666287156462	-0.9109836284849269	-0.027609007117481384	0.18773374751434255	0.11275675712407536	0.16259576555627847	0.3780804977994431
DTXSID6047490	-1.3952097567471957	3.343141746519403	-1.5860947924173776	-1.001477360867406	1.8393822444845442	0.7146498203839053	0.627237718968833	-2.3659657357677872	1.7531804825719757	-0.9481842683256928	1.298254137559594	1.1305194182488727	0.4606972537315878	1.2552238611016915	0.6499210757534367	-0.6061057037934725	-1.0632196162654264	1.8486935853947992	-0.19118621647504438	0.5997210646418932	-1.0463647535987353	0.1341745437383741	-1.3751323245397133	0.376651514960318	-0.5780377809060313	-0.012642435444072236	0.59460976644524	-0.6013127413440377	-0.17115793130932516	0.37216068369815414	0.31516048083517967	0.9098182074200158	-0.29937878276848306	-1.0362251365879005	0.3679498616383724	-0.40313475637428414	0.5368532988415587	-0.32354314790108213	0.4157958875014534	-0.567035828760194	-0.18580116755077436	-0.9991338678026667	-0.015535238400920208	0.18312867095675953	0.4680462889126784	-0.715205805141333	0.3872872642910068	0.487704837220082	0.1276618859426474	0.3562767435723228	0.22285635218700073	-0.10092288772127089	-0.13793483423230699	-1.041272220311916	-0.006941604897082941	-0.9123459562969423	-0.8352635545575202	-0.2489331390597378	-0.41421966875363886	0.07642689781829295	0.02630018018541778	-0.19961852042333533	-0.1377718426794814	-0.14380837102360128	-0.10625140887610894	-0.29628092142821516	-0.06148670610692402	-0.17167401667228108	0.3679245572217963	0.34665840743547743	-0.21711866822738196	0.02999385726359297	0.256100763648156	-0.04033338262663584	0.046228609541935035	-0.15504335525128995	0.13053890420636188	0.20982189050597658	0.0726514318349068	-0.18255758279021847	0.5570716251241448	-0.15347283492866237	-0.0885113854410004	0.05475655766061933	-0.05005946863663379	0.4920172428816017	0.2908444392490447	-0.2456223454807902	-0.4254511662054451	-0.2738054180895645	-0.29989306545467614	0.032178319118428556	-0.27395419777565505	0.10150681514394766	-0.7829279586758195	-0.04008027554050135	0.4020175012106773	0.10280998952553208	-0.026020459121669517	-0.3801619453150358
DTXSID1047497	8.175415362787026	1.3624958403614467	-1.2516048169433047	-4.398341127087902	9.665803110731577	2.7970358416533334	0.35797113614228715	-4.985101508318187	1.7641327621241063	-1.2082868963453084	-0.41043204497513897	2.7052406798672672	-2.3505480426330325	0.40766029085641764	-1.0058160894911792	2.148297738983609	2.5807876694469396	3.0007481655893287	-0.8426642993829564	1.0318618178908174	1.0188731052589737	1.2261479044821595	0.49354157348036487	-0.7146884362568852	2.5226348864304113	-0.004050829555668275	-2.4898962718098803	2.0392885868816832	-0.14784799084777595	-0.5500016369141989	-1.2031708405222667	-1.3730065998857464	2.2740654902936073	0.3835694476948227	0.7943154605605782	-0.14219567217146664	0.15252616562230592	-0.47006650986343523	0.218219116314936	-0.521854779629241	-0.061371600604561954	-0.9982692586299704	-0.4407590206880311	-0.24236355157050754	-0.43763000696005655	-0.9790514895354455	1.1757514456074862	-0.014002408138913118	0.5465174690502379	-0.14000123962818428	-0.09598777343835976	0.8746859865713078	-0.4552164063401177	-0.3928898793848758	-0.37425400182177	1.4488645602060237	-0.5678245523722851	0.6630756802941077	-0.17284965903168512	0.5180049917002916	0.8989671921336082	0.2930940422986634	-0.11369855980569148	-0.5447209418630614	-0.9463782573370076	-1.595193880551863	-1.7235084694203344	-0.15236135834313613	-1.0841483997661456	-0.5631944001953544	-0.21699364725064324	0.43727779446582865	0.0074474277529141	-0.12342094633729687	-0.3612364081413722	-1.1374002335344617	-0.38628101531799053	0.23301005291676943	0.39568066998687296	0.6688659632794447	-0.5686024330594742	0.030663627353734003	-0.5329506286471631	0.4249948418919959	0.2905522145642369	-0.18452534887476527	0.4565629013885348	-0.47894877315850926	0.7874724249231573	0.3466034748939413	0.33394006310651775	-0.7241458044588387	-0.3350100437889399	-0.5595770516681041	0.47446938237989056	-0.3252313482344898	0.21854120964655827	0.45490599524047837	-0.3102419470056058	-0.2880717438243175
DTXSID0057837	-1.5680077817691869	0.2051853465455608	-1.92894571680319	5.055323124903717	1.3698576697950615	0.8818748598124363	-2.074353459262952	-1.5769986980975057	0.7853583429370472	-3.357558865398808	-0.27057088254427125	-1.4730873290053532	4.0461465370066945	3.193928949804936	-0.5653903922865099	-0.7152752737575404	-2.3004027020210045	-0.10781690772145532	1.7206142328998792	0.9521648553595798	-0.46996613862365455	-0.2738775000854162	-0.18323558281699684	-0.42819081259208563	0.2809315638591157	-0.9263453831511064	2.3837204222486257	1.0027887658907666	1.3925287064136747	-2.9564717610806577	1.7386028717266562	-0.12971719255237119	-1.750805136168273	-0.4216446695192748	-0.12262944258757334	1.6383684889502026	-0.424155331780595	0.45276705739194456	-1.2561353594066351	0.8853147337566599	0.4816652791450072	1.3736870663743244	-0.39682198819506603	1.086934045480133	0.730922176702186	0.06036430014513404	0.9744306805265512	-1.9331052323853704	-0.4371337422182705	-0.8599799279848065	-1.3732956364895264	2.0456863932777583	-0.6850008512176676	0.6414591142257368	-1.0007612760267277	1.0525882424802477	1.3257557495886994	-0.42866581580712193	-2.0095629428043424	0.15591524433591952	1.3382674135427646	0.2845860976198015	0.22426972649844015	-0.42892108681789126	-0.0661460176217265	-0.6601435890131743	-1.1704121269083045	0.1845782774420766	0.24216762800358124	-0.257993482058859	0.399267307670233	-0.4339150828574947	-0.5353906556689991	-1.3026493693645391	0.6277050027284538	-0.7252269944744635	2.8400522300380016	-1.806390765906717	-0.09292434830392718	0.5342076844005158	-0.6468228858677666	-1.0168731872370382	0.044681684531769954	-1.7398405088780604	0.9018943382299855	-0.6499706129955943	-0.8585684920005987	-0.1579221152641439	0.1775811731085972	-0.015133057189059159	0.9452052635522171	0.5471383488032111	-0.12727779145322407	-0.134036527427433	-0.372305444950696	0.9583226795538203	0.1176753243383882	-0.634729860518567	0.9502268261346569	0.34737198806143954
DTXSID9046730	20.78014893656615	-9.159778386320724	-11.231961249869899	7.576617053276091	2.2698315787672896	0.539019315038961	0.4288439144603414	6.1400817553390565	0.06312115093846778	-7.285884682758248	-1.224919188997975	-7.816655218574986	3.051841137509191	6.68112489513031	-1.277970190342743	-0.659102065806597	-5.036847901774763	-4.196460329551529	3.0459135541953635	-0.204217644986083	-0.707307332621695	-1.7142429141589088	-2.4378406043458853	-3.4322428655973187	6.443201126106119	-0.18865877788752822	-2.173410405735725	-0.5156656907337278	6.803869672118602	-4.7809534075841045	3.2854888729465426	-1.9756428525970415	-3.4624287831318177	-1.1462024843818477	-3.643399215836269	3.180962733031816	-1.409437105811809	-3.3860049722055288	1.7775729613539861	-1.2306985980382648	-1.6935996347007845	1.99850419212782	3.3699898650213553	2.5075877215127234	-2.6281980143288717	-1.5919160430213941	4.022364281481207	-0.6655093935178489	0.3350880548780897	2.179968880049615	-2.3681849546897924	-0.4180134078956353	0.7477436695656279	1.037735412623569	1.320647041349539	4.472373020309148	2.424182172299853	-2.4553115617300536	-2.923654785893543	2.285290274162116	-1.1807775330580823	-0.8734400181131133	-2.4452081036571185	-1.443208606229095	0.07842369151770541	-0.1875742745460599	-0.15179168323609868	-2.2425527768732247	-3.3839878493182316	-1.9800111710261523	2.6986309411649625	-0.3345385437204678	-1.5687028784727814	-0.8173326508758985	-3.3007840553587893	-1.0593081482173192	3.9041660732946566	-2.271950401571857	0.8868838904890302	0.47021624075879087	-2.9706206769771986	-0.9722698815772931	-0.4411920826316963	-2.3347631069516397	1.1833456405265834	0.30384657680141974	-0.6118117856261385	-1.1112037394623093	-0.31203561784460065	0.8378733322072595	3.0327276677922375	0.08133552564205998	-0.847875617503561	0.6933712241285811	-0.6957874555814324	1.3293514909577437	-0.14386151733613675	-0.9710068376772889	2.9703500486894314	-0.30768900767527174
DTXSID7045570	12.373784174326687	-3.7893471020247134	-3.39656897430598	4.078032121878654	0.3912324291101211	2.7351366068746286	2.1020775779501486	0.5838293274910715	-1.5697699705923718	-2.7192202658602693	0.2535725310307964	-4.503174906804937	1.9501564502237012	2.5148994185094966	-0.22068941420190533	0.6251633975177562	-3.3169993557288526	-3.566755938931748	2.119240245800718	0.24624681332057569	-1.7087337594808256	-0.2355394958130968	0.8151453878334856	-1.7086534480694315	1.5114094680124832	0.26642012435075474	-0.7573185685834624	-0.7773569753332653	2.0539125894591543	-1.5132292259768707	2.0772292161662067	-2.5607465012367796	-2.404816600041724	-2.117333676729842	-0.08918597091306471	1.626721324639858	2.48841101375456	0.04183308841098086	0.43436404429341996	-1.722700131355239	0.17623455460256188	1.751611024721182	0.6551295630513599	-0.19265038125163653	-0.5275178702291791	-1.9815764631579544	1.6991962136273588	-2.2208837214498387	1.2080211555141505	1.3873516683257567	-1.956179327202182	0.22095024013588122	-0.9078144999003752	0.0679645267282077	-0.9809647426775214	1.5883480724118175	1.295059180477362	-0.887463887238832	-2.272163668576194	0.5595389655648105	-0.33058861629133723	0.3283233569003998	-1.3196647300897992	-0.9699475432522783	-1.2167628225222418	0.5554934754932651	0.6743739466370182	-1.1942549801032594	-1.3720256022558401	-1.655347974366741	1.2163594334991161	1.3130688820910543	-1.7161581366986993	-2.2811884936333757	-0.9424870348657418	-3.1125302974708533	1.6127533964164833	0.1446304020324045	-0.37771341130854147	1.522388129277194	-0.437058497262907	-1.1223622546420595	-2.390536486583185	-1.561108845281104	1.1114545200802635	-0.3695006728751725	-0.5459842577381097	-0.9686102035791982	-1.0940411906365843	-0.21366550201514847	1.8837725983633657	0.28747890012418476	0.11403696139120158	0.0070045392582601795	-0.33597866771240253	0.7711203040355044	-0.053863115125972916	0.4229842093056848	0.815814064877027	-0.7738105149769933
DTXSID7048904	7.16651070781359	3.040783099569674	0.5532229234855738	0.053793736378430226	-1.5241337065522624	1.068807826403268	5.408328760202737	2.970565592623603	-2.036884129335561	3.7064219564566505	0.8294944486959291	-0.4755643572525285	0.6319054163804418	1.4051262533373137	0.5997474067455302	1.4558092001941338	-1.2446446954026942	-5.377505937391716	2.704199233118177	-0.18780293901474068	-4.573622016592042	2.2911654536888197	2.5164116146014144	1.6371340232839942	-1.080988084087735	2.19253023121392	-0.02216380955391994	-0.5391560883905226	-3.2686580468392337	-2.1269290661637035	-0.5829092114959765	1.841122672856567	2.159226115350589	-0.8992384399097898	-4.2054814287868325	-0.13486978570051186	1.4092264448362808	-1.269281065628293	0.8945148747289566	-3.436719352090773	2.191677763504468	3.3191724028407683	-0.14765891735720071	2.222893074898823	-1.4922505090977793	1.1873728181502787	1.0441090378712359	-0.00682533433498104	-2.5199565698647035	-3.440504445163023	2.0745520394317025	-2.268092742517307	0.41177870515639314	3.0276797848363852	-1.6431843063012175	-0.6464434895821098	-0.07152580104418162	2.4270091319427443	-0.4254753706355478	-0.6806692378356489	-1.7268078324941996	0.873235239491392	1.0678094138154228	0.0012473356050994623	1.5624207551471916	1.2425298322951739	-1.3572206877654223	-0.7378880014342937	0.8995422139826131	0.43244197487972974	1.050661049860489	-0.4915587210593828	1.0003515203851547	1.7280242493229159	-2.409917264014514	2.4176951054689866	0.8042223606649673	-3.0532861966792186	-0.3894133624112491	0.18320524425034027	-1.1082137730439063	1.9184902466643992	1.231656750100458	1.1447237148326956	0.3812278346767016	0.38655137786845356	-1.0653452849931195	0.7903242780302314	-1.0121469590775913	1.3738245139805942	-0.5066181250805373	0.5919069998917875	0.056353403822307295	0.4726519985537608	0.9815941580133013	-1.2598838514529815	0.30510543585807737	0.37157937767822513	-1.1216088019100376	0.35757181805422045
DTXSID1046421	-5.0913257094579825	-0.6778400252156849	-0.25097329448044847	3.571400857908056	-0.7735407980492006	-1.3734308441266754	-0.057389192547241355	-0.9640555549464402	0.12102398068064518	-0.36156363699847266	-0.6348891709939762	0.030316988839779384	-1.3757900451070075	-1.513767677892513	-0.36426787265128635	-0.49641435802750655	-1.3247675860231853	-0.41755491377832377	-0.40543618188475816	0.4611187017587301	-0.6503476986848805	0.08978816744404391	-0.05490536851158882	-0.9715970120427679	0.3211437550542598	-0.3836561395680979	-0.04507295478295292	-0.5759550801273906	0.21842614255596074	-0.13721504995024564	0.46101261998803295	0.5123184894508486	0.3231514505762996	-0.15928227524728403	0.1950825851804712	-0.5257477142024951	0.6225710713165943	1.0831010066637552	-0.27398783694422935	0.11801867458532522	0.2731033425661	0.16827436036638382	0.10055925201968262	-0.5138306393919042	0.2557829627449117	-0.2716456668779255	-0.5207626887766278	-0.11928569052918822	0.5920197184616677	0.10544228643137014	-0.6408683031661024	-1.1255508087774526	0.970571669840625	-0.20215120436955103	0.6707252766047357	-0.0928341601018037	0.395304358894203	1.0659137885907612	-1.1107834603621483	0.44320689833611193	0.23611343088256015	0.8540681204844031	0.14021610814131943	-0.09823355377301905	0.13840813128460136	-1.0907416972892174	0.8896141749714482	0.5478669299353481	0.40292132701870326	1.2750918127063076	-0.47052910137357157	-0.09921628612408358	0.4560701474633252	0.13880830619522067	-0.35693932549103435	1.0998342213232937	0.6718903889153044	-0.21149912078225808	0.9355252779526929	0.4375604948727993	0.09087965401519119	-0.09812222693823526	-1.1977943597438034	-0.044141253991504356	0.2491329120992123	-0.04731493483932368	0.5391477164463846	0.6845614017933018	-0.7356608743207272	0.8022287487919889	-0.28055254389348283	-0.32768521938464185	0.7066093525822166	0.810804248258453	0.5561044095315728	0.09340647276062423	-0.7494826023278284	0.5921491973313054	-0.7657968340077282	0.4568324479161234
DTXSID8037752	2.444616671133506	-4.7705466960672345	4.341208776211041	-0.474315758245335	0.7090673678396542	1.9766040547634027	-0.7271619290027754	-4.328309298537497	1.497149510384253	0.15239464869384226	3.947457811442795	0.7750379624544612	2.459789006597284	-0.10641693781856666	-0.6915875664372626	1.416259427077606	0.40121060957165755	1.590416983130338	-0.058762353630886055	0.9349312837867824	0.7883851706753817	0.3919510283071295	1.3942934558505493	-0.41023828592237954	0.3685983777680576	-0.28464741620098133	-2.3458502674702073	0.6844349286032271	0.17969045969156994	-0.5916473311112364	-0.7043613948709889	-0.07233045313142153	-1.321989232779369	0.9553042779382311	0.3648343177906831	0.04691998477149908	1.5751452086525461	-0.12030779605142088	0.3852787732094145	-1.4139862126759193	1.4296968915324868	2.0123827233190377	-0.39200136655668144	-0.5390928538622545	0.4060265931231575	0.3243221587266303	0.6500645093125346	0.9005936128806971	-0.46957100907252114	1.8352313823067303	-1.0634652758072125	2.402947300367158	-0.07040281538311563	-1.12665426335232	0.5638345322067949	1.3264850936981916	-0.4883603196120209	1.2404542085529215	-0.3765493528505802	1.1313837841516077	0.2086921812330622	0.29675054496502906	-0.6429358896227146	-0.6513150888841203	-1.1299845765479197	-1.6295830985396893	-0.9928339835293285	0.14595431339574194	0.6956031869936918	0.29216667386722517	-0.4953465866962344	0.5448781443792178	0.011002764998826678	0.5003164760660506	-0.7995003140089701	-0.8187532884545232	-0.4884387360276425	-1.0754036002060579	0.7193545091172123	0.8275523332031292	-0.12691925616562322	0.6783155270600162	0.8324450466373431	0.018804403025548803	-0.5244901239209275	0.18407016673518226	0.23236169983293561	-0.5134210335138786	0.4412761238699436	0.08466826577067385	0.9891240295411188	0.2963005507696954	-0.3903962742135683	-0.4309610966805968	0.006185211643436767	-0.5187138350488173	-0.04552413043089261	-0.030974218606654412	-0.21297480241471708	0.512437083725744
DTXSID1047817	7.6409254372748565	-8.628930425793392	-0.28184967896804186	0.1474613428487927	0.9669185675469907	2.6043145992049865	-1.9649674215376476	10.438773577596217	1.2073182522504253	1.0699444066533157	3.6666269280592716	2.6539354806453055	-2.3342994090534948	2.6448107230220175	-0.950918298495976	0.9114312572112141	3.2864162735937867	-1.9852460789265896	-0.1523726004163991	-0.6765935379553858	0.8508204824935857	-2.0497869917815255	-0.46070207169030697	-0.521582861932915	2.998244692289854	1.5208171363547842	0.7738689823747411	-0.7364799009098272	-0.9018252082479429	-1.3494934874523903	1.8773299023716743	0.6634244526384904	0.19300478612467373	-1.0446104006914756	-0.8213675435904711	0.5205454725261186	0.12516673199237666	-2.3193991335017565	0.18840332289065875	-0.5909831229540272	-1.1396784805324458	-0.42222952852466805	1.5278647006046642	1.7358878051452657	-1.2123479012517062	-0.28574953513787454	1.4858488697013723	-1.5082508322976163	-0.9917444284839809	-1.0499655387943	0.4164435496894862	0.12847237824324909	-2.5102824701671023	0.11219542943805363	-0.8048862521523994	-1.4795024478310435	0.04188419899532144	-1.5719905907151717	3.5508828319952292	-0.28355658003646084	0.0004849466689347457	0.05214802327284129	0.0994498836710465	1.6616191732404098	-0.5540881656746879	-1.117041924945703	-1.9462230601025514	-0.09141482753806192	-0.11883395610731493	0.08213404285525461	0.04857387742366277	-0.08129379927684716	0.4234022390230858	1.0273022688529125	-0.9544770752043484	0.6827601280114053	1.2299689117276393	0.5945957299682791	-0.9757403549202257	-0.3789410521983061	0.21681772505815647	0.25508340734076385	-0.07997463081718272	-0.6720887479618306	0.3883280758670511	-1.2382531289068393	0.7786350683490093	0.8452144165133559	0.25999748286695046	-0.6837033066125757	0.42180939624306896	0.10704624144445767	0.5306286166873456	-1.0988977937616478	1.0960138905257435	-0.9301967867803987	-0.8874563907130776	0.46879199817508466	0.19833139895610294	0.3820198254080401
DTXSID6025303	-3.24058037354711	3.213343007716839	-2.6848550729206235	-1.6375197913901105	1.7472183705043225	-1.508583947822754	0.9417322520029285	-0.8526942204812449	1.5657849887421904	-0.7898777809418764	-0.052367340380426466	2.5489593295726856	-1.1244313160893737	1.4005044824780326	3.744271829964033	1.6745308777901506	-1.5063671443865196	-0.06758997437062231	-0.7385394148234988	-1.7793876669661097	0.642294851636193	1.3468739752138112	1.432966330327285	-1.8923366240592696	-0.7366164340670861	-1.2610275577700292	0.11174090396836057	0.8819096969942991	-0.39997159920167874	0.7898625588645216	0.3914599317390239	-0.2673927973004625	0.1506793939837584	0.2771983953165951	0.1636774528979227	1.02387750014837	-0.7579794003006375	0.11044053296644855	-0.22048453754614425	-0.46780366112197186	-0.14255356172585928	-1.2269769048360555	-0.07281338495147026	-0.03375193096205045	0.7011249026542828	-0.31573412664341044	-0.09791044316701772	-0.4325341417197573	-0.1698048816870685	-0.6903405066439446	0.7770865185032412	-1.0632761608848	-0.36567361687104677	-0.17491580778966184	-1.8494701690903668	0.1509346180036508	-0.24853022060996088	-0.8644611427502467	0.9812310585611845	0.0927156289065134	-0.7949774556221869	1.0088211842031574	0.4595342658336889	0.0934405130549569	0.45577624475780726	0.012051008350842093	0.2558614340769063	-0.3890187878855545	-0.813662548519575	0.9860492452736005	-0.3017069393619781	-0.1402459846301101	0.1143622020834207	0.3653698157924351	0.8258902867861513	-0.31830999711704744	-0.2518076169701186	0.3422702784790866	0.3886686510097471	-0.08144673235312816	-0.42838677399398245	-0.6488935142394613	0.2387217409421065	-0.06034227300062202	-0.09818529237408798	-0.2454521245968701	0.4711563745594254	0.44311430098765614	-0.03194471631986293	0.07183432544087487	0.028327306882457805	0.08698472960471576	-0.03836196656565455	-0.10972762794574162	-0.37822093977538274	0.04079803870558707	-0.4602505308342059	-0.5501652169690342	0.11490915732599878	0.006501327650113866
DTXSID9020821	-5.328948634924324	1.2101755138462074	-3.7805869399595986	3.5452334521157685	0.8496953438386163	-0.897895514310092	-0.03817173670886998	1.0960691010982835	0.18486588107701252	-3.7114624668959397	-0.820907954606218	-1.2264960298655367	0.43512645467528493	5.421626855597454	0.5289304920694585	-1.5824940243585723	-2.590278599696199	-1.2196276251233475	2.839721900944218	-1.0135736077882542	0.448047980537706	0.07143086651856899	-0.737177651732538	-0.06352713152761139	-0.4482619923625714	0.19000892473064676	-1.2966878446308425	0.26088513746204706	0.17229476344209688	0.05664204626320918	0.8767950290497861	-0.6021134046578689	-0.9065618365384096	-0.4266217102789459	-0.8087109919925486	0.5851706784316167	1.4403973224970288	0.824880443765182	1.4839392590350284	0.12512357247962816	-0.08270736526106319	-0.01695601176080787	0.11889296024992012	-0.6221310345321406	0.17321178833845136	-1.6734021704748279	-0.30753369099671063	-0.7890846810887181	0.7453863017916451	0.39337478636168743	-0.7606453629682839	-0.07928896554556858	1.2365896206267617	-0.20940053119291535	-1.2511864361846792	0.6034499177680676	2.0615784475996257	0.682206394281197	-0.7858975457170378	1.5397183023171286	-0.5975534705960686	-0.8263967369203714	0.8369169161250088	0.27891556216350366	0.2374470209375635	0.8958019541809057	0.20982545861993923	0.781949947172307	-0.7373208434601045	-1.0857009882023312	-0.5125416447068759	-1.3687905610382995	-0.4409092107139596	-0.5050668399091401	-1.0956997261439347	-0.1543562374599198	-0.23129289839693906	-0.1965269701855633	-0.11286551691290417	-0.24726570552970228	1.036999232568935	-0.7180222189964401	0.50529151178426	-0.18913083096056926	0.1951248765262917	-0.19451773546856613	-0.37722087958429995	0.1361875040112915	-0.5308086493543279	0.18508576336777063	0.05340226153485576	0.15285703372725817	0.4086759268837514	0.07656254657719631	-0.8041892982696529	-0.28852421073061707	-0.487779136139814	0.7733317685384536	-0.5857449760770393	0.7796800283357059
DTXSID5047954	3.9561144790884364	-3.0062426105914284	-7.015496176523533	0.027594965913925944	-0.603353754815945	-1.0148283258093982	-6.118179390783919	-2.8241061649459556	-0.2876346881393807	-6.174320533100823	-3.0971345671784776	4.629483373515038	-9.230983999154445	-10.242302583584156	-2.4826751005016185	-9.124586448190026	-5.514333460234382	2.401594675129416	0.5679550047370878	0.3452950926534063	2.4337965183069317	10.29046683096386	5.070324357456954	-2.9436543220395204	4.627627220986162	1.075858164661839	2.668429579514047	-2.6454116741324367	-5.897981062669456	-1.2431274092585478	5.6300749272739985	7.5432143600569805	-4.193319488887115	2.9743470306436874	0.15164673854556274	2.525598270536323	3.426525575183798	0.11840030825708667	3.8092764176093312	2.8705488248130457	-1.7018029861644612	3.6629108281473424	0.4430843088740489	-3.3916749808888227	0.23547523799506656	-2.0547130387948536	-1.586224545108489	1.9305618905767714	-3.485140813178717	-2.128444809997899	2.006815115298408	-1.5796475922849167	0.2252406934681641	0.934720006904746	1.3879767059719714	-0.963879345425171	2.8738803097018835	0.8231057560000826	-5.48006754103376	-1.8461573426406122	4.047190639547985	5.368649860384541	2.681682782782812	1.9347688186492107	4.900070410988441	3.2704142640151503	-0.44009602960259575	-1.7486325700163572	4.5195197389949	-0.023489626775889217	-4.327591287193274	-5.48010159152789	-9.147178157770057	8.645534649830987	-8.716096694298226	-3.6568572728099658	3.213476978650081	5.232836399921161	2.514670390958386	-2.5601066631823755	1.423153316290734	1.0063156416572256	-0.4471882289996342	5.8308913318098785	-8.640165944187869	-7.615764271493596	-4.024697475580739	-8.17879394000862	-1.174504838533612	-2.7335301885372987	2.264495643502279	-2.962232147477122	-1.7932169341146118	-2.7112853060362085	0.9650461603125726	-0.4227909010814536	-1.7767004837619793	-2.7361903850303633	0.7070163826590666	-0.9210310138075869
DTXSID3046584	-4.604108571209399	-1.4860986911350955	-0.7006800357928175	0.8731760784494708	-3.822651052637905	-2.013519103775718	1.0684862359315725	0.6955274124644447	0.42623031356422214	-2.714653520027297	-0.9907181559321484	0.2741505157443096	2.207679342595829	-1.2176695487419433	2.9261137912091213	-0.6468171193135135	0.13631734886541355	4.770226692911595	3.2881361117401884	0.28637987602379794	-5.766516608469655	-6.412414353417769	7.523032636484998	3.3186161603098068	5.840739020269577	-1.3318964311625272	-1.1671458328673567	0.7753079474638319	0.31239888203506616	0.8005162371946398	-0.04828316861506631	-0.5626373397759242	-0.18120397336473051	-0.42765013526443957	-0.14181453458683788	-0.23330530978003847	0.6306559689953849	0.8649287241326544	-0.3285107474860299	-0.3782486650944222	1.117000233203405	1.6548136860223626	-0.3018314410810607	-0.07523996683870954	-0.3174861785736117	-0.45862960733524394	-0.2762394722704384	1.594810133944152	0.6930513916361669	0.4074769806863325	-0.961418886415111	0.6691240580026302	0.36605688950734877	-0.8412327749994435	0.42468686435834035	0.14305460413817134	0.38281703387875776	0.33136811498213037	-0.365926897116391	0.3703568158934477	0.6526841506548932	-0.9799308099819463	-0.2769702980881611	-0.474295155759028	-0.39459358828183266	-0.784225803557907	-0.11337245004219805	0.6298622021729691	-0.20176436956944838	0.9013161411224895	0.6158829932706896	0.09711522812829534	-0.7313367702257952	0.7551894071469724	0.4312299201940159	-0.18859059684313273	0.639066948105338	0.2846442432795878	0.8384307212160623	1.1694402953895084	-0.8712464263494578	-0.19695536078710085	-0.03686711657402077	0.7482774592332724	-0.6259456142153543	0.6833570593901722	0.4419473411676042	0.6160689029075204	0.27739402423343196	-1.2275870705683933	-0.017431903989223407	-0.14431578800625874	-0.31667274335744494	-0.42218366047871503	0.0087446749870272	-0.2064429220198049	0.16115049243269236	0.4414237181327134	-0.23072915177256306	0.20654416608802434
DTXSID1046768	12.660330248793674	-6.0372833399470505	-0.8689643400807424	0.9321081716530192	2.64297036919126	-1.369682492220082	-8.675617623349376	-0.28482745441648794	-2.0923517999279553	0.8142407530125998	2.1218036151794157	-5.354288414574096	3.9712384363190654	2.8933285407540286	-0.4672274235372046	-0.13023699410810466	-1.9405663298961924	-0.2062518065480269	1.2668353283296128	0.8626879601468236	0.04965445552844874	-0.623740470362586	-1.4432609511738166	2.69854311265306	0.9345092286460602	-2.0135827173633114	2.105942960541967	5.700512819476098	4.932949983381364	-0.320523658956167	2.174116476392745	1.0917762640678537	-3.928114596509756	-0.25368431274571074	4.257190755639753	2.2189914700446627	6.645532154757465	-3.1439339970464864	-3.1075335924765684	-1.2479327759339467	-0.171004873305519	-0.9257919824427101	1.248754555054439	5.092663382551574	-2.4547371274261605	0.46006516125247315	2.1736315292226673	-1.7459927553265164	0.366936136615952	-1.789059308008961	2.7487396816624026	-0.7772335649486224	-2.3025633867884077	2.99326849135507	4.88504422506501	-0.9014724486487297	2.2232057567358847	-1.2833612684652353	-1.623664100053674	0.7528733891118787	2.9666388707814155	1.9704994932722069	0.5490078902711591	-1.369016320435409	3.957827330786926	-0.9441070728183847	-2.9491262560703277	-2.2354601404826218	-0.5085640405949504	1.1028111795806932	-3.9313866855501765	2.897853825874713	-2.1484935994780594	-4.5525185724321915	-1.4613592451643949	-2.138119822663456	2.590496420775921	-3.2647015749129897	-0.4656246408559202	2.487310657893488	-1.1440584202368276	-2.919865176793749	-0.42926174435554704	-3.75572312506425	2.6164319425930875	-0.6559568306383137	-3.914865580943457	-0.6149874267347335	0.7432279631063908	-1.3756244991462576	0.30141923957331845	0.43441406376903935	-2.1134143489066517	-1.5281124939700363	-0.7970200109560561	0.502639923747579	0.5445409768214229	-1.0129189075137695	0.08713950452392301	-0.22181174427294012
DTXSID8021438	-10.111941439051632	1.5343086136652035	-3.464635028966544	-0.2459777172448695	1.7134786632255206	-0.7796777422290064	-1.1346753827607234	-0.8983489153596637	-1.9132940976090576	1.505926647863227	-0.7340484855627999	0.3974084993283714	1.547199784664466	0.32724577185062276	1.2367107970615712	0.6642075108487032	-0.16511410675790225	0.6274729031844966	0.3378322975497861	1.1512797803694343	-0.32294893679018966	1.0222165199574058	-0.934746012701259	0.27472428685719413	-0.15016906815892406	-0.39877248962831957	0.596766625077953	-0.6538568979510394	0.04498768616284473	0.6189952317293509	1.842557663521478	-0.15702865638224026	-0.14582384658865175	0.334125834268127	-0.38436182029456717	0.4585167019458232	0.4083852352980266	0.8039363093668218	-0.6471508976468464	-0.4228971699203907	0.7505476125790984	0.6492053661817004	-0.6179518614649944	0.14400773424069657	0.26859648698575767	-0.2496384293042833	0.04718583869091795	0.5002553775148042	-0.11493945911901848	0.172756849817213	-0.5832363780122375	-0.39062335601717646	0.5626501772015816	0.1306650596428937	-0.3910747246699149	-1.5113128830233291	1.0692781802955231	-0.2522651838344317	-0.1132322542665131	0.06803767803879257	1.2406416923446903	-0.3441544194503358	-0.11349927115514698	0.07643939679391475	0.6794614527528449	-0.5750468820848913	-0.2230025917075488	0.41652177445217337	1.14129647405962	-0.053833569760593274	-0.05017639830991611	0.23690857095858173	0.3680075440442866	-0.07435068249996522	-0.20205677437704725	0.07748924070350055	-0.6347623655438047	0.9783899983892674	0.03648807416600704	-0.7873618497620735	-0.40659675582612753	0.5021641354966984	0.3655904681580641	1.0476579458640483	-0.4901575798105823	0.6331157601234313	1.2294995376218252	-0.37986002306782485	0.23945783237434942	-0.012064677542764215	-0.6873656553552766	-0.4344283286542075	0.11406865943799706	0.33144607456907277	1.069381310069743	-0.0013024458391799416	1.430659868704824	-0.11919461767976113	0.7152503393776831	1.2454707478596048
DTXSID5026548	0.08824390620339205	-0.33219703394484046	-0.2351148438494689	-0.08490501487256719	3.5747798384175162	0.2406173613320227	2.961959159580836	2.5189212035016566	-0.2965004026286246	-0.8094582037821685	0.5098217968374583	-0.19380547940362552	0.5293847236227689	-0.2623632924681134	0.7182827881345839	-1.3106032214795025	1.7938788851996614	-2.967186370547246	-1.6755451665104284	-1.763945646988763	-0.4664158821866096	-1.0175903526065242	-0.5552878960800341	1.6106826427628547	-0.34494853997920466	0.0400951744364834	0.932450739166391	0.06977593252903988	-0.946878735740756	-1.6535192239830345	-1.5191148429810748	1.2033299335542773	-1.0146439737072959	2.326521511166009	1.1063019564824987	-0.8818818247252967	-1.6547496965605881	-0.4862043712953427	-0.5430078315234914	0.5368339412442964	0.12727923560334545	0.7509506288212617	-0.05650543351633917	-0.9996408501451163	1.1791364318429531	1.3205175531968552	-1.0162495867148749	0.6448215424820208	-1.931619999189734	1.2902755176565055	1.7835025120817964	-0.10603661822832915	0.9000889054356914	-0.14432175671226843	1.5271157516717522	0.31121641370741027	-0.6912220116593151	1.2525730682277163	1.536104616508811	-0.4663327584301614	-0.7856007776927706	-0.2159929178005696	0.15191978579729074	0.7076047305706075	0.5961336258564754	0.8327006853641997	0.9406521696107784	-0.355706878595593	-0.09409060944022399	-1.3134738214907362	-1.5199238487960363	-1.2524538147615363	0.6335564656276226	-0.6130996855562819	1.6434316320390792	-0.1921389493410093	-0.3959172025401581	1.47868051574745	-0.9492688696134137	1.137765985455214	-0.45872315637191236	-0.096728819883442	0.9536894819310382	-0.3576413290092345	0.29462371682469485	-0.7964196495555544	-0.724499375230302	0.10775603965231731	-0.7179232731147414	-1.2017122531348128	-0.4992437455920485	-0.27870162460858666	1.0769061711722643	0.3436841353764545	-0.8430187914046097	-0.764976402717104	1.4855757430594927	0.1254989495058332	0.7672849433180104	0.5107410690349016
DTXSID1044518	0.3091874844503567	9.603522136978821	1.819498970954136	-2.1681372486722186	-0.636221108064871	0.4653167480789035	0.20481107826709863	0.2523072102600121	-0.391115992259901	1.7701582066849981	-0.5064619018059865	1.1964864221750762	-0.8993961900100845	0.5445406279381566	1.1303450139572901	-1.6264911797621426	-1.8129251675820155	0.6886142310982953	1.9613104533088683	2.57532438171099	-0.23124909694452625	0.023982053046120142	0.73885223758557	-0.5040770956693776	-2.7892248628126484	1.012108681205608	1.1017482817490873	0.8394519617039222	0.47250532779058074	-0.9202164667263413	-1.294132750637319	-1.019052626636478	1.098539321190713	-0.9123825475383315	-2.4757372083158367	0.41966910289391546	0.6527149815267517	-1.4394037747862805	0.6190474594682238	-2.6284065045069616	1.124076734591772	2.7690261840216874	0.1611096633874649	1.7736552581174017	-3.3512988172741704	-1.685370436810004	0.007173541251616298	0.749501118836651	-1.941448801607337	-0.6763836478940407	2.9483523661286095	-2.248603153708193	0.705326992809436	0.6374893388128942	-0.3883177091183552	0.2878268260852598	0.7819814092150407	2.2374694770189656	-0.7848714031072721	-1.4793392054823937	-1.1605727164265143	-1.1236102801823276	1.0928114082414897	-0.5346732414216419	-0.26076431790383037	-0.046383472543653013	0.06979700773371875	0.6364598958686504	0.5628233683417428	0.8628473265970313	0.045312431475544854	0.2679485249080794	0.5696492361621419	1.1287617832994645	1.336970004488431	0.2584312937100903	0.39780684007953504	-0.4699003058890862	-1.4058433593992234	0.46324201760589945	-1.1533077383479569	0.3653648009592487	0.9054477734062976	1.5552241515668348	0.4997688811211665	-0.98456645587283	-0.28290452245302555	-0.3285025892811804	-0.35488376081705947	1.116747171437243	-0.7459486812624407	1.675181611574806	-0.5136001367661881	0.26693999181191985	0.23749125909281013	-0.8790311711159375	-0.8761592997638954	-0.3256434860661105	-0.08907057758537161	0.1765982476982777
DTXSID2027206	-8.426457953953715	3.5353476500828003	-2.065032833503201	1.9869258169537967	-0.056180364481067877	-0.6570462162303344	0.6928793048134934	-0.26382772906514973	0.0392851990768586	-0.24916071483271676	-0.366039843741519	1.2065502885619774	1.6325745765935415	0.39372146111981526	-0.24010582878470674	-0.1435647282642082	-0.20103398173023687	0.1561717426885862	0.618093398621604	-0.781898511976394	-0.8348313594433421	1.2074585335867793	-0.04178398123518618	0.7192222520581015	-0.5461761632425172	0.5927955044399084	-0.41892626805038435	-0.5848333815122954	-0.23588586018452332	0.49005955466842105	0.8353860054302418	0.41298970840432214	-0.020687423847602974	-0.4441735617485713	0.3003872959851508	0.10242752097223949	0.1611981744500388	0.5788129099243337	-0.2426078923370774	-1.0222861673620547	0.4496323103247881	-0.38920318959219746	-0.27245059961773443	-0.04199178820919009	0.5190334358604991	0.23753256514298488	-0.25975550373992	0.7084614840291757	0.5212814418675722	-0.08338088502185709	-0.3217695483698872	-1.02914311349064	-0.25052874571872524	-0.7285375821255713	-0.4145615374255134	-1.1036505953535793	-0.5517017749065416	-0.1272306081601751	-0.015523135095326872	0.7115034819175378	0.2854807171600193	-0.3145904556946484	0.07182072336657683	-0.2530032462525728	0.25932541801664305	0.09762075604542679	0.15275703181161313	-0.00018455151795179506	0.7827933143915187	0.6756413734275982	-0.4324831792990793	-0.5086520854975816	0.44639231347324687	-0.2801032277552409	-0.26469061435201785	0.21073681381416254	0.6303546019157394	-0.5077097922247492	-0.7273064381371716	-0.2141908271095017	-0.05445659961970356	-0.3060034269719646	0.36682874730705567	0.03981878859945482	-0.2452951663087124	-0.5493463095291566	-0.052209329464867296	-0.11569495544908129	0.08706318817043213	-0.009307764079421348	0.22566296447542955	0.5987602287333013	0.1614003602000112	0.06226606704585234	0.08999628775390156	0.46638734490269596	0.04916599276686239	0.3222974366478949	-0.06357221882858143	0.23980732013183495
DTXSID2024664	-8.419098448943359	3.3832882307593137	-2.979235549657083	1.583446544168475	0.07034714457178483	-0.6723580679373808	1.3980827363404686	-0.33092637572762856	0.8936553227330439	-0.8594782284933182	0.013428056314460143	0.4221481985662068	1.6275573567022643	0.7587575092202122	1.1600503059912564	-0.634752946156499	-0.9362485215251696	-0.27535315457095855	0.42883649142402763	-1.5593086348928205	0.04508986067441609	1.1215765017524946	-1.0087814439720422	0.1940985508727964	0.904756563318586	0.3418841861511876	-2.059863884438345	0.13909073394432953	0.9058322390160104	-0.3436718429069342	1.3867587127870658	0.0800516939070294	1.1460145846385783	1.57069541332598	-2.6595999108594537	0.8899213004184755	-1.7859833706620272	-1.2097531803476127	1.5200692085515666	0.5745761961443341	-1.4776009318118748	-0.35073961715303814	0.8686639888429541	0.8592964643650266	-1.6778493401525574	0.3855349455681334	-0.13130904353617076	3.0605376216309867	0.6264358210057717	0.010699249861873181	-1.9656384808711695	-2.4902881313514222	-0.028743859809288355	-0.36984751927450793	1.314915275113367	0.3189290763624269	-0.4640653459704024	-1.98010519671318	-0.93584427609685	-1.7917774028976987	0.707132740179543	0.06397300100924086	-0.27227554206070953	0.28831537387893413	0.18680887541350286	-0.43170354237661784	-1.2776697275901665	-0.16108128359717655	1.0757758457351003	0.3988462524964922	0.3019194709837325	0.04147588345814486	0.4881767718786192	-0.2801506442785195	0.32617937180908085	0.21654392076920395	0.6909334531527586	-0.2530727341072489	0.12418216908390782	0.1263723684624157	0.7850866657491046	0.31918516328180735	0.011124181443682244	0.057291516284944784	0.2355398058255121	-0.13377603016906595	0.69790341417682	0.2219640018273887	-0.7881981120857213	0.2731010060533628	-0.10161486212650667	0.13930006877514184	0.03365748552215261	0.22076797874890253	-0.05101851504912512	0.37273034039707453	-0.19898971250333294	-0.5515380882661082	-0.8898353251968609	0.027668732974849026
DTXSID5027358	-2.286077872129546	-1.4026383021072644	-3.4931760270523107	3.6945188513734504	-1.2058682149338311	3.504525999179659	-0.6728643675301452	-1.9700465556802587	-1.7417647245347607	0.04658430325933939	1.5795951377760267	-0.9019337788759532	3.468711822561204	-2.233429433460941	0.029512222985912013	2.125443756403961	-0.5788355775349283	-1.4387332109992985	1.6624051966893194	2.1882409402701786	-0.9977882665109431	0.08838579971709173	0.28543386753366745	-1.268806044311514	1.7493726321032255	-2.7429975325738436	2.320673651012834	0.7840255664594229	2.4665651428653548	-1.9168582754810797	1.237856930457299	-1.156287940823276	-2.0341088826256795	-1.1885626818600803	1.7712815319058008	1.3975659442540773	-0.5481206467530796	-0.30166270317076144	-0.49356978710220256	-2.26288854936741	0.6297424465753967	1.006792203814092	0.8735714388972524	1.0606464751076061	0.1431877179422696	-0.5629196821111451	1.166120080238975	0.7797949497976501	0.41954953314851956	-0.15779624539627596	-0.1994274798926828	-0.007960858698094191	-0.6466012239813446	0.018142840821344815	-0.22106123677213507	2.172926171815457	-0.16253685401368195	-0.8347909585401221	-1.433039863495769	0.15815036566855584	1.1083085476462717	-0.4704290388446228	-1.7980892443127832	-0.21113544821001717	-0.6626723066217475	0.7796441082172884	-0.810566652567286	-1.0856474088488763	-1.6548287555002856	0.33176235175195273	0.007625986371876624	-0.5717527694063591	0.4624177127440855	0.08416654761479703	-1.3137446742740988	-1.4509580909433764	2.8794933031562695	-3.7422193961414445	-0.5581817181472348	0.22418248129773904	-0.5048052615062781	-1.8481620245753447	-0.6176536727548513	-1.4110786755969127	1.7771538246230516	-0.4376078937702607	-2.155537369450716	-0.8828634383591443	0.8627573995485087	0.3919723011792812	0.8729613842716604	-1.0967207426308072	0.02405222695885866	-0.551288447024419	-1.3815775005229332	0.36933919261348547	-0.32537336505977293	-1.7706413220260147	0.8818751773459996	0.07751642751537971
DTXSID5022851	5.269208803395235	-1.7947777156572213	0.6873910729350678	-2.1527913834305608	-0.8097207490817291	0.36077921151327763	8.564805242400064	2.8571734802137834	-2.414801845857768	6.126331733434035	-2.870620227920486	1.8588077503263396	3.223435103755284	0.7121769504110248	1.6932490517784125	-0.5882626984353606	-5.6733561231095075	-1.6556659454025908	2.1136099906077637	0.08224369300153438	4.258746052142026	-0.2585716706102734	-0.18333107246663044	1.884904059846653	2.3680394882922147	3.5760164215330192	-0.5023569841949914	-2.4509617222814257	0.5166726101256358	1.8972899812796282	-2.0381962327945606	-0.5452959737686263	-1.3876496554706148	0.34647995235913664	2.0168593539354953	-2.4602278592352875	-0.23137638958705878	1.3372620328430707	-0.763685723958191	0.45298138630319834	2.4215792912790155	0.5365182772470477	-0.9151027856091434	-1.3576179433136633	2.4301679537714955	-0.012516789620550044	-2.245958532958393	0.5844007260424317	-3.572758136147094	-0.9716842035956804	-1.1314429113133466	0.8176649008860787	0.2782173128102785	3.0559792689751957	2.5040799234770548	-0.00648510747538306	-1.5925722434195073	-0.1480351015768505	0.35436208014853854	-3.99908480605512	2.799184954979226	-2.091749488410798	1.2723381790039265	-1.2415692943120114	0.9238550972781475	-2.6768427316899364	-2.170916225041786	-0.23989753617292117	-1.5827455914214659	0.04296506707968832	-0.7206024636070671	-1.4382808420287467	-0.4798719169365192	-0.37223543074288223	-0.07197298239998358	0.12381271043677818	-1.3745352018282984	-1.3112891020069064	1.035778804349443	-1.7286967490225524	1.7570009515500111	0.436433222565572	2.3529534989178575	-2.756593712298632	-2.032610454024048	2.5967840653317147	-0.195201587447352	-1.6587192844053291	0.17280756728334745	-0.6860900475505644	0.9987877682910357	-2.568827375135763	0.8000178432992389	-0.22181565562567798	-0.5666265518759368	3.349719804408448	-0.44678219011662945	-0.658764823786857	-0.5448159390453744	1.5788986562615401
DTXSID6027266	-3.7254142989258443	5.112733558808577	-1.0418446558228613	-3.284810316709639	7.956369742201432	1.0029711724909554	0.5704508734224024	-2.4261754382725673	-0.7223543357413376	-0.6650632232657929	-3.5964960285929273	2.4498334484050837	-2.012092315283156	-1.5779903349695994	-0.513642105109806	2.5501339787236943	1.7061190695695811	1.7046739484275337	0.0063909709445710075	0.49413688795164906	0.9415823021242961	-0.4386048540683715	-0.3876300283648813	-1.3816818655969447	0.8762453382890092	-0.3091758928079176	-1.61182646118292	1.1334076470212804	-0.4029767443154184	-0.22335454596413323	0.11533186275905358	-1.2105621846477386	0.2022191733413301	-0.41715079221052737	0.6109194798021254	1.212391167227073	-0.46585375886988595	-0.350198371564865	-0.4103510773930383	0.435938002112125	0.2201173682686023	0.39410505426461123	-0.7126679048342077	0.5606985480754191	-0.6794187084682892	-0.9838412575583262	0.8449280064818128	0.2551230649107307	-0.16469422231251932	-0.9059933239876462	0.05473824265475501	0.5071617178037231	-0.28170395172756035	0.4847163922096086	0.13882938370952633	0.05268134636126988	-0.3840353594601815	0.1499970249713254	-0.9736022692313309	0.017066517301175047	-0.05459825254277997	0.1018023706443251	-0.301935757174912	-0.08244343497360047	0.33564235839060896	-0.5576566522948584	-0.4108127634399083	0.5916862761614817	-0.7533672829789021	-0.6067677066920402	0.5339754899849595	0.2757793168031655	-0.2453913088579547	0.1526458329935218	-0.6071419012636693	0.21524224875710152	0.12101403945432125	0.32072576571492284	-0.17932438720707683	-0.06442279299357057	-0.3549896661286555	0.5623340672757551	-0.09119537824640779	0.10349624928447855	0.4833162726825054	0.3442467293858513	0.15103632937834485	-0.034453629338533874	-0.00452705289770942	0.09176758907996416	-0.3418838526201125	-0.509844859221027	-0.46235599034298636	-0.4132803985223936	0.33228366769993734	0.026141292618175525	-0.06929131524023122	0.1782513755405771	0.0002176099068876855	-0.15273384674763787
DTXSID70400078	-2.4356260833536996	-1.991799932250532	-5.01596321124119	-0.7793423651758098	-1.9472389465993474	-0.7755622198780492	-4.870196458879082	-5.4200009690736	-1.3616858410634802	-1.468746051385217	-4.345087846646762	6.900093397091907	-3.400357880532992	-2.7366736942938847	0.3386069045856197	-1.9389475771544709	-1.179561409817634	-3.4520652685432185	0.6205790728969568	2.540782238387943	-1.4192547612361655	-0.9877242988031318	-1.7241561881618308	0.3735426713415046	-1.454668212627913	3.1145676865397927	0.8785329519817525	0.27675078004490294	-1.3114172564864928	-0.9914860907739809	-0.15864206652254365	0.468398045534233	-1.010802297807175	1.6256555192762936	0.7219953284823146	0.6906101750274064	1.398967751255424	0.4599211919805244	-0.6791707902712301	0.5696569741072185	-0.36298551138490276	1.338442314552284	-0.09765085027900881	-0.7928987102031431	1.0426358258461392	0.4809159591185952	-0.7552580502279906	0.808663475771437	0.3572379814598941	-0.5761002331606401	-2.6548689089139614	-0.848004935927063	2.042252749906873	-0.42432054890490256	0.7461460930709085	-0.5972566295756202	1.019602967559147	0.9724051505823815	-2.084434237831495	-0.40927997512005904	-0.32341199496068135	-0.6233351451811237	-0.37382029711073933	-0.09233269339494926	0.21041446097151717	1.3223081397973533	-0.6449782514991651	0.871147342869538	-0.7983129554944165	1.5322104157700716	0.35285722815386134	-2.0411080328418185	-0.1742838646112001	-0.09851783134148827	0.05818116620289244	0.6916398117427097	0.597624532158943	0.2546242171947993	0.1760799674527742	-0.5613100831684287	0.8256454835504804	1.3989898107294463	-1.3434408856466284	-0.9371030171350393	-0.11255355610904924	-1.2527364817991011	-0.7899292521243768	0.5429997970259848	-1.726594310050235	-0.49930591252416506	0.6886308690158219	1.0598465987739312	-1.0300923964546482	1.3382955718262814	-0.1541922594401277	0.9343764557655789	-1.1420040691466224	0.13868966327554158	-0.4700561711217665	-0.6212573620285909
DTXSID4027658	-3.5727077838744723	2.6652729085357048	-3.720101522134781	-1.4966793214993046	3.319178675296975	-0.38839781022632225	0.1650470380588783	-1.2651668386061394	0.022571414056457243	-0.43418570012535784	-0.9971612486000431	1.2513385500079137	-1.1851497809975726	-0.5203460122428104	-0.9940730637071564	-0.006822406672798479	0.39185903591166393	-0.4338773374950457	0.003853699118818706	0.34342629005204656	0.6119396891253395	-0.1536746100253734	-0.15878182832861673	-0.10308678146584838	0.4324586923483168	-0.5598197999355273	-0.47825469529521	0.6389869542999349	-0.7653255726229212	0.28973735417306057	-0.4208243824904096	-0.2770718982746826	0.2961285672948069	0.14627099319035294	0.32297649961807784	0.4906670549648998	0.06125863042353355	0.011046682524744049	-0.09281982581094242	0.3760395160758652	0.09963904100034836	0.2668513361992338	-0.482021439767651	0.383541054708723	-0.2151957244389178	-0.4420140801746569	-0.10824631919864222	-0.06583696136293367	0.4971338630726732	-0.5613747271632586	-0.1401740856113077	0.03507978619667803	0.014883389705111449	0.5187072571534267	-0.2748882528476865	-0.4418156145057277	-0.3861226281014666	-0.43427626113019957	-0.005499604163130058	-0.26580768466629257	0.8553313379685183	-0.29506269034767346	-0.29770380484482917	0.20015017245363953	0.07908494219752624	-0.10617938233526115	-1.1649223010827057	-0.24193104963485773	0.4986226540505226	-0.4673789929308553	0.10004955375435283	-0.5544403079289307	-0.17483398597982885	0.33513576362816794	0.1306925320385132	-0.1355500345965927	-0.24857794980743955	0.32246212191339074	-0.5668542303349401	0.7568035398911109	-0.7799164614937866	0.3988671515679127	0.5410681868660749	-0.12785217447662547	0.6252625373476094	-0.4796483702218354	0.014286811429884479	0.7553691675009542	0.2991939850163276	-0.9272884090193134	-0.278056252038808	0.2241637098144903	0.3160348292324601	-0.018504450820899174	1.2029210410533886	0.32517880405215066	-0.2959375905100668	0.5415907413886519	-0.4868567339527874	0.73550369823465
DTXSID2023224	6.867793087610718	-0.4373985385735126	0.19756865025424672	-5.017567977739939	-2.1650246306350303	2.59973653993688	4.35577212317864	1.917082350475181	-1.722120579595	0.4787041746664468	-1.2769672453009107	-3.2195279076486365	-0.15055856857638641	0.5688655861017455	-0.9583514500160063	1.795649967771875	-1.8484696454873133	-2.0147704384374454	0.6697753990300457	-0.4305256698833328	-2.675642904372038	2.0886155285235635	-0.7602462803554787	1.125340304480916	2.1357298581863793	1.7405234384986483	1.3214917289711285	1.5930692695295412	-2.0781460900627935	-2.264163575880384	-0.4596808482272118	2.815887745361639	1.8235229170985636	-0.9590544137340216	-2.524192587936703	0.5942555531991709	-0.7247191809709629	0.7159074055556635	-1.7175443588571322	0.9311393474158007	0.3813379265028112	-1.0355001442741105	-2.5734993841248577	3.2810102884859855	0.8978773510949998	3.2313532480840648	-0.3928109418492153	0.5578698542461483	1.743179140548989	-0.024929907522045328	-0.20249714377889813	1.2442429104527462	-1.2640617126551845	-1.7662638960077	-0.8305542496233146	1.8846632227259568	0.45879476866787877	1.3554857768704798	-1.2133507053880521	1.7939697172915268	-0.0514167242976488	1.5531844499164975	-0.40019573585626944	0.8537552762270498	-0.11216995161821651	0.6001862798503196	-0.4762675228725373	-0.28202271537466683	-0.6518012229108557	1.7277837224834722	-0.0938445846604213	0.48739499951800946	-0.4554598839898858	0.19162651152894417	0.16024804506343104	-0.5969606364252402	-2.196136824458739	-0.4253357665798341	1.16476502917066	-0.6063955149769706	-0.42859633531698016	0.7395735999683715	0.4238608026626321	-0.035279915447957305	-0.8037554431524245	1.2523002672716328	-0.8900100917603604	0.24383579505197014	0.07882528354464603	0.03371715172509999	-1.3315941655564816	-0.21869171830422426	-0.8874066079275416	-0.8681320213039679	0.14847639700690754	-0.4080562268635992	0.20805246176949213	-0.24057776024913655	-0.2879168861808113	0.29894178762366147
DTXSID8046169	28.4704451180093	5.244837457515633	-4.172757717392756	-11.164098938599212	27.685046669096216	4.4268383313995985	1.8021165216101938	-8.24788197060358	3.291277756228836	-2.4092140919680767	-5.128872775926569	5.25727595787287	-9.018919010441596	-1.0645949494393574	1.2882423587834635	7.488712000001514	6.819254077594143	8.644498477095375	-0.21204774350472158	0.02929604396487238	3.318891109832748	1.472429175577729	-4.5481100954006175	-1.672168335291349	7.464986374539389	-1.9943210746343718	-4.962059238349313	5.498637074186633	-2.0689656526087234	0.792802065466231	-2.9717926235290286	-4.597039789914467	5.210442437581937	-2.1009101073655767	0.9294506476693016	1.592358251907257	-1.242319101873662	-0.9155681780442341	-0.7374373404016767	2.448999098514993	0.12186109047020408	-2.0540869725688427	-2.8020191247605943	2.4940315336696366	-3.4136746265384827	-3.004065848623037	4.0556837114339555	-1.6469366286761982	0.5126262796284581	-0.6788836764139303	0.2725909760321659	1.0966711304863064	-0.10235616081082011	2.6392547134963253	-0.07669267256312216	1.474058433113347	-2.18522395696678	-0.37887856552633187	-0.1380337942831499	0.4400944620722645	1.8290250438023485	0.8641479544112675	1.0825229146492912	-2.64596714015424	-0.5265672189446879	-4.5675283137216445	-3.5099064264098128	-0.1639932863028199	-2.2020674488909604	-4.105901521659435	0.9092625040168038	-0.46949619046768754	-0.8489279582097011	0.7596921038841966	-2.537042861807799	1.0279850544644247	-0.9620096145154503	1.687492329324581	0.17490353018349988	0.5615508334200787	1.6886582516764306	-1.3477078250261183	-2.661018623922185	-0.6381208249764182	-0.7265973644514824	2.139828746754884	0.3650170094087236	-1.8762329231285744	0.6174225330496996	0.2551335185722102	-0.5484560750616223	-2.438544611324851	0.1247814916596207	0.6835451446492313	2.6013019716252685	-0.4455536119116292	1.934374897242187	1.4639827242867782	0.6198079203968385	-0.847554830297135
DTXSID1045580	5.246691428184092	-2.9662592431355206	-0.6294019441658099	12.117529795906922	5.998620096636018	-3.564881830152394	-1.602172129490564	0.4633076584333314	-1.8079269091066035	-7.585849235378362	-4.102075012180354	-1.7718603869738714	1.8443624052465981	7.563504642938363	-1.3493021900528295	0.6150773636634468	1.2475515747299286	-1.5963954010203492	2.6379831011802795	-1.9625448861226809	0.10460863480429607	2.916675225231362	3.0400590389635975	2.00929093218019	-2.252247948012793	0.4378093217743675	-0.2788748926422029	-3.078578539077003	3.464361726076381	0.14841072977295924	-0.048979121545036565	-0.9817568655787186	-2.130067537090432	-1.2560523449078291	-2.093606609511578	1.5689189725734856	0.6087250823210656	1.731043320205443	0.5296585817268062	-1.39833158570648	0.6627313112258524	1.441633305143059	0.2620403514570368	-0.9222949844357083	0.8174099067176676	1.325760154533346	-1.6544599525890844	-0.09263275067536754	2.102635922214719	0.05075039577264239	-2.3491617715832604	0.1099926551788076	-0.2470140458429709	0.581029622848287	-2.174860520925619	0.680216967149401	0.21123384923585237	-1.534047900300684	-1.6120037591618572	3.421415665232217	1.1620311061936677	-3.8451443327847397	2.294486001648435	2.1169231082559055	-2.1062667306995575	2.0094146453607453	2.160156469586071	-0.6668908415019539	5.848975774953454	2.133138495968941	-2.2024726629096794	-0.7822012876861437	1.3422972701270346	-0.7889237320664677	-1.984659936511946	0.07913864090901182	0.17207361125319365	-1.1934916308061927	-0.1197284796212359	-0.6637862172916345	-0.5295800053706414	0.35686793403847866	-0.4522246368686291	-0.9629764476545598	-1.5640686516781022	-0.28159574258404374	-1.1296528795452703	0.6620849120533803	-0.28259287206532935	0.8606544915438412	2.4567101368094977	1.970683720570459	0.6017601235101119	0.661308063722211	-0.4885456168803126	0.9199792112285223	-0.3538571952585553	0.5805705825630311	0.8657931701473252	-0.596058209693348
DTXSID0045125	5.157964792198862	5.336957499652147	-0.0024356576986010858	1.1586346300909904	1.42568220869852	0.8576272804927199	-1.582954552557376	0.40438525901097083	0.6817569363537591	-0.04117524271663975	1.11016572407554	-0.1375641746329024	1.0475583477329495	0.9101295327073278	-0.5822507408482805	1.5863034653870443	1.2458594975009105	2.0049823546619296	-2.158634080655865	-2.524392803352874	0.34217215641679954	-1.9571752295831624	-2.2408813859123744	-0.6610656966205449	2.5069632460432087	0.8559268622959987	0.9686070784617171	1.375123449182606	0.6769989720732713	1.4527131560133317	1.3450208353285174	1.3640475220320627	1.2691281332862006	1.9427683402746923	1.3945252037054376	0.33788838810122657	0.05302322400997022	-1.2546344515064	-0.7689741155041772	1.985889607388368	0.21799391068605517	1.6652896133785042	0.0036140978918710624	-1.0231902560540045	-0.6718291833351069	1.5696878215559755	1.9408389433484454	-0.13176690733259416	-3.9615019430661382	-3.8246571253572728	-0.1378911705055221	1.6097569334877648	-0.8072725041369949	-2.7065362053998294	-1.8236565192435292	-0.593533855961793	-0.37653799329139465	-0.26379618238736796	0.29940528303007485	1.8065547210894928	1.1616656106577166	1.6473094402522237	1.8973751557080696	-1.3685927615650262	1.2359564910462941	1.2183572603306165	-0.6765780309341503	-0.003809638555673207	1.4567242524518034	-0.5456783286964972	-1.5600795781271266	-1.9747383612547573	2.0116315030182177	-0.3787578369673286	-0.1416586737584687	2.058529010644741	-0.6109993144958296	-0.30131614014433394	0.6176783535866883	0.25902136395184777	-0.3944323432975536	0.16325531291375897	-1.2404612218396267	-0.4994982743161397	0.9188312221418292	-0.2715949763201372	-0.4354435352843436	-1.4664663281263	1.1500328107930191	0.6403353045562435	2.7252989006931863	-0.8624595715716719	-0.10994073233980879	0.41030689444084684	1.3025829758388234	0.23005871034886144	1.4020906108228512	1.3133172418545405	-0.4807577822845064	1.3956807605219517
DTXSID2025680	1.71866280475304	0.2132658845056985	-0.44915824086798767	1.011314938414186	2.8291692478290447	0.38220109856765005	0.3308796367954708	-3.537601369689275	0.4216417295502825	-3.772784773051556	0.18086402107365926	-1.1320312436543616	0.04525276509947921	4.700089947053036	-0.6312267396237934	-0.6303485981170157	-0.16917050680819853	0.8210643636241346	2.0326040446363565	1.7832332280462573	0.810015385171825	0.8745915964641471	1.1027205164769271	0.8070288824235498	-0.4138481137922878	0.04819768548549854	-1.424594080756342	2.9956921440857065	1.7684836358090144	-0.9980228914225723	0.056030132438380016	0.21511152422332347	-2.006791475067165	4.0858776015850395	2.6941682455274854	0.21808458817798831	6.898165140545166	-1.1314895955876352	-2.414557085227515	-1.414839724093617	-1.2014032846100682	-3.8873058779369303	-0.00034357429061459595	3.5072377338942293	-0.9452432843999714	0.3997617206307447	-1.8058726734292525	1.3614555234257857	1.748630805834184	-1.695032542716479	1.741597139263296	-0.3664293312334276	-2.1063974899720335	2.036653737977934	2.2229618157318196	-1.190577617297722	0.9433763515578175	-1.1304317689211159	0.5381319706862979	-0.4059722590128771	-0.1033605739980483	1.2144985544654778	1.1698898013011088	-0.46692594020632333	0.9461885377114738	0.2020416230096509	0.13625097111142714	-1.1181125812756398	-0.8590143522938177	0.6230218824815381	-0.6915344619745456	-0.18579436686063192	0.04098512691159811	0.25548699072618775	0.5098245860244964	0.13236457478990868	-1.0821571471009561	-0.5126714886012622	0.916304714395738	0.6528356978096272	-0.41924661174573763	-0.8015205921805433	0.2901966652516148	0.17920636271824888	-0.1754519119066616	0.7364860064674147	0.7771765834974281	0.03503438408382117	0.11708841231448462	0.10545740097989552	0.06401410956985554	-0.3248042155739361	0.20523985722062665	0.2295046311055125	-0.8334120552605049	0.6223479627690288	0.42707531922229824	0.36557286541611855	-0.13930682178545656	-0.49327507354561556
DTXSID5046227	6.719530234432954	-7.073475189520497	2.3690453244491896	-1.7695570162776229	-0.7535379671424848	-0.5776264211748017	-3.0363149641419214	-0.681597655473008	-2.7269228855747714	3.449631690699494	1.5142715081368538	-3.1977613875209654	-1.5804595413548899	0.5859288779610874	1.0380959698403889	-0.5383333933301779	1.06616922880211	1.2946875583750106	-0.39548434491439277	-1.765264506249564	1.2920701204394127	-0.2857819274291959	-0.658115792323251	1.9516749227958627	-0.6604369002269023	-0.07939887557541468	-0.14589800348810963	0.6338049393714301	1.0497649276026155	1.778583600691807	0.3424637372448688	-0.9914973593224616	1.480093689215814	-1.0919615007580359	0.686893600941437	-0.5438274703778526	0.3272832111828128	-1.2505924977070846	0.8167222004738756	0.0349480106057217	0.5891157334735221	0.5066418442136514	0.9581927889710536	0.03991982782625049	-0.25383898613796335	0.0009173000702098795	0.8309705423240543	-1.3557060623986192	1.1950800190187898	-0.4922910146628772	-0.09404910917973222	0.016732783283055892	1.0656315078533514	-0.02668588883141056	0.17660696070242418	0.647639709019421	0.38780890452212285	0.5118082952181786	0.1993289956709257	0.9867970875355797	0.05709368703999028	0.4552633197955362	-1.0506823734228277	-0.07331363872193149	1.7497364388855017	-2.2734730949610125	-1.559524853984597	-0.6240554158722447	1.8625852697427288	0.31362984334083727	-1.5059635755214595	1.3254211170919477	-0.16331566498699726	-2.14343263346196	-0.03722731004924822	-0.44397818861577754	0.35260673092578926	1.3192299662113307	-0.6020831051049937	-0.34138314077120163	0.6165742770536553	0.1400412119050267	-0.33612605499540205	0.515232623419379	0.23017370769472142	-1.0317093479862398	-0.42691624414106233	-0.5746962632341625	-0.36115099383905785	0.6538326663546524	0.08961503367595366	0.2814388424552675	-0.9198321256590007	-0.65609238422574	-0.33288165960166344	-0.09506336271444973	-0.45741047468003027	-0.23982798591212748	-0.32297078142781893	-0.2893446440597288
DTXSID6048884	-1.8928838106711716	-0.40174546117657184	0.12403153376049844	0.48366067377400057	1.014587354367637	1.120564408247608	-0.4086018915310835	2.3870381676471952	1.1944437335525548	0.8056588537356575	3.3702765281290965	1.5697222814054863	-1.2186699247275685	1.4499913385192194	0.8024806426946807	-0.4060366337678075	1.45017669861086	-1.5816515239283335	0.9367871221585894	-1.325081183242881	-0.32467098224656554	-0.23510617129146122	0.15170794112625438	0.6390458875961985	0.4414387567099562	0.612245093838803	-0.10751218027899972	-1.660287920313316	-0.2685857257968769	-1.3172834225931367	1.6295480480738476	0.9260794222680736	-0.1671500362051787	-0.8260097665933881	0.7652453949758502	0.19417258493404296	-0.21128805551718663	-0.6330188950444636	-1.0454788709229261	0.15308269676181901	0.35009589118074375	-0.05332318276537993	-0.09434972549758147	1.8356737233463865	0.2493757971382805	-0.3635830764194423	-0.1497472335507656	-1.5020128462659421	-1.23659937947638	0.07308676000989316	-0.17907924621772747	-0.36667244390832526	-1.460394840787555	-0.3225899630302721	-0.013555915635057642	-0.8894315953609536	0.49832181150830906	-0.19564722374429003	0.24611276174272773	-0.5579762786286853	-0.3535544620887083	0.1291697252394517	-0.22111539480785694	1.3105991287730652	-0.08761043649536997	-0.15047656063481496	0.10251931926964263	0.3641168409925817	0.5475229579835081	-0.9288348870568002	-0.3395380147064807	-0.4704645559601973	0.21041656752824836	0.38483072381108646	-0.436605788914865	1.0339284211110453	0.4719127946173378	-0.8180854359734249	-0.4391315505897936	0.21727905001531758	0.6419035282530267	0.1968285136758875	-0.28349651385777647	-0.5066661957215387	0.23667669992975274	-0.3336958206227366	0.16640698822714833	0.6819824292658292	-0.49803552742039153	-0.5324260249772723	-0.3187254818898146	-0.11148423344160861	0.47917448304003774	-0.059492563062181016	-0.8032836601086875	-0.16104395672726174	0.2902590990700097	0.5183685689933487	-0.9498440742355341	0.27747124371483417
DTXSID2022127	-4.448767102195743	-1.8169540901008188	4.755402343508514	1.1956368945483196	-0.014112353638915451	-0.8183145493447949	0.4758212227380466	-1.1860055993498597	-0.13541633974049302	0.22033667857689876	2.4627059425002065	-0.05314745221525723	-0.04651478285116759	-1.109637292830733	0.3394976334603966	0.8912477075077865	0.3843673909490264	-0.3936805092014616	0.5328142867303617	-0.7494671682492784	0.029239199831277887	-0.2544375545197317	-0.13631209496385088	-0.009677745535339973	-0.5507090423651233	-0.2576636623159449	-0.8167450195308094	-0.32159870818991504	-0.5227096414277461	0.3622860465199464	0.0437544103974158	0.08171592524462468	-1.1274263645630662	0.1069411574948536	0.22522054395322724	0.39225557314642623	0.4048665478554474	0.43652345802256554	-0.1752383499359379	-0.1806554193360219	0.9875751644016303	1.6972359738529053	-0.18466873154665084	-0.5827607246919825	0.13635970166992809	0.08900484930466916	-0.35929706451492477	0.3388410814793707	-0.4815049173143984	0.041245669386117054	-0.4705106314892046	0.15343507988549263	-0.42562382836423	-0.472010561723394	0.3822791551235272	0.5172108735662728	0.14985115681435687	0.4161414590526106	-0.8170685261366715	0.4233377900057453	0.23433373958561515	0.30376606847740695	0.0916029182431234	-0.4016390741084381	0.39467736440543616	-0.2122281681534556	0.09424067267507297	0.12122829619829562	0.6922415370518106	-0.2710105419787415	0.04820208988006614	0.26238681295175836	0.012032557859957533	-0.05682201682691257	0.08851678486591474	0.6913243378932427	-0.00955850264038996	-0.4604894013073923	0.08971036139624716	0.08065607573216294	-0.05101738145695617	0.37272780351465373	0.02005795040700187	0.16098977286065586	-0.24152971511589827	0.4467745662470665	-0.0793398611293463	-0.1357509332446136	-0.17492779573035205	-0.027299115891923253	-0.14116750497419103	-0.14188992430047107	0.3053479034229791	0.05196687029915297	0.09912882848910326	-0.10099091030833712	-0.014461188794978201	-0.13147536626935236	-0.00538315361091332	0.08601096624754771
DTXSID6026824	-9.306721029552104	3.90339254480631	-3.2182302857323237	-0.18383539156739487	0.7089491646234888	-0.7307996717747556	0.6892562274187249	-0.6670828174218534	-0.5019021274151049	-0.587540316075771	-1.1868798754582788	1.7866382574698068	0.4415490170669183	-0.3261622114591338	1.2916024360091418	-0.5626019220716926	-0.5481735152741941	-0.25965132705767585	1.4091994994491837	0.194343989115019	0.23362416509831563	0.48233681510014553	-0.823597208292784	-0.5572747779326492	-0.4691982415687058	0.5182155529195119	-0.06205699819544327	1.4949466460799972	-1.7198234755380408	-0.4510381538310714	1.8160219357169651	-0.3314987752104887	1.5092912975919703	-1.5772090390244369	0.5301991518833211	0.24108542869149646	3.4492566526659854	4.568148461123663	4.50328375112487	4.49616324244409	7.545039945184076	-2.729689881462363	12.19067727907124	2.0276257880638764	-1.7249710901551663	5.205311176546665	-0.4702820434867124	-0.8867083985883275	-1.6496063964923624	1.849327847510135	0.3011790193452831	1.0605526036411201	-0.4666454694123312	-0.4314562614574858	-0.39723671249112785	0.20685768770849816	-0.09829043083515279	0.35888720640144206	0.14283462333799082	-0.6550142883187412	-0.09562928854126707	-0.6012811355803684	-0.5106968461578729	0.23278977464290695	-0.35867698114575797	0.33392831515049726	0.33707774603749224	-0.3976797991187501	0.11196299928802336	0.2808865569566623	-0.12551792005670642	-0.060263213410923396	0.04421029449946818	0.25770423736230474	0.2352089326927317	-0.12260721540618555	-0.11494299959241473	-0.06212960718833676	0.0470947429699034	0.08424659811798707	-0.13060804835426398	-0.24357224584186632	0.08151593261891055	-0.15961317155357302	-0.21844156246132462	-0.16487009547049244	0.06849630850754829	-0.04112187573435299	-0.028311023464957136	0.01210213468557057	-0.051006444840730324	0.15485814969025694	0.05735198063594426	0.15110568936492083	0.15744347839241762	0.13220713726621575	0.11984269870453862	0.1452708950810065	-0.14592916894933475	-0.013477755937637956
DTXSID3066215	1.7609138490469844	-1.8069442265770597	-6.627791690225024	3.2366964157818217	-2.4209696957315368	0.02002637747052604	-5.172941538884627	-7.1461463618106835	-0.09887344200855051	-2.844101372661937	-5.095557344364121	9.106289944778421	0.5500848817542288	-1.4656017163185067	-0.5669292344068424	-1.8280286657292035	-0.7407863627233404	-2.0313624208015764	-2.8446634511136137	1.5165721154405913	-2.4801612604524546	-1.890259239256647	-2.6840712648968004	0.28433291736774086	-0.9866122522120347	3.2646240011985266	2.9985390527938813	2.499921365075884	-2.5601492929090393	-1.780493961598547	0.29367411364824414	-0.5467000196715113	-1.8266875301391472	1.512195125465728	-0.6826614266557671	0.4026819938835817	2.1223205326010413	0.16505863875726584	-1.6070722191022018	4.24455746035872	-1.323707924748397	2.304018756534014	-0.24319308699364967	-0.334737791286666	-0.16162063139693808	-0.3076960456440136	-0.2032298533914947	-0.34763590899917823	-1.7164980958122797	-2.902677448386256	-3.3861342643638737	1.0518074421012187	1.8014028627700525	0.149779638768264	-0.049652289932528244	-1.2848761449803103	0.6732903646641586	1.4279573458664998	-2.394738192834519	0.07553225551065937	-0.18170308062630397	2.0888993447362587	1.5773817462455728	0.28069022496300333	-0.9943178021384352	0.5192952049146302	-1.3581290541568882	1.8218992202220412	-0.13688884924693043	-0.22498290719009237	-0.21534612500996783	-0.1394977644871195	-1.5188161053724876	-0.9835108316847573	1.4615386799101013	-1.3599434174676546	0.36641598032988887	0.5950090728210129	1.4949036973549574	-0.0019913555340152337	1.0440054893666502	0.02531641603131107	0.49299096295969963	-1.273844018780759	1.7217067123117822	-0.9768965606554902	-1.2405962196725753	1.553875905925651	0.8602347738061776	-0.38261023386396226	-0.9183315529771758	1.5322557109893287	0.864673226437519	-0.0962664169446637	-2.7526691558824266	0.18419596096743363	-0.8776336564881856	-0.7354012388112923	1.1789711983955224	-1.5133746544818054
DTXSID4059914	-4.268706271905218	-2.263271727583564	-5.345169050259135	2.701648101217486	-2.0744923039226886	-1.2360496572821105	-4.605204749470741	-4.266621933066151	-1.2914106939063186	-2.6501726556795493	-4.771359187413775	8.852469053095861	-1.5123193320632484	-2.3343404845329894	0.8762111344970139	-1.6885494929378202	-0.3752641543767525	-4.213620684315782	0.10946345981939515	1.712926085149126	-2.1983120898580677	-0.11819940693182518	-1.4328643766796898	0.9417491396964282	-1.5921217766488636	3.494868840005028	0.44212601636854965	0.8317174763803986	-2.722281828385252	-1.5287158185609995	0.5698649620622038	-0.5261894714541335	-1.6947909980316378	1.31331273139853	-0.3280669464959711	0.6115525012214461	1.5262953815006086	0.8976072264699549	-0.8199867708690549	0.8181115519587675	-0.9335661099618127	1.3996133562215662	-0.2689732498696634	-0.7938515732965108	0.6517479775556548	0.7906224028752169	-1.2888332547391936	0.856174466582915	0.5158105704962173	-0.45622758791287504	-2.3970844462584946	-1.0574402325243852	1.1601863584140004	-0.23499723534813524	0.6294429587325238	-0.7840512029940157	-0.8741812806678941	2.080653386177864	-0.7826116751397029	0.2753404754322099	-0.2836035199552473	-0.38868560655714424	-0.03103018883678328	0.07962897963545584	0.36437402994289353	1.6660691144731572	-0.12490512075087136	1.0024267460739338	-0.02224389258835771	0.8172317064088357	-0.7108747902299081	-0.9169845022425702	-0.555230057111552	-1.0253871226849476	-1.6320425581674518	0.016932443038688537	0.3230576707123015	-0.5476593288143828	0.0881328503333475	-0.332759716218302	0.7682297814257242	-0.02727925124331352	0.7528772247813731	-0.6527943931930722	0.5494203697853183	-0.9957456522678086	-2.014444776731284	1.3575318489606307	-0.7387282401830129	-0.040363620916191036	-0.16085819047532735	1.938409777045823	0.9562401762560343	0.5896455739169877	-2.0974990671673597	0.4444035301718351	-1.3509396161701541	-0.7389691406629686	0.9498928121379897	-0.6410999521149946
DTXSID7022835	10.337459280336006	-0.020230510278105334	0.34678382543451086	-1.2832793170946049	0.740216987652242	4.328279211070348	7.737287939636352	0.8430446082912383	-3.6745893888051397	3.923799264760574	-0.8280679245066486	-1.0496934350646003	2.5617717170196648	0.3719773053378591	-0.18678415975926488	6.541910219829049	-2.7114520913743094	-7.257311583695165	0.7448118160073881	0.5486419657126963	-6.797897071685439	4.524553173506653	4.908177531853633	4.201569318081476	-1.2756886080025014	-0.31062504678128194	2.8804925084646893	-0.8337990125220932	-0.20610721559936432	-1.468995197799008	-1.996871328191326	4.384989140564525	-1.213396161036844	-0.09348590716561388	-5.176438049960065	0.2765021158725819	4.0421948718186655	0.5650299231585744	1.5773117794769258	-1.6403488726344557	0.37742044395323665	3.5411349941767516	0.4808003659875922	0.7174630787203979	2.3019767869710237	3.250565704542684	0.3913761003533261	1.315405082168053	1.63101987625661	-1.8833804840336204	-3.16464326275172	0.20344038792795635	-0.0566523925365587	3.655848120429625	-3.9262635221763973	-0.11007615453712792	-2.8930824932622294	-1.5912146234070037	-4.53526711913469	2.3134762977195438	5.658816448483685	-1.9029722161705267	2.991945720985902	8.278562176470674	1.3329453482720397	-1.5702439543922946	0.9292126925518518	-3.1036154192545276	-3.6732031204602165	-2.2180676116317195	1.1686813465472534	1.4615726088030687	-0.5797782651739734	0.05693264038220855	-3.0229862563635543	0.8078820763608773	-2.0314321245769946	-2.235565850865722	4.370511111743168	3.3473507495374983	-0.2504552416110784	1.995761515646407	1.7564929019539404	0.2734394805899825	-0.8079878881291759	0.30347954674288585	-1.1472670493709622	0.20248045704971257	-2.2334698155122528	2.7271980291766313	0.1475337420745014	2.3469197268908624	-1.6497989876302774	0.6008637347042586	1.48546199447739	-2.3922004076691583	0.3093271082444687	1.2274077148363534	-3.04159769008114	-2.070854654071332
DTXSID6047313	12.708668762893879	-5.201675072262992	0.8923161571528965	-2.349473474568715	1.1173317606930835	2.043950377063746	1.229897426872234	2.23735036534138	3.0908997545726598	-2.377406037770224	-0.34224886756044043	-1.3641612208841722	-1.592278931357685	-1.8334963324309888	0.4684496979958213	-0.45936821438016845	-1.9762676791254796	2.272310085470145	-1.4400928384210037	-2.091791303034565	-0.2017809591140794	-0.8055916054952404	-3.5871797153145937	-0.376945374540001	1.9739905553126953	1.3886658098384574	1.974380290945489	-0.13480006643894268	1.3901127496836878	0.1024927328525234	-0.12500846778339414	-0.06948552744090337	1.1590529467297621	-0.9444337341871899	0.7188933694146489	0.39359279067551867	0.3046627709729537	1.6802477108500335	-1.9990936718091834	0.6082014565764132	1.6425390930677835	0.004692671086049502	-2.1472909516713115	2.5853639202334606	-0.18787985855130948	2.674503550452521	-0.5871910058644326	1.2509551528424612	2.3354460232006904	1.3211734219430151	0.9158083501951958	-0.35932537430354955	-0.7633131789040649	-2.326872489674653	-1.2127789081290137	1.0091839535479719	0.5171010848811574	1.3977894792764651	-1.5245204931808438	0.8568085043816511	-0.6928111722101807	1.3231143948544966	-1.2112681558261922	-0.1405635549858983	0.6620409440671142	-1.970090549563161	1.0317668501459634	1.5381370648214472	0.3125886815287239	2.277257709380424	-1.3024665263318416	1.4599862916697246	0.6799878641283308	-1.1540576974426326	-0.09106328318649805	-0.5509850083519288	0.768579651363995	1.3287543541121036	0.14360737217566366	-0.46508059373699523	0.7499819220807685	-0.10190281412628344	-1.8669633495556726	0.5289059298450972	-0.8088744586375628	-1.4336638635311643	0.5858490806562182	0.44720897952962824	-0.6323597911074444	0.4502441556658837	-0.28901510797858837	0.4328717464185334	-0.45622252400415786	0.785617846909754	0.37792937145057304	-0.5528887757403232	-1.1183070933476191	0.07659884704075527	-0.9361154375032523	0.8316694572361277
DTXSID2045814	7.355864317828666	0.047679905359268616	-2.046426739558448	-1.565069623639218	-0.46815362367194086	0.35292486112395893	5.704104805899397	3.070826936184475	-2.2844280051406143	1.3135308262550978	-0.7236210842555248	0.8955330219197896	1.6001310225707814	-0.7601095197102747	4.513031515185996	2.8730892107258295	0.4636059259670733	-0.0864281592597128	4.4249588436704475	1.2979617018308844	-8.89402534596197	-3.76285214784843	9.902912881490673	5.614814924683778	6.732004614208427	-1.1215190491105325	2.7529094634135984	-0.30608328660957235	2.146371322761815	-0.47329290777164096	-2.0357263060878585	1.6241719053623174	-2.5617892308573493	-0.6045427377164128	-3.6382877392003357	0.1937438688123386	2.02825505260077	0.6618980362658472	0.7277847220756064	-0.06872143474050461	0.24729710672760616	3.621624613330865	0.56729752840999	1.381345220438937	0.5222007643064481	0.3452185038230565	-0.5070117261684384	1.5905982569404626	1.285256026073356	-0.012671071918247182	-1.7197960485436974	1.3115895204238266	-0.6744165931001695	1.2538507190362655	0.22079860278925445	2.153981701242632	-0.376152569331668	-3.0474198985126004	-1.9474871438357522	2.303713835865648	2.3866276017638315	-3.8121536333595394	3.5103758899220234	2.4893727850041834	-1.3769409735684777	-0.06954063548465007	2.078817718862838	-3.7891026637655525	-0.20888671430277975	-0.4507894953117192	-0.5435011295874479	1.564009035726252	0.1544341876461094	-0.12203955809911281	-0.9974074544381746	-1.1937360443425264	-1.0685433703503353	-0.9042185789139291	1.9960639475190802	2.9812983909705317	-0.4961311027805538	1.6118753611536503	-0.06591054714641664	0.10131993241639682	0.9840234663153554	-1.7188586994319965	-0.3143038641906959	0.04576751318155015	-0.14553827963044308	0.828222909704567	1.5178121661760697	3.459831041164162	-0.11707200834864091	0.39078977957195143	0.5354000381388291	-1.8537246315835167	-0.09899078890510658	0.6644586855505675	-0.5916637596709734	-1.2990888633590252
DTXSID4021925	-7.342747438818131	2.4565199563588034	-3.0910254898642755	1.7726012685735484	0.8243458555649963	0.32780967127150035	1.763917548298566	-0.02648585349139692	-0.8268825535008729	1.2008356625443135	1.4601762524872004	1.3714037491957582	0.6625707064386364	-0.021204778959643886	-1.4728920391343605	0.7473529969737612	-1.0568077822706416	-2.361981737896474	0.2614068581552803	1.77805155072295	-2.2238223241808535	0.21759776103816456	2.3693630477050442	-2.8270935591481914	0.38805352230133133	1.849474053332622	0.4157528568195159	-0.7247083963647657	-0.7278969506823918	-0.3426153669630754	0.7988939781955359	-0.1326640042706581	-0.9258785800603347	1.7032731077917478	-0.40697206616304954	0.6064549318669957	-0.3075385458983488	0.8001868729151527	0.3403537075325534	-0.284086850847797	0.006281813631783967	1.7321569153932113	0.7261457537545182	-2.0153467290774127	0.5779911207226199	0.41157518346887145	-1.0154431927405205	1.7548483936927244	0.3516524733530976	-2.117383894687405	0.5668231808699827	0.8506456413049042	-0.5405254340996757	-0.773438650558351	0.6360420103228919	-0.15381104844922203	0.7871165892513791	-0.17087982194267717	0.49891688099674125	0.07952304351652364	-0.4808913253167745	0.2322208875994436	-1.13626318194457	0.3207822573135472	0.7530899803820778	0.2813904789430795	1.2925455243968103	-0.47710954960207913	-0.31659834904243234	-0.42128867916666934	0.1374648117967648	1.2984087130145352	0.0021679828724787023	-0.638854759721335	-1.3833748986770094	1.4115693956948006	-0.21632698874656225	0.821110230177585	0.6494794911083922	-0.6530652275332346	-0.39701509455772216	0.015843828462717344	0.2862191691271117	-0.9766278678882171	-0.3125844518990061	-0.6630883767974539	-0.9377445561418617	1.0425840520330374	-1.2598380771305964	-0.7016481437389669	-0.2665707170687679	0.44445999551162996	-1.5023509137994295	-0.16536156179507228	0.39992918870654964	1.0203173772720011	-0.22096854951793937	-0.20125319785870951	0.3866614930600553	0.4722536379208361
DTXSID8029739	-7.579911865680038	-0.3150484004288062	-9.599326295651421	0.5990353708549653	15.401076062499783	0.3479270045090809	-5.505309579153012	0.4811150898022853	-3.870489983589332	-1.878864533092468	-0.6736901675343189	1.822025364890562	1.9837963365394444	-5.7222413564191426	9.21591434059972	6.314603814933289	0.007485730457680226	1.296162458041175	0.2311838184295475	6.436787401991848	-1.2451404438432054	6.550770489791417	-6.262672357991135	2.2649289120020124	2.8357584446375856	-3.625396732587098	1.8353753140545142	0.3662433662471944	0.5902793942845834	6.53890501273752	7.826678969185414	-5.5952538512121075	-0.049725330981839996	3.6542631590007293	-3.6208699474138415	2.222039907732434	3.1369205589630282	4.41281488340164	-5.10611263650037	-1.4710698013359647	3.9689226925293677	2.762552131601362	-4.975086456363371	1.614442005248752	-0.6197454756925355	0.42716123442455667	0.13807878519645353	0.9273814181485541	-3.3310843935650647	3.8695474818370803	-4.658744894065912	-0.8678186393547086	4.839535563826219	0.10904020001844215	-4.123046973945631	-6.345178222608801	6.261441977778646	1.2417771889336062	3.713857687191865	-0.3069895742451242	5.916713484948672	0.37071173360449294	0.3845001890897676	1.5169397529949336	1.628193534292537	1.9818581410554243	0.16936424408872028	1.1079628505289647	4.28575888459732	-0.7660441936157548	0.07249066274751842	2.2480171891322036	-0.016761532158882268	-0.14510770011406068	1.362530615448049	1.376768044822225	-4.164769126448975	6.538482955136841	0.8285169738713692	-4.526096989158869	0.5317855771980234	6.241846866880411	2.449494791847882	5.271335394737165	-2.3407181918706956	6.7614919811950545	5.122596393141911	-2.1075048719503773	-0.9245421477442098	-2.4097425357568656	-1.269694042106158	0.5787802997840694	-0.9106835966336052	2.929605019321872	5.14544422745537	0.809032066324531	2.778419346133004	-4.5541784040612185	0.8654253129569186	7.044427921566631
DTXSID9020538	-1.1298527283941184	-3.936556228682476	5.736723779576845	-1.691426747972236	0.9295489126578628	4.949547284422468	-1.7762669435342464	2.359134732544852	-0.9268612025780743	-0.3221122291774177	-0.9026658367929326	0.6606483832047535	1.766452274902517	-2.095372852555693	0.17533016391342268	0.23518816500421222	-0.5192143876735518	1.6983940004041942	-0.6523911797738317	-0.06830007453725447	1.0000898112792196	-1.6165367963503967	-0.2663779323349018	-0.5304965777760295	-1.0507846151060625	1.6377222875647617	-0.8486154307334411	1.5476078981075647	-0.9868467278203715	0.769177186610598	-1.333011976118766	-0.09210367938362675	-2.6410001899373383	0.6185477106147107	-0.4364682736304798	-0.654692184181315	0.2904795214089796	1.2847054555514892	0.39314783212115867	-0.11436300062154427	0.48373087331259296	1.2436948482184635	-0.31757203507760684	-1.31828884613947	0.7895633081808803	0.49086351569264786	0.19933831973552235	0.9193710594103377	0.5136978461633781	1.241593334350035	-0.6469574102767508	-0.026482964293207994	-0.5552671475195793	0.4704803069709777	0.952058401621503	0.7163668331065471	-0.15123165409268133	-0.27367967645550795	1.279402482512805	0.5159073912527403	-0.9167314798634372	-0.7477159373072321	2.021075741925917	0.012326006298840479	2.71051078120593	-1.480821687526634	0.029677927518003747	-1.3279003635795257	1.05098597279111	1.1170987896686928	2.1398115642258766	0.9343600120029615	1.2423270020729673	1.8643835501261712	0.43964562477397223	0.28543243386194384	0.7527561519244185	0.4516814452181374	0.7492424130881283	1.1965376923351825	0.2279139484254821	0.7070738988742129	0.20072795180127537	-0.0973175848341593	0.22147106253684104	0.3743840320261439	-0.9349080435415273	0.41217452761721146	1.0200952211003491	0.5436508130027361	0.3801774016187547	0.38744958863921825	-0.0679502264139925	0.09575733867118616	-0.07321577418583584	0.7523754107205413	0.19162244250425023	-0.706044639058306	0.07930012957748549	0.7094026144731521
DTXSID6048620	3.937368619682351	5.0893676183545615	1.243354263597257	-3.5207188769967694	6.5285578415798975	2.24584508715122	-1.2204108204424091	-1.644561068538854	0.37197845631480275	-1.282210511000489	-1.4765998060384489	1.2873008108891992	0.14926937429394618	0.312561062533589	0.12322981683626885	0.46769992699433083	-0.9450521000384712	3.1120123116186664	-1.2967896732358546	0.03696067112268781	-0.08071227881934777	-1.0057631224419628	-2.5853013841382944	0.3268618358744924	-0.04095673321020336	0.669009657770763	1.4443699098315779	1.3965038135310603	0.5091542551381188	3.061399701117432	1.4419576206676221	2.1474754914090166	0.10118003725456666	-1.0180621116547155	1.2536175877606197	-1.2625829707769194	-0.7590081057923617	-2.7037062362242317	-0.6306762752378147	0.49176562227143067	0.054591960202245174	0.47175640942504565	0.4553222106912029	0.48932533103185	0.2442234483095848	-0.023378295335403487	1.6623164446995293	0.2980200888263098	-2.5926006931506524	-1.1702484480230881	0.6141574928103413	-0.00951270213775272	-0.2866762033605242	-2.9556809987043726	1.321849459337392	-1.7273552626225215	0.018545074264864674	1.4869030428560694	-0.14025770620495093	1.7132946935394113	2.2600000855553293	0.896374714341614	0.13105417442284456	-0.986421671418723	0.20591082930290658	-0.4282192794778249	-0.11580954191627864	0.02984721862486042	0.5581655077567546	0.6497145283994183	0.5744418679682614	0.01685999357482443	0.34563789032880565	-0.4080048787317578	1.7201771262803516	0.1596781588256951	-0.8923074752368089	-0.21197209570532405	1.986381527197141	0.11228907920065849	1.0824121651723349	0.45516930103688896	-0.5551078783074442	-0.5377795849646858	1.4625533520854674	-0.591068081095871	-0.6825894219409098	-0.2680030038345178	0.12796327014467548	-1.5647744297466901	-0.11249877606783609	0.6079112545875809	-0.04916000637533101	0.04786563859336244	-0.75683817244135	0.11683246386650654	1.0303731413916395	0.3237039872317721	0.8382879510703684	-0.8605125760832301
DTXSID5022803	-1.0570189290324512	-1.9464818961084094	-1.9675740350329574	3.5326318072480225	-1.4316446935082787	0.102780301379298	-1.1482150732804777	0.24310306645179666	-0.19296922181372628	-1.0770979716679898	1.231279901492957	1.7183919306534765	1.2172370280737874	1.4145096532551242	0.08830060447366174	1.0799581783191863	1.0189817841814899	-0.6659204552764092	-0.2125912366142241	-2.3041909867246386	-0.5916903669690312	2.5609241196981847	0.46379681231189707	1.1555122542702845	-1.2888672197193562	-2.034465460540261	-1.0327717016383111	-1.9071360953066778	-1.5696731661719043	1.6203681493867197	0.09921543581560725	-1.7434230716982277	2.1483352542338707	-0.35983110528476675	0.6066031554129725	-2.0484896908662553	1.3230189684394018	0.011013649171281586	-0.009736723625416676	-1.0005930541990964	0.7065861076360314	-0.33184937163158496	-1.3099583650402697	1.6156967822830026	-1.4109657870554624	-0.7199096616729637	1.166973754679223	-0.40392964505696877	0.4068586618234023	-0.08072442991826617	0.36928439690776294	2.4464958110994317	-0.5152202792712277	-1.9471496609967645	1.7706589184065225	1.5102544510816798	0.6198643398595591	-0.7123003995380331	-1.0522400034346915	-0.3807413816058951	0.26823682434393664	-1.939346193292787	-1.0462256908326817	-0.26255432051989996	1.704376216753839	0.9482368443113479	1.550555147270424	-0.6795178725734704	0.1953051881478752	-0.8819436972629182	-0.04630491502102835	-1.0566026256972434	0.5854938559165623	0.36792152509619547	0.05037584316813806	1.175661164116398	-0.2898806986811035	-0.6061723391555416	-0.017900851718970937	-0.8746534458792767	0.2565573031230442	0.5941624990294594	-0.08822943866403436	-0.2177637061121211	-1.6394199192947019	-0.5062584553633469	-0.9081617063658967	0.33298604071463445	-1.1512652546967133	0.16395508493332647	0.01170305164332514	-0.06047010061314562	0.14925083266700165	0.054501622022131664	0.29103302254000857	-0.260684940105008	-0.49476572392614043	-0.09043087409277854	0.4597388425056995	0.3904746645830279
DTXSID9023041	-0.8572264089548086	-2.7268033149593287	-2.190924317550809	4.367187373034425	-1.0770462063993886	4.190578369870832	-1.8279581615242277	0.11724701207948736	-0.37306016216436927	-2.457849844636531	0.055011098973224676	2.9140754973243466	1.4025084854645213	1.905992543478448	-0.015136643441014367	1.3111895922196082	-0.40029505634389245	-0.8733444502037946	-2.2861453442961617	-2.4905524947168827	-1.0027330027323997	2.309408754900698	0.4934145215627473	-0.24538897323229356	-0.8715987249667296	-3.7347607402975482	-0.33696524324986016	-2.5045439586832186	-2.5473898439494778	0.7656049595306631	-1.4892551919978627	-1.463294658056797	3.8331920773618684	-0.16974172677195482	0.5159120273729001	-4.323400446784322	2.2167940997579967	1.716957406916244	-1.4661484280829409	-1.1823589320399388	0.19374207951343828	0.07566286903493369	-2.077201398917026	2.583421408076533	-3.2946038159795763	-1.8931595659745704	3.859975984247495	-0.6622021261662036	0.1064757185647674	1.4910865229332775	2.0161859958629296	3.709971916991066	-1.9503679513011545	-3.1766729730113847	5.229494650301195	2.760171928037923	2.456561164911932	-2.341635816414291	-2.447483802513071	-2.0091026719858345	1.4740641642656478	-3.7359249185463104	-1.7623666466984689	0.3447746567909475	0.996041777497521	1.3647021306056715	2.7128193504324916	-1.1483330268596228	-2.2401073053625304	-2.2890246017357656	0.35262495264517074	-0.03543361618388799	0.4738837126649874	1.3482612276907822	1.0946767238777995	1.5067893248560515	-0.8971364983551761	-0.8509310772608953	0.052451535006671796	-1.1727568488368039	0.24057685657271094	2.1095444197247737	-0.22739583659763696	0.1776288250673404	-1.543605937176102	-0.8246038681380081	-0.43358552427424946	0.754334545474567	0.056506215066122946	-0.0034298480122599787	-0.5398397131492504	-0.6243312284691899	-0.05776008219122454	-1.0939954974836588	1.1313712950946202	-0.2683355677624946	-0.8406605034092418	-0.49564090833859165	1.0221703473445403	0.34911207903855823
DTXSID2043909	14.378021756598676	-7.515866598993572	-2.5504951094919694	0.4406281210383316	2.574046324763552	1.734340905765085	-1.0819543819305308	-0.3467239593773217	2.7772315347769574	1.1246358544564226	3.1949979003971123	0.6826099207516126	-0.5062119756847702	1.971925324809324	-1.1497425969136215	0.178961841225237	-0.30126810201903237	1.3246080086073322	-1.100920429991985	1.4959357547873822	-0.6923011577811934	2.354855599989944	2.537506239811574	-0.3493973808770992	1.2111362348155241	0.23180673079611908	-0.9842803751506672	0.10007062285766008	0.9017170974059695	1.0297846942612423	0.28529182733545666	0.2476839317011909	2.0061764296303424	0.2878560243795359	0.6105872022435754	-1.1505167643153846	1.641249984571977	-0.0668332090271333	1.0486605853552435	-0.8286560651743132	-0.10518908190921555	-1.122908723288992	0.3418061206502807	0.2045098357967148	-0.048796065224446294	-0.4657568935467645	0.4561504254330646	-0.04157139691313155	1.3433109759044766	0.8995442551589433	-1.4645927752779433	0.011140013290574867	1.0715418618953771	-1.8963545241002746	0.33975008836953474	0.4799767925252411	-0.8623997715307491	2.129924842848938	0.5495450558717137	0.22370948230850987	0.08551954839322488	0.9231636840026131	-0.09566607318645534	0.2525399740756371	-1.8864493287533841	-1.8363748959290302	2.0881275650403195	0.7773868394740445	-1.5642663596039859	2.0359173105066084	-0.9352056444695875	0.44904794910719115	0.0696279279414936	-0.07372459782518052	-1.2116192785422955	-1.7878927509473992	0.2299192916387911	0.528809623315139	0.7484502934844829	0.173439534962949	0.2235455595747725	-0.26496807631593866	-0.824314485722792	-0.014150878563096653	0.8356126818248767	-2.09962191718388	0.4492583860723652	1.4913934804869338	1.587741914971898	0.4710331034669722	1.0537241281800067	-1.6624104901513665	-0.4449201163416499	0.6059914465572461	-0.1115267447884097	-0.8992128625054874	-1.0220280897430332	0.570712960670669	-1.9030644527187284	1.3597741224262783
DTXSID8047006	40.60754779321323	6.4591542920143885	0.18957197695162878	14.466486590257905	4.393451364752706	-4.906724090652856	-3.4022836391750326	2.1826963793397387	-3.318942226151162	-6.722484406161553	-6.914647653407445	-1.7306179528580339	0.8130328162258937	12.001650174258414	-3.10923615390534	-1.7923639145097052	-3.2675190683520254	-3.422785878984714	4.311691268890014	1.6370396242858443	-2.094835172482737	2.273046399145507	4.081302746414458	-0.6954857227287322	-5.4404211828435205	3.6397137377414093	-4.90491094842952	-2.5836740661224358	-0.36589380063806354	-1.6481427539492357	1.2513624593273733	-3.2852812763303425	-3.1434052367341643	-0.9685178498851058	0.45945985202817186	3.527748385863749	-1.300614883769347	3.2456416011612923	-0.7235936905071557	-1.2121898281150838	1.8039517267692728	2.036649554343799	-0.1841624891555275	-3.603202856779666	0.6277023261790743	1.3694648216470562	-4.537100184347259	0.9874763682981761	3.6586607069422876	1.6445149245118684	-3.512022536419973	0.10048258593075403	-2.630936510139802	-2.4698679230016314	-1.168733376592329	-3.0604332490941415	1.2642927983194545	-3.1310699079323165	0.06804100472169378	2.2128727001964394	-1.3178976376479026	-3.7381207395944744	-1.2825010069859712	0.21982547618426873	0.016437397706651175	1.0549954234823886	0.19625100787571384	-2.384961633936912	2.987473390438042	-1.1368726071412094	-0.9736305902240602	-0.7009637720473393	1.5232344863967489	-1.2182339802449866	-4.034553780347724	-0.8219913320635046	1.8914472259832584	1.589443009330005	-0.8720877395413351	-1.524968047923682	-1.501504268844083	0.15874162530477276	-1.045248404850065	-2.7623330659478444	-4.408021523385971	-0.016245473378742496	-0.5163415850335107	0.21440323652385887	-2.614954017969117	-0.4377893095956791	0.4490912187995572	-0.32889421966261534	-0.032807351901935275	1.362117470675489	1.93720851181069	3.4338068228150083	1.6687375383749234	1.5637012952051996	2.5360997881860947	-0.16341428156131346
DTXSID5026049	-5.18115566278456	-0.3177354608005248	4.59640659907359	-2.506882939390825	1.2809646323824142	1.4224353002023038	-0.11296156258895773	-1.5536897573761004	-0.6423383474137131	0.44323993081026763	-1.937254291368558	0.42249218836944064	2.7694700003217423	-0.9959627706652037	-0.44090947146014803	0.07386767039296624	-0.22264171197699387	0.39623911817482355	-0.9326916392898453	0.8903776684498081	-0.22015126779349342	-0.3581711963916921	0.2797536822095097	-1.0573031428922155	0.1782362800855676	-0.07411579106660088	-0.41702899422577716	-0.003754642251788632	-0.26379153940251837	0.038614458915830915	0.3360427963757337	-0.01906214919822018	-0.5076124610405125	0.3746910284296577	0.14156938619488263	0.5469597259280768	0.22821497040456817	0.5536977121051938	-0.011758358155753372	-0.3210454123910258	0.30380446643574865	0.20476145646504676	-0.4394311207170698	-0.5876182592363864	0.034268204677529404	-0.3382374903679266	-0.01178666013532363	0.22545503407513096	0.043002715427945856	0.269645884899951	0.14655396709009083	-0.33057790150907373	-0.3752486003304134	-0.051244870294575064	0.4315204547658069	-0.41689026195836804	0.15093961761466354	0.5637079274993949	-0.8755047837789676	-0.549900089286624	0.19187448085123512	-0.4869580872099526	0.13759924377451158	0.6145029715016441	0.0030719906266686373	0.27436280543633923	0.5028399686183368	-0.22399434846493352	-0.0538218119447839	-0.3939501948156455	0.1892298122018896	0.445246405275986	0.07438586216796311	0.5308300488473662	-0.3438000626434221	0.32915999843323807	0.13487016562526621	-0.2727694753847731	0.07534801066456404	-0.07091910715834324	-0.40673444528176417	-0.6307153675881625	0.19539017666935937	-0.2136906365252572	0.23319741969714772	-0.36503113764548906	-0.19842851504051226	0.4176354241632355	0.5361935686124444	-0.0823099799493025	-0.15120339925495319	-0.4798928621806776	-0.19585011979904401	0.11823052945760512	0.15077346460550733	0.40239820972129964	-0.460593338800638	0.32525381938304326	0.5542558277769771	-0.04735719014761149
DTXSID3022950	3.089309121394499	0.9419435497414994	3.7524067843654425	-3.7280908523062917	1.5236609003838544	2.7170965911241685	3.3918769321000495	0.23782839013873985	-1.571733923411932	-0.1537550413503312	-2.068785123764408	-1.442319638702224	0.230953142797331	-0.8625891735314836	-1.0472186573554785	2.9901355652102817	-1.5834427716221768	-2.651720145767776	-0.49699963248206824	-0.9909395058671455	-4.159218502248093	1.9395419851060065	0.45352708155698823	2.2619639925073476	-0.5756442436269837	0.5013499468290501	-2.403638048171762	1.4500764674455036	-2.7452494299507717	-0.9528410750537178	-0.0969580023016459	2.8038587495021745	0.22774460873147953	-0.4415484103158323	-1.4605055418069963	0.9991410882428358	0.6671405571000736	1.1005397777924586	-0.5499894300289392	-0.3628488860855767	0.20706718044477831	-0.3854921606727103	-0.8835169722283321	-0.13944874622742892	1.461317133339355	1.2214309993971226	0.9789727660559298	-1.1283000001765104	0.3425978263580576	0.017943504417583685	-1.0589705841002375	-0.3794577507870823	0.41874402873099986	0.44122236711863344	0.7468460273371128	-0.7079776454213387	-0.0030609260559216864	0.8281910745158236	-1.8598825309975857	0.3271970531760081	0.18526868218865247	0.908551546187647	0.9334642151977758	1.1488679343916386	0.16654123728080755	0.6494591528081891	0.11991662132974058	-0.24075221748927927	0.004811307895734477	0.15026869897830747	0.5853199587032566	1.2566275581657593	0.4371509319662075	0.8902281419005035	0.3978504288004427	0.3015436403614988	-0.16769265224655963	-1.423035969868661	0.41249327447958484	-0.01610564100894959	0.005008139614527026	-0.4996417049827128	1.1182808034542238	-0.5839713049120202	-1.3716977447485044	0.5182184906062322	-0.8760398273934511	0.30976166982464975	-0.6509763603428272	0.005046909698758108	-1.5237367484384299	-1.0145717382351642	-0.5080832316873388	0.2647568522357805	-0.265157997627917	-0.1531323809884725	0.3312897257637731	-0.3571019421762123	-0.673349840581759	-0.3801589625942605
DTXSID0021256	6.960930311420249	-7.36325005576269	1.6351436118187739	3.0656521329179847	-0.5066535724113937	-1.32804129409104	0.0760098132489298	1.1088998164513855	0.656989807161355	-7.387365239339077	-3.780821213144343	-2.5639429068929167	-3.2199241121585214	-2.0744190156305926	-1.8392962638515842	-3.6026189474158827	-2.262538621575387	2.1009877068022305	1.772326484831816	1.1151575609462514	4.804377640354692	6.417295500466913	2.734166341266425	-1.0611267360483303	3.706999814119547	0.07404959202752906	0.3986515396248463	3.730300347390427	2.708008595460897	-2.9927854519610575	3.873868207951955	4.824002804691357	-3.0457592608713626	0.46907938422301076	2.9771180967388986	-1.0088014191056682	7.16638861436861	-0.19021376054261133	-0.18399173456934273	1.3874044173133224	-0.37382038087178526	-0.9335522380133896	-2.1545447958156765	4.644007863059588	-2.5659840159704883	-0.21107125798568732	-3.675897329161927	5.282916855538919	1.2951280631365887	-1.7589912077262668	4.639172084609726	-0.774495527568988	-3.0469430628534795	2.3847693541690744	2.9354347969320935	-1.1060334228458444	1.8358611073220923	0.8188037714645735	-3.8043061943271184	1.19142472099939	0.04785300079218702	5.7024228503116605	2.123397902090785	0.33505008901256506	3.5140043905236027	0.6300135236572992	0.6057110327268335	-2.5803218022026204	1.7869592729139783	1.9638833164304772	-1.6175668583489264	-1.483534026416478	-4.4134931051256645	4.126104117416758	-2.1587101407093066	-2.2206681760725555	-0.03928584871862326	4.503899902855815	2.004395240745656	-0.8178905015516377	-0.18147265163915738	0.5474684538995193	0.39361676867073775	4.448719971922028	-5.6215376499711995	-2.897192337465878	-0.3074055069010815	-1.6958074514810946	0.14425890185411025	-0.6983598801933275	0.49506542708732476	-1.3553941677551806	-0.4983896074067064	-0.9198474970545416	0.1730195712587704	0.4255536126723417	0.2519088739811456	-1.8851658853670918	-0.25752053620073784	-0.14915929649202556
DTXSID1023316	18.716469357043426	-5.942290596554964	-9.78223927956789	4.416376491865996	-5.3720499626296165	8.755123084452624	5.842993891101015	-1.7557154313161383	-7.250106257855176	-9.013957547659178	-2.6706289157126992	-6.320982433500877	-3.3529427031798056	-2.3818915295245167	-4.636340403956624	-2.0016466149303125	-5.190684065842647	-1.1600089495729273	2.198953881922758	-0.17100569887850156	1.881822295093959	5.592522419365822	4.878162967843255	-1.5896659815886733	0.9701947923319914	-2.999276544425284	-2.4598037056811126	-2.510617088921263	0.32935272871768834	-0.7039589749225889	3.4405384095446405	0.8332043560295376	-4.0158341874677985	0.847591980861356	0.07644595263328408	0.94715877495133	0.6925902530063145	-2.604698554382444	3.1242320429167734	-0.9364108014999166	-0.3233370394665151	1.727861664785774	1.5805407381384706	-2.471048893771889	-1.9268349055291578	-3.98846713854088	-1.9967790940239443	0.9864500527559408	-2.822645051100557	1.3372795429688669	2.166207283590488	2.6336735343995885	-4.219401842018247	-0.9647288027666935	-2.4919948185919676	0.2533838014648751	1.721814102621636	-0.12328907667231528	-2.819141272403163	-0.05579345091703427	2.750711331853946	1.8473986017152122	1.3050709788300736	-0.683634644726736	-2.404882494005057	1.4687894304212854	-0.47574105159683144	-0.9953418902744026	2.8388835204005813	-4.5312723683285965	1.0748492384194321	0.025455311408954025	-8.303534334583127	2.3178589298406145	-4.748474442348576	-6.007572971066505	1.0272363940786047	4.8798514063500775	0.04405469893450471	0.06724997786372595	-0.2997373250010822	0.6300949770955966	-1.5122671520624538	1.1259945550422579	-3.3239890168025403	-3.803999985381986	-0.4790438505180648	-3.46240452788297	1.8193674209031943	-2.643103824826163	2.3822886540083266	-0.4921897262964645	0.16425078865785675	-0.17505635299121594	1.7010466519408285	0.1732299275618982	-1.1610467784599061	0.20100584553557702	1.2166518236551256	-1.171127810124939
DTXSID7057812	6.734815356333048	-5.490757003300436	4.217166715161738	-8.151819109176413	0.3779524375863936	-1.6260255489326965	0.4413123749907603	0.29725903846133456	0.6963395910176856	0.6570908699786081	-1.6214536986800954	-1.9600640255841748	3.4790900202472326	-0.08148862269595748	-1.0416868515343154	0.200753949288911	0.8540026048621466	2.199287945626499	-0.11257528569092173	1.270705382368842	-0.0022263272688852844	2.3416582818536456	-1.5752190002950153	0.748403588005819	0.5294128829661807	0.05300667108882874	-1.564519767277122	-0.19007243218784467	0.217676438514695	2.993924684261447	-1.7591052169635304	2.2101525056197517	0.8268368389766502	4.515063687680874	2.6349321626437865	-2.276668738576422	-4.315402428751817	6.4908597642905965	1.2421293785547798	-3.001906192257137	-5.128819867307764	4.746727938656274	5.754793090976939	7.453352857246608	-1.4686311898552613	-5.223429302250914	-1.2347420406319871	-2.6096594792629797	1.5710046838349232	-1.339802830334974	-1.0799201230022897	1.196959264832937	0.2783341461644484	-0.5838859933071595	-2.45904981158415	0.011384732812149499	-1.4870846201953938	-0.5252987836746897	1.3082560003009962	0.6238995199784194	-0.6912454803277397	0.6125175949040267	0.456084784135457	-0.6607875979926823	0.8450708386002046	0.6863627202624283	-0.05039515522200758	0.5944791069601507	-0.8691444582594046	1.6283032353519882	-1.6845785544040368	0.11248889550780715	-0.35763500477999405	-1.333253471066975	-0.33742268065492975	-0.26710700534611426	0.42805504649753284	0.7261939544742237	0.3910774149786683	-0.17716631388966125	0.9184754363334305	0.7648278876936334	-0.009770789613000312	-0.4490258505434311	0.006960949369314517	-0.5592628149746225	0.2673965182997768	-0.2925310025840779	-0.31999445242045543	-0.2910886249440956	-0.3916271792122945	0.3660177309546376	-0.19386354810407277	-0.7272020145414342	-0.016314967855447476	-0.08696885010026213	0.6174555344470919	-0.46764926051053424	0.03728042452944608	0.21157542654501624
DTXSID7041417	-4.299120112653628	2.157981810041483	-3.7700694727288884	5.292323273932581	-0.27336478565734285	-1.8166240298618521	0.8387224283858703	0.29189377700114694	2.463218207787263	-0.14516738503433016	-2.9649357057014547	0.10890828936290198	1.0751701124229809	-0.4148028750483348	-0.5627308129392943	0.7451985789049098	1.136721279751542	0.007370563633504808	-0.8470487718163754	-1.5015320324621904	-1.0304917306544623	1.3702486542654602	0.4163566722001245	0.7876078844391359	-0.8282681925223755	0.6749776764366922	-2.0942774745922863	-1.1648924851375344	-0.3416826133442828	-0.42223057511728423	0.6958934127223039	-0.4966126492045028	-0.08629987301249854	0.3301354317847705	0.9294474015690536	0.3606594294782698	0.0578974687541653	0.4491921583490065	-0.3681903905547273	-1.32957071292613	0.774887013016787	0.06865547324483344	-0.17855940678821144	-0.5993296159953125	0.586621373991802	1.0604850721043504	-1.2895103223431565	0.783360438538606	0.8236974875728232	-0.1525192407166088	-0.4480914905954836	-0.3146436258051653	0.03661094292924517	-0.6787576316579761	-0.7276135996731222	-1.2789137067435088	-1.1730034287719426	0.3402932166965629	-0.10625012846487658	0.8254407226608886	-0.4956072148695653	-1.1390500760016469	-0.5429603975008894	-0.7656598983616417	0.9476351481283507	0.32355011038056947	0.46152322926278583	0.3566659948180262	2.008333187643591	0.7843517847579461	-0.2947909336214954	-1.3161498416356672	1.0062693094200097	0.2902080515404818	-0.9141714326529456	0.6162459921937243	0.3946202547534077	-0.36340114908328525	-0.9240012208595462	0.09215945340973761	-0.26896747353291844	-1.299257288632531	0.2611254090502633	0.38156373899004753	-0.5471606117941425	-0.4429661518306941	-1.2892284839584238	0.7177078358632752	-0.7855330422782782	0.29483217890492686	0.8720028168511694	1.1684709487951137	0.2094455468627538	0.36592052341397746	0.06957046526790946	0.2521427224707836	-0.5491076126933156	-0.1070498704502662	-0.4683543657153009	-0.024813109672827217
DTXSID4049375	-3.1900503428022287	3.7924971180314646	-3.7370682365178474	-0.7701830012525929	3.316678807879008	1.5007838035514007	3.4120730583015266	0.4327892525672661	-0.8436404316546585	1.1333153343638513	-1.4485431056426818	0.9387835109721655	0.17208893855889862	-0.7940650850683738	0.7435616455895137	2.640421285286075	1.3314951780770026	-4.689975208167804	0.9376583642115806	-0.663583061905552	-1.8640803614105665	1.3641503877350423	2.6186277322316123	1.5251705681055168	0.6783525397819824	0.1323065005753206	3.0687607574306157	-1.6488807282627003	2.1902994343778035	-0.1983052311745018	-0.751223881422004	2.7008101713906587	-2.260511240012483	-1.162202652909741	-2.8600573132591305	1.1870212037166654	1.7040781431620713	-0.21349523154329775	0.8396629345337399	0.37687207611153795	-1.1590059666962087	0.4642899449527757	0.459045718188968	1.674855780120848	1.988515712891796	0.2666773366675372	1.1700752795455842	-0.7481825331414693	0.5135558829904833	-1.438401963204707	-0.6178824941164431	0.7111487609488641	0.95543359370636	2.1646632997402406	1.1514415418393749	2.384290910408083	1.1066043307248814	-1.7036651143351798	-1.35507804863042	1.9043995494862225	-0.7784146691849686	-1.8166735741408426	1.5853157949828653	-0.17170655492858597	-2.6325543539103933	2.179602197768273	2.3164651913175285	-0.4351881442817708	3.294158532620179	2.592888261258578	-1.657977716924027	2.734557799847245	0.21367544790073625	-0.4141779764046231	-0.4235379181714858	-1.295995526066359	0.24284212220239237	-0.8201980794656466	0.612353962461644	-0.07474583848779945	0.045620970435191345	0.14939778645237983	0.06493637506635927	-0.8605006776949993	-0.5628610413794172	0.7400747474266275	-0.1586068486557412	0.3423808266094683	0.39753707060086724	0.11084433674118079	0.8527235364165743	-0.12085151021243622	0.14207275232450264	-0.36342337188070656	-0.22397639659363508	0.8813974300501242	-1.0708777434644792	-0.7161531647616097	-0.3543923264200622	0.6006651592549177
DTXSID7021861	-6.763073306479446	2.339547168081216	-0.891578200525385	-1.2237009966167822	-1.6870278357764403	-0.9659718059695542	2.299476107382856	0.8449558243168878	0.8533187528269779	-1.2445640921356846	-0.8850313263408054	0.0995713875357032	1.3193467792329316	0.14905939720082745	0.009059497809938729	-0.930518420470916	-1.1845527967969156	0.8285763185583237	0.9773545911132945	-0.26168146737721715	-0.19741205212331542	0.5694274197655171	-2.112048251048196	-0.7258571979006756	1.6919538611011684	1.6586557252414131	2.1948403987936786	-0.7461333535819553	0.06154959752000296	-1.320441137357632	-0.3010442178371605	0.5656067672111873	0.17161836122866975	-0.9607259104049949	-0.4525166708228607	0.22054935768075595	-0.7798672691536243	1.2792859876990532	-1.5760214643135981	0.7145358818209218	0.6087055861235348	-0.31820439814906615	-2.3150645724749315	2.9853287760257685	0.032585749372191865	2.03109050978871	-1.4343175243723292	2.1545314306309487	1.6065312054117393	0.3900946444403937	1.1869681232216647	0.5414689327685818	-1.7536749151009614	-1.7808851129519918	-1.5849486554868881	1.3697229438698317	0.6464490800364289	0.9982579823542812	-0.898171346104816	0.9380777342904267	-0.4576934537645258	0.44895070517005653	-0.42387896863793073	0.6723680771362488	0.011828062399609122	-0.30742477136723495	-0.6041506062998712	0.25622670538518244	0.39800165990510766	0.46548307219843027	0.4042521368288484	0.8228295067449156	-0.3292554121339105	-0.15035202486305374	-0.17070913595032694	-0.16232826753535642	-0.6545753426753428	0.21125807034111146	0.08529212215219167	-0.2961993168591381	0.07258156456334103	-0.373826192688663	0.16484972602363893	-0.011058717539066213	-0.12910609790620495	0.23429829064543423	-0.0009236585182333188	0.38665967889299474	0.18644147484566378	-0.18763500308790973	-0.04152550189062471	-0.02047020773061642	-0.508296372172531	0.06298703848184807	-0.03475282617421401	0.11849147814678367	0.20543426995951455	-0.2548939117365367	-0.24937585845875307	0.17073395493071844
DTXSID0047905	9.101267550816052	-2.3690550166507274	-7.12776957542902	-2.1575107455899394	4.777443108868984	0.23900112025239503	-4.988668362324218	-3.9796796935510232	0.4798065358579411	-6.631347336865809	-5.863503075832326	6.651221223892339	-10.288021065817015	-10.616935917617843	-1.7167242213662057	-7.406291424698351	-2.527696659893788	1.8987403540397407	-0.051983005975835994	-1.0241293737739858	3.632973316862836	10.590824403722744	6.558323873438406	-1.6604427699238908	4.963824708680842	1.5929103134836848	5.123350108156262	-4.196105826429587	-2.6883460691283667	-0.6393330540105447	3.4079914801692297	8.419212085440131	-5.1622542341045365	1.4932575999046893	-1.9042123713760046	2.9374419049255875	4.281185346233726	-0.3054020164809388	4.901082561258716	2.9930649688110544	-2.8275312412808193	3.807692698032948	0.9575866204092373	-2.1290803672484295	0.25456266822021123	-1.888854968997415	-0.5459000614854377	2.4278120907352387	-2.6553087472505834	-2.6331264491159874	1.9454832095288073	-1.128306784028486	0.3690148675049862	3.3878620480240262	1.2708981930643555	0.1833888541831032	3.284795803991399	-1.0262760011110428	-5.811202606104535	0.034928274907734265	5.280957252860426	3.771157865230214	4.414988833307774	3.623053704932825	2.243008338547631	3.293620784582645	2.120511314706283	-1.7915055693130575	6.326614284215826	1.022932969676443	-6.104989594511488	-4.373075345655843	-9.596607026025579	8.231393370169602	-7.991118273307512	-5.057993463307354	3.2065163218680466	5.080670299190955	3.2489183151043712	-2.3280674559290704	2.406997857681378	1.3668437364039787	-1.181444349981855	5.618121791959579	-9.109421020294999	-7.040348257267715	-2.3311464925268064	-8.475375619944336	0.3573074170745805	-2.245237507145474	2.393186769172058	-2.2270202165198296	-1.9866531701920518	-2.7788278208466495	1.102505308140736	-0.9402177030207263	-2.389484329626972	-3.4357053092785366	0.6661678886050275	-2.199822510259958
DTXSID6022719	13.06512130788039	-0.9555487960255101	-3.6677181834989554	-3.1075757488214415	-3.213722925370296	5.516329256457193	6.720667966567692	3.553813239238217	-4.045385517704799	-4.16005519496351	-2.453380229467123	-4.540654246494208	0.057194343431402096	-1.86649680533429	3.449555310334222	1.658177745567276	-0.10798874797651027	0.4426255767227161	1.5627463910614061	-1.6097022487372008	-8.725136841495495	-6.925139871254289	6.113565054330279	6.5588778343103264	5.277390502375314	-3.0739132007280507	-0.19171326361357252	3.020274026193107	-2.135408950282849	-0.005622154436169416	-0.22076515323634657	2.3304864556178804	1.671248059756644	0.7330744095766308	-1.686828179393091	-0.213779542045489	-1.6760052054055903	-0.6150644060415021	0.5115876893029332	-0.21570634956203624	0.4628610643584636	-0.5536273585742937	0.019524998330525165	0.014415071236085064	0.530828885790403	0.12717531638705806	-0.7137677328143308	1.315240739534837	-0.3049779574770347	0.3426741675329956	1.4080241499102748	1.6187347305748687	-1.2971212696611751	-1.480559168535004	-0.55919405636649	-0.21620538968406072	-1.0821519504091783	-1.2101394375276027	1.2227526655940086	0.5677373321302741	1.0629735394139823	-0.4314260815583747	1.33814857529913	-0.23588871486567925	-0.8455397075786447	0.13689686607449764	-0.17535045648226505	0.6495484567076225	-1.1751822930164868	0.4375555886769766	-1.1610190703542003	0.09994981490961755	-0.5480088023242504	1.5466498827459922	1.0415944121038194	-0.006633767666151754	-0.6582826051669223	-0.060627109352311685	-1.063291554075584	-0.869956544383541	-0.28894846474369906	-0.7531287679616623	-0.20490267743628993	-0.02941173522862572	-0.8521959271827656	0.5944477886765073	0.05000226823050043	0.13367124018275847	0.824714382129163	-1.0468386878789717	-0.7242680864921313	0.16999395041325	0.385487945060664	0.41028154850171084	-1.3356508037074744	-2.058620884919892	-0.21771673461903682	-0.44840665583498485	0.4605886518255674	0.8413634424106406
DTXSID5023584	12.556138885753263	13.395127209800174	4.841673668958851	-4.3413177589565874	1.1313881966295074	0.08990413729130006	-3.008799181685432	2.0020766977220235	0.06274728981602011	0.29669873574144745	-1.2202271434772427	0.18705184585804543	-2.351147665303965	-0.23074642287099353	1.9760367874338256	-0.6609745991791126	-0.19221150737853773	0.15431089117654434	0.3413381268901866	0.45789146157417404	1.5805253973572662	-0.4281163805832562	-0.049950750571168594	0.9271221971759307	-2.8965855051220664	0.1419259248653941	-0.34647421378837945	0.06429486222211367	0.5525241375503972	1.561515994060938	0.008194761117488797	0.016283959206806677	0.4690301648906635	-1.5299167173685622	0.6888980818683219	-0.09182792004200606	-0.4705574371424116	-1.408566029611212	1.0933707666908605	-0.5739376037995866	0.025595082034110997	-0.5868474946873563	-0.08009997329651038	1.1277698276463888	0.1483996929497468	-0.8759562622214684	-0.5499711774258503	1.1052444020123413	0.997618702493705	1.639331778541461	0.1139974043982237	-0.6551681014040478	-0.704989834360477	-1.2746701164226775	0.9744113157336459	-0.7591799637269947	-0.030521127687865118	-0.5659052007032382	1.1829489494656684	0.7594764003485667	0.43003251327648817	-0.7336251118482477	-1.5734078964887293	-0.22545763203991137	-0.24920195559782202	-0.2001508732668101	-0.4331817421760363	0.5712389001803434	-1.3109476462205678	0.7077987183896535	-1.3484243388526318	0.47563613307553065	0.30183367594665983	0.5119408144875053	-0.01617885724442359	-0.134880649370775	0.9021769476120562	0.6741295824419626	0.03248984739365883	-0.8272035476095135	-1.4222923053787246	-0.2410688792688362	-0.8181598123661685	0.5163232705328825	-1.0003830001591505	-0.2674430325392522	0.4162020502541309	-0.17782471483488554	0.4040338279962009	0.30396505607220564	0.593246547555099	-0.5304606978713678	-0.12615413714364998	-0.7438973696616523	-0.7130984151214452	-0.13958871761971325	0.49825580889239396	-0.024369959888137824	-0.17138171989144124	-0.5779405321078368
DTXSID1020148	-6.507386496287053	-0.5659034491228903	-0.5875318440794332	-2.5942609252131383	-0.8802176639224634	-0.9892410813994692	-1.9680379987250394	-1.8085479489185552	-2.2708065137636986	2.3113713519460726	-1.4663674055980505	0.5841946069064327	0.8114771597366782	0.9275260565754971	-0.33837971261706096	-0.31948602470420495	0.09434161641545763	0.27365457745660104	-0.05972173941655681	0.33167064474755287	-0.08620017184404795	-0.20084584377073034	-0.5549331491607661	0.29432774042001986	-0.6809671021206583	0.48799566448555187	-0.30352527338679564	-0.3389152659625048	-0.8692959549256808	0.15695909411810166	0.6470681908663538	0.09431186451393093	-0.4607543438421318	0.47867492524923483	0.04346319125639505	0.7983201211592704	0.6269202838193232	0.6566233911528305	0.1710652027058037	0.4175305091264393	-0.3326561242482861	1.105920960368503	-0.3199637855130376	-0.3269693493412486	0.015113107011745855	-0.19440803585330793	-0.04677203630939658	-0.259975149456234	0.49487767332209726	-0.5549849729302303	-0.08962132319603572	-0.6166849664471027	-0.32185414315908817	0.6737445473080002	0.6207551263286856	0.08464241090339826	-0.44637495367739294	0.199573157766614	-0.8785376604941364	-0.887748146791547	0.951003824494402	-0.45331181072568877	-0.24940531962212933	0.24297551536843182	-0.2767938238705028	-0.2920102309049609	0.05399076215165629	1.1430325372494454	0.5308692295965545	-0.7304565319502929	0.5605334719669546	-0.6015849563879136	0.8619684220392873	-0.3060528183703627	-1.0595292066041244	-0.8875509620221579	-0.5099542251073209	-0.4238472613222167	0.202200919322985	-0.5712733221110772	-0.7516350797489452	-0.621647889692666	-0.0934058130297702	0.286481433623508	-0.22296622265766278	-0.31534775397272613	-0.3656458966778032	0.5540426195894317	0.95001694676827	-0.2809159013731195	0.1310769528068867	0.25312763093610974	-0.47333086970702565	-0.3976286975168312	0.06826436973844438	0.03766579338079308	0.609815576692228	-0.14833814842015336	0.7014896762329368	-0.02125438215182581
DTXSID2027044	-7.121649425709097	0.664408594597682	-7.83038963613818	4.4284332141738	9.546018818131486	-0.10335603214680655	-2.9598140313117933	0.5455072866486915	-1.611640623191873	-3.655863917035522	0.15043508222416307	-1.9138559800184567	3.9778285091252927	1.3504237923241789	5.07245420687627	2.5089967999359457	-1.203703930290732	-0.698548676697962	3.775264970343089	3.739751958129316	-0.5858148684447253	3.5542512542121103	-2.650484014608096	0.6308593203519933	1.736725921967446	-2.9276179323705445	2.3616428820960573	0.5026202647963373	1.0821811846353873	1.1892225406622619	4.830815053949651	-2.4855616570357033	-1.707710864773313	0.49135298255468296	-1.2606694718975056	2.557198617981663	1.0373293814523457	2.878058043130202	-2.523929017686638	-1.620529574108852	2.709675665455034	2.2055260404015278	-2.4085989349801267	1.4114463755026303	0.2586763403535015	-0.4047844201352183	1.1333082093879754	-0.43130797292299533	-1.6690764353859024	2.528198100930433	-2.7100429530396313	-0.39521576504372485	1.8380193090331096	0.1896366599446731	-2.3009402499235474	-1.7093917564867622	3.524605138408661	-1.0052306364907757	0.3048291166653662	-0.6674909868197406	3.471922857202026	0.3782370310230215	-0.31609932181168254	0.7012632391795719	0.7587826208570833	0.6717365411457651	-0.2861793383525687	0.23790401542167372	1.6648649579786636	0.10278026877143935	0.19101523235615447	0.05459353122664794	0.635102709476678	-0.5880953426814005	0.3638509123237578	-0.05344868787248747	-0.15545554446436943	1.7766738991226676	-0.14413813848156878	-1.151830472924447	-0.1587944405818517	1.6607882714593405	1.6920520706805438	1.8876979324876026	-0.5031497273323651	3.0722299976454046	1.1980179097185921	-1.26414780256619	-0.9580839569245135	-0.7316188640752456	0.41442097997783556	0.8299164848681599	0.12412691706404595	1.2074412315595988	1.871374594231368	1.3999981926755252	1.7171354069176632	-2.496339593958744	1.452757936738989	3.813346773594189
DTXSID4022949	-0.8548534164764676	-1.129670430109349	2.7358135945067636	-2.420563876600105	2.978704292090708	1.5333143582101736	1.5819653076666154	-0.4056402574819471	0.586272543881944	-0.15895901547301416	-1.30769521304915	0.7086241540258825	3.6304509676065435	-0.017438743962864864	0.6066398909311286	-1.2685560273042265	0.7063094071101578	-1.6535828504063081	-0.7258216180985488	-1.078857551715393	-0.12829059498490913	-0.5140092058950031	0.804068673959856	0.5200681096674064	-0.916348263118228	-0.142217592210597	1.0403191237789637	-1.7501871212152058	-0.9334858015174953	0.672769592461567	-0.30625448721824117	0.6019886882140227	-0.14985544011857801	1.3245458070030318	0.5497835532812301	-2.2759657904764814	-0.040926851937063774	-0.224742386377537	1.0960337407087486	-0.25530452921647295	1.284168557019498	0.09527075668127497	-0.5371887914799461	-0.05850158672978459	1.919331474396492	0.49740338473036305	-0.5050262129776469	1.0402560414220512	-0.854354129930222	-0.2019801483904578	0.7555250874361269	-1.2111355470013905	-0.022727676851241906	1.8677505492237814	-0.33561969103275957	0.2240808036124693	-0.46266860048620156	1.1889249792031575	0.017673595136673798	-1.2774901226604942	-0.5016603754060508	1.0580643247477997	-0.4875578212502628	-0.5524859275540774	0.6035453647427059	0.11922200542338066	-0.4488834410774492	0.14393347890121258	-1.3814952604136521	-1.1863496627343564	0.6623444763661779	0.3924398423059347	-0.05561448728959897	0.836787574313345	-0.9522669670054439	0.783004881494392	-0.13196530896732178	-0.7861893546764287	0.596310537335115	0.2999310175504584	-0.4476226136716864	0.12502055956101069	0.41857412448872283	0.1549232698940635	0.008370778710236773	0.0822712613986646	-0.016700499383210467	0.8713199173660977	0.269575620158722	-0.039232217779837354	-0.26120277238670125	-0.6828430380133427	0.08784048796443968	0.21657460016300853	0.142287113914496	0.13258627007051788	-0.4236799267495877	-0.1347513459336938	0.020156761768155465	0.2379348010275932
DTXSID7025425	-5.564944717394478	-0.5822795231671126	-9.777448003242696	2.015735875576882	16.78585533313448	0.282168963239416	-4.060596095241714	2.95523787372868	-2.821431977466202	-1.6827532503826048	1.5644048365094292	0.9080686101269171	3.788956571907074	-3.576079422203104	9.144138546904623	8.388346027119248	2.3958848145343423	-0.2174606597576384	0.6449762026975632	4.429195245772847	-0.9503861809440561	7.531019302874414	-5.12015682269304	4.0017647355506085	5.532204551356412	-5.414771188253517	3.1833893730558134	-2.0658424708090086	3.8273276621982717	4.778799863361651	8.245990935595442	-3.3429508483316255	-0.2599815184835286	2.7473831429974354	-3.724056428416873	4.347443821042195	2.9104533990175097	4.04465068464365	-3.603364577604961	-3.730193815097648	5.596151065156397	2.987763480184138	-4.595898429719553	5.609921046138199	1.7093838422613978	0.015770503244140942	2.250641198374394	1.7489365658916491	-4.770051265761616	8.105402879979543	-4.767262053932361	-2.057646097559702	6.627917539328174	2.472023592640523	-7.531218043125775	-5.767977467179487	11.365103743523985	-2.1382670846588288	8.205639449521444	-4.1566158319990025	12.62654774994315	4.5148670631565455	-2.2777270393867046	-2.2585550615412475	3.841331525462686	1.1004429429264992	3.9946023980675185	1.3755976999897792	6.402863877388078	2.887496776144636	-0.016833614425886958	4.2205332137311435	1.606178643738591	5.0737685790514995	0.016983590709866207	-0.5843968859464667	-7.50367481396275	3.3600058229306233	5.330596589269074	-0.5943655716826578	1.9695151675794507	3.3009665983109078	2.125299452399381	-1.592559035705522	1.462736684751002	2.2645480756080563	1.884383069381672	-1.270659703235276	1.5069469432725475	2.357479604578846	-0.025509575332344034	-0.21490289062876355	1.4852475973808708	1.595515074104406	1.9279651587247284	-1.9225319670697187	-0.08058769693433586	2.3783776490667448	4.79822989032227	-3.7046138164810043
DTXSID8048947	18.968090089115172	-5.93902638962526	-1.3879920013007865	-1.8631537220332377	0.8162352759401816	5.863081974781463	11.341980489270249	6.264446714898654	-1.8050814325290196	2.760857686037347	1.110638470854021	0.7919365358324757	-1.0413006277466605	-2.140795706024246	0.5178363919025187	2.1455091071675643	-0.49384589836931675	-4.462013688749724	3.978126459228558	-0.3632375364555696	-1.6912603264612083	0.35308048101813344	0.27382969231411175	1.4823598984266582	0.1974634782481282	0.5382097694248545	-0.8891202429758243	2.9749982818390515	-2.1747792506849875	0.34649003267313533	0.10756556311002366	3.702353458066811	1.8604822260418141	1.2001223585860725	-1.734470478505705	2.8292184165462086	-1.619856057157112	-0.8114296821913466	-0.3694952524296547	-1.284371679331768	0.3215945766276794	-0.5733951727248321	0.6827113821542901	-1.4307128485456353	1.1467202731963249	1.1845998357691183	0.37225084650951384	-1.3277542642550955	-1.5499911539965694	-1.3721640227219218	1.2598736063882239	0.9208631962866208	-1.8809105303197888	-2.4580164799689816	0.3553746494368468	-0.6502513217095515	2.090874890200371	-3.067974212807824	-1.0293475116592028	0.6727644898779497	0.6830301427271235	-0.6711661026938479	1.5097261639287134	-0.5871998278766658	1.3036069732834872	-3.767694220651334	-0.24974820641103113	-0.3885849536938708	-2.1889297856500534	1.5315528627751016	-1.0778848080304557	0.3844879337877116	0.20419162674178987	-2.100523607720119	0.6200410841295644	-0.6574553719984205	-1.969209770482725	0.9795072672499646	1.0200947364608788	-2.6512976419173837	1.0118635072605913	-0.808035182937145	2.2377383064472918	-2.351954626819282	-3.936970678954514	2.107510830241205	-0.9519033055492634	-2.135946982940838	-0.12190348421855993	-0.45462118586550504	0.38921618995003243	-1.1421781319153943	0.4397919684235423	-1.0266840374669604	0.9775528887714122	3.7593450946077356	-0.5816094781653851	-0.17015324384327327	0.3708216578254274	1.229148827091393
DTXSID6022684	6.376983193022738	-3.098278650982772	2.0333204998589505	-2.490510863060287	0.004079505358664417	-0.8536072993834445	1.251951873050787	1.8613893710885363	1.0965218065096451	-3.5936491201869316	1.35473729803701	0.721270386106716	0.8685956833769635	-0.708732992694992	4.085487725063077	-1.6128900957000822	0.08229970220516095	5.539859623829761	2.0332459897562445	0.13049020956062413	-7.155956982278289	-6.088017678936751	5.718938887838134	4.841932617509296	5.765156947210708	-0.9581200795434528	-0.5450099484162636	0.4030547609170609	-0.2521389273759413	0.7273818170619063	-0.5160222567186112	-0.633726868540902	0.5510481431992749	0.4497949671326779	-0.018060419015350472	-0.7239886879112949	-0.21889954837276046	-0.07441401108157691	1.1183514321285342	-0.07854613370080585	1.062618864589757	-0.2379697588789361	-0.583728362792056	-0.11344373995269089	0.34573988090701485	-0.5316393067923523	-1.0088612366407452	0.41911281017098434	0.8589595384498975	0.6910924957216084	0.41266925709716057	1.9698014080945911	-1.6165444028180282	-0.6117575869887462	-0.42574445181499787	-0.25812678160197944	-0.2772717460893924	-0.9487707712250119	-0.536359566535399	-0.38846547618989546	0.40503318558163953	-0.7403162570571642	0.004318043735402855	-0.6963879571892346	0.3708273743889768	-0.27690203672399066	0.6924862155126155	-0.60512560437184	0.19450003093113155	0.10817851675991881	0.19863496850740697	-0.018278667536643197	0.6176841435197781	-0.19160527499470836	0.9171196298572507	-0.6711663862256455	-0.15886288720644756	-0.16518716500307276	-0.15640143540607873	-0.5266337409147529	0.4128114799611538	0.4349566902870704	-0.8091679113829454	0.3434184307170631	-0.17085310882998708	-0.8130781475732621	0.263823176573193	0.35704776506293145	-0.19934892398867607	-0.6140020927951544	0.17368506809315823	0.03514960569555728	0.3455976554381774	0.516191903275346	-0.7844205821839828	-0.640416187487188	-0.4227727049371423	-0.17697574833289326	0.06644798309127459	0.5350728479683825
DTXSID2045232	4.248587001577918	-4.542212744794606	1.716367344891398	0.8271491965139472	2.127362389978967	-2.788277663289344	-3.2547333210715474	-0.6867152417413245	-2.3688617506532577	-0.046166831802699405	0.23232740402290822	-4.165410639369752	-1.4599429556551664	4.536074104807919	0.6093603503802576	-2.4819099900128205	-1.0452195589201236	-0.8761155530774764	1.2289713528971014	-0.27596448713052435	0.7400929938423703	-1.0239231197294034	0.3066150581496378	0.6266243849292249	-1.2879404599530657	-0.023710967680414564	0.012096592996602918	-0.17679797275505385	0.6039267351097131	0.21365584472110913	1.1062798400055844	-0.1833896361179369	0.1415697025295584	-1.5368125026025727	0.1147143557150005	0.003397949134765848	-0.02693272866916748	0.15301686001203796	0.1776405032034083	0.3447384443310968	0.3700463098592241	0.7726553599092633	0.8621326373356122	-0.5758312533328228	0.020086877901844925	-0.24464469609859282	0.23229139447568922	-1.7438533996307277	0.45232462189567246	-0.3432399371924009	0.12143468504967445	-0.3120891043500929	0.4476172191859856	-0.8678224671210102	0.4784497742706149	0.9825246550630238	1.2049927937506193	-0.1530457877463916	0.2878329327659947	1.379633732613508	-0.1318585231353441	0.3623641856397348	-0.019274047544001676	0.9687108630552993	2.278172600646831	-1.5278676527645332	-2.5305313847897937	-1.308649054778226	2.9712741634685966	-1.2703446470847062	-2.5323092289299463	1.6069603097357985	-0.8811885559254519	-2.4548118381308117	-0.8764051866512254	0.385443823069609	-0.048477020143418176	-0.41933818130461925	-0.1525479675348898	-0.45489912034084	0.2050826297758996	0.21902802618988262	0.7489506151809981	-0.7044689454393664	0.29958774250812636	-0.2742637056682373	-0.09042398720213629	-1.0046839998767862	-0.18707444022625486	0.2501964312120032	-0.7195015905793016	-0.07744005709158715	-0.38320345306497283	-0.6329994328402893	-0.08518761901915353	-0.024584319433613618	-0.25294124057999334	0.1583295173314442	-0.04097470694714021	-0.2640250206915117
DTXSID2021735	-8.615246420222515	2.182872277001891	-6.816422825759004	1.0024117282578087	7.82447482150687	-0.13959966151156922	-0.9507023312463649	0.5830759569958838	-1.4472646197722943	-0.33263069461403466	-0.13235296295124488	0.37183031189716176	2.2131861383966593	-2.2954766553201624	4.067582593909327	2.337964103743367	-0.23441584016440037	0.06545963611395773	0.39204562879178967	2.137721235455217	-0.5894987582714872	3.072357971428348	-2.8103726142913668	1.159262459777551	1.7242431656167554	-2.1776186227313725	0.7101054340612429	0.44128165462801344	0.06245309474481122	2.986151602848513	3.595745366472872	-2.1968135423121704	-0.3866439679952685	2.478739167254273	-1.2729718170374038	1.1640490400718662	1.5735393542642893	2.4119874313994187	-2.6115317133931706	-0.3412473735503698	2.011874062950566	1.733708654047801	-2.512298365771875	0.7581817170847375	-0.1475772030393067	0.5052700010403985	-0.14205684325963777	0.5102517311291008	-2.0314472486637327	1.8590601299808278	-1.6125796219213673	-0.15329058678402813	2.826191248188077	-0.3056878348600959	-2.400919440374181	-3.0437685098010725	2.031432087372385	0.29036376220521043	1.786694598566686	-0.382698426069877	2.5086591936883393	-0.2816784257917637	-0.533907372877594	1.120759955432131	0.8533555169030244	0.5614215685209724	0.6534466611298043	0.9966746439602241	2.483819487799275	-0.19340109119880713	-0.1289677493587974	0.6375120144852308	0.5061665212805928	0.24468314851532405	0.32651533416105466	0.48386696505177756	-2.2927572237524125	3.811714126855772	-0.18144594678489093	-1.7223864100146844	0.9873326374549934	2.4492487173865207	1.8912990254404893	2.8639911588948586	-0.6275826477549148	2.944008575858039	1.6616002242223316	-0.9222336804264304	-0.7067882392834461	-1.4726879212045343	-0.5213510831035142	0.8436144052367344	-0.8835019982046396	1.3190285945405396	2.5498564740961704	0.21382086461227937	0.7771814196504782	-1.7510692533425403	0.14015983394370432	4.397802982741673
DTXSID5046647	17.03473407885097	5.803729626611415	-4.811151081346197	8.007012782316036	0.008253828354684316	-2.2044800937269775	-9.5221899992655	0.825355052314764	2.385621181227603	0.344741669545765	2.606166315632414	-1.510788941280606	4.4649043778544	-4.6408660893458205	-2.5482730196167944	5.108432235769949	-2.8988359866365165	-0.998702729810798	3.7731122363049705	-0.41991207670233255	-0.8150572801983251	-0.7545106739265462	-0.05904654302082364	0.03934024300485868	2.0900339357571247	-1.6354437255973686	3.6720883126720167	0.21690190930589368	1.7529654690801741	-3.3580314367194255	0.423447032665384	0.05040475891763293	-0.5863521290574395	-0.42196073459508154	0.6621211240263657	-0.794211076264144	0.6440592864560704	-0.1531449783059227	-0.20050008246434262	-0.2426808751868137	-0.1471630509812431	-1.196006722406729	0.6856890197368183	0.9435772877346909	-0.08963586958786578	-1.5607507160861918	0.8409793069657496	-0.8804130837972003	-0.775608831794905	0.9794245002822239	-1.4888780182237087	-0.3186408733098763	-0.3125552997827115	0.6459372986975468	-0.48333257088388865	1.1552514513927143	1.8467196028700716	-2.880559837734184	-1.3137464070030476	0.16366656910989263	-0.5010400533287362	0.7210945840118211	-1.126668717800868	0.13477280873894615	-0.06914431043728599	-0.3290380161742269	-0.4973473219087586	-0.6883155311022341	-1.0618259002806503	0.5552934114156644	0.21406630438220195	-0.2089635692283101	0.10643349665867735	-1.3127443188486985	-1.7039577676707554	-2.169640436699033	4.0080570011381855	-3.730244549305254	-1.1082365172036217	1.3546929903203901	-2.1704399476015204	-3.083549481244999	-0.409302646949444	-1.303422635414156	0.10377802865970487	-0.16127323892885673	-3.494472500805594	-0.23263481499142435	-1.4210466045796308	0.49888582997850556	0.40940047214791675	0.09639228451031241	-0.1455890834379209	1.0904551795041901	-0.10292612570554224	1.71587013491352	-0.0979430956855236	-1.2733973068519422	1.1216949996589436	0.35085509894641703
DTXSID2028723	0.857197529851327	0.6393161480649246	-1.7184478860376484	-1.6238579585571902	4.5589420627769375	0.0469591167596108	-1.1083630729357277	-2.4931894304966233	1.0376997403910095	-0.9221462183678926	-2.11274431064655	0.9829889541129158	-1.4861396366037103	-2.4513067108800417	0.1618550219739844	0.33578558420615656	-0.4853136855737843	0.8075894474220472	1.5876979855131725	0.5929320040016915	0.6126219030525347	0.939111288484808	-0.2741285444639053	-0.28354964434350716	0.7538497648818099	-0.7166676216095145	-1.4049426394022149	2.0220685045753983	0.7599675917842666	-0.4424620673195972	-1.1312922202090305	-1.1005149986822773	0.029630102143691894	-1.5405906755848888	2.1535251613304704	0.44293751383796504	0.054902259202955335	-0.04278357900297223	-0.3656234246733179	-0.21738669165287777	0.2716661603502001	-0.36362711076550075	-0.6493942696725724	0.40021729462347916	-1.48034959588769	-0.3217200086109209	2.311850472482869	0.34012675449764096	-0.017132236300978917	-0.219032196139474	-1.9258464231406034	0.5626783012071367	1.1321255010982774	-0.4126053315350275	-0.19804473309253445	0.4971306540006873	-0.2655043488605462	1.5137383265548745	-1.1449070318286256	0.08555361689180609	-0.13688032929494914	1.6163140668332379	-0.5259929688459936	-0.34042199197884004	-0.6469948647865191	-0.24198598370268534	-0.16687755392460982	-0.2812352895535106	-1.2274669912864231	0.6731577559250466	-0.91149077783799	-0.17182662973594026	0.2739555264572422	-0.3061512975024334	-1.0601417012444403	1.0446206023424986	2.151934534797787	0.157902475158242	1.3014925097947505	0.5336975081356241	1.547364687936476	-0.6146209232563558	-2.424755331198029	0.346989013751456	-0.29576852456622094	1.1323500271799334	0.28706447826452386	0.015149720246749621	0.6670767219190163	0.4917604660557387	-1.5814986331560232	0.5624574742839844	-0.10336794559495484	0.27798612392924626	0.4209605054665469	-0.1279789330592666	-2.4564663727982747	0.16417400897820839	-1.7057087671838596	0.4722624817642831
DTXSID3031864	7.675781022710974	-13.123871884623494	-11.987994555185027	3.3071816084082895	-3.6607909659051043	-2.0992467143265885	-13.174419872287556	-13.56737792692413	-1.2463554202147524	-7.01993799940962	-12.452531938207228	21.209858692172187	-6.519708181520885	-5.803224252717242	2.0986742197411328	-5.434872241462023	-5.00040881808412	-8.767815947480283	-0.3659614732011292	6.792588738939232	-5.800605239848459	-0.7383946158415551	-5.111877644978134	2.0912989699238067	-2.6911681782938364	8.713680457870504	3.1536692694123443	4.324930631099382	-6.522630602056863	-2.696263102050985	0.24972214174701324	-1.5639906181650947	-4.104611687419399	1.4073426518480208	-3.1180225126375865	0.6493928132351839	3.669035901674088	2.1802241369022415	-2.7557448442095667	3.4845330130026806	-4.563093381562728	1.744864727364877	0.44014976865335326	-1.0712902286425567	-0.24164731966711042	0.2641013335508205	-1.1848016201858818	1.0973550733960518	1.95149395587513	-1.9617140610288362	-5.15694803487459	-1.5511849545942016	4.085545002561237	0.856236042548575	2.029724063250708	-1.863003758247992	-0.6454340700518993	4.476948550612682	-2.1378880772315565	0.10799709030120899	0.26739689140555156	-0.4221462273151743	-2.565008144365503	1.2548083306382636	-2.1183603689958255	0.2532010393581289	-1.3335207394659745	2.85825065926771	-2.5551258148954292	3.2334655456895227	-0.9419181393274138	1.132634245807751	-6.8877066293286395	-1.368440754383892	-1.44383704843759	-2.1918913927916197	2.473575558992377	0.5664294128391881	1.8265958971884753	0.3550518990600674	4.388007362823016	1.108951770928862	0.3737013000332549	-2.2898870711363015	3.100528591276994	-2.327074934798414	-4.297053737612998	4.988625686040858	-0.16589790247843042	0.4852034159045073	-3.855983310481845	6.4585468605721585	3.6996187744129196	2.738475559515366	-8.294153190441138	-0.33769984568936845	-5.433699533528211	-3.4511974987796905	3.672006502792687	-3.7304850879858718
DTXSID1047493	1.4374137531675444	-2.4801331132776245	-2.88419986230692	4.150501424902922	0.49934865475224044	0.8086797076944439	0.06031637404633085	2.8682322969201746	0.5937635084721605	-0.14107052012216004	3.199554632736253	0.7605813970828607	0.3734385656189406	1.1531656025075183	0.3799295715380723	1.1214096419024777	3.168854689870481	-1.386718603076041	-0.07521782208726058	-1.9121154241744844	0.14038143121281862	0.09283751439065119	1.2658982325065955	0.4965830511894147	0.2075800777564143	-0.08918524167352138	-0.7173053734359701	-1.3881814921730549	-0.9984803246720664	0.25112365502869755	2.130019821714326	0.14018209901130058	0.6077108854779146	-1.2721363501027587	0.39199121191582037	0.23546813287669865	0.6105329537193467	-1.1420525674125415	0.5016893686507122	-0.47187682477548537	0.25705989895625336	-0.6247893692180987	-0.26699405855317604	2.044146528425885	-0.4357494723737406	-1.1075442592997264	-0.2881847297383674	-1.0361477865504307	0.07221427282635129	0.0015799683710846174	-1.0544717905981171	-0.3722362726873634	-1.6100955796407206	-0.2581823919096451	-1.0551612048136747	-0.7127096320342022	-0.9733244063406714	0.7020772691753966	1.1125916815220962	-0.6071330383639343	-0.9945701599830291	0.22767846898982727	0.39453151953894444	1.146972803986118	0.18563944875917565	0.007876426141080818	0.6250702351149032	-0.06852111145388394	0.5383511840346272	0.5502878531264399	-0.5531581513352702	-0.7656723674601664	-0.2883966207280638	0.11235289504982973	-0.748646925677506	0.4374286594300528	0.043342608611182894	-0.9134112298435058	-1.5224292741454541	-0.27992494439806315	-0.26916146611754155	-0.9112874545174648	-0.1619646727746109	-0.6093516351083482	0.3224789727541142	-1.0857030888253651	0.08230936764568442	0.2163147766603112	0.23966640630931263	-0.2928003867479085	0.9050451554825107	0.09759758089549397	0.7523807938005056	0.42288163735699946	-0.785686820033851	-0.20514454531395498	-0.6182715533529377	0.29204081960243006	-0.22872601800702538	0.5870312929697482
DTXSID8044208	4.532516870464213	-2.4138744336314293	-0.46523343686006674	-4.037554909149015	-4.433348496333327	-1.488471206807425	4.673458347464779	4.055066517160999	-0.11639024445914352	-3.6452000553518347	-2.389503492348068	-0.7515220344094916	2.6713187879686617	-1.4082268721442628	2.59806294660697	-1.3071551195785067	0.37083260013318803	5.766920541038745	2.263796056538094	0.6468780361966312	-6.663513735871238	-5.739188380325447	4.957812210799208	3.380227002461748	7.698773649474342	-0.5796063346587271	-1.1652661057586124	-1.210888940691222	0.6315074310583706	-0.07503126205830657	-1.3516247394995295	2.2412809964817932	-0.42329524945382113	4.555761075902045	1.4687543885074643	-3.2826961187590853	-4.5796440530915605	8.239036501200854	-1.6356392464725849	-3.363825795030485	-4.444789873109286	5.834593025658264	5.403788483383	8.06833972286339	-1.429111703107587	-4.4094594484876355	-1.3518352674290448	-1.7719522449220682	0.9850174767083045	0.16077749548075676	-1.2195554901200871	1.0511813325409851	-1.380247915497467	-0.6524977145379437	-1.1874925980409705	0.021722065849631784	-1.6498299062883357	-1.5257029151721857	3.471080012692815	1.3966159535975395	-0.8732773588064981	-0.45830967820152585	0.4117345609770717	-1.6949369717829832	-0.4677191238234801	1.8173909887859954	-0.21546872170647874	0.7705792164010216	-0.8109808260070457	0.9314985139310278	-1.0560022192004759	-1.418310158155157	-2.21332504457431	-1.70736601866554	0.4070422088695221	0.733859818217567	0.004998890705172676	0.24404773143297784	1.7206392898261968	0.10739785389255728	-0.5142667692692706	2.0115891089758695	-0.42880126560743886	-0.5455518073923342	0.1764306728338631	0.17939227476068506	0.7887865821693805	-0.23437917755079102	-0.24877971311103403	-0.2292139899331726	-0.5744543498512473	-0.46657358494600054	1.351314095416414	-1.7011751077352943	0.004816040974596659	-0.9506218952627139	0.5179276581286388	0.2070334683188596	-0.8702540133358565	-0.3817765854530484
DTXSID4026472	-8.846286051360336	1.7082466624414354	-4.538769824206533	0.8986508536673198	-1.4000651845406535	-0.735646108267803	-0.6030043869153651	-1.283413447560433	-0.9205836328581842	1.219351384517883	-0.23389808226356024	0.27915634249260846	1.1184774008411298	1.4979267105418472	-0.23183304697754453	-0.7665307565995871	-0.17629118991258294	-0.43185103831714994	0.030275467989002373	0.21075677818851304	-0.07456353069526396	-0.390335270806211	-0.5336696102032874	0.002880163723448142	0.4354364475776003	-0.14814522699287655	0.026429371833232275	-0.9000330900588637	-0.6133918038980664	-0.6086344158996103	1.3935352655280413	0.6453889048372481	-0.005931084376599789	-0.0014797733156623005	-0.7341134587791074	-0.12769575981030667	1.0773093667193903	0.42023648425148213	0.12821212954669492	-0.0830055810589397	-0.4398570309827146	0.5969618691321947	-0.00925141043599822	-0.05297574403850096	0.032662486500544166	-0.28153140357233214	0.19298923451647593	-0.13610379497405653	0.2037091523705197	-0.25815766690308595	-0.04526339490659333	-0.2953732823696565	-0.4375545564526821	0.38542239828472274	-0.5381799912822913	0.09908024860828203	-0.6327308292994909	-0.2491345241773229	0.05709630059096688	0.11177163714248592	0.9122191429808959	0.30393958236016616	-0.1239246962900218	-0.2585790238471056	0.03587192219524217	-0.8986025032503983	-0.7318415498735169	0.2809148433829347	0.7864001831303694	0.2772321517422275	-0.16326456847132625	-0.16456275162703116	0.3274811439234267	-0.26859168242106624	-0.036874436912909	0.0830242452335354	-0.2057650072662701	0.3160080248503756	-0.9077331526320763	0.0036129741933650043	-0.05958944938204616	-0.44943415527188213	0.10249679337622093	0.16867416921816664	-0.3213376082458056	-0.09179153321773541	0.11522968755127085	-0.4000812379864258	0.13584173154594753	-0.1285580090541563	-0.1752039081668998	0.5775065364899488	-0.06368345576171351	0.18502711422695203	0.05023328361396892	0.4308173320863836	0.30450269680900877	0.42061795223325177	-0.09193018132164062	0.08611065194361021
DTXSID1046471	3.0866308397752023	-2.0490407092166287	3.6389529539839236	3.1739084387132888	2.350839357457865	-2.4505637673901246	0.001601671323220248	0.5782690486617925	-1.7484101055986323	-0.8945565701809356	0.8982869085761451	-0.4094370700589205	-1.5526867702271978	-1.1921573242343577	0.3825833072909523	1.0725719779511225	0.5655159754226122	0.9383593825443061	-1.529514760824086	-1.261619927211597	-0.7716688284090782	0.5245805494546745	-1.3931205109909253	2.7846489655935285	-0.5506709544119677	0.17104489066209388	-1.423780958437762	-0.9713102344275081	0.08188782472338392	0.21462879511923597	0.9716764844105558	0.0676265017227503	-0.17311705654109077	-0.3344078424669263	0.3140062274000346	-0.16257002613321392	0.5041616532404382	-0.3760581942224224	0.5750385394052119	-0.2879255548080953	-0.6150374190014479	-1.1227383063430654	-0.21151749704609585	0.38032367782746135	0.07084867611325185	0.32685909451899925	0.22273293780105544	0.2164315650557973	-0.08705817595870179	0.4800376259692331	0.17259863792267346	0.3322313774117159	-0.06527598604773528	-0.3465716903037702	-1.9617426648524543	0.8400559295155635	-1.2242261519339326	0.8830240646889452	1.5132053160634287	-0.30737369038944456	-0.5434349447241883	0.1270655613958732	0.04593609228014677	0.6477070286792431	1.0444877692081225	-0.18470269936990297	0.7242096020133273	-0.688544984448735	1.100434211691328	0.5804446216222948	0.16341395558284913	-0.8869400500588024	0.22651194744598702	-0.6338006660943879	-0.4085243562110289	0.3318528610390965	1.3100249806564113	-0.8108537239860458	-0.5169764369118466	0.4035440745985537	0.8865754932621548	0.010401034591779344	0.0712531934838688	-0.9501043558591936	0.17777547938273913	-1.0519638066884516	0.0517112511828776	0.3833619445342328	-0.12685213056749275	-0.06276564730894134	0.937331558702877	-0.2689327807447925	0.324424142091976	0.29757889084877415	0.11469791058636648	-0.23121741675945007	-0.1952954767213041	0.03220404318636317	0.31091793043448696	0.6379572649293838
DTXSID3021805	3.1207519049863506	0.8839166089845772	-0.09773405552575541	-1.3608983456274155	-1.2690816518980195	3.4715208852519925	5.272843982628318	0.4344394709042281	-1.438628306427557	0.5573645244038471	1.3788943281103028	-2.350369493905087	-0.2288324524501689	0.09990224486405991	-0.6871580829959075	3.7394342534495975	-2.0941009400428388	-3.8602376763904545	1.054746552499772	-0.19643670779910183	-3.302786335929777	0.80907844215081	0.3525904677537158	0.014763561486065222	1.453689228928562	0.28335185657230727	0.07088576214303838	2.0536001384238527	-3.992691931803068	0.16223960089039655	0.25906739542897284	3.486963340311341	0.49650585697305866	-0.6475477791703653	-2.32882084035192	1.3749013527020328	0.9192183850969939	0.3339237681746537	0.5067047910047744	-0.591392991669095	-0.19379329805792025	1.157464852485534	-0.38205484156982433	0.09885197521292294	0.9128819038668389	1.1551924304414773	1.3931220551489618	-1.0004499834658491	0.9707582624244452	-1.7686594379660396	-0.5317253321273956	0.6541203339320696	-0.903979379598493	0.37721653656238857	1.1321729926880222	-1.3332179885022064	-0.5530966640614675	0.09721285528689996	-0.10806312014314398	1.0821511939365405	2.0345293535827946	0.9351134522014839	-1.3777237255743777	0.37989404135523713	-0.2141694765152778	0.7765657593250995	-0.11037641490323007	-0.6815387726516423	1.383203439461429	-0.4982902907289586	0.6810173422250625	-0.3569192702186498	-0.41815528271870855	-0.5714549781501072	0.28189206304439773	0.8585745741542592	-0.0576027598476198	-1.6375335738240582	1.2538464255715582	-1.217698508251943	-0.10470741847173048	0.0047752184770634785	0.5321495477029891	-0.5356647832793325	-0.051180141624746156	0.9033892630440263	-0.5252156467899356	-0.211718490010396	-0.2985641510118894	-0.6823756329384241	-0.8437775070133215	-0.14492537355658672	-0.18268511181012406	0.08115586257802018	0.41383180736874187	0.14335624290408208	-0.4264445598365148	0.23804383637022986	-0.9723980579817877	-0.4978331723120572
DTXSID7047356	11.758679928641117	-0.22244529779724573	-3.2075987523304845	1.847479893355224	-0.454062930233876	3.4454380726739333	3.7448688904509084	-0.737198290933665	-2.518398067327403	-4.080116881905899	-1.0586071921309124	-5.211199938617995	0.13279138252295178	4.064797033294616	-1.4348079032320258	0.9295993678102132	-3.7368405723898177	-1.1101095968014596	0.0926902748160809	-0.13883744303837703	-1.8073382652660508	-0.9654317070641012	0.002421838156426127	-0.8113403087359591	-0.31274407794456743	0.31589477504825214	-0.6109226959713063	1.514561091824907	-0.2939842811003565	-1.3098252360510996	0.05788983349828319	-0.49331687246962136	-0.5614631630735701	-0.381789467656127	-1.993809577103711	0.7063913750072381	1.6583259365682204	0.8482528063268706	-0.046863305824382036	-0.2648584417914356	0.3033931799612547	1.2128258335361843	-0.10990095237224988	-0.3797688999648121	-0.17899399588913065	-0.7169673412970112	0.855826486389793	-2.1730719960519256	1.8991685966906708	1.378787633562266	-2.6327390551169803	-0.18193789738866908	-0.6457124697889287	0.971441394175472	-1.3643350839912722	-0.3241885714176367	-0.35431314162867567	-0.506505150855728	-2.1564157753768542	1.5621639619317869	1.0457313677572375	-0.6693452631901387	-0.14602567669272407	2.420916393710557	-0.00016327972027016164	0.40815021568923404	-0.028900590527215858	-1.4992653417024966	-2.0122785425341196	-2.8440758472637966	1.1553128545343951	-0.9745580319697488	-2.372176952292273	-0.21821960645089467	-1.2871719994173147	-0.8277618885122217	-1.57352842316627	0.06311341293434054	-0.3380860182442624	-0.6729272109762825	-0.8433970413575343	0.49664014045393434	0.326280208581603	-1.0755599626889267	0.3774049890906293	0.7053913889157042	-0.05756873112186031	-0.8987490470960067	0.11313062526526804	-0.5941703196555778	-0.04954330271006739	0.5725001104887153	-0.1258427499465538	0.9059410449050079	-0.33597267313004164	-0.8783890267010457	1.1048421777653463	1.802714687344418	0.45830513355650465	-2.0413909074455847
DTXSID1048598	17.547206681029028	8.769909353257386	-2.176001814635571	4.893141306478068	-3.3905437389587196	-1.6216839708066222	-8.117432304337228	-3.334179940859272	2.034790336835824	-0.7810456625780918	0.09073838961741228	2.5259046573057113	5.951000258219698	-1.4546660908848468	-4.439947566904664	2.9381792133181817	0.6565939754876472	-1.1509234310294199	-0.039645452935972575	-0.40229370121427294	-2.76019343181088	0.34685532053170026	-0.772610031640834	0.5089433239018731	2.854665832897891	4.142700127808216	1.876404434541796	2.4519107390691928	1.289775633042566	1.379212382822742	0.20853915293920192	0.8501612408110685	-3.8413254308292486	-1.6564824213476834	2.103149453612421	6.672519601866918	-2.1954169416280886	-1.732163444627576	1.505974497016771	-1.8331951405892177	-0.693756021960287	-0.8865287316399507	2.408269485291893	-0.24710690628180892	4.473493084010461	0.060699663740976254	0.689008281990175	-4.342774531311106	4.302301533005128	1.766789333301307	6.276199339611874	-1.7172198079587493	-0.213329515111028	-0.09948431949564575	1.4154596784059565	5.075038147585809	-3.428752576444836	2.6742511444451518	-1.8989263615677263	-4.809743289562389	0.6916213516337885	-0.5816485887651002	2.5464323847404913	-2.488169861614936	0.8812411662837031	-1.4826900771837086	-1.3099495104150414	1.2198887343512752	-0.2705317600782874	-3.7470372212885934	-0.7178204457033616	-0.5631269657726152	-1.015701006459392	1.7699138658544413	2.730742671671108	5.187895841672618	-4.6225626867823015	5.22158869020811	0.6441204367582105	-2.533237458051278	4.11227449898524	5.9437211692073335	0.6048148762843796	1.7295111717019511	-0.4715264285794091	0.022517607158698535	5.063484933246313	1.4816932575152635	2.4762033963378007	-0.379760606945182	-0.8163112573918198	0.4700039227057947	1.294187472136689	-1.6953362549617244	-0.02094061433172575	-1.6722827407555563	0.8185395902249241	1.003419363129276	-0.662277582976087	-0.6058844684446455
DTXSID5029184	-4.088043167879116	-1.676073652092564	-2.2367529768610055	3.8464100797361067	0.4601115789680749	0.877001738782224	-3.319391312854409	1.862505502443108	1.2536698149380403	-0.3377699500202449	0.616175766462011	1.2581201303276381	0.8772203373196414	-1.4011415690486126	-1.0689081786598564	0.5361816745126684	-1.9316639101320492	-1.6113239080816704	1.6945496975242271	2.4409615347653175	-1.218108395795416	1.3242610621240842	0.06696516001864032	-0.36465387235702107	1.4593486073171258	-1.6131029597335038	0.4708076453359013	-0.18038371160510705	1.2910534368567472	-0.08080963144277019	-0.03146033188438176	0.2636329519301329	-0.35216692181328973	-0.8254966615988447	0.2194603004886913	0.5541326137596152	-0.1117598640845686	-0.4987724643209439	0.2285704526421083	-0.5040174833854995	0.2381193874670883	-0.5272236952625499	0.23411683456745477	0.8792732869796908	0.1525764122842362	-0.827101496501098	0.14530423330977055	-0.0738610281445948	0.27549401272003216	0.08093964892864727	-0.5810047690113119	0.21048714337377208	0.5998744391993079	0.32743215530809155	-0.018377451592827523	1.036455282600654	0.11377737100109965	-0.8637205420580046	-2.1437462257154505	0.25769674442989987	0.2627189750700073	0.41957944704991096	-0.46479194889946956	-0.8913212079397155	0.7889586247033864	-1.155000953557208	-0.12929708225279316	-0.3352491115839965	-0.9959316852872753	1.714487765907744	0.03587546803066935	0.2637261929302507	-0.17290325118878605	0.7699312210901847	-0.48433960702475193	-0.5567064193288915	1.4425188141731349	-2.069490935538942	-0.5356012429838837	0.8856082591623493	-1.205869293144505	-0.667655100642192	-0.9193614014550552	-1.4241229232786794	0.14883197014496638	-0.10072729961335336	-1.4131030922033214	-0.5052144286701663	0.38693205367908273	-0.039473502702912174	0.38755476536399625	0.18120485864931762	-0.08700056862811305	0.24411733349225165	0.5724874265302847	0.43380313185176783	-0.4337955478271061	0.013848806657076267	0.23721387718178225	0.2594127100114484
DTXSID1022635	8.773219966407028	-3.3756523504875275	-7.869617608620145	3.4167325251638108	-2.435668817434406	-1.7717178129588202	3.106918589135524	-0.46607416218779807	2.8712166039451366	-4.637451801080742	1.4993956745745916	1.8891231972226805	1.493477330267238	1.051837061597352	1.7559205176431418	0.07013919897309773	-0.31742704034901825	4.421126039823076	1.4221324044383967	3.0906430578485073	-9.298246783743696	-5.431674488431545	6.633584229988606	0.838914355052721	8.180773006348582	-0.48010790492791106	-1.0259001199984268	-0.05124272259120615	-0.8145199072284252	-2.809029365551102	-1.914495823581691	-0.013118866649928972	0.21579590847863023	1.4029544825705829	0.007517580586316107	-1.893776659904268	-0.16325601582929009	1.2041074174452477	1.0849411002113987	-0.017506400365150204	0.45922951398114914	1.8229202549416306	0.4089171055314351	-2.5144683066224394	0.022535337000352235	-0.28406383641074817	-1.5017040540054658	1.762003582352441	0.6612192227295222	1.2868915044859772	0.32088646263552717	2.9621629075580516	-0.26668750048594025	-0.21470501999909167	1.7416088600022785	-1.0453627767946003	-0.09436219412920153	0.4206890325709419	-0.7965541012056763	0.008738543379654944	0.4473546416733316	0.22157463757887141	-1.417124841828114	-1.2811476269737412	-1.13416370162772	-1.251892060276135	1.1888216357054764	-0.9208146322409893	1.0630273391269685	-0.7838579718158348	0.44163792215004266	1.4773247651562171	0.7032595799001071	0.817849683712081	-1.375197392155498	-0.18027779927709614	-0.8073417059570888	1.2600293905202196	1.3379309370133976	0.7599369929653357	1.0222743987725766	-1.5151816167417178	-2.1237226050180174	0.400904307980668	-0.3953460118349948	3.043208461056956	0.17301841891449388	0.40168444778207446	-1.8238546677469476	0.09254558796165137	1.309941327379996	0.20089533119352548	-2.100832761931961	0.5171735476241108	-0.07736201438116116	-1.3458902010568607	0.6776126721542696	1.2128100589078208	0.3111238965901525	-0.43628527557004027
DTXSID2048870	-3.6419342579067724	0.60667001824089	0.24436242288340326	0.314643702148198	-1.8602387938951237	0.4864122064919524	2.232045181221458	1.2946450629440773	0.51288309336559	-0.18271294377230735	0.22512081689490857	0.12872256135152504	0.35266561190183476	1.243204336748706	0.3101919083452008	1.9878997069602165	-4.293945254587466	-0.7462839627725192	-0.6551057666479652	0.9909203321637975	1.443743533199751	1.589079246505636	0.2058457192145392	0.4708789997137586	3.5176061705598363	3.172141568769449	-0.5369277394764214	-2.9206648835926123	1.3940385542842553	1.2379406659177143	-1.457317573076874	-2.079250814204848	-0.7830043362990274	-1.800001474467633	1.8583000303898567	-0.746234635792121	0.6063443747372238	1.0721333557943438	-0.9641375022215218	-0.47920206415673555	1.928122302330439	-0.42336857190617766	-0.22189903001856393	-0.27180189181440667	0.8480788733532376	-2.0398793441618928	-1.8951016561234753	0.1749153376898864	-1.6926183815155031	-0.9042598610537902	-2.1971529207319063	1.123077075231285	0.6556087319724335	0.9809200737261844	2.8471717843243827	-0.25602670574275543	-1.9994784848447302	0.09817713645717038	-0.3191774048085797	-3.235266060690016	2.015792890752087	-0.6129520705807201	1.5951773594224798	1.0419533894058353	-0.5632989198095325	0.28838388391603764	-0.2848073996258351	0.40871120786764953	-0.744041696936999	0.9708902935799756	-0.8385146500743758	-0.13655481242495768	0.24733788301642923	-0.6195331244174371	0.20943687180302697	1.065783873609023	0.7830824105086218	-1.3498812415877217	-0.6507874902918916	-1.756045920781759	-1.6200154113187262	-0.3088133006563612	1.0111587623017473	1.2978928993318746	-0.34227110661877796	-0.49268844786295685	-0.2985475495219802	1.3278499577546437	0.21576193179045	0.3756352500289115	-0.9651927000317914	-0.902135287899164	-0.6532651515526264	0.545745345708052	-0.5957801317190046	0.9171604475891582	-0.23741693389720694	-0.11404755338907457	-0.9963253816824051	-0.5423874600349575
DTXSID6020721	-1.1806622141611727	-0.16999813485855483	-1.5953894578436656	2.436763258207489	-0.6704886879814663	1.0594105549173438	0.596001242051332	0.5126926120833819	0.2152655117584265	-1.1887950647083625	1.8250810894875702	0.5365326127340593	0.5100148324375317	0.07585546089005495	-0.34250443428345506	0.3923018856784423	0.9283392759519051	0.7690309486620324	-0.14443923495978683	-1.5434993223307443	0.09641754418331758	0.3747917781346071	0.5300037506911712	0.909279963217975	-1.1987817988755451	-0.09468220797673452	-0.19656217072556498	0.2532579110564261	-0.4766096360704313	1.3740159368315474	0.8150980894598715	-0.891321799477401	-0.02964523003622101	-0.3205253995460848	0.35468738004808575	0.007797809000477999	1.0932772818394967	0.12203678700830167	0.5997742897720103	-0.906131592799237	0.42927147562043094	-0.5256790511151982	-0.6291500753125724	0.2293720073960528	0.44281378392003423	-0.1171729742544483	-0.14974007734622288	-0.10795954790427707	1.211868312808444	-0.010583292600362407	-0.966949219033698	-0.40181942380461005	-0.5238548530256613	-0.6398707250967182	-1.6721202308838683	0.1831005094891534	-1.2795611534282305	0.3947708733728789	0.6350752707999711	-0.2191616605955633	-0.3834404079217846	0.22815275483320296	-0.02536270799730318	0.20011914894550833	0.6874419628370965	0.3695445274762212	0.7939609162436836	-0.5068822626371191	1.5274178353881778	0.6420049705998115	-0.1341827130543389	-0.31339259155461047	0.18321196178106705	-0.7852592538873704	0.015859317926307716	-0.0525896264410052	0.8139733810421838	-0.8357649134861349	-0.13966175230826552	-0.1680766889557303	-0.05232272073360661	-0.3589662973704143	0.3305841649140647	0.04445233994476629	-0.3384153173479402	0.05735835625242157	-0.2999515967163588	-0.7740557564441422	-0.002344574801767058	0.2869448038407066	-0.021406167414568262	0.45502702302975095	0.47895817509786476	0.14403278013320986	-0.11440294494636975	0.6806983829051386	-0.16695404892051446	0.3370256827095624	-0.07537162661522405	0.09782996104777505
DTXSID5046560	5.540593937664479	-11.89800493910154	-10.812013696436544	1.4088467185129403	-3.4121723598346327	-1.5798481106526743	-12.688758218899116	-13.192729998924527	-2.6060664318917057	-5.4516045704688345	-12.193068814076112	20.565079641560775	-5.949479705972047	-4.723689542629571	3.120358040160496	-5.479840183532702	-2.8968744978620284	-9.01849537379368	-0.5384602062803023	6.024867090927339	-5.239335757340041	-1.1670585472183865	-4.990813916871494	3.0220153715284055	-2.992458280177392	8.92309767744965	3.350650584865658	4.0614520967574	-6.448769547762498	-2.9013588900787664	0.4414593982649775	-1.8261609718797789	-4.2376453163082815	1.544971901306461	-2.91895652878419	0.9789263239096343	3.27733660877691	1.1427135192908884	-2.739959731795048	3.2299451491503977	-4.432653924275683	2.6743463091427615	0.6437945767058422	-0.8739854601489209	0.05142980169858989	0.5554754109358618	-0.9406912071258157	1.3103653764049683	1.42065373761861	-2.0104717701409514	-4.435672708504677	-1.5496479722508762	4.0717387529575015	0.9100115835881876	2.4763184521855854	-1.2632552313913494	-0.7328901049165908	4.677044750865447	-1.1637888118223199	0.2418189502139942	0.27560663538771424	-0.6928105120077007	-2.4629488660436683	1.795398496879386	-1.5719160404853643	0.7918344814520907	-2.454197350427696	2.0691106109553834	-2.9297188389336584	2.9216846695858067	-1.2173714867917564	0.853829923731071	-6.030081952207485	-2.7407927196172057	-1.3319189074268916	-2.434205952014973	1.9599965581607202	1.7522272711371472	1.437718040951645	-0.27796270268123674	3.4447594694423223	1.0140026387843444	1.669566001353014	-2.1491022959408745	2.951058231213311	-3.404652913706562	-3.991864763339261	5.096049227019176	-0.07608977559572394	-0.40059537246146754	-3.497971796864632	6.682175907514397	3.4202898036788922	1.736303255143029	-8.52907093870903	0.2424048281038309	-3.4025504527180392	-4.16947171166374	4.567990434812762	-3.7802098806581674
DTXSID6040747	8.838583128968649	10.70971681780309	1.226288188931323	1.0509794981887812	-3.0257549974717692	0.11544981595757431	-2.756661437272834	0.477520931127589	-0.16479737998737423	-0.02670077846928733	0.9322680323045374	-0.826587861605338	0.6414032754449076	0.775370825448492	-0.6211397414071563	-0.09998933329456766	0.8863086179008188	0.7531636596865435	-1.309338618191148	-0.19821148655251408	0.32069245807423274	-0.9393319917098393	-0.1461167522670773	-0.5182128621298402	0.24720987800266192	0.25825838418594493	1.216902089033392	1.6978938027324562	0.3415291232353068	0.050226846227022656	-0.535874950798464	-0.09848514635604218	-0.017548716550144693	1.4813495435516326	0.3250487809775076	-0.2846384029410105	0.24163878867568597	0.4233010574935486	-0.623877579553765	1.9471892520094818	0.2868854053919603	0.7046449384011526	-0.11175452386464468	-0.9508720893991023	0.07847807071970837	-0.4157040290220388	-0.3753698588796307	-0.24181963875102147	-1.4967395876630165	-0.8352954870423859	-0.7207087346329316	0.13270781967403453	0.5258195030666553	-0.10420797083085147	-0.18976285302116752	0.7939452226924619	1.9695009078193368	-0.9341567102519515	0.311563740530049	-0.041700766433680425	-0.142247202584287	0.39084216582079573	-0.6301755613178885	0.47905550646910783	-0.49073292334230056	0.03140433940532348	-0.7324952798955265	0.5131197197983942	-0.5582503411755295	0.03956641226304676	-0.27748170591076543	0.42517683332970446	-0.24858295426163438	-0.02632239145875905	-0.2622232169439123	0.31182688477815357	-0.581522267085591	0.41650519227796867	0.10796475360395516	0.2539805782454997	0.02659912858934468	-0.16006465819166313	0.019811014953930343	-0.2481207686237261	-0.6341680210121026	-0.18866721419420732	-0.27440423315080137	-0.1558167905675294	-0.5704688272227219	-0.26672642733387925	-0.8523696098255842	-0.2927208093078622	0.19836968001214392	0.3119409526208943	-0.17155250561274604	0.5266561755805007	0.7254621297714652	-0.3993477672780916	-0.08975831735652966	-0.3177432036570703
DTXSID4046606	5.658568148341591	1.7107672676870083	-0.9816880539325761	-3.6563513059550696	12.765742222238716	1.7420176466843766	0.21323516568978207	-0.6377513302229311	0.365682948489943	-1.3339863094473579	-3.6448052488620735	2.261301135942788	-1.048293967344097	-1.8345088336967703	2.104768847677305	3.8162888188202	4.588297521025381	-0.9122290044244751	-0.5321184050688395	-0.9948364288821608	1.1815895433816168	1.4306001481897752	0.8627659044279277	1.3374399104079597	2.054759004266884	-1.2341475851626869	2.208028649924962	-1.3818996641401025	3.255945908113358	1.3817104416028614	-1.6657095590802349	-0.2560959467221523	-0.7534127040453018	-1.317604541256332	-1.6338763378208179	0.9288339705364885	0.6018280364373219	-0.6495898146191974	0.7275774807519149	0.5187459463817126	-0.1976429314346615	0.6825595568603466	-0.2518053895948298	2.7761977526961057	0.025228684225500723	-0.5519878561763719	1.6606268952018706	0.18724615512060108	0.307829094177584	0.09873847255299452	-0.3616696503748342	0.25805951096937846	1.208349375628729	3.1242564310936296	0.10643082497748103	2.080536814389739	0.30569933386295123	-1.832904265324932	-0.370330468740114	1.3965199045554413	1.4047109600281125	-1.0628787482977415	2.4073004104779034	1.4905555950124891	-2.0889420968873234	-0.49072117501333473	2.474575529815846	-0.20434365382837433	1.5297363126008976	-0.14759886882586953	-0.6650176156119906	1.0514499359926188	-0.12437270564680718	-0.11815735432753237	-0.6268284661293415	-0.5168408436050022	-0.7104451351992026	0.3356469723524117	-0.2761591809426182	0.47791128664832583	-0.20959644095107446	-0.5746783498983604	-1.078173848840765	-0.5397659501015218	0.21599111649771	-0.29467874066345573	-0.06521285088228923	-0.08786253627802072	0.887629623553483	0.2597464134134499	0.17233533274678067	-0.30359667321613754	0.012227560212548335	0.26146353842106657	-0.0052586185845098846	-0.15540071028993616	-0.4459119075458995	0.8959542619464862	-0.7668032611304735	-0.5114228264152598
DTXSID6023153	17.669907580837975	-9.438102780677694	-3.348876739907761	-0.32524812443199913	3.7342728237577627	0.8593818186925862	-7.387954037775558	-0.10533847993943722	-6.773265451397426	-1.870118882068884	-2.447925682592496	-8.660676157961365	-2.2539512812956395	8.004605680102639	-1.6038942872186013	-3.490709439983051	-1.9444867920308302	1.7239673472676418	-0.47103026536508913	0.34010144400524894	3.3372249576340693	-3.474029176162494	0.2418410349103045	3.207133911783042	-2.3822318453784814	-0.9234361444129148	-1.9134227470248397	7.632790142691876	4.99697536865476	-1.2479272635718581	0.5589163277351675	-0.47965900667215006	-3.433120149890862	5.5289215717447995	4.82971851483599	0.29105442130683795	13.263184187540052	-3.483713888842953	-5.431838774607413	-1.071879343469747	-2.169534043607455	-5.097838650193929	1.9729667298106746	6.931043286436408	-3.74148597120028	1.6502612782008874	-2.594901048606675	-0.7172310144720009	5.368405580010476	-2.53466092979468	5.6037409240996645	-1.6319783296375001	-4.5139014359106575	6.480802583583884	6.533002061825859	-3.7902797059502507	2.3206669878039197	-3.2817411815683193	2.1614872945103385	0.9748611945132213	0.21916449860478224	0.9046843094386817	2.631353514831206	-0.964480018765374	7.421638373266445	-2.015188681475665	-4.6505829751229495	-4.391949396476485	2.2217054841452533	1.6931675981090983	-5.134708393447767	5.050184179031868	-2.08755872891922	-4.264813083131969	-1.1863956335792722	-0.3444236812879913	-3.035549083658122	1.0677965341473543	-1.33800176529578	0.01657060210353878	-0.6699501911932257	0.08639797074486613	-0.27007952539872815	-1.5622349507722424	1.9916759436029214	-1.6066775668169815	-1.101260844547301	-1.8464812300730475	1.4043512762230421	-1.1424502063932656	-1.6319269759125508	0.5480900687240052	-2.5464436477636063	-0.6330934871958147	-1.4637901728591423	1.420543610995286	0.3503926438205926	0.9372426170286595	-0.2429518015860376	-1.3755295341275766
DTXSID8021145	-4.440414088780931	0.7478072260885552	0.34583690260196903	-0.8454356762634107	-1.910235499422564	-0.3237802227428776	3.35618552545723	-0.37470554100182757	1.2371251026187102	-0.08396605782696683	2.2532243112753245	0.5389456884815099	1.5869283217445267	-0.19299590404425723	-0.1502550907193515	1.7926690315498337	-0.6261957191525277	-2.5206562251023303	3.424427528210288	2.2000011220512516	-2.8520796793040106	3.8096434936083323	0.8801071546866089	-1.068139686034365	-0.6220593913508637	0.4528023108697814	-3.0660202012633255	-3.297614209900516	0.6361201219091808	1.3645243911782714	0.013030313862899573	-1.0701672554703114	-1.9245648946230893	1.3972177102694199	-1.4663027686909225	-2.4678632707920714	0.8648891361457596	-2.7468902869260963	-4.68314125241081	8.381202840955234	3.8267642897322394	4.3129956681298305	2.2433849323643846	-2.591523777209202	2.14239112522643	-4.558620190855315	5.444804299993585	1.7055445968239382	5.7092239230356014	0.7080805168751972	2.348417664423537	-1.1551483041729689	-3.7148765195505806	-0.29926413784856776	-1.7009206706940518	-0.4559727533726294	0.29425402087858527	-0.4386847723079567	1.7880237821665155	-1.2453687029010958	-0.8053906478058391	-0.24849124663121575	1.807536765050124	-0.20417387794792313	1.9080305333942162	1.5075371319339403	-0.29031511720331227	0.9364690239512727	0.4344009229823783	1.6542880100048452	-0.6739482824293854	-1.7692168708012614	-0.3935953402519056	-1.104685038437835	0.6435742303976754	0.06349584514423863	-0.2932921118111115	-0.3904293253538656	0.7839636827375576	0.7251725944922773	0.25262532895083767	-1.3622017877092012	0.10918741586095813	-0.15619262004103648	0.06285894476734442	0.5145815777970805	0.056887052129248994	0.00021074552882357198	-0.9438890300832347	0.1473437243308213	-0.36274156451423234	-0.2202731824735172	-0.040250466986103184	0.41353454373242443	-0.7886923771367365	0.05965074312747542	-0.6203845686230633	-0.799007591348245	-0.4777704200729576	0.19003543347439897
DTXSID1047281	8.009160546897249	-5.769529567347973	1.90493040194083	-1.4124819316390842	-2.2065549298697036	-2.14781922664538	3.661670139753068	3.079281037094565	1.271039889770366	-4.17339720424142	0.49334803669434496	-1.7884036908696168	1.42855987512529	-1.7681735781283066	-0.8905690580084411	0.8801542135647185	1.158600369112628	1.250391448651776	0.06678505104818655	-0.4552207828013547	0.763251209226752	0.5565370776210746	-1.6878191876098638	-1.283310302885425	2.170692725208614	0.4309155767796909	1.1622304331986613	0.012368266250959093	0.5591277869831432	0.5353060193457484	-1.049099514555159	-0.6037572355164963	1.3218232394321536	-0.7003420350764584	0.5285854677123001	0.0860356620123221	0.9010751911458311	-0.4409016348741938	-0.730922410941057	-0.9468338091728695	1.266730368006912	0.09404697881474632	-1.6764040012976515	1.9045054301694653	-1.196589029867954	1.8096982989964123	-0.9482919844342377	2.1660402484279393	1.4453234859560329	0.4131978804497517	0.5104438429134259	0.5549331910619478	-1.262101127376997	-3.405223475446229	-2.0183677349990705	1.8336621330929035	0.10489804281849419	1.3629061332807832	-1.5056090928325427	0.9936236745770296	-0.5362040546300363	0.8438953581991014	-2.220206134078989	1.027047381748667	-1.4901659500240685	-1.260818810550967	-0.9296857192989457	0.5464353067207796	1.2041892314902218	1.130455022976206	-0.24293446461139787	0.7871213636260237	0.09641297263011862	-0.7836773668032876	0.010659133086354883	-0.475071445171265	-1.2694182173847524	0.3166587192463183	-0.25881214842949407	-0.4999317368337578	-0.8546324527548853	0.4402786709868998	-0.13390734851059652	0.5236763985125191	0.06936934910117168	-0.9230559430361861	-0.5525251843731361	0.24017021142861586	-0.14250929245885677	-0.5338538455169705	-0.30595903874730507	0.3434843984230514	-0.0428085656616595	-0.24179053604113554	-0.0037973746839414357	0.15824054807658683	0.4277401958238962	-1.2213829788296715	-0.27771345024999194	-0.011210585350878042
DTXSID1022265	-0.23813489428740328	-0.6398542132071311	-1.8738876363920929	-1.2425144155926808	0.34195561327812407	2.38381036417779	0.19769601659074934	-0.45860432448447663	0.8863483084510971	-0.03588890853412733	1.5264219558208174	0.4157808213558753	0.23922271590948246	0.65452848270647	0.19418341752601104	-0.8902640721461142	0.08446801331563408	0.03440598487566097	-0.47552524500199067	-1.5577067579119523	0.2902242075409527	-1.0307689642678926	-0.4721786474211244	0.39665294625036024	-0.030043899329832403	0.3632431530483027	0.025099584377892094	-0.9248377007934873	-0.5479917083908346	-1.4578738452205906	1.3518347645147115	0.5486068088204189	-0.8426684143853749	-0.19755962051854636	-0.6279158431110824	-0.3862875083986082	0.11202469525494191	0.32346773462469136	-1.4107025986244075	0.7448744450214907	-0.25443361513612595	0.17953966182705478	-0.23759131049048848	1.4013796612361766	0.48040587834531245	0.5031695577690581	-0.0002107309737996485	-0.8642365469671495	0.060035552886203575	0.15836098665572235	-0.25953739978641627	-0.2109930276801226	-0.9576510250440664	0.49006384902601613	0.02326007517299134	0.573509174801401	-0.8367969508242566	-0.1912606386119314	1.7395588312006254	-0.2912072096729718	0.19433900644091162	-0.5889856569310711	0.5166586916082508	-0.36587752444627153	-0.2464811548676327	-0.9546111477157962	-0.31374471730056125	1.3413574357429878	0.7203731719031736	-0.5942758141145563	1.6979653957220358	-1.0501928017979028	-0.3509704961194678	1.1111856006793253	-0.04904745235392497	0.7488922146585484	0.3722587179746299	0.4412606545604798	-0.7401930832533375	-0.08844555782054823	0.45853214735707915	-0.20574075803032205	-0.5087529246496321	-0.9306644909536301	-0.18349839641372062	0.034038936958340815	-1.1915887214464385	-0.5715132021069295	0.48605923784785815	-0.26794847278572637	-0.6607693069532171	1.273333623462847	-0.35198146585182266	-0.23875112252105815	0.23242095054157372	-0.054468704651976924	0.09323681014936154	0.8151829238893368	0.35437802878875635	0.05987332877632843
DTXSID7025003	-7.023122996604304	-0.39017233950171265	-0.0674844373999733	0.6694934956898577	-1.334056117762478	-2.255802663172678	-0.22467610889774814	-1.199917691400606	-1.9891324985125265	2.024178464694564	0.11720319423138627	-0.677369438837688	-0.10502376877230603	0.8827019122148266	-0.17634575629651925	0.12694961112974348	0.7249353682075175	0.3418205779538945	0.8794498923254715	-0.13717119683191056	0.24488298481468943	0.6931835464667254	-0.184573628284308	0.5753506928531794	-0.4741551014249691	0.297595604604668	0.45662443888517884	-0.019154937140991892	-0.03851492421168404	0.20910651104300113	0.31106486282921836	0.19258841916833863	0.41297762900673834	0.0716130147618691	-0.07151509497073913	-0.13129524172758283	-0.5435932614221283	-0.015891057383950236	0.4066065448271489	0.18570606109381604	0.15330273885179893	0.05649557507452719	-0.07890537872063498	-0.08761175162816465	0.28996588011473073	-0.2198065409658234	-0.10438652115253333	-0.03119506247591681	0.2748198384433614	-0.4569458935691173	-0.3609885708013456	-0.08103160737476968	0.3761513306451505	0.46639280482660284	0.04471812870926039	-0.026283760269661855	0.0763458406418159	0.011661050313397035	-0.4581303913576549	0.07010249292769352	0.29438236747927654	-0.24834670871655973	0.06310309030293113	-0.4109959019797408	0.2293413440740734	-0.08174800019199333	0.15217118832608922	-0.1906636673836981	-0.16406234888245255	0.21523209680697925	-0.09605541289773134	-0.2657240868096082	0.13821456566965787	0.28805606077701373	0.22201898457580382	0.014283857630700142	0.20078327935556797	0.37566795411993487	-0.02348340804780775	-0.018136960964504067	0.05383768274327325	-0.0057829919827919445	-0.4032903845279313	0.08321431830769956	0.09167032851728513	-0.053648435127482755	0.15783272053155356	0.014954273423416717	-0.059797800769309024	0.21305708874872484	0.14035309194172235	-0.21504048141916843	0.21612851438675065	0.25304189353646944	-0.033559764795602326	-0.1901992852381084	-0.0001807446510337369	-0.17584398680814023	0.034668504732722726	0.031088560590055693
DTXSID1021586	-2.606636642810316	4.507595362832723	-0.7208253757773796	-0.5966096043693345	2.3122207167157973	1.0149586956491548	-0.23204804141190863	-1.4504567493460911	0.23904318487576148	-0.8446137238759485	-0.2914622297460145	1.0324935340588004	1.3251549154268643	0.45761569718980893	-0.2523660491463309	0.026225963139367134	-0.4636295063729756	1.9463428001626095	-0.6877482055131913	-0.14542248455679616	-0.4313400331061031	-0.4731097215360521	-1.524563721042828	0.1372936962802566	-0.0353721343886776	0.4195412831127527	1.3930014644276256	0.9881202826506786	0.3051572328112726	1.5744368007758673	1.060328353016003	1.0123824762051443	-0.1705783453487429	-0.06889769280748269	0.6701091703972094	-0.7094694886623137	-0.08212916763500078	-1.222126579097958	-0.6643125597229144	0.8110282251718915	0.29672208333456684	0.38066171071910465	0.04634401107036702	0.16603788861507549	0.3350196448010226	-0.1712774783388768	0.8381077781948849	-0.14742520556850963	-2.0341687426625676	-1.3464231775699487	-0.15926360277813587	0.12295604375869043	0.010974105230227139	-1.6839892238522682	0.30035691536096687	-0.8672287803965669	0.2035559808903139	0.39310591748703116	-0.6817981539465381	1.0215870155378695	0.8642464092467418	0.9596340163815759	0.690474062829268	-0.41469732315494295	0.02890869083067468	-0.0778044401324109	-0.3809940355449844	0.11618448626018679	0.5420120740661387	0.11438786311434374	0.18031205623468902	-0.17327819078785803	0.30784026395833347	-0.31693687768185114	1.1492142584108302	0.25522687433294866	-0.5789788672323538	-0.13759387998772937	1.3856678515720704	0.0029811054066169688	0.4648127458294904	0.40524507188111014	-0.02508900770054314	-0.3107004709203336	0.8120504714247612	-0.34904125475642783	-0.5590888637423662	0.08330406362973726	-0.14486582668713746	-0.9126884376922236	0.053142397791572475	0.20097141634512944	0.06658334616485588	0.11933461706616028	-0.5320033507817317	0.17796212345259543	0.520181782693428	0.0845405846267177	0.46896112736601614	-0.3873598281772018
DTXSID7025421	-5.902249740372565	-0.12931123920462242	-1.2929687803534766	2.544241826421431	-1.904518007130633	1.6773710102765418	1.0464807539885532	-1.2504326868046955	-0.3843435836314162	-0.9014907689548347	-0.4198644341486639	-0.8089142495656158	1.8616514794611758	-0.33863593469125	0.10696184814548775	0.33265920049796116	0.3258964979302305	0.9257110055941866	0.6948594930865646	-0.5478844711810862	0.5250552928284354	0.5422216828963916	0.8539356009510614	0.1362462513486038	-0.013245733982071529	-0.20140591833044755	-0.22688270289267004	-0.2782801008837661	2.3285665742232093	0.9227363716784998	-0.9871984885336529	0.46125176547656127	0.1111170341491132	0.31869024136717117	-0.7688493026451181	0.5987794644039954	1.5070970367453056	1.1786772464312194	-0.00762404939972888	0.07319247148680437	-0.6028828283785624	0.1848415722791999	-0.3014009413263548	-0.9641463789547242	-0.94449212187026	-0.07348191465956727	-0.15453823425326457	-0.6726406928743265	0.3926195586293961	0.5596611515784409	-0.37221145852073545	0.2576597038138911	0.46191177325812677	-1.286846851516121	-0.624539275852526	-0.7134985807530506	-0.6312725891512851	1.7809530479305093	-0.28918702548200637	-0.8161232172143159	-0.35100259077750035	0.9067317668622452	-2.2324858885990433	0.4443393813897372	-0.08564425567359644	-1.5114263503850704	-0.3368231577779299	0.20403799373664208	0.19242430349461595	0.8689794058050596	0.35029521098611566	-0.34599441912805773	0.14506663914283377	0.2538812226825544	0.0011926397007363879	0.30703767089696915	0.21759022072177717	-0.31683010197309036	-0.29206311103395466	-0.13969110034488683	0.035107312031201196	-0.22195224473603034	-0.763214910518046	0.5388765765610186	0.01597028221569243	-0.7717911048398124	-0.0500422467248975	0.6347624305761161	0.580001473088905	0.29571161518435424	0.2825035247350112	-0.36628977221327735	-0.1396059969361549	0.173745455367233	-0.20297088366245372	-0.08616043615597345	0.06353977962129335	-0.0815251544340794	0.11633774103310728	0.533577458403609
DTXSID5048764	18.70948606120849	10.400712438379404	1.616977341493351	-0.5174500356340803	-2.42310613385537	0.3502178873076779	-3.889577356285754	-1.586025424454145	1.8046454952380413	0.6862546760152203	0.6399180471208135	1.2321500488226842	0.9996951099792061	2.903036295987739	3.6111998332532185	1.1539514062811402	-1.8964938386711245	0.8459883332406415	-4.3547727999931425	-0.3327500948303315	0.8887495354054143	-1.469294564026392	0.30989231264397976	-3.27730171184303	0.7698644625733245	-0.9760261214672834	2.6060634559542493	2.267186134238709	0.7010554945709915	-1.9642103171345822	-1.504208816102468	3.306265445084783	-1.2964949438503526	0.12282906889268096	0.8939327797897914	-0.25928218604798237	-1.0983953417233412	-1.0378995829392195	-0.8630472983105791	1.833904894997456	-0.06069569694400826	-0.333722674958405	0.7349647918390456	0.293267603938259	0.7420441251880179	-1.2423770488410237	0.1249260154065837	-0.8078636986955972	-1.8985379712484796	1.5955436460946557	0.817017286724204	-0.29246149057520454	-1.131329783286968	0.11821027316311361	0.12600489479137073	-2.2886685016892927	1.5697017513639149	-2.0255321773607498	1.031071348879244	0.8744379953246615	-0.5054545781749306	-0.11804601933637879	-0.9544071273923901	0.5674912602066138	-1.5878293193190973	-1.5441444928841923	-0.4589460306278403	0.4932446870900176	-0.5395502255847802	-0.7063725267104075	0.6041296582551635	0.2400537087181907	-0.1034067902412714	0.5112788934432466	0.04895141848366705	-0.7101914197413295	0.9429263208670645	0.46414797659347423	-0.9611212807807651	-0.3765363138967977	-0.34795943644401295	1.1783571174280363	-1.1488081258645686	0.7923268386037022	-0.03362049138725211	0.4735101348573701	0.7482840337307098	0.13601998150626865	-0.042890244912328096	-0.4995106979040213	-0.38465244670980986	-0.37522664926471966	0.0810035837683818	0.0709530689644486	0.003895315469362932	-0.21641487830585773	0.5679528283920537	0.08297113035942355	0.11532560432981533	-0.8683968941417042
DTXSID9047835	26.393371470117014	-4.388303751459434	-1.143712699815239	-3.2461369152294415	8.67323819476069	3.1655217974042533	-0.5223944639463395	-1.3676941461186582	4.517521335298076	-1.5635579192745128	-1.737574772741444	0.5728696716966717	-0.7777392748537052	-0.4045632103338224	0.04761624428278639	-2.4727433093102684	-2.743040128214819	-0.2913832854122887	-4.378093025298734	-1.7898390106591044	-1.3977668676152835	-0.5876094391447709	-0.5294573664083528	-0.33108741068351755	1.3535425382509705	-0.7728577840944696	0.8119455611927981	-3.435011783303	-1.1794674827040337	0.0595934789775856	-1.449546223893072	1.3965946893021328	2.486954537733056	2.6956291643975083	1.7301046248217855	-6.119275255403288	2.432708224502224	2.2559251509525677	0.8046670825838509	-0.8912766579457488	2.0170165242153075	-1.2354421746022042	0.3945900625799018	-3.0945448410296517	3.0218621890999775	0.9803980592922203	-1.8606038745446165	1.1817821576325034	0.542136841645047	0.20407144753197742	0.6070387493658256	-4.803186668764389	1.0812000404193605	2.73030902540766	-0.09877839103504142	-0.13011062787270597	1.1813812671417294	1.8947562605760466	-1.4533534442265308	-2.1426751007446057	0.4702645329518342	1.398129285912376	-3.191702504377121	-3.4297803810395813	-0.5496411560029227	-2.849535141263003	-1.5595130494724987	4.545255771705025	-1.8958734576369334	1.9329653086973262	0.6938774716384133	0.28573316495125933	-0.8541517702292305	1.9749428189360374	-1.7343325987998908	1.007830103715718	0.5577411498587256	-0.3247676936941868	3.5984342892999392	1.904055329760566	2.9950986717228596	0.1545894869035751	-2.8031973539851456	-0.5262321653735853	0.6063278086915078	0.49983001274541733	0.5044526181372532	0.976585541245422	-0.873646528976058	2.7126081265219577	-0.23408100495933645	-0.4075509829372181	-0.5663541091645048	0.5174694169740989	1.8440136314090507	-1.356400897635091	-2.5191142618770805	2.0795513253070057	-2.248275086467799	0.5407223204307406
DTXSID3038800	-2.9638430717882516	3.0672713415584716	-4.040404993392166	1.7881735345023755	1.221149032211149	0.7492207913564055	0.4185300527648201	-2.4107400151692993	1.3666669441638963	-0.36777544333601697	1.617977305285626	0.9921340925976122	1.7610524071154978	1.31803767594075	-0.647005232434646	0.18262938797201128	0.4835447834594495	1.5857972491272816	-1.2181139894711748	0.14782562463857518	-1.0389194100986665	0.4251277737363111	-0.613491245816915	-0.48423624438417723	1.414769319908142	-0.281120389618292	1.0780262883965628	0.793893394891261	-0.14111816100448765	-0.8935371477378509	0.37517271385243073	0.07121987740394076	0.4067911022218037	0.890540315784331	-0.08818029035902797	-0.6687346030897727	0.7632044694274217	0.3421917251481267	-0.6410097635124005	1.056759056128309	0.4159733305808749	-0.07016509814628986	-0.18401805051708534	-0.5243637126165163	0.30264776101129476	-0.675660648715972	-0.13254611761773352	-0.42899402074321563	-1.0220632692710898	-0.9910919146340181	-0.9930997476764999	0.2551747171393164	-0.026629315024631783	-0.6083368905491044	-0.6967385774912228	0.17485606302166198	0.29116376305166647	-0.6146017828518501	-0.9787199553773486	0.5403665978141833	-0.047543658757608694	1.0591831661666808	1.4744801035773096	-0.7660377026490208	-0.24348629406126807	-0.31726150124422925	-0.7035201452168651	0.04569507991877917	0.00444761516003883	-0.0052550885821475235	-0.3962621672192052	-0.11723438035853809	0.16858354895390776	-0.46424791532144144	0.5935719615736226	0.3438531934094468	-0.3674878017228908	0.04337486322983409	0.344924082574888	-0.29148513069673404	0.3787292349057056	-0.022490932638059888	0.31826147243744496	-0.10107174720014754	0.5430463192779814	-0.29704808621543377	-0.14028987374209698	0.04039553242692303	0.08627989481283838	-0.06035786068975849	0.4023095381491947	0.4011831582931616	-0.2287191992176044	-0.2613228744721395	-0.30327525079268697	0.1505908270472925	0.27708092326993117	-0.15840543975193083	0.319217523043427	-0.1721323184289711
DTXSID8026729	-4.115075805629718	2.317024556284434	-3.6899339324154097	1.3641864582771632	1.5944932954895623	1.3928606480424934	0.4417852935381376	-2.8289582229368864	0.9819997851449354	-0.3264186472105323	1.4849059512069671	1.0806776242191811	0.9482160972281249	1.111319388219845	-0.5500309401274205	-0.3849435920426631	-0.34458298125179615	1.5854973170685673	-0.9346362995417657	1.292532691339531	-1.0895220879782668	0.11595891489891552	-0.5539667152506613	-1.0315814691091476	1.1900243712376048	-0.2216568683093769	0.14382172623538023	0.5418061859163567	-0.5405673884227518	-2.052855179316799	-0.41818622542467326	-0.04734121495861389	0.15126913197566816	1.4076062155416509	0.25400089385368513	-0.5373489197182586	0.5640981010687477	0.699753204519714	-0.20238838817123592	-0.4376742128807819	0.047729649419208896	0.17373928886473344	-0.21282393236284425	-1.5026404222542113	0.4689757019432773	-0.24227790202993674	-0.4713972993321185	0.06254855206287255	-0.03055939326972435	0.6685497511561742	-0.13547490818430583	0.5582740276515171	-0.34176958622519577	-0.6568192572171423	-0.11850918177552691	-0.10503829637025988	-0.6387962291082775	0.3838665910960726	-1.0546344857238323	-0.091914192885473	0.18530094230239022	-0.8286763705492042	-0.5573762644537947	-0.3474649167254722	-0.14326829625416143	0.0012519719126001631	-0.7273150037282957	-0.5502616311157722	0.524269425745948	1.0291025348250065	-1.096560183675408	0.36274141375602253	0.39364055578368856	0.5245270880699652	-0.8705291151131789	0.05765916263264984	-0.967036707968335	0.5268289781190606	0.2200833188556155	0.19732902677429895	0.7093824147641459	-0.5354710893579215	0.3417230272811146	-0.08056754658236377	0.5402935423636158	1.2399002801580432	-0.08233227268221363	0.13305805564320583	-0.5529325494203263	-0.0067685094344610095	0.8638846376996655	0.5799594303736222	-0.9370691068221659	0.16772061887409312	-0.5083051682026722	-0.4459456086959108	0.5214638944762221	-0.07724859592723571	0.04858227994675064	-0.6448364416582735
DTXSID9046497	27.74073186145072	-5.9828913273965005	-4.691032247468667	11.926949894464125	-0.12457059437343344	-1.1769701651113191	-1.3984783096643931	-4.747621051493779	0.5255429364937693	-1.7702828906023154	0.7235549732876978	3.130340881482217	-0.037289066587968434	-0.5408414511394694	-2.032743307736996	0.49834411962331154	2.485607181919514	-1.6136672939935714	-4.792337864879685	-0.9436401672550583	-3.262860892123111	0.11818506154258762	0.0008997433806698182	-0.9650178912818203	2.0982745253251225	3.2622072083614695	1.093375366772279	0.860167059842673	-2.9179986249871592	-1.3699488783931435	-1.3727881701482625	-1.1851318628620529	0.9603871370585091	0.43672789608147894	0.045604604078212437	-0.0824110850935622	0.8580267509358633	-0.19058268414615034	0.06380823771451599	3.0047122678243032	-1.0957431151699668	1.6111733700145758	0.6550495676026664	-0.7724452526769877	-0.7549699241769169	0.14926261746664538	-0.3154128499787172	-1.0186844691018655	0.8860025496565256	-1.8765106192168177	-2.895054409304287	2.2695286988361087	-0.18614218062210725	0.0887681620663441	-0.8786284335116702	-1.8110731030110432	-0.892858537367258	-0.22464416460101067	0.22652934544468656	0.0890190409647372	-0.49100726920871934	2.5339397356393856	1.4374619157196447	-0.5625241322105599	-1.6259588253633046	-0.6891180007537216	0.19149061262923786	-0.9220180268249419	1.0101188762239686	-0.33276890898149025	1.588285023356433	0.6929309600577676	0.3562026120981007	-0.5719783989515941	-1.2322877455093173	-4.947932635117032	-1.4652072046309828	0.822334917521466	-2.6766616670351886	1.1691457120825466	1.4485831243828389	-0.954961548496084	-2.774386190961675	-0.5855979809083418	1.544412285402336	0.14630120020984844	0.9429098766304401	-0.9315358319382157	-0.2590798137414523	-0.20230774370623983	-1.3574807676653757	0.49470953460170336	-0.3791464886064391	1.4181366675461509	0.8479473239075151	-0.12215447248201029	-0.17926849589185517	-0.2369265044885817	0.4785043337687317	-1.37691005534946
DTXSID1020778	-5.939892567446844	5.409752017826359	-0.22502352126218098	-0.7404856249299655	-0.26646101821836904	0.15171361377724632	0.5963476750145634	-0.9143015737956778	0.669167636644336	-0.45447034340491993	-0.44065249849233895	0.5232144476613225	0.792541279923517	0.4369903593456579	0.9077614442905871	-1.207425634834373	-0.9542094019332376	0.32102290782884174	1.5448591506452358	0.21473148796640476	-0.04277901014335507	0.34315768578541855	-0.58049918881876	0.23264487018242802	-0.7444632505769092	0.5240126229390776	0.5433043685855115	-0.14244489701767013	-0.03792714544686283	1.63524260419888	0.42054775726773025	0.9098967581291366	0.055533212682003376	-1.3212632610776511	-0.03550539251892044	-0.3172368465536599	-0.09699814426289143	-0.7338380764387769	0.4839597142590477	-0.3259805073377834	-0.14840806709239676	-0.44673631065203206	-0.027888111016651104	0.9154109613088138	0.24260921613678701	-0.4290304443035503	0.6538564625713346	0.3342762875654929	-0.13087660087559147	-0.21087155043608574	0.3622897406164365	-0.548197850881965	0.07698426218967679	-0.7827908716931026	0.6807769766005928	-0.7402159887643346	-0.764251769594306	-0.04404041463308403	0.09664884395864949	0.8973103205678336	0.5145365258088846	0.47605495984614177	-0.23283640635240113	-0.030289427629423674	-0.38389314757468657	-0.4366925672399006	-0.15111634576006774	0.03217630165046197	-0.07251486563100314	0.5780943153575517	0.12490914118620215	0.02709151582262569	0.0454886371113821	-0.019236457303294447	0.3638231491878628	-0.4152002703097092	0.16415644836586246	0.1099319909026598	-0.3253115390282209	-0.1850183934710472	0.17935814542568826	-0.10583166713480358	0.0500617082490108	0.08256896774765933	-0.005672285957129059	0.09244886823421376	0.2061925359942805	-0.07891086762844865	-0.028939720161504874	0.18960502604033366	-0.028094746455302758	0.21426845771684191	-0.40345546850871244	-0.008744162255557915	-0.41547756318983253	-0.1631182036717922	0.11503584761916932	-0.008626406350614365	-0.39711253342146713	0.006144217182960941
DTXSID9041023	2.467037159019187	2.95332128242287	0.7292418277842874	-1.7266170952146984	8.224362140722357	1.284616019607783	-1.259673122643552	-2.149661466220542	-0.1948359095917025	-4.245451154728926	-3.494474158519553	-1.5083285494656893	0.6549171902355012	4.423827436484344	1.4415938308085512	0.333011577140256	-1.4825708740164392	1.7278397928518079	2.6715088767613593	1.3894955075256876	1.3116455184558304	-0.43769537026022054	-2.1765258381117394	-0.841668468832015	0.3399884280646611	0.48416928168111556	0.18850715686257266	1.4445629318511128	-0.3026109923546013	3.4922369097296286	2.363456073876945	3.0735922189007496	-0.6847862186474505	-1.4229515952392713	0.5549838275762334	-0.6671778873916134	-1.0246791399452213	-0.6850013133888422	-0.5028598889985015	-0.7157596441516455	-0.23962411064307573	0.7313287970219118	0.06891834530016312	-0.19849600966829353	0.23121178094316036	-0.16222497050771745	1.4263757263540784	0.2737964308119714	-1.411633297609264	-0.04280161427168915	0.4808739421767775	-1.7350426754161181	-0.8870361085274466	-2.97208809230299	1.5382608357686962	-1.6285135467067353	-0.3022683405138451	2.7896380615309275	0.9929373201997581	1.7691006228595458	3.4957273995745015	-2.028957043409335	-0.370254438047918	-0.5009043273943173	0.49670849631986064	-0.08598412951677206	0.360906718980097	-0.8490165773643891	1.2016664311801741	0.1796523204434594	1.5616754321480775	-0.08784349527682483	-0.6871018976802902	-0.22794508567424782	0.7095866893456635	1.2946753858211735	-0.5241349913392471	-0.3641011574927409	1.7867401344148452	0.3270157733660912	0.8933976620131782	-0.5350896216568182	-0.7019240901483866	0.10500427543803982	1.9728530145225915	0.011679513318690124	-1.0226003593744453	0.11686720744504714	-0.46181871611995423	-1.6789487131471565	0.3882994370484928	0.184324103022277	0.20680929962741862	0.6456440906403925	0.8040598064857623	0.19568289498427086	-0.18925396554323135	0.10541939589677685	1.410913447362291	-0.6040806175396528
DTXSID2027462	0.8019380898356094	2.1618134392088986	-4.227650513833126	-0.9786906750697997	8.369664248499685	0.050396900894552746	-0.25633758062925105	-0.8269135024600703	0.6739599460687754	-2.4558124838342463	-2.3911408037196282	2.41431537647441	-2.8324140660560873	-2.218195708445	-0.5369517831649053	3.0733965455509793	1.73557595801177	-0.031693935542469465	-0.48367855007179	0.17631820007157445	1.0663226623617998	0.7382886801643422	0.6895641061408663	0.13086101333757386	1.2495807363818519	-1.4211903103732524	1.451929856000898	-1.1306337819782106	2.7061717069774907	1.8755833993444329	-1.8037565482980131	-0.04498361607841627	0.1181791854022628	-0.5425389558654291	-2.295435244176626	0.7848097169291222	1.9697111652673414	0.44121069891004144	0.7917594869511037	0.6097239156585154	-0.7894904383355277	0.4538969693807231	-0.23489864247377024	0.9536933664831284	-0.6779122325668774	-0.579682113782869	0.27142962532768894	-0.12303075351654416	1.3716472491945744	-1.2186253572143664	-1.070387466181622	0.2776507004091742	0.18323060356690113	2.5752155168311015	-1.168106958244901	1.1015510226342953	0.5822976859032297	-1.7184382394346187	-1.2802236192075123	1.3395449904237982	2.845466723114673	-1.9354289712980874	1.2793536812249635	1.432994330957415	-2.264459034492179	-0.5505399582544054	1.2344316638187773	0.422013658293259	3.328183410057196	0.9471181557520096	-1.5023403703937495	0.8477823367962591	-1.1255959154882607	0.6394477145680564	-0.49637080877499523	0.5380771987074819	-1.3219948208613215	-0.3709139037850477	-0.060462971837269223	1.0039600513812041	0.3759730105278868	0.9042331836618841	-1.428629231001354	-0.7610329296843926	-0.03351306631879658	0.6277722878034857	0.050404013184749255	0.8568932680597304	0.9489305211439917	-1.0259013456232233	0.6578064205501788	0.44473151832793134	-0.5460058688527685	0.5986230669608223	2.0393966230845506	0.060874816587720794	-1.0820285564703862	0.5200031250422278	-1.69940028159798	-0.7450831109295781
DTXSID6026240	-1.6078982897703942	5.630097813685112	-0.7019653617414505	-0.7298192880037357	-0.04240002940369024	0.42207917356347874	0.22203157971900264	-1.5891180034908192	1.2046338959815985	-0.6344250647697033	0.2861999247943622	0.03641742323245398	1.3399278038357534	1.068920155019523	0.4973772519742351	-0.5337176142916764	-0.7478572617071079	1.6081908438222048	0.3647677480316312	0.0794984511686707	-0.11524996366561814	-0.44769942340237884	-1.2394015819916153	-0.09331714212344595	-0.3812785801925066	0.4511360345418348	1.2615971320180648	0.6587181385692471	-0.019470884252722673	2.4503694851992126	0.5090742100259681	1.0493842876614419	0.02952520040947988	-0.978320916372659	0.026543432221003874	0.2846845806425716	-0.234809741365804	-0.7479979714391405	0.4960895922505681	0.5023167214927885	-0.5434619165064991	-0.3583098654068222	0.10266701869438977	0.4898465700199219	-0.1436816753463134	-0.4192411045480491	1.2579624078526643	0.36865307735741215	-0.5792756683854327	-1.4402790099344513	0.718716455580544	0.05314235669820488	0.4811481886188685	-0.9147380353230758	0.4649975385275526	-0.6588324310963621	-0.6351079064761472	0.17359399607168013	0.46704858930272075	0.45054747831854747	0.4761764767603127	-0.05593984447535872	0.021105205054585397	0.4162984824792154	0.03259020823913219	0.0760915377685258	0.020908452677606045	-0.20079837747518592	-0.7709727144068371	0.9655330274320719	0.24971130136993194	-0.02606988894654201	-0.17608554103074497	0.0705113181395983	-0.681524879167793	-0.5900470476180036	-0.8466969195965095	0.42355968640168584	-0.7120637972670818	0.037969515872983375	-0.06740199646870207	-0.4913754868982683	-0.17483498462494354	-0.13103916890049294	-0.21035150150585638	-0.1627703380328124	0.20706732399140257	-0.06306979449941379	-0.40205782271356494	0.14504392425963722	0.13791653264530637	0.13007002141392646	0.10820928364841319	-0.20655351277579742	-0.25136235875918583	0.3331268224513505	-0.011705040790964029	-0.19849690945297518	-0.13241536837732581	-0.39503752796995095
DTXSID4020402	-7.521179569124776	0.07940294843372891	0.9008266565682659	2.4551317376054924	-0.9893457226823597	3.670317897827879	-1.5539979175290304	4.587136111212933	0.7102392818564871	0.3403439092901352	-0.4767206969726084	2.2930847306349507	-0.28115121410854144	2.076472105192846	-1.0111937122208745	0.08638071518378947	-1.47088996958691	0.4928972514580673	1.1751166844261705	-0.016583000488683632	-0.8611452284446223	1.034281833845556	-0.7313854415041453	0.7456186143293704	0.6289328529986941	-0.5418609224360394	0.23596035911873772	-0.15310802500090068	-0.15267632892446828	0.07251938726568105	-1.1534544340492703	-0.2400754841014207	-0.24846105554267703	-0.11277104112950742	-0.3775486684978086	-0.06915497262325171	-0.34360355396186587	0.06090927168732755	-0.2940993933733309	0.43698767801023874	-0.5527215405426598	-0.8378500208893591	0.31556459884035953	0.34295296666039987	0.2324474865860077	0.14851828343955606	-0.4602568371586423	0.38253628799891937	0.5583573471325401	-0.21559456586647885	0.14223794337552426	-0.05300452140010059	0.877555686474999	0.46102732825530013	-0.2521129922843464	-0.052572098731640975	-0.34887941203649603	-0.2942014068470311	0.2568470903433725	0.30769462498527855	-0.12292555903404268	-0.1565138121436885	-0.055848982911838485	-0.15975960288348567	-0.46317342208431617	-0.580174702689137	-0.29945960432868945	0.24324653823987008	-0.025852557667357196	0.14041284650280303	0.4288627019490717	-0.30855889443133366	-0.00850737735719752	0.05713892295155317	0.06533475277127608	-0.3078902708712998	0.07814835465472618	0.037286972218732735	0.04522742938314754	-0.08134537195578456	0.017004002302105286	-0.10286744809251999	-0.2761353897580941	0.17043680811434686	0.07168418267635207	-0.17124715558011427	0.1518410698966136	-0.08004156226432	0.026339548381327522	-0.05630687421059261	0.1989546118160446	0.07269353914658024	-0.05464691264490484	0.03802795180653397	0.1432748508030083	-0.11342631666974046	-0.1390138369771846	-0.2316263174730492	0.1469105681444866	-0.05941422413024379
DTXSID0021963	-4.139412478829764	1.417869933310783	-0.4666647909599993	-0.1992025392278983	0.33139964660365034	2.23648469514828	1.1567326264774194	-0.46794491315900555	1.06458992669334	-0.8508729970681655	-0.22130204898456213	0.6786504030183088	1.4468829157673286	0.2785208928666488	0.07492204494901215	-0.6324591975093423	-0.6116324783422119	0.7144791347561347	0.31250687919648573	-0.10685660220117177	-0.2754091058940482	-0.2120074055411399	-2.130781876197875	-0.05210040600769165	1.3246614028292607	0.22111297339478694	0.7107289509615357	1.6509769196039914	-0.7561260184118281	2.572628765424906	1.7907865263496452	2.6797239447101657	1.181530975190326	-1.5391748316595852	0.6012501661994534	-3.054996295979635	0.2027580081636275	-3.1055641137741334	-4.128948468299091	-1.701884558287461	-1.8694308238505277	3.3016716565632094	1.7829928777667003	-3.442158101949799	-1.1207258654911383	3.6995571438906576	-3.9922391499890453	-2.0376641637932797	1.3899895847843342	2.5368542479777907	-0.5886365743240943	1.8051199139839171	0.21734174179293328	2.4867950672826207	-0.788664786848781	1.6538459944792532	0.8150396369278872	-1.7609839064998294	-0.057732532505725416	-1.9386552769184462	-2.44988599135222	0.09914970011462108	0.553557303432591	0.5170594099106005	1.3228393123041535	0.7506719345234759	0.8319205079127996	-0.17853141110159565	0.18924610293153382	-0.592744684402136	-0.8524022117134258	0.0013001524275775675	0.9194845084868838	0.8375949584794147	0.31914836034698235	-0.8211759018487703	0.9976085689560982	-0.3198107925378041	0.07142807049098865	0.09611486988097014	-0.38516835946412953	0.03133215975172865	0.3105658230995061	-0.641528279952789	-0.9747228146257033	0.3407869968441635	0.31830203966401777	-0.42940987479008225	0.12844513461038787	0.6916923341764669	-0.125576959725742	0.3049903675119081	0.35856666496983286	0.5067422784374171	-0.5101547288651892	-0.24651828268933537	-0.517133583255597	-0.3045878402567904	-0.5139589206181001	0.44914819105134957
DTXSID6047074	-4.0047480016780055	1.006846082549062	-0.4410152271809763	-0.31591022148210873	-0.19018905786493187	0.8320138917910279	0.6547903568369758	-2.1034484736742107	1.2819686214673724	-0.2571325671077866	1.9271586993353516	0.8073046899856632	1.4570588069842774	0.9307773297399812	-0.22279209618771545	-0.48921705156684275	-0.06086363416110799	0.8659316732799639	0.019017776203537652	0.616561173111044	-0.6312764767394128	0.8458160911870475	0.19107584785576123	0.12442284818110066	-0.009235158267892824	0.13422045323094078	-0.10019469965593114	0.22191607069775618	0.16103325398154764	-0.048195159390119716	0.04676716788587551	-0.037944710101852644	0.227058883915062	0.6099346361914785	-0.03316619901837253	0.03293524304434036	0.6196448321348982	0.9109878959520529	0.04426298822405888	-0.7123340124206234	0.3908768965348801	-0.49357576402136216	-0.45648315960415126	-0.5393808664741699	0.4362665955586651	-0.33627467676034156	0.10340834476079898	-0.010141423688963666	0.20857545023963953	0.5133446657240572	-0.28788609166754703	-0.45557528250306817	-0.2924393794922152	-0.3079380777187073	-0.26216415671939625	0.06728592264832621	-0.1905355274937855	0.04579089317242444	-0.5458029689676921	-0.18767296806066755	0.2909136439827792	-0.11502916180233261	0.3279369032618994	0.17189617526363854	-0.6233573184338841	0.29744956465178224	-0.25848067678113507	-0.4090702656854479	-0.5754685149193927	0.04136233291695024	-0.9668492377638805	0.7297811933630682	0.1626099411483401	0.06320155206473749	-0.2156586385320592	-0.28823860636691107	-0.08558558996867115	-0.009979179794565658	-0.10614302874751541	-0.18400230021733668	-0.719956635982326	-0.25547880800178935	0.519865181302279	0.19031593926634355	-0.5867030530701911	-0.2108862782884095	0.12524114939785846	0.3284713913005534	0.26551693159559075	0.08186287294113748	0.3292585220563998	-0.2683955033688646	-0.11443199757315291	-0.23438572759913676	-0.18387169477103926	0.0017843606078235615	-0.2522804818385628	-0.18677562404798914	-0.09664896045394354	0.12575465903960417
DTXSID5047871	1.6316699174809717	-1.2140980505388448	-3.9177905210806565	-2.3912907895980116	0.635171934463489	-2.653197193221212	-0.518334521442789	-1.1112152275359126	1.7874487263415648	-4.539506855066131	-2.540713261584901	3.479913601387756	-0.4077173889233139	-3.427704247454093	-0.7918011012885	-0.6638861073869758	-0.8728920348619126	-0.7111782846810407	0.8761401711689988	3.651640486995513	-0.34576740858668314	1.3014064253772704	-1.552538272730172	-1.345952193945192	0.4639906596717987	1.3324325128775691	-1.0168544922296978	-1.2990795640118906	-0.01601782097068873	1.1921226612350722	-1.049078839314792	2.3293987153416316	1.2752223053107496	4.422684855638299	1.1073322262759506	-1.471138509231464	-4.360715022104209	6.508939004540449	0.5256264603383332	-2.998145894070451	-5.719371379639337	5.131318312596521	5.66016590870147	8.420955393518527	-0.902160957855742	-4.900140199497101	-1.4781686214273952	-2.7228912346863083	1.8824519626677032	-1.8680578418261264	-1.648655738241088	1.8780548906979588	0.05746540593341569	-0.20648214627819764	-2.0291032363456	-0.7531192186016358	-1.2348172189266313	-0.875598976478338	1.3103918503704135	1.5458367172290834	-0.21585285509861718	1.5164840888864857	0.5815896290114876	-1.2573868438643439	0.7030255807175484	1.176503522032243	-0.96663599062298	2.4173465783988317	-0.43903438582586946	1.5409006137659518	-1.0245451216385952	0.04882249120930674	-0.9799852653998736	-1.5883968921064873	-0.5769738078540131	0.6401248082653547	-0.8942480092039219	-0.7690840488898338	0.9736755117846503	0.2881912427721327	0.42855160180134366	1.3784106656903978	-0.35724427764192324	-0.009582390516888107	-1.2751768120108693	-0.06663549419949553	-1.8441291552866168	-0.8680284840181581	-0.826066651202125	-0.529180829509862	-1.2692493818666915	-0.5036534647771194	0.3810062774733429	-1.3358809165895045	1.4136135494740192	1.370503116440934	-0.10703268807460617	1.4764792532232731	-0.7174603991453831	-0.44083136437219644
DTXSID0044498	-5.909497682018917	2.8236652371465567	-3.2841695131873236	0.14269846651310497	4.512973129993418	0.8496178230270761	0.6903994938023889	0.12148551922577648	-0.09191846402519178	0.35110875144072334	-0.8322167852360597	2.408639711643724	0.8044119941462067	-0.8689453215861221	0.49178713692607323	0.5396593352415002	1.9001927015404212	-2.7004115546141616	-0.9472450164483885	-0.6083989631588623	-0.2255909362566717	-0.3354211626788929	2.388658724297905	0.8964697026002019	-0.5174527136687509	-0.1616638813587371	4.12205126690576	-2.6688217421814375	3.8821101714301705	-0.4672199897878943	-0.7179973175588477	1.8276723739236862	-2.5271017651227634	0.06556698963107296	-1.4474720287589025	0.30362418573842814	1.3865364929562938	-0.24379796239608736	0.587540385305541	-0.646312879602817	-0.3175812708561683	1.2067147229872286	1.0216289190387358	0.5704749546818785	1.6940720400767946	0.49118388411790603	0.010633478226314929	0.7758718700189431	0.2662084536786161	-0.22578690879022317	-0.1735898556932438	0.06458252195362767	0.36161698139747606	1.2619558556380244	-0.10422135746192353	1.7636292365202073	0.86695045032093	-1.8927348496709913	-1.3209731248843775	1.6652297338004824	0.7864859468313761	-2.288266237286541	1.4834776949610728	1.7193829238493556	-1.286068486053178	0.545071051981276	2.9344125330505015	0.1950742749724518	2.208591249820977	1.909852410357382	-2.1697955054806517	1.1611452002110698	-0.16613921138814305	-0.773820021135455	0.3692669003202797	-0.7023966174906519	-0.09417785424014498	-0.4331200444915272	0.25604639115937555	-0.1752094944926971	-0.1882101181361058	0.34366962947870694	0.2198420586632279	-0.6964024303030454	-0.49029282577782735	0.4443119980275207	0.025041410363338134	-0.5221405779433437	-0.12554173259024246	0.206597277126258	0.45740303121606346	0.9736159358552471	-0.25950452413044	0.3274769865439433	-0.757060424049261	0.13808755693847063	-0.5552636249264186	-0.14999456415890355	-0.5804721814536109	0.20747551848848567
DTXSID3044752	-2.648737078413697	-0.06597550315984353	-3.14914093992674	1.48055974210748	2.289361613596817	1.310136803157523	0.5316755141788908	-3.1597157668687	1.386149042957566	-0.7852088117328665	1.879158008644284	1.4688282338617538	2.089884960906728	0.8106124838735662	-0.39521773054160914	-0.14405952568318312	-0.20939395348254694	0.7285936989843982	-0.8381972611398075	2.463853936514068	-0.8952119969362019	0.98667130329319	-0.23175264426614745	-0.9387342254795449	1.7174344144831823	-0.5869339226468362	-0.40402812002461497	-0.3964151755800031	-0.25506351311429754	-1.304160181886925	-0.21226327563860248	0.8161849150228037	0.05413584562303062	1.6028253816902251	-0.07333027394216018	-1.315537583516921	-0.04187907333950075	-0.3585626092660063	0.5619023088326874	-0.6764236194056905	0.4469047820155895	-0.3966314946721307	-0.14014787976414897	-0.8250221931088298	0.8732612397611267	-0.5204258614421858	-0.8042831928759215	0.27917113541883376	-0.39584131256468635	1.031029296279556	0.3061219366728796	1.1937779450403525	-0.7331157484407607	-0.4314821279270254	0.3374061013006749	-0.47060803151405645	-0.6527535467068706	0.6459530157416284	-1.0717220089682702	0.941794407462436	0.389452049215351	-0.8051584318287198	-0.1195174532597408	-0.9428374702057378	-0.026157870801087505	-0.6293700943967797	-0.17180156565926555	-0.6834116204653952	0.7720905895497189	0.22472679238038515	0.01671604319779536	0.2305441099503586	0.7738757474110933	1.081382733390316	0.023827022183035222	0.1756681879573471	-0.9763500927246592	0.24930891971067737	0.6464439427530415	-0.524422224479395	-0.8443868906759735	0.3785606692111428	-0.4654475252124749	-0.5857430632107736	-0.39003036137969943	0.052835582850378135	-0.064958706348811	-0.1057173006189166	-0.363350705704831	0.4142305434051885	0.05738495241371875	-0.15988232120321005	-0.8835149882676222	0.3637143026189639	-0.7721368347804166	-0.12635945038864496	-0.05042423288964167	0.4523944224485649	0.905586084367093	0.8160292709838859
DTXSID1029170	-7.699075300309856	3.558206030491286	-1.9739536309456542	1.535111824781267	-0.06198127476932805	0.5923108682001823	0.12417389675281253	-1.6385641393715402	0.1375039982931297	-0.22973113267983744	0.2610974213451536	0.7356676230409129	1.8411636503020339	0.5726717304754031	-0.5520811411408905	-0.08909973530479011	-0.8717592312882221	0.9489772054388448	-0.18898637708598798	0.1303022739603762	-0.6488143546575179	-0.4854860041298701	-0.6459579238697966	-0.4958484015707582	0.17963359635519183	0.46499860390455366	0.9161319984573016	0.5315037161148353	0.24229160534506738	0.4092463072857284	0.600241750409015	1.2738470425876238	-0.3613732356304495	0.2260429876644404	0.3170481767570872	0.1706269511705102	0.2657458912146695	0.10563386031342326	-0.49694782147533834	0.1422493012543538	0.14790401008493392	0.691612215918999	0.04075853247116335	-0.541720052417807	0.44200380278714685	0.15881551413798323	0.6603603717411533	0.5167004529068626	-0.754981327815426	-0.6827006590287696	0.2703009869124273	-0.048014833306966175	0.3047861416733774	-0.9428651035181714	-0.07564396788894838	-0.8020816044651865	0.19972895510883487	0.23005091464588626	-0.3545608076682289	0.3985825069600861	0.6875110961754319	0.0006700153631928409	-0.3740070294149577	0.26414160845920126	-0.01567146019780156	-0.39268209016974154	0.015857143799793333	0.2671950267084205	0.4543944263657265	0.41297938510513255	-0.09560562045984097	0.2614216545899486	0.11213191410163872	-0.4953030164232587	-0.6019176271107165	0.2084574569666399	-0.26839992188994866	-0.16591537930185773	-0.8296752504360745	0.12575878463785264	0.3914731034856235	0.3855496869580285	-0.10665594333189769	-0.16683255896806742	-0.6237160180638165	-0.10136268231925456	0.3767832639157014	-0.4988216252493357	-0.5804858039106047	-0.41999086208279796	-0.5695941949538569	0.3652319427548808	-0.20602477733485153	-0.1430618465445298	0.03422472694368633	0.8559543987365582	0.8122342004299999	0.27106289592802685	-0.15872469516645699	-0.31371768525779825
DTXSID5021251	-2.975628711644802	-0.5534906615103414	-2.3062553441262628	2.4125868163474284	-3.538271870468448	2.323524600899196	1.2732359364552754	-1.1673862881644799	-0.2775359577112254	-2.186734097119498	-1.519385953647327	-1.4221265573423285	-1.6910420707384846	-4.595118887765432	-1.8879852362089988	-4.145310839533299	-2.5439637436069917	3.6097174705694295	0.9393875578781993	-0.36476949096228056	1.3985788781527253	6.0485720251250665	3.697539653087254	-2.3179233558823085	3.5239799972674133	-1.4966536494415945	0.21796279980673952	-2.747331973101375	-1.245845891674946	-0.8173111614950677	2.3987630899960224	3.079594417044089	-2.519727354990013	0.15162161406451538	0.8628397676255103	0.8341535068609355	1.8931932391037039	0.02461483203688307	0.9312939569553991	0.4293204164282348	0.3544827738404556	1.675075197873961	0.09104144013807863	-0.6594290499911801	-0.20214013132817135	-1.661732883607331	-0.2357817020045633	0.15364130908770332	-1.4757891171195485	-0.3651628015049672	0.5318041908203895	-1.5059915540177073	0.30247026887857764	1.4444614536545768	1.4175296600868637	-0.11545973449755177	0.952169202137794	1.5785865211238215	-3.6285190661917173	-0.24360723952281557	1.745643846731264	3.3832347103873452	-0.3529228641029023	1.7099447076741547	1.1591797846050629	0.07480599604987881	0.7980091583738553	-2.1810392733207804	2.60422927236021	0.7672827016794705	-1.2990349370311298	-3.177685502365831	-4.9163550499502655	3.5734171577800082	-3.4167666784183117	-1.9996787997520682	2.688598351245224	3.655387661035418	1.714777604628843	-1.0581051619172233	-0.5421573253732632	1.1418087074086698	-0.33453967437854804	3.9915425201921266	-3.8884723775251113	-4.112985369711006	-0.511281873202234	-1.2852922264003666	0.38329809369599654	-0.6935502409963281	1.2743088424457887	-2.182645395450724	0.05358319294061645	-0.269468205341885	0.5193230536690348	0.05329138186142334	-0.7257536849626209	-1.8225117014621264	-0.29282997258145477	-0.40552142252677137
DTXSID6023078	-3.0918581846751376	-2.484712607564663	-8.68579701341317	7.625673899856905	4.523945774695923	-0.31859179857386793	-6.470330754150668	1.523438799557797	0.10740722052712308	-1.1530012051748357	3.7223477142318764	-1.0203988585303148	4.3420155469747925	-2.475302270320767	1.0790317490988297	3.192931611150019	-2.3625523793162597	-2.5922470623495313	3.797272344668904	4.1112950296859125	-1.9543089222876513	1.402440753661602	-0.7877043072523698	-0.7623935119888738	2.8631431938356817	-3.090807887212012	4.16496495607153	0.8683940921019258	3.1885654563470687	-3.457908994844678	2.849413792757959	0.25014010241171375	-3.084717227423798	-2.1491311518451686	1.9609139805139466	3.1146582344778606	-0.060984994843342466	0.3684972226268744	-0.24424751456917182	-3.3351267910466813	1.5196096583264274	1.2450846645089226	0.030398569389700387	2.160116974613305	1.0999756078259622	-1.5879959683893912	2.9027103358218045	-0.9944046240450277	0.27376778756497033	1.7234979095435743	-1.3162358806237484	0.4159575079810711	-0.8172131629648747	1.0544470404188901	-0.03182240155151909	2.2189523541905416	2.1717677623109637	-2.6862199738725208	-4.464908582989342	-1.971908357083436	2.1309509481537936	0.7553155304992126	-2.050275137351339	-2.0981110703725276	2.0717461109137747	-1.0673257492049064	0.15027336239478045	-0.8493640474488175	-1.722472096450156	2.1555750058096086	0.23419682874275463	-0.31436346366113127	-0.009389985067137634	-0.15163744918508723	-1.5183582172531418	-1.6126933887052015	5.147531648484989	-6.257183705337998	0.3487293691232211	3.178633557385571	-2.6691847774319517	-3.2939458797389376	-1.841722659497767	-2.260786661027997	1.2381822408093206	1.6980995313299492	-4.145122005181865	-0.8810871189565579	-0.5563760110199029	0.7907439626326864	1.5006377097338806	-0.46569765246125355	0.3887444739354274	0.13938629796287627	-0.22090393526998992	1.970708293118101	0.27029101395070987	-1.4061389456635582	1.2131865843822407	0.16879853927503694
DTXSID2047806	6.015685259346988	-4.354653769255156	-0.581910256510524	15.571889514809264	6.501815241202261	-4.568174810071326	-2.4568533497182963	1.9611242782431069	-3.3319550754390805	-7.182460935682002	-3.9508385317304375	-2.7921656458285318	-0.05315470230991716	8.324642097651227	-3.0784124257283483	0.7023805311773957	-0.4381413221974122	-0.845569042164096	2.193041959781417	-0.4430725280130604	-0.7149919448232803	2.04997573356736	1.8476604100037428	-0.10916638330106118	-1.3339270834869774	1.6733646457698523	-2.677002322223214	-1.5674331727023003	-0.7216673306776014	-0.6565865830402037	0.9464197085378768	-1.0999344212488438	0.13649133810375289	-0.8511642519925186	-0.9204026278281332	2.2637729972267597	-2.580561019613767	2.523582313471351	0.6524243869769517	-1.5692920271747322	0.7696181108378162	0.4111887637939253	-0.23158269101495882	-1.8085561152520007	0.07582347464384182	0.7003984457156063	-1.4113646035838003	1.2806575590455795	1.8291456551345517	0.6901920364105467	-0.5598042979018611	0.3591699444792031	-0.46271451797124846	-0.5697358054519366	-0.8032245905292003	-1.7461432531372203	0.43883260997934775	-0.6200097169681789	1.5402481208958483	1.1311103562072136	-0.4376357810919961	-0.33046209613146493	0.6699045687226967	0.6763164598283969	0.1080145299662846	1.7125909811875055	1.4394125084574012	-0.774924382552721	1.6615468765406882	0.8943126041174938	-1.7268967094419736	-1.8328247143337182	1.7093093326089264	-0.137479614375046	-1.2025626892648016	0.389787102837718	0.5347895692169161	-1.8511950580571153	-0.3808982617309753	-0.5979017182367915	-1.701711619174237	-0.06612337283341946	-0.15029566275084472	-0.15115035306947752	-1.2995084315793355	-1.1784470919704169	-0.8712368670538332	0.5633931356184989	0.7274049972265836	0.48728409424077557	1.6135313187528955	1.401597701883483	0.9676760418570829	-0.1085671326271265	-0.5894941347038024	1.386696805119409	-0.8028069718424553	0.7579834815341854	0.43865836012183956	0.3124348497150564
DTXSID2020898	10.604537170203715	1.0965311300219927	-5.688446615272802	9.131416684740318	-4.071290333803203	2.729936117593952	6.1462543504656795	4.570381134051098	-1.6688207693163364	4.553834110784557	-0.5044456289941038	4.495942607223307	4.451779013693837	2.529688284999994	-1.370463752475642	1.5890263705862213	-2.689796174876123	-0.4813778731668145	0.5296270234719771	0.6242293273799869	-1.3432687278885334	0.6963728103511337	1.141388007007218	-2.296604516640018	0.43389761022036216	-1.9878940061963695	1.5160737399701487	-0.3786747319172194	-1.6652193230865533	0.7445134618169889	-0.14888936140508702	0.22541618608101582	1.0551539428985932	-0.014931768176605084	-0.25377844471180583	-1.844377430596237	1.7239950740127754	0.5067986157416027	-1.2347081715466794	2.985857550773726	-0.9867073853348743	2.242221953475718	-0.7356001826374329	1.7881899397012602	-2.9314436261907484	-1.8379361411827542	2.0906270349949323	-1.1961621050934295	-1.71097074467564	-1.447038576811414	-1.0419692229635973	3.245541505817229	-2.1636650801835335	-2.0412794741321543	3.157241582324874	0.264284699867234	2.1462492995815077	-1.9474883065245208	-1.9595462855347392	-0.7421528499842452	2.063284723523426	-0.07311843212188943	1.3465195030671129	-0.5720362138181899	-1.2766114887711149	-2.330819733731162	1.8168661397381987	-2.174487257894461	-2.3492082949278057	-3.2296403496278043	1.095646341894622	-0.42556366408693636	-0.9458429144497488	-1.7534963667739363	1.091699871011079	-1.2048392044009983	-2.0530224457946193	1.2643457298315703	0.46576981466972234	-1.89371770071768	2.7138875824249955	0.66342399763013	-0.35367663615112366	-3.758107885487341	-0.8555142280484477	0.24324324656644336	-0.932278994114256	1.4610128281231338	2.4715608437299172	-2.415917829721385	2.1452389132142335	-2.921829066150138	1.1177765169585485	-0.3120032742679981	0.10985112760300371	3.924536787940868	-0.8002235980516932	-0.4062399743175878	-0.05227687165922852	2.179047168537612
DTXSID4022991	31.153186167571864	1.843525831083541	-5.967876150495109	7.607183900620303	3.889882605345406	-2.3491758941748158	3.6713341755440214	1.0465751972004695	0.16009725759422466	1.4542462618795946	-0.15370826334596716	4.415929239736371	1.4054467807808468	1.964831378137123	-3.8067202645456955	2.8080148510674356	0.7075136602650703	-3.3038011045355202	-2.4727440352993697	-1.8356760484100172	-6.789847152531481	5.347707027031388	4.349645319364446	1.6087464599237211	-2.0037128958404105	3.6870409260852357	-3.9450810830077034	-4.946110254169292	-0.9706770230125508	-0.9680647462684134	0.23110151704439344	-5.7426718449329694	-2.2119636677368586	-1.8663290014462852	3.568999768727443	-3.392826237916947	0.7219406608690758	-0.8888544699848695	4.0140824102525885	0.7805552386941825	-2.2066735817320544	2.653863088363596	-1.746090203107649	0.757499579842296	2.951412075278855	7.046966006363769	-1.9071357073381494	1.2145800357816285	0.2670610025874519	0.8134884598531201	-1.116487877793449	0.21998569341788177	-1.2696470482319153	-1.3334171930573135	-2.9495115041969533	-7.017289177926672	-1.318218110964703	-2.64587166727238	0.02755676350828928	-0.15843149560722525	-3.885222169106749	0.44204616936033125	-0.02328765981808002	-1.877435888437474	0.4720191642459301	0.377052979120866	0.9442078565542378	0.30186823931841306	0.562211471169962	-1.3063121577591499	-0.8855582534268657	2.6685554819425636	1.0009383703705486	-1.2138203970809267	-3.5738975867528455	-2.594893669146953	2.3743761585405267	1.1785214486702902	0.9339054000414981	1.3419136075565343	0.08772828263441489	0.9258037503967075	-3.938051347263372	-0.7562483868696939	0.4281456886176017	-1.6138481975088732	-0.5335274097415074	0.5386057842517247	-0.30276218065207605	-0.549362787181389	-1.255916443820789	-0.17313166208385986	-0.20866855370822898	0.2903743723570454	0.707974172297461	0.050392193997397854	3.422878727268969	-0.9326381924280969	0.3025497028870518	-1.6384455581996737
DTXSID9024437	-7.607579992763431	2.562005548664927	-3.513350882893135	1.862517338352456	-0.41849204922418165	0.03996603115462771	1.3621581462030523	-1.9421720917031913	1.5421244096805986	-0.35776987469220395	1.3765217346957268	0.4213813544243102	2.068226334990509	0.9916957915975899	0.8289534784528007	-0.9097272982592995	-0.42444605911576344	0.21370002732597623	0.9326471981071321	0.6727416244011598	-0.8557868075589459	1.193223667461648	-0.3677094049748801	-0.2682795881520743	0.6730788433825359	-0.1485616529561799	0.49403008949549587	-0.27218087163362337	-0.48985376155871313	-0.02840139930381959	0.1570193662310478	0.09663596103417692	0.5209759348627926	0.10063031174489906	-0.5407654515733362	-0.5281118001225412	0.4805740205813557	0.2467599130498611	0.4286783859576278	-0.21153516390907412	0.08499587062431999	-0.5734942231317337	-0.2673052271237327	0.0991713215889671	0.3685957070466137	-0.603622143334867	-0.1976387926032306	0.09447915833119248	0.30699724538066436	-0.03751031243161796	-0.2815283986787125	-0.0017031583740748334	0.17591869577121336	-0.20902770499290105	-0.2864664151217769	-0.21820335273639027	-0.7823263620626565	-0.4054144130688855	-0.39148700653165924	0.5776106508447577	0.02865935355196723	0.05860632843956754	0.37587820138657896	-0.5723910987038769	-0.21753189572157564	-0.7509430464370562	-0.5801593021095599	-0.14705040632180638	0.2082800930647166	0.5382960865481644	-0.26212689962748636	0.1464786549216254	0.3083261288533093	0.5160209705631279	-0.22814458985764657	0.11521003538086609	-0.3807740690757843	0.759126148643908	-0.6047874252733539	-0.5656285025074269	0.1343681455666402	-0.7794996096631477	-0.07512935415130235	-0.16531268766817087	-0.43795220341228025	0.08449170031894625	0.42814298495956976	-0.24643329756644766	-0.20282003325174516	0.516342902976107	0.23333426586658457	0.2176132402042941	-0.6642821505695718	0.26144343519123614	-0.24861731361074568	-0.3142076444557223	0.07639256713733204	0.08864820721681173	0.14578784256074648	0.18143602180381915
DTXSID3020099	6.644906023054742	-6.046163860828284	-0.03500571913078154	6.966880398143226	0.14223360655221393	-0.18402154728880865	-0.20047864994288545	-0.25835907636455707	6.663593601980113	1.457639703326249	-0.9102511554680154	-6.06289293860945	0.7853978698247067	1.258328122366467	2.072133808487053	0.9637362899454426	1.7534467950187471	-3.132107114795393	2.433031285561064	3.700339440509997	0.5770228014332401	0.052504640291796266	2.9746226709049934	-1.7449258346644687	1.6657443314285887	0.7348534823644818	1.6481579690433596	3.876626073879521	1.5670386353277297	-1.6891153916921848	1.5714184370246536	-0.6280049270166472	-3.3904834438385287	2.456123602635973	2.49483360598851	3.1455598999587693	7.169529615827426	-2.7662541366234352	-1.661702142652726	-3.006737344538859	-0.2973739255233259	-1.515890515854354	0.8891099294043923	4.572941500428971	-1.5966519349896864	0.4876260235386183	-0.38804425991749253	0.30620462972424073	2.4724097269971654	-2.812709031066548	1.4806880679669185	0.8991609932525583	-4.166344924997627	2.566393524910167	3.128916566365132	-1.1980799674607427	1.9353244041016333	-3.780658768957481	1.0027528807748298	-0.55757366803028	0.8655790688450263	1.788181146552423	-0.6600557327579634	-1.130785211786464	0.9735168854914986	0.4870498214458282	0.09360576559813177	-0.9048114915741508	-1.514945876277776	0.005989905725878253	-0.4090414102772912	-1.0789105749918122	-1.0168357785640214	-1.5272144457463448	-1.155837117079132	-0.23139158979550656	2.0353781236793287	-2.6266576393226435	-0.6505182543971325	-0.30529373591995335	-0.4480575532227275	-0.9597982331627585	-0.07085176142707918	-1.031170148228431	1.0473580288159727	0.831678114917433	-1.236971655646331	-0.09952411957638434	-0.7945310576850393	-1.2875038661252278	0.14328054741781018	0.48382273693716144	0.23518647932054207	0.08012019738239479	-0.41368934412241043	0.37609416501749365	0.0026602315322800606	-0.6955780979427003	-0.06605225843390526	-0.034011140911070624
DTXSID7048790	7.655261421892824	-0.14971859378613708	1.472372238768168	-2.5404999431551922	0.8643317974697621	0.5370634970378838	7.651034496435995	3.7369697407222215	-0.6110521238228298	3.072350321001235	-3.553287310063949	3.816095384875802	1.0270553723607498	-0.9157543169197068	0.6025846111909701	-2.446344494380024	-1.9543947460697029	-0.6183128411220362	3.5641122214374588	0.1879924865568793	1.938220798892412	-0.8069855305790317	-2.3977243609779553	-0.3024511429169182	1.8993786424860064	0.7066368230133019	1.9383294131074056	-0.864032631847026	-0.39158826742960523	0.29037576445547614	-1.3512333685096087	1.2760894530713576	0.12860081171786078	0.5902585372759604	0.012537001849038462	-1.2201441693803952	-0.9249664347916636	0.4101370085149115	-1.3229352272882822	1.0600404501561138	1.5899767015714708	-0.6863181052069949	-2.8085417972151574	2.044664359263608	1.0981565620789462	2.73563042129093	-1.6915478688302885	1.954190263340996	-0.46637364980207885	0.4782493706610124	2.2357772516407373	-1.2569036585488376	-2.0214050373606343	-0.13748694611644074	-1.6589151760345389	1.3434104464781582	1.0685859742784196	0.7418040101128847	-2.1737531100445158	0.02685349505143004	-0.021517820605664793	0.05912118413912801	-1.4825818571493288	-1.1973689492459167	0.7945308559779788	-1.8825564260256393	-1.5108193177703677	0.21853429061150054	-1.5774749597519218	-0.06579026813329321	0.6388462291707366	-0.41753960249265787	-1.1111739028230825	-0.474414523711503	0.12804505841748193	-1.1726987021725392	-1.8706747593264093	-0.1840274871613976	2.2884912630943255	-0.4083744114422039	2.726057549289754	1.4098020410246728	2.0397601596654784	-4.622283774114869	-3.528813647266115	2.6951348550527676	-1.1515578745037727	-0.7873564372337224	-0.11406057652093625	0.30200298263363445	0.6864659792395502	-1.3249887306313248	0.9892408943580514	-1.2843454214986088	0.7189146094330042	3.6552754449869678	0.8398166942400682	0.4066738071988091	-0.6476893479288103	2.2083302426408427
DTXSID3020596	-8.081304335836277	2.1742679778276583	1.038281173246985	-0.6193247704955902	0.0007613535215704556	0.6175197944144767	0.5445229648798132	-1.228606004712324	0.03343226508986867	-0.08768595061933777	-0.7348167258996016	0.5372399490194933	1.8079617757969149	-0.3616504640970658	0.17278254802191736	-0.8966761564978304	-0.9132998585545163	0.20870333973124236	0.3295965186619551	0.4410640855088049	-0.4729527763321836	0.40814292900608506	0.20872528497864032	-0.19901852844641885	-0.37462436987342695	0.27859451766089716	0.23065821889136193	-0.4706378141326936	-0.029473233328578177	-0.2824924426050722	0.4973440096295255	0.05006434328838751	-0.15233801555909782	0.2800756912193177	-0.11561680946922917	0.044770164227510754	-0.19999306798980454	0.48847694698608657	-0.1689618152050344	-0.03234897599163585	-0.03890428396676841	-0.08196624173470105	-0.23047341965702517	0.24169656471800027	0.5978689608521417	0.10927344735205403	-0.2053037792637602	0.09500735833434683	0.46078044113951555	-0.3957334686950833	-0.09031858496411443	0.10537039410549431	-0.20502871359576144	-0.045033402930099116	-0.006427305734937481	0.1913259658744771	0.044071635596940655	0.18078562537868295	-0.22147590337112555	-0.027598056392963106	0.20703054988721042	0.15552996800887384	0.08962880584591608	0.3272797760376691	-0.19039573494283427	-0.44125509239964117	0.01683264418159613	-0.18970573335483368	0.18549260027672246	-0.10641256215424498	0.524992229173055	-0.11230880034822091	0.12007549499005857	0.46131909670671606	-0.2047464132033829	0.46804331070144234	0.1738314299645831	-0.0675864435445483	-0.3749165178644856	-0.17619907143212366	-0.09157945333653486	-0.5067251963971696	0.20019454286368235	0.008066466079807036	0.3833065566993333	-0.013387376794996996	0.08197726101950054	0.25256287076186146	0.24964418940303862	0.24406176789171524	0.04329703060303992	-0.20660881059875344	-0.34497855942602834	0.268497913433466	0.036805879699096676	0.3403982804168632	-0.13179883310156598	0.32409775088484577	0.37251601712897026	0.04420904326696388
DTXSID9045552	20.31022822761322	8.50038505522765	0.3944975018910086	3.6063088718903713	2.6731071959231807	-0.9136838025160552	-5.842822413334734	1.2310247208144753	0.3680186955309914	-2.7210897283368394	0.1927878112064987	-1.6956587690875067	0.31760688262035547	3.6337563122557754	0.7725741122562603	-0.1547440735757876	-0.7005705283840975	-0.8377157952801096	1.1932509520210313	1.7821813689444355	-0.40046384646170446	0.7733861956125437	0.5948655886031347	0.8880702463793737	-1.652241888969464	-0.5855173757223425	0.7425278642573272	0.3034758855042677	1.3576115142758496	-2.314687703933419	0.8729445126491752	-0.7057736366789407	-1.5863239734992762	-1.7111015461710999	1.012183834268984	0.9277575270779573	-0.0780470249245977	0.3026379583236891	0.2186687492233727	-2.100538587485455	1.1148297517444623	-0.33386780357790885	-0.006867480491872589	0.33987097192519244	0.9291502628040832	-1.019786875148005	-0.7722243877590578	-0.08738039828041112	2.1075611762167106	3.4123513492945956	-1.836402874196306	-1.0182537096736572	-1.80910218173814	-0.8958579428913704	0.007745768551574243	0.5782101511844535	-0.02935150340269353	-2.1507625464259896	-0.9403486942183449	0.6414842003840773	0.017134743749430244	-1.8364546760430958	-1.9431872417488052	-1.0243945945666133	-0.19321349781213323	0.25384994931186255	-1.1546274922631832	-0.6155914934839037	-1.255913773746778	1.6690823547414202	-2.2371255241494366	-0.10336662970895157	0.08354278369586003	-0.34582546568221784	-1.5894879653613663	-0.7336503439651195	3.8563879681038933	-0.9832823730512126	-1.10540451227096	0.09998980131409742	-1.7256858596668758	-1.1962960178336495	0.06136054336830613	-0.7222510376390086	-0.18377796968473256	-0.309516605831981	-1.1011781015723037	-0.4027280335884386	-0.3857525278588208	0.2506863574531133	1.4264208966741023	0.9609298556272781	0.29186297953000695	0.4685280300715347	-0.04059502832831113	0.7627580826084878	0.7971330808792666	-1.0563341016702688	1.7077209280986423	-0.1574579842842382
DTXSID7044340	5.104838311406835	-6.6217459766232025	-3.3623910550598723	0.13521988030838072	-4.796865166454003	-1.6342560601226113	1.0573742471367853	2.2590072804511165	2.6512538359736646	-6.604345032048067	-1.9284225581100407	2.496967519992296	-3.0609824632735085	-6.366619689968083	-1.7439197254141652	-4.226703359129991	-0.494463951569504	1.791948333498239	1.7812107257259244	0.7111730654136569	1.659038386502125	5.320854333298896	2.573530498256251	-3.7788348361013644	3.402660116947384	0.8715968132383661	0.7799231617661939	-2.702809253639167	-2.5622953657522114	-2.2727323104822914	1.8494409257027495	4.261802956684714	-2.90172931689893	0.06479372771367779	-0.16244228672717836	1.065430276079456	1.2758745281573494	-0.19326903340508986	0.2739139134082278	0.07680589216350395	-0.4637154906525803	1.6394672994301778	1.1878986919608612	-1.094815214164569	-0.28268943568448685	-0.6994523793932634	-0.43897120017407415	0.9953787888278044	-2.317003654317961	-1.190674233257832	0.3408386716852368	-0.9023236487082831	1.2412480471708323	1.1076857947025407	2.3522604532826183	-1.5505317559137848	3.2424668188298718	1.2961948156985241	-1.602325590651569	0.8435604315660502	1.5838518418857137	2.284313274474232	0.22241993104209554	2.0536553253695056	1.6050172537598626	-1.5706739463995374	-0.8222691834936282	-1.4335276073733274	2.2936590803143497	0.8700276657376886	-1.4145462647679694	-2.400377539732316	-5.553479616759252	5.176758516851489	-3.291388096850817	-0.6939723330409951	3.039819218545464	3.717320556416982	2.971311394544638	0.11043420915626952	-0.17706013019869427	1.151429821345464	-0.24397263944703623	4.342177950960047	-3.9110894243096785	-3.315659776113199	-0.07526346528444766	-1.2908252221314864	-0.38011634144520967	-0.04680244106094223	0.5301507689193927	-1.512180861769508	0.5816826234928077	-1.2493242580461357	0.20291991435624643	-0.4706780052293052	-1.303034469771643	-1.737437192122844	0.21287373072152013	0.12911841956625345
DTXSID0046773	19.319775572531626	7.038425168490981	-4.302348720571303	6.574464865806242	-3.4456602207230813	-1.3065125120755818	-7.97480059857843	-4.636893016516442	2.3968458864822804	-1.1020534548366483	0.7936001408718798	2.785492206620651	6.5139229295725665	-0.9094229658238939	-5.613211390042178	2.0621875351357324	0.6319036047298983	-1.1214291959242817	-0.6449492689181733	0.06141813082965538	-2.9421662271256714	0.4681959394755948	-0.1217163654168412	-0.3656690617792269	3.7628191712379544	4.672225059136268	1.809215891271016	2.822694883576504	0.21874470275256244	0.87844143165263	-0.6050794749791657	0.6772439161500463	-3.618386670577388	-0.8783740943176394	2.002919982692441	6.1753052776030914	-2.011653746917272	-1.6166809721139939	2.274815822307814	-2.258580211793548	-1.1256276557931082	-0.4109751736993518	2.3713538583487432	-1.0307100307694608	4.666934594706762	0.4501543550122316	0.6571583129337646	-4.441256543779728	4.744746913514142	1.8987338213069935	6.480546076809598	-0.4897038349788611	-0.366292432502175	-0.05193596346097897	1.4965999016302143	4.982447292131047	-3.820113602448651	3.4188987336147805	-1.3658514469514051	-5.020039767586151	1.1602003884036636	0.08408970981332804	1.9150758861237358	-2.234669300915359	-0.19708656803268795	-1.7857931689821824	-1.3907192781609385	0.880520678396738	1.059802798174136	-3.416021095582435	-0.5590222671883757	-0.6156313615784156	-0.5216104582058497	2.239749536599488	2.8555235543622914	4.206524212291005	-5.234820424614824	5.166986141589821	1.6842566430800907	-1.8870546041794818	5.0636643502731316	5.185591690120221	0.7350410575486095	1.3427399124802684	0.08351072103019967	1.3835034821735006	5.461116581378283	1.019809720491891	2.0870961080665555	-0.6432450881169453	-1.0667294250789965	0.8735822944325384	0.3912827936736042	-1.0104499414052168	0.25045295583166866	-2.0749017043156703	0.938138534874838	1.660669992519065	-0.9846390000118586	-0.808442822098855
DTXSID6021799	-4.501581533381158	5.298229675956195	-1.290871174976405	-1.2510504464907193	1.846706841512101	0.1553775844848175	1.1581332899672587	-0.15997868749496566	-0.20397189554381423	-0.5012912352771701	-1.303807835991868	0.8530101750970986	-0.17685915757041215	-0.601657588212146	-0.3427060516173062	-0.26986746476558654	0.2848100240596866	-0.5043872143882685	0.3756963815972753	0.24525327719996218	0.041777060792601434	-0.5477859885189081	0.20238651828758386	-0.49079589186014044	-0.4885574737178741	0.3715466965841438	-0.18593453060119935	0.04193097647453452	-0.3676611968797849	-0.41614580695896997	0.08319017171886649	0.042136948273578556	-0.5211551821166475	0.38613570258340907	0.20070767743654586	0.02494168156986373	-0.30728045739025395	-0.22363886391650326	0.17387038220685588	-0.0643602248578297	0.23829365179039422	-0.0743346007458668	-0.3091265930213884	0.030332468931291393	0.5493671732019998	-0.46225837207837234	-0.30029988634739696	0.06286463821354815	-0.5004964862282255	0.16469520483665645	0.4016771906550863	-0.14680471241202583	-0.05511126865308787	0.13985952329638365	0.782628260861262	0.21696193951603304	-0.30426415294436954	-0.4261215322366153	-0.6052302646804961	-0.08862754571822523	-0.9126336287211796	0.4963846132228308	-0.6632580310087749	-0.11794826999674093	-0.07315719971248502	-0.2143515744300222	0.452538964512213	0.8978112668036046	-0.4591897363205953	0.5595623225542029	-0.14147866558298147	0.2010834473962507	-0.07843103933046106	0.3098526789519633	0.8063381824409259	-0.6786817204562609	-0.04637567302124093	-0.04869301416364272	0.03736789355271346	-0.3110608086983579	0.6905940264691975	-0.16963801020364339	0.7905494827851124	-0.6308990617424417	-0.5705575324018975	-0.27996512936524187	0.15583341209514195	-0.2433407180028604	-0.3216620387762831	0.44175257269783674	-0.3551619986046551	0.5374598548712871	-0.5232212997306913	0.14963695631662938	-0.14992539254256784	-0.4820165495175956	-0.6120316412256427	-0.005599596829120762	0.01843610489342961	-0.26316694386298856
DTXSID8046404	-3.129250576483143	0.10374168655671652	-1.0451572300139864	2.0225066979532857	-0.6470987903008982	0.944424360501418	1.065633080335861	0.09865899267910183	-0.4029874102286428	-1.2481121877286838	-0.22811600351647282	-0.4529728650258923	2.6272298190772125	-0.39046323210319595	-0.3004142092616511	0.4143209355581285	0.6150834030682201	0.7091319716666221	-0.44011284889211183	-1.2325231534457912	-0.2510420876229641	0.6362869876150637	-0.1658224362286956	0.30287659238845716	0.1658558937436958	-0.17429516621046062	-0.4565769722434074	0.11332995547591332	-0.8444669482999212	0.8581142225730789	0.3222386423652459	-0.16740464499531388	0.38676145768248366	-0.15410793226178623	-0.2305129475908872	0.13509148389211215	0.5183797450562311	0.9579328861174085	0.18201338739091757	-0.5361940592396031	0.5165946226334125	-0.7047615918893045	-1.110768841342711	0.18874168549250078	-0.004188561209282467	-0.18935214836094375	-0.15393107927675145	-0.3214880743847908	0.999579904586633	0.8219637241430652	-0.4789109344454211	-1.1085984159106765	-0.8441061582110347	0.6595381155974734	-0.6376436397879007	-0.8237338324979122	-1.4567498479748915	0.28577408469231985	0.32780570630444883	-0.25696869542143214	0.126833561892262	-0.2968057344565145	0.35929961097633595	-0.17344410765425247	-0.24393450343892784	0.3543468760716331	1.0262375079912631	-0.4706153967478534	1.0397791358061024	-0.09876903968926833	-0.25580443188322244	-0.3099055140661246	-0.4130226510713151	-0.13645599952635473	-0.021691545333595207	0.472650432633755	0.42812052398314027	-1.194838051526366	-0.8414449111368393	-0.1440391584184089	-0.26970766066925644	-0.8445284208631152	-0.2890436851704171	-0.31786031434119605	-0.08794572268397553	-0.9392125373195653	-0.35259240024344113	-0.3173410897992344	0.7260187434724528	-0.18789305599735998	0.4705316740167203	0.47061352405332213	0.5438989342861613	0.6197457476271616	-0.22490284212115666	0.36060750884844894	-0.589668865642365	0.29413615994083286	0.5809897519810718	0.5634555156056028
DTXSID8047505	7.098719297705848	-5.761274023377052	0.060221351933611604	3.1402994316200075	3.45010465721559	-2.0089536081468227	-5.598142804500803	1.581994252951469	-1.779651121136583	-0.37461772760628415	1.662170443584534	-3.924033994656176	-0.5666572417014232	3.9448986353320126	1.1419342150942848	-1.2784151840395332	-1.706423226355437	-1.8363031743648193	2.1694081579353126	0.5325636955682207	-0.2758937641440866	-0.1580511484356084	-0.5480928177482228	1.1458945922938863	0.00864388636009457	-1.3185573665136954	1.389307421040128	-0.4603044868640053	1.2963314012724942	-0.5121860672619665	1.0480123593983663	-0.16870456932500447	-0.40529929803643583	-2.906739221420664	0.6421405272869861	0.9932680930474531	-0.45763246135110436	-0.10666457703183516	0.47917297891100297	-0.44491524307092173	0.5673735391687322	0.8022488883749345	1.1916322874807492	0.6241101735729113	-0.07544048198826019	-0.8441116550631685	1.2286080362063343	-2.0742635265310523	0.704876883429438	0.3241838364818194	0.2995321580910633	-0.09332163640580643	0.18988865835547208	0.08839836633022191	1.1435895179411268	1.7725798670960635	1.6071674519595436	-1.6080616304401165	-0.9993013193847087	0.8198799476607233	0.19387614348349108	0.7769021190752484	-0.5574251033766817	0.441751375858569	2.312772337867645	-1.741099718549059	-2.789747546925697	-1.8425256053268873	1.5415186774916216	-0.8803917340003113	-2.72914825738815	1.0135622934102544	-0.9990369044706072	-2.563199715066757	-1.226196597433829	-0.5990768401045888	1.2484972420565725	-2.241560240657447	-0.6896823457023284	0.9254244177319896	-0.865997771994275	-1.1227401766318865	0.10143626398594412	-1.6715872266078808	1.1937412665400455	-0.6849107101758638	-1.641793947422592	-0.8820228510308163	-0.552511724032634	0.22260055873889376	0.31366489133235953	0.053349396882535816	-0.7054979981958086	-0.6474277890639752	-1.0509833644016036	0.688230851268324	-0.4022180193371783	-0.2715743460822522	0.2778889386662075	0.1278848827193278
DTXSID4046521	-0.6371550158611534	-2.0710682409897228	-0.9426901906974566	-0.03323492526240453	-2.5862405615787836	-2.2929871242611624	1.4975369738435718	0.942832877502007	1.9648810110434975	-1.1142284610172395	-0.1207025325204752	-0.42111264152177835	-0.1629632960001264	-1.1128442008695292	-0.5622732569456893	-0.772125364582761	-0.5627175570200186	-0.279674406172026	0.7426266524768051	-0.20286895615877543	0.13732864309214698	0.28663977135216123	-1.1857460007746685	-2.2042988814019857	2.3732472228344004	0.8339741616333386	1.8352448928385683	-0.07750912365559504	0.1868873703066039	0.7495587003715095	0.010107460315978839	-0.5279898375497765	0.9344491939349366	-1.2218721689228274	0.1718357794095322	0.23101432286387846	1.3590990745639477	1.0669056934129095	-1.1164304629876785	0.4339105158187261	1.5468819086274985	-0.10513348546964585	-2.1057164979022103	1.9653937759728517	-0.724422946408972	1.1256236981584686	-1.5069270849601835	1.5031461426627932	1.6929685694594399	-0.03316378435461493	-0.16517098053063192	-0.8873897343638597	-0.21728886299564135	-2.963896370126053	-1.279956030782014	1.686588517426638	0.561022597983489	1.4298858666779846	-2.1715549825652403	1.1802466235934674	-1.0904464564573413	1.2622366871221091	-0.4600903523309726	0.3496844601863223	0.13687570840600155	-0.4183213017859125	0.15989077160148726	1.2422183933580113	0.29979839976523387	1.8305908935454536	-0.8883803249101214	1.0321867309882682	-0.4267906401687091	-0.05520301818518639	-0.8137020702186478	0.29451967673659707	-0.6818444954217622	0.3975757490519817	1.579464345171426	-0.11411679331995347	-0.15783863289972308	-0.5106644677570218	-0.6531445297267753	-0.06567620106658403	-1.0834156211666957	0.18858802438526015	-0.3676514015122496	1.1552597110092204	-1.716060880752338	0.21189410342098286	-0.5103782718668919	-0.33290685658655955	0.6645322104955389	0.6030127082957671	0.4404858609033201	-0.8558488003272355	-0.9668359969017492	0.1664285265719778	-1.280974849649428	0.6154545268094305
DTXSID7052652	-0.9799882874568058	3.8350518948209578	-2.0487588008622306	-1.2909666449835033	2.7310653469205732	0.951968510171543	0.34768292154681274	-1.8973886863137681	1.592916218220997	-0.5901993762266853	1.3272952094727513	1.1244329623258933	-0.054302425022930575	1.2030130152111262	0.7237459438063184	-0.2787463848259681	-0.6503995495059662	1.6277916970864093	-0.5265496680137126	0.8083944221139986	-0.703049568897541	-0.03712983156956986	-0.9137599621843611	0.07512081716204111	-0.4703482316682561	-0.18161950944891228	0.7749861808795807	-0.2683517848210544	-0.16730735857446405	0.24241710732229435	0.6604740043747929	0.6641323245563541	0.0657622971989921	-0.6246671595986945	0.15330333496243492	-0.2375915707315008	0.44657313754747224	-0.12807623129140877	0.34044755446109026	-0.5215152335417343	-0.18020754435438102	-0.9688193604050946	-0.053445492856412695	-0.006682648230384248	0.4372999434329517	-0.7394821330452789	0.18665516983288333	0.6118305054635266	0.25411572263914517	0.2889473917610113	0.0764409592348837	-0.23129591698638463	-0.15009102583650155	-1.1383448244015228	-0.08768587573614524	-0.5510669932610641	-0.4860132040377479	0.014189059044135695	0.14528428278716612	-0.07129055327462867	0.1927438696635351	-0.23851450821016615	0.10580930119864883	-0.2367714558666573	0.3318696459314603	-0.00018488608143754978	0.05422857411508324	-0.20406136233861194	-0.33944184645671205	0.6023127821638048	-0.7420755042418117	0.08621448427381438	0.018703131928474694	-0.06350331782014561	0.07172977099154067	0.15075423360028303	-0.1571579208031625	0.24036438615571595	0.22792232677904184	-0.23251186922316022	0.06253536211269478	-0.3800104415365028	0.2248559456890706	0.18705380032229751	-0.07802310136924971	0.40772880972513875	0.23303033478136922	-0.01432496399835943	-0.1886110539080826	-0.18791586671174584	0.2502958493707335	0.04438547480145501	-0.11049821461377518	-0.2378749841501838	-0.6620835146657754	0.0005980980632411031	0.3275712864988051	-0.35425841293844523	0.0479776534736908	-0.4032193346653487
DTXSID0023581	11.469405713928499	5.778973179343954	-1.1108247264003561	-0.2460731296305495	0.4763339796984438	0.9169313455575576	0.9010962611038014	-1.7382299082451684	1.2343842203136888	0.19829084997603535	2.308756830269755	0.427626746823115	-0.6577677062920296	2.0407571050325766	-0.10742278977597261	1.1474645128526761	-0.8644174485054863	1.2058517460943683	-0.34462928144036054	2.4216093203724753	-2.6222003509536567	2.1994575022052874	0.04496190349270749	-0.583877584956117	0.548999668949731	-0.15172366638715828	-0.6187572061562739	-0.6505866610832298	0.38081930707276124	-0.4302107427746372	-0.4210297009222728	-2.7514643650713126	-1.328871795657978	-2.111304935049732	2.026056857818004	-3.442926250635871	0.5746670544572648	-0.5451145032897742	3.945778503913451	0.9431587965728991	-3.7194477468199993	0.8147752955775879	-1.4230306676684166	1.0539077163689263	1.5814098533026153	4.314207109487885	0.7458448250242239	-0.9656973362234689	-0.2931820602518038	2.4949429233178884	-0.4523577127768157	-2.069168387427902	-1.6492720856214935	-2.26764624695748	0.2334144938106535	-2.8450669491031038	-0.1361185706202014	-1.2452881115861207	0.063964804974191	0.5302637884407968	-0.20769720316462656	-1.746170983805396	0.6286526775458513	-1.6823291252953598	0.46008940800576115	0.15446930884014223	0.04673135938565228	-0.5897319403522546	-0.3112095570369994	0.749477449442742	-1.4588440382911652	0.37606152419795513	-1.151748569401997	-0.29873543187023777	-1.4828914819214385	0.7658281892909421	-0.1108463969650944	0.07142207545515566	-0.6455994761772995	-0.08288156084102694	-1.1662987890902705	-1.0056736433010174	-0.7371318521684586	1.0619667348507167	-0.2619926890563216	0.24888233706013158	-0.5707608787703786	0.7272224776291774	-0.4147857613665759	0.11000584673560383	0.8832930186535302	0.5718265965149124	0.695273939677716	0.32182254849741465	-0.29335404042872953	-0.44015320569423394	1.1171371055863324	-0.10181916532603881	0.41295724801770156	-0.7614191733201946
DTXSID80380837	4.165159402948406	-9.829431362107242	-8.69644538041395	3.1331629815360857	-1.9326791353436739	-0.7029197021361574	-10.00131293605116	-7.624299397030357	-0.3407194705402743	-7.369207994680968	-5.4647843357904895	11.103604148901793	-5.117023363094313	-0.18974079833825144	2.9647459134153653	-5.386315529875662	-2.449315997869335	-8.92084642719798	2.8972449621741787	5.7155708060295884	-2.3140936520501443	-2.412619763251532	-2.424143765538032	0.4836434959482043	-2.8452530557258298	6.098030168919819	1.1821783348277184	0.3305311050000275	-3.269690781092975	-2.4574289518901544	0.8129808694165955	-0.149121804910194	-1.9268070272246256	3.3053783581420504	-0.6414124422303795	2.4526515653304535	3.593368706840097	1.2412587199795933	0.2439860091671784	2.5714394811178694	-1.8074106563540178	3.3270923322923136	-1.0708347524395683	-1.507433286482542	1.0504277801958013	0.9445037869356635	-1.6640345705405615	0.4937747344748549	-0.7477738020585714	-0.2027971403995798	-4.541000615593319	-1.0741472662681457	0.9839066134741522	-2.094194781003902	-0.1296663533966824	0.8011255892020532	-0.9555771138542121	1.3051288801530172	-1.216677862244928	-0.7758230369028654	0.005509618800226978	1.5076552468314226	1.960896603005422	0.44092680177945115	0.5289713271774082	3.4167614235086994	-0.6773244829800331	1.2783574725042064	-0.6781950780650525	-0.31896915877917686	-2.8576994900156563	-2.872987779352251	2.571849512412917	-0.8482306019172716	-2.1234250313087406	0.5395129937054324	-0.6236282065122337	-0.9490769800988567	-0.11949351572562991	-1.0345834603828126	-1.163243066935265	2.321023763922988	-1.3227600032176432	-1.907063086439573	-0.7621944007591005	-0.8784016674566392	-0.6784863757319609	1.1599142101962683	0.2608221719606848	-0.6149883940216232	0.2704087784275185	-0.13918087029176687	-1.8455339094939662	-0.988921385816252	1.619192289248677	0.42668270174396816	-0.3781154927855339	-1.5711391623176088	-0.057750771540591786	-0.11816503092699737
DTXSID2041672	-3.3743397938052935	0.06540485955649374	-5.09653160867666	-1.5058941364927327	2.890054140289849	-1.250669545208998	-1.3418175312277516	1.9570191568967843	-1.6506650360410258	2.751711126573324	1.8161690686419603	-1.0174992198707231	0.44784675361668613	0.053537898936871255	0.30211352331136077	-1.3383486957002972	0.32617498377510884	0.10110905704842009	-1.468910227190596	1.0107863251171025	0.14979635870375538	-0.12908039660338785	0.6044594080284005	-0.5159485655564438	-1.3354155685206912	-0.19255466938380777	-0.5254384600192962	0.04233581005656124	-1.047129924878033	0.402710732212941	0.5435641166655136	-0.653030375697089	-0.02455509694435368	0.44339351728869064	-0.39181025396200625	-0.06795890726380516	0.014672987661428332	0.29930696780413724	-0.41169367889179287	0.9297599409552332	-0.054102807231034084	0.7090210269227789	-0.3695101748608656	-0.536043778020567	0.12355745291155738	0.5181699960135927	-1.365828152562132	-0.833223994614579	0.19557021312343068	-1.5043733492567428	0.9715122207865969	-0.11490823561980318	-0.7044648046644395	0.004294415704216143	0.9011121038926798	-0.4695456767566996	-0.8545040279814555	0.5649000826084126	-0.48524625198025245	0.8947092797829338	0.44915647673805087	-0.30262006507790773	-0.08649729145682933	-0.2970265339734466	-0.006738409717180732	1.1685870673853425	-0.7287788391985809	-0.08919580660820317	-0.009085048569282158	-0.17415479988286048	-0.8536046661403093	0.28423073361817364	0.46139714085589323	-0.5539991551847462	0.6002984992017167	-0.986280502658859	0.2523500729989026	-0.04667454492078861	0.8120419536569058	-0.655597316745039	-0.17837441998962217	-0.014529802286326898	1.2005734721460573	-0.5690325950730265	-0.8831452816303412	-0.30207650739573283	2.103758708620402	0.06172480928533299	-0.28568860918982636	-0.775845353646915	-0.8267834697858963	1.280897312275737	-0.41130005851895257	-0.40267310323888894	0.47085509274219356	-0.17056328000676127	0.0002979608113074799	-0.8080959060345425	-0.789086402698986	-0.18628901759596092
DTXSID1027211	-8.923522784463202	3.9422507883389617	-1.1889149990504382	-0.05293670559855153	0.8062246854572191	0.23076490995380353	0.49365034995799906	-1.0329395869015394	-0.3108796374145893	0.09759092567422505	-0.58187661669731	1.2224993996531819	1.0913601580775187	0.07779506966367417	0.15415527967430298	-0.5430449103171768	-1.1285676170631254	0.32218008399456854	0.048081187414370216	0.5170432106302042	-0.5877398101767316	-0.6234441463167041	-0.43453834642274625	-0.2548538882749546	-0.9403119856286833	0.6183164867883235	0.6086819203120556	-0.7371445947055869	0.23728470131156174	-0.11055433705067375	1.0361370327558164	0.6708532396015188	-0.6153278336905456	0.0872614706107986	0.3277472510897506	0.2272289654239995	0.27529676937486963	-0.10259758250293526	-0.014498766420910848	-0.8015202443607723	-0.0928852431909623	0.32712070671396004	0.32261920372637554	-0.27834692838147457	0.3930529269220895	-0.194024914987466	0.44247957103235286	0.9458922607789014	-0.11795694093266523	-0.6313341910855002	0.12090932061416648	0.005031033371360467	-0.5476479463998621	-1.0353736821931196	-0.28217379821751876	-0.8402475862379625	-0.2549159309478942	-0.5766059461491901	-0.8454352953352543	0.09352808297999987	0.044843367265759035	-0.5468816408913596	-0.5324835597992269	0.20063360377026582	-0.14215588079018748	-0.2624793379869756	-0.4810956340733347	0.07387803737813145	0.017333476935902467	0.8077622818986416	-0.10487402211891732	0.02481854804220737	0.34502020713159315	0.5645012174519847	0.04288615317809543	0.24948927587715528	0.18075114870287565	0.80448965874597	-0.5901372400320231	-0.40399554150892464	-0.6935525145632572	-0.17439037953894726	0.19557160962099568	0.1916493717176979	0.0273405941142788	-0.1350786434335261	0.3167101454951653	0.11626553759449318	-0.3561151890938063	-0.020582424715059555	0.00011100579466533684	-0.18671653636553417	-0.18084324870765234	-0.20791043819195956	-0.2440981952115302	0.1732496971811927	0.11784929820587792	0.18210151903333538	-0.061846210734436094	0.16064126435482337
DTXSID8049208	-5.9127494181066735	0.5796381105155382	0.4578006387151998	-1.5135985800354457	-2.443886473129708	-0.9895263803599976	1.427866523237499	0.266750665846195	0.4419905710501992	-0.3853955256316684	-0.13183312335134087	0.19543215833962874	2.0712722667228185	-0.3925718438119263	-0.5218412098504924	-1.288473430620171	-0.3724403371751568	0.20123744912549765	0.9154972252942625	0.19658109933809384	0.06568931314541755	0.153149028042085	0.05797456672932036	-0.3582405926136641	0.4462131369096248	0.41494833002479403	-0.7544813044026842	-0.9989073464918736	0.15121249749491056	-1.0336739262599637	0.573082235809208	0.17856653113114593	-0.536418601467612	-0.6963621497038598	-1.188254671880511	0.5229920946122195	0.8397010194275143	0.8344411519706569	-1.1602973959498963	-0.7847991932337876	-0.1931253496454757	-0.004927235391205529	-0.13472087741969813	0.33279971659989366	-0.02515844595869365	0.4587915806528866	0.3311684719358445	0.14347713526570197	-0.3664321384275859	0.25960103017165365	-0.08912745990816678	-0.02874925523216351	-0.025417687842363444	-0.32674326386745195	-0.3076095538620395	0.47103275656839755	0.020054644657577884	-1.185730746092551	1.3312979372783074	1.0363285381131737	0.18611211968217367	-0.40486482628951775	0.4715007376946749	-0.007151760716103983	-0.6510008121369971	-0.9121275632791461	-0.9589917987754731	-0.29557890239871065	-0.12371657917096313	0.30208249067000287	0.390230492386907	0.1421933330514659	-0.6413354945040034	0.007340640296846755	0.11723890123027889	0.4381820221995072	0.09883732894494116	-0.4691949585810196	0.5565445811837438	0.4598043328987568	-0.32010219685264724	0.756073482518353	0.22979610120641672	0.4106494261238389	0.21129877880125428	-0.24873386677009812	0.9682974303778387	-0.2957758571052135	0.8305642870677415	-0.3719896906518906	-0.1424217702191029	-0.23311995181203013	-0.21378958457865307	-0.6921659401730712	-0.3222996634973015	0.2766694137198039	-0.5524413582530181	-0.20209117793821257	-0.2178604864395922	0.005401374616536873
DTXSID9045639	-0.6370254085979556	-2.743734284327994	0.7165474348664362	0.6825252756422204	-0.3779789230783148	-2.409496675112933	2.6472414525778705	0.17714661094252937	0.9699095774125404	-5.0545231707567995	-0.525345283965809	-2.243497576915318	2.5256265790536463	2.8108103259187622	-1.5240728884859949	-0.24065255007131728	0.8816770019277901	-0.13476290550191436	3.526747777505988	2.178008092704659	0.708470864337953	1.8525149910096632	0.3864457010748815	-0.08410003562441545	-0.00620557530905645	0.1253370467085149	-2.12100764786739	2.357094423840551	2.269032579929455	1.1438374069023636	-1.141742275841125	2.3861402795601165	-2.079764174719016	8.73600576182957	4.704150842864365	-1.6520931354300585	2.525777690410356	4.767828717491856	-2.532736929512124	-4.756509693586108	-5.682109746081127	2.5831274111216644	5.9114244729889265	11.11890329400584	-2.3558027854644763	-4.270802557298743	-3.341462667828394	-1.7520650080297622	1.7735026595135412	-3.1431450975104833	0.5166271624777082	0.41337931101743575	-2.2725043506414964	1.1432805093557945	0.16149251392835404	-1.7465377559908604	-0.8277967372881493	-1.444949493695823	1.1504106082066268	1.4174193976296454	-1.1328842601059281	2.205408010881099	1.456899937975535	-1.8425887461973112	1.7436774367476817	2.148523929227659	0.18821245380539947	0.5703909630321105	-1.3562115763700286	2.1646151739661996	-2.645171315417868	0.8977991073041481	-1.4558320963181723	-2.1082454798535553	0.5291445157633144	0.9045831088246528	-1.297032315488218	-0.3157127027857577	1.558382306262376	0.14464888722480757	-0.02217466177713495	0.3895456918724429	0.35820531225125307	0.31444973528012227	-1.8130066421994224	1.2381260686537876	-0.19764748024446085	-0.5032448229528179	-1.26922702376482	0.06423489209399355	-1.2403906947705203	-0.32603494379690223	0.6805676601796999	-0.596655410604396	-0.6324147121487641	0.28076907198136936	1.3078511465824176	-0.10053092406676008	-0.4471250997452601	-0.1294899808282403
DTXSID0021969	-5.307038896413691	0.5680199791828395	-0.44512174455339476	3.6725743887941973	-0.5166957977422502	-0.6231915475674183	1.5788010456286097	-1.5444345798599601	0.8443832126045339	-0.2997588886322348	2.253053193389495	0.006435790975950209	0.43641194964712826	0.6313380827470381	0.7113739446312285	-0.20655187144341303	1.3661662645921302	-0.3124898114647132	1.2587521539354425	-0.1768013472555944	-0.13687840474878996	0.3767727367972073	-0.6192542398619992	-1.0923686186442736	1.6553299812926172	0.7769122927804496	0.6624430700289411	0.9709205421760996	-1.286863349143412	2.995472632299554	2.1457698244236862	2.5094980662261888	2.4603402169994846	-3.0194760233058875	-0.14175836997619182	-2.2362811334777426	-0.5753574625607032	-3.643474286426447	-3.5461624649806396	-1.7314421331085519	-2.0184563135834788	3.405731392272403	2.1911273692583233	-2.484202243406283	-2.1041109927155803	2.956523802399141	-3.6518365884669053	-2.0792948808074074	1.7916816513605835	1.4488664223827954	-0.9084424266578508	2.1243262184847014	0.010410422359221747	2.8273295137524252	-0.529160338205584	1.10034834855942	1.5759215756428782	-1.1419376209654366	0.7175505878201813	-2.0432644200523224	-2.529469592355041	1.423969833200776	0.9223289987509135	1.599735969988305	0.03118959595152646	0.842822557119825	0.6898851614946332	-0.033315995029432936	-1.1217289635571257	-0.33963190812826194	-1.1083691952319417	0.45547827564972404	0.3106624856863278	0.6356277855802319	-0.6469814478115394	-0.22903280782033086	0.0790944198344221	-0.40226265399236233	-0.18779831211905698	-0.3113856955949431	-0.40975070650514817	-0.8946974726537644	0.3615459282793983	-0.10798265526357838	-1.2190290443368637	0.2921687514401339	0.6870670819615184	-0.05195486721834386	0.5808308708287866	0.6582963695705818	0.25575952744746905	-0.15901483365189423	0.529221702414151	0.28308983895214435	0.11562379869839338	-0.2173018338720209	-0.20541337233977364	-0.23944416836505786	-0.04134466282790818	0.1559269183827734
DTXSID1049229	2.1132185356027477	2.818886756799586	-1.2883623740428645	-5.08873019087334	7.363267903007377	-0.6241150364762182	1.9031700662731619	0.025143940634672946	1.0822772421035587	-3.53193920382696	-3.6505810561430994	1.9235194937922118	-0.07651760094247496	-3.0234268082176947	-0.7205640197562277	2.5769404175809343	2.4365166610738607	1.7727679915554344	0.6864220473255679	2.0670158345786662	0.8889911069326857	1.4646527584683091	-1.3795110437544698	-1.1971976381423124	1.7856342696257463	-0.9915871664734046	-1.602214324512601	-0.5227807486089694	0.48726486879910813	0.44056448147659255	-1.2630167765921456	0.8973669650218208	0.76311100687613	2.7776830014772345	2.1159664915126006	-1.034345263003262	-5.448750344089475	4.995356412012664	-0.1360404730859417	-3.042529915538412	-4.964598887692727	5.027442168110382	5.224941844419434	10.330496087682912	-1.5778209530087564	-5.970819283259948	-0.08649469610517721	-3.4979195061843646	1.3292063509169487	-1.4669880826335198	-1.1153200467925135	2.288594206964337	-0.7395560547109038	1.0392847036210573	-1.7917443177426948	0.36145635137604415	-2.0794392582737955	-0.43092272860598146	1.0105913350592721	1.5973529877713295	-0.46810443613358915	1.1568483125807962	0.4428034701104939	-1.4326744177321524	0.7761321767578592	0.7058179992491741	-1.496135994354998	1.5421775812086131	-1.4718668819581784	0.20491619229087804	-0.04051777125519904	0.3879716514811145	-2.0985950166653162	-2.232234180304874	-0.19401069098370763	0.1776864046313344	0.32980449166690246	-0.19571371283787758	0.5048096963214627	0.780566635288334	-0.5895229538172968	0.6530131360600037	0.10589183372759349	-0.0996219093761855	-0.5429552841288513	0.2765911445874039	-1.378454923030295	-0.428665593287702	-0.935565494751811	-0.2712878625424019	-1.3246474668255546	-0.8208392248965652	0.43357608821448207	-1.3419566620711694	0.7268068956335006	1.0577512827690112	1.1038862677261112	1.0005711565657354	-0.5677424048786536	0.2117555818021204
DTXSID9022655	18.108929795626782	-7.817261350373133	-8.308431299860164	-2.2602477929420584	13.47812890959049	3.3394092699519486	0.6448288174162989	2.4885829614519763	5.9199195916197445	2.454309420338542	9.480911371476218	3.1765110539417303	-2.783161235101405	2.826607099960671	-0.570092415217287	-0.04567975762046265	4.619433209900158	-3.154796199624495	-3.006085417436025	-1.4085134632868699	-0.8382410707568103	2.1530192840894147	5.7770760582842495	-0.1663625215116312	0.9790751884678588	1.82110150865668	1.017189071360632	0.9325416254122509	-1.0512817940752308	2.0526291598109467	3.454427675415442	-0.3799865723896251	3.1926507013429184	4.925467300640241	-0.25659766726122607	-1.7762272776671708	1.0407093169187556	1.0006396029303637	-0.33311572587256805	-1.6722491340563257	0.689558766258167	-1.296953799848244	0.7875565224262325	-2.6220669250379762	2.5338390302858484	-0.06850213580881166	-2.871326869727513	0.6483529834020971	1.7861038364036192	-1.662638169961355	-1.4791339749474044	-3.0200035911974386	-1.7380920788811471	-5.0533868025857585	-2.429610963553319	2.7666630299190147	1.13478396450023	1.4181157438097858	3.9628122577787677	-0.1804612780935231	1.4871675611789315	-0.7025633664082506	3.0631886015515724	-2.289177628261238	2.067982572546465	-0.7176796293286822	3.7587776368132797	0.5577353555273395	-4.494155450071843	2.1953349461518354	-1.8952123523412265	2.032247259850753	-1.1882202199483	-0.5270068435687747	2.872191125789734	-0.35978861467238016	-0.4540271285833586	1.941556469396625	1.454441803610895	-2.0577997571074764	-3.148282793782428	-1.6961111777666071	-0.9278918772806951	-0.40668715325653065	-1.1337675216064043	-4.079939757450199	-0.8261292717304357	0.7493179370887189	1.4979681706822878	0.05577446320058276	-3.293705265169812	-0.5650171252163575	-0.6903359338873967	-0.8327650962106168	0.4429026175038316	-1.1044552632149702	-1.3037661406996777	-2.2649828093766526	1.1404144292105427	3.428017053201124
DTXSID7034674	4.705027774541504	1.546545532362694	0.7126398860113938	-3.6760204861716534	-2.1068823250729998	-3.270271557189629	1.3672093619183943	2.0823088677480555	1.0644343412546593	-2.8854526392005297	-0.4958141908263642	-0.017809808073112183	0.25887737062864863	0.06924127602316878	-0.12215851536924792	0.7814452301194735	0.9718801029726636	0.9360518078214047	-0.03725374580290637	1.0063509511816837	-0.21160913632185865	0.6533043696574086	-0.8367298312895993	0.6902628593599021	-1.9382078003650678	-1.2762924572400962	-0.6329111537240792	-1.4076185736703513	0.03516619230344874	-0.07236653680354534	0.2541126902613486	0.4341351719011885	-0.6274670562005826	-0.542825487350911	0.136244301637792	-0.22128887389663307	0.22513980542795364	0.14003467647843965	0.6112167863085503	-0.15918013208595427	-0.7356566915469155	-1.7959714707451098	-0.12354990116639841	0.059115517847388485	-0.10412994607202737	-0.37897898928035306	-0.7124384433505989	0.7235427855166491	-0.40220126303932324	0.17232114402909954	0.08744661681392608	0.18421632903347882	1.3793333280669036	0.13263727915514162	-0.1985849870686616	1.0292154551294177	0.6232041241723957	0.5512691024134224	0.7892963510258074	-0.8842745881297346	-0.9649347512319429	-0.48665125277975185	-0.21400716335638498	1.2796053144213593	0.7240188546128439	-0.3388191434373152	0.6925239796871977	-0.06796507743120743	-0.21523585326796235	0.11836218331463928	0.22296358899043556	-0.5271156777702484	-0.030072383604322534	-0.03405498901996867	-0.17249305677010274	0.6003359475456482	0.06794215861679354	-0.08529729969296329	0.28125749571096204	0.03547937179431726	0.1998863336732479	-0.483719806937895	0.19794404060570067	-0.22957931606101795	0.5037748020843857	0.2982700263138163	0.1322798523380689	-0.8821706710815861	-0.16768767400274168	0.41221258519879583	-0.24907011949018334	-0.6012281997469213	0.49885540282625956	0.47929819924606604	-0.4141758091875762	0.39289267474763684	0.2657849801495208	-0.7874629933435624	-0.4104627278393988	0.06408539947715576
DTXSID4025743	-5.552555993995084	-0.1405416289168307	-2.040653527995771	1.819216662427399	-2.629022037414233	-0.13168957601659856	0.03887543652950568	-0.9054329193263605	5.921722872912829	2.885501473834582	-4.346436079392585	-3.5008459691749008	-0.5963769793897655	-0.05992015821333218	2.2284189661308322	-0.15168652861941306	0.9944488067303213	0.5151967181928779	-0.4901962688351789	1.305335388255838	-0.22001893694209534	0.5431006587409952	-0.5299636594997406	0.9054494855200034	-0.3606479598559822	1.522133281674267	-0.7620014336272418	-0.05452870429619556	-0.30389788023744524	0.41348519239641546	0.885339283423382	0.09141014303969776	-0.42845430275507296	0.6953948318179659	-0.26184260047017466	0.23905391216112837	0.954049354408566	0.2694866846081149	0.3215486006844921	-0.6270586074504152	-0.3316875447376861	0.42030000699914194	-0.23790198398031698	-0.307159973937982	-0.12111627019456424	0.32132744304580757	0.9261363199049707	0.13722561024393565	-0.6125931012192675	-0.28266389801562364	0.17517190677144923	0.06474388961476969	-0.8310669225320115	-0.05440314503042224	-0.8107162670284072	0.8725697084697445	-0.37219081191693654	-0.39079853090167144	0.43783077564617734	-0.16499297403700128	0.7156432333457173	0.13548012566307688	-0.23496635452290307	0.26547477751291565	-0.7255127101526282	-0.19375434198004624	-0.7739968031557063	-0.013384773292559176	0.3303766485648312	-0.32424580960563143	0.1991451677571298	-0.36063330455701664	0.27524716321157056	0.26476947624986136	-0.3939269943663909	0.3927008881371646	0.14914871918393885	0.08445808275705177	0.020342120281850905	-0.14169679664448542	0.11254929581714664	-0.0910094992075508	-0.05030650257775013	-0.29019981476594453	-0.11495013997859822	-0.20984337357646912	-0.04141413731161904	0.19866036606991985	0.2447451701689167	-0.10703532961906433	0.23585658632148684	0.28398955445262974	-0.16671383174009624	0.0130293377205683	-0.3947644723270469	-0.04939562939629012	0.15653249372103265	0.1489609725659301	0.07944169737716734	0.3161550843300381
DTXSID3044704	11.850063261642921	-6.217079675184855	2.1321165930186337	-1.3628943362514785	1.284585546636275	-3.5699366652034703	-5.052411806248828	-0.15859558480001157	-1.8180616300612034	3.0418875662269347	2.305474258209346	-2.3704339681253974	-1.2031466285780044	-2.493958838349894	0.9618026990421866	-0.26828124774305245	-2.546025892016714	-1.0279471782024197	0.2999500448395874	1.0700989395959444	-0.6160810087556623	-0.12709925662350716	-0.178592992998676	0.9844417431132778	-0.6231039339430068	-0.7008916097198565	1.3678128544286445	0.48240381063342097	1.7486982891207343	0.7461535783430845	0.31429963969818336	-0.9202844876935574	-1.0015883875619518	-2.7319950929982295	1.2158945067026854	0.7880795849840502	0.28371816237501235	-1.095767532551495	0.8651733491950989	-0.5603891514628516	0.058387857705415006	0.38860643416635443	1.6221757175312175	1.2637662710576052	-0.7773199181643453	-0.07990688401364852	2.363886949413526	-0.5746567139652732	1.3905293403930177	-0.8147703663094058	-0.5881401427394398	1.1064492641005874	1.414390545622901	-0.2754524250830749	1.3880437570155586	2.1341351320677435	0.5845304549164082	-1.633478702880551	0.025904449317978518	0.5732009396832054	-0.4378251282376624	0.9721040266350319	-1.0338469428940908	-0.403917498901596	2.115708499679157	-2.0186036358642343	-2.711282956578191	-0.9097929817149759	0.48498103376584806	0.4441576487300042	-1.0014935865926857	0.378140748926194	-1.637817857710382	-0.4502872900876627	-3.132743973795345	-1.5396108288449015	1.5698610445477905	-1.959767182561138	-0.6599825341003067	0.7131600564915749	-0.6877562520241203	-0.9097117947744278	0.09813581215583421	-2.625853853639374	1.8515730666375454	-0.3981206620674763	-2.148507612784373	-0.6000198661832817	0.5681966375086615	0.7533844017026705	1.4535343377791548	-0.5290188721395678	0.16958351895385357	-0.2029977347052625	-0.09629570915832075	-1.10183617754507	-1.214873203181973	-0.9280637430505675	-0.4869993961609469	-0.02129442739398981
DTXSID6021036	-8.211148165681015	2.850468866699406	-3.5800334870299437	1.430233515450174	-0.7867899522617137	-0.502956427137164	2.0297541623067548	-0.019788718808541376	1.2475963990315595	-0.4848095466328599	-0.08910748247586796	0.4336857187741978	1.6467714363974135	0.5869264092295163	0.32616034763634105	-0.52391615802142	-0.17298043552735382	-1.033066960010799	0.6939925285776399	-0.3908185333656488	-0.11550353181927993	-0.0002716323734204737	-0.19576452792053542	0.2318517860267244	-0.009433032269698478	0.14959811068914838	0.015932062553106086	-0.0912583332135647	-0.10995320886752659	-0.4648417049324878	0.5226033949930682	0.7813429208546607	0.09942284016827353	0.5900492122182237	-0.2378654505372353	0.07521486562292441	0.31333212758042683	0.5211186931994414	-0.006721406475596378	-0.12411104957502235	-0.29711800855026876	0.13753785103036023	-0.08231904556401495	-0.2944198625380029	0.2654874051137154	0.08398690624245532	-0.18582255746173443	0.6683404444043175	-0.4631964339220813	-0.32000682120972673	0.3955041850725336	-0.2112556273391274	0.4580434837887451	-0.3797560529893693	-0.538749850081905	-0.007042514294023345	-0.6528959014052053	-0.5246520703118542	0.3614308588961736	0.04707728979646105	-0.19275447337083249	-0.22831524089770497	-0.37092827585342664	0.004682751499948938	0.19547858409222865	-0.6188423326977309	-0.2170248371995492	0.40208310650279727	-0.12936162958522715	0.4978072352673805	-0.9113718572567082	-0.09204324277394825	-0.018123576176550017	0.03114099089753803	0.4394214894664226	-0.0416788929878205	0.15057082789439988	0.8775714704266954	-1.3876097495197495	0.10266837413263087	0.04838297146450238	-0.6729419830313521	0.5745710639110995	0.39948205118600966	-0.14423117431825558	-0.41131953585244485	0.2815624486459462	0.002529222151454897	-0.2230678220904885	-0.0010345487731208982	0.5547570286594842	0.44285649234271385	-0.5947869634108167	-0.12899498999254097	-0.2752540085859907	-0.23377101413254173	-0.3580000762014618	-0.34085727883944994	-0.4948618794274874	0.2561795217428327
DTXSID8020622	-4.667236779180524	-1.7183560456104972	-11.797585104562277	2.9412163029032885	19.047584508636202	-0.31542827408792173	-7.610742770081337	3.7640955464211365	-4.615175191298677	-0.014930661363467523	3.164455102549967	-0.0007028129330013241	5.583226623102977	-5.476949324309779	10.401554985184683	9.396485686490355	-0.07319543638096941	-0.2041919961964159	-0.09213889915858788	7.861482079028241	-3.6308524457476223	8.011073046377673	-7.935075120083471	3.160653589205269	6.703979942193858	-7.094229281110179	4.594033800989461	-0.5562542900042181	1.477270804486317	3.1362190363500697	13.773662562055158	-5.290524337682073	-1.7435813193340914	3.9152449978513415	-2.0312052033581756	5.8677787017627425	1.7952032242475584	4.8304866559349735	-6.333154432142107	-5.2000105148521305	8.057831512518641	3.9317727689954745	-6.331347574427484	7.61552599845298	2.6721216125185148	-0.6393494876161152	3.6992338252865804	1.3978732784602241	-6.5773106102101355	11.248701795923663	-5.557841170584572	-2.79334699756008	7.8485381432253565	1.0820219395516395	-7.288634100229093	-9.22153056445043	13.519856192169204	-1.295497274706154	9.730163714162362	-8.109986613428505	13.324319978547058	8.1738254345027	-5.984714220608252	-4.475102821748684	7.132747348514022	0.9595042411381914	3.125217107222878	2.5542905523660724	4.229024300854388	2.635934270058224	2.222888214922709	4.345008202782826	2.086432191417424	5.917550412225463	-1.2974836184078573	-2.822569388022289	-6.554844872953253	3.559995724222926	4.907029608408563	-0.2489271829653262	0.43312787612691095	3.1014944247826826	4.86485866909303	-2.6444342539696515	5.499571791630215	3.460286008833802	1.573461815267976	-2.5541647023031206	0.19170779263719728	3.4448761147155778	-1.8929242520455523	-0.2621743132305508	3.5337596884318225	1.5637933466775398	2.227888722012868	-3.496580621014574	2.5238915694499666	3.0888506927899684	5.884824145978602	-3.6536575016368893
DTXSID6021244	39.208304627919695	-5.973202419954945	-1.2960829807272827	17.23999789845549	3.8006697348106853	-2.5792542200604154	18.149823756108482	3.177316479926169	-3.4970957787988075	16.56727579038217	-4.978030790432633	12.479747457423024	2.5944669417747623	-0.897144298848477	2.9073019993898788	-4.479716570314163	-2.7836428502887807	4.258930650757432	5.18894943964539	1.3540841885355603	3.710501825606698	-1.6760993391108785	-2.1571179232062945	0.5149433210353073	-1.2025106351311665	-1.9525149510539053	-0.8699749460526619	0.8995248058419887	0.20884068830059807	0.7351821048232884	0.22845919698631922	1.0633682791949974	-0.14906546360942377	0.5871239161747287	0.087912710463625	1.1504756176077737	-0.303072481206322	0.7676740263879267	-0.6198044372899366	0.2063580352144846	-0.053684899590046214	0.12434928795376479	-0.2465162483678373	-0.19831414869920785	-0.08047480146414789	-0.06573767267905245	0.11647028722001872	-0.4165456105358982	-0.05401816393457622	0.2599499439330159	-0.033424552317169856	-0.599312785959629	-0.4949767987608099	-0.07164459852439602	-0.11483838175277213	-0.17536990046105524	0.6100135177705773	0.09586032591109056	-0.8476874999375894	-0.2992699337026366	0.5470384178806124	-0.5009025656821344	0.26449822534573775	0.05551510637560757	-0.3763625073520515	-1.1587528369598166	-0.09453742990638435	-0.42865011032558786	-0.3182768404040004	0.10636487064334503	-0.3096845692739623	-0.5006141170871653	-0.09315558239111403	-0.1151171035346734	0.10803462831220476	0.14622677694101324	-0.40007591005402887	0.032584480309453705	0.0229809254044678	-0.3367055756932314	0.35194552014607733	-0.2894854863489092	0.38834390094982474	-0.44763809834345397	-0.3322774264269277	0.3357323729683585	-0.09654565828620011	-0.13360106240677455	-0.03454268223367009	-0.08026198579813648	0.026479088507065537	-0.19287521250683737	0.06306106883867514	-0.051223885658825054	0.005888465624342651	0.3099115085330196	-0.02870468754059458	-0.009455856591187061	0.02743949859745603	0.09959092831141148
DTXSID9023706	9.828473667039365	9.813906525533016	2.1154381388223156	-0.07386948343186796	-4.485415385841898	-3.398332288927275	-0.3439211133232402	2.8778560070284995	-0.6687146319703822	0.0889564996605364	-0.29483130137969893	1.7325473294294573	-1.6126865464346911	0.9554087070945894	2.5873393720104096	3.530864030449639	-2.077807348556716	-2.7490481780442995	0.9592337625430603	2.0775378057746745	-2.590930023410081	6.09897660560167	4.045109839221895	-2.084055585748743	-2.836697020790826	0.9525029214821613	-2.5597843736507278	-1.1109962669130176	2.5463282144543515	-1.3935379716902432	-1.9072578790805408	-2.7922726996928855	0.40739405294349224	1.9491480988271561	-2.218127297677226	-3.064100812286334	0.02365800955317017	-4.804980688016028	-5.170383687781521	4.517381369475153	5.53967499159821	5.295864563254465	2.6493627684849423	-1.6383702240238551	-0.0379440990115439	-4.185482678539066	4.691903337167814	1.2652532433783812	4.3526877557048484	2.9175802233087746	4.734517409193061	-4.629555352336784	-3.852193738788314	0.4558962968676043	-4.168085118021517	-1.6996191324883645	-0.5178334333049066	0.5769987977043618	2.731564822005164	-0.5839565803042722	-2.4947086348483842	-1.3372818842400362	1.2029418819268256	-0.7089769213259258	2.325380958857662	2.557805924510219	-0.2666784297793997	1.0354790597556638	2.3590502953299604	3.002319213275773	-1.4047461145455595	-3.2138632054298384	0.42406163635536975	-0.5887428533020418	-0.07802077102139439	0.3937934628728479	1.1899886050773665	-1.2145902694702013	-0.7027573376171916	0.0960601699613511	-0.9042649045768181	-1.4671428754602351	-0.15354753601533228	0.05067300807171873	0.30214367020474625	0.644662154563938	0.20177800486354924	0.3288352313525035	-1.141154022723521	-0.4349611089653467	0.21842542411683996	0.4229575717620406	0.9856909532433565	0.7503631779452853	0.38843338268160893	1.0480740760742884	-1.341306893140666	-1.1100719307993208	0.8094612926785761	0.5939028703468966
DTXSID1034503	4.6222669873335125	-3.232943012823259	1.1030951952381127	-0.22526006144331287	0.3815824816044075	-1.0196208969326752	-0.8076321780380862	-2.891805650045408	2.8642611186794333	-1.0075857516262225	3.4184279139582516	2.8802017943555605	-1.4212681173307555	1.38072400587137	3.078317835877158	1.4622543370528733	-1.1115502934680979	-0.818982600474705	-0.5628185447528391	-1.201236365611031	0.25916457891142897	1.7048424218677793	1.8282694139794944	-2.5029083114962436	0.8448833395579541	-0.17776006057917287	-0.42336885229357324	0.9669094335341001	-0.1758344245797777	1.0135579258976477	-1.0330918735286665	-0.017177285024567654	0.8311787005988698	0.7449533673306449	0.20828994285158547	1.3299862674783594	-1.1061496777708653	-0.4015882861788661	0.3414755097041155	-1.2221934333876205	0.610468726016787	-0.07017501240034126	0.35622577041627995	-0.8877914231410376	0.7403074892698355	0.5751203661818265	0.37918940839064	-0.5358234447187507	-0.19119343948362671	-0.8900612823441688	1.4339044115850041	0.6016093461590123	-0.8097748722487762	-0.13293124496132552	-1.2717869762629872	-0.3325312084288176	0.48737622541347353	-0.7543334877306799	0.7723518999940325	1.118192583752075	-0.10771943729851124	2.3834061167461256	-1.49795203446787	0.40596061149380835	-0.4802860314392751	-0.8357913104904983	-0.04724215204388607	-1.236151986481108	0.47229926416225093	-0.004413352814206815	-1.0601124364734376	0.915303219105981	0.26114915643766545	-0.34824394573318523	0.7308450375734891	0.16992022740490614	0.29654720853295613	-0.8499132569795628	0.1356586935098769	-0.002236314460289149	-0.06344120312301131	-0.036556013132038684	0.5629091359846663	0.5412316524439693	-0.9956051800794072	0.4426857174920962	0.4683124729632069	-0.51186505489431	-0.5565682031366699	-0.0709935813011426	-0.12139314264643965	0.6057931582893538	-0.019143394053675444	0.11522147598803534	0.049418553142161675	0.17710989825803508	0.41290103654794374	0.5714441577765036	-0.019862258252684485	0.004292189540331787
DTXSID9042415	-4.014868018017135	-0.45274288039579813	-1.9457305453479465	2.1854755888730555	0.4728945781023648	-0.40911814614976316	-2.2868012598158307	-0.9364891729093834	1.1730125475369975	-0.6435682095578946	1.1005423198960134	0.6842464152594295	1.5190559278615032	-2.337547592608873	-0.3447811685850144	-0.12417474106135583	-2.191972711546401	-1.2597347283261624	1.471356159299621	2.080297621135001	-1.139198866316691	1.1335138102256817	0.09471314824480473	-0.09448130752488955	0.7352286661764991	-0.9514411791568513	0.4668338335419628	-0.4029322339940425	1.7365500500087028	-0.9385621560283874	0.8008558909796927	0.5199891004897153	-0.5304423611918597	-0.438294185378878	0.43199818045454674	0.9521647444085577	-0.10759466490795098	0.005315573764993607	-0.4502795749644257	-0.6942133543219949	0.4479583793779196	-0.262064467859562	-0.2121050743707898	1.1356146689251565	0.6040149088527088	-0.19174255696930495	0.38378699227804336	-0.46460695255220885	0.2441306209956692	0.09495670209479655	-0.5818483578027165	0.5832175434661033	0.004045163004108554	0.2174233779073011	-0.40028485342650744	0.7949817677663198	0.4742790498830947	-0.6533449724010083	-1.9829352799985596	-0.0803899157809069	0.7093371866139121	-0.12642863874607607	-0.9799710016315956	-0.5777513987584074	0.5707260289367179	-1.0515106660794595	0.038643367213370715	-0.07807620196724907	-0.46222047331668553	0.9467040995000136	0.2835838681417885	0.12263881707784191	-0.45253806621895976	0.4665534823506338	-0.6016474058120075	-0.19528997416080757	1.9390547484563996	-2.4802841272982143	-0.539412919213207	0.9847584338325206	-0.9664760689932189	-0.6317598269961777	-0.7953641430447994	-1.359285640977383	0.14360575560542332	-0.31261059594010876	-1.3825026546731667	-0.19665247094936167	0.3400695845408521	0.15971946827975678	0.28188498393793077	-0.1117140316342475	-0.271459725592246	0.03943831782783204	0.7597288878190785	0.5482576276703953	-0.5910873230640626	0.24339792435025467	-0.014604843961608159	0.3698713163081502
DTXSID9044322	-2.7007143743882125	3.7682705837772508	-2.048464946908022	-2.180217827789195	7.5665950333887775	1.0753835455892353	-0.7449313397860386	-0.08229970687002607	-0.9795431130987653	-0.4362524084719318	-2.8470850687428597	2.2839108162025186	-2.397955180451075	-0.28790428107357025	-0.17269573826339338	2.745220901080568	1.576718345413984	1.3358366489468543	0.1979931181642021	0.2255420288151187	0.6478120265019316	-0.003991656668425909	-1.3950662872727138	-0.29673209145649626	1.7527580956800781	-0.7244681827898996	-1.7161072521245866	0.20623242341357964	-0.27479252026815026	0.05493618443388408	0.9015440697801471	-1.1327879415839999	0.475600936489166	-0.7705459865919949	0.02814992606755581	0.9284417799463776	0.13721881268936223	-0.259556577717436	-0.4113173691867741	0.36044842014675577	0.13506493259817476	0.032020289210803105	-0.8688760093530911	1.229372062536409	-1.0269281595847009	-1.1748747531169055	1.4119369225307858	0.0069326918672963115	-0.9616180659307123	-0.06424960804749064	0.11908940957730921	0.06767004072507199	-0.015476168708436365	0.7966173899516816	-0.28974389343410817	0.22185628510879637	-0.5511351627138815	-0.3778694412490226	0.1604737782652006	-0.11758108732937247	0.17032831951627161	0.9285162747920312	-0.2346665086290252	-0.3577916160250109	0.18399974292135476	-0.5576134355435306	-0.3153075674107839	0.2626961869412813	-0.5955996525781786	-0.8907450657709491	0.06217784229121573	0.2125153257254214	-0.6146582339139608	0.4811363852163879	-0.3994147449571296	0.9056140570807697	-0.11778820561677986	0.13242099939716942	-0.1501559299152055	0.28113552613941056	-0.259548714610048	0.33100090015763267	-0.015437131148667155	-0.28255283991569	-0.08787528380908871	0.028118895866633936	0.029235397116506873	0.5798921303279279	-0.27457713084443036	-0.09953373413892208	-0.2581895002824882	-0.623778998264339	-0.21599061772901143	-0.4335929673274746	-0.3661135101965515	-0.21645695133547327	-0.432289897924643	0.37672910668716336	-0.6289087605634857	0.05100473670002209
DTXSID7048740	0.6195194572239334	-0.6360096409719579	-3.3782985060614497	12.106000042147453	4.557380048318205	-3.827703615849197	-2.297322424481572	0.5447800302192911	-2.750751863559695	-7.0528577975406	-5.835752921279218	-0.9726045873753281	3.2212475371958424	7.8311306539992716	-4.2533130674276745	-0.4635034432694493	-0.2497414113943584	-0.9964376048491586	2.2745896993253747	-0.7271739535215208	-0.6493718125485275	2.0095310650704103	3.0789938030575406	-0.487666764992125	-2.8778776471375536	1.6749188703070288	-4.498863475873784	-1.8124714251698286	-0.571046566492503	-1.9029804037337392	1.9567945039546744	-1.7717627103864593	-1.3521845278671831	0.026743751779882054	0.32916112392095204	2.295960521097936	-1.7157548164817356	2.365586219138469	-0.3829859742071256	-2.2885111878963493	1.7691503580794694	1.086019136944013	-0.5910237197196717	-2.849984597308935	0.8258173493963125	1.5411484948061258	-3.0801874329681915	0.9785074082494749	1.9632757607325728	-0.04441568251613676	-1.6536576278222075	0.34999629751886835	-1.6908472518182136	-1.5377342619516317	-1.4805520888309258	-1.947798753086171	-0.2097634646837042	0.26964754185506673	-0.4500374072368519	1.9844042239442161	-0.619883528722262	-2.2959597721631986	0.5069936610471154	0.38192984213862946	1.281343440706793	2.3082446334458617	0.8609381495980709	-0.7868251417893577	3.5378335310116804	1.52290950685409	-1.179450255236135	-2.2644325010983333	2.1885550045092517	-0.29971564602285916	-1.8669104607234537	0.9447025634079057	1.1310903172551712	-1.8192269121104008	-0.5397064961012601	-1.1180671406431761	-2.1582923304391244	0.29454414809773805	0.14770506697406033	-0.28007420231890773	-1.404356102614892	-0.5310990758966121	-1.5385023752635667	0.544309991509597	-0.34732200985605716	0.6568275401221334	1.6045072350857303	1.9292231164070186	1.2076483375842972	0.5017067122180094	-0.5700741626319629	1.5388372344893422	0.030273380681790564	1.0772487597093727	1.0737318169434054	0.45918172268553853
DTXSID2021947	-2.4531945851431756	4.944600423649382	-1.6304361598945978	-1.7084706487647165	7.448508851796723	0.2543551055766744	0.586882271865393	-1.3255079180370684	-0.67731884710145	-0.9563085059027886	-3.4521961308603135	2.431501735361842	-1.62295053675024	-1.3577713357821724	-0.8895791597930577	2.6343499208804233	2.3671729328776814	1.5376144068443358	0.03311384926682346	-0.7134070669599337	0.6683866535018821	0.6603963651099601	-0.1974830639136088	-0.471029907464813	0.8401218885611432	0.017834729090950973	-2.343927517537329	1.044569334391282	-0.7225745706316571	0.283245088594815	0.291672806350835	-1.786388272963214	0.7183122002342753	-0.39466498882321516	0.6780999413603257	1.1300907772733868	-0.6596688654778363	0.08309298302953279	-0.515831228441821	0.025718452358050287	0.5075605816725327	-0.056238325150471634	-1.0443756213887652	0.3893316671827156	-0.6026787544048171	-0.40182137328408446	0.28457284323387716	0.19194203025805262	0.2409266953291901	-0.8563202943644441	-0.19412869157049673	-0.0011403025550060196	-0.36065401506019945	0.41591236191654757	-0.24867467242219232	-0.14729520254898743	-0.8428387034901857	0.36734942387942837	-0.2237231248357785	0.43630447203676365	0.09301688471518592	-0.04858814668099008	0.07191103954488819	-0.43949312711741395	0.831929527336848	0.010726710259616926	-0.1447333670742416	0.22973531812041564	-0.07967944108838436	-0.3432354518381329	-0.010672017855235251	-0.31542215077443686	0.11308541390466136	0.1740639272295283	-0.9038338735777585	0.5227909647520642	0.22932994901893877	-0.14655286803574738	-0.1660955030495998	0.07422638495762957	-0.5725483875390729	0.053102246875433176	-0.17046431847710755	-0.014736270423518197	0.15519287367770418	0.1777258022617325	-0.31746850274778726	0.020961484339941643	0.031875374742317934	0.06953062564862603	0.2793701718893505	0.10190760167007723	0.17927055936974504	-0.1095876569096057	0.11827079638544431	0.17442998131256873	-0.11996199422550802	0.07560866489365005	-0.08764939348718613	0.1404175695567488
DTXSID0027773	2.9773263800239986	-1.281599439086019	-4.255382140264902	1.308169278776055	3.2845577556973677	1.7598273778373428	0.1828002751428234	-4.234243938544397	2.365431672948381	-0.9127704474298222	3.6430042230992106	1.974516587293906	1.5128551829448835	1.7625398236918575	-0.9982828960511058	-0.3791289183517857	-0.18593653186903064	1.3486757580582425	-1.7364778282314646	2.910779883311381	-1.2419847943689846	1.0858148853409206	-0.2320712487931135	-0.8132625585225101	1.986415928678717	-0.7101939794023586	-0.5092656884277833	-0.37366869700520416	-0.072316037187116	-2.1238863660973624	-0.7854772521142894	0.9398750021893062	0.2116577706846653	2.358675547515545	0.2223344541381147	-1.7392937305033918	0.1026259047972928	-0.6463165639699444	0.7116600230977815	-0.9680988974399383	0.5388418194552639	-0.6461421831442199	0.06018913714819495	-1.3320248674475383	1.2708745359950402	-0.512456791934391	-1.1151214320312948	0.2406132064034147	-0.31005489864438307	1.5800433700043262	0.5020823939813602	1.9009899807457324	-0.9976793654134525	-0.9405360547488518	0.16182361222914415	-0.5377358365249346	-1.0929630982287182	0.3628270395401907	-1.4660071070279295	0.9010283063044979	0.37834785235898255	-1.367200426538554	-0.456946645218383	-1.3837844443221592	-0.48812271710704436	-0.6541039551824197	-0.32932683896671355	-0.7146640067641056	0.7882099049671846	0.15595309547801742	-0.1731335756400704	0.26459396712165995	1.1596758475316231	1.418199151869589	0.08669093480276566	-0.16275429399568042	-1.2950627178054301	0.386354479944353	1.0221236767189787	-0.5332508859802211	-1.1877059597786344	0.6681228404968991	-0.655491734285358	-0.19901997089876472	-0.6274631702337575	0.1188277811327508	-0.5780965899400843	-0.08815592770584611	-0.7099014929978642	0.5280830796558469	0.17268281236847538	-0.06648979275652603	-0.5581494993939309	0.3380552507944539	-1.1113649871406095	-0.33844232367357296	0.11953343429562463	0.4017043606184429	0.6936526802235885	1.1371100596900876
DTXSID6025014	-7.265798069276921	0.20974509465780036	-0.09760809979908804	-1.835202785314321	-1.0019165849024603	-0.5238228238790317	-1.5136751390225176	-1.3257881101021705	-1.504836827717484	1.5955637924618122	-1.2128537108767912	0.8743546196925666	0.8670929408218344	0.8766294379220846	-0.17203834332439985	-0.7777498014923461	0.15931342025867434	-0.43209253676630927	-0.00028087738166126977	0.02302239317090497	-0.42923332081999754	-0.46838989049571106	-1.3452208594346184	0.46957332281157604	0.5132133169223542	0.702753465232418	-1.4346399733266102	-1.4389643840908788	-0.3268567779605031	-0.5632376454628851	1.5414985242083041	0.5139062383777568	-0.7670052058201372	0.25078626055627173	-0.4214133248165524	0.4167740142839681	1.091355982129655	0.8145319624768262	-0.25477753773937734	-0.20204149600090177	-0.46059924407876046	0.9474949334709043	-0.20882234314020615	-0.5313710451621148	-0.298870474716989	-0.08125651689602477	0.6224261641074439	-0.20778080197516566	-0.8971202161108431	-0.36746630247013146	0.3082751464341401	-0.7602308555244041	-1.1755600107171704	0.4785786468452336	-0.45783409211254367	0.5035876295978291	-0.6927195235221852	-0.370260885857915	-0.5673587940577344	-0.3214653561439779	0.775582830634362	0.21474136883507144	0.12803960468231798	0.27807554603692897	-0.38648263791046783	-0.20887515767641765	-0.12529972580287024	-0.1879430217853771	0.1311758415111638	0.11806127702040445	0.6721088416287689	0.06080345611697678	0.8187600480382691	0.20734017074149788	-0.271201839106959	0.48673807217605985	0.2192969189099018	0.05347306771591818	-0.36483138963069656	-0.27692836060807335	-0.3656839174701274	-0.38711400389257083	-0.06848619583171375	0.15630583310628351	-0.4227706335575082	-0.1134471082505155	0.12846043571599478	0.46558682140664387	0.21741692405147967	-0.21315848803109952	0.051564599359384615	-0.11649470507390104	0.04004355553734516	0.21733905171141796	-0.43929775824493494	0.07644014634512138	0.07564470455494239	0.23754873388730352	0.43687279655932365	-0.28108896205838413
DTXSID6044561	-0.47580719159713414	0.8697550496956398	-1.359967173126458	-0.6562562765068811	-0.682918340514993	-0.32191355890676415	-0.8913756996315437	-0.5460204308740567	-0.8396360103479678	0.45091262168240537	0.7804394545575819	-0.3295912880764739	1.654724609004174	1.2060953211713275	-0.6922356075141488	0.3008728380157869	0.35963539132552863	2.6178815316526967	-1.0894978843504812	-1.0266113812305595	-0.7082554885437446	-0.918562063963685	-1.7661832356319491	1.1593166444111298	-0.31311792659857507	1.016010820962785	0.9289668205080085	0.2698885537631636	0.6557869990581964	0.677304325827291	1.0668609624786611	0.2590788068958335	-0.4411125201794852	0.06848834437714076	0.2588328046322236	0.5621825835252389	1.0433339703330058	-0.01629354052948437	0.07070064711489463	1.0250444693973677	0.21972905845219587	-0.20776489355886563	-0.5953246998263114	0.2672043058176157	-0.14644907082851502	-0.402011709658109	1.868447367740857	-0.6566637068767528	-1.823071742916345	-1.041887715159357	-0.47736608537583614	0.5653843371741694	0.31271276196834435	0.28893238792295567	-1.3875087444228247	-0.12218796727689099	0.00020058055815558613	-1.3500835229504677	-0.32094595439545087	-0.6957141905864876	-1.054527623384743	1.6772344321222934	0.7365254680564176	0.7109261811306757	0.18099293749856438	-0.16793954628377136	0.17154759687256368	-0.4601834658147306	0.2079121437610664	-0.14195323729546633	-0.8918121750847167	0.05831274608645577	-0.09978154875371432	-0.48092748284701203	0.3627528822896536	0.1880419131814931	0.8419648036671251	-0.4394421263719166	0.0032845213318307325	0.2242774300828686	1.0560248911128984	0.37978049510372897	0.3706821119248952	-0.6327504559262233	-0.23748431538858006	-0.9025798780246888	0.3037481257200031	0.4304890729979535	0.13766001518459028	-0.7494097658326441	0.17018892486710616	-0.5599865033545903	0.32495270524242414	0.3278563182685593	-0.39691378261840804	-0.43860138225366846	0.20136386200013218	0.06566022855088259	0.008142621852623004	0.3879250741955416
DTXSID6041892	-3.336734179538043	-1.658179686859127	2.354273111850582	-1.010369704963239	-0.2875971522050595	-0.20089375875107074	-0.8425132199575008	-1.74100981107007	-0.08455612146389455	-0.06718700463258152	0.28017582079566955	0.8338898995661033	0.3154807798936003	-1.8970776059319319	-3.8244579174293927	-0.36600826059339403	-2.018116185991819	-0.6803866291640327	-1.2559564114724422	2.0452968670563685	0.37210256059008706	-0.3985246914031029	2.612216954141287	-1.0103894190560885	-0.924771967631508	-1.0325704364733805	-1.665752647645433	1.4524139813957262	1.4950054168389137	3.4778566467641334	0.2952688917546597	1.6247128081895938	-0.6435128222494794	2.041265900649946	0.080604400488802	-0.14401478240327034	0.9600600583702679	0.557485341514845	0.273835915284655	-0.9239882869152777	1.7610308732020203	0.2293170783117077	-2.0423360439837803	0.9320533907158298	-0.21178020398408218	1.2404700247776719	0.977050694795428	-0.1220534298368698	-0.36650475927857556	0.2556277087614236	-1.8975797363595066	0.7068135967906458	-0.583948138667331	-0.09749519644343911	-1.5928849656250754	0.9692489772245348	0.012296249716372505	1.7592503211260617	-0.43414303051179315	-0.9734447596382526	0.4279220564951535	-1.0607599088487116	-1.0553478526289148	0.9028673612738645	-1.2252826030597441	-0.411638654324574	-0.6261237821112098	0.731809242129736	1.246027464672895	-1.1193379292840846	-0.1459327256638421	-0.2722471163736152	0.2143678420822651	-0.03898946562303475	-0.5219171735128548	-0.30825765761169377	1.1343946740775679	0.10435308181755433	0.3605916336535483	0.282769602759026	-0.0008406028539967609	-0.5024910084173667	0.21255200071624164	-0.2674944219460403	0.1621354802070267	-0.1566327764954841	0.37222337698656	0.5291345119759501	0.4719971267451251	0.0056721664379014635	-0.3732860703616452	-0.07049140656095573	-0.1721051742342061	-0.3979415343809562	0.06365219559476663	0.011335966758576363	-0.09274152114716401	0.31893569485761003	-0.10502814740095608	0.27070177009954544
DTXSID8048868	-3.871638693103577	1.1863673503871282	-0.016315203378102945	-0.9593746644348972	1.6136191217300775	0.4119275026073704	0.5418309121693154	0.3248619098186211	-0.8286908818356183	-0.36865111601980416	-1.0232307941676402	0.2546676610304247	2.2362796997329344	-0.018676772708179176	0.9717665804840032	-1.3392893361701912	-0.24828611196578898	-0.023394142925436352	0.18160706884070674	-0.8153416046375194	-0.1774430311272646	-0.6550074764175553	-0.489110308057442	0.8292550353655808	-0.84072003965836	0.4868114256839833	0.9458902262724511	-2.009871563154007	-0.4838673696120475	1.0742159849535038	0.7219366334461613	0.13093149148390526	0.2980126365805545	0.4743047875131987	-0.07594301648461294	-1.9951038638058431	0.9270869363116926	-0.058742874476527325	1.1141763033412364	-0.6748719607209347	0.8144659025616332	-0.47603397085849897	-0.5683878159024373	0.09213259567943535	1.2836887224151892	0.06358497290486899	0.7027304789505016	0.40022513197707466	-0.9193854233065903	-0.6779505859725263	0.35009793620423807	-1.4353972455674626	-0.7362551413604701	2.0004003073372822	-1.6455667198451343	0.1993656983864508	-0.9231498033375453	-0.24499918939947207	-0.16153775953311147	-1.240280547220512	-0.5650838697131098	1.3930864357984858	-0.8581228258335896	-0.3762210186841967	0.38059296516182856	-0.26733794814143147	-1.4841644724675314	-0.2800206180385111	-0.999079732483597	0.2275281844772039	0.4358717883292088	0.8275414687197061	-0.6871785157116296	1.2460055231942366	-1.312187411443373	1.4160270573978078	0.13485025597462846	-0.9908655484395034	0.7706735461795281	0.7100597482732063	0.3660987286391423	0.7658436879252037	0.016483141186345685	-0.12492534700365113	0.07218715214244414	0.46572068911920833	0.16938381610495157	1.1542732025397238	-0.17536094760532953	0.1161305003813324	0.5376804173224606	-0.7243702924352149	0.24142697071477934	0.08324183337818383	-0.33282450801741553	-0.09200837759522124	0.09054566988902554	-0.008209440538141924	-0.19711226209465052	0.3557433858748993
DTXSID6046476	8.980554048398153	-7.097103671224827	1.2340706493923617	6.622447916669715	2.3927873029894746	2.835656936755399	-1.353454749882013	-1.7299327400869362	-1.581958929600781	-4.603710492266734	0.12490334828633594	-4.671866577419286	1.8720595101109105	0.48506927573741687	0.5961313836674279	1.0698650981460616	-0.13641889839905283	0.3045860976203151	1.3995342205675194	0.7446811942881141	1.328773399886678	-0.3548950152131522	0.34722626197121326	0.6487108262351293	0.5756169015110341	-1.5382775353267102	0.21316101956791925	4.773977091183444	3.0249341081999166	-0.5633075897357145	0.0857803683211517	-0.5797436613019441	-2.645663645432714	3.0008357185982057	3.1964168618916675	0.7858703672565487	7.116454660045253	-2.3266172546746273	-1.9747005365588333	-1.3393255190218372	-0.7880613711200297	-1.7763569454799817	0.14847963487503185	5.13839302626338	-1.5906963915369592	0.31687956067157386	0.16220454298279316	0.15288568725297863	2.5852650586580697	-0.39962427942053913	1.282436061443324	0.13082803212908267	-2.008889971157941	3.4546200204779036	2.2444079469873097	-0.04555516265587212	-0.5117743184499502	-0.11184419431305741	-0.7791659284890006	-1.1123534748457127	-0.029199225572605476	2.080889272174165	-0.3604004662794169	-0.8462892265041659	0.43155542814402675	-1.5524974052487313	1.2214022651860197	-0.8138704621124851	-0.8406806051514234	1.7787494432372644	0.5385681360641188	0.8448594049485509	-0.25936540127235996	-0.40140854645686624	0.2088093271810584	-0.5498900317952718	1.5754836508993784	-0.8388383533108017	-0.8399986337219099	0.9970562023323865	-0.8271229419367324	-2.544325185338744	-1.149123222612261	-0.7260516924273348	0.8218636670687118	0.4660897704844675	-1.0587653830701362	-1.0991225695443774	-0.09239343975813964	0.5753882721804249	1.2460362612822078	0.5177176349978376	-1.2621572351571084	0.44587520534404224	-1.444473023200464	0.9713389052209314	0.5498333210898049	0.09830715277648203	1.186703807927737	0.23221848938749287
DTXSID3044205	6.516811726737439	-4.728088965266991	-1.530062269339578	-2.9644620888384132	0.4395274372227858	-2.0477992123839552	1.9758840922765895	3.9023971009972116	3.5082883093582646	-1.6671474169120675	2.01857513883715	-1.009043353646383	4.2268906216720845	-1.9967115769208186	0.018329262491343996	1.3747672719020527	0.7105213563601338	-0.5436256132463959	1.7276913708241444	0.7942333966709035	-0.5149493209545857	1.1821665544610285	-2.4727996927166602	-2.1778899285682507	3.9951876891954528	1.0158305285717055	1.7809256432493443	-1.122824472510981	-0.7665805353949894	-0.35024918871890587	-2.3619005343111183	3.653073003211741	-1.6702203550343935	1.7607417931469087	2.8375792779876763	-0.7658592102642857	-3.6501960533180657	7.770888646522029	-1.3003075989523822	-3.7369451415798958	-3.8319926964372257	5.4442153522109065	4.120108715985919	10.541034286467735	-1.8197349379730172	-4.271652411061344	-2.3298705791718475	0.2768603155210615	2.354188725890181	0.16268233202978358	-1.3090347523112678	0.7423301255969033	-1.9887105007246113	-3.2145287238190936	-3.1259195677421285	2.069264472639045	-0.05171457987506258	-1.4157285347043065	0.7120818511569303	1.183932307737443	-2.480691115718738	0.19944858696460038	0.6761612313156452	-0.95330846524648	1.7255604452095767	0.39267588058411945	-1.496738455330268	2.1581471588903822	-1.4800587996462684	3.256435882655943	-1.5804597832489677	-0.6469444911802219	-2.4312553575851994	-1.1183680861058702	-0.6309489673886521	-0.7522669947436542	0.7616943509444886	-1.676602009157965	1.8006994413475896	1.8418817299218317	-0.19180993550696787	-0.25762341978771913	-1.021154661357372	-2.0159015359012735	-0.1341902024333473	0.8921789959039755	-1.5444358363847006	-0.3792400142978799	-0.6344787816376608	-0.7357246881268511	-0.2975196138864277	0.7489755255562367	0.8652875966583211	-1.4084899121230534	-0.04648301138094681	-0.8854304730119524	1.2848913798026493	-1.7362296338474963	-0.6683498904432571	0.9278912240393059
DTXSID5037494	-4.295978469198222	-1.420935354735488	-3.8613209808786655	0.27354353791382663	-2.3820768761404016	-0.853873197269693	1.2809684797213563	6.41318748227141	-0.016970424664726133	-3.0938212816763273	-0.6401378274912807	2.0063831373759005	-0.3110601519163258	0.524016355534972	-1.6771553624858302	1.1574483615562159	-0.06014346555968747	0.8224623448220616	0.05261135330394225	0.7653700787066562	0.40549649930250564	-0.9918838016928695	-1.2100524863517874	-0.7222372356196191	-1.4267563452324195	-0.501146801877699	2.3593830389792214	1.196045542444295	-1.1127740757221662	-0.6909038702442423	-0.5857882012473496	0.06506029689289568	-0.38315213336668974	-0.14278040389347277	-0.7395898687845635	-0.6473516471452796	0.5466237158204384	-0.3920039445763373	1.4133408577248345	-0.5743116692344217	-0.3644623098054741	-0.059725758330741126	0.48522581476161625	-0.2958541197483354	0.050294785070728446	-0.15214333277036843	0.3957519445840282	0.07935293548333243	1.2213642891408396	0.5113715948720083	-0.6683642033548719	-0.0345548496673593	-0.12395158907452888	0.9463502783882292	0.6307417423161743	-0.8008084297762628	-0.3549033863289201	-0.3435986303536136	0.4814518529569946	-0.12430283658908156	0.9535177266978522	0.6961935561153701	0.7143370023875973	-0.8530329772418704	-0.742640344873014	-0.5021391574494639	-1.170174949234394	0.293644675200542	0.47324202185959197	-0.07287059431744002	-0.05550050305726086	-0.21762983449551432	0.11046134988755876	-0.5062028432646194	0.0035227318404458317	-0.2882254359946766	0.4419454443945416	0.04285978348890885	-0.40385793747355303	-0.22088943888256363	0.48723109806960385	-0.11036577184706164	-0.03678777306761046	0.3155020733246931	-0.10361578973829517	-0.1384798891335564	0.024977358535253017	0.3623679335857415	-0.3613436852497806	-0.20240599248879318	-0.023518083653069427	0.2272317806285051	0.14181521666584132	0.47519676802326466	0.32258423393652047	-0.02172263863822421	-0.48436203646723847	0.256849587457905	-0.1032596029554989	0.02805111949628456
DTXSID3036286	-5.542433605231091	3.1893582059705543	-0.7428362986377569	-1.0158857608517076	0.20776213887385533	-0.9677974455096701	0.25624003468369305	-1.010973674754417	0.8697365360668184	-0.9603994526140028	-0.9011270554487508	2.2491880088550587	0.15216047590171186	1.4733377142585766	3.7202388305635075	1.1924470990761766	-2.97044398644785	0.45073118654592836	-0.34503426639552204	-1.6065894660484306	0.4462648008102245	1.1037317480268207	0.2503153574048404	-1.7101974898668244	-0.5075961857367964	-0.6307050379241997	0.5115247584818996	1.2210270107498635	0.1413976239775402	1.4438335216435951	0.26076399302895364	1.6553255760660173	-0.3500802364092784	-0.3815121629516218	0.5507735607533679	0.3263087273575962	-1.1553439486522012	-0.6356731438784669	-0.6472782013237959	-0.9299448994201226	-0.11892810657836808	-0.4538534859583355	0.2638153121766736	-0.1587922656751789	0.8133469314945999	0.3689245346318746	0.6580836306186099	-0.3510822628041004	-1.0904111635339675	0.06203550236599842	1.4476398866723796	-1.519707188687553	-0.7686789676160242	-0.8720922397505955	-0.6000824666317601	-1.3974183291033353	-0.6645511406548432	-0.007358773411077926	0.6232217959909226	1.2807213903538976	0.7684005074220968	0.4493852752657452	-0.3851929828744485	-0.10510829425887225	-0.2846572018425734	-0.20640111094143335	0.02996755971629265	-0.6182574600047279	0.3862394303781128	1.0400047100259522	0.09900271616718445	0.0787406565165924	0.3286435495952556	-0.10207540962596719	0.8789951880720799	-0.2710846506627573	-0.15486654076987497	0.0003763958681557833	0.36404788657928006	0.3016940286308673	0.3018394876681501	-0.0008977698593580725	-0.31996783534815704	0.18965298868678682	0.6256378844095222	0.09030030578658159	0.1017518265076051	0.14500619743755433	-0.11899983982051743	-0.7895229088489724	0.17127957581492012	0.4718426375612432	-0.091620297113702	0.2512317656962152	-0.23422889314917475	-0.01818714644995834	0.17897609505913709	-0.15305031991335666	-0.07911718361461591	-0.19693866278683206
DTXSID0047533	14.976596835257736	0.9691690586095	-2.595207189240013	-5.261012840648433	12.872764087074644	4.033265164178871	0.18806852280903877	-6.429915354263347	2.779017135613163	-1.972912439148893	-0.14926146921206823	3.3798176810869243	-3.657364856776326	1.0335798103310898	-1.0041047304398683	2.510750953274436	3.200479864503797	3.8730852992613696	-1.8462995450269817	1.8258916270561378	0.7041755633479797	1.5318091969138814	-0.19862575697838233	-0.8941681119358821	4.29727881069064	-0.08986731733212124	-2.4929028515811122	1.7744864688214175	-0.46979788769789965	-1.8546726645449514	-1.9833375177824084	-0.7969481668156553	3.0282952181353724	-0.07614911998251964	0.7898186045089323	-1.0186977651705973	-0.14530039905694833	-0.47058247517456975	0.21644126553477555	-0.6818614308407116	0.03498414523170439	-2.3337706736462094	-0.4166272712655965	-0.13715124840475285	-0.20660172316246536	-1.5229614734208368	1.2477414957439816	-0.3441187021956358	0.8215502933902765	0.909819381014799	-0.08556472560892565	0.6223735885380467	-1.1583761434893731	0.15711613344476458	0.09574115796349864	1.3572985358031378	-0.43888482671274925	-0.18642377030626775	0.09963703723153966	0.9349189501754885	1.1465468310059366	0.6881606786318822	0.3598543930133119	-1.5490455598248307	-0.7250569983711532	-2.2865766189996353	-2.107558722975352	-1.0277875901333011	-0.9235758712799044	-1.17160137342884	-0.057093467511271076	-0.20915839827144542	0.21043245487946705	-0.15709150975392525	0.21721775257169307	-1.179596701690754	-0.5214948918766252	-0.641184002692087	0.5285734105228969	1.1703239221301271	-0.4262934081399528	0.3704242720411614	-0.9265090451007392	0.6116987716694514	0.5074803182142158	-0.11025430500448752	1.1188748789226068	-0.9618544351069128	0.8529997881578681	0.2544799760619496	0.2383053580382348	-0.5267678601590438	0.267057337825137	-0.19060065546755117	0.8309085155199066	-0.22864975917402747	0.5954113268761363	0.582629352805608	-0.3005575941490396	-0.4847835100114055
DTXSID6021450	0.46135467524562934	-2.8446168015680087	2.123227020673097	2.1076330734708097	-1.5259116361680143	1.2087157065774192	0.46433070844161767	0.7541451608915275	0.14463573591504103	-1.8821413943504794	1.3572510707860632	0.1358694569536344	-0.6053131588736582	-1.3176593722761474	0.7327354832341282	0.09556142538505534	-0.24552773810540574	0.12062500510577814	-0.9771814354147494	-0.40090166779703224	1.7132752371481654	-0.2597420256575568	-0.3633084305489224	1.6855094839279756	-1.446496777430808	0.09542632327012249	0.1485048522775467	3.8113667072885296	2.7521282641309712	-0.6843088628194576	2.6659382574158865	-0.10811371353537692	1.2460632949767119	-1.483566816184837	0.02207282392944209	-2.1174883466563625	0.25598272830845403	1.5881485477272117	1.066436321719672	0.8212004114139145	-0.41882303281945255	0.683779632396392	-1.355459943332969	-0.2856656235440025	-0.06291737980811853	-0.42081242301638766	0.6214039974599292	0.5258785805196221	0.45603526294445185	-0.5130979084904851	0.5637880505904738	0.6393616805815436	0.27965876591147243	0.6496585673511308	-0.9724142499779399	0.23867826911905887	-2.085362266975682	0.1845089100281695	0.8922005653444122	-0.21954645352496524	-0.648554690931893	-0.1709467198737885	-0.5152554355717559	-0.14946230619909592	-0.6223332503856202	0.37758490514042886	-0.09500530173194317	-0.29747788426888305	1.0289871179338557	-0.27890635988324153	0.4675449448031529	-0.0494338089456203	-0.3098893513105436	-0.0412380074293386	0.34152574575190736	0.1789937226304475	-0.6094983381021764	1.0169130064545047	0.40534159385546514	-0.2558571330839931	0.0006575338943607164	0.2502074275205333	0.2976288968461943	0.13773735788599148	-0.7394710928289392	0.18359331439798418	-0.21745452104502908	-0.03231226572518038	-0.15711619745121744	0.2310214746866711	-0.052873148015611396	0.09848703375847659	-0.1229641911345828	0.115126844163183	0.035597979020814276	-0.025579230080091407	0.14595024117884553	-0.06440162773678262	0.07217445643235061	-0.21309037846219855
DTXSID3048992	28.040690839325848	-12.41183705718466	-7.844695899667403	6.917511389806286	1.7314699427308597	5.958672167001966	-0.09937946582530044	3.0980334165055536	-4.254986756341084	-12.364581125398423	-1.27633172928575	-4.306426017416719	2.2615463516619996	1.0463629595869697	4.375189411355316	0.28788386074696987	-1.0808253891468729	8.28454654886331	-1.6979701273933165	-4.225461768176261	-2.3917697968123264	-10.676996534780677	6.760819936673365	1.5961397870923235	2.4107216070966775	-2.2206166165248615	-4.125069869784142	2.9083611338518094	-2.850855189352956	2.239555239593464	-3.0904244234397247	-2.132770036681043	1.5892506156620785	-1.594421217046895	-2.3876605350087	-4.13412332262858	3.899534229052548	-0.09615834938096449	0.7231785523283099	0.8456863580412319	-0.6040666370626698	1.7979088198889022	-1.1214173387555204	2.5764749849643835	-2.995394853812837	-2.7018465241381637	2.192572201397599	-1.0175561650519473	4.328725882872206	3.931685349112255	0.826566161829835	5.523909731095121	-1.0051307114351538	-1.5591864359644068	-2.043867609054632	1.6226885439349348	-0.38503885296843776	-0.476750479167442	-3.7555877195003915	-2.383218714937445	4.317601051066123	-3.5440253627481573	-3.5201845980766944	-2.3092121548839026	-3.562012473876686	-0.4702269001100808	1.600737653714543	0.4398585940445992	0.44549491908038824	-2.050162881743916	0.4427273073291402	-0.7381625324570099	-2.7812208167012855	0.21871352491338883	1.2859059749858321	-1.416043152989013	-1.3280802646431207	1.6016453294016324	-2.6683082085780816	-1.5466318117895907	0.9797037028852246	-0.2837130274613893	-2.898131380278525	-1.1043543855503761	2.586092724557354	-1.9917456432409564	-1.2238140375519566	-2.0382936259949984	0.2570820281376485	-1.6522039121646848	-0.6155378585879956	1.0737643823076048	-0.020570706158733524	1.1330424290163474	-1.80751357724038	-1.57555535099641	-0.22857328698311902	2.883804887551673	3.003585254469594	1.1841520488502184
DTXSID7045865	0.756380177775532	-3.333649405015568	1.2888356785606478	3.5728270027511497	-0.6535040327241065	1.4350640032619733	0.5837544780691786	-1.909547161469641	-0.1335771750838669	-1.2424562744367496	2.9686680105139387	-0.5960050325375147	0.33081293020935976	-0.7469043228249374	0.06956615033253101	0.7163080117952149	0.6342413369413484	1.160783471966586	-0.24993818291251862	-0.05381567146963455	0.7908912703936317	-0.41750556843336717	-0.11166608439620086	-0.055307354355131226	0.09994904213311266	-0.5322582597689551	-0.30205667322331525	1.1176544069285153	-0.38763171669980345	0.2618905230961927	-0.8293842638571163	-0.5451338391577087	-0.33900393284923586	0.17218258890313712	-0.43045403165839247	-0.6396208445674134	0.7459701039043077	-0.6815014240188441	0.7946818392753391	-0.20965778551966097	0.5694348318565573	0.6793039787317665	-0.34720891100938367	0.17299294362840498	0.03567654861511355	-0.3818444294963591	0.4711885340093849	-0.3001062535635057	0.24474963541592706	1.2082083348985813	-0.7746903278363432	1.261770259402407	-0.2708078348298488	0.23963754079036725	-0.18540376144368387	0.7674289714071296	-1.5157123480638448	0.5472255754540206	0.007575311877101222	0.5576641805626237	-0.16186113735092036	0.16833143760852567	-0.10112755411536499	-0.7441143027124438	-0.26115641039462467	-0.8939556150194844	-0.630621441558427	-0.239639452912925	0.9986827709310195	0.5852426108422237	0.42888638095988546	0.4928423832279017	-0.0035189847249929716	0.451952915334938	0.11106185753892546	-0.5629740057406061	-0.5322175919937339	0.07571708148745096	0.10702904947882502	0.17501346638359647	-0.10337181589152533	0.3213431344773867	0.0696716658398555	-0.26794873435338856	-0.5247466932172196	0.19159589835152502	-0.4164998963384146	-0.6475653613629296	0.01579423880746145	0.2889273857012379	0.6144208418065158	0.5999311773434308	-0.10069808636019299	-0.02409798294412668	-0.13226263306159486	-0.32755032032142944	-0.10510355600289695	-0.04788132828798828	0.15889408477314404	0.016750401223634106
DTXSID4022153	3.3949719546617407	4.729368060717591	-2.99920733931862	-5.375212951922833	7.857689910882395	-0.9747845371606112	-3.17402570401258	-1.7989328733361176	-1.0845699830248419	1.8820154283290214	-1.839295009461731	0.1085019087361319	-1.723421792815879	-2.6695166776117536	-1.888924255933892	-3.3918692268783626	-1.0065228721934636	-1.9317153832986913	0.748959568208336	0.12983719787420053	0.2151545503452104	-0.7267238541413908	0.26702984651653294	1.0690641975393067	-0.8369850210099857	-2.5689543001776736	-1.9024930527533066	3.818627095185001	0.9610764266015632	-2.9427460910240786	-5.033234245694503	-0.7278125832557841	-2.680250489926587	-2.6636825403671027	5.615842967711294	1.0766399687460761	-1.8873037687649774	-2.0395895442963945	-1.3557370173538617	-1.2627708533818391	0.9174898688615506	0.6788594426971883	0.12953389898158055	0.6312953787729136	-1.9001745150120555	-0.43306177605088375	2.941413299212967	1.575111453039531	-0.5329422780865819	1.2147555669840608	-1.4735270141725545	2.4367685839188837	1.952779327282731	-1.7323629602788804	-1.4628620681273858	-0.5948022883352961	1.7200801341872858	-0.7207818782993851	-0.8706280058520152	-1.8577603006084125	-0.1702988996136203	0.5526769771501374	-0.17644098558257273	-0.22857669251451082	-0.8197608496855173	2.7512263646248574	-2.8678545603432	-3.621338110120805	-2.4656625025678656	1.8677326873803761	2.7186256259490436	0.40518968495532703	-1.2713731484689768	-0.47556534229302727	-0.25158639921235926	0.46378190126660046	1.3124928611363411	-0.7601649245678388	1.411180913497514	-3.055077685640059	2.032299258276711	0.7083412493534377	-3.8382073962754104	0.1466081122408857	-1.061062528838874	1.3669088667367806	0.30868681845073126	-1.7748348332394461	0.9859029063433721	0.8811839688447878	0.5553152766316576	1.8298283030245042	-1.3780803276573492	2.0889840469665515	0.19636565853226898	-0.29428757692061086	-2.1364499011272056	-1.0094636658356486	-0.831405338185753	0.23499314161263263
DTXSID5027487	-5.3370393979307575	1.3952309674231615	-4.41559131293598	-0.7708053995579685	1.0720498087134491	-1.1678973379213184	-0.6494293342718589	-0.33881977795251866	-0.17781163099982114	1.7250441132546044	0.25554208448676835	-0.016648959219973024	-0.660845666113104	0.6362763500017713	-1.059559299957714	-1.9546616166647333	-0.6668679910054783	-0.18880044843305402	-0.461912234453708	-0.5932692511346039	-0.7588514349735509	0.13449451170425458	0.21387148294358188	0.2445577210050291	-0.7059540614436873	-0.45381963597122865	-0.05367066796035194	-0.3913126144543926	-0.04080700468160943	0.12877751082703015	0.652229383120816	-0.35163310081425136	-0.41557895056965055	-0.19674570855657597	0.16311793074281322	0.04495259071451168	0.1977080322440129	0.9456475307637539	-0.9026144487925423	-0.04294414123301638	0.41996609910431243	0.34388307758211906	0.17150562942689893	-0.4622728893583221	0.4561854569174088	-0.0758206608425012	-0.7070571728231585	-0.27734908130161007	0.6524981624127714	-0.42040470925204015	0.3324422371618268	-1.0534973869005377	0.7034123669822279	-0.45748453055778326	0.620095815949547	-0.3671058805868165	0.1042335072286229	-0.11322608200344854	-0.5628838448828654	0.0038733958584009254	-0.017461177937764114	0.35464029355566135	-0.0800597446682274	0.34112014086484904	-0.07142739692496386	-0.4547539387662211	0.3174795551151364	0.6374201871148051	-0.08947956317545488	0.9700830055563432	-0.6125612832889049	0.34100532408860124	-0.05229586949125813	-0.5034955783369677	0.3112571960188002	0.17606975709636377	0.22287067471983674	0.48487464482167325	0.4589336694545985	0.4544167568300646	-0.19945873409611445	0.46208249133220675	0.6774835042715035	0.6911908262839562	-0.1310029533159963	0.08377531658387972	-0.5372019223545246	1.0029151446325524	-0.723641524278302	0.04853097335661132	-0.7934724387194637	0.556198760381941	0.5076847506651107	0.21666614182788838	-0.46487061171599453	0.7353670164945707	0.15525991613165377	-0.1187689406695674	-0.11717578474534847	0.23332384912614137
DTXSID7041889	-2.924934778048004	-2.5961855335758757	3.286815441257315	-0.8751448016611421	0.3497526553414088	-0.036386935251425515	-1.2130121767585564	-1.5678187674602417	0.6909966862724929	0.20216133328091385	1.9923013011037662	0.20572972343756685	0.992634378197727	-1.8754909649395328	-0.5935299423470707	0.8705886664616812	-0.8616916301208649	0.12181936317544942	0.778176751505743	-0.4174395377319187	0.3172057056012891	-0.4105686388257353	0.30885466649789756	-0.5023862839490845	-0.9231112869458125	-0.37125623464385116	-1.8858741821609684	-0.16347015369539347	-0.3928158180435466	0.8482883305764076	-0.04132853605462568	-0.24296881892913746	-1.8091552457207376	0.15496571502584036	0.0683884625780708	1.0989896158545176	0.7535867094625067	1.217557972653825	-0.7430797914283425	-0.3955253604090578	1.2780966556594207	2.2574423104071735	-0.5038166068603643	-0.6504443954803654	-0.15303395944094936	0.38760742598595066	-0.16594714571337238	0.7187809361194927	-0.3821831365234302	0.007390319273014531	-0.8630118106663027	0.5596613036267204	-0.20132643386234303	-0.6086118166927599	0.9442966857743472	0.6160733972610504	0.40551236323741824	0.13590241703037886	-1.021694794840398	0.5434792762849018	0.06134646369400382	-0.2711546930996063	0.3142074175407304	-0.5038092201068685	0.34738913651788933	-0.5502333819639156	-0.5806518345512814	0.39139363987051107	0.32409554545363334	0.5458845890125948	-0.14638138350020605	0.32371627695743627	-0.7325062094318617	1.2322294371786873	-0.3599344133494006	0.565206052448014	-0.31745161445713826	-1.0940157443116454	0.3635843491546866	1.3901860313360683	-0.54844759470255	0.5272121270670425	-0.0397722177019105	-0.47971453479101833	-0.2022678884812025	0.4302415707318761	-0.23520390090079688	-0.20364959321001028	0.549963856200386	-0.1815843637339004	0.1328720901104446	-0.3486343468065342	0.1276423850836621	0.03862761173534135	0.24125960346182473	-0.09693228207152702	-0.5430992646511227	0.11241175016633402	-0.1523653331128141	-0.05841229459008564
DTXSID8022080	-3.5225910270129766	-0.6505829220875959	-0.022765433313468263	-1.0706556070904671	-0.027635246196877274	-2.179404971068869	-2.4216356444666065	-0.06522196406461106	-3.3127210609419335	2.651435350336399	-0.5178481319032328	-1.4762982473786561	-0.6364746174130097	0.10504605604193959	0.4307833408625446	-2.060727302256095	-0.688433400072328	-0.3772457033726994	-1.2012917635081148	0.08145000800072	-0.09760720220921276	-0.943352797735738	-0.39702783928363256	1.0496405727513984	-1.0168661374148973	-0.0014193844030107106	0.3049374816234274	-0.7923172263297641	0.47045583965340276	-0.19747930948918305	0.5608530753797182	0.26239113630599153	0.34373539461488584	-0.9902846079174253	0.34939104559478246	-1.111725993455478	-0.33183391251968264	-0.526759384159632	0.17645264894569598	0.10047000502418503	-0.034229810826259845	-0.13469779678442126	0.9673356526366541	-0.15733688131650694	0.4058706538321323	-0.3176708441031167	-0.09744518128892186	-1.0213305495024343	0.30178399087740637	0.1775446766380907	0.8943744238728061	-0.44600223194478034	0.6803493586302557	0.10522688772920662	1.1768842060910332	0.28919549553513857	1.0296189056785765	-0.03451530080152122	0.370402861739925	1.0968908067963636	-0.19928858171243707	-0.019597010976152712	0.23024714930410237	0.6133047446796779	2.8644173767593446	-1.7177266488803544	-2.7974479619806374	-1.673766755723074	2.553730250065899	-0.6355187258855625	-1.946275622331053	1.4668316614727583	-0.5477551400857277	-1.2890066414074683	-0.8009332762651211	0.05419000535686896	-1.1980926900852822	-0.07694251027590554	0.48792014392637556	0.10934196667116276	-0.5585334235983074	0.0028443177194745705	-0.031023275402454017	-0.9093336465808489	0.7294051699509351	-0.5257857226350191	-0.41337964195931143	-0.3505580711843174	-0.0919415201527611	-0.07379812228326446	-0.6685007670077396	-0.5255460169290482	-0.3051784069942559	0.1704542647194752	-0.5305814326212995	0.011072336438548594	-0.3598011576728665	1.1151945282289543e-05	-0.13462184470674088	-0.4904077084292715
DTXSID9023837	-7.889951924006486	0.19325073750168342	-5.9076454635978095	4.078661320073674	3.3464203769339202	-0.5251784149509398	-3.058562484833767	1.1611778435374445	-0.4261365453241301	-0.369362120244386	1.3857391967146466	1.1793933138183925	2.3084941872228297	-2.592773289488605	0.6992987591345716	2.117407718211345	-1.3976701181996147	-2.278267168559212	0.7628584378748139	2.622849756023743	-0.704383227950812	0.6095465946820716	-0.478175200567503	-0.6511171750459787	0.7832876994305923	-2.5210114214947645	2.587602108295779	0.18131986467862687	0.32135713775217867	-1.1322591967814453	2.0784296203869745	-0.27171538076546364	-1.645194004585834	0.16071073850589693	0.2430612460664022	1.8627869010944924	0.4476556384377753	0.2923445515771883	-0.13361013695068294	-1.7529723895808773	1.0393513857776244	2.372497287291468	-0.7509386952873938	1.2422421019901728	0.6100864323777563	-0.5157408168331264	0.7250695164064057	0.3087680097028673	0.7687492207213814	1.0788698335650462	-1.23613145202023	1.0622557097121161	-0.35191722430795086	0.9545036340737783	-0.7469238297688523	-0.874564949863106	1.455902336821608	0.12782504521436067	-1.4926791401596675	-1.361675643911651	3.2683402963442605	-0.20878029642525112	-1.451007005712611	-0.5502071993093107	0.7164855543718814	-0.5144429045580966	-0.6334425397212315	-0.23617106528630968	0.6494470529472709	0.9233420839684923	0.0038024165500454474	0.180520417500175	0.023686024207766512	0.095547949770799	-0.22933136600762022	-0.5980752564479783	1.968302265078948	-1.3359047980724086	0.03970777704021296	1.2811716675967715	-2.1543943896445272	-1.4561051815025154	-0.3917821911781395	-1.210162691842404	0.7615842414849768	0.39808599453856025	-0.5140558427548132	0.4456145931615088	0.16681346428706711	-0.8206961600081527	-0.3729462915236376	-0.21209072419935066	0.6670815354295246	1.155127948680338	1.0463033162254012	1.359774333034858	0.6567208013112965	-0.2049516125044378	0.1527420052789043	0.6211201518882424
DTXSID4045769	6.165892157263953	-1.1660795324017996	-2.240286391728035	0.5738438643513569	0.44339423401016814	1.0178443485339428	3.801814448951528	0.8360173742946709	-1.7580405070233718	0.9510895659650801	1.3446169952249332	-2.3864901653565025	-1.436921779495946	0.924373961646753	1.0105413671549186	1.0252722880789367	0.5587024902331046	-2.105790676994005	0.2774153599127019	-2.673262915155807	-2.0219547603621573	-0.5971963018651778	-0.01133118480009396	1.4498835459550579	-0.0065723157374944895	1.1311022013653544	0.9475739335089272	-1.9594061413776438	-1.453163263380368	-0.4837095360940179	1.4555073383714234	1.769497478119559	1.4867408212017486	-0.8968819117810253	-0.8758213390072479	-1.2304252129686193	0.4094525290846256	-0.6996976999819747	0.10352097276048579	0.1286350964159523	0.10599826922980782	-1.282879771649348	0.1555887209032092	0.9624623028780217	1.7734081675299271	0.40018119555434367	1.5772509038231832	-1.437987387056515	-0.6474935233550224	-2.222237639645173	-0.08237206351501833	-1.1990810215661911	-0.031106957038738378	2.360400793637237	-0.1867929690241758	0.37582641703428316	0.8100331443812735	0.5905153235227426	0.9492860779889273	-1.4062082469249158	-2.1889164600163262	1.3920002043165547	-1.7669558776204153	-2.623900534481983	-0.537885193223767	1.3033382775964637	-2.036446464377851	0.7246727775066211	-0.3645110720237831	1.5725715785836494	0.021311990385884903	1.7791277127900302	-1.130865145494083	0.39912122324232513	-1.6172614041178084	1.2981303822673584	0.1915110340112838	-0.20946888990032397	0.45305503187191615	0.18828736931887236	1.0256692045249258	0.9403447847880526	-1.036751486082329	0.366084696526877	-0.6342458731908843	0.4515624874968202	-0.4586388917906219	1.3580867766308031	-0.49610151896617133	-0.1606201362659757	1.0364758205127103	-0.9264337702997666	0.6860767256448566	-0.6650356333985664	0.3474044114073456	0.24808472700772638	-0.03884278283720022	-0.6907581116021368	-0.1026175828491284	0.4516208618275124
DTXSID9051824	-7.467604814618362	-0.4315914302554311	0.5945995625298487	1.3575071387526434	-2.3777595838056325	0.009974387448840362	-0.6744517489149608	1.375479110895476	0.8679869462321028	-0.05679858559098075	-0.03763959979119686	2.5963520250024272	0.5489010586616817	1.940268259931307	2.613555089342491	2.2716900770482265	-2.5963279916202913	0.13286975215480443	0.03416972210898211	-1.9174710357642195	0.7430165438201792	1.6127038689668542	1.7599278942010463	-1.863132792613169	-0.5054289618815087	-1.4689964114469776	-0.5082067831328734	1.1920933670951774	0.01587494140532156	0.5526813851451567	-1.0048417043839497	0.013630510079266297	-1.008701742831322	0.4063357401542811	-0.06035171247084281	0.7045647629233583	-0.4140646642371398	0.002496485962082296	-0.6570939891741647	-0.4798571121170499	0.05560776116142868	0.05400928830317477	0.33244828419391725	-0.31674977161986645	0.5001955977902177	0.4160662742415853	0.1404054430728594	0.19941094633567938	-0.40407770320830166	0.04767059510674498	0.2913715570628931	-0.5982439271758538	0.4410237562272643	0.09677512152789139	-1.1095585073165461	0.40451813399937614	-0.6878382851672692	-0.4208750050699322	0.6907229984798166	1.1630778253648748	-0.8174587747414477	0.5053726034111188	0.34885841592796074	-0.21076629834637278	-0.7917396037278123	-0.8578219847210785	-0.7599772911346988	0.09555785461624597	-0.2053840327050595	1.0602400436496533	0.2774131250941229	-0.006876630378321108	-0.12793096960004777	0.7640411854686067	-0.06229171506261679	-0.41150673910040436	-0.23985869239884142	0.3112386405877507	0.21614637856060753	0.2966546032492894	-0.4385809731416186	-0.06771193776811567	-0.08071605672072647	-0.1297457043106377	-0.17695039646237898	-0.27444612859188394	-0.02141177648112317	0.13312037585238948	0.34689483966606804	-0.22489858706230834	0.20996379158155765	0.22263657881077795	0.28167737095505513	0.05961258493765149	-0.03765958831846891	-0.34739027968757996	0.08519296145576422	-0.26040183243660187	0.1615031663405099	0.17140409277747468
DTXSID3020332	-1.3180927545650998	-2.0269360665525418	-3.652886614211793	9.835765482780396	5.595218732059887	-1.6305558909838562	-1.6128642180076067	-2.244375516904548	-1.8151426121662602	-8.988858469012522	-5.854439013844935	-5.042825776960943	1.6621245267612834	12.6714765935646	-2.2805556357880294	-2.8989387893323073	-2.683876787952517	-1.4721252499801738	5.559455065602488	1.894771784977818	1.2624453434685912	-1.1892934749878996	2.8709185736326477	-3.0143580568976587	-2.316079567458594	0.6002379863657413	-1.0906085185337546	0.2958088847515188	-0.07214327115654762	-2.962232108867307	2.0972186320445503	-0.12212129651580507	-2.669295276462154	0.3429145574248537	-0.7808744547539909	2.1920075122796256	-0.5506771624692888	3.4530522551221923	-1.002779680768279	-0.09367030695592098	0.5467937483154324	2.082144872896438	-0.5478467822648337	-2.77076754492164	0.7464245953088962	-0.22257902439040178	-1.042806148043121	-1.0019047326057213	0.3152863445234525	-0.02685394563401883	-1.9647028891645044	0.08116013398542994	-0.8165139721999857	-1.6051276374646344	-1.1609445892731092	0.6425926972153646	0.972320852205993	-0.030518933006213875	-1.8911986873401416	0.41933659560433295	-0.5700690795944734	-2.534623079938843	0.8278593566494186	1.5536334784343668	-0.03848024130441765	1.1413858624945392	-0.05700040236891745	-0.19075407940626807	1.4106548407936752	0.5019244015262148	-0.41123217490546304	-0.08534027496038708	-0.007355617254470766	-0.7860753965439353	0.029026161930136414	0.06620250858513207	1.0216879415381013	-0.36916836352150645	0.11894829624059892	-0.5262322433627694	-0.5372342654852195	0.7431607452203365	1.0387238441104911	-0.3269503030694146	0.1432987796614928	0.25800498397680455	0.19975543338972587	-0.22992561182802398	-0.5983750078766771	0.39553976054039003	-0.6444455737996866	-0.21487631898529502	0.4447273743950632	0.6832710714753142	0.37438834173587965	0.5335758994023495	0.12467733748579887	-0.8038187717772153	0.6292626935661758	0.24804697568635323
DTXSID3047639	-4.255128400858291	3.3286099893430405	-2.8013000840893763	-0.021256455959835607	2.4430117566894247	0.9038075552356256	1.1798849075321705	-1.566532409721058	1.4031347040051634	-0.3520459318036761	1.1677672154068464	1.0604433137050533	0.20149803884129688	0.43565789594563054	1.5084972004793957	-0.016857831567396314	1.1973055352201896	-0.15237840781413042	1.0645691820019647	0.6194667998577938	0.536076059136194	0.6286030835605911	0.09193853009186109	-0.9898370601887121	1.650678360746558	0.053309515639177546	-0.6147031078110237	-0.08561128008073894	-0.7400848452555459	-0.6632234798037905	0.004310122853582023	0.3848223421460804	1.208611305319386	0.05957419121251607	0.2116763286437625	0.07738208376038334	-0.24808252493020047	-0.1563941311780469	0.32739755505835993	-0.1335500903398681	0.04515853645868912	-0.6705538499253972	-0.2853376842523142	0.5335673074652545	0.10531058862802352	-0.5328903383045815	-0.07521690942358047	-0.374178123966331	-0.00944659464999223	-0.08822181538685016	-0.02653152670816623	0.37798566970463515	-0.6510225630345853	-0.2666729692959202	-0.12123861868865038	-0.7779457959380107	-0.16900752158374546	-0.29145857080598236	0.02557299930722192	0.3852229578503522	0.05214864087542596	0.04456041223551619	0.7741116050349717	0.2815020695656092	-0.0018235584724748813	-0.5156281250973581	-1.3456506473909413	0.24962814002685257	0.3677730982589916	-0.48748043777517513	-0.635395929162967	-0.7286854954843037	1.2256880748324137	0.5045418972991315	-0.548513221181855	-0.10373501820781508	-0.7377642102100971	0.49950427170504497	-0.6893971960393132	0.18242978507965538	0.05944776304391988	0.4325926255489748	-0.5493303474003457	0.2052442886987861	0.5546227618736765	0.37126318172647715	0.5101084280613482	-0.5853814873237352	0.5681490777552315	0.9127561804892839	1.231841924027074	-0.5061124110445768	-0.8361286217015959	0.1563836011301151	0.5148928270953653	0.28594512351157114	0.27577700729608196	0.30537150304932015	-0.3568852500725692	0.44360574223145083
DTXSID0037730	-2.4553074054058244	-2.6756768933118673	3.571328947115293	6.143098114330889	0.7330385419100057	-2.78914106389836	0.8479298724566277	-2.3085965929979038	-2.125767401205302	-2.7850180563712152	-0.31586766226350343	-2.8369671097059492	-0.06239857955727891	2.7282234343550424	-0.2730937454207388	-0.3101644164701758	-0.09648609301493215	-0.9178347422285403	2.1658779345463186	1.0573704955323673	0.8432350010477515	0.4879610082940225	0.739187607674973	0.781596867769261	-0.08762446677405202	-0.06234737346089839	-0.8522817983365105	3.3056428233871644	1.858699749788768	-0.9230092287265136	0.04080274135139432	0.04030054162382976	-2.0991790814987956	4.1899948110955325	2.2316917368825298	0.5721651430175438	6.714350681870706	-1.8716555547573561	-2.7273920876316526	-0.8557612692756903	-1.2320250615660453	-2.8097550509953497	0.5435488394057112	3.184693021797863	-1.4832526758548046	0.7141115206835484	-2.2198801280542515	1.1948219903495891	1.404768913661152	-2.2059173695104395	1.8282910052143575	-0.3807840484192412	-1.6690297943610486	2.0352936194605697	2.0513319692576224	-1.745632662750833	0.521238825089815	-1.5097067270008482	0.17489010984851533	0.13417498839332245	-0.052598859509442854	0.24880217920586198	0.8817253065216708	-0.8532486125702854	0.848482477778743	0.39985599639804165	0.036786646794088704	-0.3107159960156177	-0.547746660242109	0.7712109316860409	-0.0844346120726938	-0.18519586266384225	-0.18803702194408659	0.10025237167912876	0.27611629857004444	0.3346625259913586	-0.9230941375101999	0.43099357369017954	0.11156018980540429	0.009384725783257256	-0.2142635900742255	-0.2792265016807526	-0.4694562374280258	0.26393082112509725	0.08948410061629714	0.27068868786558525	-0.19390600331231478	0.14948436459408412	-0.5229642931274505	0.016393671222642434	-0.10193045316999765	-0.13287409514103743	0.44522096850153425	0.014686111385322094	-0.07729887178128417	-0.117406834845751	0.03908946498766474	-0.008284399460169753	0.08810070142008236	-0.2665866007669966
DTXSID1026619	-5.870717419465142	-0.23936476766320275	-1.0673397119878458	0.2667415113759849	-1.0273076158241723	-0.12038914869691951	-0.1385170872356682	-1.570496070731442	0.263696224342558	0.7731009155730779	-0.884885935364138	-0.05410593687140887	0.9079078756772333	-0.6213715650544186	-0.6898293899409559	-1.2379580871512639	-0.37980111080288914	-0.567231311391514	0.26390939246757467	0.5585773245204613	0.09434658440596783	0.31617864095425946	0.5393817011128885	-0.17563756089854332	0.36611221179244263	-0.3700571368232733	-0.8326819283744533	-0.29601480938357855	0.6008353715104782	0.35616539050192575	-0.11236388102747816	0.26791304085037565	-0.2825761638707727	0.32327985178625473	0.7322162350880986	0.27757513784775406	0.2669607610559011	0.21118133682002618	-0.3594522542887601	-0.008913305146484292	0.5878677620423125	0.5990989252260315	-0.41996190772801645	0.2618342947987359	0.34874236670868847	0.05348299007697513	-0.0978970837157803	-0.03434391690376593	-0.05517070044246402	0.11468397889272303	-0.0353708545438026	-0.19953757731499094	1.2811854477075382	-0.001659467106372364	0.6174468345468557	-0.29569027812366233	-0.14565325898081324	0.9085778919261452	-0.7074043230427041	0.34014905547387636	-0.08883179493896372	0.2829860495598512	-0.6103964256485217	1.0009886184477363	-0.20037545990244388	-0.7501710616146765	0.4022464211075763	-0.27386421467387667	0.33655424670777784	0.5689835207494671	-0.5544094610609844	-0.25441034693564163	0.8450928872519443	0.2867808389973181	-0.34814091625318655	0.33099100498759004	0.643261862243017	0.16559010573013902	0.7983040417735564	0.5696632773639366	-0.9921002977599566	0.5201803887269711	0.077286480943255	-0.08884179255101989	0.055797271910465275	-0.7584284209715012	0.818335774102716	1.1267394296976672	0.001617182856966022	0.2205368600343679	-0.37953669493758296	-0.4222956269381127	0.35765648674849515	0.05448150017534394	1.0438339192778308	0.339973289000771	-0.053526920230462155	0.5902507537288022	-0.07611338275437994	0.7668060760502136
DTXSID6046719	27.35469928333345	-19.178764409302662	7.94186937385302	3.146850897514325	0.3347901395731082	-3.239395570003538	10.90847493365571	9.137754867672498	14.275095482687135	10.362162732483894	-7.8933396946168	-0.017709807294243946	1.7593625155283714	-5.7038590284742146	5.396680765798232	0.26157745826369994	4.222240618654706	2.262175677190391	1.3273118701921447	4.073009415577921	4.00022425028544	-3.5567683141668143	-1.6863798131990422	-1.6907744178930275	-0.3996120861212498	-2.238191079478547	-0.26668000536849884	2.7052328191099204	-0.20229794970239384	-0.50475366256349	1.811973020122289	1.5609268988928118	-0.18896461079459023	1.1234987134693823	0.37052542664714117	6.403485001071579	0.23180729257834476	-0.4797882937398528	-1.7206319043326512	-4.868592341978423	0.1096804515431462	1.666247188625287	0.6548538128007705	-2.336681722020767	-2.318182520647245	1.7695396785292437	3.1972585165314986	-1.8336625948695138	-1.9480653766754064	1.4549824389499804	1.5678969893824966	-0.2559451233717457	-3.735132836491797	-2.770093936559234	-0.24346282879514508	-1.299926481067248	5.438660786380995	-0.23015952239129728	-1.8828924502838336	-3.4886926670027067	6.178424390024759	-2.717327229331662	-1.2823442257142876	1.5312233399215653	-4.4211615057951565	-6.230450596578724	-2.0215180855581303	0.3275168508414077	-2.7212657038382932	-0.31023025151240063	-6.393375684399993	-3.640161824024306	-3.0770835890526818	-4.504701743186769	0.8870929554751648	-0.11656212608665571	-2.4591320105396237	-1.2173305258863203	-0.23888209948853173	-2.4657074114538595	4.969022873679514	-4.222386273929187	4.092771792847724	-7.611473006136386	-4.068612469540841	4.054842384509655	-3.1881148146757896	-3.5179194866057135	1.372834698552992	0.03987038139627768	1.6253434589943274	-1.5446941955713378	-0.7276430839820648	-0.38512912574585856	0.1726019521425337	11.312422474782466	2.915676800757211	-1.186425990276846	-0.12776693729742283	4.569012007085548
DTXSID2044973	-2.904131150900417	3.7825790773875516	-2.688987047460593	-0.6133614188290245	1.8560818656812208	0.712676909192541	0.7680641635449492	-2.127197243507704	1.3457187338388121	-0.7234442165364173	1.4181261967485221	1.2318679532955261	-0.29354324558675904	1.1562802501780851	0.31383565628449994	-0.06271154487997567	-0.3525045323957428	1.516678850493722	-0.3275371828614253	0.5839114634541465	-0.9859006380163753	0.22920070734032721	-0.9822919598926418	0.09994561139239241	0.206614106753468	-0.2589751258318356	0.37829189726792917	-0.39712803847832523	-0.45209016245654904	-0.9795720538184675	0.09289687963104988	0.5028964295565972	-0.24583001591928916	-0.3182437182312733	0.3243146726487643	-0.19266959483680604	0.8029689058338316	0.7851109804630468	-0.08210184816210014	-0.3377505348293706	-0.02642619092892767	-1.0744382007210804	-0.2773094320010834	-0.21833114052086397	0.5150196981708265	-0.7972636796926545	-0.0979205935049478	0.3069830310648006	0.3343470852396082	0.42901878466302806	-0.23546812451645346	-0.526454807286638	-0.19886277035132935	-0.3689942530789763	-0.5106480265990082	-0.1403167884968253	-0.18491119674908676	-0.7908989554361505	-0.28207774695410726	-0.5161938960479382	-0.35788629179072334	-0.18514143887780857	-0.07564895325473227	0.03965611735414987	0.17777973089670682	-0.09228305899380645	-0.1665569948367007	-0.3218670372718151	0.28749822408288456	0.010435726703698656	-0.39281672463442074	-0.5175070999154768	0.05389674890784301	-0.24059035756898983	-0.18649063473047803	0.36644693808953993	0.37183830762598846	-0.45901007667743166	0.03442363109447166	0.09653726484828311	0.6908888347754926	0.022765430884610225	0.3818132321260386	0.0058238867896349255	0.2257180294611557	0.4284165840593926	0.4707835453815321	-0.01815412382205008	-0.4283128248104193	-0.1055638340277891	-0.07930292459672778	0.3811456593931638	0.024281474765479514	-0.04399849586254381	-0.32310935680764524	0.22466798626228945	0.3588938704430475	-0.05596532592099191	-0.15619460971875068	-0.4507260721773169
DTXSID0046808	11.951179679112492	9.901263725604375	2.782856265523133	-2.5853713756559107	-3.601071447938515	-1.4752934550406618	0.3962561794031048	3.3623890945394876	-0.2877241690935722	0.2304962911132375	0.507663474312327	-0.47395004943519053	-1.9392735606118807	-0.47295705814624606	-0.8517760278329826	1.5639298827472081	-0.07590369710232187	-2.581744875833223	3.5925883777316594	4.907343601237732	-2.5361688652215566	4.7573388850776	2.8597899423282303	-0.7302421577822698	-1.761460457869367	1.806603436169319	-2.204695975243337	-1.2404493113023762	2.5344185505827728	-1.2113630885916606	-2.2959093730606077	-3.2729174807450487	0.6766308015691884	1.4886927126515324	-2.8554461367276764	-3.103277318211607	0.9481009831193207	-4.754815075254638	-4.5089305420210115	5.463800546504549	5.252322042724602	6.317643059639328	1.9937614718111891	-0.21742744798730884	-0.8248136827791456	-4.97936741002026	5.403759074390977	1.5935384886149009	4.186165944293843	3.4632866222028666	4.325408997730235	-3.0459055854363606	-2.798663137012065	0.4208505214833444	-2.9031013166998165	-0.387388155337499	-0.2789678359853318	0.6015338625974612	1.4869401805286202	-1.473316355626444	-2.138270553895238	-1.188821060277982	0.42782231533989096	-0.3838302217965782	2.025573838025913	1.8273595417229922	0.03658433779314079	1.915639076223936	0.7639203653350468	2.572363593179217	-1.723431028498459	-1.4730573778005158	0.9212049078210248	-0.6143730196478523	0.010452697263695548	-0.3897345243404972	1.464340431808816	-1.0012991964640459	0.7999026180793463	0.7843735629943261	-0.37058399944218656	-1.1947905065876185	0.6265329460696363	0.3886936637508802	0.1373558642002612	0.40764440698585064	1.678077433888028	-0.6764067758738402	0.684197609972204	-0.7159271223394419	-0.8331751594226435	-0.42461363714898703	-0.3466192546112907	0.4189146522258411	0.015218633754012962	1.8986169943945996	-1.4293537149547768	-0.9170540131020809	0.5293128244290607	0.3685380217924378
DTXSID2026151	15.19331535962181	3.045693098294384	1.6662820384578367	-2.7428917133187034	8.022430209152958	1.769162370401288	-0.1573018145063389	-1.788539363216351	2.054783533971128	-3.1110336596951305	-0.6102498054004771	-1.1563788537878856	-4.1314413533222005	4.448903751516513	1.5551434829315007	-0.9545717547742889	-1.687483020471672	0.9412888784497668	1.7591912096664306	0.6838564104536147	0.18237035102548063	-0.9114526764889522	-1.0040731032062433	-0.9064002786677748	-0.49054466474949787	0.0436582338668665	0.4153067998866187	-0.5308940735757687	0.04182808047820175	-1.5500655425574172	-0.39092691653216377	-0.5355280188392318	0.4405426439337626	-1.5396211109898779	0.9307292116766254	0.38106890258685644	-0.2187002375018343	-0.23830641979504752	-0.3358687395576596	0.0902748883528624	0.4621927422092408	0.04912736875862919	0.21343168276891566	0.1687977374796016	0.31953886810063264	-0.6631268569123387	0.2605436479026148	-0.6718170820718876	1.009541785584204	0.03618341705859345	-0.8766933827232612	0.3948304355067658	-0.8900129144363494	-1.3231973462079172	0.16072531794129594	-0.12067758189685304	0.20862552877790574	-2.4303503654673104	-1.370865378415061	0.44808436758623704	-0.045008288777722706	-0.029233369649355828	-1.100923602314903	-1.3486179266159382	0.387813166153974	-0.9494954285468669	-0.7539177402104799	-0.3752839578530381	0.9405520304836485	-0.6481630411929958	0.2284886021213608	-0.559330579117949	0.3827609519161856	0.12718729211276084	0.6485728931231054	-0.0724571417111714	1.3046021458262798	-0.4933311929235932	-0.2772882433109928	-1.3782850924513657	0.7416321844654231	-0.11698675875416753	-0.1492907690701681	-0.6756790167174669	-0.19546369733586547	-0.06702975638154514	1.6272287039079452	-0.9524281482125959	0.3423979134338963	0.5929945371090497	0.4134276884947283	0.2228587937790211	0.8179825715463335	-0.6919120442953316	-1.207851299951158	-0.6475815739257539	2.3534983999437653	0.3694636446040805	-0.13513017017017806	-2.0908828771550425
DTXSID8047397	2.6121753015705074	1.4238943753524604	0.2924066738258538	-1.082783851621826	2.269359065321309	0.23891783893758148	0.9793106147877126	1.3246339245850827	0.1483979960776502	0.04628268524937733	0.10652843800865805	0.7809921391101796	1.0745781692932443	0.9341135460990131	1.024170866570067	-0.9611561203807096	2.6034211939733494	-2.5017060642665627	0.0109110309952143	-2.3040541035341358	0.39146952156847764	-0.7193296737454044	0.3583554627119845	1.5759919821675556	-0.11742601734519502	0.33046811194021847	-0.10045534603006873	-2.4282179949433114	-1.3241956691395609	-0.3110922200670328	0.5321142808389159	1.1289376475586865	-0.5025023608240302	0.27403804509844804	0.9323992373342805	-2.161276477286715	0.26973395742293427	-0.5527641513938978	0.7553555922420869	-0.5979401247969177	1.0388358043259656	-0.4678918248812849	-0.5417738379074987	0.5372448790458655	1.4900912716310473	0.3038707732133584	-0.2841990650325752	0.2679758944810791	-1.8649072622194178	-0.008206535070415192	0.8737999171537315	-1.6989382688466497	-0.6974191590578386	2.2570872180331243	-0.9025447134082707	-0.08915392162265899	-0.3090247189499851	0.5956648601944475	0.8558863753960442	-1.4767685665025618	-1.2462188569854016	0.5950991390798411	-1.049156939018322	0.3909771288638268	0.9357700761841267	0.5721082462747773	-1.237811616782589	0.30534739339135064	-0.8485895496615806	-0.2868423705971205	0.5190474724794344	-0.2580639686480613	0.15145097110359595	0.25135793182891736	-1.0871596139399868	0.5367367597073488	0.44905262088238307	-1.1106509699425717	0.621726425573684	1.210239205611534	1.3475073366577253	0.4487325787284957	0.966156146373314	-0.8493337105760022	0.7091164016314385	-0.3414131067382845	0.3873277213146836	0.15918689229597388	-0.5527365557543478	-0.06323341965266398	-0.6727681119419595	-0.6435029967909753	0.7257040835280478	0.2191685273428289	0.8268525293636969	-0.21150437296146693	0.1848125299550124	-0.5022525247158267	-0.7420780588063504	-0.054045722342674206
DTXSID3022586	23.483715873262017	-1.2210285486024894	-5.617296897254002	19.593294161942605	2.0597583719680825	-3.832460533994779	-2.7613490254280273	11.901675487551241	-2.5531980500947618	-2.683199133483725	-3.266191345319859	6.0337614275533795	1.2695091737495614	1.1061275117889693	-5.711910137148364	6.487316649883279	1.825529683270733	-3.2374994886717654	-2.712322157477182	-4.5446135480878755	-7.349856646735382	8.954467236319548	3.690889167532931	3.693183356619261	-2.6822591468727093	1.5690644204260586	-8.370119372423321	-8.067277225811116	-2.3616846240077214	0.47042539641180525	0.20899967188560672	-5.2730496831375735	1.3903556334584293	-2.3072325899022603	2.0718070325401827	0.4067490340513046	-0.05961970459202309	-0.660903758458944	1.1010216710210003	-3.343003192010347	1.8853516231264156	-0.3162664597601131	0.19999548774579784	-0.6116417238202753	-0.490348087474721	2.160571963893569	-6.688454092079702	3.701028153369625	5.464016662365322	1.5093605625846864	-3.534559129396946	0.5500524278017372	-1.4978052760273446	-1.6346631056921583	-1.6484229799029972	-4.886810874905671	-4.745819864567366	-0.9745907970592573	1.0653315578004843	2.8856409121480966	-2.9329508269629083	-1.059666745190439	-0.4704408186909591	-3.822635191710988	0.9338508733113745	2.5443238929222556	3.9813074338390195	-1.9521238542451604	5.591460172608311	-0.17132678947575902	0.60304188202375	-2.7258945731713116	2.220292763754579	-0.37417722728167	-5.048002288695442	-0.3781025799338221	-1.0746005794785964	-1.5746209555655795	-2.241122007959049	0.11527723960343979	-2.168375423423286	-3.9493512340083017	-4.82269989467737	-0.8159643395762569	-1.6281161002266438	-3.5073382961651087	-4.050362376304338	2.1709554992124573	-1.2603478748521022	-0.29939211747922206	2.7871469907902577	1.8522313647769466	-0.9182098270894041	2.0733681972183917	-1.1175044059237231	1.265678695597051	-0.02421293425114052	3.5420874547651375	-0.5999631790822139	0.3933422396614481
DTXSID3048734	23.847250088083054	2.4826820440155855	-6.471411951641041	-2.8812627863323534	9.225436444259072	1.0819191541937405	3.0767270661777633	0.02836366471812928	-2.3696605649409626	0.024006976006961077	-4.148311131787281	0.844345366511808	-2.9901921844155437	0.91899556301072	-0.7098809439803766	4.156446957079784	0.967835690869436	-2.058561863638457	-1.7935872187681872	-3.9708007865287986	-2.2395359749715906	0.903325223462915	-1.6765958457878463	2.1456370493322217	2.662905591548637	2.2284487661694348	-6.296408643997543	-2.5044353112537467	-2.0430126590507154	-0.7691987142743548	1.1025284615274051	-1.127328122878447	1.584749065142586	-2.187068056358974	-0.9271459368315991	-1.0718512365259942	2.7302345512518404	-1.9414315431601143	2.204456919547513	-0.8607979554681122	-0.7196295732992106	-0.6888886415396475	-0.3600392552142329	0.5521250051365144	0.04238159065310344	-0.7531654885592387	2.2603221355291914	-0.38065589486347606	1.0376821725059286	-0.873104762192124	-0.14417998574052138	0.7209578766243278	-1.2407766037422687	2.820390426348438	-2.759015821732102	-0.011477258714780943	-1.2448414416780462	0.2661675030428195	1.0504923619187114	1.545837674822298	-1.834564534651335	1.3681181587263227	-1.651936801137533	-4.909364940137069	-0.7763432918823276	0.5664384458521465	-2.6244773152767467	-0.774911599182755	0.6576366570985804	-1.7236464655349275	1.598958370039862	1.7839214488382702	-0.2335608922297517	0.575364496068371	-4.062246265800191	0.15188963058183177	1.0896877580249014	0.2630850672108464	-0.2325985484374158	0.9487630999357609	0.8506636219660215	-0.06106787762266504	-3.7202934270304433	-0.25004079626561926	-0.39245285494277543	0.698760549231751	-0.2841852446390799	0.18440788655740006	0.7108306472857959	-0.6506662136199575	1.1213117759839641	-0.8862929044368641	0.3927286662692271	-0.5855245872150391	0.9650958140516381	0.278342127853186	2.035865426980768	1.5640802317690883	0.36978956391183326	-1.105685836195933
DTXSID9034286	-6.666152845070423	0.9382445789975272	-3.1994244409556245	-0.034185992346159794	-2.9628829576303284	-1.8680210603947744	1.486607960097774	0.38036191451418383	0.7242986313751854	0.21178387804881418	-0.7040246655265094	-0.9926420562095402	1.4490860582632694	0.33683874990283036	-0.0869141280118417	-1.1028072850562338	0.13620715604100228	0.294359684576772	1.420892972472077	-0.09091143330415193	-0.13935944257798236	0.5131852379934267	-0.5158277843515976	-0.28102519896730505	0.453572410854337	-0.4265034886305461	0.6791081502852144	-0.5093270493725907	0.2542671660338687	-0.6608713675412329	0.12867338286371482	-0.015612763711226905	0.3158558127072806	-0.7581528951228228	-0.3151509956293762	0.2804183616236078	-0.18166441308455336	0.029808960821200492	-0.61411494768914	0.49472722048014356	-0.03825208514228766	0.36957601042671134	-0.19582021712750303	1.238620767246351	0.034781948345462006	0.1577769343768639	-0.02766942110433734	-0.4760196193947523	0.08469997337599837	-0.36197041913210526	-0.06994206689902296	0.04258422309594812	1.3770414962311002	0.4412016454964445	0.564797965432998	-0.0175987745335242	-0.400999490506166	0.08364782286019984	-0.09878066877950675	0.7787998124549194	-0.05303307805754836	-0.2995613914853209	-0.49843644493657846	-0.2663568512345824	0.24980223008779015	-1.1565642536679948	-0.04289657123639371	0.05549257296917668	0.07699934214611662	0.23872690178638983	0.07821601136042333	-0.10145972411093716	0.21131252347444376	-0.06888315937588084	-0.7089155793250573	0.7406812827823958	0.45768693325726234	0.5289318212743708	0.05925593011915348	0.165063105291134	-0.19164214350191386	-0.812667819768215	0.27085157672663257	0.54770576067504	0.007540869289663284	0.006317437380347858	1.188836045694932	0.33519869328317853	0.10021663745047357	0.19474087706544593	0.1398715539073975	-0.1924063574445754	-1.3895026819700338	-0.3125950330276767	-0.20655728248484378	0.28609516740681207	0.44551896908906213	0.10330559591104285	-0.19374592660231257	0.06931529537093056
DTXSID5020445	-1.6088456397914306	-1.303396736112344	-2.2359694904684786	-0.8734976775361792	-0.5609617724004111	-0.9414153046934228	-0.7276030302459792	-2.206061341326777	0.08031744188430706	1.434966192442424	2.852644397969466	0.1969806119172396	0.21361326004017106	2.074256470812213	-0.5593583870927298	-0.28476323176680385	1.0004267698138103	0.9511155244639564	1.0051503009875475	0.2754427264561223	-0.01808355668947392	1.1549776817838153	0.3923232922528073	0.3359712910257052	-0.029097979624214877	0.6147515694324217	0.35102608980981304	0.10805273466190396	0.08412996732444768	0.5108818606412339	0.1677641332624701	-0.2577001602094654	0.638455255807239	0.4394756124075132	0.0904014070808774	-0.06189156526934702	0.03646462846379916	-0.24206184959004062	0.8167243472462783	-0.6067663854247175	0.7437312880515616	-0.2762745894051751	-0.26084254159292636	-0.12143441221618045	0.6407562359289634	-0.10642355105702773	0.32862225066947387	-0.31948159684978583	0.31477520242765283	-0.24858640740852322	-0.33104047536832065	0.636687469838903	0.23974803987722104	-0.04676782158616006	0.03322817584077018	0.008025994715363891	-0.08903334496287245	-0.3244786790160735	-0.16950544334858544	0.11169117193591574	-0.036861386031151425	0.689085116222711	-0.6273795795129119	-0.29394640661458027	-0.5344299934011512	-0.0890491842004939	0.1928464789397406	-0.32047605039305754	0.18690864049105027	-0.4363061381545433	-0.9199620898389053	-0.09612663743190501	0.03165463220718855	0.029500102762036275	-0.10064413852610345	0.13447290694006894	-0.0126801203017568	-0.3841476094119857	0.4144114433595402	-0.0010776428934951897	0.3561148253908958	0.12642957487719592	0.3148993457890362	0.23656165682244049	-0.9107744984252936	0.31802193348171026	-0.386776583941398	-0.09973445264322141	-0.8973365182211581	0.05283855350235351	-0.17361470208158367	0.04121350802414453	-0.4101438410496233	0.2431199601410096	-0.031115806420978432	-0.20757475264801287	0.05579812760551164	0.09036586209416685	-0.10453168979367174	0.2034637659003655
DTXSID3022611	1.1382608182473344	0.10202623357751102	2.1224729438056764	1.9650254996681407	-1.8484007111746814	1.184506727695487	-0.5753060501362793	-2.3646439057503676	0.8629883154208252	0.7487236674438155	1.9269923714816506	0.43583083166082415	4.339105495319225	0.8861171684131439	-2.0077494871960377	0.9996614898230322	2.079586469321719	1.235178934124251	-1.8093929522289467	-1.2964483900637287	-0.06401797570143215	-0.8441258839506982	1.0339062204458378	-0.9954144446898561	1.089925235623554	0.9139269741455501	1.162931279435549	2.3597079915346293	0.6741999538767142	0.4457329756544589	0.6085444801639432	0.09545504654861926	-0.16987336058318572	1.8105839067071905	1.103986020660499	0.3098160994409402	0.7000921811067573	-0.7847063608579005	-0.9807764101653311	2.6723069692986186	0.7128968229015429	1.8318290673459603	-0.16109733250314937	0.1398161142429125	-0.22857561611067126	-0.20507737041456076	0.9627214721244337	-0.8609889144631769	-3.1559274639526103	-3.1885893625061477	-1.4242625846374222	1.8704782082789073	1.0689784269471234	-1.0123585170751566	-1.1806620019318157	0.19768933862817062	1.9851196177848514	0.8888927542121596	-0.7896181357696441	-0.11522244780422264	-0.4384249846403866	2.038706141999212	0.7971733921511093	1.5317855013221788	-0.819291832246889	-0.4480256533824477	-0.296822355356103	1.2553641658369445	0.47132490539969235	-1.2935441069258202	0.3727409100443408	0.22225241003574306	0.04555535993290817	-0.27746306538586013	0.01709534418765212	-0.17222359701472567	0.39547652049642207	-0.40801547179071995	0.8969231891370933	-0.7155447145033289	0.4255586388187713	-0.044134070988733454	0.7095992565022203	-0.44338282297338394	0.26315516001558215	-0.4891429626054237	-0.5308168041740784	0.527999931861449	1.229063298488755	-0.2524238775150511	0.34122555419843004	-0.22734515018038412	-0.12046278530692911	-0.17648306822181747	-0.23897522421957934	-0.5034703451651931	-0.1898949169683227	0.3351722026185508	0.3319524595026478	0.23042779119481635
DTXSID6046555	1.8172476231636394	-1.1231973920467286	-0.04527848665059184	-2.322490593382678	-2.4109143507433455	-1.8947979127475993	1.8682991791248622	-0.0953849353279873	1.401538775805474	-1.5180088377924847	0.32575247551183995	-0.20769466289929622	3.635752372065215	0.24418944867592074	-2.257774145807323	1.2008911859727598	1.2103152314343038	2.6267237114511666	-0.4024760488409341	0.41222835835840466	-0.19878350400443628	0.34607439431117143	-1.9644352994749705	-0.3215775837353075	0.1097589597701611	0.19908830605301567	0.033770931568518923	0.27219278273574116	0.10993596964827614	2.192326748791016	-1.6405752261452724	2.3492146271845993	-0.2809992418661263	4.899943840579744	3.010433261482155	-1.4672068823967908	-3.3943040288994153	5.918779750361755	0.6895550070930445	-2.258788977995609	-4.818897208917045	5.777948456796593	5.326042322108694	7.672177024847149	-1.4489094964887907	-5.479788313121908	-0.49399559848880087	-2.9331228268235057	-0.34010159237811344	-2.5806168198265174	-1.7213798516064887	2.579956807683058	0.5124659246363954	-0.7728275321754815	-3.4694115215703127	-1.0739874598821553	-1.1019923173888695	-0.6014678709807109	0.5509369852301896	0.33093160917712405	-1.2732872765078886	1.644007161987816	0.03383180630454446	-0.36990906080499797	0.44415983762022493	1.6710032903165006	-0.5455103708384101	1.917452817025288	0.6959605231981009	0.23684683408466603	-2.1803326540876222	-0.3000402553008422	-1.176451032507305	-2.0958856693575214	0.6799074672961304	-0.10041768931083307	0.4619450787525916	-0.28976580095148957	2.029665320252668	0.22134408053827814	0.8352984909282466	0.803477173987086	0.3337491867831093	-0.5129524010949513	-1.5540163188593374	0.8121070725078283	-0.22297712963661262	-0.1033998987132329	-0.7629513091858755	-0.5120678162676119	-0.8188557411572608	-0.30207106686414237	0.3523742876464091	-1.1713534988029115	0.3287753311189735	-0.35317096238030704	0.9335207988504424	-0.19839977120421506	-0.8651509696872527	-0.21147291319399042
DTXSID5020491	-2.3906494883695952	-2.253174455616319	2.7468263405803177	-1.841910008783952	-0.24078106228316287	2.1743607084995644	0.349619430818531	1.4955989151932187	1.4514232167143255	-0.7205187601200687	-0.7282873342102065	1.8581002941277711	1.8773283045335416	-0.8002994999238614	0.4814453463848124	-0.17986960800058377	0.0383756620808896	-1.7962158506358616	-1.187505373208097	-0.10078966689878426	0.8533895344762048	-0.002925234290306737	-0.5099587027355166	1.1613212022014032	-0.5497922528703917	0.38985059142241857	-0.4067284603684298	3.5407583643918645	1.7710810652099673	-1.6304965739422932	1.9050177226416438	1.3689945059416662	-0.10638919773632363	-1.0220811229353017	0.6771890585463753	-1.5308544563549245	-0.46540933171918736	3.523841105835776	0.6575605905874374	0.8106689745034966	0.25590568652443646	1.3848524962808226	-1.4414832048232868	-1.936762531404874	0.38988233248249066	-0.13648378019001775	-0.5596943806457828	1.4582308675645297	-0.2618252042681045	0.05942342745533734	1.6625268008766223	-0.8794951064854906	0.23239730937919947	1.2245497558288168	1.1801296113316766	-0.766402526740829	-0.4383552691824732	-0.2255237469179462	0.17198753826219002	-0.21992160386536627	-0.4981856991740386	-0.6834280682876798	0.7120518817934797	0.2710864380463603	0.8082063438319187	1.305707448389065	0.7313321869744208	-0.9829376183210325	0.10113642248075409	-0.8077938394270989	-0.33976327053851374	-0.18477412525403758	0.9034938920997587	-0.48210201409242837	0.5963567317596589	-0.2209857096980265	0.07103763386686948	0.9085986558617118	-0.021792846555203627	0.3016122831203076	-0.10174146000755771	0.2565257714961324	1.0314968648853258	0.29028779910531627	0.26188932553852456	0.02205753535783235	0.24764019049363747	0.22566208438267868	0.058324311947783765	-0.10972932469850709	-0.440464750636819	-0.1928275862756296	0.056125928601418136	0.18715491876582435	-0.3724906153201724	0.1584814463186352	0.01883193114183379	0.08052104035928655	0.2637599501663314	0.1865738104308657
DTXSID9023097	11.240721398420302	-4.195272009836958	-4.756062715361423	0.7732045715009589	-2.67064821036011	5.63368442754208	3.21932035065914	2.4651171861472365	-1.7448782139510595	-6.351137343772363	-0.8297884296872602	-3.9217795476592436	-3.763840860705196	-6.72887669048568	-1.4052123873876539	-2.7201011263003774	-2.474679979275949	5.094720341546846	1.35776310677461	-1.07452372070213	1.2458318672355806	5.935062545866363	3.0087734123112644	-1.943799979100194	2.487037056782908	-0.8563596182899961	-0.47767476492554195	-4.017770329837242	0.9232102393232446	-0.5913237634142295	0.47564705587709794	4.79787379588745	3.042106030684133	1.788838254630168	3.8573067188182244	3.902617977800933	1.6172646476246915	-1.4537207599940745	1.8838309090484222	1.301348346609632	-0.2785771881955111	1.8900592816704356	-0.5285369656180994	-1.361830240950435	-0.3479442025957377	-0.7180311485309784	-0.6529191898688115	0.21817898827315166	-2.799894603964462	0.09888663750058833	2.1143166480108047	-0.10838286975412227	-0.6485881926896248	-0.0810005685079584	0.3549291774517892	0.5622562272571417	0.8324357927651261	0.4938483341516978	-1.3414625472633102	-1.097189789429448	1.7712025274564553	2.693216972807835	0.2175136151444039	0.09227493878374977	0.28781438701554674	-0.46638499783126736	1.119509144696838	-1.4582704185853952	1.9731377665013592	0.38093566296614906	-0.6809994211981977	-1.909144676877234	-6.691889060664609	2.9340570528675194	-4.024175203941885	-2.0401721015653447	2.183987545281679	4.6750608072488085	3.0390581513694563	0.42659965344522893	-0.40664406168466993	0.5146727940261695	-0.18262668971614154	3.000923581526258	-3.2776917527138183	-4.583104001952463	-0.7341609036990051	-0.8987266079910009	0.6673708603283266	-0.6400638569845148	1.716155337473779	-0.039000978039364954	0.24368244349487111	-0.21290975306083912	0.2648682336563021	0.2712145149125608	-1.1231638573236877	-2.618989778120409	1.7003029132154839	-0.7624251417773462
DTXSID7048586	25.4582575014974	-11.99684336132549	-2.0608294026048117	-2.69238665501168	2.5140823316641816	3.8022163973087157	2.0358954758713868	5.288341837004178	4.092401349508331	-3.620588327014658	2.7676981613126457	0.37145886805312234	0.07543427566148693	2.178706081149299	-4.459665741607505	2.2659754480796384	0.9305285262233817	4.271402274263209	-2.329816327312179	1.9286677996941033	1.5847242944921887	0.06651553057412263	-0.8562396277619634	0.9358647240462727	1.6263831588359452	-3.6550820433453906	-0.027407376817478842	2.8563555614288845	2.872744260015033	-0.08661886473281971	-1.9497189368313763	-0.1479456424269677	2.479321388221498	2.6222490953272395	0.26554904768207993	-1.1077823062446308	-0.5964565344047307	-4.0251559185971475	-0.5030246924248646	-0.4107954701417231	-0.8286184484406964	-0.6344019377997675	0.9486779656030588	1.538855236512727	-0.6760237876973327	1.5626922792871627	1.5450906553148165	-0.03940522882157663	-0.7841786131926488	1.8876166039135793	1.0774146688755764	3.530713377679894	1.7249184737966345	-2.455096789959283	-0.8440741805326766	1.7502248506290485	-3.225709562159956	2.0132015808698394	1.8648801692085617	1.067731744399231	1.73635069498752	-1.5645478267089483	-2.3630266840517096	-1.6752854708290803	-3.6269217864251346	-2.919237741470637	-1.84737217437841	0.2446603888948713	-1.7371287281016587	0.6171387576233797	-1.1352475211031154	0.9898900826481993	-0.2064780350751888	0.08492036709628334	-1.4791344872130088	-2.575552703561532	-2.833934733267782	1.0246586284504757	-0.2714963924201917	-2.1531945454397343	-2.100809304007799	0.5912993980167832	-0.10353701859798593	0.2741876681197625	-0.7236586055782416	-2.5167525467001224	0.44817500446627045	-2.427854937906641	2.966591991445317	-0.6525701921146689	2.027199590534663	0.5147825309777668	-2.0089092436937275	-1.4272172557178466	2.167908108385899	-0.34726619801916186	-0.5847430351480836	0.7926034825249676	2.168088859241297	0.269021305395312
DTXSID0044107	-3.1238301772190207	1.0398009814828546	0.5228865420380445	1.0198668810071223	2.0290920825972303	0.24506736896993633	-0.10643510418825107	-1.3573767252553772	0.04646299492665075	-3.1561262789546647	-1.6392629052330905	-1.795127495554019	0.9233319460057444	4.221721013172702	-0.17059140867620975	-1.5792489737727977	-1.4704642903249028	0.1470919283767832	1.9597713737770177	0.5619684200766292	0.031148077752407285	-0.309271990340976	0.375844310558313	-0.7317264851013713	-1.314387206080694	0.07961317831069045	0.29329176953618946	0.09929433921218744	-0.001308713168259056	-0.42129826632384093	0.7826020612331676	-0.09989582083087147	-1.0144023574614494	-0.032509668665475035	-0.06136306830379204	0.6768960978481869	0.08722471981984942	1.8366510892475294	-0.7036776315585942	0.31913369296919936	0.338273560827515	0.21352205206210545	-0.7027433868076646	-0.5942968376232713	0.3655350132950113	-0.38321936441884824	-0.043528488310790536	-0.6980890671422234	0.07138735154158485	0.16310023155774794	-1.0188129082911908	-1.0287414713708716	-0.3445202090082291	-0.5816575172526885	-0.21970117560645486	0.41197559197312944	0.09072474852714074	-0.15042580667295302	-1.071925751664825	-0.43350600709918286	-0.2401702050396492	-0.5351543896649338	0.7172976971035002	0.8449724144872326	-0.29742349681422464	0.7443586343880171	0.17262950109898764	-0.24038873174275455	0.2633989277599473	-0.5840546828268555	-0.36927775581656835	0.025146364232517846	-0.10478933802855418	0.4368228294502333	-0.16657702157967375	0.6885837957402774	0.6787492670054021	-0.18933905736546994	-0.18234998912409053	-0.20129570882856562	-0.4359232678164173	-0.1550541324161866	0.7286280988934303	-0.46056542414178264	-0.1240333717681803	0.49543795548240516	0.21445878789873185	0.047001979399853365	-0.00280570199383369	0.0865044042507127	-0.15649922551322287	-0.14565782864174137	0.28358772364522294	-0.048073103722122916	-0.040700338439341434	0.2658646185523271	0.3763092126171531	0.2779692455071162	0.27207823685531796	0.2668331240929398
DTXSID3057725	-6.816275937389523	3.824559458476486	-2.0876678972115066	3.2896206214932615	0.2646385454664068	-0.45395275697594994	-0.14941919059931247	-1.0418704289083804	-0.4609745038066916	-2.8177751037846526	-1.670771931778536	-1.6877839294710548	0.8726741358458147	4.609169792346035	0.05514806259465234	-1.4035305003560443	-1.1960155115627635	-1.0737979196471819	3.077271559777712	0.9361307452892542	0.4149170338974919	-0.20105578908941452	0.747498372932002	-1.0214764827072758	-0.6627532206648236	0.10087419684993068	0.09899363523156418	0.11883501947288252	-0.2798108692719346	-1.3701770032850062	0.7369792549306315	0.5204407115774952	-1.0848094311900884	0.15062072227420908	-0.3091618836235023	0.3818592597400253	0.27991714407505613	1.6492130508529455	-0.4349593729365258	0.14937270097379673	0.2437714264989184	0.5876043228850812	-0.32644994305515	-0.7984293574032558	0.5349278336838482	-0.5812796980191961	-0.6898889933209914	-0.29207053501733254	0.059874202385444636	0.07646735328258526	-1.0027094040643156	-0.846908607282131	-0.3696807017706336	-0.4315401073003615	-0.4418034034544529	0.5990857423967745	0.45092090582934546	-0.5250137632125821	-0.9687237353196225	0.23222481173531614	-0.20111489896346318	-1.0748777849516478	-0.29203399780888223	0.48668671929091706	-0.015188935503147958	-0.1347968259531106	-0.5256073468783792	0.21832028228927536	0.5959412041767979	0.2883887100862088	-0.10056165288423088	-0.27961055648953825	-0.1179255680906371	-0.36535683272185343	0.141858409498067	0.5976075853912571	0.6817293839220395	-0.007554779091264582	-0.15925626680752725	-0.11709282801361438	0.5226048359297554	-0.39985351390099455	1.0831747257694617	-0.07518577348687892	0.07573088484550702	-0.31597940498831634	0.5007450935339772	-0.11558261542108128	-0.3193702667958629	0.35864045089114394	0.006045381326320832	0.41439818505898485	0.12233360036200856	0.16693596373058944	0.8139729037817875	0.6022746609220551	0.011230179927965976	0.07783939466557212	-0.15056984004267115	0.14068440583217198
DTXSID6046636	17.031054010534632	7.513699813982793	-3.5696441719880387	5.180188090244817	-4.311376542004918	-2.3328383856619856	-8.99321800379477	-3.8803467480626814	0.9089001687471908	0.2692803484424651	-0.9308162558000964	3.060132612057607	6.219531774110987	-0.934136358164232	-5.031904412199544	1.7927344686540907	0.8195747306185301	-2.003021392241259	0.14762919883575942	-0.6451661156131357	-2.557455490247346	0.2491980713590713	-0.4162313452979174	0.6102403389796435	3.1185100060120634	5.530683681678435	0.7806119111548723	1.840189177445057	0.8432039223939137	1.4964759498489573	0.5737359656875618	0.8486159751308554	-3.9576415660719624	-1.15732376453547	1.9460578267862467	6.941724293058018	-1.8253825760317341	-1.5491647408478832	1.8528405108702004	-2.273968478272025	-1.5786327202004313	-0.0500630687552586	2.6529211162290625	-0.7509826774676265	4.3427922559042	0.6645357951619745	1.1562962650381163	-4.099796665881683	3.9805793340871367	1.0231327788000233	6.860269501511869	-0.9766200172767732	-0.2377209758732651	-0.2791197787374256	0.8773577802562548	5.27477474382496	-3.611493754052324	2.7190019608646017	-1.1091812033766202	-5.017335008558326	0.8109804684881596	-0.11588215695520898	1.7998627010454524	-1.592039391660208	-0.10136387627897615	-1.997545531509226	-1.2047433915518169	1.446003644273177	0.39992051219418034	-3.2666106921933427	-0.09645836233937304	-0.5709548150833106	-0.49023060507804117	2.1972948768849454	3.160353867687132	4.069123521229555	-4.923536091910681	5.531747574423278	1.611321754180739	-2.0725058879433846	4.327998213730002	5.450508200578143	0.43234064948898043	2.0212431664083663	-0.1470336181405171	0.8084310020287453	5.570021777516963	0.9164167551313644	2.38551977620091	-0.12569410651407317	-0.8205663201860491	0.19137282819416485	0.5981991402012515	-1.6439596906535234	-0.42718841129520313	-2.059435859576661	0.5626044203177951	1.5004867499185164	-0.8394511725242856	-0.5946855566600594
DTXSID3048609	19.01328749994727	-2.186301371071779	-5.731498145528444	11.003242487223973	4.363782274789076	-1.308487920543527	-0.904308003125762	10.300817677234699	-0.96248011936775	-0.7540800974372674	-0.9610112298639463	3.577827300131164	-0.20602013888557671	1.7702191319628848	-1.8064984906625172	2.7225650348312196	-1.7079754197921184	-4.399790734248074	0.8896288337341747	-2.3637895836906204	-4.61329974904104	4.1907488255432375	3.2859332509060235	1.2435917754236643	-1.9921465725197263	1.0646277649025986	-2.26052092091694	-7.094212979974334	-2.261255172924709	1.1744425789829502	-1.4759592226146252	-1.4918199991742405	1.9842782396180612	0.04136576817472811	0.8584868805102441	-3.1676268464764785	1.5058391680902725	-0.1780634335797009	3.1481762485857674	-1.0961682661500871	1.5632149646423394	0.8981939694405551	0.22657583749478472	-1.6228601411773638	1.3691855668702746	1.2470381549026879	-3.711990297346855	4.221664545686973	1.6411280123331884	-0.8415058899244009	-0.8468288611959847	-0.712107409842221	-0.3060709453101749	2.501362485065899	-2.86383481483884	-2.4049642320516815	-2.533614939754155	-1.0610335427278672	-0.6018098562089756	-1.5598425365188335	-2.011379471284601	1.6257555624455307	-3.274265712521695	-3.7504259653716367	0.31679927624921256	0.13363167787925784	1.6344138635982441	0.8396304882951227	-1.9351562389031793	0.6274548635889969	1.396194839333179	2.2639158260265906	-0.6538580069396928	-0.8288802633048054	-5.547149551685805	0.21495766338787128	-1.1575455726331736	-1.7565039113174263	1.4652377225394633	2.637226290998598	2.564334671764185	0.3473715522198874	-5.447283051473058	0.481787568462883	0.8224866825122993	-2.2313805240613616	-2.322915171695564	3.3409290274646786	0.2944125020395682	-0.4490328317767561	0.2089559028149492	-1.786968487375553	-0.8152590713461662	-0.5467286966121538	0.45321493680931124	0.3972307954070256	0.5382704414645136	0.8968250207565666	-3.233445908102629	0.6603767539275197
DTXSID7023932	1.9593952010327527	-0.22406261647664336	-1.3126592886894812	-2.824769490060846	1.6101821900247657	-1.2591616446429492	-1.3039145473061118	-2.0725374284460214	0.4679811024731973	0.6650969840273968	0.28819457144740357	1.2916735923829499	-1.3469090265291	2.0651727474489587	3.300609403670555	1.3745719531462939	-1.282174868403168	0.9933084940214167	-1.6551536473715847	-1.6069542335362794	0.8936194149089509	0.9885107070383483	1.3770135130293764	-2.1153658558250292	0.5314833129810335	-0.814084890778862	0.030391471871943666	1.6871422938937122	0.1822837875527333	0.024081039219485918	-0.5164467048900576	-0.36225789228439065	1.3170537965422247	-0.14649911655074907	0.589645581348975	0.3423407513396638	-0.816922062661015	-0.3228025090621168	-0.09946540801808802	-0.6664452524602807	-0.1713508231433488	-0.6692481173706647	0.7198573152556264	-0.699495133441745	0.25086466179138306	-0.08031415242666902	0.8812345137480778	-1.2264524001620731	0.1552224999053855	-0.6251504587384605	1.1088158109772728	-0.673583445314056	-0.4049214468217805	-0.02844407023720433	-0.8257065488578295	0.611465624354685	0.04320151476075567	-0.75792179511237	0.9913096311854451	1.1566878743806874	-0.2398120575034702	1.2600979937666794	-0.33820016764581073	0.12311479889701744	0.5761630091082267	-1.3813795314007011	-2.089370055387186	-1.5275835193371348	0.7096168967449333	0.26933987120197905	-1.4681739661454145	0.8085845731446981	-0.28643389040500983	-0.6893681552523319	-0.6729189152231078	-0.2507224910321566	-0.7870826494539946	0.04657470626022761	-0.09847761040758264	0.3932312485784472	0.02140691332671604	-0.9989563839797383	0.22327755257323825	0.33145620713406937	0.7446313376455381	0.3233923313061338	0.29358720434917307	-0.39232260093737514	0.15258299950308488	-0.08585070859353869	0.699826308657992	0.36040111663611507	-0.31425697206829434	-0.10524714774931615	-0.32836088351012427	-0.09773810363717884	0.20130266491778864	-0.058154696662305924	-0.19047283834681744	-0.386339212540043
DTXSID3020419	2.5625573100282586	2.3573319759467295	-5.003416588949571	-1.3017734031194275	4.3329234910608285	0.07414234480904482	-2.440014808429993	-2.298702778710008	-0.11708939746800472	0.09572911728767601	0.4980907179333309	-0.33338812594287837	0.023666102318458445	-1.1442366005587221	-1.3078389343021097	-3.164092472838169	-1.498495398855012	-1.2912059124984079	0.09182397445253954	0.6288123767662959	-0.6559164698929203	-0.2810117081901914	-0.5010973457143266	0.7259650249316204	0.6307708388284017	-2.1212509543608222	-0.4316035916162909	2.7870384357731464	0.44110912846885153	-3.6709551935426283	-4.091801406725449	0.01920205872326402	-2.177431934742737	-1.5532072439274225	4.178614771746554	-0.24128600024537106	-1.3341902846927784	-0.5954060458871281	-1.6448658686562778	-0.9939514854056999	0.38452547725212255	-0.22546021665445026	0.16990229242622815	-0.5257798507184082	-1.3767181428061974	-0.18515330630311647	2.0323479146002974	0.7594128070427828	-0.5965730968374633	1.3357449581945717	-1.6232724893147514	1.1243273920550494	0.8005665761414577	-1.0620160286800937	-0.8902290907886756	-0.11790863310500901	1.3124793376670991	-0.49178121580583584	-0.8983234558875005	-1.6802084095639185	0.1043949997581085	0.21179491703113124	-0.17609931717682903	-0.5504108366430479	-0.7846697729522211	2.384157658313084	-2.362525780436095	-3.3162577359257708	-0.8251639175189986	0.8978772984754751	1.4192026690680268	-0.8366353120316358	-0.542862623459758	-0.20670532152993248	-0.5131825352466196	0.8788304879697071	0.2278294260150777	-1.4495504266804595	1.6054495903267019	-0.6997688079162461	1.0193832969424057	-0.4654479052665665	-3.4776157084900485	-0.2614193690400296	-0.807126252655911	1.749197777115504	-0.206498071099197	-1.3966673688543196	0.48965077912108307	0.8828637226659264	-0.34146581701131884	1.3891048075442594	-0.31007557364882704	0.7439239045327916	-0.11687237708974395	-0.16437364832629545	-1.273843092184597	-0.4673715284287297	-0.4062493475152434	-0.718009066658218
DTXSID3032622	-7.651707046876557	1.2454743042555285	-2.6914620468271693	1.2076265076549966	-3.8745442660847527	-2.7010613258232783	1.797104202288411	1.48805283306188	0.6681957365835018	-3.203378077856611	-1.1327560484303154	0.8126881607710676	0.9718611465996156	-0.7127863912199799	4.104413065036906	-1.3262165981356167	-0.4450852987731421	4.540949892371932	3.684210241438543	-0.04619789061100338	-6.43462919273116	-5.841827034802137	6.535297214782122	3.898383775538148	5.391823878851823	-1.1456403703449805	-0.05891760869937712	0.41268974238351636	0.40480119650960045	0.5045127751315438	0.5613336492701361	-0.26782611349636265	0.4987048442234911	-0.18617952090563752	-0.31803888197558766	-0.782711246389543	-0.3396220917985005	0.7464590747863598	0.21824653542108013	0.2370255808440491	0.8484784976422859	1.0793383810462926	-0.2693804486552576	0.7883894431426414	0.23452779627065184	-0.28321167258248336	-0.5936245366632471	1.1022116323619573	1.1704514162526132	-0.1906672378619514	-0.26126973109634327	0.8494740243963528	-0.13612841358912067	-0.339962062624339	0.26246268184998195	-0.4348785093427927	0.2502471304653496	0.38131056740047753	-0.5578376811714508	0.49601345289299686	0.7854995210688211	-0.271152898692738	0.10789317179084788	-0.5378385476102254	-0.242699415336015	-0.6384048497877772	-0.015507103903292343	0.39459884032528064	-0.17761647817016912	0.44687631555684504	0.5044490585707935	0.06815053997823226	0.3507109217379698	0.2343444613200152	0.025533531742719807	0.4966587449703149	0.6783928847172719	0.5737711696501459	-0.1977454143439255	-0.18430209925780122	-0.31840054555444763	-0.5630324570220124	-0.2336149951975563	0.5626770499317393	-0.05692627191012182	-0.26468259678641504	0.9011421432363513	0.4367647221137496	-0.1541588932298684	0.2804213604384653	0.3154965247384205	-0.2988448245852914	-0.28494281315392883	-0.09153243348162902	0.05630885546079954	0.15202767079732105	-0.4747655463695333	0.3596497879549087	-0.11684754193710865	0.1935367895190934
DTXSID7022752	12.336921126990223	-5.609197410153249	-4.021073562015181	4.740233471587857	-2.0430811505437636	-2.577609664435852	4.797724355691827	4.874268498297336	-2.424065727948915	-7.275343731333186	-3.7213177107844877	-4.5628040998468995	-0.6188336885787129	3.0091474641484095	2.347334254881137	-0.4146294707428486	-2.4820583407436194	1.9697628367744524	2.8235453262483725	-1.3870141515213459	-6.152443535014638	-7.891538979024731	5.431558871180825	2.2494259146631435	6.693191338472743	-0.6371253995790916	-4.897974994472034	-0.6464929325204708	2.51079327534465	0.24507656933265468	0.7766070065810929	-2.601108599860379	-0.3416151749678986	-0.8843608394290635	-1.8621678945091837	-1.5682783266280456	1.2315607263410027	-1.2829454698647378	2.5959580381814824	-0.17874032158426226	-0.26848012414747746	2.1589960801797883	1.2535392709722317	-0.7711321906141876	-1.9506057187344834	-3.3372343474835993	0.06682186570639197	-0.4583515311530031	1.271288646185886	1.5008468876630934	-0.8891683854829119	1.852981721778861	0.15487733373858878	0.3953037482255911	-0.7089940350708882	1.3054497890792018	2.531436481551152	2.360550589185225	-1.3218295962390771	3.2398606773628127	-0.10272671016309412	-0.5711125842150218	-0.3532913600867649	-1.6735579430860843	-1.323770999426012	0.1315922394225051	1.2410065958727334	-0.36392951863516426	-2.3933395360060112	-2.2158421803984427	1.9885380435216162	0.5148503870980962	-2.3809479219909186	0.6185914060303516	-0.3039621242253587	-1.5212385935311779	-1.8756302908792597	2.6826884074357538	-1.5514891816235108	-1.8328118112803704	-1.0215867597858388	-1.2118349927390883	-2.2409541397889354	-0.9713111632582118	0.49507450898979605	0.27792795513540763	0.1714059783640682	0.027658920620793424	1.5469803153967627	-0.15271783160287178	2.09303682552715	0.4397568270828897	-0.5431546243941754	0.2969402345702637	-0.1890223575714846	-1.2128531744768123	0.6162941219948492	0.440729161147017	0.4131025099524802	-1.5363903517619644
DTXSID5045679	30.91339244416828	-15.135939454884602	2.596925797992592	12.882697034585785	12.073834779447877	1.7026315286750675	-0.5200583245100106	5.353504210015577	-2.329860292248106	-7.3418273307888935	0.3764713528564745	-4.399002158335632	-1.6418792399378923	5.448912227118168	1.0993155635003697	0.644752132002431	1.773334140276623	1.0650021484875531	1.0423294196834787	-2.383649091087953	2.629923048237508	-0.7509434501191542	0.8023771825045454	1.48925509618073	-2.158773866460721	0.17298749425214355	-2.174737445467579	1.9822460010527803	-0.7069274712499507	1.3244570995850522	1.5742608898171402	-1.1285156308472604	1.4357249189555032	-0.1645500219519131	0.2752681594026242	1.1360838123834436	-0.7794797775208192	0.9177108142924575	0.39814793174716	-0.7649312672854125	1.2064519672035776	0.49747818403889504	-0.7564431062354106	-0.5778519105825886	-0.5033959334563535	-0.3863986810667047	-0.47999163876361445	-2.5606243298468434	2.1018331969403357	2.8843856057712114	-2.9286794792346447	-1.3340086358162178	-3.602459797268251	-1.507218076691818	-2.9551611076699973	-1.2316552659600295	-0.11271926374094444	1.260334463439114	0.4471201885910992	-1.1071918486332695	0.8724325416305369	-1.8840774388116346	1.9655568706345696	1.0844197979738315	0.5207120134081835	-1.4096069918855054	0.9057578375812856	-1.1105990259990455	1.672750417124855	2.427895159657426	-0.9567378074225519	-0.30777209402085365	1.183386710383097	-1.0455418654359445	0.7548449737252024	-1.2622186324850246	0.05901878346783766	0.5272086682463083	-3.237573388096552	-1.231097295936706	0.7057960253773292	-0.7171788319640033	-0.5147071364395726	-2.176211967239759	-0.4981149032488806	-2.8403039256829614	-1.1838744746927325	-0.9783958623680452	2.0860892368526205	-1.108237978090026	2.1307094512151235	0.19499733158890026	0.2810783675895636	-0.4725317514463767	-0.011197908394381555	2.446846898549314	0.5665931626997412	0.860940542177619	1.3001513332363779	1.6832796407455455
DTXSID7044928	10.886874050114752	-1.0214406688693631	-8.279250397015993	3.52291945912087	9.94571970473672	-3.20394619402572	-3.0643332536438144	2.9712582629456925	1.023809592693039	-1.17796943388085	0.7394681586215544	1.5233186476267462	3.1677971025332394	-2.6366206469379776	-2.4308769632208347	-0.6746905137085909	0.0022168932361650603	-3.4677687248856146	-1.1517394063034752	-2.585634428223261	-3.1432369308392394	2.9925198992357283	0.5316452850604942	3.6183917362223155	-1.05142258132349	-1.076673285206848	-2.8352756846048646	1.5720949822208166	0.28979701758940524	-4.3958411730388836	-2.5290679132116805	-0.9102168181999007	-1.9645019009587796	-1.1583658668636196	5.569993911325491	1.0305762031174184	-3.005413831071063	0.064278216821583	-1.2952184007840013	-4.162585460062963	1.2532608690920506	-2.3061106902792297	-0.062281989823072516	-2.8764282903108773	-1.5936531911580314	2.161889884239005	0.6792131399888878	3.816010768624203	0.920110403330859	1.429137784046149	-2.659273999023777	-0.18283274246574163	-1.0772200530957095	-3.0624687001254305	-2.368103724008924	-1.1598126860122655	-0.7116652439028632	1.021549333268893	1.3396102866456503	-0.9309857220935425	1.030415199933437	-0.19400241377722627	1.1739750461632383	-4.120044689851816	2.426273778638318	4.8103341108402375	0.7793422894746338	-2.0013365887970056	-1.658328653120267	2.4320701099027793	-3.259505382933114	-2.46771294320587	0.9390032163764388	-0.48937906673602904	-1.6133404366682007	1.6289314902285061	3.43695265243467	-2.140579306047584	-0.9519527993991603	-1.4359332886264586	-0.39266841360382604	-3.8570637480791063	-4.136403408667807	-0.7986243940413494	-4.382351807951521	1.0599741988895364	-5.3970756693728745	0.46716946013267546	4.597567938400452	0.8981407948198827	-0.9304102476483745	4.063267539505834	2.0822505915168295	-0.3626175305912352	0.5008461205009421	-1.2260177569200044	-2.6466019191553585	-2.0720891450575114	0.9386022540984658	0.6960172578174518
DTXSID0046563	0.024433191874230483	-2.3230236704367915	1.6800232267103126	-2.591158373301968	3.3489735114850383	1.1891240488011323	-1.214218176994701	1.585917210277275	-2.195853793531265	0.06150919807715309	-1.4796208342170596	-0.5477083859071222	1.5844181130331665	-1.2396989113226697	0.6877577571899915	0.12176005635608643	-0.011713088716064819	0.7042652427398868	-1.497545084762194	0.3316780953349242	-0.39446378042433	-1.121156919084597	-1.563320169026633	0.3814927529384705	0.7654624471195594	1.1367055207917511	-0.5017188544638804	-0.7830667063444282	-0.02344812896720089	0.16238394446719603	1.3546108160132042	0.5856137050924349	-0.7163774623142868	1.4200994832519458	0.07930324597885235	-0.4573597305294634	0.8043811329996186	0.16272747964772277	0.5592033419249816	-0.15835588286792884	-0.12150846567298473	0.023013949534622765	-0.6042840503233495	-0.15486109055276887	0.18275200607802683	-0.2964838744477875	1.1864378502793695	-0.434086933033516	-1.3152854041884907	0.6573837687492499	0.22401681856058453	-0.3165722186721158	-1.5414294947488545	0.3527405339082683	-0.7385793969718963	0.4469756404329474	-1.1984314500396285	-0.339159114180495	0.34133543506288433	-0.9906862037387787	-0.6144400081979144	0.562765145638271	-0.08410523959124933	0.6607452685318399	0.317863638138723	-1.0511219821475022	1.1623921795584506	-1.8043617630291913	0.9464816378284129	-0.26454428870889285	0.6399022530731537	0.2926663492251701	-0.175626141120422	2.09321685102614	0.2816044461878992	1.7477047353488189	0.38863166519784503	-0.7326565893036592	-0.5138022132833933	0.5708066642719996	-0.29514842662392154	-0.6219921748405365	-0.1355652805248393	-1.148958457990177	0.4375614322021794	-0.8062551165137769	0.4278202360987594	1.4597523731853883	-0.013354027499107171	0.2185358033947885	0.7569862135453826	-1.2139502395709985	0.5092107010282608	0.8120060648065106	-0.8873539650812149	-0.935974143565304	-0.580627412868165	0.22927517655982793	0.7708542558920856	1.3811235353969358
DTXSID9027368	1.677379234139207	-3.915824925645344	-2.3455978049587163	6.226264934380717	2.8244768102075666	1.0835620172887934	-1.0245173377221706	-2.0293172309524916	-1.387212478199161	-7.622316927988588	-1.5403873490282232	-4.171250727995572	2.4084778216463856	7.561711611124294	0.10542442535428474	-1.7913320541579385	-0.6828953515185475	0.6508588565746981	4.336249986812987	1.831715409194237	2.074604668785838	-0.9640758089816236	2.8707623490046306	-2.7353481161483058	-2.928934488681118	1.949991417281372	-3.599416748084658	0.714834337783085	-0.3034444641356881	-0.7764896997415524	-0.27858220825715185	0.6289810102938954	-2.5537974555945717	-1.2815596908142466	-1.7817017279954592	-0.13045197192545324	0.33436209439525805	1.925438072818464	-2.056308472959975	1.1163682917297786	-0.2301097043168199	-0.1468318568749886	-0.6274483020138821	0.27107303702367624	1.0173495051307442	-0.27544349778432414	-1.0480573295189144	-1.230418112012432	-0.36184058921250645	0.5401375566016795	-0.24863212997118916	-0.07291957346739669	1.7340687860542836	-1.5159648741196172	-3.095666216662235	1.522240010849739	0.06641322340517924	-1.0261150691099434	-3.712344736599753	-0.8419335086110291	2.4890219979551134	-0.5591831283120267	-0.5689106846473369	-0.37076890987816286	-1.2977908596553898	1.5851243908008126	0.34337087976836955	-0.6759259327617816	1.2823314530047838	-1.3813135081798087	-0.6812410438828966	-0.8377694557694931	0.24234257194410627	-0.7364523050523177	-0.0553406132712314	0.2907639993045939	0.7862115471452266	0.0835079353056978	0.0397639589972323	-0.9830857752970029	-1.2353110218495948	0.47537793621774077	0.32958574976824057	-0.8340742101186281	0.45552575097679654	-0.20922074657327538	-0.11141290838610773	0.641275832035233	-1.3657070055876257	0.8187080506178243	-0.5680411870773844	-0.6895736066920588	0.3552000302539764	0.3083937355593705	0.11352319156790737	0.1001599289384524	-0.5955766314429203	0.5576767123146236	1.276965017022204	0.2809872765338364
DTXSID2044268	9.322572799674722	-4.496284219878767	-0.7402913267976791	-0.8010395822003598	3.809879058050948	-0.10024817338235657	4.429909670796162	1.2662921951402377	-2.036684936188626	3.300614852735983	-3.901847809172328	0.16924029508079733	2.156307013650066	5.101650752120232	0.6064142082091053	-1.8640203239030628	-2.3118057120616555	-0.5130883816748262	3.4145218823538146	1.3750157163046928	1.0730600815513462	-1.583589370011911	-1.560289385231156	0.5927217174503162	-0.0033531563320060975	-0.005245088058248988	-1.0357119436246522	-1.0050988161124441	0.2563782417643324	-0.17030697038374532	2.84638063534134	1.7964260280788364	-1.626738318460555	1.439423007477604	-0.33033727301055	0.7501108415643797	0.1764654650643167	1.800858424416575	-0.462450105172527	0.999136453266752	-0.37500138207801587	-0.14390027023982652	-0.6766061072579258	-0.8222284556292572	0.30882658994694256	-0.09013476531572402	0.4713393282068895	-1.187412578224502	-1.771534871661378	0.6974225199075411	-0.1464108837906778	-1.396623473664417	-1.1224498408046992	-0.17235084155356603	-0.803212742985345	1.2457837897301804	0.2988672090346597	-1.0381411094755784	-0.09616468012539092	-0.9375557849246063	0.5655342471082372	-1.1634409639391174	1.0529570091314016	-0.6246919117165146	1.2063789915407954	-3.045152627344493	1.0385609311830544	-2.3800577929327433	-0.1782058165356724	-1.435312547305548	-0.9295683736735186	-1.8777711564519806	-0.5975667287518379	0.4006008148431507	1.0632433141992275	0.5511636254903793	-0.4671899776626355	1.1779140587172408	-0.691962863237923	-1.3469216598885732	1.9526731095513596	-1.7707796009031564	1.5987483192402134	-5.059999427085101	-3.1805100483277404	1.2301317223409094	0.11762934109849184	-0.5245991240167323	-0.0027741385486706586	-0.5293633615252074	1.186747899379316	-1.7684715717092796	1.5343519732302497	0.5738481165676748	0.6011775867743459	2.45595854718894	-2.110048051389075	-0.1963957247864143	0.951045584890525	2.877635940011761
DTXSID80380256	-2.075358767696716	-3.237250632268692	-5.486935611307811	3.0692668456586367	-1.2355624575826885	-0.6071735713891496	-4.669137767414137	-4.878261179901631	-0.8432820934682917	-5.087800181771367	-5.098575346434705	4.717579469468785	-2.5031776639138874	1.3809549643709336	1.7020877398719774	-3.371590170716471	-1.6785616950091569	-4.4736489868237115	2.593714703121312	2.60010460488693	-0.8915513302806206	-2.067141746315115	-1.3345038559677638	-0.570198676281841	-2.0398085642394843	3.3079122013188638	1.22953543736579	0.8675003681670707	-1.9429208284605435	-1.5260909173945114	0.8240833826445388	-0.16626631165048383	-1.7943438779673098	1.9645996360758913	0.04876411146423148	1.92230196810259	2.1279641134723035	1.95453803737524	-0.5621612111771451	1.6533998588001109	-0.5664790285368195	2.628095298721386	-0.9181770621272145	-1.1393164304583887	1.1010020658801318	0.6338543318687184	-0.8489346274247491	-0.36688074356163464	-0.11504874095636897	-0.07789879798745379	-2.9064523088497163	-1.2732344388853034	1.4583361650492017	-1.0646152938856608	0.48448838904631464	0.26302557781189845	-0.4659658562151357	1.1087514786823396	-1.5929415097311206	-0.43708836348640323	-0.6508290454459398	-0.20320077075879123	1.0797814171326503	0.6686502677492014	0.6595357966436887	2.131052223859805	-0.3710124351547239	1.2509920501629288	0.02168493253777158	0.1975886017373074	-1.7245507413538237	-1.655825245078607	1.6424961968558198	-0.8368577630096733	-1.7723985384141838	0.08448939424423114	0.2021554299374032	-0.13923017512940372	0.5013063100896629	-0.42291700131640647	-0.042986863119897044	0.8860007648651567	0.026880616275756535	-0.512784319028811	0.16660208795282938	-0.32320142044102995	0.09582915314069927	0.4237206715196119	-1.0529780099519552	-0.1324260221003742	0.704318477180597	-0.08242500677447295	-0.15061266850877464	0.4513907380515725	0.732781198034419	0.17909010578985024	-0.47531729747378826	-0.5803471474927456	-0.10143746991820206	0.16634061545956377
DTXSID8020383	20.219947862544966	-3.6468542728927473	-0.6715784060167237	-0.9364579176489962	-0.1604088353497495	1.2141610475927047	4.290551421090575	3.520323738138494	1.9487302027817814	1.4629053543594028	5.524554770330381	0.913242884062728	-0.021001366570657237	1.278525890099654	3.9082026063877096	0.6846834831262006	4.037697327713945	-1.995035090867806	2.8030761761363796	1.1452731189388128	-7.354323803563675	-6.075340297761872	12.758934445058319	1.4720089474453464	7.3662758133838215	1.1825881911565421	-1.0756722373493641	1.2823132213585149	-3.458684244829594	-3.150431156040082	0.4027207427134367	1.9335931712809349	0.7511783944806056	-1.0826546407530744	-0.7759283938397201	-0.8988394090543536	-1.0370098409924993	-1.576013111037484	0.45044714060917374	0.15909074774756038	1.2811011776774264	2.0192273368959848	0.3098650448692077	2.604472213445695	0.1165824369462761	-1.0028106343248087	-2.280929814572768	-0.24913096726133827	1.024347020131571	1.495822067346019	-2.080373592397376	2.5550598935187234	-3.1058803970724735	-1.3566787387990087	1.8300903536474475	-3.1042504986300377	0.25414316046754004	-0.05268968122222954	1.6403670327382949	0.6322704042984534	0.9292390073240496	-0.418767525866226	0.8288005926131019	4.436607459339659	0.4594291697455527	-2.7183947271608586	-0.18309561935327653	0.9589017496134148	-2.838769185856245	-1.6504489675089378	0.5080605692470748	-0.2398042591718872	0.47447575001931525	2.1645030948789397	-1.5361594509324532	-1.414277852270139	-0.43382842134314464	1.3066987961675878	0.6466024620150057	-0.8107091000614803	0.6845389592425905	1.4069197229657282	-1.0050882142938555	-0.5515685396216725	0.30540514173281463	1.2492496235536559	0.8750231683306657	0.6773035470610926	1.598849398466735	-1.0743353280420311	0.06268319543788003	0.8655966259906789	0.11585938528316726	1.0912198740754178	-0.710741388231695	-2.2213155935185105	0.48435045109749014	0.16693547059870628	-0.9214614177881474	-0.962389215611536
DTXSID2021949	-8.671361462106479	4.014929575758354	-1.5671477533396172	1.9068710145592342	-0.6253414329032593	-0.9705219701152606	0.22233690008629883	0.05535325426321044	-0.24016405188363918	-0.01288518908504909	0.3640655556104653	0.5112882632013092	0.013005271603325316	0.31403826750767727	1.2163028774088054	-0.2706446631738746	0.46422703938755017	-0.8586649891868046	1.5427346557091843	-0.3224260523077822	0.8442763159756894	-0.23700026292442605	-0.3618850026041869	-0.8981730570794735	0.546829999546501	-0.901324435578476	-0.9646016534193089	-1.9347112269344084	0.2160394666567356	-0.28576033495494974	1.4056591287935694	0.4629917391533879	0.12260387357778879	1.1919569117624547	0.25261223316372383	-0.2053437631050167	0.2683627192585112	1.0297767745016422	-0.3971746044157133	-2.091476261688643	-0.12415739697849978	-0.38118750175891664	0.37496650916234486	-0.811247371472977	0.7971438386922567	1.636453592857398	1.9544969079021521	1.4570426626535247	1.2603608189835578	-1.0859580760396206	-0.0012536453262270745	1.5158557022176746	0.9393487127716231	-0.9032668223679479	-1.2146380778753996	-2.1473167203892753	-1.1628184741851686	0.4720516051912419	-2.3299553158125734	-0.48769065519941435	-0.3958839182057033	0.015082851142633974	1.508084232330702	-0.18494849911180408	0.23938688597104918	-0.4922946426727434	-0.2207605547242771	0.3946295608928247	1.3830129576881343	-0.01630477179378866	0.08370042168284522	0.09754268536067287	0.4644540616099507	-0.057090577058319034	0.03371792759110951	-0.2784334178973492	0.016052396357534145	-0.3396214511114782	-0.6126731445807783	-0.06975047897304452	0.08575643195563279	-0.09767305173160715	0.20454159217357423	-0.07116216482794752	0.017511857439466018	-0.6014529929204186	-0.4159497689621057	-0.16165850137127052	-0.10017762669804593	-0.13175970145567317	-0.31126225040081296	0.41791097155773466	0.056096713726988205	-0.1435068810027559	0.03719798098893347	0.23695622927619245	0.34465420310204203	-0.007396163086570892	-0.26705150292498686	0.14545192529642556
DTXSID7049346	-4.20335053190491	-1.4377691013014826	-2.2892015583727034	-1.438163447542785	-1.2709037871423596	-1.294471997704144	-1.6249784970631627	-1.6589232521776465	-1.0948790825420323	2.4965627094418275	-1.491295257457501	-0.6017728129450738	-0.0882180717555245	0.39990275217427795	-1.1655074107476728	-1.0816195626260854	0.39560314872927715	-0.01944708904525862	0.12988475420779874	0.5552309711595159	0.3058937355466559	0.2124807981468214	0.2311739641342895	-0.07265379586543866	0.006103207713513431	-0.3977091109181714	-0.38287517385262804	-0.9072027704840616	0.6647500710679541	-0.041723451521130064	0.011709033283308455	0.3847738726972833	-0.03461989358202046	-0.29619734193456054	0.6579280210616463	0.13755616398095136	-0.52370778646445	-0.1429646898162869	-0.25362511717283603	0.28183645756546316	0.9534356683007514	0.24608183422238739	-0.28605187994905823	0.48748067956582514	0.35436105650181526	-0.19062061981523157	-0.1760622997707367	-0.48984274601679123	0.20933224561305486	0.12937864484396402	-0.44148097955927584	-0.33987562204905836	1.2040076213297548	0.9497410777839027	1.3550851107661084	-0.7947811824417391	0.38399385048042123	0.34447795051954777	-1.0442449063449568	0.3156118827141858	-0.21622269711835707	0.18079817874807005	-0.1661473784958868	0.047749524549202275	0.44305506661620864	-0.3764551354769022	0.6703559470173879	-0.5953025931455439	-0.019469980329265196	0.5351746009861503	-0.3348414514299112	-0.6322137823063686	0.5068840407033981	0.44144118706275715	0.02004666550825087	0.5367714617927479	0.2669725432282213	0.09248528797891599	0.6044132599100084	0.5817206204205602	-0.8689492188967728	0.7161391892011533	-0.21626357304416946	-0.06115736018336225	-0.08485726497734017	-0.6964543831264793	0.7947385028943141	0.9370561479809933	-0.5459917133047847	0.09550050094782765	-0.37461496443432607	-0.46942188645669225	0.35097480371332374	0.40249815643322595	1.1591918928833573	0.28586511578246265	0.024964992022534715	0.7123545643193505	-0.15742561657459223	0.614420350276636
DTXSID6048880	-0.9462102568132564	-1.7477070089091726	-0.7906250136487608	1.1872884066664702	1.7033949608973742	0.8297014647784129	-0.26913519216250553	2.767680337667347	1.293089249804421	1.4209464004712422	5.215381457955384	1.8292888798160027	-1.3157661456489769	1.8681705912497195	0.15675279216680862	0.5545916440194567	3.0288861396807074	-2.517326857838997	0.47353828863928854	-1.2009258834568863	0.18677496043062178	-1.1778213607567236	1.6862161036875292	-0.6582760231926226	0.42514742772700315	1.0602824569360487	0.22415564419221787	-1.155801763565945	-1.4273867211760651	-0.3324768329707167	2.1004126682528166	1.118121776166093	-0.3280866670728284	-1.0144766658800006	0.9428820434216449	1.1552826100652456	-0.21731169061023634	-0.8414243118064407	0.1680561519192303	-0.29718915148953307	0.09165797966904468	0.5433434115436698	0.19338254672327942	1.6178737572973192	-0.3395456598671868	-0.9694496287794518	0.17180036648021668	-0.8669532888323148	-0.8930163031732511	-1.0519420132770523	0.12421022906214849	0.05524572744211203	-1.904146433170919	-0.501650785314659	0.13126940039609863	-1.381441216084781	1.2931698897497443	0.5036129419342286	1.220107830523876	-1.6100619365710214	-0.5300135004149987	0.49244824673649296	-0.32112660186931863	3.1667546588880993	-0.012299866203586148	0.37658113392408843	0.05377485468645881	0.5733172867569145	-0.10343572286941471	-0.4184356261972111	-1.060506802986713	-0.5397628566884243	0.42465586293059665	0.4269145182941971	-1.2533113004098728	0.769684571369413	0.6713334347453663	-0.6414269746902099	-0.2967974199775896	0.07915733413411968	0.4051029649339774	-0.0854552749653806	0.2863004737148682	-0.9050763793767395	0.40254142954350075	-0.14753786963538837	0.4000251435724677	0.8253450573427739	-0.10491997714246004	-1.0489284594742279	-0.25670716249696257	0.045985436184805425	0.45569293645112413	0.3333045458345965	-0.4127494834399487	0.09243226514480986	0.15584706578676558	0.6313898641311368	-0.6829174823591871	0.40260692854789576
DTXSID9057630	0.44974236332824996	-3.060277770254466	1.8088225764172343	-3.2146148691286753	-2.569943421616914	-2.9102807515216615	2.5656751039642716	1.575071290107909	1.1626058438282525	-2.329028434879936	-1.5803389930728	-0.22960399276625337	2.558380847610207	-2.2482175955519113	-3.9063561206025588	-0.6824104245972515	-0.8889776809685257	-0.4429847945704155	0.08892174250475902	2.870216157478319	-0.42312006927276985	1.1350209185343354	-1.4720148093703551	-3.3842170314289444	4.487469187014452	1.1870028475050367	-0.6084602253653147	-0.42058542855462994	0.8035357027293439	3.9827715242955875	-3.369173352516681	4.8635523826355875	0.38537396008889435	4.30990887319988	1.3562394750771154	-1.6182022502486293	-4.478252419184909	7.9160502160894515	-0.6675018245025811	-3.9989102678374095	-2.3980838195569483	3.629646846396691	2.30088663756408	10.131159977388963	-2.5371601028326904	-2.5835879709514975	-1.857598458959119	-0.37879084060748974	1.1577489861919361	-0.12257663116961187	-0.6781746294478986	1.0082915867599778	-2.202834023576802	-2.1909169570993976	-4.647353357490113	0.5475582940822645	-0.027233790221021067	-0.5462287681855428	0.2717568379772664	1.6496136637637853	-2.6966941363186723	-0.3215258598360887	-0.42429172395941245	0.029076414903116878	0.62260580813559	2.2709648001871314	-1.6279420750349878	2.115081065258215	0.355826336250886	1.0318758301373976	-2.192661679930246	-0.15807069222672349	-1.2232110206034754	-2.7147290012395007	-0.12062516862651658	-0.3573752332423136	-1.0337313527644345	0.21486218073194288	2.285562929724147	0.8012260535173759	0.9650962437263428	1.0860366675745705	0.20123470094273122	0.009444975882350845	-2.037431697651658	0.29219735924509355	-0.7677451541692801	0.29704218096140267	-1.1152107892423078	0.5483801547296735	-1.1826528069273972	-0.23022144632256467	0.3737044181274358	-1.119677091685078	-0.583366122356911	-0.2690855635356836	1.2950363525602866	-0.2844203848221017	-0.4012422421972509	-0.015681796829506343
DTXSID1048918	18.10953301877774	-3.687586407327872	-0.30156705198801903	3.053731140664285	5.711579344594848	2.8182082351313738	4.310697116249493	0.9857357733116889	-2.514828981877658	-5.693329140779557	-4.669433761433098	-5.416373483391582	2.333567144493008	8.515225043352329	-2.7234406454068876	1.4466101982415789	-3.626314527165993	-5.845259676260109	1.9646162688628839	-0.1068309573654333	-3.9987451925474744	1.3107306620445471	4.956079019766139	-0.981580042448232	-2.049566223808212	4.6905958554068805	-0.058753119618953686	-1.4099296691114567	-3.4856464852097693	0.4796229603111385	4.446364671998712	0.16490302372130952	-1.4865309841483412	2.4843831787456843	3.0008863844595153	2.106740499252235	-1.9099579198453487	3.8992223908561665	-0.7729004848199806	2.1784249989194047	-2.8214333862079997	-2.185671322032099	-0.9785623130544495	-3.253144717443117	-3.195619151994731	0.7452186703862871	-0.19981497280262644	0.9425049644074942	1.1816497319558201	4.3616708087987215	-0.2688770048626363	1.6339018936236127	0.9256939562576064	1.6159604779607188	-0.7499956787816758	0.36910359136335097	1.1755394837341722	0.5021656546491262	-0.5273418643168892	2.697517132912351	-0.3107362716808905	-1.8783967615922308	0.02048838036494981	-3.0565032048856122	-1.066835619457087	1.2426922805383729	-0.8476442252618092	-0.8283609769121884	5.704186341914658	0.23819004801678006	1.3758829036196951	-1.1648189160164004	1.510050696008419	0.6605937733306324	0.4572659761282922	0.5838134127077688	1.1373652674878831	-1.8470689532330866	-0.16871602440832492	-0.7231879095316389	-1.5965179808305916	0.3471607494523338	-0.7021818849199813	-0.30864649122428484	-1.0387396445332227	-0.11297095675250914	-0.7783634024373511	0.10777695814374746	0.6690008493584351	0.716669146685215	1.3437189556404336	0.34504204213661865	1.3047786043004808	0.16925405013271572	0.13066619657291018	1.6690937050007006	-1.0740708824842817	0.6898779291252106	1.1521459472328133	0.8003450275395998
DTXSID9049295	-6.451607098896144	1.5522755007728548	-1.468875861918817	0.7206763661961119	-2.254215447038951	-0.19504009776035097	1.4752748925872752	-1.152227758238626	0.9189580732333793	-1.8198461049345984	0.19326125647272085	-0.4583450734044633	0.9489837889440269	-1.0737914667777995	-0.34405080306100055	-2.506107575494485	-0.5910370743493281	3.9735403584331634	2.38802829700098	-0.8792771441682526	1.6004269829057733	5.47524838762511	1.222882255559308	-1.280592233914927	3.6193457278776906	-0.6801084293745063	1.6130146932746254	0.4300634541255597	-2.066112671519883	2.66140155088187	4.373768157657024	4.4095034712439025	0.2293929986602288	-2.9421391753577057	-0.0782664988487318	-1.8102795825204048	2.5903624270554517	-4.6105528352563026	-3.1306909450489697	-1.882291977980786	-2.371508016470878	5.1357607826900615	2.2767600350630084	-2.490135207364248	-1.953755067643929	2.96441772800261	-2.695542095146818	-0.39133389531560253	1.6262518622173514	1.4096953259958775	-2.084092035099318	1.7583009867794395	2.4298891172444153	1.5397776777365422	-2.104009829280662	1.2668023760068694	-0.2283183128369952	-1.1482657154625764	0.6945042424307145	-0.6585501660831481	-2.901019436907754	-2.1085355232348904	-0.6306255372592948	0.1786090194507593	0.20513240623557757	1.0673282232953742	-1.2399924723571776	1.090381307175613	-2.7152928486617567	-2.151114500474089	-0.9825319696573264	3.1779985459760693	3.7508121266226557	-2.3209969656643414	2.4483291452958302	1.3086533292729838	-1.651252981895187	-1.8937892251392632	-1.406065399709555	-0.9390757195413424	-0.8194624808288972	-0.804672519671804	0.054192102175541275	-2.000194251442028	-0.3811238161535228	1.8435632994298603	0.43398201520497487	1.6921868895266432	1.077386807200266	0.5512862523766838	0.45734072221632116	-0.044705241084042766	0.5814065648705629	0.5699827305354984	-0.21773888730334814	0.023874580220637782	-0.04515844855445201	0.942871927185711	0.5711021354090433	-0.3691432147792374
DTXSID3038694	-3.80750275027087	0.4921449538143237	-1.7250352910750528	3.3798702936760825	-3.5881389522926157	3.058858623852744	1.2714280271039093	-1.5148424471930537	-0.30506077887438926	0.29081899699237507	-0.0852708218981603	-0.5423188711245229	2.9159097055872563	-0.27247236728119684	-0.6898015965383202	0.2844001520541246	-0.16004434060200787	1.83256477455241	-0.5487899086689313	-0.6702460206246296	-0.0027160704127816107	-0.5308899398781229	0.8066719258662811	-1.5947900032542455	0.6093789987422648	0.19852401851247	0.16904955577354777	0.4488697516862774	0.6100271116465548	0.19039840136730016	0.18009923548055365	-0.7625124273347814	-0.9744317850210291	0.1135413828112858	0.10314096900603544	-0.2603209285696004	1.5812284844938986	1.0009237066398962	-1.265162470773343	0.5331030636839591	0.6512137174748218	1.625366810776544	0.10169937030352601	-0.3970913802860248	-0.053323118987262705	0.0415267139018687	0.8179025820575935	0.054073972542899015	-0.38737022261990506	-1.1996614076489056	-1.8268930411557747	-0.16163035972663964	1.279719805307427	-0.257050628753537	0.4699531150221197	0.9686379219052144	0.5580763892702645	0.8048846995744391	-0.02839964847761031	1.1226943527663753	-0.706935603492393	1.4408479445306566	0.8098548612639354	0.22985587962083115	-0.42711624672228715	-1.3367743597123507	-0.14641542889595915	0.3769523334603735	0.48394696576009183	0.8634464124179322	0.9458347759936617	-0.2781683142011301	-0.2789614819123011	-0.9337289961554219	0.5805658678662892	0.08633755759785736	0.5986312959598393	1.1303878792699926	1.6126881076992334	-0.09400847254582628	-0.5300892461831237	0.49976677124100355	-0.19111698489654946	0.29185199441415943	0.6950519158854163	-0.24798823227778202	-0.1964410909297296	0.9788818841015742	1.0755529542274436	0.5059523140793506	0.5462722365180193	-0.774651270851261	0.08143983820853491	0.0701051602817766	-0.291040919428359	0.446090470410331	0.06818366307824376	-0.22207606924618517	-0.5662879510075745	-0.24365255120041307
DTXSID2048957	14.551987424594216	-6.568928061851881	2.0273494796337994	-4.35468031019093	-0.08352233363978379	5.7149754244753295	4.772793866894094	3.7212976485479725	0.44636473329416587	-2.013863101193728	0.8563588014242902	-1.13223199523627	0.10443684103047922	-1.8787157373510213	0.46509799728916723	0.08733258276495394	0.024256397556523156	-2.31044135988094	-0.00556190025256191	-1.3259814750272267	-2.1815157547616155	0.3193061077235119	1.2858466650975755	-0.45320443130995686	-0.37612404702713914	3.538360799163476	2.9354950875931625	-0.7386743643815805	-1.0676878198816064	1.8971809132121997	1.8390548276332006	-0.7051090511751196	0.6088998238545779	2.6677214378115304	3.7863503599477677	1.1780921130260769	-1.8549535586807913	1.2962485863574167	-1.0718346762895095	1.7204466666604081	-2.523332160539749	-4.067581940809115	0.18299737253179185	-3.1263716008161477	-5.044306803647578	-0.32638634186905024	-0.2871183262300456	1.47173291362692	-0.8717154028248282	4.726092542698345	2.182838131662652	0.6947740209606178	-0.23574427004822468	1.034917328007744	-2.1915919664848666	-0.05648889171900267	0.3394722120022166	-3.151719934420638	-0.7167613155073941	1.9815164073797114	0.8777220353314336	-2.2806021502684546	1.524888004984423	-3.319891912272625	0.14129619657731526	-2.217167576176615	0.46811215069479645	0.5704529060264764	1.1656066212236726	1.0001384884947047	3.0702017979970946	-0.06452311411854111	-0.6462417051180402	-1.8704538260087444	1.2848014361917315	0.36207994466705595	0.5278604274538888	-0.39918056551947356	-0.7511535266090952	-0.496454182942695	-0.03380668285341009	0.10817276685077803	-0.4733755378129934	1.3542240699596013	0.9262126237971181	-0.3774880851733142	0.3363831882971993	-0.31190041645702443	1.2065607747066869	1.590308358878309	0.18178815769775772	0.42857290274993315	-0.26914229886955615	-1.6592849659388564	0.9549085744891608	-0.19716221066742173	-0.7781148410544734	-0.007468716355273716	-0.5717449395322943	0.028596492465641967
DTXSID2022123	-6.320023790882493	2.0481425764443357	-3.8565884575925975	3.2943177625720295	-0.47988793129471746	-0.5987455538712898	1.059968909271692	-1.2495376383650574	1.1565389818798804	-0.7241115485710538	1.1500397062023962	1.0737190326567327	2.5261701218880117	1.0366302203291515	-0.02962719249756387	-0.5473884430190967	0.18223910667078755	-0.02019322757670399	0.5530666445264406	0.16431960405761276	-1.0606606930791669	2.203290362756391	0.15330147522794482	0.45480296682457855	0.7069066310265928	0.15207815810680111	-0.6251534794934953	-0.8772347433433249	-0.5350801978416794	-0.10496462771200313	0.27555154102314183	0.1917854535253493	0.5893753742691566	0.12428676418452554	-0.26378954599626386	-0.7199867180640985	0.19608938301191411	0.48572530874497033	0.4173286343542979	-1.0371184646045208	0.46707274975844376	-1.162474575770383	-0.3139123490883846	-0.09763157333752057	0.7371841547209069	-0.1358802268851596	-0.8546963689684496	0.3417831572899279	0.7462259280809347	0.3631865415366146	-0.37621144274651297	-0.3733549022306755	-0.30297499019310686	-0.2981945182226652	-0.45019161344921255	-0.6700564742062822	-0.9174915885702771	-0.3223866863212391	0.16634071797314964	1.163618594356028	0.06042190647980171	-0.12907230156289223	0.6247285351336938	-0.7557040854418079	0.06701231813417967	-0.2930344448025524	-0.22884964089770485	-0.5902270520649966	1.0251876287753812	0.35399070431420104	-0.3155972892202675	-0.6854943946197289	0.712792916856035	0.3728238980006199	-0.1894257639017399	0.26493173869165176	-0.06781326985510432	-0.37800355350015086	-0.55118303084518	-0.37010865113675956	-0.42488466807912395	-0.40099603549989243	-0.005446619725100005	0.0027883213087531995	-0.4969554067712128	-0.3784556757375148	-0.2741858386872663	-0.12079165842087847	-0.01360619000432966	0.573610701352344	0.59783624069412	0.5415598241429521	0.1326336365336349	0.39919934509322386	-0.21015111298147576	0.3463067840000815	-0.45041349718874485	0.2389385226911717	0.24791149329097248	0.585793576142091
DTXSID3048601	6.665524433527968	-6.20140643075315	-3.5695652581802473	-0.8884934712023407	-2.3040410548440393	-5.785060192725247	0.9004299744517904	1.458206185373824	4.355245436194993	-6.574325479320879	-2.2473338017860756	1.0361888645962625	1.0767617609147613	-5.842859111187481	-4.530759930218242	3.595370539681512	-1.8991917583824036	-0.4703372983224456	4.818191940310514	2.6019877613680915	0.2833959274757583	-0.5824727682120338	-0.8504013075158661	-1.7315180457033759	0.044580581410046914	-1.2319785448894647	-0.9072589214759987	-2.6295538355829504	0.9969566255080852	-2.564295131488346	-1.0951868705347227	1.1580876927667718	2.254622702250333	2.269997710855807	-1.6924277771772598	-3.084981318868638	-0.45118169438108635	-1.0327573013466473	-1.2970540907427934	0.0508245473971063	-1.3688658557004347	-2.658862707219469	0.7755515944159811	-0.7289232821072056	-0.7710506230872144	-0.04237985767941765	-1.6708383516585363	-0.43164438904165775	-3.0344750016855766	0.48807226426267675	0.0646789042831938	-0.1461865534830051	1.3850591601199376	-0.15192699335113347	0.7218894386287731	-0.17378375754498906	0.9427400743210759	0.3198305848894862	-0.6736257345298218	2.040733844950036	-0.1424448057382573	-0.6904360026455097	-0.33536281867808765	1.0978576468682175	-0.6427041322547942	-1.343447508292066	-0.14052412208101406	-1.2345167018025565	0.08721300681276932	0.46074332450271344	0.8961807824821961	1.523048208602233	0.1391942343040798	0.6359409147555776	0.4430134729809896	-0.09314417088570456	-2.145110911055138	-0.053877811050041434	-0.2276804375543295	-1.739191247350821	-2.3231135879017004	1.436951308093113	-0.13968813055746768	0.36834241305521415	-0.25912624608809337	-0.5693246901447746	-0.2909352637044635	-0.1659829661549569	0.3938598687094073	0.31384117343245876	-0.15256650689376142	0.22452650448657815	0.669441471515732	-0.17202939269197992	0.5970890118793336	-0.2201842243851901	0.13875016496944056	1.1262117373775224	0.42205030337156474	0.5495111762145702
DTXSID4020406	0.9187625843026045	-2.2079012661311173	0.7971871791860814	-1.3206038257418506	-2.179056187493839	2.3187314525320084	2.524461572929752	-0.1782314680159142	0.029589774522807005	0.7053574873752579	-0.46631575780544093	-0.6925192698479662	3.1764422366304323	1.262286573125604	-0.41663685235463394	0.28458729135344296	-0.6533172214946055	-0.8035400808819018	-0.6246876887756009	-0.7460682946605832	2.3791261632474563	-0.6233047875879096	0.4180535462270259	2.112564746884979	0.7878384181499151	-0.1736888225597538	1.4046382462813387	-0.9522850725475245	-0.9661197338779364	1.0255810651505135	-0.7037301182229126	-0.10232949635403304	-0.06686245066052454	0.4871921046358079	0.22729612035757596	-1.7836226322288244	0.2675439276989031	1.0345516263379697	-0.09199504910239056	0.33655903417198146	1.2900996582396511	0.6995964909876212	-0.8299467733244138	-0.16860386780301256	0.8933510576353917	0.937243501878655	0.2665909113911535	0.20859822575113063	-0.8303534550754683	-0.406428708222542	0.2179098764965568	-2.107397961834213	0.19249008169582427	3.0514266142115587	-0.43895872099410443	0.46330646167299855	-1.4167333112337455	0.3090435687763434	0.3969649682783908	-1.4790793729530294	0.1617058002959212	-0.5595268300618842	-0.8301039756262898	-1.3291109231655664	1.0832789862997145	0.9484263536845919	-0.6300182511356666	0.24383288037082257	-1.0791474368206648	-1.1381825454497558	0.6474350857803164	0.8150103500825441	-1.2253793223650158	0.9060099905876438	-1.3122694639099692	-0.9796939150379157	1.270262645709859	-0.8146388135558483	0.3089870755009655	-1.7007166678584806	0.5994833563123236	0.4751790263560139	-0.3295036938513171	0.5735491848677664	1.4473322222716538	1.0324266515612943	-0.020639379278779606	0.39112888607714863	0.4094798504680587	0.18376764027656128	0.14101689641821658	-0.09052252912593642	-0.26700670863754866	-0.13637704210357623	0.29619372511969244	0.765151754946779	0.245918729939654	0.8399854348993067	-1.3493368608791412	-0.8735794240670334
DTXSID8044337	-0.15006529867897092	-3.0817805267005465	-1.473477559666458	-0.20934172021956376	-2.2775853114855913	-2.737065638408429	1.262945386932705	3.5299002666499675	-0.25245138921731336	-0.6725736934885438	-0.46045200855408225	0.27736292385635264	1.6355667487219918	-2.7354574989354616	-0.7435865621461849	1.8332298261209496	-1.274627004083116	-1.4919647628427781	1.4973159093687143	1.297564592393255	0.3182257270387523	0.6114119466589697	-2.387772897620958	-4.0977166877716895	6.24194164543336	1.7474478312265602	6.172414559379782	-0.144806000079032	0.3040530076936241	-1.2623993344193063	0.2635465381615078	-0.15431207396819388	-1.2953515592160687	-1.767528381371432	-0.3940437171393257	2.3203902875558224	0.15051291478113726	1.5027284779796484	-1.5434541278043963	-0.08365156995492086	2.3817289371139374	3.00564755907332	-3.8159141128493688	6.174707243057757	-0.3056514529141059	4.018426423457345	-1.2778523436505609	4.310905656747478	4.424989840953911	0.3889482690393357	2.120164308837832	1.7111431083272692	-3.032397664324528	-2.921308782362556	-1.0035637660603134	3.76746032851336	1.386472556851772	2.8393207983699273	-3.0020150677281343	1.9188966601986894	-0.29409335507588097	1.1743201639896739	-2.6536275529917264	1.8065115318883083	-0.8125500845490481	0.13638431954832644	-1.078615026915417	1.1767099013535258	-0.06340597272491909	1.4679602898409094	0.8195251050015493	0.8691327576102822	-0.2633984560756187	-1.8957687643742953	-2.6019959937024963	-1.6815703927021561	2.3603932255787825	-0.6136832388587677	1.6870150675502573	0.14729174233313436	-2.039667104057371	-0.4459568949356103	0.9451153344678149	-2.4142385840978204	0.9319693108730122	-1.146317223240373	-1.9391639242189684	2.4706759770029496	-0.776223860250602	-0.03956976028521513	-0.29290197736621515	-0.5089942539917881	0.02808280327777703	1.6766311645756553	-0.11211390572403916	1.6957344835815702	-0.18992352027636714	1.3945364572950492	-1.1356949386760782	1.7689114920460385
DTXSID4046236	0.31247145085884315	-1.3196491743829242	1.071171095589359	0.8492478778287554	0.09091968494421017	1.4986959712274643	0.3931100000464271	-2.5538270303089567	1.9081667549016106	0.44288744562916743	2.801963109393877	0.1389300057668906	1.4771125537164027	0.5212803439265086	0.0750977660004342	-0.7776674558109608	0.0622184346585926	0.9772123638368136	-0.3815431335004668	0.8569240279356984	-0.6968621948214423	0.09412690240320942	-0.468433426617739	-1.0712001758537846	1.885606283469349	-0.5287308664367341	0.4747700702452206	0.4896368419504247	-0.4075107153140343	-2.025578341607954	-0.4285901215383286	-0.7254876206951099	0.42736241326439023	0.8146442144289445	-0.12696225019866497	0.3329567674718767	0.3859911905377691	-0.1443087614956614	-0.017479323493006658	-0.04221974782062777	0.47079108685958543	0.009046624240472648	-0.6078034402975862	-0.6497131315018696	0.22039896999567002	-0.0842136044021636	-0.4560277574484239	-1.2606498683779697	-0.0009320256284594825	0.4539151339521463	-0.19191639429635068	1.5852091832507575	-0.9042780610164706	-0.145818525849589	-0.1578018172586008	-0.16114572784486889	-1.0252014262598088	-0.22367241995913933	-1.0495377097750667	0.20193043549037695	0.28736505946947005	-0.7129117783366252	-0.7785159234678466	-0.9961825446692404	-0.07576714656591577	0.035494813696815494	0.14169501223342904	-0.5042980283176631	0.7439176089023066	0.3682771899182043	-0.9031480458214061	-0.00011835608079785658	0.27352750962454764	0.02199373718113595	-0.8378995137650957	-0.031175990791571295	-0.608704704839109	-0.4493208746851063	0.28500063267251835	-0.15889166768516105	0.5743503452336306	-0.7082620320248438	-0.294574850642506	0.05540936794582121	0.08711125626506458	1.1697153450334723	0.5138434953206841	-0.4225132425878798	-1.138023472801081	0.391112687438219	1.1619861954889463	0.3262839325023829	-0.3084317149933411	-0.36156853057185867	0.03721675584840434	-1.2532466958053965	0.23191349315907347	-0.12673796702749646	-0.2154226826939695	-0.37034480861076374
DTXSID1049350	-7.821908527687933	2.6089117515047886	-3.5607292638587817	-1.276236512541948	0.5781791726748676	-0.7067808760786721	-0.7304299320218096	-0.7402991265612896	-1.4460572325397092	1.2385667489408163	-1.0890226203418234	0.7249895926536534	0.07159590516167381	0.7103279554392428	0.6050615821749148	-0.9591057503313479	0.15269932476499318	-0.9149523243200199	0.6826643425135707	-0.15980692523059314	-0.13114561202272593	-0.262274870733936	-1.1781784956524748	0.62992500729361	0.7069004292719341	0.6521746048539688	-0.534391985341886	-0.6853267550533351	-0.7711103272190967	-0.19244422228807798	1.1814922599777156	0.4362961685625033	-0.08501914908420412	0.38233895465452455	-0.18204062366910756	0.02847680292159498	0.7474112564792208	0.49551111383632285	-0.06509421458969546	0.13616692326013763	-0.38459192246469476	0.3054190116721226	-0.08978233131108233	-0.10659568345782086	0.14808362161047167	-0.127339015782606	0.14580858316191875	-0.23368042880252918	-0.5526881187414561	-0.5359426442393229	0.34978713915397247	-0.7893667283995516	-0.17807434762413843	0.12040844407930987	-0.32396648493360874	0.6193111926203143	-0.4304703325191142	-0.8178305355382699	0.4387478206744211	0.022065289605744783	0.27832250414241916	0.13302628989547768	-0.1366240761284804	-0.058694448782632386	0.8640456376895151	-0.7737224107793896	-0.7484958572537546	0.31037396145381313	0.8551570924219732	-0.13874581099959646	-0.040774193509697784	-0.779036105327407	0.6617515980003199	-0.17534283998604472	-0.17761991105744157	0.31040417922761915	-0.5255217342170853	-0.0021247444821509767	-0.1174252588692581	-0.1209495711450498	0.1755527455593957	-0.3209606687216039	0.16140865889433753	-0.0393442504666249	-0.15501757100106928	-0.4688350315186427	-0.31612539946039125	0.16987301408787575	-0.22519113703325094	-0.1660151063902947	0.4495860511939625	0.7027544330886372	-0.6101251816645853	0.14360650796053467	-0.41530633039259895	0.09359385201871438	-0.43920332579476185	-0.22060711987259093	-0.03595883834378045	0.16276760003632518
DTXSID5037523	1.2251576896211496	-0.7649653384871871	-3.6092705672790086	-1.3749013529518495	0.8375141858915193	-2.606247390892848	0.0014245622713632067	0.395025156252247	3.7262378176718935	-1.4283101458301013	0.8667857122390566	0.07989510677840089	-0.3531063493402955	-3.5410463753270407	-3.5228760239538413	2.5585687491055933	-3.772379462084365	0.8040106143807607	4.184780545966559	-1.584867416012732	0.438131008337515	-2.5184156913004885	-0.6570486341240196	-0.4896411399308199	-1.0650801950283135	-0.42005107049203594	1.9167425546778074	-1.1650196176231418	-0.04063403203259621	-2.084555026648283	0.1048379363918111	0.4152670662613451	1.2873609555918473	1.425841490814979	-0.5641328255751136	-1.7011011383544736	0.5109846535096167	0.07049610426268593	-0.9572572611604409	0.09883981948151914	-1.0688128377234583	-1.6596411816343246	-0.018509039135879306	0.11507861532901084	-0.1578691975316633	0.19153423866422742	-0.40085484989233416	-0.5237157637030888	-0.9647142676611266	0.17367555722244693	0.05873986290283187	-0.5776188869147365	-0.16234700161151375	-1.1909887238050574	-0.7418608305506805	-1.0614649738533442	-0.35642921904001124	-0.9055401087279293	0.309355107385912	0.269015532834327	0.09995008591010164	-0.10958438268550692	-0.504056877525586	0.7482576607712635	-0.537994068243034	0.5554034628470947	0.354803508342465	-0.0027854555623399143	0.7456085192878862	-0.545517511629362	-0.7463346674726725	0.0781478317977546	0.6492926357637541	-0.3255737471198349	-0.09192923003744062	-0.6129059213586736	0.02716010634279371	-0.5274785116043056	-0.08146266674882494	-0.9675979434898073	-0.4287276848757729	0.4031918413971914	0.6800978903366148	0.7059868811159677	-0.5297956268046631	0.1761702931330791	0.6929188618447355	0.1694685549017086	0.6200220984733882	0.10978888667364158	-0.2611603979524681	0.0638201141176578	0.3302705236998999	0.23702379546323768	0.7824436135588713	-0.12078662833117283	-0.7260596667135728	-0.032315659625153516	0.17376387324604145	-0.0791604604241235
DTXSID3034614	7.922698570513389	-7.436204139754318	-6.205406901864826	3.0921890006099666	-2.78469897914062	0.29274738304186626	-1.4272565299090973	0.675664891822356	3.131077625075825	-5.62183573253544	0.4716862999923823	1.0154405734622016	-2.0192362434835305	-6.644908376378805	-0.5061997610825539	-3.3502944625834554	-1.0803923350533478	-0.6572572754439181	1.3284494456493596	0.2895164208800531	0.9764694181644707	3.987131778282691	1.3883156601999127	-2.785984756583624	4.490084466591343	-0.9036844463142975	2.76775581563798	-3.2109657941229424	-3.116417407065053	-3.3908188701615707	3.2540776336259953	4.37898842550012	-3.697747161810752	-0.8987188667086317	0.7705263048301095	1.833397902769852	2.211708873133101	-0.5811993124180693	0.8349605378262006	-0.033289970791693525	-0.9193006511743073	3.1879041707966542	0.6625055397282915	0.3305748445347337	-0.827563893169504	-1.7128438062105324	0.48100087339768327	0.39971825502523345	-2.3399513493741395	-0.6120061754772521	-0.3424844461145374	-1.022170305248299	-0.4868599493296052	1.2871027605425742	2.0322305133024723	0.18523382017637857	1.5871440319063161	0.6218547292027199	-2.7206644065900445	-1.3833256396820084	2.7052583396175875	3.366363355758184	-0.8631945055489482	0.8235393929176025	1.4056428925036928	-1.0303415877008415	-1.0394759501528303	-1.3800290299421927	2.8045830818534503	0.2931725538736489	-2.007891781210862	-4.915242474712095	-5.621494079478153	5.2946317527941105	-3.3040419100190834	-1.2707537302881684	3.989088980521196	1.8268547986523935	0.9894366597349891	0.8389313324523875	-1.3486633195854647	-2.060253621804133	-1.7500750233101616	2.3689887833035965	-3.243542432962302	-1.7339596634249546	-0.8468409808155348	-2.796387105471896	-0.11585110017975409	-1.489739605347691	1.786266096545678	0.173740207382076	-1.6524887601830998	-1.1748010711877517	1.1519745857297432	0.3797349519293063	-0.3053697350022153	-3.02380361922389	0.2501271073822809	-1.3610095491737713
DTXSID9046073	-3.2636433546844654	-1.33274729007508	-1.3581659766046157	4.114351368617105	0.09679369131756262	1.2830291640543752	0.5689283853373467	-1.5557518211051429	-0.7071082918762723	-3.7248287271513734	-1.3944282788696236	-3.060356224032435	2.1018341846586037	3.755560801603047	0.10891728758365628	-0.780959380626732	-0.6914363159696655	0.4991033754011205	2.2631035292849373	0.041728810593956035	0.6862266248170857	-0.5740267185220731	0.7121817292234375	-1.0509158908550118	-0.6255926902407271	-0.32068890956984086	-0.18005506561312912	0.6672333384064334	0.48720661031335893	-0.16504719109063387	0.8497850926382265	-0.24653326220456911	-0.8263172812820098	0.4695249082658486	0.12656066378651526	0.5268797838387587	0.8500710550564985	1.0978130639159078	-0.46875463639407705	0.0989238558364828	0.6473459935838068	0.7664437288756408	-0.7437959625907254	-0.34238967376482876	0.35123295782165453	-0.42644017565235826	0.28080657220533717	-0.9064731776424115	-0.0025391827334471794	0.4170731965799425	-1.2520557299380832	-0.5345404590828743	0.4808007689609974	-0.47305280079590745	-0.7029222568889176	0.9173883752995232	-0.5451665628628859	1.0976146495804897	-0.9603807869127584	-0.14159961263443938	-0.7153792941270706	-0.628476379277136	-0.4619414393850664	0.8785720626680242	-0.6556049040736527	-0.46305112277835186	0.6088287724538918	0.2980782402006501	0.8858541527157017	0.09942753999052871	-0.15475463789750765	-0.14351863770933077	-0.5195211037056016	-0.6361304485526074	-0.3441347508118014	0.7930246818225076	0.7059028547334015	-0.11195363843592984	0.11086643811112447	-0.5149564596653335	-0.2310095827234986	-0.04438937244755439	-0.07046316561670389	0.05612719856866518	-0.5543328081047205	-0.45653162397343305	0.09145932932912394	0.4389241177287201	-0.4016414889646103	0.5361564694461094	0.35250789967948143	-0.22235231685362872	0.2730374433173718	0.7315108793145256	-0.1821965778697858	-0.13453827138581967	-0.2991624941823933	-0.14281993596368228	0.6908012582546713	0.3846596833396487
DTXSID1026906	-2.2690632563958384	4.45366960128649	-2.0038090827949846	-3.1762120091221036	7.835804225752663	1.0265379419066196	1.5034631646259744	-1.1400221764995457	-0.2076015485747344	-1.0193425875119542	-2.9563613893496123	1.991143154169317	-1.1223643489816684	-1.1430369816886363	0.1634099451166115	1.6161957250785217	2.404378157172113	0.14984822304650208	-0.03571673017484847	-0.31444040728424916	0.9806936659926447	-0.4385208941953047	-0.20640429739375468	-0.5194055786067123	0.6937195463592312	-0.3459089162134156	-1.2708236246365392	0.9811377994042385	-0.6411648499594627	-0.2989766261140649	-0.24687871774149123	-0.8582704808652987	0.18090532509375173	-0.22401830436499562	0.471571774359609	0.7499853664913356	-0.7685814678502736	-0.7444208801578952	-0.17851746255677683	0.38603266664780866	0.3099859024553581	0.24932610753228024	-0.723116229380977	0.7142528255404869	-0.2631612164299181	-0.5583785852626917	0.6393453966615664	0.34674909647959573	-0.5821433597825737	-0.12357740914579836	0.6230520720310501	0.4601629213643084	0.45790625955114506	0.6060111187292516	0.5974230877205251	0.23515852699957282	-0.5381208974676002	0.5841274019565942	0.3398146224190761	0.1955678183802107	-0.26575911639801514	0.713928652809204	0.1814657977824394	-0.04624902796057537	0.5096482253609882	-0.5702664446674202	-0.18578382184016756	0.631882308006031	-0.8309199883799104	-1.1391033975452527	-0.16049004180848422	0.09049832139886115	-0.27198088738549353	-0.5994366863677029	0.359258577824219	-0.04424976878003016	0.0774025398247562	0.8448085879708336	-0.6918711807770864	0.22034538896184896	-0.2450895555200274	0.288789655873311	0.3373074335593063	0.30813194303275393	-0.3117300002756188	-0.0718396985631237	-0.23667309199883987	-0.08651176217335968	-0.160713446629303	-0.3590144482549338	-0.5013343308288106	-0.603559052081126	-0.09685657424048581	-0.03547948679058573	-0.11645716572768072	-0.19601060505203627	0.32381934536488916	-0.013343804553358853	0.13299920383945038	-0.0666634437893328
DTXSID7057810	0.5965617082778378	-1.0592208870971571	0.3106950914190542	-3.0694989062349243	-0.9833948972391224	-0.6018148592628203	2.919938931095444	-0.5508556090531413	2.465279676059466	-2.7709964418024136	0.8675435243559332	0.5952872489391581	3.0406025477264467	0.2854994613101242	-1.357151335074499	0.3387926900669651	1.0260777118501265	2.0746558658704597	-0.0739650508309301	1.9756740932418884	-1.2369987038499843	2.006958316975554	-1.354965054982589	-0.19867109443678968	0.8952654023931955	-0.010654674410741928	-1.3578477219701564	-1.0629254997659592	0.2270574578267883	0.8658884866009563	-2.0975787058634396	2.871683538202793	-0.03376267667727846	4.316290106938947	2.411313292660392	-2.4399072756930194	-3.4282477431869056	7.132580257649255	0.2849906747782292	-4.408888790226222	-4.840653197058414	3.553282225899081	5.599266761098551	7.0679797094445	-0.894265876806824	-5.850744733217755	-1.16004251519442	-2.6323295944485476	0.7918391956027996	0.015440532712733542	-1.4641240441214414	-0.014655400592949331	-0.44206719815482143	-0.7216920203904131	-2.593102316776259	-0.21872985280023088	-1.2311441653166317	-0.5948935641780296	1.0187464431663413	0.6281198411859716	-1.2245579459390257	0.6510220883616852	0.9539357569472469	-0.6634994075568368	0.2645731167449485	2.128781530238637	-0.598763387860329	0.790538549985083	-1.0156205500807853	1.3949560877409135	-1.9661556504611892	0.2464122206045214	-1.3187091701761375	-2.5223190160377893	0.09755308600197737	-0.5058180047608708	-0.34430853820690505	-0.8189941320884274	1.2179369295461393	0.2633275873282688	0.25354052026609036	1.0999911040209043	0.8656149075893739	-0.06825087699589194	-1.8796338205198666	0.20080353020880415	0.08821009648401484	0.08596417252882112	-0.8134545503962654	0.07300218422413732	-0.6293970797649763	-0.45722975216349043	0.6976942132756674	-0.944457168249754	0.18246979359591864	-0.19715713286438402	0.5233959072388851	-0.23841615724298612	-0.3772929446155528	-0.7389340000010466
DTXSID3026984	-5.566243475047378	0.08489138959558895	-1.7625233036599792	1.748212506442172	-2.671063581841818	-0.0028233024845349536	0.2077808735690135	-0.9792843416142075	5.971459949340459	2.9344391393103773	-4.170494529463202	-3.470995810027038	-0.7705987551601363	-0.056844107032368744	1.988249052853957	0.0031787453384257347	0.7944203579372405	1.3579554270032357	-0.4092149315735533	1.211524197204514	-0.12434876171520186	0.8158073381638095	0.1403262278757613	0.9078902446039844	-1.39007716534331	1.4766688256100295	0.022535929539445297	0.09976021764675819	0.2322135931375858	-0.18151038342153847	0.5970671636258048	-0.07884394854847329	-0.23096956769986038	0.4861694807014079	-0.08964026236769464	0.3690856669334706	-0.054046501760681376	0.08788884135886138	-0.03823069372317572	-0.6517584262199335	0.12899774618603968	-0.043156686265718336	-0.27382295066676804	0.13586104573256932	0.45420415458449065	0.66896726624984	0.5882123333727111	0.03097265714379086	0.11452098263492257	-0.13826789044680066	-0.18518109163856936	0.6842199112417178	-0.45915225949303323	0.2328405299592184	-0.500310259484958	0.1863507453194011	0.5946266119679489	0.01361817867420272	0.48520594845245196	-0.10418711030221482	0.6518385350649823	-0.42764556889823624	-0.43664679686822083	-0.09228725579020106	-0.3701228646730633	-0.008234704249262943	-0.5543005513520171	0.12364375015618487	0.28614267433174534	-0.59881187715523	0.10033481400686142	-0.269657629074376	-0.5247973169007312	-0.20472841890942023	-0.0766662484682467	0.2291387691425223	0.16156483054315146	-0.15370456756445347	0.19189473108783178	0.00773099554024108	0.2953037448504438	-0.02230160981112455	-0.04484712724995453	-0.122375775866224	-0.12299604710335278	-0.3229689386571787	0.10382950397038555	0.04534525982917168	-0.0773981008084352	-0.016573662175873236	0.04125853155503032	-0.11718333435575544	-0.3688353964333757	-0.028927553867456157	-0.11679530939609668	0.01761364751656805	0.06141984660702728	0.12149389973980541	-0.325272279276626	0.22206292262123953
DTXSID1044772	-3.000168278473511	3.7033050723008256	-2.5775729291585887	-0.3894268292727655	1.8201595684177414	1.0058490145125636	0.8525237757339832	-1.3764698716241748	1.608620484612523	-0.7057841393177331	0.5848853958819914	0.1944170475260987	0.23690394713950888	0.6113119806017092	1.088297731941255	-0.6130902086913451	-0.6318525845362873	0.9773631228419809	-0.008676195180226373	0.2401321831740744	-0.3644695373704084	0.12013610926924845	-0.6278625175781953	-0.09572396209844507	-0.1550554277038002	-0.3126689580585765	0.6174204339399861	-0.5071437014358586	-0.16305271308820637	1.3713441916144318	1.193621357135413	0.10993230970717688	0.4949455144691351	-0.679030846301335	0.13431081210320306	-0.17616973428685392	0.5634253535805868	-0.044100647600820324	0.01213118714014168	-0.39056334316380303	-0.14574940826209082	-0.4481835190412617	0.22855925243239705	0.060708117724431146	0.2912152712998885	-0.41509317597145995	0.05121145207205858	0.4376642309855172	0.476013691771171	-0.7905188924525289	-0.01963240175072533	-0.7530174677571558	0.6537973896975777	-1.1580372626505633	0.10532434052275372	-0.02487560368684887	0.07288790114884525	0.6687914555407786	0.45196184494122554	0.3349272251853182	0.39003806438544353	0.4466021010605288	-0.10892923494580564	0.18649142557165665	0.475091879146834	-0.6666636724285219	-0.08656085763880923	0.04032768003505623	-0.2641815336204841	1.3905830457640929	-0.5918832321644727	-0.4886425981899233	0.32147787167997427	-0.3840542046093797	0.381261890317151	0.514594341897008	-0.1978347677200914	1.1675003288861687	0.4370184589182182	-0.09756944018923544	-0.17561907331389257	-0.4504774908889465	-0.28410400641431394	0.2344678366049374	-0.027931095341028313	-0.14319955948967467	0.4451198721417053	0.4682184421501857	-0.7231981353551102	-0.12041661320479813	0.03570032029894174	0.38472003350965733	-0.42382659874359896	0.07196483817592425	-0.366583002726824	0.536767092513386	0.16739766151044622	-0.3297582473823335	0.09932202470181553	-0.045682331041131306
DTXSID2057819	2.7325517206414984	-0.10139466537707192	3.1027792844967776	-0.38141760699170646	0.19274420994200167	3.2642350716978896	-0.5161480626349271	1.186380956926559	-0.8748563117736133	-1.6525958420309947	-1.099217956213269	0.3817090297183045	1.0998277578588451	0.10766927992886569	0.43763799099897377	-0.32942262308611014	-0.720312354986824	0.15323774223800174	-2.010782078210448	-1.9436433617256803	-0.3071455471481319	0.24177738346712252	0.2773097983403502	-0.5336337768567014	-0.4802449721705406	-1.628238306967051	0.9614611209093348	-0.9789854457713999	-2.2711316171733036	0.8830758356972864	-1.3927091012444848	-1.0889895368165279	2.4332137386802066	-0.15502301332677781	0.4903381153706211	-2.3369536427548128	1.9216307765460268	1.0416360168934222	-0.5384221972070015	-0.8356423079495122	-0.44522242388269145	-0.6750370467984314	-1.0661037486633411	0.9929939910445159	-1.7355673534563314	-1.1158311251634307	2.380173988546831	-0.8772285957564404	0.8685198746540043	0.7125510166833554	0.6104307155712863	0.9813597943034224	-1.342155548519308	-1.9233707998370082	2.529751362557292	1.7110652878625976	1.2121297984278303	-1.5609868715464668	-0.4735331422798095	-2.1437172337083448	1.130903955249288	-1.5916549261669508	-1.3910077049951457	0.7781910571337665	-0.46223462452483455	0.5201998990303669	1.1916889247673592	-0.6166222845965581	-0.22370468408738492	-1.3088150110843633	0.5282890568066905	-1.1633031602312731	-1.0740313234063974	1.0033124441725745	1.1322861987115544	0.18861464914164727	-0.463613465764481	-1.0363341860709814	-0.6517239225312809	0.646515309178218	0.998600540200728	0.4411889145181069	-0.09096074640453626	-0.16139039250647547	0.009957940770799317	0.1827145396773189	0.14639876814246192	0.958803633871427	0.4907610879461978	0.23019226784656951	0.022030306267291664	-0.1397844392978856	0.23532899881887379	0.6750437239324919	-0.6942749602303468	-0.5466940973468184	0.06905361642478793	0.55379956293199	0.3604244779443987	0.6754134621503578
DTXSID6045088	-2.0605187861221412	-0.5279712672516431	-2.5454982498232743	2.3940707536790398	-0.9523373711154202	-3.2748829490815643	-0.06445394864555877	3.9018904447865697	-0.9320530547751225	-0.1043319562370043	-0.6520738071880072	0.04655540198780327	-0.3866298911702135	1.4078486640906613	-0.7982057661521139	1.1287637965566595	0.4689992287168395	0.8279263259399959	-0.23472066965251398	-0.9007576386567584	-0.34239940193489327	0.751454714936408	-2.824828440384665	0.3565519144361414	2.81845063966791	1.364789286047123	1.2895342639254057	-1.9977000724062206	0.5773449449821361	-1.1569264437336715	1.4336388671160702	0.18571615974017985	0.3751871932119204	-1.3446290030046222	-0.609814418215082	0.006079805703199062	0.14762595989800117	0.4722360548633203	-1.2697806966307799	0.07743171173636394	0.5605630000255011	-0.5528898153532017	-2.1055808959152946	3.441891788633487	-1.0500506879471934	1.6460924442124159	-0.3895555092807267	2.257654449274031	0.6788334455032798	0.7422613270848432	0.6185878585952683	0.004372053967348709	-2.4052836562493645	-2.1855088824025626	-2.5547783685578977	1.3995797639379386	-1.4111891024558783	0.1792401678000643	-0.09779014238048545	1.4094770673824166	-1.4220162020506308	0.8477179636846477	-0.19298419041391007	0.03680919003119401	-0.10590865756306811	0.6075328667919966	-0.33742679830316624	-1.0602325132093124	0.3564100731936519	1.072795544279685	-0.7102629179382345	0.41723041948425144	-0.46222467624376745	1.0356496591633486	-1.5348930887937986	1.221959323272401	-0.6785234626487934	-0.33336022525434417	-0.6300059064885043	-0.26918942891979836	-1.0619866798575541	-0.6104946591023702	0.6290010568584303	-0.8666949373290769	-0.13805753420877281	-0.5190715354255769	-0.29600588833994806	1.2026206466253817	-0.21757022864010764	0.21701299702642643	0.6032993460097914	-0.0865751163372927	0.8784409947971751	-0.7694344582783922	0.03276403708767215	-0.44607347997039276	-0.5190949259831013	-0.11643555473901795	-0.5806789827674282	0.5601152804672614
DTXSID8045565	9.457927315003907	-4.966934771551915	-0.11015713737088179	-4.3299508539217335	2.7925393899260462	-0.4680674189896953	-0.29131298060376765	4.759514400471265	-0.9391197309916303	0.48267258449311645	-0.07123504721328539	-0.8062517926848797	-0.19864414853402543	1.1327078480240504	0.6018119577837151	-0.11460512816726587	1.6196911013862187	-0.4398359005168969	-0.9697615214061895	-0.5173466107189773	0.8316892954384697	-0.6756505138252168	-2.6637582572190297	0.3682176538710785	3.8800736331489962	2.4338227628284894	1.7337905693028033	-1.4752835131748014	-0.20330007597205357	-0.9364868453799948	1.3260888763218648	1.2648311518907722	0.9306974405395558	-1.8129185191955965	-0.38897359143490645	-0.403586292474859	0.8576680936791236	-0.32673537485139964	-0.18841397512838656	-0.7764670201620106	0.5507706634629671	-2.2141803084782072	-1.5823449442567656	2.4098392432601003	-0.40289153426635854	0.6578373049327519	-0.4015101247093731	1.7433176100326564	0.39180879092112886	1.7140362621120748	1.4284909223865254	-0.8706557207510385	-2.3452185307710267	-2.4333041275674603	-2.6347015020020663	1.167153012010664	1.5386925705294385	-1.7380225945167485	1.7764474157190981	0.013525208700898027	-1.1765559239953847	0.8529579850253624	0.12545136413632504	0.7828799221812494	1.4890796324959197	-1.1162274655876105	-0.681629870974247	-0.00822599908920242	0.8726584707078429	1.319307975570242	-0.1367156090530317	-0.3633283815249577	0.32645615599580663	-0.15042072779180343	1.5368817850299459	-0.7165350094216437	0.10004156489703905	0.16048260929298164	0.07285015618036321	0.4712494771450525	0.8192055078206796	0.8333814309704969	-1.0460042114544326	-1.1970988814294143	-0.7951922660304421	-1.8098116725889797	-0.15654108796047092	0.45644110972692065	-0.7775424068895906	-0.8567257247192159	-0.35616638811054663	0.06753113440272127	1.3147577773614496	-0.7004646744945698	-1.229916479625546	-1.0898674728299265	0.1454389867476475	0.29127027085000196	-1.780650101805964	-0.1590338307036138
DTXSID5025948	-0.7514362392756478	-3.344788124685781	-9.93998663766488	7.614271969846975	5.607272266547327	-0.9625644313065338	-8.569157805748333	0.8523681287159641	1.7458832381271183	-0.8573189123213322	5.011780192275899	0.3503744316902005	4.144567199470998	-6.513840470802937	1.5575202793013334	0.886262933957418	-3.485388671034217	-5.639503381667531	4.172998437419751	4.777868511893914	-3.2978955124395504	1.8764951072996912	-0.9554237262226943	-0.11563909434213396	3.156937040034492	-4.115417863605205	4.711747106168316	1.679439460100743	3.3224221765601825	-4.953109796166313	-0.4028810202708118	0.4630213563960382	-4.5034279082131325	-3.1890687887366984	4.322448332038905	3.052593486530433	-1.0713112999303813	-0.8273938837372378	-0.8058256352736486	-2.894216864841379	1.1696748673679378	1.1130100709661384	0.01933981360832054	2.5223856631627184	-0.20197033429035205	-1.415220139132653	3.611953286583781	0.14431608182902403	-0.17925589369803754	1.9469829420240754	-2.667928268074999	1.0702151835705476	-0.05803316989145257	0.04732534209437127	-0.23492410426654067	2.0429862455762895	1.4897265851473402	-1.5561954396204203	-4.891059913243686	-2.8006025481870966	1.6169520018724532	0.9556862987134019	-2.268768034986995	-1.4198120696621894	1.6058272244261107	0.7832567549470204	-0.23666823744628943	-3.189980151453677	-2.707137473940509	1.9809869445561428	-0.5151638697287276	-0.9231651520825864	-0.833026913835859	0.6547430552159788	-2.637161853752049	0.4448794068060176	6.4983419666002655	-6.346152115572055	-0.09449820280155569	4.715403546816953	-2.6647394080528177	-4.449169480637903	-1.9172279986651994	-3.8999434549343768	2.687182954245811	2.985706283484626	-5.7050095100833165	0.3414885328588065	0.7205230058004314	-0.11971912311061705	0.11454863137389786	-0.7989543162382008	-0.1589037032856834	-1.0352403278269502	1.5685229043379314	2.092205219657647	0.31352295611094966	-2.131764304374661	1.6036104700944185	0.3919751214823187
DTXSID2044848	-4.549347471367588	2.01931256004317	-3.9915358743723854	1.473964000152145	0.38660529331672033	0.907447409071146	1.3658533318148	-0.4763325883141942	0.5115667861721587	-1.3879589384296067	1.330947676773013	-0.155821496542507	1.26623207534812	0.053744326360972684	1.0948601695035045	-0.3167894464769606	-0.33725494882059326	0.34369668716276974	0.17504082045991817	-0.15644035213934174	-0.2867621289935111	0.045724941849900315	-0.20213703119321152	-0.20742513070192	-0.7285008262403195	-0.3097772027994448	1.0999810378712818	-0.45493036803459413	-0.4941990120542649	0.8923298161608181	0.7015306572698528	-0.07881263187859025	0.7095191648323816	-0.1377040572263357	-0.5418968184860367	-0.24512024665179202	0.7395648365814654	-0.003161671697652822	0.6497179339093152	-0.36568456913948577	0.09810329050956403	-0.42303043390397493	-0.10177906316789663	0.4473616220349876	0.27896118478167126	-0.8635340854597168	-0.09783139685044519	0.2116221774159429	1.1398628632878198	-0.29117322129952633	-0.5778314379846411	-0.40032433332509393	-0.5239126561168008	-0.1679907192989358	-0.8193656547236474	-0.35771222828683535	-0.7333978578227631	-0.5900026763027799	0.020703447845032946	-0.28195088610276675	0.0698970032036196	0.23644465228975942	0.03753494817998331	-0.47582810722441266	-0.5043247991236666	-0.8372894534834098	-0.10069895827502752	0.1887313991563987	0.25274297948464397	0.29638459872926826	0.13707621782387944	0.11744205480602643	-0.6890277032860022	0.03895376172147627	0.8353596272594227	0.48612533117842777	-0.32562490950106565	0.5722514142879971	-1.2473177996349027	-0.9071139077147089	-0.6733445735911598	-0.7400287271627635	-0.4304866030953834	0.23611618841420692	-0.3584956950791151	-0.77179040248936	-0.05403495172285515	-0.24369349896390485	0.07635547961531716	-0.023891675408247933	-0.12131672466683784	0.12576162388911122	-0.2588782777751884	0.15606562081839984	-0.6952444213105798	0.23399268190178607	-0.1240031492865135	-0.09089976548651751	0.4379165333707708	0.563058538948065
DTXSID5044605	5.607991623437529	-0.09406395597980952	1.4860362580121582	-0.0415454761217469	1.6690466515406246	4.380892494462678	-0.7805690247124619	0.6430401024749091	-0.10815631887922565	-0.6042986245349914	-0.17505898475353066	-0.05528723161783879	1.058812635136671	-0.05704316271803284	-1.0773719296050401	0.5372285447768079	0.8412822172121149	2.6167518058818047	-1.9988700004879556	-1.0567534585872336	0.30909471434448654	-1.6663266816698528	-0.6946435484734704	-0.8132531995753428	1.8435615997122408	2.2314707684395754	1.4723637432922505	3.2563426890973526	-0.13229109728122798	0.681570194795825	-1.5259336021806484	0.41074896735030925	0.40478378404847776	2.213205262800475	0.8489618613995569	-0.36928038002781927	0.1558567159875046	0.752657467513708	-0.24668405541360852	1.4016502005267601	-0.33955212995005246	0.04771304829844721	0.13031607647036292	-1.9009050560312457	0.6039092683454814	0.2906795874686425	1.279972821694529	-0.4275422992940146	-0.38020881048465793	-1.7331454012968905	-0.2169370864163829	-0.4048369124087802	0.0908305547569442	-0.01706008023110245	-0.8092399660246471	0.9552349814746743	0.7811524394330921	-0.7994832920995104	0.9602244341466444	-0.6188067768586163	-0.13267977232153147	-0.7718991746233149	0.2032399186383397	0.44713060929275406	1.4000683079910827	-0.8759517359196936	0.5963823113263639	-1.037680452482945	0.3689771037189272	0.5214126236474084	2.0369197174052283	-0.1039232324607806	0.25295609442265216	0.4893095416549028	-0.618508540410388	-0.9858975871757621	-0.35935739568762676	-0.827723204229714	-1.40535964790829	1.0742472878650828	0.42210372716577904	-0.09944055998020626	-0.4803875295372404	-0.2640753897440086	-0.8769612244684398	-0.7349934672022505	1.0137058095726268	0.25720318328552816	-0.09013959765468368	0.7530344604964067	-0.16092886085655775	0.19763580109837459	0.7325587529380706	-0.414273370948135	-0.6742514311700162	0.6112044747369038	0.005908992707113798	-0.10040183192120743	-0.1327479195108458	0.06944680672058536
DTXSID9023702	-4.95541577654543	0.5359584097671857	-3.519505756628502	3.547801443269392	3.842698836813052	2.101724968920088	-0.32454104774195114	5.789556285840665	-1.0902401536065622	-0.5875887735896883	-0.08315550795406455	1.0408921873310049	0.10842949182375061	0.16671977051450873	-0.16945151721169704	1.2725190172446856	-0.6453079240488876	-0.4019480783180563	0.07722972116214923	-0.37328380057618815	-0.8663795484263486	0.0016678262484263104	-0.3514501353580186	0.11381709719325855	0.5860430810540853	0.020177879335327897	0.13025627243345728	-0.04411428573981164	-0.9099861076133685	-0.023747835043118844	-0.7031603158870039	0.7501487619336219	0.5557028810234962	2.2460437483190607	0.527193193825408	0.2323625019145158	0.12717531373229596	0.1928239019201719	0.5677520827233731	0.1875281923821649	-0.2187799985762646	0.3991641513368052	7.844140484269432e-05	-1.1139522192195126	0.4195469395456368	-0.28287208630320543	-1.1641028917143295	1.008214061081936	-0.2635277013139143	-0.1436580702187536	0.43725059951472023	0.31541502440968544	-0.058600725228273524	-0.41970463894818094	-0.5954682727179507	0.05435639641064352	-0.2425387052022803	-0.6064939058607955	-0.0720711954292892	-0.9033612174871894	-0.38655938922010413	-1.433022225268331	-1.0665520636521764	-0.44613464577308926	0.7868972338471387	-0.9038050841670151	1.9108050855986558	0.7198086071723574	-0.269138900945459	1.2873746979483962	-0.1731965248501524	-0.8398808956934376	-0.5423015969767381	0.4382862064026675	1.050779395602041	0.19593522410828637	-1.1616468784325518	-0.6271961039306789	-0.2697476911893983	0.3019830729787478	-0.28948483763203875	-0.5094110107823602	-1.1533279267533556	0.09045104147362129	0.36382029418736955	-2.234833551528078	-0.48360435499697013	1.7450286936314563	-0.10012316903599854	-0.30468883965829263	1.57866720052526	-0.3670483904851696	-0.2167395978891205	0.5598008440522404	-2.639369266217628	-1.0207992712212859	-0.6056270154911579	-0.6102602880984921	-0.930703094236693	2.2732362268410515
DTXSID2021496	-9.601761260195564	1.927915054525969	-3.2550762984223427	0.41685888437740404	-2.027817945801716	-2.2542879340028414	-0.002182307047125799	-0.9804964896230058	-0.059374813764513236	0.2394721038442167	-0.7760737133929957	2.0338435838918274	0.8460121370383435	1.6550704171384918	3.684899938024453	0.8389217155991406	-2.289361272356833	-0.8727022711877954	-0.4371694585954618	-1.559845593480202	0.2720230732912462	1.2889415006110623	1.3829392455712284	-1.906935300843764	-0.509483362575938	-0.925459163487657	0.2736482162021733	0.3986451936693427	-0.1656742033599501	-0.11056602172026689	0.24057164005533582	0.6270332051025261	-0.14743185071262185	0.35392669439618407	0.024766290318572984	0.6701190540961629	-0.5398807800347215	0.3497652528959149	-0.46777151046265614	-0.6923184448431701	-0.14799611417258482	-0.48671964361158215	0.33401384370859544	-0.3460778172701431	0.7657017111473331	0.022175284108415433	0.044772553914060285	-0.619119748886733	-0.2793491665511758	-0.2755116766131198	0.8062001711704969	-1.480285297363754	-0.37022015516359685	0.19424321471294734	-1.1543353555006242	-0.17618117314483137	-0.05479809486542444	-0.7806945418488007	0.41258323873005537	0.7511322786695072	-0.42342954659257587	0.6450114342994138	0.2472934721446419	0.21901437372420163	0.2925752134762728	-0.7159156445634349	-0.9208052061751785	-0.2855351198546322	0.3751011775301918	0.5676329734026839	-0.38605050008797015	-0.0741744662749956	0.26990407563514135	-0.2559222108896135	0.08446224915142479	-0.37494164973670646	-0.606634762517795	0.15550005759778626	-0.412392613042189	0.030185028803816353	-0.41976801766106303	-0.750236706628539	0.04592580002157571	0.13201781233784313	-0.03625258342356882	-0.6214170113890679	0.01541687524691343	0.12772278362221248	0.22746970324779248	0.1447607203359291	0.14652658306751076	0.07156226133815839	-0.46128598645278523	0.05420333768848568	0.20088552063164722	0.32095351869664357	-0.2764458986910232	0.1332766749817554	-0.06561265704139223	-0.2269276068887244
DTXSID2040783	-1.7949126103937003	4.181438789782515	0.030288842787446656	-1.363382241204789	2.7371749538347765	0.21304455315458892	0.22458778169837085	-0.7549050532602266	0.3199075563749022	-1.430066792090937	-0.7376871362465292	1.1967322404022582	-0.19895888858226915	0.4387868630621641	0.4741802312855716	-0.3963866977561436	-0.6794369138320484	1.4345926402401143	0.29845223108931657	-0.3686364257395949	-0.32529876628839177	0.18482127665665457	-1.24988322279752	1.2015184544156563	-0.973573406473048	0.8460340222965927	-0.13179671216404193	-0.5726062633680338	-0.02456882213147112	2.1348710282810437	1.3266912964828865	1.150499391074059	-0.35308818921538754	-1.3554582903278358	0.7915274477677864	-0.5998784349106733	0.23041697682378698	-0.834795393447647	0.19524610422297967	-1.163492546502418	-0.451820032786369	-0.9470188876648006	0.020097537390786815	0.44393146930799704	0.38944421307940486	0.043293315974713836	1.1411409854066714	0.7404585067223843	-0.55895720770787	-0.1943050254876294	0.4478277767125064	-0.6520481063599294	-0.08819222512306721	-1.7544516484253758	-0.14574093582920075	-0.8966335729761088	-0.8834349867680524	0.638969744135817	0.7615949215302358	0.3832704526845612	0.5127393712963031	0.01655606700561906	-0.3009349810691829	0.33259222224788865	0.003296239562183582	0.0679820912039728	0.26073017506548274	-0.45740108063125456	0.8125733097693693	0.7469164746506219	0.49544258673493974	-0.3391389735961069	0.2719086702159151	0.109747834339535	0.6283134615111315	-0.08935810209534699	0.09076290405041064	-0.4043382200941725	0.7574264098721977	0.6246605893982112	0.6170911064101526	-0.3071472600957031	-0.06931231754578789	-0.4181983542269869	0.5171975934922208	0.15548086185600263	0.11588132135638339	-0.4945216255159933	-0.6741103661577864	-0.7199781610450325	-0.7615054164929999	-0.27322487950064717	0.08029848276763754	0.7503244032892383	-0.6868416398514658	-0.01208313709885936	0.3814321174011388	-0.4427143953876904	-0.18210182384921145	-0.12387541241875401
DTXSID3044542	-4.660984737325931	3.353764010690364	-1.0995062427361706	0.030831463026010808	1.8884259463383706	0.05722140622411004	0.6221789989930083	-0.45947481416508096	1.054164538112872	-1.1105987646841309	-0.4618942917433145	0.6263539689391175	1.3969315454991613	0.7543331538654232	1.1925474493298485	-0.5812736529969289	-1.450373408110983	0.6246922145088375	-0.115544854650749	-1.1889142817630043	0.13601908944543412	0.6799221603717142	-1.2661450826972032	0.1421544763781617	0.10905563437254158	0.5417737891926966	-1.5227086568084784	0.4008970583511028	1.3059491360588185	1.170965563078688	1.802822633247636	1.1860014917087818	1.0344502813391923	0.5044208555127141	-2.324936987184652	0.48281024167407044	-2.412760454381067	-2.4273404450482907	1.571183436713406	0.22882214533632225	-1.4805659944427616	-0.32996973857586903	1.150098765473811	1.1052143318038432	-1.5341835692529748	0.46978368730197356	0.31268771101734677	3.2925360160856574	0.2677222717970929	0.47155925700149715	-1.5311491264316097	-2.874801005514968	-0.21354121216841154	-1.5023001243483929	2.6545392012888875	-0.6810310061209989	-0.6551218234670394	-0.569289904088686	-0.6448064231190441	-1.0934985415933154	1.733619895363972	0.009813234090502389	-0.23148773260708932	-0.06187927439184325	0.29294832077761024	-0.09435952133938924	-0.42642976997865206	-0.25416725515207556	0.8619253618647065	0.7465187898250061	0.35951809316544087	0.7110447914183274	0.1949742711136189	-0.8451040617547609	0.7508839766794619	-0.1620875231112673	0.2165108286252009	-0.5865287334414395	0.8998529286290478	0.06866527223748813	0.800519233965343	0.5349490836859894	-0.2892930797081212	0.22720112586020744	0.545137070451971	0.16579475658259596	0.39708006719242084	-0.019105362370135257	-0.5311758545092421	-0.4453176927010176	-0.36741942935741273	-0.03788551778117031	-0.1082697297640474	0.18417264104768566	-0.27312364602994543	0.2340265175348309	0.1005115880908573	-0.6823886565071047	-0.5862855042493997	-0.2938800706865767
DTXSID6040375	-7.385355561146009	3.791972534844703	-3.060777756528243	3.501484553446754	-0.07792425407012536	-1.7499471563587599	0.6533120827574876	0.40898281695679606	-0.1592274976363611	-0.520515421124295	-0.7014007027327827	1.7178724163569072	1.76967741611531	0.37892817041106913	-1.0027469155907496	0.37402920206019824	0.7232903364080441	0.10823251077213915	0.01272721591935516	-1.372899387972918	-1.1935011852710535	1.8794698087783204	0.6956128015989209	1.087053473692925	-1.0753581222433115	0.41964684852144724	-1.5680889301868985	-1.3632065036214205	-0.7074514544154276	0.1569727142620964	1.1769610362795748	-0.5481485314012358	-0.03658861192611319	-0.6136467715462314	0.39755045076787054	0.5095216977817643	0.1792630898203415	0.9638643683886815	0.0595288751419024	-1.4355961592937356	0.4519971651060299	-0.9417657161530669	-0.3422495932583684	-0.32360482990096745	0.451808792078497	0.3633555721114032	-1.199193455931996	1.0516084870776923	1.2944885689871426	-0.40862688308713846	-0.7467268954701995	-0.8616156371688325	-0.36812791304384807	-0.6764894326597886	-1.1211766372847294	-0.8625601751670365	-0.7641387807033013	0.021247699579192304	0.46522643194952673	0.5463462376116253	-0.49970760736981185	-0.36291141729848486	0.5144718595430408	-0.08751561941941112	1.1026888219424675	0.8611697757580647	0.5926556329567249	-0.3368086884783796	1.0367427146500507	1.432826761673472	-0.7103018095591564	-1.3438855007180392	0.8254881309087385	-0.4732189670963752	-0.8493477271741445	0.22242133213991155	0.5368400938964883	-0.9244969688694848	-0.9461560751511623	-0.1762762126625046	-0.29456965725107026	-0.8034039906712045	0.7909616596562061	0.08081667837751082	-0.10152196651637065	-0.5161701424871072	-0.44764773109843	0.1192305877572861	-0.0566325202114673	0.23047525083743156	0.9507792834662481	1.1372889703715794	0.5563790656195361	0.044184292910013044	-0.08917593896349796	0.9871088833663175	-0.4586107000747034	0.27961141989566296	-0.2395203445156973	0.294770126678544
DTXSID3022825	10.570062328001926	-5.014769744155904	-1.8162880945848787	-0.4807373923128397	0.5927025710654498	5.043644573908926	2.649805016110135	3.8251121732722244	0.1670720581912342	2.223369424508293	2.6424407978270428	-1.4970855092582922	-2.067419456686925	1.5669963415865302	0.5262236666363543	3.4480712321902702	1.516018890556671	-4.6784529430451745	1.1891533517319979	-1.4905536655918943	-2.8453414698560353	1.746653849814167	2.517799379467131	1.9644249519030306	0.49556724747534636	0.9319527475227379	-0.4658665319552204	1.499785229495855	-2.5208053574888414	-0.259221834379358	0.8634881570296815	2.9754828094997334	2.2943997092960777	-0.6039989382772808	-1.2357849439455966	0.6993773860184662	0.4304079146212225	-1.8245719886155773	-0.15878500725307867	0.1753354851270674	0.07925098342345145	-0.7710227066002565	0.5709675896701988	1.9513995695478463	1.5010811812913056	0.2754123921416479	0.3985472399536368	-1.9981814605860564	0.7876581836942473	-1.708547642358835	-2.5341303166633047	0.00901861650761334	0.754903283796903	-0.8232418240814942	0.02084403760443888	-0.49015346243185004	0.058512197545673154	0.6729685762888502	-0.44101823594115896	0.9990532615458648	-1.0058388741754525	0.6767763514547648	0.23328950308164284	1.2131879938573809	0.4713850514890039	-1.3682164298722346	-0.14370891188680454	0.5050489166247004	-1.5411342184127537	2.043128719805278	-0.4795719117478045	0.2121761627017992	-0.09972612251697367	0.559333732788832	0.48666324768071645	-0.19809456876952297	-0.6754721137844338	0.3297969828575701	0.10359356031654966	-0.9691484907704565	-0.5943424014697856	-0.11250726573768277	-0.41340261314666915	0.8912010430364654	-0.6787234750905731	-1.0281516274374278	0.26554492759357134	0.4227957356650545	-0.2810005535675097	0.37914613761008253	-0.0058316529226642945	-0.13658691860238417	0.5605183461284353	0.1398663404539366	0.13754285434900684	-0.8075444088560635	-0.18183365874126636	-0.7885639009483564	-0.02613970286389082	0.8476630422296778
DTXSID0021389	-2.7000999945874917	0.043054552605393114	-5.604291918406483	0.18914518431890925	0.1172573120160471	-2.8799289581742946	-2.318872743659105	-0.3680944226073824	-1.6745471902439615	1.410465291067867	-1.5080021322291557	0.9964575980282797	-0.25675699026068843	0.6439695487794093	-1.520528199648415	-1.1248028801554062	-0.3042393316043163	-0.9484521850148743	-0.8735771975268658	-0.594081024040737	-0.7212614828094203	0.02666538979479494	-0.563343607031556	1.0066654375451178	-0.9752976868837345	-0.08079897286339822	-0.8953634469641654	-0.9389940648442987	-2.1448578892922048	0.14398240368067586	0.5172158214841506	-0.2883350941705205	-0.6512300051691562	0.005435464698708705	0.12005054028460785	0.34890379470210825	0.5941063375354981	0.7283214439162519	0.41795690136861424	0.3764900646683822	-0.6903004092699899	0.21227905217978815	-0.37599201668039806	-0.22106556539883268	-0.07394071721026364	-0.07500770255335254	-1.4337670654534862	-0.2647217302546229	1.3615762214753662	-0.7123566665723968	-0.1578362411669642	-0.4521019464922119	-0.1826659135160083	0.508294919983638	0.08047716277377728	-0.6511676801225897	-1.0839407246877497	0.22073746181127193	0.22902782319824772	-0.8406667746705132	0.40174732081803155	-0.8561116688239705	-0.24229054876663916	-0.018950793572617065	0.8280217998141498	0.15906551878735725	0.12009624492719452	0.9130358869719214	2.2720213986979383	-0.12669357767662232	0.406992752277145	-2.145600530569433	0.535231454085576	-0.0516169104427551	-0.8025590153616888	-0.7280979592558833	-0.7362565144857193	-1.2086814166939015	0.33067992573099775	0.3297086847445786	-0.6002262803204498	-1.0904611759390315	-0.2299738262821749	-0.7026836918030328	-0.01819959450457941	0.012599143165729408	-0.8904300762564269	0.8071547527096584	0.19535707268128918	-0.5068482678626857	0.5212022564147889	1.470132449809595	-0.5403820280044513	0.2858741580640279	-0.03470285993742448	0.4822748981906051	-0.6887351047709531	-0.3727586217360694	-0.34411143584677434	-0.2633650787210085
DTXSID6023157	18.578007669700693	-5.390670495407856	-8.555315721724183	8.976339487707355	1.710072684692996	-0.26076476540126126	-3.265934207348234	3.5163957836414226	-3.6367727090806397	-0.18197987426396053	-4.079442971255033	-0.10225471270794374	2.071281887770721	-0.3801003419775655	-3.6470228386898915	2.1503135882349205	3.7043014200629556	2.5032724151268138	-7.1741882155017676	-6.327084082171491	-1.16903571654288	1.5540621092961442	1.3519848210257366	4.0299673006062795	-1.7523706193475281	-0.49039687350824435	-5.6193779667306085	-3.00057174162089	-0.1440009578228249	0.008700752321665756	2.2914420298332403	-1.5655164305245661	0.8174689105931106	-3.0783640077997867	2.2460719233400885	0.2756686155146771	0.6837752077902041	1.1105515019859056	-0.15677173756623283	-3.5529029621328228	1.3153597285727292	-2.6836199585059024	-0.18234920699107496	-0.26370222251124725	0.187483284048149	1.6314401139339587	-2.0631632163542273	0.4836528259888539	4.960975562820874	2.3759575197004277	-0.7731469181589912	-2.2640404182808385	-0.47068103861127875	-0.02649910541766014	-1.5587718145161975	-2.542846889490318	-2.468959898570023	2.5128304419315	3.6870040606781886	1.9777374937962704	-2.5371694300496794	-1.9281917575808096	0.7719130567534478	-0.07955654253343764	4.919649051643302	0.0188522246425411	1.6500457338483976	-2.1938206365029513	5.645536220771798	3.2690321787614898	-3.4080174882810192	-2.082911738978964	0.18043958514950717	-4.664392006516862	-2.260484790485141	-1.2398248808885879	1.8822722349626886	-3.4001819762470205	-1.5685004855475173	-0.2825280738964714	-2.045219008435719	-1.3289178290480235	-0.6577364994821333	-0.8206702078214375	1.0682610353387503	-3.0212269707084904	-0.8337079627607998	-2.4832020018471144	0.6902703268137783	1.2602099584882993	2.185538002644591	1.871453489875681	0.3396327888371926	0.31898612527222203	-0.029624062157473933	1.399389914818068	-2.194990040217369	1.176461433273604	0.7232021875023501	0.5564674254210064
DTXSID7020261	-7.019228284457639	1.0907779009833436	-4.075226001408326	1.6595612529865713	0.010834231261223732	-2.651318182789792	-2.3881806026925636	-0.21442134977390512	-3.1092413009392352	1.5330854819554207	-2.258890303578549	1.6318745335495863	0.6168820434362883	0.9842206394278591	-1.3677038632309348	0.14445093880426346	0.7180937147062457	-0.12535259969147805	-0.5946710829480394	-0.6442712000931377	-0.7557217097701195	0.4238351494109497	0.09935870813431143	0.42935361473766753	-1.0507350065636445	1.1708496761444636	-1.3046179888594192	-1.6196010225495403	-1.29711688722806	-0.6256985202704887	1.0583642458667872	-0.19464678904175745	-0.17930545251757757	0.08399972288818046	0.1982871907920058	0.9116397071764839	0.05066498012967955	0.7424492413738495	0.3902093722219554	-0.7640950671528178	-0.015703004065638168	0.963259865934813	0.0488608998643037	-0.8948286115046861	0.2510057178301245	0.5353057493394946	-0.8373154762205223	0.7495023641322647	1.275403403059086	-0.6432278394591443	-0.09690234096384243	-0.2936328895619113	-0.5701107262145648	0.3517190176660539	0.35117783335551134	-1.1517514781120957	-0.5913056706034077	-0.2131390689539433	-0.14908781432340476	-0.2816250779027341	0.3400643328068478	-0.4201764617484494	-0.3866810356917422	-0.21433223162615367	0.48572842105352537	0.04090348038763181	0.36867026271479425	1.160440340072884	1.7513802587263136	0.1716847731069019	0.1857194420533117	-1.4330889849662465	1.7486887744811876	-0.7265473694246705	-1.4468470950474426	-0.4029426223913503	-1.010805407989693	-1.2007761379809563	-0.3714765022746576	-0.44650132769947476	-0.6155021813323572	-1.2045873890550138	0.08783955187323027	0.7032930428477419	-0.5318696175434313	-0.543607866222283	-1.3934190908776627	0.2673273696463851	-0.004779246727609211	-0.38454455087053135	0.16523058566225443	1.1500817762787325	-0.48533388796439736	-0.07185935844364048	0.02870108244638703	0.8197724080417498	0.6996539678909076	-0.5827396718115507	-0.15387739710659668	0.13802708637795907
DTXSID4027103	0.005331692935968048	3.588045416426663	-2.423468929660424	-2.5575388802363124	6.974594371414603	1.3164055942842154	0.8642051859929593	-3.1302067339815602	0.96510185010176	-0.9749619766173077	-0.9488390337563601	1.9863179461429434	-1.439642108990352	-0.14951803905933328	-0.21907438326308198	1.5239709360713252	1.3702769495630764	2.0488894565268136	0.08319812528734827	0.7549878401020397	0.49668552938787414	0.6730481250768255	-0.3695361649895292	-0.6969142812401863	1.4505873121612591	-0.168436482261668	-1.2257612753607794	1.1493780066508203	-0.30407643548214214	0.034425675337524324	-0.3285167214172407	-1.061024179665364	1.2041173128146812	-0.19103586805388936	0.23894430320968513	0.35611396052798405	-0.1516618519361332	-0.36085886749897345	0.14430845867040287	0.00805473877262152	0.07834736244223607	-0.5913345771264732	-0.5758306130579764	0.3770852112900762	-0.39932163644387875	-0.9625027999412042	0.8149207548962641	0.0769463197829883	0.20962811977159662	-0.4609292357903176	0.09399695941983036	0.5837975255203983	-0.2839548114806584	0.012658898870403478	-0.13122562045872851	0.3534900727008934	-0.8518945402193517	-0.2038883996860975	-0.46221991303725796	0.47970975450866327	0.3047425205691171	0.36261042292539475	0.10014495950331632	-0.5053123619884518	-0.3244832538792048	-0.9081502029634465	-0.9901801227878264	0.15906033606611233	-0.848105342730915	-0.30435453968165316	-0.22615412635778012	0.2260137150859117	0.11154210330450355	0.21567852478513885	-0.3910019105866658	-0.25323515552261594	-0.12733653081807075	0.6342660966684333	-0.1877660581477681	-0.007341437432846827	-0.43750998653476025	0.45559215709513234	-0.41938607282372603	0.15965888159201289	0.09178015461097616	0.12459523178266071	0.2746851428074408	-0.29953587110219926	0.3267907813251147	0.23240347159076064	0.0553883005431528	-0.2919160370844033	-0.4954030444787591	-0.36521213590442486	0.026107886461870785	-0.12026893118712445	0.15236707581734224	0.06740097140255293	0.024329247904837686	0.29610434595682883
DTXSID0025367	-7.812678529658755	-1.4952928272766934	-2.7824943366377735	2.831281548622764	-2.846361324830655	-0.6984643494936652	0.17150441062406666	8.332365622394054	-0.5283321897069131	-3.4631987760929475	-2.475939943064863	3.1373396482871327	-0.12307539829929041	1.1939231170560316	0.8587849561535891	1.28716850040832	-0.17440595505978315	4.317568809452039	2.139656509973127	1.1173696032305322	-6.321995270162934	-7.126457068567199	6.174339937374611	3.2292529146751674	5.555770054706026	-2.6096859155060717	-0.2980433597663512	0.27250469243320347	-0.497102965041371	-0.17726685254027244	-0.4990575807937968	0.3116690318117633	-0.5692975069930192	0.17112303869165293	-0.6606926078788656	-1.5544025311203553	-0.08404155132995811	-0.421258336198934	1.3793210691189526	-0.3460425028262035	-0.2873043034077941	0.9999861823053323	0.6655969537356276	-0.4006926695135771	-0.6107993076544013	-1.046099685260298	-0.7344994585033461	2.6151671512450623	1.1897645997934723	0.17723861098878557	0.04543546496185977	1.1360520661218767	-0.7415949158400755	0.022443208582116816	0.077131337541335	-0.5326509296272124	-0.1530558508770428	0.4624687763627248	0.24354115500169557	-0.256581807646214	1.3423465995244546	0.03918285486941182	0.1135872090419142	-0.6975897347121783	-1.4144712647017816	-0.9579052541701146	-0.7922814679633857	0.46107379756246186	0.12076385811970149	0.18658544985452058	0.819447439913957	-0.19313375184176937	-0.4823485717078	0.8938838957416612	0.9763768722616546	0.1937141190809408	0.26355681418832144	0.5462000801768601	-0.9732414327494016	-1.0157787103837568	-1.0958964792973365	-0.22104754668581952	-0.9422700246081258	-0.31859932021711107	-0.13248120888429626	0.5264644497575383	0.2935926814020647	0.2962527842674293	0.5647775565877143	-0.37468463125002266	0.1622175702919452	0.3424821693316789	0.06039521536620827	-0.1660459347885895	1.5664337112975295	-0.28025496822459206	-0.1485336989968073	-0.201665119844774	0.5275554804860046	-1.0589513958241639
DTXSID8020707	-4.219574480584771	-1.2576765274968917	0.8049474720923319	0.02628364987837503	-2.101632049919887	0.8819553774365931	0.27565446922878306	4.240927861752696	0.43956617833907957	-1.1984066774602082	-0.16863286619666362	-0.06788630848912194	1.1722101943926073	0.04111628613368035	-0.4118987515946758	0.32716598608477787	0.016246788537358284	0.6325995839041336	1.1918223471015161	0.9013544104973787	-0.019368652675371054	-0.5807195342196407	-0.8622897635158503	-1.7381552075737048	1.493914672947212	-0.17662455374789965	-1.7066439188338876	-2.8450860998305436	1.1092888728887311	-0.10997274070072635	-2.0727685324581966	2.4683706975819444	4.439164197787214	-0.38025185318995025	2.251797460792932	3.6203063812571625	2.1151460330878256	-0.1304239328706817	1.5421227729917015	0.7322788037416772	-0.7691947851690517	0.8232645253908413	-0.8174117601237751	-0.4918283269734466	-0.4275634933463909	0.10317332974373546	-0.02688310317368175	-0.12001144152470115	-0.42384868645547114	0.19364267298266874	0.5029444370836128	-0.9604497337184502	-0.0201123462093806	0.1773794155322003	-0.6416948600463163	-0.09170919086834559	-0.4436080813421254	-1.561290222448808	1.4247012509912955	0.52703166865957	0.43669853176929196	-0.2851305173564086	1.3723161361608383	-0.35533395033265613	-0.09669786437840061	1.0165273403630228	-0.4882329061104556	-0.9976724069144511	0.09616427697406464	-0.6844123611432986	1.106677881507447	0.15847633601498612	0.09126779940758085	0.907928895573455	0.30827845916205027	0.3239565676180376	0.03373895390593639	-0.08989104067786599	0.9143700816306073	0.45559038925228124	-0.5719892699539799	0.29201115115659393	0.4787016581302593	-0.18170312470968525	0.08886085921743744	0.6004723069983416	0.41111480695506597	-0.11442217634574642	0.9709811539013172	1.0321251065116335	0.06929155813501682	-0.5942991506191232	-0.7632805580246942	-0.43283355867887163	0.028079477731696754	0.5090476901473471	-0.6571339809044662	-0.21177278329845273	0.510187768889356	-0.05963152147675922
DTXSID5044495	-4.348759175223106	1.547452397923338	0.8314882898461611	2.6398200176128888	-0.7096833175742023	-0.7295492741215938	0.6094790195631292	-1.3241493341897341	-0.04349974859563289	-0.47219788371775384	1.4769654111500772	-0.03206862406312812	1.0779911147698733	0.12143421553230685	-0.45222801189257794	-0.17942310595648922	-0.03560276139809533	1.0553689969290647	-0.6012270202597063	-0.9529825089698563	-0.7401506990527996	0.4364392637817889	-0.9200803107057001	0.8064882120847396	0.24294914182396277	-0.10375374820944691	0.8833535317699389	0.5943896105139849	0.32661030253205486	-0.17870559000522013	0.32870690013492276	-0.0022291666889517857	0.05364598004651181	0.703413453806388	-0.02421661290797827	-0.4332693799497009	0.010527693500098015	0.11745473912274787	-0.8821817794142855	1.5727585915459452	0.24098377591603123	0.2528399032599132	-0.3067669022733589	0.1981638528361802	0.3212479130491856	0.08904988156213829	0.05623469476616041	-0.8574780074868124	-1.3610835516311146	-1.1907535284244608	-0.4965888320429615	0.5928418968005704	0.31552971892371867	-0.23826279475413828	-0.7548374207693824	0.47721297503647486	0.4037687078175849	0.025571384223003348	-0.753013330827162	0.3609851348576082	0.20084577609460724	1.2228000101583858	1.2669487008055276	-0.0658563670270314	-0.43610058580750355	-0.16117873765302082	-0.4130742128817452	0.40991880175142625	0.4682541606729403	-0.784635090834013	0.31638943770020816	-0.2253668386324098	0.33442394282510135	-0.5070799535569854	0.7447169697950103	0.4075689005508784	0.13137858421341084	-0.21139464836948035	0.6673358509997507	-0.037964963592368214	0.48419736079401643	0.24970857153471973	-0.10038570145196983	-0.29749763669761914	0.3455697377987303	-0.6248790282759724	-0.608810072386467	0.13671926553253658	0.18990214880347378	-0.02725024522019764	0.06180347881261513	-0.19797220420146544	0.23769274315167951	-0.12230868329874368	0.030283512908976597	0.39925151679967613	0.26077849417612337	0.29317873037134035	0.16591225842608437	0.001303067582896759
DTXSID6037568	1.871988601358184	-1.159753502273014	-1.8718929466510041	2.0581576874970344	1.3978761524499559	2.450935555881429	0.5600448477015899	-1.2537681696794254	1.5076380141568373	-3.8121822197201416	0.4480898779457335	-1.4713617128218814	0.7546223097744947	4.657343039295845	-0.23865657160083098	-1.997292058722726	-0.8434298432067576	0.29706605094026256	2.0540141551646727	-0.6753722606334897	0.5540832027583383	-0.7629705219354018	0.8906044916834027	-0.22565414157088512	-1.5589071980472595	0.3430500834625979	-0.21811990394653788	-0.29438673399276793	-0.07632877549877574	-1.7894270597630706	1.1862455974376969	-0.017437666950718734	-1.7866173118587265	-0.9239336196113821	-0.7664066780670786	1.0264091962362425	-0.8786585292869655	1.8830874916655593	-1.912667445631343	0.6809221846994677	0.12210003331751704	-0.5519732321409888	-0.8782597075737409	0.8676620353897091	0.5733671598981299	0.2495268662336865	-0.1977362719014459	-1.3899171487532165	0.043119739606445925	0.6560298184842445	-0.891993379311827	-0.0998388772505313	-0.5456515813221301	0.1799596122251839	-0.14583516069046834	0.713989923406976	0.26214423955723676	0.025965117520787062	1.1681130167712304	-0.4073285778989589	-0.8675101222997709	-1.2223261881540046	1.3463088267143422	1.0072368835090746	0.26741562926365886	0.3546549107434777	0.25081725052990994	0.564366736671236	-0.19014718041744505	0.12885309863565192	0.22246942374589515	-0.5656545154530951	-0.8299604641033447	0.17149457800764062	0.16275910962914672	-0.3704313841672463	0.6510145620768483	0.07549503963771426	0.22194303655148634	0.3438132083915006	0.09487490439395656	0.5724975421180362	-0.04273666258502834	-0.9961118818085734	-0.1114882502637308	0.5344136594356971	-0.320920467813318	-0.8629058807917652	0.571323582793998	0.07057610598169765	-0.5840738415583003	0.5038337851071802	-0.12897485988396473	-0.46273489531828343	0.4250875321004273	-0.0029314455736530205	-0.02745787633335359	0.12237831284419091	0.3356148501562004	0.0633688377602429
DTXSID6023028	-3.3878083644234396	0.37341563532364125	-4.500250697340822	5.17011806691047	1.0275181739130268	-1.4516447639839598	-2.233542800490461	0.5831502392744679	-0.6298902113951074	-0.47492780599494244	-1.0716433308980773	-0.3126796088424797	-1.0279895603201061	-0.7475969995579226	-2.6061836722711322	0.021300045995875393	-2.451686587157402	0.8222712071379331	-0.6041897757410253	0.47716999906209473	-1.238145726198076	-0.05838227716539626	0.48662307116752285	-1.125840595734071	0.1265803147519596	-0.5647447656840898	-1.3033521152523846	-0.835271952669951	0.15026408911666372	-0.564984905040935	0.3869273835619332	-0.18412171470218217	0.4316831898519157	0.2951630352554118	0.5171729793345803	0.10451317463436903	0.8275436460333828	1.4985815426144566	-0.336150742661303	-0.6782803220102952	-0.07901903932877784	0.06189326942540159	0.4068792890768751	-1.441932082344128	-0.12464962307269987	-0.34735991320999454	-0.7964149547570274	0.0384913291669556	1.2586845718500173	-0.16043565226229833	-0.7007587829387347	-0.20786603029969317	0.33256326562157146	-0.9556182027978496	-0.4025151891016587	-0.42300320479051595	0.25402285998272345	-0.08909125694721803	-2.1732787722700744	-0.46430934865192225	-0.2730454835778338	-0.5389027305030129	-0.5160710515016551	-0.6397819994423486	0.3089358376598261	-1.2213423472075793	0.5751385052311847	0.8532856242899103	1.0037200507293063	2.4260094793436218	0.01354636846458009	0.3272638234069717	0.223770764613453	0.17925981694741097	-1.1136909344361743	0.23399445314072026	-0.7320160196179633	-1.3523907928479497	0.3338325135043451	0.38659723887658176	-0.11807178848220042	-0.8131992869481476	-2.2697686899696836	0.4487594690216443	-0.10532950352260899	0.20886584977549388	-1.0015150933033583	0.737677213546051	-0.6805082046377265	0.4718517309267493	-0.1753369494468188	-0.11871213516004313	-1.4073821332983496	1.2581383046401036	0.2759273437985206	0.20806381433506113	-1.230490111492888	-0.37631703937180905	-3.083652580969101	0.08109662502830711
DTXSID6021618	-6.123759214198438	0.36130888613955764	0.7774044002611954	2.5881611244717764	0.15357432688196584	-0.2655449728602303	0.23647885589458767	-2.071988115917957	-0.6758108256350458	-2.908066589333817	-0.8350883880201582	-1.5822710553283406	1.2897320337191003	3.7628971193956535	-0.5932292140214536	-1.188692757929188	-1.2909817162680424	-0.09468125423491054	2.9768420649952674	0.9686605608105726	0.8530020386508022	0.6958027296994307	1.4334316426822373	0.8363102909477274	-1.2255753264473697	0.41413303540625607	-1.151424042215875	2.9585563092462452	2.3988719418708957	-1.1246071355441172	0.7560538685425234	0.17360356366141458	-2.433960399709052	4.46038463686132	2.3695828436470654	0.9201939710794759	6.533775692173227	-0.9885967397387828	-3.2553086605653494	-1.0983223340818897	-1.0862383998328395	-2.3987359389355176	-0.07498819237816336	3.8058787364212514	-0.8168721365758344	1.519075862329901	-1.8809372072403576	1.280611212127892	1.6337905659210512	-2.231835688463974	1.863132211388269	0.03605120885155378	-1.98351078109045	2.0942136607828714	2.1081703323454875	-1.6535807902461017	0.9632381587069105	-0.6897098005025947	0.30364199702222777	0.02232436083973271	0.4556547803672311	0.9081266388590206	0.7085287627725955	-0.3418796405256123	0.6554638890567066	0.036010354748363324	0.3268661283907212	-0.35381387901674066	-0.5440392241833266	0.6496215495327803	-0.5961195666300875	0.42615473341475896	-0.11833435413561753	-0.201681532148262	0.06865450712233903	0.6092948945707664	-0.4638236050804185	-0.08591231537076448	0.17306034212205054	0.16987131417350715	-0.18856611983157845	-0.5911885017005999	-0.003527667460951421	0.34494274924187984	-0.08608501502651161	0.4415322844198761	0.4956265302901172	-0.06061303746543912	0.3314446794703638	0.07750628530575925	-0.3191721384072971	-0.4320161799105035	-0.2789173513294854	0.19866810123780837	-0.48881919377291794	0.7034667105702971	0.5478892315643126	0.4754620263559316	-0.18891356594450057	-0.0849651846168536
DTXSID9031800	2.948780704495242	-4.071215926402349	-1.9506865379391394	-1.0065299632111115	-4.680966095299296	-0.8189836497500478	2.365900093962799	3.1203263838107484	-0.12949201474583336	-4.553777114886469	-0.9951113146365583	-0.13704732538370437	3.4820634770170384	-0.9484291813641235	1.3751990152918878	-1.081533261810012	2.559164766289958	5.556808014103149	1.3170947281824599	1.135152770761949	-5.002697525021147	-6.906021024657862	6.630108248990013	2.6878363365828086	7.105899076322788	-0.741819051672973	-1.1221844881061784	1.5375962457768266	-0.033067121872967745	1.8408087127279862	-1.3633109795229859	1.9711202225513278	0.8568006076712974	3.697465034722923	1.8178473951036498	-3.797009766815348	-3.389410222786297	5.817106729346516	1.1373282774107174	-3.2099361153441373	-4.599199538083372	5.377213792805192	5.4865547942119814	8.208131443457551	-1.9875547393049797	-6.728135582563536	-0.8868299152887275	-2.7320741545158165	1.5664693243681187	-0.09656338307122037	-2.132860877635258	1.545609499071758	-1.9983655108070497	-1.039967087062938	-3.5188037163784074	-1.1536782683325582	-1.4702578680127298	0.08371537627649356	2.5303954349740483	0.4901105819523189	-0.12428111977676426	0.6607835342665997	1.4602145404803206	-0.6014168082092405	0.04673574161897543	2.014145752317961	-1.3579840106217724	0.9334456159655543	0.24038764959349215	1.2454142979688647	-0.43683901419114174	0.9072025803493814	-1.5008914060834464	-1.4273079064908143	0.91444882973905	-0.40838416067629885	-0.5144433617568841	0.10234787553941764	0.5471320209350637	0.2156708321710555	-0.2807437090567513	1.4910913538402548	-0.3272851466756229	-0.6534998471478431	-2.6518571282284564	0.6357222156910788	0.2825535572811092	-0.2852068446350488	0.061016230371919784	-0.6531723767289876	-1.296660765102611	0.25853089181664096	0.7130887957101492	-2.213015923888188	0.2598096137711929	0.8371283147102507	0.4527201970493674	-0.17856002660091463	-1.117227851346016	-1.1798047881703828
DTXSID0024715	-10.214633758824132	2.1095041098016685	-3.4059542444174853	2.2176486060434706	0.0663036172964963	-0.9235322334711389	-0.8281645898070157	-1.1630720624440525	-0.174853374807197	0.652189171062421	0.6170314511065285	0.28674067441275297	1.8256958173588553	-0.6070648954006548	0.03301252090853289	-0.7727517224155362	-1.4712643329652475	-0.9763971720762732	0.7792183161994154	1.482276568216729	-1.0607564871492403	0.7149896997530997	0.1577507297168622	-0.5208684787808113	0.346347950412675	-0.9570464743414302	0.9130640382226686	-0.04151418400701237	0.20578564880996383	-1.4200045225467584	0.1602353344843194	0.8304449249234437	-1.0301553883181158	0.1267569585911854	0.4575225486001919	-0.023532414412106125	-0.2283104206316706	0.35379499582799284	-0.38892637334264885	-0.16684247356457257	0.08774248603086673	0.1416992587305213	-0.09590494434063764	-0.2029746708809507	0.18254012899282795	-0.2514465907170529	-0.019786602752721465	0.7430231477388448	0.263775176403702	-0.14749483678399797	-0.4958424676428719	-0.02053592658096019	-0.2588618773608965	-0.5408186695196023	-0.040219238877066854	0.12747766709862954	-0.22225304249380667	0.22255327703553876	-1.2927783803506427	0.1302727054969008	0.22453033928802232	-0.12257420149793853	0.041668460393259325	-0.0701858689499384	0.18585011284520234	-0.2887121831489647	-0.22528635757973317	-0.6232981975188964	-0.2576339902840674	0.6051408012423621	-0.6999859501221518	-0.20404949670561898	0.35367056657144946	0.22754763092555988	-1.2360184261806388	1.4014651490753147	1.3044581297996825	-0.4945125708817661	-0.41563439046776646	0.12084332951574941	-0.4165978127882159	-0.07831807868241883	-0.7502921450171065	-1.1576092264110345	0.6367165850814944	0.18570067623734746	-0.8264759605962764	-0.14784461918854927	0.9496498923298988	0.5208879095418366	-1.513212097606794	-0.04463751790392906	0.4562253792284267	-0.10516233837906826	0.9266304963822197	0.6246206837090963	0.7938499597795973	0.6020024093179034	0.5585682095866792	-0.30648831747244243
DTXSID1046188	0.0996658503060046	-2.4363275944811846	0.8090759365268003	0.6705613385374185	-0.34011301349934947	2.355413068905522	-1.4576082765174487	1.0754580911121614	-0.053943978800403504	-0.6262335455202422	0.6372811266527437	-1.4156738594633542	1.8945360508607305	-1.1238563667138246	-0.9877228524791346	0.9408647877816785	-1.3945842771980441	1.1344954142823558	-0.5928106733898861	0.21591097020047542	-0.008949363594162641	-0.944573742565379	0.2278677279836665	-1.5540722029936476	-0.14989017140800187	-1.0712438588795528	-1.8208448866646096	-1.5608037676159046	1.5795490807556163	1.0380553877560654	-1.9366238780399092	2.367627236079217	4.62796729425415	0.40301500892681896	3.4025525628305346	4.101501162298248	2.5761328905759133	0.7586127310925559	1.91040082715993	1.1429662350879377	-0.17346805799489978	2.3233865307493176	-1.3554716270039056	-0.36847592651024996	-0.2584129399971815	-0.02726425319195504	0.1286549720121983	-0.16442771392344302	1.247229791936931	0.5717694152685432	0.12061722377056869	-0.35908646199750915	0.046084435025287515	0.5282691977041765	-0.6658484910854364	0.35526639279531297	-0.1693468904625043	-0.2149370691050783	0.2800122387509197	-1.2292631043663726	1.2017969782448725	-0.5139165490730335	0.5330408526481865	0.21335853133291233	-0.95975035905466	0.29650587397777123	0.17692154159832024	-0.04141334378458649	0.016606185307150065	-0.3643431368108458	1.3388544467302983	1.0320408859600378	-0.6343797869996535	1.0032736634701376	-0.7316617547635126	-0.45125707029968737	0.5771173747362696	-0.633777270816801	-0.49307418345880266	-0.4822884200249347	-1.0146858807646812	-0.7967967702618027	-0.2639865359893678	-1.097445357568708	0.7465572539604095	-0.3309071357072565	-0.6460746244900736	-0.7562932784572448	0.3357676268804716	0.11629690894264572	0.9565563714560822	-0.3954075112247958	-1.2223332337482964	0.1597677657950102	0.45609600040532605	-0.12804647282239556	-1.21383711161647	0.8306883445654991	0.2882049150302837	0.49864439787088244
DTXSID3023132	2.8582324546343463	-4.3523974064139	-5.173522511266583	2.9558202080702616	-3.9972131743273547	0.7634229448027395	-3.4428034898884086	2.213472666751266	-0.7583280604688495	-6.181299980609291	-1.8904982717566403	2.8492133533224044	-7.521303872703339	-8.802326345489343	-3.798747352438685	-8.15565981853932	-5.620381503646642	3.9968797419968656	1.1131069989961164	0.27855544706521174	3.373208543953322	11.442580566385995	6.717004072755876	-2.4562584559368976	3.8727916277361607	-1.0236134688592842	2.982457460357971	-2.693462372017099	-6.14244982298654	-1.1856642724503743	4.166292283937036	6.651578676703998	-4.359650252908463	1.3397351715538344	-0.17403983697362205	1.4663781523290578	4.327425897211723	-0.6451929728651163	4.943612420491348	2.215160298270641	-1.7521943680905065	3.055584821327542	0.1294073349504701	-1.9912604565649914	-0.6340627478156539	-3.3196587006746174	-1.2984031875869988	0.8208486370010623	-1.470195989194726	-1.0285056554703265	-0.14064821341783176	-1.6031652892360113	-2.098695533751049	2.6553159563354702	0.4577044452885922	-0.9253830316953351	1.2566488763295853	1.1903544289127073	-5.472605478198609	-2.1377734833840756	5.835081455960371	5.512787520498582	2.7022870004791764	1.7499177584769086	3.233803772415182	2.900835761388709	-0.5844530189380197	-4.110488597664391	5.26281853534853	-0.04934590482799799	-2.213826745749288	-5.368362385675072	-10.567602171401036	8.647837360305385	-6.5472141779975805	-5.9905926225522785	4.085088338042964	5.685282504630726	1.204945412349538	-1.3831835064241105	0.29130459410514203	0.8429368594535315	0.28198733388166664	6.206187714362837	-6.943698850540602	-8.236887027176058	-2.7403676781899664	-4.922058641677998	1.7562461973269465	-3.565290441362082	2.2842615098785743	-4.141608895341738	0.2710004172397673	-2.0477309683060696	1.4545036587568245	-0.4483946032241194	-1.2663908399940118	-2.9445132791440827	-1.4572273616351576	-0.37877188966815056
DTXSID1027928	-3.6746814301833286	3.3527763900136405	-2.9054298331529407	0.17425534351176833	1.140877820615284	-0.19294998095235852	1.0930755745186043	-0.8950671440666047	1.6033622316402953	-1.0920529090524298	-0.16346808868575075	0.58076232951453	-0.34486817871981507	0.491317008480418	0.783278722156748	0.000805477066460989	-0.3363621484982671	0.29845823508451896	0.00898291809493012	-0.22223668948718753	-0.17651380676389283	0.2224881222261617	-1.0343161035481905	0.452339077449812	0.49685176966867345	-0.2402949164328502	-0.41308277782333136	-0.814112795273808	-0.09798427863677728	-0.22449675696432628	0.9705516077370163	0.32320210970428065	-0.03046434968342006	-0.19817042647965868	-0.10230685242368097	0.06574070559843807	0.752636105696044	0.9228215855788711	-0.26133979231747084	-0.5569018206274826	-0.49014725258906683	-0.7385736890396355	0.08049652580107168	-0.09247689439337724	0.12001606851222642	-0.26709727113535875	0.1892891089830244	0.529319475115622	0.19713440241084748	-0.5450714358601295	0.20299883067496421	-0.7971485685092051	0.2291900911203733	-0.22566006757838372	-0.7321401094062602	0.08466241425984464	0.1205083041565742	-0.5486130142784484	0.5241827517925682	-0.3165861346546509	-0.07803290597564615	-0.09339121248130197	-0.14657119421066125	0.3701858356654236	-0.018807088095036745	-0.6603132659807246	-0.562640342949956	0.19011363564370107	-0.009250859542304288	0.490674969085163	0.11025760405497478	-1.127787626933112	0.276322615445952	0.16851325183625293	0.489840439396804	0.7013899357671265	0.8439120790529981	0.4796312184312868	-0.028273688741604276	0.9226965110331177	-0.4030056126366013	-0.5042151679086326	0.312288890442891	0.21615610268908106	0.05982754027343965	-0.4900420737644949	0.753618545291467	0.8993279598854735	-1.1298954904085075	0.2802057280635529	0.39413832234712226	-0.20979037087566496	-0.2429757584998282	0.09124232358076464	-0.18566316990329587	0.5359840335401385	-0.3478010582617925	-0.2591885478032014	-0.2515782451001234	-0.4273720129140866
DTXSID6034392	2.082239767744392	-4.988529241053522	1.9561253196036434	-3.6206935300087775	-2.599483389743025	0.7235802222811563	0.3529045581447554	0.32188966567110827	-1.1769095805458663	0.3976177065388089	-0.8592126452939806	-2.0299963306261763	1.731085775868233	0.1961268113972248	-0.33446310415995195	0.8731470459671712	0.8992766553345944	2.3445002134692254	0.19167604480152398	-1.059290284808909	1.4084418662686653	-0.26029279277082	-2.2651257816902017	-0.9986797316813101	2.2720527354956244	1.3749933748150223	1.1966366278767848	0.2644518452601496	-0.14827019677629566	0.5046565578832296	-1.2192808053664477	0.07034025777031673	-0.07162469827965008	-1.330089678066944	-0.11983975925017189	0.5070545963697879	0.10347643313138107	1.3054918618921452	-1.0369451294793832	0.08691104642075666	1.8160357618442107	0.17840512147724902	-2.246457908389933	1.8166972476400358	-0.938470439275746	1.5365240569043737	-0.46925614990425	2.270936217884222	1.7401347219245746	1.3267116149982783	0.3623266119503281	-0.5054281495871593	-1.2791412427558244	-1.2649877350473873	-0.6785285954972544	1.1511497403451487	0.812147198775963	0.7691120864823798	-1.155677965513451	0.8044960750785047	-1.0779972351090956	-0.07211418414853524	-0.12772774885880406	0.23586641523873514	0.2752610219321095	-0.07355732102065067	-0.4655330416952627	0.26544637452092945	0.11880879968711601	1.1535351062033672	0.027937822999812855	0.35618200950027573	-0.5031558664408949	-0.013865506637706056	0.4307730665953855	-0.5753931312626854	-0.8321564502893092	1.0233008608889698	0.5749059579044233	0.6777838388186423	-0.3652311516148798	0.708407077946885	-0.3184460842647435	0.05970312019089027	-0.5822648440695453	-0.6164776768652634	-0.623536509029979	0.5919620794259981	0.44062352354004686	0.3679986008463483	0.4112104682677145	0.36071567375969027	-0.46135252497097656	0.31879109758403573	-0.0568186074205679	0.41399849414465534	0.23546474117626512	-0.39333481650809304	-0.2183833174705301	0.5979510362624046
DTXSID4027288	-6.46955232658407	4.003863771759675	0.07419632262917755	-1.0858699510773955	1.6503857089153933	0.6030262686315129	0.23649116971723222	-1.3155299494414632	0.17243166863978737	-0.5520803709999338	-0.9633103245212292	1.0189931688544214	1.4518545908032519	0.28596087790173436	0.5865685916712217	-0.48110832200012316	-1.1690434577286253	1.0526149450609485	0.740972424072138	0.6930801261066628	-0.2683898852243709	-0.27912581248824275	-1.100706144702626	-0.22999871056349028	-0.8038433857916224	0.7337537264240858	0.8641596620149778	-0.005041387288940978	0.07244599716709782	2.351495764795058	1.2198948981351496	1.8089424666009892	-0.5079930738709312	-1.2464443360304605	0.3121133983929665	-0.32257876868629776	-0.4906313589969295	-1.2112646580711999	0.20456453059547905	-0.7733237603211003	-0.14472985103299532	0.005755548126155808	0.2229843639736347	0.4115783836283377	0.35151987033971377	-0.19285972323314154	0.9441026312073915	0.6296410957519781	-0.6686313782431219	-0.26810340424711826	0.6431319298362979	-0.7511410938252189	-0.5268070050417998	-1.650290199871222	1.2881309504959477	-1.6638494482596426	-0.9055709421238396	1.1141730577851108	0.011842363713561647	1.1019582943570847	1.352041644479813	-0.3521113341984085	-0.1490475332850666	-0.23279168792756363	-0.08012660356285135	0.06138272286156649	0.4241818786266318	-0.2504108634180782	0.021598837262697193	0.6667873430700453	0.35196954797582847	0.3496442111436206	-0.07129369812830219	-0.0020834453482013976	0.3246241851440541	-0.01847125701092448	-0.5687752045397049	0.14247430220898155	0.4454854715278359	-0.0516191980646025	-0.18883561536701654	-0.1329554037822743	-0.2996589938810521	0.30123113865274576	0.6233753675691287	0.32506415285239865	-0.4452769876401274	0.173429952691579	-0.28582853329349234	-0.7653117667529454	0.03706823845443591	-0.3152546402557385	-0.3551521247624012	0.2646605990045876	0.04080474571588136	-0.16488002158590204	-0.2591640584645195	-0.012012890567585309	0.2560592943217414	-0.30197192368685916
DTXSID5044603	-3.655184469459049	1.4643238800574132	-3.9083246636891973	2.846565123637456	0.741445781005112	-2.7578658461189547	0.9590780881158204	1.848800853639182	0.4005137806228457	-0.5148275544084882	-1.236307024179833	2.631322674265159	1.0461309292875358	1.047005251585516	1.4364214126015424	2.7272261188389217	-0.5210240291433433	-0.8661903738152065	-2.3056268777692823	-3.697467451817581	-0.1721406983681342	1.9163795236645718	2.3268889500931964	-1.2868313771428785	-0.7477268041476087	-0.5639921085526977	-1.0320592194467506	0.8128913206893175	-0.2222147008082071	-0.1367128967239752	0.9429774423125665	-0.1667342311537021	0.1942904956279455	1.7792405206186153	0.8225542287705166	1.0511477723487135	-1.3679821394996519	0.8800862585370468	-1.101000744698205	-1.5095700779160135	0.728059540670639	-0.7219263474066828	-0.28012598219837304	-1.461047842229064	1.1783632820967853	1.4466486904137659	-1.3506552203206204	0.032109090544650616	-0.058160877138701904	-0.01671203850308612	0.528823445892511	-1.800393668101586	-0.8377783487055653	-0.674872920443742	-2.0487019622953913	-0.8196165333645438	-1.3123661310667178	0.0005688834293509201	1.4288373663078435	1.049867256153751	-0.6373409859024315	-0.46132242396385775	0.46717221110841206	-1.0687005943314662	1.6435262050158537	1.229033902931912	1.4309087111621337	-0.44191684721687285	0.361935118780175	1.8185395125186106	-1.756641678325695	-0.7273686495890253	0.47821073966437394	0.3572372729058398	-0.19192903078798837	0.08348511347044703	0.10899301215784085	-0.5469843076381155	-0.8526148779071009	-0.3824069191706484	-1.1266082357062475	-1.139063286669723	0.17972644622388892	0.020208455455911052	-0.6887141186127234	-0.651958421799697	-0.9562021989010394	0.33406663253805174	0.4513799716524183	-0.07905775163429915	1.5746467788170768	1.5335185923915027	0.9341899381760722	0.6256633040809745	-0.2603901311518941	-0.24637414835083274	-1.0295007341041427	-0.6786122276279506	0.21832624374151638	1.0981903204186836
DTXSID1023990	-1.2845762107970244	-2.23079584448357	-4.354125633263513	-0.9555548900841433	-2.78125362351704	-3.1849402232545443	1.8424671920141993	5.160842391988068	-0.04564876504331795	-4.173493041053417	-0.5753963002455494	2.769080071606343	-0.8616710400212851	0.19239032435790432	2.0822662807850203	2.295034031405486	-1.3726958191027518	0.7442380560596888	-1.60616225181863	-1.4302848452502857	1.8168528118420073	-0.7814750848731672	0.7270022141924265	-2.774656281693557	-2.6829113671243836	-0.7170870132929161	2.2347653328838306	2.9055128917480633	-0.6166778945055557	-0.6635914007425114	-0.728124076125945	0.12225276130719134	-0.5821881814313725	0.8155022698237243	-0.16569015765417167	-0.21046229871275726	-0.1794308133175996	-0.871536637317753	1.1877538914817614	-1.3226293642643618	-0.22288961537437704	-0.19269373837800516	0.5276954590647258	-1.048020447857124	0.9014014850877077	0.4441707028585524	0.819299565756735	-1.156009184203938	0.5636701133269191	0.6602771469684288	0.11131294302477632	-0.4509108018632426	-1.1368450987843517	0.8409327772602719	-0.973145801707266	-0.8157312470573876	-0.6665644258139544	-0.4573858894653087	1.1337855831945072	0.27354685352084107	0.2622774187999938	1.0495662965325487	0.736931257325434	-0.5910947735207803	-0.21367459190486324	-0.5415313738344275	-0.753115555046225	-0.1667154339231696	1.0706361349952545	0.5580579907852402	0.4558884322505229	0.46415429768780697	0.46877443840711264	-0.407823897224744	0.8473194860465245	-0.6444527073825895	0.6193723314296792	0.18358359821221526	0.03202422417945129	0.17614766946672983	0.5392022598795534	-0.10999209653701136	-0.03566115596840691	0.543253972670741	-0.6158403876464829	-0.11019488794500208	-0.4928117497669547	0.822431030647524	-0.5641769202754547	0.06313002537822666	0.08879876054759084	-0.20504570532908276	0.2646851227415192	0.407457712759356	-0.21706278173990887	-0.035188577182959965	-0.270789617973466	0.19263042332517225	-0.5270620480562194	0.2052680300296473
DTXSID0047957	-0.4322748467734887	1.0571843857086753	0.13375386911605755	0.3579888558373365	3.4676762031820108	-0.05558856556023614	1.1175387408934483	-2.6726945638245456	0.4849168938584512	-0.8006622570615312	0.8783285476087158	0.8359018426935632	-1.5270212821698184	0.08945590610767956	-0.18862698934041017	0.7470328093878909	1.3932844465534224	0.9880314897539607	0.011551370874487736	0.43008747549856663	0.15572315645281637	0.8363544108934974	-0.02305750833213518	-0.012628127228892982	1.0920765360705031	-0.10644111574888766	-0.741700999544436	0.7157489888178368	-0.1616623521407835	-0.24230947839482392	-0.5308408242207233	-0.3953965114432546	1.1024898276866821	-0.1720915030648409	0.015178684357841855	-0.5119153178602487	-0.05096308931723793	-0.20141419636751762	0.3234387684412595	-0.11079790998841758	0.034505284511771	-0.8234984860011312	-0.2557628214657687	0.09710168750191434	0.027448874936761875	-0.8115197916015343	0.3834851827811006	-0.25649787898370235	0.09198885671998958	0.28041826926689134	-0.09977802145278902	-0.017467331144861205	-0.07935953761905525	-0.009591692782112296	-0.11185179197218459	0.9508365442483219	-0.6176580525129617	0.23429068933309002	-0.10754338023540698	0.42959361494482345	0.273608111184653	0.754272297697808	0.3880872002046688	-0.4265397739913156	-0.35745884056959715	-0.6114182143105409	-0.5763426684751667	-0.3066630327295256	-0.5119289770983894	-0.30965093161085067	-0.18814703772992725	0.27154824682591305	0.13047434423138657	-0.18056357713928414	0.10512839370716409	-0.29072155545533945	-0.20632988934858273	-0.15954900451323167	0.15707513557225647	0.20961777552520405	-0.16203958284299744	0.06423404203233182	-0.07557048757305108	0.2998840208973753	-0.25540832805816893	0.11896495739847027	0.06841842035703863	-0.07656110489225863	0.20625428088920839	0.180311994775611	0.2854156709456114	-0.040381905733770866	0.2573603659931317	-0.11447349708433688	0.04762278339397817	-0.02444175671794909	-0.11783443604880225	-0.19867361593652966	-0.27837754434767514	-0.07071777066388703
DTXSID4057766	4.512123220261016	-2.1467681838242143	-2.4996910780551658	-3.578041062744838	-4.301449112926787	0.139808119745037	4.876109800667773	2.588664411140659	-2.40185439560497	-2.3535009500520703	-1.4652859043617827	-2.3539706377206384	1.632281016551924	-0.3738558478348597	1.7682567765226376	2.3318385468525245	-0.26605561612559747	2.4722860031639367	3.13554527543441	1.048546608371948	-9.268370919618258	-4.08085966577195	6.974296061420346	5.8717084209455495	5.908724239730298	-0.4611536113494717	-1.8218897641919705	2.752055551853171	-1.59659879584903	0.7905982673144161	-1.5635614803821387	4.64695959041074	1.6231571537891907	4.541096617360751	0.6620072110038765	-2.3063292615407223	-3.715444690668738	6.320529223413568	0.661289680488461	-3.7646923466753734	-4.240040293787391	4.6976761071228825	5.2508943616433825	7.650275376788443	0.10330379689682448	-4.935950059115349	-0.5013051465374991	-2.8134221465295366	1.8255282066742335	-1.0154449005245363	-2.929230209284541	2.19912680542765	-0.14744126333350877	-1.4014311801458503	-2.5623947729193994	-0.9807984673619732	-1.489380578472354	-0.8636042150515706	0.3613710531753012	1.2260493402735952	-0.7904796976224614	0.7712676065580337	0.2507824009238005	-0.8439521158334973	0.542169146810785	2.987021956216341	-1.0204319774203003	1.1495303956726945	-1.0016672895886625	2.1382972603773815	-2.459479014771237	-0.303894977516021	-1.9004842587046102	-1.1049173689543974	1.118879071058273	0.22364588187018258	-0.9559126139439669	-0.9823617139486579	2.4423627639001753	0.02772985450510763	-0.3152615489678761	1.8012169748979037	0.25522896041658205	0.13508949961869468	-3.137174428865385	1.6225499727632602	-1.6403239802659653	-0.16675125353169545	-2.1199776273833266	-0.17497777936701264	-1.2606322264847314	-0.3155434071272518	1.0431084400138424	-2.1096656129382287	0.9934905830337956	-0.8991961962441264	0.8402051884452517	-0.6303370466528968	-1.0590315092061886	-0.42404351418411074
DTXSID7048829	2.4364922468731507	1.5346385358931307	-1.6299531955874946	0.7065832908544495	-1.6457022890326138	3.8368745495504792	3.8600881598047487	-1.0229164663126868	-1.0969591707603514	0.36159063396192026	0.7275398034609429	-2.5818050097415104	0.934802579116148	0.34019644899173773	-1.2286094692167522	3.4387323696385286	-1.1326355475964565	-2.065513946340895	-0.7481693533769326	-1.3524614579322662	-3.7763132404517084	0.3447298690880445	0.34528699524926526	0.7698679540443125	1.0957161126407702	0.41287794624366636	0.33333508896343766	2.5564877307480627	-2.026942155506905	-0.810487719019058	0.5534910213386878	2.9784846494335566	0.8834052050013228	0.6015609546953834	-1.4646446721398725	1.098776518177201	1.0258580594409645	-0.017742498457503517	-0.7916742222318477	1.1497252899725143	0.4392020228800443	0.9184380858020668	-0.33776613801963634	0.18654080473713985	1.4183661214921377	1.1736932857434452	1.731731316306773	-1.3486125786027485	-1.1551317137837265	-2.44336569648866	-1.2829216437176207	1.5008868089959844	1.6299813265357614	-0.3600218429299348	-0.004677114725431736	-0.1285706364836781	0.5803968615358093	0.2896971534141112	-1.361990254582697	1.2353753552706321	-0.46043418803365166	2.641119929094833	-0.10337464868662431	1.0290546990006757	0.2871965821778636	-0.3755908027352554	-0.2949429119441226	0.3598926907619996	0.514779162999266	0.2879414035768626	-0.894787728527871	0.011750538395469322	0.4132680843675503	-0.27680103349726565	0.4051243583205771	1.6633438122189752	-0.4219065360561313	-1.004870444963947	2.152020605277328	-0.7884265523218916	0.06856541266504519	0.18968222439904353	0.7124008523162944	0.19926331826335536	-1.3271004783449503	0.6443705712436905	-0.6719610337074775	-0.17932501164613288	-0.9884832612309005	0.25335087390032585	-0.5858096127183051	0.09127835419287454	-0.1829834780482031	0.014756568584686809	-0.1605617032426324	0.26698066483569177	0.04756217356236383	0.0313132065915491	-0.0209355909947294	0.019600286835932273
DTXSID1045407	4.2303647196418535	-2.9014631774406765	-2.9596838953114197	1.6682228465319364	2.082187292670114	0.5379614091246058	5.992656868085538	4.445917029845051	-1.0240896257800083	6.413503898479762	3.1151501151473924	3.8425524794076873	-0.042405551633950704	0.7046249685978041	1.6627715380224009	-0.974758245314804	1.5852576195854085	-2.6222200133490454	3.0127042956353116	-0.7617989391274358	1.2636186358084758	-2.4952521570104427	0.30772377831383607	-0.6218202816498665	1.0989597053635345	2.28187572745342	-0.28235942021054844	-0.5229172914649002	-1.317444886195147	-0.4879535904643852	2.818163081781271	2.5230988804041767	-0.9542662447084795	0.9670596498251981	1.0778295159023192	1.3397935920963007	-0.19109049177405943	0.0789107980615705	-0.7756529277625271	0.23286752139029476	-0.23443300814333443	1.127795296577256	-0.15056868464912737	0.6674186815677453	-0.01143601545461506	-0.27704675324391037	0.5767494801033015	-1.880084067939345	-2.1635810289495216	-0.7855617436958569	0.136564500207745	-1.2026136561952472	-3.4332722832288027	-0.47263882110450844	-0.24436131290109014	-1.797118430469789	1.3115158234841602	-0.3814253701658213	0.7813249433551118	-1.9547156303443691	0.28242178992294753	-0.9188793015052046	-0.31764082541912386	2.1897017216437034	-0.07876955740996147	-2.9182599931975557	0.48844645320954705	-1.279456773613673	0.3227516254926881	-1.5010715944791657	-0.9427405238572957	-1.4517970818028727	-0.3587488597759263	0.6640616887534462	-0.05888509089892454	1.0849574410112783	-0.4596500564846143	0.18976136244865238	-0.1455505935754069	-0.8221048895849326	2.8378081196805383	-1.6518386451189415	1.456180499732884	-4.709960111296158	-1.9167842874196805	1.7145436729541497	0.43540377974591227	-0.17438791503254097	-0.4022202734884168	-1.2382846770316844	1.4426267746227697	-1.9069293786820518	1.7960169381170294	0.029454279601607524	0.08245189204325575	2.5342850724177985	-0.8660010388648404	-0.04416317860977264	0.25326548314674097	3.024728366812192
DTXSID7057781	-3.658587482516179	1.9597270797219115	-3.8954402807639674	4.335437739130462	0.21750792061794355	-1.4383610962779436	0.6970832008845954	-0.7441192411654812	0.9751944419115228	-1.1752588629344705	0.5220345401885219	1.8437737966802994	2.583118483871148	0.8791316825525476	-0.7794136020760895	-0.036320891239538876	0.7055385602785588	0.3189580665468376	-0.23574417517552412	-0.5028980106652257	-1.5207589663985386	2.647426134129784	0.3212810468157237	1.0929663878996474	-0.1960417922740083	0.03743733678776605	-1.8359283408798421	-1.7330067767813506	-0.769537927987584	-0.04997422501883404	0.59802110747645	-0.509414184422075	0.31004713837703385	-0.3965732495740778	0.1013953227649885	-0.308019431226228	0.06418620753420676	0.21997670072194467	0.6889336151571224	-1.4559407488761047	0.6219622662035268	-1.5068511957037427	-0.43707347069495595	-0.18097078101631542	0.6743646575563826	0.13833366239059847	-1.5150731797487134	0.7155981646154277	1.1476439549114705	0.33505430768291405	-0.503292354373046	0.09514269761303452	-0.38891500151987674	-0.46851411845171315	-0.8590363340500995	-1.0880372079186602	-1.4253112873437797	0.07943012124335233	0.2219525370910923	1.2386154583230968	-0.479155990474445	-0.30360455437955297	0.8073697346220963	-0.7552801291976668	0.8596617986523802	0.397710947706443	0.36291646882184964	-0.6761938437604936	1.64062224058961	1.0706441934581468	-0.44720055620313925	-1.30389696508152	1.3663918121078893	0.14739683070843163	-0.6885314254105054	-0.03560202851780017	-0.0516418897009835	-0.609239721529532	-0.6233545276786856	-0.4407419146627108	-0.5218599482780606	-0.5696257868472552	0.07587734685641176	-0.10447091582494605	-0.7612189868671054	-0.20103246158347915	-0.6247785295814415	-0.08966087306715229	-0.25440883735698233	0.5929716744402941	0.8128270431161475	0.7624271343177252	0.4210567643944412	0.5599713881494796	-0.4743945100209985	0.5226215350694412	-0.4082134324877164	0.5332936026426417	0.13552661372233243	0.542545026401928
DTXSID5048841	-2.7672419246637783	3.48190447727755	-1.7874125347297523	0.7352129045210636	4.4860252334760515	0.11762432645819593	0.2357535620212995	-1.8876353145562474	-0.1286767786252467	-3.574906530150685	-2.595287067336816	-0.9174067038880525	-0.679154936885633	4.181473768394802	0.05706512396730341	-0.47317359951385374	-0.5858849103901611	0.431616121773708	2.5696398670364973	0.39626595017464183	0.6647480147744029	-0.3394374054889044	-0.11244472474733376	-0.8274202180236302	-0.4948892155296807	0.17652226825554926	-0.3318502488994978	0.5920494103304946	-0.3790095112759124	-0.7819048493967148	0.6449667509579178	-0.23779282950086997	-0.6145986106134732	-0.4396140397170311	0.10768086636777549	0.8585675640875944	0.06537274840391673	1.4960123462890127	-0.771871409939001	0.3462804888604106	0.23505479787619388	0.1159690369498365	-0.6344976613236586	-0.3261880792413057	0.19166626783936894	-0.7672087798600191	0.04525565841058848	-0.49487345520638787	0.15295460477950448	-0.26464166495835373	-0.953250593349471	-0.9223455655425808	-0.24719184360767196	-0.3997313182153809	-0.6047787876778283	0.32358302337819733	0.28468233078289956	-0.7577448840668853	-0.7210616056640743	-0.1728748258490258	-0.20370346491219987	-0.8246780168237154	0.1445495504810975	0.3854567067103866	0.04271252319225993	0.1411066286724108	-0.5378347771533168	0.1037022855414208	0.4628616252981402	-0.702901510477829	0.12940729863432188	-0.5053112343367162	-0.42625060599994063	0.012474314209023821	0.14985020601262883	0.5918563011668141	0.82636347591502	-0.3637037752614516	0.10016100032211295	-0.05738664731075824	0.10238376230659754	0.11126009143519192	0.4731392329067518	-0.15149489210995795	0.03390532284082382	0.21976107321405983	0.5164139599640315	0.22868768504308337	-0.2647877191447784	0.18127537583972816	0.07466708197312541	0.19297304403372356	0.22683645247533832	-0.18667948760962907	-0.15035825884323367	0.1571875577002081	0.08786076922868859	-0.15453225713807195	0.21402576960653968	-0.29387611385278894
DTXSID4021977	-7.238478641886299	1.3854721294189734	1.5423569787531715	1.5300484320331653	-0.11082166955897683	-0.8033442696693314	0.9589987195884543	-0.9472091434128468	-0.4305523548637858	-0.1587062409546114	0.6375516152107893	0.12615289820847914	0.013583337601827374	-0.42046327110295945	0.15375966082397405	-0.5631773488507457	-0.500874226962769	0.08877559817938105	0.41037112180796087	-0.21378867734901594	-0.468271311171292	0.5023436118249692	-0.17378722835516866	0.4463169158991708	-0.4677102596878281	0.14188480767213735	0.10811357546024952	-0.25718859568405505	0.05719746263451273	-0.2985362720920658	0.266928186346336	-0.0009845560107594152	0.07167436857862328	0.18005165479055893	-0.1437988200264573	-0.01772246879348854	-0.2908269578134359	0.37171375857831296	-0.31463432981503403	0.08831104493431925	-0.1079871828901266	0.04149028184937987	-0.11969057511814077	0.04187688637224018	0.43553655076440584	0.18119001971280752	-0.2306331383915168	-0.05936344318094551	0.15891696049234982	-0.2777237351109673	0.06405515519495929	-0.008136021665288203	-0.007039704640106296	-0.15261170931758442	-0.2790779063972466	0.36619432403647234	-0.0669256555146554	0.3681970129875072	-0.19503709522949414	0.011457791152324395	0.4281712144478396	0.11345417223026603	0.031989215000355946	0.16982699951142055	-0.25139412015888357	-0.16092171142619824	-0.0017073711307050692	0.16603761671325507	0.08087486703396247	0.0621948481946462	0.27424432497522905	0.1210091423417847	0.11081152566778428	-0.07215238611683177	0.0406434273607166	0.21356998866411203	0.1827996843251729	0.11637743290122339	-0.13205689538189297	-0.09771218636975051	0.18087741083783027	-0.13906638340214375	-0.029362474545702393	0.059301195790001836	0.06469411150122555	-0.0010114495169588392	-0.17132107410931394	0.15574061195287833	0.09455879422874955	0.19198493390851343	-0.04290312755567603	-0.18490232175973983	-0.0911765015500727	-0.08073911020300575	0.07640525571073237	0.1824388367008704	0.08924562848455006	0.20799194331661278	0.04234295428252746	-0.023951496411764937
DTXSID0020365	37301.631796075635	-12633.605668762426	-3302.9549370099394	55620.873766453486	14550.09945161584	-13236.278344960469	101375.95927263767	18581.510142985375	-24536.734016910712	118438.71892667032	-38632.70649113804	102143.7004034191	24440.640905460816	-8767.481579388284	31620.60404340749	-52366.00263172895	-33323.13965963696	54856.48705109012	67956.36742578901	18416.415925902114	51873.47147581737	-25433.504070861967	-34236.24018241223	8533.219790803825	-19896.608264966188	-34073.128049590916	-16826.908642701073	17574.394853584203	4126.11060670982	14965.111671124903	4881.178316088556	23505.879382130166	-3392.9470529867203	14107.346456697982	2082.981943272923	28995.630268485438	-7855.132093538093	20263.926537440275	-16641.148649826056	5707.7426504262885	-1507.594522838916	3544.7057580154933	-7234.888762754726	-6019.231776157973	-2390.856840952999	-1965.0744844968165	3823.0193078367	-13920.495478288589	-1900.1332584332197	9287.07062580666	-1282.05133640167	-23110.712895784593	-20336.20584028506	-3084.5366950494135	-4961.04083422837	-7951.841655569303	28968.86512661703	4653.219247093195	-42844.20016701596	-15552.10661842882	31053.68154806072	-29784.4174916176	16472.48049542516	3604.6435168069756	-25276.261775927083	-81039.26562243808	-7170.411750431239	-32225.494962259967	-25910.197231572096	9626.15810810309	-28537.123891611685	-48534.542673809214	-9257.551953075146	-12093.36802135914	12173.163832365677	17245.371723099877	-50105.84917069734	4244.994766210097	3112.3454420102944	-49028.11413629237	51560.378850960624	-45729.202838178906	64974.45460863615	-80186.73284511814	-62544.476719835555	64327.656724541615	-19886.55657098002	-28549.881912004068	-7664.302961615991	-19134.43465230823	6755.0612148355	-52529.548084229726	18405.74395358169	-15575.713123790983	2160.9643043548404	114283.74186681108	-11167.7666261961	-3749.372867083484	12720.689705375433	50433.50580964869
DTXSID1046976	-3.5564820599140154	-0.8266163010405503	1.2372485411972456	2.751591480690779	-1.3618575239640893	-1.7679151193132303	1.321997303443444	0.4989507977530797	0.10197923798237069	-0.9465825131195598	0.6625567817194512	-0.5000534320392631	0.41140634851460567	-0.8683588628394407	-0.07424606879001308	-0.634790882253843	-0.22025400674269255	-0.247709118088056	1.1768397949434808	0.49149262201463967	-0.4259547791782827	0.8909551477201946	-0.4704601332297005	0.07936288881226813	1.2401736026101815	-0.22621732485419546	0.7836633739556272	-0.08850202487865014	0.14344738508974833	-0.5759053407425793	-0.11975262106108597	-0.2861279680775256	0.5562162396069432	-0.13834939160721824	-0.7521783226969462	0.43719151850301663	-0.29986126263350804	-0.20275078390219986	-0.6008618153140398	-0.022884192614610104	-0.1432963293530682	-0.2784445669672923	-0.2991789049879249	0.8380654841894638	0.1858041386307009	0.24282501607074888	-0.1637660093458627	-0.5453240254395254	-0.26219757022214507	0.35916412028335204	0.007984963637455263	0.5874074253885757	0.4413164482098155	-0.20421102522297757	-0.7005703438941417	-0.027106309248340833	-0.512030135857233	-0.877246502019674	-0.03937683182225917	0.5654159104264231	0.4010709130534348	-0.8709907327733233	-0.40335487856175317	-0.6842618408784105	0.12825078557988287	-0.11288331354266988	0.08133286755389618	-0.16081348742768148	0.011718734725954711	0.41767566827492175	0.45476504097550535	-0.005639560885503987	0.7686212260264368	-0.0795505088592194	-0.3182520664043732	-0.22480215021155228	-0.07001450592900675	-0.3677153511476427	0.9566779224400944	0.5177329704926127	-0.36453243867550217	0.1662767170175765	-0.3038349524754958	0.5832742910043669	0.03319177847345525	-0.6630920890926423	0.4757995504072044	0.02860541043506498	0.35797158887677766	-0.7238191980362146	-0.31778128760982216	-0.36916258071035424	-0.222520863086285	-0.15260942319689777	-0.7695166858142329	0.2561731782525105	-0.18954540592508343	0.11566887526934615	-0.7411530660874763	-0.08830363933530705
DTXSID1045879	-3.0124005832359155	1.308761851962847	-4.250265980954702	3.6896906062630523	2.49632338638386	1.0481954566202396	0.7965278749452693	-0.6917627550452783	-0.8491370307358195	-4.318293730441538	-1.3456619981807207	-2.5215820609170283	0.4949115697319386	3.8030529629345304	-0.009792699006530799	-0.5660104042794776	-0.6603614561979455	0.3950095562207548	2.122845454422919	0.1035922771715119	0.7520374297936794	-0.999068456013607	-0.07145748174982597	-1.1542295633810045	-0.43969005439380576	-0.3519799424978648	0.6090467271823512	1.1746960652928633	-0.6807743274359864	-0.33060944444981594	0.7810631402272169	-0.5228398096139301	-0.25454033035681517	0.5780480816237248	-0.4293577831486862	0.7226491742240432	0.33575417945512664	1.3616604248144675	-0.3457700793054457	0.5075223241714778	0.25303503563526736	0.6280015451717836	-0.9136468988087459	-0.5327303299029617	0.06422304656341228	-0.5823528284625816	-0.08830375128585878	-1.045746621915932	0.30351668348397604	-0.058703973911522864	-1.0941546203125503	-0.35598411345250197	-0.6761553245463422	-0.07178594006194153	-1.125120669545058	0.5962587856577491	-0.7503396155394366	-0.2717828417025217	-0.5647690892490974	-0.4966370075377386	0.024658735722236744	-0.9454063857538944	-0.05921204528353172	0.216771388702539	0.019240195387422936	0.23805244987769889	-0.27278890878806555	-0.2625206058248303	0.8176225944299095	0.3465954354198428	-0.48359680876297	-0.4410525529245771	-0.627605137599367	-0.2594973485836503	0.06072835682432345	0.5972534088998848	-0.12822728419831123	0.13677190657774815	-0.5602481731281582	-0.2875704024510625	-0.017523312458311815	0.005469851558118093	0.00831418565162247	-0.2733751958853552	0.4407195616524359	-0.0684562390283289	0.11759169113896113	-0.1900230948720927	-0.19433907410743412	-0.38086966029111885	0.5817008549483125	0.6478069222817286	0.2929502266318521	0.797465883176161	-0.17036635278259485	-0.05558213069316884	0.08936822226335765	-0.3543945850367442	0.5021192288056229	0.597181794936497
DTXSID5049285	1.3852567499157349	0.9623565811095555	-5.618339668608657	-1.2214349987571644	2.192825659029685	0.23712591608390496	1.133696149632464	-1.9063205095093918	-0.20828866734968435	-0.4976923444523242	-2.8084271856091263	3.5113808144986907	-2.578761081705403	-2.0944115593670127	0.30304429495217994	1.4269639071258795	-0.22185097097803727	-5.772229401521072	0.8019492308962215	0.6955431320881016	-1.8984544706062294	1.0103871053092364	2.116352574989126	0.7701787249967328	0.3137182208600218	2.090826881121597	1.9143859792697406	-1.2745927669375283	1.4127952171130138	0.8328574755386815	-1.0780648581123822	3.0439669181368774	-1.002327799469169	-0.1195652501575106	-3.5805502015891446	1.3952718925026975	2.25065007978724	0.8487122446484764	1.2809359062317731	1.1020512826740403	-1.9639593297661952	0.5425203362786821	0.28667845749516624	0.34575905468786416	1.616689128586857	0.8280905718307671	0.6282980162362073	-0.12476144976995043	0.8661084222935522	-2.1837411256940413	-0.9895525066615126	0.788029879045644	1.7142521294416349	1.6071885290419579	1.0028995875406452	1.5159953676964562	1.6011577785676134	-1.6251335869278267	-1.0162601013777302	1.8945279869628058	-0.25787847058932406	-1.1433497445480718	1.9074410581845336	-0.20779782222361237	-2.666874437990971	2.312314562720444	2.648544560475626	0.8001829509912816	3.5874689405227764	3.0500190501362163	-2.2089720359024883	2.72297893564385	1.0511426989462156	0.2955991807463185	-1.1489931443615498	-0.7527688264918418	-1.1124515554592846	-0.9622891205173746	1.198500385099219	-0.44629915849593627	1.026321094850265	1.2374913762913746	-1.04568292168083	-0.6250995898024957	-1.1594842460337325	0.6249113175541263	-0.43653232984458146	-0.44028752838124835	0.8802386843348888	-0.06177340707271365	0.6067878900984434	-0.41110508487057984	0.08607922193587307	-0.56717753272688	0.974653822291124	0.9730436965721887	-2.084299930602848	0.016804089694380703	-0.5725967369814358	-0.1429725296067385
DTXSID5045332	9.455796085205524	-2.0074518972939845	0.22728339965092065	-2.7386278396943045	1.7838941363025875	-0.13800246471435287	5.514488805010829	3.5038700895034687	-3.4491494587027574	7.470849884002573	-4.3583102187491605	1.885409024753484	2.022325840685778	0.3609367349442714	0.1289888336843292	-1.4649714800790532	-1.729387599975007	-0.3397835608905414	1.628722748190103	-0.06717955813074512	0.43544873091242126	-0.6532827067167055	-1.9136785611251754	1.4302072132032868	1.3276238066948314	0.9459999709806127	-1.4182716335582315	-0.8189492995228443	0.13143450453498917	0.3824264570730965	1.9421069521846575	0.9847528246499365	-0.4460540179839014	0.8915367286568753	0.19902329005392472	-0.12813230736454778	-0.14071755817027726	0.9540134991965722	-0.593798781765137	0.2138905344979508	-0.2853591978024159	-0.39402562854031215	-0.5492446042148637	-0.3043348986390076	0.06290640937235108	1.0146463661629697	0.7558460098367549	-0.9036080746566065	-1.2921102431909859	0.8645398659567057	0.6813820226867673	-1.554824848861869	-1.018359656219778	0.24354254843191425	0.41858802372136417	0.03557824554256984	-0.8150678193931048	-1.7169261451079454	1.1276921331736138	0.21560142692274306	0.815099683500548	-0.5730637478796491	0.24710490697908047	-1.7637591841964297	1.387226117016534	-3.0949035595643597	0.9703219272763965	-2.9003930072084034	0.8494466310320409	-1.3590435705493402	-0.9736719588883108	-2.2050647074250813	-0.0681099914763464	0.4260901316709934	0.2879365714513709	-0.01498562128435126	-0.3265478393611744	0.4935724774972046	-0.4832075741997259	-1.5389713262648907	2.4462496903422455	-1.6919651811910474	1.3285716715800286	-5.41852749027145	-2.6060152318020258	1.0052366870563767	-0.0684309476529308	-0.9086955197340884	0.5347265457241439	-0.8824270315996277	2.045843472667677	-1.5232517860748325	1.9209607105670965	0.8431206637682465	-0.7848537544128747	2.194071798561384	-1.7692560097986714	-0.20688440885061352	-0.04459234581486472	2.1483705867285168
DTXSID5046801	9.98162662851802	-5.427678920682851	0.9522762972741189	-5.801080493050901	-3.7121677189502194	0.137972367091678	5.725350543172068	6.333857458226231	0.9434205307083213	-4.855644021929396	-3.215216190510711	-1.2971949813220023	2.54260781191813	-2.8450753305596685	1.4444335520894207	2.176186502320905	-0.13927641259221488	2.7469585781379253	2.2253209258943474	1.6853220266683517	-7.3406874191478995	-5.963730335587393	6.049382274956185	3.7693557059974294	6.247606398227666	-0.5014402478436361	-1.4928885489273833	1.4354727179697468	-1.6400803918383882	0.8207439692748135	-3.260084715174788	3.745475699128351	-0.5188620159176949	4.0568972691514835	0.4485039788279788	-2.997764617894041	-3.9566876019776442	7.129507470847838	0.18847357564585743	-3.7639539625116742	-3.860245791311006	7.275097264317624	5.727635354255243	7.4825939226671325	-0.9518261837466064	-4.1018628328930165	-1.4257254168884683	-0.8779945686195301	1.960659799227219	0.7145513299956522	-2.800844351949587	1.5214067112457323	-0.2839306475990119	-0.13803516038211258	-0.7840300418616801	-1.1540675340201778	-2.4561549165069962	-2.0378829640442833	2.2515841661032776	2.7673932365129703	1.3632860575076373	0.19594489760884645	2.150516087098089	-0.47614903357250166	3.352316212564616	-0.5590693247062349	-1.4044476893114868	1.2759003312208521	-2.30529499496121	1.0192649604176618	-0.0715346204273417	-1.086788582571559	-1.506022544544553	-0.16430427635504852	2.278874593587162	-0.8506197755270642	0.0021961420928391026	0.9958826836949763	2.2606336339905044	2.0866712651981287	-0.7380183909230488	1.5790125829672639	0.7777942023047965	-0.918404975041477	-2.6686389199087364	0.8564317270037635	0.24791622463612414	-0.31309966617670204	-0.5015612624168152	-0.44560135518911914	-0.27730787616451047	2.1724412450830437	0.8373031751660229	-1.6386534569121298	1.9974001992361095	-0.8513054534933504	1.3153220791243354	0.5062528488184571	-1.594948691412374	-0.06575843952865418
DTXSID3020966	-4.4117106434708395	-1.2306698064971033	-1.2160107654355325	5.489590664525514	-0.9210574580519784	-0.03530699766829272	0.3980126774654061	-1.8175401054980111	5.329701688971072	-0.8865288456452748	-5.4137032717035805	-5.4004008392024865	-0.49702411562677423	2.941600550182608	1.1521766997026275	-0.11282155468041336	0.31600509920445524	0.18350688760386966	1.1724576634456885	2.7655690748274013	0.5963742558955636	0.44799688720478587	1.250365589918491	0.6127860510176173	-1.3519899574816523	1.2127180434156128	-1.3049812864842045	3.065544341140862	1.8067140783117965	-1.1430521453605509	0.5467741620680024	0.6445341089405775	-3.01068427415119	4.7011531599828595	2.512365283203424	0.6176813058202143	6.685438608239475	-1.103227063828361	-2.720829373402572	-1.726055533706947	-0.88022831166439	-2.231137714842455	0.13155511632483194	2.980736121760571	-1.0052596869157897	1.3017459624193375	-1.7146281514421036	1.6483089857675297	1.045996283127609	-1.6411167728473783	2.013841780476986	-0.16216872615392572	-2.868217509300204	2.294739041977083	2.5169500850752913	-1.5514944468292045	1.5857876328617966	-1.1084826246577733	0.2989582373339096	-0.06595390916081954	0.5555054927612455	0.8430787038774056	0.8558769192313169	-0.6547059474536708	1.156339494896154	0.46357100309465293	-0.04727817097528706	-0.9492128818733323	-0.22587680180041864	0.35055177084216066	-0.5718305549378148	0.08803333801008793	-0.14450205618568915	-0.094390025383866	0.27299379522389927	0.9703657761806801	-0.9510511529696549	-0.40754777366814227	0.4949140607287323	0.304896392909239	-0.2014065542700693	-0.2619062759367051	-0.185930446470414	-0.04648297346664888	0.17357412011824913	0.6675356522971047	0.4033500992332302	-0.1826247277819272	0.1491328564240348	-0.3859646107980516	-0.4573020852317323	-0.01336717147881594	-0.0920642845280924	0.5503694867276104	-0.8298787055092499	0.8364829330528819	0.7747357575646278	0.48681417763602114	-0.21292943733681866	0.019165501419912117
DTXSID0036926	4.279877121313054	-8.414153760587453	-9.536158526856928	1.464472587564258	-5.16285971732018	-1.8696742037794283	-11.206590978982563	-12.272298532999498	-2.1574053749037736	-5.572942161482978	-9.44487169852825	17.61399630176768	-4.897219477636128	-5.582266114866922	3.270681087517594	-4.569078613481346	-1.9931417752831733	-9.22487304764661	0.04079556447413858	6.742291684986057	-4.321790762155567	-1.8412386871822337	-4.047912386593974	2.1434758973383734	-3.1648988514245717	7.358749376061698	2.0686649089341906	2.3907750255724847	-5.743934963338159	-2.79964291882534	0.025650055862208698	-0.6724568938501673	-4.688468924100098	2.26967994673626	-1.7413343011243636	2.0304607197036892	3.6902868274247482	1.2138728441070452	-1.0018508570006284	2.76230002178237	-3.6976053436022056	2.48170119502187	-0.22925827952430955	-1.2159613731859555	0.6773617213647971	0.2778791254866219	-1.7661756695947972	1.7474509612737157	0.7042209373450239	-0.991497349720171	-4.294772678405895	-0.7247827152727665	3.35521065906749	0.725265940782635	1.2037468188768918	-0.5416000064017785	-0.19838411892817034	3.836072049728589	-1.3298151030759293	-0.8764708682616706	-0.7008279511163449	-0.8141194154112246	-1.3822698017383654	2.084181184711954	0.2227849757780377	1.969166785782291	-1.0549691589955714	2.1277578347065806	-2.2812984884277996	2.777126605431478	-0.5845324602683974	-0.5431190788534638	-2.547789477196819	-2.4942627532869834	-1.2882622873170628	-2.308091928681665	1.7844501513095543	1.1181929047232333	1.2306928486083846	-0.24572102919270664	2.2142704396073687	1.7654347530523946	1.1297365828373727	-1.8037776209581726	2.039170080393949	-2.166210701202245	-2.219002320795557	2.5301871993394776	-0.5643844225231341	-1.0824784989885028	-2.1332255370825806	3.465574535806491	2.1915080016078003	1.3206649355719742	-3.614729836102276	0.6036969758018249	-2.3121367438911005	-2.739188230126244	2.3909060120818038	-3.0897594946760663
DTXSID50381073	5.7526490069480944	-11.73071491005746	-9.89612497176755	3.6053651169817202	-2.6410765500937208	-1.209947509003128	-11.175690302350537	-10.10285618459527	-0.7684582018582792	-8.722568695896843	-8.432587127147237	14.650257656911634	-5.408797253953836	-0.7494792792709526	3.5151714076438663	-5.913230637455626	-3.348341788814398	-9.445870220876332	2.6611789710795666	6.275028273136847	-3.2373927530479585	-1.8251312614387165	-3.0810256228759325	1.0919714225102937	-3.7810001899169374	7.354659685140277	2.6252293343469466	2.3876068292950343	-4.7016472863784875	-2.867325139432361	0.2766610038391848	-0.78382585576902	-2.881011205704003	2.7495823556488035	-1.3688522728733217	2.21923817531297	3.523207346101508	1.7815657829815719	-0.524909535123885	3.322285224151387	-2.417365748935301	3.1690672383563494	-0.6292025706872424	-1.4946265971869115	1.0575128015651898	0.9017089905928175	-1.8947342299429688	0.6441844533795344	0.4762681001284628	-0.4856077318482724	-5.225765136430003	-1.3715286215872704	2.474010277990841	-1.1858355973494086	1.0733664700689631	-0.21226840899904548	-0.5119218916218071	2.5291310685445874	-1.4894860645987755	-0.4031525572389638	-0.023147923355276764	0.8395351859656995	1.115573208322629	0.8889383327105493	-0.32736758172204833	3.1252583309233484	-1.1812322841926415	2.043330925256208	-1.373837700344092	0.22228328750172596	-2.5778511852841004	-2.085235080057198	-0.02947131063773988	-1.818593716718433	-2.235987575075242	-0.8008175985432194	0.36184392108089297	-0.3886501116218356	0.4931291903602701	-0.83027421273985	0.7926048075680829	2.202593090831148	-0.3780083599893604	-1.8059736782279159	0.6486182128371766	-1.7143998569122338	-1.756259413015451	2.2184250034927664	0.024031279063935714	0.019034812105629437	-0.9013675549765489	1.8401504540478082	0.3990741219280621	-0.06919795173021905	-1.874880329186335	0.10759878301929544	-1.8652550339645135	-2.2041597650058224	1.4678130450839972	-0.7985419408239615
DTXSID7021655	-7.151323260241157	2.7030836461947314	-2.7799004987631104	2.824693641039945	1.537700077439632	-0.4307597038913781	0.6420871914086261	-1.3576519033459784	-0.02306403340798465	-3.3330899842169455	-1.5074846996783529	-1.5648806369866457	0.8301801837102268	4.551773539733313	0.1784054909008033	-1.422351530714533	-1.155540939003201	-0.2864030990498717	3.2826209841495952	0.3132055687201965	0.1762602359429409	0.10441441733825851	0.051773010948548796	-0.656578886736028	-0.6082822442493908	0.26569745848051013	0.13491456828971757	0.3944637592576458	-0.43975849091684194	-0.4206169563171729	0.8235995420351948	-0.2274522461833175	-0.6321710116101784	0.04268708364931389	-0.2813340720033489	0.8122252009810189	0.22369593219192685	1.7657843199950338	-0.6366504618489284	0.20139890967471882	0.24203172888317323	0.3571874682539946	-0.580964779641502	-0.6409196478863427	0.3068916906238303	-0.3859613098734621	-0.19151357460412136	-0.6035020583477189	0.008569491136098412	-0.5167169778561203	-0.9662722640778053	-0.8357350875227199	-0.0508887793614023	-0.536394800764562	-0.7795416943047931	0.3809337264710935	0.14385288553341682	-0.739188529034415	-0.8032955917355411	0.0098065634045202	-0.04800808977999813	-0.8264573868859049	0.2662484115486269	0.5054500468658129	0.061430137500312655	0.3004400541538026	-0.7511316023350206	-0.030007212109714822	0.6060285292042926	0.11769452525999485	-0.35968439202271635	-0.5062757822850764	-0.0049980486198713606	-0.09053231533641416	-0.08998278348971676	0.35979593833463114	0.31974590176057804	0.23808587736878073	-0.29391844746090484	-0.11151956896390845	0.28316795878792306	-0.10281633430992576	0.6705381073985698	-0.17197357442454372	0.0386161704875076	0.11743519894661561	0.36707425051485704	0.18168852878001118	-0.45352771285945165	0.08665124049354785	0.2386046230818852	0.4420672514258186	0.061349580014610584	0.20767883872853385	0.20151741031364567	0.14971544924914734	0.0323885728944934	-0.1389835236414815	-0.016137756226961092	0.17328188568102226
DTXSID9045972	-5.80670321828892	1.6543813939045724	-2.217641439313291	-2.000945146251218	2.448577764856794	-0.24572239053127284	-0.12822785833924752	-0.08816646448653777	-0.7935136242296269	1.7874132323863938	-0.04939725648912357	-0.07862558963075009	1.2155989560566383	0.504938687450993	0.21036204501595324	-1.0323783239163191	0.0312520536664019	-0.8406811796204017	-0.3001278029645489	-0.9874487685405549	0.4643042438108329	-0.5706273091145857	-0.7823293996153149	1.1599875398300334	0.3816126110685294	-0.2595149173096132	-1.072893650436819	0.3526518987674092	0.1845669567700915	-0.00907326645754303	0.4538299158095272	0.6815816719596077	-0.7756848310189699	0.3464410471979272	1.1074719821376062	0.06494478883145671	0.7868423660799314	-0.343010807842544	-0.14223459376620565	-0.3234536590134266	0.21957098736215439	1.2832821269270407	-0.025257412041473373	0.08559528800216272	0.1324965338793419	0.12790739592989564	0.564093054682425	0.8452355408387106	-0.8895949673020904	0.33328620855789476	0.9851134379561712	0.06001800816842592	0.740302871030214	-1.0456912821110904	-1.0010916666059961	-0.8047325614073464	-0.21618929497482145	-0.11003562770168183	1.0951196394568623	-0.021556898666784802	0.490911808287707	-0.5688923908170501	-0.25732754208635483	0.5261586615484466	0.03206611612270464	-0.30601072739984947	-0.7724101496520583	-0.3546236169024914	1.152628703572694	-0.5185280611959827	0.442476266550997	0.17322002853963883	0.3455567934433266	0.15447882129164028	-0.026861586125507812	0.7093759196082293	0.6436151566608354	0.5803012166766732	-0.10376147363223095	-0.4700730161089967	-0.20966580655270475	0.3288940323101831	0.2735426768761303	-0.5259209168118792	-0.28060432079790465	-1.1013707844047202	1.0328783101157317	0.017145247204055424	-0.16054324062109562	0.2507477491228738	0.3261705092251645	-1.245287859526136	-0.8070786100221699	-0.8210560848659265	-0.34495444139592113	-0.23541169034675435	-0.10470989154344812	0.14588727432252524	0.8055438271732384	0.5298339261790818
DTXSID0040672	1.7825943776008644	-4.408605770727353	0.5058677999386312	-2.412454841889576	-3.131345058530913	0.14853897791062193	1.743892379482255	2.6956299224849283	-0.2825727012501883	-3.9502300383743663	-1.528364454570495	-0.03879332826635118	3.507879853605772	-1.5188104727215035	2.5807149276423615	-1.534204895275861	1.829302795602438	5.027689588349	1.8378402449439954	1.0353840475798481	-5.385840508318077	-6.104241416649934	6.5445679034047375	3.4842375760730633	6.046917835915065	-0.5021416170037444	-2.1896482206027468	1.0820540446559475	-0.3129437078377357	2.362206074188863	-2.1257290057282567	1.9645561905413473	0.7746014626516551	3.655063667568315	2.309788587786053	-3.525636373866165	-4.342145169987882	6.793039451587355	1.3888628851551121	-3.4076105892964286	-4.047156731215883	4.77678742094524	5.200317845897154	7.533700193301996	-1.5981097643689546	-6.773532229031052	-1.9627533846135075	-2.54781791243908	2.2318665712078705	0.5314992013676624	-1.528295512756771	0.8034396388213594	-1.9880927823402095	-0.3137499133292612	-2.4095866677626088	-1.8082291120255376	-0.7237728710817347	-0.21666109145988816	1.9906473671379605	-0.16421329304996904	-0.5751904617949272	0.3259601058468502	1.5175328935868697	-0.002815009088665575	0.636822324109627	2.0603483118282697	-0.6513193678904083	0.9789464505525216	0.4269593164360606	0.9517108559674832	-0.969104781467936	0.6163055112759482	-1.3043071661417585	-1.2986427960442126	1.5670393262439972	-0.5104923570390442	-0.27189936682915034	0.06563700222272394	0.9271923305636582	0.09335421586405454	0.18903436577465946	1.3198108382583942	-0.7516500519728198	-0.4252157013587268	-1.8741383081079446	0.8328062938528528	-0.9006398197181124	-0.11563904194414536	-0.42662989308316634	-0.520544030276193	-0.6117725558163929	-0.07728376530149052	0.6965508889498184	-1.6715208201298684	0.8624163231975758	-0.16841655822329116	0.4996745528012073	0.0810241545327069	-0.7523577842325415	-0.797976311481419
DTXSID50369896	7.7098289045020385	-12.088028585692454	-11.131652245365537	5.741822692969387	-2.085642824825379	-2.780010350680387	-11.427799847423362	-12.83440006709946	-2.631680006140544	-6.656478801813463	-13.997120212048841	21.829277481754758	-3.6525462870471244	-4.422960452808304	0.52113818438475	-4.259617605828147	-1.314047076715787	-8.401087366626058	-1.3570673645795595	4.201868947344651	-6.149285027046468	1.3538796149920027	-4.050663415300086	4.03389491449419	-2.6934580306494125	8.846120368958326	0.7463935256117703	3.4760164810406278	-7.1732150365663045	-3.120154794475513	0.3592297056975897	-2.9811228835123376	-5.167842816918727	0.800826258323918	-3.0240229977490443	0.4229160865144893	1.7977847231941755	1.2888844015709406	-3.844055724216647	1.9547354167955864	-3.6531880511402908	1.4403298411999255	0.31998845812911925	-0.7448437843838938	0.046204344959514004	0.9236280978298098	-2.199423108269758	1.474135836550138	2.2135616366560615	-1.8489614989149628	-4.484999127591123	-1.3751467152269516	3.585855645298804	1.8447888062852027	2.1062191501119445	-2.9447918373114255	-1.632271319636641	5.907950102312307	-1.0238378430532573	1.468641370148774	-0.19527273496444353	-1.9707958505915497	-3.7170914925384793	1.6661713671905052	-1.8675478900230766	0.7803147475552145	-0.9922929435460848	1.2155441635910043	-1.472223990331365	3.448725551378312	0.17808871231712745	0.8964248126987512	-7.781701107477117	-1.8018674523720286	-0.3286360153411916	-2.4690906692893235	3.1971784987906378	1.106026611561444	1.8675884120198658	0.48861704219370017	3.5911794039132707	0.3776009675479412	2.7847803546956373	-1.943149264510414	2.7603179521499475	-3.431733189834765	-5.878940997293085	6.991383546063574	-0.36843079915926336	0.061162799193176506	-4.6398933383626355	8.763120549825798	5.970293410746037	3.55824162794301	-10.359425165809904	0.818574113543729	-4.76378109842169	-4.081756839174956	5.709884233972922	-4.638621937688357
DTXSID3045855	0.8702316350653594	1.6281640818953658	-5.358046444521267	9.082773876668242	0.4833853906844924	-1.7778226158863226	0.06534030171165307	0.9515592797347555	-1.036628807902849	-3.150465821666561	-1.8976447066290822	2.0994202293550037	3.558053017149168	-0.5313039710670984	-1.6923060385396316	1.52903055732499	1.8757017377545822	1.165223008950297	-1.5341720692008165	-2.861750492115258	-1.580588579227743	3.243963691338076	-0.5866324066365225	1.4728812970035512	-0.2619390159768376	0.08411868586303413	-3.4833505049605846	-1.212437427685512	-1.752933112641644	2.4824874586297865	2.7574644687646783	0.4012593185501961	2.4234771234138464	-2.796930477455845	1.1223056855536095	-2.7552398559842883	0.32032626754005716	-3.4876186665614317	-3.8272377902788324	-4.13085215900072	-0.697373953090418	2.8524998333569664	1.6581900746348452	-3.585908004756663	-1.6482524463199308	4.635538180971292	-6.511332488871418	-0.8794092794177106	4.457250396535334	2.828833438681403	-2.830685882269006	1.8257220802915324	-1.4177425018784504	2.0191491008599782	-2.6107516738185743	-0.9423985589176476	-1.3412774743048588	-0.5939908353606862	0.2311430658859201	-0.38639096116353805	-2.964464531943185	-0.888292435225059	0.8820643282527045	-0.768269070049996	0.7001570531727742	1.972348570930938	1.2971539370700964	-0.6684248917104441	3.354275797400445	0.8555653300826858	-0.5316433374070793	-2.136570999230912	1.2022664065681457	0.1985136212609009	-1.6009318437917437	0.044860760236718984	0.18116517131008583	-1.7570871796391392	-1.9368928361017366	-0.6456486241884949	-1.8885886473788143	-1.689994148723645	-0.7378807383095457	-0.17644334139954085	-1.022277285828597	-0.9994821970258176	-1.505432907174748	-0.2455437433675256	-0.2844299763087539	0.9715288749349272	1.6516266328562272	1.3669388423588005	0.8255197685067716	0.7970464266715915	-0.7643280034838756	0.6232801201936702	-0.38839054010387375	1.4008315354475995	0.37340054799265227	0.4407278683270343
DTXSID8044836	-1.3969678623844732	-1.9409532376428646	4.143442826548172	6.443012079126806	0.5168432454051852	-2.637872788830781	1.1203977557369187	-1.788837422949115	-1.5624727187406657	-0.22731391317056218	1.0923538127338515	-1.238733267772978	-1.6581785277056058	-1.0468398414413882	-0.4138844633814213	1.0067423849976525	1.170772122110241	-0.14599105860236689	-1.608889314698025	-0.17703961552732664	-0.5568140010857008	-0.6016220991365195	-0.898043474493603	-0.010262721426975483	0.9660903093097517	-0.1072712869136976	0.9939815983247402	0.3815846847570564	-0.04117279699168174	-0.4522914278252646	-0.4202883952686709	0.7709945288738971	0.4365493609624045	-0.12130251462352304	-0.38230022275250125	-0.7375686566583517	-1.0149288391775935	-0.4188424264718154	0.13918525714970179	1.2892332036428111	-0.18530681635853824	0.19750714728096944	0.35550619470276623	-0.18638286201433815	0.019309046575669377	-0.5138572710295667	0.17683148687266645	-0.31540848667240023	-0.9116409483500921	0.10169965715428209	0.1966160163095834	0.15336400019825078	0.4920977297889614	0.49193269923277944	0.16491414704550264	0.5605991958497503	-0.08909821135410576	0.54000012068847	-0.10073584801320642	0.32578253050797845	0.11197297518391781	1.088152716749263	0.7515840019958107	-0.5694750888450105	0.6411369533523015	-0.19788665371209566	0.7735343374757128	-0.5560411297786014	-0.3470305218621295	0.10566166418834842	0.47879079583338463	0.6273216258252419	0.33082484822817054	0.06625302504854533	0.15233440332212073	-0.2291553621918991	-0.7675935476634503	-0.38073925785916496	-0.5746935345612387	0.008565668204505219	-0.07884062156034646	-0.040428599166328655	-0.4616400549350438	-0.17434791287337148	-0.7526212433768329	0.09646242286622571	0.817791599970948	-0.5102257183293728	-0.11676097199720936	0.29492342806258093	-0.03603826515329576	0.592558685576434	1.0901833140797572	0.07262065887939767	-0.2516414056056332	0.5415577629846097	-0.19665410798004132	-0.7031832541179398	0.08890423293350798	-0.2847390180172622
DTXSID1047360	7.944875837498288	-2.0083587964600267	0.20426445962048304	-0.9825344439280315	1.2376031260756095	-0.36547368382427875	-1.3787091682553623	0.38537354166115045	0.5880222948881388	0.10850209072251339	2.6390214335015676	-0.3494849058647856	0.32178034479627043	1.1423211058250524	-0.02861626649830242	-0.41753978147854165	0.9876443034333646	1.2366777007063943	-0.5536486103447955	-0.6231767947153833	-0.8091869257073444	1.7212331411168587	-0.5325238780376652	1.8500990612737356	0.6431615825282725	0.44121604930934033	-1.3217276678723688	-1.076614106982211	-0.4228969965834225	0.6499143307500003	0.7173227768410175	-0.5635412196088342	0.7340979937703872	-0.056864350441424794	-0.42749666978554324	0.02402222028767027	0.2050948089021224	0.17690424770414775	1.118121844956745	-0.5807113731916849	0.05202937179216688	-1.7776317238627686	-0.6297589640865688	0.04130557778758969	0.11728699714074475	0.3912653271311547	0.07852957997151214	-0.5276137577052536	0.5775573002013695	-0.021875271370982323	0.146769003115093	0.5859725828735785	-0.7965544279484427	0.4976666389113981	-0.964153356549281	1.0590683042219289	-0.8195334847561315	0.006687063786994829	1.8291609135212479	0.043669260516682955	-0.09443211790159897	1.0485915368383125	0.20364399869410602	0.15734118295058214	0.7990810397951703	-0.16859885600531635	1.1206552569234662	-1.5722058675837958	0.3233780649867974	1.1545297320826622	-0.6669512333051643	-1.1159178764835553	0.16524827413525034	-0.652612909810027	-0.6086887967384997	0.3072263628584918	0.7931005220602643	-1.0612412977816537	-0.9158948312114171	0.32666405330324866	0.9210299042469541	-0.18875012565712643	0.4291752960463161	-0.989159119654624	-0.2912160974568798	-0.7244855891887527	-0.1668660623919592	0.5043048965782544	-0.4840495819190925	-0.07847711987408654	0.6277429865961597	0.1969626179527887	-0.06071174349003561	0.6669135073570908	-0.0726034274512447	-0.5702620783723917	0.2570869980471866	0.618584255405893	0.42986201413064457	0.9380232616557838
DTXSID6026088	-6.2084492916419265	-1.336257977713029	-1.3994781374894683	-3.4001589796136344	-0.8434926210859697	-1.6935980312463184	-2.668872316086682	-1.5793612474309218	-3.3682191779509583	4.40160310501175	-1.3054304095185596	-0.3141181166454879	0.18623270168443187	2.035507563130401	-1.4453696883339648	0.5977156589380496	1.1930102953348247	1.289715880294633	0.14260281847043632	0.4019465260855209	0.8425415960378424	0.37068891959875244	0.9996709789377155	0.013481643288389777	-1.2349716369759427	0.5085672898321856	0.3397382269812834	-0.19266609265783421	0.5345520255460317	-0.5136365191655522	1.0298170934251676	0.3010992953910442	0.4655412180525952	0.4306212265993561	0.38161929595413563	0.08396670466360424	-0.6415805745044828	-0.1504506388463121	0.27467992827488436	-0.26385003713389904	0.40743794905628766	0.5649437573739458	0.2896396167747003	-0.7786915783323638	0.4630711922897306	-0.010427602083747283	-0.2031545408770675	0.42257671578143885	0.8257620120574813	-0.9225213530868136	-0.9752227572991609	0.10270397932695274	0.17279617599526623	0.32794924674089576	0.4244027463957561	-0.18538948427170893	1.3103567069738953	0.5689539931246762	-0.7620069801906874	-0.15519996488435517	0.6083656302618065	-0.9613502613614817	-0.32160418047968625	-0.6539151065067217	0.4816770851236852	0.08826803144155979	0.35310518644747235	-0.12388284625055133	-0.6537999321343093	0.6545296841373429	-0.20366679313678354	-0.2932989453424144	-0.5072733052227454	-0.04950933540548694	0.22516763605805498	0.2312239243466062	0.2861979867957639	0.44324951914746946	-0.19928450435752337	-0.02574801005692282	-0.2049674541779394	0.12194213231141704	-0.24384794064093562	0.13966949462878658	0.5740182463389154	-0.22577368445892504	0.23597770327718623	-0.2438831356639625	-0.10917612898104703	-0.036880549155510096	0.07513958702166453	-0.4315204898823694	-0.4394766655388026	-0.24003561923774466	-0.29646919869350596	0.08528847826130735	0.4730781371516363	0.16295075988724325	-0.03088525196647067	-0.05876445697879647
DTXSID4041521	-4.379270255459188	2.8116350058255803	-3.4416542312161558	0.6869301447692889	0.4275957611989645	1.7939537099131122	3.622509520788467	2.6485175264525265	0.30555968107521825	0.8404031566421458	1.1371617319240181	0.7409125498207482	-0.1000532124128178	1.642080802081537	-0.6751525435835672	0.6488006163744077	-1.2452300834515007	-3.880670053428819	1.066198954680476	-0.370891553616179	-3.020719383368234	0.9191908808688999	2.9052991179565577	-0.7171401693379199	-0.3804131557917197	3.16159820722564	2.5250700362325604	-1.9256387278317717	-1.970879118601967	1.3978962434664317	3.0725443971115256	-0.163639877640686	-0.4751893881386535	2.44662024216567	3.8989625638161765	0.24603280189475343	-0.6547858703858008	1.975121725709454	-0.9820834433393573	2.5653338553879914	-2.990712173885759	-2.4472774156783905	-0.3038582430338069	-1.8729530511054053	-4.281614688678991	-0.585643331812394	-0.38578500414275335	2.0641845626397526	-0.5696489985903048	4.360559913792054	1.0649365725187634	0.164503227039815	2.0045908344166667	2.238976944229473	-0.9823905420881287	0.761792528221717	-0.05940926217898034	-0.26083529098393055	-1.1617020799046212	2.541718430672221	0.8405385315720503	-0.7344952373541557	-0.08664511929189544	-2.0413104770313106	-0.03943394212474255	-1.271578585564454	-0.2337618756201438	0.40971803264870277	1.3191186353194524	0.3535239024604867	1.3429664544471194	-1.1242183050883328	-0.671776075200602	-0.7448241601556365	1.67364044512281	0.9624196270817814	-0.06717164560372878	-1.5973376085464384	0.23118492583411493	0.4768446419876119	0.44901662227632244	0.18835293043814022	0.06947893296122656	0.4895440052287216	-0.252551489162414	-0.21764650722733367	-0.336621619259339	0.8168566776349483	-0.6756395085984856	0.3954973308057263	0.20771684601135013	0.27658637229542987	-0.2601213029705093	-0.5651247404968057	-0.9384708801478445	-0.0013343138851545312	-0.6176233890283205	-0.3372004148072133	-1.4545680555825067	0.40257783940158454
DTXSID2021995	-3.235938687590521	1.3884739705050606	-0.45573475377062694	-0.4612662268959607	-0.8093183842559472	2.4546120500644086	1.8649501423329728	-0.9356594108409171	0.9161296338853001	-0.9295822794383584	0.04750881519771853	-0.430632560189855	0.935570780646745	-0.10636972900161777	0.18500866054009243	-0.98822364353518	-0.7993313316235754	0.8021466524754148	-0.3237595521268432	-1.365201816280377	-0.7978220389310106	-0.4187805243204175	-1.3623228095755107	0.5150166829692748	0.09403368881253966	0.053390157616126435	0.3935925744968306	-0.36770801984848245	0.19660064370983488	-0.4868980529734415	0.22591393452506392	0.2595280683812005	-0.1441460259630554	0.4966059412561168	0.28616210361606886	0.3574785567094501	-0.22756963746124206	1.4979975793901488	-1.353597996402435	0.062387984250894916	0.4340468335846845	-0.31525064137742664	-0.6749582193153183	-0.0019369828525232073	0.6174262078595407	0.6310353312660187	0.043656985661163515	-0.688861860088688	-0.0996722575923649	0.4593853442195365	0.6050252924514108	-0.9319857853758083	-0.0168644381153066	0.6340545231544623	0.3328488836598639	-0.23100488347538567	-0.050641498367795565	-0.07630592160313904	-0.1959694351017558	-0.46037974189463404	0.004114062956403081	-0.2682304836986808	-0.493101582130091	0.07775490017829349	-0.06642400635703295	-0.09883989877955299	0.4946655873817455	0.3049285761565137	0.13783606644558521	-0.05067016681626715	-0.9821880558451849	-0.4259458141303298	0.20164525110650114	-0.507548129597568	0.48582017293057445	0.04856027594317563	0.48691335779977923	0.13552975929607203	-0.11562555137287012	-0.14277586415486707	-0.16918045888247063	0.0036849823435478233	-0.7256679928276006	-0.12181458212321561	-0.15581903329483515	-0.452928087725159	0.6851799633340064	-0.41371034589914996	-0.4101876319111875	0.11622363679182723	-0.017754863723215563	0.573077730979199	-0.07902410207731031	0.7436075080061408	-0.4507149468698327	-0.22082761337433662	-0.6257262083154957	-0.03421958745718282	-0.09425543123574022	0.12327620626814029
DTXSID5044447	-6.225999702862055	0.8413920261757082	-0.7104321162664475	1.29545010984824	-1.1984612408916544	0.6073324076163672	1.4280514465534675	-1.768708241003566	1.5361105661163443	-0.1561206369080003	2.0385877550813967	0.48099972080953957	2.0962509611516857	0.9630451366311684	1.026808130056436	-0.21801358825401118	0.8944988937154171	-0.00237626456416663	1.896341428151935	-0.2761849169230742	0.3083427893297973	0.9503872155877544	-0.4269084342906162	-0.31016571991366654	1.3428493211651704	0.19710986181750975	0.025025144896933228	1.3537968950989325	-0.7477214326105165	3.0091705128595003	2.554649900648231	2.5028968138404406	1.938732126842773	-2.3245736708625757	0.7642527270914871	-2.624427657634005	0.8393554234802226	-3.9506759666404085	-3.9966999122363043	-1.888326505602431	-1.7501991937225128	3.612407825368409	1.9261588723123626	-2.2553314049045423	-1.7309830234105625	3.0978192480528723	-3.9001193738707265	-2.2465246096966593	1.6067794773137765	1.6823654243561301	-1.7719184665569236	2.0192587584200967	0.23574259205567555	1.8090206348210416	-1.4566585481544168	1.435537494930063	1.0875274579004177	-0.6887741408827487	-0.07764745649784781	-1.9806342063116045	-2.343439096705098	0.336959051259469	0.31373982531538225	1.5702985140491477	-0.4431559496547224	0.3524164029878926	0.2204170923300107	0.5824721061640928	-0.01589123218049379	-0.8381599517159892	-0.5299096032736101	-0.030723568279004534	0.22404527868073407	0.5345586958970187	-0.8333113386145979	-0.44936294157484397	0.7287884047631449	-0.30932570637501516	-0.4230106713062711	-0.34590412584129115	-0.15640418347031476	-0.5000539461188087	0.3424054816575923	-0.17645639150880393	-0.828700684402447	-0.14687506288649482	0.4931396123051552	0.24550188554053928	0.5678596688927556	0.7393406203324904	0.131683710311297	-0.381697136860652	0.4145700211907651	0.012478105300894172	0.14195488412769086	-0.4445183591884279	-0.2637167228504322	-0.14817997828197726	-0.2623349748326958	0.29912167186974037
DTXSID4020612	-1.8140045596501126	-0.928918227017494	-2.828120224151897	2.8147113474535588	-3.4227146193118476	5.912866225200078	0.2976383049486633	-1.7035524110826505	-2.3866020705670827	-3.359335417196799	-0.6235943318375219	-0.3567460494938459	0.8391654619911371	-0.2187505451172819	0.049118758378075576	1.1143038326971586	-0.0824054735423684	0.8124493494460152	-1.3102716121853852	-1.8606475783989	-0.3708861797973454	0.4077022450167997	-0.7566674142564502	0.20724723249936264	-1.7899030478694735	-4.256084843213692	0.22314058652823235	-1.4212526639573182	-0.9643326714360868	1.3453081822951605	-0.4832813751569334	-1.497667412027123	1.8650561136975299	-0.9868960817225881	0.6334885776815413	-1.336675547791597	0.263428442357811	1.1216796113495822	-0.5394831640891122	-1.2819770433055042	0.18991138623207504	-0.9201209988999502	-0.7343358721369886	1.0929406731552322	-2.5205068426642114	-2.1119036993655214	1.1249016282250628	0.7194489587248999	-0.09454715923175405	0.6545228242315624	2.1018512892270116	1.499291216848414	-2.2021956671725404	-2.0058031310869207	1.1552437150488346	1.3644109048803656	1.3870346686717867	-1.6207483868721921	-0.6024965611989702	-1.8203540992427583	1.4574983182821473	-2.0966704785910797	0.38795691133834037	0.8146765183440541	-0.6749807539342582	0.702882620114245	1.136303974627492	0.21190260899271324	-1.0990008383162426	-1.0023929771150888	0.06357001793405113	0.397407552125761	-0.493631163752752	0.7435640475830486	-0.34972999880495254	0.8254157840289102	-0.2549593566565193	-1.319862763495974	-1.0523907911728172	-0.18662752704535993	1.3062248439359543	-0.7732808307330795	0.7387391958832598	-0.15776586342891685	-0.0068641054301648765	0.15093171210288228	0.9531188739327545	0.9110475282042662	0.9258673385481703	-0.95649924739545	-0.06193886669099448	-0.5511747045486246	-0.03155622388644315	0.11128579248947923	0.08281553905562637	-0.47103299849939634	-0.1899955945427436	-0.11689755618698461	0.5237469772932525	0.16852569537285755
DTXSID5045708	0.7860872404947536	-3.479381177858458	-5.351591565347141	2.1830246946530716	-0.9275740683931315	2.316262815774549	1.4140672896102566	1.9671872776248445	-1.632241519109428	-3.3457615712144517	2.494454677551701	-1.0116543956469126	2.5104029750974486	-1.6907272226616703	1.221528644165267	0.7288407318483803	3.199492153995186	2.3361338296644405	-0.5447938852508045	1.039215002031625	2.2608217174427443	-1.984876564529495	1.927175992343283	-4.516341832799113	-0.8831852796195084	5.00208252245502	-3.2180726871887	0.1378932238840624	-1.1855169577377507	-0.6066784073908252	-3.667023339929282	2.6440267668211273	-1.8678979158453333	-3.204463084049999	-2.5296595113998737	-2.940549452995746	-0.06320323175530941	0.1317483104095756	-3.694127578160432	2.1478161692507016	-0.512070453816112	-1.9093806249732046	-1.692210673719009	4.914412855402908	0.991983452414321	1.7147610045948483	-2.9172346737452504	2.8232028640225546	0.361772484431753	1.4527673965067107	3.731323451021987	0.495838139879959	2.451051076448438	-3.348094466748459	-5.273300280590296	2.86467871669167	-0.16145076918623982	-0.5951313497453596	-5.687471538615481	-1.2546635531786008	4.0493834265014526	2.226115016807213	-2.3864423166719213	-2.4100996665954635	-0.6627453667873285	2.5262497241931485	1.2397186387166286	-1.5205781712281323	0.12462862272244933	-0.8013272482229041	-1.871311996536766	-0.19073458113673689	0.742020690351395	-1.028072866926865	-0.365335806926868	0.5013395098075534	-1.6920509272497861	1.040937113046466	-0.13777346547585256	-1.3567342284870267	-2.8028181132125063	-0.6498102434417449	0.2599334446936485	-1.0029113525018196	1.56097754481951	-0.4859757332179961	-1.025886655122915	1.1443778709949046	-2.312663992947712	0.3664261120853555	-1.1175469038886494	-1.142963254198031	0.31347168880932047	0.1551061124270775	-0.5396806227292803	-0.0009247724647563054	-0.4316351193075378	0.25037970722056596	1.2078218827089156	0.310459294862382
DTXSID8044963	-0.1136084343214192	-1.6077494700498338	-1.468992298827072	4.1149664824315995	-1.4239419315598225	1.0014510430925225	3.8441222265443726	-1.323455578459192	-0.8442341916126668	-1.1555332967876208	-1.4641892625882074	-0.035017463280074046	0.9512115035913247	3.948044999004889	-0.7105007188027099	-1.6371949726406094	-1.3805095729475483	1.2635525746127139	4.059254255361362	2.4595273318167186	2.5341688976808032	0.1632151266272009	1.3335770084119918	0.035924583974649565	-0.9154077800541408	-0.7473787505935765	-1.3723865443694907	4.060554325552405	3.7791061405141364	-0.637382391381684	0.7026020932065021	0.4244269556699028	-2.420055952696014	4.533311761919888	2.517309251593356	0.18547551225431214	6.699560483892875	-0.3826477261957852	-2.5630243152428145	-2.0136877732290976	-0.5380445839424912	-3.62636973850568	-0.0027458105807524375	2.8095368052884573	-0.32573810459539915	1.154541467368702	-0.560243206600184	0.5012673239008671	1.5465582318455846	-0.029492636339195914	1.8693650098507002	-0.12948352612589809	-0.6281817711299152	2.4171270094042145	4.854124094749872	1.0510716463845224	-0.08398922272721818	-2.51989661721135	-0.0035685828350537833	2.5505619235084795	0.6574544537058686	4.634485719862667	0.29003695051845735	3.0155105837354816	3.8592668289876064	5.812687734218813	-0.379601602337128	3.856479595785754	0.7597522898880026	1.5656529020880965	1.0427879662462314	1.8600355750261799	-1.1182360871055703	0.15319067171862263	0.7294642156161277	2.9596796392484235	-0.37574819907733986	0.360180848120445	-0.8702934615369967	0.7309392643665349	-1.8883048294098976	-1.7777131488958833	-1.5716493451036548	1.164593244791124	1.6739868365269084	-0.045589437095305795	1.8580996545052986	0.06080344007057189	0.7900532389333356	0.1557059188040346	-0.6332932535325174	0.829720391113897	0.2488313632191415	0.10359491862272291	-0.7234766475459498	1.0510110504221173	0.41041577484490743	0.14327173262445886	0.24806651947522151	-0.4986874637506034
DTXSID9048938	5.854587651825061	-0.5954385317337065	-0.6129903640122535	-4.834859793763278	-0.7310901455537836	3.451217574967659	4.071387144498299	1.9779147170242477	-1.9444170145868733	0.38983847613029227	-0.6040079012901134	-3.17631572116791	0.10957609185467825	-0.03173386601457306	-0.7167122359070021	2.506471428234968	-1.943015276079282	-2.4954242396562383	-0.456665999401951	-1.381682385423612	-3.0980382044500447	-0.10199353862927606	-1.5530136833423096	2.1538745771590606	1.22471432516361	0.6259260069900453	-0.7265532314688613	1.7275004243570695	-3.09361093604693	-1.0629893544588684	0.9461851658145195	3.0476799110787276	-0.5162902680161081	-0.1267482132131003	-2.723940895979748	0.43669931768659537	1.5638058457995165	1.0068883554537047	-0.7766610636429372	-0.2072681718076672	-0.7229411003880045	0.540275514858829	-0.4219348176722713	0.6492784133045679	0.9433224025658971	1.5143087010514826	2.2972687397255327	-1.2509811449215056	-0.5455738140477864	-0.26208963383896744	-0.566000185175936	0.10183761087396448	-0.27553198676967916	0.17468149363817134	-0.059030269552831756	0.5948208504455609	-1.7234402670168065	-1.5374685245750532	0.469509080395802	1.2540835884881565	0.17428669988080484	0.10491388430374156	0.7614584222909968	0.15874703207444618	0.68886260140191	-0.13540301640783353	-2.0891538527403384	-1.329047362522665	0.516873008680354	0.7212281431112387	0.5216500614178572	0.3158479769713558	0.6381768451345478	2.574749955818581	-0.024037721938958027	1.139466504548531	-0.17578095499294547	0.2698257048156346	1.1241157848482448	0.22252582315208808	-0.8671167890905054	0.2777390374100086	0.91473704733934	-0.9784354553465816	-0.18702345972118364	0.8412071026694312	-0.08008963357082137	-0.42219452181919487	0.08046250927653767	0.12942734050920174	-0.5839646686405975	0.2680432502995209	-0.5213268224504938	-0.014727689729424122	-0.9744211603852104	-0.06280055754660818	-1.156583548625846	-0.1236902245605939	-0.05095092618599255	-0.020513128283070746
DTXSID0020498	-2.7281311646246182	-0.7194962941481168	-1.9689979416385426	1.664015129066723	0.9706533420264858	2.10608936152033	0.6166133868664145	-2.4814933454449086	1.4214447075921315	0.1830237741343017	2.4411001250919435	1.9867974865629123	1.6427328133281773	1.069359375133321	-1.106397404783916	-0.9466785087389217	2.2302216358884484	-0.5347531281057715	-0.968567032319143	2.0576203259676054	-0.032782205807463986	0.27291460140678864	2.8285844137739287	-1.724127966065494	1.0571896637390907	0.5031803650224288	-0.9979059977251363	0.03398379502169606	-0.16849477236335736	-2.6547130711484384	0.43092809699960655	0.8597909062182187	0.407156931530882	0.5914339899392438	0.27786445624844297	-1.040663090417879	-0.5407817964003305	-0.6345555706503847	-0.06388099438823588	-0.6761688901327285	0.3384031433852128	-0.6195328056412277	-0.24861335212901473	0.19658021812300996	0.6698937741151507	-0.8926304452735341	-0.7435655787858594	-1.066967881705841	-0.8383923604856032	1.6587126233133855	-0.4068164914646964	0.6939034680778992	-1.2253243917889072	-0.36083393949787274	0.9889249761578799	-0.518457758968943	0.4820742513875363	2.3279275803852726	-0.33768473358959894	0.1267340278708283	-0.31818747541484843	-0.11783754215071227	0.9252694897017458	1.5372402600586468	-0.32864141918328993	-0.07896475148540544	-0.4307142959382007	-0.4577457862530092	-0.5680207701920752	0.9434557884290097	-1.11836375264518	1.1851410380903833	1.0762030727096408	0.8004946327313857	-0.8221588546189119	-0.9220976733576071	-1.262738882659558	-0.16090709008896653	0.6781899009295183	0.0853626099589144	-0.4258000120714073	0.44046792517335714	0.29960323057508204	-0.6103291080741571	0.20305603793704632	0.5065368593628153	0.5613007552922961	-0.1734459547894082	0.5566943965568089	-0.27004387779690325	0.605291093610761	-0.02195789297835809	-0.2388638045091479	0.32295249814416627	-0.7781193256428246	0.03281583381983529	0.39824891947774044	0.07702938733544265	-0.3559467723072679	-0.03705973452729052
DTXSID8044626	8.05399206348443	-4.307133149125847	-1.3944789048937276	-3.486171933733105	-1.9190073062387083	-1.9034673341397557	8.147139785044242	5.928084663942318	-0.7366107295214503	3.0501835019256527	-3.0878505831400673	1.9400048374141952	2.4170986292548378	-0.2538380551596013	-0.9940128550999371	-0.8666519342473809	-1.44100779502798	0.6752207701139055	3.051802523579997	1.005221339909395	1.2074724707291007	-0.9237287350605077	-4.1571894906788796	-0.5511506709397164	3.371560179677256	1.7821364041279675	1.3087515520861683	0.3822162699731823	0.7240975344711331	-0.9377280480151583	-0.2685203750605175	2.0967342692229445	-0.5006390744122947	0.9655301831833535	-0.20526874718075067	0.836919596709579	-0.9575786677385676	1.8180705045138625	-2.09488536534979	0.7102739314321516	-0.11096224928921979	-0.07399848977571728	-2.2280488791701507	1.3816389828652254	-0.5559134529358988	2.921424132331363	-0.32356088631055413	1.7892882112846302	-0.8466569560520626	1.0711718540745392	2.430469709211566	-0.39054471028176924	-1.9058859591849389	-1.8369643679059802	-1.3891404454027139	2.1221445155611223	1.25929529148585	-0.4321133963881163	-0.45388706676654333	0.30103691992762244	0.5796889947016028	-1.1474076677205398	-0.8862746956448635	0.0011833123249880596	0.6055743491032913	-3.2920534828233827	-0.09639483126315491	-1.5984708091422852	-0.5489108619468499	-0.4452151497934447	-0.5305499850087504	-0.3051555607605556	-0.22771581488044987	0.25904949999236654	0.6056087240240735	-0.46705239245672153	-1.1601286509226638	1.246310698904779	0.7172098802318476	-0.8384862092710924	1.722493186759754	-1.1332566494022756	1.4315979665858076	-4.074048860428596	-3.3409438218006877	2.3531093200220465	-0.8784125522264318	-0.9087114087048546	0.27586671528152995	-1.3526353956367447	1.682903177529908	-1.222048652377867	-0.01972388900407454	-0.5467106877531202	0.1227698104838844	2.906202312822991	-0.9753099460092741	-0.7098058430893749	0.23906511512479056	2.4607437448827874
DTXSID30627108	9.318612178164816	-13.751175007004576	-12.434168748382517	4.142432558654738	-2.755744004834127	-1.8603699769936435	-12.914958459733484	-13.905155968558127	-1.6412915187114354	-6.5290167038113225	-12.940542050043865	20.942977112746625	-5.879466059406522	-4.771743028729242	1.7466191784899119	-5.64745443613823	-4.330374439642503	-8.458425445826622	-0.7600771838663787	6.1062523224657355	-6.238828429117788	-0.4490005689810352	-5.122690672699451	3.1192050095184003	-2.512723559287347	9.059787125920337	3.105168501825119	4.116733754162818	-6.838029468599881	-2.761029939269123	-0.0798120940754582	-2.045908035096782	-4.423334882716922	1.1548474720813866	-3.424476020058246	0.8047718549916252	3.294688662327491	1.9328059446975467	-3.1625763732211767	3.261852284379035	-4.763284060198771	1.5603985880029438	0.5503353162133362	-0.7139450477519093	-0.10073122240421307	0.10201002859154755	-1.2166674384113028	1.0487812867234692	2.167846469967732	-1.8303954498081956	-4.709502465656879	-1.3808405222640006	4.28161220471052	1.2375108684373928	1.7970644681554844	-2.085055731657449	-0.890818654751752	4.0894242923448765	-1.7044985531026853	-0.01275244096976194	-0.037674848265051256	-0.9033462353018372	-3.1507444635771513	1.5722103527634486	-2.401244109514634	-0.25312413755267626	-1.5731397835876395	2.317285673803364	-2.687771040584482	3.405852477555757	-0.3810010179680851	1.4488005008160871	-7.386065884242929	-1.5555892530691509	-0.31085906451354256	-3.4412925591011496	2.6194930932771863	1.2389260720986233	1.8741927579650177	0.5647462817668061	3.9858910128730582	1.0608997950832417	0.8266539526174626	-1.657101389457732	3.0311133745197782	-2.5890857934952813	-3.989418882906284	5.816480703923661	0.24540740372819267	0.37793439661157513	-4.5394123451707	7.010255516760929	3.908688221095713	3.4956784291996783	-9.332559503443907	-0.24072759544354755	-5.108681810467978	-4.401887548139932	3.6952163867061003	-4.269155592027705
DTXSID1046712	15.116030978308483	-9.34311663232513	-12.672438023199037	12.621913503690793	0.2491803038246157	3.2399910358150046	-3.3210799781355327	3.364171472965336	0.9487677138275343	-7.785266788416966	0.7138916157566436	-1.994169951577744	3.1649768963697174	2.594632830264697	-1.3531003670190949	1.95928582556774	-4.142664824542761	-3.6855998696916594	1.485351427726586	1.389569555123163	-2.589159953205968	1.929828167758032	-0.23494314911888295	-3.4540400345728846	4.1830371210615365	-3.170065861584194	-0.7651244850703067	-2.568621836620199	2.9140684631584004	-1.949127055802487	0.3275964734165183	-0.8512263609880404	1.1581857296855136	-0.8742349933725908	-2.0488701721179554	0.8360051266322236	-1.8385977223604535	-0.9348572090178062	0.36026783169580806	-1.6423160310754867	-1.4535783539692773	0.46284766410371686	2.029697166424531	2.8775922865062826	-4.1568133943936445	-0.7932135719797475	4.162867994610074	1.976923900777595	0.9187258935423313	0.9036437287726413	-0.5964912656024809	0.957869502200783	0.20318009034804685	-0.7812024368634424	5.527577759846734	3.9480234857778753	2.3483156715201208	-4.8794080770279376	-3.477607781890453	-2.6814257192873803	0.11180348085388443	-1.0767611814148406	-4.429921754957127	0.44384373345199346	0.45874286807116527	-1.6175895835658503	0.00054759251604033	-1.5007977304532183	-1.1738106952983043	-0.5238878084264696	1.7653635617396808	0.5935716238479045	-1.1212299555590513	-0.20126957942650037	-0.567060932840971	0.16997872778261514	2.5708718408248528	-3.2420776060238548	1.4077264153803257	2.1917631154636927	-1.8614583774175693	0.5131141479070636	-2.579770784025484	-1.2733667160380904	-0.8852653883985562	0.10853341237190589	-3.3290916055875317	-0.5144532305323217	-1.7898282425701126	0.8857446401716069	1.7835237054858735	-0.45764733784844913	-1.2387835727834795	0.7653280686061256	0.7359624767476072	2.1830286390910314	-2.404097608247113	0.182855793593129	2.552983439019701	0.029224301367996745
DTXSID7045447	4.131534253013519	-5.17077617716593	0.6383121118430325	-7.578248446053104	-1.254435431561267	-3.2305254155377394	-0.2543354278196265	0.2965214899100148	-0.8733058007292108	2.207480995741967	-1.1550001041705416	-1.8989124285249406	2.0646389084091514	1.4248981686224063	-1.6377421825775187	1.0278987117199223	1.846730289542546	2.827011648894468	0.9631275618391602	1.1495215019700218	0.5483805564824082	2.606969050961389	-1.546900936554452	0.931988242166682	0.2483310510913037	0.35839301327077483	-0.8473579057696913	-0.08765500907512587	0.3762068096294647	2.4884614491649297	-1.4459765469363925	2.380627462530999	0.8486822096622723	5.075615780775102	2.7244901085874083	-2.158619679636828	-4.694552690769577	6.024026417612975	1.1239408043187529	-2.8356812528022064	-4.967934418045447	4.782397925123636	5.617763988876788	7.50257223455207	-1.171677870253682	-5.0202514102753995	-1.2931866437731694	-2.6740724118903865	1.4082365135376738	-1.8617084941312978	-1.6245052773464081	1.5517312064150763	0.5586475307176333	-0.21787655386765267	-2.5490520820776945	-0.26729538848418183	-1.5207138157301467	-0.6006267499296255	1.1453101698262727	0.5339823778525332	-0.8571813507015728	-0.269956290020994	-0.26666778909992567	-1.3050457710407921	0.7545773280409109	1.3867290146631033	0.39331940832125584	1.0707440303447733	-1.087078208535879	1.7406809762331215	-1.9021092708648766	-1.0022031889875789	-0.8098429305104263	-1.3250909727130646	-0.2538362782605434	0.0352607035637462	0.7015964048533008	0.6170488235812533	0.9397559445212924	0.04985566055653236	1.1725848112674748	1.4972089482509092	-0.3345208227380764	-0.637799649874382	-0.151962185215232	-0.3343393921521796	0.00015583984807038208	-0.2315384648818089	-1.0224297468673227	-0.20514089735486743	-0.5882213871526315	0.4544278545428365	0.14441617035701687	-0.9910346129522003	0.06870639497358977	-0.5742223993360136	1.1375487783276303	-0.6102385070683133	-0.31297929356188103	0.5367139980895038
DTXSID3040693	-0.2576553189563237	-0.4680494003589598	-5.7127911493927455	3.644344062547315	5.060656016835827	0.4564470283256899	0.9596156280090505	-1.6529756986805675	0.8396295524164289	-2.0952414043433074	-0.9973855146228755	-0.05362185332586699	3.0893705315512947	5.766668062820892	0.7737251072690402	-1.530440830593953	2.2036483568234106	-3.268742810509849	0.8440291348817655	-1.5701937384700382	0.6666237007593844	-0.4730080535927884	1.764051198569353	0.9973488139328964	0.6251089404217286	-0.5728910117213828	3.7699102363594843	-3.2484520775263284	2.7000653615872534	-0.8530573055486641	-0.9404970694603063	1.6073895874197515	-2.3211036016667137	0.8570521691206742	-2.8905532362817836	-0.9625550122950447	1.8767505324983296	1.1435471992004245	1.0309166016827511	-0.15749374470409158	0.5538111569785911	2.066993725174077	0.0663292697702482	-0.7408813426039879	1.7859933745432783	1.1697681062196787	0.019232197922480446	0.2770742827574043	-0.905731825709948	-0.5666097635994117	0.35879725249483885	-0.5425966267412629	-0.2124391092731841	3.9418151633472562	-1.938417684112411	1.566940071825893	-0.29312106946403677	-1.7122832026471493	-1.1415267810694738	1.3984905351053407	1.032858840651034	-2.9349535768182893	1.4017576246533738	1.3183828919107137	-1.8479725044831343	1.8424943672075504	0.360151114886263	-0.47177973715058835	1.1723875152965249	1.7693127512878937	-2.450347114869385	1.773873653553748	-0.28346068582099077	-0.771557036398916	-2.3079694265759656	0.5874925871819374	-0.6075327576633329	0.4167410366694216	1.0681966296438938	0.16377106429584037	0.7688572060397073	1.4918834494927247	0.7923791743352876	-0.6482330084079477	-0.3654870514366025	0.9357589017762736	0.6203267732195488	0.33448866899387275	-0.8563940662220569	0.30251561836528196	1.231461947624126	0.42489595670159913	-0.615377930737425	-0.22630429790881698	0.8069899074387201	-0.47902512027838917	0.05383975694934328	-0.21877529459131112	0.38704967588795636	-0.2548721139974583
DTXSID3024152	4.670917886782173	-2.696978141283386	-0.6129480676580928	1.2849720295863625	-2.5217750316115626	-1.1351397502493346	4.001316028800989	-0.35178084243371377	-1.2777076721338694	-5.301829851617168	-0.9769896702511177	-3.8261143180524604	1.3521455872221086	3.548588169043229	-0.344784744216558	2.079792869947217	-4.322092859489048	0.5495785850360158	0.7579262316210601	1.7292716882992185	3.9483299158899197	0.018010031597823013	-0.29820590390465535	-0.4135674632042751	4.34809607390828	4.779667111822458	-0.11754012346075149	0.27849095860025946	3.741025202096902	-0.2346447778168184	-2.3501693848892207	-1.2769618787513815	-3.8636435507767812	0.5831271291099761	4.055387129456617	0.41853915484696586	7.5064255044779316	-0.4000561237028139	-4.607734939005182	-1.4397621520923756	1.8012259606297139	-3.5227852263150643	-1.8352895118156216	5.700835766809578	-1.3622000064810087	0.6029594860897806	-3.9257118622127956	4.223735901418199	0.6963461347687437	-1.4407071841176953	0.7196023225198118	1.9745681945748832	-2.533636028639435	1.3523279868106017	3.7017628587082902	-0.4632216917422478	-0.6064589705292383	-0.6365142120055463	0.34986493304773997	-2.574316956641485	-0.42534586902083843	0.3205830389673494	2.0369885511395567	1.3658063628282506	0.8162793643941686	0.44494017905388544	-1.0301741970900127	0.781854301342087	-0.803294905256008	2.471242566737946	-0.9529826230109864	0.49563364017340755	-1.10118791673226	-0.9701941870276258	0.44703590408412736	0.7559365670407585	-1.484338550942352	-1.3640778853042572	0.408066134637599	-1.2001028811674053	-1.907750613799632	0.6266738424492176	1.340876656171904	1.4181434186006385	-1.3200437151327935	0.368879214626089	-0.941253814408366	-0.23034678672510275	-0.25745085812347146	-0.30728601071105527	-1.0343141247763115	-1.3336894502126646	-0.02548373462485024	0.6783776129544515	-0.9077416227850471	0.9972059767145779	0.7077349354763871	0.1638260094035698	-0.6759646428101826	-0.4843017109022542
DTXSID8044383	-5.200245068198387	-0.4014859332182829	3.5846370752908583	-2.248389170213314	0.7920134072351126	0.8915767172306762	-0.3474926906933842	-1.3169559360823462	-0.8867688889277082	0.7798586866046886	-1.510389931188706	-0.005278465949064051	2.427948396084601	-0.950313234816599	-0.5605006079879091	-0.3201932156242858	-0.4207093575364948	0.17593752498114223	-0.7939331384307426	0.6947440239915013	0.015417261689529676	-0.45502683818097306	0.5103125223370523	-0.4068996267910627	-0.4653967503797018	0.00016241992663025592	-0.37918230749898757	0.39923334642178665	0.12434873140263443	0.3312995108420287	0.39730658144529996	0.02084424669836612	-0.71647216889404	0.7932555138377991	0.6022536075011251	-0.047159523915591355	0.12573506145899924	0.2736007469304024	0.30158733502469476	-0.034745440619844255	0.3588968940403965	0.7497481101256191	-0.39780147454081105	-0.22992345812525058	0.47394517591442276	-0.10958488599616827	-0.01500094592120788	0.10334856533675535	-0.1200584326818891	0.33701422180038293	0.14820621166615325	0.2825784080203239	0.06908608192032818	-0.2826197187524276	0.2894723419019492	0.25943299037265144	-0.0435905906680297	0.8940377647536222	-0.6692027916148806	-0.30904417521992844	-0.0355237473728216	0.09472848842455046	-0.09788664485888854	0.7994792727533037	0.4300797719827293	-0.40920859855515296	0.3631689956438779	-0.6918891663751758	0.6922296249456888	-0.5368838303180516	0.11479564967416708	0.6606594874501367	0.5998007362010038	0.869888777046168	-0.7082806530960362	0.34048804017721096	0.10280553114995788	-0.3508177513788308	0.24956795124422818	-0.2163882601600703	-0.5677476446993632	-0.35175030624038295	0.3242671895285285	-0.19927275306525033	0.37852340152639036	0.12121339029931993	0.19738947864711004	0.18470130025286172	0.2829538772670542	-0.01660582789191528	0.17472614490042895	-0.4567578940274359	-0.2891505083649502	0.7926935782334242	-0.2357645055063994	0.28344097443397387	-0.5652617007138793	-0.03923188296805454	0.47248821625791715	0.05125535160596812
DTXSID9020087	-6.107666654773114	0.9579240862908702	1.152739140821354	-0.433454695243447	0.11338680961545085	0.6225733243419105	0.820977494659295	-0.6636726613586754	0.9014509981050537	0.31596142749397194	1.1381429556055478	0.8503872661613863	1.4325239064381083	0.16517939677880014	0.5415838248372246	-0.4988743344906148	0.7668573304826859	-0.7867986555699399	0.9190886446962335	-0.3483226006859968	-0.15346281428142153	0.11734160789383236	0.30787459576855586	-0.4033145413726476	0.17269094821740003	0.45038328253213067	-0.2551614353540965	-0.23837858252679353	-0.5874626689403055	0.28922712163291947	0.7567625268285131	0.7659653363194827	-0.19691170519956167	-0.7144651498339789	0.3432628347596006	0.43281702738287636	0.04797752309919004	0.05958977690108056	-0.3383432126627626	-0.3118109666911604	0.43613924733732723	0.07667060285701398	-0.25870778367903285	0.31051908352037144	0.15429992597231484	-0.48259413330987466	-0.236303888857718	-0.5030363009735709	-0.3615652976231211	-0.1661586336582676	0.035857199096195294	-0.8907964882879749	-0.7760254095399235	-0.3945218999228951	0.4051413731726535	-1.1359309900275143	0.3713837795365836	0.339564902768418	-0.5283407227782737	-0.04456618470096123	0.3235349207911183	-0.3487815986279632	0.2675343530319213	0.8945910902678862	0.04429067553829299	0.08346895974139365	0.04029760375403129	0.2842629370501563	0.13893557588348832	-0.14193316232197534	-0.0841484447706489	0.3495609886006844	0.23100384344753153	-0.23637787311438202	-0.022334646986922356	0.09584102220265504	0.43685206654384745	-0.20555646713872613	-0.2653838715137192	-0.1184271685179508	0.445302126153369	0.005081499381745602	-0.05881666055980568	-0.02811968936844716	0.24300664623128043	-0.22117764988881566	0.00985871171372494	0.029237642672024885	0.06690922118163396	-0.4380390277788121	-0.3195933725030523	-0.1462697506613209	0.037523029179641704	0.11151234216604092	-0.09233214086962063	0.15750739205428443	0.0760019471703625	0.1426716141398306	-0.006564898447531177	-0.12424590788508615
DTXSID8030138	-5.666904824964677	3.936081316536071	-2.9405920503564182	3.1002106703033645	-0.01139640657507098	0.43726194724748246	-0.3270569478294865	-1.6886134831619415	-0.11288602892259002	-0.10672362550522889	0.2373020724672429	1.1047862092810043	3.2193076208950213	0.3751418180023003	-1.8915337063330566	0.6044350068333676	0.46094046326687776	1.6208049349781763	-2.2579262975681638	-0.33590492613128425	-0.961157583929622	-0.7769589393652688	-0.734353315561617	-0.7431874809042873	0.758698413351962	-0.4358703069854654	1.6174908554783232	1.3198491384240545	0.39202257441694155	-0.7311022401650537	0.9145477569921192	-0.0467011124335307	-0.44387230966244673	1.7717958573596881	0.25560997153306764	-0.25429286919995386	0.3225705937952953	-0.48437052492942956	-1.2023465698687676	2.612931824979773	0.8417617769006158	1.4406845531358985	-0.16652112002483677	-0.605320985906549	0.1031117459021415	-0.40185036190266904	-0.11937598078937764	-0.7258242595264576	-2.943801850425909	-2.681495939352138	-1.1339896971517784	1.73852038527782	0.13707371353527234	-0.6793892767466638	-0.7759413444114076	-0.043818320511878214	1.2969571263265791	-0.4129142350186057	-2.5015587449168377	0.856834864089302	-0.4012831030063497	1.7946088200529928	2.2271288802864975	-0.4460082281376157	0.3470863616229721	-0.056908926502985326	-0.8878122044106549	0.6159281091852622	0.19991375279298135	0.08558652020409008	-0.28814541318758125	-0.18226931630875648	0.8607136645315435	-0.6951677968645501	1.243934343139776	0.3889622327752584	-0.6038639459579622	0.13157717059892687	1.1884964219355254	-0.5227119177675942	-0.16655389786142114	0.7471931979609815	0.21946102105180118	-0.8278053602799234	0.89288820985023	-1.2748743657959494	-0.5178009409249021	0.0893664968651615	0.09369484626963426	-0.34197545146053726	0.2901552730826377	0.031204103585602605	-0.024132417892271076	-0.30124623185831023	-0.4611608508673908	0.5806939173899005	0.7393235622904054	0.2363776166256083	0.5299055178907828	-0.07742615816399336
DTXSID5042083	8.363383837591641	1.149404305988616	0.4094515483436087	-2.83170995522477	-1.3449868075813391	1.2066483567465853	1.792980425598191	-0.22677639678341602	1.0238089571529636	-0.48534435318098423	0.9186137756410776	-2.2495810614139957	-0.43541422497800597	-0.6783683684851135	-0.6158216587558326	-1.981206552303783	-2.7814268408317493	2.7559799647573704	-0.33941986534455665	-0.8636798535805611	0.33517445738826707	4.676093880471203	1.1573764177894785	-1.353632019018905	3.9607186020756733	0.17100482611707266	1.1141052133629679	-0.7386637438167125	-1.1998065549029688	-0.9402511418743276	1.4853176666837795	1.7828527155974414	-2.6783139728412007	-0.44603226506117555	-0.5638693913479546	-0.22492379411732819	2.893083773263231	-1.050204343750325	2.211288543790268	0.9373226549046056	-0.6384532698209776	1.7197961634582801	0.3314400585986261	0.5524843246438944	-0.09457936862799861	-2.1191670053085314	0.8786983033842949	0.4909885862052414	1.0189863942275386	1.2892947987451673	-1.4697997723837368	-0.11516063406345124	1.3495647722955182	0.46706059134819405	-0.6283895963559628	-0.7683900443143408	-0.5067158417874976	0.049942938928769436	-0.22799677222393322	2.063739637901199	-1.0542725446511962	-3.2054653315882	-1.355200817559312	-1.8073179840573435	0.15651644702296894	0.8298086840830959	-0.546212454240699	0.03070906887687835	-3.1980562540348414	-5.124416172858008	0.6630710064536188	3.4453711314883	4.071460330316872	-0.9041222575125764	1.250995730590727	1.1026119830330683	-2.3034827048813797	-0.980315511618063	-1.810863842226509	-0.6249783946178734	-0.4111904446066072	-1.5692293309085001	-0.5147875694245615	-2.616919149962523	1.2847189230078333	2.212375912884267	1.1635589457815088	1.5395561798425883	1.6485869528951687	0.046557964868646474	1.5902210607742098	1.1636560003961776	0.294657611989396	0.8238483899967408	0.5246965593570242	0.5770901426046127	0.14115740778490488	1.1617657494096745	0.8859187893239197	-0.5194226233965297
DTXSID8044389	-6.495689946173849	3.1008004402629004	-2.998341422499966	1.9654751782220325	0.7063603321871317	-0.5864836783462897	1.1437175847378243	0.45468512693183755	0.47257488055566044	0.08622044672763994	0.8273133994259079	1.403127638710779	0.9670588728839706	0.4711669907439387	-0.4390007767172102	-0.4460350165362889	0.9413905296255209	-0.6263575594097803	0.47495535227571367	-1.2358224822426354	-0.792702586565951	0.71732803104156	0.7299756655936498	0.49445731860014164	-0.5867768640717284	1.0166477317995914	-0.4006336801228649	-0.361301092917074	-0.607842446690513	-0.25084425770943275	1.0093804277164669	0.13105857077344027	-0.15232635848571577	-0.016134082356338314	0.6613367412216582	0.2813360340091849	-0.19769161698232635	0.34659834510883514	-0.42032312857466575	-0.5564523375784991	0.5936327180371194	-0.3301474033270352	-0.38122532913313917	0.3672250127424695	0.6658220555124348	0.11294309006328994	-0.8079567254153041	-0.043584605712552585	0.2509294686649987	-0.10348281923378122	-0.3127786161626596	-0.7448924511464575	-0.5667540499934495	-0.6995930164633535	-0.3386827351146616	-1.2784451017305187	-0.6873079770320298	-0.29321654155847626	-0.02814719093922285	0.06078223917377236	-0.6643706241999919	-0.4612893358440427	0.21814782292114057	0.586582105686451	0.3861203923759307	0.3719957771750158	0.282027903779334	0.3016383246620961	0.46435354360175773	0.6196108912144758	-1.0192308170137263	-0.6213241474219234	1.0853560553703732	0.3386274723571857	-0.9424600594961087	0.2647584837207358	0.6484076879111919	-0.1928056735779582	-0.8658438814216203	-0.4227185954007022	0.2843139622253644	0.12976928979877775	0.4115429760884437	-0.30768476109569903	0.05089288204227989	-0.6958277596194369	-0.6188024469815447	0.4942563768470047	-0.11875938768501806	-0.4991057271696406	0.040219330291658355	1.2972833997820665	0.2960489310580317	0.3243257156794008	-0.1804048082816681	0.39713346156679596	-0.03154335534196606	-0.3920737131721955	-0.29150819596223754	0.5857592925608375
DTXSID6046189	2.7122793809219194	-2.9648911665887887	-3.471249489857286	-0.026485522705610883	-3.1849072079890446	0.5133143088837667	4.454820120631962	2.5675393519685348	-0.41735185739409253	-3.2633421094190345	-1.4880960451626128	-3.0055074326743303	1.6656801440540396	-0.7602506109936789	-0.4950436301188345	1.9515810522188866	1.109507027702708	3.082770614987081	-0.6709602016287094	-1.0854496810803143	1.3449444695598212	-1.4293302414673068	-3.511204006348346	-2.7874715056915496	4.1524226773355055	1.7364069955770145	3.530258928846703	0.33808926631352554	0.6846445446961231	-0.29878309537413883	-1.2608781222228922	0.9946932831058587	0.14293609218057488	-1.3512680506470651	1.1448252803558485	-0.0320830830464997	0.771657531179609	1.2716442818383813	-1.7607752167389221	0.6900351638619286	1.9655244358467503	0.28866898410289027	-4.427987584419833	4.825981609168924	-1.3029926183675278	2.4382864047519015	-1.3594760207283527	4.73768928689383	2.171653829528373	2.3265432679622746	1.583823602546985	0.05902962495778765	-2.1471012428193124	-4.327674898148313	-3.193479500439784	3.8614474070703926	0.16127496310639264	4.3536482940029275	-2.5657224097343865	0.6090336527198933	-3.327860939101755	1.1398395764972413	-2.3709930004509743	2.460430631676178	0.12417088770934914	-0.9040519901457149	0.8627305142031201	0.5036709226264213	0.5417215599381998	2.681491879716672	-0.598127506656558	1.7593525600439486	-0.9198688272917761	-1.2819515274556317	-0.7366609608890091	-0.6206910957936088	-1.8299482410544443	0.4570221522745835	1.692906963847579	-0.46875668594964526	-1.0309458629763304	-0.31883002019281126	-0.6117002224839024	0.27771636602333655	-0.5422466529684223	-0.2547965126443096	0.23369810889111445	0.7388910564239556	-0.21781633852150956	-0.3611072475087603	0.707404340858002	-0.31112503359289395	-0.004290370672780018	1.0494490076269776	-0.7778146454393812	-0.36818875451583033	0.018194138014094204	-1.116528996650531	0.10507545522067019	0.8790741087805015
DTXSID2044507	2.3643867615574568	1.7891745512194401	3.996321078037782	-2.755826836014677	0.8093329574733983	1.2167499595296103	0.35653166427824573	1.1539152725068675	-1.4306517344334555	1.4450910189095867	-1.4290176851643925	0.1366881106373456	1.1841018889966817	-0.672985515266859	0.8699684522223647	-1.542994499345927	-0.05558704109207521	0.330651271685684	0.7421909878361839	0.47721387778919727	0.8183103042325479	-0.7416655538135911	0.11934950384130513	0.3977415986805693	-0.5037318101994371	0.12139529541354284	-0.11942635174278268	0.3289117271667859	0.1751531488719132	0.7267722562620031	0.21556187717196298	-0.01543454901064572	-0.5303482859040675	0.36114937893867266	-0.05147370817289148	-0.31759718134269493	0.7388136029184572	-0.8129903442082185	0.7833586796212721	0.10422788211423525	-0.15208694788492874	0.11240662626829864	-0.43797594581397564	1.3420894546503959	-0.24794255805520835	-0.7875593101372221	1.1988773363933496	-0.3747352394028966	-1.040844760306159	0.10747281534471176	0.2676437359103172	-0.4837310321432463	0.0076560349191415805	-0.15594739586871872	-0.07781773760801498	2.2464876196558743	-0.19696024394976902	1.2289879144336295	0.9641418029533155	-1.2080071742407783	-0.8740207650089507	1.4100584757416041	0.30653306956464554	0.4757973249775627	-1.093376537102175	-0.689590345409421	0.6271275545648364	-2.0931895171816173	0.1876467027820712	-0.3916080141803253	0.1775428973272108	0.4929350160092883	0.43837420927880444	1.2071686295314685	-0.10761947750235436	0.2998589664624497	0.5150831803217139	-1.5395372068302837	-1.7244127356821706	1.4376592490990416	0.035152040061432854	0.7470643527784359	2.2276180889639297	1.1742952894019882	0.1891348458355673	-1.8923674114221183	-1.0255544346431147	0.8819533788017904	-0.025406194735676874	1.5062594468834376	-0.6177250942662136	1.5834685818225915	-0.5077618647960184	1.7572555536295351	0.2068711447097043	-2.390236223249322	0.17996509227527768	0.5562493091816658	-0.5221491836099252	0.3204869905028846
DTXSID1025809	1.693772815385826	4.035529050784457	-1.3289268184584362	-1.7156335302894816	10.213971374193115	0.8264362751964744	-0.02479482772098776	-2.7158292543409024	-0.1215497367031388	-4.160980329789954	-4.85707240711905	-0.4957331219781133	-2.1370343764462785	3.120356106365902	0.2372922952241072	1.3841104907278285	0.8569484766927736	1.5873780944664018	2.851554550609256	0.4946879917693328	1.9149138135814587	-0.1819054843068079	-0.6833764314026414	-1.3980522193117022	0.8690224624222183	-0.2879630288941194	-1.7602620953371462	2.0612446754894793	-0.5518687578388519	0.8150848396882545	0.7714299767112841	-1.1305066240457158	0.49258979349528675	-1.3129108082718361	-0.01197981908625238	1.3515575868146537	-0.7150263761012534	0.3402731041963871	-0.601667317120976	0.824284964861968	0.09909747333507003	0.541045317269506	-1.073809494206331	0.4314755424436593	-0.9008462435887595	-1.0032661081775747	1.159985865669108	-0.7313057809424303	-0.3173098365103653	-0.8236972031583251	-0.31701112698760564	-0.07993155855991432	-0.18422571682468955	-0.20603440172762807	-0.05053589387810247	0.5906327394719555	-0.5004252953172471	0.5083256689390229	-0.38023211856241945	0.8480354509479585	0.9958577205766744	-0.22900696160130415	0.42748295826060434	-0.09531350031028969	0.4941502279022079	-0.6118165404479393	-0.9829960873512051	0.09685196361520396	-0.33242480786397016	-0.564103273052164	0.16378489626979695	0.3036406519402541	-0.38276682557854347	-0.512099121541039	-0.3161857236698063	0.45796586483795465	0.389069598595975	0.6237198969396226	0.042433907491553534	0.07799069089006802	0.3958792827033741	0.4511500601266033	-0.3906342593044194	0.11193007722387653	0.7015963384670054	0.4155200501801005	0.18966855366297905	-0.43662426463051074	0.1157811429281994	-0.4131186403974241	-0.08603868807831748	-0.1229146169215713	0.011831879078414594	0.20061589332290666	0.44293319314205715	0.10796190159140216	0.3115108291665193	-0.11347841859520683	0.254019339553385	-0.11775506600269847
DTXSID8021804	-4.7702992766013095	-0.30597952446876653	-0.9060246825236142	1.9018129635786918	-0.7718506617376624	2.107104413131548	-0.36689391844698244	0.7021207945828712	1.2440778875759926	0.1422729330341166	1.8572289009556389	1.4634990601359597	0.728628444776426	2.0274977574563646	-0.9411862588194839	-0.13360392575794755	-0.27104650466589014	0.6708808448604494	0.7610834229194212	0.760903227225247	-0.3934357701712186	1.37284738142094	0.6706243591715135	0.40945985451075195	0.6356842266787052	-0.29878329760268574	-0.036639202433210186	0.6790874068505763	0.28277023947665453	0.3537638634412211	-0.5414591114588932	-0.2705379530654935	0.4398303449491244	0.6785068250857863	-0.10367416568060114	-0.6357682056277104	0.7386986799124975	-0.2276939447781182	0.4505380097086038	-0.553092850478544	-0.08671154389061288	-0.7502423609144439	0.07475803398316067	-0.15899884337418355	0.48411671172577864	-0.2375882975459004	0.057587858604200425	0.3129683032789237	0.26536805030288935	0.3511065832429206	-0.3150615005214121	0.17246434051845813	0.8169331803113703	-0.7799094426623178	-0.6209131382809495	0.7892798618096474	-0.7984894268940385	0.3477659568484515	0.14779986779087267	0.48391605577755437	-0.040407754205563126	0.388819433104801	-0.1260379181623796	-0.0037422361317881944	-0.9368828016097985	-0.5484789788608403	-0.5686984433610012	-0.09201484596483916	-0.3053864984421667	0.5169785674976625	-0.8263955257431339	0.35840708434701546	0.19805876427542726	-0.09279090705134295	-0.34345434410857467	-0.6607043158372858	-0.13410867212171731	0.027775519758334935	0.25725389322026326	-0.15621829514386554	-0.15721804912763493	0.12424548223323817	0.42800514785550886	0.17535292473595507	-0.4587434268428121	-0.21306786673994949	-0.06211902701919244	-0.12516918822527465	0.21088228448987129	0.06093464732459465	0.33431857493500566	0.19821024036290324	-0.012828222204094162	-0.057968256431906055	-0.06931731855563797	-0.12624559012943623	-0.13052398693738662	-0.32939693252785723	-0.020953700814003606	0.18515554037942575
DTXSID9025825	4.767647468586668	-5.301242439635491	1.7653760612833953	-1.7098848320255482	1.1672055414973608	-0.21784871592601834	1.357629578216455	2.879048147364702	2.071985100128948	2.048592289614955	5.256618115820952	0.6017503847237249	0.13315406377960193	1.1766796463673175	0.29871513553333207	0.05855273137475709	4.915407209999673	-3.535012969130014	0.5399599991078248	-1.8598429025339889	1.0800181729683667	-1.453872031152854	1.3828001285880276	-3.0722540347561105	4.097082661222874	4.36306536266919	1.6843113419305935	-0.3642260869577778	-1.445732821174434	-0.9821386688838301	1.3666125064891217	2.0294858830886233	0.7393810677378123	-1.865264165690702	1.0722252361242783	1.7403272118697062	-1.075496439492077	0.04349873660027633	-1.2683941476738154	-0.16865411572133518	1.1962491374694366	0.9617423896702805	-1.2489087877680758	3.061487164227329	-1.083721274878516	1.1002133980295055	-0.8947239556907052	1.3488014095505758	0.12789347085404495	-1.0708874618141908	1.6020151650800178	-0.3059452525775297	-3.884322611232933	-3.1363867650157276	-0.9549639232781342	-0.6533370493455686	3.3775198045852557	1.2653439147449543	1.1532405419365872	-0.5393664801335943	-1.3313949703941828	0.698860731783617	-0.7273804757687613	4.793622331006759	0.19251680043100325	0.05422385147234773	-0.5476559853730291	1.0336192988041584	-0.33471881534455183	0.10967783967991068	-1.1554412002224024	1.365299696080641	0.575289412812155	0.19590546815145787	-1.7702085236077045	0.47546209536284295	0.3936881540897086	-0.09009383228472433	-0.16918621419956786	-0.6719498715136509	0.6964450974880305	-0.07825023889323976	0.4620585970322618	-0.39342371374928525	0.2714291774752767	0.16758637037525304	0.25254820143605244	0.010292364545115446	0.09882428224698016	-1.6315770574920059	-0.011227091192893954	0.3410671564955451	0.2664144551068482	-0.108749346249219	-0.04487772421940552	-0.36155270420665436	0.6973868712654595	0.02425606222217825	-0.15201748120513142	0.4788243376742706
DTXSID9057713	2.5501287798157297	-0.7131655332677512	-2.0575065252292855	0.5857421516791498	-5.025106602676455	0.01593949481381051	1.3538187115800986	2.5826307354525637	-0.06739959266541402	-4.432690485270891	-0.48352392284621587	0.17095430276759221	3.7183273921151736	-0.6241767853087921	2.006849457813699	-0.633641828816443	2.6316736689511533	5.564687128136778	1.458163187978348	1.0584320022472304	-5.342291046449101	-6.6254662468035095	6.758037002127792	2.7077803891141428	6.6786906758356	-0.2568741051673586	-0.694148088854045	1.884488701101612	0.010559796194820453	1.8993001530657938	-1.960809678325917	2.0682827677843107	0.9528244858925349	4.707783849047115	2.128146561893358	-3.7576268888804942	-4.173035141737143	6.17526346787845	1.0835900057148347	-2.049567056354165	-4.1233956745993385	5.207225919436934	5.349238640855258	7.503438676131193	-1.5947071406595361	-6.994309323335139	-1.8556237568895655	-2.524246479602061	0.7039451961342958	-1.0645404161684051	-2.269919948532076	1.8779811463393963	-1.4777876404988997	-0.5824055245329594	-3.044127675642251	-1.2988409259700864	0.008155905771307235	-0.45591608948244894	2.065678517633622	0.21604040260925342	-1.0957822004567168	1.3365224443757786	1.4932258134724714	-0.19713861412269362	0.3395167356644623	2.1162370612503048	-1.016865531325902	1.7766796064548558	0.10017801984529345	0.8515701583967353	-1.3577497657270237	0.25574622836226646	-1.609393598199345	-1.5848430059003071	2.2734033155927347	0.22062188267347002	-0.5341269396503276	0.11464784738914917	2.006149266403212	0.036754581103459555	0.6597751819443424	1.1962997254710337	-0.2430807123868855	-0.38688028494714916	-1.843924721265404	0.5603050136429163	-1.4175896660483325	-0.2475129755005232	-0.01767708324272239	-0.32367733990885156	-0.5239513326030657	0.32722967921117097	1.3923537174955762	-1.9846681207301111	1.0202413245501591	0.2588763216349903	0.5797460864343614	-0.17857602591911356	-0.9555284447631187	-0.37149828166328097
DTXSID1021320	0.6785852111075157	-3.3504390223432825	-3.900404819426953	-3.1361838151025774	0.9997034669387896	-2.6922764576617055	-4.748579406785715	-2.2112905151910867	0.08229488064678098	4.899229671182223	-1.4928837855837793	-2.1070539849678016	0.5719221399704344	-0.9733572544234307	-3.1459925861413156	2.0265641237473644	-2.2388295504011237	0.6694517486717958	4.245179761975498	-1.564166696756725	1.4232149368422176	-1.3253045977994853	0.1869647052790604	-0.22325073851813423	0.09044378427257761	0.1324868858568143	1.0966591349952977	-1.389231332099103	-0.7534789469620453	-1.0335685691526642	-0.11324458035676707	0.47918182888941296	2.368556157972908	0.5855985074832598	-1.2274833794035303	-2.0476771711500947	-0.7905773802102435	-0.13126969676786815	0.5481518904577787	1.353946851833872	-1.01992779268158	-1.9351452816124333	-0.06930369670632364	-0.1789356499072613	-0.628550884755423	-0.5912542332035958	-0.8728149979249562	-0.3311350025322061	-0.06124015890506503	-0.3318685358434053	0.2218449304486632	-0.7276667872243159	0.5946834591778519	0.9268002292406123	0.582638696444513	-1.5761121489940793	0.09416788064733575	-0.7124581017220829	0.9921736981191022	0.37783551072462623	-0.37572502864268437	-0.19337243966925455	0.34963407433430627	0.4458560985653354	0.5276342084731726	0.4795993480142578	1.5142217710284434	-0.7847592209390086	0.18742245261875068	-0.27001881641508074	-0.5635039875492712	-0.540542535301069	0.7466934386737193	0.2832562111176663	0.312128474087754	-0.25688463318411864	-0.18236603496032855	0.44393064698655954	-0.27634239775870434	-0.5750784172692913	-0.09820554448475136	-0.41278435966854976	0.11532985209957923	-0.10750284309344935	-0.018475122990711444	-0.20454837805849982	0.4107814926746026	0.05917904407806809	0.29807900928089365	0.13185722165667887	-0.1828413910909062	0.2967319892873739	0.014775785073575663	-0.007260589844529763	0.22465775213405506	-0.2675878795933861	0.1711187662358805	-0.05534920818727677	0.3765850474261999	0.25742516286642236
DTXSID3048655	10.988758043192945	-1.175835151176927	0.16077683046965377	-1.3304400021356961	1.3823776570992734	1.9133994618324994	4.122167109365033	-0.39692603475269533	-1.3899937164832388	2.315194017074391	0.4557176251177237	1.1347726737722637	1.0595963011650213	-0.4454312685718469	0.32250378243933897	3.9654413473836816	-0.1322627331826869	-4.465171228890008	1.028512320996693	1.3461748285815882	-3.0632036502121998	3.562893135869744	3.3167189416129585	3.035416863832652	-0.031004585903204686	-0.3378187584972601	2.1174928343912245	-0.833678976444073	2.462151789431027	0.39669733428938386	-1.5878703344235785	1.417261008748601	-2.354375107254554	0.7309567482620539	-2.5338762156435	0.8535657939317133	3.539324540820469	-0.1828704641921189	0.9773094946290315	-0.28504726935144054	-0.9384248898618339	2.248842634433771	0.5100181715413424	1.0534209390175435	0.8418834683334039	1.182928470357169	0.03533738508042395	0.3900878309571521	1.1390309224459116	-1.026237234454399	-2.2777090955337718	0.7491790576604269	0.8708967046085453	1.1045054844182882	-2.028785526105887	3.0232329673084073	-0.9776595671493948	-0.7624960354090694	-2.231922422081293	1.066732667408766	2.602174172872049	-3.527488545117803	2.3474288454815095	3.859226888414382	-1.6324597891007595	-0.060851967121994276	2.097768151156389	-2.7765788924861923	1.2231393287513093	-1.0085983804332028	0.29971530889966197	1.495486695784378	0.7043137565416335	-0.11355568392344016	-2.046970941190248	-1.3278665986298854	-0.5315839089835755	-0.6876836650713402	1.3454419681135317	2.5037128282696752	-0.4880809355284859	0.7191667266423563	0.2468661221845769	-0.9018793149618999	-0.4556609686873373	-2.311059533651841	-1.525573146782702	0.41193980157976723	-0.7879634091974338	1.2052962106797596	1.1844031448584258	2.7454198902872116	-0.6612279997328881	1.77230776963374	1.5356349673640108	-1.995242591585352	0.5605221417685394	1.1080438065607872	-0.9682431841852324	-1.2113993800210576
DTXSID1020140	-5.461458027017857	-0.7511381784647152	-1.026009993813542	4.365418233385322	1.5206159492952123	-0.20563801244179758	-1.3966046942213455	-2.016153074253639	-0.5333688777681653	-2.5403519268955157	-0.189347022903665	-1.9010471296789826	3.312596208089146	2.3317296838790393	0.11018781993034761	0.4454710985679277	-1.1061269972268837	-1.421573056713521	3.5321958934038324	2.194071510131272	0.3154973813916479	0.936406841600941	1.1903913509385506	0.19939950356028066	0.39088468702497686	-0.7718638186042772	0.362629594118273	3.4419144391736887	2.865805259311407	-1.7902208417778984	1.171330377183275	0.584998990565127	-3.5710278728467864	3.221349898253378	3.070756269589775	1.5541440456911004	6.778119334818078	-1.4192370370535414	-2.571906771503662	-1.9106167831128762	-0.698779488598275	-1.8203371870463911	0.2123291498322502	4.6174453552577575	-0.826651156032206	0.4757679897962722	-0.7880298124717292	1.3242987855702366	1.806745443580054	-1.6900736352631487	1.547826806532575	-0.2253405560291181	-2.1035490199960583	2.705441291784554	2.706389854638338	-0.7696265053811838	1.1252834605755564	-1.4728949073214401	-1.2259685829350562	-0.4134877772006442	0.4905553203713645	1.4237890753523499	0.35341701942465276	-0.9448206041231996	1.0444991198265805	-0.4607621898000395	0.34284912877055335	-0.7560594282809395	-1.5035914986787042	1.0680897211620919	-0.20767374269299757	0.14229091868419327	-0.20023355992936284	-0.14018987133257874	-0.5534180328747521	0.06836594421027334	1.72499288329667	-1.8559654136712727	-0.5340813198227699	0.8965721856667733	-1.0377518348384673	-2.0942663169066265	-0.16325160229655883	-1.0256691077354192	0.7202355628851207	0.8131064389729525	-0.5287467390443727	-0.577265126230788	0.04545752376184151	0.5341858942848925	0.5767780847227717	-0.16253270243059234	-0.6807943192323076	0.10153632648502381	-0.8956690186741728	1.0584206720078928	0.6068098759882021	-0.22631120949983272	0.9558003762404363	-0.038825744022960865
DTXSID9032589	9.870452539462699	-6.076043794585094	9.05903870711005	-3.0982923450321906	1.058022438401422	-0.6531137394700559	-0.8970765720174013	-1.0078618763984148	0.5795430352347769	-0.09886375928961418	-0.8953150079538538	-0.6864723523219283	2.694393261396496	-1.4157709749176641	-0.28411802890960025	0.6295006169975244	0.20548650130235052	1.1125113252920524	-1.3892585178438304	-0.8096230006479768	-0.6701191262354557	1.1748664567996647	-0.6183162885583499	1.1846536381291823	0.9468614554906356	-0.517101067527679	-2.151543996790322	-0.7191194500796788	-0.9617312484844929	0.9732822046817052	-0.5943082717460352	-0.5997934982271418	-0.31222314007737084	-2.0262795845317547	0.0873572019110604	1.615927586527657	1.2801274950574293	0.8563918533479282	-0.26569235248587636	-1.0289021526563011	0.07760583540304909	-0.8933889553930959	-0.013098487956234821	-0.3125445236737957	-1.2254816789940146	0.3980178735895045	0.048759194350112924	0.835676595226457	1.1759075086036244	0.49789619374310645	-0.44887262024644214	-0.4428000609043604	0.17169783849868953	-0.7189244115226561	-0.7943045563417419	-0.4516675307525459	0.03379301545873718	-0.9087244166523553	0.6849269155440991	0.2296164503218919	0.07428347053053934	-1.6135824704088892	0.41164857352280276	0.09815757192673834	0.9999819148856026	-0.04560303425643505	-0.5588934009464587	-0.38832344128045654	0.6850085404874222	0.6693214868418544	0.3145352419784774	-0.9621260632672071	0.29976685407582604	-0.8242786739483507	-0.928507494555035	-1.329926739017426	0.9223487724369367	-0.6708747028987284	-0.6431292583018089	1.4396881246887088	0.1444366179911103	-0.23675115762508359	0.8455800760560828	-0.23104179936193925	1.0569562816021623	-1.7090876236317807	1.0647876602144413	-0.2978910743962527	1.8638645359557722	-0.6533341298771057	0.25007533237813034	0.3269851080193616	-0.9615959235134759	-0.09782778364497045	-0.08424906546652915	0.7498124635554385	-0.029632733338004123	0.5493291457156254	-0.1603096974892257	0.02512138772173929
DTXSID5025607	-4.381778940653953	0.26729489657342576	0.4130746275143651	0.27438612138401436	0.5780386207791506	0.7081440749446795	0.8570358500022139	-0.12201642741511509	1.5573870802139205	0.6235198921523382	3.071029335627849	1.1807435634572285	0.6481242970683855	0.7451864331690833	0.6993151207244295	-0.7159953620559278	1.7622929708733779	-1.9314039335170134	1.218684013805656	-0.9380792630987649	-0.04910893174273948	-0.19202300423439955	1.1163459491858692	-0.799890858679899	0.6399691262732929	1.783399899137554	-0.15145300143374463	-0.5939749555200432	-0.9726233125418742	0.3777121570033141	1.1213150800496186	1.5429162611683431	-0.10843220668198203	-0.8723000617050571	0.5835076057146289	0.5448528593539895	-0.5388386397558055	0.0009622092028547529	-0.1398303243390005	-0.4475999886562426	0.1897107163085923	0.3761030822108065	0.08819221026443305	0.7351276235796214	0.16121156121293512	-0.31330563340216355	0.17658281854711036	-0.3528628258684494	-0.6440269112085226	-0.9524713934497623	0.4758540417007937	-0.6452920031588891	-1.3738300559396115	-0.5581778565409172	0.46064510375974227	-1.504434954608389	1.133378915358938	0.37974217039033464	0.8142540793826116	-0.37738902438491406	0.043164009342887485	0.4880434388582667	-0.015309499047315	2.2731245922599257	-0.43446074123937317	-0.2368661737261656	0.30096919737073163	0.3371626257912338	0.2058243490098415	-0.5428396924126577	0.04801447942125324	0.18904704528874344	0.575868401794724	0.3657157843285858	-0.23778558252600984	0.8227941329874763	0.9924445537203649	-0.5170681009134491	-0.23145126040339498	-0.15913443074476055	0.5553531893653625	-0.0759286419291806	-0.04234807622341864	-0.12718574269497895	0.2213790616575241	0.38002844394708585	0.5364913126066253	-0.34978394186434364	0.012197485001001759	-0.48061602252798746	-0.17998223059602425	-0.02607553843953963	-0.10283192936858493	0.33923609665801574	-0.46739571511615235	0.20104953135148118	0.2565369935562057	0.4870883579446607	0.0366004639475002	0.278645373849056
DTXSID1033371	-7.560664191238234	5.19832857586832	-1.5177221972660364	1.72968410027568	-0.13142230763606633	-0.7188259257857513	0.136087645389994	-0.07251142035275566	-0.8129550478397998	-0.07901570980888127	-1.1736214757328152	1.1757654719010198	0.7379724987037304	-0.1854781584335103	-0.7976680750037458	0.28146512169270016	0.5188763823801211	-0.3851632632449771	0.4102186509355561	-0.05068281411986365	-0.40363243000974414	0.7974721018794936	0.7572596761465533	-0.20079056760833205	-0.17648681967328564	0.37886646299173726	-1.0379411364227282	-0.4872261852201385	-0.44044181152224227	-0.8295951631993046	0.4362714711216011	0.01997466750361441	-0.40897223513189707	0.1480863298141052	0.3316038320635171	-0.018592965487883497	0.02428963156092436	0.5407881931135528	-0.13179944801888419	-0.7275087412128157	0.434076898589518	0.09675769586352663	-0.15209902994817748	-0.4725048460460748	0.4787572436264508	-0.07805099843296465	-1.0699049785476866	0.6052298806067352	0.4007966055895218	-0.019764471436013294	-0.4934445900824349	-0.7035234126886017	-0.6095329931013476	-0.1670489374866788	-0.020548130509486378	-0.24720571116664639	-0.2639849099543936	-0.059609782671569425	-0.47210178555144117	0.5175200193047437	-0.3435906663724497	-0.2920957288390234	-0.692758836544496	-0.11922205145165751	0.16312893001369128	0.21869286583416472	0.3307153351404096	0.06692641221108	0.6088212210180763	1.0556370677268203	0.021754621773587706	-0.4862995439075659	0.3916121064153426	-0.18318499186734152	-0.31466200383396203	0.4336211454431116	0.3066589603212185	-0.6801274137037652	-0.43135145126225566	-0.20417127119935474	0.48748911693186947	-0.4502358837625618	1.1544091938770493	-0.093001307887373	0.4184198406388834	-0.5074100041155154	-0.2331163746040851	0.06757074753242724	-0.09734941452715841	0.3129967881184574	0.26619727380018093	1.2481766470791837	0.027288281503742535	-0.2539821751567903	0.32563268628761416	0.8476295694025185	-0.4270919790646522	0.13236119673417598	-0.204735038177684	0.13777818394440422
DTXSID8041668	-4.781496031822389	0.3619611140421474	4.299112348355572	-2.467809360139782	1.6526100097414187	1.6622809712424966	-0.2746572260175068	-1.2442063072226575	-0.4628738793882349	-0.06756202706393856	-1.611670822302281	0.45025175291757535	1.898625381905675	-1.2270169971200693	-0.268321820923473	-0.8111060995053175	-1.036318352195623	0.5588528571423266	-0.915909371700392	0.8288818911107747	-0.31881531907961747	-0.06134068069564655	0.7258048479902164	-0.46604920888694623	-0.5986911934852008	0.14466669731848364	0.12554229367752218	-0.5165193186216612	0.30792532703879877	-0.8101842920649359	0.771556940036139	-0.20970312525566603	-0.41230094070136314	0.9963168878999333	0.09450164151044342	-0.18876030632550664	-0.7957550016934256	0.288384935636059	-0.4415669814816322	0.25627407858973944	-0.0377716784043257	0.2124815295423005	-0.38000754398533504	0.452188287735321	0.8691696410332646	0.6246368722635457	-0.2955257547525355	-0.18200113734625784	0.3192897295979779	-0.061792296695642686	-0.0413756918372968	0.8751953273640205	-0.4560123872515449	-0.09667615465965078	0.35853820513667817	0.7864663163371716	0.18615984658830337	1.4438614598779724	0.047281606365709584	-0.3591800198072847	0.3416050293641314	0.2921612517600819	-0.0050163624778987405	0.531691294142531	-0.040118783070439694	-0.3435005500538321	0.7542910620668776	-0.48446549481588325	0.37515172674117303	-0.7104923474668386	1.0461642693346436	-0.04304004246890558	0.07571852918725473	0.9738004276405272	-0.5594992080112577	1.087934623895086	-0.1997974593860391	-0.48053496448983085	0.12503915996070417	-0.0004306261105446482	-0.32703456244905477	-0.9283605276803513	0.2741442448191431	-0.1145779684469376	0.7187135597413615	0.29171687749596614	-0.30695863419315933	0.43614339028888593	0.3849173656303988	0.17624718079057003	0.0833144323841456	-0.4822736660417021	-0.529177608432159	0.5505361678475112	0.1887126676577902	0.634519245435997	-0.2411406291518523	0.6253811393437688	0.6430222192841507	0.27117793954722863
DTXSID2025557	-5.551660739948405	3.385591187518102	-3.293620348572327	1.828247085906338	-0.13797071752719844	0.2717868949001139	0.9117921939299296	-1.0174914096107006	1.1209039165597636	0.14037723872902158	1.5605871549525288	1.0003068874654066	1.9705493186397833	0.9462269474349378	-0.5327987554047858	-0.47428739796377534	0.6192091972680721	0.34104736856345247	-0.37224229456909314	-0.9480864686911357	-0.7793259065718458	-0.3529308692258646	-0.054419194209729446	-0.08891359755875389	0.05081101216912517	0.5407790323530385	1.0600999022849245	0.5431026505338999	-0.03670919759443678	-0.44041192187605344	0.8690278351203369	0.5565383653838648	-0.2382842610171696	0.493054077722319	0.6457271560004412	-0.012099979327901442	0.4039767191047759	-0.1788813121474497	-0.949397859134958	1.4330008565655519	0.476492433061135	0.4201258807329509	-0.20386265905413684	0.4560572001071456	0.3424049847167877	-0.4767553287327059	-0.117894548153481	-0.7246109351909688	-1.6016182540951882	-1.380220456527729	-0.7613635181562787	0.2704917498092204	0.13045101550657884	-0.8678767368414014	-0.7444757340627406	-0.8186433348072086	0.44142106694566335	-0.6608261225174688	-1.1680324224529786	-0.028080720488605968	-0.7037838014560669	0.7263437494502137	1.0442329939445079	0.7458591914636761	-0.07948827171365554	-0.37230703221891653	-0.5503748504253385	0.9194911121444357	0.28268820046578175	-0.10749073025118765	-0.551078829509976	-0.13993710142994292	0.7771608154836822	-0.012986598908242582	0.18883059585502696	0.07488698421708569	0.2421670879661052	0.5003611997059165	-0.17694277992787077	-0.4249936428332785	0.810551488417458	0.5412071375740434	0.12592693195753288	-0.42558062988331835	0.5560804371649474	-0.7253318630169935	-0.450571133136403	0.2626907767872205	0.31921774352132726	-0.7490739824209607	-0.32231278579150363	0.5687942997651786	-0.15563692409168176	-0.014669937928997115	-0.05425503745920647	0.2076257050201676	0.4861467940519338	-0.12512875649605662	-0.19701923637784333	0.28236646769430024
DTXSID90880156	5.429026255297071	-10.64842521829807	-10.29272778434355	0.8553773729062947	-2.4981762455273318	-1.2736524999016463	-11.255740533919246	-12.311971496904905	-2.4666970851917007	-4.514286655741112	-11.668021615546841	18.38966106786828	-4.928423723912944	-3.930785040373476	2.8086420129037677	-5.2111152364683395	-2.85346711601971	-8.133024265194585	-0.4872386363785671	5.066454816989458	-4.867241834909685	-0.8324313101672665	-5.048448892903235	3.091165643097132	-1.9578809343718715	8.235368308444375	2.820439644650758	3.513979258272768	-6.254690631765757	-2.840045836029083	-0.12346313628763111	-1.1771054347948107	-4.001571263378686	1.3429912558722095	-2.39586813120196	0.7356789883810239	2.830502573393193	1.2865224440150445	-2.5398825197796837	3.1381648031891642	-4.101498792854112	2.1084608767534707	0.6058510939540737	-0.7123718967091408	0.18826764261251916	0.42602090785071206	-1.0836575295314799	1.1112257074738499	1.4252203742726368	-1.836476803192219	-3.579493224224884	-1.5642850170665152	3.6694186269376003	1.2272107158434744	2.2432428956007833	-1.5222997216289114	-0.5562901513247511	3.497854989071933	-0.9285622775371997	0.1406342987951998	0.1522750006989908	-1.1928617049056192	-2.634148738410462	1.6240993617776864	-1.362734480906695	0.01207024189053577	-2.4098176924920107	1.8375766013871129	-1.6939255995046105	2.021790670314699	-0.38482522448701445	0.11671733911570933	-5.387296030182085	-2.0641493576794576	-0.7402314787606298	-2.6790513880568088	2.0785384975516226	1.2536539873606967	1.4864867405996476	0.05082765008331509	3.2628238741387365	0.7643742841902809	1.213111478381423	-2.2005593133452397	3.047637065262068	-3.173545937994674	-3.0666440316896106	4.68047078847799	0.057047897236726965	0.21298779577888194	-3.2897492024019517	6.096896866986723	2.886975918765748	1.6445432967957982	-7.822547316040468	-0.28553535684516657	-3.4996289443221023	-3.5013505030700918	4.064959468179261	-3.44384328495832
DTXSID0046228	0.3741463576753251	0.38979723020047646	1.860160988691863	0.7057866813071485	-2.4579275766767363	0.6539202818894452	-1.5175894729222483	-2.9313175020662112	-0.5850686586124755	1.3150627151306433	-0.026670188296815226	-0.287374655012422	4.499439016349918	1.1622117207240257	-2.651519559728556	1.0596744946426702	1.1010076138288014	2.621670525385466	-2.1119270287130982	-0.8505320738354302	-0.10294457194844388	-0.6118599126345461	0.09551585188194478	-0.5898043672213992	0.8946143001043824	0.735019360591035	1.3506434279185149	2.548222753586213	0.9469089373973705	0.664817054756228	0.17309554620560838	-0.1794343848314441	-0.06181904555548793	2.1578081563026905	0.6893093580630795	0.23250012051150087	0.5541557304808937	-0.2883906225795239	-0.6938054533098844	2.823409998183005	0.5597655141248409	1.6813525573782304	-0.34551591736159776	-0.4793676342058152	-0.2564969973078642	0.10379520397927787	1.2528761795149443	-0.4393186876854886	-2.7496744627508907	-3.041549997877895	-1.2560080506176792	2.0585635315970223	1.6265419455408159	-0.2812902300159722	-1.0812485944941894	0.4906428150500412	1.698517255428305	0.5145447387490508	-0.8877328537781844	-0.04282771440784693	-0.13215845497780654	1.9477648353144361	0.6593860899625967	0.6678715600334789	-0.7212424010505855	-0.3257808164283698	-0.10623387899311994	0.726763463891789	0.33978384179625815	-1.104006911664201	0.21835452374899395	0.03396088226560108	-0.10779414434698913	-0.16043353024395746	0.25898253404645716	-0.11440728422665807	0.3668307388259545	-0.2599420371306466	1.053524482555084	-0.47839147015617095	0.3256415339176829	-0.044828719353964416	0.6117730175911322	-0.5789282084297075	0.2675407084092171	-0.5059835751178492	-0.5367879806221793	0.5082238862755575	1.1578235444367968	-0.26541280221038066	0.4211737397415491	-0.13394872381816111	-0.3476319366031825	-0.13173567101058653	-0.313649563402444	-0.5017180869745447	-0.19824383562565046	0.3120664468081556	0.35527341061418716	0.252971330304743
DTXSID0037522	6.246469309201386	-2.0421536505348734	-5.120544475768867	-1.8246366343406246	-1.3635310140194903	1.9986626888475252	0.5783381374333944	-2.112761162551245	-0.8036796299747492	1.9572196051259376	0.19530636150899713	-2.8613272875786984	-1.2861941313560206	0.5461084191926996	-1.909139547260194	-1.2282058748599138	-0.4113159617570659	-0.3896785482157511	-2.5885961790773226	-1.0477190157649363	-0.27000067309413767	-1.8843429536535732	0.11941537879001576	-0.46507048648031174	0.21855686669087376	-3.2713008839814397	-0.813464529650101	-1.005517805357383	1.3057379318351383	0.1041135346398074	1.467945234449736	-1.1470661969045137	-0.43978853169438875	-1.2012719970954315	1.0867071847863525	-0.2630876013413547	1.3517195847864758	0.7441904862661973	-1.3853702995496102	-0.47963143409449344	-0.026435782084293723	1.047063120385287	1.2149481447691268	-0.05717487460888446	-0.491221190907766	-0.08341560064487633	-0.5120621954113576	0.36933238429819315	1.1654876235638816	-0.583876441778783	0.582930664018214	-2.0489259860484905	1.3461929413287843	-0.8270860345845468	-0.40624619929850486	1.5432668290272595	-0.43403809768215085	0.8248045307608286	1.510785959432195	0.4091646991149814	1.3427839774834822	0.6800168891975437	-0.3391162560690537	0.5755963263619603	-1.1309117399909743	-0.490459991302062	-0.29148415022503177	0.730421754644419	-0.016116651255085213	0.7212379332574717	0.3888119979462437	-0.13336883673519456	0.3201702570113155	-0.6667014056866667	-0.02258833055502326	-0.19951700715508391	0.7211775793925235	-0.22869000738692594	-0.356340303709854	-1.24776204488347	0.7489571607538139	-0.06943905366242195	-0.5263543166252728	0.36915141486947595	-0.32327643621568336	-0.976891028259463	0.6238357639618334	-0.2807938513391312	0.39770257473079484	-0.10895125511152463	0.32130130131000206	-0.7246291945945736	0.32148537876582745	0.6834595021930291	-0.7967855022906314	-0.049584215945045154	0.06574792775525413	-0.11370965775480793	-0.13943810289451986	-0.24663828247579095
DTXSID3046742	1.1224229413405702	-0.18701719478818477	-3.79546829821056	5.640175902419267	1.5753927439809816	-0.3235654657667627	-4.249677661574272	0.3556141059930109	-0.2690249464475319	-3.86621173134008	-0.7875722714958007	-3.0103196481094607	2.912118179437193	4.668297620918415	-0.25082611670973315	-5.025153385211598	-3.814432762279516	-3.2378356445137664	4.4434765115502595	2.9470378239020296	-0.36424996294396883	0.9025911285311736	1.2635356078095537	-1.0569858377975678	0.2801319172586267	-2.73081498515328	-0.38856728312740335	1.9754917663445004	0.17423696149196038	-5.131853546067329	-5.402568944030098	0.3741455898848342	-2.668637374984198	-4.05078011749217	4.027254930779543	0.9378146035962033	-2.4090916440019616	1.140083727506279	-1.1630212521627714	-0.5094134018315659	-1.210946970749534	-1.0954906812007068	1.1719163936904708	-3.7757613838832977	-5.305336491650339	-0.11788815769084	4.239973775059983	0.5671555216397685	0.4423387300662554	-2.1336495786885283	-6.18154354479407	0.30231252505285694	-3.2763767346010377	0.6157971886457962	-2.3437112109568354	2.34372781741606	0.6093986207293005	0.8907086190759828	-1.265566494319653	0.32137464492893686	1.512854150754196	-0.48547018997434754	-1.4840927211169799	-1.1608834748879835	0.08644005836984847	0.22556986743420823	2.4503066052998665	3.8582763551492314	0.15551679624873638	-0.017377967279460563	-2.850633410885393	1.226869233696631	1.0390212593430401	1.9830477253993377	-1.7583935859810325	-0.36988807103702603	-1.238467241919782	0.5825433592980397	1.138173149761437	-0.11073567104572926	-2.2166507696006357	1.0913640086123368	1.4336896684562153	-1.1944475396977108	0.9593199018162183	-0.4078480454867962	-0.33091967503703734	-0.31078474553836716	-1.7736549196336941	0.13119160969155907	0.12132421918923152	-0.9474823283567029	-0.12847207505969524	0.4349283215848438	0.2503941420344714	1.19748651117665	-0.9545042173467632	0.6163355708667989	-0.6064685884242904	-0.853876166028179
DTXSID1027550	-7.120917208534304	0.32008412192934693	-5.623596111093898	4.465000162598433	2.286361037339851	-0.748789088291703	-2.238410421840491	-0.6443584918612629	-0.7369320852032856	-2.079303776640775	-0.4787528258573614	-1.3656801898173532	3.0189227539470975	3.76344812952102	0.9728787573211448	-0.7321955133512185	-1.3826192783810098	-2.2502946436221656	3.6217433736111455	1.7821555627145607	-0.3311299247328762	0.39561431529789726	-0.056228061808599364	-0.454486048063383	0.7354102407414539	-0.5922724149872078	1.1532309951463355	-0.5287604108879138	0.7265878809656349	-1.8658134337350474	2.728167781357175	0.3847915690876191	-1.8997742337748391	-0.8427112818031709	-0.268429800614582	1.5164223162295896	0.5012044332504886	1.2078825291182091	-0.29543562782875554	-1.3070505617572055	0.3338384071814678	1.1360006145474018	-0.047975656504626825	0.4378825851792238	0.5930354766506245	-0.7677109114968909	1.2278288776275665	-0.6730021731843466	-0.26193019336576173	0.23419415531325946	-0.9101003747098779	-0.4222579853704615	-0.7100566882033637	-0.10512362568233898	-0.8322329274958399	1.5005651521008307	0.620828900232311	-1.4151793405411168	-1.3081504294722057	-0.10050916789462942	0.8434388394391272	0.1123768231538763	-0.19737202453528868	0.02174130861948874	0.33099857390013737	-0.6266243669650985	-0.8390412388991596	-0.29472982885830834	-0.290006781547432	0.8101284545830539	0.0189187559839144	-0.5170986028600194	0.16101977271359252	-0.526447052260822	-0.16449081454295847	-0.46750905485466077	2.0182405730060404	-1.2494465966496187	-0.6737351250097116	0.553102982596427	-0.9835755718689446	-0.997960379483754	0.3439221805949254	-0.775698548359552	0.4846329013721521	0.016177153815964365	-0.9357314553065018	-0.4847523279603346	-0.34257334716159665	0.7151199951371471	0.8149247218307037	0.24797793189672937	0.1933361021810705	0.1354515092984357	-0.23804206525124033	1.1563216426690623	-0.27531196322317303	-0.5158312980966329	1.0846236682669108	0.39645991171283773
DTXSID4046575	3.3024077211816243	0.8505287816262894	-5.432919521190511	3.344975810305714	-1.8391501029895518	-4.164570655199923	0.592335502201425	1.4470296277980623	-3.394593162462486	2.090893943102176	-1.6066836863938094	2.6547942933722997	0.3109792091008497	1.124723971008263	-2.6237124792959547	1.8803813762451473	0.3687723025024455	-3.2223814312116237	0.3206470883937231	-0.45771536833243154	-3.7679112008111835	3.7443258148242866	2.2574272404998346	0.5102522868078769	-1.8788684633162784	2.4482795159161985	-3.3089014109441086	-3.9548218708796576	-2.5019454227400866	0.12303996727787388	1.6729362233422642	-2.882426020768952	-1.031813420361382	-0.9189997179347217	0.17714151881840895	0.5412868304154905	0.8117826680756582	0.5290192231441155	0.6889432227509387	-0.8139880772323177	0.18819041947227025	1.4298691020537644	-0.10145100231039338	-0.8139313067480277	0.155601791577207	0.8694689486222491	-3.1110329186293555	0.6115563081685376	2.736951064769026	-0.9467671360660811	-1.976750938837099	-0.1875249141934475	-1.6823252176124914	0.014607945481366904	0.38497907950115345	-1.954271777389252	-2.312320718863524	-0.47014276245106623	0.4183600520441501	0.6277217956566004	0.11429018637757034	0.39460233720887405	-0.025656215798332393	-1.9245987444382495	0.7387694885089886	1.5933128776618368	1.5773981903653254	-0.5465043615320627	3.597104984198431	-2.58848600355944	1.8637583830007742	-0.6122943218875379	1.8691028796388036	-1.4252261702321343	-2.8304680790009518	-1.4448167765285864	-0.7299307937525193	-0.10957403672576378	0.5939960858682185	0.09067089338157908	-0.7382560182158765	-1.2435022329472094	-2.0156428745335124	-0.5660428335491751	-1.2001891474381357	-0.33448777174112043	-2.008465380774592	1.8882157524957004	-0.5337559848171962	-0.7913025859225989	0.9813117488796085	1.754307594883926	-0.3680941477380879	0.10872973006295153	0.41640734797100615	1.5159980352302305	0.10221760575713537	0.41956334419612884	0.3750383869145143	-0.09346939675737491
DTXSID3037626	-2.4728332018085037	-1.5833040153029303	1.7177436117362683	-1.8439986465745855	-1.1360809478202536	0.24274486301175277	-1.62017726985184	-1.8718809019766274	-1.6295365994618887	2.2037591001699828	-0.09870540619746775	-0.8038276739180283	1.7110453470583884	0.9911083153733843	-1.7098830839845462	0.6543555724215999	0.6105452369710193	1.7477348713443084	-0.47695349466349957	-0.1930199383318428	0.677325165812678	-0.3342873532906714	0.45845375197255755	0.15821968881450543	-0.17792668929705024	0.5829522630706008	0.48774412948169643	1.929922687360405	0.8579981206367799	0.7401487751923277	0.5277192845617177	-0.06354442141786683	0.15514974086862643	1.8393123728455438	0.8021404157931529	0.2167005259554072	0.04484885427830657	-0.21862083684100542	0.0014380291393480014	0.7706532845033124	0.4208119220897248	1.306945655145767	-0.5000513348551398	-0.5673642706495736	0.4726131466503514	0.7156563894686353	0.8970663192529629	-0.1562025331327982	-0.7947760667321913	-0.7507472095140264	-0.24508588241223309	1.268556087005444	1.238337297930229	-0.33233193157486784	-0.38675301149395286	0.6671809791327679	0.2030439933101607	1.3960632676464697	-0.27207620915406916	-0.39150764961817497	0.4497689953969924	-0.04650686528000392	-1.0893123217859295	0.4458377432292186	0.1596592887565398	-0.19628435446090695	0.559134009547018	-0.10135533718407859	0.22741859693146202	-0.12267270578424753	-0.8355662685163149	0.3898374891768225	0.2944043364642338	0.328183046854346	-1.3620278387172475	0.15547807156903576	0.12396659443326973	-0.1805638722006355	-0.17920943202197961	0.2694497334007723	0.37543166023297897	0.23543462600184242	-0.01127647769010564	-0.6764244707120405	-0.6529928177000649	-0.23674541005929758	0.3660451571127877	-0.40021379403901847	-0.2672275123826899	-0.37296883589304947	-0.21841598295385348	0.5481017356521645	0.16134358471975851	0.26661303715744133	-0.7852218290080144	0.5272408417083507	0.4955660214643079	-0.2764479256747706	-0.3196693788957463	0.32322151786500347
DTXSID8044832	-3.1202540712936577	2.4545275531723014	-1.6342440571576924	-0.6960878648196599	3.0596793343297004	0.9638295856179011	0.8208960039447181	-0.22273594872471889	1.2669179239235056	0.13552353750990592	1.5604095167368668	1.405407366129411	0.5123734709561494	0.8340979494558591	0.8186108297239351	-0.7682457072905765	0.8800222805000085	-0.6760744283358258	0.9549533771042139	-0.2964077272254156	-0.10549845222847047	-0.11509683218445646	0.34485554146632824	-0.37414689007140833	0.06393165574466807	1.702158007580349	0.3616169914379711	0.2066884450485427	-0.824918635252302	0.9737440453283316	1.2463646381890985	1.7271516022485285	-0.09518342583449098	-0.6714130882137501	0.7510364298067442	-0.15853574942109147	-1.0028438964326765	-1.1149603393944076	-0.1669848607750816	0.0027368596644744845	0.04799797812676867	0.013547516279862611	-0.013548907438825262	1.3227459263270263	0.5483719338504287	-0.3163571127432451	0.002447361497612435	-0.11848164420105793	-0.8287850319950205	-0.32394756466631663	0.7528460339751082	-0.3620725778331789	-0.5890908543972988	-1.2421406046331498	0.9474445598046871	-2.2257428976845293	-0.007012845361435747	0.7842837958901996	0.899651039421882	-0.04966715763562001	0.2047250964334772	-0.30851339807501293	-0.2533493738305764	1.6473991759949627	-0.26312839338844685	-0.5524267351424141	0.2776555226185136	0.7413240718528463	0.1568454263480788	0.02060987443218622	-0.11150913331145577	-0.10333403718337082	1.0884527969454938	0.8847694425487164	-0.6964707724528049	0.45395205411362016	0.35903940179300076	0.38671357797971606	0.22300694410130434	-0.47147959078165613	1.1013512643796515	0.5967508321788274	-0.5039611969520168	-0.678513275319699	0.6189529967885546	-0.41983296763543726	-0.4728746264043699	0.6324626201302882	0.12111209025216985	-1.2525578446280097	-0.8026418019425454	0.8968771501796629	-0.3356260250231401	0.6643316790021706	-0.5294568700951682	-0.0063843911351658495	0.4628207898952672	-0.3544071816513158	0.30991162221954877	0.21697466985628747
DTXSID7021104	-7.57212750130898	0.010075303320726908	-4.752272668112018	-2.624668312380716	-0.6581815425693719	-2.3820549208648294	-3.90620634539227	-1.4239782454151293	-4.248644271862593	3.5465647798145308	-2.2456032500635055	1.4699435789862907	-1.023680926747706	2.020108181759446	-0.6695656231674714	-0.9772686639738257	0.6359118894824733	-0.8011630557749045	-0.49075647646763	0.29317008932220445	-0.14387494712969118	-1.7774394255244312	-1.575524230168746	0.44618011960287385	-0.16997267077397	1.3571397334793243	-1.0813776492828922	-2.0964120427198827	-1.1109407971403589	-1.2079284627445332	2.188390582306575	0.5930583110686005	-0.9720089119171741	0.35893062323434116	-0.5243657228901895	0.9413049734307031	1.218210237937719	0.3097977532044471	0.1960375925400895	0.07323946526762497	-1.0551247749406634	1.897568635157492	0.2552974526888805	-0.5793177286871745	-0.3709145524542043	-0.033450484153057694	0.7296160877050427	-0.27940990070595445	-0.6571095484725731	-0.8931491166712663	0.5848060786947652	-0.3628499791488352	-1.2116758519054167	0.8224288805787139	0.23688806577560673	0.45985150746055353	-1.0231766393075115	-0.8304435222705425	-0.16498564423308779	-0.9195195996896628	0.8553004727760307	0.33197814301141465	-0.7141944362125671	0.08324683090708772	-0.06295148471796212	-0.5083967658684437	-0.2195713209615119	1.3975719989581536	0.8504294428113409	-0.2558367046219592	0.6922293275420818	-1.1211849285597226	1.4434231976810208	-0.6540575420884185	-1.0421973713980957	-0.24800316570060812	-1.3172392234392993	-0.3602496063682117	0.33756806890171115	-0.49566006917572974	-0.5047255742236239	-0.7397050211684786	0.1141978382098386	0.9269749124638589	-1.0437028270798572	-0.11493572368053592	-0.9473515483283337	0.6494862849626053	-0.08552297775142548	-0.8243055340065797	0.3195843928915733	0.9855023693052808	-0.7079094811884307	-0.31611596131435055	-0.3040726770027883	0.4020578983026526	0.6253187206176243	-0.0867779342140006	0.3531232047235703	-0.1168651116270795
DTXSID1027186	-8.13056754302219	2.062029942061968	-4.436194179699724	1.4872995959314272	-1.3202412947242126	-0.25677016965189053	0.5967635245733822	-1.363028093743436	0.4035206762567644	0.208708717438408	1.047247843147675	0.4397490975572033	1.3743221572684625	1.0708203842583388	0.28058913493525217	-1.1222893480049394	-0.1893673755679688	-0.27624135537478434	1.3304064920613594	0.32648146028118047	-0.21897648542889508	0.8544638282194157	-0.11010422877248753	0.3264284947638758	0.1966170652162774	0.3398899634374889	0.18779584887209397	-0.05347882414771012	-0.31223219669263014	0.33933077056395017	0.4103641289319008	0.10802404967313439	0.42712954525480834	0.3190098366863564	-0.2746033003024861	-0.09282528841147301	0.28154962640547726	0.4744579652121599	0.14303607211024383	-0.156848586683638	0.08617309885234464	-0.2578317708231448	-0.1727726680215195	-0.0480876184058366	0.4621293980125903	-0.1986199962869464	-0.22298619722719568	-0.10361354891238092	0.2274589444625914	-0.5254431911940673	-0.06400518489410113	-0.16870666191932876	0.1752277501091041	-0.13376956107983992	-0.45985363319676775	-0.1458272443829667	-0.2620665124404398	-0.8465646215665055	-0.20781677754800532	0.41093199289600796	0.022268640318466884	0.08217602895662456	-0.14628532528254048	-0.028596937367172053	0.20620377247661617	-0.5866022127345711	-0.6923578251340153	-0.2849955339149004	0.40258274169398395	0.4237158756831164	-0.6871372814258323	-0.18959906911095084	0.543885741496333	-0.02184032831138805	0.13368464712827013	-0.4115168936078974	-0.5311411914224549	0.2829815650603456	-0.31216360373460483	0.002528038258931784	-0.21942235114236444	0.09354630316549004	0.04414197455932695	0.13254495277194356	-0.13569746163383006	-0.4057032174336874	0.1308981183364873	-0.24703164015969173	-0.167088577088244	0.2328226727372218	-0.26231102274504614	0.299726022238728	-0.3913806408401378	-0.26268985267776523	0.4622844010990989	0.25266973505889045	-0.11890030329677845	-0.13717192358942115	-0.1723279238293234	0.27314619325533845
DTXSID7046700	11.10341319252106	14.279007736721695	4.118392314358171	-3.889754211790038	0.8393121465498642	0.011313498362276485	-2.899173499296562	2.2606920841001767	-0.5733096187776756	0.42010331839291837	-1.5847018929968955	0.19581782356109462	-3.4238376745856227	-0.8704064538842098	1.7184306456289538	-0.1673139420637182	0.6624835144961031	-0.8388758704434586	0.3303057169531912	0.5688688367292634	1.8577687500387938	-0.38748970229345575	0.42537868599664796	0.5762364179975537	-1.9931169725307787	-0.2849781938595521	-1.2853764233677691	-0.17727755551811344	0.06611224209454503	-0.7566132884353772	-0.7768671780684322	-0.5364500994951338	0.3097987305974338	-0.5679140081593574	0.7508183846842822	-0.08583016574260631	-0.16315654029169266	-0.2861223214561833	0.888412017051943	0.001535883778077549	0.3892946297783054	-0.442719692650914	-0.6363857319433897	0.7444942102018448	0.4598625406529038	-1.1568023959775369	-1.762877362127226	0.7669685280270587	1.1231791127070347	2.351533573018233	-0.2968132129609128	-0.4951579662220666	-0.7137372423468442	0.18711738552844936	0.42174879860723286	0.0986819868585198	0.8722187461190093	-1.5220599353246642	0.5793604566545585	-0.02141944468581521	-0.6805331548300932	-0.5007446297555751	-1.9300065511602682	-0.12021132964234882	0.043654441468924776	-0.5498187158808363	-0.33796023766910765	0.8659512695309758	-0.5161164546089869	0.005518938759376496	-1.129009021738311	0.12043251908558997	0.8521384051168188	0.7194287261130641	0.3712226312796406	0.5793109881032301	1.4511083106814644	-0.13743643530809607	0.5619989643761113	-0.6611526304245299	-0.5428308062835148	-0.26142950486385597	-0.3014478767924422	-0.07438814327696898	-1.277374185073612	-0.397876571426352	1.410498232419404	-0.8817969632743614	0.32831383567898487	0.6528734713892997	0.2740932411394369	-0.2599022708384092	0.021067863001894206	-1.0407955301285552	-0.48442798660151654	0.4526943217884577	0.7763649153155422	0.3340186360743589	-0.26278494115612705	-0.5943579792688309
DTXSID1047819	7.074780577695508	-3.7568379482522256	-3.070239031312329	-1.9446742643655668	-4.03764797004944	-1.714829485376597	-1.8305078355693833	-0.19180238626348642	-2.610457084624864	-2.1000080031663577	-3.8890407821764397	4.198152404140334	-2.1420211261936766	-2.9058017571669477	1.3776563075945785	0.5543802807635463	-1.137727878087261	-4.565432426781638	0.7064247328030884	1.620272462551754	-2.9469954105004943	0.912021217879605	-1.913249179222719	0.7048600972175162	0.3373930857801671	5.540932002381062	1.354980736385677	0.5733513345300145	-2.8502098311607424	-1.5120434222749468	-0.09195815437294044	0.6259606716424735	0.2570317394063337	-0.7710906132747206	-1.6549564973640885	1.1825241019794743	3.2192288924144834	1.214277087366571	-1.0436859499653153	0.2919003892589956	0.30332500233876225	1.4729677428084362	-2.2441120438636033	1.9980930916591015	-0.10585995243102438	3.182677625308064	-0.909912589514	2.9809077206466847	2.112458868446196	0.9527567447789639	-3.500946748977996	-1.1692109647454298	-0.8507904213846185	-3.1924732936062408	-1.9717890597276282	0.8981754336148007	-2.0462592464884435	0.23841345069071443	-1.2346251821226926	2.4140268434832435	-0.2060512693923383	1.906541360134977	2.3497927167017916	2.4417142118396717	1.6664243083230699	0.5469208283822227	-1.6935508125986733	-0.3019534348241311	-1.9998101152146581	0.7647447711841716	-0.3340048631886973	-0.7474546646240522	-0.2967858358167196	-0.16987630872395973	-2.151173724871998	0.08006806133394925	-1.8374615918407462	-0.6241498163910318	1.0217999684969792	0.8155915010041419	-0.0014892130325180359	0.6504403447407477	0.8998818683925082	-1.18130271144935	-0.2216226501561056	-0.7838311679066066	-0.7926209764629999	0.10914088686273676	-1.1430798983374828	-0.47651513255383054	1.153959771396571	-0.18166535219240354	1.1226416222061286	-0.9175302268919687	0.5607847434392637	-0.8695702401179103	0.9470619476964891	0.030446017097045176	-0.644361621304533	0.014384561882010222
DTXSID7049340	-0.3938162678303764	-1.6162219778083966	8.855987067250249	-3.7123197935983776	0.7607637970385841	1.5440459556596662	-0.42438003626125514	-1.4884294561765714	-0.775704766095692	1.3618353053941876	-3.7919932817325686	-1.0170497982017872	4.319774595505925	-2.426465757526684	0.27552037452234496	-2.8069832413255305	-0.5640315298915487	-0.6697870823784908	-1.2941349631975592	1.7732414649704928	0.5895606554574357	-0.3285691853190885	1.8374533336952013	-1.724799339985688	1.0142800507349121	-0.18571270985199406	0.14917328733572882	0.19743524357054426	-0.053761761732490976	-0.6542122197454521	0.4953649425584197	-1.943597857337446	1.3429064723567201	-1.2958769324221422	-1.424777748064453	1.0748249049409488	0.6120864193460948	-1.255534476533228	0.7356806309447371	-0.36177533608395207	-0.21066131242394706	-1.6483805194671701	-0.27033906144629805	0.1521443280089932	-0.30883906084736046	-0.38789879799464083	-0.08210213934868425	-0.8472906045228288	1.249184279954839	0.4501368023646305	0.14320714286588385	1.3339731092151739	0.4412939796075547	-0.18910426597400273	-0.2069452684602294	-0.15018172301095895	-0.1811636572406326	-1.1618461813024437	1.4367348078464486	0.16655354791850036	-0.05319224933891586	0.603661717397459	0.4646937768221346	0.24889952676716132	-0.15322276106662042	-0.8218272223090656	0.15188432509680816	0.4065505043601256	-0.18027832962189105	0.48896302375508843	-0.1046990035388226	-0.10284712237205322	0.15788507001532467	-0.0842865240885139	0.45517432511762057	-0.31592822064712783	0.10430918825871513	0.09571226015725891	0.19189068472853082	-0.4188822252086318	0.7070162682527561	-0.3550203569728176	-0.3142042822052141	0.12802972012551536	0.07765725844854374	-0.5122204809544069	-0.42689477744586646	-0.905307835823554	-0.8081791970124578	-0.8334075937799692	0.18749812653582873	0.8203773373226174	0.7216950822368402	-0.7903276694857274	0.4140603527831452	-0.04816915943174273	0.1372908990363062	-0.4171904293162857	-0.9153775837576218	-0.1446252721075739
DTXSID7044346	488351528920.59296	-165560262729.98993	-43094870462.60907	729166421839.7942	190683221012.6977	-173702868976.6056	1329148836061.34	243661904943.30264	-321698512720.5624	1553096042045.204	-506478537897.8233	1339317728471.7175	320295486344.94495	-114929169887.2215	414665997324.3219	-686665392490.656	-436944431995.68256	719293679071.8219	891149724789.04	241659551181.90466	680130580948.9297	-333352167577.3154	-448885605989.4817	111829078445.41753	-260800082517.08023	-446690319115.22974	-220741336607.19934	230525380794.14578	54146738118.65732	196184012693.4899	64026996371.1701	308222274231.25775	-44488919414.62784	184999563494.56003	27275832045.288235	380251217558.8985	-102996867953.68866	265795275225.8793	-218289880246.76498	74917182771.86272	-19830937351.53967	46456962733.267075	-94866275784.0474	-78945770232.45789	-31457573295.981213	-25813305470.298763	50098962772.7668	-182508121484.7066	-24993864584.80365	121737737014.28876	-16961623278.071314	-302972596411.6262	-266571372929.8709	-40682912411.51912	-64947584223.96065	-104270210417.42595	380016854459.1226	60889899632.76897	-561698749526.9541	-203697442135.36407	407156834935.18243	-390529052496.70105	216122748939.30447	47414880473.444954	-331382801551.4874	-1062582669240.5923	-93852787233.22675	-422654969627.17773	-339656644579.7262	126258555114.82664	-374211210304.06256	-636444793650.4298	-121254665207.46478	-158566130933.16388	159647246132.35663	226092981420.43762	-656889496658.7556	55582287105.443275	40763213475.89052	-642831783874.818	675990354753.7684	-599762584044.3341	852019298868.5276	-1051415637826.4904	-820117033494.381	843427595635.4937	-260833008000.8949	-374283409187.7683	-100540436803.27519	-250870305693.12494	88586337153.40877	-688777446425.1135	241327286092.14172	-204152064400.53177	28355572975.460823	1498526975119.05	-146502374857.42285	-49254078850.12624	166807930252.14493	661353957083.6838
DTXSID1027926	-0.36211431469566474	1.5612885569206356	0.5702839414075375	-1.6365603432219546	6.9005903255384755	-0.4598971701975871	-0.29354029463557046	-2.6853608353392433	-0.5936724182650341	-0.6725341439405246	-0.30992569272844916	0.8464751619278708	-1.4495914783259862	-2.2343714838938245	0.9367077632175258	1.8835790459896522	1.1944908646099093	1.0234534420049732	2.313760204264238	-0.06091757415578905	1.2424794217730812	0.8831329360920209	-0.7116074753650792	0.8515638435540033	0.30355985024663384	-0.5984575289802091	-1.8975897197831455	2.55340426158159	0.03188605293070584	-1.0469665836616415	-2.004912148610188	-1.311218536443766	-0.9562878692783066	-1.6784090727027448	1.9374630125640866	0.7772051925352366	-0.9689327947252406	-0.7265705667424034	-0.5412683361025683	-0.44385309364672504	0.18086663421363813	0.35774628882029663	-0.6349481423608602	0.3331681887777934	-1.8472916177612693	-0.21273951046053388	2.8052823522037147	1.3655388632026795	-1.0728416457756127	0.001267785565185857	-1.7145430469331067	1.7360815542254573	0.2192667413422386	-0.31576024044366946	-0.6508400082364807	1.3231199967231737	-0.3984487831393448	0.8162700830297627	-0.030323752191458143	0.16686456806255487	0.10101102978378859	0.7435543201855167	-0.11507802253895202	-0.9739028423993312	-0.24062361581803385	0.4220873638493048	-1.7431374664826285	-0.8846814109931502	-1.7620781095047504	-0.09279572373141054	-0.18961455246232786	-0.12385460150105337	-0.20313945104752817	-0.3384393437577582	-0.42779947846856736	0.4139145507503176	1.2650702817523418	0.5849181465854134	1.041145159595729	0.4808595201432209	1.3732855452004453	-0.18396111990477762	-2.1143648568630233	0.48245932284272613	-0.5640220633382739	1.627091113462347	-0.39156500132032823	-0.9212202957428502	1.9066840767257613	-0.4212954982779867	-1.6255270889824298	1.1172086539505326	0.0820120165660579	-0.4003221523212404	-0.12827160747069322	-0.21161934286496253	-1.4635496967188781	-0.8416131863680274	-0.9686646425852998	0.15085095618024963
DTXSID9057717	-2.218453658015922	-0.8228580599223041	0.13538373526919492	6.0888039892117245	1.4140608342297323	-3.1690771025040068	0.940311718644688	0.8731239160247921	-2.1898939952184664	-0.15333622065451627	0.3457765762668455	-0.031899765593580084	0.2748130630716175	0.029652703040879573	0.2185784847609459	0.11466933721500765	1.3814609912727944	-0.719488162943572	-0.5703202589182956	-2.127824770771464	-0.48726079507783127	-0.02711747905755312	-0.2842993464928596	1.6273004673023799	-0.4802472908956173	0.8193730710727178	-0.03558287251994244	-2.2621606233993745	-1.0331740767436173	0.8352263196094195	0.1920202296722803	0.42983005661226514	0.7616053937478043	-0.32052560623681636	-0.5564568081221697	-1.304659081604176	0.009123411620792004	-0.09662217229544418	1.9010406820646801	-1.0119597704267855	0.29294281060732924	-0.49709448351576924	-0.057671941846370985	-0.4566722889401669	0.7673983913813109	0.503158192693272	0.33118702122807625	1.669542113549619	-0.2710514945931726	-0.985099521189691	1.2587403249182114	-0.8980406337722365	-0.3367332374507429	2.3907446679475006	-2.1516490920429896	-0.31276223097402844	-1.0613503231848682	0.42484984681793486	1.6584288475923157	-0.7375087709534915	-0.6530277146181279	1.2883059249073054	-0.7209112014858818	-0.1689998566933086	0.9568360656266386	0.40223113940219973	-0.7994986798525424	-0.2455826390536991	-1.3694638373896553	1.2405813411227842	-0.16855440920967907	0.40656211199748155	-0.2998633030031643	-0.3861108157415125	-1.6548244685235538	1.0561683558513673	0.8234738058217544	-1.3197537367836059	0.4907422652395727	0.6087480667175221	0.4692691197495395	0.8130886478614163	0.2456395318108466	0.09325329859023397	-0.19767295484849298	-0.18460521689626028	0.07763563544332301	0.859036920536976	0.17614965472710367	0.23727536199584248	1.2519536838327168	-0.43573587559173915	0.6604445878668389	-0.6108141590537851	0.20335477564235568	0.21525974667605666	-0.04002683105891862	-0.35182222913679634	-0.1359846157344135	0.32129196388585374
DTXSID7047196	-5.156711900729831	3.107561590776791	-1.497461495326984	-0.7129225767207024	-2.2694865105021624	-1.37920214579438	2.92597974796934	1.206806939988138	1.3450323486370102	-1.527828453687224	-0.7061201525104689	0.006298589401341309	1.2647126501510142	-0.1568795180511647	-0.3456956408106731	-0.4007291419812004	0.09729578522658863	0.5271213522328158	1.3035812015701829	0.6289008953423386	-0.18212466131323085	0.28650754545268736	-0.19368102132553852	-0.7368401211061039	0.12639893453715345	-0.2505942304293401	0.5458525165218994	-0.3490511277613968	-0.021562004787778404	-0.7169763974809266	0.3071990744324783	0.33333491065545473	0.03171465950518797	0.17094276820417417	-0.40248509221484347	0.12509861537461034	0.045760029467902585	0.2318031900017799	-0.5732721199016854	0.30274684139681995	-0.9076551410799346	-0.3428480386200642	-0.1956119756127005	0.5945505885109486	0.09363745100960548	0.2282689973324485	-0.23013910821274483	0.12923484143487873	-0.46344541308861953	-0.7597672916947693	-0.005968332983265986	0.3150654983915445	0.8745219024194201	-0.511426064135423	-0.31153508070901126	1.1113211371889278	-0.43018112945079884	0.16878708681461	0.695124183748241	0.25100417646774165	-0.12616084383076975	-0.31922056535607785	-0.6805974652547737	0.4022638410437631	0.06419598862406746	-0.8109289750870029	0.5274860143923192	-0.128290963911837	-0.3276273190767545	0.9438068601743987	0.23834485061368493	-0.36521687249034	-0.38987333111330347	-0.33037288533392745	-0.7726616645991614	-0.2185675628904062	0.04885906250517494	-0.12035794155890867	-0.2967178885177608	-0.3683253178273919	0.6059127149367084	-0.10541892308504477	0.40051671314650317	0.44306918172585535	1.0924996735686197	0.9487942337423404	1.1788566192034688	-0.1732824886738022	1.098980058433521	0.2167857664216152	0.017364629848646312	0.23820788335060175	-1.087225695408459	-0.2034909821038193	-0.1920097528453574	-0.33232351560928214	-0.2797839163461944	-0.27072773788402765	0.12213767857803401	0.02874570752849117
DTXSID2027412	0.6602933805867973	0.276221583230818	-5.332708709841871	0.32533888584418663	6.850850613894726	0.16894579712532237	0.5976366229506052	1.117538498866301	1.4252831701694952	0.899796623118676	2.391638663284826	2.5294477921413314	-0.7682279989912658	0.6978059409411208	-1.0332952428399478	0.7625342564820833	2.0678735496569436	-1.4468296356896266	-1.4621930156099952	-1.0640286538263588	-1.0255335106398098	1.509721358581263	2.5347824606682012	-0.0306503938401215	-0.04004841274233833	0.8088004605700905	-0.02019318601686619	-0.4444268522383189	-0.8037538803037656	0.7178535667099805	2.57888289714344	-0.552132223906816	0.9094417043958214	2.4059904054628483	0.24213616009804959	-0.3137577728739213	0.4012470925094815	1.3487813444354397	-0.8132277338982867	-1.3918338913058717	0.8293050035297184	-0.3400898697536497	-0.019095113937391005	-1.5786226457165289	1.501679709282539	0.3497407843598589	-2.0548951215911866	1.0818088340877619	0.981893099629262	-1.0686134058337677	-1.0882290364537186	-2.020754887290344	-0.913002175966894	-2.553203548570767	-1.3904909748545335	0.6059879795185622	0.47546569645351455	0.5726666726432813	1.7328302548977033	0.10129809567193417	0.6930510775581329	-0.4618781286432777	0.956122364696872	-1.498805080656653	1.4980664187678019	0.6605646914863929	2.4210508603550434	0.15809411633668388	-0.9627521212601629	0.9461112872878004	-1.0961737456342164	-0.12076697873042957	-0.6277809928624064	-0.18247552322268557	1.0978901856775303	0.838942718848988	-0.15044676542019883	-0.10282527376492637	0.7858789436218139	-1.0962246769359272	-2.039687693853951	-0.899745479304588	0.13121994953652025	-0.1866348650637218	-0.29838481318069354	-1.2752773877089847	-0.4896220383605255	0.38455767439066707	0.12058315785285993	0.014381699876451891	-1.2754204477175755	0.45289570465643036	0.008337120465358484	-0.47601955344130814	-0.05318016942864082	0.014700641325800276	-1.0754254481446144	-1.1554257072598253	0.5240066815725299	1.8253456471376461
DTXSID4049294	-5.985945323680102	3.0625761886244502	-3.098691451895398	1.0581230587718462	0.3392779472109897	0.5185139770069406	0.7462271117675305	-1.6582709027264966	1.142337162124479	-0.03533292586983506	1.650109861725916	1.1019547053684884	0.7163962465107587	1.0241238557070604	-0.17654375932350788	-0.8135946952554843	-0.6736939439245325	0.6816380958172664	-0.3421766448149764	0.5256285278227179	-1.1471177056246369	0.01513071229713321	-0.1441103798578018	-0.3186930348848962	-0.18560939160512785	0.05249486543072744	0.6580756766240229	-0.3324870280659341	-0.009251679690658552	-1.251774398690676	0.2466221939528059	0.4681443070171131	-0.1763658434679023	0.18675753991464386	-0.0020090844716816017	-0.12412863155107258	0.6552405847722909	0.7248451155315802	-0.16731058258441875	-0.5792227683917519	0.26383496920482086	-0.2517486651927809	-0.08379435804782603	-0.6114039149550939	0.6372340360085061	-0.3927975126858468	-0.20013521652038366	0.22860286801821156	0.2835727679966995	0.5815273234400293	-0.19123961536323758	-0.3081369766797257	-0.38120239641621456	-0.6010507294906724	-0.16075797059464636	-0.47595442000588806	-0.4689137452308732	-0.6136144815042502	-0.897085515820555	0.05603507222037919	-0.2312745077936627	-0.15088252022866624	-0.009385205520296907	-0.24618253221351213	-0.10397397118524769	-0.046386448446067395	-0.14742693083772432	-0.06814292135606571	-0.12950748270886467	0.5871430648944511	-1.2789321787435053	0.5487550291434664	0.19458644784118992	-0.40823934302367837	-0.21799711796964755	0.043288110001293366	0.11158383875786058	0.2523070201065123	-0.7096118478865664	-0.2999638233161833	0.14262661023725992	0.04877834599217884	0.6178866841150111	0.3216127236765718	-0.13939779614648423	0.28791467129977505	0.05839775087202123	-0.18098660897862284	-0.3609790466228796	-0.23340320640158913	-0.12162225000747122	0.4168625175451133	-0.41739902562743725	-0.2715359354053924	-0.3361301807009941	0.19128157637966337	0.32904543632264116	-0.2517958232156384	-0.4680963217843574	-0.033736014341662
DTXSID8044703	-7.300707625117121	0.055554352640378564	-0.04061676611912031	-0.7292543431374315	-2.392024002595951	-1.862266761302337	-0.3817298649691653	-1.1365856964750551	-0.2852107203956264	0.8341092706727004	-0.6051999526582171	1.5294140177343047	0.7540668675523458	1.6159471834295427	2.699093710925759	1.5372306311830046	-1.9385447708110546	0.007149548016752064	-0.5579297376278851	-1.5777316429547357	0.9543782850578835	1.4896610227740466	2.056658174739896	-1.8406390633716043	-0.7621279733109411	-1.0071014384111001	-0.018327340259119414	1.4042881724371525	0.5515734862763183	0.11054060399787506	0.10852623062114425	0.39601764364235503	-0.1329920242562484	0.9118407271731859	0.40890825121115554	0.6774119908811334	-0.7449788883779881	0.04455003448103569	-0.43337584844051596	-0.6594262907581455	0.1522202624317475	-0.00711105874217212	-0.023686323952011923	-0.5728771815797	0.8607729880727609	0.4875148747473237	0.18767126601289535	-0.559366800631836	-0.43089070683038866	-0.0498467730585695	0.6023508690630285	-0.6369966848818392	-0.16987246516492546	0.06613698386921349	-1.4501939765686942	0.03192039433187168	-0.11255385462693375	0.20721303837571148	0.1494412996866177	0.6183462826110377	-0.04305380954893149	0.6036732040620009	-0.30756704013247554	0.313273049974294	-0.30906446383932323	-0.3309659608196057	0.0410481824979776	-0.5304462451516623	0.033718823241715976	0.7741007506421618	-0.49793942583324186	0.3726165441423692	0.2890703469765026	-0.017344069967120335	0.15935737630938354	-0.17215325596203307	0.5558641624463161	0.07131002819532073	0.009828690604261165	0.08657249377181574	-0.12638693694829614	-0.00041366732497076026	-0.010552705915508848	0.03448709332200118	0.14805169445392202	-0.12932707280575226	0.328508346635992	0.004542558890796669	0.266425921925874	-0.2268576583455891	0.08047705822175316	0.06375720507704895	0.0969572526590702	0.24520738690381208	-0.31998078472163816	0.1411552895614784	0.3256840505357318	-0.13134318083203472	-0.1290686176462629	0.14543784804018006
DTXSID6034186	13.47964498583528	10.220414875795617	-0.3172477316951496	-1.254156361452216	-2.9161858989115252	1.5572669736662812	-0.6355173145120435	-0.014207765105133286	-0.2825579127136182	2.0182196919604998	2.4984694294321814	-2.3597908364522535	-1.0649697185223608	2.0345817450444543	0.02836501683770924	-0.25479790161143506	-2.4090234399493875	-0.10125327300172073	-0.5665094988413195	2.203653293189289	-1.3213221456417525	-0.19447036015516678	0.09159119340531383	-1.8161027380230916	1.5514681071882819	2.2482904433018485	0.8419788534577175	2.219985757891426	1.2644176924998334	-2.538525011740284	-2.4381994689688535	-1.8873760517314089	0.941509216048925	1.1173332136409622	-2.578688871700774	-0.8829228360426096	1.8145033061053137	-1.2781342808553393	1.1893233406977828	-1.2773794603346864	1.1176311150415064	3.2412377050269487	0.39374730519119416	0.05633519687164574	-2.7633273838526637	-2.051475638850491	-0.18560400042860492	-0.5247998757814962	-1.5280067199064244	1.3355639284305068	2.071993503218636	-0.8465895264688761	1.5441019623231818	1.5231613229631036	-0.7400938268254268	0.6591158759219105	1.760562985331761	1.1476533631744903	-0.4258574146686318	0.7980046490259701	-1.208180136103379	-1.5016749080584457	-0.6256873097922977	-1.2070252705233515	0.6559843222548707	0.24198662667196885	0.7250992158035302	0.45782299414413796	-0.2831184236811905	-1.2613007028145524	0.46375722069696534	-0.5414486000165946	-0.26364874304730457	0.841945010176326	-2.480629844331371	-0.5415144066619572	-0.5606754708119823	0.42305767608785205	-1.3695741103872645	0.07482067922283256	0.6276524819676118	0.33436655127799025	-1.403348017009862	-1.014333444942017	0.08280021751693455	1.3766036056057869	1.2908872704361758	-0.15908537584635604	-0.24286415494772617	-0.6216233901253837	-0.1338286231718634	0.6848298585397964	0.40807506708861896	-0.07617448372582199	0.4853861476578346	0.7897045052541435	-0.269559199230293	-0.21342899454804137	1.7067661189947532	-0.13682858344618462
DTXSID5034270	3.0372746269552096	-0.7662303172768955	-2.6306654846670474	2.2981162977203105	-2.3104531583902976	-1.4153575411620891	4.150663610457438	0.2591553220948994	-0.9184188842100379	-5.632547465028767	-1.469432186823714	-3.2892272853437645	0.06321968454816947	4.007248926877761	0.2837899395929914	1.802620003961771	-4.836029291173044	0.5532007035705602	0.6885516012600149	1.2543907534047516	3.3848047807196364	-0.09891576152990111	-1.0179038958396074	-0.21989234373991	3.935643130095858	4.796973060735686	1.083444116057821	0.4200128053593561	3.960352182377931	-1.1648521441856248	-1.7096761420317237	-1.116552611208368	-3.477774592952679	0.7559349570704857	4.289456110675014	-0.0640186182640403	6.848817138574464	-0.6675007780529648	-4.557218266206635	-0.7145383843935961	1.2936756013613686	-3.4028970200606636	-1.7574000917495742	6.3435688313974286	-0.9476928499922842	0.9366100935099236	-4.02913940753366	3.72513783249002	1.0105115144973897	-1.8930828543466252	1.0478669064051933	2.445550545310904	-2.584734279954987	1.5394755680155157	3.348649465191498	-0.8269847368959087	-0.8919180126507051	0.4627031484888512	-0.047883791387015005	-2.7352765223719278	-0.1328297986275122	0.719240603872982	1.5740977140188632	1.141643687918194	1.0681289144153732	0.4269926552182088	-0.31556154981131274	0.868219889982927	-0.39527133458938435	2.141724364578359	-0.8726122600987922	1.0714707702256827	-0.9057678834687429	-1.698933665322072	-0.10008075438976706	1.4109306294215969	-0.7840569602702698	-1.2330983151769244	-0.06997444942584517	-2.0352289050907832	-0.9345559257253652	-0.5723872392786141	1.2240121862319517	1.5596328687657357	-0.9884893181382289	0.8264860985982206	-0.5133041840637835	-0.4486488223629215	-0.8331893035427457	0.5583173506870771	-0.9490543700647577	-1.595610024626518	-0.5277966266136522	1.1009078228267988	-1.627822480090158	0.8662094297811793	0.7355427013021498	0.08296757199490658	-0.5686597817124047	-0.8252159464895747
DTXSID0021331	9.680760300218001	-0.8272504573638616	-6.5675044586521905	12.679155381018901	6.442922319323421	-7.300542889954095	-4.773884927561969	5.1632156220244925	-2.2697561600719958	-0.6176618318689195	-3.4904592634472644	2.9867288758503845	2.3922354548590032	-1.5047881069638664	-7.501215217777079	4.019006854521544	1.8161631702671448	0.2635334245209248	-5.110872046863132	-5.487574699481204	-4.003860831660806	4.626604919675395	2.4092636943797205	0.7160693863048182	-0.149822631142629	3.4159425447451235	-6.509890272106291	-3.1790478533853936	-1.1511273289544848	2.1526755063617484	2.3296390359091803	-1.9458882262531827	2.0378248541065567	-0.43728277042471303	0.8495442934599634	2.2796376556272313	-2.7939880278583775	2.679597176103099	0.3899841791775492	-4.28922659861202	2.9479551242532636	-0.8213245358892614	-0.6901882953989043	-2.305139585760735	0.7014333030246058	3.790584285951541	-3.551995812172064	4.175046852516666	4.733844585716292	-0.7639058777193176	0.6154705411310056	-0.38992837366293287	-0.040804894172885665	-0.9387076097279897	-1.4335468901447261	-6.511679896219677	-1.051204780395515	-0.7587634945613682	4.551469010189309	2.608519320851483	-0.9556672767479826	-0.7210683157326105	-0.2834402820518881	-2.2091924180561575	3.9014408585332943	2.2037114989077704	4.785086176810304	-0.1458898576939181	5.892811427726782	2.241236609774399	-1.386429969953941	-2.946074470596163	2.7957583386254323	1.2682499048146545	-5.626495906192287	4.619026541975151	1.489020450308328	-6.165458906508956	-1.4756056936517399	-2.9223700861954547	-1.2078931096351133	-2.4479299851160947	-0.31343882411504415	-0.474856010116153	-4.43754204182112	-1.2169030127590144	-4.399538939501648	-0.7694464786853711	0.31805234570983665	1.0695846408406287	3.0345453141105265	4.452241295310814	2.1048584299911077	1.9114026286805141	0.10330244576145471	2.1061715320352175	-2.6892793278176614	2.136922241037211	0.9702058893599012	0.919703319330076
DTXSID9049039	-2.235619326798145	-0.9311281425560235	-4.72205991739766	1.8321863159310336	-1.5846589833306732	1.154187537396301	3.7966370244386964	5.629186813642799	1.7017716991238454	0.04530749121284175	0.9935578759503149	0.8294757156476223	0.05477860608515489	0.9478733048987912	-1.3377341444720354	1.9845507897450883	-0.433641158443056	-3.767681758717097	1.3103828187955384	0.3911806147474123	-2.9681389214287863	1.2574047230435237	3.1427175400397807	-1.879737049973174	0.6888522529113946	2.1175720191521585	3.463225298884989	-2.5935145736937733	-0.7504371793794047	1.133038762986864	3.9489309436154643	-0.7020085874901558	-1.2837255067069995	1.2277848922373786	3.6514111576420087	0.6642953542109101	0.12067147154261965	1.7767385375956937	-1.2183630959394585	0.9687007342232052	-3.085576001839105	-1.737716235610239	0.651687848246615	-0.9359772222144732	-4.369936605443168	-0.6514877342590953	0.8147276984684346	1.935663085196154	0.25941286397218405	4.177303276955728	0.48541526223720555	-0.7043061042627703	2.7494008100191625	2.4924276225419324	-0.08985947423892442	1.4711599145133616	0.1935196147199701	0.34734502050176214	-1.4337288929861491	3.188884107543335	1.2206019502787653	0.014607118895064703	-0.23746279928844694	-1.7184732998205032	-1.3040408463333713	-2.4605163755321025	-0.7516551563531635	0.6868048987772281	0.3808716868274858	1.3797719693770942	1.9938529970085734	-0.9716640604670035	-0.16376884500130956	-1.6130927073729682	1.2106122298690458	0.473378437823568	1.8587076904434838	-1.2890448251614428	0.98841800712315	0.8833166756316385	-1.5128685406862368	-0.4241548515587312	0.3499632497107213	1.042696353956749	0.5407048029104516	-0.2257972323014524	0.24178997790499776	1.5478724445444287	-0.9198586269019113	1.1531039828641856	0.24992223073864614	-0.010032668452393902	-0.8368916408571453	-0.9528562827560938	0.48267573676502373	1.5920534194787883	-1.288758485510014	-0.7571499261212733	-1.0149295030378032	0.08621353514536925
DTXSID7041671	-4.0667631260712644	7.687538682827875	0.46115297767725816	-0.30693862220010637	-1.4242870875362237	0.04789597903641614	0.738416595486134	0.05833382740091078	-0.24782252009173592	1.4186244831861283	-0.559683165736498	1.2297375384313904	0.7253463568392674	0.2445294283202661	1.4101261882564884	-1.3835846320628107	-1.355066465216334	0.012998234750930968	2.1235319905245085	1.2963065749292648	0.6238095104772692	-0.23613551464803634	-0.1930287506739787	-0.2239326941983991	-1.381409971566347	-0.3498073920712821	0.5243056225079914	0.004852442157276068	-0.057303744169715065	0.6380236428438778	0.39245929888424763	0.8511049935045389	-0.48012001642730767	-0.5208191772334531	-0.3807849718709158	0.2679707031307581	0.38978816300503916	-0.21244098202730954	0.5312243666281924	-0.1305391723963583	-0.2736130125311317	0.34213867829520916	0.048646196892516105	0.7096678442248361	-0.13853577713695656	-1.1919677471432462	-0.3396598559666298	0.8016271310276618	-0.13566927967782993	-0.5687849515998687	0.39048286563380863	-0.7946038000536383	-0.2254239612765416	-0.7342840069740931	0.13396837906253506	0.4200126685741686	0.9802278777800515	0.5905487069032609	0.15828381735754957	-0.5365363364918664	0.1287885208923727	-0.6607974989543955	-0.16833902989905017	-0.2557244425995182	-0.9521879433550422	-0.4533234867345905	-0.30354268413149	-0.6034029031760901	-0.08587173625254094	0.16637532570784586	-0.12683490517924934	0.5417579850742016	0.7180326702361484	0.5850686137205299	0.4335581467359231	0.42131697029382353	0.34150603084381154	-0.40357875669257565	-0.8330769351351421	0.7949903199390266	-0.8233292009750747	0.6165452880889192	1.091818053666123	2.172729008210221	0.18197193656678037	-1.4215102354399602	-0.5234415599793687	-0.27182515141428576	-0.5840041879074893	1.6619419952954155	-0.23308241017235315	1.8032302561250115	-1.090497087612354	0.5258475578447543	0.4183086287869527	-1.4907449414972982	0.4692296678926368	0.30861131640055567	-1.373956311576885	-0.1744777431310386
DTXSID5057834	8.204464076826728	11.162225584255069	2.931159060162883	-1.124090668189261	-2.2555216818464614	-0.2216143061383005	-2.5737804214805706	1.9742872251387302	-0.004961947739536739	0.3875815179315803	1.099421825186867	-1.1430761893138957	-1.2863600250080607	0.05665046083249442	1.6785530918923484	-0.4119928601861478	0.564289274497414	-0.5798099638019891	0.14606513939858548	0.17592757080616134	1.275630280412903	-1.200930015055498	-0.2032728376723249	-0.5002942347877122	-0.6018618192416061	-0.25945357787530443	0.3504139635379623	0.14532507384455387	0.36282712463066813	0.239522159615672	-0.15279168803179732	-0.10295440605353554	0.35299641538660925	0.9232180562167948	0.3191497051635337	0.3759371422733364	0.2143583877908449	0.062179435685749566	0.4876575784864424	0.3669667358852122	0.1538899711426843	0.39205336921031464	-0.12163803967708367	-0.48732294215636884	0.06827004383581596	-0.1996361849252598	-0.267472447325792	0.17552134769705088	-0.25254771195070075	0.44649509556475087	-0.2212259876679823	-0.11019889248817732	-0.49672515415730467	-0.48677312901119923	-0.149184966988014	0.43714715869406023	0.641834751646593	-1.2554396243995394	0.4991752054599342	-0.13635755440591985	-0.022175090512322863	-0.44508899776567773	-0.7423478506887782	-0.10685713710554384	-0.08689236853560758	0.6282069822208837	-0.7241405556480432	0.40010397082282806	-0.9842621135063949	0.23669131612262942	-1.137854039860099	0.2648058970010436	0.7134879681424324	0.5329689995758402	-1.0683198074233649	0.24677543055778603	-0.8207976463475211	0.890867105763287	-1.3171892646685779	0.03763259177998869	-1.0234717174569605	-0.2196111290091411	-0.6559527574343222	0.19700148039781185	-1.4070349166488083	0.08302707942399433	0.7070962502908051	-0.7966457560984584	-0.5823107725421602	1.0923002868454887	-0.09122325140806284	-1.5625958716049744	-0.40974388570216236	0.24625828674261255	0.6040069563144628	0.47859089102253516	0.7412900990053752	-0.23528371431199854	-0.6345247967135622	0.10132366168998008
DTXSID6021583	-7.061143417610718	3.840041729679838	-3.3140225205159344	4.223201557617878	-0.8079883159003922	0.6478050347912581	-0.4146313074452689	-2.243196796233221	-0.13067715650892556	0.3415565462657883	-0.5400669178369674	0.9840142988559935	4.015977596269632	0.6075326062865243	-2.509668341897804	0.6409897033356362	0.006657062215687254	1.5469961704419557	-2.6048087480341566	-0.16069157894135225	-1.1534382435910484	-1.4910123598469807	-0.44308998193885263	-1.8007864141132088	1.273657689259195	0.36788941100179773	1.8268361707121679	1.1585729190946255	0.20509049265541993	-1.082741256087434	0.43560466332427183	0.9406718666542636	-0.46442141206264304	1.6059276842590906	0.1501978155253971	0.27713311561601367	-0.021688557091168743	0.09741738289195227	-0.9382563367128821	2.8004337856147083	0.391236284621841	1.688773973108485	-0.035353563074181846	-0.9108077454600714	-0.04761648844500346	-0.22599919824878112	0.23188756386475748	0.15445251888072828	-2.6636184860907264	-2.9848852049029304	-0.4798156171428414	2.0674174743769873	0.5193292592876874	-0.2660967141090723	-0.7084029264492111	-0.6811435569983322	1.6742573205582378	-0.5355641086731096	-1.6029632682739232	0.5600494544421389	-0.5609992503935712	1.9298060112659794	1.4070920680994259	0.2501854908153196	0.49672854098267355	-0.642492389367531	-0.07991527826980874	0.6047919977272799	0.5026044446294018	-0.17777584527421825	-0.3906924064115774	-0.03710966748051678	0.5008528786213471	-0.41763523452474133	0.9072704806146096	0.9115561485773366	-0.05082349450915893	-0.25270353561788245	0.9616130180552414	-0.4325837403655658	0.22034007988547086	0.21345573224470354	0.136687967466357	-0.7070458369206458	0.8067938771968431	-0.5494118666635754	-0.23181501515254563	-0.3024453392211466	0.882645306768132	-0.4728716149651047	0.25030092347807514	0.20942304115204483	-0.5505068792687163	-0.27458747436501046	-0.0695393467819559	0.5418761620574141	0.6848851860271581	0.5665908719866883	0.5792672149886539	0.018166784873509593
DTXSID4041997	0.8625241774569047	-1.5379129916221155	-4.715609289595227	3.3834396936833118	-3.8513425856216617	0.19274527054194546	5.782169888039539	-0.21923031187757477	2.1115509690848744	0.5290431428311821	-1.6532977572068013	0.8408255325069152	-0.4341866885401968	-1.4880899276366302	-0.3761678341909559	-1.347253291127624	-1.3044957381370899	2.945055931952753	2.69247691265109	2.592552730473357	1.0364460263015642	5.975124996496252	3.180037974837204	-2.301195990743996	2.3887686276733686	-0.7251704914162945	0.12864230597596782	-0.40464684552635255	-0.45308861917166593	-1.7002967051719988	1.8330192579677345	0.23337365286926692	-3.3495989447318624	-0.9073904573384587	0.9259250385648911	-1.7222929924427457	1.5006878779917603	-0.07392840102611063	5.483934979934039	1.0461426713601258	-4.242137909803195	2.1303190146514615	-0.9405309858259592	-0.13338237516484472	2.069191066724967	4.432123634950549	2.4563568386231474	0.37093691836341314	-1.2076565722857093	1.9949722289862533	-0.3553994249921727	-0.6588902682659655	1.5361255588447782	-0.8714105460881342	0.4724016066847923	-0.18820565842112316	0.687431424917044	-3.4408792295778388	0.7025138279995352	2.356911186731162	-0.7267784744656152	-0.14840511566191367	-0.5391665907261829	1.983634081881223	3.834169862153457	5.6162472317319345	-2.6218428336181057	6.129828103601682	-1.3267524504625208	-1.4192266463443892	0.9502186688233409	4.898423987351207	0.7310178468992251	-2.6872418691905944	3.936067851310631	5.30101457762516	-2.9826913874285235	-2.1229512155087935	-4.0701184454258375	0.023445350925001805	-2.4500135582133904	-2.9877372264476407	-2.602034497669245	-0.3233227768172768	1.6644184396847908	0.6786136579894311	1.8660405698104008	1.4810485436501248	0.8081798636413913	0.11968348731348506	-0.3107393715960393	1.4655697239976082	0.6148894773374081	0.004299716037274337	-0.25960532274005677	-0.12256280262413553	-0.7742796360016149	0.3837730014174096	2.7217081380466697	-1.3997579234907693
DTXSID5045700	-2.230612196541939	-2.891181361731077	4.8641869687839225	-3.9159310478262084	-1.694968879816567	-1.6251406958184589	1.9053218786262227	1.485270433677705	-0.5797730257128484	-2.9733412200075926	-3.239311657176081	0.7605970509141948	3.8056006483777547	-1.7895260118544967	2.6608892248302647	-0.21679794333434604	1.0036665238945712	4.7890378565878775	1.7055399260778956	1.5614123720196906	-6.391261290611859	-5.859668819630861	6.08661867786653	2.6716123066569266	7.073506061809339	-1.0159219243411644	-1.7973970034085054	-0.11383871844068914	-0.5244549928921852	1.9508290334457916	-1.7468579546276188	2.3123557447478897	0.13103956432317096	4.73702364767215	2.3772086766068226	-2.485652496124405	-4.2157489260259124	7.131639163356421	0.740460876478681	-3.9915658619895895	-3.9772975171915106	5.31745659960111	5.46325401227611	6.455081037106557	-1.5381235578604266	-6.145179428589825	-2.0721577271276477	-1.2982635346647344	1.5710569887469752	-0.37074530083498397	-1.0545790361209142	1.019531568637465	-1.7169075932663114	-1.5580015209858038	-2.2937520742537223	-2.0751896018713025	-0.6687888721840121	-0.6433904330882905	0.627182576142476	0.10736438729616976	-0.422020674462905	-0.23836888694291133	0.6694962918544629	-0.9046249787293797	0.1306028028174763	3.288627674621599	0.012517661447950988	1.3935793267084253	-0.05782346516947491	0.4686231920320275	-1.5249600410280577	-0.6644491756549825	-2.3906012350341106	-1.4968707883244066	1.5649080678929712	0.04849087299970572	-0.3860743008528835	-0.514186773280459	1.3630767179108578	0.8083647307732109	0.15339854362347802	1.0303797731625122	-0.1626629876599805	-0.2663017457259601	-1.205106445652012	0.7165526387573107	-0.23586916935818233	0.27328498622632635	-0.1176814373639885	1.7374399594137167	-0.27889173908879716	-0.35054403993491495	0.8303630910586657	-0.7464000030385717	0.5217919763012602	0.19694555925749063	0.8168615208220571	0.19275101834183178	-0.34766896339760717	0.04571547731137852
DTXSID9021130	-2.8193881226787867	-0.13875077866045743	-0.9756603074849652	1.1220824396072369	-2.56891413962529	2.0416201509467053	4.110339535549784	-0.5508198196235076	0.29430518956520363	1.8200073359174547	-0.26473281198792964	2.185127135796954	1.8147000715544048	0.006949095330398756	0.20185492268687222	-0.8453153540526647	-1.3798158878460591	1.959644735553777	1.8575698189639176	1.0040119977640765	1.1933894345160156	-0.10522585360730477	-0.39940255419288867	-0.6482426554487601	-0.2854371856956737	-0.6743459788964072	-0.8768248447404505	0.4796154139968032	0.9958267041135306	0.013803850816978533	0.03881039990563005	0.6375682878448461	-0.9786067422480471	0.18792588263294613	-0.2684382172040724	0.0371562764036584	0.3834239777373946	2.3757137745267536	-0.2572470933015166	-1.1654550491923164	0.8463314777372664	-0.4892470851091427	-0.326729478502893	-1.3276877334558455	0.8791985041445745	0.21052941137646627	1.100119683571606	-0.10277397375856567	0.35552789637400534	2.135664085277815	-0.22854390204831695	-0.3496923826755914	1.00600848103114	0.6373917083214684	2.927266048532738	2.5543200654387634	-0.5292521822582137	-2.1256487098585555	-0.29705266243096823	2.690779520468387	0.7639502433569811	2.8603567430077095	0.0395369442391103	3.381102986852371	2.92681246066092	5.2015601794113175	-1.303341171273397	4.488868577620816	1.349657155089845	1.0712514886318036	2.0174780217267014	1.3254251238454473	-1.3255157418271961	0.5310737921470153	0.5277055057741161	2.6107436557173487	0.38668007423281	0.48334581645924674	-1.4295272499369198	0.8861655056656383	-1.8028363830228578	-1.2628593692962815	-1.7269553240901967	0.7142417191773698	2.1111035183445725	-1.0230097396556126	1.651990621834416	0.33983234685351776	1.0473298686245511	-0.03757793402050464	-0.2954035633268721	1.108210381688112	0.18163781980755644	-0.1511916480602187	-0.08927492048281495	0.41538369593873026	-0.19156914400459976	-0.2457446988766788	0.5118263951970237	-0.2079657383854595
DTXSID5021910	-9.433385873906088	1.367995178175676	-0.9991809671534022	0.10950533517765479	-2.3467298389131352	-2.1491689140425345	1.282164517757946	1.4735669999079386	-1.093702413095427	-2.230477594622426	-1.731569012605022	1.337633781106517	1.4265099604359552	-0.7506239079328789	2.909098242078179	-0.5403986532430929	-0.03494684099561385	4.362624354294624	2.9032109986805508	0.545924603212845	-6.487680155593224	-6.3503808597060925	6.599530597342951	3.5309320048709387	5.607506601757723	-1.1341384642674213	-0.8347475016510002	0.8487767828193089	-0.24670856845785827	0.4812955940386513	0.27684710526758205	0.4905821299071399	-0.3878452517055048	0.7381636810351383	-0.04764318118054272	-0.7875679782427174	-0.6430303643065286	1.11683758596761	0.2918482015440742	0.03507083296690451	0.8961085847947222	1.7585341969800896	-0.4696450528114478	-0.5681401779915461	0.13170457167543442	-0.487886526775814	-1.0742266400825164	1.832760013259584	0.5585564290843773	0.12113932176035572	0.45962176765240914	0.8404638707054902	-1.2355075950193346	-0.46877896758038656	0.3458395594804044	-0.65258170717928	0.4699532661733395	0.5595339306431296	-1.2632422777913812	0.19855428122856875	1.0978740130346953	-1.184494566040674	0.08880042520677574	-0.08558831455769615	0.32061550466398064	-0.007378489033319852	0.26376331330174424	-0.3278332719078429	-0.13616985222653666	0.434066737431627	0.22641914449522613	0.8086501265412145	0.45873396756267276	0.22306902673580717	0.2636473001241683	0.3500553313981074	0.7046752488584421	0.2575772954722125	-0.09781680472980206	-0.7299918655447559	-0.5078700545384733	0.598011029768813	-0.3299261097121838	-0.10853767146731344	0.631577267077426	-0.15699409887924323	0.5485219437596308	-0.03527538816310777	0.7817573905664933	-0.38680576421455987	-0.30452503050566937	0.0186628870971735	-0.21255662026014338	0.18542426420197336	-0.41724699262037157	0.35821429630519835	0.06372920613934839	0.11160476734912642	0.6102194271765871	-0.07738521127655151
DTXSID4021553	-4.817973314134066	4.627209690469841	-2.474126147455339	-1.1125723441973365	4.805680169864237	1.089131732181544	1.0432289781309072	-2.651659135811977	0.19297483805168214	-1.3086661168866036	-1.7574728069381644	1.6449621320612264	-0.3430915730377459	-0.32956374386488424	0.4446110973801535	1.42901048061976	0.810361377698562	1.837782840632146	0.9539599844408109	0.5018195032592728	0.4866959118744432	0.7327382603287328	-2.0933380233505043	-0.8540381071737031	2.433223217559267	-0.5021286210595773	-0.8486034956555102	1.8748464901117043	-1.1251816201305131	2.513752410362241	1.8690357375967055	1.5831423661767439	2.0233464141272144	-2.4676725655503513	0.4799786167071125	-2.255958730163574	0.19701678261093047	-3.483345139269608	-4.311432443533338	-1.5010330362300832	-1.8773677141605223	3.453686417724023	1.5958410932289278	-2.6966461926470053	-2.3000731603158764	2.834365040066207	-3.4930841018663523	-1.7664784897087389	1.7525928789486918	1.616735707217311	-1.1326580620585538	2.287516243996144	-0.06204089609835516	2.902797889298506	-1.0247025665891396	1.6683517090237296	0.8160245379255927	-1.5256202908901884	-0.4214832874109874	-1.6630163139463847	-2.1256514803763564	0.4630464803768047	0.41915452081421667	0.520219029616832	0.014173629857949361	0.2904872284334212	-0.13091953715514795	0.2905729794202829	-0.4693757602655378	-1.160983177381023	-0.08546642984613442	-0.3629298480221714	0.0829180325928011	0.26109296197838666	-0.5386730491142437	-0.049449847402316255	0.3777768647193817	-0.1515476368784823	-0.13430757552058947	0.10992155982727295	-0.517950274355412	0.3799597659794236	0.11347395077775856	-0.08339278809628936	-0.06240937523732022	0.03709724188152856	0.388442573734294	0.049759225309532716	-0.07314832365128293	0.6288817292825389	-0.11069272443185019	-0.3390934337590909	0.10557896948387328	-0.14804652076373154	0.18596339019675515	0.08935716477507126	-0.24996816672440453	0.018992311261457052	-0.28503085723795407	0.2591148093465953
DTXSID5034773	9.37760854021406	-10.043956818122583	-5.811070102509357	1.8098661650592929	-5.388709071560326	5.936044208802405	-5.727881846012045	-6.669867648221981	-2.146104020886389	-4.254985913573563	-2.137495679738638	4.30227050786674	-3.3884508709536045	-3.7486968772550116	2.3717826559176918	-2.322697051547485	0.9780066748869711	-3.459579931916824	1.2015044269094006	2.405269850268804	-0.9118594380983661	-1.0294689254989782	-3.4010146155914076	1.7251971218041686	-0.718519974851929	1.0139602129105656	-0.7959890175760078	-1.6709207378994075	-0.4159903658003642	0.9386016472331443	-0.22720209117199303	-1.038445244970382	0.006251411971919746	0.8298220992006657	0.22662093324964447	1.1077787967359445	0.18391976702669716	-1.0959753762956534	-0.10087139059461672	0.09096396172709133	-0.4545461312343187	-0.16175125021905573	0.3618095221802069	-0.4113989019977466	-0.13516956114654496	-0.6219993179792717	-1.904281079544438	0.9616805983739742	-0.9070265681274088	-0.8919468340746436	-0.8908612701124534	-0.11642486291985434	-0.16292397529177244	-0.5076838763067059	-1.851169456057537	0.054571272975474365	0.2224544077695616	0.16117021697340742	-0.063955153804404	0.030061685586143697	0.2579435593980508	-0.19347664621341565	0.22110597997136347	0.19391969698188422	0.5916510972086395	-0.49284178904381093	-0.5502442043271832	-0.12095216202109499	0.7235286085548458	1.01981299582429	0.420961301659073	-0.5992876937513376	0.19881517073198535	0.21970917319383473	0.976715842634719	0.5132872002766025	-0.039267882117097724	-0.21088113145180234	-0.7248320486106928	0.25160583532030645	-0.49996150999332384	0.11449648037691462	-0.7523273677546278	-0.44062394632830476	-0.4844152320750366	-0.22244846008082617	0.44093966793055334	1.5015394215305742	0.10106519217222716	-1.153928590496103	-0.30354918464677944	-0.08031781178963357	-0.5084965780047594	0.30971903050199917	0.6908105835945603	0.3157880198487799	0.6514822473012587	-0.6083824988005171	-0.152324441206102	-0.6655594892295739
DTXSID3047261	0.8137391451554306	-0.8186544262514673	-0.15494315362265895	0.5909118056628268	-0.3601333053447162	-1.3396547920389128	1.1505571071295768	-0.7009142739385403	0.7573735541591861	-4.201974087110693	-2.173384973299996	-2.3391906016345816	1.2029845382230857	3.552621274171419	-1.0680861307349612	-1.835473633735661	-0.4620937261818159	0.2300516262974034	2.5061957425284382	1.004706040328161	0.40844067387281696	-0.2854383194188118	0.2686788829320136	-1.0988088326107166	-0.18610406359370218	-0.3158342963606321	-0.21214954708224767	0.05968954501500786	0.5946643942738873	-0.6210424151352467	0.20016931016988854	-0.5153991940868005	-0.7543348694991946	-1.0658898677012876	-0.10379822304891115	1.2354964533439616	0.6780081688574234	1.2042852935397519	-1.231658949177509	-0.25142491081041546	0.4960658077251441	-0.3870540767784217	-0.4986715754985223	0.09678625332152424	-0.06717600163137212	-0.584781133722471	0.32785387393559856	-1.4808366617532314	-0.27992058747632326	0.6130402161433793	-0.9615552353624208	-1.3401408918222146	0.7929996127416177	-0.44106837783110264	-0.0134395376637868	0.2633396857250376	0.37983880809417636	-0.8451886016963663	-0.7969386606794394	0.26659470249100437	-0.6485637792692845	-1.1283966155635008	0.02120872914832127	0.8866349707753003	-0.4020211770892923	0.28041992850041075	-0.5073777189441131	-0.03856052489540399	0.2175239376848697	-0.712246138484782	-0.10424206328835502	-0.11022524197683209	-0.33117417969125384	-0.1764720704179226	-0.1832924998971969	-0.07681837752214495	0.8232303657566233	-0.6760142303072171	1.150763473271045	0.34335349724822023	-1.292818866173613	0.5646660665017783	0.879319789176267	0.1478320435599468	-0.9294546972297648	-0.09416603482270895	1.1115244756587972	0.6242558618545127	-0.44294866945411054	-0.13855304981521913	0.07787329856409626	-0.5164483077806696	-0.5499395226919926	-0.560019189520289	0.03329108211438259	0.23414459064018817	-0.36241124987546475	0.16259570123144212	-0.04098528621743816	-0.0580683499882773
DTXSID3045140	5.188550542870268	-0.35156830076786155	-0.7416758812918387	-2.42468466334544	-1.9667797436892744	-1.1262612401739227	2.382856923831682	2.836614643248902	0.013930261549997052	-3.371212474129844	-0.4782751924460564	-1.0493408455703452	-0.02578860741953673	-0.4675565205501089	3.057666428127352	-0.23718806183791133	1.6376674262864699	3.851986386001592	2.0303406229817886	-1.3317763389424366	-4.60449913688232	-7.334093873896724	4.951811264805154	3.27399783841365	8.195057549124824	-0.7381663448026032	1.656177021949394	2.2423532725698054	-1.398420809296328	1.1890075246048915	-1.0949054229452282	-0.6281062177794494	0.8208884243312503	-0.3898109114119603	-0.032551639810513594	-0.7941111521445285	-0.4122362512323393	1.1208658271075815	0.13359693287017851	1.1348908886786413	2.1133782944404444	1.2271115563889132	-3.086378901044423	2.222233946108534	-1.1238540662526424	0.40694389170319856	-2.0094459691191866	2.4145437306195214	2.211146229859743	1.4342835521759745	0.9889449341617524	0.4607495703732349	-3.451143370672493	-1.312253976427627	-0.9642603930960822	1.6130862973182398	0.16985995970402895	1.0706443526501825	-1.2828254296406778	-0.524946440709583	0.4494271846015924	0.2213874187705091	-0.8715745663949325	-0.14748529069154676	-0.4378453527962031	1.2762108720771543	-0.360862426463061	0.2898293540858673	0.11443783089311518	0.5548314456771565	-0.1566972966187638	0.6596947766918144	-0.7598058339589684	0.23721912508398174	1.5173556653242954	-1.6206980289851383	-1.001190995741996	0.6425229642502194	0.11827373183728164	-0.13241193559568729	-0.29242196075880467	-1.272518184034909	0.30702311204514554	-1.3125961614839885	-0.2822143129829279	-0.2507330532487296	0.036887725868011215	-0.45404802163706637	-0.4419230599777593	-1.3429998173447149	-0.2346512119574452	1.35775304597084	0.5869261643794099	0.22247624836497396	0.8300267930860122	-0.8800444730949566	-0.22359385871759563	0.5689780436336416	-0.09987927686063651	-0.010009838067552304
DTXSID8023260	12.25010432718029	9.79895647416047	-0.10505140723386186	5.3233054090273235	-4.3977002182353875	-0.9546399074771832	-3.490975596296466	-0.6509855112803626	0.5354985166246955	-0.3308505691700994	-0.07223526534865074	0.001544218662971493	4.560565231474588	1.3863550803338827	-1.7393386591884852	0.9707724040706883	1.3012592395622118	1.6067469285304465	-2.8329497132830013	-1.3048619026526271	-0.6730493678319924	-0.42916897593680514	-1.582298805889108	0.06659435640019808	1.0067083026685297	0.07373164042933784	0.8191263913562734	1.6029871805606493	0.25034327577341503	0.6018027949177369	-0.17339946835358905	1.1989862678789787	-1.1425653406857035	0.7276522877179497	0.30532526310047314	-0.18515509779491038	0.23173541565966105	0.002927131490828454	-0.9927886767128821	3.1773051271066364	0.795815176255492	0.8862088776353673	-0.5186803696859131	-0.2799926119691616	-0.20912097577581257	-0.4222375301349157	-0.5099192907325689	-0.44325007112486053	-2.6321713601591723	-0.9416622912942726	-0.8957230985003061	0.6993051501098259	0.35493945043596153	0.14755063980840008	-0.29830719796760047	-1.8048387343925503	0.998272101114451	-0.5916089723333058	-0.24868767237732703	1.348464171014989	-0.21326172776836713	0.1029547081755045	0.7782015679265024	-0.2435100847008246	-0.49771910515827844	0.01061259635236529	0.32080350942119984	0.8669748329339012	0.7332516758864249	-1.3454081678584793	0.5497391586286696	0.29202278372231044	-0.18991520887513616	-0.3375936760780644	0.30784054828180496	0.1826546134694998	0.31057011190774975	-0.20935274608120866	-0.03822207903485189	0.014254511523082195	-0.31154921800252455	-0.026008171791813237	-0.8255417506601131	-0.010984663835560725	-0.38775147173544383	-0.5952696067186224	-1.3809227811847504	0.03362323236980378	-0.3592921380335429	-0.3135978244708808	-0.5951417892001063	-0.6811539618972159	0.17990304495370993	0.5303942343517892	0.44457086754951286	0.3119596341113719	-0.4583722846277267	-0.2596196962803795	0.03541936289146163	-0.10563723727090732
DTXSID3047053	-5.857357353883319	5.597807228737518	0.004402711967041449	-0.953188517021494	-0.12820401128361153	0.2224987688695468	0.31829209690721744	-0.9167944614099902	0.4367263010558505	-0.4112295078623256	-0.5298551961807676	0.5444775851773699	1.0795804497396804	0.4418619240354263	1.1385247101166467	-0.8890378607382515	-0.9693829100424877	0.3222631181761198	1.3026768649699652	0.5173428306697875	0.09286685395902258	0.07233062783969117	-0.7511241253411581	-0.08520574455957886	-0.7059543126264497	0.5047140012776626	0.6958651085898686	-0.23039016920789027	-0.08121102057341144	1.6383674133955761	0.5591233629668638	1.4674296790162695	-0.14938235283699178	-1.0887385768657443	0.12613097126743833	-0.37904951620757993	-0.22643633141263728	-0.6420548299992299	0.5041769139374375	-0.4412821341081259	-0.22708367547285005	-0.30314568056909164	0.13349860563701452	0.5902711283485481	0.2989741890516566	-0.43923058822390953	0.5364041791404295	0.581155891900991	-0.14203708897600537	-0.30055475887650823	0.433876606810897	-0.7248643318047844	-0.26748095386646953	-0.9406636481857484	0.9264097718675098	-1.0462490551437331	-0.5694238655831938	0.2575118033217272	0.16637925429736147	0.8550118993030479	0.7847085133361198	-0.3264304091304689	-0.21978887398528152	-0.030716014993458593	-0.1892079609928417	-0.2744921591582728	-0.06516073899746713	-0.10148311735801818	0.0790649325189024	0.21012613720204917	0.4763414897692703	-0.1961100444492739	-0.044099216443838136	0.19497426777448618	0.2913717085233061	0.09072966158436134	-0.08948863730275314	0.010994136249577284	-0.05394693159515999	-0.10856465380217853	-0.4366075251932996	-0.49051296040221043	-0.2390524144188812	0.37955711767806927	0.32877325939328494	0.11707081664837599	-0.1848677948581031	0.1861963381886144	-0.27696751969367867	0.1237444549228299	0.3695340764801043	-0.2772227695354901	-0.20719860768661613	-0.1316388816251682	-0.047260071554580806	-0.09931375783575982	-0.12627750958805015	-0.026358986440711676	-0.37004602670175785	-0.07164412697620309
DTXSID2049266	-2.924659554691001	-0.21354133428202812	-2.3558432468398314	-1.3002905918750025	-0.9335390361095116	-1.0273563163103039	0.16861754899604214	-0.009179459761779111	1.3127528774915904	-2.4759137574423518	-1.9568578513002601	1.6810942257323578	1.0553921931576988	-2.7020434905629274	0.1263978415909393	-1.0387829081151918	-1.1160534776652336	0.176319836895061	0.9612981157415292	3.1334458005846098	-1.0750563378990847	1.4848742441128084	-1.766410921896303	-0.6469062314190454	0.37118417255240027	0.9507573627139275	-0.06426216878548047	-2.260729220538971	1.0480793456301383	0.6030503047041808	-0.4806860075463696	2.3761023385533977	0.3592011552969527	4.807628419124296	1.84420971942101	-2.114766450735217	-4.436137770675028	6.324415986609902	-0.5904912665633232	-3.5551438121086596	-5.169192343493732	4.748896915056881	5.933748194628118	8.388348194204088	-0.07691477285093117	-4.709871673389562	-1.93110788588645	-2.7202086932222937	1.4939123974926942	-1.7722632779636251	-1.912106596312063	1.3394526930531325	0.24550095182152062	-0.9827083552385764	-2.1704879625415225	-0.9571316579721263	-0.8758432865453938	-0.6521860408286074	0.6848150906982041	2.109134658665005	-1.456031647085783	-0.04146281215357772	0.04913039365829102	-1.3919105855252887	1.6212811398366707	0.9851327131937986	-1.345817835978731	1.5829587850816262	-0.11865136539820045	2.2806875650851812	-1.726226507632213	-0.12116597457627691	-1.3080788776718337	-1.6333252994241625	0.19128203011186143	0.9707484907730324	0.25089727931798494	0.24765840305815817	1.1837146354416224	-0.11967174459499898	-0.4942298118326099	1.5731828569795123	-0.22111685475494544	-0.45931243322947685	-1.1119581498865236	0.26625845371956114	-0.19691562129115267	-0.009745400334628477	-1.7115135056109056	0.7532454828979638	-0.9719290780888697	-0.27925967282597386	-0.023724803297673604	-1.0995667020050388	1.557720673625318	0.6725434757166379	0.4384442320466438	0.31531166505154823	-1.0823175231013888	-0.01210808377331214
DTXSID2046759	1.8151985971679754	-3.37932437926644	-0.5542978778135327	-0.6443737616188535	-3.4852987149334367	4.286876062557405	1.155998629573702	-0.1451158865653515	-0.5426121987026838	0.49476527374235413	0.7971943814911009	-0.9937179319029987	1.530406240070829	0.3065169686441456	-1.330600910756411	1.059457078467818	0.513969462168344	0.8675594330631544	-0.612836676841074	-0.7780808089752919	1.4878544573924524	-1.4939062575601205	0.1793254050537412	-0.6413933501132583	-0.4062727263373553	-0.8344642234329095	1.0634686100490678	2.0775402816183446	-0.0736777406197918	0.6369144876036978	-0.012021594610197762	-1.0506015131364799	-1.4597867860791225	0.04779346930291909	-0.6881918831615172	-0.3480744212862609	0.7271134686268531	0.7651695970991825	-0.40012585944286305	0.2101617309086559	0.432929385388708	1.3239934309647363	-0.467053001564903	0.13134014684279657	-0.11981823192550813	0.4278972770913724	0.963638034941263	-0.20233140009093445	0.9310382371054158	0.7798173813552975	-0.9625345004632345	-0.44959582689245714	0.3418453756622274	1.1375515311379027	0.5079985846701685	1.244281947620336	-1.4518747182317007	0.2724312826463116	1.5586778599636626	-0.12614630818917366	0.3032733864202337	-0.7522427823891261	0.23852433307040213	-0.8643467459529262	0.6155334808734159	0.49007011037866605	-0.3496740158452975	-0.10781575912534434	0.4247090887684277	-0.1426475620403495	1.240176107972842	0.5123391091322196	-0.5309274196982668	0.23072957473822123	-0.2832862384565169	-1.0822306480023487	1.2103375132644243	1.927021194125869	-0.7972984788308084	-0.8042249515848139	-0.813262494062063	0.16335705081793675	0.8147096202671231	-0.9752100316019834	-0.09953774180748062	1.0257810798505502	-1.5263059023151682	-1.5474021337165194	1.2453922406204605	-0.12358073318074264	0.11992129006630335	0.9646761120952863	-0.3185810595828978	-0.2789983108829863	0.5036185788744736	-0.022946071216041444	-0.0637204545473516	0.49533279800789665	-0.3287826259355287	-1.1151912665012527
DTXSID3057723	10.390949823581456	-4.974525835522196	-5.115925900373815	-0.33260807481446714	-4.175079035789984	5.609305392907723	5.295625264960734	0.6818321896024634	-1.5489883652656125	1.3997860679197291	2.0985026233189	-2.813376269513507	-0.5822663348628763	0.8405888797378647	-1.9162755583548166	2.5022927044175503	0.45531568080755025	-2.3188816623094115	0.5099851642130125	0.6401429635801852	-2.7393122188286716	0.6501813003024753	3.986041128253905	-2.6840494316402004	1.1474044270740982	2.1113597939061095	1.3963253119959904	-0.88683540616752	0.6162493281985778	2.2887614051323837	3.723150145874319	-5.501717573408518	-2.357142501594468	0.425680687490392	5.338217971668949	-2.2322484780237906	0.3840430307318233	0.5958557423716149	2.2068303388762915	3.838757278836425	-6.4037876732685275	0.26187204217254123	-1.3959981515923272	0.20154234397256313	-3.8932312145528836	4.343164826744179	2.721116362031259	-0.6677416111214165	-1.4922785886342986	5.699422050082766	0.6803044620564304	-1.3407226274064115	1.6712698166104787	1.323972429152696	-1.5894822754909699	0.5994210026374251	-0.07906596215052099	0.19947318283557075	-1.022427209881793	2.7145887964505904	-0.7619565910643736	-1.0169977580258271	0.3278139049825085	-2.5091898967650397	0.33801272256900083	-1.6109656875743792	-0.045437808762825556	0.38271761676698046	0.15939436287868788	1.9488312041160654	1.573626602892181	1.087602457892182	-1.2536535831051276	-2.3000349584419144	0.7622977201860421	1.71835473770601	0.41576062145283527	0.7657529762213663	0.8881791990944686	-0.2503397891936443	-1.8192265929233162	0.849522522574852	-0.22546095995604398	1.9317862458557185	-1.0516333706060927	-0.44340682932732745	-1.0645973053723423	-0.2904019300718456	-0.49172966975557647	1.9180534762925836	-0.03808595269085886	-0.058186570963172334	-1.034649305837398	-1.2764938555583996	0.2443278271842751	1.3733578766764014	-1.3192603172292927	-0.2031571594716872	0.6418066976818197	-0.8467742087578038
DTXSID0047874	-1.1611064558542823	-3.780605994405203	1.2726069377243687	-2.584941383160275	-0.4811461950261728	-1.4197101304241988	-1.6624226983922734	-0.8452681010592149	-1.2295120056138855	3.78502252621802	2.773357451477098	-0.4553027469042421	-0.5325084493099101	1.612539036060937	-0.37085372780956516	0.5853829319503407	2.648967831425726	-0.2473281150021806	1.4820812160267571	-0.9899757548496042	1.1570327866064734	0.11143105874470424	1.3945599993027256	-0.18294643421416792	-0.5708698238677093	1.4584047912149936	0.39651417649023474	0.5814474632115273	-0.27565135617044473	1.2888191057539014	0.9874858416049265	-0.3432812983438354	0.7410982850895542	0.5049630197161771	0.8632448501043528	1.1115031079360311	-0.9406224037589049	-0.7722084296375387	0.726687424249172	-0.11906455090648073	0.8717622644531507	1.3317085104496118	0.07918227319848649	-0.08331005503187518	0.08603851462777831	0.2917052246745099	0.2140478564849949	-0.3959988188893321	0.13109167658015833	-2.172295491086295	-0.39184611435437994	1.0235643682914035	-0.21697735537623528	-0.24320445093737655	0.2943141173924194	-0.5073306808122631	1.2979037633467825	0.538283584622625	-0.013664690132231726	-0.4426712456484088	0.14351790312756052	0.13177290459578628	-1.3185700143724677	0.7693939603948498	0.332044269272408	0.21429597118403723	0.5181484532189065	0.2102302092908003	-0.010242795270816448	-0.2924353565446819	-0.980910580791078	-0.163333335625923	0.12186643023028497	0.20079344168662214	-0.5906062422717309	0.5901992039587488	0.3668422309483058	0.040369550286887636	0.1369173337570318	-0.29482579061203656	0.44347132648186705	-0.16142132467963677	0.13796034132412052	0.3184057993246586	-0.09081433979338205	0.3903857239338126	0.17874985562240708	-0.2899960049307058	-0.6554562360182072	-0.033543819885162786	0.361306208298129	-0.045342143674747024	-0.32759660884379077	0.1804803784145997	-0.1885642455194895	-0.40733937255364755	0.18233395174769368	-0.03341579866900884	0.043483334068845116	0.2510263977148711
DTXSID2022880	7.986637833381312	9.77401730766265	3.524349889034498	-2.2476277464102616	-3.259855180404523	-1.9814853083655477	-1.2465614737353297	3.8459664093210715	-0.0971603707129202	-0.3990217197082848	0.29735828170716	-1.1838712138303316	-2.152221438515515	-0.3269803064345283	2.1383217865255197	-0.624912296606681	1.6670828036129697	-1.755742368017277	2.1857547948845246	0.9483478367319664	2.277750683053487	-0.430502533492928	-0.3878973954656198	-1.7784130377245981	1.290532913643018	-1.2689349308984472	-0.5338239695082265	-1.2653061140705364	0.03361895983693402	-0.23844600911351685	0.045745661143165285	0.4093539241450272	0.341381581302831	1.263741116674145	-0.2957611050529395	-0.6911299316283969	-0.03957138697674581	1.164930121346209	-0.33295093677485554	-1.6688291605039012	-0.5948069725223264	-0.9075441553080833	0.2642289263314912	-0.556187562601937	0.3961525908922339	1.1507551983586566	1.0098395251983314	1.288066653860308	1.1073912938863055	0.41765458166474245	0.13467856856486277	0.479862118385368	0.7145574517767574	-0.569789284385144	-0.0541017371210876	-1.0384994451179483	-0.07597312868269168	-0.5548271049686633	-0.3085611132815153	-0.4657803238211077	-0.1794645525148104	-0.8925605114333437	0.07161068857872688	-0.03159661376597819	-0.6280679694755933	-0.3246955664539635	-0.08183154084030239	0.33831137794377697	-0.006442574038577202	-0.5928507962882928	0.22105209819103905	0.18085604020861287	0.032665061417467375	0.23678514429884995	-0.31913313767134743	0.24904837706912855	0.13038393471348433	-0.4681697474930276	0.7138209703485785	0.015384189707274435	-0.3861516823033682	0.3484986138467546	0.1425712520097415	0.4168951938167226	0.42430132118987957	-0.05597528999802644	0.29162236629717125	-0.09461029888206961	0.3112481519866894	-0.40103191926463944	-0.7255409826637085	-0.3419268929177063	-0.33900803137599134	-0.27015989001036905	-0.19978779406782815	0.07111977963793567	-0.25581918972962037	-0.3656069706314642	0.18503053947600498	-0.1871334073996473
DTXSID4022311	0.11988651281607411	-3.2897987151616994	4.083469331254259	1.5795932633563403	-1.0022726386960374	-1.7314731680799338	1.6523249004679883	-0.07717794289935402	0.8746455292619459	0.10112197243187286	2.22849682948731	-0.412255259571296	0.26828804129407247	-0.8814169323183051	0.27664579110856014	-0.09556437034908907	2.214615145237744	-1.5712153896237835	0.896609577324143	-0.27184504626752776	0.3174973114837824	0.07137902170734052	1.2240217672883411	-1.1524876357340348	1.8172684800434333	0.0313229194891569	0.8067836272565422	0.39332465734592875	-0.37387284822349537	0.24799063277433772	0.4423284111164486	-0.25728088983979747	0.8721193874093539	-0.9066487778853745	-0.18263597069991272	0.5799952502713129	0.6819444640286244	-1.3462522962928285	-0.5941649466725721	-0.20246846574020866	0.10000776024367318	-0.0933053089421571	0.20442252783997183	0.9159412262275752	-0.39333101428192185	-0.3813314864426042	0.0716600392555797	-0.8514351540063024	-0.6530194265866806	-0.486251240574962	-0.6165955615076416	-0.21152295682193337	0.6044228962566264	-1.5655458961182316	-0.8254428224563178	-0.270800374621795	-0.2690391810014469	-0.1353421891726171	0.24932318264774694	0.4350764182553101	-0.36473546976296717	-0.9259734247312184	-0.5663092260907397	0.1979665384877918	-0.043416030612148084	0.3041107424341018	0.09905703007731144	0.8335816149954901	0.16870272990117788	-0.2730640967356375	0.5413037726908694	0.25093886086675593	-0.4150170756689838	-0.35029729969759393	-0.6497569267354896	0.14100262403747688	0.2064696910678588	-0.33619943780403344	0.9557698182812119	0.37408024676657786	0.336893128811359	-0.28539635166008587	0.7451349685420282	0.5446537948029769	-0.40234485127353387	-0.09141295163534557	0.5775867819509933	-0.622363282439437	0.19427028625818218	-0.16389258002433763	-0.33316129575104064	-0.21467998547355915	-0.3286122276901269	0.057732637278668016	-0.8682507524402218	0.24284769231463776	0.45136680483807795	0.4685251460069988	-0.23441193486706272	0.12678090298214556
DTXSID2047199	-4.811910731566121	0.9466451439281185	0.908413420410188	2.0199102065671246	0.2416708250029665	-0.7866934408175347	1.2611690407945053	-0.6645267578493798	0.43134957847028105	-0.1636941571255771	2.4813191587896704	0.3591387557333754	-0.7096241747435945	0.06543926406265832	0.58789212936583	-0.7093816350797252	0.7872814772531035	-0.7292063065697562	0.9095036123447474	-0.889659363966195	-0.41424901961504534	0.3100917140790633	0.39484908311664935	0.020580496082676224	0.1088632247594709	1.4357757981653165	0.5296096703682527	-0.2872808590915527	-0.58689985893137	0.09588811639389706	0.2595804934903478	0.4386120556436478	0.428222490403085	-0.5421571503639361	-0.048934657665523774	0.4608426634143921	-0.8969865067456791	0.41929976100673816	-0.21842037656320057	-0.0013211183056695756	-0.1185434425384785	-0.32536032595949776	0.02142345959687109	0.7312251578774244	0.3204710557670666	0.07672288454266538	0.21686709351632252	-0.35808809332197267	0.17767552069959924	-0.8530698611431685	0.39366942462662574	-0.28293768890114535	-0.280748460273758	0.11026295227260119	0.14991680803061608	-0.4902135300178981	0.7709350423663864	-0.08451790209058195	1.1356871042480394	-0.4058318250020516	-0.1910241134993307	0.67504885339683	-0.009804064864734601	1.4484159223022905	-0.48871186815780143	-0.024894509374672455	-0.04169961360170909	0.2666724103265077	-0.04273563072040758	-0.7048874570017556	0.058079457487035566	-0.12591939386992593	-0.009521902597830994	0.10388198762623148	-0.32711384560958146	0.519945100506855	0.4082751984608538	-0.5296022922566751	-0.03993952119374753	0.05616431829188838	0.7004756967427909	-0.38136445592631263	0.343157863326731	0.039137702137559495	-0.05478155916406717	0.1698695462596871	0.0307039631553943	-0.02747881359790669	-0.05709730220842144	-0.05953174342424033	0.05467903849203159	0.01040008407856634	-0.2958669798728675	0.16089844408623805	0.26022015994905323	0.19486570298888423	-0.08197725088324408	0.23811927308087324	0.21612549289733216	0.007559445170086119
DTXSID3024738	-2.382017290833152	4.085690797105743	-1.3769973824567106	-0.20152867217238768	-0.18841181660383063	0.4809864677192668	0.6309680557711144	-1.7960093186174753	1.7778885924427126	-0.7093772541581236	1.6397049121182676	0.5505472957201798	0.7942472455026333	1.4431603424001715	0.7384145435287957	-0.7388223608439299	-0.9405679650744322	1.2219318320916102	0.2937953671470174	0.962283782272731	-0.9819837769516486	0.42383067983411526	-1.2343654087106446	0.23947525866396507	-0.13692807233769022	-0.6260535994056076	0.4094591500866912	-0.6673419722575709	-0.5986045799602343	0.3630913653830691	0.17096284117765886	0.9299747002333899	-0.4876032839312919	-0.9614201512535466	-0.10165800141573303	-0.3535919721647401	0.4424934059448135	-0.26694341242512354	0.8155780421300929	-0.04483281609609522	-0.42948385678486056	-1.1660005533720428	-0.17081571783642455	0.11878936493360534	0.15658892735427243	-0.8428015257945554	-0.17491842500771304	0.4713995637150666	-0.07354629203479673	0.04429561667213094	0.37621137751511985	0.17700295300243138	0.006708223401368402	-0.43471579886004036	0.012312007331767513	-0.1471066384559327	-0.7415962601751535	0.16412361212235949	-0.08323084884232824	0.12801581909975746	0.09012515838634051	-0.3334604583162814	-0.01484737537033205	0.04800005536082485	0.602256257237024	-0.04243694646304239	0.19829140089581146	-0.3763486889821072	0.03375275816205339	1.3218345344193427	-0.0063139432989547835	-0.7006996323276429	0.3651213082767806	-0.5128101594754924	-0.3675322917660856	-0.34283083546479326	0.0532107067860807	0.31986564914611154	-0.03742928585825091	-0.22534525459224705	0.547885493455274	-0.06613631841682345	-0.11195372962222604	-0.5265847679206008	0.16661090951718735	0.5007729654675765	0.5575375877073923	-0.026908962408729274	-0.5191048875696331	0.11247173869373675	0.12021710779767396	0.2593474064250879	-0.3207143367710432	0.35352316051598653	-0.5877213339391649	-0.40675067422764744	0.6474969715661628	0.06782828351829323	-0.24476411168410864	-0.09924663756645861
DTXSID0020527	-3.018366043939658	1.2248897100355378	-3.8855818182499267	2.9926812795569653	-0.011588709893733147	-0.48473470229617677	6.795007522696536	1.865379884721505	-0.5433138451512227	4.394085514383485	-2.227958986081205	4.2551802527040605	1.430716238884503	0.05135616447253071	-0.5540934465586378	-0.02635859373679889	-1.448943357145804	-0.4919830955306446	1.1438173621090835	1.6810729001938245	1.038819461959906	-1.7509978437416196	1.1734618704847306	-1.2694431156394674	-1.1588008001420642	-0.6058104540512274	-0.8561624335913948	-0.1310903614150707	1.1369465058871848	-1.6442741843104078	2.2146463132283425	1.7290753388183968	-0.616388922103568	1.848715820849268	-0.07506187822971622	0.586142723442572	0.4102924076877747	1.4684284683167843	-1.4170767353986375	-0.31507648225723084	-0.8474423201840894	1.0590094067315436	0.35765880990226234	-2.0129851295473737	0.11988783352177158	0.2007596919404189	-0.4169217089169899	0.877387541474767	-1.1777694285173483	-0.0672599937869719	-0.4722074378844871	-1.3041752709491765	-0.8252599931580658	-1.6126573362096068	-0.3381133343246357	0.7145508479396016	0.8393217235065593	0.8492160008824741	-0.8291762035453645	-0.684973975249353	0.7859507431214767	-1.5588466737957436	0.19324779181341076	-0.6162549494830656	0.1678029289160589	-2.428813348254164	0.8238835149349972	-1.0049094503046416	-1.94992548896982	0.47395928039352647	-1.5320396423718203	0.20421516846816426	-1.9942431881484168	-1.0944130438086235	0.713957184848354	0.3003697614000377	-2.145846218016247	1.3589691191811923	-0.4664443327383455	-0.9060603275705774	0.8229209853631876	-2.5587298185351566	2.6323265085391543	-2.222421365434326	-2.505163836910025	2.352802479153997	-0.21295328072715303	-1.0704559579618345	-0.25177270987793227	-0.7789892962855861	1.8191982011100352	-2.296670739002372	0.23773607232728952	-1.0814550641294935	-0.022640386059976095	3.8277594403674287	-0.9696100528305567	-0.6648303256359065	-0.016161263721533273	1.7007886958030776
DTXSID8027032	-8.144003131862753	3.1102787008257033	-2.6440499689866495	3.483101279484861	0.333048543229154	-0.3739766835652128	0.04360810219413436	1.4810750845613683	-0.3015620367862624	-0.1631477100978518	-0.4777484979951531	1.67930368842652	0.9048264862574945	0.7861545456455022	-0.8747869511214312	0.33860745736246733	-0.3852571748328032	-0.01894514223023835	0.5251465487541949	-0.7802725722823407	-0.9337468830934116	1.164890887305325	0.3947520130794408	0.7661261938763448	-0.6555855304069281	0.1295518043734179	-0.5300983899663239	-0.8873921650214316	-0.14593219420168016	-0.07979325234708957	0.3787696101197661	-0.009113564656849222	0.08820235772805024	-0.10793209680922572	0.5830807874348506	0.27138604159644963	0.3526863571674178	0.29492261204087766	0.051675504199114215	-0.8389661928262614	0.29229429274666674	-0.10219705567083973	-0.09065313878765535	0.09583974313717133	0.4028151672139207	0.10371586064384768	-0.4758376675206505	0.9744085386463139	0.5633627675574419	0.014080353873060138	-0.3494274723991779	-0.15718652369060893	0.2335764366128566	-0.8624142698534776	-0.5775782028364393	-0.7144733049009373	-0.8404307204578162	-0.5642034169602484	-0.3342360002161041	0.321689192637001	-0.5247383154524087	-0.20304429880805852	-0.5505437080872707	-0.07524069830901786	-0.14390057620514615	-0.050767714752429964	0.3756897974274375	0.38520016350421327	0.7022306627231862	0.7039803624766815	-0.7935735544561687	-0.8924661937754759	0.5900173170599726	-0.0612426182035119	-0.6090092086453204	0.05043175612242385	0.13467438963871123	-0.6598277248617523	-0.8707431149372078	-0.09098556423330736	-0.04683175445583341	-0.42170093898442584	0.450884876992745	0.30329888264506344	-0.08207960656792934	-0.7973558306443824	-0.4592424673254056	0.2984838521164268	-0.17604475247058296	-0.09044572128046194	0.4050711330270373	0.7914001804769589	-0.021160789561903922	-0.1984677208768381	-0.4803365154349342	0.5918175867279187	-0.21927165090166387	0.3549205856622398	-1.0903197464729377	0.6612777467179417
DTXSID1032519	-3.1331419159677423	-0.23751749484361886	-1.5978386278094001	-1.2403785239835097	-2.852254982160697	-1.8591454082451928	2.5725875567972345	1.2494448761379515	0.5973190996767737	-1.2782458230496876	-0.32192250054059107	-1.0548368860685893	2.074430588561173	0.006641141817519711	-0.8747398682186079	-1.3925851484172695	-0.3294974251103073	-0.3890728025174812	-0.1032302225175367	-0.8100620433500573	0.4824876792386151	-0.45211425513501713	-1.152427925519951	-0.7940184946885482	1.6010389430249106	0.3224141876382789	-0.9472144053376765	0.49800792537903515	0.5180123718126695	-0.1544431619916468	0.28938140932479545	-0.7544696394246085	0.1676807093778686	-0.4377395237665511	-1.3734183292339657	-0.3735075879824864	1.545275746390915	-0.7200830110887531	0.9426159778283643	-0.6529665954135541	-0.4719366650675486	-0.6080689041571646	0.020989417561152215	0.06552395361578106	-0.311026243952926	-1.40728925647352	0.37935264444966194	-1.3941879901343832	0.2836302387030473	0.771820926200486	-0.01478832523211027	-0.13742140356536697	0.9896928126139887	0.5988140857792734	-0.6224487505997939	0.25171820738327544	1.3690441264798814	0.5885106958534758	0.3352450555755929	1.8725690194699551	0.19922606459324882	-0.25838851990386197	0.039303972617404946	-0.3368510525526189	-0.5329966020784419	-0.30362722456758573	-0.20157119416982772	0.00026477181464653726	-0.4758483168571725	-1.5562048848340595	-0.30082040937122223	-0.36117332772490723	-0.793355428507131	0.27908504962497416	-0.661570150189477	-0.2169738645668437	-0.6504204175366068	-0.7639676954936756	0.24044344640714144	-0.24994812974744088	-0.1284294849109929	-0.5342400815978263	0.18810930355243263	-0.5120472466734413	0.09313451873139633	0.4534838419940081	0.7998682831017654	-0.39941213922866986	0.44654275265001236	-0.2403269410155502	-0.23000055726505328	0.6536344947355129	-0.30591045125849997	-0.492700931821096	-0.3359652134123289	-0.34476953883439765	0.01406262566603422	-0.5397472779185499	-0.020263918335656522	-1.1720407540289657
DTXSID3029281	-1.9402080893189018	3.5390485529256277	1.5580805412413192	-3.923006222390917	6.078259498127651	1.2604361224047638	0.5638012368572156	-2.352467401005393	0.10745994756044605	-0.8053709524226551	-3.2426757061237828	1.4390242890449516	-0.8016679464512804	-1.4587201217813712	-0.02933389582598437	1.0551777818742885	0.9892907684381108	1.513494463791895	0.2527653951294979	0.2062131435328691	0.8119916888671492	0.2114391988335405	-0.09867267836766414	-0.7276170919004205	0.5745341133833723	-0.11593948764495472	-1.346820167717155	0.7265182526811957	-0.2571906351348708	0.2390688374022471	0.025074720942977514	-1.3368076696143907	0.6839842563118496	-0.7916631631167206	0.03337050604884628	0.7376688837283215	-0.8071523124956127	-0.3136409794945966	-0.0896576940647329	0.7498846768907748	-0.07621355878593838	-0.2531032069957593	-0.8111691603744764	1.328831752157547	-0.4649011971285054	-0.5685334792638985	0.835922606454106	-0.3632831970889953	0.4018449538246716	-0.7628699198021076	0.15173173580254565	0.7354078150332364	-0.18590324332147062	0.7806729256349598	0.35318126020229684	0.7003471699843427	-0.7091107539053824	0.43982348524103515	-0.2617923978452767	0.18895258749183916	0.03726509253379919	0.9435081207876701	0.3732678546266569	0.07029987258482435	-0.14260202739032643	-0.9399662100971738	-0.229124369027025	0.10540878448605434	-0.7711067475364494	-0.9275013489632515	0.8294298257610094	0.33318158643315354	-0.1982288614322347	0.3888074469710041	-0.5401638241807477	0.2872981333321751	0.19135966696513002	0.12267565266232676	-0.4447849964572595	0.05350675106216669	-0.011948642105933294	-0.34417896912630846	-0.13217812813851748	0.1320311915435276	0.42896250964802835	0.22242768960408654	0.009442180141804347	0.022275668578724036	0.515926689285691	0.20853201443861208	-0.1300124712478924	-0.5495454198060918	-0.5984173276618314	0.04899333283023032	0.3348309487436711	0.22094258425643323	-0.26168252657642826	0.3840964661795263	0.21893233628040012	-0.1173869641598731
DTXSID9022312	-3.1261049002448944	2.3244579622306563	1.9659564987639249	-0.7135911402268301	3.5607867556566615	-0.37671498252656654	1.0433472565987847	-1.616729772044093	-0.32812038193586046	-0.7374426733446977	-0.77589361171587	0.705763696147068	-1.8467481549043057	-1.0500827158090733	-0.05270528034479525	0.6023061483972316	0.759752005543697	0.9712825992163924	0.4019872218715499	-0.5293211233623171	0.2994002966232785	0.36469265653028693	-0.4770074685051738	0.22807599849490856	0.11346958080567356	-0.03925526749949973	-0.897154370988537	0.5563742391207513	-0.12660949202860888	0.040896808601994204	-0.12360355413665888	-0.8894197451499498	0.5319765467001835	-0.5091488200100474	0.0079631541437828	0.39981072410466123	-0.6533823133252006	0.018810067869574613	-0.39001204175862664	0.6237902104373237	-0.09980320274341467	-0.16222774936457826	-0.5592585916595776	0.665882261145258	-0.22405679998176228	-0.21792001918122875	0.42319622337814283	-0.5050381049678886	0.042472560763240456	-0.4669018329657459	0.20201116305026542	0.17383553443482816	-0.04106870680302819	0.4460114438502638	-0.02789438548438372	0.729650033272724	-0.5506998438806064	0.4887268254807696	-0.22681812652120298	0.04010363816059955	0.2690827813811877	0.5817610383785563	0.2222627845276949	0.05831998298737893	-0.2536584778628058	-0.2613496125649196	-0.0848777171547408	0.3038237363536979	-0.46677794326794564	-0.6018058402755293	0.4598390875949583	0.36571602425160377	-0.17449143575632722	-0.14461470308270852	-0.11318608334165221	0.1499790341332397	0.21375967165236234	0.06315381950387171	-0.02562745956784406	0.17611383892186985	0.29551547371283365	-0.030582836031625052	-0.1493628436188583	0.0970608421417696	0.041527736312845294	0.2510836817615774	-0.2900447070570817	0.1229837261120306	0.12603783109995634	0.056552895696733343	-0.1548859139235033	-0.34866155016064987	-0.19879321408924527	-0.21080795777956218	0.17201981933289473	0.07300659365590871	-0.01498124473608058	0.189248875337228	-0.14222497206522217	-0.137344708621543
DTXSID8047551	-2.880399190171782	4.559372150177876	-2.868713643009801	-0.34298874123019024	-0.3370453450898606	0.8595829405675929	3.2816907415618624	-2.275765507087571	0.29188687678127373	-0.15950860456856	1.3527499600428525	0.17404889154179123	-0.5128007070280839	1.2385005034849383	-0.15361322289972695	1.1782746375029753	-0.8785903343910701	0.17434572939097606	1.7479750621632124	2.3198234074548525	-2.3101033693601933	2.2016971840583146	0.11979372462620835	-1.1346407764802362	1.6564574669570546	-0.3822557642246894	-0.9761032893943543	-0.45943836328457616	-0.48676070348981365	-0.45665396399255787	-0.5457156318489882	-3.3080637257087195	-1.672031175130732	-1.7377600926373535	1.4768261052639213	-2.7686178414672247	0.8312702319673585	0.08239535394138911	3.9451963908229284	1.9578675562966572	-4.211050952094556	0.9476405020487092	-1.6169984732432345	1.0386912851736756	1.4392645173028915	4.031466785810241	0.6899369127663209	-1.4510182725402565	-1.0178355811338764	0.5259003902546137	-0.10259080259855366	-1.6840225108580957	-0.61858954785162	-0.8539632814066249	-0.48394676649441853	-1.1267378677826183	1.0535196174668735	-1.6258410385392505	-0.2922174694884724	-0.5766296205615385	-0.8384477032272468	-0.4245052562873335	0.721402643681152	-0.5676596159379823	0.7451341283664311	-0.3822757834151741	-0.3978622651595134	0.2100059100924795	0.0332751346856855	0.7376267256921832	-0.09820631294981642	-0.387649176437714	-1.0573443549434474	-0.7726507102875585	-0.306932274163558	0.8912897208031708	-0.45276205900307953	0.04132195189179622	-0.1681641055740327	0.44568423681397235	0.8908092659203454	-0.5674231826595956	0.5135982530948501	0.02099645366087226	0.1630489463897553	0.030263805586526867	-0.06028783093258249	0.5391096044622277	-0.5892400866706311	-0.13442816992843012	0.33100090690250217	0.9775073273960313	0.5632912571150898	0.27254139781596876	-0.10176181598111685	0.2277315421535843	0.37944553982351686	0.003978464406329028	0.34832279604645294	-0.7286588820128709
DTXSID0023240	-1.6780518611924058	7.5291932229714	-0.09218632284064655	-0.5642191048409992	-0.5437198639851062	0.019158368071360045	0.9713752118796986	1.5475150397180497	-0.8489159243004426	0.7651902011288082	-0.023988248916997027	1.2356103909336775	-0.014623988127488908	-0.24718664884967856	1.4262522937550735	-0.7862924055633332	-0.5434083514061727	0.09542634455650553	0.9875861748423833	1.584859005773029	0.443256448749	-1.3118120198182925	0.04575907433321131	0.02363929650731182	-2.4529276594906757	-1.3465873085947528	-0.24080682333676057	-0.6318981796866483	-0.8013196461874392	-0.35402399833084	-0.024556738958209964	0.2976464796696854	-1.7257602028518628	-0.2153375340904864	-0.09744844879969469	1.1307918857514179	0.6941575978819149	-0.3519040680950476	1.4984825693144601	0.3166332565994389	-0.8266058538376913	-0.335200393707706	-0.2393283390664651	0.24068758882674096	-0.14658789039101908	-1.8273866053372698	-1.4293112036171247	1.0732563709218308	-0.18221391356180003	-0.5155953162995904	0.6052915712402811	0.5609565517714549	-0.033808299470081765	0.09613258991959306	-0.8981180525594253	1.6840663321212483	1.367245315729718	1.0161381500481201	0.4042100121568974	-2.3621037783377736	-1.8281477369430437	-1.005560629664054	-0.09624524811962243	1.1488002014627778	0.745830529480549	0.0714414810891641	0.8161745650258255	-0.7875242911699994	-0.4484903593709699	1.0935675312922855	-0.32144146045544797	-0.03423829244718796	0.9032668383574912	-0.3808027170993742	0.6402879305089159	0.47025346115594857	0.027872165915414842	-0.3948694250313567	0.0024215219850053553	1.264545064790612	-0.3394299133718684	0.8116909100280124	1.651149567518159	1.5318851790575547	0.35594083892058714	-1.814741504676854	-0.0700465205759189	-0.10464705044379272	-1.1025250203154542	0.9658585871645867	0.025080988187289995	0.8614427186045467	-0.389165245315445	0.9952107306653072	-0.406605530881271	-1.0713611157650391	0.7107320307818794	0.14361499895166885	-0.9871863723300027	-0.038534450656986505
DTXSID6044698	-4.749802149708519	3.7301642660850236	-1.9147953553918964	-2.5320196773425105	3.0057957164293723	-0.15553735833685461	0.46708664135553185	-0.7746857526345023	-0.591493709309356	0.5440528810960843	-0.6996604130084737	0.8476093848224329	0.08676993376514969	0.17651380076237475	-0.20811315980041598	-0.6738588088171584	-0.23228548296931162	0.4195927324872771	-0.958229552656053	-0.19032114252711366	-0.5307222460092672	-1.1365543999138292	-0.9309699708701273	0.6073773669476517	-1.1867618638448179	-0.6800216186021213	-0.3823740526709138	-0.4120825072651297	-0.663620946392039	-0.48213180456268484	-0.11317286789898764	0.09816659594460096	-1.6712751178328948	-0.5783878569693385	1.247933896597344	0.8779827921145327	0.06839977546094433	-0.1771974670110402	0.14802316964503612	0.14514463195525298	-0.012627580419133937	-0.011069653502081788	-0.007484520559499062	-0.03298334209497402	0.1633619042379964	-0.6550665906191752	-0.3669266364138834	0.802317884826283	-0.15206062124380973	-0.22538724895663004	0.8297795874681809	0.37060010841907637	0.6211180058664302	-0.2672451337939216	-0.28175671541156416	-0.7037279769455176	0.33885073231482843	-0.5477707975110796	-0.006788430742405503	-1.2206605155801609	-1.0360215193408924	-0.7400544843345621	-0.17693853264849518	1.2642354341346602	1.3467360612565349	0.6177081257428898	-0.10187028190479354	-0.45273543028133445	0.4258716528675701	0.47912333763247333	0.36666893507719794	-0.8703778046672639	0.3987091623365319	-0.2778417161931821	-0.3192102510192405	-0.39318953703171616	-0.2930778825274595	0.2277018699587763	0.20962775229595693	-0.07956620648785662	0.17055639826438057	0.3959956841235929	0.8628358544264448	-0.7330353105191055	0.6393539412788175	-0.4808487435868752	0.7870656560346111	0.6345292404518125	-0.797786689755426	-0.005237149320130316	0.12641799459266131	-0.5111477952785848	-0.4911346289188435	-0.4028085217633524	-0.4030845890674091	0.06829590042422741	-0.11048952262411986	-0.04234107943306097	0.5178580966574455	-0.5375371455431147
DTXSID2023642	11.41433457994876	0.3171829460425176	6.545504101705012	-5.001078299893553	3.640243833377244	3.0255399608785107	2.385054697027978	0.48591885405342383	-1.5394303442449422	-0.5447255945628683	-3.220011131090649	-1.5618272990415436	0.8683512450232886	-0.9005154993466127	-0.18038564086381836	2.895916375321032	-2.4549416891152336	-1.9059510681297105	-2.207421295642579	-1.2393588194627072	-4.745612769154545	2.6632381464085992	0.4661551447877535	3.632031588533156	-1.5053258441950141	1.085352416325847	-2.141966000774778	0.1628446283824548	-2.648407945204259	-0.5297881276585518	-0.005100479048865045	2.871379783500441	0.9073434658943617	-1.0706023134052456	-0.4781126297361398	0.20299136506379975	0.782866930483522	0.5275124236873058	0.29871348109480017	-1.2795309565781128	-0.3361104180637342	-1.813422808431211	0.06031877511824777	0.10024397941582902	1.8706853756093509	1.56376246379691	0.7862895398804343	0.2517744941380229	2.042623187691432	-0.2750358435045042	-1.5358056376190004	-0.22875359258155858	0.5996449156952653	-0.8749805441000642	-0.09922741266428482	-0.9109726790651171	0.19736697976002404	0.08498955932069081	-0.5239944204842583	0.3767139516839385	-0.11339653644510836	0.8736478910634385	0.7070318411679629	1.3101584732203404	0.5383357571708794	-0.42076365182841086	-0.6557285287649439	-0.736307265137793	1.5029957577405995	0.18484826315771988	1.2276017208234502	-0.9636593591396332	1.4212902865062278	1.6449444293181754	0.1174350347625198	0.33426308827122797	0.4220512401931719	-1.3633277570418045	-0.6564903490949069	-0.04225865918610575	-0.3349039322783167	-1.3485878312796957	0.9893576074565775	-0.31142947980945984	-0.4442709581400291	0.08783970927944233	-0.6011544209016012	-0.042362560636808044	-0.08845946768845656	0.21595459340856327	-0.48645059362872994	-0.4369516833600562	0.1840960542035319	0.5696874510358947	-0.2308940056150402	0.5298114999423597	0.6867394160530775	-0.10886103127141442	-0.3310958310031634	-0.26001946949942456
DTXSID0046482	11.67602369196464	-7.039511223422188	-2.7648455551247184	3.509683379196405	0.5229152850599487	-1.4708875848146137	1.2146830911579134	2.879784566402372	-0.10205078920204992	-10.24570435795535	-4.687546572125289	-5.311231398466062	0.9612278518349509	6.946484326846582	2.403239848144927	-3.3343285500143653	-0.48694685054226067	4.85256374800141	5.647982961320068	0.5232361968870767	-4.369616449081068	-8.064625852280397	7.417190246310692	2.5404946373010993	5.551052575944342	-1.481184547159064	-1.0612449086029432	1.5170546880943807	1.7583674044737483	-1.1360100569781313	1.1989435326030307	-1.3145835766051157	-0.44790584523478166	-0.33657022853652885	-0.720502958569148	0.4393569938040769	0.03523411077813653	1.4739191659486448	-1.3130671930321964	-0.06398167569168121	0.8239887000181533	1.7457355319402659	-0.11175434810730178	-0.540960194098873	-0.39504076415352524	-0.10048365684805172	0.29119355818105686	-0.9409422455083266	0.3987654664064052	0.8193196937352011	-1.1250268554661558	0.4942538021279575	-0.24624624174219964	-1.860277249651046	-0.8738047337516018	1.6462500915714087	0.04030385233286093	0.12037699871173307	-0.18608869809956477	0.9874680193422246	-0.0020237644264644752	-2.239723950789116	0.01614080885779647	0.5014140106746356	-0.6512131659507766	-0.5406269905528445	-0.5013085053296225	0.03839181192178056	-0.1747076041941517	1.123182526654091	0.25734372494590724	0.31896564689691415	-0.12643927432120228	-1.1518252122811066	0.8154423300141601	-0.20748222507605923	1.736148824683312	1.507922765195968	0.41480941633423934	-0.349141426120751	-1.3534626053639425	1.031809805934351	0.4191937452243939	1.0159119642064993	-0.5450115551434783	-0.9058414302955832	1.2426214728499667	0.26658135714314724	-0.023351291969753954	0.0431939111338428	0.8248391467202032	-0.06925104012004353	-0.7789566933978217	-0.7711796716892996	-0.05696095796736297	0.3814170609948853	-0.29671526954273386	0.2660245624523161	1.0125976742255378	0.20892130020323277
DTXSID2022886	2.718198599862188	1.4766082963637173	-5.53709191630818	-1.9923279553181594	13.424358496761258	2.317724740368958	0.31073087313164577	1.101979111802787	-0.023288044592569425	0.5280091719961479	-2.1136023427110486	3.712912287984337	0.4768303768879179	-1.7255193136528615	3.1942764478299512	3.3863298627938376	7.775544001191473	-5.89052279311699	-1.6083114842395037	-2.371607085495505	1.3780720844204686	0.7097921522084472	3.971657235720468	3.0538160804216408	1.7841036018442558	-1.5171763271441476	7.1272391481480195	-3.9181882828434103	7.239091715725639	-0.287861518397362	-2.9561690736583888	2.508940446164738	-4.100456236024874	-0.8883574202614468	-3.0443887052523673	0.931346692794943	1.931781637254088	-1.1585138639136419	0.9641966726860307	-0.29075862351726106	-0.5155694910234414	2.882931102412673	1.3832720970429737	2.757805461547041	2.009488732670295	1.0289939998693265	1.0850598920563594	0.9356605838272678	0.21293995528981513	0.359590823858987	-0.07663096481013963	0.20978393383418653	1.6996536606859316	4.540666828953334	0.5722835993331705	4.1080063322902935	1.524929808092688	-2.4561172795355293	-0.5627103263693882	3.7331179480379393	2.374788756409089	-4.4943404358642445	3.9389911341557706	3.8726058576648508	-2.9084019523958906	1.1393996880055663	5.093610667794344	-1.0947856179242685	3.777832733313716	1.489239005610669	-3.5603034681761208	1.8620229947436566	-0.8233258495702936	-3.226253020870505	0.32937169245729453	-1.281693821329125	-0.04815031724800131	-0.08451622473425618	0.1348816990549283	1.2776187920639572	-0.5110915089806111	-0.30390634962008534	0.6061791542064205	-0.4955004769347635	-0.0008561162482878728	0.16290060840921192	-0.2903712087587536	-0.6039517884278249	0.7568956412001654	-0.5187583430301619	0.5720912520097642	0.4008093938138164	0.682354179977417	0.18824465234634957	0.1007499878978796	0.6283933778886163	0.21863626927400995	0.07105333467868426	-0.06508421716770658	0.26184561246163857
DTXSID7021318	-8.283694082340382	0.33041350129903935	-4.088840298592588	-1.9409030232944424	-0.2223535547695173	-1.938486118560328	-3.6105100976795956	-0.8703229319174551	-3.911350815222021	3.205909165336987	-2.1335503180253546	1.9057693812466756	-1.0826464965262363	1.6198325279166388	-0.843325774979748	-1.0168766088871803	0.8355138664077062	-1.4808864037629128	-0.7861926352904903	0.26666455461934097	-0.17851796582572746	-2.3055608408469266	-1.9620150474747753	0.520489573032432	0.7604683775763611	1.1389296272095821	-2.3249327257285315	-2.859963049128182	-0.2248574095732184	-2.2546869730681762	3.438405916812399	0.8067456867846463	-1.6026721857162292	0.8854383679932484	-0.598796103557769	0.42629475180513177	1.8785993757610817	-0.13026337377481031	-0.3961691230893695	-0.40879800406775674	-1.1043127016900636	2.2308695749977185	0.39317100461541726	-0.9172874611620132	-0.5721139751658993	0.16175072713877992	1.1034814294924238	-0.25828983210954964	-2.367876824544407	-0.7460755037989784	0.6607970282319776	-0.01873612084800456	-2.085289690037831	0.012229203953260418	-1.106986888499935	1.2607134650353746	-1.7458587157687984	-0.7490805162100905	-0.4486029410271791	-0.3002877056903115	0.6071065551285106	0.370929213913064	-0.6578767578335194	-0.09543327220521182	-0.06895223754299483	-0.3213996653495788	-0.17497954385389	0.3792708492660537	0.4775887931964586	0.8959828320849439	0.8848863931618409	-0.43332591232663115	1.4089563596492358	0.08761701578105308	-0.5397879526339339	1.066184858331007	-0.6568240296526883	0.41405003462210765	0.004326251973775304	-0.4002958807316381	-0.44366559323986193	-0.1754869143336731	0.07740674181324177	0.6300646551046917	-0.9838463908364161	0.08809249206953094	-0.778563140620685	0.7462666566006183	-0.931914936149013	-0.6673566983141186	0.24750453010708287	0.5190563841549962	-0.13117679176049443	0.07092768152408074	-0.8506073605609519	0.15353144821125125	0.16254864860492713	0.2091563285242967	0.2258677584788157	-0.14203957076075585
DTXSID2023488	5.877223720183831	-4.114445080137354	1.16728420831752	2.7460354846559216	-0.17347898627213193	0.8577377598495808	0.36778341624739613	0.7700564824011252	-0.34109920444448777	-5.034651889605488	0.6396624030426855	-2.36500965793298	-3.791715571257323	0.030169268591320703	-3.4707904277281516	-2.4378384580887626	-3.3462420334280365	1.147152541486917	3.7356936103594958	0.2055390128269556	2.4775529167147647	6.474296135521116	5.328197705690186	-0.731984879798231	1.789690217113264	-0.5290961038575567	-0.4226299882001178	1.3824326736420949	-1.022431389928638	-0.29350797264971173	2.2684531467431492	2.764138146862257	-5.44584730111966	4.374154555620707	2.4655984893980114	1.6569526147027642	8.082914251756044	-1.7907727917412133	-0.6860582424000912	0.015158069474007519	-1.3165860798767532	-0.19144553122242475	0.46725705088489256	2.499134593997947	-1.9443009165209288	-0.2572424714316484	-2.384514337026206	2.0412113982365625	-0.03618484942152989	-3.1460255394672885	2.3982263029331112	-0.2084968867276839	-3.110852536659276	3.410047667285532	3.6835195481860388	-1.5399623940407796	1.798655972235805	-1.4384614070003805	-1.6659602787400167	-0.5783604317671158	2.6320918636650457	4.092657755466713	1.5867976734351659	-0.6015337471975226	3.295867162587082	1.7488587325687257	-0.11772815634778115	-2.8863371530298876	2.074996290329487	-0.6091059670549097	-1.558623259980972	-1.7259790990192037	-5.717115287170463	5.073351997283114	-2.7072048054118256	-2.776516242168706	0.9978657873590838	3.4809289339753877	1.6266647851941622	0.8400109764756885	-0.10928074758513431	-0.016027380316706058	0.22643908059592857	2.534865080146164	-4.427363065788401	-3.1320005134498623	-1.195228450110616	-2.9496201567727454	0.4625883490808565	-1.8801447492771148	1.3127867317080113	-0.6320536457432413	0.13599511843307716	-1.300118276317662	0.465653725727877	0.6089004510271728	-0.5849024131883084	-1.4163895791661352	-0.6936480891253985	-0.29009861390422326
DTXSID0047163	-3.4272401818145943	3.9413076560315705	0.786152856591542	0.456461140768432	-0.8290857294583692	1.0761418645882435	-0.08366731675948748	-1.2177050154926188	0.5883206826092179	-0.2877988010228188	-0.3791585428743999	0.21874546140182094	1.823276753271604	-0.02511266538223049	-0.8740523965748079	-1.280110453697346	-0.5810741438992744	1.2460760589493258	-0.4754989504637783	-0.41521617308591	-0.40085802176495844	0.0664731524597919	-0.08589656401927001	-0.26867783493137204	0.577192298737032	0.3562555976858268	0.8137989095301601	0.48332391541533004	0.4243168029481973	-0.7605738715780553	0.3138980077375207	-0.23208514694771137	0.3443159896066538	0.3372992675055256	-0.5341547054270807	-0.00814691084896416	-0.6400569556817074	0.09394015432487099	-0.9962876079721389	1.9659765657598491	0.034734291003563206	0.16544108749283531	-0.5944644821896361	0.8521789310292017	0.27638743279733524	0.5133749604162632	0.2762455221142712	-1.0592810380920685	-1.0817328077281314	-1.3970125041367774	-0.2187708309233249	1.4373843943216673	0.33461365554215794	0.45980974657537277	-0.04823400732721609	0.6336958624999389	0.6677219104906109	0.13975683904925465	0.18113195769732485	0.6122714718571756	0.2195024222804247	2.1668910624594635	0.7609849216077585	0.1755120199791339	-0.3431414512000464	-0.5323263288426339	0.24276282849866818	0.15614323556523424	0.11554733237163158	-0.17487611040525308	0.2837015300203207	-0.1412918647498219	-0.10933431927666891	-0.6744899869923864	0.36889382101141743	0.25736110703647214	0.17892960802305563	-0.72998995794051	0.14673904266153454	-0.12908027590185275	1.2716173993857958	0.19744470991935087	0.5653925171753731	-0.46197227599364327	0.5489444999085128	0.026097935221814986	-0.14741061806798295	-0.029920776507424158	0.6864231882069599	-0.21835294242410483	-0.2923181120622451	0.3443846235142515	-0.724786978887054	-0.16188321397381053	-0.05426727269250906	0.2142808905673832	0.4198300418196134	0.6250262656678269	0.20776349702793795	0.06110136553203017
DTXSID6023319	4.1049376255729	-5.119423858219744	0.7872264947744042	-7.729450400067468	-1.1365139825671646	-3.1243705291930057	-0.34994174303248893	0.38634788819694615	-0.8790167083751362	2.0991225121310406	-1.0807744354627884	-1.8298484736238707	1.9463972617365053	1.4014437242691635	-1.709582993272029	0.9259014091492678	1.872775069345852	2.8223028945495447	0.80929668911151	1.1294469945094594	0.4500411086785412	2.5705605781783802	-1.4460857827060483	0.8391196241471687	0.042674194677941944	0.37007515254837403	-0.9319737654176967	-0.19477231036372597	0.34928104761203815	2.4727153126356733	-1.4055377548597148	2.1693469706293	0.9824678657329547	5.039606074458843	2.661996511520125	-2.109315100321642	-4.763287929573794	6.171364455930536	1.0069135779314777	-2.977307788952756	-4.974967347124416	4.827511734583441	5.72509129795316	7.163566124358713	-1.2725139212871455	-4.992314438043939	-1.3810469121717184	-2.660755779936844	1.466219684771811	-2.013059147873499	-1.667268443879895	1.3854844869595302	0.4239804200941697	-0.2424933503349125	-2.460184912736927	-0.17946146010792483	-1.1806855845378	-0.3992607468869221	1.0693826170120126	0.48651185093933913	-0.6405183788145186	-0.2494919301227519	-0.11537337034398366	-1.2871374219709135	0.8650188319990469	1.5646836074907169	0.2371641362556807	1.0420814135505105	-1.2905977428031477	2.02004234888627	-2.0541385263451843	-0.7484747153721332	-0.9310440215967791	-1.46918985380577	-0.12333040163775662	0.04215152361701217	0.4271087626475951	0.881680158393466	0.933814421031494	0.11780823769856459	1.003516663886398	1.3044187445076822	-0.3021274230205826	-0.6083419142740399	-0.24500238160794716	-0.2582594613528715	-0.12595211642154797	-0.15988241847445164	-1.069629421729321	-0.36108354990544533	-0.5894962921706626	0.3727402738626712	0.07026169567678828	-1.0570748811464878	-0.09461451907453404	-0.4899010571364997	1.3593663606197042	-0.5429560057155283	-0.33401565783038234	0.36108671273987625
DTXSID4027529	-7.641907862209745	2.8247284413078897	-3.0885051106602126	0.6849073441438732	-0.31674512457089743	-0.13208219150437334	0.18304970668296236	-1.5321528527752168	-0.6142168632332782	0.6064999082026238	0.0426225952941041	0.4508216867650576	0.8564047381712349	0.7449835226828047	-0.5882715656266381	-0.058715847501918675	-0.8081355527991864	0.7175202158903823	-0.2812487787225674	0.30104355855778336	0.013113867024415643	-0.762161651566533	-0.20137759663422616	-0.19080468204267836	-0.6146903814198745	-0.23044778865286406	0.7826658677752376	0.18192391080226267	-0.05033478563673657	-0.657554702651156	0.5591929259284413	0.4636756133481518	-0.43993488091872557	0.33636164030776816	0.29431845689664166	0.19392724237912348	0.7553186916568616	-0.0531960964639231	0.07941034619559967	0.014478320380107485	0.04416500024734737	0.6643192822823797	-0.07133490088905411	0.037855712275860265	0.3792670548525947	-0.22446213537714843	0.14564483113976942	0.2755464590462258	0.4929500714363922	-0.1311147399171979	-0.17897474265649402	0.4098744629297473	0.0336679604949492	-0.19317702550982888	-0.41915556964995393	-0.674808805731235	-0.6785897837119268	-0.31053737701497275	-0.85903737213386	-0.2695462603963711	0.08567801063190995	-0.6072841431450521	-1.172353071668217	0.04604592933285334	-0.25804472284377655	-0.6073545034739329	-0.5330100183701946	0.7831434313594414	0.9833171721987604	-0.0304114319639178	-0.44571762373990814	-0.2828928888801284	0.25586043955106225	0.037590505796911755	-0.5597960282404072	-0.1761678534154681	0.32492514856309557	0.1592408367337487	-0.7935751704617885	-0.19747794842829564	-0.13248119174625947	0.05103063144472087	0.4919696027900364	-0.13487710471588657	-0.17538071807213326	-0.2007443686340109	0.10811124205172466	-0.11009872652343819	-0.18981478973289115	-0.05838943869527744	-0.20347109950866	0.5933974064613037	-0.23557751595189366	-0.5404644445062987	0.17657193211045744	0.1850891108544553	0.4423315010766908	0.29080905361049014	-0.34014363054483165	0.10886747965233731
DTXSID6046185	5.230216677852739	-5.329758764367278	-1.87675460429586	4.759304769761372	0.5330567377188611	-0.46408492585611966	4.453230034555488	0.5491323065084802	0.4842977017147515	-2.141062573299505	-0.6412850160876591	-0.382508198035048	1.3373112074532165	3.632614719166687	0.09244369793304485	-0.8528798418243453	1.6829843331954433	0.1718673709609076	4.097149064395853	1.6072664235784835	3.5189368608289464	-0.8563430831370823	0.3885934720485504	-2.23012649236342	2.2077012558919145	1.5901372488357897	-0.09623687519960022	3.318758781182688	2.2225322198924875	-1.4565459825165397	-0.033222278964232264	2.415708671853714	-1.2703754808620642	2.567084984053253	2.8324199920931235	1.1248362865720447	4.989178755347469	-1.3159631666474	-2.5480099784556383	-0.9166952420450519	0.5338383899774501	-3.522691859508328	-1.79238782089717	6.5605706729825215	-1.5295211731286977	1.57019794699496	-2.14609612907742	2.2950622679470873	2.3753756313074015	0.3997092410880236	3.301939658173317	1.183818201260057	-3.652025003393739	1.073139793283559	4.043687921709222	0.17324371065117974	1.7221633801558105	-0.9054325788926467	-1.0962646488929713	2.6870815034356634	-1.0745306995808492	5.520471261536254	-0.1470383623386739	5.147415880875221	4.019819225756924	4.471283369392792	-0.2273944146017444	4.642264601288411	0.543150416912897	2.451911841695051	0.6741412498502557	2.9582240344812645	-1.219221221399494	0.7134797389265488	0.4561586880431591	2.8930731760414226	-2.0209820933122122	-0.455747287750795	-1.4772808232996286	0.6190410723698477	-1.3584100442826816	-2.4667360356387644	-2.3575257600743953	1.4180918767830266	1.2687029267829357	-0.4901525380826616	2.9640173175438482	0.555527421931167	0.5915042526979668	-0.8288064253283687	-0.4621072782999668	1.3835488509200051	-0.4237733479344046	0.8207083405917078	-1.1274287070210518	0.2646991536906684	0.35729611663027433	-0.13995599975934167	1.5104100617888345	0.6131061283587164
DTXSID8046240	0.9903379314133897	-1.5643978149584212	1.2461710080709878	2.9532975714475587	0.7447024388537882	0.6042849759611231	-0.1528689591224165	-1.730873527569462	0.7434768452264732	-2.180511133486525	-0.10330729042501417	-2.0440546091377714	3.0374774534655287	4.749049230534685	-0.9932508734369297	-1.035643443807651	0.7730058766709945	-0.204396461780205	1.2063539305674957	-0.4846130981075316	0.39949718274797974	-1.0554917672169528	1.0294058140316644	-1.52960162851013	0.6084912135989312	0.6665445680416106	0.8974217814888409	1.5936488898892844	-0.19221348203030447	-0.6471461891350371	1.1574051049460252	0.01689233874459318	-0.5888904472015865	0.2757171263418832	0.17046471926740303	1.2226442320571989	0.40843305137236546	1.0051360251629335	-1.1669669528201871	1.7287921536548179	0.7367077499734088	0.7461432624589767	-0.762331535505642	-0.380912716773958	-0.07941168862383109	-0.6336050524918159	0.14745462433488218	-1.9323013700586036	-1.6289863582731947	-1.3039164120936269	-1.5725578040384647	-0.05286795063661426	-0.1596237602733025	-0.8335970552728567	-0.9667897372630293	-0.0841215380183342	1.1403979104536943	-0.5196365912451781	-0.7337137100032955	-0.30636157656545143	-0.5809603336263367	0.008736383041718402	1.5074977109468435	1.3424638743308526	-0.03624879119735617	0.6358994922838133	-0.036660664377286045	0.35035581101689084	0.5117672767099959	-1.0817010677134	-0.5951127738973583	-0.2773044217620005	0.06556688904811094	-0.33192891881856906	-0.013841243159664916	0.3400878843665009	0.7682015503048524	-0.7538304793769689	0.6947680309941222	-0.38184376332638775	0.5827090018229113	0.11209136880940174	0.3962300397358478	-0.4762450326763163	0.29400028744688345	-0.2773804795338096	0.18700878706399776	0.024928818088357434	0.30166845793210706	-0.6606690480195877	0.2533333039219834	0.136176492928408	0.7872677952975778	0.11090851752791381	0.36863970117672495	-0.2262898893512227	-0.13377727010725082	-0.20921899105329572	0.2953844837887082	0.20590835413409012
DTXSID6048670	6.326113885348658	-4.9027211006541895	1.3809053879551958	-0.6488052610522219	-0.25797044489106363	0.3880464404256375	-0.8677352174833751	0.1264597238626659	1.4451032088912996	-3.633031225346374	0.7645285847799551	-0.810355850071672	-0.5569482747263214	-5.699446473621478	-1.298965502510989	-3.290859101035114	-1.9660551140909082	2.3999299224942394	1.2901911851528507	-0.34396438315287764	1.0290407002744841	6.534622918204527	2.5573208980046247	-1.6058259246147601	4.682622067195761	-2.852479699065332	2.4566585420849063	-1.6762345479234075	-1.2169132992719176	-2.1545243394470575	2.9508895483811117	2.7106911765096378	-2.416643659706166	-0.7330276298436758	0.30538975772244364	2.313757878679768	1.3106905785762615	-1.4653102360190355	0.49094987605135	-0.3369270605939727	-0.10178509140200662	0.36745697192019544	0.17685761032274408	0.33964418913563216	-0.6661497119051963	-1.5450049160123371	0.4294704986932576	-0.35438667716869454	-2.056040941767563	-0.14381946048828126	1.0185654384574185	-0.23922968720495266	-0.6951926747595994	0.00965777778100971	-0.38638560740488587	-0.12749619736811618	0.5821063789253578	-1.0197453293826573	-3.9918635834442213	-1.1537942508506138	2.4384063042147313	1.540968405444021	-0.2702388857981625	-0.1255340929824928	0.8270572100036765	1.8037462436591256	-0.22170453941592652	-1.437659656902166	1.6339561989828568	-0.5424310471271446	-1.7030819124069048	-3.2771711260523335	-6.437731154540847	3.7271097491494563	-3.51380302706974	-2.6582096216762627	3.104064178532398	1.1881570197863909	1.226465366926932	0.4830883914505566	-0.25316013171024176	-0.518988741597224	-0.4411637038419457	2.8242661228722747	-3.3584780841783095	-3.970306423082045	-2.4340650123142913	-3.989306921265911	1.0601691424253912	0.745098903728927	0.99610122008055	-1.2881164960661495	-1.0671108200765345	-1.6008515533195116	-0.3416663715828242	1.0421863525800468	-0.4000592230067722	-2.33237586357028	0.7376120180206263	-1.0317533277536428
DTXSID5020944	-1.3011474542638009	-2.5649210561516536	-4.989631767833416	6.034551514220477	-4.480242034768156	2.451869853322596	2.169603319399716	1.1530601605510216	0.7095968268052171	-1.717451809990408	-3.175611512304754	1.4579826089766512	-0.24798742843881327	-1.7338251192346363	0.8303662399439092	-2.5926665200909573	-0.8768632283436972	4.284805338918117	1.8714009716088806	-1.0062145460516703	2.812329235692959	6.315368414561228	2.076926269937453	-0.17996440544708062	0.4608986994846628	-2.44381021874498	0.5865378540320833	-1.294402481365364	-1.7872888498753086	-0.17520949872523509	0.6055854845391925	2.7615379507506237	1.182683698093469	0.04782108446369343	-0.22038566981565366	-0.804943860450314	1.4228332871763703	0.36450789354621643	1.5393251591517656	-1.95510413620412	-0.2942834147556576	-0.3958349654854144	-0.538209929741729	0.04434922759038726	-1.4285829940967747	-1.7838144814621617	3.558685188758998	1.688379605863492	-0.7743630483387398	2.1007535710820187	1.6728549362316765	3.7926552641451923	0.7081931843138001	-2.354892861711298	2.5526626998661457	2.4071402101743056	0.9125859760599149	-4.559776799907744	-0.2041108029268673	1.3221940264428913	0.5402248932568444	-1.6096133029518398	-1.584111232322691	2.979205802464217	3.162599004189702	5.108023022157589	-1.7519538230926939	5.561275580973526	-1.6588355932839098	-2.0875628634344903	1.7838054360066382	4.856966908437955	1.3315250687634446	-1.8202425311691397	3.433224481966504	5.383944431658982	-2.772892780100945	-2.602255320538866	-3.5285473510755945	0.4037691417651505	-1.731131642728201	-2.4502647714996617	-1.8338620609482157	-0.37901365596787245	1.978222470521229	1.5826652438563498	3.047208435369508	2.8502350314100546	1.7608516957278704	-0.4710988925514664	0.3069746293367119	1.2222406329262296	0.3424162139582047	0.2531976362236712	-0.05261691251029268	-0.1961841901176719	-0.2710444634540808	0.5027992420282189	2.006328503017211	-1.163901970214435
DTXSID8037594	-0.9354652988562407	-1.0488308383925806	-3.9383843163140635	-0.2453102898439669	-0.19939858538459274	-0.5374372648121486	3.0193888839638943	5.668445137613919	0.9807101239482008	-4.089870965811125	1.3331594348754852	1.9590264224437433	-0.3785647022437189	-1.0752151420947813	0.08446152915442126	0.3633489076607428	1.4860420124961313	-0.11516635446369676	0.13212377182434346	0.1532754861482171	0.7200838242972903	-1.7249901383289543	-0.1674933461475446	-1.2124756546897233	-1.8283237121216436	0.9514329814644292	1.887569950236927	1.56786527084874	-1.6336664799873333	-0.6725617853195793	0.012865500552762546	-0.0036101509740686863	-0.39091809095430924	0.1994931872506682	0.06059211505973895	-0.31223688919727394	0.3478286475913957	-0.5043724837000044	1.4166115071092111	-0.8576109289813323	-0.5655261366618791	-0.28839575061011347	0.5087796127707241	-0.7332603522677318	0.22122389542825605	-0.35473915424689983	0.050794695443940226	-0.31782673869223776	0.6588539156511055	-0.5617347980302846	-0.602915968957209	-0.030394769533171603	-1.1605968489644154	-0.22792653249772235	0.0348458549634156	-0.3999067976545331	0.4782169745541494	0.12680979022523378	1.024554363121384	-0.8037202000013106	0.10233795031051547	0.007618617287444653	1.0920228334571163	0.6872627330893308	0.9088393067596743	-0.35718772037364666	-0.6574167593929905	0.17434686855463163	0.26779051045202573	1.1049717867573228	0.33898326824967207	-0.14520161751085958	0.6600743450811662	-0.35645955185029005	0.1722552446221123	-0.5071600741339168	0.3479526230246245	0.2607361569394818	0.3237732643796429	0.058639687728111324	0.6316365588944823	-0.5191555709970274	-0.23676550866260548	0.28321568033847766	0.1434493455480245	0.04849435150939729	0.08295787149107278	0.8424018956190944	-0.1787256508780901	0.6956087648277447	0.6382787640912557	-0.45137668736028697	0.23950604467694	-0.0227036518115507	-0.5628747084725961	-0.3441103844622429	-0.27957208816613693	-0.17721912025512926	-0.03464471500053721	0.06911245546893918
DTXSID7046465	13.450107948126718	14.901347689651416	2.788918236235463	-1.3829831779095323	-5.256582272263825	1.312772282740626	-1.954472456600752	1.7059555946217846	-0.6234610973876734	2.8234517320435724	1.902159581648153	-1.78796801293263	-1.055264809486002	1.1758463505109495	1.5197951103268397	0.08312606880622561	-1.0025041949845608	-1.8455468474892156	1.4290661699651093	4.534969208905959	-0.1686240547565551	0.5667576108471771	1.7510743866213416	-2.2546385597080603	0.30251812322938126	0.35412868738834874	1.175427521502825	1.60628023441151	0.18945185756308108	-3.228765466379644	-2.545974640651117	-1.436860536541184	0.8967840782543322	1.466615558602889	-2.640452959775535	-0.7815104412826146	1.408022064331435	-0.36217738277301575	0.8967215490038946	-0.6058959525592758	1.2534864034432032	3.6173801203440608	-0.46261202989029476	0.2248166869219187	-2.650069810155999	-1.676221819055272	-2.1601680278309687	0.3607402169874029	-2.030846778274529	1.9422350689579957	1.7059700685738015	-1.0558325416703465	0.4222417613363602	1.4995401370115702	-0.01908883044212045	1.4857858654426026	0.9302949638238122	0.5726881482473993	0.6092012163672845	-0.7070187843208707	-0.41195485691838396	-1.4498086887949333	-0.7938183802148329	-0.9527144666680483	0.6157633709789178	-0.5382005106324489	0.5616052519984798	0.9563682255480263	0.2669477127666093	-0.5264609168767987	0.06879962981841177	0.16468184100849126	0.49132242884443816	0.3149043698317624	-1.2481620545078473	0.1440832058847361	0.125280921287204	0.9463991258691384	-1.0626110197577323	-0.02745372043050952	-0.30219206175116864	1.0978137692465686	-2.2666095702311257	-0.23138516538639664	-0.7818337233759249	1.871262223188515	1.8178392890154282	0.5016758101950709	-0.5084100857310736	-0.32963248339049267	-0.30041318561686003	-1.2437035118927566	0.18441047409330594	-0.42021815702207044	0.0034603680929964752	0.8358550990700702	-1.7795747957656924	-0.14788102957211294	1.160192231721958	0.6252999849418738
DTXSID4036435	-1.483938370638927	4.55743501636069	-3.1801247251494935	-1.8498718602506954	1.5708432987173229	2.605455668210762	4.585077747352553	-0.9751179096535093	-1.0866342879234707	-0.646482020946057	-1.5924770995209183	-0.6230722348070039	-1.0795745475082839	-0.31167555784517675	-0.5233562339178544	2.556025575271417	-0.5207074681866493	-1.4277851308883707	0.8751190579032115	-0.4792762762607955	-1.4044018465808317	0.4338891221658862	-0.1033692810372959	-0.0722933516780361	1.0220960752082073	-0.0450361900264332	-0.8930940454104082	1.505141860788716	-2.312837117809173	-0.3546876447944346	0.15636762575983734	0.9324048720351535	0.5085510884151767	-0.34571822801134594	-0.8871571878788613	0.7306610565700155	0.4096964757713969	0.33589328583594075	-0.16382203479296553	0.9463122602587684	-0.9267059073201699	-0.5810929734635031	-0.7250748924393052	0.39686074446405434	0.49846555481572913	-0.34820601796883993	0.9608726306914637	-1.1028642694287627	0.3650203277610063	-1.5905288617310214	-0.21276630771107116	0.5339124022004462	0.07898338480806609	0.6087665685607608	0.844610682576293	0.832269315162268	0.08533600778791915	0.3284425742355712	-0.025554610922012347	-0.340285416619605	-1.105638800775451	0.14453600942795458	-0.6989954668227089	-2.148579996438009	-1.2585651775651876	1.329602077363511	-1.1896286809878376	0.1664308544735572	1.7497225614159606	0.45128441991189283	0.10401210230728371	0.9424246410344747	0.14833524659306177	0.3867699964039399	-0.17961579333214972	-0.26186492238838643	-0.05147403154406901	0.25869231367029183	-0.11697014314444769	-0.19115899953666673	-0.2016906189504535	0.058728321120348745	-0.7394032267548352	-0.4055142963708297	0.23994770855460912	0.5863462749170355	-0.22832734928142256	-0.18037353337144826	0.1516684068398717	-0.44495532620387634	0.32222892755385235	-0.28819596409534953	0.267357665370177	-0.28999637715684184	-0.1459779102214197	0.7140825356988547	-0.46276477268073657	-0.26604819683313974	-0.025526313471258652	0.3223998877958593
DTXSID7022914	-1.9470987083516844	-0.8554240766478708	-2.5004468099503168	0.08354635192546486	-3.9488925653035905	-0.19401957239791648	1.3724444340475876	0.6949419369505129	-0.6891051573924293	-1.4648443566702594	-0.9565866961014611	-1.773292539103114	-2.74724056229837	-3.125894430938509	-0.9560526361974829	-2.7421177828575636	-5.68777208085247	2.6733006401391015	0.3155974217090079	-0.09658585293489291	4.499143160774476	6.91415377056964	3.7604632514901146	-0.3574905621416065	5.6054409149560955	2.909562904870659	0.49457405629950807	-3.7036232191448697	-0.0868121982490387	0.7379022191116182	1.1493126764198913	1.0059339160260086	-2.404188561220949	-1.0887434239648242	2.395742728121958	-0.27887395669310955	1.726976174715819	-0.5357907955004725	0.8453662032848075	0.6167063915484747	1.5537285167827695	0.759675264981711	-0.0269685820862249	-1.1956176582381124	0.7989328745756157	-3.090836963175685	-2.020289435229453	0.10697161584745549	-3.620873098340782	-2.043425289453444	-1.5858027798706709	1.1349407123340847	0.9840494088639763	1.7995669980371025	2.689196772369978	-0.31111610384125965	-1.0250061763581557	1.3345717876141765	-2.736179268930734	-3.540521862021693	3.9974988444894706	1.7153835256695025	1.9563426090038964	1.9989549189399867	2.0740357389343025	0.5530111157802308	-0.847667921652546	-1.3899243384335493	2.3148206650141305	1.9694132801293007	-2.601004477440815	-2.6875349535207302	-5.161872427532353	3.7590892719325737	-2.6597917946362113	-1.3657216656260236	2.8801319328634936	2.5731632488875262	0.6823948146782663	-2.0449938049028735	-0.5514416303306893	0.4360438903424832	1.1450940166429426	5.072172175850962	-4.942549406298221	-3.4972015847903193	-1.33006657447467	-1.8499131930324932	-0.058341781829349966	-0.7475055257913432	0.4973528964258085	-2.638111874298886	-0.5420951531807101	-0.3461007858582605	0.20161715667571564	-0.09895266519891395	0.003246938414205255	-1.970703548642695	-0.38778553283682043	-0.824818678532234
DTXSID7045944	2.4099584192679075	5.625609291133187	-2.135437531881775	-0.47434129071018005	-3.377978483475719	1.8129145512479208	7.267603295933464	0.35980596670020587	-1.875030518159641	3.2885260078399363	0.4397878852319792	-0.6212968349506917	0.20803687867838025	1.431819598849337	-0.5074184647621066	1.80452026021925	-3.8216427670463795	-2.3448330054152184	3.5869569644020123	4.270584150656135	-4.552455182657333	3.3309180655622743	2.783115492703049	-1.0694522776962354	-0.12606366603021985	2.2534845296836044	0.4194237635224497	1.300019768558783	-0.8690619751852311	-2.50070340890447	-1.601367473549015	-0.5660331068172246	1.5198640053910388	-0.2213633058027404	-3.9176147459118553	0.006302261906348888	1.6498353937570824	-0.26861602251039196	0.07222322772014268	-2.7762081448015397	0.9621968118790095	3.651410054577386	0.059706795270942505	1.1831885733587904	-3.1205174171246615	0.10183657524299893	0.4244890938551759	0.5001856759382157	-1.845375890676478	-1.2224707664196688	1.1826256201759655	-1.4407917150483514	1.3804970671138945	0.6631179329224008	-0.961415085874959	0.5131094203498617	-1.587568166889402	1.2578198177803896	-0.8255925720816676	0.11433396672482532	0.14348700730155642	0.35848480021342277	2.070919699951105	1.0006449211421948	1.6994957705052711	-0.7855673040220932	0.8895238021642953	-2.146214499460595	-0.0879889941692994	-1.8047119639523046	1.6862525875795535	-0.08489885736772178	0.08477031335985417	0.26602796018076746	-0.8400605070531836	-0.3075057813307207	-0.6023753687427434	-0.6798143226242988	-0.019912071262921504	1.4099558188644274	0.21781622272007437	1.452999344647717	0.3771951513592715	0.45805915605674163	0.472014128941027	-0.21455981699071766	-0.4858787756945918	0.35854145598018433	-0.1354973019167725	0.8754334204154526	0.4148070861729415	1.6700264659639927	-0.4757683440632793	1.5028167038282367	0.4059147522775167	-1.7398885482742386	-0.6175164432170566	0.521358828922444	-0.054786170965844525	-0.748891690522834
DTXSID6020690	1.4214766459164372	-5.608584272960256	0.3772378151115194	-1.880931776314153	0.4079407851298962	-5.112548739933212	-3.544951147466886	-2.190289536588878	-5.62004261231738	6.105788498650788	-1.3141708539102381	-2.109440534920251	-3.109971517906962	2.25631446057255	-1.2384129356090041	1.9615121221037881	2.4666788216679407	1.9435424090711964	-1.0687306934385439	0.23178264615470662	0.7143234428968639	0.11965900235599508	-0.833311198900807	1.1115781958641153	-0.6406160015077942	0.21322015903604147	1.6732263928176583	-0.9499587573476356	0.5966383977763257	-1.2794055016159938	0.5195247026395688	1.4883621747154412	0.513525840035528	-0.8885740422036023	0.18897906652337507	-0.6790562094865991	-1.9128216057356495	-1.1106125425639695	0.8435590047502168	0.8813724528153508	0.49887710956383424	-0.5818956055245179	0.6537263170312104	0.627938704616578	0.4353234165526911	-0.6956542742058116	0.106140304010556	-0.2569590628262066	0.9765885004255924	0.33021063679054224	-1.0757356652556105	-0.17602837850079042	0.2150737996611484	1.8638480431603115	1.3903523044024813	-1.0092636283887422	0.5521273557354945	-0.8401762995682474	-0.6777318916785544	-0.08356632832611331	-0.3537958116998177	-0.6447827082757122	0.35860633771688727	-2.1358548652121243	0.8861542502618699	0.2465513006687416	1.3855052211330614	-0.6198970946606618	-1.0702047084364839	-0.686718431567003	0.49639509978068824	-1.4744039772182629	-0.503576957122991	0.4203618338788988	0.6505874052633621	0.18778956003422745	0.8153823584236607	-0.2823673627458221	-1.3050289744669195	-0.05872403127052588	0.5083390406626183	1.092970614798137	-0.5164084441598872	0.2396914404395433	1.122367629166292	-0.4403271271131857	0.2658987503265708	-0.5666342808132043	-0.29197332809150495	0.12333712692384498	0.1094721047293918	0.15466334950680088	-0.05571116167533907	-0.054051326169853864	0.9541918122014424	-0.15887097343926818	-0.5504864725714095	-0.41848039313538865	0.16681644286362554	0.38159252614897504
DTXSID3042215	-4.586691850042814	3.6210131462721304	-3.1375324915323803	-1.303506666543909	2.9829378083473816	0.3619276764358806	0.3761790097377614	-1.8840146907718343	-0.29784133439881366	-0.27792432052418836	-1.1059414689276192	0.6179346894402614	-0.6052728193290352	0.2543177646309953	-0.2247338623506362	0.8547026360616973	0.6341567904051978	1.2154663167433695	0.07929456184753475	0.10176378436057854	0.5337407733120257	-0.14914242335660016	-0.7810552209305944	-0.4327670259990554	0.7825176121258465	-0.46776454536934076	-0.1182514790588112	0.8326151641214129	-0.7687954693237297	0.06745628940528196	0.3190355552495484	-0.6302766196266357	0.6464565519933875	-0.2454588748108831	-0.06039607095116662	0.2781084683997581	0.2885190121227329	0.2582447719383368	-0.2092835750079703	0.5178127795804407	-0.03313126692922177	0.19499483203779733	-0.46103031181769305	0.25036438626130647	-0.30160789561351137	-0.6024930514805658	0.2896000931824113	-0.359726202142972	0.5044038393111584	-0.6531278696016384	-0.24064130974821002	-0.15539716866797396	-0.07211701194854625	0.6587434482595449	-0.24169704977332473	0.07716838995202373	-0.4260864526035579	-0.2419522109398971	-0.191010927853549	-0.0839102468069892	0.7386790671168489	0.09356249618026985	-0.3383236984687847	-0.3115185064345871	0.2232018293003417	-0.6081120662243158	-1.0290266020642855	0.2223312929455381	0.4822155681251107	-0.3897537442751984	-0.00036642220284106733	-0.20495766856016598	-0.15400595507797188	-0.033823778116166894	-0.3012265262786851	0.12875690757265	-0.24855062250919593	0.38224254732534807	-0.5569713142793826	0.2377051146703191	0.12918418672138782	-0.06341516628881141	0.13307922304970796	0.12223649817991564	0.31727242711407333	0.35650599158211876	0.07324385436633582	-0.07924104043028356	-0.039590871478508684	-0.3862621263311039	-0.0192287321562015	0.693840710524693	-0.06848324303648708	0.06972362954864744	0.019089883229468172	0.23026034449566693	0.2816801614060273	0.04018129890280904	-0.09744177928591467	0.030993001119683696
DTXSID8022113	-8.459080333650475	2.11290121632386	-3.5253333142670917	-0.7387063582588715	-1.328338741755349	-1.3805307941896376	-0.8013653395774676	-0.910857961943231	-0.9182117966816761	1.5406604609926817	-0.2911400584318826	0.7542850236198222	0.7128678091460074	1.8246648971466068	0.5872263548446915	-1.1043482530854232	-0.009699239348974185	-0.7439485166483449	0.8066081606447475	-0.07563826216582818	-0.27930087891059824	-0.38530250297930463	-1.5739108077960648	1.070768244567845	0.5115445582794095	0.6790347939909438	-0.967048684420881	-1.8711614245611847	-0.40350800234206236	0.30998703370208514	2.516577420112729	1.0208921116850131	-0.6271810672298708	-0.30842558025104033	-0.82301778533138	0.28772004547277613	1.5358934713029853	0.11377965221633865	0.4935811468707099	-0.49609288221930875	-1.1838132526906409	0.14729238737623587	0.05169783326746301	0.16565659014145387	-0.36335829078882836	-0.2837700471872794	1.1691660239949482	0.29514629329803294	-1.0622648498561096	-0.9670524360792416	0.5986193937124429	-0.3938991492050962	-0.8581994621250386	-0.30445275083676104	-1.4105650141842292	0.8434779961043473	-1.4370661799879147	-0.7296265359237784	0.8107148008889744	0.025294518990904506	0.5601817888580415	0.4431462317180862	0.27185217898432557	0.23675759057990092	-0.05597907393452013	-0.5613682069683821	-0.3205071200476659	-0.03328626576961347	-0.23273320873082953	1.0809566621576825	0.35048403789838656	-0.6907057747954983	0.8554434374533438	0.007407316364506551	-0.10378262206530116	0.37595947892900433	0.301024777659718	0.6360044543013498	-0.4046200185489963	-0.23022579871365909	-0.16989164252775588	-0.47331338928439426	-0.2775275776328167	0.07217540453819972	-0.49088019759726975	-0.4460911790846979	0.431732058106878	-0.016633230311973505	-0.04226278768540183	0.0707778549665576	0.4162367617799465	-0.024481900022643104	0.13845643032545515	0.2823403625681853	-0.3589936844585509	0.016752045376969216	-0.2919347628475792	0.22298588076795903	0.15731896805906084	0.2693874472640694
DTXSID8052017	-1.4955555490614652	-5.444177738213452	-7.084313377111132	1.0422290284788773	-4.016910724777114	-0.32182313249506533	-7.109197279653578	-6.605530221452524	-0.23745338295165055	-3.584824977841648	-4.928443671706017	11.280057502896572	-4.219470391010111	-3.671524897090168	3.2559443441739213	-3.1707992837056986	-1.5298202692787737	-6.139680781738662	0.3346250019145845	3.7308712499326404	-2.7295986898343747	-1.9146310468008763	-2.8961772961482133	0.7724923219289858	-2.3445709099308125	4.619378673318367	2.1137474757557992	0.6337408905872008	-3.330578135333504	-1.4994994329973008	0.5322555833632602	-0.17227173182104402	-1.9319679348037042	2.107866469449397	-0.09926311591672685	1.6391664009110685	3.539504807581311	1.1052102306978902	-0.20595861273383345	2.346476420222477	-1.7813491265057464	2.3671579170519825	-0.5198580266296499	-0.7254024693243842	0.9272195315348234	0.7570355510924908	-1.27438865645145	1.0735207943034912	0.22841642084861907	-0.5535235334195521	-3.5242287170612525	-1.537056316250239	2.663130976538114	-0.8963520796670559	0.9342000248392714	0.042899828766352774	-0.5886307003030636	2.54839622809316	-0.7842238717793409	-0.9586766639659094	-0.5892162746743722	0.995030265636704	0.7490655853507228	0.737300594730459	0.8896495201650253	2.2642336350004983	-0.06756507592193212	2.072835047530021	-0.9060602160697285	0.554724496394876	-1.950067871210965	-2.3814833040237557	1.0684041744542017	-1.7788396436332996	-2.507774987495656	0.10381726715104991	0.0762174548266824	-0.07912766684392881	0.5588153451022815	-0.4862567533161682	0.5498942599985853	0.846139630784089	-0.428958705349772	-0.8805172630123039	0.28048325878749375	-0.6758048961530829	-0.6251387627650951	1.5400394571169915	-0.7574424107851431	-0.23152421489634334	0.14394079604656157	0.6808025432590039	-0.5935175758658532	0.15782878536866013	-0.3092182428202317	0.26670109558437766	-0.9747491810000142	-1.149475289683372	0.09954275203698604	-0.24692740980379713
DTXSID2029616	-9.02444344672662	1.025417454197538	-2.050892754293705	-0.28436514526132756	-3.8193064222164845	-3.2193327589390988	2.713690572483493	1.7823081973885213	-0.17780930860465946	-3.449917075122278	-2.091348594130639	0.7478986224570283	3.4031265696501354	-0.7363619246612316	2.9480131758397663	-0.5513363051953991	0.5014325222380019	4.928257278413065	3.9041215429132206	1.4568173884836277	-6.214167057556568	-4.623039807384919	5.903612177383703	3.886039495945458	6.065113313749733	-0.6735966580012877	-1.852121475862165	0.264872676135074	0.162020061635624	2.426514500770386	-1.5572970677263227	2.773219262928873	0.39161006883114197	4.682724584404209	2.2293504098569015	-3.3501489897479826	-4.467882822572254	6.927982658436467	1.2859192424886845	-3.582615317475305	-4.171326942241303	5.7643199652362025	5.415425484332502	7.493999624013907	-0.9704855110580216	-6.07237628246577	-1.923237820852057	-0.9281119363512346	1.782521404872857	-0.7504958261191479	-1.0909385644690708	1.7007853119578158	-0.8787233205748448	-0.9760008295717003	-2.5345614241915797	-1.1630825711627049	-1.1908967876421106	-0.40967713191351685	0.8010563248138327	1.1838106813132026	-0.36384316276410705	0.28216383012153873	0.5568851759784629	-0.9784374257351459	0.30892909434033755	1.3036120767553412	-0.8104998734425152	1.4175988284602057	-0.21553735704764637	1.6414262492227238	-1.399631724697769	0.06158274475823479	-1.2515657232467412	-1.5286598341836894	0.848942858909651	-0.0019165083956528496	0.44030360784244504	0.06704154833294702	0.8268269478169664	-0.22081547596054635	0.3870634917104137	1.232907305132892	-0.32654099546253923	-0.24536481505798055	-1.6249401084341695	0.24330247872637678	-0.14216683871590502	-0.12695465488609364	-0.8618712904759309	0.2580198924713716	-0.5562565663239618	-0.21180018982672394	1.119634903120733	-0.9430997592055402	0.6623130502346687	-0.4679410847401246	1.006391253936234	-0.008831498420873862	-0.07806310177715749	-0.2822669706570036
DTXSID4025793	-4.3284628293078535	-1.5557804932050034	-2.16645222727493	2.056967211203452	-3.1035465908941196	0.16163898842351465	-1.620787848305386	-2.689444219987221	4.546794488560719	0.2849665545329374	-3.9958164515069043	0.5700647909108385	-1.1437281291359593	-1.9999282969944319	2.648514388261374	-0.5520839267202587	-0.0048871603133225534	-1.1066250490486829	-0.2095764377205882	1.7025847702820813	-0.5285125331862999	-0.23251247608828124	-0.5592443412856253	0.010110447110806822	-1.396346298068304	2.1524902546956284	-0.0696568858594982	0.2513785357114239	-1.240681917740247	-0.3331223032470079	0.09274026461655388	0.11666469884682013	-1.1003869425485349	0.9051058072398096	-0.24436450868545279	0.5044827355894628	1.4301850288577036	1.0948325209361462	-0.4070253885487174	0.17799446062235785	-0.1935561323291393	1.6169052150577556	-0.27672341880609314	-0.7657072251334912	0.3782787436381266	0.8088373577808323	-0.09292451256259586	0.9444864573056023	0.008262440992942943	-0.03162737878128357	-1.555426842690034	-0.3037374973886553	0.5751551068848987	-0.3253645239205436	0.6337534068383329	0.4674307773318305	0.16513230148336494	0.6336175269285679	0.14535719025204288	0.21808724603171722	0.23757815869936866	-0.2812725149201876	0.8043263667902554	-0.397937797279853	0.09560030752726792	0.19827013062712096	-0.9453628098192225	0.6841645669469761	0.11617866132010381	0.26720442970164376	-0.04765356683499917	-0.776637042841227	0.13058317691194574	0.41136213608803635	-0.939984344585853	0.6601982545809957	-0.352087974962292	0.12527830577310672	0.3583609755284085	0.6330334766693912	-0.06781581505671153	-0.24079106750270696	-0.1818312362103955	-0.5534144975444791	0.5845882686937305	-0.05949595125312679	0.09084361730268078	-0.16922918807957915	-0.31136707325503216	-0.16253576057136662	0.2919144642189221	-0.2852202622069782	0.3026154814782386	-0.5169984818267558	0.14257646332313145	-0.3952654632572454	0.797884947648133	-0.45087624603612336	0.06973864278570371	-0.5309269536571793
DTXSID8047470	-4.0104965909002965	0.22635344466029558	-1.2325767672872392	0.5073623816572774	0.34387374065110465	0.4939738924124554	0.6778395779709199	-1.9093979559934902	1.5249556549232024	-0.3430815311812007	1.6663434952066791	0.16205881142846293	2.3053906792354164	0.6294209681912517	0.49736166484929667	-0.7887106903479754	-0.12485644932411077	0.3102512143034977	0.25526752673393543	0.45900785093900337	-0.9654706310313143	1.285423287399348	-0.4705263300792272	0.03023110486921944	0.7567780369807507	-0.4566127842827078	-0.04480107781891837	0.26545033869300766	-0.44691281757534795	-0.5370237943786192	-0.5022536003438787	-0.12962435630548838	-0.21986584276720336	0.5202550880011245	0.0036872079863635478	-0.3442636619186767	0.2588552788284448	0.8026490726980748	-0.06476816605242057	0.006672737767338365	0.29449303738853055	-0.22857249332586474	-0.6867557497247588	-0.42631430723314667	0.09256076273221339	-0.2613049144009015	-0.18356620063970305	-0.06521116345416181	-0.13225156588810735	0.6674224042914468	-0.40332030215358516	-0.2341079264401089	-0.04766202924725251	0.006935778285957855	-0.02125268316953009	-0.0947291698901511	-0.7783215836857846	0.4235576170810493	-0.5582845068949776	-0.2632340950654299	0.16119118833945414	0.04523462326571443	0.41973679117936585	-0.06313241024575153	-0.684789458865504	0.3403988342092878	0.23612585515552537	-0.6130195597030424	0.05318252493421565	-0.2637666648130554	-0.29074995289297506	0.20251644123580365	0.46644953188810856	0.5709731778333753	-0.5387574237444963	0.47029082295545716	-0.11286702563230941	0.4609449960000615	-0.378919442525082	0.0641460625770394	0.11749718540656737	-0.8419002598905206	0.15233651548056207	-0.35974458196508635	-0.09471203293033291	0.6322932299614797	-0.3012899639520167	0.3639740448715839	0.1568118053028255	0.09741826072236129	-0.3042827759964722	-0.028772995238752853	-0.515666195363278	-0.256921158323046	-0.06816948671917736	-0.24047495584146122	0.03375472151713891	0.023190699858114193	0.27902735045619076	-0.28559844858393324
DTXSID4026183	-3.5561769613624237	4.11915689343616	-1.69450853805139	-2.3027138633038278	5.776010805912211	0.7796086803787805	1.200789744890269	-0.6737051569702959	-0.21239763603447312	-0.8366304456394256	-2.0278052356716856	1.7752812162472693	-0.9921923689585229	-1.1499039685642856	-0.5855722360561701	0.6272847787834898	0.4987594102944817	0.35465599277822396	-0.5632793810014197	0.1130426588360772	0.12282958825449564	-1.0333712823639574	-0.05116623472746778	-0.6240326465548602	-0.5746632777353642	0.10693415205868008	-0.37333299386536056	0.2518885829374933	-0.157667059158972	-0.3219295453702122	0.5913946269316556	-0.324394283277016	-0.18496678087287638	0.2046952277882181	0.4784421984271627	0.38351768734830965	-0.4224053775887087	-0.6105288949288843	-0.08108807459011001	-0.15011704689591884	0.3598276029605506	0.011904637841333228	-0.386896513108573	0.134046772655282	0.4785601266668346	-0.3791990905392803	0.21248926095507722	0.33099853835772386	-0.5230380231559528	0.007791560072220345	0.575959718722659	0.359338678474154	0.09838417406318886	-0.32176919808260773	0.4878863837354596	-0.030387375201156034	-0.2305590496790057	0.06776420338295226	-0.39923343024900937	-0.07510319082313421	-0.5419162960706208	0.7727229394724681	-0.25545715231464433	-0.3953576567090609	0.729667726733162	-0.41266113157073475	0.4280281982529508	1.0361115362431497	-0.4558100034494494	0.06013043112525689	-0.6190371397151391	0.4245275402958486	-0.09258516421955701	0.15474191166463935	0.7768530457929141	-0.30737715537802773	0.1245082294755445	-0.01814215290662644	-0.03671293742615334	-0.3906094693820236	0.06128999831211615	0.5278133900154921	0.2276724962400685	-0.5008209048765646	-0.9856147079579162	0.11824586511739157	0.0006487550753971991	-0.41809722346553674	-0.36656804986361474	-0.016516130828339762	-0.5768327257094185	0.19838578538834728	-0.41983944707988585	0.13251033024229975	-0.9795128143421752	-0.4257620783802486	-0.0652598024355165	-0.11259490230216981	0.051894729815841145	-0.19574810252845987
DTXSID7023352	12.523281775145115	10.890903829776232	1.2141123227692554	-3.1297869345056855	2.1011387444747	1.5815693831009245	-1.9355305154196798	-1.1468953801543105	1.245187949577926	0.013582795649969394	-0.03396149384555997	-0.43622155670139456	-2.268436110534325	0.5217059414576345	0.8868860570037088	0.655432367542433	1.507056924982103	0.9729013242401334	0.24563025439893035	1.0655745295946757	1.5963116254094123	-0.30844081960212955	-0.7324119080571961	-1.2002402290436014	2.135277200510504	-0.7018127484360162	-0.5520686222334524	2.052753561621502	-0.5116268067457038	-0.5571504893056314	-1.7645378467683681	-0.29639724666148115	1.245286204659456	0.22145607455124072	-0.03693548002495839	-0.41556650064836564	-0.13690367208269935	-0.23707103929021478	0.4959919201407204	1.7610652564498697	-0.2053708090427088	0.01597530207571722	-0.5138732562001954	-0.040609576118852166	-0.4783134661893355	-1.4153433440068286	-0.4089559322371396	-0.37272422790797705	-0.04753616536195449	0.5188692243000467	0.19048753834041862	0.24831602551730475	-0.30492639696287693	0.7780570734563301	0.8061882935105724	1.577223383959807	0.14029659245683643	-0.829611074521208	0.27933554632277585	0.5564270516458826	0.563957190187549	-0.17548901635936726	-1.3063455692504018	-0.6292775157754533	-0.5385663396963731	-1.4983749266732451	-1.0269781174557062	0.19369184320587862	-1.3986324330658289	0.1316126003995143	-0.17620599724120778	0.33667967176606367	0.06397548857887182	0.03538587211795705	-1.1679868519272594	0.10526036241629533	-0.15701414772171723	0.7246576884022757	-0.7864276836529001	0.1255853741301608	0.7197623179038081	-0.11858911100493619	-1.1086313326408346	-0.04445234092347225	-0.496839359768545	0.1865265279727213	1.0269549047121211	-0.48793253383519425	-0.04421254346743723	0.38335820293735745	-0.4096984308181533	0.1622101650298063	-0.29097697945478584	-0.315025156904794	0.13835066375522356	0.0872634738251679	0.7396176541625223	0.4363330580536934	-0.07896015697128318	-0.7270069047560029
DTXSID5033389	14.0311416261964	10.572726016365056	0.765927122148692	3.373607524645414	1.0357468667335596	-1.657965029251211	-5.342701611301024	3.1655099106251425	-0.901454202131397	-2.6491672145918916	-0.4180829843251942	-2.2086703588611183	-0.5899937441766139	2.5624220662218082	1.0041068271494085	0.19354542783409462	0.25159447791311196	-2.1604958394423357	2.5422873786149482	1.2903681616680007	0.8721760269918761	0.5934281706507596	1.4991915014599948	0.7755372433655995	-2.1056886283156375	-0.9016491744579742	0.2893072631462462	0.6647336626683608	1.2834782482462421	-1.958725535657027	1.2153599991285735	-1.664709079889698	-1.4236330297315427	-1.0070422895100604	0.8535702105628088	1.4822766825247609	-0.23325483103781278	0.9116609361541668	0.11194848257558436	-1.5091408229837837	1.3054780403852624	-0.014348066608799826	-0.6635010221958839	0.6030515736614263	0.856616877594669	-0.9443966332639	-1.15829824962392	-0.4637101578863065	1.713842263903125	2.7503639041523797	-2.0348102742815817	-1.1674037827035535	-1.3141014122720942	-0.0976024504721376	-0.3591425378972889	1.8103412078802803	0.7741305962035961	-1.90794710131106	-0.4332443935879936	0.07713459781181503	-0.555673688142775	-1.4524608536127075	-1.6882219524521247	-0.238487576037248	0.7355771837544492	0.9830165035351622	-1.042080624133514	-0.528941672489896	-1.3805568664020869	1.0693953168122654	-2.602260169195089	-0.4773042136478751	0.045057259437017626	-0.18219695429748642	-1.608948360827084	0.43783710147638666	3.6841744642768477	-1.760539184880192	-0.2907802616356391	0.32252702119545484	-2.321838831836092	-1.3448510023033402	0.5837860712773676	-1.093312843954303	-0.7364557766845878	-0.5074153504456682	-1.1773103650535446	-0.2571354846452797	-0.5368353732170994	0.45606167833843464	1.887888405039322	0.7647643572898816	0.9622683887210384	0.031224830930450333	-0.21708401090407833	1.4141819061363603	0.5065909183886327	-1.2495460555901603	1.2920075332378065	0.28209237922484404
DTXSID1044643	-4.5528911373906675	2.120906108839591	-4.284684528674661	0.5540385262388396	2.115608108169653	0.22416443013040974	4.1992785302788125	0.8243812272161289	0.45657441068171123	0.5067967288038207	-0.15329457068399568	2.180152504890674	3.330008071790122	0.3614630385339449	1.1627867580834468	1.4725094298844377	2.037757787599151	-6.288981339533622	2.3142782123076726	0.7101186103000489	-2.297165081326768	3.6845377475714725	3.2823641609921923	1.118216639514618	-0.47523685095863016	-0.4212719827268646	2.2822325100819096	-6.673730065357966	4.429136888992665	0.7572677649949098	-1.9128018790106314	1.2378727754351089	-2.9913406878581785	1.8438659411845646	-2.756548350868637	-4.554643664834047	2.039112751567773	-4.106858549950567	-3.0760102186297678	7.978126064259084	3.460212571183689	4.928792812030883	3.49907641356058	-1.7946638360224454	4.32049427373305	-3.2941513006247276	5.545105555443891	3.0654462387456736	5.535456513984864	-0.11950216972077268	3.213913756395434	-1.7394375922106917	-2.7824147060891344	3.4697078942599235	-3.4582509977507687	0.8202391087627529	0.6849969379948535	-1.2997239553055395	1.1220119192390197	-0.537837020753881	0.21183251417023338	-2.768884175657901	1.7753892611523059	1.4297192474578007	0.29151992441323393	2.617868231421762	0.6372010859828041	1.2922090147889496	1.363205022753883	3.2301001066971993	-1.9308961222245935	-0.7526969130435677	-0.6789995502846604	-2.6575021193688944	-0.8951995942885286	-0.2564028334368175	-0.22953767064368424	-0.7341347874109826	1.6068005685282878	1.2454363275282567	0.9708604404287839	-0.3001500713208829	0.43839964805868176	0.08739642199308764	0.472740147682144	0.8721919563377163	-0.10581441729971289	0.31740771518523025	-0.829480416542803	0.20220941763609243	0.77031425339671	0.29348508279007735	-0.04644391313626516	-0.3067073859568342	-0.11659182727278616	0.7895507398255172	-0.17697457398938893	-0.5578986712059922	-1.2924902670867622	0.023912950010304808
DTXSID7041964	0.5516287901939663	-1.8256964503305797	-4.161541341312696	-1.4310690894839775	0.808625649437926	-2.9046389761445313	2.030739721396687	3.0909079505127472	1.848976366159853	-1.0292140313147269	2.114242653323278	0.30158234866417816	-0.7391721306277242	-0.5644979422993289	-1.042308401904588	-0.9538720449422142	0.608034827501952	-1.6122933562746842	0.21914987877403486	-0.7905148783277618	0.2702817005102009	-0.39149981271341433	-0.08419990768410568	-0.6401468992641574	-0.4325709823079513	-1.0206005984430013	1.5624377198286798	1.054860757153628	-1.4423528550521065	-0.43205361118542485	-0.007145421493496017	-0.7708545059952425	0.04105935654812063	1.14336557654227	-0.21778027813607231	0.5483760152697977	-0.5561381251411033	0.002149412111097642	0.045990874881842704	0.42338032144494675	-0.006156930498508086	1.6448966715923679	-0.12542630486219872	-0.10586408563697797	-0.09203089609464708	0.8531185513297574	-0.929385035772849	-0.68816273803435	0.5294892641258764	-1.2534752312410888	0.2549108129159397	0.9960141772798309	-0.7415244501975267	-0.5400076468416121	0.5927827438441429	-0.03696617687373396	-0.960882813178877	0.26302950757133275	-0.009130243973927803	-0.04674380991641686	1.2961553833654385	0.09611412781251244	0.20955585800963963	-0.7974426260608	-0.6588368837613972	0.6280008265235373	0.22624274838122888	0.12890651282922302	-0.4012541385894254	0.13615666052582187	-0.7550552707839054	-0.3733316493672048	0.4489549473648553	-0.08990838429919921	-0.3471824787328695	-0.013749950441169813	-0.4689113920761757	0.03171850089519971	0.15713898158647846	0.4240123826071452	-0.6131445299816138	-0.9271559942261197	0.30712864261580836	0.32675566007187606	1.2906472295199043	-0.031320101532620735	0.41669613522684573	0.15976729075701843	0.23104882486487105	0.4486992584242548	-0.24765970117256927	-0.48554412885439835	0.313308415967112	-0.43537314491682544	0.20929913025091834	-0.1490359278185554	-0.7233019954587677	0.4061849552033937	0.5236903804369519	0.07296839993326437
DTXSID5046691	4.305666447342757	0.09829092048283171	0.5258819418785976	-4.026115977321711	-0.7711803929596582	-0.5175343301369875	2.723218775552587	1.4987101710223762	0.9233085970782715	-0.420948001513267	1.3534331706489775	-1.2117496117192643	0.06831988208955536	0.5271396212742894	0.21484398878866304	-1.2441373288246829	-1.2517793213104769	-0.20734240515020405	0.11111988604708009	-0.2019311233938787	0.7712348945186314	-0.24120000003161665	-2.1029459386872853	-1.2585649010646613	3.4997832312491064	2.3367933875233873	0.30554379833045825	-0.6613737664339648	1.788675788608234	0.06915789632043295	-0.6095047035014726	-0.24551286121117238	0.6461428016458352	-0.5187735221737816	-0.13358836846446595	-0.7187165726300276	0.992160422425006	-0.8816633045358058	1.161330421213135	-0.9442060192521037	1.037337819487459	-0.5316317937187555	-1.555454070506859	2.473205785963137	-0.27073029162111784	0.7548227554655849	0.3289773449630041	1.5346473900221447	1.1657982994008824	1.9475077480673697	0.913630210945369	1.0815459540027144	-1.595957996929028	-2.8567657306208387	-1.9926103465400826	2.3802133159901167	1.2964734987321829	0.9965709455840652	-1.307218209518927	3.162460910842296	-1.0932005523759403	2.081241055886267	0.1995483540886582	-0.28324497269342286	0.039932675112708815	0.8995344504940043	-0.6581754088840421	-0.7347859061347912	-0.8687621477983025	-0.9351945866578286	-0.685721779180399	0.20249054958521426	1.192932352672105	0.6212378600674748	-1.2933963689146277	-1.6277986499646553	-1.8869850515386966	0.1808955529410188	-0.14691274748470756	-1.1675385057045111	-1.018528772255552	0.6847900043094683	0.9750623917532044	-0.5534411483255325	-0.7759165813500153	0.4942938785710938	0.286611461740773	-0.549560686212636	1.5834523857953786	-0.05506452798206605	1.1040183776839654	-0.9216724482386611	-0.2412099285725513	0.5585756392792226	0.5591951015232779	-0.21863989658326685	1.1369570962078406	0.21880934221647505	-1.3108052272392487	0.16836922482820216
DTXSID3045938	500.87202442060345	-157.56535893475055	-48.8113400761956	689.2513736023486	186.64574986567266	-164.4366188890326	1229.452849101665	226.06551574468017	-296.8148250412308	1428.8016368644485	-469.5437513757251	1239.0441450706626	298.5296345282794	-94.57696864267182	377.4298975355055	-631.8864289857145	-402.9851793633355	659.7086966980635	824.875850167191	221.74287841977429	621.3774544930925	-299.909469007425	-408.71287664315076	103.48612589911134	-242.57020848381126	-406.35712977740553	-211.17440582917865	207.83488746869943	47.595525902607264	184.11232955216383	62.88005259507859	280.2685397135938	-42.14756402422834	165.85638067673068	28.74601732590436	346.9576143372037	-96.42259580081281	242.2161052807914	-201.31149722843122	66.1280660456329	-21.39052830341952	50.00874509312981	-87.52024223222514	-76.28649985835001	-27.893477516535462	-11.547647914202273	39.4006857883421	-168.9553418766208	-19.33660545398232	115.92294417740345	-18.242647200908266	-277.26446608673575	-248.76278348698796	-38.1235403133918	-63.46734205244254	-103.85269183290993	350.0452621686506	53.341923503431225	-516.1739423543391	-188.3988283808567	370.39301896988604	-361.7742449071979	199.7167544412349	43.44918310103699	-305.6675524310898	-978.250061982057	-83.34238391671688	-390.7542406918285	-311.2303998454719	114.33451543197776	-346.929901025052	-586.6942676054982	-109.33124846001799	-147.1685166783027	140.1532087330301	205.82811584925378	-603.7171265565373	51.46290131141467	38.76485279757955	-593.5163964962516	622.451292282393	-552.8748962962411	781.9062775762088	-972.827997519234	-760.1415466261611	776.4587257329327	-242.04722274005562	-344.3427285665998	-93.12154451288332	-231.52910102176423	80.621132458493	-636.0908095517119	223.4337685460257	-187.2477178031747	27.92680889906215	1384.6405647053348	-131.8301122376992	-44.066001592723225	155.10492492570017	609.0450972382954
DTXSID0030588	-3.9541452532964314	0.2201301025822365	0.34871156147041327	4.17422883105152	0.6047892185234122	-1.5817277234464737	1.5280962184232874	0.671020157051014	-0.9140733286495796	-0.6757181556784424	0.03588430006512872	0.5501826926304056	1.870636697860942	-0.12732006310155003	0.34437255439769193	-0.16140114483798826	0.9094631934462525	-0.494028784263205	0.29881102254243375	-2.1717207236334994	-0.17128764667845015	0.7626569412254575	0.5911462349069011	1.8636626640828131	-1.4281274496663021	0.0076380597849374865	-0.35168375613721237	-1.5292762803879725	-0.8816230761684615	1.0603556536195673	-0.2752892815695195	0.1322005777870617	0.4693882461338892	0.34048404725934894	0.49112366612450575	-1.6276943016539998	0.7121736334786793	-0.23064759664051593	1.4209747913956488	-0.8740104341890178	0.7958992698122664	-0.3838102649482607	-0.533483101999783	-0.35375704143997944	1.350097854299128	0.6193404004432433	-0.6665759508014674	1.3941802707205895	-0.05730877213606963	-0.7573552499538719	0.26247298290188253	-0.9661065939159891	0.12813029135076517	1.5148724000634588	-2.3621049456648007	-0.08177507264261441	-1.161420723823106	1.352452204963627	0.3015189150873752	-0.7701012679426501	-0.5441195922860205	0.21414647429675182	-0.9995978350750903	-0.2523792051005497	0.8146881296511792	0.2990950255992007	-0.7534439206078677	0.5336507086310892	-0.5796533571177142	0.9229349782717716	0.3695522036547572	-0.0273810988370064	-0.19793353382395926	-0.6282599784075541	-1.6077544981376117	0.3845604159996291	0.7508470755220766	-1.4852611949004269	0.7064803342508159	0.6495203852485399	0.5933386734610437	0.9633762804590574	0.06981047832692323	0.27693017106515233	0.17137404033963743	-0.22830310896145348	-0.057602463223298934	0.7174436030178991	0.23066939517829535	0.2010721344513256	1.095975416586096	-0.5267842725656894	0.4914356178466621	-0.49719163555465007	0.03181859514479178	0.26113403599502655	0.3390704954696924	-0.31417180546342216	-0.5258948585849421	0.5019736538152971
DTXSID3045437	14.214287289702794	-5.891805713799431	2.7693067894661136	10.572190689458221	7.18761004740607	-5.67798366302867	-0.5838727785623506	3.1380058101148474	-2.509560957477129	-2.945613582490828	0.5549215930422935	-0.4881618105975884	-5.763196476637512	-3.983628660129166	0.13347585236319923	2.6192070744457867	0.013510024079386677	1.4421731543949294	-3.8696058020012187	-1.9492569187717321	-2.4243525235945964	0.36594081904520454	-2.4639052553796676	2.7518042920190044	-2.0296185394494404	0.7079929526033623	-1.2115123858401895	-1.2819915320893256	-0.4474630412645402	0.5648958023342943	-0.07829982500244152	-0.6070770348339676	1.6774969537071904	-0.9538896809161038	0.642164905081873	0.18280138374777863	-0.5467684508093009	-0.24459746428467732	1.2601878180965043	-0.33313908940178166	-0.3596859013034208	-1.4703004894595597	0.3239040920044506	-1.214115530215325	-0.5737387424625139	0.061289837210488196	-1.184131896151614	0.828246580670657	1.0814351474413892	1.1321329063134122	-0.6601781482089027	0.10445589565449614	-0.06836523922030621	-0.9352999359911525	-1.7873936502179548	-1.6775517793502779	-1.485352562434104	-0.08090566843318739	-0.30647606316396575	-0.39190447871855993	-0.9418024959758773	0.02690815020051443	0.7710519607978766	-1.2607320637559412	2.788253809139795	0.37589060269820834	2.3404844813959613	-0.3889202144681214	0.7198351672174599	4.075288291354889	-1.7177595912000292	-0.27712499466811535	1.1410608130954478	-0.5100731773386961	-0.18369476972673157	-1.5160717409092335	-0.43605493916883564	-0.1947039080289733	-1.9060643012738079	0.5335435560098194	1.478867710805044	-0.3318156218618675	-2.003754059504889	-0.21910870969794088	0.6457295132994484	-1.0622842271364417	-0.19626500334941754	-0.18930456990505912	0.9204434808098326	-0.45932089037803076	1.150662117361324	-0.0068384101772577584	0.981823589412734	0.18111966049199577	0.058157963424103634	-1.2382409939163532	-0.6274249916315535	-0.6314829849970548	-0.48595483326253486	0.8388134809676216
DTXSID6048915	5.458187836311876	3.108486375792103	1.3760247591439136	2.846130937167109	-2.3239514827878	-1.0877828258995506	3.6582949324728222	2.8016902502300236	-3.402514551598665	2.743571033734514	1.0759127886467947	-0.9867751525106256	-1.4281268210310814	0.026338174415180285	0.2359220351871366	1.7349011206995668	-2.1497120262995884	-2.177371885986113	2.137697359322107	1.6502427784090976	-4.328028977892344	2.6934774057156914	1.2192882376750032	0.7429656644374052	-0.8597395314383608	2.7085178479155863	-0.1282430921302874	0.2812273480241117	-1.107065391767698	-1.62172137258019	-1.2163290323214808	-0.5409737421316438	1.7215087619997715	-0.6855946520325716	-3.831698111942948	0.7088649522384132	1.295843411923269	-0.5100512354341492	0.4704914673990862	-3.4081151014402526	1.4078939704077669	3.7152494431932657	0.41243012941175344	1.2064007058315895	-3.6322400860516897	0.4908351601634744	0.6765302883661042	0.562333366667866	-1.5046992945618884	-1.8464555366056317	1.5494087793591493	-2.1689043441717226	0.27964068270024667	1.2379295060570814	-2.000345654897945	-0.21097332507550054	-1.6060612603249624	0.7774709786364316	-0.44564545453548154	0.2526490378710871	-0.29023673811178174	0.21397748468090327	2.094673051244827	1.6569930466057596	2.269074372075803	-0.5871198827018143	1.062695727906391	-2.217028224077258	0.7118242844853685	-0.7590220858956518	1.6712198549222008	-1.3569478049409023	0.1440804894053621	0.6824350345646178	-0.6066232786884495	1.6581443935027012	0.5486656718623034	-1.7759487238219016	-1.413841529800905	0.69975096549075	-0.9503479808091214	0.6499834486971624	0.8217329579797726	0.4543738909019911	0.5564037435193028	-1.303625529280858	-1.096688804003039	0.5395754992278128	-1.1068292388592729	1.8046158823560012	0.41594957160921797	1.6191605832867995	-0.10804441429992324	1.5035403049543243	0.576903038466635	-2.0805469641054963	-0.0882218925597171	0.47314260362027394	-0.45742147341033385	0.20176742655019364
DTXSID3047477	6.9775555413809505	11.368988751472225	2.562263336460051	-0.619300071386374	-3.082623342697815	-0.2362686577292204	-2.5470759010928536	1.919089910703494	-0.10233061444673693	0.24325912027627883	1.0999019137827932	-1.4277032274239052	-2.0243291612343257	0.46096748060895376	2.073022091592359	-0.44729815064925166	1.7736477064564604	-1.3606116056402904	1.426958500786493	0.14831314948641455	2.4437645401170776	-0.9732206530557215	-0.540886322551738	-1.3220344050477222	1.3728248479863425	-1.2808602582325048	-0.7723885187166456	-0.36355809285872104	0.0521741465657326	0.18622735644759159	0.17881362069142187	0.19484612102647755	0.6088318653854385	1.879257900183665	-0.01741553219862032	-0.7016783247880551	-0.10208353607276237	1.4581143794279925	-0.4287835404340296	-0.5272762653145292	-0.2708428968070852	-0.36725433843773536	0.020036596600837345	-1.163347163776993	0.41455860557389607	1.0995226768155495	1.19215612386962	0.5721539076968667	0.6117241015765497	-0.24996290744520805	-0.06424554493384059	0.6460045750260064	0.7370018119688062	0.06264386005925662	-0.243301640925513	-0.5218965038523155	0.2794165580419494	0.3351877939173837	-0.7912417530423648	-0.7230986433577348	0.15872119951259098	-0.2800570656022145	0.6619340986163093	-0.07056592592468748	0.1193129604080356	0.07368377571356857	-0.34109025095645146	0.04818119651347939	-0.024520000088666588	-0.1474967669635712	-0.04842189786688835	0.5589052644072605	-0.2795213568344216	0.21534204079038854	-0.34787688824633844	-0.05385846555762532	-0.7939487829534612	-0.16576539323914735	-0.19343547641058592	0.5073066609343396	-0.09151389905348778	-0.3344472433015575	-0.1860329775131072	-0.3539071225893369	-0.6878609403305064	-0.11175670941122678	0.21681827241470597	-0.15671984915646514	-0.4760855103908042	-0.18173939454047394	-0.3769072135271485	0.21285130291268356	0.22961100267443565	-0.1456814795907633	-0.16802170320444768	0.4020088894388399	0.27596427339636326	-0.16328245629522986	-0.1236057630441582	-0.19795352796296686
DTXSID7040651	7.819768615469126	7.369402471931605	-2.5427733601854268	-0.9741174149879294	-3.1859071233531004	0.9947653096456531	7.055164639242949	2.210026118948129	-2.289993501765552	4.623765071210106	2.2678499729782704	0.8100115058882836	-2.1389060795303876	1.4268358254694806	-0.9794108686044811	2.246711845077089	-4.751965692210238	-4.49517316861973	4.223679971854789	5.525958339976759	-4.8281960637365815	2.7019712635630557	4.375048451698611	-2.8450781062734767	-1.5644593385368621	4.225826634817819	0.6606108050781186	-0.9588707443173841	-0.5118716006706285	-1.6290752486497462	-0.522115370751924	-2.882969792220691	-0.5117127666185344	-0.31800352603118426	-2.7344131878750915	1.0695903543940595	0.9320398681192051	-0.22192238050858454	0.40865710219779255	-1.2695602208463497	0.4299323953426535	5.0022993103185565	0.26093713481583813	1.048231072189621	-3.4446371930451942	-0.8281911336383678	-1.29492142592296	1.39090965191472	-1.3464027468346231	-1.7977716782864008	2.19432559514471	-0.16181469139270097	-0.00032741118085113685	0.483000701001475	-0.14916757417690793	-1.0333577972705128	0.5399914167601592	0.4021164778520798	0.4696598985453167	-2.475286467349066	-1.6033335024335262	-0.07374192973646157	0.2600554362036852	-0.5836067277938471	0.6909416264724918	1.0602573719824717	1.709895308962121	-1.87527785370924	1.6057023493589817	-4.5103230558385885	1.7368253980561907	3.241530910823017	1.9236048229293827	0.5558069989280972	-1.9258157649558023	-0.506713847762074	1.2465961417323859	1.8712569733331597	0.9265001491819733	3.464124382757581	0.16016665905800717	2.45332429504769	-2.3123804851866945	-0.43884815472541333	0.06906300225959511	-1.550439271110525	-0.3329138872326652	1.7949115041287231	-0.11088452164407289	-1.3090549368949993	0.7114972771834006	1.545758226040575	0.688171720186311	0.6943123235734304	1.6513054180546964	1.750331418601133	0.20339296519359018	0.3703636479090803	0.6357494854842437	-0.145238528456975
DTXSID9049372	0.045020055814706486	0.6685274477524441	-5.727985439361664	-0.5150749856825758	1.312927569863143	0.18484151765446405	1.0092355759179612	-1.6802372853389527	-0.35921323356949236	-0.2722395991917469	-2.4809215699636384	3.442315571562426	-2.0941938532159137	-2.000170667608834	0.21774673760905916	1.1877568129048923	-0.6161710744217147	-6.071573390175451	0.6461443196333534	0.8645516285131613	-2.13734076239154	0.905700832701811	2.285398676075357	0.7228218505481656	0.15759371387960447	2.0929042628712873	2.1468398955287444	-1.4960118463596745	1.5065743577125137	0.5332270886726249	-0.9291457331942203	3.3511717173987163	-1.215699112318811	0.20584846172260138	-3.5689149008424077	1.2903194860750034	2.3617235598475554	0.9409574721875196	1.2686164760779635	0.9418089235464637	-1.9691003670524954	0.7563963631389884	0.48437108502371023	0.025146164120629737	1.8219016225016915	0.9937195913780108	0.3542471299270568	0.0844016077564115	0.8561812997151305	-2.1351810549657873	-0.9849020739991148	0.8500821574193996	1.6596217797723427	1.3514729919230255	0.9107522124240632	1.4612887682569164	1.7793855317859366	-1.569832148633996	-1.0698578094462006	1.9078578182633068	-0.19018613062984638	-1.3602986341190324	1.739757458218853	-0.1658805067469902	-2.545859903097436	2.301705040123887	2.6577606412917825	0.8034521169746458	3.77768983150224	3.275946188513776	-2.3411702044878058	2.6673513970369296	1.177716331892429	0.18855469246692788	-1.1676946981378797	-0.6521793999291972	-1.1103357292239209	-0.8866579450067854	1.0802780975597202	-0.5231615456867287	0.9426106484017894	1.3360804255259633	-1.0069577163136088	-0.5671470318173708	-1.028087218063742	0.5816095290565658	-0.4984517106895283	-0.45751078144751167	0.7862891396587833	-0.10606414315553221	0.6785704278488227	-0.27618100964734293	0.057575864906840225	-0.5278584174059029	0.8909190289478989	1.1192668086262352	-2.0603152141831944	-0.026284035535332637	-0.6804842965983644	0.011435658125537273
DTXSID6024832	0.9604078798660456	-0.3239533993879717	2.941604739279105	5.675142800371672	-1.1859083544095497	-1.059538140236756	0.4780839433624485	-2.4178310419904667	-0.7100813561379341	-0.22931003081201337	0.8393017663045819	-0.9590673750624921	0.3456903101605798	-0.5292856685375286	-1.171238260870851	0.6609015490966844	0.6517469472874605	0.9676413502666807	-2.4301363807988627	-0.027526503156120718	-0.16083967395315035	-1.1983082009076806	-0.4363657519464098	-0.43911620043413396	1.1829128477800603	-0.1485215459589317	2.0775374148821313	1.2077205808784497	0.4340803477189613	-1.0872028099750581	-0.0333291335744633	0.5646010305314749	0.18476865721702684	0.4378552055894681	-0.45336967458362143	-0.39177942425835327	-0.28147053145845824	-0.46883094128290353	-0.47812758064856914	1.7709207714515756	-0.2796167468102839	0.3198495217817674	0.13157880092007182	0.41621223536525775	0.22084133595178004	-0.042543645958474104	0.9433757392391147	-1.0071690496192176	-0.5851644646410991	-0.33585325170054475	-0.6810902656389014	0.9723087465328691	0.43517964516550267	0.6640927100919346	-0.3379099799998444	0.5824011874043701	0.03267755043690181	0.6873127602961451	0.5664544679467254	0.23319963868605068	0.6812097035162593	0.9599189444967995	0.4190877118999092	-0.525455944074358	-0.27485680896414855	-0.35036530698322754	0.2886253355392236	-0.38155667819099814	-0.1261069192533194	-0.27282135558572856	0.9836885773800769	0.1868799701928217	-0.6665054106290348	-0.3630832486376854	-0.8402654277022507	-1.3049492602466681	-0.7734883703836604	-0.8731866846647449	-2.1023131663684147	0.18349915504048048	-0.11482501932758317	0.3441324688489122	-0.05750493556252151	-0.38072968958753456	-1.0481724710933855	-0.0206086270098103	1.6561450480868845	-0.20318747936838985	-0.3346955198088789	0.07862404665326496	-0.787609828097474	0.702300300761175	0.7909231059067268	-0.16094994497666937	0.4478325467842515	0.6974472688102712	-0.729127335291037	-0.6158151808854205	-0.07335254877791132	-0.38539534698412914
DTXSID9037539	4.438940149119408	0.6356366774108432	-5.303647552958362	-3.119340103203758	-2.9712017740763494	-3.8478022493648134	-3.795248932616032	-0.27041767261965627	-4.707962407886849	7.820654288469505	-2.852637893599547	1.2475563003046102	-1.2408811108350792	2.5145566867004843	-0.611180548910267	-1.6386572151501677	-0.8744370051107758	-2.6670861321391492	0.9088420623344482	1.9084751169183753	-0.5141357677009484	-1.1251017558389935	-0.5633030711472816	-0.22904356041070204	-0.4065179889514579	0.4460213194959962	-1.3867184993197197	-2.283837177494308	-0.6803405525735593	-1.1269482110159594	2.0759595999896625	1.281617892569393	-2.187145178249139	-0.7003963392313253	-0.9017742062968623	0.91390902402077	1.535825877544713	0.40456138233701056	-0.07001492986090492	1.4956489438183689	-1.642420611418458	2.1874873724691635	0.5320164009051974	0.09266020929593041	-1.034481629022237	-1.0296120222840999	-0.6206222822776436	-0.1221944084286448	-0.5509840582391411	-0.7067315418557287	0.3049351266716373	-1.217534416572092	-0.7346067093520835	0.2510459448314863	0.6403758216401362	0.8858607259086557	-0.5273519664282313	-0.37334843029962156	0.7547349142513533	-1.5437275251892255	0.409599571614476	-0.8084617716207873	0.052568792270345936	-1.3048558417400116	-0.7122410905652964	-0.4336723204109813	1.6849870819633799	-0.2951266940301463	0.13925036947674893	-1.8679959255956704	1.6332005886483236	1.0221700608944275	0.6681531927448526	-0.162453596548272	-1.6528027210825256	-0.588348223449439	-0.4956333553300872	-0.7425070849303509	-0.12972037091142338	1.5738927158379077	-0.9941740713276043	0.917570690036523	-0.7591355740888936	3.135930168477194	-0.24043754883505872	-0.17339531956738582	-1.9565556203944303	0.7589526284555727	0.05658990094528608	0.7691528273044694	-0.16212757527059476	1.1357424530716755	-0.5817323744322161	0.2889750575373157	0.46448640104866584	-2.2726030254903997	-0.272895363761423	0.732033090821489	0.206766494035432	-0.3512752280201873
DTXSID7020550	-4.70952868212145	-0.4847713019332158	1.1063540419152122	4.7453767301896805	0.7543961062636335	-2.041159263332712	-0.32407241924057967	1.0193944007581908	-1.82367538156945	0.41580788073588665	1.3273802422250673	-0.3344845834048923	-1.9847958545558848	0.6582861730158025	-0.23793006218348328	0.6181238253150287	0.11139991878821684	-0.4512045792413589	-0.21362032812113882	-0.21142973079714925	-0.7356996047251075	0.08210065265754019	-0.8959890588814116	0.45524219021100887	0.8602241081360043	0.34788698968723836	0.37702229791272396	-0.8751873550909401	-0.20134573314664336	0.17676038736675723	0.21142624726065992	0.5496705101756869	0.622588893976375	-0.46216213160425335	-0.8461288052699083	-0.05365199784410465	-0.41624128885453465	0.2206734092192737	0.6573828705470188	-0.05853699101967876	-0.6704281702367622	-0.13649293620687913	0.4997949952757209	-0.0700165805246975	-0.3984618091413209	-0.43248624666962665	0.8357490797236361	0.7269920534669004	-0.25728171429209695	-0.13230232401046865	0.9766185877443976	-0.23890735093739277	0.27794318543454327	0.3525121351988127	-0.06715224994947615	0.4551151598016981	-0.16684980120711745	-0.5619512887561142	1.2375431486016097	-0.1295229389274601	0.07533620717872608	1.33312642334077	-0.01746110120267134	0.3011518006771627	-0.5239746274929191	-0.24032369453196237	0.21888539538858476	-0.29538925658397214	-0.728269071919613	0.057259524948318125	-0.5699158164475844	0.1712091906730672	-0.1708528159134578	0.37543217904050863	-0.024944279027860276	1.058287146198623	0.19210837561537394	-0.1349726043468608	-0.1721363807460596	0.07140831105630982	-0.17115499477844745	-0.38832117942878763	0.01582444189490628	-0.22106800172347532	-0.6556181754598956	-0.28071571684419616	-0.47388154207082944	0.7126613240741149	0.049094526267064356	0.0321664267931339	0.26488385700270567	-0.0427503014403247	0.3901588085844716	-0.20555632920046776	-0.5480558983955728	0.045604188269930304	-0.2508108133623742	0.22034567147835124	-0.21664667063092805	0.10970090613061079
DTXSID1046633	4.819964629843663	-1.1022088008586952	-3.8416754133476974	-0.32690700008992557	0.248710495118741	0.24404451648501677	1.8794378910529421	4.775023914542593	1.3733373568445189	-2.3941146387122956	0.35247131070098286	-0.1194510186808661	0.16037131054166306	1.0892843405899535	-1.5368295801329164	0.2716124806453363	0.5939538864612577	0.9664165405684302	0.10325303696951499	-1.7413831255225756	0.2867590816381618	0.9207000569159426	-1.347077604427707	1.9242371368456102	0.18648095734114378	-0.8739802161673719	-0.292081662778101	0.828158870470582	0.327945039125244	0.9572458711881132	-0.9899854583456595	-0.4682888313099822	1.3942036143437546	0.6708220709987612	0.7110700784614559	-0.35234225525974694	-0.5917011410430832	-1.1805081454765505	-0.7948169047428255	-0.24270840779837516	-0.36186334316065216	-0.6383797231308582	0.31587670614837005	0.7386895652196809	-0.13764200102632224	1.3102355381456698	-0.2129803141168385	0.23112056001594367	0.047907891831181215	-0.37478515406643764	0.6962241701540876	0.14635067796001802	1.3572573483527444	-1.1781200052068919	-0.8434256415287644	-0.17316321835042614	-1.5387263220601899	-0.20000914984811494	2.0442227418941887	0.7454662158009572	0.5598441280692888	-1.6354081205710442	-0.9590389110698498	-0.6610614364516871	-0.7215385477094	-0.4518631130483931	-1.6124960565275164	0.005547051280005095	0.9965503509599944	0.06521113225875823	-0.15249075917467875	-1.2139024037432449	0.06594912676476355	0.28941259603417335	-0.5504886152301022	-0.46395874846130924	-1.1385302406926288	0.3186948818480731	-0.3500171304438141	-0.6657079018512309	-1.0815067366264808	-0.3080966485459886	-0.4547156576883527	-0.20471740466416963	0.16239489479199798	-1.7822219462325473	0.15020892975511224	-0.9854427656780649	0.9408478289985962	-0.07475927829962548	1.5843016976844349	0.7362613791019764	-0.6479797815822179	-0.8383560714248866	0.4319637204544291	-0.4433320610205999	-0.38742223633794937	0.339928240885424	1.1255223866708868	0.004576658952314991
DTXSID3022796	9.21253025832719	9.282835094853175	0.6890007004349392	0.8398150017341671	-3.0673827020532696	-0.5073402963480621	-3.335001832549412	-0.19020983612494294	-0.46470460602418867	0.714591177354815	0.3087018566310179	-1.0749608120050353	1.4715782118266183	1.4243518087862275	-0.5335319861076583	-0.16015739684237273	0.619183683577133	1.312435068446799	-1.2768308265920894	0.0037138147648219746	0.32646572535667073	-1.0140958235087754	-0.9276526221370114	-0.44367520553430045	0.4524213251722177	0.292472065604002	1.7031933548751248	1.5659225974612412	0.3933197543394539	1.013674887771017	-0.042235808546622636	1.1945270171804037	-0.3388671865816062	0.3787540867773583	0.13522671879862616	-0.4399216293012282	-0.14144857275809966	-0.4020950190371019	-0.24129336472911056	2.0959432632743193	0.17321995173824595	0.5312846359801681	0.015483019885559056	-0.17754143420568747	0.026244745527208978	-0.4840281465185228	0.2691842359510647	-0.30451923680159343	-1.6302750959523962	-0.7702160735757756	-0.16656859570117702	0.07353958895869116	0.4373094905883825	-0.1512040467927157	0.7215788126933097	-0.33131436003162534	1.0464165779216716	-0.6080073073719692	0.7830859127585563	0.7021944834347978	0.4662302431946735	0.25702923884785994	-0.30650196229051846	-0.00047864809257282265	-0.3010580874845408	-0.23552781598134212	0.0012562872202108184	0.2777473571903216	-0.2632201566959569	-0.3476480207562619	0.27263299621110204	0.034339917309631755	-0.368981023811472	-0.26055316723671035	-0.571614666741392	0.03520774826752109	-0.4400323537274985	-0.3120992944810068	-0.2156986181902893	0.1024422095551628	-0.38467235589493703	0.30065778574419216	-0.5337086952669514	0.068659306650575	-0.2793412598650462	0.08221152895393298	-0.6877242652002318	0.2359013518997993	-0.7037352191998831	-0.25362040427141314	-0.7336130305629169	-0.2343039632507757	0.35769831066892854	0.3362456167210208	0.03794303500319976	-0.143545553671383	0.6436730766581801	-0.743301667631433	-0.10591312354391981	-0.10010544231159282
DTXSID6046183	3.956227467167435	-1.8649731663832638	0.3221034651042924	-3.5998786197730577	-1.031316374795194	3.027699322691047	1.3712277031094402	0.6613496823602447	-0.28603286419358936	0.9387129962947699	-0.003928624273021564	-1.0456150537113913	0.7934540393395885	0.35444975222418923	-0.8062577217376637	-0.25341985261145306	-0.4642354074990319	0.6453450214683305	-0.394893804321218	-1.2792749911258594	0.5908408443010573	-1.046909523834672	-0.6737184152255394	0.27417777544160743	-0.2839137714098177	0.5442363081505122	0.6457338186454841	1.1262392252332059	-0.4747557156068772	0.6769358916473247	-0.5252051143432591	-0.2049974694517554	-0.8863541280558116	0.08492518814366312	0.02658953097112167	-0.6506540473264761	0.3327110289143665	1.5399785215769457	-0.574012295936973	0.11198897194310829	0.227906894691918	0.218945227504209	-0.24530096482354524	-0.5748007738399684	0.36202145088466736	0.6304013731345393	0.4906308427728078	-0.17574045347552372	0.5971895996185242	0.47620791412563573	-0.24481167436191917	-1.3270727681445917	0.36590469995694086	0.6695525314207401	0.982291252276611	0.9271864949873316	-0.19764190733867334	-1.254669260001712	1.8290710505754986	-0.19908801341174745	0.1743062098755433	-0.6425016536286877	0.37307642028274407	-0.9293505825307091	1.1460061818909693	-0.38452520319139627	-0.41878912143075014	-0.18983701909189094	1.0055311673453242	-0.6422961452419098	0.8990288377619309	-0.535824116366436	-0.3939122076300307	0.7380054458404347	0.6564922112147171	-1.2822772833233809	0.8770149388925305	0.7676729501141282	-0.203755426068851	-0.1432594910019174	-0.11004142022570837	0.19822173562121292	-0.20177189280241453	-1.1681366567918374	-0.047237901627014245	0.7281185058451817	-0.26677690191891545	-1.1965195818627823	0.9495385954242611	-0.27549335375812745	0.41966207705692005	0.5233398489444268	-0.14742577759434908	0.43682179018303496	-0.37832821915167886	-0.9739767786991657	-0.35416578394302517	0.1401956343590831	-0.7009178330617982	-0.7872768500022569
DTXSID6023737	1.8330234788506088	1.9931062969236841	0.7793664992513548	-0.626154628388071	2.102218583392574	0.5511100426012703	1.7109649070580664	1.1598047882337625	0.720551130950666	-0.4850545860877641	0.21193845036110262	0.9000573933266769	1.3073983481772	0.6091639114532768	0.9470994649891692	-1.0505382037983853	2.435993452380813	-2.4849562358714565	0.34651020537576466	-2.3322612752775096	0.3362161285494047	-0.2967037826448862	1.042922584021296	1.2543717010283344	-0.6789860811422446	0.19017889241910632	0.14171904863048346	-1.8974130156595779	-1.6161179688309701	-0.03250625902860036	-0.377397971318541	0.9706152528559024	-0.2970624380429952	0.42701590354211755	1.2412916410015686	-2.0746156902816097	-0.14732144099138897	-0.3791905643404495	0.759066179754545	-0.4363282087590166	1.1664562251259099	-0.4614253112525617	-0.5836424087106206	0.29971840968512814	1.7370875149709015	0.3743287457173884	-0.9922423999274168	0.4626124843797553	-1.2765196313367357	-0.19157178586218643	0.7201677268147977	-1.6143263347129146	-0.297574664139613	2.0926294355789548	-0.5556128907693573	-0.210723344404205	0.09032006123549027	0.9935282570948154	0.4439468897977167	-1.5849490595954285	-1.2115509772933761	0.2879967046780263	-1.0772880337092106	0.4830657967572782	0.9061409627801271	0.6731335030889657	-0.9323547312430894	0.7708454597013357	-0.9528751892285151	-0.26466979840326676	0.7019684317889455	-0.40046513348360196	0.25909734303016163	-0.0057109206850911335	-0.9500787451406251	-0.005379890233171835	0.09806716232389684	-1.2281508421060148	0.895953782657806	1.1910214933689394	1.376571825908976	0.36577138474689147	0.7904269639884663	-0.40703072025459264	0.8730312836620587	-0.18122238307656172	0.26961131022440027	-0.08312440642260889	-0.34241989077741153	-0.10940279900189091	-0.6178579313911103	-0.5125197690634155	0.5785037202502269	0.4370251825956066	0.7139786542405993	0.02576433037672651	0.42145211555770723	-0.6309475586423171	-0.7760929252940427	-0.0428366529831796
DTXSID4022812	3.8349329745571406	-3.0487749679642535	-0.9162483654463967	2.2026205860996604	-3.0940107223777944	0.9026333996990172	-0.3676883663490236	0.6856264081843665	-1.339882354960813	-2.5064762821268287	-1.121003741559327	-1.7065327587914219	-2.0596321156280655	-3.5507224575611933	-3.0691790514909774	-2.8668000878298843	-2.1668782762819654	4.3037092451143115	0.39241237063180134	-0.7285860161042386	1.796760715952366	6.735547250107553	3.7776480723346237	-1.1207498659264707	2.574060233870628	-1.6549624557343163	0.2734186516369917	-2.1695419376871437	-2.3428921075135616	0.5241945826879957	1.8515445347048904	2.587405048015047	-1.8918011702853346	0.16112906317097772	0.5534175383215995	1.0540776827422271	1.6536242340169856	-0.25386281623693124	2.7022539262145053	0.7426784311515023	-0.47603518483528273	1.0344156346132238	-0.34878981338655785	-0.45161357785445794	-0.8792186090614249	-1.6197402593690267	0.03988222329407253	0.405134781731781	-0.4293198490821376	-0.6230955354247466	0.4169380792376655	0.04141749636385015	-0.1726263899769164	2.340271847665403	0.30816447828038473	-0.20774047554612768	0.20099654029413477	1.1044747931538794	-2.462162013651315	-1.7021920497991563	2.0676006554229347	2.773190824720244	-0.2715411655691164	1.801319448657936	0.8394290413345542	0.9869869818731581	0.9716451167927811	-2.6223471922260226	3.1536944617680103	0.0511968643254386	-0.6675615862458071	-3.4514350943364405	-5.00624681781696	4.801194966141337	-3.8290784493404773	-2.9030645973385516	2.059603639998355	2.799443290040979	0.8594690535443593	-0.7449185159084668	-0.4786069518117185	-0.038903934509380234	-0.23840049634999955	2.566743778895231	-3.080808149531377	-4.464278628061019	-1.0712471110787807	-2.457398952740666	0.5157398657301997	-2.1093102176230043	1.1000475169580335	-2.2744211000002674	0.06127948891494158	0.12223118539236308	0.31574997406044525	-0.40439264427870397	-0.4540717645253211	-1.9840191439407902	-1.4284698720570024	-0.17109140959297248
DTXSID1047443	-6.315447432660614	0.4265835291785504	1.0342341888786337	2.488449941718077	-0.48247101527677816	-0.8941883097439272	1.306172876663481	-0.28651208184659754	0.4223890940338882	0.3544305573034656	2.520375716099148	0.4447994485135977	-0.3185299977255219	0.017692988413807634	0.8213990878894746	-0.5122482932087763	0.7236737002148298	-1.0654089045573134	1.054925216937203	-0.8270411815798114	-0.18505899902026857	0.2981644404700962	0.36166885555906403	0.42305221225639406	-0.30206103412924273	0.49587909728862045	0.2493013736685041	-0.3980874943442751	-0.13159992960194256	-0.6383047367760926	0.7681876760634269	0.4328855114324987	0.0899817536683275	-0.15085879675679703	0.17117924082008573	0.20823309810077903	-0.4883565800672613	-0.22525502804494685	-0.4907419612961166	0.11308343247668548	0.17051821877770282	0.16562282959281963	-0.007593219747720317	0.8015029924394501	0.5557748145942207	0.021662187338123993	-0.5006131908531912	-0.6806975071032965	-0.16599382383953673	-0.40978113296324126	-0.09764163544961983	0.11418973835178742	-0.46356169792083796	-0.33412284807524945	-0.37593984162397015	-0.38047932754926606	0.25203391362189914	0.32648336752296603	-0.058790559262355525	0.042299909850662204	0.19244403308598487	-0.25244079256479934	0.006427097749711408	0.6038333337933401	0.07173032761663256	-0.29953415167443037	-0.1652078432700577	0.5165506814963097	0.21545816840131873	-0.13444623869220074	0.08585256620172504	0.0710290970941922	0.3466071866281562	-0.26811388160380567	-0.11325837996496112	0.060428194038591086	0.3985095853041312	0.06103375093014266	-0.30622610125762023	-0.31366223778650515	0.40558036268483943	0.12298121889220873	-0.24747550021997622	0.36556767076539304	0.068732176757333	-0.19210913630404344	0.051521320248323024	0.12994651882674194	-0.016682636448202216	0.06661248642081369	0.07226498716852621	-0.12357801874948134	0.35750131375086763	0.20078031086545683	0.11781238986076249	-0.013047422647524108	-0.05287839815929876	-0.26053004771483906	-0.14497226769511867	0.1312949554059582
DTXSID5057838	-1.285181879670318	-3.2720427630986015	3.1828980799536124	-2.248517881005147	-2.247309257802423	0.8178017443873106	0.7152171248033843	2.938749434504603	1.4431111583081468	-1.9863966506411697	-0.7703563742053574	1.0189528975731683	2.7898932797357205	-0.9294942564966043	-1.891358959966	0.7147010834260485	0.10754869062227354	1.0684172181619935	0.639202016062898	1.6537867213932702	0.014902018145921991	1.1043374560262977	-0.5714670381669902	-0.8794402927923788	0.3635434184295407	-0.1392734601230194	-1.5108551802309258	-1.000963494050303	-0.6442734906894122	1.5360582336843664	-2.891534998796517	2.03179969631354	-1.0588155806232988	3.5619357907925666	1.1045447492655955	-1.9264238891526317	-3.1582428854391043	6.9021041824177916	-0.3609747376393449	-3.8085259306243375	-4.691360240848972	5.030651863315144	5.741574543868253	7.500930827235104	-1.4715505243190719	-5.228476857546679	-1.3256104251939467	-1.6812775063948049	1.2324099807701883	0.09394651297226336	-2.6416886205093753	0.42750457122929725	0.46255585543239847	-0.2723406536400784	-1.4701736248414892	-0.030350636008994823	-1.4325368601117594	-1.1124291371313955	2.6428880070640295	1.6886838820146626	-1.3300630882525617	0.5629959161045214	1.68959953619317	-1.7162508462400783	-0.07328265659887909	1.2367932875614471	-1.827267773526823	1.8537603739629518	-0.9411659680491712	1.8095876512522764	-1.5503186962995703	-0.3780124206261756	-2.653793907885287	-0.9706440364377438	0.5577570188131855	0.056042672634457065	-0.8319081616893644	-0.4472099555127348	1.6656892270489758	1.2943889880614734	-0.4671403967687325	1.6716163892510263	0.588578016035931	-0.9409125465429379	-1.9530056061834287	0.2464330733848032	-0.26460732277339605	-0.19557506937928013	-0.4825740571473795	-1.0718478033197616	-0.9871254933296778	0.5985602535574452	1.512210459015261	-1.432087342747751	0.7595787944075739	-0.4732689346758849	1.3075769414807423	-0.2001755608510483	-0.8623311172673139	0.16034150997946783
DTXSID9044823	-6.831707124483159	0.9248918921254845	-4.015201700100792	4.959347469414683	2.410012992195776	-0.15709980282014713	-1.4795145803626677	-1.03421789996712	0.028582513708766424	-2.909874644644699	-0.33648653076723006	-1.5341332252142639	3.0552935330964712	3.057016258455956	0.7508487674877934	-0.4472547758396929	-1.9357608850574108	-1.49210593105125	3.4922828761292157	2.024083873424951	-0.47826607628039586	0.3853106162872239	0.3166136755596526	-0.8270451974769558	0.10896518495829473	-0.8007373289055582	1.89832950120392	0.14962891236046494	1.0171822669241575	-1.6274496282011812	1.8322384524982782	0.42439057032217037	-1.7694915180903095	-1.0680176766728942	0.21677022455509964	1.4777755848647631	-0.012206968612827543	0.8257312734894329	-0.2107853657108882	-1.1577573185818362	0.6881177940199686	0.851267197866626	-0.12143587564020245	0.5809912437935336	0.8395651271064992	-0.786287404378949	1.0106031683091132	-0.4545207532012423	0.22543826540025325	0.37637512189179373	-1.033968508399545	-0.0979926085875917	-0.39274991941191423	-0.27569640660974376	-0.33240672252838005	0.9436837320470228	0.7497831693186379	-1.188887653157962	-2.086169972137576	0.05253061458606957	0.4948912957889824	-0.25491117035693883	-0.2793091309119245	-0.10177067238863857	0.4343384855448012	-0.45256825114968513	-0.8326722711696545	-0.3712716141453187	-0.40235097541936904	0.8693452453736868	-0.32178043359410774	-0.39422820165138517	0.0597510488375718	-0.4799991750424961	-0.433608235114074	-0.509490626886723	2.53732457426139	-1.5213235302728665	-0.7813786925034188	0.4753169360575278	-1.1034746021541413	-0.7891237557679921	0.31172401778801206	-1.3732447460259785	0.5073981834474643	-0.08746208529233838	-0.3713174087780469	-0.899195304172216	-0.3767951283335706	0.5695752685635748	0.6469569296739272	0.1554218402479948	-0.13348002676524157	0.07422848718264242	-0.17503593818747645	0.9912385776494373	0.5560926065590391	-0.4468914088902903	1.2739942019643016	0.6175883471091375
DTXSID5020447	-1.0922088957289458	-2.8660499029390087	0.7992612982193481	-1.8743356111300677	-0.8288192983674763	-1.8007702708665807	-2.2870034116448132	-1.7680972199200709	-0.45815487908745384	1.3525807896128794	-0.4200034700220856	-0.07748958959002902	-0.0358861011809374	-0.4909999716363414	-0.9442948133200038	-0.3106476253650466	-0.37834085290549296	-0.01384108803708155	0.7251158137701353	0.5586909637622258	0.2850400014178436	0.6337015573830447	0.25618051196057434	-0.3662517846765612	-0.28055449666130533	0.06787750963374144	-0.02246752436012783	0.7587022894393157	0.14335339705776576	1.0254060142178698	0.2718126041604502	-0.11735185090219365	0.3092887901136841	-0.3601632431702044	-0.0010068552398103084	0.20327749969177067	-0.2113434783181671	0.2806673074497706	0.7242765205590365	0.4649944750325311	0.6000729542635932	0.034284481635652314	-0.5829193922284612	0.22861543710321425	-0.14012108909208154	-0.09859122512926383	0.381291517232987	-0.49111468865242386	0.47550203759942905	-0.3202727579420515	-0.6920998007670943	0.37915702650011207	0.5859952335536484	0.6176171345197403	0.614016799770035	-0.2004802113264139	0.2357856830344038	0.34127792750002517	-0.8579799182490296	-0.03536175647160811	0.11367798114261797	1.129478752671792	0.11439355473950312	-0.3986771858192919	-0.09775739495638733	-0.0707823848120861	1.1021795271361312	0.030814060618824798	-0.04339916068154123	-0.1713807481703536	-0.3302828384347164	0.4083023042536039	-0.24395533215176526	0.8558967808701244	-0.7310203280495052	0.7412111648314863	0.8669357947299229	-1.4172460680022663	0.23483193767557348	0.23598859552430135	0.6968374561721659	-0.2528681966296949	-0.3533449836301336	-0.6625864873880883	-0.33159553083470505	0.5479848695894085	0.20545989902708353	-0.7647923601680514	-0.5315201086648103	0.6132932853077002	0.05684478143403827	-0.3970412341150212	0.0010596497904293413	0.5714559840956475	-0.20114384871394614	-0.5208690257865607	-0.9292060942425108	0.7015969544035298	-0.2110351323159231	0.06924992445415049
DTXSID5045887	1076.5860851418736	-372.0843258434179	-113.16428061838174	1541.2666062879189	404.5962990473921	-361.7437382811519	2777.093084327224	529.579741961011	-671.1239124953013	3229.488949651046	-1058.223311666334	2785.5858950174056	674.4310664203691	-236.62396446904458	865.2274695325779	-1427.5919058367804	-920.4103602881103	1495.9584570020695	1861.02793854826	504.46106273544154	1416.4738776948536	-699.1215110126428	-945.1437258342532	227.0952826958052	-530.1984409716509	-934.9948688232877	-462.83269821084286	478.5433419433083	127.0214077711917	399.0185203710143	138.50140153989045	641.4341009588899	-98.59124749214327	384.7338425386083	51.459334919051415	799.6250763623492	-218.51399897588098	548.1308058098463	-452.23866329695073	151.8184659325851	-44.00232025163888	101.21950897659444	-190.7432104959836	-159.5896307654906	-70.77383676821621	-56.51527698921046	113.79500504067182	-379.5556409113339	-51.90177322772177	263.1374488511522	-39.95469598432591	-634.2692190553856	-552.0576327695193	-80.9522077662358	-129.08804280408376	-212.05478587665175	802.2277523099851	124.18850639556683	-1177.1098683213286	-424.3565522507483	848.5928003279594	-814.7149770789335	444.21983796102626	94.91768783862172	-692.7513560076918	-2222.667364315843	-191.8682697348201	-885.2544190207053	-715.6818091251945	258.87678754583715	-776.832868048485	-1331.1900262336728	-256.0041539612614	-333.9738262379068	325.61433956615804	471.1974625875722	-1366.0305392801547	109.77101741951034	88.02247141025175	-1339.3504960767798	1406.7247768914638	-1259.062024289339	1775.69332852386	-2199.034915487714	-1710.9105167410262	1761.9421008123084	-547.6873457879688	-782.3380428687329	-213.01512526311356	-524.3772652295829	189.58994625250298	-1440.7484810505575	501.0397845721447	-425.26806203123175	57.20940911285826	3132.869445124639	-304.36184640827315	-101.44292857614602	349.72162053466326	1378.8778626113763
DTXSID8035217	-0.44084714391953417	1.0836369657253688	-6.190690057595919	4.980494059902578	-3.7474702871786896	3.4568812859555886	3.516053030929324	-1.6548007575323196	-2.993955146812348	-2.5893702400006426	-2.2788415163717395	-0.4697033267761815	0.8857294140574257	-1.657620172420107	-2.071628886763256	1.5024305113533774	0.880578882265488	-1.4064167302310633	-0.05764691875895005	-1.12271738829373	-1.5019840747232387	1.4117879701395282	0.7876798669977247	0.048895813792815004	-1.1685845759301514	-1.815105090011184	-2.6280414407332024	-2.4400355325460956	1.159756877918147	-0.4269048276468002	1.0929935309024437	-1.895038187665706	-0.06349434490590905	-0.3834320939891838	1.347876668262385	0.1964863267320379	-1.9365002964141789	-0.20628723906549495	-1.0658815098541992	-1.932054179672451	1.3951319676015377	-0.4031313388290709	0.7688311800152658	-1.2484485910011835	-0.15864634882439302	0.28286054616183165	-2.9931495990702217	1.8010057320658113	-0.5152157760143785	-0.14095989792723126	0.983000700657972	-0.20048519342107796	-0.9388745938925156	-1.512587780334701	-0.41680818236099376	-0.8654400505252062	-0.6720258538483543	0.030229170194564847	0.023823982381187176	1.5202457263717457	-0.1732663478813329	-0.30728377582980676	0.46921936337851483	-1.3422731845358606	-0.3803868487087527	0.7304953694600226	0.4826814440676602	0.8894313317367778	1.6212479340537114	0.02261218955109431	-0.17320784342077025	0.11901813715699161	0.6508197509976745	-0.39036352330989876	-1.2182903595722996	0.16555561890955464	-0.5197407837827636	-0.11843914359436347	-0.7286723540510142	-0.21956915256324647	0.02834871672301898	-1.1986296038854944	-0.46826310807014143	-0.21608327696373894	-0.8517232193984944	0.3549469600649344	-0.9471875653273292	-0.025610846337796048	-0.45680771562040917	-0.011117365094594225	0.978797018671047	1.247975885408546	0.6413214458091592	0.32564606931810575	-0.26533964327329707	0.449956152156714	-0.22498931930999289	0.6418077376237212	0.11260574565598847	-0.15149087390241453
DTXSID5029710	-8.48213680819286	0.965305611238183	-4.250790300630223	-0.5466424894101721	2.14567811264861	-0.9720491355161518	-2.41710471703787	-0.42127454826515076	-2.489343480626895	1.7724606224705646	-1.036837314540083	-0.09234880655008235	1.0395086528842106	-0.4188668945405539	1.058840559562468	-0.4069580819745059	-0.7342972397663157	0.0483342030200691	-0.3770168195038013	1.3797185802021643	-0.33165305374322873	0.17927540488032292	-0.9615718521655181	0.3475167037704239	-0.4105618377504107	-0.7572268306513811	0.5315918269291672	-0.4679023683902919	0.2583081122038851	0.26930991695813855	1.545497748971323	-0.3736579967608041	-0.1941906694015132	0.17975971468621466	0.04055744561793037	0.040165093199711156	0.420730216692905	0.33187046088928157	-0.802347298377253	-0.09448118798961518	0.7312342643341978	0.936355654345481	-0.39738255113610793	-0.03826099777375156	0.13166704042135394	-0.14966843693452314	-0.13920377092322966	0.06950562818874087	-0.39465921590450115	0.46444973491449176	-0.41055281817089406	-0.034571003002223634	1.226542195630562	-0.125475952475752	0.024741938923590494	-1.2929605852233585	1.2842031862347045	0.32872895431850063	0.07159755334773146	0.4109896475103932	0.8354453727938884	-0.2310875836407474	-0.3875651945787531	0.5828323702784223	1.8204635909374882	-0.8173438937109346	-1.1180967356083775	-0.46094002578380805	2.218858357903289	-0.10039804962430805	-1.0620491749173184	0.6408834373936526	-0.035369727792629486	-0.49387092989493486	-0.7260162741701973	0.6828063641992387	-1.2487373652054627	1.0518920860768515	0.17678278182686202	-0.39646555203693185	0.04037371508652412	0.535648175797719	0.46581819763635623	0.7097371504819898	-0.22364043525294533	1.213897310134611	0.6781260593581065	-0.242705815595907	0.05167404542330465	-0.6569397178476457	-0.9051075814163007	-0.3343741521771031	-0.4122738769443864	0.5335165613116554	1.1885193389874618	0.1533611142814659	1.514747223997683	-0.21520339804227218	0.29790116293180247	0.8461061161129579
DTXSID4027282	-6.781651716594145	0.002263150731937063	-0.16834330235080594	-1.9710111516424025	-0.5901204163289697	-0.7156709825449661	-1.224856742244823	-1.238336620322971	-1.338584643398478	2.0052624495032956	-0.934070452593026	-0.11931740953551101	1.5106502512721285	0.5032601455527966	-0.44801855515916394	-0.5045793362977078	-0.06010299527648419	0.16390734292027284	0.20306692404943702	-0.026059496304118007	-0.2840833061408331	0.2559988539297583	-0.5753549293960806	0.12942337945823093	-0.10296245994568666	-0.1893678054353457	-0.7236770980507178	-0.26004995383650287	-0.2531989727277148	0.06565467348193947	0.12774730739982665	0.24520756639231267	-0.5350865522032444	-0.24506623129676236	0.3125337749924496	0.5950083812329865	0.02584082448465075	0.8341293882875298	-0.15583717335211747	0.2378266211125938	0.4268729658352609	0.5889574054072682	-0.23920112548553857	-0.3594124436743558	0.07538542569276513	-0.41908686381344923	-0.3399763890196616	-0.3541559806622859	0.3258070200651069	-0.297933388857064	0.3377358840452826	-0.6608792534211725	-0.00627441730444689	0.9634472889437891	0.5298770294613561	-0.5029476487675144	0.43266402127535303	-0.3996786220434786	-1.170228573970965	-0.36035946269854496	0.5169146265910218	-0.8230420138628012	0.013897868917212463	0.2037104392783021	0.4965493239033179	-0.39942372436020096	-0.22610130553258959	-0.16961810629085516	0.6631815931268098	-0.39637538585446863	0.7359174146382143	0.4024729423621377	0.047227751548957225	0.013995757670476927	-0.5359815404698977	-0.2382649877404766	0.046700806491370116	-0.4138989490651415	-0.012265387815979039	-0.2884435187281736	-0.5268178814344564	-0.5950456834236767	-0.05169409706574897	-0.06271544121201551	0.13569284890417094	-0.21097999478060647	-0.07261628904381108	0.4772319662575459	0.14272003379537654	0.4541607619654096	0.030603884619006313	-0.5159587564968475	0.05591065054464867	-0.03498367763906154	0.12124636987074443	-0.4420426333852791	0.19458313387060874	0.411607572659687	0.5791162026372709	0.1357423575540444
DTXSID0046856	41.19761992162189	-10.602254777537677	-7.558311372662151	14.35155836510665	-1.3707762180215715	5.3787439679402445	26.254820672618848	0.9095521428916793	-8.080465836491125	14.22327413150775	-7.036457767679564	10.589220339524555	8.258586590844244	-2.1719761173891112	1.5103505723888915	-1.7548794201814852	-6.845148797830136	8.789557579821317	6.461676233772782	3.224180953706751	5.184663361443312	-4.820280672967264	-6.234688198183332	-1.2683078263387586	0.050499759641498186	-7.394275989461806	-1.1902976209184053	2.9927499198303225	-0.9063085232575205	1.0815215980817798	-2.4827505881858674	0.801801441596127	-1.0381682425937175	0.866462967820495	0.6615308836893008	0.036538575627222444	1.0294640931250425	0.7846637127844793	1.511449680089689	4.450017607528538	-2.3319848439288364	5.293944970459788	-4.813233542570942	3.4567845283163905	-0.5225062376129211	6.582415881054693	1.9499568109668748	-1.8909333525087206	0.13961213639832612	4.305750906953506	-0.5338553732428014	-1.2879024253467553	-6.446814278261678	0.7874929803724197	-4.9125406824218665	-3.2491864488481172	1.6612393559536134	2.2142890164068367	-10.618492780950358	-3.6801959877042467	4.336517646403517	-2.105710269143319	-0.773267733002363	1.3727010467257055	-6.582288509262038	-16.534643828091227	-2.961773655594035	-3.1072381594316414	-4.65143380935438	0.09166676924781042	-1.5976410269662353	-4.997238525324671	-5.908233797392262	-4.328573474485067	1.5372412057033547	-0.27892079553831384	-11.991718577899075	3.1705152669958343	0.4908273252688427	-7.649662860804903	8.191387820067266	-6.088740687159712	7.457700342507312	-13.261356948582886	-10.459686230899598	10.016973189064434	-4.915126752650772	-6.641208892495374	-1.5876463695667753	-3.739596624745128	1.613198716171992	-7.321399536628774	1.8999521216031492	-0.9197283362161685	0.5426211972873284	17.30308636120201	-1.038450123276106	3.464985594823465	3.850602514693661	5.580151425871648
DTXSID1023021	-0.4681643108039873	-2.0365000780601923	-1.7768873004824288	0.3210020166345615	-3.063111473263957	-0.7588259088686582	0.605654438474681	2.207226387839832	1.137020359744668	-2.86878433693128	0.37454461340765	-0.5777305576795166	-3.057061742282186	-3.349628400809536	-2.915561505530963	-4.798351815945967	-1.4974190086062074	2.6257669304255766	1.3048840331238605	-0.7632644055692601	1.8201088614662042	6.3108542020240295	3.3890255821033253	-1.2605998517717425	3.7076107445392767	-1.615978464529935	0.5251163026541533	-2.9833197733768655	-1.7640564530947196	-0.5087811562083414	2.7430380387731126	2.9315545067836126	-1.600903908073079	-0.10356968547810555	0.43735511105199487	1.020714692994536	2.406757576614891	-0.5879272727411535	1.2062376214768398	-0.25018019964836696	-0.29565559597600394	0.7048377157931686	0.3882358385256502	-0.702313864552843	-0.6292126789340651	-1.8063690155895171	-0.19707230173705179	-0.18663430696973418	-2.1884526515711933	-0.8966097252637252	0.9294349963149918	-1.4876145228435047	-0.14705785873007474	0.19926370655989353	0.1342286817721842	0.22332431172587908	1.2793869713491222	-0.1279341288437507	-2.5035921937350585	-0.30889209004421925	2.47631973440473	3.078398567290316	0.0664786619140054	1.5338076275157286	0.8363871368442879	0.6466414659867138	-0.6331742745332112	-2.268050523895733	2.5162483899092427	0.18080844535165289	-2.2490654321147243	-3.339521715027039	-5.0016514765950415	4.45312681879418	-2.5686792146812225	-1.7439510186922156	1.9118924188933708	2.871621267354925	2.6918712313305955	0.04502783125078712	-1.2034635529771631	0.6119126166232037	0.03685970918517086	4.095126594057498	-4.540269962369883	-3.9593943762187127	-0.29838344705530184	-1.5907026684013803	-0.3270425270271824	-1.5648608225958733	0.6207750464286554	-1.6672356738780056	-0.02850844618510487	-1.8107887500935265	0.5259566822152391	0.26518734867687055	-1.3791735862484167	-1.7705512661267782	-1.1367455181598476	-0.07910318905589055
DTXSID3044960	2.5387494598140363	-4.774901000696386	0.46444133135519894	2.344804917769378	1.3953056177484895	4.985209780689112	-2.390602819546772	2.3255992658761575	1.780120222458125	0.6455962642503895	2.5537569644795632	2.73479537878566	-0.15614027267166614	3.2403967567707865	-2.7355498064218566	1.0017974597594446	0.05570441284997511	1.4946393625421828	-0.6960771507816075	1.7307937974073275	-0.40174459392642853	1.4831144470147142	1.2363317737113222	0.32708837846682004	1.7815605775928856	-1.0101157000879677	-0.6296066123565925	1.4902731287013928	0.6458917820217174	-0.15810851220737837	-1.47542969237892	-0.4877347371201887	0.49880315746003007	1.939388559433146	0.24078454491774348	-1.2180971034297625	0.785163745750361	-0.9351392254901427	0.7408101908008984	-0.7170845243970635	-0.18141816488575102	-0.7513568710436209	0.42926587121959475	-0.7498186221748353	0.5901204146353639	-0.059433256795612156	-0.08609244508236186	0.5755054574240142	0.11957975776286854	1.3665518948217275	-0.17893943056317743	1.2229019138021486	1.1013002618922771	-1.3633629519867312	-0.6394826650452818	1.374444101616515	-1.3483194263868925	1.421507784140147	0.2428261786633552	0.587394928478868	-0.0631025076952611	0.19567670123606612	-0.5155386984506929	-0.3081659142621362	-1.272528974014674	-0.6685371609029517	-0.2982822714839528	-0.36917035405592985	-0.7087272961078629	0.7943220131420561	-1.3430707797530959	0.8484637680674605	0.5498461647406218	0.0448278289873822	-0.7208026453667401	-1.4773288893862884	-0.7488045415603272	-0.07692100047369776	0.9725342558519932	-0.07855903520363325	-0.4624044576607877	0.41826090086932366	0.5481213072950062	0.39024035571663984	-0.28222838611812884	-0.25195146565048665	-0.39585798741161643	-0.2586334000254117	0.45560785332996506	-0.20086435549990203	0.6701586036902564	0.31993022663187676	-0.1832023129022467	-0.07614426804124827	0.17856201290997528	-0.30771451320842436	-0.4534833109694447	-0.6204655988705746	0.10260000529195494	0.5613960513835501
DTXSID1048962	-2.218022982903905	0.10843447882965154	-6.901892140410375	5.80979193159985	2.7861369973361714	-3.1227356493724714	-3.6968565807915468	0.21832606759033849	1.0000476236459004	0.6874297974687216	-0.34305309883628365	0.3168722012775125	3.118541351190702	-3.430011498259306	-3.371475964840529	3.4871621964764286	-2.755801062276836	-0.6459093947490973	3.4271933830711263	-1.9273239928959063	-0.7147312837786048	0.5225327838705329	1.0399334576645285	0.7388035959498785	0.16946554697567587	-0.593361293096983	-0.43262546846860966	-2.0682017608191154	-0.36386234072536033	-2.575722516566569	1.3970342395892246	-0.45249310469115	0.7141282380054174	0.3090725411340647	-0.17230295605066787	-2.0797459093932473	0.4295859851729906	1.023937124094043	-0.5682532624732165	-1.9989119802954678	-0.17374267391448733	-2.4805232281308847	0.04455555981423868	-0.7402173964808295	-0.2159895418217711	0.025102424105020345	-1.1072118862101388	0.35935152999370557	0.20177427776560816	1.151787624841999	-1.1035304367729648	-1.7003601756610993	-0.8803808183329043	-0.7366695306778829	-0.8616010650953668	-1.2779654405801009	-0.32613305359028233	-0.25051795802535903	0.6442499164135721	1.1339953867669461	-0.7430640535521097	-0.37204964076540664	0.9995675948548077	-0.10409323590311684	0.9270764070168493	1.3895378909537561	0.347672477805345	-0.9897555470252936	1.6204721591049787	0.7364475621082505	-0.774813420951572	-0.9260654335870099	1.3649798451880675	-1.471393017227676	-1.4492317819020262	-0.7546190088451337	0.7050626792052848	-1.9321980576690463	-0.1466244163695151	-0.9793383958519766	-1.1772754242346972	-1.9001358098960233	-0.1285039329167309	0.1784976348859506	-0.9478468175448098	-0.4025686806607122	-1.4850094617478393	-0.11587055156276771	-0.8206113908719826	0.7834282278974289	0.14088800153858103	1.3432535856845131	0.23727030406223584	0.4956759525789859	0.22327282753401725	0.24632386189248584	-1.5754178252275013	0.39654998838063876	0.03425777721346009	0.23228397194769476
DTXSID0044995	-0.7412097937163313	-1.8075966490193254	1.9341748269644445	-0.015385001036567422	-2.7196412693511136	0.30518462329841656	1.9286205187699992	0.8853682151246681	6.557126108406692	1.8758121983887854	-4.577914263688903	-4.111553243811368	0.8405412801829586	-1.9821407943147151	1.612421752704436	-0.4465934028191293	0.41767343724898004	1.3837146926287889	-0.8510822347542376	1.3978732741079358	-0.26754959548726476	0.10706753293854115	-0.4854895312235001	-0.2980329977985178	0.40511332488852375	1.337082935809103	0.2031248529417126	0.6628382189702138	-0.7593024794704264	-0.8261246822907237	-0.30219343110540836	-0.32657243917012324	-1.0342390385386664	0.7250756709446156	-0.6703154674841334	0.9872738355739817	0.7822789098111856	0.7948843069775632	-1.1025275198296498	-0.6684799046132728	-0.0046314961854871115	0.1423224474095938	-0.5234952594253652	-0.5686630040677292	0.005278926457457815	1.1590688011591255	0.14037842354918723	0.14471719217274634	-0.5076217626866022	0.5576278449346638	0.14804005547637383	0.6024754964405361	-0.49480403729793343	-0.5839770135257781	-0.1647159603232763	0.41537841624271626	0.08215392095040322	-1.833289473391701	1.5767395408317038	0.20168473373472964	0.32872833063051354	-1.9693443942598965	-0.3494106495526641	-0.2756952155549439	-0.5350732448094286	-0.0563763974750354	-0.786817205124024	0.25755837745943266	0.44013793347244895	-0.510256395026412	-0.016104726897596212	-1.3316581081455898	-0.28165625487926055	0.21659711639538307	-0.7672942527575953	0.49209544445507747	-0.024895212021471505	-0.6114655849191485	1.3377221135056596	0.46075105815242307	0.5609089130142495	1.4412465781531885	-0.6013568867315496	-0.3967856657030679	1.175016265741066	-0.34653348351031915	0.19028646684029846	-0.10929102648868419	0.19809280015889855	-1.2522090200543532	-0.4615201561539719	0.8239546590948728	-0.22836622327022507	-0.4107068798933119	-0.6275262543998766	-0.31587228506491094	-0.290640349594245	-0.37806413877281986	-0.2288598419251219	0.6476143754320216
DTXSID8022614	1.5508004439862246	0.19273163124479203	4.662172876079444	2.78699965632918	0.130156387866582	-1.2565024085016485	3.074595164405084	0.4205432596287391	-1.343111778382229	0.4167775244202771	-0.09283976553701993	-1.1548114300586767	0.017595219991446268	-0.5645775180888288	0.7223622737227312	-1.3505551581439446	0.017932327418854355	-2.298575136934508	0.13997366477149256	-1.033565436175958	-0.5053016801067828	-0.4325514397629841	0.10936444763779125	-0.10152562918885882	1.0112402264386504	0.4357766906264642	1.9982565032436128	-1.4499320824718835	-1.3478104360626073	0.5653736842927333	-1.6313182917256024	0.3669542998415942	0.8900123061002314	0.3195299589923276	-0.40624763531384045	-1.9660148820738732	-0.45882980079532004	0.1832110647380952	0.7198907368094689	-0.007462811159892596	0.1999617504647472	-0.3896770041317191	0.18599050242118595	-0.7220887313943386	0.7458099329624835	0.9639345188634523	0.10536723022035567	1.0088902551777768	-0.7704088960344374	-1.0469633555436535	1.4043923096346969	-1.5207078474845013	0.7409881868412369	2.1106927392291626	-0.2649454137694575	0.2759256153409255	-0.30234229513852084	-0.362469610202081	1.7877921161147043	-0.775201174346556	-0.11270760889232576	1.4246001629365215	-1.7826576246979497	-0.3656008100912357	0.2111151856620324	0.937211301127827	-1.0369949225225565	0.16891528792130167	-1.2445248456973934	-0.5892706619908994	0.5308631525819288	-0.7018720071667697	-1.2436929188341321	-0.10909909320255388	-1.3337454228030654	0.13446353113214268	0.23872026587732986	-0.5404899938791543	0.6893572621718681	0.5815968250820208	1.1399762915282297	1.6346223864497424	0.33944314513111534	-0.3172218492746142	0.7760079523689347	1.4049301100022722	-0.22538126473147532	0.495198108886087	1.0397753589203869	0.46927521311457776	0.7216668122347418	-0.0924805939732769	0.10086893706114976	0.41485545771610277	0.32596733549502976	-0.4486579800498691	0.8987571634993511	-0.11105282362159094	-1.028552569985131	-0.026624506509900246
DTXSID4041604	-4.3975577735324896	3.317908857934417	-3.2512746186028503	-0.1322271740829628	2.391731529123001	0.8039312619572684	0.954435737692413	-1.9947551937031756	1.078207511155123	-0.4560173354780718	0.9994531745271851	1.0172421285450006	0.09500833268628744	0.8078016991140807	0.20811441399904826	-0.06194444352052837	0.16608503513264344	0.9806999355128997	0.1765030452691789	0.44297138280465714	-0.6003560417648104	0.641513287346748	-0.469778439354387	-0.3848341276870837	0.9655088501164342	0.08950604051995421	0.21159741547542005	0.4199057225081076	-0.5658705254496187	-0.578839108376058	0.056437613345525627	-0.17609061785750244	0.5792292801732016	0.5340900622724253	0.07398305449933072	-0.28327833437412875	0.509706646714486	0.7082742167932258	-0.22130082145789187	-0.2652487865314544	0.0817581391839909	-0.44437971855456593	-0.22782016606589453	-0.5814094568993775	0.3743129974438615	-0.4627645094597824	-0.1813622105175535	0.10178833414330356	0.2993323278797813	-0.16397591898881564	-0.35302239469069835	-0.4761149502471883	-0.15129576013562587	-0.4786627645122467	-0.4217175887146003	0.1945045468599411	-0.3149182549898545	-0.47768284836494374	-0.1987319776062219	-0.012470026424328444	0.24377773969525207	-0.15711208804852356	-0.062374062133086106	-0.45085718472403946	-0.09526068757306616	-0.2837146536923755	-0.5708824445209659	-0.17269137285197195	0.035063054438415134	0.33385161789375656	-0.40260584870206345	-0.16037815577783407	0.000968970497381805	0.18810550161726527	-0.19425071173378558	0.3229571246013982	-0.2642247581488746	0.302989015788568	-0.12643905668693317	-0.04034902223460081	0.43441694882882387	-0.3804087105446525	0.30760560864803305	0.13694513093538854	0.26307981467879693	0.3978972909055201	0.05194616320169121	0.21772232483410794	-0.2961362465705068	-0.04472104815641418	0.38551191197507	0.5853845381599431	-0.3903850026808068	-0.04074703551891649	-0.2531803500368301	-0.18249855904578108	0.11540641851228772	-0.30675994906781645	0.06638902059984612	-0.1343235957741447
DTXSID4039657	4.557813406032321	-2.117730202729067	-3.2782890746904045	4.477527879762338	-3.7233097717710453	-4.5890317564138945	2.9128527624488734	6.928697348492085	0.43962673799821067	-4.381028491552999	-4.084913928720834	3.7079004984494253	3.663137306387281	-1.0055447065243928	-3.882799467059201	2.68021068474958	1.4979328362960707	-1.0992557149107776	0.34350510127706624	1.504005581482216	-3.562129418316815	4.069293354782629	0.18383966112015454	-1.9055251992039592	0.8191565624248419	2.382210082158669	-2.5087604092665634	-2.8485621722097263	-0.8547666064827469	0.222273492956822	-2.3173988270735957	1.0062260271185082	0.3599118573472202	2.9331626557626764	1.875036822606823	-1.4676359345516081	-4.533933264623531	6.444611000160139	0.6519588258311817	-5.402005291038247	-4.937651822111133	4.167437343924102	6.844754236526611	6.410194154823628	-1.4461793523952404	-3.712792718744681	-2.875327740018451	-0.0365127836196322	2.736526876107023	-1.128340199880309	-2.011359349748632	0.9632558466400394	0.9639543051257959	-1.134266615419288	-2.1992011242681735	-3.3888465413482325	-1.9364206182527388	-1.6580064003368549	3.8043387945346345	3.0640500471227647	-2.618340924041328	1.0604369583178324	0.5667968907854304	-2.2057148228195023	1.0068350890839655	2.6730328652317366	0.23687195613045112	0.7356847986315187	1.0981492357553546	0.6981601706600409	-1.6226934145133103	-0.23753375613541206	-0.6579263941803258	-2.802041979442206	-3.140026224856831	1.2416485723243968	0.14654509956730422	-1.1926178082376264	1.084756482397201	-0.33556701406938677	0.5355048893256968	-0.06660242757451015	-0.4942466784061743	0.35741446630481916	-2.8233984779722134	0.4576094569410624	-1.5719680158743916	-0.5537939660717915	-1.8880120918734027	0.564434902464816	0.7474013981249651	0.5947523725294254	0.9784875310858098	-0.9742738525642345	0.3752767598395368	0.18460990997911836	0.4386593830098357	0.8007378161621723	0.45884051713516	-0.5883839764557005
DTXSID9023540	-2.332981356906374	-1.4096982173534756	-3.945523927280233	1.4401483002882112	-1.4946725579068574	-0.5394962740047682	1.7268717933928326	1.3847942060780063	0.5485163533266896	-1.7982965080420827	2.366153292346931	-0.21907284001643976	2.5188622491063737	-0.2672054459258452	0.32571375823323073	0.791967805387743	0.8510979402311284	-1.6020929932068704	1.5238187049968674	-0.09250812989675265	0.4682451308516249	0.641632159548176	-1.8970755489317526	-0.5758730145539582	3.0434007480655167	0.7996756067202665	2.9421941945899475	-0.08579171766967916	0.02553178896473474	-0.3249682473041735	-0.6196983075490193	0.7957759306212788	-0.5225103541675281	-0.5627602703604025	-0.24440778148913567	1.3480164036697548	-1.1006306955748708	0.4597384803133899	-0.33403119771949685	-0.12750643819869625	1.5510756911895938	1.2484082057235943	-2.292877214346933	3.5216478992673133	0.00038954222150520024	1.830052725147668	-0.6294883013455421	2.6263326116580643	1.2602865027701085	0.6226202721627246	2.2642401187556023	1.3578614555478494	-1.7681253525376108	-0.7023767795104117	-0.8465863135596813	1.437458499956941	0.5729950872589644	0.5452739729202716	-0.7901279791070642	0.6611649662756639	-0.6061564756917887	0.4441711074009861	-1.6463823224464393	1.367420373242471	-0.4705693813743787	0.3043715627772014	-0.7500631709628877	-0.12024624991194971	0.019701068547517957	-0.24500868869139572	-0.0318864550362855	0.4531014758344156	-0.04101153621235087	-1.1850859300611793	-0.12557292541674295	-0.9619534614511388	0.23560883709179437	-0.40800821496001305	-0.37405363842368666	-0.2530714285054302	-2.1256789812050583	-0.3830343912681188	0.6172855721266857	-0.8319283070518639	-0.4267364108169003	-1.1674541103682239	-1.4161112384340917	-0.31819598434986873	-0.33343923005119297	-0.472368484988038	-0.2722356724634325	0.04665055050212505	-0.36320484815082377	-0.5321046924158539	0.12821865987422587	0.8677537270256901	-2.1547790540861687e-05	0.8241079677400093	0.449324515699193	0.6901393375946945
DTXSID2034542	0.04525317490051016	-0.12144872760362967	-3.8353474304097834	-1.338292054222146	-1.4614267989496963	0.6770451023216694	0.8180246870072543	1.192796684077315	0.5873927277377864	0.15376990042128588	1.8237563204074707	0.5766377728413148	-0.7027074946866104	1.3930430205973314	-0.33366937685521836	-1.8450881051914918	0.7758331507341282	-0.32920509127251607	-0.0915189310063686	-1.6417991692757483	0.1999441260483602	-1.0574257121393196	-0.7166183838839357	0.9040415352218344	0.4465776800782142	0.6771231249953318	0.5531805232658954	-0.771732968499142	0.21868858766103202	-1.5517352463737963	2.2115023097530666	0.27996518324514397	-0.5193509820881516	-0.3443062986414998	-0.8089098727182036	-0.17881259790633533	0.46040704599781795	-0.15100876405478794	-1.4785677524107428	0.006152328329386601	-0.7709051923846947	-0.24783913979525415	-0.17036754846602942	2.124066997876754	0.364965108129606	0.6222435619499831	0.8440470043644049	-1.6035478000597396	-0.46316204112516446	0.17276673003276885	0.4371333063789049	-0.1653031828403448	-1.222186656208013	-0.06942424670757012	-1.4094385241493288	0.2924761392682025	-1.3760192966525961	-0.5487360424975063	2.0372878170428224	0.012823665172989631	0.18012367395643042	-0.7362524908483363	0.0701977922019549	0.1687913603410971	-0.4318158729528289	-0.2013686143208128	-0.5814378650833242	0.5500408996014484	0.35655130939856206	-0.7784653478079904	1.00586195167417	0.20177583910850516	0.21460867343481474	0.006617119937746029	-0.2857497339806597	0.4101366068697122	1.0264425854726957	0.3802260633326825	0.17475923533056567	-0.5228151883221731	-0.38390973308099785	0.27275192479227905	-0.015462668302265871	-0.13780697304523035	-0.4834657226439255	-0.3963046536127803	0.049612814187356205	-0.7399658657767805	0.45846304848857994	-0.048195971027364094	-0.6885099624034395	0.36635430910380645	-0.7214736903946827	-0.15402819181487243	-0.7967357121972326	0.45354291584990325	-0.8724621190376192	0.05635962548521661	-0.03421424043293527	-0.31034218882947984
DTXSID4025741	-4.444760711456838	-0.5571290588226554	-2.180802252611958	2.627911528322807	-2.4722752281522156	0.6174018116889394	0.27475080186467615	-2.0716929344924724	4.775779680715827	1.822170281286753	-3.3293722519806894	-3.0641389490785813	0.38058965203790024	-0.3129709921164119	1.4058122820587406	0.3393182444572999	0.6042651840872953	1.304756699269655	-0.8754125983652835	0.7688626681749634	0.17006292612642454	-0.27274864691841366	-0.00590055114487464	-0.501869995258341	-0.31345454888682595	0.36601134379239647	-0.7452548605292193	-0.5001578262357863	-0.10788380225548992	-0.3554819390342877	0.31681978610235767	0.11738253222212275	-0.6729927526444603	-0.46395073665811576	-0.3032943821293483	0.17016581461024538	0.6791827843625239	0.5136610237555609	-0.40172971332149426	-0.22588849426398488	0.5374918975118366	1.0090003763877209	-0.13264993047528725	-0.03370058558563496	0.08480901467019372	0.19676926814289136	0.38040267738216665	0.24268801350103905	0.12409512670787072	0.47886803056704763	-0.4881825291863981	0.1149736828150463	0.5961632052747758	0.6042347651014576	1.0732244067015375	0.300361907771529	0.0746492879303706	0.37975411302316686	0.1124902076394979	0.7706346543735049	-0.04386918824258986	0.18357656791943697	0.11942996237302804	-0.6947494786782006	0.24518061935523097	-1.320271356999125	-0.539299719220517	0.40204684636200666	0.416750610004814	0.509701391130627	-0.21099997288494254	-0.27297711022679116	0.014369033594851838	0.22749170326567136	-0.3523528130002337	0.4487428363712872	-0.3119620517672945	0.31668498914548376	0.3283030609675725	0.8227405810512874	-0.23383809260829977	-0.37313518269051543	-0.30157103025234416	0.08416984674122455	-0.39032026180000623	0.021409577040242447	0.6610987340068907	0.24641872146543273	-0.15318251953984993	0.3045530616258678	-0.0528675261860169	0.2282307299647411	0.21590740382723903	-0.1922048244643291	0.1416270965009369	-0.2918730856392634	0.6539120521421328	-0.6320358002840454	0.039699682416804626	-0.6465604459098181
DTXSID0047244	-4.748306363962822	5.938663405954391	-1.130376017989029	0.3772785362228551	0.8720765367980325	-0.5852142898362122	0.3284504199942409	0.0962001867808052	-0.4255103299940289	-0.356398057072184	-1.3142650375086717	0.933433443277109	-0.11401224161791397	-0.3325275837191658	-0.42819195573326324	0.263993592573839	1.05783245030223	-0.1851916573262241	0.8112185877279178	-0.5294794958356505	0.1694109678969191	0.8286743981379279	0.3595273434704423	0.053356112981040905	-0.16867486323760594	0.3587633977227576	-1.3153967487138498	0.08493285301805469	-0.6738862104435343	0.038725979406302596	0.1817445872885981	-0.6529047497131446	0.0858883039770226	-0.010919863637036523	0.22025105481779997	0.21704374105322038	-0.34241214118530644	0.37575461196012955	0.022135538169144285	-0.27521485500758475	0.5194597812006951	-0.19822722164545428	-0.6939496448371605	0.046155440128271094	0.20456669129005023	-0.18505435011729673	-0.7960142129591052	0.08677210061968295	0.26731758371373643	-0.016969127389417048	-0.2765498916379851	-0.6504807826478295	-0.35610821654934155	0.29383129079751197	0.18656823479541587	-0.21180726696608976	-0.6166921737186807	-0.017403377751279397	-0.2588468544637605	0.35128234937168495	-0.4534011981049797	-0.09084557973368543	-0.3984115236629187	-0.27661607245349285	0.2676141711326161	0.550901521166102	0.4935482986174248	0.1599181042793184	0.19508724751179066	0.8209930566321323	-0.14377952458611937	-0.2670647773912644	0.3687140514167206	0.42504484170946377	-0.1205906731365078	0.3052566436521154	0.106723465261399	-0.6645271124983154	0.1576899139681545	-0.1859173736390577	0.3890139184713259	-0.9087071574353872	1.1262002612924114	-0.531178153838565	-0.32359094526344334	-0.5070406499687479	-0.24598726094221235	0.21678329434256674	-0.0607935581605565	0.4334566103069304	0.49101286622509416	0.9693289394031488	0.03238183302645188	-0.379783376525298	0.10017500113653478	0.3179572747892155	-0.4169957061192003	0.010377934497253527	0.010512861270998349	-0.149004577309984
DTXSID5052620	-4.587192294735108	-0.0322056168362068	-0.9856534112734894	1.7559815313693943	-0.1624477655887234	0.8381693921264376	1.3045106128753414	-1.1785919657614468	1.9093730284839892	0.327752755470781	3.4639236423726905	1.1030114845851509	1.2034588189024051	1.096444403849332	0.8743041198847434	-0.09978439873571572	2.304345191017968	-1.0602728201493385	1.6176149002430187	-0.4933498700789123	0.4436624934144274	0.23425636552907192	0.8318381035762515	-1.2662761925669537	1.4100548912017725	0.8797463645154066	0.15726868752546663	1.0315328791630594	-1.061587991260518	2.464002797949746	3.0682421704860525	2.879844672963953	2.0251517889582034	-2.7041692015580305	1.0176513418471502	-2.2758690474116086	0.19306544169140344	-4.297441630063336	-4.155516396754698	-2.0851046124535664	-1.5848352102388734	3.9135383897181053	2.304022859403667	-2.094779742024518	-1.7397481386052076	2.938585162267339	-4.096082801226186	-2.4710836675562162	1.4128345142851015	1.258490851942939	-1.7196569072501662	2.0370536026919783	-0.5079711431503715	1.5888218893519994	-0.9275489938537486	0.8701311875031119	2.1059403302719337	-0.33475427321138645	0.34117685705514267	-2.2213039325711605	-2.6588819794383185	0.5856521784473685	0.4005760121967767	2.404105130265534	-0.10151024182552627	0.6010448275503745	0.4885321416160857	0.7823078091271626	-0.4265552749892024	-0.7296401720577167	-0.8308658831553271	0.27481159087044604	0.21742964026041997	0.3666135533167511	-1.0098817519177585	-0.2320379409938953	0.5508215466337765	-0.6039432975331862	-0.3165465120199021	-0.4427874105801332	-0.15293950075412704	-0.48212783856537195	0.5421080786498966	-0.014396361839538347	-0.7508226331981721	0.13400040343619357	0.6082787536076242	0.0024306174083287024	0.4823124694972892	0.4334512376557358	0.03901245699041795	-0.35338704147907185	0.4445644700412566	0.0381559497553646	-0.012745628182111234	-0.23699205559592074	-0.0391970690823591	-0.10224777993484431	-0.2568938363240536	0.26551736342192017
DTXSID9048695	-0.05393031560838687	-2.52949803124409	3.496172084722457	-3.0934381306765553	-0.0743223493470595	0.46378870140975587	1.01680800705009	1.5043150671640444	-0.1535992056417064	-1.0001627025824862	-1.2116559460942946	-0.23289752441461273	2.0264119862183465	-1.0095732369929378	-0.32238908030635305	-0.7682887943678952	0.4766723970408603	0.1696337830775264	-0.06781694236123813	0.2980389713417513	0.09490414228832325	-0.30184835755839007	-0.5441335250158352	-0.7292093995146041	1.4135491663825415	0.8858084104222645	-0.34326511254062864	0.11342417419287096	-0.4720593354582078	0.7360973992829651	-0.4129355041175167	0.0821863470008387	-0.17908110760397802	0.35119880320150404	-0.3697092594169169	0.018107376183728947	0.39984156295339646	0.27560599670447467	0.255672707948296	-0.5656089760338411	-0.4413886306377837	-0.6306309198171505	-0.1177681213586603	-0.3310482289224859	-0.22680134224492918	0.054684235810206316	0.7537637662063866	-0.14920712981927575	-0.5144667804037641	-0.13380629582502182	0.692820703289001	-0.450579446205435	-0.2527211339285088	-0.33574390986715946	-0.48232748233463724	0.02919867408675893	-0.4429624521109065	-0.8487928339142159	0.9705897470026932	-0.057652249913149295	-0.37156547554828684	-0.1407784787545521	0.0784865893876366	0.9051278928557305	-0.07577430609021624	-0.2575694454406751	0.3701582871346228	-1.0060547935476583	0.7303597304235386	-0.8124925086722731	1.2601311480866473	0.1414913450960717	0.16391215788343558	1.1987938151516109	0.43440257848457875	0.634696971238443	0.20856306989375867	-0.4440500118628079	0.6645116024641432	0.6023640172612343	-0.3021043461570981	-0.11780073894613549	0.4272897504110329	0.15101667642540578	-0.030644938012567697	0.014804257412244738	0.26925956285076125	0.4874990399630908	1.2724439095464721	1.2731551190932988	0.4597316548719601	-0.6097039876179018	-0.80379633728649	0.3017351490733435	-0.6629086513448467	0.644419392038278	-0.823419360280202	0.10443351836240322	0.3137126571543169	0.3662857144495014
DTXSID3029653	-8.817431546544716	0.9668067720368607	-4.306864199672617	1.9313480244851917	3.0803480140037354	-1.6154916291096926	-0.5923135122107277	0.7547487295997998	-0.7385304759732795	-0.7007814440112092	-0.7905378338402497	1.9680372730636058	1.4576375124096959	0.3753214686132811	5.283736955176518	3.429028709611717	-0.6818149507595065	-0.9863794442331251	-0.8737462122883719	-0.9791730942813859	0.4692654315156828	3.1778318038184117	1.5114186090385002	-0.5544052464584991	0.7175053201942502	-2.754744024159062	2.628267690088829	-1.679419281428497	3.5007723468984153	1.3597598084872937	-0.7183513914838808	0.6635531937518464	-1.2523042779120286	0.7538676576311846	-2.4289920534618084	1.3373518864190639	0.5142463034017631	0.533577359525696	-0.37090929794896604	-1.0004123300145693	0.25047494322944663	0.7264833681062068	-0.08239329829000755	0.7078874982038325	1.0073013225060454	0.5529166464424438	0.15076362999175194	-0.044166216748466575	-0.8019505022350455	0.7540206202552416	0.13217473960997322	-0.46432252746084446	0.6956630186283912	2.3611212266912878	-2.609763086259623	-0.38232509021567196	2.068565087714351	-2.023173541207024	0.44889625908122205	1.7757188401203516	2.676314649840943	-0.7389106770372883	0.9255555100054981	1.6636244989212465	-1.6499819895678478	-0.32108625199229524	1.9677279153477614	-0.6550560082359385	3.8642196474363	2.5171288674602654	-1.5113407861727728	1.3768788119125397	0.6011949369369559	0.9306526674024339	0.14001243056284632	0.41827137080786253	-2.210125143168	0.6716452245533052	1.1472739456034755	-0.053731559063324205	0.46777482110231944	1.0705133996430976	-0.9198630080911797	-0.5241723947623183	-0.6119490820281737	0.6045069349253787	0.7758558873539645	0.3372565972543235	0.7319577615707795	-0.22721538590389936	0.6130247821966868	0.36624276776847403	-0.05277781307017312	0.5776694596743253	1.2163472050564124	-0.024721578081939127	0.9935250326410229	0.7670775524332134	0.34658544503950184	-1.7088771631032256
DTXSID7023512	-0.6611315461098798	-0.8819653610068313	-1.4114091714962074	1.6444861633983594	0.8953473027258394	3.8369448725447186	1.3739669660542604	2.9129324702590775	0.2773964446318337	-0.9888160548353793	-0.3630511307126666	0.18586257021138705	1.2711234808922982	0.8598792407564566	-0.02590772237923708	-0.5196444353137741	-0.23420762050724653	0.38712751713762317	0.1304811212465156	-2.1824920842121105	-0.01375051242765259	-0.7788109070630875	-0.243166257529438	0.9863515890955842	-0.48348018540906573	-0.4208313143722367	1.4065339095581704	-0.7257735387021794	-0.26153568994885174	1.6251477086764219	-0.7586834224654122	-0.17954601812414459	0.7709344580614418	1.369657787962148	0.6373421197073509	-2.0805248903094484	0.7239849636611294	-0.29022105400334847	0.6635225339996723	-0.4053970370083603	0.8655708021400018	-0.6105472491597307	-0.2502199354109475	-0.2946838368938161	1.500010479335841	0.5822799109272034	0.15669667247108848	0.6806310075410276	-0.5828632442794378	-0.6847532063363603	0.7379703405343756	-1.5251078269829323	0.9983380368446106	1.6276604724779808	-1.33089023017573	0.5701906394912314	-1.1513729554783951	0.7248492629408136	0.07187442224691845	-1.256168490078064	-1.0781712150657163	0.6426517531749627	-1.8939935921182642	-0.7751412280590647	0.010751230136573522	-0.5671886003237198	-1.0200379802401929	1.4771643108970653	-1.396877478777142	0.8085700424489581	-0.45038973596289567	0.05558814334300423	-0.7566735975025232	0.17017388722630777	-0.8380617028877871	0.2513850230418924	-0.09560768886697626	-0.4801012014116236	1.476604088746823	0.3177761442756556	0.05835331426897746	0.996482836245356	-1.0054622517727452	0.31538584732256864	-0.4694832960640362	-0.07177137066299646	0.052180857874121064	0.20476013229827286	-0.47513748668191874	0.32977614520130455	0.9238245014680226	0.0730329992664377	0.2056841936939609	0.3182880946970973	-0.6136413245887395	-0.6572887384127937	-0.34977949749688525	-0.7193666206148437	-0.37371728606937005	0.6319333099812179
DTXSID6047319	6.5733540274731235	-0.8393667127104262	0.5125315980268362	3.2431550253172015	-2.0608039865056815	1.312378308366785	0.4881957553956463	-1.347220083376781	0.19185817314168654	-1.2246936275493228	0.01588385857628919	0.2533480408844072	1.4541428966112453	-1.1636974361026327	-1.1528350371222627	0.18235389785287642	1.071204643677782	1.113450194510492	-0.7180325443825598	-1.2431021278999703	-0.9259576382257234	0.11329423752242312	0.21198801574934248	-0.08115679586236388	-0.09569903911311127	0.832198395761808	-0.44913903943749384	0.1336604219127977	0.9420913524074108	1.275561173910628	0.10029663514992415	-1.8633867954498013	0.5229232834760786	0.13089877935360061	0.9455212488694439	0.3369888752302237	0.5953934231164452	-0.875551590513295	-0.7523742300973458	0.7039295182901316	1.2948798656347367	0.9535328211347308	-0.5380435068709636	0.5473169511208045	-0.0669302967492917	0.5542989630546309	0.621468373484341	-1.0982774897761138	-0.9851292955025535	-1.2768710672681018	-1.6042862141743588	1.1611208750956312	1.0057191048710656	-0.28102199525907223	-0.5169337074932184	-0.03299591576950907	-0.6039337861353326	0.3402912857170103	-1.1296866522276343	1.0357949140460814	-1.2097396064250348	2.169738233485979	-0.6622272899599199	-0.08477368542385548	0.3020902418348561	-0.3411297435539889	0.6783612319402944	-0.7375366080822711	1.4419986250449541	0.47430430042490673	-0.3191400318173276	0.3932922627242353	0.3302945760814753	-0.8594221315436656	0.0583002423262449	-0.4262630263137284	0.19533282476469932	-0.23904867461723148	0.47675442752319724	-0.8700608886566317	-0.2612710238008935	0.043034734836761436	0.26551731591715966	-0.34004171423555013	-0.30490266313383235	-0.6106003505252131	-0.007693720793743538	-0.04816875558158415	0.12851865946027022	-0.6115127981387407	0.651107246110907	-0.1379695088468335	0.7047002040274328	1.0974613202417047	-0.8437165564779322	-0.32250789096874	0.9007214133733111	0.45965004248317126	-0.6930879796122372	-0.30172359158051826
DTXSID3046615	11.13649369285351	-3.2013585971778995	-1.014583670908374	-1.4301963675219316	3.6744825328055932	2.2616983552969034	3.577960037065227	-1.0396085831847552	0.8069437533021345	-0.4431657197508627	-0.29067335964171975	-0.29963159822632407	1.6880420548115862	-0.06861542318288383	-1.157218555257198	2.760541558307816	-0.48094172214519565	-5.4825044420682465	-2.1935869677603854	-1.3172255870592156	-2.7708450142279184	2.7270540644088563	3.598346969292072	3.8915480905118356	-0.29249972014648495	-1.6120623560955614	1.3027498196152638	-1.7843433049652344	-0.15047334956048788	0.4221327745554758	-2.492635074340787	4.372598533287788	0.20050572828408408	0.46869008398550294	-4.012730165961401	-1.387374806649086	3.604448858350849	0.21887912836100884	2.406903307572099	-0.7505876641840555	-0.4981365310000648	0.3475539979947537	0.10197518659163615	-0.07589618094088543	2.48392440292108	2.1828465000905424	0.0476326938488101	0.30334067751190164	2.034465955458533	-1.6264032732400966	-1.737953008012371	0.5537175366102043	0.4447337210286658	3.77703776772742	-2.3505219647389053	0.6339106542096498	-0.20021406130830027	0.48605089697939974	-2.126167040698667	1.3113701873676635	3.2442117891951505	-2.126434931245523	1.2655846200312713	1.955148437003665	-2.4004326517913728	1.1099019471495315	-0.48686593208528567	0.14538776537575618	2.225261965001065	2.622610673033431	-0.41109492351383464	1.7733946731379489	0.0004357759612634219	1.1056670222665606	-1.5372163636503213	-0.4694437296746616	-1.5777084683676659	-0.892379141537257	1.5693757024504005	1.2169213326500636	0.044210414087588905	0.8591897384060772	0.42829067330373766	-1.0934210547704324	-0.5528101397043005	0.898156660130328	-0.5638838067429839	1.1409473891695214	0.9861576446448639	-0.5229186812316174	-0.7068112208162582	-0.4480819737927211	-0.8548699769400638	-0.4658118171741855	2.8140999588910733	0.4532889641133603	-0.7604502809734692	0.793964517417111	-1.9876423727968444	-0.7757569097267633
DTXSID3025093	-2.201603336170613	-3.0123281090612144	2.8611700695030797	-0.014532572638465467	0.7609410734939449	2.8576160753074964	-0.1135298275512321	2.0898268871277375	0.816641488638937	0.5461484158727553	2.675279820412276	1.5833031506519732	0.11350666957289529	-0.4422569031527154	0.38653836221746274	-0.1732878273389951	2.3291858233419647	-1.5276565359971832	0.3397888464589863	-0.9086218016575659	0.4133018741364225	-0.9634098598177631	1.0064926573729103	-0.5476608917449984	0.00137202788080955	1.1897392175389456	-0.5580149378792282	0.6664630562732388	-0.8069261898698833	-0.47078412097946437	0.4518142426568169	0.8578172993131642	-1.0825434174707693	0.16102158808545142	1.1324548532826382	-0.062121968798144155	-0.27290328920115	-0.09488716333868885	-0.40698147399257645	-0.0023838867772730454	0.8298182665709756	0.7955201983433277	-0.2570372734362992	-0.04322388159437179	0.7218934650622679	-0.3217018285427229	-0.8934014265472081	-1.2789789012415396	-0.7608332263172533	0.26907266735242424	-0.2435308062402607	-0.8059254112614461	-1.6642617920740808	-0.29491704840186783	0.28338800445636425	-1.056289128999627	1.0825392678993888	1.0583577469417778	-0.41828760142762195	-0.5426474566818684	-0.3159297312840313	-0.7510742841837145	0.5796682521553796	1.8664743828041306	1.84477573037955	-0.030199430631452515	0.6650426709415038	-0.14249415556219544	1.0750092736326142	-0.1691226726932778	0.7303317149850747	1.0408097701091317	1.4734319708646044	-0.04267209586883876	0.04620679930956354	0.27652861972428955	1.26290209088257	-0.2747917433948883	0.01399806752743892	-0.029396181937590613	0.7992773599897625	0.7765534266753541	-0.00702453401413163	0.023884716646999565	0.25444152866247205	0.3750218866371359	-0.28403639900715494	0.1357707106579664	0.01318178595796948	-0.09814209998183301	-0.29597756914861667	-0.09175193871760408	0.18998683397070382	0.20353382698076591	-0.3268655652643983	0.508295451840603	0.599209403960106	-0.12400598522827035	-0.3995907899037139	0.16019319134849286
DTXSID8022371	5.902938484343252	10.895758654999215	1.8418540875541154	0.1929836317249044	-2.2281001409469385	-0.12639399206847357	-2.2053040447004917	1.1914633428331494	-0.4944132582524242	0.18771079764097254	-0.5171738947256319	-0.22221196580044375	-0.3242327806930007	0.027751388109754478	0.11847210626950391	-0.17237005572290717	0.8995738333903085	-0.36479684282163793	-0.01611689246418287	0.30523631304098775	0.7588266206664761	-0.0646376121583523	0.36104920809756114	-0.16920385378989408	-0.14648187994280934	0.0730828469734056	-0.2847113755655457	0.5602160006576903	-0.0865503157045837	-0.23035227036321057	-0.4124700781222708	0.04382666631356666	-0.19571561191578854	0.12400094677841524	0.17308269288446573	-0.29812698429906154	-0.08211226165239993	0.41228940972171746	0.0019556806544564513	0.5287044081555244	0.4142536506201691	-0.08228051585537932	-0.5619864379609428	-0.030216741002619247	0.3514232013191599	-0.5305884234219688	-1.095022881513016	0.061421754234684905	-0.06232905668430377	1.194199195646122	-0.46034708461391893	-0.8571015942245407	-0.3168123786578481	0.3272594962741431	0.5765737629314565	0.3206449686946755	0.6583282511299193	-0.5228026999858691	0.9335677617734576	0.45872657207957146	-0.1053922865477012	-0.08477653475951355	-1.2833531348911666	0.14328599872065656	-0.14990994859623707	0.16573549118163816	0.33297263771594665	-0.03439196268239767	-0.17127554607777562	0.3487168683556477	-0.47615971822442177	-0.11090721135685883	-0.03876574504885392	-0.029794473042654788	-0.8378017497565431	0.2778228908338865	0.19782405556133195	-0.6514094968803205	-0.5337348248368892	0.06588755110141536	-0.04854523840890078	0.16582335127659348	0.2234860599177467	-0.14664011478171804	-1.0144421950835918	0.2669358738631993	0.7565615731574925	-0.2467147204977948	-0.38980878955709136	0.22456185355727737	-0.3699058788614009	0.5335793793529311	0.19749510448561597	-0.19728154793532587	-0.18482829738561907	0.8403313668959242	0.00791986932429282	0.14633156097866026	-0.08049684958334834	-0.2385714602927712
DTXSID8034669	6.643055177276393	2.6605739728279354	-5.095711153812025	1.0365931560887018	-4.03295655579126	5.35773190868467	2.5741593953437105	-3.261433873530874	-0.6463385418973273	-1.743721824859061	1.7885298435097967	-2.0386032544987422	-0.7149548127947205	0.6560424435476447	1.4069503019922582	1.6461423739220646	0.0829777671791613	-1.073250353181457	0.2145059734880014	1.6936669774204594	-0.18762994187058923	-0.9821806898199322	-1.5422037856341373	-1.779224358886084	1.2954495202231657	-4.222488597356328	-0.6022826682745063	-3.397923567208149	1.375094812872368	-0.49488071208038326	1.383027837507966	1.154984526249338	-0.9102025478516322	-0.20504864573697096	0.02623973269550654	-0.14357466366981625	-1.4005986590730197	0.569227807077458	0.0035692667989510487	-2.286622640240178	-0.22102183574621687	-2.194045433407848	1.524567286532272	-1.0809004594558296	-0.1831798720621645	-0.07638589374394747	0.43730665701481836	3.2134143822939296	0.20765185598305103	0.11729566625829811	2.7405581726019483	1.6684741083063677	-0.2700169804910531	-1.0192690417049606	-0.2194244222833257	-2.1095199862616627	-0.8673883197370418	0.05479631640194738	-0.3994875917910843	-0.24063118007511064	-0.3515875378004042	-0.10633261392107561	2.357869743666212	-0.8066682788216815	-0.7631730146317551	-0.22326550559630154	0.8081280743489498	1.267086773745458	-0.4246058303065208	-1.7468282391825858	-0.1523316294914193	0.8104088352593406	-0.526875165652155	-1.4531380876633284	-0.5662184296667496	-0.11787113147538453	0.2888270319360603	0.07018155567950114	-0.303360369921254	-0.4556080069333463	0.34453159584014265	-0.18090248499891565	-0.4724533425052651	-0.16703602881908805	-0.45763768145757794	-0.27004464351075597	0.2956485359210282	-0.1264572842770519	0.427738581193721	0.03729418764604643	0.9623971550226106	0.5041870479039309	0.16024250914941127	-0.23446986413340562	0.4332676454301683	0.4137895017931129	-1.1164662127245955	0.11522807134969974	0.6938394537107845	-0.08194456206446966
DTXSID0020157	-5.5937836588199605	-0.1402781273798017	-0.7834489514250098	0.32190250570083395	0.17544478174355382	0.8181467205016417	-1.7279958629100922	2.4879573198241483	-1.0049839545566097	0.4188040750980814	-0.1879648427983403	-0.7476806988882366	1.2041620471462426	0.32233740674108646	0.9707825762464752	0.9983596603538739	-0.521759571957121	1.1091635062032397	0.01569961539505116	0.4507160588176093	-0.4114986273634777	-1.17838894755515	-1.867721712500541	-0.6096866185456643	0.728117962416237	-0.21544630963573838	-1.6573179642575586	-3.5880101711576575	1.6438646020026229	-0.6800359329818997	0.36168796521951607	2.7652561229087405	3.9896039124262654	-0.08018995148394939	2.5385875681510592	3.2758124157370663	3.074052687109296	0.26982855760807267	1.4645673757158162	1.2301371235239213	-0.46286690137804737	1.8688608878819393	-1.4793951417998494	0.06606422094867707	-0.2986802442869806	-0.1951625688437598	0.8725140501686034	-0.3960114686123245	-0.9485719713433908	1.0290031974783416	-0.2575238255750641	-1.148277962340233	-0.7399132900655618	0.5885459831297608	-1.0378687066165222	0.4045112926919547	-1.149031543296048	-0.8478801337191434	1.1445544614219731	-0.34780730969817775	0.7106317220804756	0.6073263312987136	1.3670668497034026	-0.6528871396389715	0.20036165445578136	0.40851839333985196	0.136071188862093	-1.299036984355854	0.29919429959805793	-0.45196826674130697	0.324328272693174	0.7416453014853481	-0.227188625907099	1.4516405356603106	-0.6095270310517061	1.6056056384577924	0.9880605237105214	0.2941469564625669	-0.7113221092852202	0.10814135001645432	0.11827928534353246	-0.6850738403642015	0.4940543122349664	-1.4150477774668473	0.28031474212933893	0.4513213872645839	0.18148545384163248	0.8753235218189018	-0.1680987834577187	0.11887672247095088	-0.0797354701317448	-0.7349661146290307	-0.14324785081397778	-0.4388123705260246	-0.035608041547086654	-0.803270535319925	-0.41348816186287896	0.26020991479701655	0.2316121462393631	0.09894572117853348
DTXSID4047620	-7.89439751295087	1.8422122970718544	-1.943363862872554	0.28549562381983945	-2.4504472961680235	-1.3090806114282942	2.893683723535757	0.9903108167049829	1.1990920048528204	-1.4063774802746551	-0.6474061346816915	0.1707451867004845	2.0091141639377437	-0.10832886427523107	-0.2664052100361325	-0.18202268898552815	-0.296948883376139	0.4195481308019213	1.390179614707469	0.35831042359168863	-0.3157763045415877	0.2676486940435102	-0.5436033889286941	-0.5553498988125861	0.21511494282143123	0.15220791813626697	0.6357303461363044	-0.11065004368301508	0.2800075681739759	-0.9594845745298621	0.40626886529243356	0.7784437360954974	0.15145894153509834	0.6505253911877477	-0.28935981086919155	0.1395727877344745	-0.0037752066171978372	0.4537886210042986	-0.9713878317783308	-0.0648334908378406	-0.5795940166567057	0.26828421013326637	-0.2149282638690479	0.36690904900964966	0.37189480347825243	0.6769949605124418	-0.017105005250689958	0.2527672844199019	-0.46181824568934093	-0.4292133111850487	0.1586297404318157	0.39010170305983816	0.7703257707144544	-0.6054292335774062	-0.5319764895932144	0.13844889975257246	-0.38607948968286404	0.16596015051695545	0.25589480152329747	0.5604541361221727	0.40425367064025086	-0.9768601733621806	-0.9957444059494914	0.05002943092161582	-0.07493279191092701	-1.4238753449619712	0.030470568606193172	0.05556458655406269	0.35008686974043884	0.2227306699812628	-0.14416483419757004	0.33803813014815925	-0.2799853006278903	-0.13713986605856127	-0.5789652361203842	0.4549191426668695	0.4411382070277625	-0.029058279881885404	-0.06480272985237236	-0.3855925574240567	0.3393966238463271	-0.46320354862225216	-0.22014084716390417	0.6851313419653806	0.5585164186043553	0.25263950864081025	1.0947408705450783	-0.4461311948501073	1.119765272836177	-0.041263772926970095	0.13641832685908375	0.1427809643169473	-0.8523067803655187	0.059972349731196105	-0.030193619718120384	-0.046778822292836975	0.031929061470438704	-0.41614305052373823	0.17377694047462405	-0.04796998647561588
DTXSID5034723	5.166410119800432	-1.480461721351212	-2.3737577042704836	0.030378097272426036	-3.2220328227102493	-1.7404230718209073	-2.3459013637963024	-1.886705482044362	1.5274568761672018	-2.7708718159093544	-0.576236783606263	2.6882683945969106	-1.8864934740480086	-2.0762541276661857	-2.621165034214435	-1.8345909970980367	-1.207914828050973	-2.1916174985736183	-0.4914262816072828	2.908698696553784	-1.6182997254393796	-0.4924391076000141	0.41516597286037527	-2.4485041809717196	1.4264284011860178	2.112178219943817	0.6756517208342978	1.1737418264979005	0.2296756932825895	3.117266763143679	-0.9130015282171607	2.453751251292673	0.6813456188787431	2.029700153261462	-1.343229512227433	0.15579372185134505	0.058414699432439036	2.0445417623063897	-0.440820837498514	0.6585871611457429	0.5971666381655206	-0.4493938028230789	-1.3770218474607987	0.3211891225228895	-0.2732648233895527	1.7783305087285466	1.0382638292663227	-0.05157671186043459	-1.0925243134798008	-1.3059129723968295	-1.8346422260456265	-0.6932766054867275	0.7249652253831539	0.6479086348629115	-0.048028233866969756	1.1343485045502468	1.2425957472651203	-0.6585999983637385	1.038736286361841	-0.20553920570933013	-0.7658897027924068	0.08039267167718699	0.07227699279450175	0.3826780175825431	-0.32670530036185247	0.07517889817213565	-0.33038833489553343	0.10277420307377969	-0.7153868327556004	-0.6292499899699446	-0.5241294468836719	-0.5702213817939108	0.804488594958737	-0.14846563100165125	-1.7836876617165611	0.5620187524844019	-0.9788322431402893	-0.6824373326003338	0.06646134890444055	0.6607995921870463	1.1975667307671805	-1.0751124187175265	0.5051995102113237	0.399278496950042	0.5836357678068846	-0.2864531843442874	1.4160348009625583	-1.3059093599294582	0.19666639383627205	0.3531214190447667	-0.45231727178663883	0.39674152621496966	0.25283774545870413	-0.33030674264849635	-0.588996261875042	1.218580921247686	-0.469743444896393	-0.4442045711173968	0.37982319776479695	-0.35996245508941355
DTXSID2049349	-3.8468940922233474	4.146546485236588	-2.0471575311085712	-3.2631537684631344	6.289827641868993	0.29238996520419847	-0.037021198123485484	-2.1022504643180193	-1.0778372912340133	0.04979672957214676	-3.3061037207976938	1.812380420337337	-1.4540699978958123	-1.0077914163627057	0.06435975875204478	1.4530822527346783	1.4485795880827579	0.9442950503993376	0.26009323505455806	0.25928096484463287	0.7785871549306457	-0.28745134236211345	-0.6727384895238803	-0.662334421979842	0.8284362363133648	-0.07192481789485526	-1.3638733319826655	0.8031381277092089	-0.6699995646637347	0.1707182315284173	0.2830241328174209	-1.0084990210001021	0.3641056249243327	-0.5269904476180794	0.28397429265032287	0.9253291052565816	-0.2519057280761176	-0.2662355372658816	-0.13312807258274725	0.6406524477474275	0.0327196496047841	0.1895999590915976	-0.6073153881986323	0.7133789468554156	-0.563410374871691	-0.9136078161104766	0.6626042745852496	-0.17033783082679105	-0.07932100765785982	-0.7887321766465558	0.23216673098748297	0.07841135534044405	0.0691393367499766	0.6622220079535297	0.38164875253505665	0.2904526679876021	-0.48038479646886717	-0.1005568102675201	-0.37252515284513993	0.1584099416418959	-0.11044253772204513	0.26774261497070634	-0.0062235214238329185	-0.0748582474085359	0.8162411808078993	-0.8620203112618364	-0.7501964642245701	0.5658914103425008	-0.22598156917665993	-0.7980178292203897	0.19669464938073217	0.0980039889056876	-0.10626579235563839	-0.1601743422420182	-0.683559494928785	-0.08309305380471824	-0.3962555359081506	0.206036378477645	-0.12589735841890023	-0.18831826449306563	-0.20252704565490376	0.1866480620938147	-0.0908169860548402	-0.031706156244953	0.24893143607054719	-0.06630796944985226	-0.17221825351913286	0.03241823183474173	0.1767998940322193	0.0933842810209466	-0.12820248989816924	-0.1950126456082871	-0.8690003912794125	-0.27124890906587196	0.07756325496638052	-0.05734816293317949	-0.47625557133862484	-0.11313007190583538	0.12573883321905058	-0.21402876139905685
DTXSID7037551	-4.646525474190474	-0.9825791181543114	-1.8007930173552942	1.1577241561875413	-1.976919823116143	4.228249549405301	1.3133586925777996	-0.5721198793870003	-1.5732625134576976	-1.5211601761067282	0.2659862768527393	-0.5153621055191074	1.9351123548717475	-1.282067633008795	0.6709728141907803	-0.24779200328889228	0.8450935980718634	-0.14391219041355158	1.094176577227118	-1.3790907527398328	0.8393050204258045	0.13709158162628868	-0.42542580589145956	1.0192298993117184	-0.6265892762135215	-0.26254784261169867	-0.5540774664345887	0.8071805726469055	-0.33752654116840414	0.5522490054472714	-0.9316453839655411	0.5752703154663016	-1.1187312284871578	0.9554096321465181	-0.15641900992207314	0.4002994347614574	-1.0035042788265518	0.5011667836904692	0.05606350897931657	-0.5666306535741172	1.0357162876619208	0.01659319108324276	-0.6103068116283648	-0.6343424415410392	0.17346393773085322	-0.26065523492351167	-0.43923537121817546	1.0366643862136395	-1.3462980505597253	1.441593104930233	1.2909644720505884	0.5654479391268806	-0.9088960576147694	-0.34240463945134403	0.1404244839726356	-0.03720418919656763	-0.3470858777594304	-1.083518041868927	0.7658035125539663	-0.3360356042530288	-1.0564329139008117	-0.6977215997711538	1.7588285903669443	-0.4735853200826813	-0.4197207028110449	-0.7532256959497212	0.48022667985591544	0.6378502231554549	0.019777935787977246	0.17338965207923834	0.26710531193201964	-0.02362737355541488	-0.5566287210410712	-0.7182435760097222	-0.568124311166755	0.24312049116725903	0.30989538028552127	0.43415982106297585	-0.22655301772052025	0.24467302439588698	-1.150938602312417	0.06435092441038415	0.6181018389655815	-0.5321469400867421	0.4755744708155338	-0.11099425198364951	0.07098262360846759	0.012447825028831721	0.6548008788612011	0.014951188128244877	-0.17185226926483288	0.6169487308278931	0.19015288917538412	0.1941039595139278	0.17213201472050413	-0.029771328088674727	-0.28128450502895097	-0.03337343669621114	0.15169635572820317	-0.054377149642605885
DTXSID3022663	5.945380142361383	0.04512521699034152	2.2441999359096667	-5.1403597350023995	3.071124931518487	3.3541214970669793	3.430109424919182	0.965914898373277	0.559689980804323	0.3522604823747245	-1.0375961346614306	-0.809710238322034	0.8008373178562028	-0.6843622485618425	0.4038829852950883	1.444389129309639	-1.6964272795512059	-2.215182471873283	-0.3328039272415304	-0.1215461200199876	-1.8477584733471417	0.12693874003742384	0.9128110446050506	0.6257489512373707	-0.9362324877511006	0.9540541315392743	-0.41800440593912347	0.26342547951436707	-2.1258700778128117	0.7956146576548553	0.5668726561613964	1.4153353901323693	-0.7680246347134925	-0.09353757523342707	-0.9375227189105123	0.06202148300539456	0.3984338859562745	0.22893630568616524	0.8740268648015931	0.6129049217017601	-0.9582517120429465	-0.9791587688161575	-0.24082399984459435	0.2959384538258163	1.7052997594623938	0.14318074171247008	0.5693973487094103	0.20734015888038737	0.3892863534534932	-0.8916452930549724	-0.21422499997437214	0.9623342486006505	1.1798799933589157	-0.7442217841143964	1.6095366609555084	1.8033743609728725	0.6673591073318798	0.17437387565486515	1.7756047029340667	-0.3069549364469638	-2.324226080594188	0.9877560602947383	0.8826937461846118	-2.1870763736651604	0.6442203860003131	0.22782990200221787	0.27939394818665836	0.06156915117081236	1.328370772367012	0.8679872335850293	0.34983367807227145	1.0290047925604344	0.9216876643351898	2.3861849112596056	0.697339168852494	-0.7450403619021668	0.2946813303435853	0.6136580264229806	0.5546694559028574	0.08121927293247355	-0.6205623363511059	-0.7517308077856801	-0.4194516728686394	-0.659083175945892	-0.8933048210243636	0.9105561152973239	-0.250404263793163	0.11657149279430332	1.0364136715211296	0.1497401311115699	0.295123760787629	-0.6663095565573001	0.27647548238083924	0.10215804236089704	-0.669190191177206	0.4004376138436685	-0.8047707041162205	-0.9856041960437796	0.2948018450403448	1.2184437368332859
DTXSID5025449	-5.51477822567952	-0.27775178166807596	-1.6685756473885947	1.7941727147897777	-2.643321493693776	0.005409262392729021	-0.04580589469021756	-0.6726717272965196	5.8833072540534515	2.9674358430828485	-4.245439521270194	-3.8662951362578744	-0.24243699426123594	-0.38693688040455004	2.091283370963645	-0.26281272717725396	0.5369380313612568	0.8134175105843597	-0.827799827083533	1.1857863153456953	-0.4572170438775979	0.4660660191270777	-0.5006030066997402	0.9401560769364672	-0.8645989825033441	1.0908135052703247	-0.5642112341613059	0.2410842107111911	-0.13027343874878497	0.3297922033760302	0.2612583232754444	0.21346723054370867	-0.5385219447704405	0.05010258062738394	0.014007603094384239	0.2930607961091777	0.4061720517965533	0.5357734611655517	0.12180094453400143	-0.5768278069666029	0.2989098362602308	0.20882961661058966	-0.25722604394895204	-0.4272200437084876	0.06835152748452548	0.22411496348262144	0.5173422303513194	-0.1711973006926084	-0.20008660623566862	0.35896743930198993	0.5273855330716525	-0.13772736361797058	-0.46957323726485745	0.4616236904097258	0.05952742250142779	0.015258114600546654	0.5950365004563931	-0.2474942147184473	0.016282039559725167	0.1607650424510188	0.5705358516508573	-0.36584019648106825	-0.10898974353679279	0.41009507085218233	0.5370339212727964	-0.366734315828694	-1.3256980615530327	-0.49437567036158714	1.0268667496564026	-0.7074170433156426	-0.8910996464645392	0.6656853349272335	-0.25542685367370005	-0.7656646675826897	-0.5254479199277559	0.05710993318354211	0.14254477836245147	-0.19202078913575638	0.03807042004427681	-0.043564256038840656	0.22385408471866686	0.22242214235296148	-0.022574590576912322	-0.7569890105585402	0.05364257687961558	-0.57864598363374	-0.029645016368283338	0.03707810752411827	0.22188455340323776	-0.2898532698813633	-0.49765631566389074	-0.019244503188320654	-0.4741655951527785	0.050995136407338514	-0.3686153400254766	-0.06795463725927067	0.011155764117202137	0.20116827877059124	-0.2390064441310452	0.029467888330288204
DTXSID7045946	3.266534071893482	-2.711339876115535	1.6933084240351253	-4.007041117426781	-1.3738604662754133	-0.15961750091533625	4.865734593390163	2.3041871650417782	0.9273905944898182	-2.558979945999458	-2.365678129452591	-0.6212889330081275	4.712652819778961	-0.5113124677383266	-0.9209078439553208	-1.0867931225225762	0.6735928122878959	0.4588852293929112	-0.5997070479360204	-0.5964830704439364	0.6869285992593245	0.010568088367449038	-2.3519521074339687	-1.2412054286989513	2.74201368291385	0.4884485621858085	2.781350535589684	-2.2593190666080583	-0.5394767086922801	-0.34947444695174773	-2.9047368254123134	2.848268242826149	0.7236720565285992	4.158733538967465	1.9465036895585373	-3.4194398064333886	-4.44295825094925	6.390736777049517	-0.8655205940482951	-3.3356457359730602	-3.434981977733832	4.55020049357926	3.316870204954791	10.31710164712023	-0.6045471062264559	-2.4243941764145607	-2.7035810999513985	-0.010380694148152273	1.8091068516323237	-0.24293028138007494	0.6526061883091229	0.9263184249708081	-2.511421204732974	-0.68662591392115	-5.342446910258427	0.1256639548632572	-1.6857956883825098	1.063500949018118	0.9876459296304266	0.5614522037095145	-1.7146046773899215	0.5577611902832553	-1.5556898559145318	-1.476849367343373	0.13031808830944983	3.251319464710281	-2.436303674215142	2.9105770473534625	-1.3423287200123508	1.065988260849336	-1.2024815193058507	0.42474960739455436	-2.7718182112814493	-2.703103163362947	-1.0032507644073296	-0.15965057143005543	-1.5665868154579399	-0.5572308513611993	2.7988869779575194	0.7227838706009471	0.011913299624147004	2.2529656865936154	0.261850393355452	-0.01588208424577634	-1.2783048146084843	0.6039579590772562	-0.4567258829922753	-0.2113092113650656	-0.6098229244714509	0.36904656479481823	-0.8618443960288386	-0.4012078912303271	0.6309171673746647	-1.7612242819493318	0.45563379357254247	0.10428869187810585	1.4653273664369577	0.029118613167385905	-1.0440905550036375	-0.08005266175210551
DTXSID5044368	-2.5352962639891388	3.9241948615640667	-2.837514530840446	-2.4502802454237185	5.281700855350688	0.692192537511888	0.24917472491044335	-2.2823325995050707	-0.42640246129437814	-0.42066920433962407	-2.0459043423501977	1.0239841757113457	-1.5212323078990775	-0.17652486256994673	-0.42326715085373223	1.7272041316921343	1.2686063105752583	1.7189804281799832	-0.14889407556516324	0.10017113401974055	0.9471367928954274	-0.31518606736586935	-0.8704099193361713	-0.7283283168099968	1.1586827166762481	-0.6450111771359606	-0.7093477319517186	1.246259269283821	-0.815393576771885	0.04889800087870992	0.17071608273783298	-0.9985679180074166	0.8423424934263947	-0.4264969101256166	0.10199873812972758	0.5593936087976416	0.06453310715075486	0.028638737765294124	-0.28362374678170527	0.7417228507556161	-0.03683932258487094	0.2968457717625725	-0.6331420544360715	0.4484366987964295	-0.6444146359270942	-0.7955368464710451	0.5927948361734627	-0.39670372947840676	0.4377759395550315	-0.7878935760159509	-0.12731726677766647	0.09330986707504	-0.1530937466670478	0.8897999782975022	-0.12508874938656686	0.20559658818481527	-0.5343865634216106	-0.018646035290107686	-0.30390743015263805	-0.05659395478650954	0.8107534852211973	0.13082170458947684	-0.34952031514123116	-0.40278968259829734	0.3184561579204632	-0.7765950489129486	-1.1098332027397106	0.3441203946129802	0.19034416166498452	-0.6753912343308046	0.1316575694895154	-0.07097670147463779	-0.2487824052625119	-0.061655773681280404	-0.49157904797121926	0.14547204318303858	-0.19565213814571658	0.4324742880010831	-0.5261882905635535	0.31051600297481785	0.01498168251531071	0.07847348502536944	-0.13880897160410366	0.08104602012853267	0.4538324625573999	0.3832656921319279	0.10211435355009883	-0.23110225013540048	0.11005481635942263	-0.3427973460621187	-0.15611320277512875	0.45040518455875683	-0.08330967233078197	-0.04270689228862308	0.17041767661783072	0.19888448745916862	0.3637034283296873	0.16015100560924955	-0.11405290443673817	-0.028455612402218562
DTXSID4044824	-4.531100713103199	5.1567099647782415	-0.7809110049552203	0.2262479417838651	-0.035221597542650404	-0.41809056648488796	0.49870283544432603	-0.3848883981830215	0.18086246919227925	-0.8937479460691504	-0.39838852905126426	0.7763028872111892	0.23450454265401008	0.3697266412823515	0.43931617994589356	-0.7772935577572015	-0.41891707835133457	0.37937019341706496	0.6165098833963395	-0.16458874277713234	-0.47126874989603557	0.6134094812910914	-0.14177798136400896	0.6038349037606092	-0.9581281118424454	0.4148535508744357	-0.007884935488184884	-0.832727793062682	-0.372776098633279	0.6326979204856688	0.3925407262740186	0.33597494371769027	-0.17062808297936402	-0.7339997158852108	0.3618676134805592	-0.2240261306624913	0.21696531375835745	0.1949002917077344	0.32198475638272817	-0.715815656665644	-0.29244352448495015	-1.0035286214384969	0.07208547131728646	0.094101033948404	0.3777455762610861	-0.2381071942800195	0.003157042657256452	0.6478635332503686	0.4147024552705933	-0.515443165332675	-0.07456071346873343	-0.564956330841551	0.20896782150668317	-0.5684031558019277	-0.17647348518801365	-0.20096202545730163	-0.12041534696030723	-0.3007109124815331	0.18132761658229873	-0.009217535132725949	-0.38694654585713284	-0.1806112411326048	-0.1587751798096493	0.5548564813213823	0.22066037434076452	0.06893187762198498	-0.2759135860865404	-0.2622778162593088	0.38243315865960203	0.8750000133819773	0.38731133535389606	-0.8194344135418251	0.1890007238998803	-0.07329426538580995	0.09086814252435427	-0.4813785931022948	-0.020347597408677597	-0.20512707173536657	-0.3910974487902228	0.346597298965999	0.17353982258535194	-0.5659744610877893	0.5295665953334515	-0.19637136512585018	0.654071046817173	-0.15443506256819062	-0.00496182256158774	-0.11039746902038686	-0.5482077557884778	0.2727442679851056	-0.4508882787947701	-0.07711181828974951	0.019737839432724925	0.46194952298581987	-0.26536723881473584	0.11439121539468207	0.27934935751691814	-0.6416009880715224	-0.6029454548227531	-0.004415423275037484
DTXSID8027959	-2.5000936555947813	2.8756063810205337	-3.604437625771618	0.5169852479260125	2.868486305569914	-0.672397213579506	1.0344341939605048	0.00988405771639472	1.1208238192929598	-0.4547895550420809	1.2299802838722012	1.9989589691819418	-0.1048332553289482	0.7975005905292047	-0.29297134642244016	0.3214072873222729	0.7175206288115695	0.1344883891629681	-0.18735615485264467	-0.8445735786839603	-1.1315439941880119	1.4231432762551435	0.43187630348872613	1.0755866629543298	-0.8463346968663011	0.22804446672205608	-0.6414456949581083	-1.1406226237847537	-1.0159206100573666	0.8000796625715441	1.4804753126143615	-0.3830515878266898	-0.22253097520677223	0.021964385034946878	0.4138334443041002	0.3492689549331157	0.6571334549565662	0.9679928897115997	0.12907296411857144	-0.8649580129581624	0.09136092355692649	-1.3085470334615839	-0.4015652962801172	-0.4102192825319601	0.7740578358903298	-0.14865918303821432	-1.2601090050646409	0.9474272184185651	0.8753409113920357	-0.8469376743054667	-0.46910721495380914	-0.8091441350276237	-0.17424722801723147	-1.166032603569132	-1.54947641425885	0.13708047460967332	-0.16901999202377418	-0.22799617413699952	1.0334939456901993	-0.3786241834521709	-0.4634993944334823	-0.15672884024950662	0.45131614455507235	0.1950340140330325	1.3533268008142887	0.5051674821898393	1.3629985876717308	-0.18114142682201037	0.3903246935883763	0.9661414956455896	-0.5209032963696183	-1.4160292137975958	0.36397942727437066	-0.6723129213470547	0.16703424960209326	0.03565153034297622	0.5985966675111583	-0.48589213663835185	0.4968737338992972	-0.20814406747247213	-0.1789924555612075	-0.18312526733714854	0.19357112328634107	-0.33409589435627296	0.16658022835528344	-0.3056070520469587	0.2426238467260798	0.20763053332786227	-0.369542553530208	-0.14200432955810233	-0.6359000258561811	0.4904896391941715	0.3085251623849045	0.10880902943369491	-0.22348877041395057	0.36810873840648534	-0.38310537054388266	-0.36764449979032987	-0.04434057085727568	0.6876852417856678
DTXSID7038864	4.758919818923542	0.80073468341092	5.960085997265551	-1.1647998552451726	5.225298809161168	-0.324227365655214	0.6100970936597535	-0.8081369960143153	-1.1881357606601401	-0.9534228176873636	0.12528391496519067	-0.2985365042509342	-3.674306586962763	-1.6699614986552374	0.5403255128949674	-1.3509286752398304	-1.6083866551042654	1.8225346784263838	-2.3566201295099547	-0.43629171309370507	-1.246321115296908	-0.7791202043441215	-1.0185498509250235	1.2002778844334738	-1.9873740991247102	1.1316510868591096	2.137204380486137	-1.1116532510048072	0.7463174796776502	-0.8390435563688883	-0.27210006315767726	-0.6202309153764427	0.5613790829569556	0.10764803571783253	1.014666596977769	-0.8537659861936358	-1.5557735838311757	-1.0739044917199971	-0.7019558482612172	0.336342156626265	-0.710478974332783	-1.2131206370847787	0.9566688826753642	0.5509320175988222	0.817996601942523	0.6219230591189123	0.4367749753161572	-0.294256530400001	0.5878762575231077	-0.6476012363392513	-0.053584996261378706	0.35366506532458014	-0.3156606778939681	-1.2332125582581912	0.318970304368898	0.5201260442498283	-0.23218731323419903	-0.7699095052851795	-0.12344137548787507	-0.7101591371402816	-0.5482454797914933	0.4639613231704015	-0.32029091918828306	-0.006209954150976652	-0.7142950774817055	0.10554987324887136	-0.40327678648976345	0.09552700739631292	0.09562060341122865	-0.22412870796020687	0.9673298684517861	-1.369277968553089	0.3559319378673184	1.7699034291889522	0.13644079564334663	-0.20778141618498108	-0.7923301007315912	0.7617487638892166	-0.4506692047233154	0.134965632338486	-0.10862979256812685	-0.3327428786953807	0.11487569752784295	-0.5850272267794829	1.019996924389619	0.4472414562147909	-0.4402003832360513	-0.06873672873629695	-0.14525086013193064	0.16979432414713191	-0.17947805840037895	-0.08460346462937608	-0.041241721305052485	-0.7355350609199308	0.4970614502522059	-0.2790235712436887	0.8648111637150872	0.7699315221961813	0.6217250263443777	-0.08261975690759008
DTXSID6021585	-3.606649742556232	0.9707074735923045	-2.7469309700552618	5.508250054224938	3.3969967730037447	-0.7615226720314145	-0.4321342668476449	-1.8132103177071937	-0.5983369658762586	-5.888358478478813	-3.6065371395182275	-3.5759987945453955	0.7222667418453179	8.511180266238691	-0.7318145957002624	-2.32877213200424	-2.1235771888859043	-0.7418843513657075	4.328733809388247	1.2580529484071055	0.8988309193729752	-1.3382980812711602	1.1641437364073226	-1.8955736632162992	-1.8223269880130724	0.03893899372236238	0.22478694072683272	0.5698362380279489	0.025732814797185925	-1.883536869242299	1.5772878330328788	-0.07649879822352057	-1.9168434046199092	-0.1821305278004994	-0.5314712519601732	1.447204002546822	-0.03685452865883357	2.0856268032167056	-0.7481350600297227	0.6125094736873931	0.4871545946468209	1.187275421066207	-0.8456560454823426	-0.941700201127742	0.5697428258372486	-0.6275817642505073	-0.3935691040513137	-1.2401133499587509	-0.14897637794496857	0.29537784729101974	-1.5643775521687022	-0.23336148959850853	-0.3374491703297742	-1.0292889683705477	-0.7279879409056607	0.594739911509462	-0.13434891734812282	-0.4386606493046251	-1.633419217663648	0.20491666139303685	-0.7566609562377968	-1.3228591109844485	0.6029114918287535	0.7082175463682903	0.2771808382156878	0.8254067440053771	-0.01380364257555077	-0.07235405207059038	0.767349323928258	0.02891154036978567	-0.9742710946326546	-0.09416675573854309	-0.07142443499809592	-0.3471603449824313	-0.18120163910826417	0.49593319496302823	1.059982944942499	-0.24097054545645025	-0.07802856970526915	-0.6335580535193591	-0.0008240510763192169	0.5150563284873072	1.1110163974246043	-0.4028918517192088	-0.28409004578269575	0.5305032794555359	0.6136445978986543	-0.06978897605057563	-0.5191566669534039	0.17586845220356925	-0.006303628071990026	0.3815625668496125	0.37898443910874124	0.15862345048833656	0.0067631758977567714	0.21311330423496377	0.20335895667540616	-0.5940643988220139	0.21442000145643708	0.23694683212488735
DTXSID6049060	10.380382456608757	-1.6275469364792008	0.7597368701920371	-1.984365035479593	-0.4478260595960075	1.800482415718801	4.093641630684237	1.5161384282365704	0.7182206535685137	0.33564743944594405	1.936137443790028	-1.695759055821068	0.34714128076095613	0.1494326244141345	-1.121742077274404	2.701402123067497	0.3104267556764998	-4.200232108077901	0.3621132508588755	-0.9009194667253113	-3.595453135664342	1.1677867525406842	1.634505939328244	0.32747837016155845	2.1277076188334165	2.5101007418309926	0.8189966737845307	3.0524143827385934	-2.7547443685439883	-0.2879720307671962	0.1434261221217869	3.286793458373366	2.6873270066649053	0.4695738894921786	-2.090659667887429	1.7136723849436164	0.3978827506064549	-0.8823962507560937	-0.40281239919386136	0.7713392862304013	-0.4816940992724297	0.3102476725858737	0.4222396474344955	0.2511278221112517	1.2056718106572029	1.5975549967338976	1.3926909296234082	-0.8557477373872013	-0.9663785820623108	-4.078316278370369	-0.9447966322402357	2.0067712777090265	1.6927958659174258	-1.553191710210271	-0.5838348663604219	-0.5489270304501085	2.036280577887064	-1.1892668800807367	0.9000200889544726	1.584359874999769	0.16783556162666272	1.9897940845073678	-0.1397569734474398	1.574505659810976	0.551587544892145	-1.1336766489635397	-1.1548437904920068	0.5156090585376105	-0.46055555138294463	0.6046326898386594	-0.8932105994222471	0.30986676011428327	0.6145910394295613	0.10388786826202491	0.6083144025244821	1.0252952185903852	-0.15701754697416184	-1.2716500530989008	1.953426825097078	-0.8236782831886207	0.35868826602306747	0.15756102601825508	1.1065595010245168	0.24020639420022252	-0.8892334121152762	-0.4734546096438101	0.45351324884813576	-0.6053039442012619	0.5025712501934757	-0.5234486348356944	-0.2400944605585248	0.45212668150759905	0.09116258868691858	-0.6978445184046109	-0.7025174417393573	0.024202831574409934	0.5548251066576905	-0.5991166149833806	-0.33968823631496603	0.03129547740383624
DTXSID2047569	-3.9073549898984714	0.6552911907382677	5.042539580433648	0.7959544286301163	-0.5155638394501474	-0.4500370097003921	0.5417995560384504	-0.7818271100122759	-0.7161905797941956	0.3468745813573645	-0.3625995667291836	-0.3959769482954361	0.7234980769746294	-1.1430862589234259	0.4994768091072767	-0.8689726176526437	0.10962337973206288	-0.8655754467777651	0.1828610880833513	0.46414603964430556	0.06439186990443761	0.25949329801301513	0.3647587812768326	-0.6208838135321899	0.6438126841499477	-0.4383169634925314	0.09883336717663849	-0.07841239423853855	-0.5442676948504858	0.2647086106662295	-0.1708326164319805	-0.45853019330732997	0.3522683709720527	-0.19427458029127923	-0.5311591652043318	0.0012173289311976363	0.14177517059317496	-0.11458726949502131	0.20092846716778975	0.011593554715124027	-0.1182239387802239	-0.38067802759689123	-0.034748775936869244	-0.27592386068996383	-0.1447397220344098	-0.36556893714205047	-0.36279014307763047	-0.22617315453864306	0.09554724013993418	-0.017362307128352267	-0.08587852472319707	-0.3281382497703574	0.1370281170949915	-0.32648492524061096	0.18907539067979573	0.4782881303798277	0.008670091715443477	0.1905995133594306	0.1544155811056377	0.17730457729433474	0.4107431711401067	0.7272280519081901	0.18677882648032776	0.23097625357906637	-0.44412622571583066	0.2649104056703614	0.07539482335948303	-0.13224534250862036	-0.07857999455280981	0.16544664564344716	-0.10287762894070335	-0.4056599878418552	-0.4574010762354334	-0.20431285129364807	0.23383162589999482	-0.37980470493857726	-0.09070319312577324	0.02933568385024543	-0.6319485028130403	0.11312806503928312	0.13888945578810655	0.6363205639469238	0.15693226339497007	-0.0814060503068015	0.14389931853446097	0.889138160154013	-0.17474037016565458	0.5790379871208224	0.41377096930387935	0.6832190398567328	-0.22103011991850804	0.01956579487608609	-0.44268583833620007	0.33529801179098817	-0.5966015862565708	-0.14756945913010996	-0.08305973060204823	0.12478003553726327	0.3160440924678038	0.22960307454061715
DTXSID1025934	-4.822985135358298	2.6020519074226605	-4.79218592501293	2.319770783238358	-1.0627268409029094	-1.307991427247029	0.41540924376201765	-1.933468128861241	1.2738138995288515	-0.811382602742559	2.064491352270059	0.9387946563604569	2.340259702031288	1.4423457404163469	0.09136105077097273	-0.6861266491346806	-0.09897761198428	0.5508925683982356	1.779112755944538	0.23118359312626827	-1.319771505147795	2.2998150000160473	-0.46845445200376334	1.440432905512801	-0.39122616831760443	-0.5355251868874918	-0.31645625025778384	-0.3001685810308372	-0.7106467400733013	-1.6595537593260197	-1.2565976684435685	0.06393862281804517	-0.9420359833094535	-1.5294099598655815	1.281459603964556	-0.1048725031584762	-0.3139454257245538	0.02470836112421057	1.141952981233359	-1.4311657941232105	-0.06564676695472398	-2.426890784236748	-0.41035100477431347	-0.3415238525739213	-0.355062100581124	-0.3692710766201615	0.3811543573375534	1.3128036563139687	0.7186423271901615	0.2440735373751211	-1.5763236514177859	0.900846603731937	-0.20680443579718308	-0.1696906038955064	-1.3489049320442064	-0.07701150274767726	-0.551076248207243	0.017597534813335095	0.05389744790221262	-0.4008403012526747	-0.7688992931608344	0.18885213306013263	0.5888110343927375	-0.6192189338040063	0.36455221973077956	1.6747119586895816	-0.1268586612890413	-1.6553798367774732	-0.33167906831599314	1.12942432768052	-0.8729838172189303	-2.5182085520211825	0.8465914611861274	-0.46090994384073264	-0.5049358665688699	0.7090594909145322	1.3639540461826654	-0.4215806299834677	-0.13698931979993584	0.23246395050957064	1.4391679376680488	-1.0650882009748168	-1.2061248600568464	-0.467669929876154	-0.7811225194029016	1.0088487505157484	-0.5427189262935553	-0.029225591319576576	-0.1339319659788875	0.25505554196273067	0.10018244090242587	1.194499071223726	-0.5000613883683955	0.4994581196453475	-0.21192120964899275	0.3817354580878699	-1.1802345163980084	-0.35564134306095185	-0.7413150739451391	-0.3876415266453332
DTXSID7045574	11.872200871612096	-4.608697398447538	-9.244928754850434	4.494318996467289	-0.5376026865969892	0.898144014656936	3.440277586420212	1.2202972236245413	-0.5168892235505279	-3.2420043009504345	-0.3270955104681601	-5.636167875497727	3.0179444096467085	3.747285310471968	-0.6495108924564913	0.3059272987686855	-3.656970062852439	-2.687987450958824	1.0638660739439083	-0.40514217009181264	-0.10504982301226369	-1.472145667380598	-2.9464829787993603	-3.2320350650817242	6.432941300337661	1.5183842647596668	-0.13776624343883262	-0.17508917357843343	3.0195262937018055	-3.0396570598867574	1.3554686172006418	-0.7579416573459097	-2.694294918933664	-1.8222805684313912	-0.923754471386703	-0.1863271811476488	2.8049057218784705	-0.5185543597102705	1.1755787111102198	-0.920985140138002	0.5436566858323469	1.9122002355248304	-1.1014711634644778	2.5723278412108566	-0.9731507252236856	-1.5022446610803986	1.0689743481758847	-0.01964929159061682	1.9328143223878513	3.3334629067264667	-0.2616788111529933	1.546556305892901	-1.8078041791922264	-1.2404671793448543	-3.1131923686114753	3.762686879842197	1.608605253267371	2.1696979628583195	-3.2582311403893103	4.138337778920714	-1.6428869921672982	-0.02813853260423333	-1.9471444834002243	-1.3340271822892678	-0.4878568657477522	-0.11432843836923522	0.8894405250104334	-1.2511924525796607	-1.607661560985137	-1.635286586248603	1.6270811980910167	0.6669791227249817	-1.8937855169767872	-0.2187190522479847	-2.388413690598806	-2.1025325973102196	1.053856564278793	0.1868476949644857	-0.4642131153834764	-0.4548248343940606	-0.8244339649186404	-1.7367887471267225	-1.1813980096599943	-2.2363455724564503	1.2428829277199978	1.102851047564998	-0.7058742224498981	-0.9692760212818406	0.6598213022565054	-0.1837851348897625	2.076379454624623	0.9583201611265694	-0.2974194206603197	1.3075719155372592	-0.37938478642468576	-0.3747969886029824	0.5904541021544832	-0.44886495685184064	1.0043588101632484	-0.258126385946769
DTXSID8042559	0.007117694450514978	-3.967343276982222	-1.216174055242105	0.5228132943584078	-3.115172640526979	-2.898477285341936	0.6362223845830269	1.5527253269147638	1.1138121836347454	-3.87303637869659	-0.3933596435914006	2.838527750721149	-0.7077242023481075	-1.8936260469610926	4.4403019464415685	-0.875341757666509	2.3380383807108815	1.6926598618754722	3.618710394401296	0.6851598285049197	-6.0285446674106895	-7.292956993057108	7.201793294256528	2.3053090195263426	6.330352960555988	0.26714359689972533	0.22836775973392023	0.9749235515908515	-1.119520249708328	0.9916054383330536	0.6033967686108628	-0.10361458001016009	0.6736345548710767	-0.3832081952646495	-0.11857511080362969	0.3142644375066299	-0.5560945238894579	0.1330892478140588	0.7516396182465113	0.12152261507550904	1.0562805848360384	1.381935725578919	-0.37890611477178515	0.5742660654980294	-0.4353845912883587	-0.5640544931198594	-0.16640094273425413	0.5576354148597945	0.15552752250723165	-0.41878126545431105	-0.29506657440662104	0.5730468186162159	-0.43381138241076794	-0.5477856458599185	1.630831616918731	-1.1826492275462064	0.9355031575767256	0.853926447755997	0.14114201747375243	-0.09050371697464298	0.1930423746112666	1.45372734779504	0.12646817988294853	0.7290684401794173	0.0719097644164025	0.6316502141835797	0.8578825349724652	0.2623538805320618	-0.7179015310639897	-0.24959876752179527	-1.3907006775401083	-0.21626251482637626	-0.10729318259697736	-0.00180504650450566	-0.2454190591574374	0.7794607633353041	0.22452108554225259	-0.9763775271204733	0.7305544164468417	0.0981640541672648	0.17714147118212914	-0.3302331096380773	-0.1028451877700297	0.15672337414519225	-0.38687696785427095	0.5150712164502297	0.6527038725649028	0.14885520659937532	0.05908311571650366	0.5938932704488487	0.4468686749971919	0.23858793613285664	-0.15477728225899273	0.47455176233931357	0.5077096155799604	0.23330086274638048	-0.15131275038281258	-0.005310792375845299	0.5064982887810726	0.520187394834731
DTXSID0021123	1.3181035659244813	-1.5522235057585816	-4.255938876521025	3.639657980351915	-2.006306663421312	1.884447203501387	1.3428984864590157	-0.9576447266730492	-0.7948419701679245	-1.7416678139822883	1.313824616356331	-1.9173532984684305	2.5856285603844475	-1.1085622368194636	0.8014983979116437	3.053203072150018	-4.368295289429598	-0.6132974676865003	-0.954217738539742	1.3633402212063794	2.1200602448368784	0.5427366740504542	0.5451657935064779	0.025974095053088966	3.9665382706833516	2.028717773221575	0.8573197410407046	-1.4574983491514355	2.487047554508547	0.5345284251512585	-1.0760799519243944	-2.0763372741321384	-1.649822645884102	-2.53791446191583	2.7477318779879814	0.17871299085383646	1.0427405783479813	0.13929614204525342	-0.23753385773490204	-1.6854093497427634	1.5045957644127612	-0.11262417999861987	-0.018594054985344374	0.7411810573244159	0.7238617460244536	-2.1827191459436666	0.23191233064466102	0.17541460090918284	-0.7832795814025172	-0.5981867828313664	-2.2278807723637515	2.782500057380752	0.746439937898043	1.41416020580591	1.4748177342118953	1.1352307081932191	-2.4803601228059424	0.7862401714816054	-0.2920175538869524	-4.71811172724231	1.9536342561963733	-0.6842544484503427	-0.6371272604182742	1.8292327097446195	-1.021671657810478	-0.7599077166649617	-0.6733256149027097	0.571033531024352	-0.23683881827629988	2.0336390267091438	0.0026106975351069743	-0.4461637701219769	-0.9033056459513353	-1.3106010913915727	-0.13138203524246606	-0.05256678304952569	2.8961377104619697	-2.7423901857854105	-1.1273367202806448	-0.599418007968297	-1.9572326650153904	-1.8113921232521633	0.570408382962444	0.16933278323136594	0.8854698727974972	0.44785210378074564	-2.272286691575396	-1.2179823104383776	0.18086831336068881	0.6107589746962465	0.05987453202012389	-0.8152023995805392	-1.207402181064699	0.6329596902605643	-0.5278812402250469	1.337147382923571	0.27816123729476694	0.003387030890388219	0.5030686938518301	-0.6331096024415788
DTXSID5044366	-0.16664381082778226	3.519998628793767	-3.459578603876565	-2.785515589046438	10.475654322061915	1.5188281628097962	0.6925409454380091	-0.7316564686932856	-0.07633542425189424	-0.3081718663165194	-2.7131992514460026	2.9521498888261015	-0.8298955353824035	-1.516177678860005	1.623647011122461	2.831107282292228	4.902052570421332	-2.0081185776581134	-0.3879934341169368	-1.1676001222291454	1.214874053631876	0.4550931931330274	1.6067478595048188	1.0849743552183426	1.4076886645692246	-0.8597674475723692	2.7572196346479196	-1.329711940806872	3.324633780382638	0.16114247257719058	-1.52931388724901	0.4299773050473092	-1.7323096978887842	-0.9914501022416485	-1.358647939757514	1.0661511628795988	0.7578286093472628	-0.6741013378567274	0.3151392605082077	0.1592359225763004	-0.16414082641276354	1.2911174450897598	0.17232079735936331	1.9766878793720581	0.544801186469905	-0.08331512720085497	1.1717759236891832	0.3481077002621564	0.07644199296801531	-0.3027135288864207	-0.08781840992093345	0.1433759491187665	0.8444219795125326	2.739333251009225	0.3217389784899212	2.129244513243385	0.4163458519256179	-1.3625929142892665	-0.5647988304403684	1.8989192786394165	1.1080968427310296	-1.9329692814836552	2.052185128144459	1.9157610970535377	-1.461373812334741	0.2935643467521959	2.2242990594729886	-0.30498305095245887	1.4799915911402433	0.18851007424009178	-1.4701546357566304	1.0371543535428538	-0.6308120815693206	-1.484301665660106	-0.07056656571155416	-0.6172791174001253	0.005610001373180483	0.12864302139678338	-0.009917833889456603	0.7165740963098524	-0.3470153750016679	-0.009191095504530827	0.26056105201519225	-0.12016626042998538	0.08260733867165398	0.35539280047653005	-0.02995026675368063	-0.3145767972037445	0.36858870587534803	-0.18098292796651014	0.12899640961677183	-0.12501513701661185	0.19960811461005437	-0.017938847691735003	0.27022487727161587	0.25121178225506385	-0.01941066804246759	0.0937015846592993	-0.09500146808005606	0.043568547965540605
DTXSID5046649	3606.664427654524	-1223.2198857551475	-315.02754101803856	5320.751920457165	1408.7395540940315	-1262.0103190435698	9704.466757117974	1783.8350252182158	-2338.3624454363603	11342.095061719874	-3678.645355602849	9779.358889318382	2335.920576730536	-834.831505622333	3031.175386521953	-5009.921139592239	-3173.3798362908296	5235.974420415473	6503.5650443448885	1756.2999321427994	4966.331459570416	-2434.888160349195	-3263.6217893309035	815.4037497000836	-1899.5331257517414	-3256.5334778058605	-1600.5009317036927	1676.6368057805407	397.4001417958635	1433.8534494767177	466.5124322989691	2255.3143617193523	-324.67124289287494	1348.3313807555046	199.01352308110395	2774.5495277088185	-752.0080878705197	1935.3938963682826	-1589.8207024412752	545.7206603029805	-143.8164081489952	343.31981058632863	-688.7483869876504	-571.4397141182202	-227.1391546915237	-186.58559391801518	365.7261012060793	-1333.1012829342221	-182.565429727649	881.6468679263353	-122.83214634124812	-2211.4875977106276	-1950.431363161505	-292.4186846251025	-474.06330854026436	-760.9191919653971	2779.1844468950007	444.5939056633288	-4096.18323054662	-1487.5023192026229	2974.4913723455384	-2854.2995088859275	1578.132099042651	355.2550131577824	-2420.782615394374	-7753.885800105592	-683.0153024558048	-3082.1585557777817	-2479.9922079670196	925.0892400455434	-2735.3409021064795	-4642.5999324012955	-883.7869182017997	-1158.2486781725104	1156.5282446010865	1648.834881027902	-4792.878787033459	404.53893036185127	299.19610046614275	-4693.072155630349	4937.835737855258	-4376.166238617237	6217.167865693536	-7676.386773555293	-5982.567488373783	6156.468142713984	-1902.4399085312423	-2732.0312216692073	-729.8202259382498	-1833.6992236896024	650.242038834978	-5025.237595903182	1762.2000533499186	-1487.777075612738	209.05244617138877	10935.921609273366	-1066.1239161123328	-358.51484906076666	1216.0211553565557	4826.3143313195815
DTXSID9021392	-3.7971258757184128	2.0057257713745247	-3.9224168502791663	4.623733085134277	2.7259852209742887	-1.679882473206105	0.6004124969937169	2.4600159529522587	-0.8554339155492584	0.13974033336430436	-1.6627962287081464	1.9644228487790762	2.1042558055219147	-0.30246100682780025	-2.687766258417783	1.7816459934589393	1.893514961950952	-0.7290868886380932	-1.9847591477740028	-2.3248143930068896	-1.1204636092152676	1.3246640966657626	1.8203470859141677	0.8214833424499662	-0.779783296508988	0.8163235324906343	-1.9021731512454536	-0.7172813797737126	-0.3662338024222424	-0.6264250265716923	1.888203115815822	-0.312094912885037	0.20314191244709456	1.4987055342570055	1.0734371611374953	0.3262292894736994	-0.4231715415338823	0.9017632806797155	-0.597294804305269	-1.8059287507526378	1.1050671222337258	-0.2454674330106685	-0.4143103477628483	-1.414403029163593	1.0825520918235898	1.491177499702338	-2.1088018268406667	1.5536904937037017	1.0195404298749666	0.024020556149614507	-0.7267264669159659	-1.0719217817347075	-0.6069280201719642	-1.5851895231226494	-1.1382680419186664	-1.0266085227211745	-1.3800380468091547	0.9966795400778741	1.1640182284564713	1.0355757872413829	-0.3435498581553007	-1.534188226185156	0.29300018590031995	-1.4766899120525148	2.3463832069347474	1.3741167414207778	2.1472060600367517	0.19150162242539934	1.1601908165012464	1.6343911749975644	-1.7738440043633927	-1.3904683100833386	0.5907687648827545	-0.01434520833457874	-1.0173477989784225	0.7648312160303294	0.7630271142509015	-1.4219782465246016	-1.237255281428692	-0.893645560288002	-1.3471851002200304	-1.0106125136869561	0.49972487378591873	-0.11222355005238563	-0.8751559869498566	-0.994686552040823	-1.4608739842220084	0.021394830112393914	0.5072022665845719	0.21246467606151137	1.7175553931916256	1.891915545091077	1.0867026321542594	0.3137614192661563	-0.23713853397767476	0.14123640053393838	-1.0903222074510857	-0.37408953500326114	0.29174429381707745	1.3977103570194387
DTXSID7057789	3.0205258235915085	-1.7053102048062556	1.5977745118156461	0.9426452015379477	-0.512427937896194	2.820752682456987	1.3733906615611788	-1.4624195695692266	0.303958622684564	-3.259421070071164	-1.5515580192817728	-2.698900553576122	0.9263494918707763	4.17972936371901	-0.6105496189403866	-1.108261619582054	-1.2730999987471892	0.6668117756342965	1.8400692372338943	0.0913388275938667	0.01783937322929019	-0.3822078994680947	0.24964520916330743	-0.7616382564234335	-0.37787489801841756	-0.2585849708072483	-0.027557169803860967	0.7125113633324621	0.3839534605657173	0.19401719658433816	0.5326561062377708	-0.9729499674326286	-1.6070729384399667	-0.2793075642727939	0.2249916606019572	0.6402406693672534	0.7238876976281313	2.5714707909140833	-1.303133423710322	0.1992586727471728	0.2340199948693639	0.2287606108735958	-0.7415616125116988	-0.6672032191308951	0.03569065703525144	0.04872564454870698	0.5884247801638947	-1.2146958991572459	0.09526385316940136	0.19857593542818658	-1.0438763676443932	-1.7191481804188238	0.5261898977030945	-0.10303695834166153	0.07138335291526506	1.6781794050098933	-0.0005103060124667072	0.5253153065804912	-0.17249741234490176	-0.5802529489029428	-0.5147831279717608	-0.5584628461411253	0.0777384821221099	1.4033388201177883	0.14635934770682107	1.139201825877558	0.5069556845015949	-0.6916140012424847	0.3714866928787051	-0.22208347175096974	0.2994771593492971	-0.34764185457839636	-0.002244752887204535	-0.7931562184000659	-0.6034348373179151	-0.5963005213751433	1.5926662480820641	0.4957426020793337	0.5307887105311478	-0.4696538592232902	-0.385878240982945	0.2910155529616073	0.9536702524615548	-0.9385715990359699	0.5089234222243378	0.6975498138262038	0.4903080010171909	-0.1268116428109556	0.22773293277245382	0.31062935332094144	0.35480243642046344	-0.2714851339313163	0.1490207269636679	0.6021212419260149	-0.1321322870123275	0.10148021104717604	-0.1949658571910953	0.14564913685961822	-0.4480696895698055	-0.6871453563648925
DTXSID2047303	4.349432116776522	-3.906546448658997	0.9944690567730885	2.4903394722080896	-2.137496114154214	2.717857985134099	-0.7033178510553576	-0.9311938061254568	-0.0623862219944734	-2.408912199337318	0.7693382673252622	0.9646272388641441	-0.8451836613621062	-0.8592916235438023	1.4210977592595706	1.5030868347498605	2.289858704282202	-2.2653975872339602	1.11659664573669	-2.585880313959762	1.225926634564627	2.808018058269997	1.4434648859241113	1.5285203769282898	-1.1496085581430204	-2.9514821758595944	0.3978021621694881	-1.588226413457037	2.5832480200713674	3.2138446210399274	-2.2468603111727536	-0.7155433786248157	2.3147054809508716	-0.01894698435659753	-2.081447636772632	-0.6988636657497749	1.637280156248219	0.8331780315869067	0.18899082991252525	-0.025522119296147165	-0.6086790888748788	0.30784103511314387	-0.658298072862067	-0.6053486606331783	-4.416708788369313	-1.061484053117538	0.3378952887040138	-1.9344431191015095	-1.025850149591089	0.6787444906472685	1.5466594313966748	4.5302855212249185	-2.1791048953411507	-5.522790614987086	2.262196474048405	0.17215474971094	1.0058288239873596	0.0955188700202615	-1.3979506801396915	-1.4563249371836353	0.3413286839961596	0.5882863723559016	-2.600934294717444	-1.9462394053989385	1.7944515848847251	-0.735363478174861	-0.40643794789429377	0.3882872530308614	-1.9787027562110018	-0.28089827596796835	0.6810782710239688	0.1387240065093563	-0.2575837258272399	0.4121969235867558	-0.7085578014947748	0.9445464418782055	-0.08932483176094738	-0.5138210236401272	-1.157062277277512	-1.8626827846367384	0.17061804221776408	-0.131903909205612	0.6641286463406415	-0.06081815540196122	-0.054341629831157215	-0.17863690276793429	0.5037595376552306	0.3136860629266545	-0.45465171437691637	0.711673739186173	-0.21078238490677795	0.5733195419307737	0.3345921424517507	-0.1709701085389784	0.3205627885086161	-1.339315726993944	-0.43873858437879537	-0.09324610380066545	0.2572196594179377	0.6937204027058275
DTXSID9046156	0.433118701342756	-2.510051965705892	-1.082011744414575	-2.9236560941408283	-1.7996083591577388	0.8178397117468565	-1.4509231141096035	0.7004114833024135	-2.3717774121953066	1.4389318731344218	-1.3669758984513676	-2.107988832178078	0.39731696176481024	0.05666665122393888	0.034937223516351104	-2.123903247065187	0.14525135839631836	1.153174273825297	-0.7979772898920677	-0.6016155688110775	0.3532411565902578	-1.1844517553742142	-1.194238148627424	0.35512225304862927	0.7168334825192715	0.24531285850690684	-0.09232125529269494	-0.19423029583260137	0.4550696854412427	0.45903677692444067	0.43180198911547246	-0.2078705714940176	0.05059300095606776	-1.3019566213812548	0.10521181173606589	-0.9741835849703173	0.6734832040321913	0.04430582149566512	-0.181313008207332	-0.0038179365004995915	-0.03986784258298502	-0.024096880622300244	0.32691744697234604	0.5470195102404092	-0.22470557386055331	-0.3534604781171652	0.9805907351161072	-1.4261509826758747	0.08538256528205489	0.5140037900970599	0.5662467817187102	-1.2362169528246092	0.3795134220512697	0.42031425750179774	0.6062129084258098	0.475737860994223	-0.24799585636502972	-0.21025268171555184	0.6885734724620368	1.0094026090510204	-0.7090343075164289	0.057612838219265196	-0.0389967875985734	0.6482253562854994	1.8560290236996335	-1.615090805897599	-1.4066943071452507	-1.9147514434008908	2.1444634710867345	-0.07054191781961071	-0.306141283343783	1.3282514685356928	0.34923916688688644	-0.7765877320299615	-0.7477519842320293	0.6754904145080002	-0.22857460980107092	0.1874864502052545	1.0230403780246047	0.06375726583655512	-0.6568130959638593	0.032594645566906194	0.271571022567502	-0.18524305956512704	0.6637878072280706	-0.4454078765760648	0.8173719202765348	-0.07588757630896499	0.4385923289092447	0.46709227834224315	-0.29204033002390783	-0.3680385747156879	-1.1988429072633546	-0.11174632901967041	-1.3803361270559356	0.6579819097685647	-0.8299609753374114	-0.11099977296484823	-0.005959681120231234	-0.40415843971866644
DTXSID3045350	-3.604159107254328	3.596215723877348	-1.4412396366886504	3.4256326689880927	1.0075759461303904	0.3024434548124928	-1.1538340346021911	1.1341590002396653	-0.33996162597783075	-3.028907484182813	-1.1899848343967467	-1.5151634485595171	-0.41845890356613163	5.278814784382179	-0.1422337497282994	-0.9527686970688489	-1.3015963903389554	-0.9607380255348029	2.8785019296017187	0.7457374952800281	0.39666600676205727	-0.10733253227842254	0.7728184555425233	-0.6768141641524958	-0.7898969081162563	-0.41654635315803507	0.09149009846631881	0.01005028386931259	-0.1514519766070194	-1.1036795951419778	0.43853251445969005	0.15792458686597474	-0.5444460964706768	0.15114216372428899	-0.2678251995855045	0.36119690138158933	0.23462354673840075	1.4838212003909466	-0.3840656519302622	0.2957440469273568	0.08090517700274746	0.48781621900954153	-0.24636527233138156	-0.6918437322975906	0.3006756598606677	-0.7428067992045145	-0.8549192739277128	-0.2224165476953459	-0.04518787482150297	0.3229415738122003	-0.9031082702595542	-0.8101354364227614	0.04197126566659934	-0.5531907781317701	-0.22527520973010756	0.9769568534681115	0.577768774021457	-0.38750771673405704	-0.6179257589194741	-0.0829263588134474	-0.183256972099171	-0.9989914499262691	-0.48438053699408584	0.36472090927604955	-0.18749843284269088	0.2997590481938007	-0.2558529832897448	0.39171690423603106	0.052164609927382186	0.12152951250122732	-0.6594921288864887	-0.26829444617330556	-0.5658409422558716	-0.2840868458562353	0.2847880705582661	0.877804986240022	0.10794596342645962	-0.1747797588756253	0.15825897165596373	-0.013038852514983263	0.03828761237131824	-0.5849338453289193	0.9220655466415159	-0.02882167210175011	-0.13006165951273793	-0.4729798181930304	-0.1155595258849596	0.3973994295638336	-0.294485893095988	0.10302489519352455	0.3367175655117529	0.41857029698349657	0.3762685613267241	-0.1678010975301489	-0.6036829583700847	0.6637743662919843	-0.0021891229137076143	-0.2372660447763226	-0.9205696704573274	0.3691893944541532
DTXSID2048872	-1.2465935795155256	-0.8114581115881419	-1.6781806573939448	-0.9285566811746508	-0.15872741787890685	-0.0991666606285697	-1.659988608419273	-1.0495820243970766	-0.46448506817112273	-1.2117937604737115	-1.4751997602834803	2.963530273302898	-0.030256516382565463	-0.867894385329476	1.8137000313926277	-2.108273220644754	-0.30140443240211434	-1.553443738758043	0.6629457199019343	-0.40933999433145724	-0.6426007097222414	-0.7709056247891137	-1.4518762080066978	1.4156591678750914	-1.177644699564737	1.652612861017702	1.3302234642855835	-1.1522733247983517	-1.1886425332562045	0.9609941304261796	0.5769996031651496	0.05033949894370859	0.27282422482366925	0.7415686923342172	-0.34852035844395923	-1.3404935722317315	1.9989195136421445	0.512974684397775	0.7660956923391999	0.2803849211609312	0.37883199359273967	0.13266505966944123	-1.02664007261404	0.019317779887289045	1.1624095464478665	0.4972049055166704	0.7435781156613192	0.18241458345027992	-0.9333455608800113	-0.5786866311873163	-0.7049714053227405	-2.268832725180365	-0.13611866491335836	2.025223857464042	-1.4478648270569154	0.2301716524301337	-1.421580738303915	0.31350150690747086	-0.3824623183763699	-1.3729644518250552	-0.38738748616704666	1.6540344809823038	-0.08487936412740055	-0.5283306925183628	0.11346004711340155	0.9600844857978141	-1.3866166310901138	0.42820327683895915	-1.916168878651962	0.4111470266387425	-0.38881792475545907	0.7849386195413788	-0.4958024750956255	0.29049530742601287	-2.1977550719711476	1.2092939389662294	0.6351374581742371	-1.355135223038133	0.5915203441439822	0.5163033914522662	0.9024922580233641	1.264551733900456	0.0861694145333009	-0.7413441888302744	0.17216031411228355	0.05818683102529888	0.31736557984204644	0.5641690815132441	-0.28786128601310673	-0.15085651737331765	0.5664465737655119	-0.7489132361527147	0.31950241281225855	-0.7683692799845812	-0.134980647537213	-0.35011573866665907	0.6482135637426893	0.09074254936372518	-0.45523631940565107	0.5075469270733399
DTXSID0022933	35.866432910634586	8.766303290104247	-1.0655112717365243	5.026306309845638	0.4197717082633483	-2.6655586071404787	1.7486646903262968	4.305833976446135	-2.262281301544151	3.833490726075633	0.8290058924398734	3.5773894277411316	-3.2281445719474973	0.6424518676026931	-2.881146980908644	3.8661903920117062	-0.7745224428738987	-4.277181249170617	0.5645093578540731	2.7573023101870926	-5.947134745296515	6.983853297656514	5.072825048446863	-0.09875980280709647	-0.40662670828985453	3.3018622521035703	-5.6585422068054045	-4.326857203039688	-0.5795866591485985	-1.0977599657964439	-0.20652940344161702	-5.817720855238988	-2.5862802575043795	-0.9926588992326246	3.132955343205387	-2.6163436715039476	0.5825732563132133	0.9771350598351743	4.217697342276094	-0.7580631079134575	-2.8113912849158655	2.5040021636633334	-1.217944330662849	-0.5704070753998257	2.554471838947226	6.424056038987088	-3.7867125121600154	1.6375948065749808	2.8598758986165076	3.114605017345764	-1.9626512715838749	-1.427323252738674	-3.224073974214058	-3.0892140171301103	-0.7100694677175592	-3.8777059122957596	0.3123470660182667	-4.322833195721089	1.7366853858542424	1.413924386978162	-1.9023707508607468	-1.1967427638451311	-2.1066320551451443	-2.3263206893388504	0.5616113549422559	-0.4002548404248739	2.7523479071585424	-2.4907902897673226	1.816943211186195	-0.8866765257040186	-0.6216540328342611	0.305714089243529	1.5125787822027281	-1.7209883341650725	-3.7827637383378665	-0.14349888493570553	2.1244092099116436	0.4067300025921873	0.8534094381434845	-0.7013141937334464	0.2012074648246054	-0.3002387802566926	-2.5006427891683285	-1.7688710268294936	-0.2750533500312465	-2.09988193884739	-0.4210299119924482	0.03298299420105172	0.02857307818225211	-0.5239927149613748	-0.9695974351665296	0.18324493367015038	0.6493774742605929	1.8018662450940621	2.651732751631544	2.7629839700732584	1.8978532707441467	0.28883095701433065	0.8171384006796846	-0.012913073043902613
DTXSID6023159	2.2314377105609164	-1.4702222788565127	-1.5077329059597382	-0.5678177297680842	1.749962276145065	0.10754860966622895	-4.271484653889719	2.2879106147647272	-1.757861493633134	-0.257150791767131	-2.307286073128515	-2.8598733628487647	-0.7364576530277842	6.446074465145827	0.07967700575738203	-3.072421753069527	-2.4062492256908836	0.1167917359058119	1.4222021996155865	0.4506691134279993	0.3268846814278968	-0.660240435902475	-0.33014062835185404	1.0555952689425776	-1.4050825194759096	-0.7624297022474366	0.2751559135082467	-0.4576388360520695	0.21086640276685495	0.1873151832404665	0.47410707318377815	-0.4338593304743129	-0.2730310708653711	-2.0052617676843973	-0.2350660816024016	-0.34796024625015004	-0.13862051918523347	0.285981201130012	0.2268234311059416	0.8765521285926067	-0.5585083083350891	-1.010388843341258	0.8793731346023773	0.0434516053986563	0.01775804358429367	-0.8124973907407584	-0.18175454117729117	-1.3671028311348752	1.0015185130702773	-0.16087130986016368	0.21476310890511577	-0.5958239565659684	1.3837034900990353	-0.14636167208625864	0.4011999202104583	0.9930449967677928	0.831834141421	-0.8608026225504426	0.8548711362678643	0.8789555109788499	-0.8846015289619442	-0.4461978745951463	0.7219012317635013	1.154562797101885	2.568820373533921	-1.662659618691047	-3.0643366145185817	-1.4859896365795475	2.297438839986789	-0.43310903981053867	-2.038654518701414	0.6140468178575046	-0.9042764834775698	-1.405604522774346	-0.8552228295569443	-0.21567841314142872	-0.5673053961738747	0.20539811826717477	0.25724480833662716	-0.1189601183907887	-0.18723642538265678	0.0017619802920270287	0.45201271809101895	-1.2132026385628767	0.7868349770645368	-0.5758592635972895	-0.09642709436890323	-0.36955682486231306	0.003178543301550362	0.08358227417411594	-0.26409754736448293	0.18025060249408648	0.052352311047342046	-0.044370154491399486	-0.8352982644182646	0.1102265690166968	-0.3325849630466817	-0.27066421195479484	0.0472081083290373	-0.37698571284951216
DTXSID7048902	11.209817561009743	-6.93501694631777	-2.2681744685607934	9.746207399990098	10.213820951865296	0.04304478120756565	3.923160969826442	0.6688994356042646	-3.5879028038329124	-8.115669418010983	-8.527821374639124	-5.7815179147850495	3.2039863836514906	15.30482007191516	-0.07380853871116944	-4.40337862116109	-5.874867332658041	-0.7818888525940042	10.636657149841767	4.540573907845284	3.44274774663655	-1.6040843926601895	1.462989710949604	-2.605110855196049	-2.821564518389906	0.20312704131705306	-1.5237675827847754	1.977524331109325	0.4697105735430388	-0.648002040992072	2.927140614608591	-0.27655762834619557	-2.839766680286323	3.0263175274560745	-1.1172009119294937	3.378274812935935	-1.8270801715582106	4.306081041152289	-1.3934194892734026	1.3525951314652498	0.7509391600307151	2.50088187026792	-1.8292851380725708	-3.1816290563699785	0.6524648358021828	-0.025835104882310524	-0.9305730163130906	-2.8796311534477077	-1.6922737978845694	0.7650457641636889	-2.302848667659953	0.09052220130047069	-1.7909600264104932	-2.0770689614335076	-1.1824995748274185	1.2094792197703328	1.5964618186319093	-0.2408357293057789	-3.208895894932698	-0.13779547594977812	1.0783683339533803	-4.057464806567553	1.3527668239072577	1.1788821077273577	0.27087438225482513	-1.070370384194481	0.264740996932084	-2.2890472549593923	0.45788575036829826	0.11229635864840325	-1.7849540795246361	-1.7667562731293804	0.18429267931447654	0.02987922490183057	1.2272236835039554	-0.9563432037262171	-1.8467670962704974	1.8396687010996635	1.0866925606411053	-1.6443479716073905	0.5333804454301768	0.5377164704623743	2.249141174403948	-4.727848398631678	-2.564292206067269	1.0036919799480406	0.408487173980598	-0.376578287188642	0.68433395659815	-0.33132530270623656	2.2404622786626684	-1.9491936651910773	1.9477869863727915	0.12049533350152647	0.42128900237720934	3.745335411243048	-1.0950323248134015	-0.6639116234910889	2.809498609440903	4.335493671780925
DTXSID9045687	4.76890361230859	-1.4805224181448784	-2.7095493696110107	1.0206761944832201	-0.36512449591116974	0.6528646471978935	3.812004053385888	0.1814111244826224	-2.2486048762704733	1.4564214083545273	0.49844780156393187	-2.35946238660315	-0.8994271593338898	1.2478760848477308	0.5437193779110306	1.4356244664305688	1.1203697838394893	-2.2824159033231033	0.7235223260338735	-2.3514927724285917	-1.8020745946812995	-0.28948254545888924	0.7230573173204425	0.6344831212218175	-0.14899051640242233	1.3816666666701471	1.2052307554356092	-1.639194689136659	-2.1931018725762494	0.02427036844740715	0.20929906939270954	2.377077807072844	1.4752951581548155	-1.2095999722844237	-0.587506311872354	-1.1775327719694064	-0.20778383753663626	-0.355367391069829	0.8670970919648511	0.17171029029576612	0.36856216315045814	-1.3026376297157445	0.11520575346203951	0.6352715277466003	1.964507633409302	0.005734860381677664	1.1144074298733206	-0.8101018780870548	-0.013044723900055295	-2.101587191908076	-0.08012199808736634	-1.290710959173938	0.6015388768603879	3.0012443298212306	0.768723776289748	-0.5398226989825281	1.6525220964623661	0.5905561537489018	0.7411215968878672	-1.6139018071549267	-2.5815235821383156	1.4620090116243727	-1.8802105224276648	-2.3515517559300014	-0.4337125774165567	1.257505258914458	-1.1654406581973766	0.8425409011914252	-0.14687854887251525	0.9671025348037848	0.2582744005371008	1.4028925410761959	-0.9502545622926164	0.3586903497109795	-1.1146503409606336	0.7869793648236304	0.09533824926091783	-0.9909602646046152	1.0158145508186855	0.40069132849061345	1.09908038459448	0.9674565634321448	-1.2055511778726336	0.9669597505107259	-0.5730786250229033	1.0664384219472653	-0.09329366152674953	0.7754002775182463	-0.3897989992341851	-0.1589132790303197	1.003271525377878	-0.812669461282894	0.5036178346251095	-0.05194663277843007	0.09307110392359755	0.6052857676202322	-0.23543831265869955	-0.8651269624226091	-0.2711237247894387	0.47587009691933235
DTXSID5023665	0.4333694960282756	-1.195805136767828	0.3381269246120623	0.9315436773109803	-0.1380120441245696	-0.635395706218207	0.4079440091504826	-1.4464004271292599	0.10257138830364194	-3.223192862384327	-1.3934376603009857	-2.380218611978043	1.9550707475070814	4.744662593463027	-1.9310001526054643	-1.0631301824902284	-0.4305472882241784	0.9302091576625001	1.283234391629979	0.17670972503066879	0.6775706931940967	-1.067401671061389	0.2952656652050681	-0.8326611436754058	-0.15092429171948749	-0.28670658752785755	0.07074446445292734	1.2718720919580304	-0.023512025857343164	-0.09990640865977576	1.2236156537226344	-0.4503577248674145	-1.4993349423386833	0.03800320304497427	-0.2047299362574454	0.900088710712456	1.3679450354625684	1.171477730819312	-0.5798374688320734	0.7532162327520615	-0.3537894044391361	1.0318661709486177	-0.8039588724443694	-0.10219761234141911	-0.38040539444739063	-0.32043158184472736	1.0811497993147345	-1.1813339527227409	-0.8447223995429428	-0.46550180105782224	-1.163933630047773	0.14689964419966386	0.08474022705141485	-0.8941714871280705	-1.7484418057814928	1.3815925555633868	-0.5936018654596902	0.7880961584620966	-0.3025704116974832	-0.324643572132616	0.19186639372862344	-0.627522377735088	0.5047661370269213	1.1009953988177787	-0.4565551031619408	0.7905335799723774	-0.2489809002819788	-0.6302921308450572	0.5447126727416144	-0.3122139466564204	0.5101929385079718	0.5772026866630068	-0.09049231403215524	0.0022692036504471697	-1.1378865522568402	-0.40199351953943774	0.48729231033305037	-0.27874436189346313	0.20562726521259506	0.13498949921142933	-0.581901902754578	-0.04019522813109644	1.1253223322335069	-0.9925384817357376	-0.5011657021356622	0.1693800848520905	2.1165310259663013	0.09395172460166791	0.5730529153916255	-0.027878370154149606	-0.4273060673877872	-0.24351793444873324	-0.08904628919024797	-0.07430131487483076	-0.8892692597235918	0.8363923828488057	-0.838920335700982	-0.31056751760182905	-0.08996435862723566	-0.40041603687677296
DTXSID1023734	-5.220492033937179	3.2632547340785103	-2.77171640966216	1.7423893278095115	0.2646919206562012	2.0330056922953954	-0.09258514443091402	-0.1165806873493977	-0.6227591138163289	-1.4690752899147534	-0.785393579363179	1.5043147637884149	0.032787774800081146	1.119595803991899	0.16714369110580707	0.7043489151031793	-0.9533268862447275	0.24925929397931593	-1.2666967622826655	-1.5418999857528992	-0.2897960440136573	0.3356190342073205	-0.323581448157899	-0.2918135764480244	-0.7959146941376974	-1.9488598338447252	1.0297764111844196	-0.9422291823625691	-1.852390481134044	0.10151042564012856	-0.4444674576878933	-0.5024445479638192	1.9773482466674706	-0.15900473121284264	0.5184666093894139	-2.294359250680027	1.5646058920290924	0.9975150575487269	-0.8089546188059761	-0.5184570921699528	-0.2989884617041502	0.16054383523631338	-1.0272210809974993	1.5997780862452207	-1.4750036398244921	-1.161012436374778	2.2053174158582496	-0.10469430300026773	0.6290726195554192	0.3286533970744074	0.7938157329708844	1.6324272331044596	-0.9641092809435926	-1.7590618590105043	2.251619190197855	1.143296119130239	0.9810426603955373	-1.6009745562008313	-1.0010481551165822	-1.5182106396128394	0.9802830391116748	-2.2474827160688147	-1.795214170586937	0.2730455928730473	0.3897348373846078	0.28629257846162964	0.46709783681743205	-0.1387057092372814	-0.2543294597139511	-1.13340984223518	0.16437459777837693	-0.7608936277240945	-0.0761213426747114	1.2870770511015137	0.48746740578050934	1.1890302991845698	-0.0970686633957125	-0.45894129708160725	-0.13209176824294133	-0.24457470525356223	0.7612781821916412	0.36310053116979873	0.49393181721587615	-0.24928590657398006	-0.0856259145557044	-0.3165730117722422	0.2696378860544071	0.34462433770533957	-0.17883449725323045	-0.20116455329326347	0.2362393871379082	0.7702614331969826	0.32744497362289404	-0.3123723954943582	-0.04842816799095191	0.13519312690057328	-0.13267889462876256	-0.02217801926354357	0.2415073966377709	-0.005942149359581768
DTXSID9041366	-3.078893813848126	-1.7410004914921673	-2.797536136355675	5.300963527810632	-2.2609977594570885	0.6618713707335809	0.6334759708410648	-0.45111311870021553	10.983025363375901	3.409106602261516	-5.484313602672336	-4.797654702241839	-1.9596181171593592	-0.9994953117885252	3.097789994125683	1.0687014586958226	2.8763570288767912	0.019951148613549463	-2.0601171790622437	2.4533923379717186	-0.3832795083309076	-0.14706008784753272	1.2882775325072195	-0.2567546102511341	-1.3897182686313572	2.5990641149967266	-0.2847891223876759	0.2673455984072151	-0.5765713506377976	-0.8857731914358118	0.6175653098677804	0.8990806978664039	-1.0279746579642577	0.5226444619170921	0.4918675848372307	0.3596569068132923	-0.05240816205247706	-0.05774645251509274	0.04267231271714445	-1.442660941602842	0.13496831799388193	0.3376566769907001	0.18538647211772918	-0.639044963077997	0.22612623533487805	0.30819327755406023	0.48997416877197575	0.43912226176826585	-0.7870593812085085	0.10749028487746524	-0.04153564417333154	0.4930436742113123	-1.8323806689081854	-0.4248200309588063	-0.3565588942229052	-0.27915409707792505	1.7534583676069437	0.22619363883647306	0.9675428675542181	-0.7044378692970444	0.3303110274584915	-0.652360107330893	-0.4262389442869477	0.9182634871326438	0.11496971636029069	0.6108987950618957	-0.7059684473406704	-0.09199121539600405	0.8282859022376768	-1.4157274328868577	0.19033338624729068	0.1745953562546707	-0.915090869970639	0.02167490411364498	-0.2785789579409216	0.7435386430459394	-0.2525223335279954	-1.100027941987851	0.3232041078492541	0.396151300379481	0.2860425880398125	-0.2441605543312224	0.15670259292944186	-0.18528752727538303	0.19681011055719858	0.7415264589943994	-0.3634657867533706	-0.2842560430611468	0.04400611622662753	-0.5620248861759923	-0.21281000646929968	-0.3713513432659377	-0.11514198200169756	-0.28236478958882777	-0.17557839379390106	-0.1370844085069771	0.48118145537506457	-0.4840537428037123	-0.07006547467067771	-1.0798018819009179
DTXSID5046140	-1.134940342849162	-1.950838845185961	3.5222155170168734	-4.764740742589884	-1.662796699752094	-0.702650761866897	1.5333492909907855	0.6753215931181211	0.6645140707935765	-1.0492910276419605	-1.3180400718615934	-0.6948653130570468	3.8641835777929296	-1.396664463740597	-0.7335839059302703	-0.3744637194978702	-0.0680652592517321	1.7544005382430772	0.5856017929411064	0.872605046245367	-0.06486466905414276	0.9630608347598585	-1.1198431358568515	-0.7285340289086293	0.011742112079210902	0.6982454027025826	-1.476035331501665	-1.7279285470091632	-0.39269537008227634	0.3895320845224523	-2.1597147033121047	2.394675262737526	-0.8442827380348925	3.6287900970404117	1.3252678557358053	-1.749489703303706	-4.163368390612535	7.402523690864799	-0.6596548495647383	-3.620176449656532	-4.398212636942067	5.234542175739694	5.447270063528905	7.5333297219377835	-0.9868545856971472	-4.563178861081368	-1.4402116443200936	-2.269615298220564	1.0053537533664314	0.09160015953497097	-1.9685432798928015	1.1078807906710033	-0.19259289651431152	-0.02600112133354653	-1.0351561957845874	-0.3018977916345606	-0.9752274018172684	-1.762326199179846	2.4434172895964505	1.670494415020149	-1.3435758180372555	0.37455089239437755	1.6959787027570452	-1.997439132821183	0.7038623526073036	0.930446929217758	-1.1264530471323582	1.666215906393451	-0.5209761419568074	1.545269067605919	-1.5533435472314696	-0.8980208834906446	-1.8055855815348176	-1.0099794581495694	0.4073756113687452	0.5739497370857186	-0.9625687682181953	-0.5113639778757385	1.5926583837069515	1.3689581696852997	0.5983953400362192	1.5295133126598992	-0.24815439359936076	-0.4468438468306176	-1.2891195291946909	0.4338952947220323	-0.15699105932389637	-0.623770484882883	-0.9088675243550698	-0.6672524839291161	-0.7756731844070358	0.29553206450222763	0.8294450937004172	-0.9965919716423906	0.01918302852654136	-0.48569004882894085	1.2770063956285198	-0.3901884282272184	-0.8917271169566072	0.1751665171843778
DTXSID6024412	-5.493849993257896	1.0322172899819302	-0.843775112906704	1.1773194041384858	-1.7676507890496271	2.440598051889342	0.8208314445195585	-0.12091575311259353	0.10252461139249709	-1.12530765117136	0.38050165442833567	-0.205330786053126	1.2405943987792576	-0.25599521206769843	0.34503139928537346	-0.9678975030346082	-0.7667960723280731	0.954194978065459	0.20711959647883188	-0.6122875965509823	-0.042327807621795374	-0.253905039497307	-0.8184476054626787	0.1947446425144804	-0.2992032752355578	0.029050985200028665	0.7126048450336159	0.4742986500261801	-0.40139490498539954	0.12538700364521146	-0.05089847254707557	-0.2527812760015179	-0.008212976696249309	-0.06661482970740584	-0.6909270111073592	0.07354850971162778	0.04763725240847929	0.8666580826059009	-0.1353605679284152	0.26731988508202686	0.021639355853076747	-0.3228807799827514	-0.8042528742210268	0.4578220835498578	0.3022792327021516	0.029303138747470134	0.14709579832290984	-0.8260953467629515	0.931895797003903	0.35547427884328153	-0.12798029074419962	-0.19459719280113566	-0.8097082232991726	1.125897500978263	-0.5974524089063825	-0.3566036290262149	-0.748604177735005	-0.22341029288551711	0.16967340798558794	-0.363376178313579	0.39255176960421834	-0.24147612575435598	0.24420017952601827	0.08866684103114043	0.0830848219869773	-0.16997691380278995	0.10587139490024042	-0.5142934122913683	0.7271897801338708	0.19915807019962609	0.47516238960333707	0.3858950714514559	0.05654820873485074	-0.15011758338559472	0.3956482370257759	0.03810434372173128	0.4151328721287695	0.10741568762219246	-0.593286719211992	-0.12051600101577677	0.09071922192051568	-0.22944805281872516	-0.2524447258363336	-0.11895787656548701	0.08733699808148068	-0.15112349887324866	0.11972409599964524	-0.4255237797621174	0.327496029542883	0.07376425402550836	0.015850166338393708	0.24915368395016177	-0.2764969034864058	0.26344117886063334	-0.017173860777283716	0.38674891005614753	-0.027884299367294998	0.2602628569583951	0.039567790464366676	-0.052362680301405305
DTXSID2044842	5.7768345551610505	6.709622887951326	-0.40144204031789776	-2.4462773855781297	4.268773923589071	1.0331969968160257	-1.0979557206563504	2.5895599783402363	-2.411382678814138	-0.9354250615763785	-3.2667087714210594	-1.0034014573804138	-3.1466658122868525	-3.054255599154348	-0.4634343307976539	0.45147741192893914	1.3343813456488915	1.1124931412490997	0.1559528625088406	0.49711842348416824	1.2092297916453467	-1.5883094649802862	0.3662703823982471	-1.5152751750014233	-0.15934747372313696	0.43824141451976156	-2.111554661523235	0.9069995998757183	-0.2954945696516867	-0.5058113505884314	-1.9647117505893974	-0.6763521242262219	-0.500326365722346	0.10016373446935675	1.2995060604303845	0.23336329069747164	-0.3810832086748447	-1.1260186548831865	0.7340899465322291	-0.033133739363076405	0.8988458477684074	0.8850237499026632	-0.671783813289431	0.1580847724716124	-0.06791679041137101	-1.4881540056507334	0.10442779335073972	-1.0643171991013958	-0.4039128471985046	1.4072184230465448	-0.1634147597358908	0.09431504558314437	-0.4006333242892716	1.508748967419138	1.9880887546970432	0.3037705443487628	-0.039109694111968206	0.2136413410319118	-2.4287192521621326	-0.6522396010362072	-2.0105522106585867	1.0309144162954507	-2.2355843000362707	0.43883311911075235	-0.9653736111599996	-1.390476560757797	1.7519746477378255	0.24776403247261425	-1.104137447911428	3.2910955651345177	1.7429318539785963	1.15245397590195	-0.805321016526072	-0.14374552863602078	1.430304123396548	-0.6586490632825713	-0.42988885043707514	-0.9321752364990733	1.5512209050119203	0.3826689958578261	3.1129358107225276	-0.37213439501316137	0.09103791171573451	-0.3533713870466986	0.05074077119164172	-2.3061106177262776	1.224241330582171	1.0392241465957093	-0.5891011775103848	1.2200480757705037	0.2995916850937047	-0.4391470423482887	-0.952736695404593	1.4338368251559126	0.9319450359549158	-0.1692065473507588	-0.3703245984200796	0.8902381200780357	0.1875437539772261	0.24789322442014042
DTXSID9049293	-7.205238602782695	-0.1272833025048273	-3.025334771353968	-1.435551479373288	-2.9135155682307263	-2.781845422689287	1.337950447653621	0.6456273675839079	-0.7502437616881318	-0.42961613978607427	-0.8157756761084825	-0.18023660704206917	1.5823244316437783	0.6565223762389464	-1.243987968202297	0.28593481037563007	0.6388019950645147	0.3822281904356699	1.4375762777247034	1.3297102197325907	0.43236567417245697	0.6240996187116803	-0.33838161680398915	-0.3410004207658924	-0.31622922596702124	-0.21555284328860405	0.4297935030633589	-0.5406551852564521	0.1215085361730859	-0.3564440182189561	0.19502852659560088	0.7296618138238871	0.6138029579930754	0.21739099377457283	-0.48469165755784477	-0.15295621351623956	-0.5379091497116141	-0.5238010706294823	0.354466352655595	-0.5646718172203429	0.09335977491579348	0.044337812678273185	0.081022974744969	0.09529740231267841	0.2353035279262334	0.05729311380984059	-0.1839336076794344	0.2537823670478124	-0.006961568430325465	-0.32559627874271546	-0.06023703650230277	0.5166992974630124	0.4012248680546098	0.47652421390511174	0.3991272059815423	-0.24187651344456254	0.5597804410169243	-0.20438600546670344	-0.382589621152461	0.7346778098626577	1.0943826322829597	-0.3197503697281152	-0.5693220822711554	-0.5272523792552095	0.0892525646728369	-1.1331653825794774	-0.9302032465157867	-0.28877143650766707	0.14781394316517069	0.31559491528006745	-0.19188773016028304	-0.3352990078115388	0.24443345136036426	0.042181813043551716	0.4340669652761928	0.1366659089949801	0.03412757703650054	0.2995691243346287	-0.3735134947035998	-0.20897612217727324	-0.4300963764216781	0.6889928281863195	-0.32468984987466754	0.2954323328348061	-0.2752623507113506	-0.4046360381062185	0.48153957290092925	-0.025055947423715412	0.9138054465336765	-0.5338452012695878	-0.10133295142366382	0.2572757374943	-0.5580952095010282	0.44976370475238475	0.13271251396004016	0.511759238440688	0.47453961260583793	0.2376804356805585	0.22654264803257626	-0.21232439843260165
DTXSID9057682	4.352890218688783	-0.8876757957123527	1.178085175407629	-5.048110708950453	-1.2741215086935107	-1.3300167261791995	4.879829306119832	4.179257670104932	0.45001318483711694	-0.5035483548897377	-2.9768922285733885	-1.2179209824713986	2.367242879561511	-0.12599298605980896	-0.3003805440911302	-2.7608647426352815	-0.9960727708603447	-0.1521666577495016	1.3535936886230988	-1.0920856675448052	0.11647886954350108	0.47101983726354035	-2.2344144461008866	-0.5900408043577197	2.729163679458421	1.5050464996773287	3.9694371395090386	-1.7431294984010899	-0.6863452127142599	-1.4758963029375554	-1.4844836243142843	-0.011183120611758936	0.9858837635937215	0.017139138413268643	-0.9313362528557876	-1.7624751905346188	-1.7684879621360652	0.6497125752064437	-1.5531258252104923	1.4911674097340255	0.9336753876552571	-0.40995760291038225	-2.9384216083847687	3.4303635483768957	0.8705829403841725	3.984434329404402	-1.901944141538244	1.82905189609707	0.3489150764498389	-0.25311733512618745	2.5190825616664734	0.7215050997280921	-1.4297899239267302	0.5585581685675899	-1.4371691239042805	1.9122123468481875	-0.6076384275992268	0.6627953284725154	0.5087403387986765	0.6359656529715959	-0.5705338355181164	0.48182183584834626	-2.016849511814525	-0.8342249600053089	0.5076028411650539	0.23669328690363461	-0.9334787285453894	0.31546298189828537	-1.110557161797954	-0.05549864210159402	1.055396755186317	0.1792860237024019	-0.23098198407836487	0.24199352708753374	-1.984559269334877	-0.09204152069965135	-0.7330058999601189	-0.27328448431737135	2.0828354533014743	-0.08762864915590968	0.9592515233210962	1.923492207915224	-0.4780570968468611	-0.5072453904540128	1.7260890573377508	1.026777203719748	0.5183750752160847	0.23259295352808604	1.10239403543166	-0.8916513186738966	0.16176130890074342	-0.2011590701208907	-0.5963449365378681	-0.12727221468806849	-0.8564377597433931	-0.5388218094910305	0.815041672862097	-0.5375331732330338	-1.4201532505439	0.2783712646231056
DTXSID9023209	-2.6596022025369894	-1.3665524297633576	0.9634230896255414	8.074864376746955	2.0795356513169336	-2.438699227606588	-0.18073985877449408	0.1081732534046177	-1.3227587519814061	-3.1933372419903927	-0.5575693034013699	-2.435323760266925	-1.3204238413364764	4.576547591084693	-0.3736135456751283	-0.3877701299105482	-0.9640155458402709	-0.8177626533241812	2.1737386994588364	0.4234393905548947	-0.3236614910599106	0.1568001609049501	0.07474196463541874	-0.7148011095640219	-0.2800197538925323	-0.03796060589090594	0.3679616604080639	-0.4616009604761609	-0.5168477549995758	-0.3850661966650258	-0.22737834332825604	0.24772553324771956	0.032637748197881226	-0.9783393508161159	-1.056150897490002	0.6592872887155163	-0.9976881152980461	1.0823693887185497	0.5168505996108752	0.5832820966878332	-0.40748883753562254	0.34220063694917263	0.2491876004431826	-0.4814380263045136	-0.27765246027375573	-0.7801815258381082	-0.08273771221594123	0.1892228468972649	0.4116425321049014	-0.04249477015647158	0.03914400123841588	-0.030813141145941105	0.4918754910302673	0.10173309551709876	0.06691485478956855	0.439343003091675	0.16944683702320296	-0.5359249904289723	0.058825215962270895	0.05794223001790531	-0.23223110566502408	0.47287368947038466	0.5080152986986107	0.5197906426011474	-0.6558153014892982	-0.007084559604645432	0.41137421512564576	0.06243569074401587	-0.42041455228263946	-0.08452277404176058	-0.19761076227663713	-0.05650575288754149	-0.09856874375166506	-0.07945655229880584	0.015709839302159946	0.460788942922591	0.18422465454582113	-0.0976762881123214	-0.25856570528420064	-0.3576392464438261	0.0007841125391274517	-0.31868556894673505	-0.19680096314455084	0.16895026286977763	-0.550504332346378	0.09250496518344688	-0.2653645321868322	0.3692184496025977	0.12750392079385608	0.23572922945611574	0.21533687593267328	0.17022192611345574	0.3005133028764366	0.15034456309014063	-0.43354786779416665	0.25661265386940557	-0.027946833193966004	0.152409489769402	0.07573284625082322	0.021528112611274616
DTXSID5029211	-1.7407438030313318	-2.703111845885807	2.7928374203213444	4.559145090455594	2.180710490743759	-0.717638465526112	-0.5881434218643683	-3.0303113061578912	-2.362664604305594	-5.345736171330202	-2.980111879072307	-4.108690034744256	1.3585301727082957	6.645374363592142	-2.09340503251751	-1.4517261256093512	-0.8680503044562227	-0.9584907632205585	4.013868024203585	2.8629035519513106	2.2430259627452083	-0.07142641397504916	3.2878818407554875	0.0941266396543647	-1.282455869476049	-0.017023670162981775	-2.3389022803411716	6.303070933485547	4.2262938593343815	-2.156020442131788	0.998158068185686	-0.006524899596564857	-4.758827637019516	8.205370992875514	4.6302304432594825	1.5814528519136015	13.141367767959183	-2.977389277990527	-5.701662928007598	-2.0639698816773864	-1.905726125495521	-4.960070376033655	0.17747091843432097	6.779508246904531	-2.614266912281287	1.9678887445670223	-3.9451746406892703	2.2929287781039243	2.6666873875987656	-3.53228881920892	3.7654470552224866	-0.38520943100191213	-4.174364280226571	4.390144620164767	5.43857228631518	-3.3350362072927955	1.7947702203786728	-1.8350657957927443	0.3639810096497361	-0.04064560194979282	0.0732044282482123	2.4025476913840493	2.230626377847164	-1.264077983962936	2.3043148514144804	1.0520443625512883	1.3841494190414199	-1.3107668359234268	-1.8534518447960155	1.9292486951089864	-1.8352797033360506	0.962276393299615	-0.0657533157757724	-0.17147201510026172	0.4193762528198549	1.1149374136678694	-1.8071104616592026	-0.34076730816891476	0.8059836497687515	0.4549495542988597	-0.6131799068777171	-0.6334619116773009	-0.02159288733027239	0.30537910313076994	-0.1763221049821272	1.5607590820473158	0.5431478355620895	-0.4853433342830162	0.024532499445037582	-0.7388521519949831	-0.9078446185342809	-0.20973632112837073	0.13620443773820026	0.3129034086216279	-1.2073964746795212	1.2078961037501224	1.4197284312016254	0.6830135440927589	-0.40292200233851355	-0.2869109882149364
DTXSID8038770	6.295590604112792	-6.745519817871818	-37.13162407224427	-1.4419772128786972	80.89721768063248	1.0241246412667386	-17.51797908343461	9.93600691781667	-15.174175031000372	-15.670944537153037	0.8702462669554352	-6.328548554917204	11.621291044511066	-12.31120235432706	45.07153130187733	29.125405023759047	4.447751966755129	9.764191363651271	2.3902816403696283	22.59905192970824	-1.413563492028049	31.353111481629114	-27.891219112611523	13.078765875420432	13.461702008694864	-21.947431499035822	7.695749778121606	2.5352636004893254	4.069572328617232	29.568445141685046	34.993590879484856	-29.533089325449524	-1.418525632441047	12.347363515135058	-16.38720326760607	10.998020453954812	11.979262767689924	20.22145076584142	-23.982654237278947	-6.1572007483546365	20.57649210272831	12.592349311058936	-23.364666596477218	10.85648611939113	-5.192242037555306	1.952655702928367	3.674338806039046	-0.474887857762112	-18.889667718932607	23.876427526544244	-20.192521551140125	-4.127190576708933	22.556123689252644	2.1780154153508797	-19.14597907915235	-27.289365629875217	28.08210489171118	3.903511519084013	23.621390320501447	-4.808628352173782	28.253050577794554	7.067333417369663	3.1397110168772455	9.031019154133963	1.5572582968236144	13.553248618767753	4.641681144099356	4.639590759901539	19.631903225207402	-9.92335549691868	3.7185593138920403	7.377232308992306	2.3935841737684393	-1.589745937301217	8.163493314639057	4.442072791417064	-24.091070083711855	33.06828829870227	4.856815187159501	-18.653067789272267	4.965788467792257	27.172778020619184	16.30552933056139	29.961315752031435	-10.28320595060355	33.548381937509255	20.64544918781225	-8.947199313496899	-4.667059902700896	-12.162613763515436	-4.195388853987398	4.081048928204703	-1.0957213478457803	9.82652777797965	17.541521917146515	5.27560244883365	11.572802655776385	-22.890185457213853	6.434361042441371	35.83409306218578
DTXSID6041973	-1.9305817127170462	-2.4106290694420403	1.6752538248251299	-1.1532174998582814	-0.6457337983207164	-1.228446724898266	-1.5780253830360027	-1.5713444993557024	0.16842784407706018	0.4450939006853614	-0.05266651778851619	0.2618074956086512	0.3082424665293313	-1.1985858788113575	-0.6757673155014252	-0.3249764486026315	-0.7573628188468887	-0.372118471015215	0.7177459696327579	0.5431540461268995	0.2308389385797068	0.6007764411209505	0.304715142380851	-0.1665984942861288	-0.37163705878716163	-0.4648458797510037	-0.4412477991226433	1.0228673429502588	0.32800122531466513	0.9353247773559069	0.38367056757449164	-0.2822030779625262	-0.04965049226900972	0.14447650366304504	0.32831719506746315	-0.02972695769346524	0.44297743496450165	0.04448216547847381	0.4113818119466236	0.41419724384710177	0.6379555053405398	0.3890748651214328	-0.6737959854665919	0.16343435403314482	-0.015520900281726254	-0.028945492892935933	0.07977540956930335	-0.5619865811943613	0.023173521523257794	-0.044725857457089103	-0.794331812876642	0.4815505490284269	0.6111299279400553	-0.17475689382664425	0.0865279068125577	0.2485439116014792	-0.25277770854559606	0.9166608862874631	-1.3614311444074436	0.10105055974799201	0.2359083543874359	0.8109086809668533	-0.10726570632221094	-0.28630596943300374	-0.1366831817618566	-0.21977237142929815	0.8067318677175312	0.3002114149747669	0.4377472203257374	-0.0568595004118324	-0.25160237415701203	0.625402177051443	-0.032190406931484755	0.7169222331264178	-0.8636474878094718	0.6342601617384043	0.9013090388623441	-1.2016602388573965	0.29359872995003333	0.13120007279008947	0.6407446038097735	-0.06855088924387957	-0.34742836877734157	-0.7514659575297405	-0.2785513499903879	0.4538503003998116	-0.06122537866591498	-0.5732351702342856	-0.529260122750106	0.6130444649051902	-0.04734135449959517	-0.4161035884298211	0.1902547996238373	0.5068212839179564	-0.3199391703695989	-0.5740050827287327	-0.8202177607386669	0.6175734777524972	-0.298319327881826	0.12136412955120615
DTXSID5024891	2.6511078723257158	-0.7719277681558826	-3.8065530990416216	5.850221176528522	-2.2800961320804647	-2.9081564327172313	1.1976221503006044	5.683527253628115	-0.1664199316026709	-2.080507781558948	-2.3532473395574165	2.8687959692580347	1.6902439404000171	0.4317306659227711	-2.911612051585207	2.46726034549855	1.0536050717162817	-1.535985589580084	0.5590586211784679	-0.49292304664776776	-2.980352324750171	3.387331415952807	0.40970563827024464	0.6023069184274409	0.3601510779178777	1.161922087179958	-3.023805792392288	-3.0306989279898016	-0.3585138407379932	-0.5895464296819595	0.6059098449334989	-1.4398824131765768	-0.1870981607407151	-1.248557399450838	0.1007337942014693	-0.12942749693268643	0.08170653629586805	-0.23043360934902204	-0.12351360721133796	-1.7498579473486138	0.15969008475591426	-0.5138153660209773	0.5355799674650282	-0.1840072095840729	-0.26878585981848196	1.2043577863488906	-1.4030956483140988	1.2961152208588405	0.6300898995840117	0.07745748190519341	-1.1174891100714544	-0.2838024058540419	0.08789293026435528	-0.5293661592290789	-0.5549701008538924	-1.4529629240827193	-1.9207272395342725	-0.6958771342020938	0.9927731536958213	2.230610929521725	-1.007648506402603	0.1454161064737547	0.09827002848340192	-1.720530665576655	0.8221748188940383	0.43354037540710655	0.4862785044083784	-1.587666507980393	2.21658778356683	-0.2212414976526126	0.7222303282120747	-0.14814922621264703	1.0835272964312348	0.06920929448164409	-2.324524725617604	0.37434188133020413	0.47614772800566885	-0.5572722482256456	-0.6566983280887653	0.17395255388379102	-0.745924992784369	-1.2751936479477757	-0.6443423817780318	-0.16097073313803903	-1.0064298812822563	-0.10566884127344651	-0.7072277222155529	0.09559495715830224	-0.36435034887617446	0.11260683459992435	1.7275973785377574	0.7421924207510483	-0.2604268470194157	-0.006539405770569551	-0.08124865369756833	0.5147402876141378	-0.4671368080123298	0.9737554711178835	0.5510188751378761	-0.09617468505373843
DTXSID4048270	7.074818489795463	-5.139938009908399	-6.232030278995543	2.830659983154863	1.2049854001311746	2.250880462922442	-3.9606143945433305	0.6546059332023495	-2.676228371673888	-0.9846353177131875	0.5842438298598691	-4.581910080652193	1.0047735003930585	3.123522144893159	-0.6621839135873174	-0.9798461657968692	-0.8570847071192474	-0.3202458759957873	0.3366358616189341	0.06476661177617293	1.4279269764794207	-2.129108218060387	-0.5722752338857464	1.3404556837037	-0.024414743991941913	-1.8839653421726497	1.4284066235486623	5.053133948258713	2.8313045323792223	-1.7919009093145846	0.7113957356670267	-0.3132521011583057	-3.2449854175991604	1.9231439892439877	2.650432781192201	1.2598592752268374	6.390666277684237	-1.5532868735049001	-2.8057408048373147	-0.995831667493084	-0.7406347497655567	-1.801614054188753	0.6665274043887971	4.509009297768764	-1.675038165352561	0.365462246193156	-0.21006938917513374	-1.1672581120580947	3.068011894312176	-0.6805109215052659	2.890682332171725	-0.9409804871656892	-2.8514154027340917	4.718122070232803	3.5429231110386934	-1.2795267154231644	0.46755898934021217	-2.604757842963633	-0.0410072740196356	-0.39604197684953657	0.393031281231883	0.043717273660209575	0.8412636535440705	-1.1744869835130416	3.964978612951428	-0.5317350064730484	-2.0263312362522012	-2.320487965854983	0.08700033735655083	1.6482850042376438	-2.4138611664800194	2.4711641410466805	-1.183458252068839	-2.406147531218075	-0.6926209457368401	-1.7537641827265302	0.8049305500251442	-0.5038323014020245	-1.3120990953750855	0.5743973974136318	-1.7262740860709644	-1.4162325931145552	-0.31025465149164133	-2.5198322055635254	1.8114981890793345	-0.22211096025405697	-1.6493687001823087	-2.3314873142939647	0.28580902476037123	0.18574263295334195	-0.08941651169882091	0.9636361736161454	-1.7702479788672119	-1.0868291792309948	-1.200336015780179	0.8846079264503602	-0.091274280463408	0.02392124758340925	0.8215620880958723	-0.9218228951845028
DTXSID7020421	-5.817937607523304	1.699708246682961	-4.156811568918436	-0.21168795140877186	-0.4623308682994896	-0.9066449045042131	0.3801115125242802	-0.7352515033825058	-1.980859368316016	2.625824681291121	0.1515221250078429	1.3434229759414325	-0.15739426236895637	1.1677866407401212	-1.0330713628494332	0.3548246906594018	-0.4513963156147588	-2.0629545386415	0.7169794466645893	1.2637852602813646	-1.883196502162256	0.46604330125053617	1.5625212480191295	-1.4162613262689423	-0.24197147076560582	1.8163628285623967	-0.13117563531750354	-1.3982378636586124	-0.9622608767331037	-0.36815330872321367	1.1224697546738218	-0.10502695158074023	-0.8477198715936096	0.7382762845581585	-0.3307582059115907	0.706234685894438	0.3671274582709902	0.9403462400241853	0.15126791331634687	0.062210872193260484	-0.3704730167477767	1.4602081754793281	0.48261737103824404	-1.2539661511032771	0.4340973471072057	0.04860768278357702	-0.8712318735529684	0.871327132909437	0.5613119304323377	-1.453906844619948	-0.018669554265786623	-0.13310787263978358	-0.42355619099721004	-0.3043802977135774	0.6920103816571886	0.07004025542027634	0.14122322148432206	-0.6555028690493536	0.08263223371395756	-0.35159257101131564	-0.11430608668291042	0.2999498137670804	-0.6182374823479794	-0.14903659498821467	0.5068625252407338	0.010163833413833262	1.230422385546242	0.3590159495760253	-0.14323083327037903	-0.9427128725931369	0.6047361107882866	0.7358042759388331	0.3523984129051957	-1.2235263577356303	-1.2333748256153965	-0.3379869951624996	-0.6635685754178781	0.3830369310100896	0.8484718293296093	-0.20980500985473993	-0.25102214349663854	-0.28637523002668097	-0.30672968297143366	0.13090495604714927	-0.3760837219613988	-0.46743760084859404	-0.7878055121760005	0.7567574559594112	-0.35406457529326885	-0.503786371159756	0.09476359575230348	0.4055925192135691	-1.0199819817735096	-0.4565461683752695	0.2889896378703753	0.8060162543615456	0.23947680176446665	-0.30459591149215826	0.4042174422549807	0.18330529036996565
DTXSID2046626	5.921994384192256	7.54999952959169	0.7675828218529422	-0.14585269919948843	-1.7916905519335917	1.167105250162455	-1.4231509674511968	-0.9560618127571681	1.2635270106681267	-0.010639486138698436	1.3852769513330978	-0.719722921535185	0.8380076518260225	1.4201361466842461	0.3746378065789235	-0.8997693346327962	0.018436532363060063	0.8846923099975177	0.2818301763565039	1.3168609058262475	0.3203342835719255	-0.2379279148616571	-0.9175102654986969	-1.1274775141655646	1.5380270871364865	-0.23591693180004447	1.2011170497248587	1.3844137500002072	-0.15978288577680466	0.9234594414968609	-0.4794187849639733	1.5588448178014798	-0.03760485036765958	0.01613418866900718	-0.264520839826204	-1.2201926525774454	-0.26932205829008365	-0.6953232148932833	0.1998646575667089	0.9407597568441535	-0.0956854625059252	0.06208683477754994	-0.18202228608281326	-0.06067277131716392	0.057450017455066	-0.5850189586322273	0.22629057083585866	-0.4485197025616267	-1.2489391473051288	0.5883057687886025	0.3327383700948938	-0.4577465827374115	-0.2685444802831647	-0.5025749902748952	1.761683232566574	0.2185228535245632	-0.6548431450693103	0.8373066953371492	0.8073385225182682	1.25948981727596	1.445853601154546	-0.22299470636150906	-0.8105443744196975	-0.5773613902528199	-0.5269599429723478	0.06292470542337406	0.6275900958572234	-0.8423254580157552	-0.6474823953161436	0.9450951617499757	0.2857818553951339	-0.005037350992835868	-0.527708319817745	-0.18016211239178995	-1.317515829785389	-0.2741239103234157	-1.0823807561360577	-0.2712049547269125	-0.5865171570835477	0.07573140400064651	0.27034808985272135	0.3412059046040934	-0.5977995660869224	-0.09919632389868976	-0.07436329041194524	1.1563285271792347	-0.07575900351427241	0.5514077021158114	-0.8596986322586677	0.04686183563696853	-0.34499807307083163	0.6068832012147477	-0.29790548897017083	0.3217682956379377	-0.25042948133296344	-0.6633133201173812	0.22347964064527026	-0.04729365447407439	-0.1106216895580656	-0.20461318885774424
DTXSID4047599	-2.893785614730135	3.7302595621080523	-3.032853077360561	-0.7221977108389678	2.7848029400273773	0.6798313791292777	0.9433496453871405	-2.394664546569356	1.4749692579481337	-0.5816123342944018	0.8487004251579453	1.3730615585926556	-0.17722536825081153	0.9571264016000085	0.3328404299430387	0.35828870474213564	0.2486439295825865	1.382581113318796	-0.12853727437351872	0.6116502271504024	-0.5670202700059144	0.46090539091723565	-0.5959699324387875	-0.2638937074349265	0.5377020337666343	-0.41963499892688355	-0.09737655038898112	-0.06306585486184327	-0.6020988755583271	-0.6076704875644307	0.11798976648179525	-0.017045123411740453	0.1754816663323747	-0.39951802591804614	-0.021969591893335666	0.11968364905584176	0.6461602581475009	0.5811205278398385	0.19358192728952484	-0.10167005138530517	-0.16047241092240325	-1.0320236759987422	-0.34263475893840156	-0.06730912023753326	0.13068752746226767	-0.9937612540237365	-0.07136723809297786	0.35833187030458247	0.5308547745389386	-0.04987658751670651	-0.19737767560527703	-0.20799086959087068	-0.1064082737033265	-0.14185547379504135	-0.5452645957144311	0.12120374435118281	-0.3874164946656797	-0.438985314559604	-0.08217444478119765	-0.279712487956974	-0.264057685354566	-0.11134918422096905	0.2878312498316822	-0.10588769788488775	0.18914376580303588	-0.28258016614915205	-0.20274656237120942	-0.017961115127767376	-0.36191166216994425	0.09882669652272846	-0.3026104798599445	-0.2467821949614574	-0.12746613380017002	-0.24080659564020984	-0.21105482312422463	0.12409367244747456	0.20976022992318757	0.12504442096118673	-0.22177816114151222	-0.08305865887229055	0.20499890811845806	-0.22085290914000386	0.2508060308872056	0.13746812357106464	0.10973214524230797	0.41337715210757875	0.41735891601588354	0.04461217408377779	-0.15367608505887348	0.19951072923953714	0.2267675159638516	0.01765459482024758	-0.28418293211015944	-0.29824059178447226	-0.30459077206669577	-0.007976840570974138	-0.03349962012822752	-0.21899847024695707	-0.11979433789785908	-0.30441180070110946
DTXSID3037707	1.3993933067265845	-6.456810619957861	-9.57060916072037	4.113576327390464	-1.138373448470277	-1.2458689229561366	-10.121891395056593	-5.805022320807945	-0.04921067530268953	-3.832829911869678	-3.0167304683863874	10.219765216485944	-2.2793171584389964	-5.703347159902315	1.5381784938371514	-1.531596411907335	-3.7251901619284147	-6.652366848353784	2.1482593899977225	5.7954308687725185	-3.7577529906674254	-0.47672253897742706	-2.7802967827921345	0.09820542173941589	0.22674273654955734	3.5645809570035105	3.458534241397121	1.8424522956918392	-1.280715923161515	-2.31877193568914	0.5496322321974615	0.4736220839199213	-2.6846213464691497	0.08519766173069211	0.07899578644213269	2.4094350535969675	1.7272090601215937	0.9366070451343415	-0.39303573342799625	0.38793023069977484	-1.5277449405180261	1.3481986166576165	0.3728639149192563	0.3044539540508912	0.49151760992269417	-0.1638487152609127	0.9920119156468474	0.5623985543407415	0.796072618582094	-0.8136361084660579	-2.813129756436079	-0.5565937929397585	1.5181426086187009	0.4933450040526332	1.201974067720416	0.712472636795708	0.6236835501228057	-0.044404995122715354	-2.9508835673010885	-0.9648050883584622	0.27550140686150787	0.6116815036551487	-1.738106487876683	-0.2243964183028213	0.7293305018351749	0.5834735332420327	-0.8315950282143915	1.0484511488330286	-2.4403134680167957	1.8121532124109703	-1.0763220626217884	-0.8227209328619461	-1.8834901154126384	-0.7365717527364379	-2.5860718303524544	-0.8777701617948857	3.305509686199758	-4.03330694695426	0.10677721017576208	1.3961204930459394	0.32474250902172835	-0.7803491399427879	-0.6686890650387332	-2.5351723589750663	1.2408487894020228	-0.5444724227909867	-4.427175305127892	1.0723082447000962	-0.1776779591156782	-0.10967681623905616	0.3396547252007726	2.4831187586409564	0.23165719739238408	0.6617482765119496	-1.7907047995058958	1.1387306372470791	-2.90606814097313	-1.5167409455526388	1.4808329920374255	-0.36318413916500736
DTXSID9020114	0.44984966948584987	-3.2187829674260917	1.4653676199439998	-2.06229050492266	1.0085184691830085	2.7014684615259172	0.12571662741818176	2.8716588030068593	-0.020743605964284914	0.8059794088190377	-0.8908111479516374	0.8061330409974283	1.388902766500504	0.7760269080684914	1.3558569558822864	0.26364698895499017	0.4482866529949704	-1.036955676363453	-2.104698261419678	-2.60580282428953	0.4130132074434373	-1.2582353759472125	-0.9182902316898076	0.214179393253198	0.9542579567982653	0.46900157370568996	-0.08846943217903953	1.6607898348967576	-0.274558118961034	-0.7396287312087659	-1.0793368589139745	0.9550997011254965	-2.003469289434174	2.0906570511322276	0.7636774710570854	0.37769147545314147	-0.9839380354555385	0.7268797699269371	-0.7309040182121171	0.44571642504398146	0.21691909223155062	0.6921405834149896	-0.7119352494565004	-1.1687359479192034	0.8302063847406067	0.9400299090022051	0.33767339811281993	-0.7458120453563656	-1.9816359584480137	1.394115431156515	1.7534597445368367	-1.1665681847688403	-0.6395376584507384	1.3769457231441191	-0.2902945682475361	-0.3382218532894235	-1.4356213197435004	-0.22853188745815267	1.2026213279131128	-0.6821745878977609	-0.7530757095953998	-1.3765265241639615	0.5442462939991584	0.7754590976626128	2.1470766673545656	0.916020889465714	1.6067796447081626	-1.9516000901717978	-0.013983145163695445	0.11593973217143438	-0.13605830425624607	0.5109747239446842	1.6252756399813708	0.415277671668099	0.7351470864627273	-0.23921050652824793	1.2594805347771252	1.297555682610569	-0.8157804787694559	1.2696128490281453	-0.5327230305171581	-0.5026960997974581	0.9432377123024451	-0.4022046099032915	0.11446966157137016	-0.9374431787968106	-0.27848535691729714	1.0140662007752703	0.48250012171376716	-0.6411430914397664	-0.24372238897253148	-0.33243536895855985	0.5038614952286248	-0.45012650706903995	0.3283656420068662	-0.7830718620484117	-0.38050446740274135	-0.27908860348950215	0.30040888192025683	1.177570314242341
DTXSID4040343	-4.23100623148418	-0.05850256114171175	-1.0157145289379115	-0.46854541302397207	-0.3689097081906228	0.12580992700397006	-0.17634961027524765	-2.3224572034854174	0.6973999963573105	0.25879194376198317	1.0430478957178297	0.2245321137902372	2.0711521198715266	0.9541503899838529	0.45233739171700926	-0.7579714251234819	-0.1484700149260721	0.4768937349159016	-0.14460939702058898	0.6556928576922806	-1.1030142397500835	0.8715436072273378	-0.7127410579539817	-0.09795524989172529	0.6689612994070512	-0.3027119679400804	-0.08483798461564489	-0.44523450300418915	-0.5684217113629493	-0.27827828006580074	-0.017493746294733437	0.06813384898552467	0.014831509733250382	0.20662823618824067	-0.302199871292461	-0.45998768298124965	0.6874945928445936	0.7569340668195745	0.06992704468455456	0.18441725494419353	0.18269069889916859	-0.3385505290618915	-0.2831538593539267	-0.39704630716647055	0.18286935180152683	-0.6268081949231882	-0.3848955600935678	-0.47858234664983207	0.28322405180847987	0.2962630742647756	-0.3084582543915453	-0.8374917600016472	-0.12274650206570786	0.32769330869921465	0.42404094142792564	0.2542233541952792	-0.529853628164657	0.09504548910263133	-0.7431529491488821	0.0090972925342843	0.12417940763741372	-0.20107894928575543	0.7149239478612793	-0.20768261549937053	-0.09375160395350175	-0.34915188330535407	-0.4234107537687147	-0.2842571185521184	0.5001865174657222	-0.671126075449546	0.1553968182331061	0.26162766147430044	0.09163181010694882	0.1681184887799855	-0.9402272803846546	0.4718112041421419	-0.6437154840045183	0.12900888434304442	-0.5158148915190631	-0.5432237945475364	-0.14277661245591708	-0.9519277181712242	0.006351978012722743	-0.25055551477838717	-0.36354478727182227	0.07429670598267445	-0.6729905292908757	0.5051624298878254	0.005978273215962103	0.18946692701565043	0.0744605827319622	-0.05870630765269604	-0.7714979806223936	0.14418200394167835	-0.14443631323925316	-0.2631067303706567	-0.16877790818915003	0.2891518272153566	0.5217398355988669	-0.40426710047618575
DTXSID5022649	3.1634846167795705	-3.811625867192174	-0.25878800497941234	2.420800802169779	-0.27354098706958346	3.1160666639024366	0.073667802613056	-2.7404212468284057	1.2616020390850435	-1.084485423335156	3.759780781733933	-0.054412087649095296	1.3652187241226295	0.006556500751733561	-0.27513804228239874	0.5614095106086999	0.7448639161000681	1.7698813560491782	-0.4210835202184531	0.5737837980222917	0.6905303588558822	-0.5671484332609447	0.04342174677312551	-0.9611837026978822	0.8506899269519802	-0.8454726979963033	-0.3735710074478158	1.3379826493035811	-0.5805263321760689	-0.49276919549477055	-0.9641225489615983	-0.905199193001605	-0.4374203423402149	0.5910342887601071	-0.24738809100033382	-0.5427353109697332	1.0239595157774877	-0.8601996047551986	0.957737841710286	-0.3537815376850772	0.9738797265444847	1.018654296457363	-0.6985592601055205	-0.05868945033543571	0.10304219811998816	-0.4438405432538366	0.3873689564882158	-0.7388211868998377	0.12891155144761487	1.512967896113061	-0.9218825924746354	2.2389413868363066	-0.7587696673462984	0.15089332865634406	0.06214642887613083	0.6123360416635926	-1.9914225130228644	0.6828229083381571	-0.7173432998610206	0.6466337763760316	-0.22794101040422057	0.250246544834335	-0.6018497916917548	-1.1477245991234524	-0.2705051831094131	-0.9541016040816478	-0.34260603928324623	-0.5751685716995139	1.445141521466823	0.7697841069142966	-0.11581167328844387	0.7174916402480062	0.17654778054057826	0.6365034223247247	-0.3460238415394271	-0.5923312208828135	-0.9327965542043003	-0.25160839315921374	0.3798181328743978	0.1858693121803248	0.1716181439530833	-0.0014770797787871368	0.21086255480326793	-0.16893012062153415	-0.5755122950086472	1.177165687875504	-0.15763471891346403	-0.8589263011645948	-0.4019204932578842	0.46557644374122364	0.9299959023071837	0.7401799620487218	-0.41621188243123103	0.09960913614576011	-0.45981708639542274	-0.7444784282992186	0.19502477473746105	0.057140681155362236	0.1047549200957913	-0.20982580346674146
DTXSID70880134	-5.5405605052297995	-0.1551169423771743	-4.311722293283801	2.3089290088061465	-1.8410497899191305	-1.2773029235974263	-3.1519039336704098	-2.8660958834077053	-0.8290556187667555	-2.020371245553163	-2.977099032124418	6.462541214119477	-0.9106677338766677	-1.6043696604390025	0.7600972352915332	-1.1349897002083462	-0.432311627478868	-2.819459952736847	0.12294509469487878	1.1953761464510597	-1.868404734848033	-0.03918874370691843	-1.0457898317342622	0.869350510321637	-1.8625703263647848	2.254591073312501	0.17267725145467433	-0.011767337346834647	-2.004662195775241	-0.9726832545581972	0.8090842519341227	-0.47060942254183014	-1.211585004347261	0.8077268331149576	0.044479841844318045	0.8981915403127508	1.4348810330231834	0.681822507493555	-0.12841261160358652	0.4022878431501225	-0.6755200742552993	0.8682709731561555	-0.2398827438448491	-0.7558182859572697	0.5493616769961681	0.5812219140551153	-1.2502234693005247	1.0902837120992077	0.5828796378332891	-0.6558784728613857	-1.8762573754603948	-0.5761865019870763	0.8567048506562214	-0.6365537299220326	-0.14451184903676229	-0.38305513934113966	-0.6435270767051434	1.3064733731249702	-0.6240981032526343	-0.07490997670717588	-0.437808334696868	-0.28646819301069304	0.36144798018588803	0.1967293204035668	1.0364701179071754	1.5822958635496123	-0.15937507939713502	0.7500772451113177	0.08758615065263248	1.3553128339324474	-0.8913577606200705	-1.395419736562437	0.5934906835909648	-1.0841015834748509	-1.8390924346657394	0.03615208556373762	0.09591426405395703	-0.3176198108271042	-0.29516734257602134	-0.40988030610875786	0.42569576957944205	-0.12226289479575062	0.4630184728658012	-0.590072889330094	0.3132031306203844	-0.7227408074823756	-1.017835403600175	0.6067146754984318	-0.7584977903953538	-0.062397560728259256	0.4745649720140281	1.1074989288339956	0.4315970813690006	0.31557741911980164	-1.0172309422206127	0.45583824387268956	-0.3984106083660619	-0.11733224639552783	0.2843844958647403	-0.3050681444048299
DTXSID2049420	-6.668166799462673	-1.5342377579867759	-2.845890414521608	-0.2580550555374652	-2.4329990792118905	-1.3286631401007203	0.11248924916506729	3.2000392097004355	-0.9266503962400128	-0.2938045115572129	-1.2271217166658737	1.0078059148899892	0.6184162568991711	1.4696930546571607	-2.1892802536251237	1.3355221281683052	0.6307503433395152	0.6958748329961411	1.0281856783655	1.5850535994469472	0.0736968514709965	0.3350534954238092	-0.6904094658954407	-0.5092794758201857	-0.0637852250169361	-0.8567996045102215	0.7239437069531784	-0.800733049812172	0.0699392089538507	-0.6410072237864295	-0.4924480661158913	0.6586007783588425	-0.08480003806628494	0.11722190843543716	-0.34937448746221156	-0.26132205139486026	-0.6878001914039246	-1.0294784785628601	0.3208483995107661	-0.2805798128229558	0.09492182482693728	-0.29613446623480827	0.407765568041233	0.2958165308373409	0.1734234562131449	-0.2813957354967157	-0.33435822641223306	0.42355215709598437	-0.027891837724595678	-0.061234817614146404	-0.2546942542282685	0.3732246570927895	0.6361818423812633	0.8076206708976728	0.6768793773921596	-0.5321909226785649	0.268595312995378	-0.45900113923982855	-0.6696725519470004	0.5443481293103253	0.3449068221346509	-0.5916755232981814	-0.3987852645976688	-0.9092466865188833	-0.012686611289403286	-0.77363130332931	-0.7130739485024095	-0.08475893038451039	0.07505701677202423	-0.15520098321540726	0.5483249480342081	-0.7115232594344667	0.0697927372120734	0.4874094912604942	0.22030510681790752	0.1234723143657447	-0.4105417074669222	-0.006420885119035566	-0.17929584399025597	-0.3442644150297632	-0.9154586996519491	0.7014240160640643	-0.35376042939586577	0.32001341807107475	-0.6165246834022161	-0.26142992377294055	0.18617109252421277	0.17474447619939373	0.5345016668909301	-0.42934115470858786	-0.21261976314004358	-0.11790907170618976	-0.38764088659197626	0.42887883598593574	0.8436280235687679	0.22223467014626835	0.13588284600690326	0.3745776214142813	0.4629399898847952	-0.43682826159371524
DTXSID0045676	-1.1609486228410395	-3.4422305883490543	-1.8213945359526957	-4.756426346823471	-3.03961332854852	-4.159660461942373	0.5097518338590749	1.2102003226578217	-1.4168174925172843	0.3270838827354479	-1.306805344145208	-0.6622436428499813	1.0869110728652978	1.0412211184100884	-1.157327705789716	0.3913991914731248	2.163103889281473	0.9527847293353745	1.2293378171067681	0.9670000315635291	1.0023017042945939	0.5930624909882269	-0.9530506087578223	0.16711036803101142	0.11192577870581179	0.23248894702615494	-0.3980408502727321	-0.37393470908766463	0.9081426017574573	0.022246996939103782	1.2233740416410295	-0.02449818512121021	0.9358326223309531	0.12160714859339837	-0.7095567517498194	-0.057968274881189656	-0.014425357915082362	-0.899020638298049	0.027117640125129683	-0.42217529196234294	-0.04857166773678573	-0.7137079405301078	-0.06297388953372102	0.135745672118644	-0.48947965950824585	0.05337294410633031	0.8835652515904449	-0.8241913236334333	-1.4692055892957634	-0.4472778863731993	0.08975834571384957	-0.00841297468188559	0.8916292841418066	0.48675050741555675	0.3252369420260103	0.29365731779174015	-0.18596263946420064	-0.6003906379091322	0.45874029519864856	0.5400998273806056	0.31063177933335295	-0.28644483070949006	-0.4261778832537982	-0.3750128689203111	-0.4177542705119792	-0.5605262333763678	-0.4507140469901543	-0.29997743894736323	-0.32515399254452665	-0.16451593694536465	-0.6854835786480219	0.09041327831673338	-0.6033759527634541	0.576461709773794	-0.18309262072552904	0.3719878109185162	-0.6005060096089748	0.05276306071176829	0.5837692941580135	-0.12938378198626527	-0.22250458358956302	0.23607971484897775	-0.15085658524135429	-0.11191401148293786	-0.3968227974993326	-0.48971830971243335	-0.004920162905605486	0.004490835294018303	0.13962996257839094	0.4632409492217587	0.2162720368489605	-0.2210862919797382	0.5020513295616829	-0.9187518030344602	-0.08743304082209315	-0.8375747029613436	-0.3421203808331354	-0.08702927021969734	0.3276771541817295	0.32632024221193057
DTXSID7049055	1.428714570287493	-2.2748411954528085	0.11561445199923276	-1.6400441610003926	3.6467200627608736	-0.01925632518438151	0.7573763987251698	1.0734500515568075	1.313317305168315	0.012841242391262183	1.020476263991301	1.1295941579426239	3.054245046120268	-0.7656296454394181	2.216197522196048	0.06292066785120579	2.8127258511773032	-3.8476078703666188	0.5247021620071347	-2.808138244351396	-0.19551921943350725	0.4310353486711213	0.8837176450277018	2.064624918440833	0.8631774623101253	-1.0988228781093698	3.9738727720597953	-5.085148599009813	2.665105347192136	0.8062055462278718	-1.533469625868579	1.8403048759813283	-2.8289771483718	-1.0312499916453717	-2.1697763285498217	-1.448653826001974	2.3408105060951883	0.0952829488691496	0.8312324987320282	-0.7290094588225638	1.002213827727508	2.3304629146604636	0.8831399279680431	1.1584126421774659	1.9378354432594902	1.1057838841557566	-0.05049452069856114	0.855111489262987	-0.6459205970089801	-1.0206424179590425	0.30169943330195625	-1.5592519935192235	-0.3306576475232079	4.129732135037674	-0.5194826826689524	2.529113312714912	0.4817563109996931	-2.468962105136797	-1.6031851323573416	2.040681219898294	1.10709150866157	-2.4116558142925264	1.4528475274245063	0.08368295349757424	-0.9759205462650166	0.2565354125040087	0.071064510816432	-0.4221133486637525	1.4574248258789708	0.9456433229235405	0.4939605301204965	1.7125774928311148	-0.6960582298646449	-0.518671179609338	-1.4245613613186772	1.1213153864534786	0.3660285887157499	-1.574179036364099	1.2888097000528203	0.9609082226734433	-0.25791815574031635	0.7452892131033139	0.0034384361699650763	-0.6803342716925554	0.1607165716612411	0.47082675627169485	0.09087156968590408	0.09741415847151641	0.27920161939788724	-0.18170623408295591	0.34390097181024043	0.19852229738834726	-0.47345141315116746	-0.23981067986288127	-1.1092239542331332	0.7809904391514797	-0.48162888962216516	0.1587898843193266	-0.49883580034818154	-0.19497717593083067
DTXSID3041370	-4.6079437018533485	3.513022352674582	-2.7966403680688057	4.685046000558534	0.9295675511588491	-2.2929009780474066	-0.13652256406845856	1.023544652983704	-0.869714995060607	-0.35274576428642035	-1.6301113168824317	2.713943989217589	1.7829002829809928	0.13597887384554358	-2.0964542307738667	1.2594902465264841	1.0491367120694117	0.39968347793726605	-1.2918208249767693	-1.7425367104348939	-1.2697416434428395	1.938976674047721	1.2821513135685059	1.632153781614632	-1.9542700154693662	0.3216925116153504	-2.7700119285358085	-1.8267493381808593	-0.6767368774091844	-0.3216599397262884	1.6426724318058545	-0.6692736298698685	-0.6664229864108051	-0.4909716118026538	1.1267870808658014	0.8640247216808831	0.12703976649555712	0.7290323822558873	0.2261131595724169	-1.9411774215069297	0.4998489105415852	-0.8357819881662051	-0.5024535338669519	-0.590874650036526	0.6620258636128806	0.8686858918439053	-1.9269184150723058	1.876570371352956	1.6241375939948484	-0.129606349341563	-0.6899369866832055	0.05911558556814225	-0.46669260586368005	-1.2715638872463155	-1.7924666958592779	-1.389295657203597	-1.19666829881629	0.855751433237783	0.7254648056155607	0.5908436872689914	-0.9409507922588833	-1.1496582088082334	0.049426067585208615	0.23566203683089249	1.955542229648598	1.237946358566684	1.5587577545730456	-0.36854125106618785	1.9988450337485901	1.9510710128098514	-1.0477843028311056	-1.9620438544883496	1.4450747425884978	-0.7113414490262432	-1.4076690647380523	0.1160107954408413	1.2452540711671323	-1.6130125925017664	-0.37990038934734255	-0.21666231448551015	-0.6714870144694572	-0.48703249801807985	0.5999238761815036	-0.007010422581334626	0.07553790846599898	-0.389697656393014	-0.46927719489459857	-0.12334437081424839	-0.035482976235586626	0.30989005754688853	1.1336539656068243	1.2016156000849243	1.0696181186844371	0.14568721117450537	-0.4520390551439349	1.2640970826067557	-0.2847597855615107	0.31784747156617293	-0.31859305746247113	0.48944127915175495
DTXSID8034401	2.6553239809304814	-0.39605856166097686	-2.2013368066575056	-2.1481603478426914	-2.7181175371103254	3.7768469409193224	3.92181892033805	-0.08767537960558247	-1.3922032836620821	-0.94766946694055	0.35277220791389746	-1.8662153925416431	-0.4075166648949539	-0.09714334977561925	0.05922643879390701	2.2565872251663732	-5.4782180694726135	-0.7889384288621222	-1.642978795078814	-2.0581199947050623	2.224290509193419	-0.5692816210066344	-1.1632407031260714	1.5257488959055368	2.3264241952500853	4.960862805490658	-1.3521101101094362	-1.1993810508439755	2.865633027291342	1.3896674538562002	-1.3101631173676194	-2.0271526151102774	-2.229041902054163	-1.6829163683091457	1.7394621012739757	-0.18582596280747088	0.3719724667398023	0.5717186178200464	-0.5371104284754483	-1.0311130488578624	2.1231633893639468	-0.5028248195872016	0.01506438851852031	-1.4729331775816557	0.8939459495642753	-2.77300522511948	-1.1863261103496725	0.6462733331247303	-2.898570027111701	0.9480073975011332	-0.8068224454902553	2.4028873792756653	0.35578065028591005	-0.19882827918357246	1.5349549379574217	-0.7219598663263348	-0.2723211015018719	-1.0995240769275916	0.5883698038400563	-2.7673330683276216	0.728173071108346	-1.737744216963245	2.762261714996153	-0.5905712599568212	0.21476502410977846	0.4152121879327073	0.08063757667845659	1.9536747038306876	-1.225661256628071	-0.8721887312506578	-1.2728572575632982	1.4512436691342374	-1.616256654842548	-0.997503910664299	-1.3661649045817603	-0.09134738355529531	1.1230363280495703	-0.7481084372562818	-0.921912556778528	-0.7458282660765337	-0.49452109524873006	-0.4609084123486364	1.5751743166727452	0.5161297460022567	-0.4717480974831217	2.3252875439243152	-0.02076539505563073	-1.797496326406326	1.0998554065611965	-0.48972026215371517	-1.1032428269165646	1.6658849144373995	-0.7757994190013271	-0.00039214177183040323	0.7490985914000646	0.5522650188152959	0.339787275555394	-0.03507549159979072	0.04942785682194695	-1.366745750809077
DTXSID1041502	-2.2913512591595264	2.597050596114713	2.5704815815065976	-0.4965106952922616	2.4977663656595706	-0.04379716328244372	0.628138162344635	-0.8612995997595916	-0.8271874793537423	-0.5162037219459555	-0.13557310834643	0.6045977152255889	-1.5141636406075152	-0.8812956979822727	0.19238013934522932	-1.079431471414874	-1.4099400290275643	1.1991646123596684	-1.2420816919153108	0.027917702501082952	-1.0737372759926525	-0.9922977682718785	-0.5768535109584838	0.46011533243184255	-1.9685329242668534	0.9188166520367453	1.7270580238615587	-1.0259603904216634	0.6630466658294856	-0.8382251917110022	0.16964176080793847	-0.1721351913817669	-0.30912175330895697	-0.08570288341745744	0.7681596663591335	-0.15025217171088961	-0.6831740580543588	-0.6665526480083734	-0.4342977136131608	-0.21397296457724369	-0.11467229563848177	-0.657964250293285	0.5241016889145641	0.42745924034800636	0.8943950851681649	0.1666010890780774	0.41922066128713825	0.04022408576080894	0.32278594857665344	-0.18123465744774023	-0.11461429089659272	0.2519864978967812	-0.21584263563559147	-0.8633472055507809	0.17163630316427206	-0.36003336508770367	-0.20578370298034754	-1.008325209938383	-0.6985923658747881	-0.4500264884634281	-0.7808782972643044	0.2591946443510575	-0.38867886778013466	0.12073904362174083	-0.34395883411376255	0.16375207416878365	-0.3017270194855456	0.13155188242518634	0.18103182592293884	-0.11134936617755008	0.19342358319105657	-0.6439186417109746	0.2791469214657324	0.8681873479472427	0.0160746356887572	-0.25211713314215456	-0.2437718137426813	0.36836157259486985	-0.4590795127255797	-0.1962028026894455	-0.36337397409808536	0.1979083898028355	0.4189424400780819	-0.03151567231379893	0.12090289592205726	0.436085928110499	-0.12388462695152828	0.09419405549364436	-0.3710881059708253	-0.04169601933742218	-0.2594202105002912	-0.17662912688089544	0.04749857030394626	-0.25011020730906064	0.11774302323832007	-0.11666977034237655	0.4032648240061781	0.14369304476656114	0.19490192964984898	-0.10927020733939888
DTXSID0046694	24.28765110491001	-3.407398712224398	-6.969944816022707	16.63423508950615	3.060455412557764	-1.5570855674625557	-4.231519119036126	12.68662651818173	-1.2168878915298484	-2.113519120868448	-1.4448198264644327	4.878090200967261	-2.1716724952207893	2.2531184690359503	-4.830579516434419	6.2469048491593	-1.352381822158294	-2.7126937390732833	-1.372758799740281	-1.9902464556514403	-6.480853996907757	7.11823831836988	3.011328504683259	1.5975674231617434	-1.500311168376434	0.40897343580484175	-5.452457880087881	-6.6352504226617945	-1.8422161347433132	0.783147742322134	-0.29500063364740403	-3.754879160559633	2.4233239871432937	-2.098300558089087	1.1188757713496902	0.22339793286677756	0.8078730781002154	0.2301048750619527	1.5461801827819743	-1.5178639805817535	0.39784259418960577	-0.19371260863607356	0.5859387949113877	-0.391919989754049	-1.3555454246246417	0.46873536427152057	-4.876141202297136	3.415818195755807	4.783151237230987	1.4578525280431789	-3.293535227651318	0.6262690351209999	-0.24801114378218905	-1.8140135142940936	-1.08498434083988	-3.2824101258290717	-3.4248404731591693	-1.6938078539059191	0.537921107364783	0.8301802576368543	-1.9126222355009361	0.6398963663229573	-0.9666234047022138	-3.5454414285831564	-0.6268184032924501	0.8574202052599631	4.821564909424227	-0.7877155439745995	2.633763800230519	0.1336244233953432	-0.26846757001363714	-1.002957597198598	0.3991611676098966	-0.02775015420414834	-4.2857105436435905	-0.43131692514712633	-2.1075919394827674	-1.3417923523478872	-1.4021688418876597	1.2901863279363708	-0.19640885235463282	-3.932248397475781	-6.051865458832565	-0.08258393836376508	-0.44814675988549507	-3.0764679749293427	-3.7708918022528066	2.7286100972796907	0.524705996714129	-0.5521000865141115	1.2650408159488926	0.3682020195937113	-0.7266592615675734	1.2124339504461688	-0.951032878088719	0.7823810543611706	-1.2250633923400234	3.3798832318942744	-2.442219076834598	0.28701278930046403
DTXSID7045651	9.545909111158307	0.5763453071258927	-4.011025028822295	0.2634433444733889	-4.8567993177089255	6.56364827202494	10.279366761147937	2.6309512074062043	-5.466563378878233	4.436159521495153	-0.518558496662473	-4.272152427480064	0.05478701959168388	0.9584128959563399	-0.2348653076476481	5.645203279896881	-3.845021046341301	-5.435518513489334	2.201611488040254	0.08062414811062385	-6.240118060009949	1.596094782005812	3.32133245880521	1.213110368041243	-1.481983771405292	0.4504861681837157	1.5086793417229898	1.1352214161098064	-2.9855703630875903	-1.4710101739965442	0.25279134291005195	2.5568954937572275	0.9102022940944057	-0.3617719660936196	-3.310824301229669	0.1189852446731235	2.189800079328965	0.1316322461189591	0.06378837678632034	-1.42413653629317	1.466070671046988	2.8834272883301084	0.21766012754349404	0.49241504696244326	1.6599838361908186	2.811423821006691	1.0588022406660453	0.7041214408066656	0.7195293976486196	-2.43378969019659	-2.722954044767948	-0.899835514445334	1.0847437194035885	1.8733739143474544	-2.3306714509096196	-0.9283364914609288	-3.357821031319263	-0.20846142798862222	-1.8466761633526851	1.1651856290155478	2.4812592826793662	2.305015382666856	-0.17769009634453625	6.056780399850495	4.815918620965074	-2.681887034240412	0.15712106728808503	-2.2474803080308243	-6.693541571802327	-2.750782106827613	1.696229964761851	-0.6491178494239598	-1.4873363529163706	-1.4623941219833532	-2.0154598532024033	2.3802787022001044	-1.7353350750210133	-0.7671654224234276	4.780217843538589	2.2261702758256128	-0.35987485632407945	3.0341689213350684	1.7966812414935145	2.3053825278032263	-1.5749413234642728	0.344293547730988	-1.17108553946202	-0.030815482095315518	-3.450678335633514	3.3001847236335107	0.3266121488326655	1.6104123862290094	-1.0778437631221796	0.7485188334117433	0.690714898827795	-2.506808248870511	0.6530065448735539	1.0075856741436717	-2.707281293861249	-2.780768714943344
DTXSID2049054	6.257136798891246	-6.727512377769853	0.3290627673238004	-0.54196132080582	1.4357473479721259	-0.7111154814966326	-4.2808083148021066	6.056484818667375	-2.120511972065104	3.1599188750611664	0.2690407203059146	-0.10104048387497806	-3.8605490933580415	4.3515342949129305	4.475448427599695	5.048457518026844	-6.835867529677462	-0.6458680264204716	-3.7258157717281986	-3.3633683358859345	2.246231240894834	1.3654556141216245	0.09833768540834817	-2.027543689876331	5.885294508075269	4.489159458105373	-1.2971798194888788	-2.7168608080794074	4.615909578195489	2.415840936377349	-1.3485826452889245	-3.1656205903513777	0.13342349678535234	-2.395109657842796	3.594869142327657	-2.363742725400719	1.6356309591158742	-2.9259155491659103	0.014697281608913699	-0.7065780118788081	2.155835494861666	-1.6013782510738663	1.1872507988327736	-0.6006387898673428	1.5781132360187595	-4.350843182893915	-2.9213143515909823	-1.0512573536247865	-4.1173251687637435	-2.331580530052127	-3.5190360831862995	4.759415620501147	-0.0901672677509317	0.8702854713706567	0.1617995739016101	0.033478871195788344	-4.861658872583355	0.696988194224003	1.3371784192809273	-5.469674316045552	3.906767018002186	-0.7459922368346584	1.1342188278876406	1.1710509484983294	0.14243329588911832	-2.466585455331709	-2.6976988216914317	0.03314683770528384	0.8745002479925557	5.077194743658473	-2.1778761827340456	1.2707379814266602	0.003298868939419167	-2.989817316743823	0.2694648140884682	5.056401885794543	-0.8774373640557973	-1.4029566840952985	-2.8476248707107814	0.36792200340340514	-2.591231329457476	-1.5419405224099774	2.613238934166517	0.8584751100224949	-2.3912207037488105	-1.9346338684858402	-0.5886680936895022	-1.5143582687969837	1.3263905512516172	-1.2678361574722004	-1.5672752111683206	-0.9290892642106511	-0.6112838437336561	-0.5516619214281878	-1.14787869792867	-2.659838930866195	-1.617012221463344	-1.9853646688958209	1.0027734826690529	1.8544386550234948
DTXSID9048697	4.227175179471685	3.415747169802826	-3.6874557113269097	-2.255242663295538	10.489701672720068	1.2901148065137085	-0.055949795740079904	-2.468493210114535	0.4463752708876851	-1.7836245115055687	-3.6462367580479205	1.5905573238240784	-3.209194044273887	-1.6031702492934434	-0.082465354375263	2.5520005854183454	1.9672590235203422	2.078921172828833	0.09514989573445352	-0.31607159296908155	1.00339206924751	0.536755116680962	-1.2733440185161364	-0.934654748933043	2.6448624280206254	-0.9242221938187619	-2.522887749688213	1.594729138142232	-0.7274161774338727	0.24364603018762407	-0.9626278555149996	-2.1367187021824585	1.435853684991835	-0.9991506007578248	0.9513344171336189	1.079033335168334	-0.29920728497303367	0.2453694741682268	-0.8625377412860151	0.6799715257304436	0.04113683697750195	0.050475509227730794	-0.9170844723168204	0.7308333959492059	-1.4913830641147519	-1.0300789812700428	1.277407599073093	-0.16229155338345366	0.342328600227455	-0.7986068958561551	-0.2449603436889476	0.1252770561606318	0.8630308061515443	0.8697850246921225	0.10388239049891575	0.23450913799347128	-0.4233290659217638	0.44652294743795495	-0.4477652529595847	-0.07252130131505888	0.32931441019027324	0.560819713600779	-0.059908241774914855	-0.17999375488967953	-0.26396929615806974	-1.4216006989321202	-1.0214345113171313	0.3256913041315399	-0.6429592969108096	-0.5327599530118258	0.4160253544172832	-0.2507525713447173	-0.04208890024075499	-0.008413655867858185	-0.6910923183235353	0.35047934253044977	-0.0839401611613084	0.854239982983715	0.27578684706348744	1.2614627209024345	-0.03401040475290856	-0.3682521749558392	-2.2129990693042494	0.6505243859259853	0.5278200200425879	0.1499798556084862	0.17228892392770428	0.4364199647127856	0.07706340249801064	0.3595357610250355	-0.8063059127549811	-0.9955551048806903	0.02957138406465443	0.07163636344728352	0.8065192208030495	-0.02712432092015191	-0.41707275779168856	0.42050266383091406	-1.0268099591937692	-0.6444265352555578
DTXSID0047084	-6.392015178724713	2.1482031128647967	-2.469504554816072	1.5117364201456351	-3.893345752337622	-2.3979472483035877	1.4258579561841547	0.6034061136343344	-0.05120193047069222	-2.65286526095326	-0.7945704074398693	0.9084790149183235	2.6445800677517943	0.3594495392490242	2.6963270800844543	-0.6591309014859628	0.49281307700706967	5.4171582456532645	2.683139677518423	-0.5023832152813178	-6.540026625140063	-6.089876504319984	6.459058066870073	3.891497610076508	6.068068923042799	-0.5783615775905357	0.30685667383943765	1.700318742564293	0.11182455180306174	1.491137292931424	0.17636828647406907	0.16295835228813763	0.4646364393141319	0.5203005667444163	-0.20115765743664343	-1.0359197974754897	-0.16429072457322688	0.6006185000904469	0.3195961554271492	1.447869867637939	0.788622944686637	1.3572158964010683	-0.4953536963212839	0.30311570488745065	-0.1628675536137905	-0.7302310374957124	-0.052910176685123586	1.3354816473754105	-0.49879322601780196	-1.4374935695657975	-0.3006888908524257	1.5181896900627547	-0.00629994911095036	-0.7091991034316838	-0.5545548413949863	-0.3739908829183681	0.86777466886045	-0.22279321249022394	-0.5793720947160689	0.4466664758406207	0.4511508003768187	0.9334514008550668	1.0710167337273149	0.01622378076553778	-0.5178773625922952	-0.46761597256122284	-0.34861998174147835	0.20618270460749963	0.047400056325569616	-0.4869732196967287	0.22023725844444664	0.407873708253975	0.2832973799908629	0.104563518675651	1.0317141807460404	0.11088746842335304	0.4897813957635257	0.034450540878059634	0.4483002397700997	-0.6817674710326188	0.04111346307485375	0.08253776158960126	-0.02249177453209788	-0.15427507086025027	0.3067555129645672	-0.3853235957601534	0.6291521657451014	-0.3153180473185762	1.4431236435274541	-0.07362956048500649	0.1933355019277275	0.1547097742297747	-0.17989036805339015	-0.31338628904979643	-0.47868336860051686	0.281649740766204	-0.22271617333517751	0.1448820975214308	0.3251357073356917	-0.0735972956167091
DTXSID2048379	3.1173971849481332	1.8039745334197923	-1.0148533690559	-2.532939300886148	-0.7176230558415896	4.707161023938455	3.1486886713471454	1.169366652170048	-1.9764442911299982	-0.3874456368268572	-0.03391786891338621	-2.1031443337676965	-1.1730647806812273	0.003504911560557187	0.1338894039361477	2.3786925257055196	-2.759245404024515	-1.1795140853768535	-0.3637295668636373	-1.5075993879333442	-3.239585520713084	-0.19060867009990592	-0.7559774662644271	2.478856483513471	-0.9171103328205633	0.9994632857049824	-0.44342048602644873	0.8612223913065478	-2.362046435419781	-2.5791730247438243	0.9311681290258202	2.983693592174455	-0.14869397993141648	-1.0370548208980743	-2.8383409645196833	0.734049631815829	1.1269044276207247	0.7753258908665177	-1.3556930928076147	-0.09602554953600556	-0.45640874938593723	-0.612571237819319	-0.6779889466611471	1.4046631191040342	1.706446576974969	1.5815980970737373	2.132296127895635	-1.7042822317911044	0.6743312636477894	0.23010591306070144	-1.749595539821521	0.464452222177079	-0.4160617325506558	0.9624851638386913	-0.330019274737944	-0.2016145902554301	-0.7798412037993954	-0.7363766338728027	0.8812314390591874	0.7007781524963304	0.1437997418824062	0.5998326471999671	0.5860531681522941	0.05774823516114578	0.5117325581895926	-0.4143176249350337	-1.1708631299887184	-0.5115953359142441	0.9382999079193758	0.3791796283737914	0.8752971780928994	0.18690421323852938	-1.3278341848401873	1.0459000517768728	0.7424718777888532	1.4441447550468243	-0.3452028698468385	-1.101664837419302	0.7716914974197423	0.5983362672264471	0.3230795155895345	-0.01965467678028677	0.5483873316576555	-0.27095883157219647	-1.4570683162416416	0.9323828726286122	-0.5968401202932971	0.20009367503376727	-0.4042615764070306	0.1111256984304473	-0.7838252767966474	-0.3308848101309506	0.0646487713141685	-0.6176102784283276	0.26412566563728945	-0.14722260233919585	0.08352055735358224	0.189462473493956	-0.6709376582037361	-0.2916342756941861
DTXSID5026207	-6.183737892578828	-1.098422308155577	-0.4192164207894394	-0.24004104523051267	-1.051971919725613	-2.796606509767108	-1.1895474324038524	-1.4955865178704808	-2.819974067499751	2.84450048912184	-0.45047453612441085	-0.6614981519812158	-0.6350161112180565	1.2891666950000233	-0.5539956250077108	0.5132072922261545	1.2264717771423246	0.6160051515145823	0.4314774898223305	0.15992818683473453	0.2939460424819005	0.4799887651507137	-0.1456192893010529	0.31842632935158777	-0.6819662058749251	0.10043565723494513	0.5566354290586755	-0.6874001794869486	0.10702120993698787	-0.47120281669888325	0.47687074163279325	0.48501159045923925	0.3156153276707928	-0.5010974028185298	-0.1265036860495017	-0.2988677076674229	-0.8913864649587686	-0.36331565533030596	0.44717717842684296	0.22723760548535374	0.4098604303832827	-0.11291091142812329	0.16377858163383727	0.015958395002915116	0.3520852634109637	-0.5349315581249463	-0.26817950032287263	-0.0885206690915015	0.4666116632474671	-0.2528005473714359	-0.6670578784378234	-0.2360807006007576	0.20056855770240636	0.9926089088156028	0.625874240293125	-0.34012094026134043	0.5533795903567905	-0.08179031034776175	-0.7528974421040411	0.11977934156485734	0.16518069132097996	-0.19939432682583447	0.3540241784531671	-1.0151319556426814	0.5108542481981865	0.06883677268879901	0.4732010291059475	-0.23167179980116248	-0.3463935251983873	-0.012758648224039607	0.4026518293107767	-0.40290030945026445	-0.24920876228120134	0.11045896207339227	0.5406667546894153	0.3401985595736072	0.1500552464783639	0.0932397918533756	-0.2928541367382761	-0.15347874896373165	0.04430967532769984	0.17408787161259892	-0.4071834328567554	0.19050286105379113	-0.10330921031272136	0.03471910168867981	0.014572918600857916	-0.012959797762325047	-0.35062154395681944	0.19057849281377207	-0.06405451028355018	-0.324945674638648	0.18896069528408976	0.16071126952043194	-0.08085915787586168	-0.05758050980877902	0.0641581928623401	0.0069433458158071944	0.06957678887794287	-0.24933169534466298
DTXSID6046844	10.656843641558497	-1.8009995400897112	5.648123147752737	-4.632657101020123	2.6094751542243007	2.8049480020307205	4.449752684630818	1.0967329093287264	1.0671656531138025	1.5068292459578208	0.7605717068352821	-1.0156760506334972	-0.11607777548154057	-1.0925043822972764	1.396251616555234	1.3840713936164857	-0.4864507616872192	-4.817951478445263	1.3688274006630226	-0.3382777342341701	-2.4825312375028976	0.4637711178404595	1.2153620117707777	-0.11160638151764457	0.6642849397016807	1.0790646522590386	-0.4940275772335489	-0.7163991158717993	-2.0126556153454294	0.3398416296802624	0.5161518257172119	1.4100972015695676	0.15473853517654867	-0.8722947268527397	0.39184333972655816	0.24712114102499175	0.08200080970448753	-1.7819006777886812	0.9186575557079042	0.7506320151655527	0.15194256005524898	0.20035783656918998	0.27831594577960433	1.4946912131372185	1.4010343224021384	-0.07043995141801432	0.18540706392697698	-1.553405802468542	-0.14818251098776222	-1.5721679691612682	-0.6436404658140947	1.3743594903242606	-0.06831751471063086	-0.9757835705999501	1.9357424755470642	0.6558725537386683	0.918292268933237	-0.5649893599443239	-0.44908901167555937	0.3025427610163114	-1.802680201808466	2.0314876925738776	-0.9884486816659597	-2.5734867349168113	0.6133979328336653	0.029828680569765887	0.4085824703407164	-0.3338257258280257	2.703688750421068	-0.24422098387726784	1.2438118956157707	1.0049850099189306	1.989214405765921	1.0475810673051746	-0.1113868204944299	-1.0731609963161444	0.4109104522853286	0.1478565266455199	-1.4064937411580345	-1.8765604180713218	0.704272817361923	-0.29316076582818745	-0.6135796995874708	-0.12375439391871548	-0.27752596901892745	0.38911376620659205	0.23103235962781163	0.2644603529423622	0.9250870155256445	-0.3735361004930969	0.45923801276428006	-0.9808844348648006	0.5033899099741144	1.3090332985587807	-0.4411404256125245	-0.286116527887746	-0.38924001269367076	-0.5250434217605467	-0.4748988537315975	0.24658933485111087
DTXSID7027546	-5.762095120205783	1.965512408116961	2.257366474869215	-1.7170960788369036	0.8794960722462883	1.1491436615540904	0.3230196575929557	-1.1734015190358251	-0.05928622671290338	-0.051687102333892426	-1.0765799662349214	0.7970018380096047	1.6467757143488153	-0.17081821741177994	-0.10154071574372531	-0.9941718324876618	-1.1765159794408844	0.7632499651659707	-0.27552276580730906	0.5025032330731026	-0.6695556785347235	-0.5076375774220523	-0.3669423523529246	-0.36522329459463826	-0.6966037140007044	0.6304023843302451	0.8439859591353749	-0.30420289919719967	-0.0044332399845171755	0.6858151194238759	0.532550416568563	0.5241492202695252	-0.3086032909156565	-0.616849842074998	0.2950404906032816	0.18340693589565557	0.13368895770255876	-0.4026599435916159	-0.06162344644212454	-0.578958046404847	0.046469198948896374	-0.44242873424550905	-0.0608019491166985	-0.14494646788906504	0.3558042248424991	-0.2551646409159219	0.3756117935695688	0.3183736648840121	-0.19132155696052222	-0.045285623161041906	0.30068914815945397	-0.5661324411236317	-0.3259851829504491	-1.0213107662367509	0.45605794343357403	-1.132401188392688	-0.29902782074116835	-0.203603753332862	-0.44492976946151674	0.02978734537524043	0.35468554045961725	-0.30207680643353574	-0.11695096733554157	0.1026134844941586	-0.14699802020248998	0.28797643348786073	0.18250424534450838	0.0885022304850097	0.17785723074112528	0.1557583893404101	-0.1911811563710967	-0.019949177510307805	0.11645292753361175	0.35067615114404604	0.3835599837885303	-0.05171374746733156	0.059808490256322275	-0.10422740424997569	0.43084749631007724	-0.026478524864119977	-0.3346180203106167	-0.020648120930485722	-0.3210292918909892	-0.24624034524471158	-0.13809446207223205	0.13194665263223068	0.341967642629862	-0.18842488174419544	-0.05486961072078423	-0.21551466325572963	-0.332859077446962	-0.16138692572966273	0.047424001973287375	-0.03363997467958283	-0.5875421117329059	-0.0874454446129934	0.2673428301054058	0.11761592517306248	-0.20156643708526353	0.19929307151477235
DTXSID3020257	-7.769166196635868	-0.10277748092072864	2.1691967635345843	4.585323197460101	0.5131929346477183	-1.9797221333767754	0.6222712578316342	-1.548577900550653	-1.8289111230819617	0.48705478687625564	1.3875547305808795	-0.15459662538375596	-0.4739947016692896	-1.164582255823118	-0.29720742618666446	1.3464201064935113	-0.20777553921702177	0.09542610773164707	-0.025016854605082066	-0.28060757673005077	0.08635898884533613	-0.8081422308312092	0.3451369430754359	-0.8850407791204187	-0.5126461995506909	0.853952691773147	-0.46522034959941044	-0.5166603340079509	-0.9301473923144338	-0.5296567928993692	-0.5777488295886866	1.0267576670525307	-1.48155605946889	-0.2892812905384353	-0.8483015616282328	0.5092853722771576	-0.47295050814440437	0.9868033771670183	0.038336357229098283	-0.29455579860168907	0.17834515591834352	1.8021705053832768	0.3417878428173907	-0.6721039101182288	0.12287419595740262	0.2404142959008796	0.2466469641595904	2.2151316705386543	0.07510828178209636	0.26198455559297545	0.16579911163497424	0.7789787879027759	0.34705868311905436	0.16243216165136323	1.2140604034153046	0.3089640067060123	0.37086884571000667	-0.2786595523513682	1.235210221510595	0.74409059943809	-0.38571213062806714	0.20065846770056076	0.5557197596379578	-0.30164696871893604	-0.038158567469194715	-1.119649347949815	-0.26652853023349976	0.5965813158060714	-0.4120336984117815	0.7291181622287946	0.1341538774860565	-0.28235196180736705	-0.31399501500675864	0.8594853038861887	-0.23221838506691944	0.6185984041162097	-0.1879446865390002	-0.3776323511625	0.722737192064733	0.630022636928756	-0.264989657008769	0.6614978871691017	-0.24517230343069257	-0.3170636139827239	-0.08777603188141353	0.0013157950012403796	0.061532190944750195	-0.35302682625848897	0.7347993631899432	-0.04998339828582484	-0.06549573161589835	0.3301938250261827	0.330051542549044	-0.11259025487148264	0.2366282317413683	0.03154354378475591	0.19745908480942112	-0.31154084702903756	0.3852510776719456	0.37271088193348917
DTXSID7044504	-4.455739404824103	-0.20268520417346428	-4.785069577830608	3.747516611744906	0.9314851819838791	-1.6613399819728867	-1.451227393049471	-1.1194898206983175	1.4693321460762618	-0.8878274638570679	0.058908663931611566	0.37829647627475216	1.8045422129824942	-1.2647360401524046	0.021689611301165614	-1.1608390035108962	-1.8711973243799265	-1.719949056575037	0.3776332018556763	1.5953110331024238	-0.5997194111567977	1.0522913394302573	0.15945943593499606	-0.26070578093419805	0.31212001799106154	-1.5137472071112485	-0.35445502894055714	0.6815526401458463	0.5241092759032997	-2.4665280956649935	-0.9534745740837667	0.3893359975647294	-0.978462736168708	0.14661683928599992	0.9781020488934024	0.018050063235929215	-0.9867935401232333	0.5202935670382319	-0.7053838417550604	-0.7630753575255095	-0.5712749574999478	0.30000325372924114	0.02844605955804835	-1.0396446435662323	-0.5335215732776758	0.4243741573349871	0.06999321186884307	1.1285126793105626	0.017212827620349532	0.3309763328663662	-0.39221023774634	1.1480297836656415	0.1617648693350699	-0.7926518473948606	-0.33547687828261	-0.4582464817808164	0.2992798479709364	0.9619943062321006	-0.8739186082195802	-0.4098645144123184	0.8942103162211017	-0.41215691911649993	-0.10522970130904147	-0.09839644917193079	-0.2127767422132992	0.20671081982714629	-0.9525190016340169	-1.283131745314706	0.06729146270610699	0.6210588347918713	-0.6717822892836268	0.17680881133605564	0.3413432439192826	0.48266022104969714	-0.722232086896801	0.7483537242203191	0.6261400934328687	-0.24535136632817472	0.6170441464172179	1.3556577292432948	-0.9208202083342387	-1.2983984434216225	-1.8063656328656246	-0.3679434107719572	0.6921049464818786	1.6552577405046303	-0.8135596703040309	-0.19971117211779896	0.798383133659076	0.5208777958559785	-1.436863037580845	-0.9097020595987119	-0.9722912328848374	-0.30394138593057457	0.5999452980926122	0.2553524957118517	0.32089207270530673	-0.6836579327281023	0.19709637515523332	-0.9552265099845196
DTXSID7047774	7.50124873736008	-5.763662681240897	-0.8404219622736878	0.7317631006102762	3.602450390061661	2.6243675970312585	1.9728155376496306	2.1994872101009095	2.2035450311709117	0.8060591287534735	5.170309393618363	0.07676791311389872	0.7483625722387262	0.697487060484386	1.7816526360762392	-0.6802886330555631	4.9535641395405055	-4.022155114605842	-0.22280140026493006	-3.8509155097268954	0.9045516043945626	-2.3751877097223493	1.7682856606300483	-0.5995799420735239	0.73953467340875	0.9829587871822827	0.8970472538097618	-2.00622833337634	-2.0168871110383475	0.3476090024711171	1.4658430538890093	0.8303341633487769	1.0739766458830278	-0.057988653930140605	0.9316849902662395	-0.5995889851658139	-0.5212477492782109	-1.3956400515567011	0.6839417468532836	-0.5914625236918744	1.854454982968661	1.4852065886034242	0.052478072892646055	0.9142727578468729	0.621501834803997	0.053442932657315284	-0.09979343254610312	-1.0232509568905261	-1.4192891087792865	-1.821264780325002	0.9557673795566699	-1.2824821115279132	-2.5963204512140075	2.1188074573311755	-0.12716269543901565	-1.5265001507600595	0.8446129948197626	1.6556956302777004	0.8683781597057866	-1.9042856295595973	-0.37953407751443574	1.3848805644405668	-1.3086023698966482	1.341043153187358	0.6500285583969241	-0.12873167318537473	-1.048810645614663	1.1672322010677902	-1.9867571478930834	0.4998465945714314	-1.024021547319802	0.7854014612363928	-0.034671401748735765	-0.3762780545664937	-1.2414113345077877	1.1812683851288959	0.46449160909479487	0.05183099464247277	-0.4295645620447035	-0.0875687645182949	0.2719330960287576	0.21715569304758053	-0.3985019678075108	-0.08348188144167275	0.12471424665311133	-0.7063464267556623	0.8312916289662232	0.7455356435469038	-0.3834843379069705	-0.6619114454003991	0.4140732183786393	0.10081858080540701	0.312524273962248	-0.10152355380507942	-0.11554606872860129	-0.4985998849413906	0.593852960418156	0.12053879201611975	0.014157080059567397	0.46030879178873396
DTXSID9057848	9.490250823354101	0.5564005709707743	-1.7016059730143163	-2.650547022131563	-2.936829074131703	1.9286557000218894	5.715652714198693	2.315861835001687	0.01623581897629845	-0.6454224358947498	-0.8220892217025876	-3.2142766502508757	0.6873735064607732	-0.3791002241511657	-1.6283974728347868	2.4288883525854827	-3.507179737558093	-2.7395493355364557	-0.5914608262524382	-0.8990923107796319	-4.13536140933968	0.5178942535195309	-1.2573297645302524	1.0440790686063905	2.5370696093772267	1.9535655060653336	-0.4417449484511743	2.437354007939445	-0.3178758449656544	-1.6918575049674875	-0.3966423329623108	3.074455882978813	0.9035661031583283	1.359760157022727	-2.191859518750397	0.7788920867726837	1.0758169677386828	-0.6717113338184556	-0.8013069419716354	1.282405053854642	-0.7347007175515776	0.45204957412397206	0.31585125771939637	0.5218712511053208	1.6961629298883585	1.4745346735845992	1.7415939833186755	-1.8167322559255967	-1.0980976700800689	-2.0059870930688843	-1.029765106967278	2.235067884207747	3.2709434913512987	0.006017591782600595	-0.29342356228187655	0.11037135392444704	2.600224083348451	0.4738870210166095	-0.3990791503226419	3.533987839258787	0.10389494508341296	0.7683232453653421	-1.0311024472894474	0.3567302097816044	1.05179463452625	-1.0722439859523965	-0.15419827254241725	0.18294058667047777	-0.4354506043478911	-1.5772674888740252	0.2167026138929843	-0.8390544492217762	-0.02113412159072064	0.9865637302696257	-0.36773223275500533	1.0118517241849563	0.2149119470383872	-0.9761332213770854	2.0572757849539163	-0.9090898137761765	-0.42872388967972963	0.6556185234005153	1.032317702823848	-0.08871260447572528	-0.4014741099213021	0.6264798257100269	0.1923966986595927	0.4520847216078928	1.5432195992387385	-0.6352680857873133	0.3918189110180374	0.14867300493965613	-0.18115630764348184	-0.007888019617844924	-0.18507721359656604	-0.1684581417789727	1.3700748131988414	-0.244448525630827	-1.2815515403432816	0.3757110725349399
DTXSID8048650	2.998081760653311	-2.7367057318829784	0.9863748731572419	0.19114102320444382	-1.1294253304589204	-3.801109041024392	1.0872759593834782	-0.06661133661074471	1.0822075424668587	-4.54888437803061	0.7499802465716496	-0.5350111681538624	-1.1553971134318652	4.6770310472179	2.50807852972818	0.17441312112181373	-1.7219454641186536	-0.8501890069516659	1.7249148623046802	-1.2971790009739363	1.6184378696646615	0.9165012628701046	2.156242648725863	-1.3202718281524406	-0.934334891313055	-1.0674177472708726	-0.7861525573264814	3.3063554303445684	2.9508493770050497	-0.9803526878160083	0.7097613639987503	-0.759374487817545	-1.8575928206060062	4.458972673693233	2.3311003677420814	1.8928008508382423	5.956780706439109	-2.548901246525267	-4.398999993563853	-2.1769247769250337	-1.1227228482201008	-3.352985439569643	0.8962720142898168	3.5089359821251636	-1.2361845669405145	1.9668754740201948	-1.288004944186096	-0.5305890815309681	-0.03852357414180017	-3.0574721923528703	2.7568341380680605	-0.7571109475642789	-2.811653030055611	1.222823914302926	0.26925984723868945	-1.5404625461521055	0.4355041476153892	-2.53831324073311	0.9804746670690888	1.1099489326171552	-0.349599632922243	1.1842034864484887	0.5241862688606035	-1.2247023281304366	0.6720067193182883	1.0697757525699347	-0.8111948232744572	-1.1792446602419508	-0.9885749682822873	1.1261544048227774	-0.9488960951782284	0.713194439975731	-0.8683889539344524	0.04301242454443943	0.8573202333376204	0.774324681349304	-1.981529872741779	0.5299904509405836	0.7940209461761712	0.392919370963523	-1.33966317518461	-0.8117873065121958	0.3588652105440154	0.8265482311021087	-1.0259083222843202	0.32078530404340694	0.46232564574742674	0.2576865804495787	-0.1132513785190175	0.5283668733008174	0.06373205987761704	-0.5910417202058272	-0.2341249860594537	-0.07341990670693534	-1.186525200830868	0.6391779770316675	0.3537013366696556	0.07081622935441327	-0.39138866287471097	-0.2790786425276486
DTXSID6027214	-5.785407538406859	-1.2033970787022672	-4.815696143025084	6.676712449159887	4.352265211847229	-0.7728211996598594	-1.762473353952054	-1.6843620669573054	-1.8978374612386133	-4.265778482320306	-2.629334796096337	-3.6369217656735873	3.5360778300284665	8.278516920700811	-0.8863563410168709	-1.368324294748576	-2.4071086369754995	-1.5905768566445566	3.6381595399106326	2.9526833278994187	0.6557927121931266	-0.5504581826502676	1.6977601050872368	-2.235022037343457	-0.4142373800494173	-1.0923234894649403	0.8062315519603047	0.7380956901982483	0.7605116786921878	-3.6676663973521357	2.5852413778489645	0.5803142686148803	-3.1021101037301184	0.028573255321930554	-0.4530162159599246	1.3700962944960329	-0.5912022866275437	2.004116345446078	-0.9731217172686463	-0.7695277592889517	0.9374765852188919	1.6879010125643379	-0.31089976441146	-1.4902210046308912	0.7305376137671792	-0.5882810666566172	0.014239887177668694	-0.6203845148800435	-0.1567822479877534	0.6950236677181464	-1.39073284816811	0.2698741932327507	-1.1004584380904665	-0.7494906526014905	-0.28742031776130567	1.025991060872888	1.0941797229821764	-0.26559607566562937	-2.027057400601374	0.5799055247972321	0.34820880826592326	-1.622721006340355	0.43204730073924663	0.15391938570191235	0.28315842626789733	0.21365587381626341	-0.5622907786265111	-0.27360829600628545	0.13147383534376114	0.7304267768706583	-0.7340582600153138	-0.4500557206110087	0.09495403067817049	-1.5021631871165628	-0.7381676207108246	0.029562848988064883	2.033711616941049	-0.9789338186707126	0.3534103311300281	-0.9704824061269177	-0.7773500131853429	0.7270578672703439	-0.3635802006008011	-0.9881946944482246	-0.17314640273154103	-0.43280260979171054	-0.11197680987726405	-0.5741242968453003	-0.04788818368740004	1.2315723259429632	-0.7650924418233692	0.6062643521670074	1.4524411606237795	-0.05575794852901637	0.1725101577806068	0.28284097344640574	-0.21236347109114964	-0.3873913870798421	2.0545994676197665	-0.5007044681745693
DTXSID3046299	-4.0677084166917385	-0.15166624548814192	-0.8061210266233704	1.4495437752765752	-0.3715511786494931	2.2537895471366167	-0.33445602177009964	0.694316362704679	1.3325138090928959	-0.0398271439772255	1.7887642554356586	1.5001065219800678	0.46190374510955273	2.0299719519615538	-0.8866482159911795	-0.11078954521300331	-0.21174369978419497	0.8022220153006728	0.6741633511838903	0.6516002785222867	-0.5066011004709249	1.3584658381758021	0.37051355742726555	0.4464713269150582	0.738025712813231	-0.24732636151027879	-0.04391586651315235	0.6010946003433074	0.12596652201227804	0.3384073303140823	-0.6478241717536388	-0.27670871449726947	0.4624413408318685	0.587459987489121	-0.07942681440450378	-0.6283183159473712	0.6438368130778198	-0.0008931394439438477	0.3119517347253773	-0.5151151244731402	-0.0630327112966951	-0.892794604231086	0.04862297961851156	-0.24978006084533622	0.44140429967062594	-0.2873528699818631	0.020540346514496932	0.21244049910841684	0.2666530637870662	0.3478876829946536	-0.30585325798709473	-0.13619309961053797	0.6599651366054765	-0.6054430167058161	-0.49286654804901614	0.7028446565128701	-0.6462088217610753	0.1660303944487794	0.10751348851705744	0.33892071828404347	-0.0015452433796377357	0.33787613938299244	-0.019371677992722946	-0.05649221162247517	-0.8721154522402911	-0.37044916845021875	-0.5693296054333775	-0.2227576579186927	-0.32965570090335417	0.42877564204909535	-0.7166861459180254	0.2658898327443414	0.15134001047163612	-0.008889879148225187	-0.19407749191083754	-0.6063549782640115	-0.24557334823485844	-0.053375358056865066	0.28066013213786906	-0.0467991315010618	-0.10654122769196492	-0.008874850250573083	0.4582402296937309	0.13967085322945103	-0.3932268913109836	-0.19187117417401392	-0.04135798714522072	-0.010393862885940007	0.17204996434543218	-0.008123286929682443	0.3425171605200465	0.2692146688231666	0.023045274093970877	-0.07720626598555316	-0.11077727106513396	-0.11143799675975327	-0.17108007876834813	-0.31022393632848094	0.017093010194156454	0.09131790174566842
DTXSID4022941	1.633807615386013	-0.20923277215395064	2.9924999143657147	-3.4120882730156548	1.6004829952302082	3.1962432815305983	1.8831249652994346	1.6667666226626277	0.019620002850151776	0.18459971667140831	-0.9671094664165371	0.4629321983886226	1.79231314172186	-1.0330140831080583	0.3180232092554633	-0.7081878146995463	-0.40152109334941627	-0.7064145238767654	-0.0085951105820007	-0.4619373660247681	0.47449552959212915	-1.3927652075518553	0.5629307231370358	-0.301199349860864	-1.1373068312970025	1.3043007372599702	0.6258448743491002	0.11824233426930439	-0.8077506325051416	0.19161419934157733	-1.1148599161834456	-0.23453816782149156	-2.587926235835826	0.3130909348036356	0.002799907432775684	-0.8323507612531139	-0.46852786464683954	0.14487564333670824	-0.08070996708596398	-0.128588582150826	0.49417221693949753	0.8199510321702045	-0.026615911743791076	0.31176049624302266	1.1398753836713804	0.975511321024354	0.5704274970527686	1.1445877222354501	-0.3319437017321117	1.0610450176848618	-0.12389764816773843	0.2860429785507656	1.0010000590923835	-0.034460526130663006	2.6036416224650782	1.4411420458933537	-0.8213511289044714	-1.1035641567226824	2.490513541093053	0.8139292866646534	-1.6605967729279825	0.6577597359899574	1.3667535027517614	-0.6554846226049071	1.3112331232511092	-0.8524234158862415	-0.24779171636286543	-0.38894396848267554	0.1820698517437957	-0.6668211769983242	1.1190722073272232	-1.2985754129321514	0.5014017628574089	1.957525059111747	0.407364716190414	-1.0493026904399994	0.09543686360767664	0.8996285250137532	0.16963292643641922	0.5900367316012973	-0.641481273308995	0.49026773321889666	1.003375314610147	-1.0273066740254215	-0.3372691246019513	0.5405042883686306	-0.8363752456905661	0.0424582400906244	0.9405826628575104	-0.08855803291946648	0.058145220010189944	-0.0684235996478437	0.6887288682072586	0.8691713763798969	-0.5939697541818638	-0.8509341659493647	0.10057931050835422	-0.3439953403939997	-0.18841019618440455	-0.06032898089450579
DTXSID9027522	3.279371220699971	-1.299691902127807	4.783083984057565	-2.5350455505636447	0.5326440313606696	-2.5604294171853588	2.6758116483659564	1.6199463541318027	0.1805075784486912	-2.571846048778237	-0.8612741565158402	0.020978849424852102	0.06423145640401565	-1.5310969583926521	-0.3278843722040303	-0.3149695674141941	0.4463958260240961	0.31699031448777215	-1.2267718051703174	0.25589583664908144	-0.9396598237305152	-1.0786968408229953	-1.8767090795309411	-0.2529070792091596	-0.22827910687958336	0.005768865117391297	0.37709327999513115	-1.2996053966866306	0.5951564127765157	-1.3128773887611183	0.21900058437910164	0.047827867950459124	-0.2139695356706035	-0.598890586031032	-0.08691779414332167	-0.1194655926922855	0.5349981426943569	-0.9260858241901084	-0.6097597925302477	-1.1361390369205566	-0.42973388351739067	-0.9842313583074598	0.61904809267734	-0.4501676691947431	-0.5060257238215736	-0.14898879223095363	0.8928437218738826	-0.069456247737187	-1.342148504925537	0.37729373028962554	0.44849885059989636	-0.46849148464003526	-0.008313664875334257	-0.9998182138541521	-0.17652266162654595	-0.10967382379472908	-0.40560692455690384	-1.809513343630867	-0.17235624383356593	-0.29868959734902284	-0.3543056475528311	0.1594864448313932	-0.3122694324049755	-0.0186309089643701	-1.3528315323991709	-0.2985564206393057	-0.623740155845836	0.19639053550632368	-0.07588186340717336	-0.4111509325083158	0.0833407893301383	-0.1921303492314242	-0.2303338282559199	0.6106722294359008	0.43726449611354473	0.6151192943385485	-0.09083035199732131	0.434049519024033	-0.6197909721267874	-0.5682581853411313	-0.16979451354083885	0.32491404395283063	-0.23427313167067565	-0.02154602796279689	-0.43309717250540286	0.20161624494660957	-0.21400235145165447	0.0675121793140133	-0.5767688273753014	0.36544846116048413	-0.17943000587693603	0.06551087691559591	0.22572965906887502	-0.31008102849809593	-0.3679880545236267	-0.42870971586215295	0.371711538222065	-0.47665379996643614	0.277803325956387	-0.9918954552498779
DTXSID9047833	8.513819779671001	-3.062630352479622	3.3529522554923004	-3.7612238491473313	1.3061401797753793	3.3172888256492183	0.0016313918395641917	0.858352312772808	0.24817390611544932	1.9535041692467874	-1.2461968205803045	-0.6440410608163226	3.7995632030488102	0.5365157050754075	-0.4652728778315015	-0.874864077805748	-0.4809146267509112	0.699606627130728	-1.0774619750028511	-2.5085460329347113	1.0664529667237506	-1.5869739099506397	-0.16450309124797355	0.9045164359901962	0.18649469950305678	1.2369832812848527	1.1134961698728556	-0.5054022417615504	-0.0651126767941478	0.32736581394188585	0.14935398484167672	-0.06765720464061868	-0.5726044461964134	1.0660315687765856	-1.048999393927368	-2.293097442107716	-0.06146145741120039	0.18713544613313607	-0.25538310594139313	1.6323543419994804	0.8162340211703852	1.5032026997518981	-0.3722321955746775	0.44778458809070737	1.295981468553093	2.485673635952025	1.3815141480934903	0.8347478588925948	-1.9776760192675953	-1.5971999743162655	0.24795732542727655	1.0744423303571693	1.0112245958752752	2.450304756364442	-0.13227940949729622	2.1838421443159852	-0.21575588809585533	-0.4317075484334494	3.343233834102503	0.6631670599398618	-0.2052743601609974	2.2508332844423165	0.8502354357703465	-2.2704084111136327	1.8121009777772912	-1.7749658701978381	-2.115360130711483	0.6449096102919757	-1.3407166861857251	-0.18046499619936174	1.3257699261025604	-0.01767224227919059	-0.5553525396692158	1.2621501714927534	-0.8316284609915473	0.38630449189279525	1.0096550099842396	0.4459504322114268	1.0230937169694911	0.777614554757465	1.4826755431475616	1.311681336488378	0.25694987792868645	-1.314282166446023	0.5159408689757745	0.201267254504169	-0.7027151797456277	-0.18654245886610016	2.3462067811049203	-0.3422894575169248	1.0870228493307483	0.3807333130892247	-0.45047947052073173	-0.6921461566677637	0.19072662704730464	-0.6716870719381791	0.36747879469352346	0.047251186213885944	-0.9175303703098077	0.38015178719958614
DTXSID1046269	0.5038828374926497	1.659569553104419	0.3496965902628304	-1.4497728257337563	-0.7000716584412503	1.928360843772529	5.078189856324587	0.4930151765467083	-0.707903062109103	1.1390436343925576	1.883698467316931	-1.414861485458874	-0.27672307519256695	-0.633764259880875	-0.17004992361657348	3.9404939006559068	-1.890453818987562	-4.104836627813394	2.032973275118337	-0.5908647566366998	-3.863058519665604	0.676277773668008	1.372416460128382	-0.020367824163226415	-0.4998675707319916	0.9643786759104619	-1.6881985468482834	0.12052611797435181	-3.888483597558703	-0.7149653166139099	0.036406820663241746	2.7576998317085586	-1.3376961224438153	-1.3247710475684238	-2.724173744492987	2.2653548473912473	0.9729877138765393	0.8561712341123383	-0.05370892167132269	-0.2943696802263736	0.6474995934943303	1.6619079453631198	-0.2623733419964855	0.07680212736204967	1.2254938171082579	1.2831728242334066	0.8574616156496444	0.31842062634435375	0.14938627418417144	-1.7363553973059118	-1.54056521309715	1.4969559449249992	0.719285611080981	0.3564226191594398	1.9142905317332564	0.3894833571631686	0.2367656237759673	-1.159265905671441	-0.05958824166610361	1.841767485193229	-0.8339689432934246	1.6129596565198536	0.6061921865771148	-0.2337523183129955	1.8581871628524755	-0.18266027867005036	-0.02539373832939597	0.04054296831935931	-0.19513708556210185	1.0933951389816086	0.7449731832728229	-0.2461557717078703	-0.7896813021205119	0.5419521333331456	-0.23891896365841692	0.9205572453519842	-1.1165581837909242	-1.1576382988761806	1.3552658662290105	-0.5509696923959259	0.06278042370915307	0.3706653066671696	1.2425201337890244	-0.5161261422371237	-1.8599263162761588	1.4104973252415087	-0.6460413174549209	0.28779445699054473	-0.5070939771066016	-0.30213648727565773	-0.8295504784162838	-0.9067912302602412	-0.16632555634489932	0.30085951201674893	-0.09943668038122581	-0.9628855749630632	0.24673739342395343	-0.32241587988688236	-1.0543033639935577	-0.15730810865299827
DTXSID1046138	6.696168995779836	-3.89711814229973	-4.035813950823572	2.135276098488631	-6.824716740369076	10.741468146040473	4.106247978803732	-7.040678967945235	-4.8769586476228	-3.346594938029248	-1.5609173697661045	-4.509258336354838	0.26634919146264385	-2.78811285111947	-1.5145812622622596	2.864020631216267	-0.03846074157622414	0.7525986239330321	-1.379963221007142	0.6565459565818395	-0.4234299863516432	-2.3676640646510347	-0.5582684484637772	-1.9502186527076115	-1.017722937898264	-6.529890675567689	-0.39312933676594203	-0.6167210225009959	3.143422079935398	1.2385180575072543	1.5915721770545848	-4.417258076089826	-1.4624096208913737	-1.468258383599443	2.5506138726253527	0.8755105380984469	-1.941204783166946	-0.37627139998713843	-0.8675848585414419	-1.502030631722222	0.8089317205766319	0.6963389088316347	2.2438047067718783	-0.07198736363269524	-1.3755091317706585	-0.6605341189254939	-2.4524594955033727	3.4710718650232564	0.20692222997410437	-1.3382267787934006	2.2193571026739	-0.7548256924801877	0.05805090912808245	-1.1150442711006538	-2.0300779241625824	0.7507589714569856	-0.6520618103836571	1.948199455115697	1.894808155124044	1.8597807179302244	2.54665063718948	0.4611075242083933	-0.2863320095953313	2.1777933724917715	-4.127533342309401	0.6511456687961824	-0.6595709998005098	1.9939195302902382	0.20923314453577382	-2.1764231127577993	-0.7671315096465865	1.4544602027789073	2.5337281936739484	2.818333454971059	-1.4355494728541491	-0.5724248805014696	0.642953206597682	-2.3815569961489396	-0.7013225935681267	0.371030090330066	5.340970361980655	-2.6272345676489537	-0.27242104739216627	-0.20081978356283878	-0.7319094208763938	-0.9414856963221871	1.1498032100868498	0.9928098844477864	-0.10770065952735645	-0.8121573616763177	-0.28583399204680265	-2.459892452282349	-1.276767085349333	-0.4244008948616749	-1.494340676071139	-1.6882117263493457	0.3121200130400132	-0.42150417916239613	1.3933009541142727	1.9186783496209276
DTXSID1032303	-0.8684353772557412	5.0967271115595185	-1.670327930777454	-3.0003451179014315	8.224781299404125	1.6311530367381004	0.6102624163101945	-3.1222991635017716	0.3088498760166856	-1.698175903094159	-2.956551445172223	1.8951774316769692	-1.240933476089406	-0.7482020223638888	0.7294943604642473	2.4096020566409377	1.3515525654546232	2.6544224502678877	0.899775444666864	0.6272654762171738	1.1747605660504015	0.6897343891787708	-2.658077839542337	-1.003564571288776	2.9837189149906655	-0.7078842143140804	-1.4904992472584029	2.5307830280986496	-1.124406812697458	3.6027553268629204	2.099005856532057	1.6882923577089386	2.4943375115746496	-3.253292896899495	0.5323255876422219	-2.2402929426408322	-0.2687123831247861	-4.2756304035066615	-4.233977072721509	-1.4332423455770027	-1.9718178955562862	3.5596510779393222	1.4670076329610209	-2.1848727133539625	-2.746573140960914	2.675996886969527	-2.7836944252405944	-1.7483080037429533	1.4586842357948009	1.6469013917754414	-0.662062308442426	2.448679402525491	-0.14088512005633833	2.721403702143283	-0.4765879290635394	1.4353035364967408	0.48899327120974706	-0.6375713953263115	-0.04608205885044245	-1.0480974424297294	-1.2433451867863836	0.6702385356427938	0.47888016620232793	0.17954589878690477	0.23215034277841015	-0.12509967579288306	-0.11913850836039368	0.20102178969132645	-0.8080156979455506	-1.1835315682202587	0.1054108217108578	0.17067102248467458	-0.05591158740491856	-0.021352085071691885	-0.48448806294130314	0.0018242455869928959	0.29993508978243255	0.01785258661586775	0.12479710960286834	0.2040905396060537	-0.2603878027941349	0.49645126732992445	-0.4121198225359415	0.022737184182658153	0.3147262761914009	0.011850746171091739	0.20205153343464413	-0.32376476652191855	0.19936792612327495	0.20583067337640037	-0.3035397693318043	-0.5007263627506382	0.0978300670309635	-0.053953537616238556	0.3350394252449779	0.14999087127367136	-0.07776744885161091	0.11493398012518548	-0.05332398513670765	0.05179726563716962
DTXSID5027198	-3.3417248473223875	0.08252063475747447	-2.2605014753682324	1.9242246968595513	-3.331104961275539	4.208464551762043	3.0380219086445606	-2.7925653639225323	-1.0186879882287763	0.13453876985572727	-0.9883477723915634	-1.721575997022386	1.351936341254358	-0.5430126462653323	-0.7092031450877663	0.8072476584424757	0.2134450275415603	0.1744866739135727	-0.7427967104455864	0.18168034261381114	-0.17643459666166936	-1.372917201293924	0.637765210585193	-1.981903436407322	0.7866022442244148	-2.119519576703664	0.2877147832918513	-0.46669752096200695	1.6432952040693256	-0.6997456684449588	1.0288179283817032	-0.9835995153843575	-0.5859394126742973	0.200591556746573	1.1997778628875635	-0.028512351703862553	0.26114946020355706	0.5513852886611503	-1.514361594026985	-0.6510211670822066	0.6244547239835706	1.2593684978174045	0.6242102032159963	-0.08160047951183622	0.06244797463448036	0.25269985018787056	-0.39595822762323674	0.9771428844895089	0.0874314227195698	-0.3702396336495985	-0.09102456294135225	-1.3803413641612547	1.2536779488721927	-0.4130461318425762	0.3358423860131161	1.0774905379080517	-0.38984526821360005	1.833019549116945	0.4520443277621742	1.0407719884559428	0.46507336226336976	0.04345748614623098	-1.4865666325568003	0.7005602510665039	-0.8658363383483819	-0.016628817626592574	0.410322974037964	0.3579462127061163	-0.13031698690818688	0.19969473179840477	-0.7873713206047775	-0.4079228808094116	0.699625404136038	-0.047355147782475376	-0.6155611915929896	0.26180916038257807	0.5126097413921933	-0.02973330837494531	-0.26454920076026023	-1.1060402367320255	0.5203885684800279	-0.4678785079270991	-0.0948284339955633	0.28098050657315077	0.11748129703185857	-0.6138488877047168	0.7191741084882655	0.2655446317675937	0.5145092353916565	0.16462390197458474	0.1553890712639448	-0.8049518713398364	-0.07535725409753331	0.1838599015304881	-0.6395865227337441	-0.6452455834156603	-0.012931847005674483	-0.5195622856067167	-0.07359210980980564	0.10461524363125715
DTXSID6046428	2.0260732249268134	-2.24453780216548	-0.2781147009077561	-5.590167273695129	-4.513013678153588	-3.8761848473572655	3.3320364127662123	2.156227480677277	-0.2959827800859962	-0.0703021745417844	-1.571017271654441	-0.7387407601498052	1.9498600223566904	1.3855771813125486	1.8711755323148909	1.5072524990576097	-3.8353390094851076	-0.9713870568362443	-0.9499089391009446	-2.6415830187728373	0.39277379205583884	1.5256907403545001	-2.103158318392578	-1.6586338015681	2.714403773301456	1.418281460910645	-4.74094168840828	0.15656194583315394	2.541720639070907	2.035228553022704	-1.020886604125838	1.873878180770496	-1.907374994804416	4.6480905654956715	1.9280702631567723	-1.9733583150175729	-2.3920602934723827	4.308801873819857	2.0591211146200177	-4.648497863412789	-6.019707663401796	4.663082777445149	6.641481291719805	6.980965437280453	-1.3037931243032903	-6.890336354240068	0.3054963199216059	-4.609978218053151	-0.3091038494300037	0.1975798026747543	-0.16066414511275953	0.9877958206404677	0.19890240853611554	-0.09226273536649231	-5.9015096561135865	-0.7337463326250616	0.6153840243072383	0.3894032649258531	1.7452342404336918	4.597123592792385	-2.1598445105189517	0.05890512843370071	-0.3029752376719589	-1.3408118965107294	0.5907353706532644	3.0835465236251514	0.502185488748228	0.03820900764850565	-1.7268858738676924	-1.5106895201704817	-0.260565898736041	-0.5256482868317275	-1.8091134351773985	-0.7668596199134929	-1.345502978951618	-0.6625237219108614	-0.17037433239274166	0.33506023331491047	2.00096485927169	0.8498362646000273	1.3625253328560694	0.8860058320709051	-0.2696588221865148	-1.2620850198327853	-0.7090369348247981	0.9435083087304058	0.4402355673011117	0.10589489859038609	-0.7567603162192248	-0.6516352712498739	0.5237297224999566	0.3880351779777435	0.9132255715219345	-0.7058081516285855	0.911191312095905	-0.637681624145205	0.9608379605992194	-0.48549252904171813	-0.669275207161144	-0.4859737992391846
DTXSID0034518	2.094802459773227	-4.649246484477826	-0.3239057167197934	1.8124618403990498	-1.4570611012664478	4.882499341921639	-0.300461995450941	-0.6798540576274043	-0.05483316547723941	-1.581436316673543	2.51856106909481	-0.2633130853492887	0.9910533234024822	-1.1157572245859206	0.25338821591505756	0.3610955403547366	0.952870266801942	1.4136262340596915	0.7570901326913515	-0.6990431185796592	1.5278532511880185	-0.9943410828510004	0.37899870286364606	-0.10623642353336885	-0.687717717619797	0.6146796829658292	-0.838612951110017	1.8876937516849244	0.22398012437704604	1.5842131320406585	-0.7793179701672279	-0.989955869274523	-0.5552948314188821	0.7100653084625131	0.28471438578707425	-0.0037046202318704864	0.8215438898963431	-0.058784723078411864	0.36115090094911556	-0.20569220992869774	0.7784272522749693	0.5223088979813902	-0.7930453883706263	-0.1326884654499721	0.18317588850869615	-0.11675568278123709	0.7061236640268594	-0.12227223281718459	0.02837869886730907	0.6797253009716627	-1.0335178026855523	0.5337736370694975	-0.07980980977060997	-0.4282063606680565	-1.1495742232307904	0.9013285312532725	-1.3347023496081178	0.20675454268884727	0.5056245107323959	-0.2053006617599669	-1.1295185295923986	-0.09591323860847809	-0.518904367810825	0.0266202381426182	0.6885380171840522	-0.550917118521189	0.92080970097843	-0.7508095755390717	1.103413848199022	0.6488568520141903	0.6208849373541854	0.8114707275642756	-0.2947632436846216	0.6735505330911267	0.6457611858858737	0.017682950581035965	-0.3094193257334466	-0.12363874746352184	0.6340336106146331	0.16995983177224425	-0.5216127902774698	0.6056114695195914	-0.5501355773140236	0.31647854793572405	-0.9584991756157969	0.7235314266462262	-1.4133817647959135	-0.6646991721360828	0.8464520719944688	0.5614823438703116	-0.05239352476779133	-0.20312628330414303	-0.790933605921628	-1.2572442391173775	0.6347970939586484	-0.12846575229756857	-0.21926828158813447	-0.4916723286534407	0.28182479530656784	0.18332618537723164
DTXSID7045443	13.399639209847098	11.09061369847335	-0.5596345105840532	2.804385690946513	-3.311326519218871	0.11485312869780478	-3.311544697425819	0.009630321204988067	0.797072959159962	0.4741263674797067	1.7093218164241486	-0.3785912558240718	1.8357452619445978	1.5735169670575115	-0.7700015576507894	0.48893632554318334	1.5271375354530041	0.9984596857420935	-2.7931543075931597	0.13196465714946443	-0.3064519781856714	-0.5047855187427781	-0.49543292929348376	-0.2539152386009472	0.9109588773158853	-0.6228048100172902	1.3450195402973657	1.540751517458509	0.133806077771567	-1.8619291371029274	-0.6393482249938155	-0.35049821642069917	-0.09999531382516838	2.0208117888766735	0.16690828443525518	-0.9960114616050275	0.6378239035940135	0.24422593392321834	-0.6198995673645001	3.0157793308224305	0.832736904456004	0.3397289177439956	-0.5876276864149272	-0.5876525815113467	0.22305030412205715	-1.1842310772841993	-1.919322371793968	-0.6664749358818939	-1.788439655893428	0.048712913906324644	-1.794908873732713	0.9084459790053588	-0.06067798729369527	0.18741939811233493	-0.842742706424913	0.44357550797240247	1.4931155637765126	-1.5801070836411555	-0.4771956440203999	0.6194300677307468	-0.9528211133083885	0.5412332619249318	0.18946900655550677	-0.7570805970144244	-0.015352265037422496	-0.37345620374750965	-0.7955512590406878	0.5754114716171919	0.12453162242926467	-0.7541351285672241	-1.3764058717514343	-0.09026200179984305	0.2265932640790771	0.24098274235397035	0.5728531755037142	1.34567854980506	0.3784217651420999	0.5315010687089985	1.4662285121235261	-0.4921206598832562	-0.1835302588372478	-0.4909839940923569	-0.04478527120292712	-0.060267085588934025	-0.247221658241089	-0.29115069296532176	-0.5196757193421438	0.18769653286219304	0.5148325948125725	-0.07025081810824399	0.8532082996892846	0.26318077413269075	0.49053577422973205	0.13843857292987097	-0.007820520403402531	0.21619455820376776	0.3016535895250457	0.02174486062861264	0.4963271030124599	-0.07176515929462837
DTXSID0034223	3.2940828669510993	-1.0904183188420888	-0.7358554034003556	-3.15972288724602	-0.7172213838905889	0.13337863903400088	2.0791944313105293	1.1552570040828851	0.24753180833610489	-2.2651273296725543	-0.45010106951515055	-1.034110093399893	0.26522070830235833	-0.5609602920790873	0.1320252709112971	-0.8292430460846006	0.10314570790920125	2.88296684918418	-0.6170581746562909	-0.7763660897974378	-0.554464939399097	-0.3015377429692004	-0.9391791062671995	-0.030406426707644502	-1.5442878842112855	0.35225061636232996	1.7111515700798583	-0.5347022211732659	1.0309860017234314	-0.8952446780283706	0.07294671317362501	-0.8169797347750335	0.5661326707923708	0.14918498984536233	0.4253451174037395	0.010688670700511818	-0.5513764918201698	0.14513866789374968	-1.3391655745336106	0.20254962594254822	-0.13944929063479258	-0.5808947132932921	-0.07157872857492092	0.8855271340458011	0.14966042396963686	0.7590967679442997	0.7740137241538566	-0.8193811534922909	0.2932935984327629	-0.270553087250899	-0.6861910394085773	-0.28703388643325994	0.528532861119178	-0.17992384436630607	0.5898217236788333	0.41981793619281743	-0.6005785526929366	0.27111674337541364	0.10241748108768813	-0.7743900761706807	-0.8136100137422918	0.06469009615736225	-0.6377885822125294	0.38260902491747295	-1.6750444827152389	-0.2667893771093678	0.8656268160089733	0.05949354131321042	-0.6485216706088042	-0.12762761116183136	0.04680444739643936	-0.4993633910747179	-0.7606011315004156	0.424832324442442	-0.7428811351380176	1.0241953477133257	-0.7593668036169532	0.5933624137786511	-0.27968507286533545	-0.06126002892110059	-0.21842989109043273	-0.9140159713915368	-0.16944159457381427	0.8483456445448344	1.0287940108170752	0.0711863652136084	0.11999547575630408	0.33073363770108455	0.15149691563135723	0.5638817482202132	0.23965241900810128	-0.71841738916744	-0.5444088861223796	-0.6243484674162132	-0.3245677613437476	-0.15912455589090138	0.24941687938012633	0.30251551498690177	0.7286442684370756	0.07465546978997215
DTXSID9046651	-2.983570711837793	-1.3234307708659667	1.077655251745429	-2.2489758993132294	-0.735564785911943	-1.2033133280518127	0.6327933767043316	0.3612511102536034	0.22574290068635278	1.7094636928721625	1.2286089598299805	-0.2648100452268392	1.17380183179024	0.4227677450791123	0.18328217938496802	-1.35844670589894	1.6049531369952608	-1.3884020631795664	0.9422150216441497	-0.9833575754372272	0.38083050147118824	-0.0025333373782043616	0.5291073731716801	-0.354247925663888	0.9503202338747968	-0.32923553606771366	-0.5728218635111622	0.11631200611479853	-0.7453472813695973	-0.3957225478225177	-0.21416970927226367	0.123784679590702	-0.270786699746888	-1.3066523105114585	0.5169614252898227	0.7039695029034262	0.2920217458529185	-0.8042215193345431	-0.4952417964042217	0.022337258121408483	0.4386021280029465	0.6905753769020634	0.0944250128504504	0.9234732655155039	-0.2963139548000634	-0.3520087364871904	-0.4822617340717312	-0.7186173046911887	-0.29454016297703073	-0.03626129029461445	0.47493384466238797	-0.186218903686974	0.3132156129128474	-0.7071522945556178	0.09621021269738793	-1.4345677854149619	0.2511717918772287	-0.12174674862419956	0.0411235539253439	0.3824600513673111	0.00044818466375449095	-0.7908196425706815	-0.21183078048263557	0.8505412212254588	0.0403475105721619	-0.033485849667696604	-0.637327883349204	0.4338553067093007	1.0884543716348554	-1.196507948652187	0.4175066378753434	0.3397618711082051	0.23624246883837646	-0.8858651576053178	-0.549676239307964	0.07996363810216134	0.30145711929648866	-0.2552621609359229	0.28505472010519733	-0.022321914962696313	0.351014423513816	0.6395991637979856	0.7952474343489034	0.25161372069088883	0.27001092529419274	-0.5901757958545221	0.718330090028323	0.1361635721659031	0.7743463954285253	0.5273248752919621	-0.26930482816921975	-0.5446945139165728	-0.7839451449234723	-0.6916624802828747	-1.0442838987054344	0.595339313420545	0.5365124252754675	-0.3085892857073166	0.11376383540229064	-0.43515339138485004
DTXSID0047030	-7.514463664938008	2.107090230222336	-3.0151365478801533	5.296803467623686	0.826906980620739	-1.4813569835783953	0.1317262382923361	-0.7703588142361484	-0.6164287366499469	-3.4868027278513742	-2.1427290369936047	-0.8109945898071229	1.9041200697037957	4.283380609486019	-0.8537936421314949	-1.3510656448547969	-0.9130956198036201	-0.8274994630477844	2.85735891250853	0.2677897948306852	-0.12652471146348757	0.8967602497120463	1.0051113937259468	-0.31499160284924305	-1.3061050791542508	0.31096266166816233	-1.1701528989949948	-0.6952145849257982	-0.24479965227671252	-0.7716209831405423	1.0551642952512323	-0.3498420764693446	-0.7063898300790163	-0.18511780064823505	-0.19778514837594963	0.7987740671195435	-0.2353207521206225	1.1962719937288844	-0.22989049129491532	-0.6505791835028388	0.6990893558191001	0.283058347674025	-0.44958743301972665	-0.7142786383860086	0.5440715816926925	0.0025597796570303974	-0.9855894702803025	-0.11166541980917354	0.45933030709808687	-0.1301230892415085	-0.9900579350536464	-0.2191752920603758	-0.477082150742952	-0.6896527503432435	-0.7393427157201561	-0.3232271357986944	-0.1656755826318603	-0.37609488474994035	-1.0604548907439184	0.9157964419372753	-0.23348670952979494	-0.7944455045389739	0.40235735006282575	0.24729531325958554	0.3604920843048725	0.36670412238666483	-0.45235352411079105	-0.15813794775966916	1.2386246183612373	0.8202800967773716	-0.547817562682072	-0.8263917016099589	0.8395741693965346	-0.23454386072517353	-0.31005117139671634	0.14073209517070542	0.3678833050332238	-0.27957775450209993	-0.6269679716719948	-0.3643732543427312	-0.5040911370871861	0.17205305376666763	0.45738084267964396	-0.25709824995949043	-0.550053976022356	-0.5129229882043169	-0.15079456781283063	0.07616768923380467	-0.3731235258840225	0.37585439223339073	0.3751972469211742	0.6706740595908739	0.3531979575074879	0.1634708499482048	0.17224730450664133	0.6895712546926774	0.16978162950263426	0.5737720014438854	0.05641297657134926	0.23436736810509387
DTXSID4045139	-3.580255384475521	-0.8225908498651089	-0.48925436373651954	2.494473444032616	0.4320058772603672	-0.523090834145287	-1.1540026943425605	0.002361705282542511	-0.5948890392180847	-2.433548761240923	-1.213817368238579	-1.9540715835803675	0.8987451466064441	5.765642792125363	-0.5291450494039499	-0.7599366808844934	-1.1187765536140675	0.2719150416939762	3.130292053960832	0.39908174033034893	0.38583408454890583	0.7197718995880705	0.5078570299170124	0.11817055650968447	-1.3223389463988908	-0.6803487507903672	-0.32220264913220975	-0.03985491671297374	-0.13148776716839916	0.3369107961420408	0.6416603872472104	-0.47829816358241173	-0.6397371069590416	-0.19795044898982103	-0.11414947219640628	0.7517375990519175	0.31664629551788476	0.9950748216187105	0.15323091771817252	0.6004185435475635	-0.037256446632389015	0.17271692765798013	-0.6512317104542324	-0.2124601272054477	-0.023650234650827242	-0.5523557859712893	-0.2149379846708381	-0.4461422181234433	0.029791772775964887	-0.30515038922526305	-1.0367146280367945	0.1434438070948645	0.9066818748159148	-0.39698814558025886	-0.7088189026390619	1.0960392163042503	-0.01572002416236439	0.44890708028918813	-0.6985907284951314	-0.5112691673773744	-0.30838988598318545	-0.7455785192411459	0.09719735736882977	0.9253167706572719	-0.31127045076584425	0.3841025309032556	0.2989576194818447	0.19926214091773178	0.36672021211718525	-0.10130102293632649	-0.21441161991329138	-0.7807102282173939	-0.28549194488792473	0.02887081642214557	-0.4764478503107525	0.25305240158997955	0.2822150645688074	0.03724334670321403	0.2972623456602407	0.10428411158346422	0.15169937594169663	-0.34331469683472643	0.12323945886511838	-0.6011451511596115	-0.27652218252141136	0.05885796523453264	-0.1304686105053844	0.5324557015730766	-0.4050516641417674	-0.00272270956271955	0.06241724298772685	-0.3621533047239776	0.12140052351184562	0.33292494320619886	-0.7404563457374844	-0.08047482390633484	0.290365869719728	0.5003159287097219	-0.445884855971391	0.30392191050145934
DTXSID1022762	18.859513705482794	-7.410324340642476	-10.88990349220995	6.17078353761258	-1.1238981024184527	0.8010199044704851	6.829942590379732	4.677640852277467	-2.4808218938424105	-8.410956528753049	-5.146839785389606	-8.017306743159578	1.134632022108042	8.270778289992691	-1.963809517150954	-1.9475682614835275	-6.862394966955486	-5.243250183694847	0.05811483932671122	-3.629569269875265	0.21177400919469025	-2.0510744732411688	-1.0530515066053352	-4.143106840698683	2.4288194919013835	1.3661489063541752	-6.582415404356202	-2.597038718699252	2.9910249161564284	-2.835418770418902	1.4198671260155835	-3.9491187339326137	-1.245833875306577	-1.052178912068917	-2.264482749676565	-2.3387054917735526	3.7272736602855385	-1.163535327216178	2.045452395514941	-1.9432493301321698	-1.3409230225391306	2.7132861554019754	1.4233566461759914	-0.00775760518894886	-2.845637264802206	-4.88002411712771	2.55712197145434	-4.349585737620704	2.102976041515506	2.94037548384778	-0.11859243684092431	4.0734960407103795	0.3295375063580561	-0.4372430811810602	1.839935117632092	1.7899010685446848	8.005949590002704	3.0595431653904006	-2.486958191223896	6.094707206039098	-0.12159402863548044	-3.97694751622512	-2.3880187742195393	-0.15856343354958888	-1.162998984063839	0.2290365035759022	2.371940932177655	-0.454421211015379	-3.759033414220086	-6.325265948824058	2.0550258699315096	-1.658014908837232	-1.669172342439161	0.7111085237997793	-2.1801659022509	-1.430386927721708	-1.0125697459090603	3.182656207242372	0.37571481024517284	-1.5910782264390873	-0.2063410015304785	1.2004552225445064	-2.5503266591804103	-1.4477021761841176	2.04449977706301	-0.2820885666505287	1.6032705441995903	1.2995696996805943	1.5482338084681764	-0.3001202169442173	2.2171727972777204	1.765324052564574	-0.2917201000858772	0.36156558191531973	2.124645456429885	0.20525521659500692	2.0506745055800755	-0.5825655672263598	1.6881153339970651	-1.1763254412009918
DTXSID4041280	-2.649284474525239	4.342655798172239	-2.2742264690146445	0.8157996568670748	-0.12717703604606095	0.13797774926622372	2.999757229931452	0.8110479811841699	-1.961484529820078	0.12643173311080652	-1.54812036031725	0.304428626591402	-0.5071570391968384	-0.255526381084604	-1.6198934861287158	2.0621400262763654	-0.4922959934807117	-2.0648479525724643	-0.19818880736852548	-1.1915594669381682	-3.017919481853647	1.7469187967368214	1.7794472675873794	2.2610757072271492	-1.6675850495009226	1.3203641320397421	0.07059871684110236	-0.8809331490227974	2.72426557643533	-0.9409050910660188	-0.7730298578845199	1.4747267843699772	-1.1817076687660344	-0.4071940465278174	-2.96017918706988	1.6142940363988907	1.8759910262994375	2.3433182716205465	-0.9253318728397139	-0.8440723212766293	-1.135136929324748	0.6522086470268879	0.054798774607737945	-2.539998297344122	-1.4847417111460142	1.857189756487474	-0.6673302381820769	-1.459245087246848	0.34731683320260476	0.7645846839791455	-1.2652186324686632	0.526947002834592	-1.5896170362237523	-3.095500247015471	-0.8375421800900013	-3.3973137613110107	-2.673204625096477	-0.07167483953173384	-1.56682140862788	0.17214718509931826	0.303683860050164	2.14744847913085	-1.3526114403670215	1.5358693974818096	2.9454409959191357	-0.19360882255622142	-2.1068177644795183	-1.1672378704314297	-2.336269912575153	0.4903665466245676	0.2125890685320442	-1.1171157397456744	0.8708916620114943	0.9187528996900108	-0.7673495025252032	0.2967389677977037	-0.295883480857344	-0.6202115763867919	-0.025342697743395714	0.04680728253831323	0.4016403931533882	0.23773249388336962	1.2228350829820336	-0.6172636853426029	0.12747679928100147	-0.2633568961876475	-0.7594769705550477	0.0502991391659409	-1.8831432985970766	0.09608318801630646	-0.17013510750444527	0.8232635731160485	-0.29753869664400084	0.30194665352666444	-0.06062481464104018	-0.5117976183844252	0.7513511891122762	-0.058989802170570226	-0.40623293892170115	-0.44016551972167833
DTXSID2042060	-2.2569299784960615	7.947498023339193	-0.08977972810710905	1.2447376611752525	-0.9660152440966586	-0.8479968625711618	0.4216621213381169	0.7654091523212158	-0.9633976895981807	1.3094489493772603	-1.233975354540413	1.8621279685616734	0.37485111077788064	-0.26235977060960586	0.381316088742529	-0.6901378051716718	-0.4127270737931385	-0.06490218036204187	1.011775740533441	0.7615324631295187	0.13268130182252405	0.05482555256564083	0.5225411386506055	0.18138711043180122	-1.8633420897807884	-0.20650664154964662	-0.37276673375230546	-0.4566326078450997	-0.13999216002007775	-0.587522970240662	0.4261243354169836	-0.1484268603100238	-0.7119597800465768	-0.2712665211457554	0.01188228620224217	0.522120983474028	0.38847666689821353	0.34176483216079434	0.16826411104911784	-0.5709330760204315	0.1915424954764496	-0.07662218688889291	-0.22612081962135205	0.47814204330213556	0.13231776606519247	-1.0510252923810544	-1.3118736622465033	0.790672697535434	0.5825409285809889	0.1303163931709627	-0.39004925340621566	-0.9893968520015964	-0.5894598178132797	-0.3882718758014039	-0.4846844740636887	0.27508280949934966	0.8710182442773278	0.056454373704571105	0.012070922738772845	-0.8494220778749879	-1.1242519362381154	-0.8944125392943396	-0.19958565767894315	-0.3329001836210267	-0.6804157278846111	0.12636250849334563	-0.0331422169314374	-0.8032395564327182	0.39583309658789784	0.016106701640897853	-0.8688529561584809	0.3135120633415231	1.0072069400195536	0.863708279940782	-0.02891108115621934	1.035540019593451	0.6475032145301743	-1.0458472604630573	-0.7010494217294265	0.7326321464655192	-1.104730226712081	0.387063851499789	1.6043303497431831	1.8651284718391068	-0.11305624439197692	-1.696758253575967	-0.47654131672751426	-0.49149954984048244	-0.7290724559501932	1.3488013099155265	0.040885878971152055	2.417984105859801	-0.6145527062276899	0.5356273892770917	0.3059580504964326	-0.7943139528830878	0.17858869062609428	0.3156608717103302	-0.9105437995039064	-0.26455530254065
DTXSID4027498	-0.8112132634090874	0.4835793646143139	-0.8639641687028402	-1.0706642681423768	-0.27625766714230066	0.575470455748262	1.7042532129953707	-1.1835309596062757	1.6727997542695519	-3.32387661327177	1.1488973104829694	1.5572074906937488	1.1942747642648202	0.1355399659498945	-2.273080895266689	1.9772818926701647	-4.745738862460572	-0.09416362525895514	-5.491411627612795	5.2328381838671545	8.7729511769674	-2.0704155438940517	2.6495698118385462	7.55577164820726	1.5174185692301183	0.4832735465097624	0.5379348705065005	-1.53845040278492	-3.1315012801993816	-0.22596306907574396	-0.8924675559120869	-0.777142970590865	0.6816522230027694	0.09043607645184437	0.7480207821125764	1.6146949971492117	-0.7685596756262191	0.762407040898539	-1.5870518084787633	0.03952124225388533	0.17757586769676761	1.3520189803229172	0.9236621225735464	-1.1546122856675947	-0.6443879692074944	1.0823389008339581	1.1191237472308304	-1.2342528849113774	1.0061903964072108	0.2135812888603874	0.5223381038546765	-2.396130675323787	-0.8156996342334067	-0.5254833617154694	0.6517401588729431	-1.8000947516146255	0.9794878973824963	-0.2738157603554766	-2.658244158378767	0.23616051668573132	0.019279919496868015	0.9108945196763859	-0.03449720078721414	-0.043671688542906206	-1.3507141623619454	0.6109525891856025	0.8165857954419755	-0.1389380597445288	0.24440172491149173	-0.4650909423517333	0.20051196064936877	0.774851417525788	1.050526024719339	-0.5164344045560948	-0.8522487481637809	0.6142946823768611	0.31867793385385745	0.26387610467366285	-0.6262027983639137	0.8449261105607806	0.5734784320479018	0.22482844021990245	-0.04593587936425163	-0.43983343777026057	0.7613861195974128	0.5256536481038337	-0.3556601241773925	-0.5553299412866853	-0.0894615715825175	-0.5372980973805509	-0.7607136797301303	-0.17810562377424868	-0.38084342102482793	-0.0031597114640805764	-0.8871539356602597	-0.38303311365441567	0.25983534075961645	0.5297456720546113	-0.08890585674718447	0.11108025637347205
DTXSID6021959	-4.900129981676561	-0.7090817299484748	0.2624296861793901	-0.34240255201719944	-0.3376361025981414	-2.099540641807766	-1.4534508195260603	-0.697814435378486	-2.9633982636691214	2.1301170734758745	-0.2271318367939399	-0.9115136233351485	-0.4256217421659617	0.06885797394635114	0.016439874554832857	-1.0910673780254043	-0.005730429321255514	-0.054618227934635104	-0.7220572380219913	0.1759409962229075	0.014730159094186934	-0.5984278902263122	-0.08237872246900227	0.8051129400989275	-0.947462847091958	0.23042253876475022	0.440403953963419	-0.2919644117308171	0.39452519934918456	0.13902359288839847	0.6338267786284373	0.19603614075966852	0.061509644390124234	-0.3772989065991803	0.46769263935259237	-0.8452248973025686	-0.043283124518829694	-0.4499510711628352	0.15404177915967066	0.10346337838583725	0.016222332156775175	-0.03601493408102926	0.5324034221845504	-0.05353281784633948	0.36241641808755437	-0.38793814981053387	0.13041876877090378	-0.6786361210509627	-0.009500825343495847	-0.06600628877710893	0.2065890407738661	-0.566723507640157	0.6017152500747103	-0.15716667836307313	0.7193572627843057	0.4219936271094296	0.36988138063686676	0.25199323957699954	0.10693267595352049	0.5919498294698564	-0.4022540362998974	-0.18005860045494781	0.04814639529586586	0.5371940849577201	1.7262286286866992	-0.8357375619763046	-1.614070794911065	-1.0379169080028445	1.710990103717431	-0.6730386023145392	-1.1078817725949197	0.8007053924276442	-0.5297328541317116	-0.5340446376886792	-0.865281328067168	-0.01589768282800655	-0.8934313221396419	-0.24560154667091366	0.633631415391512	0.025510311021537984	-0.6654396512922183	-0.09962347906139872	0.3043914110627898	-0.644096675297351	0.4468660952387568	-0.17956774197370112	-0.14383678821456808	-0.04819686890569162	-0.10275739580765926	0.12056960575495575	-0.38091165988281417	-0.6568945314939805	-0.16971575823397939	0.05724455865421214	0.010074598013591885	-0.24574688407542924	-0.2986673402767341	0.0005071367858295373	0.10571429304005873	-0.10226222934178228
DTXSID3034872	-3.0903001795040015	-2.972881853967086	0.05735897063533813	-0.3332123304215854	-2.873070130394826	-0.39702486224418176	0.6277778593000144	2.972499535518148	1.072982673272521	-0.9667319851108271	-0.9945716951921116	1.0073277769968576	0.995529924659109	0.5196770533305108	-0.9023469833643479	1.21460680426811	0.5377630840113332	0.9549141182601957	0.9446812170448121	0.07463766746682646	0.031504415487721454	0.3000733849970725	-0.225834435990787	-0.9491127394833899	0.07032761973483855	-0.4964125791018891	0.32508452537943733	-0.3571103481570091	-0.024166297610144504	-0.2855552907616837	-0.40432600394650303	0.12763912547749495	-0.672996619859888	-1.071370928376521	-0.3804343762986074	0.11716236578808538	0.7121224502432973	0.5471983507177504	-0.6250402733825897	-0.533041872350719	0.2321854194972968	0.11817770868697756	0.40199266825965285	0.20861969264593275	-0.2755680187774493	0.118766114020502	0.6380719070117427	0.5424830230917719	0.0074850623092871825	0.5558005235350479	-1.1018774093778336	-0.9591833350199618	1.6706164249750237	0.05060632282924217	1.3991452370871753	0.1695013758104108	0.08925818483456033	0.1133976950904334	0.20705815827289512	0.8495072245492659	-0.4915486672819643	0.36655599941597683	0.7126627304458488	-0.7485167124611019	-0.9365038266705201	-0.882641862226793	-0.007782205180981854	0.6988834625384428	-0.7573645724875974	0.1726521718259721	-0.010814943065876666	-0.19405429798262666	-0.8902189337304627	0.03844812869513769	-0.5439335996752092	0.18190206730503874	0.03075776428105324	-0.20590786813847062	0.8111715660554947	0.8384268720893215	-0.14098064931909537	-0.49642016093922076	0.13593424892463238	0.7881475842675638	0.08540936063593275	0.2302964886430326	0.8281851885887902	-0.20895291468366187	0.0983168895839972	0.5619725302688539	0.08911526418056388	-0.6253917742150193	-0.4291591201863211	0.07364874366033788	-0.09992747867427368	-0.17894782384175148	-0.34274310219361515	0.07936004647853502	0.23596400444676277	0.4402543793474626
DTXSID0027438	-3.67658875649405	2.455547045291207	-3.474160547474001	-0.8410585301531253	3.7057400903694937	-0.09804885060847528	-0.3107791843818436	-0.9347905682397926	0.5740575206759251	-0.09305485273380773	-0.0849126225577542	1.0567401938838203	-1.0145628311144026	-0.4488438111004874	-0.42780175270733206	-0.19618519423244832	-0.7094578162197793	-0.04643918067962981	-0.0750590591990208	0.1319965690137926	-0.5575511415268282	0.2330055808808587	-0.03207186821403567	-0.3421439632589981	0.1941417092229019	-0.0027567486785281133	0.01672230945518281	0.17626198336122886	-0.28667103804350147	0.05741922041689948	0.6073867089781706	-0.04433725049231043	0.38057937920587814	0.6568370204964963	0.42056752448023466	-0.1508936773078797	0.46692012760273754	0.9603653134927861	-0.7929782663356719	-0.12476822915051265	-0.10175063949550285	-0.1545857271819099	0.060089833121076276	-0.7333213310305265	0.3854931306905718	-0.23199367436048834	-0.6255619745819483	0.48146344356587584	0.39429299295768366	-0.9368075094929401	-0.43711085018576357	-0.9640579086875574	0.20600032692083625	-1.2795154080498388	-0.6878575932546425	0.18105797666422205	0.4800159821532572	-0.34702875096422	-0.1662619591633943	-0.3228240937179461	0.29631849126328264	-0.42947231767951155	-0.30636201313774486	-0.2760440929228264	0.4550880614169806	-0.3930324470917217	-0.18194432133034627	0.367664764794814	0.24429875026848955	0.40539122318342496	-0.04226673388326592	-0.18920488606732574	-0.5869840943110284	0.587057401167721	0.301004084266664	0.767295894455643	0.10345515442885271	-0.2112188473183289	0.034249119653683	0.5724642627745372	0.09733842863593015	-0.24286285368558025	-0.003379128260732646	-0.026731707172376228	0.47599632871311925	0.4187330720764877	-0.18430387609442514	0.12960345455422148	0.08868886286756575	-0.056378665298330445	-0.24269074722257664	0.16594385363966258	-0.14025812378219218	-0.12250693966912757	-0.17358706363218726	0.2626343759035959	-0.6155519408050444	-0.16370204020973514	-0.3222858208024661	-0.3763583271047326
DTXSID6044355	-3.9206339435037734	-0.4428637095150948	3.450757403676382	-1.806013710760067	1.5863454305603455	1.3976753641743447	0.037045591026430354	-0.19480282015112818	-0.8117564706006456	-0.48811125563892666	-1.4039388759204858	0.01031856165276559	2.154763014730388	-1.4290159575251844	0.048017332511372975	-0.19141858537672773	-0.44762739460294776	0.6997324250870822	-0.7185386366340414	0.7170743037784979	-0.4495128787145693	-0.17155937654456252	0.1709137768317952	-0.5695573977976945	-0.5362939340307985	0.416057056098967	-0.0152717137958693	0.03657100577251972	-0.3005198902116017	0.4615081271755861	-0.14141329808170086	0.03519265284204101	-0.5509866171146239	1.1167494831123268	0.5534982079032518	-0.18511681279680878	-0.04908643147474279	0.507870582845015	0.3254659683437583	0.12903166913217257	0.15388255633367479	0.22131060910121847	-0.5563113396247296	-0.37124301619742056	0.4730149719098379	-0.21599736714587497	-0.1077084263325627	0.01811453672568709	-0.04385246432581428	0.1501958684463829	-0.22639817409313007	-0.09876463295235331	-0.5717016838505499	-0.04319302567454213	0.28851015827683035	0.27157457098876914	-0.3180851706180066	0.7015640595716879	-0.8570234765749266	-0.8935424635583133	-0.41229561022954253	0.2089263155825905	0.02004044783285751	1.0037250618577667	-0.13005601189398153	-0.35760302486374157	1.1727853119793266	-0.9264578784559815	0.47517782326070035	-0.4015089688149538	0.7647927255721411	0.18235745498576514	0.2479674034836441	1.4914841396071843	-0.16527618341477154	0.7442259756935696	-0.2092969169565236	-0.6767504019505897	0.019699169033690685	0.28804554793084935	-0.5326432055051613	-0.6984915937204975	0.034371844557728105	-0.21904810518396117	0.7866972196083458	0.16726495489242837	0.11571815190704253	0.7560019049423709	0.38479877846258087	0.09067300397151293	0.41962246223383753	-0.7232699788270187	0.04739824209180772	0.8575288056157985	-0.5438380382366862	0.07984293512835841	-0.061491641605602256	0.2358750227824956	0.6147366315851023	0.7104160048714179
DTXSID3020910	-1.5029757927060694	-0.39053713935223505	-5.795537518195123	1.5195894128920324	2.0709570704142455	-0.330838791156176	-0.7055990208568008	-0.7569173023087821	2.127285625090815	-0.22696216570002922	-1.383997988749738	1.063950922361597	-2.306660001093864	-2.298156574941992	-1.0126917612651458	-0.8025293009283682	-2.2167446909941266	-0.887046229971459	-1.9043921445560676	0.39540025322203975	-0.7359617233478151	-0.5189241483062774	0.7646875319646133	-2.164337902885362	0.8641281074036752	-0.8370494232129427	0.10996811404366862	-0.37113013059373534	0.7610760945014367	-0.19755120555437822	1.6951719087525854	0.4976151734400775	0.2673286210027837	0.8631436197253998	0.8346473240146535	-0.49305369480252914	1.8036362275884115	2.245785222231629	-1.3784711808314496	-0.0805412177432604	0.6654595345442825	0.422677428080248	0.5571281166174514	-1.3008688794761851	0.5755515832512783	0.2796983361442002	-0.9137583027799073	-0.017226128637734102	1.2140225319410616	-0.4944481363664578	-1.0839120313900572	-2.397271221275432	1.9147887315112009	-1.4945197309277347	1.1278558351574088	0.05948075804137686	0.9812774450834242	1.7964558355694342	-1.0317430180602527	0.673293343250107	-0.10604475898648791	0.6482792908812706	0.012176972803482008	-0.059457918710084476	0.494164918417822	-1.4084273021276512	1.3705673935275011	1.9950291387927275	-0.11041733522306514	2.0798683716589994	-1.6409972720712127	-0.6377936485695958	-0.10783614248079483	-0.1690079333088889	-0.9070340352302697	1.8824690978889917	1.1680704372832105	0.4348706036275297	1.1638945477561575	1.201410848843797	0.06674048314226569	-0.04134347542214954	-0.6203098553985857	0.36530307513498034	0.7294172500358249	-0.3977188886743103	-0.10476571427905688	1.5846180771374692	-1.7865231671768125	1.229614569994817	-0.39907235207793035	-0.3271267423743279	0.11808127028208852	0.9865923439549619	1.3813086618595143	0.32392977426085845	-2.7216431197169304	1.0140378630932103	-0.9039653962375341	1.670865596544045
DTXSID6026799	-6.334728225509051	-1.7104486055006196	-3.7616300317537745	-2.5684002180227865	-2.423549366872549	-3.660640342165724	0.3784660193423495	2.1924166534207914	-2.420946332340334	-0.4182718675618258	-1.9102059519512191	0.8733030352919947	0.4743595675322003	0.34369267273385845	-2.4324445006366338	1.5222248360038402	0.5711118623748381	0.5623094884881195	-0.8543367134725153	1.651773171634147	0.9786615305308005	-1.42354376087704	-0.252608674032669	-1.4987435907551991	-1.8068626421334515	-0.7651143918985271	2.0798326482586926	0.44301184225697343	-0.5477263395501057	-2.464168816215143	0.9591301409438625	1.066081721868808	-0.38398057654937834	0.709011453240453	-0.23472188105878544	-0.5762233140173982	-0.25662858319413867	-0.5617795454486919	0.9580922407244636	-0.6351008308830965	0.27243514512091144	1.4524913484728326	0.31003700112554566	-0.8107376244896599	0.4078957653990934	0.35333790791627073	-0.1541367457812566	0.3600500401618807	0.6249905385996095	0.5713349253265436	-0.5913531803379196	1.1249495396412479	-0.41042139581882403	0.915138190776479	1.4786963725649618	-0.9488165455907493	1.0699958646138754	1.2545138727923604	-0.4391768693927933	0.043218255560263784	2.112789923482171	0.14227225846852173	-0.3417924710125398	-1.2047441800934322	-0.07876908112998812	-0.4619182401281881	-0.6524124795626843	0.2069044456235737	0.6761344344252835	-0.2206523555185196	-1.0983397897484555	-0.5761852034369728	-0.006877685955577133	-0.7604633763510713	-0.3273190468745736	0.9005274214794656	0.613079068456993	-0.27096082811006056	-0.08013244091581856	-0.2712752937155258	0.33511407571744256	0.5765912866945461	-0.5488067196850607	-0.2939284138514637	0.6136572379447969	0.05348239462577094	0.47396281670544965	-0.29140713015502884	-0.46113338721722325	-0.664942614182342	-0.6063964701839932	0.26690070601595867	0.11021179386448683	1.0216235375253677	-0.17667861676131633	0.29825140925761173	0.3776365793419801	0.6444398572943157	0.024968541984510803	-0.03696786182866296
DTXSID2041460	-4.077262672674951	-1.571812400689573	-1.0666606004591652	2.6260517742338547	-1.2630985871207194	-0.6974335175195232	-1.8817581911073324	-3.448329174286416	-0.7765712291959986	-4.019311179996002	-2.1555287005442954	0.8403565814305001	-0.27031674179144766	2.780742198678273	0.6901904999328689	-2.0791769443419836	-1.082524631930429	-2.2990254277566584	3.098204658173262	2.1354376534323674	0.22561604804494667	0.43001655605357236	0.48368545750107655	0.7499628785450968	-1.1334585655295224	1.6268303821251637	-0.20094476031302044	3.2658958468934536	1.0016329249770481	-0.9222609472014881	0.5108164237313016	0.46039341902536196	-2.3797281012076974	4.606690891714914	2.1840375974123467	0.6186260460800906	7.542994459564428	-0.38120276825199156	-2.9901489106856585	-0.38364928566012363	-1.5691858650312884	-2.1596349305944025	-0.10264968082844968	3.3060581143352423	-0.8066009758710935	1.2657479155065579	-2.2089517183937812	1.3695376828643764	1.6828610782017048	-2.1415627343987502	0.5689627028019689	-1.5343030955496266	-1.50935652007545	2.083563708292251	2.858908636636798	-1.4958704478750295	0.9376550683602183	-0.602066480761199	0.11868495393265828	-0.06255497912214955	0.3733444916057865	1.6499736972829808	1.9730460006472157	-0.5629523709710446	1.0655949623542642	0.9846006817926152	0.1488049606571346	-0.6166173376979578	-0.8699500734011187	0.7372606617799327	-0.9231499167037075	-0.23098168076678127	0.36554833105595474	-0.23043914492752415	-0.3113159576768396	0.8789860217150584	-0.754820411786486	-0.407062639523938	0.1737352583525585	0.23879281518415985	-0.09819042326539043	-0.6228381675193172	0.006415454201114781	-0.04424826188058693	0.5845901986742953	0.6973501462213042	0.648917069243935	-0.6264705853097305	0.02327921217663854	-0.28529813296235573	-0.0891627003938661	-0.27389490680245165	0.3541609050194547	0.28585126969094515	-0.715602293483936	0.8358596347451174	0.8934147441117111	0.4766924964832423	-0.051673617499366095	-0.04350092179629527
DTXSID1046558	-7.1143594721216825	0.7548798717509269	0.6912863005064516	1.2096653908618729	-1.2726782593102257	-1.5299080981511297	0.3690066008193962	-1.0572953443634907	-0.837481861460263	0.79430040531571	0.7200149685073542	-0.21189010861692492	-0.09531975451050474	0.48419625594068927	0.338165201141569	-0.5198010108380925	-0.19969943037193064	0.33344797049156266	0.836477563236718	-0.40832072808542225	-0.2690829479739229	0.7926580408047521	-0.36765876887018506	0.8938147881631514	-0.639628931997011	0.3082274442052583	0.4036954185543769	-0.4789854725454178	0.21492498559013493	-0.34115331839184604	0.38324718592750767	0.1865418914933769	0.34714030922264	-0.24729167721003165	-0.3462972689316633	0.0203266395150862	-0.4521475528899379	0.32672455398882727	-0.19644182323268702	0.034952779381895824	-0.022712247338387184	-0.2804199478006863	-0.07464899351248792	0.32263105989518465	0.48935631234196403	0.16239252527163478	-0.06380982690598538	-0.17926793724712434	0.47108254070525096	-0.24051118566493507	-0.15814407073128478	-0.05344787942304221	0.15647626842123014	0.35627814487565956	-0.3100080189606461	-0.03639204297946699	0.20971908536728673	-0.010467982752979462	0.030109554308032704	0.14500777221198372	0.5528390451636098	-0.0528011909732675	0.09803931491364275	-0.22856609496231448	-0.11725751603030492	-0.30168317453660914	-0.12613155948439692	0.08596851447920383	-0.002658124989290341	-0.1003003055909283	0.1320139580331729	-0.02740670965925343	-0.11675229366791377	-0.3514913726547805	0.325125305206482	0.09743174405140237	0.4059416227036091	0.13611686664998565	-0.3104579282075351	-0.041079745451380656	0.2741936212396153	-0.09559667223813646	-0.23487902952610357	0.3727844483175746	-0.13301533480348174	-0.242858386707085	0.0962776242973353	0.022812343618974714	0.03155454751354849	0.20849796960051953	0.04129586142723627	-0.24753031955688012	0.1369235480004342	0.052197327791240304	0.13778712040770114	0.14652429747329307	-0.022516141418976832	-0.06537262725656115	-0.170823168256026	-0.06890950363308572
DTXSID6025567	-5.440417184162743	-0.5988421541332676	-0.9869826227506664	2.3007992565976245	-0.9334859755086831	2.345280249231133	-0.14155748676528576	0.5494495055574254	1.475713447241586	0.34128694560304834	2.0737214308150276	1.6660960796555124	1.557737234259232	1.8415330797506977	-0.4415780889264551	-0.040222468800572994	0.3704613846570841	0.24451223736795344	1.1823109555909461	0.4193664719765607	0.09406456459383816	1.175070476986341	1.3070900504356033	-0.1418835464384293	0.5636078519357108	0.2389108734115726	-0.8257350431688993	0.1901051430443308	-0.4858904807018234	-0.15469078944875767	-0.6367165625081085	0.1718984111051523	-0.22740334747511048	-0.14335750811165462	-0.3060773427443923	-0.4768111766322505	0.4371132704736128	-0.03766785146887619	0.07147670860410389	-0.3952092164376195	-0.017870407136209108	-0.36828503194744994	0.1024506967343478	0.47947290881830534	0.20416170508045434	-0.40721910842906406	-0.09397177554014503	0.4477889007431125	0.13184669251574693	0.5935061855936145	-0.7554939684890115	0.25085197923203406	0.5578506377287508	-0.3540796650838408	0.32350299894166684	0.21490703226079932	-0.33640943107293264	0.405786833850612	0.7634173774184182	0.6522011805889639	-0.5880864891665081	-0.11058464468388797	0.8456136482224677	0.5341760413105149	-1.1620347877029522	-1.1060806158815344	-1.3313330144738893	0.47575376151466126	-0.39678475113207184	0.6811575464932874	-0.17722533549354907	-0.028649004862090308	0.11152913759378083	1.0300029331309624	-0.6485032074196188	-0.8822748459537704	-0.6368823304472453	0.3434305969637554	0.25649007992528083	0.3654688655830402	-0.07885297618004383	0.22236028979747915	0.06271874133836852	-0.2261954730808377	0.05846818249149919	-0.14552908525525046	0.12891619252493847	-0.07909738125814716	0.7384260883932504	-0.07839006884236863	0.6024705021569416	0.18769147074711157	-0.08669979677367683	-0.020115300250617987	-0.07144495514385012	-0.37925447524757755	-0.10965750772179914	-0.3083369783985011	-0.01850647286737979	0.2126887434407931
DTXSID5021835	-5.679093345069041	0.8418618640959014	-0.7238859401584403	0.5121272197946565	-0.4255108913936633	2.1897593140788985	1.3119016167287012	-0.3662917776096994	1.0430385002499378	-0.4277059136765745	-0.01642456233555322	0.6019917337448588	2.4269150157913417	0.6458027397963064	0.33270410110661996	-0.5429548085468731	0.18423128943572956	-0.00908588995158028	0.4863210520374112	-0.4138065907850568	-0.1794849138081439	0.04679486418633091	-2.1332054732587435	0.10103151362141792	1.8277225614051091	-0.12086425438448307	0.31782563866406965	1.7790772399515884	-1.0469841025187219	2.0718049040362803	1.270106614550482	2.941232208032001	0.8005810306390295	-1.409265943036209	0.5158463859006814	-2.6631646636306607	0.036421720276113255	-2.8697771630075053	-4.291097618694949	-1.5085338593960937	-1.7396405750285404	3.974847511621152	1.6424081434206026	-3.5935408963773434	-1.377972070864557	3.8800704427556125	-4.190843179273682	-1.7998471135147163	1.2199349688078127	2.8186291754114166	-0.4119176770015448	1.7570337733151602	0.2923678186277187	3.0562374191682853	-0.5817135776386908	1.3332627285025356	0.7377751628635125	-1.2254202189785692	0.06550803476015847	-1.9320169201580053	-2.2296457710013105	-0.4222476790234981	0.7821078912238004	0.8593749042641109	1.1396802053528852	1.223250891522009	0.959483747353818	-0.5271234396049388	-0.21411210212337856	-0.7512782540355272	-0.8696207333477064	0.031439843000847796	1.0176808921271043	0.09438814535500464	0.08062734889198751	-0.7993510711017193	1.0847371648810036	0.22101086605171252	-0.5776684801899047	0.2851989912864379	-0.5147531813424034	-0.15773220408344688	0.7963175273453428	-0.3915665152120268	-0.5519804461462144	-0.29396014195749426	0.20107377370828308	0.05302276363407606	0.3698493189826504	0.40109569032088677	-0.19475101529734148	-0.11578326934691253	0.3683763865252125	-0.002703463397688116	0.02362606496748491	-0.1137225253724099	-0.12902769537673928	-0.14484226351523374	-0.16480744621752644	0.37218425515896403
DTXSID70381090	0.1070438225587632	-4.371823307837864	-6.30904647753248	3.3408885097056826	-1.5419729904036346	-1.7734470221332064	-6.154978925944506	-3.1322207518980836	-0.5517831706163511	-3.5619124988010356	-3.6082800724887463	9.86480784232353	-2.303601343376191	-3.370295859702174	1.0696003749934684	-1.6827981999561248	0.26969807597952306	-5.683154018828809	-0.07734617708568044	1.7010907214028088	-2.368670863554225	0.19861049661692937	-0.9459368288307937	1.037311589245904	-2.263493356993461	3.865795279843243	-0.7215654037958582	-0.4117802926134291	-2.7691595066776276	-1.3759448570038855	0.4700369737508292	-0.6562002903307971	-0.5562112029510811	2.3542002791141203	0.7816397180027808	1.0269222309242303	1.9081547998050543	0.6463057784100141	0.28418631399201727	0.7148043020030974	-0.14240634058451665	1.7811748127948939	-0.6663381534915459	-1.3703235023410782	1.198893769559266	1.5969825766286612	-2.751877504953957	1.2403803013070516	0.6643492032707764	-0.0904776200821518	-3.2196706567329128	-1.1513640433076797	0.6334456303912201	-1.5604262538971347	0.21864049609792835	-0.7958451607873068	-1.2351551053651828	2.0196803619437196	-0.5596273980870811	0.3734062444845719	-0.22842494164764093	0.5019721209509722	1.5925529301986479	-0.9047876117258317	1.8398626735969708	3.1005001663826874	0.5710761100637428	0.8119305078261633	1.1011218470980895	-5.0206357206605386e-05	-1.8634493070972191	-2.6955222528364855	2.502846648290578	-0.7004966497862093	-2.791670771715758	1.148818504592574	-0.8757702425764234	-1.8537872187123572	-0.42874011553490976	-0.859467903319517	-0.580042005396334	0.08696100806873441	-0.7506720292342364	-0.7357917336915589	-0.5109974156639684	-0.871828221917286	-2.427365416830545	0.6957936588590862	-0.3461560850740468	-0.1756584099796189	0.8235829544514914	0.5034041338250534	-0.31070085169360684	-0.2822000201907552	0.7221621688750902	0.6778929282753847	-0.989953542716152	-0.1019148049119528	-0.19371512425387968	0.594296045109804
DTXSID8057728	249371.60158000476	-84541.34302288861	-22014.319829233333	372272.8569406604	97348.49050556851	-88673.94685248152	678579.3706913493	124407.49982812582	-164246.15834808955	792886.4392115114	-258575.82268305495	683755.1839398787	163522.73886137267	-58680.88866794812	211706.4390082815	-350556.3617021731	-223073.49928132427	367235.4512233657	454954.9514310134	123370.04172175987	347215.48380542896	-170204.01255281185	-229157.79649648035	57098.35632662457	-133137.5348743915	-228056.21247868636	-112696.89789170731	117692.70642390037	27638.870211489353	100162.48448103602	32682.115825018107	157357.4547639734	-22708.65060828041	94451.70395537114	13925.159417873876	194123.8672566321	-52585.10010162174	135699.62179978605	-111438.53520172641	38245.09374029523	-10128.64571309731	23725.11832754475	-48427.56218592121	-40295.64202014939	-16063.89902926767	-13186.457183236478	25577.01571431262	-93178.62983056596	-12752.047879849684	62153.79204598245	-8663.017935320413	-154670.73357452961	-136100.27717825785	-20764.821131187557	-33164.05920508885	-53235.53606105319	194001.7437507108	31088.731880481733	-286763.0946968455	-103998.71179210428	207864.12996478012	-199377.34878109134	110332.64259042002	24200.006466768245	-169186.64834556493	-542481.5665309018	-47915.10304112277	-215776.95143655495	-173401.95331663522	64464.040925923575	-191043.49568881158	-324919.8171443849	-61912.932790833605	-80955.35971356151	81507.02659704111	115425.54154375415	-335367.2406177491	28377.734644352713	20807.228752341704	-328184.93593632424	345114.57719904097	-306197.54247782653	434973.9553249144	-536779.9352685782	-418694.74545785907	430592.6327057884	-133167.5287434259	-191085.37629168297	-51327.3271017567	-128081.9222818678	45227.948636016175	-351641.8003214802	123206.61802551824	-104223.86144764467	14474.607037940817	765043.8404590754	-74790.80828774426	-25141.637986689104	85163.80607297724	337642.3324018799
DTXSID6027925	-2.9889859834843375	2.441883693530619	1.7415761452671739	-1.9357896394362812	2.1586232465386956	1.0064597316907309	0.04430246360529409	-0.41412615509160966	-0.18209239812995706	-0.5297747810804768	-1.0121489340939633	0.8084571911378031	0.447485545431772	-0.1301362439411065	0.10843264233350443	-0.6975702193325638	-1.144912465715997	1.0905335998075902	-0.4439680781771764	0.43794048958799964	-0.6497724882995871	-0.4336597453240443	-0.09038707914033614	0.08147455326841721	-1.6897582646702558	0.5459621106577457	1.1246239063526544	-0.6825677112746887	0.3266655255533934	0.3162657454200428	0.0553058721351059	-0.4020854522379464	-0.3494840864998925	-0.21108397427309789	0.8268509128664843	-0.10144334184992966	-0.22440032284615666	-0.44478812071446616	0.23236369201603635	-0.3336017981934303	0.06013387593150957	-0.691550054556458	0.06124332969060391	0.6655517304996793	0.39545530536354256	-0.4940613757327391	0.6810690618196124	0.44696617834441055	0.1831244253208584	0.020822468169064492	-0.465031216052775	-0.03498833549334667	0.1660739407747176	-0.7611273158755915	0.27252661914078224	-0.38733719386296983	-0.39871429405899245	-0.7773257533562062	-0.7134155504717552	-0.8775433027165848	-0.8719515195766881	0.7647067114089439	-0.23378541910720554	0.4320140732239815	-0.6802517657674334	0.22650476157721808	0.1394145962540331	-0.16160135743193504	-0.07511233794187773	-0.4671953184724966	-0.013287728228209053	-0.54239771380825	0.2460172628668192	1.5683511010577804	-0.2899001874892992	-0.08637871758695388	-0.7052969091022655	0.027512747823914926	-0.24725766302678803	-0.025966247578863875	-0.7185932394104427	-0.5950455650922193	0.3601176617292113	0.1489719732642764	-0.31167334296959315	0.47681253758595193	-0.3114599454899	0.9321459150835081	0.5215800527607112	0.4245127512605929	-0.22501247408521763	-0.25747705193465925	0.046642993799458285	0.21402838886027845	-0.6039564318927441	0.07248534563604808	-0.4675189064423985	-0.10057782535817573	0.15314080245364872	0.07067430299660146
DTXSID80881157	9.01344506662577	-12.419610956072368	-11.704771839538607	5.230314334712623	-2.979939712824578	-2.7662287323037735	-12.087188128384648	-12.910465104697575	-2.1573986897461204	-6.7110352610523965	-13.733456064094204	22.37861892785702	-4.352777490179065	-4.5062823251984625	1.4194104652565216	-4.850682467091711	-1.895918504107712	-8.630004377699613	-1.4509429389924695	4.382183242117905	-6.419932431040266	0.9815497230724872	-4.3254723765512155	4.499560026767467	-3.6093097767610742	9.488018335792791	1.5395214012016014	3.1375913243660185	-7.41965108775362	-2.774894806395613	0.5389193745340631	-2.8138443026800064	-4.8697778051045715	0.6566332945976768	-2.780289749552952	1.1962921715091615	2.683184231225258	1.77063295367257	-2.9820731345351925	2.171952332997902	-4.142606452484345	1.2235761838491126	0.049387019412043	-0.629222748151215	0.2326956150564006	1.0672220142688769	-2.1567130735349744	1.9784974852222161	2.6654399406913374	-1.755462079936335	-4.958721195207857	-1.5434015900816587	3.7940486385847634	1.139645379146273	1.4377009239274166	-2.807103593150262	-1.715080795908512	5.193258935339708	-0.276813589760452	0.6780441499737917	-0.4759560034914537	-1.1186917604077138	-2.5256835290199153	1.996669281671979	-1.4810616490408788	1.5244100185974683	-0.787296034750577	1.334920865196995	-1.7926953551818425	3.606870157228286	-0.9181832454900171	-0.21581162759980882	-6.202043614855859	-2.112744225060904	-0.9330882671585571	-3.1242044629186783	3.2435053569071606	0.7793931903140752	1.6369009155019325	0.5338662637254232	3.3373023907044357	0.6511457673732031	2.178708286892239	-1.8486346703215757	3.1568082518027003	-2.9641892865783808	-4.084832897509852	5.82741996034802	0.1702663086796426	0.3175511752724971	-3.6350852281509045	7.632892667645062	5.301810832457147	3.143034522322477	-9.329937434277484	0.6639303851774578	-4.432522569065824	-4.154424459942583	4.89288954958077	-4.105725375337391
DTXSID1045326	13.723241131769656	-1.1198000352890591	-1.1911177686598107	-6.914857464046286	13.122151938335652	2.0503111045507545	3.429341387658163	1.9141559627704428	3.031105512137222	-2.637330158770686	-3.2257640910609924	3.1947753246347177	-0.9390858531967992	-1.8468057137167968	1.1831003439482957	3.1546149859767554	6.777239490768731	-2.6259737178973483	0.12238588835297527	-2.6524941143240945	2.7799553114571642	0.05430961490697885	1.3430680358571252	1.363022878301652	2.2178794997444267	-1.0100530890090078	2.6353681233899753	-1.955317074244248	2.4435539009230203	1.2723156276898904	-2.868321821246628	1.30197422874106	0.2823129097447239	-1.7019655163356409	-1.1392623021171895	-0.9291975793973469	0.10846841578960133	-1.55728411485899	1.381137495591301	0.011761936402744831	0.04745967901895236	0.48875628754002215	0.19763900478539567	2.7077330780006243	0.8222838595810009	0.35691639437797235	1.5072496134135445	0.08232547917536513	-0.4216239692648598	-1.5008668464131933	1.4482068514316968	-0.8543963274293761	-0.26731845637388807	5.0798043562836455	-0.05520035893919117	2.314507692460052	0.4253171542660254	-1.5213021574518082	-0.3309838436881793	1.6287349910412168	2.071733050242698	-1.505843611310067	1.5352749718546448	1.1378406539423274	-0.91883697214955	-1.4658393876852367	-0.49471008967572677	0.668943181083348	-0.18663965058900633	-0.339801086233045	-0.2972509896605073	1.7831920360448572	-0.015762326950738873	-0.8823548081478801	-0.7990127380948129	-1.3985032215264677	1.275544692891757	-0.8238703025351689	0.6094184828938757	1.292834344745143	-0.10750684938348044	1.4116431522052066	-1.5246309685205037	-0.03395981453358062	0.5804364845909793	0.4358740718802735	1.0061598189924423	-1.4068055470193523	2.5667131303501765	-0.10908964823444244	0.5246279388863886	0.04937016166160278	-0.49160133906262415	-0.7182732524119126	1.2910903495161103	0.7352384732899266	0.17375817904286422	0.8547218991876359	-0.947314963998245	-0.24033122956471203
DTXSID6021458	-0.048634753538231726	-1.6968118057726904	-3.112057463906253	6.350586498417202	-0.26480978807820627	-0.4550895585796847	0.2888867260521751	2.3287801890082913	6.5591825345814545	1.6761765683249201	-3.654166401345403	-2.2078914009103894	-0.5599652277731768	-0.8981700792405354	1.2405605278917229	1.590925131678201	3.2245786205408944	0.2627524185908785	-1.6809266705405974	-0.5206294515765448	-0.7287465198053231	1.7134532416943837	1.3120333601051273	1.156376422053469	-1.198340464903605	1.8671013924816278	-1.3813171161067974	-0.3594940767634196	-0.5673250248439944	0.701088045078013	1.0222195456078578	-0.6525028317608443	-0.05430105029137911	0.061913433814827404	0.2521730504514268	-0.05685483329622581	0.23703453919388415	-0.038729001713263975	0.6297990088992818	-2.0268696251300997	1.1424111157594858	-0.820022751515568	-0.16011975522031976	-0.5661928233929706	0.7443119922244479	0.5663567254483687	-0.7123513655938819	0.4960108973527361	1.180303176211218	0.15489721914707003	-1.1175734058108984	-0.9431322350621253	-1.6435927219328168	-0.6201468153591653	-1.0658302350109417	-0.3216425715589961	-0.7201862816276705	-0.1871739930614483	1.1820918623974135	1.1457182264168677	-0.3690734012844189	-0.38021362128165426	1.1403714571772536	-1.4483347411722778	1.7382676147160643	0.845791424684619	1.1587827628759348	-0.6642103109229245	1.158868533690467	0.3782129836050435	0.3113170248424063	-0.5977582749140045	0.0477830076391346	-0.6234742230824002	-0.042598615672451844	0.7102043487380721	0.6806032795867888	-1.6934908972855531	-0.7067030692430146	-0.6587156224705676	-0.5818085008707591	-0.7267797246111886	0.5278195534505425	0.3907578037758141	-1.244411299891451	-1.0284491267103322	-1.3189064352827196	0.32384140671065537	0.08130393798390208	0.6662712843631892	0.7897095794638909	0.6576544466235005	0.8670964543577552	0.01719006856042748	-0.08542705279081178	0.5151688068619368	-0.8391529884847441	-0.16886614797625427	0.18307481963037273	0.8493150427927547
DTXSID6044939	-3.406268593562264	-0.22234957659086757	-0.7140441751645961	-2.519142029151709	-0.260056152443949	-0.5533706214505304	-1.4166099564869454	-0.06921501211453536	-1.1959636983059103	2.4029170706015224	0.6628377059654534	-0.16521159133550017	0.10261688614586383	0.8852679409484028	0.728325351398323	-1.923856289146522	0.5992252772040264	-0.9596776446922959	0.15542090442800438	-0.44750926210773206	0.13233707568615313	-0.487463423013761	0.39888311596289744	0.6025271448436569	-0.6412864058684472	0.7612809993806906	0.20235325401527385	-0.8048967763466112	-0.1448746363358598	-0.1745578358195346	0.8599848854023135	0.6704487574030515	0.08026846519608795	-1.0786340763055864	0.8716779112432439	-0.6340572429649786	-0.1942594065891684	-0.4603862675325291	-0.22800013116981052	0.1265895709152198	0.2954687085678296	-0.2844758571277049	0.4747064297445342	0.6797576901246251	0.497480856178169	-0.5434014139678784	-0.28426837626936785	-1.3431908333689948	-0.03783518336137113	-0.3128694037511727	0.08487640792264244	-0.9206103479551918	-0.1532433997677614	-0.06720174660146841	0.9766394315709452	-0.568571610276009	1.1797330432169213	-0.1941998214427587	0.27336598381353555	0.3724391105341667	-0.47298876843346893	-0.20422320403645844	0.006162117439187914	1.2100127966484768	1.6976701315595073	-1.2284491359530942	-1.6435414254860814	-0.6735336015621822	2.1854390906444943	-1.0996121245219739	-0.8318848042317966	0.4202702826972462	-0.2630652994986583	-0.4801082392377126	-0.5147611217995728	-0.02339172006650527	-0.5477386024724293	-0.6158481926875325	0.28751341648798884	0.015620479810673897	-0.15251382005385844	-0.03372854536772542	0.21672680775146566	-0.6247455850127682	0.7486843331830223	-0.16049671307032742	0.3881032070461258	-0.19321435480572563	-0.15096149651318377	-0.02077069160579481	-0.40428892648607645	-0.19856748998824128	0.0010153576716546346	0.04320562903461076	-0.6248069708083155	-0.14586938394948257	-0.10562542944135364	0.072193047301354	-0.364135334220002	-0.08699007218135141
DTXSID9024485	-4.426385008834603	-1.2757160902802236	-0.10286535461229591	0.4936213606117762	-2.2557316647560244	0.21425776394853757	1.0029886607456482	3.42174217593203	1.2708237312966448	-0.25597728551204724	1.0902366101230594	1.1492445051263533	0.7792483392680631	1.1356124176332103	-0.7987629816391424	-0.6586801778809261	1.3642401695452016	-1.0420707487622405	1.7251912136566119	0.18101618968072267	-0.2344985267279812	0.8390649828143711	0.6930924154655117	-0.8410904674218114	1.3424319382196908	0.11539157178541751	0.11504511019705901	-0.4611450302780595	-0.5957093815867469	0.10797575129865507	-0.5492222226552294	0.10219458711800006	0.4673675372251792	-1.2980242869435406	-0.39345748003958897	0.24971717184025802	0.030136895695710555	-0.2787127406498027	-0.3979256705611859	-0.32893231083376795	-0.15764013716654937	-1.0941941221004106	0.4250801398353195	0.6782672064515008	-0.24136089403702196	-0.6524800446350127	-0.4571253370853067	-0.4622871602364941	-0.17249143812197806	-0.4402689179584321	-0.014836125624401671	-1.0471102314703118	0.5743748752354907	-0.18807556762513777	0.25923628617431455	-0.4786780190826924	0.8194487798918898	-0.8853868331946785	0.9045207606069764	0.4076919574565085	-0.47481646813114864	-0.0759684900549703	0.314074749634241	0.9440978453219095	-0.42230340717422793	-0.41622240513469505	-0.6489446379025267	0.1799842936709211	-0.036799604749228304	-0.49797028764481266	0.44879520080707386	0.002397401928487346	-0.14649346076393227	-0.2127010539729488	-0.10316430881801243	-0.06356601400545375	-0.39813802685201977	-0.70046344505714	0.6338344123575221	-0.11763953206869095	-0.20356699110217422	0.22409198471288988	0.22417026966524875	0.611594995714041	-0.1640402595215042	0.12936165385811335	0.5619505899689886	-0.31267732530862813	0.3804158626339913	-0.34250447728437655	-0.10521287161927083	-0.2522688521186423	-0.17678587719155928	-0.5559226864117944	-0.3171706835539516	0.14894803263645925	-0.33960092448055057	-0.04996739105924231	-0.0367138586922767	-0.45391092900855906
DTXSID3037757	-4.294707159913504	4.334839534748224	-1.9797440520360015	-1.2827521451149935	4.911901591205702	1.3204768087448768	0.6983293570521969	-2.4895472718488234	0.25739963090124834	-1.2568029214200314	-1.6702488716530943	1.6255491810863876	-0.2695639668880976	-0.15432707751870042	0.4283061033268616	1.3362291348959523	0.5338792226899592	1.7684270813281326	0.7543683430846426	0.48522945191183237	0.4661583096262227	0.5101329422430674	-2.5125941450984643	-0.6768222478313336	2.7297075251630063	-0.4020660914130572	-1.0939071448250868	1.694499690525684	-0.9586557479046037	2.69536043983475	2.361849175188715	2.2272374802419312	1.9339046157630053	-2.542138285231951	0.41855804671862573	-2.5102322913243356	0.3276325619188905	-3.6105176205604814	-4.372367719618666	-1.79434500231674	-2.092969132254052	3.7228265372503553	1.7587168045020012	-2.9413078919962	-2.368472260996728	3.04656368967264	-3.211760901948432	-1.5726613428281189	1.3112908325318158	1.6857399571508138	-0.7363011237847307	2.2275268651185285	-0.4950250925237629	2.4931852483225376	-1.1542327735264901	1.5978438721259816	0.6897420805081625	-1.167388207905507	-0.15436487806453844	-1.3065366734479198	-1.4221897167923985	0.3568810588610868	0.36873430114124894	0.41639577827607493	0.03609055799094748	0.15669933106792064	-0.15466747262525196	-0.04473879626278413	-0.4099594418403965	-0.7940329943412747	-0.07351546568169316	-0.06270564633078375	0.152760078758101	0.11837813674392947	-0.258218723498283	0.3702823685436422	0.7456360917879689	0.025938176256264826	-0.08475716155202616	0.15704053357039374	-0.5123962972663476	0.5210475555069934	-0.3203225654519568	-0.13826454032011404	0.0853890360797257	-0.002583582519278657	0.5071505886763767	-0.22422629841580002	-0.09679835921579605	0.273359846313408	-0.16123112762025438	-0.33534592822318826	0.23358850725856323	0.057419004425906923	-0.1710488398775135	0.20851780304430548	-0.04164623535100195	0.12140958173769963	-0.31775557780135333	0.4574728909868134
DTXSID7048667	13.602732061088737	1.811889238567964	-1.5976482539768633	-1.8164030095320003	-0.3640767665748232	-0.09219077773527425	-5.5276880821856045	0.6037444591158828	0.8977076462447172	1.6663532187780765	1.1689447438420315	-2.0651105480678917	-2.211803254877013	-2.1896711366013717	-1.679602474783533	0.7496145261568198	-2.327301271540214	-1.44997592865075	4.273941422827386	-1.8452216920110358	1.7659640158981207	-2.449785495356743	-0.4858699891595379	1.020607998358273	0.3943919124765567	-0.06585528257005971	-0.6700883112840457	-1.7486556520644465	-0.5706492377052619	-1.4633539434090963	0.6637748244219869	-1.2375118218294714	2.729640466489736	2.5166341167964563	-1.7938297208855005	-2.073801862534423	0.7698598690015492	0.4526529474734648	-0.18785768715666068	0.37730543468818145	-1.926396228921907	-1.5221483921038899	0.18377804031222678	-1.1067041232607573	-1.1062629999025984	-0.20531421287715487	-1.0017920730448866	-1.44708214068466	-1.1692087286435962	0.4134835802391701	0.5761185705714492	-1.033234760585072	-1.6279936771603314	-0.01753967989410628	-0.9019805812342376	2.3957487065325815	0.10060053178518841	-1.2344945824761304	1.7931376606200236	-0.0218826145372466	0.7912149245816082	0.3948525083682269	-0.7905801335355572	0.5807194922173669	-0.6353432881547033	0.2628075327801542	-0.7016382205208062	-0.39723518751277936	-1.1785506282226483	1.7928008146353016	-1.345089541878137	-0.11096912525206226	1.0602725545516678	-0.9852873416705396	0.3457862167392872	-1.589760631531129	-1.5360550720441382	1.6145818697706051	-0.4162549842956113	-1.205351196196896	-1.535301749798062	-0.4901850740345575	-1.256331038999005	0.6103461187951253	-1.4024037977715997	-0.4551776917021406	-0.4634100866115713	0.09115443689191267	-0.2478527572301416	-0.00709958293244164	0.19472348791656258	0.17413854804763967	-0.608324952495212	0.6981143072365267	-0.20645902136377503	-1.2156947154826627	-0.02794504962200615	0.45070913629262266	0.4044498952687408	-0.09793942080211215
DTXSID7041253	-3.793439674386548	2.155375591604099	-4.234431978453649	2.5985845668882486	-0.7943667823212185	1.4575729254428411	2.7206664340446793	-4.161271599028929	-0.4537466176349046	-0.011178854672023389	2.5095133084691006	1.4343170003512873	0.9997963870806057	1.436706532177664	-2.540861756431595	1.611180620852557	-1.5921118283947435	0.08009864581864551	0.2667252710380293	5.782010403694452	-3.7205513316510355	2.463617812073775	1.752418622478398	-3.336397266893432	2.3660138574198037	-0.9305813802536889	-2.6624654989947123	-1.517031509008674	-0.19455589785349275	-1.8362490145520536	-1.417831479513824	-5.4632795599337305	-3.9827965693762644	-1.7603068013998984	2.6925793791506485	-4.281403884898537	0.2945528659008236	-0.2641667853038335	8.92120012098088	2.624080382886686	-8.211103637195315	3.203655397579878	-2.564726526183037	0.56082160752721	3.0149775507503156	9.135382202333123	1.1075273098106553	-1.4713562653077366	-2.1814171253553494	1.6548716202371496	1.7831044797641493	-0.7273817712223422	-1.9327837096573428	-1.6051592072634904	-0.5324272846452818	-3.4741488780978798	3.811156791931677	-1.5281190251351955	-0.4241327704335042	-1.174363295031438	-1.4944451916110795	-1.3538616744133143	1.162062957155854	0.7409007985712404	1.2793988990480074	-0.7747296303936728	-0.08729204346572718	1.1275932526326	-0.4207159307572971	2.8512829903386816	-1.8794473985349092	-0.4552006707644261	-1.1278518113930711	-1.3121037557851463	-0.1501210848666805	1.315319541669999	-1.4676587121240514	-0.32758837128421725	0.03391947975291411	0.15740021704136087	-1.2683537679312515	0.13602558597174638	0.7425762844316971	0.7578649901442277	-0.2584936488278812	0.3454240819824102	-0.2781162067960291	0.17418233624851379	-0.9809037182423169	-0.046981190420077625	-0.36466952297145794	0.13790994054828232	-0.47810950187165835	0.5838613505781071	0.004318029573359748	0.5131446313761169	0.5074421905524272	0.9301399599177856	0.6063726764321071	-0.2968267887510005
DTXSID5046306	1.1168915029289468	-2.677954603016737	-1.7293533894359145	0.5377906023174885	-1.6862779042773537	-1.073919491416449	0.7746735964137174	3.3340882843769575	0.8701650584106255	-1.4032954155379966	1.8478835110803726	1.5744452942678064	0.5264235586874841	1.8926677167191233	3.6347484272229815	-0.9932755288705392	2.48146236874901	3.433926538977954	2.722056778465877	-0.15674554733852372	-6.37843877001181	-6.199407605580635	7.052494738484119	4.005318237482622	7.6652280551395355	-1.1369878489168292	-0.982185623232033	-0.08525314422816528	-1.09171514403667	-0.49824453338055136	0.8622766449887808	0.8183848473564762	0.2448292042536154	-0.8795589652152858	-0.011794393620140684	-1.3289771642595822	0.05920305163143571	-0.15577154020998532	0.5090594141827312	0.48411354259842554	0.3653797393224938	-0.385645407577059	-0.5556044889305476	1.467007896025932	-0.5165350654712104	-1.8101938973287202	-0.87803125205766	-0.041318008470238865	-0.46057742608334207	1.1807549829304043	0.1342529657652971	0.6242287946496525	-1.6030347389533737	-0.5275667318043311	0.09802769032057324	-0.9907756508850217	-0.10657647941479097	0.1318568575043888	0.8238230321819778	-0.7695376527863097	-0.32423003979974213	-0.9504684760375733	0.7324848319420401	1.184342957388961	-0.409074765476561	0.12349849434387682	0.4771855630849213	0.037011695753051	-0.043877289173358924	-0.5523226453339842	-0.13795870678414182	-0.5022014668425717	0.32945300880031386	1.0281723965983318	-0.3137764525286756	0.17724696134113763	0.3174001819956146	-0.3638232908090004	0.227122723175251	0.02228071738837516	0.6606428216215305	0.34154995674557587	-0.6485179383115087	-0.802599337440581	0.6726677865252095	0.22568155262611256	0.5549190659598127	0.5952627517950252	0.25343412907874896	-0.6701521974290944	0.13562968580369808	0.20207562258368555	0.5914248184260201	-0.1387035465494528	-1.2591791697667163	-0.6898829054097574	-0.6645778395499242	0.11368380073391911	-0.8984187044283595	0.1409837290331999
DTXSID9023411	7.899466470268753	-4.842096662173667	2.7577148909229936	0.5623884463974085	-0.2873099540467503	4.111947950964355	0.6614555804363688	-2.538419956232522	1.1243914806714215	-0.11103118213273498	3.2616410527247988	-0.65520444404325	1.6534900545497673	-0.1890523544046492	-0.4436897704387477	0.6151362713129978	-0.2524630639836138	1.6681702673918124	-0.6815283741765493	0.3350097106891458	0.08561484028269228	-0.32518189992334295	0.17816878014844617	-1.311650909533646	1.385561389050056	-0.6062863694494075	-0.7107745092114367	1.4296671751497696	-0.7000731617263338	-0.5695610959724208	-1.6417514583759694	-1.0425942319030543	-0.7910155170995559	0.9712365159936917	0.32784172224776903	-0.6451532567227226	1.5183199927126643	0.0565701460556118	0.49679987349004334	-0.16511834713674492	0.6147628233664223	1.9226046744660323	-0.4629913046924872	-0.7524773231529036	-0.17577357141750197	0.20009448724893256	0.3852441178271091	-0.43026461387128256	0.45716481244120777	1.1981057566176312	-1.0243888568116937	1.8503351224160873	-0.6588045170916275	-0.19344458355211133	0.27789299383434724	1.0712157607164763	-1.8803400946555895	0.8402238759996664	-0.5877753374431084	0.23388400009830082	0.29615483894121564	-0.1969506264300085	-1.3127345805515755	-0.9281556253261759	-0.7186431835218569	-1.013565070024269	0.03269383177610044	-0.5235829729408096	2.03605610948095	0.1455127940541911	1.180875874970941	0.5697045569421473	0.23637895149687274	0.5574789535544749	-1.003889925056281	-0.9015526864176049	-0.14166634317932103	0.2912380038203167	-0.17975004464148062	-0.3655037961866237	0.6253462296431969	-0.3142938965592918	0.0686120128846147	-0.7290980771100467	0.7203457633805004	1.4031578959439819	-0.2372174431489184	-0.9310841504386597	0.5161304131755966	0.29801863149061875	1.3273802251405198	0.26247082487065093	-0.8657627714254357	0.13522753166841298	-0.7710871659240042	-1.1835143640324937	0.7172839602502038	0.5084692877912356	-1.0157942501441661	-0.6055256767624436
DTXSID5027728	14.282471335871778	3.3316798075049423	-4.941654723166125	-7.661719843230828	17.137790453423467	2.5452457105569954	0.4683245652357755	-4.280260793796628	2.079062386735692	-1.495014239431094	-1.9828204917280312	2.8459509282453044	-5.615119781769083	-0.4190971708214517	0.6594429414026723	4.245189297044851	3.305713476955605	3.847904448764868	-1.810924471129785	-1.08743945429225	2.204805317130969	0.5843700081878859	-1.9119470925041453	-1.3264392176034057	4.553461626991973	-0.03888538221210559	-3.5081296707764866	4.16703018558928	-0.16810954936027742	0.3079261251359668	-0.4685638496699868	-3.4139051493715633	3.2012881509213993	-0.20713112843091924	0.2248205428951996	0.46885325876794887	0.8418585834921433	-0.7858504763269618	0.918542829697682	0.5436570101775877	0.05702874624258754	-0.8525568532063785	-0.8650583324540481	0.3956265801315729	-1.4615980607143415	-2.6094325723970857	2.189903349984523	-0.906342014168348	1.215524047951337	0.06654966327036545	-0.4517837711694636	0.6237289048935395	0.5428493344138869	0.42326912218766705	-1.037275264550773	1.3340301834819246	0.7329298586306013	1.4976050868089343	0.2474327722942747	2.0351591484462244	1.0717956758837472	0.29788153323442806	1.3637180795216235	-2.125381715157132	0.15337969828362827	-0.9756164195772411	-1.3120613037221183	0.619488240057613	-3.272632436369031	-2.5093634620530065	-0.4105806865879905	0.18194719203005214	-0.9160230821749892	0.25634045327950433	-2.387526414037544	-0.25389557243816	-0.8052132707557188	1.1407013922709508	0.18544185517587242	0.08878853154305592	0.5859234833920463	-0.9692580964333101	-1.3852759928877056	0.5591012830958011	1.1301042803441188	0.7392145521600734	0.6433967766467567	-1.6273268792523015	1.1521216461959614	0.7002518707816864	0.06971722503482344	-0.9944469214958437	-0.0372127883117832	-0.5696453742274625	1.147357489531158	-1.4965253591033005	0.5365413434146702	0.7662452695564748	0.32696828463170363	0.3246966139532905
DTXSID3027530	4.894772438179668	-1.0590752769993645	-3.940588895763035	0.7888646619208249	4.218127820744534	1.8377804693362194	0.024170485184475527	-4.316376287756856	2.5205008273991227	-0.929144451311325	3.3896845843936045	2.1228340251049707	0.8721963409811863	1.5067098732317414	-1.259432684525671	-0.48388632825359296	-0.40080141042251927	1.8556888773564741	-2.345582326270745	2.992871535925278	-1.5515844740875517	0.3478818142076686	-0.4138079380382932	-0.8529716230475362	1.3091625213080336	-0.6879118854425548	0.01820424812131416	-0.577709503566158	0.3240619046463909	-2.3091206596307727	-0.6747535933707708	0.7205274417829436	0.053563867439610675	1.6186908232723507	0.17659517182657467	-1.360911303222996	-0.07808076867715746	-1.2749695050880172	0.9002120240855949	-0.8802518036787366	0.8052378307697848	-0.8469579710144707	0.004315638485303656	-0.7528217261531394	1.2577274059146113	-0.7138325030891007	-0.6568729626437471	0.06314785453902727	-0.27704624598885713	2.0635388375819956	0.5425694038616194	2.187731091886329	-1.1224046153394136	-0.8552025353529533	0.555680522350606	-0.9072557563132091	-1.710636747077586	-0.26675437464760193	-1.9891563801519474	0.9354888727816534	-0.22813299209394217	-0.5622149670584181	-0.1487006307983806	-1.7627796542103393	-0.3717161087992269	-0.4074032248401459	-0.03574523288134704	-0.6411880031828282	0.05630883620892128	0.4516635774159918	-0.9508988037362177	0.6731997343030255	1.5000195953057671	1.3290502539302456	-0.11606739657231009	-0.5701387795528706	-1.0636566467083464	0.41309815581236586	0.3402211745354186	-0.9068051197902955	-1.1148071442413792	1.2012011668949159	-0.27839444224887305	-0.2589329601298707	-1.2053438554864488	0.12577975303309025	-0.3874510538760753	-0.23397216899288975	-0.5924898366400663	0.3331131232105556	-0.20960177091476528	0.07419782196058121	-0.599942233336157	0.2854563551914881	-1.0636374702387719	-0.4378721418211893	0.4186798398389739	0.23047637138070268	0.6684119612035989	1.0130198332374207
DTXSID1020728	-8.505191851888744	2.928698265167341	-3.973167852788182	4.4192509153847315	-0.25887181320467556	-0.04131963849145152	0.2142388743707321	3.233480090915814	0.12922177819361746	-0.754058806119402	0.13030956715596992	0.006860457624732883	1.7896558364976343	0.24768944186870626	0.6352127668597297	0.8384503669968302	-0.23851646817458427	0.3605439752755832	1.0714759629288264	-0.6336850018075013	-0.712854522484624	0.47772013022240317	0.2714036115034904	-0.6006379582852094	-0.6495622047461966	-0.06434720264354167	-1.421443215017304	-3.0553111706942433	0.8778805538742919	-0.19421390718338558	-0.856607826668397	2.2440930417714933	5.068738146284207	-0.10201213449172723	3.087018229930954	3.2330622604900747	2.2861908951835685	0.23496777307104333	1.7977125670762137	0.7138968148556868	-0.14797689757155177	1.2492999470689456	-1.0740635429159735	-0.2683706832876241	0.4765156388241083	0.27942467575817775	-1.077061471276334	0.5784517835921744	1.0667081256806077	0.20734021610354403	-0.931417197585457	-1.0501424121065408	0.20804984127450843	-0.4730475265959971	-1.102859084834508	-0.1100029744292742	-0.9777530283318253	-0.6145820300370077	1.3210191075173991	0.45002798094973306	0.29926138901836496	-0.1572917907017143	1.3331179214468296	-1.3018796882094565	0.8087050057962468	0.4095872764604124	0.3955920493432321	0.020101460332881262	0.5382920520079746	0.592718333979488	0.0993611458133525	-0.5260695587204222	0.1406796373666778	0.3250821996422128	-0.39237481933207297	0.44169340921767536	0.23759558903032812	0.03907038883413184	-1.1304497833731182	-0.16388842378120344	0.2607549907683643	-1.35824406480182	0.6532247157194792	0.05397501179889858	0.10617696790369363	-0.04805917040814803	-0.7872105326180814	0.32275057843443666	-0.1440851532159199	0.1623988985737775	0.9411988206484148	0.8197064832087734	-0.24485649754672906	-0.07484133047086135	-0.1732636975553708	0.11931933520790265	-0.577871797799692	-0.3684938267482403	-0.39956395105003994	0.6462594730646025
DTXSID3020671	19.004448927400347	-7.40479846758278	5.3872189286048595	-3.7857855117897268	4.402049527500673	1.6990434542897992	-4.701992598424882	-0.1090433626175054	4.107827251884673	-2.045502538196488	0.8570943214445543	-0.7305946508496685	1.1872582474675586	-3.803260497198018	-1.2099330322956936	-0.9441594129730033	-3.8015254562020377	-1.4271512192716802	-0.035004140025249375	2.445994228928944	-1.2928592050785617	1.4662353234703962	-1.6110350965352251	0.5840147695310659	2.4012800296692056	-0.14117965820860756	-0.2799230840758642	1.0890277177493224	2.219142797162843	4.428771985423197	-0.327189449132116	2.083500927316887	0.9562824918350753	-0.6301676780612053	0.6335866338397858	0.11984301943419205	-1.2541092361017565	-0.23450702981424357	0.009767328250169684	-0.4154862674820828	0.1986455405339111	-1.348677792505593	0.26740337499193517	0.00039227378821650926	-0.41494132898172315	0.6877923079787636	1.4223382328311893	-0.5833068264634507	-0.6520325760035891	-0.33678817893372687	1.244304561460052	-0.9875064321220866	0.15052463524571935	-0.631292656675763	1.2957502765091367	0.6588104901284608	0.295134650395465	-0.8950857765456794	-1.039841788933333	0.6774244583573994	2.584124035884242	-0.49747930363764253	-1.0253332929422327	-0.775539319761859	1.6070880198697852	-1.5567946717664878	0.9924359838726758	-0.3317486980019545	-1.1874681263362916	2.1746807911634467	0.5746115428130126	1.2277667600171764	0.36041350422896395	2.254595007077702	-0.03369142121149112	-1.6511284441573804	1.5858573886423515	-1.852385820538393	-1.0699148138773205	1.6410006997626645	-0.9239503101007285	-0.559078694032893	-1.5288080115696254	-2.478775962618353	0.3765134709803263	-1.4183828771711942	-3.045759756546561	-1.1193917099916575	0.9751377640072981	-1.128855512778168	0.6229360886561042	1.3517179946918103	-0.7414507872040232	1.4312017235426664	1.6225112954972758	-0.0363704423834002	-1.865644506993448	2.0133537089962634	-0.3012974076730209	1.0209706221261299
DTXSID9036690	1.0970204747766081	1.8864487345441252	-3.9017233006167054	-0.31016689493092553	3.957986384697694	1.550644314455434	0.07791461607430694	-2.227186100586372	1.8544455636033568	0.09836580454109319	3.21298179450721	1.144043454935655	-0.4587981519077368	1.4710194748849927	-0.4647460968389424	0.32085005128278365	0.2309082976473871	2.085680083266345	-1.8764429725800673	1.008767781613474	-1.0791880756954126	-0.19849188050808486	-0.1600710259914874	-0.911038552799839	0.37730013525463585	-0.34014015775643086	0.8405631254186967	0.9423745005322517	-0.020946193005425693	-1.3906474718290691	0.39664043673589783	-0.8128094977472019	0.7860886283641575	1.8821704114259001	0.13461049039921977	0.06205186926188991	0.6584509252030245	0.7852330476484883	-0.3774315885417585	-0.5726145278429919	0.29045672837249925	0.14288622620744718	-0.1876799230631767	-1.7647842667658047	0.36242010251681844	-0.334650423848733	-0.35636120820809736	0.258505813030552	0.3239803293455411	0.2640746494173846	-0.42369721538242444	0.19765156107488352	-0.5797263619772726	-1.3820426895569746	-0.4796966844743706	0.18477502238305832	-0.6523255761015166	0.28886893296178273	-0.822677860245819	-0.49148231543792825	0.42272282480890344	-1.196092956232924	0.03951578431388791	-0.8999410514733934	0.15808584754273616	0.7997400807957037	-0.4402089635234567	-0.29662860428926136	-1.368482542701117	1.2872599528598416	-2.404231504324999	1.1600463365504639	-0.015482299558546663	0.4178790054801335	-1.1346284327414313	0.4512069599238334	-1.0492430447301564	1.3847085981992944	0.0021813849257645342	-0.5891092740426501	-0.7657492105719091	-0.8393086279504905	0.31806518393860894	0.2681279667820009	-0.29220592963585007	0.5328757918133509	-0.4448740201913639	0.4765022218722174	-0.20211054393609448	-0.15064787809399066	0.7706134912674034	0.24659532154268535	-0.479440217909143	-0.5472339295878157	-0.5609250155111778	-0.547727800317649	0.7284008601874983	-0.8986229017739504	0.1892549530356391	0.0011955054476345875
DTXSID5047166	-3.639404958324304	1.4004504770211321	-0.005489263177761163	0.9116179516815995	-0.3626741172458966	0.7324093708190231	0.4989595885914262	-0.8627330756249532	1.3909483668567766	-0.05976609495656274	2.1745997484188466	0.7788906822673616	1.9880324907418558	0.4910278256733353	-0.16661857979081476	-0.539583651295343	0.9215604274463784	0.14537292521511394	-0.13039017817806609	-1.2172106004429424	-0.5239387844293476	0.27096785679265134	0.04045660416482671	0.16005512949659426	0.42344842473956573	0.25375541738152896	0.5349178038916178	0.36190129591074643	-0.06510437691328638	-0.36632346616313566	0.9187644524876405	0.15965390370956928	-0.017213633062367305	0.36122405695142085	0.3282322418333565	0.019761196588110198	-0.09035730134966581	-0.06200048416321779	-1.1617082754614687	1.5350863943201078	0.6375992396256921	0.4796238098969433	-0.43893026694383214	0.7319711136728538	0.3042251940857782	-0.0918995870983847	-0.3074527909148056	-1.4564478292387444	-1.5457255974978987	-1.497787424310914	-0.7125072304812687	0.5010211739700838	-0.4696479281915824	-0.31021545028319586	-0.36874919072262485	-0.2555201562300362	1.041833856620525	0.21914969735507236	-0.9262125746069071	0.19265806338204639	0.02227778741358445	1.118643816165618	1.4620254441212757	0.6750166766377456	-0.2075338699161562	-0.1649086202923447	-0.40405461958922445	0.6281411652446467	0.390758119495601	-0.7811285677284492	0.16607922909450454	-0.07367554978209165	0.5420342016252234	-0.47164773197235726	0.5030841036330562	0.38970980812049866	0.2106812957237173	-0.2650197672035841	0.25200473363111303	-0.20523664922579374	0.6661138250024754	0.20084005479368366	0.00041886217137250873	-0.4243944251574092	0.6297210232284192	-0.6665234230378096	-0.26471134556033377	0.030987418014748785	0.24565823682513735	-0.2952623241337982	-0.04665553389570141	-0.1398711300317742	-0.05213643006213669	-0.04404367958192061	-0.2278929862687668	0.40096784989410666	0.4451753809153373	0.4129707898924561	0.11859168060910422	0.05261883721408051
DTXSID7046047	-1.746261016690368	-1.1423301113202413	0.28189449637435143	-2.2566528439155507	-2.2324791996013875	-0.8892966397038062	1.3254624710146121	0.9486595771771341	1.0578742042674991	-0.8426219786044236	-0.4382890243713835	-0.7431628616814183	1.869273860911378	-0.5973808067717096	-0.1875889560913725	-0.5724502870475626	-0.08496190107085708	0.443238228467543	-0.03968235928832932	-0.02852685930588029	-0.3815675365625731	-0.7596381034531714	-0.7719565320609854	-0.5398008919754514	-0.06428761766021827	-0.411299471775934	-0.09174886194215227	-1.1945805654571189	0.1692422256017206	-0.8959927821596192	-0.42180335579081757	0.7091507470558721	-0.9100694249132838	-0.8145660645984771	0.033261459683369445	0.3886133524337615	0.47280349111196857	0.9896415304577465	-1.511397361723893	-0.3378969722991796	0.32471204185318797	0.5948736676009435	0.09142755510234028	-0.02538993509885956	-0.1327291298900568	0.34855386380467407	0.2129417021289904	0.06260440002707933	-0.6717131216170256	0.8112476139147718	-0.009802195144741968	-0.9934180611008553	1.1097188049575375	-0.00832361567464848	1.5404480033832186	-0.07108314634065523	0.4198214208014628	-0.18767149589415286	0.2139321661843551	0.7130426788545073	-0.32202924974812136	-0.5530024944660471	-0.2217404508811663	0.3663880631195068	0.5604168863193206	-1.3167543839940494	-0.6939937964549248	-0.3231711940858694	0.608537706727967	-0.416900440550211	-1.1722465478438369	0.34482528753049907	-0.7923582038198038	-0.17298142317874646	-0.2647347051290117	0.7076418255632768	-0.059826778117418336	0.008055453619103835	0.34843222104580684	1.1517556049050555	-0.9031690213626157	0.07823871122307709	0.4080669560278529	0.34854789167646494	0.3583765046450604	0.20954536272572805	0.7508354624894399	0.2539576237598415	0.9630295771037568	-0.2924528019395678	-0.359950004504746	0.08318144957341923	-0.6284046079680526	-0.22541618229959406	-0.4419644514556365	0.5555244020630079	0.35741331851771435	-0.05362758847571932	-0.4096502932909763	0.2721752016469976
DTXSID2040787	2.6414449744923982	2.4725025954439093	-0.2193829588073611	-4.456197751565585	9.842047825509011	1.7595162073755823	0.8551620645459679	-1.46243525036374	0.6104922318260505	-0.6751424992916167	-3.345342222029749	2.30863636830278	-0.38903368682842165	-1.6630251532551685	1.6598294714681727	2.3027583755631547	4.244198649972828	-1.3878122845763843	-0.35619626176917	-1.2246814887351785	1.2150550991620677	0.8141607114124533	1.3652240105291382	1.1414136051474602	1.2978239759330086	-0.6731943783225255	2.383837987147133	-1.3425037951530405	3.207602637036466	1.0797886850236085	-2.1004889011626897	0.21036640711047114	-1.1652167085353367	-1.2504667815103192	-1.3642102654486783	0.6297230222049912	0.6499805268045339	-0.7662836418407394	0.8053967724647892	0.6352127479637107	-0.48052813908026065	0.6812751549532254	0.1901100048246204	2.13018402913102	0.2514059186700762	-0.2121479335784454	1.2529695731571728	0.09074324900210959	0.49453069662527915	-0.7720610215208449	-0.1253046431588393	0.21782882419264	0.7523005798994415	2.8275371142402705	0.32992584317040957	2.527507830340989	-0.011291208520251375	-1.6148763301536004	-0.9074228309416316	1.8283661733494423	1.0728994536461671	-1.590213363118258	2.336367584394467	1.8687713286722116	-1.9884297467964833	-0.29282414827901915	2.0584887239655765	-0.42916939431670603	1.6217973724934585	-0.08002404480932412	-0.6434859385652562	0.9288283120303653	-0.280416314449902	-0.20622537126387427	-0.27630998267415263	-0.48284375484185965	-0.08702475208488833	0.25393026764860116	-0.16651422405529231	0.430776476396866	-0.18521400830096066	-0.580707996743805	-0.4386564757558819	-0.40318778892121676	0.06385170396248852	0.3988519284022018	0.053804073078448936	-0.2922172985315302	0.7207650892971635	0.2953823145568151	0.44805928841375153	0.015779085432001114	0.15998739102985188	0.5118237623670189	0.15400398202444784	-0.04162139677445564	-0.2826316153848454	0.5396077071711511	0.10398055557865336	-0.07396460173096579
DTXSID2048745	12.309300408815739	-5.066587317343111	-0.6681158609389494	0.9189290451294526	-0.41463217031764904	-0.5340772260794171	2.704989559219502	3.7269290218749425	-0.00529729988661394	0.3462718163492668	0.8550453423736342	2.7860001617464247	0.17676050746221347	0.8994284511915838	3.979879271829083	2.002901271035945	-2.1834814691792115	2.793291370335092	-0.4332852165066921	-2.2865503570609946	1.5415729529866873	1.1822127397507067	-0.26654126622284746	-0.10542563623549941	-1.9080427068804613	-1.651579975499798	-1.1186285172394772	1.9855868406785262	0.4001103051427319	1.9190468486091279	-1.051555273669689	-0.04854933331680904	0.4471007295515505	1.1692231498461783	0.7484626937644525	1.176211928245283	-0.6931248867876167	-0.06828676033119756	1.799632831891236	-1.2208525473692253	0.4956205151337346	-2.3508986656283666	-0.2729680628860305	-1.8147306066740945	0.8150646691989779	0.4482476931303213	0.5703173134544456	-1.5046228709864145	0.9804998628618647	1.2756787313481117	0.5831994913319725	0.7058955688881822	-0.8879740534963272	1.172340031781661	-1.1174589777212351	1.6202833651063229	-2.402232330887645	-3.070428551348931	-0.02076886786110673	1.9355728689883318	-0.002341466045017535	2.106752558184351	-0.7028980745010524	2.9784982473869075	4.817860068449886	5.304046292952512	0.1982912861231266	3.1539546770030973	2.307576129548129	2.82445246727819	2.409152198870497	0.7913683903025447	-0.8575898791611144	-0.16276595168985547	1.0362344235693959	1.3968075391874044	0.1565170675224903	0.2579762450872517	-3.4467076164066786	0.3938606034826701	-0.9024805636095474	-2.332652001908341	-2.872140688907915	0.6807438388823314	1.7462418497225602	-3.7118771634491305	1.1110377444734292	1.5272235040539135	1.092579187175519	-0.8116816018069025	1.3282768916406773	0.8090448958533528	1.051481937391706	1.4051771731942595	-1.112927694085651	-0.8141168801429374	0.26671733364208056	-0.31468761994693406	0.8654919658815142	1.0213335068467693
DTXSID8046539	5.358325579619261	-1.7330091163987518	-7.752245887624664	9.344601756461111	9.977579336513477	-0.20046869521674343	-3.9619467038857685	-1.2202055756213377	-1.9560982745084494	-6.390040405857315	-1.6721461826443145	-4.086818796439721	4.962748258369015	7.443332012792819	0.10630228579748878	1.9976763237128463	-1.3433426403455355	1.316751163583125	0.3559225381972569	2.984475262306056	-0.46202663310799813	-0.11596547330500795	-2.139221445676168	-0.9572983926346322	2.145000726391101	-2.7719591174473592	3.099399819489453	2.3951244247813452	1.4951116540279814	-2.213753487690745	4.697622913195668	-1.018152370647554	-2.9879378357489372	1.8380515037775025	-0.912085355214408	1.440480858034137	0.2380584929309769	1.6237971565131177	-2.7526795818738186	2.120144560778254	2.959461002788053	2.5219165569960236	-2.046810687715906	0.3326957949822673	0.3913655229727993	-0.9430982388855998	1.0954791558832986	-2.272294199947838	-4.587190819192302	1.318853080471987	-3.302494849635287	1.7549473984515631	0.874438959538057	-0.5696875339489141	-1.7783192426963503	-0.8041776049980092	3.0034734028059105	-1.448169531966079	-1.7211513006392258	0.2730374632914461	0.4262559792563154	1.8373339883548787	2.857722752706909	-1.0277850627672045	0.9490827880487498	1.2767030676055275	-0.7447757170451317	0.32736059825057673	1.3626556720241623	-1.1180820341015596	-1.3718593881285255	-0.8714276692257352	1.258210472698376	-1.4038418158674988	0.1324764691741157	0.566242612959622	-0.023736685565008644	-0.45893109960795614	1.5811516399743737	-1.5424740658658727	0.16987736712161217	2.592277034861634	0.29817563010025866	-2.0404687486925788	0.33663184355182424	-1.417486444887438	-0.39019086132930475	-0.5935775132578518	-0.40361678714569627	0.05409249331060628	-0.4717078580436373	0.969648453117467	0.5149943170819788	-0.18932671314264796	0.3548734855642	0.1932544827336865	-0.2806432382107745	-0.9456850205270213	2.1759489388030833	0.1009555966905484
DTXSID7032393	1.7697479951242212	-3.948875808336141	1.5727013213096923	0.20786163795464463	0.7688155382639812	2.3654849400974265	0.11325338546872665	-0.04325960933560807	0.9952388425954749	-1.2681776426541134	5.1350921503743026	-0.14270930455137854	0.7918165541206793	-1.4845261602344315	1.598333289872295	0.4803201259213643	2.002930404100767	0.281221657395516	0.4440744712463741	-1.0180359230303244	0.6476964505013859	-1.0889966074008548	1.5343323947591287	-1.6191447953131057	-1.924046717256502	1.9715076323022922	-3.3279549337016876	-0.6659446720725263	-1.4885809102418786	1.2915853273238058	-1.078829296047033	0.5138638006917364	-1.236721165685232	-1.4609617828395776	-1.3269480902429351	-0.5923799251352414	0.5732602698024182	0.7971479900793323	-1.722620522341526	0.21676643777095986	0.6199951692779486	0.1970715694410416	0.09688217817610982	0.33393365673897196	0.7143603592589669	0.3063915085213346	-1.3807594918800412	-0.10031048797902581	-0.333344242945918	-0.46756193468265056	0.8087988208770347	-0.45438928120636346	0.7105301622605332	-1.0296297187682766	-1.5110638205798086	1.2047133319252716	0.6704975632075854	-1.5103023691609603	-3.029236064058022	-0.5467665899025705	3.194172967475804	1.344978539550207	-0.32756968421979515	-2.6793126880732245	0.7748551230247218	1.1562092148564924	0.6076776326647496	-0.9507467558084604	0.08199961095591654	-0.4331116870173242	-1.4747217056073605	-0.019494401924374818	0.03487383613643195	-1.036718928091774	0.8843731157962713	0.7737953165585099	-0.9223561029257217	0.11697219802710533	-0.6108112247381567	-0.5214433693599123	-1.3794385468899188	-0.8177881916321607	-0.17805930457788788	-0.06294984108905109	0.3104514865895051	-0.34211888781963506	-0.2373249417277956	-0.034633753933024314	-1.6194144510250208	0.1215737744842374	-0.6375094812941035	-0.5304671894610943	0.12848233250989688	0.43044658070253167	-0.39199008676357455	-0.2297874199317656	-0.7578922055194531	0.14316268652880876	0.5244045117260183	0.2014521466806042
DTXSID3046798	1.8187035399176648	-2.5563500367379017	-2.787158419736362	0.7896530340262781	-0.5985362892638051	-0.02331292692256311	-4.254241019929455	1.889301421576441	-1.0850025071033071	-0.4032445638298637	-2.0116530680072904	4.0418527589395605	-2.054910845052572	0.3630393281350563	0.31605103151546504	-0.33654823571454334	0.12340595745303753	-0.2730993218786553	-0.27972152012585266	-0.05766316978833104	-1.4818958599235947	0.19834460739644663	-1.9192997694901943	2.1268022216898688	-1.0013728206994004	1.887126763079142	0.14640871731929045	-1.0147203988269256	-0.8125009927434478	0.22333090268057046	0.5515409705239529	-0.042818959146940776	-0.43504537320510156	-0.7811126516687258	0.020383677267689755	0.38429977648682484	1.4735752418078327	0.18733138826575169	0.5831778891463348	0.042311616428764236	-0.5797933406532126	-1.1079476614529986	-0.27878180124312196	0.4880000557951479	0.3004090170283324	0.06916642834953726	0.4224206904052385	0.19720248841426988	0.6263096050831513	0.5778219382569185	-1.6009612505934323	-1.3597477941766904	0.418697186167539	0.20495889717368282	-0.5486228683079767	-0.6208289907190696	-1.6251373433682996	-0.7492341285499373	0.5157684853657308	-0.13541836491338424	-1.4480506132369386	0.9723790581104486	1.3373330339357994	-0.1914264717678826	0.5880223597718951	0.9224799503435068	0.575358451450963	-0.6835681982034032	0.07368246854963216	0.672864781682431	-0.9524251277650024	-1.1041806787203288	0.47878230924710313	-0.491888738946729	-0.8649822485807162	-0.1250403676681207	0.94824479701606	-1.2196542509650268	-1.1691746599153985	0.20121035699135598	0.7039990893245018	0.3032858888835273	0.44478049503890915	-0.48595149175521923	0.41681872717026364	-0.7579377776718381	0.42750110034634853	-0.478273091805084	-0.4843281940940101	-0.5426729676187778	0.567341677762142	-0.40361986612203515	0.846720546168746	0.009319871017891208	0.1355196830006388	-0.1704435765090525	-0.1085607967994727	-0.05358999310652591	-0.03769106012443637	0.49787547711731706
DTXSID5024970	-6.188924805869766	0.268523486817018	-1.5038246443499548	-0.823075861485881	-1.3334513414419773	-0.31071592959196503	-0.7648593960252018	-2.444272689039489	-1.0764333878546974	1.6632784601592856	-0.10885365347442984	-0.12359986771974107	1.48797613654921	1.7959261739544345	-0.6200039124957323	0.2570764150408263	0.5193431679729903	1.8499387496149537	0.7214637488664236	0.41083073941837	0.40276369885720914	0.6524172576792251	-0.4488146946028353	-0.5160338042134889	0.5717608880673652	0.5044443657182609	0.5819029753846786	1.339583553708918	-0.14977752616245238	2.8726238977634404	2.474392322058785	2.349942299051995	2.2123304857698805	-1.9683652712328512	0.3921850112748443	-2.398301513407114	0.21822680239924402	-3.30013178165756	-3.7534858252719765	-2.178011797436177	-1.8601417996751342	3.6821759540508965	2.117968190527587	-3.417997332486897	-1.7445905971080908	3.5306416386264976	-3.2712333137559337	-1.3796060162588633	2.3509923276084552	1.5111766096062953	-1.7341868054739875	2.1637102917861553	0.6609816104409422	2.5347785633588815	-0.9580693662258719	1.6249789334045524	1.7810179061527553	-0.7695163640378982	0.1563121183154082	-2.1961757403890196	-2.043201913175355	0.2951512341196446	0.22226098947401376	0.8521511858637626	-0.1659128248277333	0.9815915513136965	0.7487484411138008	-0.1656585654803988	-0.9891489497737733	-0.35138860488311063	-1.1098782880364302	0.1771219024381897	-0.4713983226441739	0.3678760217650563	-0.714883931309006	-0.1653665359631991	0.44926690220159854	-0.33381700075386384	-0.008052073341902383	0.001886228864923742	-0.6752542976921617	-0.6463524758336937	0.5355377919867642	-0.04462467397308933	-0.8519479838690834	-0.06197632683626065	0.5889208894880723	-0.17311102476303372	0.5192344971227106	0.5457371046482755	0.04785857533400185	-0.7254250148415622	0.056473887056087115	-0.06335671799283266	0.2786802915133818	-0.09075259184345966	-0.00884878721851578	0.1856527269975707	-0.1634840598503866	0.19248479046674052
DTXSID7024586	-6.658213826603695	0.1810852207997587	0.38510088298772505	-1.2471844991419574	-2.6106820872469187	-1.0619937758752105	1.450426075867163	0.2539409468963313	0.28068758756501777	-0.23410114419652475	-0.2682958668815969	0.12903184660285297	2.4967045600090145	-0.25843518228263074	-0.646953195097983	-0.8401214237651636	0.027338822799762123	-0.08741353540073735	1.0172552146426892	0.47160025007797574	0.16119711505444234	0.266178327021642	0.18041087367692554	-0.6531272939013174	0.8107629058845391	0.22666815557852482	-0.9065702880660144	-0.8018115621174667	-0.1318904644625895	-0.4077771464083856	0.4148895434493463	0.3609704898380621	-0.570696400863141	-0.7206149391601668	-1.0759831325098959	0.30069753732103804	1.2061644762652532	0.8241173575217441	-0.7454218300913724	-0.8505826634643193	-0.1308764700173396	0.11538155743499899	-0.07541164104641264	-0.0053903659976198585	-0.28514772950844613	-0.019916126437859196	0.3074554828190342	0.47059271747411974	-0.5610208303846947	0.27343709736397076	-0.20469161091595514	-0.5453849301175114	0.1341605711434509	-0.47962546506201403	-0.1254598431347869	0.5855506512697598	-0.08738086647307397	-1.1326882061100954	1.036274566833258	1.0624387945636717	0.07062832845671295	-0.21488055843413587	0.6104997039168901	0.13343035440052475	-0.6670643443860345	-0.8502884229245238	-0.9216291229485114	-0.45453740683752625	-0.2063019673766076	0.3645722040198208	0.24174816331810647	0.11289388929122289	-0.5402069969129476	0.17740172654364586	0.056877634955695526	0.3752179318059512	0.05533122623842246	-0.4157701907667111	0.49560067306963423	0.44232658263826236	-0.4533515317845967	0.8256935714440032	0.2978292906997553	0.320130756263481	0.2873001826058325	-0.08916993265978401	0.9181247339030159	-0.17558179991664405	1.1311094187914768	-0.3274992177361856	-0.20213349324223084	-0.14887563446420454	-0.15033888780517418	-0.554496663802462	-0.5336937002035024	0.24238314446177484	-0.6743322843773604	-0.17855946824368857	0.010758390951187581	0.04724065364036841
DTXSID0051738	2.8549276105881694	-4.077147102866713	-16.456526825889842	2.2902767304785683	30.326366321249004	-1.2094691858356865	-10.59323164742066	5.871969881138179	-6.914258825051117	-1.9361619404461219	1.6302542397026114	-0.6688073104257702	3.7145431879050785	-6.088389141645497	15.551973664760697	12.623052995461144	0.8730312684455642	2.3032437384023727	-0.4170080226831092	8.937988771031529	-2.4432347348272527	11.825248400172557	-11.6762359137859	5.86273329080256	7.458269856106955	-9.619491433824281	2.2364630960015015	-0.055513054114412874	1.5314012822287681	7.134369288095189	14.68787161423448	-9.112054262680667	-0.5072546960317379	4.418144187145723	-3.570369480259618	5.825358468525383	2.4819861865337076	6.732867640277658	-8.862270456483863	-5.32887831186169	9.138027751661873	4.43355072194725	-8.929397342598316	7.385821334729281	-0.3496538508779645	-0.405632873056638	4.124065008882986	2.0569958150408274	-8.381155328868278	14.170309135855117	-7.717051674735722	-1.6504039242261976	10.977410036846338	1.2755250470665962	-9.383766743884928	-13.851028304121332	15.446117581676845	0.4668068618730168	12.9525975822138	-7.818693866265465	15.05172899778332	7.30092545052462	-3.9916948005426907	-2.695805308684558	5.444504158703119	3.286597671591496	3.0157946469130383	1.2886021285018365	7.099804298058835	0.181668303396591	1.3539594155221415	5.619311576063118	1.7078944713715865	3.6783212013666393	-0.12236568833102841	-0.5313841695242908	-11.977740753669181	8.779478717719417	6.362182331010374	-3.776289156064881	2.147152547642504	5.194195206685357	3.235191099677179	3.673058315426878	1.189480067215728	6.3376462295376825	4.1209910219715224	-1.6490981087657755	1.318480747978791	0.6077346034810707	-4.318136977947676	-0.22735880560251284	2.6533584617615626	1.3532428742352351	3.387330725781105	-2.580906726192773	1.364987898097536	-1.161811411073882	2.540141812245531	1.496286417095593
DTXSID3024574	-3.1790296096068227	-3.0074477086079576	-1.8980694196501884	1.3260098709211987	-5.599109407959447	1.8378683527915722	0.9151473070925302	2.9468722985993616	-2.1122507791636678	-5.6222355940235715	-2.3896019161067907	0.8635641985825844	3.2194509837964413	-1.5807244597453054	3.2262762008303225	0.11515763641938269	0.3763679543912531	5.4388431426821064	2.354582763299143	-1.1311982185010132	-5.280092237793325	-4.677558304975099	6.42854334026671	3.671602586879828	4.223458506287791	-2.7387811050680266	-2.2761705942484936	-0.9600037595041689	-1.9531825302959849	3.016393051940417	-3.3551124783096675	1.3585170887014402	1.756950500090994	3.211435264269317	1.3405148929050699	-4.79560581145242	-3.498633677917036	8.037035408944242	0.6132253193271023	-4.880840408737382	-3.693253579509715	5.657910807770742	4.721897353619187	7.898861581540832	-3.638344154136192	-7.450751060528066	-0.17146542353995262	-0.34230044911359914	1.809141257629751	1.185194056983725	-0.175573802297826	4.06504784732858	-3.0643605960711198	-2.957174285190863	0.6449594383476859	0.3614105055500233	0.8548061469976629	-3.4988816122290856	1.8635178891608308	-0.1744623059211473	-0.031891024594380084	-1.7854463387308777	2.4850520379181047	-2.2750505998685004	0.6138495045760297	1.2338448150165233	-0.3945348933059042	2.2367260698988196	-1.375289821428347	1.4664027266670827	-0.49261763276813575	-0.17560372729495632	-3.050519525530787	-1.051227404772641	1.1401762900123287	0.8961799673873604	-0.7070963835063454	0.17837795922816022	1.2981584725482909	0.8351348996380031	0.1406495778154296	1.7474444630760775	0.1443946971535966	-0.4571986323130635	-1.9912444547901278	1.3481061096038633	-0.2392576699475612	0.6283669870591323	-0.025244623930218424	-0.7147322970429525	-0.55808414352545	0.7460192375081292	1.6690384114305896	-1.8342605650557031	1.4619020675911842	-0.6194834573871169	0.8674345811528767	-0.22248493065882258	-0.9484844627210867	-0.26795204308863485
DTXSID8021272	-8.84088624382102	0.7944303004377234	-5.133613499897174	3.842295232436809	2.3754978826322684	-0.29669279643226	-2.7312878018416646	0.285625165003894	-0.1745396034862964	0.39797556004923423	1.1414739613293696	1.132368830556599	2.578741889781392	-1.7605396264684228	1.212152600378104	1.5603411437677253	-0.9175626943041225	-1.9053774337868885	1.6378356597321546	2.2455839518246776	-1.2118765980380668	1.2428947445145682	-0.2579911700409549	-0.4212421958177502	1.2397048555320078	-1.4476284954838796	1.7822301517790324	-0.31860314263852685	1.0859811261450338	-1.5026752997525599	1.9758351899263853	0.4079354423351792	-1.227235067411738	-0.09273017988638708	0.6045343050242826	1.6817018242182027	0.047211588031085196	0.5282764629544765	-0.6464188087297995	-1.6976178730389744	0.9534742862632747	1.2956904478742604	-0.30282518050851115	1.0177511245829927	0.9492104598307826	-0.4848519242315953	0.7402734581925315	0.6311011004730643	-0.016526673219783683	0.8388111670909766	-0.9048874688800063	0.17218865087021515	0.2736918843288987	0.12794213015330602	-0.7470492493338857	-0.07497974664073949	1.6882336500214268	-0.54766041749106	-1.3818258395658256	-0.8500778654837364	1.8054480272635398	0.011911266378332773	-1.2527943531248482	-0.6782443383104477	1.3141702982201384	-0.9112380942825573	0.15555500585303525	-0.2968369953144821	-0.5432806556310812	1.3812136225950054	-0.13723623959099235	0.3970930654330201	0.019011608670631768	0.11962400987989238	-0.4887371464019989	-0.33332959899994513	1.896433687904006	-1.7490819923084853	0.07322836392465393	1.2427345781033556	-1.486122803416425	-1.2344968937125118	-0.3948117685638036	-0.773410339923844	1.1320330289379437	0.12504913163003528	-0.8078617691281907	-0.28075537456282623	0.20381942532276728	0.4041424782431005	0.18019105205825084	-0.7287121495526356	0.5362565815139638	0.37208175655557807	0.2606080714338284	0.9806411040986129	0.6146258266146315	-0.2764855527825329	0.8022947868097291	0.033641259897731014
DTXSID0049236	-2.579270663175241	3.684719707646722	-3.797772979381459	-0.6796423821876886	3.4249857623460565	2.252959487193524	3.1542770427775295	0.8103562757766886	-1.7935500617840696	1.4467371358394956	-1.2977109093293002	0.008802680608234989	0.08824225519594141	-0.9693668668232228	0.7496434402503931	3.862692237622762	0.5436860732416892	-5.798840826819233	0.5922773119606299	-0.5406987033573554	-3.3950589390361294	1.8432369869065395	3.0866774639083547	2.6634350116845495	-0.05966546943782434	-0.16239658834831092	3.271444932742924	-0.8659209817272954	1.5302319686116859	-1.2389796814743783	-0.511626231586086	4.154966854260342	-1.6384645248967333	-1.624895817607447	-3.9808087663401994	1.5840587974423301	2.1328593053860474	-0.6406399399302068	0.842229791817688	-0.5439516582317973	-0.6310586782907346	1.0174490003156587	0.7508219394194311	2.113176469145167	2.621025985602357	0.9922571581592863	1.5237019847566802	-0.8517232122819344	1.1116765567520979	-1.1608924243165868	-1.5358757708072217	0.8135323024528095	1.0486239028322388	1.9590252237833756	0.529510801159821	1.5959061659399405	0.24872856214550962	-2.0801217978003614	-2.8350936080992195	3.1805568309778285	0.6697170198813301	-1.1522937216473583	2.1630561457215585	2.5057997026906045	-1.317140438914469	0.5681737404731823	1.8144981061735734	-0.5041676717334769	1.5118784383970305	2.880998174822199	-1.7030174607672475	1.8998352407781218	-0.2875753441634175	-0.6751690913553411	-0.04751709187471994	-0.5934052231965582	-0.12190337756363297	-1.7774458965894149	1.1291935006464888	-0.11160543116367214	-0.18367634853196216	0.08707726493443671	1.2936757560327854	-0.5595550322465489	-1.2637285025164973	1.114528928349664	-0.6563826942611916	0.12865103100451789	-0.458185121517936	0.5514240436593453	-0.08789173520608698	0.16867311240425253	-0.5395401144612775	-0.43532963203308206	-0.2733448067519389	0.5219944630887416	-0.5451797603386961	-0.33829481693443725	-0.7992385695473196	-0.3632955558387976
DTXSID5023081	-0.7711283131107126	2.8122985878107207	-4.065188513853144	9.88243508290695	0.29475619854517787	-3.8497168466993292	-1.1241440785497454	1.6337074543566787	-0.9128302004984895	-1.3273038682789082	-2.8574642604812643	3.322801510429739	4.905477282705495	0.12958668516757285	-3.86274864614325	1.7623146719252036	2.8011142885683307	0.3354186388463304	-2.6236902180375914	-4.25088568276077	-2.4429451964218067	3.844189284006616	1.3991722171233194	1.8466915339930778	-1.092345786883264	1.3126340445122964	-4.294554025690503	-2.3307186488330065	-0.9873105152643402	-0.20830331495048174	1.4157579500730755	-1.9764962737872112	0.7549695134134692	-0.281468019809337	1.164920059019881	0.30411605363890715	-0.6472930435433023	0.6225869072639307	-0.5703608142169153	-1.47926568242176	1.7719510762126613	-0.16542974296495563	-0.3699635213477578	-1.3616464263991774	0.45879067069770973	1.8088223261215688	-3.231554286746992	1.4797014167400162	1.4552833787960728	-1.3848227596248568	-1.8659994280514909	-0.012179684331329248	-0.6878617603913798	-1.1334481905507985	-1.9416018219149913	-2.9302962819218203	-1.0291609870983183	0.6360012614029809	0.27689707652150297	2.599120770164451	-0.6042068759585454	-0.06907552374499186	1.7602912873825274	-1.590075909887834	1.7902897486718201	1.3954911625396191	1.1852535491094762	-0.2443881994447407	4.0857208592904115	1.2664529792529187	-0.30916100736640734	-2.28859553813396	2.1397318911367242	-0.2333863760117823	-1.0159216845742325	1.0362548473097422	0.48324547328506906	-1.8322444447787545	-0.9860855825264839	-0.8162459655969848	-1.160829082844471	-1.9228622625508516	-0.3519421662899828	0.29330215043742913	-0.9463261477310663	-0.703539903009095	-2.7254209066510464	0.29082384720297016	0.27142900180809726	0.490759825470536	2.061538624082239	2.114833988229773	1.2026872365786254	0.3858981129349687	-1.1314124831761272	1.3920856881174013	-0.29940188664605527	1.3526659030183181	0.31442617486790303	0.1328438796011072
DTXSID2046202	-4.611849407601533	-0.22970940191682931	-2.6165063996991904	3.334228329879278	-1.6684222789612075	-2.8518936611435635	2.4982790105810677	0.475492599402602	0.5062585268393721	-5.651880634428146	-0.9263614140399468	-1.605742759185917	1.2308808384456957	3.3196689960192485	-1.2522411168193195	-0.6267689838648614	-1.1296650669576445	-0.6422476364760424	2.9922008879172974	1.8041250541876104	1.4898735086360289	0.5846876621253593	0.9636958756645374	0.04761594445439112	-1.1755976826024488	-0.5016896306892766	0.3730672244463053	3.180244198397535	1.4145515937167275	-1.4175424278316255	0.6843718493170694	0.2509155889960028	-1.9003228359827988	3.998213308576909	1.173798423952569	0.6833910103257114	6.499309808130724	-1.327429272623161	-2.4385398558574596	-1.6051041190477267	-1.7413353224588712	-2.2512650856084417	0.17913980973885543	4.4449878663292	-1.3589183330843344	1.4845599705841273	-1.7511804823201964	1.0989510287425703	2.7098944541973315	-2.431499915444205	1.679441854098013	0.5579014392121935	-2.7929077432215803	3.077326220005301	2.3324597840009536	-2.2407043466232497	0.7284242470814913	-1.1044029945046736	1.0047795567539695	0.31125128575195876	2.2717907296143744	0.7773296689491065	0.8253142887348837	-1.0952612316546437	-0.1083676578835762	-0.31930503975405367	-1.3616336677411651	-0.642872912480912	-0.31600638696667116	0.890315045537628	-0.1758480079111043	-0.01542973228739594	0.033034891135663075	-0.06542012193834189	0.48442418849515945	-0.09991441181726256	-0.5750535595469606	0.2372631578170403	-0.11019173078980693	0.20706633226810886	-1.2067613648054032	-1.2992189842107618	0.025892379516760263	-0.018392125174228863	0.6363011671747603	-0.16970291530861964	1.463619199944471	-0.008187131814803279	1.150157164454402	-0.5437045926392113	-0.4087688901296167	0.5534395401515663	-0.45608145924516286	0.4779676365766314	0.0005294099327782155	1.3406511364174927	0.035490122699904154	0.5408718518929477	-0.3293524310860718	0.015509632876986573
DTXSID2046880	34.384699681652805	-5.195034919061871	0.7313687000162649	9.607168175400933	1.171457475434612	-1.4052341245268463	16.016414061590293	5.203168329093389	-2.3668084013347297	13.533924983508554	5.16265452492949	5.765596633054385	-2.189386438512176	0.6420204449203755	0.7426941245863686	-2.3153532846475837	-3.9092015634780375	-2.7973624114285616	5.805917917812748	3.3014978448790826	-2.4517794378092552	-0.2833579351622134	2.7702924683204033	-4.562891657305353	1.5008082076191223	3.173958042168919	-0.7736873591520497	-1.5952595016514208	-0.0472665166355167	-1.5084572226295907	-2.1674881590004493	-5.4899263083742476	0.7936805704529674	-1.225695656461843	-1.9613511573029334	-0.01929869969853593	0.2555540524547335	-1.072344456917532	5.118643045749092	-1.9803004899925807	-2.9114498278324796	7.525664992303556	0.4086224388034023	1.0888685307007488	-2.9890663016316923	4.907669836403815	1.691029458651248	-1.4776288711164662	-1.783522712315521	-3.1071045131566994	3.5101222889661834	-2.9154875679720544	-2.790015754263253	1.5970470157066703	-2.1311185191873294	-1.46994238326522	6.351094313644824	1.683822694467812	1.3352336646226122	-2.768798675852716	-0.29764123072357	-1.043256847620584	1.2077161862948855	-2.9076344609520772	0.1885387966767507	-2.9166608273121617	0.6521858166919348	-4.188530850161582	-3.13648232893374	-0.9836350552416366	-1.0360377886167111	-0.936004533138122	-1.3743891098362773	-1.2104421389940423	-3.9258458397157305	0.0697928550184245	-1.9853512588852011	-1.2269181161500013	-3.2680257024998407	-2.1424744716533155	1.6933056228235825	0.2242939011987007	3.7142408442016936	-1.1818576393034297	-1.4267396610678538	2.9242728304492385	-1.5777005719208277	-0.8892198508774266	1.3481200092839603	-2.535863063236195	2.703593982744638	-1.0613494972893616	0.7388189610789556	2.4767338127285567	2.1508617157936483	0.33843756657581586	2.0664279472716935	1.443284570861088	-0.6586161870275269	-0.13526937622165372
DTXSID7020265	2.6187106299289065	-2.290690143868035	-4.503283960006995	5.43539028838564	-1.6040224726649817	-0.4372783929977686	-1.2733754076485295	-0.10845074963355138	4.365878061650423	1.8408745831283668	-6.486982241775899	-3.133653523760732	-0.5547595275143045	-0.811155880199275	1.1478498566079822	0.8097399676816991	2.8743135724314834	1.5938430648261985	-2.537498091383522	-0.6470980037689589	-0.9332259360253802	1.2711203285126234	0.30177560430646144	1.2252990068018283	-1.6133298847149689	2.0537341555928172	-2.614764403543919	-1.4561882272124966	-0.7539870600066927	0.5884379035936962	0.7486469644053352	-1.1972013005153441	0.45972228950922966	-0.31524337463143465	0.5522133413583058	0.6609522990640533	0.2880641058856895	0.5234053429644144	0.1856518365509168	-1.7373309286614371	0.5178922179800511	0.05649171515586694	-0.2439500590473076	-0.623890868728402	-0.04221760855194365	0.9010069740178615	-0.22329302907776508	0.2848303685205557	1.335265603019085	0.38720103721297705	-0.5093461232923744	-0.6840881254839623	-0.8131898879574403	0.31187811938549165	-0.06022150731027268	-0.5673428662793704	-0.6852715474539646	0.7745206827738399	0.7735389863416935	0.17818388348180608	-0.2587535648112389	0.12489581084176793	-0.29982170854666024	-0.1258108344123028	0.13938447010666538	0.029421726575306766	0.7202106792406384	0.1753993599842925	1.811050519824769	0.403874484908023	-0.30660723215401037	-1.1228815521330127	0.5783757544727356	-0.9634640747167795	-0.9614745226345405	-0.002625808346229047	-0.837181882404786	-1.1648995225258165	0.18445553195261694	-0.15819675647059425	-0.7338379520746536	-1.3511394835201593	-0.8273164226233989	0.8059939285755023	-0.6309816985507556	-0.5741834067312755	-1.0946128600475904	-0.04739046523543736	0.06893386807480009	0.001853732366358773	1.060299166112755	0.9680128993241333	-0.2509056020843354	0.44436364353707114	-1.0318927644001672	0.6396861575951124	0.3518092259396335	0.4447789095895752	0.5912223808820541	0.28277829675338484
DTXSID7020768	1.3729832781162048	-4.572533123365625	5.257183796104262	7.658394532453729	0.0845340713281109	-5.125816294034253	2.2263620518136396	-0.27562063802160836	-1.6129014249754667	-1.0600230474797543	0.9166080324874487	-1.4509119169996167	-2.5915894015651353	-2.6117944019281185	-0.3166980140500576	0.7322917945618465	1.2258430259212796	-1.6995387090215632	-1.3744214607796017	0.24689321714982893	-0.26803047192930185	-0.9432879579674537	-1.060145217023309	-0.9620087622946087	2.0226338271575077	-1.0081473963765786	1.8023063503608117	0.03563920977636874	-1.6419892289832498	-0.5566657014353887	-0.8289409853091494	-0.23674577351084997	0.778665436917565	-1.1965118906645522	-1.4114457396751465	0.18253309026539502	-0.14555715618484427	-1.485282347495078	0.506166001273916	0.20864270313957572	-0.695835811091815	0.12982880647401124	0.7141124752020225	0.17512882713135053	-0.9802734068961757	-0.6010008793500274	-0.33123462399750864	-0.4696735401567427	0.4230283258642579	0.07456316255499024	0.1053969046124153	0.6380381554495183	-0.05699816837135866	0.15378373664492861	-0.4555249746058089	-1.0590730493687504	-1.134555348480352	-0.659033576967523	0.08885786361598454	0.6534545469990007	0.5887024047757932	-0.8645484429405367	-0.33688271076407195	-1.427032727243649	0.30426703334500516	0.6353208024013264	-0.6219732083777183	0.06340883557957944	0.6580860206335344	0.11318994379909679	0.9239069999309705	-0.13297571211972567	-0.3472979644825696	-0.22017405811538876	0.7648146590100883	-0.6807378947950498	-0.2413769851934824	0.45234289279569156	0.3923063124932833	0.649046047385375	-0.15673891283817667	-0.2248166458041273	0.17767870750282977	0.15011824333952684	0.22614492121094246	0.02052770697613812	0.7602282554542082	-0.35931776110452046	-0.08751384740093632	-0.438215749961429	-0.4092297255008331	0.5116183510299178	-0.3279071814242253	0.7880567234990128	-0.009854534118954643	0.1800945675282615	-0.25474954458588167	-0.07997135072077002	-0.2277436139014151	-0.15246603672212247
DTXSID9045897	-0.950997187881727	1.8327022634948233	-3.32695206784969	9.860039753717084	-1.5560444439401562	-1.6416378135100664	-1.1796992015236853	0.11146525782835395	-1.4451470798824733	-0.9125977466783057	-4.1962271593828815	2.619238532961243	5.583205939572217	-0.12869380997775193	-6.165816624126556	1.8823175401397565	1.5219409529404562	2.4268025494608207	-6.044656736633914	-2.9985401490868804	-1.209078904270798	0.9332300256914268	1.3234782127437215	-0.1104417426666165	-0.8891917603954894	-0.03585861406574685	-1.5307417860194572	-0.35581966608682986	-1.5799017787455947	-0.9891362772255738	1.5845655741464406	-2.132917436510154	-0.5713487601594405	0.11772297018703211	0.9724243311014941	-0.3415712965163793	0.2194942862210104	0.29425053745829355	-0.8202436494133023	-0.24303957489177802	1.2805059565186874	2.0801385315964755	-0.4752501942207985	-1.3124634366259038	-0.47807439804885027	1.019601539056726	-1.8228910989015004	0.3914629871243809	1.3362507489109308	-2.5144179334793724	-2.8303496539771285	1.3824695934576052	-1.6481731602141538	0.07130712871527327	-0.5926649363288791	-3.834869387850997	-0.09324869455131445	3.574552082074709	-1.0377112832131068	2.2596809693799518	1.864221466290985	1.477694986673775	0.9814481250004514	-0.6463667301070033	-0.45844336328584684	0.721365256537113	-0.26329858380389753	-0.1540005730533037	4.762383176508653	1.588699605347841	-0.28515195781389796	-2.3772605926728527	1.2133045980985961	-0.6958457821467742	1.2734010969098124	0.06069925713060582	1.9580723911336473	-0.43238044677908544	1.3977705649753476	0.07512692999602251	-2.078854484752534	-1.2890593275728899	0.15069246852693288	-0.8473665753246389	0.9991353074878419	-0.5554965686343806	-0.3206669120663757	2.6673754473051785	1.4823764360696716	-0.5704261711470084	0.18745541555947431	3.012998554950391	1.8283552145129445	0.860722027286834	-0.24767136743876386	2.6098007567970503	-0.24017704016100913	0.8643170142800498	0.1258403617941226	0.18071589744380775
DTXSID8048864	-4.622608834527427	0.9150156174368351	-0.07763883861214256	-0.5658651183491138	1.121860670879481	0.3880607566291299	0.5892207568799758	0.43226393659487566	-0.7832741897117433	-0.15772911362818404	-0.8720528776030734	0.22699683447920604	2.6197503968724525	0.14452194246148256	0.9655665765369066	-1.364357321641826	0.15654276508880977	-0.42256416132672997	0.2547664690090498	-1.0076665550042312	-0.1385381342967205	-0.6068541656890422	-0.4409486710325926	0.8930789976590622	-0.6375636028484547	0.24707907664386583	0.6379266478744874	-1.920041919853721	-0.6001336403898649	0.7643069787389435	0.4446824167978899	0.2567763939322319	0.07688136334431349	0.46498211798767297	-0.16450771627208638	-1.760973342838672	0.8231074585087855	0.03387970932785039	1.0285840164770594	-0.5444758199093156	0.8993587720389528	-0.07330817116235978	-0.6719763138486041	0.013886765876591309	1.1327889580019943	0.17045778681978202	0.58122821284404	0.4475338188694	-1.0659082810579608	-0.44537067809300385	0.530801407761165	-1.4034921286724027	-0.7233535480636826	2.3244511201440186	-1.4696628884557918	0.08514258117922958	-1.029795237544625	0.13186519507837752	-0.16652564845732146	-1.1794022565628115	-0.4655012380881211	1.2498144270879388	-0.7237694772996264	-0.20299771253703564	0.35573813529616166	0.015497275842953833	-1.3548323186850573	-0.4637430346691709	-1.3034790567640866	0.23091792752509516	0.21805543873343924	1.0462855892152334	-0.6143386533482984	0.7035262277134934	-1.4297828947303313	1.422227097527397	0.23851665605804756	-0.7530510420729107	0.4004054476091247	0.8055565738708191	0.38357547955174753	0.8016865448182718	0.310772812477365	-0.041274791307356326	0.2631601054540587	0.1409285499384208	0.05249994770123215	1.3176116035204273	-0.0622579164898814	-0.10993394262006866	0.41662412344369953	-0.8400538854237012	0.22326229929463431	-0.16915312542816607	-0.22701016597952856	0.06662448835935002	0.32715758061964645	0.0421719870700424	-0.13970002619651387	0.30561071665776457
DTXSID3046790	-3.7938620424665603	0.14337959475801815	-0.12551534848271628	2.4587124461633185	-0.23385481991280702	-0.67334679498984	1.2222192198734614	-2.537205317541442	0.7251628229652084	-0.7531669810981175	2.500490161916646	0.38750269148986155	0.3073418722530885	0.27308767827923675	0.19301254855001962	-0.11691895478169106	0.3257948001390622	0.514991284148412	0.5337271756435907	0.17109880627491136	-0.36327679852131384	0.8593056784156596	-0.08726935064478522	0.2651071337282694	0.1785489365376513	0.13808732830258774	-0.5290032538884436	-0.27935897927327136	-0.48909709914578403	-0.25714918354181754	-0.589542548030862	0.14963033773294365	-0.26045925545531895	-0.14555514416145773	-0.5180521240519124	-0.6127925396340298	0.42969984476765555	0.4158970424089712	0.036848126234614434	-0.40240446211561826	0.43860394539398473	-0.3181379276173776	-0.22743373933921696	-0.03347419078164666	0.3955934595205719	-0.3837841572318099	0.010980705918253552	0.15238231616717693	-0.1041747186039799	0.8994024467983893	-0.6128200708308201	-0.07727747571742885	0.17832229634203073	0.05251311753131288	0.3959105548635611	0.5780293177535614	-0.5586754337886244	-0.22810518622202813	0.12929089215993284	0.7135297888454121	-0.295134184623702	0.2725520381574656	0.8427704162251565	-0.7154968220642395	-0.5221015420374417	-0.48488213156154486	-0.7784636942846395	-0.14124691203293502	-0.039167047115998624	0.14862400231961864	0.006067974590702164	-0.058643383990197265	-0.20424345796125012	0.6476087375564415	0.22285397445433025	-0.3395743453184819	-0.760646350040299	-0.2376753343433053	0.43638762673440296	0.5077999685074841	-0.12526813159451564	0.09145365158874742	0.28717344244106685	-0.28541600386505483	-0.6425486525366026	0.013700791620282092	-0.0354536198266309	0.061901369357176876	-0.08843566671280349	0.11740187861099302	0.1531723865683858	0.18362512682235735	0.11662326499875404	0.04989630281198968	-0.022512277646404195	-0.45274753063831963	-0.273248527170715	-0.2436939974150041	-0.027239281231704826	0.10005674409222276
DTXSID3024994	-3.2548228556220202	-2.7019962385421503	-6.076747728953647	1.739410496154471	-1.8812090696588306	-2.353507002596631	-0.35088903200304794	2.1064819952022127	0.5119492252270301	-1.9736970560051492	-0.155325477748219	-0.6039145276016771	3.2002872446195707	-1.4425699909347858	-2.0154060747727742	2.3135490678152295	0.053001128182295416	-0.6937381219863359	0.34343490613621647	2.711704035933249	-0.14428839822804887	-1.508840164205632	-0.5856636506644605	-1.7997536530191438	0.5281000055167058	-2.0217969875189	2.4870237337037	-0.2617851225439958	0.6206808081457534	-2.7711982917287994	0.4748747527253183	1.1912960797882475	-0.9676983134656789	-0.921952036059077	0.6947100988503994	1.3923966183116048	0.3085278003350515	-0.648398536586324	0.350503276639019	-1.363430574323089	-0.32214524963629254	1.5354484279452438	0.479454943050134	0.7306748903763979	-0.023113776715697792	-0.6585880259756495	1.201635706495006	-0.4696230635736587	0.4101029463407454	0.4677939387351998	-0.6444038260497094	0.7073247129527029	-0.34532550909042165	1.5072745840782544	0.6852294193144726	0.5453187218763605	0.5032703363182033	-0.2044767895599089	-1.7442694796362659	-1.2100772051712068	2.4687871413823568	-0.5767915635685237	-2.422899093747478	-1.0815583197048662	0.8118275900821721	-1.8534774464115238	-0.8166376497264111	-0.12300178342778413	0.7393056828215115	0.06544471810667445	0.48294160440015893	-0.0866653194472516	-1.08120496363358	0.19237689930998028	-0.3362645872770228	-1.3162354473667652	2.1689544706800428	-2.45050513757593	-0.9415384281171704	1.891647170578776	-2.337052777814871	-2.876109642082997	-0.010333183749857942	-0.25553215155326897	0.27943527356010445	2.006270542906311	-0.6466285211732806	0.11000781520639824	1.165814047448412	-1.7039221689529653	0.8850406089772557	0.36240522872418307	-1.2730410158387404	-0.1359971551794973	0.9900611742744639	0.4037095502062411	1.2052323930988902	0.3404571478907276	0.12495918259225006	0.459586079385749
DTXSID8023848	-0.2234450532287114	-0.2570175358754928	-1.850873937654121	-1.2876935623026227	-0.2793391253846091	2.09411455784568	0.14814865999303237	-0.5907278162644009	1.186150838050339	-0.3522280671864815	1.4767864268793298	0.230449771062527	0.07516723419305911	0.6626504425909276	0.19353413570285144	-0.9983850917714858	-0.7297132988672342	0.5383415945034581	-0.36968229274576947	-1.6297792770850559	-0.10481991905440467	-0.8411554439425444	-1.2774966790352265	0.7905199841029137	-0.29444784159240717	0.10460344401639597	0.2618257753909198	-1.0069891606041181	-0.35024971169443425	-0.8252026084125245	1.1501274634541063	-0.028910356957786886	-0.654477743973146	-0.1634571520117168	-1.2061466676139354	-0.030735771619383578	0.38606840520929253	0.8714832519469241	-1.225256112943942	0.4987932176779772	-0.1407211769358978	0.07197482125780731	-0.3558427077152934	0.8411256794919304	0.4585505840968315	0.7195361537905592	0.20917349104254143	-0.6675406427410132	0.44937976000640373	0.051956980931677325	-0.138953411540977	-0.26624270260493427	-0.8201774388080801	0.7698192058835025	-0.2909044809639124	0.9375727853773659	-1.1170463101771158	-0.9087820244775605	1.5698421954215716	0.04088159244856016	0.5609750733840332	-0.24320072254504602	0.5819485100901617	-1.4423678971036553	0.07586657900582887	-0.7277500982929942	-0.17159854569881608	0.8405694867426563	0.3467812256498637	-0.3167870941123557	1.1074569094207432	-0.5530805806486562	-0.7330005636472163	0.4439260833408289	0.5911726239334801	0.5522176966775766	0.29035373248663704	0.44546997962902973	-0.7447981758919968	-0.20633723830567466	-0.022888362546508053	-0.475697260183687	-0.4052408274165902	-0.5593762120811687	-0.8283823940567592	-0.10373976164713825	-0.9652141349609163	-0.6839200963378491	0.22915010313329795	-0.15827905659799363	-0.6764694265001383	1.1781550342860436	-0.39227266345520706	-0.24540634671611197	0.17082973067764676	-0.15401824764854935	-0.30723381076490325	0.38798549264459903	0.24263700350939096	0.06455318625551479
DTXSID9023419	-5.522737411372037	2.7515174831273383	-2.4910405201021844	1.0765625355768869	1.1440265204781574	0.16664124631095256	1.3914297837019212	-0.42431112755010114	-0.8047754790172129	1.0368332128697568	1.2481095270368758	1.5426206211648117	-0.23806866867073273	0.07626905893082114	-1.6079558522246147	0.9595847894385272	-1.5269579853247315	-1.2587104350124336	0.09479312988937873	1.7596903060340652	-2.5875988089237563	-0.07449318338412973	1.283603276704768	-2.376140339059513	0.05365594724835541	1.7583515480359266	0.4725860679560528	-1.115866201419403	-0.41946089553031546	-0.9119984269864096	0.6526400552313556	0.22341129378709948	-1.4668288341781788	0.7014589514149483	-0.06619150632859606	0.9092173709241634	-0.20712950119291434	0.7876401442457187	0.08993854225925561	-0.2616348809057768	0.36268120700200224	1.7171618750932995	0.36758890150784207	-1.3664043989918426	0.6291907525260593	0.23811301645591426	-0.5649375736084031	1.5137915567947837	0.24205242798179993	-1.0652994191705645	0.560604321432215	0.8217364750389933	-0.8373204754223649	-0.475462173061928	0.824554765061955	-1.0898351033076183	0.28668114601280154	-1.2862464924996775	-0.47462806822514464	-0.19773613151336145	-0.6635590339913099	0.7995175903635495	-1.3671257385548963	0.17794384996184448	0.2528532587326012	0.2879143817254848	1.6595993661574167	-0.645324805301855	-0.020961311219104634	-0.7069455175067844	0.03968091099729995	1.2731488179736654	0.588981370712241	-0.9321903931847869	-1.6318033786182062	1.2221770631331303	0.6090175367465498	-0.02021455495666949	0.42012390168390007	-0.6273620969761428	0.60889938915033	0.9974222756618304	0.03866272821870772	-0.702494092363851	-0.18019221632957058	-0.4947129046012279	-0.4537000363069083	0.7479333812853965	-1.1365563552801925	-1.0941622543573204	-1.169228721573676	0.8370086673579469	-1.0257178821902022	-0.029586387479370552	0.8100308432029708	1.2235402554328638	0.5703825979120548	-0.009759996455457434	0.34999638318511694	0.06623858317110985
DTXSID3042059	-4.401613166047276	3.448990233722223	-3.2236668918187688	0.05169799384948327	1.2914884057464606	0.582902793584241	0.9077396340305377	-1.6049218156952283	1.260488441071936	-0.4265948220162875	1.7321812736419375	0.7452658806041301	0.2995825122673411	1.0445547348842987	0.4997689683783058	-0.6536152396191958	-0.24631446869338697	0.9139775746722117	0.15078814999729223	0.38758548291156714	-0.7619678864602503	0.464562790101233	-0.450858104712896	-0.09704536868380724	0.13116971764329574	0.17738534688382346	0.8178223750722259	0.14993325512304956	-0.32417879973422475	-0.32409995340386416	0.25448435122416596	-0.22659397908497883	0.5330061239950177	0.5650476011976172	0.042792749317279485	-0.2893038318261467	0.5730167670798981	0.6608395536896907	-0.09117173195802576	-0.4225846799618895	0.14889008232771347	-0.5611021021175993	-0.21735443985506547	-0.4548805832110788	0.5483307543233118	-0.40251849284545416	-0.10763709198530849	0.08200115285808611	0.31689939262169214	-0.0072488685838991195	-0.428224182493145	-0.4597449311922394	-0.027427279092134403	-0.7338834439953327	-0.4470416149727574	-0.013127744254279337	-0.38645681821631706	-0.6532843848565258	-0.21396174172823998	-0.2031767822114301	-0.012438209887056113	-0.14449412767706857	0.015189210663375096	-0.35497034681463413	-0.10371691430942463	0.04107023529116046	-0.5751660412368556	-0.2148005748611331	-0.05768136556794769	0.4005173612838857	-0.908556425327772	0.008739625125990361	0.11857524786503523	0.5175641469356883	-0.19069948046961152	0.33635918791769165	-0.5046305928707645	0.44455598138025165	-0.04164562136332029	-0.15134647625017722	0.10424530488972258	-0.7087873203553436	0.5046054873396933	0.20654409224310089	-0.22928690807054744	0.38289942520526976	0.008772027701031665	0.2468339232135849	-0.4063623786463725	0.02011939838743654	0.46245934237233544	0.4357123817385665	-0.2166853966476558	-0.08348368565510234	-0.38703973100699074	-0.1475061810543306	0.2008795852306651	-0.3965384871807213	-0.04499434492131309	-0.08098962120801806
DTXSID7022839	8.31756788884215	-5.725169883972642	5.808915276923009	-5.690500295822416	-0.845188966155563	1.910394071027783	-0.3976771505112532	2.6212790593521453	-0.2602125880434288	1.6002607723230324	-0.9257061479125106	-1.2388429761609088	1.8101914142483413	-0.3409713594122229	0.11827416227975565	0.027044550317952845	-0.263483570124128	0.8412154222522717	-0.02024760872902476	-0.0917567170673841	0.9569090660262048	-0.6347966894593166	-0.16853561191354124	-0.5020416375377913	0.23709402941287883	1.103821303383693	-0.3309917376434496	-0.12029535274209492	-0.547104878185774	0.038439178601470544	-0.8637043013216286	0.1390809863576822	-0.18836845549787237	-1.2297531990648727	-1.1233549828584657	0.11855834568332003	0.45103542105001126	1.2833285629635625	-0.41568001248428593	-1.0665891579086977	0.2589253624201155	-0.0009055456535274629	0.3573263904905552	-1.7927608907388874	-0.4561450476960499	0.8813077673768456	0.5426162227821694	0.681655613144298	0.41032522403954913	0.7685186748722407	-0.6421614520395125	-0.9394021342352278	0.056498728828552586	-0.029345662892237643	1.692786765557092	0.20741048145559354	0.6654210404565022	-2.7646644483342357	2.258834199146296	0.9703130523819931	0.6014122240106302	-0.25845254677387736	0.8640112881326206	-1.4598808073063216	1.300278302622754	-1.2438395377712586	-0.1559273488338004	-0.4579247079422487	0.04961326463080932	1.2868003707312636	-0.2874642422029839	-0.8503382553599678	-1.0055912119803676	-0.20281569290558255	1.7521781781850647	-1.4524743399663622	0.42281778648257107	0.5927903063884079	-0.576208491767918	1.7110375242666045	1.646839378306267	1.3750181121712206	-0.47398382659828714	0.5751805087123515	1.0620335760240411	-0.03687710365420903	0.05019694380779355	-0.7977813574752785	2.508031716869771	0.3928614731980752	0.5605662374438016	0.904740008979337	0.3320937633392641	0.5269565147731838	-0.22858718757059504	0.5901181562372092	1.5235592995574068	-0.530075932938987	-1.3998155807985635	0.5483291140684224
DTXSID3057644	9.913013121677185	-2.902286174810704	-0.664019995417507	-1.5489782542929191	-3.8589647786933554	3.2958729692047535	3.461462347240066	-0.211535091493781	0.2646338263305155	-1.8333761090469105	1.040107597517121	-3.9925646008051787	1.586272351050215	-0.6573770032124056	-3.1650241353499435	-0.7451682263089613	-1.6725199055235886	1.2733055822380739	-2.9905583908405484	-1.6372599888244763	-0.9880091424490842	-1.5415570192992702	-0.7389248368826095	-1.9901414224865197	1.811684235570276	-2.2667814254749703	1.1115857100644864	2.4027517816882145	1.2334767435219234	2.4384013709040784	-0.6426697134272473	-5.709110326693817	4.382109228991659	-3.095320595239017	-2.449726014621382	3.938353837325894	2.9342267482718336	1.8218245694240482	-4.643345462502788	0.9683192843831414	-6.377486279544541	0.7614190307170317	4.631754617295151	0.5183199170655627	6.508404738805303	-2.0091982820660443	1.164869313239629	5.175472273703511	-4.864205225153483	1.3800922955468646	-1.775919374737994	2.1549598293153394	-4.578307796994178	3.1460285179231744	-1.7803623821038495	-0.3461308014549981	2.4553338439154953	3.4301014293539676	-1.582696907911356	1.9735859883887183	0.16651167237247322	-0.18506126490247163	-0.32211106422598035	-0.3506264513751047	0.6314323396394165	1.22683198465255	0.33772022210888664	-0.07254380167371662	0.5985003952170219	-3.6766909954657634	0.8714733031708368	-1.5988878458049676	0.520890875793001	-0.13676764936495792	-0.26554904346693453	0.1378287366638975	-1.2119344233426255	0.21962264616364421	-0.6695155836570875	0.0582357534994962	2.4967815049323634	-1.5835101914508234	-1.4284438565837527	-0.8675237463427583	1.704578098571201	-1.5173831807813312	0.7811352680382426	0.9165137383768179	2.1240974408081192	0.2762210313641061	1.398010500767127	0.027957132107663173	-0.735009462941205	0.03176992790294676	0.9949744502194405	0.48328955933944295	0.6738436450206075	0.24961015579533583	1.0578674316195238	0.4303022919842874
DTXSID7029249	-3.066186236779015	0.9865271362978942	-3.5219452404722222	0.3492244045211762	5.641587962951021	1.5251997159018045	4.3749929079693795	2.300423053471125	-0.15691584445237713	-0.02907408131099275	-2.4235501279742504	1.7749098849589189	5.482475044339786	1.0053478853490139	0.8869301546618911	-2.6047564977038546	1.5335221625877682	-4.817576743329486	-0.9332079976820583	-3.91578415537177	0.7013391395250888	-2.737034991926682	1.0851395841816127	1.7662741997334843	-1.7140818864835075	-0.9681091031390767	3.036402462595805	-3.9740943152912482	-2.1850057139006736	-0.6415950896869399	-1.1695520201799825	2.1723335692071752	0.0360892857201869	3.6276120797974896	0.9413307814376871	-5.467274424355345	-0.2650014749871036	-1.1929618948859153	1.9891357939389243	-0.861722838025105	2.8517677826915953	1.3282558617168159	-0.6379618463612052	-1.6548569129112138	4.48758855906721	2.637118556095152	-1.7131274972694	3.4653366546577713	-3.3334707161847588	-1.4384682866573122	3.429742771181344	-2.0569299083566497	0.16388474160432465	5.663485819502787	-2.263688044411151	-0.6272558690614389	-0.9500677806697702	2.294347158939463	0.5659701381374843	-2.5278320215037184	-0.7751727973044207	0.481982008515082	-3.446752050114656	-2.6005926474341696	2.569152607397257	1.2504647561211244	-3.493908649642737	2.677827562608853	-4.333974769717741	0.042654631432545984	-0.24693401575864385	0.7157768884848816	-0.9717472330078446	-0.6077352836205072	-2.707890790474253	1.2771391521633748	-0.06811358139975734	-1.107640101733259	2.4378772343954536	1.4231862429737987	0.6001456706467795	3.91147359028684	0.3496877530742557	0.7820094863185868	0.4591594515401122	0.686871166719984	-0.18002582206378495	0.9025527086036118	-0.602547977230727	-0.5962540381345453	0.5445755278844533	-0.5679376708999521	0.2856657205279383	-1.4857240674662255	-0.12403991390114834	-0.163734608806184	1.0772029380866113	-0.9100478342602669	-1.2531085088683487	0.734708046585571
DTXSID8041117	35.68917959420071	-1.222821396757044	-7.5392897153629175	6.588033325227814	6.944663737175621	-2.750164325193906	5.552989314285359	3.258559601470312	1.7517921675620223	2.8054392437691704	2.369019208559004	5.263160464167627	0.4400905478765949	2.6454887702688277	-2.376130173131673	2.1180524349614465	0.6018910057321575	-4.925376864457903	-2.408014919180888	-3.279281699245521	-5.352891132399913	5.730661440837708	5.459066375989751	1.8852815831575158	-2.2034670694012783	3.825677689551201	-5.704368925707068	-4.4565096396499335	-0.4033815995304475	-0.857679011358782	2.043916020602679	-5.218413948788556	-1.0827496747374368	0.13318306494180657	1.2916399195130466	-2.3848929387373863	-1.564117769769667	-2.6594701270764007	6.089397363731595	0.18610631055697843	-3.739898933088506	2.1086858228461027	-0.6909160221167441	2.158552672462039	1.725415717424105	7.810149767670348	-2.557429034513817	4.109105316953739	2.7887990326077587	2.4753377360787128	-2.751726461632072	-3.06188892360376	-2.5997445597774353	-2.376954379172853	-0.841457499623274	-6.902369296699529	-2.209169125169152	-3.12163759154642	0.6305997677725838	-3.042441380066172	-2.490239922146877	-1.2647990816379184	-0.6053498020713896	-1.2357458612849013	0.28231064318567717	0.007897368156138907	0.8293952731236787	0.4111910272600861	0.3982469601074755	-1.4634762552212468	-1.4860941625146724	2.4220559643967743	1.2868253431187502	-1.2130958964403111	-4.37432976588155	-2.7404183491249157	3.5296659854489194	0.8555900754646083	1.034185632094895	0.6512839130498502	0.31679867806324097	1.2430700475941003	-3.6991204433178275	-1.7201401767878606	-0.3101741880855351	-1.7369844306199764	-0.12021536821181711	0.8484830538060808	-0.6096247081127326	-1.0242132532731052	-2.603799225701022	-0.479567457308004	0.29997986709645874	0.854649311694465	1.742538313810084	1.0245754809849241	2.745692543743448	-1.8620898547420286	-0.013062154516295733	-0.43838884202468054
DTXSID3044625	-4.766229125708457	1.9405816668195146	-4.775528581353394	4.304668871547671	0.5061298217123592	-0.3516076084577864	1.330225091834099	0.9638638914124876	-0.6089353879614907	-0.7993285574817759	-0.5585523164921345	0.7580488700331646	2.1025151167154332	-0.03542252585450558	-1.8116818629569467	1.0646899187391143	1.329989268645993	-0.5073104814365136	-1.3779659661766384	-1.7683403083314335	-0.4582784621863132	0.8409158087481987	1.1603182759242343	0.28679318002096615	-0.4918873663970007	-0.2670551853694099	-0.8285052981268827	-0.32198711264878016	-0.7847972316979139	-0.08958634944343294	1.4814433675362588	-0.5319270175290446	0.530206069783711	0.9283699951060072	0.12301410430356122	0.025887798833869446	-0.1160321861020145	0.8550417185321447	-0.21097588476417245	-1.267452358160715	0.6717137694963105	-0.17221407956596793	-0.5033427001099664	-0.7107135853934612	0.46758976112545736	0.7205934571762146	-1.4227222630039387	0.7831431172928242	1.2881005083343748	-0.010573527431769831	-0.5780228048422963	-0.8019783097339477	-0.8557539903365337	-0.5238938077159478	-0.8662679651056177	-0.5518372912085328	-1.323943275112898	0.9326349344639656	0.9560598596060051	0.483756141145821	0.2561169274621922	-0.8410101357719403	0.2908971333637308	-1.0632659573361192	0.8193903940397461	1.0052425404321321	0.7973406240087152	0.11504508672995317	0.9332663885349833	1.1966374456722564	-1.3479173425000763	-1.0995834943263316	0.10799388476585169	-0.1873275767377052	-0.45751636007096547	0.500378894868507	0.004998812525111189	-0.6014195745893481	-1.233444799907378	-0.8821242599126773	-1.4538688745939272	-1.1079179405796546	0.03557298026194306	-0.4330298739021027	-0.3518217709301087	-0.8322720145243997	-0.987590204577582	-0.7275120374453861	0.31206241726714623	0.13372363693494177	1.187022928049174	1.8126720151734272	0.6046966473510911	0.40192128921883985	-0.2361750955749829	0.42467504044857407	-0.9197289448132808	0.17279705867381379	0.40654213345661855	0.5983362559299001
DTXSID3032389	-1.7181605840081993	4.133765850363958	0.2918953652729511	-1.2706808208389453	3.973124807488866	0.6047318270466169	-0.2295947530527685	-0.28112281271185746	-0.1658026123438925	-1.0105337007759705	-1.5416267754104906	1.5550342242873905	0.1231019781404093	0.07457417044695723	-0.13870171152107727	0.2365701142794537	-0.25687267997471813	1.4240413194063106	-0.22425792420440033	-0.4563170601864539	-0.4212270128135467	0.2946962892231072	-0.9388261216010176	0.6636771243112134	-0.8250786024755257	0.9698445844042735	-0.06279830454896401	-0.15132306944949822	-0.06265349668037277	1.992690488730044	1.3194884445023707	1.21222255314186	-0.0957325070765777	-1.2065078343708113	0.9733351301162095	-0.6398358703450091	-0.6858275481066723	-0.8990081609036281	-0.35960253192755204	-1.233448782240586	0.3404587599102614	-0.5195148630144238	-0.09255626887094318	0.30238272098829483	0.6063058295800673	0.31219314651829383	0.4911098416568783	0.6677097301213447	-0.39600258218092477	0.25748363698641635	0.21632699615693338	-1.3692185697721053	-0.6452661204623661	-1.841779840391959	0.9114346796339626	-1.728899453188895	-0.8527145257584743	1.2153310554495398	0.6434514801763476	1.1319020397493598	1.2300799395239197	-0.19370619986240406	-0.2516167713408912	-0.6799550106328947	0.5848097731866062	0.5864283185348806	0.9277625028726869	-0.5190459700594222	0.9643631322020262	0.6167064380006478	0.031178982281326446	-0.3831226362109471	0.15257777129152933	0.06268490875368571	0.33327428538129	0.4846679706052089	-0.19094422567977332	-1.0918365634037093	0.8146486702349099	0.15372414637269277	0.1359980214799753	-0.24523461631613463	0.1012463534472922	-0.12673103020501647	0.2628463850355111	0.1314722936052127	-0.5360456729379234	-0.005136534259735535	-0.0885991262794957	-0.8526545623050615	0.0914175433186527	0.7074790775688585	0.42580528215935814	0.350960161786187	-0.5216369241372552	0.28114695768332293	0.14394009411139375	0.12623180128938685	0.42035293604416923	-0.2372975701212453
DTXSID4057710	25.201913022496758	-13.090182442253553	-6.7692190089276805	-0.6805736569345163	7.76957952200293	1.052200283046467	-7.2266393608283614	0.7882080633087759	-4.397570506465322	-0.46721956824882227	0.8658871271006904	-7.437159496694748	-3.3418088621590374	9.344244259636422	-2.096312852522164	-3.5038361839991516	-0.28121090060432397	-0.2521312008537064	-1.9478209832792566	-0.2031965577077658	2.816309847123397	-2.629279998561546	3.1841468865971123	2.9515859387653944	-2.3667828780646425	-0.5589515999769019	-1.2245746188434872	6.7233080499477325	4.816295153830541	-0.7459996369534584	2.2595313387970557	0.1326872178933095	-2.672541950920891	6.5213932686817	4.4209566175464445	-0.5804719802367461	13.944718033682388	-2.8293739764553867	-5.55391683482888	-1.876774157775678	-1.9333638248986724	-5.95046651822299	2.5233595416223613	6.363836613016518	-2.6902058565053593	1.4122582763473257	-3.7303993322135627	-0.16717014921637585	6.403304729836021	-2.8340780785321154	4.682826307070932	-3.5280560478277647	-5.26358204185007	4.5808279871952005	5.894647601411943	-2.698961393900126	2.858680590454499	-2.885418030021922	3.9415313127435536	1.046987316411096	0.33578654902193056	1.3759481085709213	4.315943651305301	-2.2000133048391413	7.69666050365224	-2.1206053076788884	-2.0525807100879887	-4.097833829678963	0.26730818679743884	1.689451657416368	-5.478380120388712	5.713140785994657	-3.4909963763573044	-5.1241321245857225	0.5001706912580708	-0.3756466322885851	-2.97882680807868	0.6304122187276511	-0.8718444577531126	-0.8381683800264713	-2.290100715925191	-0.9056009115517976	-0.27767102942309135	-1.4004163055295626	1.5107673513030013	-3.0772157309249657	-1.0159191909316274	-2.0048323983623955	2.0756167900506157	-0.8361473149121176	-3.674332006751883	-0.18136825452424726	-2.9751581270770835	-1.4221687711224398	-0.5364809607144568	1.3002633217014512	-0.9510744769417216	0.33150343522824555	0.10053504100790654	-0.13137923599809123
DTXSID9045390	3.8836360127328944	0.5632964343343565	-0.8694247746581695	-0.5227759739088179	1.3783537583017984	0.10718931517417651	0.7417072682608883	-0.3517907514603054	1.067060284630839	-0.5228919432377922	1.0233870187864074	0.4916892083722141	2.1544556630737155	1.7576670130640395	0.13416852869361248	-0.8769413385471222	1.7368627126709049	-0.761103700400295	-0.9254938045350758	-1.7672983827082915	-0.8258088647135261	0.18237057917560237	-0.6169656736263139	1.5706649828338548	0.26434167861127156	-0.5796299887845069	-0.519815598958471	-2.037069613626176	-1.1652249033811193	-0.329649714877187	-0.12070978676468963	0.07632874511989227	-0.25108568012667765	1.0255951051817898	-0.11140596762789226	-1.9914179266236358	0.9941811741625348	0.7006492800256414	0.627132768975978	-0.7452940814254954	0.9954188699599342	-0.5821230797077529	-0.6958293009436369	-1.1720320420136765	1.010201151973103	0.3638087970893165	-0.3942024431841955	0.4490519712017065	-1.324032944010236	0.19514813776139645	0.8475840087032475	-1.9013911176348839	-0.482698247944224	2.738800806809445	-1.2157065205514386	0.5376498435593098	-1.0236198767511064	0.8376677330268719	0.08029708652777229	-1.4424594471784014	-0.4912588350067261	-0.12793486216647043	-0.4807401853207057	-0.8153542530223701	0.3580235519941334	1.3693596107738484	-1.4745249791240125	0.02770769882323625	-2.0430807502800494	0.5145316888432385	0.03491650181988867	1.151672903904169	-0.6422861678276452	-0.12148424957419356	-1.4979356078747545	0.4060827395875368	-0.19367719986324827	0.18472667982443414	0.14286925605295558	0.8000701782399555	0.7951361408675777	-0.2779057024528847	1.03759596496822	-0.7634197500899558	-0.143038018339149	-0.2694993422086315	-0.6361973698618433	0.8082298390541768	-0.7852066208001357	0.04216952250309248	-0.4516222163224888	-0.7272938647374455	0.06169593547473041	-0.008656571343453892	0.4959061065673877	-0.7383714416091217	0.001143650486378996	-0.5377884272866584	-0.5727946543789009	-0.2803769806480151
DTXSID9022815	33.118700169526115	-21.21028975743882	0.943854553509893	10.940894178700793	4.994225842013306	-1.7760708193589763	-13.493963997285537	6.433169551135411	5.251898020446481	-1.6968337163344194	4.888948476296049	4.617002774779773	-3.1825545371161827	-9.76974464326289	-1.9175606769560387	0.8745574479748159	-7.477950787821716	-6.5179014248417175	1.709484118523565	7.9955941099787795	-0.824421617369509	3.229132443291602	-0.5086241586847788	1.9121384969096873	3.862530198202109	-3.976883898068313	0.9521878900365172	4.9348207912661355	11.175290814834684	-3.13304010562626	4.852457280145894	0.8453373573953779	2.872791305772958	-7.256843236149434	2.246035278200842	0.458390979994636	-0.36460105598599696	1.812472110984893	0.9301017019748937	-2.0588147635132072	-0.9199332159171782	-2.4773258097514	0.6719501235465389	0.5541763290533364	-1.525168849090906	-2.0952516389788034	2.995285339519762	0.2298780809014755	1.8483375078822877	-2.1317245019924806	-0.3010273636261363	1.7710991543774444	2.054155004592946	0.2503038119494312	-1.96410637631147	2.6528249973916274	0.8624517922696221	-6.570445034330935	-4.533659973159689	-1.0231515657019448	0.1260723426776954	-1.0036489596048783	-3.9191595842081997	-3.631071505220807	0.1973088138227564	-2.7819385981853837	-1.5768574266117585	-0.2404501234358153	-3.0762520293408024	3.8612325597255928	0.17178102246481858	-1.9983057678637155	-4.252524082113132	2.4201293738958696	-0.10925695493808903	-3.5177675722926307	2.1442496221798213	-6.803887562380911	0.9604118184021267	5.220937544240694	-2.3623517391909936	-2.6533003313307737	-2.565442733871834	-4.338271402360067	-0.6737900833102695	1.479457227830578	-7.766010496449397	-1.7744300822717567	-1.008909297412891	-0.45276602544894856	1.6140267563944664	-0.9975846494090955	0.1232767199802466	0.35769122995963964	4.979970889342631	2.401817259889409	-3.3401501290200097	0.5291897966545062	-0.8629326877664503	1.2242253002593069
DTXSID8040145	-2.495122009625857	-1.5865427343217942	0.2854089658297785	-0.18438427023152926	-1.928441423558851	0.7064802426323504	1.4095299879941736	-1.066154270973341	0.8155862193124163	-2.1626046011424953	0.4071752484267477	1.057580085469377	2.561446565678764	-0.2948198726857753	-2.139787456614086	2.3134478846469495	-3.6903216097643523	-1.0254262582070095	-4.928702673272099	6.285704012456372	10.316050616203452	-1.84593835844789	4.060791733658476	6.807836045239194	2.6697614296710217	0.37480990398473607	0.47201476740493714	0.037689399859030775	-3.019333781009008	0.06736015353434965	-0.39286486777764645	-1.4627587952166314	1.3158401752938025	0.8461515533396702	0.15752611337931824	1.516361776502843	-0.33944648091015345	-0.20468945556693	-0.9658250113606721	0.27522923316802506	-0.0867128416986128	1.3918898606713996	0.675276112411669	-1.1120273434662267	-0.8200899073675635	0.9469234529188791	0.965446496200612	-1.1516144535464512	0.8933729244785674	-0.29334080959965103	0.1455781339044881	-1.4423530867467689	0.06412246831642883	-0.8726268716159536	-0.05900901757793476	-0.9990157569077653	0.6488579241033166	0.4947727017077638	-1.312091036331535	0.6990675453479319	0.02468601443446759	0.1610137800694108	-0.31206662959540643	-0.22872000472886064	-1.0432123604438264	0.3126015524503365	0.841960667173248	-0.01026775633734959	0.2997396222311573	-0.15286414222010158	0.4664964828844972	0.3484890438673362	0.7106399537775193	-0.30768456313385306	-1.3123811201592208	0.9143001495228551	0.2043263260162352	0.047967444307779585	0.6493406936542585	0.36045082548331986	0.09243424512801875	-0.050158019982962446	-0.45292577007684376	-0.8121408418501668	0.39324079612991164	0.11379966105666472	-0.09778704483818962	-0.5404568742600169	-0.2798303951932388	0.13394626115920827	0.022480560161739355	-0.16283544457500318	0.22652850919209458	-0.7526938204520655	-0.3212906365370356	-1.0847354049011877	-0.07411705801276848	0.16760230186154268	0.042775340906606465	0.22380926176827007
DTXSID5026918	-3.1271903980789175	4.822183922282758	-1.7198334400941653	-1.3440828712173478	6.77899300024178	0.16570749217992092	0.5942724915064017	-1.1815491142806671	-0.6841498852616467	-0.9010794886589645	-3.1615545308533446	2.3206896469251084	-1.335120643492488	-1.2514023816276705	-0.845166477624847	2.388775836660172	2.165217982930126	1.380517979403815	0.05522879258494744	-0.6791540240980419	0.5293687566318571	0.6846369889897592	-0.16348565597790077	-0.397562388319411	0.7099655838972552	0.05818718613945261	-2.1487754722048824	0.9125620356944835	-0.6954451374311261	0.26032151235288664	0.36609532122207317	-1.6731963042710538	0.6167242787022259	-0.2898282863671721	0.6399949069530579	1.0474870239297256	-0.5856207497506681	0.1611512615935528	-0.5187619570663601	-0.05298790511019553	0.5269902465362287	-0.04943079408085881	-0.9939388664730646	0.2985711634905941	-0.48515556881191885	-0.3277604096564181	0.171789667541776	0.214593748379838	0.23065164660185566	-0.7919940643441737	-0.2411146118023267	-0.06652894682133086	-0.34091990438443576	0.32664793479136295	-0.28697111848296836	-0.2043667942140037	-0.7834988882912978	0.32951927110897533	-0.19718529797755174	0.41053439420958027	0.07580172624145728	-0.08181666976448126	0.05246575379016107	-0.4008579199157081	0.8218795470164861	0.10001094929710155	-0.083847607671875	0.19933724443498302	0.03112587812476366	-0.251770475689687	-0.05802019501720951	-0.3487550546174073	0.14660268338199736	0.18429261825841295	-0.8485491948818493	0.5338965707054821	0.18715488782163126	-0.15873084787869332	-0.15305995669110878	0.03792000324286015	-0.5523823566861896	0.043171513835797946	-0.05870068696192551	0.009947655402184197	0.11441195604721487	0.20149970807502637	-0.3292163140607735	0.0764920338354487	-0.03727922897534537	0.037439825829831054	0.3199105084278069	0.1854229304457434	0.17620283745583754	-0.07406358373906448	0.06717029562924273	0.19259565885922866	-0.14235055763840007	0.01832359626257523	-0.08433744356549967	0.18767385797870312
DTXSID5022647	7.032256556767128	-5.95147785155075	-2.5709638726662076	1.1783302798574764	-3.4851571770330363	0.9790470561126726	-3.7850528619157426	1.5200272465848312	-0.5282288664012378	-6.192758015006876	-1.9205251826348793	2.5784934777165565	-7.2257255557101585	-8.99570086914339	-3.7168298967047804	-7.855357813740533	-5.884628567512546	4.693737602721124	0.9224051238421361	0.28578298247455425	3.589607004018168	11.818907432159925	6.641621826894943	-1.7057102068071381	3.571515727597189	-1.2713611759967127	2.4176678620006657	-2.287740563671896	-6.055664407760295	-0.21724677395999542	4.0269428284048105	6.387377632511998	-4.676394050209666	1.4414873569956412	0.33640721972667686	1.669998662693286	4.852404496072752	-0.8345966457595193	5.3857133110502495	2.482333335661979	-2.07617027737201	2.892649918982231	-0.15565062029641188	-1.6146089102397432	-0.8431461647385963	-3.2234657877974096	-0.9143430687013251	1.0845317492167734	-1.421289129239121	-1.110478047392141	-0.1668759119258996	-0.9197869285943597	-1.4627488793239278	2.2816481887013276	-0.29543874140383625	-0.3927073581808367	0.8961120900246426	1.776296750578507	-5.150881961168001	-2.833456862870476	5.6331776226848	5.5458025383644705	2.1985078061582195	2.6808984611769615	2.7717076670969063	2.591376993806074	-0.18996785737925395	-3.8382159218123095	5.602824261344619	-0.3109284723725588	-1.7401517700337799	-5.7544292419603	-10.239310183361798	9.017206881533115	-7.096729285163033	-6.412754199177979	4.7597983096536485	5.691172304282761	1.5127207128796403	-1.2721537826142773	0.6842294943623951	0.8574774321560302	0.2886815318378073	5.756580197898136	-6.636912434047438	-8.199937895151688	-2.416585663083404	-4.937269693749694	1.984091784492294	-3.399047402046109	2.4073491307282424	-4.298010465797344	0.10722572783883984	-2.0275294648343247	1.656075989790414	-0.6645620822861961	-1.2270822818044693	-2.5389640771813884	-1.4586293627568023	-0.18640140235173833
DTXSID2049008	12.970024986825171	0.6413114673080885	-6.468745924233674	-5.418961130829089	15.043011744776184	0.6001930992607464	0.12545314660721035	-1.319206926901881	5.016270280994815	0.6680155439710911	-2.4325642891070665	2.1227571867427883	-2.197016079895985	-3.2559911887289683	0.29199205210506823	4.834220239716862	1.8264657277072838	-2.210631388607133	2.2748274517284908	-6.99382118381213	3.358499828863311	-2.0049839339382522	0.5831973682627966	1.599863575726489	2.0787281552635983	-1.5492558390701325	0.9892365639314765	-2.8339249728094065	2.0367166802736754	0.8023784029898366	-1.8494522062868386	-0.12709086075253823	0.9653557169235828	-0.60570666750178	-2.5739329538147233	-2.4622987281354347	2.5740335146983333	-0.8702940370482054	2.275397564836349	1.465929587429491	-0.8753115692756775	-1.3443237292557246	0.3067855532875264	1.242944694569467	-0.23281740989684374	-1.5270530186528062	-0.20077623439281347	-0.09652699443771741	0.2115164551185228	-1.2117245376288155	1.1768304120018056	-1.8393572410911423	1.5173928918169046	5.021303616193569	-2.015378052225518	0.7602146996857494	2.3168625786057477	0.7838740515377071	0.18526695559877765	2.8322903246569733	0.6018398261804286	-2.5720315248571963	3.44610892078026	2.2393600141859866	-0.28774673946321866	1.3457217466162839	1.7056700040970139	2.0103428301871964	-1.9186020598761053	-0.36310696255761804	-1.2449081300537974	0.4739308956698219	0.5391607587305173	-2.146893875434679	-3.165336220354998	-0.8863964508260644	0.07496630192352656	1.636523325445128	1.5886863301896412	-0.6215453043690154	0.7272071966702641	1.182755331249927	-1.2676717318001354	0.27805591123491374	0.10898349897354087	-0.4160450705078109	1.1073224071187189	0.5954842639096565	0.22575041947262794	0.6145897986132886	0.005843111749202072	-0.854008616428958	0.6862262476415767	0.2512040212679063	1.513656629806198	-0.7000069168142045	-0.10034622577805102	0.5333303020845347	-0.25319234558911974	0.5391747588477395
DTXSID8024109	2.1688396448556264	-3.68211542527572	-0.11450799786377716	-0.015156129746430878	-1.8714173694909786	2.466262170019747	-1.689458413120995	-2.3232992825202983	0.5372951618544277	-1.58027490261965	-0.3213401473800285	2.41654008258542	-1.2472555862598529	-1.7132133383610346	1.6220671723551536	-1.3857195187102767	0.30893639636056014	-0.7424416300092584	0.40524906480122164	-0.14437088420310115	-0.2172264394793844	-0.5479434391468756	-0.8281925519136187	0.378638290699142	-0.6325901334471966	1.6673423581621292	0.7937078384238763	1.0888907661768241	-0.5817542818067213	1.1618472168475322	0.07786427771304742	-0.827599231139578	-0.029409463787645824	0.434034937212201	0.48130618541598424	0.26985985363073595	1.707264534088513	0.6519454569485854	-0.11273013894691336	0.42662143324792534	0.0937553896785862	0.6858135996997607	-0.6491152741690261	0.14672273509538447	0.4927507331804099	0.1729003355516361	0.580240621760824	-0.7447100690213575	0.5079835518317336	0.0765759784497871	-1.7539404219127241	-1.2798990693700882	0.7157253010427367	-0.435533568567429	-0.04804545606013642	0.48287195015664347	-0.877641491858031	0.8893531716333952	-0.5041382065843611	-0.3654766168274575	-0.5662263150227759	1.104406265001047	0.1822767194473595	0.4412005180630019	-0.080964901779257	0.263880633797544	0.7864311817998332	-0.026701190433405488	0.2142779283040178	0.41453802409042856	-0.32591267385364125	0.16304636636465025	0.7506343346807797	-0.5864496051766401	-0.3306135806661984	-0.1741032005255987	0.6829028071472274	-0.1938121794858968	0.5404590006333906	-0.1198530476610563	0.198125680947264	-0.19558476243503542	-0.009515651799673175	0.2892184089989681	0.2585557887578367	0.04070476899837831	0.5433156484680371	-0.6347536101106321	-0.5989019430272742	0.4985350044257626	0.017293118010375724	-0.23382111055343321	0.07623859079046219	-0.1370661787467278	-0.104953366964655	0.12978768349540662	-0.16483621440514382	0.05715840272140826	-0.05527013807973048	0.15816598243816568
DTXSID7043950	1.9756339766698479	-5.08203782142255	-4.02317061625608	9.188059980976659	2.2589134719183432	-4.210257715991542	-4.711381387629776	-0.8478826224063557	0.404697471601989	-1.5190954737680271	3.553186026661206	0.25334772762715757	-0.8879433862176946	-4.819807686827721	-1.33370446642686	1.2179777004954973	-2.967334912130785	-3.235449239885944	1.5766515359606688	3.778638060177618	-2.6149125864388263	1.482857263961821	-0.752891367372325	-0.650634347972084	2.2893850674468044	-1.375280909722372	1.2830264418132928	-0.799903147071887	2.339811891547647	-0.8339225982469478	0.20241842317085149	1.1406748138754028	-0.6135719689264895	-1.2074969922309526	0.7603624891396932	1.4903987835227648	-1.0806470331340314	-0.0452430073151479	0.0722029868562274	-1.523675146566063	0.25662997125734927	-0.5026810988792386	0.9848879446589562	0.5417720137994889	0.1503965531465179	-1.0333836033222856	0.7813239251294956	-0.2757733902561479	0.3197383791903092	-0.4652089873383713	-0.21582929444859333	0.5857621935240851	0.17337045184561625	0.6153244812008282	-0.19518596184295825	1.223177444278602	1.4909509662875366	-2.3735111597478107	-3.5441965138788527	-0.5133557414831541	0.8674235148812579	-0.07220667588886565	-1.9839141429005207	-1.03114816423191	1.411611327937702	-1.3765202861251449	-0.1543909596749126	-0.4648871206937846	-1.2170378782438358	2.187304256888847	0.5482485234410766	0.24636479121899496	-1.049942113881309	1.6783442666992812	-0.5404562085210166	-1.0342912883749105	2.5058529920459445	-4.153083506310666	-0.07955253439436823	2.473672172243167	-1.9914057833836805	-1.0076033425267663	-2.246137319103035	-2.011145556536257	0.5300019413543327	0.6063948879288701	-4.18621359696548	-0.0441766492540525	0.1880639262078927	0.24467450958725842	0.5719291575692256	-0.006423025887878077	0.2992651021757643	1.007639307864028	1.37379734832464	0.8591633594642532	-2.1932606414831306	0.009285156808791313	0.452534880465723	0.2532760330202183
DTXSID2049050	15.136642533842545	-4.323993182120402	-1.607195041050885	-0.4839852903681819	0.14438005137670112	4.24092049040318	3.673969137327334	-0.519047433987586	5.792547893037545	3.249593638536421	-2.3633039198156975	-5.478632583739392	-0.804342055790664	0.735285463672565	1.2175412420997571	3.373385716762159	-0.44891852678406746	-1.0817545407471085	-2.2751186992091936	2.978422793143633	-4.462919450259795	2.173503721000208	1.0932560241993596	2.043107720696007	0.6997055027023052	2.52283571754827	-1.9332962857785942	2.0134301586126946	-1.788379545479251	-1.8479829829389105	0.3392391684732938	3.7751863743725482	0.67464033112997	0.36271560582948487	-1.5512489952216306	-0.2480919896373118	1.5803852000969467	-1.1871572349827835	0.42866000395957554	-1.5700973536033147	-0.539202841719037	-0.5297949110203216	0.16207941237735654	0.09646181864659167	1.0808458596784445	1.2327553701252891	2.742112330241998	-1.2936987017782713	-0.7071312144498076	0.9120129976635843	-1.382054539472856	1.5179950133459752	-1.1841460544903686	-1.2284047576930683	0.13341948338559517	-0.24473431693667216	-1.4969804942467448	0.6131609009041283	-0.2412671978602986	1.2932340343479265	0.7974319296101523	0.5227569932059045	-0.29536780819946035	1.0117515769282004	-1.1357970886434297	-0.497675883431492	-1.182109096795973	-1.383359230344816	-0.17510015301317472	0.8632466654247062	0.3010294698112385	1.415730943609542	0.11552749189194506	1.2895709274334348	-1.102737940325361	-0.6616800729859788	-0.9625079791804181	0.11091934134314875	0.660486009224936	-0.45367369481144004	0.3259829678642179	0.7312382271228474	0.7076926376669973	-0.19242510018109596	-0.23945622280694054	0.24489923987726891	-0.7977376159708911	1.4116020252589567	0.9067991629450082	-0.4948780305823652	0.8879569123282666	-1.3405839309586134	-0.37205678838362993	0.45137279844069017	-0.18853535852553396	-1.2673899120894145	0.8724009953328428	0.11030491913081589	-1.0420764700412135	0.18454967906695882
DTXSID1049300	-3.001236085634686	-0.6736646894217948	-3.508291676680368	-0.2700299546931441	-0.8330080021621835	-2.4541523145809285	1.6700474574071524	1.6053292479280123	2.004692976451001	-3.570042828721601	-0.2246048666520094	0.5875561287812369	1.901857404554006	-1.714709755533293	-2.1675073191470267	-0.3759477002652294	-1.6782152003306934	0.3056646519586975	0.2161517776731839	2.718615595217769	-0.3244498455905261	1.6825121842955126	-0.9040387145382992	-0.8882490068478806	0.08493078080981695	-0.9464322903588513	-0.6756565102438846	-2.2360921968125473	0.22530756724707576	0.7992134355783954	-0.8015738769066224	2.6388448853791235	0.8564487484232571	4.440512910314272	1.1162439572445721	-2.211651283148099	-4.182477267416624	6.648091881982146	0.26587041293113817	-3.729040232248596	-5.194541550191856	5.011737645621739	5.565701564718212	8.365249048371648	-0.9025882918262916	-5.2038066506868175	-2.3434760821039946	-3.007406441337839	2.2259171951189813	-1.0442292629177978	-1.8151096578621346	1.7620337779354747	-1.1168073228380968	-0.09565089783416349	-3.034869139953893	-1.485905675157507	-1.2357688818555579	-0.7084945962594253	1.067789499428042	0.9528860526364746	1.1826273877168763	0.44461642691319386	-0.09322867790649852	-1.5259757745143943	0.24291259946517957	1.090060722917302	-1.0062363141869441	1.9058627880164318	0.9373717918191485	1.8530961490603601	-0.7861965516122456	-0.08875692257805516	-1.5156025572735734	-1.216422365295852	1.0179369027101461	0.1480059051240213	-0.8756479212864214	-0.06490489195874656	0.3347846256605104	0.8582767162184483	-0.1953814143737405	1.007790766342474	-0.26532476000371097	-0.12782020382565804	-1.167771108135319	0.12950974160212608	-1.197844478723797	0.4536371468578288	0.12261700639685214	-1.0036393416468061	-1.9744881786816324	0.11955755868419245	0.7543314506682663	-1.030495893348446	1.868987603843283	1.4105352389552535	0.06899545612598168	1.5501429651922425	-1.7722843898309903	-0.08925406901371274
DTXSID1045291	4.457915286277659	-2.4950528510010175	1.2058653536209007	1.191638260668821	-2.101178341319121	4.26480905479066	2.5717120793905743	-1.3942300650368662	-0.44625424642639394	-1.1646071156104767	0.641499351798788	-1.4831720543378126	-0.8122560721496335	-1.2766015351704278	-0.2851865058564392	2.342418600936461	-0.30047208036656664	1.3902734696617516	-0.727435090095702	0.2426512019307551	-0.06245965416802033	-1.0936631833551096	0.16589500954795885	-1.1688940049260739	-0.6087940593604221	-0.9280524798042307	-1.828738234901008	-2.157375377506069	2.40255511953115	-0.07826599109512006	-0.9247434014188016	0.8263215930545804	2.1934048293174913	-1.1252505906873291	2.9351795600766715	2.6504252698917288	2.0487331175442667	0.35043860244252745	-0.031674356693812196	1.17015085227385	0.077211220159084	1.717678072800931	-0.7789733644198048	-0.05526700246987015	0.0633479413900156	0.3116976123591693	0.4327183034330305	-0.2163919980013063	0.16033198937947443	1.1414405003881252	-0.4595649878304002	-1.1063650289002902	1.2058419140376546	0.6976206316581723	1.2427188334921775	1.905511828042204	-0.4972170414928102	1.1021963503990477	1.572867007747069	0.5539535810709139	-0.5154663036928918	0.18704563175153568	0.8821389176044018	-0.42081721346619	0.7824804487541978	0.7595089820436445	-0.34418663016842005	-0.2434253526433282	-0.5704070753802196	-0.405125403894209	1.5797014721488412	1.0674055075953561	-0.2806529300901775	-0.08916288601297061	0.18803138700366692	-1.1287412767276428	1.458068118992131	2.8229762465412493	2.3516291738737367	1.1920009004737386	-1.1241408632099972	1.2895985885377368	0.4352487722107113	-1.3076683173236205	-0.3687777424053112	1.060020836401129	-1.3176052673179601	-0.32100278646635044	-0.8450358874502121	1.445049818414517	-0.13641892160074726	1.511619710789908	0.6469508055916598	-0.5743546075629065	0.39552523395213096	1.3981132960943574	-0.9620320552419901	-0.28420377522733564	1.2447888514027439	-1.0734302873453943
DTXSID4049242	0.7425489374916783	0.3474671634489978	-4.540222606156671	2.9434732062196822	-0.6973186388078114	1.258769077460468	2.5170074075491558	-2.226013002554114	-1.2547721073903109	-3.951684090254101	-1.229260282608588	-1.5013449435526123	-0.11632492645089142	4.101996691764731	-0.7016226271511303	0.18782998256500205	-2.135517235693385	-3.169314198318698	3.5306183763873555	1.4961562624938112	-1.86243590434163	0.4722779021565833	0.8476550939887215	0.22593938962861143	-1.122718101635557	0.6752791033352743	-1.2973925328854294	0.028254561055671923	-0.8221290543984172	-1.3091406620903088	1.0185661187064998	1.449707149915865	-1.1345518742249572	0.1342197563837477	-0.862304811202651	1.2691997832360336	0.8314535495834243	0.4028191849935453	-0.6523028057129306	0.4179091379968659	-0.18151417620352295	-0.16842219996882715	-0.5503734162772951	-0.16392182922926804	1.5755503185145232	-0.13505769023013425	0.22842758243032454	-1.4088516537224907	-0.6360487631205798	-0.5580617952599292	-1.502580975090276	0.7986704654813219	0.7513258020510301	-1.0373147519374608	0.03605312709972016	0.8043699845085404	0.5082004710893676	-0.2900486574677443	-1.418435471293595	0.11088165431580813	-2.294039998793828	-0.46513140049955876	-1.0056799427745424	-1.4577749276215095	-1.3130795442822623	2.1412297977764467	-0.9796984362707946	-0.01691625648417343	2.5251022679754738	0.6179775818560967	-0.25978331382960274	0.8829549114434884	0.5840705195639412	-0.10227641994048016	-0.061393733994388376	-0.7588586234689113	-0.2634313433196859	0.07151480734729379	-0.0037340145282242416	-0.8949744227174737	-0.6313088836357916	1.989318465652995	-0.20694851166250272	0.10239873679556151	-1.3355816211720495	0.48060453272964726	-1.2182637030044003	0.2587599725168707	-0.18989574670817624	-0.5305519427614164	-0.5477502088771095	-0.660270958047292	0.3910351263086877	-0.6178474831631093	0.9582274682818194	1.0485660463367106	-0.12751046897304444	-0.13779736592858105	0.4111458588493326	0.33704633545183993
DTXSID1020803	5.882529165573159	-2.914004270426995	-2.737686192657215	2.433937462890034	-3.457474258763877	1.043398635065386	2.4158506909899176	1.6715635803681306	0.3282505601477183	-3.1011266064391454	-3.199024268461055	-1.6388914602630194	-0.758092301562708	-4.401877686558958	-3.1086015095551134	-5.150360522288849	-1.4888784143937215	3.693534515878261	0.191547566717052	-2.659482739700423	1.5700981218938614	5.1435926731718915	3.1711777193714066	-1.9819757577325146	4.04928136673277	-0.30630912700170915	0.793844867310782	-3.9058664699234282	-1.6303855098096665	-0.3933086547460255	1.9891051041003533	2.7281151183833363	-1.674009429727281	-0.03401893829282861	0.10687047984116013	-0.23405840792502236	1.090925627594832	-0.08610134129257133	1.1779620560091562	0.08139470493825837	0.5700553423791913	1.1827582447914977	-0.359095105319368	-0.3125568277849481	0.13256244582454366	0.40110201876301554	0.7006659904856329	0.8354997174077804	-2.3618793250999537	-1.4646316622265436	2.34313283756475	-1.7232256787274867	0.6024348855075362	3.8774339006947964	0.019253935226257412	-1.1244410205939803	-0.46899166687300137	1.2449500554111377	-0.8396796733929216	-0.391706869099827	0.8545649875492847	3.4988240396348576	-1.7646530441169936	0.9363404970769933	2.219362146567252	0.9431027727670868	0.025600930729140842	-2.19442705676789	1.6737559795748826	0.7594152639140641	-1.0120315562086344	-2.2580998529035967	-5.0925881453200486	4.54119364800755	-6.119656345562996	-0.3238481296883297	3.343765441510806	2.5975203066679518	3.475565221705375	-0.8468473950083563	-0.013370001581945913	1.5629685711115848	0.2166555781930842	4.076771634985408	-4.646134412132829	-2.961827784256035	-0.16827632669038914	-1.9033000180612163	0.7885634378908261	-0.5711949502982084	2.038204658793827	-1.528546573468981	-0.8296329755105996	-1.4180231299219896	1.013039478032446	0.323654953182827	-0.9520493717520495	-1.87508203430554	-0.7928773848372391	-0.4528769177001192
DTXSID6048676	13.119009269923525	-0.7680502808381326	-3.8086542042005465	0.4903883615370665	-2.0580114736455726	5.1500525441503155	4.417704784668947	0.5333638615841033	-1.1353568174587463	-0.1380533559345401	3.006507737255799	-4.400323333871574	-2.7999960269630186	-1.2531278102268124	-0.379365238453688	4.905744189131586	-3.477388508249404	-2.8269061414292485	-0.13646258694936583	0.28133187037032015	-4.442121090057403	-0.27079612800945685	1.3890055032997561	-1.6064859545565162	-0.6921442785977234	-0.2153190574907025	0.2035242884724284	1.3845801526800146	-3.153565640453264	-1.6685488581454955	-0.8742946743979251	0.12254896405774951	1.6929666692418484	-0.5796028560391161	-4.448184397350635	1.86808396174528	2.258284357810036	0.9054455581116739	-0.15536298087495348	-2.8916083110948936	1.90021113583551	4.885369854349519	0.8858396545070785	0.11867299950132973	-2.708740407532813	1.0140718243710616	0.09644814534318298	0.8579423618099979	0.4031051872874104	-2.8705839029107625	0.3381144424014657	-1.3645484741994227	1.5240497674736453	1.4762484146832506	0.2134067068802864	0.5353071814279685	-0.20021181201901475	1.5207843268510524	-0.2448642158526979	1.1669968226552507	0.21638516978212444	-0.039602157993131576	1.0020083518250293	-0.7703567646462046	1.4551470228150079	-0.5598271777333875	-0.6052744809035371	2.1227970405223635	1.2291306362638763	3.2344954455605563	-0.04404712208712071	-1.9891041264284874	-0.28511721493812725	2.1578624591941016	-0.03162135345102842	1.429969573807536	-1.4946442202347872	-0.9760774160211068	-0.4862584003690476	-0.2324502315339986	1.0323158104564585	-1.7030741378400027	-0.9286744829345404	-0.9551563102626796	0.11043620439017768	-0.21396010460147083	-0.34207607969871634	0.7726312788583402	-0.11850369139818759	-0.5546518868155708	-1.0111055622946512	-1.3022767340889936	0.515207997156508	0.445787551157068	0.8956793656275647	-0.970574275589912	-2.1168094212549904	-0.1451206396479084	0.21502193065291542	1.9810951010030877
DTXSID7045992	-3.5310765444313943	1.2906020502148783	0.41541380388547	0.7266260232780362	0.8736343471043085	0.02284650478542788	1.5818079750815233	0.3270288855127982	0.3080111275773822	-0.5255529894537992	-1.2372610665016261	1.3553891863489589	3.309654977019066	0.2941838610704996	-0.3549978467962286	-0.795282741355967	0.8910542379966812	-0.9017050185327826	-0.37347827691282076	-2.4413268780266977	-0.7948628130435853	0.36495863162470965	0.019714553314640827	1.590056320789045	-1.2242402060005557	0.07077701699981291	-0.3577949114940968	-1.8048554516225646	-1.010659583945218	0.22900227699350975	-0.38857016173219017	0.27659900204413645	-0.26413561546621345	0.4217130752249636	0.5884712934449429	-1.0897032275278886	0.10367479304122068	1.098284225697547	0.17374250907270386	-0.9288386884655647	1.581875471566095	0.050986834568016906	-1.0272689535007107	-0.690075704022414	1.3862898768552447	1.0891448784908149	-0.7378062993111512	1.0828785487248838	-0.4678666551762315	0.15397434703364693	0.6945658018362256	-2.1042319809264356	-0.5171631301163084	2.3579631155572947	-0.87933217979389	-1.18227296723237	-0.7551180590600256	0.7325371871003183	-0.3311710805589898	-0.9487915644096843	-0.28565106515461197	0.13164903989678384	-0.40888836841126613	-0.4134280642733063	0.6117445573425949	1.4881855660962837	-0.783765855351848	0.09499291720854697	-1.2415200911448954	-0.13910389825243796	-0.6983496632993755	0.48515552429318165	0.031355893516829575	-0.4648069693436671	-1.678417421703723	0.33955150296950043	0.8715117371936122	-1.1835893473834551	-0.06977710006174685	0.6062877321348276	-0.06043037489476212	0.8861407592705365	0.4362058144719364	0.1074397720114952	0.09493828709013577	-0.016350534815703036	0.07981351608227595	0.5914691672586642	0.19114849549713814	-0.4559649130863465	0.34293802176588334	-0.08133755270622119	-0.005651663067983565	-0.42580835567835595	0.12887697781531268	0.31418916435412386	0.3300523281077524	0.035222744139907475	-0.33765302869323366	-0.09034565454528276
DTXSID5046275	1.0818633973740444	-2.8457987944907273	-3.2836144907612823	5.361938669020035	0.31622612142628237	2.1002100051263213	-1.3989221910126013	0.7602414717430065	-0.6853453701322004	-6.408962050003361	-2.3214835484429135	-2.566667113172846	-2.4597238817574527	0.5613702213883439	-3.391199878676357	-4.345098172039977	-3.0882015217662224	3.1796075745429504	1.6298056711040956	0.014990706942620226	3.1959851153572147	4.684126262667573	4.076948515255281	-2.207809951923895	1.6330808140057012	-2.2164983751669287	1.4006813969340497	-0.6851321563549119	-2.9569992921363086	-0.9621930392096677	2.661840632638927	2.979366123037068	-2.6206396311341904	0.22564395476318813	-0.6373912583424463	1.0934711899520284	1.4286059191406657	0.2141322990639893	2.4657729685122742	1.5035668745674473	-0.4498279091671403	1.6948411091492726	-0.7990110361073284	-0.802766041045174	-0.4883203950003275	-2.527186045714029	-0.6328581741427389	-0.7324372723000696	-0.6381931541720632	0.4128939599229184	-0.15127421065013308	-0.22238744230025106	-1.781997652429675	1.6981735053975409	-0.4701554779256828	-0.08732738715990557	-0.051691269913635755	0.8039993189292686	-3.196221557215407	-1.360672564101452	2.7856403144332305	2.1112154027557253	1.3258723516068025	1.2836319977329167	1.5415029117169547	1.4981103023312976	-0.029631538066703225	-2.701974713700371	3.460608626034794	0.0955117265911706	-1.6892443376234627	-2.393178023064837	-5.276357125973425	4.969210474720115	-2.5354349122920183	-2.710766504908482	2.1010298358552952	2.8424736084514066	0.7058870672230043	-0.6170322767217592	-0.5883172992740506	0.19295112894828403	0.28358071774098537	2.6353312117181282	-3.8094525225164455	-3.5125337341633998	-0.9387571089156096	-3.131070979367077	1.0161589216421956	-1.9185085829481852	0.646554199336345	-0.7372261536442212	-0.04760648769970501	-1.0098799353561687	0.7287158579056408	0.39531804553305927	-0.6475318060562808	-1.4917444140754204	-0.26901087909119786	-0.16271152414718995
DTXSID1032355	-0.8689753591392171	0.7355646795228267	-2.2175345653174268	-1.38480675660959	-2.545161002838053	1.5713443936981109	2.7851584414825052	-1.4562727538106202	-0.3135974771224285	0.7078960294579697	-0.29211054457353297	-1.259393382592051	0.3984585075430515	0.8019595744175303	-0.6033548853893923	0.6603263193575781	0.2962040364105613	-0.2142014471592488	0.46453468109001256	-0.6323854233254351	-0.8293320138471466	1.2536045331421397	1.4792918787681693	0.44461127478720264	-0.5432339306452622	0.02896195397116891	1.3670360956074281	-1.879330744575982	4.0136445428948795	0.9889479811457546	-1.238870132618196	0.24444779300286634	-0.9422773593721877	-0.7819266036978076	-2.4241863326489437	0.9494063789226017	1.4173134567204186	3.220272180969683	-1.0856303118389594	1.0189301799039814	-1.3523828387872359	-0.3047836351218659	-0.12985114039392318	-2.1296435666023186	-2.130805604285638	0.18149495829871481	-0.8075576518532814	-2.2040993847878334	0.4480982077309812	0.8778797058416825	-0.6387697781112183	-0.6438447379568751	-0.5008021076322792	-1.8293367113091128	1.2071077146549656	-1.781239275605346	-0.47949972817579123	1.4490074042138064	-0.27553708769540664	-1.5128729173861308	-0.7980922700735928	2.174319258820394	-1.7519051824820775	-1.0407397135895027	1.2206739414231413	0.4277179224522197	-0.9527133768457597	-0.5647213526359878	-1.6618087953941685	-0.8107230646771357	0.41253818565630823	0.32912693822864403	0.15614646555386802	0.5655580731976233	0.05960461926666991	-0.23950520383963064	0.07220658065411018	0.7020031915503232	-0.22138696181033898	0.4088672867978248	-0.1702100235484244	-0.16031665036430542	-0.5197661423424994	0.08754196368163827	0.04684471285849473	-0.043166760894418954	-0.13538721758962916	-0.019160308761991124	-0.09106268897880707	-0.1057051043267213	0.3701302642462198	-0.19973990950154757	0.3450289998017336	-0.05414257469243813	-0.1798532172881105	0.6580263761187429	-0.06137475610298183	0.33873975340223555	0.10400696404494103	0.2492181151226279
DTXSID9022782	9.91226980818071	-3.581423128448658	-4.359815613909131	1.1124649793519978	-2.6856779944382088	-0.1286927721845204	4.673439968893371	1.6767397995635052	-1.2908694998411914	-3.9290685948973056	-2.0939802587025262	-5.223287504958244	1.6116310865515406	3.69080810754025	-2.331548061627362	-0.2166943711945863	-2.392469976544211	-1.3463470300135207	1.0190360965848795	-0.3283023243366358	-0.3742813031945033	-1.2301042338084562	-2.009104191186574	-4.174725208760825	5.015731641255426	2.457392116749108	-0.1137732299254611	-0.9112935792646507	1.240796761196547	-0.3992333153656853	0.5826477136001444	-0.67824709041995	-1.6865601576456004	-1.8836158622492363	-1.8876677899726	0.9914857468349597	1.0623750086609942	2.2353608202470303	-0.7459769327625299	0.022108938214183003	0.40166432058248824	2.4187538492178167	-1.4851227860126213	1.7092504340130357	-1.960336768484766	0.6045726685746509	0.634217288591101	1.128421961539796	1.4970166897972588	0.967674111642502	1.293611184997405	0.03433249189232785	-2.2527727146063863	-0.9483729300768243	-1.783106316443148	2.5462349658729915	1.337435834059131	0.8801920118406401	-1.3556802339281748	2.7855608875192015	-1.440424563830492	0.17906244174153615	-1.02327704138185	1.178798328251509	-0.90169325175793	1.2447949760013695	0.5086703758054008	-1.7603783319816708	-1.174537052081499	-1.052181096125294	2.1874341007861577	2.806780969916041	-1.0201936970712198	-0.47069896646580117	-2.3021483927001016	-0.5627589810042171	-0.4357122455465386	1.7138728040043956	0.356248077537566	-1.045672084509179	-1.594632715015326	0.07482839611197184	0.40725891732094616	-1.3473449817076357	0.8096637258642057	-0.09337230909741105	0.5348638115390392	-1.0369940932878758	0.9926711629392222	-0.8409676054725339	1.1660280626244721	-0.2712246727736625	-1.1999747487370398	1.4549613899455898	-1.1844359090109056	1.1172203650734491	-0.006505683837762901	1.2631151715321745	1.2523877965079138	-0.2561204420672954
DTXSID3029655	-3.3576203474947826	4.614477830773728	-1.9262473813743486	1.2049576208267936	0.5191649525499892	0.7447889659731806	2.4661105276728224	1.631532462092481	-2.7571974717432814	0.005698242981913966	-1.3759966560207622	-0.09285669898101545	-0.10193738944685109	-0.7806771681296126	-0.8436115370629548	1.8294642866179431	-1.8562046741342269	-1.1847485085514968	-0.1626166946426868	0.12050820022722365	-3.40949510025621	0.9264647685288077	1.2026881190850975	1.1116767120358348	-1.90677744467808	1.6874986662520666	-0.05985898417332858	0.04977652156941377	-0.8021044364675126	-1.5578216491871308	0.38999892666798797	1.038946038344575	-0.0817077318994726	-0.27239266341983875	0.0046291093140012445	0.2742799851528608	0.6772800083138756	-0.3438261523303652	-0.18139149185380204	-1.468248964357781	0.619965847028279	0.5048018672054383	0.193672745523272	-0.05671225565396504	1.18557096886839	1.0701316713136908	0.022573787724193453	0.4976369074025046	0.8052537431117802	0.09943512128252552	-1.8627114076158169	0.06052295703097548	-0.52183986128095	-1.1770404691526068	-1.0285362488858416	-1.74979423858762	-2.275044621317252	-1.7014829029397287	-1.8784148091105581	1.3990064480151272	0.14927986659225015	0.5503439708002649	-0.08353212231499856	2.3788869558776127	2.0153596929657493	-1.0007383578409905	0.22459669327815096	-1.242464599008392	-0.5323925881268551	0.2365337163516543	0.1800324770804485	-0.8698114066768307	0.043849851227418975	-0.2900546507815089	-0.6964310363189001	0.4615714521797529	-0.617586804101435	-0.9156938257733299	0.22828184426892	0.4064568077499572	0.6804786088065693	0.5458816698161016	1.100566829704968	0.2644939222841266	-0.0003665882468003183	-0.2749080335656399	-0.35760976371350506	0.1795355078002571	-1.1506838736255902	0.09047788556489468	0.40185728647515406	1.03180824036605	0.21085102198155195	0.6364285806876451	-0.03751084460161765	0.10026465096179615	0.7050982880278127	-0.034827330900217855	-0.528541267994268	-0.10249496061507668
DTXSID7023643	-3.1060511002483917	5.3284388723933045	-1.0156061985353104	1.6319693049302166	0.29606089349902226	-0.735323820102272	-0.26471261992159345	0.5985229132181643	-0.5227985665356002	-0.9739639936128277	-0.5361031370808637	1.0425357022133916	-0.7500403010078046	-0.13069441830038642	-0.5559300321268098	-0.5250174249898233	0.09901022523218161	-0.06702376489311679	-0.07949013699539527	-0.8419678291484253	-0.7409810805547448	0.6425176121485024	0.36698567121802406	0.8055700752223109	-0.9361324721945352	0.8214128977409506	-0.8093214615559876	-0.7084499444944005	-0.14614201978113697	-0.676242646915764	0.20186201284862243	0.031571479295312954	-0.21008702470739565	0.09693622674614803	0.7265043056947046	-0.20858444267601997	0.3107770930734759	1.0850552578872443	-0.5226838999082181	-1.1905591333441017	0.3268987033898936	-0.31247013101856674	-0.09180825603906068	-0.90074769183646	0.7089221613888571	0.3727632291111483	-0.5948892970917868	0.4293256983408824	0.40224396750436664	0.4861859860569587	-0.3307458137819011	-1.0457147864610297	-0.24026547178276267	-0.4248824136447889	-0.2658659151783707	-0.5029669517208964	0.13776535106048837	-0.6041634718878302	-0.5405918077830514	-0.12538856489204278	-0.579604482901536	-0.5468081406038596	-0.5604362944074582	0.3199839368061817	-0.05195271499893875	0.4245857549420542	-0.2652847613647791	-0.07213961968854986	0.6971428737256855	0.9090168882736581	-0.3326599774747465	0.2533697153159579	0.5586653985186949	-0.3498896631366467	0.3166680886373227	-0.2689386616936125	0.06612502068929808	-0.4747380729876721	-0.4566337236631846	0.6788940929943937	0.6851673863800432	-0.6109388506078461	0.9055097606100516	-0.2032430549897952	0.7770689321692479	-0.6541646455723584	-0.3585840256505749	-0.9427543028511937	-0.9172972447003703	-0.2691444950244609	-1.3836165030304899	0.1233558895045191	-0.02948493915213027	0.6814250330540332	0.1068292014601978	0.5511618906911725	0.6943453833285675	-1.3542505994321001	-1.2710025338451394	0.17125482793652788
DTXSID5027489	0.14241298776293218	0.8075845122330122	-4.934751419266975	-0.9454880936370202	1.482465705136047	-0.8472528812936162	3.1372967202018405	1.0047215261885518	1.233618681487019	1.2576390357103118	1.8859373100341676	0.3483361643223848	0.34896560247076275	0.4200189697829661	-1.3091954449252168	0.47247107239119135	-0.5372793795302617	-4.2176735813820425	2.821368648462685	1.758480069453155	-2.6637815997833756	4.079062941242131	1.5781639912640437	-0.28440042068780513	0.26566805526781645	0.2620001894929355	-2.4159962286396155	-1.56758242964719	0.6605492353160485	1.0515575854499708	-0.6756658489036153	-0.7472506869075243	-1.293036725867816	3.561037268299265	-0.5139115929173301	-3.034181322414742	0.10568502719886796	-3.5368712676331215	-4.378551321090265	8.959991986401434	3.1533232173626713	4.161619864941049	2.249815683257751	-2.718252225669428	2.758762195897441	-3.9257046143071515	4.661411706849815	2.081584127619831	5.7840239447703805	0.5705940844368885	3.464657391456353	-0.24996770221321404	-2.5063304851042414	-1.5700822942123722	-2.75754014053531	-0.6685168058209993	-0.6342357031945193	-0.037762863660222926	2.7361800798743903	-1.9434612250320296	-1.0130928616256467	-1.0971653995916257	0.9341193932498789	0.13516339874075395	1.4441715242373412	1.9766739776111808	1.018859339089793	1.0584278955994189	-0.17167633182306785	2.0306486910318755	-1.2041357184399772	-2.707114178838636	0.36382502666547833	-0.8882005951244346	1.088282317529241	-0.13258428525973096	0.6734344928621014	0.17920294318011767	0.967353694153053	0.7418547804455167	0.7052234960845907	-0.8512404657179754	-0.608269466157216	-0.5411406598493673	0.8801064697872089	-0.5196865934092342	-0.4907331565229353	0.24704486738964396	-0.9268923354277829	0.37222722220245963	-0.39771461165266164	0.04371467797228539	-0.3622477315792578	0.4840874108918958	-1.0402262537064895	0.08800245836208602	-1.5208255476680559	-1.4342894990154194	-0.8029475139014174	0.5002486390206614
DTXSID8046909	19.419846723836493	-7.1946351012579965	-7.250236215100401	4.365182992376174	-1.6399425667854057	0.04038255754544025	2.5398686931401393	5.9022082743563535	0.7339293636354638	-5.575962679441186	-2.8057040140931546	-4.700521590920902	-0.09192672017717872	4.3348520884690265	-2.0442424053702095	-0.407691870918638	-4.792358703508778	-1.5568125273954638	0.3494055797783038	-1.2829613539050357	-0.4726431530949859	-0.24746256241829834	-2.729944189082707	-5.133237560911529	6.769138029479975	2.419043985692474	-1.7352896590360753	-1.0712992560825223	3.1788564496312226	-1.6530228546431447	0.3742516283784422	-0.8721678790855683	0.5888343207378096	-0.04166722582698866	-4.396353719551738	0.9935974351981967	-1.8823301632992118	-0.2841334976922387	0.8038962002440769	1.8020673936593086	-1.7052877957291526	1.497648146890497	0.9889517389481135	2.2432129687073825	-3.9984885504326795	1.983158004260005	-0.04444180079453579	4.57540652979449	2.492928738756215	0.612400173712427	-0.6802674461658254	-1.0669631337980765	0.13260668434816622	-1.6822644309332329	0.9569683018135208	3.3261013293523662	1.7071124164614706	-0.32051301086438305	-1.1569059287710348	1.5105187037398287	-1.4920532841280316	1.2119797775559051	-2.262972239042169	0.4446919011605994	-1.1165683508307693	-0.6915829143897378	0.9537325925902451	-0.10583370111084982	-0.22351989263630936	0.08092061669941228	2.8850139056330417	1.7367243480887617	-0.9043419410897234	-0.3303106373248448	-3.2417524486840823	0.16181775215287536	-0.6837679517391793	1.2842794726438451	1.3352833927096053	-0.6028678525705734	0.5228126522855489	0.1785288370679484	-1.5378582957383982	-0.5533988200348515	0.7175671252442253	0.6792829979800026	-0.43170878115319233	-0.5814085759211365	-0.29628044552642474	0.8331221361024018	0.4659107321892095	-0.6989794872238722	-0.5089492056570041	1.2720887433759498	-0.7611168702338682	-0.0170324266444164	-0.9950935340855138	2.1504464653437387	0.3069996676099782	-0.2938388396452458
DTXSID2045105	0.657117480942014	-0.014540621377880458	4.019304242734485	-4.02657227930131	2.1623718705023465	1.5091968018540172	0.07567173975595712	0.25497677046365597	-0.993243990671159	0.6827393876574258	-2.4923822722836553	-0.37496883663106295	2.686699898778429	-0.38922635046593185	0.7508155333457917	-1.3695021855466882	0.8360774314018959	-1.115868484155676	-0.9999271260766778	0.4341964439900293	0.6331910841750993	-0.9282784157881762	0.1640764538929622	-0.2402800569482906	0.9674424977237743	0.27034283100651546	0.25062295597373935	-0.5650014218978305	-0.3067457107414576	-0.1403079720740394	0.5677045854914784	0.06269944051985445	-0.04790380297007646	0.10698244676007905	-0.21486111295663418	-0.6481106694563887	0.10023971769059851	-1.1954621794069682	0.6209056484769396	-0.37495715010937347	-0.16370387702839018	-0.80544600891717	-0.10347260795314765	0.5260816808666782	0.14964779442939374	-0.22619609099350485	0.8294897763338452	-0.07668474144181706	-0.9090491199784467	0.8119821239494681	0.7003120086880195	-0.0906552352898617	0.26968565660219135	-0.14275326551228662	0.853538599094499	0.5113242358516746	-0.7494422134911779	0.05984707786472671	1.6756702070605307	0.08766145346857696	-0.4577119680782873	0.8953366659583056	0.07959286866966815	0.34904372726169086	-0.018776361653410765	-0.35469688290755724	0.047595948332032366	-0.7098201221893609	0.1375967109533796	-0.8281871277199933	-0.32555959358308617	-0.8674498379100317	-0.2634671560516635	0.5852182129706843	0.436208693632136	0.039182990969129826	-0.11143220896620383	0.13061658620118266	-0.5747960613590902	0.5161742686045142	-0.03695490818205959	-0.7029860445293187	0.8456536026176841	-0.5348608800303933	-0.36697894013934723	-0.5857986697820394	-0.4300694842161741	0.7837542757812048	0.11126901294241694	-0.14944113146100654	-0.6160927748198498	-0.4084449597659852	0.5592681520327535	0.26966965073720833	-0.42751923595798913	-0.4884498590575663	-0.7072797714889395	0.46489376947592703	0.8069913413440708	0.1527655283998675
DTXSID4048935	6.6926914834804405	-0.27777202709902593	-0.4142791329959004	-5.2064641440556825	-0.6914455727983441	3.25284101518632	4.008391738556019	1.8750151087892675	-1.818020528102265	0.25381405540499963	-0.4156626106171641	-3.191421681881843	-0.01996988325429075	0.06589235347045408	-0.6196686062795466	2.598236380804846	-2.1037347441147483	-2.0667866850725773	-0.6539390375048059	-1.145542772937697	-3.2168592691997877	-0.23583254851262128	-1.6513757447943649	2.3386802877349817	0.6596277293623974	0.29869795248413794	-0.7694410464320871	1.4554711095444588	-3.122149519437351	-0.8341607685993101	1.143909132703203	2.7944446671590475	-0.6999263278886168	-0.5234169641198492	-2.7037606198691484	0.7669142577113653	1.6970026526996211	0.7921616175375231	-0.4128310056602625	-0.23290251679059235	-0.9912640932615077	0.2835683501551579	-0.32951119460846906	0.719775443697726	0.7531242178284395	1.321667802511356	2.335986792249867	-1.0035257391206232	-0.3826077311160442	-0.5597380995642586	-0.5081738028660033	0.5563704431894423	-0.11196870440671466	0.042186767296949396	-0.37954750581048524	0.8771154792576422	-1.6942265743417273	-1.5125502622553146	0.5019044114547527	0.9494995372956512	-0.09310913196920653	0.17808309054400132	0.8431312177256072	0.5830822751811722	1.0713294173404195	-0.029838390505455392	-2.211578471570079	-1.4726222310842856	0.19690325041868662	1.4013782547926676	0.3707380026290261	0.1426176638817337	0.8108960009420166	2.2692850963434243	-0.38599689301694406	0.8391923797650936	-0.23296474654049162	0.6139643175046926	1.1048634104139734	0.199198161704319	-0.7272299441770477	0.35800862902377895	0.9401765894636681	-1.0320788384224067	0.016570165429297394	0.8416172917246414	0.07505728999654264	-0.3995422129841404	0.05448701875600206	0.019528021843305054	-0.5262018120874977	0.17550944609401475	-0.4896781477600104	0.17074424344017666	-0.9487851769337439	0.06867320493662654	-0.9410459767571618	-0.0524048114216932	0.06315537667831674	-0.25858493185754616
DTXSID5021334	-2.63876305573028	-2.3527425803354816	-5.523789617060623	6.799800477489115	-1.7457531859784645	-0.14893134871402408	0.8625419145472872	-1.7151677732365131	8.88386437078658	-0.3049072594157879	-6.812783763790181	-2.8891207583260745	-2.3203806832842293	-2.282806535398211	-0.26366854809755247	1.3914789413812034	0.6740453836523532	0.6579284245720844	-3.055443439335735	4.73789838723795	0.21009444043980158	0.18314301282639261	1.1651818940539158	0.05296043541723764	-1.1627521020582066	0.6972423258785369	-3.383488172084974	-1.4844314246425059	2.2046997961211288	-2.087258625391681	-0.26344508181343285	0.9279619893110899	-1.1302080186347594	2.60263817772479	0.8565648943187966	0.7654437139093428	-1.3568696912960996	-0.4559738231323102	-0.8122267137454555	-3.0015715902243882	0.8890915368562841	0.1590648997352633	0.9446634694378543	-1.9792253375875	0.6725661372790902	1.4857335886878833	-0.36766226242852845	0.9890902940278065	-1.5379734047882125	0.8475142339013338	1.7194337536837911	1.998664046937063	-0.7890954208032142	0.15489909149102957	0.9868434591210297	-0.9036311962764633	2.5136449132087675	0.8965705133542967	-1.0311914336478745	0.5356389736266732	0.8863967919984307	-1.2580762778566184	-3.1556991679806816	1.5026246583034923	-0.22624771671444305	-0.14425195116473233	-1.6126620628961357	-0.018001502027329155	0.4013307370331709	0.906192448347579	-0.9155511392741388	-1.3937423362970776	0.7584459640678363	0.12217994814007478	1.723718701157803	-0.5747156043946158	-1.465763126954384	0.19402469285246882	1.670626088421709	3.2177006598287408	-3.4036778640109335	2.8909492514719455	0.4470343032608858	1.1304284213591753	-0.741354307475401	-1.965114387188639	-1.8634983580429192	3.675463338193888	-0.8956671677106556	-0.7543161237786304	0.1629280696085406	-0.02692131681045569	-0.1658127357470295	-0.7878048965550207	1.4963978347098057	1.605610644731204	-0.6062204779545247	-1.3018385417799279	-0.2400102330881648	-0.5907892922325655
DTXSID0030162	-6.057667999699998	2.38086203587817	-3.1615484986687608	1.4903024376984126	-3.279325533134438	-1.6465651218616435	1.718980797410903	-0.2840060402413867	0.765319886443868	-0.9153644600584803	-0.0681975802319858	-0.09223765745945114	3.0076257288942223	0.7292191538942004	-1.3557815433676945	-0.5426822791446705	0.5121475887514596	0.7194126150907886	0.5221049051563582	-0.1237138013653594	-0.4605218665802679	0.018142696320306326	-1.0060561881343109	-0.736030405154649	1.7020954617002881	0.8017094410327977	0.5851849558153362	0.35610615558556347	0.20311017980971016	0.3042822042609104	0.238318813505328	0.5226812322780794	0.39046529014493314	0.28228111062760486	-0.7116324660024173	0.2416212512436261	0.2401547422070975	0.07155338010610673	-0.30155717093618206	1.0243846187816867	-0.3288095883272295	0.369941834387408	-0.12922827485057017	0.38545408386164387	-0.47926804792484407	-0.05216836770541914	1.1236211296488265	-0.1149677660352576	-2.0369167415912033	-2.031424310766734	0.39336223370753126	0.9937689292895643	0.8098153112528813	-0.011785637924018542	-0.8829310917219098	0.006094498175756111	0.28729965922930656	-1.3821544012466622	0.25197628619956974	1.0211289130242396	-0.29353175651338026	1.4294710333659317	0.5968835814628535	0.49186710627090063	-0.4022941490954553	-0.9799067337457871	-0.97519699938864	-0.49339139451525094	0.12668673538044362	-0.15735173195448005	-0.016549083074255316	0.2809729081768644	0.6181743659593308	0.30727097340369686	0.20998519762648252	0.6274732249939334	0.005438122242127939	-0.20604461449320946	0.7358756563935416	-0.35076039777213663	-0.10688716268736226	0.003955067050225821	0.34497179780344783	-0.21867780558529132	0.014064965372482618	-0.5719095496983855	1.0252673674541293	-0.40740416141676666	1.2412284780742986	0.05447068682265399	0.39047824845524687	-0.05704605904488937	-0.6263456561883232	-0.2167324406808001	-0.47036110018996846	0.28418655727299064	-0.4371169098059978	0.11339030915810602	0.3251080929901902	-0.12234291132659063
DTXSID6022715	1.4851919854351547	1.6242779409559684	4.131873041084524	-3.9328813237531692	1.826300944277317	1.6705628199037785	0.7031303019418902	0.499371267998081	0.3750738490280884	-0.22105629670871016	-0.5261355807449052	-0.11011651722665979	1.5014060193398675	-0.5626812789949605	0.6814257709868963	-1.7419742018577073	-0.2579527918268536	-0.18406140391286185	-0.5845911523418421	-0.36404021774291573	0.303401194477267	-0.2477396687749224	0.7280749147364913	1.0152035407973719	-1.3879166955044742	-0.07736719958035602	0.4999438161281715	-0.12457814438044755	0.2737299499328292	-0.1741920884226699	0.12286792999426312	-0.5567475486344315	-0.4213689482140585	1.0632811045980604	0.395825572421391	-0.05508292388257923	-0.8461579741519478	-0.7087796276569103	0.12198077831594016	0.5555343462338374	-0.29414744584444513	-0.41279569362764806	-0.5411920578149518	1.2528962040776856	0.9517055043614062	0.9526181087701533	0.07010523375574527	-0.09946114041965219	-0.14600328864754664	0.2556200723811068	0.5671933971769684	1.4386116189081168	0.837460590345759	-0.338345352149241	0.30435120581922037	1.581940667561653	-0.48312673225556857	1.4068560815838218	1.8077209421811937	-0.6736208624798253	-0.41356462735978805	0.7500252511766411	-0.11462356266110625	1.078991950304753	-0.02082451292998969	-0.03964296476633111	0.8240078048543654	-0.047675291066262886	-0.406316045682104	-0.7767467841481869	-0.03415180865035509	-1.0181649890095827	0.14678692307278612	0.09343741541838788	-0.4507146452168431	-0.45694309085385454	-0.09297289297997768	0.31284625667249333	-0.6877423504031117	0.15985047613821446	-0.05273994846999229	-0.38463806206977075	0.8844741424300314	-0.12651619384138246	-0.02581094212041208	-0.057828373150749936	-0.5201990788875924	0.7007801036028717	0.2857778006780563	-0.04000199001623781	-0.2342314088285693	-0.8493558075970097	-0.19669576460867108	0.6024779607749313	-0.15760956523842456	-0.45027990171923654	-0.2288727537653729	0.5174255815880631	0.5743251839452728	0.46855035475607076
DTXSID3046823	16.707228646969366	8.105125544012358	-3.2044626000983762	3.4179313765733546	-4.017435788996735	-0.45484860590861353	-6.744029392476217	-4.142149122612956	1.2950306191529135	1.0752359955839284	0.9917927912135481	0.8371199772511679	5.394705756589019	1.4957044157554236	-3.816731397225718	0.8297775010502202	0.7534993749611488	0.7956362794278126	-1.958012194943095	-0.2036436740930755	-1.517155092064489	-1.6305564724730945	-1.4653855636690947	-1.0061527462886133	3.359815745035268	3.461599337188457	2.356233084909377	3.128231800428278	0.5746676981341019	1.270225461866196	-0.011897606869614703	1.1066649580850036	-1.98353346568551	0.6879954489817718	0.34589123872562116	3.9681282101588153	-0.717482512859468	-0.7303221443997299	0.6840078269801415	1.6016552559113546	-1.2133250409711949	1.4277331377888065	1.5091599314238742	-1.165581777953051	1.4395560961241238	-0.14892945332156202	1.8587688434019225	-2.417823889778706	-0.26229051890701377	-1.6768865912674085	3.8521196092922536	1.1493076445886194	0.33867266204950003	-0.03822804808968893	0.3227478419534985	2.7134637292315253	-0.6718202269001199	0.44641844785746293	-0.47087588196325253	-2.3728614922292466	0.7256201471815223	1.3430190106048194	1.2267669199715994	-0.33383037290337253	-1.1929020996990463	-1.6826754105320392	-1.1089293607773638	1.3729398200295093	-1.2785838161998149	-1.756564787387682	-0.5188964396375112	0.9848349884072215	-0.5720235754381052	0.8927974303384023	1.8233689124227501	1.851571144311193	-2.7778074650877493	3.9648269128679283	1.4954400004738018	-1.2226328546943426	2.652519850106864	2.5785533887575163	0.06238789197822434	1.305615305925153	-0.12602440439385115	0.25767803836780856	2.3053175290172976	0.562761781561363	1.7812463317766678	-0.6658058278153305	-0.45652050274326744	-0.14142406789569714	-0.2244066821876081	-0.8009280231961088	-0.12413428815304743	-1.1099351821317396	0.3042571605780727	0.9282477979301939	0.2851339357194523	-0.6875961508037466
DTXSID6045082	6.666963797253436	3.4808231967081054	1.1578753419542178	-3.098714438534102	-4.7322378515292085	1.739278551702671	9.511353141184028	4.12016814027606	-4.2040769503775195	3.024389465109065	-3.0616481743295014	-2.8721717520352503	1.245899843033411	-0.03382023120623257	-1.0020545172384596	5.934332051738502	-4.60110043566943	-4.846565699790245	2.0593733884803487	0.7725233806212735	-6.3144287473099014	3.357115000596466	1.0837569068474833	1.5007089979125998	-0.37118811839746413	2.7337162557908927	0.07243543333732191	1.534835827308441	-3.5527834886057263	-2.8057965651995778	-0.032077194296191734	3.144368178273506	0.3704730013288596	-2.5548934775847516	-3.6429877127530146	1.6677553034996988	2.425402656160867	1.6969181394186823	-1.9995308256875297	-0.9904542685162308	1.190456815723526	2.07739755262029	-2.3106802524980496	2.9194186312910637	-0.23523485985862944	3.785247675281373	-1.0087077844517593	3.2272316491236475	2.1662327804486323	0.7025282277805354	-3.3645514294923444	-0.3810131975712193	-1.4593982523200892	-3.469215661252298	-4.000600823669558	-0.6291543837140996	-3.105269783706548	-0.6916793788110382	-2.6336315183669123	3.3805818919701753	2.537947650457756	1.285853844493397	2.8571475591484163	6.856129218775772	4.363865193755163	-2.6103705717042165	-0.46620749818486923	-3.1189234017387832	-4.199093708645989	-3.112604240620497	0.7937023026993103	0.23953827107914358	-1.258704514028273	1.2900884019890075	-0.645833423290707	1.423539411178255	-3.0328596373859917	-0.8490760894311152	3.577378205508843	3.1823836968338437	-1.1340840250380297	1.0825726515169984	1.6247310894260407	1.4626127107508322	-2.238014669429531	0.7972064794230953	-0.8704747796351134	-0.027880769393303917	-2.2161835152183116	1.5233945229498929	0.002337160468118291	2.585848471024253	-0.6484646212579681	0.6965887767382182	-0.14351423379180314	-3.0814421759788506	0.7317087157559808	0.5244137826880563	-2.524892903679365	-1.8167587911486254
DTXSID4020088	3.3024077211816243	0.8505287816262894	-5.432919521190511	3.344975810305714	-1.8391501029895518	-4.164570655199923	0.592335502201425	1.4470296277980623	-3.394593162462486	2.090893943102176	-1.6066836863938094	2.6547942933722997	0.3109792091008497	1.124723971008263	-2.6237124792959547	1.8803813762451473	0.3687723025024455	-3.2223814312116237	0.3206470883937231	-0.45771536833243154	-3.7679112008111835	3.7443258148242866	2.2574272404998346	0.5102522868078769	-1.8788684633162789	2.4482795159161985	-3.3089014109441086	-3.9548218708796576	-2.5019454227400866	0.12303996727787388	1.6729362233422642	-2.882426020768952	-1.031813420361382	-0.9189997179347217	0.17714151881840895	0.5412868304154905	0.8117826680756582	0.5290192231441155	0.6889432227509387	-0.8139880772323177	0.18819041947227025	1.4298691020537644	-0.10145100231039338	-0.8139313067480277	0.155601791577207	0.8694689486222491	-3.1110329186293555	0.6115563081685376	2.736951064769026	-0.9467671360660811	-1.976750938837099	-0.1875249141934475	-1.6823252176124914	0.014607945481366904	0.38497907950115345	-1.954271777389252	-2.312320718863524	-0.47014276245106623	0.4183600520441501	0.6277217956566004	0.11429018637757034	0.39460233720887405	-0.025656215798332393	-1.9245987444382495	0.7387694885089886	1.5933128776618368	1.5773981903653254	-0.5465043615320627	3.597104984198431	-2.58848600355944	1.8637583830007742	-0.6122943218875379	1.8691028796388036	-1.4252261702321343	-2.8304680790009518	-1.4448167765285864	-0.7299307937525193	-0.10957403672576378	0.5939960858682185	0.09067089338157908	-0.7382560182158765	-1.2435022329472094	-2.0156428745335124	-0.5660428335491751	-1.2001891474381357	-0.33448777174112043	-2.008465380774592	1.8882157524957004	-0.5337559848171962	-0.7913025859225989	0.9813117488796085	1.754307594883926	-0.3680941477380879	0.10872973006295153	0.41640734797100615	1.5159980352302305	0.10221760575713537	0.41956334419612884	0.3750383869145143	-0.09346939675737509
DTXSID7045867	5.913143666678438	6.812507322394113	2.380781268620684	0.2030896131548649	-1.2664981807544686	-0.013029939537651086	-1.3546379293996365	0.6649262665336902	0.7849670253555147	0.17659882883719932	1.0852391830438577	-0.21930257967239247	-0.45008415286255743	-0.11607603166089935	0.6281871738996962	-1.0749731616058051	0.7810446403662441	-0.2033157961051468	0.4273841386361529	0.39068526467559056	0.22351312682807573	1.0147729235060463	0.7603694714275917	0.1458862528942952	-0.1516980148500774	-0.4624314235666043	-0.5361735753954567	-0.11109719012800133	-0.1086479266511909	-0.9460740802248584	-0.20861503963823602	-1.4423839647731624	0.7079592083377758	-0.12294550308502158	-0.280282170647625	-0.30631352907426757	-0.09743266079776751	-0.0027366522219207513	0.3172802011366145	-0.13723794776158846	0.5653647549925611	-0.5945996915646504	-0.6987744466276278	0.4962272839644542	0.3850030932049718	-0.22752426621679986	-1.3339602329667748	-0.7617810444788529	0.9157787860840061	1.4560332602452268	-0.8971498328823265	0.12127902869850471	-0.7740811324808741	0.1536210503476013	0.341974977867997	1.0724318358739995	-0.38928063689241327	-0.27566960269746626	0.5886031457326347	0.7486708658013862	0.02968280859222717	0.7414757904481615	-0.6695613709063891	-0.6627428566670763	-0.1393716823258745	0.0775127637697534	-0.03163644977182169	-0.6225811259670256	-0.3178787318224646	1.0732663289747246	-1.3024500155736445	-0.08871355179894118	0.30565076492277	-0.2535408307731573	-1.0999586289460739	-0.016216648111551456	0.12327057217916139	-0.3478706759876764	-0.8934782216103454	-0.38697947149724254	0.35924751518288406	-0.2537342867982619	0.5088716550338684	0.21780177410530074	-0.4367114381333083	1.00235722667621	0.2771572084009326	-0.0008854943114421658	-0.22078614706592173	0.2258194542692654	0.530611368065467	0.5682316916058546	-0.4720217765705897	0.12348715801104457	-0.029038383314957585	-0.3628408982161746	0.1771529141556764	0.2729230343587994	0.1977684353870294	-0.2008842625601797
DTXSID3057800	1.1846622352549077	-1.3144528273898275	-2.437187800403057	1.7473617097984853	0.9706365260790413	2.861440130222328	1.673453396680751	-0.568839608412702	1.1185579473509293	-1.098409059812099	1.6935473190046628	0.037344118717737955	1.8801546703429135	0.6411319844414738	-0.035825030051141044	-0.40222358619847676	0.25439549807918177	0.5139965897343852	-0.8700095248107945	-1.4384224491096473	0.2744488696473906	-1.456336618067914	-0.16054123382780924	0.008829147837379125	-0.26815333742360686	-0.8608331558526244	1.5741968201389713	-0.21822658606151357	-0.7391024142725752	0.17110506808869808	-0.4297004409586774	0.2545554880154899	0.624545062199932	1.0413262616678114	0.10066550522261056	-2.194643654983016	1.313988223428173	-0.1725978724124057	1.1313102142937066	-0.43891068893639973	1.119959861511999	0.02650269608795845	-0.7015366025495346	-0.6588789913964361	1.3861085149100567	0.1220304245692167	-0.0010071725359603364	0.22299351475567775	-0.1992504850503819	0.10765599095522199	0.2962783946013078	-0.8607573077662132	-0.6024152593070224	1.8168431563213203	-1.8109370494458903	0.04984298545273311	-1.5373856282208282	0.7567850556235832	-0.3684683538627135	-1.2404743108418455	-0.030144059713307487	0.32579360318348083	-1.5519193119815253	-1.5590301619210498	0.6718848988869441	-0.10887215364935958	-1.0411522782938205	0.9690368733108732	-0.43877041947150874	0.4506415221059817	-0.11371282045715476	1.262754226823173	-0.940638802716444	-0.16110951550053063	-1.0013871192568196	0.34126788854263906	0.37495674453218963	-0.7553384511085968	0.29980895746659614	-0.013124970038925108	0.8517974155344856	0.8839091569636655	-0.37730870344452566	0.1387985774664693	-0.6423763596724229	1.3928243329762762	-0.24967378002876855	-0.7234420757604234	0.13883388081264506	0.3647624207107938	0.6801546159915295	0.44706444316007765	-0.6042626652897778	-0.6128216238085633	-0.019214216034500475	-0.48158902662398434	0.2820234585543685	-0.07819376233575154	-0.6660217478568558	-0.20701853315090055
DTXSID3037672	-6.398391522695854	1.4894776706391808	-4.772444243307509	4.6409569245576	2.9150825993339446	-0.35742677248798493	-1.3409689616447522	-0.9003770387280962	0.01446191452372064	-3.1452096345590808	0.09937583559277963	-1.6631734115631798	2.704061742443327	3.0550144359666094	1.064924365145779	-0.1436850755787139	-1.6262431836577127	-1.3082274273927237	3.9519409579363427	1.748956944489117	-0.38297893485833184	0.6817415334629214	-0.1999990218508505	-0.47259116192260947	0.40748998926687974	-0.88285248458636	1.8152131675681682	0.712703492628548	0.8275973906475264	-1.2144289414994893	1.8669574318239763	-0.18988105902350227	-1.709340438923368	-0.6712878644538052	0.2320723052392199	1.8112547473592864	0.19280356963036502	1.0938594387255163	-0.4361403805768625	-0.9968775044320941	0.8751182611445704	0.8797638129633187	-0.3819237309872783	0.6571485882156365	0.7033664284143284	-0.6918364742570255	1.0956049685395977	-0.7167236255690829	0.04330129047721244	0.27797512627767945	-1.1848367496619043	-0.24932805028195387	-0.04623993428582287	-0.19252812833825866	-0.7278579280337504	1.0245967494359365	0.6732219851017466	-1.5091279491596516	-1.7906270085663407	-0.3525868298131982	0.4829612838364623	-0.3112445676968585	-0.5662708002594199	-0.0016874290739381653	0.33742354327524754	-0.07710990503449013	-1.043237863332894	-0.16722217552969482	-0.3885363876789135	0.71575013456589	-0.34387453500464027	-0.6863957048184206	0.017374419500640694	-0.31413915140732795	-0.7214953081153163	-0.473540755051472	2.2161174842505034	-1.2965465873200244	-0.7864411978691367	0.5473081838262875	-0.6004253022919601	-0.776349687352298	0.8633823353620993	-1.2403075700036328	0.48141278305613167	-0.09097069616843463	-0.9702748270637628	-0.20661632000575397	-0.8003758033357845	0.41712989949944523	1.082620642548976	0.636977711397254	-0.2549138014642526	0.050109652008453	0.26068414818062313	0.7792489279439043	0.11707854721290517	-0.7824250371702087	1.224097078096902	0.5533710072034957
DTXSID1020512	-8.18821015320925	1.6553533060477617	-4.415836069980192	1.5858670540311453	-1.10066120057654	0.8513989800124937	1.0295673734020636	-0.9965072998055713	-0.7235048653040342	0.42043711146338625	-0.2789718227352531	0.010862017096949861	1.937662561748073	0.6612692686552345	0.27456883248777064	-0.6043675928919013	0.3352069681055598	-0.9400486832061886	0.576113585133673	-0.47625596800391956	0.1526543424836447	-0.29871986875130857	-0.16364483183538694	0.14870797023468768	0.06057047707174527	-0.2631291368727219	0.07939259745089482	0.17354177357852096	-0.29413266692967277	-0.798828181086299	0.08359484383552843	0.6816505509234047	-0.21387291790840288	0.7244455947959783	0.1602639652411905	0.0460170385983654	-0.09566834323393901	0.0437255661413754	-0.02559081439767588	0.05762898749658336	0.0462479159713123	0.6701992846331953	-0.12241724415671745	-0.19711829702726028	0.3779209044798601	0.1562343533157139	-0.32282066661247005	0.6375172777864881	-0.24894133908686666	0.07421774602035136	0.6487709260072743	0.37434631615157854	0.5563336286307685	-0.027362699329451543	-0.12782609737738684	-0.17532000175980567	-0.6078686633988074	0.14218724490936954	0.05543563711295244	0.07669228941487896	-0.275637464654839	-0.5339134307365417	-0.8716082722256536	0.027690306170790883	0.20216418925436488	-0.6644899625785402	-0.20815517759417274	0.45262165076621247	0.4758439512098904	0.29971560777255185	-0.9233037239016251	-0.39633234063550965	0.27731208828626114	-0.8372024853709406	0.12482212469316105	-0.28488160552318176	-0.15463109873667746	0.7665560024487843	-1.0413214020609318	-0.34201305234650164	-0.04416072921621141	-0.1652611846518188	0.004311252650831025	0.11151784567341862	0.17423800314690593	-0.5094176759852616	-0.1992729213283372	-0.9198235164913264	-0.006742321776610368	0.24434595347563914	-0.0350658423766462	0.5159881015334201	-0.40749572382860333	-0.3775347201157916	-0.07152990551045807	-0.2181957099188345	0.34050027037307296	0.11141395741455178	0.21981882995603802	-0.14052032240579418
DTXSID9041815	-4.350424696316218	6.343582562023888	-0.9960722757796263	0.6525029916764766	-0.25992707304055107	-0.8214068607277835	0.07180665005877608	0.031137224634014853	-0.22721224026283446	-0.48592896157114696	-0.33621019291321563	1.1242852401779175	0.29197001223363866	0.1944110959400875	0.06811424164058383	0.03381542416024817	-0.10429464265832807	0.26801466957777986	-0.12245579111093685	0.06019948606973525	-0.6438345805038106	0.41037297036646314	0.18776557608468655	0.8002156570060779	-1.6962250420436178	-0.015264041880835832	-0.45011802344545243	-1.1122126384616722	-0.4187005079513982	-0.07189941436575975	0.7359269761096261	-0.266110028650528	-0.6758509021501525	-0.598827821650597	0.4766143501846985	0.4660447587249682	0.3761105133804051	0.26905796796088166	0.512804454958957	-0.727209332642833	-0.06599561051308171	-1.0256678012954654	-0.09507980589916157	-0.08955008404300127	0.3566455277280641	-0.40605930547422875	-0.9096831789000333	1.0783890347758291	0.8063820875595363	-0.33819083903123365	-0.38207318779493543	-0.15905087884842486	-0.04380914825565637	-0.4250637944088316	-0.8325356835646124	-0.08717806904550629	-0.004856682205765348	-0.4166711744544772	0.08943003978105962	-0.2397926132134511	-1.0376728014090946	-0.6607723890636263	-0.3985973292407607	0.7024574622620688	1.1542260892016787	0.5057259978101541	-0.09947637757578832	-0.020990459545622946	0.3114617415135291	1.5424874501601502	-0.39326209153322356	-1.1825830181057384	0.5059574613749254	-0.41534437282792636	-0.5439480846001216	0.0025079756841958193	0.4786346069640034	0.062265147209610856	-0.18743414130235758	-0.15049945090712652	-0.04412787790086848	-0.5643130677254738	1.0920068402189411	-0.2488724954106478	-0.004957243135857544	-0.4090211903940477	0.3164239415758004	-0.043592145190407564	-0.4362323411053954	0.09939642997663353	0.6277910665458709	0.4391723988260834	0.2969749014767592	0.11557043001231493	0.21917742974500817	0.6975418960673132	0.18883840418109343	0.068712748765051	-0.17728242202671327	-0.007625862758142882
DTXSID6020513	-5.929055466800671	0.49661521438241446	-5.114641713234403	0.8645608465116277	5.06808173349997	0.3842259296015901	0.1314707372211719	2.8973907669153802	-1.305376560077149	0.9485224876174704	0.25743917189051485	0.5711270754118515	2.8971066901794043	-0.03401922065492408	2.9299588721838217	0.5319732835787521	2.575437521513786	-2.2942042929908957	-0.9576622041843776	-0.6658837133582963	-0.33136252697738927	1.612238752358423	0.9613428750225413	1.9938788030900274	0.15281539121781532	-0.8818718681502178	2.821007272775379	-2.7330319258351334	2.631765337826022	0.6254476217330789	-1.8260087969063916	1.1117357370091765	-2.120380937550252	0.9257466460637626	-2.2171558882498372	0.22894430826734735	1.3378570709833748	0.8573878290987836	-0.05144940739203798	0.38214528415099275	-0.5249078272706976	1.5089383530568063	0.4527814849804216	0.01690498429935348	0.7072233560123217	1.3870232543683605	-0.7561312843792556	0.7418866195744617	-0.3231585259383331	-0.49927968363437697	0.6038130408440565	-0.16894464628221673	1.0177771356946745	1.9922743345857779	0.4743949062862454	0.7217846862960313	0.5131204693935014	-0.8601389649024387	-0.3331194769237657	2.2795032110238336	0.8048316993193246	-3.299577853407501	1.9297200377514556	2.7310874246206294	-2.671614849264559	1.5402441012272696	1.903758825663311	-0.04196539040683344	2.5304796574955226	0.5084736608457289	-2.239161862796389	0.46944589814879234	0.34075334507597427	-1.3583577049283528	0.2298312614373608	-0.5958023797713996	-1.1247902583129379	1.3625654925226238	-0.24910672933001443	-0.05387965395114208	0.6229021091582524	0.24936256726194952	0.6702033647719848	0.3137757782833442	-0.514950485476594	-0.18812681866525147	0.817180155197944	-0.005357548384960708	-0.08238288816335392	-0.7815517426501665	0.3708962475509316	0.6008355769448719	-0.43713764892648327	-0.15706293206610974	0.5111993951958616	-0.036574366875489324	-0.4211018662588105	0.30767305375124476	-0.8391134621612957	-0.5464827289478955
DTXSID6026612	-5.177592797484985	3.088545961161898	-2.986226397285444	0.521147677496836	0.8274039661116706	0.510066437880346	0.6680178184281296	-1.8095484693082085	1.2048396129939005	-0.010316838090114818	1.6631632484017222	1.2189138772648598	0.6713503712186758	1.0729961935919166	0.01943935386639947	-0.3243345153644297	-0.43973066189612736	0.9473019628591053	-0.46824018827656766	0.5881195641668675	-0.992971726138564	0.026047352084686285	-0.27279527109860113	-0.40939911934564016	-0.26649840962052074	-0.00677516895655735	0.69214535935064	-0.2395775158141181	-0.04361277424225017	-1.0802715778725784	0.3084294265587404	0.2698079663229489	-0.15862840089577468	0.3692750211593362	0.01720170739621544	0.17085459501059103	0.6467008278796293	0.9030367757780511	-0.18522822329582608	-0.48882573167997095	0.25101817276002863	-0.30602224660784916	-0.1794493656339056	-0.6085843680062034	0.4776547969430868	-0.562884409894984	-0.19332397471642376	0.3801041140180593	0.4080178372987829	0.34272081675987714	-0.35249769934962427	-0.44852423875827824	-0.46264586942767666	-0.5227262330654583	-0.26186997099281056	-0.6441712740973068	-0.39340010419414406	-0.6100377992063386	-0.8221093541791378	-0.3258346473017341	-0.2498084623763133	-0.6700772851693665	0.10039466328821921	-0.2595422249070747	-0.27468217617863544	0.3158158155281177	-0.055374288658930286	0.09994117648869794	-0.4680858264034847	0.1433047580795159	-1.032120890896069	0.4777404149448096	-0.09660925222003851	0.14791311700106172	-0.2935376780248518	0.25975316021396255	-0.013616397511568058	0.2917841153494038	-0.489387384618823	-0.4477026373731773	-0.5667299407966265	-0.41159950955033436	0.4951497686281255	0.39638709619642337	-0.3884587731743328	0.2509265705073601	0.047615559452635806	0.28262084592752196	-0.2540039488799684	0.19745706044992622	0.2552232520939612	-0.05781073495678559	-0.40135769269586447	-0.679011982065708	-0.30679636022370477	-0.05534838907696189	-0.05175086295060085	-0.384395409114734	-0.2709223370266851	-0.018536039330723668
DTXSID8024810	-8.19017013201427	0.5924230014664131	-1.6635371259385683	-1.2187593895899673	-2.84637413256613	-2.2480982605473487	1.5971562916893263	0.20105236061620646	-0.4053223265097399	-0.1974993186083169	-0.7967171595773829	-0.19525331164682058	2.0713983144863315	0.791655743243519	-0.460530759777571	0.20533412724473007	0.07473339307449126	0.3589130521868147	1.5569888064764397	0.37340039748209003	0.49083299817858544	1.1333098328748583	-1.6332096984322393	-0.7908448967660706	1.8641329391784958	1.3772373185059559	1.4413428927218999	-0.345295536380547	0.03813093256597056	-0.06554966524741437	-0.5477317695568412	0.9362287523552405	0.2623677315653219	-0.8664221107722796	-0.09867681155688057	0.00380268544685261	-0.18308833352110337	0.8280441085685918	-0.49780248164940655	0.08269157273485579	1.1493622189812125	0.018899572309281156	-2.0616172181057313	2.1738549399207905	-0.2715388481556332	1.2330517365859908	-1.361597870208387	2.852434935581832	1.3981415897333658	0.3979970551745014	0.8952385304223468	0.023837871944758816	-1.2751651467759506	-1.8337622409318446	-1.4675331730523808	1.2995431216976596	1.1024636156468481	0.9820081524406943	-1.7599846807795707	1.1626905310023825	-0.3842908023703943	0.33576765649084894	-0.39340727839232315	0.7477499373209011	0.03397901741552423	-0.40188207096824596	-1.1379783268317658	0.18203488132377196	0.2836642187173888	0.7193260656324585	0.29239627356976655	0.8549939064586698	0.06681481855538747	-0.07913669641809655	0.013870455023921764	-0.5204381688792986	-0.5361524670156406	0.5447147992159085	0.037131139329956035	-0.4413484411954647	-0.5682193389815003	0.32865936055603945	0.08394032330753123	-0.08737290647880605	-0.7074164167264689	-0.3364394496285303	-0.2730210367381173	0.44774049710890557	0.20950133691640674	-0.2020934589149813	-0.06384670699552192	-0.3183101733748883	-0.14251885267826558	0.2372561241007282	-0.017536866517951843	0.11057233366318675	0.38648988383037436	-0.04071767161726205	0.014849405774153135	0.06723743246863838
DTXSID7045861	15.508516280618782	-6.843084440090262	-3.6296388922416924	1.5898925535693909	-1.3317999824917934	-2.353484005393403	3.3601112972682228	7.874098808100344	0.34490665554499134	-3.4511782123382617	-0.5587452316707237	0.7293110405777004	3.4750610219461815	-0.12475405714358055	-3.3323061300314163	2.5971457059580847	3.919161112753048	-1.8225431268784804	-0.789263168591498	0.32094498587973624	-1.7848340662818718	1.982274452939181	0.10931340975325905	-0.9601307489053512	2.223976751765705	2.187400352533117	-3.4011860489202745	-3.5090787111444186	-0.01399488812461567	0.6979509279958958	-0.9875559835707701	1.8116408952808665	1.185167890724926	3.414253716004399	1.8586548922488753	-1.4248319205218325	-3.937765954177134	5.041774078585379	0.5985365093020972	-5.67704480065699	-5.467777740236565	5.024372710319385	7.003215315131068	7.291811671369369	-2.446226002300859	-4.235108762222152	-0.9399997518755439	-1.4374847649376137	0.7350136687134926	-0.9191552024003461	-0.699570839363699	1.2820211097412078	-0.7235126366933632	-1.1855475776735738	-3.1653024255637336	-1.8462030131688438	-2.426361158586165	-1.8889571576458484	5.089655278898909	1.8116124278940156	-2.109588256325307	0.7932960083086514	-0.5126685672722701	-0.529493624386313	0.511984465342083	1.437294950989587	-0.42295828294297394	0.18869147559863902	0.3249651527631992	0.9127435522069235	-1.6243410694535825	0.8842623122883828	-1.2738225804617012	-2.5334375461510326	-1.4344163140874402	0.34376336236124405	-0.06766199196007952	0.7643277458238564	-0.4270525540811496	0.4368122161153546	-0.3712567027768382	-0.038762599609608164	-0.5263936816156312	-0.12677854069142916	-3.004537607282225	-1.1683189010107178	-1.773519028015434	-0.06301626324945901	-0.6104925605160062	-0.7643502284555638	0.596576358305981	-0.018823579193592233	-0.06877083130536872	-1.8389155665121233	0.24270319376390315	0.019910213355012373	1.2405891306109784	2.053021496554497	0.1829231455266234	-0.5602281614331076
DTXSID6047525	13.41798882414964	2.637807243082532	-3.3952486247041196	7.113688822197719	4.280103536370066	-1.8477604708746616	-3.7348108284558745	0.30488413746633397	1.1286118672542331	-3.6996839387776377	-0.6168436393706176	-0.4839043622172697	2.5777062178519006	3.7334979171600695	-0.30917578128335016	0.694314237550277	0.0879097923070073	0.12897637674476153	1.1328866209372572	-0.07304184310383831	-1.2999354822178792	2.56687286788915	0.07839197521024444	1.4450003676335401	-0.5871085791524912	-0.1251144115234715	-0.46787768234865756	-0.1248787817493117	0.622776989454695	-0.9651382324939922	1.756457035044571	-0.9590323105306517	-0.7841447752884954	-1.8802754458897402	1.0858782159919556	1.4797122456695706	-0.4120376147239814	1.1024873977043421	-0.18527901757807005	-2.5381498074246256	1.273479392369897	-0.5573184746421757	-0.5725523289173957	0.43583104858402094	0.524590572967112	0.19007746203911569	-0.14567138642057934	-0.060964757458786475	2.2793711206321605	1.8217047907659292	-1.8373245940788605	-0.9753790151393689	-1.5195763867485823	-1.1534561207614509	-0.7119784166138472	-0.8173579548612762	-1.7595595744992136	-1.0072712558962291	-0.6299021235354214	1.3711677751282412	0.19826216244162925	-2.004821810188025	0.1071668158133705	-1.2112937429192836	0.9145750200941614	1.4271371619136226	-0.2154942982572351	-2.140919258051292	0.0861511591879848	1.6347814504456832	-2.056844609010691	-1.4442260068529367	0.40455404887510854	-0.08124632576756181	-2.7902418967427036	-0.9540022129733242	3.468737665091885	-2.513275423542059	-1.770449987452674	0.44202739385669393	-2.4303933095836823	-1.997674489247311	-0.39912316190977554	-0.8394234352459117	0.7505048705538502	-0.27611383174535903	-1.80639107696078	0.22418457271993728	-0.18476404642661123	0.8259478733385244	2.5938416638890094	1.4993799963368228	0.16678220240207703	0.5271433794604642	-0.39524790630517903	0.39773316183230834	0.23245108620358687	-0.9992521084273018	1.8724034358157857	0.4918395109228285
DTXSID3046586	-5.384574014831865	-1.9447010964265175	2.0435624353932758	8.029606092986699	2.3590641890094797	-3.2599564507784784	0.7564762990200808	0.3302349605200982	-2.9609983435886704	0.1185440319170632	1.1024344509478035	-0.6038481699383041	-2.49163173132776	-1.0580139607000207	0.04873467717922782	2.1014998566816443	0.2693435944862674	-0.7823380258583624	-1.162654068134837	0.3980087996948271	-0.9347529803836214	-0.10889801573980178	-1.1732050459096537	0.21607630747707846	0.7917151261870243	-0.5989183091180339	0.8067855182308482	-0.7233877636468944	-0.2731118284670481	-1.5391269367481266	0.07488513457312022	1.273341740234975	-0.20121051548142885	0.9788525707635551	-0.014037088128789852	-0.6105536747671346	-0.9823569480656749	-0.018230394568076173	0.03291175982063327	0.13706137133471719	-0.08189784909248578	0.8307246635583584	0.5568308121964254	-0.7686572925119051	0.4888486165009055	-0.5227554229383321	-0.952266435560776	0.8451330313263399	-0.5218698531658964	0.8033062722892748	0.3075668344296567	0.05427045367454383	-0.05479117234880052	-0.1498416797900597	-0.20787189693575245	-0.36926272814844274	0.2530066172545574	-0.09224936212886192	-0.693075168130695	-0.21307898827183203	0.47838582409742253	-0.8174727342506716	-0.2532523899249634	-0.8545306576130911	0.700244881050646	-0.2793933472758803	0.8516479211451204	-0.03938515921978033	0.35531298291116387	0.7600528937771552	0.5878482979151071	-0.47404639528552983	0.9831843728774772	0.2354737604210411	0.14026038937379168	0.18272805463692435	-0.6088303191625911	0.06399255016391873	0.15640793583696788	-0.2466179218162219	-0.48597792885777064	0.37349743731219864	-1.5908564960333746	0.01657175209096403	0.9148834496100423	-0.9154431329785017	-0.20016700635806992	0.5551205348142803	0.08300631545569448	0.4056896433719283	-0.00761519266021075	-0.1576211373691444	0.9574211039828336	-0.05593727139956443	0.04550684586119008	-0.1552550313102645	-0.3141613348957499	-0.04718378658416592	-0.537555506904685	-0.3629940578402323
DTXSID2044553	-3.9442186613387786	-0.4262043635260584	-2.0740308823613463	2.2319793619030257	0.21684272766234974	-0.6322409749827372	-2.226380867663801	-0.999207364211979	1.252316881139101	-0.59404370852703	1.3382002155332395	0.5418229869410327	1.5738236627740878	-2.273460255724023	-0.29412751077698773	-0.18795031770487292	-2.1077889983599856	-1.2572880329802425	1.696632444238414	2.0085754161975276	-0.9951859799194898	1.2720311318100306	0.30708163435438035	0.010512788280148752	0.6073123936594131	-0.9389115661510189	0.4880084645271069	-0.16950003903845165	1.8443017600745604	-0.6157557815968414	0.8532099047968803	0.2797472713562355	-0.37305402133584215	-0.42118111148718146	0.40889922323910843	0.9965756409012692	0.01855484229896448	-0.15593351378566195	-0.34189217030002456	-0.727863868033092	0.414545620452586	-0.2839310160112498	-0.20775169572386668	1.286587884518366	0.5581814260519319	-0.18374394918250445	0.5504601696829194	-0.481665120191455	0.32914609660482835	-0.06190316497226673	-0.6901782030663298	0.685025625878875	0.23720771976586497	0.046923630797795074	-0.6054711349328514	0.9995284158048843	0.3051819698894727	-0.6055117327784388	-1.8360667805949535	-0.05458256453366389	0.6632952082929813	-0.028366981509907713	-0.9880935346823875	-0.5319379051947963	0.38036764603571155	-1.094217589240484	-0.11524105852077605	0.03327999041082188	-0.6271571842032501	1.044810167439796	0.23049845477936842	0.22877773242998745	-0.5455500968050989	0.5142223996711787	-0.7582311355770263	-0.2939176042015582	1.94829582104664	-2.3238434690155922	-0.5542174624465557	0.8910773332741615	-0.9875087136468937	-0.6997569827012912	-0.7021235454860372	-1.3206250140521547	-0.0023144385178346426	-0.402192251060901	-1.4832858837197154	-0.15153965670834438	0.34376843412769675	0.23800810938453146	0.4362479368614784	-0.1529661013212613	-0.28320454325311145	0.047616511121064305	0.8399731970349402	0.4551647827768397	-0.6262306165503744	0.17358338185815686	0.01758430596692985	0.3715716833626355
DTXSID8034372	8.262959604785046	-7.221760551959278	-4.901214171642695	-0.6970211391524163	-3.286052054434948	-1.6935567314403108	1.6151154679830102	2.724191648177023	2.817110885558173	-5.120175863002479	-0.9744344775654264	1.3876049547842007	-2.5191584168842263	-4.542040154411792	-1.5329002674539973	-3.65365622679442	-0.45533767675004383	3.2676154496157497	0.32712253415956677	0.16651451252824942	2.1342464321942227	5.266687931753406	2.898041826428972	-4.00117131068802	3.7932921342609913	0.05011161014776369	2.485200882306615	-1.520295426044391	-3.2476218676126223	-3.743920466247286	2.269049348208458	4.643595915109119	-2.5183019104069673	-0.8262177321736912	-0.24648191667559533	-0.11753283412378686	2.205850071305505	-0.11310772663296266	1.9964552917706293	-0.24657579491870368	-0.4842328870894664	1.307067152168058	1.3001645032311548	-0.7985503913479943	-0.344327816915243	-1.3205151505390713	0.3038937495916296	0.7767303230682687	-0.7721536075172725	0.5105152088949088	-0.26576323286275494	-0.9578552654455406	0.131736708730902	0.9901057445699419	2.900549457985571	-1.4034208468103004	2.0769678633742528	1.0718660065405314	-0.9656291876426452	0.7645910727421589	2.0904160959379054	3.9019542308155195	1.8302604619968639	0.47709172713420406	0.326125016149169	-1.896354323937176	-0.4987117198104373	-1.0602242490721399	1.9044722551943614	0.595886328528525	-2.427904667658378	-3.3487704877956097	-4.6383842058333284	4.068001196705247	-4.3075415215633495	-1.3165352033093651	3.7354914472887253	3.0855866790695714	2.3161566536527425	-0.3345659211426331	1.4946250839688362	0.2680359832883192	-0.7406788809546283	4.456158896785667	-2.707332257334262	-3.6271918924286584	1.0167793415782747	-2.199123600837352	-0.3175671471639724	0.7705636831328609	1.0966766132940358	-1.1867442420323917	-0.25216341519204244	-1.3903135397699316	-0.028085964800673543	-0.8801095503797447	-2.234223357416995	-2.313237393450965	0.15749666114823666	0.30149229473233075
DTXSID8020173	-8.850921094883686	1.444587099440513	-3.7469600617945518	-0.07930662015320213	0.4388040853432541	-1.1374535070528784	-0.8601440540657991	-1.1729129746232265	-1.1968380758772188	1.3136580111777203	-0.24163091268698084	1.272932047446676	0.5851458593498156	0.6716454032450577	0.2080851565323441	-0.17361598615397028	0.2598700488766183	-0.8475189803591238	0.41698369078610387	0.574197968439522	-0.6725466246189294	0.0014662744604744874	-0.4045748283960725	-0.1617170991875185	-0.09068947917624115	0.014576328009535117	-0.0007201158622674968	-0.9626627185959964	-0.7375478130878128	-0.5523815146984934	1.1568355198752778	0.4300138189672387	-0.6093908308224758	0.6476310005614333	-0.1629315704792773	0.191316640969332	0.5466808484926966	0.1757704635309709	-0.09773357975569891	0.26883283369213595	0.27214449606905794	0.6549517874925425	0.04758385817820163	-0.22713072196713838	0.578307091982597	-0.3968666546482501	-0.8685312848226453	0.059211776569863095	-0.053129504200235746	-0.4854283929220002	-0.21461592725722875	-0.5881258252824441	-0.12868765382707203	0.027848163393812245	0.19678450497020347	0.05996485772148158	-0.2050191979833387	-0.38562949184628315	-0.7099178519958824	-0.05314023589909575	0.06969193671535993	-0.34863635113082986	-0.23119458780263985	-0.6302801787957757	0.92279578780696	-0.5754558426310367	0.31073390047627897	1.1578068409605973	0.576698543035998	-0.355646844506365	0.48873693230035814	-0.6086775795007149	0.5070598944194855	-0.5217584061010252	-0.5315249947175568	0.4085357226179408	-0.7512025304875662	-0.20504022300343255	-0.26233370399216893	-0.9486762351804212	-0.23631557468881206	-0.06048231739154626	0.36039172963032207	0.33621266352390305	-0.6765973144988205	-0.6665366533347755	-1.1150245423345784	0.7155003867702694	-0.6141461964332667	-0.2591464980639469	-0.3255121138655566	0.729154981979005	-0.7674600131987366	-0.020536294977559634	0.07346647238887126	0.23792162223603486	-0.0530471271949382	-0.37820279618043595	0.35556525870890004	0.20326092980706228
DTXSID5046011	40.692130440009976	0.623646506477314	-5.784365327299552	6.848352927221539	6.609848514958284	-0.07653519497919138	12.304054466174366	4.2640704974596675	-1.4936898500858449	9.80215107477948	-0.9682828491002954	8.78820688658199	2.009786223065915	2.2869810971329017	-0.8350364573898189	2.242728280972594	-2.0839874223128083	-3.4424995557746834	2.2539971310694966	-1.2094627347905247	-5.721338531147373	4.5769265537592805	2.8535781711943717	3.6532349238568615	-3.2131131885862136	2.351702454274341	-5.506643264269372	-1.72012333813031	-3.3575185046858156	0.5585914857226548	1.252925145542672	0.031192764266599227	-0.6143900804483091	-1.1971918969807134	1.99876793872761	-0.6382489995725017	-0.1838441934773846	-0.2825094295141221	3.000085791750299	-0.016442513174953936	-2.687763685332581	2.6201250802312526	-1.934795542760393	0.9741301313821007	4.1658723854008795	8.555069160687017	-0.4832428869513807	-0.08910479466042057	0.8363503374003836	0.5347860465761038	-1.188226422431704	-1.8006728689242737	-2.3701758311700982	-2.7015029063601594	-2.0178103715828337	-8.446607242046559	0.4734493126792583	-0.4279729613751333	-1.0997831328999343	0.24532293131000177	0.02691187798760519	-2.8378227380569645	0.6009832678273384	-0.5255265916581022	-0.057231983739440884	-4.097542619415136	0.02877272725737458	-1.1292720616032699	-1.8395961202829045	0.6404582650090379	-3.0595655144175185	-1.166683740095672	0.2911736884903289	-0.5061691283700197	-4.362310029261471	-0.022566110854550604	-1.8883329415845227	1.121169493517665	1.510684683137381	-3.4307198985867426	1.2990437045693135	-2.3942871747547403	-0.048253371954919785	-4.975196974085587	-6.066987936869592	2.968032734740862	-2.368459206925642	-0.27349605672414257	-0.6886390428180666	-1.5166745903327745	-0.3469269236696303	-4.148106025666575	1.1819804024627847	-1.004196451660694	0.36557443344653007	6.643666739992023	2.9251617821901634	0.16192298272743944	0.4455003621068045	1.2511801370954443
DTXSID1047318	2.748088992472223	-3.447422267595509	0.5627193683479096	2.1599538763906683	-2.8346786069519827	3.0517716650674394	1.1873162108837874	-0.11515265730706661	-0.277730233654146	-2.104369820779683	1.0076364612673805	0.6718204710662155	0.1281535983977237	-0.2419117372519338	1.1086307227725092	1.3927489650470934	1.3369148851943877	-1.8413816408151076	1.135231384034296	-2.9631593677820685	-0.13940688002855173	3.2842796370850436	1.0976068523898697	1.1540874561440444	-0.9428282236361079	-2.765050768371376	0.847780293254128	-2.0438450874656975	2.312781796118823	2.8979881168333015	-2.547998050806133	-1.1502637581440458	1.7470140173526625	-0.11293394064724194	-2.0582088821624884	-0.6984693568924973	1.8257541742302614	2.251174092591113	-0.4922573777528823	-0.11033785502057435	-0.6117111073435788	0.18215866450192553	-0.5829056013042451	-1.230053312138435	-4.477541056941808	-0.8905726488450677	0.3057824564155905	-2.147450646528166	-0.6897360779802624	0.47637795996340937	1.443572410625123	3.2780774408461104	-2.505211480541527	-5.088217938697111	2.745898925923458	0.25631730512726664	1.0371652884829037	-0.9315022979556301	-1.511836478801344	-2.1389415821970394	0.3861203468881639	0.13094902174354972	-1.9238085470807729	-2.0621891852358853	1.4722798820505885	0.15982867215463853	-0.3404858037778108	0.12797445335817953	-2.0081669622090565	-1.2374338760497832	1.8767041601095462	-0.36239647105807854	-0.09679473278834416	0.5435212644507671	-1.3655662598421947	1.0161190745388602	-0.3151984347398608	-0.11453958807220727	-1.0525044999789446	-2.3215330041499773	0.014681974604767507	-0.6188166280461724	0.6223357880395085	-0.3722863750508324	0.3256586952945201	-0.12371014615826001	-0.33626880018864375	1.176021333422984	-0.2744013851020203	0.09663732173963192	0.044154685367221544	-0.5210501126474665	0.520844060885175	0.4867331538916935	-0.059639973642270604	-1.5550931942297492	-0.5025075211582389	-0.07667368816245515	-0.30272147594540366	-0.10232233301577466
DTXSID6033241	-5.223915201456188	2.262460699570277	0.335894618622658	0.4394647652477064	-0.7844020447371395	0.6497444198195392	0.27998480301166756	-1.5648050902221513	0.7327867001894112	-0.3655219054492376	0.4287218485904183	0.412846153624751	2.752834517991024	0.2388072225140889	-0.6238627974500908	-0.4521859987023933	-0.32973004216967855	1.2854575254091969	-0.537327048311894	-0.6760211692621235	-0.8569110844877526	0.5323849428791343	-0.778825391152118	0.3152110541231145	0.36490572561169016	-0.04960776134245289	0.5340224427339881	0.58238586617226	0.16594049073538836	0.006882796101044462	0.4550011576180868	-0.18828727093280956	-0.12106829511120344	0.6960798695483614	-0.17893543289403407	0.1417520068313143	0.11920357082023389	0.7199362872375522	-1.001034522228678	1.531978385280989	0.42089544554933633	0.33076370574414593	-0.6540656114494516	0.11251576042584249	0.1575250340607545	0.08878425148434892	0.05705317085276306	-0.8664660979412395	-1.12016115445172	-1.334178550395412	-0.5220706553395039	0.434773203330361	-0.03205986018081686	0.17982684949542113	-0.4906420783049766	0.12301662949021018	0.5826751305412702	-0.10584991233205109	-1.0841166552214845	0.20282936672609006	0.2792080811633942	1.0797191131050958	1.546275764419004	0.1241258177062662	-0.4711416159755786	-0.014584417816843491	-0.30633229751141416	0.20320104788258256	0.04315235334916477	-0.5959335870809392	0.24368798749013978	0.09489049009046363	0.28478722105332	-0.3703395200333495	0.5215038879336868	0.32956582907984566	0.21747918576785782	-0.1180920989047559	0.22766420502053825	-0.19359554459285314	0.25578833549378566	-0.05703660672674596	0.11807745252566108	-0.47422676048001217	0.49032734875013045	-0.79963988672178	-0.27006634660309636	0.251235775117176	0.46250284161718835	-0.11306352400137933	0.09182496591902184	-0.26748645789995534	-0.3350207403823742	-0.10372708959430431	-0.04229605930615454	0.3749330449375095	0.16807913452267595	0.4649660553988092	0.3930269573054344	0.002290372882927642
DTXSID4041442	-2.3350057313767416	-1.900321360210561	0.16280371570500243	1.3217167747602139	0.13086612226997926	-0.3405732419633216	-2.3436056866834	-1.198649931674495	0.8261079840332949	-0.2754613964428834	0.6755415557874692	0.13736142012990685	2.455914613488481	-2.6745128181887634	-0.5529917204580961	-0.17968380421244837	-1.6287340705643782	-1.6127923507609223	1.27321873935102	2.318467641408784	-0.8213609537867077	1.170736244573471	0.4111338277277569	-0.5011693680563895	1.5074668601247427	-1.1130161168122916	0.17196030034791687	0.22483412078853274	1.3656417003307655	-0.2787659138616461	0.43990202203123346	0.278252012379394	-0.3841169411863412	-0.6638864628614891	0.48419562024568763	0.9657457557444079	0.7152759927883362	0.05457384358016933	-0.07881758128827338	-0.8688488209129157	0.5419357201617746	-0.5928556698921549	-0.3360247044791894	0.493702789603328	0.19460779960619246	-0.7015853973814481	0.4092483944107216	-0.5582710221358639	0.17824898574623457	0.37869109599179834	-0.7338714010656255	-0.13107483970899267	0.2772345266337306	0.04084038654414604	-0.4149604247429929	0.9091258123056639	0.4253894541117051	-0.9905459305000168	-1.8880841825251673	-0.3273296653749812	0.5793247991006183	-0.1543187046489198	-0.8314744839909244	-0.26579958492266514	0.30706221810466405	-0.829020827658477	0.16388636775334142	-0.06909335380337979	-0.30660231677015765	0.760903331131572	0.21106065608315625	-0.051716237326130815	-0.478388101188155	0.5237315072773749	-0.5017611082039083	-0.30964935855773984	2.1840455671464487	-2.7013097827678374	-0.18076849586713437	1.1219967517271616	-0.8229014074677377	-0.45502343569403486	-0.8635328874813101	-1.5569499082120088	0.09062195353458596	-0.13123282469743372	-1.6363568933454167	-0.22139962583956493	0.04927756065473011	-0.2984228124505097	0.18220521835863737	0.053527764074369544	0.12578854235168857	-0.16033041265659617	0.6635141847386649	0.279580879989374	-0.5956891921020989	0.23875348045976555	-0.1617560494628238	0.30050686917724584
DTXSID6026169	-7.450419868315477	1.1824244280384493	0.845814248789819	-0.33964165963318554	-1.7211185243857132	-0.8663264266592454	0.24679043206770343	-0.9765583720218854	0.7833545519312316	-0.34536139835743757	-0.8716313730554032	2.161233097480307	0.8945978271866094	0.9278995412752622	3.0706912165653653	0.9546952977253225	-2.7889349825472523	-0.09170430925237416	-1.0724521121070187	-1.5878425823655844	0.1781031300209026	1.2321305899001977	1.5230366286898236	-2.066250349288657	-0.641275754682575	-1.0329736217682945	-0.03530624895829715	0.5294848492270955	0.41113556451479305	-0.8843196717944504	0.014599542251511334	0.5428291828428999	-0.4314961340177245	0.5004238012395913	-0.02046667129341343	1.0194280888288054	-1.211627513737774	0.6717002576408931	-1.084915347719003	-0.5353302582395004	0.034010903407585516	-0.34590401809487953	-0.0952831607632797	-0.30786811661410735	0.9341267735497678	0.663747963705128	-0.09475803097612942	-0.8209904402438767	-0.2613121975443351	0.21654540245044968	0.965739723462769	-0.7289046783855325	-0.9872195287310278	0.5995483125381559	-1.2197321977956834	-0.44345499239497566	0.1139460062041688	-0.13207189119463206	0.1789631180878267	0.5832616132889286	0.07843929322726133	0.5868831708978255	0.1962764962620501	0.26316134818497283	-0.22110094838717606	-0.2036058853592426	0.19426556117388488	-0.6695326692661802	-0.10547918044119975	0.5708252130504683	-0.03859547458437806	0.5655487463239532	0.21376249478755224	-0.2516293412770858	0.407087783896944	-0.14855302369922554	0.33073360711148075	-0.22397267785576763	-0.36040644347996603	0.020603414493285014	-0.3131362408601323	-0.2787776354419335	-0.04724442637741866	0.22871321426828425	0.2636437768463182	-0.2053004209497816	0.6154995050718517	0.12010972660173708	0.44237166000567607	-0.13736216291755068	0.048802154966735616	-0.10978724775772637	-0.09276316936670441	0.15670925083482004	-0.0718933645459421	0.37391017733939336	-0.029353800486363244	-0.0017855426859981224	-0.08516627674198009	-0.016340604173980332
DTXSID3024154	4.168506007297192	-3.852813657642029	-6.962293674806719	0.5554920787505291	-6.629483509140567	8.910698793777506	2.405155656229492	-3.824134475855081	-6.338390426113744	-2.18616877396711	-1.3624831733845302	-3.4439158078527043	-1.4701015552074752	-1.964689068059889	-1.234423368771552	1.4451105614846362	1.3297648734182168	-0.002715339084264665	1.2942159045034725	0.4003686131412594	0.5465867090938764	-0.004638310740442242	-0.6400475645464487	0.48946241899997384	-1.318483475311059	-3.624721664851673	-0.29118668061155056	-0.7455758871366495	2.996088807881557	0.9683210014994624	0.6008708537351604	-2.0138505833450786	-0.09489990990015855	-0.26477786274678594	1.3590294463370505	0.2538630902372293	-3.9391065215078584	-1.3798820561764051	-0.2944190914958849	-1.6571716938131704	1.7550705728553675	-1.4827790317099732	1.3143210574151334	-0.6520449171085406	-0.477461972061421	-1.200438834888488	-2.2645004594872242	1.639264458545998	-2.154690080975269	0.32258291351311763	2.857165200637994	0.4799965210089276	-1.6580172863154092	-1.1187161551699505	-0.45034176678382865	0.10118634163377688	0.5446370129241318	-1.812330695249052	0.5780571525831496	0.8379644153923362	0.32919568714727365	0.09002670573146708	1.5959606765852694	-1.0785621584610392	-1.7211210278047513	0.21846554800825688	0.13234112663712197	1.2572089779703763	-0.22380471986952585	-1.2532363551307375	-0.07518333101776689	0.9367346034682876	0.4306962133369056	0.2734259546518343	-0.7698658470407972	-0.3181195287795947	-0.2256137059007495	-0.7396568787857036	0.062408247979587134	0.5166056233516432	0.9572684257891227	-0.2857795455101854	-0.07973884673064291	-0.4974663439993834	-0.38053821793448456	0.482520845077619	0.21727137616543096	0.2543778246831811	-0.043537652426176916	-0.3825461733907886	0.09573282496693983	0.022697754233638394	0.02143756746075749	0.030324937445883594	-0.07657983911571563	-0.056280098655052686	-0.11357123775375438	-0.10791748034223976	0.2257584390953267	0.45385201196436475
DTXSID6020985	-4.135452032115308	-1.5755140705138928	-0.5792686496069858	1.0956010846131317	-3.7206027102616352	-1.1191006861179522	2.17638291135007	0.2597099965823962	6.189337862647707	1.3927851340809019	-4.498536875148895	-3.8421906225233595	0.9363693204652881	-1.0745577665752815	1.3763469563127821	1.1170127056893684	1.0586520569011282	1.2434829162203183	-0.2128120036552189	1.6031315675998694	0.9153304770264749	0.5689450577527121	-0.9137050878142416	-0.9286937109590351	1.2931577824458245	2.4396019873173467	0.6802383544372383	0.4563415429361662	-0.21965237216671038	-0.15960020989053955	-0.7980742250040004	0.41305989504395735	-1.0141819107275858	-0.3791951639580949	-0.12875301630170066	0.510861094604193	0.9479661117860637	0.612689133679937	-0.7823401700449383	-0.7522268806020432	1.3196061866946749	0.5090832076759452	-2.1288205411359153	1.6983745216303114	-0.5417190500579255	1.8180494822528215	-0.6299278572522937	3.416186515738607	0.7245723079863431	1.1690159713685344	0.6230513356515233	0.8348174970447582	-1.6083095162859848	-2.6183883654108415	-1.6852300483194083	2.085654813445486	1.0867593468378596	0.5675772408224532	-0.3030212559930035	1.099265118773702	-0.7002961949583844	-0.3872142252556009	-0.6401480558544423	0.7201623284102161	-0.6827764139011231	-0.18927718658442444	-1.8514209083163047	0.9545674098823238	0.7006816947831257	0.13852144436726888	0.5296787687992719	0.16544968445976718	-0.8729431273390961	0.23230265669307035	-0.4248018258648062	-0.5069660193859512	-1.1036700666478179	-0.0562219136243214	1.426592850509392	0.11602500658143285	-0.48234485828062074	1.038122884579521	0.1322100166748593	-0.5935609283673636	-0.8128098873077321	-0.33021577970222127	-0.9053299613930456	0.5670421786545903	-0.025478726896987373	-0.8100637820922234	-0.16034361648617368	0.07630277480789033	0.1865636881377367	-0.4774843132033678	0.0017538052743646306	-0.445454985756717	0.20183403722692642	-0.21700178515300841	-0.3643932489581167	0.6252851129354009
DTXSID0048846	14.416514287791193	1.3646815048845033	0.6891306067692555	-5.939989032693465	-2.0554458099490702	7.2830170380212484	8.420897494109893	4.4561368616738415	-4.739009390175157	2.4410849151520675	-1.7215297953855502	-4.807358087722813	-1.870679010429117	-0.12457267614521385	-0.8496069606076908	5.169814553733192	-5.879681554908297	-4.801112559331828	1.292193646251139	1.6250886573016736	-7.060931074535262	2.8552419183733315	2.702096970907389	1.9624634785660644	-1.4888988598917257	2.934988979854936	0.3196711823717041	2.8110678966120908	-3.4151922191200343	-4.620862620437111	-1.6177606792643366	2.0395981251447686	1.4288056482353344	-0.9589408736143469	-5.734857912477222	-0.15274144617674829	1.339647905302439	-0.8430075411547349	-0.5848216194646101	-1.8215586440979967	0.4557409433771558	2.993943431935237	-0.12743389973953706	2.0612097205569517	-0.73951248666667	2.9635454712474743	1.4809298955571164	-1.2374685118200832	-0.5116696296360248	-0.8093743007881312	-0.46582444654277216	0.464081697008842	1.8596567164640485	1.8593113177357012	-0.03666250844558619	0.5636375700593504	-2.5228676586703003	0.4768049770916537	0.21393174229637965	1.6207557933324055	0.36436530706100156	1.1219914751730642	2.3799883469274254	1.117107436710707	4.650657741320113	-1.9148901151555529	0.5866711028442003	-0.5532041766791045	0.9422847591079005	-0.7071456092764398	4.082249393050292	-1.8250650431291757	-0.7377974182530046	0.4578015673514695	0.7505693869097996	-0.6125751800992493	-0.6552797150480553	-0.399662310218604	1.1242862315245714	0.9128990560553252	1.8049569565359413	1.2512979655092962	-0.6229920996175203	-1.740404015250925	-0.3099382375326545	2.2898752666343913	-0.6973441999708744	-0.331252673569348	-0.2717967720863096	-0.1153499953747975	-0.09894960074277663	-0.4032493021368617	0.5074191232889385	0.699766370833685	0.32957598070516786	-0.35992913192199183	-0.493613350730744	0.5101293063972377	-0.05741726836573986	-0.5929634464549248
DTXSID5044491	-3.8115570518992454	2.120679312468257	-5.496982911347672	3.4142835118421413	-3.38401554035089	3.3997311433109445	3.575124246917056	0.4213400206720359	-1.4938889729888467	-1.0796526501494288	-0.36675265484788777	-0.7080800807993403	1.0947249681470335	1.5080861285787062	-0.46057123553400253	2.394176378070359	-1.8772105129810048	-2.5667324587369538	-0.765604230732013	-1.7615205025334728	-2.0722478080479036	1.2840616714658597	0.9296466736570993	-0.18266351924293345	-0.2805507010772931	-2.4016030946628875	0.6262658879708846	-0.1994631466421733	-3.5062181803235015	0.02693725909557212	0.21320966557401105	0.5973022302440976	2.456184178548559	-0.5440781074530481	-1.4907233384239011	-1.7963858573568576	2.3200246848256136	1.1688822256488536	-0.44734880520297465	-0.017798468624496726	-1.3008907146673387	-0.14993192415638665	-1.2019981862009004	1.8009775515249262	-1.1253444074726113	-0.9739610617640957	2.847509748937731	-1.2219123456740835	1.27931042101408	-0.6160476362661512	0.2893070924351	2.5121099029105394	-0.5852160046526983	-1.3050971336711994	3.0138423962086307	2.0872070366702107	1.1732954719769983	-0.37380322086210255	-0.37709344632947034	-1.3937478195001038	0.14791166220437418	-1.632282241811893	-1.5594873064378914	-1.9001484372025794	-1.2699147543078204	1.9542222925510904	-0.24357810880758932	-0.13405998279535525	0.8347573551879358	0.3288593920944135	-0.30108528332222606	1.1716314998745074	-0.13631843696679255	0.7870296076883093	0.167956992956216	0.1972310868472505	-0.4984616681427559	0.5041719966690041	-0.8795745811911696	-0.8403341504680178	0.26679731546057467	0.21909531630923346	-0.13694562350419923	-0.12139494336736348	-0.35157925798730005	0.17923844361925953	-0.29198738274434777	0.005012901576175991	0.4891773629033728	-0.641016955119415	0.6207109703469849	0.03752246689600018	0.3967971824523504	-0.3849666528373262	0.46266798279952065	0.8311781759879593	-0.7318523880265028	-0.3640327260623875	0.4706529813075245	0.6175208551491567
DTXSID6044438	-6.5512200689429845	3.667738846000163	-3.5113106900797613	1.4389264840290568	-1.4543689909465776	0.97551898494139	3.1074946379814015	-1.814202053172986	-0.12289402850059027	0.7490430684291449	1.4557902219813017	0.13137584791673443	0.7563735626462196	1.1675190024079882	-0.5792379941006536	0.7387961874193514	-1.251771049912607	-0.7890145807342848	1.4639870638875585	2.510687206116144	-2.4083106316434333	2.075928835231769	1.1817691407910023	-1.6863829194851265	1.6556783579058618	0.018269364207545297	-0.5331056699902108	-0.3053756748511331	-0.1484218639290791	-0.9636320038740053	-0.23605170599645484	-2.9314787294010327	-1.4997845308988818	-0.7781698225193847	1.3003243360289938	-2.883449281057783	0.8496963776944334	0.4412819292964982	3.7546390612134726	1.5195578525491211	-4.109465044360809	1.7781895673587833	-1.2444814267697901	0.28106820183286674	1.7129401104394983	4.51611336641135	0.430625918437565	-1.083311935438435	-0.8348741401692902	0.5351241283038831	-0.1990130777545198	-1.7823764327231584	-0.9356776760805352	-1.4451314312997072	-0.44257982383804717	-1.3028091132522328	1.2891578235640668	-1.2974979595093865	-0.35090643538020727	-0.11880195346166425	-0.3730807281697692	-0.7752707757767008	0.740666677736181	-0.7274779507238753	0.5520156613419356	-0.5666690060800882	-0.4988201078420737	0.3291910473191587	-0.2109224800606414	1.1584651056280326	-0.7995033882506879	0.2995778718081304	-1.112317065630842	-0.8222839104744337	-0.24209730737178004	0.8970543352738564	-0.5432821893678323	0.4763864603619368	-0.6863020033348746	0.21796504475187026	0.10538474976960778	-0.7229837654853136	0.5377729991388623	0.4285313261675526	0.2974616370650575	-0.22973734305547466	-0.11918156224986845	0.3870476200408228	-0.25838438232570066	-0.09439729190448687	0.6712612266886051	0.8736090139091153	0.013548497839067763	0.07009222535070538	0.1399995060345677	0.33504534784548795	0.18324808746536825	-0.2548093309290484	0.18154662061249688	-0.18024613019821548
DTXSID8049040	8.372724284593899	-3.18836152413181	1.6205892577962335	-0.09283740874836295	4.503428103072704	-0.3250632281749777	1.2794176058671045	1.2984756835418818	-0.1690627379797941	-7.403630779090455	-4.753278867888372	-5.242112635685085	2.5047764909084953	8.470911219925023	-0.39161822909526733	-2.757279861236182	-1.3213250198290223	-1.1362493851071265	4.045838171152412	0.9781204580433006	2.04308969730752	-0.6282928802433131	-0.6570861501471452	-1.6829739517853746	0.9286947140569183	1.7375029110490614	1.7945646706448481	0.9559893081630292	-0.2560149596282512	-0.40682608564414546	-0.33197411871389254	0.3908905989080276	-1.0355576392656918	-0.006195693458746373	-0.16273279774405913	0.4816254192594506	-1.4955621717503802	1.6857271386894088	-0.9632737196050479	0.9694092834923298	1.1645216395819784	0.487062627168771	-2.6751063708717258	1.3610900195160243	-0.09160329445301754	1.591657538054555	-1.3182331933802285	1.2910706419126659	0.02504341825303465	1.5134756124147382	0.5692251699134248	-0.03139095716716339	-1.4657739644113157	-3.388982984736955	-0.9403605514179099	2.7488239801033068	0.6996002783828712	1.4804486567658097	-0.8050265037628892	1.073714036515201	-0.773089712809907	-0.36635283272591923	0.21194058190287515	1.839469179229757	0.04980768050457528	1.105088167887087	-0.6469732324000206	-0.4986702765709415	0.5958025237044894	-0.026930998875672466	-0.9066467341754225	-0.4283074066387016	0.29453487304778164	0.32977017025610794	0.6320405611113656	-1.547856650836091	-1.1008841122009054	1.0201769833555092	0.38687134769588877	0.05798734968967873	-1.2098741520427647	0.5713658778693759	1.1044376456222085	-1.001160176186298	-0.4947036094803443	-0.25640161497746855	-0.25231922982432586	0.9763206968901957	0.6655544372978099	-0.33790962247328654	0.15002935478618667	0.15628311261024305	0.6599124262342804	0.6493041534658784	-0.45364915649761034	-0.4849414100335937	-0.14859523226406007	-0.38775874478869843	1.0674715747959207	1.1320202631181544
DTXSID7020184	23.605830482804443	-18.698585396540945	6.488895830773009	4.92207650155579	2.3559328895832117	2.8137077902952434	-10.312547996140704	9.00103802230444	5.262847823150775	-2.1492123666829457	1.3452477691557223	4.944320359306579	-1.8749125011809276	-4.238301708444525	-1.0052114813061863	2.9008598443045988	-4.1040034726392305	-5.350413351003266	-0.5927434286076277	4.986344017741942	1.7640704221705332	3.169896882053735	-0.2880546018032174	3.3177136107192005	2.3055145480511894	-2.759125172298935	-1.3701197078383822	8.146579663382708	10.356539084672937	-2.444633452115204	5.919504618129212	1.5451982425729056	3.49232846018531	-8.476629678777803	1.9493603313648058	-3.9960174648902784	0.8917075145188504	3.5407599580216194	3.6031823113814014	0.12189538265651356	-1.371483444956446	-0.6018040016626812	-0.6057294282066686	-1.234863559147258	-2.196139109215456	-3.058987970209813	2.0452134723737663	3.956957793233587	1.28448903254314	-2.3067247163828246	1.397947600674342	0.7845455791888098	3.3804782378570986	0.6807038167992259	-0.917792102708526	0.9217954186108553	-2.1722172266465614	-4.6981053927707865	-1.204946173238982	0.06734202380043963	-2.2794412147009657	0.5016053484757328	-2.4463279615892746	-2.6050457580868542	-1.7603621894604542	-1.2457318026686282	-0.9658344163409583	0.39951659566782505	-0.8247153066137413	0.8050448939336438	1.0724454678775086	-2.223137032516206	-2.2142214574865338	1.5021792437645096	0.5748935566997533	-2.1437265213738694	0.17698163677483594	-2.026173189962727	0.5283091853230982	2.4577662948041312	-0.946326497186973	-0.5087683549911381	-0.6422894522432472	-1.100413867168125	-1.2428005502144692	0.45465750640755825	-3.2335557225584797	-0.5360280006679314	-0.32244125534669227	0.20401050184694539	0.47967825929470753	0.11289869289314007	-0.5075491937052685	0.24039194327024774	3.0027650426655654	0.50271416930905	-1.2454615560246562	0.4304113550742774	-0.26528884980087486	-0.28958822550291397
DTXSID6044307	-2.2671775624699197	7.911255841609803	-0.12902816301567316	1.3400270956501856	-0.9379143021844206	-0.9527622534348383	0.452336256970667	0.6548108830197189	-0.91472512400638	1.2916340310638583	-1.400967815326498	1.869924920883239	0.46189417871779626	-0.3434946916197379	0.39752084987057756	-0.5858173207126203	-0.35515156797522124	-0.03791966657544615	1.032638177863162	0.871207741363775	0.17601691656671561	0.024252823870561765	0.4878068892810417	0.09380654219102673	-1.7956200128180948	-0.31417030777866434	-0.4127192602742439	-0.5244640871984076	-0.11649578496217887	-0.6107249954795583	0.45223957093354783	-0.09462387470865948	-0.8380816250605784	-0.4993047793852573	-0.1090299891924704	0.5713238510058941	0.3759926009478997	0.2031875537613411	0.32001365284025685	-0.47711033275464415	0.2394555929175343	-0.12887482693375338	-0.3282661511776022	0.7701241420355956	0.12073446412014784	-1.1893090852718409	-1.2489179211536627	0.725223445002708	0.5603040082859835	0.3460531894567575	-0.34443347112965045	-0.8643387658364486	-0.5728286795929993	-0.19882827625223914	-0.34851894241748493	0.14828233097180793	0.6176152087477332	0.0028320574850358624	-0.019577668061461738	-0.7592903737890131	-1.3200728003771014	-0.6527461400925405	-0.08802926417022938	-0.391267057474579	-0.7215411992619923	0.12139113833267863	0.2021714795969538	-0.802201595038455	0.34390675024147976	-0.15371539274769114	-0.8817627508021714	0.3969258751270013	1.0364057973010388	0.8238802517338465	-0.06823654546820042	1.0288608952061213	0.7835929827218236	-1.233092999617858	-0.8502916204098481	0.6110620649819161	-0.9947666592791576	0.5957165312536121	1.6771987028537572	1.8830581653489527	-0.1784511913079261	-1.642696571762064	-0.4997633065074258	-0.5128918269347668	-0.6372071880912636	1.3933557613668055	-0.075845609087907	2.446240827388515	-0.6435526960726734	0.4871817596699649	0.3468330284321934	-0.7540340987405452	-0.033166281542714775	0.19391391648279022	-0.8662674791839885	-0.20822906132789662
DTXSID3030636	20.005781383236542	-2.6186463412134655	-1.0457246340163824	12.905999849019466	-0.007450572492722474	-3.2499971734650064	-0.8219077936217422	0.43787445263686303	-0.5848275971057879	0.810214062542774	0.09528797689538829	1.2864378314298481	1.1664331303313336	1.0996828243613106	-3.6026090027397384	2.244720478896063	2.9312074984355196	-1.365396304298322	-4.131877508584674	-2.495701843846008	-2.9910333173601606	1.6332486215831716	0.8639893317883587	0.18856189911565724	2.707239802774914	2.3611382863843033	-0.810093228063275	-1.6133440977933495	-1.2259684645845543	-0.6468757764405896	0.35316840795351784	-0.5699196012206695	0.6721049660339015	-0.6527185091982329	0.3989491434144246	-0.22043933263867296	-0.07478213177590483	-0.5279277889782681	-0.19978870459859463	1.9112844788722214	-0.3607200229010053	0.8322711838575545	0.9346059731799861	0.15499895097197933	-0.762513569542685	0.3662669594131111	-0.3192872119890991	-0.4551733035527953	-0.2535060141249359	-2.0673829966966046	-1.6938079158372923	1.8369574232759611	-0.36148490339094963	-0.15652827911336797	-1.1592867648891907	-2.0728094752147883	-0.6933400410550535	-1.5802090793457237	1.1286032013906842	1.3421398461607978	-1.1523925238969357	2.2891178185868433	1.3975945593433436	-0.5044715844768951	-0.6286708005792584	-0.5342009785311707	0.9381059079990932	-1.6987087672019465	1.7316672144021918	-0.6916035142720163	1.8298134274595999	-0.11110308417084885	0.945246204538218	0.3301302207664006	-1.425165303063507	-3.6078502015712433	-0.5170565228419349	-0.3019495853337401	-2.8562777651808804	1.2327773898518404	0.39132071572981425	-0.6804827006797778	-1.8808265255904766	-0.8972628036740442	1.0519887068882587	-0.7350382476438044	1.0537746927924443	-0.014600052798751456	-0.4435166957044585	0.07711891480401596	-1.0901298720426198	0.5398898519963706	0.21577360070168203	0.6507602436294646	0.8876559001485954	0.37793384804297564	-1.0421657654591423	0.10772450699143715	-0.44721460788409145	-0.258395493744925
DTXSID7061982	0.02919864937453917	-5.482557670746234	-7.424561619623336	1.7902419511757217	-3.749869204139455	-1.098822464838753	-8.404725686506332	-9.240612029131254	-2.173251544282895	-4.041746185136938	-7.975479983422108	13.950511189394007	-3.4905130215298077	-4.107133599020713	1.8827120458792905	-3.5854772142094675	-1.5521974468051365	-7.01948563232141	0.13688444355892865	5.022638374469731	-3.372887371671365	-1.2647158062643948	-2.77377289783467	1.2094223279373548	-2.0945721880936787	6.0832817289372585	1.9276434828044569	2.4179415172407057	-4.247484006517245	-2.7388605191753705	0.026581384385294757	-0.6745540952618073	-3.730544744445004	2.083156609090192	-1.4553957612348856	0.9811318436207789	2.4019197707287665	1.0795897004294346	-1.6454728651210275	1.928083729291941	-2.5233489525315607	2.376763428737622	-0.004259131448713604	-1.03893858135739	0.6071088548387011	0.30984626820162625	-1.1742119527424038	1.0350510690574009	0.31697579117866403	-0.6379347280710088	-3.3760203754240394	-1.0170614506866371	2.227526470867335	0.658830592232594	1.6319197206782257	-0.8135411121709627	-0.3401800266153241	3.023397049119537	-1.5608099577181833	-0.1737042868664771	-0.30671321652318767	-0.7021037968593686	-1.9259448391228826	1.3105774429940285	-0.9542243649710215	1.311541462348347	-0.9412083218088326	1.6557751768390303	-1.7583205310499395	1.8179060514367666	-0.40246497775655166	0.4304725382921154	-3.016465739668943	-1.464895402394908	-0.7441344434877505	-1.4929370205186359	1.2381254188528033	0.8633528946748993	1.1036116574350026	-0.15087213892560847	1.948313532824021	1.065753449598422	1.465403533389349	-1.135694113958552	1.7691893918232469	-1.6707798205720592	-2.4379417596630835	2.6150675151334046	-0.4999869337297766	-0.48553029592714175	-2.2324902241976674	3.6456471874965715	1.8700316825710888	1.1331195493994646	-3.757623940961251	0.5151069864851209	-2.4320214625017753	-2.419437378239672	2.163780357354879	-2.1297683350048526
DTXSID5045176	8.644048185290686	-4.095565573270623	3.6952915437864915	0.18700756511606273	1.6083761135245602	1.521483556386474	6.4491211211281945	2.920634127917818	0.8058995353763493	4.882048979293794	0.6634547203699503	3.6989190785748978	3.0084184192766537	-1.1957452213455153	1.424224660350602	-0.4692325241733107	-0.24674508577832743	-1.200215587056047	2.7002971930352455	-1.728528612417529	0.7937982619739552	-0.3972123152821441	-0.035240873592341265	0.4842335590519564	-0.525067548234419	0.47825740243328485	-2.3005697743411964	-0.5115084143001617	-1.9437432181190986	0.9637618039980468	0.3758881988397348	0.6145818910685722	-1.9895009489255242	0.40766871348890654	0.6130492284734349	1.404874924651053	0.15160635632958952	1.827598280885794	-1.3000324580309968	0.07240455867388189	0.8279284577741622	0.7240177854018944	-0.44984449464907045	-1.2072440123583534	0.3255642020041455	0.8586914190721426	-1.6049049190842242	0.05316281552247849	-0.3159867157433991	0.04250007952584888	-0.8967334373765118	-1.4484477642658142	-1.2008921512607957	-0.6601724758484762	0.7644269228351193	-0.06885301234615822	1.1644127320898159	-1.1134471032298163	0.47180838829132177	-0.12157346803607214	0.11361444987669966	-2.7758647993084473	1.9657469400855883	-1.1781266912880257	2.1095208911465275	-2.9579137793940773	0.38291221255757035	-0.5755175033229374	0.4129630653174561	-0.2458459760015522	0.4308827012721073	-2.888398991332135	-0.07622982394338793	0.5313922931312203	0.7100473416302745	-0.6212941297008098	-1.484054526556511	0.7723158124927157	0.39806552114121796	-0.3217375489499535	2.063150225698038	-2.2779982396852474	0.8534990461777763	-4.385587409758846	-2.6544858971257463	1.6020492749388857	-0.9835280581515362	-1.6184122114398847	-0.5395372671002707	-0.9890332298338238	1.7253674836778587	-0.8024329973996197	1.6652393353218649	0.04550237170518014	0.2364323512390988	2.5790801074862975	-1.0585332738266973	-0.17127417748202012	0.2451224435779137	2.768404624910569
DTXSID8022111	-3.80298250302088	-0.7961524567571545	-2.3491145499582164	-0.6431693804759637	-2.154828897700294	0.802827114682398	-0.4989269223987781	-0.5428560051018978	-1.7253764531028941	0.937253111208237	0.5732887735102354	-0.9272952777327026	0.3998187042306029	1.1097607423808737	-0.38527554094498195	-0.03250522817568484	0.8558103998950422	1.7257816341879624	0.5457722085844715	-0.6916107518411473	1.0536819288914674	-0.02267287362805221	0.10946891883672162	0.44815226709854816	-1.0505445727350535	0.2893090777886247	1.0055648271621704	1.2511820742935598	-0.03848949817867154	1.2306306908831175	0.32229824750809455	-0.7554633322743108	0.525323649967656	0.23541740402716677	-0.10689923239315688	-0.23585974822859365	0.3470688344483619	0.032239398510119935	0.5460566590618358	0.006071093507259409	0.17505527980861021	-0.22918171061309214	-0.5099966038344699	0.20508776648719387	0.1729852974391153	-0.30030500283979045	0.6716824547656222	-0.6460745688724444	1.0323621002541985	-0.32981251523327887	-1.0489929789602832	-0.35247564070526227	0.0465888256846842	0.5719976145437918	-0.6818796056581409	0.2125896205467533	-0.6952575677038204	0.15725988612804268	0.2076954221836898	-0.6510680538092118	0.03131525142739567	-0.36310261047037984	-0.1250962084342602	-0.04358238677749321	-0.17550604388057842	0.2362384046196797	0.03271861132588005	-0.3456948804480416	0.30541029704099726	0.27024611593210096	0.13179402365011086	0.04742844065242919	-0.47027240057868924	0.3244788373660878	0.198681362415436	-0.08465593626494182	0.15199774992642656	0.5026813939784787	-0.09217523910428585	0.09304602995282246	-0.0365756572291867	-0.31050417479903797	0.03587978259119206	-0.06021910433959697	-0.04249032015645095	0.02851916867093772	-0.4034536118448536	-0.298086268091675	0.019408838881824778	0.15801774302829608	0.17176588065672335	0.045350845502548934	-0.14893463985557326	0.007482990779623553	-0.15177636015569002	0.09018041969951425	-0.06052750154636245	0.14552868855698592	0.0004883194747835626	-0.0769924055972927
DTXSID7020978	-4.700912206543267	-0.9960862571280288	1.298469117837654	1.5856009509592546	-2.184258112518634	0.7885860810164361	0.5231474215915014	-1.1862443782863958	6.014013518233726	2.631535172492945	-4.438444955687987	-3.529194006737599	0.6106078487112098	-1.1052271417130228	1.6375586720217274	0.39614467779022317	1.0120617566649	0.8606200993426776	-1.3743214708207807	1.7973980539871706	-0.17885525406581168	0.39425550187456965	0.6278671502634108	0.017439447030319674	-0.5093504071711014	1.0231330005851793	-0.3918292112553203	0.7727114160829286	0.02280402227053061	0.05519574129361951	0.4172208265161124	-0.12098695338680986	-0.6128152877623331	0.5916396189843613	0.061111344842837395	0.606703260977137	1.1065027516698913	0.3960828763922399	0.004230734198223577	-1.0732511873808683	0.30312911622935484	0.015427309382113893	-0.3093177286771	-0.8737120168516199	0.06590595533401819	0.1407874809928428	0.5312013387069694	0.31553209642950797	-0.09438629979212537	0.4055111820082389	-0.2264935509871356	-0.19713677827837248	-0.5303984764630865	-0.3905292916579779	-0.6529219132960468	0.33525546927905886	0.5895096851873252	-0.05842539154315721	0.30914145123153375	-0.4469606504284305	0.5895006911054098	-0.6744465307489742	-0.2594893916803287	0.4752695169985252	-0.6256201379155539	0.3728537477025011	-0.35755481401797934	0.2086126158752715	0.22308354244539452	-0.668505929922585	0.05239826051661048	0.00396915678998445	-0.5872463355975718	-0.47865788617354704	-0.3954831922317441	0.3082474416427605	0.571446051859073	-0.48327608433987607	0.30000316137769795	-0.2028086353048561	0.07849851161186595	0.3202928155873418	0.1570880090848317	-0.21932971385377648	-0.16297273251891883	-0.35573971537970733	-0.3305568129236929	0.27244835813761376	-0.08301305335911642	-0.5902778824630729	-0.14524911371252208	-0.04772346311781639	0.013393880550907459	-0.3349769038392874	0.04081819994333241	-0.07261317960664956	0.009414828299959975	0.1204271208066411	-0.09909402818032835	0.11113117787844723
DTXSID3021304	-7.149829403800377	1.1179612824366751	-4.408420779342805	3.755057259802548	-0.28514282202278335	-0.16539714905310943	-0.43873717152068537	0.9627390392133763	0.9625265913491072	-0.32720465009097743	-0.8086856256278508	0.9863928778408964	-0.4030692631969623	-0.11895083750109724	-0.4240376765144634	-0.29705300382971844	-1.8948722229148223	-0.5829410304407979	0.3175918564431674	0.19675453642631327	-0.9965773391115662	0.46043204761188444	-0.09607382595240928	-0.7873356162294134	0.5622755399640172	-0.7220548038126547	0.1517935680859248	-0.8689621598995289	-0.022623804149271783	0.07756654043513898	0.45813819690114216	0.49686187857314373	0.3128175600065794	0.024946011114023923	0.20275176956629312	0.024405717196129755	1.1269785687168805	1.3191833141306666	-0.19559625953987414	0.11119375593123426	0.2782512656313934	0.024778281799799195	0.16031489853869346	-0.08188862430443912	0.1325233203760696	-0.37528388447103694	-0.5268462094532484	0.33265511012430127	0.8280566181710421	-0.06780841890970968	-0.5876937731039586	-1.058436368766449	1.394432539868906	-0.38183384790626285	0.44374598085788514	-0.47123297420235677	0.033777776394162726	-0.04319366740422456	-0.9314249024529837	0.17554521037571896	-0.4010720673229781	0.4426718836173282	-0.2363224971710808	-0.09973063277037388	-0.2070189602596185	-1.1715907764348077	0.8619978659201821	1.2963060300950888	-0.053895322546598304	1.2746535874200837	-0.9042214527493081	-0.7943036095046117	0.15804106210329746	0.11151401366273153	-0.7097324595223252	0.8989017899643662	0.1380487472165901	0.03363025638678633	-0.1103961442126313	0.5056691225543363	0.23305834565009942	-0.49989147349427837	-0.5656518682805778	0.47967410142187944	0.1901661128395414	-0.9872296867391821	-0.22599691593088303	1.581203796594086	-1.0374403929571487	0.562064013100752	0.15842828413245177	0.04557736299862962	-0.28598069555678624	0.695142510868341	0.4792259135150485	0.14404201749379208	-1.770486235990787	0.61099589126577	-1.6156422478326742	1.2149100443303764
DTXSID4041440	-3.5353016002178728	3.6082455534797107	-2.8895218831283307	-0.3806341640786915	1.3144345668014186	0.5055290798204916	0.8077984054701589	-1.684495705426482	1.3783361638966731	-0.3513716641972631	1.9469884975809604	0.9395619295564859	0.25765424883371063	1.1748382933868435	0.46272617972121083	-0.2974713290624161	-0.3572073637537324	1.281055919662483	-0.3235018648044376	0.5951046876918205	-0.848746836727821	0.085502535250774	-0.5539825598752017	-0.06502952606793827	-0.5198326444902368	-0.20985006893320815	0.7442185460210285	-0.14257656347684214	-0.3680928295443002	-0.3159823136917679	0.40223862166747487	-0.27832319143376194	0.059351924026346155	0.43859163956745634	0.09776632636213038	0.26549242084417507	0.6447638737574657	0.645464168871042	0.22733983209968456	-0.3236018704157747	-0.10147268921536715	-0.747719842164386	-0.21099607450054186	-0.5638813933205943	0.34834590701932056	-0.6437163220382599	-0.24336519504834167	0.4621254761922468	0.45340672513471497	-0.294538295838067	-0.2577698054652809	-0.037110666972458954	-0.05537145972735332	-0.6942750931103039	-0.6914281042277228	-0.018842702858519973	-0.3122818641786346	-0.4612591686932235	-0.3016698621533322	-0.7254434024216495	-0.3579811186907682	-0.7197121695877037	0.11225367832438303	0.054315113739824006	0.33566269206056276	0.4499301761200156	-0.32499208341252983	-0.06846036569748556	-0.5327407821086936	0.655825551281503	-1.0213310289803366	-0.1659021661604536	0.13046194050458612	0.41589816967453974	-0.46628365327102567	0.17621810105332303	-0.4109586028741442	0.7212173033137935	0.050928271926169374	-0.2738367482231204	-0.473568492131992	-0.7532056426035095	0.41447193848857655	0.05919760582828402	-0.3024454635497368	0.34340472565641944	0.12864538787993424	0.4680440661346602	-0.43204191949075293	0.18439066912821736	0.6553017404415626	-0.10813815312829324	-0.16847598741068254	-0.3515641092156416	-0.4981433289232291	-0.20612591046894121	0.14368046544371732	-0.438175996369724	-0.052120807905057256	-0.14260077784767802
DTXSID4020450	0.30992342581487153	-3.746086225269945	0.6887520063549925	-4.484359381653119	-0.48041941262377647	-2.417181556306619	-4.161467483283137	-1.7545814783597886	-4.151261062878147	3.835066171525225	-1.799117123064601	-0.4317597730569775	-0.16069611313615484	1.634221794127509	-1.4456627198125411	0.22907908550848896	1.20811122756433	1.4493198509948333	-0.4678060208822441	-0.528237843747374	0.756261283864599	0.25541745722315035	0.24398411900148298	1.3070269798360834	-1.6154326855177004	1.2518947158448404	-0.8100798075904458	0.31216438555553416	-0.23075775753313474	1.0363849781653234	0.7684217882757012	-0.6197489342843996	0.21299425561390162	0.9058931526625983	0.6952309579419557	0.7390289428675544	0.24446367158558227	-0.051769197663406784	0.7658349206395239	0.113519876205908	-0.15601044352799642	1.289438179596939	-0.29568866738962457	-0.4421010029066343	0.10064215551148688	0.7051195650223686	0.6542698112776489	-0.16586826262002027	0.8620628004680058	-0.7190970795889987	-0.23071401842201217	0.39888101367554185	0.6961067227664758	0.5585655010817521	0.5141172022093566	0.19630787581185077	-0.3947425658728525	1.0118313788983626	-0.12882358055252935	-1.2420053835916667	0.7475661942792272	-0.41158645728230864	-1.0951715787318308	0.373706428001186	-0.5803429682579242	-0.21045990669653417	0.43946821560568144	1.4235965346162334	0.8705762726990218	-0.9688163551697502	0.2735571001745341	-0.6156183926090092	1.076055726176175	-0.005041326601660181	-1.521674087556831	-0.9457945996360198	-0.24346137954176528	-0.5434528493966938	0.438590000913197	-0.1945000596553698	-0.27780352038140627	-0.8408372381408377	-0.08087941447977552	-0.11862989754759232	-0.4861395965734359	-0.5077581453742385	-1.203781997978373	-0.12647856596294235	0.21346937583486902	-0.6821104181511145	-0.2430394046841883	0.26786690205144414	-0.8332402251157	-0.05263049199949623	-0.2145413245852484	-0.19360764571497308	1.2982289439454802	-0.7600924766112466	0.004679049865713951	0.32954560051445203
DTXSID0046272	0.189719352040452	-3.0831004239737387	-0.09743177922500167	2.703621130248146	-2.1983777386499277	-1.1777378285997449	4.8972323094916606	0.6926025538845584	-0.544177190341378	0.21083764572122354	-0.5435946116189775	0.461222838121181	1.4655638491917675	-0.7166877651319231	0.5843541880491633	0.3542532683748984	-0.19762751823805072	2.9946569939267684	1.8254577811848824	0.42949959202202853	2.672206893633891	-0.26586488898236826	-2.1915152720391764	-0.8133476956193326	1.5503501419621792	0.43269360747544455	0.5390378303185964	1.1262315983651257	1.042082126275213	0.2286409677929416	-1.1298073536439999	1.4905707565998039	0.2674773227524546	-0.23736113408839274	0.14275140575139844	-0.27000385974349683	0.2610492075090392	1.2023375445614184	-0.04219225848850329	-0.21072204089066104	1.3522612932365476	-0.5324743933748546	-2.364865025815541	1.7447007418704652	-0.016133095259845086	1.274078290272778	0.310234254935019	2.447781804793577	1.0706416574795836	3.299972160268339	0.598398011389143	1.2812333852380475	0.11554877030139465	-2.0138154752123967	0.34246488491787647	4.20261997078056	-0.7276556323546546	0.3699627984110976	-1.3685275887575423	3.2208252823253	-0.4893765492668704	3.561661591285931	-1.205312861196241	4.281505782654618	2.1734752586662425	3.895641595370235	-1.514225142092001	5.3014785751970415	1.769842490681257	1.9737977858178368	1.4587696432812738	2.2297407320011264	-1.9974201831053873	0.835693061182831	0.39497733270580604	2.2247598980326813	-1.355300336368765	0.061668035347188406	-0.8092395065060086	1.2717958714944522	-1.6833718305530643	-1.7036176474897498	-2.382891321394014	1.0191083463197133	1.2486013400803782	-1.5116451768062882	1.9982762416154933	1.0433124759717447	0.8444951699888976	-0.48372683464296057	0.07728494348755327	1.2160564811472665	0.027432082044636392	-0.1256478751585052	-0.30046158907733117	-0.5467692649201559	-0.3915404345508567	-0.8920229663088173	1.3445783154410158	1.1384432637057262
DTXSID0049363	0.46664079696075267	-1.0707495397419646	-3.607940275721275	-1.181494503118366	-0.6125680750774641	-2.4788869566568974	-1.4600782222442776	-1.2506331143644862	1.0633030974430853	-3.15162623353793	-1.612382664594652	2.9620658932243153	-1.4786509352758297	-2.203418584306849	-0.04167660321345618	-1.160234005938516	-2.324102890337266	-0.8489903757154071	1.3792768595460707	2.016388677266482	-0.41762940932554843	0.5302544859097752	-2.5595197104668985	-1.8080735109890065	2.2078221277477335	3.906092402353877	2.1109431575212194	-0.6053930183936028	-0.1515006209496573	0.6380443221440181	-0.14270903675465296	0.5896008494931211	1.218979787521582	-0.17668838322165975	-1.2541695370032269	1.2941353172699435	-1.0574260221013876	1.702615655649876	-0.5511961816952091	1.0011316477649488	0.19395134507699402	0.05496783384130308	-2.2343715737641445	2.8211120573770687	0.09400514240927767	2.496991962727025	-0.9144068464958616	2.6825797507831233	1.99487660748326	-0.9480267606423627	1.4952018316493159	1.4572801889086975	-0.8027476935359542	-1.526258908280676	-1.0712828144811066	0.9300557481897388	1.4301849899397898	-0.17139152062167273	-0.5942671738338562	1.0297836976635482	-0.5826783309936235	1.4345858883509532	-0.687104661675185	1.0794918032697862	0.39060644716598	-0.39652770294010836	-0.33984115047402885	1.0210295395148503	0.19346306934615512	0.7571841507399264	0.5045365117040248	0.915715159615091	0.776989542681254	1.069722065461016	-1.5887339933914695	0.1520885453032186	-1.535910363757509	-0.9559146859280362	1.1506680733088546	-0.39670671683470665	-0.08323591324297615	0.329233747125744	-0.5018580781265345	-0.30825094982531975	-0.6672451391454866	-0.3567206195902072	-1.407340546010093	-0.7557981063429422	-0.10829319520184941	-0.39169827973629817	-0.18147707822839063	-0.2747079721940717	-0.36897720873348294	0.5572186595721127	0.7283745339879598	1.0719900867428005	-1.4164016357780096	1.2976499423995633	-0.035913048597415766	0.2995320527651925
DTXSID5023796	15.702418493786537	-9.088675113638978	-2.0119290304304656	5.88343402449913	4.652339603208612	-0.5229541792994259	-3.7480642067005547	6.992673800928616	1.9145856851356413	-0.9287890170700492	-2.405908516002289	2.1785603442836634	-5.754186083055383	1.0792492081901794	2.9859095949437333	6.181950154288267	-8.265139673332689	-0.50433617040083	-5.304923541239785	-5.491678286040734	0.675240919857967	4.323666938584908	1.2918886226801387	-3.1740456746276986	6.063360315103425	4.129967289025557	-3.785402770680363	-3.321659910990324	3.7566468263730846	3.511939129138426	-2.2386060890080364	-4.077539090471325	1.8200887164466302	-2.445999484629041	5.120956185216562	-2.0811766445472597	2.0301423338768654	0.7551970860980358	-1.357437215920042	-1.6531529165140286	3.6664749999397745	-2.0929389462014867	0.5349797954513262	-2.1683837825950034	2.0796297441285723	-2.927384362372077	-5.829686992939975	-0.12896575218732875	-0.7717923317414652	-1.519366421618735	-5.503736729930481	2.3052210110489835	1.934722176210162	-0.08196864757404376	1.0236996675636045	-2.706002252617591	-3.51087981409348	3.5235126094656852	0.37207101688149125	-5.025009399313996	4.802523170102387	-0.1542629190328967	1.6332313305658026	0.23379154939252222	-0.23509557615480195	-2.7568688957256624	1.2516484135736339	3.10907414664597	2.0586799337088486	7.191155194046738	-2.5958463624071597	-0.8729965783306473	1.5721067847964567	-3.3005610814834925	0.46116580135031154	5.318995929659147	0.3109085298268155	-2.179400988376287	-1.3842312394752982	2.055431796451766	-1.743768468752437	-2.4955838059518416	-0.09459837996397091	2.810059805134062	-2.304498267893633	-1.677499751690583	-1.016663662511966	-0.7614137893574469	0.8098823217177835	-0.1399568246227785	-1.5509083133364765	-0.7300170133858273	0.26490019323084196	1.3272151926681375	0.04940495499489877	-1.512156500732856	-3.7223402729964676	-0.4516796297145552	-0.722037182399451	3.1792480048518117
DTXSID6023286	-0.2147868971537229	-2.27579795012893	-1.7169280980608426	4.950704614085655	-0.41589120670075364	0.8735451880702019	-0.5750859813931636	0.2594726909317628	1.1875493269769384	-1.425525807653368	3.637129124223605	2.380463533654554	1.4952046072119343	0.7675555607473106	0.550232891149963	1.7160709925534579	1.6016054901905599	-1.4102898022048447	0.2357545253249817	-3.1910692361123227	-0.15769006229346416	1.6021359971711546	1.8860716096528676	-0.29685557572529797	-1.3439570592301324	-0.7074442461121303	-1.8164032901434743	-2.467729505735151	-2.843886670688957	1.519344570122083	-0.16773394736966693	-1.1664425277212522	0.8791029402352741	-1.3233195032803793	0.04433810555428985	-1.0421132394863868	1.1796336693379472	0.7654043927235926	-0.4312925618693879	-1.3946665629218997	1.0466954359869385	0.9939383432962424	-1.0492495239187902	1.9599212057325353	-1.70689084365513	-0.4910719730510379	1.502431387713044	0.8688906167806221	0.37879653482729975	-0.24484541728973885	0.17866299745688288	2.9215535019786847	-0.9351812973517647	-2.064181865871278	3.1445631799246687	1.261443443966957	1.4301618539775809	-1.3509773089750117	0.9237130414229442	0.052896213461593	-0.7131897877542037	-1.626430103861577	-0.13568331090859498	0.3369875077237964	1.3548739034297463	0.0692326324422307	0.8974166336983578	0.23045753868749042	-0.41810672628855	-0.479316107395626	0.07797702776503082	-1.41804868258771	0.00268767573321706	1.3847592216966227	-0.5528290970052934	1.4950395206746858	-0.841415862337477	-1.1158209209603593	0.43117346424644715	-0.18327877547041166	0.15993178529740942	0.7453170196483795	0.10207956371797196	-0.5917199679417942	-1.616938940609972	-0.5072282097118012	-0.5946276772050216	-0.023601292616553873	-0.43183819421275865	-0.15141608937137685	0.06674642427649254	0.40132472043623213	0.11184734599247188	-0.22179304341410963	0.4647516309639485	-0.4437806948315228	-0.41299401682540854	-0.2292917046754069	0.7151735450990471	0.8541643565370817
DTXSID2023143	5.044463727885902	0.23802392907677639	-5.723917935526398	5.26938760171237	-0.7018647810829364	-0.8799889777086879	3.0161786959162558	1.9435406127098407	-1.9318733730129813	-3.2377849090756445	-2.181188934074624	-2.8994703227653043	0.6672576583945763	4.6090313686496085	0.6487293090046754	0.42462377425888836	-3.4509168970841952	-1.9648741524200066	1.168664389880769	-1.542049911204282	-0.10083665935514695	0.590070416519126	1.8249662905230484	-1.92008395427102	0.050687742569511605	1.5319296194104277	-2.667352201960924	-0.07429229515773152	1.0075029134655076	-0.14189933864437268	1.01418449817274	-1.5227594638702169	-0.7055682517701966	-0.06508482623486186	-1.0599620305747361	0.4137615584399323	1.2409403092353861	0.29173326031872177	0.902490951558473	-1.014181434462206	-0.5479822155791266	0.35373468076789544	0.2539189901725173	-1.0924574024497855	-0.17935875990197844	-1.074873613605131	-0.05763697084113571	-1.257097190293767	1.2213632633499003	0.4073286961686134	-1.4606574504155143	-0.26197759997347786	-1.2333421137490155	-0.08022069996409603	-2.6419592374035776	0.3756721615794786	-0.4656286802201216	-0.14489439984864438	0.4815996765411972	2.4265566699544583	-1.021120396422836	-0.9646088942760543	0.07833911101342637	-0.6865777607254667	0.05037733995719233	0.7194840323160159	0.8672894868931066	-2.0023733002680055	-0.3618544094390765	-0.20814439172423974	0.8791398106624824	0.31325421119634994	-1.234114709753859	-0.71473089985861	-0.8802478886036943	-0.8902084025648574	0.08272772572543356	0.813960091489671	-1.3081441631957285	-0.4220582713873998	-0.5002118824211094	-0.40336619742866786	-0.9806001026775387	-0.5231785105129593	0.7108303493864143	-1.5702758323240733	0.5688624904590759	0.14043608454315426	2.0105915449983134	-0.6079067718018323	2.2380586096138546	0.31151546487631376	0.9139438372851939	0.7216172461360676	-0.09653860750864567	-0.1669351954033158	0.11770361224907805	-0.26709016425964094	0.168798829727119	0.8366359605281705
DTXSID5047037	9.948884030641453	-0.8597858980911666	-5.523046741203038	3.890603935772234	-3.1330723617721667	-0.7267006722625932	-5.585774770045812	-5.068461991811104	1.4236750421537314	-0.6028038391842419	-0.7082644937682577	3.2686396604661234	2.0642161664162653	0.0038168118057242337	-4.168968660282845	-1.4641752820647875	-0.9246243038715116	-0.728243238332225	-3.9820869312363545	1.244502223321183	-2.4749702746542703	-1.2622043025733047	-0.9195431814672763	-2.076094224419168	2.527360934224651	2.0978313589380773	1.7191502935949705	1.9585347681252039	0.15818977889205507	2.8217548722831474	-0.79345095317866	2.6692374038710036	0.5977802469084316	3.0084417480226353	-1.2629928142238478	0.011195169529667556	0.025219458001406393	1.3862261800971152	-0.959811892448711	4.904401807174756	1.3513237088537566	0.8123839808843414	-1.2852660854652493	0.06718203890359702	-0.81574749837552	1.2036898988332723	0.7939009109462056	-0.9366948066536759	-3.735676117357582	-4.624179479663201	-2.7289680969398873	2.1975022075145385	1.429967193558793	1.46066643478666	-1.1243807575558433	-0.30516108597403646	3.359840617763195	-1.7401339616022728	-0.8377087880286329	0.4569875194167198	-1.4211459194449954	2.803041501906964	2.6219351465097156	-0.028145347884586648	0.01397888195743757	-1.0583632563146634	-1.2127882874562514	1.2669084922773	0.5592693376258061	-2.225341104798657	-0.32934832198840885	-1.1673348574089153	0.629292949995903	-0.759852071608311	1.7207631491825637	0.5471153355215848	-0.40251993749456055	0.5531289012836642	1.5840883410944158	0.2632537530590614	2.4008095112937142	-1.1601164295979578	-0.28861060081349643	0.05137641602801548	1.7137255848260382	-1.1387628550502729	-1.14648833801164	-0.6061711932153685	1.0289377647772464	-0.1739589797557418	-0.1298988950921938	0.08096813852145224	-0.4456153700609526	0.19054705091119079	0.013234627382149384	0.4171895983524705	-0.3197779175777629	0.815128401335511	1.1228146298127684	0.05057135495653862
DTXSID6022137	-7.511871374941369	3.816028228526334	-2.016657262060436	1.3734907509140497	0.7119084538156253	-0.5844929521918473	0.7741769769083284	-0.23940455834330474	-0.0590160942492907	-0.5886979036202318	-0.6366876238366649	0.9695907504034185	1.474547357132592	0.1701983556517658	0.12359352551730793	0.06574652174959567	0.11179922846465681	0.23744003495071805	0.7989860869762297	-0.6702917731284358	-0.5876271047148021	1.3091841537882418	-0.4732862769058856	0.6490147924384883	-0.03352082498448356	0.5456595377247925	-0.4817223045871389	-0.3204247502278397	-0.5873050799831362	0.8174959976018012	0.8294537231171177	0.16084468928105342	0.14151024859816122	-0.22777364000599365	0.24325300522309648	-0.04882868052166144	-0.06782504604368968	0.62187256782052	-0.19468463404911748	-0.8270226608080106	0.4490587494085646	-0.5014401060795673	-0.4379169578016682	0.01954911458783411	0.5028058532478618	0.18385978431760705	-0.3577401077959251	0.47733586105183307	0.41069158366761555	-0.16892344377279023	-0.26606156505776	-1.038890135841589	-0.20114338200660112	-0.45799224157138635	-0.31309865575229223	-0.9890857534654759	-0.5422552580540219	-0.11660313543583682	0.3218778087415617	0.6405184911809135	0.37831260305676717	-0.28473844931758446	0.06149358482893213	-0.3709625419651834	0.5277023713606807	0.1709731143052547	0.17288184831434786	-0.2996990577230167	1.0340233906317107	0.4146525517408029	-0.1283901171900123	-0.7481451254806967	0.4227123134782399	0.23375908516026808	-0.17229556304431098	0.5978802330572393	0.3511288837937954	-0.5909026335682444	-0.25658846242449157	-0.12117604391411486	0.14629568683906466	-0.46367432893021954	0.36258154351214317	-0.024078434559811606	-0.03690774577158423	-0.3435699780125353	-0.3609155145941946	0.24979432868437754	-0.11199489942117204	-0.1511031117292939	0.4747689834723244	0.8299189415865911	0.3352567587765029	0.3671694645688277	-0.1413667288127045	0.4393903241657344	-0.2937531209749566	0.008795461924235198	0.3590351440209668	0.14085426331034176
DTXSID8037540	4.438940149119408	0.6356366774108432	-5.303647552958362	-3.119340103203758	-2.9712017740763494	-3.8478022493648134	-3.795248932616032	-0.27041767261965627	-4.707962407886849	7.820654288469505	-2.852637893599547	1.2475563003046102	-1.2408811108350792	2.5145566867004843	-0.611180548910267	-1.6386572151501677	-0.8744370051107758	-2.6670861321391492	0.9088420623344482	1.9084751169183753	-0.5141357677009484	-1.1251017558389935	-0.5633030711472816	-0.22904356041070204	-0.4065179889514576	0.4460213194959962	-1.3867184993197197	-2.283837177494308	-0.6803405525735593	-1.1269482110159594	2.0759595999896625	1.281617892569393	-2.187145178249139	-0.7003963392313253	-0.9017742062968623	0.91390902402077	1.535825877544713	0.40456138233701056	-0.07001492986090492	1.4956489438183689	-1.642420611418458	2.1874873724691635	0.5320164009051974	0.09266020929593041	-1.034481629022237	-1.0296120222840999	-0.6206222822776436	-0.1221944084286448	-0.5509840582391411	-0.7067315418557287	0.3049351266716373	-1.217534416572092	-0.7346067093520835	0.2510459448314863	0.6403758216401362	0.8858607259086557	-0.5273519664282313	-0.37334843029962156	0.7547349142513533	-1.5437275251892255	0.409599571614476	-0.8084617716207873	0.052568792270345936	-1.3048558417400116	-0.7122410905652964	-0.4336723204109813	1.6849870819633799	-0.2951266940301463	0.13925036947674893	-1.8679959255956704	1.6332005886483236	1.0221700608944275	0.6681531927448526	-0.162453596548272	-1.6528027210825256	-0.588348223449439	-0.4956333553300872	-0.7425070849303509	-0.12972037091142338	1.5738927158379077	-0.9941740713276043	0.917570690036523	-0.7591355740888936	3.135930168477194	-0.24043754883505872	-0.17339531956738582	-1.9565556203944303	0.7589526284555727	0.05658990094528608	0.7691528273044694	-0.16212757527059476	1.1357424530716755	-0.5817323744322161	0.2889750575373157	0.46448640104866584	-2.2726030254903997	-0.272895363761423	0.732033090821489	0.206766494035432	-0.35127522802018724
DTXSID5021754	-4.333284843836139	1.111483150060588	-5.78267316667603	3.8427173756755075	-4.066800353253838	5.4231102241358355	3.027384851166908	-1.8003894877782616	-3.861390242629971	-2.076806909199172	-0.6928020259683213	-1.9133749004866332	0.3418152599011047	-2.0200945739385463	0.16494330815393213	0.959596261603828	-0.7540057421302611	-0.08310663051041124	1.0316634114568222	0.41780568354363323	-1.0426392280858796	-0.3058374452513046	0.2175484525078617	-1.02051692387636	-0.9354510082480031	-1.5556293627043158	-0.29720691357024914	-1.1266500585507984	1.3602965369490319	-0.23255659312768076	0.3100692287918492	-0.9143625467062223	-0.45540697892598475	-0.33809253307554826	1.024806869993261	0.2887184589692706	-0.5575952332292292	-0.5043697387532495	-0.22763166423982226	-1.1027270786146008	0.6251716931090617	0.21909246698473295	0.9857607945945325	-0.7981590454152269	-0.3113193671107438	-1.0412583779562543	-1.3128659980608552	1.4767184065343175	-0.5399549725130424	-0.12255979532871221	0.7364106853185423	0.2525942570914027	-1.0940633766466885	-1.4107858030821345	-0.9617679379414847	-0.21287376908123487	-0.329636964199066	-0.6939283935933618	-0.676795381972359	0.2700629930796792	-0.45413765497374126	0.08992219536048841	-0.1989006683615309	-0.07529521693936929	-1.3919726461806166	-1.0130849703330569	0.41577669470998485	0.7282578070564291	0.704718409220982	0.054503715843399	0.6567998757565389	1.3056530855896833	-0.4172261216762368	-1.0686685176791548	-1.0068034657251181	0.5145406102028518	-0.24677643215905418	-0.010239002725779675	-0.7123285974232881	0.32327802440440995	1.4391633914303679	-0.4782760433030242	-0.5848192708268414	0.4358282079633415	0.517323300239703	-0.31572133927927637	0.18075059029266455	0.8308054050132447	-0.1567164876459247	-0.361842897870755	0.6947822943402279	-0.42471037956107816	-0.25687521337725766	0.24213481766551695	-0.34884997066525614	0.4332828414784416	0.515310237595304	-0.12608116551501233	0.18407439149866545	0.3089670394556374
DTXSID4045189	4.54441295335616	-0.5114631140256852	-2.8629710753800706	-1.3553584881426657	-2.1384391118438515	-2.268815295278362	3.8717368481420618	2.566398219701631	3.0322333247231543	-4.241130890983871	-0.290717115264174	-1.091425740489357	3.689637797981453	-1.339817162477324	-2.9704904809966752	0.18436768606516846	1.3180331952784934	2.95555345188684	-0.7896159485353303	1.2171800223068454	-0.9741304885149538	0.18205292318391667	-1.7907777011652666	-1.80815691646526	2.042972674414473	0.19041032759449195	1.287063602160232	0.5059503292135864	1.5473558755213397	-0.23977372457936427	-1.9307721056325997	1.4751969167660828	1.2144020862568594	5.380469811872739	2.137052777391497	-1.0375832441608983	-4.545884818947798	5.842837451843182	-1.9049354765077948	-2.3166231404632938	-5.347289429829275	5.331250275676337	6.0565468133552	7.569111199278656	-1.6752967888684889	-4.10209281564424	-0.2750850492401569	-3.5125800285698094	-1.004275163564491	-3.077856537896535	-1.3135528803363417	2.3661865327700538	1.4884937547097041	-1.4706796796427706	-2.6228102718544997	0.38148971547257865	-0.9888862829935002	-1.075320119707809	1.7439274468357457	1.4318796887009784	-1.4135580184622303	0.991583686261787	-0.028456518895943868	-0.9131275700511103	0.08003592912597392	1.380091348044381	-1.1414183575720436	2.1388675128173875	-1.7473398077994116	1.7732116732005585	-2.7152711797018796	-0.22457641103301107	-1.7909797391270754	-2.4465273848688724	-0.6952204433669819	1.3686461695222303	-0.2627890943055566	0.2830353967813895	2.551472010563383	0.795471694719654	0.09838271227024258	0.49455497219816047	0.5707744035613872	0.728539946174895	-1.6566738475639489	0.415488305490312	-0.871571639241817	0.3457253422691456	-1.000335154119702	-1.125510713589451	-0.0646200042951443	-0.12080535028709681	-0.562650353240082	-1.8675159324894892	0.49262171826707774	-0.03603514184598144	2.464336850659224	0.26978255051686817	0.04683273263397542	-0.18477983808535645
DTXSID2025139	6.688888394688782	3.3106632071677335	0.010841094703043704	-6.599155123962333	14.010287920317714	2.224912594425342	0.8486021053049505	-2.3107427883795717	0.7665059690948126	-1.0770638611654575	-5.017777675189658	2.863265856616548	-1.9581518073237356	-2.2871353379502954	1.7720963630914568	3.75251599895867	5.418532571480305	-0.46960815343871865	-0.29100703324511856	-1.4359535418842195	2.030889686667988	0.9751446191085908	0.9651408843793201	0.9041106975496683	2.1966590234583276	-0.9664738706523116	1.2617013260821843	-0.5629237511721059	3.0161414285777886	1.4791427848520151	-2.4805159932380443	-0.585045874978202	-0.3973038761892789	-2.0128821177018277	-1.287876689333436	1.1479823755022174	0.2953528801633219	-1.138557701135878	0.8092913808242171	1.0901105550934587	-0.5654785058767766	0.5577120291337722	-0.15943590242296762	2.805773036907159	-0.5411780448338712	-0.6598547867037254	2.000341125522797	-0.03270039263940673	0.6230171736276315	-1.1354332045040523	0.06408427791769541	0.5391199873927307	0.7791406158227446	3.413958063255753	0.41055396215757106	2.7478491558959846	-0.29912154733091684	-1.5754413773552378	-0.8813728398499422	2.0517842196015823	1.3154753412100302	-1.2739629495840108	2.5332757537660355	1.6413630191605033	-1.9993992417592295	-0.9566728413202576	1.568269705332942	-0.17771546576031105	1.01539316646065	-0.6085570131042346	-0.3172342283982919	1.1160086444703616	-0.4348707691809947	-0.34352884599170364	-0.515255261689212	-0.6412405744123295	0.11768501675536801	0.5978359751090219	-0.44885875231452754	0.5581593786579693	-0.15261397047130212	-0.5037878152382868	-1.018063462517244	-0.3146096526363993	0.2350763288627746	0.2799615016138396	0.25150871774733113	-0.667880593118734	1.1366583172262057	0.40322951974385757	0.28039694357434675	-0.37280344974913376	0.08301347282231415	0.35520926763993904	0.6167428466091983	-0.13224224670809426	-0.09931705928842585	0.801112984429589	0.06848154511094388	-0.2030664707364076
DTXSID8023214	7.433309398346684	-5.414067284261803	1.3304604805227374	0.655576782700525	3.1483135587968314	-2.7691833391717533	-5.230695882159394	1.414810363641026	-3.2330599749696987	0.49901254448935795	-0.4970397724105125	-4.395086289494443	-2.184462801721877	5.277499713797927	0.7901276428811457	-2.831259861871792	-1.5770665540655309	-0.968997193775788	0.6390246696570185	-0.05481774774933608	0.4859165262949216	-1.2766873836035084	0.005920970514420261	0.9164657385154085	-1.6366007656524344	-0.5806865850187611	0.24645607476534742	-1.3372478476562846	0.6405646968181373	0.22974481725679555	0.8872665992285556	-0.4785765106491338	0.8089398395481876	-2.3727928131203564	0.17535065250551818	-0.496396978533531	-0.4664503838734682	-0.7620798889597202	0.7021416066113068	0.5493867969802377	0.11906252745746759	0.45309182873980597	1.6749342236895253	-0.1774759587027173	-0.2323496230184793	-0.6977957321518463	0.03884928766028924	-1.8847714576972796	0.8263958485330919	-0.3176040839567578	0.4699061615573201	0.089985008078921	0.882678756289006	-0.75607784381435	1.3444373201860524	1.0766062855610388	1.5244717071435554	-0.7559763297426412	0.4207187316037304	1.6871530184620593	-0.5490022804978344	0.6107709321206612	0.0584395259160991	0.7330962744548009	3.133926351428915	-2.348282926544346	-3.559566931346692	-1.8531190489336846	3.4610124037374344	-1.433434983588849	-3.0161403793580694	1.5912392883900623	-1.156801492200905	-2.354766496555182	-1.1913610094295304	0.40479663868675714	-1.6094880155339621	-0.20083903795721664	-0.26759346460285943	-0.31102104213304305	-0.24137475460752636	-0.4580720274639743	0.1913461420524648	-0.6534570941139548	0.5275927922038944	-0.7313409633751066	-0.8470387889147494	-0.4814529991303217	-0.35676746817374616	0.09232355038082388	-0.7110841368584442	-0.28373871238923226	-0.5557132587654531	-0.3481238410919537	-0.9738595291092264	0.04193659882720319	-0.5231620624136707	0.4874786832146603	-0.4856022713780296	-0.5022354989642028
DTXSID0047820	7.911680998417307	-2.327227055721816	2.350453133882925	1.8934509673151088	3.5905279474745218	0.35615270440305546	0.8673976561985205	0.3617641880991205	-1.1415553823545712	-5.975398667813169	-4.4849224968650745	-5.759043422534064	1.6440413393968432	8.28455683573627	0.852305842066644	0.3236079043901897	-5.463060576409239	-1.7102841187332496	1.7447752504035319	2.408264925089377	3.5807502636274635	-0.9353096633138621	2.1635843683114406	-1.5125693335508912	1.5287274796470653	3.6897951237721807	-0.048941147518350214	-1.5081439864324844	1.18456618731095	-0.12255299609491237	-0.13716432052691385	-1.8763018022224884	-2.5713750265245685	-0.9784274184470163	1.4530230782322957	-0.39469370847238	0.371682898726037	2.052435093348689	-0.3213900875222966	0.8003660352001707	1.4723634500568608	0.239648425466329	-0.8365129679310264	-1.2333159748856095	1.3738911489319952	-2.5355036053313227	-2.2624304007270615	-0.9790482072685049	-2.0504271896822317	-0.32731120803630886	-3.91376542790501	1.792900840805412	0.028661627315063193	-0.2592170568298969	1.4470426869178978	1.8534677309408907	-2.1090992504767225	0.7760825045342274	0.03544492570634139	-3.8488138349068035	0.7798324014047031	-2.3161177976438685	2.4880570709331353	1.7566668923652906	0.9348676431673231	0.6213818465614435	0.5168357932370425	0.16347396641347256	0.5957686126034664	0.4765333232858823	-0.009953499330088267	-0.1911991479698079	-0.36369123190051983	-0.008506032882959287	0.40421511657313325	1.1020844274109491	0.9790041721256248	-1.5856907320225746	-0.933756712094712	-2.096818362551547	-0.754795269867762	-1.4397070257993003	2.2699104549412015	0.6355294808646943	0.17336933983554229	0.44285816204737666	0.5086160320974237	-0.5323862466963246	1.174179209896279	1.3952065043818989	0.19873515138138528	-1.5978665288134442	0.057278773175606236	1.5106904362650124	-0.052322305353321344	0.38058201412316356	-0.9724528460364773	-0.5931010540079292	0.21067355825014022	0.17389146243288064
DTXSID6027137	1.4029738539335392	4.294336373614153	-2.1878105149143754	-1.8110079111176114	7.720456081503594	2.850293762980146	-0.2856307087123402	-1.4487460907173924	-0.3521235953359837	-2.347271232073833	-3.6309948236473315	2.3221132585229607	-2.2678824039348005	-0.09795092431745833	0.393616962248187	3.2853233834388167	1.2902973370664015	1.9011438566173655	-0.8753396313714532	-1.648360925947439	1.3288305172389192	0.8033915148060655	-1.02134411484273	-0.843871205737282	0.9486197222448497	-2.5360509528643576	-1.0700049539585683	0.8561098329533735	-2.112435317464429	1.985186336855385	-0.44767805231884195	-1.8685348609770311	3.449721121040365	-1.7339283180169855	0.28568605943765313	-1.5086254235839538	0.7714272359553584	-0.05477929283050544	-0.7882430949895795	0.13838733905426187	-0.43874384075363915	0.2796507944835015	-1.7146493739843425	2.690667288822895	-3.0154785189073583	-1.7344259925987326	3.667003942993584	-0.5231719343687518	0.3347811998989388	-0.2694630586816352	1.3122823478214436	2.1724937812974554	-0.9345878221410227	-1.1326352416902576	2.7671058055146283	1.5554773511238664	0.16793647091901479	-0.34241335856528754	-0.47946214776447005	-0.4261697878766776	2.2982592785399163	-1.3496340368427653	-1.119992956932041	-0.2430058177512149	0.6411658527738621	-0.563435420844738	-0.03969180890679034	-0.05720477652525343	-1.5359236841055195	-1.4466883011867968	0.4157393711063294	0.3421323644654258	-0.47142727978179133	0.4005306768482076	0.09837707864634856	0.8959666646153842	-0.2613473830839394	0.5651979149242217	-0.23322566504945852	0.011526822595015343	0.9981498562546129	0.8174045047294917	-0.5617785081742809	0.2680538448534842	0.517025718583365	0.060918583632158685	0.11605155937235044	-0.3496220358205285	0.442320686473149	-0.8393577733730497	-0.03319435836874301	0.11877615532287518	0.05516388529489768	-0.1266200631594321	0.5744371178554729	0.0034449495720887914	0.07431142763567987	0.03091247271208828	0.3247600989428146	-0.022509827478980792
DTXSID7037553	2.232720330522084	-5.335429845272055	-1.4637719864057808	3.8287572731349324	-3.271616399328855	0.3260083094100033	-1.9832692375863235	-2.0089425281923132	10.83609483301548	2.210870394727274	-6.857978733404211	-2.763272916100699	-4.132337849779525	-2.8086201961179653	3.9987063297269416	0.3760875169306867	1.8398569341272188	-1.1987271949698635	-2.3406091053763123	3.3055760137949357	-0.6046311313733931	-0.6815299432897456	-0.5345778943723357	0.5374734782129202	-2.1584341199326906	2.818806378299633	0.6006943204318999	1.304155432228945	-1.704003692122395	-0.19692969648577915	0.27306452698662254	-0.2866820925498581	-1.0940915438496448	1.7062865086983787	0.3023548169645751	0.6389376834100919	1.249354774373044	0.05043908316392636	0.4707225721321139	-0.5075545672091311	-0.23084280111888458	1.7432057156249705	-0.26624939494066807	-1.3082258971721343	0.06083144525166676	1.0211803041634362	0.3089615400341152	0.2470517688453264	-0.3290933416115306	-0.1366951786078283	-1.3636208106092225	0.7717208480273051	-1.6141540878770364	-0.6078086290093933	-0.39503296664928816	0.40145193097776294	0.6270720262212649	0.9777128082472637	0.05575499890801818	-0.7365762783069569	1.541705666066484	-0.008752890995600253	-0.3690386050925913	-0.4388549796524447	0.2887413326240003	1.7099008128831903	-0.9844000060659779	-0.30958837739481027	1.1322555774142704	-1.2829881666056737	-0.43266412461670517	-0.28844467816509917	-0.4435635034714986	-0.32832348458429955	-0.41649526195264974	0.5117030704265506	-0.463797985732419	-0.908317236068996	0.32078022415579094	0.34226348464916256	0.2013845585559351	-0.43486486372261907	0.1814700422446193	-0.5784111518473058	0.7664251938574752	0.9077008744643568	-0.07967875626336805	-0.621925331596376	-0.39894765897326673	-0.815158035604478	-0.006119814302632111	-0.021730405677922754	0.39470976019441933	-0.4298926887913252	0.07651576248273743	-0.3385998920448214	0.6837578317865927	-0.48498959435715083	-0.21623635402666738	-0.854299645276196
DTXSID5045388	12.462235587971243	-4.805473866774685	-6.0576196043053665	3.935605329922279	-3.2362220784451714	1.4864594794047943	3.787823570965256	2.2093195900831923	-1.995111621273908	-4.78391475920967	-2.951218123110427	-4.487457427325158	1.4492117453829338	4.769515718872587	-2.509290130800352	0.8585603559981669	-2.6613916986419146	-1.536016040521865	-0.5898645846823993	-1.7922061806248661	0.21135776790198074	-0.7332772818246475	-0.9903060860185413	-4.474398357323245	4.403084804661404	0.33102961608560877	0.47568004977580064	-1.5202350478331819	0.01534060516250849	-0.02534869724972368	0.045244657849631324	-1.638419073315988	0.8425460890311659	-2.3835701257022417	-1.7569100452830768	-1.520695243247277	2.6261418075944776	1.8513279409754748	-0.8935138665235145	-0.4114880770836461	-0.23344939761252712	2.7565851110084187	-2.179705064217203	3.8693628763892947	-3.916350723891974	-0.2683674046276825	3.2090724598851623	0.9379085173446506	2.1685882412092408	1.5077097904825567	1.952703388926463	2.9605764375496406	-2.6513904476762775	-2.8319079137370533	0.3401294662249588	4.269677587573368	1.9288974899193136	0.3324783396772652	-1.48341604101476	1.91828318307849	-0.46169351697336874	-1.3594017731698154	-2.738759910240946	1.227613801376903	-1.0158250080048654	1.0040038216829161	1.325101185851381	-1.5339288543812453	-1.7816852129775589	-1.8265550817842664	2.4175903233173996	2.510894736150493	-1.2607908719611918	0.21324260572938178	-1.848747537362423	-0.4839455522111728	-0.5881416222196778	1.51598251716783	0.39560244416651796	-1.4452589742519075	-0.8538156794663	0.5871794012742025	0.5697141926343884	-1.3938660667089333	0.4098514569846768	-0.2899819850866607	1.1825624169638933	-1.315211511193803	1.3620293421811094	-0.7525112636532414	1.3876392156674815	0.11703456863625618	-1.0110132037724273	0.8610261892647861	-0.9867960252714586	0.7374088458542923	-0.16427606755363217	1.1649086936562543	1.3715966496019003	-0.08080368465573691
DTXSID6026905	-3.2935183142435394	1.0346587101721088	-4.942941187168184	1.1693308528662776	2.8280206706649764	0.5564163436304336	1.0956638247962174	-0.9534162898406189	1.9814907683420637	0.3938385333481637	2.9991263290204677	1.2477992686118793	0.6284396600737864	1.0604286847746922	-0.17861700620257012	-0.5177831396919433	0.5193424588259388	-0.5612041979532588	-0.4281913288458031	0.4672083265628203	-1.1102079724672396	0.7701851137259419	0.8710999839697212	-0.7186033419270882	0.6557914739164005	-0.009129446738728812	0.6698322716590176	0.07905804129947766	-0.6412738712843429	-0.25705732891442035	1.0284287401586831	-0.32313982023231974	0.5240177467489829	1.843554165997732	-0.4105147493483177	-0.4257080649695431	0.5697009536372508	0.6158791205224846	-0.07477132776226542	-0.34544544761175183	0.41180614378453473	-0.08065438583457368	-0.09258905709529192	-1.1703583096158248	0.8820476529831578	-0.2632011898752249	-1.2707105425297924	0.1912737440885152	0.2673584157048122	-0.42821866588958907	-0.43819684276688403	-0.36514159466185897	-0.39138919140562206	-1.2848607414625053	-0.6210521487523467	0.5502830219406146	-0.47358710760708106	0.07153878160027567	0.055308298643741295	0.2016126065570145	0.18407028475209142	-0.33430384376979316	0.5247499610044598	-1.1056657223531676	0.5779126957563012	0.05571756036494724	0.8130672028759974	0.0391104976047292	-0.8628023799080639	1.0851700095779837	-1.1394895881048022	0.5680862928942916	-0.12443780282490015	0.10652209542080326	0.1832187083341952	0.3168745008744759	-0.7558662730982496	1.0089518185800486	0.06610687207017804	-1.0219185310092085	-0.6865567459176466	-0.5476768880163065	0.14676949249308874	-0.23237291716196296	-0.3571395340488829	-0.21836301462935997	-0.39503990025312313	0.4486420674149883	-0.5448529968083597	-0.024392115244577624	-0.4311486922485753	0.4839827771005814	-0.9542759014537334	-0.04473895484309977	-0.3375633175698235	-0.6472841126314801	-0.5151044483950515	-0.9571753316408075	0.2363346217172468	0.8445467029761359
DTXSID8034241	-0.7705131880584272	-2.357484862947305	-1.4468643758648758	1.4865957029271104	1.8885327344762919	-0.9808554494787238	-1.8751993331937666	0.1904610086019829	-1.0658185653974641	-1.849184749501505	-0.40048013972813895	-1.7647359561359586	-0.330078529827264	6.043979637380109	-0.6211164916804273	-0.5744479724746712	-0.09275782767245636	0.26851639065063077	3.4244875339766354	0.1333257817071694	0.4516580945345031	0.715708190398503	0.2860965117358507	-0.06082785273633962	-1.3286834692256642	0.45594355981965967	0.17059486447692107	-0.4140073322570137	-0.147374585084578	0.9446396751692393	0.8412306318998813	-1.0722039153065026	0.18532697654124483	-0.2885515633632269	-0.4060719398047357	1.4291461631747422	-0.8121005838423923	1.009952767452862	0.2487767241760915	-0.007716804371779376	0.9044989843189878	0.3563928487139733	-0.5991482450211515	-0.30891325462454683	0.02757870145296009	-0.4403600914137823	0.18466193690663318	-0.9041591479285921	0.017996712233630693	-0.5983242871089102	-0.9446136796661027	-0.02445437444954762	0.19814377114137519	0.27541676679447435	0.2600445661446726	-0.08892918953413484	0.9815473311299696	-0.8666542453633715	-0.8353511683187048	-0.4010929548053953	-0.03559598233138916	0.10452444595655985	0.059431811893652924	0.11379702044303787	-0.2164346178592977	1.0866301448777889	0.3449182794119006	-0.1838558837374931	-0.2054717794007872	-0.32283526912828	-0.9792586838631627	-0.4398455030283171	-0.29793673154828987	0.274935647081461	0.4500817794781502	-0.03985565922386129	-0.7157726605124117	-0.024023162971998323	0.35264995569725904	0.10918321258577131	-0.42865088006882296	-0.34586567254806566	0.35582349347136555	-0.10192902349839425	-1.1776964131331724	-0.04869103487521944	-0.08850935763442916	0.5147880925565446	-0.8092124844873166	-0.10216103333083137	-0.14712396169938108	-0.49438057069575536	-0.16078268578999472	-0.006864678808767476	-0.4576202933596993	-0.13788789106944815	-0.18446948952938375	0.43270404970016624	-0.28564977114688755	0.23709033396962173
DTXSID9044613	0.9229861999459735	3.9159139276275265	0.4341147412057055	-1.5978024080884083	-1.0352794928963087	-2.820074200660762	-1.2937507580957823	0.31102560658693434	0.3485181868493783	-2.4641926791721933	-2.406111556312644	4.796932096586468	-3.032521897932986	0.7167853106310728	5.87951071804716	4.079121121518853	-3.9306761709677667	-2.0270400279945533	-3.675890494732891	-2.2532206683063376	2.497287903554071	1.041333888126624	3.479469687691561	-4.720947552940867	-0.9688787268823108	-1.4433210625424444	-0.6571170687174552	4.7521780085628675	2.2258617889200973	-3.144863981487034	0.748721107406565	2.0296999985465556	-0.1604483810216117	0.09800756881102363	1.7160436172506783	-0.7847660341531167	-2.5764974356494506	2.062281154599931	-0.25623494483368436	-0.6281146904039634	-0.0781841672174259	0.682616116969425	-0.04571741557930907	-2.8634097010083	1.3096560741745211	0.21668770606008886	-0.4752189702427434	0.28889327796151354	-1.635925375492665	-0.06489489878506044	3.339832020166048	-1.5226094756548887	-1.089107955527276	1.5198277118849979	-0.611156857725139	-0.586961988315418	0.47453124942274166	-1.2821107824900817	0.8679146661433078	0.8196582943051696	-2.2054769853764813	1.268222339356665	-2.391995471463448	0.5609914145550867	-0.8797450480974688	0.608236874583933	-0.17784001929402812	-0.8747796217858841	0.8872709600107767	0.9172248687245165	0.3366997410957817	-0.7857362222920146	0.14855070033521703	0.10330554277005863	0.930268592335308	0.32381147711809893	-1.518834008487149	-0.28399882820287864	1.8957780462563598	1.1595253544428807	1.5212887050826134	-0.5935517795119961	1.543524086285753	-0.2533942791567489	0.6449488817938093	0.14074944955950164	0.2855270745334555	-0.05739996046680615	-1.0392922268504838	-0.4398747315576875	-0.6933673112068753	0.9927812991542643	-0.3827449109027626	1.0712156023661075	0.30152680367303253	0.4977504728416432	0.35110764745265854	0.6026344982556668	0.009308484590702592	-0.328798664581617
DTXSID9049401	6.249512467910022	-0.04668717120545003	0.7803848415882476	-5.7836281982819955	0.3710834291358305	3.33549035944973	3.763283548426617	2.9497206023462454	-2.404216286699566	2.6675188622221513	-2.2609520218238233	-2.5293915519590806	0.23562186113375683	-0.062319653711223326	-0.061350896947441697	1.3888453629974102	-2.6810845364396925	-4.395821292548534	-0.2667374813499005	-1.3595931405913526	-2.2741490785153293	-0.34837281022934896	-0.7236477746375443	2.2165328558660384	1.1252889612346078	1.8769891162379433	-3.3364922468752813	1.3734755679350024	-1.7897488847422376	-0.7386481791838244	1.1008193373697435	1.9698784919872052	-1.4666164672673572	-1.7542257162460504	-3.5541955585296368	0.2996866067817049	1.8173652615571234	-1.004607580215524	1.8175837181051486	-0.63451943902446	-0.9001825043990395	-0.005694641487912295	0.24913572799662348	1.022581586697621	1.0856339790995637	0.03765409691324676	2.791483079068752	-1.4636338506866124	0.1499574507806192	0.38533723418859017	-0.396219018496701	1.457476470766507	1.0877235508871412	1.0406075618106534	0.5066018696086992	1.1254639522836065	0.17488721152412748	-0.500654056547868	1.1701021235193783	3.8373529034071443	-1.2339973553166803	1.9011109026726352	2.0435937106207884	0.3105633761171901	2.3151469525870727	-0.4589093021458602	-0.7624993712472738	-1.8244650342557411	-1.4055168164107772	0.217952463630493	0.9805106890638697	0.26589118204230455	0.6695983608520539	1.6583150815382415	-0.34572495838288775	-0.974733106192006	0.25677135069035784	0.45705981162702464	0.6746599300915744	-0.48708211980776234	0.21006274243046177	0.6238873584898222	2.0427336825010074	-0.865149361975503	-0.6769334454238061	1.2980288522726853	-0.17329977459317653	0.19755709953231654	0.5733069116442762	0.23319458944794633	-0.5848744980886035	-0.7530537339067831	0.006971228006825496	0.047239517035213834	-0.14404454087492755	-0.5913873582857372	-0.4428971187668453	-0.27195620906008666	-0.5718205622306296	-1.3156267159736776
DTXSID2025183	-2.6870307508145737	-3.135652643780765	1.7024353159908878	0.3897974605065041	-1.380612741861124	5.951330258778295	-0.6731815898194226	-0.29515501784986975	-2.311549465045931	-1.6714218468257231	0.14200713134155776	-0.34568246284051335	1.4999980726101625	-2.5303649232610694	0.21038066175390505	0.5889215771003797	0.11175905043347181	1.7274460579195066	0.253568323530411	-1.0847144378279938	0.8941580344488689	-0.7170461933468809	-0.5845322306076693	0.2003179345163247	-1.2358941564078951	0.16486479574225002	-1.3866740411718919	0.853329095674258	-0.5462639575469947	0.7365778604392681	-1.1938220032771207	0.2853451358729214	-2.158230704625746	0.4560067835798703	-0.474918096010845	0.5548177269748173	-0.6062522012753913	1.591139730246375	-0.20046722653681617	-0.7856339214867158	1.4240273541905113	0.624428820671932	-0.6591661509060261	-1.4239522204609243	-0.02053572648284792	-0.42185661560994864	-0.2742916977647602	1.1438543486104578	-0.7975027781480637	1.9924002259800264	0.47801259572317295	0.19547118334082209	-1.995253919713879	0.03169256400877632	0.6166831413823134	0.02758513994900502	0.3193873818994525	-1.271597520151723	0.31427483214793767	-0.3699855033592481	-1.026247891884757	-1.07115119984607	2.757897161543326	-0.7288033622738799	0.5496747657453598	-0.9794514673766207	0.5510195006948875	0.08733618521979453	0.23511523191484646	0.9801621305822438	1.419399352506889	0.8993837111326568	-0.689587449484355	0.06374144760466846	-0.7321495182777367	0.8436757192609073	0.2115167555585179	-0.16903823665302883	0.41635950783282827	0.8540142866890233	-1.1788092497770972	0.5223016520659458	0.33102842256661286	-0.6396339211436529	0.6629950506111422	0.35261777684027906	-0.30261592127051146	0.3128128157395416	1.0880090650952832	-0.17413450474911096	-0.1704208863105303	0.5116110092940639	-0.09914167309462073	0.16967040834509547	0.19378295684956234	0.6415049890307176	-0.08319817530689708	-0.1118486790336932	-0.060232238651444	0.0654046066905459
DTXSID7026655	-4.835755157973237	-0.2878839333592524	-1.3616444670729826	2.7966800682705997	-1.6322377461682664	0.313694178570404	0.9310672327747814	-0.5668020251074475	6.990267733122677	2.214686181358012	-2.769243730769816	-3.030913706601648	-0.9899953523453872	-0.7054284080931874	2.023386465869454	0.42813097273669637	1.284733183011548	0.2471684917271351	-0.5180775404397112	1.1409036874847238	-0.40388104662111834	0.3642874394734178	0.42527172468195285	0.29563118024623497	-1.0923387359048589	1.1546104444863732	-0.12588306222724333	0.24243702721077223	-0.20923756643566727	0.536517275622059	0.649951105968279	-0.1718635085767211	-0.49066736364055435	0.7646388074877788	0.27723529468932917	0.44111061649331557	0.6017535516961446	-0.019264305932590303	0.2685266213923063	-1.0204428382472568	0.5209692820185213	0.595850645862298	-0.09911949453147194	-0.5625054955274312	0.36124601160380776	0.23298199916305073	0.2609262250081092	0.2099928442121638	-0.3351373309413675	-0.36645821149968577	-0.12007775093949222	0.2533795532717632	-0.8579530786930751	-0.683491691718723	-0.526975563829236	0.544651703110582	0.434475041326117	-0.08191348840053699	-0.2712557732763597	-0.013628143785440137	0.4549043948876687	0.03812681480983615	-0.4659573021217731	-0.0876585375488523	0.1290935081437548	0.20728512344710404	-0.41287548598337137	-0.026108725390129508	0.2869807113549991	-0.2502843456702025	-0.4372296595154334	0.20527188190848783	-0.266499917336984	-0.45325237253529244	0.03668283253928339	0.25688569815107876	0.0006790845929276443	-0.24789535603162416	0.13195361491559685	-0.29264296955493635	-0.05168944658715663	-0.006863008210333742	0.23161202560155278	-0.09504709253797118	-0.30177952214630377	-0.13774723231822608	-0.09927013382664199	0.0008441670026422805	-0.34292434789788634	-0.12547434541764255	-0.249448897356044	0.05055851962017538	-0.26820329470199594	0.08822264160536966	-0.28397197004920033	-0.007092146408132347	-0.03622842027459133	-0.0599463113301597	-0.20281739314310407	0.31814554290718333
DTXSID0047080	-6.464018306841619	2.162122733209798	0.09662157176673043	0.012086775103259312	-0.31601677291051905	1.2752679816664583	0.9591768200283518	-2.105682294140661	0.8798269133031116	-0.811201381218754	-0.2716452836236563	0.46397362614525495	1.9695643459061078	0.35604751153159814	0.3609040828495492	-0.6363361890779352	-0.9278378418564267	1.417199230245148	0.6790688239496825	0.22163296444600178	-0.5559172901300062	0.7288320166673955	-1.8178122636415561	-0.2667991217599115	1.3029614723159326	-0.07967504231292107	0.15632218609312512	0.7371312661737199	-0.6374153295552021	2.0664789487518247	1.9991679296673792	2.4380947136747326	1.5995535469983875	-2.126000450740655	0.21342438595767793	-2.561201703042406	0.1961828436964702	-2.8431902354299043	-4.52910537530475	-1.5609115841531054	-1.9974168197070095	3.277871882087298	1.6818193929961762	-2.847429866460984	-1.6325386065871434	3.626834298788515	-3.9813239503944913	-2.072634721622736	1.9764667613283096	2.128873784952872	-1.214977158873702	2.022586654211985	-0.1250089299003339	2.8200143226420407	-0.9430385164686237	1.476997764622843	1.0567281540829911	-1.164521052626991	-0.3360636400688067	-2.0905926954316145	-1.960196861584286	0.2364548842014121	0.5327276613488355	0.7560734619051308	-0.22559502074661056	0.7697946152549769	0.7571931540937353	-0.11322192510877523	-0.15512255387114654	-0.8354326897323812	-0.169769078196003	-0.1748927344403814	0.03874275340693462	0.5766543908449174	-0.4417052504203045	-0.11522725214811448	0.4151700341728261	-0.6320257687618065	-0.4304710933579381	-0.02037119534010318	-0.29027223160978644	-0.6181844905347713	0.2696763528233231	-0.44288219363169706	-0.42209073420170445	-0.07335356949023959	0.5786588268419322	0.23641894323070659	0.5826427426199473	0.7061485903532372	-0.11601564655088195	-0.3796334019845122	-0.03389117685855749	-0.12099280608016219	0.3174519995902316	-0.09329036452754949	-0.27618886342980126	0.3250250493939127	-0.14349093280539738	0.1900249495950023
DTXSID4023462	1.4170776029598302	-2.0049952412862364	2.4412364240677156	0.28242815826869744	-0.9459604114104198	0.8897293052181826	3.137174691255781	2.893057598327443	-0.3116710310932834	-0.8512152096649864	0.351038336793199	-0.7663723218862946	-0.5414274436306372	-0.35974596438809436	1.3664251418800406	1.3107309240962555	-3.5729937081054484	-1.1879955702602631	-1.3351895077386235	-0.1102924256563162	2.4984762918914374	0.30461009106329046	-0.14817311180051432	1.355115470344174	3.035882683271569	4.723986283270698	0.7066120885348657	-1.0281423993163161	1.4124591627942316	1.224407649057094	-1.7311451933815278	-1.886433092767681	-0.7765495561357638	-0.6878776118106261	1.6050180868130335	-2.061596968507257	-0.15570666516502665	0.37767603944015643	-0.6404489647828726	0.08709582826618581	1.051747919556006	-1.2191357718214308	-0.17276204285693983	-0.3859717723593333	1.8499499474505674	-1.0249149646939928	-1.6397710374220715	-0.6097313441637876	-2.0490390747806946	-0.865577405606372	-1.8752687045074683	1.6265878819321347	0.7182895324558781	0.8766051990490779	1.7389070926714052	0.8052863771375154	-2.6148211668587726	0.36733292137750895	2.1086593409464736	-3.173099227336945	1.6057626528418383	-1.5227252136049882	2.384055797916994	0.4713537448348643	1.729707867222852	-0.039878611068274936	-0.11540622811457753	0.2880737896734748	0.64403254531288	0.34947066248631037	0.8172925853646884	0.5018147489939899	0.06426360877926161	-0.02292081657413714	1.5473760535695429	0.26447995569828514	1.1330583361679487	-1.2514749213586538	-0.3463350318519711	-1.448041509026105	-0.6851766611227684	-1.0235800153245938	1.2019361502449675	1.2830387601627153	-0.7035157490303114	0.7424102983108009	-0.857158094035892	-0.7515676053073923	0.29945879181985136	1.5333757472308664	0.3101748927087501	-1.2687266202388396	-0.31991644458305396	0.772334514677385	-0.6743732136118052	-0.07153119458704092	-0.7497658238474252	-0.8307240311283383	-0.7176035564614505	-0.18007820002670868
DTXSID3044621	0.2502999085517837	2.1159858716261706	-1.9864687242644379	-1.070452194434466	3.2666064702482362	0.050755830254258824	-2.9175384875053108	2.7959693534651135	-1.3365723253545276	1.2533149721766328	-0.6685197834771515	0.7077634487638809	-2.770387173559491	1.3087228052657696	-3.4360333221006853	-0.4421340140491164	-1.4538528341018866	0.005326031993124609	-0.09224274961830385	-0.8130348261056463	-0.6378620631333672	-0.07065710817480718	0.4388978029473533	0.20018802581354186	-1.2260486191846833	-0.35494317230607825	0.727103091057237	-0.16461925943097136	0.4005593908357545	0.41909568206292086	-2.149015065952866	0.4973458216282181	0.51900587538393	-0.5025749010019095	1.7415344766796805	0.07386634670647922	-1.5955561723076657	-0.4942576834903032	0.4178718369295447	-0.8011524462805915	1.0251742004160598	0.13063350875337887	0.31849961617936684	0.1611531020283875	0.48985874718629485	0.026932009839268384	0.2758630628355879	1.8317480705166433	0.6439063979900975	0.6374630609216099	0.07036893853791645	1.410094191270262	2.7018578288006365	-0.5177502711067862	0.2880234771209879	-1.426137674180778	2.852526941100704	-1.5444701792000373	0.16238497446135158	-1.389423023813647	-0.730248004319619	0.7671837042806512	-0.577269338647315	-0.12018415795459297	-1.0444861443922069	1.3792198045829906	0.7296419682890048	-0.860492739180611	-1.3203233176912295	1.0210564613069502	1.1156458625057484	-1.2127162854892493	-1.4990284982049669	1.4603194263806378	1.760291776043515	2.479666091614728	0.04292176360847721	-0.5662280448351991	0.07379369427312954	-0.6002462006553329	1.961509511717838	1.3871212872846115	-2.369126890702631	-0.503344849489006	-1.2658513494267136	-0.3979883666670246	-0.5771325569983737	-1.1124204121232202	-2.7713351111062856	-1.005678187741418	1.4641823074208653	0.07134319903122648	-2.661961619739514	3.5880458090171206	-2.493278404103127	1.5002687956700982	-1.066528710041543	1.2557338925779176	-2.364858722956505	0.05647448335985881
DTXSID4022020	-1.992822933667028	0.48178291730136386	-3.005745608927397	-1.01485641206824	-2.983182531680653	-2.7162973927919687	1.417546677983517	2.0869983433925374	0.4329566738200771	-3.661392192703649	-0.939708050169545	0.16908327845236892	0.03492357425483161	-0.55027991456319	3.1976946992883994	-1.0752505468450362	-0.13645577340408221	5.7582533402135505	2.637937776090643	0.1576193613932022	-6.701537858110568	-7.194817156062778	5.591671733348254	4.647391843714024	4.71078143497433	-1.4919183383934012	0.0461858923970375	0.08851715483052866	0.898111634909555	0.19973491507947355	0.3411665482027521	-0.2823077567553384	-0.14848407500963687	-0.5692837760089579	0.48661487923383767	-0.45836999195086586	-0.6666285522740393	0.26135513952219597	-0.23538549776946746	0.25728574527708176	0.7340498991667287	0.2670990533572761	-0.26008648720139493	0.8630740817579359	0.07415327562556127	-0.39384214989305183	0.017220973937462334	0.39417473756892096	0.28269738578443987	0.17637190999161623	0.13784551409173607	0.8868802263948323	0.10237286548069302	-0.017604504694218485	0.6230765825431941	0.04471243799757975	0.36703476873449814	0.1737971501701942	-0.5446192775040407	-0.345886070461152	0.033460372744814726	-0.5091454530921117	-0.6546162866915757	0.004606817692147279	1.0574423286856407	-0.3978819736080674	-0.07370949690483694	-0.20275798630537767	0.1007638532341302	0.24702940796294565	-0.3815056792936864	-0.11790999592086511	-0.29203843675755164	0.026996202650097684	-0.0627451058653616	-0.0993669644695619	0.42580045186961196	-0.08395118856346986	0.32092470926211286	0.5409069855586403	-0.6139656633228342	-0.2719753507416814	0.24108010245001435	0.21745191814633053	-0.6330035770219503	0.575245387450412	0.7008989230723452	0.7950571488162737	-0.3540877289644914	-0.736004262601677	0.28266667581364674	-0.014962454074859992	-0.5882534850567055	0.14093652574239268	0.26589341662976884	-0.12513147528897217	0.012285194781722743	0.2725059738352264	-0.1656981237403246	-0.10670664342371353
DTXSID8020206	-9.14855723024325	3.5555283050802298	-3.113028139529071	-0.357402788123679	0.21584187684180325	-0.4725511249786219	0.22093228581987753	-0.8716919351588435	-0.5966013711264808	0.5190110195983074	-0.6041851442350595	0.8746167789531933	0.3354375064209122	0.6273261051392206	0.5026455935160774	-0.7622238476319544	-0.038057116184273584	-0.5617317181754571	1.0590575819566168	-0.1439445868201592	-0.24481483151369787	0.044663863207615666	-0.9416772549183285	0.3688871756782939	0.4957232039649227	0.562921051682773	-0.37165600765406465	-0.6846832585232112	-0.5475813520652016	-0.16206014843908617	1.0299804923310656	0.3520653867610115	-0.08371547846192108	0.17634750225271614	-0.20734965737167876	0.15587885099636054	0.7150653069347188	0.5373422861488795	-0.07506209838565649	-0.16359976426032422	-0.2430757962294289	0.14498820103202004	-0.14666720281582396	0.0024779547457921525	0.14128595875873393	-0.17608811973339422	0.3199223202256643	0.08542816555261852	-0.41135439443704075	-0.5988900941667864	0.09916987546588793	-0.5905207909508972	-0.3005380322917571	-0.05380435785586218	-0.6921874900687531	0.2787356583408502	-0.48815239394646454	-1.0165231678896403	0.051172302374438816	-0.008999803363872403	0.21595055376193703	0.30388078930271334	-0.16618843853272844	-0.04879166423070164	0.14516042565526954	-0.5785513437493718	-0.5722620325229144	0.27176940310920883	0.36113585086352745	0.279984507714179	0.13621845239364083	-0.6430257281636166	0.6471388461989896	0.15628543320817612	0.07229429402964042	0.35616493454780046	-0.032420056371277775	0.23796020793405948	-0.5080312462103695	-0.03977094819523604	0.2761631034200687	-0.2767393003608432	0.3441913968042612	0.17299905567450058	-0.2054989361044061	-0.24556093176178095	0.09080381638203905	0.09517863908229333	-0.3889800239254601	-0.06655969705711544	0.3657690765908368	0.5680508107633175	-0.2795005139631913	0.12480527600862953	-0.10082024634068702	0.17557459928432648	-0.15401610796852516	0.07176953038462175	-0.23050991868081974	0.19941632578418655
DTXSID7049396	-2.163052283225227	4.262619151456923	-2.1712686677901325	1.731219544377447	0.5035514558501718	0.9191992718646712	-0.4009706823507509	-2.4888710413106607	0.44789866931398353	-0.03405807147345143	-0.2814202486764891	1.6076140442373923	2.90927753156973	0.629358666048838	-2.073993689004375	0.8302657488939236	-0.23468065128647758	2.722304109521767	-3.4249117432764167	-0.8498167219623599	-1.4945937828258398	-1.9863243210823995	-1.7135032488343274	-0.6471469630218397	-0.16536386172804723	-0.017667309674537342	1.8767552567263939	0.5832539612921718	0.7695846735269892	-1.5048169323453253	0.47078042676848136	0.6935905378188977	-1.173698672253023	1.1194137770639492	1.074223796692058	0.5116468571616898	0.6311378105326619	0.1024466317916674	-1.7093969328367395	2.7053442368809795	0.8042927206008574	1.2986704117751582	-0.09127714339083973	-0.6697593283441126	0.027666135272463997	-0.6464422989007504	0.2297587507332294	-0.4249521090865002	-2.728158390995023	-2.234538044621564	-1.1710256295493922	1.1429419517602795	-0.016596496397477976	-0.6211473367206329	-0.8740992947431822	-1.543558590567729	1.2272276851163273	-1.4720241972504076	-3.351096768144862	-0.1353129942286716	-0.991924515894372	0.7156515601484028	1.652265257550221	-0.2287484959980833	0.11270299331749431	0.29543663891561744	-0.33781017269856217	1.0175022277943033	0.4732595652995535	-0.9631755839282763	-0.09137655227682809	0.011508045985706244	0.3296977160337892	-0.21809117001083778	1.4089378800932437	-0.015348131491869093	0.05217738188827235	0.25551177049251844	0.35061247051398675	-0.5321483416023021	-0.36605439760745295	0.4600432498506048	0.1871245819937787	-0.16372928572315604	0.7712696252187671	-0.5273686755313278	-0.49181463704426404	0.2553843057506602	0.664793139740842	-0.45541689419945536	-0.08186531511858762	-0.6495410465823633	-0.16025521304421853	-1.2384173941783199	-0.10772001731563739	0.1689241932557496	0.3901882052077111	0.3407177671227845	0.11557495370562754	-0.24604636378167666
DTXSID8041452	-4.869190314460733	2.033565122899451	1.8525825050098363	0.33667565066205385	0.25123319814571776	-0.7214285436909782	1.2043638933681458	-1.3712256214947114	-0.04537568701126863	-0.717174468635597	1.2477414845088934	0.06571681891896228	-0.42584820134808843	-0.33455072873875696	0.6861811945311537	0.0858432608480075	-0.27957608194408184	0.7346196698612969	0.5318899610860374	-0.7071045529107686	-0.374899432321767	0.09076547115562866	-0.7414862599238953	0.7419436445928772	-1.053828734718092	0.29081901957291134	-0.24110327168078416	-0.5271172364829623	-0.7948446462986978	0.6177742339698994	-0.2720220957197226	0.01758612547381435	-0.7213105634089532	-0.592352875069243	0.05681229662785581	0.16289116972959233	0.41990654076880074	0.8642535840051145	-0.1428095558153265	-0.14456026211915243	-0.037619907613917904	-0.24209270651536371	-0.03953455585678274	-0.1846118173181473	0.10531132852176556	-0.2467924331212664	0.10686948304064912	0.7018049308882907	0.12545418199560626	-0.27969548249261383	-0.45607957425462287	-0.6490510357937629	0.36746944511303103	-0.16758186812288903	0.003511278526907576	0.7506301596818341	0.23919468607202846	-0.5435707185298193	0.33759736460319417	-0.2968379880296126	-0.42543435237907	-0.11793041369568089	0.7160310074760704	0.18983159361862004	0.28664193293833823	-0.07596452350923978	-0.8849829498805045	0.08255872324076403	-0.07889192981950381	0.48712844308431535	0.3575886414321444	-0.8867613136428131	-0.18841863086686175	0.5556936455087061	0.09770644503628044	-0.1506656953013065	-0.3294389063734825	0.10742144104299035	0.2601359344551022	0.7270532271955807	0.1181023476788991	-0.20358054850239285	0.26197197813463496	-0.583442436135854	0.07487887508686827	-0.058492790533200834	0.24005991112844796	0.22011207690326562	-0.02970183874904097	-0.2198928987271568	0.2623130467304018	0.03801700211202248	0.1794217132949421	0.11938751344768836	-0.020680215588014132	-0.22454160601311912	0.07253355527774717	-0.07034029031599727	0.06139992835005619	-0.1842153290782313
DTXSID4021975	-5.338651616092418	-1.5526345904231231	3.7422133095143706	-0.9918815512464733	-0.017633603675362847	2.8555242811295987	-0.7436221375806732	0.38485069215081413	-0.3944190796662038	0.013328553286946447	-0.058410427524170944	0.7994694805223295	1.9250010554786594	-1.3915422193790687	-0.37491574708437025	0.6400224759970649	-0.5267778157389481	1.3243811130046919	-0.1456872001392673	-0.43907353174011365	0.2763962558558382	-0.9848402714629783	-0.333833578636739	-0.5466318891800296	-0.8457721043298443	0.8713456547712837	-1.382435177907101	0.6405031457331493	-0.9870173650997638	0.10489584492598923	-0.819901552764413	0.2481045784436271	-2.6709616971734276	0.32045389428414295	-0.4758348521566886	0.46645184631017267	0.4567339502835039	2.1219323276126447	-0.6171558227377261	-0.1380678326840874	0.8403103333647844	1.6515111095327863	-0.7023432738669495	-1.2791892210760845	0.3191305714734684	0.42175863257872276	-0.024097901783390916	0.9546566140895245	0.03218639235141886	1.0940428491114975	-0.5623881193556598	-0.47238680048698023	-0.6517479968953029	0.743025464777496	1.1405896215977713	0.19947055889577117	0.13680405127240677	-0.16757861387229497	0.19672715953988418	0.2670519547082343	-0.3618568935162044	-1.049945854685984	1.663655847257278	-0.10122450245201135	1.3456681017949046	-0.503250581356728	0.07018955034939552	-0.4741987544836104	0.12814528877725823	0.8507594963072898	0.9895622170995247	0.7892884279527138	0.23921746078510195	1.1121948607272523	-0.0027939551128349717	0.30838970982715747	0.529194872275342	-0.017429096000939365	0.4467194771855266	0.9754774552040659	-0.13366278697829204	0.7844379908170243	0.13331379581071923	-0.5691572867406651	0.1374919801401034	0.02790139906971685	-0.3325726149069842	0.3474008800318125	0.8561444912284517	-0.09915697783065602	-0.11380709032484655	0.139118390463467	-0.18404451811739658	-0.11671829252460014	-0.016989471210331827	0.1934175519407415	0.24067127750489328	-0.37158927693781746	0.08460134255700268	0.5375847097492554
DTXSID5041809	-3.967917616918282	3.1436986332162347	-3.03622180780477	1.2512224044321703	-0.08736554673949724	-0.7313612447227836	-0.9580620435238933	0.35484729047401004	-0.27859901522560787	-1.6120263900320297	-0.7023680710974041	1.0620507139287778	-0.9629722132785951	-1.3790160435651693	0.0707553467745084	-0.38627296450960447	-1.401740103147884	-0.4323531074638786	0.9302558550752381	0.8518106621024396	-0.4106152645115239	0.08460247056157422	-0.24944773632810302	-0.9171022696252742	-0.049409586403430635	0.4866627538773154	-0.20498234728255244	0.6076090650896844	-0.5991614460152506	-0.5778835172723411	-0.4709371666555929	0.5626608039775047	0.03423877887181143	0.5430057233795105	0.36685378926648066	-0.34167337652086016	0.8422399248216119	1.1330576396190255	0.2146658912667168	0.31417993241810066	0.03458243748955035	-0.16370802057167486	-0.18408076444968471	-0.8784472396512134	0.08843439450803979	-0.5157575128639543	-0.6526945962806705	-0.03024213160841464	0.28708113389872875	0.09460929667106063	-1.0172108834397076	-0.8373782820116995	-0.056360414666109936	-0.01147756626210667	-0.1324368588516362	-0.08976819137864102	0.2130389368570761	-0.43039466602295706	-1.1595953341832368	-0.47431914567077316	-0.27323188267631465	0.10307346805363116	-0.6804688063984922	-0.08365362460944405	-0.20437465454606546	-0.5135169247752223	0.5612106780568342	0.4562964999923021	0.5835643289231102	1.157325697353157	0.20265171180646602	-0.015304184557616228	-0.6965222967291111	0.3609830527230205	-0.4871053593841101	0.8442681818934344	-0.21202478220405993	-1.155596802136349	-0.004674469420291394	0.7743860613280013	2.1123671744054415	-0.7177243301849792	-0.23920580235965366	-0.2579685032401032	0.9717935534319552	-0.3973189788189193	-0.5948869910162673	0.4871330421688977	-0.3692742343940257	0.5708563051207733	0.1372371369554441	-0.12481207411679253	0.15080890029420427	0.25706655299591974	0.4705631459349841	-0.5687302075122477	-1.2302210925218307	0.7128247109673198	-0.7665672191523542	0.6419472138901706
DTXSID9045685	-0.7105009120365116	-0.5382915400567388	-0.6849022383661162	2.77457963289301	-0.583630308146642	-0.16728417922022065	1.2308708009175786	-2.0088731847038974	0.020488228151339077	-3.3039356272761653	-0.20240119748481553	-2.0613243720044725	2.286321732197615	4.759359694209347	-1.8732111842142207	-0.6109566692098268	-1.6600567724895372	0.15717995435577098	1.9105770871530932	1.375429939543197	0.3018917325270327	-0.17838825074821277	1.0862357857835025	-1.4234497391208623	-0.42927449496834363	-0.20809702578937037	0.5421528095012996	1.1052972543880815	-0.617786199500335	0.5686478884909429	0.5901663552705361	-0.4500172491679158	-1.7477959511123657	0.6003728606167749	-0.42148740695713377	0.7402339553470443	0.7623655267591921	1.3850316534933556	0.3072427237077714	0.7753974263470987	-0.03294240469938757	1.206570376393633	-0.9055767458708845	-0.4281697797284121	-0.00373158118415643	-0.2015861489891866	0.5174130859635709	-0.8337696656519744	0.1458196803779332	-1.0036190025066003	-1.0907620339237463	0.7771057566506493	-0.23293644715987702	0.06776556511990073	-0.5934626059653582	0.7357793393259423	-0.500812103714546	0.6658212684165626	-0.19808495534062526	-0.4326818775403334	0.6802218659673543	-0.06800547156258742	-0.1418321819176915	1.2937051123878032	-1.0434331205927747	0.8873841005745686	0.20028444598358114	-0.5452167351385382	1.416195148946874	-1.2547266592878887	1.1540454519534702	-0.6745949271610409	-0.04695495940061951	-0.014288547889598964	-1.0497356441336771	-0.5570357168152646	0.7826770998621637	-0.24211338052141052	0.09042999013117525	-0.5264242646377191	-0.6849746742818786	0.5003903152524357	0.741651082143838	-2.0112629145883396	-0.2046738264999735	-0.22799023173668861	0.8221571038941171	0.5874531768248543	0.4696639009884124	-0.32741920432363714	-0.7539836122306072	-0.06840468403796784	0.8001104810687713	0.5600370003646475	0.38287610162625196	1.078202414936615	0.08866060399814776	0.24057738991290528	-0.7404121254345012	0.052371968735339676
DTXSID3034903	-10.548101951976811	1.396652330757083	-4.148862899207884	4.024214096120955	1.8100001899366174	0.09800153039161241	-2.6123517752719034	0.4584438511880931	-1.1019872415871157	0.8214440803478629	1.1029489629575142	0.7842740142033079	3.078869310992365	-1.9334430398460682	0.6214492063632893	1.5617585991519305	-1.001051311873745	-1.9118432490231139	1.3843206297581476	2.2525613310249266	-1.5085878841900302	0.3409058304360353	-0.1579333575671998	-0.5209521079393736	1.1236503116272392	-1.2562678651954007	2.565776141034803	-0.19120243398075168	1.272138292600453	-2.2055956664452037	1.606654635330104	0.9437545765203693	-1.8848223613179422	-0.2925089492177273	1.1702684585720082	1.6001572123803758	-0.10855326921485102	-0.07673496291832559	-0.2993319192172759	-1.6649103612384792	0.9792313972361496	1.2932441561424526	0.16816873229859733	0.8346730420607575	1.1319393674494642	-0.4921693537539662	1.17818789569384	0.43352469260254056	0.133384929692389	0.49789522173713907	-0.4275001624789417	0.2090733034501651	-0.41250850843191683	0.3223759861077393	0.1013045327654117	0.8495203184097657	1.054057894587017	-0.9230935026966226	-2.5217419617715247	-0.5101692256170112	0.8940139118392948	-0.45405839232913275	-1.3045278595190748	-0.5799181924613453	1.6348698652220446	-1.1446238966169098	-0.3389825700051904	-0.4321736965780667	-0.8598970654064545	1.605576592689807	-0.15288919758698336	-0.06977605308771416	0.10571635992074471	-0.4311694364600798	-1.2127900418254145	-0.4262781086927762	3.073190770727934	-2.4490194421076983	-0.4735316018702478	0.9866126945322282	-1.5878404250659837	-1.4790717789597732	-0.49148974598686457	-1.63542479117091	0.7690801280237192	-0.5072342996464813	-1.4415924061191105	-0.2794632409382771	-0.2717337719001083	0.010799355924138864	0.35582379180233475	-0.2591999783528203	0.2121423167603275	0.7750596090276741	0.5024020297072053	0.6983298603580935	1.4293214064865827	0.4085335993033455	0.9842092496857918	0.28980197269038965
DTXSID0045464	10.43915736135521	-3.346194110915279	1.2676626779292413	-5.9725097136262475	1.8239324304469877	-0.7402387477519359	-3.8842724619950246	-1.1568746541399015	-1.66838106371312	1.3126389945812182	-3.012986186342049	1.8500320067780183	-1.7301527067186866	-0.4228028141192337	0.7126231323494351	-1.575061929486287	0.9896217138640987	-0.75773196122559	-0.9261728371482115	-0.5290483635274412	0.16636491957811433	0.35461091492755664	-1.1581449121515766	2.2080871610128483	0.080059971520749	2.378832079876882	0.021801340616699635	0.8537999862442962	-1.0133518197554752	0.6590083851428779	1.1734576244714607	-1.4259280955871874	2.2055686079785657	0.35555647599127527	0.1437718160726822	0.4766669096060585	1.556121134668717	-0.17869906422888646	0.2833295566254963	-0.1482850765541807	-0.978542291112444	-1.461370172633976	-0.06414599028002631	-1.1568138483096728	-0.020396185400588338	0.9846034857501155	0.19069532221203414	-0.007886744945621017	1.0853321443225834	-1.1262942451679507	-1.1362006319571905	-1.026707686617192	1.0523518339233642	-1.1047735738834505	-1.1098894482204205	0.9604017518478568	-0.15436929159513363	-0.810249162494235	2.403241774371662	-0.22575077622197298	0.6812617907636891	-0.39643407198954794	0.3697057627134708	-0.7078390074035699	1.0465906298904386	0.3209915299913873	-1.2769758100409092	0.26012112460048215	-0.14007877302494864	1.369914168326806	-1.9430614040741954	-2.6137452354186252	0.3954584216102699	-0.44924837903625975	-0.37868241204095227	-0.17028408191097247	1.3780457836895275	0.28577330702885495	-0.47634206944056573	0.4114624141874687	1.114319852775767	-0.17203594641987327	-0.7871553696792156	-1.5982630015107024	0.3111781353193811	-1.4522047740590154	0.03867193775774942	-0.9663706511275902	-1.095484420156315	-1.3630197431556594	0.9710854104567619	1.1872271339281608	1.4446169091947136	-0.575872745678918	-0.8088274941984287	-1.1893129990793339	1.117717296335567	0.316326547555644	-0.3629955276489186	0.16490779374870884
DTXSID7024821	-6.039290159927151	-0.7101140679275905	-1.2160196197643227	-0.8514921251136465	-1.94139274547659	-0.30287199952487054	-2.5096411902172964	-2.4726192762136128	-0.9566538180379835	0.18258258583500697	-1.9848297935646897	2.9018546749977747	-0.43890391689141206	-0.829288167575583	0.8154021787311119	-1.2525503091689207	-0.3310686279599574	-1.660700833927608	0.6982888708868217	1.331593848877221	-0.43302637100730645	0.0007767679292010841	-0.49033580573148844	0.05017959086394968	-0.6777114441242246	1.4645807927280958	0.7578519189762821	0.4187744916965099	-0.9200505382355385	-0.3132844877605989	0.4329361728855656	0.2800427705733956	-0.040991714703834364	0.8564457522748352	-0.10260443021579127	0.1809251283056788	0.7254634716127016	0.6202319359223456	0.07491225846029224	0.7527755816936794	-0.3221001243847193	0.9082897342390848	-0.43928875946846174	-0.4003117214541584	0.5933915659604413	0.3034020864083239	-0.4263171809802797	0.2338848903031342	0.23076928753773546	-0.25105629931636336	-1.2684416400733871	-0.5526725706809593	0.6296792809511285	-0.051409932273355864	0.4907072482286785	0.14273599332054998	0.07377936960710224	0.9312106824402956	-0.6209333416764184	-0.012752835187611567	0.45085715969096957	0.3262707705206073	0.5879041906907042	-0.0844573116061881	0.4223726908456182	0.5087025892957692	0.05355859318636307	0.08747888742278519	-0.22094376833359314	0.3838580984656409	-0.5770213271661848	-0.4278950033900381	0.6962997233162201	-0.20220718901966994	-0.709006107291663	0.4230674391769276	0.3306217356153391	-0.2554074210522135	-0.046587790474643155	-0.1919677130034075	0.22143832488977444	0.07376264502772284	-0.07828608132506372	-0.6132132979065564	0.6391559670089707	-0.08872066393979494	0.4689939101663076	-0.6797189613947784	-0.15825188556490508	-0.22452858297445713	0.19523879951870202	-0.04431637801528632	0.03725173183765462	-0.032258620674265805	-0.3952367540340891	0.15468491086778302	0.7076769723952713	0.18307196343065743	0.006563376635870118	0.23816849374727964
DTXSID3047637	-4.053308050468614	3.1303727903241736	-3.040313215777044	-0.12440828723296249	2.9147516065115027	0.9241388330192186	1.2456546641312183	-2.2659882275768117	1.4270754372622658	-0.6644232876009367	0.523673583522569	1.3752903902176543	0.6145033465064303	0.6068658910845312	0.5608317749565188	0.016717357230834756	1.285915644168739	0.4186871857180091	0.934768540043322	0.7884933502926009	0.22413833014694068	1.0186989159712385	0.03747606148132104	-0.6060837387152344	1.5509049811056932	0.20054802721638662	-0.872761018443767	0.45776365382411427	-0.6741485803855076	-0.20070421662792493	0.16371567726307598	0.4405888647710628	0.8025885731103483	-0.7640009146591299	-0.1347571486234725	-0.27061019707826917	-0.36453034272301066	-0.26761187204741843	0.10001444657689115	-0.01331636360562668	0.04672050880494078	-0.8629689958489651	-0.45792179200008143	0.908904430939576	-0.07824895906723066	-0.9912529265685616	0.13808876622338812	-0.5008674162024914	-0.2017884313526249	0.2703138920212633	0.11099211111427915	-0.10946536080023707	-0.5255521452648286	0.16619348846781756	0.4584054719954621	-0.7091436110399759	-0.42320676603255397	0.3241198388982664	0.0947564104907998	0.6097955474782503	0.25005412959152573	0.13950623544438767	0.6591987599609079	0.47042462424863396	-0.38763980497076433	-0.7905560132248366	-0.8601121065617259	0.023313357404474624	-0.33673810091264106	0.04459968949700071	-0.09501573978095153	0.20302865457379451	0.5008308459854707	0.32233380789969984	-0.37265189621145345	-0.20208742002618602	-0.22248481280919913	0.40210060385724067	-0.3620711182641588	0.016446594701063154	0.4333088846318899	0.4075221066548508	-0.1861372440097929	-0.05893086327381443	0.48106630678260504	0.042810340895091434	0.08928567002939043	-0.017935710707362065	0.3350249569951874	-0.21060069659544423	0.4335573326363409	0.269115114555162	-0.4759478542503618	0.08105749650215541	-0.1489867769268063	0.0974901532405873	-0.04371535821441903	-0.002408146871169697	0.02019828687855114	0.022137263386768972
DTXSID8046402	-4.59029880018415	-0.12512660432625336	-2.6879334314262575	3.356641693738361	-2.5812518480413003	-1.356982926519701	1.3850093682926738	0.41373448693234544	3.539866214169653	-1.8237536554656717	-1.6775276936480492	-1.681891568854854	0.39622026206485056	-1.4744640503667252	0.5868716115600605	-2.1999545290856513	-0.8024987996794394	2.745664682958956	0.08080224991015587	-1.8158284228549426	1.3546883965114733	5.315446077714442	2.0072733538561938	-1.1850994225863725	2.537965963366657	0.2726464588038523	-0.2162190930424087	-0.7252215197859874	-0.3296718804471941	-1.6134288480057295	2.856492302301952	2.395311187948127	-0.8423616734083214	1.1305930462940013	-2.939542182091966	1.7068243786064445	-0.7130258369615674	-2.416856288211613	2.468200515934621	0.8371306279536532	-1.9101831450071134	1.3903754922847544	1.4344428417817778	1.0322172291335658	-1.7402368869858333	0.27306252545134435	0.7315164962312942	4.768456072913697	0.5166970458836032	-0.28031195422766036	-2.792209291240878	-2.0790698623238444	2.035045912242584	-0.318749458581004	0.8511034799057595	-0.1667725660118976	-0.7434549062188022	-1.8853966451428092	0.13993654933997438	-1.1303241090923062	-0.5803284804146763	-2.736092366904875	-1.357757678489791	-0.4731090552795048	1.2569348646362355	0.24765308872373093	-2.5274673490907396	0.4064238828788171	-1.1329477480628867	-2.1943992789453803	0.4364426931570656	3.4463101841922956	3.798154234049078	-2.443063496192956	2.8634095353215634	2.091916372322317	-1.7482756568138325	-2.5450140047070033	-1.3015009697540656	-0.7830712385834093	-0.21121726672297478	-0.7338120665855663	-0.3778210285356451	-1.76676784311421	0.09497553074025197	2.5256148332875874	0.9033185450906283	1.6518413126468634	0.26178822355910064	0.323448717071684	0.15941258279253218	-0.026373260182482636	0.3268838788460554	0.9513232143727894	-0.3066760325222707	0.01357012004131981	0.1371878555653798	-0.008669872671675424	0.257553758800788	-1.614308919543648
DTXSID5023110	13.715929110248382	-5.731608911141666	8.944818870762369	10.98635346989097	4.840107317938635	-4.989398819341814	1.3231172169074465	-4.383104382380726	-3.361356823316923	-0.12481336743838928	2.617514478421333	-1.974236868483413	-5.889998334376482	-1.881297903163096	0.059682247143628686	0.944877632478627	0.264294999465514	2.6738125012337615	-3.613762892107666	-0.6502029936336909	-0.7882480906734428	-1.7503216243522146	-3.8078352319120623	-0.4398376251448858	3.7672980735897688	2.292302464020037	3.134310699071948	3.4445076349145087	-0.7578096995244294	3.96072810345444	1.9997353270879594	3.8151321617559377	5.790648528676328	-4.973989286540081	-0.38084998799272174	-3.0262809917754225	-1.3503410468997585	-8.855821010633608	-7.7172241425416015	-4.070918915677176	-6.234414882062405	5.909699808385431	6.656316001339732	-7.015786369512892	-4.970614649107266	8.285517742775205	-5.171329623719405	-2.4444036241876677	5.084577585970555	3.110284974842583	0.2188877518853748	7.172159326398024	1.8241929516156212	3.9419604057345428	-3.3737143690442575	1.5504891384888737	2.170100690241218	-4.837805008939915	4.179009318576762	-4.601346264836778	-5.314065640749624	0.022809857002990208	-1.478023730026095	2.089300443525015	-1.6205628803082897	2.4535756413467382	0.20286097915715443	1.372751706993355	-2.7376822359650763	-0.7234935195429631	-2.5982776101889433	-0.33823181827959264	-1.3554106063369529	-0.01810431453600356	-1.097233077841659	-2.885398548605648	0.8920092635189579	0.3535489757356227	0.2544826487093554	0.18007737051283101	0.36392163759611523	0.2725456835708675	0.5183149025884036	0.5111555584561611	-1.2542860951192583	-1.034212657811151	-0.12583524536684626	-0.7390988477538338	0.2730445638426597	1.448031678015343	0.6160649560075908	0.03568950119877656	0.44687366403563744	-1.277321052093084	3.0567979896014994	-1.450916827054862	-1.1435532563530013	-1.2612527940525233	0.0957775032542199	0.38451373768757463
DTXSID1041346	-2.2347854519252888	-1.4285215223930543	-2.449987656372037	-0.6915051255481776	-0.8009488546980282	-0.9026157697440857	-0.6177152871717634	-2.036637428893794	0.17502127641686036	1.5320218708287343	2.934290377915901	0.11230047313160874	0.46415000107713245	2.148364810179702	-0.5305944568612002	-0.40140573162151566	1.2005584804014093	0.5883857331554767	1.0816762082899436	0.21076370786387802	0.004074131673504349	1.3065240171103618	0.5991862422497181	0.1832111528610558	0.13758118765242328	0.5856885166515681	0.29216033962452437	0.12526721403085977	-0.1294387309248838	0.6606331445760011	0.18921055945102638	-0.3559746775475141	0.8521694847147763	0.6461833828778132	-0.13605433019376179	-0.08941652849492597	-0.08525019867625101	-0.022884269024522085	0.8103812908620044	-0.5692196560620137	0.6703606696603528	-0.31741191276914354	-0.22076832847537264	-0.3822921391668415	0.5814047348080604	-0.09343703963864557	0.07927452132512111	-0.34309185522494684	0.4006860450964486	-0.5277917138272336	-0.31722500482531985	0.4450216848160498	0.18357259709472948	0.05821845720084441	0.05994091917116189	0.20885931935941987	0.13780269413117457	-0.07816993945519547	0.027560576577258838	0.1605395018286298	0.18062591029216768	0.5130863992451407	-0.3130799117383608	-0.38469688875449354	-0.2991597753001132	0.029104771936814187	0.16256448687482253	-0.35835091249604795	-0.0796228254871416	-0.2573372642275074	-0.881137812540561	-0.016352330914322488	-0.13471684846114187	0.08433728881346542	0.0968898748174342	0.1617719084015669	-0.2958974259872199	-0.1289319816916221	0.45468553313322	0.024566538016731306	-0.0024222653953484114	-0.22165599922338897	0.27303373035139666	0.2119783053584839	-0.961265833149611	0.2878003228148429	-0.47395295639358076	-0.00961134188765504	-0.850693013710679	0.1368179500165963	0.06823168291669528	-0.12648741798805638	-0.4268697346993603	0.2968566844479237	-0.1313889432840072	-0.29261043427719274	-0.10318202606266517	0.026887218337841447	-0.03366573247572747	0.2610987290522272
DTXSID7025051	-4.96620602991413	1.9707174700495436	-3.5925462657626146	0.1680791743533652	1.6718587941812273	-0.6551381122770048	-0.11148075424507847	-0.5694329584171851	0.6310078098200547	0.5718613293401897	0.7810159652046157	0.7988598318658141	-0.573024771204678	-0.3088189280527477	-1.2914766791598316	-0.9321635867313925	-1.0632920370924532	-0.49708098076944357	0.0033586018111927225	-0.2181061846476989	-0.5605568518327971	-0.1986010839386953	0.7615506322585335	-0.1960891675446738	-0.6838539287073132	0.00902918045120691	0.12288681315291224	0.5842840435035729	0.17502999378351292	0.31106043337286027	0.6292067851559591	-0.04678536694561562	-0.13633093671114066	1.0698960777212252	0.5279662922111928	0.11323875690652276	0.7146113819790447	0.5946725467216338	-0.6026380245830933	-0.09811286285400825	0.008065715779394677	0.19017067491116624	-0.04293100125962186	-0.6523320293921308	0.5268914486839589	0.03320187811568328	-0.5309572261897697	0.3278157609740834	0.1958146516859865	-0.7910228578150188	-0.26954402612643097	-0.4325223189133755	0.5709630962063357	-1.7409178503669187	-0.8863031370347297	0.2673506787558342	-0.30853554094920466	-0.07880643013399768	-0.4977833945782412	-0.34679561139428067	-0.30167827056722823	-0.5508221518667139	-0.4354833228184887	-0.03114762016299455	0.16116244982193495	0.042296731845559946	0.370684995025715	0.841151058288208	-0.173383460599337	0.9155083759889162	-0.6806977726544692	0.3948404660508508	-0.5910679548118061	0.48029209649050447	-0.1304109127409924	0.19113767326589398	0.2857241995663262	-0.23951503371932834	0.06110832334830412	0.08071252575031432	-0.06600156090033413	0.13531047786911196	0.2742556425996087	-0.307053149589737	-0.21097488940309417	0.16020939191936406	-0.4654085603312815	0.10291078644727611	-0.047263368653160526	0.1261996500890699	-0.11400666622534869	0.10670284568252218	-0.43799071881740026	-0.07882265637585892	-0.145038707216554	-0.16051992289480377	-0.946320616680137	-0.38717982210652313	-0.5979539871731957	0.021969132803436577
DTXSID4043937	43.35512510480474	-28.308177261241266	-164.34882235066226	-33.58127221009042	369.76090978125	6.233552471741012	-77.37696390940471	54.882764275258054	-67.70371757406261	-52.170439090173744	14.704985809300881	-11.820576498987528	46.323268531890946	-99.7853120833292	220.45216459876042	148.3861385432275	33.56321212919206	51.32631012181962	-7.529810025614199	100.40991082074352	-10.532580810224111	155.06588092514622	-139.35829807104892	72.87129202032692	68.27762320386226	-103.2192448822179	31.606721612146973	8.407697247514992	19.385519254388253	159.30545531041574	157.47119101491734	-141.66125714378012	5.192878131567725	57.44140087876895	-78.03273743672574	46.31794936816142	61.35285851386006	88.26842289452337	-112.13655166324658	-30.332139450874525	97.41406406769862	50.07626309085808	-111.78988896127386	59.573918834403244	-30.98587289224521	11.830622680910706	20.324983095806267	2.937091687370247	-91.52623872211372	113.41849901203973	-94.42899016799463	-21.00459007657442	114.01686066586116	16.908628495049708	-92.24901709519503	-136.76559746865604	133.1820519487038	20.206798781053084	125.27792559345508	-23.58816958812041	133.89519516394955	37.97689877406752	15.31554519047858	42.12904738931938	7.734955035708692	63.38938246221202	22.366865926637413	23.05806804522989	92.0959738547697	-51.68989107684282	21.992320868888918	38.61302489822629	7.510225109721484	-7.701162320614242	43.118507224775	19.20720517827302	-125.21930166184346	165.3804101316492	20.794059552371138	-90.99578361234602	28.485059024115518	126.1391173158921	77.17241734053825	156.9200750201283	-55.17246193960591	162.25731452920348	101.80441186002648	-40.62615405501433	-20.021047449498667	-63.96074123415484	-19.88088952078006	18.610002284073175	-9.623911595213407	49.59235197331194	86.5336294742772	20.569325735305142	52.517233325521254	-111.94081386049093	22.43559895606769	178.82764677432957
DTXSID3021930	-7.774889456621345	3.854957307470577	-2.0123888623771684	0.7019601185016006	2.273997041852428	0.7018293933863505	0.35785844917773496	0.42562743954345994	-0.01828523036949052	-0.5656600191982379	-0.9609676812028384	1.5733705207165847	-0.3092635716829227	0.37845509426301444	-0.10207472481999132	0.629166969831998	-0.010611008938301162	0.2116545417346417	1.0195352043111807	0.07446266033324295	-0.2328297125795349	0.568231372276673	-0.3037172286255978	-0.12838880392598792	0.3346029741391656	-0.35666652425519335	-0.3309619701959042	-0.1508920865032506	-0.4856356176337026	0.13478676674984924	-0.037628083412956356	-0.2937181478944418	0.3355642862111113	-0.39288748662043654	0.07404262346675061	0.3620066081045838	0.12295697468161743	0.2178503452512427	-0.020046531902542426	0.13478859538113122	0.044939312646996674	-0.20285036282709595	-0.2857287778168457	0.42557947398160895	-0.11214339058116078	-0.7131056371638427	0.014027970594241853	0.3592022193595005	0.04316024251226334	-0.28999542797849737	-0.08305277627737241	-0.22422103041256938	0.34932707376059824	0.11359699562723963	-0.031420182976671714	0.04420050580185911	-0.185601140793054	-0.5519248111586844	-0.32358323496407276	-0.07627649608605369	-0.17543235843982638	0.3681456675660522	-0.21867135352310405	-0.06184209228874715	-0.14996482614180282	-0.37830375642282493	-0.013569120257864485	0.5149683798677619	-0.25322430234804866	-0.1222782725306689	-0.0340517675466291	-0.3175512943828765	-0.24005907141923136	0.0991447309925933	0.08422541395913143	0.23789848363999447	-0.3165344707940279	-0.13977124679918695	-0.29622585829602077	0.13128289588991582	0.002815994255506577	-0.18243559765664344	0.2350134243174257	0.2390243592794863	-0.10982215891148055	-0.15516520941916057	-0.21206556989893727	0.6421558151191082	-0.3279265067849136	-0.24160027229593112	0.1790267762852036	0.09849088674038911	-0.4648656669789003	-0.08832594603790589	-0.779576975619388	0.1529184093712262	-0.32027985305800805	0.05580023088584674	-0.8048600321455835	0.16204038703418044
DTXSID0057677	10.951821862755418	8.966351333573881	0.5002047927484036	-2.1477672921170807	-0.660519430540389	0.6885090490277481	-1.6063052365869745	-1.0901516345352575	2.098643149243113	0.06030673109345515	3.418068246823061	-0.26465511337766895	-1.2745768552025831	1.8985633808525704	1.4419909592796658	0.421846140811657	0.16831279548682254	1.2268461801092052	-0.6101028380619702	2.994902437440114	0.08597604595094988	-0.22115746158172492	-1.0541034855255467	-0.22092185837621395	0.25686036916662597	-3.0629863261179704	-0.6804381924142672	-0.3852287609232906	-1.2099293957285808	-1.3744235522454546	-0.6024780311349416	0.3835412451694221	-1.4183534638410853	-0.08681892611202917	-0.21270122479782044	-0.19280892933428836	1.1879709207386073	-0.42509009365599315	2.1339164837676323	0.9705697552598203	-0.9188206660853628	-1.5889631312840071	-0.5811415448760625	-0.4271865908611729	-0.10293790797929776	-2.165533723140062	-2.184208299773499	0.7591444961200726	0.1245063809663086	1.4083183752882238	0.4094540425299563	1.6441151490942123	-0.09160135301662245	0.34995028033467035	-0.43643811512767716	2.1927115351149467	-0.1072886643669777	0.5361636071780008	0.4789928662626551	-1.0346597598854816	-0.7538695087373032	-1.602519085839647	-1.2654058786958637	0.587493643890685	1.6980832648990838	0.015275721687190758	0.5644399702658438	-0.12296923998105	-1.1778407156314457	2.6011121732552054	-0.47092080948404613	-1.236436724635587	0.783384822279602	-1.3064433233590096	-1.6367800648928572	-0.3627653748249397	0.23697626855997694	0.9458526156031044	0.8164158644288516	-0.5103273406024521	1.5736422877449074	0.4413800676370861	0.17261662878860803	-0.9696254352368762	0.2844710646718609	0.76700987831882	0.9387786955662789	0.26797445168927114	-0.7946644654804461	0.12680423182498288	-0.0517275314391237	-0.39482418531854446	-0.25282662498561004	0.6456881992702416	0.23425256640738087	-0.5915332605877968	0.4319435050291544	0.3016520334548466	0.32164911379900224	-0.7362766795158188
DTXSID2040525	-0.8658987731851322	-1.1180776338149598	2.861488624986559	-1.1304478938363771	-3.77933555834149	-1.6630981852401359	1.427830445323231	1.4932423296155017	-0.252931954982029	-2.689199727994158	-2.492420156811614	0.37127953714185186	3.1359322054080367	-0.9302437245851468	2.9239954202702476	-0.7234684121816929	0.6174828908882405	4.463472149262245	1.5892513960368186	0.2755207299650698	-6.3865099602379605	-6.865028569503179	6.117550063924589	2.3457735161202478	7.706810485788846	-1.0700683492802965	-0.060609403036007925	1.5815116581884157	-0.6458986082145046	-0.01666144124654938	-0.5647780068885886	0.31677077338008025	0.5584264661096519	0.6771979458039874	-0.3731904429567773	-0.39704774296281614	0.017654227476717826	1.3664369909579972	-0.14773424103303132	0.8471713012673633	0.6226262978646134	0.7281953034693068	-0.28420544113774476	-1.6216000763260834	-0.690908595827171	-0.4605564961634975	-0.818163019484336	1.0957691761952395	0.017885268588693545	-0.4159923524736527	0.20360863929596426	0.26542043954353295	-0.5185146828806564	-0.3767346155506422	0.16774042516936163	-0.9452582535555952	1.3083401560768133	-0.7374129806952601	0.12764629206779127	-0.4285919963523572	1.3790599039756446	-1.0516188454155961	0.11853061921989876	-0.14917386630022603	-0.4986157878751175	0.46850625727000067	0.6604853312736647	0.05135850260243733	0.23801602625560447	-0.32071548432229513	0.7095529044004433	-0.6703958476548276	-0.7843461247021918	0.13486513182077245	0.19452151126734865	-0.20218996831228775	-0.48819548826832065	-0.40380004961873794	-1.1533156734762335	-0.08766671670091485	0.6012347824404985	0.32076510884557946	-1.0572522384785015	-0.24899861451290575	0.43004422632863176	0.39569084028130025	0.9894511212936681	-0.17802767684199097	0.4944950536868195	0.9008401836754528	-0.11744321346975375	0.7968431865481713	0.4372165050233134	-0.6347575031443307	-0.22423486410473578	-0.14702909165922012	-0.37774804179082655	-0.04513203330817423	-0.029704951014458678	0.03720002538537385
DTXSID5049283	3.139100022202813	-0.15383498777461524	-2.5443209598484193	-4.747619898479159	4.31672510878294	-1.0193110991213252	-1.6614844244025908	-1.9793986404213124	1.0679256786604865	-3.478117692253802	-4.268995081452131	3.301505993444456	-1.6379121475619005	-4.392038801410612	-0.5838211937061385	0.7547856679020871	-0.48105633302729744	0.9362587304097078	1.2849062669180231	4.079353807629732	0.13179760381897615	1.425778283491713	-2.4946825434863023	-0.9385021258665329	1.0111414743039222	0.5194865176973349	-1.4307003988118487	-0.1862901233857908	0.5362715358023873	1.224681561011244	-1.1381083499089626	1.2360066718588356	1.1181852259644223	3.240181090163742	1.8284673134739864	-1.6064978494022415	-4.704765500918876	5.650879692808705	-0.23301675062764243	-2.8615670114373213	-5.7083494898533385	4.273978677177099	5.254189363155611	9.017822335924212	-1.8847043671859307	-5.779829643663367	-0.6871177832031431	-2.979056190533162	1.9317277750642208	-2.3357908209667664	-2.690125295167968	2.121179943948207	-0.26230368409479654	-0.0825544802551308	-2.763431958578766	-0.7588630393445757	-1.0900210065125024	-0.501005102929076	0.43062300708080753	2.020960476121784	-0.21342726710317328	0.3902802995184931	0.19546080941777313	-2.2187108034920984	2.161001620195796	0.8675676139393237	-2.644261627906628	1.339075725530368	-0.33291444983208907	1.5957729009842814	-1.4931957706013153	0.9968377464078291	-2.8566671220005264	-1.660386912352997	-0.1811287824777193	0.6972048531926677	0.3443810063282727	-0.020640882677364688	0.629223963824385	-0.3530371472273871	0.12870971265910452	1.61609467103291	-0.7121942249626283	-1.185630013950037	-1.0280541110581185	1.4659860772002438	-0.6914290732463938	-0.48659591472438074	-0.0867203574968389	0.2907474208428794	-1.7237888606310177	0.17599917856440628	-0.6087036631252549	-1.3843356987470687	2.682317190492281	0.309089982876302	0.11861266868201584	-0.06477191478984154	-1.1631743004928612	-0.12466478083023665
DTXSID7052101	-1.1957202583932312	6.159508620708784	0.3220147085510557	-3.546914113422467	4.076226129493478	0.8425502014712849	0.08508109768132194	-0.8813716339353198	-0.22091579770446956	-0.3931780288330283	-0.8548794102912547	1.5767748461912283	-1.4181101291103364	-0.35985252152266967	0.5767801010817066	-0.5014554836353752	-1.4470351401045989	1.6983184058094078	-1.2573224482139338	0.5268273425395312	-0.375035446253475	-1.7259156353868368	-0.6403868002791854	0.2970324621841484	-3.0885174827417767	0.5217325953841387	1.4843509904192358	-0.7383647842231429	0.5652267869731753	-0.009285484951012614	0.6155527976798678	-0.5140163702257887	-0.5489633865593765	-0.4473310383430778	1.1992102940668976	0.7763928598733235	-0.022347074449324177	-0.8939323346961771	0.2761760700690017	-0.590131497359363	-0.054922285458102627	-0.5110991172488757	0.35382019831530054	0.34724732844246686	0.5769655751061371	-0.6327864024005047	0.5752559116419997	1.1331705006358246	0.5325019823411926	-0.5916611271050009	0.03845314876522138	0.7723561530222715	0.18562332534391016	-1.3325594697111984	-0.3477679940990327	-1.009111924285827	0.18737626840467492	-1.5973076018698973	-0.9915566194164207	-1.0504843531182468	-1.2360635227898071	-0.4978153298645725	-0.86175558845719	0.6197076126717934	0.4605922449762622	0.19531712970455756	-0.6618180819373989	0.492835938546266	-0.31605466351421696	0.6225226372221392	-0.5776889468031898	-0.34607138820337824	0.41738697403289926	1.0677410831938212	0.09971459049596229	-0.4072367137323575	0.014575756189812376	1.001794954138518	0.06152498181440424	-0.7835292474359514	-1.1273621061576293	0.11721452846090386	0.5251630206046678	0.2217001603238636	-0.7043761966734366	0.22683263764237332	0.5164499881850745	0.19086612713607112	-0.4320220317855347	-0.04209601648313744	0.03984691255310117	-0.39141129307735933	0.33176435499394447	-0.5156981068269096	-1.072613847794869	-0.052480971684541466	0.9487819185525891	-0.39026935384107564	0.10852506841786737	-0.31552814245798877
DTXSID2047222	0.4137802031205722	3.246146792242846	-0.73525958709001	-1.955078079362601	4.5391444986505585	1.7129996869202584	-0.05896951924915974	-1.8260517059590722	1.176786195163749	-0.9703692541821509	0.2635613349052695	1.043599496617511	-0.05607804263478737	0.7297315812389016	0.5895924430655474	-0.3379021267378676	-0.7946782240517166	1.8052430183554595	-0.2741625428229015	0.8544377862852526	-0.5282440581597402	-0.09373426209847985	-1.6076668606617988	-0.1369992844607666	0.29576475785531253	0.2772054095096041	0.7340861284578635	0.41161253402520614	-0.12324549099392207	1.3430326351925472	0.6932669127002824	1.32459251665964	0.218846556796286	-0.6058288152050321	0.4740748691636561	-1.1375134411763492	-0.3561331489941652	-1.3507397163273542	-0.026264161337613084	-0.5418538817942621	0.07133623601384556	-0.2633650267865311	0.038494260272789536	0.04560043063946153	0.49276844989047613	-0.20452107668601047	0.5989671763415472	0.236792598362374	-0.8676007478625547	0.5172843494259255	0.5336659271268573	-0.36992644917199274	-0.39622441537537895	-1.7746450496035038	1.1230914719732197	-1.1618337094758109	-1.0272300785158222	1.137822949619793	0.04400623596752421	1.0316476248583317	1.4780726002474787	-0.13733412285153918	-0.4686546453412451	-1.067898902734448	0.193015172463377	-0.18680216282323014	0.34592548590188615	-0.41073974386075485	0.4347112425369369	0.8531562108964079	-0.0750541781667068	0.36882833323584574	0.1884906401341272	0.21826428296344244	0.3595885448206048	0.25830247086651115	-0.9785868582204568	0.1848829853450284	0.8851731189870293	-0.1099890536249176	0.7861611725982612	-0.17845745822020936	-0.24393797003281165	-0.20540988134506163	0.27896913675027263	0.6434131877786446	-0.3268631299577067	-0.09706230581333469	-0.47004656728619193	-0.9109519507878929	-0.06184454353224616	0.6993226696250529	-0.4397431086034428	0.414436821418327	-0.7690731646436001	-0.47342516588374634	0.6443644644216204	-0.0671278013878965	0.4504328885555903	-0.4413770610247292
DTXSID6021321	15.4690581967734	0.10972218586182259	-1.9537046098420316	13.212396658137369	-1.7916430316653558	-1.928284715273691	-2.21584641832575	-0.02433657293585042	-1.180512311819086	-1.612283302702782	-5.13432436491176	1.846592161828181	5.344038009120675	1.138777327637537	-3.0054539473010617	0.3888107359704704	2.7720641968427397	-0.35387723933860554	-6.531547283613957	-5.996021790289365	-1.300611541941053	1.2960910330471132	0.46451938446912544	1.3944020333397866	0.005164046848523547	-1.351111374346025	-1.034307233457743	-3.506940541123856	-2.1274110346614297	-0.12412190327233234	-0.6151691294348608	-1.5622736477637054	2.7787492805210228	-0.9493215264687668	0.03702868256814019	-4.405236749870397	1.303607741711907	0.22240109449265577	-0.6928416100871044	0.5774425636023257	0.8437276355670391	0.7904233149134801	-0.9118483170264896	1.0905062864094321	-1.968466433281633	0.5491754837417154	1.850901472878524	0.4516615908663932	-1.0997152469885885	-1.542598576792724	0.3545305807586776	2.7514828248037753	-0.03006270380947454	1.4241978406546307	0.6330574707551653	-1.0174295007479566	0.5414201402985547	0.10786487053607483	-0.2589393583970147	0.6029981504507438	-0.3397580650142778	0.741773348612586	-0.5268128105917209	-0.8012308844693121	0.4512295529243838	0.026489005698277314	-0.2910801045798796	-0.11084414207374182	-0.3682485348288599	0.4471941607500228	0.9287054770112956	0.5179035558763064	-0.3572630765713527	0.2730428469394463	0.3707543193264254	-0.7484734399892228	1.3390586977816892	-0.16047309023777817	-0.5165065611184935	0.43627735435227505	0.33726603884290296	0.762713934957525	0.16302081004559751	-0.018544844161875226	0.7448695221221793	0.1590410025667802	-0.2644627757287089	0.6119188322664347	-0.010122274866440689	0.03030952321248471	-0.7076190840607853	0.03688449248072383	-0.26425829056836886	0.0857062207524481	-0.1916785109374512	-1.0071216791894653	0.3708818090697938	-0.7935930129743118	-0.08380080877998893	0.22087883118152166
DTXSID2043903	-5.3805892066429	-1.0196315284692337	4.306633440393268	3.3906247697906147	0.35613761221833573	-1.7211164138507624	0.6017157695488379	-1.206108232325762	-2.06173588013441	0.6110791565805342	0.491757806329984	-0.4507698767640514	-0.23290596700476537	-0.9861393276558112	-0.5355322196393584	0.32799149657334764	0.11436174541449734	-0.37385204648641396	-0.8760393307342541	0.2318927927127421	-0.5315219782162304	-0.36116501678112334	-0.11993058644134755	-0.6133482524163993	0.6846626979333107	0.5458150295817444	0.26637511822719473	0.1322663188674252	-0.427032979176235	-0.48505244491301724	-0.41698963520784726	0.6630606565389325	-0.030187717416031875	0.10096857998628048	-0.32815879653022545	0.5521976995361425	-0.3683720854554344	0.748719962786434	0.2663721683822575	-0.3314559418739424	-0.2214827174438707	0.23132590296608643	0.25643835720543556	-1.2335420627647482	0.05235915611834983	-0.11986792473746248	0.015820879022597645	0.8097261273501134	0.21109223873057537	0.0763825024825447	0.9536808157641369	-0.19153908907904693	0.1143246496259962	0.11767683989109154	0.016067366197908033	-0.4108373136752044	0.7103155633449934	-0.21585798438012468	0.5869661817973125	-0.4486482260048455	0.36489014854378404	-0.05566512881588343	-0.33890771109212575	0.7867766689499452	-0.21393971838628098	0.0761211139803499	0.5007600227262343	0.09795722400997184	-0.01290163563364934	-0.23678073581148687	-0.06024517318350877	0.08946151174298447	0.2163889825937778	-0.3992199959420521	-0.005857283641130327	0.4474810445103281	0.7005285232166868	-0.5063954762529007	0.3985923224183639	-0.10308858762468592	0.1365587715719198	0.34538042371560074	-0.3244764667820995	0.2070324048874771	-0.09142139161805317	0.04758688082822113	-0.3098443493305532	-0.0707292423655657	-0.049376566128642	-0.26211570425291036	-0.14291716851538977	-0.00848438842738775	0.4805261386350058	-0.20053838014049094	0.38176921866277086	0.23918923517447416	-0.06888626361490897	0.012926856941694997	0.12509926931704426	-0.16129759871877505
DTXSID2041759	3.2852876262009443	4.315064387437235	-3.053186257719945	-4.489451926789672	13.321761457878104	1.7461045415503378	0.6969552452188288	-1.4380067860754273	0.2689807722982598	-0.6974778115898642	-3.9447106901228524	3.3618920042349045	-2.3614538006634946	-2.096591006753846	1.347182373309694	3.7084045413461233	5.2839945422110715	-0.9841876690406279	-0.33448412435014446	-1.2815428566513771	1.6953243093803696	0.41165975074986816	1.3341453888976205	0.7903724165431121	1.734026515255193	-0.9256719055486323	1.9538340457399266	-0.817801476051604	3.3315062368335635	0.7101728856407596	-1.6213867928986891	-0.24572148108475672	-1.0075574789591388	-1.8089923892412658	-1.3997156377957747	1.462785887148727	0.5268469674761491	-1.0298910730881068	0.49019901956321116	0.4689886527188565	-0.2865579869573711	0.877963535719338	-0.09439802256807407	2.565778348588581	0.0036251202393924576	-0.5445364019076678	1.8054714381342272	0.04611216643925891	0.30613715468575414	-0.6790309662958114	0.12128429322036724	0.42321285724847674	0.7131269975877274	3.0612809761336117	0.3854250969220854	2.365316638719014	0.05269979573025572	-1.6201143200226993	-0.8372688569292818	2.0951836398680044	1.1371930046541403	-1.3764757759307602	2.240898018722213	1.495710105221397	-1.4309810493799109	-0.34265432502468207	1.9709606130527138	0.11645909984780908	0.888111083427813	0.09180505682612658	-1.4257317464735861	1.4798662217703038	-0.7687635960055921	-1.2832424924023558	-0.15582423730642064	-0.949382165365978	0.3235780287948528	0.0484882127099353	-0.008171101450967	0.5873510881113104	-0.2611740115557365	0.19813165722687506	-0.5301221721457962	-0.4195657868018145	-0.113096987440861	0.40746068835382665	0.21922375444664013	-0.8866904256792499	0.7159332698595332	0.1717987616568347	-0.04380956523255458	-0.2679979438022263	0.014283041888628705	-0.0007230871553810297	0.20464313374337734	-0.010858542244923584	-0.16438725155205067	0.2418282737103796	-0.26990311045218773	-0.21216218341295862
DTXSID8020913	-7.178987796771702	0.3600557217933129	3.5611487587023016	-1.1758318122983078	0.6362248104255248	0.9718738531371512	-0.11859128494228773	-1.4416081140489974	-1.183234033618252	0.7814623914257469	-2.1356058360624646	0.43277343882272645	2.9262828202620503	-1.256899111109173	-0.4685532473020303	-0.3572320227336082	-0.31034518614472495	-0.28083930565522836	-0.8907288079352413	1.4618723701701133	-0.011813284935139005	-0.5742983772820061	1.1298107921778913	-1.498708008237417	-0.016946543053178217	-0.058487299775878195	0.05249211748231472	-0.060558948661769946	-0.09222839301002347	-0.5114738031108768	0.5891263449566964	-0.05944373737758596	-0.4609033723671343	0.7075553257016017	0.11786773389198914	0.23421856381099132	0.29739987794041123	-0.04244580574839201	0.32312519959613484	-0.4254332990117301	0.16894118513561068	0.3542274846593683	-0.11440150361107396	-0.6404832534419048	0.45267317066951385	-0.3361046132031992	-0.3918325433841365	0.46155670667933374	0.23683029647342502	0.048008910128595254	-0.10206940740574799	0.37458379969903943	-0.1480175093598631	-0.5133364118154748	0.18007859884420283	0.06596205620047772	0.239088973004666	0.46854056641784025	-0.5325098078894042	-0.23553147683660947	-0.03554692899893778	-0.2849210066983937	-0.06987438006002004	0.545340330962668	0.2563535547444644	-0.2905571949249796	0.3046779102275602	-0.2936529136096115	0.26264302558755287	0.07983308110637397	0.27325941880804966	0.011212792454677937	0.33546727873435167	0.6289886297105592	-0.4015213585508091	0.48752092672565167	0.022900722073745477	-0.19959399017996265	0.13921767990836853	-0.31216719489777184	-0.6918143388289694	-0.301465108565524	0.017766465477480665	-0.049452681347490215	0.4026351771102544	0.10496927950037802	-0.1112156319173169	0.16719979535448246	-0.023919484658796522	-0.11113130535430203	-0.018456212317255343	-0.3700513165262391	0.11710457677826587	0.25161597572502864	0.0660923724835597	0.2186692319052036	-0.16361922666702175	0.12511422306336653	0.37192846992661904	-0.050754412939811776
DTXSID8046901	20524092962118.234	-6958049728762.823	-1811160762463.4941	30644891112356.406	8013899666903.665	-7300261430853.623	55860528041156.08	10240450357260.97	-13520117764921.016	65272422962520.234	-21285922088285.27	56287899065441.695	13461152363820.568	-4830161937668.799	17427289512679.86	-28858687885173.953	-18363591821171.83	30229966456338.8	37452610904434.38	10156296849055.246	28584047442931.324	-14009889336259.133	-18865447044332.574	4699873485003.933	-10960721573897.115	-18773185078319.855	-9277160908625.62	9688357804033.498	2275640847354.8975	8245083052221.73	2690881359130.606	12953747936942.89	-1869748867695.4092	7775030925009.962	1146329394730.687	15980929468203.434	-4328679583950.5576	11170656003009.408	-9174132832588.967	3148566417646.8657	-833440621095.7329	1952460400696.0532	-3986972801609.6167	-3317877045214.1616	-1322076660315.3857	-1084863361005.2523	2105523804552.7422	-7670322360525.5625	-1050424479113.9208	5116307585420.102	-712851117476.2389	-12733118187491.453	-11203273289055.92	-1709792693825.3948	-2729571175147.38	-4382194721308.71	15971079820914.006	2559037674262.1	-23606678121747.6	-8560852155232.158	17111699741815.152	-16412879051022.598	9083054169839.871	1992719091069.4907	-13927122212627.488	-44657473550886.516	-3944378621267.358	-17763044394862.004	-14274849440407.418	5306305334209.179	-15727084310747.43	-26748052045145.574	-5096005384961.387	-6664105300559.289	6709541645992.801	9502076055048.027	-27607287575857.656	2335973085365.8115	1713167530711.1868	-27016479956679.754	28410044942140.25	-25206398061255.312	35808065015048.055	-44188153445948.27	-34467299149449.14	35446978983031.98	-10962105343033.38	-15730118634714.076	-4225442431150.8374	-10543399930594.61	3723043978466.9316	-28947451795216.707	10142332646356.871	-8579958699157.6	1191707983409.8982	62979032779122.92	-6157098285211.677	-2070015620754.2507	7010485818243.8	27794916763944.805
DTXSID8020127	2.530474148214099	-0.517677540291325	-4.0420630119394625	2.0451681449460333	-3.82293931406324	-3.0849027175889083	3.786790274653555	3.9796588700894873	1.5733734471413614	-3.4850251574024025	-2.527955327657122	0.859474717315668	1.1630502244112173	-0.16827199091206657	2.4010745638763953	0.620434910258923	-0.3248155033537747	3.470690142715221	3.3212451153916844	0.2442045778383447	-7.456482246198181	-4.776651332184236	7.615823924970461	3.8217152816265925	5.6766037565139404	-0.6970337355267548	-1.3982455410402372	-0.8411792037084985	0.7310966555006051	-0.21948064902968162	0.7401045224458398	-0.8353505864790722	0.8265740850708707	-0.788264836090088	-0.0399934046779992	-0.6475473703260642	-0.7375346744970079	0.5532124362725249	-0.17727348437460533	-0.14184488237109116	0.28546417699943155	0.6703954812509189	-0.19230085173916533	0.5296402416547934	-0.3170011069236909	0.17466070144567558	-1.2488373243326336	1.6054227844518443	0.9244353361853462	0.21594319117324218	-0.4857227723643489	1.0393489368649413	0.03553115571063274	-1.037112775168248	0.4058187447560079	-0.9118142696006789	-0.9869542642319217	-0.4248527979084753	0.508215526514402	0.4728863919715295	0.5377067241727086	-0.14371511571335216	-0.8071768991423697	-1.5035557773447668	0.2293639487026916	-0.18512607169838108	1.4609030933749974	-0.27468388099277563	0.19889927659430484	-0.3721119622347546	0.04159676709211553	0.07151019311287098	-0.1234546395583208	0.14963184115173478	-0.042191407082188236	-1.0121905996142864	0.3472595162976198	0.7510906396229876	-0.029410991988128427	1.1816046014814758	-0.16653312687352134	-1.0717461738050458	-1.360428512860044	1.1262878109000443	-0.1443002590881065	0.6337621703767861	0.41186932027287987	1.0451532486131614	1.049262454280142	0.12234697427229592	1.4885767423868366	0.7379292098268164	-0.7952277045940566	-0.4401089757582717	0.8707499098883777	0.6395818719828451	-0.4576613036945087	-0.1279620875248708	-0.3833557505817548	0.3680730830463374
DTXSID70565479	4.574562264889261	-10.945355906337058	-10.02846872274344	5.065097230074565	-1.4819196191369675	-1.3132047216108256	-9.710496219032821	-12.774620058633834	-2.178254357695439	-8.640256270493449	-11.779717168326995	15.44681506158329	-3.547471071747328	0.5944153109153075	0.7878420300917851	-5.79537507913022	-3.165104286539989	-7.521035591872273	2.0790893886628545	6.301275581575295	-4.1821302166092975	-0.5199084483518267	-3.2748099865658307	2.244029692105169	-2.841869143140461	7.459538214620006	1.8700593159440497	3.1664394040921806	-5.188417185551955	-2.9641386431028716	0.2518030540419902	-1.8194497313299847	-5.185373940869213	1.1086984595560347	-3.106226840699142	1.377226302239851	1.5568813978800047	1.7474891607396812	-3.372659851448936	2.412882826950115	-3.3645650074417244	1.483768558300321	-0.0868538232006342	-0.7585498421519817	0.23650740396569958	-0.1006864177547043	-1.010844650807898	0.14375857383702925	0.5407164986492811	-1.4223109572709571	-4.005343257478197	-0.9655864237963674	2.958384442889634	1.2664813548877707	1.5753162950436028	-1.170442890001847	-0.35449573119542144	3.670578865694994	-1.7550487866858688	0.38114896411626625	-0.27634345903189567	-1.620302787941381	-3.0414890203461344	2.7947547498129475	-2.0979078920780916	0.9025496458183861	-1.803064782620928	0.8824305128344185	-2.0714405848786983	2.1764515177864845	-0.341778256082633	0.7672047532197086	-6.4595015358516985	-1.3299926434831355	0.9506390444543343	-2.7708272600205035	2.1935477022154704	1.2697642584166158	2.1203423693616252	0.6060580175812774	1.9518747929723645	2.3446713105407073	2.379967245886853	-1.7832635131168968	1.664420701063278	-2.2786477474739764	-3.643884329094026	5.7684953204756715	0.2496142481680404	-0.5129637589720182	-4.026527416594426	6.530908601655567	4.076369827143995	2.5003036696472933	-7.39721267246633	0.8598982241467583	-3.5189189146777378	-3.9710235215883767	4.387277662481751	-3.5168702478091487
DTXSID9047677	-5.958819954196012	4.309845657219028	-3.7581179536732425	2.3362370782147854	-2.62895874340162	-0.1767814650171221	2.483382462540039	-1.0828218239578697	0.4812120794091109	0.5947362748134767	1.388739546293415	0.2839925923869047	2.348162753704879	1.3247515461926456	-0.6626852516307313	0.6106214639242667	-0.9772900927821601	-0.5895388347219197	0.65030878962991	0.4137445168577051	-2.1395057737988443	1.008031165247001	0.5514203492401516	-0.7394897538589182	0.458804334461205	0.5670109236391006	0.9569284140922061	-0.3901441528061946	-0.2513782637254502	0.31415952089911886	0.8545385001728467	-0.14201506354527962	-0.5621698519313505	0.07502817559742998	-0.36591238547807436	0.0875867419856715	0.9547728714984658	0.3398670380568235	-0.0717143611890831	1.5504459728186522	-0.24724340580509707	0.3778496412200821	0.16149060451823818	-0.22862539538031887	-0.02447870423575185	-0.5122574199711556	-0.2709882613470194	0.35624553467966524	-0.8838675033758525	-2.4830710098554065	-0.8846581712427158	0.763767893920493	0.6462489370847303	-0.5672473314431538	-0.8661526577275177	0.29401660023281895	0.38220151758843945	-1.0781477384110036	-0.3375634801922786	0.33986935895383125	-0.6610553780927332	1.5368842908366094	1.0104839995092798	-0.12547910433898626	0.5121628196466733	-0.11260396217159026	-0.025278297269634684	-0.11440725302502348	-0.03807398454247171	-0.6234632270586806	0.6002860952731507	0.40773991282731675	0.12272003633327916	-1.2768551843138183	-0.10965491804724893	-0.134416345908596	0.08521390437945707	1.0692754105887368	0.26077983650673664	0.03947459801169238	0.9553929581105621	0.03168661333579281	-0.040725558958731006	-0.7311179312694662	0.33982627791388664	-0.9235544746305573	-0.2533397122330683	0.334772519824487	0.21667882274982037	-0.18558120497239575	0.6901910368095222	0.2787246442550111	-0.0640659193324471	-0.23884127420298054	0.3749785128951826	0.9045475982190959	-0.008458819247354409	0.0825302080967434	0.04640379131312884	0.1475905963808006
DTXSID0057621	7.483359610265353	-3.139103455857075	-2.33088472590139	2.8346116610920684	-1.659557422136799	-1.7277268541871325	7.810383021421321	3.7256169246854123	-2.2007594790971394	0.9636684617821053	-2.7974285432840316	0.5957111797687125	1.2424302967475438	2.68677640683933	-0.6101843498532848	-2.13534940579032	-3.3103116329952647	-0.7687191606550674	5.012986873795723	1.7662527927447318	2.1952515842591453	-0.9349533839183359	-1.3691087598213516	-0.9713934673078078	1.662165056701767	2.013440032071155	-0.1845245828542683	3.961384996718474	2.681428701055636	-0.06816719041368494	-0.3448146579004732	-0.36408113886862475	-3.5567717337026448	3.510820275814263	1.5191498584320897	1.8680390197859358	7.649231858003588	-0.8410940252127992	-3.0492064634038205	-0.595416070333685	-0.8723721701596027	-2.8674847926962057	-1.541191169310388	5.154236614777111	-1.913120952216456	1.2788210737312335	-2.898653574707942	2.1095936719080286	3.5127132409352946	-0.9832865075304483	1.9537148886062996	-0.9237464652511957	-3.712720575003527	0.820435767080648	0.568869369706334	-0.08964177349424203	3.681251106643803	-0.4681523072052836	-1.8339149174913634	1.7340899376170944	-0.6773548492230804	-0.811132998711533	1.4584673139822946	-0.929027695474646	2.2914884914025	-0.7933654655624176	0.4879325672483758	-2.3587575835097097	-2.981470059460732	0.3779973456830157	0.18653958724522518	-0.14940824444553694	-1.8991239839249843	-0.9813825010684792	0.03944712380892213	-2.5013033566703813	-3.16289140101004	1.2927094266347847	1.049181285434873	-1.2367160079293553	0.733208624353969	-1.5755608300173336	2.880411894515619	-3.891095916196104	-2.496880977095661	2.730588544527174	-0.38037837136312463	-0.2241997685782985	0.03187318709546934	-2.2064069850901493	1.0917415407647773	-2.7890594144921357	1.519810387667667	0.3554231855251865	-0.00951256867166297	3.4537384469238286	0.6637431511511418	-0.11045622505203279	-0.7915876022882962	1.482506944359213
DTXSID3040697	-7.148755086659224	0.7506304381859171	-0.16014492476558329	-1.8641054586236692	-1.1018795632620475	-0.4161168675788768	-0.8922816412956299	-1.1165216084477199	-1.4156453182275608	1.947202814542416	-0.9123620068503582	-0.05392250347786896	0.8820310264864243	0.9777613586047716	-0.36725008891515937	-0.33951233494593436	-0.12259931583626307	0.6237280540039476	0.5888098009535521	0.0397870281299958	-0.09964060625540239	0.3739208997188666	-0.5090155025302983	0.2916942849242029	-0.4181265688155879	0.3820633221448681	0.14644283861383192	-0.2662523766977311	-0.16011473139992827	-0.31799577415839286	0.1908435588730242	0.519051869961214	-0.08082948768470177	0.26883929738342355	0.1599854255186318	0.17881247349918972	-0.49765401143602767	0.6426675681329708	-0.053099530504920674	0.08263416463432155	0.3551545069369684	0.19843942218062502	-0.3030436531938178	-0.4593131652547008	0.4661004763388262	0.08442178062448609	-0.3179330222692867	0.020022975827308078	0.29888369015301774	-0.21889199859599365	-0.05381103147985329	-0.16626440290544336	-0.08759647195550399	0.7871917144585331	0.3555516543960469	-0.670450016581861	0.6757053465863239	-0.16790697133646657	-0.8230374113439906	-0.163877737970877	0.5410676771717639	-0.6471778698026532	-0.29784376807165663	-0.16351339930659597	0.5077119520646803	-0.16851002313953087	0.14361843026276933	-0.3215864926326181	0.28329245664169317	0.04644071564605683	-0.245170732919799	-0.306078963369811	0.300454414657667	0.19579094815660403	0.31974100586506216	0.3393018195668586	0.5953616706818432	0.06678978696114772	-0.28217216947818985	0.10936345405087801	0.14601254187874033	0.2182792015945299	-0.3489336562745053	-0.2923528857995524	0.35709736775810264	-0.1497665037737653	0.40459015744005555	-0.11266184833434098	-0.20664421446872652	-0.2010670527218755	-0.04810238116365713	0.16121223167202223	-0.09534086868368406	0.3603624327328335	-0.5024267775379625	0.10271587722835086	0.42618576134292524	0.012396271736269062	-0.21855771346838168	0.03183991331272768
DTXSID8049416	-7.20954836483386	0.6767874511921873	0.30433456096425765	2.398083418228817	-1.0168068073229404	-0.7037539260641038	0.6900502515487232	-0.9562670093159626	0.009683180930465244	-0.302676576807655	0.2781134234482858	-0.10405336889910695	1.2990414181599854	-0.19740145642643983	-0.3668377512119326	0.42427573138853575	-0.16072088483556696	-0.19915952406678086	0.350869522553799	0.27835310784135203	0.07469068338495527	0.022344394821406054	0.34290957492033847	-0.5369943148930315	0.1952133209969823	-0.06309016479944184	0.3935889747411548	0.3435070058647483	-0.3891729709800732	0.37513055492088204	0.14636074427579684	0.3999892890646972	-0.10742924822227731	-0.07795321518381056	-0.26837226609511505	0.3069647315617583	0.32579609036630597	0.25015866391406677	0.560566047369516	-0.18241629614102858	-0.022121266854230482	0.5926259471301741	-0.3024016181261012	0.17571148356410485	0.05786354128411808	-0.22872916692844417	0.3118116207076952	0.36259595680022116	0.47500416542635465	-0.16217581734577258	-0.1394925438553035	0.17598582433174412	0.06437059950462187	0.32216483731850537	-0.20287789051602997	-0.21683311945377914	-0.33562075882620007	0.480762262575844	-0.024262139668931693	-0.08329042936338583	0.5619344953866434	0.3906169219516415	-0.5207894764846961	0.22414258337273596	-0.39042753826082155	-0.4180363191150597	0.29909825940879964	0.07445774975322475	0.5834457876895095	-0.18297759725195062	0.2966825614548373	0.28293459804540316	-0.13231447856955172	0.09708852451992675	-0.2500758263602778	0.19894738626466202	0.8933202345465776	-0.6004463249875845	-0.2953693234051593	0.06361544668128367	-0.23345274921765544	-0.6091732069576915	0.45090034126492645	0.005671645655956591	-0.38767620439494554	0.2820644887825378	0.6301203977116391	0.032796447595765485	0.39683385925464165	-0.18577261679496834	-0.05519076026558744	-0.12973007433853495	-0.35972943902330295	0.49123953375576	-0.07826165843814292	0.1129018379324467	0.13770211165969098	0.27078967837992945	0.1794773549826203	0.06356526728287058
DTXSID6048709	-4.8163009836741235	1.180641325129993	-5.344992858297649	4.800722793591112	3.8468284703297675	-0.008451577678242134	-2.4536525487568293	-0.6498076051446525	0.21956215356981565	-3.4033918538244983	0.7434542243352683	-1.7006165495034142	2.847821780475794	2.3038188343175072	1.5054042637052698	0.3473247443559311	-1.7044810665023213	-1.7647231639082384	4.719603620902712	2.1150360923060334	-0.7808809510519594	0.7900153911371814	-0.8348263108483115	-0.27495928849703444	1.1969080056855632	-1.2481768642631152	2.5805668377475306	0.9331843736823137	1.1999771857539259	-2.1109075244021014	1.6493624041140826	0.032013230187760276	-2.361932591181688	-1.7040458628855684	0.9283536627305148	2.216363185483877	-0.08273730783071839	1.0124397341498201	-0.4892366808328435	-1.3455821148390628	1.0556822436461888	0.6510265929187552	-0.3451817730209445	1.2167580250465415	0.7190366580806388	-1.0906908479598854	1.801749128378604	-1.0766703935068527	-0.0013119189441133528	0.6295434713352233	-1.3624452101627536	-0.4870913101231709	-0.46523804148502035	0.3675366971013744	-0.47220654720122635	1.5480124376445983	0.9651586847460766	-2.2249187603809153	-2.4104392869833275	-0.7387484918946838	0.6154606411734458	-0.06402857259970533	-0.9259860002377235	-0.4389155541519515	0.8843733924865039	0.015707925858958686	-1.1553431944481483	-0.8304440081892887	-0.7375733468395951	0.4296227016903607	-0.12812970485335387	-1.1348697755215826	-0.17878827117169452	-0.5699552404360454	-0.7084620396537302	-0.4747671145745157	3.584749025546549	-2.8404887818622826	-0.7794259987920656	1.375975253346072	-0.7597099169871817	-1.42002457078397	0.6018434720499118	-1.6954879017712927	0.9443810537220364	0.4553581503090322	-1.8618716891569833	-0.25777753053615415	-0.8017234099899871	0.2832288152835763	1.301486733326996	0.9306064365912088	0.10402135998235117	-0.05065089460617543	0.02168856817224341	1.2464638505843166	-0.037597649578159746	-1.3853797055679684	1.3219393924451386	0.7268875905018891
DTXSID7044685	-4.105395741395763	-0.1917035144662889	-0.321544408339255	-0.8948715369749632	0.10599061289175742	-0.49151044381699344	0.24191510425166476	-0.3948344871653914	0.7239524578149605	1.1588585559929894	2.5090752324103636	0.6083818825806794	-0.4113560667814083	0.6786872064289472	0.09355571902862855	-0.22585040932283312	0.9918368663309227	-0.6247551116114185	1.0816315358516457	-0.8217784305406236	-0.3092769901405422	0.2891571196322664	0.3270012833430673	0.08082776347315399	-0.5982722927822263	0.37908662857602965	0.5251612183123431	-0.4333201407484653	-0.3527801317211391	0.7751015644367775	0.9002392009829056	-0.37112846390223836	0.26769372986262885	0.2871241747633881	0.3609147538128678	0.5363418794000955	0.14436090663895695	0.2838998607267247	-0.010435610074789312	-0.4640163763251362	0.8675489118684985	0.45401409742533116	-0.026784098454514738	-0.5828817154753426	0.5155007206605787	-0.15728044281117998	-0.5377668169316445	-0.46009837373888857	0.16393083560971192	-1.3217136527110762	-0.6016012254413263	-0.6421217650609402	-0.7936630651231692	-0.5944429258150761	-0.1452146572107105	0.23867497257731451	0.5029950901909086	-0.5721520438749811	-1.046913141003007	0.04016931104185106	0.2784188415537843	0.20908962469155096	-0.07180846035985126	-0.6725942453579606	0.8638522284484857	0.47252745153410686	0.47828686259515424	-0.3340360496040937	-0.23042490802082105	0.3072390533809515	-0.7405653453760557	0.2159778364844785	-0.2333601942192867	-0.5143427617708468	0.7532753417256358	0.11662351623128196	-0.07231444397217932	-0.1914557419475984	-0.1328580888089626	-0.2994619020011462	-0.39275139454634495	-0.43278665745562267	0.20525999216516327	0.38334422074256613	-0.2028746013046733	0.07864796042155651	0.2990252217896905	-0.18394829322707576	-0.8043048648954253	0.05168155585770192	-0.319267246311158	-0.2117935029412127	-0.07866057180392025	0.04860442463423966	-0.21794572142752072	-0.23698433321066037	-0.2705861030389634	-0.27654452225538756	-0.1375256663471627	0.23381147718304626
DTXSID2032392	4.633553596334459	-4.874199897498142	0.6483567118155451	-1.686223388787638	-0.9332530074821874	-2.6180502602783986	0.4805805670827366	-0.44107430207797993	2.1468975239075205	0.1506615968261476	4.801370688374035	-0.3294195964308355	0.364710830817482	0.8159222175970026	-1.880227497879541	-1.7279091770905317	1.4309826965110293	-0.19121869122650073	1.2569208016940205	0.3818657525610307	0.1840867868985103	1.3510334373970292	1.6789028229016545	-0.9844358037394664	0.6918107209825102	-1.1734235850803925	1.0512194320546462	2.827362320025027	-0.502121053928701	3.45391284604871	-1.324111276366309	-4.321620657549718	5.121893735377994	-2.521243562158137	-1.9694975130391827	4.012001925497409	2.832798462840279	0.735935278988519	-2.683372399264731	-1.255882361276353	-5.372330386071592	0.4963985671382025	4.289401734968355	-0.137980599813275	7.543107710342952	-1.2238604812965457	1.3973162053287027	6.380611260206929	-5.378706850029229	1.649893581568316	-1.0510130780221616	3.4828017667949105	-4.11721992908221	1.098185962852557	-0.2722180957911874	0.21669908547804184	0.5185221528936607	1.9354430163862637	-1.8005708417221693	0.9655774852827782	-1.351216762236802	0.6610596327002856	-2.170780455464094	-0.14949729503714926	0.9439744130501978	-0.41901138743895877	0.1802628858107915	0.11830806185603604	1.346938202182627	-0.7979117852985924	-0.9205627661592051	-1.6027915153741514	1.376052528020844	-1.2698647990282033	-0.9055912779967538	0.6952930603476646	-0.08253802902871006	0.19965601012012793	0.12188218283582371	-1.1844058903977925	1.4128315841563763	0.02344893857878222	-0.30918884927569673	0.33497376654107697	-0.3840733912502056	0.1558672273593053	-0.2980664897783335	0.26929273540168797	-1.5191766080103206	1.423905931893769	-0.053971193315289004	0.16678007419474722	-0.10848958308007607	-0.03472300601080007	-0.2272285299265541	-0.980640612787684	-0.5574987631222939	-0.1589901108457996	0.36266563378123573	-0.09287021350732463
DTXSID2047937	0.1936709327463002	1.4553590505602625	-4.447317380150356	-2.113480775036832	3.119170360524902	1.5610547830979322	-0.0024239020374857787	-2.230208720961895	-0.9845417563261929	0.8692251539343907	-3.4269419683680584	2.946428967936742	-2.7157199148657707	-2.5984490042218873	0.4757222347390268	1.864529148329783	-0.6580151084800123	-4.7614154208785395	1.1993646284512154	1.2336275064797555	-1.963843671987904	1.0567967894677572	1.418695233007045	1.367942452993871	0.29885324695489773	1.4821919136041548	2.228481665750133	-0.6814503587078464	2.074318199313742	0.5923026644883458	-0.9034618288140703	2.5331722917924626	-1.591103046837519	-0.8293572969769203	-2.9049433398716604	0.9170332257852778	2.1325853073907814	0.22260544592804252	0.5541608404971703	0.9121230545232359	-1.9014095186124227	-0.2464437204447674	0.14464562413475163	0.5159006313107101	1.168333378295599	0.2512670447526746	0.9482987633438039	-0.24436910105808216	0.883416554226228	-2.412047893379417	-2.1377652438522547	0.8195404170126529	1.3841487119501379	1.3129298259216133	0.16641512337245107	1.3601920240588357	1.9599406073978467	-1.321848207585382	-1.885442987749052	2.235010444214301	-0.3531197586472559	-2.4493654210048814	1.3739120781543799	-1.1017912637699896	-1.157790871977817	2.308550921530656	1.2151632154870078	-0.42798783227526765	4.066578199137846	3.5363401188115247	-2.9063934006085934	3.545756259945462	-0.6902183760031738	0.3331506543127257	-0.5965014248047334	-0.6108946238992833	0.05528743871341166	-0.4197701184104895	0.9934143679948102	-1.156409620860176	0.7568293059425183	1.3477339758758815	-1.0758808494859227	-1.934918841772687	-1.0314602335169445	2.07801386211312	0.608426903925467	0.15183383931789374	1.404063723922851	0.7311146993345778	0.26454663241678983	0.5183017701954467	-0.876686281209876	-0.4983866053166871	1.9731831001472622	-0.030366356983397076	-1.9547045102169829	-1.5746583575839914	-0.918679093179748	0.13166392844602487
DTXSID2045496	1.2642031507913327	-1.914443571696815	5.011375039482431	-4.157506951427927	2.449566494159797	1.3898966795032157	0.7408361416366697	-0.7747475919629453	-0.2561903403374127	0.6477511930353443	-3.2947692149809997	-0.7052350980961729	4.692137797610778	-0.39341126198674	1.0697812678856218	-1.8665504216539066	0.22729884336743156	-0.9883812266243379	-1.0034083896942319	-0.48066613574939576	0.5625572452659052	-0.9900844758861471	-0.03908627094277541	0.21940552041023764	0.44539501684766225	-0.0479836499875827	0.8322543908977567	-1.8000908882697022	-0.7146839590993864	1.035561273859887	0.49072965745664565	0.023667659693440153	0.7738334507854006	0.1290481070964144	-0.3262058629163287	-1.961338993466353	0.7528453072165076	-0.5939435187732377	1.441626872517275	-0.29899618817494394	0.5342668819266851	-0.9108130363433363	-0.5631181137737357	0.24770880559938702	0.8076175193120632	0.1345975880864081	0.7409575514273755	0.4534338885199984	-0.9137961506182806	-0.29658210993597256	0.9346535396212611	-1.1248168535088376	0.0169979373835832	2.0036311239250444	-0.9954705033239791	0.17304242357678118	-1.230922695156704	-0.03228379554421002	0.9746864759309141	-1.1616265333659517	-0.4244814536468359	1.2971872446822343	-0.5476425692571686	-0.43516200839824787	0.3326796878891508	-0.4175976002029202	-1.2819859685585941	-0.09170320746690937	-1.078258639465689	-0.7750376713745089	0.41709105608546526	0.37333559868592825	-0.48552119172428176	1.7543441560972228	-1.2111677347338263	1.0690194186252615	0.17873113123960432	-0.34563325408083445	0.4367859913019083	0.6197254394754292	0.3993410258772391	-0.20834519134133067	0.08283513980685386	-0.12647826498366868	0.1721943614186323	0.5357377805733752	-0.039821056096032245	0.6030123137056785	0.3874174896389608	-0.24478035133601247	0.46351297032184946	-0.3746626041931185	0.2777259151499213	-0.3302379759719722	0.4107487175057892	-0.28268879158451726	-0.670165901654339	0.16747353261087888	0.016122112962157133	0.18407325464263322
DTXSID6021290	0.6230882648883348	-3.1465364276291856	-1.0563442800368092	0.6165692103455949	-2.3301815695075354	2.181065540536764	0.03274760760171929	5.035595436772233	1.3011684904348595	-4.459159547490315	-1.333302365919208	0.6033618704074228	-3.7068008715503638	-4.188796396210462	-3.7123779889679946	-4.119684131468814	-2.580090979246204	4.607347151911611	0.9260676735879494	0.1663907312453334	2.081863000294386	5.690996359268449	2.9854414579040416	-0.99744666435213	2.3215638354344206	-1.351942809173615	1.18000132142713	-1.7793134869753433	-0.8934735959086166	-1.1463939726714216	1.7495839948515295	2.627310906388889	-2.1167286536895995	1.0969297315286684	-0.054029481089622175	1.0221895669664554	0.23664430876267073	-1.509355830233183	1.0212902686407785	0.7449097379234444	-0.5825068055719278	0.5159657005174523	0.10047764176743942	0.2887398287750467	0.1849775213536716	-0.481858466907932	-0.16199533391985999	-0.25925635300325817	-1.811497847722564	-0.2774923397615218	1.2958311626506023	0.6320817830933185	0.3323324491795223	1.390888468326916	0.5884120362792775	-0.044170963996514157	0.6620618841927847	1.5343553773028007	-2.0748973320761213	-0.06773066112563833	2.407833008419889	2.832276034717815	0.02158622427939801	1.3275536545211841	1.7363937451769191	-0.12091230411580643	-0.08758589215400843	-1.990382969157212	1.97874705552518	0.7940194981899218	-1.984729676430771	-2.4760868827912317	-4.432012062780401	4.6307842311191685	-2.915530041665453	-2.6358572194360375	2.0796513342080574	3.4513021553845076	2.532173675317361	-0.21364418512326222	-1.047315537182015	1.3299321324244209	0.05138742168068191	4.326304067816582	-5.161315413445945	-4.1269073186099305	-0.55504070166272	-1.3618864596835263	1.082463943614569	-1.1224969921813963	1.2196778423623602	-1.3728545072193092	-0.6395593009317316	-1.2504302136202976	1.70163968462632	0.44501509563046826	-0.782395575824489	-2.1560748405678516	-0.06367547179611278	0.3742024548488706
DTXSID7027831	11.800012687838723	-14.007747377752697	-13.217434054548963	4.265551639889525	-3.4173557324583186	-1.4142607077585632	-11.907677892768756	-12.336245452380316	-0.9465651230781136	-8.435399762817596	-14.650973340939558	20.780603513788552	-7.445201106548708	-8.545380926150834	0.5415527639661182	-9.601499785326274	-5.047651721650696	-6.456201224720835	-0.27380948013631384	2.973097170389747	-3.61629690404662	5.492475851792257	-1.5781661221357088	2.6385440559833957	-0.08833527936763232	7.522706355575181	3.799023043668294	0.3984129165124979	-9.298359034295165	-2.8173335347035264	2.59865792843302	1.7816117884018923	-5.911075524824172	2.232574833918473	-2.30286388956947	-0.01876448143516212	4.395027431709043	1.4209317817976679	-0.6305278380861892	3.4488702195393977	-3.458072859769633	2.9064840377481667	0.2312855881126165	-1.7699419399424154	0.9563614646082097	0.12638007927571412	-2.2018435907307032	2.3314999076804654	-0.19848805596218239	-3.00882442251704	-2.6843607462034615	-3.5882336829922115	3.594921789524472	4.283665997149127	2.099829240474437	-2.7828985435480402	-0.3668745992304802	6.055911400902163	-4.248658031558354	-0.5978410992787065	2.056824182430584	2.6035445130641137	-2.6293001984183295	1.4873380571109092	0.32125625587862505	1.7009091856463943	-2.6397849530700848	1.6112139207707206	-1.6569953164025217	3.4173227950960645	-3.0397402974783074	-2.363471352267268	-11.226211089841703	2.577982283781003	-5.6358084890982	-4.56396859377411	5.349507882243687	3.512248078237544	4.218882502966569	0.07822306496172668	4.205023214986807	2.736736923621368	0.7254823522132252	1.9331745018184419	-1.0547404147323065	-6.359661223073303	-4.919046965091874	3.2695625448416017	-0.23176506659708934	0.007331974408999892	-1.9906158671617717	5.5699965435249865	4.008256619130022	1.5408345351322594	-7.080270120597166	-0.006565945066891625	-5.822575852951158	-5.831171503076844	3.979547143651336	-3.4036491018172423
DTXSID1032690	14.410387680406094	-8.54823516019426	-5.180800785682161	1.514848375461054	-4.388934293007507	5.32713680980937	1.2234471006781513	-3.260400379358448	-0.9858340529540128	0.49135289346275923	1.9793691629397991	4.521556892119565	-0.7837657509616329	-0.5443096306667712	0.9860404613651604	-2.5836529463164424	2.016613030361219	-2.75305027160165	1.987211833581564	2.7975053113192034	1.96281793650923	0.08183046135897769	-0.1374847189979335	0.055465810581491984	0.4969431897355151	-0.9514314637001927	-0.7186208699635991	0.9087561739740085	0.4969428265762033	-1.1389767146467251	1.009065657367136	0.15374917435712282	0.3328061389531833	1.6594060901069694	0.3798299599956354	-1.0895870763691315	-1.28381506356323	-0.6045026477338734	0.9927179982872784	-1.5540520080411284	0.43603319232163507	-1.3947690021408548	0.7348644477028693	-1.1413399991907782	0.6568318471075949	-0.5815710085305675	-1.193084015118713	-0.6168423744989524	-1.0688902335219013	2.110437237873467	0.3430562672257966	1.242281280148795	-1.7439073428054963	-1.0394892337088082	1.6717961642111816	2.339020634840918	-0.13173125590541418	-1.6611685308502457	0.9310456557056213	2.5162474973196076	2.4007672243718594	3.0322188993738606	1.1703542390003405	3.5605868780782073	0.6787142760329636	5.376636462337916	-2.5309177900792914	5.580340354901017	1.7195826729686892	0.08723093371025284	2.0505688645054483	0.5012924965867107	0.2968978211242188	1.3640831954212842	-0.8023002831896355	1.7172951140423782	0.24625221271505024	-0.013269508549899672	-2.6307452487734753	-0.43946081187749436	-1.0512294508403197	-1.2965795322299818	-2.6742679637004194	-0.7906972564974577	2.6077546126439137	-0.3859546070755344	1.4400258493935376	0.6935125456603579	0.07988861634938747	-1.180426004113901	-1.193824761483348	1.0366239881786097	-0.6113686037264823	0.17129112813273875	-0.2030344860656025	-1.248337200910336	0.2814091621969601	0.02056675837390285	0.7206368619935605	-0.7602423717542209
DTXSID4035708	8.876903645474119	-1.638482368043556	1.9314157171256867	-4.717350510067151	8.629721965170935	2.0233212688849194	0.7555632154994926	-0.014407966334017681	1.790104517608421	0.14314692958179095	0.06753763314918977	1.6220407034729525	2.0534084865694116	-0.23914764845564934	3.2300699424976016	-0.6958433873569827	2.7059295781729413	-3.4570400985447876	-1.0597486984427775	-2.564341369819312	0.0070736048025944855	0.33959429882780273	1.9698801068643341	2.824533324056654	-1.4024395182515912	-0.2362296496196045	6.081857544683598	-4.641673823874443	3.179494119799377	1.6676316882837547	-2.0985989179208366	1.1732307076165833	-0.9955297845774591	0.10987529707549464	-0.42477133073058876	-2.4028068332734493	0.9985578736546328	-1.8919151683426185	2.0889028184995984	-0.7484473022691086	0.8916442939182774	0.5823565796668824	1.4089581735570191	1.1242592236408036	2.729688832881861	0.9931941170212417	0.035560725458759775	1.6135959775986186	0.4419136859984162	-1.7679940114012391	-0.5474581775769018	-0.7799635771238569	0.38481227866348117	2.668958959534829	-1.067175709159907	1.8782540843540756	0.8560208387061133	-2.284506443673722	-1.3028645828382452	0.5389383857279806	0.6966858786332767	-1.4105753011926894	0.8998536036161208	0.16684189425903348	-1.5285266709359129	0.7298138664563095	0.9968620985659001	-0.3894440096831144	0.8129606156115128	0.6408618090144773	-0.023414446702976904	0.25500954341385423	-0.18826184524510445	0.9972950826346226	-0.22169474105334597	0.6254265204917872	-0.42786716626777044	0.43561311421312815	0.414041531767169	-0.015832763883449556	-0.09886251895653958	-0.32956890778112846	-0.5220899614658098	-0.07484350549923117	-0.24962854205687107	0.43340568041109256	-0.2065769501626585	0.3272851630834787	-0.056485042182502714	0.18062318812672964	0.24545169418517063	0.2035228849931866	0.11748196651733452	0.0482178036292018	-0.32039468033784546	0.21226133182488321	-0.1363286228849601	0.3558877608496337	0.03383118966948908	-0.10756024716823792
DTXSID3023059	-6.4708741153631095	-0.8691982418948621	-3.3887626499528962	2.4553571076063374	-4.265876099460605	-1.785805902998911	0.2708028608799833	3.81233808726786	0.34020771086778884	-4.172018207917062	-1.422705515199994	2.671948267201085	0.7735183150570837	0.3699764427843951	2.713986045054067	-0.39687396108506495	-0.1988012486963139	3.989833223095398	4.197038784174923	1.2921259394866502	-6.791580809862208	-5.3984335677612485	6.033727535422771	3.8621696763639326	6.229320671229585	-0.6002939632857934	-0.4037764622311916	0.6225549343760418	-0.19493506684734213	1.3178453211281	-1.2842069707266002	0.4342440637261355	0.4333952787577621	-0.05561752143268009	-0.7539626157246423	-0.6375078365048812	-1.1990369570315538	0.7298993030388702	0.9014607767669757	-0.11008979572263342	0.3087193208900851	0.24100784477337986	0.24537967609693162	-0.0393843171394244	-0.1492613096792905	-0.47928471404839723	-0.34527351041145127	2.276472325646453	0.9241924915040153	-0.32697085156729816	0.6502178789312806	0.9707368990163131	0.3216865748699948	0.5458293671955089	0.6002879604829031	-1.0576743122994012	1.0718475060213115	-0.6163187232921516	0.25132927439964586	0.38688113140744423	0.5876246077099035	-0.13782552363667105	-0.12087724157898512	0.19090206516444638	-0.6774319928483	-0.6776632086495014	-0.6485449916926372	-0.32662062032121963	-0.4920543761720011	-0.05016057846527671	0.5368304075504107	0.31553514768515545	-0.24597673443082121	0.7858578568806054	0.6165122552103804	-0.1025080339702537	0.3937948291457197	-0.12263712545469099	-0.17745562191916764	-0.08669036921607412	-0.8297908331601832	0.12724838296112795	-0.1681898362133565	0.37539398273397034	-0.5086944058729786	0.04242983625224862	0.35625460565093364	-0.2634968167258404	0.38020736136433897	-0.14229862699007742	0.2487857569199026	-0.24295417843567677	0.09569337087148404	-0.02641196732680691	0.43267187720901523	-0.006680826098989379	-0.19105605186206728	0.8196073748261389	0.7505918619577377	-0.04395198484502163
DTXSID9046653	16.198239982211998	-3.742190269427398	-8.728138243723832	12.780943428886006	8.800355135325566	-0.8443398644541046	-2.4885329340745033	1.213323338216897	-3.226145151643032	-8.308540747425962	-4.081433362667018	-3.7493076550436375	3.619544148199826	6.23458319718993	-2.0426867547986896	1.7396296852209983	-0.04247023421422454	0.8706937916265249	-0.5943396798248745	-1.6462284643233391	0.2112128515005785	0.22852931851519798	0.7811730161146158	0.9374965361554164	-1.8555704938341606	-0.7561330641500179	-1.4861084170831687	0.5929609931859641	0.020528526747465362	-2.2503663461164702	2.9035034352326594	-1.5487038835842764	-1.6296973385079563	-0.23899317323013325	1.034203369451487	1.6206906226420736	-0.060501677290852346	1.0934454650874121	-0.23603274002922883	-2.393341430160439	2.1948506214277392	0.32374117084759296	-1.5289351894643932	-0.3233244790335349	0.6722692871571222	0.8020941343061543	-0.7396587570602051	-0.505978859976754	2.706356685775458	2.9482934173388053	-2.7380750947638433	0.36455397828081465	-2.3139300366795097	-0.9953434801370878	-2.623341600224366	-1.9931445478352836	-3.269647042396522	-0.1596831241924193	-0.0594108347192188	0.7543015926844203	-1.2407634605578246	-2.9735377833166603	-0.2330098025124287	-1.573316717642416	0.767908224256637	1.534726888772407	0.5504243952185427	-0.7028120467449378	4.05226892875935	0.5648665262379349	-2.011355453436897	-2.9332751908430788	0.5035805735288061	-1.0144635824619923	-2.158000745745864	0.24529131930998907	2.898617789089664	-3.01637093204624	-2.4432486401292426	-1.5336475191633367	-1.4833978343144458	-0.5584442775788159	-0.9128876566827587	-1.7878548630679494	-0.6453297569169667	-2.477411088479341	-2.0820579937607313	-1.6181138048674897	0.06460362886540316	0.7685008226766465	1.6253725963314913	2.8506603053207153	1.5811151186827102	0.6177314088522254	-0.1168366930099372	0.14868991911160626	-1.1242067800074322	-0.20502466850804837	3.0926816141404085	0.6470085833124468
DTXSID0045545	14.058891881307634	-6.650927557400097	-3.053303316208694	2.8610121472085366	2.7417126008382677	-1.8268160189364306	-7.194611238615318	-0.9886793540768493	-0.06501056113436955	3.378821838647381	6.935307924622524	-2.4615142515064736	4.280128656849667	-4.076421140207994	2.6022018830338483	-2.341285333975738	-4.071974986443642	-5.238179549023872	5.829102104217257	6.181992991561024	-3.939850442003171	3.6683249484792815	0.9178657203589374	0.659145500216199	2.4231317979563842	-2.686641037277938	3.305509936294555	3.6481578336409757	3.1627498192562733	-7.974560518874255	-5.972892321529815	-2.7779476263058367	-3.580024674136836	-5.755698421452852	4.549784738339852	2.1937677944105594	-1.1002294101600907	-3.094302928209779	0.6274364427524224	-6.585444693452779	1.423617247654491	2.2492846427596183	1.7946264744374807	1.5537339687851006	-6.407163692157461	-0.8635800411657688	6.610414019547802	0.7088666690628179	-1.4115043461498544	0.08567937247170682	-1.5748355430661751	1.962947364070816	-0.03616741915967952	0.34085345132186756	-0.9565288554167439	4.024671557273639	1.025600433891584	0.47163735455511846	-3.15392168346093	-2.773534716030337	0.4028350425289257	2.0615796503055193	-1.4347996958987919	-2.0610591952520854	2.074078706521527	2.131313133345822	-3.0914980601174737	-5.971749977913285	-1.0129434977268166	1.6947488608732197	0.07372709078795298	-2.6729965350965674	-0.6749319711789299	-2.6480502688321463	-3.9362037054464554	-1.9513898634750269	6.230611771562944	-5.346774535373273	-0.7354160098934133	0.40061588624467737	-0.7929862334826075	-5.416305764855233	-4.639218877326353	-2.923591707825177	2.071178173977577	6.036754787298202	-4.684560315057437	0.4738842469596353	4.719448252167368	0.4691937770247568	-1.4533444651264789	0.5335051142793906	0.43323520172992697	-1.4051912561918214	0.5789531640041016	-1.3941518890354523	-3.424528935536538	-3.234629166336869	0.21999408525661682	-0.12233792857684413
DTXSID2034590	2.2507225472667356	-2.291546465655929	0.8599904107110864	-1.676710056597373	-2.151126962148336	2.7849629227693864	2.498925351096974	1.0382948773501965	-0.21723961610263945	-1.4280876307494024	-0.005682391726212018	-1.7322082928188072	1.2595640240180066	-0.4526250929968712	0.5590218822911179	1.7116494868256036	-5.223678219716321	0.7852074115919988	-2.6081022366180155	-1.1211308903102901	2.520546468426077	-1.34521214186087	-1.009545039581647	-1.047769557450709	3.260079625361277	5.098053006901913	-3.109885694729178	-3.494129858210987	3.2124242188378154	1.2963789476706722	-3.249939211068428	-0.5747707526631343	1.765820170286103	-1.959232606795739	3.6520185090904875	2.3096289478782146	2.3401051589787523	1.423827928171236	0.8929458733931709	0.4641058698566575	1.7643183162820546	1.3723319727931498	-1.1119892000931337	-1.4342501920684978	0.8837057132867225	-1.8509610089909843	-0.8732798223259388	-0.6398746166112381	-1.0242583237906449	0.7758419987303865	-1.7276208540515778	0.808678857478881	0.9629694516494394	2.820203477622397	3.322062961834683	-0.1135508437092702	-0.10150692993182907	1.5131990493268126	1.8241556064302022	-1.657216954847053	1.7181116311970335	-1.0035856062990876	3.4154008314261137	0.6414533950591972	0.13737844747058936	1.607697330277171	0.11329995030966208	0.41151944242363236	-1.690295079190961	-0.718286942133558	0.003908018274240401	0.7355779285269481	-1.146290694660088	0.5020815814262258	-0.15608416164031483	0.3548498226341438	1.0702019760634784	-0.7620219079301539	0.3619347005978927	-1.147587064303735	-0.9265902319718137	-0.47992940440169224	2.3886436388907426	0.017160310098173558	-0.03442186404635745	1.6024573734548269	-1.3741998702539306	-0.45632806486004834	0.49312820481899006	0.9644909324027827	-1.8892550172189677	0.28799092215276756	-0.6758068991378975	0.7007188881133988	-0.926893482210252	0.34471648069168553	-0.37237880219287683	-0.04389474693923288	0.9183324208183066	-1.267696812736
DTXSID8029072	-2.0975833585540893	-1.5033634138806022	-1.4125905961913507	4.446897945306645	0.7526108799974901	-2.890736483064937	1.4645680309829145	-1.4852038703789177	-1.4109294695942363	-7.469419147263473	-2.6001882843364243	-4.099867953038285	0.8826936504568882	7.5607829015721695	-2.1336366342038495	-1.4427946876777404	-1.3489863246252813	-0.2705708407851876	5.243187770258734	2.321865422984866	2.081386640185508	0.7759925519720918	0.6677613135907995	-0.2785305318125962	0.49303560542498376	2.0049280577304915	-0.49380981001361307	5.3280372849836795	4.03648569837283	-2.415853795224797	-0.2292192915122161	0.7596777340712304	-4.401580553543426	7.067682509979172	4.295427461167443	1.6611728100242764	11.794053821726807	-1.8359265232095465	-6.6242945380619975	-1.595318767859328	-1.3588988963452293	-5.2966045619155055	-1.4452018938611655	9.488156914247499	-3.0994952901521313	3.8529178107909514	-5.062342865903707	4.969755801054787	4.216729520506209	-3.7076085228883544	5.391015401108872	-0.031724251995285974	-5.960869391454571	3.053587981208728	4.257829618663567	-2.271202538676137	2.914212483726967	-1.5270579855570403	-0.40087746094866544	0.9455679657299396	-0.7112018425069725	3.1814693668911613	1.9010240969967322	-0.47111704446241437	2.032764589865743	1.0578628801938705	0.07688475424913802	-1.143543805707096	-1.8120891777351502	2.2630145519578537	-1.1254825938481707	1.5934402890727855	-0.2517336345691815	0.05941529167774659	0.5176014200151071	0.482429970118537	-3.248160217076437	0.35800882488634006	0.8485520949347569	0.3587091361529752	-1.0415638026975236	-0.6976549387080282	0.24525744946659375	0.5679963165019252	-0.6575395878406699	1.6297714999299384	-0.06320268890834539	0.27688212981982024	0.24684073501266404	-0.6086983216606441	-0.7751011974339639	-0.5101754919639189	-0.4940841082519457	0.5828107288602082	-0.9693383591909527	1.4368474472947939	1.2559145068542434	0.7082148363999583	-0.13626644280594663	-0.3430574984113037
DTXSID2057607	-3.290448712641527	6.213694513552494	-2.0040760757500937	-0.9570590496562079	-1.8307466987491086	3.422087842514336	8.411045310531238	1.8268078655433435	-5.329132919832143	4.161759719725779	-2.665719684635527	-1.3625543749864728	-0.4913984323389607	-0.49777935294253545	-1.2682223191498407	5.6223605847183435	-5.1757156592921145	-6.195956236481571	2.1586495604711606	2.7771756415458264	-6.641952116713334	2.3550174398169177	3.597338489750949	0.9262155365517647	-2.314495190329283	0.5242854687130668	-0.9402009597569101	2.193204535040177	-2.926347660146731	-3.730769201006167	0.9669157225925802	3.3506217275829995	-0.017521589720902897	-0.5511281373797622	-3.6577787637628454	1.6341734441793538	1.7791571527221273	-0.5230695114468131	-0.4438277137751436	-0.8929801572915548	0.33195080930769505	3.2650276160091436	0.2524629452514893	0.5310490433645	1.01839865402545	1.800164666448659	-0.29940836230721657	0.6720715414978267	0.4273794866477511	-0.8787823641106869	-3.1576281190537987	1.0974707512108248	0.08306889104168536	-1.2374601117606387	-1.7940968428782893	-1.849863068277928	-3.1767832428716005	-0.4142601517005329	-3.7296553132454235	2.6934393707419564	3.5757866212345393	1.6077727144451897	2.104134342101294	6.314323329702368	4.361843181059839	-3.184548520896928	0.5330684617011174	-2.094918462295971	-5.192192806335597	-2.9122298242361766	1.0196164872068452	0.5389191845037484	-0.5092463417430533	-0.41000531465986706	0.04950950229108945	1.5488309402024127	-2.27457961817609	-0.7811023193599704	2.497149373516471	1.9849642041019904	-0.022587454707046494	2.3783678436374327	2.7218026165635982	1.568467976649964	-1.8822582504788417	0.037798525332277524	-1.1878669697492772	-0.3149375753964159	-2.947573094927933	2.4841387726935262	-0.8350531433082676	2.5564000747127	-1.9387605599822677	0.11793114323196768	-0.1986983654376264	-2.3737148973167947	0.612449987026621	0.8731257065503463	-2.396577017260795	-2.355741616536248
DTXSID8025595	-4.513600002046739	0.27504517018024294	-4.089851679256679	3.0973544324496634	-0.1617454161298215	2.7829084183829615	1.0762924964587626	-0.25923038815478017	-1.5729192585163776	-2.218146393538628	0.3522454085237201	-0.8744657208386474	1.7620100643027174	-0.8919721006406431	0.03657554497149841	0.7555673628042472	-0.40265949057631134	1.2760443596208821	-1.5122107485596739	0.1858770206502976	0.18007330901592386	-1.5302432204309626	-0.06724223589514203	-1.2145636518121727	-0.5781105178969146	-0.9124343314243311	1.1931079965134874	-0.03224513062942908	-0.568798371778266	-0.20830356043449538	0.43661410577996623	0.741568262358858	0.19657879269086906	0.37937440757095475	-0.20502351048775624	-0.6349781573899858	0.8634546086484465	-0.01772011683576919	0.5481090493975377	-0.5388371534814806	-0.05355155337225134	0.3124576131798613	-0.2436090311555718	-0.05899450597428406	0.14126583354139316	-0.8912764738338987	0.10044373578599865	0.21622802199851932	1.146432486866337	0.6822600272496554	-0.6440461128082522	-0.07881546725369082	-1.5345475956642989	0.337796012142934	-0.7711054963729224	-0.47978272199217753	-0.8265016224795104	0.8846907694338628	-0.2605706471206808	-0.8788684158183265	0.47493707661525253	-0.31516041591839455	-0.8297701635175905	-0.11466306331698814	-0.7556751061270718	-0.9363206826199321	0.4653078077544425	-0.2198603765553976	1.3765251079075926	0.4810230875205642	0.5685959463745969	0.14714591277164074	-1.4933731248733972	-0.44454005561904825	0.9683101486278908	0.8633587815283368	-0.39430334375204135	-0.5339693554508576	-1.0772879599058296	-0.44606244403158174	-0.8127853365333798	-0.365387569093955	-1.1238322165654693	-0.15321233087919578	0.6705592340501985	-0.5873743296270065	0.2794885134944335	-1.0993245678178953	0.5839015213250205	-0.49311610727875194	0.11158065498316465	-0.04091903504633403	-0.10121180121994343	0.7154943516941833	-1.0890917123156232	0.585478505465388	0.47511973122735035	0.5918673953489665	1.0092659332448959	0.5251355344443215
DTXSID40196931	-2.9771078579742127	-0.5737869418685125	-5.907029787833808	2.2394518192717845	1.2937398217805398	-0.4268190316223278	-0.6242725662387565	-0.7978735638745642	2.0061601086357257	-0.058840650834891234	-1.6208347851798852	1.0856898781891289	-1.6583598457778828	-2.2815264431576616	-1.0528945982310522	-0.9202524842712606	-2.4925042253244944	-1.1958844600068756	-1.8675536219945825	0.591138807540947	-0.8149869220835454	-0.5306086048765553	0.8068064974833	-2.331665393524355	0.9779212588823806	-0.8606752823772331	0.06084548145497734	-0.7377407507696159	0.6762195950829696	-0.5624737298096063	1.630223415484664	1.020089584114146	-0.10197277463897772	0.8394459632625533	0.7960543083769805	-0.6114679466055338	1.809178162468993	2.300779633260651	-1.2190482132571048	-0.058379114018935536	0.6566026725275242	0.44628004291662304	0.5751059179169974	-1.2458989505945002	0.7044637328866882	0.22849006299164565	-1.1154816528776859	0.0915707960611803	1.1962257194828592	-0.24105408382722165	-0.9994003043615381	-2.310061889552101	1.7963852907089235	-1.3251780573307779	1.2676396138390433	-0.2753318147471627	0.9599162046961092	1.7260430800535607	-1.1820438178754742	0.7186444085782581	-0.3023190375588373	0.5539622914081822	-0.0632009378079108	-0.03271476916874727	0.40242944916877343	-1.5926270905035238	1.752132476002302	2.118876306365639	0.2833280655279586	1.895870969336512	-1.273513158303548	-0.8637673997761139	0.030200465692918916	-0.1019654048702824	-0.7827773492542266	1.8127534873545312	1.2933680022949205	0.06658010764382481	1.126960835644785	1.138971475590455	0.10736018322391291	-0.003897331924744669	-0.6951888821377769	0.2805044398266437	0.7879323907354999	-0.38435132331015115	0.05150359231281286	1.5104106697717743	-1.8109561113359858	1.4595772468031571	-0.4151250414137605	-0.36812708428898583	-0.15905121187449858	0.8604701207242907	1.5206079319020647	0.30939889847579444	-3.029562272896579	1.1652508544448548	-0.9586200672690373	1.6768532256150153
DTXSID7040732	-6.375974024426065	0.1258308986805256	-1.3436579216909317	-0.1449059666105894	-2.227622585268826	-0.41229253307036917	0.5182026145083142	-1.1470187082506504	0.1460255976332556	-0.38358767319239107	0.441198985019256	0.35419870493025907	1.8173544436090865	0.747107750783215	-0.8280939248903082	0.9220669640455276	-1.911046117917502	-0.305681524276904	-1.3665977359644472	3.011173378332957	5.183585867485857	-0.13091610921877364	1.9353497518789384	3.959669501708847	0.8260020208489961	0.3782621786813343	0.3251933700366771	-0.124312367003886	-1.446070769555449	0.5805756193125134	0.13217989619621467	-0.5769868938627842	1.007270239424666	0.23929480338449688	-0.10110415927859881	0.6058742684839312	-0.3045436589329955	0.038118355244861644	-0.1331165630328346	0.09240882341794833	0.06175570906608388	0.7879675413485105	0.26096572175518434	-0.32490723800853705	-0.17034164504990584	0.45588864020375514	0.5376694993970674	-0.42236136030847915	0.8071791498085829	-0.48958899034813846	-0.09586679274413981	-0.7472798983203947	0.3793547571044029	-0.18005574288934825	-0.045741802934328814	-0.4351803553671277	0.4328156400846063	0.3661226358445609	-0.8378941061681593	0.6834476954336565	0.37987623648089486	0.5044878603646109	-0.05922355621560866	-0.2485419808876909	-0.4469183659796116	-0.35685239396880647	0.0722406615406527	-0.15438999508153173	0.10012117472094662	0.1811123135158029	-0.08083814722593152	0.35317002219226207	0.48993364967132896	-0.26629399494532113	-0.5619197015699123	0.584007760257984	0.48004339885972325	0.45863908956174687	-0.24511778300262022	0.06659944721102506	0.32383613103189435	-0.08447614456728875	-0.2186561787222471	-0.2926529869775138	0.08624622122743746	-0.06695138393102719	0.07158965776610285	-0.3437413161283996	0.12654377180110526	0.13822618495959885	0.04662625234630665	-0.01841193399339871	-0.11805527915208035	0.06321296870634782	-0.4880685115980758	-0.30448405054395944	0.24586501778812295	-0.022089009741520366	0.10605645979806647	0.08817434351053044
DTXSID1023239	-0.3001229278689741	-0.055777860900700665	-4.430867118505002	4.441839843693953	-0.5180987987920016	3.664701087221625	-1.6738756154410401	0.2800175027685059	-0.16970004141606823	-2.6833784552522983	0.3928188865107213	3.431734011915133	0.19724385242126177	2.246302967901873	0.39061678428759167	1.2883848130833677	-0.8986093244383938	-0.5560596114898738	-2.2372706681292596	-2.4700403922593335	-1.0223970503543722	1.7022797296218433	-0.20707546633079404	0.06332965634672967	-1.6797186390718577	-3.9947024150427657	-0.09079016160297153	-2.913199522133754	-2.727072343925579	0.5124985259456357	-1.469025616028787	-1.426585321876386	3.463063573322399	-0.5130467818421777	0.6938983922203399	-3.793941425034143	2.2424091937455324	1.276808271756488	-1.0647104328862909	-1.0496442567571882	-0.19380552434551665	-0.2667398877394763	-1.9065188557420818	2.7872120998331207	-3.30555349101737	-2.1714765870961408	3.64578063348488	-0.15833755966436963	0.2712067981675716	1.0127724406507115	2.495804533192897	4.5591886040829	-1.7445987336790363	-3.3639950645756045	4.753508799821183	2.271335429402428	2.299521464759791	-3.1288951260393376	-2.4440972777520575	-2.367915719228374	0.7606250253349093	-4.453636995420136	-2.3064169126184324	0.544605785529565	1.5615504645076288	1.4193701732527326	2.4196655041451374	-0.6068529717963078	-2.210038741449501	-1.9371061646756913	0.07095631121045635	-0.7532012940559046	0.7049014258731634	1.3764287615578539	1.181831611256487	1.373519471552132	-0.7362579144365721	-0.3929772335847612	0.23901065987921996	-1.2707619098206755	0.16098119428245644	2.4710181187694027	-0.3709134160159101	0.13031144821976712	-1.614753783277588	-0.8384695740337474	-0.42688817908783894	0.7979596999009683	-0.608070214732222	0.22043140643612694	-0.3330407508123311	-0.6482560488458693	0.05634069962738262	-1.5580684904689754	0.6492915184198017	-0.28210480870389526	-0.6298824339116944	-0.7804606094777727	0.5946227074090163	0.2723304865310352
DTXSID9023677	2.9995206043813134	-1.0303471770348651	-0.34763960003986677	-1.4318535566926862	-0.6959288309576611	1.6583398895351271	1.6759809451813148	2.7906741269514774	1.3485872825742244	-0.15968903875264506	0.683731717160765	0.42911142259630985	-0.12087779690618637	1.6699606756192509	-1.4515163238516982	-1.071249226109052	-0.41711513140472417	0.316204427538085	0.46020363524694513	0.8151489327081184	-1.3288781339549105	1.0748687306217213	-0.4577509265455464	-0.37432791581322405	2.1112126942884917	-0.007063507049958025	0.36413862120334806	-0.420906532186957	-0.16751533363854623	0.01968123283959264	-1.1136692069931757	-0.6346066192110114	0.09410183344193138	0.25416732569335565	-0.32153851087085683	-1.3108441795609809	0.30496887938458966	0.23538416406492768	-0.4994529214856721	0.11632491481660395	-0.5737759698164675	-1.107356210481161	0.1375969876452272	0.25193193648109885	-0.17918028734856242	0.04437691824216068	0.2991250748386946	-0.5548680922046346	-0.668375309345657	0.1785790271191099	-0.10775558316910659	-0.8026984939329214	0.40995906090440165	-0.34482009953525106	0.3546830491628441	1.401120723505823	-1.5578422292912193	-0.950472241790151	0.6895572421640072	0.604671577188919	-0.5517609790412555	0.5167965091107998	0.14965753592143907	-0.5699599053016043	-0.6755772834129405	0.16952571715180687	-0.0018468686751210422	-1.3849453794289146	-0.10965590042505227	-0.45023964766730473	1.0549396713100025	-0.03562323313764555	0.12702647140423168	1.45430967918641	-0.4983107872877445	-0.25801847259457517	-0.7923891295873411	0.27620281470023006	0.7380813460731322	-0.3317763035464513	-0.7239126116577616	-0.21900103872294774	0.7418225761272548	-0.6765812803036473	0.19901436761614807	0.7875632727731716	0.5213257406280951	0.09220792815184702	1.1367751033525595	-0.1321047842397924	0.6137964274631313	-0.5983744622078088	-0.1931082268113238	0.5751203501505364	-1.1592795448407658	-0.8502896203870386	-0.3133348721866241	0.14064884363187244	-0.47707063210046824	-0.4251582137395971
DTXSID1024045	-5.913632023919248	1.318191405931709	-4.147501218411533	1.2228075096088797	0.9056148846225398	-0.9485006823761886	-0.41432268334213473	-0.9482064056158475	0.7455749970008116	-0.79447045095458	0.35233667389995543	1.741603971619985	-0.24523597838417932	-1.111195056632311	-1.2268125465871622	-0.7376564612829166	-1.7621232348630302	-0.9806993946442784	0.050819026007790875	1.2376708629335655	-0.5113424040545795	0.09630503324139175	0.6970720056806302	-0.5783437448204632	-0.3387537350770708	-0.19580307131347816	-0.0668797154598959	0.16390434458169054	0.4864421384670891	-0.35992022382210026	0.6332917738435802	0.852844703237951	-0.24795113300279217	0.9186088027316177	0.34626395388839554	-0.22911280008458587	0.6636059651194196	0.6908691941168429	-0.23009481221887026	-0.19558214057411086	0.2635660321009259	-0.3385152219375885	0.014234442284151742	-0.5522463930559646	0.6575005686239359	-0.005714329979848107	-0.6166643436527182	0.3745888906585165	0.03126724722295744	0.011464630274730821	-0.39080609170601555	-0.31200761915718356	0.28840339483079197	-1.2950758080969416	-0.4436938139885277	-0.07217597919785194	0.02838259366982373	-0.20193280338570022	-0.8148643210835379	0.17521304608094734	-0.21661032242043116	0.14247595569982782	-0.16032015225051208	0.037677611778755615	0.2561552023554763	-0.15505960390746426	0.42320834572620797	0.64232343334449	0.20178696116690067	0.5080935191122484	-0.8938646533808535	0.005515849106284399	-0.182949882666852	0.5364598537651704	-0.31381506085378397	0.5378600954112427	0.3146089558187319	-1.1129074499820382	-0.20285039803148575	0.6643866829347855	0.20483283982661155	1.082512384085595	0.23549014505730356	-0.26571995980375296	0.125380242068436	-0.07469216434128274	-1.0371797922598807	-0.03914225386218718	-0.09433773322506	0.1016921273362013	-0.42345896746506106	-0.1750312781505775	-0.11062361464241924	-0.0909638112603975	0.611585852543571	0.32330670103189807	-1.640064237872378	0.5241334197642288	-0.5712454928857643	0.6071642576273198
DTXSID9036226	-1.5938428652817958	1.4841552591841578	-5.715323218928501	1.0437142680240306	4.985768012421884	-0.49013747182038736	-1.7480212073343224	-0.8151498371922353	1.2251560426985466	-1.5998265941254128	0.45615884070975826	1.1254378836701113	-0.32955894472592095	-2.5588747083320396	-0.4805969193476536	1.581037467004401	-1.2596788472741927	-0.9380828913158262	0.9013493452482968	2.02799910616467	-0.3886509914270007	0.6884209499355504	-0.4984542033826347	-0.6332851028668985	1.5061625836115067	-1.52695826960899	0.8132829906723456	0.5892522566569113	0.3002192856845395	-0.003209559177243136	0.8395151672676144	-0.2211643907090396	0.1401864680581449	-0.6852394456537995	0.3765116097755776	1.083895177093034	0.5620291092397559	0.36861787113247063	0.041883125226088454	-0.6806890400762404	0.20736435614792365	-0.2163982061529735	-0.3533524443080373	1.0550520437014004	-0.16865271459845213	-1.0695205944074624	0.7036147096898747	-0.22180243103544023	1.032469197318813	-0.39392798565557086	-1.0426386327489614	-0.22279919314230223	-0.3415077665121408	0.4494494750764913	-0.7732070783216188	0.5551323435138992	0.36978712862492513	-1.1319409947654104	-1.1520627978190665	-0.7529023871184864	1.6692238049632013	0.3247530934449643	-0.9392682450978453	-0.829607785037485	0.5658312315809297	-0.9990256505707985	-1.1013111789740349	0.2529514182751186	-0.1434554502362798	0.3053665577720097	0.11148946760663951	-0.5988946336912122	-0.91525096663871	0.7903443421935272	-0.07466411598366823	-0.31340107459734123	1.741840465289857	-1.6743894496339817	-1.1514141691615432	1.6801999741799962	-1.0363122057993355	-0.7597693709647694	-0.5141271924138471	-1.160141268430619	0.6970823639844932	0.4310477214719382	-1.5737329056264708	0.4074480629925577	0.7296680883642199	-0.7771732755581376	0.23267265295710618	0.7114342934664984	-0.3699510151029387	0.3138036053202679	1.4759933010783424	0.9349013128810362	-1.2963822478523288	-0.04129542401017938	-0.5405772826153747	0.5049448715070214
DTXSID80379721	4.431861267333643	-7.018034929538781	-8.077277201855672	3.078645907184432	-0.02653559146126045	0.46887941691404506	-5.670701858348031	-9.52683770379206	0.41386212389255056	-3.6750174331940575	-3.8315709114117866	11.114374712720522	-0.712242873745867	-1.041116258520002	0.2383922502591069	-2.971797699672169	-1.4588949670706686	-3.5389956594921266	-1.2007640718714734	5.004960180617288	-3.522697711858116	0.4355527225055292	-2.184849848161607	0.12727771579262193	0.8590524735069804	4.571644092430315	1.1770900364160386	1.9484091918042448	-3.740239059742837	-2.304847762846249	-1.0655816664771747	-0.07183723936672179	-2.042881999717705	2.039623393175212	-1.977511630924198	-0.28519494206026247	0.7538063970669641	0.7924531673597869	-0.4213632616769229	0.7138258421464574	-2.0807367959654766	0.6167717157127454	0.2718872584530814	-1.271144194453962	0.555919857950014	0.14571932352411576	-0.5211885032524617	1.1987089248534677	0.8109387747460994	-0.201929080923977	-0.8106598376995995	1.1048625373153156	1.5108153031904	0.8998456167761508	1.8296802588884908	-1.432353917293944	-0.7776460351423742	2.6317151099560876	-0.3157596801846925	0.757308392010257	0.01528550032735344	-0.45951261490131984	-1.8809845122128297	1.165281370952611	-1.7068400407511395	-0.3078196611774971	-1.0087506660287484	-0.20442472498922526	-1.1362365420688512	1.073834821030986	-0.8183000246794361	0.9527517204252893	-2.702942191441536	-0.09112530052156496	-0.7291371170076472	-1.1052363832080414	0.4921540598900373	0.6680296648745578	1.6414257468963735	0.17125282840794612	1.473003563897701	0.6441943922556422	0.9467415934006145	-1.034881954135327	1.2145665991313177	-1.17404367758527	-2.573987552996896	2.6804928612545393	-0.28461000517213736	0.13034826943581435	-2.0011628932789476	3.278742596871717	1.1231434870551784	2.2123747302806938	-4.510943252590329	0.33591829083926056	-2.3269274013058294	-1.4771595453947666	3.2485784987861894	-1.39099603773338
DTXSID9024774	-6.072211293151611	-0.7387494095174375	-1.3696599000785354	-0.8231077929984337	-1.9895312908332787	-0.4835710327119375	-2.406010168713978	-2.78485191104161	-0.7918251409690081	0.20770298481527136	-2.1302548041696636	2.986488315609126	-0.2226192174357858	-0.7578895455694689	0.8970016070772269	-1.1529460431613712	-0.19330233857081483	-1.6349782363141256	0.7610197112772196	1.384800209845667	-0.42159034361078906	0.13608248717175325	-0.38175868413934655	-0.015459917124431993	-0.6672139473142271	1.4187344727871443	0.7368137113706437	0.21354937797401755	-0.8935412111677501	-0.28511506897451405	0.43391694368699296	0.3866497778159489	-0.10112433941887047	0.41672920221554716	-0.21056977127437893	0.23812589608755907	0.8243366192900979	0.6002197051675319	0.1961018367150835	0.7367856855698529	-0.30215503315594605	0.6493219299940339	-0.46165519132512495	-0.017688124907916252	0.5292896403517281	0.04334238430984805	-0.24626938670846368	0.2530666941409552	0.4148202257242878	-0.12071337957984701	-1.4466270978103637	-0.7451065773926537	0.6319300360142505	0.1076286340072186	0.5320135175142785	-0.00821336891643555	-0.041638270390572656	0.7439050204761717	-0.5790180148857982	-0.011858527016507922	0.2156477641229686	0.5568003698155957	0.8866853217328937	-0.12377883367035503	0.10917775078307301	0.46600407008359074	0.23286833672032853	0.18945009186174533	-0.4180188921029139	0.09868718290293704	-0.24898810749895567	-0.4004375045039678	0.5030781273553023	-0.1917363891983786	-0.6787449705448921	0.2740790953501378	0.4504631342432389	-0.4818381309761844	-0.282753996975712	-0.315526181589809	0.15550633459153013	-0.013594321367938377	0.03934531841152487	-0.4787168069263014	0.4926782039203456	-0.147677363917111	0.632692064815405	-0.6874460642945176	0.020983481919421437	0.05471737090424711	0.17435857550596776	-0.3077686888338001	-0.08771417125193154	-0.20863902862798742	-0.07072333287214679	0.12395739521546649	0.3598653125467128	0.29539581419177313	0.08514231645317685	0.12896484172595596
DTXSID4026927	-0.9049564579817866	4.7016346988023665	-1.901259673235846	-3.9045573337223254	9.286198943359544	1.1989388306379143	1.4724104570508838	-1.4180427339362618	-0.18786165116677875	-1.142609736932819	-3.5316955464714397	2.1911487004165764	-1.6547221973095745	-1.374149775585181	0.18459088418161743	2.140569887737247	2.8039343807442427	0.46907504338199485	-0.05341989545128667	-0.3557209185187663	1.2564969854181895	-0.40232622428401194	-0.33145196913912667	-0.6253280303711941	0.9975255531416903	-0.4596925134705958	-1.6536981678822675	1.2428150512058393	-0.696110223236213	-0.18515699262072874	-0.3527316068888496	-1.1246649879265214	0.41838423373310585	-0.44315043381486796	0.5050017601321575	0.9291393822955069	-0.8912325258140019	-0.8732631188919694	-0.19122872908787972	0.5318494447418266	0.28975536588876855	0.240343867265164	-0.8459658287907877	0.924063783938573	-0.5193562293507613	-0.7060046157235512	0.8743883430580676	0.31799032930693866	-0.5610216128577351	-0.23140168635456815	0.6890914300010453	0.5841171968945091	0.46411816705090664	0.7923719391805412	0.6302600347757374	0.30055971714912894	-0.611978957117964	0.637602827909792	0.3447255703841459	0.26119452787794056	-0.1682763233372378	0.8034163960678139	0.23261800860948098	-0.12111017448587255	0.5206490843219334	-0.7715098620656882	-0.32866866273628215	0.71025149918979	-1.029549113253102	-1.3182441906134719	-0.05108813919235822	0.16481902896051054	-0.3264498706906299	-0.6373494239008711	0.2741230632907512	-0.07782355621470219	0.13849362688302988	0.9532912494771629	-0.7564314517524203	0.2498381246512066	-0.25478831569872235	0.34252670109213607	0.13106152561702544	0.3245989796510765	-0.23944551054101318	-0.09584290313435367	-0.16603581376573695	-0.22063430777537926	-0.008352067170294542	-0.31199663436947733	-0.5756318090531487	-0.7477059617706112	-0.10678499886986122	-0.09703901386496128	0.01943218657016326	-0.22206977729472963	0.39064114308219106	0.06761135170630948	0.14005988018777668	-0.10482057336732797
DTXSID2026157	-4.0976667636229225	0.006524931539166953	-1.9525831519173156	0.6688446916766388	-2.113157501071872	0.3278810811534645	1.560216816440449	-0.8252449052124394	1.3924798912324368	-2.682307824436831	1.1262499168468192	1.3555052580424274	1.729294192546099	0.2413910384200715	-1.7294455200124712	2.29986953352753	-3.9578720603848185	-0.9066914606738335	-4.492732135660097	6.060177018588612	9.935905111455257	-1.69929322122821	3.7111587462988047	7.17976285762384	1.8662831379661622	0.4487797123102415	0.7383833192311537	-0.49360308190057556	-2.8737433853435164	0.24855660155359746	-0.22508689529357093	-1.3396503854649635	1.3761259579271714	0.595513997534487	0.006928540950874172	1.3661865190126916	-0.7921256706845029	-0.12496879514270813	-0.974997079951098	0.25040452254033735	-0.09741271196612451	1.47735372719854	0.8823247905630085	-0.7566459240376118	-0.6843813122618642	0.9912612074922247	1.053879305649305	-0.9862588497575809	1.034221450536807	-0.5500244424961638	0.14010719223149792	-1.466585606983754	-0.028157339207566544	-0.697228824069514	0.0732005542464614	-1.0430775619129402	0.7028179116158326	0.5865408700666516	-1.5643441763143349	0.9978106423659273	0.0732922824664838	0.7073400422662142	-0.02296128376340607	-0.4408560515414342	-0.7944437380222839	0.1790754602582686	0.43927769584715914	-0.22121317562808918	-0.12906390656194688	0.19724771123779355	0.10559903184654007	0.8966369804267431	0.7210923174471048	-0.3685498118355214	-1.1921103314085968	0.963105000656743	-0.0035261508107023217	0.5568526939119611	0.03944629124658354	0.19985334996321522	-0.16696396209397446	-0.1922715422783461	-0.17648345465161763	-0.5565659221296959	0.16420073124235188	0.13312039202261305	-0.03262820191333823	-0.46426209990306344	0.027610760919055267	0.349485358123756	0.12407857373257589	-0.14655908711322746	0.11832959151550583	-0.3354827454508532	-0.6468464518528974	-0.7480064132319999	0.04785673265942709	-0.07510880312597493	0.21922661874900637	0.10084636102726535
DTXSID3046744	5.806937159020414	-3.3641007122635647	2.6892021023681094	-1.5412343123337193	-0.9715058104082253	-4.051789422088224	0.8566274129831969	3.058702583848701	0.5707822570052375	-3.943593565568747	-0.5421667210208936	1.857166124485852	1.0207264593765828	-1.0598897351832959	7.094189180010273	1.6466720054507213	-1.1077999355224106	4.979433148286582	1.326661987540437	-3.5882086123565595	-5.5053703593117005	-5.046261777485094	8.110661092865683	2.8734470328271313	4.077605987653614	-1.881191866244943	-2.386240273453048	1.04316856894461	-1.0420940327177604	2.197193547263871	-0.9006742640846995	-1.0842528377790284	-0.9166316496260092	-0.2707947733103695	0.06958981152850403	0.2685811015186782	-0.8890595711883215	0.052005247340313705	0.2904615789511674	-0.6908433698327241	1.581815008663077	0.6918901292189823	-0.33507947860525683	-0.33524302858847876	0.07391306188671119	0.3267688495015846	-1.0013434769122063	1.2335659087479367	0.5579404916084397	0.46236809113138994	0.09070316895572478	0.9005273265425707	-1.4854419545572073	-0.5950222211546614	-0.7029348267541863	-0.060278496027863	-1.159150094734039	-1.3859082670076943	1.1340768705251676	1.31766203394737	-1.2068956660776238	-0.26723024844293103	1.2641445664867113	-1.368830760811033	0.6147024979690475	-0.6384867586443782	0.2922564343008019	-0.31494077590325864	0.4340822738563705	1.5921761848821316	0.7637426208611708	-0.9593479770287818	0.045153113630304276	1.4996073195392192	0.6775900227637185	-0.27638238312375907	-0.593300642192652	-0.14850017219600434	-0.11684464823292726	0.3488504739656808	-0.19822618096854636	0.0004763993022962438	-0.780299162965133	-0.5925683273091499	-0.03834193172761894	-1.0168777855252336	-0.4861596967155578	0.26001808534422793	0.2166781380527568	-1.0098910918726844	0.5127455739336466	1.1644759504042381	0.9472967025317811	0.47699222292496973	-1.1032409123183902	-0.8421362316563968	-0.21074100542966676	-0.2949847254342942	0.3897821873490672	1.150979149860012
DTXSID0025492	-3.5700821823392	4.259330445420851	-2.140027558303989	-3.5114229880905587	6.661122138194034	0.4089329545226418	-0.19760574186624202	-1.9447315941387602	-1.0553355494051393	0.17042833933131202	-3.2864682752301393	2.0128671395515676	-2.101312459601038	-0.7368709986164776	-0.08834400246949095	1.7675188473871546	1.8459380737828948	0.8349045613156546	0.33907609531050786	0.06360371802781556	0.9929774481341119	-0.43150897402207467	-1.095893348215428	-0.6052837978027058	1.5481212564966316	0.0005457600161471336	-2.0518422803491236	0.529152260925635	-0.6309547812453791	-0.1490030892903793	0.7826304496344398	-0.8567859185590528	0.38674798413277867	-0.3038890741423821	0.06618563375158314	1.0464470764374005	0.07834655490348516	-0.14299730879953876	-0.2544918998277625	0.5192545100622833	-0.18138318582963064	0.5336342554169095	-0.732242961793764	0.5413930304431526	-0.8296595949394802	-0.7459917483559153	1.0307571285516728	-0.07828637083979083	-0.6427403091622573	-0.8809926203743954	0.37037473163500106	0.19775844995111802	-0.5147602023397713	0.6850782372872346	-0.3024440368109007	0.5927972626282194	-0.848436012584415	-0.26601172475933693	-0.21421732896889661	0.11296829160803477	0.4065512588544611	0.5258279248955627	-0.042928418527927927	-0.30878624689189765	0.3911914005624778	-0.7903973807008675	-0.4774407755580205	0.5839836303196878	-0.5799608475003238	-0.47322024063667556	0.49422009610223055	-0.051084220944332126	0.30189161177700563	0.023668873809600935	-0.40237663670201784	0.3766345608567902	0.10263137525717708	0.4029223099721325	-0.2749514681739598	-0.06985283051424525	-0.12017470246408511	0.3796331725202772	-0.31781254768465234	0.20043947269161907	0.10149036581044979	0.16305898801204427	0.1308367823253378	-0.1528668513513147	0.0873172426777206	-0.043602657447170644	0.025581883837511712	-0.15092344391232473	-0.3913571532948485	-0.22506363837046436	0.06857290368455096	-0.050493530607976705	-0.08434823956957724	0.03962238237076373	-0.03448624446129424	0.07783873437557494
DTXSID7049215	-4.8032922356912096	4.482410491358578	-3.353146095473584	3.193755775065531	-0.9032642981349702	0.4947335425317797	-0.17137979901042832	-2.182689287960467	0.6386945035289329	-0.12706649344081555	0.36856224881719024	0.7041876671035596	3.5713302233536974	1.041353075376845	-1.8311327915056397	0.3640155105066677	-0.002217105785614747	2.0538090620165543	-2.214698912103971	-0.7939146988806882	-1.2611924683283833	-1.1354586067533343	-1.085330549929413	-1.040958191739165	0.8562630162506322	0.5548577350179865	2.0962555365760243	1.2708904278569007	0.20719615296284907	-0.19064370118227858	0.3634527733013953	0.36938550642175344	-0.008248763990447983	1.1850089296842656	0.030454749903590598	0.5541559687432402	0.1569815625809948	0.48304394493176694	-1.015456638796659	2.7650656393672928	0.3880203687999698	1.1299078158853892	-0.1524543561835914	-0.6568981499467619	-0.26103375042681154	-0.3288579850241624	0.6098756255691626	-0.11994177062426652	-2.416160569813561	-3.166633428312895	-0.6100181787107471	1.4532773170563336	0.7010183788331531	-0.2014013675220027	-0.9504697352107982	-0.7843008992592558	1.6380148932117913	-1.2146418692786296	-1.3191977516388795	0.20045687722887032	-0.5610363385570926	1.9887667930924753	1.7106117007680057	0.3074375917250157	0.15325580414830195	-0.21551343504014822	-0.6034158114921795	0.6247212278220188	0.06854780073574124	-0.5028901767030307	-0.7109406286419949	0.09315369489192935	0.26151892423591167	-0.23392069397269732	1.019194933185984	0.7934908786906575	-0.16397837794457534	0.18323106895267205	0.7429037957269071	-0.3897007885849165	0.12064724127671361	-0.2178914744349055	0.3194771407013685	-0.3915255107142569	0.3644238734469791	-0.6191574294391606	-0.44359201955352556	0.012675662317990099	0.8657828724804975	-0.5010336848451873	0.5117591016558539	0.16822971128281552	-0.3843704768975778	-0.4663826448999318	-0.2567646484257664	0.48617727825147944	0.494357421559312	0.3066702513491245	0.41655065350140813	-0.0003611384257293976
DTXSID1048207	-1.7932830575242003	-3.2809108611101605	2.4741514096250423	0.48620558021967086	0.5748676554670521	-0.7564252721660351	-2.9951404112180686	-2.718566862082858	1.8019253557773323	0.8809014141890453	1.8077034712103874	-0.6783006607174126	1.5630825242056474	-4.224064561225963	-2.6942972999987096	4.228972575031141	-3.519469812613808	0.9717748276482465	5.012140395587023	-2.192507408287571	1.7609586213392043	-2.2205526050547184	1.0609174269239228	-0.401584263628324	-1.2741168427861633	-0.4518400564591253	-0.9925930231903046	-0.8672189028111839	-0.483950474914367	-0.4986116035081644	-0.16363387130725263	-0.15236603471549473	-0.7479107470423095	1.1495304071366423	-0.3767654834828536	-1.490831927627419	1.7902974635861275	0.3549100869186456	-0.6085404310410112	-0.1792348071647954	0.052457105687694947	0.5925209012752973	-0.44766083639358845	-0.20768066344934172	-0.5122439201007231	-0.0237380226449691	0.065256569520424	0.6569947693587481	-1.4150139807788298	0.8728282093899676	-1.1272419555325306	0.3139695482932895	0.443109986580188	-1.1924911379846337	0.044512878911103435	0.27299974926660076	-0.19584610843596884	0.6728703179824747	0.2259223760539471	0.8683980705421634	-0.8792266038019249	-0.004383955656365644	-0.24599040747419337	1.0916712573458824	-0.713423534157432	-0.35357461505707144	0.011354654385248054	0.5042624375902091	1.7274704019167846	-0.4647536671170681	0.32542137495319423	0.03223577190246425	-0.13738084325348648	0.4782652018479666	-0.7380654142124258	-0.1565893569314201	-0.18875222024059335	-1.0999540983937475	1.089173274479665	0.1817179123874418	-0.5855389074616772	0.34251565591105876	0.6225630899983565	-0.24490549269013615	-1.0095688280244883	0.43104224206257336	-0.0791322630720057	0.00880420198473342	-0.17774488889162185	0.22957924367334376	-0.03495389058873569	-0.19306234291362992	0.3752766892745448	0.2931581080525061	0.28189409726729464	-0.5467217715624512	0.043734440874544596	0.20316034020056384	-0.1584315065572922	0.38578283587616413
DTXSID9047598	2.403872316733123	-2.2077129997452065	3.7217440889657167	2.1228556815191197	1.8158520546275725	-2.642698992008897	-0.44727416379062274	-1.1877312749966753	-0.379678704052518	-1.0327363502571134	1.1399396688430934	-0.25363755678744987	-3.6224485551966628	-2.503430208261183	-3.065816511429276	-0.9493582354466312	-1.7002786594930013	-1.066148409341834	-2.4159776164250304	1.8172868316852338	-0.4224714352311716	-1.21336210053763	0.5661904383096873	-0.47762236958344045	-0.6361266408972152	-1.0380269039783259	-0.755383224540005	0.03555929198403969	1.3389145412041903	3.9452608815929127	0.7644240640954618	2.1094046088520844	0.2184987226410495	0.011464406679133779	-1.0707262200679613	-1.1834294838324688	-0.3182491571623478	-0.6481791425388258	0.5064824937133128	-0.6463221497439696	0.9920800554428137	-0.8968773175764814	-1.165638793343032	1.388010984902679	-1.0181124262807293	0.7347870133388225	1.6555986555968887	-0.7722967918762655	-1.0836260051435964	0.34357672624173446	-1.2440864372411842	-0.033032947376353136	-1.7286076272488875	0.040174908098347846	-0.7654761245775152	0.8998018177600746	-1.0279851080658955	1.259847925913778	0.0722492559162199	0.030174372527031937	0.7714638071748153	0.2734686925154294	0.6790953405524048	-0.5187589700943845	-0.6549029749798371	0.20818670602134184	-0.7339293710300419	-0.4090060561219895	-0.27092964209891574	0.2881806593512922	-0.24904411725426437	0.32092098940042924	0.16454971510263602	0.5543223265235393	0.8352891796628447	0.12843878280882653	0.22990784074540088	1.2035176629181101	-0.2182542646288122	0.420229982250957	-0.3558066492014661	-0.7272690876303863	-0.4212946636673891	-0.6246318355040212	-0.011314912333689111	0.3635831322285446	0.33514639049774453	-0.0516774328986849	-0.25564475864979586	-0.555202459069521	-0.1520831760106405	0.305817645218511	0.24925431116334124	-0.15682567228925776	-0.14299279216036712	-0.18390521803397214	0.2704439072036449	0.21470224713744918	0.024532690761972564	0.35705456719969864
DTXSID4046282	6.016617444049093	-4.753335118660979	2.6988738020937406	-0.7870713123838519	1.9926088520008929	-0.41918081126257534	1.2778332460733859	0.39748174294895405	1.9236673270468985	-5.153407643319483	0.06852884982299139	-1.4102032161909122	1.6711978918069703	3.132968341464084	-1.601058194018544	-1.450485323601144	-0.484945536786141	-0.23615850267799912	2.022281704522458	0.9200014323826055	0.15390040123291437	-0.380538514663068	0.6745979445475392	-0.8506224876938213	-1.2382316157449722	0.7539915807779409	-0.48268488560042117	0.2027785346934815	0.11524378083557689	-1.1682979683129564	0.4985211819179771	-0.4182344709543728	-0.7236867301383021	0.9712900710144531	-0.3130099995684357	2.2685558989783385	-1.633302188717901	1.1789878508753393	-1.0934272126401696	-0.1376468953706079	0.28361403593647394	0.8733927521786989	-0.7640922187539676	0.20533343393220146	0.07269849793029785	1.1021401823041854	0.01841437143477673	-1.5527109472769667	-0.19049473121096425	-0.1368240786890979	0.12025249557101203	1.4376650101903294	-1.4932167945878758	-0.06185110227820088	-0.025137766556493274	-0.38968799120440095	0.9666444712289521	0.6126862345362676	-0.28693136446342893	-0.659960558797804	1.1859391987344592	-1.0669762339219369	-0.33851831462519005	1.8336827603662558	-1.0534706148592574	0.20120755212188948	-0.4417348765391052	-0.12168172720392052	-0.472239323577053	-0.847025365257353	-0.7287005200834026	0.6335522144100583	0.6431718277337667	0.3696315421562968	-0.6521825566461145	-0.5087449132651236	0.6974619878926622	0.06075011177961554	-0.30982462093435276	-0.5067624516001156	-1.33176654570218	0.44158792181003764	-0.041571628608811036	-0.36989422312041703	-0.3171739109720158	-0.8367826127779087	0.5449793785196131	0.9337701674403461	1.4637305983648174	-0.8274161267175133	-0.07585993459273455	0.02068672391758427	-1.4034708094914772	0.19229965401732704	1.3709221691073898	0.2533462947488744	-0.24157618767218025	0.004041860005691627	0.5098638812439179	0.4702027219480659
DTXSID2027591	-1.3607131399217716	-0.1727431619134167	-6.527139546413626	3.859640108610581	1.1239101264982267	0.4640934448753738	-1.4906129390189136	-0.49806579459472716	0.6605555931229191	-1.9687670517040008	1.2175655886673555	0.08361730487008895	1.2711164190345774	-2.3365457130195666	-0.2321570408897335	-0.2787108635396291	-1.9321779430125616	-1.0447446788201162	0.8569576825565911	1.493553309359681	-0.9883611224135105	0.408505255741436	-0.120787248760273	-0.30399080822977925	0.4798173907230286	-0.9434385025748143	1.0891834279519295	-0.3253230477577309	0.7838267909449779	-0.0010737620683796008	0.46104409984385714	0.5466175214126396	0.006712688817905261	-0.8747904145081291	0.39318470783248455	0.5931267429314594	0.5097881772899598	0.2627012511308919	0.2375262301503725	-1.2440048325221147	0.15782655278130323	-0.5431091981959157	-0.13423493887635132	0.9935710743072791	0.29464372415063783	-0.9218872107065397	0.7246613935919844	-0.4076055010797499	0.9442022374390003	0.4872821565658116	-0.7243174606124091	-0.07041637100070769	-0.41872597303766473	0.2272262092893952	-0.7495648887352188	0.2595759619298634	-0.02096532361961161	-1.2877487730454222	-1.686603051203531	-0.7777462879141657	0.47951189802032834	0.4511955508325614	-1.1047177343367562	-0.3467567545843819	-0.07296527497450697	-1.3418680612035563	-0.11221237637645444	-0.3375298793870006	0.05761487150889113	1.6198837342642487	-0.05005615985633575	0.18151001344775985	-1.1291646005639198	0.44358374835792697	0.7755430970427942	-1.1337540433921574	1.1712734511960374	-2.17638512346196	-0.9761643808936127	1.4530322573034924	-0.9569484119252115	-0.9159327982641395	-1.1833486151624935	-0.981023357454495	0.8200258472375759	0.04599734848921806	-1.1390970713346507	-1.0704111379318013	0.5696770738068209	-0.1970827674255951	0.3919025068163987	0.15215024861785548	-0.5574630745627507	0.5970164483759334	0.07585954513477443	0.6841606806791888	-0.6632547408534358	0.2504149828378227	0.006607567839829022	0.7350842439372588
DTXSID1025433	-8.81310503067394	2.556430488730868	-3.2128236224914675	2.6278090444376336	-1.6014536472513852	-2.6201630318052964	0.59222536272271	-0.2297145295058897	0.4386835921223577	-0.4725402994205128	-0.7616600451001435	2.545073782146868	1.1360819303715468	1.4442487489764755	2.8277871901820184	1.7919651532368408	-1.6373870308340603	-0.6057579770711673	-0.6659950288196572	-2.2892669535663384	0.11553858780730726	2.2760751763327804	2.053153689371173	-1.5904187038661612	-0.49704910265743474	-0.9440158441126881	-0.43476026574680665	0.3768061000294027	0.009759926712119135	-0.2113948421170412	0.4930400403526245	0.43988382017483324	-0.10753791945536104	0.16828858855861348	0.2922124759917435	0.6485068124961093	-0.6500832730608394	0.5066427071426834	-0.6493535930655359	-1.351413273729915	0.4250750933071768	-0.8670096282487966	-0.017854100402850917	-0.19721434320379902	1.0186396891786418	0.44816099354319056	-0.36962580856555555	-0.14694606648610378	0.13871150620174577	0.227108082663027	0.239151831720044	-1.5699533872355298	-0.6220525042801152	-0.19756922594488383	-1.8875742280029493	-0.840636579232107	-0.7045106778507918	-0.6512596154193663	0.7923397604971716	1.2141726845665284	-0.6019020311067834	0.7304578506529701	0.34206155361414414	-0.2420515223767634	0.097328605190897	-0.03323968451167611	0.20714601061071136	-0.5704127988432953	0.6573631696449351	0.9753802654279935	-0.399674070612814	-0.49803479962478653	0.49690192118104415	-0.16619736604390956	-0.0019808997924743656	0.13097469403886328	0.4632138655449098	-0.7463550777538672	-0.7562464825476205	-0.06909968431884589	-0.2671563744089164	-0.4850417895635912	0.528163232805992	0.4338884246546433	-0.1467792944615191	-0.5006442783089052	0.041317844363372186	0.044545956879085684	0.1919376973461152	0.14162104821604968	0.5774616135340819	0.7857947602283458	0.4321020173070705	0.16795915574548737	0.32532733820472154	0.730894067604024	-0.37787682600320327	0.053248436476203614	-0.13647572749837011	0.2958723037276499
DTXSID9032610	4.589345796156384	-3.163724733057565	5.990727204892701	-3.819420011456787	3.2335174681188588	1.4201642588981913	0.011625581508985927	-0.9437070436867423	2.677879326114147	0.34950037420063884	3.067127446750147	0.18753856963666538	0.2062694490564454	-0.7989911176675548	1.0371057640087298	-0.23942886023106877	-0.07078212366039896	-0.44265598324985006	-0.12414922398555434	-1.2929959723006903	-0.7834309019087633	0.15253608798899995	-0.12389062305388807	0.07690396555780292	-0.5443114197937445	0.2585710972232588	-0.35308963267803706	-1.16214170159322	-1.0030621044656698	1.487255977972083	0.09883508619583507	-0.2942803314958801	-0.259031372967485	-0.3208040271491416	0.3812978852726514	0.5592652081422105	0.4258244650247511	0.9877667595855356	-0.04627361150713547	-0.32989069547125927	1.1901005666604885	1.083062307278269	0.13114702142454712	-0.7239240863680237	0.15381104858741554	0.05573141627435152	-0.596269953841008	0.2017711471041812	0.6508114140696096	-0.8227237563486843	-0.6661719482311736	-0.7404239396122537	-1.5639510642957342	-1.0241346925128427	0.6780299576638381	0.4831454739894036	0.554741205048208	-1.1514215838351918	-0.9765776115125171	0.20984613452639236	0.4449832805639157	1.1728954314265552	0.8306219551280165	-0.8904143108801663	0.41919939362183956	-0.6407007001547197	0.47301163211075176	-0.45505053614961705	-0.11978108771403634	-0.03093599567191566	-0.10035138285261433	0.24710990134428418	0.3217523769950068	0.30605230930941346	0.9052046028802511	0.3719770034924174	0.025936754714415682	-0.00422988555011432	-1.2984854843875147	-0.3299596572032983	-0.3253196737859252	-0.5668656873480724	0.03917843431987129	0.18718220220006657	0.5254864330357147	-0.13821995454258026	0.6503602148589163	-0.540626514554294	0.2884220826385135	-0.2214999102211365	-0.6347520051737171	0.32071957278854474	-0.4139829187515665	-0.21693263751561562	0.09131728397197844	-0.020760347471070136	-0.03798930731523026	0.12597057915127677	0.22989697674360213	0.540464771790711
DTXSID8026228	-4.060262972442137	1.1400541099977919	-4.368559660706121	0.3447855534901643	2.4752565622395832	-0.9065178737982026	-2.0883286480410153	-1.6599111649023475	2.3453721438504265	1.3547183322645553	0.5317517746382576	0.2063895749309124	-0.1298808174994514	-2.8617729311330833	-3.721298746886258	2.1219451429808815	-3.6227913395769114	-0.03968665483859501	3.504229585131087	-1.7376092999088064	0.45732420059578804	-2.4096153183621736	1.430003099804864	-0.779077736634162	-1.2092519980177912	-0.25974400377238377	0.6951707961705003	-0.9277290942846441	-0.018716003280300663	-1.5703114673689862	0.6648994364088546	0.1371871630306619	1.24603009029542	2.023188240537359	-0.1765436870893578	-2.0820158903240675	1.1313697647600847	0.5763432968083508	-1.0200516530130392	0.16767157751819756	-1.0882920172930102	-1.1846823599079022	0.17644317979344912	-1.322112941086466	-0.035824045812442945	-0.30734099447783936	-1.1472545552506304	0.3797147663073433	-0.8985113473641978	-0.2456025655952791	-0.34963449406997205	-1.4225535518457244	0.43945142725906355	-2.133792937829322	-1.3585716331493345	-0.21511030160400627	0.06598318885343607	0.53821713157801	0.3209231094371538	-0.13852614394447918	-0.40109463633305764	-0.351609114260595	-0.36162109424217487	1.4351565749105035	0.2614707925988249	0.9540554685995063	1.1258564008071865	0.26135241705080253	0.38663951585569817	0.7736020243361326	-0.8982676281641445	0.8790325613736177	-0.008130033327379564	-0.27755441017332516	0.21786405545504067	-0.2062224737443196	-0.3093355440391669	0.5365474198524103	0.13365535496071737	-0.7532712789923608	-0.5149217037450057	-0.2119312622009571	1.0878328250273253	0.30107082971448773	-0.7076834871289528	0.7170877613366361	-0.5514959666047476	0.4320786451385111	0.04556884663629038	-0.2728329839391422	-0.38570449250736866	0.27056355208939004	-0.00597103898507636	-0.11827656413659342	0.046939924434976396	-0.025224014253922795	-0.0237668724927874	-0.19850595802850696	-0.2393499056068131	0.12177929054613071
DTXSID8049254	5.84006875886123	1.514848115103383	-1.8018243062370862	-6.3058376412125225	8.824419732833226	-0.3915400517890173	0.06415071855024317	-1.7448532201498996	1.1707870216544578	-3.9582048087253723	-5.395192509926261	3.3747187412946564	-2.3369124389236373	-4.179933526063459	-0.3598197620240537	2.664725185993307	1.8296662000830664	2.0198941751852506	0.8271565036318907	3.06657273686022	1.0925529678302668	1.7189970788720685	-2.382065441955743	-1.2069770846632888	1.9967079239283363	-0.05257596482259596	-2.4764798753802615	0.08419113140662669	0.00038205874252864665	1.7444505062286875	-1.1049904676887454	0.3053004846967345	1.8174189052430487	3.0741472730452517	1.420669027151465	-1.1408818552569329	-5.102826300440307	5.324855806217849	-0.21407605390019718	-2.458126856084465	-5.469353177899424	4.616048697778623	4.810340050159388	9.979252415664547	-2.0948624588029707	-6.005244990965277	-0.38978059703937923	-3.2107204170710344	1.798814517407199	-2.3064535800914885	-1.749041409247049	2.3606961221265417	-0.3357266149370998	0.7256190222570496	-2.2490990084281344	-0.4574766230073343	-1.7927974487616394	-0.19729974410769097	1.070742298892955	2.2459369416808763	-0.2920743768734994	0.8054231929712207	0.6769405857000135	-1.9631451655335443	1.3644582947565769	0.31792346026764357	-2.4330988842599295	1.903775911064787	-1.122395368914708	0.55537090186347	-0.6119255053777307	0.9245710524306436	-2.5687753429042464	-1.9326797750173856	-0.01022119005958206	0.35200129545369535	0.3109656987768271	0.5605370127524044	0.34939381809398207	0.06566487794140595	-0.12955400059418143	1.7454977249298156	-0.6873278130750395	-0.6085565935144794	-0.7726535824605119	0.6190126593844105	-0.3495227880944031	-0.856350591207426	-0.44866759148478125	0.05654484011418422	-1.7300771580928493	-0.6669136584834401	-0.29004666617884634	-1.3825248996147745	2.1591429366271253	0.58201250448333	0.6204663124378741	0.742792456372209	-1.0072139696900146	-0.43411104056979305
DTXSID8044701	-5.2808187683406675	-0.1262494547935843	-1.6217401709754635	0.14191195527255235	-1.2512496070779917	0.20861537525185178	0.32800994104219533	-2.1742548489056306	0.4835876777780955	0.9902124769088766	1.695636871826481	0.6298594444866848	1.8657416586516298	1.6123842872489187	-0.18178022421330578	-0.7483463615854752	1.2273304975232167	0.15274248498687115	0.8130689598633399	0.6340457972845035	0.23946620222065265	1.2752280012483592	1.4806260425430586	-0.03305286041132225	0.22095808342987283	0.6432869090281528	-0.3857467492098394	0.22074673984912002	0.03065578933369778	-0.4185131845072024	0.397120085578472	0.40944075550297016	0.6074987052441689	0.1364790821551713	0.15388613771741472	-0.5402402690132326	0.17865100204006748	-0.05445215870877628	0.23747902854299302	-0.5320130755869319	0.17781164194090143	-0.665127967610359	-0.26121573387460356	0.40134553432925657	0.4845067561433204	-0.5069290315947289	0.010197770776044087	-0.46538381265047174	0.09589488558674109	0.3758115065547621	-0.6892751027257631	-0.05630557038771661	0.01692373766020192	-0.20936909943861068	-0.03135213930651893	-0.1820202360499191	0.23472971570173032	0.9099398463849703	0.09822038491976068	0.03377660108065108	0.024983176044154894	-0.09703810294748519	0.3645777046183293	0.9666486709668386	-0.886138331176586	-0.4334967483234552	-0.6056442160253585	-0.012072642968623976	-0.11933566354362929	0.06367541657850528	-0.38712958368421435	0.2785472615063653	0.28983954880008034	0.43647710129430506	-0.4284054514893785	-0.6121584668409177	-0.05970489343666767	0.1206802890106932	0.05153554207007792	0.07467210864803667	0.1021337906144982	-0.00493842435782218	0.1924808183174437	-0.04587604213702907	-0.007810308460560565	-0.0026919671377742586	0.31209636870054913	0.005164728263471545	0.42297916027050336	0.11743731337179356	0.45039473068967106	-0.24702394283891485	-0.22031474300795548	0.15871328966720358	-0.23902483132862998	-0.08942257298153514	-0.04785247046206559	0.086220446517718	-0.2256260236544048	-0.0012754284397193023
DTXSID3027790	-2.5249287981346193	-0.6855689239747887	-2.8503392143740616	1.2196134167481802	-3.6606709909798756	3.4623241538641762	1.886399141604169	-3.0454611986290363	-1.5251374359632452	0.7260922719445989	-1.1263883761686104	-1.6662680743680072	0.8722123997505489	0.03511315534370305	-0.5786281039709131	0.7322976178609193	0.17710523249201823	0.1359544462429972	-0.8503250031021643	0.21879037138999116	-0.26391272621142065	-1.540120396756913	-0.08685634374480297	-1.6258879710568501	1.1260007629052298	-1.9470482559065807	-0.29880724829547	-1.350719899447871	1.7645140317809798	-0.8339211579422379	1.9440349727082094	-0.8030961210308771	-0.5032631906196547	-0.13565404201940826	0.7530693880991615	-0.1422559758189838	0.9573962315163095	0.43292691429221486	-1.4482448976034006	-0.805368822925965	0.22146208530153427	1.3072204949186697	0.9686740538379393	-0.09334904612143272	-0.2463688153943819	0.10634184205300383	0.008687582645039273	0.8200098648708946	-0.08670429674418839	-0.6905973841947374	-0.046769675004561154	-1.6373501060556823	0.7727580164104025	-0.3891519529755096	-0.08927640155262935	1.526839566330561	-0.6900773550414414	1.277353719792487	0.5168858589214926	1.2006930640770586	0.815415540621572	0.3343018343912486	-1.4192511223679034	0.3383564532085763	-1.0785473649933877	-0.549566392354276	-0.04317152904548511	0.6286174752252228	-0.06127040709848661	0.3052540408820145	-0.2243676633272443	-0.47178979980504476	0.775787017951566	-0.13039548835281534	-0.6678554112909737	0.5740931749454686	0.595311522407765	0.025909873323973355	-0.6208503019485987	-1.463467020466342	0.6547080982587167	-0.4834784186209718	-0.41723578540759165	0.5707188665563079	-0.37401308979061787	-0.7748463996643921	0.3985348058367196	0.3121394573343776	0.5205825728603757	0.17277905883074016	0.23349664344129217	-0.543415757166466	0.021457451407020954	0.29905950592115355	-0.8167506064158748	-0.5474011385012185	-0.14023619968417272	-0.45728933117258763	0.08244551361033797	-0.1045251576684367
DTXSID6022630	5471672.390545116	-1855000.5392027488	-482843.6271930943	8169776.236926893	2136483.3413126133	-1946209.765023816	14892148.328978162	2730055.716885657	-3604387.1900633075	17401316.504003488	-5674710.290469689	15006085.26509219	3588675.4552945206	-1287696.0475932416	4646033.284936432	-7693586.507646178	-4895632.926242837	8059150.831688212	9984682.44001077	2707614.4967396124	7620370.4779751245	-3734968.8159608454	-5029424.292178019	1252963.5103522355	-2922072.257541287	-5004837.895477721	-2473240.0365266283	2582862.3143786183	606679.2175752802	2198103.355092003	717373.823174101	3453411.0978854285	-498463.8099737667	2072783.8230042125	305604.6140462448	4260436.506442006	-1154004.2520190564	2978039.57092525	-2445775.958605637	839392.5374248467	-222190.63849198126	520517.53180448926	-1062904.6791774326	-884526.8498003784	-352457.9694590714	-289217.202109719	561321.9163084372	-2044870.7427290818	-280038.1470708464	1363976.2547396908	-190042.44657921506	-3394587.2264041915	-2986740.099790566	-455818.4667768416	-727692.7307735041	-1168269.7687892083	4257818.4444697155	682227.0749150641	-6293423.540164636	-2282281.596808857	4561898.102995775	-4375596.716998748	2421500.1266255416	531257.5468348234	-3712903.993316836	-11905466.572718723	-1051549.2962293918	-4735538.977337172	-3805606.3448552154	1414640.9520534668	-4192768.3045667377	-7130897.5605677245	-1358569.1408328575	-1776618.1370257705	1788722.8316601135	2533206.2396800793	-7359970.226790039	622758.6132432246	456724.24366802187	-7202463.273879828	7573984.813739432	-6719901.595855657	9546255.60791101	-11780350.127652071	-9188814.825096939	9449993.434612967	-2922441.689855619	-4193575.3010221333	-1126478.1581637051	-2810822.034488143	992548.5458833686	-7717250.917118982	2703896.20974747	-2287372.696938168	317708.39554976084	16789903.710394308	-1641449.7758468702	-551852.4543011916	1868959.6829675403	7409987.866683755
DTXSID1044722	2.389495153536883	-2.2473965173987462	-5.501910393232583	5.537199636283946	0.24979108120923726	1.6816373908557531	-3.8876472326352935	-0.6042605200901976	1.1793757926745183	-1.7939190541945373	2.3462259454153425	-0.28999794550428226	3.0432802079103807	-2.8414424850962634	-0.751000597946796	0.9632444715786151	-1.3526241662912142	-0.5927557475007483	0.13466258587766455	1.9157581569657482	-1.2249379447136586	0.004560078007978709	-0.8277579667270997	-0.6177465670142774	2.0138971633519622	-2.0095279132171444	2.694678046608051	1.2180806890794105	1.9136484318485465	-1.0226307045088159	0.5071454497793574	0.4099039093857286	-0.7331534734418608	-1.3068537201137125	0.8246503980422304	0.35961250219636115	0.5013879887255313	-0.7694021305726049	-0.13565756902214768	0.35454374464196486	0.7622788493446743	-0.15372710644443546	-0.01871455831408004	1.4535254640439723	0.034515702698792325	-1.5393514279766793	1.4483151499692248	-1.493896322306663	-0.42816344165452747	-0.3221372591193958	-1.9671178755230307	0.6231531318917068	-0.3635264486535893	0.7482342939144178	-0.9529714647415652	1.4967486781592731	0.6609463959266807	-1.5513180362878083	-3.0976435563732707	-0.3530486624122788	0.44777298315638875	1.4874379730284422	0.17230556246991105	-1.4815649050371762	1.4328554634589918	-1.2585260377046519	-0.43216733912300437	-0.9054126831718343	-0.24412441138928448	1.2759219175022933	0.866823756169189	0.1011506598634321	-0.706594196331517	0.0626660789150981	0.771828906755961	-0.4097323396779434	2.6979422617358697	-3.3084276277207896	-0.5154283360860473	1.5916700033735691	-1.100014668058599	-1.5020039208988214	-1.14980736462914	-2.023802886797917	0.880938030372364	0.1814127091898816	-3.031748855555913	-0.8979757372268691	1.0692451287657407	-0.1892860101385803	0.7372346439632828	0.7064860206843113	0.0621355550145573	-0.1903355394387875	0.3703602583010658	1.4349990924117284	-0.30179930641800806	-0.01118901794413831	0.5136011479889763	0.2364965188815614
DTXSID8021771	-5.098535952000647	1.7654146602179521	1.8802568268040663	0.5089250493471306	0.8203628421867865	-0.7313102645792032	1.0003792402862628	-1.0810330375505321	-0.5683317887818368	-0.3101304576365396	0.43667134869112	0.20841491022295455	-0.526872623214504	-0.405241014923246	0.07618167607838974	-0.38481553389241163	-0.3798267146702889	0.41949617779190557	-0.004478018018286288	-0.2365716739100889	-0.591937087064912	-0.05334230300949744	-0.40106904184481107	0.4442566007438065	-0.9289888071415819	0.34828409844421987	0.4920316641403127	-0.19489082602367241	0.04732311604079687	0.20957663601230528	-0.05117645235662551	0.03080831394468493	-0.19831458181580058	-0.07222508531466339	0.4887081717880539	-0.1599639279438141	0.013574741772818916	0.04044862997180471	-0.0033520639993287324	-0.15987276487733545	0.03963083328060792	-0.19503048866854042	0.07517678208806464	-0.027837598201527574	0.4189643623094801	-0.28343685687203574	0.2157160207976115	0.14833856794792075	0.023021516406024768	-0.10122224072845679	-0.05449993733119549	-0.48401460242928174	0.13414226012844005	-0.54866918628521	-0.09165491518984191	0.10425149030926407	-0.2890973055870069	-0.33064301870407825	-0.6829603316136876	-0.35640569465717864	-0.2682132396402741	0.38270399022248847	-0.12594238732797317	0.3396387599699924	-0.39895960586937446	0.04036022137291906	-0.10816171275362886	0.11760467474347563	0.13117947317372353	-0.152516841658219	0.0915466744869068	-0.04853392688990196	0.3340901926039303	0.48705802289530287	0.09203148854428113	-0.07337296621404527	0.16528257447434974	0.11397046928761213	-0.20869609146349502	-0.10710360423300083	0.007201554034348493	0.02560515936169089	0.30891481115347236	-0.025049925247658884	-0.09668571684505363	0.20803354395840085	-0.22131389013727823	0.21346490541186003	-0.06250781970113321	0.10623961910773122	-0.17917847424854805	0.011001394479839633	0.23155100257048475	-0.020182518151239028	-0.19587830583093047	0.06777938511307734	0.04507897637546022	0.0636059090342409	-0.021548495699428183	-0.14037639486884312
DTXSID9044615	-3.73750481307271	0.1699202716612241	-3.568230772534879	1.9969450717754962	1.6029654171807934	1.1882555386481584	0.542924783940252	-2.9774545077312538	1.314261539104248	-0.6850600060176175	2.1900974257641774	1.4902303227395906	2.1613659392519797	0.9345127903436187	-0.4762034089332372	-0.387730960590615	-0.40813476267608206	0.5157132128247723	-0.8173786508672282	2.4385876075317956	-1.0765093569991493	0.9125500846213102	-0.10643096281667187	-0.9430649210056813	1.6111021501329053	-0.5432672423438377	-0.22034425204556488	-0.4943800709018321	-0.2270669473518493	-1.6304240625720525	-0.2710163935752196	0.893792402042975	-0.033292069116228507	1.7755223181868467	-0.020001949338935766	-1.302152941248236	0.1068302721638826	-0.2649608719367809	0.5253740088245886	-0.7454733040880397	0.41414680786809643	-0.3491485611942725	0.02318672706955364	-1.0672357952578184	1.0208851584744456	-0.43939206036229134	-1.0154946013559532	0.3336749226320288	-0.29011220404051125	0.9272797696124584	0.2890018365036115	1.182362883768191	-0.7457963711696799	-0.5765017628988247	0.18256184892904903	-0.3571981236304035	-0.5626434761975282	0.3751336683827167	-1.0817009257574368	0.9232486354613674	0.3077731713656319	-0.9140293112648693	-0.1848878266343596	-0.8342852071830155	0.019169463381958872	-0.6383419790438559	-0.4054593731760349	-0.6867339598132594	0.8747527879635483	0.27291405286739706	-0.12465844024749517	0.0061808538213233245	0.8697695217058174	0.8948461084384514	-0.07532765466986104	0.24522546844320417	-0.9801457562530506	0.27690760955154975	0.45447602295924805	-0.5041433474697138	-0.8089815906064131	0.5864116315456388	-0.4807963087597042	-0.39196412575598505	-0.1945384323158038	0.07808204815392535	-0.2950840304535215	-0.04356041424215855	-0.5365525119718114	0.3882129145084215	0.14446956917215573	-0.05349938282285479	-0.7117907185699129	0.4700215302829149	-0.6186245339502167	-0.06867926242030385	-0.07611970417097312	0.32408605297499604	0.639570255631601	0.7670097873183059
DTXSID3025465	4.992033746420726	-2.2756953840230354	2.2645296183090178	-4.1292104722657745	6.182995082140004	0.01444647949953895	-2.9323150822863937	-3.4412062854975	3.0684722040600017	0.8063011028242743	0.45654943446783713	-0.25882764895381066	-0.1554622777083686	-4.4432813447006705	-1.8105277056441162	4.609070912443808	-2.261163574996981	1.2477178029859217	5.10729599322646	-3.1690091529266544	2.0828653647628053	-1.6223370242168564	0.053810718866597725	-0.2213810095382323	-0.5066882408194764	-0.4107590542879484	-1.707781469554815	-0.527680778262756	-1.2876543476880045	-0.1989255705301688	-1.1715267775505924	-1.0565977640623463	0.8437479242748974	-0.09298474188066914	-0.4180060703190311	-0.9046628926750856	0.5456921816456707	0.5651396716288246	-0.6223984631807806	0.13296134810250904	-0.10032952651991009	0.24950431368848708	-0.23446296458291974	-0.39715833083673974	-1.527091046189533	-0.28010355548488486	0.2007028222305717	1.10632247988488	-0.5120279649356709	-0.30022837522462154	-0.985416712397656	-0.12258155583220279	-0.030442929739263852	-0.6111662371626841	0.3962190883481218	0.18895230874089508	0.5557623927105204	-0.21253010525532243	0.46132627136651094	1.0070078536957927	-0.008789630365173657	0.30104764338553314	0.9891890261750036	0.299243715804834	-0.43272050962554975	-0.2955229701333516	-1.1908153831587331	-0.16455056921288855	-0.3791234619628	0.05961004411223695	0.35646502834828175	-0.17374252696600045	-0.088020874794289	0.27959477985483383	0.45896404337803065	-0.13019638270496744	-0.08413811154724893	0.9985198148718094	-0.7650617413787897	0.6081830935114992	-0.13917508336376808	-0.20214384588502485	-0.09304495976025201	0.2859941984128223	-0.042670189418302	-0.13416937132254597	0.20613939044517193	-0.2144148985954686	0.6149169791728424	-0.3115402240930524	0.2281216897079907	-0.1073197083007564	-0.010189189856412475	-0.004176312890666856	0.25657453335604635	0.09767010559143288	-0.07654251588514954	0.2154244224007	0.07629750965057218	-0.5836593438529084
DTXSID4045422	-0.5225074196530889	-2.6000273662315263	-1.8968057870774855	-1.4519225280086567	-2.326976442309551	-2.5090522264633472	5.049913799099434	4.7339588214299315	2.7928385519029293	-3.397467438407997	2.1353852039727585	1.9596070765393974	-0.03447570607664082	-1.0785443698375057	-0.5452949493634115	0.08396575564139722	2.1791790608991617	-1.3088716635833493	0.7406670746796767	-0.13157078894908067	0.6614709252591848	-1.1493253922107174	0.8917852031357594	-2.0647828202827845	-0.5459109264682576	0.5508922654378874	1.7898608038202763	-0.013882363469103416	-0.599966957538077	-2.8744569386610093	1.4529611365569675	0.5384427827516364	0.08015728380342262	0.4350403305469186	0.2624171353835097	0.8917285248031311	-0.5782079054614986	-0.5737584766585546	-1.2600821158217697	-1.0074649083894982	-0.14708948943571834	0.9126192602425692	0.40877748708394973	1.1161343491959255	0.2055122229706144	1.1841161138855558	-0.3219572572062156	-1.2752418202334996	-0.3964264977642174	-0.6891913207633465	-0.2208807633527934	0.85638983498862	-1.1360771307479278	-1.0269795796434358	0.8386712571440625	-1.4614186329493375	1.2935827211953426	1.5144423394505222	1.0505570089562195	0.03151432526221112	1.359572437711871	-0.5028239662903922	-0.7042438372532518	1.2483709404753647	-1.3539817919391604	-0.4088452884677236	-0.824827982618138	1.550830904386526	0.00516849424160214	-0.47059264665884026	-1.206038887420566	-0.6127383757059288	0.3802603973574944	-0.8780905872183993	-0.9778146306560496	0.1545622424797434	0.25338092301654935	-0.10391111562654201	1.0927714437746814	-0.22853032028649414	-0.20786460428592443	0.2763674703163844	-0.4705071443163198	0.8680456771052717	1.3514237856370668	-0.30512553953302435	1.6681553394507374	0.7004018398859309	0.8565126265336099	0.6666949079157056	0.2937918354633923	-0.13660555900442037	-0.31809745333158895	-0.04393817181712993	0.1225201961303669	0.24467298635899232	-0.8919101190753406	-0.526566595001294	-0.17609206554806026	0.6741618521348242
DTXSID5020021	-4.5561472398373555	0.40473889800924917	-5.301403796499191	4.46386747408737	0.7001049889939552	-0.25007557161583693	0.4533438675025205	-0.6577395208735117	-1.4330676573589116	-4.663314117795936	-2.076584288499288	-1.3473760672159938	1.3902163044124443	3.626937724150637	0.6995210083221493	-1.3213716516419012	-1.4299100216811975	-0.32922539267222867	2.7528821402733277	0.7644367223108115	1.0695869522632737	-0.506763969268641	-0.31819993780722944	-1.5221706288624688	-1.2448454367161796	-0.07742413700506455	0.0586126181332333	1.7911532331686597	-1.8257737093077966	-1.079389276348996	1.9899281853367323	-0.3801504343936219	0.8296640297786307	-1.3013473749182625	-0.15458211326757854	0.6705292444797168	3.3448212369204215	5.037525026563778	4.701073083579544	4.844197130516324	7.66495560260544	-2.1785322198321877	11.795731306796	1.6307821455747005	-1.8525722402542213	4.773174112351438	-0.7766906739436619	-2.016495953458966	-1.3384786767293333	2.4620983209592016	-0.3991529861908245	1.5967102779882723	-1.4630970717789784	-0.0836694002340269	-0.9193233839337075	0.42274799429459214	-0.7685035179017463	0.4428236244125808	-0.6495066936760149	-0.8254744371455528	-0.3061473017153565	-1.7269285386999347	-0.45265561509534047	0.5766630101755438	-1.010995879281903	0.6350374195152235	0.4654514326220265	-0.8867669859354962	0.8091146495070792	0.4689728433852378	-0.061684420380623245	-0.2777431570217944	-0.5531918249347799	0.004233544032094143	0.5527333572771435	-0.3561475530481769	-0.34402999284838787	-0.21684072916820393	-0.23647725209733872	-0.26809592619659206	-0.8555765217802632	0.28741365400599167	-0.6855593174568516	-0.5896542546327865	0.04470337021285638	-0.7537274859414431	-0.027038293960020193	-0.2757236294459092	0.2340772686694848	0.13959691335930816	0.04789526658143383	0.13162208765391975	0.6832833921871792	0.7139697697479575	0.03550016086279701	0.046572452403005525	-0.0412154922977758	0.4092237845110854	0.7682307491258896	0.34914679704332363
DTXSID9042203	4.0078397414402165	-2.455360935046024	-3.936886569503004	3.361175430467274	-0.025217714959708717	0.3858295369195212	-0.8959528391185809	0.06936497087613185	9.49344479450498	1.6808527833043805	-4.615875321173037	-3.293616061807727	-3.667898253775512	-2.068715470131002	-1.038131596505197	0.11815440484621047	-0.2484472436209968	-0.2566934719527134	-3.1779391525670033	3.1185319296549054	-0.9336674589629184	-1.0094397131964306	0.9984669748934055	-0.8176094165062584	-1.05072584946365	2.346966799863674	-1.0893801590239895	1.9794312095000846	0.9162885045358737	2.764250817467977	-0.8367410249935049	2.095470403387101	-0.45652789930898763	2.9598987854902945	-0.370275329215186	0.641792164676987	-1.1375284571516413	1.372616466336008	-0.03589399889501002	-1.449882873743192	1.0607514390902006	-0.809191591126128	-1.1317723901971943	-1.344813704836788	-0.25291368752909377	2.5548845028124236	1.3497830715516201	0.7552570005704522	-1.2526942929174256	-0.8351965683467754	0.140397907825142	1.1057313916003642	-1.412259469274164	0.28736383223698475	-1.6137233599021743	0.7072714026854499	1.4469470917877676	-1.5704591242862354	1.447064088567614	-1.3324806040466062	-0.35352212182449216	-2.9070277331856564	-0.8281603755252784	-0.1474560083803707	1.3750547830704112	0.9319346724054829	-1.3022620189757714	0.055977878869042146	0.33335913595001787	-0.997337757913963	-0.5543015962680544	-0.2149150671354963	-0.20082194072040385	0.7103200106837431	-0.21397934029902416	-0.16007121158816098	-0.32161970720577515	0.41232871924315695	0.1372898778413202	1.3036243539330092	0.7928901674844918	-1.5570946163610229	-0.08946041594075131	0.1138685089899897	-0.1450011555856987	0.7765668630664033	-1.5881627860224625	-0.6405086492518407	-0.14664673539405165	0.16289214834459576	0.11681141169683354	-0.2492550728538339	-0.23584772723336098	-1.3354712465150786	-0.03856548458784741	-1.4975597180532438	0.6257431262113793	-1.1910462110374493	0.6664004165779163	-2.1545932411411535
DTXSID3045485	0.7841403066171012	1.8270542931239986	0.7459864613079914	-0.8730386640122892	0.8537244886149479	0.0154176108478781	4.177779887641598	0.44018015126000104	-1.6586379897028483	0.5765974642892085	-0.7771853578870841	-1.0923790972074492	-0.09704401900220734	0.3821561633676078	0.6581650944707197	0.6137846502810608	-0.6891699950152522	-3.0506811772977223	0.6004962033374273	-1.3663823057626185	-2.09508669442259	0.09692711601492168	-0.4620575436819332	2.2584575579159996	-0.3453239029729534	0.07233918363020077	-0.0784334801055894	-1.5298261878855817	-2.0756842318600803	0.22756050791842955	0.6127109545696524	1.777687245030738	-0.10987205313607859	-0.7918646783777465	-1.1818276187930234	-1.3767986108322365	0.8608194096028983	-0.6070213049066319	1.170903414710037	0.3848723329174018	-0.2341370374454471	-1.2426811579403394	-0.5931117368950323	0.746218548558022	1.7509827367755901	0.2803341641485114	1.3923458715242887	-0.4082734472325478	-1.441169872856464	-1.2556403022295048	0.7709705452118087	-0.43422592229824847	0.6280492407261145	2.374306326119445	-0.265013743136676	0.8996880341159086	-0.2469857826412011	0.6795728357260004	0.5064897121772458	-1.0535815701848372	-2.163761665634797	1.8899226796124373	-0.7932466615241127	-2.357487052711061	-0.154749333444252	2.1363482630995243	-2.0364604636460184	0.009535261683818375	-0.11066064732992512	1.0792964172010355	0.11429103378271778	1.9705868651788143	0.20563868472087748	0.5014009719914946	-1.5603681365120643	0.1377021519228327	0.5738498415779621	-0.38659194106138345	0.9346062327507535	0.48394664733408577	0.833325663752547	1.5713053527444334	0.47222281219760326	-0.717702350781478	-0.6009168423425035	0.883562817046365	-0.08836255824704829	1.1482116628046546	-0.20743618463865082	-0.40220315853967453	0.3605892365981048	-1.3887110216357332	0.6152984887454054	-0.9406378723041994	0.3637705647916881	0.5141257455624684	0.022751964692452498	-0.5341548134301295	-0.318296064381275	0.14827481858744482
DTXSID5048762	2.2286867072247025	1.2438792556458962	-1.2226874477758574	-2.633903755613752	0.27701318230414435	2.0515692649073096	2.9509772155566054	-0.4754677613411886	-0.3004545038107855	0.5790320661661876	1.0053317162992144	-0.7748792991534101	0.5974866797442637	1.5184849444264639	0.05463659028512584	0.8045744588471804	-1.0591913572243767	-2.067718581862859	-0.48271280882724843	0.26094905777509303	-3.0655190903816303	0.911331727748386	-0.15759390172775908	1.2293178221310128	1.0296685194566295	0.4416312042581605	-0.7780625874072218	-0.4724163192367422	-1.803432047717582	-1.4941859712694323	0.8350002282807204	2.2372520122008646	-0.5767443226910347	-0.20480757243988681	-0.9882407156778555	-0.4348579017512963	1.4441790284828582	0.7188230703412324	0.12171381863408302	-0.13203210908205307	-0.9814638057800178	-1.5936212809155614	-0.263568501687941	-0.31826762902371897	1.3835077886663578	-0.10494425740702244	1.0347489732418933	-0.8345011492160489	-0.4083656044870656	0.18193689315199668	-0.20033211379606733	-0.1668020034699533	0.34004564759985556	-0.17322862630490296	0.7543026810453904	1.2503008042369375	0.7288942934202131	0.6767764010333127	1.109612993516999	-0.5015589056786586	-1.4953120438097014	0.9699435409645115	0.2515329525807277	-1.628308309421862	-0.8449083091960531	1.4287399866809747	-0.5154684118753546	-1.0103194727689992	2.049689264254328	0.4209762242263227	-0.31258349567538113	1.172678226246876	0.34385996887034137	0.09026484119196146	-0.03338611647858538	0.23290618155164505	0.6129081600601792	0.004065319700516585	-0.0533218586640302	0.45056957945834025	0.3615716076238641	-0.36438846296669564	0.5588380148308099	-0.6812952330831656	-0.728197647899831	0.8186776910175841	-0.2948130215696133	0.8229881220488795	-0.37344418738071583	-0.6784152086782587	0.17987442280004493	-1.3046963480357001	0.5724461562316134	-0.14648888811158212	-0.23771261471461713	0.467569149223644	0.32663353431114267	-0.04459453899901763	0.05228792992531511	0.058250767585284226
DTXSID2021654	-5.081921750516208	0.3007541507816663	-2.873243042220581	5.901749727000055	3.909668224488879	-0.5778756773470314	-0.6399695839065056	-1.6156657354936317	-1.1644812970020926	-5.608144449769469	-3.6785822825925325	-3.653863618429534	1.1812033893582052	8.300530122518813	-0.8924354631962301	-1.6009800467585382	-2.0981711169490187	-0.7298907642143417	4.075055128773208	1.6339950005792008	0.8095445465883242	-1.4237984197167954	0.9888432181802356	-2.2166608122232194	-1.2222890340539614	-0.21144457709401013	0.3176770854547051	0.8096375416631424	-0.05252255517948512	-2.1235335737927676	1.8170026198378384	0.10802582324876364	-2.1914674421306954	0.6507040690877814	-0.4153738660821889	1.4789883872472926	-0.03893921535054548	2.2018172668858007	-0.9551500466989025	0.6645118096545871	0.6535831636257186	1.667716068238793	-0.8646701766851861	-1.3302996754419012	0.6383942554444271	-0.44952506519005175	-0.6166688657856918	-1.03246509348522	-0.3966446712189997	0.26465202625522677	-1.5786396893371144	-0.146265353934654	-0.44308542976062454	-1.1442229985154946	-0.8277694168168649	0.6247162680136332	0.014903846226145157	-0.1936463960937365	-1.7071433469038542	0.16934223294331402	-0.4324224444701102	-1.8082846425111103	0.41867109627885274	0.6045772939589312	0.664497925202626	0.9142739602933493	0.08540119002967261	-0.1567677959546965	0.9386271976254528	0.1383776596831742	-0.8593825632420335	-0.4507205598034982	0.07131062172967496	-0.31668083871269914	-0.7138359793478445	0.9229426009977358	0.9532942528290738	-0.2559113288420969	-0.1139985241387203	-0.7837254790897312	0.11018386405923697	0.8678515632428324	0.9926806831476185	-0.49955119482213484	0.03793233051237416	0.3422057301661135	0.40662236287017317	0.2627650615801439	-0.4411095554760605	0.012465201327930891	0.08975069441241065	0.5220269662120784	0.3040966140605845	0.5854168281419808	0.6373719389785727	0.18438214258305183	0.09354820462475692	-0.629871286386513	0.7569543506996826	0.43195728002566675
DTXSID7047649	-4.514961547262515	-0.0852585077108186	-0.8339179168775365	1.1355445619596358	-0.5746272377270243	0.9225726499576477	1.1660469498138564	-1.0435218202279417	2.0066259887975164	0.006243987744117677	2.3911132549607714	0.10615918583472223	1.1487204084055926	0.4281437184768484	0.6567322140218096	-0.7439060690043001	0.9095276387717839	-0.6535678789327376	0.42819671299639395	-0.467991527234937	-0.47163045737872034	0.4600253447772799	0.6128208999534922	-0.7547367164843777	0.6218811073647766	-0.11732387332277368	-0.0848912968258055	-0.6367211854923931	-0.44132502116447214	0.04355045773661981	0.8096885285407205	-0.004184807179138099	0.2027679103743028	-0.07626080700629943	0.4641436452009917	-0.12901391208316862	0.43024945702520395	0.47227338468329183	-0.758703222041839	0.05816146186669436	0.6062711663401696	0.41249968762024614	-0.01878404740992517	0.04210471996236868	0.24842801376123935	-0.4040311227425026	-0.7710874236125311	-0.8869713379657875	0.06422079972759669	-0.7059132075337339	-0.6502005583842095	-1.1546828771747009	-0.23939960630660848	-0.38407396692560836	0.4804222653415608	-0.16748709030726008	0.5246654656020282	1.0167928719453692	-0.8135339809368006	0.0181942952152104	-0.010333327780766366	0.22617835208466117	0.1828491721749155	0.9678115642873631	-0.23031305144307962	-0.46972171602533547	0.031079154178873986	0.1979389347501824	0.23937156675962162	0.2180254756006058	-0.10525705885315391	-0.08812787290960662	0.5642515494064319	0.079631616835229	-0.3547951409310628	1.0039617325126327	0.11378462967722246	0.7165974737536778	-0.1385815600029932	-0.20588637985292174	-0.24756203047555866	-0.3898426681136808	-0.4629961989515818	-0.009843341581967145	0.06238460861184602	0.021224424614701323	0.1831454105880088	0.6871589190514854	-0.746779572980556	0.04267571204896047	-0.4114297941163278	0.13414277896819504	-0.262515153402812	0.22500440245234674	-0.07842117484827495	0.4203391737127115	0.28298609567928884	0.21215621703151194	0.03443586300608291	0.11169367998190916
DTXSID00190950	2.0545698425605416	-8.139308167184515	-8.603492258677203	3.368680770003886	-2.933356027928372	-1.7129350633024296	-8.930312691896395	-9.495700664768743	-1.9840657728818112	-5.106914133344993	-9.617890791666198	16.501907800834765	-3.6067095241772744	-3.8368239430342626	1.4754033051807576	-3.598186376019911	-1.2682043911477203	-6.980583197284583	-0.4448418385897585	3.7527800635510133	-4.3141342336609565	-0.12280871607225397	-3.338514428786058	2.444748530204598	-2.4968157844832346	6.832025059993905	1.5990349971506508	2.643172833631036	-5.231395887685748	-2.454876913317	0.380959005758972	-1.6732945929136707	-3.7364906014909707	1.3801860613488754	-1.7899693189594788	0.7007396625338219	2.207454851867955	1.2278931306596865	-2.339666992542729	2.00007849355869	-2.6561224960975096	1.7330646839867059	-0.10784288205862368	-0.7041886875846355	0.41954432087213583	0.8074065253395433	-1.429246790356569	0.9972817853436763	1.0499850200834195	-1.0528133660276169	-3.8853527992179604	-1.4505976856381904	2.741759464661478	0.8040897334543308	1.647095655550148	-1.6245761029729946	-1.1986534345683832	4.070020421587623	-0.9958955665138236	0.3832294203347351	-0.3317611682912513	-0.7712535875069718	-1.6146567507422538	1.0877830117766014	-0.9527603368070386	1.7145825016168674	-0.6557143220546832	1.4021145978725396	-1.240640783980216	1.741357178370804	-0.5723839481022214	-0.05430173016260115	-4.197195450502937	-1.5271299137233365	-1.2260758701003485	-1.3295489569315102	1.5709476422091162	0.2495359783031218	1.3361075150531871	0.1089510233191298	2.275957413346106	0.4960349603253985	1.695180691638376	-1.4483331078987234	1.7185044420577154	-1.9686717962849083	-3.6879881166899313	4.122155830354974	-0.6955003602072146	-0.06801202118954341	-2.4489421950742387	4.987341712899899	3.2908656752073178	1.9889202866839606	-6.2924069360310035	0.39170909345104776	-3.106169452091987	-2.6993000909236105	3.278482870907991	-2.6677769556188893
DTXSID4046448	62.14079770080974	-19.340502366219276	4.459004152134603	44.05681852535325	16.692700039266956	-13.66444180996976	75.58491936736675	16.801084836803188	-19.691221328601614	85.02088200840278	-38.0951497192519	74.15066955893833	22.92337195581202	-1.367749141547955	22.15378803191089	-39.605883649456885	-24.744220568912077	41.8509617775382	53.9174259076802	12.932851972350376	42.48679577056282	-17.636071738705304	-28.038207462579077	5.480876141241272	-9.134764456418331	-22.600180285335785	-13.735149795961584	14.579604591796242	1.8733705131951561	8.97035673152602	2.6904644386477274	16.953784511466406	-3.455195699397916	7.61504182823541	2.1046073827176035	25.147267811637494	-5.616497088173187	18.85382606126599	-16.71253998800415	3.2115934152896797	2.2367926931564726	1.8503091961650475	-11.108636385250097	-1.8343428288613717	-3.942671249008973	3.3859575481989146	-0.4928360301120855	-6.061115768481319	2.181782227391059	11.526880940551168	-2.3676326632907316	-18.524071812443193	-19.600496334337105	-8.929929849967069	-8.225606347522046	-4.395059069853066	21.921476030732737	3.0493370566916527	-33.05413012910831	-8.045817155686052	21.10004172875556	-26.921676682066078	11.711567893897966	2.2378709444283107	-18.639409444996755	-60.24519802274607	-7.534970924004033	-24.699604047345883	-16.655930113355627	9.81418443568014	-24.65578359783969	-40.4256932838258	-7.641795337485843	-9.133678971439322	7.7511450867159635	10.604779275433765	-37.61229704102505	0.5030492722745761	4.209362631464182	-35.92545872237166	40.209440731581026	-35.66494768592047	50.51983527806282	-65.84744718667959	-48.00594213996178	46.568570846970424	-14.980575456322116	-24.353026740776823	-3.829270838640317	-13.678170964633223	6.316576577541756	-35.72129640957557	16.42182010822273	-13.032186864054445	4.101544348881903	88.0531562200417	-8.553711922806599	-3.2601826750597063	10.239660177163406	41.519238954168
DTXSID7029320	1.1281207011420182	0.9511628931118864	-0.8836227667990614	-2.023696973430329	2.114356697708343	2.2196983955026375	1.1257509087722346	-0.587581923481618	1.9859370800192018	-0.6148178153150904	1.6001113929168473	1.0919044938726223	0.448180499566256	1.153401061933792	0.22917923684880973	-0.5344172006397676	0.9792444237274436	0.35585786346570775	-0.3870710318147182	-0.19345036256442644	-0.21579825022961166	0.22668615114638538	-0.7410347913602486	0.8824843198645193	0.47249890114073595	-0.038048063335710036	-0.004543669844672665	0.7689738384382817	-0.607232053838061	-0.13560889091239162	-0.7767731330833777	0.03595305396553216	-0.187843222318945	0.5591515685990944	0.21786170186406992	-0.025997679383842624	-0.17133880505522708	0.5791221940623119	0.28766570666901686	-0.15079437961851178	0.09230825259397107	-0.930903382385244	-0.5143548519743657	-0.47080409722477884	0.57513531046227	-0.175801581359899	-0.05475473746484412	-0.0027511982537569398	-0.10074981389382598	0.6189990605918946	0.7310339000033625	-0.3243247298475624	0.05387399351534878	0.2908843097526007	0.08198026376864759	0.41848759387150736	-0.36818738141814306	-0.23143585503099012	0.6235306680083786	-0.3832719506647048	-0.1873211200582897	-0.5094118305300036	0.8313495518851562	0.2692342888914655	1.1018112258169797	0.5998864181010636	-0.08667232989620388	-0.8980441011343425	-0.8477869534661003	0.12606797058901584	-0.7934348660743258	-0.07481733289224417	0.9763560067219145	-0.21306676438322877	0.4958213663735319	-0.99796640263413	0.3229452905882058	0.6587342760578383	0.029055921554502758	0.4912441109577719	-0.3724223366292955	-0.24999312308529476	0.8904073865051876	-0.17281268014662007	-0.29492788465626335	-0.4798567709821488	0.02174019078104659	0.15203046888757615	0.050747363330573565	-0.0006737502443118627	0.3087535135759523	-0.08384359849237956	0.24597347814888482	-0.20070459989293699	-0.3210712223244228	0.015511357221609599	0.026660130598294383	-0.15467512331991615	0.16858318133764108	-0.17804272888552636
DTXSID7040316	-8.37651385337239	0.3582276970131634	-6.4208592715735	3.073662840396646	7.976540123812309	-0.24659053069331746	-3.958876696114276	1.174490739298835	-2.5285996333794243	0.6621722802333261	1.3024325424754892	0.5567884319662046	3.392831535507866	-2.7675568670326287	3.69869098411755	3.9128307351843032	-0.7608974268165458	-0.9174537088226739	0.0468240220340906	4.129773852256067	-2.1361485364059187	2.9262943122259295	-2.7508292889318624	0.6308660174559317	2.801268387052097	-3.152209085339072	2.7831920588359504	-0.48480708793071203	0.9667025219654498	-0.13088758346908608	5.796091427860175	-1.2001050892922105	-1.5840030605982238	1.8522886130560006	-0.3411213252823064	2.578161494681723	0.5310778575254632	1.825491526857858	-2.582323367867961	-2.374537453827169	3.245922313533185	2.1687855984630744	-2.175117251281074	2.6752272047872974	1.5963838363973255	-0.27335027289314173	1.4402233542054594	0.993155957800549	-2.2146319786069983	4.141816503700243	-2.096574986217927	-0.8496336095121663	2.4732104674424913	0.23206208071837559	-2.44712523662253	-3.0594659818065417	5.0633952384325625	-0.4768384025674965	2.118891515259736	-2.9245407264922005	5.025709014967197	2.407493961897213	-2.533553734645058	-1.702602282166082	3.1381138953253176	-0.24495837912312554	1.1156154953067536	0.8109216247592953	1.220820097711884	1.7874295186750235	0.43359479446840044	1.5813521986699897	0.9491911271101786	2.0188925642616877	-1.2809571866585805	-0.6418231600156866	-0.8872976452035998	0.5178576294177508	1.3890857098020741	0.12194072946178633	-0.6611673848905799	0.9067334590946772	1.3406519919703883	-2.0276366491422984	2.413425322423216	0.8095913810488351	-0.05694238273843709	-0.9789951145573415	0.04061759452164116	1.2089930036946903	-1.0008043160645137	-0.3071256949461187	1.3463570426224687	0.8003946866016001	1.187425714480012	-0.8667586500113827	2.038371077981991	1.7611442047926735	2.5608383432943422	-1.2704603543828619
DTXSID1045588	-1.3679032545507104	-1.3723329954051269	-3.785243013370543	0.7172897527537536	0.05275337851215971	-1.1220983480880726	2.364296936471379	2.5338956965610406	1.1593584470309135	-1.9132798771762225	-1.7064100919869607	-0.29834244732565074	1.5396034943198924	-0.6744610885955574	0.5816011223575251	-0.8241366908437195	-0.868359647088433	-0.18479159972346368	0.3779409536629105	-1.600202502211043	-0.062153236732595166	0.1548333440553431	-2.2996343567505186	-0.9326973256439949	2.1465680037299992	1.0094147612825333	2.4125882071598035	-1.614339212289457	-0.8508719463289096	0.8821575920485584	-0.8226818489656723	0.9489352759758561	0.8991936194748631	-0.00839123165729538	0.23926706634494005	-1.7822782839062026	1.0208306543355352	2.410940916300803	-0.6256011282440728	0.3618254994467048	2.1585453986590037	0.15071284029381962	-2.777970104879673	1.4789371525381487	0.5436781520096265	2.0298900198512344	-1.7035784058020997	2.837594931733604	0.8096666387312473	0.3602956391685697	1.0159214833968302	-2.4451464039353956	-0.6990041565223862	0.10890341821406267	-2.08864617996684	0.5713753851889255	0.6368549965075871	2.3075242430591696	-1.8753796861591905	-0.2993662645648539	-0.8699538942804592	1.3515919097152478	-1.2667109216202144	0.16044246347842522	0.7028737725435635	-0.26307709039172483	-0.6049380780502633	1.4232111460360706	-0.7834971070616045	1.7906967173628168	-0.3387087657763649	1.4335531107033037	-0.5642466592807293	0.10734142552239129	-1.5774351583660893	0.7802389486032508	-0.741441995561767	-0.09602805986691758	1.9637930539380395	1.2653834578731764	0.6548578424901693	0.7194859484302826	-0.6991670846251333	0.3512215845811157	0.2723980416490612	0.3854164395504783	0.0850573605642426	1.916050342772593	-0.39389604330906597	0.08313918387351657	0.012002688107661606	-0.9252372421205842	0.15603357697697004	0.15503425485810257	0.4584330522649724	-0.2652113992702747	-0.5701736696539114	-0.004827318464710564	-1.3928095780633813	1.4634771075794477
DTXSID5026203	-4.602823714851714	-1.7273785123031937	-2.55895701846992	-0.11534952117423164	-2.211217047620009	-1.1986424791626966	-1.5259014700657318	-1.5107630997636377	2.318260193140439	4.229321078999413	-4.063372752542896	-2.8798386848316784	-0.6127556322671859	1.0624678496485793	0.6810814458557578	0.8980068906964798	1.465329804137518	1.4393030082370444	-0.7416729141621474	1.2825898512815808	0.3141333269881451	0.3610902291706952	0.015544694202480877	0.22515880198361987	-0.9157609174686594	0.7995203546558751	0.29606357018148977	-0.4544943429113781	0.3487053900741246	-0.7628640762340103	0.6915561845122438	0.7321690152189889	-0.10705982174831535	0.005689251235646358	0.21391303651377835	-0.04876576099967277	-0.35522763273582453	-0.14363635649972048	0.2579541782250839	-0.3267680149744236	0.49843687176246254	0.1524479603459404	0.12494607494865768	-0.30461413902652423	0.42920060471457455	0.029964743598230863	0.11734412128585671	0.264533084766953	0.4608959329750424	-0.08552724235827658	-0.6735173679558667	0.06779413466463359	-0.031231038521991106	0.822944709298386	0.5004415162964174	-0.5127190844126268	0.9628433212818726	-0.1001209426519382	-0.3649575814722532	0.014776049318647396	0.38174238069636574	-0.7678171108113904	-0.28717710446761474	-0.9667806619408816	0.5172160691656214	-0.18788468502340167	0.2219443323477896	-0.13143088926418028	0.18539949872997513	-0.35036975445932506	0.24542877056773785	-0.7849890079852523	-0.35798401988494183	0.04387366943594122	0.17173848518765414	0.8075628711837313	0.5018505106590887	0.011778704627054347	-0.31994781528688154	0.27940070874444184	0.16684607579869265	0.055060150730647094	-0.37191604808076806	0.2168126719010416	0.26079395205175376	-0.14508142689972967	0.2209634310237519	0.16439143086234662	-0.44033102428628357	0.07762687855972818	-0.05120506684601368	-0.3358057977953281	0.0011573384636489657	-0.1861501951632043	0.3192165547398864	-0.16842162511695416	0.49134770848397896	-0.4322881644495773	0.08328531667157722	-0.8987579020441935
DTXSID4024274	-3.33090639675347	-0.2191793863205241	-1.2312892810955616	-0.7335961495873334	-1.4120531676237666	1.6686571173316245	0.1314201071130103	-0.8290495164544938	-0.06130199581971416	-0.18576238296451614	0.6258501540703154	0.017947680860172326	1.0926236824468623	0.34603154739831415	-0.22747527440769472	-0.1262683149676358	-0.20699758052278247	0.41533361076956377	-0.2726169690844126	-1.1230020357558816	0.1330767263487351	-1.2227650497324354	-1.5270270517744722	0.45676053679054573	-0.1569659580289756	-0.10023000010224417	-0.19245420679810166	-0.22951175718534617	-0.6687919931522933	0.08848161128444738	0.6820651538886057	0.2679048441493142	-1.4638726177859813	-0.2640782184897755	-0.7522706295782012	0.20289316026281112	0.9822884222680506	1.1795016449135047	-0.4395618481044658	-0.03718560058657255	0.25152589593152647	0.7684066460636282	-0.6001711945558812	0.1471488127547066	-0.01761390004809404	0.019383102629951417	0.7812148520049548	-0.21394220891840413	-0.20363946233763006	0.8183759422960996	0.047134817121568	-0.7778325722477604	-0.7272076390061802	0.9583369840262126	0.2182136355542292	0.47262250958066737	-1.30179137138909	-1.0824979391008824	0.3377667967543726	-0.17949537158360382	0.09081462357044957	-0.04617367115420243	0.7155278703249798	-0.5805280510744668	-0.005696676159554839	-0.18212359752887827	-0.5786328566151926	0.2676684745719238	0.32331257488191145	-0.052973213024401104	0.22233754135520534	-0.11844065728681964	0.21222923947607467	0.5266623928665272	0.08650082237247851	-0.0612550875973162	0.4794332876443752	0.3273231098625325	-0.6763033904449046	-0.0005301255192224856	-0.30147881182257497	0.21614874522670813	-0.07792730114770083	-0.629876014620883	-0.586759452268961	0.039818591198220205	-0.6150642506574185	-0.8951347763132869	0.21076378083292457	-0.3304647778831283	-0.3802586799592426	1.1569510253317548	-0.025397880659938345	0.36361788141623236	-0.16487138549846037	0.09487368499288837	-0.360466768753598	0.2950361568613016	0.24644423293676068	-0.15158921780407977
DTXSID6020062	-5.600932115401369	-1.378123046370809	-0.887546047984236	6.316401133530529	-1.9622802657573253	0.5621698209250104	0.15595995920286615	1.702414924232064	6.115442648030236	2.3211051791899715	-3.8642142132587587	-2.844494166025494	-2.0862135184395743	0.2135005921978076	1.771617559316292	1.185336856240015	0.8091975967477347	0.510236750025677	-0.7157836713555333	1.5310480899496073	-0.7475021427065769	0.9190766154637728	-0.4595944913602314	0.7187560494870009	-0.1805373207862943	0.5795111724829083	0.09255845504411428	-0.13014204544122623	-0.3615773168538509	0.08118494868264024	-0.5804203508422017	0.40555532716684517	-0.3424701961638422	-0.13609975101295674	-0.2985810344261572	-0.3141089633780304	0.09731462611572336	-0.27974636572778755	0.5719363395902727	-0.5810752461924716	-0.32510481616067555	-0.40039325995973574	0.6512060203134432	-0.27008692686346847	0.042168886514692853	-0.2447732881117954	0.13089903489382249	0.8673926510900238	0.18994325276027024	0.1806292550852737	0.058318528405681025	-0.12391348451913625	-0.08576285307953446	0.08215826777999777	-0.37375220662922914	0.2600174700268174	0.23611583637014968	-0.5513576098093046	0.35791821265165424	0.3060923312142319	0.24205787098236875	-0.033749784816954564	0.1727148385511881	-0.44001913249469843	-0.3893204543837179	-0.4167652822692896	-0.8558304386209555	0.09591158965201246	0.06367989713127299	-0.21069233383347544	0.6244149330821416	-0.33372421051708545	-0.18560614548519114	-0.20779278713370658	0.2810422409142876	-0.128159306142052	-0.07248087043081854	0.07629603871733232	-0.18241775555274944	-0.28677321017065394	0.0684376326972983	0.14868089875084442	-0.39229432504319794	0.23544805841743197	0.07020041971908124	-0.3066829498798177	-0.10255801336177585	-0.09383999462814717	0.20979558014843844	0.06435041197802709	0.11239526800603371	0.09338901563313023	0.18302003235564523	-0.056197375803566534	0.24017505285931942	0.07511997366977229	-0.19281123650544743	-0.1532598838050279	0.13847559349184194	-0.08150102733106013
DTXSID0047535	14.584879584845115	0.001846723840992046	-6.758973040012683	-2.0335736623357255	10.702397184535455	3.514043460700677	-0.14707328130617847	-6.393145749143208	3.48356034583645	-1.4310973188936258	3.16623260905877	2.883755569955093	-2.2831994458365297	2.710183133744592	-1.202452448049373	1.3890905002926475	1.5542395474338404	4.057419607899493	-3.4616913674790037	1.8555177983702411	-0.8952760547930936	0.9889359395149098	-0.5478097033664204	-1.2627644540453449	3.7642424560572754	-0.39791848113862066	-0.3466896764172353	1.5736585055577241	-1.3274460603313516	-3.1237406180228766	-1.527199039917097	-0.55340461805303	2.15314795837469	1.6564417266236995	0.8373904328436893	-1.7516199195432687	1.3343537186629957	0.5094224803040107	0.0318439985271275	-1.1533368737532614	-0.34428501090681485	-1.2699570147031631	0.06742235540271194	-1.834139187494848	0.5581424788318491	-1.0349474686529356	0.10403832476752573	0.05801399606707508	1.6948918769784649	1.1864723242530582	-0.6810992996466436	0.6610696354060969	-1.185131951563324	-1.3490561405422161	-0.7684919206836962	0.7225159187185075	-1.0511095739500804	0.20730767748366852	0.06725884402657378	-0.11907882726682531	1.5318619263339233	-0.6809508805061553	-0.40746546911269604	-1.7520720720787388	-1.5194542875125048	-1.672527917562569	-2.2482222808095305	-0.8988335432189868	0.621109529130365	-0.686695989689536	-0.4748459422395818	-0.2649723718819958	-0.28217922256013467	0.5771876249772894	-0.43995102540629377	-0.45809324614726604	-0.6346991403060258	0.566570201842924	0.7207804345861701	1.0719590818962614	0.5872840768034654	-0.9686433469105776	-0.8197185988185116	0.7446229909129174	1.2068789565486717	1.6095042177431307	-0.07022391383426138	-0.1537250655317474	-0.018136683354323765	-0.05501907956702944	0.10820172043658141	0.1517252842630977	-0.4207314411268919	0.5764714019042219	0.6415410309228631	-0.706974285923823	1.1194541391400776	0.3713738752214876	0.11088107437344417	-0.9108358806508756
DTXSID3023188	8.963878860517708	-2.2517716729206763	-0.12589975314819885	-1.78101085816447	-3.5675318478882225	0.5280425308478299	3.5572781056621965	1.9755954716983033	-0.47380333357499016	-2.507389772066136	-1.6592125644498381	-2.304068132446588	1.989243797313453	-1.450786151422285	1.6400185899603321	2.877739749929154	-0.8169066906747068	2.335698569867531	1.34585693892563	0.12676270223253322	-9.23329320665941	-6.211433667896306	7.913735118277054	5.05775777024328	5.9504443871202115	-0.800709851364047	-0.7504035469781728	3.8572202071141106	-1.2191650493354047	-0.07624637885075629	0.13446104954946514	2.1762413414852926	1.3950628689617122	0.45516264668742684	-2.252346527752364	0.6441148939588999	0.7966354821747008	-0.07563493808874402	-0.7886959005750921	1.330360314596525	0.7834216883392402	1.5953458709214814	-0.40621188018839255	0.3032860209799915	0.6320580862236449	0.987302047467171	1.5360299425648847	0.1569488694794076	-0.6970624693503762	-1.5675537305832496	-2.343535565462852	2.7809229032895995	1.9558581942109057	-1.0368003123192948	0.5243538661200229	0.45946550663023605	0.892355191376125	0.5990219511721353	-0.8448242428151519	1.6178108953137353	0.49328438734598723	1.2653970087274984	1.0857263546031704	0.007167793023167476	0.6369585852813707	-0.9025576996436385	-1.0433514971139874	0.5397925613620491	-1.6580145788132765	1.6071300338771213	-0.9883749201521003	1.123754682508681	-0.7732535606013371	1.5036891754795172	1.1507509604615906	0.43795145717783973	-0.2853188562444553	0.05406176057009791	1.8447415197647201	0.38433719608369277	-1.6124616169709316	0.009993870349232166	0.9917193617425639	0.3712322340064196	-2.043566066572051	0.6004704033021927	-0.3257674353293029	0.6060815387892121	0.47886703480097365	-1.3115886355803663	0.532245768826555	0.05186978074407256	0.1305354632820531	-0.8244773574309475	0.2849895703643431	-0.45482189311202487	0.8697306211611268	-0.06646149785283713	-0.5397069980440748	0.93375666857746
DTXSID7023699	3.3968757954096525	-4.348648380245419	-5.160551319172498	0.5852443410808724	-3.610853574083575	-0.7905242930947476	-3.7581933979629856	3.2435525949528436	-2.7490835462768386	-3.4403965453417737	-1.71414188446869	0.11521933262030623	-7.142184481873232	-6.0054104237931565	-4.710393580444644	-7.581088013193685	-4.504091760089697	5.548710820090108	0.824353451419473	-0.7911717430133015	3.9666005873117545	11.1455717450883	5.419405657256202	-1.3692729532518488	4.705410593336454	-2.2160220183260884	0.906660508549245	-5.247774519210259	-5.651431225051994	-1.6987315499953515	5.332839087254815	7.025451892148681	-4.982584899927781	0.10165887878942986	-0.375720003915226	1.1411794698042854	4.047356626299879	-1.833228433016518	5.385054401519263	1.8532173800698901	-1.9147409389419838	2.709542318477457	0.5089007933406886	-1.572056068151705	-1.413977389594604	-3.868304333975325	-0.6393043169516345	0.2847440528280122	-2.7103841722479434	-1.354949088358906	1.3311954044090946	-0.6210753832246472	-3.175562395923997	3.9255300207479094	-0.2860963933763179	-0.45242027303629934	0.8073182960433022	-0.09584392704573196	-5.246865645488086	-2.345679879305311	5.8629764311466035	5.34327705568549	1.819920017074668	1.5142058153493887	3.4840668263839882	1.7654214710025045	-0.5976802809934502	-4.533965861434685	6.423722267908279	-0.11897903769628974	-0.2610178639251049	-6.269491714005061	-10.143105863962244	9.03616592016825	-5.74121866588087	-5.593433154696036	3.806270668292928	6.1450248774239915	1.438402772665337	-1.2756295160707274	0.5269147238580332	0.6227511731770613	-0.3906005992865672	6.490772169252031	-8.149361062039178	-8.02292615416207	-2.8755663371886278	-4.23534112304772	1.0400516406087466	-3.6458977906561727	2.051230887090719	-3.780596155201745	0.4678860108630377	-1.3066757354998657	0.6206471452741298	-0.6607183725620671	-0.9370521920431663	-2.429681637662353	-1.3121855908302973	-0.8705554962994504
DTXSID1046261	-0.12203232726165779	1.9900141524943424	-4.4047557260441	9.915811714603379	-1.357563068206258	-1.6452409466362308	-0.02745885294732704	2.7964195067241713	-2.4364429738555304	-1.3968128426851705	-2.664428704478267	3.366792166943041	2.979509260903873	0.7974372029781323	-2.998371485145763	2.7118785390704176	0.17327920052193033	-1.6597280246485857	-2.14959541998598	-3.475287506496117	-3.29386095138696	4.505112915825362	2.6231617687815003	0.35740034108476065	-2.097658159288043	0.1488564110153823	-3.444964667298909	-4.015673603256786	-2.6996060631812346	0.2463827966367235	0.44529510051258225	-3.222581030244717	2.100853110802934	-1.1806642251120514	0.7222523747416788	-1.429706460659402	0.7251925095252999	1.399093696226082	-0.23739329341528323	-2.6485790916334184	0.6469798385380604	0.8000358779320615	-0.8796067771124831	0.11285488494114759	-1.63376273420363	0.9053604219056864	-0.6535408340337172	1.8034988281888524	3.1370905536668734	-0.1216500373097526	-0.20436747020326337	2.435332370114147	-1.918548231002097	-2.317541297556858	1.6469177709044267	-1.3955548806140452	-0.500166079506321	-1.030746305025979	0.12663353798843077	0.6377858507820346	0.4138999544798661	-2.138727257916058	-1.2881853646404342	-0.793631734455416	1.4473740218263484	1.8944281898124813	2.324718353103276	-1.2988038927777537	2.4961558429217297	-0.41939955219642133	0.2914389409435926	-0.9583797149721023	1.9427554704926773	0.3009929317100333	-2.242159753238125	0.9788589095172782	0.27028581506081223	-0.5270607320803731	-0.9722061102997643	-0.6625942859755701	-0.1302116522143091	-0.6900064357057477	-1.0174250872168586	-0.11232308774112436	-1.2772332167684601	-0.3697096632191709	-1.5487307284136935	0.7750115335423062	-0.3690911153962462	-0.015619918336354423	2.0204632714577677	2.001469029862164	0.5094740349341271	0.19233575845686868	-0.1951249430007122	1.3423298991692683	-0.07039334446400061	1.120903705601005	0.5316895894678101	-0.07680798948157738
DTXSID4021638	-7.501597242632168	1.5629852568638793	-4.375500714107832	1.4574233329906097	-1.2720228949140677	-1.1738102850680214	-0.7750949163250676	-1.0935410378257826	1.4101365848515846	1.6536817244896609	-2.314401750549367	-0.549128719015272	-0.12192303140072534	0.7986172910239646	0.8274951998689086	-0.5326126715232478	-0.16996503801958845	-0.3108033782642456	0.05389302844904519	0.6156424459873545	-0.4873366502159675	-0.1756727843910375	-0.48285191836637825	0.39256679802016925	-0.6916595613439707	0.6884062380702748	-0.1373759063298534	-0.6328615085283982	-0.49442252472767195	-0.9576544833900382	0.5738864965176298	0.7540653475561128	-0.02132740837676334	0.2768095271076872	-0.07079355521499991	0.2796771406659389	0.4679834748632287	0.4083416316887559	-0.05376026840227064	-0.049617401670893325	-0.5577801948779867	0.6519497204117045	0.24544097336532972	-0.5447357630428961	0.23573198669024603	0.20018393486951655	-0.3028238002521637	0.37442805354660635	-0.0015683866409414444	-0.3059321506868325	0.16898698788441718	0.0045373288292580236	0.002018040256800474	-0.22635687341571784	-0.2325675357193475	0.05667132505618225	-0.1527204794015923	-0.6381200141314911	-0.26566508214718076	-0.2220140449850152	0.5164061757525963	-0.43669363688726703	-0.8307281505186662	-0.27052625338723096	0.7138468340854723	-0.9267008689912126	-0.631656567739038	0.7946917996715214	0.9217056769767444	0.21657235599854505	-0.37539116988219395	-0.4666032406660484	0.541098042320244	-0.7676932984445387	-0.41087188802138563	-0.3287343954459815	-0.7669926973704326	-0.07883946052903933	-0.783705845719016	0.27687401700004216	0.595095925915701	-0.8104623606135496	0.10691830536134585	0.8649017708188339	0.10250442174264388	0.03821370882277439	-0.5105767930226307	-0.30239703830390946	0.26811719406360346	-0.7089663498413918	0.27486687334308824	1.1070498660930015	-0.9206127541811479	-0.4297775555801784	-0.24169058831699602	0.2717517253680788	0.9035070407734956	-0.84118415679105	-0.44804215514148654	-0.41448076760696495
DTXSID1049223	-4.199205870734063	0.42055925784391146	4.427978101396709	-0.11508202746798424	-0.6491223721636826	2.4805789913136023	-0.9067731450682623	2.0208491190032034	0.02942663638003848	0.6561288886463417	-1.50622184656622	0.8172575300359097	1.2718414035990397	0.24401676910913375	-0.19084458718277889	-0.7802070139965239	-0.5440156938106838	-0.526260104634055	0.6286517584846426	0.8318111402445107	-0.03383467258188172	0.5231899276709078	0.40409733013907667	-0.7751093163867497	1.1596567272984522	-0.7674230108335349	0.24733956754732708	-0.09768947969237016	-0.6833370648609951	0.5799271074912064	-0.7285382554541955	-0.6634911759464195	0.11411848935668018	-0.3174364857489538	-0.5836362628156575	-0.14363753262937728	0.11273139810080413	-0.367288241985786	0.36357005780069984	0.18721016045557826	-0.2967543389817388	-0.8869808728727202	0.08886884074400893	0.09691268215364887	-0.1262096669213746	-0.4538104914355914	-0.42926071170484353	0.016695077727337415	0.36402504292549714	-0.0354989227229679	-0.1056307995575303	-0.22023323677201181	0.5652248858107606	-0.12137350224324829	0.394810311215857	0.4050365231212462	-0.2576096861021752	-0.19047222286941565	0.40073793912828154	0.26653273945896533	-0.019764099826609653	0.9759873124332418	0.112662483118375	0.16310953844382542	-0.6462602662027555	-0.12368789452205593	0.14880131894028795	-0.21412080341246875	-0.027779687959033766	0.10571622915913753	0.10302578908679721	-0.8145121546471398	-0.3978187120251289	0.23751163091894215	0.1398953051506038	-0.4431073850386454	-0.2266514105502428	-0.1956212969066971	-0.47981025037497954	0.13257314102107176	0.14165781661665375	0.5429698435954236	0.16350723338308837	-0.003731398784109418	0.26385102967366536	1.010071358744452	-0.10451075386698	0.545104574510069	0.535589749124452	0.6360383177728633	-0.24645362345769514	0.2704646485321243	-0.29982232836941447	0.5729455773876282	-0.72530101329185	-0.08578220930733475	-0.20847616382478668	0.09270930467756956	0.45643038742621905	0.2733515636648026
DTXSID8044880	-2.3515624570016103	1.0705409313436012	-4.619272160792047	1.0707099419802222	4.757169479061849	-0.11928402251732804	0.6470300485023466	0.8980320186787354	0.9058516580393433	0.6748988546551372	1.6905593616019465	2.1759043378444836	-0.028567363606098933	0.5102237038739712	-0.9865077227692776	0.41705630546088773	1.480886892085166	-1.2548648775796754	-1.031005961662315	-0.8435939958541244	-1.005757204704428	1.2557223669131692	2.0424823386891373	-0.014569833132576395	-0.23066368008772375	0.716757709826198	-0.060457402982200814	-0.5448101061393071	-0.6965636314403403	0.39320983026988837	2.1696710600917792	-0.35903302422554234	0.4695922371436717	1.9102432480293159	0.22290365863406786	-0.2189271826318462	0.31170625369913224	1.1435766569705221	-0.6114550735616953	-1.233104242533587	0.7821735314103797	-0.24674318384071395	-0.0896434771733351	-1.2751714594111445	1.358318436758343	0.338353498626206	-1.8258655788224025	0.9356296349853753	0.7963228529642669	-0.7483623453548188	-0.9078049535817537	-1.597572734537927	-0.7706917856596655	-2.028837447091479	-1.103655422927274	0.22013767213017515	0.1729305342042347	0.39247651523745136	1.217089915332514	0.17975592296436854	0.3452246796858857	-0.38152510629959857	0.6861893848482165	-1.162590297340191	1.2978950858623286	0.6818163697714341	2.0797324326477087	0.09631019003864233	-0.45046419150617834	0.9241960617395393	-0.9721987344872403	-0.23631701045433362	-0.28801604181425966	-0.0897824464316322	0.7482626926858498	0.7487514404511466	-0.058749855089251624	-0.31258410250454394	0.49664158818248	-0.948568456304289	-1.553199132521866	-0.6592598777806036	0.3804588820048765	-0.15932264680086666	-0.30219403600888667	-0.9381846248782517	-0.5040734352457095	0.41932227678386935	-0.05973952812726021	-0.006418488573638257	-0.8106051651586298	0.6465477403530877	-0.02962809768391763	-0.322392449841894	-0.18568165121149982	0.12891968363809858	-0.9935552347231082	-0.9726778882649869	0.38338914814431346	1.471036418019186
DTXSID4046363	183645.9851716763	-62244.81831263545	-16207.371363958013	274137.14125721244	71689.66766542758	-65307.30681540092	499675.5761861461	91602.08347908338	-120936.58260827616	583866.5686629899	-190399.0052076264	503502.28175455	120411.2223133204	-43205.7259062973	155878.87198206625	-258135.3536446492	-164261.1876667392	270400.82320146594	335010.33092495997	90846.50628213774	255672.6677303782	-125310.88447519978	-168745.16053618686	42039.62456889917	-98042.11651296954	-167917.0631423122	-82987.58821241546	86657.38707868899	20353.060649455478	73751.34934452969	24071.25815745036	115865.98682248445	-16727.08732848878	69544.66991439415	10256.613546187704	142953.68728018508	-38722.1015917013	99919.33885935067	-82061.13322573555	28163.109849243257	-7454.60717719682	17466.157948936812	-35661.28089381315	-29679.30963393871	-11823.791603476837	-9701.662873751413	18829.94875390628	-68612.15533888534	-9390.03902062545	45764.719728628756	-6376.2779424083155	-113893.20381336278	-100216.10945185152	-15297.298842655227	-24416.752026554743	-39202.61418563432	142856.23822229725	22887.932391589682	-211161.86391293225	-76577.76289338994	153060.6882265752	-146808.72533809987	81250.79510788857	17820.946600318824	-124577.50874604644	-399462.81182282197	-35278.12647986515	-158894.27563725977	-127684.1911785417	47458.44453307775	-140678.25186945303	-239259.46326420215	-45579.15495121079	-59610.460754302	60013.49982504164	84994.4001094019	-246948.5503254559	20900.724223768426	15327.925387201209	-241663.29470634286	254133.85592801086	-225469.2150215625	320296.78427714773	-395267.044267403	-308310.17700872215	317073.0393342407	-98053.42592883442	-140705.05184230264	-37796.726756537835	-94312.48116816078	33300.77551256527	-258933.98138155325	90722.33946928463	-76746.16897826313	10663.41250705638	563348.0965150855	-55071.20452822	-18514.352618505935	62710.152710981434	248624.7251289348
DTXSID1048201	-3.9425802907650827	3.8289034942426077	0.8725438777245862	0.28899888870635876	-1.6361078393839068	0.8871978389936898	-0.20494032464507259	-1.4424235562019228	0.3924717783571408	0.020902449927449523	-0.09723294259008915	0.04380594108783955	2.6008120990324115	0.46157950773674766	-0.6849128032930498	0.14019563438403182	0.2632626833222498	0.7268202477323261	-0.5006323173232217	-0.3541372126036726	-0.4929210375727715	-0.10030630983442626	-0.6017801584805103	-0.4921206523587263	0.8314168584133722	0.4420317092204674	0.42743673067891735	0.9908789972272957	-0.2772658018139325	0.1514157557283896	-0.23087735870148177	0.2609845965648642	-0.05370336558249658	1.0156374492520404	0.042881296151366086	0.30068653979870735	0.16879812224371943	1.1865793092139734	-0.5174371254405172	1.5065901408327849	0.3047211397064629	0.7490916503041972	-0.47586523775108824	-0.7686733778909817	-0.16100517077663956	-0.3414406644829673	-0.04978602141463229	-0.18736061646008523	-1.2633639215587102	-1.4374081823907543	-0.35304491983372627	-0.08176258831229719	0.03236182793711531	0.5325006793373863	-0.24049602559324015	0.06633360559977565	1.3035660255745747	-0.40376724543881065	-0.9494774188294816	-0.1831270201052041	0.19172096724788976	0.645496451931456	0.609154211633541	0.4578198148959874	-0.11498500749082984	-0.07939830950106064	-0.3593361813208732	0.11944292491610753	-0.1329031564377965	-0.2857533242154752	-0.0025208131387583796	0.38425210606312493	0.284160277438475	0.048197925034190826	0.6482506334317709	0.37608460573699704	0.036738818354069676	0.0853022145691236	0.5337029996809234	-0.05555438345126231	0.3109716574679314	-1.043284177542077	0.49431146604043813	-0.3332411202934273	0.4278359536520865	-0.7725579376276731	0.27748817255947267	0.10841136940355303	0.9089681293135792	-0.028700837938652312	0.45486867590595026	-0.009725915873428893	-0.22135307478915522	0.021318994285289047	0.27852418377567034	0.3457850626789149	-0.23456849936271784	0.2338663441875781	0.13304399209097423	-0.024547566805862307
DTXSID4034364	9.02635482205245	-5.23242236909786	-5.345309460162779	1.3928402623260694	-3.6773551995723714	4.249258717277037	2.7965117381672475	0.6687126286323611	-0.01873640864641799	-5.851114100636593	0.2686860987502831	-1.0012748933943951	-3.211997674312238	-5.4659461225517525	-3.278783295683096	-3.681590477053663	-2.3129595774427436	3.8845103676025365	1.010468463395523	1.1275048299934172	1.1806244360194407	6.878587440264057	3.934616507015741	-1.4728092147875564	2.6065130531453593	-1.3710224776787918	0.3657028854432101	-2.740584020633208	-0.3522011668126469	-2.094739216589174	1.8707331879962321	3.055437621470093	-1.714691109343993	1.3710215896740257	-0.04982711523874453	0.621483470977801	-0.07711066983037379	-1.8197322969447596	1.4238027872905121	-0.12750888012332745	0.18897501488171714	-0.17240366580692185	0.1874601052199548	-0.477038222376985	0.07425185547355488	-1.5049076172423326	-0.9803731153855179	-0.1486710557147086	-2.5852761587151756	1.105852123201835	1.708750155653895	1.8015793994787785	-1.9266408143933427	0.24850005748643658	0.232471369693334	-0.40853356199199403	0.5850709684316927	0.2714667331854931	-2.501509720800782	-0.39458295006890076	2.0779448825921696	3.0013207422451424	0.8553182501645911	-0.4014783035653759	0.9606308802520553	-0.9827945212161533	1.177723782183633	-2.0812515033434327	2.445858449845569	-0.20508939011473862	-0.7015162977477052	-0.9780664678714989	-5.66431290722924	2.8932221958692512	-3.861905435959992	-2.762016398710521	1.641485529292192	3.6599147476472575	2.324875033861575	-0.08995375464455187	-1.2607259235696273	1.249972428463776	-0.4071815905512693	4.160768456202785	-4.841827099942494	-3.9327232261032963	-0.48368352196253056	-1.039642276275185	1.5356619550724155	-1.115268357179858	1.5039854363293872	-1.1432912369795996	-0.7429827161783581	-0.9458755113146896	2.7706154295193777	0.9644068248324815	-1.2660056901831103	-1.7815350036002517	-0.17734770161891572	-0.1027208671583937
DTXSID4022369	18.718684722783227	3.7652061340330656	1.525353341742008	-2.450470906172726	2.1457103475816393	-1.1123205069460345	-5.53672381771375	-1.584383465579867	0.008255919580591816	-1.6548143775134976	-3.057081267012633	4.296676030929636	-6.704874406500826	-2.61519204623503	2.601262887481863	-1.2608826459946243	0.14819704389586877	-3.1837182407530404	-0.21485897467631854	0.22192982729546495	-0.42960984139766106	0.46036387304028153	-2.439917322449186	2.478997891195556	-0.20671690434949036	1.8416192100674205	-0.47859434056363	1.9191926347522295	-2.4592139194999247	0.4237155671834952	-1.5344390416908429	-1.0744676427090647	1.3377885293631382	0.7789382191061193	0.5244979606749817	0.19861574956656589	1.3029420786292312	1.2689713375582403	-0.21810639675176843	1.8809419768219533	-1.6648209441657718	-0.3504413276560277	-0.22988398814199015	-0.6435627937327313	-0.23014511609253333	0.2778525672871226	-1.7194126572622908	0.7058425218553218	1.910509689644929	-0.25433733829195737	-1.5284313096753313	-1.9763474366865603	1.3910159148671981	-0.49914726139355575	-0.5318584668830996	1.8587533479781462	0.19974477045183378	-0.21007554268436382	1.5423959171588313	-0.2520412063076476	0.9699976192105508	-0.9084437846669152	-0.3034385618723519	-0.06238207508428989	1.0289449071130339	-0.1395888015748827	-2.182556514945965	0.5606461015172374	-1.1110790605669794	0.9962184032368361	-1.2634679310661094	-2.08456565608758	0.1977956703083781	-0.5316001788613304	-1.7345148090202587	-0.2782095225664999	1.687685514118619	0.7676570665849691	-1.1040784410472677	0.399407523060387	1.0194667851596588	0.18076075671558375	-1.6217721321570457	-0.8477244216523888	1.5245733647904784	-1.0988344071206948	-0.37077994169376616	0.024668198206738923	0.5905002122435941	-0.24346971716803975	0.7072295415047738	0.9317021946718366	0.9983896397816734	1.0508996192494846	-0.21662717647345464	-0.6094782898021948	0.3809305880330317	0.14963272609915704	0.5861498028472668	-0.12216419360033458
DTXSID8048995	12.112414902066392	-5.418630644601095	-9.322071077361805	7.181661741859472	-1.0867698463396265	3.475456126949567	1.622524107994248	1.5894351186335467	-0.9691287708453616	-3.7106831036472583	-0.5264540934355252	-3.8278447896789913	2.33412612579502	3.717782408225906	-0.05856178611916832	-0.0656108322585281	-2.432120507151551	-3.9329942524352473	1.0776012217379385	-1.1207097592849466	-0.9663416451146061	0.03300814444713073	0.47900824612954696	-2.752978932698967	3.143305054888803	-1.73213193205119	-0.844896210367572	-2.208731713182538	0.6613166024871694	-1.9702658672604343	1.5076775076924418	-1.7628917555413708	-0.4846914744433329	-2.5438300333686876	-0.12551405783161595	-1.6953962535198892	2.8809359588722647	0.2818309395060275	-0.44973224786135463	-1.5944285042550699	-0.4354032553393962	2.0528998738363575	-0.05018521760977477	3.0094584261096964	-2.4983234244734844	-2.6724879666732284	3.947001351339908	-2.808247426153927	0.6391704489306466	1.9589890247439379	-0.00438916630422204	2.2534960537944984	-1.5524474439885554	-1.1831079943113505	2.2912116045078013	3.015228502574085	1.3791897324822116	-0.9205242764363354	-2.22673394231012	1.0758169231661379	-0.165397204901981	-1.7250463825119655	-2.300072489954369	0.0009433391331743686	-0.5259006326066762	-0.29532527535157216	1.6920912496971563	-1.6937269202932523	-2.1109268957381357	-2.044464626654436	2.0299735910391115	-0.05828951440602698	-0.2958239014982941	0.06371274203902569	-1.20331146610082	-0.33869362373634243	2.457935742733186	0.29307166579590915	-0.07595611144316329	-0.24563290288293774	-0.7506918011298657	0.4503924001161311	-1.6996874477963388	-1.7974653615501932	1.5105177571255282	-0.3451369342780556	0.019682466881686612	-0.08026846881196255	0.7968793629029378	0.10457864497876138	1.4100686795988921	0.04068042063350343	-0.9422774822286352	0.46367482122293363	-0.3976111169405336	0.9162909580095108	-0.4619352408521021	-0.6447433954216852	1.3370601561741036	-0.08309610047242882
DTXSID3046401	-4.807054348436039	-0.10340521983585027	1.8498925825563586	0.5880341359600803	-2.3396092353069857	-2.364937610168233	2.4987518042316728	0.6805651686030302	-0.05448096626037225	-0.866011766726657	-0.24946607036167046	-0.6782886850824088	0.9668562990885169	-0.3846543641162992	0.0666631085365632	-0.33820610796832856	-0.20057272991198036	0.19171294695807797	0.569202004433959	-0.2639141375237562	0.022234358007596253	0.46722935397217147	-2.186100615433341	-0.7407524776342675	2.3415940295372417	1.2590721306855261	2.062290978383706	-0.23044894084666032	-0.053048752856442734	-0.9680306824921415	-0.6950672187134389	0.411841267274342	0.38658205458661243	-1.1506715005662516	-0.4920741520319615	0.22535339215432693	-0.06676926820682064	0.8827578687875423	-1.3269279052096203	0.5722172164730236	0.6975774336212167	-0.4811953869121868	-2.093624217466265	2.292834855683531	-0.43293701695385617	1.5030762770599646	-1.5128170376768055	2.0971896008436235	1.2956041222439412	0.746729203768595	1.0302093153156553	-0.03951424010998468	-1.2662882488919147	-2.0116229462564363	-1.942911621524867	1.3768841000224603	0.6229525949553496	0.7525438931631279	-0.8859821468489846	0.8810931576843403	-0.5324785467580931	-0.15886684034952075	-0.30708971205530444	0.5892835331420576	0.012224347813378443	0.13162291561088652	-0.8568486725766845	0.4591341182384009	0.39504155367342203	0.35967605922996787	0.416230344474527	0.8381436962199673	-0.5299812721836609	-0.5083876091336557	-0.06150378612834089	-0.455514673336219	-0.6475860900240464	0.38135906352931453	0.4178725266496518	-0.40360548284441494	-0.06101997821074959	-0.04966959464353837	-0.16295128215729182	0.040887214999033104	-0.5775560582085	0.09591655442462275	-0.4210697259156203	0.395307557758965	-0.34199134470028864	-0.4710149572960302	0.01968595063251601	-0.10736189815247087	0.17665975315817187	-0.17095080282255984	0.13229085326633308	-0.46510421503413224	-0.003959649420811335	-0.5154620530378761	-0.38009441085611095	0.055519641705896024
DTXSID7052735	-5.489774837966968	0.6189167831461359	-0.10163290532412599	-2.666144340312308	-0.4131939140576707	-0.4480119648205445	-0.8607890071129588	-1.39231523653573	-1.2793028214584925	1.1553155740580356	-1.2363874939322856	0.17659066707623128	1.4966757381353266	0.3884952838121581	0.5780818271270467	-1.0211620900617688	-0.20753973775752807	0.0024881743269803795	-0.03969704632460723	0.23191783838735194	-0.4906550708987555	-0.18897035987232924	-0.7821451902127539	0.6648521301620249	-0.6015432167409684	0.261135624104694	-0.1012543556334615	-0.6055636112890534	-0.8388066433015826	0.8010722136385673	0.4629700651785908	-0.00301699708817469	-0.566385466275039	-0.14279465132337738	0.1905070479428287	0.321456969335772	0.43052610602990515	0.5550632439597798	0.42905462299307306	0.4471275931108769	-0.37467084659427635	-0.3809729643456936	-0.27179706339731663	0.16366393239274019	0.0746024184936589	-0.5857346112080924	-0.0024019259914611667	-0.3735904392399381	0.17752949952054875	-0.5026762501257733	0.2249417020266245	-0.8080634455793215	0.3578522479538202	0.48820422372806965	0.48575969408887454	0.6150600408381905	-0.02924235603890558	-0.018597824802947437	0.0482583877433465	-0.6692660162680807	-0.4450131959802292	-0.23910547830040704	0.5520240649590668	0.9981909844019559	1.2170358485911728	-0.2757396398801044	-0.5829459913966898	-0.3092404936643581	0.7398091764286382	-0.7320234461313122	0.03848545273727628	-0.652542354139966	0.32910384819847643	-0.03945237803172974	-1.0541496954612	-0.4397511058509109	-0.967232959859797	-0.3561032274541918	0.34887852193632046	-0.21600694768790807	-0.6380501415115212	-0.9106739533215465	0.042975728284812977	-0.5972324524935083	0.07706613135992582	-0.4778426468730214	-0.06348824415572192	0.602390891737127	0.44560512756056975	0.23435859394219283	0.37355415576963336	-0.5047078409839991	-0.7630541949597776	0.4406470520184454	-0.17502329826629995	-0.06645240999916525	-0.8952739031733646	-0.12273444302702978	0.5707387690109783	-0.42912153436307193
DTXSID0057833	-2.090386456981748	2.185804045420759	-5.136882513740671	1.109769635723804	0.9640543453754623	0.4466510642219121	-0.4134260552282846	-2.367263554494829	0.6037205889036457	0.07793436617121552	1.0799697239983563	1.0901930686828816	1.540582076239214	1.7044473308695203	-1.0788161022430427	-0.20646867395831045	0.4833319990690765	0.8936655843888	-1.3818059874699702	0.19374237406014722	-0.3926128541951375	-0.11321027999873261	-1.0182875659957218	-0.01906812239903944	1.908291712491245	-0.07607043303924715	0.2675047904782123	0.5781195506252403	-0.580052321397221	-0.8086707082218074	0.7832758461581223	0.1955150922780638	0.5675558703936948	1.2567035502720374	-0.43150406849586587	-0.5752847950009906	1.2638185697565614	0.12294733359869968	-0.04642356032732803	0.9352961838864421	-0.26454383196050546	0.40971143899884743	-0.13366167627877115	-0.5714625988789458	-0.05876361617713798	-0.4371093867082859	0.3038426970912193	-0.5645474676610245	-1.103857727136036	-1.200037283220438	-0.4299898156499154	0.8622019806297224	-0.5391829337609831	-0.2659960099322656	-1.2586784616285627	0.5631044086582591	-0.2513651683473389	-0.5286481387892098	-0.13485248076903747	0.49652886345133934	1.0453041355323882	1.3989660186579802	1.016974476982324	-0.5815346090043181	-0.44618942009444257	-0.8846542783279369	-1.5753844902255587	0.11719574836151778	0.6117164614562847	-0.17476313152277667	-0.47169447378829626	-0.5268232285188349	0.5665721146162441	-0.2924528307710321	1.0096183283217197	-0.015508979666241833	-0.23045300862529117	0.5179376833345575	0.20196355810380254	0.07948901624169025	0.16351372761501826	0.13897863585291928	-0.05486848305038256	-0.12468700459837392	0.411603882125688	-0.3550624992399459	-0.5572220912857446	0.3130848967849462	0.6430164772043654	-0.6112710613098493	0.603201918823729	0.8241994106578311	-0.2638186955986939	0.1330217491453707	-0.14072549655673003	0.3476899512681502	-0.03665979410180667	-0.08312916402125606	0.045487858268869245	0.28092300774962886
DTXSID8044676	-0.8317477682393051	4.082354758648931	-2.63330967893687	-1.548939023492234	7.807712094451761	0.23475554108712068	0.7776109366308707	-0.9921656649176298	0.09681224347959126	-0.743997244785153	-2.351003337672862	2.482893034857222	-1.6141213591956496	-0.8588698146853859	-0.6353153114863557	2.336031459678059	2.493191615276165	0.9422454620352473	-0.02449565532531986	-0.929214227173091	0.39589563193139526	1.1268305617206145	0.12601099134571858	-0.20651102574142377	1.0334674639917878	0.1614176598851346	-1.9634650441281227	0.6958553955699052	-0.8851958649929684	0.5534038910499239	0.6476256094932844	-1.4265586251996596	0.8895274585241288	-0.23877783956779963	0.48251068180831985	0.7371513107079658	-0.41479000728499615	0.37029464322709854	-0.493727547296419	-0.12322128175885334	0.5919317557615704	-0.490842511602099	-1.0080484799851814	0.4390380173918821	-0.18584866642161943	-0.43856295461411327	-0.0678347269585825	0.23463888360423266	0.47661568936392257	-0.7007233969324818	-0.3628550055494707	-0.6128244365250349	-0.40994726374154566	0.08192624024907473	-0.4684064520646784	-0.07897120843525836	-0.7317072831567571	0.1024749208034962	0.4504880500598746	0.4752651006784906	0.15344297900216025	0.19655312912074946	0.46235966831674463	-0.7923484244573863	0.8545906783087186	-0.1348841804932816	0.5108528100619389	0.21750444618938275	-0.1419853036467869	-0.5851797983018717	0.013878366689303034	-0.445972270900518	-0.0879471023882214	0.06042986737684288	-0.28097467089206307	0.5958907773340414	0.43992073579677377	-0.4242469125616554	-0.0232935523639865	-0.137120994516244	-0.6553388277719874	-0.05681566948541643	-0.2528367470824289	-0.02087449835420588	-0.003564005476991928	-0.12500537319836974	-0.1781884721911306	-0.047147095380184925	0.14976378452946967	0.1426007854260825	-0.2353067529481962	0.15320260351509704	0.18948266443607173	-0.13665058155585083	0.21699771187118164	0.1155940726746286	-0.4856615063687821	-0.19621289810838527	0.01513369302620658	0.5258394463694185
DTXSID3040776	3.8329951045223827	-6.493910391276385	5.104009462342814	11.577450538140369	1.4085689902027245	-6.515856347979855	2.02467953656343	0.4577381508754667	-2.5169947912191803	-1.564560872899348	1.5792363282838038	-1.739814186487277	-3.9473125179686073	-2.583123183051483	-0.017253852783129735	1.910104728709671	1.1908956364048817	-1.8649451945340605	-2.0890919424224377	0.24889667549948113	-0.8861132311037989	-0.5654907684085054	-1.6922908055253836	-0.4157981685159297	2.632948579843222	-1.182458681491079	2.221375341940419	-0.6687447676876873	-1.6757975868643027	-1.2091155804881777	-0.9321394712361466	0.4255880450888033	0.8603428196628188	-1.1560948762045484	-1.4818239861255509	-0.25408578438911744	-0.2393238968015937	-1.3368643458087115	0.43327875981251757	-0.07267910280062428	-0.9376560099409202	-0.05893988148586713	1.2423474308326008	0.06635514882405151	-0.8732770524997232	-0.8750577306823188	-0.5195990642580757	-0.015235648130457406	0.5524660889775267	0.725204056428424	-0.007285452187585157	0.29903079030422053	0.09588161187910685	0.08710482706625437	-0.7350008127570803	-1.5453644764066292	-0.7040581961893096	-1.2501588323144341	0.4241873214999727	0.3904155582957823	0.5871036291790894	-1.3063081139114	-0.49379717131955997	-1.7690352195834242	0.0006435051204550826	0.33483904494535216	-0.4621001025421832	0.183581465900882	1.034313302903911	0.06157941016547762	1.48802803755549	-0.6500088253657261	-0.4387518095035974	-0.35454568571246836	0.949166732265439	-0.8971070908448563	-0.6280870917516541	0.357815287952379	0.14365402556250087	0.8865097073085298	-0.1963972614637062	-0.2105642069198761	-0.6524851865017169	0.30915236517239836	1.0013770953835084	-0.8950769821613087	0.4073346937860742	0.05600312995914291	-0.174726682697694	-0.35772476435799155	-0.5723620954815491	0.31858980206010284	-0.2574488649579286	0.4710830816862354	-0.07524208723473215	0.12020496928324288	-0.8653196157506161	0.06738830682029906	-1.0830465224485772	-0.6590738985408839
DTXSID3027295	-8.12526946783463	2.690085068548213	-4.182165309633034	-1.0772792554966706	-0.17768779897964224	-0.967899103410651	0.2814549449147251	0.2777119623621555	-0.46936413538158706	0.5600326320631737	-0.1831089617804674	0.5972756800057828	0.2976198237099858	0.5586018728781754	1.1928431034341112	-1.6037723688402286	-1.3752008752100693	-1.5996990362414725	0.42791675655410677	-1.6428833021358864	0.1304630550289378	-0.4622233385677133	-2.028007868179516	0.5317819808744917	1.0269937732429115	1.4790203739386854	-1.2519510140116952	-0.09465451859397271	0.054967120143989766	0.08885121498091385	1.2145424550977033	0.11341860489751358	-0.2566685379944385	0.4946824277730628	-0.6629877219822815	0.016973522718799854	1.6176814138930289	0.2921714567626336	1.5460855619387084	-0.2627805890710044	-0.1308572203237928	0.22233657778856258	0.2957169735524346	-0.47498185820197125	0.3909295652509833	-0.959018839354869	0.24052577228518165	-0.4995762542167009	0.26523295554115484	0.2972026856694906	0.26335109601055473	-0.524979976549843	0.20571401321956054	0.2850274032838739	-1.0471427704557552	-0.10108311297926846	1.5049887628132128	-0.26454076332752124	-0.0590426748957125	1.6501471652383046	0.12785709266399048	0.14176431267576414	0.7572382040134655	-0.6951340185139852	0.5526612844755193	0.35273703015657604	0.10832829066937574	0.6803918644728693	-0.8120789852422124	-1.0824311918078393	-0.27774317479368016	-1.2866616459935616	0.9087445606075856	0.2936121654802297	-0.8140608543505877	-0.010609175993119575	-0.34434846231606736	-0.019451053936370505	-0.6220860148074965	-0.4943578662963922	0.8133659970067639	-0.577136556825484	0.18595664253333097	0.14991900322110593	0.28947904991619194	-0.2423493309367946	0.08778060779294845	-0.55612296936839	-0.18576768730573254	0.24564691205706898	0.5370344985944595	0.590062821751974	-0.09807754462095399	-0.11117852977713509	-0.2491407816747545	-0.4711831724839619	-0.698466208550824	0.43099713008373486	-0.2760099417721555	1.1300194309151805
DTXSID9047702	-6.434672195869299	1.5739717142282004	1.6425249071764225	1.1828324308817335	-0.13411483141515987	-0.6527781932627925	1.0813266147560652	-1.2677072780207923	-0.09834677542945451	-0.523991379739604	1.1071437335741503	0.03131009458737009	-0.020484911634468903	-0.5748514792528046	0.5651359597155717	-0.38047932381109434	-0.6142609702871085	0.4544715415101421	0.7159550284372512	-0.767442655103223	-0.35870758632622585	0.46304908632167036	-0.485367908470209	0.5785414266377761	-0.5843445948815382	0.496955295972349	-0.21818179661996565	-0.5187424814355657	-0.5096682858854645	-0.16966866327556468	-0.1657781625020098	0.0714551525960071	-0.4640627001550375	-0.23702713742300438	-0.3993929818193386	0.015071734134008785	-0.0733933106855801	1.081828564617833	-0.7674484046176483	0.0564468396336252	0.06020736586696922	0.15840791414780123	-0.15120562187916436	0.032983958969591984	0.3135462876962407	0.3304917107932708	-0.10056427996179891	0.2755337527388331	0.22855954438353687	-0.12836232341707565	-0.42870326283059584	-0.41826104209009957	0.008806348497738323	0.11560019735526139	0.2733644736529044	0.5667920183496342	0.11122076400683152	-0.29465163235364755	0.4490858954146032	0.2529392886598514	0.11230296259594323	-0.18552444755101613	0.6736564018993564	-0.24137452627976277	-0.3113832919923837	-0.36810086647714463	-0.7142812655086355	0.2264117859062616	0.08234330264365959	0.05944844426409367	0.6342478079632339	-0.5226348888097797	-0.5060492846459531	0.5720673789126652	0.15515563474405203	0.33685383001805375	-0.2530488395387016	-0.02539932934846665	0.094653948561231	0.6542242126976359	0.17969397969988699	-0.24027433142718924	0.024787715097053773	-0.34064799948509333	0.24159148071269032	-0.10751825427436447	-0.08037728598949087	0.16668875109062387	0.08971020927299196	-0.08029139375786615	0.12385728057737896	0.05822279446270384	-0.16862778337984333	-0.14989807656009063	0.219784435050579	-0.11758502802649552	0.06294590814196933	0.09268568506120005	0.11863934603739244	0.10679338870093497
DTXSID3044966	-0.322985612092221	-0.8128900851251353	3.71741416134717	-2.030066291661507	1.0269412106218536	4.063204846122557	-1.1535398425146848	3.2164516611083322	0.7901564576799534	-0.31588315024873603	-0.6505770034241524	1.4487879116318787	0.13522171575044423	0.29316571999703867	-0.24253367326924655	0.061236034506254235	-0.8942362640530069	1.1237949834994372	-0.135375662439592	0.06772285187209001	0.211537263269355	-0.8328292144087291	-0.7451434443252576	0.5541312068029903	-1.2428918650222915	0.12280615696696233	0.4809356761106613	0.5259199381036446	-0.4924504817582815	1.436608584791918	-0.7495798597399207	-0.8221685380160718	-1.515544215625779	-0.25468244149980246	-0.04281441700939397	-0.29683816364357135	-0.17046418732457516	0.023554548928637904	0.6375393950846681	0.14445808155405407	-0.24170596064028474	-0.5053885691288379	0.1009803136076336	0.11667920353730929	0.49414931774277643	-0.0029182888125203698	0.2966796775597553	0.8049687556478835	0.29122138583145657	0.20575497334970444	0.0763722632753934	0.2963370055596846	0.980238665060087	-0.07782271673269896	0.5775478378020443	1.0208382869571493	-0.5192323864677191	-0.8003576875571613	1.1029531656424032	-0.039318971960890556	-1.3402210449206702	0.26124850921545295	1.2117769623775614	0.17559931420475927	1.7115254761133458	-0.52571075779546	-0.6359844757813473	-0.5152972140764922	-0.07918286754584868	0.5678654228767132	0.323096270542058	-0.20373217232268837	1.1246703808440837	1.7859879553837836	0.047475654923556994	-0.7073906385426925	0.09559218122534135	0.9105552383250965	0.8667870185942184	0.5053690336862486	-0.45519271140859635	-0.07192174281369339	0.3168627254622868	-0.23485623104162373	-0.3020432393413296	0.9324334951036303	-0.40030766413295504	-0.33704279760187655	0.1137994809807638	0.23996180952153132	0.4245374918240218	0.4902218527409576	0.2757614119778363	0.6156156411902421	-0.3188872424243869	0.22810400139755865	-0.2911395715442572	-0.5780859930189878	0.2363336121688688	-0.07700161260096411
DTXSID6047943	0.4191097481583765	0.44576275990283626	-2.2026336947985263	-3.3829974467558985	3.145701391841998	-1.0568435142120305	0.1310240676694023	-0.64794450220902	1.0936961664741882	-3.4152968287803502	-3.1337896940447747	2.5604739686153257	-0.1428370507835503	-3.264202460953603	-0.37579061435710615	0.6419703919329494	0.19998145415056395	0.7528790209059291	0.8748670443359761	3.2902830495072752	-0.0005759368102379295	1.6340953780359135	-1.8930622086691782	-0.8040534124120572	0.8520936959735368	0.3610181885262051	-0.9781965437341353	-0.98063211061437	0.22632731580685586	1.295953545098164	-0.6323137831221627	1.3947602112979849	0.9293648461652967	3.973155159645709	1.2535716584079886	-1.8434570682266482	-4.610861899713533	5.819831802034423	-0.14232184991283406	-3.0718656885753712	-5.398721169784206	4.70690499963909	5.314774806719257	9.14289036267141	-1.0596145866890248	-5.4244641788516805	-1.36113636068189	-3.0116956076414745	1.7433343485989319	-1.8702612331125017	-1.9808632247775264	1.9120518600206862	-0.32850811162326066	-0.046662514980411234	-2.4054715566761007	-0.7570114788762269	-1.4200907219425916	-0.37866386833990096	1.0932086831181964	2.015816123549652	-0.562756819021549	0.4415415769181452	0.4592258119465193	-1.7053745367211515	1.3351078528177174	1.0339112221620892	-1.9160959642389312	1.5807781050380425	-0.34350255716210976	1.3294441777563761	-1.0293743345482351	0.6455982148135992	-2.3242920821879625	-1.7825365636310204	0.3428413307499149	0.49332542882270236	0.11184986670017914	0.18417000182911372	0.5752782911593982	-0.1186595358941977	-0.09045150165062749	1.5636389920060636	0.026556721716089113	-0.7096757211171748	-0.9988819720267678	0.6469343198237819	-0.558969075881489	-0.40236919957490025	-0.9184189074273583	-0.04517544038039621	-1.4748544539867654	-0.1170109356230255	-0.21439974508251858	-1.1732181756395634	1.586162384134635	0.6991326915420858	0.40543355570995987	0.44700853860252715	-0.9372537690694639	-0.31235358252223144
DTXSID8041321	-7.434151100569367	3.5248069550741348	-2.3695794042586225	3.489640114172153	0.7423683091255493	-1.5097508787974037	0.062323088963423395	0.2538103931875052	-1.022975405729122	-0.22830738025317918	-1.238938868655636	2.4215636214617198	1.4772352772248256	-0.04152853858094895	-1.8125246582531682	0.9746968086468139	0.4290297516245415	0.40521636619186546	-0.9621711526524253	-0.7333688834948022	-1.0947884133975874	1.000421395897828	1.0710322342283387	0.8010900819618803	-1.7432182429501368	0.0603304301634228	-2.027629442828367	-1.5070395147091422	-0.5060640118842835	-0.6598500391631511	1.4269778035808538	-0.3025639926461626	-1.0163129675219624	-0.15347195321829646	1.0549549592709404	0.8125704712852269	0.3441952676728507	0.47403526307956045	0.19703072737235544	-1.5114184173290668	0.2782987098302826	-0.280596483714588	-0.22861353507027704	-0.8564853259170674	0.5793338451621276	0.5421831013699463	-1.5039872822316183	1.719424969275937	0.9768278880044964	-0.3878750548479037	-0.4937170991113008	0.3775546379834533	-0.3641329272977736	-1.2394448180111846	-1.460505276553504	-0.7547010240642894	-0.5848833498903206	0.8982302036088341	0.012253741243903367	0.18302387926827185	-0.7844966346310611	-0.9288713588667461	-0.30769280464187604	0.5851994532742751	1.6848944013373992	0.8488969438717124	1.1183067595010254	-0.07780049898392633	1.545941611841403	2.0176965434035186	-0.7266677315959006	-1.5713528100772198	1.2479756689911756	-0.9381977734271286	-1.2510538446818478	0.0006599294334558913	0.8216437139035883	-1.0270236296888131	-0.22024327745964456	-0.10538391949771278	-0.23241884384083342	-0.07302536474622194	0.6784614717814252	-0.1616755089666273	0.2852530137046592	-0.13150553889846378	-0.18399761074818907	-0.049540910506568746	-0.3777585376536163	-0.03902648087514111	0.6575722840088368	0.8070911909891547	0.33498057707278145	0.042248750982431846	-0.18415787262326797	1.0431128072262612	0.1454753707022161	0.5593324046161076	-0.3242450558911213	0.19928598542242013
DTXSID0023826	-0.18634403025894555	4.307502066842243	-3.1462748149641824	-0.4078718781152409	-1.2826520428836616	-0.07698048141937747	1.8864914096364684	-0.9300267374393869	1.5997421919832597	-3.350149321568803	2.1391992104384676	0.8259762686808513	0.8117569285328249	1.0154319472202706	-1.7302316372315318	2.4776832616710784	-4.119617819837366	-0.6957075998736023	-4.6471061497168185	6.63924597863824	9.378011105324001	-2.059391780844165	3.105504353095467	8.098456271487061	1.4592134755700361	-0.3303983369566721	0.4946748075203906	-2.74985330727936	-2.998529271076818	0.16441765929585597	-0.6595319732601862	-0.3869895021996156	0.47395079633086684	-0.1601476557740836	0.40891609771009413	1.6114226003700416	-0.8267681602760684	-0.5337103706049668	-0.5946874979621171	-0.09116825909466868	-0.3537991723516083	-0.3284530412191241	1.1118191791768206	-0.10051729333342818	-0.4705681736016664	-0.0059700474724013785	0.4921152642880844	-0.5370212758599536	0.8572799042907671	-0.1989485012479853	0.6782251999969336	-1.6126745388448445	-0.12079901905891643	-0.33023426091291985	-0.3612351818934792	-0.7162971946141096	1.3308181357911402	-1.032578118154616	-1.2511563609476135	0.10807057681779059	-1.0463722617102926	0.16719166687188236	-1.0416940006418463	0.3945634895302671	0.10926726414046253	0.08377418471806883	0.4076338712530057	-0.10192297614405829	-0.00810508414360422	0.2430323044528685	0.8189369497194781	-0.8497377286707865	0.569890641138577	-0.5436132484288578	0.02733034511104674	0.3932283631925088	-0.15858863989964164	0.4411000787524818	-0.0665015254820286	0.8259126506908303	-0.21382248521120897	0.5069460420399554	0.44837045952040455	-0.2626144078595064	-0.460686287289568	-0.11966022477829674	-0.2606076865018487	0.121155015043732	0.4059075543383449	-0.41447236769037504	0.0035189440640480386	0.1864514351549882	0.11391332122417037	0.4576110845568167	0.39381655489792355	0.1852996167294582	-0.16441044387291648	-0.3042284224482007	-0.11597088720200995	0.05956669202113355
DTXSID0022220	-5.345082120073163	-1.9538169593691943	-1.1365071254512034	-1.0146853535051439	-0.9615574389772613	-3.311698846696635	-1.9217688479510935	-1.699318338295018	-3.576625468125447	4.022674774034216	-0.8741277582379241	-0.8949438343262576	-0.7986267602645036	1.8913872615476912	-0.737844173437483	0.9361242299624405	1.459549287139471	1.0154783528569848	0.3093364477212356	0.23248579898338675	0.47355048589459914	0.4698623553328678	-0.35894300889961367	0.41924718384743503	-0.5768638580998326	0.17579630117555542	0.833374450719922	-0.8573520746884098	0.18663918594659012	-0.811608401870031	0.5324188226555073	0.9114229040186946	0.2885090688520235	-0.5493131714571511	-0.008999201527515207	-0.2890001562927945	-1.1238959453675028	-0.5048400189347705	0.5893335921113915	0.35210163882283196	0.4676355214213499	-0.14924100253860953	0.31685089656136983	0.1176988212188764	0.4298729652683272	-0.5970674089333341	-0.27507561419350224	0.022854178798666216	0.7265330806009429	-0.2858457034892114	-0.7908817534967242	-0.14791149624316133	0.1534652025488214	1.2805554343833614	0.7684257488460041	-0.7676257368845196	0.6454005513240326	-0.5598717291405787	-0.8322443443886931	0.10037402635816248	0.07456311973559568	-0.6268944397031183	0.23631403268648285	-1.3989032700178319	0.5940387784544958	-0.013503906408597936	0.6946229865606829	-0.24878377968565082	-0.39462501358521396	-0.20978410483753898	0.6224329807641673	-0.9215114076637053	-0.28617633077022014	0.1890180310986378	0.5590176973095845	0.32100883501857863	0.4013913090317919	0.016647940515686042	-0.6137930323381303	-0.2412202020653361	0.21346652266582514	0.5028602191951467	-0.6152778040106399	0.3626577742433647	0.3230825442918292	-0.19307073950324014	0.1241749134077711	-0.060827141824651855	-0.30072497972546475	0.292743190932571	-0.01744140341283199	-0.29072473070627436	0.12728281466244842	0.1042503030995891	0.20274973206867747	-0.09924777242411725	-0.2529360448755853	-0.06480139444852345	0.1599415406379219	-0.12406572210674528
DTXSID3047134	-6.027965108367398	4.108241195235389	-2.295748446795847	0.6550735691166664	0.15242519750288222	0.3835483653576536	0.6616288419050623	-1.8388775242003002	0.7253581864229772	-0.7295629942705135	0.4786519072737062	0.35578992109121366	1.476187577607337	0.8181733008765212	0.08576254976685256	-0.04163540779270195	-0.28687578432173433	1.213927699393989	0.6389467930616156	-0.2921760374514922	-0.31751080385471137	0.1769560366990412	-1.0565479096337291	-0.14457492830858257	0.7464261863598117	0.6018666284058037	0.8111798906360186	0.9520629980541123	-0.12308739343045011	1.3547960285922505	0.4121224509884464	0.7868019470394563	0.283216334132279	-0.0063816696302066555	0.14279142477606271	0.0670191329678796	0.2583648277878075	0.3068327125464298	-0.39412739177816064	0.3673928982266711	-0.05512152808254538	0.0671382800768043	-0.14746319110056996	-0.11616205235975302	0.22369590002354744	-0.05111146248639694	0.9141767233661003	0.09447452826541396	-0.6079900923009228	-1.1518749168603306	0.15103439627654383	-0.5043304087769116	0.5358012288467026	-0.6535619915331975	-0.2449860497219744	-0.3706684519861055	-0.059845723355128055	-0.12487352590052718	0.2871273358189152	0.3334147544622345	0.6848029158528175	0.17526863624799688	-0.11040206635075452	0.202475557462371	-0.24731087208362787	-0.35509290273312877	-0.36583545764797626	-0.03284681777963724	0.3055962213937838	-0.04367787650968588	0.2516387163632025	-0.028359024247569045	-0.1779045201373369	-0.04277404561501723	-0.5233247302047295	0.3028327097950535	-0.48128454156002537	-0.1505119541141054	-0.6077787950543909	0.3708790966302146	0.5982820456687724	-0.17401453944591552	-0.10278819928793184	-0.08419752426232065	-0.3621116468445337	-0.11540531205653363	0.198284384379723	-0.25224691306890873	-0.5557049948034389	-0.23469603333055417	-0.20071122600213886	0.5092059865249847	0.12310208889243814	-0.07649199500982072	-0.12802395746918616	0.7659849494354344	0.15349121370185503	0.04938762840769709	-0.02568759222176089	-0.3201670463459474
DTXSID4057639	4.903666546079448	-0.221811645012296	-0.5142532950610941	3.98562354025985	-1.8933715470225403	-3.1967815721891277	1.649854391785483	2.8896289225346976	-0.5844306548008722	-0.5379131629830873	-0.825984295162172	0.8666122151222628	1.625681216473088	-1.1838166146764812	-2.0783262431617717	0.0069045481417996935	-0.08114312135845021	-2.1527930513596876	0.21826446127385873	-2.616531158736156	-2.038007733251235	2.7566259328993707	0.43418070247480334	1.1295353792571492	1.1729795228401296	2.7258603238393873	-4.021597671590481	-1.8686150765352458	0.5998926045198855	0.22052082296786787	1.3145090038743013	-3.266101786406607	-0.11971990150917342	-0.8038249483117824	-0.18062673170102897	0.9967328391918147	0.6721080320835042	-0.9302020922691446	0.33343225098436974	-2.1085973333359354	0.6031578097737126	-0.07212555888404283	-0.20836797081840897	0.18620405681650568	-0.027393964514718795	0.917417867315554	-1.0672015037278682	-0.5651905733179982	1.2857078659022652	0.18530408590264885	-1.171282757410545	1.1156946697375183	-0.5406379943879509	-0.7682950614838201	-2.2379548479873383	-1.5783895961089611	-0.46830230161517583	-0.12373561733146975	0.4042396453888272	3.6908688536412666	-0.8247368380621604	-1.364051201710389	-0.48298447620735036	-1.8061411714024938	1.4741466401999967	2.2095551060388487	1.2192086951044032	-1.8413617210219893	1.3112660240613716	-1.0348530413159005	0.5075441899600074	-0.7997174826290554	1.3072738531372752	0.30556364128391916	-2.9380115398940307	-0.3427874436669147	0.4550305979796202	-1.0961099000742762	0.7859230255287895	0.657576151168695	-0.9112886368242064	-1.1466271745780836	-0.249264572913231	-0.26570374337623837	-0.5526860983774637	-0.27238902671987864	0.2134302972339419	-0.27577523750678035	-0.28550680888880386	-0.8230030502006512	1.5197763568142972	1.0255697435136122	-0.09026263437437791	0.33825157334907735	-0.2946881241905455	0.6742570129748446	0.1129015113989546	0.9130819654691745	0.12492381316945798	0.10703544118819702
DTXSID0051996	-6.261867007114115	1.183265657471593	0.5871516816455681	1.1855895447642493	-0.7926638307638619	-1.244948137946983	0.9992621428327572	-0.052470178722230094	-0.48426049681919436	0.2941581326237246	1.214318554624931	-0.46370572484563044	-0.34311557481071686	0.06768362613681789	0.34277541254575433	-1.5347821968319408	-1.385651195657889	-0.6580071126848054	0.1571515506483254	-1.9958371443952296	0.07294594577053734	-0.2031686602185797	-1.512945188940789	1.219596156178775	0.5919930291319923	1.2780281387153536	-1.6432781707705675	-0.14168568414806598	1.1539469288697106	-0.06372948245602442	0.8678840606327662	-0.462378653029933	-0.33934123145535794	0.18621839347531968	-0.8705536294386106	-0.08276192928114334	0.771956050219864	-0.40232271048984086	0.7929664019648476	-0.5419645314223868	-0.40421701328839055	0.020130049824416543	0.15855865936670543	0.05503240956354694	0.31811395524629743	-0.6520505083996903	0.6160737835062623	-0.8985863231159743	0.13656854878962285	0.39972484695292965	0.4825822389681569	0.5110504790935941	0.17152773510422697	0.27113754304956633	-1.5895944016182788	0.39380259579462035	1.2190192002300462	0.9249853644872388	-0.07498180933910802	1.8433926813936015	0.28275220686719993	-0.1749838278785956	-0.08719598455786713	-0.07095092018169685	-0.21793100601282608	0.0952054592683817	0.18561487626791695	0.04487876967494101	-0.9084878832831738	-0.9843378039993003	-0.11294084180705721	-0.08120953817303922	-0.15091452388787233	0.210933301940304	-0.2517264348967579	-0.07575666421158017	0.4191094795098522	0.12685485247182396	-0.038615824159937764	-0.14961181499316697	0.3591610488846804	-0.17879177027558968	0.07298558408146034	-0.01192567787300241	0.008696685657569909	0.07878838617026256	0.09784082331891346	-0.03249265903033739	0.213526373488644	-0.172152853564612	-0.1936593154372941	0.2776647398593273	0.22406732102318985	0.13505935706857514	-0.006240145063818285	-0.0885242886204691	0.09392128811886014	-0.0602119730863982	-0.21306769237397785	-0.13410162355190164
DTXSID9045392	0.7769600022635139	-0.28534664117062325	-1.5047008166762046	0.22132666892927277	-0.39420042443404324	-0.0902865577769024	3.567580015471395	2.4682659762917596	0.23194573825771275	1.768508864980141	2.97316232900588	0.5008360640815903	0.34689787484978996	1.0149429493395732	0.3020119502979457	-1.1623074168178291	0.8626791146502255	-4.298616025411158	1.735823097841811	-1.04935587647715	0.03737412780865172	-1.0500877075612518	1.2265283484168987	-1.1915748159653907	1.342464308677086	0.9344425715242326	1.9236054619018879	-2.561562929215957	-2.1802317801652085	0.5394171643734751	0.8130995868555753	0.14105391247538154	-0.2298039572216086	0.14050971448919541	-0.3882149714107284	-1.572272459886886	0.44684280938202	-0.35743592695806775	1.480568535287015	-0.7681812389464354	0.8876269868538486	1.6057502040494798	-0.08658231031205924	0.4719156221083492	0.7851580331042798	0.7634205319529437	0.34443463516551986	-0.14908610574411088	-0.8212400077918764	-2.53317586648295	0.8521665300114422	-0.6930456919797597	-2.2781170175133267	2.681404980420005	0.17224097717820963	-0.11676246061059538	-0.621156083197709	-0.7177833648590005	1.7836609760721478	-0.5954559634137819	0.6247285430476182	2.4359061921765766	-2.230192810230445	-0.4123403152198525	0.2590444206883076	0.8251458755843407	-1.5297803074950838	-0.6925971583358861	0.12282012212990463	-1.5329223690784906	0.9601939300331831	-0.8031977479779522	-0.47676764027519813	-0.19104680589752138	-1.646298888383737	0.9407682593151073	1.2743986532074183	-1.1467802638115423	0.6793703824379886	-0.7706450749666459	0.1264832945639819	1.2709453475161794	0.7729669693051694	-1.739998353412787	1.033166812809522	0.9661506892730817	0.797325329143596	1.0088870124944938	0.4974694684002507	-0.6582829571125722	0.15301203872654756	-0.6389632593389739	0.8156340115448509	0.15201728090327848	0.22824851737261578	-0.606737649580849	0.24693715583211331	0.2919601566021142	-2.386856203411902	-0.3834719371599402
DTXSID0044523	-4.526644880759408	-0.6309257834733444	-1.0894377054045699	2.594909105190883	-1.559133404823495	1.1583670525898604	-1.305699405584576	1.675116322195197	1.5564816449836913	-0.13480205871037085	-0.7018908312339992	1.118177165210485	-0.9930807562272145	0.016411732563442666	-0.7239392560513163	-0.8249461194762441	-2.2710652118606296	0.46230252781036063	0.6377142138473778	0.1102724482303778	-0.598468574034042	0.821955817688333	0.11733464599669127	-0.2915690194577308	0.15645606995463845	-0.4453512408707165	0.01826326745435121	-0.11316996975770933	0.6778153840027756	0.630962245821677	0.14225078854878645	-0.5780066475209863	0.5763125355676999	-0.1801363217860672	-0.08264251982817204	0.05567935808277438	0.7924648151170023	0.7232068433013866	-0.4046938543849547	0.2565848507835958	-0.113204283079573	-0.4067303802020077	0.15203778951013622	0.37452044933608414	0.1504187297555467	0.26064850072415563	-0.08654442617312369	-0.16481102586219878	1.271827716491552	-0.4999036460770376	-0.7546446747701713	-0.4252645929295707	1.8103159990849678	-0.3012674535617491	0.028496372779078433	0.022463461330625784	-0.2148422836292055	0.7872489636518535	-0.32149931750841493	0.5368058816514119	-0.06937025316255567	0.7773258171305882	-0.11499306488648499	0.009673039147699552	-0.7920979902451353	-1.3636569209359308	0.31839041563332604	1.1575907110688282	-0.1721654137073781	1.3987790098773907	-0.6072752269045808	-0.04097692780481706	0.03572115436876695	0.14089794173756406	-0.9607278278346134	0.4815333083310606	0.6854209626057218	0.30080855051120986	0.6485463594322092	0.22536935538688524	0.23312646936623133	-0.3481995114918585	-0.9385919653427369	0.22217859722635566	0.040665652326093066	-0.5569334050425833	0.3248573928586257	0.7577352650928523	-0.6495187965221286	0.8477048793728841	0.10135745243998037	-0.39313220827935574	0.12870639723341512	0.48218071391647666	0.9450331886935418	-0.19456733229868972	-1.160374931864581	0.3861325140237039	-0.7645981136219256	0.5514136217608232
DTXSID4047173	1.5970192213687715	-0.08323050985031567	-6.508114423961043	8.656749432102238	3.036681785229246	-0.5247712472421939	-1.343736248206433	0.7363173298889762	-0.7647331683008856	-4.667990171069613	-1.25679719585005	-1.56074601713665	3.3845933289143963	2.3320229724965666	-0.4825413993626604	0.6771638340968607	-0.22409092846837889	-0.8874375220785973	1.8992566935078834	-0.3861924648805661	-0.6147066277852877	0.8690320902357336	0.2942096375017401	0.1489033638244546	-0.332551598913603	-0.6466129946055679	0.3861835418982137	0.050403100965770664	0.04064283748891832	-1.3544308590255174	1.5575901721931724	-0.860681254683564	-1.3240797490064986	-1.0625848576663874	0.5871899380878461	1.7166009325256484	-0.29765926118213476	0.8630627951769424	0.1299597749530184	-1.5232364136279406	1.1936354494323445	0.23089114223972337	-0.8749342604000324	0.751526183622108	0.6317828116184983	-0.26046777724499504	-0.046711392544303995	-0.8781648058404419	1.599661485116975	1.0330720521179024	-1.5740392808817534	-0.12075477315156921	-1.4498886322594098	0.436802705750873	-1.0678289884892886	-0.23306993853849137	-1.5898085841812903	-1.0672238816659874	-1.4131224988655937	0.007434411291942011	-0.5151589821593872	-1.1416785151676883	-0.32023594778615405	-0.8055532756113298	0.6256989661218555	0.7026011767784104	0.4367640528878528	-0.9036347417784694	1.2360275455892178	0.9704618553581728	-0.546855206601125	-1.6850802938531746	0.10041129536473153	-0.021461165477855124	-0.8979894355787983	-0.44385718895544085	2.362834926706147	-2.7945801204808727	-1.5632671367727382	0.4060632437761327	-1.8271656404944414	-1.7943561458037571	-0.09479731735131418	-1.564966518199963	0.5864872434584698	-0.5981219502282172	-1.7637019195007255	-0.6458230217720101	-0.5193084317844028	0.6455411996694408	2.133731446511211	1.3997044669851568	0.5200113002345166	0.4691038713358013	-0.7376895468222537	0.8001941496276688	-0.6018111547740055	-0.6439505957356101	1.4904200096363625	1.0040978834900818
DTXSID1047075	-6.418731419696204	2.265678447300583	-1.2544738995701048	-0.462543425912973	-1.5925787188652605	-0.5296904583565615	2.3378738444836302	1.2738571219414923	1.4029481541457192	-1.5619097889104023	-0.6135324520948474	0.9753125034934473	0.8228709516586645	-0.25443698251977487	-0.4861346636884235	-0.8316562437180219	-1.068713629855719	1.0251446455656026	0.3628250398112284	0.1850041271011834	-0.8237189126079479	-0.24444334765776835	-0.3821736481605272	-0.39167313617444555	-0.6527338236896866	0.42854126132307874	1.038067538264864	-1.1035773756828244	0.9786317778637261	-2.947194709251717	0.9325089826613662	0.6324642574323419	0.052524495985876336	0.5329389560380732	-0.5811795404948552	0.5225760590535649	-0.803052738399381	0.6650589428650779	-2.2047218842206124	-0.045399268651361145	-0.6948887592900979	-0.023725778039849616	-0.0518482439219678	0.6824621700367007	0.8769587643025638	1.5226775982394278	-0.31399560197785914	-0.17747694440917497	-0.07294164106461293	-0.349064031657253	0.0915209212579309	0.8893848731284797	-0.026834723778990453	-0.3905177253617342	-0.5982663973994206	-0.016948488856302547	0.3913737243977069	0.3647711957756532	0.7909233031698562	0.4382874235508487	0.7507738129568094	-1.262366527288006	-0.9689963958727431	-0.31482645024687494	0.08391593324038993	-1.0463441107739406	0.3395706206157869	0.2637422254796164	0.039255388873693786	0.08023646376795407	0.08692215354350646	0.5029976952072324	-0.9669771303391282	-0.928802282314643	-0.21654425001110894	0.652835335874299	0.20758884988306217	-0.42672949347104827	-0.0032536546750095625	-0.29279158347543666	0.1738040669659682	-0.44291671349563283	-0.09405023991188032	1.1845829145324258	0.5579967728461691	0.2791408775447486	1.3011013378086271	-0.4236012906023036	0.9967953350613944	-0.03884900003859327	0.08121317451521898	-0.1699996616912199	-1.0479001835039365	-0.38855073154035946	0.018064282642546534	0.255987085157037	0.04660014011664256	-0.39114712188775014	-0.1778019402611776	-0.19635422296593355
DTXSID0048507	7.174597377331579	-5.490358793698008	-2.2053427177763165	0.1917794995411479	-2.6368001863299635	-3.042835113714205	1.5578110270538772	3.459925157043054	1.4072723743521869	-3.3969273488541973	-1.0063968826780705	0.5367600083367418	-0.0316013188464094	-1.5548789554586127	-0.9726807515474938	0.07371795288525138	1.4397905807066063	-0.47614187855734397	0.17208103549496798	0.849274228774148	0.5675926167928733	-0.888565354482967	-2.7149299357629397	-1.9226870291801625	3.683722988659145	2.7463871376288056	2.5869341310491523	-0.6287077940154885	0.011674134918069099	-0.5921202926467756	-0.7375125845228285	0.5452844042492555	0.5639463704650988	-1.1446902025754877	-1.0559640607935648	1.0831072639233703	-0.3287635378124373	-0.26366675537386774	-0.5625075297720334	-0.12497912280178804	0.6757041553086004	-0.13952875649031024	-1.7773133618686643	2.9448656774970305	-0.7450879945395272	2.289612142396263	-0.0004842836016160618	2.2637765075944785	1.2019017774441294	0.036074857567196354	1.3844072613302045	1.3775656742974105	-1.0301389640184833	-1.197384938300458	-1.4256474327441904	0.2109501895976407	0.10263305432707942	-0.15470981751111484	0.7540047225399139	1.7850633711045167	-1.4863455560723249	0.6565081122473815	-1.778386332919801	0.8408296082713057	0.7263179946568687	-0.9479224365288854	-0.3532472636310925	-0.8979016979808876	0.7162457200103318	0.7150587587742471	0.006456996049441758	1.3471520123594427	-0.3545283631132658	0.35451661821140384	-0.001340341227531426	0.4451154363486335	0.5085772558928482	-0.14996944709452645	0.2493373229158324	0.2344691972154262	-1.0765663091788016	0.033209589001188776	1.3351185418047675	0.27361183010920415	-1.2436473490315345	-0.36270507071094604	0.5363855714309602	0.6412705520785658	-0.7617022412351335	-0.32906719816434726	-0.670836905038577	-0.2001662460203953	0.4218473878007631	-0.18849446406326284	1.1387078305493603	-0.21961582713452743	0.15306122644997683	-0.14071645012999656	-0.4539628323744535	1.1970052901683212
DTXSID1023609	-2.730983308395331	-2.452764631803568	-1.7548842146215378	4.622546991890086	-1.3797026385034854	2.4771065192642054	-2.5432319456309265	4.302376763530304	0.28970953389865134	-2.537202646675452	-2.165264337124982	0.6525373271269086	-3.3082114781220398	-2.3516089556279827	-0.927963358453405	-2.6737786352899193	-4.045900174323223	4.037979272027496	0.3579583521403324	-1.3053089161454001	1.4768691022016747	6.996725399342609	3.967297798291371	-2.506005538885161	3.378394465636867	-1.7837035087268742	-0.10924389769833517	-2.3546632943943453	-1.894510465138987	-0.04002189276730769	0.43738186126682477	3.508333421907561	-1.402421719667744	-0.0974684825954861	0.37419605924447386	1.3262788117259572	0.7119361929935316	-0.9113259530410079	2.1622174490030472	0.8794435904309742	-0.6984104026046694	0.5929188655777198	0.6590942901269988	-1.0360467960702673	-0.5083961310579751	-2.1873044508655832	-0.6295409119497495	0.7594660735662877	-1.2763849768808864	-0.5046225346178844	1.4749750466258027	-0.8688227166888456	0.32826751003054433	1.9377942726753252	0.24864903679569464	-0.9447729026901793	0.7657731381538132	0.6379329187417998	-2.9432741967917107	-0.4662261923207179	1.265036293020211	3.726905485031053	0.18779429444784876	1.7891230148388866	1.118498239684606	-1.0046252303846603	1.0855973168213913	-2.2464864050945117	1.8085485040034028	2.2716629913560746	-1.6216105756014374	-2.507108557261259	-4.8637138099814194	4.330622362390677	-2.6559088908338757	-1.8799740449176234	1.5590764757965025	3.382627546106505	1.0576799259034204	0.10658247047505327	0.039876701808334025	-0.18322740285019468	-1.153997541038565	4.743045763855255	-4.460223695951603	-4.855149038219326	-0.5921800105178735	-0.9285668083183872	0.9629361224317681	-1.695056413370114	1.305994283953003	-1.6752594066535402	-0.3726593854923187	-1.135713601546969	0.36350489555501364	-0.2069222329425498	-0.3126294216870544	-1.80579071754442	-0.2786460326220371	1.0184315310380871
DTXSID5045677	4.025936791891135	0.8542181332161574	-1.082509931318919	0.6105954685633697	-3.7041422543803444	-0.4654225380872244	4.484031245380704	0.6389483661382083	-0.6186184319920727	-0.43891902625835955	0.3565040664421028	0.5981848494176478	-0.6691707871644688	0.934922825327472	2.0846445297266887	3.7687424116434234	-2.752723740192269	-2.6189714529110706	-0.3854002810863546	-2.757383627609652	-1.9814710761498844	2.545174258445075	2.69145894569605	-1.227077258849212	-0.8305805004956387	-0.759725326264132	-0.9062261158554252	1.2584383849411702	-1.18365669453803	0.13548233055886874	0.47478092895640256	0.040588509514819016	-0.13151492369644022	0.08893506075276841	-0.08938270506371061	1.204641578641231	0.15133089129806537	-0.035315111119276654	-0.9699648067406258	-0.9250711555697159	-0.12091891786896755	-0.37734821275343455	-0.12075921237327061	-0.18029821151726333	1.334174086444886	1.2194796753761372	0.6744639479245214	-2.021808754496155	0.15502437305247155	-1.1546683874404366	-0.6583095052666416	-0.2862984042991688	-0.4536564816950278	-0.4354726653158907	-0.6969652019853021	0.48461409789658577	-0.5691136527101079	-0.03590154042445563	0.447904550967717	0.7883843495044636	-1.7922499110544823	1.1577873121128655	-1.235452585218128	-2.361664352297966	-1.4367277416657518	2.6655812662992777	-0.643885210871043	-1.371906417092438	2.8964876281915157	1.405018551081446	-0.09666635650369496	1.2031581328826575	0.6693972002587748	-0.10054248019029007	-0.9692144916151995	-1.265583093291578	-0.1155998073432622	0.0892664025421923	-0.22226817758042403	-1.01853531866352	-0.7376070606273167	-0.20669689306462388	-0.056606019537190896	-0.19446353752077267	0.08104060073824261	0.6701865260737904	-0.6983102455312675	0.13582424657692013	0.22206502550579532	-0.9676087670009246	0.6973427542673265	-0.5845298481751119	1.171519004434265	0.5770693053004349	-0.22109240468866337	0.564163015127362	0.0914394894771916	-0.19223642638047778	-0.694668844311862	-0.25875789711184644
DTXSID0044999	0.753242646333444	-1.6858914875916964	-3.02200295234239	2.7386592492153063	-2.743858316247012	1.1476339110758766	3.2335695266412223	-0.3651651725264029	0.9457245213469262	1.4320381123847343	-1.5771559449791939	2.1000887514423745	-0.5191114992015027	-1.0720587989427788	-0.5305175614373728	-1.5339757018958977	-2.0670696874224044	1.708019218027454	1.1086052043908126	1.8116859485191985	1.1388459707916418	-0.2677428920404265	0.2185458264860556	-1.6393908116379872	0.05401657764790902	-1.263299625358866	-0.36476740611263253	0.7268025065201028	2.099941276635602	0.4717632203330544	0.8559137844655441	0.09092549302747209	0.26862368638440265	0.12887622879433638	0.2312794623746409	-0.44835036895258024	0.9068970821666122	1.821928361589978	0.01886864493123424	-0.8050916494555191	0.8727658773839461	-1.1238735931098742	-0.28421233781166266	-0.8302399944258074	0.8360484937833814	-0.055825079210300214	1.2486008435125744	-1.197658020023928	0.81786939241835	1.9779718539604343	-0.7509943123652	-0.6173424125602637	2.3488379804309742	0.14316282100421024	3.0739494835803356	2.4878081532836473	-0.8998642326320073	-0.6527186041823099	-1.1616124623218569	2.7971085141983916	0.39104304865391204	4.374470727438382	-0.5320144108919856	3.5557935184895375	2.800040498392149	4.775425841371014	0.1797751098021804	5.131232133189918	1.3409106573588747	2.027462501836137	0.9399505668512665	1.603282645494404	-0.9019269639139393	0.47409569097088383	-0.32003815076028974	3.285069204249598	0.9620098004236011	0.2903795042542527	-0.3359110057076315	0.8434516009745464	-1.6044061134343306	-1.525211091046787	-2.367342781039503	0.7646567896699785	1.7779880702357136	-0.8959032820492219	1.9419131786792967	1.0133230784401734	-0.1518389187230445	0.9765022545577253	-0.5148188691574224	0.6666605322878619	0.5881191503587165	0.4593627770017184	0.5783392576315942	0.3037374758309628	-1.1853702889716056	0.3540440918407061	-0.3965846336236012	0.20333241430794227
DTXSID7021782	-1.603251616730088	-0.25892954048720496	-0.9621335561295878	-4.953410205176787	1.139725026747304	-0.9479153955807051	-3.7393280615640583	0.009602819662043115	-3.7752648286198767	3.817749453537222	-2.2772355366583827	-1.5675538685542136	-0.19480769859559183	0.3512306061126404	-0.056723783924375215	-2.8459107833893853	-1.3246858806697448	-0.018266439281185386	-1.37541918593793	0.4919177723269448	0.17298142602731006	-1.3173482107415069	-0.6040068574794846	0.9747454234677361	-0.6660542151318382	0.2424746325901733	0.19775109780330594	-0.3961588573101872	0.26462215832737535	-0.1515866648147469	0.4759245634525626	0.43131197351968226	0.2993924212308012	-0.6142820882511338	0.8570248366026354	-1.2829584447208053	-0.4932875233915606	-0.9629367154952865	0.37196265302132936	0.6735225557487208	-0.10779663807247913	0.22306516090575168	0.9415818974355982	-0.10499515393570688	0.48441064276712187	-0.14286315493668497	-0.3335636337308583	-1.049105955956104	0.2667804836113888	-0.21597709211578955	1.3146340671145225	0.11393091446348622	0.7154598388177957	0.010316105614057167	1.6725089683706034	0.15740652501297542	0.8049781390496625	-0.5383790116793957	0.38072749191433597	1.1782576892138228	-0.2812536370347459	-0.1503330566441934	-0.7246462774873405	0.606925521332193	3.2234692068961683	-2.4266575136224886	-2.6782331013659966	-1.6740106592601647	3.3487930468856786	-0.4280037467604932	-1.842354772901524	0.6779526468809024	0.04092423517179412	-0.678338138523473	-1.0910388745545763	0.07839521050365175	-1.1247391096790675	-0.21860859885474263	0.4195487837340846	-0.17864617345819714	-0.039127931452772526	0.6080475380539724	0.09757990622130068	-1.5644950959608532	1.8293790302288202	-0.5618315902451955	0.047369334784452155	-0.5262239186735956	-0.11262316056802947	-0.17140451362233078	-0.4193821512014678	0.6732693766499426	-0.7002505612246192	0.10301297827136816	-1.2853812296152398	-0.01363796522102622	0.25336999985030234	-0.010354087817200713	-0.18373470345502577	0.13034220542615582
DTXSID7047726	-4.404307424859419	0.798667861714991	1.3638213100104584	1.682128362393229	-0.020838648667555117	-1.0736306864052443	1.0651691562164298	-0.9192323323263433	0.33592699857623937	-0.27541392810296494	2.2574989097283806	0.08517126315401626	-0.4379196869196864	0.13198343020268008	0.3477700985118621	-0.3503676939141926	0.2453054858161345	-0.17207968496081077	0.8209443266602544	-0.7360181440337084	-0.6572107317973735	0.2487851746981229	-0.5047459928759351	0.05882363289074751	0.1949286481551309	1.0914783567569233	0.6774102948166663	0.06040450443165791	-0.5846145655851392	1.5447797291380327	0.033208798475662375	0.3087290638703596	0.4394874131881117	-0.617826895440053	-0.28201244261602465	0.7182263307694232	-0.12480894189408744	0.6882125033358473	0.21395553857485272	-0.6209781858888768	0.07233717779997496	-0.293721469733123	-0.0037400800318038896	-0.4014884137133636	0.02483008489309875	-0.0762405448008323	0.6760905068224587	0.16751183409730835	0.12952739553316417	-0.8006281085037684	0.6805810660890177	-0.9497720365288383	-0.06694115126768817	-0.253840732609252	0.1026472396767109	-0.5550251914180145	0.28197225237495555	-0.6376829856365148	0.6697939888864539	-0.03765604003395126	0.2863307864570264	0.5980511144375503	-0.12237360514231363	0.5254299556764958	-0.21661093877319915	0.48780677053383414	0.14412554027195695	-0.16100034657196255	-0.27621137545184277	-0.32219284887200067	-0.7583767787906323	0.3843072182041011	-0.38800892468957143	-0.5893776237910754	0.2799372162920571	0.2627111914672262	0.33573255698275584	-0.5430237775759938	0.3443626381532847	0.10837833310115154	0.2556789500345879	-0.4243892456712566	0.3042415817318906	0.1970033959116338	-0.5581665924874697	-0.03563836383014248	-0.0904652391535919	-0.2765578957698907	-0.3945906158491433	-0.25387618268492834	-0.24130730484727667	-0.13041548149041454	-0.13094116491254074	0.030220311874534122	0.3002142604932062	0.061558374538978465	-0.32474641410836774	-0.02257620158423322	0.12559069925650332	-0.027122907033000347
DTXSID7024902	-5.356357809146428	2.1050124433317507	-4.723138066571857	-0.8307033398112907	-0.6950024728496499	-0.5574318953276215	3.172017651920983	1.9095366716777402	-1.3521371971782485	1.4828659228710395	0.29846987245272066	-1.1793228007029386	2.0921611989425175	0.6546044955004067	1.0605837070351187	-0.47621012509262434	-1.2906434286774011	-2.596804786453891	0.26220038171902604	-0.6186446669842889	-0.9221695424644005	0.4443191942426242	0.15395139732378732	-0.12010609510598053	0.19633055010699507	1.8383682218973896	-1.4939226527026157	-0.8897183204703311	0.4676052660485636	-0.47457339439529433	0.08031919411668213	0.21783653267754668	-1.0322732518303794	0.4360402095730955	-0.22724950969139565	-0.6293602382686287	1.0220089866154454	-0.2015434823711188	0.6116816892240265	0.0833916264891708	-0.5811691338042054	0.10893188992258863	0.5968492837544321	-0.7749903389510974	0.6422475611869998	-0.485776679587145	-0.6965700975126651	0.04394201789052226	0.02431331816520429	-0.2762176026582421	0.3485994014931774	-0.4987468544882654	1.0476614801904744	0.0013772087297769342	0.2153979173238792	0.04446406094145476	1.2975872188459578	0.7239223038348888	0.07482497213476354	2.121307364122147	-1.012816358907135	-0.7646716778972621	-0.24123349554228998	-0.5488722172348547	0.14194562107291622	0.6503519024285183	0.3888687064547377	0.5160899631245166	-0.7578377738979969	-3.205796366585218	0.730813628795691	-0.5323301951497004	-0.7273732466983691	-0.9216524801193721	0.027857269118649643	-1.6077767110705221	0.07114511568266556	0.634345943781374	-0.6165843040411451	0.3761758980709898	0.8349820899979077	-0.7988260060225532	0.5791205233349519	0.25375681354455165	-0.5631829455975417	-0.1436888737385815	0.7923613160716015	-0.20287650545310992	0.36648508967368654	-0.24964766304276606	0.9889439970631013	0.5404822997856703	0.2448101996870794	-0.22431924940657277	0.8255468196055945	-0.39238947570236477	0.2150375908183002	-0.02492314705854292	-0.42846033104209985	-0.35530340169034014
DTXSID9020295	-8.093251812849003	-0.09392206808105819	0.2633664889201135	0.7322968665737373	-1.2231463293302263	1.3353741309663079	-1.2252129372938163	1.5036345779971292	-0.7466137455097357	1.36888448943467	-0.6265285834291114	1.010727630807526	0.6494360516754217	1.469582933300677	-0.8992321640656854	0.311636230239455	-0.44851879819692186	0.3577486358991562	1.116806694589386	0.22044669870201236	0.009044455775074737	0.8078334221454239	0.014795365057615195	0.4406375065339806	0.17188664858752192	-0.1788316275579022	-0.004132536457394943	0.37198246056418255	-0.012285528587730696	0.4022620532188862	-0.35870266217664437	0.17143239470930977	-0.2117557369980474	0.42776908125542984	0.1940407718341958	-0.23820001172477825	0.1171836420973886	-0.13988003154670023	0.27362509226267834	0.11987571190945123	-0.0655095928733823	0.04527405748107095	-0.019069836772646828	-0.056989331674819343	0.4062832594593968	-0.019299691005818697	-0.21501365634225147	0.5217500947701023	0.19677594462957962	-0.1777002913466469	-0.10964308603939932	0.13862317147885067	0.9454957552390597	0.0066067603796288	-0.2225041205822872	0.10526861790416255	-0.18490464420577996	0.29182872092256823	-0.2405560685862434	0.1920008076215659	0.028848858106477564	-0.20121829201409608	-0.5599419460544139	0.09586706411948427	-0.20778970163721108	-0.6948273307330411	-0.04913513598319067	0.15801636921500417	0.47193522415147254	0.05887392293723116	0.051329097642114935	-0.32148716600878685	0.2641709174331251	0.21318670424271488	-0.11782653053819088	0.049803508510452975	0.6248436675315753	-0.05823105855945189	0.23266492279966994	-0.04153484291841596	0.21211526094563304	0.2335196896611861	-0.21654111250417643	-0.18740629375183654	0.09901027445029476	-0.07679458896601918	0.16290833299946125	-0.22935148514314582	-0.012523407752954045	-0.02765695561087862	-0.046013059661960336	0.06604506368553383	-0.029265286133855345	0.22636559091053718	-0.18336796082002557	-0.07666445778708306	0.2700409582874763	-0.051378667028170434	0.04649899645326894	0.09341461589476252
DTXSID3034662	4.1926956887704225	-4.76989609083426	-2.182816399594247	-3.573272589098992	-0.5508556961710295	-3.4452625050954495	0.05581486092663657	1.2911704053831605	1.1205397204816752	-0.7839609549159379	-0.5885783212959993	-0.6149852378928309	1.2994660223592311	0.21641156907070888	-1.4531556820316	0.7339104317976677	-0.04690393659412293	1.9338416309446091	0.9207451460156358	1.4367218993364108	-0.36246862122537765	2.290556876340022	-1.7843797339588945	-0.06364400634793545	0.3216271090259408	0.31063068655676945	-1.2234898689936007	-0.8181796894227888	0.2755834437150712	2.559013844601138	-0.7953422233124743	2.535727547200829	1.1395030800545936	4.79469829416401	2.310810210908481	-2.3860310619532386	-3.546535253270748	7.062171856475216	0.9639542027247272	-3.2038424782622896	-5.392893607327526	4.279715550939503	5.571346746741578	7.101709296103899	-1.5798632151162566	-5.407330175452539	-1.2687463454243237	-2.4049878814841206	1.185041966742089	-1.5569251727321562	-2.135043434998493	0.8809180116373366	0.5301289606549409	-1.270858117561705	-3.4946640907999327	-0.6412803524730212	-1.7387413425230667	-0.6087466853086226	1.057899053871367	0.3286319865961008	-0.7031863085845309	0.5681112310441464	0.3282189483015179	-1.656321989143957	0.6913232726939347	1.233306876209333	1.0493062392787473	1.6832065178681195	-0.596426114546376	2.554577397092482	-2.2799464676311505	-0.04747080090519658	-1.3454937164953529	-0.7401315835323983	-0.42195094958315366	0.6607697181975437	-0.03923740193521447	0.11558327451859955	1.273368470024309	0.5366410247758889	1.489327406206751	0.41557188846726345	-1.6588414711652295	-0.4365202468419264	-1.010055802750816	0.5359354575115108	-0.5855048238422905	-0.10324371096266206	-0.43823889941171296	0.24451913343579315	-1.44368349014686	-0.6876190775224398	0.8040494336973971	-0.9734005693318377	0.1951623309613193	-1.0401542700827655	-0.4026453690892943	0.022142294566363803	-1.3710014540517057	0.2806830053200154
DTXSID8026727	-5.023532016003697	3.908771872055077	-0.9030706764215353	0.3127145906105328	1.8847299096704886	-0.09112722303837796	0.30848458306555115	-0.25059193821330494	-0.0408111306270428	-0.7465670363301481	-0.9979564528880295	1.3268485976385087	0.9095025137449223	0.1968237683134413	-0.09114455367361046	-0.06084803315629657	-0.12203674003879833	0.774847674165698	0.25526204014171294	-0.5570932729023453	-0.5918422999608821	0.7649370724518767	-0.4580328037553978	0.6489492371001846	-0.7407840876775691	0.8051148867014725	-0.12986924871355301	-0.41161395974313036	-0.18473664006816615	1.3946125240645846	1.1246138214991845	0.6407529454360709	-0.018657873768914014	-0.9363028005337916	0.5265981258161305	-0.3179804346556716	-0.32264424684120196	-0.22243848373093392	-0.21940132155023476	-1.0807205370512307	0.40336622822457874	-0.6036875362028146	-0.23798783015230196	0.28446216612684505	0.566988921352539	0.19274073826440996	0.12623769209184166	0.5438304138066606	0.059953743639476614	0.1045149484575491	-0.12505102337575513	-1.215577545168985	-0.4095329989025836	-1.1921845648348042	0.33224971365821726	-1.3669792179849187	-0.7951639011238157	0.5045353509093856	0.43215888637096034	0.9368433876095288	0.6220029140278048	-0.027019623205111587	0.09925708155440387	-0.4696397301902468	0.43103640293322204	0.464277037113443	0.6118729698046078	-0.3907514604974889	0.8424042857201042	0.5378663722296807	-0.18185039654364069	-0.43278349860676407	0.2445754088507796	0.02596444193997079	0.08453762055862919	0.3665428557748799	0.03874913290219167	-0.8124111933918382	0.15670533653457344	-0.026840006255029195	-0.039779095538788965	-0.3232566548977033	0.3085130769003397	0.060475548927344684	-0.05804007636692666	0.03728827115506633	-0.3484719977272776	0.03507756838185943	-0.0490331752802521	-0.4414063494754126	0.2155796941756818	0.5962837414136184	0.35034985294962523	0.3318935955430542	-0.31574363075576967	0.3479000654775822	-0.07887333150308361	0.05327872273899675	0.24296359406889934	0.0034267287276269582
DTXSID7060332	2.6463181907607405	-3.3397449592155124	-6.198557267279224	2.5232449542099227	-4.133242124437876	-0.8000495848401036	-4.951666514856902	-6.240746927382967	-0.05963213594681183	-2.9160684363364675	-4.917175376296568	8.290952143090083	0.9336309486254657	-0.9999885232373644	-0.8556307557010506	-2.2849802139631525	-0.4188651351854708	-2.3162315394706225	-2.394982981250065	1.4814096982451006	-2.5925663571706217	-1.4072155717858597	-2.9099779602831934	0.08087248960757623	0.8637378940516857	3.6936850049143293	2.8194218657688745	2.2162420234826503	-2.678009652093363	-1.6274445474374504	0.4569249142179805	-0.017060552503066515	-1.4239685801167115	0.8713465643948222	-1.4067102191648408	-0.06724031612316667	2.5820428492883556	0.5677231987656872	-1.7030179467463356	3.7650389789081333	-1.9437355316620926	2.2245209331939906	0.12992352177891967	-0.07647672387300007	-0.5742649326775493	-0.07955792238631616	0.4507313655732488	-0.09793500765769453	-1.9253216863236928	-3.0549819827054723	-2.9699929539003707	0.4873467742325808	1.8239983839511908	-0.0046167113269116565	-0.5664673544991907	-0.6004114220379155	1.0771572137075278	1.197274883685524	-0.6904638482655102	0.8406220200266241	0.5043668065536452	2.5637201036018675	1.6844335167945086	0.3676545268286018	-1.1114196900531303	-0.01231465779832621	-1.9774181825106834	0.8283790149937857	0.04379267934675379	-0.4642182704693637	0.5274649990625572	0.19004974661931107	-1.494926986776808	-1.3490504229809615	1.2510339183397265	-0.274173193220894	0.937698586033668	0.028467541348395034	1.9513698819666048	0.07050007827653167	1.1798142569801695	-0.00373303557099842	0.7960850244656732	-1.1729867136421406	1.951183306213176	-1.2406888591396228	-0.12804137316597397	1.1631936051651053	1.8611588112769193	-0.5590571553954244	-0.929647835728368	1.6527223451206432	0.3764972654108988	0.17561047974783386	-3.6966837560323405	0.9290188149687922	-1.3537562421470752	-0.8517977035852513	1.3526089964575683	-1.6486115791634754
DTXSID1020300	-9.029190067814522	1.5789188689964004	-3.937719723502414	-1.2890872672905838	0.2758391074656163	-1.4298791322199735	-1.9050746035674297	-1.3516852455763357	-2.7079855208341646	1.8369173803615086	-1.5716982108205824	0.8596301622666254	0.699385482714095	0.5629973640766326	0.7515968813864712	-0.7975045114591888	-0.21225464972565491	-0.36045818251395895	0.08885327252441157	0.6393954248693889	-0.5360944160977104	-0.4828186440594546	-0.947224168837316	0.44490417567528173	-0.7080820205989201	0.45205436922504794	0.29360499302303017	-1.0639599859766853	-0.5709025244401743	-0.27460112884042415	1.1559939652597264	0.14520093577762244	-0.524711101121503	0.04461602147691673	0.1653636264156387	0.2860468054045796	0.679861167435878	0.1887052326568563	-0.1158818492216294	0.13216776977364372	-0.04449452925072084	0.6050000162509191	0.189005117797912	0.05217473139964722	0.2230851598021736	-0.426968572277638	0.04192916113541025	-0.19777419100602492	-0.023107261768806356	-0.3774295709345881	-0.18050447282208018	-0.7888029711140627	0.3201424601989628	0.08801800385403702	0.6587601873801027	-0.08098877954010958	0.07447181504093958	-0.6066878559276848	-0.5245730169510495	-0.21106312128947782	-0.1916885519634408	-0.34987336058094937	-0.2534722212583022	0.329716558268643	1.141796432426226	-0.8400766848049303	-1.1908335555817735	0.7161296541173371	1.4377611976324793	-0.6277922314527346	-0.05784918280447352	-0.7340123862117772	0.5503491824832495	-0.7472205230133157	-1.2990895025542328	-0.24315942328738693	-1.7530228030077197	-0.04085460126570367	-0.08159481095279332	-0.5381819792768473	-0.3186236783193551	-0.688880414850152	0.45477256807856153	0.4556262026904385	-0.43550433131301747	-0.5642353802206433	-0.7534689019802299	0.509865452659733	-0.2186639344677555	-0.3124736738391328	0.09182069553574268	0.3331521948008551	-1.3247352320956292	-0.25679848997335897	0.5397523951607879	0.32901833038553085	0.045049664993989956	-0.06883903624205252	0.23742817139088493	-0.13167989285035256
DTXSID1032359	-1.062947936213809	0.2529407523910063	1.2781582692443971	-2.1616519747084033	-2.380342341524915	0.7595987976526448	1.6081879844553142	3.282583008093872	0.8243357477897577	-2.920526426161036	0.06619103507930334	0.2390517793309762	0.6116125192811417	-1.373558335373499	-0.7820474551586687	-0.08518598651627865	0.3306012985871053	1.1968857137179232	1.1152775409322837	0.5997313436754694	0.7146130959298748	-0.5391420061768457	-0.7319438227301044	-0.484050428970519	-0.7131431585335819	0.6713290778409218	-0.2663003042337542	0.6781057894139622	-0.46307346396098553	-0.0010797363688975158	-1.1042645330815135	-0.4600723379862602	-0.9985403054748598	0.5895526069797495	-1.0620274662799993	0.17105612036021256	-0.44105617600789765	0.7162413419590155	-0.24762994424857465	-0.12642802274516907	0.015402323480852515	0.2299548346241472	-0.6968443738073552	-0.017194155860804767	0.23048771485970004	0.5528637536266692	-0.009271688890190448	-0.4560127559774282	-0.3761481093330153	0.6652003640334669	-0.07786552299177968	0.18417483010581956	-0.5934858532170222	1.1223616239284895	0.8434700521944315	0.7037788497212616	-0.2552277476309054	-0.47321628795688847	0.9939745640647155	0.43705835703635454	0.2011861927674109	-0.3527853890693078	0.479379650737451	-0.07782659632541666	0.5768846718593308	-0.36180576086364896	-0.5015737302771667	-0.6340416130617073	-0.19365740431185074	0.5277901259330708	0.6046057450146535	0.8547887967033609	0.6066418625935853	0.9670244814062491	0.5684223649996785	-0.36975920122132555	-0.44484884878352027	0.1929941289199627	0.7938612859015044	0.6302168509393214	-0.17692583678175652	0.6638777216765254	0.7057632360952054	0.13806908478117938	-0.17244213127203117	0.052067187577283056	0.179844156564331	0.35279426194140795	1.7070650514922965	0.21030145986417123	0.12024612703835356	0.4354014423673319	-0.47190158801638815	-0.27825214071390025	0.6593206299736167	0.7542712837186063	-0.7101636597289102	-0.6349792601839931	-0.33705094089863746	0.5564551062260139
DTXSID5046192	7.1079203305832594	10.421430961713492	1.2026538481312066	-0.13104237986386302	-2.697899294950422	-0.8573399137116978	-3.2147932251183744	1.155113232444871	-1.0803575539805321	1.2753109075035092	-0.2761231423364531	-0.38355428427827176	0.05567486837357835	0.7542024155581841	-0.4173451548896815	-0.07328757011236266	1.2741029168823834	0.2636478321133778	-0.8232657501400383	-0.03424814695202547	0.5291868462476348	-0.14957851260044067	0.42280362463661	0.09254666043268704	-0.6026344983491966	0.1939223324959811	0.3361083160780162	0.7182826198989143	0.2142697712870232	-0.13331868376817654	0.0838928471792441	-0.33607852674494504	0.044707524031396086	0.31212142353933797	0.14407196121579968	-0.23097078948071756	0.047646063270345325	0.23077263891480465	-0.20522326103109015	1.1805660083082377	0.5209891091767398	0.13362205447146286	-0.27854549506221504	-0.148181450064054	0.09365320768820927	-0.684218429647467	-1.1125905766247612	-0.09131017314120221	-0.4944237061966815	-0.012723161588534707	-1.049554896245885	-0.5965048722698156	-0.2394855249748831	0.1132968478598198	0.20607680834518488	0.38974630961907586	1.3466864354224375	-0.9948069396063015	0.6027233940582157	0.5506533569213368	-0.1471259386427276	0.542922538255003	-0.4573877673364836	-0.07483099180036908	-0.003943344705551504	0.17376417252440554	-0.3389809496812628	0.3553775652682565	-0.44396217076181266	0.27976627334810894	-1.005502627799537	-0.10178608120928102	-0.14470068437110442	-0.45287444502502644	-0.04788611869419592	0.3351946363449298	0.45091009293047773	-0.16919511511258048	0.5389125806387536	-0.3780432633308802	-0.3971611866500901	-0.030744883058381405	0.6731001700120132	0.23343992076323425	-0.15543864402779464	-0.07238545474742199	-0.15811485372090264	0.297329253325965	0.5624055093781894	-0.07316774629712075	0.34780530507972324	0.28626025989804893	0.2403927589937602	-0.24932711636454755	0.08250204753863487	0.1461815531884878	0.29209208171271717	0.06735467730394758	0.3517782643092106	0.1512235335263333
DTXSID3020704	-3.5652643375219446	-2.2449730923349844	0.6924904283659609	1.4368380232581905	-1.8941885649477879	2.453160611543244	-0.9367744696444364	7.19316747779477	0.6396217423698994	-0.8885550227403792	-0.3159229630354036	0.7209407518390978	0.1253523040008236	1.0821170108915097	-1.0062398953829141	0.7472728147203043	-0.3592727539437872	0.6965978017308809	1.3601995143152752	0.9840744954595365	-0.13918797406641278	-0.40241640556770536	-0.992744500863291	-1.5279559979872035	1.9165790057905572	-0.6390359187229957	-1.543552783722119	-2.7357682235800445	1.1081419549934557	0.08679749200735283	-2.726264854466142	2.20129029773704	4.6424700306883775	-0.5020886289738997	2.101225172627931	3.379523949993231	1.9544630817732442	-0.759815652848867	1.7504979384565058	0.9198696635281854	-1.1628546941377647	0.5527918802316023	-0.23899166756009915	-0.47756750733078124	-0.5866546705846338	0.09050117345908697	-0.23212478111227544	0.24837572223747736	-0.1971069564030769	0.025757273922797412	0.626607820288754	-0.7038549555381461	0.5673889563582801	0.04248925790113085	-0.696224506230593	0.09036880272700652	-0.6979797395485181	-1.7348666597030642	1.7070828127343518	0.8826590461659768	0.23650250034055842	-0.18240068419078542	1.2925549355979056	-0.6907501926665728	-0.1004500821450153	0.666040362794367	-0.8461561937887313	-0.8326897993661586	-0.19004994313899193	-0.10970736101035093	0.9791972536156076	0.040087565390831456	0.1707428616682087	0.8291126435301934	0.3419474508146676	-0.005063889153027295	-0.2325860903488306	0.3220726358451064	0.8579021092532512	0.3589907178833047	-0.4968241695759082	0.4389422886010526	0.3005285910845695	-0.020723191673940697	0.21448237630985223	0.48999190133571185	0.23600266526130811	-0.3525952840108666	0.9773553106711822	0.8602578719779655	0.21996091746373464	-0.240126785197771	-0.7153041477566027	-0.5179839196030692	-0.004956967268620676	0.4777990636985946	-0.5457764449489623	-0.46663607354213754	0.5818256851883847	-0.05847097965802085
DTXSID3049415	6.345930474462875	-4.162917214558207	-0.7644059971736117	14.383761506966486	6.642299812247493	-4.748279041507163	-0.8266850527155521	0.9934952634735317	-3.5341677622987637	-7.2615480009662265	-4.098173457497509	-2.982347391448549	1.682232658620342	7.707903421380177	-2.300714810025112	-0.9140463492656415	0.26566225269538984	-1.3918624718798094	2.4850118673153676	-2.0015540615033585	0.07361652894998721	1.1049893209574995	2.500561471063432	0.4017854696621528	-2.5891781866907406	2.305482607197623	-2.2210246671085616	-2.012363888615947	-1.211330898574209	-0.0236278883149888	0.4454724928841678	-0.9786631822132814	0.40023486378774065	-0.0815100493477498	-0.6522879882472036	0.5914222884921239	-2.0713341313024904	2.078452714543764	1.477358875012579	-2.035202500019597	1.6187912499819854	0.6972032232855786	-0.460469373727137	-2.617362614565371	1.2946644064868071	1.6577952332901604	-1.4301691564710914	1.7429496719153585	1.2952927369288447	-0.6652913998329558	0.02453342606659302	-0.471439972101411	-1.0397850770425279	1.237720030687527	-2.3984661394461173	-1.6446635541007446	-0.061513626438393455	0.44813506997322583	1.3489334464186686	0.480157795323498	-0.5799752141742445	-0.19275816139039198	-0.45769962913575324	0.3619131666444116	0.7658657730590253	1.845649881580874	-0.4059518592841847	-0.22210496989435835	0.4768898491572759	1.4191894117385162	-1.1441023654607991	-0.6896375330456932	0.9011945072636663	-0.7052404359700432	-2.1388921586306893	0.7680783607733276	1.187683286045045	-2.2486547757887094	0.6087967084325071	-0.04128580505091957	-0.7958263579103304	1.432631437751908	0.23002347922875396	0.39844945989916714	-1.1993262123359225	-0.5006157992296667	-0.7497975546566323	0.71256515524621	0.7037891364277292	0.5226509802358958	2.1032177035464747	0.8921929655634225	1.0981487557670864	-0.5524950129156493	0.10301348281832852	1.3890683293803556	0.10119822639288353	0.17401567525241693	0.9632729314751455	0.6709148646853486
DTXSID9030707	56.84309501642188	6.619872789205428	-1.169083795371955	28.68730423902488	4.722679929251517	-10.45460023961203	37.36277888716948	16.070993367259245	-13.11937143269577	42.95140070592246	-17.7134777766304	38.573732919250226	7.342249681444348	-4.772021565590468	6.547291118872238	-10.763123656048876	-11.2199030428392	9.902369996398571	22.135286878949394	4.1777038722767905	8.053431885716668	1.793126917126225	-4.0932801925578435	6.327092492755254	-12.456829638224276	-6.027338333930504	-15.410016245420286	-0.6201152867836641	-1.1265044418100445	4.914225064664223	3.490756275049679	1.6089608679021696	-0.8143880142049689	2.644124145988224	2.124124722298831	10.91730068099734	-2.789835444638939	6.487269382242467	-5.263698736806777	-1.8450659718980913	1.8627775661666257	2.5301196053796944	-2.504951062711217	-3.7992959324435067	-0.025397158861837087	3.722803913545855	-6.602798442934402	-0.5857983204126067	5.689574505398006	4.272631519510438	-6.108729871007232	-7.2892833569339475	-9.370459395644724	-4.630256506271221	-3.5116065597132966	-8.259241522931202	5.23423224022901	-0.7378729842436472	-12.649445379479586	-0.06437188344055994	9.627764436296093	-10.700182982594065	5.166606299467924	-0.9205231012635466	-3.642418688962138	-25.63829096228527	1.1516492949287302	-15.1455623055786	-5.673503540507771	1.144352927012441	-9.10708423610952	-16.517442566646253	0.21094357158008095	-5.102502328353958	-2.834709241954481	4.588684248689399	-16.248626652874584	3.320177603144739	1.4609746928889367	-16.797964480207643	15.50597143235223	-17.512981849595437	16.777807788090144	-29.885928727776243	-25.77472363934538	20.969835078369183	-8.852227251467747	-8.41351878486409	-4.823218095998778	-6.087851264058573	5.188291953162506	-16.72573463823797	5.7834627915551575	-3.724644298649606	2.135788252707339	39.711601430406155	-1.724513333627967	1.791331829455275	6.043800359453581	15.582667058410536
DTXSID1026033	-1.3630087133576283	1.6966521566605823	-5.477887106172921	1.223545064685309	3.006095171976614	-0.7047272062123234	-1.7240970685986805	-0.5383797925461173	1.6667089755145557	-1.6451865164247381	1.5247069528236465	0.8241050932254944	0.05429243376969262	-1.8633570941574071	-0.07526444879962961	0.8917261409167156	-2.1974834034106707	-1.0308950567956532	0.7879415873097936	2.0312926069681403	-0.9069923131262476	0.5747142989150351	-0.9926800400646688	0.05813326030451523	0.8135540326088924	-1.6932036849327807	1.294432156690246	-0.25083319317199626	0.13937139851294886	-0.09754932459358706	0.8676037424798285	0.6559146445413674	-0.519963134920454	-0.9337905891892454	0.4630250189251463	0.9044691156217444	0.8629792798000921	0.589025240177843	0.38249064162653074	-0.7707881805701113	-0.039800390653776184	-0.8729314391015309	-0.2236609045220324	1.062862097496577	0.2087177688945178	-1.1588042743622697	0.311170240763222	0.10537068448623343	1.188659251201797	-0.1300438296040739	-0.82742287060405	-0.3670570938964928	-0.21789021826391125	0.3543734891603238	-1.0236622073259671	0.3033255906119387	0.6646750611636608	-1.4567473924435235	-0.9179100014861349	-1.3089824346652328	1.2464953438348505	-0.06239333490814073	-1.0901458439760832	-0.44557034921585914	0.9165173273326649	-0.8065619617549311	-0.7251996792199361	0.15375875220017807	0.2613150655695095	0.4852398170220383	0.21705438609173572	-1.3098598893285442	-0.743327087165653	0.8138317212512296	0.24462171482553005	-0.278492286059935	2.1971989290508045	-2.2446351641874083	-0.8718080648890689	1.7148141375609998	-0.6945250204831088	-0.8926857939903231	-0.33609694616320895	-1.6660726619435136	0.5800321209036448	0.07740666396543822	-1.2650750731328206	0.526007920671204	0.5901426339684688	-0.6189830370778038	0.25540976790474956	0.8757543709803995	-0.05228477517659665	0.2584060707280401	1.1019573541359888	1.090333168950174	-1.2656796273957034	0.06477657633672947	-0.4645342281601701	0.17830401078933755
DTXSID0044945	-4.697693886661469	1.9621418321858544	-4.562607901674086	1.8770867079487255	2.433488648522827	-1.7244906691244934	-0.0007949470157597746	2.4175879329429355	-1.669650158946871	1.1229817560588506	-0.7459922984625474	0.6876597406832997	1.010008162090075	0.19699419150254077	-1.3825840605485609	-0.364130636329513	-0.7494630491609464	-1.7654227494009558	-2.0908124326533257	-4.237952397980593	0.12785401401900867	-0.13705081481459339	-1.429585024823858	1.466450344903628	2.0908252479534375	2.5575356148803565	-4.881601683270979	-0.6068467387631596	1.5450108264136593	-0.17431882314111144	2.6065357472662134	-0.921175029977535	-1.1731145718173603	1.3369864482661677	-0.2077938553720559	-0.18100899127907386	2.121488034345665	-0.664406874936247	1.8357319973581012	-2.4522106215801274	0.36392521248811666	0.196060595815015	0.25499865264604693	-1.0199200669035369	0.7268818572079806	-1.0602889142662268	-0.1824826247974164	-0.06111144818653105	0.7495327783108479	1.3050948036896894	-0.13045536509648872	-0.043514036867955797	-0.3529698926897757	-0.6600367720995435	-3.3757267615941875	-0.7798813786262384	2.148148155851271	1.6845386465914711	0.6632594357050049	3.890713778961532	-0.4338086569255272	-1.4510097486634699	0.010990755483361644	-1.1813294372382213	1.2108721134787557	1.6233538599196693	2.016207396258932	-0.2009702994247819	-0.3651298552473481	-1.496145091113083	-0.4022144982020932	-2.4002011610347727	0.5383336290408086	1.4486461191290079	-1.5943187182781058	0.8668409763563082	0.694125682760491	-1.501191639639201	-0.39649816621783673	-0.827073706416296	-0.6382520017574391	-0.5262317833114891	0.7813567650201748	-0.45693744333769387	0.26447122017759706	-0.002358412899196865	-0.16402815920210362	-0.12686382345669425	0.47228218866086447	-0.037486862646397494	0.9346830667202435	1.9030788439091564	0.5808250089608296	0.03436107094682829	0.14480912745359117	0.1315091852087546	-0.5939290374033355	-0.0883310990702791	0.0531366245707099	1.0280430669556744
DTXSID50184723	3.7336566122418	-10.541445300556825	-9.638555674316875	3.3568555769942066	-2.9391099055532437	-0.5890540057428886	-10.813804150252714	-10.422245050507325	-1.8871756922755394	-5.675842157612445	-10.920079474930652	19.063593364613826	-4.938127758346715	-3.641746317451135	2.0553988853002156	-4.239970428853988	-2.505511161145532	-8.001060300402195	-0.3315086710442847	5.281790475870539	-4.953880604379849	-0.5643230169392066	-4.101945016636079	2.6136288149043203	-2.373993612237636	7.440986494267375	2.9204396929670224	3.2851592398118843	-5.93401499684816	-2.7745140679624956	-0.19154630232222752	-1.459868938083271	-4.210574386308029	1.2814358452229433	-2.5171960675108767	0.6953593934808151	2.7583362959827387	1.2684114836500606	-2.5734017067801136	2.8536901353912643	-3.870064286689864	1.9065054095884357	0.32990383803864604	-0.34560557874952835	0.06787728013026517	0.13009665206570864	-0.9387502700577398	1.250173762952187	1.0595455604668813	-1.187735935465425	-4.071603415730659	-1.3627289092160726	3.748053821251006	1.1459293515986197	2.2844550910940886	-1.345786972378826	-0.8268940791557693	4.275110016530932	-1.107028259631528	-0.08364278382336957	-0.4123536160616957	-0.6131094007935489	-2.4274697679427764	1.8568761642344456	-2.168897088496161	0.9887474308794536	-1.040034948174038	1.767910853964914	-2.7385967764582557	1.8651508990482155	-0.6066105473514347	0.6022212928465734	-6.113304637109229	-1.7060316140102996	-0.5956397451783161	-2.189074547366376	1.6212783906601147	0.8171542260904632	1.741718519814017	0.5677068304002924	2.860936864834829	0.696198118277256	1.815088532351848	-1.5009267152310024	2.760141178968743	-2.661663115665974	-3.7357729256828907	5.24410959598494	-0.41492100200744575	-0.2760361163021893	-3.439881417380846	5.371994210949036	3.4379160716445964	2.2010961836594465	-8.077081364208128	0.3087606665791082	-3.943805750423848	-3.406466161140385	3.3945830497408753	-3.3363292160168343
DTXSID2049397	-0.42549116135968207	4.750373498109046	-1.801215431506708	-5.097140947142746	10.012780923605547	0.7348949778488786	-0.14556361834776513	-2.7867487933075963	-1.0620555555620195	-0.25682851302724535	-4.758493716483309	2.3232813245636774	-2.7894512640770337	-1.6172420262688718	0.1307951220132505	2.8116114621145396	2.4522120538331476	1.7570570301365478	0.18633061870319384	0.18881684717804845	1.4678640841995765	-0.19257628372560515	-0.9991172558486391	-0.9356923196850374	1.5973134206056914	-0.378356094666379	-2.322368025406137	1.4599020106550507	-0.7983254024007884	0.46163068420218584	0.056758963416462	-1.6939366677709387	0.9455909410439473	-1.0422856076023945	0.36152190970087206	1.384353302307342	-0.5500955664254912	-0.5766556508126587	-0.18879189648189218	0.9983562909871158	0.001419135845590267	0.19693284852049298	-0.9295739399270931	1.231201509997907	-1.201898628067057	-1.2783613367934694	1.2404062268596197	-0.2339894401966143	-0.04951255853194724	-1.0360693872322406	0.3879286051605122	0.3971980617884957	0.09594671074393613	1.1208262989731157	0.45402759710420626	0.4307556199245378	-0.6337497873623572	0.05341240716248957	-0.3536789680651259	0.31377041669675	0.15755286937478039	0.48345735766957515	0.11146447333955885	-0.25528535253489104	0.8556612198972756	-1.3477435869124144	-1.0932076037307235	0.7668608543535868	-0.7068904465700581	-1.2466379313604028	0.4752309124175055	0.2949062380403226	-0.2424267597456861	-0.2575064724139541	-0.8946762283754283	-0.15587693419303278	-0.2645656272739559	0.49703976055665267	-0.27406327314845924	-0.13612324987112487	-0.2294255501061998	0.3545731922801797	-0.5979503945975393	0.030814675074079458	0.429200945572605	-0.09283974163415884	0.014887196664553008	-0.3087165629274041	0.5554353168792887	0.19955045993051698	-0.3192567331695754	-0.5498858523150998	-0.8990984773797102	-0.421849063224426	0.42483908686878774	-0.11732923597052729	-0.3014378419584752	0.06662210247657005	0.15059522123779115	-0.27681326906758624
DTXSID3042681	12.98656931237031	5.090148623970546	-4.100180038665495	2.0775050153056185	-1.5055286092647715	0.868340567765882	6.12619000654746	0.17464531874928985	-1.9893087298759662	1.1969144382937456	0.6644365101377927	-1.4067245704685718	-1.8437107154257972	6.3145634605136225	-1.9408715254648365	1.6130828303766713	-6.58127228139347	-3.4545417648371846	4.712141806185147	6.912787202461612	-4.638954352217792	2.3051941583508304	4.237660095712688	-3.6007740649419535	-1.8269618219480228	2.8445006516174183	1.028504373634186	-0.6560025023177619	-0.5566178181556279	-3.4042090836243504	-0.4341497515569693	-3.1557929279483687	-1.2596317248446742	-0.6240745273429543	-3.5277699055192286	0.9217582884709038	1.983317104536247	1.0279461664349678	0.4639681983212368	-1.3901812716876518	0.42447838943525634	5.259077283296261	-0.04334548453197255	0.01478999747240585	-3.4328783607987527	-1.359593975196957	-1.3076388543334105	0.6956215840484411	-0.34980330569987556	-0.44557788748217636	0.7348306792322749	-0.1749825751682721	-0.6507836192541219	0.2508972041840085	-0.7732018483652109	-0.2249660814340307	-0.32546837887538843	0.4056095109976962	-0.578991307850888	-2.075895553471758	-0.8458880531445071	-0.48021289468471184	0.8059431585776857	-1.8760370017110641	0.08194769468504771	1.3174589118026263	1.2240477284715388	-2.6938264423664107	2.436091320452674	-4.655167931594464	1.4562888228660966	3.329896390060583	1.0521718448756776	-0.29701869523487073	-1.3590089372131073	-1.0318069762193136	1.684654886169277	1.5220457742457592	0.6059547014065982	3.5968305016090647	0.19663037147932302	2.1722101121449717	-1.7989186113637492	-0.22405116732121044	0.2329949393541054	-0.7356411114059754	0.3725252913977523	1.5758231847916913	0.08202453056626408	-1.0041192005686208	0.7205286233681016	1.7946988022700971	0.8698733762178974	0.8645648938184816	2.3629256704413835	1.856295369780101	0.005978196271309856	0.34510272565657424	0.7133145875562178	-0.5891865969735778
DTXSID5049368	0.45407793958007414	-1.172137364007667	-3.498438449006138	-1.2122934561564624	-0.35933067375278904	-2.3884507782502946	-1.5711826746180613	-1.2333526420776895	0.8959362470805784	-3.069327013026263	-1.7344163361147735	3.0628084858949505	-1.5477382368856567	-2.3066196592785095	-0.21328110446708834	-1.0172008132036936	-2.317465751897612	-0.8258872843027292	1.164659916424172	2.113971868956826	-0.41303572688136786	0.34586697487621504	-2.4872918755294826	-1.9490666218409107	2.1800819584503826	3.872066161308159	2.0836665251672084	-0.5917434433323358	-0.11108662573217214	0.4561842366063451	-0.09709618139780828	0.6400210531309996	1.0934157165011384	0.001432975957006142	-1.1633742784864232	1.3203820617054733	-1.0944015888096599	1.6621166241235283	-0.598870974267667	0.9936529450469607	0.2179183278537317	0.22368898034819343	-2.2128076110984547	2.6975348655870603	0.13305807740199954	2.533252231755015	-0.9809698037149601	2.7517559622935477	1.9139017329132217	-0.9257509212193276	1.534567839562696	1.5687983385620616	-0.8738481122883152	-1.5983787878507123	-1.0260685982459592	0.9182499284641708	1.4665322004966008	-0.029662651767975903	-0.7139330455232805	0.9890046769933498	-0.591732354731784	1.3015106605642224	-0.7959536711107279	1.0914222859561393	0.4828791480477848	-0.33867840110819364	-0.24910948209163358	1.0238138282166493	0.2016294143390943	0.8023004048473377	0.47821202509793376	0.9341265691160048	0.8092527140864397	1.0807684824397066	-1.6538591439547652	0.21066133261413827	-1.559667193931018	-0.9908957254360701	1.2196289241042788	-0.4116687883735805	-0.15969085327614152	0.39275258022738335	-0.5062429032423502	-0.35648261853645846	-0.5895985736431618	-0.3496491540098441	-1.4288621475153964	-0.7538631433309884	-0.12231620572806642	-0.4000317820958686	-0.22075297400141256	-0.2875755882725292	-0.37312191377425297	0.51702269899549	0.7116857457794031	1.0966245672900017	-1.390151512395023	1.3121007924166743	-0.027952499173714715	0.3228074984801295
DTXSID6045666	-2.814136526664284	-2.3940003124357765	-2.101501903177137	1.3864232614120693	-1.447883621900602	-1.387016938814852	0.37762599406329406	2.275761560665336	-1.8561111290005672	2.861333643484172	-1.0903746553994416	2.397272742819277	0.7859094173164148	2.3405553359263607	1.6132908949962907	0.5833900686335307	-1.5711610342102966	3.0395872897168843	1.4540263272685154	0.4930190416790511	2.4147000948920407	1.1644034992048389	0.7761817620705818	-0.35901343598114294	-1.5428455008919426	-0.943402889437287	-0.5891648168597288	1.0736977407599524	0.953079804106335	0.7331878441812217	-0.6983666322638907	1.0902449708139024	1.518548883743259	0.606267817266174	0.09787162339544223	0.21257398610055	-0.20180655887642146	-0.08207820328091732	1.90179409307217	-0.8935426512477865	-0.013086560881269678	-1.6623859448308844	-0.18369535757028183	-0.9765738797587052	0.7310367448087888	-0.813056783502036	1.0521122076632967	-0.6089877716879338	1.0377363535864779	1.6516263851198714	-0.6780112191167192	0.9474697328085468	0.4936168890162669	1.036209845692064	0.4754131854137086	1.4089835414571468	-0.8008205995221191	-1.7371938215490794	-0.4875416968505351	1.5658725700486613	1.2705004394651662	2.9000128663321525	-0.8580885145660611	3.5305281102430905	1.9097911736274293	4.084737533339862	-0.48236545163657013	4.252878641499265	1.415803205323412	1.817323126731084	1.9327077256134353	1.408543496328811	-2.2372655839382305	0.5687358802406913	1.3656143240660987	2.802934318527666	-0.6897782545543177	-0.4493806279538249	-2.5549221341782737	1.7575665729521435	-0.9250210480694478	-2.7282157892026384	-2.9123510877583287	1.9051062395680485	1.6068397681209234	-2.598533730602454	2.0805811421896228	2.0625219175611913	1.5899673157462468	-1.2990145145626368	-0.15040308153850118	0.5106674027538831	0.17366144273587134	-0.3709719332591874	-0.390208278598467	-0.3182366441655945	0.009357447011801462	0.175305354370541	0.4450400889921201	1.6228319462291034
DTXSID2043747	23.39379332914316	-8.376220984905492	2.8675452529176755	-0.48871799306613917	3.390653694886549	5.098186055467131	6.694493702639755	0.8198810370934617	7.272299448290034	7.1277051861697975	-4.8498239172089095	-0.6219590094156106	1.9657656964044548	-0.47581724349200677	2.8723309348615658	-0.9832096355657819	-0.9853759200369323	2.3953022249759237	-0.8929830991443963	4.414732661738215	0.21403198858743167	0.2369839647160381	0.642869144311956	0.4137093854609057	0.03844061549391257	1.7173621024656123	-0.6563071254139238	1.5948867267112523	0.280513091254771	1.1968257214347149	-0.5304739128418824	1.663258826050325	-0.3431393705854865	1.8982388468292863	1.162058518705059	-1.0453585125547078	-0.3032223179491793	-0.4576317030144312	1.0135794237349751	-0.6377456355895094	-0.9164463187603386	-1.0373593504267347	0.3136874001403051	-0.46745065611331854	0.4250537252205779	0.5649489927858671	1.4685752580941762	-0.20756506740679512	-0.36065180228855137	2.000297506588439	0.04921001933007668	0.47718216565867894	-1.7640762150958322	-1.6969831571567755	0.7443923642492628	0.9840102661613608	-0.18294519366146883	0.8228171709220542	0.7045430303420054	-0.7438954038871052	1.2362108871977846	-0.8321433216176973	0.5192492080984519	0.07280828984437644	-0.5361313808103857	-4.402532393459255	0.7102787773035093	-2.7217523371011136	-1.067880427594383	-0.6953486341340723	0.6615717874722999	-0.8972422801938784	0.7595883967744723	0.8058658442245131	-0.12361394890014572	-2.9356743809364105	-2.059259371018125	1.6992376903080941	0.12283798319495491	-1.259446315742434	2.560397259312809	-2.206921431482979	1.9990634924902526	-3.907275533505715	-1.1581314001546974	1.3924094557061741	-0.47710075876153646	-1.0542386222524338	2.3758579674932627	-0.9030138669823493	3.4544032598423953	-2.255426490060237	0.6476514546104816	1.5555906352135096	0.2056215400016381	3.347142885421671	-0.7220935345325566	-0.0555916333339467	0.1536433778383953	2.7144469201008667
DTXSID8046119	2.821144853989235	-1.127383780831475	1.5029969651071224	-0.22253000892426575	3.8121069603851607	0.151982251718886	1.1572388252542334	0.652644641921426	1.1007201561986795	-0.32667765790996206	-0.06619639544555615	1.8708841951460986	3.3736507610640163	-0.5353896263103604	1.5650668551756393	-0.18592131467524106	3.559824748519129	-3.5144843839466553	-0.741561244671417	-3.2657727353237043	-0.4047068010500184	0.9768343416751917	2.0307089296426564	2.7821088154534195	-0.7450624748581232	-0.8336513060527708	3.672118794851659	-4.5679997020614245	2.537463844446678	1.649228577937249	-1.425422054511621	0.35148164125905074	-1.413739209646922	-0.4663653385911741	-1.280035220486096	-0.9090766181903509	1.970259223502348	-0.2989459429047817	1.4713850072622259	-1.1329552507244531	1.031499777000807	0.19482689974386985	0.40685520137719383	0.044988188921647174	1.9709896288714002	1.2267108834912472	-0.9056017772917888	0.6429873264110022	0.312307777424206	-1.6502794305587216	-0.23485961652239873	-1.574826617682797	0.045921418867741835	3.7206886669901116	-1.7961458324674882	1.707469304086631	0.3607308216616876	-1.7047342696728138	-1.2513265935936235	0.7437407294510461	0.8219562324611224	-2.7458478366696157	1.400489658760103	0.7959330592492534	-0.2976383124586691	2.1824591404209386	1.1797219377065025	-0.24472963776830267	1.6608895110170068	1.7500419968123992	-1.0517686362563514	0.5223043351132141	-0.3944142505925177	-0.8553750359203088	-1.7961201183475115	0.1510617623714577	-0.46662106635597517	-1.192545652445877	1.33790541093833	0.4234500089726027	0.02648082870279993	-0.16735332519481064	-0.36633485078476086	-0.5008825996490722	-0.6638146320420584	0.5312404209829917	-0.7937001783711044	0.4264770422200425	-1.0224720034733472	-0.18090582727993212	1.0860888629324104	0.47671327768370464	0.925355482015834	0.24552216227054582	0.16081176196333397	-0.09025099454763334	-0.15247373211874674	0.45027240319804596	-0.6019783250990403	-0.19127702123158866
DTXSID0023745	-3.346098314414314	2.843503502546464	-3.930395042914277	7.7918352319229784	0.6318007875909085	-2.9257250305385303	-0.3269090557065557	0.7944366204659541	-0.7127238145383251	-1.5336569508564069	-1.965542232091784	2.7514646675894188	3.603134876662404	0.24196681502084577	-2.1574139930323972	1.330275934223147	1.7011475019072164	0.679083582669644	-0.7710906081546901	-2.4338543064194798	-1.8197342586712864	3.738412171668945	0.03922591620719774	1.1823508502893245	0.019904757034230624	0.8989736424525825	-3.523192266042374	-1.2697292341750082	-1.471199021097368	2.4351539217446314	3.023669944574809	0.7526607609494548	2.1169795375079175	-2.859397575155986	1.026064908495342	-2.1960478277497533	-0.32257839658608434	-2.8912173958651426	-3.8088593273404423	-4.319197214694418	-0.6452558063137096	2.940815911528738	1.7953344008661152	-3.8915869608834575	-1.3722778109327307	4.979931776915568	-6.296091856329933	-0.11637864513992864	4.148674535039148	2.29085755667245	-2.1414687601321343	1.768843036225149	-0.8655156196053468	1.6959683338478302	-2.0034251457259704	-0.9321317033510615	-0.4908715199438638	-0.9399005655385385	0.7793195977339487	-0.05539834638500596	-2.9144035260949157	-0.203105997543501	1.2106888778638718	-0.3966201342493949	1.0420866940322968	2.2760664008553304	1.763670596506229	-0.49462894356951675	2.4185754625990508	0.6501952269854766	-1.1983123859312037	-2.0279167445859256	2.0535455058658156	0.2648232149471212	-2.225094224328812	0.5171433150090737	0.9287790716867209	-2.1516803573220957	-1.3336178034754433	-0.7714498989645413	-1.7465512053565484	-1.375232654741988	0.10089852917012347	0.16249024678983562	-1.6727499949481806	-0.6463586841785872	-1.4953620096004998	0.25173050648671436	-0.0196697272767915	1.2342118909505082	1.5251053666842251	1.4271979662065282	1.1455950199241816	0.32369082570167734	-0.39384688758404923	1.1378501570384607	-0.5750984189634645	0.9821217765926512	0.017598883410757875	0.4762779336473797
DTXSID0028030	14.467518523098093	3.8779778226325474	-3.0935896693473537	-3.2560737548627503	6.1567106573613275	4.754457373135249	4.469019793466879	0.7964035625512886	-2.5553635127969145	0.048771482596240694	0.3702412382969324	-2.0950232329281246	-3.6599142565970544	-0.0663665707329387	-0.23259833261725488	4.608808271086568	-3.3729188664329346	0.030094868520388732	-1.2934006232653532	1.7382192284596059	-5.961526916152759	0.907072433087148	-0.1972282030920458	1.147644609037358	0.22752319347203293	2.0281127660920193	1.0102045228789083	2.550886209883882	-1.9531822075453071	-3.9477558517261615	-1.8100264601452976	2.1283083363082973	1.3185339483280833	0.948113863293417	-0.07196845163123403	-0.5577748530923288	1.3031270638866395	-1.686484243316708	0.008365170924352133	-0.6514001276561011	0.2859085414698943	1.0982213222496453	0.43866750731729537	-0.40093296397597916	1.5161044567445012	1.209562490915064	0.9534258806568934	-0.42958659452424547	0.6166739212281195	0.43791747225814787	-2.6143018346255538	1.9790128333666428	-0.8968147914260196	-1.6815983681653732	-1.5730739543798613	-1.739277076278233	-5.152209696352572	-3.976081804361488	-4.192693646808298	2.0410077411436074	1.3381373779441474	0.2126946111448506	-0.7029416822881994	3.492647523177905	3.169090724684637	-3.6210032358395803	-0.7225564977300796	-2.865936103232941	-2.174228205313203	-0.8736389948402238	1.118973645191912	-1.4452039249200104	0.20876017865967128	0.6125269186761351	-1.7189136217092857	0.7383800432632336	-2.4255517442040313	-0.03690342413322802	1.7694136864605972	1.0298406336870647	2.635448926587522	1.2490613433595643	-0.4261960419574548	0.3431373973989092	1.2348820706120567	0.15769606771356212	-0.11220104825937925	0.07587698966847332	-1.9335269564818678	0.5309888883651579	0.380226222691493	1.4133571373061697	0.7746681274469649	1.749952696842726	-0.0199383681236549	-1.7546318398187786	2.3063091014465886	-0.270568253491763	-0.5793438514459792	-0.5879104434470283
DTXSID7044554	14.425837494995177	-10.229804624244194	-0.2091933410803097	10.469183453683362	4.782563964468326	-3.511179879093027	-3.491399556613583	-0.9138291654514027	1.2671613725081388	-7.3052699206661185	0.6543188455347109	-4.332301318365553	4.649098737910347	2.914310927088279	-1.1207329364513205	1.8800374150771888	0.38727192453070763	-4.270370246633527	5.601901343995213	3.6884450720498494	-0.798326111470309	1.0452451247335608	1.1590006625686962	-1.7581617544392558	4.419559696571065	-1.9126590957405805	1.5187756732157107	5.332031813455607	4.818697273970365	-4.211587855364109	1.2136381472209326	-0.19621818450142814	-6.20053432471356	4.381115665178946	5.176300426640696	4.177084717079557	12.466292284159719	-5.591163981750192	-5.800437791664282	-3.547851837746375	-0.5332467836747202	-3.266366000156796	1.8405571404077001	9.766387101529821	-2.7578479533726883	1.638109976903275	-2.6839480617994287	1.742474925993245	3.4042337895321073	-4.342089277755854	3.6060828193623315	1.1539403870551308	-4.164237839841014	5.588885856593725	5.891632256393171	-3.0488968677364663	1.7160861566348165	-6.012424947746216	-2.5543221207403195	1.240596762502726	-0.31935669741353706	0.9582842785006429	-0.8435877508066835	-5.292321555775932	5.017962358056779	-0.4969125840982173	1.611192973821803	-1.7201255449699908	-1.9585578197562867	2.1165068505480793	2.0979996220862787	0.40667424785982004	-0.044570607458028884	-0.7300637841705311	-2.29094918137	1.6361010807280973	2.4564255405091147	-4.421837935208692	-0.4625832685237834	1.455297863430843	-1.7601103519148205	-5.132741155405327	0.6685858295878525	-0.36645502492134285	-0.374770599029607	1.3861146083818061	-2.2333740159823776	-1.976838411812827	-2.5693405877783455	-1.4246281127894895	-0.48074641123481976	0.9592650382413161	-1.899494015713711	1.6499927734908464	-3.8831163019488804	2.345853312453081	1.2398961298621467	1.0700718020095232	2.3791963868878674	-0.659434887914963
DTXSID6047159	-3.3049867693155184	1.4238333621175803	0.2569334889836208	-0.2157155965481041	0.13471925565358583	0.9728816791814604	0.42563371384851717	-1.6991589760812926	1.6942563714513863	-0.2207047997278478	2.1008143855279373	0.535215741723318	0.8455015002894304	0.5926885121904008	0.49661033092155205	-0.6261418273542205	-0.6433768005279682	1.0898558050967548	0.06905925308095333	0.03427575779625726	-0.9897912408969234	0.2822810181069537	-0.9210677991329119	0.009348932710027352	0.01129117676925786	-0.08587002171164204	0.364610022750804	-0.18352459116512188	-0.04797247100740447	-0.860131106684907	0.10994006410502588	-0.40805330203110085	0.25590538184025313	0.28685709940406184	-0.162324828894455	0.6595280168594188	0.06172108613207559	0.8287312762247642	-0.38674238335332667	-0.20233840427494182	0.3663809531697959	0.06614280426866144	-0.39525621037326364	-0.3538819608377602	0.2711425961524379	0.07021199063029926	-0.160362669020776	-0.4621375941225371	0.4163969743877448	-0.05065118601823599	-0.05275567647111874	0.31349343850554057	-0.7621168066197543	0.06238781933350415	-0.17494283364316016	-0.37433331359874494	-0.14559725536064475	-0.29735036200411147	-0.9857037709163587	-0.1489771397214416	0.5979901857251892	-0.47118141800773367	-0.06598369734339218	-0.42885048198238457	-0.020269858192673563	0.2129871070769315	-0.4587847506336738	-0.3171220031997435	-0.2181978009283747	0.24414750124409274	-0.8507722947028052	0.6346964482456264	0.09491398430268382	-0.14966900039738948	-0.45245006224258355	0.21035760045486873	-0.13891852433400537	0.31856953277135114	-0.7223390718408058	-0.3241192867701073	-0.04040812888203731	-0.8488369306646599	0.0973677590019298	0.399686799363219	-0.277221499274248	0.23167693743184686	0.2050842156647314	0.18575216152659416	-0.21560533759427228	0.1903219105838858	0.7527781662338309	-0.07339692798027606	-0.44293877580682883	-0.18794040391170444	-0.16229582952658336	-0.2319428389752061	0.20507771651965956	-0.14454485810846576	-0.043490649385683575	-0.2986189700663139
DTXSID2042199	-5.244714723398627	1.5488667396809466	-5.525979646827454	1.8814943856479645	-3.5237873497158763	2.5311800569436533	2.900267688279177	-1.8180876375764217	-2.508055521110068	0.19683031475053991	-0.5720576786575435	-1.3409999999479107	0.7616453767378353	0.06870242294005585	-1.355390019516768	1.8205287758576272	-1.258067464654039	-0.8507880056772279	-0.5673421773373342	1.2591190075618086	-0.7162513777321156	-1.3081350441296447	-0.03325152828823627	-1.957405645889181	0.108292399315661	-2.1985989595772426	1.2590096916952667	-0.05218584185048215	-0.09861357321233451	-1.0344832370404256	1.3348267800173697	-0.7779750235958356	-0.9018802452189814	0.0667325758908118	-0.0267287652671454	-0.10895206713612814	-0.059378946633996704	0.22908187305867628	-0.10177263250609449	0.4542109067176211	-0.15800058357610192	1.490856913406983	0.5110124784668465	-0.10394189234260273	-0.31422667779750624	-0.30525545575109	-1.2682586742620139	0.8274759776950802	0.8721435651167041	-0.6520731345007295	0.13362422248646322	0.1186796397615198	-0.943664136328805	0.5338542583759478	-0.1916921458771205	-0.25881109076399916	-1.4749651528742138	0.009217151603167729	-0.00525245472258528	0.5915318096374371	1.5196652689598271	-0.47563285439073927	-0.8391832085701668	-0.5740019412608917	-0.5102162814657448	0.6761816973996746	-0.7378434088292791	-0.18034563815299817	0.6971360425271148	-1.0074599420736248	-0.4752965669037035	0.5059291113360082	0.7529065737502639	0.5454095394080057	-1.052866392609351	-0.3698217155584695	-0.3618788668057655	-0.006142095857237953	-1.2913960789872891	-0.24036275727173037	1.6346147755795721	-0.1458496570586465	-0.6824695514067626	-0.9104778610834295	1.2002057328102507	-0.8755152987326611	0.07387826466324783	-0.668769055287233	0.394821974535963	-0.3990578252479466	0.4721745841004317	0.7794431340280545	0.25496243264526713	-0.10873993093425732	-0.05755433552937337	0.10553426061873937	-0.22554551669971898	-0.1813358047784379	0.9653408857304813	0.7281986990663775
DTXSID8023183	34.60488673553663	-1.889693776775145	-7.6374514228528225	5.694861278117137	6.06675296563709	-0.46125512353362946	4.441358366661692	-2.6240321767624577	3.0557654863001127	1.547588780814846	4.159099681727107	4.967456353324158	1.4654740727639268	4.0320457696330925	-1.4874984522051704	1.6502983837252712	-0.09003292498131771	-0.36006182696431066	-0.2900442426749292	0.996861355937461	-5.347946903245872	5.353493399796087	1.2014175240738336	0.19363031946569467	1.23205456852113	1.6392330687887422	-3.699083019298859	-2.944842455869484	-1.9269320020312697	2.394812009130226	0.9782179922346794	-2.2141625362871475	-0.16283309359322967	-3.3890624152051596	3.313444843825267	-6.413473201636546	1.4576803425009333	-5.0724026144496355	1.5092260020866375	-2.0926624689103477	-4.688977208715866	6.027286701859927	0.40890111877101204	-2.3939961975946864	0.8663219543582784	10.186963166592227	-4.6025357140829835	-0.5651922979855772	2.264913081565746	4.494445800715602	-0.573637159527349	3.1328730236270323	-1.0171332359113456	0.8285933557467008	-2.891796558180926	-4.384666196920321	-1.5222246892157911	-2.3120815769837635	0.44358767707958185	-2.4501549016893365	-4.6409291881786325	-0.5251078570935467	-1.1459102136827455	-1.1845362881439776	-1.1272706939429356	-0.03400491043501104	1.3923053522792104	0.3813416192337466	-0.4841458759114411	-1.2081151491572029	-1.3390375623217428	1.6825226857862412	1.0066431952955257	-0.7123276378043948	-5.590859748280485	-2.5569947513620823	1.1659767041927742	1.3740115148857965	1.5484173804658914	-0.4905420902211521	1.0561308900957478	0.04044746276145941	-2.7260524310441996	-1.1114724221461867	-1.3439687027462615	0.26148037470305013	-0.9507681074741967	0.655422731291394	-0.5550652982415357	0.05066590153518124	-1.478423133743517	-2.053819355273457	-1.2123938745589684	0.9322755491219887	1.5239509570539183	-0.7662659635961206	3.113508048903527	0.5220944801213946	-0.12579946070435108	-1.5555564955020824
DTXSID7045996	-3.33194539317672	3.7546338194710627	3.0569711186166093	-2.07594914906768	0.806987338245773	1.1586058500236596	-0.14152665935128783	-0.39739783249967764	-0.08019267908817845	-0.022302826611241857	-1.070922669226379	0.7520649515252363	0.37662334710316603	-0.6772798449225355	0.569757719380198	-1.616451712987427	-1.173745018833792	0.531552195774251	-0.0708288249405802	0.3951734886511555	-0.06928387291948344	-0.7471596906533323	0.44380457266073564	-0.652295337930279	-1.009112398018887	0.37442824071735054	1.0884912415132209	-0.8860285180238138	0.2803555458945196	-0.7517102983432251	0.6925064588823041	-0.7815343889565946	0.04413903375411853	-0.15155765844114302	-0.3991816488547894	0.4480805272074172	-0.8207942253524639	-0.9331304072054559	-0.35073409004947703	-0.16122131596914077	-0.08679732015545204	-0.4835245250676292	-0.12249479597040935	1.0025188603103856	0.4942536319443699	0.5016253710318282	0.18061798938684454	-0.3295645193683956	0.20908443202264554	-0.4418327965895554	0.14968443356835034	1.0819982637600596	-0.45335465619915805	-0.6343324721648312	0.33413910980216277	-0.2519809944541511	-0.357278903325683	0.11101147822459245	0.29337568683444465	0.39123668196560585	0.09764160586303335	0.5416975580090254	-0.4956685570158292	-0.29984955856812856	-0.15318966734146094	0.5565090429948656	0.10732952222744732	0.3466164300628428	-0.09178068967269942	0.1555118929646698	-0.29992662919434815	-0.4371933528338735	-0.7348780796879901	0.054722175586468906	-0.10438771600249976	-0.3695048312596574	-0.5980591424980068	-0.002047143485163593	-0.22651762728889652	0.11034360523189284	0.06448497206376894	0.3315801709216991	0.5676985575515603	0.31330203810728013	-0.31124649841944674	0.4797730250563374	0.1289955156696134	0.7779013237180835	0.9017221963060735	1.6758399526326486	-0.49737457994978634	-0.6829698104180845	-1.0349734497457181	0.8053511799870381	-0.464410769323221	0.31092578338183985	-0.09085820592278761	-0.10691508474311118	0.4904713184455992	0.39022798714943585
DTXSID6020141	-6.865502324591822	0.3212110518239072	1.609048234137149	-0.6912179202721241	-2.2322035265727305	0.05201874408734539	1.057883115109394	-0.28225610404494095	0.028615213509104176	-0.7712611924899351	-0.4833240991056437	-0.2933037869594619	1.124489562083479	-2.3198398463089753	-0.9622543659333521	-2.564721936944664	-0.7187328421194565	2.993400332550752	1.5417559577011495	-1.2928333821538416	1.3842393716808148	4.682498498851057	2.543292822596062	-1.3835666448711383	2.5107217979416743	-0.10781957953034486	0.9347753084738918	-1.0980552617168808	-2.3507637860729607	-0.9526070745808908	1.9249286517875457	2.093221495198914	-2.699994664276791	-0.5824032864885115	-0.6867518506695429	1.5601955909591438	2.2996429201158195	0.4965008502435124	0.1537465504205925	-0.042647082614493716	0.08482850928817291	2.1624693136376765	-0.11006558311618475	-0.2313774578764549	0.04714865311744664	-0.34476899720302623	0.5452217682593566	1.768656561422687	-0.023190094869856855	-0.34208338498384566	-1.1814552719603106	-0.7215682758388169	1.7358781196799657	-0.06336835378636863	-0.4848429795727645	-0.36647176878354887	-0.5434649504995877	-1.2137134003425754	0.7734309740270564	0.9857737380619508	-0.9877820404557932	-3.189781047608356	-0.5198188885351777	-0.5573631692092115	0.5085553675040981	0.1942767308132478	-1.866946717842286	0.8735142030272587	-2.3620903245979474	-1.4872994931038013	-0.07742185626878074	2.50402915400799	3.5875128639281226	-2.080149652777122	2.9796116265264287	1.6374323768347385	-1.9514541907757683	-1.9717499302661947	-1.1231177925742528	-0.3834091362060376	-0.5717167276467195	-0.03408979562986877	-0.31119027852253356	-2.081751079406953	0.9142471772931603	1.8945250163156355	0.6120147114799582	1.8797854821131037	0.7676099551602819	-0.4966027861315912	0.35693392550861014	0.6719666201136305	0.6438364706328686	0.7447878849640585	-0.6340531554363622	-0.12213953042138297	-0.16471301986144357	0.7101699718394882	0.7837794836442149	-0.3444045527727364
DTXSID1045619	8.862715291686044	-2.0389408609646744	-0.8521451021679965	2.2269309850671433	-0.3285318019203371	-0.9001803866967045	7.502282688453518	2.8545132750295985	-1.198823323297956	0.10623564597198962	-4.0825518364575455	1.2848646175222804	2.0287338067277756	3.1454668593875197	-0.4437789870873626	-2.335476049333006	-1.9189012959448184	-1.5080840016830852	5.413786818404881	1.4697304727692526	2.7408823903173216	-1.0643074307225802	-1.1657149094908998	-0.09930405945432176	1.3230512993989694	0.8323489202525921	1.7418104769335385	2.822021972590794	1.0847792923424764	-0.4460818987772159	-1.0866664447762897	1.4078696985045396	-2.7653277550879194	4.847795923923889	2.274971227319059	-0.6141891433621047	6.602371461954563	-0.3688326141824229	-3.737535891665719	-0.005405470730196584	0.15409842452455252	-2.75735520120905	-2.3463717139237787	5.042537072069815	-0.4520797339333519	3.070199431940652	-3.883661111359683	3.167413761060989	1.361806799761669	-1.5519551459384837	3.404232312217665	-2.3059098085352945	-4.376553355300464	2.778189042084418	0.6558015271817177	-0.41301875917262243	1.7229951881675958	-0.7826998081915939	-1.832113933960551	-0.45631220488062846	-0.2546462575817682	-0.1847814635812654	-0.5313771726926797	-1.9467290523787197	1.933615450118514	-1.2183633538821073	-1.677007644757001	-0.706586805501936	-2.568299618070618	0.6820815849033532	-0.06405808248684808	0.6018751281819092	-1.4238723414727514	-0.0008664971669867615	0.3111575941426785	-0.9888445219564175	-2.724834013225546	0.46922893771884283	2.728349643803758	-0.054105848720359104	1.8267729896125662	-0.3566887459137845	2.360888265137195	-3.9513757522633677	-2.6278339975231386	3.3060430496967808	-0.2969128382042633	-1.1460703384738118	-0.9061152246312695	-1.0717121423625633	0.6819618940210802	-1.2748716995092033	1.5035267263103018	-0.6177798138316066	0.28867890830976195	4.1204443521872225	-0.6074499285321383	-0.3191003903035915	-1.304976369291422	2.3814005143177717
DTXSID1027714	3.113060420733166	4.706234660465163	-2.033624447555694	-3.296211808755102	10.90144599232329	0.668931262963903	0.4561903304566047	-1.4397805596369133	0.5018159449588198	-1.1966767974483752	-3.3841511829728828	2.5440719631370303	-2.3896467736379803	-1.1296533825109372	-0.04278479546234058	3.050205217108674	2.911049493648402	1.652304672367685	0.2428353207394364	-0.9307521228513578	1.0732768187342323	1.3751102064909697	-0.5455099729184719	-0.11515952646290685	1.6697128300517423	-0.025844465607462543	-2.5841707097846194	1.3236289008207165	-0.9196528489413524	1.8801620231822214	0.8381312197112916	-1.3247548322921983	1.6446313965866501	-1.3040825627818484	0.3599781773660349	0.682493983456431	-0.8249745726347247	-0.4136602383310536	-0.29747446577883846	-0.062013699160640666	0.433420609663594	-0.5650655480143083	-1.1091750607935758	1.106931600552927	-0.6741660375815469	-0.603776626144624	0.6989972576191436	0.23014170239735668	0.3491077410421777	-0.700781714561613	0.13440669126290244	-0.5055216474582224	-0.3608618046523155	-0.06433641884922486	-0.02372842184731893	-0.2774176516963601	-1.0981635395411382	0.7672244554214892	1.014038230805368	1.2751413030114371	1.1522370903044754	0.6434529084169877	0.6337669815213035	-1.1954367462834246	1.0315122859817918	-0.8399589316288223	0.28093656775128095	0.11214665820618616	-0.48616792666617237	-0.4877664582465473	0.11532594350687654	0.11047011759587293	-0.15264803177439457	-0.3696037219284643	-0.10991140761915862	0.5506164490215679	0.4835917305019055	-0.0922899593767688	-0.011252115220075402	-0.05752427677463785	-0.15071121913126923	0.02456717973148319	-0.820302255577087	0.1778347662629078	0.3473911084146061	-0.28427099569615905	-0.2910654051070761	-0.5619683140583769	0.5192515087515834	-0.32213521400801115	-0.40546465515494107	0.15253939989011522	0.19024289833701105	0.053199016745982326	0.33480272838834535	0.24013602398712383	-0.22007691395698492	-0.11195772466482265	0.21097358102776653	0.3071361226031764
DTXSID00872663	2.401879131925285	-1.9931777659982022	4.054370167488902	3.8317681850578476	1.6186753859594036	-0.7362277600450998	-0.20206969379872444	-2.9672570387750703	-0.9402804862448001	-0.17655969939711277	0.6053833569971961	-1.1275321546656543	0.6771494585498268	-0.28810682436502527	-1.2379559230935782	1.5591900846563804	0.9597345700817401	1.4325970163937474	-2.3858364424130634	-0.07057458349063629	0.09320297229393784	-1.0656568946708596	-0.6434973052223099	-0.8680833913792974	1.9391261142412828	-0.09048377500957669	0.8942623586787085	1.6415548688919355	0.4115410531625777	0.63775607869058	0.02335284262264351	1.378968726932763	0.4390832824918231	-0.12032936202233219	-0.06376308177355715	-0.42622153263852014	-0.10571963698449745	-1.0634704480353037	-0.06247775416665676	1.4201275928223058	-0.1895865182187271	0.5203759987234344	0.17923908491912496	-0.29456654819419414	-0.18184153281430251	-0.2695144532252373	1.3767945783442328	-0.08499690469687501	-1.605280483254238	-0.1971204790040868	0.6086140409638231	0.5611463223565275	1.2213304068517958	-0.7323919596969501	0.10912412208496886	-0.057286319117144206	-0.15599249924558084	1.578272821935729	0.6920571346756921	0.37713599960299354	0.7042861440822783	0.9827877768720857	0.10242185431401234	-0.046724602669015944	-0.4521725522000658	-0.5086306158986358	1.304095906368253	0.49908759537690434	0.2797410561825749	-0.8114183032479907	0.9415510146748863	0.6948953326158362	-0.3948689395270809	-0.4075521460842179	-0.6315597074073487	0.2597641200094528	-0.7868666877312341	-1.2534550227589547	-0.3561667075966064	0.5837008593101105	0.779466866574783	-0.09029578188964826	-0.803733237047286	-0.5701703892345037	-1.758730336177422	-0.28343386932895753	0.260718939631765	-1.0386896725707113	-0.34240707286426797	0.1645870093327434	-0.8092153883569434	0.5773940841417854	0.7797384455195498	-1.1299073671570308	0.005080719197604956	1.5255711631739404	0.4296695576842964	0.16602045094537282	-0.09984895179908489	-0.5957278526848794
DTXSID4049246	-1.6245518942688808	-1.2902868095680897	-2.8323549648388937	-2.2782112460398527	-0.5140839397215327	-1.4853856922983013	-1.683667904434546	-1.00493122167137	0.8720106986489158	-2.9688012730603996	-2.159754342514847	2.6786217210489287	0.21643063711387156	-3.533378674502029	-0.676991341771913	-0.7664844465554723	-1.8929432105498696	-0.01807185963441457	1.1935933721210144	4.179777156009321	-0.9329532198563443	1.3485903229799105	-2.2818564752851067	-0.5189332915767912	0.08626121764387726	0.8789863173119562	-0.14304278503922038	-1.085422844739524	0.7023568896891401	0.7188794606658094	-0.7167334757370621	2.325067135665066	0.200014581978104	4.2659726511761775	1.8813646349717292	-2.148974129117268	-4.25876329342018	6.381325215148475	-0.47462140445117534	-3.479813293169487	-5.530938387266117	4.4205807251210505	5.587222865441853	8.103729212731315	-0.9477674681143834	-5.197641571790731	-1.489022228832072	-2.7732287228769286	1.741083643658207	-1.8567356830331732	-2.938111796442952	1.4611281161627419	-0.35029793175554663	-0.7384586952654637	-2.9703182382383297	-1.1756656535600196	-0.49272458907187333	-0.5865152617021983	0.3506995124907299	1.5716574540330182	-0.24567142898238142	-0.2840086794988333	-0.10560667145938157	-1.9912375602473071	2.1973994346077284	1.6494119186527298	-2.1810303248067866	1.0542837128904519	0.4618339596160915	2.132899122598896	-1.7636349213674523	0.666040065604936	-2.7124543576186007	-1.4060941812861194	0.057901120242821444	0.9342069661249922	0.20386250382032015	-0.5021624126172062	1.0870430017119759	-0.37158118739982676	0.06189018004720622	1.3783030707104174	-0.24227684171016073	-1.5150492298024478	-1.2589496304061123	1.3567735709103825	-0.769024856610996	-0.10283109241514576	-0.5088234181900881	0.26399877644386616	-1.6478118959493182	0.4008868035506828	-0.41261393757074827	-1.1808223353179763	2.4477050877254083	0.3230568172835656	0.10997412651889571	0.0008337058917677457	-0.9784659001706999	-0.16422634606603448
DTXSID3022798	0.56096080400415	-0.3240537972640093	-2.9385827277792096	-0.07855991450301172	-2.4401368292479373	-0.10829467700217772	1.3532257005648003	-1.3415965639643008	-0.8903215436719226	0.4909061774973468	0.5848294886951833	-0.7812338192820107	-0.1927889591704996	-0.32860022087634416	-3.502194108774476	0.09123675402351399	-2.1353963349416554	-1.7545907204832787	-0.3179960903957646	1.968340011675723	-1.2960091252856767	-0.06329359139483233	1.9280868055541087	-1.6461802340033636	0.09861365468021915	-0.22876105313281372	-0.7382808794518908	0.10697982680682505	0.7954528428356833	3.5407916452203656	-0.2158188729350485	1.6047588876167032	-0.5402904591882876	0.8708028407218004	-0.9380887555863898	0.37609587190883603	-0.47626775397951265	0.9321450862659584	0.5168931405927853	0.10306111059974588	1.3224187090710204	-0.6685279440743022	-1.7810997773141253	1.2422798688687136	-0.7002061160630407	1.2579522488673984	1.0443490345557787	0.14536284889588613	-0.3481251503914754	-0.43871270919995314	-0.8114041663223444	1.0218970723520624	0.18463544463319814	1.633627758824999	-0.4480947605930619	0.4383966602781783	-0.04329196088245207	-0.36902191489568215	1.1516484321255107	-1.1382885880907256	-1.1992109690664239	-0.3634838308275871	-0.833952923271785	0.4140238656566712	-0.119432880413142	0.35382967815960165	0.15079623057691272	-0.20110396328016092	0.2008995737568402	-1.7478557031623696	-0.09018676382218267	-0.4579896777528424	-0.09194378034736887	-0.8700716036589385	-1.1005264456753034	-0.5280660938743501	0.09235185163031437	1.180747656539937	-0.1461124482277782	0.6691313223582656	1.083640621104179	-0.37209603731541846	-0.39581884884835883	-0.5499753549475619	-0.16986725031870314	-0.27974985598128516	0.15301943914252236	-0.46573424985276535	-0.21331066631683127	0.07790930762527602	0.8058626296322197	0.24969804667228598	-0.016163553197558463	0.40248140343080235	0.2173131332515976	0.09370905143745546	-0.18899898351008038	0.5033615430593625	0.8419750977747018	-0.27950951649845257
DTXSID3045192	-2.6277853987617394	-2.829983313811887	-1.092558521046957	0.5776509769717864	-2.9833066425870016	-0.07375278018232723	-1.5463708093942623	1.9275281738317411	0.4688906318455113	-0.8727069997140293	-0.6032982821440268	2.9173078179889314	-0.8027242711644685	-0.004056382490565832	-0.4669840048139402	-1.3303377745070155	0.7876306665327412	-2.1426097779019075	1.5961823887833233	1.4793653966002522	-0.9244138319688365	-0.05285622967606274	-0.942310728512096	-0.4118027633360911	1.4784893762045863	1.0878457094937382	0.5036430936830296	-0.7495772990220937	-0.9250457459811544	0.37019159930346784	-0.13835032295174776	-0.7142373514750185	0.09827450051728322	-0.16100465744025033	-1.096681357424423	0.6585206604745468	1.05596673866121	-0.48977180186088043	-0.28212183913844774	-0.07876013415199301	-0.9844650179715484	-0.2897547196595669	0.06374412440903938	0.3498014213465389	-0.449091105062581	-0.2911357133274263	0.17785877933504105	-0.14326137804466205	-0.7237027327001864	-0.9631388975879197	-0.7130693707983735	-0.7879282209651932	0.7702407573975779	-0.3892416224483479	-0.27802692362238346	0.7627277583864132	-0.6133742605659368	-1.0072442187697044	0.762629485923539	0.41537407886691496	-0.4758309611966165	0.5045652455623842	0.12572739957125342	0.023683632959298	-0.1620632683665376	0.29709567491531	-0.7110871889841885	-0.5800662097630952	-0.49989004668243026	0.12041309423845024	-0.002020418948683033	-0.4321637381699634	-0.14925056553679983	0.19548325496019286	-0.2603405392558523	0.5377300824860973	-0.8446032427618848	-0.6875814437432849	0.9052781629931452	-0.274981407108875	-1.3539191626459997	-0.03625790705684226	0.19890835905052537	-0.09815537538031799	-0.7656383082199063	0.18012947173806323	0.7707174510105872	0.04584142331403778	-0.04836962826390344	-0.5378707205365043	0.25364668167838417	-0.18834441020967757	-0.7003334456151813	-0.47316110792297794	0.2877035442186606	0.1752708065721533	-0.11208196259849228	-0.7604210547682944	0.28447203144393746	-1.1732770864847997
DTXSID3041372	-2.7117544861753347	-2.50903268370863	-2.3595876629238637	3.4174013920704613	-1.533026629630759	-1.4569109394559987	-0.8285460344220943	-2.3347517308766976	2.417258741315975	-0.11616209190074345	-4.587025430255267	-4.886703824799716	-0.4738504035870753	4.447484564944696	0.4480402128049846	-0.3097398859347127	0.5979559277721228	0.6486804505744563	1.92399115718205	1.8526638673612579	1.056057940454731	0.7072405280837167	0.7214982327404624	0.9813396301617036	-1.4230358233788127	1.0847880005917774	-1.0531152215115969	2.565867712954857	1.9455166372162598	-1.1434940068370392	0.486771722179081	0.539880570430314	-2.442001845697157	4.146481151280478	2.5754961523897437	0.5595289622819516	6.184052397341874	-1.1627440782171408	-2.7237350399195073	-1.2602932766510726	-0.7995446895135407	-2.51950967478005	0.23045066529357489	3.2307045367942506	-1.006531556827144	1.2668917040404644	-1.8484635712536814	1.1920141215435995	1.6202013297438738	-2.090716003476423	1.6245127488134636	-0.3081680108104991	-2.0641660123658747	3.0897053896421593	2.9669351673552224	-2.276875118808874	1.6699202177249373	-1.4226163070378413	0.10631458497764183	-0.11203130609549031	0.36474207154930083	0.45775186247717126	0.7856602048266534	-1.2436529058627077	1.3329099865879008	0.30371635682121767	0.21002997777124652	-0.8705607528897814	-0.08707987989135424	0.20377484699046325	-0.33819186824115904	-0.5068685413396593	-0.21327236399336202	0.3808216259558996	0.6836437702617917	0.9345541283298232	-0.9116307217292784	0.2329013957851491	0.3396912102706777	1.0114957367463193	0.009183542960604644	-0.747943821417534	-0.6013091925936883	0.5348212677672345	0.2689009900372108	0.9850685651495228	0.33724940861869446	0.1511230996686781	-0.5208511114908431	-0.04430651329377081	-0.3721556294217879	-0.5786292973911787	0.07279742165256273	0.3960367107009532	-0.32528748308787087	0.2966365908588031	0.827616746290426	-0.058604879910458395	-0.24097101672010332	-1.1275802517356246
DTXSID3048578	13.04647806390663	-7.74469526617229	-1.7778863703024383	5.323057853871338	1.2090051950538248	0.6679412973396998	-0.019499598318494002	7.540809925548205	0.7963557946821789	-10.421098864249574	-3.6771070256160736	-3.7952936789246605	-0.7188017073513508	9.293085366311955	-1.8584492281764755	0.5020925283179337	-0.4439184737471591	0.47183085123436014	4.323670422464328	2.785472232712035	2.4438137302123453	-2.367818251652951	-0.8521263908921041	-4.072897101444081	1.8785408006414648	-2.247996200006062	0.21333688413967805	-0.30862676108033743	0.8104229999926397	-1.2167356441359534	0.13985407319639417	0.11319194086241398	-0.19416553573649398	0.7190675140267828	-1.4424714483733367	1.2567249481463383	0.0006238719154432996	1.1462176935610828	-0.38082909383857527	-1.7165809122540467	-1.3794338045303254	-0.9181267747996127	1.5831521128136854	-1.554278265252713	-0.8487641328468921	1.5157924921932924	3.452389156981343	0.896388040457059	1.017752077066825	-0.6850252551853254	-0.3164644873567163	2.182286651185497	2.5779876010587057	-1.4078563601199026	-1.3898804169938024	-0.10862178215868264	-0.8169930902832618	-0.29245791418848865	-0.2136043306388656	-0.0456216905042082	-1.156914073019746	-0.47042636458718007	1.1425610964183177	0.9818617959507946	-1.6334189301568933	-1.3735211688498499	-1.1026649435231293	0.26195605915992237	-0.09310146397270143	0.11553095216420561	-0.6031483436547989	-0.9021882295409831	-0.5399804343161938	-1.2288088294193336	-1.2147268245181508	-0.07362063399813802	0.23376127818601516	-0.2775023921033633	0.504441512537739	-1.0190255423560919	-0.49756657042039226	1.4023552409149527	0.34757224315369173	0.9135997381547686	-0.22066688028299825	-1.5294064041868924	0.6220348509439306	-0.298272292703311	0.9588833992210188	-0.6267203439364318	1.3291752756603574	0.9925275878356606	0.04323832456150363	0.015148611131630232	0.8391004008965949	0.2025148740624552	-0.8326633573375465	0.8882898488230923	2.723495185932334	0.3962424261121331
DTXSID5046776	1.2107790387916495	-4.453504547444164	2.5511157013681767	1.0687766423963867	-1.2790198620237476	-2.391393847058191	1.7916543626419787	-0.8435499663922927	0.46201475410161674	-4.862539472270117	-2.066574385028771	-1.9065113678614438	1.36810588562239	2.0776451591677283	-0.8025738189885242	-0.6013148614782178	0.34997616221491545	-1.1552038332437216	2.677394156875861	2.109891922585703	1.4759475420082777	-0.008497025911376476	1.1780056290856666	-1.1372207191920403	0.42918177261001356	-0.7249639932183551	-0.36932953112082106	3.067042460123675	1.6389108837930817	-0.7505506769499068	0.5303706506762933	-0.3858836579486436	-1.9582313390903932	3.5613165418369936	1.5443677752654965	1.4059110517284263	7.431230831217644	-2.191473819598909	-2.8143085796727356	-1.7248955650873146	-0.9782391375857631	-2.985786801543884	-0.012174777861577656	4.078539276897077	-1.8295809901202689	1.020272388162772	-1.4451334416839365	0.7418404252211354	1.4351485436253981	-1.77875189287296	1.5774291078923879	-0.20570566126608344	-1.1316288058661532	1.746930610917996	2.890165332901642	-2.755226552954435	0.23349292467874075	-0.9893377024694965	0.5254220773556921	0.544359747694122	0.28023227172207926	1.7329931018586702	0.7552362994527418	-0.9292132935994367	-0.23023979914714773	0.5449203941694378	0.4392101445691367	0.01608433261130043	-0.6608979707866414	0.22359873988680387	-1.6992953016282193	-0.2585445497430363	-0.7619244809367135	-0.44991594512929073	0.611250958579136	0.7574211547268482	-0.43945243417106505	-0.2136212912612071	0.9534680207121979	0.7526874674061503	-0.43290797713013845	0.07710182222010681	0.2469863988997523	0.37522424945844307	-0.29563712992915964	0.37892870368265463	1.2473509292086895	0.47940272086012264	0.77674255316169	1.5767223324231747	-0.42518842195339973	0.14353209896235303	0.1403519576294945	0.7049717321544151	-0.14007799119661934	1.4606634494252457	0.46232434212981854	-0.014381342145623836	-0.5389745551479111	0.19475964382519453
DTXSID7045366	3.2685042990959965	-4.036700407171052	-0.3454375078206481	-1.23311834551125	-3.853770456413782	0.21779703174235687	3.778785273752633	2.3370911710352384	1.7707954271413382	-2.9759776348361004	-0.8726411958286915	-1.8760320035050204	2.1209001094974163	-1.1338823679404726	-0.543825694449959	1.1890152797628042	1.1045785486656303	2.075403660345651	-0.017080671883143404	-0.6375845908632894	1.052158663916346	-1.0950037264154975	-1.9760108305549566	-2.1712312582199695	2.487285531374719	0.6586210652291855	1.7215696412604238	0.09917361426905749	0.7971931912513881	-0.6173013314589838	-1.3944536655893958	0.6694819636201004	-0.6632135586140911	-1.3554608775271348	0.3241302460836607	0.21604287864732313	1.0226291041720148	1.1348630082270692	-2.2257642793883963	-0.020444703214038344	1.2641218493452222	0.8055826104560814	-2.076341817997489	2.6914469205206766	-0.9146464795153497	1.7270768588604404	-0.04019905063494649	2.699159647094117	0.6878856473980709	1.948287533406292	0.14922742027143257	-0.7587930738835994	0.20283334637823502	-2.5012998009377947	-0.6798397582395249	2.0184888945551136	-0.06953186836761119	2.035837221309404	-0.6424049243642704	1.2286128263996006	-1.9022576187060753	0.12425215252599917	-1.1921955520602667	1.0065834155909883	-0.30631369320837687	-1.4511232839847132	0.2700341674490432	0.7017754066745965	0.10904566054655104	1.10098489663704	-0.02233348567120663	1.2762070681817823	-0.7883937908326083	-0.1580682410132095	-0.35252131528979525	0.11905287823656006	-0.09330540849792825	0.8263936660666766	1.1403628872808276	0.5601874381493807	-1.2510781556797672	0.046065700352898725	0.43124771283834196	1.06689161995595	-0.7248747965104788	0.44939068409307875	0.5247537606932053	0.5492446549550569	0.9707627550081157	0.10963289704442435	0.22954037326301346	0.21475827014386428	-0.7846486370186343	-0.48081626324999976	-0.1097668069598292	0.48196206953047654	0.43762163207561516	-0.6203064637279727	-0.35399711728889677	0.5626726983113602
DTXSID7047803	12.84435210396411	2.3285608024668725	-5.704363302300997	5.187671067307882	0.9118183609322277	-1.4834839780280742	3.778717712063393	4.027260596682265	-3.294011803100958	-0.398486184700944	-3.2064007038050963	0.5131350189313687	1.6045611562057673	0.054729195609228974	-1.7306080776954351	2.6992630543411935	-0.40171184354166783	-4.433360787007819	-1.976956981609181	-5.0816580004619185	-4.072359669328389	2.5030862331387476	0.5786822624136636	3.4928907783141403	-0.8059508661953286	2.4419724753258714	-5.857896549833036	-4.501819367854873	-1.5543453358697197	-0.608577056326642	2.4505549038653363	-0.9019203123958313	0.20572039153424293	-1.5532243691894232	-0.5973206787649441	-1.5343138337349493	2.5885010496359486	-1.192981561584336	1.741738814254244	-2.6194619436399287	0.6531574997838658	-0.8035592852379388	-0.14263415231490134	-0.4312690991239977	1.6122224486206038	0.8095206259066363	-0.8757089316100102	0.40227920364515557	1.8038526758538316	-0.08136368397635478	-1.6698397716252087	-0.5870396315912896	-1.27758783815659	1.4850211397390232	-3.101793094657964	-1.9511663487517932	-0.712074034720897	1.3680417290222864	0.8267567275149836	2.307314162819201	-2.6896556805115557	0.006666203342994925	-1.239571187860011	-4.912149658966442	0.6524531371890963	3.3426674539522945	-0.9528423792978744	-1.4076253814370157	2.6631614600395714	0.3695854379742658	0.5998843481609112	1.0429197391054432	0.17542248402817454	0.3658061229631761	-3.9506872033727176	0.45463495057753667	1.0434319624048993	-1.0320403243942256	-0.8681139826813201	0.1985141519470298	-0.2877056662527808	-0.3658262742189665	-1.9823723094486012	-0.9432240923570224	-0.7057252000999359	-0.0031519626321631473	-1.113391744097669	0.7856721486885352	-0.014479543528335014	-0.6801685090178899	2.1625275657309198	0.6032384417438761	0.7358001166623966	-0.8437592972165773	0.14562641790969819	1.1817609407357197	1.1382238125291126	1.0747710178871586	0.282955100358088	-0.23375346700209546
DTXSID8051540	-2.1515187948204644	3.00894060519565	-1.7813218507010435	-0.7938971828820018	2.5523466453523382	0.9975126403548537	0.501245869839471	-1.8482115139579163	1.349426224278292	-0.7727189281740056	1.14488424355838	0.8045425637381829	0.47886098125893883	0.9789895496917469	0.5808192294002908	-0.5211812351764293	-0.5712941261599148	1.4401533395553128	0.23372880254008394	0.5571656392333928	-0.6394141963201679	0.37596814127920847	-1.1014706044854943	0.0003815794880301673	0.20816397962876304	0.2247310899474109	0.6936361786747973	0.3832672243960785	-0.15055985357417526	0.9704606457601942	0.5108029458580565	0.5663828327061511	0.36047722738781546	-0.17401822700330982	0.207066949227802	-0.7671002144380137	0.14688528124756775	-0.6905453626204056	0.05531843876439567	-0.4763566144924966	0.09910635562195315	-0.3840781612090101	-0.06626183013458287	-0.04195992829229712	0.4581210434343515	-0.27710276742918416	0.38757540156475057	0.11068246769077603	-0.38829738253547474	0.16332097394450426	0.11362003492465769	-0.3298199009944586	-0.07256241792209117	-1.3786291588913662	0.37788919427442136	-0.6054734899527793	-1.0190316201957625	0.47252656644457236	-0.09939712583256743	0.6565820572909277	0.8461631875223616	-0.09974883445931068	-0.2565716537829838	-0.7742326940315201	-0.14912418791313714	-0.13260086392269857	-0.13515275158885826	-0.2016859222340268	0.20828322872396848	0.6747499404489389	-0.3395661549287396	0.2898905273777759	0.11276286432210263	0.2728451236908493	-0.04099561992226227	0.15438235806796674	-0.7394663979320656	0.4772957598717082	0.34816750418992687	-0.23396724545266004	0.6024210901333203	-0.35405193697252746	0.05177262452217401	-0.04558736696911824	-0.07957869740633519	0.4610195186487797	-0.3951892673435127	0.1564421619034427	-0.4187602794932782	-0.46047663101086317	0.10008100998917666	0.5268494702484932	-0.4248226181420495	0.2889930860939795	-0.5896754119429966	-0.47108805703888007	0.3096839994129666	-0.16766339596346322	0.3400362691495567	-0.2998123570170527
DTXSID4048856	3.263858567035141	0.7089671778840417	-2.2776977414764543	-1.5184180141250903	-1.903202621863212	1.4715477126406222	0.10541118639611213	-1.5396080532918295	-1.082460753583784	-0.09200283604339757	-1.6683512084202419	1.759183116513844	-0.2627893448928389	-0.21773897660676023	0.2587768295073048	0.9457937507370846	-1.2960801339534138	-3.177323292328335	-0.6388759667446732	0.3676788956713483	-3.1318286782759954	-0.3197203652943781	-1.5601861454124606	1.029013506020671	0.9883160835078441	2.4455472917140497	0.8836245685520765	1.3348359533806256	-2.003335520577337	-0.8353408239369262	1.3032905344589638	2.1286609165135	-0.2158503339554618	1.0353775539879557	-1.2023206072096333	0.47511956453968707	1.8367865596927497	0.7088784413481674	-0.5704431221652762	2.4516234129110703	-1.2740228992177853	0.17261544690333575	-0.5355031009008918	-0.1365724361567909	1.0775440371822773	0.4115700911046906	1.5124293297855642	-1.0600635862379173	-1.8313980180282887	-2.052974138884451	-1.4559281019277595	0.28847810192524864	1.306043949343754	-0.1674328135468944	0.6169251227144409	0.7469356476464779	1.4414249145087992	0.27210336156996545	0.45957455028633754	-0.1428132163859006	-1.4151997047994311	2.0546402036012874	1.1773697590976617	-2.026471193989516	-0.5570798819773546	1.9117324808972627	-1.023645740434929	0.09166876454789186	1.5637852120091196	-0.09504329681123015	-0.9153111538055313	0.936872084649301	0.7801927317948133	0.28195374462696104	-0.11849245867349763	0.7631175838361541	0.807135087497187	-0.5769438953730582	0.676933005883809	-0.30446449148363164	0.20572276091054068	0.057491144836343294	-0.13038430668036802	-1.3505018957391877	-0.34904316664513196	-0.3346753719786611	-0.06448243177699443	0.3114493843750913	0.31501042676543906	-0.6119088332775987	0.8994672116574874	-0.89036751949306	1.1180093063180472	-0.7884269800497213	-0.7044898896092371	0.4953055730258793	0.039038281023893874	-0.45863210448961866	0.1297760988049094	0.7696978253176328
DTXSID3025889	-7.721672550933211	0.19801540279912389	0.15863325131492426	1.7462987241857912	-1.073207438019866	1.063043715536986	-0.003168601463834826	0.28740028000742734	0.09331676517592748	-0.10108707997034021	0.0714842728990712	0.258109567512973	1.6508097783949158	-0.2675046355386632	-0.04150528109108885	0.33572469956305945	-0.40991199281270124	0.8454138169530656	0.5855983493696856	-0.38663564429656433	0.1267253943984772	-0.2264374074549477	0.4072174439715457	-0.5387402714319096	-0.7089881100153892	0.5742093551974722	-0.7595403389105254	0.20124779893277644	-0.32280729078590614	0.13150640968042335	-0.2865897452263487	0.3377382909243657	-0.735303155950593	-0.08867501717979547	-0.3172002352482195	0.233132574861676	0.8983825529611618	1.1911653311251473	-0.16748100433118943	-0.07036014519152961	0.13523029446096294	0.7139405457834382	-0.341008515501837	-0.6811652240474945	0.14415639844235426	-0.1352930032889773	-0.07342630696362856	0.8710376730825533	0.4266126174451085	0.23350791181304317	-0.9171046760285009	-0.6194246132108222	0.2809186227976027	-0.07107612435613654	-0.296539374414287	0.2055875461760157	-0.2576839473318586	0.11369329702220865	0.26336195854026506	0.06411682057241189	-0.18044478644579723	-0.5405339813633033	0.6440789578985673	0.003960898092428315	0.6952321390528547	-0.9147435403886264	0.4947138314357853	-0.027487752147527203	0.2581465736737561	1.0228795079769073	0.6741666054773631	0.7609732827182115	-0.5883836238774446	0.5126464829411995	0.008916365692409813	0.46006923747963824	0.2719518881575795	0.00046013996971781655	-0.4514923763938967	0.6133478435949188	0.37892718998800623	-0.358639245454828	-0.11342890310630925	0.2537972981124009	-0.22776745289910996	0.21743335265756303	-0.3000278636395442	0.5471058824039872	1.2881362459332013	-0.04895615897524797	0.0018993176390615849	-0.32576800540398526	-0.20231549671415747	-0.2625487734825432	0.09891553972995429	-0.09657231198370098	0.41435425845289364	-0.44912127652375555	-0.32489075108456544	0.28032627040013935
DTXSID5031210	-6.962078286121148	3.004513140782085	-3.264788683838168	2.31914930769665	1.103071734772707	-0.6593226957983376	2.084289725652078	0.7629481962687833	0.1399587110985164	-0.3581889064089324	-0.6658298216994615	1.527044761804788	3.0483062260563893	0.8089174302037201	0.009666528328334147	-0.7251288494916459	0.6744617855976908	-1.4449870224954713	0.14292320423669463	-2.172632861216979	-0.6038163678884261	0.3564344928301944	0.30936968356246713	1.6320204427402818	-1.2648529234423604	-0.36388158182824504	0.04972161064089845	-2.1200680690132416	-1.1379544500769925	-0.02701582183562508	0.24123173054550037	0.5936770749818379	-0.2974469070480945	0.45590700414017327	0.42010427558724356	-1.2189953253037367	0.3355921877949637	0.4071863090745563	0.656962191613458	-1.0105317742901083	1.2580808496077651	-0.16405264893719215	-0.6394618888298322	-0.5438598815131489	1.6024769320759933	0.981648610725611	-1.0379422111390435	1.7645602887283727	-0.478143563287715	-0.5000977706189691	0.8142889961377183	-1.2399604305645024	0.0626203252331203	1.7496867129731422	-1.6402580462122167	-0.8460747030836261	-0.7323900346569124	0.5805661551173216	0.2930426805344409	-0.6821854764298397	-0.5310272405290597	-0.011832154492661255	-0.8479878655412866	-0.5601126884196204	1.4113153277623984	0.8244611058860144	-0.9128779973769632	0.871920121833518	-0.9209138339654498	0.9569730939696292	-0.6258040191018236	-0.46529930727531565	0.22360805916587276	-1.1192106686910082	-1.511569133798137	0.3386496963642613	0.698993997819203	-0.7599650780716336	-0.03514965256743473	0.401333419321799	0.521697996279598	1.1552714827990977	0.7063281262653301	0.24284605399079726	-0.12812742816348835	-0.28768499715947926	-0.025468654812382252	0.2851001624983488	-0.3345622869031806	-0.33232289722273695	0.46666673005271236	0.42109294894365146	0.19281513239244896	-0.4870099617647221	0.34244939725604157	0.5232033831807693	0.5407021319802681	0.0700678142610666	-0.7225042634990082	0.3170619561134884
DTXSID1022683	10.296182110238492	-3.615244418563778	3.614521259682456	0.031469226945237655	2.7821520936596604	2.0953162230719142	-0.9428777379606677	-1.7595086080354168	2.030926206387421	-1.3363163878163897	3.1311628383787644	1.2094223662581371	0.8303985986802653	0.13329415405543513	-0.8189594970398179	-0.16036307987948317	-0.11236037841622806	2.8348879999025756	-1.8229800694240381	-0.14538652689417478	-1.4242009382485723	1.0096370766830898	-0.03954779323438739	1.1538664644115704	-0.04918397059318095	1.2991781660321478	-1.3552507253915542	-0.25705493416607017	0.5302373515543138	-0.9033906481388047	-0.6233416590894042	-0.8709026597825632	0.9916164548757823	0.2586674656778406	0.3364020980977809	1.3770719047364062	-0.5358352958658155	0.2157578658044398	0.5568703391590986	-1.7712780376582364	0.5016767891193559	-0.810089758824744	-0.4172111123571581	-0.5260543220148178	0.4571637637950161	1.2733583905346209	0.6783045453118943	-0.18109315680020704	1.2300891181220295	0.7218463238872669	0.5336148900560296	2.4916543084467104	-1.4091409666094592	0.03412933139394379	-0.7356479394901956	-0.6934384424660968	-0.0928120532954594	0.3545076891715495	0.4828947182474029	0.01695472375566159	0.5050392879974033	0.531651177655584	-1.1480468024956814	0.3223715529932671	-0.15619974969018072	-0.2724330069373641	0.47419337573280157	-1.2085627806788364	0.2239259182324952	1.1727846773567066	-1.723243304268912	0.7480082046291812	0.6944638460701336	-1.412413991087627	-0.655799473520336	-1.4879206265451037	0.2818759852841522	-1.5433624064315714	-0.689352090803257	0.2178835638309102	0.47069729468617716	-0.4551022244157528	0.7731304490293417	0.6928974167698909	-0.5802785868336547	-0.8207064992387106	0.9704577526328175	-0.4371056627630052	0.30301241418337904	-0.14744866042956942	1.7981952143136215	0.11079005844186639	-0.42461195070206426	0.13745556716097154	-0.24549874597361288	-0.060691266361533214	0.27867971199261593	0.21959363380299698	0.07093399461248613	0.30466940451836133
DTXSID2025551	-5.105439637707712	0.6256895538966224	0.020549033598104987	0.6355629312750546	-0.3435112357396878	1.0901184416699492	1.1000855910184124	-1.8671730118589518	1.705849909007567	-0.20244600074623278	1.7659848053266416	0.4333502436232837	2.4316523152032525	0.5822759042627667	1.1840060632351346	-0.07849687771262284	0.49273127097508496	0.2420769222806665	1.6669161805905675	-0.43902960203918373	0.35398325454774815	0.533277244195354	-0.9855203891491153	-0.7925100270782539	1.6816159544391647	0.15087319323627818	-0.5937716932606392	0.7661131683952793	-1.5216241963021653	2.8228206263154765	2.2515866695406515	3.193941939615557	1.174974106166472	-3.243945042861584	0.1912788149294168	-2.4670790269981695	0.6987985709995339	-3.3917318686554774	-4.449817079033896	-1.876326246440839	-1.5471256072202768	3.967853920784027	1.8726530188786468	-2.5341522911836636	-2.013686052425254	3.1721712819708614	-4.087747893989093	-1.847904745385665	1.458545721294082	2.321410830763803	-1.5859819678637421	1.7125895084481968	-0.27147023586682323	2.1524029557233546	-0.22911152847032712	0.8632250097282492	1.1865464942511703	-1.0929784856362714	0.33732325556786247	-1.3750749374110247	-2.1492469276092483	-0.10205239351089852	1.1558330346793178	0.8889136600899906	-0.1578489033584416	0.16593510782074777	0.23286065177233572	0.6884097864007525	-0.04556695745	-0.5503168164060377	-0.25782758336288913	-0.3101850153735714	-0.17692275772317304	0.7161846497848455	-0.34036029681436963	-0.11797569219709352	0.3529456086766322	-0.5396073515903796	-0.06199323463134713	0.3974503240577346	0.08457166073921238	-0.12005228458194026	-0.17316651993171495	-0.5510441289881314	-0.3218762119930904	-0.22108822923083216	0.33132483886026654	-0.1398217968240765	0.6925274449730053	0.15845358992104194	-0.1616402402791424	-0.0584684533709108	0.38259261388022964	-0.22362430345464945	0.15047567318342958	-0.3403739388102434	0.029178245959237875	-0.021641156313978727	-0.265489355936976	0.45903524683289326
DTXSID6026082	-6.50609995589011	0.8326215758708418	-3.911094421583413	-2.955266748034246	0.6903099955326365	-1.653375426785267	-2.8416889903758302	-1.2590826404381184	-3.715252691456086	2.615345774454103	-2.3592391027290622	0.5775653292062162	0.3779652659520189	0.46432455670424994	0.6405529119670823	-1.6311398087068294	-0.34315775893743977	-0.6505400927130255	-0.7277236300245798	0.5018314649201508	-0.5021085664665459	-1.3428667038403879	-1.0145252042537953	0.6580307796259224	-0.9496952180466676	0.7371303986148205	0.29065400612090125	-1.1503279767977568	-0.648705485964387	-0.3488987773978329	0.8449379913416372	0.24717943351435762	-0.7644802121333586	-0.04511758610032721	0.6844930564092369	0.002667981254962037	0.6198395373453283	-0.19749330478272423	0.06118019238345061	0.3860028571842698	-0.3378650010057482	0.5134774767998888	0.5593811249475095	0.09074542642879915	0.21647946980495375	-0.5672736961816813	0.09792687169663193	-0.6295626369377785	-0.026151177871881523	-0.4435074439654085	0.22457605845730955	-1.0102997042682713	0.5120212055505879	0.07856611347637987	1.3998900604182463	0.24020279043938136	0.03320232900085728	-0.6483353972342438	-0.2262897887478032	-0.29163736435234766	-0.8422693627732953	-0.638580531001049	-0.19393210527121044	0.7371597538331004	1.6642830000013225	-0.9692574623809337	-1.8477447665347349	0.35011062967568507	2.183819827568323	-1.3995085842979462	-0.04687859957766472	-1.0573562422559795	0.3042814216118274	-0.7523383791170599	-1.8038794218215766	-0.4117503743972277	-2.5754395625686484	-0.428682827179792	0.32925625775176653	-0.6724601886389918	-0.8745222024252206	-1.010190402444123	0.25930973324340273	-0.16848281187818395	-0.04343380134676607	-0.9121019928854035	-1.1768447403906992	0.7869058130294971	-0.18497297601913987	0.00645084636073973	0.4560356122781626	0.03360015683345852	-1.945216746943657	-0.561253041280909	0.13096722585457493	0.19996215635875636	-0.8581842604974771	-0.3334591313429102	0.28286526248745625	-0.3919538858819717
DTXSID2023723	-5.541211212122728	2.1797809467087554	-3.163645328994171	6.385056737868885	1.5535521010234652	-1.4322355638368232	-0.8754486221511356	2.8281119272160185	-1.1537621037907773	-0.04578025353878953	-2.3360415428131085	3.0579492195495326	1.7809239793390115	0.4536760130173689	-2.814935133930399	1.3764816471133527	1.2872517549426068	-0.6099867392085057	-1.181461879256909	-2.037319361050962	-1.3282636046158474	2.3664742043646565	2.1232076681339938	0.8480244683392288	-0.893502582311266	0.568847901503982	-2.9139606982358264	-2.0462851683295753	-0.6660004516939105	-0.7710183843131377	0.9772238333302962	-0.4278483220109185	0.38481765059036505	-0.04834891122763804	1.0385707813171225	0.2852165466397131	-0.2265621368720714	0.9479257998605007	-0.10054185663764374	-2.15214981829923	0.6734044890605722	-0.16788794287333472	0.0015604693690349925	-0.995156907259188	0.6356812707718051	0.9637731670082368	-2.172615447988624	1.799960670436685	1.782550436659093	0.12303560112895265	-0.8779569273620833	-0.7240812016954951	-0.7825067437428307	-1.3041931507300357	-0.7540631796521227	-1.4929529942173139	-1.0147726662998637	0.7651806587548506	0.40581981441168785	1.1880665551265535	-0.4100485173614666	-0.9230071202793105	0.2546050473599405	-0.7485027020075693	0.8502837308714976	1.0051674772883012	1.694740473013083	-0.15306318635589428	1.6708987195196934	1.4492519909782358	-0.8098872234206221	-1.4501279233443636	0.9422863055319376	-0.2865324421503011	-0.8043979737465422	0.2802840028733739	0.21832763711989558	-1.9372043815574613	-1.0039920461019778	-0.1125025119623346	-1.222002532148355	-1.3732390712343414	0.402411596073321	0.6588525483346637	0.2672289230082804	-0.8039675151759039	-1.2959086532755066	0.1453955028597236	0.3038389206220078	0.2544385574198735	1.3539289524321503	1.0819985262641296	0.5231091791251289	-0.35482998123874815	-0.8012534887295714	1.3178178268775127	-0.951545606832196	0.5837813695741467	-0.9727964405465088	0.8697602036452677
DTXSID0045751	1.698149983488912	-4.508815100208045	-4.435659635873971	6.041519328361995	7.44097305094678	-2.0833185090365447	-3.1308014746997017	2.953058854795164	-0.83254009845088	-7.190861864803685	-3.601930129418014	-0.2577485384667816	-0.8208847691889106	10.853989338713196	6.560309389573865	4.606923243156467	-5.728326731312223	-0.5567168265367913	1.4342529444194245	-1.0056977557348752	2.3475538621420404	2.910818946822716	2.4858755286355536	-4.612495432386983	-0.6741882548742292	-4.045527900322888	-0.16627215905381523	2.8702213625526207	0.6954486781461308	0.41030068679113446	2.087612707915022	-1.5836027029315496	-0.8342042066736718	3.18213431088276	-0.6326057577254443	3.6862142089497514	-2.5062585750040127	2.335229852400549	-2.639602507702896	-0.7077840278699297	1.3104476864336614	1.3049865313257474	-1.1906495952191565	-1.7154004085035162	0.6533328457204729	0.5181606063135733	-0.3335669093903963	-2.171306997407597	-2.992059074205054	1.65982907194624	0.11151517714725429	-1.0146071110510775	-0.3128601097300296	-0.6365384387530026	-3.8315374680846563	-0.9159283550234272	1.4403512742217204	-0.7715183042228938	0.8559115222924979	0.441601553911823	0.829924217204381	-0.3618937677803244	0.05920665751555048	0.4694460146805411	0.13917965700845583	2.2026568256307018	0.38525795159060805	-0.8733420182335655	-0.01198633386030212	1.83594154488565	-1.9663496220043994	-0.0249044701843812	0.6719401103224187	1.0682764703673395	0.8818191842221453	-0.7010207850369755	-2.691045177823961	1.9679529803623872	1.3530678570679564	-0.33578159943272645	-1.7842930406614788	1.2827402169174622	0.4958765822877272	0.3674927608727576	-0.1562307531499204	-0.2590817386799936	0.7457153437834061	1.4165894941796675	0.4509351346851099	-0.9115792713495249	0.9446196202597502	0.117273664399781	0.5421739953224108	0.16981615075830295	-0.4571041027280812	0.2336665131157573	-0.5149756594585877	-0.9189378047716025	0.6393844177384316	2.1132534499605056
DTXSID0052590	-4.8579713766716015	-1.1194500187498966	-0.24529005056339953	-3.011557643881378	-3.055794030629079	-2.2950256377005744	0.7698476970329153	0.391243092563705	-1.3298629450399413	1.5587672176449667	-1.4689085827259138	-1.0496841206543326	1.8547351053691048	1.181809817161665	-0.8401090533002309	-0.044675385127445115	0.6915124093570707	0.7982459621511767	1.0830715917697593	0.017514004021517652	1.102507454346265	0.7605987534400959	-1.1780303688545688	-0.9089394456366996	2.1278813695703542	1.6378514302356866	2.0414508202326065	0.41262319744377224	-0.0017501803035691117	-0.21725229879965652	-0.35906427477335834	0.4617353704833083	0.6688623149701348	-0.9079401136088935	-0.0195852635601075	0.08077308548850515	0.16783906455778355	0.7541518357822311	-0.6507991345250802	0.3506326476172322	0.9553190525666049	-0.2535944750664925	-2.2460248781876953	1.952577257534892	-0.41223684685456935	1.3537399697650079	-1.2137983530626204	2.3733219366947154	1.555375482557613	0.43861358603669737	0.44860671068686936	-0.09781551174894092	-0.848360111656784	-2.050629515714241	-1.6803421888681567	1.4563461080696898	0.9385498035890472	0.9033139643762651	-0.9213886954345726	0.7105554224810405	-0.5446973441929096	-0.08149016890778618	-0.6924948648255289	0.6376053096759214	0.011524527748706158	-0.04161605922084304	-0.40809334053795543	0.2841509575360394	0.39231844864490195	0.5617810715745483	-0.15782282643501894	0.4503397811059926	-0.5237802153056935	-0.16047328963684226	-0.013835613850553062	-0.526796369176057	-0.2722304274472889	0.2612046712702695	0.8326665628094561	-0.06445833773695904	0.11256452048872845	0.10349247849508936	-0.09252697465161153	-0.06621910310860488	-0.22886397118463025	0.3506270679366965	-0.0698863069778805	0.08598505090880847	-0.21280516064182017	-0.6676317322966193	-0.03241502502323611	0.012706584639351438	0.09374974206859457	-0.11394923530875926	-0.3174423829206789	-0.4571914928866938	0.396721808292345	-0.4918088608716452	-0.5391298831944679	0.20379130618169025
DTXSID2045151	8.969933356398787	-6.647653544407129	-7.460667233634991	10.587751993531134	12.083891193753988	-0.7546184754091032	-0.9448928419638598	-1.1458658598059939	0.34486177346355046	-10.653715431474955	-6.7104534768994855	-7.3368881874264025	1.664752156082583	17.371329023038133	-2.340818310425327	-2.59983484728911	-2.3878437114834163	-4.00707952877394	5.570406194916144	1.8472602523786135	1.9061623427125856	-2.865977655540841	4.105784601490902	-4.327046194256876	-1.7697782032412999	-0.4080748609299199	-0.1301645401490864	0.5904385884199063	-0.14676394541139717	-4.296724612820489	4.003604230935109	1.6745644234354027	-3.26109600626322	1.7334849084776	-1.2323918909734184	1.9787033959360005	0.07900131706957694	4.486529544693063	-1.6589347210704464	1.0737852448352458	0.7131182500459028	2.2830316920679596	-0.9198679724571469	-3.1617049728463273	1.666644140908118	-0.5862007775494704	-2.1601305760275022	-1.4447730550730562	-0.2956124498928187	1.2678427396925223	-2.65148124895029	-1.3186179018376205	-0.41979859658718205	-3.09516286247227	-1.6394703526378849	2.185478276132005	0.5981532132990935	0.7605412307693736	-0.46316994949953005	0.40942531255593356	-0.7111169999780547	-3.1478494830521098	2.117604139819911	-0.194820668743685	1.6917631291017103	0.514044313700576	2.740660716151798	1.2095994643659855	0.6177882304847931	-0.7907005329560434	-1.5831946653723532	-0.14373339865943857	-2.1093898538793936	-1.7642938605911953	1.6226966888134204	0.25274569960243665	2.3781009798904855	-0.46753091237921374	-0.9409239810364097	-1.8369610676240313	-0.29969951832382996	0.34962671322488054	0.7032450447357194	-0.44772283734194834	-1.0853706336258504	0.2735736986874221	0.4485487030270862	-0.8358787623444646	0.7411871556780762	0.6477407598266571	-0.8956126498121622	0.11304811653258941	0.012909970684480476	0.8445991776807765	1.579982336930807	-1.1184908379837912	-1.5495530381004023	-1.4690264205654573	1.4251723840209534	1.9101244841819984
DTXSID5025730	-2.3142924807699963	-2.213326970659577	3.595517462523492	0.4430713982729114	-1.6031607559166838	1.3387059672492294	-0.05018778491541245	-1.1445507550905394	5.777812599218482	3.120577184237213	-4.851087260848686	-3.7072644208592895	1.0393824861189433	-1.5218196528102306	1.3434452817225842	0.13908082869445781	0.9332641945351203	0.8190694188602502	-2.3872199493041326	2.0069759810248393	-0.30497121496704116	0.052000374066734655	0.9038791415834087	-0.3801271845621441	-0.18416745771079973	0.8208236304728954	-0.5436987565747196	0.7480683958914465	0.06756120341090852	-0.45988440252154084	0.4874876765229047	-0.29235325763999664	-0.39372222272365726	0.41217612972974793	-0.08059149241945991	0.9785557590605837	1.4701766223984778	0.6302219606401606	-0.29043557607621273	-1.4509089406235878	0.32459137456378206	-0.10654312494780721	-0.08561594374552484	-1.6605683433256022	-0.15009943638901302	0.14853607711407316	0.3538916516900864	0.31006733891011945	0.15927392755421738	0.661310778830822	-0.15012317513851298	-0.5204697137551462	-0.7812173797754524	-0.6617770471109686	-0.6876057894241892	0.19383106429878605	1.2079651574831023	-0.32693543978016804	0.41100048895629643	-0.6465671028438877	0.9918398246135179	-1.0940829790136577	-0.16672441219153045	0.5218286308921123	-0.4977282740747927	0.5597111525532723	-0.5170918473497236	0.26263214382424266	-0.09201397476932002	-0.2816681647720638	-0.25514382598861934	0.19929450653109199	-0.7464013611882856	-1.1637893117223403	-0.25283356066461826	0.23515338748077064	0.6499488194685971	-0.3530828297581151	0.021350677195683242	-0.1627438875479375	0.24850178066481465	0.4992265668493996	0.05567710773327531	-0.07777048040393075	0.10753288929737403	-0.7059896760326949	-0.605389528805574	-0.01271869032651884	-0.2476032610769781	-1.2358678885938796	-0.38603439855080196	0.18792348848072743	0.20389789686428372	-0.7807706369600128	0.18017564895331986	0.17335216849293805	0.3138907898295173	0.3171586149518832	-0.4202365662784584	0.023074898060050454
DTXSID8045220	2.3234827469747943	-1.3196424357285645	-0.24827885517980436	-0.6555018904558273	-0.9023106259473388	-0.3219022181831776	3.270679467984693	0.9969312538986274	0.7717465474616556	-2.0842142161106	-1.3015790052034282	-0.3356813040033742	3.3013713865066525	0.4529989039078501	-1.3846690579916086	0.5024235402237346	0.6207880063016126	0.8370529298899158	-1.1113857128035796	-2.577529398039836	0.1855174793628347	0.04645945223485284	-1.8144505453293556	0.37131579928284564	0.979524181435861	0.2473975150573366	1.830791214070851	-1.1610926640961596	-1.1055917638474426	1.013440022510849	-0.5565849694194195	0.44688578503956794	0.2810928695185857	-0.4173006993667991	0.4048678096768991	-1.4628926099424657	0.5423492610929811	1.8836842661764381	-0.44403660435861764	-0.08164041067534043	1.8464645581975796	-0.46343129584500753	-3.2502034282190597	1.9651007783348058	0.21020371285498954	2.260981642709242	-1.4945563394379644	3.1770707554984265	1.1284606190881867	0.5845927185014507	1.4244285699617283	-1.6892224254566934	-2.101197553434148	0.15859253466217968	-3.1730828710544934	1.249819975957779	-0.7481995154863883	2.64365111642497	-1.0745832357506688	-0.8886404851711592	-0.8339770177280389	0.43214963092410663	-1.2342607066351516	0.32160465897651463	0.5084986980945668	1.5391518616162323	-1.1711061399882283	0.561366322675261	-0.6865533712828483	0.7675321240328379	-0.397377358208043	1.3052524741391394	-0.8191551232408019	-0.03042225046327163	-2.204206134236103	-0.3356181590372237	-0.18113831689771415	-1.018986118886173	0.8910637212146578	0.000985701234553585	-0.5269151775717779	0.5805446000033687	0.15488560593078085	-0.863710570069362	0.19549341355370872	0.8130436120584739	-0.04548515426516611	-0.3829912076746329	0.70299837610003	-0.712874681489125	0.4390568672585194	0.6458620808316342	-0.0054185950407864844	0.10302275310532408	0.11515053764233309	0.17206455527205022	-0.19709665604912746	0.01642841852598063	-0.451029267072999	0.2532208725825096
DTXSID6045375	15.796043284459092	8.461743249835909	-2.2745935286177197	2.8043987877959404	-4.42832223694412	-1.9830534617248625	-4.626126681536938	-0.7180671429632006	-0.6446337459639617	1.8654759576241808	0.5224437639034994	1.4396398351286994	2.7231664403211946	0.1327857552690771	-3.6984205822436516	1.5583382199402893	0.5176715862120728	-2.2467239030470485	-0.008322939158715237	-0.3466604957341038	-2.682716933416521	0.5206177917014142	1.0806315221504401	-0.18317724678858022	1.4181333545784522	4.38508478971357	0.6985234484930777	0.730356640470341	0.5184641896023379	1.0173516540090102	0.9209432163943978	-0.997421039245723	-2.5836752367392903	0.20789652985435053	0.8978964054784431	4.122002686041731	-0.19467840453289825	0.06124299010717645	0.39198009806024825	-0.27240684502257234	-0.7517742982054932	1.0185852214172149	1.4824371899066717	-1.077959605742583	2.10578316563268	0.41903111568761037	0.2708517170865109	-1.9212994548705975	1.7663873911808112	-0.9518166565312555	2.4392440577801024	-0.5323938770224624	-0.28829948173670644	-0.49502445241452014	-0.04742884091313674	3.373981324470113	-1.0869798389976197	-0.6614275664929657	0.056038530381277256	-2.7668733083321864	-0.20492609996531583	1.1647978172349687	0.43249885063557186	-0.6281143347695431	-0.5694536387626611	-0.4513610397422507	-0.22550756261848828	0.27381279251438145	-0.6493890403912305	-2.3528193818781316	0.02878925907931382	0.6692434675802146	-0.3959510871565829	0.3387959623343169	0.25345456653187276	1.5320181071701315	-2.131360068166158	3.6899462674051327	0.7385033842038188	-1.0366419049161046	2.4576230312883065	3.537322670183652	-0.049489333678463115	0.7087358428047685	-0.6379517554131164	-0.2448011734825674	2.634206152465756	1.328381523867101	1.1705578450297331	-0.7809849637759275	-1.3378289793579359	0.15693162873152663	0.5677060032468738	-0.7787387763231348	0.4091430786426841	-0.22213200785216203	0.07393056072024792	0.8748094937447676	0.4789170037805994	-0.35730773273183647
DTXSID5020283	-7.404902522487426	-1.168703963583377	0.005908084753842106	1.9019343402689197	-1.2869294120165204	2.6028653044578998	-2.30265577238369	4.223623315391402	-0.3559327124175721	1.6265560431990296	-0.4151572190135521	1.9380174867113136	-0.3680640563427496	2.73213502057593	-1.5708848939212205	0.8205401219799007	-0.2907630892141955	0.6347558535237684	1.1785573211733535	0.24154386454210242	-0.19693000503273872	1.1467419874566946	0.3196505449394506	0.5142157060818244	0.15698795830714585	-0.5592488044220356	0.3043344507641984	0.2968067132542852	0.1080588219185052	0.892199504748353	-0.7663771615069291	-0.4891460845893357	0.07548114746725366	-0.07432602548367587	-0.12022330131488283	-0.268174790811448	0.0889142511493164	-0.42801850660127194	0.2888051693055874	0.046435644549550834	-0.4051728501487168	-0.622452501398394	0.6054494059188004	-0.03187848744700473	0.038808792350126686	-0.30794873564064407	-0.1394617123199066	0.747923326766758	0.6829881529960686	-0.564656304712364	-0.5694801918022049	-0.3750022809864975	1.3699015485820825	-0.08214203097814199	-0.2740079195881983	0.42829983257526233	-0.2681070470192779	0.13255152850925667	0.08656549303503347	0.2843415757157701	-0.34469924410956043	0.0001806033232726818	0.09179493563503703	-0.17113211569249887	-0.5813446549486058	-0.356154277766846	-0.330281965341484	0.23890913058704571	-0.6431162043837972	0.5669278372388256	0.09490881973785707	-0.020437027171812307	-0.3595239497158285	0.14462642021591446	-0.10938211338964322	-0.47889155919192283	-0.07483056300712534	0.42337569735500746	0.1626129853834508	-0.15032478165170543	-0.35317557651644166	-0.19263020215494073	0.03163663315943868	0.3534858292188148	-0.07329165134293157	-0.04786593380889127	-0.08056051325779034	-0.1633486135650851	0.07498662544216622	-0.059671693114541326	0.20171299545273644	-0.26197451375596015	0.038188665353320744	-0.08173280270364577	0.15062925408241445	-0.19766326816345445	-0.030586651554091005	-0.23160275369167602	0.3246265663312096	-0.13841301780840745
DTXSID8023846	-4.09149789361993	1.3589136737748593	-5.438391797012603	1.7065697898847427	-0.6750498614147283	0.2396772313639002	0.6149295830201364	-0.29710931177791494	0.04531406855060355	-0.5440850937843582	0.3506903383263342	-1.135430811756832	0.8939523685176524	-0.22351709711916215	-0.1691716047542084	-1.2770776261700103	-0.407925440775689	-0.5196823572011202	-0.10031351499589782	-0.6886331396291865	-0.0009263844637108314	-0.8351507833393315	-0.38333016655296065	-0.1330023162961382	-0.08176926851142229	-1.3696970187742354	-0.11201479003849266	0.3493996550737682	-1.040765910735588	0.11971481433757407	-0.7522707486790989	0.2840376438519859	-0.267748921269466	-0.31716491672554326	0.23320038124773282	-0.1031160952806613	0.658124649169146	0.23016092140957356	0.28795451349707213	0.9182375148811589	-0.2983327323313029	-0.1455617939146529	-0.5993115753322148	0.46308750448585195	-0.3545864361470487	-0.810696394041937	-0.5333460771669899	-0.2899665700140606	0.4343808142511035	0.17581639802888097	-0.004106264069761372	-0.0515650632577407	0.7597365883981348	0.42610952747279385	-0.7601316261040022	-0.17203769447828646	-0.9728398606799276	0.4606298029772244	0.4223564284695745	-1.003966058343428	-0.6207119158030782	-0.37044457126154945	-0.4382339288838441	0.6981700342918377	0.47001265417390564	-0.40791977586679684	0.35614057477937383	-0.483525453494462	1.3812621212511338	0.328137562385956	0.3256586635480606	-0.5335038684617803	-1.1507817848794313	-0.03824287863379615	0.016296284076840813	0.6232781328677349	-0.6336079593317431	-0.4189319811979994	-0.6908181272297236	0.5502249421161444	0.4268418334343336	-0.9191893131981097	-0.0991024061189852	-0.7884188400091559	0.4832030232662662	0.07656498061960042	0.021467986940814	0.05260718827767715	0.10597867917632521	-0.13239272759827017	0.5673085444491993	-0.07540606355604615	-0.5684786072866421	0.14709853433588135	0.28113149180248737	-0.109265374151607	-0.3606244385096008	0.16243291833663268	-0.15351148419865818	-0.31710995781277906
DTXSID1025851	-8.822458114283348	2.829028089100009	-2.030352889209221	0.416931905912281	-1.7040767770957899	-1.772846360143052	0.7221570812477492	-1.1086761409974213	1.124982755673846	-0.6430732368328926	-0.23164856926787875	2.083504839607576	0.9010832623251839	1.6705138917059623	3.6676034442857524	1.2279726038956182	-2.4478763722475394	-0.1119605891109986	0.029073769929395275	-1.725958741414927	0.2803529278752986	1.7015724866322435	0.8670794630572252	-1.9184409426529923	-0.3327170266851945	-0.9882021714467317	0.14886361549864627	0.9230755475269751	-0.008264053858866619	0.8787151864378341	0.23998019197314702	1.0696660736959414	-0.16002172229025727	-0.23762859686018217	-0.03266295696113691	0.8222493448622903	-0.789926012660702	0.41394715503543583	-0.718039941941136	-0.9500949747810113	-0.012919676938418155	-0.5235998908627683	0.1199154802032431	-0.34873025285778536	0.5828969709915183	0.11861176412659288	0.36994476380606295	-0.47610726362825734	-0.5252608735238607	-0.15549222738122015	0.9858321109216788	-1.8144609680650066	-0.7465354679640835	-0.10204407539808268	-1.1173928537151703	-0.9663731441646523	-0.30879890358179163	-0.42427515057709597	0.3446732189945705	1.0190832366095604	0.4151414731184349	0.4895541152193932	0.3435457496805825	0.04871098148758984	-0.3791709159799284	-0.09254923320756947	-0.30143356873485433	-0.6292074426746836	-0.3278663418637666	1.1389279428800594	-0.10655045333813049	0.5370072365487213	0.040405139145483784	-0.32622559815458574	0.5871040185686681	-0.32687520906733125	-0.03472304156688967	0.27442422625491963	-0.37028182580562236	0.13108943865459174	-0.025842199883617505	-0.40901332505865556	-0.029317401223432897	0.39552509046987616	0.3740717690757416	-0.33468178888870653	0.20720631746066787	0.14214943213168657	0.135764796672186	-0.3452214306265139	0.16737170095569076	0.059469219339036164	-0.11770751431592649	0.10605666897381325	0.23889875215718473	0.24502354741617083	-0.14247601465717494	0.058435926499701134	-0.006755057859494913	-0.23631031517013848
DTXSID7057737	-0.8475271804890643	0.6359584346115088	-1.2465461911876885	4.37746028326258	-0.9890100049703643	1.1958085111340726	0.6780024141037344	-1.1501634020678115	-0.39686788980767596	-1.3225023455729303	1.0309857732533398	-0.7107901780244064	0.699009859501437	-0.07870822085031394	-0.6045073611738541	0.3746422999004641	0.6508478006031031	1.691695564796542	-1.5981079493470085	-1.0372881015502133	-0.11798052868842096	-1.1057877252621147	-1.046278190808212	-0.21922776333027583	0.4974571875313542	0.1102673511404836	1.7990077686743953	1.540035091452393	-0.21284375463703145	0.5439874481304471	-0.2768599220299666	-0.09793806219954901	0.6157043873214836	-0.03555826856628642	-0.46017471958613243	-0.5207886137670361	0.29788005805901824	-0.16698420797100097	0.09495501024425738	1.5744798612314814	-0.012812813575249297	-0.02226247594782953	-0.15134251238447938	0.18517254457015342	-0.2300873427954858	-0.7356512697072493	0.822031496921045	-0.7487075979402777	-0.45994980146671127	-0.9940396142280091	-0.7314950476829285	0.25040426211102396	0.09324714944836705	0.5246314965561455	-0.9711620980427756	0.042653354834667534	-0.12824821701290642	-0.5676054256586615	-0.03163522617796307	0.0027182365266275378	-0.30954419909416747	1.5398868326800585	1.2594407829689611	-0.2068857139612326	0.17300357289307203	-0.35186200247468197	-0.4281635786726455	-0.24757318521668212	0.44855870102360135	0.09396714910460338	0.29277031877542276	0.38432078935280145	-0.02804832430171771	-0.37955960542889117	1.1945039449478325	-0.022190315569829075	0.05305447644391313	0.08125829319631608	-0.05701438215050297	-0.27462599979482444	0.3668580489425773	-0.23538255075601566	0.08273060540715924	-0.32947208726542976	0.13307647927885422	-0.4460250233911646	-0.2592342497313326	-0.6311320492179993	0.831278896784018	-0.135545791589461	0.3783114357732372	0.6188428057186028	-0.0522765778496917	-0.14479046224546815	-0.07261023763303773	0.40091792278228927	0.06360152077022109	0.07996612941029389	0.4432159173206713	-0.435808021625155
DTXSID4025610	-4.445870667519398	0.4448208887894731	-1.7446569355697237	1.614833270834666	-0.5572936904558821	1.5616375476885942	1.1056277779653425	-2.9851282959192567	1.5354017296733973	-0.42262049298189974	1.7784329636745129	0.8969772556170782	2.616408750472063	1.388205778080195	0.12036132500276209	-0.4329096173524716	0.7126730242867741	0.9034809089347998	0.6054154702698217	1.0786100845586248	0.08759607873677078	1.0653088457446889	-0.04403147767141614	-0.7759482053064003	1.9424234524164359	0.1223868321428374	-0.3749285042541164	1.486239690732888	-0.48534853920315074	1.7234531388342822	2.077439777658356	2.7875259173543263	2.149233600979992	-1.7358287174338818	0.6015909950938363	-3.2822736726888015	0.7220428652641884	-3.8567059142391815	-3.9013174477731396	-2.2309541075392185	-1.9562951718533326	3.1058064830784824	1.9401661279592652	-2.7945816571583446	-1.571021556146957	3.0357670461960895	-3.9189899591401156	-2.138411767513742	1.5573444163339971	2.814033039742635	-1.6222280391637838	2.5226615623284543	0.06884119757211596	1.89224200798878	-1.1305783734179926	1.455977157027642	1.0051733790639463	-0.0780863379051562	-0.024456347790022582	-1.8363511197709554	-2.280577056881845	0.0936467601028389	0.5486602132547425	1.608346915352891	-0.7669763924232579	0.32812299478709617	-0.06502291542793981	0.08141099241038777	-0.2948356359169623	-0.35439685182211883	-1.006817495688288	0.32636146017318646	0.5434898066206362	0.7994963736293248	-1.0571351997255374	-1.0030541984709385	0.012279910359373702	-0.26935654372688644	-0.049178664013201666	-0.10218319550096033	-0.44506779143156233	-0.1792049882064896	0.3818323199681489	-0.39269642674481975	-0.6196210571628282	-0.07590121942462336	0.6002968723199872	0.12306611720495716	0.9345255787789399	0.6629494817251327	0.4692152456699497	-0.33243732896280753	0.13309754035041882	-0.02754669327104208	0.01587092091445601	-0.3287390655988186	-0.26217921021405444	-0.05097903761156084	-0.3834588314218157	0.2431601511868758
DTXSID6020779	11.22904579004227	11.87844348110093	2.8750239018295143	0.016394222534449582	0.6753411895295324	-0.7480816254002353	-3.3153122003436337	2.201116065464303	-0.9270669063796892	-2.376150198734801	-2.215450146823359	-2.4270042491796757	-2.6266895670423263	3.704000632564587	1.0018132948087692	-1.3354774401143006	0.03774192218042454	-1.5505511582317477	2.538293978063396	0.9150521047059164	2.179473027736309	-0.5999269913414612	1.4005873449402393	-0.1569828062293042	-2.5536279679045037	-0.3730610346135917	-1.172789887511085	0.6415754272387745	0.05239758357756614	-1.1815063270832091	0.09391006125279204	-1.2519455228552672	-0.43948544484165725	0.005624101584185715	0.054121462569883094	0.5706822189808385	-0.15387662374386726	1.0722161326437802	0.21471484835790589	0.3317693411922647	0.56078009453896	0.3604390163104206	-0.9731109701001764	-0.31361259272707737	0.40168385035409204	-0.9894246093976661	-2.115806326592851	-0.3118098435039533	0.8212114359089814	2.182722998247034	-1.2574659506028858	-0.7519641907422363	-0.7506472791878877	-0.29094354225504293	-0.18612176589446655	1.195216418598719	0.9229388885046989	-0.9590715279823936	0.2687041049268933	0.11636504293409733	-0.5531051857344512	-1.3292715100562633	-1.3978068323879596	0.3621421549779437	0.27039191558411496	0.43178784508354723	-0.5691330647507579	0.45383049261096026	-0.5238978280175158	0.5396958020303897	-2.0198443605999397	0.38063720836150705	0.3790152878051919	0.16296406813764205	-0.14702783676906014	0.7406430011389309	1.324508014346439	0.42572153389468126	0.6859214225136373	-0.6249381331161897	-0.6397373029206721	-0.1290350517037739	0.3037487317386725	-0.16895736756278557	-1.219438719331056	-0.03261073878817038	1.012141300844908	-0.4418029237244428	-0.01947491051906362	0.36384901862444724	0.49682451837021174	0.08560324109200688	0.39897261687401386	-0.2777197971686404	-0.29561189498745677	0.44396868104057596	0.6820882209896403	-0.22377625288242864	-0.03438416247252312	-0.24149087643538594
DTXSID6025301	-1.9657410152690953	4.119744351532229	-2.6898241307401056	-2.161298276240406	0.9243113786933562	-0.25568544620986	3.9058575263071345	-0.3363833818179526	1.2816277343029219	-0.4706442484832808	0.7421348365931988	1.216626728485215	-0.31491382106093235	0.4119244286695406	-0.08620564475616474	1.486324884024311	-0.5134293177499544	-2.043025766834086	2.9972964719146917	2.67002403337743	-2.7019269613305936	3.8451341651660993	0.6145172381169891	-0.6373936483005158	-0.5125668372849853	0.4638532882039707	-2.5220385033605663	-3.021211301956844	0.5985819338413253	1.4193168685327746	0.1677477276632272	-1.015689208951859	-1.0807022104862976	1.2398334124755406	-1.0585019871257133	-2.7878832650238805	0.5883797025659645	-3.4588590755961564	-3.969971265993737	8.785810022699621	2.807063857266053	2.478098324300193	2.1581230677666823	-1.8413544907718682	2.3211518138654923	-5.181419981174574	5.538481917850953	1.7194672469684593	6.045525434757075	0.3380291916431081	3.0615560305201353	-0.9970060035666578	-3.2480827779550387	-0.5360540986901507	-2.622124458723632	-0.6228898596564053	-0.09998794019475646	-0.6118850994737037	2.569699250249385	-2.062063985875106	-1.4314462899610125	-0.06477809058465601	1.2584303777849248	0.5272489701225892	2.0824870013516223	1.521485042444817	0.4335005259553648	1.109694431934421	0.30698304130588294	1.4304937333042422	-0.7586063682339945	-2.568775612177757	0.030977861573618502	-1.119543215266064	1.08591544830415	-0.3510746317922934	0.2921827369716443	-0.5520174637666818	1.406043345893887	0.5257081309941473	0.5810257458431297	-1.362444214979324	0.09193887767307393	-0.5112698623735618	0.24742564846111137	0.43827776533516644	0.6480037306372171	-0.0049687972519347045	-1.0243508306866416	0.550559068303083	-0.48572767594073596	-0.18904808175584017	-0.1887967586410908	-0.05609724391948071	-1.0974829665366306	0.20844043676092663	-0.8240065629037936	-0.9853926235933831	-0.7195361095507649	0.007247840853247193
DTXSID4024064	1.0238823706762605	0.3088622090128485	-0.9210922189995508	5.196019101921338	-1.7118232864298168	-0.298104759641769	0.24484259653690152	-0.6814523524937471	9.346636486352297	2.7155348459362014	-6.4531448130554745	-5.672521167464714	-4.519860094114765	-1.466493998887734	2.8358187798360706	1.469662563453911	2.377919763595817	1.056422672721488	-2.6333777471642352	2.373542771719775	-0.5091287266097296	-0.1214914044509226	-0.14308141527433635	0.6758215037108796	-1.3043055285767313	2.6357125054929518	-0.2769208209184529	0.8688999803851791	-0.5365906518996368	-0.9229190841335992	-0.7104365174763289	0.5042031067482714	-1.0298941317167087	1.2371115368619723	0.6357190970215458	-0.17998836035813726	-0.06684666056331802	0.4884109243899579	-0.16027296419171186	-1.2753248183062276	-0.25412803929429	0.1082654944236683	0.32314604544892445	-1.6042155888640546	0.16625236305030183	0.5547287431756124	0.6394719152452657	0.7247100035123176	-0.8591843084589277	0.5297151559102049	0.15157906387829198	-0.12886674451906951	-1.31822205753099	-0.06488032804752861	-0.4442900901160848	0.6879344834175407	1.5829628641336133	-0.39162652415164784	0.986745656858899	-1.038704301584012	0.46636572833019696	-0.9943845743598636	-1.4714912444302752	0.29912271791241596	-0.3804822669928217	1.1051513441756455	-1.0433356093088715	-0.260882615969041	0.8600662894556167	-1.2423159311860779	0.7507865375763095	-0.21469182604682657	-1.2108883434310866	0.15921500068029312	0.32022954679433563	0.35621867859315526	-0.6732716412003982	-0.891807839109084	1.108658059269898	1.1331412149820643	1.0007037297865682	-0.5923345482824673	0.8812589337623852	-0.3389133932001581	0.5627938100885566	0.5512905137547909	-0.6377653194378062	-0.13029022182095995	-0.22581552151113385	-0.440098351089191	-0.21582409578277664	0.02298602260474312	0.03829687702416096	-0.46551801482408467	0.6858849189211319	-0.23563309444787134	0.23688320478418054	-0.4895807538645033	-0.09661403498964503	-1.378941143612116
DTXSID70379917	4.391525665923993	-9.706298193805756	-9.136186782441522	4.367513618450523	-1.334333785993346	-1.295922623916504	-9.275099163952657	-11.028395052997384	-1.6788623774309848	-7.724617003204462	-10.983240090956437	14.059871320761282	-3.8812277516268177	0.6831351287626563	1.7898736335235086	-5.353077392351278	-3.0919103885052652	-7.174623740063003	1.8053053753510344	4.9031542359723055	-3.6931321228373677	-1.2612633769596002	-3.1842422654393667	1.4514388476878697	-3.0708333445165716	7.002635567906316	2.6974733577748804	3.4067932478856413	-5.120322991909813	-3.0474005496495136	0.6363883508511081	-1.5499467512836502	-4.4862735661668225	1.1981570324911184	-2.3973223444282334	1.4560565333660982	2.393754368392447	2.2001690617394645	-2.6096138794240766	2.835475946355882	-3.062811877489588	2.329681226471522	-0.21676599249578327	-0.9594960597582198	0.4126559896290485	0.2313319398582338	-0.9661629654770717	0.20634838553601587	0.8946187949007119	-1.1390899139207447	-4.372998744088462	-1.321890473830362	2.885415271679759	0.35576935311529184	1.255788488994933	-0.9455262013759277	-0.7503880793915595	3.2733786312074953	-1.56434761551232	-0.043038751436788335	-0.42358087515401793	-1.0813393776862361	-1.4657488296614956	1.8777572181355169	-1.637386256793288	1.4681582036389869	-1.262788783430294	1.3864043041329515	-1.7218420368737641	1.6129323853430944	-0.8673252336485114	0.3583554058373314	-4.688100744922626	-1.537166036748625	-0.6177860103783929	-2.025715792334257	2.089449989603943	0.9900396014968649	1.4793519772284136	0.11940722518657922	2.648283672320032	1.1022614331200202	1.8191365827797688	-1.4676329005689215	2.2674152360628756	-1.5000309582910656	-2.3357864733551708	3.9501999977721263	-0.3710178361234796	0.17473814835729096	-2.888872541576287	4.685810016086708	3.139766268279031	2.143259511714102	-6.220751307170233	0.003117710592146149	-3.0640689468400644	-3.2738785449678	3.458266634818103	-2.7448531227859307
DTXSID0023618	7.48523956737905	-5.061511959908292	2.1123806655313877	-1.5157504825168107	-2.0748096963264553	5.701758933221743	1.096703648801184	-1.8069309864368175	0.8621326870768712	0.03618539030670482	0.2909144152623379	-1.8087209908533382	1.8620064695889467	-1.6528229843653444	-1.0215385164746373	2.1624952169787464	-1.6538417848960292	1.4953082035525445	-1.3858911242518284	0.16498839939054313	-0.018382088183726084	-1.2782516356279163	0.8970543995536878	-1.5653311425124046	-0.647190494291838	-1.2163671820492679	-2.926503588727405	-1.9991958750527483	2.4537445494355343	0.4601580901783697	-0.8097079249623329	1.3185721650230773	1.1245884609050887	-0.7581627577344563	2.7846564454786313	3.320403856149254	2.9759789913035837	1.6619511315155768	-0.47307994483954663	1.272655700239653	0.49289442707879516	2.92840407946471	-1.1925968784880026	-0.20860764611533802	-0.027964520125229694	0.8886898060039189	0.3986292239034515	0.5317185874978698	0.5605664919105626	1.8344569911513757	-0.7319819334489571	-0.8463483407981091	1.5513119565247742	0.3361953195730919	1.4578210631881785	1.927785465985483	-0.7292293106606261	1.0828973817124992	1.815920503893008	0.5940685888946473	-0.46425313574298116	-0.3057658352599479	1.3670734138158378	-0.4122290334273191	0.6436022866031199	-0.1701242466113387	0.1580427641402473	0.060629411978830934	-0.8571336483745	0.06649758271809338	1.4266708666384198	1.7845957814808378	-0.6397684723629761	0.6625786353724921	-0.5933053838341705	-1.1460319036970852	2.0696070444702137	2.7832382981257653	1.555698623189015	1.3028007557530659	-0.9901574816205542	1.512058661646304	0.3946674879823907	-1.550060381966524	0.29820459303725216	0.5766253057347536	-1.3079525709569064	-0.7694592114041482	0.41262101943704266	1.0745292393533878	-0.21306413590394657	1.7599241216508532	0.06944542837972917	-0.30658116754685005	0.920401604279651	1.363077480616505	-1.5387232588677417	-0.03829906444916816	1.2492732696058029	-0.1856270552321155
DTXSID2020347	2.9118987249997894	-2.681853225204279	-1.5741956289071808	-2.227109009645001	-0.30026322599805105	-2.1329125948091114	-0.7591086951722245	0.4282881250346297	1.3249414609283223	1.445617548605798	1.4785091732275808	-1.3171847102189795	-0.2829325613824742	0.10673883662337495	-1.0360323449866935	-1.9023712821557917	-0.22398361330152292	-0.21195669344311144	0.964754863800144	-0.6241565707307072	0.015366839427265569	0.5333484747873014	0.06469555186175525	0.2400505685996588	0.5359102479494361	-0.7195067675771719	0.5695236651851495	0.549041734344048	0.45567993231698656	0.16359335412371673	-0.1553593425487395	-0.9367887514824403	1.0664268739985057	-0.08702909862565958	0.03902006344340535	0.8299340380269924	-0.07891392763702612	-0.42653271199791226	-1.0764563453438643	0.5964874950108604	0.004612627767199688	0.23826348028371205	-0.006465384390819627	0.43235842327588797	-0.11758194029863607	0.6752408980892753	-0.5585668116630721	-0.9198681746399461	0.36397099501271746	-1.1002611765917067	-0.22240608267808618	0.592689793860117	1.0030932793865888	-1.2851965518155568	-0.9338501520718264	0.23697309616095513	-0.729476336725156	-0.9808968262667763	-0.39096569293271954	0.36257600220740005	0.5568435903204435	-1.383563744881809	-0.7714683480976733	-1.1384107066815106	0.5200883023170721	-0.02614612837540098	0.22976390330782342	0.3407099493699499	-0.3154462185436949	0.7404589504351893	0.1540689152830155	0.29817572867178743	-0.08324218816240454	0.24910486896804349	-0.3915341356218002	0.05212319245058764	0.1331553133071037	0.059155234751393455	0.28208757649723903	1.0044337419619926	0.1783176148941362	-0.17657770636762454	0.09970573173586532	1.2830053044301677	-0.07963955344759842	0.2279223590855023	-0.3655602197013811	-0.3640832523253846	0.7534966729661872	-0.8217251588852771	-0.35201737452360876	-0.39914153117633966	0.0034058624520881386	-0.3280611385385097	-0.4571198388554142	0.1677786194805474	-0.01188013189310748	0.3422470346767926	-0.24011444715406696	-0.27926506206128193
DTXSID2047062	-7.516517926553528	3.748727419666624	-2.081970371564524	1.320370628121052	0.8405704200443994	-0.6359730508744197	0.7778807456740738	-0.496046237924283	-0.03229388958786643	-0.5379021305446848	-0.6077151452896103	1.2085063302698524	1.3660820230432014	0.26247959204944527	0.01167509016446025	0.3524746415429322	0.353119673932792	0.3381629488696087	0.7969690129757452	-0.7221974779771568	-0.47826047564412943	1.46275106158496	-0.17600547542920889	0.6350024765164951	-0.03231439562639515	0.5389311027817776	-0.6743542042081692	-0.2899359594307672	-0.44192822645460694	0.7659948056579066	0.8643262408629181	0.18515260847610043	0.1590886240470943	-0.3888431116792645	0.3037186194435338	-0.0025208604343203455	0.1537463123286106	0.6978955021689569	-0.30592031447122425	-0.9405486261809409	0.4142108052205468	-0.5643937456803552	-0.3953381222208751	0.04734027756685103	0.42648974402126477	0.09568403149366349	-0.20933179590770756	0.5837957096618337	0.5082367592799055	-0.22811824286856572	-0.47535853948241685	-1.2427054795426906	-0.18268293584048997	-0.5503276746058914	-0.48370148842363764	-0.8716376955343517	-0.451918220034714	0.01431787771007785	0.4054313507451814	0.6393928131689994	0.3979246922754348	-0.3335216414942099	0.11248297919273816	-0.2738191742519654	0.2305050853148749	0.12458729840060355	0.14556676459104706	-0.10843077100526198	0.9292370817564072	0.1722623067574339	0.08623099845323497	-0.6848284160130408	0.10699640083533718	-0.055642420770731116	-0.1887397431048572	0.5350434895398578	0.52977422055794	-0.677047576963448	-0.30568742857667464	-0.0878139041763477	-0.026268085484997736	-0.4577267924729822	0.38810543218200433	0.17137748150709706	-0.05465648133974668	-0.3208993936633551	-0.2822710541302623	0.14947801016797946	-0.018806278100257187	-0.028750333221680354	0.4203121483862545	0.5312953857666377	0.3143425984788347	0.09208651079559318	0.032474031907148836	0.45739763959442714	-0.3458985868761269	0.1498703452361556	0.20564455304475923	0.17539024952169824
DTXSID6020303	-6.734480666263891	1.6277364026482473	-4.978274589062874	0.13873963885058532	3.47567132784219	0.37654140822000953	0.04946585200709927	0.4671400451042997	-0.6875121925099413	1.4005978710589713	-0.5148772471198808	2.038468271679356	1.5681175036287491	0.47652889666450626	1.7108435143441079	0.1589905768099649	3.065627521713437	-4.181611191109904	-0.4924910803228831	-1.2469241465998906	0.07741794531013452	0.24098025324114658	1.7636372599861692	1.9560555612406165	0.8243351572447456	-0.007356630652680514	3.6368347278644717	-3.3057240311312284	3.3585619620467737	-0.8127732023214194	-0.45940502334311595	2.513713835907648	-2.4605948181638566	0.3579171073767616	-1.7922516623492017	0.047002381438362544	1.9750845586621266	0.26135491622733104	0.4112559090104045	-0.669202792111988	-0.691746344944597	1.6351468968354075	1.1452121081108695	0.46608874075119183	1.4114154310351021	0.8270166626421799	0.2282037975126525	0.9545787385081461	-0.153405295771583	-0.15681441416650163	-0.20242943652517417	-0.7347536006437423	0.3787611223631091	1.66540131111049	-0.641356610769489	2.176814963910261	0.8395527393331513	-1.9374452593023244	0.06174160011992968	1.676160880741775	1.5484225080227751	-2.559030415848413	1.8761669679762238	1.9477210819736395	-1.6006927664109267	0.3893932912904123	2.460628906362146	-0.23406017297265638	2.520216898972021	1.3740320527833931	-1.4245571204045693	0.12514347709363904	0.1262677526673171	-1.471117908191614	0.4669449657098148	-0.2719263763128769	-0.33269576113922966	0.16341580808063594	-0.32307198851942814	0.34512107020616356	-0.19347096578980108	-0.5983902297540409	0.6103465253931902	0.15241356754934957	-0.31672730406051786	-0.27770597473807423	-0.014127584447951796	-0.08660895741664712	0.089467491061	-0.19333385649605123	0.9273870058301301	0.6652136305536428	0.07629481270469862	0.10991388972047891	0.1742577181619832	0.3611454434126372	-0.09650225290989625	0.19821192668092513	-0.15103961915889597	0.4388242378596255
DTXSID3023550	11.471806355343645	-3.7977699566130325	6.37414072184885	-0.3284737610818325	0.5516635394218946	0.1543051261985817	4.366835631047285	0.7055794810983618	-1.7631656465965928	1.1245121881594473	0.8578963973012513	-4.122751091026399	-1.6334783799740735	-1.1930930875227166	-0.44087587132944694	2.7496062031673625	-0.7284503143051001	-4.075843791899317	-0.822816857393849	-1.5209338123451823	-3.3543797279989476	0.3729602129099539	-0.5989271539820783	1.8504183853029739	2.9657431645714882	0.22968890985915077	-0.559686536314607	2.729387579910815	-2.618882973720451	-1.0487844160425943	-0.2648126894232529	2.995439831158588	2.1046752045414956	-0.48740566840456767	-2.1120627928624454	0.8731700544489347	1.61314623792146	-1.5941985534028686	-0.2547808340787367	0.6564345309490761	-0.8451266611173353	0.2578777491252892	0.5862981017234445	-0.1264878184979925	0.515478749516356	1.4063033005647372	1.6685741154121005	-1.5617511813429652	-1.038068077393595	-1.4858564491653081	-0.3093803052148447	1.48020717244467	1.6962394697979797	-1.7321236856261872	-1.4378501074229542	0.3164073227905426	-0.6750572606771656	-0.7281292037687749	-0.017041551857384644	2.0067606019738076	0.827350816312577	0.8295326928906004	-0.608895846995754	-0.2983688959734581	1.081534555345009	-0.7231796634767647	-1.165672132265398	0.270151863004372	0.7496374447979076	0.7482770229614908	0.12583508398786966	0.6372663182324387	0.28797726324482265	-0.1798049739612029	0.36126658186213806	0.34036696313902065	-0.5656228480315084	-0.3213239904623856	0.3971166641524754	-0.12851969761711426	1.3212943166874236	0.6336489204375589	0.2671351761763131	-0.05387833435394533	-2.0438251199554895	0.03040197263102626	0.43677002519276936	-0.8962256019541709	-0.5205864577958487	0.4368981825186969	-0.6999072774872903	0.6488397002473433	-0.49381959339656173	-0.6905104137857241	-1.0563677986209834	0.26765542130138503	0.18640909551456686	-0.7490737752496068	-1.0807995430673956	-0.08954641833953297
DTXSID6041347	-0.8156132845198151	-1.1501302306966017	-2.1911033433365796	-1.4034414669789839	-0.20236329028711889	-0.757635262665188	-0.750727678287755	-1.9945417139571269	0.3615385791307046	1.4665785838574938	3.008295265898664	0.20453454696480577	0.14370340700372372	2.15743417421088	-0.3733265684642131	-0.3071958751198005	1.0994465937767022	0.890631908756451	0.7456402074432773	0.10659246441694045	-0.1325810629287601	1.090026888991756	0.21875938182436	0.26385019189572506	-0.1802095826837284	0.6078491619722498	0.41048695323100387	0.01489451241547045	-0.10740051852832219	0.6764058851291251	0.17219678532942034	-0.4928133498595209	0.8796950343287675	0.5563891640750959	-0.11674294628358843	0.23790188838581433	-0.19064925228233004	0.2176510066747365	0.7069856006948857	-0.569042133009082	0.7134720966532098	-0.3516462551407523	-0.21444372091246372	-0.5211911081855571	0.43933659226597405	-0.1658937849551187	0.1055801491321612	-0.2778940861212334	0.5261935002961152	-0.5813000300896312	-0.26829312979684555	0.2760941909647203	-0.03392338916504256	0.16134581425443742	0.13814249301769127	-0.14196054936101257	0.2886200368569299	-0.38294519560563367	-0.18931551872198227	-0.12600006785415838	0.20030864488586592	0.1828865024143258	-0.19811838557566686	-0.428553582545176	-0.24430038363850234	0.3529320829578016	0.07822056843571078	-0.3215316177751441	-0.4565522990588966	-0.3025582301329545	-1.0974874797951628	0.14674419478781237	-0.15988860912760866	0.25158072735620185	0.1514180851510418	0.1700369689550579	-0.3872537011733439	0.17176311304921058	0.2660063714493888	-0.07790781456764936	-0.4173413783171141	-0.4507174049801273	0.25474237467537036	0.33850249882475086	-1.114985747912379	0.18595316210737603	-0.4862333185348036	0.182512279037132	-0.819429572512611	0.13204419808032464	0.19736089969711348	-0.2745564562590455	-0.40339230207291543	-0.021289771337550827	-0.2594712909181884	-0.2963247169991981	-0.09312368900455856	-0.0742861435910554	-0.07652183491282151	0.24126280015923604
DTXSID1027344	-1.9385857468045284	4.13622179832007	-2.3927522671624937	-0.5712851339393148	1.6824070113291087	2.2324979970394656	2.654850837904565	-0.19880833685625451	-2.1885589825435416	-0.5699749432830159	-1.4993799187889736	-0.12485217997053649	-0.9920621710358747	-1.0534757212667272	-0.4149311049628773	1.6899084809760179	-0.3484323857662538	0.053112216296246025	0.35798016931901777	0.6966243433070366	-0.3624392670720245	-0.4037084570557549	0.24077479417524578	-1.4133904951929082	0.4170657285643012	0.35569082147014713	-0.2174966247312661	0.3505697113184097	-0.7031731782167688	-0.4750794488003884	0.0789575868771555	-0.5324254634594571	-0.47783572312902506	0.16175836108639832	0.27912278426608633	-0.09732802037224571	0.17204637139029877	-0.06133158440476775	-0.2150025024618218	0.43124131254658815	0.043707655053791046	0.6657756006900957	-0.604541699497854	0.16850971770116327	-0.13698628810582628	-0.5558657453457866	0.13063392601520238	-0.2910073966255652	-0.05444118395151271	0.19708293322646894	-0.6169005084512477	0.05687061404210741	-0.7541107663621878	0.6005996132932585	0.4722910570688706	-0.25360844608994915	-0.9155462630867495	0.011646347034140537	-0.7483023191467549	-0.6933535250009435	-0.37647982026220045	0.16572585553178368	-1.2996210573139564	-0.5071405642147158	-0.10597955543024674	0.3511841861806722	0.8805885730826354	-0.5498903199752937	0.6704687519118053	-0.25542096746717774	1.4018074659911235	0.5448525823641794	-0.7052225481023562	-0.27607900762699317	-0.07353094324739169	-0.5520024814423451	-0.5635281398813239	-0.16700722662282752	0.4125797121240305	0.5709751425713285	1.1401941315554385	-0.059612947684362316	0.11261448878757237	-1.5062655987724793	0.729837435988826	-0.6105979149129669	0.25499890065287756	0.11101339411495853	0.09484453487536271	-0.323754713518196	0.7898155026665562	0.6394488965495251	-0.04435834512773672	-0.5560149452853944	0.07406611669743922	0.19736386613985327	0.29919325405458574	0.5536853210375108	0.84872573910018	-0.9101330669645848
DTXSID4048729	-1.3825664686947332	2.5964829532003186	-3.9212582081054475	9.131110432046713	1.2020209985241437	-3.683103634669363	-0.7723696025655641	1.4553012682864241	-1.0795744161580585	-1.760336948023672	-2.631990055922341	3.3170466297018772	3.914172891934412	0.015836121578613638	-2.8439167662861777	1.8494144277700364	2.2635323675794874	0.7345522038394444	-1.4202080299548425	-3.160977657992016	-2.174151140851679	4.378039526699542	0.3401201142468696	1.646185403622173	-0.42581821929274155	1.075095620626882	-4.569845875186831	-1.8064564937505314	-1.5657828948354944	2.2945606100699076	3.2488285722162074	0.22068728991908684	2.2026101541283913	-2.953262814467137	1.3921565670624108	-2.1024723448036755	-0.5329711335701082	-2.9682579320271865	-3.854354806167858	-4.831374300801088	-0.2735588492995748	2.9331027544568635	1.752494130093198	-4.170610704502491	-1.2987276213855494	5.424262048238398	-7.012062305549672	0.20537532449492973	4.619496154846442	2.406976376307916	-2.4485464630921028	1.7776402749005307	-1.1562682527989159	1.4306603565256073	-2.281950928147153	-1.4883634146339784	-0.8718826551186104	-0.7198347154375511	0.8289910216419656	0.3395013823669067	-3.0219974291788376	-0.5247785660543351	1.3204580439223852	-0.7941444184862357	1.4574349406930451	2.7107141197470743	2.1244235197651395	-0.6112186189014587	3.1735376286610855	0.9791496799568776	-1.2501319540318103	-2.4768314340356166	2.5719700697774	0.3188521016860472	-2.683204380070174	0.6611288196081669	1.0205388221008564	-2.4951499521849487	-1.5345201338095973	-0.9787828139444573	-2.1030052570563353	-1.608389484902119	-0.15762067802393487	0.2103154446273564	-1.9239580251319999	-0.7032108080870952	-1.9528782642619835	0.3519525241048933	-0.06541313103875199	1.3287423573618653	1.8901179298809467	1.8048299168035442	1.4246298970109363	0.42048938572024835	-0.6181094796254313	1.2602133948482628	-0.50943638038127	1.191697190824126	0.1164336853190646	0.44003023842546085
DTXSID4029690	-0.5098870183946147	-4.100478884215376	-10.070623964508982	7.023893177715818	4.304942077742687	-1.6018453915433644	-7.627427141892148	1.3695372477522283	1.22896190322604	-1.8536250216053551	4.3472358585355355	0.525891392622702	2.401102168068813	-6.332027393409903	-1.2771960551502524	2.734702034641061	-4.620638238360464	-4.043569690891724	2.1299578616764774	6.085643012219851	-1.8156327524449623	0.7150705336541735	-0.7731212134910875	-1.134654963689614	2.8110439320778267	-3.942937172478532	3.8364090499498524	0.45382314199580603	2.7113069059342276	-2.4562123445990585	2.400666581891999	0.7677160238177915	-2.509423712976777	-1.8111093562237301	1.5687364127677152	2.534829436315601	0.5721705656209772	-0.481196605676186	0.9014076884111983	-3.1579436814287623	0.7869652198840429	0.6997373388684809	-0.10575603173419042	2.2312871938173715	0.07206781613681754	-1.7932903899106105	2.525770418353607	-0.9323573301925212	1.2168809312643054	0.921953051571486	-1.9657610503139649	1.2375047450115677	-2.278357736496666	1.1867297005538435	-0.7427450100739188	1.646121254445981	1.2163585774680634	-2.1265585605149577	-4.581083380420153	-2.0380337681755836	3.6427167620494463	0.7600430501601635	-2.776711898438753	-2.058257720237553	1.5207570067199045	-0.9630723278539567	-1.3054466823234179	-1.1858153249780534	-0.8225740460250206	2.2060898524670884	-0.2962674125575077	-1.094506759987515	-0.9847534636305774	1.7886683650249577	-0.8749217939127588	-1.0672937218345562	5.787744602941211	-6.642244318811781	-0.7566131472910901	4.1975062848065665	-3.5534445885786483	-2.418547059061148	-2.1654966630471684	-4.5134004051110255	1.4121627575839948	1.4277234375487702	-4.6881316401460875	0.5297761583512988	1.295242505501355	-1.1026080872121549	0.5427192887186457	0.7165639951712381	-0.06815413168832307	0.6270264862705888	2.776088229022821	2.465303938862151	-2.008276186353216	-0.7001162513266961	0.3810700325743139	0.9107851136495356
DTXSID5029265	0.7508985383306254	-1.94389116971865	-3.3090089100975155	2.5555784881383357	-0.7728165065955793	1.7776949235458042	0.17794400405363223	-0.18360837375846586	0.7292705331829545	0.7788825152664348	3.0723336091193323	0.459559006918067	1.026561933416372	1.118223684909575	-0.44616622888654367	0.3031872213533206	3.730255089945285	-0.17591248000764484	-0.7900631789409726	-1.6376251038396603	0.8235522711745242	-1.2543050947648715	1.4398510455392348	-1.1956820226184088	0.08934610595199895	0.40473234696860105	1.4590717335642172	0.8104437422460259	-0.6805658918948728	-0.17670191218981351	1.341690715195336	-0.047178741813206485	0.4757705646816805	-0.44064155290030543	0.41391835021497053	-0.2981539299531518	-0.19069264424501942	-1.3309886394633486	-0.47551418433600234	1.6790324502702454	0.7479079102134362	0.42062683667790685	-0.070116586337781	1.2904281406166223	-0.1690389819798185	-1.389591506896256	-0.2815396416815618	-2.2859771586087536	-0.9915543886937064	-1.81722483573871	-2.0296312062510484	0.15994078928041697	-1.3375213455539972	0.03739273623150513	-0.39663444763585237	-0.881791386528137	0.8439202293393271	0.515756145251026	-0.824114606486833	-0.36090527374669884	-0.835939123369115	0.7506796297576428	1.831290321863004	0.6350326920546326	0.5394595039460609	0.027766268683153076	0.06130594445799983	0.4660505850764256	0.22352332787082255	0.07429083745691244	0.7160195095740083	0.3809882522805997	-0.16060365075301972	0.20357014975973356	1.0964697849285008	-0.2856692389189572	-0.6082928664779352	0.3589585610429319	0.008276540485029064	-0.3781881936250723	0.016581891866008645	-0.4905583180471413	-0.23154730514350735	-0.10494752972856879	0.7076655668039451	0.0812738434387301	-0.18549281665262213	-0.4977616804261528	0.5701181150547009	0.021779571942201387	0.18950782033411265	-0.09742334509871431	0.1717041644302545	-0.17548898948293354	-0.28785066010916815	0.030670598107664693	0.1255258239331155	0.3225481520560903	0.21637322120471975	-0.2651193670804282
DTXSID5023792	-6.4287725261972914	0.5508965791953907	-0.8336460899622572	2.518972177151863	-1.9321411867129779	0.7747249993552965	0.6820760894513115	-0.9440781005690508	6.354738751712715	2.171757947897335	-4.344075693885123	-2.9650904402299743	-0.34742113396346835	-0.8781952993350788	1.8718834930423647	0.22386463285833755	0.3519175868988357	1.0713015254361051	-0.9116715926127362	1.4953173625734002	-0.4261754622553513	0.38487954095816734	0.12351343810901014	0.4375120364017536	-1.1321901904790597	1.2735393171957037	-0.2484675965204613	0.17124900317141217	0.1634524086850743	-0.5465762089318512	0.5069366584974699	0.11587700079404802	-0.7688715587473771	0.9036139808842077	0.061603417771350456	0.5383069951293482	0.12006180755504514	0.2498142431411418	-0.23376358473619213	-0.6897118956186474	0.13018981000116495	0.3753319893790004	-0.3210925263765569	-0.14218265288153437	0.48242261414354703	0.7126709884402627	0.4107479247493454	0.30642190781616846	-0.1569299179806638	0.06919144392605361	0.12745355100482333	0.8253945589599908	-0.74231995888967	-0.037499685431812986	-0.5511699405563962	0.13391930752101122	0.46418003679848713	0.2726705249553411	0.15006946580886293	-0.1794928812222159	0.6437374588651363	-0.6546569637749067	-0.6128765174869988	0.19214133374747686	-0.34287887129005395	-0.014151519734576047	-0.42247494288794624	0.21897209192716288	0.4402000833868347	-0.5765112804691908	0.2231112197058385	-0.05792425333150927	-0.2951362416525042	-0.19857857614814328	-0.36311000009588845	0.33120854308688563	0.28244636429249703	-0.32614181239185597	0.2023925519066448	-0.18643805162062022	0.0633515040711062	0.08837556071612723	-0.004796536860567126	-0.28104679551485984	-0.057986134614699904	-0.3801729222308808	0.08127835243110201	0.21454260090100688	0.07806010881882357	0.002398457332824621	-0.02994564064237401	-0.14447826916721102	-0.4400652601991148	-0.0560300681959937	-0.01580031819106468	0.04172664531467205	0.03217933864854904	0.18943255151749733	-0.123276697193147	0.24996800058895377
DTXSID8021141	-6.655087386456038	-1.9358703435998528	0.21747370413950132	1.7715573087146461	0.24290238055474556	3.054023262472838	-3.5116696819752136	4.781365033824311	-1.5883343977032691	1.9080801453616962	-1.0900787103632301	2.3147638545992857	-0.6880211346171273	2.258802695752945	-1.7373536482553558	1.3768257040058112	-0.5741614549569831	0.2569188851804788	-0.180837961511271	0.7060734150890677	-0.282828259988711	-0.47807704691107783	-1.2672521982431835	0.691910255489679	1.725466054876229	-0.5823300365743836	-0.5565178732488171	-0.5256824362355418	0.6169334972911894	-0.4280367089914164	0.8963191847692483	0.3157011619146662	-1.2976806563193426	0.5402329024298039	-0.22572246348838654	-0.48076773986039884	1.0222591008089832	-0.824156328794348	-0.022098985685725464	-0.16544903926049376	-0.5326886969824995	0.14574899149848072	0.4256989606291787	0.17205727450109357	-0.14423848243721915	-0.18775874584676966	0.9543749462555605	0.6219164454059389	-1.3024130061279036	0.46700072949436056	0.32477108137897515	0.07333093990072025	0.39856782464069157	-0.09237951027542111	-0.9862109492053626	0.4977226218678887	-1.2165124966897984	-0.0825490771115681	0.5424079174408426	0.3600742137266291	-0.4290217632353086	0.28930895213625546	-0.7057073440966589	0.00415926922043212	-0.17032917009570706	-0.7185717509984338	-0.48094080877128625	-0.5377458596466758	0.5847726859825152	0.20863159683173776	-0.17467190857271275	0.18396656333102748	0.02028562263189532	0.8331538758598217	-0.6842545460380921	1.0372276683892694	0.9095678193773533	0.016033941584357454	0.21639180534872715	-0.11832177918694263	-0.33598532154926597	0.6110126400360887	0.27103418467200746	-1.094356592840343	-0.2125611941609016	-0.20445791888575493	0.16230500532732925	0.27731529594018617	-0.4884120668338577	-0.03798359935698085	-0.22528915007614145	-0.3029041605188685	0.4027285492613497	-0.3476972415672862	0.22303390752002802	-0.5970704215579525	-0.2715956428057998	0.14325953732745705	0.38088675985337667	0.004525441880974683
DTXSID3023712	1.356829436979859	-5.191292477676795	-0.5138079125317497	1.931376920102237	-0.029015027746649914	2.0200071806780096	0.8614401929262596	8.39702717824383	2.775446205350422	-0.8020083247941153	4.4955945195582325	3.237774107117674	-1.8021708647416081	2.190580401521684	-1.7512647407747233	1.618706878969805	3.3985047807863356	-2.3170266943704667	1.3063609943958858	-0.5423542918312305	0.5504452696767309	-0.6290374703550353	1.8859040362386719	-1.5878834657615124	0.749528453499589	0.479165081574667	1.3086858001846444	0.533734494850907	-1.6865410702078056	0.11505998319788958	-0.2855628259428393	0.47299938011776227	0.16015575091086515	-0.268030881094207	0.7727486121099698	0.4431858882299603	-1.0274220890098533	-1.7696483832262087	0.1269764527972933	-0.23979989583683092	-0.27652139362142797	0.3321700361558203	1.1569568259206289	1.3515847396717728	-0.46589774004361517	-0.39029172179152044	-0.3589038372927956	-0.5997229199770031	-0.26986129918657403	-1.4487363360794614	-0.27905005994621845	0.09424321163395157	-0.7227214657241195	-0.649277264090548	0.8341081143671396	-1.4208545255472766	1.1771848168846268	0.9106409052085545	1.3531702644961898	-0.7553573512895768	-0.08351582010355353	0.042380826179519326	-0.3450341432270191	2.2718111727291004	-1.1587931652040515	-0.18291925194912081	-1.0586903973819117	1.34450691831056	-0.3824609022236704	-0.6607068899979986	-0.21114283606814865	-0.36771820205003425	0.5368455821810104	0.8111457444651506	-1.2557072876259854	-0.4244149748708606	-0.3914357847638979	-0.05641749784579911	0.25432918472672306	-0.5028836524894842	-0.3840665314176516	-0.20449177646371008	0.1362827754213513	0.14810407025210376	0.44542424692291765	0.11303482737981052	0.3065465291979679	0.13038423440923708	0.6855460678319215	-1.0610705310689177	0.14767697457629916	0.42672515512801173	0.17770668936836168	0.3651206916393253	0.5922836667380788	-0.1517014187299441	-0.27056705668839026	0.20669542971226598	0.4010081748835287	0.24376688320873116
DTXSID9045633	15.69904959469644	9.397844976945542	-0.9142691804650255	3.5942279831273343	-1.7404753826990957	-0.47776453638270017	-3.0952892912966403	-0.42731800787726926	0.8345177278249517	-0.5606060098305977	0.5934006550335625	0.39029585639916703	1.73300772526722	1.2974923893456847	-1.9498652425059202	0.4806468008906962	1.6954340288252563	1.4580835970990904	-3.074556337233848	-0.9523414616852494	-0.6139777174520973	0.24542226328005795	-0.33499471532957026	0.04622173868071285	0.7393741334462044	0.2763958830612359	-0.03627021355006159	1.2811190876415983	-0.7682752073206288	-0.6366607159328767	-0.9392640204593221	-0.7301057985221894	0.30871202419499766	0.7994093702132182	0.340400270947562	-0.3109675308434009	0.3504605323994697	0.7014216097248144	-0.19080057779043805	1.1816803094031172	0.603089047237611	0.09234454671345854	-0.5614334894413259	-0.8777660238751105	-0.013516410352421876	-0.21510946166453937	-1.1599984361924318	-0.24383414093959443	0.24634570748714055	0.2296244923723904	-1.1887522086296256	0.2719591160946698	-0.5680674069626417	0.3002673240544796	-0.4242025442278906	-0.7508915825597691	0.29833373919055245	-0.7782900938372169	0.6992046472349059	0.7678588584996059	0.15814200743299256	0.18239353779221773	-0.14537657326522552	-0.5466669474661047	-0.6176616543050303	0.2737062798169505	-0.7717481573127318	-0.2367996762059571	0.8396969716436343	-0.09863652656389393	-0.9296934682162686	-0.31402283175239826	0.15977736639995932	0.13943738919183546	-0.9895581446102575	-0.1362201597540902	0.38785809924661324	-0.1390782416180911	-0.6926021679195907	0.17964440718680694	-0.09017033740643557	-0.8367754571215714	-0.1991611603892687	-0.21075702577603772	-0.7927176715700693	0.16311490745658447	-0.3765005953715578	0.07300238393557691	-0.07089959692542347	-0.33616444402241574	0.08096466881402194	0.9651222580690768	0.19177307517380704	0.7974728585708549	0.39482652761852477	0.64914765763229	0.23452055993263626	0.5970697212643449	0.296059045327436	-0.5288480297489778
DTXSID70537191	-5.164471366963728	-1.5139046190377496	-5.284176601118729	1.322616182289507	-1.8822142563726785	-0.14130981002562876	-3.3295500464342673	-3.8376713810019436	-0.04758305610015418	-1.8007428846895692	-1.7265434489227158	6.7034713143013365	-1.3648237628111597	-1.6935729108840891	1.407052909828852	-1.9600426328331715	-0.31273244774827297	-4.132237781669883	0.9325424691535248	2.7380424862079584	-1.6648198096532605	-0.8303141823102759	-0.9652394530625388	0.35767213772695217	-1.0621181386578364	2.737488178792601	0.6509257956374359	-0.08785000468898126	-2.1714465370702336	-1.1145797021409531	0.6698545753050047	0.6821242599721734	-1.4138495605088954	1.229243572584726	-0.03415251327379858	1.0023887209433964	1.2354147495122798	0.2557993646817979	-0.23269548876934906	1.1904837783812454	-1.1687042653350197	0.57280196032101	-0.36796887992599336	0.1486655543814252	0.6520211375113145	-0.1164670476578014	-1.1944734772471493	0.41242977502387634	-0.3968846907724195	-0.5956542642517375	-1.5958233412042402	-0.4818961782656948	0.7106873473967803	-0.4673586688724975	0.2241111785907136	-0.3639579463815136	-0.0873059946434486	1.1611845223208463	-0.5336750579545922	-0.8107967402788616	-0.726443265745382	-0.3721131449766534	0.2551118469648525	1.4739328260498812	1.0125512989247896	1.043941017822515	-0.4876797847059114	1.0648238695625467	-0.6207709746401303	0.6290639338305036	-0.8689712532726547	-1.473898433791929	0.7617498056755168	-0.2836754355343754	-1.368322625169041	-0.2774319579111048	-0.047399418908872226	-0.17454713182131043	-0.16942395992430956	-0.40521443481137037	0.222146878652364	1.240725582934577	-0.23681510058163585	-1.0460876231244827	0.27832772728007	-0.6802025477433405	-0.9257275287241037	1.0703869494750027	0.2502912064807571	-0.8443896051091797	0.018309722537461208	1.1959228999339961	-0.40772064511898476	0.49440147104997845	-0.10033624113075536	0.5866779448332581	-0.5951435432726971	-0.9603386689975573	0.005191236565504147	-0.12051688585194743
DTXSID1024966	-7.232763704693477	-0.7164777289890978	-0.6357406287590289	-0.19854567307449827	-1.7067143451270383	0.502959910921576	-1.8043600721721824	1.3909215651102762	-1.1624610294257696	2.280387084475897	-0.40948766477208	0.6659156658119606	0.24663999177330465	2.2945247149308163	-1.0136832301037617	0.3116129482727847	0.24276958930254602	0.7938956385719245	1.244828135912734	0.05600748040937393	0.206900285823843	1.1032634572147535	0.34053197851072703	0.6039215836129544	-0.37916950885704387	0.004520777430963943	0.34326113854233176	0.19816105487914612	0.16892981606272572	0.7466062339673158	-0.04475424215081591	-0.2705497849449548	0.3465382708054438	-0.02296432493293395	-0.03822548625191675	-0.12735397672045093	-0.08479182676680666	-0.14932733203937712	0.33694300581519054	-0.018170880826532797	-0.030549831732117887	-0.34355268218264756	0.18085003426476695	-0.026871600082180553	0.20404760728205393	-0.1776949749660335	0.0225970661489745	0.3295051008348262	0.6573157507723457	-0.6340904799168212	-0.6819642526862408	-0.2799218659287881	0.9837422758770128	0.2134489527580883	-0.10804694916722553	0.19714731112228495	0.1226145889397278	0.12008669887752271	-0.10568287691088163	0.11751149213842751	0.03930832331987011	-0.1262035685391127	0.01164003626288548	-0.2262882550759421	-0.2740284148237814	-0.23431692521481182	-0.16939662473925124	0.022439215230553863	-0.4305602333742369	0.3527998494047063	-0.1183132053839993	-0.1558858801244588	-0.30933193790309327	0.16367186176130566	0.015420783251650257	-0.18618124060085312	0.1793620344852115	0.39672017904939905	0.021948787027718252	-0.004505997498769446	-0.07529571683563008	-0.17096858054495404	-0.04870494634955137	0.1939895761414921	-0.032312031948307104	-0.08158820395591308	0.07293487380845087	-0.14669681557427433	-0.030563245621222458	-0.033581886633645565	0.13584004656267015	-0.2708739469016963	-0.06127591422291247	0.07960706320638784	-0.03634270132661382	-0.14295420391368147	0.13944225877650246	-0.09534367515890237	0.0988856097808343	-0.05296087751294406
DTXSID1020437	-9.899382235143184	2.1903372816077513	-3.9259602585693583	-0.24134307860341275	0.4646938580123151	-1.1485283474312833	-1.430481032135865	-0.7991295268089262	-2.037811251193489	1.5044093180525546	-0.8583939756507133	1.2175568414889595	0.33719213812169274	0.7576433250960991	0.4942707156682482	-0.4388397683240042	-0.009598215549706416	-0.7069360178344535	0.29242227532349135	0.4384262262244634	-0.400059116159654	-0.4659567442847609	-1.4596440008564155	0.6487776629862462	0.38698054447276165	0.4063100073242569	-0.7259768220333344	-1.4934652980289327	-0.04432439878372854	-0.737882973683836	2.440067209967602	0.30845104963814435	-0.7975330614144375	0.5212593435391553	-0.511907108916503	0.39192722820782405	1.4444196658240915	0.285706831109661	-0.4699648911437362	-0.508378234945909	-0.18669233734200502	1.2172360040446295	-0.08280251054666515	-0.14867918907927338	-0.12214043567882206	0.028224752509875363	0.7627705732815234	0.22064992362192143	-1.2523568268420486	-0.2358727459530185	-0.03791823592209841	-0.17412380971285749	-0.5592572808853398	-0.27292354248482126	-1.174177488553741	0.11516329845624627	-0.6557615608578917	-0.8628512283951699	-0.18185381401801112	-0.013346030320995598	0.6137641704727326	0.33820678347549515	-0.5554122618291978	0.10037231110351959	0.004428148357166668	-0.5944326288890518	-0.5203841955354284	0.5255843743889632	0.6299972380754915	0.7439671630281991	0.2241941508260071	-0.2816505686642608	1.0055966945688124	-0.22020146167241939	-0.3452130034184957	0.6089322360825815	-0.3065409410341737	0.8630965986135969	-0.6541766254037297	-0.5806194477949443	0.23454888116918848	0.2251605497718377	0.6214101822127489	0.8040492372151371	-0.8287661338545544	-0.04663144654998261	0.047009551152462636	0.1674056738749685	-0.6562891779296123	-0.5893874374339236	0.01421053757011338	0.7290976738650228	-0.3180043638984764	0.20926310163729786	0.2288677338712621	0.33759439732460117	0.5281069896877876	0.05865039490666489	-0.020960717821234848	0.47598444582612764
DTXSID0048892	-0.8028031563181885	0.5205982187776543	-0.4625379124584584	-0.032153487901680294	0.41096279866970814	-0.07736101776789689	1.783455631259615	1.480510336833134	-0.13018174954515974	-0.10275408552887082	1.9824873664005027	0.3544848455498013	0.5485230093758336	0.3008236208292625	0.5622515092749198	-0.9203987846345602	-0.1289593824362251	-1.3780430714423224	1.0994667811003702	-0.804699805399717	-0.4916317759729342	-0.9696801086180076	0.043978660625922684	-0.4086329643057527	-0.24552807756536993	0.6502428471483608	1.4665242383205315	-2.5476098526198436	-1.6887989570999467	1.7199246047808434	0.48950759147357853	-0.335749266105758	0.038679325745828795	-0.03140893758877737	-0.4829219694730967	-1.1102357614125822	0.9267144131439088	0.08477237148062364	2.0847495731149803	-0.9701370164293159	0.760507058066472	0.3597796846895155	-0.32769055264856156	-0.3443534996456692	0.8841154563096895	0.2255630207780302	0.531553180842109	0.4459939495965072	-0.3094430461203758	-2.382436077674	0.784926554065869	-0.6655360525215362	-1.6208399697146927	2.5702714536635756	-1.1052412440845312	0.42474213369937425	-0.37833984047124797	-0.7557775342395949	0.8052111635466179	-1.293001858293746	-0.03348751805599883	2.4128266417383224	-1.7576593299289076	-0.3579347882982388	0.9922152034846224	0.5538013701124871	-0.9545871384089538	-0.8475514025254482	-0.4514933024371347	-0.13872764553006867	0.6893498814983716	0.032919579228177495	-0.8663617960825155	-0.24697437300887404	-1.306165323233707	1.4783783795699483	0.5383733909514232	-1.755207932890858	1.2361544104888775	0.006647091958605607	0.4057886046862326	0.8551790186832883	0.4003604745442814	-0.7953187162905418	0.1410106890184765	0.9265356553045087	0.4854355138460857	1.1564755821673547	-0.3970796938248545	-0.3861817623217743	0.40924987220721165	-0.9526488984498115	0.4137122990323796	0.3845155489717267	-0.2856365492739918	-0.06193697314714987	0.2623155501064571	0.008900138999988044	-1.3764655484572283	0.017953668776686717
DTXSID3021069	6.087377251879637	10.613991586866984	2.2416047003599457	-0.02129520628040343	-2.8491282600165135	-0.13686204552027254	-2.27603920661862	1.506347335527171	0.05250916206374413	0.38087375874385465	0.5735777492812534	-1.000303394915419	-0.8548404818920967	0.6533540355201739	1.7413503333092561	-0.4044371850215093	1.4984552520142178	-0.875685786064837	0.9657877187879659	-0.3150257641181028	2.032829546679006	-0.706398745133936	-1.0403690956788951	-0.9674790800238786	1.6604827953533907	-1.3710907322171086	-0.4255161661876134	-0.33099092109051526	0.19866269764055147	0.13145620104760225	0.3820464306866522	0.6286102846962277	0.49740730402806305	1.913443007012973	0.34483588943292504	-1.1780481634923368	0.12408109591063436	0.6944421455563927	-0.8074188983798012	0.21930968923530322	-0.21608178348513463	-0.15493660608798066	0.269097351541809	-0.9386913809383152	0.24057176404511685	1.0754137224007188	1.127846841678877	0.49864081301911006	-0.39217115591160434	-1.405590945927396	-0.6018728465517788	1.0780524050507556	0.7934265096373917	-0.6162041855427505	-0.6151697343044336	-0.9336388394771509	0.2958450231120311	0.2308408005258735	-1.6500780967038147	-0.037882968418426234	0.36504523322812854	0.08808698412149507	1.4707925568877867	-0.5669999371114096	0.09571448553828579	-0.17749098694502982	-0.6753604339326352	0.367973332546744	0.6577708354459225	-0.07260184667217086	0.6792705706352076	-0.49210793518447454	-0.09109193855086536	-0.17540866976032882	0.9053909720276413	-0.46763722020410636	-0.2956252489108879	-0.0507223627013373	0.4257993150113367	0.04811288778282616	0.0510816331042331	0.041015703097376906	-0.3009854876727876	-0.4299871267323274	1.0453925858141975	-0.4590327790254495	-0.48882884724201797	0.4275328155607926	0.37297750132834184	-0.08411709843570317	0.3622574501085174	0.303938728802546	-0.04971013494500884	-0.3665677389896824	0.004442017466350553	-0.7634549283225303	0.3430358628916283	-0.12303227095400603	-0.11773214342677189	0.12386236334092027
DTXSID6022557	-5.077303729466024	-1.841522155232742	-1.8668036085868203	-0.2433576981568617	-4.610027474301997	-3.359293545363457	2.905829364895086	6.206503730376084	0.3079562023320869	-5.5501943157794615	-2.5957605220094457	1.689627874306939	2.9231618161095527	-0.5391262363848122	0.956635881033369	0.22380176038868463	1.4192563538706635	5.022293701319083	3.687831018667792	3.0206309427812075	-6.668748275341635	-4.8643571809263	5.938410166352194	2.2113059437921256	6.989108098114104	-1.060207208206478	-1.6211540091811818	-0.5342836664163721	0.4241273392627254	2.0372668029535044	-2.7479966756678658	2.1647891252657065	1.115084597188023	4.287778485796791	1.2252043055776356	-2.8808506289752924	-5.276938073561557	5.9085942313361475	1.07588245381983	-4.084230250650624	-4.517793368789755	4.794340409262293	6.531323842629339	6.834572414153317	-1.6937292131612474	-6.088560442084608	-2.147953365763365	-0.43106319757503964	1.2965355098641267	-1.3029040722565643	-0.556567033788116	1.8578428046416835	0.050438855270284834	-0.7902928491939283	-1.7752265887577283	-1.0442674467358286	-0.11299426281847744	-1.3789972991374642	1.7960905841171613	1.566111973095767	-0.7847588526588154	0.31122793950100913	0.4777433804987938	-1.1903258921050444	0.12252294377058039	1.5259721796374919	-1.3246527417234766	1.5919450587925938	-1.4147940667687797	1.9014945466333775	-1.0447500061682935	0.20906394825707708	-1.826745528395301	-1.6241645685934125	0.8340885405657549	0.3199214422531452	-1.4327123097740422	0.16249808996164314	1.4765458215657592	-0.6729999782249267	-0.7437430875491722	1.5558170952596226	-0.17395638419153064	0.6867158553247509	-3.03998525030865	0.5707439664143725	-0.9389671429193224	-0.03935057383396696	-0.8957042221631732	-0.3351779789054039	-0.4154413781565333	-0.2829356699264789	0.8537217263901659	-1.5348432910794474	0.6104263657966283	-0.42869804351681695	1.0846037677986913	0.4034713889714386	0.4704189273248845	-0.9468502590653977
DTXSID4021761	-9.079272293871119	2.7468054528614188	-2.5882527476561132	3.248550051122388	0.03968289824477157	0.6962862834958782	-0.2195015338420206	2.6475564915827965	0.29073212315048536	-0.16861330741379718	0.297602372099233	1.35471979687373	0.4480270111140345	1.688441366858939	-0.2126930923440187	0.6075519081613697	-1.1977782850880094	-0.0831761114001478	1.060359514703615	0.15405729645474	-1.122940189725685	0.8324862012032971	-0.5257419813041061	0.5097438162308899	-0.06850609095067937	-1.1133383502471053	0.20539724130650838	-1.1228193335292644	-0.5782789957383923	0.22036365257312882	-0.12441881638046169	0.29078168000896676	0.06024639154926798	-0.22891082979440447	0.01244507337641866	0.6030787055422306	0.4289102091094928	0.33876612491698876	0.5463708911672975	0.17879595530575948	-0.3986458369381464	-0.27545421434857015	0.04344705785482968	0.310618377447241	-0.21764993671773353	-0.779408173057758	-0.46445383128107903	1.0446417774899155	0.15328010043859058	-0.317499862183733	0.209970947296534	0.29958689447425396	0.7207448520918294	-0.18433164752852946	-0.35879550837383817	0.07527384592148592	-0.3034023382147019	-0.9313508510781591	-0.46449663521140894	-0.5582365734690025	-0.5411678340088679	-0.3017670087496133	-0.43969558339963705	0.2810530505875343	0.06232056362416635	-0.22938384626099298	0.35263127501063646	0.4820626558464936	-0.6738036517337376	0.9547907599418539	-0.6846187938825761	-1.0483555417706718	0.20923383512382168	-0.0468928678413625	-0.4679574974534359	-0.09424881921106985	-0.7540096109321885	0.04071282941418292	-0.7673186954750572	0.13310174066097308	-0.04783181368720684	-0.5618064367911442	-0.022860838366848067	0.1061349353939252	0.31506283244615757	-1.1705211317508526	-0.16284906263372637	0.9983709098803258	-0.25932703578456257	-0.32728546803425324	0.516606594024737	0.20710836751691833	-0.45743626371511104	0.04108582378536674	-1.0071114826368583	0.32379208303918133	-0.4351359057052602	0.35157600257725535	-1.4933144399424225	0.6864040025354168
DTXSID1048708	-0.12023377807615124	-1.3408862051424664	1.7433531799497348	-2.4507987111819496	-0.8460749667078876	1.7162418678433342	2.4492306482395874	0.9387867003335417	0.20547635391348273	1.3977044321251757	-1.5246306930338354	-0.1218313644725793	3.049598432767018	1.2484285054944162	0.08490778149199696	-0.5842673560496294	-0.7918953786258472	-1.551918998020806	0.013945508145031841	-0.5095070788465608	2.0382826077879583	-0.17938575985205107	0.49511431943333467	2.3094047053069335	0.9644606006692888	1.0582215856535122	1.3795721682550248	-1.3901631104704637	-1.248827629081165	1.0326511379278795	-1.0009647408402726	0.20476810386946206	-0.002371845921729774	0.7925182160771462	0.4019668614635412	-1.9354214377020411	-0.49665392063906505	1.1392132817769336	0.14132605166121062	0.3654372065024487	1.0685850882310328	0.2784860266236652	-0.6742639972774829	-0.45289693331132935	1.4278180162770338	1.1788077527044911	-0.14260397197958508	0.4582209958029568	-1.2274534508501644	-0.8062259406280217	0.6679587337987535	-2.09634250671123	0.43528560644898356	2.798052243437187	0.06685397986957738	0.4339151140793432	-0.9045451144782832	-0.39736652044229004	0.7158721336822299	-1.1519439167567918	-0.24554558054771836	-0.3177422229099549	-0.41218977320709305	-1.258300256816505	2.015869377583245	0.6308544995980184	-0.1990326913834549	-0.24130879095335644	-1.2877032738086942	-0.9230057080481491	0.6387746341573356	0.3201759031013355	-0.4664772098301906	1.6090992642910618	-0.7480065735776766	-1.2340691068546399	1.1269095806582867	-1.0168537822711443	1.017045759565294	-1.0846537973962318	0.7751781398412431	0.29920321264755045	-0.34112273315924985	0.8841891925126167	1.6717039582582125	1.2103177172615436	0.5686324231760201	0.9933372427634136	0.43565841210959255	0.5282560683768104	0.5384743553919408	-0.4183470471575363	0.09482777910166416	0.18777978125183714	-0.17537176466892454	0.480462740097097	0.1595971149823555	0.15828386083545426	-1.522252480333126	-0.2860540640593905
DTXSID9026633	-5.983188722751469	4.911207062961297	-1.5822646195347447	-0.5149633433993727	1.2220558923239844	0.2367300233536049	1.1719420302872383	0.14461030317706727	-0.457564396878901	-0.16050605545555924	-1.132707983625738	0.6932086959241434	0.7297250048346992	-0.24695248367083317	0.10981450639636621	-0.45130373332735657	1.0038975398758367	-1.5151804484130613	0.45672873453429624	0.13131717009746938	0.24903072140385446	-0.4358526088040846	0.4878412121294489	-0.32438723423650173	-0.06176595220935866	0.07273821263860271	-0.26671117947824236	0.09276595353316229	-0.5965103682321186	-1.0802413209941102	-0.348367600104058	0.3972334990574276	-0.7914698101715556	0.6928761042337349	0.2605051798831064	-0.08641917193429535	-0.4705230849125386	-0.3640803197133743	0.14554324114958253	0.013704961567871135	0.26455559556407277	0.5982958230118322	-0.1640743102090532	-0.10893884015937078	0.564890531680228	-0.16445385040611502	-0.5968235234956951	0.442359449492687	-0.684421253346724	0.44234914140195253	0.5180927323076554	0.04670103964586742	0.21665242056395778	0.2945428412171671	0.9294351869463929	0.26749104967232445	-0.2871165936315618	0.25732203514870333	-0.09467487713914699	0.09139937420954272	-0.7452754581444436	0.21852002327841047	-0.7055082780550868	0.26293006438304733	-0.004626617746947299	-0.09206544216633267	0.3019679510147631	0.3485627301789942	-0.40743065493021013	0.37990289962068596	-0.19456975468931914	-0.08616987428755597	0.13564723514556018	-0.4428437934570127	0.6409357786472558	-0.3128720437384838	-0.15763860884751313	0.5204662030719781	-0.5045132947813386	0.07936944586738176	0.7090906358866066	-0.4092813960863319	1.4904617844283599	-0.15267425542752266	0.08384670886743205	-0.789553495784683	-0.1964064983061166	0.20045896747595807	-0.3067380973166378	-0.06892199009588501	-0.3263950183692021	0.4387322054970094	-0.26879476131473545	-0.056675650136869656	0.1460189791955966	0.028935418943883264	-0.05058812785126027	0.05485328567064406	0.26677295583001753	-0.236287714467147
DTXSID8041959	-6.282593448699065	0.4374068247119542	-4.921240904551267	1.9982977223817822	-1.4932876715769232	0.04495093626994984	-1.2256657477490667	-3.3089017270690695	0.6385867661176928	-1.3457547629610436	-0.08657081670855087	3.934389493598596	0.20028168774026942	-0.1612625470687512	0.9053363588263986	-1.6423251836649273	-0.5899375476362082	-1.7476488675882877	0.6031902668973437	2.0100719394102957	-1.2224893214564654	0.42058248588544744	-0.5202036417552172	-0.13243720434559264	0.07142835536891669	1.2462289585167499	0.6747454772098894	0.11234198996043754	-1.1643449551052347	-1.1828025480785935	0.03792201644933031	0.38068252346098896	-0.19997689755293027	0.9400042191346738	-0.5230364261368914	-0.2088564660473847	1.188384491835557	0.5764607771892971	0.33105421712737587	0.10492303171557668	-0.3338343276393192	0.0881405828638731	-0.2528655052635992	-0.38741222349335347	0.7693318463947729	-0.15080359062732082	-0.5454023329935794	0.2678423368263239	0.21664708568041569	0.44924379120067187	-0.9963862798721043	-0.28337192069069445	0.38165419120057226	-0.33872605831794783	0.3105395774891324	-0.06718702166695205	-0.5799924167136388	0.3614797278585735	-0.5051980651566816	0.375005344000154	-0.10279531419099149	0.5306722800965906	0.5810761053932644	-0.111957054340318	-0.23309846731056874	0.25978284805767815	-0.6266627320591083	0.21460244758442487	-0.13725535186598012	0.3424519565266586	-1.0035326157499416	-0.45331578936210287	0.5399146934854423	-0.4811486495154854	-0.7200490827631111	-0.16163134924440084	-0.4863822579877532	-0.22380150651201947	-0.26120028591354627	-0.1742852911604878	0.2599090053728904	0.2809643781789923	0.32891603458306573	-0.23313462729196432	0.07254703985153335	-0.24898869390619938	-0.3561777370776216	-0.00239418240403094	-0.43212598076135805	0.22378782538786704	0.35509478545389367	0.3327900523711006	-0.5369301796237854	-0.023459877421467924	-0.09820812795241574	0.21985493161958525	-0.3511947374156031	-0.11620751561667164	-0.044390853349048895	0.012025683350076737
DTXSID9034818	2.068352671043776	-3.3332320101854678	-5.173238080114933	-2.686328470590541	-2.239883696984679	-5.02230031911258	1.344764199637759	2.5029093116768637	1.0300892216988853	-0.6335549844221132	-0.2366377596382792	-1.8374265589713796	0.8818853874768727	0.058370955184386286	-4.024614078056664	-3.2597889127898894	1.170679470034249	-1.559093618567117	1.287222701836787	0.8314269510152709	0.8844596999426606	1.3421227519538839	-0.01807326611110876	-1.8962337670761784	3.7802833031337046	-0.16544703066457528	2.0837065761703566	2.377761048977954	-0.2723030631267168	2.3599972451739197	-3.8360942564034413	-2.382361204073414	5.137370242624434	-4.164122031090289	-2.4363453017777688	3.584262006258429	0.6174337887222279	2.1871084297414276	-4.802766674336168	0.34320723381129803	-4.832611557784678	-0.5876429040053788	1.8739141372037127	3.3252766280455495	6.794633766177676	0.003652499949378184	-0.22914379966571993	8.448718151432477	-4.782438621191261	3.868637424820113	0.9297553966727156	1.8506184349874055	-4.764025860272391	1.1836751883259027	-0.044377686337685913	0.5451761565311093	1.4089923689052293	1.9475951187248954	-2.0833951296601625	1.7477046912808119	-2.706174872492373	0.4413002871463785	-1.046560967281666	1.0275701906352734	1.3211183547587746	0.2721776642738768	-0.12103435525523411	-0.945769198768095	0.6852703533615678	-0.6570402505514636	0.49595195160208344	-1.1196134314776915	0.8354714035984611	0.5569660036958155	0.12715484243877875	0.134152703926157	-1.7113459377199987	-0.686449440998686	0.5968036656580161	0.5322444723865062	-0.9195725497141253	0.7870011308627032	0.283805721506702	-0.6017295065362104	-0.4704947874463023	-0.6145178774869158	-0.4554259542447931	1.2862430048797873	0.07417635085267928	0.20021549512510126	0.1401667017328582	-0.471107530621519	0.0657861331383289	-0.3768086798507904	0.8201496662626933	0.045748692913885836	-0.5646783183124445	-0.2077134311708319	0.22938148406634207	0.09974002926476094
DTXSID2020428	-7.91952058623638	0.4878039810888916	-3.854469573811469	2.3749129214053584	0.34533682385253484	-1.5563249436993503	-1.209561464761189	-1.6905636927866379	-1.895924714593278	-1.9910743974875438	-2.2796103775180017	-1.1490747361500522	0.8825116596079295	5.107265765891119	-0.5282205225176955	-1.6630318846867078	-1.0733265546061026	-0.8818863364577398	2.7493969034762253	1.122818373168828	0.48623245210560956	-0.38203657037643907	0.33709858184329594	-0.6071962349198767	-1.2634227805311984	0.2500323183265259	-0.17124723190246	-0.4573129098155922	-0.8109041326166389	-0.8085312191382754	1.172314131090358	0.16028561752880813	-0.997098261759461	0.10411307257484603	-0.5851438682372355	1.0026579733830885	0.2488032371071627	1.2459464546590595	0.04000286535625189	0.1313885824914764	-0.007765194807498001	0.9910282380737376	-0.39726369717319293	-0.6160550812525682	0.31995740947284274	-0.4804592988390878	-0.3670982379201616	-0.7329919392251989	0.35024837321446556	-0.3615051129572974	-0.7436177154224721	-0.3658969277832487	-0.5930024199904667	0.1353166078308145	0.00889787580143586	0.24319828876423472	0.07402468648213262	-0.34346991124554743	-1.0752283372784177	-0.1157644704125024	0.652977576990737	-0.736457367433909	0.2028103318825585	0.4320852490808355	-0.007893585926427828	-0.022111872167564342	-0.8353474126925305	0.7234058176206642	1.0402776196936432	-0.2886128850048497	-0.07204924666468844	-0.9586581155198216	0.6282821476793079	-0.6087688689427911	-0.21709126059530182	-0.5830551845499545	-0.3978504295608093	-0.30300751490121663	0.1543987914630975	-0.3480538030284605	-0.6584776411760281	0.07938240982471204	0.284648308582938	-0.06713568027591413	-0.5493946281556208	-0.4995312924328198	-0.18142390295749697	0.3476446075450307	0.17798468693216618	-0.09145393626510817	-0.08218519707214902	0.46028443437575733	0.010570510530326423	0.04767131562253573	0.5300921303366896	0.5530455681498341	0.3498582590176329	0.15836527918891985	0.35542863944027125	0.1466818974627965
DTXSID0027513	-6.970612038083676	0.34696185487514986	-4.602353341156176	3.4661017049066545	0.7929557000206394	-0.9323596048748894	-2.003950003172586	-0.6110844218055517	0.8036752952972724	-0.6568378931313962	1.316428654051483	0.6104661473754052	1.9956701003916804	-2.044469758245754	0.21357047849623056	0.35148605771993546	-2.048101039081661	-1.4672070322114794	1.7398435987703205	2.402139528317892	-1.338869636320831	1.3094563146148728	-0.3966710100455755	-0.3198748056552078	0.9498137808702881	-1.0903567512787524	0.971760411975751	-0.5003324223396993	1.282688406863405	-0.19348628019883735	1.0503932736322021	0.5594948261224006	-0.4084528446366845	-0.13162461031716072	0.4694909937940872	0.8411611595444518	0.12171971869253534	0.14709552975347023	-0.2153315627304564	-1.0663610847888534	0.5605872132433898	-0.014247044881207	-0.059555074237814414	0.5758685151220039	0.4590356002488073	-0.5804690993125703	0.29554022552494585	0.11449252617219244	0.02049045293584233	-0.23648301675202837	-0.6478456756427915	0.11944808517868033	0.15388591278365735	-0.174890370944352	-0.4973691275332256	0.2990681638788615	0.7140519271549144	-1.142179447181108	-2.2972538705876118	-0.015813651752904574	0.8874736581317704	-0.4326068995948148	-0.8707993352419915	-0.6485264407402103	1.0518071821979504	-0.9870063363708724	-0.6155404169891969	-0.23233570723996774	-0.2739048048236097	1.5012393673971833	-0.11465938373741312	-0.1060262910894995	-0.018813158615527206	0.9598924759810616	-0.614213599080483	-0.1784323783542393	1.2690508402726937	-1.5211687742810704	-0.5487597434104547	0.9456517790568778	-1.330534414716193	-0.6052200610726858	-1.072606808237529	-1.2052832553964798	0.20582885375256257	-0.11427477472939884	-1.2482380223163358	-0.3141079021074171	0.34320300067728393	0.19779157383249116	0.09034599161765189	-0.30293726803052223	-0.10382420484461188	0.5172709881343074	0.8367542704746036	0.5493499413790816	-0.17568565406592002	0.2825732881215988	0.44856531552287354	0.614783853457609
DTXSID0037495	-4.934459929689283	-1.5068328508310476	-4.138917152108834	0.5366179746844579	-2.7655899452387085	-0.8293765072909077	1.4743028142796808	6.475353398817442	0.11508927213714573	-3.03831920031288	-0.595792176628533	1.8956286564202642	-0.005189102899514778	0.663687260479281	-1.4805214298880875	0.9878794104780019	0.0400786568584817	0.410453967828374	0.36951467414812555	0.6566000938811358	0.5371681838592395	-0.6582515105880069	-1.0430136163759738	-0.7063966012667694	-1.1126077814767372	-0.473401880322282	2.2597784542887376	1.2273476126143885	-1.3396663011028935	-0.5080469791355865	-0.675675089506761	0.1497930128778319	-0.1501227648670941	0.009996736210787166	-0.8914304496256011	-0.857453986248467	0.5393787752612136	-0.29309830945823945	1.5067572759234495	-0.5058127904060686	-0.5041180705058458	-0.20003309569124156	0.49742648217918506	-0.3531359395791245	0.08827366615969287	-0.13834173735914812	0.17735259155515912	0.11042311306419114	1.3043423202047593	0.3032651666756433	-0.6376302709864223	-0.14453367095255967	-0.0033713246640818587	1.0049641216135197	0.5379934587124503	-0.6196027792339679	-0.1874303816622785	-0.15543899706843636	0.8673660973883641	0.0008902263387227292	1.1437377600351741	0.5826570291173565	0.8155579400594875	-0.9063715429880598	-0.6867746595603786	-0.7122630230329234	-1.2071647808897938	0.3886323768300332	0.6205694212325592	-0.1655075194092847	0.22055174945257072	-0.42041979398562257	0.010684423751724964	-0.40748658779515573	0.3209895004330206	-0.25741840072752015	0.4041379049351158	0.07862951337093982	-0.2498199719677322	-0.14558982752978392	0.3406121269629629	-0.36758326156777665	-0.20009541896588254	0.21135207197317024	-0.1460840876444737	-0.16457078107846243	0.11589146850460448	0.2951216099881918	-0.2965756044657378	0.03727345741652665	0.16712476158108144	0.11257025232843464	0.15800052227529562	0.46246745762259506	0.18164600991253002	-0.14316638488038633	-0.6216775855204241	0.26586187674345996	-0.13055841562968823	0.11111107167382706
DTXSID0045599	20.895930324617115	-9.951238962551045	-8.092985140869107	9.782070111579195	2.2719370194132282	-0.20662810268429935	2.4127413871506964	6.199666397782574	-1.142442170197536	-9.495434050106633	-3.559076345622461	-7.227462454499826	1.063355683904735	9.219940649958598	-2.874734954644971	1.6091912365389003	-4.430121569941917	-1.2491017106727689	1.6240891263569779	0.11879468245297034	0.19353145686699785	-0.44332762528855907	-2.0650319303239817	-4.625740158205568	6.407512891669229	1.8088407712623096	-1.7546321461829	-1.223003227445646	3.830556788337295	-1.433410157494691	1.6112011716422165	-0.872243929849892	-0.9051905925543459	0.11280124411785451	-4.7466332506632565	2.265507619157504	-1.6359019702742972	-0.3283761379017105	1.314721539614233	0.10100265589620853	-0.7891857542372102	2.3199732732459	0.2308193612043172	2.9194096452115517	-3.4616633076075307	1.0061072190876188	1.1999920076798112	4.583824765148255	1.8964497661730964	2.995429502484465	-1.0066338892255928	-0.5659249624660427	0.08109201971591888	-1.6759055563168408	0.20259470746806146	2.5847053944734495	2.0567794560586066	-1.1369912252665129	-1.1093695848747305	0.7782351265889359	-1.9633309658875284	0.7661711520190766	-2.5771067503762684	1.4918785460348425	-2.198965415189662	-0.2689633193740968	0.31617445339800154	-0.4694186453608647	0.4656279358939221	-0.8537196668920612	2.228427391778027	1.6362393610806711	-0.03664711742436771	-0.9086234414697597	-2.8324959758594095	-1.0118700966712588	-0.5328573993060902	0.8199196488739506	1.668276650077798	-1.0588956561428258	-1.7388970482438906	1.3687440440092569	-0.9847937369068039	-1.6474034902669845	-0.27879762047007906	-2.2434995862995124	0.305308284415317	0.13714524241298853	-0.5781575601042831	-0.4174282888053284	0.6190568783890313	-0.4517399120514179	-1.1867459050397575	0.8890689626074135	-1.124740659426476	1.046077980744094	-0.5653585458089052	1.9810065915710324	-1.126686758912551	-1.1755777895943351
DTXSID9037246	-5.3299818511765675	-0.3754762875083357	-4.411307135457056	4.096827774605514	-0.16243049032321033	-0.8745452521992209	-0.815503531250795	3.292738373862809	-1.4843104728340588	-0.5163723729589844	-0.9653170299327963	0.6388359110949576	0.8412845996759108	1.721158329574698	3.6682627204832245	2.4096860434948852	-1.9483131498367359	0.3677676286593833	-1.4021178526565676	-2.000367085884062	0.21250729592990264	-0.15125007348727945	0.84419612320895	-2.466828435538804	0.4907251030457824	0.21024513147058002	-0.4372756165921006	-0.04133902487643791	0.2680585718474064	-0.5707593568638458	-1.1501064958878924	1.5492193189675274	0.17153361760283664	0.797941460340571	0.09432692392880945	1.0560658569797075	-0.25527534442888333	-0.6706289926440338	0.49304022995106406	-0.24436046560925978	-0.5054117668653191	0.054992802704305885	0.15688834551975794	-0.6354232487880214	0.16459174377672012	-0.35759274547540115	0.8225609748942597	0.39641647054640905	-1.1032493139018784	0.42580719789822635	0.9778671928214526	-0.0001873636609033071	-0.0554491066571395	1.0425550927887473	-2.182898177245961	-1.197374206615418	-1.4558167240834854	-0.959318030498649	1.637369773299206	-0.5042116051979824	-1.7357008441519663	0.43549047478080627	-1.4660873630369924	0.8908122809567838	-0.04808489807725276	-1.980357253901512	1.9530085438394984	-0.8193363511218013	0.5353177993222145	1.8347948779666032	0.26768356177838865	0.4614559575718325	-0.7245888012849786	-0.3333937355719175	0.12232067884654539	1.9248817554055047	-0.49482032979777474	0.14532021099778702	-1.9371874691721027	0.632702863856356	0.9081391234616032	-1.3229657821169554	-0.5783081751445599	1.2129744160536708	-0.9042961936058209	-1.7743138118261188	-0.23202607910161813	1.9360932551082481	1.0377499496610287	-1.4918730991927864	0.34451229632332425	-0.6469612253664978	0.08053026811452718	-0.4658132240989606	0.16895802278610136	-1.2941425701627698	0.419081597579002	0.12212131816817222	-0.2559935555347416	2.0553775208917187
DTXSID5022643	-0.8246079643771674	0.579944915573459	-6.8401162056969405	3.733810987151799	-4.5810947870473875	7.299398584582012	3.11948287815674	-3.0165657104456587	-4.881676318769228	-3.073367490088718	-0.5267362087484839	-2.354196985436326	-0.38998744834820476	-2.221670697789456	-1.3050556151031683	1.924517165974578	-0.47055333087050505	0.11190260624896489	-0.5681578122461545	0.6139659059007221	-0.4147560231338996	-2.2443357136052553	0.1426591910167555	-1.8908405162922772	-1.9224583100723054	-3.6268012056816206	0.31958548788716457	-0.4640348889795231	1.1310441123795731	-0.262677511976741	0.66174471046011	-2.3108173514079766	-0.5716181776761181	-0.30295836310151586	1.1665364752975735	0.4459055819712202	-0.997124310400744	-0.7548519230151053	-0.2998569849065273	-0.9752123962928047	0.3011427975883703	0.8978632030489084	1.2905736749142536	-0.8662065672696011	-0.944582953151725	-1.259291543676869	-2.2356502429723464	1.9494212724959807	0.1583685371446203	-0.6866161850848106	0.7733746606018216	0.3822093076144455	-2.098882771894954	-1.1679008164249527	-2.1623562725392604	-0.24365766262170901	-0.8253831779821428	0.1451589864209212	0.014476758026521349	0.007777436505063799	1.4910089560918378	-0.8843578894133004	-0.42950483314486304	0.07119482583003052	-2.0328664987123806	0.4409209765191604	-0.6264864409316186	0.7838807374695594	1.1529906849916538	-0.936598343007566	0.5013484807053534	2.0901432652307603	-0.7133766507133465	0.9263654740561128	-0.5843357248110358	0.10524396041140599	-1.083288677767801	-0.8819972729196688	-1.3541697720800976	0.38624379507958473	2.2598433800765454	-1.8818765429423778	-0.3527534305320868	-0.13222689354401795	0.37843940310566765	0.22099736829270425	-0.19066965837934696	0.49809761738531744	0.5747229942272044	-1.5502242362163108	0.3265537710030521	-0.9331187669514116	-0.6007548239474813	-0.09222705746865173	-1.0215979265866844	-0.31296094818244274	0.8208532555230372	-0.18251113273794942	0.42825709122757016	0.2893643648703126
DTXSID0020072	-4.841553611577827	-1.7678756823839101	3.947929672719707	-0.7886453964034069	0.1387778941710089	2.2983575110184704	-1.592186264517732	1.6534228512883498	-0.5675805585297096	1.043266991601501	-1.2846086862367145	1.1738821154015904	1.1338765516935654	0.5817165394086601	-0.8458105101260891	0.3189761677884409	-0.26578816828373414	-0.002274814403048737	-0.46161816515405785	0.3591670972947818	-0.5363579557710813	-0.44471785429187644	-0.8908841581513708	-0.25248592113650237	1.3164316710120296	-0.4972494539130117	-0.49158568956311516	-0.5345939963625329	-0.3290419191196498	0.03943438272630448	0.31099310687754267	-0.1509654114256935	-0.7917703566117751	-0.16444932326964487	-0.45996500958896713	0.5349421007841733	0.5690034517612782	0.22930503264748825	-0.12123535125515743	-0.19149759192640603	-0.004033120266507166	-0.2628014180869647	-0.1871087545226334	-0.3097777868203682	-0.47673852729093374	-0.352595463455844	0.45734311549816564	-0.0931273588139443	-0.5734529543712044	0.44022069653109724	0.3612306949065477	-0.6099682321117117	-0.3177806541206902	0.2944402520176485	-0.09584337831383706	-0.41320794942321326	-0.61381616997198	-0.2835425216090149	-0.34166206493792417	-0.2178696435723661	-0.10879837645972801	0.24272536169514455	0.30740823446198096	0.1877551408470649	-0.19003227186119756	0.5913732096755893	0.14644502402022516	-0.530364252205193	0.0168487198457018	-0.3413450142322042	-0.4299404646627873	0.27152732503376076	-0.37240815670787225	0.3731881945172747	-0.0613634661294253	0.4865354866933144	0.3264353119916137	-0.11064224771616915	-0.182054679109759	0.27800615967226944	-0.2202727165780444	-0.014181165010054782	0.24761894753519667	-0.6364258743128901	-0.2298571277617353	0.010409569976011527	0.04742289014212206	0.5274693973198212	0.31946892558095935	0.5283141090753631	-0.04387111633076493	-0.3177946200730952	-0.19896740446649905	0.3246885703499647	0.039161596895784204	0.0799860572438179	-0.2542733950163311	0.15721107076926708	0.25217906745165586	0.007390975119570968
DTXSID2045315	8.458354390046543	-3.802601166119825	2.2752128589544784	0.8395879411303632	5.340491338402215	2.763607117055541	0.4810480673163425	1.2858653605839812	-0.20899246727894832	-6.187118942201303	-3.1317769834221267	-4.075176383152036	1.8906779146648112	7.398728730423899	0.06141849201703449	-2.8645898100627725	-2.7279883901451454	-1.0525220602038956	4.137160657315338	0.9812729257853151	2.078951650877464	-1.403856595430238	1.5524070946425683	-0.8248730149179397	-2.4614984108985114	0.8854217674445686	-0.29599122991790033	0.4249288036269379	-0.32636622508870783	-1.139228256834961	0.6992172852901534	-1.153520567984243	-3.4241013271969214	0.8570192984207233	-1.4993302397895414	0.9328536598118845	-1.8705128596140244	2.039567056469084	-0.9019551413316885	0.7785392005971907	0.40597208795373646	1.4378071494581115	-0.8661835320450134	-0.38624198111533664	1.1967882547715787	1.600899340995902	-0.24224393359573762	-0.5546682544996323	-0.48331583117223464	0.7947895730896846	-0.8607484894284069	1.7809135455881377	0.2785559979628233	-0.4283899698256176	1.4809115361233738	2.8089661082422936	0.0636182182912656	-0.3181074180241604	2.634699610039767	1.1922603948601542	-0.8849071262335295	-1.3719493141104304	2.198065053502914	0.16341609007591565	1.872222290693127	0.29920427082310097	-0.5555359035034948	-0.6128015730605442	0.28876421124357005	-0.09610204782066674	0.5574380269824919	-2.0202499296140193	0.4894865173701305	1.0915573898726472	0.42544227472918716	-1.0657466674369689	0.08033514071536457	1.5578643481893653	0.9578841922555088	0.511594787082355	-1.2338589208316695	1.2934875270274515	1.1301901383857822	-1.7423644231446276	-0.2644362465731532	-0.17402350631157443	-0.5937959451602003	0.17558919921506905	1.1261059423453947	0.13246087109420346	0.6704493020585064	-0.48005763189037554	0.8455125107544358	0.35142685716022226	0.04073778581529419	-0.2503720248928792	0.15723194934823415	-0.07668530944549791	0.7318635849513077	0.8531284475516054
DTXSID8048941	1.2965745184412842	1.7062965659027227	0.22726288801393246	-1.7437589021298896	-2.621365714802685	0.21967960931418945	4.976466313859355	3.9996701025447567	-2.390862789629207	1.5138950653885104	-1.9498761544592644	-0.694800757998635	1.1584639805201862	-0.6973723870642673	-0.5601813319343274	1.4650121492977362	-1.2017616387490018	-1.2016910744385965	1.1645458840330567	2.1696781312287503	-1.7770767446250835	-0.519406856094472	0.5207266029014678	-0.5019814826041007	-0.18441722939479455	-0.5493272654998212	0.05670439922788425	0.451840474521563	-1.1466017569841167	-1.7770698907145375	1.097984015625142	1.5151670612435766	-0.39068244322310475	0.16372863053805906	-1.7283415685148644	0.9757385505808437	2.0349225713098464	-0.4508120677505321	-0.1646619498282356	-0.26004960822514356	-1.1971025436700642	0.2760688725618749	-0.17607039577818875	0.2119073778309107	-0.31410367088168356	-0.004067137526835106	0.08984645436885004	0.07259679498257172	-1.3062916784259129	-0.7545522391677402	-0.937278667733609	0.2562654873472969	0.49965229169693653	-1.2319665922738416	-1.9838490364242911	1.6708434692084988	-0.8111228114723542	0.3456886618399361	0.5293246710418688	-0.46101522624849955	0.48874599309462785	-0.4438329135101367	0.5304427286927894	2.7231902891720794	2.0921296632985986	-1.726278298148734	1.109968671873959	-2.6140268918860046	-1.5172790934826983	0.09768727066789054	-0.11696943451581344	-0.5657100319672093	-0.3715566617101808	-0.31375980595258973	-0.7442464670218186	1.018550071883397	-0.7059069623942532	-1.7722797702599822	0.9526603903196567	1.8657924124186904	-0.022756364836446368	1.8379159649614616	1.1632956165223152	1.340574637333666	0.20290584300634837	0.02836267514458432	0.5101034728435424	0.23773849376662856	-0.9693688958791932	0.5909373972482161	-0.5271499905606087	1.3225723693041842	-0.9503747518226956	0.7489614136126154	-0.5739455148299482	-3.1708318688117947	0.4761153956464669	0.6557784687427481	-0.9635495816350725	-0.7187876973021047
DTXSID4021892	-8.21560645496709	1.7512592895546304	-0.8742000405596614	-0.45708397979434295	-1.9830885429059322	-1.1713184575693982	2.0677310395766915	0.7278295875594957	0.3609481303214461	-0.7018079791257258	-1.0326977772185482	0.18874166493784011	1.790324016307509	0.046099930483480385	-0.4225691039900032	-0.11160794334159824	-0.7698736031316799	0.4520891713209546	0.8942635911870868	0.08545295791001181	0.1428524382661197	0.28418471961289904	-1.6955119463661208	-1.12667635810102	1.8253343409608531	1.3418410555121991	1.7200011385538359	-0.2132725975179992	0.15268142054936773	-1.0914052692937426	-0.2604369547531068	0.9284714035055952	-0.16709869085933834	-0.614198522046364	-0.1551007869940062	0.317040406618594	-0.28463472344009905	1.0782220167112806	-1.2283972915554473	0.42154988273540195	0.8213920447859766	0.4532682182136143	-2.297091375587716	2.453241550294676	-0.11191112736751614	1.8010423112317793	-1.3556842149671544	2.705536620493405	1.2576846612175716	0.6471525261063183	1.2461697674440684	0.6760287948027717	-1.5204530542592205	-2.120314544594405	-1.703281148176413	1.274170345736709	0.598057030652422	1.5336641048759805	-1.4443641202241964	1.0874178572283197	-0.4061459432040215	0.1646801744448742	-0.7642303840783281	0.8446327687681637	0.25844423357360713	-0.4797097949100175	-0.5252132719985457	0.36500222331051146	0.3966033783118912	0.8460582477434544	-0.08410191940845031	1.3977089957196038	-0.0876254357622558	-0.448098079889287	-0.43624837065865496	-0.3006939563187491	-0.2448297832303396	0.27489727104418543	0.152417160525455	-0.5636155933635034	-0.1375495186658375	0.04896439271922162	0.1509529123951006	-0.10769051560957064	-0.2901029407443416	-0.006584150987522344	0.09283148072721434	0.15386531445581728	0.3162640316977252	-0.33744239481427585	-0.18110186412357415	-0.04227943094430475	-0.38976401144698836	0.16764909267047357	-0.12141505682929414	0.10817561627295363	0.39312977361280516	-0.3913873690421639	-0.22398377894962987	0.22377521365369032
DTXSID50229163	5.483450714446324	-9.803108419738647	-10.637948413931172	-1.0928248049310632	-2.497421785948811	-2.6873951859439242	-11.734217986360067	-10.067430640216147	-3.4210593317934452	-1.7290835347153224	-10.262687028012076	15.221275240976784	-5.385683738484461	-2.1685764539110566	1.5266680163762936	-5.614149864768579	-1.9775899945139348	-7.466398647690681	-0.566950117147125	3.8026206763834334	-3.6054054067772094	-1.7192558548968633	-5.274616779322336	3.2956387005459113	-1.4460800569099597	7.054623138484033	0.9018962270269395	1.782527320536016	-4.64715838394463	-3.157134330548212	1.0081547531369708	-0.873127868625372	-3.8575030757076223	0.42760558594326475	-2.1318638482604766	0.8959897523902562	2.9302893961781984	0.4504145365586436	-1.790088193390504	2.1208827578312768	-3.78255309090273	2.6275845075837982	0.7282318116878428	-0.4880967205470911	-0.7085391248980515	0.4969926280534659	0.5271044349374819	0.9074689667456329	0.20125640729836752	-1.5242692626832892	-2.643112711125724	-0.3830518723968022	2.4225292258999933	1.1560578796061407	0.7743037828897386	-1.404074696293269	-1.4098677888183435	1.9614216623693754	-0.5448783422531002	0.003977516187664554	0.4876067749055618	0.16632796134468872	-1.9111793713608363	1.1630257202024472	-2.2062880930279363	0.4939538076618057	-2.3163804752825627	0.40415309523175375	-2.1038914039535888	2.7550405298986465	0.11984158425282036	0.26582872838304394	-4.087188270418489	-1.1615695128534966	-0.3083890074615927	-1.2904076270800329	2.341664838186757	1.9614020508304264	0.5143863058731711	-0.0873088930290929	3.0669636027951257	0.7890866483388433	0.5072696703318504	-1.1531141130090505	1.9555954748039408	-1.864807131409961	-2.3881366788304	4.067567817391195	-0.5512758727536601	0.2557846700576022	-2.3598128817598294	4.80467079696057	3.0322748877089305	1.7479786873691283	-6.226376318144405	-0.4278822410162501	-2.839150753039846	-2.628812205641124	2.9455646450075323	-2.2139228984791397
DTXSID4023042	5.514253664318491	-2.8271804608539797	-2.876099853808641	-1.4241839082852945	-0.07762612827622728	0.5270084956281441	-0.014444267463247434	-1.9564061355100597	0.07375928048539449	1.7296575536721897	3.4987257253597543	0.583919378915236	0.4743484195398363	2.9369876954528547	-1.263538490231654	-0.2995825892274461	1.3572223433057733	2.0491584250432204	-0.011644281088802624	1.6031609870729624	-0.2626796726132231	1.407255566058667	1.9418539630181937	0.04359019395975742	-0.2091881562451544	1.146335758832958	-0.16742026834786852	0.38868099999756006	0.5712542165014676	0.007827711669356821	0.17977537242602198	0.41402566296413557	0.4924108102182048	0.13150725990762485	0.5515738588732308	-0.9665286478517607	0.2108998130533425	-0.9199572606431202	0.6318081448000485	-1.0973087678343065	-0.029282137797722325	-1.1349599399258474	0.013052129010495432	0.044352433881193844	0.3988382137933197	-0.35511441953458345	0.7371840057176691	-0.636193154855324	-0.027629750337863218	0.6387660578585991	-0.9976684000024207	0.44807305475181763	-0.4449859112917142	-0.9864654236007077	0.4394069621230816	0.06491814061980995	-0.8241241205322632	1.5371000850562822	0.37768572818482893	0.031091768378744236	-0.061979926230767195	-0.36789311730755037	-0.1173660943876893	0.6517544286390456	-1.0465993541623153	0.3883773181871794	0.7203876538063578	-0.8266370322027987	-0.9147130623452705	0.9269828316764694	-0.1749972172072521	0.4994553738860528	-0.3580792429643955	-0.24068799632363141	-0.6477728925158074	-1.9638023916492553	-0.6753924640879984	0.15363297438852477	1.0288067059479986	0.2696291529029409	0.11439974886021051	0.700474663080475	0.46652252586027154	-0.009073508698594216	0.7316192353800025	-0.09964621224391106	-0.03345918946102714	0.4374806654359057	0.887201924701639	-0.4381656197386501	1.266314187175508	-1.5347558504765404	0.08951498105374008	0.752290199381468	-0.5865315356117317	-0.7484322537409148	0.7676972252670561	-0.11910555380059797	-1.0327654939818147	0.10811764902223553
DTXSID7047435	11.979492655746343	9.799322394985873	-0.3085492979897584	4.861330150593418	-4.054300059077637	-2.1112505939257256	-5.56989332594487	-0.9043806715640418	0.2438062398606754	-0.6234060617690022	-0.7398892589687593	1.221749496198379	4.250798869193372	-0.8513446101582524	-3.1366034901334503	1.5211320862192794	1.034369683276193	-0.4120423192676107	-0.47757851319434663	-1.038775186546253	-1.345314363942337	0.2620432527774682	0.01720526093815505	0.415941060091502	0.7288830993493	2.9613800024448813	0.7532921897835291	1.7628780501738361	0.8348862130978049	1.9011136116962066	0.3530106295681825	0.38033150670146093	-2.288869539540756	-0.7966098141106394	1.261996345207832	3.7845211081306966	-1.2762815625767092	-0.6460551457658209	0.5705429647255663	-0.6229775655522121	-0.11865239539543868	-0.015661482898551297	0.9893401396768166	-0.40936418412268655	2.1690419396754637	0.34411677971922255	0.38745632343807834	-1.9039728775537612	1.5831118683044938	0.3559219213976231	2.872451788034128	-0.9429241353128137	0.1322729544273182	-0.22755465538747452	0.663992324890753	1.8123136776878692	-1.1539473057720893	1.3372807987924051	-0.31479519753090174	-2.062348604815658	0.1454547748725639	-0.1283984455871977	1.126903693670927	-0.5629422476505668	-0.037611438373022464	-0.13674244601559685	-0.2633128703130426	0.858667175910572	-0.17378148465732368	-1.465154358748772	-0.35745105742479394	0.1678163260800279	-0.45586924510885424	0.7546043739595186	1.0978604330860733	2.18455882448298	-2.3729175588084543	2.4099677770918086	0.31626145113112497	-1.0495621525884422	1.6677051694972242	2.727411115835283	0.3174967481526326	0.6791306885855046	-0.41525591961536096	-0.19225394734047355	2.295344893920593	0.26973374232019925	0.7291564792028151	-0.3955415370747562	-1.0122295392749463	-0.24434201003739173	0.4957010067540833	-0.6356034413450176	0.259706735616409	-0.6474107673799716	0.4103573197667107	0.08090758350028422	-0.6476810475780449	-0.27951322649923127
DTXSID2032554	9.27038233349331	-2.2369116476246917	-4.298153759532671	-0.06173835062371781	-1.3447144597570257	5.012136990775886	0.8171124297931387	-4.1221413938667	0.5869708846819566	-0.41198997951382255	1.1478002491835788	-0.6923991834945112	-1.9501612271786564	0.6186771682237936	-0.9185915406583012	0.11017261184626144	1.044623770766709	0.5342958250718642	-0.29461421014169087	0.9034379585557228	-0.32586966374867654	-0.051058160275836366	-0.5314073805374321	-1.594691694981517	2.566377616653705	-1.2426485529524063	-0.05297536329386567	-0.6088151824693593	0.9590232494548789	0.06460464478569083	-0.42596750873972583	-1.6214524035692863	0.9720439246939783	-0.010403551534023598	0.6242045023498133	-0.5264423973562812	-0.9962642968167272	0.44053985783710214	-1.1193886077514463	-0.81932319841656	0.6815258130164429	-0.07817524820804726	1.311487960066974	-0.6996230937577129	0.04636454615036403	0.1780350805374577	-0.7001319187627864	0.14572186926734876	0.9515201391728925	-1.5388988953183262	0.47453538454467925	-1.2625926530670144	0.5412374221667967	0.6030842598237866	1.051862082074834	1.0131107664964765	0.45332430464896517	0.020128698000520702	0.45665006478729897	2.0347063546957838	1.179631044480844	-0.06008895905001359	-1.693491295925141	-0.2218224173554212	-0.10416779610735644	-0.2803043395074534	-1.0654956563966418	-0.8670919933417215	-0.26029663436077044	0.786619479073488	0.03664694623936652	-0.6694017896745319	0.8638961899303647	0.765453514418888	0.9116771788134332	-0.507431107035669	0.17379561669321417	0.7417324294361752	0.03978197283805213	-0.15051573476816169	0.47624241799317135	0.015016063135108351	0.10345356570254431	0.37693638015384345	0.2865856999259213	-0.4564108434046834	-0.5331536411723913	0.24347342421356757	-0.2367270135572245	0.7149881438640616	0.10423015045808111	0.1052995676366866	-0.04830273639403809	0.23188139058523502	-0.06770159422870026	-0.11773982930605112	0.5115552088453953	0.2237858175126373	-0.17136753014520836	0.27398191962953133
DTXSID8021517	-6.161332998680085	-0.6066224340684779	-2.3086763071040513	5.976382833057278	3.1095371861380126	-0.5420532011616804	-0.7008765003989583	-1.6527462408637577	-1.4959870019104	-5.803250029906226	-3.353534835534943	-3.3693582868278114	1.7023598173009682	8.205091160660608	-1.3259395110858525	-1.9294590990917184	-2.1275640772853803	-1.075366754846245	4.4670113607544275	2.34512191030734	1.182635095866327	-0.6429727473275184	1.6860117450329952	-2.0382287981120673	-1.3352045057179118	-0.008953535823545083	-0.5081186355896675	0.6662499083087882	0.24912870125682948	-1.5260243328997245	1.6465328775230539	0.017044944438716896	-1.7403765110314382	1.242437672896096	-0.5881447152189199	1.4881756250003546	-0.6808808973871221	2.0354874350075147	-0.7572643267894716	0.03853606815745787	0.633285891095143	1.5952484554160533	-0.6860891724172022	-1.8854812698012382	0.5975990914371792	-0.21521387031725142	-0.8010546799171878	-0.8534143856676587	-0.5350208100411591	-0.23734444652606201	-1.1550414333101975	0.31496690489871776	-0.8573704197557581	-1.1066215577220653	-0.6562054365506246	0.7691506100735136	0.7789689164257724	0.29148278513367715	-1.9425349777626002	0.6639846912872118	0.37130632600100294	-2.190409474926158	0.45419718339220866	1.0234980584162607	0.44562904084275246	0.9717938464385855	-0.5892941841750837	-0.517014639270697	0.5098654729172909	0.8689958959525785	-0.9042200294344279	-0.29311185081720487	0.38798621924025833	-0.16848157436278152	-0.14284936563039494	0.19006346762674836	0.3311059277969546	0.16774206281180618	0.6387017334382398	-0.5602286991286362	-1.3691890558559345	1.4490821034766532	0.4921554395831736	-0.7970593178001614	-0.017470368001089264	-0.5232554694784557	0.4836054458533459	0.2084538842380246	0.05415179614962352	0.2350281561476835	0.09640400701773885	-0.24104314294027565	0.6738789833503513	0.32828635926083966	0.41585716887655866	0.48611359379892416	0.38174359786543377	0.020445238418661894	1.2360229045497961	0.7999527894249915
DTXSID6026115	-5.920832863991721	2.165390617253494	0.3506448747192189	0.04544034326129294	-0.6040247545277447	0.6520918655527059	1.707981365972639	0.5590585204433632	-0.736415391327035	-0.06050826823464239	-0.7028973427393413	-0.0417267006682961	1.5548207623417727	-0.7775488451566824	0.32562832544415643	-0.7906977479278043	-0.992111049822111	-0.3783706294472996	1.065845989116234	0.8679011481560115	-0.7391489364834709	0.678740765745348	0.6036910994298953	-0.7882282648029202	0.07830736576041918	0.6150621545001435	0.16107139670615866	-0.3396996187421642	-0.2864314116781703	0.3520312857893804	-0.21943945013836008	-0.18495223021884993	-0.18835041254926102	0.19781237670511667	-0.19518969462398095	-0.3873453113897494	0.22265876903631548	0.43375173610009987	0.2622956349307301	-0.04653895583792996	-0.03494896338604568	-0.005737092414609139	-0.22855545619656664	-0.07088286797161439	0.364189031018705	-0.0996195997626195	-0.1491487957967136	-0.0017541080000668355	0.3113447384218626	-0.29715510365859826	-0.3462798573859012	-0.33142847819097954	-0.0871773091761067	0.1344100059155354	0.501126098600541	0.6045899733795315	-0.5057309540497817	-0.22494395172897202	-0.09260506877226335	0.18448490846626509	-0.2422931134962013	0.7999285385917669	-0.13344512078696522	0.3346914199207338	-0.13615190329538207	-0.5701125863214017	0.7529600815699727	-0.7281101053694499	0.39389830017300603	0.05550753409363037	1.1202444627303068	-0.12058136432758045	-0.21686909519273223	0.10240402884669593	0.004775184284331525	0.11364319294168461	0.3431766864914838	-0.21783686509923406	-0.45194340223622026	-0.47797622526505384	0.16886286862242889	0.09314694467546616	0.3277990457273521	-0.43975357507520757	0.611384284096942	-0.02110918778627405	-0.17105367667940044	0.7481790832889172	0.7937021071480465	-0.1368487947542162	0.5844889493577601	-0.8028676935421389	0.24833668784997753	0.8515486471402105	-1.0315247276908872	-0.27869164888211073	0.6485002169930411	0.009530507789200149	-0.4037252604772618	0.07282539837596366
DTXSID7038810	-3.668096754817576	2.2934280709199926	-1.3386272817927265	-2.026905188497411	1.4389937938972202	-0.892642529588503	-1.340946055731656	-0.6543729061002589	-1.119558380460818	1.341723057855342	-0.6120601123038202	0.5275888564080321	-0.46027227699897033	0.15273233719165738	-2.6102734609114298	-1.568701485833853	-1.67018488537553	0.22635654766511137	-0.7343627679790172	-0.2123936968730096	-0.7929704538028091	-1.216951859507703	-0.043620294571618846	-0.4083943882722386	-1.4339492667436258	1.0380343766931606	0.6342999000707763	-0.6282990866748746	0.8343749506029153	0.3758132367035048	-0.13804488182789423	0.7311818981812931	-0.7216996966839622	-0.17373783454202404	1.1051545833464111	0.39281221129453925	-0.8879938840566836	-0.11245920455254521	0.17584520554616132	-1.362590658852297	0.6052875936817811	0.4869404750783186	0.34902700679868154	-0.33563561825517646	0.4339208541459674	0.3831812060269427	1.2785072659071115	1.5540770213325228	0.018953250386276144	-0.36989087567183965	0.44353561088673066	1.1997651849906392	0.8444801772855259	-0.8429573448103261	-0.45669910640176836	-1.6767146376055586	1.5260349237558817	-1.54694563292689	-0.20199189170356624	-0.8197959933974178	-0.5632604630157209	0.48999791917057467	-0.25655581973190955	0.5154292991123233	-0.9349763515730192	1.152008860671829	-0.003110751146426697	-1.303633545521837	-0.7556332324074888	1.1617486624660975	0.9989144736020897	-0.029937481784375775	-0.6374788572000958	1.7756308747354945	0.8109422139460019	2.0291585870962954	0.840918862669614	0.44737376696563885	-0.11279188296985074	-1.0831423192593583	0.6729670921175424	1.223512205492872	-1.7585651309532297	-0.3843628679061213	-1.294792495711529	0.5497913271339732	0.46628542061458383	-1.4622802268254171	-1.9066834109682465	-0.11618157040103254	0.5668959847923504	-0.5663539584332915	-1.8664159839168346	3.1391002413377356	-1.2238104741430094	0.9589755434458876	-1.1767228490341588	1.228089939671876	-0.5017518128739145	0.4987934004907636
DTXSID6029254	-4.173064786193836	3.338366665199655	-1.961927258981891	1.8169158622711405	2.330404553028117	-0.3528734766316671	0.19119516150193447	-1.3417992919236152	-0.10312700540306814	-3.306818124301989	-1.5248463702048676	-1.3470496985715785	0.4213670027041451	4.527106086472403	0.41291751701793045	-1.2072198390237243	-1.800981463244558	0.3827463679366353	2.1677280173797393	0.8080156760211534	-0.014647768120039002	-0.9443764370656448	-0.3999284701680743	-0.3807169259430773	-1.846293728784595	-0.08012443421784136	0.8943681211414476	-0.262073609997542	-0.06519118409735335	-0.7026235462820695	1.1154329630307387	0.1156437572051456	-1.5374466762222596	-0.45577437880549543	0.07053213286379122	1.1299464054288817	0.28219125019468994	1.1744397076207802	-0.17953340582617577	0.20746402237747885	0.22310331812694878	-0.12621973650930637	-0.5436959664051517	-0.0403580002128962	0.5283827777921483	-0.7495365397395217	0.03567417470944929	-0.15817548994402159	0.1322194263936431	0.036603821334096925	-0.7827569986779598	-0.1455700531092818	0.07081697264314347	-0.6835488501810184	-0.8358758363775756	-0.22195208862071522	-0.04804291754748847	-1.2553442148516036	-0.9492932197778315	-0.5634706352398465	-1.0071440983633722	-1.0442558708248566	0.13493393854073252	0.8230923593315018	0.5749820268924217	0.5328011238615147	-0.2674802171476338	0.05580073275046744	0.5568441137158404	-0.13276634755753103	-0.555205585309144	-0.9009884572790504	0.22639148957277136	0.07665230301805552	-0.3251458210297313	0.33305518198893913	0.8072002121719527	0.06204021621351078	-0.2543242404157252	-0.4869954410840041	-0.12310436091402933	0.3632880046143401	0.8510391883902255	-0.1270248141878354	-0.42374919688501933	0.2058369534266885	0.5465797317412501	0.26987866912639746	-0.6033635818510532	0.04073495180978574	0.10862121614273784	0.031606874289311554	0.482375794565825	0.23340693243006663	0.19511533141150578	0.21082228057892227	0.2130644364332542	-0.40507173472466085	0.1355601159013733	0.1438109500098513
DTXSID1044809	-4.8135139712561585	4.419530311728111	-1.20678529811925	-0.012796501722272617	1.308972224644719	-0.19934117324141676	0.6429747228217172	-0.6250684796826166	0.33091043273791365	-1.244523393578393	-0.3920489064910835	1.164898232068486	0.045285138052957336	0.3324380265497023	0.266824645722496	-0.5466633575632429	-0.5647630770717048	0.903287466050304	0.43350017318136935	-0.42489881826951814	-0.7966521247966233	0.48254268313714493	-0.8271699327161041	0.8968631133068665	-0.9811220304333159	0.5014415908007668	-0.06227475518487849	-0.7314318124876079	-0.40608378171921405	1.0119681915750078	0.6633849868714569	0.5744807797071505	-0.34322396346338535	-1.0169036181791327	0.5327231860732672	-0.0651733621693171	0.21071746499130736	0.1939771960315013	-0.006515155522702901	-0.8195864969659814	-0.13626941547078228	-0.9716264938012905	-0.10927497096418147	0.023540745075560338	0.46770309045083336	-0.0911950278477008	0.20012935444045854	0.5281408428944305	0.10917978295598063	-0.22521628355500714	0.13092196123750666	-0.7903439594005013	0.06518741618238216	-0.8213479120018086	-0.18804491575855503	-0.7548847861264287	-0.2477379599102507	-0.17754666704854677	0.08980447716495726	-0.052232473030101	-0.09194309112872452	-0.11941087245397412	0.010603345568538449	0.44884343684963096	0.40468662061155863	0.23872645155727343	0.004984585844861918	-0.2955812677569887	0.5965366604774033	0.7615810466393427	0.07072252371308893	-0.49659155091179924	0.4005205432524142	-0.31330913552310313	0.34392416183905283	-0.34019349292645085	-0.0445489141967354	-0.3860576918370085	0.01842057932420886	0.5354257777989785	0.6500852292273244	-0.22779755725821027	0.3263912786526407	-0.2646735202787779	0.5850539487549886	-0.038888375566258876	0.041817549311892965	-0.34029879483998965	-0.7222065258402147	-0.508783282319602	-0.7235863909532279	0.010694085303946827	0.001051619461214527	0.6433816505104872	-0.31989845899081054	0.20557400020578304	0.40529907026443707	-0.5611813218133752	-0.47727967521409026	-0.22283214305001128
DTXSID6021163	27.376748339387333	-0.9232031860244484	-3.284727194331303	10.405341656110835	2.754654301560678	-3.145700427420122	4.340086487142812	2.067754038399929	-1.9561870042135137	-0.7044455637536876	-3.4229767533487223	2.835280417721963	1.6694619698639088	5.605314777065834	-4.572729839568173	5.049595179577345	-2.509387105706872	-2.6121378550054195	5.292191526118226	4.491627251423304	-6.707713325157837	10.345106134109928	4.367794057693431	-0.6897899952605762	-1.0563314025100154	3.4573624215548926	-8.435132432826698	-4.801775327486865	1.5407230210450902	3.0133311391969446	1.2712365173088256	-5.720138717039713	-3.5653065239917354	-1.6237919919515418	1.3388546173985596	-4.1340942920996735	0.3856551433447734	-3.6487185254316903	-0.8434042112939975	7.418050423053831	-0.38176733337706537	6.606319347416454	0.747268679822769	-1.1443942407974121	2.7110683702503593	2.190779446277911	5.6604610274008325	2.10336409606397	6.832739082885285	2.819669596039395	1.24931665919238	-2.0342224541605627	-5.295090028055103	-5.1516270868910174	-2.965314107752382	-6.4334114660776285	-1.84751955170432	0.4392400737070548	3.605902835898142	0.23828104227643807	-1.8706282284539253	-3.257392140623691	1.2425642923239393	-1.703175137996556	-0.3804670066907221	3.105209870911841	3.0241688434197522	-2.099283184731546	3.521354034191848	1.0762275303399622	-1.5423530098826905	-0.9784859267752406	0.6593830617847437	-1.9687343428300008	-3.347988580023903	-2.058063022805492	1.1884375178405373	-1.9608717302580254	1.0254624924947982	2.1165000195617187	-1.582714127113544	-1.2800978845373612	-1.6378723554527632	1.2454514922140933	1.803563458098384	-2.3486916605399073	-1.8183553505517525	0.626934045009301	-0.7928809487159563	0.1848284234535976	0.039639630504305905	1.3627467627665892	-1.7154713578794296	1.7146507016466317	1.0103589504949293	-1.762470393404615	0.5697501208631345	0.6156080444599419	-0.11629665262254903	-1.4072706819771945
DTXSID3024239	2.350054726559908	-2.5517763754086027	-1.2683893737583791	-3.5686993924442865	-0.9185134619839904	-2.8644099348635073	1.013994171787522	1.0832335181579749	0.5478338589943184	-0.6236094279615827	0.7810301039719867	0.3311559345962562	-0.6555183356030918	0.43125184740047257	-1.3615063177145827	0.2574931287189301	1.150134371551285	0.914996565769739	0.38160364032159516	0.10007530150064196	-0.1254594394171602	-0.23059850853941333	-0.7414119659294502	-0.21803769268609402	-0.8269273627248646	0.34723027120068123	1.4642932532609902	-0.40343552573227914	0.07192273709258118	-0.3731997654666439	0.4042106741114393	-0.2794431765881381	0.24782529817799934	-0.45373805005093165	0.1616679268619199	0.7419289005548126	-0.013483995862350403	-0.22102543556526666	-0.07643935586544622	-1.0463592863336175	0.23190749136710168	-0.1842407789244293	0.20876307025529284	-0.10497613885842583	-0.24404496514940946	-0.0038378280273899438	0.8310634227916525	-0.6220962671629764	0.015040041100343151	-0.6406927685466713	-0.7698982906464512	-0.3120364569354778	-0.7328694353316216	-0.15821320138780098	0.38827562821960654	-0.6593469086156635	0.007298519174994247	-1.6251899862944066	-1.0707724255279012	-0.4225001319771964	0.42484414317166025	0.15941857688480077	-0.45035637756225405	-0.8159293396629645	-0.9967110890962251	0.7701170048733144	0.005421254726043436	-0.3888596569145893	-0.7698338344149479	0.08858472044579342	-0.7856516654290586	-0.41977037946238155	-0.32251403110251864	0.1863631620241528	0.4405805372770606	-0.6528425474147359	0.10932573514046731	-0.3761977749224404	-0.26504967723571304	0.5610383832397384	-0.5495450025341168	-0.07219654992027538	0.3726098739419133	0.40984108632650446	0.46667194016640834	0.2224157963432345	1.0167740449569078	-0.16674543849011886	-0.016821641517459306	-0.0787814319992868	-0.40894881422169105	-0.13125294958199635	-0.30937513001466543	-0.5475525344725045	-0.01782573696814483	-0.011895621112301443	-0.13797975472912063	-0.04437666645991344	-0.29646272277154434	-0.1639157875321205
DTXSID6047286	16.29203451115208	0.9954124955769306	-1.2693199282793952	1.3426620801399691	3.7175919264109694	2.611923770053213	-1.5288566706762619	-0.07295834945736852	1.9163421038067192	-3.224631596330444	2.6962313972391447	-3.046638909725334	-1.8593361610941537	5.000257805426268	0.5609706906414589	-1.83849813068068	0.5514863414192493	-0.6305166519228526	0.7365553639811742	0.22659092356274008	0.9695697653320708	-0.3816193965736067	2.189524053257149	-1.1015263213709015	0.17111495289843148	-0.31826932035783256	0.4461496960143117	0.9763599664378894	-0.46408994523395497	-2.4756138755266046	0.7931897850123463	-0.5331368469340758	0.9053243680720943	0.8308792111452737	-0.8697845885263598	-0.31782763819946247	-0.10500999798548581	1.0450047562024338	-0.9095397099950792	0.6301691377866173	-0.10362197032571116	0.19451642677615086	-0.21051132029514324	-0.17155950145118087	0.38207582201617857	-0.531200759028965	-1.5572735806736577	-2.114489731857283	1.3557297980075589	0.7112114011425835	-1.4881882568537785	-0.3546824354856755	-2.113270811990491	-0.5333436715412398	-0.4287716184749998	2.064433306827847	0.31476122519275457	0.9484542747619812	0.8336364405296082	-0.2621554921927293	0.8344156494326622	-1.1815389569490458	-0.7143469264060718	0.05664959891309734	-1.1726246332989578	-0.5052962155694171	-0.14043869720174135	0.21640728092633132	-1.0820393843186438	1.245447193691969	-0.4672941543217931	0.8189811049056972	-1.8894581093915022	-1.0795955468715186	0.3000815498843548	0.2856107781453011	0.3197639791148665	0.7564137070158102	-1.0599396349358148	-0.6452628927765931	1.2457252034614053	-1.1750681359464132	0.6172692496302439	-0.16644865611110518	1.4711010060330807	-1.1577606483982512	-0.17563690492512735	-0.489656073331843	0.8610958616116671	0.2592974030398775	-0.2943085117675736	1.1430718817842422	-0.21177561875542808	0.06390296677400738	0.5547739133279715	0.13140950511078497	0.5666913873659624	-0.2748007785410252	0.6966446013763661	0.5187471983907507
DTXSID2020501	3.4102998092843895	-0.12056459130013396	2.3424310410440974	-3.2242976363862392	1.7389838859385054	1.4287266508968204	-0.046055096498167455	-0.9966040762206885	0.49679717634857434	-0.1205624785701995	-0.47874971646725123	-0.12563720960267327	3.1884539844861366	0.6279482152719555	-0.3417269103452676	-0.2919904016268667	0.6872262659946785	0.755312983051213	-2.7682703712552734	-1.1154367210349159	-0.9594113316549214	-1.1383100959919168	-1.5320534036651923	1.0748005001448069	0.2105167926492379	0.023318127191414087	0.4707845999371599	-0.24926188206190497	0.012519890678243429	-0.02339417222408203	0.5418132526520476	0.5055931999845305	-0.8917640662703614	0.8243359920106006	0.7172775140123644	-0.1924276087582091	0.5247932247412351	0.17763058066586268	-0.3791294154382088	1.2796805084787484	0.0728880693626746	0.11003416340401401	-0.21280567841821252	-0.1688863088495898	0.00014973714423372367	-0.12188417831757749	0.8805254508237481	-0.23648301802365224	-2.071565072557861	-0.6258468879215324	0.061136145203992145	0.019459307346576478	0.23082345525360543	-0.09918005875183179	-0.4704540940710371	0.648567724268798	0.378497780719915	-0.15459384159422912	-0.06709096161779908	-0.8597729084270038	-0.5657198282024849	1.4510965695038087	1.711967379198416	0.7927963225164123	0.3831626887442688	0.03937093863525781	-0.22910006534727964	-0.7639977995945435	-0.01994663161543439	-1.1102178946534298	-0.1075556938824697	-0.32509339961330674	0.46711592440207256	0.23178210654928758	0.8779534877570324	0.14047495426965134	0.29196809205050944	0.757975083022475	-0.711377639803076	0.3716476285916715	-0.17924819833033034	-0.9542836251785503	0.6673257271406221	-0.8606456463692578	0.4796653019777717	-1.0033958409759383	-0.18069665527224846	0.5318780792255918	0.5992411391641592	-0.6211958652816425	0.15502626487353402	-0.7425797210721176	0.354483355441798	0.446972724118586	-0.2119088864588129	-0.22458794805705623	0.023652363863624154	0.8457629779264612	0.6926619457117431	-0.22256480912864451
DTXSID6049222	3.4910884168765244	2.7030241718282717	-4.088011209588366	-3.106231793587135	9.67744937462383	0.888090610684302	0.8349471450950827	-1.709018078379409	1.5049018451348255	-0.8561877026208581	-2.9295623426887047	3.0066706146459405	-2.692449560511948	-1.6684148198479578	-0.20132124829712325	1.5748657399352797	3.2778508094557672	-1.892326390851212	-0.7225256827751761	-1.0258029142225105	1.342248991797423	0.6791373593013807	2.0107840463741162	0.8663117047620091	1.6013261466506397	-0.41491675479680745	1.2341353721841595	-1.0727823429926362	3.342298457101262	1.2137137148956243	-2.2409760360676203	1.010901345570097	-0.20176585997335578	-0.2561975117713762	-1.5858659835720654	0.3451065234012902	1.002170592479385	0.09463684608379362	0.16107412415298966	0.6492228710554573	-0.7754918039214093	-0.013351868184775708	0.21394215090968535	0.9076089863406329	0.14203856643485932	0.10125229029528202	0.1631059656290606	0.30496821604809665	0.5311751613253618	-1.1918113412955393	-0.10058958293449091	-0.20403374153042914	0.8761199917670784	1.8156741222209432	-0.5991345409532383	2.1019788364991836	0.4428476844644216	-1.918228362609103	-0.5436217757096196	2.264900839478467	1.4146145904723813	-2.4557109188730744	2.196017717699154	1.6063423682197615	-1.4220809583653884	-0.27780758555579177	2.1081307298038783	0.09955233958261925	1.7266915490429275	1.0300228053282194	-1.8097238803671707	0.868926048835927	-0.8168506997716252	-0.20235447831314676	0.30825705226285915	-0.5538728046031596	-0.8780046669724335	-0.03924300491417458	0.21226413610170053	0.8984061059902897	0.04626483430337436	1.0206654560022554	-0.8502676569603006	-0.21384686573510872	0.05092732978301129	-0.057986699745783105	0.4107584089106798	-0.5922891275985918	1.277558604288634	0.06232005549527484	0.26414172134356834	0.07341537684200748	-0.058753291858326374	0.42372290085226316	1.485030385664606	-0.25917684651029194	-1.2775495168871025	0.2444120557012047	-0.602172375843804	-0.10180618510171384
DTXSID6040668	17.28235047676434	-2.814034872189342	-5.54660537334351	0.836296431612506	0.7683924426501617	0.06802476637671419	7.502197568537903	12.368805338341822	-1.9608167382660875	-2.8606123183110794	-3.3552176873183774	0.9614001113982112	-0.5849293396078971	-1.5337858674071123	-6.2232818741726925	7.455087114315854	1.5321941280043325	-5.354102020095237	-2.5229687275130868	-1.6441910985706676	-4.197935170606789	2.7180453053528755	3.075704111133438	1.5890997416707666	-0.27994221301615546	2.8213409408958094	-0.8762086464665184	3.5932692480188195	-2.6695144587212916	-2.7314105055487636	0.4150570733769794	1.4065480938980919	1.6901062334439774	2.087680533519417	-1.6106546433289128	-0.0395460417407672	-0.4633555179487637	-0.44005574176947676	-0.5220727364964225	-3.9775030155059934	0.5933529377783557	0.33268047277498786	1.113258244374964	-2.603758925361097	2.086352952098506	5.3426922881775365	-1.489044035136704	1.7625112941212644	2.092329772478391	-0.5954952387677371	-1.6330393843274225	-0.6736888067186138	0.11897441896881628	-2.1028490812213616	-1.3314051972544527	-2.203104642386114	-3.556691617254968	-1.7028105101716453	2.501783262726612	4.985555417398344	3.4232746149084425	-2.3752112014486593	1.904165358431413	1.4451692014243185	7.412895169188766	-0.6700117582279993	0.17171501816425244	-0.4090550236729271	-1.862048351082053	0.09095633626923466	0.9265975621921773	-2.9524452705962925	1.7000178193068878	-0.42573102762021725	-0.8923036101215719	-0.40165922896711975	0.9779057450032849	-1.1420901828638899	2.603068409107172	0.0660520962834666	-1.9207497579802588	-0.530122951775343	1.930431144921676	-0.9611899779473219	-3.4307500490753036	-1.1207145770151954	-2.594608902934338	-2.099260781167062	-0.7437714756396342	2.50899597907171	2.286781710170683	3.5811057541309195	0.3758637093561366	-1.1118831192925194	1.1186906999418251	-0.5772901935359634	-0.4309593180884055	1.4099927252394633	0.06984804678213456	-0.40730181067613724
DTXSID6040246	5.1366594888837245	-1.9922325855153826	2.4956099638382065	0.6216130765411845	0.8880219625112096	-0.029322365789257596	-2.216211013838015	-2.06622971236766	0.713931393265667	-3.5618495462534008	-1.798806344931787	-1.726606279275293	-0.501402228443377	2.7198958660279775	-2.859871547041397	-3.422907249360617	-2.693390220568832	-1.6085388803915681	1.7490158148650132	2.6635217096752735	0.15964437800777423	-0.4549231813899513	1.8425702064052536	-1.9757758168725188	0.29909617827614604	0.22178058304079473	-1.2167541515534335	0.9359513315875478	1.3327010415987006	3.703796824059912	0.03523949112070942	1.9017056825061198	0.06738937680899021	0.053192263248753036	-1.4535593164769414	0.5635696366561895	-0.4720546647004754	1.159428075156689	-0.668255071293636	-0.15094110359297916	1.7519358990349598	-1.6204318107246063	-2.1229075957347816	0.5754276913359024	-0.5426713960842435	1.1092192529109501	1.0128990703149547	-1.5584939535044595	-1.302329614894177	0.1917759005864724	-1.5322853572427644	-0.7299492399136288	-0.08796603178924227	0.12143762932347119	-0.4799110428380674	0.6161476521960956	0.5701243402003546	-0.1514371803655454	0.5963900185967826	0.37041048516917807	-0.23280930911711153	-1.427327194026077	-0.15819955608987749	0.6197855384886332	-0.005407112781995824	0.53129084741529	-0.2205465968142172	0.001532978801278252	0.5103339497698076	-0.4600090326338422	-1.0580469478833998	-0.6783842853385501	-0.531189821424662	-0.6912357291848054	0.29635322130754777	0.01943766096453107	0.5064221613550997	-0.31921743774739886	0.6497366096821426	0.7953431024129097	0.9966650409954313	0.12112251259888701	0.5132281703061248	-0.4034618474525727	-0.5539101910729737	0.03987548711419896	0.026910900164939206	-0.06163704152483699	-0.4136427047853074	-0.17530522355032516	-0.644056955881528	0.5626397899771367	0.8862350251930518	-0.36122975057442475	-0.14311719344316434	-0.5017272589276703	0.6254620900244319	0.24336999312277746	-0.10094211626422696	0.4182087553106758
DTXSID8025337	-10.554237373436097	2.195686050457387	-3.6969677385543274	4.3076918525116605	-2.1815856507410816	1.323135115282714	0.07870924308823408	0.015735618236317823	-0.6117375328769711	-0.8068038088226446	-0.46819743540720665	1.055732237246053	2.139893698915822	1.3053501445166353	0.32047905384719944	0.33389324439789486	-1.2213538779663031	-0.6347880730714734	-0.5946034373539831	-1.216041163653023	-0.3748831498686135	1.0723556668409715	0.4400176013791777	-0.6242243459953847	-0.6871865645370393	-2.309461448112013	0.9070993101315467	-1.3001920462297798	-1.790981449265061	0.27162150276004215	-0.1329118301740004	-0.3124744257847913	2.2726319967626196	-0.373657664635916	-0.20660699574791724	-2.1837473969876027	1.6659565622199841	1.0258228245426189	-0.33973888705851973	-0.8101733095370923	-0.31841143042702796	0.529602332064998	-1.0088717546873898	1.5380261244141409	-1.6330035050073541	-1.1361417416995108	2.1431118303801147	0.19265608719839278	1.0168988761983175	0.21517031361639316	0.790676044029763	2.0207272165923706	-0.8771113254271513	-1.6219936727790931	2.106414188763531	1.1688716201034883	1.0423693182432543	-1.0996069708931735	-1.0959682989118773	-0.7419774295773198	1.6457328288315074	-1.9336617584255318	-1.046387570936822	0.2527177831566163	0.42097547541696023	-0.5229999852602103	0.1545837890112516	-0.13943575819491746	-0.48583927534705296	-0.2567227291286315	-0.13920166602139583	-0.16481827854599385	0.29059259768918316	0.6573340143608082	0.19154434363223075	0.867334567638244	0.027484846382884783	0.2576753200460379	-0.8116209743732248	-0.6257394296082557	0.512873639045068	0.2843214923698421	-0.30208368054255363	-0.16607754727453927	-0.3155956004320539	-0.7132840591097916	0.6820025575120614	-0.34460218630673195	0.4655209132404954	0.07219758246753215	-0.09953409801643241	-0.06361637999161644	0.2802683397138311	0.1588635397557952	0.920893439043539	0.21354151099579854	0.4725401470681524	0.6106284598509121	0.4046834173182736	-0.10418615794889202
DTXSID3042051	-3.425332081119198	-1.2876100956236043	-0.516297236555195	3.7336804423373953	-1.0630598594326848	1.0019268407166935	-1.5740647600692006	3.4345992166859913	-0.5977628910929196	-1.5959791127906873	-0.39392991577722514	0.589821695087557	0.5531545139816526	0.6917652191570096	3.9791302334424437	2.06395716225828	-3.345105998690817	2.5025650595464453	-0.934436587147261	-2.3870449665010134	0.14381365798962012	0.2528653053917026	0.9851134594831598	-2.7589281533917895	-0.7419568074486801	0.8962641940214477	-0.7332018823599861	0.23592976201669782	-0.15167082241568253	0.07885796151293982	-2.504491036924139	0.793499075377399	0.08610410039619784	-0.37073853667062256	-0.5563626279326022	1.3125813384937102	-0.6027293299685141	0.6428682117243657	0.1353699561189074	-0.0585123928389932	-0.3757350049774545	-0.3277013104034166	-0.010367438203026645	-0.7778747575591431	0.24491055517592944	-0.1723816572398946	0.45545129690965747	0.12551801010083533	0.6889511753326655	0.4102548077254623	0.056736482774986566	-0.21024068268124316	-0.6538280277526002	1.7844380443748966	-1.5989000465348542	-1.1866929512271434	-0.6080404540140925	-1.3654447647994732	1.6364728629191092	-0.2913799460408229	-1.4766093618615075	0.050581110614358056	-0.12149532155105781	0.5025731644485053	0.34586331654619634	-2.472519513239563	1.9052565269545312	-0.8902149071417722	0.5135199858896359	2.3871897172888135	1.8554811144986705	0.982090858808319	-1.1079817756837833	-0.027767749226298186	0.46488053974793464	1.751566107073886	-0.6843506949361627	-0.5483647663054648	-1.218924559115353	1.261311855251699	1.2857425422690396	-1.2780170664472636	-1.3701267351402122	1.7656531177314414	-0.7487664578637834	-1.367600101882556	-0.4825536679601763	2.003833339454318	1.9245465428390005	-1.4457376617872941	0.5636163374657819	-0.6626518963344707	-0.2071460141325672	-0.33372568376264167	-0.015118953801322055	-0.5649204499553776	0.7079671942598446	-0.28870921258304477	-0.5045134374348413	2.048735569862853
DTXSID7048825	5.051034753888159	-1.9423989698686437	-2.9845041363741154	1.3634542384042043	2.7001700135024964	2.399002248507161	1.9477084314199005	-1.4832808657075203	2.7157134096534166	0.04081679864205609	4.180734308425203	0.12033477641076085	0.8199680812910548	1.4922433322975062	0.08364637316519358	-0.6540415059969815	1.6877669400033999	-0.5694917040843994	-0.7479097701754006	-2.0635289857893238	-0.3877750377969837	-1.039376024261091	1.1230931777062676	-1.0272881805002516	0.9215454229436592	0.4215617416770786	1.8042584532928057	-1.0414565937076752	-0.8689275316904919	0.676697644509813	0.28980483354641273	0.4387343001346677	1.4021470401757115	0.919083351820105	0.37071669472279334	-1.0996364498281839	0.08868240741705272	0.35844740550900234	0.5358422709753798	-0.822068013659503	1.500919391726334	0.21651981098954698	-0.1194150384754	-0.5602165860595493	1.3113443145539239	0.5475518330642687	0.2596772435735976	0.525731903216787	-0.2931605788335803	-1.4397824143189564	1.2499407164659526	-1.1658070645787115	-0.4304828479460708	1.3079692955705848	-0.48862010497871394	-0.3313617337458607	0.027161522519963614	0.6643903709551188	0.6898188042645996	-1.3149293409278053	-0.6890668381203756	1.4747044618192462	-1.8634261642711825	-0.09638464976825685	-0.20891097998701258	0.043134563675309955	-0.5291943156453588	1.4071103943438261	-2.3576606408669534	0.46769421854202037	-1.7373204997178684	0.8660020438956553	-0.4823159840780701	-0.28691676514848935	-2.224031345413951	1.4155553097287965	0.46928527324276276	-0.7458277529253226	1.1293193906725387	-0.5271504618883905	0.4979244054802768	0.7635698997779187	-0.23940461949639058	0.3185916217522392	-0.5779301791494162	0.8215160551297905	0.1311263325877805	-0.6209134282751388	-0.5532297143060153	0.26783999503917305	0.20911791006389266	0.8098155162263445	-0.6838197485582946	-0.1972931704268866	0.11335262702009131	-0.22576884533090208	0.18348827001804716	0.0473895964783368	0.21300242387469812	0.1748652926521205
DTXSID6046763	2.9486071519672317	-2.6818270817824996	2.079233142168387	-4.812704575993213	-3.313152606420267	-2.2606968580532354	2.6191416923914175	2.4538936935573594	0.21688281434660261	-0.003990714199294237	-0.9939543003216481	-1.1188226912582204	1.3752607786229443	0.598962740906906	-1.026415231128384	0.5730651629088207	-0.39476261564544823	0.2543872201190087	-0.15283057558216073	0.9161596812182776	1.262377140836534	0.10806171060889513	-0.7808019663812701	0.8258499927275161	1.36140628996205	1.136612125667737	0.11547782406827542	-1.5386254493059879	0.11305781706710259	-1.1235724148092383	0.017713685999825552	-0.13165230329486255	0.5903323449990203	0.29252123287047277	-0.3449691638325358	0.5645465779319324	-0.829858665732509	1.323824559023867	-1.7615984017617823	-0.03550200451104806	-0.25684240534224717	0.43127623822048816	0.07323724836886042	-1.0808124914888086	-0.5923911953535983	1.5338644586737138	0.3543502971176777	-0.2595423288224133	-1.2214128150580923	-0.903565899126407	0.017050510589168323	-0.6325134075347985	0.3737769943974881	0.39869576206827984	0.7487513475901615	0.6861776096508232	0.35272746338537864	-1.1183597079721053	1.1974718441564474	-0.4301784341859507	0.9597008570752897	-0.825980555722383	-0.18106965383561108	-0.7497056423845122	0.1735368536346857	-0.2416854113985248	0.848385565392751	-0.6876596796735024	-0.4722495496645722	-0.5732722304364748	-0.33664565374345023	0.0681225880692072	-1.120655020553735	0.8514726338487254	-0.15531334250318854	0.02149176489797277	0.2625045101885894	-0.17924694092598184	-0.8801994805277212	-2.147800659110692	0.843313532596419	-0.7357881094754837	-1.2014855858400917	1.1150066780976542	1.4017600062205642	1.0290986696322415	0.8075256771611973	0.7363616159495521	0.21817554935884542	-0.14719914251483032	0.35211044483560405	-0.49023183457311414	-0.7684015064365133	0.6349157877831051	-0.41660238240773284	0.008032468374470312	1.169074615366963	0.41209738645199057	-0.6039227185380897	-1.2977956752854942
DTXSID0023036	4.316333168394309	0.9995489019287795	1.670829629556999	-2.417115026879509	3.457008394564407	2.241956356472787	-0.05160287019168995	-1.3873702024144638	2.7584944519182617	-0.38806077628795393	2.0616973420147406	1.1900477481300575	0.3786728047688463	1.2374791065526562	1.2465183272431268	-1.4327634654700845	-0.3766975117542218	1.0186830198223975	0.33619508759979067	0.30362932197841586	-0.05989383081817395	0.13825879261456386	-0.6455086286914484	0.19424596682296083	0.15193267554425588	0.8956362897123293	0.41812789923076193	-0.12882517977109845	0.20721350530549124	1.249589057198882	0.9885460388991034	1.9039826366791281	0.7273122557577243	-1.7402481718720686	0.1686952713186307	-0.45249483281188246	-1.190757808401006	-2.179427716425936	-0.09344271653103882	-0.73167223056393	-0.10772456431762834	-0.9928430325412922	0.22638543464259536	1.3634008571102427	0.3991552280097112	0.12827124832576095	0.8124883067720733	-0.695027109917308	-0.6067955712658585	0.4842724520166105	1.0598040999304514	0.27471730068814165	-1.41097814343881	-1.7457949929134111	1.409579593025348	-2.3192958684116975	-0.8243006898983339	1.5206976664105174	0.852342807795942	1.477448391506561	1.8811048409532618	-0.3906626678118212	-0.08374138095743486	-0.3150358808554995	-0.4620296881801946	-0.5080593453940997	0.3247566192476977	0.20894366188130362	-0.2838477029495803	0.4538512615895621	-0.4360573592470297	0.7560658374816289	0.21115372821093686	-0.4949836852204481	0.674109316275925	-0.6583826274561468	-0.45387308113651553	-0.0025983763357575896	0.4831352718692951	-0.017633076420743927	0.4258987837825843	0.18884578857032502	-0.8859472603625183	0.13426231122213086	0.3237297413152053	-0.44966472266986196	-0.2622888342391628	-0.44282558848139697	0.11362362763766327	-0.9132473086700913	0.20589187979517243	0.1522012223205898	-0.29377756449433196	-0.2957950291613839	-0.30526099253279465	-0.30625628884589207	0.2105231879618545	-0.06618160163624315	-0.12358055172909495	-0.086161764915333
DTXSID0044573	-0.815970961990309	5.559140378990698	-1.7378661756114497	-0.9396169720613007	0.6275241833859239	0.23513622675653098	0.5235424156304684	-1.6392667060069015	1.1980452966118034	-0.5458094058364182	1.2220686234867029	0.6289426572456599	-0.3998887010707451	0.9356797450420379	0.551908682815854	-0.28981397828053596	-0.12851042423795994	1.0844625457547723	0.0265871426977844	1.150144992285276	-0.52660779740794	-0.1114520001944064	-0.7024721023019773	-0.10319359257241559	-0.4453094383707926	-0.7097473905054572	0.24012339720181433	-0.38556353099704904	-0.661932764135784	-0.5687822716876818	-0.1558986079946657	-0.21952264326710233	-0.64283443792214	-0.19808352727478268	0.10885711747677122	0.04605841463673308	0.4140770870336396	-0.2369775891811431	0.8796212688803777	0.31046011010813523	-0.25611890474294596	-1.0848561458642232	-0.41511926436562735	0.22652770333602418	0.20515981683734896	-1.2205109009339359	-0.5309114489477883	0.17972188392125812	0.0734980839566184	0.11432360649751679	0.009807087684420904	0.7092761867156844	0.09442569324060197	0.11962356669300978	-0.25718551651776145	0.4249249678540962	-0.738166920941854	-0.5936127020567219	-0.6071237664071065	-0.6738342032794579	-1.2781076342182496	-0.4063331859048556	-0.5043762217693	0.28978605675537716	0.506404753876411	0.170862786004295	0.07824802626139434	-0.054639070919808255	-0.35734591868077137	1.0606070446869917	-0.1787169122122971	-0.5727678221371366	0.47496190259503646	0.4158845854576617	-0.5581816571841727	-0.20382699047525976	-0.3371804098773968	0.4950656818468026	0.5520728852740848	-0.28600635993684315	0.6229154982303103	-0.5605697781537193	0.6990348326446085	-0.6250698979150815	-0.04646756823993959	0.27318617828159053	0.5547425367443842	0.08886894646616168	-0.6707875930915528	0.5227718754523064	0.21906773237105298	0.20887080645890124	-0.017210864592373514	0.13817388855761864	-0.07865164343964956	-0.24186368812754383	0.08989640740017815	-0.1021524823569757	-0.05659162428316629	-0.4621591931480903
DTXSID6026537	-1.33402486430518	1.7611902799426535	-4.040015946842129	7.978125863194845	-1.1391239236524486	-2.6766052125918653	1.113872298030039	0.003596124895095825	-0.9382544607451067	-1.046620597855428	-0.8892219643174119	2.7481561546417095	3.2010166202097885	0.7704504558398104	-3.7881862963573845	1.3619688652425543	1.1502497324109797	0.1614285001817428	-0.5738903538117074	-0.3912750443791369	-2.9162633959043185	4.878366649774336	2.3113206804692346	-0.08468875933372762	0.33218074266467007	1.1967360844910757	-4.494863400402334	-2.2429942536675678	-1.2327317919138656	-0.0258268811409654	-0.21950423218829707	-4.724228406550459	-0.7442009302288539	-1.8576734840744877	1.6503687757024785	-2.123586201610365	-0.6786793040744744	0.9407864173712959	4.465231152778065	-1.4398844115119922	-2.8959690548022494	1.1573537342193498	-1.7483256249184018	-0.09003460736786606	1.6454952136212455	6.396653487050844	-1.0639783828123173	0.2976733055154331	1.8256044781873229	0.5982829237804447	-0.3144862511046187	-1.5300467155415816	-2.1172810414343197	-0.9290530462109039	-0.8291721315902192	-4.428011431068464	0.047586121073086705	-0.34988152830510916	1.421917289413719	1.682543462775605	-0.21446523167293205	-0.9909065180456266	0.884215987097268	-0.7697525092488934	0.6009241046004663	1.0373060934348348	0.4949949375566446	-0.5267278518537843	3.057305262395266	2.168437871379165	-1.07906707141396	-2.1618815767150923	0.5506100615831978	-0.13511398089580984	-1.2831510032951032	1.3269803650147114	0.3331435767409895	-1.9955004217236452	-1.172886793945367	-1.2158733993558317	-2.1139495615786945	-1.7837706272364555	0.9073689928083603	0.7119710268158831	-0.5942899215969227	-0.2946295991516701	-1.6270632460703345	0.47765190800556495	0.7960736612573197	0.2989158267881306	1.075364077824448	1.7584536271718982	1.388612258123024	1.2522927473448955	-0.9125817037870896	1.3078572652791893	-0.20234471523237277	0.9357663920791954	-0.3378351756694101	-0.22817746264250574
DTXSID2045781	4.469427833941886	-1.7674841601374145	2.4529393546020124	-2.718788540751563	7.140904416467505	1.8046161013563908	0.05689145529054132	0.06978376487998532	1.0852133298704276	0.1817133238376436	-0.9936285498384131	1.4188617578456455	2.7429955310516334	-1.5285166681412852	2.27475156769429	0.04525434385561281	1.8431885579980074	-3.317951167491648	-0.698172059127118	-1.5677494477911293	0.027980828766265814	-0.07404910382652535	1.9049606316869951	1.501710110279019	0.034464195271788414	-0.8290151749445802	5.20839180243353	-4.487584201748863	3.2572930296878337	1.8499191718775807	-0.829709901813513	1.2328418028261858	-0.9142106330304001	-0.787109880573376	-1.6353770407958848	-1.6193739279985024	1.8915739294155451	-1.3773761890047558	2.2437030528491393	-0.9821818053641156	0.7935615323910903	0.37389805087416467	1.0028099650238447	1.2197387957952008	2.512220491735912	0.4141225011911491	0.0805026944280437	0.4471445184741014	0.42844858508366396	-1.4559337723276615	0.5492038205167089	-0.9442110229218519	-0.08293614315252598	3.3506050889082553	-0.703066199274702	2.0714038862882376	0.7318402683686304	-2.511141054281978	-2.062328309695595	1.2443661265132848	0.9739163141525211	-1.3714186573956448	0.724398547628524	0.013692562803715188	-0.5646836094529551	-0.32343057776033746	0.8326590019780666	0.6638645918521708	1.4847193943202643	1.204508527154056	-0.6311596561014836	1.4684439076786886	-0.6829589868782323	-0.15557197822220573	-0.6345350439565494	-0.1689317915095432	0.3944236884257581	-2.124600768809673	1.4640726157467039	0.1717443320114619	0.31116792920306174	0.163553172984679	-1.1694118670542266	-0.9013289374588103	-0.7266792902396316	0.4988139356053753	-0.313730884638965	-0.6544350225858858	-0.019003792440878357	0.6428578308214263	0.6827445726152735	0.6679528453385322	-0.04014942909360663	0.3924581103413632	-0.5791316745909586	0.3617315211344141	-0.9173047533986036	0.16692890061885812	-0.6517349331543761	-0.14867232378569595
DTXSID2044391	-6.479066445071801	1.476927282609263	1.7673099911449073	1.1701283415389494	0.09002237504400103	-0.697165982377354	0.9806952466939771	-1.2876662598150703	-0.43158131794503707	-0.26398759038362524	0.9235597233804723	0.12410093486659093	0.1022618643846143	-0.6291071567219274	0.3660072821104389	0.012397509049702084	-0.39398336764080294	0.40203753968892303	0.35585460318229256	-0.5235255859084837	-0.35859713930292086	-0.10850168913599896	-0.27437884144258173	0.22874090510988382	-1.015801800801182	0.5488923312317562	-0.03889996875419485	-0.37982987448324	-0.4252549309604331	0.19841509697283793	-0.19301287629688327	0.057797641749108015	-0.6232626278111675	-0.14993372937209656	-0.002623003574651072	0.14878272087937244	0.2598567738636334	0.7441502013205552	-0.32393299059190217	-0.3068027448336715	0.23630910566704613	0.47230349445941344	0.0944815448516845	-0.3761529533199531	0.21496889320255527	-0.023150929948035758	0.12483928741637458	0.7280840174726346	0.09405288637487313	-0.10337000789842593	-0.5465127236962989	-0.5152949687660271	0.12139565592332018	-0.3443040893313324	0.3192680282314839	0.3744039360264255	0.0738154367749341	-0.5220474892928797	-0.1422095381341697	0.11964917642447467	-0.22868636189267355	-0.1495460743658461	0.6131844919805138	-0.170966091234859	-0.09725925069287261	-0.21359600130354164	-0.9294833836058223	0.2105939979740664	-0.18253362490857308	0.4556880198187432	0.05732433403525701	-0.2718384038973751	-0.13015638894966033	0.7413822455943767	-0.027934818504190516	-0.08376437211783928	-0.4329472636379365	0.34053300015167187	-0.1539572293286102	0.4044933674389779	-0.3304449375200685	-0.10422585750514998	0.18274864037614236	-0.2530971843141195	0.011681059825695969	-0.11087347363438417	0.037392442855819566	0.15099586331428694	0.14605757629260663	-0.15799909374475052	0.19813641922530328	-0.0030748078206625836	-0.038953419336617494	-0.04110882393159754	0.10766122388972603	-0.24612807785046184	0.02822611402230804	-0.17519227084709152	0.05581072250742032	0.040651355668743484
DTXSID5057751	1.4563163451125685	0.2501592991914978	2.7688676151550364	-4.030806361219391	1.0175911859742859	3.717853169867541	3.7912300389943603	1.1421990128998	-1.530603047740362	0.519838789719055	-1.8657093597769163	-1.8681725053295555	1.6430738473397737	-1.0511564292962732	-0.00386674106306479	2.378946267041496	-1.7307893969225867	-3.4222262259281204	0.03900837236620078	-0.13904625660971623	-2.9130674122910762	0.6998317969822779	1.4151582213434062	1.5328666911497728	-1.3336776353404574	0.8181266047446564	-0.6908226008760273	1.8944856054551484	-2.8487285437549317	-0.5214060268657597	-0.002023848376071807	2.412329678811522	-0.5312077829960196	-0.14080142942262014	-2.138964376912531	0.5078609032575387	0.26847282292607505	-0.2422620049581764	0.45525523589749334	-0.08111049409959663	-0.0382487386367812	0.30313573285897727	-0.4597934570718116	0.8736504704388115	1.9583738250816871	1.2506739493154164	1.4024454989401927	-0.48461317305533447	0.1453283961375773	-0.12555250760921774	-1.217152829862161	1.3050943514129878	1.287889142448108	-0.112632443809884	1.60388698938275	0.5969343934999319	-0.9096971552498494	0.3086084382946741	-0.0828922078948598	1.2753313145431202	-0.9585034751856959	1.7949423501321198	1.5978287921043803	0.8646757394864106	0.9700226752425263	-0.4549388788256939	-0.6266111134517136	-0.49316980259599663	-0.3834122804020316	0.49527991797890364	0.28635055704464396	0.480655391520191	0.7396993990904762	2.4217855628431857	0.2639340735772675	0.08299739943267326	-1.0254687951924146	0.009207922349548363	1.1338446048255335	0.3441914712701942	-0.8214229515647805	-0.38658727681587474	1.4965982676745069	0.12217644246558702	-1.364844549217744	1.4645104205635802	-1.0955031288082122	0.3946396874605768	-0.22313582830769102	0.5465000617693008	-0.41849332528978705	-0.6398532950209848	-0.12695110490248618	0.44594315363238485	-0.24763955795313	0.0006522974422145057	-0.3594859091469807	-0.4217961580983547	0.005424243092058816	0.15282197953620733
DTXSID4026842	-3.0705956526512512	3.5328779481630823	-3.1516145619069103	-0.7426804428871705	4.6919670430887965	1.1786156706622604	1.1336834829540043	-2.3094872386907723	1.0479441067065256	-0.4127519027686535	-0.12914152304272705	1.6434052290129741	-0.39607543552379093	0.22414570629613503	0.22472399902879828	0.7923207329524303	1.8913083645068505	0.8133289761984835	0.2131888224858462	0.5112151471199311	0.29473562485374344	0.31059190114766794	0.25257839457696907	-1.1745813724557068	1.5011286223319789	0.057069475452782376	-0.7805575986132606	0.8772810931670249	-0.7842563837862804	-0.9916988942409003	0.15244671427859618	-0.37370441302041435	0.7252051824193445	-0.34924969649793736	0.24539352558729638	0.0623126277050519	-0.1725534351579878	-0.14180698143300308	-0.2739642750008033	0.3568008074348085	0.04764319292772828	-0.4401631848001114	-0.5540742640907059	0.6997302797473405	-0.25027653346165607	-1.0852548740710453	0.14168008434463855	-0.5070747007891099	-0.1219682554449816	-0.04348566075157266	-0.31358824451368156	0.048583136862885644	-0.37347640740217874	0.13450337999803655	0.14934816606725734	-0.23279506232361621	-0.45781679178402146	0.40462037974325743	-0.13653441382226938	0.011679374097417474	-0.2538102245328094	-0.03949732246888819	0.46711626384441357	0.4314664404539053	-0.11225161355597262	-0.6163010579401577	-0.8085768632485357	0.31867358811489166	-0.45505213961341756	-0.18605226445662168	-0.16521799902255063	0.20254246740811283	0.19673806140710506	0.5247947906035018	-1.0058230131286048	0.18114106793487703	-0.2621031371192739	0.5931858292616953	-0.39786416940879626	-0.040168577164254295	0.4756308126718638	0.0030897255487119606	-0.06684287774045855	-0.03560828678362757	0.5549347985821697	0.6215379578186715	0.10642967060202775	0.09169373477559094	0.12338107052407724	-0.10341724655905121	0.4333823476157345	0.20630462893962384	-0.5393990186536276	0.07505022396174567	-0.0980539223147218	-0.20150670276487948	0.13267914140206183	-0.2011198538677741	-0.13564248598590653	-0.18981903397160638
DTXSID8049048	2.223119734673034	0.1531612055052423	3.0084510898172208	-2.8707894831177	-1.061880442018182	1.5290650936829318	4.46538950602943	1.2187050577946859	-1.5602165612780834	2.897830849704251	-0.3160636890101991	-1.430169442380304	1.769154684209139	-0.03133774207250326	0.8213975408425949	0.8793189734470092	-1.0558815180424932	-3.9277241134880954	2.4042511843423964	-1.209017500947996	-1.5455670765631428	0.420975907647726	0.9517346612406149	0.41795812481939115	-0.07052210527691777	0.4424862515889177	0.16656102308938106	-1.285896808611269	-2.8322808245783575	0.41131458871819876	-0.3400618006480287	1.1328106189008764	-0.40066555453064695	0.5074842854025072	-0.7784395025650718	-0.8161518158072482	0.5222796562733403	0.2571900992742445	0.7745966115891832	0.4744557227370656	0.9635027499450333	1.120524572610629	-0.5748148162654287	-0.36188926579169056	2.144084886516111	1.3568699838297313	-0.06481047672790241	0.009424051242440428	-0.6325177366983848	-2.165001948285994	-0.5382043775202415	0.28325523478357895	0.06531396796831958	2.024984416890479	1.2750875417187681	1.149591218414656	0.9299755084558811	-0.2402956581950651	0.23732268644235804	-0.2626585084866984	-1.2540854263657275	1.0082537129209233	-1.3175114228049505	-3.876340844141995	0.5326266428101674	1.7998698275276084	-1.8630051470575868	-0.43254022776499307	0.501881937453342	0.838414220084699	0.5703564655700062	0.5372797568388139	0.6562315550254627	0.7626303670955675	-2.239998728801147	-0.17176252293855643	-0.36644608780368704	-0.5277528586130732	0.655946331377985	-0.06499579522473747	0.09237147133071207	2.422350481726843	-0.6889348355539457	0.060224166891211954	0.5814323129064509	1.7633524458335736	0.4674708257934076	1.3348905552847425	0.4991551719189033	-1.1250293760110648	0.9286556288184732	-1.9248136556069735	0.5745216911851728	-0.14480621511284975	-0.22474177468887443	-0.40746608256737027	0.042552355182651276	-0.6224231128679876	-0.7362503691021651	0.37899637719068835
DTXSID7046045	-1.0373766588907125	-1.533987621471655	-0.9590311043612494	5.581476996348073	1.2266275177638188	-0.41186803963219754	0.817140441833439	-1.153605108473391	-1.4543113879229388	-4.483289552140793	-0.7844256571786342	-3.013675636966507	0.30112177668127127	3.3249209215022644	-0.2366334295580049	-0.7655791568217083	-0.689073897748412	-0.046884397831859374	1.8783059465806968	0.46592372120272785	0.6972869215451959	-0.5820933111050808	0.0715063332024425	-0.6164547673263832	-0.8507231514458469	-0.6625767427997714	0.07088156121715514	0.41434668745592507	-0.3153758229990566	-0.3417563736227996	0.21584154251104393	-0.07480290529359195	-0.5747862049927518	0.06751004236537742	-0.5468868418489787	0.21063499930383248	-0.11428169932014899	0.5645574289802948	0.2354898579241113	0.554698878915834	0.2658639380010926	0.3899239486708862	-0.7040408744827306	-0.0698539270115129	0.08809939056870891	-0.7796210494749981	-0.15584927818902272	-1.177225642796835	0.11540169947064426	0.7527734031709702	-0.8299849130648924	0.14316760322081293	-0.679544900993757	0.24608215394435468	-0.7047344372252561	0.5455439400609946	-1.035406371335316	0.12283096376722749	-1.051063942079095	-0.2497564664374625	-0.2229401717072435	-0.335480533377197	0.09524512689475657	0.4214774388568144	-0.7467267555280906	0.018638787735305345	0.25785886417391585	-0.2763394407837851	0.9699031044195426	-0.0721426321085248	0.3051156997184214	-0.23177485284728438	-0.18326055984854064	0.02722503530148857	0.49548535562216606	-0.00021973840404859528	-0.017548551510117815	-0.2901788802926574	-0.3565701727586066	-0.339604780754987	-0.35913289361105666	0.5250647334310993	-0.3748109016036838	-0.536753069955759	0.004318536372281855	-0.29552968411608305	-0.08164986277650924	-0.296974393253339	0.015514180622557733	0.14955566254524685	0.1207635922767525	0.22880471934654836	0.5957929051314967	0.5195231939003057	-0.0699467459346278	0.043118922976435624	0.0411379117178678	0.44286547184690306	0.6850591943981741	0.4534222407862415
DTXSID3059971	-5.105286081916665	-2.084637516863205	-5.075884610563744	0.13018398961641495	-2.0766097948754916	-0.550843698409231	-5.46663657217436	-4.338205364489656	-1.792987415161055	-1.5938722278598023	-4.266432480038058	7.934771705311593	-2.778093498720967	-2.324470046594469	1.9800457791259733	-2.226730824086927	-1.2264996168551037	-4.42877455484504	0.29432310832077024	2.562226544827657	-1.6373239965572226	-1.4057046818985972	-2.031551379742428	0.5301676133469491	-1.318179486894028	3.36601079105521	1.3616145320167572	0.933623233748026	-2.3890617155803873	-1.7723206311854063	0.527946492272139	0.49853598053746234	-1.3194099924000482	1.5493345928559392	-0.10725790955130451	0.5287250216742245	2.101641950568405	0.8020515547669193	-0.45244917643324	1.4185785455657505	-1.3642095325758	2.0074631428190535	0.02792055784124282	-0.9640090847861952	0.677612188498633	0.5813762061198704	-0.7558433484420736	0.750181891268105	0.0333458736259669	-0.41304006087674283	-1.9932472282868017	-1.1761590097189294	1.2899949185554862	-0.5395233648077239	1.011021289016216	0.04095516600197417	-0.11616750696424138	1.5124994663460458	-0.806091114222678	-0.17718854157195071	0.12268549817075852	-0.050608803873004767	0.10491466217045069	0.23351548506192354	0.7979745339975742	1.0005748039741396	-0.9837726060894179	1.2996695009525736	-0.017286427509199592	0.42154883501696155	-1.1106871242636953	-1.0525317183886254	0.17578172058326258	-1.7444272323235765	-1.876283455509253	0.1690666726015935	-0.16071680256709647	-0.5879197351680436	0.18237313171554742	-0.5574695716122787	1.0054403219770558	0.3167519466113395	0.07084068053615533	-1.017853677227067	0.8923308546707022	-1.222293819274069	-1.0379963914031733	0.337733506887536	-0.5652548121196254	-0.44718312864505816	0.10627178167140769	1.2883224985422892	-0.34446571576719726	-0.3835378170689015	-1.3822393497283127	0.3230916883885853	-0.4119222784206237	-0.6490575539575918	0.4327220771978629	-0.411736208145011
DTXSID8031865	5.13346315432548	-11.833578439742277	-10.24328139122505	5.059124509272545	-1.761403727537428	-1.5217384517785049	-10.596490644842131	-13.075708879003319	-2.4287261803258	-8.864479315874338	-12.74888917070483	16.962096625678225	-4.109965329766054	0.19260187233693427	1.5121882924467784	-5.875964593513463	-3.5083988862519164	-8.051257450094056	1.6199024145293996	6.240642714261893	-4.440183803127155	-0.9080447654254411	-3.654508756465285	2.0420803678167787	-3.283087122846546	8.043134738569695	2.768297907395942	3.993166215869286	-5.8532620308924574	-3.5299614199344207	0.5944248669934239	-1.961586729466343	-5.570546441475868	1.1860517209594321	-3.264988791299456	1.2756742255648088	2.1490425431148092	2.084346695328317	-3.282112677614333	2.8766043267377337	-3.593513608854713	2.140666239671765	0.04596219325854255	-1.0166556128033157	0.25914768799779525	0.06906654578609041	-1.0318838018596654	0.29561389836951546	0.9416001366823562	-1.3735070696795346	-4.545627258742764	-1.1715245165930628	3.207476979757985	1.1899674304765695	1.9524173109763348	-1.407417325458611	-0.440912619183227	4.232765105418634	-1.8201604635271715	0.35171391673787344	-0.24930621615631568	-1.4304367690085074	-2.6114606553610775	2.552305480111273	-2.3816698486376144	1.1753986803088015	-1.6497437436400502	1.4755924831686218	-2.2281936193447787	2.2230629292652213	-0.5205307358974924	0.807981615927404	-6.598976396458323	-1.855733609876811	0.010217061289496988	-2.560703703732247	2.5775006913184244	1.3762824664525672	2.188463058188978	0.328729627998494	2.7747998230594857	1.9272120997239681	2.434484403822888	-2.018203833335945	2.4487444733736474	-2.4295128390403717	-3.5688898177203336	5.62141551774043	-0.5325128263722273	0.029801123242822917	-4.0604233925592474	6.389013151624957	4.37473925930819	2.4961638533644708	-8.34080693231447	0.3958015196366617	-3.8000957237322006	-4.0129168362279355	4.74087868588269	-3.588831955543622
DTXSID2044765	-4.373446246679115	0.5839587326081441	-0.14260801864941247	-0.11446583983011155	-0.21629284855605974	0.8065442220664173	0.9002888770992292	-2.027553810822425	1.469576198217469	-0.25993568515703036	1.2310232130276013	0.20831050858886094	2.227785646997971	0.7617923029390752	0.20713718197264208	-0.6077645253917147	-0.02492351367439809	0.6792847437117885	0.20912522646047488	0.34445897275247583	-0.8865769811399591	0.9768464715770504	-0.6936336439925017	-0.28911866550290555	1.0850292036240137	-0.2777522429502773	-0.18947656401634871	0.13861632203756746	-0.6491360462086249	-0.01747249424982918	-0.19631208226053892	-0.0625412870718239	0.20523129556386233	0.18881746416150863	-0.4438163814454521	-0.08304503953699786	0.5449488772388965	1.0476639524439437	-0.08174900245332964	-0.07885260927163945	0.3600569583557636	-0.5554168846438131	-0.762470513278212	-0.49615121267105844	0.05218979290474422	-0.4873897550647953	-0.19253987367411196	-0.47824599033441606	0.04863313921609533	0.5641647694466809	-0.07165693660282792	-0.706937453807148	-0.21377988648078822	0.35168473743598677	0.0795825020493808	-0.32116582699982604	-0.6377591134894375	-0.019215704617599846	-0.7048275274207005	-0.059822402501263985	0.3410434479112875	-0.3564530639632559	0.6098202461240665	-0.26649670633653905	-0.3259902565796729	0.21238971334062315	0.10674562314837807	-0.36412448595852065	0.0011581320095768622	-0.1283108907838139	-0.3441067039939781	0.561076090571336	0.040028142174756316	0.23861520478141376	-0.32924857466759705	0.21740730541207343	-0.1351524952904474	0.15868794635978925	-0.1271393569007118	-0.15666300434179617	0.2965257242183032	-0.7990883605893604	0.00835524166348606	-0.2920217663927929	-0.4226618082597531	0.06625890535177605	-0.1205455875728885	0.23231761945848026	-0.032037146495815426	-0.03533569765703649	-0.007976826519254857	0.008518689513183427	-0.37805807298924315	0.2599434888768443	-0.15522607890650222	-0.3107136521530619	-0.08426805873658041	0.12926165236552561	0.2815670854698796	-0.09097848501956757
DTXSID2029668	-8.921118260201593	1.0500159116475898	-3.056170430428984	3.680807708548988	1.5822271561265495	-0.5600343726125873	0.13471788242453878	0.9441834191909325	-0.2193044600623021	-0.3969711211149284	-0.9620976966560589	1.2377729063985972	1.2618144644712959	0.005923366251984693	0.8908790975030709	1.706496624207246	1.1854224562317646	-1.034030426015799	-0.06350075804492779	-0.1566271686056975	0.1948770626809589	1.0903178923773886	1.3786957658105172	0.6307838358197637	-0.02611645661093654	-0.8837128773795062	2.685712679331768	-2.375415210734929	3.5583284261211166	-0.24475648510213752	-1.1980434910924682	1.5068410377940837	-1.2905198816185754	0.3149578260511778	-2.4753878648845693	0.3325833341556289	1.2769333121557715	0.6574473176282049	0.6723574634481734	-0.5394988971772676	-0.5785182966643106	1.508450124127117	0.46461541464546025	-0.16257458483410822	0.6530103198941778	0.5536031189012955	-0.3360961181971298	1.0644148786862115	0.6814151650861736	-0.14423268564252031	-0.3350099283676536	0.8394425845077624	0.3169891266729981	1.8092244329322877	-0.8135503432447384	0.2976917340270592	1.1773237249414468	-1.4649252487001798	-1.4913930034202623	1.740381366656871	2.261111959500618	-2.735282552918581	1.319346315616817	1.645700705979249	-2.2412267333524944	-0.41394013641119143	2.3405995398393844	-0.21860352889120152	3.246565074511113	2.45168071502163	-1.8366360641424817	1.200902598817934	0.5109100517959559	-0.39204707505380704	-0.645001453089283	0.6199313605766936	-1.1917851858068105	-0.29163808626396526	0.6932274358091499	0.12257441170324457	0.29626030279111815	0.26459100351479126	-1.3743078219581648	0.26184676715441196	-0.35236981673361284	-0.1124407859803592	1.0206755925932802	0.3686336582818907	0.16956651539493717	-0.03833650406397449	0.7419288699459405	-0.36880302266341913	0.09080242248963893	0.5266638694738804	0.6981155418515477	0.055117589127279286	1.070661569013315	-0.2811198288293183	-0.6028084634788259	-1.5672527208138933
DTXSID8023632	-3.3381041813614973	-0.2907576775861276	-3.1442862228377995	9.379258099703101	3.7146742854463732	-2.18643061418297	-1.5859062681017606	-0.7362198514617155	-2.267116196062367	-6.465971510038966	-4.664792821348377	-1.9954540108089325	2.5133720218946345	8.13150365752475	-3.102055446097533	-1.3045556235688192	-1.339850820964879	-1.0833136765134639	3.2924579303456594	0.8800694988135161	0.11552876831832119	0.49990875957710573	2.5993154669195935	-1.621272822057522	-2.0039530880495375	1.2749702403695509	-2.4472415213208145	-0.6923861616592825	-0.30874631634085953	-1.8528158327732356	1.5597167381526724	-0.6290966025065837	-1.6504045127057951	0.424064126113997	-0.2796290049497654	2.13188521931414	-1.3560706298445437	2.461840488928979	-0.3592927961634207	-1.282978557246438	1.066300323336579	1.3099961299266067	-0.48923073696378994	-2.485421420925371	0.7201754967603129	0.7104456252414494	-1.7212676948035703	0.42077960504631595	0.9465339165325435	-0.24470113870949822	-1.01752938222703	0.4517806453244953	-1.2193318658944197	-1.0818112070484198	-0.8620762603459851	-0.8273658554744352	0.6275845539315057	0.04711732058227829	-0.6912061118839523	1.1835825326480813	-0.355789679846139	-1.8233977784333073	0.21749934971145848	1.1675641550146219	0.5887709311694789	1.512362684461741	0.28451269007881164	-0.5633397649081141	2.032911871583771	0.9297865796530308	-1.0931734315401411	-1.3106651582459137	1.172749597827698	-0.4205319639739642	-1.0409305818271721	0.7513360641138437	0.9701786861767849	-1.2174393061952422	0.03007975430760122	-0.7504813410363708	-1.5684892721425134	0.8863904492551048	0.5919338126413803	-0.43917858066337273	-0.8498111378614227	-0.3863835526757325	-0.6305437878924434	0.3398433858762429	-0.2359760721207573	0.4040053527891466	0.8140021511350074	1.04010008218331	0.6808462207971558	0.3223348181228584	-0.0937609981436908	1.2681402908920751	0.0381156959825757	0.6787111180681638	1.0172820600038008	0.49237108841700983
DTXSID7037555	10.078376057198582	-7.649635244749771	2.1285678645028923	-2.627018999757496	-1.0279911608216152	-0.793207388842972	-3.8176488712378562	-3.332852086303315	1.850573241344225	-1.278086264444563	1.594729362666411	4.372060892250243	-1.5738453815401923	0.20322143437910972	4.8923669677207835	1.5593849289954542	-2.018476209080609	-0.4547568049059694	-1.2563739336052322	-0.934820684756621	0.9706842501684759	1.1782116049285813	0.32423540326614947	-0.7119790255664923	-1.395601985920691	-0.2622718455867906	-0.49266826694557336	1.9061060061192447	-1.2220583426618818	0.7841496336395672	-1.3014651677563251	-0.2404275694719486	-0.7039898749942862	0.605001024285393	0.2761638247375006	0.8516848758472303	1.3093163149626774	-0.5832865062749849	0.993463448920067	-0.11844959387610361	-0.015174479533107325	0.7173093008512413	0.10374967840350484	-0.6041300514383935	0.5053238622466035	0.5217484458291439	0.22792905459239723	-0.26126875925797055	0.8454726239169765	0.39179348777114364	-1.22414149931978	0.3675713037891937	-0.3546763645034159	-0.13351182830090902	-1.5134670747449457	0.12154585499623251	-0.8720925157787338	0.16143491051016126	0.4364602880568458	0.6602476609277189	-0.04741700052947725	0.9729153472434005	0.5015820691244935	-0.5997822112751555	-0.3399845782128905	-0.8674851199108603	-0.970395524559281	0.13969506761271558	0.7795135488330805	0.5118484040330619	0.6687232583744034	-0.39710135453490586	0.9184997751096672	-0.13316193949903768	0.013588655287376024	-1.0764969613239561	0.802879600051721	0.3517489346203104	-0.6780127779186622	0.21001997534934067	0.6663806333699064	0.22013947477976645	-0.08581039386439067	-0.18475209203820422	-0.09009464396200872	-0.6890020260836949	0.27090512272114375	-0.14829974297885046	-0.15619114969066974	-0.12867607485100827	0.6871403955122519	0.1519961729334468	-0.37218957869049724	-0.5176239189005548	0.2346232953289041	-0.2776550198532914	0.5573597672202278	0.4907369185829831	-0.28607371449151364	0.18618082075954565
DTXSID9020322	0.1005742612739791	-2.2256478252092777	-3.982771321858787	0.9086888351915854	-2.4760004002685956	3.6276047010473316	-0.44266215850309854	-0.5896739059622286	-2.2188584617201124	-3.7039164940020344	-1.302833501504547	-2.025914548680143	-3.239569894511118	-5.259672454783197	-1.5448903498134723	-4.640851476165354	-1.1493555570213492	4.319737546714915	1.4421369592703557	-1.571373067118893	2.3103042088217682	6.392626860419534	2.7308855315718383	-0.23759048232678162	1.9111230490810232	-1.3535736956726971	0.21747264885262182	-1.987111681424252	-1.5560698201072143	0.4074863329120855	1.885817229859275	3.2106126176802547	-1.355990277051882	0.7772659049731515	0.7779568838657136	1.1965520195389268	-0.14791547908585895	-0.6588317431741166	1.9439919716430398	0.20639712159440554	0.7738974520807281	-0.02652510552585218	-0.33615869671713217	-1.2363827520688209	-0.40010650393975233	-2.421306754400423	-0.7893893219883809	-0.007992661055524906	-2.764158445688786	0.25628284232033066	1.9878580401221264	-0.511562586932385	-1.5442419977008093	0.9650128174772471	0.6381896998297237	-0.6395033151916897	1.4539693769651005	0.12798577376927725	-3.6553592048882737	-1.5788936549449786	1.2947618532664615	3.258246684582854	1.5510585399331989	0.9653607569393867	1.0503633848099918	0.021295880353911764	1.1999292231578675	-1.7343338240611852	2.1080681081085126	1.1362989393267613	-2.2297209082174163	-2.674341168939782	-5.828598841105864	3.606546260211635	-3.1326736238347683	-1.6636734385506091	1.719542574515175	3.010660389220093	1.82424527779844	0.13042317445168244	-0.9668330066108486	0.20010399270537094	-0.14848859976876844	3.5427167080153192	-3.83167415743925	-3.608948141636361	-0.2626541212239097	-1.4886631166181237	0.04032059172189623	-1.2379614378668127	1.241112418871318	-1.205704567673576	-0.006592852871917841	-0.17349210455343742	0.36846368114124933	0.02039856388949996	-0.6480650741208646	-1.7901475477871862	-0.11967361594415826	0.038175479015510966
DTXSID0020440	-2.7297989845956856	-1.4158912849738645	-1.402508848324205	1.0461372399556725	0.10561823084485829	-1.8532469769630395	-1.0378846730400233	-1.6983294801762863	-0.9109294386922381	-1.7326136793865796	-0.5289386086534377	-2.143751684305029	0.3010702728337112	5.521843723302888	-0.5941256304929813	-1.3257018873896786	0.13253536410826813	-0.11216512462901229	3.5703085233682947	0.5653938337003527	0.7587115319055888	0.37992484267377574	0.7348951661514076	-0.3783438308789703	-1.5236319682243005	0.37224158105354344	-0.09872449176372006	-0.2989010131133293	-0.3753731507170854	0.6253520784887309	1.003632404483428	-0.7295447040671049	-0.47090382209353654	-0.5594293724509765	-0.5529905693736441	1.3193709236566622	-0.7565570610311408	0.8009139960309608	0.6513513872122567	0.20423492848112967	0.6018287851983759	0.07766157611415327	-0.663791724865886	-0.36178823282291667	0.1969361263048837	-0.48202442094294384	-0.13956736370279743	-1.0022518274404433	0.1500509312036795	-1.0602945475243208	-0.7978873264866877	0.44349454351214995	0.022054246817201875	0.47589236336718405	-0.07674655675067975	0.5433686122032262	0.8088685851769432	-0.30413159719109095	-0.6973900222597005	-0.13288840358725204	-0.32687976498602583	0.0919611628140252	0.38887850679657604	0.5973140919359292	0.643555988435677	0.8482664276965607	0.301228044492738	-0.6263115208111711	0.06945692293521546	0.16574311072975942	-0.6073606850213721	-0.6165571694121463	0.035814247311112185	-0.22868536207049894	0.3229972961039398	0.016381065264533763	0.07623472562713335	-0.19586314010020794	0.6526243082501375	0.016657480751652253	-0.18041810547590129	0.0854900770391534	0.4124038937636879	-0.4904684997501896	-0.8391716672382019	0.38505165510815453	0.5024082572738388	-0.08256943016301624	-1.0114203829254917	0.19441136125955766	-0.09342731061380774	-0.3307691330076478	0.11333117517408679	0.5325552571902155	-0.11187801026038931	-0.0018707083187966698	0.17647283243455725	0.241049969439603	0.15616473117698573	0.12153944789744367
DTXSID5045469	0.4030068135141805	-1.1380719282864247	0.32782552194624426	1.0195865829344404	-0.17585511201551274	-0.7100609069869944	0.3600134699090572	-1.466417435823964	0.04873320443095651	-3.286128823928158	-1.3009642781424886	-2.322669465262406	1.8279926113439884	4.8175141324256545	-1.8764681294085468	-0.9990381313698109	-0.40224005406479846	0.9997443185385715	1.3775542868472952	0.1994224026622195	0.7787117978188363	-0.9698768959451023	0.47800469831822345	-0.7765691109618722	-0.2980781373297261	-0.2635948029083948	0.07019696823483015	1.259743725057323	0.11730661084150783	-0.05174357193352881	1.3320350682510336	-0.4909635500382437	-1.4111797953450573	-0.010831279051399828	-0.19428704406656905	0.7802650212893363	1.4799208104840675	0.9580024469809797	-0.5145968025154253	0.6460348973250786	-0.402270594917953	0.9538762707472281	-0.7414055328612702	-0.002970394691499538	-0.3417140494713349	-0.31360218581717664	1.176973092777229	-1.0988150104567156	-0.8364565281305969	-0.49537606416895746	-1.2377189595896898	0.20992410041123274	0.24006811732600866	-1.0811141487182878	-1.8133448525765472	1.510746241374224	-0.5953439509070393	0.9838594437527066	-0.1498679445344687	-0.2610905183570954	0.1816505089000457	-0.4849796599332352	0.35568918962684937	1.1484004611293497	-0.6009344436689076	0.6685221047711521	-0.33796668505951777	-0.4590718702277768	0.6313347860625761	-0.38481447538974123	0.4821560687505872	0.5068151395430632	-0.19177735898543471	-0.08995275669376811	-1.1258719684440326	-0.35718422552884765	0.5507092702622418	-0.32886928396632703	0.23646755820324178	0.17727562434431604	-0.517060608219709	-0.06435251240700471	1.1849816584225517	-1.0466996036839462	-0.6543859233327659	0.1893276494755306	2.0008125934657826	0.059034045337154166	0.5836555176190709	0.018475839198889375	-0.5568511545994012	-0.2265091769802772	-0.06562539541473844	-0.2545073354642179	-0.8997630960039725	0.8533348439139187	-0.6785388902500858	-0.30003019938160574	-0.17464962510738766	-0.4401709090697841
DTXSID4048985	6.258453179798291	6.211040970760242	3.1369698163238486	0.0022162767243931332	-1.0647011779361595	-0.4978694046202938	-0.5909447087659133	0.0031450059253202386	0.5690814537821596	0.04284970315333532	2.294647684471771	-1.006855910854696	-2.0838727022741255	-0.05516118974024533	1.08738955138075	-1.3004304284574202	0.452207392607888	-0.00044873988196516125	0.41048994848000175	0.7031836745844541	0.13247281446835013	0.3922846735238386	-0.3226136495817317	0.23874401447775806	0.006565197927031574	-0.7062776431861051	0.3065809720940979	0.4064785107968908	-0.10483769474507514	-0.9175491900400933	-0.8784790459571742	-1.0809569371371688	0.5561327026993609	0.3766787860052075	-0.5792504051053501	-0.6031962374161947	-0.18692159708177872	0.15078835555758113	0.09247760778232796	0.8069707442781594	0.08253905537319119	-0.6152882592097755	-0.5418824632669219	0.3087372151097818	0.22879708525450185	-0.6417630028716704	-0.9942730310161509	-1.13458929138363	0.21465382154421964	1.5174589423021627	-0.422057751058991	-0.16962153824774703	-0.33670657432844764	0.5104237000056924	0.4622620358452841	1.656040072886278	-0.29970047282393003	-0.4985890135638848	0.2846605298995468	-0.04560796255783951	0.07847266506851842	0.33588773840992653	-0.43851946764506694	-0.46233745307238633	-0.6224561426199695	0.19775433565128667	-0.3363093456159793	-0.2833823960761991	-1.3537560303594707	0.6019930626237874	-0.8477037931433569	0.46512063437481266	0.04083577353891297	0.12492277502527752	-0.7842536626025598	-0.26230077680431974	-0.42965548771134404	0.7661058432316216	-0.38765342535215885	-0.2985308063747197	0.5596526096435164	0.10908315964239265	0.10375581265340796	0.059745962975223076	-0.45379064919002854	0.8657946906304911	-0.07695032027250157	0.6128750059047715	-0.38658061127507	-0.03051857058616769	-0.17117708932709919	-0.0048790710140333374	-0.6068836188444324	0.26201157767665045	0.21145857403325574	-0.865740747618006	-0.022939809342978314	0.10609395276509762	0.21699580632505255	-0.3001489364009743
DTXSID2040656	-3.1992809234157007	0.1849621356026448	-6.087706535343891	3.3550111778767793	-3.282341797173925	4.888293334521701	-0.5232742460260401	-1.5493060472904465	-3.413116705851533	-2.66743279045483	-1.0558310675267932	0.08661217952839258	0.20678371311355895	0.06414631283207364	0.40076138072841894	0.705975390200552	-0.3395055754515722	0.3519668023616999	-1.3549701299814894	-1.5921270723654777	-0.28376977509441864	-0.2202048996733633	-0.9935265112805235	0.2606298703130596	-2.250193937880091	-4.17249528954074	0.4332612317527878	-2.0448553356306585	-1.0285399799319208	0.7734402121507932	-0.14591968963310112	-1.2793493258445077	1.6854063862502522	-1.1774467799385824	0.6763236688099391	-1.2705625109270882	0.3797311167394503	0.5761250366457751	-0.2987417299522415	-1.231074736290054	-0.06389470522883589	-0.700386411659601	-0.3536469762194474	1.2748475307464062	-2.4309223777669957	-2.27100559505613	0.9602119784404652	0.8523685473309061	-0.057963955226797426	0.49713280032083723	2.355438926567351	1.9213131429097703	-1.996714625445129	-2.1749142997580035	1.354833485198583	0.9955520946030274	1.2460235421061088	-2.111316270725532	-0.5057970224618741	-1.6043249149206456	0.9676015168478881	-2.4278204636416763	0.037474561158709466	0.7701618767706848	-0.15671425775702877	0.22541294155345842	0.5332697243974593	0.7855946971783112	-0.3568615427800574	-1.2717717225691842	-0.2416191989418641	-0.011199997634583786	-0.4048833236030601	0.40336236630915673	-0.5631740040236182	0.7302739626153038	-0.9112259306143543	-1.2146750533375092	-0.8508076022006708	-0.4344419050818836	1.048252744718203	-0.6525276227217488	0.48009842876296416	0.07370947288249696	-0.15746418851282448	0.07552031362603198	0.5056226223197926	0.8298912728149812	0.5205756672959894	-0.7384087590048543	0.007317772314158989	-0.617942825803832	-0.587483285750773	-0.42571341217791087	-0.0877745667827763	-0.3620243089984707	-0.32079223173056426	-0.33141621208374	0.24029328174287756	0.13295703750332655
DTXSID7041675	-0.2079994455897228	6.991853635086387	-1.097947407376711	0.41581577851147133	-0.8931828416861438	0.1552178956667851	0.828735723214514	-0.740503746035023	0.39239816087934437	1.4398313256477893	0.6360951848819032	1.2867207245508243	0.21327093480154855	0.6130034140487273	0.9315581597232406	-1.2373158514666538	-0.7954886853521587	0.44846009247414187	1.1605746341586918	1.9242906678658107	0.066799882878072	-0.4385213964409196	-0.28069796309728184	-0.6519709886522879	-0.682599391443747	-0.8479163021151385	0.5862884020502448	0.10324554187886459	-0.29510815612212277	-1.26364219813687	-0.3638808993562348	0.13489355431504332	-0.7030889864434171	0.28401657189141105	-0.3880374255275519	0.04262447759329464	0.5817806030701517	-0.03365989627045934	0.544740500637231	0.32474733862500826	0.0013770578561929914	-0.006450263401480098	-0.354888176656831	0.5308432828938484	0.11338787632872206	-1.7044481110108547	-1.0775542616353155	0.09607144539382169	-0.021384661240003766	0.5697213697273964	-0.042960372766511185	-0.09715569616823769	-0.4596134389538276	-0.03639914784233119	-0.10918106933770523	0.7474708693548973	0.28970757721298374	-0.28611965426172586	-0.7108302303701933	-1.1469906400919	-1.2058940598628036	-0.8192000188543184	-0.30671888653636786	-0.7420314461971061	-1.2096463643118542	-0.4184992076528609	-0.09908885287826082	-0.8266540953134998	-0.07811374592327137	-0.26079653885782766	-0.7911627237804303	0.8226005627901101	1.1196956942855556	1.3852442923291877	-0.11234638276213395	0.8584109720699898	-0.04689033240812904	-0.35787931158074826	-0.2663583391072819	0.5707202613611585	-0.5175346590906352	0.48306111502147564	1.1056364322455738	1.7737550525272365	-0.16745768865597901	-1.034259124835985	-0.2573856427571852	-0.41463963207524945	-1.0461080904296758	1.529714838992337	-0.24372972400826012	2.1730699833653366	-0.9842572117161857	0.7618626505229885	0.23682282120396844	-1.6690456791470196	0.31827686353436735	0.1746886212529076	-0.8934288474469071	-0.48535639224928695
DTXSID7023196	319.08295350845583	-85.15302203672232	-27.328787717161077	413.2581295180095	106.86945206453423	-100.52232959341707	739.0311274076513	139.67693938169737	-179.8086569155085	864.3148465877658	-278.98986693467424	747.4795476071716	174.8462097963129	-62.47003267771304	225.66594933538232	-375.60901438701643	-242.53762672251358	393.2572710745262	493.5131707934939	136.36063016345207	368.02739122530863	-174.87501146919885	-242.74137240960232	62.38217697635745	-145.20885025966913	-243.51665944940473	-130.615776696415	121.03974629578732	28.306998085508592	107.3451835707833	35.20966628133347	163.05179792003622	-27.403375156158425	101.10144643233689	18.582791563833137	208.0093296964703	-56.40416336013596	147.92382489977527	-116.15597376652002	40.237862256181366	-13.356362539683879	28.05065630385785	-53.866823923432214	-45.08529537818494	-14.894382680958158	-7.126132914936506	21.750174500372413	-98.84460461057276	-9.66318852879935	70.7183623444776	-12.231982585127232	-168.05398217552212	-151.39047778893672	-26.143942867432845	-37.290276115905236	-62.93087959607329	209.34131832949595	29.442122919651887	-309.39572284021375	-110.58066341931878	222.8099529798686	-217.8282698845116	117.99685682267825	22.56241333181553	-182.0385910760425	-588.7194800516783	-48.03415497535804	-237.82190659965954	-184.4111610920672	68.74748679708138	-207.32959668159268	-352.5258282063615	-64.23399543156138	-89.74775961166445	82.74950906652326	124.5323569806554	-362.3958948090184	31.999919967824138	23.85014116585307	-356.9563392526327	375.02451126700504	-333.717048622516	467.9447445149454	-585.4861428952557	-455.9059346959196	465.5305302931824	-145.75735629789202	-207.07352111415983	-56.94057433181833	-139.41769311717397	48.49382154708878	-381.50660481193904	133.87013734838365	-110.19739638326492	18.917835930156432	833.0891052857296	-78.52723470121968	-25.91313465187026	93.73563492259824	365.88887630084434
DTXSID3025045	-1.4106908850445465	-0.6712684849569442	-4.450134168103188	1.7934004298014607	3.063373566627028	1.2717013743787797	0.5312052769430535	-2.77575437789794	1.8544551259940385	-0.416973551714098	2.893501947863698	1.7691383151064684	1.814013156680239	1.133710073195731	-0.4983851063658569	-0.1294243047519428	-0.014594875575208655	0.14960225312183736	-1.2439870926344032	2.412964547709531	-1.23009611798122	1.0233304356061887	0.25008066363326015	-0.967511292349294	1.8716799576321237	-0.5951404845297584	0.031664642937494915	-0.669478121859984	-0.2781152904131528	-1.5820407187741883	0.18134371890598666	1.1624911208240019	-0.04564659489222652	1.981563079139005	-0.11354902979231121	-1.487552981501	0.2873275283265648	-0.16383669890653849	0.5092274804266017	-0.8010988132883398	0.6087218970116127	-0.5859916777441074	0.012400560316434913	-0.9412022266304076	1.342973652620076	-0.5515840750341685	-1.2432015807320471	0.4030694366221348	-0.15909485375906093	1.1868995477665982	0.13905845745983153	0.795502135195148	-0.89123118305201	-0.8806763953430345	0.06130693145223893	-0.2856769911727302	-0.6310031969164536	0.23952587519793786	-0.5963971314348973	0.9321828416370769	0.22583826556532008	-0.676725489092223	0.16571309664347225	-1.257657286111409	0.18284717458404667	-0.6777458062007042	0.42002025952512867	-0.6173669575839504	0.5671989214586558	-0.07555621288623864	-0.180186645918077	0.01028272377400322	0.6494638947246125	0.7030412252750802	0.2506556225014038	0.43327645016461847	-0.7272680210620424	-0.043556576449258935	0.446407928113015	-0.8265028623184306	-0.9649030520704424	0.7311437498455128	-0.41555270333132266	-0.3111747874395584	-0.33005387498644734	-0.2111375364467542	-0.35508939267202494	-0.020361305969941172	-0.4615878969451906	0.3413712016215975	-0.3921774810845693	-0.0013794087855186973	-0.791499361945805	0.4170027310703491	-0.3071732168553518	-0.06033621766173684	-0.5417095379314494	-0.05481760010383791	0.7526956595334254	1.2655290998856816
DTXSID2037712	1.3866038715891549	-3.634810460941595	8.590517913973827	3.1129367377206334	2.2273082779270887	-1.90921412565572	0.49392634779422395	-1.5070927548694026	-2.02296921592839	-0.13551387006264617	0.9985225868264986	-0.8584392201217537	-2.2874400638676136	-2.003437441140368	-0.11494647420705631	1.025991558677222	0.0335350029602721	-0.038314759619238935	-1.914211732896304	-0.5094970374370023	-0.6928539517039451	-0.3620417210327808	-1.0367260142075134	1.36665851453366	-0.302503090161288	-0.16455626737503767	-0.30130483084721715	0.24365383602468751	0.35254437912716313	-0.247308923231324	-0.7587070541350048	0.8740087693765125	-0.38863851936244403	0.5497443389112829	0.9600546606827476	-0.7019963388020352	-0.09755107358764632	-0.12731371385370957	-0.050637400900643434	0.2202024066996169	-0.09972144897273073	0.6181720912963901	0.4201635790413732	-0.5694239129043952	0.252297251028693	0.14101410972882045	0.04344257288136328	0.3377527108006502	-0.5515666457780517	1.1669430160389578	0.42999613470243575	-0.27132179935219986	0.35201500406222513	-0.6626789263312624	-0.2370259544095342	0.45217836455607235	-0.05591219264068941	1.1542091195673883	-0.6504286527773759	-0.4548307601742331	0.3522612604283529	-0.06398633714398022	-0.4941723233352395	0.45439841010657184	-0.14256947700837308	-0.15547049236263258	0.17711945291511827	0.16177786465287852	0.6003039840485875	-0.8113749632650973	0.43381473104804563	0.4405537191622227	0.6671180401257325	-0.0916059613288255	0.12003301810944865	-0.2983220537218043	0.8778560147334653	0.01922213847200075	-0.5561576272092724	-0.03170626943022685	0.23613186300013148	0.5819037101032059	-0.07706918053203171	-0.352821947476756	0.43737169521921165	-0.21843154069443407	-0.3278631895889279	-0.2708757730852901	0.17896692681863088	-0.2576404725387004	0.06678396390931063	0.1041331741592124	-0.30076428181571596	0.018325500247716838	0.3793900119900079	-0.03860087559432611	-0.1536331879482772	-0.06607374335843133	-0.1451111887896784	0.27152414805928277
DTXSID8040779	5.5251102182418075	0.7826690519656745	-1.3751279672041024	-2.9294677577131405	6.913315591020812	2.6066807860358825	0.26844893824235716	-4.461291598759728	1.5492257693280076	-0.9807583388582669	0.7188306297076452	2.3538090811675425	-1.282689910452974	0.9131983673111894	-0.9429147030875858	1.4033093843356739	1.5973838538257534	2.430037663695826	-0.9993850047577378	1.270584715629449	0.3297474117451426	1.1121100252929432	0.3943412346109849	-0.4440109131408725	2.2895725286252566	0.1465095743822802	-1.552884395738307	1.3251762883828513	-0.02831167605737041	-1.1738348916421695	-0.9872067407182264	-0.2311289898794435	1.4749374209948622	0.9262773857503229	0.9136085876389652	-0.7574033081199123	0.5270976966039137	-0.07101275299672506	0.09157644990547406	-0.857786918936368	0.05249699671613245	-1.0485738163178089	-0.18588769411265776	-0.606720240028859	0.3565162273976897	-0.7004391805586655	0.6232038368220153	0.17454698415464104	0.41685706521333626	0.470088835638383	-0.188063234262711	0.4249654112767255	-0.5000655007972067	-0.7411758426924476	-0.4385569920351841	1.0797031824144785	-0.2409089300045014	0.35270754679719535	-0.08355517051256464	0.3379208197574173	0.7477146962101202	-0.09428415820941768	-0.45832557439668864	-0.43505499658581176	-0.9228223731752054	-1.3620006998713896	-1.350413937655261	-0.4241352311983055	-0.10703794899235743	-0.7710945033548605	-0.06291879691037477	-0.20301670823643964	0.12119590096830138	-0.09415276898511196	-0.1475820077003358	-0.6417994048532987	-0.08575744330856158	-0.5279918109510877	0.5478060422152407	0.649881359952006	-0.3087504710872486	0.2710688639806617	-0.23096541266443804	0.384040752723158	0.3926920621178624	-0.15038295923346434	0.3556503208545075	-0.28603291703069555	0.45535622030456485	0.23277195133256878	0.30059079690556906	-0.2902725306468307	0.0017244611679469864	-0.3284314768968982	0.3476480787686099	-0.08954728284462281	0.09950419692542838	0.30608890472671774	-0.2728610958505623	-0.0726822062514833
DTXSID6025690	2.803549179177009	0.27107621683305994	-2.621170207544902	4.459910836044465	-1.2996361160653842	1.0369813423670715	-0.021388170210577068	-1.9636935140476666	9.102123077513058	2.5994362339506227	-6.368900896807465	-4.204381477678488	-1.4599494798545796	-0.9976033816078422	1.1614494509865518	1.4062763131821214	1.1674079838408045	3.115638917636487	-4.371149783326043	1.4034841459933096	-0.734469519469652	-1.7510828104617027	-0.600339104454155	-0.201787825708065	-1.2882689685628588	1.759189396369146	0.9866367984177711	1.0974543955025022	1.1938167833720181	-1.190719625845821	0.2256099520415675	0.2874320391155547	-1.2803315540027669	1.3067386085569757	1.153068923638809	0.7589090614434404	0.46858288186946667	-0.7844249736652815	-0.8974906330353123	0.5513919815511751	0.4601862049780359	1.0579576151103274	0.08660946564786852	-0.3434702906426606	0.2929981519362439	0.7531189452846417	1.591369376634526	0.16595849598777582	-1.715107466932371	-0.6953929455310064	-0.23685509452183576	2.055285344483034	0.29037266331077155	-0.5993597547200207	-0.6823835756636975	-0.8158647883820795	0.6150669269476182	-0.5955866055790087	-0.7455092758468387	-0.2831550303373103	-0.79461892913186	0.27742880140522913	-0.7799626285041857	-0.0402003191275139	-0.2511595729410311	-0.17793666469304203	-0.27028785679225303	0.9796385092004365	0.7915234824286421	-1.0180174261511885	-0.39054995225965466	-0.1487316348416913	0.1305647634569625	0.15723683118847145	-0.03468427380548219	0.34631083723795136	0.6522153590220475	-0.09001754504776735	0.7619947282284651	0.32452174423898744	0.13122141739042423	0.452805767287861	0.47305813220110443	-0.19771267703011894	0.13307651708908141	-0.21257114446397876	-0.13105539168375477	0.3520808960300405	-0.31494362510900725	-0.16368612569464008	-0.16526038732643727	-0.23036800588097842	0.4672932332808437	-1.1482400486035966	0.761226008606145	-0.7596936617979675	1.1086607573287304	-1.1279179897524507	0.07793131733102228	-1.7749600363309082
DTXSID4049379	0.5183849676120665	-1.2697218002391126	-5.181989492863833	0.311592758496054	-2.492743082730803	-2.0652223784766957	-0.5685714437878805	-2.684041740425789	0.31238369303806235	-0.10144992700916176	-0.053087677666202426	0.7610110455637589	2.6044566924650643	2.5094607838641623	-1.9482006111219383	0.3370929478737071	0.9025050355149479	1.704526189719032	-0.6743576718441985	0.8957915920476079	-0.42946858029299895	0.6982204863726507	-2.053259087311462	-1.7606338648542332	3.322675600241135	2.3796995382928303	2.4902063298702894	-0.4842907803844013	0.06737271292118574	-1.0409666298269789	-1.3285176994607366	1.5042763411885354	0.9391438833312072	-0.6539695569956029	-0.4773347736432498	-0.29886184887556544	-0.5409400164545227	0.3862173697855401	-0.47676722414467415	1.3342180474414573	1.1383791991444228	-0.20679198640311114	-1.4568661525147866	1.8392999373385182	-0.21953225375433502	1.0840476266069712	-0.9514083102150233	2.932476638555819	0.772024593429138	-0.7870004362373757	0.6039542077452115	1.6226050648902668	-0.4225260541412497	-1.2617340069425114	-1.4330572131699928	0.29527969863845094	2.532879414050358	0.20715474955929752	-1.1988747548344088	1.5674696785634639	-1.1262118132677603	1.77024405111708	0.05062010559096613	0.40353874300121173	-0.1411141381856675	-0.9863961894738941	-1.4101473218394447	0.11120263383239723	0.6875325659474134	-0.39414979195101485	0.42610609243030517	0.992977377770804	-0.6091271722405353	-0.10356616107687562	1.12416010280178	-0.2547449803724521	-1.0209459412996758	0.26728533420980927	0.5050176067986251	-0.3235469890866881	0.05845136099945259	0.2912438147930688	0.5493879811558625	0.1894017902466152	-1.0332773188682935	0.1699979445562207	-0.8170281882191613	0.1542604241852544	0.15889644397765315	-0.4923576021383472	-0.035829849818455	-0.10588445131380465	-0.6463336081216391	0.3175578046714508	-0.06585269985412597	0.22170545920851742	0.19459645549315988	0.542382848404515	-0.005951175679669267	-0.3349083679203536
DTXSID8048862	14.654778707838323	-0.9599049245706619	-2.9542750483209157	8.241424339949246	12.099859797411652	-2.3988899196048523	-2.5887899913119394	3.175101075356695	-2.521612862653976	-9.42472938016142	-5.7936775830535865	-1.5092497987507794	1.9972578174882663	7.198448535039929	-1.286567031643021	-0.04097339012732193	0.0023292588795796073	1.4024854135678837	1.5042287862330774	-1.4229304908230982	-0.5731061109153309	1.3961478357155526	0.616781277349584	1.6468006636808807	-4.585072457532103	2.184398335148452	-4.10493044159994	-1.8043512717162324	-0.8422214591870443	1.580204980893711	2.465873488773336	-1.8455966340653902	-0.8437433696329816	-1.7601334398104167	0.6845784154504743	2.6067166741201016	-2.1911652612329604	-0.04407461863817238	0.9902338898834802	-2.7742284478994024	1.5601102731244754	-0.04956724973313304	-0.9607738981533153	-1.4708734224796962	0.6265508655140796	1.2536962926335717	-1.447196818127737	1.2825966239979885	1.1355928865916662	1.024220384252842	-0.7718670619870955	0.9402016890008857	-1.1637536708579916	-2.4295812058683075	-1.3680298106799191	-3.2358989526989443	-0.9592054814429627	0.997065300887801	1.5980022329689498	1.4102968611352293	-0.41110447019190605	-0.9400437126287848	0.6399268279786576	0.6354239841066982	2.5666102362974894	2.0066844322781505	2.1475109412673046	-1.4183984461006989	3.0552392190789766	3.165174579447855	-1.6119335224532398	-2.0124380651069504	2.2457863628532415	-1.2886853875828062	-0.350800767039391	-0.5506718667902742	-0.07045062758633863	-0.7479163958170018	-0.3317273252163212	-0.19099543506874123	-0.3759767280286614	0.24886521815932652	-0.09392463120695056	-0.11204434863628901	-1.4722236221836875	-1.5546530602979858	-1.2581045344956343	0.8771058195001111	0.08054987462904656	-0.8104095025515532	1.4147892252916905	0.7099629957622733	1.7195498525967021	1.1965160592720612	-1.6882319690777228	0.7970936286578667	1.3174696766450456	1.0029251236015495	2.274272784372151	0.04033282959600568
DTXSID4048727	2.9344814045553376	2.441799689729959	-3.813555350115441	-5.184224193735057	2.0426478131188768	2.734167371046903	4.842943051914289	3.2998728906284924	-6.845953560947818	4.353075705439788	-2.0391482977374076	-5.056103009297329	-0.698456515605517	-0.4653275512081671	-0.012330800368478367	5.470128788398044	-3.24202621205611	-5.795693681849448	-0.4946490651729871	0.9287160102782347	-6.1956698260593255	2.2715464152416014	1.7442119832026604	3.074527022248984	-1.350459598410214	0.6049579861220654	-3.4678869829495964	3.324390635094168	-4.784039793641586	-3.492358262939572	0.012743956168033178	6.1427555275653	0.6859011921428873	-0.40242033773139635	-3.342819051109957	1.4587376692425071	1.1249401800673884	-1.1501339027257198	-0.9570498779140937	0.8930379592417045	-0.9596956582427052	0.5563118352243847	-0.07234162735824123	0.3343385582368825	2.8029501052779064	2.8499668927370023	1.0420205605383686	-2.048724786133792	-0.31072097659208253	-2.7731945919288448	-0.8148433290325582	2.2484728234342937	1.9255359624922068	-0.4600072239138015	1.657260824128915	-1.1561052082804544	-0.9409354575854789	1.0312619026038805	-2.999891506673142	3.4420182030046287	-0.579783263043685	0.24381158335862352	-0.6580399571310008	1.598542994078982	0.5663840056466061	0.7140343687935679	-2.4732190572514257	0.557436012551095	0.35479882124954276	0.9221419645212591	0.6042452333476066	0.5086754394322328	0.5758302977419126	0.2935687213395471	0.3165897474469511	-0.15454902496395342	-0.8646562138982924	-1.7346388457089543	2.710271080889664	-1.1977788959088296	0.7332060820297339	1.2585547622201683	2.6715950478687223	0.6118690197040246	-2.9600614185307688	1.3955029858264016	0.3655307294839239	0.3738093050360797	-1.7190151037467145	0.8097691944842234	-1.0296018846172676	-0.47741965549157817	-0.3899141707422859	-1.5358103753964583	0.06811702399756568	-0.6626044245770855	0.4195662581948036	-0.6382028812222342	-1.386720086338269	-1.0748247418681316
DTXSID2028016	-3.4221948127968354	0.5678566773490643	-4.917329548883978	1.7511780306912408	3.8664629364466205	0.9985140070573938	1.7713106442091895	-0.8066128864661445	1.6934718377085745	-0.032634114787003	1.190857597155874	2.1072402540061894	3.638219959412984	1.0589302563166796	1.9539127762999333	-0.3037653840876907	2.7958339909484176	-3.4851810675543544	-0.004447007146653454	-1.565313493419084	-0.24948412788313856	1.3029319844392142	1.6460293723340427	2.153504539235019	0.9028966497370591	-1.2567680240377226	4.3102813745775155	-3.974951610254256	2.8641073922302507	0.03940789614778209	-2.1012995155616068	2.1724819288028554	-1.3957115331716488	0.5639032371149616	-2.134550697544986	-1.85603998706789	1.7009516033465388	-0.11302215707701124	1.4588640413425884	-0.7302877035013545	0.7688413438899879	0.9416046947536874	0.5383405217059553	0.21883170333257349	2.317972396910306	0.9357942407131175	-0.5700103444535849	1.238673101184123	-0.32906054362213094	-0.48442884987051477	0.47890010926799587	-0.93707971741812	0.2788256288571373	4.235038482832974	-1.2215332676602233	1.2822022650449518	0.27027092601434277	-1.395573244767837	-1.3800155826513008	1.4510441286026838	1.674799104502711	-2.6573818469215915	1.1853194227300907	0.38986153872699836	-1.5871031754768699	0.969667669058028	0.6580330775338816	0.16456399315494688	0.758066039844318	1.7914431611793484	-1.3127370020950175	1.515126358013817	-0.2879983161528298	-1.063506109734655	-1.232766312526032	-0.1017909353686953	-0.6203215501997817	-0.10064288389174413	0.7257648004759625	0.24185321385734138	0.21071473337820298	1.0817516851690465	-0.09177795715882453	-0.17565953486737887	-0.4819648989265476	0.1988390661700457	-0.18817975745928037	0.33936911128564157	0.06552920553795924	0.1871744966047154	0.9607323668630399	0.5184762123318449	-0.23677335468617844	-0.5839485521352126	0.12650447681063087	0.14006038522593178	0.26049437736403475	0.18168596551831728	-0.39086700038011135	0.4518024714305256
DTXSID4022521	8.257242896849373	0.31652837794430955	-1.9440166013038043	-4.645267944634787	9.306480174458827	2.64364215280753	0.02738128991780523	-4.80694469990292	1.2699984448403465	-0.7375523710501789	0.09337618491652572	2.373143454689715	-1.3915139729237287	0.9832658168372781	-0.25113505191091934	1.9344914852203983	3.154431836659512	2.593593068628099	-0.3140331897532408	0.9711746126740278	1.1843797198637882	1.6042574685524809	0.43273897030716596	0.05401499924338236	1.969794412467089	0.13574070486828402	-1.457838857843974	1.9901028957082905	-0.042078893645976605	-1.2860468576220796	-1.6876483077218718	-1.2235471196399528	1.9830825317308025	0.5857320058945178	1.3571299552066851	-0.4622601745628797	-0.6108603588761765	-1.1713984830905337	0.4370171376117718	-1.0159293489377128	0.3755260527713026	-0.7940037109582186	-0.39400603067081513	-0.14142088844202158	-0.15467483632309012	-0.5331579787881452	1.3474345646735524	0.8032940811442534	0.21342536164303277	0.5175614543740631	-1.0013518122643073	1.5116557038216567	0.07430188004025455	-0.6022069007380226	-0.4012993640688	0.7715882660163518	0.07871573724781243	1.132666199496987	0.33721068280372496	0.22436575473732107	0.707727358276244	0.35367764013648917	-0.1486387363251375	-0.8118938022458984	-1.1571639372482811	-0.22509940380254106	-1.614627328462734	-1.390195489619439	-1.6311813446721708	-0.44485721539867057	-0.4436945520958426	-0.593709669846862	0.14491729934192105	0.11899792835690254	0.5857764719486387	-0.3045243173358232	-0.1389531269540594	1.3563677629715953	-0.026796379390816978	1.2176143696201722	0.28513492984630623	-0.03182001553550519	-0.5325433197033698	0.5717155765353905	0.45519296070220205	-0.17383361720566481	0.45275274540779104	-0.4138109956378596	0.46856011042522466	-0.39587144526964957	0.11716799911753861	-0.830907248468139	-0.9021850352922445	-0.38946456523582174	0.0823267426742248	0.39001539795373324	-0.15516724887362857	0.45502032173220475	-0.26289596515211017	-1.0297388015716604
DTXSID9057898	-4.753433360113283	-1.6944426674190893	-2.1801616089488225	0.4534164344185041	-1.5930458387604511	0.7171856231119251	-3.8992206169450934	0.7884293661532127	-1.142826372842595	0.28524717703719615	-2.4366645179269866	4.024065141518563	-1.3100370368051097	0.27139618090690526	1.133142565661024	-1.2162670982184742	-0.7294626872378589	-1.8141299649565463	0.9632549755626914	1.269396910815905	-0.42505698227282523	-0.2593995354300629	-2.444920117964997	0.45901570708002715	0.8425718820797342	1.6401676610006037	-0.1886566301756511	0.6771587732288621	-1.8216977534691656	-0.6144332885139228	2.348348823866914	-0.20594632488973355	0.9137320453333104	-1.1544541586410124	-0.33253159010797545	0.09081941703425714	4.677563008477348	4.074841254713982	4.410892032598547	4.974585251395853	6.071809118195218	-2.3460890164166797	12.285282193388722	2.235623125970119	-2.259339196416062	5.421081533729613	0.38011054173948716	-0.9193624935877205	-2.5523938929192425	1.9105885610187292	-0.2955351258704924	0.7155864318508216	-0.5195525623729529	-0.31962870868132975	-0.9776924493974072	1.1266005412000826	-1.651623742418871	0.4850031546601201	0.7948903274442733	-0.562778031285036	-0.18266859527235405	-0.13131022283915242	-0.030188758658401604	0.2408701521981793	-0.8944556732558062	0.6490256177209704	0.04464005758142047	-1.4997014325499485	-0.3873145192520099	0.7486552315313233	-0.2128872776983495	-0.17569348722842756	0.31648126028459883	1.0843636795512297	-0.24414896897158528	0.5132228735942267	0.5666351116882902	0.06543943737255949	0.013573775522403039	-0.009685089147333766	-1.0915616669073094	0.007881690233201889	-0.3641314128163963	-1.267663801503989	0.01617250784731033	-0.17263893189810933	0.7832690437805871	-0.08461054717647964	0.3024973232084335	-0.5325642148752858	0.1048987997653062	-0.18795268085028413	0.5521683023257867	-0.04150086207224383	0.611137904038953	-0.07388798141624695	0.7044910136183906	-0.30444179673240646	0.40888221463187097	-0.7371945321828832
DTXSID1045798	17.475933873193387	-5.842372114916427	7.0877601895456435	3.0579436628223164	8.625308468751816	-1.3952180953943105	-0.3073065829576447	-0.07781924486871085	-0.8150402887467157	-4.5167079397469925	-2.005960486177223	-2.878245934802875	-0.8987778068539237	1.558079004895004	0.23460461765436894	0.6374627678187417	0.9925368724592566	0.4984785729434967	0.24019794208786874	-1.7774226867754395	0.5382874121996886	2.967810148002692	0.46448924044857065	3.586187594115074	0.3849190967877376	0.9251618489069608	-3.542087494089572	3.213741583993049	1.0313578897520996	0.8221198544871452	-0.15221626296688087	-1.3515965211607623	0.3841429036928884	3.734704620063878	3.0592471229532223	0.19700175507165282	6.185160722440949	-1.6540018686222542	-2.3100644336243756	-1.2586339924499723	-1.3370343463629522	-4.79190492867702	0.0516950923872082	3.4395092695186253	-1.6296962181216785	2.1221009953320293	-2.819537556491247	1.4343834741498687	3.468632778689885	-2.3483331236004363	1.6517442420827118	-0.5678272748189235	-2.3285437461554563	1.5392095738244198	0.7937300242317474	-1.409402159913022	-0.20084701673994715	-1.0278543464171728	2.8194038321936175	0.5637248271199601	0.513669229685817	0.7724332013916951	1.4384830355966378	-1.5823008602176702	2.134767594898846	-0.9527597345675487	1.0035673224396697	-0.976686784373658	0.8864976650749038	1.196210180154114	0.03507834198275001	-1.9707401186890585	0.7502182075412321	-0.07895984774115358	0.43622773672020926	0.5971577817111897	0.2403339911931774	-0.5369449085951982	-1.2574573311651152	0.7048356776509215	0.7530509509450928	-1.940003058602946	-1.2585157169817835	-0.4791577959354357	0.8264504497512533	-1.708185627557746	-0.11904640783050068	-0.40522644077817477	0.500024447803153	-0.5525771371213635	1.0721285795187292	1.0715607499771926	0.48988433702100614	0.41615322025971735	-0.3153195783463568	0.2097760773518365	0.7825187164167507	0.46359334476915404	0.3078317181064343	0.745625956288798
DTXSID7034042	11.559837666963343	6.121688664700918	-2.150704595906885	-8.493478033795526	20.153347955670995	2.4452415436349724	0.4312760590574493	-2.664322249697196	0.8705933372646987	-1.6511071570625155	-6.408182946440515	4.1551129928232	-6.038741831728965	-3.4422645571740444	0.9818855528109348	5.568724808222702	5.935462580505983	1.2931862291407115	-0.41352673143318824	-1.5100011914934373	2.690732812798533	0.3289339670865503	0.4538604344585007	0.4732287172621538	2.363978819236411	-1.0984680525857693	0.42088944550034174	0.2988721144469447	3.4111102209620854	2.0231435021260737	-1.52949100597894	-1.691237001514061	0.5993413112791559	-3.363927002152834	-1.404023160188555	2.112204847911078	0.1026712752220126	-1.7404507409978436	0.5853662680230244	0.9675601453388257	-0.32378857889331486	0.09126600647392148	-0.7681564441371843	3.7992871843783993	-0.9203130966432618	-1.3591235021080124	3.1573720210844196	-0.6259600756111396	0.5828801709897393	-1.0806834079464749	0.5374983471567585	0.8956025716821391	0.641248015905542	3.5026272019809004	0.4418060950579396	2.717991070188952	-0.3401285546072	-2.1572667992849466	-1.29455248562993	2.4301416706532253	1.4722635685481074	-0.06019558535241247	2.451310585678202	0.5580073702575367	-1.1189483586570963	-1.6614649795559322	1.4268077241117028	0.8724581631862337	-0.04762108808274292	0.18833272107494278	-1.4318887604870119	2.5220119578359452	-0.9962124657828889	-0.8809936752254474	-0.07301746764608552	-1.560012149107781	0.947259747075188	-0.25822081196165114	0.36625093101628214	0.3123159674161862	0.4912151066977929	0.7789514314048949	-2.009085215302922	-1.1671082321047679	-0.777714272833522	0.5290908180154974	0.9150053355278761	-2.272276754971876	1.4235562634153716	0.5504007696436709	-0.679048186027407	-0.20490292414059616	-0.26298781912172386	0.2890181198397059	0.09164353258317491	-0.5090148029000151	0.08090799170979922	0.6307190101035214	-0.34205711820534496	-0.8131269162794672
DTXSID1046843	8.105124426756502	6.8307202056677125	3.6771051114697633	-1.3882708207384433	-1.4744530525675412	-0.338250419053451	2.1027646733649954	1.392553150498751	-0.5318255546480365	1.8747347065183686	2.5829282457557974	-0.33606806526481536	-4.083831991248866	0.24172633482561012	1.1502334788880273	0.15971746590388175	-1.879119731335989	-1.9345077137212585	1.6671562759820877	2.516291207831782	-2.5784040657261174	1.4101481791182098	1.7794795736486422	-0.3361975729524509	-1.9274019063222	1.8132855746783931	1.3799903050589413	-0.9995054247054562	0.5349802455079952	-2.2142068431131903	-1.2142861899266246	-2.4623569108551107	0.7551559156446994	-0.8405309488732178	-2.179273568923562	-0.1306726688421702	0.6811543411039933	-1.0757629067305026	0.08630763005482785	-2.0841449878065768	1.2413121626469061	2.711213416452743	0.46228672816214095	1.5568471882715893	-2.690283100310235	-0.6476887457127816	-0.8303913711489159	0.14692083484926857	-1.3100893725622993	-0.48811634935604437	1.6460983669033329	-1.3042428907621257	0.4329858649517568	0.8945234142583882	-0.5773433526251494	0.8335314097152925	0.05476329734653405	0.027620205648139905	-0.31714692941911204	-0.5333920215957512	-1.3949672034739184	-0.190500560533241	0.2373239507548661	-1.1695878791756982	1.9353867216139358	0.5414593560448094	0.970845694244177	0.33333620936134745	0.7144851378581801	-0.3835732709259426	1.6470520831098903	-0.11966415569359441	-0.03336895411337622	-0.8781607765303906	0.37534098948762096	-0.8599390700047693	0.7511195380183964	0.9100793342278347	-0.3540066154700977	-0.81385026222216	-0.0215594419395914	0.31165903062670636	-0.6925093091609751	-0.8341664268366774	0.7720370028180649	-0.11735207214454889	1.2793693728664661	0.18184690575366075	0.27837423180046833	-0.19731731151685028	0.08469129988263469	-1.253840491490981	1.2891870165641897	0.12172696883255943	0.8254138275013652	0.8865769518669226	-1.0909333538764383	-1.0354981403735644	0.006094413716652454	0.04747797205939772
DTXSID5041308	-1.8476551097334055	-1.3267075461579665	2.3820561962381146	-2.212161398551579	-0.009199851238357098	-0.3923617995709413	-1.421383881375868	-0.437244816226385	-1.6365261304881127	1.6812491268044776	-1.3878398752033123	0.033623818397701954	1.1863698187754275	0.4772624618839434	-1.5501751828850343	0.5220014425812474	0.9837138598753812	1.1866016901108496	-0.8087914278956438	-1.0182153651106338	-0.5259096131757737	0.7688560028526092	-0.18712665858492603	1.0315149468240947	-0.7426811413850118	0.6366408851320684	-0.7216887497021611	-0.07911009712440073	-0.11052553151973975	0.26611038644393936	0.46964909613886907	-0.1821974570521488	-0.1589208511179189	0.479336632510756	0.7276981868975203	0.33091520907017186	-0.6435822165592666	1.1889281377416647	-0.40645964005023716	-0.29546916229765974	0.9994825223752803	-0.07422303258872325	-0.8878881860011789	-0.5908131528602438	0.4063500866979033	0.6148588765474214	-0.35658559652398025	-0.27507947803085914	0.3476975935339685	0.49606696239402326	-0.517571383824349	-1.023894679874326	-0.4693619812034283	0.7410168744093327	0.4574074327881275	-0.7364940231118122	0.05755810476229394	0.5954268417586634	-0.6003317091756726	-0.3664535800994127	0.2779630695410356	-0.6933215935853544	0.3215433963561979	-0.2446502290953186	1.0106000297651	1.2971657140588468	1.1375030787238154	-1.0554180388382957	0.3034195291973894	-0.15811181756027787	-0.9235811979209437	-0.3139050062179493	0.507610624087363	0.44285249578841146	-0.6111783609888652	0.49610391078188454	0.6712952151927274	-0.8874357643091114	-0.5005760745378031	0.20938678378826164	-0.34307156463550026	-0.35318477402090187	0.290636033874253	-0.6651303242458277	0.13453988350021076	-0.3589248791944699	-0.13391377605792182	0.10907643291325636	0.10328995796696505	-0.5922029423578455	0.3253576307730294	0.5489614101418826	0.17835932275407784	0.7691706866274538	-0.22948691696857212	0.2129954791037859	-0.13287052916516492	-0.004909744177393904	-0.04740562960431202	0.4791759156508715
DTXSID9049033	11.626235342789782	2.965643968034136	1.0613672289683103	3.5772484175941783	1.5738233819767844	-1.4909483361970444	-1.690224525497856	0.9956522917164012	-1.103821889368838	-2.2856705529207177	-0.9018813220000251	-2.240092264825381	1.1357116453987517	2.5739179433901573	-0.16880392778581454	2.0654867363742957	-0.13737344338369392	-2.2949988269342905	4.046282121774251	1.4500467231263952	-0.48348851327349374	3.4072238703887483	1.8381071700337943	1.7668653974666082	0.05296115996249592	0.5335238835502778	-2.191088854247195	2.7965638568347444	2.530531775684331	-0.8131364337981495	0.9117185066407871	-0.8472499741601961	-3.1432493731253133	2.288671371172682	3.6787226694828057	1.4854849023392482	6.4770641853642	-1.1723518649022087	-2.683793110795811	-2.288765530063799	-0.4268095058797289	-2.7781482810566556	-0.25498556549318724	4.558020080395888	-1.5318088214344308	0.9157270138998117	-2.0841165984699153	1.5623873716201262	2.5245771413713283	-0.7209790781824742	0.4792766038868296	-1.3592699759010591	-3.242293936250527	2.2991424311237205	2.657679371800004	-1.852004458229164	-0.36521457371356364	-2.3598292026732035	0.07962708368543912	0.4606871860776002	0.11702341926274742	0.4577177698818794	-0.2481262236484874	-2.1387823495001923	1.6439596542335295	1.426289944883535	1.3514960845794255	-2.1576593999079727	-1.3691363376427539	0.6790325535051934	-0.7159689100857776	0.6507954447080904	0.2848604132067491	-0.4093276513479204	-1.6066600872792274	-0.33614600263256944	1.9746525649916191	-1.4923528755178619	0.19858500263917966	1.4371866286729844	-0.1901293528404129	-2.70053256500446	-0.7082709380903196	-1.0554176811495863	0.94865108247795	-0.7955063849123636	-1.0561676492565923	-0.14434008959824907	1.163699122096606	0.14673733124302038	1.2821112708557485	1.1350355470251876	0.615153697944672	-0.3147995493803377	0.5537068670716169	2.1232659726015384	-0.28406328124498464	-0.24953309415556887	0.6980221705875143	0.7072983526910246
DTXSID4047884	-4.60235419875053	0.2518868079295642	-2.2332481113988916	-1.7206113174934161	-1.5028203655578334	-3.1948933676716096	2.161255141333455	1.2303114233996533	1.659730175630732	-2.86867255069622	-0.8383359088244855	1.336051366230916	2.7219100595064467	-0.07703280508877515	2.434004566280204	0.7869853733839858	-2.287080146406079	0.3316101997566986	-0.7445545302265132	0.5838684154338367	0.15077067090482707	3.0096018757752736	0.292764480119082	-2.1953708541945134	0.15115583575308922	-1.7868559752006696	-0.7056433033253343	-1.419555881058266	0.7930904400116164	0.24867196613127604	-1.649230907421617	2.6988335548465643	0.05911467781317072	4.603421025817925	1.6754666984366533	-1.7024322731037513	-6.002783635948154	5.808332329506364	-0.6929016423506282	-4.114220104865708	-5.177250949958233	4.354063164819976	6.168137883900538	8.246731168149395	-0.20192635639064732	-4.6058606950024705	-1.9160996771692231	-3.6491667167164725	0.7518525724602335	-0.9670302378081649	0.03113379625698867	1.0089653134145584	-1.3845402125686321	0.11968520060599619	-3.361864525285552	-1.106240328346177	-1.5679617067984022	-1.1238484767724473	2.0192300367111202	2.2278908314012393	-0.855893973107067	0.9558033297828352	0.2630946619720104	-0.7744534457629715	0.12570936747378966	1.254966933979448	-1.4255310657264195	0.7571309721335707	0.12227154818035625	1.7074707398482634	-0.46767555482099643	-0.20686948980024386	-1.0099677259646076	-1.6786502057420558	1.374483014332605	0.16624768382840058	-0.6316075118299466	0.547912981910901	0.4107194694237037	0.5239194507085192	-0.5949258004470264	1.1331540730024885	0.3442139625774027	0.22088081653964056	-1.1949063983122934	0.23396887660764637	-1.0590563926926535	0.09287630291439351	-0.5409539438575528	-0.806433706510471	-1.3859705901452366	0.14683765901054924	0.25363644137464164	-1.7341185695797263	0.9358674214413892	1.4821499657653818	1.3187572507396155	0.9957066680310158	-0.5431261964159652	-0.3244889008288053
DTXSID4032372	6.556931923626974	-4.855674664166576	0.5092055249146519	-4.794482015813272	-2.3997921135496396	-3.64001821373324	3.082288913587933	1.7053411809107633	1.0758466209930684	-0.4076385723872577	2.7289746803661017	-0.2308596339963457	-0.283228786910324	0.57864438909643	-1.1840883624923277	1.8115916820678828	0.8570264661017958	-0.8312453277929384	1.6031793549089595	1.4606136029830772	-0.8436225061182386	1.942710494083143	0.7849763628372066	-0.06880056572853052	-1.5309887507980595	-0.7508318535891638	-0.560374997597937	-1.1340399689496508	-0.04228774618296905	1.257824936972754	0.9833364675582053	-1.129899298368907	-0.11928357260762947	0.0914795679862484	-0.10891193973266725	0.08625036280669991	0.5287025871094038	-1.15104429194991	0.918381809857947	-0.06086274713246163	-0.11522642438583025	0.47562449266978674	0.49689613717146563	-0.5063996006124077	-0.49936364896738583	0.07585943799212415	-0.9488239471263421	0.07951300953289074	-0.13785218368656144	-2.0455070657019134	-0.8106437976251664	1.478196364860736	0.3135985250012914	-0.8816743265256496	-0.05225148737812441	1.309175874668437	0.22691034058593368	0.659653178442105	-0.38943802340832834	0.15114479265530345	0.7755502322557054	0.755324379449365	-0.8890555882641396	-0.35820025364530583	0.2106191747357727	-0.34429779294224344	0.716862202318022	-0.5717506120642558	-0.3437295274750786	-0.29653680671578875	0.46464054512395303	0.8319880027688035	-0.17851059098233427	-1.3566201017488957	-0.3142294956402666	-0.5060715376917655	-0.1686129816719679	1.6301617930198216	-0.011527249691285985	-0.47524264372064734	0.4556699147731833	0.7737021014471593	-0.5186292495036675	-0.4467647215326211	0.37685088373575804	-0.40111252750462206	0.005399251932756858	0.18701219887163403	-0.14758547692165483	-0.2615996726671072	-0.19082232121040166	0.3216419791529807	0.1173557329528785	-0.4565560100395421	0.34475703503416305	0.4686887528454755	0.09763986672460033	0.11965277506025652	0.18459520519852063	0.1773789260903132
DTXSID9037741	-3.511992027491364	0.2381264950841943	3.2389789722991074	-0.9417650202528894	-0.4272349892174444	1.8497428043646023	0.05767108602781584	-2.0142472342412927	0.6527760928796967	-0.10985520058849223	-0.5012142304034729	0.20548239327745002	2.818366926535728	-0.07633332822124918	-0.8103556591840041	0.01282813165749435	-0.5487044799869668	1.4003451963756377	-1.0528272293548455	-0.3254954585985325	-0.8941380452894376	-0.2781865299626347	-0.907509602876646	-0.3524679042583003	0.6697807164064645	0.5068861464853465	0.13794811824360587	0.45057881679066863	0.0461200206964101	-0.3250710944942278	-0.11558106047781605	0.42172085004904925	-0.4704328364922924	0.8293344676456829	0.044572171912888335	0.966639574996442	-0.3553029792867815	1.653499651322809	-0.9669976508678201	0.9400951098874798	0.2708742946103571	0.49367221803405	-0.748248088057964	-0.4663688848894934	0.18035712994812894	0.4697744459417255	0.42516906630778134	-0.4295991530276604	-0.37375148964301635	-0.3685581589117525	0.22966571827279386	-0.052322888213043366	-0.3407288437407077	0.980785909315557	0.07995869359864899	-0.47030563813770154	0.6594335817136765	0.2780074690346577	-0.5557156062628175	-0.7471950382114908	0.6568064381620206	-0.2981056253275976	0.3658352548009606	0.5282983251539982	-0.13485442540669684	0.28787209749231124	0.82581159654147	-0.41053162239706564	-0.17311207152888164	-0.7970487179316328	0.5256745078349614	0.5881206197198077	0.12095494364022814	0.24328346206053328	-0.8672334543855659	-0.03193163387153311	-0.13843801914330464	-0.7046506585723157	-1.1202875989987042	0.08572775280860225	-0.2709719036017913	-0.622150429625425	-0.18752553018418022	-0.419922275454464	-0.4432396936155307	-0.4399198287071861	1.0908378563984806	0.14544199576828887	0.33615308610525435	0.06162734939850309	-0.10700226321932177	-0.14443599207831517	-0.2711572958910438	-0.05909036191929027	0.021343265183244534	0.5865758441989946	-0.5226874029065182	0.13054273739219235	0.11297939002026784	-0.18842666416664255
DTXSID6046501	3.486931402717839	-3.765531002210251	-0.18900731961584286	0.5340632777547916	1.531492691636005	0.08428396823659855	-1.826755674045907	-0.3716659471211111	-0.8360103523754622	-4.818318795318098	-2.1950716262982337	-3.318299968655001	-2.187717769344398	0.31410847527659336	-3.0854582928837515	-4.896991456149395	-2.7965109366935734	3.273304752737997	2.1767502730048514	-0.0924352856148472	3.112595768734173	5.600586925781613	4.474040516703327	-1.271938232172268	1.187643403164465	-1.268542796706197	0.9182907595041099	-0.44490129639009535	-2.359352515367456	-0.23557324392491938	2.8847615661162624	3.0669427324266807	-2.5453137017116068	0.956193973443789	-0.005762865795066779	1.1939187882897588	1.23809570527774	0.05675360895260494	2.2059517636307926	1.663253139121295	-0.121500310515429	1.5646363103765837	-0.9916111151276294	-0.8896301742509563	-0.19587186156674682	-1.8310627142514033	-0.32142846524589014	-0.8128392541605571	-1.341129195652193	-0.060381508942674904	-0.3138578244314241	-0.3586743727736581	-1.077897503602737	1.09818348112313	-0.3334495898479006	0.5227793244224884	0.37824027281156464	1.5363053289671929	-3.1936467883461273	-1.458132447785335	2.869325691134908	2.513274702403893	1.1547714914486575	1.6341919122128323	1.2068164036170108	1.304267666552096	0.5183816564441273	-2.3317671864948863	2.8238703034758483	-0.4725985902013763	-2.065634111379308	-2.5168523109359824	-5.646216492340749	5.141713197524636	-2.8366389539390395	-2.383043486940745	2.851465957646302	2.5889287535300545	0.6834843132799349	-0.38939868861920507	0.08450848863321547	0.3980856342125521	0.7621873473357188	2.2583074368342793	-4.2847237518634955	-3.86163614848937	-0.8025175199629262	-2.460307000424591	1.1035527554865034	-1.8622859386091772	1.009094351204579	-0.987459178047465	0.11266435849858063	-0.7233887706995923	0.6886903621402114	-0.3549134462737378	-0.12377794525766579	-1.4854159218764225	0.2523040277666465	0.9003288701291475
DTXSID7057735	-0.7790106002454021	0.3796801178773433	-3.469510704422953	2.9840610296082803	-2.4556202813096752	1.2151336058989894	7.7747449386502785	2.2927118120147307	-1.7522595332063375	2.469499230559175	-1.5013249846511691	1.6742518775618171	0.534035318107213	-2.36311992087801	0.13702886999938083	-3.390658995202533	-2.1338099439113343	3.8178629992224544	4.113693204165543	-1.066604828750416	1.9862807337780786	3.805432890521274	1.7599710019434545	-1.2552686995306315	2.2547947819735827	-0.20205705360596185	1.3055392772536396	-0.4992346488749031	-1.6282332934734443	-0.027587080247640148	2.1059192380216216	2.972540355622709	-2.3356180534795747	1.133691943957799	0.3086032492370182	1.7137608144464924	1.6876378903875802	0.8417091652794053	-0.05235246096714887	0.43598290263077716	-0.42399164533211403	2.1294038336420154	-0.18715341356019527	-0.3176127764879707	0.41036567888192704	-0.051090511752389246	1.1198393253723267	0.9673433070312272	-0.5235292982519657	-0.37650948229623127	-0.6559840200858261	-1.531103599665106	1.5936427282823744	-0.17877028490320715	-0.5568687318289716	-0.312511305824496	-0.2464050181247295	-0.3065264734794411	-0.14734066410947289	-0.19018930372331602	-0.9630306353365703	-3.2301538837551176	-1.7081931243320596	-0.2999826003282628	-0.20373362636145825	-2.680032942625474	-0.44904829760425635	-0.35637700686639784	-2.7769331950496827	-2.242769847985418	-1.0679226046541117	1.256621048529523	3.3786332682963787	-3.5019200951884297	3.512218946595758	1.7447253605275832	-3.69886516665846	-1.2578656530706285	-0.5809109774283946	-1.7953909564346027	1.4100039592669025	-2.0498861952127454	0.9228774974472504	-5.100574043154462	-1.875487814329845	3.429400418927596	0.33560396900760003	0.7990210356603157	-0.05699676796183029	-0.14103826681072645	2.263104250116533	-1.2292236546454143	1.31713906334646	1.0670792373793743	-0.8827781313249138	3.7638059552546337	-1.1847648868268963	0.4448665869267941	1.2232188042738605	1.8879860469932506
DTXSID7040150	3.418009185159857	-9.095305781792032	-9.546417891788463	2.608120400088079	-3.2531167970351187	-1.7436544426643976	-10.269471694905661	-9.725341443937541	-0.9096313477356542	-5.451338322848933	-8.9102491621241	15.956308313239328	-5.412084259019978	-4.887879135560735	1.6719915379493713	-4.054383951634358	-4.078313499578716	-6.904148890904487	-0.013859335745197609	5.330595331172055	-4.209951127067163	-1.0061312500438397	-3.780665446467056	0.9843152983990976	-2.227678337134907	6.416653803349165	2.419307320256815	3.1357459323881036	-4.758378938108208	-2.079121337812339	0.37225049582312836	-0.816258957909152	-2.8188085036588095	1.5733295834907206	-1.889313170453216	0.6251061496039737	3.243060125547547	1.995084897669951	-1.7321457921762182	2.763046854219135	-3.2402659442434625	1.6064294217983288	0.11321380394896947	-1.149515139352524	0.0002386592739135929	0.3360084919035191	-1.0380254794857748	0.7884611044157241	1.2817106377129965	-1.3232181781381167	-4.263607842621837	-1.423978693532205	2.968666347907954	0.11905928740478464	1.4493230858367814	-1.137497655222343	-0.5212057279221901	3.293597641001032	-1.988369741635913	-0.1947502458265717	0.1262203564799957	-0.06339165112023934	-1.1924687984233677	0.5863582511482306	-1.070307057171963	0.8321678106018788	-0.7052984543835531	2.4896689065080806	-1.646668984533687	2.187228641187835	-1.1634698143915978	0.40330511816870296	-4.168665694640633	-0.9725574277196465	-1.9748135225483754	-1.0360018176975605	1.321455744208787	-0.35231742840081426	1.3284528622796163	0.15679241351797463	3.16175892039299	0.7090144985526905	-0.2607624928735589	-1.7840053175465056	2.1074687721662713	-1.3319476949077784	-3.231929003167222	2.9979876661350313	-0.4037607702136085	0.40109056187881015	-2.1657090458313304	3.930066689255943	2.069112841085214	1.7379850925291764	-5.157522789097369	-0.3747277094743105	-4.187679675916325	-2.0387226791000987	1.92696514211061	-2.1969355444453242
DTXSID1045372	9.693319828978035	-4.039410211823291	0.21943408485003088	-1.8718437566150343	5.499866486193493	1.8920802807870032	0.9510388580283595	0.09295398126844082	3.1467459066670114	1.097830241416179	5.6197066607915795	1.4938553979437696	0.3893528907694537	2.1226638114351193	1.31317683817158	-0.8165444469025217	3.5453333253806685	-2.7861807885634073	-0.20552605238163904	-1.969337123040437	0.6178449476931727	-0.7190925903405835	2.270023198415403	0.4400647123273282	0.9182947948221624	1.4707281182509575	0.1519288206382898	-1.8557953490518588	-1.196922402693454	0.11884933689260137	1.6771010929575887	1.5976011576468632	1.6223593538295473	-0.03609849960162564	1.1205215979033392	-1.7434219818841772	0.1754421656724023	-1.5284575058332042	1.21487956165362	-1.285083585112083	0.905734619853772	-0.4179699504464429	0.532905256803651	0.6801670554191556	1.3164443821846428	0.022302157037024647	0.0748980670246323	0.09346910109848276	-1.3190082727534769	-1.5451367657252615	1.1592388307721053	-0.5808490911755646	-1.69035998905123	0.29545909250351005	-1.4391633677585869	-0.37188272289637686	1.4663115420577708	0.9833842723279824	1.9466172414345329	-1.4209872080373118	-0.12574316664480092	1.4750744454312057	-1.2028764499220206	1.5999217603981646	0.6331484798956323	-1.2587918468505137	-2.34090573202791	1.4581197347766592	-1.6211765014608208	0.2831864339168652	-0.8966280466401702	0.5382578168970023	0.5003016251421911	0.009001072797443329	-1.8525496958875667	0.4686722786470754	1.1914983770151104	-0.6709460152774966	0.31321344860434314	0.002536615732797289	1.5813041519258952	1.4368539513267127	-0.2796888353709476	-0.27616751402076906	0.13830584400638876	-0.08117500166194334	0.7561964210374083	-0.33895514004635086	0.3878092398193104	-0.4846071385134233	0.6101069739522321	0.4102674457065975	0.19139768068592472	-0.12686389852275254	-0.4059231934307445	-0.23201836683823843	0.8094162885092109	0.1819849914055363	-0.4043746400711804	0.14399812114682015
DTXSID9046023	-2.396498668425295	-1.6713115241075187	-0.8442267815675771	0.9443080837340667	-2.9416758466664366	-1.4254153257369493	0.4795390452890372	1.7119052930621663	0.618497712880812	-3.670019213239404	0.2717539790374875	-0.25554336371819586	-1.3261718372928668	-3.7985591349959544	-3.1961149562129605	-3.448875899444324	-2.1825051703891547	3.2537902737225415	1.5245401456795167	-0.3675613070384996	2.094266395075055	6.543147769686414	3.7220129066571346	-1.7914682142301162	2.586417527108891	-1.6563786754767882	0.9939603649778432	-1.652422210739662	-2.9728298963759756	-0.14037391631613613	1.840611455248516	2.8181830735575923	-2.3192211551199207	0.3583144810984482	-0.721936328002068	1.3388878463721283	1.9406428799829571	-0.5161181484765007	1.7572536826472451	0.5954519671696126	-0.5111672564075849	1.590294266120473	-0.1518695702775339	-0.6023114491544129	-0.8001237218615734	-1.5509537734816112	-0.5785735309418156	1.0837140151416627	-1.4916624633888118	-0.7364102797545095	0.5999120381486834	0.14018007602525429	0.014310620848061952	0.8406971945388653	0.2908466545203494	-0.08264378555845087	0.48361758581819686	-0.27914120973261247	-1.9747219536810945	-0.6070331345631296	2.634945419871603	1.8178431122489018	0.620030306878993	0.9364688267933656	0.39305482461255703	0.7528728264876587	-1.0857730877790397	-1.41015135434755	2.474161206643177	-0.26193590288206764	-1.415991955222603	-3.074592539557504	-5.569338202874653	5.73140881767339	-3.8521950422511972	-1.953505932557197	1.1983259260243697	2.8995570554142853	1.88774977810444	-0.07696469100903293	-0.6567326969967615	0.42280910977393243	0.3378009967397499	3.0404117065212115	-4.129743888424577	-4.092463997291898	-1.5695694782631144	-2.2442581695260517	0.7947512787678322	-2.5354142834213977	0.17950924253392003	-1.067200931348478	-0.03844440236053301	-1.5037541675820758	0.07550922478112905	-0.14588156356249127	-0.615530612842422	-1.7709390129545288	-0.4145190902308799	-0.38456428423628414
DTXSID8048658	1.4807089833562568	-3.582939439494262	0.15869502761210666	4.7958144757808565	1.8785817731451884	2.4619234065594244	-3.1032386752363537	0.4181197268754535	0.7947888878911564	-2.43496484061977	0.3955390104567395	-2.0804913939524003	3.780156534183324	4.026083184010236	-0.8320630679059178	1.20795865542795	-1.7246237833899243	0.3391115919502979	2.9287629284330157	0.9650089019559984	0.14458568296178237	0.1657332958035563	0.1537168180576567	-0.5761776744835332	1.3263967820561557	-0.7241207209729459	1.598409188690159	2.3798684958355856	0.9984764565139067	-0.18298946744626746	0.11702380346089238	-0.24566252687915696	-2.336913226232407	-0.021071895311305513	0.35057501940311686	1.8266852502076318	0.2936458522933505	0.8387308323930432	-0.32860197314490946	0.426195896402563	0.46296495430934653	1.544946054389815	-0.16322378050873554	0.4863794178750917	0.21705407543129523	-0.10466540082130542	2.0060826353075627	-0.3274196408325002	-0.21028542132155667	-0.1518321240220378	-1.284665436871867	0.8929633547041403	1.0784879665757168	-0.08077577859776916	-0.24435801528005086	2.3191693965887294	-0.3206788501506201	-0.9638160923077062	-0.9713700692517953	-0.13495047114232284	-0.2865557459993445	-0.3700489174458853	-0.13693532053604823	0.02926766470791857	-0.8007333784343931	-0.8045355754661841	-0.6654027525385838	0.054550465257959986	-1.010733066506336	0.21271030290128115	0.24467771787064427	-0.8165211855278949	-0.35221650189700243	0.9206788503322418	-2.146683468074347	-1.0644380227062615	2.0103122575915653	-1.8677452359843347	-0.9410147202782074	1.1432974110240233	-1.06376007066229	-0.852119669423374	0.1513517537148523	-2.124124189661618	0.15087327588124483	-0.505222830293815	-0.7334444056018917	-0.5194167342953215	-0.03361807099574581	0.40970882287589827	1.2379091249423642	0.9859790397122848	0.20788143888487798	-0.40722757430759765	0.025948026653414103	0.5550008204833999	-0.29954395658941474	-1.2818550384124054	1.5250943445106269	0.9269765680791165
DTXSID9047201	-1.3719273864556802	0.09768015600796277	-1.7367648500920048	2.0840540234462774	0.40316128093529374	1.0685622672463946	0.7739041934503998	-2.7451474549880963	2.3354520607162725	0.03575171552714723	3.6153161696619414	0.7152228553582958	1.3420923604690456	1.5713138671218556	0.6134953994163503	0.1808757593487456	1.1324616713261253	0.7393131918507877	0.7487406309524374	0.42225212015226443	-0.07681109662377646	0.22674565434648558	-0.2514897350107281	-1.5502020672543984	2.0224234774056566	0.5415963479324636	0.703736951010696	1.4839547375637872	-0.8608178309319255	2.2570371719118154	2.2256672623530473	2.4076917581949417	2.402882590676216	-2.405073411154607	0.4404776233300524	-2.0919417034821524	0.42309568396111735	-4.059212945502935	-3.3937816747516707	-2.2669928192447317	-1.7780733416684262	3.8174545378050895	2.281795421361987	-2.7651090312240623	-1.9581208233430376	2.9667948241566067	-3.4340961629097424	-1.8030849752679958	2.0512513140588395	1.5685029839816205	-1.2639646451475024	3.1228492506693186	-0.1587251376641693	1.8212387700856416	-0.9801761613350675	0.9570494069951097	1.2169499471136394	-1.0371962899785956	0.27391597909213433	-2.0213774832143128	-2.616510357748594	0.8594862187970979	-0.25876104269518824	1.4292348945715305	-0.5407877404175732	0.3971944921020061	0.39413206379648846	0.2917871647491268	-0.692105142600227	-0.4593235836824666	-1.6810020475023872	0.5896314348617967	0.05371881266653023	0.4502287549264061	-1.4063104692978354	-0.17723856932036725	0.43943207954529395	-0.5118915849229769	-0.4638256629272973	-0.624353539463845	-0.22866723355045968	-1.0345183388293728	0.776459109138902	0.23858186495301778	-1.2361886560028053	0.5537720762164987	0.7231160308577043	-0.18274329070676773	0.38588111453990437	0.9664356613459107	0.7496704564790717	0.0012906821044064362	-0.053290624319022255	-0.389827137850944	-0.14629623560889513	-0.5063263164579093	-0.0570791582580521	-0.2729074752118961	-0.0613019145077119	-0.003644644946419296
DTXSID9057763	4.770866448147945	0.2297574234005807	-0.39230225488802833	0.4921109064703383	1.6768042794541262	-0.31648096298857264	2.1964567441133154	1.6206313358330193	0.940638890976849	-0.689310139646902	3.961083946073942	0.5655725371251918	-0.37688853893941693	-0.5938024513100941	0.4610815802165885	1.8670975738752038	-0.1272775169239343	-0.7777002520185421	1.1235188855223044	-1.4740293345252946	-2.1791210089580164	0.7008229276607322	0.6440822318032987	-0.011964738924900546	-1.478071115524095	1.759818204292716	-1.1697097261534657	-2.3172945891292267	-2.0014460324773973	1.7817206986154293	0.34550707323000435	-1.0894796598317595	-1.903505513531624	-0.8531243514921568	-0.12183304296166626	1.2313982875453509	0.5407858230680933	0.76698996289787	0.5750798859687353	-0.7104120211952992	0.8939387721679377	0.7288622925116017	-0.0842697814594541	-0.6998423422391165	0.2930993477303453	0.40945243985202695	-0.8888468903946881	1.4805907376940415	0.5561120155802524	-1.369571825399336	-0.8462894208858887	0.7118147154164944	-0.6160859375607479	-0.44999581798226795	0.6125143298449949	0.461531585604351	-0.39321884451547634	-1.8627279381941513	1.396415883342336	0.4551411365318564	-1.8305312870010149	0.5608990126148075	0.6789450660701728	-1.1877042310736388	2.4158573893179196	0.1722409736675671	1.138078057281075	-0.9359241151313192	0.4976548625857989	0.46807474494443896	0.37987290973827764	-0.7804842120141483	-0.4279981226507733	-0.27347541927354124	-0.6418967142601376	0.3692030983384568	-0.7299935810262536	-0.423602270316293	0.6457465421062475	1.0178988823154447	0.605640557513252	-0.20300094644731687	-0.4182382214971677	-1.234109630069271	-0.6262350539107208	-1.011264513772561	-0.42459221890995325	0.33433543008034033	-0.932346599768961	-0.6996566514716892	0.4509214097780385	0.6535153767396331	1.0723321662843575	1.0218607833645492	-0.42941223434691994	-0.020553624317734918	0.019847119503771105	-0.5415758703721016	0.5366548640572412	1.24279578753906
DTXSID5046190	-3.720761014913196	-3.1057381635885477	-0.4171360690246206	0.33300579280262477	-2.7108750738570815	1.0453919491490358	1.4215680804723148	5.975769056813832	0.9545849632398591	-3.676699826500462	-0.3133109317092243	1.759729141292433	1.1549950412473449	-0.42857777030720234	-1.813486952101332	1.393633377118414	0.2335967939749275	0.8962070610367261	0.615800365473207	1.1611092990613205	0.646521229022538	-0.5275095452084206	-0.9198431050865812	-0.8856292969048137	-0.667134285983145	-0.4560035881500708	0.09382679964046106	0.6812513948760687	-0.8863711078265151	0.12573371585931561	-1.5307440389156028	0.05932289456939776	-1.1490726817832582	0.01370906593675429	-1.1548261444229257	-0.43459923351450175	0.28099579377292355	0.20304515967740464	0.5277820678777427	-0.6453958657873851	-0.14303426360828964	0.05531238376489091	0.19352114372813048	-0.5560854760914966	-0.1599186691964504	-0.008921085730325707	0.13058191095049157	0.5231574168188259	0.33503886824370804	0.7148868870419148	-0.5325172978140168	-0.2181588494891697	0.041665256872451616	1.1073867599507154	0.9266097819718611	0.09201321111083426	-0.06109406903445664	-0.2846707923888675	0.9505496885330096	0.5553006124116114	0.5822307211575812	-0.08365567417846914	1.3242694326510838	-0.45755611509506355	-0.04153422204495093	-1.1159172670465387	-1.305440339289399	-0.24158875671465152	0.29305571553521104	0.2710917377213982	1.283932180748453	0.3526410043427433	0.10531632738758936	0.692392836061669	0.5978435473817321	-0.4640356423488602	-0.21819317323173104	0.16499228440726652	0.21030290972871568	0.19499715357282785	-0.9149389610717816	0.4877675626794676	-0.061166116023065736	0.23094679558991502	-0.7954024515678911	0.1012070300461638	-0.2086473768853383	0.4959396646007594	1.0751206059001712	-0.130480517566235	0.24511473973385156	0.12148544932839124	-0.0739605869108083	-0.20325053352107034	1.0846069186767537	0.2330993976038433	-0.22825431615836175	0.10616661489229516	0.2730705124900717	-0.10168132313942348
DTXSID0048765	11.413893064265359	9.447891871077177	-0.7432167449234794	4.4582190036580185	-4.034875457716642	-2.1541604452163203	-5.059045516854915	-0.4938401611122119	0.17356047341372238	-0.6170440636700839	-0.2034220523385595	1.079115443518351	3.561041566592204	-0.9806752849022079	-3.258379343450962	1.6388844895817034	1.4828939712318905	-0.3971871353519675	-0.807945108640685	-1.2242823213231746	-1.5415845277708926	0.3462712581924694	0.2899216111033752	0.7060402844618231	0.5047626702738583	2.27271893829419	0.5587701439332147	1.5435802628925055	0.6297471672216168	1.033556205883495	0.37713719042766514	-1.0242388092207706	-2.133223887732077	0.13349519366729776	1.4920072455903084	3.9431591988201484	-0.8048060285603791	-0.2077373482292881	0.31086712321791204	-0.37419782784763184	-0.16366445004466001	-0.26377820560091303	1.0193817908470821	-0.9909487341064901	2.1144600362815256	0.2410264434511181	-0.3974576754798059	-2.2385729674226926	1.7613830724447053	-0.44430482290536794	2.145936780951035	-0.7534991682975618	0.3611125624923895	-0.12362048388956894	-0.36859108811921776	3.3516663607334336	-0.7588527566164128	0.9108365503490421	-1.076512464336518	-2.870418013613348	-0.5345712850422674	-0.4388526541881558	1.4179610093260446	-0.4512093690064609	0.8571143328719363	0.36667876548800615	-1.034419542905407	0.633024717917316	-0.43924289204599554	-0.3881814144552742	-0.4827364633395755	-0.507410420410492	-0.23621674960657948	0.783284905873349	0.7394512360987735	1.757406457439313	-2.9928261225333466	3.1734047436863495	0.035380992464269914	-1.0189888933120335	1.9409780370105372	2.5965467722329696	0.992795413384667	0.34239416452082844	0.00988325698593189	-0.45446336153078476	2.3872842951257027	0.6255136319853803	0.775242686183405	-0.250938006662801	-0.9645021775304974	-0.12136590667479168	0.9272631191383318	-0.31039981646648773	0.25697836456350187	-0.5777071582702685	0.5117084672949058	0.03505185818091404	-0.3046813418317244	-0.26798677788162123
DTXSID0044943	-3.375770191518419	2.3843440188335143	-4.272057028094074	-0.10096300943269852	1.508903077382981	1.4337981405350606	5.710436172992696	1.8715185071472802	0.4313957759342011	1.1222531712250774	0.2563693666714072	0.5797294638527575	2.408239799344587	1.3047115155094515	0.04553533974312116	-0.6950833485590316	-0.20299409721647035	-5.4799018111550035	0.688120616042448	-1.667879819265799	-2.3783465108669506	-0.2583878376552157	3.3833033540738002	-0.2767580367952861	-1.1622099821112484	3.1941810994438193	3.5818385591893835	-2.8255268086259795	-2.5481350104978797	1.4300030262542915	2.8724338265607736	0.23199712663738647	-0.6869464418182523	3.533456301869249	3.940798851601045	-1.3051461741982697	-0.9461838822118537	1.3163120556373837	-0.15099626647397268	2.372517885869576	-1.9398428117119548	-1.8797779447765144	-0.6975038657293101	-2.141668337623926	-2.8920214712454744	0.4892003883378765	-0.5878424156169676	2.8262500652144	-1.6591751428315133	3.764731746136585	2.1990639395133527	-0.15873142883569985	1.8748688811210767	4.3919346877916166	-1.7766787176788479	0.3276222461512859	-0.8769817883632333	0.5924722888633825	-0.9549613871299766	1.953823572340535	0.38704218463581835	-0.44696846872515433	-0.7613322347329038	-2.781510795706704	0.9000840521258036	-0.6768465539027838	-1.5995972702968875	0.926529457525944	-0.3678966289266121	0.47694405394775047	1.2247410696737837	-0.37323116457520933	-0.6352628700549457	-0.9267340084051535	0.44361241691331266	0.9009931559484357	0.14612716439029036	-1.305854384885445	0.7670430934808207	0.6655506442170745	0.6238700101357914	1.6628899165822062	0.39496312750095375	0.8313938741487786	-0.010920329272724572	0.2580411848393024	-0.028884275891563463	0.6386339239984493	-0.625066865225711	0.5227861489067015	0.263623221523813	-0.1195427619560502	-0.11381036209949272	-1.007021252504645	0.012631976263771948	-0.240860729849379	-0.3634630863582719	-0.8292218050798261	-1.1052383506558532	0.5330733180394245
DTXSID6022056	-7.940932458561122	0.1807356142526461	-0.26645950147413355	-1.455638668326175	-1.181304274339579	-0.7371312642096096	-0.9308237494500101	-1.3014196060247898	-1.74072197265985	2.2536716349817234	-0.7006622567434114	-0.16415993000094103	1.2807782127660725	0.8752571501600154	-0.6453649844697917	0.0526574639996289	0.19420041512497585	0.6228518649590609	0.7280169250432807	0.20864535925450092	0.3305601564193869	0.44908981481427773	0.2294999473873274	0.18501183523652762	-0.594191490739903	0.3169497192459803	0.08714412989983486	0.32831058420687687	0.14623946785567143	0.13343630855710004	0.5568216903955832	0.1600785468579061	0.0291452698758933	0.7040909758357381	0.265969631018075	0.22881724235925283	-0.18434153168358444	0.16967097706219125	0.23307651337398133	-0.03829395752334545	0.3700459250894344	0.610324669244317	-0.30783201449009123	-0.41725220284173925	0.4281416649371957	0.13241796460396213	-0.07481349731503849	0.23085217715446876	0.2629872699946006	-0.4829821702499019	-0.2820197729855442	0.29382262660448005	0.31710392955252265	0.201187403478918	0.01109492675353593	-0.11682747670467343	0.3032089403700137	0.41915214661333217	-0.7681710927306514	-0.07392887335443786	0.4859854411699063	-0.6049787738281863	-0.46684278515176103	-0.03696126896500199	0.29047953309074087	-0.24221853516891348	0.09040033930103863	-0.07952909132826659	0.05167404558823083	0.3554558999087803	-0.39888093976434263	-0.09091964439875398	0.24394146237424386	0.2307200892934482	-0.2757214421744465	0.2686433719583692	0.6219566377529862	0.32585776096090097	-0.11965153823436558	-0.0990710549698356	0.07527932876038225	0.13183357093165313	-0.20530286713564871	-0.2585832846110074	0.14025303223766084	-0.26458128249845375	0.13891343287470062	0.01375075991727777	-0.057871084318455425	-0.12248946480078288	0.015129202567188962	-0.12916399445225438	-0.2639335548840117	0.3615855449387355	-0.15126296233426612	-0.07918121971183277	0.4841758699644518	0.04636072509544843	0.08652681362520241	0.11381828784013112
DTXSID0052596	-6.517161804655546	-0.15592154836840652	0.2261606240038823	0.49548626984847455	-1.79263509847801	-1.2808637377647858	0.6047963384234899	-0.5948788039086974	1.1710714435385925	0.19963376745833666	1.2511673139149786	2.283292048421827	0.5678390740363539	1.3514667946243526	3.390850331240269	1.4390794643940148	-1.0046818748217543	-1.4370597526054292	-0.210128842515091	-2.0509909709613265	0.983937940072702	1.2875905843765034	2.891512762291116	-2.2052783511137806	-0.43720830632172447	-0.8107796961379286	-0.27631330164262186	1.1204832104432751	0.19795320246079479	-0.23330799670447191	0.43485029715339873	0.8565532686548891	-0.321952456427248	0.5012525701663001	0.8724252601389462	0.6435506793177412	-0.5883177569323775	-0.40401125835789264	-0.7131125996967695	-0.7650639438839324	0.2867057430709631	0.07809363468853614	0.15023716976238752	0.09031043788346535	0.946099452031322	0.16063209220535773	-0.17297060513275175	-0.9880172018643811	-0.8786822347496295	-0.08903586788972014	0.48175194098480756	-0.8827347603646711	-0.7500039372108984	-0.5832217743525565	-1.5118349901695434	-0.330604714308121	0.20746612014532123	0.5037603646102637	0.3032760443011851	0.5370663390430783	-0.39251345166023194	0.7192292639060633	-0.25275976523339266	1.186989658346107	-0.4340317463237572	-0.5412701756604172	-0.062135418320316	0.023206082049197812	0.43014404808974116	0.36333317144260974	-0.16252270554925594	0.37458079872719285	0.48947723753198535	-0.1395235406710364	0.06265122314778701	-0.18127664913188046	0.6638166391103898	-0.28894135578942104	-0.11323593485785627	-0.07293112170388667	0.10606737793861326	0.06286202230531306	0.06499138439779555	0.13770638446013844	0.2330666857864421	-0.05032114162522973	0.39689297996027406	-0.036532217148375914	0.28013988740804424	-0.18065347736159315	-0.013664715510737066	0.07518969385649875	0.29118846620316	0.14162865976915104	-0.3289555958422589	0.19323319074865644	0.25130891306858755	-0.08593724651221316	-0.2801214599128241	0.14974193441127043
DTXSID0045701	14.744717679005449	-6.348727067596388	-2.321848569693856	2.4623004818787058	-4.21736648400848	-1.803986809625022	0.9373347833806932	3.2538516676421305	-0.1001575141898595	-4.895380146660243	-3.936382873510922	-2.4865618144548427	-1.2619957627475407	2.6052496343443785	-2.5145147045152454	2.2838279320495376	-2.891806182681631	-4.124172641544276	2.293918239063084	4.049250874177498	-0.6201507374816642	1.0217754266732102	-1.3217167519219883	-2.440911499506533	5.059492216419586	3.260501463740563	2.875229650857444	3.0613971611652637	1.3048008392191435	-2.00274391870571	-2.1888079674581418	2.585236725948017	-0.7858528924272971	2.2684300607995778	0.33652956617567803	1.813559419537686	7.114718793629005	-0.15839268048692187	-4.450742420459495	-0.05899084884079454	0.4346717488210351	-2.4046367406294684	-2.6843733972072648	7.936637659585993	-2.465890825058798	4.731016853894688	-4.719716664500178	6.925737228473752	5.3842398157870015	-0.9057559734197005	2.4561751766832947	0.3196287560006623	-2.8056991770319955	-1.0872815675248888	-0.26205106484954915	-1.1254947506619764	2.1798336693462064	-0.586267468976832	-1.9640409843949749	3.324212837525959	-0.5421581242779502	1.3541349964286538	-1.0366278506940614	2.816697398865074	3.5661745956442545	-1.4262560600542815	-0.7411098336738586	0.3488776032474217	-2.713035205636813	1.620120820632685	-0.3821158992914039	1.9832940619645942	-2.058660626076471	0.9232609382793253	0.24385604450712764	-0.10722966934148603	-2.387973656419541	1.7020631107450601	2.3565538263256283	1.3895389157125142	-2.3981310725042335	0.11475305864160011	0.8546417772375845	0.12257141452465094	-2.5116871178823836	0.1646274973487507	-0.8988565510138995	1.8928707340719004	-1.223198470231895	0.07219044138711163	-0.5816376809126583	0.2177724466029232	0.7497925556954809	0.5955957751530201	1.1154055157192804	0.26262625318329363	-0.6536738125155687	1.5830331054063447	-2.627244978877983	1.1103543299642036
DTXSID6020933	-5.5765062220943875	0.06857611280903275	-3.0718802242215273	2.359920348863528	-3.702755610937632	1.0203193266281276	1.8503823915296802	3.1111847769803505	0.7024381031807817	-1.8315182862335688	-0.31935196760662965	-1.648269750649	1.7959954983902546	0.5870979672109979	0.4362592008918102	1.2653653382026018	-0.4477011951058993	1.7125964413385204	1.5616529486754755	0.13873427627254364	0.6095842736443512	-0.03619506484430046	-1.7646117023043244	-2.197196967154222	2.3589429102176447	0.194426980119855	0.47531619954122495	-2.7427201851817236	1.826449647681005	-0.15729246817834958	-2.3853247548989223	2.971974134616123	5.234494664833004	-1.3683352542919618	3.122135152806203	2.9662409040362054	2.307054779997524	0.30845374529477354	0.8462206300909729	1.518774300849684	0.5011396960811332	1.3442618732954492	-2.8300270258613205	2.6367283722769614	-0.5535998802173787	1.2091207734196725	-1.3171694153413545	2.6396151688205705	1.790924444980283	1.2739134776123384	0.4661593291724466	-0.6930265817075093	-0.44625810050516607	-1.9739307697028512	-1.8676697747207591	2.075906863915316	-0.07834473464074856	1.3596238311885827	-0.47191417382477924	1.196169801789141	-0.6034648591988288	1.0658293181019232	0.09682605253405384	0.21544880369080183	-0.7918259435179942	-0.42730955303101553	-0.8898993141850481	0.2403844296060036	0.17955540002730752	0.8737303421988015	0.20163496663799485	0.7845457800641823	-0.37756937477946584	-0.13841660883259277	-0.25380610547857535	-0.458778546783328	-0.7160620571857881	0.823838408186875	0.46411268947466616	-0.503481900401046	-0.6680134654143096	-0.39441236721182243	-0.21488089569516688	0.015985778096020066	0.11531525632073013	0.28887674169023014	0.13365761580083294	-0.22105698632520984	0.1791126898685074	-0.012434808439834476	0.17005339787901444	0.055343334678562006	-0.10209918989690428	0.06704139812366526	0.12829091049127211	-0.09878804286347229	-0.18757849889066458	-0.7539377086438295	0.557031019289348	0.13847878799633637
DTXSID0021628	-8.387099876119407	3.6637264370186657	-4.145451812361156	3.8339498123795797	-1.2563303077357588	0.4963836676871435	0.4420745460099797	-2.662757407868745	0.6934576189213938	-0.34245518871459274	0.04022543548057634	0.5364638393245511	3.796268497087717	1.2631774016742285	-0.6760967636249535	-0.006807707443411971	-0.5830269100094085	1.6061483221745758	-0.24502398486086752	0.2565297313213684	-0.8746003009216612	0.07297878305293215	-1.6774647889164378	-1.5507339176573096	2.1895674550345396	0.17846728174474796	1.2579222578876468	1.3409149173631771	-0.7251754906703974	2.331551729462444	2.063545843247602	3.0220766087471205	1.7837575515231223	-1.7926005030973473	-0.10719934504155529	-2.283874072206431	0.33887374528000014	-3.0518677958033953	-4.0938449892094315	-0.5852545799352149	-1.973565737672886	4.238442159469882	2.084171154664917	-3.391547808852219	-2.02167556159807	3.258161966002955	-3.4369851279256567	-1.2268294504442594	0.9168154030788506	0.44368643954826964	-1.1000795895748074	3.343247844698685	0.7394139425817856	2.531866053347806	-1.412356968454397	0.7878539401589222	2.005289979860339	-1.9672659268601609	-0.3570822044128378	-1.5683566560152813	-2.423147755675583	1.9175443718548184	1.1950144715522903	1.0829350077640907	-0.15685313962995115	-0.007932843193987935	0.3872601753810745	0.4055712338363749	-0.10277653440355339	-0.6383143473148057	-0.9307805808209089	-0.01801475727942926	0.47293203492340036	0.18543133288734176	-0.002973613804056662	0.2668173648123576	0.3596851396599735	-0.3040443112127416	-0.03677301534554714	-0.33034312358265144	-0.06957557799631664	-0.39621671740455305	0.228552144529269	-0.2397622824140948	-0.5048817057401835	-0.19766693423959872	0.23621129378973585	-0.38352053374922473	1.1013276751998538	0.6039203332401014	-0.04290006617523638	-0.19509975195318374	-0.07203012563628425	-0.08767750679387905	0.5146372802244878	0.46362679047413197	0.29603489641731395	0.6004276011528614	0.06253820773620894	0.26177245669020577
DTXSID7020689	-6.872956186943927	-0.8425397947787747	-4.635484242510367	-3.7309547847532576	-0.03197856525683259	-2.466255580243047	-4.517705253961583	-1.8678960636781554	-5.179490991972989	4.149578079844808	-2.9649698004753837	1.5455335815046198	-1.3542115830399537	1.829939834618782	-1.0817105761228347	-0.32974951698126537	0.6444023936964315	-0.14637525451094552	-1.0876896165228402	0.7054921564995209	0.07265534132534629	-1.945209134987056	-0.9864791234210017	0.16520764792904494	-1.4849687755443668	0.7290718148619232	-0.22000140228887874	-1.3301932449922937	-1.6603331651330784	-1.3302457959088405	1.3307671393538552	0.38618154641104335	-1.0245307257980854	0.49495845800018223	0.1875537697163044	1.0961801679167003	0.7627494302054885	0.10359422386914113	0.2798696495296087	0.707012239826119	-0.7073119031760323	2.1635667215823315	0.21026484951883828	-0.6679425841030584	0.05478216685323584	-0.31313306050775924	-0.4360044434568799	-0.534231842762286	0.5618761962892358	-0.6551686840438206	0.023772684605436106	-0.5279167351096228	-0.8621097551655192	1.0778439196341587	1.5538679345665727	-0.004637118611842014	-0.5393467325256562	-0.05062697431021976	-1.2163493465957806	-1.4590536421331983	1.1866535995376253	-0.6698159532359014	-0.848247545180909	-0.38056490836531576	0.590249610792701	-0.4220227599436081	0.020888273147035643	2.5916907509738443	1.4284033411637007	-1.0710780905743569	0.8292897186287937	-1.7139657087946139	1.451396959147736	-1.4361058134809923	-1.4466776984601857	-1.5423499051085032	-2.1504833144699624	-1.079274556624523	0.8907092414517995	-0.7400524702381516	-0.9868857462298809	-0.7848394344739242	-0.05946498982531315	1.080792288348253	-0.7819474793346529	-0.2865107803968518	-1.4711699659380757	0.9756495881836912	0.4750375295157192	-1.1243062125087426	0.2873117116368339	1.2497493233421877	-1.1352160480745068	-0.812503010829533	-0.00028894116856197267	0.4475089322387613	1.235037708952946	-0.5995186358640008	0.5631205628482484	-0.21163703889424293
DTXSID3048522	23.116142548418875	-8.811942059219875	-0.2573044641246433	-2.7484884998562764	5.547958087914984	5.534819557846476	1.0978117670316723	0.30076752360355663	1.0209803023574884	-3.8088497672056025	-4.1818475297446716	-0.7309942366040697	0.15301012820981852	2.8052016533906183	-1.2989564146190975	-2.5204575971581935	-4.030270609800688	-6.276772264949997	-0.4400987331987471	-0.8947814283589566	-2.1732500882000387	-1.5715561682455577	1.2687090807097596	1.7433939145332578	-1.7004766084633893	1.5268299385239361	1.4012036405171657	0.2942251270881702	-0.9783747064699219	3.3681980331686043	-1.1129126560189506	3.4581562918125712	1.2584811520759756	2.8477013215759515	-1.5342012740819946	-2.5199958661455315	0.26516176115762047	2.367415035903071	0.6188900586941769	-0.7575271681376371	3.1726769075830457	0.16676950618480416	-1.5968156026107359	-0.9730902773979379	2.6250970194851497	4.5270054756699025	1.1094354593818307	0.9879962541365664	-1.0805328773275937	-1.1642380326533925	-0.8811741052591351	-3.4780788773472078	0.3016904311966255	3.938295392220242	-2.549940929033286	0.3651768243266289	-0.797215188109407	-0.8261493404566256	-0.18020138686176035	-1.1439160491518292	0.7357415218997373	0.26152284347776356	-0.20106160434640913	0.5585217641413448	3.3861442940098954	-0.4198705227640597	-3.6529645529178927	2.2355495526025417	-6.067207833855952	-0.4897377269486386	-0.6129969976176263	-0.417141530720638	0.5815584194144964	-1.0505152445349373	-1.9347909278034292	-1.2764248450144702	0.9682791039684507	1.2010931808640661	1.723667388869892	1.0179269058561713	1.3183560303318735	2.4162565113013907	-0.1324322960030775	0.49162203755762873	-0.5319422126234281	-0.7076930812828596	0.09817579287137258	-0.836041999714019	0.28256804001528985	1.8583893518971284	1.1396038471058383	0.9268149856729849	-0.18621425915991874	-1.550867448761731	0.7384492825320373	-0.5066356259956167	-0.3397227822491518	0.13227564774953	-0.004438209450556117	-0.8210509455697209
DTXSID6023280	-0.12054372402168075	0.8678122043633391	-7.103415102657957	2.9655792002638734	-4.921901550235429	7.048391694409652	4.0488749977255	-3.3727237002902237	-3.978246250325334	-2.89562508502707	-0.49406832113877697	-2.398789952067455	-0.2009082341433545	-1.6078367771118252	-1.2969421273362212	1.5432612398991015	-0.11522128011693823	-0.7768944495922145	-0.3529314758010977	0.15013760498344328	-0.302082432532215	-1.9271250056785774	-0.06217228357902053	-1.3811728518828619	-1.5463169701324482	-3.8266963123590343	0.48793192794658624	-0.37256827055498964	0.9746332266544357	-0.1986791180781116	0.6519261580962105	-2.2475519232014416	-0.5907490489845791	-0.2247237116069994	1.0531608350528765	0.32008506082420146	-1.4008202205989895	-0.6343268077809727	-0.5370436512340416	-0.7151561815175308	0.2956074530042679	0.6708282754120845	1.1183148157598752	-0.5647982756128318	-0.8836366821857726	-0.9382191318063279	-2.298584624550949	1.8973057479422466	-0.2584837316203147	-0.6091864166619845	1.2412052427777351	0.22351350511410706	-1.5378784106363819	-0.9756713883979131	-1.7477976303272391	-0.09632893419015852	-0.9941008614407563	0.04034543577739214	0.6605378389528267	0.17618837328892523	1.5204061976107113	-0.7538630191860686	-0.18050169799698226	-0.1395100179341066	-2.1491215371187926	0.8245792176295482	-0.8335527327393127	1.0483239968700404	0.8936529669126725	-1.5364915934716397	0.004702632897354079	1.602311842186391	-0.388252822744785	1.0842871570101364	-0.40756023369044664	-0.35755614348861575	-0.956241136432218	-0.4140471062147819	-1.3163913643840657	0.2747298099863374	2.0490722825188192	-2.035246501949915	-0.1770423950062226	-0.5512371884452102	0.0748485200178269	0.371658731717534	0.04071673746042377	-0.0312163395169391	0.4530906357063782	-1.3622672696039755	0.12061166374263323	-0.43111480523270396	-0.4886786430017134	-0.17029875573109274	-0.9121985744255648	-0.6888597422279713	0.5010404197519891	-0.13994027698471007	0.37366736872348316	0.08244345232117542
DTXSID7021362	-5.013732625151709	0.21408941700138606	-0.7801367191880069	1.4563778569933783	-1.6301692328699966	0.5137135723624097	-0.7841393166172024	0.4000719519839159	0.1441487238623436	-2.511950632895992	-0.34135749192466586	0.39114223151239386	-2.1200096603971903	-3.2670220649340895	-2.8205864063202806	-3.8728839283243364	-3.032938294075896	3.230870058825324	0.8225824410347946	-0.4678187906090426	2.060365183043225	6.403871311381738	3.869917214986782	-0.5170070257728626	1.7750878308628206	-1.6337137043855205	0.916864634135108	-1.7278895518762378	-2.113552220920208	-0.7801047078957442	2.5533136816294015	3.322235044707382	-2.0641289005588317	0.7483129877047887	0.1563325784408419	1.1395259664543849	1.3777663441903465	-0.6251684054348927	1.987597444503921	0.8566182903070553	-0.5773842050338764	1.2852150617186648	-0.40066130592239285	-0.06479210286006093	-0.08793294578957306	-1.4610977682225852	-0.4676333229207737	0.45563157074223704	-1.077351484504112	-0.41319663949413005	0.8360035636153866	0.43351389961523334	-0.7934223643304377	1.2644145870530281	-0.3805974188792954	-0.4555736751221735	0.6689530279293435	1.056739077438262	-2.7212442721540193	-1.20385866650717	3.285534762991741	2.425713028185062	0.23346906191145375	1.401712511118107	0.7359736237773191	0.8771368284531998	-0.41295222096395495	-1.7023146842021522	2.839605786759651	-0.5191589847123481	-1.6761787276090918	-2.662556983881199	-5.303431841319296	4.96112820912203	-3.2010813943366663	-2.6660301946669813	2.2115479897578596	2.6628141378875614	0.9808877449688241	-0.44728895553985915	-0.4708588812461137	0.06276696707897407	0.2008195830211252	3.003726731583234	-4.149756162299966	-4.204010503320662	-0.9557769234456173	-2.4192473676506387	0.8101640823816493	-1.9013459567265953	0.6725301328461386	-1.5244664763362277	-0.2839531219434664	-1.3677981278897529	0.9141307336355808	-0.0005621293265392678	-0.5732964625155496	-1.353688611672525	-0.7400832500068236	-0.07344148812518214
DTXSID2021105	-3.0386612651504277	-3.3280522543110584	-3.386621489199666	-2.053291575509944	-1.6219235121726185	-2.4753155348719775	-3.6243050200960196	-1.9129928736986035	0.38168853875242387	6.117093536466165	-4.46417082943219	-2.7668608121786504	-1.039564634938211	2.127831202899801	-0.14482704027207638	1.642250686018611	2.1010647272502614	1.9294890119437547	-0.9835183290415637	1.6311366249969619	0.6752797533072299	0.21189889119284436	0.14447404267514974	0.356101006662563	-1.677393936932206	0.839866424165055	0.358604128516346	-0.6394301970446891	0.4716486853914331	-1.6082514866420754	0.6863675931264129	1.085415776819134	-0.14307581438734374	-0.026760985558349926	0.38932194225961536	-0.03208472699560382	-0.9939296464840452	-0.8554576911596101	0.6286396803283577	-0.26717279178666337	0.5260727276294798	0.26676800168568604	0.5094607284322858	-0.5728006225666604	0.40521904061017244	-0.08927541579780167	-0.056362546803017624	0.5861459896279747	0.67447206480264	-0.23144035694981538	-1.0065698758137134	0.7792009600173402	-0.393423111870199	1.0809463319153108	0.4916110873318499	-0.9762731612906148	1.5273946246192682	-0.46577296159432674	-0.75443808838906	-0.2931412412741744	0.5061241286566838	-1.6061611158150215	-0.35148521161116486	-1.8029236775603898	0.8484417991427807	0.2757574147506031	0.22267168878609772	-0.1480091831794518	0.03355620961969881	-0.7729464949961741	0.8048747634719614	-0.8386763320263597	-1.0150653724180903	0.1321832020431497	0.32514591448745533	0.7000379460914242	0.19701904408470952	-0.1792041724911114	-1.0904235353316778	0.07828145021571672	0.49071439102235387	0.3275133705287477	-0.6385867213935174	0.28398355961215654	0.43294301626391063	0.045724061971275945	-0.5393721671408334	-0.4685322025492795	-0.31704226352341297	-0.10552456686861987	-0.17903764255535126	-0.6834325858410929	-0.429266521973514	-0.6267559161691437	0.22585319807702506	-0.3526903689782985	0.5480112476623507	-0.24213698557445482	0.09458426108388074	-1.3782068105937724
DTXSID6047446	9.12585803885092	-4.128044040543082	-0.8999885681047478	0.38904741395505577	-0.5457241551817622	0.9080665557561828	6.705881687594493	1.9502058000309621	-1.1822617522811965	6.17971101397144	1.6653787039655858	1.3284382276232303	0.2806189403311297	0.1884754095071227	0.4771199845684558	-0.2615788260807816	-1.2242400964662208	-0.8446496722920367	2.8909864147997593	0.04985272450509564	0.5112622681890967	-1.5787195182558602	-0.9366038468208377	-1.2611957531053903	1.3672602117426447	0.09711298876072727	0.5771538201546567	-0.25757922219984475	-0.45846840118012844	1.7450778175947976	1.3235006266811766	0.29210398210196975	-0.458921915989925	1.6185229308121065	0.08498739121718214	1.5508972004070365	-0.06686600913506532	1.1580537586168163	0.01423726580555438	0.19646182101560014	0.458316661256546	2.0871790234820926	-0.19459931038589945	-0.855698755591507	-0.19230010965383404	0.9188561935440185	0.8719084520519906	-0.7206703335321998	-0.43904254668910664	-1.3652858922695459	0.757814174749616	-0.3213009020087944	-1.1836073311307853	0.3782898396752098	1.1128965049139838	0.4384841808633669	0.4481486505106584	-0.7315989724042331	0.2328290250149242	-0.7045403923929514	1.2683357381308524	0.9739603326399144	-1.8421161876935985	-0.8886701930226569	-0.09537121689171044	-2.709610504562872	1.5829753232594457	-1.9250210690306762	0.09941086401988677	-1.8876353048407153	-1.4823935908500039	-1.8498769867366505	-0.605889802337472	-1.209016349758503	0.03809556600795986	1.3603939994402723	-0.49345114165322157	0.8477388062947248	0.04923918833354768	-2.452805173358528	1.8083643396624998	-1.9576517078066222	1.4107780761922755	-4.308727506880521	-3.0300194776693496	2.132912541124844	-0.4755367609716414	-1.165905902823631	-0.9530907127792201	-0.7867031506166408	1.1826724525520542	-1.2269197325306254	0.8651215560842849	0.7514486726633589	0.41788945765229585	2.987597240216399	-1.2645527966821806	0.012318420237139806	-0.05479136344748815	2.261304778851408
DTXSID9052682	-3.3287962140189467	0.3157107674188659	5.832148571342444	-2.518869656656372	1.062693983081203	1.5250218191229228	-0.30865856941373143	-1.1819100114848746	-0.7411945875827676	0.8927331036019772	-2.7609764684854086	0.26503958110061393	2.736679253086537	-1.8017902612113939	0.029769176725155378	-1.889539296276441	-1.0160085271725927	0.21730136854034268	-1.0638299429347093	1.2957677951545545	0.21287782532163685	-0.6542695668777139	1.2461659613927607	-1.246737579668089	-0.2602542129300269	0.10205464692665425	0.45962111536120936	-0.39389778230637984	0.4213331178955134	-1.4070458103996513	0.8871467560810741	-1.202757012368708	0.3058643838844953	-0.053992270135069236	-0.775295942024527	0.919087925160208	-0.34215500757863854	-0.724218376498164	-0.13889408033165893	-0.10746775727475819	-0.14549536376688071	-0.7020873909091334	-0.331872860994657	0.5519324576566528	0.5201954860042582	0.31268315438378175	-0.21312325113600528	-0.5588489669292365	0.8594592351240476	0.1330692203632257	0.07165008683069249	1.6881482376194488	-0.18106534472371544	-0.15108826315127788	-0.04029798490205136	-0.10114522586672936	0.08522553286440948	-0.06110472328499149	0.7837318508846669	-0.09594423139906456	0.09009956534883211	-0.07596613801254914	-0.029861999412449335	0.1556804689027633	-0.07303636296097873	-0.48154016139671724	0.3837935658228479	0.15715739525509792	-0.1109319267555163	0.02825841675374389	0.20575581112808522	-0.19442669016171713	-0.06683119561796041	0.20547782372476084	-0.20254349255025886	0.04988093876593749	-0.14064537308291025	-0.2711631629894921	0.14159339817494082	-0.36614949581653716	-0.21603655550658954	-0.23826149928396778	-0.29731668436647474	0.17462534529444212	-0.01912139239991083	-0.012570230320332726	-0.05295502818501087	0.05537699034920925	-0.3736952435458495	-0.34002722504100996	-0.11695815702857193	-0.3648234885114991	0.015558549947164813	-0.41651140888073845	0.19442418125096458	-0.12932158847887584	-0.35879256727487774	0.08088459059519765	0.005251438826830062	-0.10090093914445862
DTXSID2047307	7.174303735226331	-4.95084479893663	3.355319030050019	-2.386693777613957	0.7002692702609908	-2.170748041373099	2.362115652561673	2.527159108581562	2.8070819617578993	-4.3986901170307595	-0.06982137642187922	-3.394888336370373	1.0290531407968007	3.0739378909302477	-2.3172214700685494	-3.7688622978686315	-0.5126525207163511	-0.8099337839914078	2.2663005116287565	0.029361807309305387	0.17849388927085597	0.4570915251846396	0.9323220829937325	-1.8975972081709152	1.1007118593173475	-1.6841412258638546	1.697571176284702	2.2344053992187316	-0.7140675201787448	1.2687827428911922	-0.6517785834280637	-3.8647589071929875	4.794847644755579	-2.8659049073503606	-3.417532744410662	4.9784599397326765	2.033020284454009	3.58930033769578	-5.887665859825287	-0.2916635343379384	-5.932827926513255	0.39885066776848427	3.50527547770839	-0.02150900786475769	7.352042393576289	-0.40105765762051887	0.5081595839861729	4.394323918696718	-5.207997875896971	2.4449611249846557	-1.6623877113816339	1.0240448834966203	-5.912451816729691	1.352813634338336	-0.5441333067334095	0.009583283149199474	0.5693141245571139	0.8147476378655435	-2.000521165655826	1.0807066639667278	0.15484914834669058	-2.232040528335365	-0.11039149627634147	-0.7873526788123136	1.087405602550141	0.8098690029100287	0.09169145044308709	-0.22803847464585947	0.9520504345657635	-1.1915649800508417	-0.04007240263743611	-1.6074959465685228	0.7193111635793832	-1.4650222776321622	0.2197228653750827	0.7280190709923788	0.20567263538505404	0.2749759306877443	-0.7194914006367428	-0.9050229380776653	0.4948085982641164	0.027886469742195608	-0.40461143206300476	-0.008196507636095354	1.6249079045033339	-1.249168711408666	1.3640714450333637	0.09317824246663654	1.1264335657451112	0.9571849692003005	-0.0777820986532769	0.5762781299599832	-0.564123215240745	0.07039170358242647	0.6800964352002865	0.48007720433758894	-0.46008293138279954	-0.2685421091684085	0.3482617324172086	0.5474140216132802
DTXSID5052460	-3.2371704085340527	-2.4432425279238124	4.242625163385519	-3.496300533682039	-2.5330862785645962	-1.7029814755735455	1.7367353777898717	1.4290072424155997	-0.33017417184025827	-3.0572206827921233	-2.2110770925899916	0.4481199274334181	4.350437960570822	-2.2090664264896467	2.9033773270073318	-0.16814795094080068	0.47669228631719296	5.261632392036886	2.3926371107126734	1.0059277710351897	-6.010566390684211	-6.056978691149841	6.144931774957579	2.609062917804716	6.288591108238016	-0.82396134266676	-2.7666587224917722	-0.6176828068650863	-1.0187914034090038	1.62207976833492	-2.1925137028885726	2.2396809059793323	-0.9904172518189646	3.835524605125066	1.4836800556725291	-2.2944943205062462	-3.73992214808901	7.9168593097071005	0.21759684123480905	-3.902289238968691	-3.3947483825475584	6.306426159912872	5.366181296490511	6.3741979047778035	-1.6056167846433094	-5.850331776003387	-2.26143318465881	-0.49180659968334595	1.6397207186505618	0.3173717879030845	-1.8519965018534716	1.2583663553361248	-1.435469247734594	-0.9767313146388373	-1.1657627961224812	-1.278442470902932	-0.4840794908184457	-1.6432554511271196	1.6672466481109713	1.0929059513524029	-0.7901204443028166	-0.39337413469783916	2.008207227533805	-1.9880173874315248	0.44459521644574335	2.155564167157199	-1.0815481952981	1.97734385879369	-0.40067531712416904	1.4525510040419072	-1.2742227726835849	-1.0364240423302336	-2.5643921197882795	-0.9147691795933984	1.3596482947436193	0.35097639986371515	-0.9725377949787813	-0.36904275476067533	1.5494753579322667	1.3236141091457039	0.23878597152881348	1.7551612894740323	-0.48740132425276106	-0.6578231954749992	-1.5335964298683835	0.5682540992776098	-0.5742231064102599	-0.04876206460491497	-0.5791281212463169	0.09735375119246756	-0.5663150100022051	0.23274648546380208	1.3393561769281703	-1.290900056775578	0.4545471115995936	-0.5079407060930649	1.191291173059268	-0.03281768055612851	-0.619671340441278	0.19994396300060355
DTXSID7027413	-5.358168921317385	0.7796981437936427	-6.266258991022159	4.93296706607237	1.5070646090807829	-1.504246870452646	-2.081931771857264	0.14244144729364322	0.6363561009526579	-0.6172141221987355	0.613917150743476	1.5537220655666069	1.9527326106143443	-1.8338063117480958	-0.9260943105590782	0.4011864068205363	-1.1047585894122478	-2.0535005769200256	1.1324343525449023	1.2472527694853537	-1.5568243181198205	1.9841530503996168	0.73736791065368	0.22151085064201442	0.8133159804864417	-0.5530880570604213	-0.1412251825969943	-0.9278854474837618	0.9068739742767602	-0.5718738023561359	1.340816550702331	0.44509113100715486	-0.3871574444694493	-0.4738815946614848	0.6615063516689078	0.873530648524362	0.2263004177115093	0.9801702619303129	-0.39943769142880253	-1.8512934781225832	0.7066293289170065	-0.5912659204333167	-0.04937264994341773	0.4121037684481326	0.6905862777483498	-0.14575691763188242	-0.24655982696252535	0.3549564084310609	0.7765181436702946	0.26426416783476214	-1.0206652032240517	-0.7119351909866927	-0.10334537669819865	-0.4812994939395742	-0.8528902197003478	0.020053645203188603	0.4576486259903359	-1.0307030208178947	-1.1933246973382252	0.12823169528663214	0.40559899122733234	-0.08581876898355201	-0.5783031367924488	-0.5989568516343774	1.124497169280543	-0.4470819201081664	0.28875291414811677	-0.24150899674507342	0.09843911850460604	1.6194881869632265	-0.5158917913305392	-0.565267548646517	-0.26490369119595714	0.2535572986164331	-0.2812603662401394	-0.6115384417634679	1.5463697949985318	-2.6153014420053156	-0.9617124378296572	1.473119885288856	-1.1647808224069625	-1.0485332111601524	0.02947375412210756	-0.5205141658353762	0.4629514723510524	-0.01624741674767816	-1.9396014443452538	-0.18103778211305732	0.32177817370303763	0.0997243309238687	0.8635183547656347	0.6521990766708364	-0.2909078198509371	0.1484404741733432	0.9980081168080271	1.1771307690095203	-1.445148894271988	0.021256916250729625	-0.36977371435261597	0.9583808272615656
DTXSID1026031	1.1340091081872832	1.9038816094116107	-5.390763279010399	-0.47610351524384753	7.88756796531081	-0.11173165528246229	-1.8506783985046689	-1.3306429359458036	1.1293196407265105	-1.8774480709821577	-0.6789774430014083	1.6140883404446495	-1.5313960142635596	-3.0930404426040226	-0.6235992012124891	2.671486946015954	-0.3805643854484805	-0.2480268839627971	0.7328143256179259	1.9650249526299979	0.14758132619067846	0.5896754871089855	-0.6942141222600398	-0.9169792195889557	1.9922468926457273	-1.7462269117884661	0.08649532951555296	1.1463192213839424	0.2201218926686843	0.14572745187466962	0.6450684355071421	-0.8019002767557375	0.44214731971536986	-1.001365333207217	0.5414820634824441	1.4508739850529346	0.28943551278364554	0.12162749737095782	-0.08342290163636812	-0.36928430579125776	0.23443508867039276	-0.19836768621273052	-0.6806859324047441	1.4301917131756914	-0.6408720136600913	-1.3453529280898315	1.1768670936637469	-0.3738420859278697	0.9206813927631888	-0.534499095488902	-0.9594984692835483	0.006635589277167866	-0.37946705167270656	0.8254285833183937	-0.6470526946896106	0.709198918681074	0.20328386386007172	-0.8847043628740305	-1.2165979164654628	-0.7348705565310536	1.7589783462558297	0.4683145823647041	-0.8600687999599769	-0.9231120889167599	0.6474182736926938	-1.162344423444033	-1.2123428763549682	0.3767842696407446	-0.49971043721431724	-0.18178491243555597	0.27401043337801917	-0.4217036880250783	-1.075223187120597	0.8086757106137517	-0.30369823295865084	-0.29669018234401606	1.7645695155933674	-1.6134772014833871	-1.0339317803181831	1.8156788926208998	-1.1837560403706084	-0.5981044980892688	-0.8621463831943338	-1.1928779186098022	0.7740697493569847	0.5542855624401243	-1.4863029846508162	0.2061609954496492	0.9087316697620639	-0.716033510811952	0.0240980281834271	0.3155068287310855	-0.31453360456332063	0.25266421688785856	1.7275908273759653	0.8509379329121688	-1.1878648514717733	0.09984411000720146	-0.566020345020173	0.4311822893441444
DTXSID3049045	17.174616178642733	-2.5804144422901287	-3.3137831859902387	2.9494037739691885	4.962775802502059	3.6785962457859642	-2.3381057206541693	4.227788049135257	1.177979295694847	-0.8033482773118209	3.303398217073936	1.5940873034038332	-1.9041566131028385	2.504550844546356	0.8732467244557796	1.7824161907539873	1.3198142622813913	-0.5113488867674861	-3.315065058571895	-4.6111657214621316	-0.030825539901450306	-0.25031383426845505	0.08411175568245047	1.2436409754238416	-0.9963886148014492	-0.840204850012477	0.6301824898364986	-1.460998013641731	-2.42864094895466	1.5442507322090568	0.6815000881767186	-0.8576640078897659	4.024671890859039	-1.0852327299055402	0.9775796755158999	-0.8460828396133634	1.264401461069242	-0.0534680276748851	0.11270716588482317	-0.9987751409370729	-0.3874939437443525	0.2740166669479018	-0.8025409277101693	3.182785901629854	-2.487576695875024	-1.0980431947795075	2.6963725874703734	-0.15292033144790118	2.019140812775675	0.4539368292792888	1.4909126991332806	2.5858852836167254	-2.5698231028283733	-2.4797630462384026	1.0731178951418108	-1.0265798786816733	0.14314862351813834	-2.3911819011888644	1.4181131058122605	-2.519853599693464	0.7207154550498152	-2.292519943862945	-2.256934148138014	1.504029582991301	-0.2332809822158193	-0.5236321952894939	0.8389423755219664	0.25927357542273166	-1.0772418797514138	-1.1492090112364313	-2.598601992063755	-0.1897821009074923	0.26674726138547095	2.030634552626012	-0.24377378907305003	1.0749308406371287	1.3664538244595632	0.4237899104475045	-2.0469602301323677	-1.0519527643682052	-0.17174136535243203	-0.4347941848146856	-1.5080696859072302	-0.12977875809134226	-0.22323133801006606	-2.344519986593135	0.08903297411471967	0.23198332932540713	1.2715891065709448	-0.8617451534526261	0.7941456462769011	0.9184033904007345	0.635468181645045	-0.16650351545761516	-1.6220183924752933	-0.4171555597302274	0.36215025279905305	-0.16971445623673417	0.5013941400363906	1.038162867997274
DTXSID9025087	10.056412159526026	-6.756523744931154	0.7517373699856567	-5.010508574870221	0.16013275618061867	-2.8337080451855607	3.595572312965032	4.417886083545792	1.3972808056325214	-4.757443489259154	-4.794406298932893	-0.49470632477664217	5.989144931966824	-1.5932123980291932	2.918543698216448	-1.3069093760452937	1.8987934532756015	3.7944845525654953	0.6995387057700412	0.6766067943352833	-6.002872339076872	-6.958765799251678	5.716492236654028	3.096719280005649	6.286406565251129	-1.4554097575719713	0.721613461005052	-1.7723570870880434	-0.5863756885220974	0.9149435654462136	-2.978911010711565	3.00274408496621	1.1731561585337784	4.632442422930959	2.2575488254908604	-4.732692531761455	-5.5071162369429025	5.630662603442286	2.3611906137305483	-3.242845273048883	-3.452025292179248	6.337520193127049	5.723005623536334	7.894651055438225	-0.3540507579141393	-4.668833622096379	-1.7622403797158894	-0.01649734518847381	1.2994921154192647	-0.2751064096548117	0.14222928836057785	1.9203422895980762	0.03446175605568329	2.036558942760282	-1.243851669158885	-1.813342192493422	-1.1262271461185691	0.5605758773028652	2.691459829540157	-0.4641566367134565	-0.5555972782323629	1.7138733040909586	-0.970391355702274	-2.4827671194636736	0.7509297252116747	1.013354238901957	-0.5271843757577981	2.3570111490723966	-2.2480537294499	-0.023723196341026046	-1.0936160198293416	-0.18923941934588662	-1.4112311941895739	-1.0529749495454361	-0.4761506576078797	1.3888805091350216	0.6604980018352521	0.11116849130845223	1.0549817682168188	0.879269344639383	0.25609401292305517	0.2553144317616358	0.015959160670324397	0.9642998414057427	-1.8457990933791286	1.2445014928427467	0.10792476616833309	0.6803552249035122	-0.9384394092609516	-0.9961789831429452	-0.6629237926371963	-0.4318555992288808	-0.45174961137673875	-1.948184085740234	0.7851736886683393	-0.28998187578371054	1.4843569630922975	0.7661078619368922	-0.513956983349678	-0.031182501549901785
DTXSID3021936	-7.171757213324196	1.7793774736715027	-1.9113840813965182	-0.33681118080031036	-0.31751272285663124	-2.59164133122073	0.007733187999015804	-0.7024443391023057	0.3202084749944196	-0.8072768138543535	-1.5891629622154197	4.087003274103709	-1.3090800639434468	1.7278786677533544	5.563793056353978	4.105312270841408	-3.6993665946199257	-0.374466295748192	-2.6210478018204757	-3.1207785216257067	1.3722236506624739	1.440899967121244	2.8503683195350416	-4.74499494478897	-0.22530567381101613	-2.533719384991701	-0.2039094446388536	2.63501582382375	0.28209771708637693	-1.0837033818438055	-0.4369787981914747	0.5065824760887904	-0.6707130399739442	1.9088228079491896	0.9010878302082476	1.6466030908513611	-2.0373041484563315	0.261000800302184	-1.7312488604224803	-0.9083400981338826	0.11758862831065692	0.025644471798194818	0.3036077956625749	-1.6321178720723672	1.132759078593162	0.8343384858065481	-0.16388151102257328	-1.2542671714110543	-1.5346389720836262	-0.08184922630263967	1.9129136325469682	-1.4090569727347246	-1.4912404507816948	0.2868723658209396	-2.6031637582967155	-0.2674735178725068	-0.17339697822343156	-0.5194014097464366	0.3169097020084659	1.0176303284186865	-0.49015328543888703	0.6455332504344738	-0.4612440434051738	0.18549223380860153	0.41152296490780177	0.12201812814098108	-0.2912706799178808	-1.1282542748877225	0.014534595167905817	1.4474173825283911	-0.6390494993193058	0.25585982601985047	0.5625141022652248	0.001302420070328971	0.3413537184749984	0.11648825374618173	-0.269175468242712	0.23984564250134377	0.28718613681825417	0.5423508997659516	-0.6176058874219393	0.23810409775963517	-0.16329990614678055	0.3384710454864673	0.8589711857989015	0.19539173581497285	0.02404887067452317	0.5457236997317669	-0.2523699468384223	-0.798708951129311	0.4445184639217477	0.5285860670397016	0.27560561672001094	0.4729033526457949	-0.22780985195058512	0.4492975535011372	0.2659953090297186	-0.4835617530799847	-0.28036799063136886	0.23049375990821236
DTXSID4020587	-6.7840182941548175	2.0001042600530594	-4.419288766933166	1.0353405384139156	-0.38658565889264135	-0.35915001084688913	0.3803905753574619	-1.8608387991017394	0.5966063386495438	0.3289283544477057	1.4402440463393962	0.5551277821884564	1.5500488450909766	1.3294670489224687	0.699069749416392	-1.1552062243464387	-0.16860069263017124	-0.0623966491617312	0.464722287631167	0.5303477625598992	-0.8422015587160225	0.7544107136201508	-0.08998780085205887	0.022502514083014027	0.3447503045286516	0.08024843929784733	0.46906296870535574	-0.37713468698473274	-0.46336259293074067	-0.3230356676536608	0.4494269873871596	0.0583346644250037	0.41779926164289516	0.2783384379375125	-0.34206343802124756	-0.6068058383557575	0.9329836849199705	0.2846804832005974	0.30031762972034537	-0.2933789348003313	-0.06126614219897334	-0.5332015004756413	0.08978118305530633	-0.1817951395234538	0.47474604674784154	-0.5634485968385626	-0.2161334146754314	-0.12558166610631455	0.3658274505867221	-0.07566370225936163	-0.3878058992608695	-0.5321787144837209	0.34383668362009434	-0.4869421001956213	-0.14849223708679868	0.4314993164538073	-0.5399507268020229	-0.25854072454288224	0.05587243321389746	0.3855426314744855	-0.20280831352193135	0.007081206137873782	0.303422105939974	-0.3012116093461228	0.17321965556437685	-0.7651043642531726	-1.0495364779809568	0.16354372734220335	0.5332600622218389	0.02585891625669674	-0.6158035595126353	-0.021999558415072767	-0.06382797556088568	-0.24580165004111604	-0.6239039365319723	0.012291965457904806	-0.96169391824064	0.45210113795844326	-0.4801742149069748	-0.43587566820797824	0.07864515921478023	-0.898111786988992	0.3441105679706615	0.018527422905094217	-0.481481524262207	-0.13974766820994017	-0.5590618002100953	0.12441195890818538	-0.2917706613017142	0.33103824762832573	0.33206574711768466	0.2966101366408679	-1.0353130416367342	-0.028986936093538966	-0.1402780704713141	-0.17637243752789328	-0.44033967240380384	-0.09956966016634718	-0.058789304241856924	-0.21722152119964053
DTXSID3020043	-2.133812742232442	-1.4272578830953195	-8.35577086144804	7.47765662348014	-6.532776478481418	8.837398648884724	1.9723887957276247	-0.9634455210843901	-5.74490293617404	-4.4900720740759335	-1.3241229834585548	-1.824007797538786	0.7225195010553266	-1.8661356479470192	0.988357367019292	1.6579231210650176	-0.6442397940806287	-0.2442840111676028	0.6375755266333998	-1.3427237513383183	-1.0843096072191936	1.5655296039991067	0.10589805195658651	-0.6012217419040907	-1.5679700434869743	-3.7732900298948	-0.9022614467753476	-2.5764517435925836	-0.3472637839946038	1.2136433440329222	-1.122510629763393	-1.5083083992061392	2.303559714594993	-0.9327990696646323	0.5452032331045267	-0.9525050064799553	-0.698571347258463	0.38490874218402993	0.17340202046126385	-2.1648753749912357	0.2057875708465208	-0.7571101162872814	0.23056790254104517	-0.16723973017688704	-2.9708755865574306	-2.6248565233436416	0.23374420376520627	2.05346427521011	-0.8170375393854263	0.3799901236801582	3.497713606723129	3.328678272049861	-2.956870886344311	-3.063973641321984	1.161346006470203	0.9497983621146356	1.9667967152137373	-2.650144832490142	-0.5565658893360516	-1.5256234253356742	0.10283791812394917	-1.6457817454122436	0.3696188338204412	0.4201652874096857	-1.3980045836872452	-1.2766422004878535	2.037715674063164	0.7480356760629779	-0.8475262015571927	-0.12950360659859234	1.1842374515175382	1.4097693513592358	-1.34604568927246	-1.8525940600483217	-1.2676095949973611	1.3355931960466074	-0.6274771292903505	-0.22130501870248395	-0.5274339972588281	0.28478528184450225	1.381475882975079	-0.43601280041833684	-0.7098470669114648	0.5799145706463951	0.9000214864788842	0.0001838455562070456	1.1814817377930724	1.454041551464955	0.5692942593563144	-0.3414937216856761	1.3258780035966247	-0.8143991759723572	-0.1215194106240866	0.4799695440439178	-0.09760171183973552	0.43077566951122115	0.23934169243911219	-0.07357125539253752	0.5512882401609084	0.17718753060286221
DTXSID6044690	-1.6797314252757376	-0.9150696674120099	4.0582347405621	-1.6237275455215199	1.5117386798565553	1.12004074095855	-0.001884796861905348	-0.2948432138543349	1.4819470427792563	-0.2116465671194833	1.8625535551473185	0.9849793921925081	0.1184194867110156	-0.9551857512565787	0.5209885637928894	-0.6838944227315631	-0.24303571800215712	-0.5964604715755387	0.0671595381806953	-0.5626733882522623	-0.7635273102799389	-0.25696019394111425	-0.06298772267108832	-0.016599929020330233	-0.8566018542136462	-0.1475345133077454	0.06943200003808776	-1.1861591910196687	0.1705111292828949	-0.5312601297172583	1.0225202238312345	-0.7146268129322508	-0.20784903557371076	0.6286432982884111	0.07538853823992234	0.7108409861365734	-0.7379382215291483	-0.24531860338318107	-0.6743310505154816	0.07765882353844264	0.9620963348100308	0.8000982650601378	-0.24108892057049686	0.19633613199843578	0.8701027717698845	0.7202785756073378	-0.9240051848227391	-0.9838488650155501	-0.04186661910983489	-0.7913360203277214	0.010697046392367921	1.0435190363748938	-1.2214639331214359	-0.11129037583112351	0.03068034156340816	0.27274532588678324	0.5878147004645917	0.5401802608564348	-1.0306207604781232	0.1862862078107922	0.734296391140464	0.1057068357175273	-0.2655759917869157	-0.8950949927143483	1.2990450695211582	0.025226093712613293	0.7406607634659634	-0.11808708849393092	0.37765509849160034	-0.4357275494942781	0.3019365412273981	0.6873748727203582	0.017352559269489646	-0.5237577650625562	0.3826870112223199	0.920919361623325	-0.3736720859582091	-0.31147107702216115	-0.2635960702257608	-0.7679938139615441	-0.4574407901689776	-0.8261339730131693	-0.0925700376440376	0.294685981595928	-0.8222838356086256	-0.20293481077832035	-0.22800450881478582	0.11932623908557974	-0.9873963416896903	0.049672838494626524	-0.40589710036584603	-0.4551498295549406	-0.2837544901175568	0.5227925050179653	-0.18665765744196636	-0.000914972629850538	-0.2286822090671036	0.15877992792913953	0.03123778874748452	0.200913829396809
DTXSID1020275	-3.8832380644111812	-2.5297209123212996	3.4112440434559104	-0.35131927925099027	-0.5763435750458195	1.542373849896035	-1.5483262643594171	1.778859957051088	-0.10821827757578471	1.271994628359414	0.9712207478878151	0.8646597061120485	-0.3568070228137125	0.9622781173295112	-0.6693554814392524	0.6474088005873894	0.22928071908191827	-0.050622060738492305	0.998487295011091	-0.3696176477821169	-0.04392093917251954	0.3930831363468989	-0.35516184031545306	0.4333199518444532	0.14898086740163935	-0.5404397373424672	-0.2870672705612247	0.12809120383645145	-0.25950362313272707	0.8377734557613877	-0.34326178138918734	-0.28420640563215627	-0.3668460902445754	0.4226043083496077	0.5818641534362042	0.06574281531971941	0.055550571733127614	-0.2650940347016625	0.1980539169960114	0.17748516845393142	0.6345958250611716	0.7179936018358414	-0.10571509778929998	-0.3763731826081076	0.2176686202778111	0.07134771775787348	-0.5251346042559688	-0.16939357229057217	-0.27966260371979423	-0.36541147957915376	-0.18364615433208684	0.18366127274853136	0.17631920394198528	-0.13044846023971224	0.0839094199751624	0.16601811061705668	0.15492628855066706	0.49636675851498413	-1.0146172614875368	0.12705529487860506	0.22230518609198505	0.33230916822023676	-0.7499661872926513	-0.176350621021786	0.4308919344868929	-0.06621426488299025	0.389605334341908	-0.23144248094942924	0.9779035565911516	-0.4811138034599628	-0.20032868369171322	-0.0036612376578036864	0.3541910131884542	-0.21748644943366174	0.1785138514085394	0.5032419346580539	0.23393745931193755	-0.46595589104851576	0.19790874029430428	-0.09375246370018545	0.28288950545731145	0.18001446760788978	-0.0679298400905127	0.12553935621249832	-0.10001383134274083	0.5757252598347241	0.11728084536303592	-0.42152446937389	-0.6487798141776829	-0.1358032283493443	-0.1283840392042998	0.027056067360591136	0.050427196223378615	0.27902487965741757	-0.2265779008824059	-0.08108617754221477	0.17889540948158336	0.02032939715284956	-0.16373548359256482	-0.008948432558345949
DTXSID5021170	5.134129493261665	-3.773949669399446	-1.8643291399438906	2.3171796402915	-3.45100513064407	0.7590518759024947	2.7858997447829648	1.5007320826346362	-0.11788728384921747	-3.364347629824431	-3.6306177844143286	-1.4746433106174104	0.07054838247798834	-4.404276232493196	-2.9368404403166575	-3.9429639616043985	-1.3114361762477773	3.5412124678999666	0.38168104932752284	-2.4775494933265527	2.3401937428892317	5.975622892724386	2.4696691396829396	-2.535245943650472	5.333514473983886	0.4171451048110923	2.1706127450584938	-3.377741912399382	-1.8954807484685405	0.20321608172798114	0.8825116789426989	3.2817561480915187	-1.9206821941335122	-0.7357403013668229	0.9018430882226185	-0.7937422100884356	1.3309916655762375	0.24625991543016185	1.266703107322886	0.3470643113968843	2.2022638009992748	1.2656210867880575	-2.4280181166363612	1.5795782213950909	0.014630877067126305	1.1768102511044813	-1.0683800082758292	3.7405249887459298	-0.6530551921551936	-0.08494956100770638	2.6600990291193036	-1.945485821153623	-0.8041936243883037	1.5791219128028133	-0.9785192500065013	0.29154554519870746	0.4311467594672348	3.108361465234294	-3.2073068325391927	0.1431948931586267	-0.1587137337361276	4.353864348058528	-1.7070897725609315	1.6988582092375948	2.1152872936733584	1.2082210823681643	-0.4594752572657686	-1.2846145315283677	2.1975877515500257	1.0218790375868352	-0.7798288082881609	-1.7766621503154534	-4.872531825388811	4.131745747142916	-5.832215203156608	-1.8219976903344621	2.7060829240973114	2.7275865449824623	3.7815271624239712	-1.0874547865768627	-0.41270022824750774	2.037629363887736	0.32231173479467434	3.6668324486186	-5.236892368873696	-3.1296220373759733	-1.3079713536989612	-1.454887871672087	0.12659606381936048	-0.6846651419240931	1.7174289780299916	-1.688501729544585	-0.19053861204517314	-1.0245101904330165	1.3093044196861852	0.23193422465864333	-0.3250215353937947	-1.8762462117749819	-0.9937176078446135	-0.1576968662916202
DTXSID7048950	9.283202407405318	-3.0748308963847832	1.925560495192899	1.6817724591384098	1.4585453892308071	0.03275789196735294	1.7480799189658285	3.6104438376414247	2.4932678636478314	2.487585518114964	8.864968371038147	1.553708933763329	-2.5433359469276935	0.4570326374371941	0.17730317241724095	-0.05117229572745217	4.819194542990294	-5.438347256576492	1.0267130597532454	-2.0033723101744303	0.9589744543597148	-1.5604618788800353	4.728597485628842	-3.2354675639048738	0.8991145555755284	2.3693270758409435	1.8158635035940605	-0.10521254540794203	-3.3418174725505634	0.4936750583239761	1.630553317906707	-0.455273201886862	0.5379457486223485	-0.7960001624514405	1.0165172000222649	2.404405049732787	-0.856993285039772	-1.1236716578828698	0.5857980768481692	-1.342466611650453	0.7696982114275399	1.8427112821203275	0.6428939099988505	0.9782084724204962	-0.5552800639496962	-0.19223883063138816	-0.5562071235203164	-1.6465944450023844	1.2729088072325938	-3.186936899005139	-0.6253831180458032	0.4865461094005677	-3.838375662078566	-1.1123288790445378	1.0393971945906857	-2.874768832599134	2.2308921448535983	-0.09626592065922289	2.2918161030799293	-1.5987644872503726	0.7910586492982169	0.6775618923695738	-1.428515841283494	3.2245104752414173	-0.7671177679693781	1.6766134828168364	-0.19801780646311337	0.7775468646591244	0.3899885529968939	-0.9212682383792383	-1.1183467280947912	-1.3972683926872929	0.026341786319256745	-0.3742762771066084	-1.281322515428168	-0.8247638452815673	1.0951245088330648	-0.6520794696683065	-1.0034277564149088	-0.7680174260960717	-0.20173868908802525	0.14442208522598074	0.4072336888890811	-1.0142752992851842	1.2749459618662127	0.6382847996468735	0.4505861581074733	0.7621247239667219	0.4152741609249034	-1.0014476646916397	-1.0582889905172472	0.24253218329160278	0.44393894996963795	1.2125911135716023	0.5700428367484189	-0.42096474915808396	0.9397695022312015	-0.30902594804984984	-1.175565937027957	0.4258924783736293
DTXSID9046495	9.101497589699258	-4.421952473635623	-4.203266650166261	2.5512929972553953	-0.01581061856685153	0.13174466516059974	1.9090331513836118	4.384132878935085	8.122536637027402	-0.00737685163189814	-5.1451154135766455	-4.673780515359865	-0.432454424937165	-1.7795342186669723	1.1859638141627762	1.0638083483592746	2.620413490488773	0.7054032020738913	-2.574228479351234	0.049070958743093064	-0.15138518852131344	-0.4025634207913592	-1.0476898515364708	1.2354462179831578	0.535290715442562	1.3821858651824848	-0.5016628141690948	0.5282122919580738	0.623332548234608	-0.845908084589826	0.25401732428277063	0.24041046685968886	0.19159824544782464	1.671937645946788	0.6450386658107193	-0.06594151693933875	0.12054174889138611	-0.36718057553585665	-0.7422440649836431	-0.5932570742113775	-0.3015751940930153	0.10123603940914516	-0.17346504439011332	-0.2886667336007881	0.009570617675287127	1.8246750983486035	0.7607530735481425	0.09319437727875209	-1.2968100841839345	0.6387618048536681	0.28685569534732236	0.026031676418828593	0.36880860670197113	-0.5528160681126689	-0.7721687218053432	1.1861944264863267	-1.34538135815761	0.5665209781074815	2.2977457342489425	0.3199989009645626	-0.03054854271345291	-1.4347220439310255	-1.0337819365276424	-0.844813178011121	1.617054256565066	-0.9109207590911618	0.9175678524416211	-0.2159806251676265	0.621059538085618	0.2853924167832764	-0.380118792981822	-0.48249154724482723	-0.1563055417458872	0.9589770245137651	-0.25513940042651406	1.2195337211638066	1.4311355225198876	0.44011158061871125	-0.4641234000505159	0.7968400686117202	-0.6553852229092825	-1.6343263719774606	0.14375094490476495	-0.15650094855614255	-1.0557007104668072	-0.31084779268387785	-0.23076144103408386	0.6226295016019224	0.6633425322489894	-0.4406476923545471	1.4603964281450732	0.4499720187325502	-1.2663112876998182	-0.6118256490765297	-0.349711166862152	-0.9450324106441815	0.7145306367361212	0.3636251977153547	0.048510110527177866	1.5819880584586132
DTXSID4021426	-9.852186911074552	0.8655997096491829	-3.8187524040230265	5.876810176199305	-2.679792857369492	4.0443615459693305	-1.4705951070991359	0.6152260588300082	-2.744351116723684	-1.8381536108971381	-2.050312824139311	2.446846949349115	1.4731705233779533	1.0535746597040196	0.4614459921850787	0.7965460324968373	-1.252116836361856	-1.2918614445304202	-1.0951767359067905	-2.65964031004334	-0.44666622024446034	2.5783909507629406	0.9685654991130941	0.037592213564382984	-1.8506936531591778	-3.8216116652004537	0.33904084623223973	-2.427814394872231	-2.2517639109864964	0.6535208261156571	-1.1265308335397466	-0.8265236037993074	4.312418243340173	-0.07716946047087203	0.5864563623572885	-3.8724445283587943	1.3357587041049948	1.0643162793706602	-0.9050155686766526	-2.0577320400104946	-0.1186922716245401	0.17805297229443529	-1.3559988424404166	1.9011831541550235	-3.4402735861616285	-2.1051481470544706	3.647095661141884	0.7676084767586726	-0.4208754309298455	0.8611446767364944	3.299838442918426	5.101027546423635	-2.3544998212336723	-4.91805394377122	4.724170241940491	2.568919444862197	3.323093076847165	-3.1712354776340366	-2.2608124564302146	-1.6937248561503335	1.6707612038647368	-4.152729330756847	-0.9021396135988963	0.20270383747652104	0.9471951890040164	-0.5390815614109672	1.571073367339589	0.32863710679850844	-2.0379047272369717	-0.7163879397432457	-0.06020870745716959	0.18598493786994627	0.12872358692003466	0.5175341950276172	-0.5914290304866001	1.6938165239401757	0.03521912778494743	0.08931128722472437	-0.03404939961258934	-0.797232531786219	0.39672153055715903	1.0960025691611257	0.518423332654547	-0.022603758878303123	-0.28237890799724036	-0.2667925146834629	1.2280071758336253	0.8044320748467039	0.4473785484597936	0.0014002147786222189	0.09613727862780876	-0.2895247298263025	0.4238123874100135	-0.13445271380810306	1.3308902808140222	-0.034940042573316406	0.2895011013090033	0.18194990105889775	0.2702900793830679	-0.21287079119446942
DTXSID8047472	-7.812675555663369	3.594497574992836	-2.765851094918441	-0.07017213685441821	1.8852758932512903	0.22336943431571724	1.7238265376638673	-0.09932594189448912	0.02368807223254925	-0.49958248060797544	-0.6042742307272067	1.0140730894145227	1.257820767234144	-0.03776336419226619	0.45789869644948833	-0.6588936377963043	0.5765383075305289	-1.2200778787856676	0.34860805090544444	-0.2652775066342187	-0.17667618058880163	-0.24624676826246758	0.15751178206509495	0.11850553848937165	-0.40595153956266733	0.1074450979716769	0.2578213801073972	-0.19194275557706864	-0.4722056785951666	-0.5483591629100876	0.12302500322009625	0.3116838573156365	-0.4371703959301391	0.3951228340733123	0.19426929237022553	0.0036566033742035943	-0.2124685916164638	-0.23969002310051218	0.05483795085691508	-0.2571270199232695	0.27926426593072506	0.15188421861473964	-0.11012280377917807	0.052768853657476605	0.6904478968402954	-0.0015133190903855777	-0.20315488448401284	0.6108719583449905	-0.40610057381512193	0.18343207346932064	0.42820180315548945	-0.025555430109785823	0.5593005028078374	-0.17293988905803964	0.3260977266952832	-0.09717608116807436	-0.2227581161618187	0.07475081574809823	0.41466584918863775	0.10604456199338409	-0.5000711836126354	0.4630975556083647	0.00468412891815195	0.16638094558551644	0.37490751037591097	-0.26954764615297444	-0.021290646087956493	0.40899375862127757	-0.07346079212524612	-0.20545415903950873	-0.5934867667792384	-0.28461147926168545	0.11198074917027638	-0.5211452539551732	0.7508882113868491	-0.08729374750570516	-0.05796304183632366	0.6945995274301376	-0.9319292215922973	0.05145249050544037	0.027746549674113264	-0.13647455478423828	1.0203117546715217	0.27097591753731504	-0.5548538876304182	-0.396118415801959	-0.338789453268722	0.19726457256722976	-0.557528135195873	-0.3865026334083362	-0.17066681755684265	0.12117999961467583	-0.15206342195016923	0.17645959824565022	-0.43163181898048647	0.014553864246223971	0.17311970966631676	-0.12507436493477417	0.03037276746675137	0.07119060282293022
DTXSID8023137	6.94460392762982	-1.8541191922989178	0.2945410792613852	-1.1659832896262254	2.3052837007343094	0.3740436945325213	6.310209953169523	2.293492804285964	-0.828228061498459	5.436468748765877	-2.6295305927657338	2.988211644154854	2.5519713601314344	0.3163663906727006	0.03231777079274745	-0.7444528863564684	-0.9958357147613758	0.11313410650063829	1.280831225527381	-0.3167194506014157	0.06473587858994785	0.1040844219284894	0.09251244595705124	1.0298092250788429	-1.0798170245918766	0.3052237870165937	-0.6278859136570916	-0.4310642791961881	-0.5164558683975922	1.146890178434156	1.0783057743765179	1.1610217788248205	-0.2529497079534262	1.7048080525417846	0.9735058900886594	0.2557154305363395	-0.5180464203644317	1.6535232542245792	-0.36715824856660445	0.40557205484743447	-0.16817525591479582	-0.9665609912664982	-0.6577941648313667	-0.9102952065235222	0.9489377538779016	0.6290490280997562	-1.0475798497203233	0.17550421138334435	0.12556982171105405	0.2284702930565166	-0.37709803295629674	-1.8155833383255422	-0.3186255384676485	-0.7252217577753215	-0.1505897092999994	0.3618597081976119	0.3894055552175021	0.296340720062539	0.3379352163474174	-1.146037728681616	0.45420559690489415	-1.1659284740762097	0.9825118308613616	-1.0057632919879007	1.5224434239999745	-2.5855679282337234	2.591670185990809	-1.7144718537195016	-0.3832406643966909	-0.9684736147428161	-0.9791964858720562	-2.2781761481079	-0.39824151234863064	0.20064553450255282	0.9159284099576992	-0.3498969510819692	-1.237265651373869	0.22797231104558516	-0.07841203972856282	-1.111783499855533	1.6866654617015355	-3.1321186744882112	1.1929648509179556	-3.8359025417477506	-2.71785772805266	1.7723018093165126	-0.25429031242823963	-1.2323710384154236	0.7968641726774048	-0.5998563360185102	1.6630277917866476	-1.251334204878892	1.5515020652831863	0.9867144159321722	-0.004582534780577361	3.0321666138186134	-1.8540297540070982	-0.5671343330558514	0.5432896611959613	2.962298200743022
DTXSID5027229	-6.301571892152029	0.3754295800985098	-12.347648131338353	-1.5114984792257584	22.6609642922894	0.5887155715542979	-3.91168251793661	3.597816357002466	-5.03679466127541	-2.150581221600387	0.4070167723192224	0.42631574336520456	4.346175492186828	-5.2742761835152825	12.607572514208439	8.267686768931313	2.660733285710372	1.2210685074114689	-1.1901482910337802	5.434465212054336	-1.0252694131282216	7.66894602153125	-8.459903369279019	4.506189213034777	4.139557810637836	-5.8786656885450554	1.681926341504	-0.24485441239436578	0.9262470637122917	6.847335757741878	9.992624129333118	-6.96935577309815	-1.1537178609065675	4.286953803518719	-4.200513939569804	2.9774901053252774	3.704200264750474	5.078283839247018	-6.891281965322808	-2.291734457944581	5.916076236173107	4.18230475330643	-6.2441623941217035	2.6353278751596756	-1.2136301782135928	1.0457660829485793	1.2051553506818937	1.1472860054703815	-6.482041222818433	7.311830707515132	-4.525061635339483	-1.2989049997094517	6.31701220248177	0.8474760690107765	-5.248375483640733	-8.282918517756666	7.494700051555817	1.4249342951143324	7.479602126905006	-1.3930027325253331	7.664656736447197	1.9690061492577668	0.5064525802827909	2.6058795845004146	1.2496637895957199	3.6663452608533538	1.3082032385729794	1.2647102087858932	5.189040290318644	-2.634149335527495	0.16796036527376618	2.3636316339257433	0.6568585588451321	-1.445644065021821	2.7207757090751827	1.6735520396956094	-6.54909815523206	10.399014473702795	-0.3449173294616757	-5.055920725520086	1.4391505153152566	7.423003198313265	5.859495803464189	8.628223354259607	-3.493728829211816	8.03567613706244	5.463413451094215	-1.6678350079100557	-1.9475243851443176	-4.525671536914248	-1.5150403100895153	0.8845449742697332	-0.7641981453864922	2.5312612795362983	5.150031654456972	1.0730137493350238	3.649429285098869	-5.900449915646915	1.487833624757603	10.091766859431322
DTXSID2036827	-3.5927437924701042	-4.570268930982824	4.11327606466165	3.5161829519612575	0.4846625959367383	7.127506298289379	-4.595317236228907	9.88686590048276	0.40449797516997577	1.5067030634172343	-0.9517045957421246	4.29675059047212	-2.2054765694005325	3.7628355130421918	-3.213097334881355	2.109173609454951	-0.804320476312609	0.6087137945471204	-0.04924456395493778	0.48665836734744516	-0.8931632235189082	0.6663336500615321	0.40050991000930597	-0.0028444232004664455	1.4130982548865685	-1.8854660013126845	0.22630220950860927	0.1873919233598771	-0.12909111330883474	0.7635579101891905	-2.135965087484185	-1.0807408656329447	-0.29684298571312184	-0.41315735748502064	-0.20750995226241004	-0.1608405899534658	0.31963977489246526	-1.0188918578064847	-0.17263015614350144	-0.10023768168269101	-0.9514530216862415	-1.3665032695208856	1.6227307445095847	-0.6858691777008636	-0.6274513963571481	-0.508509074188381	-0.4714991554059395	1.3394920240231085	0.72100364742265	-0.24490775917380647	-0.4057181101447734	-0.9284687565091158	1.7904442601354154	-0.8070614754074121	-0.26728137939836255	0.33044256247728615	-0.3512338871206083	0.1927901003891645	0.3033186716465206	0.1755253465440012	-0.8383089901953555	-0.05916349405105969	0.22488044727192283	-0.3295525456171745	-1.04915782860736	0.4415416377547442	-0.2949533204039515	0.686287283416976	-1.264259972503034	0.7499708145429462	0.06035654187342235	-0.000886671493757938	-1.277376483323382	-0.38534929836793536	0.22300986670979286	-1.0327130640607152	-0.9332307681671786	0.31348772360208055	0.5704417188144021	0.206052220479793	-0.6902935452509421	-0.11468134266697	0.193404497984806	0.6127846466631739	0.003060204459277619	0.07523241178060507	-0.5174508913249876	-0.32448487183764296	0.5284486505656498	0.30918872358300625	0.23089196176531013	-0.14120803318512856	0.013776373877890446	-0.4617545509517329	0.33913768404067585	0.21403739621978662	0.05133319236416591	-0.24199444460754185	0.3774679216854471	-0.19652514329908846
DTXSID1044435	0.05667393190698741	-1.4102686420537045	-1.5980328474787857	0.4838389875135607	1.8946126364571485	2.2584515137895314	0.059499260088407516	1.7267707033861222	0.9648231206545081	0.04163934224349314	1.0515373380901858	1.6614966767386572	1.2323752229409273	2.442862051298686	-0.6080299494971471	-0.6315160490422825	-0.03909290639820507	-0.1893764254185518	-0.10663387474552069	-0.6418570432771928	-0.32447541382564815	0.051520253330917344	-0.3744652981479127	1.4306400017272831	0.5861731398327437	-0.40035354734399664	0.7124966762691761	-1.367661985328526	-0.09348860074404172	0.4638963370674991	-0.0013699093285244946	0.25705999850175676	0.6204557793254994	1.4401422961463024	-0.12052683219794867	-2.735862410512826	1.071327907765492	-0.7781153162954905	1.0566840542226543	-0.886855161531919	0.7333759947291868	-1.0389407574382605	-0.034592409082309705	-0.42615780265663356	1.5572545043191928	0.3906487766761489	0.29219687043208353	0.7600119851851257	-1.3462526569405433	-0.18202250773871229	0.8731255317542963	-0.9267924602616009	0.25778697114451654	1.409097359616013	-1.7469168354000701	0.7435071053480975	-1.2599886059568293	0.0753357409808806	0.4731413246638703	-0.48044574798667433	-0.31924043494476934	0.8583339021830861	-1.182216289558135	-1.5401680169772658	0.024934466412580524	-0.31119479351863116	-2.1867059619302105	0.7361597566045477	-1.3851382401478978	0.2678665144570082	-0.4617864054663276	0.6182419529490829	-0.4789470644444297	0.728185060264297	-1.1634853005316381	0.2941722000103483	-0.05938444463227967	-0.5496525525941973	1.2197244877244615	0.14089843661116383	0.08546239555656725	1.3699649851194997	-0.03626488411232003	-0.42153469142905226	-1.127709779490373	0.16811279192664957	-0.1514088667360463	0.3295618904417444	-0.5172626034662243	0.25365179400653043	0.5745620567260512	0.04287137246059552	0.22031719407441558	-0.4181692908335074	-0.23199128327711435	-0.901946200199518	-0.43841440741089494	-0.3334830146416447	-0.5482648337072713	0.23730079082452157
DTXSID4025082	9.600236224568423	0.5955889937681449	-1.8748504194397135	-5.357711543648245	10.635443104051838	2.7883741923480514	0.04495926648619681	-5.087046444410205	1.3333944625335423	-0.8930821849873279	-0.4315671855340958	2.5543331339739557	-1.923195122677728	0.7886047082598349	-0.2163194371006168	2.390255167589844	3.556064504190955	2.9054022891345928	-0.2746889824185764	0.8756228245720513	1.4479076945705398	1.6564181451337203	0.2909705837315487	-0.0023959626085669635	2.244959089192578	0.054085095277564485	-1.8086670050763958	2.2550686575175614	-0.10962877180927617	-1.1305360926314134	-1.8192759621189731	-1.508564528781317	2.23369260742441	0.32140819737955173	1.3849469778852201	-0.2903628063375749	-0.7260462970019077	-1.2842290590248289	0.42971742128603224	-0.8560436733626715	0.359730555132511	-0.8642802255857894	-0.5342016291279891	0.1036470313798065	-0.4127647299233229	-0.6832456964742046	1.6118481164432368	0.7263997583511412	0.24379750280201892	0.41122989146638905	-0.9544141433762842	1.5911503740798003	0.0888541803675444	-0.39496985544354296	-0.3749833989770204	0.851823726530062	-0.03475669725674002	1.1331614657063453	0.3507919891936104	0.2805853616968464	0.7641331567779616	0.4802301383461797	-0.0603755027975531	-0.8828173919429737	-1.1635849633983575	-0.41436931401506827	-1.7697918799085823	-1.3173046792449825	-1.8276598196170446	-0.6544340296181042	-0.3474067801751293	-0.536166927672522	0.08560829896204247	0.09407669759000199	0.5043138375790085	-0.35687803545034846	-0.08177074776371973	1.4467815791055954	-0.08555791145787493	1.2865198917866134	0.28465527527818646	-0.021612798648548766	-0.7169931361954093	0.5966996346770607	0.4698113385282034	-0.18503375459975172	0.5207131689240944	-0.5252323153299856	0.5840833507521831	-0.3633792486081592	0.05915495157638613	-0.9880875896909975	-0.9158574163735338	-0.41186072768078613	0.24584241256588002	0.3411926459067536	-0.09801437378087638	0.5471882466675119	-0.2854492209611367	-1.084588724407902
DTXSID9044661	3.275110864356243	-1.163420499798805	4.510910214624913	-2.653133530553447	0.4045715006122515	-2.630593464782504	2.9473536543245804	1.581370719427153	0.33116093393660223	-2.8350919817897346	-0.6116631892440157	-0.023995604412751833	-0.02214379248363678	-1.2476866103714308	-0.10856679401794886	-0.23512623831078117	0.4504471829941791	0.5695733123441207	-1.0922823726832833	0.3241982341726453	-1.096747316574087	-0.9296165241685541	-2.058229829017824	-0.050814783472057375	-0.23102905502287313	-0.18396148402222032	0.3885721931432263	-1.653998595918139	0.2936681212223271	-1.099225034789471	0.3072615617366638	0.09082028810123131	-0.2949104736432893	-0.8328093415230833	-0.03857078286054324	-0.16502495391523161	0.6951478111745957	-1.0288073288593174	-0.2845269340096747	-1.0871521228802148	-0.7674161837350566	-1.5913284431630867	0.7007309429186244	-0.4089040375190259	-0.5169368745860736	-0.291200527625106	0.8044535519601728	0.06978804519699686	-1.2720605456314225	-0.010125478381735747	0.44735507457799567	-0.39732752279638966	0.16859496574842134	-1.0621199336524152	-0.4787510699733385	0.388349437267085	-0.29623569590453747	-1.757129778399973	0.22892871507740606	-0.5366626255450063	-0.5796603103962962	0.2963721429392689	-0.18555188310153017	0.25616861711887773	-0.8686235152994709	-0.29704688997923695	-0.6500421316919911	0.06086309561507925	0.03522309104717882	-0.06657212807520889	0.2662640648650955	-1.0549525038627388	-0.02499872110438486	0.3630641292216336	0.30958583240765797	0.4077568448421875	-0.21922959116600202	0.34399948228504174	-0.5061490279063412	-0.27174905268317134	0.27493885753631975	0.2970042202894616	-0.16392442428027046	-0.3356627745286528	-0.08494134825200994	0.23598906441098927	0.032705424110076715	0.06209267309452259	-0.6307725608808656	0.38527548418571844	-0.18235842779250971	0.011393187528427296	0.366821223000864	-0.11548502522470204	-0.15528203556279943	-0.3762898162549185	0.32522286158209807	-0.25142215499459486	0.34228459431440283	-1.2236023090608377
DTXSID0044735	0.19650205677610275	-3.365781773842326	-4.724011288569539	4.41823939823637	1.6847993566763284	-1.2333450656778806	-5.344471832928388	-0.5309136070644174	1.6226972646669702	-1.4345379941716183	2.4645387981225766	0.813620361385718	1.300600372389428	-4.565653744927472	-1.2418511602228028	0.7086313834388819	-3.2356098236117905	-3.012141847351486	1.936904953077223	4.249874956800755	-2.0932981774364974	1.6083573417901142	0.09487822072691096	-0.7532151313365059	2.0338513005748777	-2.0600442785738733	0.8896261270745753	-0.5657915207363575	2.8418157490094336	-1.0651964172202246	1.0112331773327423	1.0370888772945945	-0.9414015423285789	-0.6021964822455965	1.4695169305749727	1.1422357641802052	0.10253925848626685	0.054998496081761945	-0.5712819900726199	-1.673985497760105	0.8875415238048914	-0.4296153654253745	0.20053140778085066	0.7800715355330351	0.6190336047540668	-0.9117031367975912	0.4897552728723884	-0.7917857261897305	-0.08341212655646152	0.1743593994243515	-1.338497800185531	0.0009591607322700925	-0.09530463429614898	0.0026337833156088	-0.3235395253538887	1.8438014398296638	1.5408377816347245	-1.5460935408968404	-4.211559911092125	-0.5540869545517993	1.163579623094347	-0.4240531088515506	-1.734539684372012	-1.2252139836458353	1.7941326184622484	-1.2164273196731052	-0.15705652732268374	-0.7381432568019174	-0.6859169337322256	2.1256090267089847	0.3836359197186797	-0.055551135462552165	-0.9443761700802713	1.5308211219388537	-0.7895182209754467	-0.46737527874315976	2.711097622787913	-4.75850831963638	-0.11514483167478859	2.6189089795429443	-2.3233502771814925	-1.1874417834777211	-1.877736053812147	-2.748504346848855	0.7354370574310303	0.40422594844837473	-3.407487032918558	-0.41073348090965883	0.1430485798948645	-0.16535730964238404	0.5953910645282319	-0.13444919470700264	0.09268105937521763	0.6167523279606345	1.1675655393686168	0.9557747203956684	-1.1018546329955465	0.4078577305057243	-0.02184695654109435	0.6413607162841557
DTXSID7045368	-1.5986355127514356	-0.08929533276006658	-1.6120758009245872	1.1733992022678401	0.40660136712116146	1.6300898000111481	1.0563233418891247	-0.5961185002290386	0.5940029425171109	-1.68641228063781	1.0320873691946177	-0.26091080039720427	0.33584080435829444	-0.10067053385019897	0.2966328057517439	0.3947975262740447	0.6137487987481562	0.31671330391565444	0.253672539133491	-0.9228527875330614	0.1431169341889403	0.45266781925887933	0.2755285330484307	0.22420181117586843	0.06045425970954569	-0.44175536539331395	0.4158557634932319	-0.8451753374868928	1.1217440402387644	0.9368914569426201	-1.1190044773084098	0.6232180638548843	0.5364544008296197	-0.35373056485912424	-1.1938970455972726	0.35681144873759446	1.2935816974815877	1.5193622289949686	0.13537811095095087	0.19822959700235346	-0.6559019350310331	-0.34659283932061064	-0.1415222194197219	-1.1168179533123637	-1.0983003108027465	-0.519366006157062	-0.7417296622887465	-1.089818022742556	0.9943759947228804	0.24402111789111497	-0.5709108096774377	-0.4838302908129362	-1.2600373493026156	-0.9521665971628362	-0.6882816964008748	-0.8828670496102808	-0.2894585432545665	0.46450779198724346	-0.18519634750847508	-1.1596725566323434	0.43858673336567056	1.204300167348443	-1.405529295694906	-0.4641169731560898	0.33659897026812957	-0.9515781099899842	-0.6321048570550075	-0.43159985429701403	0.4386591563915798	0.06998193429921076	0.9156602157364161	-0.471032939704579	-0.5390335994348902	0.1752848793943359	1.1977944138568095	0.4177470556409403	-0.28941816850115953	-0.895196835588923	-1.397954735412699	0.01930417830815875	0.17261336474101852	-0.733596545711919	-0.5684065048219366	0.3847646076516913	0.6002876858772549	-0.4072020789733251	-0.2548710366552838	-0.17941809106735362	0.6732081465274056	-0.4029541421488434	-0.19245748663252432	0.0974258774874503	-0.02127674072630464	0.009413363188684307	-0.1811050354325761	0.2422857770559564	0.202486193194142	0.4346113139762249	0.008337062929116875	0.42464377116312935
DTXSID6024466	-6.198415610652849	-0.8779221636074139	0.4605396908235797	4.319063204038584	0.15850084239880832	1.0060058112060075	-0.8089291701773393	0.6652295235142662	-0.6108945283101035	-2.609673372883943	-1.4030977714936967	-0.9857447110325482	0.6960772951323069	4.685943130821004	-1.2970495077248283	-0.45368267048574873	-1.056527662919604	-0.44491823825401056	3.16892322159295	1.3931791851424746	0.7415685811529357	0.8399717220106374	1.2981917205069324	0.5688090054142504	-0.39851460534144756	-0.30997762502313353	-1.1006058400023033	3.108459025534741	1.9603036246412509	-0.3968676767081267	-0.09205354750123944	0.10539578758362364	-2.4132362265998353	3.9650275668944794	2.1640403847699647	0.48227272599580856	6.548686078054059	-1.5284485183798815	-2.5531219989611764	-0.8631660131108494	-1.2426299382729227	-2.724569290139866	0.3235229597110272	3.7263835105313237	-1.2092771065180277	0.8238020399535231	-2.08398034696089	1.661761885816882	1.6349815549561846	-2.027810060581075	1.8844767078806077	-0.3378005087803515	-1.3893193840236402	2.3059956764555247	2.5467610816087847	-1.5371270292689363	0.5034921622970232	-1.0056190812994772	0.1465724149266707	0.3837550455496009	-0.10265024837432679	1.5311778163260101	1.214156411777082	-0.6917145697958977	0.8720974872193793	-0.13091200468424605	0.29317390578276686	-0.6221947017077463	-0.9601211101849272	1.1909054734432705	-0.766878769332201	0.4754942144106988	0.18758015884243678	0.07871235866071154	0.16992119351678459	0.3326133320833328	-0.7853242870483526	0.10271776618221952	0.09721715356931898	0.05087774660117883	-0.31025771245772393	-0.4658401080143514	-0.08183506348454284	0.29303949451576833	-0.0824422212180506	0.647738504805301	0.47514236175799346	-0.38285294564462713	0.36869981887216147	-0.12465081901100367	-0.3019533217633215	-0.08931176297223088	-0.05137027091018155	0.45777205092673073	-0.5763322152770848	0.6454727745893419	0.6267078146356257	0.22472787495165425	0.06814018525420627	-0.16551006314124975
DTXSID5044526	-1.0091261013308457	-0.03933962266395614	-1.8534074853913851	2.5703381716185763	-1.1323636297071478	2.2127716480112714	0.26765153710339934	-0.7300525474863142	0.5769699244880986	-0.9911502891798394	2.0833011218089386	0.011726125779825536	1.6094782567460093	0.2125451656740009	-0.7061070539094388	0.33420277660839437	0.7720369950004908	1.2723198835445297	-1.181405734347452	-1.143714419579877	0.10204876602664445	-0.9923052797311913	-0.16697349637422057	-0.2858908152216409	0.005406941408887771	-0.44645765061302295	1.5083156940661484	1.3940463943878854	0.06836918518472337	0.693381997540278	0.5448832020907097	-0.3563051777673509	0.039498588984760434	0.5315315876448846	0.10240148073899619	-0.556014071234742	1.196159567457672	-0.41697297681451007	-0.17542695571577735	1.234417243768328	0.6460215544523344	0.5347949731273438	-0.415651918638707	0.1690622177351591	0.2043176477016082	-0.6458608553483417	0.37044240864528694	-1.0769512537242494	-0.7533926841841765	-1.0275518343367822	-1.3608081175037816	0.3322519664627018	-0.22860150411182736	-0.44105829081041936	-1.3538280642708715	0.4350592030486338	-0.20724908776552817	0.025980178702617374	-0.7553988738917993	0.07676541005180482	-0.2058508006041346	1.493718848007107	0.9088214554125372	-0.3471750145112423	0.27179999251569675	-0.3649239656024098	0.11324243543226453	0.07746115031445622	1.1691408628014432	-0.3530435856012152	0.24847652893144614	0.49979609580862056	-0.29386471618685794	-0.7731577114433591	1.332359712031127	0.35980167961380694	0.25779362878760864	-0.29803897806525304	0.2359846962092766	-0.37303416049526256	0.13003899647791387	-0.03840149234776127	0.14685369908304258	-0.1472533208034625	-0.12331049704676428	-0.11343435273111635	-0.6323592285868009	-0.6742636395173943	0.3696405323852979	-0.057586997572159994	-0.23658526693720597	0.18154035731825696	-0.015776198425869744	-0.22065882374120538	-0.1926968568363141	0.47326344989248553	0.2066825971116158	0.2768134841380048	0.1604704513911854	-0.11489848392838631
DTXSID7044718	9.133425522119298	-8.009501775795458	1.7001260857182503	0.3574079072501234	1.658179447923923	0.30469660342693905	-3.0206239965432022	2.1293349591252233	4.875139546223094	-1.333774102037426	3.7771397105264213	2.9085204295191716	-0.1650934419733986	-3.4786952454075957	1.6880726570668592	0.604190756655628	0.09607301361257592	-5.173458818899987	0.2273226496221218	1.945597694014379	2.2736798912198943	1.303627441623684	2.2431018792456934	1.317111999280442	-0.6818837458221455	-0.015195164758235935	-0.8632283810198157	5.3279648240013255	6.349035974798614	-3.2952971740926764	6.882337944760061	1.7383711939725524	2.61400247081753	-4.9089153597449995	1.9481923508236276	-2.528185280870469	-0.6725441817792442	2.2869815066386465	1.6167690151249112	0.669882572732277	0.3125892760868471	1.6894871241078342	-1.361028178425954	0.31394277629944384	-0.2657903128845482	-1.6577730887655147	-0.10367693527237547	1.1103500143581218	-0.048160685960140066	-2.282895316207916	0.6209887988302858	1.2358683967107653	-0.04983902844577564	0.04750661265944996	0.41927783244232897	-0.194952354861993	-0.08265291459281664	-0.6891624300318305	-1.0413898426825727	0.14039764668198437	-0.9559663029092881	0.20573057405256914	-0.9681477591709283	-0.2955546897633428	0.2690038011599053	-0.4350434887628443	-0.2478171463961142	0.36901368446161775	-0.5390069219258774	0.8182271367069798	-0.14895692593134865	-0.6264577336979099	-0.08803874109556152	0.3653701680707467	-0.48472674202445293	-0.3434353312021329	-0.05461406314641391	-0.701821185442149	-0.16703891467221313	0.3563177117094457	-0.231553735588066	-0.17992241357008837	-0.2265106407911549	-0.5936407112547635	-0.039155918228107815	-0.10413802050803399	-0.5223044529322737	-0.12569488452213512	0.14226498947962304	0.04480161903984233	0.15808015461223676	0.2575831963953482	0.0030560623240227635	0.08055033933550415	0.1925242243304635	0.04368483748958845	0.19235788367551696	0.05540841801894285	-0.14885801134576296	0.29358315391200074
DTXSID6023367	-6.931488685012915	1.6350826105746754	-1.7920079886479074	1.0272651995480284	-2.5821267895881306	-2.438590356068754	2.2592620708472557	1.1861895706037004	0.36865516276221644	-1.0482205760799188	-1.0502022994125424	0.06321508500701804	2.4258906824848006	0.4739193031601469	-0.6111999984090741	0.3622625890954288	0.255789989540768	0.45353012334622966	1.1581896213646454	-0.7504449906348494	0.00878330578141866	1.801487368712954	-1.3186742741803605	-0.4414975495853604	1.9776542449056262	1.6005933542230066	1.0392226481882403	-0.33846062254287024	-0.30768387060415875	0.12764738940053455	-0.3304195007300065	0.5665914331170983	0.3036702026713991	-1.17901982914004	0.177151468533884	-0.19236002833564164	0.15614451886011635	1.3586975327976454	-0.8170614070977139	-0.146895071552568	1.0408531968023973	-0.36662291247723	-2.452556295973514	2.473182833655226	-0.2577578271648485	1.6023490161551943	-1.5675136378838341	2.987107005244806	1.8126266556650275	0.6540013252608977	0.48042356858242263	-0.5885438876205407	-1.3464266933680111	-2.49828803360923	-2.0078510804017182	1.0851983555512692	-0.1763955303636732	1.3001491964658454	-0.9151006963067071	1.4206365566679366	-0.8621741398261485	0.5274062837412974	-0.24987197500961955	0.833652942701132	-0.12298688397553646	-0.06814839483681288	-0.28854194801153016	-0.0811230781609076	1.2279217284932227	0.6723062894720354	-0.006684764306122849	0.418660564221953	0.2025976266713889	0.11796558269654771	-0.8056824405962331	-0.01667929160788151	0.057312018284839755	-0.48647259435075196	-0.006182728604289497	-0.4313053075792365	-0.36539890038178385	-0.44997541495589927	0.3976078487332967	-0.20146398837263357	-0.28514920257714993	0.18028158767544142	-0.21803762691125358	0.14879285965374303	0.5303982038936355	-0.007498654336261021	0.2998741172506597	0.5038699224758099	0.39516081789417923	0.021562757564886927	-0.11207079240705912	0.3471506572099721	0.21916469435327676	-0.18738528223293183	-0.11304553905667684	0.3806720466587327
DTXSID2020260	12.65710272132916	11.338243183594015	2.3708753267986293	2.097600107552439	0.5106403677500992	-1.8007371299826478	-3.750301775659179	2.6535539963072643	-1.2724350070409955	-2.416574310922871	-2.3753973351323485	-2.0401646960065105	-1.8301760843743666	3.7594391012563	0.3573943883774652	-0.5823781627718818	0.47756309034067146	-1.219114897794057	1.6035610853119782	0.44805844759487345	1.4740510610309219	0.05748627379994354	1.7726368030311348	0.45790549402139624	-3.009913762404733	-0.12149683025489759	-1.3363266705116832	0.2506084019967356	0.2552231041474243	-1.2758672616041153	0.7241764693537304	-1.5715233010558787	-0.5625474442759957	-0.13761205705253726	0.21308588884625654	0.6977168420344716	-0.06857554214671112	1.237719487200919	0.04041404206535888	-0.440758023263467	0.9127761562439142	-0.09899691685936518	-0.9229720317062179	-0.32422724148872095	0.5435582417754676	-0.6593080285422859	-2.384607716940846	0.1094216501034532	1.592066430889323	2.4436483783911553	-1.8829568560165064	-1.1880462113444858	-1.0141133061965897	-0.6474352291521666	-0.6480383042805633	0.6043022235162951	0.32219760817342286	-1.049543450127274	0.6574414214028114	0.5027353682917893	-0.9074381269252425	-1.7693988877770417	-1.148570020823247	0.08258451634120874	0.5130621057171032	0.9959614472696562	-0.41800436896368637	0.0052986656725105925	-0.32198329313912394	0.7577823261023021	-2.554954347724833	-0.10039113882532825	0.286628227629191	0.09188295567124957	-1.122514663964781	1.0949527569465982	1.91332424674634	0.00463758830393622	-0.09294433275742511	-0.8840378814530361	-1.2514756521713262	-0.23833626622213372	0.5592261631230401	0.027385584900176937	-1.2778525186932819	-0.5033434261783427	0.43798014012517333	-0.044521049904181834	0.10577458081017828	0.34184736060534543	0.9267846784546685	0.6398437176341644	0.9428671762319927	0.04127079568449017	0.10157212595554489	0.7302760165616653	0.4193888775244658	-0.5547968304700343	0.4468500003153582	-0.018369419819251796
DTXSID2022549	1.6381393862853093	-2.894587870752899	-2.8027522379855734	0.8503580732078363	-0.012110255777080423	0.035605327995101715	-2.812637865353611	-0.3529479279076978	-3.31713286575254	-0.9424819679507069	-1.0632471477280967	-4.041754354556202	-0.053497891461333255	4.3484932477148295	-0.6716866286780111	-2.497626786583331	-1.174660744962495	0.5470569614825062	0.8822256573720957	0.1830585902240048	1.483488139844304	-1.246850370445496	0.2270340174566941	1.4884536429434063	-1.4520117263327135	-0.2695593415436627	-0.8263403950317831	3.432849480030361	2.2299739987678273	-0.47624212534927873	0.38863212476520487	-0.11839212884245763	-1.963772044866096	2.5979487374522905	2.1882805133409553	0.15454980895474008	6.648401590526674	-1.3393160671019881	-2.637397683789088	-0.5771761440334116	-0.9922811303323043	-2.7453840012279636	0.5908764656336586	3.649142225120392	-1.5958612905563234	0.5779260198428278	-1.4569070733829328	-0.487211299789515	2.608206943766883	-1.3821564906802635	2.701330056500355	-1.0946665126323312	-2.2231079235697098	3.5227239110416226	3.3078551193853887	-2.117719161051862	0.9828740568786364	-1.8469976160071249	0.8009692047510257	0.5201493730828564	-0.044252981908389076	0.6983830725527007	1.5262978615606373	-0.2557774283149903	3.454912479648092	-0.9424548998944975	-1.9946372498162581	-2.243293128659039	1.4294231896151506	0.7757962879951111	-2.436587248901957	2.437083995002114	-0.909480686941138	-1.8657119316525834	-0.3481010184433635	-0.18737510040428396	-1.5769859641850221	0.2457627915538426	-0.2855869048790687	0.008025220284360169	-0.48726136689441807	-0.08122735305571517	-0.22061788758733156	-0.8281835920358176	0.7184866441503099	-0.3666704358336636	-0.2310990174790238	-0.8999748210474625	0.6466995945680972	-0.1772962540558301	-1.02114195001442	-0.05616416132304781	-0.9647754268518358	-0.26644046915046493	-0.9660223410326316	0.6387310067615334	0.06093970412666725	0.5767711748548389	-0.28847494878980673	-0.757114775353945
DTXSID6020438	-9.701177808977556	1.9525970785315419	-3.520962002893132	-0.47593120077271406	0.09744612209747942	-0.7493818390203457	-1.2194707549838504	-0.35939695422589524	-2.055641870547183	2.028656320533544	-0.907657013330584	1.1120442252999292	0.1303585088623587	0.8160217788339683	-0.45488679108947416	-0.6228248976034405	0.3065092994561209	-1.244112602855661	-0.05749382758643296	0.1647347923320083	-0.17283257078753678	-1.236279554776256	-0.7681131314330799	0.0073571442691366595	0.5929993849703695	0.6738775518645652	-0.8477040043154674	-1.058938160558918	-0.3642147826537129	-1.109391985646002	2.133155052940941	0.5945113208270867	-0.7453729917238732	1.415616670090433	-0.3087397351244245	0.46254249851994	0.9919321163876293	0.38223671986549934	-0.1911943676783482	-0.23584956698675794	-0.49731906952167554	1.385089573603732	0.0887342155259372	-0.9223108536104333	0.006985429051496396	0.23918480209205661	0.2719362905287848	0.19556530469010328	-1.2262726417183398	-0.7763704720093204	0.42665550806244135	-0.1247781632442374	-1.068649637351411	-0.3474110440970674	-0.8751852738315887	0.8731955079658833	-0.8963148115410126	-0.38670786905559523	-0.13232842149270824	-0.19011573937635723	0.4844840785502249	-0.20272445209486623	-0.3664908133785076	-0.17879650516676057	0.641251769383015	-0.09525063733518033	-0.04322566923457736	0.4206126642876898	-0.11811571702659346	1.0678200034921121	-0.2733846667482236	-0.39480599692919616	1.0426864274884695	0.1277579635038965	-0.4518231270302797	0.6743465272323502	-0.3786070369525733	0.5404743424781769	-0.31885369249858814	-0.3593043508880522	-0.49339671524356826	-0.1859188723939544	0.3175696812574803	0.11633793647143452	-0.3965761566132516	-0.39826014772588475	-0.4441823462128732	0.43559109118832184	-0.4529821623158412	-0.3387355033788331	0.6547654498859372	0.5492846545694254	-0.3827873350600518	0.07217643975908064	-0.2999569869772147	0.00719099026601807	-0.17758704739369427	-0.1414437937567622	0.04464878629539648	0.4849460980753495
DTXSID4058655	2.470980737104487	-4.192842982120862	5.237758043624267	0.0771626949522794	0.62551643098038	-1.437138086065902	-0.5745913553905991	-1.8481050665619192	1.097273896005791	-0.8872396751923906	2.0530574626404965	-0.09227602954550712	-1.2493372348915128	-2.7983313847757048	-2.532021166930752	-0.19587064107623753	-1.604685107901572	-1.1301040643443687	-1.1005567126735105	1.1886098011254074	-0.24252428489065367	-0.19888822437441012	1.0838307419369373	-0.7479511056229842	-0.6414329359002331	-1.4981452811734757	-1.9651077866003004	0.09443368640842896	0.42798642189281433	3.9198496040736472	-0.4650830185437975	1.2860621453727528	-0.617848646715735	0.14903653185881888	-1.0019797550591312	-0.18368834942288773	0.2702221371731811	0.6982760274918082	0.24811410339986675	-0.23231428814182895	2.3353098682548996	0.10932221074131478	-1.8184250463506249	1.3287528059503726	-0.9463112140503266	0.7966071056617563	0.5512077445422084	-0.6558079959131896	-0.23443675224807659	0.4016400504401802	-2.256133576593934	0.2219047690943049	-1.2937793782691507	1.175653811406486	-0.2433884600773897	1.0376381873875526	-0.0262873250943183	0.34615883635742445	-0.7040869194238843	-0.15157064147004434	0.2756771051301921	-0.12071397696931609	0.6634824434302046	-0.8247463388379875	-0.4702063458796235	-0.6867019699180665	-0.9339811397493657	0.3717582908774864	0.6564364627780389	-0.8203863771061608	0.5185867101780035	-0.28751187454544025	0.023092464410081785	0.4619283839878674	0.3282109526873082	-0.09043394590489338	0.11583026873054471	0.4579792700246845	-0.6008639877438681	0.3942142347700579	0.14040804873435425	-0.8332913858688605	-0.09261065952658103	-0.4878100337504801	-0.15424545792692107	-0.19780988940784047	0.27029424145879166	0.4506724959916863	0.040308952655126656	-0.2933241977031097	-0.415152631697587	0.6901899182874066	-0.080720841123224	-0.1721092100746801	0.15991673464235975	-0.3141611256236298	-0.09516411930355513	0.19398266563776873	0.10797372650628906	0.20308066608642114
DTXSID7046831	-1.5555275394047157	-1.7147006059372254	-7.043506889783107	10.28860554759671	5.474519962845753	-1.0520530966649844	-3.9773167537546423	-0.17201432937199382	-0.5403262513225701	-6.245111647201685	-0.8830141382605278	-3.038509440673868	4.7746161083814895	5.924549355034755	0.18851236175454597	0.37101297094940927	-2.100489305546544	-2.717640550841006	5.5558582393047375	2.8439552497306573	-0.7693323329152993	1.044985357011096	0.7542159842532781	-0.8402610019543207	0.2725611342813102	-1.8037244972550281	2.051737894693644	0.47874965462983476	1.4078780799213575	-3.231155404005439	3.358611656759564	-0.5713171482020369	-4.024558649500187	-1.7157190983549386	0.8467761263812137	3.450058886118673	-0.4486417397208187	1.9846934770765186	-0.6583310040517844	-2.095006635448595	1.4345277467007083	1.4260267310907087	-0.7054921351732247	0.6498626462677776	1.156575345507169	-0.8417135857430611	1.0483660245178037	-1.496517016947211	0.29142182755295876	1.062738495271758	-2.1608939348866314	0.11646340193069749	-0.9567162276596199	0.004505681917222195	-1.0229727125705315	2.0311417153177844	1.1499753590678006	-1.3856733404950075	-3.018811617362868	-0.643035906380474	0.3630666758676211	-1.1909732281451886	-0.4756455735668031	0.2108139214871348	1.6164650803906513	1.093248284022723	-0.23949330032008667	-1.273853261566462	-0.1470643559801195	1.4531675551622876	-0.5633860810375223	-1.766697624606338	0.07055631062868971	-0.9165894748286033	-1.4341221188677191	-1.3071002933724687	4.323846056848425	-3.901912739185821	-0.09800229056112011	1.7881798842411292	-2.294092897891886	-1.681270213662472	0.7700199429555042	-2.72176573988365	1.50184339780215	0.7807087009111765	-2.028532770498241	-0.7040231155154777	-1.3359648592295563	0.9443952542464695	2.167575199476947	0.5879331317320988	0.41965213241454413	0.4237788477324084	-0.3692103607945161	1.6551697691381422	-0.17417164052277984	-1.4192681171510155	2.3916989665862656	0.9920209858767567
DTXSID5024471	-4.695365940411024	-1.9991664613145332	-1.2476768253072494	5.02658578873607	-2.092594779520552	-0.1819358069163894	-0.6024478972127779	1.3324045938040585	3.803995611984003	2.307841240080403	-2.6858618872027393	-1.9706290561980104	-1.9502587308730381	1.187859729309587	1.152582649427172	1.1562186088126782	0.7840918167945089	0.627529844397721	-0.45379873983722224	0.953300613768233	-0.5434972659735315	1.0099052664995578	-0.5104605272949941	0.7531803929714321	-0.08061951493690649	0.18593023095471548	0.35744916351713846	-0.6848097201255121	0.027659522500362035	-0.28860626814186985	-0.41881938822810094	0.6510094938631663	0.05983413931394282	-0.7054311307047104	-0.24737515334907195	-0.6281630077282095	0.022032978853851463	-0.2554749941484947	0.28886577161510174	-0.3906081338319765	-0.27949025614532735	-0.6924621811858028	0.9234175029397043	-0.12907336500422129	0.14531922765576524	-0.3844917238895314	-0.059322313067739524	0.7538246272975427	0.6584470344633272	-0.00757470645450327	-0.42699979246071473	-0.6596540185902919	0.539996264024482	0.30506336567796627	-0.12120675555438565	-0.04362312727200954	0.4739401116343616	-0.5327384728149772	0.33374800011961975	0.4209090461869122	0.14247184432169094	-0.2102552944621295	0.1741739147639176	-0.8713562912028132	-0.23019672339461103	-0.7454267651955041	-0.5997092119033194	0.18637562373627348	0.11755641836887241	-0.21064028153577377	0.9360809217240278	-0.6492980828501945	-0.4412329497125827	-0.24691959520301232	0.5688781041039644	0.2327742225448331	0.17342098239170747	0.29568475882700135	-0.46352689433506056	0.17010150052242165	0.07055504648390218	-0.30909991569804396	-0.46673218562321983	0.792908118149753	0.11368826970449125	-0.25117544253934293	-0.007633423820568552	0.1050506433626835	-0.12841362399889472	0.40112865296887856	0.08548313303723899	-0.25361951861749504	0.6119330076591039	-0.4642967741888813	0.7084395130369642	-0.08582721496337001	0.08364087306399674	-0.6141897578673227	0.23519564913020588	-1.2164767214915375
DTXSID00192353	9.438847945662182	-14.190079519899188	-12.85975158249992	3.9595647532573275	-3.379185477242126	-1.8062562481984672	-12.474570469043822	-14.578150392532132	-0.7771125289624372	-6.765578038928576	-13.94717288239287	21.599395193010945	-6.503736248788965	-5.588569994529532	1.986406834482697	-6.170632069491308	-4.773494883691876	-8.646640042382108	-1.1584173611970612	6.038696853690647	-6.310071760673968	-0.4379508157717322	-5.199549987094914	2.5284443861629216	-2.3940790304913357	9.072785690334124	3.145573391572364	3.9941507268878245	-6.646784687772614	-2.577188409822897	0.3233662516881555	-2.1647464432196695	-4.615085607047779	0.9729609998257427	-3.2515372498177277	0.6963354769069634	3.6600325270714653	2.389765318715532	-3.6078184130330504	3.3098102248652546	-4.423660669657141	1.7934025667358489	0.7047222624798142	-0.7360456209997049	-0.06132787740238257	0.3376918427872101	-1.2375936519632287	0.9681832530137968	2.5427110198497465	-2.173116521877937	-4.889578753468598	-2.073733801858165	5.162366725131065	1.3900148491736546	2.7403316520915006	-2.469686780864518	-0.610410478295175	5.069225144617697	-1.9173477504264809	0.5109212786754146	-0.09571249945528285	-0.30820951539833746	-3.5487073700391507	2.1100891456736584	-2.8582369725162455	-0.8047401650026605	-1.2275320539087728	2.964819651479315	-2.8773950631935836	4.089364574203888	-0.930783379246192	1.098464511160611	-7.442560600254663	-1.5235754096776557	-0.3983055015095798	-2.8140718015707695	3.47787127246347	2.2048425579244153	2.568034595686215	0.9682573016352317	4.284397499251602	1.297952471432876	1.0907842353204649	-1.7487026484134736	3.547929622082184	-3.1127520764404943	-3.806166343405139	7.08096193896408	-0.7817703238195309	0.9803094812611739	-4.849367976288884	7.334367273747676	4.692877262139512	3.8404997454927328	-9.139773879460268	-0.12208179199958492	-5.91906398237817	-4.154028173883173	4.257684473653846	-3.809745641247661
DTXSID8032627	2.9551880749385813	2.9380799619739437	-1.974430559424417	-2.2218012552558717	4.339743809668477	1.3217172928140977	0.5914798140917915	-1.7314435747998724	2.309392076178072	-0.7120896853397674	2.3304419878048908	1.3027753953079766	-0.3524317307215887	1.4441766554786288	0.9907315595773578	-0.49879713960943417	-0.04705771019910226	1.4323194010839277	-0.009980105967831152	0.5171520239811369	-0.4433561958194234	0.3584480102551916	-1.0134505568692798	0.6723096174378627	0.02917895330837635	0.47808324037715855	0.17879246146647354	-0.01935668881524456	-0.3170053497827357	0.8166523614542027	0.697585104307775	1.4772026729784673	0.22769691672588224	-1.0520591516564999	0.6818169862870123	-0.3708339554475819	-0.12463898671025482	-0.9169359866388879	0.3444271110374863	-0.5646219753658093	-0.07505327340904198	-1.1281347954415841	-0.09331215838406484	0.8403334361320274	0.4903820770813971	-0.6990555028128111	0.35687604431357356	0.1272931232716215	-0.26130667444608374	0.6188329543086863	0.6849654537534167	-0.12314169912379737	-0.6086533173841504	-1.4539323858729114	0.34612662641581454	-1.5481701548427635	-0.6181634278749424	-0.01682960975822062	0.32652097672726654	0.10412263532421787	0.46181022344150485	-0.25622060930465024	0.032498248188003225	0.6001975787534813	-0.1955927446778406	-0.4645295710151008	-0.1148730963386614	-0.05864100288106644	-0.23225204404122607	0.7147177427601334	-0.7192557613414582	-0.14843139237718816	1.1201857682236196	0.048212832193356356	-0.1425499329983583	-0.512678221678413	0.2514315032814775	0.3341413318837991	0.16243919991265457	-0.27011788975111495	1.0626552404639764	0.8513685512528069	-0.4196473513540134	-0.29127741738618956	0.6524114137108191	-0.5891154896264265	0.09249097711772437	0.006496437065012588	0.26901987162210805	-1.0140171453646851	-0.4067865690431352	0.6415625369853177	-0.1334276099736587	0.022637898494740526	-0.308060377275488	0.1018637003360453	0.7192559042608301	-0.22671085653121395	0.327607121063716	-0.14056820601814426
DTXSID6020692	-1.3697651925543168	3.579832294952694	-4.471245857464834	0.4650511082476376	-1.0688107949757901	1.6400437801554695	11.142601382615124	2.9573205414316104	-3.421281578902957	5.458329893674585	-3.722033335110275	2.155948131372886	0.9583922171130025	-0.4784225239817635	-2.23468812815229	3.835313197388404	-4.493013590038581	-4.857345013847235	1.6872261419683192	4.402410805327261	-3.8561954519126505	-0.5419416515348617	4.5686355241605385	-3.8349126461393745	-1.9072403478058908	1.2463764075060946	-0.14028730490675675	-2.1601651952877754	0.8329855668585795	-3.132420791545169	2.6131453569381025	0.6279381889038075	-2.9908229637404036	0.1659923787736178	-0.14509373619265847	0.3781898436280844	1.5537535786012098	0.426201399640477	-1.24203700809288	0.8145803411469427	-1.5161790373833115	2.877468195546268	0.8786679553429179	-1.2327701464722656	-0.4262021818096423	-0.7436882103540721	-1.6020428688066632	2.348983305819959	-1.6852281437049477	-1.4740506951683654	-0.8183694616664372	-0.3779580734399753	0.17611116000970867	-2.4598106547324514	0.6386069022063454	1.7262030481383215	1.3584576241552184	2.5079685215541954	0.4749614148179802	-2.0687814165405793	-1.7143847084204202	-0.158742963244726	0.544255063560015	-3.1313680651325604	1.3374090173058395	0.47529812533861665	3.456120358342554	-2.386524433240426	0.16425882290682747	-4.0093390190862515	1.0728103597384488	6.120377487956001	-0.8899936825130373	-1.5577388568272863	0.18287640714240636	-1.2932995503593494	0.03494865477268145	0.7610321131743849	-0.41717904862926375	4.202711057542707	0.4371996851706481	1.5073554905627806	0.06538026888590143	2.2981088216447265	-0.7916759116738782	-2.388068287594001	-0.3150644324210119	-1.6026841585802931	0.2589148722035738	1.3926707903438653	2.556307340257721	3.2393449658965503	-0.9134616948009212	0.9201274393997804	1.7565978137706453	-2.3505808522489233	0.8726273500420205	0.685235160411675	-1.683049890019044	-1.1530387382963918
DTXSID8041373	-0.47838258865145705	3.7770981845998968	-3.4495499987029046	0.28535052893282886	0.6680367819990611	1.7972993054830606	3.1095803208006325	-4.496866952965811	0.7300912002381277	0.15816932256138028	1.542274118258205	0.23590623495398313	0.3959260329971809	2.007547221466304	-0.7058613914536567	2.5711253100133318	-0.9745880257059439	1.4277865644734102	0.8955088264408562	4.550602896798974	-2.894921049507542	2.8169284929760066	0.4918943126302992	-2.630511208136214	3.1371853994387333	-1.5367161644869238	-1.8428462330472597	-0.14695287342056718	0.09308436948006364	-0.8629263057204148	-0.9576482544498829	-5.182451089416263	-2.8604898342372898	-3.5824129826644207	2.6455463459361934	-5.193799915233366	1.0029980914210999	-0.5367445423463832	8.228618238183618	3.247846245730871	-8.503728194642138	2.4880250974378013	-2.7225606177974813	2.0806938486937754	2.3987516699802365	8.331884290610411	2.2100040275434267	-2.275704354497187	-1.7785520066934606	2.058379649210884	0.6404633743266105	-2.9318670413218513	-1.816699479769098	-2.047620796998665	-0.4973167558768261	-3.3090382205863285	2.3062853599203472	-1.3439736697574307	0.00818277915413423	-0.39536775818255965	-0.5526354605423486	-1.7047291794359227	2.142380585822693	-0.9068355259912582	0.7929180929532572	-1.3636388442111351	-0.636665967857411	1.2121715277578455	-1.093420654521079	1.9557936618949416	-1.4651149030586175	0.06757784620060901	-2.684129886264426	-1.4936229614756147	-0.16112452611354422	1.9868325536477291	-0.6626752135584174	-0.1796025218143309	-1.3578753645096708	0.07225601947097866	-0.5403080411741374	-1.1249182095589496	0.46137801925001193	1.7186022779543326	0.561529123668363	0.2645699705232148	-0.2500962106584616	0.12735995505886527	0.13996594369006385	0.05267149355628821	0.5435182317336495	0.5779174709991624	0.42320230463023817	0.16486750417056173	-0.031543890163659896	0.22039514332916	-0.031795974075756114	-0.30752019953949733	0.5805289406337436	-0.7615909584414637
DTXSID7034250	1.3214951105370645	-2.675390800409265	-3.249879872716787	-2.9633991922640455	1.070918855744485	-2.4314298580486877	-4.313672890299265	-2.2597239347556015	1.045372883838497	3.892720444350868	-0.051657901456395094	-1.7628908734138309	-0.011425750539643032	-1.1526151954473796	-3.2637456074619298	2.0350807953340455	-3.0302885682509335	1.1859538379658237	4.409919270298389	-1.946903011402295	1.198470376929149	-1.1317728352994003	0.4146999871133058	0.24470168836046963	-0.4552848988874399	0.2763252924211846	0.983817918043681	-0.8439711048865169	-0.2001585460227779	-0.16280832902185957	0.3272671619967295	0.12164910623224609	2.5409451429560166	0.7975973889614675	-0.939747895235124	-2.0199231467900143	0.30263751032956787	0.18488449898836615	0.14741274500364582	0.7711014367826384	-1.0967938810218993	-2.088219041321384	-0.039553048424364384	-0.33651588484151446	-0.4735294595670407	-0.40019359339334215	-0.40302804895428523	-0.23160590028765604	-0.003016430318849316	-0.49497372592311223	0.018053982112434093	-1.1299761340562462	0.8890379878886617	-0.40578765141840345	-0.5413724346933402	-0.9436709031295958	-0.012536610155528042	-0.7533699004857028	1.0996967353756453	0.15995014800313392	-0.08885505680733648	0.06408952672844766	-0.11052051832277247	0.8036666389161647	-0.11937813202221843	0.2641233840702894	1.0286913848902228	-0.06576587830720983	0.33640439269946604	-0.12973699941652428	-0.8477243265705976	0.053887264210882954	0.43587535115699516	-0.009853991642141348	0.03352988967872645	-0.39479533129048217	0.3294446898561337	0.16406458504930138	0.10316256007800356	-0.7203066559563871	0.26829854721073887	-0.14314783117421334	0.2973761148774433	0.15946236573131922	-0.6664638524280044	-0.13045223185542873	0.0328216485703486	-0.04031640457199198	0.44983825382211223	0.05793294746179929	-0.3498043189465468	0.5189423414124867	0.3553773721116715	0.17816086966651964	0.16512379860780055	-0.1929039125505044	0.20911947793250726	-0.11004334120042727	0.19232514343002904	0.33836774108953516
DTXSID9021138	-8.279378758176172	-0.7502543905582172	1.200812632805756	2.748166347566305	-0.17571517077471535	3.6754077762015993	-2.028144932721841	4.395134243389845	-0.365096527861716	0.9144373137523891	-0.9449864382538891	2.51978873158462	-0.137994432350393	1.6460029124264197	-1.87670657268634	1.131136667239494	-1.0039917565811978	0.2286425625306247	0.5257212832347689	0.6491878967560517	-0.38750424989976323	0.39632072910664645	0.1547732531286567	0.020124654111526225	0.6471262260948331	-0.8443860367227166	-0.11774071545656331	0.5036820429612648	0.021078079127029598	0.07741658007633694	-1.0136750436164825	0.09589158835357407	-0.797164100833021	0.7767519921694197	0.3595346699304785	-0.3297567264040098	0.19406037274399562	-0.5320564556650015	0.09671488144961397	0.16278852364116292	-0.37615667464035024	0.16829922618262588	0.47100879336375995	-0.3617687090665448	0.31976066014801263	-0.05306838050501508	-0.5201805459480583	1.1175360832362877	0.03259179964189028	-0.035508108070133965	0.08864598064114225	0.31308014335688744	1.159770760753932	-0.4545922527714381	-0.2853149877138006	0.29293167878458193	-0.4507067037277111	0.6374889973010472	-0.3291685887323934	0.2713673108513692	-0.3450273871894407	-0.37851586620451033	-0.7574345261755118	0.16431787946662696	-0.27858674103022973	-0.7109278551451751	0.005597568049672682	0.42836329511268306	0.31905439305729605	0.37875748855091157	0.22364164061996428	-0.14225300370006103	0.28794424273299046	0.20794107625349403	-0.38866804607157773	-0.10007239828608878	0.329970697773616	-0.136468486425329	0.5345558837492249	-0.23785074545739468	-0.23074028184644982	0.43148768870859555	-0.15949607109042307	-0.1599038109342874	0.1998869663790366	-0.03102904985790263	-0.04283612022214879	-0.25272737332292083	0.030792891465917106	-0.10666740382450056	-0.05993356632107987	0.0536366248783888	0.0254295934009276	0.025137711480444757	-0.008463276883420696	-0.07716646650160501	0.22276989360797989	-0.1290466363621736	0.30172122360453946	0.04742747545947854
DTXSID5023794	9.32109710482293	11.740166193507463	1.9573901781438097	1.3803178862493535	-2.5282293551478143	-0.7351871176518323	-3.2773091390150944	1.9958803708131738	-0.6512128307302527	0.40084980364383366	-0.2053897661917166	-0.19884723377609798	0.023948965289030535	0.2972485552877145	-0.18621564737503996	0.1455517959696846	1.0600325271901603	-0.0768017661619598	-1.0976144187952175	-0.33943706613223307	0.3356736023930663	0.2517775077908425	0.5655236493090936	0.495426006080256	-0.7330541241736487	0.4571671840356278	-0.15635199793479002	0.6996019821370033	0.15296394486940118	-0.29138582885535413	-0.1082008412811736	-0.3658938780814872	0.24315313882886988	0.881169415898829	0.43352205849201664	-0.3121029620592235	0.18174320235381877	0.6847811206543938	-0.2568265339976139	0.6159067688167791	0.40877024370828086	0.2132448137233447	-0.1747895755240244	-0.8812449952171652	0.22953038209033977	-0.2845649992683848	-1.6888579863522746	0.5980408810469094	-0.11523076744362884	0.22305951921890713	-1.132916759123071	-0.5434664282096758	-0.4696415203662192	-0.42664610578046147	-0.4838299054797443	0.05939511488880711	1.5710130302051972	-1.0856755023258555	0.6123527210182613	0.5242804581483161	-0.18115197371482997	-0.3936269865885769	-0.8008184036017152	0.06499983731346785	-0.1543263533839386	0.1571849621289541	-0.7759291318783698	0.3079495044081507	-0.32754910019711553	0.8482860416426972	-1.2026979798164368	0.15752942518107316	0.4708166749576995	-0.23411283286254275	0.2787173108870021	0.5925546030094248	0.6453183656107354	0.47340288944156966	0.4574863747530981	-0.1599728271403731	-0.3528782384423117	-0.6056307077071167	0.32452092150771733	0.14828926184064017	0.4441747485025067	-0.8374118021565241	0.11552395177925999	-0.5477195430865798	0.3758610223598571	-0.33353990698845115	0.23075385366087214	-0.03427375032134375	0.18149526032378277	0.060920880924650624	0.2779751119243643	0.6466297527847701	0.47956184265311613	-0.6420805313273035	-0.06454400635939371	0.221484473181046
DTXSID5032020	11.397503683494731	-4.332246209791692	-3.8655161380431067	5.799918771103044	0.3757835462813669	-4.081282068940054	1.855426644267995	8.780634888738993	1.1110198025547053	-6.829590151979604	-3.034574724020915	-0.5040910150816251	2.9781135811419337	4.005910679407224	-4.2537832023285445	2.4072511837484076	0.5005273221690631	-1.8222141568286923	2.633087659696451	2.6898270605220898	-3.19385828910483	3.7216715172858863	0.3127252276935263	-1.883724458831423	1.0094172513196291	-0.6281660129273731	-2.736435981524368	-3.8420411296386012	0.31496335753145926	0.764616482878794	-1.8914084127351467	0.7632174727444477	-0.052120953415329005	2.747715421634879	1.6353441126666743	-0.6783549288387976	-4.599176539628268	5.689187290083045	0.12286812080974825	-4.40312955134236	-4.88210007499488	4.363922305188933	7.174158245271089	6.805788449307345	-1.810675430184083	-5.096726572769418	-3.270957139879638	-1.5256666749966878	1.6256629404237102	-1.5146586035718281	-1.953264319938357	1.2200113482445372	1.6307794913147617	-1.5520337655042522	-2.6695603875177527	-0.39299921422168854	-1.6346594509478303	-2.6346353143211023	1.8894914335595505	2.578574006103059	-2.870885043700303	-0.8192412640551915	0.6490411168005397	-2.0992107809785825	1.8693399683426317	2.202683469406723	-0.43844571280367045	1.1676644369367606	-0.3317835068990289	1.7542386474351783	-0.3563302746368314	-0.23042819050556362	-1.6039774936649274	-3.036720845454861	-2.3759133420990906	0.13228346297115465	-0.9175098197528181	-0.08353823958690319	0.5243381312088133	-0.7713974721538357	-0.8869955802782501	0.20076575475942587	-1.0262893255580352	-0.5383767719115276	-3.8574442507463202	-0.9436036275645596	-2.942409939032472	0.1516487073373651	-1.8920184554747284	-0.3210543822773694	0.9898156845860595	0.45625710746969567	0.4513473848613464	-0.555765980418422	0.1471011072448713	0.18605305729130678	1.3152118206476897	1.7059641337062879	0.5592158599206369	-0.19260647203916906
DTXSID9020372	-1.3909519181888357	-2.480001323891959	1.3414363018484718	-5.429920119170558	-0.9199718938040097	-1.0811870101361627	-3.0691616984670262	-1.4132522271133816	-2.4863384357986917	3.3585255196270922	-1.515787240190638	-0.3106005193399745	0.22969740355561846	1.9558203346996683	-0.503043365403457	-0.4702432534097951	0.7603080279427206	0.7097299253575375	-0.33572153349897677	-0.4004821340270737	-0.14759179579556225	-0.348310689665252	-2.1409440902772667	1.5684911898044491	0.07335070946817253	0.618465328425791	-1.4617471143637943	-1.380933887481785	-0.4509131260272364	0.05874927525076766	1.5049867868174152	0.2995429853298547	-0.5934284221246346	-0.0061399433534193755	-0.2737979067868799	0.716983437719955	0.4940732670080197	0.7919554842933935	0.25066950165938906	0.37375958906673146	-0.4446911988246373	0.5054094019203356	-0.40623877870573916	-0.5085131624230212	-0.5675232481110382	0.03460172247068784	0.7129377485599914	-0.5802215259764788	-0.6651767330228773	-0.4740343299109207	0.4030881183190744	-0.4385348848829551	-0.9105043357575079	1.4434329743356387	-0.24946751146883162	0.6113914945949457	-0.3575360688704078	-0.4467285344360823	-0.3966365493324349	-1.0264956428767662	0.8763955252525867	-0.03732251980206139	0.23085347513290336	0.12246109687132252	0.4868656877985152	0.1972109697972767	0.4308970411394073	-0.5473142253657185	-0.37088841531905514	0.32264597680726426	0.3375344115407953	-0.5354861359886862	1.0728348080284906	0.20129356554448977	-0.24330076799001493	0.05754795395478141	0.4145318495381675	0.44875254424223426	-0.5126822007676635	0.009592496161109307	0.2026973991200675	-0.24971377075218115	-0.395626377104587	-0.19625526544794358	-0.1251685863135884	-0.28249737497471755	0.20555432000456528	0.489288084056901	0.10264509286376369	-0.7423689738250604	0.3574783473479476	0.25996458015824625	-0.06960282544071146	0.806359248299223	-0.7483492984826049	-0.15911962921198955	0.10988342333004983	0.04168409888943141	0.295945824202169	-0.08900299035691644
DTXSID4046783	10.325332894030899	1.271182649922933	1.1979500488286774	-4.30806678242802	-3.0109650835785335	5.690550464641913	8.893932614850607	1.6468541865695203	-5.0021990570036925	3.9962465995558096	-1.9580446688896147	-3.3586043595739	0.28932401594671675	0.06653259817009431	-0.6344961534437418	5.698750133082984	-5.280316100616556	-5.923540061519413	1.2913349819436852	2.676574072652646	-7.245476726386411	2.463714114563491	2.310654922463658	1.7514391779255103	-1.021560916708393	0.866363987955092	-0.5696442820330258	1.5171924775514367	-2.2829562837828936	-2.9769046037989426	1.04708466854535	3.2338692980583272	0.32672107702916225	-0.3936075133060652	-3.4624528244840103	0.5791788854338225	2.229952200878406	0.27212943429573827	-1.1116926619089085	-0.7756929245718096	0.23073972889765684	2.1718763870916704	0.1587173422256959	0.8774259443127373	0.5214114421741304	2.0498922800740527	0.9142529904589566	-0.022529620412073667	-0.053287155726642284	-0.20458558188323459	-3.686205351980599	-0.5151476509332927	-0.05287421899706588	-0.8641722081722577	-1.9679628117335717	-0.6036448947165168	-3.6646271671077835	-1.4005938064353036	-2.254986854969935	1.9561490104101427	3.762041885980558	2.1340235360150577	1.8208855995733535	6.04877067563713	4.041778186548709	-3.1414350978316077	0.6795329339775692	-4.016252921449269	-4.6231203319547625	-4.778007615273193	1.8702771010052124	-0.25087862123158156	-1.3297011190986325	0.7574061688507171	-0.35993532792929617	2.0722335240855503	-2.165781856749065	-0.4631186568400909	1.7239094972874485	1.5369234246666192	-0.7675002975237009	1.5848166838229367	1.9271684971249912	0.7840705996985174	-1.8149268336776918	0.20453833278546635	-1.5165220882976223	0.01834462943904883	-1.3684704381745012	2.1426448595594536	-0.548487970285969	1.9707730989589687	-0.9420788962824527	1.0541788720865932	0.5907336923548359	-3.4878688204149415	0.3584528398571965	1.433712850532945	-2.1434936897049703	-3.149850123308099
DTXSID3021431	-8.413686652274214	2.580586591349701	-3.4089733079718316	2.1482627949853033	-0.8340853561886972	0.1888548622530011	1.1634900433498845	-2.0038073557850127	1.3231432599599458	-0.11043258423015458	1.1472616747908762	0.48542982459317374	2.104420010270458	1.0893659306841896	0.6793498864518013	-0.9662761682639103	-0.6819882256213949	0.3317559784494023	0.8048435349134104	0.8764937659309666	-0.835877638700539	1.1328665683500747	-0.19460951393003398	-0.3653284063883149	0.7235313747892743	0.009142654547656455	0.591628394109034	-0.32963807734418527	-0.43966674927949545	-0.4335977391549541	0.10382806762077179	0.5235860144746454	0.4640455034307257	0.03797599993036057	-0.3905202130462189	-0.6326674811622618	0.5253758883210906	0.5117838835444669	0.37059064690497023	-0.37981335115956844	-0.0689543855209411	-0.5047260566860938	-0.21289230714878027	-0.009525828718592111	0.4640649366598614	-0.548617067431484	-0.13602482874583072	0.2923337594374728	0.4548183514490785	0.11112987006545895	-0.29639601927589915	-0.06237406309008819	-0.039473366526740085	-0.3531901520029843	-0.2947070520028379	-0.3215317234007747	-0.6075353701927884	-0.427422965257224	-0.3710456405001149	0.5889929827800703	0.13600945567945735	0.06910131155929854	0.22209686731762726	-0.28709667623073426	-0.3586463791719319	-0.9923753111657058	-0.5954177808917837	-0.4846692646056863	0.4507334564633789	0.5801190306815073	-0.38683906749126	0.00442215310155326	0.4213162894930815	0.369991837871468	-0.26817464936274826	0.14093392201325766	-0.07179412083698819	0.29920825520442196	-0.42348471378929464	-0.2616179271799522	0.19119366907355623	-0.6345934291116196	-0.20486397409107054	-0.07196697387331774	0.1959035376675383	0.16473719348331178	1.0035444820502866	-0.5496512908990657	0.07850098329007141	0.4773542401580297	0.1786613213006756	0.11684720914299852	-0.5800890564032583	0.20694072388387622	0.04433282189101646	0.009740725314840134	0.3801805850299858	0.16629095604689906	0.0766683276462084	0.061339504949507885
DTXSID8035423	-5.671341448378575	1.3380497578264496	3.7126816231237547	-1.5281213624544872	0.5930409109409843	1.2754858811550092	-0.13951275577121566	-0.9731388921118925	-0.4692717131699771	0.41536395846184426	-1.8092065929883803	0.6087882386160498	1.8980518885557118	-1.2329152841990718	-0.06661696705194377	-1.5230629584345954	-1.1628829003059258	0.30514704831918327	-0.6614736254617583	0.9548862249251153	-0.12416647183542782	-0.5337318142980094	0.9040086995044905	-0.7580339133728407	-0.7254273831310906	0.21698949165917106	0.48541640796175906	-0.5586490359045857	0.5348629380287496	-1.399436872639746	0.9396095928019466	-0.6752239594433701	-0.048106219994981075	0.2524244672952057	-0.5006660424335768	0.5960535649171215	-0.5918864611268447	-0.4188419461158896	-0.3795497082976218	-0.053033119164987146	-0.07267266615685347	-0.2503512930979184	-0.29891290891762806	0.6036537538475366	0.7664508909758355	0.5265450616403854	-0.2240725861599627	-0.38268691991410436	0.5411945312107995	0.00345095803669309	0.1212415007353164	1.5278796944434798	-0.26754833472702594	-0.08716707183401924	-0.02882414497372731	-0.020452189955697017	0.07057549742577707	0.40088206117574926	0.36910942527261453	0.05872989603544339	0.14698357193485084	-0.00715388521679803	-0.15977261402197618	0.14738281375291915	0.18341505284461282	-0.37927705630051567	0.33790886438665896	-0.0008000059886399932	0.03151523363507777	0.006819248536405381	0.11104398586863347	0.1332565541570062	-0.04257108311156805	0.12917916076053748	-0.20900572561436814	0.3702807687129625	-0.08140532031707261	-0.26211345981395895	0.19252111032429414	-0.3170182055726687	-0.2631967748743645	-0.23509789291208633	-0.036531423938201545	0.1803825770659449	0.050444604488879996	-0.017365647280217975	0.021364335138889936	0.013981421658656583	-0.16578310696237997	-0.06749212908325475	-0.01839573592832595	-0.2905834238990064	-0.029651253164238583	0.07148790601699145	-0.010695808689905783	0.23796990862588668	-0.16357328273776126	-0.09337974400042684	-0.015184264206741195	0.047311767523338134
DTXSID7023518	0.9335121183269811	-1.0877340234563282	2.2488627460995505	-2.7830502950042817	0.9494644442523288	2.3983567673502937	2.0944011309754003	1.560271953146593	0.008191478259556432	0.8802469098383204	-1.1288872613036074	0.4941828153218688	3.339181117771916	-0.40573188188056325	0.2944057446732505	-1.2056858742490797	-0.08506478818417343	-1.1539136680338629	0.020830976579946973	-1.2384799164589262	0.9091543720235398	-1.743946925662409	1.0511238132197855	0.19361855740858883	-1.8998229435981007	0.25980955237222536	0.5737618739822963	-1.3000335334261768	-1.2788066776633487	0.8247593292849459	-0.8623929031873356	-0.23108543106115229	-2.3453269014200644	-0.0586056617435643	-0.3545387194903484	-1.9836244161507577	0.1868743509386654	0.35327970572819617	0.8853306700901086	-0.3961387560610123	1.1756053337726096	1.0210045584718717	-0.30909916430549267	-0.11650158892201815	1.6350479667999163	1.1360008216016542	0.16507206161862523	1.8121503809554873	-0.7803874989792605	0.0899633395603477	0.5105853320390964	-0.41901520185199215	0.832630966825452	2.2290360766538306	1.1209741631784227	1.4792094863402634	-0.7592120474910351	-0.24596516154506187	2.265869610079499	0.0076265517153019345	-1.673868495873428	0.7974561063812533	0.9113701268687732	-1.0408234061120778	2.521745317563858	-0.2391067592393962	-1.8255601570832136	-0.18074834218726865	-1.57570314503364	0.3616313675409562	1.2174169858082728	0.03746806807964746	-0.10716092673946713	1.0336607286025015	-1.547452364387685	-0.8860039834433657	-0.15087935172319222	0.23481955090456127	1.6367073749771923	0.9842435869105461	-0.271985393331304	1.782336491584945	0.8987846203681001	-0.5035297154997737	0.3943439619373057	1.0881190979576039	-0.1513904654367449	0.06619995383441547	0.9443514656993549	-0.0971001322900614	0.501391892867788	-0.8541395417545817	0.3829552473080756	0.14101775290914598	-0.07579556959380293	-0.24175450505998453	-0.029165054726483636	-0.563582658702466	-0.8029677243599503	-0.4581638340309174
DTXSID5046485	5.25911667908477	-3.989601658976347	-1.636447648687348	-1.5767276392203333	-3.5739786349068092	-4.430251999693302	2.8815364369906846	1.278323228384852	2.4552008052057532	-6.6516843851938665	-2.2855719360011872	2.599360025203428	0.6557166492844353	-2.565303322713123	-1.9316530929339601	0.2759014834487296	1.895925419833518	-1.0388139347929404	1.323597128060434	3.4865006578903444	-0.7165410525209632	1.6424715301248782	-1.0759385928653504	-0.5455113835130619	0.33266793961193436	0.47767325246567505	-1.2932276231504816	-1.6603669036838715	1.1579735011532313	-0.39268952150309494	-1.089725264287225	1.1487102037681256	0.7067285112198717	1.2365132343277094	-0.6158927628155105	-0.40654748967616267	-1.3106981254466705	-0.827361408186122	-1.4331048484449087	-0.5306615897271065	-0.14181195338618982	-1.4286595369817006	0.2901521287338313	0.2530684377684285	0.36948655430121957	0.8713728018819032	-0.7853585303626709	0.22792599113260875	-1.8567306218377428	-0.2540069052738808	0.020272006980301432	0.4290476661515273	1.769782990485165	0.3478252681062785	0.4706629287189449	-0.3247696714710147	0.7408099617329154	-0.3355978869760366	-0.20875559386912984	1.661360545665476	-0.27651296770929323	-1.3114667402858435	-1.2721461621828893	0.45722651110943574	0.01606394593345238	-1.5040141903329742	-0.5283251699808024	-1.587757623226923	-0.21524383809652636	0.03609278670662351	1.0069503077192512	1.1171710447412806	-0.5399343359359282	1.806667387270721	0.9224618887955254	0.19611586817556226	-1.0069422270914912	-0.5582457754983533	-0.26619553526918216	-0.1459214400710473	-2.363695279937421	1.7129098236333946	0.7271983296304367	0.1287143406169822	0.11389126346264448	-0.7775495490827707	0.3361040578933714	-0.29547901932589543	1.031599076978264	-0.27725997712338113	-0.6124397400462617	0.23697234885167415	1.188251933724089	0.14997943647611384	0.48931124627639044	0.20539528288267042	0.13938397794357268	0.11464808858506587	0.553616939854286	0.5798437824835518
DTXSID5025150	-6.961521101261326	1.5292004512036863	-4.544257076173076	2.267114763304835	0.8099257115149453	-0.8437806806834559	-1.512038684892353	-1.1443388602206575	1.8458972180561688	0.6874448366415313	-0.14702597688880023	-0.39509896991849247	1.4395799251612766	-2.709463740087849	-2.6363154097355617	1.82231349442075	-3.5909682013584243	-0.7046244532242134	4.4774412618226	-1.543258875037355	0.30732098348942277	-1.7987712244517657	0.3628776997222195	-0.5816930156712258	0.055732225052689564	-0.2985136093990973	0.662326701435747	-1.406203327742642	-1.0306216786482065	-1.9918045584285249	-0.34131967428677723	0.5537170785102615	0.9948013042729381	1.9185743463284193	-0.6077442991977722	-2.338966904734447	0.43854143021898606	0.7574443491322875	-0.42411038455995376	0.5315923128952912	-1.1762564411523644	-1.370236555309478	0.014882416517796876	-1.017989841155032	-0.188111887762084	-0.41808010236492393	-1.4176741595287188	0.09945065578283276	-1.0813976345875682	0.14036235651224488	0.18823523151015312	-1.0775769706444978	0.10956183055443632	-0.5400756359749491	-0.5561299638324497	-0.7625525169284112	-0.07576081425044287	0.03670875253801594	0.30728869316420493	0.13034032257016046	-0.6186083901438334	-0.5854698676465393	-0.15985418369159382	1.5703595939954504	0.32232679015068866	0.6422563934501445	0.6842791184149098	-0.5563112108224821	1.2751687663214497	0.16083081765773807	-0.2751354875344975	-0.37768287675296824	1.040128423457558	-0.16307232098334806	0.14917034507822297	-0.11612542577257952	-0.8598683195560216	0.559798664867919	-0.13193862294788808	-0.36931407415161227	-0.5865011242082426	-0.6971751295373576	0.6109798354452461	0.06991857937599537	0.014938573985477452	0.10470601664449605	-0.39569972265741454	0.8618343776688646	-0.6206977565058097	-0.1023164462431895	-0.007681043364792392	0.3915088411849003	-0.2022131546560552	0.19939359670035828	0.06024644177098021	0.1113910445615845	-0.10863358777987396	0.07791876087811488	-0.6596850633447144	0.3645713693838313
DTXSID5041643	-2.9686771693148972	-0.6035641346608136	-3.262826206904058	3.2325110300895528	0.4110936636710008	-0.06385953933296741	-2.028230419900844	-2.1639250509228067	1.5622955454459149	-1.131594238361009	0.9018077332148565	0.32010254364229473	2.4450461638186485	-1.767827710848805	-0.29704277110345195	0.33531793700530654	-1.7991100964011062	-0.5410076651461972	1.6359806982530056	2.6237323646769815	-1.091342578601047	1.2619525254247088	-1.2390231864845282	-1.2409464012291629	2.752518995636384	-0.9505433734512516	0.7044138741973855	0.9401525822344312	0.6808281425863824	2.3497029484844707	2.1942906484229368	2.922293830735916	1.56077798452933	-2.8612014535805397	0.6038200532951533	-1.6957081218978787	0.230525181749078	-3.405475963352956	-3.7481536183277555	-2.5269534551961654	-1.6803821263465728	3.205377280758368	2.0660851191194998	-2.364902696840156	-1.8377082382157428	2.8382723193626376	-3.154235313223048	-1.8750408167495694	2.1244373080233636	2.1014032717234117	-1.5979802379114523	2.4912633235599078	0.3494798569332654	2.95603101314821	-0.9743835796228534	2.2269494153822196	1.6618713204318019	-2.2599357461700316	-1.7426832988918144	-2.1507996153443094	-1.8268240536606954	0.72335607069642	-0.24830116838273172	0.18856248599463277	0.6146080632738771	-0.06137856552875188	0.6810445896222905	-0.469408844092248	-1.2071338376305594	0.5894597701259674	-0.5174532190655097	0.13938830811947794	-0.26146792467100305	1.3434469328362688	-1.0903697375886718	-0.6495012282401412	1.8512475754318827	-2.8240343456101225	-0.6028463579135194	0.9400885448136483	-1.6605512195863188	-1.2381828652969342	-0.5548351856620045	-1.6522204938735232	-0.5943555935354051	0.009260319418458908	-0.8530855149184766	-0.3105346538594407	0.886122394571007	0.731917444932046	0.5264677158273988	-0.30448259189301285	-0.01933976628140409	0.19292301912032467	1.012398381447965	0.21751808992591837	-0.9096153993081162	0.1867082531919856	0.02448928293746582	0.5313334032338426
DTXSID2021159	-4.310871627342254	0.21810019034065697	-1.1755877916866184	1.7075577049151247	-1.609720910003153	1.9106290134225299	2.084465165325099	-4.382769494592596	-0.38114936344422234	0.5308355834939271	2.024643370763304	0.9074941251406057	1.898444290579283	1.1533498260515611	-2.2647830908020983	1.1448381557254974	-0.5754919332776166	0.9805196117231578	0.5750386504049378	4.96729569209895	-1.9411382548847989	2.7091429278632573	2.06841275823723	-2.704575403522441	2.855920500149595	-1.2224670204998649	-2.516051353376729	0.2242986651809056	1.0924937350346458	-1.6241524086190249	-1.4974231231162958	-5.57798929291352	-2.7638672214262083	-0.8931629733114538	3.148870259782247	-5.124092839412718	0.8809491270415607	-0.2793202723278157	7.900308398370606	1.9033690382373625	-7.556510975154573	3.5865183578074102	-2.7232185864018676	0.9754238971973137	3.2281234197799864	9.516437141647915	1.9132880814601538	-2.352453686591391	-2.2436872296128114	2.396665326611375	0.6425877836504877	-2.1908115902577943	-1.7457439225922318	-2.2200937846997575	-0.7256625626380556	-2.63414854856832	3.5552023056478044	-0.8557445326945899	-0.6723282014440638	-0.35742935309264484	-0.08391118552216532	-1.954963534264168	1.0271823809326275	0.01307278796114601	-0.05794798919060444	-1.1845371692331437	-1.0883142745679033	1.330952224925297	-0.48891809727472	2.960302954880338	-1.941079700935389	-0.5682490373746445	-1.804494202216932	-0.818207346203327	0.23012555508985968	1.0622981651262067	-1.0169678164401497	-1.043683067896571	-0.7688208068613877	-1.1380693160835758	-2.3211682558422346	-0.009890368255496097	1.4412948365989604	1.5993570329134212	0.24384818279025944	-0.17332356494174597	-0.20493593598032903	0.2731077649036938	0.9576528358171497	0.24788078786517154	-0.10073433191141024	-0.4571709365744383	0.4902229504478812	0.5243080265392634	-0.594055938259778	-0.5090824820080853	0.1540071831101216	0.07210814547658527	-0.17440583830677	-0.5066981310169394
DTXSID0046779	16.597658791118082	-3.895962888261993	-1.9158901035811877	1.1572362269859195	0.5115346001999479	3.754705585488346	0.7304567199280706	4.532619085471958	0.02102476444860887	-2.068944530969357	0.4899469777312613	0.4521024466511559	-3.0631537531149307	-3.573976318854022	-2.8837390960617713	-1.1230358049001483	-2.7500939966119553	1.502491830789534	-0.3920814928603943	0.2721612692031709	-0.3676164334070289	7.439174358905597	6.313775104379183	-2.319454665871523	1.3058823873360876	1.722761332980861	-2.2873495161785145	-2.831105234122641	-3.7690333585386426	0.23354366172508081	0.8695252137341273	3.5415534423923085	-3.5637508724087272	-2.224360281501553	-1.6319653783763557	-0.655922265876813	1.6403814350543737	0.16260834145618516	1.2024480764404086	2.0797788723502144	-1.5713602880000985	-0.4101131182830007	0.42874447426051987	0.7593267743239035	0.0744959593698734	-1.290822340996341	-2.271462744197167	1.6516369216995697	0.3692851882822029	0.5277893290127408	1.8044142174152389	-0.8448008491282126	0.5475725233513785	0.7613588350103078	-1.2365636158075994	-0.8679461380399576	-0.602824060408454	-2.0630771095667613	-3.412836953914344	-1.7171033803355125	5.081386718111964	4.9372191400890655	0.878638546142189	-2.330320508598757	1.2461781424261058	2.5491197596058335	2.2005346574494253	-4.028121885139862	1.672125358892037	-3.3732864980481123	-2.3019454885655657	-1.3870099755801948	-4.60205220997673	3.253560239935336	-4.153498114443616	-3.799922428307097	3.5774003142649313	4.055257680909414	-0.2870045280336125	-0.9666858051838206	-0.6309754695723222	-0.020727957184785678	-1.9419302519071375	1.604363604338845	-3.2443097032405475	-5.755994758072014	-0.8148875378044659	-2.364176887689369	0.4288638352935477	-1.3523184063773248	1.3914519033011843	-0.7238793268610064	0.313346297010023	-0.7007574310848456	1.2056442611448284	0.5412513899283523	-1.9617594706599595	-1.673155342211576	1.3108978709710462	0.27514242724955906
DTXSID8047056	12.701778473248888	7.5050176354998115	-0.9673588026380899	-10.904890613055855	21.77721935789156	2.412523686897801	1.4663498982471679	-3.9971269871209816	0.6835107935574884	-2.8031128564105945	-8.217509545904365	3.7641285040637342	-7.239042634526951	-3.439218216131901	0.2824911489819463	6.238122936965233	5.4381062999763845	4.200789276721168	0.21928450255276097	-0.9822178056836066	3.4017357668140384	0.07674801181316021	-1.9615276483170683	-1.1558892348730232	3.003258731554747	-0.9845915103130105	-4.647150221501227	3.45059155906258	-0.9999825476619133	2.0038611698434035	-0.8194594155660526	-3.9001977510325934	3.066536580187752	-3.1049832789452085	0.5538195617674712	2.4235219389464704	-1.7657478385824217	-1.8509625056759258	-0.19105960190121246	1.7181252769272743	0.18461431391092162	-0.9654086355223442	-2.240124653978171	3.308633117778981	-2.6725642172509443	-2.2726814668332787	3.4560319254764456	-0.660786575492479	-0.1500021718372757	-1.2005012993122506	1.1117449272433784	1.1853123888199104	0.5009588196538123	2.3284720879296836	0.7383183656730797	0.8240547486673222	-1.4562109916636055	0.07593318772261066	0.09207247003587402	0.6942358194308064	0.4280973772418622	2.4378288174640614	0.9590289511435972	-1.247097077291125	0.5174376688152897	-2.7231900285306736	-1.517692564575903	1.7605878034243372	-2.7906118902954824	-2.536133938026274	0.7044578257948517	1.2045004262475723	-0.9591038400660402	-0.13569016801406528	-0.057026308599172966	-0.9204330254411177	0.817065813156308	1.183107465343644	-0.604399820503712	0.3013207763821397	0.18292852364764017	0.6985871833261146	-2.1455341259423983	-0.14555251592981738	-0.7759271937848171	0.08117803820700625	0.9248596081068716	-1.8818516490188864	1.2668507803474665	0.455671430521351	-1.391250374734032	-1.7504238481930001	-0.34894665395092234	-0.12140045345019582	0.9023157293820564	-1.049680877438135	0.6196400902721189	0.8762303075316191	0.09899528332556966	-0.8239524131988821
DTXSID8049381	-4.640848312006391	2.4143424388124277	-3.0496213971528277	-0.9336653704379156	-0.36164996262113225	-0.6002795812689856	2.4460645127752656	1.220072656674813	-0.6595081296620412	0.4642680261332707	-0.2606667583596936	0.17576615645339339	1.159642987623431	0.6453276977519654	0.22160320312836812	-0.3581386123609562	-0.24965736951915968	-1.0920911645034568	0.2811984773029126	0.43920647923140654	-0.6700963213875761	-0.693196003214019	-0.7554537886304057	0.2701569011267624	0.3050233244105414	0.5725466336282223	0.3199189420475449	-1.294402121706254	0.04520476197121515	-0.4504156443673167	1.5315642544961048	0.6515449444355954	-1.1804906910801454	0.6007257771947276	-0.1374599851073131	-0.3933773109984689	0.37712677192645544	-0.010162767026584071	0.19824977903208246	-0.5429503760231422	-0.5533854150385575	-0.03536857280747526	0.13134740778077472	0.0015498638404084684	0.2874269098089407	0.2240583731018524	0.7503384156586518	0.3536048565757939	-1.4278455990180094	-0.5184308158422098	0.8771962805540272	0.0782737809815398	-0.11588073951307601	-0.18849627751560896	0.14234148203610603	0.8532259537108786	-1.3326984206131256	-0.9206345403763022	1.0257264460477837	0.3127160010164542	-1.0579456898108472	0.20599941201513344	-0.3721049186196889	0.3022600372657258	0.9434738727661789	0.004441961369768956	-0.17718389740036586	-1.222193889996443	0.2080121284477472	0.11370299020443608	-0.4936313732570224	-0.6680102074452005	-0.03990906664208898	-0.10932600257767487	-0.242181717404149	-0.09582356068948554	0.38342297842363937	0.7796700457322653	-0.4433247587631784	-0.44005727174376125	-0.1398699565808337	0.07214196442341053	0.6960106947096227	-0.948793080164878	0.6677123800746573	-0.7092788287486281	0.3719196648352907	0.2233564096839852	-0.026970970502042432	-0.09027691786240324	0.3965725073182846	-0.6660831328972638	0.9572198490205531	1.1304444326040348	-0.7180379762929284	-0.6561464660718315	-0.6882397387639394	-0.22691776316015863	-0.5122024926475439	-0.09290089796771472
DTXSID0045412	1.7679841938062824	-3.6200268808784735	-1.5789069901182908	10.957024116824357	0.9894663560237607	-1.9911968701762712	0.049454586174768715	2.6442463059850616	-2.9011667456850887	-1.9803597887987816	0.5149910409517249	-1.2548268652197931	-2.0862100519047564	-0.7305095849446904	0.13492827995271575	1.8608207166903268	0.4236314384851263	1.1617557357513089	-1.7244289548458978	-0.8019288420835136	-1.0661921347452623	-0.45843081731537855	-1.659903743452311	0.09979479204147616	0.2901506404216337	-0.06990807414887872	-1.8620804374407187	-4.464248279865496	0.2790180977100791	-0.27546412667074544	-1.712855502506263	2.3217783324660166	5.0579358570416275	-1.445215407555136	2.051201567811844	2.9416535542028477	1.1383472069492442	-0.5339063793303982	2.609403874566339	0.7181519791497243	-1.538122399363322	0.6848337856927925	-0.04341592016898341	-0.11291587890723301	-0.8027194192002474	-0.3037434310605335	-0.1265245467119366	0.6313396907410259	1.3266334633319363	0.3761077583923911	0.7033979611865243	-0.08537045921689873	-0.2039719095383409	1.4034173861848367	-0.7077865209625125	-0.46062150696004567	-1.358737477354545	0.13220740423665045	2.6117369098206784	0.0628732279202095	0.044618611317182144	0.910493117809702	0.26244657284388717	0.10902339709891402	-0.6410067697975048	-0.24897251055180522	0.4391082523273763	-1.0489828662675071	0.5062705774757259	1.034963280741275	0.7918547653042122	-0.7957352130347678	-0.9385416394231536	0.2441837104271005	1.106122792711466	-0.36341996147238836	0.2502006445510806	0.7268726714224955	-0.1181360715342776	0.8938023362195215	-0.12287236345525186	-0.6496598106949265	-0.4364845714834531	-0.09499778168680148	0.9451438479441812	-0.017424474311159722	-0.8879697581260304	1.5824832803276712	0.15722351646359944	0.918717206088372	0.38778163056863696	0.7441347437145056	0.6229289008581332	0.6452589978958284	-0.8307240630235785	0.1974355115001471	-1.8102183127370775	-0.017178826636678315	1.0432626665782447	0.3408275585546078
DTXSID5048182	-2.5196675403559783	4.10558941473056	1.2317629884812658	-0.4182031099699058	-0.7978577607496828	1.0036113609288904	-0.25142515470975785	-1.5591055796894588	0.2900182126306593	-0.0436298586114544	-0.5002787739997706	0.13660683667705753	2.1035962891548112	0.25205012436710245	-0.8064789502476618	0.35074899877215426	0.54175478212064	0.9573572461582145	-0.6250625941839056	-0.34232965732088555	-0.29625939891551484	-0.24539884659981545	-0.6154672563375144	-0.6253567674942294	0.8679516099011919	0.44476752572920797	0.2041281160623359	1.1298895154325201	-0.29484345641439547	0.16296220542637554	-0.3195673884329496	0.062023386301746176	-0.08640202323968799	0.9194832537259277	0.11339082262748788	0.39212019374964624	0.020691441047400422	1.0152770778958635	-0.5400795252845373	1.6074882657324707	0.35192554889220234	0.7373787089689153	-0.5785247426177289	-0.5842762281209231	-0.26669449986680727	-0.44961239362466476	0.07317635339819636	-0.33280813468641796	-1.3753837685225279	-1.358735138358725	-0.3489394372059741	-0.043732789974588425	0.03404727563403035	0.6828155798247607	-0.013112123717536542	0.03961389615193649	1.2142364065219007	-0.3434551981949683	-1.0545296211980042	-0.2963555775701627	0.0003745189948420858	0.7687512488659041	0.533997808752334	0.4344481651839644	-0.2359645691259191	0.1302156999822348	-0.14674069500798279	0.16325229105576367	-0.3041883208185547	-0.29475904346093207	0.1786096715845625	0.4372518556402738	0.16951067926376598	0.17650493033427211	0.6615484146778755	0.19965959539496492	-0.06793813275878698	-0.08129117559946855	0.6813276432606037	-0.0964980968878958	0.39435148910716006	-1.0282115485587273	0.7059027373625991	-0.5490818432798229	0.4228631798718807	-0.7263540361008647	0.2686001984659764	0.2032590481295171	0.9379292860122977	0.03488725236781305	0.43338965941975743	0.0448030364959391	-0.3489033404569958	-0.2635147193459728	0.2539406432359437	0.18939722368312628	-0.33341910397733515	0.25539025999886256	0.2705762008286192	-0.2612085061144196
DTXSID5021253	-2.0205211263471754	-1.095836409570054	-2.8607730779867717	2.829844545759841	-1.7524514310845176	1.281388557592871	-0.6802529662066674	-0.9037744090580353	-0.23016811159456538	-1.838242860338993	0.19870353145994762	-0.5677188347384525	0.0809417153095179	-4.866999856940649	-1.6087306832595047	-2.976480645221365	-2.797928669006343	1.6400086629982322	2.1224619019247917	0.8050187672475829	0.8813338679920598	6.915719930508465	3.5976326682481528	-1.737413782171133	4.169851234314186	-2.2303449310797516	2.1003282441762328	-1.639038624803775	-1.0006150649162422	-2.0125851371149452	2.9714801924436167	3.410437536661413	-3.405161605601663	-0.38083825229746393	0.7256356748946994	1.3152024500955	1.1691197970370364	-0.7211660827751751	1.4588299598955783	0.010653417717927464	0.027805674045139533	1.4782714626170539	0.2010300148584239	0.20218081744882546	-0.05540493169551654	-2.0419259877228684	0.2921921968993614	0.4089966076613798	-1.7592288153219684	-0.1410658771545151	0.6665416875145135	-0.37501842081004144	-0.727769731413708	1.3319561443252876	0.6551377104187878	0.8576459394592372	0.6777910592629379	-0.48859663389504776	-4.118259208747135	-0.7899634736138865	2.276161207886464	2.4952767031317875	-0.13713135012531533	0.35760973829237896	1.6694509003111255	1.036901939398572	-0.02457838322598355	-2.794733597279798	1.6666974708650883	0.02322652234107538	-0.8424556813082515	-3.045413007566378	-5.4950444444055755	3.99920013950111	-4.19706757137191	-3.168757078405035	3.872396044202843	1.371733050447651	0.5519106107265115	-0.8903908681942341	-0.8364452768277497	-0.19795680684830064	-0.2909489107680946	2.3102147451512045	-2.796034238758209	-3.5394799749431747	-2.4821838074388443	-3.638573936550456	0.971820651705559	-0.7087690901587023	1.4407535974603976	-1.8173886658533744	-0.00137995333454263	-1.0380719776233447	-0.23040764585074192	0.10711956577859759	-0.8142333431429064	-2.4911516447669144	0.3927509866073303	-1.1349607199969445
DTXSID9023049	4.788070928935105	-0.24255066419153354	1.6997498808431981	-4.0713334374578265	0.2887955613361255	5.228435438501253	4.256405491319412	0.6454220622646647	-1.3498418956439322	-0.09121977373840887	-0.7399873820017235	-2.781719640382477	0.9753038415952787	-0.6435182897570468	-0.35021450040063945	2.9760967101950544	-2.3308293020884387	-2.4069821503557427	-0.5805929643968571	-1.1118067678791526	-3.0381809875836123	0.44226149845883594	-0.06038337674930207	1.8773545368729527	-0.401965276753792	0.43438232307141655	-0.19233098085788752	2.5633527331421124	-3.3543996874770903	-0.3543953569864574	-0.2035863100711008	2.7786582405762585	-0.14945642326330272	0.5749946267936049	-1.9192208029283964	0.47649786883568873	0.7140060371723672	1.174781276773446	-0.36918429010417125	0.12857188653592347	-0.18165817025371575	0.23755074702241466	-0.6674430741059356	0.15137785010575794	1.6532430178151574	1.4494522186719176	1.3210910924106025	-0.8811207818544435	0.6031100484064053	-0.3380020653746262	-1.2374579951163183	0.27214493782728116	0.3878409382950589	0.2583823004856635	0.8125887872720646	0.43001424383612163	-0.8196215626195223	-0.4125395009678165	-0.24988169261886828	0.3739844528028782	0.13317649806022372	0.17990256729256443	0.8088337022479823	0.49077092431719865	0.5921357900962259	-0.10720702861417046	-1.1874057471703747	-0.4241148192454388	0.39067884885143106	0.4768526209218994	0.4690138540735435	-0.3674568860919005	0.4558878041588296	2.6065081845509286	0.3160405320848375	0.11846384107237819	-0.8619074774154574	-0.055374772993672564	1.0491548255956809	0.26646534487300155	-0.8348560469018348	-0.49686373391603983	0.43538960454408615	-0.6565940403906548	-0.3379032760974934	1.0965643153318931	-0.8049407935851088	-0.47736227564419403	-0.045356271244564074	0.30984924461732716	-0.23637726996424036	0.4714974173595679	-0.007202446691057581	0.5478613826676056	-0.043423725325323695	-0.21867415410663418	-0.5950282290659337	0.12660282647309326	0.045472636709010715	0.2351869860678064
DTXSID1020352	-5.259731272824956	-0.5399007015501271	-0.5237609731713996	2.13935157257034	0.20855075828170594	0.49577475524255954	0.3966980090034992	0.8115764363493961	0.8519097289540116	-0.9062616347403146	-0.8471887149273135	0.7761080955794228	1.6750518366271117	-0.5072514275010903	0.9776394985248028	1.9092454821060367	1.4206023935514298	-0.5445745383216769	0.3475833543251991	-0.8289209385755694	1.1391323585906559	0.4027550513867784	1.0117959204128681	0.9831917438967436	-0.0009394426745612926	-0.3868889072483036	2.1096515695235833	-1.4720746696016098	3.5176933030689432	0.6868815587854339	-1.7593654415125717	1.3526419314325127	-2.10538995865598	-0.4325291312073787	-2.7679096002133283	0.15778981336288236	1.9490063719501975	0.6389328017994258	0.9860676887698558	0.087032274474772	-0.7262363948612939	1.460800188753831	0.11283955340427007	0.5122648855084128	0.2921724081794144	0.5376730639948942	0.5339202073357943	0.9394252517366237	0.23531065817707722	0.23765444317475862	-0.60629125731395	0.7443851198449247	0.9884589555797599	2.2761339049502243	-0.34832201328499596	1.5170100181012298	-0.07384790717022988	-1.7852747011136718	-0.14862681476205364	2.1091062787859283	1.1881810283628371	-2.433298025016676	1.9384024604247718	1.4893623132917493	-1.992451545667314	-0.664774274690226	2.054194862086561	-0.3125723518822088	3.2194123278758653	1.7845445311152728	-1.510747869975179	1.1529352542913132	-0.17466573398879998	0.9444792603746249	-0.7642219118401401	0.8223475799909553	-0.309585479316199	-0.2821595289873156	0.5993824745389885	0.6029612611679124	0.5594231348670424	0.12046621111938523	-0.7164274788951236	-0.6333584830876872	-0.8195732378691406	0.7101840501247704	0.5423279069255478	0.3376238157026464	0.4661286709303541	0.07910909423367418	1.4679537984628095	0.4466091979115079	-0.5694548543471852	-0.1812288119293046	0.4315516410545624	-0.5761472209745422	0.25726715904428993	-0.9424764194969313	-0.7175165289774422	-0.8808708324409623
DTXSID0049074	42.80675770274698	-4.5622146746390815	-2.42414323057885	11.1519570404567	-0.49528871744869307	-1.0096818469270818	18.394795518153597	11.733452069167777	-4.300935915384107	16.852164730341446	-7.223440998036214	14.141704387673078	5.184835902666723	-1.604790745923056	4.470363729086422	-3.6564386109416662	-7.764470343800369	5.556721813863396	12.030793764817329	-0.4345372686506692	-6.022789824892968	-5.395506284852463	7.717283839807407	4.894314212962069	2.426971501931976	-1.9384817972983177	-2.741481897467549	2.411526699213713	-1.9564452903879568	0.95128231350812	-1.9450988598725487	-0.3916007287583069	2.8971482523936514	0.3218032088701066	-0.5345559924640787	3.076063948831464	-0.06543108120241434	3.9956904480129225	-2.4672187780375765	-5.1100467650684775	1.585222607267885	5.252790732375346	0.4609275792344618	-0.27047101262407597	-3.3670747731201596	1.9294235522299255	1.491988964400836	-1.8309130687043458	3.3084197144213414	1.095606179530742	5.011713549213517	-4.622791000891781	-2.916428114860426	-1.4852741786245134	1.2307812982587898	2.466826755231402	1.5493842003245808	2.5109639613859662	-7.288164521214261	-7.403738125345498	5.285237335104076	-8.734787787408838	4.552625395573143	-1.4815150111555864	1.5592584319907223	-11.359086129064012	-0.3531107411465794	-3.2980864694578615	-6.26059069669806	-0.40454837886116324	-1.8726185966752058	-6.303285502456629	-0.5412117962982179	2.4393813229460966	-0.07656514484943662	3.338161782044772	-9.021836545718527	5.844226701335669	0.41755467315881045	-6.3455033284094515	10.769540340222758	-1.158505852056458	5.978715193452812	-10.093499102135533	-5.557313549825457	7.949693675608681	-1.6037617398444985	-3.020666127279725	2.4036922837300017	-2.5942433889710577	1.7271709551339844	-6.5304550394988565	3.7349749285538745	-1.3013290208423094	1.038876258039312	8.971246598417427	-0.15547031507042122	-0.4871912008633875	-2.2406336207016664	5.033557206399981
DTXSID9044534	-3.1813467032845333	1.0678851073614108	-0.9531285292396896	2.5826434061717745	-0.6488311377646138	0.9364659409636189	-0.059826575695281305	-2.5846578055473266	1.1408976164202256	0.2299828628908758	1.6492671265611898	0.338981104946237	2.7389789655924517	0.8365687806526924	-0.983702742425981	0.2590608779220796	0.19889777227342573	1.2723610870000523	-0.9905219760488317	0.23340843676263978	-0.6033499494570352	-0.3073088208352934	-0.11882419268215391	-0.9730100410708695	1.2642474086113875	-0.07661198067317739	0.8872014506963402	1.213612626253632	0.22198708957617427	-0.5999346424383775	0.10463430722388557	0.106675908635491	0.3391127702643763	1.08601001217407	0.18606503735258717	-0.07227276413056077	0.6328166470661406	-0.43039874242605847	0.07501201732770697	1.1267810928091675	0.4480027613080739	1.1086104310528186	-0.1969207851080254	-0.5325649746378761	0.11813512810376411	-0.2398625291358478	0.2857176447461876	-0.18867767473880467	-1.3231766572151376	-1.2179830136700125	-0.4844614619692639	1.869081983134778	0.4383737396055259	-0.6938393697050892	-0.68575586417653	0.15984270430244435	0.23132604578921295	0.16518154141774272	-1.1601707153547918	0.6718669770939532	0.048577494892527204	1.472849761798012	0.1846144729455115	-0.2688861506228781	0.014665110183489623	-0.8698743360134171	-0.39425416026776744	0.09868517768732166	0.6342909515736634	0.22809146465297542	-0.9624317852984929	0.45133868944392497	0.5754318016405416	-0.5047086349082993	-0.032407792361103936	0.2583923760594917	0.06320921215924773	-0.181840489570885	0.287399277934479	-0.534644316728614	0.6626668790062187	-0.2056201441773952	0.2140926113443731	-0.18970866225904504	0.060083818914348615	0.21281242127341693	0.23814403178039703	-0.5240190652770278	0.40453045926875475	-0.021930329513596525	0.7920801759079327	0.4633466356017003	-0.4847124590189973	-0.09795666205330304	-0.4636119409068702	-0.18307346380855682	0.6449340505664473	-0.04069414723922506	0.197600794905142	-0.20271440840474012
DTXSID3024077	-7.350882404956375	2.9559971206619537	-3.485851101782078	-1.3240201124609463	0.031211920118804217	-0.24761218276300623	2.0725081225154054	1.8268392545423526	-2.1119582747221592	1.3806039068617817	-1.2838474848930668	0.5886132093031763	-0.15309489112404834	-1.093717675871928	0.037647860933261106	-0.4251131851415066	-3.5550692655433176	-3.3927798609112823	-0.8003496531453184	-1.1317385331943097	-0.05373015615748325	-1.6328699274896739	-0.5028072723319696	-1.7410966656327003	0.9619579122105462	2.37446795448126	-1.9008840228660362	1.0749811800606768	1.2387502788968103	-1.020551529859264	0.9859756024455656	-0.6151326724856571	-1.732176505230254	1.5702202611891118	-0.1296968529467128	-0.2050579577525319	1.776101673052535	-0.8901048686797578	3.022547428729062	0.08524249905353398	0.19769459395535277	1.7192160846842308	1.0295790223727044	-1.5247619483970167	0.8844668450713418	-1.6038441978899993	-0.5849192734185504	-0.47295180092927325	0.8467061019187739	1.1032460342898287	-0.07895207636400996	1.2504819987629097	0.6188518305354441	-0.10436845115380287	-0.23090071835608952	-0.5003315371358696	3.4249491964394028	1.7489047133040552	-1.5361269123460588	3.5644878626094894	-0.8970069323882449	-0.6570665861821718	0.8442580480804563	-1.4845427870962882	1.922268543700447	2.0947778009838993	1.7902693972021255	0.31628830978422484	-2.03880460079756	-2.910772534740049	-0.15664719592070261	-0.5972638619037165	0.9962155284051756	0.09668251897932753	-3.1703878845693256	-0.7193771373037284	-1.0216456163087468	-0.07787180021100412	0.28820990212752284	-0.5157459047706522	1.1763539793461837	0.04498408130618597	-0.04205935540481448	-0.5777205575555284	1.807992235094872	0.017207162859599154	0.03843040575965606	-1.0481405142620075	-0.2104952272660836	0.38866650831464294	1.4029877372477977	0.12563568366779046	0.21144977887744515	-0.3558770748756075	0.3817267558715623	-0.44147344172620756	-0.952926195724382	0.7537054346970365	-0.2559111932596517	2.0491230209607156
DTXSID7023938	4.751072905080293	-1.3553077675071408	-3.2462828257015595	0.22785727815921009	3.7450724900939565	2.464082271004203	0.03778275754416994	-4.822177593332964	2.374507170993185	-0.9235157140510475	3.310221531015117	2.1956891400472607	0.6386886634752215	2.035075248119587	-1.6132951425185211	-0.22105701132195896	0.8592749828890556	1.723703133481521	-1.5605949726529074	2.3501875840884883	-0.8633337021058779	1.521021885490239	0.7773936729105178	-0.9276372994831495	2.6184869907869115	0.282441112195235	-1.2191674876168146	0.4479386348618542	-0.26764752277687665	-1.9772360247483602	-1.3009147736732456	0.41205955590379434	1.1656140281543865	1.653317659133087	-0.00391478874590502	-1.091126938056251	0.29625306152148306	0.5069787399741356	0.5913944887474273	-1.4478325659714628	0.29165947048779256	-1.1528907596108067	-0.07346415113310105	-1.6558811108364808	0.8587286537876099	-0.39537054183806136	-0.18538735087945932	0.17218335034877366	0.39367752736752654	1.4635829429951275	0.3367490661410449	0.9532807701059967	-0.8479761303995662	-0.39261867009200146	0.14875751428898387	0.34760095589366824	-0.03260002017991086	0.47132093912132056	-0.021745232788386748	0.456893312633495	0.727640389128544	0.1788587755090945	-0.22703981547884092	-0.42270191440451893	-1.2028832780272438	-0.700408642985421	-0.5438913509069607	-1.0038708747245992	-0.13427393417132258	0.10359096866416541	-0.888397696094146	0.5086981396747032	0.5980681462084315	0.04047707696777653	0.1499947438261056	-0.9458018015888151	-0.9337071613690445	-0.6927154527536544	0.9975937357211446	0.41149333141760636	-0.3564820937313393	0.2582375793655929	0.3495659231846641	0.22251399512042597	-0.41303842769463933	0.19987377466555079	-0.0035915184842826684	-0.1095050950629349	0.02752252984207767	0.1538678728290985	0.392396727507315	0.061956314237171406	-0.631248045001711	-0.11514666154162989	-0.10887326281486255	-0.14177497182867235	-0.0021468193103953716	0.3750084892580314	0.09380188815395961	-0.07315842185844233
DTXSID6049012	-5.614149655191397	1.7464017182346647	-4.551823364878738	2.944616528363005	4.349083667998534	-0.007542006294702072	1.0039144002971832	1.196295698476812	-0.2564961533039781	0.3900944721559017	-1.0006485633121631	2.5559982254907143	3.5897820305232293	-0.0062677148258144764	1.3627827676918178	0.5193227580918253	3.3394184933687514	-4.140777129781992	-0.44990594652091326	-2.6979592905485337	-0.21088499781358694	0.9727546374509914	2.5936224434338433	2.4938608526939787	-0.31215067262085644	-0.7343884310451443	4.309181789994999	-4.448749159159049	2.9950610075479647	0.007822549488050744	-0.9933812706473186	1.876537789759854	-1.9822084537999338	0.22962909676539636	-1.388610233662901	-1.48149879526963	1.5560843392489638	-0.048027004381869715	1.0614176600546033	-1.310929383966434	1.0648486522125276	1.2549691009911748	0.6194894525712605	0.5575088796200325	2.682666429278719	1.5138854618251174	-0.7301232758266385	1.712236557026533	0.14135098589230716	-0.7201807695825948	-0.11972584923593539	-1.5476452243240495	0.2940165992698132	3.71709281043418	-1.429157631768581	1.0786388096818134	0.3190427348298572	-1.1501438670582085	-0.8472350675645935	1.4780021026244927	0.952986658353131	-2.668133193376246	0.9222056327256708	0.6817919328797993	-0.5957900238008823	1.38743334991083	1.308898912239217	0.14362117372640051	1.697522141788982	1.7974844205234333	-1.3997902995212603	0.6207502762317473	-0.35722677091099597	-1.3482808807901956	-1.7798836357072771	0.4437982448858241	0.11618288467181061	-1.4495825030045209	0.5611048986876577	0.6126224848065752	-0.0926234448221262	0.5093673111342766	0.6568321142618941	0.0029126917864914638	-0.17119093792173878	0.20196313272646688	-0.6430436928224394	0.3897142709586697	-0.09540637891764235	-0.0031741017697967614	1.2335725174026924	0.9134002880387454	0.4786069034721876	-0.34969151925760855	0.5475579070985178	0.9224227137233438	-0.041671287974101294	0.170850206788491	-0.7008012601897875	0.38526501241422495
DTXSID6023868	10.495614463807751	-5.863627348499513	-0.34326810796986273	-2.1383703223316464	-0.3301174597410946	0.5677394540959589	-1.0875379932978553	-0.5519280194838241	-0.4546586057490896	-0.603875916349599	-3.2668540079401827	6.916481170588999	-1.22974154602873	-2.8564540754621417	3.1774306532291337	-1.8479612918804424	-3.0704953213475337	-1.4119605440080876	0.6378545860749779	4.46580409309652	2.952443338402613	-1.2849120516097685	-0.962196217985104	1.8992465340986837	-1.1099089163887834	3.357258862423998	1.1400139588590052	2.387799365284653	-1.043522701205629	1.7051670257533744	-0.2715016567699941	0.5226362684849345	1.4160788125930968	1.8048229666703355	0.11009058327702727	0.6980298756376877	2.151544710539739	0.0766473356211736	1.5009447271849716	0.335900651190711	-1.1928149630881637	0.3622032273336832	-0.3342959855694843	-1.6286885544455287	0.5487635803459432	0.880293149721648	1.6108535971559046	0.23599481040139364	0.37213263554084025	1.2039480324142244	-2.1548393015176392	0.005711263312141966	1.8886630975240943	-1.6651765113398191	2.313819846379658	2.1002393210568244	-2.508692865347101	-0.15986270450182244	0.2964123592417334	1.6087460067423562	1.9606860732491984	2.666241327587625	0.37857516362271343	3.0395972529063613	2.88721674973344	5.862392247699667	-0.8379184462072798	5.713764922912941	0.5067122291422521	1.3387071745674117	0.5122188486794985	1.325499116356164	-2.08808754292238	0.4976433339303149	-0.13100439313372833	1.2129827684786307	0.13021757714359897	-0.8645698607893724	-2.106309558540705	-0.8512255576453899	0.07810006911412816	-3.19481747043227	-2.988572803895441	1.176347241105197	3.425861685350486	-3.2912276002892695	1.9420644921781702	1.2420011147120307	1.0548647205367099	-1.176700463587185	1.0949789320011936	-0.08551815127126229	0.6720580836628831	-0.8634332170056631	-0.30158600331205543	0.09832018103586583	1.836952793084375	0.49380647249787196	0.27386633577862507	0.8826804263756616
DTXSID6057790	-5.453710700086301	-0.28587414592101035	-5.707322841533422	4.688143880408085	1.1458493971597632	-2.4112252498999363	-1.4998534553494987	-0.2177610897541434	0.4533591515482627	-3.2709094749660035	0.06532727652446568	-0.9834868076443345	2.363892763612134	4.357761912605882	4.292363043472396	0.8735455262901457	-4.4134372755691835	-2.3775816810212254	2.120242481909148	-1.1767679625189553	0.6691075108973371	1.4074345907173775	0.6508863723303906	-2.4127711373538245	0.9612442893623852	-1.42722132005586	0.5590239120788971	1.8072683110983292	1.944900806180106	-1.0669793894585553	1.620141325668724	-0.4844196176528039	-1.9745484053744013	-0.27574057145880976	-0.3302966940666038	2.0335658009399893	-0.30221946859076376	0.05278454739364411	0.2844566591767594	-1.769555213170579	0.6692169511552948	0.34091736218937296	0.36915987581268167	0.041944481710489825	1.205601581130769	-1.4159332718700617	1.0737593795919516	-2.1832065972161563	0.06685695524643277	0.9673316525684723	-0.14393907985157214	-0.6049153570469297	-0.15997780719630303	0.6481070756837706	-2.339989524739338	0.8997791836138241	2.4302137752436717	-0.6946348312259693	-1.4737684326482667	2.1513543254564773	0.040683965099057	-0.11347802736655718	-0.16829056242230436	-0.5097409500477112	0.5986093935381986	0.1498855715555641	-0.6815108595470345	-0.687098530298777	-1.4502572065968906	0.08897730086463526	-0.3915609964049945	-0.8562878945450372	-0.27280994310099377	0.022202878446728736	-0.7035288921488904	-0.9720885205823233	1.6884988744933795	-1.2716777281678018	-0.5127954073787446	0.4782463946962714	-1.0985921146457651	-1.258293134823134	0.4397265257194661	-1.262924681683605	0.758273353543953	0.19679012084833036	-0.9738162048404435	-0.2907583077991133	-0.3057967761041156	0.08574930322945015	0.8573114781379316	1.020877017144578	0.18169218833179257	0.21397277490659353	-0.025163548133911195	0.6413094890183506	0.5975824383160842	-1.0150018470599107	1.3620947647372252	0.42335451226169996
DTXSID1027639	-4.678663007633687	2.0874803846779115	-3.9572472772412173	1.4655000856551628	2.970589788079024	-0.3608469546766835	0.8200077010052232	0.5387446993799475	0.583750151864692	0.2781674032137837	0.9511764721018684	1.8029346264685058	0.49222073708006386	0.4197085150923091	-0.7198698946822844	0.1361034506703076	1.0030072869135414	-0.9300270463690402	-0.3668350499251552	-0.8221582350706097	-0.918558126219486	1.2408123623525704	1.3350583915334007	0.18262109998873952	-0.19052791054500912	0.6913504107815542	-0.18627298689968136	-0.5526056997286055	-0.6944013249230335	0.26391380857613533	1.6038677543083073	-0.22476698600510106	0.29230891997689207	1.2162148945371976	0.21256817852920462	-0.1599488655861198	0.23962445784108946	1.0237640646222939	-0.42617889905831574	-1.02497141577486	0.660347534558459	-0.38462016404028404	-0.18504384497708337	-0.8525232513529415	1.1234409445320985	0.2658654685131242	-1.4641976882303218	0.7376461965742247	0.7280530197177245	-0.5649766402218669	-0.7353258656866337	-1.3597407927549612	-0.5746052297350438	-1.4014804597884178	-0.9039329404613513	-0.08443924624988536	-0.10805983305015249	0.011995025795969809	0.8635007159099828	0.28245092276545675	0.108252592198723	-0.2707305290186617	0.46427988181129737	-0.8605832588246389	1.0061374369807052	0.4957861998404858	1.4552440652240608	0.019778687938613034	0.11026608436407345	0.693013601543125	-0.6928581723435135	-0.5369784171545869	-0.009137127432648136	-0.000569756659989397	0.4574798834403856	0.670963383142199	0.13813205980506835	-0.4910097872050057	0.1507838738863265	-0.6575443841737661	-0.9745070145884197	-0.5455875556576976	0.465710122434771	-0.09978378146685052	-0.24634440458443194	-0.6706566694435924	-0.45446737897971107	0.40992326153229763	-0.18701148891186578	0.010743474535758002	-0.3131454011895255	0.8145971399604044	0.043076360711515715	-0.143957703665595	-0.250725715146663	0.22499264270516722	-0.8620043317647331	-0.7053895497187495	0.1947415960126465	1.066990109458471
DTXSID6037697	-5.376796639101268	1.2598359447866496	-0.6353918843762052	0.967275592696944	-1.6508745694752234	2.614533306341915	0.6340641772205261	0.017486982204404936	0.22282805153783325	-1.2301816293347423	0.5461591865460956	0.033791473612323125	0.8774416949603822	-0.26386825076458303	0.27648543967874367	-1.2128973432744687	-1.0211377199648437	1.2068009318177269	0.0681078691303313	-0.7245909236459764	-0.02439751679584739	-0.2759895593668223	-0.5850372415783527	0.22459510638276414	-0.7080382708559622	0.04314574256461339	0.6901915448190409	0.24246561419167625	-0.15345262182072297	-0.45129529541479085	0.19224861089785716	-0.6135930438368213	0.16492384313208697	0.0341246287437271	-0.9408973321982753	0.3189775914429112	-0.3255602254830335	0.8357042167369176	-0.5532509257168202	0.2712020890962872	-0.173707175787505	-0.34954862779462703	-0.7163335162276039	0.5851944560370829	0.37905179307147574	0.45333685901952137	0.029323874696737546	-0.9943395983373712	1.2422798039261538	0.001261317754855487	-0.09830108930120887	0.29108860820150934	-1.0310154599223793	1.202940369173246	-0.7361942702392307	-0.2378456629433451	-0.4223250178937491	0.26192212637380047	0.575576619894768	-0.3820978592682689	0.7955486430675357	-0.5244822880970582	0.21493224149350135	0.0019282006158422398	-0.034340346982877634	-0.06897863805119787	-0.017550792943128658	-0.2572155739397047	0.48191902687235916	0.19297759606587853	0.6858001944194502	0.5254674567836317	-0.45277589798447626	-0.41484694889895496	0.44689999109649914	0.19644003388018869	0.19916829691896298	0.1787858163397821	-0.4548735168508421	-0.1507722422492253	-0.10271713332379914	-0.5169888007006548	-0.4020755664278313	0.011681682689431877	-0.058907354177802275	-0.2833978655237165	-0.09877000160981111	-0.2085303058081858	0.2923521299028825	0.1878108453349737	0.160052704100453	-0.003966053959967445	-0.454894250747762	-0.005316546694579448	0.021260399640978606	0.4388682359962041	-0.0573806946672632	0.27267028417399786	-0.0031950888613544565	-0.1307503135472062
DTXSID2048664	11.953725991979804	11.21204326183693	1.6601103323940398	-2.5895021596341414	-0.5286057649952105	1.3528446168561847	-2.6281481310240147	-0.005182679803760037	1.137993643769245	0.5244522135199104	2.265787908297096	-1.4819245579773552	-2.681612902382847	1.4533379677706777	2.3122914353296524	-0.13782824736098354	1.576515124411867	-0.09612628783459665	0.9095445170502071	0.8861200882515389	2.3736171879686405	-1.1697517315817103	-1.1493316543994614	-2.1453185830763997	2.979532739660731	-1.0304290283887534	-0.20514860622539727	0.5493498201383573	-0.2721544471789761	-0.32521201186122906	-0.8109284943316356	0.34205960947730013	1.7128370996201088	2.2321933210258296	-0.026287537905165272	-0.7767410392486854	-0.08883825453503078	1.5243478336085106	-0.05652806636047163	-0.3175242119463727	-0.8350124257343766	-0.4011637008411967	0.4813217095637763	-1.8053171762891775	0.13066213763156245	0.797948472723945	1.6419103931196664	0.9692951650838387	1.2375815384415438	-0.8771962219416193	0.4151555619217472	1.1717927767415335	0.4916847853699964	-0.17605230341516645	-0.2239149138568668	-0.014176513455719023	0.39338315783258165	-0.28436741016262446	-0.4670612698510901	-0.6913354783717071	0.874477982350823	-0.40041827982357464	0.13856274729060136	-0.352268663476886	-0.3799977334787371	-1.0546635400744266	-1.4356186638275705	-0.11184962642046174	-0.5165822514355711	-0.12180626259441778	-0.41557014498717515	0.21110531429794002	-0.275575539809363	0.2341974078522484	-0.9615466108567003	0.22790544781752436	-0.5724121130473626	0.6363777255284007	-0.30995716522091915	0.3718256305199212	0.3220671935785976	-0.63029354120978	-0.8045648875850503	0.07874011364702213	-0.2818737735808695	0.11687689140405788	0.6345188827872054	-0.10051402952241585	0.10730197980297378	-0.23684193967244607	0.6279307715778334	0.7748682958235653	-0.051661859668058425	-0.5814594728513649	0.02205882190026454	0.25168933351729744	0.8107571772838899	0.7298056246641667	0.3803638893578949	-0.5235180847253853
DTXSID9022528	-4.573950730104472	0.2772207263180376	-0.31936368215815014	2.6999461579645376	-0.24348658047101152	-0.6536180841642389	1.1416101140365222	-1.9320116065848505	0.4734155407768797	-0.32234697093689724	2.049386042212076	0.26923350406798985	0.05304142523525116	0.4897424426377701	-0.21342057419718113	-0.505973925785039	0.5468201150627325	0.04459546868008594	0.14449014076563682	0.7705670886357106	-0.45537082633532117	0.8617263172509139	0.4336987397400923	0.011263876294438873	0.38413366540685273	-0.12531131051690067	0.05667455798992751	-0.012881308253423214	0.0054718060268471504	-0.41189808406277456	-0.0781431143036431	0.10078191938077764	0.6088514418531092	0.12903913865245628	-0.4529667673151858	-0.7531341131049186	0.04095315489420562	-0.04128114132562258	0.4698795590229198	-0.38891955397932204	0.19598230854893453	-0.6702794663951192	-0.20861285427405468	-0.09494976938666641	0.49532288438787553	-0.5725018888931307	-0.12885691445001446	-0.2768948012128086	-0.07261529183323177	0.7699551032579331	-0.19250756894438115	-0.02088301240504704	-0.03265574997937114	-0.14273246009174295	0.009017869927797168	0.6186741208249102	-0.5350632450160244	0.4004677847473593	-0.22764735729655433	0.49394912859613277	0.14818308519811843	0.8846418140061151	0.5941524738640277	-0.389670609332293	-0.2225400906121077	-0.13758899211075595	0.0038962209318529153	-0.5745365924442197	-0.43140830086729526	0.5134662973999551	-0.7270381088278146	0.6137655666177797	0.3750342255012799	-0.10062811739301734	0.2668727862336579	-0.36816990822034074	-0.46634833290650346	-0.26827564815647337	0.2799641634731587	-0.09435350075184512	-0.2935155687943068	-0.028932062162590907	0.26532837864208547	0.030364084882605495	-0.6719391027703332	0.1392302459896216	0.2640062095969366	-0.16100283741049976	0.10354511676255496	0.26936987613723384	0.21541686089969522	0.10144149814584189	0.28686937355733344	0.056137228340694074	-0.2004584940641887	-0.019860764488922236	-0.008192858233564327	-0.2521883138830332	-0.15989085906728595	0.013565601979784413
DTXSID7032559	8.563787415881253	-3.9677961724374673	1.8136138676330413	-2.1823215613074596	-2.58770688068572	-1.8425970219860113	-3.9054383756903217	-4.286344556285629	2.1544661155007656	-0.8655597675088728	1.1442095943932866	4.515389113140398	-0.9748923605416057	0.7412314871164898	5.0027740573467945	1.2326190407383686	-2.2875651460978803	-1.4185822067434743	-0.6474635252574055	-1.0552398955928937	0.8257134197860508	0.9302667966490348	0.15094761478920432	-1.2470223732337211	-1.6031174174649756	-0.3603639440437142	-0.6388208997703004	1.8098383971750125	-1.5464725050157329	0.9193170653428238	-1.0186819740837099	-0.1399356082159485	-1.2244579928616783	0.5956234616381667	0.11679153489562441	1.2413697857522066	1.1797419674401841	-0.4257662313044009	0.4376565862413156	0.12349147088036933	-0.11930041967202776	1.9552278977240514	-0.03968159182884573	-0.4455906927342136	0.14743341365906398	0.4067555128908535	-0.20291471712942066	-0.28261659040157167	0.1676750979569896	0.4937719307449556	-0.5981092678789034	0.15077076174094453	-0.4247296369281636	-0.2690295051239929	-0.5325664059202324	-0.7438352049755125	-1.3504847877748936	0.9178831435547598	0.06391308770892576	0.8920612688130354	0.6230393008307424	0.28513877020774303	-0.766151451887027	-0.6511381174794532	-1.6771224895351593	-0.5214324872956032	-1.2212623763482313	1.1364821780740963	0.7399828314555063	-0.4979418948105917	-0.16021406995493873	0.6124887414266668	0.04064836176788592	0.32711688126010724	-0.32434833721085987	-1.034041233545293	-0.08207032975627597	0.9734288679229353	0.10242373056008769	0.03188976667618082	-0.10859371920738745	-1.0118495050312752	-0.37981587985862775	0.22370674448640668	-0.050266615092425714	0.21627003540124928	-0.05573021215248146	0.25988822080778917	-0.1730673897113569	0.336879615984593	0.5295966610855131	0.11122747291087783	-0.5585938064376098	-0.49426517682344207	-0.1547720710172069	-0.9585974547632073	-0.4492899855722587	-0.2781536865329474	-0.6256920828522192	-0.039291211356561516
DTXSID2020686	-3.171125715943852	-0.40068594845283273	-5.0151076073677725	-4.292231682999821	-0.7726948457422977	-2.8158997123755802	-6.395028688122257	-0.6116735024842085	-5.863610749080939	5.659304577439699	-3.322176562818961	2.3269650992579853	-2.7987874676017497	2.868334574231382	-1.852295897586586	-1.8611861072571116	1.9535458886866934	-2.5153712689409264	-1.9489358996172366	0.2075459781568435	0.18446345565487707	-3.550540974923124	-1.6808021795116506	0.9620789119568666	1.0426547010355725	2.2124283677152894	-3.6760132195262347	-4.326891702596499	-0.10531541083354054	-3.3079926300973184	4.783382976002184	1.4112592547955352	-2.3366182347422693	1.0135656853250095	-0.8002459596973872	0.5162639525123087	2.9200974917323026	0.2456573158255278	-0.5309976859407392	-0.9466512886480095	-2.0776945226013512	2.9800690163569166	0.7152792149064798	-1.1260105539683984	-0.8637363644747679	0.16886467571191957	1.8883171460518202	-0.6249466922785987	-3.2565984073013863	-0.2653738724575291	0.8746299837708919	-0.7081825971236346	-3.275406516261351	0.01300511274031223	-1.3578205877249268	2.407791587287627	-2.3369966868171543	-1.2130695737394028	0.3258818452162744	-0.811281592847233	0.662821649096935	1.1030744059966093	-0.7307669977534458	0.2843415640250817	-1.2498653723978919	-0.0807139585148347	0.3471256774856191	0.32849997221953386	-0.28463264807069444	1.2068890118683555	1.4031528404514504	-0.07220024800300921	1.3650671428535113	-0.16258852253155504	-0.10290866804016104	0.026984583844451362	-0.9268537964427301	0.11568800623284335	0.6918220580420053	-0.14456746897690487	-0.592824061966463	-0.45262154228394885	0.1252632035024839	1.5491821790537919	-0.5250991696828181	0.44003909442858397	-0.23425940067816411	-0.13414470722249766	-0.14681434880895167	-0.20860148204535897	0.20696248663891603	0.11963572607081475	-0.10205535555988238	0.16455358835945133	-0.6154935984258751	0.3338353375773936	-0.7356144008683472	0.3536421632372385	0.05754759620547526	0.2574613203569541
DTXSID7045316	-1.0807168612236024	2.197736093846665	-0.00012955552049875713	-1.5877429184771985	-1.3882118107531276	-0.12274287682732278	2.415540952972733	1.733064970950281	-0.7006756684029346	-0.1271549365956288	-0.6151628394200299	-1.0323159947181337	0.1860432910633583	0.21555626603695657	1.251156790277649	0.8825427946448139	-3.6112838202895317	-1.0749688000387931	-0.7402359707202331	0.7156098592683972	2.4965749400569783	0.3408565293083098	0.17084744410820502	0.6271071546274092	3.5708549613166474	3.9139517789893525	-0.4984704250835436	-2.6265352997201252	1.2440968578545057	0.8193472196399771	-0.46811394794893163	-2.0936275472766113	-0.7909109674184744	-1.632282039146229	1.005415329341919	-1.2688422386437215	0.5241285540748617	-0.04066404266707343	-0.28727495936260544	0.28026065506751147	0.9663901682713758	-1.1741164415494199	-0.6476220180429755	0.5281732114251115	0.9171130370211128	-1.75250862034182	-1.2826561636498748	-0.7825651162372225	-2.609947492730606	-1.194367380441394	-1.9492549056232917	2.310627639227879	0.19922643208757568	1.3925963210605787	1.8020564780127082	1.3225997912442673	-3.1209342926969814	0.4167492052939089	1.7030059326591276	-3.2115274558174103	1.4049708163898444	-0.13961325785027026	2.062566874463071	0.874407782483242	0.8884896572257778	0.0946855665954524	0.15674938057940846	-0.18843184062719473	-0.17864644930437157	1.636613247317542	0.09989311884850309	-0.042664631428696226	-0.6580903694582413	-0.47523840320693794	0.3799781612613607	0.9187832968762217	0.5759320641155254	-1.8483865654916285	-1.3055401851547734	-1.6115325593524967	-0.07718290311786813	-0.6874613658877777	1.799678649105266	0.27388269624102385	-0.20887593009157004	0.49060565893824887	-0.09244182767925702	0.11586091783766778	0.22224852985955412	0.868415629020315	-0.3040826194232079	-1.5237725523438534	-0.584896736397819	0.8198860855108664	-0.9834806099804063	-0.5912638049767693	-0.31293949139804633	-0.09808681978762923	-0.5161222190334886	-0.2279471204268721
DTXSID0047292	-0.268801787202126	1.8357201997787114	-2.621917721132839	-0.2620192018367966	-2.1112016988879794	-2.6252945108702024	0.012343417081801459	4.132384459033023	-0.3050520265061774	-3.716191327066942	-1.4798690945651647	0.793889272299765	-0.8939045586601703	0.26502443673232523	2.6327283508929966	-0.01304136723709051	0.6905234373767498	4.3185177845639835	3.11901879198144	0.591891590445761	-6.274375360300139	-6.7286476802072945	5.929332586892195	3.8630192615445793	6.169897966966366	-1.1882145031914362	-0.9965884413258843	0.03787436839417055	0.2382137752226797	0.3811971744384598	-0.2096694189447672	0.11047607536431156	0.4424306841510714	-0.05657556818714163	-0.231087498992134	-1.0368786419879044	-0.5482415719812921	0.47015179934707596	0.5265110620556097	0.2841048840975874	0.2525628075110356	0.5402960397814418	-0.20822754353279388	0.3622731710056667	-0.7670727542876463	-1.1737510804195135	-0.021839336346234185	1.3341826654976838	-0.45461485174294713	0.46295128902564686	0.39934924515911335	0.36797341035792286	-0.42678212789187714	0.1975329447707261	0.6303379103239535	0.347926896924247	0.20531026749765585	-0.6327163086340305	0.18965674653758302	-0.6986318110285292	0.12195997979502965	0.19340598152794541	-1.1090613940613054	-0.024001076279494334	-0.741980389038494	-0.09769749232533245	0.40895901475190816	-0.23853287842069992	-0.6219853372571881	-0.20204172938204154	0.1606928162266309	0.33882462298969485	-1.042122011955515	1.791427769976221	0.6358178853308941	1.0846510850635604	-0.33781739682429	-0.35439158083637196	-0.2544171029608617	0.5200981663667906	-0.20259875398828694	-1.1803238594811594	0.624980316810171	-0.3366748132777123	-0.5309087647487181	0.49763307028836207	-0.35545246293410715	0.9487059781318729	0.407095930604767	-0.4042076170081943	0.3987519540932575	0.23636526843304204	-0.40365230532418184	-0.8939000765348968	-0.03866486437916772	-0.19972482668134942	-0.669079016962755	0.30420465089048554	-0.689084093088381	-0.3256584094645683
DTXSID00442840	-2.1037784897433323	-2.447304244457551	-6.7216421484491455	1.557576116271428	-1.152994435185944	-1.2517913708512902	-4.818669393916557	-3.7907131198961426	0.7814755848864804	-1.6226003034858791	-2.428018451060982	6.004782373657493	-2.4399124444663305	-2.800538088089197	1.1540730444547975	-2.246977425031044	-1.7862481984031129	-4.723405784888647	0.378513993150936	2.448206714642795	-1.4660797740617546	-1.0648906999379226	-1.2665671943318677	-0.6849389522567741	0.04524603760731657	2.4675871836454117	0.025497874522854395	-0.0692628507875766	-1.708272673199265	-0.7893401148259825	1.40317474919762	0.8437662367870042	-0.2242912867436089	1.7372278208358665	-0.5149406713342903	0.383879063320306	2.9079060954826716	1.5932404474715687	-0.015268446226518472	0.965261718445372	-1.5919515712041488	1.402919372943834	-0.2175321734672691	-1.1929340119597405	0.2826024657921703	0.3380975748850654	-0.8397742704630783	0.6129496019082797	0.25916221019464253	-0.7845460162056751	-2.158327110532596	-1.2710317618708826	0.6575735222190005	-1.541108589587156	-0.7119340325790458	0.6271085011443842	-0.7807567758260181	0.7893362323058465	-0.633881517005752	-0.20836995010818357	0.2589683814017537	0.587820339162656	0.9617007453409856	-0.4972064609927103	0.7006931362192538	0.20945210206828066	0.18346594992699966	1.2670632135615187	-0.004991735015688891	0.9292714172746688	-0.9271762111001655	-0.3725482731633898	0.24189623326013052	0.09810357922182596	-1.3598215170339816	1.12929028933806	0.2675018468892064	-0.7126487236632655	-0.7449633890621105	-0.2078768696301311	0.6878326583027287	-0.34452965642755135	-1.0825090234378678	-0.8284208422292267	0.6357638775426601	0.2777143299826976	-1.0025624087017098	-0.4290362754823394	-0.25491926839525514	-0.4124750585558477	0.34436282254720924	-0.18466371198430176	-1.777755385196387	-0.09976912471873405	1.2409906304822904	0.10743986077164734	-1.5651032623926728	-0.42677951272415554	-0.5470807463624441	-0.4909802502409812
DTXSID8021309	2.29418223831123	-2.325698028843702	0.28022407784489917	0.25116691023578774	-2.618087469192238	1.4991078095961647	2.4086829611164715	0.07814233889631537	-0.26464268088592224	0.15117747457974776	-1.1076607504405922	-0.25434540059612765	3.214506939452216	0.8676125239238792	-1.1929321134150737	0.3908871845040493	-0.10017082244668836	-0.17683820800229086	-0.991719211495198	-1.0990016156498523	2.3568561494640647	0.3196971563731575	1.1262539419783357	2.7814381148641094	-0.08106852043501378	-0.03554851307731245	-0.06319319870348669	-1.5941736322159428	-0.8994493393762788	1.8548810218667957	-0.2966792739041669	-1.4523679801783942	0.042211391760009036	0.15766251112490096	0.6879530008544689	-1.1518769876696913	0.17932299178986816	1.058320901824782	0.19832828436091526	-0.714527633378847	1.4351417625100595	0.269372737184695	-0.9880105757905775	-0.28140219882434486	0.7117931854607163	1.420439720861782	0.10036188799924005	0.4678874731802784	-0.16986338702399337	-0.8070387237175802	0.029470491112862318	-1.736730032286003	0.4497963489218194	2.831292945852782	-0.5642650872840991	0.25181216333722406	-1.523553589373658	1.4138115620196297	0.7841104554696054	-1.227913296730457	-0.19718339096548435	-0.24263571701686512	-0.8882608194297307	-0.3913663987193	1.1945156150857206	1.5506128918727828	-0.6440496648823555	-0.07459503792586145	-0.8415173914072318	0.23943592930467175	-0.24629070268036565	-0.15649616812079786	-0.2833914142655849	0.7353242854789082	-1.7972392752809203	-1.526202626465587	1.3155281993611658	-0.635273523351535	1.420381283931591	-1.1379166772141474	-0.4226717420895252	0.46770886719137134	-0.29785044951355605	0.4848608070039367	1.3094454658533852	0.8822400049655474	0.19222889083057837	1.1573162078620092	-0.030664005637185777	0.44502704108060975	0.7719048242716919	-0.10178389097220274	-0.08547750835299565	-0.03650175905973641	0.6892237361486485	1.3387080537659362	0.16875496929570308	1.023076482887169	-1.4644860840216933	-0.5732968520632119
DTXSID9021215	-6.060502942967692	0.23838451231517993	-3.4603666946764946	3.066146590662097	-3.5650369199964116	0.34012383884030994	2.2341231722261097	1.2174134917921058	0.7378665233976994	-2.6774177318956616	-1.84083763137996	0.6206236583605729	2.101038865553564	0.65457851585663	-0.19567227518846958	0.6934513408447794	0.14710585201045653	0.02565661351057375	-0.03478975219991058	-0.85282724341041	-0.4355325915897853	1.1563688193275363	-0.1637533380503479	-1.3046261147477436	0.24110693486298257	-2.1641611584399043	0.3727983640634756	-1.8030791145241645	-0.9621474100886468	0.03396611029346877	-0.5474985604932335	-0.24243801783513647	2.5399563971928174	-0.4769897768275935	-0.06349246521604067	-2.25789468075767	1.2107390655962835	0.8294394043704454	-1.3194368752360055	-0.790278666673402	-0.39782416436256535	0.1644539590585091	-0.8722906656909694	1.856183202933395	-1.8367817149141437	-0.8427710597789071	2.304994999048489	-0.2594444043337959	-0.3785272597662442	0.3582255239647965	1.0592002084180447	1.65462845520312	0.45280953005335606	-1.718895226300492	3.1107979957107066	1.6572335681687402	1.0123155359451643	-0.7669047009316344	-1.1551911733711604	-0.032809460334058065	0.7183857752991393	-1.8793853571447516	-1.5762444126751645	0.32960447833181183	0.40741655410885813	-1.0783806050312148	1.0626720524614708	-0.4598667327483979	-1.1913475047282993	-0.03945337417534444	-0.20442774552092774	0.10496787912914947	0.26647386240429344	0.653703696045525	0.19348942490266982	0.9102946324101089	-0.3963437738384346	0.15569355692242687	0.33088018736224445	-0.57048631484285	0.16856885592779444	0.40710810721894536	-0.28118906279544886	0.9373487533562178	-0.38596458259352945	-0.042796078503067485	1.4834948070342209	0.10761872302380782	0.8295957344700967	0.3201430864891133	0.2860463833400681	-0.0062857912986854034	-0.29499625279458425	-0.053898514087419774	0.15637953777369645	-0.06751745348829062	-0.2738307077454568	-0.3399910745016048	0.6652909092621396	0.039843191910268284
DTXSID7021493	-0.4000772063587543	4.69370846838115	-0.7032476314287089	1.1710362611780665	0.16939629507510123	1.3022039412429725	-0.9851162490191807	-2.3124298420113156	0.4393919657835715	-0.08772969311640942	0.03413895693082233	0.6986339664126027	2.6562303390280344	0.9321446695070216	-1.9541277436913667	0.5302148584579662	-0.7562806251116725	2.7667024997617355	-2.670447166815248	-0.15696834020975706	-1.1629892743279089	-2.233501671184391	-1.6387274612885052	-1.371888794334527	0.23493376336565602	0.8846456388876544	2.277421114933779	1.2708038865762143	0.7107588899365601	0.52935569959407	0.41536048288048205	1.8873831100124498	-0.9967302475913089	0.2836987501409991	0.5173742715714869	0.7498831315443385	-0.4242891852085002	-0.2912337652529224	-0.9404522951828387	1.7502995984922942	0.3031677635914042	1.3365933421014344	0.1445868763620161	-0.8035325385121133	-0.16195137734161358	-0.10684762709627978	1.4109547706783585	0.2105075089469648	-2.3479768114362423	-1.8361460615535987	0.4413955136263258	0.5765007599718638	-0.16417286165874695	-0.7534847016095161	0.8661451991945256	-2.007642126792753	0.5535547150739886	-0.09197468869219678	-1.3507019960077555	0.3912139664499315	0.4190250276116359	0.24752096756542463	0.5500634930255268	0.08425072360324158	-0.19428483251450515	0.7457315264273373	0.7139990457799049	0.36937362586815486	-0.5858884394392068	0.11951050142975939	-0.0996678745464649	0.5873200329192679	-0.1487135829971631	-0.42862034656137343	-0.2729845094939738	-0.05014065372873159	-0.5108511663480312	-0.12679086107037424	-0.4731968628881141	-0.3077252749527139	-0.6351813506049587	0.36090024346061267	-0.2019822938432213	-0.43352147685270587	-0.16633877133092356	-0.18475429782111294	-0.16196715860075797	-0.0678172470786485	-0.06093407748294511	-0.5169423032712127	-0.25181639458927296	-0.08407992158184005	-0.2797537632686088	-1.104960838496715	-0.0014524639849208213	0.3089945322078818	0.7017341656305363	0.11409531607940208	-0.0656645936166695	-0.30292669925743776
DTXSID1020439	-7.039889281192551	-0.276500143639523	-0.018479562785957256	0.7061631104877089	-1.2285441046934074	-2.2498414192912373	-0.3222308540737803	-1.2778691257340098	-1.9832600680956736	1.918925091973882	-0.0733229199502185	-0.6321165539395556	-0.15451591681152468	0.8127807791036481	-0.16446267995064726	0.11495884389933177	0.7269394892789695	0.2798274624097792	0.7678606790403503	0.016759997041596055	0.17078081578600754	0.6222956233335986	-0.2004002843962163	0.44691316562966027	-0.4466577522671985	0.16639950199069412	0.4529243423282211	-0.27845582449662776	-0.0451629594197714	0.005049216486574499	0.32332493060895046	0.33459525633012477	0.3556829611830743	-0.30076065989158834	-0.19682846630403694	-0.21539303905664967	-0.5924334951676378	-0.08174190508463153	0.4656981450453034	0.17920771994376897	0.22619558591183414	-0.09191902650606537	-0.08026687878339041	0.09004502931955397	0.31131283193308384	-0.3741672061520166	-0.10809963462617225	-0.06263684943350571	0.32296335389136505	-0.17622334785507854	-0.36535317398855044	-0.16796370421334403	0.315587028279104	0.6699991827432855	0.26921239789996987	-0.12200089962698954	0.15352998287481365	-0.013510190701491445	-0.4640133003243406	0.15498930492955612	0.25040214730785043	0.10002614472991012	0.26866863820992143	-0.5418723468696283	0.2982872978105179	-0.15837520607748937	0.2622466382407266	-0.2222036009147894	-0.16290153857461684	0.09487353636777182	-0.011642252630270394	-0.21479878211057013	0.09245513544520298	0.14653293807636847	0.36752365870761594	0.1597549471324618	0.3054942206319144	0.12682339862761569	-0.17403247725904283	-0.057942853271599905	0.1268180569346767	0.07246700036167451	-0.35240864861360083	0.06699469101105908	-0.10701514964739789	0.024469844138925778	0.18441374134390615	-0.06787545448509537	-0.08513062892628571	0.16993354503611088	0.02793237651661979	-0.18135233985128638	0.20024958019536404	0.2676450418894742	-0.022181409397825	-0.051266864619574	0.13592828474218094	-0.13426516323192186	0.013965202790676952	-0.08280957497617097
DTXSID8046799	-6.31389416909422	-0.6260960016096658	-2.7267763515621137	1.1838318189190873	-3.765843212994916	-4.133467460995933	1.4310538850873429	1.6907196764348429	-1.12228638867927	-1.6978759491969857	-1.775662354444905	-0.3934828122719837	0.4773961865709333	0.470443864981492	3.6949289714393285	-0.07333962123159127	0.5518519424263179	4.784822853538319	3.3160705141990925	-0.4388472855410432	-5.636086754047785	-5.7439963121055895	4.882219361026106	3.41826789916673	7.701414006563623	0.06625142537116116	1.2979118116789587	0.044020712320584146	-0.1069760172760047	0.6370588307879658	-0.4947441649043146	0.7109408195346553	0.42467818230151927	-1.5552219298985914	0.09880078020034685	-1.1738957047987735	-0.8329508565454314	1.2678657328931717	0.19510306022575855	0.6763723379206531	2.0636993796692384	0.8075554184752528	-2.1462601126353027	2.5662041621491536	-0.5287352651980327	0.26853599919346915	-1.834208146441208	3.6910901608752265	2.6166652383653557	0.7689279502396107	0.5833482629977202	0.3586766337303153	-2.185227786440831	-1.5596192017717776	-0.6026884939778653	0.5388179997219148	1.2157936991226006	1.1859246505082859	-2.133205155307841	0.8266508529406055	-0.3608296420866161	0.5506701716380682	0.045591405257152266	0.019694361327080613	0.052244429056161154	-0.179537479326572	-0.0790697183684265	0.2562942025238458	0.2652717651258617	0.7765563246858892	0.8666315526278401	0.21587361209320513	-0.04107755376763205	0.4197910635805099	0.9606932226620947	-0.45397907829209067	-0.10439231398183359	0.5330967906773542	0.03357347714001576	-0.1604017186106466	-0.8058211455241485	-0.2921340267108031	-0.5362706012618467	0.10285880279429892	-0.6136482339875874	0.19480605526780037	0.43557414294608415	0.8890464339138106	-0.6378838094334796	0.19766387467627375	0.20063092734501076	-0.23693265356588386	0.546936581336006	0.22745621743756803	0.5267169744567011	-0.27645693748607336	0.000972207572709248	-0.01016145569691678	-0.2756502309597983	0.15884671268788428
DTXSID4044585	6.909213735492591	-5.289727544108044	-4.9422051280324775	5.679034034918178	-4.697245848426839	4.407550636428523	4.279273412764664	-0.6505498458900879	3.7764536925635634	2.0365025709545765	-4.176122707365924	-4.678899949509155	-0.5331899760584413	-4.526775665679129	1.4088048086271339	-0.048787942548626936	0.015731880462706942	3.029202576447875	1.810904165516982	1.8698373380546354	1.5081281025067255	4.3698425291309695	2.0942881108762634	-1.6352316588084577	2.4399986612820936	-2.5526607992918917	2.2906486241248314	0.22397258049013619	0.7868670181346079	-1.1969361005076897	3.1210885989274146	1.4447363691382686	-2.7237248920015067	-0.02155746004449277	0.7093334375422186	2.7472220029534493	0.13628062863673912	-1.2432857386501386	1.4110684364310382	-2.536638291562511	0.4028095540548129	1.0721843945107	1.2427395761617213	-1.3153583760820955	-0.1314371368747414	-0.5682977930430072	1.94879904207022	2.762914879864524	-1.4115688938870794	1.0949791576510892	1.4023523185399491	2.283130644354462	1.3541231618604044	-1.6496272166049841	-0.32278460145304483	2.440088310337002	-0.9104994846748655	-3.951841717283405	0.9220707419002152	2.2166920701851374	0.5323443408044694	-0.24994851138860638	-2.3814301358363132	1.8534927952682692	2.419284349097953	6.40564669011636	-3.0088717843029853	6.59089434182298	-1.242125860309259	-2.89374680423975	0.907396415081241	5.254912935577953	1.3015471366839877	-2.5281758420201914	1.4889138735970668	4.381666758105748	-1.137361298871323	-3.230855637645748	-3.291854806707772	1.0108230815523838	-0.6415381751283334	-4.490158659910527	-2.8496053893892785	-2.344417233194021	2.2754312862445976	1.7893176870185605	0.7333120605481753	1.414916095413651	1.13322355766812	-0.4548126434840294	0.7521862277166265	2.414394078205963	-0.6001025836873088	1.0272067696429175	-1.1134885809849753	0.7156619980803656	0.3235719692232436	-0.06745400071233283	2.4677358793259008	-0.6015262328535951
DTXSID1044720	-7.639161855893109	0.7945870657313697	-1.0481846434818962	0.6010494726394278	-2.7468505429964885	-0.026813440300156432	1.203862426601709	3.3760049126529355	0.893741479431013	-1.227545464592295	-0.3554244520067395	1.0368683198126174	0.8702526652781811	1.3210203264151494	-0.6675666920133569	-0.026153225190619685	-0.8770139661658833	0.4635453333131245	1.7014526857733598	0.09967872587048313	-0.13181854096838336	1.2220495148729313	-2.0571800885458438	-0.3804983324861197	2.064277102897932	0.9834044346464397	1.6904965815275712	-0.6349234658521109	0.16788237770354364	-0.3091797183403847	-1.1814645028773314	0.46872756432691803	0.20570505357939736	-1.18227744571701	-0.4576022432275656	0.017443023354072388	-0.43732335325468247	0.6823890374903717	-1.0091705639326096	0.332432326202167	0.7296114254607599	-0.6926101895107927	-1.795182505040749	2.7145771931186538	-0.24978013150069425	1.5412821883355443	-1.4568906593630073	2.672063964610028	1.5270978638570838	0.5145228698605768	1.1085969054779292	0.14097703393596112	-1.0427076613688366	-1.779542302304477	-1.6872642775475235	1.4387301464795061	0.7540457246545942	0.7241714420464561	-1.1635168235385538	1.3325917363304958	-0.6643091908743298	0.5485989435326106	-0.16134030448309086	0.5906054022656135	-0.18134920500139542	-0.3783139862948129	-1.4055412566787475	0.38604221922650905	0.0822624011929221	0.7317137586642483	0.4499025097448236	0.9347699860398231	-0.08422745725025634	-0.3303117951329295	0.014594956137819685	-0.7421798259070218	-1.0082307008955904	0.458937736334782	0.17513795190693873	-0.4227497814669294	-0.6181613634131017	0.13318842394735295	0.1273043542958965	0.20110149988260417	-0.9636695883659309	-0.33784519667580243	-0.39690978033497304	0.3057472702652754	0.02702389396151473	-0.33093839134550074	0.051775613250860796	-0.324870981115182	-0.042481706915001444	0.08440702899020608	0.32934009225705685	0.12999683501374165	0.26964552013988663	-0.12659124796154542	-0.13711671494585476	0.04221639424759253
DTXSID3022871	8.060216740931482	0.4035509174429956	-2.11723215653391	0.7915930868675707	-4.076342030737767	0.19325439123732363	-1.7328549037049001	4.0402515190545945	-1.2353517750407745	-3.4044815296675095	-0.8538333454200081	0.43778873649983396	-6.43013255064928	-6.590003872259563	-3.542875490356944	-6.875383565702623	-5.572712103598515	6.7470452598206	1.7702668597977682	1.1284580402165283	4.8849419622828085	11.33375845722863	6.367015352780812	-2.027670983004574	2.961695201630384	-4.66458114935253	1.7063725196874726	-3.834246865847705	-6.1328376660280695	-0.07486902025148275	4.6132000091820995	7.447642725849499	-5.790512142792781	-0.58733451837617	-0.5508910433471189	2.087214018142367	3.5636933877018673	-1.718114727863668	6.525713577792267	2.3676024187197764	-2.4747153003423104	1.6458028390863495	0.22249943720257845	-1.13467634991174	-1.8704464071151221	-5.293128461923458	-2.240205137009634	1.7346826347808657	-1.8901808392531638	-2.016293443768933	1.8080713551679544	-0.2287307608464141	-2.3127576055228847	3.467090282576666	-0.35330039735428703	0.4342736436644815	3.2176944317718066	2.827799206449556	-3.9779132735480927	-3.9604682491524317	5.388801573114548	3.3536529740039254	2.299343442515317	2.434181051715605	4.522738815787799	2.5831780072487986	0.4907172544430627	-5.838086629936118	5.283434600701609	0.728685767070003	-1.1531856733450478	-5.983229310560834	-10.298849721603922	8.510467253875122	-5.645092387826066	-5.575604065826812	4.281666384570687	5.4704675643838465	1.8697903090571948	0.15322571822177702	-0.3645959968704555	1.6125511455535686	0.9406620037178471	7.690216209455814	-6.438183572713779	-9.27905518702448	-2.8526901323669422	-4.544953746611554	0.6749736222005438	-2.4750063907722555	2.1384880313894326	-2.7312258675064056	-0.06808839978646312	-0.7872593848920961	1.2370048888800969	-1.805643768148745	-0.9038567964263845	-2.4805689244241167	-2.3521664366981883	-0.9235172178133342
DTXSID8027036	-6.797612246841009	3.3835448130479238	-2.5373791085144193	3.3811852353863143	0.9721226249530455	-1.3544897304799932	0.2732551150736983	0.4959764807583719	-0.8575247707171666	0.10967075889744578	-1.1602009986730193	1.9692384816389321	1.5107684715963299	-0.057000710344137444	-1.5643376193541896	0.9093636815405787	0.6694005653888635	0.10251014951749994	-0.721835080722943	-1.224409076820803	-0.8592793816503453	1.064762135822279	1.0770693370325104	0.6648958645125628	-1.0465340050600982	0.6825513074578905	-1.1427404189734494	-0.7977177952302492	-0.0574694640756061	-0.646767323044526	1.1610102030921527	-0.037432199966253986	-0.4445502835942219	0.27144986001943244	0.9292803376497397	0.3424404669762075	0.0678673126692808	0.502266919920195	-0.2470729152289161	-1.4129633384496953	0.8230964738386938	-0.23044591314522064	-0.3124163723177136	-0.3408393957863831	0.8490170161595537	0.6026515257171673	-1.0367050161385196	1.2077642865463447	0.9905211697329636	0.10105547129729693	-0.7331405831336628	-0.5623205296287261	-0.5700458173026385	-1.0710771456367103	-0.845048431737545	-1.3473895393156587	-1.1911519142983158	0.06204450255368444	0.01236285221867271	0.7197409410571927	-0.7283186492044227	-1.001733600352724	-0.2300961764814795	-0.45742849833273075	0.7431089591952302	0.7784105484002335	1.112695547824405	0.1323223673076748	1.295730547452967	0.6122405671499511	-0.8016043730982544	-1.1802713517340906	0.7836395345205149	0.017004706282010663	-1.0534273266175271	0.6949974060809126	1.045509932658863	-1.4230725894830856	-0.8765222047878649	-0.6242258836118572	-0.8961440721408539	-0.2962134392666681	0.8613299053386207	0.10914103209802344	-0.33431018652697836	-0.7469588352102995	-0.7001830502720437	0.15819155337191812	-0.004961727416362	0.38399272415552677	0.8326919756317716	1.1686481920382308	0.731249166168284	-0.4730749168077596	-0.09636662479365658	0.7935963522520346	-0.5951923728075447	-0.08912505619287717	-0.23107192040249344	0.7743478814904957
DTXSID5020865	-2.524558316465547	-3.283493805877602	2.373948840244259	-1.1549103068219162	-0.2739906283729382	3.073234362243997	-3.618742643742326	4.268188692478653	-1.0531055891140888	2.376983984453351	-0.7481224787716033	1.654153222112973	-1.390414288046694	3.0550703099182135	-2.2820989514296754	0.9946545307892677	0.16814455301750883	1.4365012435491196	0.12123290145890449	-0.03229662869214379	-0.25102028417661515	0.9991619861357899	0.2583312010480575	0.8468165188622397	-0.23302908067901607	-0.5100076283217032	0.19221929613108119	0.1294194588378291	0.27463349697760914	0.7447914071026227	-0.8650860899242022	-0.5089324675099468	0.029173593988028167	-0.08031934827619144	0.28948905108922723	-0.5025718000382989	-0.2908478476514854	0.02371265119064256	-0.22771986086472756	0.1679407949689118	-0.17207052806170742	-0.7881286787433646	0.5482064969626366	-0.39851208350976924	-0.01323564992252135	-0.12610497194602	-0.05054354277378649	0.33376290996584146	0.5523649377803578	-0.15695736505283084	-0.8467828891443331	-1.1013853290472295	1.061730862300069	0.26488677010815675	0.3462810200445984	0.578593213924949	0.47365661390345754	0.661121531025336	-0.05116193544182237	-0.38604293481377716	-0.10164657705115901	0.06780567462944875	0.2073210098501467	-0.11399358380969152	-0.49639895703518977	0.359104733844315	0.326477992926573	-0.1257086749362023	-0.8541597782978737	0.053810619324100493	0.10573007431286283	0.06719514369009086	-0.7047235760724729	0.22852096362043686	0.21702144877434967	-0.2619345598151134	-0.2592566077074497	0.03144894521165701	0.3334976252250081	0.3980634744088278	-0.34646039812686236	-0.31068191332336165	0.3086844461989973	0.1119064442152944	0.18504478148539058	0.2771305265788034	-0.21847852361630007	-0.24491075090958475	0.026130643492078783	-0.5018711869026338	-0.05731322250127808	-0.13352416477832482	0.06724244935127124	-0.18744317795795434	-0.15761489365793518	0.06931917512966189	0.22363402014594186	0.1824454294913548	-0.005605760540245306	-0.048315930137229866
DTXSID0040757	5.398254757238809	1.7050728690858796	-1.9078783674130149	-0.915703056032526	-2.013349706988902	4.126079613296792	2.6822864623411133	-0.9273876531095147	-1.2237832474799146	-0.9132748360441407	0.5970112722513774	-2.5744292854135487	-1.45481162502861	-0.6594145604721887	0.09907116725007462	1.064152482907945	-0.9472237501040667	-0.47043386256831043	-0.8454199888842414	-0.845718778070949	-0.5840088374990504	-1.69557903726115	-0.9826901009773655	-1.4555620216147163	0.49327502307556664	-1.0245993764790866	-1.0426289487447906	-0.7259010084588743	0.7774977067633922	0.5378602504356887	0.5026656295579035	-2.308276685047484	-1.1683180787326832	-1.392395246323543	0.28965276800291956	-0.10240074399147622	0.9252501500918852	-0.30128077017217714	0.8433226503406508	-0.0028641829849126643	0.11177781123798497	0.17919862797227645	0.4922177288610422	0.19791800714305405	-0.5614103763442266	-2.350195685309919	-0.8308648772828934	-0.5913098088558533	1.2106121198715687	0.21639682730207163	-0.5649161699196315	-1.1764754272662508	-0.3590840534156477	1.1029984022270367	-0.48321629731008825	0.4994437574497423	1.2501613280509396	1.2841523809488022	-0.5235138112863937	1.3031271850982027	-0.11115969952730911	0.2247331831039416	-0.8837903569324381	0.009239637114572284	-0.16089904503237726	1.2766176583633297	1.3440156398311462	-0.4901259022226972	-0.7264300816300501	-2.1393543703032347	0.6590320158195534	0.36125693762988603	-0.4815115829882678	0.7283743811401949	-0.12794529028056562	-0.3061338749440618	-0.8364287789251493	-0.7999076760191197	0.09953755591777509	0.42656855943573785	2.0823041646495555	-1.674226407133626	-0.14724641250940348	-0.67320083134924	0.4183723838537123	-0.049707052843110326	0.8893235513059703	-0.08362639545257224	0.3834602325285214	-0.1935124823583818	0.1841788571537844	-0.13196123186808228	-0.1372159137726625	-0.4407609157413592	0.356958323551531	0.2095590244868039	0.43972317272330247	-0.06859770545003889	0.6502841975620061	-0.04886035789418077
DTXSID7025138	-5.643994844983844	0.11578345246856753	-0.350099338259553	0.36451971241022174	-0.9788378023921659	1.181328805534355	0.9401688952038089	0.8572768503605059	0.9883860325528571	-0.17178424186721108	0.08302300193590738	0.7082789932507572	1.7323696252621883	0.272052031892122	0.0828126417914313	-0.5685223857619198	0.3973289948442674	-1.1730468631397353	0.16277332877876508	-0.464913715734784	0.35674324102496197	-0.2481826195179935	-0.4774638218222083	0.6643933249284796	0.25984204151242335	0.10558615842910926	-0.14224803201507494	1.037012344057351	-0.018902621367555415	-0.33545496490248966	-0.027055575994297566	0.4234459590442558	-0.7705955934529602	0.9501096517943	-0.09282936938540985	-0.1140856321586934	-0.09586319780938991	0.4231961274575664	-0.10964706528497292	0.07999655149806498	0.0566344279503283	0.6842073945149384	-0.3766705110137793	-0.6173755187742515	0.5254128884803384	0.45300990460309615	-0.2015028371155204	0.2608569297275848	-0.7552801660442013	0.322391378932447	0.8367949439105957	-0.12672354159865754	0.38236904050279086	0.18551840180461285	-0.0005441488379151315	0.07236008455169171	-0.6093660859326232	0.09162873699132792	0.38099529305544433	0.24554935902601938	0.05092875922529694	-0.79786896653167	0.24687423708575632	0.23475562757039264	0.9986115616724709	0.13968647600250422	-0.0380037790063916	-0.37721183121920726	0.09314961536736928	-0.03964564574189385	-0.3198305101021756	0.42858023674302503	0.9368556474143792	-0.04715275678660642	0.3509392348928141	-0.08247336101464268	1.0427468214465188	1.007629527183833	-0.4707761066253953	0.2616208059533944	-0.47101473120903886	0.0706802471707298	0.8318212699770289	0.048395384843249824	-0.32405665232849046	-0.3253095015892152	-0.1987664611913175	0.08428587827913854	-0.49868050831891714	-0.010357054129902284	-0.023923329899257093	-0.23071780819444485	-0.05873311968594167	-0.19742835535883477	-0.36712893681990666	0.13011969536133403	0.3036844692947705	-0.12662013987505286	0.11295281729700049	-0.2425383223580271
DTXSID1040114	-6.366930091022982	2.581052190176724	-2.970093994876649	1.5710694624116894	-0.3490669347710304	1.2387263122919767	1.2750987902943882	-0.49652181365091336	-0.46272236360128083	-1.4284126335791385	0.3749903105394652	-0.12478426595206493	1.0754806076832795	-0.38055540693196754	0.22800029356009174	-0.3772774642743833	-0.8477116944672789	1.0116660602916554	-0.15747530998798798	-0.2233614813592629	-0.47492016751903054	-0.780845734362928	-0.7311924335018469	-0.17530561823993937	-0.9491634533335177	-0.10937635655636814	0.9675193675427163	-0.2112639265481605	-0.2682703307733793	0.1321722624832396	0.26892236191283275	0.23667058776631783	-0.0869345134151519	-0.2504209343089206	-0.03189149407958469	0.11919872838897523	0.5436686587128027	0.24065896419422939	0.19180619689537687	-0.40692407373781425	0.20902173484368636	0.018573248034666725	-0.3771345072793646	0.20145171476635224	0.20295569431922422	-0.5181800997176523	0.4008004150166248	-0.046915388115544306	0.5320015467431645	0.3865079162159784	-0.21511100042673695	-0.2047423200944415	-0.7380827795884033	0.19409942258204654	-0.4125791019842815	-0.8117515143027	-0.8525540542357193	-0.6148660220493675	-0.884632145572387	-0.5093487157683451	-0.1112635479355395	0.15325847053943426	-0.4886142800796692	0.11138347919326448	-0.4889244196943535	-0.3678978195492121	-0.081628496126005	-0.08287773186139284	0.6592358661548224	0.6576708210399771	-0.4289126053267494	0.2279143687112675	-0.23071633772005715	-0.3298700202176152	0.35975371716031856	-0.034638737194910035	-0.05823252497528909	0.11416470335747662	-1.1924189735867967	-0.3444302824694277	0.06395275278981337	0.09491404522226346	-0.21204835038984526	-0.0495514601761156	0.14601233819044662	-0.3498037421994499	0.3024323056105602	-0.6833848864717089	0.019990548094730706	-0.5893371867900372	-0.2719912576511169	0.35865335068564713	-0.23373747439696563	0.4388818573414587	-0.5291601241854664	0.3214783379248177	0.512702099513519	0.31501949136429935	0.15921380853802056	0.30713179749515407
DTXSID3041085	8.916213236258745	-3.8962350532185623	-1.9926976483837189	3.507089256583693	-0.6035387282014233	-1.5661832285756	8.732013624500448	2.938148678073653	-0.8549276677269405	0.7717602956825265	-2.0424632352534555	1.7091960473033987	2.178759343438667	3.710062004419123	-0.6614894876276276	-1.7726436167850983	-1.7418473112400066	-2.282234547730682	5.534563527981729	1.5453655175206302	1.7133330995002538	-1.1565756443153168	-0.45845713732956256	-0.891039525316596	1.1612991186760195	1.071558699429949	2.2881889795640546	1.9679591938206447	1.067429401975843	0.11042696537379514	-0.7418589425532541	0.973946976953518	-3.042928396994465	4.101173562069737	1.9303628371322097	0.6581307130387062	6.411016583340945	-0.45582892051550633	-3.4689597067252604	-0.5678828208345826	0.37390679840485497	-2.1257267543996208	-1.7302320601849754	4.850037734626461	-0.943950119699657	3.4983287806581274	-3.156388623873808	4.051800826024336	1.8620702867799463	-3.0738784915093076	3.6573911670568964	-1.6190446894488228	-4.001415765888941	2.7494738270590444	0.7531131106390321	-0.6003122187985361	2.0676474331989976	-1.109081558942026	-1.1872737358166103	-0.29484703977367294	-0.5514313907282119	0.2628053234748655	-0.2569838735812974	-1.694261401524477	2.9749671735262786	-0.38804074091197777	-1.3509860008608137	-1.299774361658681	-3.4660631824593535	0.9320392700405058	0.1883776429671129	0.7774666061189606	-1.810895880347214	-1.5826027667091316	-0.8571377666387718	-0.9661908522923387	-2.599100369007961	1.1323622549251398	2.1643810627781286	-1.1721698801942357	1.1089817120072103	-0.6926968156109929	3.2367495789938903	-3.7321013783539407	-3.3036369613910237	2.6793851733385776	-0.8428164252645637	-0.791987854350163	-0.9011622056429811	-1.6319287894372823	1.096554073855953	-2.5318684355332186	1.6741096366422294	-0.05673708648369137	0.7805181348877318	4.010189056446814	0.5861233137582126	0.0958457615850019	-1.3985949613499296	1.4772979682861285
DTXSID3024100	1.9753386287059338	-1.9070361730652072	-3.486522646602362	1.9876207960075025	1.670812143416463	1.867338490457358	0.05017095865662843	-4.59933485660883	2.045205356122392	-0.6043333794359098	3.6781781124431046	2.0405839675112776	1.7395859748184233	1.929984895271597	-1.8444288661467423	-0.523238021075532	0.5678008404186161	1.2548796943358151	-1.5017120642713708	2.878977353776388	-0.8532957894336263	1.2014672294959592	1.4017525893247136	-1.0809741583499994	2.108315076218595	0.024489772909505745	-0.7675392984895094	0.25210704773136794	0.21804580698684736	-2.1629682194782394	-0.8657338116046857	0.7925529441957793	0.3235248806252026	1.7061007000541724	-0.14503899762322592	-1.267032290792467	0.540964210446911	-0.09161952207991109	0.9720831067250404	-1.4775466718393389	0.5299162958659477	-1.0267517010594205	-0.282094501371357	-0.9514721917503114	1.2471691367885807	-0.4103915632141916	-0.04725084216718002	0.06037063102733359	0.005873428914448839	2.304611523159408	0.2617912224881147	1.5941838150135594	-0.5095222766233636	-0.5212627735745383	0.23665161356706266	0.1801375390820294	-0.7973433591672445	0.8551160286937136	-0.02518427586222478	0.7266353822248023	-0.08966605995545023	0.6736826455020717	-0.28543328075946733	-0.20100292437902953	-1.2793839291984006	-0.5881830401645382	0.2415238150887393	-0.9618384787031198	0.18463980257543172	-0.23400501420681893	-1.2909507619723541	0.813631629632708	0.6602843530678555	0.026463473850224992	-0.27274028901258246	-0.8565038659292382	-0.6672902226674398	-1.2950867013636578	1.1170913539918117	0.06720345161812091	-0.3348193013051943	0.9304488824546914	0.796336963383944	0.15123018177096162	-0.8797977740354668	0.4612317838638316	-0.21182788993826293	-0.2314368133898157	-0.16898013323798133	0.2507488515418435	0.09172684369825695	-0.08473523788746502	-0.7168949442131911	0.19504350959808003	0.08335927595444544	-0.0669578635785685	-0.5020835713940962	0.10843922900050754	0.048919172570802756	0.21850191902447805
DTXSID2041418	-6.397464083980149	2.7161864815103764	-2.208852545193683	2.645815335358502	1.6856865300270294	-0.27024376102771447	0.21596840745440735	-1.3818198487631856	-0.18499431171694894	-3.0935285430287256	-1.6451148779790419	-1.2117681098632263	0.5760102664873397	4.520974824934702	-0.2118873827419034	-1.3566473826619556	-1.4247640974954372	-0.2658321185409798	2.513391302529659	0.5369475480947686	0.08515644595772359	-0.5318696283195795	0.2935426342377894	-0.8467272544537016	-1.0972475130069024	0.17114243788490124	0.1994879970975215	0.05254456196294431	-0.13875693115880047	-1.1897561632071907	0.9011539692514384	0.34661187318927994	-1.1347654306795525	-0.055569491997800716	-0.05495092843280895	0.7810436555812613	0.2328015500211003	1.6642157413050145	-0.7144161037198705	0.04885879089724389	0.30588630235162867	0.4815874598479432	-0.4096668639104567	-0.7042329287016449	0.5281693396648807	-0.46054376907170175	-0.2906702059054519	-0.33281246950377574	0.028887933651114073	-0.05165598865266154	-0.8795063784947125	-0.7938463257760602	-0.320722459429414	-0.7066471705575662	-0.5724507805507222	0.06102485681044699	0.3000118078201727	-0.6277557758693975	-1.0956388284304177	-0.11220974148403451	-0.3036231857441477	-1.0407726449163486	0.06343937768295799	0.518117731801805	0.13160013312090313	0.36514054210063085	-0.34315059584842234	0.0867797847451242	0.5579236352955548	-0.0555932812223315	-0.4245021482157421	-0.2327905059638522	-0.15264510683345256	-0.20587671567737148	0.0547288977569016	0.5288482469242686	0.7157108548792368	-0.2837222494370915	-0.25362698346554946	-0.2501269801936263	0.0315531181741774	0.12561925662597803	0.7999775628783193	-0.20520530250109578	-0.04653411617725825	-0.03533428943258401	0.3864904558599034	0.06261303425357133	-0.4124646660233096	0.1683361180427076	-0.030843914939297626	0.3501437391994136	0.14734661216629696	-0.10162987420028423	-0.0821637043016212	0.4048360352889815	0.06736987563387263	-0.083105010364693	-0.1036847672739802	-0.033981762294579825
DTXSID9040001	-3.4160000455958657	-1.1110688476033936	-1.0151375646318463	3.7509629966685107	0.7716840473906575	0.2220759691247732	0.5148983130941732	-3.08359871772484	0.061418304556213166	-2.933437380327193	0.24183378329008767	-1.0831795409003102	1.8092789550485264	4.45464124743941	-0.970389048354483	-1.1362185115761865	0.44099389068927697	-0.6307731855554749	2.351261187491814	2.1035004424249815	0.933667345030587	0.7770716121200996	2.4809111289712646	-0.17849303687019558	-0.03530827943807633	0.4294214212119388	-1.5751084027864835	2.9298136921854327	1.9197625606156716	-1.9973870974271344	0.5165244504339298	0.905428430330367	-2.2799286127449894	4.043013851117215	2.457503418409178	0.05035642048979914	6.444544528495384	-1.5142583957924305	-2.716128913263414	-1.3353316804961841	-0.8694609046738366	-3.135051594043361	-0.04629781415736567	4.0639292347882225	-0.8704061042739556	0.4020489201608779	-2.1104834498093528	0.7389488580575926	1.1751527795667849	-0.9921475894574691	1.5950364355001738	-0.20806070715518557	-2.54541153066802	2.275759126375795	2.9960908557140646	-2.1844924048955523	0.9202999727597373	-0.27461679203906236	0.16207795587545162	0.14854498785701323	-0.2561314177076886	1.2865558083094633	1.6296465668915436	0.1769678152682297	0.49490331386693115	0.022302407727239647	0.26962046951374613	-0.786393094040017	-0.8184896132340443	0.7450250320435983	-0.91720945819362	0.720071518442637	0.45784611892792154	0.46329989464381927	-0.12569189444870604	0.011225941310471478	-1.1013924222147675	-0.37661994178629205	0.297618452450442	0.23536575572031837	-0.26615367100231	-0.13092612629459283	0.13610526550510507	0.11414547359129894	0.03696760596875347	0.9022641476487028	0.6840643969409199	-0.16174132719901108	0.5702344250858294	-0.06406800028547598	-0.08729699046427057	-0.2529684936177174	-0.16858917624166692	0.5456868890952239	-0.6986044279036212	0.640657314522105	0.35855041691835443	0.336091575999618	-0.1935265566789461	-0.22842626033331606
DTXSID6021907	-9.461512498457449	1.2312938884664326	-2.1170047317840175	1.0927706162736863	-2.1242397646839284	-3.2410548212535906	-0.014383151502565302	-0.9835372602726532	0.361288118771011	-0.529134001090424	-1.270710660699954	3.9552219395997223	-0.006614557460384566	1.9742241904490179	5.845752927097247	3.7597448511043194	-4.212414006298889	-0.8522222812787241	-2.344979446356972	-2.742355575845179	1.2601911835290143	1.7139491180979842	3.2851569349966314	-4.7273884257431655	-0.6645790066996745	-2.751399363371143	0.0006876598652530609	1.897902735465244	0.6387960971698715	-1.224066792545506	-0.2326940781059483	1.1205060034547858	-1.010823715250982	1.4869868098833519	0.7300861171324919	1.3375502337682061	-1.666180107475663	-0.406851760975115	-1.2684914973859251	-1.1672228755490286	0.22880877647243933	-0.04899521564651336	0.5383124504403771	-1.0734600432216037	1.4188011231653028	0.6413602402313543	-0.1671894080356476	-0.8937699732058663	-1.3276061967217114	0.29618991247503657	1.6808151437228285	-1.132796885141457	-1.1136489153439306	0.08439416017037005	-2.646261693761378	-0.6785677130416713	-0.28914279767914824	-0.4915221801400019	0.15282985248060985	1.3444500980322875	-0.8192371789089218	0.8785431381112849	-0.47319077469921955	0.05185849578268569	-0.12296111315783291	-0.43082721697152426	-0.05224061737512426	-0.5996569343555977	0.38035508407114066	1.406547185614339	0.05561168557428865	0.24217840718067496	0.5606819848718374	-0.007248510243460893	0.40495153910158144	-0.03566836243213033	0.09211467715112555	-0.052111926055322264	-0.06260635790118992	-0.06501743346948652	-0.446633364211723	0.18312116476650983	-0.05898572723038854	0.23528855850458738	0.047799714862336196	-0.20799205538657672	0.16482910762337225	0.3714910755016175	-0.13842128840629553	-0.22767074668355006	0.09737429918307175	0.2058136313414036	0.0698080918868157	0.23445221900561594	0.14527881830080733	0.3204082530118159	0.33153607344038993	0.07182262850695602	0.0683363980441834	-0.12662514803121186
DTXSID6051566	3.7491574720336214	-3.653486257863054	8.131300341253421	-4.682188009975608	3.307255224712977	1.5405555965419684	-2.542356935760248	-0.875423838075012	-0.4180555792297947	0.5750274307373057	-2.2162354553651338	-1.0080368291897617	3.8814243022852097	-2.844644285625749	0.2835044029039137	-0.6115770483162096	-0.901249676475442	-1.1046092841343376	-1.666251036232986	1.3917854824875122	-0.5659383418089348	-0.037161805065699195	0.9810667942941916	-0.37471259894481435	-0.337449975277209	-1.1144905465995731	0.012449633835224853	-0.579130885762733	1.0518533826188403	1.19361888079288	0.5387276840910248	-0.36418683964094883	-0.7429148428727496	-0.4497807804040251	1.1930896839648253	-0.375817189920638	0.14371600649719976	-0.7329196599566676	0.8576805035681793	-0.46080077198186514	0.7838126201464776	0.7014541672450938	0.4454255957183376	1.271157740630964	0.840060139647396	-0.6868654770186574	0.5009947195053901	-0.5151663025072716	0.66060438061678	0.7069839806664509	-0.1479144402281168	0.35702703889055004	0.6248779517705269	-0.08795841702102024	0.7593400147683997	1.7517756100152055	0.6981671241230902	0.02189247289963057	-1.4979016711602897	-0.6423783993950154	-0.11581739368044083	1.1249090009619647	0.29869922245637914	0.6767681869708176	0.6358847634656165	-1.99435284053826	-0.18770433362460556	-1.230737092060556	0.5685589373372322	-0.4810510626481065	3.0464747316253695	1.3239993560137673	0.30390015797014774	1.8289231928676588	-0.6065136725322376	-0.25703793001615033	0.3145019366325007	-1.0615361547100903	-0.940171454224642	-0.7472958763972328	-1.4773764464615808	-2.1578432546581507	0.21628387853071407	-0.27337973224795226	0.7470355906481121	-0.24012919978830893	-1.1514711847198438	-0.5527868135603966	-0.4615540064103386	0.32813716777453367	1.7446570068046467	-0.286110176189196	-0.33371372706928704	2.467336927175662	-0.8241370547953933	0.8875590489765621	-1.067991225344954	1.0409079864291477	0.7930514847202388	0.9452382720923237
DTXSID2045864	4.520905272090328	-2.4178605747614967	-1.0046037488346944	-3.5566215594600994	0.12743466194151118	0.574055833083082	3.892616763038555	4.9321583595083585	-0.5454798060482687	0.17886419115086552	0.1466258239382248	-0.24282083036753915	0.30347386227874185	0.5572943447111623	-0.28268410055321913	0.20745044062424456	0.04040281567142092	-3.3760117589539718	-0.3938035444345045	-0.5355751239287957	-2.604940789480524	-1.1299150966823914	0.621301888898841	-0.8885463297123362	1.3596642518629238	4.963951675783016	2.5619537495176394	-2.736376649060584	-1.2866755169191813	0.3771593678839018	4.957327416786708	0.1368359507084215	-1.067823141523527	2.760760895074555	2.62605991814988	0.2802540395530016	-0.27985124688420476	1.616481880036463	-1.3354902763785903	1.4751422989354408	-3.7884894036127124	-3.0793171765100276	-0.3717418715628019	-1.7680847868928729	-4.8462864622717845	0.47524359943383676	2.169304477662932	1.0754352617020988	-2.3678244511281883	4.652777553493275	2.0951641821873137	0.3223269732148494	0.4167861454196605	2.4372816726671336	-2.251479427647936	0.6928647525543887	-1.0971142272085221	-1.6838118748125979	1.3271244877430173	2.7065136123118143	0.7333060455275862	-0.5494661454640735	0.35575760662037215	-1.9476911972126039	0.27852206908357646	-1.5359260529343597	-0.5403429571711961	-1.4379196296423806	2.0557996781137904	-0.26044845639497144	1.6949672438573269	-0.5924580145626915	-0.723035363773766	0.3396528543592646	1.6245150986428012	2.614343158359672	0.892686391617103	-1.4512997323898615	0.6939091962300385	0.931549877551454	0.35940414469853	0.13238633147830564	-0.060275294432600046	-0.19487844139078225	-0.6782266391554324	-0.19997756316829263	0.691436297158787	0.8046383879757772	-0.21993824777781543	2.109854361364918	0.3700613111388812	-1.1413351547263804	-0.34348013278575795	-0.2801447579573593	0.23425766968038372	-0.4410200571410217	-0.8696874043572179	-0.5289112829692761	-0.2558458116682019	0.08613793756941568
DTXSID6041210	-6.032016295487011	5.082024430220598	0.14888465986142926	-0.9647428500756462	0.5470593496875858	0.4252641620077018	0.2502169380055265	-1.052431337672117	0.15036662820915794	-0.27485786013638763	-0.8770401193687076	0.821537502806667	0.8888226308423817	0.2642471500272988	0.5279923788331023	-0.6894607084946016	-0.9151268540501699	0.5110270254631221	1.0097289933480205	0.5663573300240122	0.04206826359457094	-0.13417591385671968	-0.5115699038765792	-0.279380738693472	-0.6670663749911153	0.5597503906215084	0.5636200925906089	-0.005131865470244844	0.02973806760099809	1.4247741028633851	0.5783913082033258	1.3349416567645762	-0.35029075249332997	-0.9424982089571264	0.26115006925424783	-0.27918196141551443	-0.26341839494992747	-0.9375254128756266	0.35522108166917704	-0.43227813228621254	-0.16555184013794016	-0.0351892136903685	0.1750305617405225	0.48175866346727686	0.27435525784175535	-0.3327847545487477	0.6007132749769882	0.5836682406590269	-0.34961467534645435	-0.3793956309226852	0.44646478388801747	-0.5096239196163177	-0.26988078095530715	-1.1005703135365388	1.0190136854172713	-0.9478355635346039	-0.7330258049213273	0.5192539757954886	-0.10254705934333402	0.8788688003136257	0.7276637505132972	-0.1964435888674712	-0.46851586676623985	-0.0413946345845984	-0.3265341828684739	-0.13854003724842878	0.16509178078622846	0.058712912682869024	-0.05895042242964375	0.6009233815176355	0.4957678225697337	-0.08708990639280721	-0.10330450112445531	0.028991744069915566	0.1672122414268422	-0.23183498400389202	-0.12342059835960266	-0.054729358109541756	-0.061003621923772254	-0.19804713725578899	-0.09274401337306226	-0.11745339913838435	0.09686690647272196	0.17450846452760535	0.4258245940468146	0.12670063756049324	-0.24865775956947161	0.3058651724205652	-0.14175235863615354	0.0837668192186357	0.0957088687335316	-0.04367069512871341	-0.42220964791081766	-0.14150709689043028	-0.0036990524314414967	-0.2677741898129088	-0.1804527933672112	-0.044019684579600225	-0.1889188494649011	-0.1381767856679231
DTXSID4026557	-2.5308077850963313	-0.10612291725978168	-1.3897389093609556	1.4609088160848607	0.06508146246519833	-0.7764806045795758	-0.08488525809603602	1.945072509339993	-0.5157076544923791	0.7323082392612468	-0.7143727156894314	0.9163567069875068	1.6800322296330108	0.5757096588625361	-1.698329874734336	0.5847884419533409	1.688488720362167	0.010798681689356788	-0.3852157965822961	-2.2409287698540163	-0.4411006391596115	1.6357392177520018	0.5676450207649523	1.548728165505984	-0.6412615205643127	1.0405515837417616	-0.9687713662046192	0.2421076587590474	-0.3907941580319875	0.8319978635771037	0.9466792787961402	-0.7106090615416564	0.16413061604615242	0.6235038731534062	0.43721239183518057	0.09334281181951118	-0.633521646455429	1.1617610446589866	-0.12996957406981546	-1.048990308446489	0.9301398480126452	-0.7948339179538204	-0.7886821296078012	-0.698981096879529	0.885214403763872	1.054741718813194	-0.9657612936555786	0.15648100182401178	0.9747964175224001	0.05155699259052032	-0.4177895339872254	-1.4073391590508955	-0.28776487062512895	-0.04921379690619602	-0.37203818449820925	-0.5699534593143343	-1.0239640742060863	0.15627816729588428	0.9503686714384807	0.6647370777698163	-0.15006464412200646	-0.9717424187150983	1.0997029883909888	-0.9172223919686027	1.8865015577373063	1.3563942332582128	1.3293830889854932	-0.5190329049175492	0.6820792638502238	0.6245254414150795	-0.9918520659065216	-0.8156825741945907	0.9740966593037413	0.40532633023062875	-0.3836280387716441	0.04502933502895589	1.2984034275560195	-0.8389154278419197	-0.39874639057968736	-0.1487908952128139	-0.922053131278441	-0.7789172444957593	0.3530608696604038	-0.3441756147589966	-0.9483009063693822	-0.45504537236197706	-1.146698507408854	-0.08607481095176912	0.12692495838596304	0.44823681864959874	1.1118053710670657	1.0701537306972033	0.8512599961459872	0.47435609038221166	-0.21631007321149878	0.2099648998458133	-0.8321536163802116	-0.2871355381575336	0.08086571854493393	0.755204133162693
DTXSID6045537	12.985111469963517	7.6404178023471365	0.6711887280974647	-0.11577983510959527	-5.246558706556046	3.667345699902344	12.526877453627254	5.775110278048948	-6.983467960452947	7.417545632575855	-3.3782327161568197	-1.727248320786368	1.089058115429018	0.6561452959099322	-0.6316507960611525	7.543909033206467	-7.0771808365686635	-7.137165311470114	3.932426212503751	2.841169401136941	-9.817366077729147	5.2595932214414685	5.75816557135722	3.732787184904079	-6.403517074636632	1.9104861252807914	-0.5352811639917453	2.050915071958234	-4.457803325421696	-3.9822751386846296	-0.736368637705166	1.1098022720976504	1.305429643141754	-1.4393537534612897	-7.02567626982149	1.1491079587329949	3.4697229383267367	-0.618132640140208	0.03298101476804037	-4.328928875030622	2.6182812246154215	6.521246160314509	-0.23817097652428376	2.504764005968975	-1.9989195252951786	3.133458243592467	-0.6523967043313728	2.563155231130274	-0.5518297732860183	-2.7606746226699403	-2.7856321406934574	-2.1993789662488705	1.280777081017926	1.4549538345537025	-5.601567214423162	-1.5836348557570148	-5.246895654056467	1.4462952100646236	-3.0970644676269767	1.2587597601982599	2.1522973057546673	-0.018637947452758305	5.324018515586569	6.690103753523844	7.910376031568898	-2.1360490612312293	-0.7272251831331046	-4.5492920253154505	-6.293000489506377	-3.5913348115265835	2.2884929300711088	-0.7939727978188974	0.3818889114597096	2.6430825091833694	-3.325355757996593	3.1574161170911057	-2.526961887456988	-2.260386139174665	3.757108116412904	4.785733960671796	-2.4205524360508304	3.22857584403364	3.339673486069724	3.523718637820323	-0.3554611984242537	-0.9380512694075518	-2.160589983900577	-0.30858555048111125	-2.6175057574086464	4.827936173621329	1.1116699679685018	5.2124477203339445	-1.0834600147207156	1.8090356235296186	2.099249125223738	-4.197154129394511	1.0019928768628248	0.8312310313094698	-3.3314832856643495	-3.086481252842065
DTXSID6040111	-6.584720027057741	3.028824221676127	-3.4865126398513957	1.1130647089337469	0.3749938461097984	0.4567328552402796	1.10100588091448	-1.6553616772834288	1.1866215824499935	-0.2890828720712931	1.6366964268770487	0.776656541805598	0.95895176044441	0.9798667268696836	0.12002405916081166	-0.756117771648718	-0.2774515644622011	0.5248133205073419	0.28955521967064396	0.4512412488126146	-0.937189336936162	0.5626345808383632	-0.2373141853063974	-0.30307105324755357	0.4811269210214307	0.10127480990923746	0.5331877114343803	0.11654837590979783	-0.43540874426780257	-0.6219262909789641	0.18680034479710791	0.042844819332591294	0.2729422571095925	0.5656268464952607	-0.12220143021004708	-0.30438627621375963	0.6060919993907251	0.7906380388149904	-0.10974821250321201	-0.3902904095732276	0.15622189796525857	-0.39418621116929253	-0.20182612254910592	-0.6132707037905026	0.5186290141259776	-0.3479007748293067	-0.27389076067516427	0.015308321152936236	0.22802492180351758	0.06836508282291728	-0.32182761869668697	-0.46946182094212746	-0.15588274271706384	-0.5384813186294208	-0.3437208909868066	0.06327897435568762	-0.47068074591227804	-0.4360492910848217	-0.3937668190093474	0.0731989520890163	-0.028930036013314602	-0.10833664457971752	0.10729513456490124	-0.28680460956024995	-0.04188414360670862	-0.06332382406185492	-0.46040462736497895	-0.2895519278591191	-0.028019662235815007	0.6680926521729151	-0.9015264082431932	0.16176202242326768	0.0919584990659371	0.07676856216955426	-0.3003940837701228	0.17476057437072506	-0.34391404681298376	0.33224511874255347	-0.3350199801882958	-0.1250598199524968	0.38491920664762463	-0.4233219408324401	0.5280527047230574	0.002491290116829525	0.03434326374156056	0.25616581117448384	-0.015313845218166111	0.17473798759670897	-0.4132445129446578	-0.07603895670783203	0.3292656480010566	0.5545481697485707	-0.6148135310960537	0.10868128157977153	-0.17100006633012743	-0.11937442337433478	-0.02089724393786533	-0.2519745884157146	-0.07967651988395917	-0.12867550378436013
DTXSID8029232	7.64510983401781	-6.512816400691368	-14.74030533799184	10.706795954521894	8.934679163446338	-1.3465698803318167	-11.5625886621775	3.902103718368518	1.6998126204864146	-1.8254685804809896	6.52993126634097	-1.0545046454132847	4.723618469759541	-8.018023106294134	1.1481685136277033	6.002927187496095	-4.527312816756762	-4.340013611204662	3.8064471745233543	6.282279772323447	-4.5885563867792385	1.893855117693761	-2.760001144951378	0.04083796270783429	5.3614454174735995	-5.714636525147052	6.47972241466434	0.888491589626286	4.96792447013494	-3.894643606269385	3.8517131459087515	-0.011334764272157991	-4.684586919255755	-3.5947828451409047	3.4644657661856626	5.066269238366133	0.5473763402225479	0.3056781443706533	-0.464350440705597	-4.496006831485254	1.9848622876380477	0.3355740260634248	0.27823087932924045	4.146366801990312	1.0658707732021844	-2.6567621475189758	4.600690001631839	-2.45149768899167	-0.05256911545558599	3.0145968425639458	-2.0923318805164692	0.43434712523599256	0.12250360562139685	1.7920297355605648	-0.43798978237480773	3.9584303884946994	3.2008216551924886	-4.710438839186812	-6.685756019967219	-4.218271405950292	1.8953047356779524	0.533873032318583	-3.7227456620496038	-3.562885887465527	4.406839908141901	-1.5703078785558309	0.22098186469578027	-0.495929932893149	-2.7006251066902798	2.8631197562285142	0.7475373047890435	-0.9975551969487487	-2.2271337225793215	0.28576031167273863	-2.8744874610979374	-3.6672755322620514	7.895022695989239	-10.79131346718542	0.1282846321855409	6.028436263827283	-4.004873557286355	-5.995318580533176	-2.682886843053457	-4.268503814432763	1.4654470040314929	3.574309250384834	-7.493386530750961	-0.7695174942183947	-2.0894338131751993	0.4913146620812613	3.824093074388804	-0.3878169101158445	-2.6452295513273985	1.6549963555563485	0.07508058173493325	1.2784911442736837	-2.3787895104329784	-2.407978386854873	0.4407088156389117	2.204705293855249
DTXSID0027561	-2.104972711484872	0.23505977240507697	-5.964413331555436	1.3439297429245338	2.386689283219862	1.1210033045307943	0.9376323424738927	-1.059694872636242	1.7572305099591035	0.6941341031646471	3.10777033744448	1.398928372560253	0.8662373370317017	1.4055635054363298	0.2658128428532534	-0.9320595203116854	1.0413677883008703	-1.0476217651027209	-1.8475641806934733	-0.03260385258623452	0.09368034676034104	-0.562938742523066	1.2041043615555787	-1.9409907589046598	1.925463021645177	1.116354260740285	-0.7268765471173012	1.1920969301310016	0.05882285850592831	-2.6078077198564116	1.1971788447206697	0.3079368533485962	0.3149557729375373	1.0019354735144579	-0.15880104413497473	-1.1258657095488698	0.8808169290842908	-0.6056804194206271	1.0119028856612733	-0.2666726822270647	0.15049285319237166	-0.26203549077936056	0.4065935488267958	-0.355457349892253	0.6268336497256198	-1.8773083661517342	-0.79198820243406	-1.2986453051186948	0.2459330238495498	1.70247631496841	-0.8554182665262893	0.18643294670160468	-0.3565755670000384	-0.6877486195934764	-0.03817315205499289	-0.7462336661948832	1.8854528303221152	2.7226937949976615	-0.1037214497147281	1.4621354807343512	-0.7023983077406774	-1.0458646112808696	1.6878382911708365	0.3855419610254105	0.22273495042163613	0.8091890048958374	0.21438673495677923	0.4965454041545712	-1.984324297968512	-0.19495795582170553	-1.409221060303387	0.26378888135171674	0.3842365548343372	1.086536354932295	-2.668563062774967	-0.13600036051060024	-1.417994698263089	0.49770877972427796	-0.07713417326670576	-0.7613797355838675	0.9033089643090194	-0.8119272853949522	0.3134559436837418	-0.3651371084342181	1.2787742520750511	0.8649300398006079	0.07996317784628872	-0.4513042940224189	0.4572227533962779	0.1000573203655257	1.0264405250115525	0.6159485865680451	-0.36337772180286204	-0.017939328391353846	-0.6308685889413775	-0.9434171267031615	-0.028140843975844657	0.02458805814195942	0.08677617023063121	0.7204840923126018
DTXSID0045389	-2.6821260563186917	-1.580519708102333	3.6680881162781245	0.5868434509714653	1.4278917102229165	0.6968504326854914	-0.22756780967177626	-1.694722257468478	-0.12451369472874683	-2.766651640559265	-1.982200853236572	-1.9683909213876043	2.107219027694915	3.8567716950171365	-0.47809925914977536	-1.2401093263122387	-1.0618464690598393	-0.27369860680705327	1.6229946971290585	0.4422883739683732	-0.0601801731920433	-0.402211121982665	0.3226943862496892	-1.2408454827970488	-0.1323231466449279	-0.22728992423249375	-0.2870769599221219	0.20534809706142776	-0.5388791608070299	-0.5746143064580446	0.577495507864513	-0.05697338563338593	-1.265416380208398	-0.041732572637877795	-0.2970622845265515	1.296922678604799	0.3804866927687283	2.31839414626891	-0.9892809483863007	0.11078112094349202	0.5493785963588277	0.2674264608962151	-0.9520277803940044	-1.2609192834871323	-0.06776891352545909	-0.32171423290105644	-0.16821671521209772	-1.001123902610438	-0.13482843806212952	0.4924908367517068	-0.8142725591662846	-1.4428181826125268	-0.6934088954815593	-0.33980552250243057	-0.2128691631041887	-0.13076921801322663	0.33843336203941776	0.03651499186719805	-1.2613805159275813	-0.6469463477766635	0.21354355182435275	-0.9647258279949102	0.8394476336681671	0.870767067623388	-0.39318079165153597	1.510267799028973	0.594686605118578	-0.2438991162869565	0.48569056170858055	-0.9791291275806489	-0.366487301911623	-0.08097004887858689	-0.6784097776251695	-0.24077631743269756	0.05737801191634049	0.5253354215861271	0.7821403967809561	-0.609520617986969	-0.04160902416390542	0.27829959534123083	-0.06356112804343307	-0.044904644116646616	0.5435576159253482	-0.619762638914979	-0.03823505451113329	0.35892652320403656	0.27144108572899356	0.26935949490655875	0.4580329430067201	0.6257918085813277	-0.13997250089346724	-0.24316330685550905	-0.043046268877152224	0.4042680808629165	0.27102582744010184	0.4331241447535053	0.28477360562493315	0.3658251411787619	0.2720770604338445	0.26807030803628984
DTXSID6032358	-1.6213732605901745	-1.6114490693740755	-7.123405009032066	4.164822305781716	-3.6151843933920307	3.2056283466724755	2.0603503697513093	-1.4380086451239376	-1.2067820713998947	-4.211510047996093	-0.31053058088431484	-0.6252175659493548	1.0081912181555466	-0.6504286311187676	4.172100642898782	1.4346743089435814	-1.795759111015482	-0.13104849599731072	-2.0650376094953304	-3.902088659076072	1.4659050741512258	0.35259690690965245	0.3013571397322724	-2.4472625147971554	-0.6132526454409095	-3.849410788064323	-1.7920043625838369	0.9864573139893139	2.1219756487587533	-0.07874095846370094	0.48485019152397096	-0.9523937113701965	0.9774513303667962	2.1994301504069034	-1.6783697313888295	1.7164708164895943	-4.305993808854954	-2.902420204647554	1.1347823791839122	-0.4554641472399408	-0.5123567693352041	-0.7172226557254365	1.8272897334285347	0.12183882184163937	-1.757537778333923	-0.059695860427235764	-1.5691147078489922	2.6763221211907076	-0.49747500479017487	0.808096951343693	0.1621580888671777	-2.448104864902083	-1.6640996246609492	-0.49617040834455506	-0.1324362119034909	-0.0852542161407087	-0.8716288457829884	-1.3661940479093133	-0.5516782897798397	-1.3294353615275314	0.2033950912701437	0.4637641070972799	0.30636447253498783	0.07240830267372363	-1.3701423979613094	-0.7217294516347684	-0.5777698707842015	0.7698639388905875	1.5164385838975871	0.8579441518794138	0.3409650677834596	0.8153751780558918	-0.20349698608275674	-0.439742584319863	0.6896131299288065	0.2546716525709791	-0.3397936644599168	-0.5636573239757758	0.032801266113960954	0.2366389847803514	0.45456372764830494	-0.9416305724088073	-0.39443145472733426	0.37954750723709135	-0.19853379400046958	0.25362101242430507	0.4507739519312923	1.1967073770674739	-0.8630916280260029	-0.4202726979767613	-0.32041157447638363	-0.611379206003116	-0.20531018718464966	0.8956220569767246	-0.9609079922600606	-0.26580598849426584	-0.009243611450694187	-0.21323905543505722	-0.22754766658721548	0.3361156750732144
DTXSID8046115	13.520491459808945	1.726289184635176	-6.951510994781333	-2.028452096936232	6.119959971735553	1.7014091183201059	4.8033273422318405	1.8106250038658782	1.2417346466999892	1.4407646697594436	-1.5984509510864422	2.0351636611504476	-2.0664075008508296	-1.281589727210381	-0.19461324677295383	2.653234023004169	0.22317159755941268	-8.813431664543176	-2.75852618063735	-0.1776581436330357	-1.0758438329366893	0.5163892159926226	5.831057762388225	4.173131372303123	-2.1536096915162948	-2.710222517866315	5.308776434767588	-3.478350981292526	3.5194033575139696	0.6059504501740828	-3.102276920272827	6.559711293420837	-2.6139110077935044	-0.797806167171059	-6.7020691680225255	1.268390804417712	4.510154574378711	-0.5349502605271574	3.1112431438470973	0.7961020157658621	-3.32517202255472	0.4703734403341799	1.1701501946674882	2.1324024168724587	1.7830308666038674	0.8326928100014122	-1.0958735480236574	0.7972695931251073	2.7190438929131022	-2.3526667415875298	-1.9788792511795112	1.8201004853586646	1.6417313663185797	3.110789256892266	-2.213825062555538	2.936272139028291	2.248714774183884	-1.3397088796650973	-0.593135380721011	2.1851525869602453	3.004050378105438	-5.637139308362355	4.777724235872427	4.64958966465863	-3.179196450559842	1.7641103971380918	4.8720790050892	-0.9619802476949657	5.619755851077102	4.112235218364312	-4.1015890187088955	1.3386264205464358	0.08189284140468456	1.2074186895238652	1.9257052612498615	-1.3847431361083837	-2.7928135625583987	-0.6033872413921751	1.737657723633195	2.794423054592091	-1.7631666266907817	1.4262191638820312	1.0282444434090925	-0.06159346995146939	-1.497741244821184	0.07595393815059188	0.8355552567080841	-0.13118295252770995	1.8180798646563243	0.3717060420356214	-1.0185830143958803	1.0909642029432671	-0.8704004123801398	0.5262382193974794	3.3280890631274946	-1.356456009746347	-2.5503349888463034	1.7951461244252602	-2.772755591720782	-1.5059040018812058
DTXSID6046266	8.187893725902743	-0.8578351477702898	-0.9836612615522049	-2.9547819512311015	-3.5039541882878225	0.8798564538201789	5.330010686501955	0.3001909938289297	0.40941515511096865	-1.1196970722292852	-0.28382359742174723	-1.2725973443319272	2.0814667970410277	-0.08362352912415137	-1.5624494268729199	0.22721211394900312	-0.4288298250330706	0.6821168396513426	0.161444670437163	2.4906068682693494	-2.320824497485031	1.3447396206262432	-0.8512595893620732	-1.9143952298126452	2.176867748793868	0.7140973946429452	-0.6434144552105103	-1.9054781247574006	0.9463089977879557	-0.12768482189073932	-2.220025269040998	1.8612251548739531	0.20480794468821673	3.6739358861200127	2.5973209937129003	-2.8070281710176253	-3.2562177596318604	6.97132916913374	-0.8830807727766478	-4.340798145308175	-4.731725413171589	4.590698070099813	6.436650367824929	6.650171279807958	-1.128044832093423	-5.082120644674298	-0.8645275339870835	-3.2213189137342377	0.8300856218521585	0.1258297971093943	-1.628464342147703	-0.14029956629957893	0.2761337698151516	-0.8931551290333568	-0.8915634516357679	-0.22984900381440082	-1.2523669224545517	-1.986375376358227	1.6856830061391535	1.5353261999201469	-1.4466575585931079	1.4675952454186043	-0.8706692815214337	-1.7515377018624654	0.631232355412352	1.7190253526787864	-1.1099694407618446	-0.09804401012659048	0.21996240745849893	0.4624758825859011	-2.2455724484997197	0.7075893282983381	-1.7890911043840727	-4.265887933419319	-0.9994690412314087	-1.374454518718688	-0.8425808922281771	0.6411870509905064	1.1401647758165665	0.16612598349972107	1.1862760446359824	2.57171127439611	-0.21950434822508094	-0.11044722055549028	-1.6933920826785092	0.9199976585418226	-0.09129435940168779	0.06859955771897551	-0.8956225303845404	-0.795840504977994	-0.43197836184990007	-0.2835328675757079	0.9556706960099195	-0.03977878938464277	-0.3367355659849775	-0.45277847679303	1.119486449442085	0.34367400679400256	-0.7589584473281152	-1.8376641911381866
DTXSID7021152	-5.347276145814201	-1.020972754133403	5.036645746195942	0.4272098639832742	0.2145137439448065	-0.2937994475951393	0.5314881680367658	-1.212609009706585	-0.8526737774567782	0.3657653678402359	0.10310596585389614	0.047806120034724585	0.8097193782175508	-0.936306211994495	-0.216346682201973	0.24884624314782752	0.15521067557871385	-0.27781337719289073	-0.45951554438318276	-0.0635200211847238	-0.3838046023322347	-0.16812061819758028	-0.18005963845984807	-0.3542549968408486	0.2841915179405383	-0.3048199330656972	-0.3867318656954015	0.0725310684001921	-0.43012632956441277	-0.029840794129895258	0.008021671248768377	-0.030446659107767126	-0.31894225074779237	0.26446622508958245	0.00573616190919821	0.6753162059291214	0.23538316762116884	0.6080277448767739	-0.2642204193833471	-0.27204614374608016	0.27216637068241145	0.3427438943491268	-0.2742655542396771	-0.9844823480592485	-0.15362862858400603	-0.1432150874606229	-0.21688702646688424	0.032486855564265	-0.22028377493195045	0.1936917007927224	0.22511813079748705	-0.5490645488139556	-0.2608596379347432	-0.28923977861591404	-0.13877359424948083	-0.3807474298261016	0.12650119699489076	0.48448654383138023	-0.8796707414864567	-0.45720915997014805	0.5482539859454356	-0.35359769487186027	0.0801321751500055	0.3315198506873736	-0.1611558955081055	0.8583364158476509	0.42582979807971844	0.1869902469665885	0.06349481163578947	-0.27576761064122673	-0.26898055079300703	0.3401374581928745	-0.2426957103935418	-0.32479349014878384	0.22973331041271522	0.06814144590935116	0.22786227439798856	-0.03116852202751448	0.08583108643690993	0.19642841637184857	-0.07094437964562914	0.07265290968814915	-0.06365068475709489	-0.11228100804798749	-0.16054530803959519	0.053217901660898084	-0.2166736551689827	0.4140483711011103	0.5296646317666346	0.6385548385436691	0.027639302679023474	-0.32832230456444206	-0.17702547984542163	0.22998857770831274	-0.049540370468563306	0.3136607817273011	0.19385098907806503	0.07115326047226295	0.03782575452944831	-0.0015653325340551822
DTXSID2023145	25.044709507279418	-5.747906746445505	4.722141173112233	-5.712848565660802	5.73335541993662	2.131771430952963	-1.8939579578400756	1.1598122271714852	2.6412151309691256	0.2942016404093676	-1.4703538805018797	-0.3365489837629849	1.0361132180031654	-4.107655679389411	-1.0886422216769385	-1.5565290295604377	-4.62923362139376	-1.6382236268755919	0.1300528881744753	3.578621512377873	-0.5612549589872281	0.20536023153198033	-0.711788071637656	-1.18381499111242	2.881722120845098	0.4632907913168036	2.11985081578095	2.4267724971221676	1.7108705084130218	5.141846217643316	0.2632083324778089	1.2586852963292023	0.9341783662375	-1.7167267606880503	0.5276784008708643	0.19294218862316176	-0.6854374247829178	-1.0647389762230814	0.43566177302560866	-1.1004521883311613	-0.769934258936013	-1.8493547829298789	0.8247460046417969	0.3931873764314168	-0.6737476153158805	0.5906517455245711	2.5782121319679665	-0.8525739222016964	0.8124564199126858	-0.913240383030472	0.7410541860932984	-1.3702363374530337	-0.35747155398985414	-2.062144896780341	2.3143112922840396	0.5282741220256634	-1.3289339870688903	-2.312711337910487	1.1143139359065868	1.2291938405306975	3.1608172176132134	-1.054434439798809	-0.45343264866377003	-1.7813347562029387	1.422655302991609	-0.9296657458685135	0.6208343773689843	-1.4285008450496977	-1.9497985707408996	1.780081214774111	0.8053508936553375	-0.3761825847981387	-0.4299879060777512	1.7105380533624248	-0.904180754179593	-3.1758303824676433	1.4634693221190187	-1.2516013514330182	-0.5247640618629281	0.6824193676693172	-1.2191046484530392	-0.06282978815697648	-1.9500209256863523	-2.691337166201686	2.557595840351606	-1.1310049562961852	-3.903135774390071	-0.3840561349149987	1.7842447346173214	-2.5469496072135227	1.359606799811752	-0.6948410241845597	1.0028340686614157	2.0671499834512743	2.3503531789618886	-0.9193048426534224	-2.997883860016726	1.0032666955615432	-1.3170609423385329	0.06397193584002704
DTXSID5026091	-7.1595525124795465	-0.030788774313241916	-4.104548849263345	-1.8747254228959396	-0.13375054534083716	-0.9638627793759438	-3.824917758865053	-2.6151046769550788	-3.653232088001857	1.3640699721310237	-2.9161593485678896	2.7651103918140296	-0.4751372699250652	-0.3459113216230749	0.3774601982029146	-1.218621827105193	-0.02852180218938429	-1.4478047574055672	-0.26436714331452144	2.0767112765873734	-0.6221369436229138	-1.5931882331078755	-1.0148285040061484	0.4096474316112877	-1.0855707996550836	1.645971927775046	-0.07017101916620483	-1.4086408297886248	-0.812846844729673	-0.9504305030840152	0.8124594876777713	0.5606806133817165	-0.8328919956982502	1.0333140563740966	0.5413790994936627	0.6191971577762335	0.7265059855829133	-0.2566944428533341	-0.10113266917885358	0.3302615535387826	-0.8166337800158594	0.9845089638106295	0.33964086446291275	-0.4816737857394411	0.40617593154885234	-0.1437286797960929	-0.1756696319826316	-0.053916800368981437	-0.5072778795409846	-0.6457356597720258	-0.40108548588038473	-0.7067197978818165	0.014530896645845408	-0.16554728247053885	1.170011019912957	0.645504578933621	-0.1354861409812934	0.12681804022153156	-0.8221774646563184	-0.4287770919939699	-0.47539922064839174	-0.7014220827348432	-0.6068774168271331	0.673430394689287	1.61242643328286	-0.1880235296887542	-1.1501842635433956	0.9316120584420394	1.0967000631211306	-0.7972399057031939	-0.26930558831575746	-1.4419395114059057	0.9173516522908551	-0.7162163654489163	-1.2464285728499056	-0.6814768679705527	-2.333432037144744	-0.7608525303457042	0.30081188139639176	-0.44096660857713876	-1.254367774594483	0.053250334137885054	0.10201627330602596	0.2613006179360792	-0.5572806398478125	-0.5994038536609843	-1.5684647597094972	0.6908523226420433	0.4403560298851056	-1.213336943939318	0.6736582021979697	0.6012634924499642	-2.1655123037998014	-0.5617465078733597	0.5855142992928433	1.0278273441566237	-0.017356305392195414	-0.6332748953467922	0.28661955485420454	-0.5539712113352353
DTXSID4020668	-7.216704109036959	2.626556927251762	-4.221420294463622	1.5313579053688282	-0.9402803061303554	-0.3505800630659181	1.8295647129077324	-0.26314492553179425	0.05258492917241921	0.8545471780059026	0.006611359477685732	0.5358388384992032	0.8316533146054985	-0.2660518376366621	-0.6457096220903038	-0.2726259718938728	-1.9367747555383372	-2.4805396678091736	0.8585123748724637	1.2010334415670454	-1.7507197312901444	0.744667997040889	1.6599729689353908	-1.338999418232011	-0.05532822656581291	0.2982606531070074	0.212003897111926	-0.4539475136131101	-0.1316508203293013	-0.8541330837192185	0.5680613132091673	-0.01620085600667766	-0.6850618981419369	0.33418732395220097	0.07479694617873132	-0.23415565049862072	0.777924785857232	0.9088769322463462	-0.4676737101300817	0.3488760400828615	-0.4702254463757584	0.7092044126831349	0.41151573531986163	-0.9413893876889283	0.10865201799707225	0.005972208945315597	-0.9576765540913506	0.8340013892122948	0.2737244025580734	-0.8457516235026774	-0.9516619250637977	-0.38066757671076273	0.41108649609194486	-1.2807980029014796	-0.11980027800625515	0.21361463825225002	-0.32963611374114576	0.1755646378507641	-0.27394559812202846	0.08293738410072735	-0.23542209251638652	-0.0012428048909731764	-0.02951978479575097	-0.31125872797081466	0.49795790669538126	0.3849856042864523	0.5122159192921764	-0.3001240228066266	-0.12919399382920058	-0.048787003003651096	0.18685284382725087	1.2039387004950945	-0.6482995267777292	-0.25408782711135136	-0.7798518052788307	0.2754730936289152	0.03493143923582833	1.1446936971390174	-0.6194794612334485	1.0503414820536534	0.6703368424897319	-0.5015750153630604	0.05281357268572535	-0.28064934882332104	0.714313109217989	0.42055452032134694	-0.7505370475994037	0.36128256515105095	0.24624181693864797	-0.08033835191414146	0.5920879299588641	-0.05845474374899424	-0.21709254973331193	-0.7425442300628198	0.34902840159642695	0.6793305512398616	-0.9047618383430729	0.15353226790236038	-0.5659906873446374	0.11004674948433385
DTXSID9030258	-7.4935334716711886	4.601926765356771	-2.841182124652106	0.3976447625519669	-1.2746516507017214	-0.04142198983897792	3.0030090625230654	-0.3667173130910854	0.05430821163343328	0.5632949543255771	0.45119527536250603	0.5319081307741171	0.46047964181495105	0.5994085992608528	0.14175308614210305	-0.017169542414989882	-1.3106022195643587	-1.5346060519037623	1.9231502426928855	0.9149252784765204	-1.632026578779682	1.3000437712541675	0.8719271359240265	-0.4017587087761616	-0.16678094883877975	0.5969697804576195	-0.0408905853265767	-0.9691544521082769	-0.6934948000968909	0.20250931412743256	0.7295656439621471	-0.31445749872726336	-0.6657789466009848	-0.49000454096462986	-0.3200855413429899	0.02977073777292921	0.6357200313777643	0.44584352810389516	0.3604555443671961	0.15738292910753482	-0.45448727957118357	-0.11553744231630478	0.04606853948006091	-0.053209465929297955	0.27274869170026816	-0.4378561008604007	-0.6879083146790697	0.5163079027093491	0.3325435967125027	-1.023032109715437	-0.30805804013265575	0.05021368935554587	0.0785696524430395	-0.4260774821587582	-0.21963320466090336	0.37110041870975863	-0.44154892965376025	-0.7806694474294127	-0.0283451504635277	0.1414809349714414	-0.474772962092642	0.6215122923530949	-0.1169356284340818	-0.07308216740960521	0.6944299391568483	-0.06129085966147677	0.3372395183617164	-0.546822029106987	-0.08622744253855905	0.11341845881359423	0.46148583133995513	0.4474640371266287	0.23631419314046093	-0.9566304831416521	-0.2917092340702037	-0.6201667540915528	0.2239399336289704	0.9613654336850868	-0.01038393716958474	0.3665634058507264	1.0307278846405714	0.17027757848723324	0.09769254898713257	-0.6843993987304418	0.44071493215735796	-0.49739271187092204	0.30538908086931754	0.3825952935399808	-0.32397475908904627	-0.13546112841544336	0.47668717611473915	0.6859276983628738	-0.12130286498596748	-0.10580287210403964	-0.02553914388210369	0.84522242640838	-0.16458403481251066	-0.3484874326136717	-0.31224765051286574	0.09077315249551232
DTXSID6023020	-0.5113347604481154	-0.5500059322113507	-2.9152665505715047	1.6423636025110915	-3.952069994029915	5.764004368322167	4.089985808924434	-2.493655739094297	-2.5411465311295456	-2.005506964733833	-1.0961662574688844	-2.0028839247160573	1.9371117441996983	-1.2052194220022814	0.1367057726449574	0.7539956150804613	-0.34237983045869697	-0.4469924347414229	0.7005354649826433	-0.7604063056943946	-0.9594522490287863	-0.34319922503261374	-0.2389578017658891	-0.07524510335690841	-1.1279480253686178	-2.720288828132845	0.19007294933259986	-2.4031089486337276	0.5980351160516465	0.9911238331412873	0.23621292370733327	-0.9439383655074515	-0.39459579488629354	-0.216662772212819	0.718581671496365	-1.0349934165742405	-0.5762059132695083	0.20134095295948715	0.2726921496459764	-0.7686389377315018	1.4212366640849963	-0.4186414038600215	0.1153105787760259	-0.8098513980049049	0.2573830734453334	-0.5748906005700732	-1.5188842513856642	1.8351581913926678	-1.495468449868551	-0.7989160626023278	1.7318209673711786	-1.2092943080302483	-1.1029832828141488	1.4592757121129838	-1.6260999217046284	0.09928204698493023	-0.4097877336782571	0.21945940315866888	-0.5481274490285294	-1.1296579660549302	-0.27107029876196426	0.48191807039201795	-0.24939326452776814	-0.7595528240980511	-0.6008265871143813	0.5597970303916758	-0.658782187804087	1.2068688770513616	-1.6661562234827174	-0.4010767835857927	0.7144318026738333	1.7235416008613773	-0.7362407661756358	-0.7087095291607591	-2.8137980670918776	0.7157050029873173	0.023404033863181604	-0.781809716863656	0.7155446409129448	0.5455994531050333	1.2730102261568064	0.5708017367216518	-0.6951898320893419	-0.2043478621283053	0.5098459197869086	0.657866278736125	0.8280680600689142	0.9356359268245327	0.24321045847721326	-0.13654919783886899	0.8740188441206037	-0.5477251453338405	-0.06532915552957429	-0.14584840845732325	0.182906934012409	0.31893915158305186	-0.07528653880181974	-0.27521851252894164	-0.1356310928685986	-0.07545303739409816
DTXSID0038831	-5.029779659867022	0.6447331021727255	-4.5921313587760855	2.0822808384580704	-0.36787715566218554	-1.3085818023918925	1.154163690991002	-1.4071328160480394	2.3731473333553605	-0.4183059810258705	1.997867418038879	2.4996473288890315	1.1602162635234003	2.218225356598022	3.726223826235708	1.0102454443885767	-1.012120680978189	-1.2536145179950349	-0.8139654490818617	-1.2680511561870373	0.04832478040731883	1.8010873865176846	2.1448691356448806	-2.698433694232291	0.7553336208609	-1.255232771639545	0.1313104154495825	0.757337360824966	-0.4928509132577234	-1.1374838773781024	0.18243268587831457	0.7861587679583283	0.0350882269698582	0.7783472449006175	0.009523311184156832	-0.12217529711641757	-0.665084682235339	-0.3783168527640873	-0.46750484033613793	-0.3806444852771698	0.23824486612104698	-0.8605786282910233	0.17903067207981455	0.008074109708148518	1.0482643402476404	-0.35995180092728046	-0.8678162472112283	-1.1682797724472695	-0.6312159168589919	0.4627364670652627	0.5064416324461575	-0.8026709449193644	-0.7103613010471272	-0.136735073439807	-1.3055680986949452	-0.6780896952444826	-0.6474310602988268	-0.11325297905847352	0.527476366218755	0.8725730828856245	-0.8757834148807134	0.3620337912212537	0.6441300842327613	0.061474709254808	-0.2355813144584404	-0.7143207264981923	-0.2657683065073013	-0.05155341137995158	0.17537250531030532	0.5836739815303273	-0.0913198934299019	0.21921815176440218	0.5093011603175429	0.5915525983675312	-0.1325609532286206	0.09415818037933067	-0.41980320241237956	0.7702561785344076	-0.568290482840926	-0.5497081810324213	0.30648039386451187	-0.3950851334421526	-0.14586015635912805	-0.12074705252532247	-0.20263941962883372	-0.0160525117942926	-0.4698169424895648	0.6446939873211164	-0.3607307929841762	-0.12210460512603372	0.1169744857819366	0.5919574088421076	-0.587672808301258	0.5674223048901423	-0.2572930534123966	-0.3346055508094657	-0.3010486761497071	-0.4016374247529704	0.007630105756237697	0.10258521491691619
DTXSID3037044	8.047304824039392	-1.7502314809020287	-2.593484421538695	6.272841421457985	-0.7230044628785509	0.9526244433956462	3.5080764806516944	1.1672078178806045	-3.2871767032656356	-4.122785503113882	-1.676943039385242	-3.7078619122393746	-1.0085229776887639	3.76652159903284	-1.479908952344166	0.5626440816475189	-3.4480064788426383	-2.8933678122936084	1.5574286687605032	0.18868971847400146	-0.9803461423176694	-0.5265975157332141	0.32888772637682406	-1.1876711147821313	-0.3242892431162877	0.13686605315706965	-2.523688117105061	-1.2861205689448256	0.6541900703424661	-0.6303268287844987	0.49219882663927317	-2.3515006196452406	-1.5214964812462917	-1.293034544686587	-1.1911592632190282	-0.15261313999617282	1.6189482673895175	-1.1363009409492364	1.3424927439590792	0.3986519097842714	-0.8235783921787476	1.6250476891054055	0.4653603261054417	-0.04119411386737353	-1.1986344060866825	-2.0546220609909533	0.1954695105921546	-1.5306080726554734	0.598991031159473	1.3835208912202768	-1.4302219259260236	1.7383900038157096	-0.49277116675566723	0.5518746609700461	-1.0525516786402567	0.654022876862066	-0.20807713335950315	0.5943977192710885	-1.5224447772538447	1.2344576621008074	-0.6584713941549188	0.12124538606532972	-0.6883868811856878	-0.8676716831930054	-1.716161707634013	0.942280925706449	0.12369918720509117	-0.8924432348353135	0.006306253827895061	-2.7143082446861753	2.1900404362685526	1.5843516125671628	-1.572242125999981	-0.6269641281794381	-0.5200829735062641	-2.53264127842793	-1.4204476818034606	2.0289023580995558	-0.5024388458267597	0.4406663729688845	0.10306137530303505	0.2113123379744399	-2.1036636662317547	-1.4553551881533338	0.022765550679773854	-0.08138877548348498	0.13142734001611	-0.5010397843721708	-0.24999790169074554	-0.6544597349466293	1.4137240975545757	0.27932759614286257	-0.13491453040925488	0.6591162680931001	-0.6802879618981129	0.18360403838573855	0.26361174514400854	1.6305117955301556	0.302942357464938	-0.7915309987294871
DTXSID0067428	-4.515451916647008	-0.5949968949231064	4.445085020424288	0.14806382224304251	0.2460694001750937	-0.08144166686287499	0.6354763391846672	-1.4325151714526978	-0.41065032737713936	-0.11942016006798176	0.38986486230436723	-0.23045224343611168	0.8764697066500337	-1.0543832238281183	0.11259740400796678	0.26458602274795456	-0.21818230496159954	0.3480691249002161	-0.11164047821248785	-0.42457472937739604	-0.31568684149192555	0.1444683552113032	-0.3693051687028149	0.18074009530557367	-0.3906751132621166	0.23178396379913951	-0.6659050749472274	-0.0987262334825903	-0.6411054109897157	0.39548502262840013	-0.45473953739555684	0.164719618759865	-0.9566036183645401	0.18811371595977192	-0.06765262184037583	0.10021077857043208	0.06478056871148544	1.3514103123931376	-0.47933187244939035	0.1628005814313537	0.33803034336757587	0.6711707794878768	-0.39068596559567714	-0.5060077833342008	0.013005771780950299	0.10035170462913413	-0.049704045134908864	0.42815790817417804	-0.15868850798814538	0.398598966505714	-0.39594408349495985	-0.6751656799701568	-0.09690968682413538	0.2768125782406043	0.6591039125543134	0.53170299517638	0.03568344524231466	0.2918581107949254	-0.19250458636359996	-0.14904079970915662	0.06905793833937361	-0.19187000604716067	0.8536689602179114	0.15583997230390517	-0.16341681718782133	-0.03785571370152575	-0.02584770959260526	-0.1688591742787953	-0.11510377977998604	-0.16675688299576075	0.4270630291706817	0.05520335710737885	-0.0877321727103159	1.0852785656376467	-0.1134844392384521	0.1957361487746213	-0.1835270843399596	-0.018566036149343768	0.07407198337296494	0.5541457723069708	-0.45603335473861656	-0.23181046264646854	0.11371931642031037	-0.57979193840449	0.3790135908708659	0.084778625785826	0.016141402918618885	0.29871574335344686	0.4950571765226229	-0.24066431432098262	0.1825904029901977	-0.04497809448068277	-0.09848151798387304	0.20079343781618503	-0.0010464688756445777	-0.23730474778080257	-0.24155544015164826	-0.016384216340901866	0.2989883555500171	0.344529326507656
DTXSID6045824	636776019399.3839	-215878929074.96158	-56192677705.11454	950781689218.8197	248637498319.9164	-226496314497.7945	1733116525501.815	317717973077.65533	-419472216738.6538	2025127918817.2957	-660412363186.8589	1746376045450.3945	417642769092.9546	-149859547854.01688	540695272820.8385	-895363338506.2917	-569744783466.1317	937908327545.2471	1161996514492.1855	315107044698.1864	886842404213.5392	-434667762368.22327	-585315233842.3668	145817246816.4892	-340064950294.8807	-582452734268.0817	-287831165321.0066	300588870230.65076	70603535210.88808	255810143463.9575	83486696511.57892	401900150314.30743	-58010419422.3425	241226408966.4458	35565765086.69433	495820822422.6976	-134300666028.05904	346578329968.48505	-284634638745.55695	97686733029.5416	-25858146420.41094	60576609358.41864	-123698946135.2263	-102939727545.30473	-41018461304.11157	-33658733357.113705	65325521040.47442	-237977743941.78665	-32590240136.25467	158737440137.80103	-22116762867.46591	-395054939973.4092	-347590306754.84186	-53047654160.80326	-84687078294.60507	-135961014988.82031	495515229412.541	79396143183.3328	-732415632285.1268	-265607126586.09055	530903853608.5699	-509222395703.98004	281808852078.009	61825666676.76956	-432099847704.84595	-1385533007163.3755	-122377428399.24446	-551112330367.3613	-442888356615.1249	164632268741.87558	-487945078084.311	-829879212569.6179	-158107548503.33673	-206759073521.19128	208168771625.2169	294809333445.94226	-856537666225.2418	72475390029.09436	53152361113.18378	-838207398239.4651	881443840695.8002	-782048193259.4387	1110973193407.9873	-1370971984232.442	-1069374884924.6633	1099770217163.4421	-340107882811.3278	-488039220354.0539	-131097652703.32971	-327117220257.428	115510348195.76753	-898117308183.0762	314673794412.6609	-266199922037.83212	36973671253.7032	1953973696591.969	-191028784750.29453	-64223851901.532	217505799698.9424	862359008376.8776
DTXSID1027502	-4.982090303560979	1.3137302384980913	-2.351536422819929	-0.34162140107256683	-2.8416428225726933	-2.3724946966472418	2.42741850837358	2.1584097113403655	0.6987477377581702	-3.8587256395868113	-1.5774864552522492	0.9724269293043526	0.48273880683616005	-0.8270281099668697	3.747759348204738	-0.9462681707023877	-0.35378018724748644	5.274637340730444	2.995939978995305	-0.24966051520773483	-6.768317248605476	-6.62890036442728	5.456804620770276	4.072119898841019	5.23006432038049	-0.9015939783892559	0.250831743303659	0.37450263752167573	0.4047815987600739	-0.10841857487217449	0.21332440693731242	0.06731949993037763	0.06335851052031383	0.09960017557672177	0.2126296737499138	-0.5951402519556391	-0.6867357600346994	0.9688759160354651	-0.2684582461766158	0.2989389486287289	0.9878247642936145	0.9118123338380846	-0.35914745352341887	0.48484882053779094	0.30195425550877253	-0.08214328886461669	-0.33498454175851444	0.8393321808786712	0.6167114142583967	0.19636876108413617	0.027612709550862327	0.5611490407625481	-0.4973147353745986	-0.04795490760060408	0.7457811435608558	-0.8076675412464925	0.26645783079260443	-0.3267313905045839	-0.9495503274173477	-0.06737552551334466	0.5252639768390684	-0.5167891205768106	-0.08417625487131003	-0.6037091258040925	-0.2611716033256862	-0.3698715196325609	0.25846004287036994	0.36470388213156396	-0.18998648784816485	0.11355203659444958	0.23071116138384717	-0.3344529088279463	0.5046809144204341	0.3937778257880944	0.08844958136441854	0.1244170112351725	0.649918728497653	0.21536864858683283	-0.21369062304764094	-0.25958611254955777	-0.21167509130859744	-0.2837710087749533	-0.335395357673853	0.4832325100816888	-0.016702444007601052	-0.02717390655307383	1.2354728794802825	0.43796864709531125	-0.4217107140577608	0.18034926963537426	0.4212165906513557	-0.058900050408032346	-0.31357153244885616	-0.006593531052795164	0.28644585771116804	-0.4027371339858766	-0.3590005165522895	0.4386320488439835	0.04860469555152919	0.27685681074997504
DTXSID0021460	4.585499156272883	0.5199653673926456	0.8006398183855405	4.4494493457551645	-0.10987590012494321	-1.2540456765948655	2.2148375661221946	-2.812240292119621	-0.6557216432079158	-0.20734770441688452	3.2126169450043	-0.7212624568471053	-1.2223095206442118	0.5451296447361794	-1.049912842862281	1.272409499618235	0.7689674910934813	1.5520843624834835	-0.8622144630068301	1.4052650416646058	-1.8190426640496746	1.1147655195999366	-0.9258334834710606	-0.5585907673858044	2.323868465363286	-0.4870042798810946	0.5590436071157008	1.0678247429092813	0.7724843739386047	-0.05646484222394111	-0.7790849919258587	-3.36474517330182	-0.45396157924082403	-0.621162110004913	1.4795953337308319	-3.2666952785335277	0.22242844237191214	-1.127924398294451	2.9925465675025253	2.68157759088584	-3.6238279375760243	1.4727939206937217	-0.9679468446810077	0.6253936836200367	1.036903638545742	4.432518874632877	1.5599916345080844	-2.527451856896293	-2.9183443003629077	-0.10027308691740505	-0.5123742580621056	-1.4259786550768259	-0.17471988514569295	-1.5821500641238964	-0.628746278798552	-1.013079873744913	1.5101492523758935	-1.5424699293737567	-0.9009661775935729	0.4685120322877496	-0.20284465885082426	-0.10773101065073191	1.6165498328994048	-1.2851782852772318	0.35664455835652026	0.24144800763913488	-1.4331396523552726	0.4461479238640515	-0.678059073313557	1.64918613785499	-0.8750133107213651	-0.6598054229756616	-1.2391664909816644	-0.9399849989826098	0.7241866606855586	0.04735335899489016	-1.4293857304438728	0.46172376479291805	0.3134646179795898	-0.7251249996341695	-0.41792564950735006	-0.07108092762521434	0.9048723018827762	0.2349844703927145	0.5458995746374036	-0.9649732521133998	-1.3680969862976848	0.7879890470553117	0.49298782525360857	-0.865907513774708	0.33152900450510536	0.07817039235818117	1.1384648650066584	0.14394674837787316	0.3504266211884125	-0.980353644242143	0.6779801606490996	-0.2433272399021564	0.2511207743994414	-1.1433385521797756
DTXSID3020097	1.9475431659064815	-0.815767989126681	-1.6896979848046585	-2.085811581158854	1.9254824809070306	-1.068873829837533	-0.7955374363665898	-0.888655811216844	1.7813096097186445	0.09572759850019884	1.5391551447054672	0.6962966117836984	-0.5709698041511935	0.3141296105276035	0.5663626607985556	-0.8993433372734495	-0.6127723802452385	-0.7134625364945373	-0.3753888588683308	-0.3435220544724577	-1.2017427748040073	-0.4297613142814336	-1.4739882566980766	0.8577926770496397	-0.5209127251257338	-0.823642119963146	-0.08426494339427905	-1.5988001202016662	-0.5603680893335388	0.51246469899472	1.0410073361232723	0.23154466563264947	-0.9655076141682897	-0.6469651649046579	0.34391089172405886	0.4542846030251071	1.1799388385848628	-0.04473828612574557	0.4045037115223813	0.6636685463671644	-0.26972643175172517	-0.6006707663729967	-0.1773813958730371	0.27589301684375905	-0.10815543094087098	-0.5873865915780024	-0.20454880539436218	0.045451707753417524	-0.2821771903179415	-0.6584364189498247	-0.11260917337174928	-0.19285063730255964	0.24908882580671118	-0.6748511982440774	-1.000062863978884	0.5769409444267714	-1.075411818729648	-0.7564384682610713	-0.35908263478483265	-0.9819120189767585	-0.6949035229750368	0.6736263059331532	0.5285462064781927	-0.06277296334279361	1.086207676765583	0.18256056683923516	1.2493477435320028	0.21249214075992484	0.0754285462847473	0.17425388535053732	0.20380112450558696	-0.8902481841588002	0.4104844756308585	0.2992986207144998	-0.36567010780356735	0.6691085858801396	0.6237882027637199	0.1121547859664122	-0.8623089884141851	0.07650321985047835	0.7038680995930836	-0.5010086832450997	-0.16459578224585944	-0.3612652760891086	-0.6619184363651891	0.6343908230536461	-0.5785080283066663	0.13092438959552294	-0.16648577042378312	-0.10748658738150817	-1.0432964419254238	-0.4966988428079545	0.5358048230050998	0.2051088738901927	0.054317678510841405	-0.50316758944399	-0.5476008202985196	0.7008393115219551	0.2439164279593298	-0.07684227159332138
DTXSID8047713	-3.1419440543007573	0.0046546762025753705	-0.7434269591286728	0.4944069227430712	0.23408780730469703	0.7286009596049017	0.9052226773765503	-1.4892968659802222	1.976386507817356	0.0707357397945532	3.247902570032907	0.7100253336546872	1.0347263945083691	0.9916808045787254	0.4372605572366923	-0.5336515077032545	1.00500475369152	-0.1606109280486386	0.5021356007372363	-0.016154516869006066	-0.642253853118111	0.7191388117508876	0.39108000995858105	-0.4540367854417109	0.6505595142178294	0.07651694442443442	-0.04884748688477439	0.034793642123002455	-0.6162719877286549	-0.553276509264384	0.2714568703226846	0.1321489243979152	0.14300161035676137	0.327124841976594	0.410924949731328	-0.2806758232786773	0.3659744105645724	0.19715360646062216	-0.286243715482686	0.008545356944173632	0.4789875727766177	0.016020021935275946	-0.3144626361259581	-0.025857994433635217	0.332159175212418	-0.5381905676580251	-0.6426181593236452	-0.8024912347200203	-0.2407282966847213	-0.030331393520622456	-0.5609890028052301	-0.3738208139418398	-0.6780901854971897	-0.5540377058924469	0.011227364888945362	-0.2537110588594793	-0.2061300993287839	0.4879521952427941	-0.8281057190149774	-0.2524721877662106	-0.027519524200962733	-0.25356537493053155	0.19135014232853317	0.5483204716819464	-0.4264432312482287	-0.010909246377170632	-0.13923529527917228	0.0031638729552577695	0.29705394332112034	-0.12418532352767252	-0.22429538580630742	0.2669826877352651	0.46041193243462797	0.49997481502617525	-0.8117731684908019	0.4737194592360789	-0.12191268365062681	0.17443988337988844	-0.3187311562854269	-0.30307251532808416	0.45421216687474547	-0.4099572582261655	0.10445658079772292	-0.2093532271039546	0.16830178768296267	0.5288904081207412	-0.1535236923319227	0.28521792461368345	-0.2940742316182574	-0.0631474975560445	0.0809163958869518	0.23070815567243874	-0.17745908205122735	0.11655262918924855	-0.3136150388782129	-0.29938592697803956	0.42988963858354906	0.1227530496680403	0.04930356697287483	-0.11371531969563858
DTXSID1048172	17.849129816715838	-6.441602133434103	-2.8465727683480755	1.0239623797124624	0.9705839519846498	2.4046062356147315	6.562922636833325	0.3104993661645536	-1.4282525732969882	-7.307308360942806	-5.471676497446823	-8.65962476619746	-0.2473218321746674	6.7746698323956736	-2.28879766376225	0.8301131595146605	-2.1749457623906348	-2.003016397652626	3.3560869286686033	1.5288016617440185	-0.5280498409021224	-1.762915898807421	1.1119814538298496	-3.840091231535758	1.8118592200451153	-1.5261042276179575	-0.6679978852922291	0.9649125281159918	0.84467291189918	-1.9838044625043378	2.514757689010841	-0.5043412532076212	-0.4091448833880424	-0.42155953877424845	-0.9179407785842965	1.994288771119631	0.3375063054247443	1.5957162929214892	-2.446643113828411	-0.4755168965512169	-0.47390184106838135	1.543330561072294	0.842226503855765	-1.0993834487710823	-0.23276060364055665	1.186488947262826	1.4355681161674092	-1.2303323155423553	-0.7876166099254162	-1.530396320378354	-0.6694893059062499	-0.38964277924838814	2.166248113977835	-2.819986102624325	0.9384285069750173	2.6311079388958003	0.7850119559749499	1.2728042913503086	0.8110428866959	2.3191647610463453	-0.6212519769083882	-0.4410026144806518	-1.767930178285913	-1.1214522695389966	-2.585442433941485	1.4423358886837832	-1.0759513370294806	0.5973524771059588	1.1443618163036602	1.936369203389717	-2.05755966280748	0.824341672989032	1.7967707940611708	0.041414419404519176	-1.3144151711953704	0.21325929114242992	1.073904875483203	1.0304595565119807	1.3123390411275722	-1.3201247582582736	0.4880890147494621	0.854849943149261	0.2065003319258581	0.1464343002558791	-0.6051822642613243	-1.056419075446911	1.774623209934822	0.7528032242234821	1.8313689356413674	0.583192541810193	0.876912930565644	-1.428184055713078	-0.5954680034808737	-0.51344385929341	-0.6521979116174348	0.7637172648009993	-0.055952567442685563	-1.0345538761311355	1.2076886140677203	0.6693514727824369
DTXSID1048833	-1.3505335235573805	-0.9067808075791471	-1.3588304132031273	-0.612668398664541	-2.753808819932062	-1.9798643516518462	1.4122056351232795	0.5747343084641489	1.5028010099230786	-0.814986513786773	-0.8237059923223747	-0.1628751978010404	1.413896181660623	-0.7032783340609498	-0.9087912186594898	-1.1024888186296722	-0.15003072960192537	-0.8411427699435675	0.34067777369768093	0.8359977793029313	0.6495292457895053	0.27939519971218296	-1.0527539393963932	-1.191294274961775	2.379086065538648	0.2518234469206892	1.9975545400304078	0.043557671679759144	-0.27132542777348934	-0.19431893991019286	-0.4189629184212256	0.13788137239743967	0.18159345701252116	-1.1908356073950055	-0.8449235865604421	0.5818704858843542	0.27677273326912816	0.4014594408482368	-0.9713683515403551	1.4270260375202781	0.42954044050984064	-0.5393525236446428	-2.8371830804501657	3.357507085973841	-0.6920406751565406	1.2556078417268053	-1.7401336361483304	1.6857889053574215	1.4841295001008554	0.5168929067995678	0.5324078582994775	0.9188654541512374	-0.7150009743239817	-1.60042608876534	-2.0457760020593914	1.7566602338143353	-0.41511788957978063	1.57053009517842	-0.7081203786878417	0.7543748112173512	-0.9941755821041837	-0.31813992428812743	-0.18609057374814597	0.9532725987749805	0.6369775946555866	0.3005998560613879	0.06820153352498196	0.058087910866387475	-0.0030774285619682836	1.1081324145939577	0.23444621304134544	1.1107091439759724	-1.0222702979453306	0.25435189121736396	-0.31152467464357597	-0.8944165735850792	-0.41017730732234275	0.20670257863762395	0.645262806788416	0.2549588253467186	-0.9519428289295121	-0.33087641116974165	0.7272180781836176	-0.9821753584868592	-0.16816660148889487	0.2624666512413864	0.334547719257352	-0.128391742097627	-0.29307049766426124	-0.9792785855011796	-0.40015120845794216	-0.38560539082625	0.3862876357144863	-0.12541213576615298	0.5640529997228683	-0.397269311911077	0.2759643773480829	0.7444863210145845	-0.7435880807069151	0.8061953229442808
DTXSID0073118	-2.0277600720468505	-4.189152377405183	-6.380014607483002	1.0467793579064162	-2.235041845473858	-0.4707336810483009	-5.898318760238646	-5.994496295414376	-0.6376255915055713	-3.1327793948437677	-4.698650460869228	10.705186827705152	-3.206766195091116	-2.7864055185415113	2.143529609575711	-3.0065727683913486	-1.2411173157652637	-5.518620930837185	0.35705539681998016	3.0353274830940085	-2.5682012079814562	-0.9961292596551159	-2.1052102083752815	0.8122297600750636	-1.778941190075523	4.547910307983832	2.0337718768148245	1.4770097179072	-3.3603256872301515	-1.7081383069505913	0.34420846894317997	-0.20314908232190443	-1.9645025980832573	1.8047013933289746	-0.6655379082413784	0.6109785709044321	2.3592974874455064	1.1011066507204423	-0.7391764612259188	1.7023425425060041	-1.685273723694279	1.7454820991930518	-0.2051887547396197	-0.7582568811031335	0.8795438405638384	0.5475439838425364	-1.0360862504140074	0.7684025111917017	0.3793253112233674	-0.5715655337192227	-2.8201088770092992	-1.34183801384327	1.6211899293140744	-0.4792894831269749	0.9934926002312957	-0.2576214350495391	-0.5569825575134343	2.0141364286805024	-0.7350035400665725	-0.34477140603827217	-0.2655477406431468	0.3957492344779139	0.1307475266631116	0.44040050423160887	-0.14667738718882634	1.5503464321971712	-0.3596313867877894	1.2594456731816441	-0.9381369647480816	0.3456661699138458	-1.1270687761420757	-0.8002375718980984	-0.9135117460735344	-1.2771481242579092	-1.318509851186388	-0.2708137653144263	0.41256258270313534	-0.3725289127916847	0.618517296914206	-0.23471214036695162	1.1619188397047986	0.4312646034893488	0.4095024139090342	-0.9762078306269729	1.1077846675567773	-0.9650335731347932	-1.413354527784517	1.4525805782309493	-0.7186566669493909	-0.14793514800448862	-1.0205661942320106	1.6116840999578508	0.433740875896882	0.4938860599163061	-2.2013917228148467	0.1432363400193111	-1.4553168105160312	-1.4435307221461642	0.9361062263874225	-0.8614233498092693
DTXSID4046234	-2.224906757143245	-1.8581154441381356	2.4411023866314885	0.8532669918303417	-0.9731857403607035	2.7651332741630954	-0.9257062599249435	-0.506806548779416	-0.08272520899294226	-1.3445244905785907	0.18939514766832774	1.2407762909892919	1.4862051226590653	0.4696019946481643	0.20041311274345255	0.38807936542382204	-0.29405118770501076	-0.2899241489115051	-0.6929597268273068	-1.4111986284417057	-0.43201448531590836	1.4032132164025062	0.23961438479961072	0.04047220415353072	-0.6772485940358558	-1.7974514249219162	-0.43706070708495554	-0.9863399940861123	-1.3664127319661057	1.222021033670015	-0.8267544030612123	-1.2102448526084895	1.90377834366625	-0.05840594112488312	0.6170732816198243	-1.923387404604086	1.212272961659374	1.2224722724043906	-0.6884183305446424	-0.703727190258956	0.3122971517436393	0.37039756712918026	-1.4087054654243052	1.2085225789773162	-1.7497621873321827	-0.8455041223346523	2.23701223082262	-0.6496103834094779	-0.06939653818977352	0.5607488499471682	0.8790684519906077	1.7733781284351462	-1.0816438027900845	-1.6460564593027014	2.721402833241651	1.769164762368186	1.4611553232616836	-0.5718309214557251	-1.6780426711728018	-1.3270522336880508	1.134412930881271	-1.2085384144086648	-1.1916538404793222	0.8755175637656634	0.24298191889332998	0.7247931614842715	1.3613492023428229	-0.9351843279001164	-0.6665881546185725	-1.4800440142048483	0.032380138547687475	0.25671809550450225	0.3712394238830792	0.9352481248419154	0.5089659818232752	0.8190141193480223	-0.30943613136569675	-0.7395468736539589	0.12855671632455395	-0.2035273031514277	0.09668374494357972	0.5259503498840689	0.21630375177162017	0.013128942829542	-0.6664699069690615	0.25300839800047614	0.028466500529814403	0.3244561293545718	0.1172027438443958	0.038248004727691784	0.12781999676421066	-0.46592919836106317	-0.09209302419799074	-0.44600940173339243	0.26623041666554237	-0.042150116092268416	-0.17517484248029105	0.08351505562817459	0.4812653669913139	0.06179652511267766
DTXSID4045424	3.7109457158950807	-2.0158220615646707	-2.6012136339823018	-0.04748402060031183	-2.4608155822809947	-2.7220143959366987	5.808912636402518	3.9810267694241857	-0.057439485539319886	-6.081155177636868	-1.9218257514040402	-2.4658519553078535	0.6002496814400894	2.9705824588641465	-2.6047926260467884	0.4777394747325776	-0.9080311879877514	-1.3869188321913979	3.211609007497088	2.144608743739164	0.9139156349389318	0.15966797628544696	-0.49518219462343765	-1.7765142467441681	1.9086337382981147	1.5420581918843272	2.2749693884554043	3.4775089369282037	1.4931814768931757	-2.3439516284358586	-0.4940382722448933	-0.11425746729544035	-2.644239962809414	3.4112968435691324	1.6762166911927014	0.32232822556391594	6.38706383919547	-1.127597346323374	-4.055234309876473	-0.4824210533440351	-0.9271940117948612	-2.4614613979827564	-1.567404685490267	5.8235501769076725	-1.8684067668583375	3.1059669227235207	-3.2633125111108057	2.8098059251696634	2.402018944763345	-1.5093829354847632	2.7582974560955957	0.2784239592266537	-3.7785643376037923	0.45234442598309405	1.9057672109465036	0.0017162211559891287	0.9394506688614792	-0.9942321741167321	0.05420849092240511	1.0664773573162427	-0.0582516283400494	0.8800692792966766	0.47974842151322045	-1.4042869140705905	1.5337150641845125	1.072320566659575	-0.7290726368361412	-0.45120955383853584	-0.18253268879631815	0.16410433089255588	0.8569727267794505	1.544905464950048	-0.28224122328520523	-0.24922139760625328	0.062367627240939874	-1.3741096099244878	-1.7822043527379634	1.0247253970746544	1.84436306805132	0.9240629880037224	-0.5741834607511938	-0.3462539125959852	-0.07164059805814488	-0.5512325076075709	-0.507384230359329	1.011715182746036	0.04865811204229084	0.014453083947482787	-0.34593741988665594	-0.9041675110968657	0.3305236014769053	0.30173394398979664	0.11221291156668196	0.02608989548979673	-0.32548964632657534	0.7188328118196825	0.3108116775690419	0.563254821860608	-0.6251421433151659	0.003271242744258089
DTXSID8046951	0.3882169358706323	0.38591337964063216	3.7938042068385798	-3.2752843271623107	1.8613520406822095	1.3762614193246896	-0.4501446996167245	0.689191088821977	-1.3137591877856523	0.20710971162079644	-1.9197326206030576	-0.48290778790940675	1.6262471065610853	-0.9291414915549335	0.6195178078640613	-1.0751362594554386	0.7752092748175345	-0.06338706387879876	-0.5212079741873343	0.3028472950888445	0.4852315887260356	-0.8603249266853229	0.07132598907465484	-0.3064718411884044	0.47587115820425757	0.5369368235657346	-0.18298411648548757	-0.23493636131626214	-0.20017135901362018	0.38233643699091147	0.38857398355610084	-0.4059808749217771	0.09380450903780257	-0.04930613511120942	-0.20041804372950872	-0.2753243626797225	0.4058838800662469	-0.8427012648574751	0.719921091225526	-0.2466927617169552	0.004119925723443955	-0.7137584150391335	-0.45489457392503846	0.5450643601657714	-0.028144100729767238	-0.5397207604832953	1.0555008211179644	-0.6585696267693849	-0.6591718593346303	0.705421296600241	0.13508913752318882	-0.28109589575385474	-0.2807966350030388	0.20974633371748927	0.39970424548567435	0.7279077959493508	-0.8699028768486512	-0.030373088205227737	0.8551014301908902	-0.29394084630734874	-0.6023243811608608	1.217613504560542	0.20990490752638494	0.5123447531625079	-0.0038642230101037477	-0.3026322604781242	0.479101107357381	-1.1047784505733902	-0.12272767230390161	-0.08784706005816036	-0.024549044648749335	-0.018452656034272093	-0.45442534310269855	0.638816764173211	0.16513923815146359	0.19197406629009447	-0.20903046376806436	-0.6207395527882267	-0.5545717748074749	0.526931534184168	0.2507816505488232	-0.5376884755851554	0.768500099600444	-0.5334271999953443	-0.36551174248183227	-0.5671373931652471	-0.3026068743711859	1.244981498419401	0.13134044921551646	-0.17228207374557153	-0.21634722747267837	-0.740595196668304	0.4061965544549092	0.4706412020799095	-0.5752570641003738	-0.6256635493618558	-0.5101980761673531	0.2506408744526852	0.5540299522084816	0.3212823506989857
DTXSID1042077	-2.5760099397696865	-0.32392664133483773	-1.5822357907056785	0.14940171481725026	-0.917791922812357	4.406585370144429	1.3715655564326388	-0.2706609662446286	-1.6976417567379074	-1.7811394362449602	-0.16874909947173797	-0.3535561239219536	0.8620831053606415	-1.1555765407775422	0.5224356048622111	-0.7188390744307825	0.9749595533094737	0.07955034211695886	0.5770738928569462	-1.1955104952179483	0.5496695144871919	-0.08267644002235526	-0.5859749709489345	1.264238981838301	-0.9154716868969663	-0.12623026001611823	0.31020519419417625	1.0245189651456998	0.21809982152584795	0.7380895253739549	-0.7513974958542667	0.13284489851926273	-0.3352341719131234	1.162079984294473	0.5227991100069461	0.24598531563368012	-1.2676803506604233	-0.3155177755245996	0.3090155061444362	-0.5787191835500197	0.8366897390510506	-0.7735206680203953	-0.4872602330559266	-0.4390578511126238	0.32634920719034827	-0.43805951578076197	-0.15884753484920297	0.40683588297279966	-1.4080641703047236	1.1064422888030967	1.5209223728578278	0.4379680418461502	-0.9162653208618196	-0.772828490430139	-0.3225972078347753	-0.21682023263466435	-0.4757723090889537	-1.085755638101387	0.22415038294997322	-0.9807823049736222	-1.1834299668505899	-0.2742983560652995	1.1433662183701039	-0.07017071425048753	-0.4542580017458398	-0.07560301787224928	0.7648967969399177	0.43366094978995884	0.015356552786271436	-0.1045443568518968	-0.06442687628156189	0.10910669306509582	-0.08042947726043664	-0.8316526386983766	-0.5806581791681598	-0.06763914171912694	0.2847068039018614	0.4905370213225365	-0.33578211706795486	-0.19916980477888888	-1.150415290383929	-0.20265555503747296	0.9302444921548129	-0.37193162240955185	0.2043412190309884	0.12036644850145031	0.08206433195509784	0.12662959400282095	0.3112661411157761	0.15684091900749916	-0.19220812464942913	0.41681112734494685	0.19683162172170418	0.18631334852345302	0.084303923129928	-0.025274076629523697	-0.2681607308083658	0.12395306560742042	0.06283540779715646	-0.3804270503342877
DTXSID4020452	2.031327302398739	9.591592940010223	0.0026724795336186286	-1.7088713581191903	-5.680636485257751	-1.5384237546776682	5.0396786802589135	2.1441937640119257	-0.6987931093024318	2.6334078925014657	1.324381014560462	1.502966522348461	0.7351820242960114	0.2774240459498142	-0.05415964816566094	3.993573814294535	-1.6796021594118205	-4.355925639667165	5.483402929756007	9.154937420327128	-3.5492598805605753	5.853770611521049	2.4711866635707445	-2.316027937228615	-2.432529758200989	-2.7221777443210753	-5.962637845232062	-6.029626278855369	1.662286452107985	1.0163754521334896	1.0579168273341397	-1.7444314864937063	-4.710653491450193	2.7355332461891044	-3.119969612729118	-3.7192192218980953	2.3671007497775927	-6.418976392028523	-6.883508293916109	17.899173078358874	4.452924090697864	6.233270402574362	4.371284250536383	-4.8417086893192565	3.2654211105958986	-11.261887561959739	9.169522922149953	4.7652095633100835	11.848511319797995	1.6759166067013829	6.05794933691127	-0.3159254343244064	-6.754228875583966	-0.6022983573067018	-6.35335462784356	1.7687902819690415	3.205871801924927	2.0388981880787687	6.325246901900231	-6.550153640287514	-2.6182105821197568	-2.2739496663392376	2.452819414756549	2.9569039667482437	5.029265246581214	3.9243449413462317	1.1878176242729428	0.7346582866160051	-0.6464743281137295	5.663190313857259	-2.746843199872157	-4.736600612991079	1.0602636602457254	-4.734054849034979	-0.11274381953166547	-0.8692938679346804	0.8973386827962406	-1.269018288552512	2.8554288313230174	2.6417456722130286	0.6668308782988833	-0.018407508199620982	1.2492103817041273	1.4911879157335877	1.5316112950169531	1.2248914370765651	1.7450132428326455	-0.06257980823174679	-2.5660557939127413	0.17094247058674064	-0.8436696040913516	-1.046034832304358	-1.2444141367004253	1.5035740500137473	-0.15969172437296175	-0.76447180080196	-0.7850517374772745	-0.1436668478804791	-0.9862062269409879	-0.9905392297628483
DTXSID7044762	3.66313759014532	4.252386340590338	-2.5633464378372666	-3.0273760580094025	1.0612946688081004	-0.919404007558642	1.920840895888612	1.1123151581517428	0.9414490121879989	0.6654974363232685	1.3637243601156006	0.13322054418049914	-1.7505371291651675	-0.17772336968746344	-1.761091775616741	0.9337509436667465	-1.4832782452475433	-2.4114872206999354	2.1652852770694806	2.8177283840363727	-2.774387149970364	3.1334663007629575	0.8615085993814191	-0.48120800859961466	-1.1074964102359535	-0.4697491943106478	-2.8174287737583326	-1.958414699923691	0.8416538473310782	1.3974911191372896	-0.12595468083012165	-1.4229854021496873	-1.5668128812363091	2.1927912335511586	-0.7504643230146105	-2.2167596731196793	0.2613754221672351	-3.044314941215653	-4.097095731220849	8.918074147332955	2.71177082418464	3.1654522147461135	2.036839962075735	-2.9592680193791807	2.116887441984896	-4.736032772248837	4.788097084853295	1.8460077770720271	6.022550141953938	0.5837790912535994	3.548948558674477	-0.19435176445457308	-2.9976614281597667	-1.1010099628680263	-2.798449485665794	0.06629059144561804	0.3429530203625595	-0.32968418979387304	2.0158919729781704	-2.766367281163289	-1.1967199388911192	-0.7660129214107186	1.036297823171587	0.764782578745403	2.6237346895457727	2.566954822748878	0.6676708978076425	0.9116173886481923	-1.267901942615284	4.108435063375572	-1.98219598669144	-1.9744854302444679	0.23488107555053936	-1.3420888283855594	0.698463064224318	-0.7518296486022824	0.6908560981929478	-0.06698698355737141	1.7210811895778595	0.8269990568685395	1.5140098524634817	-0.26932093279099417	-0.6640797604178333	-1.0533703479152177	0.7594396653165485	0.3598759653008419	0.43697759047841883	-0.5066403777865368	-0.8484809019061434	0.05571101354582118	-0.1988081717027398	-0.0446373166148967	-0.18774117918317	1.3778103107631954	-1.076977278284417	0.5045043753990361	-1.198012942682085	-1.1531072124012347	-0.920176630521542	-0.40364856340730815
DTXSID5048506	7.463156538146548	-0.9798783136397764	-2.190186079201963	-1.9150200122763017	-1.575592936077499	-0.5559097193185668	0.10498860144218268	0.9869359581232011	0.47736673777070115	-2.3504108453441632	-0.27904340448032017	-0.9218936138097771	-1.5916440095472395	-1.2584199392168205	-3.462353178626986	-0.20084167889587357	0.21983122161637492	0.3205873145836502	-0.38690527999062374	2.0272340148196513	0.6300662635626579	-0.6996011129971882	1.0474217354588566	-2.2659222026913772	0.6663318941453105	-0.02870458905740584	-0.6898616293684965	1.0564641697259616	1.0612512593778525	3.7907394833506647	-1.2692731305465663	1.833892138938925	1.2380213823784818	0.8133158738182966	-1.4138814315876083	-0.31884284447141203	-1.0731422637766144	0.813602128209415	0.3571055603759321	-0.4509531168540239	1.145684761293151	-1.6403851944599228	-1.55377511217958	1.356811956466664	-1.0079413586312096	0.8254303298541757	1.5156063990256086	-0.5468860050332076	-0.3425564764478697	-0.07905942708584007	-1.0133519016944657	-0.24241201289904524	-0.17473478709759604	1.9160971154582604	-0.2495881431373887	0.9890114848121807	0.5737635924145361	-0.7216480357342879	1.4439006039264457	-0.5958067087834392	-0.9364806595043459	-0.7928720199350527	-1.0279266706863763	0.2357311936511162	-0.4010330436345004	-1.001841952574204	-0.10869656774321369	-0.2835209703155095	-0.4440523179575402	-0.30904334394203964	0.2681669204133174	0.1734225895084867	-0.43115278284366854	0.42163573967830636	0.22743846074124133	0.17493037605717449	-0.4965028554858967	0.3368027262677258	0.26146043593484963	0.2879494789540369	0.6434077711253978	-1.5905263029714465	0.303663896892062	0.8292101579096188	-0.06429013456751638	-0.04513577276886142	0.4675783115642615	-1.0027097035560384	1.3057653024581108	0.6719076143525298	0.19017093986719744	0.5455473157804503	-0.9315637332769668	-0.6853247753231366	0.00677915188682417	0.32039477830270136	-0.3228425256491347	0.4277208038361235	0.8028196833756047	-0.39864019018204616
DTXSID7049219	-2.9820624745754953	-0.3643624334434549	-3.19634304408187	-1.0843828874305004	-0.44617289758249784	-2.1209591652566124	1.813775973503731	1.30061836819367	2.040187962984134	-2.8433797984178284	-0.10707103217990128	0.7898520546447322	2.081109791371312	-1.5933066218417375	-1.7392510096925475	-0.7478048968148928	-1.025489480098136	0.12082614003776695	0.526854732566108	2.4996702553347716	-0.6017913137072751	2.066840721138677	-0.6773634658795615	-0.5835706124620047	0.42566077894548904	-0.3879891609314307	-0.9151188272869399	-2.20305372244134	0.9448297062226954	0.6811949798105897	-0.7034985350595788	2.790884387542179	0.6721289938530441	4.838062823617443	1.4778424034867164	-2.1765609764699168	-4.664508486117925	6.787993637300947	-0.4514436869646323	-3.825463705667155	-4.969844030804977	4.651325972478182	5.730956957048078	8.128950165548451	-0.5362466215112163	-4.878794415467638	-2.287421530192576	-2.9559337350042214	1.3237611457344642	-1.135750193538853	-1.4004937596814224	1.3591862555137708	-0.6475734980710859	-0.6973141376002945	-2.789020374500339	-0.8768547932091217	-1.0032996962370926	-0.9894869035261458	1.0157365605713606	1.3914627073794963	0.1351296149200265	0.14970738372974868	0.17626620942541463	-1.2549150956795385	0.7103523078864488	1.383131194287369	-0.5579834232365782	1.608148313495389	-0.08185494449048498	2.07686079281381	-1.1595527323665562	0.05027210438955613	-1.4460380706894	-1.4364505337573057	0.7807631704585133	0.14554408469200059	-1.024856190748739	-0.11944420156718816	0.7674798035743063	0.8488543714183211	-0.3458948207694629	1.3727293062316452	0.1753384583064063	0.2583324362537368	-0.9973909442135231	-0.02598900091959273	-1.326808544388587	-0.018166674348045544	-0.3087078463968649	-0.3475593379742984	-1.6012132622490414	-0.4283607162379939	0.8222946158374859	-1.4075490317220292	1.4498956023450855	1.175229341543861	0.13825416790620806	1.2055856470642428	-0.9821369204137591	0.17236132938641832
DTXSID2020894	0.17580266114175103	-1.9537038772338844	1.6383524902434057	-0.8770989212805794	0.5505801601860305	3.8670640632199067	0.6859807078078481	1.743263900307559	1.093907620997336	0.3609524188981584	0.2572943480616637	0.37914862481578154	2.7138887844763797	0.3536811446696915	-1.0243753862585756	-0.4286408931093282	1.3607527685956924	-0.8898107230302613	-1.6971630158484836	-1.779355681318254	-0.196863198030236	-1.6717969073009142	-1.301032555324717	0.6029528269306453	1.2427695807663595	0.540599443118023	0.8939539654190006	2.478385558086285	-0.48631257390414756	-0.4191717347562125	-1.3049434118303265	0.7694598359618934	-1.6460559109469801	2.3545661628432386	0.6300743226770942	0.5703187782732103	-1.1319485843306782	1.1594426581913584	-0.8102215902654717	1.2750346348594108	0.5645607758127673	1.599469681782232	-0.7496185878012895	-1.5018467359875107	0.8399607424790043	1.3687115694557639	0.1297282368870503	-0.3042005920535413	-1.7686308734166916	0.6036886498492772	1.8225506336662847	-0.14752284535602025	0.5034207922456991	1.0309672773065828	0.9054945888021778	-0.07440620923493753	-0.2635578766878619	0.3394020206821317	0.6003903714896673	-0.46668534375717524	0.01216774271920721	-1.1589597938154703	0.8350557167462769	0.6788283517555174	2.3809689248717363	1.345158478264704	1.1484887292692891	-1.2053248632068427	-0.6134900352347339	-0.37009468111639476	-0.9110818081277278	0.7814292528073543	1.88611948959035	-0.4357067078250592	-0.06859321785275797	-1.1741365133458221	0.7570508296044929	1.1739357661076577	-1.3187025249566275	0.8883183764455135	-0.3407817419421683	0.11329542927921277	1.0751838313591962	-0.5724120023334565	-0.4533164897563028	-0.7505090948934512	-0.17787719934020638	-0.2923978295165636	-0.18180046406976594	-0.5694385811767195	-0.5111512833443314	0.5421844289515417	0.40244371147078156	-0.036532982975877475	-0.47166699476042195	0.6968984220707032	0.24348791984156828	-0.32367379038208816	0.1824873159702575	0.2499289721992097
DTXSID7026863	-5.071482131653098	2.7917976923577226	-3.387421124144864	3.1496055397973546	1.6368378467019316	-1.592169818227839	0.3200098150585733	0.6124283237449546	-0.19865749134389374	-0.1938310109021426	-0.03635917504231775	2.4632416118411418	1.1057666305939415	0.3709234260546188	-1.5328527307927458	0.8637831942123447	1.0328402380838972	0.09267962641782522	-0.8998757474143015	-1.1014684503890773	-1.1736071002717954	1.619357239514046	1.4931293320086174	1.0752028042870574	-1.7082837078151059	0.1975752923247915	-1.78285291383821	-1.5007521255196583	-0.6521009119231695	0.169925782891981	1.8906347725808	-0.7186863629510348	-0.5306492414954546	0.06006442727466409	0.7549741288498643	0.670603925028775	0.5277690505800844	0.7998804677708616	0.09723671598337703	-1.6409043257501694	0.3741662129785644	-0.7084013954289072	-0.3531397758629808	-0.8245888444384083	0.7123846041586089	0.4851566741133758	-1.6468983762147222	1.5289358668475441	1.1428450009956483	-0.5716541875192281	-0.8092741090299049	-0.2735408022002007	-0.29607595876291815	-1.548496107639777	-1.7427844796107619	-0.40439310965508163	-0.5029528380049737	0.8947715367538176	0.7577699454246719	0.11692276490115211	-0.6272948944487325	-0.6225013609117585	0.3009171503945718	0.3488672585761197	1.651473820897934	1.1122276358684384	1.5704717439447526	-0.14582660750630663	1.0123970365279864	1.9170520153200767	-0.9354137149936013	-1.3517006535520852	0.8098930485611052	-0.9728797492527046	-0.7828568024292524	-0.04683100005633203	0.5528110979233691	-0.8370033719410697	0.12181976691533535	-0.26724645246037837	-0.608218136094099	-0.41399346871671394	0.6825439746260786	-0.058676115776314236	-0.0334974996117611	-0.20784689054227062	-0.22438975596646846	0.0354095394797938	-0.2715938221730398	-0.029936341206675442	0.23676179250153925	0.635383999552695	0.39595717801690977	0.006315666280485887	-0.09931003585991316	0.8465933285644737	-0.1970768953585702	0.13530428581280898	-0.18988130036645198	0.6478586965714764
DTXSID8025599	-7.40541912375982	0.7120214631821109	-3.2339297990836235	-0.24796337439223048	-1.428947602827449	-3.6212717232050977	-0.10345840027317887	0.2661611613150633	-0.046641350139506245	-0.38657664426436517	-0.944386972899998	2.7139716030574474	-0.6277877732072641	2.049325985669958	6.290032158200126	2.3517482988208576	-6.2940264308658405	-1.6954190253561505	-3.597765936802942	-5.294485191929573	1.5915614597976422	1.047712063919756	0.9629683285421231	-4.280265126906084	0.9838547134112602	-1.0069194131656032	-2.570045483783836	2.1795815161636916	2.0046333533575806	-0.7463785027564027	-0.10690661833822737	-0.15106957266535964	-1.2823836375606064	1.5269763630042947	-0.31403186587389165	0.8255517352731666	-0.6728727661303511	-1.5026331325116524	0.7964894643329434	-1.8537259376668036	0.053945355084987615	-0.2614696437460234	1.4061313197952217	-1.9620824783307715	1.5490388788944405	-1.4496195271962364	-0.40694039869600424	-2.201293523558546	-0.18637695876620092	1.2310323737776034	1.9936937724081643	-0.9290134176235195	-0.4856257648023905	1.1134053059594764	-3.546524721689896	-0.9352172826248231	4.097183640537971	1.0957348050634435	-0.484088467367846	4.555013480271267	-0.6902609816327174	-0.19964112837705222	-0.3427040955093261	-0.801791840068455	0.8919405585017244	0.3227382977796931	0.39724402635279976	-0.6684405711665489	-1.203274881534171	-0.8040921151801953	0.15283789324728683	-0.9081229838417519	0.06213081258558107	0.7321919201014043	-0.16272691928143887	-0.37418419561393823	-0.8302121981601244	-0.18498226610516866	0.30326293804375876	-0.3034882569992056	-0.36770501655487947	-0.4224934387581244	-0.09265965281059971	-0.1629735060857589	0.9472498676475449	0.5306341749828954	0.23232444570106467	0.22845205850280767	0.2148259972951353	-1.1310104284394253	-0.32759853628268465	1.5303426824201791	0.14818561930356033	0.08844355604580406	-0.30204537080317606	0.11152868572955135	1.6729005058563546	-0.31661276686350676	0.17689913340823743	-0.46128955937784555
DTXSID8049333	1.1719188666145095	2.3339131187528617	-1.566542014867057	-4.242450947861792	6.1243652961254496	-0.8258070837008474	1.6481594199609468	0.45168120218782265	1.0311556838228524	-3.334743476857378	-2.8956734374376936	1.636253186555564	0.5199797981559906	-2.9059752481188523	-0.582010433767385	2.1878285746191373	2.0248264716933906	1.3901277293019936	0.7835978310766458	2.172542270824464	0.5209634974534851	1.4965637802122391	-1.3396934593919094	-1.0213644962562294	1.5916241629806354	-0.947274610175289	-0.9952264326420582	-0.8281096750291029	0.621622349309984	0.3674603731412768	-1.0224485797924512	1.1287381785302135	0.4769583223438365	2.8867383097157155	2.063152341890302	-1.1380004747991643	-5.317445558074482	5.073633211424722	-0.07731042335977077	-3.246108128284396	-4.893424494133155	5.07876404227237	5.378054702905564	10.307394966883622	-1.2391541228335916	-5.883299952250824	-0.24748195190382014	-3.577083204297428	1.380324829807919	-1.3497977023609822	-1.1149397043062943	2.1446057882609333	-0.7662071652274417	0.918024641490428	-1.6738412743123745	0.3747087700601888	-2.010684968322186	-0.6169587897385335	0.8769306039969766	1.5885191605055466	-0.6382035912279279	1.057688715120307	0.3618904240961964	-1.3660555647593298	0.836707551750228	0.7905677324557685	-1.4826590060751847	1.3610314269075712	-1.2922246972599734	0.37402648207477185	-0.1903697556884638	0.3113509730065962	-2.0846786662064978	-2.3240511727687627	-0.1739007549882225	0.11543728003172478	0.515526126528956	-0.5393252511514826	0.5120978024744351	0.8694770831363882	-0.7116763435119906	0.49241299093643776	0.28214039545010344	-0.26717445399360007	-0.5284455662922941	0.20994387126477732	-1.5247317162084448	-0.3324985636536557	-1.0740648503576207	-0.3064751236794053	-1.2779428180813674	-0.7098357988468421	0.451146657214486	-1.2877002013113448	0.5362799783648802	1.1721378129418079	0.9856955856968155	0.9327316258247883	-0.5550497149532708	0.20147560276638193
DTXSID0044785	0.7817578164425525	-1.6856044135722965	-3.1339178926844524	2.697502463934139	-3.137300675504698	1.0466891613262574	3.3828061375693057	-0.468203874545045	1.0901586813877138	1.3548109353743218	-1.238790057982768	1.9944802029393696	-0.3483475136250093	-0.8353375753741986	-0.2869882428980381	-1.5801593048259852	-2.152348159360451	1.788277741574831	1.399515383832727	1.616302627964016	1.1218940823625492	0.04251830637112474	0.06602849379165675	-1.3432649958371021	0.1341108977685944	-1.1181868203228074	-0.29724510873486804	0.7932426464737894	2.0700810003444974	0.7161464364804966	0.767082546348279	0.13600653931435275	0.34811192587593526	0.14795354394806767	0.30005522864891093	-0.5133647687210173	1.1212703244093072	1.9997618591147275	-0.0056142327353283965	-0.8791534948995884	0.7993232721671837	-1.317559377384177	-0.24714177253136255	-0.822396467397234	0.8571937570416557	-0.03210644195158422	1.335926955085538	-1.162120969832472	0.9564711819032851	1.8299034684396867	-0.8601708132343325	-0.8683357426512351	2.473816980638973	0.06045844285735377	2.819577604089382	2.5025589725732997	-0.8602693616822801	-0.8791397705089609	-0.9599609156549761	2.7198311115600204	0.4485301672665607	4.209469903702716	-0.6239901206845538	3.655097759876388	2.507452757015547	4.67172174563487	-0.04182182280719895	5.231352314423239	1.5584001532229743	1.7544288790096052	1.1727426127553322	1.3301993375313022	-1.0229467338089104	0.5257699448300648	-0.30727121954882114	3.2664201217068585	1.1113941036045831	0.29712136051719223	-0.35156293479421524	0.9109648122551453	-1.5156423337957805	-1.6124911005146139	-2.403459232770663	0.8727113987758676	1.8105091072668678	-0.9697725140778387	1.8816246246391113	1.1547488862863862	-0.1523420219363641	1.0518613182744005	-0.4045768474821874	0.616407592209672	0.6494867528025818	0.4426995839684386	0.7044732134178283	0.22973983458811575	-1.3417256162324578	0.355755654947789	-0.3775316362513268	0.1887301278715698
DTXSID1045324	9.223045196059818	-4.506897966534083	-1.2472147508433287	-1.3319900438916896	-0.22203363981055654	7.060506816640146	1.9529915787239447	0.2952647471363575	-1.9422688028231263	-0.678896490422187	1.2900978565421723	-2.4474446185421983	0.5356042709218412	-0.7639674182834044	-0.07202458161441513	3.934485917476882	-1.3722325521870686	-1.339485697774393	-0.33287264059989446	-1.0086435282652657	-2.41423253187304	-0.5692586074139395	-0.19072236069348197	1.605552408983858	-0.3788121168497078	1.1207230041072667	-2.8873692570055067	1.9817469765159317	-2.8410264573408552	-0.41579612574208646	-0.2683403271197893	2.83418906480464	-0.8131137980497654	-0.1911191637078943	-2.6011308308779957	1.1608185883802793	1.7966137704839187	0.8265203365152655	0.07053073036558563	-0.2534487119474369	0.0001104163528458508	0.5057337693993544	-0.5690249929593072	-0.45422181904849823	0.9492724531940557	1.095036848581619	1.962683134172899	0.18348840635283267	0.10201576720034225	0.19886171054731122	-1.5731842069174442	1.1833819616380397	0.5283011271181823	0.29977835614939363	-0.6605831196551251	0.6483021690473832	-0.9227836248595367	-0.41174204874449	1.0915867020245158	0.6666800899091015	-1.046827236839692	0.2670893173928777	0.6728814350095438	0.4281526909641919	2.052206859416636	-1.090230840658778	-0.3039081292596564	-0.938188894139243	0.5571544262497138	2.085964378642922	1.0191190454796126	0.8716018791374065	-0.5952631928527391	1.750101865426849	0.6411683207088005	1.3544124131544772	-1.0059489157292965	0.17919446382289442	0.9265119377133415	0.3024390525516083	-0.18968318569206458	0.6932515648554495	-0.14310734906098613	-0.3094094294694217	-2.275955697191981	1.0184321265858005	-2.327879790849186	0.09130720713446996	0.5563192496628874	0.06975511473940522	-1.0270457499746732	-0.5083263150459121	-1.0818654091546063	-1.3352758719212936	0.9044615752730253	-0.44327476090625706	0.046965202676932126	-0.21899890823594742	0.09130734687961918	0.16255461988747225
DTXSID8046537	-5.347982906410408	0.37796973118885757	-5.027956675538924	1.339227402471283	1.228082295204525	-1.5796565429183156	-2.119522577247771	-0.8528306876365066	-0.6120913129816339	1.0178272955465442	-0.30321150593857593	0.34144918327754303	1.7085378207822948	-1.0286725401673256	-0.44550351338703126	-2.6225697498878513	-1.5461134036720134	-2.35054179293906	0.5032019569695584	0.8382011875603218	-0.8982812575593149	0.3599889597164027	0.06168043687088569	0.32045900495034957	0.14783118042222676	-1.1238458809064684	-0.8472517592370804	0.4392476005894963	0.12257828224901289	-1.5270797933627889	-1.197065277484216	0.3177698208380129	-1.3456712711527243	-0.5670642685213713	1.8374826531493014	0.29530401017831603	-0.44626565994204764	0.298850792344696	-0.7082984113233025	-0.8700793739183382	0.2140505109154149	0.41257450100092447	-0.07902555716308826	-0.6503151832618244	-0.5809197383580363	0.08923295224130796	0.550868552865125	0.6137689451395677	-0.2764572722594213	0.43505725436389475	-0.2474641960038581	0.5919964462836823	0.925696323913126	-0.5236581153685663	-0.0031398899236006585	-0.4238474429127736	0.7015780036462115	0.34408079276137976	-0.687807797506047	-0.35104938070004515	0.2896645611367535	-0.4088259715700419	0.03326451206191327	0.2714903164445009	0.8885351104627901	-0.0299659622691532	-2.0837439133134814	-1.9385635622418496	0.8839427380429786	0.6039851005267108	-0.9952092736678771	0.695306045729658	-0.21665700711404828	-0.6245489657842078	-1.228016846399351	-0.05201449319071507	-0.05943125230724293	-0.45630063982941094	1.4266574534732848	0.2855550004708383	0.007425239053528082	-1.7453143073178654	-2.5212470183455307	-0.6687090348384118	-0.45379388824791006	0.42029515820377134	-0.46412175937215233	-0.15453428987241308	1.2743138142276058	0.8748227263608226	-2.4577517081509472	-0.7373392887772379	-0.09942745159586015	0.48407928562547853	0.7970295544295508	-1.2091391062267325	-1.1491743594834036	1.2342520670297925	-0.24337223145742884	-0.7736607395739149
DTXSID2048797	7.217164677327853	5.264700708749698	-2.100797085788521	-1.739975406920606	5.781622685626187	1.3734138252856858	-0.5017135411096282	-0.052328084621979166	1.4645772015807088	0.04814099063464799	0.40269625989775587	1.6683452004954864	-0.5753723978162785	0.013645481638559186	1.481893163720449	0.4867984924226234	2.637182533788943	-2.632174608983467	-0.7440253151293317	-0.856475556275435	0.56468121094807	-0.20057162680078439	2.2295504043041463	1.1061646118431663	0.04925305705813073	-1.3777656527906963	4.3377194865467965	-3.4324776049638244	3.4452550626799288	-0.2534782040805961	-1.817218786734547	1.4491510996716024	-1.0977878842916295	0.1978234676389332	-1.8967537021025196	-2.216356975474533	1.8593084651554768	-0.8036919611738483	1.8033112644844376	-0.3715377630476835	0.5798752844666919	0.6473277477122982	0.5903530146480123	0.6326556029418826	2.3996315013628857	-0.0715764122036732	-0.730491401711031	0.5288483129785599	-0.10665770389090609	-0.16212650147720536	0.3429013157934586	-1.051384199349834	-0.21417259291994972	4.059897650874667	-0.44726767650431387	2.735729865271053	0.4721028118341925	-1.704203219712497	-2.1078931990962246	1.1528702254990588	0.7940881054529357	-2.1738372706757167	-0.16039799851554126	-0.36413214833759255	-1.411309862050047	0.5357397829851647	0.8434495517994736	1.3186844084189886	-0.0378226130929349	2.2708085022295044	-1.4604898982022565	2.815804278503755	-1.1566241576167118	-0.1891508460399132	-0.9971731309991434	0.2524817263810553	-0.09262702602709146	-1.3473804870837274	2.1946803136777056	-0.265918436985127	1.0771136471898204	0.43809384553453445	-0.10165666471306835	-1.188841153009578	-0.9847749990395644	0.6808842311177296	-0.1256606989636683	-0.9398862752617311	0.15075344268166235	1.4150805657428207	0.7552274258352506	1.2298903045756697	-0.10598795243385385	-0.6007089434290929	-0.3344647401785963	0.1838607894564559	-0.3820592630140759	-0.32846719662029245	-1.3602552041052265	-0.3465286043955491
DTXSID1022978	-3.9078992750145214	0.09575248899940848	-0.4522215089009432	1.6514295777887147	1.8611830117545738	-0.11587806392591764	1.2928414214963733	0.3388985712260434	0.21899143450988579	-0.24212234597811302	0.5747489826864911	0.9025735771686562	0.8234855492380226	-0.6798298102487725	1.8484216001019125	0.45387570429171126	2.646649452731149	-3.0522853584656766	-0.10862244288968169	-1.5376334765860524	-0.24263037686977118	0.6310507395047726	1.0898066348500013	2.1665741945567785	0.12514330766086734	-0.17141397056015611	4.025199689261154	-2.37573114127787	3.553175788150889	0.3068705158980798	-1.8907556962201992	1.866880015879493	-1.8419553561626263	-0.38213245103995386	-1.5559988934542537	-0.12203815991013017	1.3761847545364887	0.18222825556944863	0.5178625050102543	-0.015696531050162183	-0.6264937204532973	0.8750904123063602	0.973069233568625	0.5270452413457479	1.1757191810919256	0.5257581816685258	0.055635008269075616	0.2444885439497854	0.13617695990602569	-0.32572971218036667	-0.3070314974077935	-0.8816509117507367	0.9800150923993367	2.0474587266531	-0.31124050768198774	2.2136655717905143	0.7653304590736263	-1.7456723526131632	-0.834431414552582	1.5876447468460753	1.2540729863993065	-2.6498120556473492	1.811870795560186	1.979680417761888	-1.5287224154489942	0.554795929783762	2.1872018253853733	-0.6557786257970316	2.681447712893412	1.004500659355228	-1.4681027463525866	0.8935574464054373	-0.5700000540809919	-0.8240557976498728	0.46846012941098064	-0.4392430835738013	-0.14923040530332385	0.01758333755987005	-0.1284127741072383	0.3977648275894539	0.13593369507275038	-0.7282636457522471	-0.022191864034006428	-0.3713255771537435	-0.31539271905558824	0.5288309117965966	-0.2045938029977686	-0.08820091555264684	0.07636462107650101	-0.08803015901715808	1.147011731425346	0.527340928322353	0.4118629341990568	0.4263389126847685	0.014858600621193856	-0.28006302492053087	-0.14447396077502664	0.02905887653696744	-0.09193812463421681	-0.014865251950980004
DTXSID3025203	20.860731362801104	-14.529198617132671	6.549674290449014	0.7527324728920393	2.586791978076651	3.4559498015618577	-9.291497285430014	6.340356621156505	4.949658960235647	-1.1620363005902377	1.04598225620986	2.970944194059819	0.09238524822689317	-4.742761338197859	-0.8545553826567454	1.1473215944829538	-4.644104490966567	-3.79782102334669	-0.5059251872682079	4.539064119580641	0.4902096970801006	2.2327703610996794	-0.44011435033713997	2.100926736523636	2.83799719335283	-2.7898342825102067	0.055815851289030945	5.4419880227706035	8.412076791587188	-3.3386020172172546	4.587807797602657	0.5430340475870264	2.342960702462102	-5.885992024617875	1.299695557987034	-1.1098367168663892	0.4215073430342236	2.032018932912088	1.1467234490765017	0.06769346224911901	-0.5192153542232141	-1.437284911989582	-0.896915035198083	0.28115003267848676	-1.3047973568537659	-1.5603927531123152	1.608925446694555	1.1604254913445073	1.1738445262512398	-1.1978634926327498	0.5757038741387894	1.3896708419350599	1.6957297762993837	0.7067651938140357	-1.1058265384356627	0.7403201348571697	-1.4860278331335397	-4.733182895623092	-1.5795652988947608	-0.3716351776848299	-0.8776685542158974	-1.0278740474657706	-2.3152987672497742	-2.8531263466490677	-0.6040473391473007	-0.624629064846	-0.31194484717692783	0.3633836847103338	-1.4286818260921177	1.123635960204387	0.5804800636218893	-2.2309940124053593	-2.087287793484532	1.0679803796400837	-0.4089226155527528	-1.5891772297403364	1.428550753741653	-3.257192065944184	-0.10563401275329012	2.3483696755762518	-1.0197294220208293	-0.42624987626621497	-1.517230046541295	-1.808035831600132	-0.31163802078689906	-1.034300260115533	-3.024823490705634	-0.3766268687874694	-0.11294653023704056	-0.025016795746093664	0.7032124628479396	0.6154470903826111	0.10241908385112054	-0.3968744446675102	3.1926101634107567	0.19794478802021656	-1.1247232130640366	0.3972424980077881	-0.5761228662227462	0.5003761990190733
DTXSID2045600	11.805940794488235	-3.1364797155488455	-2.498644554661201	5.771981153647294	5.594050138168889	2.390020696602588	0.8617459172531794	1.9658120403254982	-1.4044514333419267	-7.890159205269255	-2.821828113076214	-5.962634384480617	-0.45921085558367186	8.582777197871062	-0.9397604490232802	1.3388967660780338	-3.2933972571101244	-1.6539867039933887	3.4886015285917313	0.67667780045429	-1.5427034430475481	0.5005117648700064	1.277282743457603	-0.3285859584504432	-1.2594565028505873	-0.8573681885739328	-1.2076612393377446	0.9455097255341506	-1.190057600752184	-1.192561864478503	1.6237095882393944	-0.2238437620242534	0.44970896009001365	-0.05659312382889404	-2.0967879688911926	2.2681746823980524	0.5655479761651254	2.200178280060355	-0.9159338910001719	0.8337566837334844	-0.6693250208525203	0.4459476048866862	-0.643978414112017	-1.034147708072554	0.25079436894123236	-0.32950308811755596	0.4342457565904471	-2.221561785299229	0.9557450157341728	-0.3378911088668711	-2.4260228132221306	0.3954052601524927	0.31182098890577936	-0.8020958465588194	-0.5334141144723997	2.195822087664075	1.4436484228608284	0.8030927221158798	-0.46185746789579624	-1.065707395463546	-0.574217326742308	-1.160764783677858	0.3135393629314077	-1.743408113822003	-1.7979472574654634	2.137116706871321	-1.1754961789390326	0.016630639328380308	0.9546059744995741	1.9627597485097332	-0.8184801477785673	1.9562946431502186	-1.320881472971009	-0.6058863543839167	-0.6854552254809528	-0.3757982297265143	-1.0236624149091949	1.1842791116230957	-1.5828931284428926	-0.4897092396731542	-0.5022526371916755	-0.9465894957454003	-1.0599336537799542	-0.4618757432026593	-0.4573006941174312	-1.5143429977693543	-1.568508249902796	1.5744104921082236	0.6412542474816294	-1.2516964176610288	1.0668773001320937	-1.013620705178811	-0.42466172263983126	-0.05531482406615002	-0.7034915362201648	0.43318250753169796	0.42012720355296507	0.4915393178726099	0.06218420782473572	0.25709943157632115
DTXSID0047614	-3.5097246222237617	2.904643730886053	-1.9142555665943985	-0.1442041193038197	1.8678404866289715	1.2188367335880257	0.7346076643238919	-1.4295324567413745	1.4530198241053858	-0.7833863188828946	0.29860608538880723	0.23497952814484607	0.6117257246751122	0.4174039949621946	0.7837086310441733	-0.6563478084987007	-0.7231178031039971	0.9414431206873756	0.14058638897519987	0.05481630510540662	-0.5329541355803744	0.1723823558105553	-0.9978895568933078	-0.2615499376566016	0.2891168691663342	-0.016476981704386152	0.5094963571522076	-0.26819663308089353	-0.004603772070441861	1.498083674901718	1.0243498077086017	0.48313924671649167	0.41562616996074336	-0.6030799465728777	0.21355325620376797	-0.4852374000186868	0.24750921003624501	-0.27838608714193397	-0.4758112975059258	-0.4157739873737999	0.24309988176101913	0.11203899677115235	0.24320424780197838	-0.08788484487341047	0.30171445992778645	-0.11726043815323282	0.1934182792362718	0.09588286624586102	-0.043134315165778044	-0.503950061024237	0.09121084603628993	-1.156708947051447	0.30930626581757886	-1.1549223035521707	0.8049347677364442	-0.6268768290960816	-0.2202444953108458	0.9327886039093268	-0.1572709701334565	0.9265711808507674	0.9912667781482043	0.28547640501351357	-0.29074795495112443	-0.38758302893128366	0.03262594029142577	-0.6133725595631748	0.025528269578255155	0.09089113367731279	0.05658527305182046	1.1496276107787071	-0.2410596914704555	0.018197865230143686	0.24206938139287004	-0.33435512622523855	0.4529410862718473	0.6092382085532978	-0.3704999250775396	1.1284658983880327	0.30036437582521647	-0.21533295216871887	0.010007762994218645	-0.24326089612063873	-0.49948230096833246	0.1732101939605759	-0.13403086695027117	-0.18266127142572083	-0.03413709533893216	0.5706331380965979	-0.8206092951435857	-0.41412039034539544	-0.36352653578175603	0.5683590783465513	-0.6750983961630957	0.25832041935178496	-0.3594991311231581	0.2599849921941992	0.1738622784026022	-0.09189654525996102	0.2903660841644282	-0.055218351040476475
DTXSID8046581	0.2446941084627352	9.227263429546117	-0.5423681763822207	3.0274459135492933	-3.4791894697847305	-0.5673648215364254	0.38846183255252514	0.7923736502555057	-0.9935932654258672	2.4161299163833925	-0.25417464521014027	1.7558367492979678	1.607303448631411	0.6447939336218497	0.506432480312535	0.03139467672825362	-0.422930902962201	0.4743158318941189	0.919315315970337	1.7878029226696022	0.4337185184916939	-0.6414198795203476	-0.29549832991113695	-0.16986693378159495	-0.9926591318150678	-1.9625140581228027	-0.03715062278882851	0.2956027203855342	-0.5865584019417243	-1.0054882274489914	0.6924565658029336	0.7368755420661133	-1.706462761967411	0.9269588209212574	-0.6779063505335219	0.6530194372082709	1.285168648943455	0.7843977391470539	0.1580375551004186	1.7404571181947386	-0.419901172124178	0.8545571607435625	-0.38733839972006606	-0.18209695972311837	-0.7775165140858786	-2.2102875697719058	-2.2723063258270386	0.6574828800239724	-1.781488366728499	-1.7513408345136576	-0.2627295211421061	-0.2526994688203315	-0.19580738748771528	0.1604377227587642	-1.6519700246702216	2.3344476807108787	3.4074658510027858	1.785686935706595	-0.578405626903362	-2.410637069136917	-1.3980666239578308	-1.3457711619877877	1.1376057629123824	-0.31332616154571474	-0.2651749031848761	-0.05094435976673394	0.0005913127382548031	-1.1167737795041088	0.5511073640971106	0.12336600488223048	-0.23618625134899754	1.07652253056411	1.9813802343558007	0.36811026991345724	1.564926897287919	1.8196716229734036	0.007204099536837448	-1.0939337503370186	0.6965550545348342	2.696751284513141	-0.0898015422816196	0.22113699765915318	2.8461880177461905	2.8570329504919085	1.3785805863353853	-4.086240340841572	-1.109480497530647	-1.8179659222778004	-0.8935778152914629	2.439153669411278	-0.8354060581985956	3.3493245328592693	-1.0821025306100698	1.9854726472227597	2.3244004414265893	-1.6605188018288175	1.0428470576132451	0.2298416334614163	-2.184675616967301	-0.2934740541510025
DTXSID0051574	-7.84387459884637	4.075621460125121	-2.872439892560754	-1.0282508631214702	2.347121432936278	-0.4706480347658452	0.5726223369136183	-0.949844464685082	-0.6313418956796764	-0.6668823889227268	-1.8742506027145744	2.073686469019208	-0.15461459797027277	-0.6836008393944835	1.1466664192976617	0.10356882688824383	-0.06613493627680236	0.07765390343661753	1.2071867400121614	0.2958804892547023	0.5756210276369008	0.3873125271174472	-0.8624382457127531	-0.8305956568046763	-0.10664636226107507	0.4094107731729472	-0.5028230564923545	1.8414968958225264	-1.7580793021573784	-0.4806867679215452	1.7539497017643968	-0.6297308203260591	1.6501722685085625	-1.6773220639849244	0.5655909951889841	0.4550917136055786	3.306524220768999	4.432250546777514	4.460053354123458	4.687167844542965	7.5344060483285515	-2.6290262179081836	12.084816162092011	2.0542420358222526	-1.960973016660311	5.070832747122964	-0.39948736517133426	-0.9036662642572293	-1.6466264691313621	1.7279122156738458	0.3548279404852796	1.2202243029731017	-0.5546757544437333	-0.23245435412757	-0.31992736041836933	0.3214846208151085	-0.15145333781333475	0.5130444041274831	0.14132463821403862	-0.5948069789179953	0.00720705430300915	-0.5851845729520107	-0.46608988157095343	0.13806786197748902	-0.3188292342025763	0.3016743207980649	0.40352488856793856	-0.3232822306309923	-0.11414774963811042	0.09411394163274789	0.054825469129562696	0.052913877802237386	-0.09540381643759382	0.15655323765753537	0.1867987035108688	-0.09370925049947847	0.008354348772900068	-0.018636752522123937	0.12860485186783646	0.016155595862798137	-0.22219855621287565	0.012642237403959101	-0.08447782646701402	-0.06336041239313142	-0.07080625819268098	0.030775387480421766	0.03537647935845088	0.02712553315884778	0.10516186618060346	-0.06094319856465943	-0.035316588922010755	0.027138910084418842	0.006793172315313156	0.023984317976552465	0.03862223151903039	0.017397339257082863	0.0742533544541962	-0.030984517078318494	0.008683441831324357	-0.04796727943943102
DTXSID5048895	16.12259773930634	-7.02547951462912	2.377203117735973	-2.143975561912504	7.9516974983906845	-2.476749739658938	2.477692244757766	4.500551950043841	-1.8979490165586512	-11.193922843031054	-8.761334990575747	-3.214233611992971	3.9779193083473166	6.003062764030208	6.899825719055475	-4.781638312938129	-2.10247976579563	7.570409860901975	7.702238117756479	-0.897825156265525	-9.52036337260633	-15.572627490676043	14.759818550438323	7.490613628587527	8.842759492071695	-1.8266798207457293	-0.22569650903762986	-0.4432025093249057	-1.8939794458068209	2.2231292451588955	0.04503807679536953	-0.44084344802550474	-0.12330065172833037	1.7630503828433886	-1.2224410434028103	-4.466485996037836	-1.7345166839365358	1.6219350837433097	2.1291805787199207	0.11213486197138685	3.4976456978149266	2.6931455988045565	-1.288962928774968	-1.8187218111358032	2.0839330956126703	0.639868880994098	-1.9876952151544924	4.046759335166171	-0.44414825312937667	-0.13047821294770884	1.1947580146260581	1.4202117768357618	-2.271231086637001	1.191286313571885	-0.5362192816649815	0.12516626297624628	0.4837940810365689	-0.9542845313506371	0.21768130120784424	-0.7325355976034901	0.4935809547926039	-1.9213072173215282	-0.5064727412882719	-3.196182089866314	1.0301194167786594	-0.08395081050380748	-3.5576137818135196	2.562863328464186	-2.783270759785817	0.9256428894323935	0.546236694485598	-0.7151628943617809	-0.5145382125193031	3.399125277314743	0.11536536564727619	-0.3896641458418687	-0.16311493101588273	-0.2582235627588739	3.4208954146086032	0.5513936144812398	-0.3374741568332908	4.816546141254954	-1.8750372369797899	-1.7010242037405567	0.763387327404342	0.29543097329865414	1.2366938546214055	-0.8121029639886143	1.8146150958083387	-0.5771980222322858	0.4671608472916922	1.56794922200762	0.6801828790091903	-1.917205800276294	-0.9024118458232442	-0.7874761813173613	-0.47354953627807816	-0.3431124840723242	0.31380470159851137	1.4213727310358666
DTXSID1044774	2.128116919269624	2.5928334144473943	-3.174461488627777	-0.34001387278451495	3.156653485286539	2.3724505288805475	2.706200614391304	-3.5203832035213667	-0.6263701135195138	0.7092124678955293	1.621344938030858	0.5014610894200175	-1.2602926356425976	0.9821062859110887	-1.6719984680250675	3.0737043641366015	-0.1912024916650759	0.9558561737404401	-0.1184934306329242	4.480062194249111	-2.963659789558842	2.0350265340604126	0.7066923314874156	-3.3264518392831715	3.527773966391321	-1.2767410353494688	-1.8203529824924252	0.1635830320585316	0.16026766270391	-2.373452192171476	-1.0431324618634126	-6.018614642370748	-3.32262476677365	-0.9792847832878393	3.4454916473356123	-5.392745021500645	0.46158310168005484	-0.7401834666185059	7.118119227546799	3.5370531856610445	-7.218213260685579	3.737397800714551	-3.1415701704214767	1.3777003975310664	3.0754930286730033	8.979239499779823	1.4580901706253717	-2.9984926259910054	-2.977535666260925	2.6747330325332395	0.1416874484408884	-2.6781820948164095	-1.902058508512213	-1.907721877186819	-0.012414644015765109	-3.404947383616244	2.6302991836224114	-1.4847238240881329	-1.554881586823027	-1.161856475236393	-1.15378482187741	-2.1702382120721073	0.8478155142321595	-1.8791852904223407	1.0545682812394517	-0.3775569220430234	0.4170031732443652	1.6217153372776547	-0.4042074796389613	2.180343015415018	-1.0701073696837784	-0.38076705731124455	-2.192770181437412	-0.2146279729871053	-0.41964551987456145	2.1262526192197484	-1.6773224325100788	-0.5494627956509983	-0.35659092720679564	-0.4246144563306332	-0.35892524634554807	-1.0859407862834376	1.3416608273385935	0.09849830478198197	-0.2607137156047742	-0.07290363702847713	-0.6747272791542357	0.7930668990017321	-0.7148969198293016	0.05986658222361424	-0.47680312121066437	1.2155743097027494	0.27720870582330875	-0.4088962680276123	0.49069394591015986	-0.9021774642465346	0.7792645797936295	0.3748462409200394	1.4979955329574535	-1.2197534759532342
DTXSID4032954	-7.105113672202566	2.0031902938008233	-2.8398416009035565	4.765782207341988	1.5910228335636691	-1.1356433088194855	-0.003987241529189987	-0.9941407510672633	-0.8715322691722586	-3.499853243590145	-2.091584516977543	-1.0472205549158262	1.1504279871614531	4.1550482581999955	-1.0509318052310377	-1.4584606678922483	-1.1374424564081875	-0.7027212731800695	2.610953686251114	0.6729507428653779	0.059057875682006995	0.06000569724690772	1.1393509765040073	-1.0044849370852962	-1.0910090577884457	0.6130753803265862	-0.6582722910186546	-0.3779363995831073	-0.1410235756328624	-0.9362255977137051	0.8175434909485757	0.05995319386195765	-0.8781751532857397	0.0730791421374585	-0.2985327401564002	0.991526793164153	-0.4329410896474573	1.3352595123721045	-0.05261071755164013	-0.5607087021909076	0.46118258608595486	0.5796722033921703	-0.3109210763925911	-1.027654758605904	0.5666916361099432	0.027716615073795664	-0.31852306764346827	0.05326579106995416	0.21266706016336046	-0.21487201703988235	-0.3687875101635137	0.25695681362311446	-0.25703890836645304	-0.4520276984293206	-0.3574964150142205	-0.24750275111679496	0.2544039777612219	-0.5481707479584795	-1.0172923802514442	0.34408597875805097	-0.48470621827244564	-0.5256849154676279	0.13110749055215892	0.7640598000317799	0.029088322768189224	0.21762805344637234	-0.19588053397338304	-0.005404260196209922	0.6757948983479054	0.7563425948620831	-0.45118654465543184	-0.1462272910375275	0.8515939347307117	-0.25714880034438886	-0.10358080934344417	0.0067731714580926	0.19930531953352051	-0.34976624055680383	-0.3821661040563056	-0.1465936089290766	-0.17623963614817306	0.24966202669718054	0.6939487888026213	-0.3506114870227252	-0.33449483667369045	-0.4913641520835632	-0.1300526612835117	-0.35984258414866876	-0.719552383009788	0.09306337938834887	-0.620390620174635	0.11080831808310047	0.03309216261056816	0.39506401768835087	0.25837762831767075	0.569461999237835	0.4989659737561001	-0.2125871434228382	-0.2719998549230323	0.29074416810552933
DTXSID6026878	-6.407192675739319	2.361614623667461	-3.9394094951682956	2.749030285238461	1.4144755756743244	-1.620382171220931	0.30357502054421887	1.6542376833580326	-1.0842096653722353	-0.022531687263656185	-1.0809924177225303	1.8148231135337636	1.3194633110042233	-0.3263611840490566	-0.9079118822615512	0.43406356291119835	-0.2027805570834895	-1.0930360148868714	-1.2095952385170163	-2.561938416958731	-0.2911609653352261	0.8950041481184765	0.05208387874473205	0.7010401898077889	0.21289997126823962	1.499530325377957	-2.312390864573749	0.12804863402581315	0.2649359730801968	-0.3624045460005211	1.515123719190086	-0.4832135060011316	-0.42389164668050444	0.9402813765582707	0.4335709316639717	-0.09158767108841911	0.9083962464831358	0.408676907328473	1.0241950779362552	-1.4775398600848737	0.9802073832598878	-0.06066238071758177	0.014631471449478987	-1.0114116934078565	1.0847241867890292	-0.06395893155296936	-1.2583033956422436	0.5127633830636822	1.3949882448355482	0.9132989867481344	-0.755282261651479	-0.6349311402970934	0.03280392941344962	-0.6942918999008042	-1.3597102459627952	-1.2940873462982903	1.1957841809299399	1.3340100481445292	0.32619518549929105	2.501091268372069	-0.33620750220859047	-1.0528827596482906	0.5662664294360983	-1.1645924049495027	1.4964829250896865	1.5403364851196133	1.741364083833043	0.33977933645672964	0.49075443226744514	-0.6536716452185384	-0.8830711755313118	-1.9382395344920536	0.8073403609353145	0.08670176216428674	-1.7927336055447713	0.6035469099451871	0.46446459877543644	-1.753812757513638	-0.3828010321799211	-0.7372666836405035	-0.01940717505237152	-0.5573294186684025	0.7285363567521224	0.02208146588952281	0.41066457118874555	-0.4643454070307602	-0.6891759064383548	-0.454981473286174	0.020330285653339285	0.42961530952414195	0.9667440760810511	1.422002695018346	0.9817293870802178	-0.18453198271411472	-0.24700613927608572	0.17087024828676667	-1.0277455426721347	0.38439791891804453	-0.022120261264127583	1.6592907763846756
DTXSID9047912	-1.602947944959426	-0.0030185484194447704	-3.138621286197199	-1.842181876231033	0.6123767491163611	-2.0706945155121845	1.92461765199316	1.1019623635642144	2.037584930980042	-3.134246508408983	-0.5439195852936298	0.8711260488938765	1.5712062925529786	-1.7705371767530331	-1.6055392456240771	-0.5381465685922298	-0.587003144790506	0.3887910282545762	0.6256794096163332	2.4797321870876323	-0.28792087565337143	2.065219979606067	-0.695521922353153	-0.6223946926101919	0.47465213995598166	-0.35534073289192175	-0.9750801837209577	-2.0119271254582447	0.8821071681219121	1.005174255995371	-0.7455984195564318	2.39240771960688	0.867533526357189	4.605066840876454	1.5220654580124775	-2.2282444346435923	-4.794659204868782	6.495101116643316	-0.35200755387137567	-3.683929149181292	-4.9800397860994075	4.385109910504236	5.585773150577178	8.557270629207546	-0.6472951269618548	-5.064886627772314	-1.9977106652862018	-3.166430496510498	1.2835129005441117	-1.2040898058729208	-1.5068792906006903	1.4308148911416345	-0.5096868344644201	-0.5859609099882389	-2.6965678460072815	-0.7015722540963533	-1.2330256697932265	-0.9845219181269449	1.2066889571227142	1.3650650588383642	-0.10551310993411597	0.5033338225846183	0.2697611570393388	-1.2731458191024791	0.6413032136166389	1.375339247040315	-0.5470407174043078	1.5631173660711146	-0.12191805066192211	1.7388243812585111	-0.9675363134671335	-0.03559448761418454	-1.5765337241201018	-1.1197965557691267	0.7854503961612866	0.1519423726988223	-1.2544177043703724	-0.21853598653829515	1.052231572521678	0.9731314276637656	-0.3403536930224001	1.1893326642758317	0.27093313586879153	0.29049215496842223	-1.1186653109421205	0.21302010294832285	-1.3699141328797981	0.07024077379012054	-0.3641392007450269	-0.285722440554723	-1.5840676401590066	-0.5360888847126196	0.9022864771478847	-1.3496749725533903	1.4738053492365664	1.0862676899324457	-0.03456081567003003	1.1595236101526936	-0.8986193075995907	0.08486880670849752
DTXSID2022674	3.5899672251597674	1.732502861337129	0.04290762017492051	-0.2224558177200302	2.4395851318563015	-0.2464883698699645	0.45752247373375493	1.749089814355229	1.249171254151905	-1.3766734969542902	1.439225748294707	0.5466340723244022	-0.15109828340444625	-0.5704680292827919	0.8827072078965026	-0.07635023013854843	1.1239726983772145	-0.7271664628579206	0.3448303398715789	-1.2334315520044736	-0.8015329223139007	1.2605455799123384	0.030579343653830644	0.9117654926352563	-0.6312314157891787	0.4225945002577269	-1.0614661088668669	-1.0001805392367458	-1.2717695346427305	1.4624862611758116	0.17142701471007946	-0.8430164497296125	0.39854754208630166	0.5094963394861239	0.3997382674903901	-0.13304188285065588	0.12363326467514774	0.01297684769334842	0.9007109851948285	-0.2786355774727146	0.4318396170893145	-0.7859796882895476	-0.41537292124824554	-0.5184085521452023	0.5852634122674579	-0.27258229588788857	-1.8333581886772283	-0.06711854167976485	0.4789527785798667	-0.8347203638064068	-0.26692416301516886	-0.5025660275982649	-0.81471461934564	-0.3388527760878558	-0.5212999247628642	0.5278704255821666	-0.523819838337433	-0.2034478089339712	0.10958726358493913	-0.021308510919615362	-0.6703030723619615	-0.022371230174589668	-0.043981044300510704	-0.4389880253305873	1.304094509799716	0.019295212438176803	1.3690770765079594	-0.28465411323161044	0.7520333415756125	0.6200660454768916	0.15785813944385646	-0.7034412121897629	0.3591933609553759	0.30345782578321284	0.9556721847116239	0.570204592432908	-0.2951088873402521	-0.3803090307186422	-0.026243439137669373	-0.30070501180608217	0.10028854808928567	-1.4057910423605098	-0.18625641227597048	-0.5283077464693786	-0.24901691430669218	-0.9228070201994832	-0.38993692061098023	0.21918401561582992	-0.5259723790230768	0.6027166354739487	0.041592192510441585	0.32430138289339067	0.4654208618011402	0.5432690942856756	-1.1162956061541538	-0.1322821135275638	-0.6217443430190696	-0.29536102507904466	0.04574484629922013	1.278328260534904
DTXSID7044760	-7.602817739121576	2.6028424676361994	-3.113408940702878	-0.8954013776805205	0.8742437886126192	-1.0582676119883698	-3.2562142517043857	0.16029219916515047	-1.3023866296896456	2.249178214035763	0.6746300668175902	-0.429489828802529	-0.028112833345840055	-1.1762186505749674	0.99766827133174	-1.3734224915850188	-0.9861208276949477	-1.9004674177287504	1.1282443243941944	0.7115417260257556	0.2253487726943567	-0.8443098570800202	-0.3861152062123388	-0.2694250215831083	-0.680894068580196	-1.5695432543047152	-0.1371379365495422	-0.09926839260840162	0.9635270962771304	-1.7799731286298308	-0.8540225158102976	0.8232176061461546	-0.8501029882522425	0.13167887503909026	2.810859238186807	1.3184599350804567	-0.31062024519027703	-0.03586720253226583	-0.09539881093236792	-0.5711947880828048	0.7607005578437517	1.5299863945733194	-0.368288565091693	-0.4411015229810497	0.021849842744588857	0.4458144987098885	0.8326003908636269	0.7262791825925926	-0.33069474552908334	0.8316089151097695	-0.5231666602680707	0.9928083592380322	0.44654206190217005	-0.9585872441450394	-0.4234027049070236	-0.5749171214882005	0.961767185136871	0.1934852859427583	-1.270950300210051	-0.9152702044242498	0.8294238010485846	-0.5095629163402914	0.9115751657856358	-0.4888444424089287	1.952353097041933	1.2554551488042087	-1.5227022865920472	-1.6613461534866678	0.8280795392525212	-0.3448458384139792	-1.1877362439063528	-0.1995083900176963	2.3692024325830308	-0.9360815713289384	-2.3681221920809703	1.2928933585655378	-0.5414089015320547	-1.3452492690987403	1.143242531063757	-0.7295673915992915	-1.323138829794628	-1.8466310996845459	-2.757861132367735	-0.08067048998551253	-1.1370608094154075	1.1063573079998648	0.21799272731710184	-1.499088741547398	1.3161282896876523	0.985581362644151	-0.12158136040977423	-2.4082027082564075	0.11489031449420649	-0.7554602072409162	3.3493880432074827	-0.4584620692512563	1.1399624152060042	1.01565658985317	-1.1634284405229325	1.430617320416316
DTXSID2021577	-7.5138200014190915	2.01270008078272	-4.448221282616865	1.264834907220207	-1.206918453210793	-0.7854013781633489	-1.6204400050310914	-1.4539738233561879	-1.3587862745866712	1.7708271480027575	-0.5513157926095237	1.0901303716204245	1.808012845524724	1.736471554446932	-1.1716841952746382	-0.344439585058673	0.6654657227351364	-0.2673934187253818	-1.3220246805169338	-0.28088047633408325	-0.6814179288014279	-1.320658758082094	-0.9501535579398066	-0.2553671057990979	1.3256838248174012	0.7727060441265734	0.12502164748250694	-0.9865280346343336	-0.03630700474734997	-1.158757240157479	2.134186481883006	1.2523962011246976	-0.6709879797766233	0.802884514515966	-0.6239903709827681	0.05109099058945322	1.2836188877502217	0.389109754101028	-0.5330966088297007	1.0080581053160436	-0.44102202867628576	1.064133950206969	0.13665613115170358	-0.4161569029006448	-0.15910356068129455	-0.26384698941838436	0.9264591533956451	-0.11316248882715343	-2.156955141746277	-1.591729918590389	-0.13329789601642286	0.0775477971060149	-0.545495451513297	-0.07374966004335562	-1.0940526439087275	0.5941622796398056	0.03721708569397272	-0.8344296740687946	0.03699307651700236	0.23560781336058403	0.062110751661328206	1.6793201383796201	1.1277243176625238	-0.06789399598017157	0.07685963929721057	-0.5813092704694149	-0.050618495594369046	0.5140215839272754	0.12668822275335823	-0.2696908337077305	0.1392910405148854	-0.3524726372261512	0.4174342725971767	-0.48783423916886903	0.5489265018671501	1.0830124618745525	0.026375492726537175	-0.34000619815568583	0.10404685696477842	-0.3469599098398254	-0.13891384753926428	-0.16787699825251576	0.30273854701058384	0.1608765713116105	-0.4054663191953339	-0.5194295695689787	-0.5108052216056048	-0.028820857036359525	0.4841054695430897	-0.27876014774699953	0.28257220238521774	0.20601939541757106	-0.03799023615230445	-0.06601665340171602	-0.19575360705758743	0.5333973611467321	-0.18056668998483427	0.2345219386171678	0.37133276686345396	0.18586928148321946
DTXSID5026544	-5.1263917640864705	-1.1122506357566642	-0.8743897628904699	-0.030378009284748157	-4.046108969899305	-3.079367743606052	2.5286764135675823	2.194684810948883	0.393141674311388	-3.355415725699487	-1.7524638062623155	0.1008055413674219	2.6115336941586658	-1.173581969571141	3.1414472025322038	-0.21816488581215718	0.5662699378662152	4.9290453105415	2.83718649782821	0.1790943728757396	-5.868342212184823	-6.621251437170817	7.303544773862428	2.9845081940981113	5.129702471736487	-1.211861671690338	-0.8982853149434415	0.5187051863722195	0.3417299079356556	0.3510173785087204	0.33925036698747923	-0.07765041313760229	-0.039074832133662966	-0.2998469031099486	-0.38058185016946144	-0.6138137513111319	0.5429130013906738	1.169347917570318	-0.14793367506951124	-0.6761001200595104	0.8432846073299516	1.17186375703994	-0.20566582857088536	-0.5137634714381656	-0.31983978807222485	-0.45035678754002084	-0.2640865041920061	1.9652551989170164	0.7024961923109938	0.4711371890341393	-0.7168547990958787	0.15063146595049112	0.49757269892833056	-0.8563686814678352	0.8500951698227127	0.27801614735101443	0.6714469224525416	0.28369646195317677	0.5997702037857837	0.09058526132720907	0.6119815723761328	-0.286861193690529	0.2771992740882115	-0.1998942217007207	-0.8873393559947057	-1.4779472434348764	-0.02518526417247444	0.8269839880229308	-0.4203765640764987	0.6917814355052508	-0.2288206549053387	-0.16497663348281727	-1.16845912790538	0.5619590114291179	0.43385739477677243	0.3625149204056978	0.3764742743879012	0.2734345379523086	0.1105233808817083	0.26576787758934767	-0.5596622658391269	-0.42066166304764746	-0.6471145627391488	0.4198642858732078	-0.18790869374558047	0.645506554501008	0.4665781988173262	0.49299458032177984	0.3440063267251378	-0.33682232794795514	0.5081871556293971	0.14591685971338345	-0.13945385891074685	-0.5556712563675743	0.8942353565736408	-0.686956457126106	0.3073041500713922	-0.65060960493161	0.2719304272506392	-0.22293162698772664
DTXSID6051695	2.5389837944352918	-4.212718432423725	-15.183414716049477	3.064673169719561	26.697329856598074	-1.262951818201947	-10.355497859649724	4.9049220226922845	-5.928833044871695	-1.6372347238183187	1.5487203296426535	-0.029975403147940966	3.400563494765166	-5.752106012557095	13.60985146910324	10.49912487504205	-0.03797685392323016	1.1670324363486266	-0.5162899848434777	8.087674864466102	-2.940689956982951	10.266879397089575	-10.280317970723292	5.268965922935858	6.194672675005587	-8.501871055484758	2.328327934101424	-0.22866174541310946	1.4020192389003314	5.568109800825532	12.730036902352811	-8.067301940758801	-0.8587329333249127	4.10237184906233	-2.8320746954124347	5.728502734727575	2.133334115304063	5.94304978626361	-7.888759676951029	-4.770920753888583	8.243027323892733	4.162350919495681	-7.981628485098443	6.726798049425575	0.04457643363650211	-0.3117824629350773	3.398139639059969	2.163106038193297	-7.1838582409291485	12.965245412382888	-7.0521406947823735	-1.1211679434995963	10.052879971399628	0.8944154929539646	-8.745503647284918	-12.674231906099404	13.971465018826741	0.28425303344627434	11.389560002520668	-7.568892156126895	13.348883254956947	6.615571249710171	-3.7319690016398948	-2.5946659486367443	5.033823070725958	2.954109338182215	2.5504673276610124	0.9770954557423961	6.149246336939436	0.3704453227306054	0.7424183395267521	5.037090240235185	1.7930804819402801	3.7145478649389045	-0.3668849186732465	-0.5069645332450171	-10.418196485730734	7.485052372145427	5.629934540666887	-3.0386137661604575	1.2080518474345334	4.241998610457541	2.2303294910559774	2.6392701700449273	1.0920885451599505	5.381453158202964	3.6599320421804578	-0.9228093497936993	1.5794097835732688	1.3348626913145107	-3.81084137433715	-0.7256632988171781	2.649774785173304	1.3775315615721815	2.9344280834665106	-2.600451148203339	1.0016724838092301	-1.0050704073505807	1.5821346659684117	0.41641749844379417
DTXSID2044347	-4.936650395892661	1.2169350294185337	-0.26797535091742386	1.9042556391915963	-1.1649792878225755	0.5919644827779303	0.3970116595743954	-1.2967413303538893	0.9359972464701057	0.4555973878138068	1.9914082211194755	0.7230171144858456	2.4887582247911135	0.7457001513408603	-0.5280577796045404	0.08321982073727338	1.1115756939971426	-0.049139198683735286	-0.015481530556542455	-0.9216622562179759	-0.0676594521893613	-0.25960311715722917	0.809406604666516	-0.38103163214142827	0.45280846445667305	0.7397595537351925	0.6415616204529987	0.9886883168389936	0.16850750076415172	0.10843247186231632	0.8062018755373817	0.6509971156003982	0.020014935716611542	0.6245350059051599	0.7872039956714751	0.09143086701700597	0.5281223660483849	-0.5077983219822089	-0.47000973660187484	1.137557808408302	0.49349034828640237	0.9829832658495933	-0.15930052109640072	0.4233905757649288	0.3078035120320185	-0.21668702465460374	0.2668999713033102	-0.4488469304311333	-1.6637642886786186	-1.6644333033847416	-0.6737726011528529	0.8851778777985353	0.46343702201629666	-0.9968775800583544	-0.865240412318564	-0.28198667213895023	1.1125504736929386	0.417409966585091	-0.4349915180052991	0.15240939706236362	-0.24570861251318193	1.2735678358074676	0.3414475237536606	1.2015918444722495	-0.18075255974821003	-0.8164150435249008	-0.42603627275717443	0.9038426169219199	0.8425177290620649	-0.7195539800148125	-0.34391637319397045	0.07468166595853068	0.5374921231216602	-0.4338717993961759	0.13265338347751654	0.3359990912103962	0.736338349540085	-0.4222571045062344	0.41369366917993095	-0.3815603308073444	0.7732330145023799	0.23695291554539868	0.21629942228273932	-0.25790736068150966	0.15104339956806762	-0.39417558374147993	0.034807554102878696	-0.2642465470655991	0.633900244825689	-0.3492595721118268	0.090535034440904	0.12110100438677189	0.052442470773294725	0.0328615024544098	-0.3651419757123604	0.20589848174474965	0.42690140570656915	0.09274965502042722	-0.0753587118498414	0.13218560646282854
DTXSID2020890	-6.096992293043621	0.41354094361251936	-3.315771416100334	0.3574383999150422	-4.379338173107589	-4.053103823980425	1.132267807437873	3.169184235670207	-0.9193374412331727	-4.356276117574682	-2.6168877795350105	0.8050765897635829	0.648940147970929	-0.6908235715053832	7.197347598222646	-1.851122189346493	-0.233423774986474	9.427543851674592	5.091850871464319	-0.21702134281105387	-12.349451476140157	-13.148956147406677	13.201749177260671	8.30049760274019	10.464337325072732	-1.9070653448723947	-1.0046551651375197	1.1569615996583091	0.5878639952330805	1.362991571102234	0.488328387513621	-0.27143230826411185	0.7401952578980471	0.04394296568458798	-0.14302567832860041	-1.714530545474779	-1.5011948682004188	1.1384057318053604	0.8229374463483738	0.6770237612096291	1.5176154043063967	1.9540037457929407	-0.41146070873774093	0.3504075872718688	0.00532656327723612	-0.6753833327778156	-1.007983620747565	2.404483072943316	1.8780082975662593	-0.008624370192883566	0.47121315884886794	1.9931729306340924	-1.0160722413892165	-0.15975261677298982	0.820288861233504	-1.0264889619433275	1.016467642859823	0.760267855267957	-0.21295917446548032	-0.10235400972702847	1.3615370968121852	-0.5571328993119647	-0.232073408849756	-0.3716661729831757	0.12145426527656507	-0.9467552510386854	0.37195708525500915	0.39281104370811465	0.1583935808098204	0.08716976535548662	0.29926946217657774	0.35924573038322816	-0.25342302311204723	0.8163129886435987	1.0126859306641978	0.3151966479528027	0.7981564770346804	0.720712047364196	-0.32155848847352553	-0.3469315819523297	-0.5372443186199667	-0.534237840678655	-0.662859059828152	0.40431850405050757	-0.6357892444308725	0.5603401692822995	0.8315089135420017	0.5970669793233158	0.07444222925279512	-0.19308691755326096	0.6271999168225553	0.19248095475099825	-0.27480325149758006	-0.05395079999795028	0.6476401063397182	-0.313784806929008	-0.041654241184713565	0.39209756305615573	0.305010150238128	-0.13216279385906196
DTXSID6061022	-3.487602125414532	-1.431143367037662	-6.089332587925799	3.316371359917782	-2.2926181444657647	1.447324442583687	-0.019996579090284263	-7.001663967556978	-1.4710307028515774	-0.9850428852337998	-1.3004251453796078	5.656549680586056	0.25945035091773305	0.18403288693334327	-1.6060633599877503	0.44063213856380073	-2.191003010791607	-2.0786817240274074	0.5047096014905582	6.866792106630111	-4.370489755196324	2.739983608098945	0.6047735699473745	-2.298710308918963	2.283204284030926	0.9517425226597064	-1.757026187287095	0.29114759038583227	-1.0769155793494933	-3.176016819724144	-1.4684984150323228	-5.869562853556765	-4.54898287174197	-1.0820441550963646	2.0887285225972554	-5.0794523085219225	1.0949466445866778	-0.05282824686541474	7.215759681383114	3.212501644501964	-8.922873352703295	4.097795178912657	-2.3490974616405276	0.5888107006203703	3.040944849414809	9.327213956930972	1.0098741239644753	-1.931125740435005	-1.9850941861677769	2.005706450136289	-0.08299345235863063	-2.068710229828239	-1.3725383143438472	-1.4959865575018862	0.27632203313435605	-4.03520768495355	3.2490725815213146	-0.2091652504159906	-1.5340948892444	-0.29123047741857006	-0.43523012315886117	-2.174713603911383	0.512113823470985	0.055098961531365814	-0.2240916857271056	-0.9936008597988167	-1.4324917181987746	1.7120839786698825	-0.9397471584033182	3.0445802359841374	-1.738134836324531	0.3091823522968522	-3.367825403088626	-1.3307477618198686	0.3389439818955222	0.6190045662044629	-0.891845693772395	0.29731504461415736	-0.2590837735899919	0.3118118758443503	-0.7086986257619936	0.3837297820640084	0.9687878310448479	0.8899330575175188	0.9130555347557211	-0.7166191248878528	-1.6515972943785373	1.674452320416218	-0.21452718184868466	0.27445469491793306	-0.8370562788227752	2.1335259992678615	1.180875718588678	0.6475568834852697	-2.2139223693960557	0.5206613891171822	-0.7016918166868896	-0.6677959280600518	1.8166035050387124	-1.1679736096502698
DTXSID6057613	2.120058678615914	-2.4719523299668476	3.151494086153832	-3.006194497125622	0.6107088406671276	0.3135077537329573	1.964720232581856	1.5299002613384898	1.5042490666214734	0.1518149106263326	1.2466888535111782	0.06966184502050736	1.128912800594612	0.1794017762001497	0.30126372649364114	-0.8743228985267817	1.7190524748228129	-1.3543051699685626	0.3963471195235154	-0.9177780301997435	0.5602608499507051	-0.14147472678044187	0.03672680683164525	-2.074021284370164	3.165082455841498	3.0954020409319374	2.1954468520208135	-0.42782122227291847	-1.1205313699061423	-1.0764167069571695	-0.35815316069975633	1.3866897630404926	0.6385308855591737	-1.387913547200392	0.8017715017201834	0.4107061096244412	-1.078542854894356	0.6525373104454028	-1.3089510698700286	0.5456838699258101	0.8354149060476551	-0.29686123064514136	-1.8733195646642073	3.080005212302032	-0.2206005850369783	1.521175055477907	-1.5915832927308322	1.7014283215619084	1.2142084084935518	-0.05443345347211543	1.1753353376025173	-0.07810348384311945	-2.555217246858258	-2.60961566056316	-0.9591644793755862	0.4621757181627004	2.32749512095393	1.037475147380009	0.4652688403067196	-0.23928081481400085	-1.0331305911018598	0.7259798558175097	-0.7137816130245083	2.9405597866461703	-0.24977228660361447	-0.42870362219393027	0.04852752731988656	0.7658476349648933	0.9308262315727234	-0.6921333627180302	0.6918165673321572	-0.050800328412027876	0.4334219956438898	0.6976585868370492	-0.5098799661985332	0.08582345364965013	-0.3043426424946315	-0.7826255455935959	0.679349254600457	-0.014851494074566087	0.6411841620509139	-0.5005173749854726	0.022865489063243618	-0.16441746210886335	0.5829928337743024	0.732594266347873	0.32373499705880565	-0.13804424362397322	0.22005675153359186	-0.787733327118357	-0.10092837418219827	0.3225758138992014	0.2150209706566951	0.08814414891523648	-0.06468322332181876	-0.060686789554313725	0.5854671849766997	0.28170341718469677	-0.28938903199824173	0.3951782284838421
DTXSID5027227	-8.973785162678256	3.80573580270523	-1.2564896727513253	0.044530488958487116	-0.14359672203993637	0.006005797325792671	0.7794067365969943	-1.1846440549598678	0.5271529151254767	-0.40445777323722476	-0.08360998545024155	0.7017587710893491	1.622846679441569	0.5980377205980165	0.7587822493480737	-0.6627345281581098	-0.8422565043405695	0.3127010243740657	1.3262753357556216	0.09967352183260153	-0.44168241458561497	0.48148467746253737	-1.2371003944236432	0.25609552244530126	0.08827407484329021	0.5161097674885615	0.09318039125645144	-0.33877958728752855	-0.2061905690282861	1.4302521105227652	1.0819650647085373	1.2801440890054114	-0.21516912585430836	-0.804046033829547	-0.1870034449598863	-0.08336000288557631	0.2469806584556569	0.17512372189303615	-0.07069560013713042	-0.7300847714872539	-0.15784431133623505	-0.09205705595554428	-0.08137439798102297	0.12844857332142587	0.13834378861561053	-0.20736165811780344	0.7351826830954424	0.4434570355725507	-0.4214787122458966	-0.39355956606643244	0.40493350626567376	-1.0190670705383962	-0.5006340224768592	-0.7203479257255244	0.0286098359265688	-0.9758945769786145	-0.48457687831962815	0.06805002095562979	0.03077812001802883	0.7044054331982286	1.1824180889501548	-0.20015590963320679	0.09933657279399781	-0.04473874805952838	-0.29153472600180724	-0.2669002963216651	-0.27782716665245466	-0.34994941069110996	0.056380219950965295	0.6381442039985209	0.30766938981775555	0.3436228621801891	-0.004797184857493912	0.039127021486138516	0.44540807590230475	0.37152328895522474	0.3271592580492362	0.338170529049693	-0.19692719447905552	-0.04824794390699578	0.14262657937126205	-0.2571127452691977	-0.2452214012560961	0.0565044012669458	0.23738590563146203	-0.19378775312045132	0.20121201354758084	-0.06280327227561817	-0.19994373407212632	-0.36567693042428256	-0.04677303750861695	-0.15332423838216047	-0.13667290049659414	0.2854118881061972	-0.05207820341316846	0.0833476690653265	-0.11517846611156954	0.29104460421035616	0.1555541554937131	-0.09956574950018998
DTXSID1048629	11.241424128459768	-1.0972493125302798	-3.287705526497613	1.9501534649935321	0.7512510285952076	2.889843023632533	4.235892017895435	-0.023524992455358655	-0.0582898164588645	-4.020360324984585	-0.14636500782530376	-4.026385440673523	0.4020705218911263	4.151865954050187	-0.6771486540883023	0.5570611895244337	-2.6412143348301202	-0.30669225306859516	1.913999733418223	1.770623150305651	-2.2690337257484097	0.1755183847437773	1.5905946540780622	-2.1778724777099865	-0.7798761267728678	0.6735730237885705	-1.6741639677805862	-2.604721180790886	2.243054315453887	-2.0303992178124153	-0.37290065837723074	0.4428141379722916	3.3716569076608462	0.5726812376021553	2.658784169557002	2.956933628748513	2.1109325586512324	1.2739630459935654	-0.4797166342534296	1.6288279762465243	-0.3106490558592961	1.7866679712877334	-1.1789490291887437	-1.6706824071661326	0.37521220339208083	0.8308963918741179	-0.68045806577954	-1.6892658043832052	0.05751200848161482	1.0281346928147448	-1.6094496143133703	-0.735442494848025	0.06279627511896686	-0.6331157267738791	0.24441373444689446	1.9999774150897933	-0.9863709569692416	0.40183381988145367	0.6581967054019707	0.15167853801293663	0.2014377318242343	-0.23623211505535271	0.6233791641067501	-1.3118478094761852	-0.044505179395514634	1.355597151140853	0.12360179273671064	-1.3080948678777646	-0.5022620069193453	-1.3106721417525076	0.4887028941538171	2.464116172144576	-1.863528767978182	-1.3116864426045718	-0.6471257685450105	-1.7389163367493372	0.16153267316723013	3.1009435588056258	0.6554965426787126	1.2394352166009095	1.2483396783893852	0.2541911493417821	-0.6511311930581432	-1.590249845064931	-0.5343788935597394	0.2094019655823608	-1.1889024890124944	0.9343374365563144	-0.46547385871120744	-0.05245973714306016	1.1217029727073091	0.9308610939297144	0.4745510412075734	1.0536042875081217	0.48559434459459605	-0.3573717897832145	0.12453199599371959	-0.18128454195794175	2.1005563088198955	-0.7770131906390445
DTXSID4045183	-3.9321836362669234	-0.6864786109393627	1.7639018116537495	-1.532362230573152	-2.2305845120374044	-0.16252631246759677	1.973014355929344	0.39409899591868647	1.3085174069887513	-0.7582316090013467	-0.801790951790957	-0.7050605868129617	2.202274839063434	-0.6180360040620988	-0.23866978663109478	0.2689059489969628	-0.8358873690397168	1.1312757420528614	0.4130022997488568	-0.7775185955488273	0.14453199927184673	-0.30793703774194603	-2.2056627073512485	-1.3515182055133206	2.326383043168675	1.2730979459345044	1.3523404741520457	-0.4980537539782558	-0.16529508630122947	-0.9295888879412482	-0.7620815384863617	0.7114373825929261	-0.9801245973501259	-1.1957034857238535	-0.09368391663366223	1.0112643354053763	0.23756511029462254	2.13771341265868	-2.0911925725751495	0.41654501539697714	1.3557265427137513	0.9261341702771014	-2.5369075834509687	2.3335399992624275	-0.49501374652003943	2.083770620679577	-0.9275049108845989	2.5154139942554226	1.191750791461307	1.264535361673024	0.7315438306670367	-0.12756493419047862	-1.248655923215101	-1.6565824236105327	-0.7068146058357687	1.2245609760053342	0.6594328463532325	1.2815115609418115	-1.2663507883262863	0.9566650659807343	-0.674184884282835	-0.015128173435527218	-0.4165702000312389	0.5472618208863448	0.13926845070593583	-0.3697369862996495	-0.25925559718497615	0.6544584066962594	0.29179736513193577	0.741800385412828	-0.1125194154282262	0.723470429737512	-0.5919703211347903	0.059907427324476625	-0.4141012269489537	-0.19885439030465232	-0.08397779433421607	0.19751888997645614	0.755088795152013	0.7568392010826335	-0.4097655040563121	-0.16734080715482402	0.13702134559900542	-0.12278465057852392	-0.3630289012184596	0.22714697284025182	0.4810617895774298	0.868957672030291	0.30810737612467265	-0.46916041165737704	0.12466644225703374	0.1634020583606933	-0.6035906249060508	0.49265657680194763	0.09110124603832111	-0.0004668588862296581	0.2423648697056395	-0.49516440233834136	-0.48910678717447287	0.8803907953782185
DTXSID7038818	-3.0316045726066037	3.94216763751157	-2.9356045264493473	-0.5601870722169983	1.9701996043846661	0.7971073177560702	1.3903358562289088	-1.3020094184151423	1.3762928810769226	-0.8854949954357695	1.6300727481025745	1.0416687456118787	0.2585398165327037	1.1362694844514973	1.267233024184261	-0.48020323958816646	0.29953091850141744	0.8925132825522345	0.9086724618986605	0.008365228010836702	-0.21626132959390507	0.5209968452671707	-1.522761803800688	0.19412063082867723	0.792395592230651	0.15538779818001291	0.574917955742144	0.8849539612918365	-1.2339125767460557	2.712764475210021	2.581324921674123	2.5223104822431517	1.5855029937887557	-2.4307212792341737	0.8974834319553133	-2.7527829616852686	0.4018513559124652	-3.762979929022806	-4.021881748767601	-1.8087708417596966	-2.130981343879236	2.6288516136768783	2.036575969283744	-2.301684489831729	-1.4983391254065834	2.879574213588575	-4.142851679400214	-1.869253393411328	1.8078536798995923	1.7256923291351476	-1.196513175993857	1.994151640971956	0.03914232583003796	1.7807421076900376	-1.3464768601653254	1.118643488274229	1.2087083736938447	-1.762813006660795	0.2766394676460717	-2.6563149108537907	-3.0120805031657407	-0.04728841444482569	0.5610742503064017	1.835621206470533	0.10171788203826472	0.7701969772248193	0.04830958833148213	0.3491276034083582	-0.3638509201321068	-0.3991187631301536	-0.6992750135137655	-1.075678332189353	0.8063251240113284	0.9139291215546116	-0.6664845449690694	-0.28401238186031824	0.44652770426838956	0.033077499938855205	0.16854957133651313	-0.12659627717373392	-0.027111809155462584	0.03545296438148745	0.38617330976648767	-0.6914706324123315	-0.16364366526969393	-0.6197473317973253	0.3550949669682126	0.5685253975385882	-0.12298582262007082	0.28146536313018206	-0.2422283588325301	0.17337101085770115	0.7051314590248067	0.14368883283862988	-0.35323917427833	0.12824084972388955	0.18225845875858607	-0.31213704826742616	-0.12752332527398125	0.25217296976639114
DTXSID8023927	-4.146852628127661	-1.470447041472229	3.8828024146956333	-1.9761121354797995	-0.15016064585243366	0.4112129655370011	-0.5252090867025656	-1.1040583522490053	0.015083976465913694	0.7721783861399845	1.138041249387706	-0.028062456093090302	1.243059900199669	-0.7386005227368955	0.3739562995110507	0.006124256731436829	-0.07566442359440065	-0.16581343362899467	0.31205012592795084	-0.6050150181253721	-0.2214204831648423	-0.43056541543769133	-0.5874754963989708	-0.1559733340807112	-0.3677031221027201	-0.030859706852847023	-0.948693299261379	-0.7377385085759636	-0.8601762114804804	0.38220327733147547	0.0527470360027481	0.16016339622273193	-1.2457877633197572	-0.21741181116892017	0.20668595874215315	0.5469127536702194	0.2637070552377555	1.1644477843452476	-0.36241159545049234	-0.021536442007408625	1.1510174018227064	1.4600771681318636	-0.3863390767586023	-0.7306823123375468	0.055819876113986006	0.04728116256941922	-0.48040052326088284	-0.14869467427696406	-0.2877644446877668	0.02016946182772261	-0.23341329561523827	-0.42385119720264464	-0.8868756987998632	0.3402059479922267	1.2007297800402472	0.009620590780335867	0.680813641994154	-0.14762049300561536	-0.9802011821259646	0.3857486756485492	0.20593011622802926	0.043475367352224396	0.4467725080040782	-0.21076661112371325	1.2017552041273953	-0.31028673179628463	-0.3015784933562102	-0.6727843722406038	1.2048137773824663	-0.5801396297233308	-0.3108061705389649	0.36239890757985743	-0.024385650573850486	-0.007246552448244531	-0.0935758907107661	0.7386657124882954	-0.382002812027832	-0.6689911262092602	-0.06966399097164169	0.2909000057908588	-0.2622787332162915	-0.033410624269028154	0.09533175494808264	-0.3098573509774588	0.28785240522285505	0.33197801388964765	0.34128060933156296	-0.13156265059234987	-0.10152662945884851	-0.24901393374370676	-0.3261258285509159	-0.17690450217574896	-0.15890713402869028	0.19174931899894967	-0.09474988003907218	-0.1230145856260739	-0.11188445753933854	0.15414145418457392	0.019080143489257725	0.027888353602070405
DTXSID3020095	-1.69037890220922	0.2438658332599379	2.5298605076046266	1.0119886451849074	-1.1552473649300201	1.762078030803804	-0.6609970970675977	-2.585142795954134	-0.5235803350812178	0.9417052968102799	-0.09531267272205639	-0.312982746801902	3.659297701813092	0.11999092976843566	-2.1449722303810295	1.2661595860842958	0.4060403563183776	1.7130509317098697	-1.739381801297996	0.31953638337321627	0.28715601293049	-1.1444567604464573	0.8008657548682356	-1.5612456664561458	1.3847235377982525	0.5980840955958447	0.9195631174617989	2.634918135629402	0.8290609514712896	0.23341287747912834	0.0778517596696632	0.2987292564576957	-0.3472970386502329	2.9237191183085516	0.8942143548863672	0.6406366859978245	0.5688881908775479	0.2175376887256982	-0.4940575392400953	1.2984775562004987	0.11365105627811833	1.8992063882019752	-0.2226799486974655	-1.1710274268067307	0.288469797039702	0.5836445249925046	1.1863810224583977	0.3148291163933857	-1.3236803604189893	-1.583609673376365	-0.28658596660066	1.4029254008363252	1.1727772783709192	-0.809882807824206	-0.6918192750729479	0.974616500560997	0.5239955026868858	1.3044445509590075	-0.12839847640166166	-0.6031473556877447	0.3763670191321344	-0.353049662027439	-1.1729544775605225	1.0318713064593434	-0.6412517421541419	-0.27762787139088696	0.6592304543394107	0.06966923106934175	-0.10142449007270468	0.05190560814824356	0.5035577675606078	0.126727214024799	0.003925224598564116	0.5399739763776631	-2.7517721775615147	-0.6286957954635298	-0.6780249905961931	-0.7297794875787399	-1.416616173775642	-0.10183562565699456	-0.5230055471148507	0.08047308163745535	0.020629227382127985	-0.8239968576486968	-0.9660502678284827	-0.29791326195496476	1.2132584696252746	0.11520917563521355	-0.04615793105536488	0.4822446206314188	-0.39930518431908724	0.24501316066737613	0.11789216416490768	-0.5899078947514699	-0.0937017750562687	0.3622842042675723	-0.3081370802372917	0.05233171700347782	0.28772472605875254	0.04153971730603848
DTXSID9024809	-8.56437234245025	3.003602123919619	-3.6969766833981357	1.6321432447385418	-0.2739480081500787	-1.3556746446703871	-0.01493115176542145	0.25449262571194053	-0.8414014149227683	0.620202678004633	-0.48771247457066275	0.9230266623683209	1.0873201633383478	0.680726541820898	-0.24734543515917365	-0.4118831895337274	0.5585495064558937	-0.7065286134300852	0.6203894108186028	-0.9378454033688226	-0.6022577138273879	0.7227440651879772	-0.4110839361066807	0.8704831524173876	0.13512037825568246	0.7050200665964611	-0.9060179460841126	-0.8001675474591616	-0.607621782898019	0.1179449848996963	1.562861222874863	-0.25300233989837184	0.0949316487727916	0.475680078879261	-0.19975420147942025	0.34885833329872323	0.4880910333967311	0.7124230131335959	-0.09922269566232375	-0.6767464157219764	0.15184674395508704	0.08116197978044601	-0.35155507596783553	-0.26667366934687137	0.22022692505456742	0.39954648798567505	-0.24216202443109344	0.23093892822292206	-0.012191615671644396	-0.5253059026218917	-0.17453165564167405	-0.7142171150980836	-0.4813468335280483	-0.3157393097842288	-0.9814334700210086	-0.04808571294257279	-1.1355299544550737	-0.5692750649589976	0.42959187577432123	0.39605648726127235	0.1782597354900318	-0.010002468273962948	0.1804248815237002	-0.45966319076349565	0.7176729840326718	0.25316883006285207	-0.026571113327377556	-0.005590475996097456	0.49390992157508334	1.009076871650049	-0.7028713490211288	-0.8434325759781597	0.9859199841562899	0.19734183671917357	-0.625704150108518	0.6060407963482455	0.007915078829507614	-0.009593865895495619	-0.7782859759386086	-0.3102800482028147	-0.2150688473809285	-0.6596005829456026	0.5557247900703588	0.10241217619442465	-0.6161377903362116	-0.6087729104697402	-0.6325182371942327	0.38901849166565755	-0.2667870027306052	-0.09621533992241743	0.9826125330689895	1.1661745149267946	0.20740191202903574	0.3331399945231215	-0.12055501813664053	0.3230044264193025	-0.3715630527344816	-0.17245063112042885	-0.014126993822021523	0.568104507736307
DTXSID5021916	-6.403510784978622	4.613366155161358	-2.566853646916619	0.9322170112013316	0.7374559524512054	0.2456948568006759	0.6683829520480172	-1.6396814095430283	0.3046558940709567	-0.5964232468709442	-0.08399699434305195	1.0207127662923687	1.5407597245950682	0.33769823418752937	-0.37325988974818625	0.1101762712690887	0.274711466767915	1.0984681382011623	-0.05126748085110619	-0.5274722446783655	-0.40575458464107556	0.2605512162498776	-0.7956086890887434	-0.011228230806572665	0.5689997400583156	0.0969628264817177	0.6048292832621597	0.8624625368472219	-0.12793035453843468	0.1601209563938908	0.35881277493288094	-0.26514245329797675	0.1913594972792129	0.5287734720401376	0.23698017342630015	-0.08977409904768245	0.4255846125626363	0.06871392522831175	-0.6634974651574131	1.2592278992326276	0.34437941001684486	0.29534454393513726	-0.2537319272773908	-0.040429558737930124	0.06882679813513175	-0.43170986114584026	0.19565227622797907	-0.3538160240490572	-1.2636040547505762	-1.8550359264943534	-0.6946977727986897	0.41084770648764085	0.3254748915735614	-0.37708119876651824	-0.7877791606130405	0.06845225228604883	0.6050186806161846	-0.8184272279692576	-1.1109898906758036	0.46462061516438335	-0.13889963767238714	1.1069644415103541	0.9748092533624779	-0.05457783882963174	-0.12424789775448945	-0.5057442649298599	-1.1333917728312735	0.5076524350987033	0.4416256929669145	-0.25601144431317124	0.1413235247205876	-0.46639641697896533	0.3940835342362996	-0.3252664366307696	0.8300990632220827	0.15269553027783805	-0.134283385296482	0.21312543153758134	0.44267398538710073	-0.04950423109815506	0.33770466942120536	0.21776715498014784	0.23231322761504106	-0.21750789915690907	0.5293042408237888	-0.5944043933904459	-0.14699332712403362	0.07486689514478626	-0.11849377044520157	-0.14744783526395414	0.24466380791506603	0.1673824157734179	-0.1361289401388387	-0.1846545955621485	-0.3219488046513881	0.3407937572551533	0.27014975237694117	0.18954812491526168	0.0188986072067676	-0.13013921639011217
DTXSID1048887	-2.6185987061261846	-0.7133630457509966	-0.17878909425637074	0.774792826074792	0.7240903209482866	0.7935305943419262	-0.23079111648369371	2.1840726535670067	1.1301375108603706	0.8592635735392404	3.336377749627898	1.3260561140377087	-0.630592331353862	1.5252330319883851	0.8463140558442827	-0.08503322756812887	1.8840529281151097	-1.9303335735765552	1.1661069681228604	-1.1778079899154252	-0.2385317486994814	-0.010605640571010468	0.20564127706012955	0.4640052625919878	0.7759830558540244	0.4583469774378293	-0.31317260311898076	-1.4087264309011718	-0.6027456201697459	-0.5264047836443367	1.471727736083329	1.0380899643685535	-0.16002668772261516	-0.9566427380064376	0.8272804087686285	0.012639006111952128	0.24938192893574437	-0.5107944616728551	-0.5508197975487019	0.02816920800952663	0.46083991722920803	0.02822411396447388	-0.09009255985814668	1.535140941771229	0.006046529484477388	-0.8662676086858561	-0.11347626995136323	-1.2510411789410545	-1.3253089399873843	0.14167853421598486	-0.2976734754899397	-0.9439876350290104	-1.2359642039974388	-0.40849842122072416	0.0647856026755335	-0.8147587892767099	0.3822489161023226	-0.31989297570560443	-0.0177078860772091	-0.5563056095342869	-0.4959872622743236	0.41384125866258265	0.028140052054535392	1.473198208367121	-0.12783306556124666	-0.19452660957827608	0.022687222164654876	0.19863565515768375	0.541996479611527	-0.8523916765488913	-0.4165575193221695	-0.37372393577686236	0.4055816081471394	0.5624818544275605	-0.43844954485851007	0.9419553189569969	0.510785272933285	-0.658723154641293	-0.6108557099329077	0.18290940629533556	0.6165195191924983	0.16241144871778448	-0.1642372001480915	-0.515147053230897	0.24321105941028248	-0.21767302087320012	0.11126809792633872	0.6954818277963467	-0.3867477359814209	-0.5789658673122351	-0.3086822246357382	-0.023055651470393783	0.5072286411659844	0.12886905282662217	-0.8795228432968282	-0.15277276826051092	0.19226356349869222	0.49668031528114676	-0.8151691625077091	0.25561973794712595
DTXSID3020833	-8.57043463651464	3.024883674523132	-2.317709558272654	0.7309170955043116	1.2123879944948748	0.42042410967053184	0.8889722143253848	-0.3975861238122129	0.12563217852675462	0.5710403058507725	0.7258548047807506	1.5818778231329493	0.6348051596728754	0.15494854021245583	-0.2586150125049265	-0.5421349404892388	0.019996063567587267	-0.641173336944496	0.1316290564055311	0.04037512696483831	-0.6604419183052032	-0.5316503896300838	0.5882765936757409	-0.44692921838237276	-0.5845119062643612	0.7035816738623598	0.24890237386681266	-0.3232345838832949	-0.22135183711732553	-1.1919783624288594	0.9077919695673372	0.8874375365136243	-0.817183896949895	0.351183195039333	0.7145727374508613	0.3844018591474073	0.013322650808571744	0.12301184587596473	-0.57816714009157	-0.2654743935792014	0.3651637175477368	0.5562706130265285	0.04363067121247662	-0.03599934393033254	0.6722226241137231	-0.18517769951860832	-0.5390836209730808	0.22975339232253061	-0.31745993720175103	-0.07934599902202849	0.011863724062201497	-0.14357613595303867	-0.6251128846930716	-0.8083348969977207	-0.029153621669145167	-1.183556091217367	0.16903616591267512	-0.27589889314866217	-0.9740250766023248	-0.3478347159171924	-0.4741902349957684	-0.6630134325354261	-0.4494222716293034	1.0140003926872319	0.15580271037559415	-0.20688062065008098	0.0019326578635971443	0.7245005681313909	0.062434521281532186	0.7096480357527745	-0.6979283289432398	0.027019154495162182	0.9111310387435575	-0.05639257491490493	-0.5722947987494428	-0.040891092411463395	0.5454142202593482	0.5055246301382952	-0.8434321451330127	-0.4942371439449043	0.46005744993510655	0.8728499627114156	0.42404591945872816	-0.17994471278091131	0.5417395662757661	-0.46244061196488784	-0.042663834663162564	0.29320573374039866	-0.2586608917311005	-0.7699915682774043	-0.6616882816552979	0.7568097912714892	-0.4510728994535718	-0.05781867828734958	-0.08813253583124574	0.3354475396067456	0.47208597493595766	-0.17769772511142007	-0.38195083557538617	0.399094383615724
DTXSID3046247	-2.4094766523397326	-0.9823179872337954	3.9696701361206026	-0.03201852312741504	-0.0325498406118765	-0.21198495947200113	1.2762343388959543	-1.1086342734980061	0.5473978714605916	-0.5550193650571725	0.9047626033402452	-0.4908963745146989	0.8611395621859227	-0.5561517756543374	0.12654079024931636	0.9156570564232164	-1.168049578311611	0.4026436953301154	-1.081910661505613	-0.06017180591928864	1.4069736169706306	-0.20887527112964344	-0.37508595625431546	2.145893586038446	0.23240478735256181	0.7316982319205326	-0.5213079962276845	-0.5794396552647123	-0.9161434385413109	0.6157432298810688	-0.6632404290177558	0.002481342489922745	-0.7911427121166666	-0.3310872315599605	0.11770791284560392	0.48031151981075443	-0.07189835815708094	1.794553164962341	-1.1641520513203367	0.44937905678357054	0.5009267625272101	0.7102803511614163	-0.493301089926394	-0.47877945827442836	-0.24592215832280775	0.22275148490226865	0.2005648692628203	0.30908017859000053	-0.7822841287524914	0.5710863095563011	-0.3757972130764677	-1.2804599604254576	0.2230103530085759	0.15581770098077227	0.8208068876293454	0.48558503666627356	-0.6232096582536265	-0.25731462009129563	0.08453015423248145	-0.4894476728821147	-0.3350495267008657	-0.49548589780345637	1.406325278118662	-0.11238330310858854	0.384163330473707	0.045939956071211756	0.31370881291700475	-0.10119275452308137	-0.48608938507489774	-0.4209161785721408	-0.8326150914036692	0.6945162557195222	-0.9023671138462387	1.8208034780520574	0.2618097831575035	-0.7237117800955234	0.18752149352248987	-0.5911393696244787	-0.2524927760245368	-0.7632717158382253	0.36396704967865406	-0.7648231274953659	-0.47767577389876503	0.633988302213462	1.0211910581304438	0.4787656314520063	0.39225147734635435	0.7379576671088216	0.0009384297464361027	-0.12295628067848247	-0.28597375818826065	0.21978374534334846	-0.3148309772876488	0.17066621347796673	0.0741121969227753	0.5768999008672002	0.1910254313971026	0.3641402469834051	-0.04252371809641793	0.05233253452015325
DTXSID1045534	16.146809399011232	9.140842323323962	-1.2942338255001118	5.796984860995736	-4.402230383656354	-2.3241680708867127	-4.362709237421175	-0.4194942894490078	0.04188948430104	0.48552786286828276	-0.23914360830972614	2.073746800926358	4.499715469409706	-0.539985541294229	-3.913650511049058	2.400009582475085	0.4276060811738086	-2.045001797534305	-0.026342059854282885	-0.46969928003504424	-2.9959549605283837	1.6386228901220337	1.2765409221255313	-0.13877863197215412	0.8879942244845198	3.898028920453851	0.11513591124662204	0.6651428910286854	0.4595163447840285	1.9929764909774574	0.7033050225610835	-0.3376051930902821	-2.9502952078520828	-1.0079700620505647	1.1482644145376004	3.8690914202475875	-1.0820148751904435	-0.6496538345398065	0.6268865826927056	-0.6435159231120997	-0.03065532916435309	0.5566850124682433	1.1481157715361818	-0.49882654926690206	2.336501344556772	0.611264976451086	-0.5510528194050746	-1.3925332917369702	2.1562192672964433	0.04991997997804103	2.479826226923092	-0.48686409147576465	-0.23690394584979854	-0.7190377468611536	0.8423951522120706	1.3086783113740497	-1.6250003048672463	0.9230034336306401	0.26184524330666065	-1.4805305619121323	0.004211456730058347	0.46693819078569115	0.66825973344275	-1.1260524178071072	-0.01774959844340469	-0.04825766512116526	0.8727116780046471	0.13242262117989265	0.4807719770548945	-2.8261730234839146	0.20048192649332175	0.6567599200080353	-0.5142353559930744	0.03728384589940317	0.12321451778599968	2.0040514652299772	-1.758399401427955	2.713973821956209	0.7588928944656691	-1.1356114908686266	2.0212114184516614	3.4941775614297494	-0.5186205747333221	0.5578553130101549	-0.8861979662554407	-0.01666152945109069	1.9203574451836087	1.2740140375078708	0.6666539467190219	-0.8033045933086473	-1.0669176287041269	0.14690651589122913	0.41117881585044536	-0.6567756530841795	0.5357974360373499	-0.1235661801922866	-0.18059085376419617	1.0421885025806534	0.16681327929330386	-0.20968069227360756
DTXSID0027143	-4.530608519314238	-0.7941934846847544	-2.370973889445249	0.4668263449223904	-2.9778868335021484	-0.06109486332817655	-0.9824527634091766	-2.5299445579591477	0.9880209914261839	-2.4533908517097434	-1.0385397637657314	3.415835718148633	0.34840265920925695	-0.9645803222573166	0.7454167474707447	-0.3050915950840754	-2.4507436204415267	-2.568620886086443	-1.444100430755448	4.15801554908258	4.26685362824962	-0.5592940614635212	0.9376460895506628	3.7705849297155636	0.9016279862359108	1.527478337788517	1.0624606439471647	-0.2303592121126993	-2.643754875259386	0.02315234949007523	-0.10919553120483241	-0.24260234059274371	0.7931971593225945	0.17188391330979838	-0.5108565370352439	0.6543845383681401	0.5639181695133965	0.6809716373878918	-0.26197871487683666	0.9402367930891268	-0.5666293635059294	0.9135567680218034	0.07947382369978657	-0.19374905956149224	-0.03408165260479991	0.47507346641104564	0.21035199689892478	-0.4255433717027158	0.9231683645502844	-0.13831654076574462	-1.1071289669056117	-1.8263697690044756	0.5257805562229636	-0.1214260355998427	0.5440775808498666	-0.4974259270155939	0.19407453129451546	0.49393388122770543	-0.8100108862605496	0.6670631505450328	0.23973083435953862	1.3596543671935835	1.2455993854792735	-0.39228291501383644	-0.36438254011534593	0.3961624398695409	0.14579717424099012	-0.018345476956736176	-0.19184332660515968	-0.03259944287723241	0.04763499703299387	-0.13922771888041355	0.9673893345153901	-0.5621529299759637	-0.9871565076420501	0.7240757096756347	0.3183938098657587	-0.2798197728521253	-0.4220817337559795	-0.09686811536569907	0.40973288705954397	-0.1899431468857808	-0.16692612018533806	-0.6169688584447058	0.5755771416779437	0.010499325009261136	0.5444654911010514	-0.9606066092327594	0.060527661996756556	0.12313634663600417	0.2613240961086998	-0.11149777330266293	0.13043384978183276	-0.28796969375315035	-0.3206482019094403	-0.1561776127405102	0.30780443285391523	0.16196917408547504	0.1674416042947794	0.10321327789160528
DTXSID9024772	-6.03518248018866	-0.4855740715100065	-0.07759603267386021	2.1755411169213184	-0.17414891339282182	-1.0438936258119313	-0.36194097169164624	-2.1425063197774334	-1.5412244983973065	-1.9567696124465865	-1.4206194018348122	-2.165307208900685	1.2096955975748445	4.19178859258427	-0.8840907348168582	-0.8802604212900116	-0.44942417598834916	-0.24553024237560053	3.097895890730646	1.2511283493068657	1.1537949508938135	0.663400585023108	1.3913702989894021	0.5798036482475774	-1.008946624504587	0.25290778946870696	-1.048508457183561	3.0241753826575093	2.060656342054755	-0.6432369733133694	0.6733857835960521	0.31656897039247106	-2.26189223212237	4.106639661294214	2.3179203594094986	0.6210106708514963	6.357196208045664	-1.2487580295015759	-2.5858580943635983	-0.9381123559489452	-0.822448553513543	-2.3983148094777986	-0.13148181799422495	3.66859158360046	-1.0124454054966223	0.9709439046331014	-1.9253545158770886	1.2127294679921161	1.5112738952642626	-2.041268850582477	1.7322982575881032	-0.25366983276994026	-1.8307209181388606	2.5810791809277536	2.7586680118025555	-1.745221787801401	0.9092562418735	-0.8875862253675652	-0.10472274777716153	0.15516241312613777	0.22647919207095016	1.361299875393131	1.1095840463555962	-0.713698734801771	1.2293590223187836	0.1397482590229608	0.5843532017947771	-0.8605386859519019	-0.7338412421217845	0.9152449324428281	-1.0070933803515298	0.37593035947233444	0.18440128983611592	0.11514588585612492	0.2616006078541817	0.6875613225806044	-0.5814546748179727	-0.02873214537254709	0.12552517853372266	0.24554412250340388	-0.11714002121842453	-0.41270849895602213	-0.10374337958700373	0.11259547985721781	-0.07149626876672795	0.7204450489704205	0.5841455374629	-0.3203596394881127	0.19426301112816868	-0.1481363046660044	-0.4306353123315882	-0.17727286641401607	-0.10883053655935557	0.6317358200172204	-0.7734675579298149	0.6918983759147274	0.8001618489697191	0.36277500841266275	-0.15199354455282033	-0.08896917713801133
DTXSID8023636	13.122582769020164	-7.471185695438357	10.204577499882552	-6.825784075845394	1.1657042421946404	-0.7424610629444042	3.1471691550339274	1.989291206171281	1.6983798839396687	-6.144175814549912	-3.648338186975063	-3.8808601038220485	5.909807862428493	0.29993485459387786	-0.9949475531501569	-2.094020552364757	-0.6906678155364671	1.3831926183165828	1.5090860226297773	2.9068507890626294	0.864061777850256	1.7999822409205661	-1.0496593841010073	-0.9493205511080758	2.118761329015087	0.6473895194723092	-2.79196862375515	0.3157912973326205	1.5953826679441643	-0.8420614248086229	-4.384148991692964	4.355762699452556	-1.3011739905720277	11.833256122912468	5.697883991481615	-2.8147518274423393	-1.7189421338250475	11.134433293332963	-4.152555558259569	-8.494543421193775	-11.36632088083576	6.361437916387033	12.488912900530485	18.22560389622072	-4.19920511207152	-7.575059604677751	-4.840291935917776	-3.8113152482291146	3.809410566381342	-3.015965510523841	-0.7393552298741042	2.5015608135478753	-2.674459021193134	-0.21631664960871835	-1.8424506415690507	-3.0310168545273433	-1.2412521827330614	-4.97461696318385	6.037458087456783	2.8037505377488454	-1.6594127817683082	1.144123800532262	2.4459425883414796	-4.314013026244607	1.6489500472224121	3.147657153408065	-2.2495226599591596	3.4970146111559095	-1.2565194242723883	3.543938718242289	-3.897212004699973	-2.783441180761657	-3.874532838701104	-3.9291826834741026	1.554975040734016	1.0962023149096771	-2.818032069630222	-0.10031951708638624	2.9317416028896917	2.9163061686195286	2.0297882879154407	1.9349486674205707	-0.6259976774218136	0.251852117628021	-1.8094423297723747	0.455478998182747	-0.32959047086651183	-1.450595375925189	-1.2748760694533285	0.3727236174400679	-1.232312097139267	0.6025067410001362	1.2222309673049179	-2.5065293067377867	0.49104601549482335	0.5024647551713806	4.569366534776149	0.6137870003563931	-1.6237429598549051	0.10073412559209027
DTXSID9022574	5.460045132129099	11.190829581861758	3.0998481219599556	-1.9518594351769432	-1.221169894332242	-0.30694648782519834	-1.888057706254186	1.4889877516577814	-0.2854300442413293	0.01642783028461045	-1.1064356152682637	-0.15043856071224884	-1.6944095976340592	-0.25261713643804584	1.3173029026779637	-0.8978688778932642	0.5884959372473193	-1.0737154669647344	1.5304356860585533	0.5059426961463737	1.543516389116466	0.1749241077090477	0.04214011106226971	0.3975611000439427	-0.46280888395778785	-0.14549916480189445	-1.3383044921038372	-0.08753591862893999	-0.12080481028207991	0.39833862814645815	-0.1846372064016471	0.49705326719800286	-0.3039198493634136	-0.9126148463866509	-0.06776937721817643	-0.6965776366792485	0.17362462929321398	-0.1706968052239289	0.6832782726552022	-0.13863545486574494	-0.010524860892496421	-0.368047290040667	-0.6573350830259179	0.8154751744137009	0.16719253495364836	-0.8840898561700977	-0.5202884771034803	0.06990079904054103	-0.18939079944994847	2.01415403719195	0.1637791072932219	-0.9087430092904872	-0.6022892969523833	0.2869838017166446	0.773040291524884	0.38097517414141385	-0.017863875409899244	-0.37006905223654774	0.87587701469832	0.5431885473071624	0.13093214383323112	0.23463846543713654	-1.3007290207709408	0.1906940197041637	-0.8383954472052583	-0.4671566709450146	0.2285362312127376	0.15429910113414136	-0.5254409669917433	0.40072076743978197	0.04618057645575628	0.6992352587744559	0.1707596536577689	0.008286304433637403	0.676316146190516	-0.12325123571201126	0.9772835122551529	-0.3166750982595874	0.21534715531567222	0.1472484955418672	0.5964146271280828	0.1486336140957402	0.01296774928787724	-0.12074595203660571	-0.3076318792459714	0.17870331894973548	0.666738017780747	-0.5804770708746797	-0.29395416700821264	0.08520807490916019	-1.1963135436753631	-0.6443463501741515	-0.4723980264762364	0.2898906385944739	-0.1374126221024458	-0.12384866274516715	-0.07804060680514668	-0.3295703604560192	-0.588787283445624	-0.11451564443066664
DTXSID9021685	-3.5963277026278564	4.731454503518916	-2.298877148314541	2.6783042205770182	-1.8483393402495167	0.5739009834948595	-0.3078677945143203	-2.152922982405471	0.724667313092248	-0.17552667588386245	0.5793779067866928	0.16514127829263345	3.2096841656729116	1.1749659904583043	-1.4242267834717948	-0.1629796227844944	-0.31236137418316273	1.7189910564667226	-1.2798830615386416	-0.43420042940871817	-0.8461847592521009	-0.9868676153211422	-0.892118492236242	-1.0767283860776486	0.8822348929231814	0.7639701670444614	1.886339989032593	1.3395475314239536	0.29276260046403657	0.6627539986283101	0.18008406709645075	1.0474753035943891	-0.10091137639649582	0.6007141298182692	0.02196853077012638	0.36017100289800597	0.04842463513934234	0.12921831561596755	-0.6247526760027098	1.8879820967018583	0.09664006154910648	1.00056430474265	0.04050334931219566	-0.5851694441565762	-0.11742397540900897	-0.062222859128358045	1.0340210853850882	-0.06659134920147461	-1.8815524476555363	-2.331869054173161	0.0018409964291574534	0.7491418579675299	0.6559225693574018	-0.4592127887866797	-0.07302140063357233	-0.7438017988102502	0.7110366647580818	-0.4039027297261922	-0.5905456522669422	0.5645467728625033	0.1970624687107723	1.1375597261437174	0.7755999162504481	0.3378158037703998	-0.3086180295133591	-0.0571531313354522	-0.12459912496317595	0.2770498440521264	-0.09978409763659524	0.12833777106018152	-0.015324549993176837	0.23334194252621274	-0.06555936301042431	-0.3877212862860199	-0.1867367964550993	-0.04668919164274731	-0.6127419896262821	0.035461404674325105	-0.5386414182554348	-0.03990180191711671	0.11713233952001524	-0.023894217295056128	0.009833442560525995	-0.25138429517037414	-0.1699032005137716	-0.14390968158798007	-0.07970597312406565	-0.2665053264305849	-0.006534513420279441	-0.1286349598436954	-0.01055207231483045	0.24552888127864556	-0.25491053298466954	-0.4614497175404332	-0.010828459011486432	0.5592531901343515	0.5341934259535874	0.14395586462863888	-0.13222339844980383	-0.15742870501469222
DTXSID3044756	-4.484479346894045	5.445074034532912	-1.38656745397754	-0.07784651978014136	-0.3515206178622418	0.4764226854690631	0.6683138836717207	-1.5903983336980023	0.9409964262931251	-0.8788813415987892	0.2728129687122651	0.3942525891050138	1.2431501987156286	0.9451462858548124	1.2277360759762046	-0.9164969163499282	-1.0058756356963288	1.1755357345844408	1.354757799576586	0.5823253467771002	-0.16241893681133976	0.6384540222005854	-1.9602809234139849	-0.13381222188802908	0.6851713093125897	-0.004716052692659044	0.9468154540462271	0.9554999384834739	-0.6143553596701764	3.527815984304808	2.084093193120515	2.8032408216605305	1.722501330130998	-2.8634110666198627	0.2140263968365237	-2.9679226081555004	0.2959396263543495	-4.007852057846553	-3.5988768132656097	-2.111108943575416	-2.1841431717557582	3.025186075285358	2.3388949805582673	-2.5082717780962978	-1.7625536289702763	3.0227142070562745	-3.528758329390858	-1.4661913948805452	2.011230986950385	1.8216922089131442	-0.9287069998381463	1.8300910400965513	0.019338386096091675	1.867116366789833	-0.46313724460334926	1.0554295391315895	0.5330504307444456	-1.7933842734709666	-0.053006925619031024	-1.3658421315753444	-2.1057465475975548	0.2077828620858051	0.31267623097862396	0.6375979506448691	-0.5607623262621313	0.7314518981343106	-0.0935697171994362	-0.019462531477639447	-0.7636222432838718	-0.22064989644749058	-0.45365212371125485	-0.42447024405938105	0.07422225653179483	0.5981009689478345	-0.3090202210855002	-0.5194106110210047	0.20963112975281142	0.05098291533885913	-0.5588574161105363	-0.33525276912970425	-0.9965144112709582	-0.2881627300212474	0.3241200517298913	0.01875178384138567	-0.333882798083105	-0.40257824447952434	0.04600646156280973	0.4087658954553848	-0.04497299394616988	1.1248345269808804	0.3179884071118681	-0.08314125665811035	0.3402243520493795	-0.21653480188759608	-0.22037572442960665	-0.10444804925975479	-0.29044800034369406	-0.31599656785547126	-0.507011179255123	0.2982163936167346
DTXSID2049052	9.061369612613086	-4.181336804324603	-1.6275562233988317	-0.7449422002393625	1.3259857012653593	1.982154561446701	4.1646666311345	2.529810605121687	-2.1208180285533924	5.32766214112149	-2.936159508694402	2.9183765185659536	2.1082010193792664	1.9550824461833345	0.8930435550403419	-0.057824797036550565	-1.93884842976852	-0.178827926515167	-0.44787967483100377	-1.1536497566999926	0.35257130613489956	-0.8065000596825269	-1.9539282983020145	0.9780467326271794	-0.043833851760231725	-2.1941149189409175	-0.18708205256447558	-2.176691325032017	-1.5276975111052347	0.9161367170082925	1.6779899511986824	0.9212142265831567	1.3154236910524613	0.9291476618105824	0.017038323713141297	-2.084925715096065	1.8748305664641414	1.5806672833779407	-0.7413682982968891	0.48231573155481183	-1.0923703147972648	-0.1294016401723266	-1.3167496669095835	1.3216012548317422	-1.8797916256314993	-0.7840342047452924	2.9258155520821623	-0.9256146006098622	-0.9830253914103788	1.1105461396171517	1.3428267767156519	0.7955586661200543	-1.6857948147619768	-1.2469532664797687	1.8883032059357152	2.1784048394257574	0.8527012997612818	-1.6658495054965117	-0.16196563514025006	-2.395274901605265	1.832855621727746	-2.36607780826608	-0.5366637315080448	-0.8316999705698753	1.3850907194748943	-3.090582895649498	2.1358320905761548	-2.356017628329067	-1.1808520164815586	-2.2902416348067764	-0.6400823905008443	-1.627420960213697	-0.8808227011583839	1.3458196852217679	1.3965297660540197	1.0376761349799548	-1.0298957563312061	1.3984476660825835	-1.024251511379774	-1.424173413404983	2.89228510127745	-2.0368505693263326	1.289469952794152	-4.822094616197265	-3.245985238559621	1.4420498152051777	0.224021054470435	-0.5848512769380454	0.2489196773075257	-0.9195383572730016	1.207178213958508	-1.5822250479147977	1.2902943532643485	0.33601706610428844	0.4842382250879682	2.065078859911802	-2.2395230510723234	-0.14548046681074253	0.8443357073236377	2.7694302779716247
DTXSID7022704	0.05048691300572175	0.4535685532093343	-0.4926559473966162	0.0706612340425959	0.6642718865970051	-1.1242921362678018	0.09472323426429967	1.1736413039308373	0.10708521444353365	-0.6948896672994664	1.3167506852692787	0.551296648267892	0.08280394719536309	0.012138433761963744	0.41273753484570175	-0.37109451457149156	0.5740251924797889	0.9313750876774596	0.31453611257003766	-1.6508266322494993	-1.0474274645666823	0.8175063752510426	-0.5154254989376338	1.750797483764197	-2.030464831874461	0.7990902230881206	-0.07272874338126167	-1.3213664162316012	-0.11492199347508973	0.7959449412314374	0.8435508515028363	-1.0774159276653188	0.19512357385161375	-0.3651451023384566	0.455902966804628	0.5764463846222004	-0.25712662592883107	-0.3572077747082105	0.2112609979202152	-0.6065193341193651	0.7396834100724083	-1.0804413639510442	-0.45576756576034716	0.3893443639039825	0.7405676906593106	0.42453676469490687	-0.4996581826399851	-0.6470566470733093	0.6679519113032558	-0.6670586454519035	-0.6990382779783811	0.2092418781298063	-0.44736181352417437	-0.005342044686676529	-0.7987495208211872	-0.39296466641196737	-0.6446459294795908	-0.5815358620458431	-0.1693361886262537	-0.051769594019331865	-0.8382231318513362	-0.11893151405266301	0.12895545074118184	-0.5280722647131583	1.3994360942103123	0.512572013540264	0.8273799142430814	-0.5389541990818577	0.8277872930436221	0.5609700042330954	-0.3008241652519272	-0.7736929703299057	-0.04697246365466647	-0.4324825839936182	0.06014496010402439	0.13064129274105907	-0.16500087029811103	-0.5590641118015709	-0.5877932523542988	-0.07603231801200096	0.23865537809098197	-0.7172304620026895	0.030704037096485077	0.2139769310760956	-0.856021987264748	-0.6299993561827429	-0.5060931678430329	0.40547741768637924	-1.1519232527175916	-0.21367748056578043	0.3483135722801197	-0.18981556782725068	0.6288255903739564	1.0944694933667531	-0.6515390669606649	-0.32649827548756755	-0.007127858633888351	-0.11339695345225809	0.030458160458867588	0.6647979666635896
DTXSID8024993	-4.424992592509646	-2.3865859207381486	-4.8404966992852545	0.3865104100125124	-3.700935639306046	-3.8041801500294152	0.38655604641358043	2.3490546226513724	-1.0230408761788155	-3.029959998673123	-1.9758780381428147	0.636125935775814	1.6265136286849626	-0.5908152911072191	1.5095243916932453	-0.05431882639435607	0.7097635291551525	4.261123094370981	2.9703368100603673	1.8234633723238403	-5.846064291415308	-7.152859070022919	6.112818775732386	3.7113195825735	6.02966612260854	-1.3525687587979214	-1.4799487676732626	0.38175621325244624	0.9668039837120171	-0.9195752108237256	-0.026477089950634393	1.0247912297419717	-0.16154070612592306	0.9711770588579866	0.5022927060190168	-0.4020538570105386	-1.1551456170202041	0.1281827503814043	0.38585766143122985	-0.4096276918581678	0.5206475729084219	1.5775146559458295	-0.03766462179166109	-0.7021573920357925	-0.22095468061194282	-0.28852968023521014	-0.22000467515748015	1.1146412410392648	-0.8049172474268381	0.4116450027959807	0.7712762465268058	1.896064719679677	-1.032979594946608	0.24568219227176458	0.5797217234039663	-0.2022996352326615	0.5147755804298024	-0.20760784111196606	-1.4339590790755399	-0.17766710015142512	1.4250223821839063	-1.071507133484263	-1.2895393174791658	-0.38554724993426764	0.5967488526366482	-0.8730818963882184	0.06718021025200796	-0.6706301967904181	0.21200195807596234	0.5210618732489769	-0.12662912979141744	0.18825587232715682	0.38904998537929014	1.1540941072313864	0.53379702191581	-0.7952914846467423	0.23198092167371587	-0.7906405834435958	0.11683635148049945	0.9503793222815388	-1.786903298179057	0.2774946862305348	-0.6599632677195378	0.5700439129700078	-0.05945821188655405	1.2030532286411786	0.2774721397370445	-0.008273185356488853	0.6564274340103634	-0.7578311969634628	0.7305613712360366	-0.3975415239907042	-0.46715199316956396	-0.5784734307143432	0.772321988336987	-0.5728286373117637	0.6540050306240303	0.3596870978161529	0.4374523362502758	0.5544062304940715
DTXSID7045364	8.261728253741113	-1.7686249372519194	1.3978393164954015	-3.8499009984405204	-3.0228272149907904	0.9370661657561503	4.009214549294224	1.9977312975817862	-0.7560529078268795	-3.0692255104548543	-2.288020985629494	-1.9006920175802455	3.410826093761042	-1.6954402534893502	1.5791820931083813	3.129314939277996	-1.1666427522203469	3.056773975100589	1.7330769386628613	0.23096396839160185	-9.69288170871509	-5.208609554536004	5.935593414234203	5.406533011565495	6.748345095986127	0.22309461628534208	-2.4246904496366053	2.7564107295291107	-2.4521486765736067	0.5640952521450888	-2.5788462168702453	5.708453413055739	0.30661531169304185	4.2854218729464755	0.035288065671194094	-2.01349354179839	-3.346009543622531	7.235076306652668	-0.4995763907296511	-1.8990495670245142	-3.8399931813232655	6.42879812935777	5.177391692119094	7.425991742551425	-0.18213480370525256	-4.362224686993827	-0.2969779565034571	-1.910939980160704	0.28924706500106173	-1.5059361371179787	-3.531863400642525	3.166942345380909	0.6058175697424671	-0.8413745684259585	-1.5908633139207067	-0.8627079920480025	-0.09994645815801287	-1.7244853130170315	1.0361764821062336	2.5530359195395165	-0.8601388171160135	1.6680982600702714	2.3778428597678394	-1.6519187894194987	1.7426180595786316	1.1038776217437025	-2.1453854651821542	1.7054870741763823	-0.6884597906526487	2.1963457142605467	-1.7960919903922987	-0.29965830877374855	-2.1609303279166046	-0.1785881613547701	2.070321474225029	0.6731917912855478	-0.819553101397421	-1.4185470322716156	2.7673938709829833	1.2310200160004905	0.5823996758412033	1.9940087762785021	0.6746392947990122	-0.927617929793794	-2.765350129633064	0.7046417323519535	-0.9359615886515141	-0.10391148944269908	-0.6491608715177954	-1.401950863562954	-0.7282569334051402	0.7344753658227621	1.8074147078543068	-1.5018241548886462	0.48641679043465036	-1.0194110612935312	1.6134856909884412	-0.504992761102553	-1.1917490904715968	0.41715725560258554
DTXSID3022829	31.64707398558556	1.3007400596632452	-6.231967473466062	6.250665302894308	4.346511947597718	-1.4988584448455629	4.131013235155231	1.1222018087236887	0.9265582020630878	2.2943579177548568	1.4716919750266593	4.5552398622126375	1.30934520268443	2.4443727632521535	-3.3804404251866753	2.5638909342307707	1.2072239011673147	-3.916482853559721	-2.131496437563364	-1.7708248474352923	-6.560611919344849	4.73046019755154	4.597681978606255	1.2354601067842734	-1.7596935549681634	3.9343436171948323	-3.441652834746411	-4.586092347577454	-1.1780474472878688	-1.2303868987780369	0.46326177742657315	-5.085372026302776	-2.4261398212957372	-1.7440671981419273	3.8826095481414304	-3.314455876038532	0.5034510413883405	-1.3244222762370705	3.7734567809282957	1.390440657785738	-2.1491074380783544	2.875974659993418	-1.762020316104455	1.4712699453426592	3.037024146006947	6.642795381192131	-2.0540835139539664	0.6683093988931991	-0.2784063026521048	0.7905006131568072	-0.9719360007940003	0.1482334326633237	-1.6725206338804228	-1.54829681708645	-2.6707473904114942	-7.377057537749722	-1.0569811394926307	-2.5525876485686694	0.07199710138680732	-0.5614850256907515	-3.922550300586134	0.18478366995730947	-0.04990044595403124	-1.1188906742281708	0.3735946657978365	0.11862092135540418	0.9694790788233036	0.8633575073514536	0.1907679785232241	-1.7320160976151766	-1.1215751207855584	2.5083958567125255	1.2569984658304867	-0.8751339878394175	-4.067018897051821	-2.3451655572923835	2.811765363904774	1.6187063957258057	1.0606719065362855	0.8674663044589297	0.44633812017071106	1.6767546235911586	-4.257254725678423	-0.946670010960717	0.4498973474355152	-1.7650114576405023	-0.4818310112119079	1.1518483131615147	0.1496357506689074	-0.9993796500093702	-1.1456080741134769	0.22781259150844022	-0.07425459982291947	0.15183012892913003	0.759297036040003	0.034835947029548536	3.3857530382593684	-0.37224761103715365	0.6060963902585718	-1.506254117487525
DTXSID7047936	-0.0617810160812492	-0.7725324752705419	-2.4431121966522062	-2.5874889092140423	2.0512810690122216	-1.1579211936226423	-2.6937867134372526	-2.030838638137926	-0.0718571531496818	-1.6947624852364038	-3.1013759102155927	2.5176646160729215	-1.644435469228429	-3.1339420487162646	-0.05815944648273834	0.40254315576222227	-1.903630037913835	0.12779114690358054	1.5853201749975472	2.900386564938103	-0.09552762916302075	0.5532024836484438	-3.197923581268279	-1.7601687278526499	2.8302162097778933	2.9227201539598173	1.7470111457303958	0.5498178575741318	0.20165148585756393	0.9933648815319945	-0.14232081845572692	-0.041966594170434066	0.6551184213434728	-0.9390165771626201	-0.3907420979721666	0.910146949470032	-0.861270480023876	1.0228754475696602	-0.8820839335472235	0.835876530244664	0.4032833477381216	-0.2988815372399139	-2.450129754530362	2.641093172611574	-0.8291392574896668	1.3376257508888987	-0.5028814531877598	2.929166921199877	1.843643301662677	-1.1707617291880759	0.3404344234402697	1.2519877096901666	-1.0136385291002241	-1.8222129590625304	-1.742926828564955	0.8579555350594454	1.7002961437950723	0.2773822758006338	-1.9085751556109551	1.4158773787773915	-0.694960031461411	0.2793238292765946	-1.0591321274630685	0.3160854314001524	2.001789839935078	-0.5222470026523927	-1.7998681090987954	-0.23241396363308292	0.4636954958231765	1.2714025879049529	-0.16019862609407193	2.0040045179097263	-0.758768353965401	1.1390285075842854	-1.1947617337366663	0.23176404130381742	-0.2891661162016349	-0.1000677126084788	0.7099918774513666	-1.2702878866154033	-0.4952276980590374	0.7308823157608372	-0.5607144814950906	-1.5289540981207348	-0.31547387160301	1.294610044744394	-0.3702087976857622	-0.25472531739085674	0.6378275084311592	0.273840107740806	-0.5651784342713649	0.6524733603963582	-1.437969952773613	0.6692919108863972	1.762282682540684	0.08019866485331176	-1.2559533715013735	-0.3865121181683788	-0.23721976437385775	0.664433570940859
DTXSID3032624	1.3669306565622166	4.519931820044597	-0.9643877477281861	-2.180412688633282	3.213457705063133	0.8298974681696808	-0.19743263298083047	-1.7282578205024248	1.8000769026887333	-0.7837015376466138	1.6173574234919987	0.3486662745871837	-0.8323642401275342	1.2817742897892026	2.5425904917469015	0.08223387599902782	0.2176256074513216	0.9116844178532729	0.9653085135194104	1.0880078719430604	1.099148136720992	-0.3806988190124241	-2.3011263835544993	-1.0668646948138452	1.7639283799617316	-1.1231441519918453	-0.5006384714622321	-1.4466206575609024	-0.22596365309732394	1.4193740981344507	0.9966917732031708	1.4496462354073554	0.8753017776692829	0.1077575109205734	-0.2676388548403474	-0.2739573943204312	-0.48812925109185606	0.36947798800468246	0.6403042780868861	-1.7989276370922267	-0.5926221857898926	-1.65616693022412	0.26048623556411343	-0.19483141458842884	0.33053002494915334	0.8398146474070082	2.795536281145967	1.6644272055803375	1.1184521686144764	-0.6925006964899523	1.276710559338741	1.6810493961002115	0.574600175754617	-0.7334035692864808	-0.12941206060523022	-2.8557658100307197	-1.1582338995477943	0.5990832438328418	-0.7857150624468087	-0.3960229850899892	0.6268693977953027	0.2745657387376189	1.8997815011127979	-0.49155661910680787	0.4078329082704244	-0.3922131829273445	0.05580889199967854	-0.2690567321846423	0.2683991513043808	-0.35039993932651603	0.006315368024596288	-0.029183003730526506	0.32624810379570557	0.3527774593635957	0.4354925930861558	-0.03201701968221228	-0.3986958659136468	-0.3053999720661569	0.5274670756032477	-0.3456263232091078	-0.0680468892023269	-0.16940854203842362	-0.20621276686883572	-0.25663825647437327	-0.35063899029036527	-0.4172832090271433	0.04863478054205998	0.08069580045012344	0.4651066175981801	-0.4128705141210933	1.0602077868742315	0.49276849687081287	-0.3896015990058973	-0.7652146222460542	-0.27297624734260806	-0.020057759361401823	0.01875862421787747	0.4972540747372756	0.9825927114061	-0.2320851719637055
DTXSID6025305	-5.318803287466327	2.806462431067257	-4.199089169258836	2.929631974743983	-0.049565007370529976	-0.7120578253364386	0.9286035126300133	-1.2529740962356195	1.131352130662118	-0.5003292596089484	1.4715015795913755	1.3195631271631332	1.574535941320839	1.2916562598448234	-0.2972998354337727	-0.23048228303911006	0.31233618708813493	0.7039457032697015	-0.02594360933751321	-0.13599744280763706	-1.1379007600334714	1.5968548233451512	0.5184699808302365	0.6016777174986112	-0.2574446997149926	-0.0008543089996863384	-0.4038135508709145	-0.7046339308616287	-0.4304940329629999	-0.32405704979350897	0.7863738749433254	-0.2150145078204746	0.12205024367100414	-0.2514078841447854	0.08105525898892994	-0.2602042216607142	0.9576374522583827	0.6527098597514135	0.29477497495899013	-1.0784898083639831	0.17724090303220671	-1.1841747238191054	-0.3797384968250897	-0.12114581864567373	0.6173457374559709	-0.2096901243773634	-0.5492729883898169	0.5539294331367957	0.856207514046024	0.33751544898189895	-0.8113775393306989	-0.3448396104496676	0.1160856286912456	-0.9531501300061812	-1.1446035810224529	-0.1334809412974033	-1.0211474374371816	0.06367563854126712	0.49470225753144415	0.3556865755209699	-0.5961994123528596	0.12214059511897855	0.41519987970308675	-0.01817450882974978	0.23439232605024873	0.1447714106798273	0.21064191339642555	-0.3744957938343953	0.7587640118226203	0.896222951833936	-0.963110463598792	-0.628041909664742	0.34867276120467583	-0.47456404783152834	-0.7917176808337454	-0.024255406108593967	0.1896396713692725	-0.4785495061988788	-0.34335934140483154	-0.08428627127458031	0.3563510474983781	-0.5726918416331163	0.7229333022386865	0.1807417507621886	-0.1968689522194488	0.3249865903714272	0.03857323171418946	-0.19213972941909083	-0.23708191782156487	0.23858130799942778	0.5067744890976928	0.5888913765889143	-0.08666559222022255	0.1831951286369713	0.0623296153546434	0.3422474769988044	-0.18092775358855426	0.03873187145299757	-0.2679160525486035	0.048663903464133164
DTXSID8048999	2.3292053413118037	-4.071584064776717	-2.3663954562716945	-0.4461314634011693	-2.1753343024010796	1.3709059552898808	-0.28458084801124944	-1.4770433641416516	-0.13305120583350302	-0.5809188798879252	0.5843266097518566	-0.6024615483958997	-0.6922233776155655	-0.730843155873486	-1.3724978659545586	-2.511692218105678	0.8523057343145904	3.346947855879518	0.4913212414034636	-1.3237958125005134	2.171087773020898	4.087678938972948	2.154096927496799	-0.8864265049381663	3.009519996746896	-0.5407710979483275	1.2760808578866087	-0.37208052529600266	-2.0568659954027884	-0.5852272354010664	1.8362664506122464	1.4188726257677235	-1.7250208892035157	0.06153272271000475	-0.08336606215688518	1.0620211251171277	2.1051275183134535	-1.0487711321792828	1.5435917236556576	-0.09681240477605055	-0.23046994925632072	2.737186075034345	0.15387489166513296	0.4440957365616263	0.1318879402374514	-0.27662782393768914	1.4939940844892308	0.6856985909985539	0.35777065601810193	-0.17413043827348074	-0.2616088544291516	0.4758130510142443	2.2041727603359567	0.47242955792482816	0.026874006328048098	0.21138684773786837	-1.6418481053593652	0.6080465212891305	0.9301936280963599	0.6075386127857085	-0.5100021885909102	-1.6495415630941626	-2.2686966278932976	-0.3553039289372913	0.0713631983144301	-0.4273199383862309	-1.7965404805718652	1.5927953284407375	-1.484277913370762	-2.136030357216883	-0.6594355143931879	2.532249037026011	5.271372091549581	-3.1356215579261577	2.7659247473194744	0.04480768044421004	-2.258232685808575	-1.4015091605916694	-0.623368370332666	-1.0075539005475591	-1.2527754344991027	-0.8651902949053881	-0.11541600029186976	-1.2717458340692187	-0.38142761437840805	2.4421779134784307	-0.011538479489117924	1.3521129686498763	0.6136202066563	0.6276085382522748	1.100586935569497	1.5125442074949302	-0.4756366511256995	0.5648990413246623	-0.6554248826462388	0.3673010468080948	-0.164524144995022	0.9263071934336645	1.0822453553987001	-0.889517669396736
DTXSID1022922	-0.3687896098125017	-3.309011273947323	-3.5213248251246405	1.320692278293462	-2.3261703296756546	-0.250026468781988	-3.768787812874894	1.8264488103816476	-1.6196704507505233	-3.459517159804232	-1.743783082717387	-0.10468841043321178	-6.579209048876505	-5.461944588895296	-6.429550921866282	-6.514877935496909	-4.4622205177224545	6.4286619845298265	0.4365787560465114	-0.7024521626395487	4.365623533685897	12.12168360618507	6.885993365282438	-1.645670812541447	4.271818616043311	-3.4615125487950027	1.9328724660824446	-4.354266934286039	-5.084487590643195	-1.661902364096846	4.3759177762990165	7.392214549841307	-3.8491417017581293	0.7245944497162211	0.6782791899460203	1.3646116226967213	2.1368717575371963	-1.4163052198772812	4.628739409525639	1.860703813763353	-0.9254004977927439	2.27312165964608	0.06405798432148511	-1.4603115632320802	-0.8194160108636077	-3.8354188105867566	-1.601271585451693	0.860514403004071	-2.259773997620971	-0.6797110133709361	1.41806961137889	-0.40223911814839586	-2.1696429845231346	3.492753825664286	0.7703699849415824	-1.673832009262603	2.5231717360085026	0.9686273435034346	-6.239638351745318	-2.5735873838995356	6.258944282769841	4.553941549819321	1.1565772892527209	1.6057836845078737	2.8106406510893733	2.485409782639893	-0.5382719152871319	-4.190178517596659	5.844565257802036	-1.038941942228686	-3.0483510589793674	-6.281317181333916	-10.603879515850908	10.43243796284156	-5.217234709275794	-5.321693717721224	3.276364986515519	5.348119535428414	2.167284579122351	-0.2670902318555547	-0.876303174615493	0.5521160148471161	-0.4663710578692758	6.084730157998933	-7.574954037686208	-7.458842877936455	-2.248618586817568	-5.177888746692417	0.9111098970845962	-4.3119667161188975	1.1294995243329682	-2.835274190706846	-0.25798916273880707	-2.2175343487191146	1.4395537693346618	-0.016333511846286345	-1.236922633444366	-2.5353214747969277	-1.5671040666735487	-0.5040307500743298
DTXSID0044860	-7.667917112497659	0.6054465676455341	-0.9149389561961955	0.5418364396782082	-2.5676798521335162	0.032548830353228635	1.124966641285209	3.280487575521155	0.767639644395105	-1.1566249688555972	-0.476267447848506	1.1259024629788001	0.953974087809028	1.240062189458473	-0.7792804163339597	0.09694174558676681	-0.8685054171499187	0.47508555903287025	1.501595885089897	0.1676556047480279	-0.17477807714632138	1.1106776989551186	-1.9892431250508162	-0.49597031346592607	2.018836332665646	0.9979945182547421	1.6873232259368394	-0.6408261317853196	0.16224786898979565	-0.4522426597357981	-1.1859325966065917	0.46339926238097023	0.08447388395507088	-1.0424713374095356	-0.38963691504953807	0.09672445109772779	-0.42530765909408325	0.7111512804042845	-1.017286566262522	0.33891144038718135	0.7647347934893017	-0.5873524652132296	-1.7845143822852745	2.6019694935800555	-0.22436055847350048	1.5402633207030876	-1.5402006125598562	2.7534168309555005	1.544533747669941	0.5089038823675137	1.0676093455223044	0.15479449657637537	-1.114935067558585	-1.8024625406497763	-1.6946822369289813	1.4156133157918254	0.810506940050189	0.7548160521312633	-1.253541428834686	1.2129105205510828	-0.7023571076764772	0.45041960824666627	-0.16952939481610504	0.6015606139934084	-0.19269311057147528	-0.2996139161153008	-1.3268635883973066	0.4515069466797465	0.07178315980601578	0.6796532874630515	0.5413022343896405	0.8876787705626051	-0.0556583527453511	-0.2365099348921736	-0.04060875191062021	-0.728828926056851	-1.0230660500304878	0.4412944005703079	0.17932407129829045	-0.4537396620644947	-0.7756692751258746	0.12611788528549675	0.12363355691289853	0.20393159466822164	-0.98129819524651	-0.29735495961524455	-0.3772701770164661	0.4404719902582708	0.04986669724735049	-0.23039652193846144	0.12469497491191203	-0.4493286569843757	-0.13070980424572023	0.04993288402498274	0.402557080680903	0.051743542114247316	0.21629615523304638	-0.13269825838323335	-0.08924196880577816	-0.023216847801601458
DTXSID4048777	3.2739885099328974	-0.6920380944367086	-2.4087009054667923	0.404648226208123	5.741274611520059	3.024292175631474	0.4341922814956204	0.9663928200835034	1.1654792654017962	-1.3802710934088278	1.1496618553742455	1.8508021871773237	1.3729318442235836	-0.26474216411939766	1.8644138672028774	-0.12945718229868108	2.0413224777236825	-1.1637955939510836	-0.27023759898437233	-1.7678851479286402	-0.1641640559119363	0.6787921081543279	1.0788059035979862	2.2178689835361043	0.5765304227812407	0.02813085628663688	4.212108087540867	-2.940192470703235	2.968791704459853	1.307763048237068	-2.5846940061598787	1.416452751584141	-0.522135261143454	0.4332929471956913	-1.901603638193411	-2.2982575639337193	2.206514350950309	-0.0807616044920849	2.0197729896961336	-0.8542315619432328	0.6033230174109281	-0.22729940353512507	0.45873696697033695	-0.17690280680734635	2.5612824168889334	0.5447160934025838	0.025795302384207144	0.1232281184047132	0.4288165935422204	-0.5859633310656674	0.009799647014498657	-1.4296383828922796	-0.5827489169264819	4.259201786005608	-2.0031647534685995	2.089533029146154	0.4079002102866338	-2.2925025918111572	-1.6336768949042109	0.9722581883527396	1.4930187106863733	-2.2492599828514814	1.1822851341150646	0.09279291431879169	-0.4046475432674588	-0.1016482645215403	0.939345208101194	-0.22517674914207203	1.4879691601949883	2.576603198638689	-0.37798757396932636	2.254113523416776	-0.3857528258721048	-0.4277077136131977	-0.5672876917221216	-0.14611619337216863	-0.15578679171440674	-1.6088490876049055	1.748262050247304	0.7498041624506876	1.226883489669593	1.3730088474340043	-1.176268801745541	-0.37421375102818843	-0.993042885648302	0.28532359677955116	-0.4858332688477859	0.6278054886390795	0.13545340479178836	0.4786418153266863	1.5518799514239816	0.6069338665555883	0.05525314059389453	0.39365816320135594	-1.083041665805667	0.007335109273832834	0.19508210566716946	-0.16123248234226822	-1.0632553448824216	0.5809632616839461
DTXSID8049044	2.0826776640587386	-2.946300415504726	-2.5211856578322625	1.7331628526577074	-2.6253443041702402	2.2457759488177365	0.6147572871248198	2.3389848581265205	0.7050591909620468	-4.386366398876114	-1.0723045423282622	-1.3209061468265908	-3.04244526528696	-5.20181132896365	-2.212797722789142	-4.407163795332169	-1.6206769190435435	4.777449305551619	0.35598821469348796	-1.110597965104581	2.2223280648692456	4.823031148319315	2.7853122675446746	-2.3589530850944795	2.7920963938659376	-0.8982333068304881	1.913117527648176	-0.9844913112585192	-1.9688337223741714	-0.46422282111062974	1.9714386487096969	2.522474105477261	-2.1509212369933426	0.3122243881954723	-0.39461633736300733	0.7110402763908432	0.9580413033432319	-0.702965180203424	1.6341990629999106	1.289109673742144	-0.4105289361942569	1.1400154241079514	-0.42623493210070157	0.11074044352015694	-0.1462392335266394	-1.3507829702714866	0.05770257474633344	-0.5163326713906613	-1.093591559685166	-0.29335687798007254	0.8380708038398613	-0.36268688373848756	-0.2323111041644563	1.8543803328485589	0.4595675132383187	-0.3528224611301479	-0.1799382058867502	1.2063970013992802	-2.1397540442129053	-0.5916584680658882	1.4290894647763648	2.792867167097557	0.7565577570217729	1.113558441143722	2.388783531343063	0.20998693510493593	1.2839639475733813	-2.3665887214085144	2.6505909102989307	0.9044220799132172	-0.9050864742627251	-1.7774100835768423	-4.299506295255071	4.7307518212090045	-3.3908040787018434	-1.4022587625508636	2.4737273599016723	3.4900012053179092	2.169046981716557	-0.6650716555240777	-0.24568914223474012	0.10581609137078998	-0.05328769220497982	4.006003641013071	-4.648448180595647	-3.437743667748988	-0.5119665845796233	-2.308359190420015	0.5092310041365473	-0.3980479090070991	0.8938481510329717	-1.3880490123539393	-1.0899680952854178	-1.153996885628258	0.34039831613258453	0.47586839504251377	-0.7592860352679941	-2.2473862911624494	0.10319455577550696	-0.4837315244619955
DTXSID7022049	-6.401147188765305	2.011819094887352	2.197693996533501	1.392950931622944	0.1568177124007048	-0.08041083674330732	0.5205604241879765	-0.604307606021431	-0.1665862793044679	-0.2627803396013978	0.4981389499080865	0.7703260019858866	-0.8592188461872964	-0.7288718841619587	0.18461253364048855	-1.104044455625035	-1.4138896658218516	0.645740157370864	-0.27420195539050457	-0.4187150667990038	-0.9017882675001201	-0.11924952649011286	-0.6023184428013038	0.6808979304357828	-1.0758668338108508	0.4043338091384704	0.43036435718541766	-0.9574701360719253	0.6663005413370199	-2.147348070297712	0.612574438425736	-0.14469286097497044	-0.058578078343807315	0.3388650622678285	-0.5413282732960564	0.76222634013391	-1.3042807195883075	0.5039983778712135	-1.478671717163103	0.2835502276396912	-0.220316168863891	-0.031004954173147584	-0.15262686351150806	0.45825008734509076	0.7952017870118085	1.1995516987649772	-0.429522043746899	-0.5826906032905802	0.4034639168403333	-0.2575983054658892	0.3869195358790746	1.038612040064161	-0.7253068834679469	0.48886616132380317	-0.3650955199533798	-0.2985273738053592	0.4822323872073841	0.4785822582726871	0.12772002989927136	0.053100523166778144	0.8547083798953071	-0.8559842729765769	-0.17917625080392974	-0.27344670952947076	0.2290770771006289	0.1506263709925648	-0.01682988699692534	0.30909878759886716	-0.2361345155916264	0.10016846389898247	0.1994279358122603	0.3443783290762432	-0.3798132396364591	-0.7622626404661531	0.09173715177801779	0.22762289242602146	0.059111454353545825	0.026187774552509153	-0.19880405586175473	-0.1758464508109724	-0.10085973482367472	-0.10798777392300046	-0.2686778586868251	0.1958037666150616	-0.01233830448331514	-0.48375851088767646	0.212569961133789	0.15496767958662708	-0.18107752881351163	0.0965431187732358	0.18200014164356684	-0.4638748339639309	-0.49103345676535537	-0.31588265495048096	0.36553894241943546	0.08970420880868678	0.03565490363444552	-0.0713450238097964	-0.18754406822927835	-0.013130912633704103
DTXSID5047031	0.07308386193910482	-1.672054562711272	6.097584762694632	-4.362013456651536	2.99049642570791	2.0537188308928704	0.07698416529843477	-1.1563580758902874	-0.11116349614294639	-0.11503237142648559	-2.7805537425749765	-0.40493507743720275	2.9300761000184004	-1.5455470220626202	-0.025426092158749025	-0.25398026137638074	-0.8636932760551823	0.4303232833052532	-1.7933673242100772	1.069063913316304	-0.3264682256646204	-0.4654294213235866	0.28703399235827515	-0.6961570125839505	-0.46753477868438015	0.15134061737131446	0.3112005881600706	-0.13981923554765982	-0.11045112029119748	0.5857557932761116	0.0786433731660476	0.12214679287531827	-0.3422285885796418	1.451343247773503	0.8907546151072256	-0.6611752745149653	-0.38928556055534663	0.23372719809232412	0.4347553404389633	0.465535721378207	-0.12192996665630224	0.2542492072037149	-0.26223685184491224	-0.13222287226953938	0.5594774544632521	0.0461664367927237	-0.10857325522231712	0.4661568785719506	-0.0772150983925011	0.09327262275627296	0.03441080534885631	0.28024286105272683	0.06754376223994492	-0.6490564546835635	0.6423469823008192	0.74090652647812	-0.3317603960381785	0.9390634663053171	-0.4172008236191422	-1.0082659234562674	-0.3170384875488098	0.6131720994156423	-0.18311907165530422	0.9452448437547234	-0.07207031866124833	-0.9105530555877936	0.9847496138785333	-0.8296275312598903	0.6416668901858325	-1.0003945809303454	0.7818644145204794	-0.23701023643807678	0.7525717008698578	2.721083275089347	-0.3918865661463389	0.6775942378808008	-0.28457584035499695	0.0937842693248057	-0.4740051289253581	0.003670394326492488	-0.7387741706269703	-1.4796277357418732	-0.0004932008125768699	-0.33522842089166244	1.0549106400863342	0.8831691432897727	0.20039397607486717	0.15813672363571105	1.02259566094352	0.2634864414267993	0.5446811805010149	0.029819269557046092	-0.23524505142898672	1.0807983875229903	-0.1841732363386986	0.02204699082143258	-0.5128954450333564	0.5812591751173904	0.8023135413838071	0.6314740723107536
DTXSID4020292	-9.7920897843364	2.621052602260464	-4.176529386416227	1.3885156807938455	-1.0271004119858405	-0.44505101399988967	0.23127294039722746	-1.658742145087427	-0.11186149855219922	0.3959644925529338	0.22351221615958902	0.6884239058985832	1.844756366778147	1.4993057903137943	0.7126972489264694	-0.6829021932323182	-0.27418297333653685	0.13797371784679613	1.2572818940402388	0.41846825799201254	-0.3526554308560135	0.7466657935306504	-1.7743845422694184	-0.11469004656125967	1.6682522948968492	-0.10494840534916253	-0.08924646350359382	0.044610371571823085	-0.8380185389039245	2.2552841265031485	3.178738866627797	2.771009454756952	1.6032939284610652	-2.2222216467890896	-0.4284234990213004	-2.6912171682314354	1.1036242551627595	-3.239482876660044	-3.802505100147328	-2.281194994014523	-2.262521398296028	3.646591072211746	2.2063078385991277	-3.0041313587581664	-1.8707825212713434	3.1779207722834593	-3.5487848226883916	-1.5468612305350706	1.7099022685656102	1.8120051460140918	-1.105822496367845	1.8413251503546386	-0.3216035177149594	2.3708517327678704	-1.4969354657828071	1.855728845150208	0.5300372871930062	-1.9183939026923083	-0.04102745642947741	-1.5691868845256418	-1.902258417495248	0.8297204211223554	0.8643890279520144	0.43589032410956813	-0.3334529695565591	0.18583472122282912	0.03662571497814734	0.3025459442543283	-0.6145645741206309	0.0125662210483246	-0.5545955496359083	-0.3088015239853777	0.6376720891882933	0.12299726301171048	-0.39686122836614846	-0.10542021932524027	0.2731091688696214	0.010827168056498658	-0.7860150786927548	-0.3768798459395977	-0.6714753963489025	-0.37060057900953186	0.2853267278823727	0.09060652889646206	-1.03608728273233	-0.7998262012287992	0.19128327933051262	0.05589700743649403	0.29991721484526696	0.9860671952990036	-0.044679387227462584	-0.1923223549978411	0.47160303865603614	-0.02312163275095844	0.2876523230135044	0.3238241234760597	-0.2189801842511333	0.2667228796812431	-0.11202988797045867	0.22305941368258583
DTXSID0025571	-7.021297677249745	0.44294718992616594	1.9567265151901252	4.1950006167838385	0.09979391790925339	-2.293468057743894	1.17903352482768	-0.923451098944077	-1.3902321718565382	0.2486308133357976	0.9141263657952388	-0.21510724424657468	-1.1667566483387604	-0.6910953113111233	0.21393614560086296	0.40796964503625477	0.15878073264254144	-0.46980300522565804	0.03652575067469545	0.020906357525076948	-0.34428378650277414	0.011219159872079184	-0.37732059070920687	0.2401951888086734	-0.2887458467931102	-0.16352112674215524	0.33789983816845004	-0.17717190703067598	-0.006927113477063173	-0.45569206818904	0.01103177913430489	0.46478555146316647	-0.03641797273863711	0.17173306543612904	-0.07097557341225741	-0.2215181479703817	-0.40763887735051774	-0.27265624486116957	0.2029154483376099	0.11177366411296048	-0.11631520438900252	0.32152012927700446	0.2745871661980139	-0.19260856267805712	0.3182431671669388	-0.3161414543711209	-0.3071225855751747	0.3653951336194077	-0.12569862184985714	-0.006187811916573753	0.186562299788006	0.13840774177207119	0.16870641047370824	-0.23057949482968607	-0.2895782650634089	0.12788611944600004	-0.31782550162388806	0.26873947796629194	-0.5746245852078018	0.2146489453203376	0.17855097398100336	-0.06575248644505237	-0.07527155652167732	-0.209122833318397	0.16997760851272023	-0.29772669163235344	0.06750429604380034	0.19050244221659657	-0.06690852801735206	0.35366208491502493	0.10065217797301765	0.21988670977121225	0.457797874107589	0.01959876295580856	0.22048616041967303	-0.015396409437193932	0.20625587131499765	0.27687125657525535	-0.07659810017624837	-0.39152367218661827	-0.26585768412384797	0.2479704859689145	-0.33186548900864793	0.1634879352092238	-0.11778369878700679	-0.11744875229423822	-0.04263623236811653	0.07460472139786614	0.08711262042160753	0.4617201347102029	0.1354918931663704	-0.04641691822403407	0.6593478789058068	-0.05257130365901358	0.06413256186904731	-0.032781868676654925	-0.047725537101772283	-0.3441007279423316	0.05018443109853505	-0.04276436927821716
DTXSID1046398	-1.4613529578763602	-1.2640702119093192	-4.463857085516354	4.2248433628107245	-3.0499150748377337	-0.036092886797100834	3.607704490278058	0.5797177530395733	2.398941688676668	-0.43009436936371853	-2.1686620197319706	0.2598392424545432	0.049493733885340035	-1.9197922289051355	0.14609722657236307	-2.7684163311112746	-0.7537399901841472	5.106626087800804	1.740784487349428	0.7382070899360991	2.988594472279753	4.011817725208368	1.7937513876010653	-1.2609341741650466	1.4257482184294157	-0.8812619191663665	1.3635187249725378	0.05751351102127314	-1.0863457250071649	-1.0400895954121776	1.6993887087299502	3.278732355428854	-1.224231983118672	0.05541399974498515	-0.767424391684254	0.9688890537385189	1.46057023731887	-0.18077270132105747	2.129929294102993	-0.4956090319519761	-0.3785048972365855	0.23040185299852928	-0.17829202635237207	-0.33135552817256814	0.4733118580570804	-0.7981842561025699	2.067188484480877	1.1036256311700872	0.37875737606704823	1.5472502121596148	-0.7498795250343153	1.2244290413466818	1.9883434363444528	0.7953931392071762	0.2067061245140483	1.0518997588651482	-1.7813831443486565	-2.407243707240091	0.5063864556027059	2.2933061616631276	-0.041738803693802	0.4844298929002751	-1.9448946412630261	2.9310647025603838	2.9969922325277687	5.316589941727871	-2.6411791770098003	5.051694116542269	-0.36247094914764394	-1.3314474704195571	1.4257671129544771	4.588042145653556	1.67850108562565	-1.4937377327612185	3.8595855202525513	4.5615909194039	-2.834723363825875	-2.6145671472387892	-4.154652356544746	0.41026273918743644	-1.8050192429179766	-2.962047014056069	-2.424898795783454	-0.7163106598715941	2.0023389497698862	1.1305536010730817	2.5189384687880714	1.815538104167211	1.6651213420772553	-0.5307309868091702	0.11597461350278833	1.5779532546659878	0.11697947398076057	0.4958294851904598	-0.530255868532422	-0.09760204430109076	-0.14970297438464258	0.7241083298774853	2.301155076482768	-1.0376550728366318
DTXSID3046110	-0.9844560010801447	-2.7631346829273205	1.4034352322307098	0.34305193419679025	-0.7692473420069597	2.5470891093024712	-1.6207176907528151	2.7233898490390516	0.2726944801802628	-2.788709461216254	-0.7177038192911013	0.35050505868425225	-2.2799588810052174	-3.518568782038239	-3.2175301359158164	-3.497977199802212	-2.708894982198234	3.6319383225793933	0.37610486266214765	-0.4557363935565795	1.6799129375688286	6.176207415485945	3.007920253936146	-0.5367773198173629	2.477927531113683	-1.7104673357699598	0.7017397723984337	-1.062269902117538	-2.804950530414846	0.4280970629243691	1.2817373288570728	3.250554370650409	-2.537180235123092	0.7573266539928745	0.19136223844309483	0.8046512109674949	1.4276025862645891	-0.39813685792563486	2.3404474045879713	1.3526260910222194	-0.47197585965220484	0.8896630842874723	-0.5037298659325845	-0.6062506362255415	-0.48245624552644056	-1.9051639058903642	-0.5175411343261743	0.18088637304785513	-1.3224511026954726	0.06851397639108808	0.7846625914356579	-0.718575870346072	-0.9807885032935172	1.9142940551164844	0.08211218792342835	-0.4668307988875005	0.14184089766901714	1.0675853809232847	-3.109642945367799	-1.5988250042543906	2.75883648402626	2.9567499531810393	0.9650334483371423	1.6086656216986517	0.9660116292282863	1.0759867266113041	0.27253211914333925	-2.5424603227620293	2.6053959426755875	-0.508486512810894	-1.4651538607777022	-2.2178245404795476	-5.300763760204702	5.2864715364274	-2.874823566158974	-2.7921506857557716	2.196493004943545	2.4769731904889727	0.6666565670141653	-0.17518793181951864	-0.1767786603514655	0.2947655451709085	0.32310813179691195	2.8792638447345063	-3.919825891136836	-3.924062008228704	-0.9478065737867234	-2.138445001605566	1.2275176654864461	-2.1519359838968137	0.9640171446976341	-1.3072969262413603	-0.026498940630670292	-0.6429847642344219	0.7912823192438094	-0.2007917063055607	-0.7269758414824153	-1.5718366753342772	0.1954977370372209	0.40376784862150805
DTXSID0045595	19.509091111740226	-9.551165555247339	-9.148806802702625	10.176470586676832	2.621410714759647	-1.0525305285467137	3.215414281625402	2.7086638665525427	0.3092049788482543	-9.17529482253101	-0.3667683800704435	-6.879166053771893	3.618741159372475	4.725781304539551	-0.688849444560329	0.8153548332611482	-2.6361391695188936	-4.836933275699896	3.5532078043056625	2.6877011063784644	-1.260924141842903	-0.8555341071122122	0.5663960284886056	-3.5120568301405997	2.1717655580121265	-1.212118090439944	1.4022934753665874	-0.722819987970109	2.57451970819223	-5.393698157625711	2.4516070155812404	-0.353327088916612	-4.032368240961601	-2.8366763929415533	-0.42477629421085955	1.7591233683507244	-0.24543657318956383	0.2124003981984222	0.29027017544407835	-2.049737670501905	-0.4352343507708259	1.8331006410554858	1.281089910839925	1.0801498916818775	-0.09502331006171007	-1.9634401961250634	1.7783905878774005	-2.742788378678683	1.264900283354083	1.857433247868663	-1.3010540963797272	1.1228882315187427	-0.5051569817532875	1.5795500896049064	1.0552130056486604	3.030365985194704	2.5907186361850205	0.6546633405369032	-1.4851887576131124	0.6535031112438188	0.16912146614943063	0.034636740488021935	-2.200239720356154	0.4338854336599779	-1.1877368225894358	-2.08119449727495	0.8272008706281194	-0.9273076724458401	-1.877981073717603	-1.210422771255533	1.178957823883342	-1.357759651258934	-1.9592562752190823	-2.018910202971335	-1.1140485424786273	-2.197594829054916	4.731343567781826	-1.6527334511149572	-0.6365540777465977	1.0180532967515508	-2.284132302216146	-2.0053312231565283	-2.1724787746179897	-3.3325923751264788	3.0621787258909947	0.12441746537142107	-1.5022381834441232	-0.11280786672082932	0.03082462967508993	0.3452061367577831	2.396654658170364	1.2894748733665107	-0.4846726453050187	0.9609965246079575	0.38256416514808805	1.5045455972136115	0.964577811902306	-2.333868334465497	2.6983968230759707	-0.7566762215528832
DTXSID3044754	-3.958915578678791	3.0409138447682444	-2.9786126499447443	-0.24125498560213582	2.4323715381971733	0.5482333201460574	1.1649614768202559	-2.3569796957468876	1.4446558842483683	-0.6709322248732844	0.9100456431166304	0.8187237610391251	0.5707273317614024	0.8074025383959281	0.6778898837914566	0.0915517486147552	0.22981983044905516	1.0703586708228308	0.6621727413293053	0.38320548993952697	-0.413227100602158	1.0640863169173311	-0.686829392534029	-0.22690899061886433	1.0749001121527135	-0.07394582448523278	-0.005711612783823778	0.4341302908365566	-0.5445765660456573	0.09589709633817142	-0.01542604983530812	-0.3804786212981635	0.871318670978022	0.20040768712147675	-0.07156347090798111	-0.34067862770952057	0.5003475196633586	0.21950888075197691	0.14020768072923281	-0.11029822390552961	0.01759247573629079	-0.55822472202802	-0.23230649739274653	-0.08594754061404662	0.15170046472919327	-0.6387899493421747	0.04655312990292405	0.13427767124281292	0.38659463645815195	-0.45116754137073073	-0.30379613650827275	-0.1406655006094552	0.139718987922818	-0.37718418139408694	-0.5226643368990336	0.17088449289510058	-0.6760991529627957	-0.4546103521801931	-0.2119279516458209	0.30365433824512517	0.30812526946462565	-0.14028364927144	0.04535017002763154	-0.6724421710148527	-0.30000083105974257	-0.7602081879111394	-0.9012719910037023	0.07389751610528175	0.0898173940705454	0.06835038769308033	0.0878612826809943	-0.08204412260944044	0.01891644509044478	0.44283276022677326	-0.3081077839526156	0.31080717207980685	-0.19727721266486092	0.7934817501146109	-0.39658822903818625	-0.35785032614848594	0.29722030825155255	-0.6123842853983543	-0.1282665948654935	0.13364857775586964	-0.142432984359239	0.1985514475613799	-0.006556202487713524	0.11792351122812722	-0.2032618331293964	0.23467255105616666	0.37632308624227606	0.315180075790358	-0.4968403928340014	0.09345969233425638	-0.41419046013582544	-0.3509924813763995	0.03822163113677335	-0.10770122635770868	0.2652030118475173	0.07362852730112308
DTXSID8022955	6.9306950275557435	-2.7809154200306305	2.6861322857994128	-4.70811821253111	1.654034615758209	0.5302962687735414	0.41571572157861975	2.4342171845764327	0.5724022331694995	0.14833129795311345	-0.9653846919928967	-1.2506931494559	3.043902328644233	-2.547631111661265	1.2126584272351173	-0.7111416937403771	-2.5985346154784295	-0.19284476490725422	0.35777930926324997	-0.2354516950038232	0.4865143287364411	-0.7743272802614913	-1.4691080510309873	-1.30586026168844	1.5059819147599092	1.0050541031849503	0.7097731468258692	-0.2512709375229411	0.7106028319422987	1.8372008463262395	1.0410478415601057	-0.6232266239044983	-2.240520858982715	-2.9570073539133137	-1.4898050117361035	0.15112271972836397	0.7224638687099896	-1.4074660842431514	1.0602708633210542	-1.4564889379269848	0.12550706047734117	1.16012660986993	1.1736882544964147	1.9806891411866037	0.4208558633526578	-0.6456067768601375	1.791259688053619	-0.7254694129364276	1.4653859304184607	0.7916421896424967	0.19707944748874331	0.21986553899834715	0.5344394419072881	0.1121723341875911	3.3373172189560862	0.4758127777532868	0.7580350324192966	-0.7608324003983208	1.213562365027103	4.1826012510333115	0.18572895476537649	-1.02882502842889	1.1001132328778007	-1.9341294509959281	0.8262370807165103	-1.5167241601894892	-0.6383973906789491	-0.2702060834617996	-1.2181524585095083	-0.6767100836120671	2.5221246764156957	-1.021846541988808	-0.5365182338074217	0.9129113816191095	-1.154920729903206	-1.769897689461479	0.6392909761909443	-0.667480881548082	1.377180338148764	0.6309555963356946	-1.1898756560283374	-0.7902298536331719	-0.1223996760496145	-1.017961511075541	2.7453080430406027	-0.5190328016224711	-0.9446250429856007	-0.3343301308210514	0.931715346004302	-0.9130326524365519	0.36641360486517144	0.3737391811202021	-0.37167981440393083	0.44677908965566787	-0.6040015790233094	0.6015797508004684	-1.279328416074397	-0.059511871637386964	-0.47888794378543464	0.11976035003829233
DTXSID4047121	-5.200409298465065	0.49563210673091546	0.5467093037696737	0.1431007806330729	-2.39509593575738	0.46438414213887563	1.1440380210105174	-1.3191389367145794	0.5125091025776022	-1.5896883568591096	0.17761891945981503	-0.6179565093159437	1.5549006002934886	-1.6294586700605245	-0.8862440473169088	-2.4209150297367326	-0.755013478604254	4.251976730131749	1.7364311816239535	-1.1740435521151713	1.2742220001444702	4.621382260801338	1.1851276592033477	-2.223683278437206	3.917933256474521	0.34249177967306427	1.5283177399856236	0.2139817631000998	-2.959898952667053	2.1355411799461415	3.402612195213219	4.096060033468715	-0.531914731237897	-2.8295796095363857	-0.6313377399694707	-0.6244839710794424	2.2486059966945158	-3.0298023069745965	-3.455974497001874	-1.892248056135674	-2.0652249910725806	5.621074394880954	2.1415480542827123	-3.4042622767171653	-2.207247203665835	3.379857034409052	-2.5484903900127187	0.27056866491949205	1.9095963053177132	1.3921750161858963	-1.8757486032823123	1.9174887536186878	2.3059503201120277	2.7178087400214213	-1.2514369746529408	1.0359728139009639	0.8554664847634459	-2.706337352016886	1.7501080373301452	-1.298368523583891	-3.5476182819775004	-2.2585778931899902	-0.3004546887194258	0.4892011656759249	0.32130211982148993	1.3541420474188695	-1.3773114443545755	0.8984691697321884	-3.0929640046675364	-2.2921853500726868	-1.1122863789711637	2.541720275230136	3.594919109794048	-1.4733695650370797	1.9841086841453204	1.645377097279174	-2.125605407668467	-2.363361485499137	-1.033603160853627	-0.40988140640581755	-1.0746480229317166	-0.7864934345375193	0.17608097478703907	-2.305773790157582	-0.6085141983749756	2.051987687403346	0.6841259501211199	1.8732596641741996	0.9446398766695383	-0.008769590012696123	0.5274613783284021	0.3751665850611245	0.7340964952136163	0.8070218099234244	-0.18493946895538418	-0.3315199624448757	-0.2886203529502049	0.9222458869641309	0.620426532666225	-0.23193782226467194
DTXSID3046112	0.10360529775114645	-0.028952261559630967	-0.9028106505547687	1.163527260590642	-4.568573980529339	-1.6920275125390765	2.678426264622797	0.676190940985211	0.4869589784730455	-0.730298685640635	-3.017692767015832	-0.9746524547936725	4.948175276849393	0.11553629586319007	-2.7500269552625225	1.6431418484125946	1.2801316624598633	2.3138534825910964	-2.4283132933120797	-0.6278949175212252	0.7414683168158737	-1.603858986295027	-3.420174691263731	-4.387872550818917	6.238875826882064	1.5515854343013846	4.817783729567195	0.9010811859424496	0.6655872101003402	-2.0055013495683944	-0.9429875951580927	0.8562054109993209	-0.34726164900487355	-0.5449055941987061	0.944328466499426	0.030043542203788794	0.9644060996221626	0.46644440925593683	-3.1700907835578924	3.2256837668811524	2.5028270527159027	1.906257182307674	-3.7472918042221925	3.8661459943508762	-1.6045099843080564	2.434831521996758	-2.0548318442237594	4.258058800597351	-0.49749733283802156	-0.906452282144685	0.3996985890378462	1.6763174124378142	-1.3722310206843045	-5.218592036813935	-3.0131189336864836	2.778141858319487	3.0391050040385807	3.3625453594271297	-4.312167374012675	2.470307992781141	-2.076630512972597	2.9471905897930886	0.02865063312003709	1.238993880763486	0.0029022135677167216	-0.5599866181886268	-1.2981978223620645	1.880196976012349	1.1507756383590713	1.2527193313136995	0.001384984042764058	0.7583291695567345	-0.40822178828153916	-1.4040418452299566	0.8273513373341121	-1.1205814292970502	-1.4800254079053465	1.20222385574672	2.7473730834615893	-0.49439089157446525	-0.9096334166772556	0.6224159779951896	-0.10661682792367357	-0.18903375956336219	-0.6071143694058108	0.5575461902270968	-0.34165708327787625	2.5410557000095153	0.5626593863698183	0.14952164200317866	-0.1752415046448277	-0.38313002435824756	-0.46276571543593553	0.19809778051642024	0.028000422718262464	-0.3551259748807331	0.4317224904924503	-0.48691811900261206	-0.2788940304425987	0.3829697190575578
DTXSID1032648	0.6785852111075157	-3.3504390223432825	-3.900404819426953	-3.1361838151025774	0.9997034669387896	-2.6922764576617055	-4.748579406785715	-2.2112905151910867	0.08229488064678098	4.899229671182223	-1.4928837855837793	-2.1070539849678016	0.5719221399704344	-0.9733572544234307	-3.1459925861413156	2.0265641237473644	-2.2388295504011237	0.6694517486717958	4.245179761975498	-1.564166696756725	1.4232149368422176	-1.3253045977994853	0.1869647052790604	-0.22325073851813423	0.09044378427257761	0.1324868858568143	1.0966591349952977	-1.389231332099103	-0.7534789469620453	-1.0335685691526642	-0.11324458035676707	0.47918182888941296	2.368556157972908	0.5855985074832598	-1.2274833794035303	-2.0476771711500947	-0.7905773802102435	-0.13126969676786815	0.5481518904577787	1.353946851833872	-1.01992779268158	-1.9351452816124333	-0.06930369670632364	-0.1789356499072613	-0.628550884755423	-0.5912542332035958	-0.8728149979249562	-0.3311350025322061	-0.06124015890506503	-0.3318685358434053	0.2218449304486632	-0.7276667872243159	0.5946834591778519	0.9268002292406123	0.582638696444513	-1.5761121489940793	0.09416788064733575	-0.7124581017220829	0.9921736981191022	0.37783551072462623	-0.37572502864268437	-0.19337243966925455	0.34963407433430627	0.4458560985653354	0.5276342084731726	0.4795993480142578	1.5142217710284434	-0.7847592209390086	0.18742245261875068	-0.27001881641508074	-0.5635039875492712	-0.540542535301069	0.7466934386737193	0.2832562111176663	0.3121284740877539	-0.25688463318411864	-0.18236603496032855	0.44393064698655954	-0.27634239775870434	-0.5750784172692913	-0.09820554448475136	-0.41278435966854976	0.11532985209957923	-0.10750284309344935	-0.018475122990711444	-0.20454837805849982	0.4107814926746026	0.05917904407806809	0.29807900928089365	0.13185722165667887	-0.1828413910909062	0.2967319892873739	0.014775785073575663	-0.007260589844529763	0.22465775213405506	-0.2675878795933861	0.1711187662358805	-0.05534920818727677	0.3765850474261999	0.2574251628664219
DTXSID4047046	-4.25236004282914	3.5105409058076384	-3.2045737242026053	0.011987240243344634	1.2932620530132628	0.5506813895878583	0.9654046435149277	-2.099084914830162	1.4975446423109218	-0.4661709353875297	1.5256326186701088	1.1136662511680377	0.39541635809922626	1.3007319056056141	0.4689324124928385	-0.18225271263841428	-0.27340229364774016	1.0474926457237175	-0.04869698437502183	0.6041506839449877	-0.9003055375332765	0.563090146799155	-0.5802566634999424	-0.043550735090598064	0.35216822176500856	-0.27928376535723615	0.32308030151741796	-0.3840059300844944	-0.5802470902433919	-0.7310035154444645	0.18745054050397034	0.40018844908898427	0.02653430572147095	-0.12725065129000623	-0.005698983975366593	-0.16669547273845212	0.8253321208018837	0.8117490436911431	0.16276399812399248	-0.3269230442835444	-0.20037992533633403	-1.0616082712266335	-0.12776058791848063	-0.35659080541616855	0.42623380500158237	-0.8048739102412277	-0.32692607599490003	0.49713224966556485	0.5741409055465906	-0.011143004991437383	-0.2531697922842418	-0.439198491701722	-0.09188604181767863	-0.40731996592671493	-0.6723050233347228	0.050935275505454014	-0.1434019572904056	-0.5777346053204594	-0.00393400053388448	-0.33995615186981537	-0.2024013974155139	-0.33860321265120574	0.12343877663079918	-0.03080056604227615	0.16751002286484343	-0.2627849496453785	-0.27501258725866695	-0.10826396364683123	-0.0018810586755196763	0.27090902078517426	-0.3157278660639704	-0.5047825173965504	-0.04761920796353387	-0.22129830671901415	-0.07571677886226967	0.22685379858798965	0.2011840934351549	0.05636664943493292	-0.23618929281474008	-0.05382008961114398	0.30053744446414843	-0.35660068550529955	0.3590659304759832	0.10946180307041016	0.18260813733571477	0.28018829905419773	0.39293847309018093	0.09377510148427219	-0.27109932467812364	0.19067744450017374	0.3038870153997038	0.24708884579086784	-0.18195682264117236	-0.24635839248301997	-0.3877120351950794	0.10574005758124674	0.009304151266837772	-0.18393024668117583	-0.1560462132389171	-0.24388808733282097
DTXSID4027656	-2.827159222775889	3.154916004347571	-4.162042120978338	-0.8917355705816188	2.1406387641929085	-0.17944344241373522	0.5892645023062627	-1.7284446393370518	0.9025058422833051	-0.8008101506233349	0.5137341602556986	1.8797405779291412	-0.06309078165515974	0.8436141936102243	1.472187685703029	-0.1644410714218065	-0.1140632543039828	0.9173595760307762	0.2962861578833475	0.7514707758810523	-0.03569653059643373	0.7084768528208335	-0.9115960861000358	-0.6074158290118671	-0.06684713863159525	-0.017131422800705197	0.16159044567807088	1.452538999370712	-1.9407310581566433	-0.805876591458781	1.741176021096238	-0.4383193702848352	1.8061400407058057	-1.6266325351460367	0.3834563047850915	-0.13910661537373295	3.86033749489017	4.593429290235651	4.924604067747772	4.445585954247957	7.16524050619443	-3.7890743810079397	12.1713772325098	1.8880995625750903	-1.7375427930041913	4.60671909770292	-0.6091500473902922	-0.7982193368942649	-1.1962896364054638	2.173185579256549	0.1189594222423356	1.209549342913988	-0.4647838852538959	-0.6622531597410094	-0.6822885806522516	0.6675452262761017	-0.36917901049662727	0.6800171129150994	0.7694873144479709	-1.0606390621779813	-0.3342384745087208	-0.8701746511502844	-0.05412819230723498	0.04429119046662862	-0.3520000581311788	0.5509376582004761	0.6195811771129475	-0.7576859906458864	-0.4176571392165275	0.29202577469119334	-0.3279616358053667	-0.21508844792774406	-0.4064562132426469	0.3516243541419765	0.04386018325177953	-0.10412362967248791	-0.29673852660307726	-0.08466280816713828	0.6057933010997381	0.04015456525789571	-0.2999230640952999	-0.7916465018361442	-0.07492283318630856	-0.23469561587028082	-0.2504485121099672	0.2708859911462811	0.20398190865342175	0.08774842024639047	0.19063758602897435	0.3898400991031846	0.24382741297373786	-0.13093767048764332	0.3094763926517661	-0.07508080205532995	-0.22037424702311545	-0.22231251305534014	0.04455548284367054	-0.21217366441900404	0.24665830634367855	-0.38936602130635706
DTXSID9045217	-2.9410666414055573	-2.244978043799974	-0.091401200142128	-2.0881511142643414	-2.9423314648750503	-1.5451456277753008	0.5356397634302682	-0.9306541770041672	0.9281600039792491	-2.6980958861252637	-2.8290195688916744	2.685031816521276	1.981499441483519	-2.643698046115742	0.1754032021913498	-0.500706863143641	0.6211012344489331	-1.064880449078678	1.2650428222072618	2.5670549537389054	-0.31619140533983137	0.7762728454931626	-1.255752731000795	-1.2249692168242914	0.43278781896297236	1.539487579343471	-0.7199847502320731	-0.43045951459242965	-1.150328956682107	0.9467336362815827	-1.8144921292696932	2.695051582088304	-0.6019796110600029	4.473163762241039	1.4832104693457115	-1.763599297754354	-3.0428193133102286	6.902726025918646	0.15744529884138458	-3.0258411365202216	-5.255735275507794	5.794695767086861	5.185245121188354	7.763474444797754	-1.008612074734406	-5.056935310555497	-1.275279733958959	-2.1392930164524637	0.581200971977288	-0.2661886298037383	-2.6797045722584585	0.4954157181814081	0.600810633703274	-0.7833342904618107	-1.3083180662406058	-0.3343935106730204	-2.1115645628013278	-0.12764041839691806	1.556451276625981	1.661044388022986	-1.5793772614002302	1.4105230292889923	1.7679045795125778	-1.445391920844702	0.4754237878577456	2.1087591786487807	-0.511726414796605	1.7999610091271034	-1.0604004054344107	1.76988952927888	-2.245380048239249	-0.48850219266845263	-1.3397364785227044	-1.7260312807913387	-0.48231244823739267	0.269282478980614	-0.45627035342869243	-1.1044089718885128	1.7666577546209248	0.5209546478375822	0.4996202482408119	1.3988426561948617	0.290994560476558	-0.9625299663745591	-1.034100204509078	0.43825650929830035	0.5384958452205463	-1.166612307686378	-0.5875044642814173	0.43599683876126993	-0.44782521463279656	-0.049010163814153074	0.8268818941105534	-1.3094858656937318	-0.020670775850350303	-0.289012863756031	1.3474625219801004	-0.5661802460625923	-0.4443317107410904	0.24180610466890837
DTXSID5027356	0.9527040897725584	-1.7619339191537033	-5.509801173320127	0.015511539704896798	5.753489861716377	0.5477391756529293	0.5389448214340891	1.4669893555403806	2.393398024516178	2.356129186992262	4.177294061928535	1.8389228308478844	-0.29346796351524645	0.8402887827300433	-0.8733550304519501	-1.0380951011411246	2.18784029565328	-3.408725864203454	-0.6156067164760382	-1.1089209202582353	-0.09745733326384097	0.07291359967717213	3.8399296011878814	-0.7572967799814099	-0.06746538096194775	1.1655193769692722	-0.13904996961332813	0.6610433401261997	-0.7901712693995895	-0.1801418831612524	2.390765257503755	1.0912857057505636	0.3037332331019316	1.8268316424750433	1.132276192942921	-0.24148181521347548	-0.4343137008464989	-0.1243767397363421	-1.0877434101325199	0.005117628451604573	0.06426760026139283	0.2042144531122691	0.25534455554805846	0.34586641143821545	1.0208679097569053	-0.2744815381459061	-1.9569248480532662	-0.22214949388006994	-0.18483560850444905	-0.9156477337557655	-0.19690002925706518	-0.8198551650660738	-0.6812142648131179	-2.947750525308612	-0.5607942471127443	-0.8799183930663906	0.8713389916495268	1.642184707505966	1.1161933279342207	-1.1488100746451013	-0.1970499560773791	-1.7041255818398704	1.156909970004841	1.7272485326937854	0.0783153012251654	-0.2955005236127159	1.060092466138833	2.3179194684387863	-1.6995508036577713	1.0733701882755589	-0.7333088972163514	0.5419200319591277	0.45771231450514505	1.4797070327081687	-0.5589590225455697	-0.1873481318371833	0.582772652470587	0.9848642238130336	0.2813374048868111	-0.906850374727785	-0.5336011444022282	0.42386248939813387	-1.4578233743585043	-0.970807328842285	0.3129233819851248	-1.2953419878936563	-0.8549006167500055	0.6563450477994205	1.3406857823671847	-0.24246955121317484	-0.9460510220319098	0.12133929595359254	-0.1487208489240715	0.5785666338202353	-0.7831373403071047	-0.4382821890020436	-1.0110904845104707	-1.0444065117220633	0.028376361021185043	1.379983099699288
DTXSID5030030	-0.8217309714753636	-5.166278580742374	-7.273127747924718	2.0810435279028883	-2.7692174417790376	-1.4172193483060742	-7.349166790932487	-6.103379982371272	-0.5305582564228679	-3.8596498887475357	-5.559309382497208	10.819672210865205	-4.116928698158721	-3.8920719912016897	1.2521510143805525	-2.7606552632506625	-3.2626505357349873	-5.071413578893339	0.33430821935201904	3.892262017525415	-2.7289897143422173	-1.1166215768657735	-2.4795939957013893	-0.018386323590452457	-1.7043263414293317	4.170109167202018	1.6789696078546164	1.9639179387476462	-3.069957480347373	-1.487894499305842	0.4677035332457267	-0.0947817786034555	-1.5543474522007883	1.6156772886374686	-0.8051618024480327	0.5737286446527492	2.7680932929533135	1.781485684164015	-0.7611285150545347	2.0150527938681235	-2.00022764309229	1.4233811343759757	-0.11542923542251826	-1.1884485272995493	0.19555984455701142	0.3652347042334754	-0.9121012985214964	0.5769716895533133	0.7523241721333397	-0.7826344638393674	-3.314223440112154	-1.2283688463660623	1.9170625165824058	-0.5473797977714285	0.8399953751496737	-0.5232049047142278	-0.36585025645318164	2.0795626759596795	-1.8145648084218422	-0.387943399862925	0.04909928790382677	0.22896566520533826	-0.01990809386131599	-0.025327642691872924	-0.14519526916750675	1.1162132990345044	-0.21847384543909773	2.115145650886242	-0.7952957124844927	1.3464043691475378	-1.3025984263593113	-0.22699612923357937	-1.6740052928690725	-0.6108863888628402	-2.337919529161905	-0.02470828573119612	0.3396508069836072	-1.034500061889585	0.690223951708682	-0.0313407268202229	2.054458343739509	0.3125472576978508	-0.8080078788390923	-1.2608314804510339	1.235538815934227	-0.5253756903683691	-2.165432227706231	1.1754053105756403	-0.5527817530272323	0.3436280458387514	-0.6304641125099802	1.6834442591695724	0.5478544870804726	0.8052346958660106	-2.2443012879997366	-0.37064434809368296	-2.9562959251310583	-0.7120763076953393	0.33270863101783127	-0.8109038970310639
DTXSID8023551	11.426893091730252	0.6118381867910916	-1.7636346297003853	1.3580989814818618	1.0218303665524604	2.4993367369072432	2.134926906903343	-1.0544113730090354	-0.36908768998412533	-4.202669297223182	0.05629711628301087	-3.869406663735837	0.1386244431817109	4.526594122044733	-0.490345862204893	0.8727716551376545	-2.1629079413279446	-1.0038153691143603	1.4808002963148028	0.9870630532404272	-1.7996272215216806	0.44017405677140886	0.7624581418778685	0.029016487342137173	-0.46293468286958556	-0.4485592201565364	-1.054420432945064	1.0131606107672804	-1.2129179757167459	-2.171806581547202	0.4126803558837811	1.0843965059414744	-0.3112263781530762	0.0646618287573692	-1.3636496319962557	0.6439572614920861	1.333206376666031	1.2427049524935525	-0.4270545237269685	0.6191131571289236	-0.5427103946635824	-0.5257016072233357	-0.779286566461614	-0.41153892142349086	1.077160239382447	-0.36651142267905745	0.347694583475799	-2.134885356077886	0.8741177606107932	0.8788757862327173	-1.775595276353472	0.5551816799685019	-0.34279371250830426	-0.22528180444413762	-0.056934512788207166	1.6993917413181754	0.3306662359710554	0.7238086576904534	-0.3457935618730918	-0.6963443572839959	-1.1808192011874261	-0.5543803828091877	-0.8515240063146995	-1.7932041006530122	-2.408365982892012	1.26897313141373	-0.8582667749593859	-0.1657512490667216	1.973057816845055	0.5584089155013993	-0.19647496948339355	2.0666079359124327	-0.9137588301472894	-0.42409428206255056	-0.5654851059682653	-0.2570400329706524	0.4157193289729981	0.17554092694275295	-0.8189227095212686	-0.39728274482024606	0.7790560971858631	-0.005924911876965125	-0.5651680471588677	0.06411916260954645	-0.6639268859828173	0.2531736427275738	-0.8799916953930471	0.4866418139603204	0.4170227751463733	-0.6889748103187633	0.3241075097918384	-0.7255286343793141	-0.21096644766951228	0.2923507017401224	0.6315834428254324	0.5216992665218302	0.37719211923887347	0.36057213713938036	0.9915895157853637	0.3294542988146416
DTXSID7025134	-5.570769094059487	0.800577124565518	-0.3556749500685353	1.8515674679458212	-1.6434204892445912	0.9311278770358336	0.488375544619852	-1.0266658669473285	4.805858988872579	1.4605865128623923	-2.4015911071526643	-1.9174390581107412	-0.12288636897674403	-0.8259900742735808	1.515287050253337	0.1405483672651824	-0.7266165327423124	1.5741639255969244	-0.5091427710959668	0.4232429547668593	-0.01883377139490128	-0.08909888197279348	0.17084291556719175	0.5364437690110243	-1.4234887674238035	1.1336010630381208	-0.27931734907089084	-0.12613828584278353	0.5496213810857831	-1.3714657928946687	0.5950402203639943	0.1649604004911427	-1.233957429191217	0.7494733347632186	-0.20433297207338302	0.7713002793862789	0.08685982030402428	0.5789829416090039	-1.2134266356482606	-0.3616990382914998	0.18311568729034647	0.8719673982515322	-0.3726420994240653	0.4485603233184562	0.7626649722740046	1.4659906734409587	0.43863825714496	0.5457881360353275	0.09577733868963259	0.2006916650115203	-0.2288355504830792	1.4640732114103772	-0.09750581284089006	-0.1493611699533677	-0.28768999513703153	0.23183437544615415	0.10942752982870062	0.22626117089025663	1.0664845496868156	0.3328121224296461	0.3211099843527545	-1.1374492249455446	-0.6991204223218072	-0.34933056749372876	-0.3208571758177117	-0.8600346721155567	-0.48738830272107053	0.8533421149257202	0.4764491356026094	-0.22096472539101977	0.20080702321574395	-0.5905059037158844	-0.6644574433340414	0.1506567619725118	-0.6594465660374441	0.7322098817074608	0.40936124368685417	-0.2921720944471353	0.4050018504308244	0.6530854533101323	0.11234056820568883	0.12322710880274801	-0.1095502495849545	-0.10926919818628868	0.1588650707877727	-0.6669006844900223	0.2785205636703429	0.340157746348325	0.11550086999135731	0.19783166279954914	0.11498533750928557	-0.07486227187690953	-0.016871509884598918	-0.6709534355815634	0.7106798610287061	-0.3315386350625332	0.3226456056767875	-0.7821984476199079	-0.1359075161962797	-0.30684033484169004
DTXSID4047337	18.699406825961972	-9.686356138042402	4.940289949427066	-0.15261626465741499	1.671256151160377	2.0579047557620935	6.576703732748191	2.7162529992751425	1.1918293384315348	0.5251825784939328	-1.2289948787157141	-1.48697371311281	5.539386800723635	0.49314937142219334	0.5610674511703164	-0.6490196649495196	-1.676322719213686	-0.02393744104408676	4.532798310037786	1.9988400614484358	0.7701618640069078	0.10992356460863825	-2.0567626674273463	-0.16963082361416304	2.563328197180462	-1.546029483114895	-0.33897298677436366	3.963408543438995	3.2702278277250514	0.1120357946037462	-0.8627400529261909	1.8827929063558846	-2.424136385294941	8.649619519568681	5.445888304419757	1.738967488656503	2.420727049402197	5.852768675673259	-4.414221595024741	-5.14295055503554	-5.675484012211814	2.774904686917771	6.337281533462563	10.160635831810625	-3.140411946301993	-3.25563127595218	-1.8460800195698246	-3.326621909923093	2.4760989843725096	-2.711948891907679	1.0692563480473574	-0.7423555917773463	-3.2035974274351346	1.3065728714327607	0.16816763572579735	-1.68185984588446	0.34740770486610717	-3.8898723813523484	-0.5080420068248143	-0.38860911956564936	0.8661617583434251	-0.5541318810082656	0.7199647302099424	-3.8636304598428275	2.276250325542989	-0.0776686192789897	-0.001404675726926109	0.3115876659499577	-3.890970031484929	2.7746579504138724	-4.159024018714525	-1.203923613638045	-2.1807241969521756	-4.23300053940684	0.7213276881948051	-1.3841699779496794	-0.5145326905690119	1.1069331134657978	0.41889469004554986	0.16012949090551046	1.875845906465105	-2.9952090544023684	0.5624398534236741	-3.8083828192954083	-3.6199476169121425	1.9730889343682563	-2.2427128670148533	-2.262329962143458	-1.5735120804992497	0.5795751586541695	1.883244829054366	-0.7467473574316666	0.7115499540781156	-1.1908549558635202	0.332568423244282	4.0584913086942445	0.8713221181260091	-0.9881739027650647	0.562163256263833	1.7895303483392477
DTXSID8022666	-6.0496601840623905	0.97923475940577	-4.031563962608193	3.8376739620078713	3.745178067334612	0.1753302960519984	1.822082565610751	-1.1083802829583298	0.3064348476389972	-2.2599340121832268	-1.9254542003443327	0.1204350742137732	3.358591217003829	4.8624892781298445	0.8623453179788972	-1.2929652185627691	1.8303536998117111	-3.9948803824564036	1.9698723290810372	-1.924699596357488	1.4316156901875736	-0.12465214335277114	3.434452295240684	1.2157815596852848	-1.0271305912143787	-0.8638077504487849	3.9120819302434895	-2.868340517512748	3.207247786973063	-0.26646324969913904	-1.0631657476240939	1.9912701542397395	-2.4565323142848112	0.562453421599059	-2.1233877567028356	-1.1164949646532232	2.0251853192869147	0.6756570996540143	0.8772559044102971	-0.2969242617615149	0.6393506480612079	2.0924628000577568	0.41692703426537586	-0.34598331295858176	2.246716381059796	1.2218707590776037	-0.4381707146137546	0.8737316294546146	-0.29887589140244014	-1.167912485459739	-0.3857117306098645	-1.0023833944912424	0.5076611297729985	3.023170744026459	-2.0929884080824555	2.0354674237369386	0.4796016843052548	-0.8587251593496043	-1.5859920974816	1.6030727072912	1.0526776566636722	-3.2864854268811188	1.0926235307176226	1.641025658915041	-1.9364472120491334	1.3368900844516534	0.3949183841741372	0.9057995545200628	1.3677099325358868	1.5763523019751204	-1.5082734320377378	1.179182640441488	-0.706582646763892	-1.753067723256067	-1.7247647522774716	0.1541493039959324	-0.02261677397186065	-0.2436482271443216	0.9444487004067512	0.12224854696152601	0.6150038246338856	1.7914006819260149	1.0853604950517184	-0.15565020042782812	-0.33467781915679956	0.11314686822653602	0.4451782135666903	-0.01573730375477754	-0.4002506849631988	0.4317679521179126	1.056290375172673	0.27248740151453377	-0.30791553632719293	-0.6581472924979185	1.1406851322517948	0.36805792875739396	0.20871301016286137	-0.0799515708896269	-0.011761496168828945	-0.12350683521794316
DTXSID1026112	-2.023472713129714	0.014116644577845935	1.3387509695317317	-1.659763981517076	-1.7863855219958664	0.6306874732200105	-0.01504474274979613	3.8867373216396	-0.07466296335727811	0.1634830144449466	-1.6057517157550918	0.264227663527355	0.2787837999547108	0.9385637588386042	-1.0774038248282785	-0.2651627522241546	-0.427007967169558	0.7015221429764281	0.7894829452675481	-0.17927364307066943	0.5559150109763701	0.1302180262874056	-2.1974607338426217	-1.1083392655757311	3.4632063307484127	1.1222223549148442	1.2308376151986022	-0.7835958983787663	-0.5665375483536028	-1.2068690062768561	-0.9897304015247315	0.19258043352059895	-0.6871903808731484	-1.7760091311973696	-1.1812550634841021	-0.14762927835185838	0.16472938779710847	1.046232533962799	-1.6700939396710015	0.9381803896033669	0.5200802888824334	-0.5543139809101648	-2.1767833768462235	2.8040703756081653	-0.9668318148648665	1.4845199784789074	-0.9571800131215106	2.24817415339451	0.7509124050670843	1.2747122070305517	0.7553721118029079	-0.2651536140228415	-1.4211147715728205	-1.3296947423624021	-0.791973900903059	2.3766634668948634	-0.06507748140865902	0.016406016052312466	0.34185149098743756	1.3441230912105862	-1.260411852350048	1.0011786211293172	0.14657732435700124	0.21035290443536797	-0.5642150324317705	-0.29633656983888684	-0.6920668037642633	0.05589142420239073	0.025911830452142452	1.02655419344069	0.6918875102717035	-0.052051733939593406	-1.1594106452882573	0.6784427211157876	-0.23630062248104194	-0.2571261178510985	-0.9484861965504282	-0.3297902227395213	0.7054369234602674	0.6077897475633602	0.25875655857347957	0.5036568165161774	0.46085740088392113	-1.0549363808959924	-0.03600742555896725	0.8022158631924973	-0.25942180421934646	0.5900982303644866	-0.13652867168922841	-0.5829605611457517	-0.6145988027209848	0.5326814110520026	0.2567476734814713	-0.7258111376215224	0.12932667941359186	-1.0335674460951678	0.22097164767002384	-0.04026915693443132	-0.29719664730447515	0.3294360483313371
DTXSID2041256	-6.661260693976299	3.541106182100286	-2.431245215040623	2.9670217147896496	2.3718446274974876	-0.7770725301869991	0.10826812479050527	0.8226437186080844	-1.2223713554534577	-0.31467715521427625	-1.6686843890491427	1.868469468059719	0.9827929474908474	-0.5453183325491466	-1.532389301605296	1.2459796945659227	0.9742998885853319	-0.0053730207643068045	-0.6467365852543274	-1.1542439286995907	-0.790885222467919	1.1377829305773686	0.39436483016975943	0.5034785035748548	0.04723859195156715	0.4669255845549791	-1.578525102912122	-0.31465902410410196	-0.6378604752291628	-0.703743027720423	1.0135760125551043	-0.3532645930227239	-0.13375737095331228	0.7608427599609797	0.8840295648638092	0.19752045623476858	-0.3308521894598808	0.7997282495592889	-0.5940720442396342	-1.0691637277830035	0.9357593073106939	0.05585313024372333	-0.5648351342504048	-0.8505903079655016	0.7472889303222393	0.8587080406833759	-1.4569255110685728	0.8932425060643265	0.5855142375999474	0.04983119960809697	-0.4484368791511678	-0.5524663557990149	-0.6843101867798709	-0.641405154965737	-0.7350666097274864	-0.9770039125173556	-0.7416473951049484	0.37787924198222655	0.2549831335556186	0.84912579837361	0.0856469698831631	-0.9158810791410176	-0.30173011483522316	-0.7337150081863311	1.687750277607666	0.6842144460355772	0.8408914410676273	-0.27658974798510866	1.8175475918623272	0.7264362114786789	-0.8243422185716686	-1.4324738867012279	1.0603722958787631	-0.07279513502155169	-0.9608430327714161	1.3214056335423605	0.7728250909312008	-1.3031299230321916	-0.4232666095134157	-0.23595303257554515	-0.3902058101449004	0.08716282792387241	0.4341718775394296	-0.140690725240212	0.042799920610868784	-0.33126354820440324	-0.9398328799232508	0.267677066795152	-0.37205478416398013	-0.3253882152235483	0.9684988464540376	1.7090689965431984	0.8004698228362527	0.4376999713257115	-0.383188872187066	0.8499449296999557	-0.0896007030093236	-0.24465289266917975	-0.06521899361791522	0.7797844498077096
DTXSID9020580	-3.7680619871748617	-1.373934573186044	-1.9017955225264669	3.331819410302882	-2.5157824713071752	4.283572222018756	-0.5038182455774948	0.6265887799624089	-1.4345141533824086	-2.028726628773994	0.879280949289859	0.9980851960916426	0.13498450188044778	0.02836528824625853	0.8810728271772579	-0.006239870212578619	0.28530790926306554	-0.5047502007593015	0.7382866262131527	-2.4305610598595373	0.3520283690740718	1.8385441378432008	0.469725084727939	0.9852848786199576	-1.4289759383548093	-1.7571988689510127	0.12837304057831744	-0.32049035402678766	-1.0386344361211355	2.078707855270106	-0.7357972505049454	-1.1351325028131456	2.465485297835518	0.22404592845427654	0.3814074402957194	-1.9159025481380978	0.7195401418300668	0.27817643614123394	0.02384485000679744	-1.4950360275434664	0.5082606921364451	-0.468637993986094	-0.9755797203707937	0.8720008463413541	-1.5535606834200155	-1.4378914467716783	1.7809794024215457	-0.09526736895426856	-0.6197908788576906	0.48476423819827097	1.8469528675477591	2.545389212663085	-1.7376869967920938	-3.237539223080672	1.481758730627975	1.75036022058915	1.397634115827518	-2.1792253765842458	-0.80795920692122	-1.180173645552574	0.40814820089237014	-1.580453979646744	0.07677959673988252	-0.07532303282659251	0.3436578442414536	-0.39167823446265826	1.3742436061586367	0.28338250449392344	-0.5673307502150012	-0.4599226414692701	0.328414138866575	0.6759151118925866	-0.32490918377859956	-0.49373222866381195	-0.1140712264932155	0.9267894256329579	0.4093473764917355	-0.15714465651524026	0.3845692850829286	-0.4366260267781677	-0.010625675526930826	0.38598285801614063	0.8051208319207196	0.2514730288350913	-0.48996655125944394	0.48838444944770365	0.33686843271140043	0.46823654346098625	0.022191211440831898	0.3893419928886847	-0.0171422534964802	0.11826350028014701	0.2451687841775026	-0.1907335384465305	0.322299217945475	0.07398174831972001	-0.26052134847380337	-0.2596833547102957	-0.273927347753633	0.07550044878170267
DTXSID4023701	4.7432971481019885	3.5012443001308107	0.6243924776832648	-2.593073441694123	4.994854862844148	0.9345475951897417	-0.0853073493565641	0.4991179060729051	0.4767836486160801	-0.6892599652160655	-1.259789649502259	1.4213200605457337	-0.5573561037155357	-0.911471903303404	1.0191647431844104	0.568038925290167	2.2337975343116083	-1.8109540594032814	-1.0854579748983024	-1.2745670156923736	0.029733135660883175	0.7686501971164448	2.0270809493070296	2.1019390209236586	-0.5652829457863033	0.11920337506888672	3.309329339835226	-2.7196353019353574	3.4215122481102638	1.0332828704239734	-1.3244212507241937	1.3237985508248764	-1.8790786086105191	-0.49772085846802616	-1.0987015154890325	-0.42496009277960456	1.4339790088294468	0.39113497842755796	0.9972997515454046	-0.5715704384309112	-0.7780676547122187	-0.5876424307043561	0.6270137017582825	0.8857147028600727	1.5156838905944132	0.2648842602247798	0.08796559860918073	0.2969883492577175	0.9117476069004301	-0.11201388177780353	-0.38048472565366115	-0.8975907547001729	0.46808834280687733	1.7220346394290793	-0.22499527702748423	2.6771502403045284	1.0713383884178318	-2.1244641966205187	-0.5735991133233752	0.9399436023795336	0.42432136780878704	-2.2258949026444275	1.668997267850182	2.2161621257579567	-1.5961854642417197	0.4656912523115171	2.943846537592139	-0.2728632229581641	2.583948860000618	1.5421538526091163	-0.9590632186454873	0.5553052445467899	-0.14259844520537263	0.36259550015456615	0.7284755770830533	-1.0021387387179594	0.04511690406845827	-1.3274459662548133	1.277432347137248	0.6450174433473649	0.43730097746400215	-1.1400319735581994	-0.0716843797345238	-1.6669219356919085	-0.05403935192018132	0.2598149184628527	0.44714477331065233	-1.2148742058619262	0.1521308441820593	0.8109135397387351	0.14855554498044962	0.5366315082833938	0.3721081421571611	1.3620571738449503	-0.25135673462583147	-0.05212736205077843	-0.601422621313384	-0.46542500466551756	-0.6664652685374067	-0.07962723138131839
DTXSID7029160	6.262377278378267	4.147310433004363	-3.2707693549200294	-1.1779048377740766	10.852729939377458	-0.09493663554512058	0.385643376404519	-2.3325477560803765	0.8042448834572492	-1.8536231719534209	-3.158583860029982	3.0344105827820167	-1.968508641814683	-0.6249941183130038	-0.7864558789814716	4.172876774056371	3.8968116797643844	2.856130441966445	-0.8421318301274667	-1.1801815726950122	0.3041960033961718	2.291216266436971	-0.7228344598671232	0.12804125305495193	2.0434753380256208	-0.8109733446665914	-3.9311942265082473	0.657044795841869	-1.298411392059615	0.16705959029001957	0.04207899483071652	-2.5318697366708967	1.6843359665657378	-1.4530929988338943	0.655007582519625	0.8872486031718618	-0.48553748866156193	-0.25626649058401213	-0.012176796674710168	-0.10077779757477755	0.6129810509626661	-1.3672887212673133	-1.3821649463656913	0.8322308613208146	-1.0435793891477607	-0.8266092805784131	-0.05700042649773042	0.310778666555693	1.159078902396183	-0.4490944179197019	-0.5594788771230736	0.2795567225519178	-0.3410838485383263	0.6638561366883398	-0.8414031215737228	-0.17864747697898653	-1.9167443990369974	0.5173441347409614	0.40911452127346976	1.0836750872451524	0.021331565951612962	-0.06957388198745273	0.9721009056491312	-1.4692116000562154	1.3165756358461809	-0.40658969768341435	-0.17990145162090243	-0.04402951103227475	0.3782579467270383	-0.43209845824242865	0.34288800225019317	-1.1325068094424688	0.5012895821397733	-0.207661541844591	-1.825729800075506	0.6543903094109292	0.3561716925977418	-0.2734196279341268	-0.7954590586961953	-0.1592070690018013	-0.16150013225198662	-0.5711862695417039	-0.8946486882596255	0.10526539659978859	-0.18872973763507284	0.1266802374183406	-0.5822214434785508	-0.3505204045746532	0.2527379226821058	0.4898596039659302	0.6109642974280705	0.2599187908559976	0.6144337101896141	0.2643825962016637	0.6001039156056343	0.054148050401952384	0.11116698204044821	0.5644772281930063	0.19135184448909642	-0.1521133275017304
DTXSID9047964	-3.4609754378273507	-0.4964695020620972	-1.587976158078749	-1.5437466808257514	-2.2277971138606416	-4.286546048889216	2.4770703848939686	1.4933738984701328	2.249720828910808	-3.2341237248774846	-2.010669118103713	2.56707889490576	1.9560924663265014	0.8338117779805928	5.204578603586204	3.292266164941891	-3.6651953487937794	0.15623898066628084	-2.249297224180213	-1.5461104357684012	1.1299145329216194	2.9850301233333396	1.515158194098287	-4.72854432970648	0.25842473333079763	-3.0718653904015074	-0.6041277631363641	-0.0486012764784017	0.9411564334650044	-0.3167891075930498	-2.0158095455850966	2.8719354922286966	-0.296422273189165	5.247276175130621	2.042960031527354	-0.7054249594996646	-7.184496059330628	5.329229180571394	-1.499545498495591	-4.434872693890634	-5.280025292975322	4.379819678750008	5.986608238202828	7.86901414625839	0.0641657719407665	-4.211834487925589	-1.6627563311687747	-4.5098597120669845	-0.49405895439647607	-0.4785356858349917	1.083257465047367	0.7204317811657495	-1.7742493000841326	0.44628963041874753	-4.688016464945976	-1.612365613792055	-2.164611295137554	-1.3364993304026747	2.5689505212022707	2.3145757205065096	-1.400089326746401	1.0971544740416541	-0.33191635777717293	-1.155979254138728	0.515399508570886	1.6329717278811706	-0.7399633070728168	0.29399938756311667	0.3018321898766813	2.3622317352359556	-0.8930837763211403	0.010456627741617621	-1.1418810967724522	-1.4791968303528455	1.8195980266118235	-0.021773349419740053	-0.9106565684754414	0.5377688560762167	1.0476850791943453	0.6376290594278733	-0.5913296092888495	0.5374203394147514	-0.08658969314035858	0.07080632827066789	-1.4063122458753685	0.7105123293304813	-0.5984213892048833	0.39787145610407026	-0.6096151384938134	-1.2531430211183276	-1.0621627741193231	0.6449274578888564	-0.0235467246200655	-1.311293635314817	0.8164220865569367	1.1377702110981478	1.6182228436644632	-0.09913465298851261	-0.9233573285257839	-0.7211039119083723
DTXSID1044853	-2.2929305451673687	-3.6054042633662293	-7.624029851745821	2.0547058343270095	2.682270751224951	-2.4014845540774292	-5.442208392990776	5.1094962875175955	-1.5840396645230481	-0.7994807625231057	1.7183059388788704	0.3624128838433575	4.759692271803944	-4.000647126302131	1.6738216298259256	3.20085079350643	-0.7075163714007949	-3.029590068621007	1.9918079368252204	4.425167027771156	-1.7546718875887437	-0.8823537163022335	-2.8131859467529683	-0.6870587233619785	2.942302855704081	-2.2042631407315683	4.024126603261264	-0.6869311351148838	3.7371247252944837	-6.037653972992671	3.76267503342797	1.39842342993796	-4.060183414614104	-2.2111996757546835	1.876066514742442	2.233954916717385	0.276314107627803	-1.3555437725184039	0.1430072964716649	-3.9338970773234276	0.4225967207980706	1.5768016655476764	1.4718349856670978	1.9963041173278844	0.12366657628267297	-0.7852183681944044	5.007618458637352	-0.38116562474195265	-2.0706126183205895	1.5309534191077927	-0.1836130888296868	1.1764020503423842	-1.8387592556157792	1.0434727354758881	0.2288833323327136	2.8500487392730345	1.154720845225369	-2.440384833627545	-2.5424978001214247	-0.9625927394199691	1.4355632774098155	1.3535566947612074	-2.3269022612512704	-1.3774989739341004	1.2263283711905102	-1.729846381318989	-1.3258265688916964	-2.26091719045108	-2.3132966051138366	1.3114889201303392	-0.1775378868146282	-0.3330727092429246	-0.43650736360006437	0.04885539962638789	-2.2490993215586106	0.5362603120218283	5.982125026026207	-5.144457739287405	-0.6419937645835416	2.557689363594503	-2.762867254923669	-3.626730526686766	-0.8545363342049485	-2.087108697334663	1.7800791362338781	1.408356897128868	-3.6550744670035438	-0.19697053531770356	-0.8303932136531	1.0234579441691058	2.316114603665572	-0.7601372958174054	0.8028493403203564	-0.6308550768727196	-0.8792397099159505	0.9880177952287955	-0.9094255632130355	-1.1574807369067124	2.209435667369735	0.7910553616568049
DTXSID4020400	-2.1278901344310097	-3.67316775070284	1.8609550821146688	2.973275212485919	-1.2509585742654745	6.050668927929261	-2.0011508610105246	4.891796238197703	-0.22242479191160608	0.20601422831180077	-0.12041916264369097	0.903991517855993	-0.4025706953868609	1.331568115392302	-1.4003446447251497	1.074674353462693	-0.353308568663386	1.7300666845099943	0.2812599987528605	-0.45868639769806374	0.36419937326658564	0.0015662059169694934	0.022001731472230345	0.4703694540123359	0.5405946656597116	-0.8436824716760881	0.09803524270314987	1.863426873594556	0.7193130918629463	1.7214925235615233	-1.1637551116774307	-1.3010138815271146	-0.22857175005461058	0.8044189948467488	0.48090664185819654	-0.4384821395042178	0.7386754767296964	-0.7278067289939548	0.18433008316248786	0.19637565888632563	-0.1727665457438997	-0.06372273286208459	0.2264512875635895	0.07675605030902252	0.026576117682474823	0.06082836316507585	0.603995347921413	0.23101187348886987	0.36367135097245823	0.2681607597208903	-0.31433407084722864	-0.0022213408587487653	1.9376976545577596	-0.44470012612852944	-0.6635356410847381	1.110687151359802	-1.4352981155924085	1.3419159858978602	0.3195499457401797	0.008992451544104173	-0.9965229912401067	0.14034509561362118	-0.9376751607701544	0.5808272461247472	-0.4708053573821523	-0.8341318901228251	0.33112552022743325	0.3216102196317171	0.03301096935506144	1.0587078833460193	-0.1941899477151303	0.4196020328944315	0.4435805773574017	-0.013379171305553899	-0.678133714278853	-0.2740907317477174	0.42678847596387876	0.8375469241320316	0.8807592163769032	-0.225142118339763	-0.2807839618874547	0.2301412349731962	-0.13455106622965532	0.3994699862951172	-0.36595222208843925	-0.2282682159279252	-0.6386405002675517	0.11192316337128011	-0.10846319536031504	0.2576691694232449	0.49815335365273145	0.32748098770461664	-0.037589045276839025	0.11524196286929275	-0.11586619602306324	0.01921937408616155	-0.2511895542791925	-0.6004946996906115	0.3099093246168343	0.28733128049608936
DTXSID0051732	-6.037666890454984	2.5062577842954346	2.0044271466674206	1.4948413204021884	-0.6623142668370776	-0.7694024024654603	0.7752271537951679	-0.44662455984948296	-0.21424968624168453	-0.17194600694310608	0.5330482667709772	-0.14284914774376692	-0.4972460701237185	-0.6802103878729587	0.14003441649162124	-1.305693243819517	-0.5111097422765327	-0.11895148099602172	0.7723837663067341	-0.1407440036554579	-0.22523410200462554	0.8590234545234325	0.10804878815119251	0.3130876682466344	-0.07097870121132448	-0.12079757725369535	-0.1291758020439481	-0.3390523817959853	0.0900847052041746	-0.8162340669296023	0.23683680463625684	-0.41540556199883405	0.32574494141463145	-0.10865370295353181	-0.8704143351689299	-0.04458352977010354	-0.8397257729189619	0.3256240977420608	-0.5840011175106504	0.6203075189056105	-0.2598624310998067	-0.11837943876528664	-0.31722882746834724	0.541225295245017	0.3380337308156347	0.44433675936189304	-0.571288498618945	-0.7369929006654801	0.2169968409084928	-0.2616794659450337	0.18693851781652876	0.3632135814728072	-0.16263605607271264	0.49742986807585016	0.17054102288027603	0.9603983787348964	-0.1420564181333632	0.6769386846442287	0.41066204131044526	0.466455011799087	0.7500035602933305	0.6928083641378954	0.18865644802874718	-0.0262318594733009	-0.4113765996507226	-0.021150022506872063	0.436197085612437	0.075282793976309	-0.3959606132677697	0.5159332336661702	0.5543851785632227	0.1410608102070925	-0.29696693435652743	-0.6548857413880416	0.03015721125143555	0.028988010209800123	0.12595798916826254	-0.06710776329528105	-0.48556114380552023	-0.2112330614010765	0.7517613102068808	0.36677890575793526	0.2090450617486019	0.0570482881991241	0.4048885494419665	0.41091034673237553	-0.418866838499694	0.3494009699279527	0.12102737842852115	0.24907947606192574	-0.29960766030668273	0.14933601415869646	-0.47884617295288406	-0.3034901882255486	-0.08086955724672917	0.023053871561766536	0.03856625011757742	0.1577596566377395	0.0201406199949836	0.18797324090336448
DTXSID5052591	-1.2739832691222797	-0.04388761131495549	-4.583696224212795	1.9795385017340543	2.5310842907971196	1.0690231451361447	0.265143941517798	-3.1005978583523577	1.8140547454700147	-0.3283481633603173	3.376649658336481	1.9682755865815362	1.1802034849238958	1.4495694456832289	-0.9610977590597738	-0.373915473964358	-0.10654446934766565	0.48735174229574696	-1.0193641692988775	2.1983414619874684	-1.025459565047316	1.0805808522711093	1.0386545772149183	-0.9555333269441617	1.4921627453616662	0.010135850335387714	-0.24622416948366027	-0.20788922980302693	0.04808926119333349	-1.5643046322089855	-0.010381408395607151	0.8848763876328525	0.33257944043424575	1.6290445193820566	-0.15877893908077834	-1.0953290285503259	0.5643636796544891	-0.1453238150653044	0.6080942036884	-1.2165763587080471	0.35140215350801823	-0.39647382103203377	0.31342755878078765	-1.1716641749672878	1.1998189609929961	-0.2958715877108065	-0.7189329040090665	0.7627605939760798	0.27194475689669695	0.7970703623476358	0.25467957345830455	1.0329682692948217	-0.533008754096029	-1.2723971184073224	-0.19803042225582265	0.0335073451654271	-0.38313248452459925	0.2521554413803511	-0.14038261361346516	0.9407781923191827	0.12319528488605308	0.006961762000121962	-0.5157617171239649	-0.4817616169931805	-0.6402562828995157	-0.942889829623228	-0.03331980315709063	-0.3275414555355329	0.22888396025542204	0.42017689056168184	-0.8166859685307749	0.4513456874178203	0.4206784300741962	-0.22487847055723909	-0.06037095407662787	0.08644962874295394	-0.23575699836493186	-0.17204589200831383	0.33719362139775594	-0.6201375729526417	-0.23494289098556967	0.9716666510256042	0.35939672060435285	-0.03408824139879375	-0.27662773460046314	-0.29701320297575845	-0.47611803603816144	-0.1316454486143196	-0.3242461389833555	0.09634732079057719	-0.5185986064880883	0.3545697091963191	-1.066427704300076	-0.20687635060435972	-0.2628805698047801	0.2931645144611482	-0.1007431242565009	0.12510043932554663	0.4529833761089385	0.46777757968767986
DTXSID6057829	-3.3466228947269014	0.7487332354781094	-1.0193214374007964	2.009766064462223	-0.653404632213075	-0.32860190115541343	0.4923007495468308	-2.039126938505852	0.8700527820641081	-0.8779794367066928	1.3533581782332904	1.2508272209481126	2.370177149565673	0.7996122346122496	-0.8307662960419495	-0.09530563849770306	0.35190305749601114	0.958248316997136	-0.036018493707112076	0.15740209717522907	-0.8972636588835791	1.9100835642731342	0.6811150013231476	0.6555506029686452	-0.06789506015269502	0.43011298675768134	-1.2491536925759135	-0.2126353844908132	-0.311229499579096	0.5816025464795036	0.03734858651102232	-0.40763046126447705	-0.00811055500146914	0.2788236368629565	0.20806853289985186	0.0944941789332814	0.6279118929854358	0.625290948354838	0.6879100646909504	-1.1143661199269759	0.2314197865306035	-1.072461877985499	-0.649319510671729	-0.233997302401803	0.4778779982015983	0.125444000913756	-0.1294199823694374	0.5939804087570106	0.6796879839757581	0.2520980943520343	-0.19628248536797815	0.2760236817465015	0.3070314465223225	-0.40146207968483605	-0.8306186968307911	-0.15037051912548785	-0.7518564397202586	0.7176367466820445	0.6782313678756972	0.11914159258925563	-0.49886761738528457	0.13755796094307682	-0.0059519171687358	0.9300790755028422	-0.46564960009387135	0.3241383052768074	0.18858354245916806	-0.5212054322317815	0.9331535059274315	-0.03439968326214982	-0.5591126770910143	-0.5244580402029301	0.5681980935644644	0.13718365426669268	-1.1312986855300928	-0.08408695622028044	0.4545470883480718	-0.9097228934428716	0.2730029598438165	0.046767834291017926	-0.2881800729673459	-0.34812729112483964	0.7534459085960944	-0.4557340198323308	-0.6817318904844659	0.120334676807971	-0.1802939747060354	0.087183263792612	-0.12759779588492337	0.3241147983706776	0.5862624194451348	-0.03499848061029543	-0.3004664218846664	0.25174763032488245	0.06407327299063374	0.17766167680938458	-0.361685383565361	0.4557994618982273	0.13024040900123698	0.1539063531624625
DTXSID1044776	-6.18174604643433	1.2427343661465404	-3.646668797527666	1.578090333625611	-1.452169870677311	-1.452631155575308	0.9323233560406431	-2.071017511845	1.9584602766424783	-0.9696899142897535	1.0629158427388463	2.167727856057011	1.393734176511167	2.130379791278233	3.6871856739955375	0.9474365186651403	-2.33821268893716	-0.20542891441791364	-0.5092657894735725	-0.7131560574515672	-0.0391251745928009	2.361563327599802	1.1393055417432243	-2.0860540563936962	0.7599049638917063	-1.4075888188912014	0.12514983392890694	0.49515210275026567	-0.07508484272265141	-0.4364190427583031	-0.4259795897059789	0.8876605945869578	0.2509819475429031	0.5558227253484244	-0.26068270858492454	-0.06700177617806796	-0.5949030901289146	0.1608451653719038	-0.10250495428112405	-0.9442039225554554	0.10506384100003663	-1.2290979752055833	0.15975478968416032	-0.3457657775075991	1.0177084710035262	-0.18268214521386428	-0.23733751463150501	-0.6176368183038324	-0.25666512567456484	0.53441494410138	0.8441683673840767	-0.8007393334025895	-0.6837269376231535	0.17899498900168762	-1.403437059213272	-0.5332197071120537	-0.6268001490873697	-1.0464195103984335	0.2793495865909252	1.3028883505694584	-0.22792951184865645	0.7668280832805137	0.44644787510066386	-0.4344112144912341	-0.5606873043990539	-0.7918677996024335	-0.6894971404597542	-0.9402310862648356	0.3029153308791764	0.6517573793731396	-0.07343089842183531	0.012541324488845217	0.5833395680364512	0.34430764710213174	0.5944125153253883	-0.29615745444088304	-0.31313206297622886	0.23458910966882482	-0.4191879176208022	-0.1364004455860009	-0.1876510916260335	-0.0862777789880448	-0.20277382447399223	0.28742858668628357	-0.04677543558096595	-0.22202615367222728	0.30996749384820743	-0.015327211027623456	0.08373547873780812	0.2757004614836606	0.31593105655344267	0.2675590675300616	-0.21472814364574497	0.38189920700887386	-0.12280660402639294	0.2166413910047351	-0.30215082459827103	0.026521167975462227	0.22403260630209937	0.34148047024431155
DTXSID8057726	-1.3122284416026342	-1.2293503039657951	-2.3998766841131376	1.3509771658969614	-0.6973924538546359	3.466243849808402	2.6924322619606493	-0.7319437662642174	0.3112670667298549	-1.2191813008756365	0.18751260875032016	-0.4644448834602426	3.381296378021008	0.02846040554147502	-0.4308638356115494	0.005206897178546256	0.5967556896935785	-0.5772178795894789	-0.9518455039494919	-2.422032189742525	1.2652554929576745	-2.160513453910128	-0.3359195499246734	0.11355294057173593	-0.6042184311131837	-1.7824092214507177	1.359710581990941	-0.22368197949298846	-1.4927995127353642	0.28823977558916564	-0.5286861019377734	0.41579845860888337	-1.057514614914866	0.938957885720575	-0.5408424195453261	-1.6925062881274895	0.4992578120842567	0.4336376874669895	0.40143063755599334	0.30114693861197905	1.4462037666729113	1.308433686290964	-1.2792173694934281	0.2574265471206614	1.025917780495764	0.6761557708864645	-0.004205053436769903	0.6481744559543399	-0.5833461127944639	0.6754343558926279	0.7367734779095811	-0.6932359968302494	-0.5042796624633679	3.423023683289741	-0.4477521765962902	0.0191667560164399	-2.105739709496984	0.84784663430425	0.37580661069228377	-1.2317553526363347	-0.20021000662348964	-0.34758598126653245	-0.8143886851963665	-1.515876225031509	0.1451948757846435	0.6194660352249147	-1.4262028063664698	1.186004411421709	-0.9501583802268431	-0.1718624434826581	0.2287948345420659	0.2467687017620322	-0.7671945881977554	0.4994093577364786	-1.1387248186385646	0.02837621008373855	0.0825310356839842	-0.054645189640423975	0.24728587109460295	0.21099335782167836	-0.6130110001450735	1.2730873246168328	-0.18200162037545906	-1.083798281936491	0.2599173515439481	0.47814612255284733	-0.32282644036767005	-1.4651527114325926	0.35622241602349025	-0.2239296659656909	-0.20136660140985813	1.1280954543604416	-0.24692573894760658	-0.5320151785920433	0.39383266831873365	-0.10576777221836986	-0.286288485094151	0.4925336530868559	0.0018380130327784064	-0.11325808544459093
DTXSID3029283	13.489065139679967	-10.734086493009386	-47.97014670245413	-2.117615524093158	107.01768716562849	1.6485765666706957	-23.06470304607409	13.59325188801078	-20.470199909638048	-21.499987794703575	0.26095631954574494	-9.295804277681523	14.906919272002668	-14.141100152474946	58.8722070925754	38.38811027885029	6.2678553232325775	13.00134101724922	3.3037499133911363	29.3357291260008	-1.0483097257890117	40.26211723465436	-36.5357392564896	17.160090773961112	17.477623049534106	-28.405450944332294	9.65160009748508	3.653044624658685	5.461857510444337	38.543882390749424	46.244278249950796	-38.86642341386179	-1.9352009483786325	16.073310677963097	-21.453349272601	14.695701868517618	15.562477051375204	26.504571903759455	-31.369915773791195	-8.325080307419626	27.304289283523808	16.628722565810413	-30.73871755212997	14.054825116182606	-6.792283565916396	2.6076678028957634	5.1748156834686805	-1.1656493731062418	-25.29958388265229	31.862871931180898	-26.46058721761348	-5.293981298271748	29.59841493099052	3.127065683608055	-25.025541850632703	-35.70332490581306	37.28982631285511	4.8620540147182245	31.511374003033744	-6.370419632530489	36.97957479673767	8.983432497063838	4.061708740177739	11.467557776886236	2.7376054734189657	17.95720494441323	5.782026079959393	6.06170217883959	26.133680698571297	-13.28510845941208	4.578815017117821	9.704354502447416	3.0019821066979415	-2.6761484335936903	10.890252494195861	4.985096444876615	-32.05944543460011	42.986572410376574	7.257526700897132	-24.680742217133183	6.749513866643504	35.37388040502162	21.05072306332812	39.42328413931462	-14.461085112089355	43.31603993754577	27.635512732052387	-11.764227308210426	-6.286100427310817	-15.848797455811837	-5.399718308521666	5.410901231669076	-1.0962151911809903	13.078161524067973	22.582457991886415	5.906430159839679	14.120586354584274	-29.987693961495783	8.613815611145808	46.42884463331565
DTXSID0045252	15.795230903243043	-0.589273264011574	-2.74862469694615	12.966291765406373	-2.548275101291549	-2.531890387597345	-2.8943240772715084	0.18278472099645135	-1.9806716251767087	-0.5567041158616216	-5.395903972362932	1.8175581464653097	5.57951601514038	1.9211168994808536	-3.3204621269011816	0.8091460974608482	3.2114289350546295	0.07063950321123165	-6.458143540728434	-6.509652426656254	-1.337543889442326	1.7449864251329414	0.07428977463170769	2.0757910224933687	-0.06730918369973775	-0.9232721779504638	-1.015400303902231	-3.584989643839254	-2.2449386771031015	-0.11309816766413099	-0.4609419279575791	-1.6293006056014887	3.030589137632855	-0.8726061718766028	0.31288631977461284	-4.353474273657209	0.9696273914786009	0.2544090237274543	-0.7545497767095198	0.46716585426476714	1.1078351524704892	0.6677913595303141	-0.9445956912573148	1.0654010887688092	-1.8499779896436088	0.8617575166054948	1.4683265874301985	0.4648350330792754	-0.7889578608502631	-1.764739657745174	0.0350434508548072	2.5503432656352207	-0.20204598455914613	1.5729120367457816	0.5159715041809474	-1.5318438809509753	0.5585802821929421	-0.1859170040161015	0.06433052159120176	0.926605639836027	-0.1110669600815643	0.12737199907179783	-0.8496794414747321	-1.3124339196114252	1.1001046026136974	0.36530994723615234	-0.3948775706984528	-0.5436491597709435	0.28273698431505645	0.3963721054592391	0.4488953251486471	-0.626989840645407	-0.2874536890931302	0.33854675289176617	0.029968768728909002	-0.436608115846699	1.5851627378483042	-0.39750156904111805	-0.49322395912321976	0.41497010829566844	0.3709168713223763	0.8695066471163988	0.0354924651070864	0.23301859076901768	0.7976346978626645	0.08167363863563705	-0.19548313902828238	1.0112834193370028	0.16187203487192534	-0.020726268618397853	0.3854472218498919	0.9115972678981086	0.14855228794494163	0.18219752493156294	-0.22895081881641483	-0.8162529856622107	-0.17416675938622386	-0.3183773460701212	0.1954501434127433	0.3491472364204715
DTXSID1047784	8.675187160870326	-2.5616677902035354	1.7682395553002253	-3.407301561164961	-0.3548842403140507	1.983400609980023	3.491341673132564	-0.4451127476635512	-0.13384970204079524	0.810037983637419	0.9117665411339712	-2.494236811968278	1.1484322758708239	0.15277324516154156	-0.8047625322859574	2.955956427573039	-1.2532043467367215	-2.543313926079567	-0.0456566318100782	0.19718380716711364	-3.604623642796584	0.7854163185801643	0.3156272648531043	0.4208059675629753	2.5746533274755983	0.6392677025049912	-0.9353729349617417	1.5738862786993	-2.6058698394970543	-1.7194795840196844	0.11856882411615237	2.711433738089168	1.018852513787548	-0.6273993008806973	-3.1791545529057714	1.852834183058947	2.1172665535069277	-0.4579631933931381	-0.6231655295258741	-0.7774754520415708	-0.1802817404239899	-0.1867423184854456	-0.05784789471429911	0.1836674482720795	0.674026886721794	1.316831233912601	2.2730872633557726	-0.7653558047218403	-0.32642406092456666	-0.41062805213615955	-1.1637830268062042	1.362839057032614	1.2494871258447167	-0.8799973450143626	-0.37945603502741465	-0.3689435337211113	-1.2469370043246326	-1.6865557941736433	0.09407310408665949	1.915780358335174	-0.13698406634089896	-0.3556004984216653	-0.13492625883880285	-0.6666856992599572	0.28384788225846047	-0.25234573779872743	-1.4218586398839173	0.21142212398246313	-0.4652939421616435	1.0215787647735193	-0.21455702140189253	0.8104659026054755	-0.6401031107936608	1.2348007812858204	-0.9031499894626981	0.944101291217894	-0.7569909982883096	-0.4394983800034198	1.3850117107630457	0.4151295631557157	0.10010318370619484	-0.022237761121688744	1.6916056990663793	0.22127911941931647	-2.6177472752584774	0.18097520734929148	-0.4071117930524416	0.16676306164135937	-0.14699955175387253	-0.18682357972337083	-0.7145256942600318	-0.4038859598450132	-0.695670765450506	-0.28863828012414405	-0.5724576368692443	-0.6305856886542001	0.2770822179314664	0.48283989958343954	-0.4795697140843378	0.17575131186139523
DTXSID3022320	-1.8709130165449777	-1.5371890800502046	7.165486258737349	-3.9878354930966813	2.074702016589723	2.0418645706282725	-0.42527145076155876	-1.732707856353271	-0.585440744592159	0.3019260433645604	-2.8756011512527997	-0.14234016772341299	3.5137235117756735	-1.3754826032117025	0.1726384775788163	-0.46427415380073545	-0.41908187806168146	0.26786849168243765	-1.2651156211952683	1.2861850807858377	0.042905825726488156	-0.32572913546338383	0.8308402069815822	-0.966146298586578	-0.16481500108818015	0.10971720648898844	0.0063163644986288965	-0.1776282015228858	-0.11888102001129651	0.7652199949454177	0.3416534103834641	-0.3766456981034461	-0.002814210596473855	0.1655774587703576	0.2046670934148241	-0.17049254847586007	0.06384646831927682	-0.31015473645561525	0.839891726132853	-0.27328248172590974	0.099756995112067	-0.23099541772493218	-0.18915388122026067	0.22476684346480091	0.18437502800279065	-0.4242618439157672	0.3359794419078005	0.2917151002920106	0.35627327342771964	0.3690512109557508	-0.0914210083349643	0.23064189054135453	0.07246473213652244	-0.41354239781230934	0.5644592338122935	0.24887119777063355	-0.05907264683274049	0.7401150524668676	-0.18549425824910457	-0.4737129993347693	-0.10992568507437517	0.7782201904820508	0.2659897385204435	0.6963874490927392	-0.052613366111667545	-0.5810495224048459	0.3558370953082998	-0.5689355658839239	0.22559917822028128	-0.7851469592307067	0.4964227527212645	0.17603541704151165	0.5013020144028615	1.4249694227732927	-0.3160179272653686	0.2424331789365767	-0.35089275257134744	-0.10792504754182876	-0.16270033482795282	-0.05013388858534088	-0.5465529401106987	-1.3897381303408871	0.4041048376125124	0.05406124826482126	0.2367874140569091	-0.11655589791302406	-0.12490979381527695	0.412745384203861	0.9366878261687481	0.14986434782626495	0.3232414906648355	-0.29197592396325855	-0.21698751350533757	0.8139352659105061	-0.07430669865235864	0.6084861028787953	-0.9055473513975056	0.23404882356432108	0.6344600166693226	0.07411024249234249
DTXSID8034087	-5.670735890066596	0.0027227007128023373	0.8790245541978758	2.2377199838746202	0.27912548302644724	-0.6948002033447981	-0.4720824179108147	1.1158675069418402	-1.0598851876112516	0.3487922805488044	0.8073128281770083	0.17543375935008904	-0.6729320758444509	0.7208999798962504	-0.13029431340288036	0.3227590480413464	-0.09898233521386117	-0.2440459026683773	0.1469873100123854	-0.25232024062017566	-0.5349575407649025	0.3559656482546073	-0.8061470448467333	0.8544354272020571	0.36217220399536665	-0.3533929768021696	-0.2642595281038015	-0.797288557109704	0.09134962789802588	0.15305259225373188	0.6797534454740889	0.14122112020882754	0.16971499132838253	-0.026191906026816727	-0.2897002687454665	-0.24964553169431916	0.4610641878898972	0.17938523895922634	0.04079144675231665	-0.05523593397788688	-0.22978257890688497	0.019420635203938903	-0.0028273135185382697	0.050207535588559435	-0.2311244036587888	-0.4209690816449383	0.43010136969884566	0.09106132084907699	-0.6693527356054969	0.22412258391181317	0.18458992497183768	-0.5509670546363	0.09744666934497041	-0.10180792728617975	-0.38956070776301394	0.7031614222731661	-0.48894755272190316	0.005140002592260931	0.07474669699328763	-0.1458385732299499	0.2545204440931152	0.5878327109939686	0.07123468810331615	0.09052446700670568	-0.38768265167137905	-0.07307580779540608	0.006649465983727197	-0.18239907190271243	-0.2209369723029831	0.03433948337012492	-0.4428492558787053	0.2476097301732207	-0.19531124541910325	0.418862777343764	-0.022504784955451405	0.8152599145230771	0.05257410710623821	0.09339871477610291	-0.2520155539006098	0.16678751658054267	-0.3023979544055354	-0.32974895152934447	0.020989599354919442	-0.4843710261628561	-0.4519881855096471	-0.37456991989514504	-0.49587351617464637	0.8795613455432452	-0.10910102704327795	-0.07313184887085306	0.042562344975179335	-0.3611769250115235	0.2793304911834369	-0.23167433059760753	-0.719662778620926	-0.13615740896158984	-0.1282825066698014	0.3824086916678542	-0.5323536370959762	0.1547233143964236
DTXSID6020197	28.904665287719094	-3.324510266367496	-5.76663115467134	1.852916659756273	-3.9998052438644187	1.3949489730170326	11.284640582292116	4.811915950224133	-3.3263204237077844	2.0425479320876065	-5.905008266801327	0.18931043807384898	0.29784896580249626	-1.8900711111236996	3.3111060776175814	-1.249157275555914	-4.7450042049010355	3.6889821171967245	2.5527723546806236	0.07549082045535555	-6.930361359127688	-8.203527171349432	7.419786905243774	2.031584250809001	4.740095701270463	-2.945997299992185	-0.05853780510554368	-1.7372209656494748	-0.19355324814234195	1.351885465693662	0.3118318264969393	-2.249027935539707	0.6127865958998645	-0.6713592682244854	0.5031754593509135	-2.3913767983599485	2.1334856600784624	1.7253819381963869	-0.5914866267065716	0.7009374995394769	0.7178480751980791	2.3985380997480665	0.11098009474310626	-0.9841733487518572	-1.0509495224337846	0.33088298110389525	-0.6838717989184088	1.0280522441882594	2.8945946518338923	0.49758665812889125	-1.1901586392465169	-1.603963275996748	-0.2771419130830139	1.441696320877134	1.0745399072861113	-1.457466934228513	-1.0502802208568223	1.1672953165828908	-0.9281568279264921	-2.029883934102999	1.4748687539082568	-0.3445689303027128	-3.6812171634213473	-2.663836994008082	-1.759247522073414	-3.558477749951661	-0.33093005819098326	-0.10865889096467493	-0.9939320207390174	-1.0345540630244077	0.0009299304877521669	1.0374197238409277	-3.067587917388633	-2.5511292622448076	-1.9289482997860201	-1.941478615862365	-0.89110006916221	4.882143707596906	1.22943265710237	0.09215538486445896	2.8092918068640476	-0.31649438081081166	-2.9660752587187464	-3.8611250395798566	-0.9298755700879774	1.8581765117231521	-0.847130893493454	0.7664750320996722	0.29843220374198226	-1.492190923746486	0.6197520915821529	-1.5982880776199024	1.462333915491702	0.14686322440581936	0.9489235039960272	3.5808083457232347	-0.8253340110040228	0.9612768131778535	-0.9231122651003332	0.4280070990136965
DTXSID5022982	8.540239275177331	-1.3017333223343976	-2.9150130035253152	1.9068424582868453	1.5664087649640028	2.493958557944596	2.9142978176530194	-1.3084801785149651	-0.06306454026955392	-4.388243843795538	0.16165678500339317	-3.5442072551398205	0.6110284958767098	4.51853847736252	-0.8979643657230603	0.4489002187296472	-2.098596837191422	-0.8960661446131929	1.406405200006048	0.4866811738128744	-2.0768767514695736	0.5369524991901066	1.0373932707374294	-0.07961271696081608	-0.802192659527073	-0.17094305700720228	-1.0413652164545113	1.0255666033570376	-1.2831936269514215	-1.4624374486250344	0.7938889506594221	0.4352251475090339	0.1733559097775384	0.18636709614394728	-1.5474003848033906	0.9830976512630126	1.1041616820879516	1.25454829022581	-0.5356200678937372	0.44529260897295575	-0.6105162878695678	-0.4329873489638092	-0.7512289419981037	-0.6958971688412753	0.9115288098073715	0.003917728387340933	0.631219354678267	-2.2903825970829788	0.8105332984100986	-0.058473840387617666	-1.7011889311996504	0.8002569221589171	-0.12306232580624854	-0.5369854193910669	-0.18301147397417972	1.6311071656039013	0.11284634609507889	1.3039039592588129	-0.4614980656434934	-0.6649132023437176	-1.0330418991265022	-0.36774340581457277	-0.0615188377177377	-1.8075223887532603	-2.0828438323647465	1.8131074378278242	-0.9043512557769227	-0.3210390541206978	1.6564935423574787	1.170531483242649	-0.5732168491128543	2.4901239595071987	-0.968661105793657	-0.27605071586138746	-0.4464602321358121	-0.7000942109479875	-0.4399041105147991	0.7478213650385538	-0.7825877665427319	-0.3650695241986259	0.1878035264579186	-0.5001324547974297	-0.4610667521735535	0.01659561627320929	-0.8449888509949881	0.5380329801220548	-1.1963630092605717	0.5236161244293437	0.31594048334645564	-0.7833368657952968	0.6123403833947582	-0.9723769881191693	-0.38148230930053645	0.258627273145938	0.09288948463978772	0.2361951045392155	0.3971422011284598	0.23721580706213954	0.9119335084322904	0.4399099789885905
DTXSID9022522	1.4339914717051143	-0.2545436588726479	-1.400457941571885	-0.3719639573323464	1.874602109852321	1.6685702966431821	0.017348195225686064	-3.336366326924985	1.578449394054134	-0.25567263921142364	2.9328933036298186	1.8719482126459819	0.6618081033244838	1.4600302808535701	-1.1801455402576186	0.04127477194955851	0.1860214450289507	1.8114976756315004	-1.548333074630027	1.6423787089751942	-0.7091410102427641	0.307164666506276	0.5548344558802224	-0.2029881787129467	0.21510961419748525	7.747028355471088e-05	-0.1229007886994481	0.26933386165419687	0.696132353098287	-1.5433741649027322	-0.16692899621034735	0.43083290940760516	-0.12212234492761374	1.336883434159664	0.5094483418045238	-0.34487953701488416	0.8000345965038091	0.32749608508317063	0.13801585692312862	-1.2389610959354265	0.6440226540344233	-0.6891905296181025	-0.4012832204351507	-0.7227336340537772	0.9821947718141427	-0.4591559622599699	0.23028068119670617	0.12157988464118596	0.008161208762839742	1.7719351210286316	-0.24433483623257818	0.4527738615927284	-0.6556295413621899	-0.866081983993745	-0.1617121307928631	-0.27498742903331924	-0.5845002718403993	0.2873168130486971	-0.8586897723382704	-0.2328839428117763	-0.11042011292777143	-0.45506019280116977	-0.25037566143031165	-0.12773525750757908	-0.9469984472393127	0.3493828764771222	0.11756039215392754	-0.44298334271328366	-0.4604046347544412	-0.42862945051127926	-1.5163388255849704	0.8544941609727547	0.29457029310412824	0.1893381010009658	-0.30637555957042906	-0.6678327994479715	-0.14816535234653957	-0.7880706711723373	0.5849174585384527	-0.13732871721048887	-1.1188144531232034	0.5074909794531683	0.7362521763635635	0.3527146008701621	-0.8937235754181367	-0.055471049304995336	0.05030053408244546	0.22656022274548518	0.12266469800750746	0.21893142558519196	0.0875576752163619	-0.5482749994114863	0.02698736921760986	-0.6171700772539457	-0.0343324152335768	-0.07768520681747791	-0.3578874507582366	-0.30237421461620606	-0.25355291948637726	0.20768795322806188
DTXSID3047922	5.082433448457742	-4.115516432297527	-8.145861601371497	2.407527272066922	1.1292636700136742	-0.7884468224519421	-4.600758086193707	-2.298827172727565	-0.20031146519120827	-6.2252301292085335	-5.005092673465607	6.761993424110797	-6.486404016106068	-9.340627260151994	-1.6996232472361095	-8.35303619433124	-1.8877874693775725	-0.23795884717268379	-0.11694985590427154	-2.7991037414694437	3.0828349701321947	11.237309723782912	7.502259548490934	-0.38776311603943076	4.36930647506433	1.2033159251053314	5.80878217283052	-6.468117399523984	-3.3951235700160343	-1.1083769110040933	3.343229281494056	9.246219748641616	-5.552321216894336	2.8297663099797266	-1.657144741318354	0.7008941893619886	4.6844559962811365	0.2772112465765069	5.149796980282348	2.040044653868634	-1.4426420250758947	4.274495628800987	0.8729945933858562	-3.267368205878917	1.854339864651904	-0.3635535824451997	-2.1628308476668865	3.632399382562059	-3.219005514549862	-2.87843284312564	1.8583242805850781	-2.7650937215120353	0.048689823926268284	5.21365648576147	-0.2241134043869269	-0.5010025400169332	3.032959949091775	0.3023167996580948	-5.406622611456577	-0.4348700397234307	5.315721842493495	2.8130240445036745	3.4876039107384837	2.8742786120828248	3.179461530314462	4.96582751046121	1.1170522321559737	-1.9687268008288525	6.418280748276456	1.063036625408657	-5.7281744256279135	-5.037742086496059	-9.700510729650423	7.7174029239065955	-10.187733554878406	-3.292103224576617	2.9869269206459945	3.9231877969459776	4.007795952470039	-1.6050756955479424	2.1102907640298656	1.9504203802071052	-0.43001066710609226	6.43033837272514	-8.627629817052789	-6.795141787671376	-3.4468445597607027	-7.248573877733063	-0.20966963412124157	-2.62043240322047	3.3323010953080208	-2.1028293996215015	-1.0391537077048694	-3.2592210240941792	1.833230555331526	0.0607739348952469	-2.1316491041897536	-3.4413737114509098	0.15026318086863008	-1.5999214810386102
DTXSID4025903	-5.354310333543721	-0.791932960329302	-0.4882486450511371	-0.30314515271818154	-4.022705305188555	-2.6175052318192824	2.197867321262881	1.7531733828828706	0.10259344594868842	-3.2460864596923042	-2.0837041333147193	0.4961421583131531	2.174977873570261	-1.117714795942356	3.2603548844294625	-0.8434170516272267	0.3637627067452306	4.523220884760809	2.9645966458343254	0.6014018194810633	-6.034051507729884	-6.07647913623409	6.733814833647344	3.4516764692728517	6.024799140940529	-1.1864266268786507	-0.6655755271828616	1.0023573257929768	0.382539392614449	0.7472007140268059	0.18200204949608592	-0.0021263154364718	0.5118633268749186	0.07393092801363918	-0.03856091710315274	-0.5950550951155826	0.13048600183085335	1.1175705531382356	0.2378980513694101	-0.30387382758899933	0.9176786395168004	0.6164902937183724	-0.383552706606659	-0.40945568605110744	-0.1919147343884058	-0.5464877701926399	-0.4310270028020439	1.1768424380452576	0.6815516348310802	0.36005858341811275	-0.06969706813390103	0.014534185051125088	-0.04598193040683659	-0.4192514222465926	0.4493988190835706	-0.43560445856866337	0.6377150476326847	0.13699108358316647	-0.34402571341950233	-0.007791188052187935	0.981608773059957	-0.5093307791070447	-0.011910665212856646	0.21557960935608106	-0.5915820363307127	-0.43982947253927734	0.2865841722282315	0.12813161136471377	-0.28392491476505066	0.3328780230731876	-0.02577420266849441	-0.05822801433630813	-0.01313547521090403	0.25871964397101443	0.42117874625242463	0.027507518144292843	0.8309141334297683	0.1865628390885259	0.2381776391509391	-0.012790105594506907	-0.48001575611454556	0.034088302503012764	-0.49141478458161636	0.5202561897359829	0.11175203827533262	0.03338181465389464	0.564175554622454	0.5098421838309564	0.1443333627948359	-0.28081590359461905	0.36413072684630543	-0.11785417096338095	0.2132951553451172	-0.36198041227050387	0.5513242415542721	-0.3082996518515338	-0.41081005284340333	0.1980100252877221	0.28580516823846946	0.4392981407922296
DTXSID6022846	-2.655744907330655	-1.276365326104405	-1.9064745267468217	-0.6815111677030535	-2.030414845555561	-0.03369873812917833	0.5509982080192746	1.7512885839680357	-1.7674492808406481	1.1587698205928836	0.8061267308262179	-0.6661475842462228	0.7504763136206666	0.7905290315807623	-0.09616274069600375	1.108524024219015	-0.3561661519622326	0.7249438785474465	0.5931263396350961	0.41806098073230186	2.395095035243512	0.013675046476291827	1.678506991191012	1.124464064803483	-0.24225723222333967	2.5607190857665216	0.02131721846037552	-0.38324496169337713	-0.5991327538641794	0.9145364268011994	-0.6585041280817265	-0.20717051878911558	-0.3001869018581588	-0.08546737733215594	-0.14243860985957	-0.06722398594160017	0.14760805359669438	0.993580086479544	0.01501181013392996	-0.3661981516209856	0.33985202287210153	0.5825562254288813	0.0653320062542272	-0.8102025893084962	0.3303636385306095	0.33898403648476194	0.5978858446551824	0.6293041806765287	0.15432333627542347	-0.6425936636264427	-1.2865968309761135	-0.8876850894784062	0.6279783352543791	0.3888522382560285	0.8537338325828575	0.8751960911226832	-0.18572745267404275	-0.7234321304117541	1.7714238811928342	-0.022200486037854395	-1.200842123059446	-0.6321982955891744	0.8175128498821325	-0.503398577397163	1.1520566651822857	-0.5680518355346701	1.1083283904408179	-0.36085784812963734	0.050217208506189735	-0.009536993778371392	0.9182717902196877	0.2205495830604008	-2.0963939523569852	0.97685602907884	0.8830021823789	-0.5627497878763601	0.2650196005989765	-1.0235101120847498	0.4826415742368952	-0.9150996021544555	0.8643643676844491	-0.7645564955954931	-0.3738686086836666	1.1789193124075212	0.6698266965546129	-0.06869222023316221	-0.22057849593419077	1.009919286794297	0.08385369740029455	0.5149618093405334	0.7326548726900186	-1.311151653166486	0.1325823639835403	0.24516402646833754	-0.8010786238329604	0.42265780591215063	0.9172279975294418	0.04466776940153771	-1.3301640212739096	0.1551330454402296
DTXSID1025300	3.9690950778454273	-1.9108034204572577	2.7375958469264767	-3.337642532074132	3.5488221944765246	-0.19498132203346918	-2.935778806080932	-2.7410162285307673	3.4142434354837965	0.6738463517949839	2.0421714074716215	-0.6067924902454278	0.17739183026759262	-3.948886354074097	-1.7189688708466084	3.728347376214911	-3.7357272209234416	1.1603240381947861	4.5090887474788595	-2.907731217942268	1.2786505651601623	-1.9674718750431035	-0.11252354732129834	0.11824202549950416	-1.414181932674344	-0.5456049376597021	-1.179272787442815	-1.4163910836517086	-1.3285862847523378	0.2104401426545824	-0.39745644531560187	-0.4640407845985784	0.25473023751158946	0.325182769702845	-0.5793596055742903	-1.0559440116443486	1.3750068997651568	1.2897529746136935	-0.5937001880762551	-0.05801236677281749	-0.4746064429577722	-0.24648219908193966	0.029966139921890737	-0.9590754806790011	-1.010017387033643	-0.2928085749842925	-0.5452897400764001	1.151457284510205	-0.3417149884923054	-0.47460302118521824	-0.6187757158475621	-0.6684994162187876	-0.04290138778941368	-1.1705551904062936	-0.10173300156879941	0.3944102716806695	0.9760231132123204	-0.4807252934461463	0.6309501733066144	0.3549946655581407	-0.12585580501176846	-0.37394243406624084	0.7135182347781346	0.9488642819772289	0.19143248976852775	-0.2828921212138682	-0.91756335873196	0.2061389684251596	0.4202458168352208	0.6433676346411399	0.3488640651974455	-0.32505197509837247	-0.03850952987655907	0.41617585922384054	0.2826264318744133	-0.36014739102956156	-0.3408646572203237	0.23561051574766054	0.1778925534160812	0.2930295249083164	-0.5585483674162567	-0.49286657416028895	0.3684898137929573	-0.16808997822306726	-0.31186829598329	-0.22675501378099142	0.3313358816713512	0.12922708550213843	0.3961236978351949	0.06299865189495037	0.590780034881665	0.10512298509206164	0.7229463511388882	0.010728254383353225	-0.12089445547131702	-0.13538837740321305	0.2496893961328681	0.12746532689666992	0.34570157294020376	-0.39760438264561687
DTXSID7024376	-2.803641261153724	2.703848290641607	-3.678856756399161	-1.1203399697327328	1.7946220280856915	1.9766522328946632	1.8776671126968798	-0.47838823551827536	-0.24082350798856303	-0.7559932964937446	-0.583931458421951	-0.4213977953761704	-0.40446619682104995	-0.26250223644607545	0.35591694061129064	-0.8016651151244982	-1.02307005154403	0.08612355346417726	-0.9953801861487028	-1.9814132957465673	0.11026184626736345	-1.4277208141532167	-2.0018453037423938	-0.009246593463921362	0.9754337337851924	1.0603395149970083	-0.5567239800535349	0.22414039932405375	0.6076263643421234	-0.023619493240403706	0.43271106511765417	-0.22340319344032047	-0.3875070510901874	0.8903935887545223	0.4592383990562556	-0.39787117520620935	0.6152226557891225	-0.0628791785675004	0.3761400620779202	-0.4978703121341124	0.3170311958114561	-0.3129252851308493	0.09990367636779031	-0.4339287548865407	0.8960491899717746	-1.101437813426354	0.04193748707536888	-0.5577113407489813	0.23597705015585413	0.6265083202819851	0.4012619472301889	-0.7474400574767803	0.7549802450344458	0.09220809877770429	-0.2606881705426875	-0.278814219319962	1.8714993404457239	0.3499165767183637	-0.45880643877444555	1.0400214532903953	-0.9021662770238045	-0.6841433070376935	-0.8816857942865621	-0.5463784705549252	0.6126724506579669	0.1900456659743771	0.6705609386697239	0.5988029482538837	-0.22546127543412378	-1.154638012033195	-0.45924342962608	-1.8543849170049658	-0.020291411061745573	0.8048358271310132	0.2525222782913334	-0.023740089959237893	-0.4803861229397323	-0.2271293681146899	0.6672113315641591	-0.3578512149877965	-0.20472644835227252	-0.20033657097240212	-0.2678847303207703	-0.5207813609932027	0.2723336631432022	0.2648074223639195	0.6181693141918638	-0.5239523566323853	-0.520398009525256	0.2710080139689964	0.00033532129290323755	1.2183358709186591	-0.16356523520502586	0.22913769696057665	-0.34104545895742777	-0.4582995678823817	-0.08168253468183256	-0.08383747825620545	0.36277145504036656	-0.338568463202671
DTXSID6047367	17.996233972978256	-4.797228663265799	1.5679972114580278	-4.816137016975713	4.464670928116427	5.992933742145797	3.8356775415454245	1.9980963932579465	1.6212840253687406	0.23223865726235746	-1.4539097046922167	-1.3646214874721712	1.2930550256134148	-0.6006525059846697	-2.255315374736091	-0.8865367527975697	-2.7581332757225057	-4.398885234231152	-2.700650469731357	-2.4293610029607384	-2.4609121401436576	-1.0239625276136712	1.6913259772824685	1.83691991835606	-0.5133722967563766	0.1573962138693089	1.055738606544356	-0.31779646701179876	-0.31678491016502175	4.078867046176181	-1.7487573168107209	3.7618442156266796	1.9711647334081555	2.4702352543340123	-0.922050139821131	-3.4454439155515	-0.16127624723964548	1.3739738981566496	0.7274277253257326	-1.5008131694342755	3.4205487488206208	-0.7445877146753447	-1.2325550053307548	-0.4356389290499439	2.456599602942652	4.358138881373555	1.2622676759533682	1.4877291602129308	-1.021414138859185	-1.4923288760971678	0.6251182647695315	-3.1810818908758614	-0.010937659012005533	4.413350360293617	-2.590400756462179	0.19474927236203593	-1.0391367687416464	-1.0603092056480599	0.2579817091956565	-1.1866166970604428	0.5248920898752912	0.34801661139213846	-1.0424501389520913	0.3638180584014739	3.52494121008069	-1.3881307358515222	-3.2428934559479985	1.6560781617034095	-6.087439978739492	-0.3724695934909627	0.09267646556694668	0.3758711993528472	0.10203976079888129	-0.39945608849770387	-1.545580007113015	-0.8302073802140374	0.9993970741581041	1.1731432700348903	1.578791588866088	1.320668696285891	1.178241737963303	1.6683665015261357	-0.12639077129656762	0.9005669014296372	-0.3028048380419457	-0.2589668475809905	0.2447630253159703	-0.8402773026181755	0.13599859366361594	1.7161467554620702	1.0147366078345386	0.9608478708548842	-0.6644497405477415	-1.217727807441006	0.6346147838249355	-0.7180521443744562	-0.07993124890965948	0.1718040313861467	-0.5506402460323754	-0.7142086606436292
DTXSID4023549	8.218856239631638	2.6820432768842517	0.6656268770022677	-2.5091133304575948	-4.427458342784133	1.6860348599105122	9.834324273832276	4.876401375332346	-3.5204701658902167	3.3773790612234915	-1.6170513289699306	-2.498140865716358	0.4086402280978762	0.5075804524724387	-0.5855074367503037	5.569225245541899	-3.232835780973244	-6.26701266011601	2.4433304332620676	0.4685209434020933	-6.186379903058356	3.529408011591216	1.77190228134694	1.6245071742603312	0.12230426164838666	2.891032624629082	0.3720055840342795	1.6710353516100866	-3.4141322519960466	-3.0295874415998174	0.5682649242661022	3.487181093048267	1.2365076216667275	-2.6536104923548596	-2.8431928703542706	1.4481992615206747	2.17148983313681	0.5508488170008469	-1.8643089321324384	-0.9321487299722865	1.1464702791155514	1.6955291628664757	-2.0799059469933914	3.560631432458747	-0.07167693884097218	3.450345522761932	-1.3972265664688486	2.208853226577959	1.8416434035863154	0.23844851355135854	-3.1861499445764974	-0.4793157416852247	-1.8617164032153612	-4.052091630411511	-4.58421150834732	-1.2553638872277544	-2.67419775181322	-0.07049722403254147	-2.9021220835557235	3.045423666807386	2.6604184657115604	1.384325011067016	2.189905281088404	7.849267941805288	4.456210548388236	-2.5684983433549764	-0.23864765948918418	-2.778917135312666	-3.722451351008805	-3.553354422942135	0.6771801247041978	0.382727537769225	-0.6367891415336718	0.5944674241712932	-0.6363127593225015	1.3023250558306338	-2.4204261964348572	-0.9165283247064006	3.2598652627049076	2.6066613895226642	-0.5404365543937193	1.1572351628601079	1.5052102909086402	1.7209557809546594	-2.203727928321846	0.794794603008588	-0.7665800788352243	-0.1878196387546109	-2.5211279424328197	1.5923882489461731	-0.10483300053785513	2.5156972795809684	-0.5184578900773017	0.7292659502602894	-0.27428221247272344	-2.985648197906674	1.0041194827173432	0.6812719765732395	-2.7595233444950575	-2.017649406114428
DTXSID5023243	-1.0994889428950436	-2.0295017638311887	3.0630228529104686	1.5115797066159349	0.45515763142914195	1.8178218518533884	-0.7174467852458596	-0.2653837580536604	-0.4503266443929685	-3.3729456929178006	-0.5167322952343214	-1.434565569409008	0.5768208198093434	3.150586083663797	-0.38056294498301424	-1.1305481262239165	-1.1768378724218749	1.1312549687035842	2.6221487076317462	0.29189648797204293	1.3321583225931992	-0.11156670938768595	0.8433910990302051	1.0847969058132925	-1.8803912567505918	1.2072752605264303	-1.4766943722455257	3.6464000427388608	2.077845492721064	-0.6743723243462241	-0.2081243273555743	-0.20099509611767022	-3.5538865479361457	3.774896947228295	1.8425532054639278	0.8563029622488222	6.538902049647871	-0.3587924374368448	-3.415767481824305	-0.9844369422165475	-0.8296089373258869	-2.534466870544561	-0.29593780685012616	3.6339905273260458	-0.840330691344	1.723390385361611	-1.3566359020390202	1.1039958294983923	1.9172119136812358	-1.2960396208289466	1.4303813712958355	-0.43726559588646663	-2.36615556006865	2.8902756808961834	2.6660750458866205	-1.6421057302424928	0.7228458618537441	-1.4098018229962548	1.3140749980509976	0.22993891918960133	-0.25688286826668594	0.8203546338320246	2.189918184496701	-0.6625840110237411	1.7146603868837946	-0.056579414617535774	0.5673901267801379	-0.8277794140758212	-0.686487248022216	0.9575067523922731	0.21498427650700397	1.2213354787697202	-0.07753705391588492	0.29468123910243654	0.6781597725928444	0.28430589378247006	-0.06288174294317905	-0.01608302459249785	0.5610145789223071	0.8592605155671446	0.03321570056134372	0.0824212490064544	0.2789850288578835	0.415932502525695	-0.5283336884062805	0.7331824660420678	0.06863564975825026	0.061370888417003715	0.6572383181132782	0.20507321587879937	-0.2913859404988375	-0.2325848974661294	-0.09674754265539766	-0.18445027626484295	-0.5484878659078127	0.7890194050376677	0.5649076897675409	-0.10913468736542672	-0.4274430661060295	0.09344734857738698
DTXSID5046015	3.3632560230523034	-1.1564612521014022	-3.9565383598136092	7.994540597313749	-3.085333502883604	-0.6811622963789208	1.508288931590543	5.766749240966532	-0.09926591461270941	-3.1726111679434	-3.991120840275797	3.0869933696855223	3.2489087097909275	1.0093728735605731	-3.346412893267931	3.2997742023599215	0.9235554750176487	-0.5094787807751779	-1.1375629488604113	-1.6367553470785277	-3.670136472402506	5.262143491918079	0.722126202888283	-0.5877939866013181	0.05496106574767847	-0.3423259380843441	-3.6620226049090445	-4.959861965582091	-1.5999417273401568	1.5843596743341033	-2.5562345174925714	-0.2500042726727127	2.392279188620123	2.2886537339729625	2.938615164267598	-4.196184199356275	-3.147744323678504	6.961770125265408	-0.425564004108243	-5.59607484631921	-4.747735124284384	4.56775771115372	5.770201228333026	8.52946333806875	-3.0825338845591848	-5.081483155868782	-1.0265585350893593	-1.1255161274764955	3.1700106597880637	-0.6439487829050207	-1.3966423205413787	2.30906931683809	-0.08459512535496949	-2.6278101332721993	0.12623592446878068	-1.2071889242434561	-1.4874923491623078	-1.8136802679618638	1.5649523174923927	2.0081684342886215	-2.0002601511832507	-0.7866187481207968	-0.772173571805364	-1.992522438938665	1.8533496116867876	2.6151080326345197	1.4895281179840658	0.5542239956001523	0.5807816363472357	0.7156545820447549	-0.9376527884161098	-0.6099227034181283	-0.252205899594391	-1.8783293339764287	-1.5440558952991743	0.9940798780649741	-0.3046667729758759	-0.22530996201683523	0.6374637245514571	-0.2876756640291134	0.6388329863959631	0.3843302982920233	-0.6240295400800521	0.4455184666548868	-3.423625022146863	0.08067662073315525	-1.2915827969444498	0.6015410072534351	-1.8297398179456072	0.5555305943434667	1.0996091970005961	1.0445255104371853	0.8332972604096639	-0.8501456174797827	0.8007029983796355	0.4144808050798206	0.46511503972644963	0.1937628938869578	0.3061249122369103	-0.6019641818612044
DTXSID0032572	4.845049946894979	6.220194682227028	-0.7080512198704846	0.061199796691688596	-1.5381344678346958	0.4050569634270291	-1.3187014453561539	-1.7096423043014393	2.3807632477568306	-0.0703634736409497	2.774486274570454	-0.08932545234811158	0.8106519958240835	2.620896970040457	1.3812748774578474	0.14814869484328946	0.2657692580633822	1.4604095551265686	-1.0511895047298103	1.0272552043975696	0.11805334771106342	-1.7279024280535884	-2.3655085359586625	-1.2448175434364857	1.3939915085682262	-2.073991886348893	0.652697699088209	-1.8828756712866526	0.09625877839315702	0.17539990953859583	1.451348284829236	1.9237183974461785	-0.8614144429005303	0.02247381684461582	-0.4021840121054714	-0.2944686280941733	0.6900453766754115	0.18977681146640238	0.560464969225051	0.074543877064835	-1.1689540029440337	-1.4836141710627173	0.5046326632970161	-0.3343567100760632	-0.20528940945453342	0.06408022404315361	2.479199007548838	1.4317629608741496	-0.42559696322352814	-1.790225372428939	0.4596998765346902	2.6257963719649755	0.6210085028291948	-0.7269556909291163	-1.1491931630053471	-1.7741704542245271	-1.0759889262856803	0.5509063526060175	-1.4566754836361702	-0.6174479114323133	-0.6822850748581953	0.8226262238513141	2.8233644609620474	0.1278476977164259	0.8818756294877464	0.1878897463136264	0.5164513273591655	-0.19268322161844859	-0.3065229900357722	0.262392073734929	-0.010668586740046029	-0.26107205656782145	-0.05629547325120416	-0.8618985689082623	0.35011902633205183	-0.2605581246342784	0.10881857589544902	0.2822874213394028	0.45960878319007503	-0.41994682743860723	0.26049624985084163	0.0345261264753337	0.2218191595405947	-0.2361212243917921	0.8314309751095078	0.020889223160053053	0.22755085294621583	0.01066157857622148	0.8096390778975782	-0.012279707091840581	0.9114666570732752	0.05971979543476254	0.1605529340776702	-0.20424735004365993	0.041839835359752955	0.13643690790900384	-0.3960299519021168	0.18784939344062632	0.16743807672393624	0.1264754323443554
DTXSID4034609	5.282757131889932	-8.117144341108624	-4.207795122365538	-1.879393909747024	-5.577452399223745	-4.760935869908565	-5.8711712880661455	-0.6694698717962198	0.19575182869018581	-3.1225232114672483	-3.7626965832246553	8.253875184802586	-4.17133464600015	-0.3907467330526458	2.8989874336333434	0.5535488420214761	-2.060934101328868	-3.1431576492741042	-0.20567721610626288	1.4009123814855344	-0.6105038880758649	0.8920477962092632	-0.5406931958355748	-2.834836479618506	-1.2417284078069855	1.2279368059398024	0.7562777487475278	0.830126077766477	-1.41269655723156	0.40414699294751266	-1.218601320337362	0.13535287379766667	0.17440391475406058	0.8838338536070559	-0.6860010132700469	1.8404853347950392	0.04418269997410282	0.014011644634358417	0.10517853860326527	0.6274825907053739	-1.5438097432126447	-0.11327055988027337	0.9593755245469707	-1.331166296092549	0.2115378166886543	1.1434828727268005	-0.19893383404222192	0.050481975685896324	0.015680871442384756	-1.5055014889223874	-0.5785759422797728	-0.8088894838802927	2.3940796180831	0.48929740493563806	-0.10340093398614907	-0.6161938102741904	0.7103006747129501	-0.14734371622309456	0.4300426646835567	0.5439824120436322	-0.8966945087578223	1.1533053216215927	1.0092885879162308	0.024499587489627786	-0.14682657407324898	1.0318593762454324	-0.5615080810349721	0.9417372979110442	-1.0206202229540826	0.7943438188589059	0.15296873777536402	-0.3195476589920464	0.3024009691241721	-0.07309583389108794	-1.4875476116236837	-0.16553773601615618	-1.2028437910740122	-0.20821119806190283	0.776495914726164	-0.41889499433494143	0.48917101805984264	0.39669832294730045	-0.7602100491045015	-0.053133755125859744	0.09760230587922614	0.12683189345814613	-0.9532028660805627	-1.694279424120422	-1.126346098899089	-0.125582486090024	0.3957250327777745	-1.1075087437116253	-0.2362615132745638	0.3509315107019105	0.2308635022627287	0.012908079082464401	-0.34024075640244755	1.3511699897240437	0.350868650421994	-0.5023166819111559
DTXSID0023955	7.628275628037987	-7.084696396791739	-6.226343526682839	1.4489325993009143	-2.818516730203645	2.9966503846033747	1.036102053780745	0.27255249201265036	0.10193501766416192	-5.566336709530482	0.1574776595616124	-0.7564990015664592	-2.8507562330972367	-4.922945830664801	-2.6546117669309357	-3.6377956117801835	0.41799513959168066	3.784351211999627	0.6469864237743218	0.19045502902303638	3.175893072308598	5.891883094646814	3.432438898553876	-1.875675981649171	2.9421701054414084	-1.9893148970585408	0.704377025441805	-1.8903526487870181	-2.0548646472304455	-1.4604030206404235	1.6405508123973647	4.236052956724323	-1.1468749078116591	0.07204053440811159	0.36915234709141703	0.29292336938720304	0.0906514202132333	-2.383270254311173	2.9894858875764614	-0.3831819504768243	0.5919521713195965	-0.190608936721363	0.41876880706206754	-0.23561979138113817	-0.5474455146642873	-3.057426474092968	-0.9055457577812156	-0.27027914638097394	-2.1273575494531656	1.2350441940511818	1.4618053856759914	0.6877642616169753	-2.364437751624934	0.9723322767093593	0.9624024281055057	-1.704537737936149	1.4390979292168988	0.4632516338643805	-2.997401688965835	-0.8235222139764816	2.22227837074624	3.4108204911016022	1.5762568657190115	0.3851964162415477	0.5119442037582814	-1.5432271375381987	0.2591242674107866	-1.14724504583831	2.9159017705959545	0.5666218675495831	-1.1410831802227435	-2.51741524229019	-5.147501305495369	3.762642385263934	-3.113096773782117	-2.679934077258623	2.215057151505332	3.103006754248467	1.201121871300225	-0.6642740987988429	-0.9499031976250367	0.7565653498464466	-0.10613108161839839	4.117726010013212	-4.1830692380186285	-3.244277515888683	0.15521519761478025	-1.5417218560431765	1.4232220026632503	-0.9535855917060982	1.040684839967416	-0.5059853606066165	-0.8031984972004448	-0.5868115966798039	1.60684653980915	0.27321192582357073	-1.4247122142730861	-1.3925859698928882	-0.17592842887940002	-0.4138846147469585
DTXSID6034764	8.821946869642918	-7.955851557586052	-8.248722297176643	2.155985605169458	-3.6462541432247884	2.8695795335392633	4.486303872890197	4.049505434138616	0.4112507380033866	-7.302887405999228	-1.2976151683320734	-0.7311479229551106	-3.074104221331031	-6.097661205220214	-2.155931432724333	-2.827008805965343	1.8714764916078717	1.7297765866712662	-0.22965420956726262	-2.0378266717194533	4.477336843403897	3.607050815129127	2.5691908479320578	-4.4766417676193955	4.708455097312128	-0.5967653091709167	3.8375583125406436	-1.1708145071465874	-3.435998580777857	-2.6300182801876257	1.6935206171631385	5.098215159197481	-1.8500628957362617	-1.3322023383140797	0.8697152515285737	0.7995778119616822	-0.3986051528540933	-1.4874585861951148	1.9658530763741702	0.411041495071545	1.4075136376954458	1.540042746734273	-1.268962855037643	2.5553304163554382	-1.55960038852707	-1.3371717534501184	-1.899053120180536	2.279922173086935	-0.8478725128023459	1.8287797248623447	2.852446642920918	0.36157040020148634	-4.220839758799032	-0.8651566195049875	0.9377336566411256	-1.1961802345532793	2.560005230241501	3.2636748027318974	-2.9846366270817617	-0.7655989527117221	0.8934223047145784	4.743564548577469	1.4524153654313845	2.2827291964289262	0.12327195815763499	-0.9567350614893888	0.40830730014963795	0.42125792358440706	2.7625807835135117	1.0255489667038398	-1.8729463149233223	-2.053047910675134	-5.226422834803623	2.586971727152929	-3.89383219787404	-2.9847680780806987	1.9411701886197295	3.851944478679018	1.9204849635268646	-1.1423656046229937	-1.254090251642767	-0.42933236755343984	-0.18633996290386895	3.7040352831111525	-3.288742490859142	-3.289969432028741	0.9315621087017917	-1.9594388395006537	0.5992734468219343	-0.4863279278338031	0.7190469621226042	-0.6622770485304443	-0.2203815454767361	-0.38012758868418567	0.7864910250150136	-0.2524316011327162	-1.9258779262864736	-1.315182114625761	0.117166334051646	-0.031449601962855414
DTXSID4034601	3.19871468395743	3.1942767780947565	0.44915504741336876	-4.14444441452473	2.3285607263614923	1.6528167162349645	3.6258717952555886	0.7469601087124812	0.39722282019528454	0.6358329890228299	0.5908269574555861	0.04716328591862572	-0.33690166204040867	0.3869407220544785	-0.04974376670015503	-0.07950240508011472	-1.6447374674040394	-1.8628845181629763	-0.48809139373322064	0.23593193025635237	-2.9930546206692545	-0.32943933000106784	2.687138052816865	-0.5039468147059073	-2.949533903426984	3.6077537761839538	3.5871767142053286	-1.9970657129517053	-1.2416615593932048	2.625748159412708	3.6546589796867996	-1.594795699609394	-0.9621599498336	1.90278811983194	4.509831117432105	0.7992051876567424	-0.9990267532896489	0.9045332839143481	-0.3809147069271776	2.5171553854813333	-3.043893707390821	-3.0698292985717557	-0.45303939252592373	-1.0103814672917464	-4.344343283665224	-0.7254780869960555	0.8779606502869647	1.850593516558115	-0.22773182975719197	4.119915763258752	0.8143457949437435	1.188646229308026	1.950258911204754	1.585025568352461	-1.0201719231692077	0.7932624630302684	-0.8754021316739617	-0.6117761586298002	-1.7371703540323495	1.6793144758525111	-0.3638017803459998	0.11456037547283379	0.35521740884779596	-1.0102805894694111	0.09277433056065582	-0.7105310391498089	-0.510289605031633	-0.44058741140859536	0.5599765110486462	0.6887690957090247	0.7290703627988646	-0.7831643835813815	0.24776918215003457	0.6668331758545487	0.4140605026665828	0.18849604747884033	-0.18041492031133613	-0.3287806764603115	0.27324642999511023	0.12059828507206088	-0.24657081752372714	0.22608970238334114	0.21713291869824602	0.24380322709592225	-0.19437356528764899	0.7313644849067753	0.17405556456816332	0.44490372883357726	-0.27808428015326814	0.565853804274142	-0.17159380675861366	-0.4511374505541407	0.2118017118656331	-0.0757989602007914	-0.18940854602609186	-0.1650057975551682	0.1945952232448482	-0.027691247586855747	-0.04866151491569691	-0.10424253457063856
DTXSID5020029	-10.345414217759464	2.3965753547417243	-2.0958990456284607	1.2897682849149121	-2.225146748499863	-1.8150041128165686	0.7587641415888083	-1.0993353164541404	0.7337100047253805	-0.2902171741972914	-0.6497230447932424	1.970716585741812	1.3629239566571405	1.4343011414160807	3.568580899763825	1.1194653253746372	-2.7055572056603783	-0.4770543596162768	0.005494890417818837	-1.3761247054232888	0.43330987348015243	1.547266470344215	1.3478427185096595	-2.170693535562988	-0.3710615850302708	-1.052048269253692	0.3526938368593853	0.823725050025325	0.06775300571862017	0.3906369915411075	0.08534546441823819	1.047380948309823	-0.20278890197334032	0.2773629258838143	0.09575744025649306	0.6336871402526824	-0.8584360813339158	-0.0807931941350588	-0.3141250899421591	-0.7890074134410119	-0.09703370564378959	-0.3174056600400738	0.08663336254759472	-0.13325221044782967	0.8199504140067112	0.1498662313083724	0.21951078991901438	-0.22481665541094006	-0.48738886254906233	-0.21290516208514404	1.0317897194014733	-0.8259133991385229	-0.4688561517237433	-0.12973126517466582	-1.3224196953009477	-0.7929157038575108	-0.47328423579068635	-0.4025610967928241	0.1761930362020994	1.1180253073008437	0.0531296597194576	0.5097652923172667	0.00696352757434966	0.051452856731516776	-0.2558582440778753	-0.7583733343216182	-0.343226715410671	-0.47647267150020856	0.1960648726933464	1.0702121604227544	-0.08514919580780438	0.13314182760863788	0.5480016138527878	0.28686248171377077	0.36600311358903886	-0.2208461509665533	0.20892676436830898	0.22013835077072466	-0.15415103779238074	-0.05851603651035996	-0.373206722152975	-0.3236961062364828	-0.5774280252151339	-0.04865263037707891	0.13951546692191186	-0.3519112864522574	0.802801969847143	-0.32657845975191796	0.28751347805959154	0.2505177969419579	0.032982105947950445	-0.16696275905151728	0.03955734661514189	0.3308102923667452	0.1289200214609702	0.09909603929369061	0.33104727395333194	0.2732750641768491	0.04382847265247572	0.09306611401088527
DTXSID0033334	29.81640335275598	14.54121275263679	1.88293310353	3.286119255048239	-2.050310397346583	-2.976854423058056	0.5093651244379587	5.492115512128318	-3.3338128795981414	4.375399370464203	-0.02308298835559199	2.6255968498135926	-3.5377963642517045	1.2513462337770025	-1.1563646305836628	2.451627119086244	-3.3830482098993477	-3.333712607007735	1.2621067093064315	4.558693921121518	-7.618023048846665	7.093249851672243	6.631290581180795	0.8115086790396989	-6.322751785392109	6.878205938374721	-1.5911701563203515	-2.285290840207214	0.8117337039709968	-5.70114710623636	-3.3481002770601975	-6.934557659267163	3.0482859114516296	-1.619443563447216	-5.222859871206797	-0.04267416471794699	2.7596812306281593	-2.3783159407907415	0.8993134453088195	-9.63019667930207	5.080399364692711	8.10454010212096	0.6147513331580884	2.5131106740217874	-8.440753911811811	-0.33874995240271716	-3.7392048340630013	3.8542653537666185	-1.695549015621697	0.5943768946051984	4.9753258723217755	-4.957154970990851	1.5150854507606961	1.476771935534129	-3.867570566999101	-2.5411098227797027	-0.7780031659707629	2.9283672132914824	-0.09837388431304983	-1.4395979900142148	-5.28628725341338	-3.05010549518944	2.491175336319057	-3.4784105199355304	3.206290895682019	0.781320448190463	2.8759149261668755	0.7124764019516017	6.97292789469785	-1.4744416798475082	1.8995047541855272	-0.9045292280808818	2.9120192522700195	0.6822241414239019	-1.344409922301359	0.3358184775663754	4.1847515319752295	-0.8217207932066904	-3.009936032724251	0.8326825965993285	-1.6776613247046899	0.1430882674820915	-3.7886915847721356	-0.870792998597584	0.15076056798203516	-2.523050643500769	-0.057691680334992654	-0.3278504193786625	-1.1873718698063709	-0.05303374414739615	-1.2453252823955163	1.7813846230716335	1.7020888977455246	1.6574694582360847	2.9089487615212075	2.277822911684287	-1.7310643449740244	-0.7576748160871288	2.9701652358703763	1.17614915560434
DTXSID7025556	-7.018514903987027	0.36234997002664737	-4.660162205357199	-0.15001868639373497	-1.1206093638883006	-1.017498732469486	-1.9611104463205544	-1.8041528307066834	-0.8984084527041284	0.7191091225607382	-0.6288843940346339	3.0206065848977883	-0.44781538785551644	0.4355648125633941	1.0700199011088656	-1.5233710837396228	0.4729220658566339	-2.2556988565107936	1.1281379501399915	0.5479464321211606	-0.7736259960678679	-0.3346753747820011	-0.4736049794879201	-0.06661208908837692	-0.43109483932079773	2.125027091915772	0.3371602208185038	-0.4789937654910241	-1.7787193869279212	-0.5597041354723701	0.7931445769152374	0.712182302252101	-0.2991669837432006	0.42235280145548254	0.028828180200881195	0.6270639771660833	0.5190542027977094	0.5854397426856491	0.06033782552784826	0.7932206215261078	-0.6085872350548608	0.725173393741707	-0.06134112730869821	0.13542531951697065	0.4120398144994914	-0.16296209966502712	-0.6201673667850066	-0.18496662411618384	0.027617927929807638	-0.8362938313759091	-0.448661257703038	-0.9021808256830389	0.06942095886184965	0.08236386331840986	0.7616170977532695	-0.5742583022116278	0.0583866260894944	-0.08574685172694133	-0.05461743487544734	-0.7560933684806763	-0.23560440108854197	-0.04219108469278156	0.27527496409080277	0.9089366352400693	0.2711857672498358	-0.08173344999321916	-0.3491784367287031	1.550362940502747	0.30963504018796195	-0.4959613867802416	-0.18386443850016904	-1.1784949625524286	1.296095135241429	-0.14207561035304234	-1.5334604481867125	-0.009754498759165724	-0.7439430097247627	-0.36987177512246827	-0.023393132939427966	-0.5735144370303277	0.47058890050349367	-0.34443057863474974	-0.3559898469228945	-0.09755309331084049	0.004229061818600186	-0.4987297526121025	-0.8537711796895211	0.4147170004678547	-0.11948968237356852	-0.37818869247629977	0.23580260770894182	0.8668828906290672	-0.8281003946357208	0.0033153755829984006	-0.2301150638103415	0.22196712737661692	0.023091078755376096	-0.41753767792851804	-0.05282733967335877	0.2177585989959965
DTXSID7045863	8.440277594758003	-2.9304213045379646	2.58269495180013	-0.025017007869509823	4.240686077596607	2.5946426603248858	3.2831672746272558	0.13116907499883745	-3.4724233626468406	-3.928327159446342	-5.965858059917388	-6.754116092927448	1.9161783582155352	7.581546032287427	-1.2856326639130973	0.16002884548278312	-3.9983867390235734	-4.529430926643008	4.332130722708734	2.131900569203889	-1.8624300349076977	0.5366514532922426	2.7640678196143664	-0.0783887780881279	-1.3461212062792987	0.6440660706773936	-1.5446258101298806	2.6066343969569097	-2.027338526061665	-1.5524522241218572	1.0968473935346683	1.5714925285025552	-0.8145929635847702	-0.11088221770461401	-2.6362156460360815	2.1995251586214826	-0.4410285367938022	0.7981905925173877	0.0173147384087877	0.521084748809264	0.27364646996654435	1.165855538041926	-0.9980733141831881	-0.06160997621727793	1.3188625951249502	0.9969496324593934	1.2079853750455471	-2.5194993563424872	-0.36155775366710063	-0.18755715421293112	-1.9694432810614642	1.7696906761751394	0.6500822057352519	-0.8561047855331614	0.930493513486294	0.6431073640791686	-0.5665624490096852	0.07281492839014327	-1.6936795275157246	1.8006973575921643	-0.22281971356262528	0.22930817550042515	0.987917516737344	1.6745293657308533	0.682488516261848	1.177700258140764	-0.6831260370555259	-1.2891429317313925	0.1421183268929117	0.43198444519916024	-0.6104221805152247	0.173838488396623	0.9901883628874516	0.8032239548869422	-0.44652110830233704	-1.1979788007032002	-0.9075952516332259	0.17477205377493535	1.131206149990115	-1.2017491305683952	-1.2365229644759599	1.385863052547319	2.037879327200781	-0.8769228637499303	-1.081539789168225	0.1315153009666987	-0.03592780984290493	1.0701000355462673	0.8519032746528997	0.2738184816800917	-0.04143622709152505	-1.6416126831774427	0.14868694811106573	0.36768681980727025	-0.06744739921595024	-0.22609371028231687	-0.6683706483893976	-0.3445005612391464	0.30950406500203226	0.13147142806541476
DTXSID9029691	-2.763822443591119	-2.4649400353255695	-6.209344965494369	4.775314732340119	4.382694801381582	-1.441223895991325	-2.1591766066391056	1.78394752482046	0.14006926104282064	-2.9960382760438833	-0.8795238098079768	2.4015998756262245	-1.2362377926994925	-3.1460329014179207	-1.8450572350462215	2.6455223696270966	-0.1530069739236387	-2.6074189631665257	-1.9128387855562972	1.5586802070567338	0.7099011476915233	0.8602146135111448	2.5543693281046385	0.629114274105569	0.5286397968187383	-2.526893326066181	4.628642301362625	-4.723349349898534	6.502466126437174	2.36997568425358	-2.5550430700285363	2.2186052709600874	-1.7488534458408116	0.741078975664289	-5.429272127792637	0.14887938483171484	4.285951071374879	0.8022694515978747	2.5139112740153986	-0.2768709234156243	-1.7205550334182071	2.124229768633653	0.6772895516443296	-0.007444318158505224	-0.05548190071327089	0.41243179785374295	-0.9855690707958396	0.10811907234939722	2.197899958191719	-0.9859971869396423	-1.5578675237814783	1.7102295308957443	-0.6908206382358958	4.127129848903051	-2.0296301993053634	1.3266041181465116	1.7905954242015614	-2.745688362596584	-3.2936814049650383	2.9170441011203314	5.841757260076202	-4.484085796229302	2.2978838777876516	3.366046435411619	-5.093277110691422	-0.12459081257725248	3.729327057250522	-0.0797644929307657	8.040776262566489	4.379823299605765	-3.8829192115387223	1.9372311494668923	-0.6816224748841165	1.691143936189105	-0.7142258295064078	0.9806944391858337	-2.837892621444123	-1.5386978936816005	1.195987285075544	1.318435467032286	0.22583355092846272	2.1852242531668518	-3.1746889512072705	-2.7426614574643264	-0.5183929851656145	0.7528496366001537	0.2969591148524806	1.7336342064289323	1.3151231501107967	-1.6790440033542262	1.264698799967172	0.7125265703369182	-1.0067467289993735	1.5946594373090295	3.2918360668523374	0.25920330397787383	-1.5167957353715935	1.2829664576126936	-2.3920001277179885	-1.8471620775097717
DTXSID9021689	-5.097647234726848	4.862230644167716	-1.147839617706833	-2.5479465033554765	6.525704210639029	0.8357641635210477	0.5937088336117297	-2.1504635954514524	-0.7462419738130157	-0.5290518904089501	-3.0332354325304007	2.2508377604367706	-1.469915187997038	-1.349100920070143	-0.5325628800129131	2.0271045657212565	1.2966328923612027	1.378124779715704	0.016460018920007088	0.5398780918244688	0.6656508855858064	-0.47754545857649255	-0.2606986732282838	-1.2772897899055289	0.5764824948037289	-0.19698704835097344	-1.2297202014661357	0.871187715704398	-0.3463031411461556	-0.34988186501451335	0.2193137039123094	-0.9331576327582546	-0.029837493458200283	-0.1976749774455154	0.5810311072311707	1.0348786193102952	-0.34480993372388047	-0.22693565073383115	-0.39465365913728245	0.2865780127325555	0.23840059548060524	0.41253483746310127	-0.5792218329905725	0.34238641759755584	-0.42581691747610595	-0.8311310115974008	0.6098653629106139	0.3004434245934509	-0.17538688324565235	-0.8028842862757269	-0.008966885467138964	0.39320713120279877	-0.2916890577022733	0.29090986785662953	0.10048613805037983	-0.016905368149254495	-0.30467737475241496	0.09259271132725184	-0.9839204521483385	-0.0399917612899824	-0.1417212671361924	0.004558560950729514	-0.3587247394574903	-0.013948143144032102	0.33171623386185667	-0.3793644987768363	-0.27714946227560294	0.5218562671300522	-0.5565613843728779	-0.4078804091829211	0.4230601940744863	0.20102884709110203	-0.17918541324212794	0.18207668102688934	-0.5245866831044911	0.24275494457110583	0.06886943717324107	0.22640605669050828	-0.13348001997440326	-0.09940810157805724	-0.34094354405056226	0.5079537845009158	0.11116191747423389	0.0902629103563004	0.4150734773647408	0.3477105667085778	0.08858396616902768	0.09339383079041862	-0.15114350324799034	0.03969081005170297	-0.2655659278472776	-0.3634060695486482	-0.4622635222982461	-0.3502087408046881	0.21176742710438604	0.05394731051356653	-0.11768841052314004	0.10837789861578051	-0.0004945333703543894	-0.11969041528994266
DTXSID1049279	-4.227657103432532	-0.6615224354139918	-1.8482661570527865	-0.5885056645514303	-0.30839956133771074	-1.1369091655787908	-1.1347390895294247	-0.5646313734095009	-0.1585651806285252	-1.3926438107101542	-1.3646215822894898	1.8371150150484532	0.2099791489700641	-1.742020595982308	-0.20654527700918154	0.21509477726686813	-1.6516948151875814	-0.18955593631781195	0.8869065317316446	2.06008300138293	-0.6620298167799699	0.6848263088481982	-2.5813318079073144	-1.6179779190111614	2.5404529489859438	2.7393312779120778	2.172010295375841	-0.5272109971532294	-0.014274882825389268	0.48958517004601715	0.3102507340228455	0.6901090498210655	0.09620931030702885	0.06726804809917829	-0.8392293175299765	0.7077765172939431	-0.5755510841571649	1.7008521554576963	-1.122582943348407	0.3434007119889873	0.7585161523438149	0.40342115386092386	-2.214901338675594	2.052916269529602	0.13295076128179883	1.8966297818241018	-1.4787622351212775	3.15271757677138	1.6727344439141587	-0.5907868269190772	1.118350172875467	0.6573075511674222	-1.3738806541299269	-1.8802538979372059	-1.3971737742961583	0.6582946308615544	1.9068349666554036	0.5992164439177513	-1.589392716558161	1.2732721200878623	-0.6665782357824259	-0.27297233227436546	-0.9289810193909491	0.928445313545582	1.1617865925892141	-0.17407328069127276	-1.0791477868000536	0.10841467736960775	0.5846740956292662	1.1339320287965475	0.23382120050533112	1.7043806191134885	-0.30556260662673174	0.5733160289176001	-0.6478584918506246	0.20269450701601757	-0.1607514327020531	-0.05631823539010501	0.5233289895855157	-1.0221890881205307	-0.8534399992916599	0.8351557112589749	-0.005376754456560968	-1.2480701791030124	-0.2763250789261541	0.22045003813581332	-0.2657661945436943	-0.20187014834985625	-0.1875915061213512	-0.13500675550175983	-0.5154127510669133	0.22054434140762308	-1.004102711267321	0.6831792399015943	0.7100999866209584	0.5826946038292835	-0.518324481286241	0.40421881176227403	-0.11035942113926166	0.35732215441971155
DTXSID1046429	10.787043437808139	-2.632083212896077	-1.8771514411907602	-0.45065164517946704	2.7834209681806708	2.401995824247957	0.714213387254019	-3.1124373532656806	2.171179482948786	-0.5582082587948732	4.532728280858564	1.2903517654834447	0.6901646185375275	1.8615006827131526	-1.435697127762216	-0.887939050878927	-0.6627264095320454	2.8175826640382367	-1.0736425358647075	2.287834307124597	-1.1881138425756772	1.5284150507944911	0.9464901750423924	-0.049758315552605355	1.0343026956192551	0.8615243067675021	-0.6222599444386522	1.0916133120537568	1.0578674982033403	-0.19228983558358942	-1.0152314684417187	-0.14276263080714016	1.0052523153945885	1.2456242386559089	0.4954162592902275	-1.1362281772682914	1.1787375644704596	-1.0777723916150088	0.6412066356395086	-2.0080058468743243	0.20422183374654185	-0.6655043022383511	0.09760183904160434	-1.1857080539564047	0.5875956699116394	0.21312182074019934	1.0581934260710655	-0.2119466133273251	-0.07407175449476064	1.624871270988052	-0.014688695334715705	1.399239595673497	-0.6323055067460583	-2.352894532337097	0.01870961019668833	0.09595908361542553	-2.3529303800961143	0.5452287645806317	-0.6759294217690733	1.0688556491964156	0.6231508603942792	-0.05755077954906223	-1.2067994182228008	-0.5047346531038776	-2.1895586699414786	-0.32514753028752946	-0.07216531547783903	-0.920550856560343	-0.3816287955554917	1.439389127861546	-1.2137439598407673	1.630972012110287	0.34250381946014563	-0.7034165602829002	-0.46300167425213506	-2.6788958069926845	-0.7080301190642011	0.4586133597334982	0.927468236669617	-0.1564585436377585	0.37907721598339983	1.228367282173386	0.5033230520451022	0.17970167658382744	0.23720013121724678	-0.7329552568977906	-0.5947310406600241	0.018970016158586882	0.9359245990916416	-0.5558135568764351	0.6052576001559278	-0.8998785812092085	-0.3857205960337362	0.061437903783825264	-0.5383926350521118	-0.8492545643067367	1.259948249548078	0.10606853822801468	-0.7631324879433091	0.2199255666664561
DTXSID1033163	1.5083999470614748	-4.752711231866692	1.2542572663150526	6.244085554136846	-0.2875453580747406	-1.0448854354027193	0.09182196004069161	-1.02068136652012	6.113432397601795	-2.0722020583482124	-5.821767840565554	-4.715260924106763	-1.7814595398292374	1.5008082468589459	1.9701698549897284	0.6909326462673585	0.6444438876905578	-0.9724169938053097	-0.1596647600029759	3.3411375385789546	1.9006460114747379	0.5512853022298458	1.2079639393246568	1.3648685006618473	-2.2119127246853645	0.9762722978642984	-1.7518414273115301	5.915257502007261	4.199284266095793	-2.3708104281337334	2.867634184237769	0.9130302578041093	-1.6157517700444102	2.0986861409579425	2.50272283960382	-1.2197812848274792	6.174689128895391	0.14920744567890068	-1.2357523217308772	-0.6616956957488519	-0.9923844468987293	-1.6067611142576828	-0.5205777762170204	2.403462871336701	-1.6787258272658294	0.4052377014712646	-1.8192247561096704	2.7393004901391813	1.2367803769608299	-2.167858028810742	2.8283467976545613	0.35116277701062937	-2.3738531757757735	3.1972786265149433	3.402948356524012	-2.0413394666970053	0.5889473945658258	-1.4452614743303616	0.37935024570091436	0.43872210233130804	-0.5418494938399722	1.5226767750596553	1.3754468647989264	-1.5892091126904195	1.1027675889404718	1.106240897060565	0.23662440923354636	-1.0596969782356624	-0.616053085631941	0.2872782876679403	-0.5726799924028565	-0.006140124338712384	-0.22163261650483812	-0.30305069994077033	0.5196750297259751	0.7970732481969384	-2.306591321971343	0.4155498014854415	0.48407830687010517	-0.14854285554824298	0.008615797455099102	-0.004069582887255804	0.26476690649678447	0.3618325474237462	-0.3218199156153665	0.8285710617176565	0.6186331700738658	-0.12705255297794601	-0.25609936105687003	-0.10140488864594394	-0.5871207213664578	0.035413819199105176	-0.11196661700451412	0.4879440943545007	-0.9770882737658556	0.3970266639854528	0.6833051227875129	0.2750520004951964	-0.027986584503224055	-0.18794773990717178
DTXSID2057813	1.019679718050447	-1.2696379932052129	-3.220181548406574	-1.1783791809694177	-2.2193651624556234	4.370797996429632	4.253926610981895	0.7039820722728732	-1.6116589879499994	-0.20475021363488038	-0.8282875975495331	-1.1183742162252786	2.1518574648214437	0.4688022428995103	0.07431121643330706	-0.5311260814133036	0.554882240901799	-2.7910999080532752	1.442859946933967	-2.4514803145346904	-0.2674510763391164	0.3581749618037182	-0.383735020071393	1.9436053700083684	-0.44299645566533197	-0.20114724267459547	1.0944584991631705	-0.7472074275924937	-0.6279321263688371	0.7400397256123017	-0.8668552007774025	0.7699703136669712	-0.23700075882468388	1.6898454373275609	0.29304318388884737	-1.8010735859234124	-1.4234654832387663	0.48590716083015945	0.45023829625746087	-0.08677877354103584	1.3777984457391939	-0.5519173013433774	-0.7095083861895899	-1.331294764163262	1.3772566652598666	0.7098762146667892	-1.1607481845039078	1.0032046618939838	-2.539308621524212	0.22871550868754784	2.6742318400667484	-1.0106012114972094	-0.6259557641926129	1.9902349750050934	-0.45533221688783226	-0.1438354950438529	-0.37887923394185846	-0.9584700800980644	0.8491938796624077	-1.6657992542289959	-0.5891029786822896	-0.21920492747875958	0.11576902952626941	-2.17806196424835	1.0938483594371284	0.7574175248341545	-0.2144482616970002	1.176680086324506	-1.4054540044695476	-1.619957199774162	0.3108784280094611	1.0767988877478287	-1.0433294961274289	-1.3219622800662167	-1.394070053790824	-0.2571279816637705	0.9054331291076512	0.7840769270358304	0.8712557097271546	1.0364623013828171	-0.054629259132960455	1.0708325458503172	-0.35617912298636917	-0.9618328385868518	0.14085282416725764	1.0404714794618892	-0.03928566173496455	-0.22287185050348787	0.20867447302569753	-0.08869030539223553	0.9720332863264903	1.079540961266857	0.43188067119508533	0.03530247117749834	0.2622121631275523	-0.02522167717700883	-0.5337763840147164	-0.3724734595146731	-0.876858066471309	-0.2510258709326798
DTXSID3029362	11.776071237103407	-0.7364102619442711	-5.657108227882701	-6.503760025173151	9.869576769287448	-0.7387836955780134	-2.377461763731249	2.5251945579668242	1.0943458313966707	3.3436222482748446	1.5855218180252315	-1.7099802899843735	-3.2271153694797046	-0.3996567275123311	-2.2771800164323976	-3.433286559442965	-1.630766941161919	-1.9888182555942209	-2.2982442313938303	-3.5150276694670173	-0.8099351537533384	-1.052957633849772	-1.8837186919559914	2.453657175178372	0.19054297493114908	-1.399241294337647	-0.8825728195482189	2.7342941522986037	-0.6514545042855887	0.8202975142264175	-1.9746435356968897	-0.29051299475051684	0.1632148442538315	1.691209501556365	2.4248111464925777	0.7847240508616161	-1.098919882286342	0.9361624145530144	-1.2974889191983623	0.7720159750151884	1.1025271221794732	1.6097990893849514	-0.22713740963632806	-1.5347705974287646	0.41133127541180475	1.0751812932287015	-1.6177666436974445	0.2292872369333302	0.29014803396001193	0.5171900381845433	2.4666469458771125	-0.24340098287730916	1.8251558700144814	-1.975827013314577	-0.472777723315147	-1.606430476978121	1.034810530328879	-2.160186501490666	0.44104690975756533	-1.44699633103896	1.2246506042370373	-1.8220391449390179	1.0377571511711592	-1.099034707105744	1.7673970926236793	1.2022613680920191	-0.5505408929902552	-0.6342013445191635	-0.9959215685652789	1.8921021978198491	-0.9923212381941423	0.3805246677940949	0.6918101894831241	0.7619606309646355	1.07452183937542	0.08026888197178228	0.5375946812817688	0.7902129673974113	-0.2518088594070093	-0.41635051217078717	1.0342493821164673	1.8652378643120977	-2.584771418252849	-1.7897370126100027	0.10450861391238958	-2.581309682740774	-0.03809670998573135	-0.5670127991691484	-0.2741936905249971	-0.31650589235011956	0.9112818058744542	-0.11292133580002996	-1.1736193797311356	1.4574275619505876	-1.0201187661624898	-0.5089088849732302	-1.084653827228586	-1.0514776518302293	0.1969982089276537	-0.40335059184755084
DTXSID5049233	-0.2787965083242662	-1.6167795450012066	-4.052109650012104	-1.1171860295283353	-1.7496351729486455	-2.4460350791981424	-0.5432640480718519	-0.6942227940723418	1.9456450254029298	-3.806028307516258	-1.9043463318022258	2.825486987477033	0.2146030098876892	-3.1875382927589224	-0.18807910282244086	-1.7164966919936173	-1.7018135491974216	-0.9205037458610654	0.9168064996433528	3.508567063534143	-1.1468504778274542	1.2327056475552973	-1.6381867095991958	-1.258225659322618	0.30057832920895483	1.754010092423939	-0.4605100403603168	-2.2786682222678962	0.7561486483780648	0.7042329075506891	-0.893415445242941	2.8973996633321066	0.8698257569173526	5.1022057679577895	1.702329129375969	-1.5272910281802032	-4.268537978899308	6.96851451280776	-0.05106977110869503	-3.328885810366421	-5.416642267095587	5.185698299087428	6.047470897067679	7.9031372582799815	-0.19069096417864453	-4.324260627766138	-1.8078717363403358	-2.5287338165004893	1.5283791003681817	-1.7721313989790033	-1.6097624689458436	1.3760559545246136	0.6944845426941606	-0.9211646478790719	-1.8020470785910767	-0.9534685176741945	-0.7086776654936857	-1.060669652563605	0.9944826059387533	1.6294641357798074	-0.9982493505704843	1.163885481523337	0.2309752648057877	-0.9663642869955743	1.0086877334716764	1.1091368736697258	-0.4274751092586096	2.506253327979939	-0.3390386964574362	2.2006949269829077	-1.5971289372244006	-0.6124022201654754	-0.06745985721417064	-1.463971827902239	-0.7809207494420627	1.1283775053280005	-0.8286150807192353	-0.5541638665650871	1.6259190849072611	0.2914072140053339	0.014779821238851205	1.5483843844228917	-0.658460670091071	0.3799722956879286	-1.3842104898814667	-0.2456174015409026	-1.4272329021487746	-0.5368941174043774	-1.5885089620237214	0.21090638114461355	-0.8190419975989541	-0.7755161531597812	0.5361328452417663	-1.288931737415015	1.5170463633758229	1.3134188399185847	-0.0726216579574449	1.2791103401438915	-0.8784449329992644	-0.03752794153921193
DTXSID3046326	8.396709974318071	3.8934366806949394	-0.5248614016563088	-3.3831544944648897	-0.5139511147582001	3.516310267600626	6.319108623909348	1.2147765553317045	-0.9752284768888797	0.9038052354612567	-0.4065301753832343	-2.099700882318931	-0.008823360698644847	0.9669012591501003	-0.6226251288279474	1.4843191870707668	-2.0213666285067924	-3.8570614110795365	1.0324617397147768	0.09710502775098223	-3.788899153160199	1.3210375529445215	2.243694891284423	0.4163671841277083	-0.9748104392465072	1.397190041184977	0.7410870487339166	-0.041764820547972606	-2.2197862293860755	-1.4861645845939166	-1.4602666612336825	-0.18655263524835058	1.6664906379039675	0.1332588086930207	-3.1448997083042216	-1.618360528488708	1.563600381587788	-0.22269149589763285	0.49904137635332174	-1.6361279761199354	1.4703569073515157	2.491368015121947	-0.9995082853468729	0.7940260650962673	-1.2739694436985067	0.3809124938541177	0.4626314153452973	-0.40695867865929336	-2.5071636872038185	-1.0430715176428267	2.5651584047392073	-2.5848105087809428	1.0556663534550734	3.6235936480888276	-0.20949866597043407	0.9594923896767418	-0.47072225142625645	2.838728710538787	-0.4657376821761481	-2.310860839500071	-2.2261616657444883	1.194150757712844	-0.2890361375865294	-3.5947066258952325	0.16306250606660777	2.5361410627528267	-0.48374316186806504	1.1548363626688583	1.0480236148767557	0.6067998989354537	0.5356916631613828	2.443872993173597	-0.3645770478380534	0.05611429662269119	-1.0259051474664183	-0.7388899131581574	0.49325953080979795	-0.09487243137056765	0.050950327323636066	0.6231647230615749	1.1798670429592117	0.8500640827730618	-1.458370856701562	-1.6419506931248506	0.5440969584894012	1.1322033041184043	0.31139123795559887	0.06895633694551599	1.1087371685349512	-1.3566398529901775	-0.14416360985436688	-0.30132972721037055	0.718894352530334	-0.7594813210595965	1.153128583287931	1.632138695259602	-0.9064156892629729	-0.47483208238357605	0.8414378735645236	0.7337135428472913
DTXSID8034588	6.484310750692405	-5.503789202372901	2.5092370607641272	-0.4521599157832345	-2.9427432613779265	5.806099111081908	2.419098580274482	-2.2079360576882343	-0.5184392913255508	-0.9419429058633172	3.1959883871490056	-2.1065518428342846	0.8299680379986194	-1.4842753784881448	-0.48333690379012306	3.1414485242773393	-0.9261332845614366	1.1900269753928374	0.5176474256350968	0.8532162091198855	-0.5375158740771123	-0.8277107119690613	0.8441675236938097	-2.297480276141916	-0.9377975964380886	-2.1045782496615577	-3.7335074799444876	-2.4325807524994003	1.6223207356943923	1.11086279078464	-1.2648238279916262	-3.2883838997014183	-0.06024949961768827	-1.9346278193692914	4.831862036934334	1.3020184103006196	2.8520352591192535	0.0464082894328623	4.6033119426619775	2.213917499402727	-3.480063822071073	5.579603344882721	-1.9951982529215386	0.43756091278553055	0.6773924479511415	5.606651587168989	0.5503909202632535	-0.14738320556693676	-0.5183287396316365	0.5752496029535935	-0.5860507648979476	-1.4105048688218624	-1.2180906746007767	-1.2161387908304273	-0.557153003729075	0.10266020415366524	0.7181899452603597	0.2822386668983865	1.9245011217755945	0.5726956292210069	0.725443133575283	-0.24526271326339694	1.6772935288283666	-0.3808420950073257	-0.6500013622011438	0.07026237489582168	-0.9815041228811348	1.0601689870026358	0.15809088381169284	0.3260988686403532	0.2688950311929315	0.5745104162742963	-0.8830283901688465	1.1464189491609567	0.6862169500582136	0.08937398651614997	0.407614247428133	0.7854538226674599	0.5191962092183836	0.9879202427597553	0.5211955618512054	-0.06735527267451827	0.40973290208479013	-0.6102683807364431	-0.10282624959080298	0.2845598468726911	-0.517983190725166	0.26675954553701814	-0.13922799055717364	0.39471306867906564	-1.370938298101651	0.4900460081065116	-0.07763618367875465	-0.6980901259480794	-0.09768610341384998	-0.2804899416136499	-0.42509535591648184	-0.7758010377508567	1.4723640385049825	0.1473524139166719
DTXSID1052585	-3.1992804459076534	-0.41907935904283855	3.939708623662713	-2.637682238746524	-0.23004262575091122	0.15674974917782564	1.4008310959034231	0.3219317445575531	-0.2376696861725824	0.027019740427133024	-1.7404310354896082	-0.24800811919354449	3.313751216103359	-2.2400837895587538	-0.26120646557192334	-1.0693607648511887	-0.7368176614481687	0.5050454617678267	0.25757081934399423	0.7289465150952971	0.4431650653201063	-0.7992983300393985	0.6827615331680856	-1.8937394657211544	0.21349402264683648	0.3654262467914557	0.24303088409877824	-0.327240443836126	-0.998032436406518	-0.8612962122760436	-0.08224704294450336	-0.7338990767508701	-1.2013377891849268	0.001869469550076835	-1.2726218031616654	0.8168860884772144	0.2541678756403327	0.27832087950416	-0.7540215238429956	-0.08731561823778282	0.061503192011822666	0.7324705839315079	-0.43669318634731213	0.33619090747255953	0.1659813879613562	0.6404149602395167	-0.3379892064217472	0.6395435503854495	-0.05323320361928314	0.39457318613180054	-0.3670886369054796	1.4892920655128548	0.3302826997430313	-0.7105207187520894	1.1339566425636929	0.666873871661526	-0.6888866144687887	-1.4961956171659012	1.5065730610396408	1.009983399279614	-0.8514250634605619	-0.9276304895611542	0.7077591176603556	-0.6576098555474835	-0.04253646867140435	-1.1144939183145908	-0.48170637911268205	0.14823831087794642	-0.21735854901771978	0.69689901861982	0.12498359473369329	-1.1889522237249095	-0.016471565469150868	1.7326052774640177	-0.8098679396384025	0.39287293212060714	-1.0557020404302837	-0.21833064427444118	1.3483861642095962	0.6734239229167663	-0.30983689247407065	0.8515422987425756	-0.4683519963549148	-0.30928384932938385	1.2863155252838987	0.1772979644135639	0.47336532587610874	-0.40200558676896375	0.6485886239506213	-0.7328846941909094	-0.35083490730416755	0.5817187989004962	-0.1511863722936646	-0.09911692287624556	-0.640443198688712	-0.2915064930317331	-0.5453465115268049	-0.6061663500036282	0.21471485792093248	0.6900557590100244
DTXSID9026718	-6.689749051662886	1.696085448998612	-3.9672818451638743	1.878867118767776	-1.7403829589439022	-1.616703575473348	0.9266089293880714	-1.9322304078915298	1.8220118862098742	-0.7592943291414042	1.3088478565160584	2.1909642065671555	0.9677686267612288	2.23210055357358	3.439715955148874	0.9137252941081929	-2.1231683254479345	-0.12752437088038707	-0.5680044588584584	-1.2356891915562376	0.00892333337275127	1.9433252959717262	1.5882909823570763	-2.218927614572169	0.20200527248460187	-1.3726157388295326	0.2798012183182427	0.9129119534425412	-0.01559975878182362	-0.6548379114914727	-0.269045095018127	0.37113676190342515	0.09923425248926813	0.6589209703655319	-0.050209554482708106	0.036090576924357715	-0.13803925783322998	0.1099137929784248	-0.3359053615627727	-0.8459919849999895	0.06719575187310244	-0.872103159309674	0.12510689157684898	-0.47119879649587654	0.9742108214215691	-0.06922443862168322	-0.11360431092204099	-0.7378694783260085	-0.3033599644386607	0.4112622128059364	0.46470519099048657	-0.8104016493852052	-0.2645502316082836	-0.24390690066980228	-1.690108588420894	-0.10217497757773311	-0.8689185653026273	-0.5259489222296617	0.3092711962471199	0.9652846593692362	-0.5950403110063163	0.8566666345386326	0.12920560843101628	-0.2540985417472634	-0.6758316889636785	-0.5982031465873688	-0.5577980103844057	-0.45470142454115403	0.3784901597907694	0.7167474835457207	-0.39935879769641425	0.28909592244557436	0.13080588427491693	0.06275605156677633	0.14589779808901002	-0.17552607929300457	-0.33899126122029366	0.32923429053370745	-0.29588504930238524	-0.01624623436351962	0.27853111048658247	-0.598208816286618	0.23402459873347134	0.31504851158279734	-0.3262620172223426	0.36215905373727786	-0.08752132215424527	0.16294153116410906	-0.3953723105374029	0.15315698822207954	0.29902822294559284	0.32768341169869025	-0.47150711965061315	0.25170114014968203	-0.08894444597029443	-0.11161591489471354	-0.10360988285442642	-0.08828540862099235	-0.25362648813058786	-0.21153579453912047
DTXSID1027504	-4.432007973938912	1.3062682568940052	-3.7044318339932354	1.2101663360579904	1.3699849197565819	0.6288229846978955	2.360612239549333	-0.823203994927783	1.4958095209930091	-0.5125648909280297	1.471474277343897	1.0296382784311138	3.0527161121500077	1.5011898173736276	0.5126769015497191	-1.608152176985323	0.2524186131684327	-1.1402462388343766	0.3374403476553656	-0.8779128292929602	-0.5330552793459329	0.31948878132210784	-0.04338569138297244	0.9171454881245408	-0.05787781282083592	-0.4489440107619983	0.9571709458125357	-1.3849170529535493	-0.8340277688218828	-0.16635172343904797	-0.6109975815824501	0.721607482490961	0.49264736225891087	1.4560015742976882	-0.07688013139498523	-2.0558418691415437	0.28595189638184143	-0.12222412796949629	0.8896232300814694	-0.6959953899480598	1.2209069012269087	-0.13946005130614703	-0.42007997824913657	-0.8247255674785602	1.7260824185271453	0.6036606664107528	-0.6976507337696763	1.0774213788235019	-0.9836301205518645	-0.2611970399148933	1.1597812574144668	-0.7196276953092089	-0.033436543337799024	1.7579159300165357	-1.0051238976393648	-0.39741960754465616	-0.8758057854457935	0.33597604011633286	-0.3145006200459274	-0.41028268897615455	0.0741055088833886	0.07107357253488376	-0.8535739126409453	-1.26216905569752	0.304301457389502	0.28146545514289295	-1.8191367968639107	0.8141808940579537	-1.6813072414032866	0.4789094847181174	-0.6907026184221052	0.523457062199664	0.0589633874862535	-0.24648496369853962	-0.98541068955187	0.11016373126254347	-0.28576338486647296	0.30792155137737326	0.3155891857122264	0.15441524514536972	0.1073189409769155	1.387663428958794	0.17309152266848188	0.20422663250171802	-0.5468417318132195	-0.1483508030461653	-0.20705118148020454	0.4076294224239654	-0.2899608091327848	-0.09369556680688518	0.2932404954348062	-0.038675092830333886	-0.29418979898383085	-0.5826451131755831	-0.246544767380177	-0.22975468826863185	0.577027473732597	-0.1621595231966202	-0.309782738360576	0.5332364472486845
DTXSID7030060	-8.69245691572714	1.7609288058431969	-5.476475797434346	-0.9712738526043013	5.3524217809102	-0.8707098378144424	-2.5344267973072494	-0.1639725120252448	-3.133321496405358	0.9967463606020469	-0.8613456119092098	1.318938514924495	0.5443830893766393	-0.5584654733851897	2.758642404188189	1.344741083758796	0.3060621380809199	0.11938619092256006	-0.13850020451606962	1.5597781425257222	-0.4389078343509611	1.0136510163503851	-2.9669246883286453	1.5216720611466055	0.8242206900992602	-0.6522673704965021	-0.41523779882891537	-1.2703268666056236	0.35898476967339266	0.9535993766914653	4.265866282000453	-1.44968850240554	-0.915260312592284	1.385861600839088	-1.0821240522535647	1.0235640187070778	2.1944776430651634	1.137287378025231	-1.872375999185603	-0.9696020599092285	0.9506660956853076	2.1079990811603024	-1.323544279758311	0.31350862498795584	-0.39812061042975905	0.33480030776826675	1.065742221972988	0.35340521718068374	-2.4116620676384	1.1181212632927378	-1.04568565222312	-0.12027202069971396	0.7980295054403965	-0.38319783163209425	-2.269928111766485	-1.5620094162388942	0.8969140060288419	-0.45102085161821615	1.0422930909085208	-0.38680138208061016	2.1360370563073174	0.6515422917812728	-0.7117739755336447	0.78385949952793	-0.005874293722737477	0.21515454380752194	-0.1842687687204874	0.9400816844617136	1.8774609146664663	0.2318471834976926	0.3790693696507628	0.2767309475132418	1.1895311812868583	-0.37688682163585624	0.15007057918779781	0.5945470020981045	-1.6999144109914703	2.8473857861021328	-0.1432466384185409	-1.6115327836917466	0.5718557809979736	1.9254248566621022	1.563187871246158	2.6818936670530924	-1.4904195115092727	2.077910798739759	1.2434729012465615	-0.36551876115562026	-0.9653503139202462	-1.525402316757464	-0.3753744993731444	0.815581545610178	-0.5128916298142648	0.68395322300455	1.1402391016656512	0.504848720966174	1.4440750268071376	-1.2495341440672803	0.1871095173375083	2.605259297701891
DTXSID6048628	5.682953625572706	-1.5375534741645092	1.3344257224201048	-1.4026135549203818	2.051918600997387	2.540278598231563	8.004431708554199	3.55660138552755	-1.3247603063791118	5.721357501208095	-3.537401789074313	3.5596792850788033	3.6627978730293176	-1.3245530779948256	0.5124528833487124	-2.12555239341572	-2.022221889049447	-1.0864642412171803	2.8562238953932537	-0.43853685296566103	1.900661344603255	-2.320381786820727	0.6573826648181941	-0.19138017443979666	-1.9057199063397967	0.12437617822404633	-0.200051527002021	-0.460782977982706	-1.0794371842086983	1.3208725573672975	-0.6029135018078438	0.32414654388488595	-2.5966099026450316	0.9118475819318266	-0.5338167341733857	-1.2575980400549573	-0.46542468175508905	0.9518461869488916	0.1511091611920898	0.43135612482692387	1.1883580734409063	1.5699800673573867	-0.8734263737977995	-0.2984940810937117	1.6564829946732988	1.4433964289002312	0.18661459236314498	0.90031950984271	-1.4660224840897012	0.7484262253432078	0.7788250082067678	-0.9563748637763974	0.010910346189763142	2.3254314081727494	1.9529229311899274	0.9851838991708757	-0.6697694469949399	-0.5986814438393637	0.7768318601161494	0.018150836941086473	-0.8769013731595443	0.2863901385593401	1.4206201653166288	-2.4241771962143455	1.9427427984126424	-3.0388365817572227	-0.8394876748968637	-0.7953610148803516	-2.7088982142741638	-0.4536699165687329	0.45264226568490745	-0.1332918980057561	-0.5575397723352762	0.7705305821510272	-0.7005893456129082	-1.6544408089008231	-1.6688270338607198	0.7044882836068405	2.1430173898581666	-0.594624195261013	1.928077728697864	0.6913988490653604	2.018911671560906	-4.343337309546011	-2.791332109968624	2.942294276037398	-0.4959069166355843	-1.5047719889102948	0.9269351614198891	-0.3063221597367627	1.5083640916452163	-2.3229376878773955	0.8628966307999932	-0.2493800594510416	-0.14485468501532006	2.8166592733417075	-1.2100135886804113	-1.0637423597404547	-0.5773585405331327	1.7284013724724283
DTXSID8029315	-0.10475749673867725	3.0008015442368925	2.7057306310188816	-1.7248624185905392	3.355831942654483	-0.1280467079157617	0.8801904635660842	-1.112453058519935	-0.7609640014066811	-0.8445440448964107	-0.03973325425865513	0.5059746218226531	-1.9771928502783047	-0.6324555785223366	0.39584703947182465	-0.63118089742503	-1.0619537267574035	1.644232823226312	-1.4052841199012824	0.07433370975776243	-1.0975880336413457	-1.1309553928702238	-0.857555280648137	0.6271391641489116	-2.2849427276832985	0.7760132411775053	1.7721921813825778	-1.0739749795045064	0.2416540710279817	0.17720914826396858	-0.04517918846197334	-0.2344521291257754	-0.4126064356569012	-0.4572871413402051	1.3446103273053824	-0.24789821613169913	-0.16867447221822815	-0.9000390025624087	0.28952934982953765	-0.35597858328454884	-0.3384016337300187	-1.2666637466429265	0.6811309431150124	0.22483297395154772	0.6568049949496417	-0.522255944721852	0.6501853027175654	0.5034907836948277	0.3087718836328183	-0.5624579396582732	-0.2278568353364479	-0.2026321549199223	0.15318789433450491	-1.2834846924654075	0.00032950891514848683	0.026648648364714398	-0.15819699008962437	-1.3450010152593865	-0.7630727294694725	-1.0918415989331558	-1.4026972416193308	0.4471895304101568	-0.2850651872387601	0.6049168479305626	-0.030405622140075732	0.39708912495487847	-0.4822344877305443	-0.006129558688360179	0.1391864447932109	0.15883998793475956	0.2624954227837992	-1.4366285086875157	0.6407237546260798	1.2635248868597184	-0.06051333568669089	-0.6314911149135287	-0.40455193421696106	0.46960504914108453	-0.27482397447315393	-0.007005076411332005	-0.32089371993988147	0.020870272711431003	0.5971652453547394	-0.5048732520208651	0.23702518867084835	0.5708899605589282	0.14482887519440368	0.1062173533268855	-0.38979730491184145	0.03929304275334904	-0.24966610647547247	-0.2722153972176395	0.38772942955123507	-0.2235650459312102	0.004865441111404042	-0.23110082132735954	0.5274431117116538	0.3524862412879389	0.31097170332058244	-0.43826894579370906
DTXSID3044382	-5.594803554633116	2.055372356551981	-2.676060551899202	0.7427040439785726	-2.1739370135036795	-2.1209195600235105	1.9158852742942685	1.5932787118158054	0.5643069238939992	-1.0134727401580643	-0.27748958450695954	0.5770559363951879	1.311294064972789	0.36957603277794954	-0.9640390500520595	-1.0342623294834095	0.23056909540119847	0.14782299943784927	1.181790953167943	-0.8308433236225948	-0.5454861876349282	1.4384280071776234	-0.3792674128425538	0.9601085063898541	0.4552783191133833	0.6634159025673284	-0.79486530432006	-0.9458938610205178	0.21199372754606913	-0.4247222695568569	0.7870547164921127	-0.0108623285836781	0.19442330956467338	-0.05105768574935842	-0.36328220395830857	0.015719245510968014	-0.00819939145246285	0.5021396181598834	-0.8887508526055082	-0.6801742842023908	-0.23189146063659985	-0.7830698163325702	-0.42690806443136986	0.9029778158478317	0.28165004500592117	0.898479741583167	-0.040472289852186996	-0.21677445745093774	-0.2634352584053859	-0.24618114581096506	0.1485422957211427	-0.2230851433122019	-0.1550344124606278	-0.46448483850856465	-1.0889506229238657	-0.09030889923404821	-1.237285155822899	-0.6856664539258115	1.1277647212275663	1.1321427430810769	-0.039120807716198185	-0.37057571512101345	-0.16054613348373467	-0.010127488414531802	-0.3010526434585479	-0.16539178181709985	-0.05475429871566017	-0.7157164925198443	0.8052069337603945	0.04604701224397097	0.010859524926488336	-0.5849647247306716	0.4294727415242082	0.3908326432488507	-0.5209437648753132	0.6745533391998149	0.5008520015193088	-0.9517023014061446	0.08663999276850526	-0.009816874698605033	-0.4806929380026695	0.12956520587482992	0.4802584423224337	0.16543230666041261	0.09015071283298956	-0.40350418856338277	0.6348691642968717	-0.07818135905197879	0.803840617589562	0.49804959157680123	0.5429678527360825	0.39931183213816224	-0.05102539381551398	-0.2800760359338737	-0.4024566536102416	0.5325217104012769	-0.9737272195398252	-0.005867570362412566	-0.1351312143324772	0.4859224063771389
DTXSID2020844	-7.651625920901058	2.097800189204263	-3.240356875992349	1.8195903505331819	-0.25210336695593144	0.5528719353045399	1.191278354945507	-1.6860443213738319	1.1401702723332752	0.03400216533837033	1.8021835509198814	1.0418497948269148	1.9119045490172741	1.0567078900613183	0.24264132697656723	-1.0025990652466163	0.13742006033014464	-0.20251647224704586	0.5770071193207535	0.9717626632431209	-0.4904394104006007	0.7393220612335227	0.818197093466528	-0.4790555933926496	0.4152175117605538	0.43907494545554343	0.16004624435202175	-0.24368725730343294	-0.2139801108790045	-0.8914714301900813	0.4057017481893001	0.8232307507978355	0.302587364055699	0.17155222552361168	0.04950451469328957	-0.5030715354900732	0.0479410147348964	-0.17242864241202116	0.19818011210740522	-0.5211919905027812	0.04233709453617334	-0.572279409408164	0.003851225820022835	0.3168918651572466	0.557195208570617	-0.5993174079324577	-0.2874296880456826	-0.005962035628794349	-0.019006988342519224	0.23641888545492745	-0.13298797438412524	0.18250870476054523	-0.41463111222664545	-0.6018372597185253	-0.006069697369826794	-0.7231924773309054	-0.13295356913131276	0.12004453479025992	-0.32458095894712047	0.33442713407364644	-0.14851605898337417	-0.3002234264735858	0.2751157909510913	0.7372183086841174	-0.4783132915858162	-0.6997049710089598	-0.9477633234917316	0.15692942521146871	-0.003947901332856079	0.6743479213341232	-0.6213057549698461	0.03805662902778446	0.8486260333875955	0.6241772227512917	-0.578850618291857	-0.2878813571896895	-0.15916722017221388	0.5705545325467664	-0.5265718445605918	-0.3023041949003861	-0.03361154623876569	0.3273709812561366	-0.04849971186968027	-0.281769115073899	0.13293752120269212	-0.264687982371926	0.3379514089052404	-0.13742478426359064	0.3472995375872452	0.15854872307240025	0.34039275805772523	0.2254307057957364	-0.37410392820315497	0.1440568400949824	-0.29264034868132827	0.16473148956546257	0.3301481907523236	0.15367740971138352	0.007954334377094656	0.3490775902196739
DTXSID3025548	3.2230979453248274	-0.38264187627994156	1.7508002997871357	-4.295896040229018	-0.5632889709409064	2.9849284082878933	3.1224866240405382	2.18851649651117	-1.6156612710662526	2.2469598099774886	-1.3134257511707585	-0.998948980178717	1.3048618744932954	-0.516353748981115	0.011794625631327552	1.4790318337556465	-1.5359872736869284	-2.8570257422259018	0.45573598738672694	0.1630897469484062	-1.1845037907271374	-0.6798837073064937	0.7168754447159333	0.375654174969792	-0.26550837546573464	0.9832690658538535	-1.5236048611574446	-0.047783274758473555	-1.9096700615770696	-0.3643880542355606	0.694014397493086	1.3330247852815527	-2.9282474123810784	-1.2751370615378745	-1.9608331115728501	0.16155934795436297	0.9255994644958409	0.4650369674797015	0.4066486262705067	0.33574341938386065	-0.6165784727846602	0.29957949645550475	-0.2493987560575706	0.6729850971278473	1.1396019283964949	0.49807467390060467	1.6184856719770047	0.09863111765576328	-0.5273681311255566	0.2536867117615819	-0.27877356690952476	1.169704245633797	1.108903810301778	0.5526543431427634	2.818897937200177	2.073938914649305	0.20856608627198475	-0.5472071389401981	3.1044617052072443	1.090618552009429	-2.839622509685577	1.0574350541402562	1.7407267654924472	-2.4394559690305067	1.2900684766534471	0.5422290274936793	-0.9014443469611215	-1.0659901446312363	1.6540728107686744	0.7729913132950641	1.0193631357812523	1.2648563205491834	0.7399742577658533	1.5058870534216617	-0.3548640082378795	-0.9724522895712405	0.6881565134289084	0.7304631882632615	0.6164724459802295	0.16788446129360698	-0.7393908631613672	1.0261095243899458	0.7276893179556774	-1.3114433273225559	-0.8369788912502797	0.8758010189503097	-0.2860131276628864	0.3887826154055722	1.0081899382306534	-0.08830116671520927	0.6481494361950879	-1.802044765515424	0.7603494428140601	-0.21927822318356283	-0.39609002877948285	0.1871549963752145	-0.739527088458608	-0.9481703905181916	-0.5292263229072824	0.21704015555711972
DTXSID5037028	2.554197384178056	4.042280739680213	-3.275970261738773	-4.238689825947052	13.263246510393193	1.833502633842574	0.6774800795583845	-1.2840989695610106	0.003803280453704937	-0.5923804529086008	-3.8115987739164945	3.32725888263829	-1.894487434275824	-1.9455924092968755	1.6941933462262493	3.8311249443843765	5.721299505103803	-1.3667225334291948	-0.35847747486078035	-1.2928880456030998	1.7651691620911105	0.5634859767407604	1.3367101290253074	0.9166559571390005	2.003534996402756	-1.0689060523226637	2.011801186671338	-0.8018215560998166	3.202235683141392	0.44694467530604814	-1.7585262468431737	-0.1294183737967231	-1.2437519796618446	-1.472401828819451	-1.3063676822593993	1.41427026320139	0.5167458225088487	-0.9129705982830535	0.2898098546609671	0.4617204539472259	-0.2012076013985972	1.2127671725182696	-0.10225975468232097	2.4394237156713863	0.026801262413869736	-0.38802399770052015	1.6718754370097084	0.23832108004594818	0.11559086413771681	-0.5127827279886759	0.0255744605204292	0.3448287384640992	0.873850495181782	3.1450559165154006	0.387511856008536	2.2712489418378468	0.23886435565930716	-1.2843106134767137	-0.5286724069643248	2.0224771170235694	1.277475548955799	-1.7152380684898711	2.192369039236795	1.7761640172892008	-1.4639389508930283	-0.08197496344786817	1.9370905225307187	-0.1670778778269932	1.0870913518533194	-0.21519197503697376	-1.2534150209456822	1.1785723704626558	-0.7592851810006047	-1.5420161759464421	-0.23248887989927186	-0.6920290992870484	0.11480822990106344	0.3244887588269392	-0.10983244265396118	0.8064002702290545	-0.3598942436524226	0.06725985730323397	-0.13699840375349367	-0.08404931374991872	0.18783573816311264	0.333890026726264	0.10717871011524031	-0.5684097972977483	0.652441555015852	-0.08953005171038202	-0.01998563379016477	-0.43229908172254916	0.20335244952235582	-0.11259782071164723	0.5487575768162356	0.18136950237188354	0.0965731940310649	0.25345480465308073	-0.09110615587651456	-0.04251082498533836
DTXSID2020929	-6.359587019122413	0.3764742618594896	-2.852915006484457	2.322583810203956	-3.836215868570563	0.01783142668010472	1.7288108409698957	1.2811599827772204	0.012719901135508423	-1.9066232868683861	-1.2278471716290922	0.44576890145961684	2.1876919451258074	1.5577607705785748	-0.27779801312652175	0.8473715444495589	-0.46783214024304814	0.03018731184781552	-0.11176154434721693	-1.752941146349565	0.5186506841643698	1.3347427840654684	-1.0521621118521802	-1.2866451339401157	1.4186905390940536	-0.7025053985410266	2.252232203910589	-0.7423054418324211	-1.6942644108490206	0.5938300959945692	-1.1719439207424567	-0.19285799862136163	2.550701594269747	-1.3752460437345837	-0.05776982420852865	-2.323701882724111	1.695451683119611	1.5484774350550286	-1.1322861935789372	-0.15868825597030348	0.304161561319928	0.41942952158828184	-3.172110479642923	4.137625342496866	-2.413827412998183	0.3923944949135918	1.268460867889321	2.316796120820409	1.8509257883488786	1.0621946642686935	1.670704097612858	2.147959680714965	-1.8513228786238771	-3.744774536571569	0.5924827157530963	3.0740130921410826	1.3072724542470804	0.5436640083620775	-1.7655524789282775	-0.11987846967108157	0.5147684172284248	-1.195038340187854	-1.6595653900598937	1.2091299189221891	0.022321720112494513	-0.07306129697775023	-0.026662314183611792	0.012701522269680176	-0.3364660683857408	-0.1699792671940431	0.047525347932062444	1.1322690896743481	-0.34280222531394633	0.6407941183050152	0.16003850519686286	-0.2848409018247271	-0.8394675871934033	0.2879730670594104	0.235874339464344	-0.6349544765526186	0.30038269534186535	0.01251014465912382	0.2908196894128596	-0.14376896373087608	-0.7354963304147745	0.14526020470314527	0.5964496332612377	0.08773941819808694	0.6934707146787913	-0.32340780697742527	0.13441950783618864	0.03341461211859292	0.1058934394172202	-0.04697251936482298	0.04075565841180755	-0.36000082099348746	-0.0479713739924996	-0.46009170286933126	-0.04381534508036097	0.24316526271714736
DTXSID9024015	-2.9807760395198497	-1.9887159502885638	3.492564008735476	-2.831962874939199	0.47025004400837644	0.17600393118306476	-1.4139963270762899	-0.7228358022678002	-1.0572209848093106	1.5563073536719592	0.2316685213385933	-0.23268626942562595	0.6633390210667034	-0.5128273786479064	0.12150254179264941	-0.4782908343324726	-0.014290679080275804	-0.3628797844369852	-0.4757253847647587	-0.10995287974452503	-0.3468620745746038	-0.7315959943871388	-0.7555652019980923	0.035910243137495995	-0.18993318368288184	-0.14966051553501308	-0.4425317915486284	-0.610571367405583	-0.3772136440626336	0.17685629320906926	0.4091160182938067	0.21157354577272272	-0.5938051734499963	0.15942904022468132	0.7822371312137543	0.13529357844187054	-0.07206424023044977	0.3952091876171922	-0.03482518695361438	0.1519883023008102	0.8960462971871888	1.1064667627026559	-0.09539093450171507	-0.8273529412647612	0.21638404784986162	-0.10208481461017256	-0.6179812364214358	-0.8109392016077904	-0.3806901791444234	-0.2385197396775332	0.41296498903596096	-0.35305378324080594	-0.8784117791418888	0.19399418616043182	1.0569280425621927	-0.22863337868023237	0.8813654869114285	0.2558412601441182	-1.4244640201888203	0.18312803933880745	0.3269726464008698	-0.09574094354771137	-0.38136726088424855	0.27803579653138105	1.9796778300216453	-0.31538264708453295	-0.36564961785843325	-1.2004989321163673	2.028645314804234	-0.9914929228416143	-0.8305947532742085	0.6978557438672889	0.3618996070179564	-0.5983180943952013	-0.3724284198305824	0.698591034567246	-0.4195552338283088	-0.7094387473787716	-0.03867443027959887	-0.13229941489533978	-0.3257898223743626	-0.1992658023485555	0.09453206882905128	-0.427696089565346	0.5862417183892463	0.2540724405314823	0.30474340682081336	-0.15829200510602268	-0.35653726624538984	-0.04845976980440148	-0.5228199374628829	-0.35549799929351056	-0.3123625918479816	0.14385863291653075	-0.18791283703146314	-0.013689924342442317	-0.12342498625566552	0.40009996042774004	-0.052627663062300836	-0.15556801589086752
DTXSID5042320	-8.13110224780999	0.7377840009728767	-5.438015073376964	4.265344079835955	2.044398450771409	-0.5215416616885427	-2.5969988395312833	0.8112304544959634	0.4004126630644024	-0.0124913175455627	1.9279878899419018	0.08165200646779772	3.4771637894633893	-1.586215147679379	2.1533828612482115	1.857096038241047	-1.116645487282197	-1.7634034071107711	2.382739201634388	2.2402726556688894	-1.0607323859722166	1.5777143519360561	-1.243993655089342	0.30393653799000575	1.8331067371634653	-1.8141479111236969	2.1177741674887454	0.18753181349445294	1.5177485873190846	-2.0221175422789104	1.8793863892335916	0.505583497975417	-1.370830039936693	-1.174316684604566	0.6956540564252766	1.5774065434670352	-0.11294955693351062	0.24049425672115693	-0.20046986971483394	-2.0655386700132743	0.8332319319871272	0.7424041167327977	-0.23024814422459638	1.4179416929988629	0.404103829549162	-0.7851911292991186	1.797106329622478	0.6444303326424461	-0.27355712084463446	1.0799696841680382	-0.7521849263592031	0.25350182742329597	-0.12559885186834036	0.4437075185063929	-0.8282466843321447	0.23998717007894677	1.3142782888710638	-1.5192135214328135	-1.2242957815901556	-0.8560372435184481	1.8858405613358509	0.521020968136626	-1.339096504628811	-1.2370545697454018	1.174123911284423	-0.9741389690244316	-0.58857682788072	-0.7838381561151205	-0.922903107249598	1.2762558184535808	0.13255925760536222	-0.3362981679992657	0.36992931512771465	0.12457348763985278	-0.5049536063565125	-0.00031165290805770253	3.016914448714083	-2.1557019288574146	-0.4234736817005405	1.2858598572056128	-1.2002424497348594	-1.9076472750064992	-0.6429228345130731	-0.7133963207877922	0.46974336788890336	0.3711035358662225	-1.0745603908651444	-0.2907737596934325	0.23784763917156476	0.46341574620086395	0.5929700466374297	-0.11802061073480337	0.5233336067774376	-0.04852359232110478	0.3095608621184248	1.0928246368888095	0.7638031795130149	-1.0354505142956294	1.0765844714358148	-0.1428973778112839
DTXSID1023102	-0.0989624462767615	1.220189110266752	-2.0790220624555884	0.20567605298864006	-3.4048490247060363	4.606865726043644	3.6701701510858094	-1.6810664321664333	-2.2644880754593655	-1.1916458289775673	0.17009080504231758	-2.803976566760756	0.6490533931693308	-0.34538198002303727	-1.0636044308056727	2.6401339565249664	-1.6349862192545719	-0.43967956267102765	-1.0043973678715128	0.2890692456372647	-2.634247368861936	-0.5526381667064874	0.10644927284549045	-0.19602678912769017	-1.2498677521652088	-2.134910244986205	0.4409301052081268	0.6596718564375589	-1.3319355892185227	-0.43184147245623494	0.33341548577343516	-0.13150331916018865	-0.19765468753580837	-1.0045773575686703	-0.7856423396402722	0.6965768960745319	0.9391819888864807	0.8270836965986678	-0.32546125201045645	-0.2388243634472682	-0.006722006420661188	0.7584187281638477	0.013798313955085508	0.241883742586132	-0.4176195285864469	-0.010116453756675728	-0.42391890972604374	0.19748469820537248	1.53794252058972	-0.4585446079427726	-1.5536612106824623	-0.9332361332168341	-0.9433331704586525	0.677901447067695	-1.9076558145955818	-0.6312815430268686	-2.325355529149328	0.14888876141827423	-1.1122400158165364	0.2664864953265592	2.5673845696090654	0.2139436481098778	0.46611805218305596	3.446165687372132	0.39966542479394873	0.08205648401625561	-0.24720672211179492	-0.9802267114343433	-1.2752641457956484	-1.1255358142408325	0.6774730941979125	0.03460923117160027	-0.6040485491314105	0.9266603489715459	-0.063362930233775	0.2709228971676081	-1.2872171142884155	-0.7821193448968875	-0.4562050441559303	0.5361200257086756	1.5005636284331558	-1.123266944714425	0.5659117536257554	-0.4123367426221188	0.22263210432899336	0.3254694188148986	-0.02292508965265979	-0.16103512814710635	0.031794467701679846	-0.4744696560754495	-0.20050381765642644	-0.2493546661612838	-0.6568593635999741	0.21543336230327356	-0.18353496453561732	-0.5133401643537868	0.34125787205957303	0.5430952790944427	0.11222731356839079	-0.36890325600102725
DTXSID3047974	-0.3586409654866265	-2.6450593661718043	4.395799183647256	9.056926829426658	0.9962108520505977	-3.8027640152926505	1.1899897530154833	-2.214132529111446	-2.3234670829667197	-0.2906743819872807	1.4562137009768312	-1.376170686968624	-2.644977399285899	-1.100750574229242	-0.43959183319893375	1.1831727259781006	1.0290256592542446	-0.37847105336215636	-2.02323533327976	-0.3312674326905527	-0.9475120368845485	-0.6492147163414063	-1.2844711364741115	-0.1076378524803133	1.566749805897362	0.85231448292659	1.242346153744421	0.2069896199598114	-0.5148999552767571	-0.46905626386040444	-1.145843601965465	1.3913768249968212	0.7385980118717308	-0.30687830319659604	-0.6691041426993886	-0.49701532386405306	-1.6218394783320413	0.062111189625261916	0.514224469645427	1.0468815974374182	-0.8137723231973168	0.20907251923656134	1.0371968975965822	-0.7682061414349691	-0.11880975749139856	-0.27808824338182936	0.4290121990771483	0.5871325207982894	-0.3685959397888708	-0.4100231176031773	1.1236027151963175	0.35549243487223225	0.6970151344237286	0.77672848309541	0.20196884977620475	-0.04610524802457139	0.6415516766235261	-0.04426522315479896	1.0470756492866806	0.23684477737471202	0.17148148204228286	1.1908775917189482	0.2288985547649723	0.04897024071297481	0.23679954974880368	-0.5756986009964834	0.5167398665682427	-0.5304833880536838	-0.24228233997263854	-0.1256822434310555	0.6828492065179415	0.4292988718104235	0.22122292097429033	-0.07123118006672562	0.4126493408095113	-0.3446788143886331	-0.44410661902743886	-0.321280314161462	-0.5352940405489479	0.20682234786420572	0.25027963434686534	-0.04741943524982767	-0.5764920720777607	0.24184089155994395	-0.4103436683403021	0.22114164675538928	0.803678461617731	-0.6973531847797642	-0.05524336572627058	0.3297082703052788	0.0987166486428325	0.7051358215058071	0.7266021946972403	0.12675447378622742	-0.07992350533737415	0.7022994977392237	-0.5399058192038416	-0.7145289537044143	0.3842608565140297	-0.38132610855513205
DTXSID4024800	-7.900000783315805	0.38839666357434155	0.5259695089773205	1.6009280437157374	-1.3512850686814728	-1.7996286939035735	0.4675091321353477	-1.2366543092642144	-1.1799935254297451	1.0031157355661606	0.4375965006818043	-0.4725910398217047	0.41306578676104266	0.36892945396193344	0.2112792347759199	-0.07707263299000956	0.23324851266324553	-0.03531520081844997	1.0484852910216804	-0.12886487507332903	0.04066957975260947	0.8022342069701297	-0.18805444868738622	0.5869611970417679	-0.29595530440141604	0.1408341392372555	0.21239470461621765	0.04464608799254999	-0.058761320227971446	0.39686349593118475	0.1985463698389746	0.2512283426081631	0.30544045070661385	-0.040451721571006245	-0.12918555857100242	-0.16752158701187886	-0.10100071440037144	0.0446352302425665	0.4308905032496524	0.04865502423140231	0.09293418874859001	0.04709491080929592	-0.14437997097369848	0.08857950645572249	0.3118592721939531	-0.23909637050099133	-0.014507712273175292	0.12192529423331377	0.22245365149067492	-0.20942168352129878	-0.1662725910095979	-0.11074798089917658	0.5133046001059266	0.14901368983145255	-0.23555423808177725	0.11725822260616957	-0.1395077386159585	0.09383614331080281	-0.3316680672307817	0.1932524399081486	0.3339908540363137	0.1253820755747141	0.046410994557678574	-0.10167299656357479	-0.07216826459936848	-0.4812479238689011	-0.11588549783955239	0.02547314179997764	0.13133280492936036	0.08573925196342048	0.01734257026179869	-0.06706877379342964	0.28727722180699333	0.08106666131369776	0.11115431313238601	0.045246307608754345	0.516252460244257	0.2431275659856272	-0.1880674470242821	-0.1388466111888747	0.19907318586736358	-0.04729974457103754	-0.29320418664489073	0.05422808631611296	-0.2387639301852864	-0.15045462460976045	0.11485784585416871	0.0025910496715405525	0.09181522210121323	0.24448495983605764	0.08567062627115826	-0.17532880384314029	0.17229175844454583	0.2785021574881618	0.08897867651406831	-0.08515424347678457	0.15121359697809283	-0.05470763602405616	0.05151073003414161	-0.04476416668924107
DTXSID9021348	-10.244011605620189	1.5569739295402272	-2.320815905682416	3.68746661523966	0.6783706389964406	0.7429246240334584	-1.8464273915746765	3.0214495649116944	-1.614590857569097	0.49267069559145815	-0.14255663034514274	0.6621717345315389	1.607465313359998	0.7513749442991929	0.6766495949692825	0.71836946791565	-1.2947424562007415	0.354338392000371	0.1844005210946085	1.6438921675719422	-0.9062239634548109	0.8682397683726759	0.058714895473095205	-0.5217978113828761	-0.20438372339484678	-0.525717663205334	0.16634952241841433	-1.379106105209592	-0.11008608450928815	0.08186757502396007	-0.10986835507781526	0.5270590233940636	0.4894335189788614	-0.13791026814988616	-0.16774489708690987	0.05764211794820098	0.14754901085211808	0.24443335138185823	0.022362832580926965	0.03771526886645478	-0.3729775260090245	0.07607864839487612	0.22017432003558463	-0.01356580695372638	-0.16171295268892374	-0.21386061206171714	-0.1758053398455693	1.069146518630641	0.11709224392531943	-0.7197787015824999	0.4346485992940511	0.2199702524425825	0.5290924431324214	-0.17677456383893655	0.6208583330920617	-0.21281451445415336	0.29657339291148604	-0.11717779499504151	-0.6572833874072889	0.751119229410571	-0.35556240535623174	-0.34371066853265403	-0.558027333538609	0.5363618262501487	-0.38301180576620936	-0.48309037276976624	-0.8053661056802831	0.16678406595597978	-0.1120520837361941	-0.046146395092891555	-0.588226391041479	-0.36485678339684663	0.014417214466490885	-0.014629581696635212	-0.6326435114605554	0.4652723980101663	-0.42619093544834363	-0.4290431567563871	-0.19873172479667314	-0.31762034530644906	-0.23682513994979368	-0.5480392644297258	-0.1284892943079752	0.30975133557655643	-0.5151920172822575	-0.9114092250845137	0.7910915052196164	0.05885207555638138	0.015021705698623804	-0.41831649537195487	0.01661849238194492	-0.33190089561981856	-0.5371503310911264	0.5587637108629222	-0.18541254323121245	0.477782663267898	0.43129278604310967	1.0123353695975836	-1.221387056512856	-0.15688244296052792
DTXSID0037023	-2.358409663819328	-5.812314740935019	-3.286111457095624	6.745295028028712	-0.4874739939287305	3.0914283689592006	-4.104795138501959	12.106471941369215	1.1623496591556157	-2.168179512060996	-1.8442244210853007	5.028474637315563	-2.6828325286044916	2.8181492132105785	-3.773978317954191	3.498267079754597	-2.495495082396195	0.7194675119491062	0.3781674766126337	2.072910469274992	-1.4510928660189446	0.4318796872289718	-1.2451084322708688	-2.010549335330873	1.444906262678995	-1.8665848721971727	1.3433154797143925	0.019884454485434674	-0.6121768162407658	-0.3131397580463186	-2.4531060410167838	0.2752063643608252	-0.015980508273321863	-0.5571537381871121	-0.9585247740454319	-0.5444655190838104	0.14638408656428753	-0.5723693918777831	1.1436424103716356	0.37168482084047716	-1.335624526167919	-0.8533575355961769	2.067812655920524	-0.6040488639472875	-0.871532075839078	-0.5427471259940934	-0.5375459213194537	2.4773163334099113	1.4789671402028515	-0.09563819157389214	-0.435659432013622	0.189015407781905	2.6103393081554995	0.08703452359926891	0.4119489644099698	-1.110142887956033	-0.0475113247285175	-0.6282010324294831	0.4302828018464959	0.4105988620613175	-0.4256672060449804	0.7721795097512361	0.1138675407716828	-1.5356626152193595	-1.3143722776792317	-1.5543874312083428	0.08097345705187087	1.7829503057412925	-0.29238068697816527	0.6545773779400691	0.7131458846299893	-0.0654235880908854	-0.32389125965468074	0.5602885415946492	-1.7850072811650928	0.6117120455838675	-0.8440255576500872	-0.44753104076957195	0.0011007171703573345	-0.7168891241875704	0.5446445779154145	-0.6177320279111528	-1.674967357971427	1.0130321660946933	-0.2345429367094559	0.42985131953067934	-1.0839082947162926	-0.4527309376979082	0.5367743730473854	0.28107009406138406	-0.5332773933862714	-0.7305090394838467	0.10085452807873103	-0.23540930929518974	1.091795459562566	-0.711047134525221	-1.6679713057177208	0.8297894450093009	0.29265153211597117	-0.8214754455270356
DTXSID6041133	0.8815176237162211	-0.894608886014106	-2.3399398581429907	1.448240406745458	1.0778682955720884	4.284879251165277	0.6211535568817472	-0.20498686319985243	-0.9033837207290322	-2.6121445815451447	0.17070915203450396	-1.0835305320450566	0.23352431748740385	-1.0539317361109954	-0.18366298234478873	1.80659102538271	0.6278614978877626	2.2524624604426693	-0.8609452160512927	-1.3553059977815933	1.3498232013376397	-1.1059237902659036	-0.4405319259567858	-0.24907987190727615	0.1764948072332927	-0.7041701125862201	0.07698539198177652	0.9066756794144735	0.5428054096784725	0.7934742271652129	-1.9358777729367629	0.17970913046637998	-0.11837148088797507	0.1340532878022506	-1.6135544352661901	0.40727664308423844	1.4365476572539986	2.0245728654194286	-0.09175780386877151	0.6925718545929891	-0.689216562325206	0.6045051684393197	-0.6263486958691227	-1.4491939740406312	-1.6371514854096414	-0.32693494536946377	-0.23543996337934894	-0.8165529016915091	1.3427660110922	1.099434497440166	-0.7889867413516046	0.038693401747557775	-1.5755466995463745	0.06684858594522401	-0.6489334682209731	-0.590395570144378	-1.087107506685498	0.6766827276737464	0.6931600836882823	-1.4307293531219585	0.5162503484860445	-0.10759260546649618	-1.191471273488638	-0.7706419218260165	0.8110555701747643	-1.2287073672927065	-1.4042229031744422	-0.5330279652373447	0.7333485437208412	0.8361273955149328	1.3470347762127615	-0.5925236184454507	-0.6926697409169266	0.8213004143642756	0.6121428620393616	0.6807481635836767	-0.6625128848839243	-0.2266481252099099	-1.221367871024547	0.5981267794024624	0.07307859092745303	-0.11646944998304803	-1.1721976498893212	-0.20145543453658485	1.1999351977120472	-0.7655214704052109	-0.8843222994472141	-0.24697306918227013	1.382836162408734	-1.0184806922075647	0.3645144657231528	0.9371284968559934	-0.0014708036497347247	0.2674225891724704	-0.1718482563088803	0.3877910052968883	0.517358936569586	0.14567683069198067	0.25924081389167236	0.5004911385696045
DTXSID1046687	5.389903295619246	-4.743710486863772	-2.1593663383851984	-4.09944241190788	-3.6900969030693345	-5.85230111907246	4.6999009203053514	6.432134490948317	1.9649352766346941	-4.433238238581563	-0.0993490529883231	0.9001582383057999	1.4138677315254213	-0.4160197914629356	1.7536028490738484	-0.08952050693293614	2.4484828522956095	4.0651876093876735	2.399010866227067	0.4899753233833692	-4.973866609811375	-6.106212738775837	4.747232939130654	0.5081768130130128	9.919914183517829	2.4739873534001022	2.4822034189989157	-0.19274052986727047	-0.6147949003605911	0.3440504705330793	-2.323109279045296	3.893990564162591	0.7987928795998381	1.8304965942390778	2.8878061143307687	-2.427773086251859	-5.176821605868101	7.395280316639082	-0.8828193774791135	-2.4701069129963784	-2.8449699935825987	5.446321446200058	2.2636215712816345	12.755872964772607	-2.612823616320377	-3.171603371026567	-4.8318436516018535	3.1445733826098006	4.576555436040627	-0.17516673047450887	0.5086802976338167	2.4604022545514397	-5.030980092612904	-6.010961762543873	-5.4453944330156	0.6446690922991261	1.951717698948365	2.3178217080867762	0.5924046597279367	1.1542642846965343	-2.4917423467724875	0.9521665327635505	-0.13091552174297058	2.2243848196398113	0.41341253729980154	2.488438941966597	-1.4980200787277578	3.3249761409171095	-0.07869359983512579	2.0958341147509105	-1.1368859840085908	1.4429783614537524	-2.331100343523996	-1.797924197726502	-0.22206618841154008	-1.1583589196047228	-1.4914559043252307	0.02090952506547982	2.369103576776079	-0.5140000970826968	-0.04287977490608114	1.2431707438041453	0.02273917140447396	-0.630934740859011	-1.7784711456812303	1.410070059079899	-0.4750180832635156	0.14670444165351054	-1.2550492277795708	-0.695922515659372	-0.6802725724057456	-0.5313025018910629	1.5988924624067915	-1.4878591143443218	0.838101144911575	-1.0439295042807522	0.9400855942368976	0.06318189895341475	-1.273926875843916	0.17357603205741967
DTXSID2041125	-10.062654096894804	1.1051343343368891	-4.3850913483963145	4.251277574522377	2.092988754360403	0.08073751999473332	-3.0016987566355753	0.6809401651554897	-1.1457300822334233	0.9163565374134524	1.3684957074659119	0.6851530247210833	3.175927649153654	-2.1175934197041606	0.805422502010248	1.7746610091582622	-1.0128128506127418	-2.020624891435266	1.499475093052565	2.359725590202878	-1.6447259001318617	0.4124017187326614	-0.25208176613094185	-0.45959918940705335	1.2813720691982842	-1.3571367220768475	2.89607125635428	-0.23890190978018241	1.3829497959430417	-2.1921661427989014	1.7930177902237359	0.9026600646690026	-1.9876605786851211	-0.43398064686205373	1.1518998702991308	1.7212552433311468	-0.09084398484986046	-0.14895401390839202	-0.230174845746462	-1.7535829992397294	1.0546657086809734	1.37065658938781	0.2219438569190333	1.0845757367413058	1.261444020689059	-0.5800862629428323	1.269232664710012	0.2908723043662114	0.24232850156173302	0.5023539513054996	-0.3409386190982274	0.19182720501375425	-0.47494196946975964	0.41317647865633794	0.30766998733669976	0.9802631041396772	1.0369602093316328	-1.1206276098630552	-2.736824281628244	-0.44318222872166535	0.7765992636002088	-0.4775907188059334	-1.365024479702311	-0.601768650551523	1.7209132195475039	-1.2914459029866718	-0.47207750790123354	-0.5428921513448025	-0.9309869049067591	1.6141939514684196	-0.15581493665159307	-0.10019450141207263	0.05637864165179966	-0.6061464920645063	-1.288375995753329	-0.5587554582517144	3.4616042890039598	-2.8214884722957327	-0.5745391889491979	1.1471219942158626	-1.780136464531646	-1.6138246856847638	-0.4919125081512119	-1.8242183397757923	0.9021880225398391	-0.6263747488090873	-1.572265004846599	-0.31928625355746726	-0.3287673012023284	-0.0007238037862142012	0.40093268620228806	-0.27483691359491824	0.21323876989023996	0.7729410511767181	0.4337135952925075	0.8584219160210006	1.3677849771552344	0.37374551420063573	1.0029304922884699	0.24655617313812114
DTXSID7052573	-4.014562953687555	-1.7718389128536611	-1.9900701694893708	2.308608063975381	-1.971345186974974	1.2766448597993354	-1.8436225360154082	2.3199868656197404	5.095943578380492	3.7933097273077045	-4.833848573641307	-3.1913041016597115	-1.6265340289748325	0.6339238283755356	1.2224768642248365	0.05607016007572719	0.6211959037128191	1.0320201248912846	-1.294196032422811	1.6557316138401648	-0.35813598795929924	0.05470246403699466	-0.05214258807893434	0.8251772148694028	-1.0450520308840563	0.8353219847530925	0.1430304969678236	0.2228696860192463	0.03741509775030198	0.6051805175714614	-0.005086722894921509	-0.40212994184905104	-0.33898734626040283	0.12699375516956812	0.145929933487544	-0.28808695107793564	0.0515878512561782	-0.6070586920964156	0.45347128305989387	-0.44265939331226084	-0.1362474723014011	-0.16004674633679775	0.5973821383326362	-0.3499182851369747	0.01471185227769109	0.020018385493049774	0.4510084359800791	0.0084117109621951	-0.03926823085452307	-0.12255830905939613	0.2937023972575552	0.11259115859864899	0.15193741008562525	-0.00044769299756592903	0.3704079880525423	0.5710123077711557	0.39710441993557444	-0.2034168624690804	0.45958956020815717	0.39781592441758196	-0.17230001511604556	-0.26321479265496733	-0.0680267410330607	0.1435935804834553	0.9520939804098492	-0.40216074869325413	-1.8251947719625223	-0.7407712778195884	0.825225870973046	-0.3045520679693715	-0.9939849359264038	0.45119193351897535	-0.5280203189314855	-0.2626656896375962	-0.8504481329498503	-0.19398773110584194	-1.1935432669009005	0.14534652303897838	0.5940171834516657	-0.0654226275716124	-0.48026420597882286	-0.09069160135595439	0.1108691784524888	-0.5601397210361246	0.3429673086288616	-0.30069497057991434	-0.35424973352961286	-0.020361248508055846	0.004793283433897346	-0.27962341740793434	-0.18206060111310465	-0.11989404057780768	-0.27051268078117957	0.09125658561550268	-0.24124096917199955	-0.18862558710236893	-0.14987039202726057	-0.08410698247972181	0.03273842626407497	0.07994813443175425
DTXSID2046541	-2.2344805630016604	3.2973114774441696	-3.924118496682958	0.33173645257706436	-0.8560227793007497	1.543748939074734	1.7595013597321612	0.8884904588904636	-0.9829906160685147	0.09984621634344201	-0.5727365159593225	0.023712627325194705	0.022693559247209748	1.7423591417388586	0.11128106429035375	0.6484925083869458	-0.9425709344931011	-1.584333656426801	-0.259385940983896	-2.0014665598079486	-0.9663567449188436	1.3295555703911646	0.0846693587876606	0.2038663032743458	-0.1695272585423878	-2.2822079689430907	-0.3724158295278498	-0.8551092880676617	-2.4373273685707155	0.7099048863263259	-1.208258356106203	-1.4544619939062053	1.4820855149354708	-1.5392738646806183	0.3910412989275451	-1.8615991725686591	1.7014427843780442	0.9786164114581725	-0.4669208247300599	0.51063143472937	-0.6536945455053317	0.552554137116347	-1.148128769960393	1.9008782973821876	-2.3949666914630745	-1.316735241910353	1.9035622671067047	-0.42623463578259563	0.547174022892375	0.24772409969562936	1.3032151199939355	1.8332078241518812	-0.07743558239769527	-1.0394974793406118	2.6487859389266633	1.3421714274503669	0.5508872156817848	-1.7245124601292199	0.13954432321018537	-1.4510090928534123	0.8241742556020714	-1.7227925841646614	-0.7122584731526764	0.4404553825926252	1.1597261566165367	1.1693473888965504	0.4149353949799356	-1.33612421158642	-0.5756549461856827	-1.9202017740786752	0.9305677849236312	0.2901084450421488	-0.0747979677527938	-0.44057890528131544	-0.28168549940259296	-0.07187818126351932	-0.4978565610920335	0.7976033950634561	-0.21443928247600993	0.38691609398542604	1.782796210227852	0.7037758353460302	0.3034458303075777	-1.028463933063973	0.27323172514278354	-1.0736219289724678	0.6814291174317548	0.6502910531232735	0.011029571276152103	-0.3374147238772806	1.58195052270479	0.12116047238175866	-0.026905913406698154	-0.8195614492339559	0.4048317512150084	0.3480738545951295	-0.39216958745676694	-0.3663713258774631	0.4422587010505982	-0.1486451080231774
DTXSID2049216	-3.998481480777136	-1.4829564938446724	-7.239494491197039	-0.6127381780302293	10.60771640062488	-0.2881284252181009	-3.626922067711459	2.304934303422952	-4.28228836606725	1.5748454223445738	-1.3894563543652534	1.0291805425252625	2.1136535356995227	-0.6587317871348449	5.436646187589786	1.2429983129548712	5.952797439791285	-3.955858090703092	-0.7013557809560897	-1.2263846358917023	0.5160138634702989	2.2346904849939544	0.07468017849020675	5.281454735001946	0.3191581424825667	-3.6255736817204447	6.158670554679024	-3.424510663349747	6.69794375963453	-0.34195828449649535	-5.517379923704189	0.2748109335086275	-5.358204934871407	-1.514576260516697	-1.6557972195044093	1.8007606739006998	1.8645717115568283	-0.9564154241522755	-0.5312783927428117	0.0019428448996835564	0.6832547177331701	4.9593120176352254	0.011678275389564252	1.8774798425261041	-0.7230692834280528	1.2225940445108423	1.6414558018293681	1.9329100862703577	-1.43717180023404	2.790996315766755	-2.163269545701759	2.0256396997759896	4.1756128053784405	4.740466817545042	-1.040802694979567	-1.336223019534134	3.4447473924119105	-1.715860549200061	0.14009015667657776	1.529895291605609	4.719772066806622	-4.2131999615993765	2.8775219405387165	5.484709355373951	-4.372356978549168	4.026943049813287	3.538577064782371	-4.55182220462886	7.426986906297171	1.677850999123822	-3.31499432302379	2.119950330880942	0.5351628629901927	-3.0926478796493972	-1.9551445034171326	1.8775793518507726	-4.742054544744684	3.2295065689810922	2.2119066380930303	-0.7286303196321207	1.6544178085088825	0.1715000533568728	0.02479442073424926	2.1508452447120745	-1.0405611732172544	2.751159928684298	1.5942066673970872	2.3150867329762406	1.5959332512682591	-1.9852612419289104	-0.9423110743802685	-0.0028303432845061885	1.7916711291065766	-1.6143022023462086	2.2515176885998063	-0.8320207272943414	4.375011137842121	-0.7008546534957741	0.15114608153444323	1.3605028633765281
DTXSID2022595	2.4089286801962153	-4.040997516900522	1.1187903555493266	1.4849156575230829	-1.3515904740827913	-1.6617930416743836	1.222721867138435	3.1493047536721206	0.16936141314705724	-4.708101121495664	-1.9532719736653108	-1.6198715079386359	0.8850924233595322	4.1682074038026515	-2.3978505673537653	0.11592385406740972	-0.651762151707767	0.26795556838246753	2.167642401606435	1.7394318326528664	1.3039918617331163	0.012892738712657273	-0.7309890041901573	-1.487279206826185	2.4537842884772028	-0.004649938930618787	2.6312098499133656	3.3772324671465834	1.4386158936373799	-1.5879099123260279	-1.0587027475335657	-0.1392189358403609	-2.122752010881674	1.3222716168374353	1.5646790992935702	0.8381538449171753	7.826306761017328	-1.9398047819846864	-3.4677152370300717	-0.8272306245459292	-0.35889643159796947	-3.4112690699417048	-1.190724276746969	6.687516385844493	-2.536439668505184	1.6589525581969295	-2.78299657427914	3.4231193926068317	3.7866704629104677	-0.6553196246623845	1.7683778540435486	-0.7385825320359142	-3.2331529789910656	0.09955920890348668	0.8434719679814657	-0.9600195265243321	0.7208971784048527	-1.662854534138105	-0.7880460920466573	1.0099854436443108	-0.5453652230457082	1.1316370652393384	0.9290928712638934	-1.436368664970763	0.20051065982949995	0.8602138642335281	-1.1936127397089287	0.5175646812117919	-0.6364264425405258	0.8968315890764486	0.5730643574903791	0.8351071236328044	-0.5600313438133333	-0.6238440195565823	-0.39918044922337037	-0.6387157363807635	-1.3584565508189257	0.05186503238957888	0.6525979170062549	-0.05395344420927818	-0.7019961221967805	-0.42543862389133036	0.9995131515309299	0.6256418725865217	-1.0362538152562646	0.26698269707514083	0.19622609240469105	0.23023294210294196	-0.2434517593343717	-2.0073661116516868	-1.4534763002417426	0.010606282912767754	0.2840785055343711	0.0043764077214364355	-0.6160367091158367	0.6345314868350059	0.3639346527439852	0.8289083970442859	-0.6025946097036776	-0.6033414455305156
DTXSID4022652	3.373681154494901	-2.761171513588476	2.864653713880376	-1.1923176381131733	-1.3305555525352801	-1.2319123085118822	-0.5989715255617907	-0.45059531652100593	-0.8825113398369868	0.1692520120832431	0.9194478670560248	-2.3419012441735645	-0.6503855322524037	-1.9293491667791596	-1.1445876742624328	-3.1790776696594434	-0.3292639415039558	4.388866489107436	-0.5573996961160481	-2.3481128794376924	1.2607614548977981	3.712289296773285	1.943700501075538	-0.3462422920651482	2.155880801469291	0.34014578155026187	2.2914341617597165	-0.5188014133751772	-1.3476617531379482	-0.42805999297426905	2.073705258204686	1.1594570140885694	-1.2319862948234177	-0.6955690473498901	-0.5796146386574024	1.2628846566706557	1.600693004520891	-0.4849325327246575	-0.20311457307333358	1.1800609198733565	-0.3036027326904292	1.9215162227511637	0.8451470161169038	-0.061733334852427935	-0.34086957971551474	0.15818597115963862	1.639913214625781	0.42493738394682445	-0.2135126790180665	-1.6032939754796125	-1.117318817362258	-0.21725670808500666	2.5481328910029983	-0.31376026588650374	-0.3548212814987165	0.7051638703046665	-0.268146368242989	-1.3826070791436	1.8088123132188403	1.212015524698239	-1.1912031441597362	-2.8178403472081963	-0.034202380292495026	-0.8309276729950927	1.5903405969417204	0.02002754030201297	-3.3832834790080857	0.33376665959655083	-2.5416986233288146	-1.548813113476646	-0.9794702174767183	3.3406405790343507	3.028542655614176	-2.3765533333584745	1.4854875164623051	0.9276551725743581	-4.290017788119305	-1.2111837162217969	-2.0722602706839717	-0.1934768094474412	-0.7426668016535852	-0.8442707227751127	-0.18342274377003767	-2.459634056292125	0.5174357573181693	1.0630568397912725	0.4441572339732413	1.4432476617619223	0.44099170285523914	-0.46111524278616783	0.35011285699892525	0.875193558205135	0.6423967012224436	0.13979948240015366	-0.35080719097015095	0.09326001732784965	-0.40976977547112037	0.7518625574691365	0.5915802445975067	-0.5011221760164246
DTXSID7024110	10.142377556407626	-7.642390617146362	2.1028043182343676	-2.7404495336739	-1.1059024246974287	-0.8639507325080732	-3.7396436747804143	-3.4240731984774126	1.969889317299699	-1.3781575603757368	1.7527851558025973	4.410175395132764	-1.5497984558419093	0.33645716465824743	4.945828721078449	1.7314341362273187	-2.071326764950236	-0.2932137445347109	-1.3900923294060221	-0.7761151426851298	0.893007338823996	1.1289223666932462	0.2050714644911333	-0.5906383379019485	-1.551555021280389	-0.6293933375145028	-0.6326650365716773	1.6508924671207696	-1.4071211917061173	0.8750072136262605	-1.1734827253263762	-0.17766409181740206	-1.012440035195326	0.378854506065753	0.24810304525641086	1.0505930113805777	1.4294612053327707	-0.6145340018774577	1.2713915023549607	-0.02508236080507468	-0.2592737389236737	0.41444552319753863	0.08130304632879513	-0.5981130735975145	0.4032850231394567	0.3590822241359966	0.10091624971719555	-0.060203958325114076	0.8466883645420791	0.16919646558619816	-1.0823749188597376	0.6603391059813529	-0.2116491716787352	-0.0530890202461488	-1.7557633662025944	0.3513066419808724	-0.768536936633951	0.39194628524054753	0.6123695980643982	0.3890852079886138	-0.23185183915799273	0.8435123020596657	0.6027143823811694	-0.26710179073713297	0.14068214653492264	-0.7385502515672807	-0.7883943805944733	0.12335735531249761	0.727562594099614	0.8709587510385159	0.8030896348450203	-0.754410484570117	0.9917328854234354	-0.4502588269302223	-0.07067075150443076	-1.2124023655147513	0.8472165425263319	0.3779617625790036	-0.5310904827419791	0.25274033743531144	0.811212187367632	0.287582373163136	0.019781438480244776	-0.39133011739077067	0.038432292800521906	-0.6628602932768306	0.43564774379853866	-0.17983323828575848	-0.23425632833669383	-0.14298030858656416	0.7005928149424743	-0.005101271727770489	-0.2744713866171938	-0.4182249710253026	0.26505927914290983	-0.2116663541316117	0.549834628255618	0.5388064846574622	-0.2870443615632723	0.15935338854627
DTXSID7057604	5.356786865218774	-3.7841045418090253	0.47521522254638876	0.4814953478188633	1.2185319073547392	2.1145868137186605	-1.4168157630355467	0.813135597541034	0.9047979884897119	-2.3529378285337565	-0.8075492274153775	0.8452434512342702	1.1630978445088835	0.44574510893500063	-0.37091459919417596	0.7677164149925325	-1.8237863796074376	-0.11186135850062531	-2.8931831753823896	-2.1672440705072766	-1.305806328865924	0.5389864416738602	-0.906320128140806	0.17898501595492436	-1.2099515412967625	-2.740726722242729	-0.2883661051042342	-1.2111807441550708	-2.108806206375423	0.6675650629762105	-1.1491813867738463	-0.3875761095191711	1.8710426206832413	-0.2105313378779614	0.5339135716610806	-1.7230782452462143	1.781529974611175	2.404468693833412	-0.48176095917920253	0.1458109832380751	-0.29917356596774053	0.14858343719061315	-1.506044103882089	0.6342846047112118	-2.341760750384088	-0.8268116409698898	1.8834023676477116	-0.04155316460688254	0.7278105990455005	1.5527209816169765	0.922819385347556	1.3100397527389487	-0.376677522197965	-1.2104363923742254	2.547777988073057	0.9333479231656375	1.096642654508204	-0.27961907900707683	-1.3598148189898678	-2.8427526142137514	1.5397688875435869	-1.654593382950581	-0.4543956610146682	0.4903638011928239	0.5099899967784607	0.6269151451464571	2.5368005606283996	0.2641894792274715	-0.9761206117636705	-0.877845597876322	-0.5599801579799671	0.32973324276363014	0.10040903930938269	0.8344273215948104	-0.05993493789051887	0.4493893115858353	-0.023780917917607957	0.15875611308845627	-1.7039473038354234	0.388821981264236	1.5593063898513666	-0.6471550206579587	-0.9322336668786292	-0.3977030690978699	-0.2743215472481002	-0.40617837622828223	-0.7313826638139513	0.5695069096114349	1.1887315441228685	-0.7410554216363063	-0.6832415851384727	-0.6254630128683178	0.38348882989944677	0.1868624310520921	0.4648509230017421	-0.8597158734227147	-0.9686060474025906	1.2013090307698253	-0.4910960711082175	-0.20648843736306802
DTXSID2048826	-0.23255949402545154	-2.7531624339921716	-0.9258116946158421	1.99440039311496	-3.077694901265055	-1.1859277087394702	2.5674749798433782	1.7506628594681102	9.366821520980286	0.2605476365552152	-6.90109096900439	-4.785592667682837	0.30979191567239844	-2.5925393698966674	1.1785410857987515	1.2231608079728422	2.011038457950506	1.692807842965477	-2.104917576119631	3.4919055850948157	-0.26613790060220505	0.4521335162538377	-0.9882267914453859	-0.6727207913260318	-0.8054744028027501	1.1037599027741078	-0.6295931464271757	0.36701479479470767	-0.043194542416762766	-0.05895810671118607	-1.3914522889856522	1.7707628544596254	-0.7619394282432886	5.426107221006412	1.8332471282145204	-1.6807752182138085	-4.344356263243329	5.501564967887785	0.4086249774871503	-4.436414906326712	-5.055527350272383	5.556668224081253	5.449339884314126	7.139861161742306	-1.2517853331232107	-4.27832309506985	-0.6815754963137809	-2.74321223313985	0.34094803785754474	-0.2316854464224118	-1.0293489298535219	2.88629791145415	-1.482531334612506	-0.4414891245623919	-2.726099350247375	-0.6653336100569041	-1.496734333878443	0.09158962948342961	1.8286559516086116	0.7065200556984497	-0.2768280216260292	-0.10727770128903559	-0.08585762459843066	-1.8057096297145936	0.5528703618792941	2.7179717191455737	-1.3905753627032615	1.6276223276809811	0.11913297287447845	0.6909157768767316	-2.1123161584218617	0.2338156629009183	-1.9248874915502325	-2.1720281456275115	-0.3206145861967134	0.5424204086575699	-0.691053645720674	-0.4887495391291917	1.935181016518794	0.3165652657872693	0.24668282064016248	0.6970102272081818	0.07547477140624566	-0.9925097462695126	-2.0289721703272314	0.5699482990392066	-0.4401678116451771	-0.07447776005196524	-1.6686381543853572	-0.0057105678221179654	-0.7762082840163431	-0.10066372507970904	0.1546358397832139	-0.7985192338163415	-0.012137470030267692	-0.6073983086274549	1.7780543545298375	-1.0717067601853334	-0.7797132620436837	-1.1516019343821096
DTXSID5051575	-7.886035992224788	3.4173872470948816	-2.6217203632663706	0.16282251729211142	0.9224239143055004	-0.06363981948836427	1.3349143289573469	-1.1906361932790088	1.040601297079651	-0.28534924612999574	0.2701333051338103	0.990218044646683	0.8299348339350049	0.46665845052885613	0.8384179789442291	-0.6553014388578268	-0.20848564387853694	-0.20530978377483056	1.3018496891842979	0.051298196755651004	-0.42640561115737446	1.1539651659784194	-0.038803965792338045	0.09215495592070871	0.12946822202614303	0.43806523060153874	0.2611594970238629	-0.468626998975957	-0.5451227661729315	0.6854166031936576	0.6254295691893292	0.22029824133092968	0.4650021532779674	-0.37307980860299433	-0.24706574836174516	-0.20456587478381813	0.3945344480686113	0.6202381836253841	0.06831815722312047	-0.34370814861284116	0.018326412317407448	-0.5915250439597427	-0.15580780459560672	0.32718215357371394	0.4792711073590621	-0.5307913188132185	-0.15188604711449896	0.4034943847897063	0.5243260295078115	-0.6612375209600724	-0.34806273274131977	-0.8659721478473684	-0.02239397883304268	-0.43584396522027197	-0.5013016559010441	-0.20916545028910893	-0.004865733362814977	-0.8582111862859503	0.1507182139635299	0.3152753292173947	0.18627985227808389	0.5040648264759798	0.25100063201768386	-0.16779742736481154	-0.20147594752486847	-0.8345924492835725	-0.12575270813408873	-0.008372874296171872	0.13899206982544568	0.10974680070138051	0.26662250759751377	-0.14895871762039328	0.006609354416342169	0.1262550456678075	0.7321490357688822	0.14390039140503674	0.3427187034617634	0.12528051457641162	-0.26490078545420154	-0.31997835505544237	0.04469170196578196	-0.34966798667435434	0.09950813466834683	0.1694620631980103	0.12036618707703288	-0.23739155577023374	0.852566800454748	-0.2191414336874322	0.03535743389575074	0.19073504034648497	-0.4709053538283325	0.2185598205484419	-0.4044811775211015	-0.11373866477230551	-0.2781643354445338	0.3041016287091622	-0.21073436146519592	-0.1140703766497365	0.025158434896429438	0.4309218252730691
DTXSID1022180	-3.63526409618776	6.663962989141097	-0.7231955050891663	0.5355787704632057	-0.07487220233855438	-0.7476361793392428	-0.20507778451027475	0.32569434478651915	-0.31574534765103385	-0.3205673383210344	-0.5641324085603239	1.0066177267040477	0.04372181148266546	-0.11566695247770124	0.2357194408213941	-0.12684050036737815	0.18272574958387525	-0.04396068229108555	0.21202042025035261	-0.21217993257089526	-0.23257110025581265	0.4632856375291436	0.3600550654480166	0.5292818772752923	-1.5016633060754612	0.5264159447711922	-0.3226300409257645	-0.5934100815655712	-0.047253712919909735	-0.14032353047153634	0.5073079633257883	-0.45480946706381886	0.019531961703723077	-0.1800247358796548	0.4711553942316877	0.19724208411313018	0.1104753324217132	0.3659591195491822	0.11899158686138096	-0.7519850203571393	0.4334241579258649	-0.4565048907294855	-0.2576204839672971	0.069048406716244	0.4858044735226926	-0.20332241252781885	-0.7220465804714175	0.6670406964519344	0.805181300638186	0.2637979420962036	-0.6483761784320212	-0.6888521848211883	-0.3534058560317357	-0.45000387651560997	-0.35108667790620235	-0.5861517174763571	-0.2613917499850754	-0.7434244378119649	-0.10105033908881944	0.1835122519142649	-0.7356507052083604	-0.4371121650160108	-0.43731057654191513	0.01396350523171931	0.3153767561033541	0.4035933524742896	-0.27168561035478844	0.0787693108403239	0.28307327147253186	0.37930356452008523	-0.8571559069341553	-0.3722234903639801	0.4199025557405112	0.44749082282305547	-0.3968044446596952	0.5600861034650245	0.41710702634298386	-0.12344492271287036	-0.26034440604394604	-0.27706679022518904	-0.7577590961549451	-0.8387306262799031	0.6400746637955523	0.15118179745819918	-0.5087482892948955	-0.379058299347851	0.05800071058107882	0.019082030284778072	-0.24830424086716085	0.35637520419479474	0.8248311505276086	0.42398375772374497	0.10785685489369624	-0.3725617722558015	-0.07261377371058435	0.5875657814850893	0.11026149342267091	-0.11958717932134279	-0.3032084730193683	0.021777548057446507
DTXSID1026908	-4.929139824795388	3.488701484459874	-3.1742613797509147	0.7345761995919844	3.186999027480181	-0.40114127242248704	1.024968667747113	-0.2179315043360169	0.3408848588145207	-0.41729449887008024	-0.521616070553425	1.7034250387550667	0.1882943829216108	0.006899369613879377	-0.35781480416323175	0.5751815436636413	1.1993946322116007	-0.09112146114335384	0.3713981184085401	-0.9233036464682137	-0.43167846730603304	1.3555805668800616	0.3750597889916461	0.31441851354223216	0.264722312084534	0.5333141138731162	-0.818846004408635	-0.13949976955282484	-0.7944782657354621	0.46167002691389725	0.8926254415102098	-0.6203359218729365	0.46140699908166066	0.14252317669460876	0.2052722495026318	0.1695436644875035	0.011026290052932321	0.783135184889348	-0.30402927705528987	-0.5602024294695582	0.5571610392712831	-0.6569895998572006	-0.581891162315129	-0.026255352456496236	0.5071569502235468	-0.04767424152358005	-0.7168416809811107	0.34704638295953183	0.6352690221586912	-0.48620592749852	-0.5450900876720325	-1.061576479685741	-0.3153998331706477	-0.4120186337713856	-0.6671909706354253	-0.2876454207536471	-0.5457717253901067	-0.3313052348766169	0.608779312453078	0.42385437362833855	-0.04230444289750187	0.07802442050594117	0.4245774419681725	-0.6308842761477232	0.6774779320882397	0.17784619158568554	0.6861657894711716	0.009751420000064183	0.4057049783241523	0.03147243255025722	-0.25148909710346	-0.7300091695757887	0.11655459335297567	0.0953880294633705	0.07936301199475183	0.5560863773987786	0.36547250199996634	-0.5597404192638484	-0.14493074977309475	-0.2748974477996942	-0.436625200491432	-0.34676831738325925	0.30604979461066956	0.028859282672491944	-0.20578300006990508	-0.24355548627616996	-0.30040618552230647	0.28558377962986575	-0.16311917573769	0.06790074096128297	0.08414296843683122	0.702909639834411	0.16208062366614331	0.018151769435080133	-0.15363116272163252	0.20950053460090848	-0.7057392276245467	-0.4254637514590419	0.002865102606061208	0.6242303595906147
DTXSID4042416	2.492986322640017	2.1420521711916303	-5.270076625793711	-1.2177723568734504	9.292441227623998	0.056108663733076894	-1.8734895831514946	-1.5960092928180105	1.1301575458280235	-2.025551239854893	-1.226645689478895	1.8267036670687253	-2.0992838538034424	-3.3299439581851598	-0.6366299323321807	3.185568857205372	0.04708898330760284	0.08637455477031229	0.7088252411760423	1.910094021504921	0.41780162191606346	0.5977483308968926	-0.8166588978357772	-1.0199001391791176	2.2581915615397175	-1.849242930640677	-0.27463492737407347	1.4200404884673086	0.16799286935653168	0.26709549009539585	0.5387616009665506	-1.09399370105041	0.6415763505667392	-1.2070676397555506	0.5942741180262738	1.6286353625186214	0.1623403717431974	0.0060038615120109416	-0.12471691687856701	-0.2140040697517674	0.23623582748040559	-0.22560306209082176	-0.8399798375973986	1.6479242850577027	-0.8892040969222048	-1.4906494621854112	1.428436301973374	-0.4512825720617858	0.8999908618992772	-0.6180716154288998	-0.9175261247057528	0.1035456068622819	-0.37828628291282207	1.0267331327439064	-0.6014778722896263	0.783929643988948	0.11282412432081636	-0.8091969992777038	-1.2198121076407173	-0.7027645335290755	1.8195406393363072	0.5664269822083868	-0.7970065561172889	-0.980044758234197	0.6660296130549418	-1.2909352409248573	-1.3105208398044341	0.4398503586927973	-0.6839798862124554	-0.4134216349433136	0.3656277198731769	-0.3423408012339736	-1.1507517455462786	0.8047354802888129	-0.4012951271932772	-0.3122163601354803	1.7937612123045228	-1.5540693337219225	-1.019150443331618	1.8797637823172961	-1.2232640039173877	-0.5443986871801864	-1.044831162959993	-1.1914104840083226	0.8052675141827316	0.5870261518963111	-1.4288212060008771	0.0959140249115383	1.0169957577376632	-0.6819023420711601	-0.06610543426518344	0.13189854323948252	-0.29552519165845575	0.22637859014514325	1.8686965637147446	0.806490881060733	-1.1311832578883336	0.1772074109969434	-0.5721572233813047	0.3874447690460333
DTXSID7048582	18.54278434137332	-6.696296606297429	-9.554629566101022	4.18045081533711	-2.0759607932970083	5.094503385886604	1.5198377718228757	2.319141357307617	0.051982176054220695	-1.5976057290680636	1.284313646909003	-0.1644443498986594	-0.37888667791157493	3.4498454700107177	-2.0454119143681693	0.9881334590463483	-1.8871099567629692	0.11965534031073796	-3.3175922198039287	-0.7573683484429417	-1.610728008775973	0.06994351381010182	-1.6732274844719541	-1.832632327558489	4.268271896482022	-1.7608892631437325	-2.643813927957007	-3.165971934754646	0.7679135009105545	-1.2140849524981485	-0.528050106423562	-2.1366727966625114	1.9193364070420713	-1.1083187328806419	-1.0661270308406363	-3.7185441991137975	4.0610744124935145	-1.8294824823776679	0.4995222849734772	-2.22988424032958	-1.33159798999448	0.35497899837545516	0.9302648153797415	1.3109064887280697	-3.3268584431624424	-2.1600278077008976	4.266425728838924	-1.0406829655777978	0.15107048784863705	2.3858810322044826	1.4938179035841286	3.7046786506605773	-0.5030140093958706	-1.8955313901908257	1.9335477624974062	1.739615399227177	-0.6671170377063261	-0.7773041912130075	-0.3005515803730504	2.2287466440419594	-0.03714548642116086	-1.1806872838503102	-3.3046629249798656	-1.637555902553324	-2.141737273249365	-1.0169460036422404	0.8435132495652606	-1.5966773957634672	-1.6156077926282764	-1.6889341907122641	1.0065598233856838	0.9555565693940795	-0.6099264786727924	0.3767713773441534	-0.7560880311865966	-0.3106020505277096	-1.1108434285036843	2.773864830510191	0.5472996837055489	-1.0312409187798655	0.04963754488004235	1.2657000336373625	-1.6960580317259268	0.26969210130104415	-0.8245661449475352	-0.20408400062126433	0.0702147377132904	0.4585377314133522	0.42253940425707515	-0.11228961114670923	0.9710340367646753	-0.380751183066735	-0.9969322590577302	-0.4499277476336997	0.4341049219697349	-0.7468529130212942	-0.34265609051204543	0.6980929318403272	0.4973728529839464	-1.2950239564667836
DTXSID2047357	9.743836697567254	-4.295634651498732	0.23398626803361705	-6.141382803724605	-1.994594357838697	1.1860244993993398	2.971977016085094	2.4551510370837457	-2.38193315767842	0.4086773428473141	-1.6439263274928984	-3.688867888452434	0.009008119138447998	0.16636996646601923	-0.4056814830639884	2.2684248519383154	-0.5577644122891909	0.4402799226600708	0.14696642316245034	0.07950388601021283	-1.942623154522418	0.3159323847143756	-0.3273242719815908	-0.30585947669223357	0.07382190267108109	0.9401497591913762	-0.6498733802947589	-1.2256457295088414	0.5639750864126796	-1.0345991319019112	-1.7784288005974016	3.0529764405161215	6.171545732159606	-0.15888588895575642	1.962510646436225	3.6104413856244384	1.6355305869678929	-0.3616456357478744	0.3738270970279012	0.44273201516868554	-0.3156947663266071	1.105191286175748	-0.2985764143129788	-0.9535923297916337	-0.1807975721314997	1.9484249071535606	0.6360478828254237	-0.8259825570485335	0.4065017911248147	-0.4783964304333287	-0.6817233742660723	-1.0174046616023307	1.0713419356813334	0.006947216167478978	0.15089602037064812	-1.0157585944698238	-0.852724040173996	-1.5488829689621082	0.6108758036424967	1.2160919466434887	2.1902564461167575	-0.010092624948378618	-0.1840887536845384	1.740198062867202	0.9579783588809481	-0.8345008756935831	-0.5093017274267988	-0.6706844154491939	-1.8931894376729337	-1.0457682590128135	-0.4102746851439322	-1.0704572710204416	-1.972426179419886	-0.404067595492657	0.7409492962558366	-0.44669775191344585	-1.0288820022403147	1.1961413799682232	1.8555123711127721	1.2839134361164237	1.0878538808731197	0.5473394729029976	0.5133595609287425	-0.5829201449958413	0.8330349811679805	-0.13981300431085764	-0.09406455373960824	-0.18068860400756676	0.4557486544620238	2.4480471205920966	-0.20482365885966647	2.022935429356872	-0.3629902809361552	0.10766341975090254	-0.8743598270292123	-0.5685841186471795	-0.20124136664776646	-0.33967724335988136	0.6704159855130666	-0.4864227875190673
DTXSID3046160	-1.4438441590195281	-0.9631936528056408	2.677445568132856	-1.535380858886173	0.6492077682013115	1.5146213287991765	0.36083680457670203	-2.077081654924234	1.2772469662500507	0.12518809093185632	1.0869760057245137	0.2744590462314358	1.9910400534750694	0.4130679191234452	-0.22184791210892968	-0.6714224347902763	0.04940561926601301	0.6103170733872376	-0.9719596839538147	0.41483124828347745	-0.9635220991484413	0.3819446773929848	0.12048343283929502	-0.7660704983961496	0.9362316064692519	-0.31787299306325306	0.0828343744808536	0.025716067785812834	-0.6404745695363048	-0.2590851825186268	-0.11901055121365531	-0.2572293463160981	0.14848789726609682	0.3312946026753384	-0.22849907593826363	0.13200915984232073	0.716864661624277	1.186383000431123	-0.30547102438691887	-0.44194891563897715	0.3091475589195012	-0.6792783989516826	-0.5547522257328993	-0.9885523743409784	-0.015561330050588445	-0.35703781242983323	-0.07867120723882416	-0.4377317214235423	0.23264139269094303	0.681867931051134	-0.2785146675408969	-0.9888599383150003	-0.5590449556331281	-0.40481956346735215	0.08333154523386609	-0.165810336500534	-0.3384015555556773	0.28144517623513915	-0.5900904984078034	-0.5562571917610936	0.30766676986706926	0.03857588301264343	0.7451372473276404	0.07424867322183361	-0.6619941588453896	0.9205815766259847	0.5173134130893774	-0.4432302571314509	-0.2607057655783494	-0.40191328591854236	-0.8280008967124776	0.45424261976910985	-0.5615629550085889	0.12824328824896017	-0.10327569183118702	0.20855371515901422	-0.2584843567733759	-0.13206265449172172	-0.0785153274333646	0.41624055167437196	-0.01977689768579972	-0.7923857849603716	0.3466209246090755	-0.2158027344934406	-0.09854253499253593	0.5896614302270207	-0.09477150819315236	0.21124011377198051	0.5533971535625059	0.6345342664266879	0.12449962524446379	-0.12563785100759314	-0.5879121762612954	0.338312336530828	-0.10152206876493693	0.17348362860068117	0.28914253433458664	0.2983101703966658	0.05760345978520371	0.0553165760788382
DTXSID7027043	-7.037989135470553	0.5243524300483413	-6.389602061878485	5.55654660953292	4.949375620201541	-0.10598697773942638	-3.0499918703456466	0.05298602246470427	-0.5685478767061725	-2.9069217796729188	0.8086721937046671	-1.8762841518504425	3.8973848907192585	1.9934838815736167	2.393206296407873	0.9025040395434317	-1.8558178986034983	-1.9591236605661189	4.676192103843786	2.8760136812413455	-0.7957375736550463	1.5073728988397759	-0.9915481064722887	-0.2387806307407456	1.2427343773322692	-1.9035729926277765	2.8521098207637396	0.6822202424265571	1.4130675489068487	-1.6931983439821947	2.691592455541621	-0.4270943257436709	-2.445762368715474	-1.1031225946754717	0.45674024917005196	2.44828683706389	0.011637915698049133	1.332115304221086	-0.8785929625864941	-1.6815726652629057	1.598308697955195	1.471859817554079	-0.7818063081710556	1.2177862986565573	0.7095836094204739	-0.8892200715547997	1.6726527367106627	-0.6745704992151035	-0.4063391187453079	1.199042517825103	-1.7119862602323805	-0.03600977917133553	0.022077851598127474	0.21808917113916954	-0.9407513966220955	0.7228670261778385	1.813239471737105	-1.8454728762567518	-2.136681037645975	-0.7114174276165486	1.6525299988213316	0.03845647653980345	-0.9556488122716993	-0.2795944776733085	1.069145529443352	-0.11331423883562035	-0.7220098193548279	-0.5513503513467791	-0.21797624336185395	0.9363172061655513	-0.08247424396078898	-0.7479575138802551	0.3703761716529285	-0.6373058513896729	-0.49184432459749955	-0.5281034765755126	2.8386805009164346	-1.748428335231192	-0.5318451796198225	0.6978148966365266	-0.8423593369102682	-0.8835332053102661	0.5341430215218873	-0.7221968747006948	0.4727171525731195	1.160956971082403	-1.1532815385257218	-0.6671875572257897	-0.6085597587896795	0.15340785344031224	0.9845029976407941	0.7526082422982453	0.45078033140012197	0.3423711662022791	0.7183579876428164	1.4355602713849507	0.8628667690618697	-1.5078320268358496	1.4263726721095003	1.5312052199509492
DTXSID3023502	13.24288519148426	8.610904567549118	-1.0214204467927555	4.595282946011598	-3.0761409244553244	-0.7070296566286002	-3.0200323117284547	-0.6303099629905692	0.8486473891208849	-0.3779121293944629	0.9017375374655461	0.0416422105784657	2.911441613835515	1.6180378556779733	-1.6724286927747503	0.20168009929595065	1.1975769407750843	1.1722607448413371	-2.3481099638669205	-0.2912314854542632	-0.2779920611643522	0.05796611549934345	-0.360766558563738	-0.3874380529931011	0.8478074972350783	0.2498979178591845	0.4262900527588281	1.6073481869121733	-0.6177078461284105	0.4542783252415804	-0.533193292182849	0.5449230916860477	-0.43129726221944	0.8190561090152542	-0.012445619156883173	-0.48817313906324783	0.2811058064000167	0.1867584427451917	0.21518186424636282	1.2763553296047252	0.23991638086655723	0.5531368025171969	-0.5448863942516637	-0.7460059329651483	-0.03085257064774434	-0.21048276922423445	-0.5970180569712407	-0.12660364482240793	-0.6339692496944669	0.3492179063533963	-0.5586018505756786	0.6803974858355888	-0.3955646446142342	-0.02890689408335297	0.12695445693738983	-1.3114784147133547	-0.2108713020489523	0.322888682038855	0.9319525756737563	0.9178488416999244	0.5996763779166187	-0.28131777123739693	-0.2761452218597715	-0.19336264998487537	-1.2520345793753775	0.20806409238836313	0.1753818690440684	0.05155289509410411	0.558607405844235	-0.158098321212079	-0.29591736211626823	0.49364258397880073	-0.017100065388278327	0.11672725772906184	-0.6438033887239263	-0.5731228557844519	-0.23395830994742384	0.05841780185049587	-0.023535866059781228	0.38870825558958827	-0.2675556778294647	-0.8844203904575137	-0.6920100773381064	-0.13696029651634622	-0.2783174441405791	0.4036465410015156	-0.6819320406534691	-0.08727541136825584	-0.6184945883697444	-0.37774481098455964	-0.5758629752119191	-0.09076648022150378	-0.3605371583422152	0.9831350897277976	0.7176104478691241	-0.0007408514337404071	-0.3517526224007695	-0.371947726003393	-0.28439028014729023	-0.14473436581903246
DTXSID6028022	-3.412337837174246	-1.329705043871176	3.5921014252455095	-2.2627466843270247	-0.07322125056771787	0.2761600269541977	-0.526518366165223	-1.3036410926749853	0.2237074757762184	0.5806773051825364	0.949194380716428	0.030188858231557678	1.1263716845467835	-0.6421185201611164	0.8650543515871152	-0.2773309152013953	-0.06548689375637706	-0.2706131621575923	0.5831902549134453	-0.6535914559079314	-0.2741922436360922	-0.14087752136451173	-0.790260564212872	0.05313458914144708	-0.27718383673102037	0.1229138287322157	-0.8645132776277424	-0.8606404726528076	-1.1514505753529167	0.7321594652936227	-0.04784255822127755	-0.032481661864040536	-1.002716601442459	-0.3748614176577111	0.04103949367370505	0.529341127492155	0.3885002919551684	1.123547663619255	-0.25002691127179516	0.20736445218986901	0.860901866046312	1.1850132990471884	-0.4256858755971241	-0.3675504703931016	-0.0652490304395993	-0.04570088241130065	-0.3675096816571345	-0.2659085166998778	-0.1398374662237184	-0.1656385538500451	-0.37940874144196085	-0.6588810783762689	-0.7619996881186739	0.3477364227943533	1.229676388755393	0.31911719049412585	0.31241678361713643	-0.3709733967208491	-0.7248537006909682	0.26295946980361506	0.11248305481707051	0.4232320633913518	0.6968454173328883	-0.18155909247846222	0.7788433660225758	-0.3990512422393379	-0.32322052228234793	-0.37947033184233075	1.0358751957856926	-0.8046774956321505	0.06753684490461956	-0.13639279107968666	0.14320671402987437	0.226605341752863	-0.1569760672829213	0.5796498366503561	-0.6815295512880536	-0.7053752856556154	-0.13224785163846745	0.19678200634648543	-0.19313853694301245	-0.28931971474842927	-0.0047531216590901435	-0.22941801132269427	0.18852690221554702	0.2963554237216957	0.17800544383315442	-0.10857273842250871	0.1597580102291514	-0.11099848485313348	-0.08431749965230258	-0.015422557372408342	-0.4172959262385032	0.12440023188959179	-0.09991537564727124	-0.0631268103672465	-0.21276440545290468	0.11464113823596332	0.2570301881649789	-0.1236387002062981
DTXSID4026212	-6.209617258139186	-1.2462872871807673	-0.6452969238429688	-0.13167822176954097	-0.7992935632684356	-2.6456053359367355	-1.1498049595807924	-1.4186772920480715	-2.9714891987635097	3.2339775696712776	-0.7825012478919763	-0.6371490095603044	-0.5794362698615262	1.246488040897502	-0.7285895872277477	0.6994756497141388	1.185897037069766	0.6651800830232102	0.23180023699442842	0.24472233198214766	0.34408297017946693	0.2552838684289484	-0.17704679894490766	0.21308635797461542	-0.42953813305347094	0.2080898699218241	0.7653825943342203	-0.5279381409939271	0.07114118626669783	-0.6712260990265417	0.47662983851926105	0.8336405570026414	0.09719684543019462	-0.1789388878727591	0.036325443224121796	-0.18483348065675764	-0.9923529096048767	-0.19740238283824613	0.4305273157932889	0.3391185296900793	0.363787214778122	0.001542464329092142	0.018508391659264104	0.0905307557472324	0.4382969496797139	-0.4664709713225051	-0.1882576462210748	-0.009521172763202948	0.37240069727078634	-0.10884808880166535	-0.5568344432825603	-0.10437687049336786	0.03237129151417252	0.9739603245448804	0.6111615428576577	-0.5477368388922533	0.28789167803598925	-0.2814389307411382	-0.7662235751963566	0.01724426756094517	-0.011417183366392475	-0.4710245324247258	0.23570740217155237	-0.9407095556621795	0.6088766712022812	0.10334947744731411	0.8500225244898387	-0.43607283624681104	-0.38087300306598104	-0.03256844873387325	0.20425928778680627	-0.6184348499799441	0.008462696297887142	0.3556493497956409	0.342579365266609	0.18357260202576292	0.2935589258162632	-0.2010981826849279	-0.18729235754199805	-0.08295319407270191	-0.027382195980037476	0.33593386433597205	-0.4889534208655102	0.1383317694375224	0.44856852958817656	-0.07355187600037215	0.4892574714658962	-0.23303851479466126	-0.08366820863488479	0.32134009260360535	-0.025743643219669994	-0.327011699777529	0.23319200341294968	0.1935686363679287	0.30845262730172723	-0.09508730354691233	-0.22633856028272456	-0.08732139423945767	0.08667329594399295	0.10526555264809323
DTXSID4045345	0.5605465705502496	0.9527877426998096	-4.65697367050824	2.2068587628343272	5.04005547876084	-1.1699156975319294	-1.2610328230345282	3.7091491851450282	-2.6884240592349458	-0.20179888420172756	-1.2829573856972596	1.090005814379597	0.46799216619742606	-0.5957442942504866	-0.30832629169991227	1.8751028584231064	1.4392368892254692	0.690038005532006	-1.843320508252712	-1.6227770892090359	-1.1301103724515902	0.19739419603366806	-1.5668907306005344	1.8225958428772695	0.6766932190345533	1.5122418858230582	-1.8448407112507494	-1.57905890052614	-0.16318780479121894	-0.7237806519305323	2.670024788470136	0.40659572447594294	-0.33448370201494343	0.789491703816097	0.45073521800842076	0.15177400617217496	0.883494213427487	0.48369946509005457	-0.14148214350832958	-1.850309209331445	0.8369144665954837	-0.574973071729279	-0.7019799514650504	-0.32806264435155486	0.6247375523358972	0.3950775980444961	0.17939853584359094	0.52259529856408	-0.4463884534360858	1.3081106768010562	-0.39932966327344016	-1.311420054269766	-1.8678678788676002	-0.3219763715181825	-2.0974116674790073	-1.393497435508086	-1.5890964746027543	-1.3255976595941668	1.6057616237443588	0.09872949842178028	-0.5696262682835559	-0.21216753475686137	-0.20212262274182546	-1.0674417863529615	1.807203585997821	-0.08878617238952144	1.6546181111859402	-1.3147351077076503	1.8298098519244301	1.1553988762792629	-0.7208879142232741	-0.90220194900143	0.11679974543559889	0.5403740309759635	-0.14049212223474647	1.8060289604378423	1.3335275716972952	-1.9327204900083053	-1.2796338879978966	-0.03556132152222276	0.11121586961133931	0.1127992097035905	-0.015920952304924726	-0.881321200988497	-0.3134276216301695	-2.1006957697474524	-0.189674693525246	1.2156406500489492	-0.18418040057844887	0.21235870309242438	1.2960348946138005	0.5823771433395097	1.4242223602862631	0.33348599158366016	-0.8664944579842448	-0.5827393460339512	-0.6796538933044284	-0.1553791044936857	0.7660740181723408	1.3329589208714507
DTXSID0047537	9.279791190684257	3.672835854913178	-3.660505440430181	-4.971754337873019	13.22175831540196	3.0404635953806176	0.3540313438479695	-4.278704785359236	1.8240723607425873	-1.350384220904341	-0.870062654655148	2.299472596376494	-4.001297533589455	0.22609576774173584	0.12649265033957277	3.352092944007107	2.8413748651495796	3.7142869003370897	-1.2269043458530597	0.5230424588402534	0.6954261948184058	0.8164341626602928	-1.3425876987739307	-1.1733924166637426	3.7794946862610534	-0.6162494046261524	-1.5885160393288669	2.5221509921049767	-1.048403659845355	-0.8758470296168608	-0.8503482751402822	-1.712718986064796	2.5687072314437014	0.4391558794965576	0.748915139433044	-0.14031728141624394	0.09020289160600904	0.1942010310878278	-0.6396573996489369	0.4206294105483639	-0.06867375408823201	-0.7234473906263732	-0.8414689246324246	-0.32563540978987304	-0.7445391829820387	-1.1833211058926585	0.9067285863247546	-0.11765965341947622	0.4101418473503108	-0.382248352656579	-0.24225956180685915	0.1562197449047934	-0.3218672262063287	-0.1630750056238626	-0.5198328202027205	1.2325580956579283	-0.6200787344008002	0.1877948184016885	0.23592718063144094	0.1619210724351551	1.29956906173782	-0.1900150143816615	-0.005625751159164044	-1.4544191042022803	0.22311636793212866	-1.5600156134295822	-1.7309099124994516	-0.1811682806488182	-0.6325937011872549	-0.8598075680214656	-0.14162283612386684	-0.17871467425713303	-0.32807915845517555	0.22117189472138424	-0.9670728440953025	0.7470048411665589	-0.39832653273171625	0.8586141128555079	0.29538843545185034	0.572731261449031	0.442734203238136	-0.4571892666447686	-1.2776800052551534	0.21696933367883253	0.9785067456098616	0.8154255200085277	0.40565398633768407	-0.63417654849884	0.3387060107035785	0.020873713384639555	0.2984080807724971	-0.056469182062331806	-0.1905499330519386	-0.036774080305421536	0.47897206015169314	-0.6132074171885828	1.2206366149169154	0.07132703527579713	0.13867106027097878	-0.4091560454473351
DTXSID2027830	-3.745377061343155	-1.5320732980203389	-1.203462181483665	-1.1044474240944444	-3.4874252214555823	-2.735470454476529	2.0481858156473534	1.49568267733016	0.7536059039922524	-1.5605852464813723	-1.1255467409702085	-0.15293504958742365	2.1260319907704956	-0.2885363227684471	-0.32412538288429743	-0.34535171415847715	0.8708047716887809	-0.24584063466231407	0.47918936759874203	0.6113645606702459	-0.2225800409657215	-0.08298198793117433	-0.9087708247025276	-0.7945775846070185	0.8808016410773952	-0.17368308836903606	-0.1253317017840919	-0.8202525936237878	0.5895321560712603	-1.0648737419473666	1.311371303730667	0.18231310987493196	0.0993880456568219	-0.09057491183616777	-0.6159994615856309	0.01757339239198594	1.5881948441927505	0.10210054319731106	-0.6585203902206166	-0.9410734048938364	-0.5324802774923995	0.020273409687187948	0.2859781426492694	-0.38099430911368476	-0.4663851466959553	0.14325350606558002	0.8694374966439383	-0.3106644683494308	-1.0559548024603236	-0.19236075322672513	-0.1830240129570753	-0.9426709433060589	0.8024002580763528	-0.5056171446656004	-0.10011571730899956	1.0670429531108656	-0.5190909977013494	-0.2705888157067004	0.37993748681450457	0.3479694667120789	0.41747423680528123	0.46395511377332427	-0.2902284195101622	0.12881919724059326	-1.3593687804739831	-1.4554371568826878	-0.3106689652342606	0.5611961799644072	-0.2371091809046616	0.4194563863936876	-0.04318861165482304	-0.3087467391654107	-0.043665761340965635	-0.25754762593059294	-0.7456831995022261	1.1131664919896287	0.5488851113346472	0.21465439057385802	0.1741660822647995	-0.1668884927789821	-0.24893931185605703	-0.6307691298948434	-0.2743146151518403	0.756062850990921	-0.440046929783483	0.1035249896405151	0.22421300398176328	0.5096630598189761	-0.7305969594116716	0.1664827765383553	0.37389457183362457	-0.16453987087961922	-0.0375106208804411	-0.11438427878191043	-0.0021257597703728554	-0.4016917468105744	0.27252403895882643	-0.09103773617029284	0.5283165115124971	-0.3301792532907938
DTXSID4041230	-5.661785890901227	-0.9112485119347317	-2.886684569329754	1.4652893351676062	-1.9859042873959658	-0.875021839140782	2.1057394989085734	5.015453155221575	1.7480076862137284	-2.681956058217092	0.5968372551031977	2.749282412347946	0.4264510898220343	0.4180519629581853	-0.5717385117906157	0.7817833799183125	0.6615773126518676	-0.911640500115979	1.0911949694102854	0.7177574373929628	-0.09413282483579903	-0.20470538582826542	0.07262560330280099	-1.2576760930107893	-0.49638550231658884	-0.3660601672442288	1.441724540197531	0.06919567758835433	-0.4877979884866154	-2.147583845477915	0.292266944827881	0.5257663989839291	-0.23369588566806718	-0.23375241558268411	-0.2891146732831877	-0.10990278620502104	-0.300530099363226	-0.7362223766082409	-0.01949555453243153	-0.4070227473241766	-0.32598549789471915	-0.02282502821879565	0.8207488373571649	0.6108916620140076	0.13097264847884169	0.12437685899578771	-0.30717911676689014	-0.007999589715500037	0.06922875882850042	-0.16553129879292483	-0.4335344443433008	0.5164535193643224	0.004189137505293167	-0.19989743839406093	0.7005872782930403	-0.6556562249731175	0.5699159861760438	0.4618378876546733	0.44770610052437143	0.36250033619905686	0.37894305875022766	0.43594307129295506	0.37490752469782823	-0.0654315695409336	-1.0856569074975269	-0.8877003784355431	-0.945738961743655	1.0787184296772916	-0.3225603342964505	-0.2062320676285618	-0.17034352911970818	-0.2903652176938679	-0.06571728026945109	-0.616300739460711	-0.977667564713474	0.24885187944272139	-0.005911403472786755	-0.2938254269561641	-0.32049948011139606	-0.8093206497148651	0.34250631916409346	-0.39650977421912664	-0.42564673762249916	0.7401018120618227	0.3397790429604521	0.0328611984182873	0.3216755851957734	-0.09801978904308838	-0.19866076811480146	0.5958862977403532	0.3812931611243636	-0.2708780877067314	0.04371854453394981	-0.21410206398509019	0.19064844162251582	-0.49711163858018376	-0.6285287872874338	-0.08670341372286072	0.398646936517748	-0.14770838326383665
DTXSID3047920	4.913920777419815	-3.295056873264184	-7.77874537658086	-0.21547388004405893	1.6333679930236944	0.008695388210813254	-4.788851592742403	-3.265564302022352	0.06324328308582909	-6.2586014709378865	-4.570766125356202	6.279715605609257	-8.46819785946994	-9.81428022339417	-1.2531986747722352	-8.14470317382921	-2.200087214763777	0.5464532336620603	0.13801472143500387	-1.1304729776616464	3.3489827324848847	10.784159514353846	6.9227940353141015	-1.2920886622414716	4.994749509290245	1.533143762004239	5.769081356193636	-4.536740163415532	-2.877472498155491	-1.3807775403518352	3.1856466287931315	9.07207140208306	-5.982196385267782	2.357035424085988	-1.8064426951325678	2.567189085461415	4.414998392109349	0.12600642192384992	4.630285426918116	2.8358182853802703	-2.7035070262287393	4.3483594075595855	1.1220849674696147	-2.635645706303703	0.6645734502632552	-1.3863147897041446	-1.1230003935102024	2.698529440987249	-3.051374536617216	-2.220649319268299	1.7079635522782386	-1.4714116503096906	0.6069306311811441	3.379052011296091	1.2518785801988859	0.13807020091576847	3.509246799445984	-0.4091080793949682	-5.2159890502069635	-0.13717253224570977	5.255342495925732	3.0737667690529196	4.357526153318805	4.291192709411378	2.202388116992456	4.082584486219488	2.192742447402017	-2.541910620959482	6.924771269168931	0.49667232513142184	-6.132330556303922	-5.056206780187725	-9.544669940958405	7.706553457352897	-8.1693645863202	-4.432374397392345	2.77430618525551	5.392555670768152	3.1195168922266854	-1.7237940837182082	2.028937615675339	0.9421683455325279	-0.21720067531020834	6.233223928140717	-8.586360714719165	-7.117753860136889	-2.8805521271130177	-7.643500597338544	-0.10227517990754502	-2.7762046695462868	2.5920813662752256	-2.5088882116751914	-1.4936554490433658	-2.787470413072043	1.454112883339781	-0.45875525805493755	-2.1919312373403645	-3.487566245096379	0.7380318608347687	-1.8564108843435159
DTXSID2045361	6.072927996974085	-1.0778920759758748	-0.7981294582072328	-0.2694191429698877	-1.5770664856171412	0.5626008142488792	7.1447323360674675	2.70844038489425	0.14049531568950838	2.760133783781558	-2.0746660687418705	3.1069275322785908	2.809791201295383	-0.22308582419596698	-0.6415447636558069	-0.5344005888709299	-1.4166900501191182	0.7547789409910435	2.1201800251183744	0.40780406095088334	0.9374507869575095	-0.9413460399621008	-3.436965754340124	-0.57129663844083	2.760486614132154	1.5539701185154153	1.9009709780878459	1.723951015507847	0.4160897405454965	0.6905494385259248	-0.9605709284871823	1.9664085873356592	-0.33073375685581174	1.525686133404555	0.5373442475751408	0.2747082505315327	-0.6163405863239487	1.5830915481784922	-2.1410836042336547	2.7090928444131603	0.9918413174020937	0.46024838691670245	-2.5746192786498856	1.2714145817857296	0.04383981683792074	2.0826682713650166	-1.1849674232392924	1.623348047733024	-1.3669104485358132	-0.02637336548249009	1.1329087948406715	-0.28980370413701645	-0.9973671216641148	-2.1124537576706226	-1.6107028671190107	1.7229484499032564	2.431006079539799	0.48091279649719065	-2.221270151656805	0.6547418145649616	0.03056151217485178	0.148984610850825	0.8205150058925478	-0.03989269987822447	1.607442539810633	-2.850001691244852	-0.4677842349194326	-1.044126253816066	0.10035568640116738	-0.9536348528280811	-0.3540830983926939	0.12131290388911187	0.08119899018526466	-0.41989364071063146	1.859898250349509	-0.8708095111512899	-1.8761351921415532	1.0539199013398377	1.469754567212575	-1.2585037434029525	1.7311992427370146	-1.049168800700656	1.962830742880763	-4.480993991135333	-3.8050980506867615	1.5421244908371163	-1.3126261827675572	-1.1442688607247706	0.4705017061691328	-1.4562002134083756	1.6197274453839592	-1.1327898992836414	1.4293460830620037	0.04004215424061652	0.05474912840453937	3.519742013582266	-0.2548062039183524	-0.2727971202723209	0.07278383789235512	2.5292922317610613
DTXSID8041034	9.481579053420804	-5.671993969817284	-1.2346687711653983	-2.97369993821488	-0.3742791931973203	0.9849682329166175	3.9654201248989014	4.431517997308916	1.7600999456258872	0.40815752710911746	2.960760905492884	0.35507772307090346	-0.6249201111119265	0.3215493149564001	-0.7003730906389923	0.4619939488450311	2.458774353016671	-4.637388925794971	1.7349329781817662	0.28429519263487046	-1.4836332583951728	0.4207786534576539	3.615138942869599	-1.8535933075993745	0.44570796962715903	5.164009492320456	2.698189675148137	-0.7853576289536042	-1.722478701316219	2.6946233368461394	2.760685699493898	-0.689075904948619	1.0279148075686704	2.577715704398135	3.3285319317754753	1.0471571075810675	-1.8669324305398654	0.32095057963269696	-0.6392698076314518	2.1446385381102067	-2.7795551570232435	-2.8793873203412956	0.2505940629405242	-1.9994324738359668	-4.575655213210603	-0.045465508357608285	0.00045791086956132736	1.0075151329268532	-0.7589211342916063	2.7769790101543115	1.1064529271125432	0.8142435734789352	1.7328598039531786	2.159809658702399	-1.0282179016043456	0.31641072796113023	1.0766301265440306	-1.1080233794249792	0.3103823129035785	3.3800994263522535	0.7907356647929672	-1.516009680488006	0.15690692458586689	-1.5746067478489734	1.7850115584264539	-1.997921516077322	-0.64813428761026	-0.5586855583690298	0.40028098219331876	1.3438295168169174	1.813440266226797	0.3093971468880963	0.11508051264324175	-0.47914759506435317	2.049137857123026	0.21375420659474345	0.17287916899962805	-0.6106446972167576	0.44330077862273143	-0.14942625761077458	0.05134190756503333	1.016447056354946	0.05929962885079742	1.4076469565357117	-1.014581581847132	-0.6496117796141835	0.06384311736674537	-0.1813078982458407	0.3144389532365437	0.6553702607243116	0.34290354424902436	0.11167267259888507	0.013388506430783247	-1.2602739803277716	0.8694260614004407	-0.17942391609310815	-0.10711566439200897	-0.13796963277941934	-0.37475291949732076	0.42520472578752927
DTXSID0045547	1.052029976473197	-2.0213798428427645	-1.77640708119191	-1.7090230195108342	-1.1871827275510618	-1.3699256986903707	0.9559779700089309	6.011010123881805	1.1194191029813159	-3.0308268588246485	-0.13798687145560767	1.0001201523886387	0.23935338219597543	0.38487762090693145	-1.0719669211325544	0.9604412935202837	-0.3369946866722084	0.8029345976144768	1.3388634794629197	0.8540957110195903	-0.8131783232817431	0.7950962864071518	-3.6937214312463937	-0.9938489055694733	3.8397644094739243	2.022778941923318	3.2356920291444293	-1.3821275041718246	0.9427558123647848	-0.6829662971596626	-0.47224854826319224	0.7850536398107447	0.12234571578407988	-0.6726170198732263	-0.9192277906931197	0.8483416707631233	-1.6855441778674276	0.8113074233630715	-1.5741842065686833	0.1543192364331536	0.3712460114051025	-0.5039828791810328	-1.392354989130249	3.5538908287088757	-0.2591438094614178	2.5983971081444452	0.26202597884317097	2.3499478868518953	0.3688026474343732	-0.1832246915835664	2.3887262612295044	0.7419328837147469	-1.1861887253496106	-0.9198945965214482	-1.0000696368205337	2.0609855276883415	1.0356510800679977	-1.0603466961649042	0.14459775212763284	1.0937318221432117	-1.0097437896006016	0.5702786177464256	-0.9996844715699277	0.9778130768073973	-0.2336584363253674	-0.36501691059693214	-1.005037969428131	-0.6573069587864838	-0.6833698108722329	0.1507790397554004	1.0426127164194432	0.9624053685140915	0.08351088220979208	1.0131142120583834	-1.5126093833577159	0.2647601791774049	-0.88817206869318	-0.655270103082169	0.9075695934034973	-0.20553616465429017	-1.4228165852640102	-0.6022418209454116	0.6273653559028202	-0.490781715574392	-0.17526648418528692	-0.5102311511168497	-0.69890289935357	-0.10423040527380563	-0.21608429038472995	-0.18663629738517787	0.3659596926442495	-0.38476699697767175	-0.37654768185053167	0.17788644029385775	-0.1515867332498459	0.33749972863815375	-0.6668358899475714	1.2470539056729408	0.8057934715712088	1.0928967780767296
DTXSID4029143	-8.606892352555843	4.648843801133053	-1.7053676119060535	-0.3031130876675833	1.1707383198520773	0.11776503169139432	0.8170562256715286	-1.1134719788869758	-0.13366023882927777	-0.1948493155444991	-0.6748234225204676	1.1288835291438835	0.48053252778084554	-0.14168132689141358	0.36733837504740374	-0.3978029665640776	-0.636418776360296	0.22210032428586107	0.5402180898066293	0.3387928223279454	-0.3213435890019156	-0.20461991624632425	-0.2761782186408246	-0.249633331603032	-0.7264119024467336	0.3334335569006274	0.43655090902531335	-0.35759054339343105	-0.14839790204755768	-0.2406652203910047	0.4207453254725368	0.1853955356928825	-0.24843521617210576	0.012957037864588196	0.37418588468297603	0.29394640745083506	0.18524521757712134	0.16699165302337982	0.00988789615495145	-0.3200701511222776	0.16985902602703953	-0.01585267945517312	-0.019781442630543267	0.0822060242162063	0.47731127943881	-0.3850847948746398	0.041847055503829465	0.5896945985765861	0.22749652310805946	-0.44530138782050305	-0.15882431277923598	-0.1552000800762062	-0.03982104825697167	-0.48328986317368855	-0.2184575487373231	-0.557895703786036	-0.001024322195467661	-0.8927890479333425	-0.7429674886225928	-0.19612907272552801	-0.405583310676005	-0.1339797020068015	-0.4218002406695959	0.1235851632124987	0.08999742084942562	-0.315391570685924	-0.41186738404014306	0.36849692262186406	0.199004724465514	0.2588088126111753	-0.004491344215896521	-0.29445999152048163	0.3606849670035766	0.5240532281746113	0.05466190325730463	0.15491088118664492	0.0375932724080938	0.14018056033284304	-0.4318337248958324	-0.3014394664009049	-0.08514532969964239	-0.24104407762079477	0.5966722593400208	0.10973049950766132	-0.14703465267251112	-0.1726374892744482	0.27030403409567455	0.16781360696740286	-0.4028489359456719	0.1527667730966574	0.14851303165423765	0.17861365196712256	-0.40740608173551857	-0.29652012131305183	-0.04840203143157159	0.2076437755238562	0.025457289165541408	0.11488813173645955	-0.14033935064140074	-0.11049906141943483
DTXSID1049433	-3.8283541250358124	0.44578989989961615	-1.3221674654688305	0.9982035717431913	-2.897797963441539	3.2359155137140965	2.6000823777425195	1.1312915626939521	-0.4089091880538772	-0.611914660622792	0.5314260185795454	-1.103871051945582	1.904747319836402	-0.48410332248270743	0.07007967403171061	1.4828435718265158	-1.4880590709063677	0.4242299818258516	0.7086793103657795	0.17833159906998108	-0.8331426752579228	-0.8605634170012718	0.33172997557805955	-1.8369296973372589	-0.7491003994012609	0.3607626182789232	-0.7411111016865509	-1.9746209883363384	0.5309334723885564	-0.3590503454895512	-1.2102876922366002	1.7117736588211394	2.518648220822645	-0.2880075698405829	2.14464720801426	2.79614913124711	2.472187515843694	1.1263327181274772	0.6692821470954272	1.6138116180407696	-0.4376334012283014	2.385364935384801	-1.3799886180463032	-0.543185237433988	0.1392854568893498	0.31857281657941877	-0.35673012264262255	-0.08478578719554537	0.5631240112968704	0.6353915693005749	-1.0726420115191468	-1.0280479001976501	-0.4007708417827184	0.8985898807286095	0.45394496621867614	0.7106669692157469	-1.1228575684501299	-0.22272354516300114	1.5935071212307919	0.03643673011777083	0.5006493830729796	-0.3684063477365909	1.3250800372836467	-1.2120586428935096	0.5031961690328023	0.8574324948696462	-0.07841576524056118	-0.9262323677921562	0.35790082292104575	-0.9446701360321246	1.6728608123836288	1.4037532625010687	-1.4863486946568754	0.49499420356715707	0.0667852489088529	-0.7629765526009881	0.614478744533471	1.4982955648666074	0.41444219803882476	1.1267961881343613	0.5115293430041833	-0.12732558441291275	0.2925600030867098	-1.5550291228055666	0.7890507782305792	1.1530866010520244	-0.7190523250136996	-0.0504196188468293	0.6532478315735043	0.27482258507227786	0.15580490227466673	1.4397840085143345	0.44934814612081087	0.2772814444040013	-0.4040156357524195	0.31100181851942793	-0.8179290012603211	-0.8885055281263972	0.9980089170604679	-0.35131674227660764
DTXSID6020515	-8.884856466975535	2.3098551156477134	-4.1704222033133185	2.103184127960943	-0.7613979536260624	1.0365604772947197	2.0476966767007276	-0.6998344521517255	-0.29995559369975916	-0.45187043989417824	0.0909112258037383	0.08967371185280476	2.117428481240481	0.23017280236162432	-0.06126927063273378	-0.2296261955171036	0.17649386238668904	-1.1155641943242625	0.06836356393996824	-0.43577797206389013	0.2630422073541636	-0.44312926712539163	0.12273532105682652	-0.22327540728570752	0.13038694056009303	-0.7754436979913077	0.5014883937509146	0.3498462688647053	-0.7258907550305155	-0.6671116297680868	0.13745585384544212	0.6709308661672193	-0.3710429755625313	1.1399371166929364	0.03753533203234326	-0.08054259396801523	0.2308155022993223	0.1609979234871827	0.002708879098702428	-0.010477307185255828	0.04874576061397163	0.8808023153917434	-0.33320921933173764	-0.12684944094274206	0.3505549654020923	0.12891355009153255	-0.4146264487266152	0.6179933399195915	-0.008111568535724673	0.11322761918837926	0.344604054653324	0.3408681068601089	0.08005840929889471	0.07337191021385561	-0.3577258223212965	-0.15771674058846458	-0.7483221645139921	0.6136775432752674	0.23126280881010236	-0.2369110975461176	0.26235173957997826	-0.6544651605258429	-0.8437193396832018	0.20954554141496573	-0.375531681945789	-0.34198544755523513	-0.22898455625107092	0.5062007548206279	0.6853861052245366	0.09726851689373642	-0.4953643336815596	-0.6855966817450324	0.0673025529113039	-0.46571730654739135	0.3189645407899022	-0.05753750675467159	-0.06351734665338743	0.7828425589053348	-1.0436998688427837	-0.31174769560210897	-0.3630246523958473	-0.32219206819424345	0.14012924881997035	-0.4168045166544321	0.40463145412844626	-0.723606561203064	0.08151322235579979	-0.803225876889004	-0.09788061172613642	-0.15246175612248689	-0.08104423107934898	0.7451027885553467	-0.2988251807655907	0.03030213624202686	0.06931463083375648	0.03212278789790244	0.0772145263543315	0.5402854273148955	0.14967399681649265	0.1709822382807
DTXSID7040788	-4.188686723682234	0.7489875303043805	1.2927211258380855	1.5306483145286942	0.6794011191734646	-0.7789482159436175	1.4080076532915207	-0.553219889363513	0.12118888020108737	0.06133635438057557	2.150541174893191	0.4796971255110498	-0.7370058988638316	-0.19783212833857725	0.7985113318425222	-0.4865756466647015	0.7887065009623672	-0.8349998513129886	0.5175408128399301	-0.6995986442203603	-0.32969561013002974	-0.10509357209324272	0.2889178241054729	0.3442293896156877	-0.6450121625348189	0.8217976470740528	0.6660922367158448	-0.3858753487041007	-0.2485014659335478	-0.03406731613560407	0.36496722220738564	0.43756782175996645	-0.09145800914946502	-0.23491477010528056	0.9298305581387145	-0.1995425684291007	-0.10464431156809235	-0.5751552604407267	-0.14910515649866196	-0.1177171109181764	0.18356786740222789	-0.12092745244897271	0.2966495240757086	0.5678499357739539	0.5097463686654714	-0.4277718262634552	-0.1555504867071826	-0.399555127411922	-0.30680640906093504	-0.4423040780383924	-0.383813369500532	-0.488384263436225	-0.27656391853594897	-0.9239345104307815	-0.10741896509916295	-0.4602032056392608	0.10769944076226053	-0.2610964887962974	-0.5090395356145816	-0.3290304338506714	-0.6232221669815579	-0.009530988464006447	-0.16465027032505392	0.943734834270864	-0.2396159824587383	-0.08084537279831339	-0.3944618735114987	0.47623255445276597	0.5305528818740304	-0.34399858527171423	0.18210739602889878	-0.47550741409977104	0.543050905876791	0.5453099029989248	-0.10376515268892965	-0.21993495895832488	0.14874949341942575	0.2191170868068749	-0.39428745599875065	-0.16413561127339046	0.17215192188816392	0.14225897675097077	0.18563299933254346	-0.019104994033912984	0.28435366689826963	0.23270033728418016	0.018222136553188484	0.040568465524729876	-0.31004590999160175	-0.007893160697716	-0.033800617421275804	-0.05181559387082935	0.21998009422645665	-0.022264353215286668	0.01634561949513542	-0.23486563191481757	0.08165264249998334	-0.03317427676184936	-0.07314117684725636	0.08079966482445772
DTXSID4046812	4.429713083160518	-0.8852089974581198	-2.7923586985177966	-0.14333343103039425	-2.1231477371599126	-0.879615843205531	-4.412656405049253	-5.382251119495465	0.5307926848639666	0.4340882346084984	-0.4501526244741299	2.9696896027645323	-0.28688050566841644	1.0165309581197493	-0.468414492674892	-1.3319728332881609	-0.19011234443617198	-0.4760042978887659	0.40250411506832257	3.2598547742709285	-0.7847162226224745	0.863373412156296	-0.6229858287446914	-0.3650912446805186	0.4696565410786669	1.984802067786516	-0.6811561689412694	-0.7792567019287348	-0.2140037913192721	0.6419785123495271	-1.1247763054689714	0.7275999951673389	-0.05953663365023485	0.25827336297676184	-1.5486358465293084	1.0696493988678453	-1.0122027176559403	0.021759253127074732	0.2985262501367399	0.5630182835207723	-0.5477788904280951	-0.23529869739315082	0.08399719215322357	0.25533094106501747	0.39853135590615274	-0.20821404057069381	-0.3849467985335134	0.9347504748369274	0.9157012429894053	-0.7849678739172764	1.0770725071589713	1.692346762063435	1.2636280044667623	1.9622737083107524	0.6132810264823882	-2.5068838335131356	0.41408314592753215	-0.316010757057113	0.6706821647260187	0.754018357223945	-0.35918767786135847	-1.4015890383540377	-2.865325773685263	1.43510266112827	-0.5248408271735792	-1.392650290376002	-0.38522421275490587	-0.6275175288479375	-0.04971764756620821	-0.7838055890670079	-0.14198305396506597	2.5172191987930184	-1.7485287441254356	1.5231380515848976	0.5244670458427101	0.02469334557492594	0.8465693538283393	0.7376759169208345	0.23649735391917964	0.08076635067197543	-1.2870827237941318	0.7388554006280206	1.768519968749001	0.4315388333350901	-0.5482841605377112	0.15519472674098383	-0.5273770544910719	0.8585126912376702	0.3356931553500522	0.3095282189184147	-1.0155553961640702	0.6127350767207655	1.226291288849994	-0.01048273205233112	-0.026176583951669212	0.3570947918315285	-0.19786412144923501	0.343141954907726	0.25732887452268627	0.5916720515174126
DTXSID6027923	-13.14541620721457	2.6109412026414804	-0.9554912759813272	1.7835256685454708	1.2722204037138558	0.6646459163880502	-0.48923156748332325	-0.8289230661490126	-2.030528459304299	1.2985529062728245	-1.5442220172150505	1.7582811049536906	1.2619327234115745	-0.9378075315985531	-1.654853861909228	0.6942538964873002	-0.6398267603406715	-0.5401978132195759	-1.1715528894381304	1.5753360012724056	-0.30660661999260697	-1.397152541100303	1.0592278444905172	-1.758210061289183	-0.3235057417588191	-0.3118526306619775	0.05822608292656362	0.0735752676847434	0.2325308823826784	-2.322679721224324	0.8332250840303088	1.1671301368463443	-1.279882892391692	1.773003465790908	0.8768637457401927	0.40508938740591954	-0.11479122986336297	0.1108621471501591	-0.6905512079057984	-0.523435991755559	0.4721560761479231	1.8801558677815	0.20576913571796113	-1.7330373177791643	0.7455788850531088	0.3017724258654235	-0.8042933074714104	1.3815079400977692	-0.19139497853677895	-0.25709634421059924	0.01184846015054129	0.763215368397436	-0.7972007248123537	-0.9169511810323975	-0.11996603826675184	-0.2348966778942168	0.733369753912514	1.0796228201970477	-1.8412514802583515	0.20634586976352906	0.5665117844663505	-1.605321959982237	-0.8724450702609584	0.06839205074168185	1.3748992611951005	-0.464543129616979	0.3551399228334817	0.22109387041412715	0.2157651188924846	1.5387370589571883	-0.27818303191943694	0.3791146536273616	0.50958601127204	-0.25790047490366996	-0.8378114623975332	0.836234378361423	0.5571027302354971	-0.16958288783470743	0.3715262420248158	-0.5584787875896485	-0.8477630137300344	0.750547998759609	-0.12192686632725729	-0.29415127773355076	0.312042946492413	-0.44259754324463874	0.3469236289313414	-0.007609637346224092	-0.2789886673825486	-0.45892855056906307	-0.37699621846693643	-0.5934749799067081	-0.22443129077593993	0.753870351640086	0.7021357503073407	0.13311338917547183	1.6498917334995726	0.6328301718964278	0.8859273723439471	-0.24096339718774354
DTXSID9024063	-7.118159797637572	1.5599657675162968	2.0217019149017372	1.6334104390971884	-0.21153838971445152	-0.27938038687043126	0.6016560475086256	-0.9395726012196199	-0.19214173245327254	-0.18854863635637872	0.9487671051440749	0.48223028147742597	-0.15549178948100176	-0.8044125647214473	0.3402796744019246	-0.4825619071007417	-1.203170304128915	0.5818760632724242	0.12675268420003927	-0.6244294597668781	-0.5919633085999423	-0.14550766247712565	-0.44985668617517577	0.402148544796715	-1.0617876972412938	0.4440282302914402	-0.13489158887252764	-0.9667930267725657	-0.01020784074363012	-1.4968505534268302	0.22506003931087604	0.1324653022731012	-0.7413262306649088	0.043122699114977105	-0.6800683249713879	0.6337276787855938	-0.6581769660843297	1.0387121093635254	-1.311441766427632	0.050358096818210026	0.07962934544516208	0.5986963389387178	-0.10967917329922029	0.053341022573536886	0.5503559651929131	0.9309697050750075	-0.34834380029673395	0.23554874595997805	0.2899075999367818	0.011460850593014379	-0.09588786114953088	0.5834349197481877	-0.46018618591174326	0.3780011657324413	0.22781862065959582	0.05384680747014285	0.4591726502876739	0.05301355851129768	0.358263453604163	0.40961963417054564	0.495569340360566	-0.8289486218273671	0.45216569693171893	-0.520297450055054	0.2080363974302202	-0.3098339696766516	-0.5773188995848463	0.3680106004697135	-0.22245290980973936	0.41490451515547644	0.24135101542502566	-0.014459059931351272	-0.5415352470020274	-0.08203148017400043	0.06214332299793779	0.3146531193785252	-0.2504460433309181	0.10621830370098088	-0.0717679588285918	0.37259218678539613	-0.192776940826652	0.05475053147199219	-0.2608970107360396	-0.09571548074537133	0.1708113184718681	-0.45922672534941755	0.15547902367125044	0.03184694812850949	0.09849741649138713	-0.12512384741892435	0.14093184579967508	-0.15130926488674534	-0.24666572713366985	-0.2274561066788914	0.28260085984934397	0.006095649823022457	0.11407329320140644	-0.18404751237077208	-0.12308053822253277	0.19830089169910056
DTXSID6022006	-5.19016391815577	3.3687477070157135	-3.5288323235671126	0.35205578462427634	2.2931193572257307	0.5792844835520807	1.1202312927841185	-2.1747229702750053	1.104746782877352	-0.3862357477729595	0.46007027145256596	1.0921786010958867	0.36432011255683083	0.6144981863623635	0.1759813042226805	-0.030823295600461976	0.396151685663243	0.7872541635483813	0.4184571491365817	0.6035827672016663	-0.3879965115994771	0.6934364993759847	-0.2255878694614345	-0.6356904162631808	1.0402112461279431	-0.07696969234249958	-0.011403956685401995	0.3878343663725068	-0.5844043080196938	-0.5297497574216358	0.01772908503878074	-0.31582635790847435	0.5501265806618026	0.15261559023731422	-0.1974643536997962	-0.14844384813059322	0.3663327118114231	0.3979338159584109	0.08327211834269788	-0.029029402951506265	0.08575955736586983	-0.4628920952450542	-0.43352808590875985	-0.059762783830532434	0.19115116319545908	-0.6707952769930643	-0.053690308406086726	-0.02384150292104098	0.2593896221185528	-0.04148644630292017	-0.2957626818771662	-0.04244454903727128	-0.06634163211889703	-0.11450378167263679	-0.2483499965083117	0.11899975440249944	-0.7575067565437453	-0.38131429548024276	-0.27111860664773646	0.24796503353188812	-0.05301512503199784	0.2428819732123017	0.182241870234526	-0.4619257908758352	-0.16885801321529897	-0.48988069820992336	-0.31491809882947386	-0.06959752680354715	-0.12783790762400038	0.23362221179964587	-0.3909179215661077	0.03533300541976513	0.08910796069877978	0.17958439459128622	-0.28011236659790323	0.10436619665096823	-0.2817849583683459	0.33207282311930214	-0.2837457400938571	-0.14801426210685023	0.2738126707691243	-0.3114533984222116	0.22267624120243237	0.16752031746349802	0.08698090788752716	0.570158007077734	0.24218528853331442	-0.009122284714927683	-0.2491549494194181	0.16993090631741492	0.34866125421535	0.3827679180146114	-0.6096444231376023	-0.06149704523163903	-0.09569453411491421	-0.26894324769185257	-0.05953676046904769	-0.3094265608288319	-0.13300338396675893	0.017073899271044527
DTXSID2048581	21.969099910909886	-2.326229612135394	-4.145063672080029	13.607655730668213	-0.8156347802685214	2.0302531918656532	-1.3226074914233437	2.7935678167887477	-0.9190432844884862	-2.832297056939803	-2.477048621704437	1.1454438172478218	5.137914586324283	1.1950177493002125	-2.5508251024163413	0.6996833750421857	2.680909224454177	0.692093073143711	-7.259636750539376	-7.327295951348121	-0.40898812077873486	-0.4804348582966058	0.29362767033895787	1.7570353820813045	-0.8222547057847398	-0.7942906558035336	1.3320074060112055	-0.49610456702512395	-2.1050847647405457	0.9449122186462094	-2.5239453426710097	-0.9172280678570311	2.565737008312658	0.0764925319645055	0.7039866861885437	-4.383640463517785	1.4164647719476315	-0.4871887148194485	-0.03161877260943171	0.5162541181382387	0.6782241562900574	1.1131807416780706	-0.5250117330109156	0.5871798855998087	-1.2917615989969302	1.0036426198409976	2.632546280816224	0.8995607383563389	-0.09739598365300761	-1.1979576182872367	1.0036372057126624	2.8400973528450413	0.3177879063058701	0.8505446930599193	0.2571284006028877	-1.150491662468658	-0.19325994977951258	-0.1108757694911932	1.2766633449681228	-0.11219955412520269	-0.4788933372715261	-0.41345273687911416	-1.4135434214386355	-0.31954570015457157	0.6251069018654918	-0.37919663077995386	0.20688224510631043	0.775498477242594	-0.351019410156435	0.42033152137921564	1.0901467832776313	0.43110260910875137	-0.6696296518748096	-1.3854170425362082	1.076771838227792	-1.9525296540475234	2.4520443737285347	0.6405196442913469	-1.0716993396616743	0.4048760492769769	1.156268691682157	1.7537197174534402	0.31138896806954824	1.31916910049756	0.4888812535927753	-0.8735503011164882	-2.0098213863139254	0.4135568399060634	0.8003715099675754	-0.32720467845497364	-0.20155161822774015	0.37356262116232786	-0.11247152734659004	-0.29587285519484813	0.21337573932433435	-0.6932203932874021	0.7144225420989829	-0.18647541105140827	0.6888621876278656	0.4908607026829188
DTXSID0023747	-0.7106731687314303	0.23869167542766817	-2.9761126193666123	2.3391951388017813	-2.869278395103267	-1.0080493262831487	2.848648565184074	4.673137095052692	1.0958693452613129	-1.879159133927028	-0.1441148380862317	1.5171254281998712	0.5679327037754481	0.889022346073312	-1.6118489379067795	2.0139769786728707	0.028264934337466567	-0.9633360782474034	2.066678607295626	0.8052267491488798	-2.0167544791481995	2.4301640640292534	0.5228253651332981	-0.2045440834380964	0.428394708187582	0.11691646269921449	-0.31084108286179146	-0.9817475104765429	0.07575831310050521	-0.1898930751924682	-0.21205123080283667	-0.574513585994254	-0.29196597570176364	-0.8211559209271555	0.0003494707787933012	-0.5707245165792223	0.47923002734318165	-0.21874829952322117	-0.2941582370420853	-0.5451744126389901	-0.16710772192668588	-0.675267776073222	0.43833279851903845	0.4850978434039595	0.0567296773427889	0.12676247881537928	-0.5843337209686235	0.5652503025934033	0.09178736360887954	0.1621993214594338	-1.185455133971643	-0.7007293799031675	0.985711874003793	-0.7544889034890763	0.05311677349822769	0.11870939766735338	-1.2352287898314582	-0.7001681646774683	0.34983571979442485	1.1977699019123071	-0.6616500450435139	0.5776554582237101	-0.0954545612457745	-1.297827796927911	-0.05979512224748404	-0.11892123667215342	0.4973111875181834	-0.7817170793088334	0.33256306728520907	-0.9890763077334865	0.762334412966144	0.441347892111847	0.02168318068555722	-0.5422089109708588	-1.4315069408527419	-0.07797861652860734	0.29042394151594914	-0.4843357315420095	0.0615070615640858	0.33488865069020474	0.18471084928978568	-0.2442897128795869	-0.17916201225081774	0.4006735114079789	-0.3673452405697841	-0.13850498997610128	-0.29929851658666856	0.18598251623499915	0.41223926566203084	-0.15181440381528746	0.9472824081710842	0.51471439667815	0.15308021343628525	-0.26110203631837553	0.24584477554583095	0.767864802705121	-0.4286792843345624	-0.20967147910105222	0.37892542563817483	-0.08107370608486333
DTXSID4045131	-0.941351820122837	1.8730526023086405	0.4186592956119229	-0.7805809397652309	-1.4658029635937686	0.05822108856494704	2.890336802301741	1.6946990392074215	0.30020945416658484	-0.8132204375756753	1.398094099975935	-0.8663122173426429	0.0015718054409372875	-0.16317462992517018	1.742891101198536	1.7910242172604287	-3.0915872225787058	-1.9584550679500374	0.32264998414527857	-0.03345189575770586	2.5636714598959576	0.5454506363499653	0.8003551312196099	-0.003007112802159128	3.102038072701887	4.1735579992946965	-0.6841686423156998	-2.423063931959587	0.3063737260204772	1.3346291828118118	-1.8201879801111496	-1.9173012533332228	-1.168932035454821	-1.3367005166279327	1.5375405412031145	-1.5071249635968222	0.7714633449994758	0.4534755910593208	-0.49542117372482186	-0.12603782727673235	2.0747972008525077	0.09087955199301534	-0.3400529081389663	-0.5899321367736785	1.3169665505678778	-1.8847799680717026	-2.4791078426778825	-0.07766946139593753	-2.4164738125709735	-1.1394299018009857	-2.8164335170791515	1.5042458961636858	0.10864004406966958	0.9164698630912346	2.840340691525549	1.1492513529699062	-2.1883139384874712	-0.12406809787774249	0.8063114336095234	-2.6875475645853957	1.3627678057446635	-0.7244466538268615	1.8832528510226652	-0.2910228912509081	0.888968785230041	-0.3799308301030877	-0.34120424189609677	0.8699111954983771	0.4486821890244403	1.0706914293250573	0.402081897062711	-0.0143091323009509	-0.8334273617347313	-0.06757208807693836	1.5487854671698842	1.3273548845629408	-0.4285576994770479	-1.9837952529989213	-0.44684634762796516	-1.2222233470239448	-0.09405734588538212	-1.2896156718157978	1.5550665227342069	0.8417349505162954	-0.6031161771741341	0.24891591698212978	-0.44094728178815107	-0.646235678133419	0.058836314298055796	0.7938865545457912	-0.49255111138748875	-0.9578836354486975	-0.18007283318885364	0.9789491595135491	-0.9983102418414433	-0.17056741900906136	-0.2888298850480665	-0.6025706698585265	-0.923638413706827	0.06558602599353912
DTXSID0020943	-4.884324869793263	-1.4424906932087884	-1.828225482629859	4.639246968566256	-1.847500828182192	1.832887260264878	0.14263331927755737	2.1964360791295716	7.515175404678745	2.674541352193956	-3.0257489659865553	-2.0586478674573896	-1.4036338869994904	0.5815743103782718	1.9022210927316434	0.7831932090398247	2.0146703874884175	-0.32667149552413516	-0.06841488755616146	1.2415275399819306	-0.3541179003863562	0.7150379257034262	0.8083501856626217	0.06527246914962498	-0.2826277522606193	0.9613194270820278	-0.14102072197030965	-0.13594342696295877	-0.6255612037349082	0.1988923158084176	0.13623547990599255	0.17179659169128586	-0.3739601237667567	-0.44449636134986154	0.03593131221922888	0.13510550249278838	-0.0011206115856074964	-0.7335072877309199	0.34930051600485673	-0.5544518124918613	0.10393301013102471	-0.28658848855313873	0.38088441120311634	0.5504613355586913	-0.00911910069250566	-0.45655220079633607	-0.0029915328289654057	0.036224956872077475	-0.15394251817220145	-0.19616129661254234	-0.3314771548865403	-0.07576970289764356	-0.6666515470499065	-0.07569208342796264	-0.015051217878153078	-0.18183982492596742	0.549696601928888	-0.13315096847723945	0.25011348889464075	0.07838759996257003	-0.22766699250517017	0.1099438846793894	0.3680694027818598	0.35141660233516614	-0.27236475808523214	-0.1878165768172353	-0.7403385353122636	0.3644985004479429	-0.20394210805034596	-0.20500145307255616	0.31013141055980736	-0.07896949922648483	-0.14460528744258228	0.05924437895397335	-0.14488501019556083	-0.19298701744527852	-0.24089761241838295	-0.048357558242778306	-0.26093661740024543	-0.3972701002967123	0.10112314259953627	-0.08571368772693072	-0.05620603905982584	-0.012709775510462299	-0.013763509810042474	-0.1589715786516242	0.11883231072627522	-0.08561848211291827	0.09597370913721162	-0.10192161021675716	0.07252502793468359	0.10166228021082549	-0.06572013874935667	0.04591056120135508	-0.02826144746011008	-0.0980966832277684	-0.0803611018733983	-0.08532199136202734	0.0001912870747359538	0.04593163125373282
DTXSID0048925	6.325785381879305	1.9582274600636893	3.8780405929002493	-2.6230710536771786	-0.0005470817965647467	1.121751586467242	4.005994525306984	1.2110058824959904	-2.9380615619210126	2.7500588572906746	-1.361830177512912	-2.2405120053144616	-0.7723394715276689	-0.43455252573613573	0.856690631699006	1.2134617603536755	-2.6558128277238198	-2.8719719717580787	0.29818789690657266	0.37121557339281336	-3.2802978266363554	0.48867029956667035	-0.4347375812971525	2.5056811078947314	-0.8662557679512395	0.0015753037985220544	-0.35980836636001123	0.914697174123598	-2.1233730261947286	-0.7751714881171546	1.0814278461373632	2.846862316495042	0.6713905085544561	-0.845234440824963	-2.5485843394922623	0.5990490088672532	1.3128152277004208	-0.18829740666054479	0.14922484347852596	0.3085819344120555	-1.104252028432461	-0.7620945728876601	-0.042897554972920776	1.2874762214082336	0.6600092944135977	0.09004051832992041	1.7981649699917444	-1.306585291709447	-0.20814098606648074	-0.9916054319905788	-1.0398458656306864	-0.36818583584014325	0.4880417934008835	-0.5287292102298055	-0.447136465709133	1.6165790252375416	0.03878002991287632	0.22404227813486152	0.04145022051372028	-0.3691984227765953	-0.3840890014281143	1.6158553254477435	1.5743575337503781	0.6719090831616961	-0.468642070872042	-0.39864248635029126	-1.1095347046772215	-2.341065481279252	-0.1451765949320062	0.0008980934677143452	-0.604991639541529	0.8337457285931431	0.7082135127913668	2.648927746227187	-0.1305401913397736	1.4766408519057883	-0.2004104241318854	-0.7858489706158499	-0.7491270747214013	0.9870582888336794	-1.4728622924697772	0.7959219787915477	1.3358396440431148	1.418871164878076	-1.2953258453119596	0.5902657049330827	-1.3373983449439573	0.9222559363580989	-1.075014642539576	0.9944319377426927	-1.0043889912611652	0.744989840557425	-0.8513690538883036	0.6875780815784155	-0.029967632003149003	-2.741247442147099	0.37289897550056134	1.0183385118371178	-0.5104754265663705	-0.47738279790815574
DTXSID0048844	6.050248912086912	-1.8417782801762752	-4.057644840336781	-0.36531673539481935	-1.399069053288504	0.267389360368358	0.6449493303213202	2.130115856131404	-0.01927403131533404	-3.7978757667179592	-1.469476369627336	-0.15613917445650485	-5.968253246649544	-5.768145117705291	-5.374867566287385	-7.453599740735925	-5.196338838198798	3.655534561172693	1.178676563375129	-1.9895680098554	3.2727480141174405	12.131029635670833	7.375704832044136	-1.121520038679773	3.99986046440216	-3.165391864123954	2.813326108844564	-5.277835031526465	-6.443909381270792	-0.7203322391163023	4.314646338937381	6.992653879716972	-4.393643348606574	0.8768258715265459	0.36845380798985045	-0.442382349323051	2.8210062541296574	-1.3884255866256547	5.492315328270229	2.4716580458200155	-0.5275869183009331	2.3200427928421483	-0.46552237853854245	-1.424961973487873	0.18050978603247161	-2.9840117942372983	-2.0956946837491683	1.4002965939734908	-3.190730016842174	-1.6979934693354786	2.4031825444888546	-1.1632771747455979	-2.148921906651697	5.285346238737344	-0.20831719433045923	-1.270736238987703	1.1094436993921624	1.1904464376474189	-5.41644166838768	-3.393090055325556	5.668646926249791	6.033790700398061	0.6562049962887999	0.4281011432685513	3.9459420683650794	3.3997493224802717	-1.2924278265070945	-3.8689139201249247	3.9055507499748896	-1.38914216637525	-2.6172882096565515	-4.890766946708933	-10.758107075809779	9.260241719616284	-7.114222200284928	-5.9371383460451375	4.050741413912513	5.720195289680568	3.3848023293557428	0.25827180643085834	1.1784683252103965	2.0616344405166553	-0.6086279942500387	4.970383447188285	-7.063913088657814	-7.384371611365944	-1.5255947381572297	-5.146425159006443	0.7732027315767148	-3.774245391821377	1.8771175820927863	-2.033055432110584	0.2154315590792126	-2.562153454554944	1.7065976941756933	-0.022392927375978037	-1.4221568441864552	-3.404809328954465	-1.6583183748541146	-0.06031919120853858
DTXSID3032620	7.440229742510713	-9.026510472568726	-5.353505649615083	1.1043810205508817	-5.191773418070096	5.327602570834594	-5.037506359877875	-5.833742740457437	-3.2624963691181263	-2.927699924948854	-2.8083916059740144	3.032390143634849	-2.8930441420227844	-2.9419484056240304	1.902922984389791	-1.3945037518378838	1.1261936403576314	-1.8388742994823253	1.0505087066824736	1.2218909367038588	-0.16932183481857443	-0.7068049344778385	-2.5930497231816214	0.8033181744924165	-1.0196085009564886	0.9718796906630764	0.38971035784822744	-0.2522339033710958	-0.2859472684920056	0.7163455713237655	-0.7669073977901639	-0.8314275423882503	0.47551536354049656	0.3168697080184913	0.5028823805437209	0.8067374732103705	-0.8568592729866632	-0.41099812089583887	0.01115540954596327	0.08756343119476119	0.3445207595632716	0.04486222318113548	0.6988008620784629	-0.6338246096074724	0.12469398755739071	-0.3800084892770885	-1.573076790131857	0.9325432902330876	0.1978005323058235	-0.6207661743724542	-0.6061825713308859	-0.3037292097057499	0.22378615522318107	0.2256554435020545	-0.4518079674854147	-1.1992846158499506	1.203873389224764	0.0358843295926008	-0.05714705218903448	0.26316680981543705	0.27286359450954284	-0.323004010786033	0.28435261582488586	-0.27512126444638196	-0.13076902659284015	-0.5527076589214499	-0.18418564762052853	0.4505214014385532	0.7857010566363418	0.1083576893372881	0.49723812331512734	0.018140703134180876	-0.44519371434779226	-0.1106293857519495	0.460247979590716	0.48476112907223473	0.33588744943314447	-0.7508960324460418	-0.46634522856524047	0.2804591930208914	0.8835329161099755	-0.6175241744350152	-0.4428101334090658	0.34163574237875266	0.31844011038798065	-0.06911118345065101	0.44186557628285744	0.4405023313974683	-0.5545310252377655	-0.1533672521224439	-0.30508693157561784	-0.2776380507570617	0.07262345279974557	0.3260113444360239	-0.4506079984194795	-0.22047544545545478	-0.01942539146462683	0.18844803269249505	-0.08423027623469392	0.044562842332126956
DTXSID3020465	-0.37409631034539775	-0.969892613585274	6.187842419763779	1.0667387557097074	2.298323540415465	-0.8041734783712986	0.3430119350739141	-1.2437983458814321	-1.50923616038805	-0.31662201732868056	0.19377941310733296	-0.15250572030697548	-1.633806914738749	-1.2249218637370363	-0.09108062662369903	0.30801540531937677	-0.08790349914805673	0.4136995565326682	-1.169495982394883	-0.18587477614528033	-0.4056766914613021	-0.6649172449982025	-0.9898002133747728	0.6271081339345432	-0.15949965963400375	0.14533780663417303	0.23024209827231537	0.3364100416330843	0.0924747606584226	0.3042237063050406	-0.20014377563231084	0.8124205512419764	-0.15461169022372193	-0.37701486284840746	0.6593995037893718	-0.46173437419738705	0.0010462432131599405	-0.8188227572384622	-0.20646239708226694	-0.14770827982062623	-0.06052473909413981	-0.17342407488838268	0.20010895325119027	-0.3034937690894933	0.1747622300088944	-0.1356286675880227	0.31538173426661265	0.047603059456885886	-0.8135097420315891	0.8307625680084092	0.5156035176491738	-0.741150364580134	0.160918161164954	-1.1018641343926199	0.2618529589396127	-0.3116708953395346	-0.3123887662995469	0.7985956763648984	-0.10321430073284829	-0.09097298443057478	0.4850184405246858	-0.2800439480141665	-0.48971198611161115	0.08306001374948781	-0.029622172997512287	0.4404468777398046	0.17428239520588457	0.2772728318871723	0.5234013351952709	-0.5087943729475692	0.09093231999854305	-0.048339784406584096	0.023922528643598392	-0.26916920485155726	0.4447136798610682	0.007407188138013866	0.17248794788370672	-0.5881393683528399	0.7166155740917454	0.40690356007874273	0.49667045278144567	0.39779837782484256	-0.20831904984479901	-0.4732409732035671	0.005623550241757771	-0.15545854848233492	-0.4958073842972427	-0.09214432923364674	-0.26813910122487944	-0.366573563025936	-0.13068457746688206	0.14693640623038337	0.1428364208419665	-0.18902132190173018	0.22698423529086262	-0.15292952548605007	0.0884638050930352	-0.04078122592046294	-0.3364071340242462	-0.2846734952530424
DTXSID6045828	4.69588662481529	1.4560826219405585	-1.405523025316653	-1.225966121253068	-0.5520742856248531	1.0925255637768925	3.272870115207921	-0.5639150636220528	-1.301347819936236	0.006269939748775051	0.5740762259504895	-1.1519827102520552	0.9406674770103495	1.3965497818137809	-0.7611066651908155	3.0289880261499906	-1.3488547128253408	-1.632389552697346	-0.8176420282875204	0.14359780105928235	-4.6097792697173565	1.852345959824484	-0.06695493975705641	3.250533236169144	-0.7806629039387022	0.3497774833490403	-1.992267781640352	0.20604985781330984	-2.628862179727453	-1.201237067048815	0.9216722796198629	2.510313618298341	-0.33345221858027696	-0.7064075425262613	-1.4597681148784236	1.3218880594142712	1.6315250860019659	-0.5219063577435985	1.0684455028596571	-0.9057130051633323	-0.7356746236535111	-1.6147481329577422	-0.5515475626561801	0.5655609304065488	1.336538358683511	0.9373314763742541	1.4746874988401617	-0.18577407424385853	0.08712929708127459	-0.6667598832978773	-0.9925965132967837	2.0402529887775884	1.1836949730066737	-0.42787249882352807	-1.3925173199506482	-0.1468864599127922	-1.629555139363702	0.1496384340441681	0.16787323746380844	0.3366310785799229	-1.4164777473985735	0.8347979731033148	0.04580477955056055	2.2210139634989985	1.1803007703913033	0.8910875406305899	-0.6523255200824395	-1.6116663927430976	0.8976579970721924	1.4888224254890297	-0.6640128130395103	-1.0734628669653516	1.1575966950875682	0.86168695411103	-1.8552070880936797	0.4711125212960587	-0.4307645779603303	-0.5098401061761132	0.9955672423571266	0.03448411564262538	0.07280755609432606	-0.06732672601365226	1.712272404720091	-0.49426226768225756	-1.3751987836502626	1.2386810237320296	-0.546147295150913	1.000934666444439	-1.33527918008796	0.07487286756147195	-0.03655802706766519	-0.8264095500029978	0.43489282329592766	0.4474634165437665	0.3545129036037038	-0.3006816644632517	0.1331228267929947	0.46193048875001597	-0.10326393483345829	-0.19882222003203884
DTXSID0057629	16.588133732604003	-4.52638200923977	-9.414019569950037	11.348775134229273	3.8206652712105	4.624491203922534	1.8628781993043673	1.2712240352425304	-3.752134013521252	-10.474739482488248	-3.665865332090883	-6.2396677484403495	0.576369638323407	7.630324951897762	-2.2791438901180268	1.981644086065058	-2.155039349933311	-1.14848050780622	0.9970857952665602	-0.5092621363217928	-0.5410598360173513	-1.4651201658195052	1.5462855693714415	-1.3587061194205734	-1.9792361603056414	-2.0911919853443264	-1.474548469270117	0.8637112198400577	-2.721199530958212	-1.7832542843260446	1.0320060797081416	-0.32828445928949884	0.3977545948957763	-0.5071505450017991	-1.9964714040736418	1.3121311979460606	1.3308374589066578	0.8151815505189752	0.15271690258287365	0.17601578842360865	-0.7261328081741721	0.9148371113640422	-0.45008389368115936	-1.009981774847891	-0.16550387655605384	-0.9182070145293219	-0.2642074287052535	-2.386864972626	2.9092210785350168	0.3871880799241215	-2.883083699492655	1.5362500943708681	-1.795266533311502	0.08469980561760129	-1.4075953900627807	0.9213884699705526	-1.0236343323833397	1.7134169949268498	-0.933905087833041	-0.9799184095847144	-1.0103760469798702	-1.9315812057171102	-1.2736251149812565	-2.128810241275144	-2.874678202273154	1.3884341446882886	-1.4829746290584356	-0.2428135931997647	4.063749087199798	2.3254770487190513	0.14229583037638763	1.1893859520467718	-2.553107567525301	-1.3727533169765844	0.8854246220555647	-1.0944567792925388	-1.4484943990861274	0.7431615464442475	-2.415234204920846	-0.7958262209998452	-1.203542978028774	-0.679459897586531	-2.061618171029354	-0.03947194813133034	0.5935080416397955	-0.9430488140111652	-2.043100481200532	-0.6554162098107162	0.30368779559705944	-1.468412179380838	0.9802022862245021	0.1848891846303061	0.3115571153782403	1.6163934487425962	-1.674384604111402	1.0942258369620355	0.23116512531983155	1.3502557415540162	1.7965155747967045	0.23007412078125072
DTXSID7046673	34.21722897670512	-11.576152856977282	-12.172866241708684	11.62305304807277	-0.6497107069843607	6.492845133739246	4.672950365406115	7.466112681855449	-7.545513595705416	-9.177093317792806	-4.107896387368702	-4.530021712428655	1.4680933274479513	2.7123177002447636	4.3176736648901475	2.896187860144666	-3.453801793847178	6.768228347746182	-1.132987929630687	-3.4267291532412156	-4.372478523634187	-10.070783564156644	7.599213234867139	-0.02135993326341146	3.5192677460875723	-6.359765531703803	-0.4374495439810722	1.6799448639934367	-3.8108867583605486	1.330285772905419	-3.1243360055736527	-3.2606617921581873	2.605867061988608	-0.9029559295184996	-1.4132604464034433	-2.1036248769928223	2.484487567587559	0.3122851979352854	0.6181676284157838	1.2232694657209862	-0.6014715320874723	3.5659314943157487	-1.513444319949824	1.3733809914355526	-5.003363913758139	-3.0020051257474876	2.437635152025597	-1.649500322094496	4.445072249587012	4.092882606168074	-1.1893838028677644	4.836845375683048	-4.779810630493275	0.8362485041310943	0.7373439002425951	0.32935465194350627	-3.0590691418268774	-0.8468982227676446	-0.5755856504506518	-4.299898000299584	1.277672189500471	-4.202480837359546	-3.114934204657854	-1.4136027021134967	-3.553403086915804	-3.1345913810523487	1.6139193031778647	-1.970177792335918	1.3411215508132093	-0.4064107022868985	3.1679732586895835	1.5792084206532073	-6.047312859319482	-1.7491702180808266	2.313023203950133	-2.1743233975719662	-4.919679930512359	3.070692961198516	-3.4519069038158294	0.04748094317923146	2.23810616435178	-1.518853090933461	-3.7327180952580092	-2.2402120717186005	0.34614555178133904	-2.0517126038291837	-1.5990078722906644	-1.470127797111293	1.7986517302409453	-3.8491456727593523	2.4877258585755073	-0.5893288485771128	0.2995430255762322	1.204053611717909	-1.1245802974419163	0.680186259284491	0.2357223936413841	2.6887931680951476	3.268789078311601	1.269467005131998
DTXSID8041951	-3.417539756830072	0.2921212417515443	-1.0641373318098952	-0.8835953841219952	-0.4147096059343665	0.1995684578070954	-0.019875284958358056	-2.4063439417071053	0.8479428449514138	0.3062098025612094	1.2244129854596926	0.35573047402667335	1.8178213631377806	1.2923218856095078	0.41397658634084855	-0.6918455574789882	-0.19161645476684902	0.8001580192861512	-0.2399107757164677	0.5524378069382918	-1.050737652854046	0.6790747540316837	-0.629169228937686	0.31864029583654135	0.21456145477986344	-0.31560025759464716	-0.1332771934072219	-0.5105161738877019	-0.6307571019365765	-0.06597019300512642	0.10803972065471175	0.1889612544203407	-0.22001808393639685	-0.18042330733440973	-0.12137331298208535	-0.17014475983496766	0.9949907072479292	0.7865203896288597	0.4266785314305252	0.003460097377445002	-0.1403649908079875	-0.807824268592752	-0.323699884730518	-0.2068784704115213	0.18518843204621163	-0.7745815598399216	-0.14797635940277656	-0.18116571432339656	0.4228759245606352	0.2963893107161974	-0.17965436965708215	-0.6479879437649333	0.14651635300516702	0.14224689524652956	-0.04097992227260422	0.44425827494125075	-0.3708172236983303	0.12591409325054734	-0.19683716761609438	-0.40932783740966955	-0.16121597396319054	-0.08835701084865324	0.6744175465234516	0.3266528097749763	0.23191645082133955	-0.2987414256898276	-0.2843252869941315	-0.28329152858201995	0.3560759156421853	-0.332239782530406	-0.14822799334028408	-0.09664282821531296	0.1296957382997613	-0.38746204630185144	-0.8949311636034001	-0.18751542483230632	-0.33991141541978426	-0.13507346655222782	-0.25922089002972853	-0.3251645855185582	0.062202239896754004	-0.7966578128340965	0.1510556276225107	-0.32061537278289454	-0.26471040644710225	0.012657977936290086	0.016873050620100614	0.310524185213857	0.18111881702726113	0.17834193863920295	0.23640382744083807	-0.2283515814676771	-0.7700632053579022	0.1482899126343869	-0.09398985080687715	-0.18596650142239673	-0.34737340749366763	0.05038569671970333	0.24871659011918248	-0.5016692525639559
DTXSID0045707	0.007471650784722149	-1.9388386413345273	-0.3562935091531858	-2.665678713776785	-1.2962563357651733	-0.8636754249206633	2.333222532433412	-0.1671818810533803	1.8126343594831802	-1.8260789582646695	0.7194540223345439	0.6483379162655526	3.317973995554136	0.5884263378240342	-1.2128827792201493	0.3123927950998496	2.0930762947337334	1.2272631872063042	-0.26415425311351937	2.2031671264269277	-0.7970656996061973	1.362568645577365	-1.1080304412942066	-0.45753433790680886	1.5911567032520717	0.29498029028365624	-1.8529406846547576	-1.6918964094113231	0.36075811733461927	-0.07906684017007175	-0.8589033580289308	3.4749293116322337	-0.39035799399505516	3.734792391794526	2.162796791758579	-2.604355877020065	-3.484772030712334	6.3931982491921255	0.23825688560484054	-4.262010807801246	-4.998883703550492	3.584373982983447	5.588955395508457	8.124711080899242	-1.228597107281136	-6.236896627778238	-0.6793428763988597	-3.252778391062475	-0.17333625968211977	0.480524095981613	-1.3999524485788246	0.1792575827853766	-1.0496008145767095	-0.3078935065259336	-2.5106078212092706	-0.6841107907124273	-1.4472411817577704	-0.25574214345609825	1.55463579212102	0.667654954856814	-1.6523956704555558	0.8569980430962497	1.3403599905570545	0.1084894318589371	0.25276550576601864	1.8709995133827246	-0.881472676667743	0.6963683847408961	-0.9561081575875824	1.372843345781809	-1.931315414482042	0.4700214350228182	-1.054783928261731	-1.8351548295109965	-0.5486028870952574	0.003146715849617439	-0.000390090856230185	-0.6263519457837591	0.8700730329805378	0.18549455803001297	0.3399781024600833	1.403377248559393	0.8652993254250824	-0.7467528571014167	-1.861927272306613	0.23124895689755537	0.32912632521233937	0.3181965783890435	-0.7682958948646944	0.05483749774020455	-0.5024417947670151	-0.5915243056570646	0.925205540688396	-0.9639833624347072	0.15467835704642297	-0.44015032207652105	0.501760310646579	-0.07691076986270995	-0.4276726930043549	-0.7166413976181133
DTXSID1046425	-2.3218523223123264	-2.963634078212897	-3.181113557841207	5.114751163084095	-3.2056317453389522	5.979094382421543	-2.2937973219146905	2.4579372078646924	-1.4999826387881858	-3.935243022822732	-2.4497080855782727	0.6127551268268714	-3.2215478054796183	-3.400985790957448	-2.160766776330283	-3.449339165063764	-2.5195960814623337	3.1678192510513203	0.46916644736167434	-2.2658561523006853	1.8079768681562975	7.852216314109547	3.5442566207819812	-0.5898607297753268	2.196654622039936	-3.912945438155202	0.17954072381313532	-3.1779657644001316	-2.7051289430005876	0.6279486503106483	0.7823259478856409	2.474418657599342	0.4022659029157256	0.09399554356393319	0.7216831822701316	-1.0949352735456326	1.2111706580979917	-0.5456889763765296	1.4260996223169267	-0.2001008102371939	-0.09768225979712897	0.28575826884770383	-0.42700198733377925	0.32505018673032354	-2.3949405502729753	-3.1657084834980265	1.0651828810951245	0.711858656783674	-2.390169388898528	0.5345003166602956	3.2612769337083325	1.9764585015032348	-1.3226700409335348	-1.3344715918578043	3.1744560494887426	1.0091827058875291	2.5853662232727537	-0.7611169380353074	-4.134177787705386	-1.6188096656492807	2.2697479392593403	1.5894084626687603	0.7360461523764095	1.2034562069149695	1.2832577407018047	-0.10664369772047307	1.5396658086310373	-1.427378632532952	0.8079989728381233	0.48543527280073856	-1.9077256255685913	-2.6544971700304574	-5.167314179789563	4.277970607411474	-3.403437449834007	-1.4663511074944042	1.9267209209798084	3.2964827478110714	1.930933228280201	-0.5937447728761499	-0.545976300768499	1.0886828351079112	0.11810793601372933	3.792549305537681	-4.270075356944901	-3.5625409432454873	0.14292889570916817	-1.4266643801307908	0.4787088582068231	-1.0581602131872594	1.2964355037154833	-1.1769107295046306	0.0526275274768568	-1.0881016933444008	1.3060731061382418	-0.07130719335754632	-0.7601996862879745	-2.044496144308002	0.2093114419538591	0.025497178691256752
DTXSID0022016	-0.09597610082217962	2.9120592015122067	-3.6028229012246853	6.171284670838286	0.9713225285052127	0.28880355298818666	18.47966455525373	4.142306111403557	-5.535431578402328	16.27529389525843	-6.932444065721373	11.518426279534165	3.556068052099366	-1.8027751466693922	1.427379504671953	-2.890319320815562	-6.972406698608782	1.4162031709656164	8.69540461072032	4.777778229113786	2.3473751636228384	-3.101433819920038	-0.9754639393591459	-1.9819170535281756	-2.3401784350264907	-2.2145043778117017	-1.647790760491469	1.0702905287106363	0.266736145695132	-0.3561875850076501	1.9332068260804114	2.314448104892751	-3.0054412385478892	2.9629874430299465	0.28250864995370784	3.606601169311726	-0.3221363486785116	2.207053892688229	-2.22916866959684	1.9722645131103678	-0.9789862681907228	2.92455679449396	-0.7266528149773823	-1.7234533804836336	-0.09612486044828104	-0.17522486433516637	-1.2506570894255704	-0.11347929266297606	-1.6818646588388926	-0.11579499089280926	0.010152328668985116	-1.2480834890635857	-2.0946406767055494	-1.5855546793123412	0.1993212524697413	-0.12194980958952653	2.6470469836706174	1.1509401161603972	-4.506780093921675	-2.6386944431402357	2.0442017516708355	-3.8398203560022464	1.1663051737758625	-2.007711714356753	-0.6213279211392313	-7.674223089382563	1.9938802755494824	-4.613188415220439	-2.459976632536698	-1.3552128865454447	-2.472461310781545	-1.5928342093457732	-0.38759337953460293	-1.6377457380756673	0.5027259074049307	0.20628775086100903	-4.933281424093795	1.9448974091244309	0.25941850006553824	-2.8036493158945217	5.822220415175953	-2.6772466662389482	5.631086335715512	-8.399778020916331	-6.934415947032772	5.295433602145945	-2.241880581205314	-3.00649200079242	-1.059721531508986	-1.6505257226756667	2.6192993200592762	-3.341656304435279	1.2020359505976048	-0.7359250026042813	0.3927826958125652	9.722642930122413	-1.5039848972361536	-0.4129532759501988	0.7709650819519978	5.379914972374486
DTXSID0021751	-8.398698949305267	1.3771874041245675	-3.720020056346658	2.6989396550727682	-1.2151515037592169	-1.0200492078977959	-1.687222645620984	-1.395595544087977	-0.7661391242294767	-1.0571377245448565	-2.0334064776778336	4.13304121879842	0.3260621038656788	-1.1611715122013175	0.4692777589755343	-0.6003180965187846	-0.07328024058376799	-2.320648205755855	0.4796712498583405	0.4615703696218435	-1.1374943409121987	0.37047434326782974	-0.3364998383755147	0.2736584865621847	-0.8611457304665877	1.404310570867997	-0.2862571485499977	-0.29252309910290497	-1.249448194653311	-0.8244173335991495	0.7424647700552642	0.022518389634352633	-0.4729464939798571	0.9411048066707753	0.20105859422377642	0.4692056624994191	0.9539899852710111	0.6992846379060117	-0.10910435219535718	-0.06529514623894811	0.05445373296528511	0.9633341342671925	-0.2302955953815493	-0.6737103356173619	0.6658840179628459	0.6314669211446222	-1.1643616293558257	0.8908364794309951	0.4367472927531965	-0.2644932001577013	-1.3371479618835291	-0.6867067782791814	0.32478303024888694	-0.6688489894556041	-0.14519502999322814	-0.5918033509667119	-0.5307475709332847	0.7034190914053987	-0.5799724136930855	0.449043454630777	-0.08014809829582166	-0.30314845408162605	0.4306197359425145	-0.3783334747565431	0.8931297260071828	0.9151588100179286	-0.07964156220263383	0.7161088112023869	0.7047860687724168	0.6923091552775978	-0.5740149488046327	-1.1146057182480864	1.0690696954556533	-0.6789924616379172	-1.3971827305792082	0.5199593197846275	-0.12229841878662161	-0.4702926935538893	-0.8864936982710063	-0.5672643109573445	0.09096659137712482	-0.30121949227929	0.42716043023712197	-0.07256381497526965	-0.02827472677847364	-0.6758572773316679	-0.9091615535841783	0.01808154272934932	-0.635050803455186	0.010758626154137618	0.8180515279837494	0.7078800445376509	-0.1926483817315834	0.014361548729377482	0.04830840823681071	0.5593729559658803	-0.3001691976114219	0.29687223851532846	-0.17570121879255787	0.345919812831599
DTXSID8020880	-1.4752579547789637	0.927017614970688	-2.6703964829815963	0.3391674468839671	-1.6482650258819775	-2.455328246221538	3.1760489888558485	1.9675323083158756	1.6372115670183671	-1.9548602053909296	-1.127521748803408	-0.06949820586532843	1.9430502570992874	0.8029835962476761	-0.406766983590718	0.7785427840329222	0.9666591974379279	0.12155037433954818	0.45644080259076925	-1.486987012751993	0.504699920475895	1.180015189663301	-1.7446847657943712	0.4006204501750471	1.8498717235087314	1.4765545580293902	0.536810322704339	-0.033496969506658245	-0.34372745391431997	0.19750898457995053	-0.1812251710608626	0.6527548242956237	0.5824055466885014	-0.7607261593796087	0.3048444155604045	-0.09255422099029009	0.2909906736978607	1.2102864475787325	-0.6655574058410636	1.4313683110452571e-05	0.4054801319815592	-0.6409652971039229	-2.514876553111027	2.2217048263965617	-0.5307525445617397	1.9095538136504422	-1.4880597604865287	3.315580458174825	1.0807584204599552	0.5714185366521176	1.048228633320158	-0.24341398932014946	-0.6043598313076043	-2.7381021715715446	-2.623915853223203	1.706514903304789	-0.4238031340922685	1.6588250447419826	0.39790652322349845	0.8524474162759788	-1.162745259123614	0.14782285651230673	-0.5260933674119036	1.0453334627674788	0.7311372474301666	0.015168277116154493	-0.30022724282621194	-0.006577557916757859	0.9310422964594185	1.0258067615842998	-0.7976241571677887	0.1314751400630244	-0.11290970620896267	-0.016866149353300917	-0.3114513324428014	-0.644107097127016	-0.19330154722104348	0.23387406105024508	-0.12084697515296713	0.21228256757947217	-0.2474950008651343	-1.2609991500020492	0.678361515336134	-0.21291804251316915	-0.5425163783812261	0.05779037809563646	0.28340362546350567	0.12779859754146847	0.3251724843388655	-0.36420128749026043	0.9629426051038051	0.3808788923084633	0.016840089198345745	0.20256844541427582	-0.4672066255135389	-0.4205356198183265	0.018152638005945798	-0.7060239067782539	-0.2842543966482722	0.20367458883311548
DTXSID6040795	-0.33303418318500516	-2.676280403353366	-3.49750492985238	3.42573419009302	1.9333136324205449	-0.05320225576476256	-3.5958198157265415	1.3667778261924768	0.03196285656712213	-2.173524987902713	0.1838921104072196	-0.9263734355258693	-1.002255118878433	-4.461041219935176	-0.8391744151559258	-2.007989834633197	-3.0773170623799726	2.6491760217399136	1.3556361037203577	0.5149219095130922	0.49792544391375393	6.951725776961802	2.1501875810877467	-0.47287713046128327	3.760047483919761	-2.613483703300897	2.4000004496234895	-2.457203332069601	-0.7976779637171565	-2.422005837537108	3.963719006332838	3.4951929777556376	-2.8797612359731195	-0.03295428592893086	0.5172192437279513	2.0212529494031237	0.7915582007987076	-0.5978208207374909	1.0892217100486823	0.590938500724065	0.22936721750245245	1.4540529327912204	-0.4973512766791819	0.9161793882569645	0.26631991319886195	-1.9600736295940628	0.1628399251976199	0.21774519752116536	-2.3375223341230416	1.06012242776213	0.5489230626811507	0.006322563305904895	0.26089733045496544	1.6327096415752163	-0.12142053857325055	-0.45673223075056196	1.4971317803864082	-0.31237046260114587	-3.3598341731555412	-2.061854822494345	2.8709193132370903	2.590808256729106	-0.4077877847886688	-0.13650060787352752	2.6976109625057054	0.49292040845239027	1.117921914701841	-1.8689320470164232	2.359091012649021	0.11874183754401982	-1.7656020023566086	-2.6027518831252907	-5.382332286841323	4.809790255483347	-4.3429142942252925	-2.325444865019051	2.9072655685163182	1.2612146647641904	0.4352974709362209	0.15287201314501941	0.024951541684017583	-1.498115748084257	-1.2194233525484157	2.435921824221114	-3.851003783430394	-3.6595405874980544	-2.8339096465923936	-2.428000286504612	0.8871815487486728	-1.2380653273376139	0.7824075244389418	-1.1739740447274647	-0.49459836029878307	-1.9973116198973206	-0.1446037197799633	-0.44726160694475475	-0.6198020589948604	-1.956194187877921	-1.1687314093549015	-0.7435206287273098
DTXSID3042423	26.75643863651681	-6.337365927145683	-13.543432014361287	7.598193306262017	4.116573741903238	3.977401871165272	1.8990428347507498	-8.350735575714365	5.712308306189442	0.26535572336364377	9.17194087988515	3.2047203477937574	1.5812038150153724	6.180666422833657	-3.9939774429131516	-0.5895008270958862	-1.883452727378336	0.4411413524316332	-4.482155711426357	5.966418313874114	-6.918785318265497	2.9716942181671886	0.8106826495274657	-5.372428019595216	6.514752955004575	1.1588781375192045	-0.4478077100642766	-0.9488885810786277	-4.65342696458246	-6.917713611024717	-4.239279158352254	-1.4181368179644016	-0.2073429475174305	4.2529121314023035	-1.0926065677898598	-3.087889101372585	1.1339430591851716	0.9199596069824489	2.225190796980064	0.13440839342943364	-0.9294651824132143	1.7799945156153492	0.0864756370074984	-5.063721462915434	0.8775506216135545	-0.13323617057785261	-3.586812431041778	0.3675350402767289	2.0724287103811827	2.6736401878602427	0.4295370867015552	6.54472687207249	-1.9554286100394347	-0.08045682677634762	1.019274045178374	-2.006365850240261	-3.64134886766703	0.49991832442024686	-0.6874190472913676	-0.08249258780232402	0.4787551046883861	-0.39054238801991137	-3.0023100787272496	-2.8595795845275935	-2.7503777586967995	-1.7389176256689112	1.2206201210841847	-3.078290610931951	4.087561642221097	-1.9222883880351969	0.21034384315701352	2.721496478457821	1.871055711968367	1.8496210117709633	-3.193806778927487	-1.8291032987273843	-2.9805426098332086	3.44974251700257	4.0922224737931	1.4364128425775866	2.7822667884276133	-2.539036839279539	-4.1760700943439595	-1.5320000891700802	0.22590025719101622	5.3651292177173255	-0.3076512154241254	1.333516735738518	-3.1777382286201195	-0.08515836465482304	0.05139389294579914	1.728685587275557	-3.9793550398063746	2.9900335493164176	-0.7611736635247831	-2.5181052068024403	2.2527955563980897	1.3395319470137736	0.3221235645347471	-2.200182093750091
DTXSID1020194	-5.030650391674972	-1.554183949274254	-17.729152848615378	1.1564113022628841	35.90519303430662	-0.332160060625447	-7.887620209791591	5.854410140938554	-7.902008903877503	-4.803706079608514	0.5543486870833375	-0.5293265822639138	5.436087551777389	-9.619634253386055	20.267629559953985	14.770298994664426	2.4400716097586423	4.819052680343544	-0.8239059825929288	10.200861865133344	-1.5069060308129547	15.17842133040578	-12.611651004621343	6.203085507978154	6.256471482327599	-9.89026984276965	2.565574377652221	0.3778597399214161	1.8131618845388953	13.679799486933337	15.519822688670558	-13.028682494819757	0.33479631129597826	6.1886923250363735	-7.226546219905857	4.481029699524952	5.876290561382301	9.002082448050675	-10.510969684678349	-3.737073306595438	9.096357044743478	5.414498676909998	-10.387823960268886	4.266603366343522	-2.5516437988076306	0.9995282389051419	1.247601120242435	1.413560272440477	-8.094107189809552	10.794782409037998	-8.931343073363713	-1.6292664559373151	10.473457664685222	1.0376247136632077	-9.10479317542487	-13.469571434575855	12.955685184654945	2.1815710544151314	10.807397197896483	-2.256128596266909	13.247673878365491	2.9661932919979628	1.391629854848209	3.887462655999872	0.953773109525956	5.215299408122917	2.653064583978165	2.436877774925481	9.047970188989828	-3.2792678145365373	2.1331010801997095	3.957234723277936	1.45390712985206	-0.7811879122596584	3.6702022011112785	2.024326882367269	-11.930610461077338	15.030392250286702	2.1495624140313505	-8.751397803064455	2.2672084601421894	11.86841935858627	5.685945379547074	14.73603177076726	-5.041131630020617	14.623429494333816	9.47877802387549	-3.826928390113253	-1.7347794412063775	-5.956104297157465	-2.6505154990431685	0.9092991416087421	-0.9303347447182543	5.386419186353146	8.672460015000818	2.0218736971360043	5.711161328329594	-10.934725544242546	1.6049189761496907	16.47283159803801
DTXSID7045653	2.734675281008056	-2.2721004583061184	0.9589444621791824	-2.6249732801791623	1.3940912474931233	3.3284629992196404	0.8934736434798434	0.9724207263806135	0.05531016866972618	-0.7502795762937885	0.5915319923587851	-1.4228659819573437	2.201060758101545	-0.22478958168313992	0.9190929998524195	-1.0556858304156906	-0.61901032450411	-0.5036983702795682	-1.5030605095533023	-3.1502896125659388	1.1054733821668792	-1.434364532201095	-1.808901555016107	1.0887694008043123	1.2391297160120105	1.0634665129745642	-2.048915773653574	0.6929842935467928	-0.22431558687328862	0.7207585110672098	-0.40283077139870505	0.14616604048350948	-0.9956516405387247	0.16284830781396903	-0.7987459121482218	-0.6131054516202271	1.688931132726921	0.2949421547977656	1.2214944269685328	-0.8342384175012633	0.014223042446907705	0.3883876470982217	-0.11473163742789724	-0.5664477722833998	0.08775197485728926	-0.6887085371749082	0.9589854126480002	-0.09416856134901236	0.6207462860764957	2.0786928156618876	0.4283444524620635	-0.5779033692003371	-0.06044959777538852	0.820230589473145	-0.7501775308296682	0.3151785194378655	1.0451993513516538	0.7188210213649562	1.7416145213690348	1.3265118334294022	0.18251494275150154	-0.48289206818668656	0.8978069362945346	-0.3019034286139748	-0.02885284780602926	-0.5251822460279256	0.14578335072857426	-0.13808017542922185	-0.19977901064868378	-1.637914993676068	0.5180531327187098	-0.7158316223837239	-0.4532813504596755	0.35003024302109986	1.0193133077275442	-0.1576211128136997	0.5685691321330054	0.4407359961067291	-0.9788426844181853	0.6922225520314106	0.4064106108371295	-0.675208878460585	0.10569747482757337	-0.4727109906603246	0.2175251716568984	-0.9411952014163627	-0.22334842064305632	-0.8044258980796384	1.1751765381763373	-1.0226414206864112	-0.23444972836365283	0.8186685672662722	-0.007065068253487174	0.1003718355229336	-0.36024430225588144	0.13468563919203178	0.4298688541013696	0.45157452996408404	0.40851620215213996	0.12200564314202275
DTXSID0047745	-7.870440974870136	0.6304977754519554	0.6955417366172302	2.8281235945120673	-1.0382161508776693	-1.0749128467514595	0.22675191028231428	-2.023204096028727	-0.5631426197849917	-0.1092980048111289	0.3897833136158092	0.5779851725756229	0.45230776158263664	-0.7421001043742375	-0.022073663484793404	0.008696066863450402	-0.23992155782085262	-0.4726932668937786	0.8858227331821539	0.4712368143175605	-0.16166776128921503	0.12129635596378796	0.17940608165187275	-0.5596284884471696	-0.10336106321730666	1.0539719550766693	-0.31569409198216675	-0.4170377272609619	-0.6254120489352217	0.4152006287317441	-0.44088627900339866	0.6045472053573642	-0.4923742389811145	-0.22931055300808395	-0.9784451193536642	0.6293296652305325	-0.4852785168058302	0.780670761995553	0.15118238265703687	-0.06766117835201646	0.06336738421087791	0.6597606973169757	-0.13024150324331232	-0.056686925801867044	0.2222568291050825	0.09862241990753366	0.21424419666628317	1.2762702517244149	0.20570604107002083	-0.26647179805576054	0.2203568553747805	0.4808576669026466	0.6540800911593406	0.6789880459770073	0.6351944278695305	-0.19416357348076288	0.38302853929754327	-0.24340901266915177	0.8641797434358112	0.6280595219764606	-0.20940687413881715	0.38153442191184483	0.17871684610820363	0.33995401504989237	0.0019505647611604215	-0.8277040977619774	-0.28173059306550197	-0.1292390843649017	-0.3262608994762457	0.40521060434207956	-0.028357081779183786	0.3134463792056652	-0.33396723288471836	0.7990554348177185	0.07921027478475019	0.45431721456482277	0.211553095162392	-0.25413234845204535	0.2532570035752594	0.31232825546148474	-0.4619413239715752	0.3372282935048331	0.2745890964405494	-0.39897303783065713	-0.49517788614979097	-0.0821384422111223	0.3767807283591751	-0.17987662156004305	0.5736083240555119	-0.03410985884301546	-0.12500796015680715	0.2011037740879041	0.3845584411758024	0.1925207132107622	0.20587647026304665	0.1381385269144861	0.20000227334457793	0.12571150388268773	0.2775285662735682	0.3019103354242391
DTXSID10382147	0.5552077233515119	-4.3564654860390295	-6.974281973231479	3.918727312634078	-2.2157482949590164	-2.1239630365306703	-6.222177122447236	-5.410780243148704	-1.3941004059715358	-3.6517446993937077	-6.7362213579455865	11.948985768244823	-2.0786732237909145	-2.616440331563951	0.5354525649185004	-2.146260392583889	-0.19838217513308862	-4.797220620833624	-0.6419148078968184	1.4943100114635837	-3.331012806162926	0.6356169911175747	-1.7464699977789189	2.3654253770129943	-2.623529793695144	4.950015236208338	0.06292502339831782	0.7792163789707507	-3.9441367839968686	-1.38994540393652	0.8308640039938889	-1.3922425858542953	-2.2855815157544446	0.82955460892061	-0.49070132986026604	1.0899651445877663	1.8160703159382192	1.459890065684747	-1.0106429300323152	0.6926035406122535	-1.577266969211289	0.753252411253412	-0.5734793183130432	-0.7097617720226745	0.6491601337135223	1.1230911051040344	-1.8005039798326825	1.3071018765436113	1.4240644250421888	-0.6008603855566482	-3.1681220477840846	-1.3215073010859733	1.5900334467375554	-0.22625249499715358	0.24923723476449733	-1.4134995137599558	-1.4520832613024541	2.765291102030916	0.011822653711621637	0.1623091986027957	-0.7186666679446957	-0.4173729027840181	0.05650465358581674	0.6841705497888119	0.48887283807514986	2.449002471812181	0.3987574829211109	0.6321890832219388	0.005420572010876954	1.6395278101399249	-1.2815419632076208	-1.5305672228159009	-1.0807769683021204	-1.2590315629549615	-1.8359279202742522	-0.9376716019629214	1.054273849770192	-0.9778638287577153	0.6824367483141619	0.1431981045145469	1.0154026939209255	-0.13257757103843446	0.9409742727258517	-0.8648954788043284	1.1965779705651804	-1.0222416717503957	-2.0063618180672798	1.9600535043465308	-0.28673485893733097	0.19929877116000622	-0.3993490220900842	2.8481620706107327	2.1732154867997298	1.271507484177677	-3.314568347359491	0.6067527858978802	-2.127875467222269	-1.4012905631362607	1.4991939279148718	-1.1282944111327797
DTXSID5020152	-7.5768782463021935	1.6513719437796164	0.5938539983999637	1.2034780232470315	-0.5537260156362842	-0.3264000712342976	0.28642242149293384	-0.57084818970765	-0.14214774762373714	-0.03004266248451686	-0.7959334462315732	0.8701362202202642	2.28365590365608	-0.13758445190617377	-0.6984892851639493	0.10236364414423414	0.04389610411736188	0.2479023217426001	-0.06445248313786826	-0.41224788187796074	-0.900724501521748	1.3188603169384214	0.3033878838841192	0.2291776457595439	-0.25931671016783014	0.2617515983527815	-0.9545784655016054	-0.5650839227174534	-0.3435739850213124	0.055671104467124546	0.4839888040153826	0.01133623843747186	-0.24432221128883694	-0.027889731443088296	0.20903446637503703	0.28188537135767594	0.08937496787849707	1.3183664209516217	-0.3353126078679793	-0.6625899740058924	0.5098948629885669	-0.1242618900795569	-0.5556604886430917	-0.48159929934573753	0.32290583713896265	0.1694055594580349	-0.6719920367447513	0.46163012686027677	0.7239365943684777	0.0465645871516703	-0.4846344022267458	-1.092056160349258	-0.6049077441893229	-0.02347722891576796	-0.18139278154138072	-0.6448401649594554	-0.3031302570185335	0.30392544959445705	-0.4818278534713855	0.22347890965276565	0.24652058894984957	-0.2764413303853601	0.532033154132107	0.2069531108873538	0.03354162151570895	0.45766845218947977	0.6143020826778346	-0.5819111204617028	0.5627331849051976	0.22222082258611212	-0.07822996413133038	-0.18965029353678867	0.4898368832012397	0.16533228184858223	-0.6533096049731838	0.6449296666244183	0.8362653958116715	-0.8164301619313556	-0.7127248533036872	-0.25900989813063574	-0.5420495693038494	-0.42481244615918035	0.29481915296835437	-0.15487415825267076	0.2504009189161906	-0.19792678778503078	-0.004577675637814056	0.1636313969390489	0.5108916784361829	0.12417427014767837	0.26960070035241024	0.26063306923166246	0.32126596499543125	0.04993930344217316	0.023576590992260473	0.6094683111226119	0.01662407578388478	0.3899100296560999	0.331541932317288	0.1458340263108459
DTXSID6040371	-1.199606767025186	-2.5063948428549336	-3.5605803876875672	2.030261836619006	0.4486987760937335	0.2167304306704348	-1.4717088328230918	1.6087421484676427	1.7270910638390993	-1.0426215526915448	1.4599457816291854	0.72875911672007	1.8628398548901985	-1.8570266274745575	-0.5892762586806406	0.34986046995061004	-1.407594953078827	-2.6222811080969524	0.7133329198257619	1.4980771501914794	0.34999660750468164	0.29490109272334714	-0.2306947170039816	0.5577098699834356	0.8381448529895581	-1.0441142800745657	0.9307368716995161	1.4035866967805188	0.8981305498819431	-0.2537404875678689	0.5775033971385735	0.7447245604440399	-0.904573778297571	0.25629066089339875	0.33801831024139145	0.45596697893892274	0.2778855564549901	0.19511501073772372	0.8132675016214994	-0.9623422204720464	-0.024192549385221713	0.5286668208383937	-0.3910371662064773	0.3322610797719311	0.3467174568141699	-0.1089801008357034	0.691094436105691	0.16183715446846117	0.19012957238833994	0.4497716747085715	0.14661905086831062	0.3694337483689309	-0.08295425882118898	0.42946143799160724	-0.3195243525988264	0.7157254953803103	-0.3513536806074577	-0.6742762660525118	-0.3784509155331513	-0.5227326938235768	1.388781121946519	-0.2475603826350689	-0.8305061104963487	-0.20391305918689823	0.8167482244413644	-0.5983572858846378	-0.608784742767505	-0.18104740425896335	0.06196295877234679	0.4826377987097455	-0.6776536772312376	-0.22043462636533728	0.3918805563223664	0.7459870056501656	0.44241965792550253	-1.1745142873580994	2.9482105837374717	-1.1234095886588233	-0.810259801077929	1.5825457000738312	-1.5388962703135165	-0.7222248999397664	-0.22718445781205415	-1.6711049353226424	0.23305641157133253	-0.19696758428779834	-1.6524809372449665	0.1723388092669846	0.6348763709678711	-0.2077654548847719	0.21343319772543468	0.4323884488134314	-0.19331334558072585	-0.3634384177477367	1.0943637782342819	0.8269814745952666	-0.990056713545346	-0.09729603861533764	-0.4078519613761914	0.12350368049325922
DTXSID5027069	-7.823587460819857	4.36896578832494	-2.4101133659292198	1.4832102708936445	-0.05303128697745177	-0.8756031692680577	0.9420104292786561	-0.1021589114291974	0.1271829017719919	-0.44701269264722565	-0.08847195907322099	1.1556891171893213	1.1846721125038997	0.37553248599619704	-0.0839589674407608	-0.08197575614563621	-0.046278793097342265	0.2115606872378443	0.4894739495022887	-0.7176459514322702	-0.8258760490530692	0.9353747830549611	-0.12359439827415103	0.7305988573633366	-0.9952041169433828	0.23578999995662717	-0.5204661234595758	-0.7299528962060851	-0.6641512600745306	0.36461260312125826	0.744701814577896	-0.38098527890865735	-0.13832047841709127	-0.08309049095012669	0.2878791954979319	0.6015237539349255	0.16638457197374681	0.7549904175341626	0.1700252202931983	-0.6757647170802211	0.1254974186086899	-0.681967425546201	-0.28965180654729417	-0.29152965094571487	0.33166404545913447	0.00879999422071203	-0.755957367464665	0.8178533100032385	0.7386921607555885	-0.8139548668659973	-0.23977470910422338	-0.4110096875956296	-0.0775011047278544	-0.4461086240743631	-0.909789379262953	-0.5099802098753129	-0.3634397209744827	-0.3548204736040928	0.06717814221422179	-0.0954734614319259	-0.4095278642546268	-0.7023032387954078	0.040352210058171016	0.20393327717709	0.9604950403972475	0.5252742145245669	-0.02497445227314671	0.02544309695294029	0.4719272981757167	1.0119267128983136	-0.6022276338418164	-1.1088660709996134	0.6547316520145894	0.12638210257276442	-0.5053554101602153	0.26733011609840224	0.22170545104591555	-0.011029056021879497	-0.5346162834275667	-0.16622065248614976	-0.44160200146699863	-0.7228558568574345	0.5422952608272952	-0.2033547975199357	-0.20049975591489003	-0.46601237057181805	-0.19488826258191014	0.4063553079835529	-0.36999098576068673	0.24078089288953544	0.8744950089058807	0.6486947942919854	0.2835134652523119	-0.11377138888771104	-0.38222672615325987	0.46861442549604426	-0.22983231569367957	0.0023038757626162574	-0.28304136884565206	0.21272438667647423
DTXSID1025485	-2.3211683046117857	-1.473513889135817	2.9670765573894045	-0.8983502384431017	0.7253014584991454	3.580582814288383	-0.7756647986836881	2.388236104242464	-0.7567621318275036	-0.794914701862556	-0.39316467723032633	0.5393625295904513	0.9075998743331593	-1.4569822404435517	0.4509084178746783	-0.6015520630567482	-0.4208030980502356	1.4214067424749637	-0.13896430385266254	-0.16792438077865465	0.5074562223329121	-1.1932371255443104	-0.34011608357664685	-0.03512109525433022	-1.2181728160313359	1.7187922357200742	0.223350440398512	1.3508984954903447	-0.579535779909893	1.0699982118773665	-0.8662317126479955	-0.4468438157011015	-1.4288223355420664	0.5643313796181061	-0.09307580128942543	-0.6855494192572039	0.1938206422537116	0.5638954576574173	0.5854782194104619	-0.19770654072560603	0.25177375051379663	0.19977508038379746	-0.31123512229841277	-0.8210832373979482	0.9149996021758278	0.18158704957277602	0.34695837450529665	0.1389400069648177	0.4187749024077308	0.5916059988545103	-0.5119034238352009	-0.21741881259062817	-0.3895738287957493	0.09229402256989777	0.21260737195136156	0.5281381285255885	-0.5478574202102977	-0.6811935578323971	0.7824698696791247	0.147078007638232	-1.073271074048289	-0.22182019909306014	1.3238390599055445	0.27175897017271833	2.1760719201396874	-0.8546010651373706	0.1680502552453529	-1.3497506360056633	0.9693811111953875	0.9656032091028798	1.2734688694743364	0.7584854279873711	1.0735038263996073	1.4150561799475216	0.5353981719143353	0.08567656156512833	0.4232266092346318	0.3324483064091473	0.7417443800877379	0.881845984453583	0.36289891427749393	0.41039727647368834	0.2554708331451391	0.23905380341763913	-0.10302891134601186	0.40819242919197746	-0.824102484819902	0.6048160287115363	0.3570720828766104	0.3715467123765442	0.28379531046410866	0.05680120143831392	0.2788346344933976	0.6102188378710655	-0.5438208934467617	0.48809759281577436	0.180316209414302	-0.7352938218961359	0.048031688081544746	0.5638259361170547
DTXSID9044794	-0.9618879975889633	0.5351023256641376	-1.8101617799787315	2.284931699845708	-2.885720450259501	2.224491266203751	2.3201509897848958	1.449592137012146	-0.2351825169695285	-0.9038060573955861	0.5469676131209473	-0.3559781976870737	2.058934944293336	-0.19804191419281472	-0.37053192418349273	1.9656554549528444	-0.8210070642112841	0.6282580988434279	-0.08825130889564964	-0.5690118863075813	-1.0623379107179405	-0.11597686588485562	1.2332683516605216	-0.8237186545027534	-1.86396753632985	0.32022016370279105	-1.605706119954479	-2.7988089359586072	0.7059240733056805	-0.101284522526358	-0.569488299770149	1.4959592207875343	2.4084636025743995	-1.239891578045163	2.4213938937778248	2.883296456488816	2.9267621512415123	1.0915573964134426	0.8940436851860522	0.7696751781362087	-0.43126395660029604	1.3604772339074387	-1.4057907345988117	-0.15632088512195114	0.22410351459913347	0.4096632555382937	-0.5238125742074206	0.5015822492509555	1.3506371300253999	0.9399520870418782	-1.6384954090712072	-1.2728071141943098	-0.20186836132595534	0.3609229441566316	-0.34488772357702213	0.48938003986516326	-1.4266900262789237	0.3489576190289946	2.5743999323931135	0.22783449801112024	-0.19504433928827372	-0.4173936157216114	1.7730928068905343	-0.9430193937431743	0.8985413039253051	1.3025156364168027	0.4525835966717164	-0.8756481826646911	0.7382686406773883	-0.8364451641755586	1.4119798703398756	0.969650659860334	-1.7170144681360302	-0.20538020884112362	-0.20644022778258617	-0.9596541376764182	1.2728354631412393	0.7823389307538323	0.26353504898465757	1.1691230541983704	0.030206402716374838	-0.4809751551057409	0.8636053063522035	-1.3923312374425523	0.3123982454740803	0.9915512041724561	-0.7700642561038347	-0.5000084405148872	0.6837049330410027	0.4554452094597454	0.40861611451924323	1.2528162005186363	0.8343258364783085	0.03227679152493666	-0.3695502559054205	0.8029277273049045	-1.033023432404413	-0.6704522408014864	0.7335124485130542	-0.2364390823755846
DTXSID4048858	7.10007483664983	-2.5561347272682036	-2.9485546663323925	6.042320511984997	3.646143374334176	-3.1245551491487795	2.555923244318066	2.2355127461775886	-1.9577809457273243	-6.976280647054966	-5.624028977519144	-3.893255824120063	3.347505414580081	9.213884272380813	-1.393262142357429	-0.9504380093436748	-4.178245478274853	-3.059206179201244	2.5483595841875646	-0.5416208691014825	3.406059872558168	0.5623962996786455	1.9688993268597352	0.13409664059904133	2.2974577920020662	4.959658618052992	-1.6631472757254675	-3.7012805731972063	0.38673705278766074	0.4316879146545237	-0.005644309246386782	-2.660971122886782	-1.2241707259054457	-1.1215434183095758	1.0456186994207886	-1.3581513839290753	-0.6726109451929416	1.646169205676517	-0.3310202068808314	-1.5921155065269248	2.864880073797041	0.4953133486431477	-1.0161129715659232	-1.8051840162720143	2.153602280768628	0.21198217378398831	-2.5778641508897384	0.4714319377341623	-2.9034168609390054	-1.5135387172376564	-1.5540360657835126	1.764947732464555	-0.07504235141854529	1.2992570422262946	-0.040294522706493946	-0.7800843634327594	-3.0976046977243548	0.18477618198329343	1.5903043701102246	-2.050301655269542	1.341080535400856	-2.2863858072232643	0.8554641477979901	0.38448875244612124	1.4915355474106882	2.026701086901708	-2.323300032542768	0.35913313107072437	1.2023755931059217	1.0580473834679633	-1.1502423798224994	-0.5419371405255273	0.9950282939556739	-0.2911754892306752	-1.737846550955679	1.9417548841076218	1.3780465343713337	-2.7096274140466092	1.313499019338282	-1.6080515794446004	-1.3145387288600423	1.3389771550073406	1.9592347576440488	0.7301696989404375	-1.137262063833967	0.4772085751275676	-0.4164766383162153	-0.6001659856960871	0.7294376232852909	0.6083031423914523	0.18219952463109648	-0.29175444943055456	-0.04269773455410934	0.3873349939573786	-1.425120541986519	1.4950430969726693	-0.3338959682831672	0.034233625698758485	0.10254161062791894	-0.5341775361079218
DTXSID1020198	-9.415740466058223	1.6219740599831483	-4.092882638105492	-0.952314236710615	0.13205567798742707	-1.4273057762074843	-1.93940263443697	-1.4763734060164202	-2.62095104976277	1.917962698688646	-1.4904915985961937	1.019422476199593	0.5870735562604515	0.8142781297817461	0.49924144382413504	-0.6027747966764143	-0.09131580437374154	-0.3263537434231908	0.3057513905648963	0.6055735212813548	-0.5373491055915687	-0.30468159879249623	-0.8611024836787862	0.21543785136551685	-0.4956653898851954	0.708191221111712	0.13781745411339763	-1.0046179840701137	-0.7667477922408595	-0.20391023690762955	1.0841067657938406	0.22460483427437652	-0.38876641550354074	0.20290757417515504	-0.07960813661598354	0.6660151400159652	0.520576819812449	0.5527451199972263	-0.06915178846911658	0.08591415284208148	-0.13192794655984566	0.8503656342451984	0.09709750091677734	-0.20305972785068124	0.19053177665063237	-0.21342577477479202	0.028980700492145146	0.12147507269043512	0.09174330214886658	-0.5725986267082874	0.03896755052868606	-0.5983335663905545	0.275903002171028	0.2783755615292754	0.5391050175438715	-0.26418110565894337	0.23314098360378246	-0.6537797072632212	-0.3222012210130429	-0.3905398230399387	0.15992836072656344	-0.18492160968367238	-0.46150713749940747	0.35596133354494724	0.8092739087257405	-0.7801695647284846	-0.6771874789716796	1.0652383048212388	1.0739913328626354	-0.41298942265284727	0.017250555080910262	-0.7047185524227508	0.7823786069597963	-0.7794075565294469	-1.1307237446864193	-0.31198627565691867	-1.4733333676318587	-0.07893200927366932	-0.00033728665110772097	-0.5171270771275717	-0.13628839767426143	-0.6046741885635513	0.4659417886596951	0.800871857846415	-0.5697286386284306	-0.34132379357817666	-0.6368534112430432	0.2975249938806495	-0.13469684122361253	-0.4241654255248248	0.1365659004567535	0.5548745438608979	-1.2169261002672163	-0.18623588826071175	0.4434933081462509	0.40695192257578566	0.43926257168254473	-0.062264446564828775	0.27914962073947536	0.04311052880539105
DTXSID6046896	11.393255858020215	-9.958730224928503	5.379189841625922	7.537046713499079	1.900304229758785	-2.7925497389582543	-3.8304952460088124	0.32326290421482234	-2.9364939042746556	-4.47812214933068	1.974583585353657	-7.785623270746349	6.558825019986009	0.036758489504510404	2.640077244253533	-7.930823662663813	-4.911784176378112	-3.578207603667076	4.719552085816999	4.86786142048867	0.404661201785529	3.7608857122080823	2.8452132962720333	2.1794731328241843	1.7745589099914336	-3.095918768395222	-3.3775240999357887	9.557558225903852	4.289408337484072	-8.929867500391468	-15.831552640411843	3.432077970890791	-7.990840446015432	-4.215794804717434	15.492697570382843	0.4467501909952665	7.266891449800954	-3.9986679477008926	-8.648087766344558	-4.240835539702311	-6.3988713164079005	-14.304261975434018	5.41482977717368	-1.6615455487575301	-21.588393510033764	6.296474683935751	13.16576188093119	8.496265691339142	4.401533501794984	-14.524558905014333	-14.190563836484433	-1.3901955282350469	-16.458605891313045	11.373129693023785	-2.220558906735499	-0.38267435571655933	1.344066677714846	1.5593392458115787	8.818759202952295	4.3331602400339175	5.464455139858769	5.3400418554682005	-2.4632631553907745	-9.571413153239744	7.286027816060957	-4.851924786509189	17.810796231397138	21.5552856718825	1.242278989648111	-1.7754135876845227	-10.301011253230438	5.860292653647826	4.974352994103473	10.370682318873115	-3.6183486016491653	-1.7438746473218973	-10.14228264955643	4.139989931791595	1.087878281285626	-1.406746315200779	-7.256686527001787	11.265742923943197	8.750495614991245	-1.828295397608519	1.7127283784193537	-5.406346024497828	3.015067644265751	-1.6165089361024814	-8.19954880382459	-2.5812892785593107	1.6619171227969352	-3.172470056983797	-0.687708951554365	5.292124962060008	-1.2540858671463289	3.6324284346038835	-1.1348333603745675	3.132366480272408	-2.4854742626273265	-2.6735726818084053
DTXSID2045785	6.22005886545259	-1.8553233202981525	3.052453557592977	3.1021673872330715	2.7732490546828905	0.7485938584773655	2.1932259648315604	0.19707088950630344	-2.2826886292707846	-4.102996603059868	-4.904766402108168	-3.86106642173753	2.216017508207065	7.081982753584987	-0.2887576495883283	-3.041276976586329	-3.575759970474921	-0.2744201005507256	5.808279878872228	3.609798170833209	1.1292532211338813	-0.5426851441682718	2.3110174755270787	-2.8001599604387453	-1.8961257204937318	0.23567147906228977	-0.022387819049783108	0.5548511090027952	0.5377466450910979	-0.020983917770801483	1.0011223438279968	-1.5299321592018433	-1.5816606129607604	0.20180118609509548	-0.9568992328450743	1.3553912944109259	-0.11005930348137428	2.051121633619176	-0.3782562357396267	0.5009564612755414	0.12558513595299997	1.1714342345510202	-0.7991803933283426	-0.42955780484353434	-0.20815751553318695	-0.7341668576609688	0.0025024528361521107	-1.5627277567850006	-0.06487098956817011	-0.48470216559189977	-2.1293052763158666	-0.49028725268387263	-0.5349457769630143	-1.2315655241913368	-0.06275200147132183	3.0585372078999296	0.8950625968805819	0.3909608977479659	-0.38263246900362624	-0.8487469015937673	-0.49449977871736667	-0.44039305766629544	1.0965374610784793	0.735605210983335	-0.7612113729686621	0.729293996488904	0.6673502979971575	-3.284861618472411	0.6787399480664194	-0.7686910580692817	0.34735772363524137	-0.08766534982675804	0.4806531038350111	0.8356319184324101	-0.8391333248181371	-0.2897058051138427	0.2575953066832575	-0.9109421315230471	-0.8296578583403538	0.004001143646133265	-1.7677367046168881	2.3271916043588043	1.7547958569131439	0.6796946430894254	0.6807827575121579	-0.7032731608769069	-0.5307387130584377	1.5739357314393976	1.5480174204812114	-0.2087340199440972	0.5491300454811706	-0.11264253899520928	0.23230483147920541	2.13961053309514	-0.6799763042238022	-2.2078138862047822	0.7197060687067948	0.8180379055960475	-0.1506804266774735	-0.5921010181566472
DTXSID9024568	-5.996598843770169	-0.16403081686373971	-0.8034703435630898	1.4924727635054604	-1.2087122334534088	-0.2793387979647539	-0.32070947289681195	-1.3465659859620294	0.7226020777769571	-0.14408215350868603	-1.2157055800754388	0.4670274565240633	0.2998355326113028	-1.2771937989536133	-0.6105600109407092	-0.5813116542207153	-1.5160415471176791	-0.0027840987639464088	0.023611725975029384	0.576106453134598	-0.3068439215976221	0.2666682791658174	0.5702303807452272	-1.1353544439080505	0.08745949378589965	-0.25845493886720233	-0.4341067204399653	-0.05429810960690804	0.47183356332359283	0.42086913582534063	0.6900922459664777	0.17901146372193796	0.023567643644327823	0.1878439392910491	0.43011762280404736	-0.02499537674859762	1.198130798777877	1.1340422022016243	-0.22340354730976206	-0.02797644069985592	0.42474463474997726	0.398576314941509	-0.3280536932853789	-0.2229381665424118	0.25190137625611037	-0.11307085030322585	-0.0951878280704818	-0.02397603844219949	0.651905692103719	-0.04496117236952136	-0.8208484107569602	-0.8026918318750415	1.221802312157604	-0.4311664678189588	0.4196274443544137	-0.124001522825717	0.07448575052824419	1.3509330904136978	-1.1565138264872579	0.24655474121328214	0.0038359249915087667	0.7328512718483225	-0.19200851259360316	0.4446567760990547	-0.4516124919561557	-1.1206884791007845	0.992360391684714	0.8405084309744386	0.36704461034350916	1.0063763544060924	-0.5824826329112369	0.09906135787517874	0.33486523981027766	0.3312654911067458	-0.9953671703388967	0.946762634409319	1.063445788024123	-0.2998085170837534	0.888945796446779	0.29532955726930016	0.018750254103306493	-0.18494352493387736	-0.7911194305006286	-0.2323050525772578	0.11025945585354255	-0.22908441203084148	0.6177988776663558	0.7865361540615424	-0.5358146235230701	0.9286572732452226	-0.3293339979494739	-0.6190469259630328	0.14717121052030993	0.6445755408189607	0.6618417091019089	-0.07178414248705643	-0.9647767616806915	0.7730525212254763	-0.6915681096474341	0.5914761266358501
DTXSID6044856	2.208087622829275	-0.22086099854317937	-5.604190337011893	0.14382681117847812	3.6053516340634255	1.6247364651655793	-0.31755999842317134	1.0793023321942656	-0.0201039381228839	-0.5952066140766092	2.903672567850387	-0.4636655277103019	-0.6028817382255028	-1.1433978484455323	-0.2950845205047497	-0.8139352835916694	0.2177862789211753	0.8113650840599201	-0.5312732163790734	-0.42953576837133545	0.2562471628711254	-1.1156841149167187	1.3431783221434515	-1.0783934145480745	-1.7626146394755804	2.1186662554724385	-1.941343384008517	1.36668833512953	-0.7224282396546664	1.0576986075371186	-1.1171778242207724	0.488152657133483	-0.27021354159415195	0.2672173500815454	-0.9390640726188456	-0.9371231651285731	-0.1870707964168671	0.6886210786878426	-1.8506135511009754	0.5895829753837509	-0.4833491087062695	-1.0787361335125667	-0.01357514991631475	0.24599707723798397	1.2237336858363683	0.6348665280486979	-1.3441734429087524	0.2587766955538672	0.1142224341030702	-0.4885450361928075	1.8524917423990397	-0.060458810141977765	2.2091470119120773	-1.9488439794947643	-2.764608856541502	0.7126294877696485	-0.1364737805256167	-2.2041210340221795	-2.4498944965926754	-1.5974882722719008	3.030486960155596	0.17013448777291837	-0.7983871574456105	-2.4573643136147907	0.34275667485581623	1.7329512428734004	0.786839441029545	-0.5008393792314992	-1.4246574230258258	1.368763627406066	-2.4521152579265704	-0.47211838944377227	0.5411194900534656	0.24703008103436944	0.5319480431676314	0.26506400263040925	0.027944372454120705	0.8965544157740774	-0.23799967507856856	-0.7901031850406917	-0.8515831264977357	0.35311197816867657	-1.3767796433037698	-1.0557910919611664	0.654607790143644	-1.1808236539566586	-0.8171101801990652	0.2324060310864998	-1.2218584402555097	0.18580153939727467	-0.04501975734264734	0.2859052895132437	-0.06865391463677753	1.3821617500047092	-1.04590528602522	-0.2668356423077224	-1.553728775280481	-0.7508353550834962	0.3887951335211488	0.2351291021918361
DTXSID7023481	9.505607205100773	1.2141974630238555	1.2776486476346152	-2.398519382599	-0.14469832882435943	4.0451291799989875	3.5761334662103748	2.5639568845231446	-1.5421333940514907	1.3752081395931408	-1.4536125736939822	-1.78854687608743	1.3253511933936464	0.054590510942037054	-1.6891803604507662	2.938067093356587	-1.6557765458014841	-2.417874023772135	-0.8351164677635831	-1.9276921740159891	-3.1929081731884534	1.2171180933781272	1.0704767217956555	2.2207171181956915	-0.04425758808054631	1.9159543166811814	-0.8314155325829299	3.16501228804875	-2.4096790922082145	-0.2733857241878663	-0.18452355473736273	2.202064629671115	0.38678072102412736	-0.28714255997030524	-1.719376787816686	-0.04944444231631625	0.7766043526300541	0.3640215192520549	-0.4766870167930824	0.6005585093414813	0.09706001154830775	0.10818011123410785	-0.1706141545364368	0.06077227911936231	1.8150221713564603	2.0787460043178263	1.545401218477786	-0.656965849898527	-0.15386995873665735	-1.6781221135809332	-1.8025810374364744	0.9626289616486798	1.878957159961254	-0.6419891742620286	0.6000222036221478	0.4639896885853397	0.29518240888502045	-1.0618285045956803	1.4189671543438094	2.558112250941314	-0.4212612315763681	2.1854095467483203	2.1396615341013616	-0.17733793343602144	2.25212789188871	-0.8274706518504109	-1.2820336698127872	-0.3000104431206084	1.3656844456473194	0.21319214574000103	0.6918606714330832	-0.3030002700953509	1.0301771354123028	1.0006707097222602	0.8141407262027197	-0.3249650622398541	0.4386425001627174	-0.9955552920576688	2.155298802710793	-0.512295171614269	-0.06123292091684074	0.301986185053599	1.161057845553032	-0.6640472817006425	-1.6294935751713677	0.7044764929597468	-1.1621332679836904	-0.37887370083930466	0.9489282215921117	0.3931094389367718	0.7194393370998439	-0.17611108281052454	0.5246473634289737	-0.1715219404921164	-0.8285273226442237	-0.15146874841180238	0.22363238560476073	-0.4385367279558158	-1.1205300607290631	-0.6437791596264529
DTXSID3022667	13.302073665958853	9.229339171067306	-0.8657732497747238	6.835139148391715	-4.091106674632551	-3.0967123088872754	-5.828253898990036	-0.5957898485574652	-0.0010429906263541675	-0.8843073590968086	-1.3163346415928294	1.8739223916752006	5.017135037510748	-0.9718148185770262	-3.7309312854070624	1.7567900400434193	1.756954308083737	-0.7325408369828889	-0.6245951232141733	-2.0032826485381117	-1.4191548604585462	1.3917770561101168	0.7555956102050605	1.1134351292346978	0.3679253347178851	3.31409036312657	-0.5978154949457287	1.6010892521567266	0.6620074208127941	2.3677800002151965	0.5421052096139259	-0.42121366011148964	-1.9471533513628423	-0.5563996055992569	1.5689609315888904	3.7643274085175213	-1.22868346990779	-0.8047413283940111	0.5737765361031001	-1.2845861859220928	-0.01069745276524263	-0.01705571128272031	1.0396545399062707	-0.6878578752984289	2.2073134678402506	1.001471303827745	-0.20522798457496477	-1.5590039124277746	2.1530505964103956	-0.03535909424991852	2.5470513175506726	-0.7137912023113533	0.38065870902518356	-0.7495923332154862	0.014211365955344595	1.5583615815185807	-1.6166854444553123	2.125489602912804	0.11125153830599122	-1.472178479759239	0.10405214109425782	-0.7526620884054899	0.9476424775853938	-0.6409782641120337	0.03685861317250533	-0.008760666319398858	-0.4376801644996426	0.9857561622662177	0.7630252361868319	-1.1100846858120557	-0.19795359804581691	-0.12148822819262338	-0.41028802752538285	0.8952074351194476	0.7818555640027877	1.93924840495064	-2.3474192088415977	2.5336849047775867	0.29959908312307043	-1.014134692984838	1.3822059976261	2.019294044536061	0.40560265730445133	0.7546077442269732	-0.6413525046597881	-0.3450056218447313	1.4664224835278807	0.3711979891347079	0.5182937180450032	-0.15847490479320434	-0.5740718776706328	-0.11136870678905057	0.5335129929881232	-0.4092741112463283	0.09954181792252934	-0.7268663141691372	0.14429054149518664	0.3275392479631401	-0.5363366916707974	-0.17859738649745274
DTXSID9044378	-2.2002074982375657	2.5878250532718368	-3.242387489265568	-0.506776596145173	0.7242170166117199	-1.247590734009326	0.7172085522531793	-2.1778480911357248	1.9778930959775032	-1.210380759314103	0.9118013337818235	2.5021713037294133	-0.5427023066079575	2.165379733920351	3.632025907990329	1.6592609950939607	-1.6802252389354846	0.7811806993767906	-1.1461138371358806	-1.2247659859247262	0.24471084882799113	1.5482956363764395	0.9958793744979281	-2.0775931740567697	-0.08705629441447471	-1.7118343426161655	-0.0010568448661378161	0.877473648190674	-0.32548560473810206	-0.395197199109519	-0.29398611713684736	-0.033506667639124445	0.04896202688418236	0.2885549087504005	0.24586953802063383	0.40059089877792	-0.31337843597316134	0.005751883895953806	-0.2027502067779186	-0.5797910967051526	-0.15630745916978425	-1.4176446388250294	-0.022901576086827056	-0.32137494011605494	0.711768152062916	-0.4670854676299788	-0.06508172738971198	-0.6127827265597747	-0.23587945103251534	0.12604437891944498	0.592636850373719	-0.6916506298489146	-0.25399753592666635	-0.06553476659034675	-1.8020495398318421	0.08572865932297262	-0.6013147480730907	-0.5137983005411515	0.5540024178170714	0.19860245194701245	-0.8172646683933434	0.6658462986650294	0.18503476541093608	-0.0834085139041177	-0.10613209939523124	-0.17167774189259147	-0.3361010658468774	-0.46790769188573594	0.013800477411776185	0.6085158312335196	-0.05868381158518845	-0.19170652947004505	0.05381894343979024	0.34483779795547065	0.24102219638283218	-0.1038145984226397	-0.46993291585214797	0.23519370171202153	0.3520004008188992	0.1562891405324313	0.12716073440126222	-0.8320253668517168	0.21964988820963152	0.10142741103108271	-0.3376986828921802	0.5407928427302916	0.0795732227472559	0.4355363741629047	-0.47063302997826334	0.19444147812197327	0.46161059439326324	0.08421317490290683	-0.08168472668916595	0.06710744142105704	-0.4403406705622026	-0.1599261787941438	0.016914013834791228	-0.14627572822824553	-0.040083937483464824	-0.5605554440497442
DTXSID0021709	-6.980438347844047	0.37262738626405856	-0.5261654801311318	2.6513404163815886	-2.0712356055571854	1.9563416099765554	-0.16492556256785074	-0.43018123845081174	-0.6337664383027395	-0.8042289292974779	-0.516277385196925	0.9684951511139454	2.042018609473622	1.0247968984910687	-0.24270392795060117	0.7823940369183281	-0.7832342169725388	-0.03051897566713091	-0.9247929519598337	-1.4769879748018662	-0.021993939401255058	0.9407645115665728	0.6668875007968587	-0.25109738398543147	-0.8032742169373114	-2.0477477047425308	0.42028293037179476	-0.36059811533958946	-1.4276330693567199	0.8401659544831225	-0.2911635241141424	-0.7743798353350303	1.9904870728032522	0.16836141387632583	0.2204414846206871	-2.022363154938771	1.9416661873288896	0.9546153401470873	-0.44956485404315416	-0.6043686989114377	-0.24507698940085304	0.7548605332984383	-1.3519475089325537	1.5463892240765038	-1.6752414883641973	-0.8728851780822693	2.4532407432377368	-0.13372055816510467	0.578938511045419	0.4531022742021675	0.7000943346092827	2.1572753196364602	-0.5674406984871154	-1.7294661637168565	1.977923291558942	1.645512636040384	0.6727069375677356	-0.3121491055023767	-1.0107852650635156	-1.217140114137307	1.467873207777237	-2.016259048347698	-1.5447689775966358	0.6933237544861889	-0.07734475241319586	0.08714885673068065	0.784394162549219	-0.11832810495098756	-0.5612138785269232	-0.8875532360696239	-0.15020307740922967	0.16874296500573582	0.05183603426402685	0.757245440646592	-0.12429079162837721	0.5672158719543388	0.37200806703868783	-0.17163038059518512	-0.27926261365464383	-0.5754672274919166	0.4651088880734202	0.40178596726601673	0.24642319354993616	-0.27175956198811585	-0.3975965279143887	-0.4400996085595868	0.5683808298596158	0.16080537276243678	0.5830215775345019	-0.14082727469118506	0.1822221442451327	0.0943051769307269	0.1685576788003944	-0.04091419243144915	0.2093493233312625	-0.21770235369667482	-0.21061303990938468	-0.07530086298577653	0.3672742157398549	0.2445386350001669
DTXSID6020274	11.489767476389101	8.53408113085237	-0.40829622591778847	0.378394476418228	-2.517476277764056	0.6297161823946842	-3.4085086363362285	-1.7439470221252305	0.4681031619967364	1.2558312672675365	1.8088321546865964	-1.160332590282809	1.6943640155539936	2.321015627067733	-0.7176709910434973	-0.36672499448998586	0.19483009255272624	2.023728564650668	-1.7906244817932242	1.0451931507890153	0.11343880259192564	-1.4727829911289845	-1.1087275868598925	-1.3790851932439796	1.5067156241193758	0.32506956200370135	2.374749809040221	2.208136455236042	0.25009043781836293	0.2614749871938511	-0.7096619266657385	1.5498850610353798	-0.17652671546374976	0.8904338920885061	-0.07693746520362604	-0.517018976941475	-0.06647142916815467	-0.4648618804846036	0.18414895673285667	2.344155738779167	-0.04681363522122309	0.8033399860027913	0.0746128744141694	-0.4765140073623195	0.04360933059008994	-0.7097201787210032	0.5276627479523043	-0.19467959193817908	-1.6185416427077939	-0.47148553201340976	0.31372300602792164	0.9686945708814064	0.3512887030001312	-0.24689212383504086	0.9624259236135794	-0.24910202951177532	0.7900797248102905	-0.7144466913788858	0.9333539567146929	0.6729788479172661	0.6186767897662956	0.5419549613979073	-0.8903185239862192	-0.027448634375388095	-0.8187804150168737	-0.772864549034056	0.07032208847375995	0.18974136427829855	-0.46471103938605113	-0.3721468044150077	-0.4119228604297804	0.2273411275894303	-0.29408288348060113	-0.17539634537401963	-1.1517963342262494	0.172131798673313	-0.3285801764219096	-0.10345294706812255	0.19901738301216215	-0.21886199287164462	0.08542010192541225	0.5392588705842815	-0.6203894411532858	0.25002521439985603	-0.3977046182169431	0.7984183035339287	-0.27513103305226455	0.25029521404894023	-0.4208942204248875	-0.25511355448783746	-0.07350905844173242	0.3136772274876608	-0.19330001293655616	0.023145229478149103	0.011819768096262995	-0.3528717014698837	0.7502466199035666	-0.036695745679876345	0.285116337696446	-0.3212123928331413
DTXSID2020349	-6.546215184556913	0.33797370743874616	0.5334453780451917	1.5774679787389458	-0.8816692725331522	2.1269484022982383	-0.10787846815731002	2.42712085904203	1.4470196246899183	0.3465954457087719	1.5375686728347837	1.7160712600693948	0.10428250392607573	1.3640339226791804	0.20940594932142598	-0.6131800032388108	0.043962628935354124	-0.7947068854754091	1.5004315209583343	-0.678575555241194	-0.5217952632245317	0.7226080360235371	0.13980180886936872	0.42137440045845587	0.2943093928927136	0.17977967751585086	0.08339717546155273	-0.5622599525805109	-0.4219317154824237	-0.35614911929350973	-0.0015772890510813776	0.2742290157051616	-0.06267849542768948	-0.5424770645238727	0.02371799903964973	0.1460795798586306	-0.4333999592026067	-0.020232055246585993	-0.5692942993825519	0.2304449379901657	-0.0038921674069356273	-0.4533559901253549	0.080597918120305	0.8894826121642455	0.41279968826056296	-0.03954186556988933	-0.6745415420019254	-0.5499898511583158	0.12397289700160717	-0.35935385547221227	-0.09301274710971717	-0.28760385267136374	-0.18926411807898258	0.14909228573066743	-0.0683102855916665	-0.5876915272954658	0.39424099704472604	-0.003076441666837125	0.1476290592963231	0.09918567587884844	-0.00928764551176228	-0.07699210555304598	0.17308206963519543	0.6002318583553278	-0.09728304248875758	-0.4686585617471199	-0.3087128059048015	0.4143515323165049	0.2382822215557011	-0.20579281252790807	0.22669466092378246	-0.13953830124403466	0.23070666841982387	-0.1888120569315965	0.05612055543607912	-0.02961211283694945	0.2991207846173463	-0.1221883323476692	-0.35894960725441954	-0.1313318560730899	0.4420477363105219	-0.046365587158447436	-0.2076387840603219	0.22177571119294712	0.17274279539484175	-0.11962843779297427	0.26347449105873216	-0.08624318450957663	-0.045806352760316776	-0.18847345867809842	0.023414711448378908	0.07422176289751871	0.09022038561784256	0.21280147722259743	-0.10766984111098686	0.07085223668240748	0.04316138454145608	-0.1428713966610342	-0.17990061389446024	0.009442574972335398
DTXSID1037515	-0.20037948384502335	-0.5653004565955978	-1.529011886714313	-1.569587463481351	0.5734933157180843	-0.8231563904876202	-0.6122986876970684	-0.16344028083976989	0.1931780607436692	-0.19625371431148056	0.815393500717908	-0.29841127669626344	-0.4422845459949819	-0.3172793097478327	-0.2591144527232389	-1.1332704015023325	-0.3335694461618259	0.24626197427253207	0.6358365118703803	-0.024056449905430554	-0.31130747172199996	-0.08165072710469641	-0.2664402844203702	0.631527940671876	-1.309954502036354	0.040324361383013256	-0.17935179865082956	-0.7307292246361566	0.002252115843114751	1.0988246796097332	-0.5644306118912271	-0.048018314390685754	0.1371378816624592	-0.37898822281531686	0.6376277181351966	0.425648462237093	-0.13729204036095707	-0.3641893266596965	0.5874169783160019	0.23559325805830653	0.2032919385852434	-1.0633656081024234	-0.338175916622077	0.21916168443560774	0.1058602772844451	-0.5732820497141347	-0.163377407939085	-0.4552760217023608	0.05184031716128239	-0.5297569213522361	-0.28074942187751006	0.04422207850896865	0.40046869699774457	-0.007123588716036331	-0.20955912790250467	-0.11624785199382144	-0.09389976417093417	-0.5948413775597078	-0.7716442481580242	-0.8042893452891257	-0.8753683494712821	0.44727657742895327	-0.2609960804709338	0.5245640243212348	0.807697884691077	0.04336748642536242	0.8628454774462928	-0.4662620144652139	0.2586778960956235	0.4595815996523869	-0.14283947904114344	-0.551803374037801	-0.5081803263877284	0.7019955980118012	0.8676854157664838	-0.17504719577120914	-0.4882753657947542	-0.6293225061557105	-0.5656690488500589	1.2034197689114892	0.0345372268154054	0.1362893089829949	0.14185061712709932	-0.052734757605379975	-0.5125859858740155	0.36852363999439053	-0.3948095994855477	0.5793443561695202	0.3175235126094959	-0.20274532750945043	0.30085182713456626	-0.9801208843331518	0.42077553675652474	0.06485219418662368	0.16619507028893174	-0.21507295272012708	-0.15693924539729026	0.38032867958158734	-0.3864113086250824	0.10979225342795657
DTXSID7047560	-2.4944703433331763	3.3951541400066465	-2.7279055309768405	-1.0380758091263864	3.2888088018648594	1.0737851461010564	0.8077727909117499	-2.135436576298608	1.2350324806075805	-0.7269184055117418	0.8285758410408377	0.7918901157974821	0.1332744285733849	0.9565116887030821	0.836245406996977	0.040428030791625595	0.05867720779003366	1.2722325083863149	0.3298655605525485	0.49123603240350794	-0.383015051348455	0.9152861353150967	-0.8840669928192847	-0.15933690010362686	1.2606069433726665	0.23588342442674093	0.3272762018124181	0.4889011969998516	-0.6354647428798578	0.19953145685363022	0.18628239411827327	0.2347699171942837	0.9558750080450558	0.2880456411026102	0.1785607446321953	-0.7633019389093553	0.4045906061615654	0.44391246696707576	-0.10368751464155401	-0.4642204037944264	-0.12351744689449026	-0.6934558222378702	-0.033119421630595926	-0.4111303694473934	0.40989308689752535	-0.45941348751063593	0.0929101762392032	0.27936822312014553	0.346221001398714	-0.27703598355187226	-0.24727990673745168	-0.7474063043265419	-0.08932797757043305	-0.8588839773659553	-0.2890741893279605	0.09435693160535476	-0.20117336024991028	-0.24061787332124557	0.3560996275489576	0.2561697771377962	0.8224804736463363	-0.2311855810172819	-0.15547521472288814	-0.6067636731865332	-0.12661983845958383	-0.6993631996708192	-0.8312769631523685	-0.39525059671743545	0.36076884507868323	0.19013545053236663	0.08152402867786612	-0.39784136949214444	-0.11884433961328723	0.3662749801282066	0.06275465924561423	0.5158676928086179	-0.3415475061278458	0.307543327637182	0.14136877097950457	0.11182500082420806	0.6484993621846278	-0.7325183230906523	0.015646399091480263	0.21797960064888897	0.6160434469068907	0.24959516803924525	-0.021388668980120113	0.14530309588262386	-0.11283797189109122	-0.1667506045179197	0.4621475383430637	0.5820772897211012	-0.20607687419211096	0.1421539331382729	-0.2805379258467665	-0.06475354015455127	0.12589132264587974	-0.18181286296640534	0.4703521495869352	-0.2660025389898676
DTXSID0020650	-4.100185806374193	-2.162544469037285	1.9572930327225735	9.624152324176574	1.8888072948891244	-4.019550870192638	0.7824141397990756	-2.3509993131261546	-3.294984658665777	-2.891088998576519	0.07569548485996759	-2.3713853271732	-2.25193912915832	3.2238503728818695	-1.00056626196046	-0.07901866247677183	-0.34239722573213655	-1.2203278505325905	1.5694493686627105	0.9000242124421237	0.09448183836592575	0.05203166463102379	0.5734968889720862	0.16381057823830092	-0.13389233329618375	1.3423186658314457	-0.6083255413535217	2.3006612625927176	1.097453274315927	-1.4451104048039416	-0.6817295270646053	1.3304388730312757	-1.9885807777110456	3.786422764611626	1.7529895555237047	0.6771786020284556	4.866180791307948	-0.647147662943566	-2.1996509995159053	-1.2736490026836167	-1.9888810874152196	-2.1456929791163284	1.402197410388488	2.274146639553191	-1.3023733724646775	0.9988165017040684	-2.052199625006201	2.720726046564714	1.9710365110070316	-2.664742087906051	3.4930381963059074	-0.10047963179995924	-1.9402582213370045	2.7866196423443466	2.936243556335437	-2.435300610609073	2.1005723632449067	-1.4889443479668103	1.32952644323849	-0.06642589940906166	0.4518787934718707	1.6122885037663035	0.5585279573571476	0.01252908035718586	0.8080148672765289	-0.13859990016053067	0.48852984106977776	-0.7534405989542857	-0.8011381176446761	0.9377025928920957	-0.24170702925072754	0.39870424321751047	0.1164363858107249	-0.15120151734182352	1.1992371904323922	0.4336995901253083	-0.8497057749625286	0.1811632243903729	0.68702988229505	0.4955364088626761	-0.0839796775155402	-0.4840683230992336	-0.6693903944217795	1.149171953276504	0.31790181991117317	1.2687154040726245	0.1314310552938305	-0.2165899300494889	0.3942046129766036	0.27148082162804665	-0.3604371111264832	-0.11243532965994608	0.3508605696998139	0.5239221409591713	-0.5970958318603943	1.0980441182407001	0.15385657166394226	0.24082015095267578	0.3200776634905642	-0.6470466452210737
DTXSID8041080	0.05975829489477911	-1.6777663444366548	-3.5898159521684	-0.3961068355864988	-1.8301313599148736	-2.0703242972343685	2.601257385068402	2.341125539344864	2.925277788210314	-0.8571185375340592	-1.5238110565057215	-2.6248362613577925	0.7025671439383202	0.3923034402015021	0.7190240129333777	0.6013703665340315	0.9417745429841535	1.0897947302429531	0.3682961650211748	-0.4989156211063419	0.4568954305472356	0.7532224063983518	-2.072321903205163	-0.28644021727393404	1.56166270052128	2.3407235682971215	1.4978058154920533	0.09896264830597906	0.14928176916076108	0.531327908753533	-1.2274031988356913	0.8664602122375267	0.9640393227265786	0.07355993510976842	0.27475918074338906	0.16596667417973934	-0.378856164679546	0.9393607216137726	-0.5820531495016726	-0.04691339845854368	0.8560356329024559	0.007119498141642565	-1.9303077927754209	1.5271561948724033	-0.4497194312134232	2.0876688223836024	-0.7971024128099602	2.933028762598586	1.0082703381770277	0.15238655978065663	1.4197566447142007	-0.07612275788733362	-0.7911766102609975	-1.9830503308627125	-1.363584464584065	1.4334499724231922	0.86203759958967	1.198670317321494	-0.5167616937556105	0.5022142683144982	-0.8576816034910656	0.14994692441938867	-1.117404038294904	1.0275207417280676	-0.2190316756590238	-0.603664380231758	-0.5812501468494521	0.48313983573306524	-0.012668851898905684	0.8562340157897953	-0.3645120972709057	0.6441792468890346	-0.47740135976335485	-0.07569609759463904	0.43953440878673505	-0.45475886621955536	-0.9882813941962221	1.0656871722804138	-0.0008039416366609125	0.567570487797413	-0.414672515639986	-0.7246403318673756	-0.1107639277816926	0.37964501006445955	-0.9828901895240675	-0.9229273622957932	-0.18072508086332204	1.1059809695508074	-0.1299980716999609	-0.5159927695971402	0.6902621421601951	-0.5206356402566444	-0.2549289447541476	0.38994982678500467	-0.44443706446801573	-0.7098423103723884	0.6697758981454361	-0.5987233391046093	-0.016972998237699127	0.5279722741066648
DTXSID4046866	26.229813435803592	2.0098116657528022	-1.6680135726748726	12.36081816233568	6.098119511883988	-6.826393194509242	-2.304029260522046	1.4626488314500936	-1.2655456456331582	-3.4308831807169327	-5.256497497951812	6.372360183644409	3.5632723375576876	-0.028961965603640803	-4.798876981217343	6.452408364819669	4.27640752177989	4.315658586114466	-4.976743254180182	-4.714972795518093	-4.769467154923426	9.269820404500054	1.1720507349367733	6.495784622861559	-3.2829839145594897	1.6828133460554997	-10.807574361976966	-4.479275066074015	-0.8270766784427175	4.09269532215409	3.2689110476936842	-5.738175964736248	-1.3100968024713076	-5.825312054550461	5.284330649141595	-1.14051002014348	-0.018330110395450197	-1.3702665991554785	4.224682434406191	-4.879875137368729	-2.307089911432649	-2.128328952731546	-2.664828151395242	1.1693539631408443	1.1013789623014116	8.683356231377005	-2.176795880100882	2.869890145735754	3.307600454372535	2.2801147754686095	-2.4190332967745647	-2.6701658401481074	-1.782557285356397	-5.1782680835794475	-3.6987990672279145	-8.198301128411792	-4.021936973661425	3.8012327386791087	4.218518889963944	3.8832967932718288	-1.1597419918920544	-4.993657022616175	1.4491941343561519	-1.5862622837893772	4.235495667966865	4.33769851789487	3.066367602651046	-1.5717041545777684	6.621108552673932	5.810132590543192	-1.4861138915135106	-6.401838702675767	1.908038682303648	-2.2969977916685838	-5.549457805375462	-0.89933981755507	2.3360966053211447	-3.8165699482603586	-1.5450304956432706	-0.7147412918638344	-2.7756881242437603	-3.5281201524748536	0.06207872113529921	-1.2135091440410566	0.6003026218292743	-1.4029303023218693	-2.100024911442095	-0.7523393205365292	0.1283957459943193	-0.22325597054389162	3.9244985956567393	1.8061999110154532	0.9970334108851586	1.0044182282313163	1.239506173020514	-0.3270134643373679	1.1458804056175134	2.4661274636921426	1.07245499961535	-1.3826289200908308
DTXSID5027142	-5.189327355936531	-1.4424561408451266	-1.923669025037027	-1.7342524147331295	-2.3381109321751175	-0.891102173991787	-3.1965239123205165	-2.729478356215056	-1.5669255419235513	1.0745114056733882	-1.9705108425623388	2.7114914257652853	-0.768069354512669	0.016466187110739577	0.7432834091394738	-1.017438205488007	0.015148470365415948	-1.2443992116751326	0.6936776441962582	1.2589461989438566	-0.32226201334991034	0.19688187597245835	-0.5557700640691701	0.3425679529681566	-0.7689784185388742	1.6219470494609636	1.117217294939367	0.036881276583020345	-0.7707224316066639	-0.5717086396393126	0.5282594177073481	0.7351282108969107	0.009061460407757457	0.45889705203017156	0.01655340499992351	-0.05799635696978791	0.7180973811404745	0.6789620197206443	0.06806480048473358	0.6503731885516518	-0.2465245330854806	0.4718738263223353	-0.24284775413280968	-0.25138872692772024	0.7461566610325648	0.1582191544325202	-0.3064504977732141	0.23251866858174736	0.572672284401051	-0.1670723836058206	-1.6964568210931612	-1.0463407770072697	0.6343703559804277	0.1875847616383213	0.5848449963470517	-0.10023261864940393	0.45022880378735747	0.5059362445853994	-0.4190740705247121	-0.09790171098254481	0.37570100884304664	0.1951145451190436	0.6919618108582818	-0.376730512338972	0.30225148013794123	0.5364710111256868	0.1831865038612381	0.032541620257274216	-0.13390082381708387	-0.18778076890691348	-0.21464997142041733	-0.9495706125473217	0.27272082370597556	-0.34019879292666894	-0.44601781773758964	0.5747465104430949	0.5860560129610207	-0.6316857756548069	-0.1980313166288287	-0.035384992832169	0.39620204066682413	0.22555835868365925	-0.0838759537949433	-0.284868276289628	0.8011654471396548	-0.10204796588662492	0.49652616242785724	-0.7307097045172697	-0.24252759686960884	-0.20080938259927902	0.12894935336445573	-0.2131479186990162	0.16838395857612234	-0.10855174138448523	-0.1361748914527621	0.2806127663432839	0.4743651151148304	0.2464605077484906	-0.050888874475582616	0.17466559035213422
DTXSID0021597	-6.904732062598827	4.379652994354897	-2.8254938380995083	0.09818369123990525	2.2600307385304803	0.7021959164339171	1.2530561044804962	-2.291907139789071	0.46403320854226465	-1.163783102063911	-0.773292106990078	1.1708148555638314	0.6377340933083577	0.20955250032060055	0.7071758065581102	0.4249760020017566	0.11523379921294316	1.2921062474725056	1.3212613459779547	0.41442333446584634	0.06375447529624897	0.9812502849320732	-2.009647171150695	-0.49332833404115545	2.0679170981618564	-0.27976160418633544	-0.25904776611866426	1.4248216415788777	-1.1089565968092496	2.5844717736670453	1.9369452279853576	2.0083817855686688	1.9372693116092563	-2.4111795755042826	0.2832389426781903	-2.5672872796987987	0.4220525617922799	-3.2747689361395755	-4.141552049226236	-1.7216966767540491	-1.9398823700184056	3.2556955693800944	1.8214736536823397	-2.8353564638395015	-1.9716715250452084	3.005238292475809	-3.7651632973271583	-1.7210224626696935	1.9285417229666375	1.6765247423817606	-1.2065323609183976	2.017035839439021	0.03165296046241816	2.684981449707263	-1.15114528913549	1.5729583334024002	0.868556804299086	-1.8576800491860634	-0.2935190404170258	-1.6317238750184246	-2.206323861376535	0.47219155790061873	0.4671985820491527	0.5780390437486193	-0.1356679841603489	0.3140113838230604	-0.17204454887667167	0.1716848824707182	-0.22028216420863797	-0.8307487779699034	-0.21665445631802024	-0.5373384514082366	0.2068142483769119	0.28062988789343896	-0.33475532274061026	-0.12863644930671397	0.39693677739183697	-0.183796369267379	-0.29670136556282645	0.06210041134200205	-0.3461628331598107	0.12858147513847443	0.3192380684933251	-0.07842109308608082	-0.18560075460286526	-0.1390316398599871	0.3811302023530031	0.15546627380154093	-0.15176609784170375	0.6579491356360627	0.047356810778099855	-0.07558534022767169	0.11877770186270882	-0.049939920060652995	0.05534474272198869	0.13002101692895962	-0.3305727054642915	-0.02719692021498109	-0.28893295577888983	0.2512479820935346
DTXSID1026241	1.3240160307653277	2.5370987356854946	1.4838594328522263	0.7332332402362521	-0.24594921997840963	-0.801461438456533	0.3824862203369447	-2.299783549050939	0.5710039553777296	-1.1098685553221805	2.8960492584403488	0.2235500746641793	-0.7219038388909943	0.3740351985757123	0.8801789867132336	0.3413601791838384	-0.06928553647944367	1.0596198269553518	-0.005003034795417553	0.8684454149222376	-0.3364832745940369	0.18116956687736357	-0.7474323713338561	0.8873386885739606	-0.9380689882444876	-0.637685900390824	-0.40958086257927384	-0.9107861951884725	-0.44088719553574696	-0.4077930920920385	-0.644356817791251	0.20198021258035104	-1.3472645976207538	-0.6118735495562959	-0.031507045970136704	-0.44497549997354163	0.7502898951244901	-0.283993989714103	0.7316919815694843	-0.16448681482518343	0.14649202417486687	-0.9372605276765088	-0.11879940419875581	0.3780677693772534	0.36342536668741904	-0.9747158722161756	-0.22946199801277192	0.6465331514680865	-0.18751432644066426	1.145760761360199	-0.4705937057268623	0.7434195946121691	0.5229989087987877	0.13333255806725897	0.00196709731104928	0.9123253355397987	-0.3039066581379117	-0.5675507837180432	0.1557131683716232	-0.09286607077363437	-1.244873890516719	-0.2697464591131046	-0.06290476706538108	0.019352288207655513	0.1799461313035213	-0.41340910134820535	-0.8347377261858083	0.18617917931494835	0.2005506868615267	0.34360046213873724	0.48660890426074693	-0.9658479105559261	0.11291466707384278	0.455609963694618	-0.1580334013769218	-0.34139181243151234	-0.4936149308889574	0.1491634979018776	0.902476240990734	0.42319465101546505	0.33235277576614086	0.3229529164477337	0.6710372225280801	-0.480558048030314	-0.7136924511810314	-0.054831015101647	0.07893576489170097	0.0840746744484616	-0.6535276916643772	0.15803897641461023	0.06694626020197098	-0.02200492115391721	0.6756531516511373	0.4056792092103413	0.37791759548780796	-0.16720941409942167	0.035167112140484215	-0.1304466506879613	-0.1747183800575786	-0.0726043421639489
DTXSID1040243	1.078978638716056	-0.6249381427622186	2.044934979887467	-4.334851470040499	0.030589103428502833	-0.05526425034247454	-1.8538673252323046	0.5856561725723792	-2.204033572087757	2.0173260282543493	-1.0851486387383704	-1.1571894266152127	0.48264057781965897	0.7710194655482029	0.27907146071067007	-0.7154014466911462	1.310266771199206	0.7424097532123154	0.07825562072620247	-0.35670937494658805	0.47645112336396656	-0.010326078721893082	-0.3377590378376767	0.9560020317422472	-0.3930279207410744	0.9985815795073841	-0.052818692998104266	-0.2556908702805355	0.10924061967446834	0.46207158680664373	0.4122769637151654	-0.2754597020765361	0.4384411276653864	0.04196219663843279	0.03040241539215516	-0.2788545554865258	-0.11072749753279527	-0.1278268395006675	0.5797897676094599	-0.017923902858363035	0.18515909239489625	-0.3170787994454378	-0.26809045839967255	0.16800862369016803	-0.03152899131446697	-0.18466616728065752	0.96190462561464	-0.6923072351958695	-0.13038225568325687	0.1913955779945854	-0.5453253643911932	-0.7017675110579354	-0.359478431094657	0.9485859045228124	0.2894995491166033	0.8046819422535535	-0.05923258928537014	-0.2645677729544021	0.47451935291925407	-0.49177288793106927	-0.053225762273484266	0.9063753853548582	0.18414949464556354	0.18213263285762082	0.16775619074142037	-0.1421254430161089	0.33241464643877977	-1.6112517977240632	-0.6791139610345742	0.43073368276849555	-0.24080507620858885	-0.06164694968327694	-0.3710965468551608	0.4029239302529314	0.18709404668232524	-0.04326818528360134	0.09611509806792928	0.1161554186827906	-1.2444115075253732	0.6479551900391738	0.20900668192447147	-0.43520781508044215	0.5899590546037912	-0.21742194878868615	0.30385874372404414	-0.5781445524111107	0.35181421706103055	1.2543792617363536	0.09849379775518624	-0.37064284108323126	0.42630336287957793	-0.48020188563918176	0.0928815200208065	0.6083351331202304	-0.6542025960739871	-0.7476039540155068	0.11122629060689615	0.01680659420880147	0.24185414677046882	0.187542021322739
DTXSID5045590	13.965692427542788	-6.048540634207579	-11.306012829764757	3.097609081668803	-1.2500672797903907	-2.07160782378154	5.07649639547967	5.2471357116049875	0.40330708022564676	-5.190821826006274	-1.0387944152250594	-4.2319706286579555	1.7235729877356059	3.5350904016927855	2.0931244868478966	0.6939083603941621	-5.202193399160506	-5.18659493471759	-1.1684090578893032	-3.604201850216971	0.8897667344615149	-1.8111450929713875	-0.20441827726810022	-4.725224924429188	3.6184231494491037	0.33283269521783465	-3.1797154346357788	-0.09400908716243192	4.263618502710151	-3.951493621948746	2.5918547626688464	-1.106236144994611	-3.0447731572247445	-0.6327702381512151	-1.4720397498630429	0.8242340220145403	1.2974666036090836	-1.9618808836196533	1.8468882950617196	-3.0961312813587623	-1.142197338006015	1.2831982821646974	2.0635667543399494	-0.010896928185715827	-0.17533271959423438	-2.89571819226972	2.2727829491903475	-4.0288029266154295	0.507745667098108	2.664991645914029	0.5443434573138435	0.5110057370115971	-0.8680670273814147	1.8227260304673127	-2.1093395095043554	1.6457845019864703	4.335464767783108	2.0109470779547083	-0.06552582025418549	4.955695261353104	-0.65423991688004	0.40925912338327664	-1.151006036404144	-0.6730032988198233	-1.7480963920055483	-0.8183548947103071	1.412817122121255	-1.118981617914546	-3.9922019249055927	-2.6840283500670057	0.5707575992099708	-1.5455743809195754	-1.748767813167779	0.18582750514793175	-1.4224906147081469	-1.6877782793284328	1.6470910024085115	0.25584760627293374	-0.9836512527282625	-0.11867471849923511	-1.9959879443102624	-1.874205164518043	-2.3387832071137553	-2.0056238731372975	2.8023736260617604	0.3526788270620412	0.1332693845199941	0.09018874368143792	1.6159607465958161	-0.22578557832752602	2.3729848244109197	1.5775509037370454	-0.44433827042922414	0.6276129329098268	0.915575040353274	0.3415072054648823	1.1269525900355355	-1.5140403907177393	1.2744353701466837	-0.9171748529680656
DTXSID6044696	13.4665576954682	-1.0035830404684083	-8.361992369209037	2.07679199371226	3.3805304163916903	2.3385336969162385	6.9190798208173	0.979423402231193	0.9716499027325194	1.9662992500772523	2.5921757800876457	0.33531059855565076	1.0709788063921037	2.130396870359181	-2.4309552482125634	3.8562991285406345	-1.2495557706953946	-3.824230081035027	-2.275273418760618	2.3283928592287273	-5.111665532545172	2.079769863339998	2.5666186444593935	-1.991576496783322	3.342154619363808	1.0815376508109273	0.10039159413156543	-0.9273569989355686	-0.7137642197472583	-4.064224942126323	0.471530995320234	0.7390041745934193	-1.1673499348376566	3.58890588572633	0.3767107958052434	-2.6443038534227448	0.9063539467560567	0.2694259119031398	-0.14109120442770462	0.21471305626271694	-0.3407826555123057	0.24328900820379204	0.4244613613816298	-2.8544693442306883	1.7078308715586052	0.7183053204801713	-2.871820286961982	1.132763131421358	-0.35350116867324727	1.4174300180019261	-0.28588934347696404	1.0494438849831522	-0.6956037025682944	-1.9624455594585515	1.0091337481965057	0.5741162854698479	-3.110125928283952	0.11679550678910003	1.0235953921870273	1.2970606172930725	-1.0067784487687133	-1.914434532336547	0.013736023959614218	-4.635403441393309	2.3638600060041153	0.4380666127661167	2.7011252943772273	-1.0190087096996865	0.40711936701835805	-2.819291362451719	0.17720880896077904	1.8212600713635922	-0.16492786427703054	-0.9631388760858772	-1.4938054947509594	-1.3234300039414826	-0.15624825614121596	1.6874132000672484	0.24038586619204666	0.4116722355098491	1.1132883583728663	-0.2719721260507296	-2.381078439167636	-1.8631534004835317	-0.7852691630264198	-1.254453726269319	-0.8710724188055452	-0.4445932461861974	-0.20771213152451062	0.9663913324757781	3.458281002956826	1.3352774385457118	1.3703388340395926	1.3346585641113096	-0.2559010940240014	-0.9650524286102273	-1.4367979381027858	-1.3151615372305647	0.6314360801733713	1.4238396807056768
DTXSID6032645	4.024669236002047	-5.52300259556032	-4.526935097388258	-1.986201379856848	-3.777188480108645	-2.1984837020105785	-1.5444786456535493	1.8217639258125484	-0.02362269747600968	-4.465798250673117	-2.1866686703445075	1.627548592876388	-3.760332166314375	-4.3489659186992355	-2.582537462015768	-3.8248664542298063	-0.7372596733171491	2.4699741191240796	0.8432800539098366	0.8938875840821613	2.455381756771799	5.1622017227329735	2.3554395179282266	-1.3375512241409298	2.0355338040286646	-0.35767121513198025	2.245760155868566	-1.670501041518121	-2.4094183627466106	-2.6846906765587413	2.4307030065836988	4.315075328785649	-1.9257939281887306	0.4601073048022028	-0.49400313453083067	0.5772293151092696	1.2888098431619432	-1.076658084286107	1.825931627914149	0.7935550045340254	-1.1097641629455028	0.38585643296538774	0.16093267503144013	-0.3944536188984147	-0.15629389507282399	-1.143635463027984	0.07563835869836485	-0.28009421562120407	-1.6195833470030476	-0.027774040030504824	-0.40299907511246463	-0.6935384227134902	-0.6204472960649644	1.9934627119712436	0.6437044295415951	-0.4588271818622008	1.161144691531778	0.6896815145599036	-1.8603979994368243	-0.8090603799397235	3.153275284883469	2.6679818005111584	1.3676659339000123	-0.036634685632566305	1.9386800346543638	1.0529123965327358	-0.07789415685838187	-2.2651476651158693	2.152655444742213	-0.7057919576576974	-1.4319118036934597	-3.219169028948938	-6.155919359062984	4.184165241161089	-2.640719640465824	-2.217510830141473	2.2800710317654533	1.6909289165716832	0.704579644201801	0.22924361738794707	0.4543628597565548	0.2404522350884301	0.18148540418202389	3.8673753329936456	-4.148261825301503	-3.600216570056764	-1.060678070140092	-3.04778050620271	1.0904512341728292	-1.065968035866148	1.251505803077078	-1.6371437726795783	-0.34054307455352123	-1.5928724690921185	1.7371737893616135	0.10232136671980728	-0.8137725211563408	-1.6942139552048605	-0.049722195925009496	-0.3208333219359377
DTXSID3041376	3.1567997043464793	5.331632927852733	-2.1702486004240154	-4.875277295518864	7.392448994565117	1.5817435095079253	4.101558888263783	-0.8297082890757704	0.3327927983915671	0.036457784448202926	-1.7460068325478577	1.6658074549177297	-2.82199907679143	-0.31565206983205546	-0.7063913010492545	3.020841869239402	0.9109696346344534	-1.0519580708521492	0.2512622566899607	0.15726530752144777	-1.5714069543717497	-0.11815789835048525	2.3997786487269495	-1.504616448050676	-0.7817995156530524	2.49836591897072	0.7001820865657294	-0.7288790479366534	-2.046807553769313	2.270896367187423	3.371263417690854	-2.3599479101134095	-0.3902938478684014	0.6774799958070351	4.187310697302515	2.083120590991183	-1.2422128422480796	0.618712657995212	-0.3999998043475059	3.232695574814729	-3.3600432807714853	-2.815624044095802	-1.021657398748143	-0.7213839500678874	-5.759477286232332	-1.5929730333080214	1.2121416374555656	1.8976151611700058	-0.38156320740989225	3.041514395068305	1.4154832760897118	1.9978913628206536	1.866711146412695	2.979309607824403	-1.2417024139035422	1.5045592170105508	-0.9460782863987586	0.3633576067613602	-1.7398067691175085	2.342095288338402	0.19641795455670016	-0.1112302836180336	0.5818460447420392	-1.3145865527099163	1.0780471221267123	-1.4475790172960974	-1.0213023089356004	0.18264778596777761	-0.41196919287243705	0.9304291002498547	1.3739077523287444	-0.4614021614525609	-0.41660029432853685	-1.3598647445128635	0.12882087937981893	-0.007623885480312846	0.33500978183725205	-0.2922796694735302	0.23261801629902673	0.38009233225314654	0.4852548825951553	1.0011922033531406	-0.42352837122467446	0.30762714912126593	0.3025645356974072	0.4209227139519944	0.45327570003597967	-0.03172379554213103	-0.21922687860453668	0.4461962175797714	-0.4465170741638176	-0.8979348695958347	-0.15973971788794028	-0.36488486129275255	0.4737127876533658	-0.08727438530393838	0.12346219681819788	-0.036161118364208863	-0.4817458880380855	-0.5329269194488819
DTXSID0052629	-6.395986926313409	1.9161901595733384	0.17268639478125716	-0.09640561925887321	-0.47689537353775574	0.8825635416853661	0.9885266606250552	-2.2427657118206445	0.8141147659989513	-0.7820699915646401	0.15936823322507865	0.551412010924602	2.3905925060908793	0.5694468475033753	0.42465526633329465	0.011881281979293577	-0.6772003311239911	1.4046129078332001	0.5579699845110901	0.4940098646036754	-0.7613874306964987	0.8506987030811802	-2.154082609187535	-0.07745915506452956	1.250930613482281	-0.5881272012824658	-0.14093925394182452	0.6981181565396938	-1.0825346213372855	2.779164650492671	1.9350623420006308	2.6432178674974334	0.8842738024345221	-2.3732633235709053	0.27534529697953763	-2.249717644377234	0.6949778336523558	-2.6092621387108275	-3.8560715089335975	-1.800008145863814	-1.9587768085371604	3.069350669824753	1.654942764789821	-3.2098429230790737	-1.876256107292879	3.0475632041400966	-4.015637934574312	-1.5815524517005493	1.991759176641475	2.2103174007288735	-0.9994025394435974	1.7778337307107928	-0.13957867839591884	2.9600153609685225	-1.0440245699071564	1.3961804447336674	1.1261842975631113	-1.3773007102488728	-0.6894756738815957	-2.4546807318958432	-2.3513545396226934	0.0630922828759182	0.9685188786716201	1.300795663570145	0.004329370688563181	1.1199998987569664	0.7738523173565993	-0.23282185765943156	-0.5141939303656963	-0.5958363540406072	-0.27990808022283903	-0.4369804425551135	0.5080755842236591	0.18466097717941565	-0.6313862329822655	-0.5147638755886701	0.8532661296678443	-0.5542103401525756	-0.4339638953203554	-0.12093960856100429	-0.6151515871148988	-0.0925493585972985	0.3764163532083199	-0.7068136374105293	-0.3568380502620127	-0.4590740751398121	0.760650427285039	0.3958357787397811	0.34861228558846763	0.7183779287758	-0.10180845839383167	-0.63135204264324	0.1999074132765532	0.16321115380243728	0.20323351053293615	0.03499100647498313	-0.4268804792565357	0.25420192186147705	0.07845836444285965	0.07868393408944524
DTXSID5048211	-4.716136428856815	1.0526167811818579	-0.5071185058867593	0.15991546041827395	-0.49587920141171093	0.9874804250378627	0.6349053825853584	-1.975372611936351	1.24230846295853	-0.24922723039097713	1.8893994176549096	0.9171163373613415	1.278031624125124	0.8911474970019844	-0.29789258832811566	-0.935121688156471	-0.4531052427782316	0.8986640123035449	0.21114939191604543	0.5637052296135544	-0.5943467943602095	0.963116312675691	0.4591195845932047	0.2903033551832905	0.0360402131191704	0.267842436061752	-0.014891716770927897	0.06121391574247801	0.45314947998902433	-0.7811934926078996	0.23603521888463527	-0.015418767964779152	0.291436211244657	0.7496394874267145	-0.1951900504652005	-0.11814462451585815	0.2875871335162684	0.5597419242837185	-0.3052983691456186	-0.5979703560682068	0.2087242300355669	-0.5822489789736442	-0.43733636982330004	-0.062592112484484	0.7968479610750334	0.22764690158643314	0.04438308930741807	-0.2888574803441387	0.2529155090316566	0.46413954701714905	-0.206054520801147	0.2912173849461409	-0.25632459757943526	-0.31370872661509097	-0.4666208019340954	0.3177175480463974	-0.21330364471703636	0.38908389250139147	-0.010977803694701298	0.15984901776691712	0.4798502246175653	-0.024994179578730735	-0.032353911080757976	0.025950457850837702	-0.6711013688191101	-0.12570063020862007	-0.19236835257127097	-0.2589941695790544	-0.19918986425196855	0.07894973332947759	-0.6649433460373262	0.46131831665273765	0.012663508667641557	-0.3286076119784137	-0.22069550370567903	-0.2601194274895861	0.011116983092990931	-0.3590273517947998	0.12350533360410519	-0.07426736102395516	-0.19027682808477606	-0.023548962487759034	0.41308531349140215	0.12934811399552223	-0.4209381554584002	-0.29549996105564685	0.22794476408868145	0.10893855320241635	0.18769528442198802	0.14546997842522288	0.20633766587415298	-0.12455387474913075	-0.19137092972486502	-0.11580673999387375	0.013364746133406675	0.02281818468823402	-0.1572662165975202	-0.0735439801765502	-0.16897100583919028	0.16828683036883405
DTXSID4042418	1.8236909361190998	2.0155035748964623	-5.358084269305397	-0.8548416218021411	8.662139874775805	-0.02525899810883297	-1.878323385156842	-1.452309738359838	1.11397367074044	-1.9608648370430422	-0.9510954558852824	1.7198614299769037	-1.808782562582096	-3.2318662591111673	-0.5918193238470305	2.9585757630394443	-0.15912059788471986	-0.07005982486241354	0.7158051422242877	1.9574759865304807	0.2807813923096841	0.6194079198782316	-0.7803519459284431	-0.956840962336481	2.136520657885939	-1.8174387025781178	-0.08802216156718236	1.2851693034562948	0.19826824306462384	0.23327955494605557	0.6220862779280153	-0.9751178113733564	0.5398276226935338	-1.090817544174684	0.5551142886605572	1.5488486797651275	0.23692963172824294	0.07984029066591501	-0.12649208982075794	-0.2971998150652809	0.2540821996033071	-0.20032933289633756	-0.7815562583055645	1.5484623422495176	-0.7701286406635202	-1.4155804681969293	1.3056939346508363	-0.4121588771100186	0.8909554871028897	-0.5539591970880893	-0.9561717049237927	0.05208167229899819	-0.35848953350743806	0.9284711918001108	-0.6403086292949527	0.720982414930716	0.18338489258168283	-0.8399510775840187	-1.1961371744815321	-0.7248122596673746	1.813493779376964	0.5233619318890799	-0.8269373187381555	-0.942856997060254	0.6592975301240758	-1.2113607648702582	-1.2542875860783944	0.41235717301961955	-0.5742580181047232	-0.30839689487262306	0.32336304736375704	-0.3738874016793462	-1.1121484769531704	0.8062539007796308	-0.34544633420821785	-0.2993131288112454	1.7544104297708993	-1.5548274029070952	-1.0194857957154473	1.830860925518516	-1.2004438737349297	-0.5457415103994765	-0.9383223116663018	-1.1638515162216434	0.7796062990125974	0.6033086194317515	-1.4392799378378849	0.1439512710307542	0.9579784873361077	-0.7112480264001914	-0.025653900868819156	0.2261546442022377	-0.30607376930351593	0.24869119691223343	1.8133916042937053	0.8327802939894883	-1.1499931343100267	0.11692129091238158	-0.5653650636898389	0.44336816296289544
DTXSID1046348	-3.46208901773268	-0.7641818310985278	-4.9745642573715205	6.797086933978491	2.2621468533255182	-1.343339834512064	-3.242003658292864	-0.16112286802274828	1.569200296818094	-2.8469636557734024	-1.6761939310380136	-2.204325403266317	1.2619872196206008	2.5219721982294367	-2.987352873955041	1.820948614539327	-4.940798080071881	-0.29995457685076543	6.9728668029479035	-0.7929625986397971	0.6394744074857585	-1.0639234904368107	0.9335226813455076	-1.032306860419731	-0.6843794378890864	-0.8526382707301056	0.004806708176138447	-2.032943474311917	-0.8237685968345191	-1.960488379898348	0.2805348574093434	-0.10259333860986723	1.1920713630729833	0.641224052012343	-1.4902032470259319	-1.6331973682283425	0.7426489414672761	1.6440516428709346	-0.2285903179245718	0.3610639966829828	-1.2647876437650165	-1.4068112275982523	0.07350134327157948	-1.132313312520643	-0.6768111354431742	-1.2614899907490535	-1.3106994475822695	-0.4827040121151868	-0.34232607409507804	0.4445092501142275	-0.9112630625665393	-1.1060475989832919	0.06410991220579171	-0.7741564385818647	-0.9642919152550635	-0.3024659658725969	0.3676728264982416	-0.5394871805943945	-0.53356191979292	0.3894521878898117	-0.5301971164345255	-0.6834662623141752	0.7404908285225381	1.5135970098972358	-0.7304724734152077	0.41912741784665947	0.3031115761377294	-0.13963867620857684	1.1036168222863554	0.29502196853376433	-0.07503541876791393	-0.07879812978227295	0.5102681211156995	-0.8165435584977091	0.10703413762744064	-0.78784486079966	-1.0586126507153752	0.2779222139464273	-0.040832503228267265	-0.8735500848786336	-0.7368783513407062	-0.821486244593378	-0.30442605307223397	0.6940251877374025	-0.585059837617674	-0.17047038224418193	-0.40080596655978423	1.0121423915000245	-0.5204273439150031	0.27736345878310403	-0.09875357609692312	-0.2935609965252664	-0.2567454214033881	0.6029787008790843	-0.45293987399776814	0.1497014697459919	-0.3539257105171895	0.5438852808346473	-1.0616079920236197	0.2327073560097356
DTXSID4044793	-3.647976038745281	0.1487782692309223	-6.941150718680507	3.9573637067954404	1.0590304305836553	-2.2038551238193493	-2.8605601184971787	0.05569540021929621	0.2723639579908031	0.008970674115143708	0.5034937450598336	1.5109516637429263	1.483523346932995	-1.06524605702463	-0.7810438774670718	0.17233531040385985	-0.9722216342075168	-2.100998122096688	0.9460413846167596	1.1633780782806844	-1.650017895312119	1.605254375671811	-0.16851725467166653	0.9226621341364398	1.0034801086772092	-0.534273645710894	-0.7099444325560483	-1.7614177903941888	0.613896065336009	-0.5257585022377986	2.0536699284932194	0.5737587207775778	-0.7863269515494429	-0.8556051211961763	0.2910946167074465	1.1502483401909571	0.7709284498489597	0.8500448010225343	0.0384458471444243	-1.6622260013089813	0.01767199159057814	-0.8248881636193401	-0.05586785148770316	0.6404078438158033	0.29424862608036734	-0.35143409811599	0.09637515542244048	0.2660512396982394	0.412210450045741	-0.019739832427189304	-0.6070659667677323	-0.4977598485356619	-0.3406064300290634	-0.17508387545135287	-1.42030385651164	0.6058641549994167	-0.16853354787683536	-1.458142851748348	-0.643529430940847	-0.23369539506457265	0.27821401664570194	0.17948515514177651	-0.3934618358979714	-0.3747035031693637	1.3502246359915564	-0.4897623325156388	0.39101062752651816	-0.32370323909796767	-0.07777171920985519	1.9619487210836533	-0.30629816951833944	-1.1821595621979857	0.1310132680305434	0.15042261032584248	-0.4721120884660009	-0.7133735354209604	1.6895448318625974	-2.538770737316438	-0.9143508533287765	1.410405429612187	-1.0542247479527609	-0.9518942155650073	-0.30769758091390453	-0.7023724488024594	0.3506881940840848	-0.10347991049414956	-1.7621214227905868	-0.07057228261468743	0.39584064022457965	0.1584529692653045	1.0733243256004363	0.7795758283211633	-0.03958653851485104	0.3624178811836314	0.6742412989524605	1.0760401533921267	-1.6385073495896163	-0.13985678306897678	-0.20592401689820064	0.8956354866757154
DTXSID4044870	-0.9882253087539951	0.48053222075410407	-3.5230168643456024	0.47711739111505663	2.8524782691155877	1.4543235774463499	0.34808337692300845	-2.6520167971246864	1.3893514846365633	-0.2458506912966071	3.166414591926998	1.3792071769555456	0.5630678270109493	1.3437376643023493	-1.0872925341349473	-0.20996263847526492	-0.08629586810366112	1.5700132786753234	-1.2456693762017872	1.924949143698917	-0.7970243635976877	0.5409933714717287	0.7481257395582869	-0.6091621736035606	0.5659011873080336	-0.028418606533384398	0.3674690304603961	0.5773257185283571	0.43111086307351365	-0.934713121483339	0.23895485448177395	-0.1561674056274243	0.7429689826343285	2.023438461908473	0.20428873363520336	-0.7345779488965926	0.34646088484276116	-0.23694613531884204	0.30056105125989946	-1.174688268626004	0.2774900407189206	-0.33154246731962783	0.11513399865168694	-1.3758821120785574	0.8348737609627931	-0.16873470045392505	-0.20696136924520298	0.4349267334281287	0.006474385055944549	0.3890831625210309	-0.06255479169388117	0.9685170499433091	-0.6393982019310055	-1.6921033437133568	-0.3543637071764986	0.47594675207501347	-0.7000947553242199	0.49130913721130093	-0.6746412236863012	0.45227840095581956	0.5251689996498559	-0.4694106814425184	-0.21893936115341486	-0.6218693348691282	-0.34855116250854734	0.053627896801859525	-0.6400943591171705	-0.5121992731097184	-0.7400277048551468	1.3452202634459198	-1.8487566051799769	0.603517247682982	0.5912330039929135	0.437893120198324	-0.5547260854890627	-0.2707022656253542	-1.003524057311902	0.8248347222419847	0.48900706466663296	-0.3477561328791742	-1.180122439921071	0.5518932634416168	0.14290745743926292	-0.049938193802534434	-0.3258093541236082	-0.04717687503779631	-0.25273465622362745	0.033016130135451516	0.0820864593754961	-0.03629868133806065	0.4510235074106374	0.1644438994309083	-0.4573457879448556	-0.17114484838899893	-0.6426421913333525	-0.04685890595018088	0.5316534692822801	-0.2969145679085631	0.4809701664499718	0.9290287642685777
DTXSID7046417	-2.845768070392406	-0.028201030753127153	-1.0416601755237247	-0.1046264145164825	-0.8656737148470951	1.282019362888747	1.2659442872074553	-0.3963935926081169	-0.5671379273167145	-0.6514852341131298	-0.2590323297600489	-1.069014601393555	2.7996641097470483	0.28716491365360497	0.7444779043540595	-1.5266833568732134	-0.14506746039222218	0.48869986182700265	0.36845643931177724	-1.728735661757101	0.36586441687223	-0.5691943783688509	-0.7129417856794737	0.7935411028603943	-0.6006766634051559	-0.5082970126215748	1.2127033815599753	-0.8224938146614373	-1.138277972883247	1.8334311781961985	-0.2529976065051844	-0.17828241100895506	1.0481831739344658	-0.13868335933108178	-0.4100584887992617	-1.6678745335959506	0.8537250749055209	0.45476674575924714	0.9823094440734639	-0.061243216778888186	0.9632806564385242	-0.5510791813174588	-1.132852067619995	0.2084375741427217	0.6796889972023652	-0.062070435960520025	0.3905023430014447	-0.49995106222283464	-0.07697298021730725	-0.44427551634562445	0.5425260999129823	-1.7450629614434134	-0.6017467688818184	3.0280682131159726	-1.2582367684839664	-0.47415119130436206	-1.254555906895259	0.15671427718531322	-0.3353635537316304	-1.3361602489006896	0.0725144154097007	0.40515852567417643	-0.9853940847664413	-0.5072963818964199	0.25512270684216043	0.16057275771939913	-1.825686952731068	0.04062609277218573	-0.45377627966184697	-0.039816855548114254	-0.3124866111289871	1.1026418758212606	-1.208098164926188	-0.024382115358372678	-1.3693815267472997	0.47725119243108033	-0.42452514453079965	-1.0735543687408808	0.8966422683115706	0.5948094205093903	0.5104518628758389	0.597075568543935	-0.49061226649366774	-0.364922473837879	0.5135841513302906	0.031171073329742408	0.1532471030169102	-0.08767920843314837	0.41591786936817565	-0.3517509507856058	0.15169771278314137	-0.12755657987773203	-0.06035568162396303	-0.11104150590208703	-0.16190282285754784	0.11796757173387669	-0.042570202527100934	0.12922969464500852	-0.33297391527193543	0.22644987193176183
DTXSID9045762	2.072971521986147	-3.188693596853611	3.9409398404720504	-2.330916643636176	0.3618273757044141	2.255824724070173	-1.0207487619537419	1.921929467223365	-0.38043577119680605	0.029161842570140987	-1.4871216830423089	-0.2543112241401034	1.833144476145382	-0.23092949726233622	2.4676172684582203	-0.6993800058129043	-1.1336733882613272	0.7266136649363528	-1.3774010145748863	-1.4682479760619758	0.46271050656824486	-0.19341506284344162	-0.513867563123742	-0.5725394998178117	0.934724554360372	1.2572245808906732	-0.16377364440105405	1.0290516621916515	-0.03769184842107563	0.4800928094128418	-0.7052928439576904	-0.2687061198876655	-0.008335323179920851	0.12490931209754365	-0.6901844723527899	0.48738577880802386	-0.3540510069716628	0.44747533550039686	0.3487790474948936	0.005614633513060894	-0.44603622947988425	-1.108914710765812	-0.3610056891479463	-0.5426982522144158	0.240658610301014	0.3111802605757793	1.0215675584083923	-1.1395868387943098	0.1040748668357718	0.3770824991645356	0.9682565554313007	-0.7259211898440429	-0.8618530663413267	1.4455182128696118	-1.1389311481316067	-0.21475143141112704	-0.9569999926308024	-1.5632050540015094	2.082077293174843	-0.3996496623010979	-0.6153816377607987	0.11738083809760717	0.8094238545181305	0.775802726545537	0.9574793926477742	-0.8433168317047838	0.8447000546720005	-1.5426195543820393	0.4561730198538142	0.7211058852212577	1.3639732943663114	0.706440049793622	0.844080475229003	0.544197849274186	0.6106263807186225	0.45594030704949384	1.1369716437891122	0.7959232979329453	-0.9622221497573397	0.6121301780080477	0.7595379035645863	-0.967701276583384	-0.06533980655292304	0.20186700071499675	-0.36777693074116713	-0.7642364972572087	-0.6156890069640001	0.9363431948154171	0.4727797397783847	-0.3453907304307404	0.3153092166560443	-0.24381148375052317	-0.1596151742547535	-0.6833891157562306	0.5933841851785167	-0.469792956974921	-0.2939843321974084	0.23183182285060008	0.08373416316044495	0.8105743316449997
DTXSID0020733	7.229643707947099	-1.616938636514051	-9.939114325627749	8.360612288076698	-3.450707715971263	6.049806155448483	13.515486954264325	0.44588903144292663	-5.294260585820541	6.070875312628786	-2.388247069059611	3.022171713047413	2.5737374132035717	-1.4387017603887489	-0.5170876065639367	1.2380546855175354	-3.6459829260593497	2.517783331823523	1.1501805849633602	2.5971163062169897	1.8160824834180171	-6.015249531223903	-1.1736573790818252	-3.156753947967366	-2.1636553651950976	-6.691057303535444	1.1618545398780311	0.11773693983663361	0.8612527423902392	-0.8060690394151373	2.377251197883357	0.659691120798729	-1.9694206043690403	0.3556332294283707	0.6737737492063	1.452675284309711	0.5808879990107821	1.2668988421095566	-1.5143878842584397	0.7904691818248445	-0.7885068161647238	1.4778412688823508	0.5164072905970377	-0.4511121548775156	-0.9457459186128377	-1.2141355275198735	-1.5570411484991067	0.7978114219808558	1.3383855087234549	0.9305780722414195	-0.9730513236012994	-2.496292503311651	-2.681672715336727	0.12576627707063184	-2.2069352105204842	-0.008941077214143165	-0.7697658071320629	1.8802437278302866	-1.0487015824588035	-1.434670544072575	3.705141072183582	-2.586650044352566	-0.2031498122825226	-0.48018214699454004	-2.0230012803585957	-4.450193182788343	0.8591828134035013	-2.0478607326299056	-0.5820445166172555	-1.8250988399254677	-1.7400788151476978	-1.3504111100866634	-2.5661723321129313	-0.7748233541149622	1.013715464046023	0.33775024948638577	-3.9325285935682834	-0.6457673921928386	-3.0719802066539277	-2.8726671911994464	7.1570020571548945	-4.684243356988941	2.728592666814252	-6.388175418856984	-4.6315949017206846	3.5941626199571353	-1.6828884098476864	-3.059753826454307	1.4003403437838449	-3.5122608909541198	1.6038750275667901	-3.998703476229886	1.152596592098342	-0.5580217276203615	0.48517923654968587	7.085626480448456	-0.8530711489707533	-0.47429932862700047	2.2170774708565593	4.688846865543254
DTXSID4022816	19.359039204350015	-15.347883777126892	6.128176140834153	1.2378182755345228	2.397512051243063	2.8751922185200156	-9.066535836631134	5.781770595659595	4.408007830562356	-0.8541478067959387	0.7931681958746885	2.7193829406719447	1.1405947612769693	-4.694476637623105	-1.155355277835518	2.227063714303146	-3.6446268683639826	-4.358727317978442	-0.293941651490136	4.981451976972509	0.8891290569657346	2.385385919356036	0.06310152529895725	1.5175132224784473	3.349418855302736	-3.057267137230732	-0.3857623493956996	6.134275864876997	7.933842289786532	-1.9754274533515288	4.322239976704943	0.8081365171550053	2.0619050696685806	-5.6656088582945765	1.794936184430077	-1.4649902713540497	1.440579762597333	1.915108410856944	2.162713384633334	-0.20632764758472583	-0.31834418758568894	-0.98002146845079	-0.8287059326359552	-0.34144110964298174	-1.669282037218661	-2.5225380598411014	1.7312335882293015	1.8959377725879878	0.8334978758283805	-1.1621503972015401	0.27875415251731644	0.5982267813994258	2.2457850630177587	0.15943811737110686	-1.0303894645956806	0.9784284842643742	-1.853172078045484	-4.614518830816778	-2.225455595781139	-0.5482172751129475	-1.4176525360077687	-0.8152218683223798	-2.279571085201598	-2.3822552865737094	-0.9195926351064305	-0.628929217351673	-0.2808224121319586	0.32084256436637437	-1.2989427490305687	1.0845740198095208	0.6966266498131233	-2.2817477535418966	-1.7844969805684494	1.6574971555001021	-0.6884023928899787	-1.7415278658323181	1.5465687037293625	-3.1682327936712427	-0.12254011272288459	2.2484189875971787	-1.3314737481010461	-0.49093830110904885	-1.2702987012578166	-1.989913046587504	-0.3102219738486896	-0.8070869776102079	-3.1970981863449452	-0.21125474454069512	0.06576137914648662	0.16368898778399463	0.7599730742955199	0.5970775695306635	0.06221224582290614	-0.37896891761688123	3.175589314348823	-0.004071175003330926	-1.4162315672833938	0.4818106228125527	-0.30987602774215556	0.5372863574312231
DTXSID7048744	-5.056192482645467	0.45666659302975804	-4.817341016276091	-2.4222310942359258	1.4140191699298807	-0.6849980373268784	-1.2936973179602391	0.9260513653007449	-2.3223544094809823	2.654797485990646	-1.1840319255837333	0.7450724337741098	-0.7578564645992613	1.2871116174950208	-0.6395224963194791	-0.7416112663216055	0.9970673724754774	-2.02992541958764	-0.8247468070876574	-0.8285925648286924	0.0003677446939614516	-2.31036727546761	-1.766936377836989	0.6877861045165969	1.251910231438139	1.2646501555137075	-1.0385058127242375	-1.1777681320454758	-0.6686395356795529	-1.1431425322169935	2.732040820354065	1.078677238379479	-0.7066147815598961	2.801452457563364	-0.1451255429930779	0.31990302421508804	1.1079109624568688	0.5462911712686473	-0.43643057650768685	0.21448727088820038	-0.9115031220814612	1.4856304449879523	-0.18408439043545974	-1.4056226263518707	0.13887420276873136	0.7802536634043257	0.3617638998244466	-0.23078290690224218	-2.4872450109704394	-0.793076798739117	1.1856428278878353	-0.48907351340021155	-1.139904404040106	-0.35040484695019297	-1.1598878622038886	1.6310216096082792	-1.5613965249600419	-0.6179158557090955	0.9413033252449918	-0.7523925225118919	0.6010925557665128	-0.5614087932074905	-0.44497010936034337	-0.7417440256279978	1.4620147771613656	0.054342185715336354	0.7572903494181549	0.8282008397278157	0.013539308537500825	0.6608483700273877	-0.5888872977122235	-1.0477168105318149	1.140843757275284	0.8838793896618485	0.15661756167411134	0.6312313567301551	-0.6761296851883228	0.5547756704425503	0.2043352066200249	-0.2899510636508708	-0.7048607153234705	-0.5926367286007759	-0.5670300909840921	-0.2855021868853025	-1.2274453560961507	-0.19456548688474176	-0.5516852378244016	0.16470682284178143	-0.2834103452935064	-0.38422407685009846	1.101499451470983	0.7308898326027415	0.049044397186278565	0.7153382242475397	-0.8703057694118375	-1.3028971320405829	-0.6640881979941764	-0.5322037485044141	0.18491285068407287	1.194901071689999
DTXSID6040115	-7.6645851369351305	0.9915712039594216	-3.342386559741601	-0.7965855055119967	-0.7997129242936762	-3.1692350315666373	0.7350192670915515	1.8034571687989487	-2.077875002770108	-0.3046679237347884	-2.352857078810074	1.181664550770962	1.1590895732362072	-0.25045371059016036	-0.6569911926773364	-0.6882309537000594	0.4724471701366948	-0.3101887220472007	0.6215186996038096	0.9077413628080473	0.38691721647599125	-0.8734152800680003	-1.787365903614959	-1.985406543076586	0.7715558505991553	1.397299943353214	-1.9306003884719003	0.8241678258791482	-1.909557937274466	-2.1573133123007353	4.333166262825946	-0.27366990941233343	2.1174441803237833	-2.6251160466081407	0.09589263738552839	0.5683099435818475	6.454335708109011	7.886274317373181	8.28951410973813	7.5352648089455885	13.540881691450224	-4.485984594085056	24.9161298657381	3.3561086411077965	-4.94800321908474	10.990015297450324	0.513367094841745	-1.5229985880303498	-5.535038850065867	3.225011705618496	2.2454527927867654	3.5570108801136158	-2.41622118659978	-0.8838593146673714	-1.4912877563070523	1.5906093006924666	-0.8137936914273031	0.9788694694953468	1.5211500001972054	-1.3946194242008676	-0.018566494022427386	-1.9108137666179108	-2.180252505957318	1.457779785773306	-1.998051552063167	0.16484359966454862	0.9568604676209154	-2.9097135317621214	-0.3368933774620304	1.274822417018405	0.4749470045594559	1.0814931496186135	-0.5567394330866136	2.063345086648961	0.6990335454268065	1.225895016514174	-0.06503148485402085	-0.005056783573819909	1.2811378849184587	-0.04054748007510857	-3.2331091693719762	-0.29732856881250724	-0.8813930142307114	-1.1770838908151044	-1.1043879740427829	0.4961427877678573	1.3168603225724607	0.6928173050924481	1.1723686245680007	-0.40828454807043857	-0.3500813157281323	-0.7981399726657025	-0.5242526130192608	0.5161250624139538	0.7987795721674794	0.2961814058860874	1.7110719226530149	-0.9969064508845702	1.159016904301263	-2.78295846281627
DTXSID4042090	1.82131064611206	3.9347438030033945	-2.971284927549376	-0.6415474081632839	8.538666466979876	-0.34264942550551986	1.0756663421646167	0.33827865736976054	-0.15969647676546442	-1.0918902466086815	-3.6101074834593025	2.4117735950254806	-1.0385037233809422	-1.1810957611876052	-1.5238410783032208	3.048790338085991	3.1135187899650747	0.9616968627853808	-1.1065896665224215	-2.0457731541682573	0.27314615988782137	0.9956863665942695	0.3741307281140418	0.3086694459107025	0.4704241535115484	0.34928284387429065	-2.6023061073031992	0.5957660460336545	-0.6648859660825887	0.4030016310709139	0.9076332147884849	-1.5648887280608468	1.2069530107049553	-0.1330447053742569	0.9065992631084474	0.8918128709865154	-0.8077625246846402	0.2250586326982689	-0.5923469572281557	-0.5570673241426111	0.7741482305196252	-0.8076288700343379	-1.108267765794193	0.18508539933853155	-0.13649371055597384	0.2018469717684372	-0.2700654094224967	0.5951202133775844	0.5853106580934291	-0.38923830412230787	-0.29544921255334333	-0.7353694321387971	-0.15939969629594933	-0.1712659001457459	-0.5752462383948043	-0.34045518972340333	-1.365921907347945	0.5321850809952845	1.052343923563579	0.7556445492262794	-0.1358622519802115	-0.1448472714213686	0.6201698188810224	-1.3567484034948771	1.7611803449374581	0.2368544616571151	0.9608104561838302	0.5316172608124362	0.07611202563329411	-0.1078903687087105	-0.8556843090974683	-0.7003069107526468	-0.13139339601433062	0.15808777495310625	-0.5588428642365125	0.3865954453770828	0.6267277389100833	-0.6638007846429557	-0.851885220042117	-0.29887179008007275	-0.8365092960566082	-0.6211320068283684	-0.3454438329275746	-0.028909536825753177	-0.9005463237966399	-0.2074587017141865	-0.7326150870142257	-0.4601008302000359	0.6802587857392053	0.21944647924666438	0.7615224716066292	0.6688390245537373	0.8178913248192057	0.32453386944174534	0.0370847949654961	-0.33945028040574377	-0.6431445148415773	-0.13252061489980826	0.1403122400610942	0.6911962306895975
DTXSID2032683	-1.8054081610993733	-0.2491163323576665	-5.359281697718306	1.9548125363688003	2.2889770815244797	-0.2690867386088362	-1.6026734830206242	-2.4665412385344214	3.6654500000085712	0.9121581332165934	1.2560527899148186	0.17301521298304082	1.767677303603926	-2.250937867531904	-2.511471837531897	1.2500143073632557	-2.6631405329348987	-0.9634822917543326	3.969442006206602	-0.6422958940672151	0.5324173033536597	-1.2598853837298936	1.1755600257428014	-1.169395593056479	0.8857788626793747	-0.35658063507717075	0.06429843057451808	-1.3607322104730326	-0.9891389054072774	-2.321947835797637	-0.21501110919257949	1.1909728352020503	1.641886359126152	1.1786101027986982	-0.867797553470829	-3.0283247687818298	-0.08304004972238448	-0.3984782308408888	-0.14154141156289668	0.5942022004772984	-1.1872083135532623	-1.9009781417403524	0.039843861304608576	-0.22999838586096435	-0.24885095881208288	-0.9277518815226952	-1.7217048646687534	-0.40419816143662113	-1.251415892907844	0.8266972664252019	0.3536888344363165	-0.5979825628838709	-0.4085017543379698	-0.8758475456199197	0.2085959094767719	-1.5475168479978612	-0.41796080624750676	0.9896740493091998	0.55695454480459	0.9474897638093001	-0.4244878625859265	-0.4059581087830408	0.7922014953052039	1.7835723338473302	-0.24858024998581676	0.2563184121575313	0.5436049080194696	-0.5932126705884004	0.6326453071217544	0.5864161595637974	-0.3360176665400566	0.40663688774260626	1.4662296778791808	0.34673631249613324	0.07003645266248226	-0.6465505899370336	-0.9893544003692947	0.935524556237767	-0.17389235184363108	-0.7361126820570081	-0.4254421080215457	0.02873218951141334	0.24494334590118252	-0.29687368418651106	0.23109116175017766	0.28317175197597233	-0.02496667131183574	0.3844422529676707	0.21101458833771275	-0.08726555923393234	0.14289283426699986	0.22491386141282996	-0.334101541219849	0.10020607069496537	-0.11010009297141116	-0.07059368601210383	0.1422403958584839	0.07118045982007445	0.17289178828569415	-0.07589363385372727
DTXSID3027405	-8.524645434518408	1.6825969811058794	-2.8530124737961198	-0.9788029954444064	0.3388088220202016	-0.6446007222321243	-1.4105420239245279	-0.5797692678281668	-1.7382493970312374	1.9311111592984092	-0.9276268641919139	0.9538144969975246	0.5420582012415783	1.0462053496301829	-0.09115684759346229	-0.3931051080702144	0.23557954972930423	-0.8022282712909626	0.18483089492840218	0.16553097946111053	-0.06607491828842203	-0.9311051024116769	-1.352381954358753	0.1305362637479251	0.8250040377327883	0.7193000735049753	-0.9351555602243062	-0.8756436693295307	-0.3831234784596578	-0.0012797094308553843	2.3314964648076733	1.1836627523209857	-0.6389254427444155	0.8818254132954692	-0.4383696351438764	0.4447604264658996	0.7912542845085475	0.21449511650224065	-0.16953510171664357	-0.3730231376217803	-0.590182904478668	1.349841046570716	-0.002557595779717012	-0.7897961201424115	-0.17195381044630142	0.21803856575510072	0.6257899899345725	0.23150965659391193	-1.379281544975312	-0.7223920799404845	0.7505973654643753	-0.5605815352649997	-1.245816491822694	-0.4808569373752018	-0.41702397213006936	0.2908886240767127	-1.0357046925660338	0.2233110724293976	0.14284945676496388	0.2058161014785245	1.3898854219583485	-0.515081091654692	-0.06092500672112695	-0.35113213376942615	0.46122804496238556	-0.005804471888581127	0.15444536471625453	0.2224198954863012	-0.32019403826682963	1.0689770072060367	0.022275295737762577	-0.07247321854070475	0.83115987392755	-0.00972791703484198	-0.3113800589730151	0.6136394359285566	-0.33027177673750346	0.5328205621854507	-0.016412047318890528	-0.38824864489543814	-0.5808382469910238	-0.2602971809809971	-0.34161667335403006	0.08799466972879438	-0.20753924309462743	-0.4840090324486189	-0.44536022418652793	0.3188055572688286	-0.08195175482187911	-0.4551879376283536	0.5485974750280718	0.03417580373727344	-0.26183055851003056	0.11674005206632801	-0.06767642010939497	-0.24759674846145505	-0.1287169755301056	-0.03594990951629345	0.47527800202227205	0.2291776715789254
DTXSID6048595	0.8656390238247185	-1.9822667337108633	-2.4686795713508527	-0.38675339778239465	1.4516296679254654	1.5972638843347802	-0.487110081519395	1.5592842777890814	0.4805154390775608	0.8685676849990139	0.846299851404897	1.3845170956948174	0.9273118346712946	3.184633866764872	-0.6441738815105003	-0.8146459429528328	0.4135285866373843	0.08369413904446969	0.185009334617007	-0.899192928844495	-0.1353941204177329	0.3982177256127065	-0.42411745043374993	1.6874594243150014	0.33175515868547095	-0.12580229119725078	0.7990987046072453	-1.6176580108400436	-0.21269406722737214	0.6635405727511657	-0.027824485321476335	0.05173606069382849	1.0646888034176172	1.1197831478273068	-0.22756652994602905	-2.7141454074288136	0.7537614659233489	-0.7084248300464573	1.1736161307680197	-0.876860175566398	0.6921648342027887	-1.3079587347781185	0.08168473448988536	-0.4516597401898341	1.4409462167629006	0.3499130368621182	0.31549656754454036	0.5758702665462503	-0.9857081297735868	-0.5585113544154906	0.6261975276757707	-1.1078858962744789	0.30395366577688604	1.808653368367182	-1.5665051639143805	0.5666109164143424	-0.9148666085058976	-0.19678823049312663	0.5276752529326568	-0.5572640221251272	-0.2349343771970111	0.7678207916021822	-0.9460903129009762	-1.7828346362927439	-0.0037600639019734414	-0.17774553360590115	-2.317785680202423	0.6357399607973143	-1.6244589916334586	0.3497919203791813	-0.35830281820908544	0.4347527586040912	-0.7057848049897977	0.8721102090575977	-0.7724035945352284	-0.034559030712033284	-0.38679933725153987	-0.20286495219596834	1.1908007184000131	0.3980564445234463	0.09450479731880196	1.0361163628585193	-0.19929140380040805	-0.21229481808114328	-1.0172749253368305	0.29233068716306676	-0.07931661215258891	0.2750008712130711	-0.6522390306631871	0.31071167884552214	0.6875692078081702	-0.18969080146728992	0.07482520644205601	-0.4480503060518918	-0.21384505675250362	-1.0349530470401553	-0.4918828989647694	-0.2370621145867479	-0.6761005594145085	0.099103956466851
DTXSID0047878	0.27985688373896217	0.66152148716557	-0.7617761531544425	1.7300776378905187	-1.2904626700799777	-0.7645424519081051	3.0514712321753867	1.8504568886244241	-0.07451665563939681	0.7552506994415635	0.9517629840451741	0.8659089855481442	1.3993540964044833	0.6739950707773048	-0.49372334255117506	-0.22105451875326565	0.12446046912850117	-2.7558536534516294	1.020674727003152	-1.2944307077562374	-1.241405559015851	0.039298828664925185	0.2258922339074076	-0.3357088600436984	0.8515347787740748	0.42591782429621444	0.34485241164270225	-3.2726911020839866	-1.775188874613508	0.5214828037955785	0.3657456314334938	-0.15223048270023595	-0.5426838501228781	-0.1164288240501298	-0.23655087111720902	-1.1361404776475459	0.6832246834757121	0.7416669926747468	1.0617892289997517	-1.0616789634090231	1.1087384993988112	0.9350098512356434	-0.4021129975479915	-0.6337123692912999	0.7918226789016315	1.3046313768185278	-0.40730581285126966	0.9583134810710348	-0.4298010293830755	-2.072151046371166	0.7692643416259249	-1.1293917437982668	-1.275201625437106	2.8718493389132442	-0.5338854321000837	-0.18933891756936286	-0.7772310832682326	-0.5400494302691407	1.427335274776908	-0.2647816107031153	0.32288725800726664	1.5593807678112777	-2.2288087890179273	-1.0961228753219665	1.6732966448158988	1.4803249645783463	-0.5486060800420399	-1.1374747453434515	0.6293817712114295	-0.7130793309335096	1.0162756535036246	-1.024960288262148	-0.4911569242514886	-1.0582920508609148	-2.23292818406471	1.3034643836862334	1.5230927560865735	-1.7112920192513394	0.2857174084995296	-0.8579602129182284	0.3964628049933569	1.1693572439483335	0.9683015560963849	-1.478928759687586	0.5529370524311292	1.029701102563913	0.24314206419197146	0.8566835450941321	0.33285120716056454	-0.7767267100565974	0.6519139700841884	-0.46144869922286325	0.799475677192884	0.30984535311412914	0.15459435409524172	-0.3077777118532281	0.525240130676766	0.3011470586423796	-2.2167244944964324	-0.6299820364342893
DTXSID1046055	-0.6333585737239192	0.12823929027325695	-0.29679554506925493	-0.7128240176884102	1.4008962845454558	1.2126748222855166	0.796382264040779	-1.375768251827589	1.9796060912546403	-0.03184983319466162	3.009371646837825	0.8262896538415954	0.8070308405882457	0.9643436920705587	0.7112124920923385	-0.7399306659487829	0.9939396138984337	-0.24963861583230668	0.3681144304754745	0.21746458269439922	-0.14286304815904624	0.6867247135682097	0.4983807060665188	-0.12791339651931308	0.7806173818571274	0.33004564426147276	-0.12619790480499968	-0.016630380425656108	-0.45962906273543375	-0.22228920758384121	0.33632857308352543	0.34629998181572014	0.7458187770479665	0.02921517940819	0.2978068891172513	-0.24709466023451868	0.24009617422476462	-0.06908829220465783	0.05457535249346899	-0.5519633349326503	0.4513785109172442	-0.6825551484268684	-0.2462505407739436	0.15451272742973376	0.42012584401056324	-0.5959488555405437	-0.35113870527776053	-0.6316381588807733	-0.10519092800496804	0.3443522085221681	-0.10537768919763969	-0.30528781080887135	-0.7134384015407572	-0.7275026414030499	0.020726683147973653	-0.611730208541073	0.16089706826362948	-0.00926798793727984	-0.1429510514881867	-0.031982301730267254	0.20450114947874654	-0.1712403379386597	0.21026202034407268	0.5122945978738013	-0.26088924849521095	-0.2238827550570792	-0.47788538998686797	0.04070843607657188	0.12636379740628673	-0.21206747434114334	-0.8049313002898673	0.13150147564422196	0.5705066518008615	0.28108349583502673	0.05180153188337127	0.005483078978588442	-0.060006173666564064	-0.04406659383168689	0.10469225368700896	-0.052775262379652875	0.1745391478509368	-0.11397219657285435	0.0028195421782659345	0.009581254823078566	-0.17996377879574393	-0.2976502691155235	0.014647598100898739	-0.06852146003810805	0.12285169731156206	-0.1519470735472467	0.15360765172053592	0.15318136503179772	0.14674912362734166	-0.1926233004309943	-0.4606782209828568	0.16758910547570577	0.28075965818795057	-0.036489577741626276	-0.0205089389554384	0.22743368421934793
DTXSID4020666	-7.453128250335255	3.6614661150603873	-3.47993107837816	2.1097427383964726	-2.2909407690704815	-1.5220292150049026	3.6315904597386424	0.40477766670378656	0.2958103688622927	-0.24053770493176965	0.1907838621717315	1.056554421653558	2.128224874718322	0.39154832569466747	-0.8129357426956564	1.4609634046687971	-0.5948965667266655	-2.6070785459038524	3.0295091864376498	2.2056619653316716	-3.3248314808009076	4.764568079050882	1.3367898517321342	-0.37011415632959205	-0.5234666078979071	0.7787075991190463	-2.84954137410695	-3.492926427127778	1.0472213073023438	0.7537606960588298	0.5210834516993172	-0.7907266351808451	-1.074346618038409	1.0964230486729953	-1.1517743377130538	-3.0098972539327566	0.6576807583385739	-3.106956820793546	-4.284554390615983	7.8038142219838065	3.360560856367783	2.7743271987056226	2.3844706728652882	-2.0041911402875963	2.4784439033233436	-4.456470777158672	5.37610122573693	1.9736444247594915	6.515464560896802	0.9678649766546884	2.4086247763139292	-1.5141969098514696	-3.4654835084765416	-0.6943434177243833	-2.7070641429262126	-1.4234630917839388	-0.6031201057712237	-0.5116429831286927	2.471227199400683	-0.9305567048900536	-1.329236689286082	-0.1655118977637707	1.404049409012361	0.16619395203457854	1.8825435291759245	1.637265663422466	-0.029898899981290084	0.7857099537299329	1.2114743950137385	1.8833798707852303	-1.2298204045309036	-2.6236801538582832	0.322915585246653	-1.586627153349078	0.05465117426013817	-0.02137968078207924	0.5138896607496392	-0.9764283690629374	-0.20113227749705714	0.4220111967880274	0.5735033066025543	-1.5571669188985575	0.735610712163081	0.1809146808549541	0.21377839582800018	0.03470066218133344	-0.14109140609099036	-0.13257632590051555	-0.8730674842208439	0.5074282033352461	0.4054371037532252	0.6436807280759578	0.012814998297335633	0.32024527103576694	-0.32056605562861773	0.9857276634059773	-1.0559204792956371	-0.581022262231641	-0.916856396817491	0.28964129314159587
DTXSID7041962	-3.4194118297204668	2.013853432269536	-3.0621413340810806	-0.8952180245756691	3.0142636764276483	-0.2365358039529151	-0.12493662161710581	0.12914961150141516	0.2648124380199136	0.690146333789033	0.5439936945008403	0.7033858897180961	-0.8129244098789618	-0.5524489976474696	-1.7190435234779684	-0.9621516445872771	-1.219503123958291	-0.39044990360294185	-0.41106862047351483	-0.47793177453560376	-0.9529443404046245	-0.5684069449728562	-0.23263775412212875	-0.06505252528048736	-0.60811562405565	-0.013250722978738435	0.3278757722941199	0.7551295736017717	-0.2244177098342405	-0.05532442747405006	0.1041010318926087	-0.10385602948635209	-0.5798158364161408	1.671928128585064	0.8136108513353683	0.5527696922458304	-0.33405736136945563	0.8561758817482962	-0.6871483760510195	-0.051688154740244165	0.44158698169526667	0.6120116491554404	-0.2934937578506016	-1.2127659248416824	0.6655930255713505	0.38313280593086446	-0.8631037257768582	0.29910965030265135	-0.05158237468266361	-0.5295132429270629	0.3948378935530273	0.02651624845898721	-0.026305313168523047	-1.163862413148987	-0.34484064260596015	-0.38675088650310496	-0.022668265752164952	-0.7412026507032734	-1.263747851877661	-0.7806626678994388	-0.06949644009562611	-1.038867904568704	-0.15818597888865657	-0.4226519682692413	0.5592288866554028	0.9531190140054404	0.6010770222134377	0.28234871870428574	-0.8148708109864143	1.463541762540266	-0.8645973676682606	0.03996090472046017	0.31776842074340894	0.952979790890099	0.2744676480940875	0.22709232449015693	0.3713059361792439	0.17032643583585286	0.12254330793041217	-0.11229205590942495	0.0009196961662383998	0.8514879363867829	-0.8608951699893345	-0.7287855617745088	0.011031675330492935	-0.20793187292986698	-0.537317015596843	0.07886193773270324	-0.5949984494748526	-0.15370509672533253	-0.029489588031855266	0.4088895906886979	-0.3961833554533366	0.9626174451172564	-0.813394014231093	-0.12186637200628476	-0.988437679348732	-0.4935152545109768	-0.49225484742889813	0.08450019525622565
DTXSID1046550	7.555175513482588	-3.1248912021334423	-1.9946446076522046	0.6352166056930987	1.4220291884227714	-6.3659467792055136	0.49566360114760555	4.929396055965221	-1.6420177875998236	0.009429535248002902	-2.1458352082048404	-1.0884633062790137	-1.3463253259612027	0.11909753884848533	-1.7899891447147882	1.525614139773347	1.6670833667209957	1.2924256144647808	-2.657224806456324	-2.3272910425963014	0.5719393688842296	0.4686569488113466	-3.7565381550258814	0.11407343331434111	4.392211249552413	2.8208896700199695	1.74434269835842	-1.5632547734807594	1.1722140252629893	-2.7298159070512673	0.7896591016055259	0.11694773179968024	0.7831529762886144	-2.121687378715489	0.3910805827172862	-0.10181763265295603	-0.6965657601056064	0.11494153205846072	-2.7828882433441318	0.3350060119090985	1.5394913425783858	0.03589485722552595	-3.49687029360868	5.425980478125412	-1.6862482324523471	4.4337213963930635	-2.1589455816551117	5.014730173685304	2.5324468015635704	1.3643695308358645	1.6539683745735065	0.8308031936156767	-4.0493376138454185	-5.352990030506561	-4.392327176981055	2.331238541342156	-0.8570281423496928	2.591782225479603	-0.00474457624913404	2.9739011611019563	-2.225645856388532	0.3389736301278019	-0.5628852477974052	0.42485062911956056	0.8694837233790748	1.0290533142736267	-1.3646993077867984	-1.2034643611088032	1.5215239253746224	2.0821339761090143	-0.3691351259272563	1.3091690218229517	-0.6222145720732483	0.31764711868355106	-2.5515191515025624	0.9427171872477275	-1.256938593092587	-0.07252693316331066	-0.8573344631141863	-0.9370224924567628	-1.6897060301596156	-0.725795912061839	1.3486398716250232	-1.6950639699750827	0.12517889811863883	-1.0937020851663823	-0.16775766499784417	0.6140497027585227	-0.10788241204091459	0.3819316731974237	1.4341779447679233	-0.07066655533773347	0.05772350858926926	-2.359087180260612	1.1115759486712387	-0.7898009709091234	0.4616240543091763	-0.5866040493708033	0.31469677426667925	0.4412168729688114
DTXSID8027585	4.202845844406401	-0.43590513120193575	-1.2000590498972339	-3.138259938284528	-1.8645249516583717	0.46568773626629606	8.174779309235548	2.8905988469269412	1.0133697574151466	0.6078275029497383	2.288864794435264	1.2524259698265072	0.4124650408711563	-0.17412048328805563	-2.6059803437775932	5.287814568055172	-1.4851886812071908	-7.370506401853453	6.120389725140186	8.061964274960767	-7.4930901107287085	9.435535028477524	3.2474343218859385	-2.7031997800684975	-1.0093644414469214	1.6979941129195038	-6.5805351521463455	-7.3134298256902674	4.158394034365569	2.480112515734883	0.0874208231032654	-2.7963867334988137	-3.6857927685057565	5.939961595637899	-2.759606549490388	-9.018369848207692	0.874966413412569	-10.916847056026366	-13.287487411592103	25.495047936725637	9.47450978250805	10.738149633112	7.53021501403181	-7.577461865799171	6.801025233943678	-12.954369478214074	17.476700369457443	4.223131255744687	16.908787000536417	3.0531390700935455	9.019997574381728	-2.3594306921368244	-10.564828899763926	-1.9315586835482592	-6.461422081946846	-1.805649700808179	0.4645225201668946	0.07330849795295341	6.705835272625952	-5.063844282799023	-2.6121515951194474	-0.9904807199507829	3.413111457503498	0.8180761004197622	6.520293844213335	5.265881212652951	0.7172422907422715	2.4508805887589147	1.3542328163886566	4.849275567905345	-3.232155447332264	-5.258618849713118	0.3445175870281379	-3.9943476361873613	2.0022528268631397	-1.642998576366479	0.5614504425641118	-1.2425131036078372	3.8334651879062878	2.22881024852401	1.0457490147573727	-3.6351460309208323	0.161511758324112	-0.19144634756133166	0.5533765865242329	2.0703517046524365	0.5868436114293134	-0.9902451488937681	-2.6401395704185675	0.7770080466894125	-0.5951285630880183	-1.0993385221633334	-0.17535553942264345	1.3170517046317016	-1.208805489533691	0.452740660174684	-1.1370535176269037	-1.9958069921522015	-1.4837352875089422	-0.13792760222784897
DTXSID4047410	0.8468510788281093	1.067799163602546	1.3393326814115516	-2.418682740507247	1.9962302412222714	1.3197087061255275	0.4693035611507213	-2.6366193365027324	1.7866698046586942	-1.0729688751910411	0.9067163259336073	0.5555312903443215	1.5205042297887907	0.7965768702367861	0.5564470171172776	-0.7158398800848347	-0.923330938755673	1.741518629105596	0.01760944382921195	0.7768073982722227	-0.6931544832219884	0.8868051574817932	-1.4592673100722653	0.668979173352229	0.40322642916551704	-0.10874697623390932	-0.4635837144946369	-0.1576237731751564	-0.3356408834188514	1.2734055257730745	-0.10355500911998675	0.7293193611686568	0.17208767490661026	-0.9057414414536787	0.1361741786973481	-0.334858429868747	0.3795177119952127	-0.26141841889106465	0.6657374331830245	-0.6101616046768341	-0.090775504025717	-1.168990606382193	-0.3082773982458788	0.02306413500012658	0.12954728581326314	-0.49868885914779026	0.4713147047470885	0.17102193795523205	-0.047479707482189056	0.5941527325038868	0.7384362378748265	0.0035097856405586284	-0.1781130663260041	-0.6545202537585733	0.15745525980363023	-0.7607884298029833	-0.7131398347562365	0.072328372262345	-0.26306811609735087	0.2695209023115795	0.7672438331157257	-0.055045354407062395	0.0019346831841255796	0.10053205071617914	-0.32522593098836367	-0.4349589179332066	-0.15135578139661868	-0.41015599713875117	0.38261989113374967	0.3749976961840776	-0.05222899563641482	0.10594284344849864	0.7156080078219828	-0.10832682784674612	0.2797678648973909	-0.6049024402674745	0.16802527414825558	0.181931814745987	0.27494838952583	0.07709923805204803	0.8057606711205694	0.09660041038058709	-0.3160659462734167	-0.3392740980190744	0.036477399842719124	-0.30449413043526585	0.17431956767327086	-0.27681710968855405	0.06786239469408627	-0.5816682299874862	-0.20315164664985702	0.19162449310643714	-0.4291944755892952	0.23904625701944024	-0.5970544225483372	0.15344757620409283	0.3372937289150367	0.4868681357291424	0.2914780030595878	-0.018077943862703387
DTXSID5027518	-0.7243073226894314	2.74479485325874	-3.1588159862742637	-2.2673410494062063	6.645972582172173	0.8680970982835151	-0.09665938142716943	-0.4949244634117434	0.06693810646956493	-0.284234470819421	-0.756290596659399	1.305734633142007	-1.369524826529297	-0.7907042535789713	-0.22403922934844264	-0.1540590776486393	-0.6214130993711624	-0.3916514604279326	-0.34271588995443103	-0.2989943085405832	-0.46959555520873947	-0.02615477013293134	-1.0460902070249338	0.2538424287281521	0.9920246142961062	0.11287263279202177	-0.17469461907757308	0.6895386945529187	-0.8100833280946078	-0.5703334802430627	-0.30507910823623374	0.33211381574613374	-0.22687380473889196	1.3978798524727745	1.4227562681501458	-0.21193257028023052	-0.2515913193045622	0.7158604167084199	-0.9100596183877006	-0.08594320423015402	0.06005815028540419	0.14459482414990643	-0.1495730091275412	-0.9435304080271174	0.7111180035871437	0.19537077767951827	-0.6484426386814158	0.7941822324427846	-0.19369530995304468	-0.4794071650648118	0.418781672956413	-0.32983523168022677	0.15179911908394483	-1.0793728378951288	-0.519561581766559	-0.21009669516926588	0.6276814044205871	-0.7472940499430644	0.07059769715028019	-0.7396728282023769	0.5456159909525647	-1.0036268879561128	-0.9105281347064417	-0.44205757491296294	0.7299444200090696	-0.4592862880531609	-0.22072099642284784	0.23137852110270468	0.9795835682855164	-0.2050051849573646	0.4755304574775703	-1.3206731359448396	0.40993100654884146	0.9666340921772066	0.7902454712588088	0.6520236062826822	0.5408299913092572	-0.4124404589996943	0.9226058557733114	0.6871471216923782	0.43008169899881277	0.09911259787468107	-1.1331024908914893	-0.5745304745050404	0.6372925958197101	-0.043515013245525265	-0.12134025246219204	0.020708541408793277	-0.16185258102428668	0.08969769315823906	-0.6612084091546673	0.4926455795577836	0.5773777525538427	0.2624769760977608	-0.7807382937399907	-0.19884952780465778	-0.45500577830369593	0.029732712040854585	-0.11098492607241082	-0.11977111311324033
DTXSID2021232	15.772107276252818	-11.197804200250147	-1.492907916663142	6.16866436778628	3.025019032678624	-2.8343669435483974	-8.639189944328034	-0.12290428924383595	3.250757005014986	-2.117290978560758	2.81205054410297	0.06406866239211055	1.0498516639250353	-8.375258527784105	-1.1362061138645245	0.5466372229464995	-4.389287428568311	-5.951326533713252	1.2629735297648765	6.687301025157324	-1.703638545010188	2.29849682370708	-0.5892975496710829	-0.22821573160607037	4.653490683691593	-2.6839303324953137	0.782375868292094	1.7878667046297323	6.314721442579082	-2.404040592651922	3.0951911506592387	1.6034290484259472	0.8382456612782212	-4.582866715845771	1.3720927694807077	0.5276850347878519	0.034193450601516094	1.0345256890033199	0.8777099355837421	-1.5340493483736592	0.3045642998910617	-1.6985887140723994	-0.3262413875314815	0.9052833128656447	-0.723102094042828	-2.4223515933203004	1.6742020271997584	-0.6411355508227451	0.3655889736336007	-0.44283847722433395	-0.5277109522135659	0.5467798945324758	0.24305514361912312	1.3417197661476234	-0.5672794548044517	2.091514495065445	0.4770009607378691	-5.311973347373975	-4.293916748560806	-0.6908707365533546	0.2646507087418852	-0.303452377610443	-2.516189168516617	-2.635409405374915	1.728675394092849	-1.798061626016086	-0.05714913426558766	-1.222611981679764	-1.5128979202922257	2.7798875268025593	0.8775217879169083	-1.3206466123038767	-1.6602120244866636	2.8632254873610385	-0.24210176316324022	-1.3476892275479921	3.601662123771798	-6.445956706502523	-0.2467668505213435	3.8975764766800847	-2.790193755102829	-1.3443169005888806	-2.8674035192736027	-3.88802985844119	0.4787126138290271	0.37755664441510817	-4.6787123596567755	-0.6001260439334841	-0.5534188113529115	-0.8417348994298514	1.0594094400705272	0.7593019447983358	0.320546336544886	0.6165105955548825	2.958995313454143	0.6280348303393195	-2.1881605307706264	0.20701223741233138	-0.4187900868787537	0.491806255006875
DTXSID2049212	-4.50854799893175	2.0296819811596034	-1.6269922486940456	-0.805237727909391	0.11956052610490793	-1.24751034786276	1.181609218204346	0.8981612692148885	0.6305298270520272	-1.6153390213113736	-0.3685504144271392	0.37868682105424795	1.318534608257324	-0.6887350818368105	0.4141331532441118	-0.16365297334002368	-0.7987192885608431	0.2757648752464472	1.6144888905661094	0.5374466247660092	-0.2843822527708402	1.0056905292418976	-2.02977325823238	-1.0306806510626305	2.5471923814622484	2.0375429793235553	3.0307840482207533	-0.964816949392567	0.5063137311896926	-0.2827962574093856	0.02914758239837868	0.27819369169820274	0.17521881014802101	-1.242682832535597	-0.6279263383851493	0.9956025664996184	-1.5834785522842965	0.7004948962906455	-0.9465859193929482	0.33536646065456627	0.8951183243075694	-0.166244537125553	-2.080429862848928	4.062743382178111	0.3706704504973268	1.9514856958387325	-0.4458381822937672	2.174751841057519	1.6870554856083828	-0.2583054594307421	1.8293584200246835	1.3569036011618387	-1.4662271576892487	-0.9967704669695304	-1.1125447488111193	1.7203933976831194	0.9304790665329432	-0.23885087123443255	-0.6953390566908743	1.054187877572108	-0.9630282296005711	0.8603348220687469	-0.8959518693650733	1.0825131161151316	0.2680667380369034	-0.5474791552148744	-0.6803498329393167	-0.1420862562090401	-0.12097667044125758	0.33391837044115735	1.140537446141772	0.9025318457768854	-0.019737575860056287	0.4686848416784306	-0.7330324703871268	-0.3486873387827892	-0.3428569608239804	-0.5135315576692883	0.5060145160863604	-0.17789305418387277	-0.8576419391343576	-0.7129202550296547	0.5380361795120666	-0.3820920296080744	-0.14081257579371834	-0.23279039984253974	-0.9937209065283165	0.018883651098448976	-0.465364329123124	-0.1400124285640821	0.11486759647596655	0.06465635086700547	-0.2984724743158488	0.7412190017643676	-0.45807746459443077	0.8781664453126032	-0.37158724734284754	0.5489381775659642	0.2177431594229188	1.0465376200114793
DTXSID4057845	-4.9790270858094425	0.28749221379315487	1.0510648505472602	-0.023546623727255942	-2.1897499027213736	-0.5019999307975685	1.0502933465355555	-0.4236492203872254	1.1102932420063998	-0.22071512082308148	0.6636013477546988	-0.105747207153519	2.0028811466408927	-0.5282724288934575	-0.3143606875647957	-0.5321552111297889	-0.3301368711095278	0.597121160465787	1.2122370609269428	0.040806474176209286	-0.018578712367443937	0.3376127512080585	0.7092556103475942	-0.9262821273665811	0.5109594939782119	0.4160432481612574	0.5312443049666496	0.10746419784313457	0.03015819562817211	-0.0705567943046501	0.3413114071934228	-0.44707742010059615	-0.10677333353158308	-0.4914736409038427	-1.15584253111856	1.0524322339591259	0.6040289763246992	0.6411493514483825	-1.14818134335719	-0.24062810543152796	0.023138794599075023	0.5564037802158811	-0.28509411122128153	0.6592122674961166	0.03738314051935074	0.6061857843365244	0.37328680181940205	0.31099801014589995	0.2585635036259747	-0.31494161173606244	-0.6826256873065181	0.34962028398301476	0.7134529649208038	-0.5419293498963262	-0.309737835668524	0.49712554284886007	-0.365978029028969	-0.7039928554345947	0.8724801045336545	0.9101441561117782	-0.002402004565470192	-1.0852098233706537	0.013868982287182096	-0.5461892892242926	-0.14002308656783474	-0.46557770875085575	-0.26609112582361294	0.29318929448724024	-0.6824764795936299	0.6791085866140927	0.43349293012562196	0.5354137494677269	-0.6745586370639405	0.04888679766339121	-1.0918988077280276	0.38574750086756615	0.17231028320891317	-0.26189727417020764	0.8304684137066262	0.5512125479805756	-0.29633358675337756	-0.3123425229794656	0.8556233190856332	0.6218559047951963	-0.05618693595311613	-0.35609680122276716	0.7832462522066512	-0.4229198846174942	0.6850141026448896	-1.0460242282778442	-0.33196827031508164	-0.18356678405205265	-0.5536652385747854	-0.20812192209428726	-0.8082104548881834	0.2335251338146192	0.08714873731866801	0.09885888196138681	0.05207807770569562	0.2678417759537959
DTXSID7048900	1.9965253604860398	-0.40722689486339	-0.15668937813796804	-3.2651687353219767	0.12038490744039794	-1.8512576846740159	1.7784806023452113	3.3603845237923067	-0.1704820931389043	-2.1394677553014	-0.5606290764029249	0.5922466566061466	-0.29259418267533294	-0.5528643192515806	3.804612014911504	-2.031122221232729	1.3525789306399838	3.581614198309077	2.332621748347151	-0.7372221874513762	-6.047765762136166	-7.799008891160169	6.351160088820555	4.2971608547485705	5.676646220722558	0.009969372590207687	0.15934158303927615	0.434053646017686	-0.21670609967616863	0.8398402299654111	1.3035368490222987	-0.23047679781308741	0.413015599841728	0.07720182669925117	0.452755845535129	-1.1476444456768669	-0.5436490722407319	-0.6792178496366282	0.2767554863534731	0.23570013168674156	0.6867447026574477	0.3257918596255365	-0.3871850852154618	0.8336782987930716	0.060534962048972255	-0.6561182173554818	-0.17381770952659786	0.07824021395163032	-0.7948986421707831	0.13276284283740586	0.5610837671969966	0.7694100545052325	-1.2646365068316374	-1.4073250691181491	0.15439250127984963	-0.4157190566106028	-0.5294490955534216	-1.06800942730903	0.4570177970145581	-0.4647710774363722	-0.40140726701887863	0.008292117583061568	-0.055201147209308715	0.30937185805360157	0.4918283120953261	0.0683066813933276	0.04465002838461828	-0.2515206321447174	0.2462685905102718	-0.18991449191042695	-0.9497146896969533	-0.013338810967406047	0.4426373494235575	1.7665658393718409	0.6787464958371306	0.14383358953150208	0.14541165005319825	0.5722809041138605	0.05972115011764741	-0.3280550754961372	0.43101644906745273	0.44322924112201434	-0.5098556004152093	-0.676320647753578	0.1242350081918847	0.6406585538100305	0.2959551965177475	-0.3004035224901148	-0.08274918580327817	-0.8299571437866345	-0.3719486642186594	0.9041893967524621	0.9240696050144653	0.4511245045554129	-1.2449757488895723	-1.0307315396524037	-0.40549912362725987	-0.14831096410214778	-0.10601103889420692	0.3722760558363822
DTXSID9049405	-3.672416984665441	-2.755745314636688	-2.6813258217102725	-0.1351442296310914	-4.381805138069281	-3.559572549315206	3.480551773063823	7.437655809169228	0.96890875253381	-5.465663076564901	-1.3666672430603628	2.4452477771777392	2.1887846718542843	-0.35148436805683114	1.5639163376394323	0.34632561426015784	2.1574681956298023	3.8787566269386464	3.199162279788854	2.033483333912433	-5.966861459616159	-5.748233120723834	6.547392478326934	1.8225284891417877	6.266017474404521	-1.2644632968530078	-0.156818421911729	0.3400451955234651	-1.1872789897076597	1.3747673128577063	-1.8800643053132062	2.0856035457889663	0.7764251236215457	3.486541857361521	1.3544780664351201	-3.132180884352378	-4.584533685931274	5.700349868289578	1.786048842757745	-3.948987433932786	-4.579181470583675	5.386377978409948	6.490268298629398	7.728698209349698	-1.889481653576729	-6.589226249450341	-2.219023406451379	-1.3340861408083076	2.3870469036069903	-1.024576788107872	-1.5874354631668441	1.6453318933492678	-1.3506487946037806	-0.6536050437457408	-1.4586161599805594	-2.037825808223543	-0.31355175900440685	-0.49534538406281853	2.1311549516657897	0.8433952074142386	0.02472994599300612	0.8979740065214185	1.340516456898616	-1.15491760130186	-0.7021176038624037	1.9024069717368888	-1.857118807342659	2.4159313673451157	-0.9264961339722014	1.2573553503742285	-1.3589014125022474	-0.2827563733112928	-1.7919004947849155	-1.884392325130479	0.5169844698322127	-0.1304843981699313	-0.6371008890544263	0.1572045910250727	1.0721503052141994	-0.6323122227269268	0.0030354145982527778	0.6461772353835792	-0.25810944380038886	0.1026723371863031	-1.8969806581695794	0.6639223627259278	-0.23443689685370853	0.1471624517437534	-1.2184749474723806	-0.2000467526513878	-0.5719910067259513	0.03495721946478415	1.3349653596396844	-1.3104343645256005	0.5363966622817233	-0.736099198251571	0.4226480195512336	0.30218491391304975	-0.08638692854850265	-0.7268701844989656
DTXSID4047965	-1.087328236642602	-1.950098065327001	-4.043235561993692	-1.0314368608533249	-1.883418783431613	-2.8110824417666507	-0.5976509034560402	-0.6260026039270288	1.7242535013968718	-4.1800814539172135	-1.3339280623146932	3.2531792637869352	0.567469237252617	-2.9415455709356753	-0.9613775223162889	-1.2099810156929742	-1.6610089809292166	-1.141827054252393	0.7604571205757389	3.595731802012274	-1.0499219753962463	1.3472431276765604	-1.6451665152235424	-1.1013067721943812	0.20012720580257426	1.4251653373402409	-0.5933639775608494	-1.7361689656207884	0.046729366181723055	0.7376647185110513	-0.9328689680787198	3.0529540264931185	0.6989677727081345	5.047624381985833	1.1496662653866643	-1.536445957334644	-4.05443382702655	7.262211297647859	0.16341224486438433	-3.3232370241949085	-5.609217221905142	5.401077000430025	5.806190690787055	7.636640176033491	-0.5328391113467846	-4.530348647535752	-1.9929896554441338	-2.522842452413848	1.767499243764309	-1.6355695330128028	-1.669103273932202	1.3670076043873292	-0.1531168242017407	-0.4197527688933963	-2.2002781436692955	-1.1289287796109413	-0.7219043787079185	-0.9158282837575614	1.075731664938054	1.2665753454745086	0.05793566703713357	0.7687887290910252	0.37876980363749196	-1.0953064301119635	0.705052702512195	1.6413606706005393	-0.7905010582731905	2.371908167369576	-0.07965674432644625	1.8179363188071633	-1.1906580837273228	-0.059263885523166054	-0.9093663387943576	-1.7802370870540785	-0.5029391324318098	0.768063251594974	-0.7374722215502146	-0.9113915281998456	0.9605076734773348	0.2507287080011137	0.34412322558113473	1.4674720516825914	-0.31060428378047567	-0.1834188063972944	-1.225049023873669	-0.26762390890531984	-1.8126842496425988	-0.7594968362600527	-0.9744428207614209	-0.5862418140064645	-1.2902930933422116	-0.4080434441135768	0.4302839031964448	-1.394953742422458	1.385791723258044	1.4121180179979518	0.031210617045046206	1.5761758361574503	-0.7983853557559497	-0.32123335663608055
DTXSID4057685	-2.180171434247631	0.06194575491429285	-1.5054777904029755	0.16260138618120276	-2.6216854470579216	2.362406612916216	1.3016122148228275	-0.8749725972686492	-0.9495024216787871	-0.04387606581233148	0.6456022254920475	-0.2984877804641238	0.49784901828224454	0.118411536714215	-0.24773999351089268	-0.8225917455041478	-0.7705125352520598	0.49300547912053505	1.2744744751650259	1.2793891794164605	-1.2430991243037932	0.9174557886750173	-0.19647258998976938	-0.7961710940011417	0.6393934546079614	0.1603801188949262	-0.7902070658573219	-0.2146539908313343	0.25575216537677176	0.5762659745927827	-1.1408832894061431	-3.2733756538705285	-1.5928736258471008	-1.7122980157415542	1.595624693181537	-2.657358199940235	0.3013875910613683	0.5835360246962551	3.5968689313783884	1.6341702035326455	-3.6416079740822664	1.2350861984596422	-1.5738335690785095	0.8675183652305224	1.4868719869364981	4.530239232393952	1.1021557936194104	-2.1397759321088428	-0.7158621772198475	0.7745193783429767	0.16975650094391628	-2.73108720707664	-1.047351442875126	-0.2502248494651896	-0.20804605136478008	-1.6753251886003908	1.4451980891559562	-2.165640666293418	-0.29296267287356	-0.4526542215978438	-0.8889321063300948	-0.7444733410434454	0.7685084222097591	0.2283519726606063	1.1971205803981777	-0.546033451406958	-0.15604243086064531	-0.42087190816288056	1.0125565070572313	0.9824006957274867	0.0015528841638343684	-0.1111477432013891	-1.0559462834416018	-0.5316392009865885	0.7104034120422779	0.7010022051322613	-0.4179903423583617	-0.23084447652758383	-0.8097693312115752	-0.8403472230882911	-0.9599965781962029	0.12522805416187038	0.3782635688614682	0.617240225484667	0.3824101088532768	0.28476033260031947	-0.8298943908805194	-0.024661657048899867	0.759269429474871	-0.13105934260539423	-1.1056393273091716	-0.5859353883920825	0.05431151024252881	0.07350361268321742	-0.14761434771564522	-0.15744377089888983	0.31406328718531046	0.21542691486572707	-0.5282645554643273	-0.7003118148918037
DTXSID3035266	0.1879984201075358	4.078016930682901	-2.519558243008707	-2.361545088512327	7.116929098872431	1.3795343160261073	0.6202613134916729	-2.873552407057332	1.1462296342719822	-0.9437624093396247	-1.2077460244237201	1.5728842099938747	-1.168703297868097	-0.010578582930013462	0.4245190661245818	1.4911212175811783	1.323192753004059	1.9404723750738142	0.2629628989682897	0.6713311985012909	0.5269573190563122	0.6382519124808355	-0.9540072457879274	-0.8666488655448652	1.9221132183719327	-0.3397309183344436	-0.9725785222609823	1.3198828223481769	-0.653984407909444	0.5677623298093435	0.11103499791975852	-0.40436156881910135	1.1676760289514108	-0.6862897447450829	0.011907135523053716	-0.04020796593024154	-0.1833157702399429	-0.40044164544054645	0.01203226019959472	0.15662409624274232	-0.026044806486607088	-0.3723660482572994	-0.6595224373716517	0.49683882749992536	-0.43362414882843187	-0.9183914769294323	0.8148801968675846	-0.03914599466657734	-0.07356336663433438	-0.12692720809745708	0.19027656915335672	0.09587888064454175	-0.18790244051462532	-0.16493200802809288	0.29672208798578964	0.00010419742035337085	-1.0239125039776353	0.5716704406654972	0.14876733195645353	0.826197929004804	0.9603035369066608	0.3754139939522999	0.19191204632025938	-0.8331606649349949	0.08534649725624946	-0.9929541569269668	-0.43795928102579956	-0.12006310388975851	-0.4853099716812955	-0.10987563380668017	0.0024938261191669096	0.48854002724222534	-0.17210542448393742	-0.11345677864671012	-0.27814579150670793	0.26488004925395814	-0.3048148688934788	0.48397843822508724	0.08435323686011537	0.06920322650273769	0.4792083780640533	-0.102293604001302	-0.5016991311796886	0.2878218389413649	0.6147741285543566	0.6259197699936525	0.0692948580430096	-0.4314993335135371	0.049320165807717184	-0.27280726079559264	0.1207107873040214	0.0989155909573211	-0.5266050707388935	0.010198991565461541	0.11932009073944182	-0.23213566443242342	0.1883607531626038	-0.16530562941574675	0.06829823537422523	-0.19291570776775363
DTXSID6023733	-4.938423356773548	2.8979824851435794	-1.9000739360817458	1.8161235363186243	2.639868419492726	-0.011651609603534011	0.1500555766063537	-1.4767338871104294	-0.2545162624682046	-3.2730593192546804	-1.8055268707524692	-1.1228409761045486	0.014617351851827165	4.460032812123102	-0.18719571053302028	-1.0858618994240419	-1.2563299264330896	0.016127577038286794	2.3706667238710417	0.4443647727224911	0.18179158572158197	-0.546838013275507	0.048239010339067	-0.7760254765160656	-0.9033365812317572	0.25248957607499967	0.11098722126274586	0.2032484795532719	-0.23485587268262773	-1.1922505639395296	0.799034307808943	0.3303643631104179	-1.0836292655881612	0.038175914380194	0.17258415476412506	0.6975828247282042	0.20744489841415065	1.7472230601112473	-0.909442131546532	0.06383260411041347	0.31671570030324403	0.3919542055470015	-0.43978225639310853	-0.797244451419783	0.5510371751184676	-0.4680409423217186	-0.27302116209475186	-0.3549306906870097	-0.020442010993838633	-0.08051332166692607	-0.9215401055317012	-1.0461710951550416	-0.35551508534442344	-0.7169568361946804	-0.5675490090364321	0.09298474806908376	0.5128531979555295	-0.6644231812982592	-1.0025368575174876	-0.31871184222839843	-0.20581725812390095	-1.189120160262566	-0.09450162135404988	0.4802319485497634	0.100284310811123	0.46877770495491516	-0.3293141400905216	0.06098563194779794	0.7164523734842742	-0.2547703432433873	-0.09187053729723699	-0.47062851462042965	-0.28492595780379615	-0.025083489759034214	0.20717424565915554	0.6559510119610955	0.7332527822563085	-0.5504500536976694	0.08892712698968436	-0.14019075401904937	0.1854322475931925	0.06320006796644075	0.8134287887667385	-0.36094900178254746	0.03309014220524839	-0.01753564646858236	0.42430930791087246	0.2013275699661569	-0.42907380314990656	0.1491564235122295	-0.03020182045514032	0.43000371348816335	0.2519632508656451	-0.21405016860175383	-0.16279468726302615	0.3048894033389278	0.13746900093151654	-0.04493610426196578	0.09777798096022432	-0.2041604587748917
DTXSID6025854	-7.8679405416907535	0.6256383704888226	-4.504263996042594	-2.0970370306282136	-0.18217243003264205	-1.5826040842664806	-2.2367433228115674	-1.0344427343466942	-3.037347720477783	3.3709338523823487	-1.5556754633402254	0.3754535350970444	-0.03643948696898582	1.685231213172358	0.21602801923143866	-1.258323412701412	1.0592537285534231	-0.6279771743612065	-0.006488807941984474	-0.25693953534291614	-0.02175064644161524	-0.820343453279451	-0.7726239967834345	0.6966002254370205	-0.5827857292756048	0.34548947033125527	-0.11254295006137943	-0.7136529200061706	-0.8131076552743891	-0.958943734523825	0.4611234178854414	-0.03290459185651337	-0.6801736753028775	0.15740818732924317	0.5140547970238757	0.8064131678606441	0.1179026654135924	-0.07737007235593366	-0.24003413654188033	0.5733160524948998	-0.01787429246993859	1.7246106607429805	0.22656737655171377	-0.23320177498469874	0.12430395378967277	-0.028375578591095175	-0.31795369711313975	-0.12734179369295143	-0.1311276194320947	-0.409404556349961	0.35319758751496727	-0.4464250323691569	0.6430228353004108	0.5270001797630189	1.2023898711024634	-0.3230675044960687	-0.310363671452474	-0.09284038023722829	-0.2849166514243107	-0.4987101599697275	0.17116194848326233	-0.44666814292351326	-0.5944322511750516	0.3021910519085973	0.791540953837505	-0.1846749771087903	-0.38797092749457524	0.6376908037804795	0.6514177120963301	-0.18006573681692245	-0.3245198938891406	-1.016628088150119	1.298855880586122	-1.321731271028455	-1.1385192141882974	-0.42325330923850835	-1.5169391922814175	0.5999952491470915	0.30246320903679824	-0.0897335663962435	-0.5825522014378262	-0.6625142241514462	0.937429471222589	1.052998868887735	0.031491173251231436	-0.8169918557174424	-0.5143527220025838	1.3357227343329565	-0.3513554136031491	-0.5973512867302069	0.2736218839833998	0.5746949815132517	-0.38760652301504056	-1.2308956902240649	-0.158269532624485	0.33097282730793426	1.2576968948247083	-0.6540149031943894	0.4541853757446049	0.2681636836423101
DTXSID5043895	4.628828390044197	-1.1572036180330791	4.318532485979148	-2.8540189956988145	0.04985865502678041	-1.651714701405992	3.2973128420476376	2.6772706637819232	-0.864409184339166	-2.702827666013202	-2.4043284589724556	-0.5580168439009316	-0.354651843543794	-1.7130101292457809	3.746466069849297	-1.616578759536287	-0.09117884808950734	3.797650875231097	2.542598883927868	-0.3033082161496338	-6.3779766908859665	-6.127077306709272	6.272998848262164	4.301387902551188	6.794211992748062	-0.53365524606911	-0.35949422014559107	1.0289483578182947	-0.42361572493439	1.1843421776750462	-0.632399405115307	-0.6922003651184658	1.2593007408587942	0.0188458606400612	-0.3479799981336056	-1.7364851919746305	-1.134138367363869	0.30198785866504557	0.1976502707079132	0.7635867781165948	0.14163406950771598	-0.09318060752535759	-0.40226002676799055	0.31949530569592	-0.2324666313212338	0.11330200974608559	-0.5855918922114575	0.5991494104102313	0.3988423074376509	0.2451877962079141	0.8794486921515999	0.6602634683523244	-0.1275795939483404	-0.46768255695749145	0.8036433769314351	0.6671862651878838	-0.274707786029835	-0.20494000071576055	1.4547832541815053	0.23703856600439768	0.9611551875252271	-0.17319528622906574	-0.1196116147479241	-0.8563103552159108	0.4579609880838936	-0.20228346968035202	0.5773797679708571	-0.05831775716173599	0.3742406721612677	-1.074635437959524	1.049484238875684	-0.4509284597584041	-0.29939895970897673	0.5350935435392375	1.3277605307012437	-0.47982843488544696	0.23507028375880695	0.5077287616350399	0.43784537672836626	-0.4580995677038288	0.8331642422182454	-0.29869866167689685	-0.6803633433470098	-0.7933766154330841	0.4427852883676647	-0.12644002290425058	-0.21060256581345016	-0.4039410446059668	1.3992532004095826	-0.6561763190440717	0.5387663395294395	0.4230652829168435	0.41547548087211883	0.6222199279002318	-0.9087337363270782	-0.7285753084978968	-0.2536095760879907	-0.12907097857794073	-0.8046238358700415	-0.049107655274002134
DTXSID3048659	-3.5789316708201495	2.077795231767215	-0.2975596369073494	-1.3342214177153855	-1.1790252619437238	0.1991267661417969	1.4122975358389964	0.8808113550545724	-0.9830937210567008	0.518197632254776	-0.20342992548071007	-0.5969962590024739	0.6925120841494722	0.17656065303071575	0.5517437931960433	-1.1207664157684147	-0.6236340988550789	-0.03879899077221061	1.629648333971042	0.00940821108760518	-0.6147898710752275	0.9124507181689397	0.028642115274217173	0.1811296261532998	-0.23016029107116764	1.1005209740056	0.499508808827575	-0.3363772810422032	-0.32676551390071257	0.8099148850683118	-0.3713192491995936	-0.28331352234409285	0.3274126151473714	-0.06216173751665656	-0.06877701936386772	-0.47401973154653465	0.0500495049777084	0.4756505061805433	0.3391211525887288	-0.045093183584721745	0.08344388800988395	-0.5837049716479437	-0.2826163131357723	0.0639753333299612	0.46792165664603413	0.02762984423284528	0.07569656554706075	-0.41444072118801484	0.4001243702028791	-0.29046338593392373	-0.4366385454956704	-0.7645703547611253	0.21421615976206632	0.5005984057630936	0.4906340137674534	0.4992271835360594	-0.19630462635650733	-0.9203212588780725	0.3122227879006744	0.005790114783602324	-0.17669588640897743	0.8021363849551719	-0.14166221134551576	-0.08899038207260555	0.1741642166340154	-0.3633100845223445	0.49754236479943004	-0.6979304601038555	0.43848033180708906	-0.1577354895671928	0.6648678002995456	-0.6488434130117181	-0.21156290855725401	-0.02399055939727238	0.4830115160978109	-0.2560515702143251	0.308198206376583	-0.0854252506919282	-0.4720477201495607	-0.15262250858459603	0.5502949299934522	0.07068844957913513	0.07290639837870229	-0.5117731090718564	0.20804436991935363	-0.16527757677666774	-0.09274262160233382	0.6036844320717084	0.48405326484278594	-0.3609526420895355	0.7168392312722175	-0.5709266615724875	0.3561632560410773	1.024973009338107	-1.3254392561198016	-0.5948698277094078	0.6857156846923128	-0.20307477263854298	-0.9061102292525255	0.05924023896096487
DTXSID1045453	13.505829276944084	1.239160417732502	-7.269721344263843	-1.179774859763837	-0.7027536769018886	2.9525624328632794	6.713843836952705	-0.6633747785892806	-1.3464397891607873	1.4472983974496805	1.2781819277323503	-1.8327213001202645	-0.7817624980914424	2.248552210670392	-1.5879772447393317	3.1185031821488196	-5.280184382549734	-3.6630959441909607	-1.9920808464096094	1.511041497522346	-2.2473138148616116	0.2511463536295343	0.09910998261046453	1.2886356851992984	3.699917060985601	2.51787867587554	-3.2285288218992387	-1.5505036318547276	-0.4512308735484853	-2.820411875188983	1.0344052279620621	0.4870183147975111	-1.3478834158577246	-0.4192139040620856	-1.0472104152766681	-0.43403456497821097	3.0284285369441184	-0.8951937617217919	0.8100416326670884	-0.7362838292517019	-1.4971488526206902	0.8874875775067744	0.9459286866174755	-1.0056276892564644	0.5513778570227768	-0.6438771326738016	2.089681617558505	-0.8262269614584666	-0.18086532414700612	0.9223586221496273	0.008181997218532387	2.6013718497942286	0.5588514198243637	-0.6649995755701509	0.6220895032328667	0.21427020690021525	0.0690100688941603	0.25126097698837624	0.2175320356200767	1.703674955887639	-2.070775529538992	0.520929941163521	-2.0213001923236247	-3.417468581723645	-2.29234956936651	0.657186173129199	-0.7138592964383104	-0.8662681014247148	1.7547937653940735	-1.9239943430761777	-0.39805073120024403	3.3468228632974304	-0.31718137694726845	0.4346506714225502	-1.5608380685898302	-2.9235928810649123	0.9671086316317696	2.0473482468940456	0.5963381819187012	-0.9434552777084261	2.258313129214586	0.3872924565857115	-2.6733267270108287	0.14869666071294874	0.031030457065486346	1.1532824014800436	0.22400880313125762	1.0960848942923564	-1.209514734401676	-0.4416714867522475	0.6945242645909245	0.06974383361255328	-0.23461538301140833	-0.2733642596209567	0.6994307321431313	1.5418256994042474	0.9908163856801571	1.4330518991264716	0.21019789048361828	-1.0760597804563394
DTXSID9048722	22.313028880531082	-8.006492059473276	-3.9194434813380066	-2.1230233208415297	0.06283114147036406	-3.991066117678326	4.18090537421108	0.9989346758433038	3.768748446097316	-3.832929730969816	-1.1130983417909701	-0.05235656550060741	3.099759907293084	1.8973311894892022	-4.2617235011482295	3.242093776576264	3.1702606841695045	2.3425973859199294	-3.0551467828593433	3.3897834488465723	1.5098019352764438	1.6265558491533494	-4.970741573456258	-5.522082506363025	11.891616268514975	3.522121389823307	4.1398153148812495	-0.09255068963136348	0.44171010228746777	-5.650541078603285	-4.604070138634807	3.348584834998032	1.2711000808120687	-2.261638464818104	0.2147238092664519	-2.641919690832477	-0.679307288132207	0.4484164387286429	-1.4430102292390412	0.6278223663536124	4.477758916897389	-0.5317645758009881	-8.03607821505565	8.96878004852041	-1.5578413050648383	4.943735816635133	-5.868213032163115	10.1692511844958	4.523359504177621	7.983771342725669	3.9428997019345373	3.71884992303413	-6.830001978113009	-8.610202691900707	-4.7128598568666575	5.86861458962179	0.35093867335545104	6.49193115690927	-5.523700460306507	5.378240323382156	-3.7851269719503935	2.0396583490164475	-1.9456446596489916	-0.017925058235883813	0.40415525283812215	-1.4087422749802578	-1.1608956311522987	-0.44748431952858325	0.8773540090385846	3.1597026046832264	-0.21442612597805727	5.6499941229383746	1.0514739118895042	0.08576033855083896	-1.3692641510816999	-3.86709345085822	-4.370519844156809	-0.10138568537609123	1.8202278095017914	-2.107438281316252	-1.7785081817429549	-0.34956478083764436	1.5436326485500713	-0.419810606430169	-2.8624714476879944	0.2535288493804841	-0.5902467160959206	-0.2260178412308256	0.8123672869736426	-0.6827996503832077	0.7166846644435196	1.0050322876031081	-0.9084447191137083	0.4750348487568033	0.6665084536950698	-0.8802145056803944	0.44943402848669384	-1.4448921886831196	-0.9237779746058532	0.8947631479831271
DTXSID3021938	-5.899209073241486	3.856036816137424	-2.36126541211298	-2.116940857943438	3.978393223570356	-0.04177117559489524	0.10068835712608402	-1.7040787315949448	-0.9465164735961125	0.18265048835645165	-2.356461935800783	1.407757244688005	-0.5410648542053204	-0.5750151136863053	0.2596751037218733	0.5625130675054978	0.8165410754967544	0.43553770838389894	0.4921917845188832	0.2498561562569587	0.359400140708483	-0.12755733809494288	-0.5886031538983137	-0.35409938368303195	0.44255933077927617	0.11551217959587604	-0.7618236315336464	0.39639073931753915	-0.6274474285735145	0.1885491742496996	0.42527333210130447	-0.6512861857152867	0.1613186217530983	-0.3543487013885817	0.12416162759620213	0.6470226502198564	-0.02409401681539626	-0.029374612472058574	-0.0631605867594317	0.4240475546939384	0.04227628997363518	0.07509270824842348	-0.43671489742584446	0.5145053721657132	-0.2239893984234975	-0.7166366998261173	0.3632215220965771	-0.14678255167911664	-0.012866221534044334	-0.6522406405669499	0.10483108434856561	-0.1832914491573997	0.1460731821026962	0.4362794808531527	0.25788734175955463	0.16556173228174237	-0.3829640615331627	-0.34395643820640215	-0.25611752579218977	0.12288910360248027	-0.19929186155136247	0.24089002719585628	0.009907617536574011	0.01544480347540893	0.7212919032529274	-0.6802387323731265	-0.6594887318350551	0.4553610427455042	0.06892416556053793	-0.5207163952083185	0.06142643742932609	-0.04105444386353303	-0.011696897099721599	-0.13350016752926291	-0.4899018958054036	-0.1081088482150261	-0.45558751361515665	0.1563573212627373	-0.15854646597186017	-0.25212360464469996	-0.08580319811340975	0.043648320867599	0.2109319412558562	0.02773481335876202	0.09322583752568754	-0.07577540895524225	-0.2099008530650933	0.20872175676523194	-0.0036178174074813596	0.02757776994141779	0.029849192203183383	0.05870657807411972	-0.8751221640585517	-0.1480187559184612	-0.07124056682876816	-0.03459831555379747	-0.5710672005068258	-0.24571558171873303	0.1268862071866138	-0.15194765062305135
DTXSID8026193	-7.055223191556162	-0.5873479011185796	-0.899497083694177	-2.4574560937462007	-1.1461182775041658	-1.3095952968115379	-1.7577819217757789	-1.5542031812549475	-2.497652096928275	3.299031435031466	-0.8855568162524383	-0.1634636814185687	0.6980615478122985	1.5664627348575384	-1.0281889662734207	0.3371461770901877	0.8353465514895673	0.9809548399551365	0.48594554195552103	0.28288133991389475	0.6452441202832853	0.5412952869617457	0.8455071067239068	0.13874168789493121	-1.0166692101378423	0.44766010087770236	0.21645021745175272	0.007129248430814801	0.43234998802461344	-0.12350140678452647	0.8663991174282497	0.22541543929043198	0.2766994895042117	0.4059054225404525	0.32652734485673557	0.07443922352189455	-0.2666048895922145	0.020444038718163637	0.22108773270912985	-0.25978806291813433	0.3717288232528507	0.4213420343598488	0.01753714683116289	-0.4826804556988924	0.4616167575665861	-0.020864763790262236	-0.03346069630686631	0.3298819093416925	0.6050193757867408	-0.6902482209616979	-0.8335363734040538	-0.008183012250769697	0.31297314869385257	0.17460933880663726	0.1380771658578617	-0.05155099293627153	0.8592019454206867	0.5583765601636449	-0.6060536505662273	-0.13575240310030126	0.4729665575489097	-0.6604749524955198	-0.30383807645550337	-0.2790960390912462	0.16528442392206502	-0.042773150258536986	0.2629338174168787	-0.053763040115546376	-0.3334065690992787	0.33804548219738983	-0.13814475299547	-0.16384360047418495	-0.37326127432779527	0.023764249882403502	0.054819192022635334	0.21536837639801443	0.45661218835302936	0.23605561012605833	-0.06941682336697093	-0.02459338381232268	-0.12901251031897168	0.025315721364801407	-0.08325991034334092	0.0567829459883975	0.27554736611420916	-0.1697432028793226	0.2392141003588442	-0.14586709154907546	-0.04989391786926095	0.02967091545336942	0.009529197631495663	-0.444753288295222	-0.3116534484715608	-0.07310672382618211	-0.18646139703825215	0.026947232459338385	0.37106056601015663	0.1695434578909223	-0.0037565298056410046	-0.01959934628283928
DTXSID2023434	10.291858609601704	-7.431242854747898	-7.117002591358431	12.956293089902537	12.704993121658042	-0.8945478830693925	-1.0761259460053327	-1.2370582842288054	-0.725047837166909	-14.138284836495608	-10.07609134099397	-10.239260341329981	2.4787331451753745	21.14208796451108	-2.8585561402561113	-3.414947884340423	-3.71843623698686	-4.154292367950686	7.384087006068908	2.0468874077993493	2.79103517260441	-4.202872167231075	3.764050712529463	-5.027432575987366	-2.447831299246062	-0.41371637084956864	-0.5638377252710759	1.4817846681732145	-0.05313691949485044	-5.518601635882559	3.842860797770948	1.6322754396588244	-4.075278299518279	2.148593269139208	-1.1226142644281978	2.80705279921492	-0.42337440946071553	5.424640177156681	-2.2827306067999458	1.7327925490458416	0.4535029494463864	3.2658794941584817	-1.184367981601138	-4.355689604070494	1.3467768153891368	-0.19752827621777608	-2.1624273465291712	-2.09106919422102	-1.0482740969339461	1.2894444440283928	-2.7833810292528454	-0.8703582461250436	0.03937007082282293	-3.0846120255324485	-1.8189849633657191	2.6234982187231513	0.8495775238591439	1.1441454093737091	-1.1778397363429502	0.1967824827292811	-0.7302085583819519	-4.789236938679438	1.5855570278110935	0.4813752307428178	2.08416317236549	0.8391707823930868	1.8390254886687896	1.5460047264134487	1.6397573274938102	-0.5785990490268325	-1.9031087022984894	-0.49514019158731987	-2.3669241415335747	-1.566935653794894	1.4824711788158353	-0.1350403070633631	2.425965015507581	0.16359333767449283	-1.1666303390140635	-1.483414789214883	0.24296567911453815	0.15228766242595682	0.6751662656300643	-0.7333018194039026	-1.218281657298836	1.1430324187317662	0.4656584591093099	-0.9992605364188641	0.6889365316929851	0.670716033930861	0.45200472798944874	0.42579410068357826	0.38906911585099907	1.5164609817596018	1.19177067101523	-1.9132196663162553	-1.1391500496311358	-1.2985997746673068	1.5896545264992687	1.574986874714527
DTXSID3030056	-0.4651768223283064	-2.8575569624467625	2.3606736175221847	-4.47539615023669	0.8518588983624857	-0.5811927155820864	-2.974128345644561	-0.5835024417131068	-2.2158309890232757	3.0973250930774228	-0.4325667556620626	-1.0502349863653164	0.2533965880108657	0.04452803790415553	0.5629673045215621	-1.4347134907657464	-0.27048508005580263	-0.45509809703235243	-0.9029071209907725	-0.04776084001072757	-0.025653114729689053	-0.8598569444944525	-0.7443609090461312	0.6286027108706077	-0.3124190283875175	0.04021740464434028	-0.2977645218840034	-1.019652102092049	-0.1457015806397583	0.23775129666454162	0.6063250259865941	0.40243168387745304	0.09277744360700113	-0.7275849546167785	0.8565007498291527	-0.554118365738132	-0.10113627153980838	-0.2607808105539069	0.3486151062059148	0.2304551517855116	0.5849532534411114	0.7343699858392361	0.7103973182214387	-0.5861327664466179	0.18604565121384792	-0.3007531813902287	-0.5514441592954153	-1.0524513704380531	0.19063153326960663	-0.5268552889553136	0.6400670988913424	-0.4687182390821736	-0.47956494797123783	0.10642607238721528	1.4899542141566247	-0.10283442077775569	1.3731032944042774	-0.29869199646088423	-0.6551467824486525	0.9205239760643147	0.2192180132081869	0.011318504589198366	-0.42180032708493265	0.233685458484378	2.915825263321993	-1.651871481253238	-1.7665769385203027	-1.62265851603564	3.1146136482119524	-1.1216880160117801	-1.2173131278707177	0.8241272215313225	-0.003421869072609843	-1.2478044262391461	-0.4849573281847996	0.3018694372005787	-0.9111327763738296	-0.6220863252858964	-0.1843540288488426	-0.22986171024862487	-0.2557560245778723	-0.26250360209779866	0.08614204038201691	-0.5810154330699244	1.2311059766406631	-0.22268379577151204	0.5175822605494229	-0.5420551334398596	-0.09263635741102003	0.12990588779786602	-0.5818241227356429	-0.20376128146034056	-0.6526969662351938	-0.2621228320657264	-0.3739248993810964	-0.07536858582300952	-0.23957473068571195	0.4532268244881262	-0.09576761042351674	-0.2584187095903786
DTXSID6042157	-2.668644569840709	-1.5198027188672358	-3.270736109489804	0.34457695616362105	-2.0344201871997707	3.893044583696429	1.0225946854548382	-0.741965540514906	-1.9494157120430466	-1.3236889062037722	-0.6400779071902118	-0.9546809653081203	1.0140349929752928	-0.7396621596468846	0.46968591782095725	-0.6739618576540602	2.2102641800068503	-0.6286447093882866	1.0199571233300748	-1.471751672853107	1.4085664246983611	0.8891364349699916	0.6573099050112213	2.116716228803906	-0.47835926067358125	-0.5934889917361319	1.1007268385510238	-0.22086359195733374	3.658506204114171	1.5896189087793617	-2.4565434902465637	1.302941206466358	-0.7536136239487068	0.3861124380313479	-2.4090760788981425	0.5315521410701244	-0.1770178627265127	1.5669594647505118	0.3068663344554498	0.6046513022607226	-0.8252465075808411	-1.425080457964515	-0.3924927696461652	-2.0425210584574978	-1.7897246570702858	-0.44398857577114126	-1.3868065136547936	-1.895378568342725	-1.2199171604991366	2.1434154571833037	1.5455220891629367	0.8905345888549597	-1.4288964636836252	-2.396946835874845	0.24528759941398734	-1.8290904652234312	-0.45714126331945776	0.6392479375808894	1.0488511667587577	-1.54308690964342	-1.4928665935380527	1.526546161140378	-0.36594186489287167	-1.052257933532805	1.8305642597627316	-1.033479247688776	-1.1697065256521926	-0.07612986545772077	-0.037273099633597366	-0.6291780983049667	0.8561727199603362	-0.5097136994048392	0.07620839757173364	0.1515903903812422	-0.30168398808077573	0.351034575602395	0.0433265415149445	-0.8137549545844147	-0.027455041443536634	-0.11260157565525496	-1.1115675274904442	-0.5285987952129584	0.7709400966199104	-0.5361285765191385	0.2770144933510494	0.13283376447554054	-0.15663841975667653	0.10444839175612244	0.44872494392892315	0.16943185885896203	-0.6112556494843111	0.10853710825110349	0.26413862796380505	0.08699955716405311	-0.052877348673409395	-0.05853316307366931	-0.2515555385107942	0.44483359669423056	0.0846856833445866	-0.01636670849807337
DTXSID1020015	-5.424052916236748	-0.24137986646934834	-1.328233092355061	2.052597797508092	-1.5706698017971938	3.224067025083272	0.45428591254676615	0.9769975112409118	-0.1892854943782086	-1.5463189356384797	0.48338246522619766	-0.7677246969260114	2.0503510179950997	-0.8081856956685625	0.6518220468427421	0.49224181993345006	-0.7266682930897187	2.126864719828075	0.1026287845235345	-0.3188407938684751	0.22486565492996013	-1.614651603835397	-0.36823728234152425	-1.507378490399537	-1.1231052902098082	0.029705487409179294	-0.7391458282568529	-1.781991934661938	0.40672149813155056	-0.12009606185719382	-1.6675822553756408	2.1249874374398146	3.2201186773564787	-0.44113992996006396	2.09304024733579	2.8554322890935975	2.4394207573120106	0.6594347634662759	1.133417507748646	1.4331524958795365	-0.18321435915424797	1.8642495461871904	-1.5636781784507106	-0.1491206693286173	0.1360022248587523	-0.09564412445923146	-0.08580002316884383	-0.20660177430284257	0.8978379762379628	1.00844937647822	-1.1532404829195144	-0.9479181665693571	-0.5988442095011932	1.0842262067613988	-0.15437062492378842	0.27979367973340324	-1.1304496311523569	0.0004968160981286809	1.325130591696728	-0.04757352092145233	0.30621858951629	-0.335211833355991	1.4963605347458062	-0.7020691526476526	0.22361574081936292	0.00216610570731161	0.012062258056865754	-0.7157363724659168	0.5635031136131377	0.34044477151223057	1.344661163620961	0.6984834048351428	-1.5310162264462126	0.8375097855323203	0.5870109079283314	-0.013251757768143281	0.3339137755283002	0.5241762468147221	-0.019696842232200803	0.6444920962534842	0.3748801536675342	-0.30291891241649554	0.5266147576849961	-0.756291703471901	0.582425453079022	1.0063099240906785	-0.46364878049876224	0.22299390777746395	0.9214190692559098	0.33774738180075886	-0.6779568816299127	1.0026596254151185	0.0612393435506745	0.4517977527941428	-0.7786624751914398	-0.06400852463347899	-0.43782506776038804	-0.5455743490169525	1.0594107567175783	-0.08482815678462895
DTXSID7046881	7.722479827645107	2.899829556511683	0.8187989478532127	0.9851651852485347	0.8149627517268468	-0.03395266438517526	-2.0648116375951218	-0.8446932010490062	0.9953162462412446	-3.5875323906969077	-2.2412411930696194	-2.0831301796994692	-2.514828720435896	2.872694920366843	-0.23042179199601026	-3.192365824172658	-3.1833716822795077	0.16230969741619827	1.4996782716870245	0.4752598313050889	-0.05281016035750729	-0.52370005313324	0.27639500547461876	-0.7611534284187127	-1.2892676294968712	0.17068633950121226	0.2351583180791985	0.07846838582703983	0.7188725652257535	-0.8915297009080285	0.36242726535090586	-0.5460667155589309	-0.5079094896322168	-0.39754239370297173	0.39044457052810977	0.3997648365402111	0.9668527484779184	2.5681578574192576	-1.6014319955437124	0.5531562515302788	0.3492156710181063	-0.2733729817307205	-0.383864641853385	-0.4045642324410061	0.44389779647805133	-0.003189957536520725	-0.3106728535040236	-1.5842834852945331	1.225664685917106	0.696258171591896	-1.8492526267973786	-1.95458852908698	0.6976019866666947	-0.6918419899729599	0.3278062337064566	0.7180959856572102	1.0257969773737974	-0.38171642460609045	-0.8833083386397332	-0.16337943666989463	-0.25620055906004113	-0.06351717173601917	-0.5203281076100321	0.8883185463690189	-1.1157751354929988	-0.33844490462441656	-0.009319808254668249	0.833800316483448	0.21561513253481024	0.8508603788709228	-0.8443703073141284	-0.6071299024348967	-0.6367258230826408	-0.0765495129416215	-0.82760032064017	0.33465639720893775	1.8299485259318242	-0.026641005097108417	0.1334875098277757	0.5809125297097909	0.7982507115837891	0.7549500962992123	0.053563297105028225	-0.45172156984514183	0.4757390001566042	0.3162269416751101	0.7663800125699516	0.9655036902766471	-1.3051013037862158	0.3665762469099495	-0.8341601371897658	-0.2706499575633547	-0.08350163298149187	0.6987279387532546	1.1731765771159612	-0.5360772179407592	-0.4584607142384939	1.000795789855217	-0.6433450555201788	0.32570748179500525
DTXSID1051939	-4.94186344077606	0.49025909442474863	-1.0692195326224871	-0.027794267491500272	-1.6086802783724907	-0.48106661327331973	-1.5324378868610815	-2.678378375945278	-1.0657141758138375	1.4510506447650908	-0.6825818148457077	0.4596823524699985	2.816281051665726	1.3358566376040313	-0.9241258153121906	0.18449042049492448	0.43590267996344767	1.122631294780197	-0.6186482059574812	-0.3459908102277119	-0.46635827141998587	-0.17270253209815317	-0.5806419239784053	-0.1754879205309367	0.48386117229686915	1.0703906738395168	0.4149706867518606	0.5942441722174848	-0.26341478307628385	0.6213019032777942	0.40034642063776493	0.3630819080290887	0.025603913790148158	0.7980199546224281	0.0035086793625651626	0.7566526470867938	0.5904820165041319	0.5286489173690608	-0.07294412908897614	1.5175903771171126	-0.130213123640153	1.112567785122911	-0.22426100729892895	-0.29879475593122123	-0.12082786115547332	-0.1424808163471968	0.710464593671428	0.02623316241865584	-0.9325742966504637	-2.028492618868873	-0.1933918739648136	0.4781880729018208	0.8670078052813371	0.3253671111521251	-0.2606885621243093	0.005133739953886805	0.7599142875546516	-0.30128057166586697	-0.3316256623559079	-0.3416865703840329	0.2064754202306775	1.1387444315183357	0.48570100098274566	0.5917520886865903	-0.43972921709771584	-0.8158064542687385	-0.14253253593805731	1.1905908073571196	0.5231996615625287	-1.2597741820871693	0.3955016893220168	-0.32171135058429967	0.5508441344032373	-0.4857064772853794	-0.37276533630609765	-0.16721342893027763	-0.158881459587693	-0.6638020961032505	0.7740859407105999	-0.6353683752960674	0.012945436908706438	-0.7357315772685366	-0.03549461422648586	0.19495778288685567	-0.43006423740865013	-0.6729775572729652	-0.45913812478138344	0.16807572799866777	1.2650152599409623	-0.08771604881123576	0.4361576122089299	0.041014780802777456	-0.5618075006871459	-0.2840744264520896	-0.13085119762580064	0.06066875059482129	0.24958167871453232	0.0978827634143414	0.8405830998306056	-0.11927943251112882
DTXSID6029171	-9.266315629617305	4.557480984602539	-0.7555206379792933	0.3992020102729831	0.07101296603681269	0.11232468312197977	0.3267600426255258	-1.0424459771916408	-0.4145973932657502	0.1181991713512118	-1.0877798290520009	0.8482312435999871	1.071828867931225	-0.21356292242384972	-0.2026632102989306	-0.2506884835907192	-0.29555754851348615	-0.2274117777317571	0.8588578734893856	0.8985402231790016	0.09084844407526227	-0.06191218715814109	0.2467095660824987	-0.9841422595512902	0.11771185660319135	0.02072480109811085	-0.18987153638081483	0.09395646678156332	-0.21550486073360872	0.1166538541952195	0.5582993099089293	0.9699446591396761	-0.49022032060487614	-0.11660444875933224	-0.03558590788976999	-0.122775474061998	-0.1631700544881212	-0.29219086859358007	0.1187873669942376	-0.2979363768120411	-0.006551235801100271	0.5849433063614082	0.0906949826182262	-0.21213946773894096	0.25535603916345107	-0.2868635601125232	-0.11861329891524053	0.510399800129168	-0.27326526772064275	-0.4328641918283458	0.32262667243366056	-0.13646391375294156	-0.34055226578246034	-0.45348048914923356	0.7451901852001176	-0.19921293227319734	-0.27845020729713743	0.8042504515032542	-0.5729961214033241	0.8724095803557025	0.5768471763585047	-0.21102585997964232	-0.48667069092127035	0.03192924455322062	0.204459061809128	-0.28639143025252195	0.22283545909795024	-0.08847159068310358	-0.15688315252943846	1.2026235640986371	0.360865153529862	0.267660204942523	-0.0891205335618413	-0.4416678952487348	-0.10555190401929417	0.06880286674965397	0.09020748126676097	-0.13526141905363845	-0.31341449233550417	-0.3018905368720426	0.3070911541138774	0.19971689231342532	0.5284302531609676	-0.018614250473289046	0.7741132671702762	-0.12101082717995962	-0.33687543944254855	0.24855018227771716	-0.19403205677858867	-0.05315145938184213	-0.13035218483064856	0.44180906381577145	-0.45450956899937967	0.005521524727109031	0.03436045554306814	0.1767570973715506	-0.029057689432229885	-0.02157197723054813	0.059890434334278396	-0.07370195489172598
DTXSID7028013	-0.9080276984722505	-1.0929835699798118	-4.397208494095274	4.722100379427275	-4.6544517770918485	4.465720260194331	3.3294123199050953	-2.673505598113565	5.542132675019052	1.8703872490627196	-5.599301572500535	-5.297402008729114	-0.5339046104903873	-1.2488992378416277	1.413333597636359	1.1023059372927477	1.2865816200583522	0.711634210567522	-2.1574877364154643	1.515105678325136	-0.5842214899765383	-1.2617769901662614	0.06680245299698341	-1.6660993930859462	0.41337286139403323	-0.9908002150254038	0.0489115491036878	-0.7733379764516399	1.1031209729768408	-0.987537689964799	0.7523970047618967	-0.8088858829670988	-0.9641547172130582	0.02132967951437952	1.0136940272761763	0.013118286855119904	0.05912935147778057	0.6134982148220071	-1.2901424157555412	-1.1626860548654772	0.5951468088993387	1.020400751934681	0.7492539128918818	-0.362471306934313	-0.06988041251351305	0.47178253083698346	-0.1438763810370979	0.95380743935533	-0.07895285166872267	0.05470584321708796	0.2157810528323287	-1.1315618862151815	0.2763603150347557	0.2018370992492087	0.5174637768972143	0.814888612180342	0.19315975071884106	1.0729013030679602	0.846048785141042	1.0167620516350455	0.7124701053023192	-0.02291013799134556	-1.3501520292713398	0.3357275177039867	-0.742766899932757	0.19278226631709838	-0.08879618894186257	0.04754984661323911	0.30073827251143026	-0.35836490865179477	-0.4666733793051469	-0.7192892220294195	0.4946875756825745	-0.07709563448952765	-0.051129384220946116	0.11755519075624794	0.06650817397441669	-0.18629702950436078	-0.03851526216506963	-0.821417018303318	0.8721351933271507	-0.29611485442698765	-0.389817295903612	0.2916219789901799	0.36242098096596875	-0.3197074412851236	0.6917751408263085	0.17911365521759523	0.24347443450541387	-0.18030056046055515	0.0322727847390585	-0.6324991167781092	-0.2332621735878742	0.48644563820160347	-0.8474246719202121	-0.6240884390527885	-0.1191708091816239	-0.5074824832264418	-0.3130248830798608	0.12339543407752968
DTXSID3045300	2.359434612667017	0.01974055516487903	-0.9385757956295689	-1.051697410949396	4.1907132478194535	3.09475791400732	0.12648856631704328	1.2538506876472746	1.6270756240782935	-0.6655661823301812	0.7074964706018196	1.7903599269211303	-0.9658493181650887	1.4703859634830474	-0.9318998108110187	0.4259440084203638	0.21007909608203312	0.7884224684875973	-0.21269161841841677	0.1261872464171156	-0.1495251919552724	0.7568848647061468	0.03609024953932008	0.6999994632838272	0.9679947529647291	-0.07852132142310547	-0.28296679414161835	0.98013814288338	-0.02141756824880385	0.3355455565646045	-0.8149007061859362	-0.21728382350614112	0.9835520568929687	0.8952206805804821	0.35294697911915446	-0.910078816209657	0.1885804243346397	-0.6123053681931466	0.4025886484720154	-0.42963415057536436	-0.16601624066891374	-1.233879270435639	0.14572334528462033	-0.28370747764766047	0.6485480484799163	-0.14100971789285038	0.11514979024221862	0.40834034215814896	0.043355076788018386	0.41843453022108384	0.42793670408281026	0.10939487673441886	0.8712132597730371	-0.8763062552154728	-0.21255365085988787	1.0552968565050893	-0.5880102468143671	0.045380586259835834	0.7659512137822515	0.3305472862816151	-0.05381031447383152	0.6316531402363929	-0.23192220211821815	-0.6667854886502986	-0.3462868052096295	-1.1742777307336116	-0.49853806772767406	0.5421224775739553	-0.418703233034229	0.14422386285536515	-0.8840950894973172	-0.06181562948977901	0.08726229918220454	0.058202638906901645	0.79778749591488	-1.0276426632125344	-0.010101477788816838	-0.001778681975230774	0.2631910735210241	-0.0658546810216133	0.19284541976940717	0.07915944137576082	-0.11461227857337397	-0.24676505761430925	-0.92761604140612	-0.5532730233828619	0.004197994138330988	-0.5973093693062541	0.18627318400545534	-0.009857001694691146	0.2816489315910807	0.6567109546413243	0.03139835287545719	0.2075024617471035	-0.7970727132597631	-0.7220592926174567	-0.12683828835920738	-0.35689105479649536	0.05905289541539368	0.12726678191057966
DTXSID6032647	-2.668739402661951	-1.2608505807803208	-1.129339522204985	-2.7943826086683687	-2.629453234730958	-3.4988950843251296	1.1321747369005675	0.904384510882926	0.4044484428943762	-0.25518603712519383	-0.5101538833780218	0.2981989277606831	1.2412196080347186	0.8378643025360484	2.5889561174920157	-0.32569382843957484	-3.9039797076385128	-1.1494974971222844	-1.4868417040922963	-3.9867223909580334	1.6145579483330885	0.27203747789869803	-0.21903373067260828	-2.3583889797613824	2.042064412108777	0.834205255645979	-3.7449949299476457	0.8464688220769337	1.75869397181087	0.12310811813747828	-0.26327747034014537	-0.5568972704313205	-1.1525590385947089	-0.5469156580193556	-1.6580527671907905	0.7363182727567716	1.3265678904551763	-1.1600942001930044	1.3611335173741077	-1.937526898019029	-0.3972277111862312	-0.2947877177399873	1.1639958059619393	-0.6400436970577169	0.1859564136550198	-1.7803160819477382	0.8164129109288097	-1.2992376393249567	0.21740728622342825	1.3735628173217154	1.3009983021167153	-0.2170665683142849	0.7144930539798409	0.6617846988959601	-2.3605059143044396	-0.08415218733505685	3.5813178270960617	-0.15569560246712985	1.0806766785586899	4.8229450089785715	-0.9424958951017335	-0.26480340649823136	0.3830227528990831	-0.4206858964489559	-0.5962846615491151	-0.5778139124085917	-0.3416615394025512	-0.369387009512926	-1.8722539283278983	-1.7116945457655786	0.6627722178069525	-0.810910166076319	-0.8010888666773752	1.0624756199601504	-0.6181290045199428	-0.5246619943658885	-0.537049455528017	-0.8381319768557669	0.6646900032283285	-0.022955284875200925	-0.24304263353874442	0.25867632594779943	0.2973539708922566	0.08565116938642589	0.7356732944529026	0.23168732018563792	1.0452754059822125	-0.4483301031719585	1.5736002142093655	-0.9194830713088711	-0.35328136060119225	1.177711460893065	-0.4576442456819715	-0.8617716472618846	-0.4164172255791103	0.03116228665965604	0.3165303314726944	-0.3488359853606754	0.0017866542101959307	-0.4495208686269472
DTXSID9023548	1.4294944927456983	-1.8631447933721632	-3.7004406348823946	2.3900920609976564	-2.8232445597416405	1.9032060038004965	-0.2616729226242517	2.0273547693046914	-1.3589023550978427	-2.5531977167782376	-0.4317292938455565	-1.0332803803870054	-3.281268070235024	-3.20536185695876	-2.4640464101472896	-2.9406247112107997	-2.036370615594444	4.5505814287771065	0.40298199483013253	-0.2745651362065212	1.8693444887434056	5.688518161516631	3.6239434392806333	-1.502197373845518	1.9859839146452671	-1.6980009386230437	1.4158082361298936	-2.4020653810841974	-2.133668468410647	-0.2828423973074129	2.113592300396123	2.984745355749939	-2.1006231730309954	-0.7880420245275108	0.08448520977097593	0.6444253345789155	1.9932380605580602	-0.6078997564915655	2.6473106892839886	0.544087709376325	-0.4002948784002114	0.37587197452636767	0.11466771459024672	-0.2992042785993464	-0.5873829980803985	-2.635057899161466	0.028161731624789396	0.06864035712256154	-0.1911071033700839	-0.2525905976418166	-0.2327278647677971	-1.14499146321761	-0.9469624874443225	2.296732280601328	0.3983311717766651	-0.06359235473415725	0.48425129739507683	0.14429264944313624	-2.696538527756687	-1.3938692836421502	1.7077488494568076	2.959308885234105	0.8155042707825304	1.0818420191251727	1.9458485402815668	0.9256300204986426	0.7576064552033841	-2.9561015424434007	2.3515039621112632	0.8563738647274808	-0.41064664163735337	-3.097591670566521	-5.847060022561737	3.6395622014021716	-2.8174496347915414	-2.9824343977275585	2.035826866013384	2.8936331390702033	0.594541425667672	-0.775447699181252	-0.2398147122317764	0.5175202619155918	0.038089237880422865	3.6230442978935518	-3.702213262491932	-4.623556169969734	-1.1016500618380618	-1.7810552851392125	0.9223498872741649	-1.7966595530704335	1.3490076976230743	-2.452667529595145	0.3728225350962831	-0.5513823325552796	0.5814044388688693	0.15789878907507393	-0.489066551220117	-1.5250326712894984	-1.1526075659611192	-0.8043064821232282
DTXSID7023980	4.546732101844236	-6.142746276284736	-5.023551575239363	0.5383582169731236	-4.130703362794644	1.9087896420789436	1.2623764921602918	2.310140629969887	-0.4312776273306711	-6.23022283913858	-0.852139873354748	-0.6020940562193108	-3.1042429977796275	-5.847782175078318	-1.6025537347540668	-3.6213829893248812	0.022695667949006553	3.689621497231569	1.2699314428645654	-0.9040348166782266	3.0758544003221573	5.426317368242392	2.9274328981033437	-1.6636652210796927	1.3518293124104896	-1.5870378887674024	1.3860396356861757	-1.618152734069388	-1.449670959163623	-2.0330733411360873	2.3881632535492727	3.8754394543639683	-1.651961339088749	0.013962973813963664	0.640140845456393	0.8394241355549062	-0.3040299197398405	-1.8018756355034193	1.9330844548293948	0.017368614152981972	0.5130867452247885	0.15530809785831945	0.558325707942866	-0.3373485472189519	-0.586427496063333	-2.1623196381139307	-0.5861568004298332	-0.33672456206770907	-2.6146285305966916	0.5626761129266951	1.286275567334954	0.29033017329674377	-1.7111503119322133	0.7917771011910572	1.144472644187312	-1.4546119267766482	2.2524167487527067	0.8819177296875097	-2.650475775617509	-1.2102486359351212	1.9033900595422801	3.403874117206464	1.9609261452835074	0.7029201169384605	0.5962275167400244	-0.9767139831378369	0.6687944052290957	-0.5223034400559012	2.4198188736197865	0.20967899920514121	-1.2685291599791406	-2.5162852329682894	-5.888688257288882	3.139998919393775	-4.219193256105976	-1.3167759791808122	2.395389257090344	2.982609660108661	1.3645494217914202	-0.8477223078919202	-0.22524926288242542	-0.019671045699344296	-0.5729263920778445	4.48509316903563	-3.915192815642142	-2.983884924762774	-0.37623583735264016	-1.6918028440605568	0.348779417125697	-0.14974284377202296	1.3005478450176615	-1.4961403649846206	-0.2519439987677782	-0.968209222358711	1.2835758736744005	-0.29224690422001454	-1.4315521185863223	-1.4613307374857891	0.08219222249058611	-0.4358496512804253
DTXSID4020826	-6.098968536061882	-0.5203483477486464	1.1915569084748519	5.29354500944762	0.13220197909845266	-2.3557761592391153	1.3141310205505186	-0.9997127343742283	-0.6702148448798064	0.5018118842044771	3.011390680769217	-0.06992940525053776	-0.9223856563523891	-0.2467554917493054	0.4248590198939977	0.629303451460325	1.1973250359374503	-1.179439227891148	0.7738753075233173	-0.7454379200364931	-0.11376432250352918	-0.2815601765033462	0.6748849649379847	-0.8097758940305031	0.2582162072867722	1.5447494369068444	0.2531857949861082	-0.5550479313291178	-1.2001002584990124	-0.011260825635289991	-0.21415020004352034	1.2112605463989536	-0.35911236910727773	-1.0866523754429196	-0.6784793119755902	0.6202408766906415	-1.0393759609096114	0.4774031812890547	0.4625432719208492	-0.20643325175720234	0.003398496417834187	0.6869236525779171	0.4715591495844081	0.32695121050352716	0.044013358277416065	-0.3107809615866245	0.3080536521112954	1.0693684381872135	0.1895734483400366	-0.45003117782247387	0.5528804993893435	0.19765034790230449	-0.014422676673354238	0.37947307982380213	0.9237283851250802	-0.6582896251459706	0.825844280548759	-0.5584889255431069	1.6726460857855698	0.2084646425733794	-0.5840447304442985	0.9528898424261224	0.4055764131802993	0.9676607835462175	-0.3374904997818414	-0.8447683435399649	-0.015164723705763971	0.5673142790382053	-0.4347028727944859	-0.11520465719325788	0.0446823516189996	-0.16104648755803785	0.016339309838201376	0.4675553203303917	-0.22984183219055132	0.505852861047234	0.33120572510064783	-0.5680999629420034	0.1770877668726073	0.11027682119265171	0.35024074106180364	0.23414731624483073	-0.07323124250901637	0.20478673607505227	-0.2979950232260884	0.1915204775879093	0.13400480324125397	-0.22651284031402016	0.5166505025834489	0.10090900824032663	0.05917629337261059	0.3624934615288568	0.37739724830930277	0.21538103168823156	0.2280961246779796	0.1507165130578026	-0.23579309832808598	-0.3506936293414513	0.3824215073139124	0.13797473611714595
DTXSID8027329	-5.951202071332694	4.693680730912787	-1.3311340069512507	-1.7673878470716127	4.117886730690051	0.42704520561605813	0.8332968092694881	-1.8349779413770677	0.12195480562031569	-0.6521342136246595	-1.963308554716357	1.57007793406934	-0.4566005976582951	-0.5285189481338408	0.20865455606759473	0.8157278996022039	0.6333362049274199	0.8945266518587155	0.8451074978989339	0.15929301866769285	0.39969831476892304	0.09028613776729427	-0.8510260786693937	-0.43532113260505606	0.7024144482823447	0.123367916340793	-1.0348956718694873	0.3800387226099157	-0.3082141999751074	0.6235737605498448	0.6609871866302285	-0.3278012602741091	0.24798679129220366	-0.8983233765140335	-0.04629037249623827	0.5987018211048999	0.014335069552434791	-0.15418621084257578	-0.08831567106088567	-0.03545521823824522	-0.07177489720259415	0.004435287723091096	-0.4561043672161841	0.5823403385453239	-0.46202797867938716	-0.6885487278165945	0.9554875019526904	0.20430054426820554	-0.2724852402436286	-0.7309884512432848	0.2454566868226794	-0.0893108275967198	-0.38305852368866683	0.07826172511345081	-0.19628850924436053	-0.14750837851756546	-0.7210797811257018	-0.22160947731182368	-0.2645838621959854	0.49788425559505656	0.41908205766480977	0.49022690788312845	0.09519362718679515	-0.11648163476473841	-0.08236200702908755	-0.6082644520350147	-0.5088986330725233	0.0689556748904722	-0.5196473099512039	0.049080612135291836	0.3326735638992393	0.45252663770207413	-0.08956046284389733	0.06589672897662421	0.0668868774980984	0.3144798686877602	0.4568300593409521	0.5606406650677443	-0.44384480514394065	-0.10000810968419903	0.01411158357581523	0.25400563779803037	-0.11900484935193385	0.2182073804662317	0.17481055285581829	0.2371227007703579	0.29909306533135116	-0.09826686522455345	-0.1107743713259317	-0.19214186029803704	-0.10019958820911432	-0.16957405820603186	-0.3659424963405733	0.00043217462962955575	-0.22776301271547222	0.07138722459783253	-0.21915931779028144	0.043555833402966385	-0.05558510480906671	0.029784566141531358
DTXSID8021563	-6.180156350765081	-1.3730967831473022	0.7558219038354398	2.692788082663215	-0.10636803952048758	-3.255461097450347	-0.25669061821647143	-1.2269621641386423	-3.093181199999982	2.1357085095622423	0.15518749148504124	-0.5995701309479039	-1.6814931384396485	0.44265518072904536	-0.4753071332248724	0.979017008774174	1.0439137061136705	0.1446176801094659	-0.2710437792708687	0.14399499835271778	-0.07757714112253612	0.004605746505333005	-0.4970509547789235	0.26736390860057274	-0.31119685697830174	0.006207624969282074	0.7633160144921305	-0.695865017287046	-0.055208057588219575	-1.0576385237085015	0.2064565776092002	0.9930200294792634	-0.029098998006170936	-0.10974662153274306	0.0306467849231427	-0.5131349966239706	-1.00716125827708	-0.26556475207276614	0.28492520547732614	0.23820215835600075	0.1313703239627195	0.11005522048837423	0.4175592611973351	-0.29465215383013516	0.44563656879558355	-0.5506648748896082	-0.47297331588552904	0.21442821301893167	0.13235769739985428	0.04787768950558379	-0.25103766674041805	-0.24838570278629363	-0.05186961483285884	0.5675039641339246	0.4308994330730835	-0.3139110818305235	0.34509279486860167	-0.03551050467531569	-0.7581985877724413	0.06547543129720229	0.14049919112436898	-0.45949543787459685	0.15618487492687524	-0.8628230132357412	0.6012576557487803	0.048803989457580535	0.5949792255564865	-0.2527601787274155	-0.11000862992757829	-0.012382178866630626	0.48479790652801125	-0.5277732487782615	0.03362846649212065	0.11436927168607339	0.591593163219889	0.26747336044320813	0.12632055339388226	-0.11166448085761473	-0.008675064682420219	-0.06836268755040015	-0.12280068826979208	0.4041705029355147	-0.6561942564808791	0.29210719658744716	0.31562514597377567	0.05083260903483956	0.04030599049601544	0.04126427491667293	-0.13069376228326016	0.3768411752409994	-0.0704862440766916	-0.28911784889224296	0.6610148562183796	0.09797981367785238	0.3060039925112149	0.01993301984820804	-0.1813810845036173	-0.20324200891485203	0.15010769029758422	-0.15460104482025164
DTXSID7026520	-1.88456230895945	-2.7910271568223166	1.385020376035383	4.130489200042172	-1.229241223442816	0.1088503125735851	-1.0311961950995718	1.7637722338366149	0.5792980933838374	0.230872983313819	-0.7763942832124301	0.16723528117074027	-1.6199154677348884	-0.7761407038719631	-0.7513015934581957	-0.5934669055762711	-1.4572656820868595	-0.25062832138080926	-0.044239716011283195	0.3629854895005808	-0.4976685089770225	0.5735123868334268	-0.12042990484747487	-0.5880650921109815	1.2114814753132637	-0.6992754350350381	0.21771729114565955	0.35839096302138174	0.14808653161100802	0.9479891300168303	-0.32538013918552294	-0.7123059667980635	1.0394703880942782	-0.3577425708615379	-0.25896619558950235	-0.19495643067159626	0.9867862022626194	0.4318226825276611	-0.019584931326257916	0.4081427691927206	-0.22904706430537372	-0.7481062400882357	0.3810714205150398	-0.41522332893119746	-0.3682197591770087	-0.30546513007863063	-0.367558873915815	-0.3288206787570078	0.9920118046098351	-0.2929524108254686	-0.7060704043718915	-0.9844865432261122	1.9525197776664212	-0.3834897280982973	0.13234256101301126	0.16180769409231568	-0.39973573092221565	0.24770222009892387	-0.2797050699848804	0.5596342333940396	-0.20813657877179115	0.5469052695441727	0.17675918799204396	-0.2023395330914376	-0.3834662535371619	-1.003033738302071	0.3277489049975489	0.8557074413482817	-0.3216520064532473	1.8252144625559032	-0.8976352672492058	-0.329824423514256	0.214821441064067	0.3018083315574423	-0.6582490335566259	0.2054464683092137	0.3894984139422958	0.5392589887461277	1.0006661541805646	0.3635610902867584	0.26408740816536663	-0.10216112226962881	-1.3036573670629508	-0.004934357020959336	0.3758787558825283	-0.4292503496141928	0.17817414562299344	0.597665843099301	-1.037460292474583	0.3955859213419206	0.19431763595307391	0.10134801199445617	0.7672673689771375	0.4151520743718965	0.8800038039287175	-0.6339542351762739	-1.2453088159110257	0.07141033383738665	-0.7557017567107952	0.6783339305783509
DTXSID7045108	23.745185684431217	-1.0209683594665662	3.1677354248691323	-0.3028823003559273	-1.8980105533584732	3.3441433311123605	9.47121189920343	2.625776229060641	-4.822354541244228	-1.1312429290853365	-2.4712881116029077	-7.718382939591943	-1.0978347845140448	7.3293257211397105	-2.1876752412807354	3.950651400750787	-6.902033247452882	-5.299112878788669	7.147737584339338	5.963566047354171	-3.7592900307898276	3.120883788009479	7.216497697964998	0.5480652741980925	-3.659887508656885	2.384681593036846	-0.735674774882697	8.551211868469585	3.198765454743859	-4.8302700428107705	-0.41609717160660925	-0.8580332182398683	-3.443266391595673	7.353053474537364	-0.7827624330614886	2.19658493792734	15.213939954915338	-4.0873498280485645	-6.52674976463822	-4.733171857851602	-1.4309353831748926	0.9253388441060032	1.19454864502466	10.052381409273922	-6.205071266544931	4.5765206169282155	-2.461454050347893	3.5573150193643883	2.209909012445452	-4.711087499308528	3.1186853542424915	-0.4316749042494915	-2.48490220060095	3.8759765652252898	3.5196043063659457	-2.697096476568875	-2.1907209998794754	-1.8841089607906307	0.7264837133175394	1.708510055548729	1.585787944924011	2.744089812130339	4.446105014505204	0.43977659005843084	5.525213752737206	-1.6637301785554413	1.8558040248004022	-2.3404169490479325	-4.820096368379274	-1.3993948379472112	0.9658388853453866	1.3495449759812774	-0.7071686182337381	0.2206232321059515	-0.6138457404276251	-0.23830470461836906	-2.565153571205732	1.9181674883577957	1.4010465506449212	1.378125248042866	-1.3959811212861033	0.815411442928785	0.5345961257380493	0.8802569816904279	0.579337209042984	0.19303380631531614	0.5481151187193016	-1.7944328314958202	2.635577674188258	1.837263302425359	0.1850389520744557	1.5198845660200884	-1.553356208491775	1.6957513210685347	0.05373183672932226	-0.27641577679890517	0.6797347957880118	0.3956689357212769	-1.9175567757776886	-1.9836994593569075
DTXSID5026097	-3.743179776697066	-2.4586237821469568	-3.2500239384584817	-1.0064443241260361	-2.3246287430682684	-1.7674833053026755	-2.2498062854619088	-1.7033502055964345	1.6773361199570782	5.258195836504365	-4.247448393992762	-3.167289120995444	-0.8464781265680702	1.7508518976424707	0.5699047347745998	1.131743812751358	1.7436630687825423	1.8170332028342258	-0.7318681504848292	1.2472671678178566	0.49960410169742486	0.49724354281065913	-0.051477980976897424	0.39778765441807573	-1.0022571428909994	0.893064107848053	0.4867797955896304	-0.6635631966645508	0.43665866652638574	-0.9035014160301139	0.7552371303265575	0.9372145491463167	0.07654672257826269	-0.18742490535997255	0.25546251346149085	-0.07265526846806106	-0.5171489477219331	-0.24842622967387357	0.40915759872511237	-0.32643945802644153	0.5194266206151344	0.028629905344062404	0.3408722187322773	-0.2664428409794635	0.4480433628270953	-0.04518095521936955	0.1341359372246475	0.3384770981906682	0.811533615631896	-0.23475527797658002	-0.8769413496796364	0.004903603020145704	0.007827003957951167	1.0417877361749333	0.6135168857676871	-0.7633608997351562	1.2444051481178489	-0.4320084937011835	-0.3210373693587682	-0.0169525939081983	0.4160291256157802	-0.9920665221327135	-0.28503204943681587	-1.2925080943486	0.49064502994704823	-0.23460846119546583	0.22672429150447476	-0.09352720274702168	0.050775675390392724	-0.47417622869851883	0.4238150257388084	-1.1558387154814065	-0.5435598271768106	0.008344157782644806	0.3132186052494761	0.782485595328831	0.6073740029105982	0.08403121386277679	-0.6355104682123447	0.2560044033878341	0.29497956570986006	0.1890330400730993	-0.5281755368284927	0.428243463034311	0.49502841323146757	-0.3037358047575176	0.2117654015210577	0.12824309697519584	-0.43537239061649413	0.16469359392973187	0.054088870612335034	-0.37008421493088445	-0.10842096547488524	-0.32888856234353975	0.45031077062142444	-0.13823655024167128	0.3096667538900357	-0.4459986812356192	0.06856282035866222	-0.9226973426073575
DTXSID3045857	4.653156753697834	-3.58768971524843	-4.9672707913884615	0.6183814185759592	-2.3790755085350037	-0.05135248141963824	-1.610314514945144	4.138086199889855	-1.0143010115865265	-4.651875506347184	-1.1465329712749093	-0.29479275112937176	-6.6344993490042015	-7.052451670702913	-4.161055774734313	-7.790861402037305	-6.156430633213854	5.3798508202028605	0.4615351038104562	-2.133112462700579	4.646548436708477	11.296888236041093	5.711963934780245	-1.8404460076016733	4.815353811690004	-1.5092388046312695	1.053288720972422	-2.945200269753469	-4.791997364859891	-0.4434071075132933	4.556116613778784	6.300216615075948	-4.491343399890699	0.3316486697108919	-0.44614671013131946	0.9906043701696624	4.120064225217845	-2.2030066762161735	7.173394080069006	1.648134649330078	-1.5102582318107822	2.0748543903653167	0.7990772700220107	-1.6561333334039126	-0.9634129020723413	-4.776255524821521	-0.6809414296906349	0.3057069777183049	-1.0659071372641318	-0.6660020142157718	1.2206030937632835	-0.11296170961359898	-1.9480451766579445	3.6281808063594188	-0.5386789748132536	-1.191808443333475	3.1016441305306883	1.238423635394534	-5.32708508217912	-0.4284655422941959	5.381814781902869	4.980751531270728	2.6494090498928164	1.1472269403636703	3.7672694296278912	2.6214578638915094	0.12191243189787775	-4.468188078191668	4.368106319470891	-0.9244059448569004	-1.488380974931932	-6.268631355008367	-10.666655407667955	9.529321406538262	-6.477967397147326	-6.4461463455318695	4.148424687046919	6.135552924062381	1.2660455884026753	-1.5574871322724948	0.9607236677576985	0.20420412210834424	-0.1257703850558499	6.024437767916786	-6.918418975996727	-8.286726616161564	-1.9876686705949	-5.183988799695032	1.7573962123090623	-3.042318885571049	2.2192459764259427	-3.8289378142690516	0.4686275372004586	-1.7190077359108598	0.6325108835228925	-1.2922706984672025	-1.6310684858349154	-2.235279259980686	-1.3706039673014165	0.5022570946249066
DTXSID6022555	5.5362556281414115	-1.1631096473548692	1.6791692114911734	-3.0681908315282387	1.2181025644896781	0.9250391095575405	4.353976662355279	1.3445094306251202	-0.6666638982451181	-4.043309124395744	-3.809457502377026	-3.5827784204599205	1.0578810857685184	4.081044099204135	-0.8071473531274072	0.1157996502811396	-2.433602270411742	-2.048978414899179	2.6600662244912185	0.8385358825467325	-0.9035062999061159	0.7847448336359283	-0.46709644381386756	-0.8402745166381083	1.918226460419119	2.2663005858149243	0.807851379765092	0.31975672450084824	-1.1737004892829175	-1.4227700864280635	0.09459109731153711	2.0343652562857115	0.12796958203552736	-1.3788567197084403	-1.3253811828212865	0.7226253943920603	-0.4625548100141899	1.5655772466392952	-1.4459356560100913	0.8804038593032215	0.12734758474562863	-1.5516555951783821	-2.6243647197471716	2.2352626910066213	0.7629938450059006	1.7891595625459307	-0.4272070379918682	0.5762475852787959	0.8428777564785656	0.36741088172030845	0.339767658275933	0.4504331262142756	-1.1457444125946836	-2.579200476785944	-0.4653598752767216	2.5308113397642673	2.334772398480208	1.5691869078996843	-0.4345727722365774	0.8683846147609913	-1.8391454885946175	0.45720697551788336	-0.3198478969370097	-0.8785857546950702	-0.6105164936535945	1.8763792903264922	-1.0438089532580879	-0.050085170347736976	2.382686042100195	0.532854231957231	-0.03277433000491533	1.9015530254481394	-0.08348233964303615	0.4773967641122655	0.8491972408348881	-1.1182271768694076	-0.9159161647378786	-0.4385045424226719	1.5425871165310856	0.13311250828673465	-0.5457290602947116	0.19352555351819628	0.2907495043985432	-0.5320537867830685	-1.5272670928912466	0.23079728862377868	-0.2668968050922324	0.6939635419615576	0.9694168987919187	-0.6472513622740794	0.32350012885802015	-0.9484768951369442	1.0637987951733268	-0.25216863529391476	-0.12625613507503503	1.0339906191650485	-0.2689804996800444	-0.6705025899278003	0.08758326434529154	1.3135439775941233
DTXSID5044996	-4.262761332650249	6.395234504506044	-1.7209932867347169	0.7740070045032031	-1.3653554725126593	0.12360225043453363	0.14690761148361625	-1.0669051076181706	0.5101976174788315	-0.13913425004383048	0.28262479974099797	0.32527218776263983	1.7237063386188416	0.7283239838638343	0.07021584017074983	-0.31015069983706883	-0.3476153882220076	0.7772346854006281	-0.42134037930817314	-0.02669053808197434	-0.5307500844810917	-0.4883928036210353	-0.8026744397515213	0.013661636730967213	-0.3690173386668787	-0.144406237750989	1.2434850116447633	0.1738805964226904	-0.06140185426197562	-0.16398996538253333	0.2777748436700933	0.15249804839170372	-0.3461307796272226	0.4382284386027987	0.26253568244437553	0.05866044445581599	0.5192107637884251	-0.052799870877405626	-0.0787612477481638	1.5408634677602107	0.015398053148966669	0.03302063865281884	-0.03684269267368927	-0.02715789387999915	0.09695722223682386	-0.8048275994900368	-0.3185024700416074	0.04104972200658468	-1.103111405958996	-1.6835583099228053	-0.652164331880534	0.6812669788443593	0.41895189144378403	-0.2858070286897974	-0.8734823685789814	0.10656730728185944	0.7030736724401927	-1.2691907047891948	-1.1959561683941544	-0.04778000154439475	-0.7967033149981207	0.44906256789139215	0.47883289929371525	0.23549945432463848	0.46436828535934505	-0.35890123797048673	-0.8840635187164383	0.5881582115631742	0.10528720434669991	0.4878420652379289	-4.0941625978704364e-05	-0.6418263365401059	0.5139829552769076	-0.02809255827053581	0.744820959724288	-0.027171281861794388	-0.18207204081099942	0.8976175955535467	0.2660774100664035	-0.2627527031361516	0.30465481205967804	-0.4670953548880363	0.5437190623692146	-0.18286916972460696	0.4727057655473541	-0.6123020328508513	0.169896172605528	-0.023834788397932814	0.1904280525443773	0.10143532418366938	0.5355784822088115	0.014095393310011103	0.04299606218161112	-0.17385732067599763	0.27981013524956205	0.3153595838664946	0.1986453554326538	0.08399650629928739	-0.1478131701805491	0.03589945590834883
DTXSID8023216	5.723785258409158	-4.95387450946091	1.8878949269002163	1.8117994889702407	2.5247151277445536	-2.347290990422221	-4.030931749855287	1.0725180262261649	-2.0931376860493525	-0.43920711916510796	0.16846598585147554	-3.839505875682648	-1.8805606505919705	5.1866665384874215	0.5673568836011632	-2.1295761618290405	-1.424248652434747	-0.8809035555061263	1.347197467165155	-0.4195277277268286	0.21654910115916165	-0.6506339472357585	-0.3526011365201463	0.9218768248053213	-1.1433966253856187	-0.6440523474501787	-0.2394313289924696	-0.9369960379963941	0.3469554045564807	0.30351853902768827	0.53951045116397	-0.33018073480189547	0.5003956106204593	-2.0696639871842106	0.004314352261273666	0.1224046263669107	-0.21484874284601227	0.06891922979396152	0.3425504219022446	0.5858351939537861	0.2785704345356798	0.6717776818837013	1.0399393463051447	-0.42381875413285874	-0.4142550975081536	-0.5575753976999739	-0.03940877690363437	-1.6375916778075075	0.5576087055715186	-0.1594374474940316	0.3337974951144847	-0.22523348958471479	0.585039378076263	-0.4813258453921237	0.8487814437609503	0.7840234723481674	1.234126276418539	-0.6554341878581443	-0.08171622271517019	1.2608049004699595	-0.1327942925045924	0.3967168439247441	0.0370356179758125	0.6749911674769575	2.121669764136304	-1.59003211216199	-2.5166956013579243	-1.2170971512123099	2.640388246885155	-1.2506411883573096	-2.5396836884175813	1.4521590049719404	-0.9098091038170414	-2.351480717050869	-0.8436756681604419	0.33856087182811345	-0.6996921107022277	-0.2524277902910614	-0.5615776019778135	-0.3488372396291505	0.16929900823134392	-0.17323167477063314	0.14409935032136387	-0.5445992024815033	0.18044071228518516	-0.6862539746728468	-0.5725333092995082	-0.393350622658148	-0.2957712864440876	-0.05050606336292327	-0.6673862387367316	-0.1108837042381682	-0.5839549079313007	-0.46854193853210185	-0.8396045348919086	-0.01908724774683201	-0.2431304849773011	0.5304996356400459	-0.5574857111835634	-0.35656324047800275
DTXSID5052250	0.2569453578515533	6.570317723683159	-0.8233512565800617	0.07421729898140347	-0.9180544492242574	0.07457012523941867	0.8693670070805584	-0.9221508047845343	0.5443121227935598	1.172352850189202	0.9127360182493967	1.2854817953494755	0.5171158886505094	0.6306134836146607	0.9908622367614339	-1.3397118385196636	-0.8749757246322298	0.516983974432856	1.3821035622065998	2.2448293819888296	0.18067549051324536	-0.008563336687373201	-0.1941004476796406	-0.3690317946156834	-0.7985071246968812	-0.7832657252076415	0.39429891382837146	-0.021122588564849578	-0.07390711376729964	-0.6098589844020417	-0.3363225456737215	0.07295276641962399	-0.3949208576731755	0.22931542457117135	-0.5494059384840941	0.051986708420799145	0.3663345950376704	-0.2463271858654617	0.8390145725582174	-0.0010764611290327362	0.007728126604876138	-0.3070131189537855	-0.23130141744143462	0.648585224133914	0.07941280152527819	-1.7367394865746648	-0.907129940015712	0.20120695417883733	0.07383499179890042	0.4105391016578766	0.1509803419614538	0.055787561503898735	-0.5793399522201852	-0.08038326290544431	-0.07752030865664357	0.71432212638732	0.4042082655946312	-0.40589652067499815	-0.6633326697451666	-0.8817603881307179	-0.939697364975154	-0.7059852377908291	-0.09707983174090484	-0.6812573847740493	-1.4220737797922083	-0.4656934603938068	-0.5044094220595517	-0.989266872795705	-0.46205950285876235	-0.11732034768043458	-0.8220858299785194	0.9485841653448245	1.2765940323429024	1.5366565907866598	0.14704653302441514	0.5370145545549309	-0.18584129768296911	-0.09346617591931751	-0.30247406732726095	0.48970599213168564	-1.1105031651552384	0.7881647623149981	0.9921101588646255	1.8544035750154446	-0.36708633043369465	-1.5712195404068712	-0.3084083532338651	-0.398000904395581	-0.7156237482610204	1.590436855174674	-0.18037711245739954	1.9592308546597863	-0.8931514759256369	0.7355314271126261	0.12262797027234669	-1.386173068411605	0.16896299655292335	0.2817809937499823	-0.5851660903040936	-0.06267220911641694
DTXSID4057716	4.864347264344034	0.6581336204342287	-4.996757039122559	2.5585249340774086	4.374394827872724	1.4420083490031599	0.3693675859838375	-2.359020637787887	0.6488188369664364	-4.832613019219136	0.31149895028164476	-1.858336026337471	-0.19792550579311288	5.162497610432697	0.3026483298625386	-0.09056441743669737	-0.6354317555096528	1.914343540564265	0.5498558737066974	0.8467240707553938	0.17962700899312387	-0.8879884877240066	-0.35719151496976004	-0.7762355293173544	-0.7327181996550419	-1.2191713336125378	0.521746152268132	0.20240584868642325	-0.8310642668860707	-1.0493429458583514	0.8192366492479463	-0.1588291137800763	-0.5510054254173713	-0.220510921184937	-0.10035154947940038	0.31034182260120713	1.2637460510871312	1.0730902833564981	0.2497462732975185	0.13072521915619834	-0.2819576912999606	-0.7682188339885923	-0.5818814815099671	-0.4975849799265102	0.19761434547981083	-1.3945130650409245	-0.21248351756933093	-0.4089191838299073	0.9534472110585172	0.44463260484678224	-1.401111207131918	0.009515485258402422	-0.44831758097558744	-0.7221711321675783	-1.8923736699105833	0.931706176993129	-0.6043121951345912	-0.05664284452522654	-0.0380651200613308	-1.266240568880752	-0.5960733205721753	-1.1584459245183487	0.10296981270996529	0.41481938261004364	0.16745938138020552	0.07359631912108335	-0.052530729587530925	-0.3674762511165701	0.884052594818404	0.4254850923702119	0.08644700266599929	-0.9984296346679205	-0.9423765747454762	-0.6343241170269021	0.003923648588158954	0.2050965915594151	-0.028506720035263965	-0.1463340218329775	0.0015102175291329455	-0.2063018367422272	0.5395981047709947	-0.3991120870610613	0.10871351572404563	-0.20079256988045507	0.46262550027310695	0.33371561917955694	0.5577178101357524	-0.343973261825928	-0.23269484128262308	0.02933525269246219	0.36576811796709335	0.06308236459452901	0.4325964404293532	0.7058205005302178	-0.3126284561271471	-0.06349441474328267	0.2883087568153059	0.1261147463560009	0.8696839662958394	-0.3732805443406685
DTXSID9023679	-0.5400248988818231	-2.1586763000244886	-2.2664953738897973	-1.1439604567970654	-3.414727919566513	-1.6395024042443946	2.761560324941577	4.347988713181829	-0.5009539378495466	-1.4012488941025054	-0.4929959391685445	-0.007180609568588087	1.0979694271413916	-0.23442675491023585	-0.20117427477805228	0.17853875123525825	-0.037640339628894716	-0.5198926590676283	0.35303493646016	1.4064196456148248	1.7403191555863435	0.17730123072297507	0.9005037864383332	0.023823201903633726	1.136753940298775	1.9013039539927885	0.7390439385301375	-0.41246325087346336	-0.6340416273672103	-0.3761458642106092	-0.8757989779964821	0.006331330225762702	0.6326543546072334	-0.6345631076664991	-0.5585736234357341	-0.574176908634107	0.38616089134085085	0.6985015831457644	-0.2626441854108268	-0.34203556513306166	-0.13484663965536267	-0.6411996630941617	0.4901502544035357	-1.072287030949098	-0.018158703478561005	0.04131519505323536	-0.08477507190426774	-0.2431681969392933	-0.3563930921517762	-0.4575029939478367	-0.7037150198847326	-1.7356019620885361	0.836261257292014	0.19289416157170475	0.8562951051233713	0.4384776434920406	0.24109957405041368	-1.3965285112381747	1.8288594704032572	0.37994028154792353	-0.9223681974358475	-0.6167201127040076	0.9709417020437909	-0.45690780213511095	1.1190794930599042	-0.6171561733950504	1.1855630510920778	-0.5724472690332844	0.416065125124988	-0.502959306660155	1.0740894289379501	0.5326736111530795	-1.905307981136574	-0.23986266807784712	0.7351591963883936	-0.28360807860802084	-0.054685339362826754	-1.6986552021685744	0.8157964622079704	-1.650581611809671	1.355385013016086	-0.8203878490866501	-0.5660279998413068	1.7208389379958537	1.2079542109522055	-0.08274613975458622	0.33846386962448716	0.5870776127037608	-0.4346020860275892	1.0496848463651751	0.533893658453702	-1.6374675041681555	0.43952723862778326	-0.3128192583837311	-1.408927779069744	0.25694177705723403	0.19427444969461471	0.3687121069464968	-1.2295244969036974	-0.5198609645464813
DTXSID8026060	-2.410465729607733	-1.6404942950985968	-2.6128054489747123	3.2237633592469543	-2.100665795118342	3.682919596989109	-0.8122803832992541	1.8893835249827013	0.2675528985110887	-2.9234905169546925	-1.3577801549765536	-0.3839304757112331	-2.8991292469504546	-3.4944345336230627	-2.799350681690174	-4.042042872545607	-2.528818864106244	3.8585324866276576	0.4028807614739676	-0.8348791576409211	1.7379307743235868	5.748652009022377	2.9820466949123636	-1.4179831742834925	3.185997501803033	-2.0885528704359326	0.7583061127850141	-1.973138168212507	-2.298036842093631	-0.20500812190851112	1.6004381698794576	2.982652075728843	-2.0223255264933204	0.26258419693647506	0.3293022412896258	0.6196515072172728	1.2720744627293046	-0.5080535554847967	1.6782035426519462	1.1075744649173225	-0.2851468378973438	0.8930975440057992	-0.025273341349223453	-0.5264737230470569	-0.46168048508410825	-1.9825653862909738	-0.6167578449514388	0.05076473056228391	-1.2481722965479436	-0.17493926484493383	0.9068824339435725	-0.9839597881970219	-0.1240600827583121	1.8643554827313658	0.7669817683709079	-0.445317152611679	0.3712625118468735	1.3943177047224875	-3.407813520173922	-0.841360475768851	1.9424054798368915	3.3030456054833657	0.2839376920870071	1.4678909441315229	1.08324632485492	0.23805828866127632	0.27080158383677644	-2.1670817351131757	2.5375175144797297	1.1102072181742861	-2.092172544246644	-2.9750170866524535	-4.954311024240222	4.667439542496942	-2.578596836218289	-2.4422498055164437	1.6826465737988066	3.4550407200065885	1.617790740001656	-0.1281000790698208	-0.591714048027105	0.3274680963657443	-0.6030346516637786	3.4854841018873493	-3.9134826167747265	-3.753729770289598	-0.37464114516370645	-2.4306066754708886	0.14260223527496066	-1.2274294206670617	1.0558003860851826	-1.0267802385260991	-0.1901949735292052	-0.6372832964531892	0.618209611254678	0.03930577724810035	-0.6034791752045368	-1.6169664018212262	0.29720498658502914	0.0468912101131403
DTXSID7041629	7.860588295374657	-6.899511949997847	5.14504358193225	-2.5169352200281008	1.0028305754446802	6.7671846051487	-1.0977180300541045	-1.1026628385783925	-0.3300767366560639	0.3942496883942278	-0.8454199798856106	-2.6600640509677347	2.4159052962473258	-1.9370928410422072	0.3525161492981577	0.4141627012710763	0.1678487893633652	2.9263703410130746	-2.385705234497779	-2.496303126962396	1.2583698416998061	-1.8902289957419707	-0.7252767356639074	-0.004960201238729781	0.29148917635397903	-0.2467124844716758	-2.3297021364887938	1.4428348643734465	0.0021122141411431335	0.8142094034796016	-1.6541423914373696	-0.41183426653794264	-1.5460908151069472	-0.876312206208698	0.5117205393191824	0.3994262182737568	1.0987155850592776	1.941859387674916	-0.8170338384192931	0.05464976633756242	1.3071657796040206	2.0961655026016364	-0.38382331329679126	-0.5048046375338346	-0.6337321916997535	0.2579643410635425	1.2346586928278576	0.45014394405780206	1.063495249483674	2.303515285319969	-0.4303930369164347	-1.143205968922303	0.49874921945647244	1.07155549018952	1.4619218513385304	0.3627463454861568	-0.14466155862147992	0.8207926506585397	0.8477683988004552	-0.05192828729834007	-0.7058849861341451	-0.43046870980441576	0.9040827686469229	0.32648533997778395	0.4088122086091714	-2.124784845094353	0.36201406834529887	-0.4953420878022152	0.1189206203579873	1.646918389504989	1.0220158314025467	0.9643034763236732	0.509034352745397	-0.19662331683985407	-0.042295139344523454	-0.080690469292219	0.7348005005855572	1.076714126733472	-0.3199714676271679	0.6343985693656407	-0.3643454704177609	0.001805544696559786	-0.4186090595136268	0.004047851976130022	0.6485122164860904	-1.985956131560082	0.931781417815631	-0.023405086773010807	1.1228327350721254	0.3995452554478045	0.911129224549189	0.5181341386275402	-1.3921805100396338	-0.9759397049945177	0.02425330194683868	0.5482857749590587	-0.35251384983857814	-0.08878140976227297	0.5021171230659767	0.21857344818112598
DTXSID4025111	-8.669878598811335	4.367891736163886	-1.4275562653676717	-0.253468637963667	1.4893450347023705	0.28347909198918153	0.5943570935762785	-1.0947531439750342	-0.541494940871014	0.06348114775417225	-0.8484360916353194	1.387416765216334	0.5396623835851376	-0.25904638826280846	-0.04807627906863206	-0.3428571727787742	-0.9270690126855525	0.4087819445119009	-0.0987598145941738	0.5939948916769259	-0.5471208192348729	-0.6918630587650958	-0.0031015920357578093	-0.49354595375777016	-1.204584368887173	0.4760537070386366	0.7473635876668356	-0.47620322176270613	0.12212650173687124	-0.6147716725842013	0.5646319162770375	0.14715719118976908	-0.5698980664648324	0.3278492319744543	0.5747727279761471	0.39171911900142775	0.10953850815836086	-0.07677961525229289	-0.06803938138828206	-0.5284949928438433	0.13302284377546575	0.2773600924981575	0.2931007478469711	-0.2693545396754526	0.5538361564122298	-0.2890142616679657	0.017204994637892632	0.8703611062289027	0.23161273894573342	-0.6304358594303797	-0.14525962882412372	0.19069300060974756	-0.184649468310496	-0.8401035825576411	-0.13511393253597662	-0.6749996532099394	0.027836569978256086	-0.8132131872229277	-1.162256115609407	-0.2579243666649376	-0.5567172055106485	-0.48708005393512166	-0.7836024929534061	0.25212328112548504	0.06928853724105724	-0.21335616557363016	-0.45002572153612846	0.42133748068119886	0.06050140435753142	0.6359789192534622	-0.205085230835678	-0.25663586691681806	0.3527703065959963	0.5254201408775093	-0.15180209718734358	-0.027229023836401852	-0.09752436824471042	0.5618238321658239	-0.6007781553863148	-0.4390710201357177	-0.4664630843496203	-0.10101390172121892	0.7284335080340917	0.1988902567285853	0.0724716661183607	-0.1446339974315051	0.10636712798688004	0.3407417572385179	-0.4213936733713088	0.09921317824561102	0.025593281267040975	0.1956390806287867	-0.3447118891311185	-0.44647527745313953	-0.19026216222351547	0.23267981420037404	0.1064253443920358	0.022982737552956996	-0.10135613607164744	-0.021471414217307857
DTXSID8040436	6.849764571311077	-2.74162152893284	-4.330717039631217	2.202997465555591	-4.174095908252228	-3.9179091447622407	3.254718389060784	5.438620763294894	2.458474275865199	-2.5815296569646513	-2.090595053315008	0.18910977021645495	3.0088915377309156	-3.2418194408500343	-6.4583533589615705	5.610432572461116	-3.419526150639783	-1.3949527403843012	5.808517160974165	2.637413437814729	-3.19164279743791	1.7834486466624897	0.8844808475603064	-3.2055792059022226	1.338601602507661	0.6244537807129107	-1.7681580029578587	-5.055357929781606	-0.35260575839741504	-0.4810721813896474	-2.728354737874251	1.0042145413736316	1.1730058841775488	3.872839967353077	0.4876050091601098	-3.9783270550839447	-3.517470885784366	5.716013795824004	0.05702526046555206	-3.6684766121221286	-6.974197941841969	2.381085748627408	7.2458730902264	6.28344581795536	-2.709290736342264	-5.600795477167127	-3.374700824358569	-1.2510396582986563	0.2138572348696684	-1.367650889986171	-1.7863978062516461	0.6672367952073074	1.3426056009841356	-1.4166057728737291	-2.581311795291112	-1.789721973126462	-1.2980954754336054	-2.263253621887769	3.234440918916662	2.370870651889465	-2.993757869462158	1.0068037159145806	0.08753752500444074	-0.5565870707031543	1.3144956659259588	2.7332055198039047	0.43125827924624255	-0.11412845370675173	0.5283856084659959	0.07271303242630821	0.27857096070114185	1.5647816009347544	-0.9980017832632652	-3.4828151786798363	-2.004964859801995	-0.9741208894079343	-2.1457777089583896	1.271653147703619	2.129500205029448	-0.09863112633386452	0.056071526613522035	1.2008658481483068	-0.959411136485547	0.24480388725529975	-3.8803990531787473	1.031221219106592	-1.350339559645329	0.8406902372763481	-1.473306159414062	-0.7262158480238888	0.4239410441500867	-0.372521711995844	0.3080114374180923	-0.5800920557626189	1.5553379363063902	0.44845869293280693	1.0970629865851758	0.9220307893416209	0.25705640269470287	-1.5493902320584725
DTXSID1046132	3.6695647976734915	-2.9029431584254675	-6.884063847782349	6.084874717834542	1.2100321888173613	-3.4397073404695515	-4.306820185949544	2.695397547020646	0.9803919645802526	-2.231754313639067	1.630608736307291	-1.2354279168589526	2.1564417166186423	-2.9129776659266304	-1.7377132095791141	2.620300855687873	-2.9102788750452007	-0.7063865926441151	1.6557636399085471	2.7554498337149007	-2.249039657969506	1.2573581863943473	-2.339656964089546	-1.9781228347826942	4.7729862646840155	-0.45551646400965196	3.370045088314034	-0.38334693090341315	1.0934885013855025	-0.7596188087605223	-0.0026410784005317617	1.0088004977956906	-1.398705601853342	-3.27515330706533	0.7700697137664645	2.632955316655163	-0.42927070207136264	1.7009266579074833	0.47335838989079315	-1.3267228744196427	0.6352140363716572	-0.6591014692820644	-1.6172187755713632	3.4195710658115654	-0.6489764043225731	0.22155130653133612	0.7153908284615141	2.435543026692608	2.5967106084777734	0.6221918746569497	1.4763256966477223	1.4245306610339852	-1.0729433204710213	-0.5772983054187518	-1.509143149176814	2.9712325309637673	2.1787367667180515	-1.2809509838548696	-3.365083464822491	-1.1671481531601031	-1.174952901365225	0.9563598076638187	-1.6842579950519636	0.48331468820625595	2.0052448521397	-1.2716166121284094	0.24750761472180896	-0.3750453772087134	-0.8152871469257018	2.805662769756052	1.1109319071118675	0.4781580329590678	-0.4260076574483284	0.1939114036970746	-2.9241283570035055	-1.5748687673159008	2.685401730865201	-5.849454435284779	1.0880777789059215	2.158116792471181	-1.865200494800877	-3.020143900298894	-1.9302810008860978	-2.8907230515737563	0.3272241630684262	1.273311445610874	-2.8914736223820663	-1.057260017584682	-1.296049719846037	0.31565481886001745	1.2965076507932276	-0.6831669705395886	-1.8533154956628137	2.1279909005762607	-0.5522191793554754	0.9171644948431124	-0.7776233804885518	-0.714441594762602	-0.7584780631111009	0.9474305148148535
DTXSID6022218	-6.327390301359214	2.3715880035672807	-2.9311110111028063	1.1436967514628027	0.2450048713902926	0.3118098120911549	0.8520317133700512	-2.0480480067678184	0.877509710907096	-0.2612986968657676	1.709987716942887	1.01468467184809	1.1394070374270695	0.9403224070919166	-0.14238415857319853	-0.679675535188122	-0.782610698045658	0.8751241518226534	0.3690094952416775	1.0070482132968688	-0.6943469326517897	0.6879530359070051	0.07820073918268092	0.06615647796842229	-0.01607397273727355	0.20595099635564498	0.43767916673636076	-0.019288379929427748	0.2956678728603739	-0.4526135035982823	0.21481873603173268	0.3581260063140451	0.09435795078734449	0.5473515752418472	0.18530107963361855	-0.36016652524160003	0.6340448118373636	-0.09508767826556142	0.3146430015843195	-0.7976427659149548	0.21454615774004168	-0.3517611798583459	-0.09338176165625012	-0.13636583053220372	0.7536504347602931	-0.25898344062368167	0.16591877375589256	0.4219497971358829	0.10577657674796506	0.33474118313762374	-0.12045317892076192	0.46928563120055167	-0.02868788286909226	-1.0179266152146986	-0.49226197027399893	-0.23039349190069694	-0.7709959018527214	-0.5376887623909117	-0.6721123607357927	0.3875823816628888	-0.07836000799042621	0.11715479920206545	-0.5034841958542068	-0.04975259510281871	-0.7099023785582849	-0.5744990785914238	-0.5649644292525251	-0.025282670043790416	0.2661044236019549	0.574050928403338	-0.9279286265267839	0.004941472393188384	0.6635946120391087	0.12366660462401584	-0.3724096693400907	-0.28157701481324493	0.1339934371360134	0.1471239944356874	-0.20248662265141645	-0.3120055068465145	0.07579510774314892	0.6089156145281126	0.27169446654879265	0.024441253504159613	-0.23140031926750868	-0.15807594227786873	0.2676431045287282	-0.2254240431645376	-0.06635010571851883	0.13642495698967627	-0.08498528135911414	0.3714780763197842	-0.38676731995053104	-0.13824469536664435	-0.13891383513940764	0.13778370167627366	0.37894436670835735	0.05816022232363064	-0.026908587981614662	0.43784793969929753
DTXSID0047799	5.187414866792775	4.711544463821031	-2.631139364781021	-2.296503393530643	12.014102758844063	-0.3680850768892022	0.5297300086385863	-1.3193140668182692	0.2547015174721607	-1.5267868363837274	-4.31771463282233	3.439045937766021	-2.682849835992107	-1.4113792019730615	-0.9210253837020426	4.427135644611658	4.210913934855569	2.144911984554662	-0.4378436504844634	-1.770678862970359	0.7709510761314713	2.0876418375734254	-0.20842207254760473	0.2822900175071602	1.368566220911031	-0.39455861922342006	-4.136950778063903	0.6490333643277945	-1.321311782216466	1.2042534317889464	0.6394220665529017	-2.706036579533278	1.544460800209284	-1.622598987630528	0.7173915153327296	1.555797922345409	-0.8172761988342494	-0.15094009609661513	-0.1277644095984693	-0.06886397398426287	0.6435861006979171	-1.1803841848466379	-1.5154551993275294	1.2214753424351967	-1.0696642662525877	-0.7277348881815414	0.086942307009712	0.5027125259108766	1.1714913025101228	-1.104475380907839	-0.36798090280740064	-0.0668532055176644	-0.40600650668922356	0.6395002762402334	-0.8838330300761802	-0.2001871431829684	-1.5601776471503093	0.4190808101074534	0.7693631692213259	0.9317809962744807	0.0060963197069635175	0.28679945675367535	1.0928105039957368	-1.1226358623810344	1.6181103616740264	-0.3115232747651634	0.4640779078464323	0.24080180895554187	-0.21740366982321677	-0.5496880463332317	0.3096397809640238	-1.0254536267711902	0.3134773998712057	-0.33784141877262686	-1.2146572989691813	0.4376708174010711	0.871700201434617	-0.4219693809823101	-0.5939595358293314	-0.2100704386402205	-0.7216675214163999	-0.22793403683312358	-0.9478393886008031	-0.046285303199548496	-0.08812412074664669	-0.4392287523629852	-0.3254229042767914	-0.39059371045290775	0.578819522059452	0.4097851849897647	-0.12214856949268739	-0.06712692442352135	0.6717167927346482	0.0296974777813673	0.7622605579464742	0.268132222055151	-0.31290223786430527	0.3473533946812611	0.15863499514860938	0.344692563941557
DTXSID4046151	1.9196366487107097	-4.471538522815091	2.86188756206694	-1.4459921879758897	-0.3348379321549629	-1.8170313113885628	1.068847083187697	0.19819448425064035	0.2092112162309496	-3.46155473925685	-1.7500555242906841	-2.551652132891453	2.1005499476867464	3.739797513422919	-0.8458417021006367	-0.5993145838494954	-0.14552071698629485	0.29495351656954993	2.6876762725661254	0.3357853828773291	0.9578390998669076	-0.2175030087907369	0.42020676147495195	-1.4390556934525702	-0.37703445367072347	0.07723024859418977	-0.2078732581251899	0.6740336781070143	-0.41071590258932755	-0.4090775386195237	0.4017475998812096	-0.16552472286385406	-0.9356870062571152	0.09450359761717297	-0.8182077220902524	1.4488475107588241	0.4253654392686862	1.9152661501266985	-1.1667459533623972	-0.28463309827374067	0.3598028659768399	0.5922689480870187	-0.6512367595493128	-1.165501187756814	-0.4758094307434591	0.5210466850528442	0.3316052718527649	-0.5266111965703257	-0.6650065198973529	0.30610698011727916	-1.0567050862594152	-0.5572246008760084	0.3458058120157918	-1.1432397353204082	0.12966242857854002	0.4228944181611994	0.026978810279169284	-0.59029078829645	0.014046051973096897	0.35468747725573363	0.07898318065532124	-1.3017744031896827	0.7128259241344302	0.21902660370178778	-0.8847946742878194	0.7961306416217614	-0.08349523678950523	0.1250575991923344	-0.20631832538151001	-0.3072487023822197	-1.375096105160346	-0.48552214882024625	-1.1383194064208635	0.09591376570892349	-0.21400847464494144	0.18072827991864276	0.033806367955545626	-0.24112304961331854	0.6068537343313302	0.7970592927329178	0.24445154393849705	0.7644829944721031	0.3451405095306191	-0.3370832621404238	0.8237369120162347	-0.02727117294916721	0.5770738920779483	-0.5138536218196108	1.495161644003816	1.0032974612305774	0.2299370709423692	0.3614657433461528	-0.07016313412294546	0.01204797714118836	-0.10121993881648501	0.24962281036230954	0.057431736402222204	-0.5156111624429757	0.2045918039604924	1.1141249908879272
DTXSID90285748	-5.359406762778058	-0.2015607135270821	-5.144452000031406	2.681136771702473	-2.606990490926656	-0.15218280675898604	-3.1819887599846908	-4.165705443695438	-0.4925673926968789	-1.7308724612613182	-2.9518868746045976	6.029872696076288	0.45224680086218444	-1.186671130231304	0.059444282862605335	-1.2422842948381558	-0.8800836122375695	-2.1914360326846367	-1.0359650633487165	1.5251694390085955	-1.5574498506239243	-1.3339982908831214	-1.6591736488264257	-0.09658835861494385	-0.6255288352690644	2.0396563707518474	2.2407546374875893	1.5672874912615387	-1.9639121579659113	-1.3772395853355477	0.5022803389470065	0.2179450783315827	-1.2974244535277977	1.5591087388816138	-0.3910834041671362	0.3287756787866727	1.7370282245724753	0.49509002313009176	-0.633785426551127	2.31832656095491	-0.8445389088944596	1.8749920640495035	-0.25562265004400814	-0.48428635007059917	0.2553300938791911	0.029400211075786442	-0.33264469683707404	0.15032067356329368	-0.7452696805853594	-1.5491421461985668	-2.2184965318343712	0.28351816208058767	0.8817800882772887	-0.11595619496750374	-0.025679269641281297	-0.5822845045783498	0.11906021701548565	1.0199263285239542	-1.408394452245194	-0.017732614494067895	0.28099531165325486	1.0367939912793953	0.943797197439697	0.09438611959625672	-0.1639317061634082	0.5967537993860089	-1.0444747107631638	1.1152529281114596	0.09657863943070912	0.04939683780781287	-0.6276082122831036	-0.7357852331401086	-0.2184329854783636	-0.9397750178668641	-0.11875427747169316	-0.24471826720246706	0.2641191816521586	0.03405787433165892	0.32618558003244297	-0.21133992260059387	0.7091022436786352	0.17592614192219386	0.30570668958259034	-0.9616222877477744	1.2328438436191664	-0.9343465275392543	-0.7835833106707822	0.7778757670611791	0.311589961075857	-0.5129037635027318	-0.17612665603607505	1.2028713037151229	0.25722788811453645	0.24402139886461358	-0.8450443808469994	0.46386875067866257	-0.5420713055201516	-0.34100735553583794	0.5160469205808773	-0.37289966115330875
DTXSID4046571	-4.5355587635095	0.41302751267915755	-0.7754884528472179	0.8087412831429052	-0.8502255072629732	-0.028901152978637674	-0.22897937704344154	-1.0986372208632733	1.1391944178663906	-0.5945221567326282	-0.8906890110863429	0.478055023927646	-0.5073050010523359	-1.2370025646704639	-0.48166093654495146	-1.2753712102414492	-1.9502703242846502	0.40222126445451756	0.04637468278190611	0.13467517559917033	-0.6047611047199145	0.4203170293713999	0.16233817844320098	-0.6617811669720465	-0.05371570572002624	-0.06849325731672341	-0.20585060203038122	-0.374218811520048	0.5237866765485785	0.02886153186508229	0.6841767030698502	-0.07055992410534907	0.21538238474460603	-0.01654481211754697	0.25352437357148966	-0.04175787210431569	0.7694737399441287	1.3572578465748455	-0.7815260862783832	0.24756879512690788	0.29620762522835403	-0.0850549597615397	-0.4305036815534601	0.15898304612798936	0.3868592075403379	0.2834059617976414	-0.14008381266030673	-0.5855347995325475	0.7612024807113924	-0.12711421297922143	-0.7408462392644553	-0.8164404885850961	0.993915996141321	-0.18771818804581494	0.4850003584938428	-0.0308424804736963	0.11330457974911402	1.1078331590098802	-0.7771564265246077	0.14088218057027593	0.08818218840548496	0.8773142111509544	-0.13877713572612727	0.3300597816378301	-0.585262925381289	-0.9107358574318499	1.034674639019888	0.8556330829061682	0.3921836027344192	0.8098130007168326	-0.421471611491105	-0.18557401705001345	0.11377442652185218	0.26219977871149086	-0.8084288229791642	1.1114081514418275	0.8990704262525767	-0.45229474301626466	0.8960962186112814	0.5778138400918328	0.47660664655854723	-0.264578073891817	-0.7069300606181789	-0.30606465165885244	0.27179586052889676	-0.12807296679686977	0.4658385087237297	0.7978512846552984	-0.7654018487506477	0.8175522774565106	-0.4350766832598396	-0.39604477718860986	0.025151604440306858	0.44994205158437983	0.6739003854076885	0.04476821442836801	-0.8543603392728322	0.9883192536232908	-0.9191319582680086	0.6405755030557033
DTXSID9044667	-4.082967240008204	2.8654086644828602	-2.1320356943628926	0.17403772749598928	3.6700755548323154	1.0292499509814022	0.6769250865850306	2.0568196620338464	-1.6539662395192996	-1.1869121485404015	-0.4609773951167165	0.7809294091062581	-0.1946793118229403	-1.5517811692348393	0.23865477662919246	-0.3771098425248697	-0.9823159208041777	1.0279131230930174	-0.8872570570614773	0.14828299984332977	-0.9096612300891328	-1.76722559292668	-0.49181362811798973	-0.07211023534689119	-1.7244800119680705	1.4548225379230397	1.336005843987212	-0.20659023951808936	0.1715457688115027	-0.5520496415767012	0.12143657226882251	0.5004441046982413	-0.722571688263728	1.3075741856814986	1.1904927385635957	0.00994941072630826	0.1566853928463989	-0.6269819926842399	0.2880378100806338	-0.6793067009997183	0.3432172217409758	0.11487149647305772	0.013977912968046761	-0.6863433704002821	1.2740474911822104	-0.04736025451391842	0.10651484609206392	0.2935182511790675	-0.40974105485493595	0.2820863140077911	0.013931334333941819	0.4904727388229288	-0.6492118113888824	-0.9826533890345749	-0.34200374901295716	-0.6895516575576809	-0.6421452624831674	-1.3038680121957227	-1.1075861020926703	-0.7086362024686592	-1.459030497013085	-0.25406244961986213	-1.1639969327594635	0.29141766570557986	0.891156940243454	-0.6492629316241949	0.9826722437849654	-0.1989967849734675	0.9100605359871977	1.0931972705496784	-0.5106492760729455	-0.2590602699855545	0.21524604176959058	0.20115547244035256	0.6543699456812252	-0.08145680962093348	-0.3723548021652866	-0.5128494294239034	-0.30032769239095136	0.1102388697175244	0.4998136390378273	0.8578566473991471	-0.020227126005166123	0.4173408808265964	0.23636924223847575	-0.5269256470760619	-0.003844985906803017	0.5299711718460671	-0.7383444834767423	-0.7511857304242404	0.1377563023378744	-0.14866997390981201	0.5180000597215216	1.0923099945656571	-1.3303063226560012	-0.4418134116150609	0.6580891894788896	-0.7817368826170266	0.01593564628465214	1.419593189240002
DTXSID0049317	-0.02227960265479349	4.6192933403275775	-1.8585541894902315	-5.456900417814045	10.235258686285542	0.6456816456408322	-0.48894663428110813	-2.8333921875669046	-1.2572477379396712	-0.09701684817204703	-4.838787934344253	2.2069953912882925	-2.752874806767514	-1.580831222512189	0.22502526027756847	2.7006908765174886	2.3200108313810577	1.8007778619578003	0.04984511914670366	0.24148606985245055	1.4707295815248698	-0.23040973156582067	-0.9855694170792452	-0.8954070103833731	1.5208365138180469	-0.4321787986238757	-2.3690404152707596	1.294966585830722	-0.7184706972751363	0.47360675706479544	0.1052078473776412	-1.713158192320902	1.029972737986925	-1.331384715926281	0.38383842758053127	1.2859627230844237	-0.4847812682117785	-0.689192714835796	-0.10664771846088603	0.9034063995710035	-0.00800261817802246	0.13376581665863554	-0.7360424081759397	1.2782537702395835	-1.2412879786210393	-1.387773340887665	1.3032505826766365	-0.2236428602823787	0.11873158045203812	-1.0313487444692377	0.4277290672132695	0.32828589301706934	0.1909755203440822	1.0768822361833537	0.5859585559413639	0.42258410662942447	-0.4122986608050583	0.025195614091664306	-0.27547544345155217	0.40983915804825966	0.16750382395134364	0.5884074792449312	0.14828580051438833	-0.20206116600457513	0.958827123794958	-1.6271940256562758	-1.4989828210005092	0.7043493834007124	-0.4634653851126219	-1.3598731424745436	0.42663832416002645	0.4116439894379376	-0.41367480958135383	-0.4614404348126494	-0.9794691298598923	-0.13342912159389936	-0.34127351582589166	0.517328646486292	-0.36921192427855093	-0.14067239132454332	-0.23238263089879874	0.23907325298200674	-0.6005665838984625	-0.029673386582558876	0.40833692715344916	-0.21126666722479226	-0.10876068332001433	-0.24772612941820568	0.6278127959055024	0.24556277720591954	-0.4314766254618985	-0.6750994526205777	-1.074466382201447	-0.6074462148284683	0.44616902513941714	-0.07988314583233029	-0.37734969172966	0.23569987487616975	0.17017380352151115	-0.5150232367471064
DTXSID6049301	-4.81470163508156	3.8126753047934363	-2.2808548595101965	-2.860347041888822	4.963062987610073	-0.009609500450903034	-0.29661433781165353	-1.8889370365528941	-1.1980564897594332	0.3153057485613205	-2.77120043321836	1.439736727052252	-0.8211088388493308	-0.6849674839030695	0.243907269485191	0.7490702145559673	0.8897399514417559	0.6448299747470209	0.2509913649437344	0.3094264095713638	0.5028770591542054	-0.25685438792633647	-0.5765513246913868	-0.4436961858574174	0.4843029872677797	0.005256261874878436	-1.0183876743069926	0.3655373850839128	-0.5585213122138059	0.15262019860518705	0.41394248174364034	-0.7669353360375719	0.2985014413654559	-0.6872760681169946	0.21794492041445765	0.6396685892616898	-0.044867358715769926	-0.23698711500175174	0.004471931337388611	0.4027567204034838	0.019942235748701735	0.06607769952013731	-0.28137959231403054	0.6043937967210115	-0.36891177208247616	-0.8894494376371018	0.512241437663468	-0.13265227446230343	0.13667477586079713	-0.7049924735011139	0.20246957292472217	-0.1480007335285594	0.19378071750744907	0.4561058557463548	0.44617297961854696	0.21305006560904646	-0.20102036445847138	-0.2762545802205811	-0.24296088615105488	0.2300292720919566	-0.1731148561977642	0.33587802456949967	0.025680635420117132	0.03397402084948326	0.8648040216994525	-1.0224362549119124	-1.0877879341873171	0.4314704779888782	0.20374362420832684	-0.7137755075765425	0.05446658003724704	0.12044628297015861	-0.21150496409557798	-0.34707259585359085	-0.6493327734668987	-0.07320467519798084	-0.4997851636666988	0.17275087711549947	-0.2427435203333151	-0.23160583093126466	-0.1405825586975337	-0.024930187327567625	0.09765340162733475	-0.07408111899300171	0.14250639427336817	-0.2076970144701263	-0.3353431693071952	0.21459966763403734	0.13240270849203126	0.10374244544624031	-0.13532367419554733	-0.1507966634391437	-1.0508455071333433	-0.3890099208206221	-0.01759157721509022	-0.0023924393267570863	-0.6187347619878409	-0.022696706908604026	0.1438713995729233	-0.42644350825587585
DTXSID4040719	-1.8430647509477518	1.41660047910237	-1.1946037940882808	1.893406114637376	-1.6020299894878733	2.977285051898318	0.10748742221376884	-0.7473798088169016	0.5397595860072468	-1.4403494687397478	0.655167017437435	0.12893525788690957	1.8109185045240312	0.13514367997578475	-0.565050839555997	-0.6436804477150412	-0.6227060589024769	2.381449489040149	-1.6700699190735724	-1.1794250746279944	-0.48932492136194017	-0.9719899801955589	-1.1967938462946706	0.1441730865660796	-0.19301483600000763	-0.16247286868530386	1.6798205416680496	0.6173728566591412	0.3603568687618937	-1.02368138494015	0.3716250285327743	-0.2510173961262927	-0.08554005073008794	0.18058587754942407	-0.6308730402357797	-0.1330674393844204	-0.018388226116359797	0.44085165829970974	-1.3104067956493557	1.796450843238289	0.20396064625081783	-0.23295062544525738	-0.7439978453509254	0.8391146539566429	0.34128027398042127	0.14654647924954062	0.3521686908694212	-1.6308648539187862	-0.3101512395153385	-0.5893994065862806	-0.9204139351181121	0.7264869007813289	-0.727536794616063	1.0327621983747415	-1.0830570706431362	-0.37396249766656	0.14899564532303736	-0.1445814059971916	-0.1635075337853796	-0.14454426540606358	0.24395036233961204	0.7279458585486813	1.3199502994365808	-0.3914889462576609	0.07784608660421932	-0.15788136207915687	0.08403391020133633	0.004028078820707807	0.9407713090085343	-0.7110278549445753	0.8904727246286842	0.3150504379797793	-0.5466584147882851	-0.7647455109230875	1.2735613833656048	0.4527048059627444	0.1714699786756827	-0.34374226458503393	0.025267688056627116	-0.11461680438145114	0.26334555211978045	-0.1779224371353202	-0.22348894289654525	-0.13185650168356672	0.16944686738220693	-0.387252275171113	-0.3603688155813898	-0.35323863180128406	0.6707536243172865	-0.1187927288530618	0.030493656876708932	-0.028571116843245127	-0.21303158343792894	-0.2513388608585667	0.12478929522277547	0.6429795705948712	0.15368807321774886	0.44561255925649296	0.10368602776757924	-0.28222864471882053
DTXSID8024311	-7.236820350162692	0.24519182852538426	-5.394849924923859	5.180813438752155	1.9090922347042047	-0.45753474985624404	-1.9740611203711131	-1.2037440248592557	-0.02402322280594589	-3.1055539836296235	-0.23030296103300657	-0.8287161320520458	2.8686349200508996	3.0907678594444628	0.9717087910134303	-0.5152987441309064	-1.395762941212839	-2.5582753960001874	4.200191356866356	2.2305911114894093	-0.4605805589160928	0.847922522710056	0.11162146630847528	-0.6078962274090864	0.5317272897838977	-0.8208708276237693	1.2825242961127126	-0.0697849015689216	0.6067142719507786	-1.4753607741263433	1.8384418974540324	0.2958088223316173	-1.7585669624776061	-0.49108956779152513	-0.10326095430590979	1.699769573556871	0.1049897699671686	1.0869043307152728	-0.4700124175139708	-0.8988546702562887	0.7379893398494869	1.0644614249113535	-0.32126666100944046	0.505994685546505	0.9031939435340645	-0.7455393778240811	0.45580943010059527	-0.6114417074804075	-0.08269491906043935	0.26031431930181714	-1.2077552480754576	-0.34203837747601923	-0.024559948536239627	0.013400137468790633	-0.543670087052403	1.2021313655030486	0.9414809322308382	-1.07859774500982	-1.9160755236611027	-0.06985805542124618	0.80839983002303	-0.39853886614315276	-0.3389876610384186	-0.11029917971979972	0.7229421381530179	-0.2952809209683797	-0.6918443321068896	-0.038298785041297835	-0.3471182638880929	0.729619590828422	0.15850177994918535	-0.6049399878267122	0.0865927144325589	-0.5629440128307593	-0.08926658784424006	-0.5880743422562794	1.8007283792683455	-1.4018171050709614	-0.7113585467296552	0.47246100661301693	-1.0680840822950575	-0.5281303414224505	0.4481140108539878	-0.8985423504765868	0.17118732916200521	-0.2151347858907276	-1.3868865705471343	-0.2958869156181305	-0.27432390599363116	0.4647489313958573	0.745528573983703	0.4155285295789144	0.33339601060778956	0.23968891495478087	0.21095729444630487	1.2952727178587866	0.07412130522627451	-0.43038859443508487	1.1046139625841431	0.45372056989964327
DTXSID0037576	-3.0146696072452013	-1.7086439831559794	-3.5590465326678418	0.5180130883931927	-2.39246451500171	3.530373444460035	0.9971505209977335	-0.8864063781929999	-2.0329849200856915	-0.91038094837819	-0.29345660040386634	-0.9964292295217116	0.800889174201187	-0.3562251647829049	0.13626497151851283	-0.15344559407458555	2.628946023252301	-0.33809099832683165	1.4904037455358086	-1.5184672307279483	1.7899340999299653	1.2115485099166876	1.1357244150528842	2.1114282993808033	-0.7509576751967418	-0.583892778216871	1.1949057523454176	0.21046407647326484	3.90475134041107	1.7745740079135262	-2.2697748335197385	1.0022996187862414	-0.4616365492194369	0.7830350673763141	-2.465249522904652	0.7651876492521325	-0.22075179689340424	1.2411708214940484	0.47028935928344806	0.49070687132518714	-0.770590552958244	-1.170004863146837	-0.4537974993487105	-2.066133536668626	-1.770657920386781	-0.23612750370403504	-1.288830638437671	-1.598826486507816	-1.1086292556044093	1.8366996228654606	1.1854746903514006	1.4412151973932914	-1.1654410869497407	-2.652090679615152	-0.19481726927352322	-1.6365561325493199	-0.6001483932462235	0.9594311438256086	0.975791553189237	-1.636474516465682	-1.2675882544208268	1.5176010469217347	-0.6145844941286852	-1.359863629269041	1.3285862364765608	-0.7653139964351324	-0.7883881178444586	0.36942685460269975	-0.8771727003659101	-0.01990739112680995	0.8164470370072835	-0.6452646095247514	0.1074062487108724	0.26909766296964227	-0.20496011589844926	0.35745198847666165	0.4028067271402029	-0.35311312553380625	-0.17776657797232295	-0.23303005169121047	-0.8817715720645131	-0.3232474846333548	0.7093187576432334	-0.27355230514141815	0.007119300759428663	0.1131634638799647	-0.33380915013569296	0.049322400984182654	0.3457700869458529	0.07649297909718479	-0.35591334125633495	0.2788464801880182	0.29385435118051156	0.13600490473545082	-0.11629661084998501	-0.04830118612562843	0.06788757435675918	0.25457110289873314	0.05153436539533918	0.1248502020594836
DTXSID4044402	-3.9127021751613897	2.8666565712821996	-3.6582121135050003	2.7161627221122715	0.21002941760203395	0.3622530843673567	0.1971720598917263	-2.8348392015883306	1.1330098613054658	-0.47683180893827803	1.399724857207226	1.2034065465912005	2.228382439354687	1.0284942861756179	-0.868940658048883	-0.1669026103644383	-0.2309902428915681	1.5714967681653316	-1.2099479677376035	0.23087132962964363	-1.1612118092000694	-0.08769489165377557	-0.6481878865305637	-0.4280815716452508	0.45238357919662137	-0.4076359731533676	0.814412810635007	0.34272830909387836	0.41910283708915735	-1.2889139837836323	0.2747361112259714	0.11371652391324298	-0.2039630376631238	0.7197834993584212	0.3815560621177689	-0.6381883116068812	1.1080235159322442	-0.6668881865185865	-0.5424270516166159	1.0814964434771253	0.6070154553435778	0.6045752638935142	-0.05147741683424301	-0.3262664684357053	0.43523991392404493	-0.48950225743054376	-0.0809160085898411	-0.29566245745657355	-1.4186975830417523	-0.6791114042869589	-0.9842256910150273	1.369659093304095	0.636548947490391	-0.9939427561854927	-0.9134321420705747	-0.3373444125328379	-0.15389729981903916	-0.3991225201651128	-1.959361979803185	0.6695950709627351	-0.4797204101054967	1.02160190201602	0.4058852976849627	-0.6049243046790892	-0.3953802118440865	-0.8634787611130009	-0.7014503496088903	0.7630459367894585	1.1872783573494172	0.05573276736761958	-0.11570682162317684	0.24420884302427537	0.4525917132253069	-0.4750751357174781	0.3357755111326971	0.07381485199745547	-0.22685862866789042	0.5407571915154139	0.06117124672103318	-0.5900557871295525	1.0812743419567603	0.28958385178658913	0.3311179271402007	-0.012209285257695527	-0.26180469716999655	0.3209535813694734	-0.6525271185192675	-0.1312929320171092	-0.4225126945976447	-0.3610267379349854	-0.2880839767811654	0.38306063669905266	-0.6150931873319735	-0.19649955657585427	-0.286576693699659	-0.16780304993922962	1.0207378783238097	0.41713076967291335	-0.06352076464593746	-0.3768751508896061
DTXSID0022692	3.5363608306426	-2.3289980518361286	0.5626279034390365	-5.217309367062639	-3.805217550942977	-3.6662296547392614	2.9616324070107303	3.4946201979505935	-0.12509432295771997	-0.3798101532516792	-1.1204378827873966	-1.3490903807479857	1.1093920652396094	0.4119022919451457	-0.9803398000213359	-0.38848833821376694	-0.5616838803583596	-0.19486775847315913	-0.019761149191893607	1.028508068995526	1.3054809593689238	-0.2966004939076199	-1.086765387195418	0.7587149713163043	2.074522681056336	1.1134830622395102	-0.048439605940016534	-2.094136400773532	0.39861806101591524	-1.3673046703737157	0.3824811994719565	-0.06409130047294732	0.33558569701360713	-0.41796818276260533	-0.42389613344814675	-0.11568242353593979	-0.005574402172497009	0.3737521640149682	-1.8431552497780381	-0.3384095375351074	-0.7953594212617953	0.5717976211434258	0.7180397155180032	-0.22113388399880102	-0.8316643710263695	1.422919675012199	0.8846377076427676	-0.2942778559287365	-1.759464741362325	-1.0332525747464762	0.4295846180254469	-0.4404364500640178	0.6844486560743179	-0.5736142207262508	0.17518742786133526	1.2044461473387746	-0.22789294296608498	-1.6480875614661767	1.9317990115498167	0.6264760157236688	0.47395539814580423	-0.8497233446935626	-0.5290426860627999	-0.6119735588354703	0.3129862593846154	-1.1973448213282898	-0.6193184441294133	-1.0563245872648703	0.7624885767633175	-1.0129407189125383	0.5287479504908135	0.48791110060369813	-1.0213245275791885	0.8514810010638291	-0.8766168455448021	0.654850884237825	0.0510195888628726	-0.23746783881728678	-0.16342393923577742	-2.4249761298202115	0.47634501020626097	-0.5592693954032216	-0.6448233374522608	1.1040675301702043	1.3560683411203782	0.8795079905966162	1.1854563165343834	0.7305628329350655	0.49573669608580967	0.13937058431496463	0.02194138368183679	-0.9939064254257343	-1.4170329877895873	0.3116932296429932	-1.1690089008620648	0.26473983519220445	0.6342806831392267	0.4807720260520612	-0.4683391010406444	-1.7679008450816025
DTXSID3048607	2.8067507447522857	-2.913474008618222	-1.0032159616848688	-6.217814013809763	-4.586992352547629	-4.458250522654994	2.520798908737149	2.2796838270110333	-1.1784110290728547	1.0854032720914706	-1.7730288109030348	-1.2241799521390824	1.4774576648395337	1.8232487677693545	1.6365603498149015	1.432422673244787	-3.431949090778101	-0.7782586618065821	-0.6265906594922575	-2.855577658209424	0.8902685850419512	1.6520683030173846	-1.828413976003883	-1.5504289744840187	2.5526358307381973	1.9144652351437688	-4.350964962027239	0.6340492689697701	2.9287499068597906	2.1310592633787135	-0.9442966674637522	1.520769879228068	-1.1690907025891752	5.001066548473369	1.9683705145078094	-2.169251510523691	-2.7697412514908866	3.8523899138850664	2.035686857453325	-4.669452140071215	-5.772470142667741	5.056591222236913	6.806964018876377	6.994763731781542	-1.2188122361077451	-6.598098142614728	0.5245605655540263	-4.847041745435179	-0.13359375813144697	0.03831931340659938	-0.4551516099763331	1.1467866948314909	0.34828154719877336	-0.18629270602072057	-5.664100546846481	-0.8681868689119308	0.532116031139534	0.17347222321011338	1.653931822682311	4.955054782551217	-1.905154296381055	0.07151226776822343	-0.6284626978667738	-1.989296013290918	0.26170980808325217	2.9081051288029394	0.1793728667039817	0.13299448985533716	-1.9236436061906403	-1.4965319730509958	-0.7361182869083198	-0.3348133294092504	-1.9097388443172805	-0.3789835219900848	-1.3148365691981936	-0.614614328229516	-0.31227922622213716	0.7681674207643054	1.8304577616791575	0.7899462424320376	1.347668250057043	0.9096570164134298	-0.49045763928329267	-1.0264608297664255	-0.8253255525023998	0.8225808350925962	0.1209757433958732	0.09276867546600012	-0.8228857278500804	-0.7204950776775271	0.6761560510773561	0.7021641199898868	0.7551452950018497	-0.8177079653747834	0.7760240953706719	-0.8392308350199832	1.1781856576427383	-0.7095117837792014	-0.7119324859054827	-0.3660606833576363
DTXSID9020875	19.564889600843276	-14.690765038507728	-85.40296936618212	-13.218614916375211	185.7124181276356	3.4971309872497334	-40.26590295883777	30.892698589285157	-33.74351110739817	-27.280236010003666	7.335574059020509	-6.433701886379342	23.624673419677013	-49.950493960291254	112.26198466210916	75.69321793727863	15.574954290705072	26.902307120176754	-2.8417901889907164	50.152454453001134	-5.437684659709883	77.1362724977872	-70.3322016044146	35.22911670608164	33.32147357619062	-51.92196496423582	15.34481827129022	1.6777493243875305	10.437558112636998	77.88677448306471	77.70254532557404	-69.38877088265069	7.885427161284711	28.2073396085265	-35.67959127165141	26.418219710064644	33.79493524628333	44.159759582507164	-53.98430031452418	-13.41948074905317	47.2948423613951	27.4037249277618	-56.199443220798784	28.867697954987467	-15.440298875882448	5.257092620277894	9.317522249490555	2.2418811546436292	-44.631595792713384	57.58834288483682	-47.96460535350065	-10.877416361340291	58.45865326978737	7.3041208809557405	-46.83769578455677	-68.8965890697664	66.16431318659737	10.332062319167239	63.67220842148051	-12.280767499885592	68.07052122078238	20.252947388282973	8.523574592859045	20.01698767354034	3.9629246334631523	31.656073614537362	12.587327429729838	12.143226844913137	46.497807889433766	-25.10333285994656	11.079400498860457	20.37849433118139	3.0676309542687985	-2.9779417731784	20.845581198132184	10.382254295639047	-62.864790344512265	82.5413774275586	9.838048637733802	-45.20380748483958	15.51833589753029	62.138682710210226	38.00751567787214	78.37464935501805	-27.09622463292512	82.26753607611195	49.81494029932396	-20.087250995605775	-9.393394726781489	-32.05117812261488	-10.162914271109447	8.849091163803678	-5.2193155404084335	24.45169111150052	43.531749726693434	9.942150411613104	25.132553661302374	-55.89048674441237	9.53177126146227	89.38905981125777
DTXSID4027236	-3.9455717559643753	-0.5048904873070033	-1.9166509529303957	3.958618126490934	-2.23544118914202	0.4368824289600355	0.1119484949765079	-0.9964067427330938	8.73519961542554	2.228137979468827	-5.357624076435119	-3.860453489124124	-0.9002969304254907	-1.3580695001388667	2.3172769802997193	0.6876953330072547	0.8294772796768232	1.0697716895945293	-1.4227994478890502	1.948875399495216	-0.04079651320091518	-0.15293820470351635	0.5080870624599405	0.2759108102844513	-2.1907297539710417	1.839285026105075	-0.8170454690473987	0.5355063932538932	-0.3409172683682979	-1.3629886801266695	-0.022610796316274342	0.030414039799517463	-1.3655861980851072	0.8958616788408925	-0.43281604699290566	0.6856734624453931	-0.2505320793035785	0.4927695049471763	-0.5325565154581979	-0.6795061231087647	-0.18651900480068026	0.838517901774983	-0.42707119094879664	-0.6974517230395565	0.12273663825045002	1.2197777848568265	0.3726047581623482	0.8914261687855831	-0.5822397529097855	0.39436746860399025	-0.30078620104380316	1.8966756061882422	-1.136815119165661	-0.05796703137354572	-0.604896925905853	0.4676826859752316	0.37194603942489	-0.022549509098231564	1.1211164495251578	-0.22042889702063043	0.5846654408797168	-1.4317152630941716	0.032673688099612096	-0.7846582262752579	0.3134645916959678	0.44650682859096885	-0.8544456867441654	-0.17059235027347364	0.4613783776316234	-0.500772625486601	0.2838577395679308	0.3664122778448748	-1.3358640963630088	0.9351160889223283	-0.22756838907284738	0.3516365118513913	-1.0336785758856284	-0.6306472761062623	0.32657121051309745	1.2773972302935024	0.0068153463098625565	-0.8650947720883738	-0.16745480566022736	-0.42258358314406286	0.3246108411674114	0.9198694886310099	-0.4211431312033378	-0.630406379429649	0.6057195705527009	-0.3622902142980507	0.1183738052360211	-0.6748610415527452	-0.04366502082738562	-1.2529065467360325	0.15772592276689593	-1.1578444439758917	1.022768108361698	-1.4850382864798544	-0.016101736054506266	-1.9031947340490378
DTXSID0048896	3.602025475907565	-3.9048627058654692	-0.47373143985105487	2.5642677446234736	3.5736845186638115	-1.9606444203561784	1.547236831323551	1.7557144849040878	-1.4346856476873775	-8.76696210411069	-5.329557886498752	-3.6701948486290226	3.571720767722179	7.654522808225963	3.3582874122101134	-4.022514317304169	-0.8508483108023603	2.425578984746013	6.950657433122494	0.17742493238609736	-3.8828606366292155	-7.701154977402046	8.417200541937062	3.1998628688638746	3.819101845482685	-1.1153144341289765	-0.34913942256721675	0.256778960304532	-1.159364930649615	0.6106388484730043	0.35064113200559194	-0.5909620203458006	-1.2320418517819822	1.1832014974703968	-1.2013955445998428	-1.530552052248386	-1.3899469996435259	1.7668111624330682	0.7478770001721194	0.4325351486543519	2.2287648388089236	2.082233794479627	-1.4677422183255957	-1.1478827663954483	1.2077136760291207	0.21233502737403842	-1.2689190584069638	1.0136606909231236	-0.9795138794774549	0.3307769532469132	-0.08875847487103122	0.6613877556080411	-1.0398004219730872	0.8033473070562638	-0.21402816900409252	0.6466217466007009	-0.05982248809046598	0.26099720130263176	-0.10253765369739928	-0.04769611510267357	-0.08561168394680903	-1.4820423863326193	0.5855352536515385	-0.5142636812424604	0.4256563381101157	1.4225580214201472	-1.788366942745335	0.22488321594614097	-1.3305384371936144	-0.024573716132841348	-0.4510441849632062	-0.492233782556281	-0.24046642762192613	1.2449808712214687	-0.13580855901651237	0.12345859886744705	-0.4571507527237211	0.10379059187489674	2.05868083530307	0.6543319330001593	-0.9173410542343235	2.6899236089753953	0.39229072923577046	-0.8176622926523045	0.3343496111525901	0.12858359507866	0.27308428907504617	0.39842987816827724	0.6531051475958302	-0.5659454446294468	0.22200156959543427	0.2732379330784445	1.1372445334405188	-0.8112889404168747	-0.19626028545985108	0.11096210986263047	-0.22744514518625644	-0.4263706835800004	0.7723362514189298	1.149953269447551
DTXSID0046197	1.2949599981305768	-3.52975178064371	2.0575851599402486	-0.7843114550715446	2.082785453757497	2.359040099362837	-1.6455727665761455	3.303650757227658	-0.40726875067905244	0.23507764617238724	2.835890166349349	0.08367839947479455	-0.479513796760913	-1.075471894166116	1.0444070492340718	-0.3211618104832219	0.7428731344632999	0.5488820870321777	-0.414622513400456	-0.39677570501385057	-0.34697968816058744	-0.6160668726812932	-0.28723579553848216	-0.27256223028482174	-0.828820333026354	1.43606036110441	-0.387534393098796	0.34443385894629247	-0.664559505538693	1.313885059709084	-0.37926249453979405	-0.2716917358760255	-0.23525704906894213	0.4972732059095276	0.08264310667297664	0.1522913822290888	0.11881003631534087	0.848690452671424	0.17506568429020836	-0.16497545164839908	0.6055259036222357	0.3823528435334342	-0.1667127221018248	-1.7684461114362295	0.6448025538508373	0.42386955957403455	-0.54931381810202	-0.8733809136135325	0.174807124517666	-1.001674232769848	0.4877063666048813	-0.9936459804074086	-1.683692510271124	0.04960916184048582	0.2411769862567144	0.14949636168761538	0.4174652394418008	-0.27784817692894664	-0.852583893836147	0.32428617918510333	-0.14936251460356878	-0.005726665450322861	0.30976779702082957	0.0354744749839164	2.206561611522499	0.3996689633678113	0.916353774669479	-0.9696704351018334	0.48751877165244345	0.39865655047063714	0.3481698397099295	1.5349543818228948	0.7759348955984978	-1.2475658878720757	1.4648123582875943	-0.030763893257620856	1.1106311341268287	-0.7726186098428484	0.22406103229235041	-0.059556945583787956	0.6881396915106497	-0.027036114042832092	0.4528886709257371	0.7941587421003562	-1.3067177190050874	0.03571321987170076	0.1261888757430711	-0.22895151715160963	-0.4752274218270471	-0.0007210861707163409	-0.356286989319558	0.04997212766525756	-0.0864821371444856	0.19913381210624206	-0.41000757354247847	0.3588125654869472	0.57072706818204	-0.15806603622732696	-0.7594241995290406	0.19480475973071495
DTXSID6048888	-1.194795460522791	-0.4152248006018261	0.1595289571857283	0.06694435603354755	1.7754113418791015	1.230707093108151	-0.45660579006769675	2.3628054131432394	1.0181588625375384	0.7386141659157923	3.234548971900649	1.5340850095929952	-1.4389806173958009	1.3289706411487991	0.6839635213293345	-0.3842905251573339	1.4496686180889398	-1.4902784972438867	0.7272719813130324	-1.2357079323027895	-0.3179634516568458	-0.22775109124576384	0.2295837351520089	0.5531734076631557	0.548352326162481	0.6105817742455519	-0.05209090030907934	-1.6400482937789547	-0.3471397988159489	-1.2951989268756994	1.5885037568389042	0.9346590159080516	-0.13341778736458984	-0.6895465264510565	0.9715688183820569	-0.0696872278168986	-0.21667942626468825	-0.7233419731418995	-1.0423738861203176	0.20698411782809945	0.28831734907580975	-0.0759362864452765	-0.011298434192427232	1.7500094539571813	0.2802211946971339	-0.39629640915578157	-0.20388396376505205	-1.4347954443731843	-1.2602786253377323	-0.04190934884414394	-0.24094306219843767	-0.473136193705367	-1.46761570995033	-0.5751628525207367	0.09488502599664445	-0.6431548325562577	0.48769023202906586	-0.155989214717321	0.25308922835085984	-0.649537089175566	-0.4240155774157284	0.24321618405550363	-0.2867917990541385	1.3613380463354074	-0.19437856144339513	-0.1600913641009168	0.1677123893258218	0.36924626984928133	0.6953939540340958	-0.965233725769229	-0.0809456343189686	-0.8013984543857359	0.2494792802548572	0.6822761509817917	-0.4774592810384363	1.2114876912847958	0.3716452550399312	-0.8820470940550282	-0.34685989975725173	0.31685884525179164	0.7832388893701474	0.19445985124505044	-0.24364553565589298	-0.7110522222127138	0.5363408820829829	-0.17631489728273125	0.012504400959947017	0.6491169882109729	-0.5115386780216048	-0.5097439230240227	-0.44143113090669645	-0.0436218449034492	0.40520306669872636	-0.169487108353597	-0.7503980287788561	-0.11605154514447885	0.492221111064672	0.8364978922192134	-0.7927064337524768	0.2874816700734697
DTXSID6049224	-3.5491207705995174	-0.8583976649927468	4.92011435804724	-2.8982697392507974	0.3463223465016001	0.6354438048461555	-0.8007503927494575	-1.2632824229607402	-1.579940966711951	1.579655350650309	-2.796055206159689	-0.675554730541722	3.266466572482284	-1.3893163096920957	-0.02160674983753243	-1.7410594266648565	-0.2672207979847319	-0.45997783615890375	-0.9485248855984157	1.3986782011505752	0.3836493384618505	-0.5696590063107091	1.1060016366944296	-1.1622063405947491	0.266715583809129	-0.0774382014901318	0.10245356054924667	0.0903556482881349	-0.15483355675855368	0.05559613892482443	0.519062526368099	-0.806430081405888	0.3450847440034579	-0.4073914638517209	-0.3608255071449875	0.19121895455490504	0.4573973809491487	-0.6147329952479956	0.7458475795071534	-0.21040284411360344	0.07521805752929545	-0.5340765874595876	-0.14898257691394362	-0.1742544105465513	0.10015798770468536	-0.5692174605364937	-0.14227072246799585	-0.4638050681643948	0.5118223591645065	0.3259726637598416	0.14704055393433987	0.39916881687784167	0.36843119806768876	-0.23434336695550909	0.4583200267838251	0.10354683401302202	0.027477372419523714	-0.32585750423943066	0.36632329276564807	0.1058172750479762	-0.2838322053989698	0.3198499086200408	0.2642794923461902	0.5815929643973348	0.6383524036900499	-0.7623643105507635	-0.28859444442412474	-0.5310617166354259	0.7059928261980066	-0.09391137740254198	-0.4464590639645874	0.1554476685449516	0.24434662411090352	0.27624919724455715	-0.33045223482696134	0.022197014216224213	-0.30879100998348064	-0.1761236091274165	0.28445295956876127	-0.1926242124786552	-0.16774184668076783	-0.24717584452124702	-0.03358029961535526	-0.24500186255520143	0.3257218890227547	0.029055155790411	-0.2604501412661667	-0.20647252355404988	-0.3326771746500412	-0.520507306971471	-0.18106487572563865	0.012104827484592526	0.2287848354955935	0.05041044394047655	-0.10955284924536993	-0.024475606780231703	-0.25602937489709576	-0.03572657708596149	-0.08249064285205591	-0.11270869938624445
DTXSID9041813	-5.37536839990778	5.914884484123423	-1.161350595493195	0.8601718848994405	0.1156281202757798	-0.664122894740248	0.10241994955911272	0.4152164423747418	-0.41442800220321274	-0.11520009129968131	-0.8226499657690824	0.8528705776309036	0.2738073249666011	-0.22357023545295315	-0.2470549629221603	-0.02591832587699702	0.5394069170750166	-0.3615563357110763	0.5562947270300528	-0.37687341762935905	-0.018295969473566053	0.5788014507969264	0.5272261499903894	0.10592519287664781	-0.7670104201210509	0.35625501417149213	-0.8455586822440936	-0.16153728578536306	-0.36050896869910676	-0.09358466818968066	0.4124407382139169	-0.583549823111121	0.07128836430246734	0.19774708664983445	0.20303985276135872	0.31917208704879335	-0.22409137693749312	0.34530007397397205	0.15939334785546685	-0.4537405030417393	0.4794139896721034	-0.008277303239000389	-0.4622353062889884	-0.15135753075822148	0.331878344063823	-0.05635262247417445	-0.9153776606137809	0.406542250443238	0.4193437348676787	-0.06353653005286784	-0.2684979566353525	-0.363231675767215	-0.36120529094387943	-0.09216108258783491	-0.029893091227598236	-0.343791889567602	-0.5330060261177233	-0.14912822105906887	-0.29177238059736804	0.36868076014929746	-0.4275313045942294	-0.34676076244591636	-0.43934792249846716	-0.22817986498876683	0.45147388526451726	0.5056474799715266	0.19600869379938463	0.2566365035231359	0.13652779427713968	0.9288108260010852	-0.7105501874938538	-0.14624986426308287	0.6021632075144124	0.36638062585045084	-0.27072393415216933	0.4364480324752953	0.09325177107098538	-0.11620510190230468	-0.1964614923337997	-0.39009421954811635	-0.23935864354476685	-0.8628594820757695	0.9602816155459328	-0.14628775345998685	-0.42722577275811907	-0.4958252276232192	-0.32253856247182877	0.07687382325903995	-0.1262895604309373	0.4212172955713968	0.7092660456529715	0.7812761748292258	0.13583105078606333	-0.399824231981522	-0.07289248813144099	0.5142968483306323	-0.2517669709471696	-0.2016470885976692	-0.37471823240034485	0.21829303759886645
DTXSID3027403	1.02110038296527	4.062476471731229	-3.665024134587128	-4.553476609804917	6.280070994293608	-1.0322600588089659	-2.551812167123986	-1.3773319210171486	-1.2129255474653577	2.1395313393332898	-1.7055208401333077	-0.06744072015012123	-0.7769844681191939	-1.6091486769743688	-1.064938973234031	-4.021713342031457	0.19624513802629331	-2.7986783351298747	0.637074326265712	-0.37421495956195217	0.1337882369151846	-0.8082773438571179	0.164896374865197	1.323827087272612	-0.7647877964757702	-2.418437804782742	-1.442607594893443	2.9105245899810743	0.3211540315548521	-3.2549830750809865	-5.103359191875267	-0.6187716444433541	-2.811080179039386	-2.857036881063281	4.93927144239583	1.0559158882654949	-2.1805712303691607	-2.1155015079227932	-1.1867382362012768	-0.6996862203175196	0.950374125559685	1.0689309571702463	0.07928904550056702	0.8740870411347301	-1.7150656206256698	-0.42041923727506986	2.348193785767898	1.3800596073097307	-0.7620966879293343	1.5384933347210707	-1.0100452866645333	2.0781444248655707	2.0618163382015986	-0.7357842437280607	-0.48093121012045087	-1.0250190199840523	1.2003524257174858	-0.4498221493314499	-0.2488407939329113	-1.739631500133211	-0.403924514272474	0.6775878821639744	0.3041536564563134	0.1767078290404289	-0.6112154162576076	3.0290804822418913	-2.4560986714776205	-4.155500057210513	-2.120154891448161	1.209732081170776	2.2706468748414825	0.16599268009577797	-0.7353716745147564	-1.0062353322445015	-0.19182865615888453	0.4957322230069068	0.42367986851974493	-0.07298529344511467	0.9725014453035508	-2.2278085319633143	1.260940094657542	-0.36470045809346846	-2.344993202719509	0.4741165706011675	-0.7949505829289529	0.9806390631408932	0.4967579505203326	-0.7691656566654422	0.8026225197468387	0.5028845992267158	0.13870389283473308	1.3049556449282518	-0.5372346256091503	0.8318344497672566	0.011113692750957405	-0.26563123637685565	-0.8438294541262771	-0.7136877559932274	-0.5223429800896248	0.4436894132034244
DTXSID7046914	12.752155422008418	-4.265768172394219	-3.5248899818939483	-0.0866260217920727	1.569983602759133	0.44232714525344186	1.5696977932872402	0.4991962140592551	-0.4231592190689397	-2.718842462153614	0.03553963157198067	-4.331016750305359	0.8163492479024217	5.201005911676843	-1.124958051611783	-1.2527896990833214	-2.222539491645979	-0.7594870355862315	-0.06843124667568871	-1.1381520007884693	-0.6722227034420377	-1.3299121237223706	-1.4254932773557876	-0.3156470709595319	2.163284889883076	1.0862664334992562	-2.418541810298573	-0.4076163017426474	1.3771861889529042	-1.64435736489336	2.3229067709918616	-1.003448967872737	-1.3733075084322717	0.13947256876280192	-1.6035597218434503	-0.13734697499349893	2.9883146619536087	0.5494016939546997	0.1385478617179522	-0.2719275371421689	-0.8930596907948292	0.9493505981103499	-0.039627394530900285	-0.3583695334392451	-0.8297596436449549	-0.9365948759274892	1.6864445125050145	-2.1262212701984846	-0.2978238426940273	1.8744516800364541	-0.8143440595508162	0.1538523891359156	-1.019273462808203	-0.5235160932414243	-2.9401138033610312	1.6456762818146526	-0.836340705681163	0.44404446637702094	0.5179842615833314	1.564140130005622	-0.06939037615536317	-0.9345171306973333	0.19609685358618686	-1.014882930533012	-0.8744149668603667	0.3578222529160703	0.16050138487010016	-1.3785042259915783	-0.5686483579464607	-2.234499424754339	0.7296781485663681	1.9589926385537797	-1.7408426075855925	-0.08874860015474999	-1.6136145806930124	0.0841117204007785	0.8349908312423366	1.4788325145334076	-1.277992165681718	-0.1465267867252422	0.7279892768476761	-0.7751855072618546	-0.15350007630944448	-1.1756383192994466	-0.16077850878830674	-0.3175705442877036	0.6614391329937758	-0.11606594877456516	1.104927463159536	-0.5698825052633044	1.042223401889083	-0.06755441297110686	-1.3210556270043436	0.4743078285116608	-0.02976251376272798	-0.8073683709964984	-0.4977774827343186	0.5602349073101135	1.0021677016820743	-0.3318082981051524
DTXSID2046888	4.251383465885937	-3.402427980886572	-1.680825886112218	-2.558593733756045	0.7208169161126582	-1.0693962001800097	0.7293043710151526	3.176456420216429	0.25585777661402187	-3.1726833089656528	-2.652291302457017	-2.60545386316169	1.687448288453641	4.459322328459618	-1.0388340266931289	-2.9188141231665563	0.3237255032608692	-0.7808057050290549	2.0489587973256196	0.40930377746718627	0.449401815667807	-0.2579173886689174	-2.4100610272303844	0.15697396342113965	1.6246618662616097	1.206875123200827	-0.8994995635060787	-0.6422910179892959	-0.13443597148694789	-0.7311702717044469	-0.0037037935741766124	2.151288452052998	-0.2746914923455937	5.773661400832379	0.9736179250447767	-1.2986007593583788	-4.252264418613368	7.760142547111789	-0.9663314128519492	-2.534581120094683	-5.8596501993138075	5.256300521876923	5.172816138090013	6.62652125458201	-0.9530577890792562	-4.052955406038256	-1.3133906208835084	-4.787914568182728	-0.4301431797311459	-1.2099546824462992	-0.6417960852532597	0.4360225843806978	-1.2506156563121416	-0.6979141857530408	-3.4096300173749503	1.4482840188531474	-2.7502583606492035	-2.2258694683269877	2.9375296852425192	0.9730222317521028	-0.6466077614772576	-0.9991508123734301	1.553106799921915	-1.46084479373111	1.6864241934741433	2.6715122968465517	-0.622369317435073	1.464919736204433	-0.6356673391969924	1.4825143457831327	-2.061811300673526	-1.4184793467282837	-0.17113361792835444	-1.92056097472946	0.24971047199868468	0.5431426905570237	0.058727588406561754	0.48284496136240035	1.6203068886054344	0.2811156761838671	0.39754657777803654	0.7149351886226499	-0.17985137297089615	-0.3460849505242829	-2.122100891586775	0.010808889072012868	-0.9356482487439667	-0.324048595553138	-1.5602888785762492	0.11045771393818485	0.10673409897475966	0.29622192975375855	1.1881928752960653	-1.146871687776945	0.3578060917456008	-0.9224577913077552	1.09852972750837	-0.44527486755943013	-0.13912248819544645	0.4616572324098436
DTXSID0048210	-3.5198578353532506	-1.5458258620151282	2.837014440122567	-0.4537504249366098	-0.22307370365591353	1.2541054548499027	-0.0299829580167719	-2.6030855948643894	0.9086891836947273	0.11033552502033776	2.027529806579187	0.49381974242006077	2.369195374053245	-0.09584890064764535	-0.33661740090773884	0.5733314019480596	-0.014830705267534838	0.827408987427629	0.09233037766968073	0.5613341181218402	-0.08487575427264181	0.4124623566579722	0.46221127245411137	-0.3812972258596504	0.1989184721573217	-0.16292223206596684	-1.236701403954398	0.22101147818807487	-0.11305000945570606	-0.22311501238563214	-0.21341328373490664	0.09655289386486131	-0.8231910034088094	0.5745937482601526	0.014092337149259346	0.34329819530708233	0.8332836231101043	0.8536124533064952	-0.014548092818298195	-0.7898863931884623	0.9165193937483226	1.1159804810250498	-0.42842422754538473	-0.7629251480908704	0.21774772269195322	0.028611336860507187	0.09467607066376547	0.49624510332741495	-0.11065881101613967	0.8218041472896126	-0.5571115548744737	0.48602646244765574	-0.4222635262217073	-0.2537952291797136	0.41021235372634063	0.5565155562379838	0.05054292632318184	0.5724972024485725	-0.703427268709747	0.4100580667729237	0.48236745913462264	-0.06490318546140492	0.178789200174689	-0.179598355436737	-0.3832168625290465	-0.48811384387784135	-0.47459462408399483	-0.2705119037140254	-0.018274396215095134	0.31328616657683445	-0.40531484464436807	0.6299663335165634	0.0788477387883427	0.1499084603319544	-0.5497601198027243	-0.13491257747837176	-0.1333694333890212	-0.42358607669222603	-0.10387687878859458	0.2042481918406597	-0.3886057035255368	0.17111648299448018	0.45439515364966604	-0.0052827710122664755	-0.1548160339687309	-0.0890243371369531	0.18504264950747706	0.023086960497675276	0.48978980441266645	-0.11490232934459231	0.5831765555609716	0.01890466970566574	-0.270342201931756	-0.02962186246610411	-0.03592700223200446	-0.10227820227942475	-0.09947369607009218	-0.05385609162592917	0.159613404268994	0.19306095582468982
DTXSID3045649	-7.93370960019786	1.8201369936871408	-2.885540891238439	5.1467902726844335	0.7488469096891395	-0.3660277170127358	-0.21100165524452882	0.2361704928301594	-0.024093277694486673	-3.1937766548457907	-1.6729704536723322	-1.138851456791284	1.1615404631101571	5.205794971008529	-0.18111759447566672	-1.2452832508353442	-1.6941614293630278	-0.8031112742307254	3.370646868515041	0.5966220378175443	-0.14575972078762445	0.35463821891393726	0.4587902827651212	-0.7104105033795163	-0.8701374215366814	-0.4364732997911756	-0.07893784750268087	-0.6276775865654591	-0.3022009688836618	-0.7194693357487401	0.5361927703756785	0.0522694670318807	-0.5327718728252515	-0.49203746509429946	-0.42480107074134693	0.7233971543796679	0.23942085736472227	1.0981008287893044	-0.08329980469897783	0.222637459215251	0.08364766613718733	0.5150379013777745	-0.2192164973243395	-0.24959584186710088	0.11768920338839033	-0.7266050222595091	-0.45863155285911666	-0.13902933803851775	0.16773882941069143	-0.1424875219563135	-0.8695994187953828	-0.1318011522497925	0.2759293170337199	-0.5593374031413485	-0.4719599142734089	0.2626556082797595	-0.04297882981464037	-0.7098287862034722	-1.2552117968031304	0.2367146949952276	-0.3744851691992441	-0.6007523015975159	0.16092690934977075	0.3104289469874339	-0.3099921544614702	-0.2517423504164052	-0.4056534683116187	0.3489145788603478	0.3810332832046989	0.39121591011124013	-0.3360084583688039	-0.43648971009993776	0.010516991937644186	-0.1755519645221387	-0.15841247655373053	0.1357284501352147	-0.07579938102141409	0.1569366486303679	-0.692371891704531	-0.2228789048717939	0.03769802381334773	-0.46520307192093374	0.1204639521891654	-0.062585168968369	-0.26867491031992435	-0.41077323235939284	0.15219330046387178	0.29810526292300055	-0.4329810567165698	0.17445954754030935	0.06838299025674525	0.09512880569928216	-0.26791719059503494	0.09164667364389043	-0.37901268580992786	0.2251789150645641	0.14696605326118944	0.5666324668441233	-0.6698792976370309	0.10693193435523951
DTXSID5023740	7.759403099207841	1.876593901783847	0.6244407481983673	-3.9347887431934736	-1.9841734303632814	1.5949921035120214	6.3694780489756955	1.676940622926226	-0.5575308469306239	0.5858117047949186	0.014034155264474239	-1.4586332417040608	0.4855119278103282	-0.09607285834845143	-0.9686999793319047	1.0235469608671282	-2.1320776747467822	-2.1349454157588363	1.2945124123179435	2.1496233673119187	-3.283884140305544	1.6639138185788063	1.825469960880312	-1.160229681760736	1.1320884708659542	0.962773768724379	0.5411716631262763	0.18030634331877257	-1.332020269625584	-1.8087739363382194	-0.998232336275932	0.3418601255561107	0.03128879988043738	-0.5550836593730093	-1.7365685377840878	-0.6945513848644108	1.2183752089674535	0.24753438736407057	-1.2034696578745863	-0.9493569684558991	0.05100704581056795	0.1350126771153937	0.1913451934141864	0.20751009251340508	0.3913514129254342	1.2717500335469674	0.3127115299526562	0.024302525480509724	-0.04469484868083102	0.6031173776368186	-1.8714021844980562	-0.14285587127035024	0.7804319126813434	-1.173648617641514	0.9892515199262043	0.5925867278930218	-2.3606190337781663	-2.580549554005645	0.6446998980823367	2.577659450502745	0.7738660205173024	0.5530114909275705	0.3087036762357653	1.0241547550435282	1.4447335422120093	-1.240368410730357	-0.2086439867913607	-1.4114572388165108	-1.7389996252706743	-1.5424333984198795	1.3571192070448135	-1.0019650061582999	-1.1715663272927257	0.25822576820777793	-0.7324705893507998	-0.3348217332204413	-1.4514196261860122	0.05080136595767457	2.4814660239124793	-0.05223034704464005	0.23315034864159098	1.2950106873948937	0.9231731265960883	-0.7339544084986028	0.20704226989723382	0.6057616068547008	-0.09459228545482455	-0.1738675488114856	1.2286508301243693	-0.22795831912936562	0.30941059500002577	-0.09857192546385762	0.6263245954308865	0.9575263583293061	-1.3337776404356485	-1.1025268353632638	0.7576200666709864	-0.29699402348083154	-2.0013062052076336	-1.4874026134563711
DTXSID9048986	1.3724139604387988	-3.0674042333321863	-8.86064591514108	8.297697075174291	7.621992170934682	-1.1831326170479217	-6.256027436862074	-0.7614505062751102	-0.4242805778414485	-6.082482021690696	0.8036236994050465	-4.528676811209998	4.930348326342058	5.200905617753518	1.72937256822529	-1.121191340769197	-3.7105526527418533	-3.8158011686925244	6.702751667361564	4.19911949104422	-1.1929949959449846	1.2278392038210661	-0.6761198246300714	-0.15115834424362926	1.1439004837463627	-3.623308748708195	2.5459690811043636	1.6559371467861772	1.9601564568000724	-4.925920383679994	1.4325138064261165	-0.3012101651128137	-5.305328608897932	-3.0445953773900025	2.3957895726566742	3.5574875021251837	-1.1421499619065774	1.8307019018639268	-1.2489102850752603	-2.0320477504227155	1.2655590596487394	1.1617572933924338	-0.5362716782127448	0.6117406929961334	-0.33906038308025965	-1.3970572311180254	2.96486040087373	-1.3594887962666575	-0.7781623555704827	2.077080467903486	-2.769111111312583	0.33131805027381384	-0.35135939071812583	0.1912805127429651	-1.075047152713182	2.494872136514056	2.7071138687191074	-1.314128139166287	-3.12168488176805	-2.214834569779194	1.4009544823246751	-0.23451620921791452	-0.7181328676461914	0.014672140038741911	1.6561399199784013	1.7280963608370934	-1.6425474913044384	-2.45341302675152	-0.8741284579716588	0.9001395080968266	-0.7910316117512554	-1.1856761205572	-0.42637791577324297	-1.36423283343723	-1.9655090423038981	-0.7699189970460646	4.200078941278407	-3.558943742667012	0.7129974132753282	2.155753174824109	-1.4786625109941771	-2.7537535156072677	-1.0045719584860515	-3.6864421803717295	1.2966020416933914	2.0351362103712463	-3.5660982006334594	-0.40787096185965227	0.365615798491757	1.2225460694271757	-0.02980935241592013	0.7008377775531984	-0.2943028372066458	-0.6999288891078387	-0.18045873796254988	1.0168236849511836	-0.6697861593377805	-1.2350791474965148	2.118137171976482	0.21928713291911153
DTXSID8020709	-4.590771077006864	-1.423569859606753	-0.44036556519648024	4.379883983481414	0.33858917526235804	1.126046566121208	-1.8883072220884947	2.3543211829907724	-1.2179674826966493	-2.5765491409493695	-0.819219188665637	-2.2260744810975024	0.5388979434618575	4.344951418921642	-0.07675167751667092	0.1396840875328591	-1.0381469440574334	0.3721863346674524	3.0654945074061644	1.5842313984921037	1.2225358412658252	-0.530746328416884	0.6323783242557683	-0.15428412541249723	-0.42697665254245815	-0.2030551219164178	-2.300075515874716	0.5535122542262197	3.659899105277426	-0.9477321531330573	-0.4748481960606591	2.443154416033686	1.8315948052480273	3.791653511470251	4.852950319693404	3.3518097858601585	8.95358130361346	-2.1390196403194484	-0.6608575085980943	0.2415709122143642	-1.6999649728659367	-1.0363024012710536	-0.6289289992939353	3.726846833953508	-1.1718737612547334	1.0077168464530777	-1.6797718354758344	1.1768251949176862	1.464561577167544	-1.3564303730101437	1.6715441008410759	-0.7383561464503137	-2.017234254780456	2.4856845980502054	1.8640646049472216	-1.0370171134268198	-0.2866689439091501	-1.612566838419206	1.6228199679824888	0.608473783762747	0.28818501374578287	1.7671841967955988	2.756799937304445	-1.6100785143352285	1.3905283481339845	0.49548876631795413	-0.07500388984895709	-1.3655877354673047	-0.6765581600036663	0.765322269448965	-0.18070873956003797	0.882427250154627	0.38433147672420537	0.6733153717850706	-0.05671616876555476	0.9928686198432136	0.062353651482272676	0.5398018022804014	0.21054596004098164	0.08427446884483357	-0.1302605389773715	-0.6206833110850255	0.33723958768379086	-0.5031054370519854	0.09233618109560338	1.1071926825719272	0.30207933525944436	-0.32084793522096705	-0.2055062785307671	0.3015293485739812	-0.5281319386046076	-0.43495690108380514	-0.07543700859462273	-0.0014476996530507855	-0.44770284015070916	0.40984559482100125	0.31126452158009227	-0.10489948152671295	0.34911539845270045	-0.3348495712581928
DTXSID10379254	-1.985227089283901	-2.2503729142131457	-5.760238457846117	0.33234933570815905	-3.3577960750672378	-0.8461947010919684	-1.8817862627763942	-4.49427445204993	-0.6314047775922802	-2.191806644544901	-3.9660236854466238	8.483572523737521	-1.7513692296483514	-2.2190395052711	0.9265741682668837	-0.47047512543898146	-1.8704190545425574	-6.14817687624683	2.569059504763193	5.420598552084084	-4.457649629064346	2.527021503056577	-0.8341043748068969	-0.27940544800072886	-1.6043409018406911	3.9658123484304735	-0.7878984207069141	-1.33877841452976	-1.0666407156367217	-0.594900360057474	0.19224229698669734	-1.006440463030839	-2.81571843873989	2.7673922454113096	-1.7178403310775971	-2.136890563054247	2.2498717576533793	-2.789863458395354	-4.888339263314472	9.884589488167995	1.5482546138598328	4.871193397220008	2.326893518042818	-2.505979597822326	2.5672654966545614	-4.0882987155954025	5.486044592779781	2.1920254403999375	6.1145356639119735	0.7764194400400192	0.8482597920562611	-1.4824991064499549	-1.926589175310336	-0.6388164052798142	-1.4670423324774222	-1.3037780375417791	-0.669030297028719	1.365353648177503	1.661354233571605	-1.9078242498990092	-1.2719828934144026	0.0664952686844428	1.0634251644923998	1.0202103309245207	1.294938992553002	2.8982618045655637	-0.5121720995252074	1.7610545486150788	-0.5491674726270809	1.9616123325838855	-2.027467297298163	-2.2879149928133113	-0.758740190959764	-2.3150645441393345	-0.8629921912945179	-1.067519807733937	0.5960881102232461	-0.5376963006671102	1.0402032852250838	0.5289740248982058	1.7340122900441788	-0.4613717159791804	0.720830562454615	-0.42992760482487413	1.7456972765912877	-0.09660034428790938	-0.7427924389052529	0.8559609674164443	-0.8960486548007766	0.24210439067164877	-0.5970039891312348	1.0840580233486399	0.32880755278490803	0.778552987468095	-2.1380163513180417	0.5252489775897954	-1.9706012644896223	-1.966336810214369	0.2801409491301795	-0.6437822388899656
DTXSID0023292	-3.773944987854327	0.5360942816209765	0.06458932264544198	0.24298956453624232	0.8803179894484056	0.6854002033178741	1.7258236859253977	0.6201193969221336	1.017445064069143	-0.45024611275919335	1.7956309772106591	0.65592407242451	2.34281630197774	0.18420187132182725	1.5445722761107725	-1.069755774438427	1.0199091455196798	-1.0436755090331595	1.3357436284527069	-2.079315289067049	0.19880152259337475	-0.4413651097925998	0.7331490282080279	0.6211997002148909	-1.4424170091500772	0.1959051853095182	0.056054998292096515	-2.0428834292575466	-1.765878433703844	0.814847836288395	-0.29322715145336936	0.6067024387146628	-0.545061270588035	-0.479371858376522	0.17418758192145656	-1.1546283504831307	0.5581031491903117	0.16044761679507508	0.7742145274200315	-0.2572166700374051	1.237316121997862	0.2647487816441341	-0.6571218089394602	0.31755534701389365	1.136716662898671	0.06462204876504267	-0.536308004465101	0.6914147133195115	-0.7898038536716018	-0.8086639919557713	0.04913503195761183	-1.1210520073656625	-0.6675276682778956	2.131234279098779	-0.7323163884594297	-0.1582530588489727	-0.0900455471709728	0.4938676000547553	0.08963440271399867	-1.2208323209168723	-0.981823413320083	0.559629656482519	-0.037423153159682095	0.31967962042155185	0.8277469430360374	-0.15087949752797225	-1.3667575823307263	0.7983641388968603	-1.5090452380260622	0.7685926823642133	0.5557935538733169	0.1939737431489194	-0.593040345463821	0.2208571298794523	-1.3606469130800019	0.6431095498046979	-0.13390882837689566	-0.9463698119776904	0.7317977685683554	1.2333833442961522	1.0461098867987837	1.3137610842945155	-0.011179776238553707	-0.03390899255627492	0.6945007994370995	0.1784653014625547	0.22691266957733738	0.769144242684074	0.191014042928809	-0.5607493376375351	0.3459161728006459	-0.5193105724243301	0.3317907822441246	-0.1618244267697013	-0.37278434247109354	0.08197747593077137	0.9165550190604567	-0.22362437794682866	-0.5243093672164787	0.5215902999233456
DTXSID9041362	-5.904010537408483	0.4790749652928982	-1.0121086044380034	-0.2558525170027382	-1.5694815920866352	-1.8095404959313712	-0.8691513445929089	-0.5128662544746967	-1.5119791981175195	1.7784187816358463	-0.5602445879760182	-0.1304361867556537	1.2905590883387645	1.1848641509794577	-0.89604535008485	0.05814220911253621	0.9104915235032408	0.9806119728068511	0.7933868082534472	-0.8097962212941269	0.043131948553927435	1.7056390871321059	0.5329715665401757	1.0261362074680864	-0.9410813381104071	0.64403098007415	-0.3675952112827203	-0.025335221363893358	0.01810874547443671	0.7832663149229908	0.767702970269844	-0.6574111384973843	0.581141337286981	0.05882560160029021	0.28451182270718484	0.0900810496547029	-0.3098153982539928	0.3797440801070858	0.15270420307116064	-0.43603476702532296	0.5636453275807229	-0.3333436301129597	-0.557435612152536	-0.02759903315973074	0.3668222802913944	0.38871944887125626	-0.25261264523926663	0.030920508138469947	0.894614511509246	-0.5238213839444386	-0.9358565086348395	-0.42727286907936357	0.22469225314948374	0.07959619020103302	-0.2552388099159657	-0.3502976699605505	-0.49795473707570226	0.2838579069038554	-0.039247075093540466	0.291499219826723	0.12233064219536458	-0.23662347063869624	0.12759023054600802	-0.2629758701105451	0.09263090021749275	0.4922930150781523	0.44044028403747754	-0.48656347148765394	0.43524977058328634	0.37150177836953724	-0.6355504465756275	-0.7354513703461248	0.30093352129096657	0.5191187924119469	-0.6937605145355459	0.5339336397918371	0.6352079211635782	-0.3278948704836457	-0.2732594146935465	0.007093869555359582	-0.15640835068710676	-0.36773157977752025	0.15607554721588446	-0.19974853687780592	-0.02249063167035248	-0.10419868073279251	-0.2985439137220832	0.09170922110642037	-0.012961388112602222	0.03996843952077487	0.5186311657930688	0.403258416572795	0.4171694899744614	0.176928756590941	-0.14550370351593425	0.20838165031351652	0.3010868429663252	0.09226672479510481	0.061990873106935775	0.3002762995974874
DTXSID9048982	85.78152609292886	-12.127735184701201	-6.171209835856771	68.37585609996208	20.953518994782737	-16.83638208826065	130.6497675214144	25.99844710266003	-29.925131379729415	151.06881762584655	-43.240128430888696	128.6432366114161	26.439650526532898	-8.101452886768556	37.395198980078554	-60.79971779954102	-42.87122222432903	62.039464711141164	86.0582480903755	26.204696106106528	55.78195248718211	-24.174226308727118	-35.3673397141398	8.80129528848495	-26.099790714735086	-34.87449376527133	-23.059692821345152	18.33017309776209	4.207425899112475	18.07986269061773	6.457559231986334	24.19058562085611	-4.099784950608463	15.895451674458716	1.6019495673443265	35.29489038429117	-8.718263062819176	23.217127106675807	-20.373349222650475	3.595243398749108	-0.48954168435977535	9.35036721434537	-7.934902109560262	-5.7791569737512045	-6.457099109573551	-1.867372500412638	2.477098259764427	-14.88564579969788	-1.8214475629701445	9.797171271517499	-1.2288356798460132	-28.72481910848271	-25.66971634158983	-6.349217249125652	-6.014521303293919	-12.537403381687978	32.904275232053884	6.399789536148729	-51.630178139924574	-19.1136781078426	35.24912186249199	-37.603432674064784	20.128398286749256	2.051680828277524	-30.727739274939736	-98.46293934208495	-4.714456878824261	-42.572525765073046	-29.56282833136963	8.508552923827486	-31.876428330268357	-55.61505061262516	-8.589402659358786	-14.693139626390538	9.56668951623104	17.867816290486008	-58.95576476259186	8.79266598057237	4.437634396482109	-59.491483392500626	63.664775654845734	-55.41741735338366	74.74592002476805	-100.11948874876404	-74.5020530309975	74.37662659469187	-25.749967074034526	-32.72759041587622	-8.624731788480158	-24.51341858156907	6.2559424065419815	-63.92474546409968	21.88842200106059	-16.1319958233899	5.261554976039367	139.03887336270705	-11.193845753627375	-4.297049865099899	16.731041703014405	59.89458437901708
DTXSID8045359	3.9400118860547155	1.4579213837858849	2.6065673397818827	-5.343975565220212	0.042902094720486283	2.4693960240461883	3.826872384283574	1.095425487790098	-2.8057102497441795	2.4673079205104442	-2.2194127906224583	-2.6158961496301907	0.7647692608930325	-0.19506436019487602	-0.036470989648531155	2.157705640271684	-2.1059594195064304	-3.7389620818912292	0.15347005654687346	0.4393106565517489	-3.26217814720018	0.6981443897692143	0.7127145006760038	1.9983660474885405	-0.2147289219973566	0.29439540274847836	-1.365104677655608	1.2303043306425774	-2.1390126574314445	-0.7651533827405808	0.878711686483598	2.3815598155414834	-0.12819441667077797	-0.7856117918115725	-1.943882250674062	0.9243608110663398	1.1068342265424946	-0.7114880681641012	0.7843375402466847	0.09648253703037825	-0.5186076236895836	0.05795047050578203	-0.4515934993762162	1.4160074703185788	1.1428014912366358	0.9289737196189982	2.062079096877064	-1.0648145439232721	-0.2500605346626943	-0.3907934150463907	-0.6645313397867263	1.500485140502177	1.1940743887513317	0.08335998730360182	0.5749208437694141	0.6035514516478956	-1.221448460655619	-0.07051704635016068	0.05981661972915798	1.0288821059067372	-0.5388686492730427	1.9915777518459097	0.49211828034458155	1.3803637071229822	1.2393521707579302	-0.03856293423178331	-0.6078471275538502	-1.5150494098568192	-0.1094303969129177	0.21848339242248901	0.058478465807332486	0.49890713944460835	0.8555521438993466	0.8488284402737146	-0.9955884805731334	-0.0017002367021236948	-0.22922709678707678	-0.1160799413890885	0.40372491684340517	-1.0204817259026635	-0.3663077472131788	0.37584018804931074	1.7580752311868348	-0.6003796185915723	-0.9805329858187638	0.5389453163251386	-0.12122272254804438	1.0585332868220199	0.1666581830437302	0.005987009736392337	-0.03174559640999564	-2.022960980269654	0.06217442445080728	0.5294630917441807	-0.40419648279043435	-0.5815672956897091	-0.45029875010868503	-0.2685312043262026	-0.8130672111022021	-0.7010858487493549
DTXSID8048781	7.579389735129047	-0.788841871551698	0.9232312757873027	-3.4786383948786175	3.9118345732905135	3.436586328359072	4.779740661399858	0.9254182249874116	-1.3725666211233953	2.1449089459929924	-1.320112574122724	-0.5989776696787169	2.1786881149485016	-0.6457331066304532	0.9122904173303135	4.280692902720215	-0.562276019486777	-7.39639995660059	0.12768239476709636	-0.4406549024452174	-4.575238124745412	2.7067521751240893	4.092939931773	2.807391926662079	-0.4251053307855438	-0.557951380932807	3.861247142740613	-3.099264536703669	0.19734958386163734	0.3320749513429948	-0.8507197831905966	3.610764612763018	-1.9764317551106663	-1.0596795868270772	-3.9588055645868643	-0.7110768654094287	2.860669136620833	-0.6795629037991724	2.4113519950650324	-0.07313583998706312	-0.3068771209783111	1.3564780837916608	0.6007547790959967	1.8315674228390972	3.308707207088364	1.3064212708190965	0.6060901796685286	-0.06799127461747971	1.3793679377453052	-2.570941753852907	-1.5915097501299889	0.40252018994243194	0.15085110654764816	4.170110942493091	-0.33618811316767655	1.9916488844767282	-0.3140901922599529	-1.1366825024583436	-3.02328074276855	1.5864959041541769	1.194082554771852	-0.612558443538305	1.3156651263388721	1.5283616574922136	-1.0194452101317157	1.0184066581763114	1.1424877972462968	-1.1506614161519857	0.659274892490147	1.1766708242893744	0.9776982185970111	2.7150842412304144	-0.38277354841606376	0.0520149698545089	-2.2713067241459934	-0.3791667682668049	-0.04378933179769148	-1.5164998364915283	2.6149132345673753	0.5418788147693565	-0.09779837143257591	0.4846322843264624	-0.04586243872317387	-1.5793136630336206	0.0032976876090923873	1.148756097234807	-0.4329522493976985	1.5402051895224842	0.19879752722886232	0.5089268097390314	0.0830322194908035	-0.1623015793602698	-0.048619785369203576	-0.3483734708718239	0.9426056767173161	1.3331433517156246	-0.9771747906833645	-0.12548974704867727	-0.9476157617317118	-0.10724821759573264
DTXSID9044409	-6.837475347403542	2.5002899573013844	-3.0065760349567414	-2.0812212804031867	2.5360406785287175	-0.14441220119498072	-1.3549431677015802	-0.6555950542407323	-2.116593644044398	1.5725273460583846	-1.7908079371606132	1.4364002181451063	-1.1794297267634193	0.4550548915184805	-0.3011338002893617	0.1163111774273526	0.8349099052937685	-0.7868341178217184	-0.11657512930750505	0.009689532162815711	0.2665271843117179	-1.1466185282621235	-1.321486866829103	0.07044892510835922	1.4430319987151148	0.5799588369288371	-1.5158854709489153	-0.7183717226733706	-0.5974742869747539	-1.2151627457411711	1.7596507996628492	0.6182979847851743	-0.47586081097857025	1.131768890591836	-0.0033194962126036746	0.3059335530987753	0.8750345732822449	0.42185313284028353	-0.43365171268921154	0.05818552337511763	-0.5035001923936481	1.222794577277473	-0.18174895123224835	-0.7365047830662229	-0.10057272676958007	0.11208967008152723	0.36179649949138853	0.043435941036286556	-1.396592361071784	-0.5924320460460547	0.5833902000610506	-0.29352178693969144	-1.0893839842869888	0.003105649115580155	-0.8071473395718248	0.9875000187032683	-0.6594716048109881	-0.3887915012052742	0.1875441513990411	-0.15664230217216757	0.8015088056807077	-0.04465981281139038	-0.511272320535052	-0.2948647528175	0.7897964339709427	-0.4600174454456644	-0.09152787006519332	0.3983076344890471	0.4485528971322152	0.19683506031525294	0.27491737987683346	-0.7815490996692779	1.018403006218253	-0.019229933530485434	-0.13143084788437104	1.0175355770186647	-0.028985559626591946	-0.011269826117555507	0.12261584807640928	-0.03804183273137168	-0.08387354441188233	0.2615711325245723	-0.12609239546054946	0.05492800440524274	-0.06429498274557878	-0.059672902838407434	-0.16923104551000084	0.07613537888142559	-0.39836591758553547	-0.462572441949225	0.46909732475659505	0.5819647309322301	-0.15293910817208767	0.08720993656628484	-0.5220973601727605	0.0950737779265785	0.09238909779733606	-0.0880669325097879	-0.06593890993888679	0.4333719817937621
DTXSID0024559	-2.483873712183462	-3.940380902246889	2.7612674729874427	0.6531657907547365	-0.9197330681831039	3.388314457162712	-2.8951885662924246	5.454700965544201	0.9465343851895073	0.3041571174528949	-0.5982532996815567	2.8414026028195125	-0.26086363094628306	1.7464494447272942	-0.8544417473366229	1.1997901945025808	-0.6236068703134094	-0.48172635100812816	-0.40492184115982516	0.5770560462400514	0.5749938671625575	0.7654273100264881	-0.8841691472869093	1.6854879634677393	0.4288000997045071	-0.4581417664636535	-1.0518978049577639	2.3674585600720013	2.6616300161272775	-0.45496100616839436	2.432442135560428	0.23565164671364025	0.5488777175259159	-2.0621124219149536	-0.12292816365693375	-1.940891191407716	0.6462872729196898	1.8966553034837907	1.0016047009345164	0.5469684948575911	-0.7367696735185434	0.22802866842025307	-0.42909689054767464	-0.9573890075093082	-0.769025513939954	-0.9793069587804214	0.517766565421702	1.7392976184028233	-0.2506440402348815	-0.8736778970182291	0.8314627961468071	-0.6882724138588677	0.9109353399838551	0.7042996903989864	-0.3093317640379657	0.24845759565979852	-1.5376515666141086	-0.7766636876530794	0.5471126875496336	0.22904974306305245	-1.0427880016585438	0.33856963749353336	0.24156513073627486	-0.2662455031097196	-0.9719034526074494	0.33352847991747464	-0.5911613906699373	-0.707178649707229	-0.31036759493909677	-0.03759405953266264	0.14865733503387427	-0.07103260622480852	-0.38828333420843036	0.5010917631565478	-0.052608695988014174	0.35135926866743217	-0.7005251612392559	1.1442898236287933	0.07524137408923653	-0.2774767852965688	-0.5483306236272314	-0.006981495859125534	0.6654523516344684	0.11501348578680969	-0.668868877687736	0.08234379578366531	0.2090652390328289	0.7478221223556466	-0.15361924167466331	-0.14888990951632555	-0.03611055444158401	-0.3465658806604868	0.05222844884712076	-0.02377555828608793	0.1532132221097594	-0.4741500768666878	-0.3298297557477227	-0.11055394219981113	0.5115077693638904	-0.41921269557929935
DTXSID0027771	1.1846407339607237	-0.5021070707122708	3.00358460873708	-2.5839543822280624	3.299346278401939	3.6033637029212673	-0.5004772054101687	1.5765828075752408	-0.07300126525338262	-1.1777239414072456	-1.4606074807189469	0.7714485413272687	-0.014007065710426774	-1.6146890818657982	0.8338247115143692	0.23407859796438013	0.2531532305108907	2.1069222481455108	0.13469178050125213	-0.29562981426121765	1.036864604788614	-0.8893046249580269	-0.7765217496006078	0.08619019210258443	-0.806346832084063	1.1975505930662593	-0.8193081625586355	1.5489059742550564	-1.0347329987074654	1.7485845018425266	-1.145723638341355	-1.0031444327635444	-0.9367379323811184	-0.672646319424682	-0.33022602212468505	-0.08501291384325022	0.0670919862685319	0.09897510242420815	1.2619557942725745	0.3164291976734703	-0.1783921558577977	-0.4433691521041301	-0.4943040807377294	-0.02785594350750904	0.14658816575201014	-0.459315094385619	0.724935221610917	0.2632080816004394	0.8763457126428564	0.04582216002141695	-0.14690745174988715	0.3260446610782827	-0.13604170473435467	0.6746705663315739	0.04610134686057033	0.8790651214011356	-0.9117380800393717	-0.8070943855294224	1.057331791222158	0.14887308144487107	-1.2935415995837811	0.2392045484906174	1.7470938189710339	0.345471604039435	2.3889995023604187	-1.441611925224193	-0.013205211391877235	-1.079031064956573	0.13718263791022067	1.2559283495370759	1.678090401365021	0.5832784847692967	1.1237558942221209	1.0383619483360766	0.46613513650429517	-0.547486935997638	0.7709393418901997	0.7012517079424021	0.26040577416275934	0.8252987429114116	0.8534283250374778	0.30117636389612507	0.023025535311372348	0.04263808563236627	0.00692125172604608	0.030681105463425305	-0.40715056129299865	0.4508859472272002	0.8060468958380576	0.6166123110416482	0.40186444414652955	-0.0391398904073475	-0.09880761879187368	0.34205004484526413	-0.3477242886244726	0.38233804936480714	0.07654746988381471	-0.564888172353639	0.17250416432150856	0.17492109774014125
DTXSID5048970	23.22950713121878	-0.2916083862639971	-0.5579058841078854	-9.378867632181851	8.782111698522426	6.27319191440901	4.14970178547064	0.9351760256666396	0.33953578070280543	-1.4589141347942407	-2.8215813396962393	-1.39973191064191	-6.7851953888500764	-3.8599349432812704	-2.5629673835156868	0.6813016716345202	-2.1007726312715804	0.8489202112295697	0.15490316147465497	-2.2097660146646088	1.0090900993911307	7.165542901907286	3.697205822288457	1.35363703840703	4.657617174644509	-0.5078761219209322	-1.7759413885488415	3.4019905727633564	-5.762905428319649	-1.4545548042960903	-0.0881544037584872	5.272367892954	-0.1398174139549142	-0.2959848959928979	-1.0674307032897685	0.7321650298675043	1.6686826820932807	-1.132936833474241	1.9820054351009837	1.463459277455056	-1.4061688124361713	0.7099943705379897	-0.24347750678928123	-0.1602222202624048	0.3764972110865562	-0.22618295393946353	1.9814315232912314	-0.12328432988102363	-0.29662165107960775	-1.3866887112475634	0.5305982647427011	0.7184012360317004	0.5933633412534706	1.290457352001332	1.269969948070518	1.4833631812799362	-0.24890489042977415	-0.1116397659982628	-0.5635993592692216	1.320200907212682	3.6809430756432544	3.119203839738917	1.7540052623634887	0.32317423960965186	2.846375621289262	-1.6937095597031557	-3.5242757114263736	-1.9108776718510851	2.252951409101854	-1.014010382402176	-0.5529853862380635	-3.13467193242551	-4.911081606607503	5.34778471563915	-2.4327734078380825	-4.183217361491297	2.95887724320776	4.007646393642131	1.7138194040031716	-0.07154824852476467	0.24594835486783911	0.6343667805000167	0.005685827580176504	2.5845431067541886	-4.758209610982547	-3.5049936649691826	-1.348402471390716	-3.7172500990288992	1.8902233182185464	-1.1607690504841714	0.8124315934303153	-2.0313571867979587	0.05693661320915352	-1.6946880914036262	1.2601943839016139	-1.4203806696393784	0.5313944935257463	-1.5569891021428113	-1.3788973515487812	-1.2036352265178059
DTXSID6020432	-3.248030349588314	-3.7431339316154726	2.815155780634779	-0.6751894585409923	-0.49637678657167794	2.7826461754546923	-3.566318076070685	4.134957499246404	-1.4132229669706293	2.8224022754223883	-0.7909765951665356	1.7651650067310922	-1.1000340132065152	2.869860847878469	-2.21094464400498	1.187806276417019	0.4311551150228398	1.0164641502711176	0.20103545478055776	0.09410158718408543	0.15442688277872602	0.5480917417337559	0.7095976422680699	0.2576544069708559	0.15932742296545854	-0.6929609003736773	0.3303069557892328	0.2584013165690623	0.15799183875758593	0.5982746292163305	-0.6152409473982338	-0.7536175356166933	0.13200226784448643	-0.09535128737765441	0.15448694639620664	0.02486094626744578	0.1262610152110398	-0.707592919400451	-0.050197202056837066	-0.24730918996439666	-0.17845004966911993	-0.7764552561273641	0.6691484306657643	-0.5186534198998696	-0.18214721825827315	-0.1832621075440913	0.03212163763394141	0.44121649991568834	0.49779981617101804	-0.357636044824806	-0.7611174154040559	-0.5493740601823587	1.250436000698146	-0.4356056303158454	-0.10154234124902249	0.07414592995388801	0.21592285467049765	0.44782671751238207	0.03867566327293778	-0.21915461640858677	-0.27405715551818666	-0.29169388079475744	-0.21684913483452548	-0.2914271817707686	-0.6181597169508757	0.6983177882218374	0.16242281431187375	0.43276696628704575	-0.5911727500668389	0.057914838841719635	-0.3287656024639819	-0.3476013348174163	-1.24887557744187	-0.20332457560940215	0.33093853820532815	-0.40586022347007034	-0.3537226646588629	0.03930362708575839	0.7332195634440996	0.5866934094913979	-0.14927310336864014	-0.031004617270412142	0.15823123241140283	0.21660860374551016	-0.11276359739206551	0.16980237971057371	-0.29155934133019723	-0.29391714733511076	0.13442949025703632	0.42281009022861615	0.04433952659257472	-0.27967730848417033	-0.07297488882033033	-0.17277339778379508	-0.016178583626763422	0.20399883379410133	0.4147623993057806	0.03166600220861993	-0.15400012435980098	0.01633607341960486
DTXSID0020232	-1.765117609335012	-1.0839211211872093	-2.5751712318142888	-0.48628787395180767	-3.2234745084378162	-2.5295980884826923	4.22071450503095	3.086286077870776	2.2240561663994427	-3.386668763622396	-1.5993401269570762	-0.9097321004510104	4.401628976782502	-1.739324568884978	-1.8274813925829803	-0.26187796095917365	1.0294758870296061	0.5521707698300673	0.37796404236571196	2.540038089053541	-0.41081865509332344	0.45645025687513097	-0.9129332774222447	-2.2766333538700283	2.045050120181041	-0.16713987057041213	0.3102044855557587	-0.8992960858489698	0.9917344704968832	-1.516255830033605	-2.3359271370463985	2.798027038502037	0.3115046081573257	4.740883627724319	1.8251304078841255	-0.9387187711588848	-4.936862902821237	6.060559904936627	-0.9447207644572796	-3.386004050589281	-5.576627141241139	5.670802849771377	5.937742474318959	7.9164652498469135	-1.4002999425320783	-4.212439859661988	-1.2440679511656654	-2.154357464745334	0.12888654186587464	-0.9928487320929961	-0.5133281611273223	2.1891302532222667	1.3416245097984123	-0.6129950886794142	-1.7002143866750603	-0.5809791263746797	-1.561750463731582	-0.30438732814015795	2.672262730408329	1.3218539315313649	-1.4126134541363913	-0.3654084771413711	-1.4004191265889216	-0.3690650538950027	0.1974453504912908	1.1177658301725268	0.2607782207343147	1.745810032172707	-1.2314635575714858	1.5096957788714624	-2.1861619806110206	-0.4475159420979094	-1.6358916352147137	-2.255926884071133	-1.0922290469870357	1.767543234790579	0.35218618735804996	0.0868754994658058	1.61413401019227	0.6923618289537985	-0.4997447186683926	0.3455272259907038	0.736951883673728	1.2580762122761455	-1.5864444723352593	1.0677077740836574	0.06376448095177163	0.3034721607401057	-1.0504927680273033	-0.6389325080250206	-0.3095783891627404	-0.4645721696562323	-0.8784285960031327	-2.533069109913656	0.43295336146256014	0.10825274458973076	2.385876151600592	0.22292257700264326	-0.24844735787273406	0.14537671071425773
DTXSID6041680	0.7553011660386473	1.003004167444859	-4.070232545605942	-5.185296365498395	-2.64047431107352	-4.202939546393843	-4.888066582590851	-1.2007356098681576	-4.918706886365852	6.701516538069993	-2.1688362691758045	1.0701478653480618	-1.1231250054905235	3.5896028591733757	0.42668900472950544	-1.8454250112592865	0.5857091080286769	-0.11896571091927165	0.30441897072601776	1.2057799642584233	0.3286550355133391	-1.8805682453428427	-2.2544709810630907	1.4885679689806575	-1.3921765249020117	-0.33523159457832247	-1.6789836594821854	-2.8544222745657892	-1.3430264660908668	0.3079166577455753	2.6094140550652782	1.3117200540724738	-2.0344386264518834	-1.5749874324908553	-1.0866155725238993	1.6241839693541757	1.5882257273875666	-0.4121176976163372	1.3359010328659333	1.0027961065089472	-2.088985860895048	0.6112581786671984	0.6450115526409439	0.43793940322408514	-1.306804290028545	-1.7362587268026997	-0.029689741799086383	-0.23008338736747477	-0.66285927599493	-2.01428540822055	1.54010080972998	-0.9377075555761324	-0.5150874558251018	1.1768974961715644	0.12372363931108943	2.20208361550873	0.2187146052330704	0.10842787863114148	1.252901035183642	-2.13712573870919	-0.05837393358904338	-1.0520016964014125	0.6343731189382953	0.21200697723025386	0.9018950576034168	-0.5196287137762016	0.22853475468509876	0.30908718840225236	0.1816201649672806	0.094469153890531	1.500747542477191	-1.1309493309340766	1.4148805332526073	-1.3952057025613802	-1.4435765049099722	-0.9552306191810559	-1.6119162132956106	-1.1227037011125285	0.3310475189767534	0.19720186923749286	-1.2115644749421863	0.3537028480543759	0.6865787766917473	2.521864814110067	-0.5040749468931822	-1.6671904585974946	-1.5894065410709861	0.33181665323963183	-0.5880361187240584	1.105057485320211	0.2868814973638405	1.666792210124811	-1.0813854460975985	0.9753853793298426	0.22302361718313193	-2.0208102223246973	0.3915324090648685	0.21810960053218353	0.2318451977385323	-0.47583626974953736
DTXSID2020713	1.0113333591755784	-2.9544996900976774	-4.243633222973343	2.4496861705532855	-3.1110491977413592	0.5092642019553004	-1.6676851023895696	3.444505661184369	-1.3800655665042956	-4.493681295107928	-1.163191997064766	-0.26230004934454393	-5.9632578916743295	-7.067126036434428	-4.813251230697988	-7.078555502854334	-4.880448066133674	5.853011609161486	1.1950928208709166	-0.6003333222574098	4.0652297147859855	11.948619250403354	7.120650008515226	-2.400806189183084	4.516120635703744	-2.4498280981972855	2.5089960248624195	-3.4649606482054223	-5.322500687439197	-1.3284702963266102	4.02350828667082	7.0503491197172075	-4.3509708194443855	0.35169475655512195	-0.042107470172873855	0.8732083992590826	3.04802622987202	-1.4801675142584998	5.165465477734021	1.7676626699378986	-0.9646201931320373	2.216377076305637	0.25127394505550377	-1.3522419513453743	-0.6706972081122976	-3.866896931233856	-1.1751602309240632	0.6019938964129546	-1.6412225639685065	-0.6925309490952997	0.8231248642615794	-0.9859288706011702	-2.4712380861641763	3.598450583845232	0.5735656867568718	-1.34559537908019	1.5511835045514402	0.37587369112520846	-5.38259096028575	-1.8627221756661392	5.63475656358591	5.181456834490263	1.9842439049858656	1.322380369416165	3.3866044222844716	1.9124100437265519	-0.22002289828430763	-4.670791515587656	5.968293353225174	-0.5782590032426546	-1.260478587860486	-5.576902843469539	-10.966777807428452	9.038173373987407	-5.508001087874387	-5.667624084859341	4.310880177824285	5.6095797290536105	1.113224129072626	-1.2684164447466266	0.36185484251223987	0.8522624542237783	0.21555193331640157	6.390690222865033	-7.605427839059921	-8.235851510267544	-2.590468688975582	-4.513639007710368	1.6249401527117588	-3.399839224337184	1.9013486946741187	-3.7963562073689006	0.2992676530659125	-1.6541271604141454	1.2083772453549293	-0.49959013414517384	-1.2054364452837192	-2.851791994136312	-1.4188831053696005	-0.47037080072986226
DTXSID6045292	5.300859302651818	-0.7524381788602863	1.7839851991961109	-3.7640588437288938	0.9823069793302028	3.344563186362312	3.6163203753864535	-1.2447144413519864	-0.5270758175671627	0.7505386956773286	-0.47177640735570464	-1.6554952733135309	2.184785959602071	1.401711005969265	-0.05992692256912602	2.5338965018656068	-2.1020604471865236	-2.419297648375147	-1.0083018805988413	-0.7981198445869793	-4.599877434992638	0.907163223887821	-0.957105381148509	2.65624977705479	0.43544848391898355	-0.4444539160270683	-0.7667323450573165	-0.72282046413551	-3.085633158739142	-1.726169969466393	0.2832313808860775	3.9793067216230673	0.3103204367491026	-0.1474887951623809	-1.901999383777255	-1.1293176625386734	2.1837248222040646	0.7519220237121781	0.49459171875761315	-0.3055085272696023	0.5521300268679797	-0.8513408236587238	-0.8103641557892348	-0.24741882950270255	2.2227372243306287	0.9413891207867153	1.2204811722921873	-0.45618740944626496	-0.7970083936000505	-0.48070676665548556	-0.6277569847006583	-1.0538531805185243	-0.0645256384581537	2.5124466276431954	-1.3572052753449617	-0.4161213541313441	-0.7685507065505669	0.35035939749947187	-1.7469398126995341	-0.6609663975225655	0.24805021113115777	0.9276425562525861	-0.41495745477622215	-0.2382259841031882	1.0487034231028771	0.36412095056864485	-1.9487014134691774	-0.23322811193617302	-1.033743161780761	0.38311734452835855	0.898844828384308	1.1548703275320604	-0.3613980962083563	1.164036739771291	-1.9303433363296905	1.7256450780224502	0.12135319085355488	-1.4692517057043162	1.0444293816387515	-0.02168134567444324	0.8744034458416869	0.696538741880003	0.6905527599328569	-0.31595473184836825	-1.2968761645253009	1.7050665707381725	-0.16433915719128242	1.30864530220253	-0.5602433595878706	0.21597304587052135	-0.36940923291382194	-0.8131014728909114	-0.33917576745058087	-0.5507818642172592	0.5231576041628436	-0.57455554606946	0.030886044432986308	0.3085454404321708	-0.9698267522457373	-0.49802013128116
DTXSID3047687	12.187890630335602	-3.417095408082143	-7.443133146246338	14.734646594684394	3.210402969035767	-4.25781870681076	-0.9041803653822648	1.2127267451056285	-2.452935913888893	-1.5313542011105226	-0.661234925358565	3.5396457515536413	4.6290460435548395	0.3775680057715508	-5.5583028458319435	4.537537541450246	1.7155357735177423	0.02768473606732791	-2.3743743079435964	1.722012997407709	-6.073581250098294	8.584583849716227	3.195352231316336	0.17286070742539017	2.3979331330629656	0.12225784081216602	-7.497366041792507	-3.910391601939234	0.3149303121535063	-2.6813773941242696	-0.1074176520003422	-8.501295490421414	-2.9928953908279152	-3.2733216441130577	4.225704376082651	-4.753879003795109	-1.572974646006803	0.38714795595104745	7.7788797558350025	-2.4810090567997025	-5.447571925084448	2.18399797125266	-2.9764512331203496	0.3939609980865428	3.086768962353677	12.072647003793398	-0.5909768777099788	-0.11292536767443258	0.6821216341362323	4.054383578548906	-0.715015873309451	-2.3979763866247814	-3.119888480428347	-2.146729566632518	-1.0000868146352948	-7.168683113854784	1.2663488913325047	-1.1395366145045887	1.4562405537840408	1.991660947651321	-1.3094736232756703	-2.3326842453489753	1.3747245541609039	-2.867262188215349	2.1843229823324966	1.5019095248606715	1.5632732422666058	-0.7995774997166893	3.8327201900313264	4.310706181974149	-2.2331035079203407	-3.370949380509619	0.41483193234943144	-0.8832799284765643	-2.8486202679080965	1.8651999116358897	0.21026266056315	-4.039736097977949	-1.6639169200441708	-1.7999950954013568	-3.6749751308204273	-3.250082306393887	-0.5222405175652077	0.6744616178821685	-1.0552858014227582	-1.4216864525288595	-4.991319023512163	1.0570896849159248	1.3401894436813462	0.64532204579134	0.1549843004583311	2.248410330522985	2.1238631647317203	1.386319850308279	-1.9709657308900488	0.5105279575717822	-0.6604598278032345	0.7754508995016376	-1.0023402515901123	-1.5747768176351724
DTXSID1044647	-4.507444302487542	1.5083944431123881	0.13353743972777055	-1.672685805426214	-0.16936985578280955	0.07075854659887867	0.326226706782847	0.3411454945482086	0.2938669584959182	0.5414943835650103	0.2807529997197858	-0.5144862712945948	0.7474495661476698	0.6397274489189121	1.792041438706322	-0.5020887554343366	1.1351179757528784	-1.3511975800780371	0.6196375732689773	-0.4012878081005763	0.9740348284872026	-1.098701375562915	-1.3923458913127396	-0.6503778323642465	1.5547666878687565	-0.8903263173536395	-0.6811581464017066	-2.049552561720715	0.1835373707103594	-0.03354925807230508	1.843926219672081	0.8653353907891452	0.03600536495171281	1.3530047852121387	-0.28680210164052305	-0.32146703136431	0.3542097060439309	1.574871790884598	-0.6357940525078984	-1.415530064549027	-0.3858159676354483	-0.7232416357927499	-0.02177217714294277	-0.5360769692946398	0.35206281246619936	1.4459739106702114	2.724137534775158	0.7705937830127747	0.14891321941009283	-0.5076076993687563	0.38657414547930924	0.3404868094318698	0.6649867503613077	-0.0705132167377559	-0.8401476034246463	-1.3199332512814075	-1.3494545173265584	0.6256558417234896	-0.9316655436072336	-1.0658866134825715	-0.16849950259479665	0.822532288534541	2.4229516335673216	-0.02255868679043746	0.42281061619866717	-0.08204818523228224	0.2717191814505815	-0.6130655308999416	0.5088357628374302	-1.1777956227635877	-0.4004325531491349	0.4673918074829488	-0.5963852053483274	0.6589028614782118	0.5270861543297489	0.42492336979809453	0.2870338059997195	0.09988011284935892	-0.9548702400365856	0.14586725816826598	-0.45502686411803	-0.7700326865165481	0.5352195780577863	-0.5251144953837856	-0.39844052853040535	-0.09296279343688486	0.10587475859682206	0.4950306874426909	0.731610793166105	-0.3448873184958273	0.5420974925522137	0.04533083610056561	0.20370688654827293	-0.34985887867050897	0.017012766997130082	-0.6211124107611785	-0.5464163021597489	0.6298312042518175	0.6395171878699357	0.29393217292005575
DTXSID5025811	2.271373348596202	4.363261444557177	-2.3245522160246472	-3.3230644232285504	9.286096481732518	1.9061467355063937	0.7117362523008528	-2.9711165673122792	1.3045681471488642	-1.0176243631093713	-1.6614002224000848	1.982276667029841	-1.8503070533212909	-0.2841665979795801	0.708017501860016	2.1022511937924264	2.7075289152385302	1.8821942162764276	0.2963173101725786	0.4730826853600833	1.1960557306061956	0.46130340381479024	-0.5638879104060165	-1.2031547172750214	2.4295603081781163	-0.19625647468031235	-1.7129343311497358	1.7825603404104233	-0.8685933754582834	0.27969065383686814	0.23478157650440762	-0.45252591113171164	1.565382546381738	-1.398660366998605	0.32762319491951364	0.1060192020791731	-0.6820576855205006	-0.9446524122145802	-0.26084244517776145	0.5263959385437383	-0.10171348094590209	-0.47218806169212396	-0.7575721605900274	1.379179365683146	-0.8926984955841377	-1.321849347087363	1.0674254033952115	-0.537984791366062	-0.34276408345846876	-0.1274245492339222	0.2091350261845901	0.16528961271884565	-0.3876214697234374	0.09013192487482494	0.6147435066769464	-0.3279520255697642	-0.7530718423972896	1.1966844799599385	0.4110818426567902	0.7431695460351991	0.856090749842748	0.28708620768626786	0.5453943889383325	0.011986113064720007	0.14235019172885446	-1.371037372589917	-1.140903580556455	0.2434981195024425	-0.8034081567780217	-0.4067379561258921	0.11472293125496161	0.6861372856500759	0.01766023604876908	0.09461635947916004	-0.9215752108297068	0.27183895644042066	-0.1910058033704751	0.8831167991553031	-0.22429551599789144	0.18900631423262543	0.9014794566706563	0.17108936067102734	-0.8167147999540364	0.15417867540377697	1.0476709337303909	0.550527054069014	-0.006235133078223658	-0.4715965608107304	0.4860936313451872	-0.6082374882975442	0.19146850957241918	0.060241829784934475	-0.43920156202198307	0.24338998965401162	0.11215796280356782	-0.08538559798277266	0.5067901176030772	-0.030543207785005903	0.021894213576074562	-0.4057844021668644
DTXSID5046512	-7.382878895959276	3.1099238098527944	-4.191009885864842	3.370196661225254	-0.019178090588898494	-2.407585169393434	0.3063695058037673	0.8792075259967437	-0.7919323533422561	-0.5678469575369343	-1.6421628802541777	2.5027250263119973	1.8475003730153627	0.036126101864241346	-0.08259372038355693	0.284512985729626	0.45550095067927754	-0.3399705402575543	0.3155519477468791	-1.1850240830670293	-0.5610409359515551	2.0330363193581302	0.24145136620190888	0.5324053608876199	-1.1916442397619655	0.7236876183753492	-1.7038726170438576	0.3311366884428678	-2.132012978501857	-0.3927737938308353	2.606028828107932	-0.8207405725174074	1.4956367761897522	-1.8286959449155349	0.818980339712347	0.5057241539660244	3.2816543350291227	5.045773600208737	4.75741289744645	3.3747191401925583	7.732735159864181	-3.4254805869937535	12.094132469326139	1.523667673288781	-1.5910204061776347	5.952695543834834	-1.8494446131285651	-0.006912794229112161	-0.4591636998826326	1.7716193340610378	-0.19228594309151498	0.847177616603198	-0.9418124913716834	-0.9270330385601894	-1.2510816182683187	-0.46030990877967637	-0.9030299063901556	1.0852164696446844	1.083759698758177	-0.05686652863410628	-0.4767557971624421	-1.426251480453759	0.10413540313647089	0.011535776684633693	0.695275861609559	1.4416348294882528	1.5136673744552085	-0.991478336042671	0.9744912153540075	1.5267824337513802	-0.6972901825856542	-1.3161713510812412	0.7226741115017233	-0.15937050739974432	-0.7061872886128541	-0.08959158629536086	0.36497983415234114	-1.024139055726181	-0.372667637710631	-0.09884263967206344	-0.888714420258935	-0.9519159127167205	0.1025610940448398	-0.17243509780463948	-0.06294081684619962	-0.6548637814315447	-0.4528268553914873	0.0020137093340447617	0.40975458830133304	0.38321514725446737	0.960520702656127	0.9398611398219316	1.013284097335753	0.19776187871545087	0.013715631156620948	0.7445138072071565	-0.47837177960010996	0.21723292971212352	-0.05316586078876605	0.4781034840901689
DTXSID9047883	2.265978699203292	1.5803074224094658	0.3780340096564632	-1.087658491745489	6.408633004368244	0.3223854184325192	1.032035777057902	-3.24902050932759	0.4873177723490847	-0.9942000397255641	-0.34931189418613784	1.2882374967032677	-2.6229729152550667	-0.39747188523740745	-0.275063533143765	1.7772847948528008	2.1418049644159645	1.581671713125557	-0.11727614723546645	0.3564450598581721	0.6924948171938099	0.778462682020569	-0.20036844735401135	-0.2941313855431925	1.660921793417663	-0.3100203123638286	-1.527912978184349	1.2311661726857497	-0.262920628129023	-0.16681702325161665	-0.7910680600232413	-0.8566890902571758	1.527538704726405	-0.5758445998681029	0.1376493675500617	-0.15029844866290323	-0.3058867613089272	-0.5025128246411129	0.3305646189704739	0.191655600848198	-0.03759671111331519	-0.7783929120290819	-0.40762992130019626	0.4191935111123892	-0.47882829482288647	-1.0836800305550573	0.8002647580272069	-0.2536230036974638	0.17247770635835305	0.008732849841080408	0.07114874324083097	0.2963990824146269	-0.14244990956519146	0.3049589850044044	-0.02456285119811764	1.1150485485434674	-0.7966400908137531	0.3246875961035511	-0.19986817953416863	0.5710082882037446	0.4025655296320769	0.8637716503095619	0.4266594807739501	-0.5825955592692802	-0.31140093619907466	-1.0539571253892388	-0.8591839415526223	-0.09337545103225271	-0.9330616389586055	-0.5866547400439893	0.01915674472334394	0.39522994163711395	0.06186072467718797	-0.3106243803579744	-0.08899887850904074	-0.3740178963478276	-0.05006357277838367	0.05645919278780616	-0.08155508820801481	0.26264228712623566	-0.1813519647539563	0.17390819467257915	-0.4480252987804691	0.34504316171617944	-0.06206075625089735	0.009942076285930771	0.15329131285672337	-0.3041017948645662	0.46183469769298674	0.23335954825287536	0.2035447677707689	-0.24123138874931152	0.12788485163807667	-0.28963168200425166	0.3147572101606532	-0.049767281147466674	-0.00412352916693226	-0.04011315039622238	-0.34482201974150123	-0.13279510534634037
DTXSID4023123	10.846620161772275	0.4726189063951882	-2.3368260756645114	0.6029742354615368	4.895662706234233	0.10822960117491551	6.5641455710953505	2.0114041198737542	0.5681101915385002	3.578256013194251	-3.7611482037966604	4.435191488600377	1.6617010147123223	-1.119697642800599	0.9024330036272066	-1.5619873542432445	-0.13414758361701118	-3.504735611236835	0.9417974783259697	-0.908046261936411	1.8643257665685753	-0.21183906482521636	2.444007897842722	1.9352484598586797	-1.2184632120627543	-1.7152666073564418	2.232465556688633	-3.7773746760411018	2.2992585497972113	2.120310266645685	-2.05485373433733	2.536503381812305	-1.1664529225032805	1.0452359948913115	-1.8795352149895834	-1.623096816822129	1.667986858697791	0.8368677916717012	1.578730583235432	0.6291972541483343	-0.6292494860876133	0.31159909064184665	-0.0702258435432879	-0.09020158748730425	1.4958119159305134	1.1032862353033723	-1.4020780708718261	0.9548560036519314	0.39693786536064174	-0.6175177036369681	-0.10953328436926892	-1.7018404682323722	-0.08142082178430668	3.919014209736853	-1.4134719989255622	1.1826775975527977	0.885758227307585	-0.5396377319547003	-1.3783517397332157	-0.10097095521418052	2.3666658528121065	-3.0989368286815666	1.1828879223904447	0.5446889386862334	-1.7268945679122136	-1.8301583848618668	1.8470001849462059	-0.3760071878850046	1.0341356755597149	1.2118296685551957	-1.2602605252981716	0.19698077382015047	-1.2349301962188879	0.13662052515590892	0.0628466585158911	-1.004042829347285	-2.8221493148810075	0.35609988287497785	1.3258200355946517	0.5603691197211915	2.976593790476278	-1.40287371006312	1.43951531324664	-4.848656256034956	-2.315361510901045	2.3788175848345317	0.09819685912869881	-1.346290080626815	1.6092084197763854	-0.68273617927014	0.7722498403674358	-1.7063846941804965	0.5613132420160336	-0.3302138271530378	2.6188517285053656	3.845658585897456	-1.8995214776552796	0.13698343519732886	-1.2112822351528167	1.2206896895548178
DTXSID1027479	-1.6533462352615773	-2.2298364601584626	4.081224755449593	-0.3744785842882434	-1.818592948132575	-2.7598715540341128	2.7469604698240215	1.8802004875668328	0.3267436966790647	-2.3247193366288164	-0.34460128581996474	-0.02303611598739946	1.0773647067699386	-1.407152645054179	-0.4528503393047562	-0.3052326040682913	0.6803846821054498	-0.4642154793776472	-0.32448968519876964	0.23132892012365602	-0.7921204273562557	-0.24170663299563605	-1.5051668636452709	-0.4139829821430238	0.746437089166467	-0.3844302781518888	-0.5147231621463351	-1.2047528959959684	0.42031004418687135	-1.9838911593148931	0.6382223860168417	0.11612107656594943	-0.0262982232878962	0.0009195811621708817	-1.0506543612466483	0.1492342731941179	0.2928781454986385	-0.11601531034077732	-1.1574793448226033	-0.8642210674082961	-0.5165059906877707	-0.4281509721313757	0.2140566728982783	-0.7588569570873451	-0.5182471316618866	0.5117070911589527	0.0901154276368852	-0.45511940163741393	-1.4796231468216257	0.21240531083839673	0.6214188565750439	-0.09086556559328766	-0.23075929006265286	-0.2476859576359545	-0.5037025513029806	0.3339032181822337	0.05961325045410127	-0.42542443428771076	0.44402713247390024	0.22659669269018087	0.8016561124093066	-0.36778613285704476	-0.07639068594393203	-0.1838104292466122	-0.8818201253992001	-0.3261554655635352	-0.3868421945792181	0.07652995308313237	-0.08845249489269005	-0.07284637461264208	0.11053418279781947	0.2888626296390358	-0.5914063489094988	-0.516692298287536	0.40832668391598115	1.0512281561278933	-0.13752230409615027	0.22271706434900576	-0.2572589205528749	-0.37150307132837	0.06338543348657985	0.13343348576536682	-0.6316502908436623	0.07156258594828795	-0.22838393501459323	-0.05823813883842821	-0.10896930837690917	0.09754277577439097	-0.49477502098413556	0.37548254209480236	0.08400884156257915	-0.09166452555208693	-0.07181292999527472	-0.13782412505606378	-0.21520783484174447	-0.240847924993064	0.1006211793285221	-0.5201023187463443	0.12919804397069798	-0.8290754567654564
DTXSID4046490	0.40425634610948524	-1.0409328213236977	-1.4476060706983325	5.216813776160338	0.2167238207712351	-0.1466710973340943	1.3362369772185845	0.09734432374339032	-0.07364535547792402	-0.8095588405717452	1.919056083993551	-0.5232904817330815	0.061637121545117336	-0.04164803192076046	0.43776938502742385	0.22580935802541788	1.950381580960914	-0.13080583759039585	-0.2978196762610775	-2.0514081751145303	-0.44647064752767346	0.20792829997894055	0.47570767312518025	0.15658816421306765	0.548163468426705	1.4576654389162442	-0.08732148464913571	-0.8129559650580775	-0.2965067214850846	1.0002224903376007	0.90453918366219	0.7577848937843177	0.7786328878988893	-1.158433787092261	0.33770533202107195	-0.032641834227799905	-0.25869227413276086	-0.00385639203019749	0.13940084377987993	-1.087330333656155	0.22233522837447334	-0.7909391040852558	0.1465941982740707	0.8927966187710219	0.13208047013742538	-0.1062311891640441	0.771598078745612	-0.0349086924416794	0.5470912552117273	-0.05206991899876268	0.0298785523811443	-1.2340126825704707	-0.4692749774034699	-0.3641108653865479	-0.09188037871862385	-1.0558675936427757	-0.7188385244793064	0.5351574438404004	1.7277086434990627	0.2570091492843698	-0.9067130276114901	1.0273859103244578	-0.12203974239502507	1.0603476139853212	-0.6572844017599864	-0.5193818070937581	1.1840166860640071	-0.13567917607120578	0.32412935089680034	0.40698155383471124	-0.482661587906144	-0.5255555124509165	-0.044310371630076846	-0.20342053049400133	-0.14807334272233333	1.0037748041237855	0.9630714384205743	-0.9212490137663122	-0.4645298139009658	-0.14326306623994922	-0.07238278711730534	-0.5819214178019765	-0.38236054379804724	0.5524328012202835	-0.29816348314695323	-0.5667074560904318	-0.026670460461178658	-0.2694128478941759	-0.048320241701529154	0.29243203559701897	0.7589836524594191	0.46628622037583833	0.6873424786624598	0.8115336142188555	-0.19757989750605742	0.3476893854582013	-0.7160956728138405	0.010832403094063735	0.5827744796714129	0.7403298549773779
DTXSID9046780	10.69552225975509	-2.5850441067547565	3.9809303857555594	-3.634324413069008	-0.036806067497833495	4.413252560317654	2.117215639034227	1.691972878673047	-1.0534611416529258	0.7671964470363908	-0.9661048167033052	-1.2251648429507547	0.6113696773114341	1.0200826872050137	0.29128072362625873	2.2217146421151766	-2.634003942781913	-3.3816140391618505	-1.6479370762125995	-1.8780355801170006	-3.1774050544814236	1.7889174221899056	-0.6002782005732163	0.9868317638815319	1.5524649132062618	-1.5396470819860852	-0.9978624351319914	-1.6950214273465865	-3.1712591185846377	0.25450058731927105	-0.05201009632314948	1.2353685080325334	1.65495826472492	-0.8134234145111678	-0.8784787751616518	-2.313218804520428	2.4985183358783773	1.785830867578738	-0.7099639227845549	0.21010632084750913	-1.1198920218825834	-0.1377844663807344	-1.0428836238868884	1.6198024661237922	-1.3920073523534693	-0.40838429257229575	3.484298420637972	-1.6322805848003998	0.23223360378465324	0.009294855407522114	1.0456756198347832	1.4718186880560258	-1.4757999300198616	-0.9484842928615188	3.9520718817919867	2.707810249738024	1.7359968072595846	-1.4291914642754777	-0.047173456352663644	-1.3182907584963037	0.6361087311334641	-0.7401317247310323	-1.4968876574821848	-2.0295911919574605	-0.6917628078749395	1.2397918930119323	0.8238115830439786	-1.3919150490993804	1.530799541897472	-1.8549667802159746	1.412190041245585	1.1828269385131729	0.5854756074399705	1.5034055255646714	0.4002274139009984	0.8495055219085969	1.6501016425232615	-0.05985438929288786	-1.6063716288106433	-1.1741602144179224	0.5055795298825058	0.38151889331424543	-0.2522869557047227	-1.5548569456512327	-0.21203882954726894	-0.43091873077128723	0.11177785518982376	0.8833534202988209	1.321843556236496	-0.5298291860872634	0.5767274680232773	-1.048756265212753	0.7234876137401962	-0.2872063283039897	-0.3427450978043338	-0.07639009340914148	-0.4683929734037652	0.4544967388784285	-0.39514756849500077	0.7303487520813976
DTXSID2047565	3.306546259578684	-8.637721773232979	-9.092874613933526	0.5245538518832918	-2.28536691109566	-1.103164924046611	-9.812770971505683	-10.42745298364819	-2.283361748421889	-3.7210633804644946	-9.93003898362831	15.77218355958835	-4.35586357947614	-3.47004333078374	2.5891063588890493	-4.5224752472602745	-2.4391274558493423	-7.193018563242142	-0.300683860469352	4.356151982166013	-4.084315380549001	-0.9353963580660279	-4.389053098949352	2.534950720384159	-1.7004168542873896	7.092393809075943	2.438098709451206	2.9185054190144593	-5.379938344621214	-2.521453837436278	-0.05371670352173279	-0.795099530879251	-3.3376957434039642	1.4031882464214573	-1.8128483565213698	0.7164401140534714	2.6182062879792265	1.1987270073143124	-2.0231972305328023	2.770428119915312	-3.4638540971433223	2.0209810200248595	0.4686132085674927	-0.7575873911444063	0.2954933776686071	0.44986148396727677	-1.0159830614059215	0.9722298687632303	1.1311251276463288	-1.5555160566116466	-3.123307956060032	-1.491198421977007	3.1061097933047965	0.8643037299575386	1.9421272497958175	-1.1635768332862133	-0.4824756358049074	2.888223439410685	-0.8644615492706945	0.0207643071405629	0.10651761410531012	-1.0247133822563697	-1.9804361427077235	1.276942315422664	-0.8503171387036903	0.2245777326555747	-2.121035498124126	1.6774311831549567	-1.2497273846328487	1.5506971169097319	-0.4801533392754308	-0.2286308124721984	-4.061928459881263	-1.870356937410241	-0.9839973892302558	-2.1277850163178744	1.538772666019655	0.8174986939468393	1.2075014809187639	-0.06556773527011911	2.68008134681362	0.5728908048856021	0.8827327994225884	-1.9490225033335329	2.5746601391565336	-2.710698131662222	-2.5384215090964255	3.693447623352153	-0.03668527775608272	0.18595586684863727	-2.449679177203185	4.891044053623285	2.0702269136210436	1.1567958608655229	-6.287829264546876	-0.29608806555177497	-2.9031188360886806	-2.8026919838938573	3.2127635982349636	-2.696389867042868
DTXSID0043896	2.046600334343834	-2.253145318369018	3.8183703959380835	4.45855889807343	0.28435589235060804	-3.2526915375968772	1.6495654606786576	0.3060028109389727	-3.0157505316882607	0.5352457088140636	1.9907086207553006	-1.8339222482536919	-2.9798451811926823	-0.7234951357964929	0.407271441730144	0.9031250742062108	0.21781803538683797	-0.12708092634961243	-0.35002924812294944	-0.24122111141434036	-1.1340131571588157	0.3651826092404516	-0.813737498533609	0.8712806085122305	0.3194543584571037	1.086087186857196	0.8782313866130743	-0.24485587241712592	-0.39105291980317136	0.5730872029615046	-1.1260137806469355	0.6966578177061599	0.31850045538352983	-0.29622198677790224	-0.245570955568935	-0.3990291863930435	-0.6411767540229989	0.30551173294092693	0.8834077009148597	0.13951659710316316	-0.7842234747314372	-0.69327582315006	0.7402743636987871	-0.5234844157660905	-0.053145913459260744	0.005808147942287464	0.4692068151735269	0.6179772724352178	0.42307897671783307	-0.2784128605306629	0.5165245003329078	-0.4755638172410429	0.7671168231859102	0.6591922819992905	0.11408030881792684	0.744925231924205	0.3150548205059081	-0.3878679874055557	1.7310651731527542	-0.42102022094989666	-0.32027829542944247	0.5760356999256824	-0.4009544364869143	0.4785258822162726	0.44805002079830375	-0.020453314308341866	0.7630111374369722	-0.5566399430389428	-0.23383086161089928	-0.2776999373676753	0.8812308733759753	-0.7963417239191848	-0.5324572794350617	-0.9276615007857035	0.19314074797754893	-0.38188691789772966	0.8111503190078871	-0.13031760044437787	-0.5029502942743367	-0.19179608523745947	0.7605564436557177	0.5936830736501607	0.15417559550289311	-0.5048190536356055	0.4600533463667693	-0.6171391285610822	-0.3750385522517563	0.4214914910120461	0.5678743477406674	-0.3489229253905725	1.1305178692863307	-0.6131144300505715	0.40112574180429145	0.8678390817247343	-0.18951053155128267	-0.5728912894038817	0.07150142098060831	-0.6013909595254909	-0.3760551096373649	0.09342216972261103
DTXSID3029231	-7.4311791205381414	3.489041167223027	-2.823969151014815	3.764441439545531	0.5031693453100436	-1.4082230704577205	0.447103183413375	0.7836388138405279	-0.7016616459917844	0.009285436828581125	-1.1541133718175993	1.5186631079290722	1.9155379251047053	-0.09671842893721942	-1.1862850123025679	0.7337332489135374	0.5151677499420249	-0.12647213612807995	-0.20120313295117584	-1.2621810527498702	-0.8958938939454063	1.254911442136377	0.4076966529550826	0.761888380488553	-0.5153228258153439	0.5415132318690893	-1.1271889803098287	-0.5767547552599351	-0.4788236777843017	-0.3266123051981233	0.9812108227048796	-0.19450521046774913	-0.2838148097361542	0.5255182355585132	0.6332250215801465	0.44491054478641284	-0.23353612940752708	0.6044862851251444	-0.05403517618257315	-1.0008737230770346	0.8255189543789129	-0.1640792706986439	-0.5801277859404618	-0.23277808220255014	0.7314260542648661	0.6910193032467787	-1.2415115018090626	0.9727596567245744	0.8512453234692061	0.023185765482490982	-0.3746352070449901	-0.2588828038453903	-0.5021309060000384	-0.6000908105233562	-0.777449351516239	-1.44618890682183	-1.4653641901467167	-0.14843138826409258	0.0779587748130589	0.7993820858131637	-0.5452941735266325	-1.0567727704685526	-0.2284212510904784	-0.6451205352581648	1.147433848414817	0.6809735563131087	0.9548404233240851	-0.061406052494088204	1.4114192292648398	0.6942749528097282	-1.0515892670861764	-1.3974253521141744	1.216081149628959	0.4203207859469242	-1.2022867599407496	0.8944302828464158	0.9127148651333642	-1.1364835080495062	-0.953640087165843	-0.6103497116790105	-0.7154369883279869	-0.33387416058959757	0.5211813624206086	-0.15682821107514944	-0.2861652803598338	-0.8510957734701446	-0.8384860986240764	0.36969000222156034	-0.11251204408275074	0.35772473159060747	1.1488206897541136	1.552518883065771	0.7114379658092048	0.011400350533878624	-0.1808839904377972	0.6638459939237809	-0.7032555531539041	-0.3132554753140359	-0.16039683614674133	0.931663844807043
DTXSID1025431	-4.366069611048795	-1.974706267221826	3.73045750422836	1.5333291056116474	-0.5425604011417339	1.080900287005306	0.11531240766028888	0.4926701252432857	-0.7492181391539489	-0.24980464705706815	0.6519413318870634	0.11381932776983847	0.4974814206704309	-1.218987630078565	0.2490741646495919	0.3722580521462317	0.0023347920332506575	0.7375077029783978	0.2685334594402191	-0.554545518686414	0.29315101084571316	-0.2720678436488006	-0.7770024189035637	0.4370687913541383	-0.3250681179748896	0.8321089362216592	-0.5814582987855951	1.1321510258822798	-0.6036313395297	0.6705302792683978	-0.9239192893754448	0.1783181397540192	-1.4383866163588472	0.29222469404386103	-0.26598796358514154	-0.18925028967624533	0.3385218412303481	1.0961361354129089	0.0367699283938628	0.15886524413497877	0.2780649134599723	0.6042825713963641	-0.4606081075301118	-0.7052592759416795	0.3376744701976435	0.14865569837498271	0.1387822667361671	0.29578668034931865	0.033855134113116234	0.7427809495243642	-0.32400651630921673	-0.552938428967605	-0.0647336899722414	0.47494286459909213	0.07329353419020586	0.3055279408973682	-0.4722286054328299	-0.14139842704946418	0.4194884007447551	0.22891150019374965	-0.36716702712224286	-0.6891677517283773	1.1165180393660339	0.13154436718299203	1.0118749177890092	-0.44787773638600614	0.13394146810433416	-0.4609836355349363	0.5574843747219912	0.2562035279957017	1.14455375251547	0.6229479853157773	0.5733176336504668	0.7117666792338164	0.20818565384114196	-0.08957885835763447	0.9311862623836913	0.14664306957036313	0.40983219894499856	0.5258964982780495	0.24448531690765354	0.6448543279110485	0.035065887889810986	-0.1773459266376793	-0.07757018875828921	0.08301061605747591	-0.3587892092017727	0.33587529251986825	0.46731307685694345	0.37142837109816146	0.2566749384983641	-0.04925808120467215	-0.09447979691299994	-0.09812869533337623	0.24655796502830607	-0.06346304491117956	-0.19341416549367776	-0.5512635861423606	0.09001835606406497	0.4189171691894563
DTXSID3042130	-2.174950178902788	-0.799761024264012	1.3278751736824264	-1.7513325652271352	2.054118444445041	-0.023268444760603125	-3.0769154300754913	-1.4305670468441711	-0.6946419604302666	1.054994178954241	-0.2605083201867551	-0.6552440064645613	3.334873910405631	-2.7001018747282886	-0.28945809473931206	-3.409783918646463	-2.042541415522514	-2.556162354166742	0.22835403640666802	1.7061621960887268	-1.0831621755541978	0.3011999586343571	0.8995591484825272	0.26742892721941086	-0.4402707219958281	-1.7887846418605757	-0.272429220733499	1.4666865636853004	0.6826855828222075	-1.939705394784597	-2.4969840211159444	-0.19646040221272415	-2.8218677933306857	-0.7303315564850816	3.3872553042106204	0.08304165884669389	-0.9896158346068948	-0.1417981781711277	-0.6000540992586254	-0.9401978610724145	0.1346374881462461	0.59597973351614	0.12910047091004387	-0.38688866638484465	-0.7852096053592769	0.03912994655046528	1.5393331891741804	0.7177104671486635	-0.30953718776244366	0.8162158653056307	-1.0899549272150721	1.2453167704766328	0.3877546287122838	-1.1834085924415076	-0.2625760819142283	1.0399493774346862	0.6512149342251027	1.117211492549352	-1.2517844350302543	-1.4084891855623491	0.10583758035568609	0.6728958785360735	0.11480405116888913	1.1030957893684066	-0.27887207295796546	1.3074453683567993	-1.3098576838400557	-3.468040335761038	-0.3778373846585646	0.18852375580987565	1.0207042957785166	0.7090371839456886	0.17003428611646482	0.4458109836804123	-1.429747350245793	0.7083906465188315	0.9238864159794974	-0.9968293499671639	1.4705421765143245	-0.6639586796724939	-0.6174459805607574	-1.921451901626304	-2.1290800353988875	-0.15472185001522865	0.4202910556690642	2.6152247710255723	-1.380988895483998	-0.5033844742400794	1.9325274101665666	0.6929862854520404	-0.8983383940902677	0.5610716146001212	0.27023580187077845	1.2645525032933183	0.07495722009474891	0.2869234280630227	-1.3663684091609014	-0.13253457902713586	-0.01876609608658164	0.9198026349365388
DTXSID2045076	16.354797876969865	-0.6165074107305228	-2.698007319997173	12.432652729487893	-2.1631796948385116	-2.4589754298128845	-2.8568456120952592	0.014609907980935371	-1.900447324219758	-0.6220616085219532	-5.187167902636984	1.3892756758089992	5.026513271358695	1.8183878988610949	-3.112992480935122	0.4561517851931601	2.9206091587962386	0.017631588343949907	-6.414198084767129	-6.168663916606217	-1.1695791709395416	1.365811639762796	0.051916289937283554	1.7837535657799362	0.04385670433287788	-1.153481098000135	-0.6745347740281632	-3.462927059833252	-2.148573586365836	-0.21087889856364248	-0.6396548265949237	-1.3629858908433647	2.889853866898681	-0.7890769171144277	0.16770266997257077	-4.497567471046524	1.0133211689373016	0.2032823518154415	-0.6564922363798628	0.7364346508873485	0.8848773422864609	0.7361743915333953	-0.8410317199466492	1.0190250150610607	-1.8551051279859756	0.6858233480432948	1.8057851851160702	0.3254283129312408	-0.9812138889253363	-1.6933419701096688	0.3303644607629215	2.8257098089734702	0.017793437558488043	1.7114526038193771	0.7020572809962722	-1.2593487114669875	0.659628358255537	-0.33433933360087315	-0.25469384292292924	0.5635428761165178	-0.27908020495731894	0.2768322742919544	-0.7951776561009055	-1.1025470678139064	0.7175174178193059	0.0009556803188714194	-0.3219266477404034	-0.2718615354361532	-0.19766795849165078	0.37099112978376453	0.8400416665673301	-0.0047599352701362145	-0.30301603282610357	0.4256666658425435	0.43348083361059686	-0.6860519622130801	1.4557448070610652	-0.05850238765406429	-0.5454190983564934	0.593068758957774	0.632479687573643	1.0500245604153327	-0.10234939201277377	0.033688602491989926	1.1421747475660966	0.04301638364513348	-0.32028740557862556	0.5795449965977497	-0.2274572677647249	-0.12423074679758253	-0.6493301784138458	0.30063401463556644	-0.09706355487717148	0.3659156673589143	-0.20570813554169126	-1.0462180066038083	0.3355419013934843	-0.9688770706002309	-0.13503108825452745	0.37099343018929176
DTXSID3027320	-4.997469245351325	-1.114795182718396	-2.5842373961414413	5.111078428658251	-0.5731280107380909	0.28711938183934765	-1.2313461370724423	-0.10303275939262456	6.2462261813247135	2.206655805534846	-3.1592266615243285	-3.4330979285853775	0.5643567868192008	-2.2107883510164346	2.5815910318104214	1.6880339917389755	0.6177214365427266	-0.7266253873256957	-0.1174196409037356	2.595853306685984	-0.9891717493426719	0.49302473356857207	-0.356236616263686	0.09692202465481849	0.5727465041485369	0.31263737120658874	0.9778158987503347	0.17517681410409824	0.7217768831838852	-1.5051840177478697	0.9077247667568153	0.6557799238791229	-1.7974679901276471	-0.23098025814076673	0.9350316867345956	1.139413393168567	0.1794268495298434	-0.18411414627119205	0.29998042218818777	-1.9342698095267385	0.4472254927921546	0.7508842782747217	0.1955775087641931	0.12327090251946632	0.2415891065960283	-0.13547745652682966	1.5326110921101979	0.3966583336455892	-0.4302805081404837	0.3399582744473716	-0.20907999074421527	0.5393154278148397	-1.4366825493099562	0.2864679010716172	-0.3130686441137414	1.0404336176209474	0.9187368061239906	-0.8686423858424455	-1.2151193068999493	-0.6149901657036935	0.9351720716162649	-0.0888701362395336	-1.2401302060193515	-0.4205152756359731	0.38864817303438465	-0.1292374044634339	-0.6678742498833429	-0.827221949437703	-0.27433534764284306	0.25132779977203445	0.3490630868133762	-0.7146159181772895	-0.38720074253672193	-0.08940257795524965	-0.3980384266439738	0.20050900969406116	2.2047783281927957	-2.167670147481799	-0.40288450438823264	1.0188929222565664	-0.8393676268187382	-1.2819876255058764	-0.37796234625606306	-1.2673766152694723	0.7569066012872958	0.2948903286204845	-1.1314654419208015	-0.07019613825603768	-0.1407234650406041	0.1583961841377526	0.7341542369714203	0.19654916666911176	-0.09175992564923174	-0.1364140093638247	-0.17827668288568843	0.42180848301412716	0.25312609314422596	-0.5679028251912212	0.5247490218068095	0.3845704401600393
DTXSID9044241	-5.536318290418549	3.0999821858735843	-2.4609296615868774	2.188448680333175	1.7242132943705057	-0.49911923470507963	0.5793827841599839	-1.7053111817123021	0.15218766818833193	-3.4705102213383845	-1.4400670837608462	-1.2790834252573235	0.5371510111427048	4.836270321650543	0.37401935801585284	-1.0956511398997035	-1.2199138537726864	0.07032910384949617	2.9634176504446788	0.5377605957477359	0.27602052509653463	-0.048384339641218604	0.052589595578404584	-0.3887169888539568	-1.0609555180378336	-0.055219501413940685	0.08832270850762446	-0.030904338481387787	-0.42492346908947354	-0.5033176209431658	0.9350306018167488	0.1199476859809532	-1.0906162765027207	-0.5136811608242416	-0.11378559033110612	0.8158564698350571	0.5159839101213363	1.5406863505013075	-0.2701641939468376	0.2095435339346727	-0.084512358549143	-0.2973285858963913	-0.5103971306330789	-0.26023457590951565	0.3536380471072293	-0.7836687079591137	-0.16879251291109257	-0.20180016816312554	0.22420497714624252	-0.48217188911261344	-0.9599524446486933	-0.6325173288773833	0.16064165956191262	-0.5992327354865027	-1.107933009151903	0.502947501449792	0.24938411159568544	-0.6426781524666345	-0.39325053206535493	-0.3641012382600264	-0.5677220040734368	-0.9787164100049587	0.17209419091435407	0.9356139462390332	0.22744815277852057	0.19084464086538935	-0.45001155956135713	0.12795125348367198	0.7264611558185169	-0.2455865639601489	0.07526433119382095	-1.0466142810442745	-0.26157449227448	-0.28545151689139586	0.0066975039227240435	0.3749977267444403	0.828824351253451	-0.20630966871257664	0.0523115051649249	-0.04125048630969377	0.1919061246032188	-0.04380147082877921	0.7480868343713195	-0.2417684462283319	-0.0034377303718947077	0.16443973383767382	0.6161426610263865	0.19975771913842236	-0.47420007489940325	0.360551354603318	0.19307595589124343	0.0834351487812959	0.3748363585586493	-0.03817133189761686	-0.02990362794226333	0.299723510200235	-0.10673349156664945	-0.08898248788393	-0.04896755722324875	-0.03702525987763818
DTXSID4020117	2.1028407140736247	-0.7690806746660708	-4.064747563289716	6.114404900549269	-2.7765240301061884	-3.4104693876241754	2.310361045625849	6.2869739360779	0.47178130338013435	-3.662355318170163	-2.356215397302956	3.831650829354942	1.9415196938407286	-0.025054085952243885	-2.739392857838888	2.6909406458277787	0.8383165117688147	-1.7441591255277784	0.6806326025961567	-0.27012930140260294	-2.987357210025079	4.035455817587424	1.0662687310144283	0.19820653150283604	-0.6430080035658406	1.1530691898171395	-2.603348909992261	-2.3243351455361125	-0.5737762647381541	-0.9870338709856399	-0.1092500984155734	-1.2342119133220437	0.07039147786871419	-0.8891637694806489	0.4274455557414488	-0.39511634172057414	-0.13993107713421768	0.27966478016239305	0.041265175127987774	-2.0639458061396887	0.2542766681726155	-0.6497775907537309	0.9755603090895771	-1.0867142340008702	0.09952581554303384	1.4713738813253194	-2.1485075315140008	1.8255398964510292	1.3583993114217556	-0.010675217077985192	-1.3603556775928314	-0.4690125407479903	0.4636723113322684	-0.8671739700460475	0.07353874272785785	-1.6483485386001284	-0.7528175118834084	-0.3341309455135562	0.905154783985741	2.1716917890215615	-0.6358132818343822	0.17804038727141178	0.4436998061773497	-1.557784313067994	0.12022247170515095	0.3741120017024221	0.43678668599900394	-0.8512005781910882	2.0018690327108115	-0.27898745815702636	0.7647293749962556	-0.6457196211897736	1.069225193770085	-0.7156288608374678	-2.2931485176392106	-0.10665553120463729	0.04971582188604749	-0.8962925443940952	-0.47835354895150056	0.08279219843753204	-0.39277712182728425	-1.2818883127970435	-1.0277718932059656	0.5303108145952898	-0.187873573665341	-0.3245819674004748	-1.0145507700837522	-0.344926898815512	-0.7744297747652754	0.756670647496235	2.0746526608805396	0.5483631963543687	0.19793141932379635	-0.14539897040657562	-0.198089688169845	0.5435426410819404	-0.6453328128961161	0.9908532953725416	0.754833231521744	0.14347689186180695
DTXSID5034698	2.0930729384376527	0.7337118620496557	-1.0464140883505586	-2.2645651233076385	1.9139796005471394	0.26723038725314013	-0.13489727615597075	-2.0104870079970047	1.545740774438176	0.04390458520979557	2.9074411750375946	0.5492640533651885	-0.7732122439060398	1.4929753099573728	0.4439901292971544	-0.3053878171565961	0.4228427191313252	1.339564151398107	0.5442701908349152	0.11809976804974293	-0.1996362233037039	0.9407981058693087	-0.3661675837907476	0.6234188722803551	0.033964903181553825	0.20576354025450821	0.20038542686615254	-0.16144023970733767	-0.18463913705399912	0.3702512233410631	0.17423978698829276	-0.5881321335185449	0.9524728499585338	0.09463394432926192	-0.18443121028614107	0.38415117231813933	-0.3257322549942706	-0.1510449667598111	0.6462456531674017	-0.21871129718162283	0.19494058933147693	-1.1066004792873174	-0.30802101265083326	0.3400009108490996	0.5031705863264123	-0.06840603505909772	0.15572987617933096	-0.22918319758167582	0.7238624109259698	-0.7237499469795252	0.24223931325846815	1.0622528472900585	0.0179916948124566	0.10241519596980839	-0.42720241948981597	0.3996872466890311	0.21933013462341874	-0.37549314266421024	0.7318091202054119	-0.18789866958917198	0.18644515024594005	0.39527717763512504	-0.3361081916057502	-0.26408680685122593	0.24743324445921225	-0.2782465344650544	-0.10770932603998687	-0.1686799670866577	-0.3211113142018672	-0.26410906835063136	-0.547630968650769	-0.4849461799565853	-0.005864580906622965	-0.1312610030055423	0.017970820586970734	0.35872317600130416	-0.008218133207919002	-0.21949757373010526	0.4032181513268785	-0.12814472996649887	0.19953125254400342	-0.42854281633853203	0.14097160633114839	-0.02020784670489712	-0.9869516893100965	-0.27521214697223984	-0.06233419293002992	0.06785098906126821	-0.6478019473471095	0.2321503703577082	0.34128768429688505	-0.03173805444326807	-0.20438914885000928	0.02168003110027664	-0.17471446875432273	-0.10019991979368371	0.1336356996399368	0.02087486383353048	0.12086653081956052	-0.03262328216211826
DTXSID1057616	-1.2304925100172002	4.748023798292526	-3.812549749672424	1.2093133982087818	-3.3209954117638403	4.545718010286735	3.0579778817599834	-0.9510915286940889	-3.4085804891401117	-0.2874029356718937	-0.02644604534906291	-2.746221327021641	-0.8726768407436714	-0.16785797560096705	-1.1960871689731796	2.8496183393917534	-1.9939005027702053	-0.9222643584239758	-0.34029240882400374	2.223299193061452	-2.8606671025420267	-0.41298597683904253	1.5708188030182504	-1.3898053937653891	-1.5526024841329047	-0.7081832699616707	1.402123757306799	1.7765944621491256	-0.7004866299532981	-3.219075857284579	-1.0147672579906053	-1.223427105869186	1.5809387432146564	-0.2363257694765894	-2.982456971938113	0.19295846747806375	1.2243014404156598	-0.9825451139541955	-0.13518709946445315	-2.7693713633856056	1.5789652048473832	4.247142571269704	0.4519499160810478	1.0854348554988678	-3.1134203264562643	-0.2511914954289201	-0.6473396567920773	0.6158852645317475	-0.6499528212633146	-0.6587035881587235	0.9698507603719684	-1.7572128077064315	-0.026387921613252353	1.5876545366883166	-2.400904148057166	-0.7899243870669501	-2.6368514111321635	1.7751512324190089	-1.9461654285811536	0.4009063375225025	1.5681000340393645	-0.6817967087708412	0.6573504153607512	2.325845167117209	1.4101676139919674	-0.4106990378389827	-0.2369217322683854	0.617985755663658	0.31696635557657143	-0.15892569236112525	0.8841194229149455	-0.9817514682720307	-0.4470749856291115	1.3380776676749595	0.6255694516556204	0.8908748258799529	-1.2883767393617223	-1.1937195107644865	-1.2655247644212562	0.02840901106517558	1.5615343033691258	-1.016064423502057	0.34543618473909976	-0.6962900225365264	0.8207347704557424	0.4363777835618953	0.0007739523302993441	-0.22986990136730817	-0.09657583971197001	-0.5529766961968199	-0.5689061668583962	0.3646920121732531	-0.23125609712794196	-0.3356080475186768	0.1952776143772956	0.23282820498351928	-1.0686138763246054	-0.38721134660986267	0.9891337460725443	0.5737009737600148
DTXSID1030319	-2.5514626136656893	-1.101357290824417	3.58774825464221	-1.218792129097878	-1.0590707968752515	1.4716678823606901	0.709076702978092	3.4404041449408522	0.3999893071643653	-0.08294291701740313	-1.7631664916815522	0.4092878606610836	2.0934336202652255	-0.6446224432844342	-0.667668786390772	-1.3067047523483992	-0.8120211699069859	0.3482732520535378	0.9003362418131495	0.6158866592794124	-0.05081732758238125	0.14373134300740154	-0.10268307371230105	-1.003095542000365	1.1768521961409635	-0.1349763902494116	0.7493183470727501	0.047790064456490575	-0.8940036993149566	-0.15705876412465272	-0.8519066460450675	-1.1168473790968572	-0.281850958180658	-0.3656444322249203	-1.3029248746765965	0.4471984797103214	0.01989016914770081	-0.1891644954993265	-0.46117813429976895	0.34170058830526784	-0.47195298433194816	-0.6596577295750005	-0.2417119557614274	0.6413069680922918	-0.07237489670841163	0.36410246212057623	-0.43959879727710854	-0.028055961733288635	0.1121337006448418	0.1962257486280104	0.014234914784898228	0.857917279446073	0.8957172128572275	-0.31632863568160846	0.5252235646854895	0.4766389752196082	-1.0708175928234214	-1.7269921578129999	1.5291908888656867	0.8614227872946139	-0.8118999251163688	-0.4657575027841359	0.5053570957616244	-0.49038378563120427	-0.3457899830260665	-0.770590555373585	-0.27786517511454667	-0.013235380848237365	-0.24054912684100344	0.39105275398063005	0.01176663046925068	-1.0606683901722371	0.22519235538436858	1.1320892994434175	-0.4792396562166599	-0.11247493418538994	-0.8092838446373403	-0.12638382716806854	1.267895251618534	0.3514719467150496	0.07076735175023903	0.7183772817109924	-0.536698504039882	0.05424938381346294	1.00712286087588	0.34655753554305624	0.4293017320203359	-0.41208745417218956	0.3248741466801157	-0.7835999687338118	-0.23414958492323237	0.6163507325586701	-0.09850425319550961	0.020400609355478976	-0.6996656523594824	-0.38008400535461	-0.7093330005311888	-0.7140703569145881	0.17552572222887847	0.37671664917179126
DTXSID9021342	0.013990430690675152	-4.278651699208649	1.6414145891716552	-0.9312068089941279	0.44578015919872277	-4.12672544392628	-2.3069799095663486	-1.5840994137597397	-4.487728231320904	4.2678907388706895	-0.6492539358351016	-1.8392451857917875	-2.8433620386499876	1.0976531629980402	-1.079793754648355	0.8984096066299938	2.0872252306034653	1.0249238961051927	-0.9320384665454688	-0.1960979796406921	0.6460891765900871	0.06739354082981724	-0.3566056158478427	0.9774595972939043	-0.8165632342145478	0.2385008608654142	0.6526446321232693	-0.2587800484895873	0.30504461104750713	-0.46546918463415804	0.24264730810045396	0.3160704609664471	0.8516164931108152	-0.582804323096479	0.1924321222504241	-0.6493125346949128	-1.5180979865694904	-0.6741225103379443	0.48547972071266776	0.5743827964681351	0.27492028514086003	-0.20681875368032876	0.5375039427552193	-0.22014742616700156	0.03031607942196478	-0.5195171212426792	-0.11007035419751132	-0.46759859642375146	0.4648549938282675	-0.16173193751363313	-0.703513999943736	-0.3966041804398957	0.3416834997091545	1.1853375365331593	0.9999400219909395	-0.16411145596519922	0.9665770993710503	0.17860975045389174	-0.4258984589655678	-0.11669412573136215	0.178961030047229	-0.522394337741914	0.4540933146942287	-1.311419599863283	1.0315614511570852	0.4198893238197622	0.4238898341975791	-0.666538011443483	-0.6218557637113372	0.04623897002454565	0.2815379880203716	-0.38439916241253325	-0.5823579622282183	0.36134786600373064	0.7290637190622363	-0.08778302929296103	-0.3390218561600913	0.15527528759192616	0.01860375395111266	0.1749152722629171	-0.21787416935834278	-0.07099360396757967	-0.4707534010754771	-0.31720475280351285	0.379883817194829	-0.15279320640412217	0.48933663735082317	-0.3702240800197555	-0.5679406287154605	0.1301539497301245	0.5850333543071835	-0.2661169929504292	-0.2994770043825049	-0.2991354140853421	0.1599531103119775	-0.4696905408331602	-0.06344491226090869	-0.34057203958176774	0.0426067505848621	-0.16940291146953643
DTXSID5041516	-5.922060120222666	1.0615622662425483	-1.663622964806235	2.0797382121880603	-1.8201771051040052	-1.9504523518328343	2.148541802054938	0.46177399260688534	1.0088301687881824	-1.2031964438397216	1.001674680395407	-0.2709776038248579	0.26190604878428136	-0.18866166380642616	-0.5014595811827558	-0.2828294297730643	-0.20115696372352607	0.05859069058942943	0.9919524966923561	-0.11081029437077725	-0.04556180418075292	0.3961372493313048	-0.0937653776111396	-0.3639355799488189	0.2218404751789233	-0.45436156120922067	1.6077379176604036	0.17686529541028928	-0.7608700677464234	0.12154868129560963	0.3736518191527906	-0.3524738765325056	0.3323690765527927	-0.3335095945877391	-0.8733470797619363	0.23018946644305532	0.2327591353507451	0.05919971443466691	-0.07160461730321359	0.13170374200852691	-0.3729357588908397	0.4205587886988929	-0.38604077986671953	1.3145161485162993	-0.03985225152299195	0.026226377431129926	0.056584994747781885	-0.5239197953036054	0.9331513533360719	-0.6515314456592026	-0.7491159411614561	0.2855800728193061	-0.473822520798726	0.10682065397565789	-0.6500693565811816	-0.08361592875723173	-1.2451238753320581	-0.14239625908808157	-0.12713200399025112	0.2947030166056533	0.9595500397123199	-0.433010778215429	-0.1522077355818309	-0.7971106814837978	-0.468008836347925	0.0634834664636472	-0.3838336300711464	-0.12323471353258286	0.2623590868031461	0.2030851645128628	0.8893816023268386	0.06424786486744906	0.09192305989128972	0.26915540306817515	-0.3991203430727164	-0.12784033193763952	0.23068627302622247	-0.06079076189229805	-0.05953485171080502	0.2864807260070568	-0.5493838731722217	-1.0455666110119237	0.74235399667045	0.22742401188847663	0.4355984591046936	-0.2117074756164874	1.311843789683964	0.10667257495637122	0.8913007953307872	-0.6184036511332363	-0.4612145489691656	0.009984428934928005	-0.569085500544845	0.3849721682694829	-0.033302524501685846	0.5468222986985231	-0.30453261118101144	0.36929397023479	-0.2741877775898476	-0.04740094513615296
DTXSID0047662	3.671486556508175	-0.6621371273972334	-1.7349151438340136	0.428974886126414	0.8113255618090996	3.791314130458951	0.1824189622938919	-0.3832998450315223	-0.8030017381545834	-3.0780086073361295	2.195452352125021	-0.15585015159079701	0.5956437712697903	-1.3081299809374152	0.8982909278193398	0.3938262542824445	0.35613837501148204	3.6639166606865663	-1.7576862380981382	-0.07418485162953707	0.32506918178928157	-2.1811675109656767	0.3091013401115332	-0.9052372474505221	-3.254252364923716	1.6212010209188974	-2.087580329228836	-0.47402094427640873	-0.3634528475378685	-0.3184756664532187	-1.1627957490562388	0.8920534445906315	-1.442612618201939	-2.1792182236734203	-1.1663242621374983	-0.45747763513291434	0.5661551950821562	0.3484331122822421	-1.6626793260840333	0.5909200554089883	-0.6647876253847094	-1.8372860730811968	-0.48970697958551446	2.021940606175928	0.7644743949919967	-0.17843106391308816	-0.07541368686656875	-0.34396068387403944	0.6042158368159254	1.2100234777539693	1.250934903241334	0.26091373921215816	0.850453618558213	0.1738966542188016	-2.7815188591274285	-0.1906750970210796	-0.7141870854706471	-1.5225306568191204	-2.694957255731926	-2.5675545683010923	2.3084877674933852	0.6804576332611127	-1.4591387079563034	-1.0606345137281323	-0.9057506116028289	1.3448109895617877	1.2940849368429481	-0.7959301341809849	0.20766388534321822	-0.8712128308826776	-1.0975557749030642	-0.3225209276287621	-0.3239556987780101	-1.3740514959698675	0.17992449651303047	-0.08540675368808455	0.17210459830468847	-0.39856641877603444	-0.9560640291386604	-0.6631819774513679	-0.9492509279687485	-0.06821957140044332	-0.5575851370928288	-0.32052649964690794	0.8595614270651659	-0.8374395025729041	0.19099640025647246	0.13809311602574045	-0.9518837699433874	-0.20826583075622265	-0.8382095869313798	-0.8560033706175626	0.08375257928129927	0.4404283624738944	-0.5337777206292698	0.2436814142858596	-0.3971537068678142	0.6197265783827531	0.7333266031235229	-0.3822569570375585
DTXSID9027364	-3.952540257311146	3.210783006533686	-3.4498386170243487	-0.514583065826402	2.386302885312189	1.6154429598312732	2.24306799741981	-1.1421548754780697	-0.04040641645295744	-1.1408302873330187	-0.8273772278763095	0.4464626748967426	0.3133498749933335	-0.1634095722794517	-0.025306848223114173	0.593781256066605	1.1768729613837559	0.004753547850815066	-0.10361031646018617	-0.9255146500307072	0.5839698971686998	-0.7046578739180378	-0.7880202796184921	-0.15077629945616045	0.6606092459548967	-0.6316455757546722	0.09466445999123305	0.9459200525615342	-0.9625203175503391	-0.3346404531111193	-0.3354311517949447	-0.0595732496813851	-0.0716146749008179	0.5440360275511171	0.30522387019558184	0.3302590325756967	-0.1937996625012919	0.20433307211943585	-0.3008481220086685	0.5067069418070977	0.14923478198854373	0.3812305599615668	-0.7700493597471438	0.341395102585265	-0.07377982106363269	-0.20281437557708984	0.15058084767217592	-0.029391936324602547	-0.17004517379557765	0.07658530000735513	0.4456593235013386	-0.05226805866687048	-0.13629305716078158	0.7362365021228929	-0.008774298635385194	-0.07620945471261449	-1.1520588524669881	0.019775857061948843	0.19093741177524087	-0.4890647419256591	-0.0396993699990595	-0.37779211897183096	-0.47618222499004526	0.026337182106226053	-0.26781162498472194	0.12064454569711594	-0.23766891355048425	0.1981746752150995	0.19107475599440696	-0.7736147457371572	-0.3804626790165092	-0.7537174602077997	-0.1083859837625362	-0.2674912002916791	0.21653238995794272	-0.10793821303882808	-0.10030935517936869	0.6146183218247034	-0.880296150590441	0.03102911174844507	-0.27769601560720836	-0.07733520766510421	0.09145650083452311	-0.2744723598448725	0.6451667585252482	-0.3211475384562523	-0.007744321595277379	-0.5815025626126624	-0.08871949312840223	-0.43713165030165335	-0.15595658830688827	0.5247900438238914	-0.048748393945560714	0.11706808503341631	0.007808454723400988	-0.19438440427603268	-0.25300263389751715	0.27085775346177515	0.2661759503119904	-0.06903973878953988
DTXSID4023202	1.2960513768138624	-4.1770542483459145	3.0865281194667054	-3.5994952849378037	-3.1988851071672126	-4.3268332304236665	1.7805089347742917	1.104748807781757	1.8251178228333096	-3.7623822626096963	-1.8317166620520857	3.665011893607912	0.467052127732681	0.8009225338887358	4.662127249496125	4.507791009257834	-3.0103908898255667	-0.16183405804371667	-2.86430974299352	-2.1670712729879327	1.550131766721645	2.0484873552835796	3.2315083795039143	-4.592322506050578	-1.1897618457508692	-2.9009621603805833	-0.9076402960390968	2.155104940557698	1.8833128353714619	-1.013614253599383	-0.917803776161367	1.2256843072019303	-0.5925973301883137	1.9866737785000228	1.1260600634699702	0.678980256484973	-1.8258638829693885	-0.7971340965680687	-1.690218863042979	-1.6148579502473934	0.11484930786178171	-0.5543482958617932	0.7259173715877353	-1.1975254644212305	1.0997343008443194	1.313220237382615	0.4240949236772776	-1.294100075967861	-2.6998999462627964	1.032893197988904	1.7976977852753715	-1.2834195523238376	-0.3191103886506192	-0.2772552200148447	-1.959934997743283	0.5740958128477824	0.2370308139924914	0.594052962985043	0.5872415610828947	1.270559255089638	-0.4279746435554431	1.4914221064587914	-0.8138610635849817	0.6961441323882205	-1.2057443728957997	-0.8684190787595512	0.2619735020166875	-0.9706492605553957	-0.06802537973158344	0.46537679451751285	0.12712838684700567	1.1303405519657979	0.33447213385963925	0.11022879863049088	0.404789813479003	-0.3474580618015702	-0.47772536822476136	-0.7800856804669339	0.1085897414832658	-0.24775865210965706	-0.861699869432945	0.32371477082908173	0.14560011745134396	0.5032933301499648	0.08136397586997117	-0.23120291635635307	0.09647197874899117	0.0763775451425565	0.9645967186755408	-0.3279599417093248	0.29961061530448857	0.35864023747694085	0.4507292703530865	-0.18503367791965655	-0.43367275208891476	0.2032518272225885	-0.341734211343497	-0.06853407325777525	0.028889076295140974	0.09989835374674277
DTXSID5046017	13.348303164459994	-7.860412234991335	-0.42500955816232794	3.865046398222463	8.350813133203363	1.5080853665576277	0.7117293376311055	-1.096370824515398	2.8550023890516605	-5.418363520186355	1.855562040016646	-2.55988576174205	2.17733887671953	10.137878952393622	0.006883309706720104	-2.776116273438112	2.387729500695474	-4.232871301476483	3.3863393125676695	-0.2986212607526512	2.0354848123985603	-1.6702482890406096	4.22004544823154	-1.902323445134633	-1.0721680181069033	0.8333815750096916	-0.1711584586589487	-1.150770870646008	-1.937162507029985	-1.2649338209335077	1.3952736539193833	0.9453311110413108	-0.1285980538801772	0.02199238925541416	0.29502000354035496	0.3262359948603916	-1.52668574264023	0.25335284312710293	0.9763027789436785	-0.40710655000238627	1.6147290453272063	1.2480882185161186	-0.2590037579574762	-0.5147257917761721	1.0973160696460282	-0.35756194828526866	-1.1135209015463725	-1.2031983679198226	-0.9641517196953376	-1.0539243958528655	-0.2370407713851492	-0.039282115457883106	-2.484577255772933	0.742711707875691	-0.7962153595006594	-0.8949065726750318	2.1075210506079696	1.8683444318335498	0.0851887967044062	-1.5799205675287624	0.11130997780571066	-0.5181518147111644	0.05851754549749199	2.4665396300607343	0.5100786811524407	1.009023447936414	-2.0854018202940607	0.9866694015564206	-1.8694282980920265	0.3980143318184635	-1.026463245634664	0.41234569281486505	0.6352663394479698	-0.2234042744546852	-1.3198739040401897	-1.0355315183189537	0.3433083781039472	0.2522683244589382	0.07703479415027173	-0.11355984741018679	-0.027022797517502414	1.464715912439429	0.9029063519569727	-0.44389792901775194	0.14544112594655215	-0.19250164006113266	1.0861875270359092	0.4295564009602583	1.1571237644859667	-0.8369715275881107	0.6728726365287285	0.0005831604678168745	0.2536745945212182	-0.35865012229413656	0.8810497224662478	0.219849002500637	0.6720966179417922	0.4362373222550763	0.6929503899217723	0.41688282678506455
DTXSID5048893	-1.530591187713597	0.2866075420743019	-0.5836948024123185	0.3542840209156486	0.020059153446975436	-0.11429668991308263	1.824008116320158	1.5980324046540209	-0.13885917500257702	0.0769891592534861	2.080231963136717	0.2979411270298828	0.9705755409099984	0.4322483895173302	0.6630198056833934	-0.9659243508642749	0.2796460961320986	-1.7953755006306849	1.1831220440419603	-0.9093360329729211	-0.4066428670706108	-0.905314325602927	0.14698349623020812	-0.35839175692212427	-0.06797267516405885	0.4223705507055366	1.2626531228723061	-2.480131550879185	-1.789675018291524	1.481394685902256	0.2852228497234108	-0.268786844614849	-0.13391349943053946	-0.022328913408181484	-0.5778719758686505	-0.9634485156745698	0.8239553857877862	0.0725512194255169	2.059524211537394	-0.8630165977257637	0.832622734522077	0.7147144892807701	-0.40572569423075916	-0.33301801950716753	0.776588458197113	0.3145389300078934	0.43232782818632015	0.5085776720101344	-0.44768052487123544	-2.1634514982372166	0.9038412457664382	-0.5664239591721993	-1.5290606965739393	2.8207049981594965	-0.9591487403650008	0.35518790467652844	-0.48713706790236283	-0.38198650379323257	0.9164142659413473	-1.207555209129244	0.027133639164102826	2.366473811795732	-1.635819949821159	-0.18735801998322302	0.982221772573065	0.7675909150692012	-0.8628331136014297	-1.0554274778591073	-0.6720544339005048	-0.17267770474211952	0.522531206452152	0.17908976780301425	-0.7879001016930035	-0.681931896985678	-1.41273492591008	1.5194985417537792	0.5390649302394886	-1.4841225739503934	0.9282282192720634	0.09692141728612048	0.4013962857347278	0.8513249728940991	0.7228800689267602	-0.6429097257988329	0.32699509735640014	0.6897282730737165	0.36088250509528774	1.3189632068325687	-0.3129197856807857	-0.5881999179260975	0.33076972366623847	-1.0662479905669922	0.4344471593970461	0.21102375777757307	-0.18399356606963818	0.11445738906860338	0.4587891681003492	0.015553231133184228	-1.2850996368173622	0.0015471338233584802
DTXSID1046714	8.711740649404977	-4.677322568201498	-3.3189566566929147	4.412003831253783	-1.148687664348884	-2.160674670251049	4.720253090678363	1.333916203944901	-0.4972243248406353	-0.30198657900700004	-3.802104967029326	3.4491607651280116	4.209203486434707	1.6843880498331913	-2.370401464668141	-1.569620100282552	-1.7532510301709974	-3.439259600348948	6.424454931337737	1.075124173640771	1.4098562030933013	-0.3409010604916268	-0.5075323748736137	0.553677968735106	1.8080949129429889	2.8726525999004635	2.168353224759422	2.7694601053441743	2.191035708789933	-0.014882849763317519	-0.20176731287228933	1.0458978692512548	-4.0324475590833035	4.161614288501625	2.795477037997499	3.5480322501829	4.863070511538181	-1.237807877752984	-3.7425906830228857	-1.8787463234900228	-0.3306854256470424	-3.09647210172108	-0.7079869100733595	5.094633015952967	1.8726737095888075	4.341034643013053	-3.3195695492913364	1.1282976462252614	4.446756886200283	-1.832936504385914	6.559785057692478	-2.7702629925075857	-3.942680251283321	2.7523678657946498	0.711766246180453	2.4852701452370236	0.29140088542187753	1.6624173281624275	-2.649383386379192	-3.128759061929464	0.47512834271320287	-1.1403519989162534	1.5793458970467196	-2.9184398340537174	3.1299320528811956	-1.4437958919221783	-2.763065138856262	-0.43436291747855954	-3.2526585295844614	-0.7113140891614564	0.1289738854739062	0.6275465118836054	-2.663465971279881	0.3737392788942096	1.8161574071768756	1.867432587121839	-5.64894632621508	3.8084893470499424	2.582922316574775	-1.2787585431488726	2.9388158696050914	2.3716859246945217	3.5183605861612928	-2.56722290261137	-3.0990618603167306	2.6645745565727244	1.2064796129536897	0.3463318864367447	0.25207480487765177	-1.8462817858623621	0.2890659057680064	-2.0628069274703806	2.5389137942427316	-1.7527647121939574	0.8925387474569729	3.3266968448045144	0.6208605951273679	1.0734055503010103	-1.1676605480326736	2.1214665137384157
DTXSID7046754	12.285014353237862	11.026553744784627	1.352365723751675	-2.528241502541771	0.5062919266535882	1.2672568130954251	-2.2378596311169443	-0.7024427806225768	1.2668698132714815	0.28804118812591356	0.857524317915239	-0.6716366344902294	-1.4688781684496732	0.8671608204664478	1.0550041682339057	-0.18365460186142474	0.5615268072197617	0.8589667288055052	-0.1112643449349259	1.339136114149617	1.0749332275790116	-0.7472981528195924	-0.7039607067275712	-0.9361001979233421	0.9206365145909808	-0.5151048385111198	0.5495527409474676	1.6326682341059588	-0.09096133084312454	-0.27974696745169103	-1.284220312707879	0.05810572443716803	0.7363506407093015	0.23619870052653943	-0.03331454303183771	-0.4346428370610144	-0.03373471281254143	-0.5559309771157221	0.6371253815912568	1.351043250061835	-0.1438362424281375	0.0057974737638218045	-0.19658886120278624	-0.0005511778679811682	-0.09007851099160091	-1.3049070059547603	-0.4152014330577148	-0.12512190233573137	0.002639332637552227	0.8403045741949702	0.15958358979678058	0.2662070804635881	-0.273250533034623	0.06843997489932059	0.8095471900254888	0.9413664368976379	0.05068116590986874	-1.0794124341427875	0.36443237022038527	0.45307780293885547	0.41286823219308977	-0.36712948312396704	-1.3979643252392262	-0.5553874147332144	-0.6089879529506514	-1.0794871482609052	-0.8448460355776819	0.1781958472202087	-1.563022891763181	0.46850494895780687	-0.6117515798471275	0.5575324723062538	0.09055725703468208	0.31564289216911184	-1.1601312326565074	-0.015531455683826018	-0.2901923599188997	1.058207306998623	-0.8175824010778934	-0.27535724016620255	0.142270426278585	0.024979774199956242	-1.00456121445867	0.23175212751161042	-0.7973237575725728	0.27879646866217034	0.7894298071924251	-0.2351445713461301	-0.3318735503826916	0.30656821931049383	-0.16751229167406953	0.15925217128680696	-0.1659466752377055	-0.16760569000625306	-0.12588316541798714	-0.04071602753876498	0.6504493606010113	0.002894324647135121	-0.07148476762360809	-0.732518553913551
DTXSID7044895	-3.314323620381076	0.5023581759894454	0.338036396284455	2.146312780242492	0.4309051960429546	-0.5163711866768544	0.9185840614064311	-2.021229706843708	0.3481490181591576	-0.6620595030321372	1.7643709819223774	0.5679347265250003	-0.4027809859141142	0.1388418842289014	-0.3656886832657942	-0.5830264141351577	0.1569597121845745	0.47561822513446694	-0.3165219987298368	0.7237840282215057	-0.8790002303323591	0.36367643615994477	-0.3243491338397758	0.09031906734510661	-0.021675775382661557	-0.09420650542272385	-0.05378923206335656	-0.3985830612436572	0.09715811797814315	-0.8332168269122258	-0.29127030763700124	0.06067581680003827	0.16479645460482356	-0.14997253393303156	-0.14925277744890117	-0.4881074931554053	-0.1142610251908726	-0.10974516107386861	0.23187332120972004	-0.40091482398141126	0.4537327099796957	-0.39544096807703505	-0.18348556268558056	-0.2787233150138842	0.46574374510782	-0.5132641729568669	-0.11877780834783419	-0.41299093229147327	-0.3000431037271174	1.0679477845081995	0.00580436431414685	0.15540669482336758	-0.31089689083012234	0.0549239392883249	0.3262362319190644	-0.027977144640675317	-0.526740946471164	-0.10249964383609438	-1.1708645310472414	0.341432046847175	-0.018998886874849862	0.7801978776377443	0.33780927419977996	-0.4140054923740742	-0.11995732277677058	0.09519514717313536	-0.0588035113073322	-0.6153287490762418	-0.12683115524164862	0.6073751281333439	-0.7462350551027153	0.7976880786296248	0.7922574122287723	-0.21112754348607904	0.2180501854802148	-0.5809462469913779	-0.5338399156539899	-0.03891640598768518	0.00783997939226434	-0.16744272811487862	0.05140553733230019	0.39191271814218437	0.280995325909292	0.07365846785881909	-0.6431081009721349	0.334185476726205	0.11663490313616136	-0.16919411262048	-0.3262318372517129	-0.2210141251921208	-0.25728741279410433	0.2355741842888878	0.19700518070366252	0.11424373815202607	-0.3143372204399033	0.019456495551367647	0.4037599754412073	-0.017928944135935182	-0.27562628060788735	-0.2315507553947246
DTXSID4023175	-1.857606726329005	0.19167858693131395	0.8594623673821378	5.579404408658461	1.4268504348401623	-2.88182330024086	1.1665752476777955	0.5269438947894203	-1.5318519569698226	-1.080622725035545	0.9047635460914902	-0.07148525300387168	-1.1469663897588442	-0.9502189787889741	-0.19179915810777834	0.783426538852712	0.8217735310482907	0.5109278034303967	-0.7610151570518414	-1.1988145777375945	-1.2045173085228817	0.5745898823867547	-0.4218350727900428	0.9437873787803217	-0.7783377081491131	1.3980892242780987	-0.3054179925577687	-0.4064898320745901	-0.8165072084044745	0.9008642806787274	-0.385458295416312	-0.1887381800973877	0.5680194939168619	-0.38227639170384264	-0.06338504153656165	0.7326555747608486	-0.6742350326365917	0.5802937387419167	0.9452044713232483	-0.6704545866682394	-0.42769480123403	-0.8079520126978085	0.15299931017463858	-0.7664409934371145	-0.06261202558854732	0.05595659641545678	-0.05045248335507481	1.011534048909191	0.9307006681200687	-0.6792414097885361	0.44451605794454147	-0.24983100291985044	-0.03381637095433611	0.1105693016166388	-0.7292504643516358	-0.4704385503383919	-0.3635364943154093	-0.2848738287378866	1.0893550885071603	-0.3848339753035398	-0.7861210066964626	0.20272534820890273	0.26064602923582647	0.7631242281387984	0.5394937099884756	0.47486638191266833	0.7662380988252804	-0.5483549938745698	-0.22910591254474005	1.2495980342897972	-0.507674814575069	-0.38761073790639333	0.21065684204855348	-0.28396159215637184	-0.1925604326487906	-0.32666072569376176	0.21315039031571145	-0.5229195758015373	-0.40256524499208923	0.1149417869048132	-0.04523279292159186	-0.6706523382247901	0.0716597574715733	0.06349489865550378	-0.17251359935103408	-0.6197954026355055	0.060668510282596885	0.36009378246361323	0.17580791974996837	0.10393749066008086	1.2234041540451628	0.002794737060677413	0.24946482911776152	0.3659747219849826	-0.1964580370041511	-0.13728237945666524	-0.3169389962574597	-0.40586819157868526	0.5171432975227461	0.4058943390685409
DTXSID4025402	-8.798024892174878	4.264125489840867	-1.9022066569401415	-0.12793443160994336	0.8650435419428794	-0.09561592652076788	1.0848145163325178	-1.4157656437704784	0.45389506673732055	-0.41229635321955516	-0.7117132133211529	0.9482669856780447	0.957130233725737	0.20226653615715703	0.637332668815796	-0.4098079629377564	-0.3212571134721716	0.22952868037856441	1.3102402824242587	0.06378580336622769	-0.20781204843920423	0.47320575133680165	-0.7803680964718244	0.03227246219581208	0.2070046446544653	0.3801720981178408	-0.22866734808872272	-0.2982186327113626	-0.28775033214335827	0.7374345544792552	0.7557505735702622	0.27248220337402035	0.12056393569509047	-0.7642070573687981	-0.2637695953083658	0.22704727893508525	0.3154315660358875	0.13128696724768096	0.12783117882854655	-0.3792573095177505	-0.15323455533576918	-0.22738634785115708	-0.1658749997917661	0.45410639441731254	-0.04851897738784629	-0.4887071218873198	0.6709470785588707	0.3591386123979533	-0.04265327907079929	-0.6732653394791097	0.13298021324737644	-0.42827628446963756	-0.23710615923765063	-0.23525002065454645	-0.38033527377819115	-0.3929190889944469	-0.5817509553744045	-0.6437562085681016	-0.15636390778451206	0.47649846222091924	0.3457717109438219	0.386843156620012	0.1197506339329034	-0.014649462260964759	-0.32668610778099744	-0.6409779784928781	-0.643029244997606	-0.03771625866783904	-0.17811904546963686	0.4559594670741623	0.22468176241835175	0.14665391424273305	0.13304998569745227	0.23858269304687216	0.25773803560134273	0.17819080793718964	0.3936834788979627	0.5784638387351866	-0.7279626390057128	-0.1690688704395135	0.14051147436193956	-0.21009815217913555	0.05484439001099999	0.13877822940097717	0.016088721641532404	-0.14566616918024955	0.43395604661139847	-0.07809769014987464	-0.12066208754349551	0.061462801453401564	0.03325610244708767	0.034657121960727476	-0.32933374510404817	0.0733445799245349	-0.1377090286390176	0.13524906683063992	-0.2596394712706641	0.19158674485224123	-0.07110548842033362	0.029118094047403953
DTXSID0023084	8.058942505701044	-0.91173781719084	-4.318110668333312	-0.8453728764052909	-0.647564122413894	0.5120849396483506	3.687566278092669	5.503703191148889	1.1890852248600574	-1.6759776768230972	1.1477274809014266	-0.39629822490556055	-0.5984530334252416	1.575869572408602	-1.8005850581570964	1.1797039389017097	-0.0341281578746164	-0.3320559260439072	0.7924936119840275	-1.070140381636292	-0.9089403839162438	1.886106210147389	-0.42763203522880733	1.659449833069252	0.4476014680066723	-0.5709141703645794	-0.6494719838130307	0.22136037927451077	-0.11358005975803705	1.1135077266718727	-0.717136965790242	-0.9091714162353605	0.7167638791714795	0.5545990325216601	0.5760650317517546	-0.5277446335555065	-0.24019411843114638	-0.9072220174135252	-0.6828781165984554	0.2033174658598771	-0.8832387073679887	-0.6290663229275514	0.334272068477902	0.46544826935915035	-0.26139378131467506	1.2422753329528893	-0.8596923116927976	0.3561272972786933	-0.009311311880241223	-0.8617545496747596	0.4674631234515595	0.32444432999754974	1.2981596499971055	-1.304455163416703	-0.7935220636268203	0.45427544191231817	-1.664803275162727	-0.05476705742655477	2.5798754475248398	0.5571492385147605	0.3860838031277641	-1.4656800510817687	-0.9799768521530244	-0.8152527057283246	-0.02905314383696826	0.13185018403201432	-0.6792514027398011	-0.7399892570876947	0.9203801500854879	-0.6163351762827649	0.5649543875439806	-0.7483365026185336	-0.07712976794566609	-0.5816542421972218	-0.919166971098109	-0.947990496891641	-1.1055470073504907	0.8546727950138788	0.6119556731524831	0.025212219052175227	-0.5002906156169504	-0.043323726798543585	-1.0737290873023175	-1.1619102594302755	0.6194961731383158	-2.0315812222090064	0.3159962865684616	-0.6785731799807233	0.8920184608783851	-0.17309494492362748	1.9527441545485302	0.8174437169152667	-0.21866202440950835	-0.9634984211105379	0.5619747736309718	0.06406679001654736	-0.4319565562016927	0.03345156499045771	0.9927030363730843	0.127733770377521
DTXSID5048897	0.2386479443013442	0.2646208016006491	0.1453273707910032	-3.798033984869627	0.8497154824085945	-1.8568247623422391	1.4854914646088202	2.3164294302038466	-0.9521872225158052	-2.496273387885617	-2.592068786352241	0.6283385439564195	0.5757653969003894	-1.3424049083332308	3.349698330520877	-1.3716340120223145	0.5382123970838617	4.5084559388635945	2.214698950362065	-0.2932267209914132	-5.651005589427129	-7.577345367492596	6.189102514952645	3.986291333167818	5.574265528010007	-0.47917400307479135	-0.8794724115621813	0.37098532365086145	-0.5767621925170345	1.171556777436203	0.7037449330830909	-0.525944017888284	-0.4932807687593898	-0.24250329945032773	-0.7963443295421908	-1.0974424868983221	-0.4321906509882048	-0.06900952292945517	0.6593239212783542	0.22170733888789343	0.8232092559233336	0.4764196346194288	-0.8039324810221727	0.7949219051613714	-0.10390367905479402	-0.6274744687814154	0.21464176400521937	1.1241337696953924	-0.3631084390345199	0.949751713176158	0.6650469562990473	1.2033174523306618	-0.7984269202328736	-0.3864674310754234	1.1651316791917894	0.23154455288852294	-1.0425391375849953	-1.0272578893006907	1.0646546752690256	0.3406702190851029	-0.646112502750692	0.5787311850857754	1.0211633585142672	-0.916711566860804	0.10843356254794012	-0.4152060030218917	0.30335264322911243	0.09450098363918785	-0.4342992936388186	-0.17356592721553865	-0.3267724890763203	-0.037799944247549414	-0.28961875784131486	2.1408699446791917	1.272788116385209	0.08242072219253702	-0.013182028574218692	-0.00020383792828394977	0.5933391994285343	0.05386231152209188	-0.19932520633352693	0.6044056352304614	-0.19090224644287052	-1.4157317374365728	-0.7113336383620574	0.1910956442819438	0.2586165185768995	-0.26756283367395534	0.18294572254845345	-0.3497908583011007	-0.49633650233561316	0.664433678757343	0.38193260225146886	-0.03069247134987497	-1.3101884731217688	-1.1231412456135375	-0.9819902576284275	-0.1875544091636721	0.2697793460240794	0.29946493475987623
DTXSID3024940	-8.464229967347856	1.1611757764725328	-3.228674716712468	-0.6025093091311553	-1.4179477123060205	-2.5688577533748047	-1.2587105564995813	-1.195939845452594	-1.3688409163515203	0.7580049667659556	-1.5337722591740497	2.113232254073764	0.4805748877696861	1.5018659278854445	3.5297237380501363	0.9005227895302294	-2.319352861565604	-0.6009668034558233	-1.1605528370006852	-1.1977698192465125	0.20269402279403792	0.5002126111286515	0.9745156236603139	-2.0485819412140573	-0.7226629409615283	-0.6433277465454047	0.35275549044924165	0.16056568395153534	-0.194914086159669	-0.33446480098117476	0.2459221975486644	0.6381833747300373	-0.5794899694532953	0.32586987900798875	0.2949216215668294	0.8504715248963048	-0.668638798518914	0.11443923762376645	-0.4054960586656795	-0.516316451343086	-0.17555044398310832	-0.10284261947503864	0.4473203348674398	-0.38994664721776634	0.68679773126636	0.000978807049258093	0.30293143789774685	-0.7388911097443154	-0.4670447165652848	-0.22058229473015023	1.1046679729250144	-1.2911345490822097	-0.31871274710090075	0.47275942784931685	-0.46006505380437834	-0.3773091219121192	0.03337564315156146	-0.842210474133331	0.36083075841168866	0.5121021911769057	-0.7983962987758834	0.5835623835635201	-0.05259316414440977	0.6261424880799885	0.6176866146231847	-0.6916271961768112	-1.0654615509854692	-0.35112046415263	1.0780886081520566	-0.16371477796198303	-0.3555891543222637	-0.26505454538677686	0.4228149881490139	-0.3615779533012873	-0.7322609356791431	-0.15798909178056939	-1.2238792069341267	-0.2965838299720307	0.09532808466165446	-0.1662597370733607	-0.5923498090196008	-0.732527451876184	0.00624289804311678	0.06922309101582806	-0.19944536361094728	-0.4814620861313132	-0.36052163777777807	0.3682022828864426	0.07455661853611562	-0.09713188036978837	0.022115611016047698	-0.01914422438670587	-0.8929872961983941	-0.01956767054801402	0.2646397341933669	0.38342695871364135	-0.24916613743998794	0.11162692510631692	0.22642405464782683	-0.40897097148658756
DTXSID0044494	-1.4165120428960867	-1.1107242813598714	2.2027284340178723	-1.691158485277677	0.9514909441472854	1.6766754077710706	0.2505859265627835	-2.1761334624422948	1.3940386495474124	0.11511253886472268	1.0044829121664407	0.22467468296025087	2.117995049818932	0.41875947566127975	-0.5905634962868934	-0.2752554419055008	-0.03745555473156125	0.9776572174639088	-1.0936195594661828	0.40946368989601467	-1.1188451131631743	0.8252478512298967	-0.1341945234710478	-0.37669445563639187	0.8142959433618032	-0.2900690789448226	-0.4302158765036956	0.3268065950423849	-0.47313458776409856	-0.1770875887011005	-0.290028143889239	0.10310170069536781	-0.23512426546573229	0.9182828926300259	0.017102643801207695	-0.09631818531454521	0.4290651171398777	1.9541658280520753	-0.46437709853179104	0.07519019504443587	0.34881083254760653	-0.11608716455006268	-0.8184804390558792	-1.0562318584457888	0.08818729765984445	-0.20420831442484563	-0.25457304558829114	-0.31243466144383897	0.1560500991991737	0.8045854184472506	-0.2845235309483867	-1.1619099396952948	-0.7300917319675823	0.20936755077739894	0.29316759819292526	0.28509827960896583	-0.2874298107115464	0.8896457366981647	-0.8801060878823971	-0.7778240273332461	0.5439216548336331	-0.22260897901034535	0.8827267925472966	0.3449104921239559	-0.6507398857441271	0.5857629936934046	1.0053779938180534	-0.7537208786667153	-0.5710187751961047	-0.36324407825263866	-0.22963384261077055	0.9904638369220062	0.05273515453541047	0.6215052040697122	-0.5837864825225431	0.3357647159086843	0.11856685024053822	-0.08835181778191642	-0.35400986826297204	-9.991658735932128e-05	-0.3892635969977428	-0.9725130719894927	0.35828877582409024	-0.42372949309632757	0.38086037642472065	0.44885044558672255	0.03687085311715921	0.30683202297957657	0.5724282599580657	-0.07578454228319495	0.13874797326935948	-0.18015934293216446	-0.6811025022378645	0.06661563039889679	0.012711681966573251	-0.16688310673424536	-0.10093117989316568	0.46456707796794505	0.36643377928193954	0.21833265632010238
DTXSID5021122	1.0541321115812343	-1.4359167936678334	-4.60786344283305	2.951744936146449	-5.047398074725777	7.521630329707083	3.0479217957446485	-3.5509154261224585	-4.810245683285268	-3.01361995941098	-0.3380388715020878	-2.971408373452756	0.5716355525307425	-2.2584340099466407	-1.492841606562436	1.9603849949726135	-0.3694027560702819	0.4413544495817133	-0.4367846191324977	0.40461250079864053	-0.2588751350433051	-1.6542851862504575	0.5371199796594794	-1.6804236711710718	-1.6052325579198543	-3.1780077238904134	0.0989655128058262	0.15002809340824583	1.1964718088647768	0.8752746247621785	0.34657682168505966	-2.4672054011264963	-0.4977195272260358	-0.14192576410106977	1.203827922941055	0.548248062342028	-0.8451092983783767	-0.43740988309296885	-0.019941676506952985	-0.9700374152157413	0.22400293115460562	0.8187093324113548	0.9448616044980851	-0.6383920067189135	-1.072663989362192	-0.966539596611418	-1.451526786908982	1.962704905423553	0.2205540600728898	-0.6186360086230014	0.864304079982208	0.3946319679738981	-1.576061135424425	-1.0450908978445979	-2.249573619059645	0.0886645364566094	-0.9375223613710197	0.671063002403759	0.8049510978646821	-0.34797126350691854	1.5459072816934394	-0.19969040945368755	-0.526877496369227	0.8875144733188158	-3.0318545204430913	0.31099365077151386	-0.1069309688590993	0.8200979597275205	1.2888644573342818	-1.7295147992921143	0.8231727307635894	2.2037770428937162	-0.7237065027846246	1.258972613772921	-1.076468317792441	0.021417936610129477	-0.5313585390094918	-1.280568185716281	-1.0633853291427675	0.5200913205330706	2.4478882796579553	-2.153731795144746	-0.1830956823120305	-0.4367246856176738	0.14603267532736533	0.4225415898492501	-0.07810727999307625	0.31275881222137697	0.9992824327549323	-1.476198279894048	0.2608906493938234	-1.219079226092269	-0.8594692049003904	0.020662445265068594	-0.629779403976603	-0.5287743378697016	0.7284972231634973	0.3137652887225406	0.68036022116177	0.5459003328931932
DTXSID8029604	-6.731608365020584	-0.505234372565587	0.9320150219454035	-0.2045147091546594	-2.4829015487465584	-2.8514335522498024	-0.22894409108411382	-1.1357441372994062	0.5110240053271797	-0.5185316648453129	-1.0965813616914493	3.6412047670697683	0.22388259983840977	1.75081016410776	5.5202654573367695	3.7704010012741755	-4.012712442255719	-0.5669625566649031	-2.659621240724784	-2.9913896797430075	1.383149468749765	1.803748807851455	3.6140453688521172	-4.529569079163929	-0.9826362672704684	-2.708464475696317	-0.43556286113899195	2.3032011206041862	0.9705839012089389	-0.722415099556439	-0.42268006138728914	0.6810026358848724	-0.9714238157671335	1.7976731073920869	0.9626195606975814	1.349146411237663	-1.609705982947542	-0.48063657970551105	-1.3425371471201815	-1.0864314903441024	0.2530899926884088	0.1397577534612132	0.4541269438478228	-1.3384431175190599	1.2672724492020235	0.8616169482418663	-0.030997910253297244	-1.1494778889348962	-1.485218453797273	0.1835039033917593	1.599200453872897	-1.0913192499300803	-1.032241506734135	0.029767634561791063	-2.6199220178024087	-0.1355409745817038	-0.3218150925270562	0.2751429703126607	-0.07042830641267496	1.129448312271076	-0.6394448807673726	0.7318488129434555	-0.5133348585449212	0.3231128495187858	-0.40273898218185555	-0.12045452101734953	0.11522415300312198	-0.6700541107271121	0.15911355553372006	1.301415850629612	0.16620780774473445	0.793308869465324	0.4975417236546578	0.10473635727873591	0.17513976821190222	-0.23230256371755909	0.10726530924024169	0.08805452125401875	0.09658813776078168	-0.19397574424684327	-0.7802006218545438	-0.06933191827284045	-0.046557491183577895	-0.028598155965486854	-0.07153307817957764	-0.22449766915977806	-0.02178003044138268	0.4661345183381894	0.028859721471793713	-0.32362227945341776	0.058326083003108195	0.028294607015405877	0.3013448804247808	0.16926536128473105	-0.36949207069011397	0.028674052698010506	0.3327428517462323	0.11846483884354424	0.042494162907762256	-0.06868629477143935
DTXSID6044199	6.360649090737188	2.635958089757274	0.7140779684138538	-5.772308041169029	9.24606074730742	-0.29698870181997933	0.6996266472968098	-0.37767044934721244	0.04585466379243797	-1.3676005184198154	-2.740083584319555	1.0141840507871733	-5.202225056280204	-2.235998697009275	1.6396692141267057	0.2982249890414469	-1.1496380219360631	0.7155022553279512	-1.4447519927521184	-3.498167022089641	1.849358100636737	-1.0109116933611138	-3.6251687826529033	0.20793532245095556	1.932255692397131	1.7340894669735645	-3.4494136719897837	2.4422989207021577	0.960712720007579	0.4958199745834055	-0.5542860659301552	-2.341506849511985	1.390427873180912	-0.981669333646575	-0.34787840675184956	0.5096003499804865	0.29390975380634693	-1.395854930827512	2.6057342059824298	1.0764900448168102	-0.24022793776229304	-0.37960485771336117	0.3195539554963594	0.5245687028825857	-0.6455627907319541	-2.206361544365706	1.2849545594645089	-1.7595816703064844	1.7616843582181614	0.5325275193121105	0.7348107779516098	0.9586785030817176	0.654899776982148	1.4795778681423353	-0.4447319889024043	-0.011743298827380781	3.176971279428343	1.38305870572149	-0.8165789007393888	3.647948940212967	0.14251403993958686	0.5111642501094197	1.8606869524225862	-1.5405065922551213	0.6841691190962518	0.5460152262806376	0.03922578083531365	0.9324133889557674	-3.37757771766903	-3.4632208712070125	-0.016876062918073507	-1.132607629509993	0.4694622482855181	0.5707096039063217	-2.2278209807456513	-0.7088973319206205	-0.40174631156651375	-0.09034974789038297	-0.5734652984316436	-0.36880907826410303	1.569462899779162	-0.44391643833790906	-1.120716262197079	-0.19955510673761376	2.0611166973827255	0.031019889913928143	0.6091392259815357	-1.9540529301056793	0.899479862086066	0.6366502927324453	0.00811307303793118	-0.32027637031424777	0.16364391724143396	-0.9398694838103614	0.42680299248009773	-1.1525110666878884	-0.06436511811527995	1.4546336160169302	-0.03580072469107042	1.1717437557315356
DTXSID1046922	9.542918356126313	10.18719458583316	1.7692422635490672	-1.2044168716036692	-1.5561693340173488	0.16907257431685677	-2.301921002918225	1.5857561553376018	1.2416279026224672	0.36656243694179325	2.1211265206046677	-1.4304146811808143	-1.88837754881331	1.5429300065439377	3.3328374245519563	-1.0681120801289323	0.38065683507303777	-1.4565628067739025	0.7076355553992362	0.06454613590588029	2.720772432308484	-0.3739044869258727	-0.8662826800684456	-1.7548785012684054	2.2719582554418474	-1.2959712867213276	-2.4217822565876	-0.18957011981226368	1.201232399722629	-1.0412100767515182	0.6524193967978443	0.8368160801600287	1.807785343282556	3.1970734363409905	-2.6613610028753882	-0.47854821523317254	-2.2823434101572344	-0.8944632587359622	1.9588497400862872	-0.3962232313359944	-2.0331890558205377	-0.8152851714439258	1.4358829329471134	-0.2586461420920688	-1.2425278788833247	1.3417218509317066	0.7515287729741678	3.9413032054314696	1.8983144336257398	1.3016415938685255	-1.5772482566628219	-1.050171390283905	0.17181994088100663	-0.7349294485190219	2.2400973708617435	-0.23288161746293895	-0.3856999239284279	-0.8493426443159988	-1.2683562265723483	-2.3555014904159326	1.1797075112974855	-0.3363566085157393	-0.18554696004505677	-0.26729937888750643	-0.07314763438758334	-0.6468016493665977	-1.0089008180611114	-0.15890899953849982	0.6827908907059257	0.1465324175649225	-0.2758061005931158	0.7424728098488137	0.0965382923649138	-0.4214961461865387	0.16750702337145132	-0.019758917658920478	0.3913047445314344	-0.49986565029980506	1.4166404215838067	0.02092077081344308	0.7481984086129823	0.3993658270559377	-0.4781611845461338	0.2029669257254964	0.24952611709738554	0.5906164553273778	0.7653448893890131	0.1574705117567551	-0.314659108949708	-0.07141627421209143	0.3782822860307002	0.3814438450205234	-0.19736227864111822	-0.238760643858372	0.08440709559967505	-0.2514969615584153	0.2916051950954493	-0.18193934913581403	-0.521129958909821	-0.2846833463468586
DTXSID6048674	2.171406632454901	-4.640879904638022	2.5007444047179543	2.107377719929094	0.9309141079087432	0.8427347417137705	-1.3069499861903946	5.355584017406343	0.028646159896871262	0.6490369237460216	0.6911437623588857	1.0639862447874648	-2.9442345589692858	3.1118952105375106	3.98412863482005	5.850745717339397	-7.218097353522387	-0.7536685299628522	-2.510666020082801	-3.407094109556877	2.037074578230066	2.4662125016978678	1.4633938938305462	-3.147634640516313	5.315900306769425	4.04813473735603	-1.2228477544960998	-1.299423460094021	3.768231958289915	2.508843472141116	-3.660378066491476	-2.9857481464874347	-0.2797162768474799	-1.2049349825790963	4.433822143764543	-1.918326932408593	1.0237041087265284	-2.167225643762989	-0.21613132396878265	-0.4126999688510153	2.5824237436301556	-1.1707970172066327	0.40622771760954285	-1.1565656711184704	2.360561160545304	-3.9757677275324967	-4.569070962106393	-0.09516739983116422	-3.489249494176689	-2.184191914994272	-3.9032555978518317	5.302056908312471	0.5075157727563671	0.4646365882416906	0.2560440430583901	-0.46258048318557216	-4.45473795215484	1.979082474215445	-0.023506617584212592	-6.2336784655140685	4.099920040421298	-1.5490804584223337	0.5502458390906667	1.4510110002567718	-1.093217202325642	-1.7307182689994665	-0.6139959005832082	1.7000545375390355	0.5465227049790687	4.8027549426419975	-0.7078159912155579	0.2424639642294067	0.7548239694792842	-2.959027909105839	0.9869258533687132	4.439993724509874	-0.46278068866256655	-2.311463819150793	-2.0258479688057744	0.4153067296712064	-2.1252825225271823	-1.2346877787713624	1.97363995682077	1.7645020314247484	-2.468598340423705	-1.1962200702646435	-0.6285085237030118	-2.010945246328513	1.5163133620493552	-1.3087989411285135	-1.4284065885571826	-0.5765065396317464	-0.6999001148946306	0.09385463720102016	-1.2788642419652487	-2.071358021615644	-0.9249592749327139	-2.13710371999829	0.7926847622418947	2.0616665356579564
DTXSID7049348	-5.218445393465625	3.9448722158242573	-2.2205101512350502	-2.503838232930665	4.731013321591809	0.07852992357858052	0.05077042766962579	-1.8386395323421139	-1.0055446482125914	0.14815505536264115	-2.683986976635498	1.5577323929455018	-0.8660474073125947	-0.7215405187858643	0.14400026385035816	0.8591005306643855	1.0302647667850908	0.6050051919540449	0.3888947138198548	0.25262049652578944	0.5006042823288932	-0.22350037664775146	-0.5904740581121063	-0.48275230847845113	0.5545564600490208	0.0601431630134059	-0.9684408806575002	0.5333044940299255	-0.6381474557582157	0.1445076160976457	0.365501420496411	-0.7532420942466129	0.2064720131744452	-0.3961335587339238	0.19943788963738102	0.7366269952070343	-0.11156002106567518	-0.1214360230595057	-0.0842512260773716	0.4990848514539709	0.03390991581578814	0.12452070229680628	-0.48359934817092853	0.5613024089744605	-0.3282924431152279	-0.7802772348954815	0.4550444783139991	-0.15466279843028147	-0.04208772520488204	-0.7035163877684601	0.1585239449329756	-0.08546967149838278	0.09900922072517365	0.504124106582534	0.3180593633137601	0.22343877676571564	-0.4265610668881017	-0.24183225851308615	-0.32215643427944934	0.1269982638977887	-0.19118807956829068	0.23285813240170145	-0.008566422874150426	-0.014285489408574902	0.7622140360808279	-0.726908463934165	-0.6736290806666869	0.48812718184077936	-0.03658540873299899	-0.6129074783755825	0.10015598886735035	0.005439783620929802	-0.04668130802948776	-0.1362046153035009	-0.5672590345439346	-0.0905081048438514	-0.4308398919988833	0.14128531966668736	-0.12930166986152228	-0.21848041156932554	-0.14193600092957406	0.08802893271873802	0.10582780784801131	-0.017918038133933525	0.1552250030450095	-0.07863625333223029	-0.21634287567756605	0.15771091333882883	0.05013957518992739	0.05476782203190382	-0.02818717925807631	-0.03379562167944053	-0.8676602100425723	-0.19722587180516957	-0.03750924219142604	-0.04197141232770249	-0.5461366539104351	-0.1904803566799381	0.12178036428161935	-0.18873702113329838
DTXSID7023067	1.0830435682251078	-2.7748512317495027	1.56592340733429	-1.7675482701445937	-0.1915723860842318	0.7974272402883787	-1.6491431829018939	-1.1925545779974196	0.7831485898219563	-1.8627808475661394	-0.057181004110815545	2.846699607689742	-0.6538593938998796	-1.6606349132997853	2.018952889463388	-1.093380957966522	0.31122633696384966	-1.9710092002470876	0.5048688468014454	0.20660311001983375	-1.1034798199548892	-0.048840735845706	-1.4266876076385766	0.8933427230861524	-0.6354332642794827	1.218171783295299	0.12419131906186022	0.1415571526202654	-1.7315444528611783	0.6220862398402529	-0.406952936095281	0.15950376367793626	-0.4939389488733153	0.53418859697768	0.2758558448432514	0.4861259229748733	1.2087194508037131	0.7757772158294716	0.36540775958054267	0.9299366071668721	-0.06176120800276475	0.4060159418774747	-0.8210781472485844	-0.3502456110030308	0.4329293893923517	-0.011875209209816948	-0.5893155191862688	-0.2714099524946404	-0.0876015756682817	0.026645095928742084	-1.0942494365401474	-1.1305712108492405	0.1420006315849411	0.2600734352043622	0.16383656820816883	0.5181445618321943	-0.04303483526286433	0.929754634318513	-0.5054747032531677	-0.8788332909956252	-0.023432536363578355	0.7297379006691769	0.8988786838715929	0.4056898509399146	0.9606080236397267	0.6736707480784261	1.0667168212613836	-0.3576909135983495	0.022550733934650097	-0.2105390795818902	0.12682243978027524	-0.46675529697978724	0.42639901616740106	-0.9435055183131129	0.012059509295967018	0.394187581117565	0.336869403467171	-1.0701305148518723	-0.369494149916236	0.21347891425839866	0.6407102133822843	-0.5559492493387469	0.19331829510689494	-0.6401384265419343	0.21944720775501933	-0.7933088592898522	0.46913943235942746	0.15075757673307902	-0.4589397269038798	-0.5165951532262004	0.24299631768119648	-0.6664955792092495	0.5046364703724917	0.4481897604943133	-0.7037822724434295	-0.18317666417372194	0.60244098218012	0.20755510875715694	0.18849095958500187	0.3488890185509561
DTXSID6047103	5.204471718277107	2.650776892203489	-5.076875922910692	-2.6801972257632025	12.04563660393808	0.36655213288795846	-1.885122794467113	-2.134909775140331	1.1878765057233893	-2.3340510478102456	-2.296747028170418	2.2157074740177922	-3.198323436012591	-3.7685815328938452	-0.5961392272467355	4.176082015398952	0.8896251822158872	0.743643015867573	0.730828223116578	1.7715735483561208	0.9598548738758081	0.6791944551613798	-1.0903812278110496	-1.1794204018268593	2.8137928304319804	-2.0465431989994887	-0.9921751941897955	1.9623262256007494	0.04990831733054718	0.5651406841573614	0.3154830889170725	-1.6817274854400188	1.0948415765033168	-1.6735868735968489	0.6666169260321545	1.977521747757617	-0.08128581840274171	-0.21538049472094112	-0.18410130602849617	0.09645913380185993	0.22765986809101435	-0.32372230504947114	-1.1556605223567606	2.119391236457927	-1.3995161317701674	-1.7895544548612279	1.950486696099144	-0.6105433958713389	0.8973520022247424	-0.7990977724372084	-0.8347263623083762	0.274919003635881	-0.3525594018549775	1.4454252688116074	-0.5304160472642235	0.9307998477735087	-0.07755686859383855	-0.7138170637276374	-1.1929058722491395	-0.6137607901405508	1.956666781574907	0.7941145385622006	-0.6426372786095561	-1.1048779308770076	0.6779041111429003	-1.5989616877998503	-1.5544798816997207	0.5666557581103064	-1.0587401371616458	-0.8657169614336784	0.5594396347428482	-0.19425487394975854	-1.297304049530515	0.7838783934902464	-0.5774324394212853	-0.37047428008369737	1.8711847059619173	-1.403911525273739	-1.036497902786392	2.0059135499200003	-1.2642877717744836	-0.46902156435829717	-1.4191774132359405	-1.1686376927824158	0.8557791754330949	0.621817398889188	-1.2977197424418065	-0.13485525689951544	1.2525846756929415	-0.6102418088347326	-0.23125464926095216	-0.22136864160827968	-0.26605686625453445	0.18136352289889707	2.169810429859869	0.7133355804086834	-1.0147167181049472	0.34039051486715083	-0.5778543247043244	0.29149979277204063
DTXSID2046389	3.192963405818524	-3.202793970734587	-2.357361190296539	5.574265871029019	3.4340219358284068	2.37662126589956	-0.46329982103262174	-0.5788763087360788	-0.1576709317568931	-6.966378385986994	-2.8825622274564595	-4.081937130636101	1.228162635841767	8.049199256174253	-0.9808560013740417	-2.256496441472865	-2.401104746690115	0.15905921338118745	2.7123546885377827	-0.39455572991274074	1.4129870101825157	-2.3553471141451565	1.322426249549789	-1.7616077527022607	-2.411281501907442	0.1906891022509597	-0.04938797717417509	0.43501143608663684	-0.24073067124064734	-2.785991165505413	1.3988978491215103	-0.14346454645475915	-2.2433715674904984	0.30304529590786766	-1.469557112084682	1.4348428832111613	-0.2969916905342655	3.2854872497091163	-1.9376550239061066	0.6823865275275237	0.21075889889809082	1.339312803459659	-1.0167069326575713	-1.1255096934639603	0.7517097867446604	0.6275359528288539	-0.4546742359420765	-1.5502135541127124	0.7738808423819072	1.0200621887039152	-1.8352445636721963	-0.03066481606810686	-1.049020810792105	-0.0912194642380754	-0.8026797999175159	1.1284602292716464	0.16414088559542478	0.6414355480105632	0.6419137494603405	-0.11679949424139657	0.017251698956690636	-2.4085107049564747	1.3562948737964826	-0.018504731732302666	0.4640403971046896	0.2630351690477831	0.3611952580524607	0.48253295750416986	1.070461397618853	-0.10150671696524989	0.21208672648595384	0.2044038570488142	-2.063850995945121	-0.6851364490219813	1.0854256186426694	0.000617306406272075	0.5417558882198991	-0.006770106475822093	-0.22082689208278955	0.20385811966154535	-0.19526415094553132	-0.3072303937653585	0.08328670642863946	-0.2743379588904085	-0.43042391811865	0.49267447238360745	-0.06267722568168028	-0.776326893676697	0.5416191995341297	0.1557291828895532	0.0518439078639882	-0.05285935022178357	-0.08381567161552032	0.289944631568047	0.5632977728588988	-0.26687909299267476	-0.3846982738405635	-0.14290863852292515	0.360691631169103	0.44107148093889037
DTXSID5046988	-7.054752447015916	1.2054134829111613	-3.9784338568413076	4.5233376422728035	0.7149527615735823	-1.1570457200185698	-0.3813131038145918	0.5360534534195228	-0.31455888415266653	-3.5248256100840294	-2.178882377916397	-0.3909692974760324	1.1551136362851344	5.165531229602306	0.9385593790498868	-1.0993077254561163	-1.9733213026565115	-0.800895192124239	3.629066814829953	0.7688464521527542	0.3013000849428608	0.5924131083260461	-0.4377325501076196	-0.9206487029738578	-1.0960523120906829	-0.4588578296799673	-0.25394338392729404	0.8511265248000444	-1.9361983512075551	-0.9449553992955846	2.0453234343948163	-0.21229008752578626	0.6839345293007548	-2.1032893193385647	-0.04529722470639024	0.9660893156896327	3.5489546145513744	5.318619775268289	4.811645821806675	5.121344541268387	7.1365638895868	-2.5459314004911384	12.141964325954975	1.737613146688092	-2.0544666608666855	4.609802801422257	-1.0902862822060224	-1.1311823524470188	-1.5103289800051205	1.8336779212224337	-0.2163009285588068	1.52447417246759	-0.13957987020541548	-0.6227820760161996	-0.8726802587208115	0.8335276680454	-0.1531250616849555	0.2997288726833033	-0.3480426889940876	-0.7660027429279231	-0.5849196651814451	-1.7777814537137469	-0.03746804927993542	0.7518234297964609	-0.423689088552337	0.6573904913934735	0.6326904134785284	-0.40466727575729683	0.16531684663891633	0.5232356061465726	-0.12763309236280457	-0.821521870976852	-0.218244026405154	-0.12200519231649319	-0.11534513449267965	-0.26378549333691265	-0.07853216712970784	-0.014978368037302951	-0.05834440454971077	-0.10786446062926855	-0.2935576334357075	-0.4827533997933305	-0.3758874234707885	-0.44050791993819277	-0.09737766659543255	-0.5544709126784836	0.13501303659274932	0.37533219580212684	0.016047456611646842	0.30866734946185564	0.05959112816229498	-0.22477827591732769	0.4620234273547169	0.40189256238468934	-0.25140258828849704	0.05359438420121045	-0.15947030461378361	0.36172603907359	-0.34302818977475064	0.20997910592870647
DTXSID2047648	-4.0127190286979175	1.2042641058232229	-0.6320521439333857	-0.1370418907639885	0.5364812542479435	1.089412182087481	0.728337051672621	-1.9315731717008326	1.49216969910092	-0.22753808973042525	1.0315487729650843	0.32984874629398037	1.6019075113968153	0.6291242969772893	0.1797334413975851	-1.0521804624620712	-0.4876770690512537	0.7114566532629687	0.025612138532716856	0.45815552042459423	-0.8196061150660638	1.0463271871369964	-0.09855007866271336	-0.15804819882299492	0.7729141775551814	-0.028608092973358805	0.12920644307254547	-0.051559327583510915	-0.3598905702156631	-0.6829636023845965	0.07366911718153443	-0.05830258766451027	0.4413898244820537	0.46726814179852194	-0.48832981146520055	-0.38374912767538166	0.07744900601895092	0.9327854695081678	-0.15864365285363982	0.10682382486942782	0.008224545547848698	-0.5348796645823459	-0.5859719576007277	-0.019049188259896894	0.5168564692949681	-0.023802421062734436	-0.3579131759801723	-0.40669783514646424	0.48183040276605266	0.3532955038252385	-0.14941876198153503	-0.016926799983839166	-0.2959001276685428	0.10321360705619277	-0.04041528285703366	0.3600367441681785	-0.5201594583226654	0.2938803418538457	0.028950078989261874	0.04653151234456481	0.42955117413422206	0.26183692420587507	0.49884738250224886	-0.2499514804724061	-0.4505010199936552	-0.34688082842974927	0.2602619837695846	-0.4664837386569218	-0.030175736567759986	0.04200839758920305	-0.10489556224320913	0.22815082626098418	0.10064351902933033	0.30985969998248064	-0.2900734652899893	0.36579488409080724	-0.10369756720418231	-0.045755778729503926	-0.26754700731897	-0.11886386247664248	0.4124474243256865	-0.8687292547832146	0.11505576545876896	-0.13058442807207396	0.208581643630289	0.3370745014432061	0.19122559134431197	0.06630885129746773	0.2334843937810922	0.2134041790160488	0.3093647526037597	0.22152008280207433	-0.7199844547048176	0.13118379634141852	-0.04615423428661882	-0.10730391847330753	0.013877366260299881	0.07976822175391884	0.22026759518710384	0.06153167684215322
DTXSID8046610	7.916689292180912	4.8386374516887205	-0.7678072726766735	-3.176565697386022	-3.541741006349343	5.372290434660826	9.654183841322057	2.866248391926961	-5.42546141440588	4.299641038701456	-2.704272235733792	-3.882271806912269	-1.3366089949879845	-0.3234721835948471	-0.7425692264009174	4.773698260703146	-5.153680903131944	-5.881734354515714	1.9969228538429873	1.8238115824332353	-6.6088513385853345	2.2034653675202844	2.654694595428141	1.5751790437245137	-0.953912560281838	0.8390819879955771	-0.4760951810849786	1.844493461505455	-2.2143114536027966	-3.2279558821832213	1.3518312710106732	2.131116142655479	0.6147382895167945	-0.3760882239958529	-3.8747293398273124	1.0026900271905261	1.5301835820507144	-0.26841071817843415	-1.3514420224266277	-0.45871578818014586	0.18968701525743117	2.7672349334988104	-0.13917754622265974	1.6630796077894137	0.5118083343599928	2.7144560355796123	1.1325424234223176	-0.9662326188236496	-0.26395102178787505	-0.6765785674613854	-2.9826246275387853	0.5499619867570964	0.3802094994675209	-0.32936981887147426	-1.0729781735876212	-0.1499382871140942	-4.306939982410461	-0.736169324055285	-2.0232369816029436	2.8329050626013093	3.3892379337675065	2.725588758516935	1.64675709938934	6.078934184276906	4.0043128559116585	-2.985116147672592	0.7012232170305358	-3.260833686568266	-5.404685144039324	-3.030709714114879	0.9868793516123306	-0.4436176381155785	-0.6895539902261515	-0.01673395593614466	-0.6458141021795428	1.1995239833461806	-2.42807569800747	0.07263306694642019	2.9634430127269056	1.6972853676601034	-0.28295098550838105	1.9295199561740854	2.0490799337174175	0.5797165772378753	-1.4776920282283816	-0.2274553764182762	-0.6300142510906221	-0.2100090907828757	-2.462901519428326	3.1769682398335624	-0.08881283879190796	2.2618660134356934	-1.180404521978941	1.572548324469756	0.08176805365213179	-3.747836328193659	0.4395913813677165	1.0807849248476122	-2.807213156456891	-2.706810471242372
DTXSID5023033	-0.14991590870674087	-1.1290886481654543	0.21841929946998875	-2.528916656723408	-1.2461839046921805	-0.6653848948749596	2.840755282009647	-0.4219354080719929	2.2822387257374674	-2.556208954011908	0.638394712297976	0.5253734345136072	3.2038763669644985	0.08087464533202222	-1.4805468201654872	0.08578933508578998	1.1149328470217372	1.729318817262711	0.11908870808951409	1.9751500195803424	-1.07789574879279	2.0299739626411526	-0.9607973704983739	-0.46346886794104036	0.97693132621865	0.27631782194686055	-1.1998323930931167	-0.8114146902167755	0.4852896399257232	0.7658367174151013	-2.125322334804007	2.742265682833901	0.26302511399468215	4.521852770745752	2.3079498990961254	-2.63858219803747	-3.5863063688906354	6.960868620399437	0.14493392249373938	-4.460888516700103	-4.589215343631898	3.9280643396008927	5.5850359669645195	7.205733883177449	-0.791323326477922	-5.709417685578797	-1.0433359960985573	-2.85274450433251	0.7446377720133949	0.28645577958430557	-1.621320182686531	-0.04847967419960962	-0.5054932182099384	-0.7905448263035088	-2.3201076785663	-0.3799007702709151	-1.486828778441197	-0.6567946094985329	0.8519486793646842	1.0376984610114937	-1.1319185794214714	0.9641735455979406	0.912675711934447	-1.0169722645786259	-0.1771627875582818	1.9507035062878795	-0.6645122044987488	0.8247117577557765	-1.0505216274760527	1.171689007170979	-2.2129679969696423	0.7493278229327681	-1.3490452901988474	-2.2160877868226776	0.11684446933970337	-0.40935981217510947	-0.4325926828865678	-0.8027478400277988	1.0892693730020129	0.12737266857037802	-0.015153394269333998	1.0806882980600527	0.7671667002793389	0.1190078774594646	-2.120751912366002	0.26672362279026157	-0.024463018392530872	0.004561173171941589	-0.7470395542754469	0.153496936635145	-0.6266042889493012	-0.3393911250017058	0.5611847459180838	-1.010442638483152	0.11435229979964236	-0.2949709723001215	0.5615171880175196	-0.33124278160129283	-0.4332903100513548	-0.6194419939407584
DTXSID1032278	48.0049048451562	-5.4720552614674425	-4.259840017777252	15.685245493916012	1.643615873746287	-1.7784998037190862	35.266143079586165	10.02606284579825	-6.388937787091108	35.080389046364004	-7.197839739401081	27.79896190342277	8.671160658299344	-2.177503555859981	7.798802193163264	-11.855280302453277	-9.900036833220877	14.812096901693936	21.61969735561033	7.0004714987129075	2.4884816853642335	-10.729131569028642	4.016936002311195	4.227702430778565	1.22254218359696	-5.743664996004935	-4.694756143777942	8.910685582849142	-0.4481701921571421	0.9440415941218093	-0.24097840533502426	3.158588815648652	-0.05351109559890747	3.1824833426933	-1.6754898067882418	10.592189531862752	-2.714722794595272	4.98473215735266	-4.049518806135052	-3.916938688892934	0.48876414125975	5.691828040623295	0.2940292260527895	-1.7834456896294388	-2.851452057928594	0.6099965108409797	0.6434975180519503	-5.634737401389481	3.4023044752053213	3.6005745577600172	3.50687287386635	-7.205996614312206	-7.089777269441049	-1.6589986796759664	-0.6597360269796254	0.880426355687503	4.184539900985748	5.092375260736769	-12.111631850238588	-8.616708826480933	9.868548457113803	-11.617465123268385	9.625915302926474	0.4191549595755872	-4.888158296259283	-23.3034312193967	-3.334077278825736	-9.13711027496828	-9.199024412553687	1.326423730151976	-6.7568174742221006	-12.058249853404437	-1.9985496555135178	0.16499840431001686	3.0988472596820364	2.7907196687651803	-17.522982504552548	8.880010664731204	-0.0823429665295392	-14.5134925971083	15.70991507119098	-9.526621649953174	16.9639759010162	-22.81627697132674	-14.660216688423851	17.687863176652858	-4.111442869742091	-8.604831392448022	1.2302419973116148	-6.468288635851957	2.730251708223754	-13.299583104840345	5.140033776705088	-2.0858393649121005	0.5975494614092265	25.617089273663034	-0.3907610006726578	-0.8278482762316612	0.9772741011432097	11.626844851663286
DTXSID7020053	-3.254335533265231	-1.070285429850742	-1.5674806723381365	2.7585196047867018	-1.335387338704059	3.2414883683016296	-0.041471793191528675	2.7918614507321	0.7265904299362269	-0.636893086758347	1.9948625604345982	0.7041502154735916	-0.41892702031239	1.0894727827728337	-0.2869826108944247	0.08643289720048224	0.24761136272714437	0.4882089526582244	0.8727481028857219	-0.8640448965660076	0.21137107854919068	0.023201189827909374	0.038426477730760716	0.20033772082239845	-0.21301912142897725	-0.4224765604948393	1.050712870681137	0.9395061156395593	-0.47583723509212855	1.7177393971192099	-0.37870489286595915	-1.1100483936214491	0.3637336503331358	-0.09679428044284723	-0.36359915093069084	-0.22192889697428306	0.6948907418182474	-0.33440098602207585	0.6080774022460271	-0.049181841911098624	-0.025809924759834114	-0.46014927631311586	-0.011015324532527087	0.32619098826011583	0.020105976331787723	-0.580229913236553	0.2036271565691773	-0.4387204122074477	0.9925133862971539	-0.5357977966504543	-0.7476989536927676	-0.5034083489005551	-0.02874086308621112	-0.07330558407807027	-0.9463209317420196	0.5287947635563385	-1.246575084905036	-0.34855310765531655	0.19660111635498445	-0.12277049952705774	-0.37764542695708714	0.38916568548203345	0.11849701437780401	-0.2653934966177076	-0.1632337358015116	-0.08101229293681508	-0.1104415819086534	-0.20350438321929154	0.13855418883591117	0.6924712619180412	0.13272914844153128	0.4105605173595445	-0.3640360229908658	-0.09386021236454815	0.49920648587916233	-0.5050871428234751	-0.22962357091640556	0.40432524369731526	-0.26123955683886063	-0.3419124362053112	-0.42845575567439625	-0.567896366508473	0.08317239538119545	0.21681919947888667	-0.3552781081241727	0.026187200120926943	-0.30878435437903146	-0.5941477458440846	-0.06307615513545897	0.3322446628082676	0.04255128177823462	0.18470218139337935	-0.03886241879686657	-0.15122383396491165	0.07806679784490798	-0.04078380176747473	-0.3548423076528881	-0.0726183365423782	0.15253426034983414	-0.04588014249691032
DTXSID0041141	10.853939806673115	1.0789381345368745	-5.560579305726141	-0.8389221905727325	-3.0314296898474757	2.779585861301919	4.0841163671601715	0.19337939069966106	-1.3586755697273825	-0.5215091691385229	3.164665236761953	-0.6130720119873521	-0.3279256181379981	0.25632195849670425	-0.42563029136590663	2.852736016480208	0.10897770918189434	-3.681375196733094	3.8880666811667823	7.053949696309681	-4.943214420136264	4.725076096233698	3.6362048863826417	-3.871359581198356	-3.237760840113274	3.8058611497909824	-6.189025409950079	-5.462349271837656	3.3120966480562877	-0.44565064845716107	-1.7962681164601761	-2.565517111220323	-1.149187195367145	0.5605024232057358	-5.167706710713501	-8.066603248848207	1.1347127201302647	-9.865714410354506	-10.639601018309385	15.0820869139652	6.978212775147488	9.075274595263961	6.3614909442069045	-0.7990700940100565	1.5173093513436084	-9.482810079061988	11.15278190968386	2.8673209426159696	9.561393852771696	2.702158990321371	9.703542410637562	-3.962835556510737	-5.034211403180619	-0.624743617802494	-7.489041146518899	-2.2673893595134658	-1.5702372433916267	-0.4168379882648449	1.8494453996040983	-3.9025689233696053	1.1693240495176274	0.09762460117382016	2.0145403999561147	-1.3703625537433402	1.84400331456525	3.7733508879350377	-0.6583796620111243	2.975374694358693	2.6222653914689067	1.8186002428044556	-2.8067202785728314	-4.3992715616334275	1.6398211954050061	-0.6198835817988451	1.429972790113274	-0.5642396466725533	0.03278461014630229	-0.6048088997601253	-0.8871930296639913	0.07812333349059053	1.6885661252391042	-3.359584884446544	-1.7639854504731798	-0.13882325034478596	1.2503049400066184	0.6985712053717525	-0.4067444033813135	0.2772717369582362	-2.023226561391871	-0.8746597871198493	-2.41882749824954	-0.9499116118142116	-0.054042625353918676	1.3444309030300932	-1.1808202837774562	0.3488188869774469	-1.8729215449015804	-1.5258679583202512	1.2705661371931418	0.35043272324480496
DTXSID7044849	-7.359474089019261	-0.787401001895696	-3.901286054479676	1.0110111235595134	-4.78632835117067	-3.961111560126718	0.7462831604395709	6.721480092542823	-1.2352487746633525	-5.171218077835414	-2.931867435431532	2.3504382389928438	0.2313469250352037	0.3032840631305327	6.007985125502686	-0.6072582958267321	-0.10711905821535525	8.822140577104754	4.735088620180314	0.40010034093108304	-11.965302354112525	-13.222870361742698	13.364686900973458	7.956765049223852	9.594597084028209	-3.0937978645739457	-0.875816810276977	1.6597449021845996	-0.5489247959719563	1.6254416344587326	-0.19957962769395454	-0.3550660929011999	0.7234189064007862	-0.08712428562519421	-0.53613452709285	-2.537318531481281	-0.8098431127089362	0.5937626120072667	2.1869128138033775	0.4690856900419428	0.8901414274123101	1.7312943571227697	0.14324417215627352	-0.5200399603759597	-0.6527937104078745	-1.5489191237317081	-1.6149794410668958	3.187985560389448	2.626061936993619	-0.01337492561685465	-0.09594839798172151	1.6710961685647523	-1.3580343493972717	-0.09386127670642104	0.6214772126807115	-1.1033920036045608	0.9100129087096022	1.0477014547899963	0.07711799947017736	-0.52233791870619	2.3017253126193875	-0.16769810892686296	0.6578155711734774	-0.7447851314688095	-0.7299320813558093	-0.6822860078444515	-0.8265507006157383	0.6182772139501481	0.41321913107443786	-0.1330247774999624	0.3952461010413373	0.3673187742221213	-0.9115717971064601	1.063261867499122	1.6450725328822677	-0.2512158641785087	-0.02259554694314243	1.126855906337198	-1.341740976394933	-0.9924570123875608	-0.6036132272065318	-0.7841071906142554	-1.1367725832497764	-0.2816907543040585	-0.23335144916502587	0.8857165577837157	0.051295653103939146	0.29733669565670895	0.8137589581676579	-0.31631721492733217	0.457050753594314	0.5439589067936251	0.5798484995035841	-0.5228690501632424	1.1959522336280346	-0.6828600888151589	-0.3154179700113606	0.15946706551498094	0.2994976773475139	-0.7744325424896407
DTXSID4045216	-2.900931788905195	-2.6503206015441747	2.665883667546245	6.234985476704141	-1.0770987110479466	-6.737550946567846	0.4349392659399174	-1.3869283972667243	-1.460580698793916	-1.0976699720721996	0.2682868450265923	2.480249625054364	-3.425152008107809	1.321622363802838	5.950950195173393	4.169099472250873	-3.5313577254245807	-1.270947511229505	-3.2350221346884367	-3.569116033916156	0.7771613440891487	1.4939552793746276	1.9285723731571776	-4.42850629302428	0.10440108069512867	-1.7540693881184073	0.2946671183090645	1.650626662819389	-0.12393696850988314	-0.5310535630355595	-1.761756168672863	1.597109772757007	-0.1753166280946353	0.3346633549612756	-0.063400097028197	1.196324124530686	-3.439858708111055	-0.9051037343750169	-0.3610457775281209	-0.9701428933233747	-0.6719400582596388	-0.33173177654997965	1.578124089410629	-1.7036738854553337	0.7983060438319537	0.6898189494885701	0.22357401122361945	-0.4389983984645879	-1.2842819278997657	-0.044082531337034186	3.55847425458226	-0.7490489478432815	-0.6274186053176881	0.8521662136210181	-1.90411168834298	-1.3472209081849587	0.10139415992360085	-0.6934825510314283	1.7540402493075191	1.3873992637554096	-0.45931844774657576	1.5133916412704154	-0.7863587594853086	0.25164781975717704	-0.5701932050036412	-0.3778726825603253	0.17083309391245843	-0.5015817672895824	0.4090056157887676	0.8733274464211682	0.810499835286882	0.4189964264070938	0.5804970786052451	-0.04319028358782577	1.3826804947784195	-0.14978165177069547	-0.22917367153999893	0.19571340109936972	0.9544191064827346	0.24419764555460943	0.11869153110458298	-0.07993771762729049	-1.0262207277527635	0.711748283572345	-0.5245507793501817	0.38247667276946656	-0.8983783464544092	0.30472458932726887	-0.48628697978552465	-0.1894735933787332	0.056243469025102376	0.37786170645736605	0.8563489624419071	0.3972919902720075	-0.20428275025399906	0.19851641249786758	0.05348629186652865	-0.04242258459048324	0.1774497155373437	-0.5811898843701464
DTXSID4020373	-1.5606708526176991	-2.7433840953975	1.5960512739913228	-5.357596436466036	-0.24486094008172077	-0.7506671756490675	-3.4242475417958356	-1.2256029967507485	-2.954986715153383	3.5813455159778576	-1.880767522577101	-0.14948527726691166	-0.053603236053235345	1.5833773731641538	-0.9463469616265543	-0.4091000198717929	0.7596278623875197	0.5826588013554785	-0.704836246195759	-0.3722397268171682	-0.0721271776147139	-0.749986047696924	-1.834990156774024	1.1530276924723808	0.14560052513938326	0.8960023531640535	-1.343095766950232	-1.1096334454987935	-0.10460772856913603	-0.4556550897513452	1.5199825560589948	0.3737480818180504	-0.5044297730540176	0.5923823879967307	-0.04825478568183327	0.5141691857533343	0.3004776476533817	0.6790065668854286	-0.164935824936405	0.209763484167888	-0.12269126399421018	1.2215709342305783	-0.3199047973856713	-0.7633420270133287	-0.3321245630549926	0.32890694702291096	0.7439802313826558	-0.6609362971793457	-0.9292242364513302	-0.15732422948961966	0.39386714654092764	-0.45486677349746796	-1.1532078873616585	1.1299073731859588	0.14203270844174262	0.38913525719243514	-0.35263806430707983	-0.3019636139169516	-0.848666633487344	-0.7860474689674879	1.0966684397967608	-0.08282127270474954	-0.13279208289955935	-0.20735540829442306	0.2610755238665506	0.1776801056703687	0.3526140712217772	-0.5561810481476359	-0.24661073710132475	0.1549482174824921	0.05152709979102306	-0.044899394615019156	1.0961693486692503	0.4292475111532455	-0.25812734303422985	0.37794243071052813	0.2738936168741678	0.3182105636666957	-0.549552371157785	-0.06117482614538598	0.05092446974479595	-0.14904805272781768	-0.39484474301784966	-0.10853608532289308	-0.10571696302315844	-0.32225332458422595	-0.07088878436758285	0.3447345456863329	0.13699820431680204	-0.822888135340091	0.12584791004904763	0.48087053115306294	-0.09566179051902825	0.6729610797782721	-0.7970713336485298	-0.05265716889005165	0.28563850589220463	0.050400241160207644	0.18494338974008606	0.05429239127735167
DTXSID6029707	-8.193196577750191	0.36525208630922845	-6.322844021553133	0.30916365814304864	6.177950694772346	-0.6889072690625087	-2.0224716257819284	0.6097369534607575	-2.240736070328766	0.4121332865420557	-0.7200098958050546	0.7225530725994403	2.2134595101080987	-1.6635217182488715	3.91426792971944	1.2104188083285152	0.06276330364309679	-0.6004854133779506	-0.025191174549097063	2.113551720368017	-0.22451505835020177	2.1798508296323096	-2.3760283583903976	1.0265212981951006	0.8907424511410934	-1.7883440557044528	1.195492115643615	0.4963429757200031	-0.06869381902077172	1.2513823984094776	2.415399841925262	-1.7016093185463608	-0.5941868588848246	1.656491754894376	-0.5145876337449281	0.8475823921751471	0.6305814242936494	1.344496905523801	-1.8121679461721372	-0.15595220446280394	1.8327729345100432	2.203937861753609	-1.8148930433840593	0.47664359008851004	-0.16106251574435018	0.4395449466647784	-0.0628288863501151	0.7624022335558089	-1.6482365736114497	1.8790878073327986	-1.3759782708103188	0.37027485131293625	2.4047086929739483	0.023994076844423267	-1.0384870553617225	-3.2243240107922935	2.0313525118974063	0.5434587175670955	1.456200755433105	-0.0727507570291454	2.307922190529962	-0.10456780704996875	0.19680100160638317	1.0819366712422578	1.047900759980311	0.8508212495462607	-0.10359351878293029	-0.6244788514360681	2.260230348608465	-0.32014443820425864	-0.7719782891518079	0.46597214831061845	1.1174455063317374	-0.15372989901841488	-0.6204834228344929	0.8583255112779583	-2.3245832233420805	3.301148150143491	0.42127063442316187	-1.0616961037587151	0.36474026353046507	1.7585365439574905	1.1317182484732784	2.3335002274459504	0.4168894088804495	1.8648267516491235	2.064857071627722	-0.4637501403091805	-0.36414140575431	-0.9242905184892852	-1.224716168746798	-0.8465263773483505	0.6751791597843884	0.5690655429236163	1.959416251890493	0.02288589340414623	1.5192430526814278	-0.9659926488525714	0.9183958341841605	3.2179508962461187
DTXSID8029286	20.897174151358968	-6.886482556006636	7.141596748492764	-7.494049589779923	2.366009035038389	0.568655391668852	9.008923345440788	2.2305698123009865	2.503590604901346	1.0419858106608315	3.817475083330316	0.6409190573887895	0.40860086057247363	-1.848997509733958	-1.3637884330647363	8.19940272326846	-1.7307178768789102	-10.568862647466203	7.120187376714922	11.247571971545211	-10.321880813908896	12.275404791254882	3.902706312233693	-3.8857715133370525	-1.084599126482257	0.7240583107969503	-9.062390361817076	-11.89306913587859	5.810525025973644	3.9681806061141307	0.23314619099380215	-3.9546885185932905	-4.008673735040164	6.956164726499935	-2.7307251442462914	-12.420428477170436	1.094470820778406	-18.042690903141597	-16.20556130659929	34.4098611919749	14.000678195335178	15.345798497818938	11.11756161394637	-8.47294246155332	8.779602835110285	-17.885522431258547	23.014945729796207	5.563287111857383	22.929339499483696	3.8304452089908105	11.332271506000023	-0.9823831013499877	-14.690655746805092	-3.4460200244660197	-8.236188038466944	-2.251746256505868	0.7033054910242242	-0.24011798196828954	6.804694970145211	-5.993969995961791	-3.2621997220043784	0.5831696911338805	3.610898103290691	-0.919220937474904	9.2513554021777	4.534936867925218	0.7765807037179325	2.945006451685848	2.875852485622841	5.461651853036222	-2.6608087599031536	-7.579555674471222	1.4410888264390478	-5.090668871321109	2.0042504400659316	-0.7420497379620626	-0.2919447577626282	-1.8643103542335682	2.469783345321325	1.0080221273936874	2.1341574377985753	-6.03065465286378	-0.21348540298038016	0.24554601419853891	0.07648219799903949	1.1154417136394412	0.5790809320784289	-1.1637333743206966	-3.8480386361028294	0.7338926145025709	-1.4192901540977296	-1.183648276007413	-0.013042002635334636	3.3597146709178594	-0.6205446599527191	0.67585910868274	-1.2475991760259004	-1.5818837971178346	-0.8203033602329304	-0.4772275377037501
DTXSID3026562	-2.5723074728856274	0.9396717315662911	-1.3067686093150641	2.147091711602819	-1.7823230905484535	2.7736891422683985	0.13482911826871366	-1.0980210191920805	0.438445089539883	-1.2883966926231798	0.9357047981550739	-0.0863963046310067	2.4892841292566263	-0.06282913843669481	-0.5685271665461633	0.04433059365724882	-0.3533252926424382	2.3085290143465382	-1.3892777745415335	-1.3021798827728535	-0.12605123315547262	-1.152306666403638	-0.9219309069194634	-0.28102128407277865	-0.2573915895438075	-0.17729070222082072	1.042233913731426	0.6409479723513811	-0.272947826760945	-0.446515679004778	0.027545657419130096	-0.03677915307412543	-0.8387189423273207	-0.12087255795475677	-0.7878994204273504	-0.16413984531081607	0.5676799203877677	0.8497273244452335	-1.0921122188832901	1.6030215646304429	0.5394996267706983	0.5123884555960126	-0.720975459825459	0.46197406680567304	0.06387370829823527	-0.1443441068452067	0.43091482358560046	-0.8099550090081163	-0.4545708347426214	-0.2773285574635154	-1.3659424284261388	0.4386969374139366	-0.4954602063298964	0.9312437345309882	-0.4131810003618449	-0.03807121394255546	0.024208021718813193	-0.4765962622048158	-0.047601314477233	0.2346664054784062	-0.20402548668298348	0.8155742343646907	1.9817160508024831	-0.6594663427318977	0.10336230866485052	-0.5612358360075772	-0.34078167458384	0.10308423883468523	0.8000135879593623	-0.28523858532531454	0.8545071177836411	0.12041966154552053	-0.6907610948441414	-0.10580955805525365	1.1808695833532965	0.4740943259287809	-0.15575846170622437	-0.2549324589848373	0.12994967535689467	0.34428957078324895	0.12085460343660248	0.06273435191764809	-0.17230686322824715	-0.4411623378314779	0.294472995222115	-0.34089765898574054	-0.4511447337506137	-0.4635246099848116	0.9686014879555495	-0.35737299888026464	-0.025835866571629548	0.25733027770475025	-0.0922698163881344	-0.18977593491591135	0.04246689974673018	0.5208442946396793	0.19178838883728866	0.29615845733520735	0.20538812216766164	-0.09202017754901957
DTXSID9041653	-2.685889314327599	-0.23238373323038697	0.3980043020059506	5.207949178330635	0.1567840897383645	-1.652132344101649	1.5319713350995912	-1.825122379086261	0.17964081794077127	-0.544792938135769	2.8287498378410914	0.42219296899212294	-1.4039110693620713	-0.00836924790937572	0.5690355803684074	-0.5775890238623215	0.9591538818184695	-0.32743976832644583	-0.2990489107259159	0.44272351684198574	-0.6415443662607134	0.3645737891996251	-0.007185208393783245	0.3726082862645796	0.2773863053985745	0.23905023853721794	0.3990290133622506	-0.5507303929000595	0.13350526962925818	-1.9434684803734483	-0.031484380893986925	0.5325240516464216	0.4611487366316068	-0.2999188977734328	-0.38101184448935094	-0.7561903055757092	-0.9961579580267634	-0.9631535745494348	-0.2587064967039545	0.16275324406330804	-0.13556519016897273	-1.098977410545405	0.24189417909018876	1.0457082391314165	0.5514814230575069	-0.42039673136004263	-0.348322958952281	-1.0330754561906281	-0.2846885524590221	0.8686099476739203	-0.058466763751271814	0.6643727483297293	-0.32558224907657163	0.2796107525087203	0.06585035441294236	-0.4909881085507651	-0.35453669838723495	0.5340221828091808	0.09795203817722373	0.5016575612257743	-0.3933080859904878	-0.2894616703190051	0.5300722692226586	0.09679792343080633	-0.1737400320466825	-0.22565418886023778	-0.7848114294645081	0.07255593720349521	-0.2525713431886211	0.022582415778645257	-0.0453930220140803	0.3253030301136076	0.27951901463650436	0.2921576845447421	-0.15385656212781676	-0.5432017434997745	-0.5589800866432891	0.282567525085793	-0.15801783332020633	-0.221122048384514	0.00986925845617204	0.4716691849504499	-0.06897539491056214	-0.060457338300795485	-0.2918731513258869	-0.17824555959164512	-0.1151661865070822	0.14504880044359234	-0.30719086992467565	0.237861566382974	0.5606998775878398	0.059978941781509726	0.29282766193156107	0.23890337426299332	0.16987000706295924	-0.35729078759296323	-0.3603740637824663	-0.536461765995461	-0.07612509131411345	-0.1443171270328078
DTXSID6024123	4.374596511894141	-5.408423928156606	-2.32091463050992	-1.2124475664895158	-1.6067231330873961	-2.1439452288961176	-0.8350304284584468	-1.7298956970705515	1.657239234051603	-1.5976290642519921	1.7964552081240555	3.2477596444062033	-1.3981822979642118	-0.10041282213145312	0.6333288898324322	-0.5091180508349678	1.8362645042432844	-2.3472588698347803	0.79900244949477	1.853722089018444	0.11870479148422776	0.03123232071876692	-1.6243621321482675	-1.6735496290190848	1.9743371891315795	2.176914050104185	2.21809820895425	-0.7371119099989282	-2.1315443201103035	-0.6173028313523777	-0.506359461876082	0.47905551738947927	0.31116739825351936	-1.355662443197713	-0.2771082025216564	0.4034050480689375	0.021664609919248644	-0.5191319114573184	0.793938667900508	0.8589673563192424	1.0574437509040384	0.4036562866096562	-2.120766324642802	2.9141194366833316	-0.5012654602582821	0.7138906110831873	-1.9751850908644937	1.7464929114035366	1.501908491109138	0.27657765442578547	-0.1986020627502126	1.2371387336119863	-2.375559218591607	-1.6991790541070428	-0.24756208397579632	0.8196610905374858	1.0922668138439757	2.07959966737227	-1.7245936142206604	0.8194545325680905	-0.7233635149741902	2.3941205359911564	0.3423659584553295	0.884282862641806	0.5576032980332343	0.7299565733269137	-0.836935092414078	0.14928674938212796	0.27074435301930416	0.4671388936233073	-0.5196479643705976	0.18547613565282786	0.9666971573250677	-0.35510987810544425	-0.4838929662149503	-0.8034049213383098	-1.5343662310245223	-0.3280625314648238	0.3369470948365647	-0.6610396505085949	-0.25181400951010124	0.35341645035470864	0.3028975314871619	-0.7665190969653335	-0.7186888913117997	0.7744889127320899	0.3642654947947543	-0.2643068480906833	-0.7698548447946846	-0.3043671048293207	0.10715479156642553	0.06192532849002361	-0.07765574891473097	0.2440999144059162	0.13328456854656284	0.007328859946384603	0.5241564090691345	0.39993315442656807	-0.24724129102894757	-0.06152763129047341
DTXSID9051581	-4.523905007064781	4.035879069779642	-2.1534651215269793	-2.892480385507583	5.5811951749406195	0.19055120633993888	-0.011167298818221778	-1.9590748946704597	-1.0628299188509789	0.0920368113254198	-2.9961669950725924	1.6884309436879605	-1.1585986656942984	-0.8865296898127899	0.13063412366991226	1.1869953018051391	1.2481822320512974	0.7857877401005153	0.312330273170117	0.27629141625610926	0.6380716571483787	-0.2403757280432842	-0.650879732906335	-0.5667752260051456	0.6984525568920997	-0.024474606318512365	-1.1608560303396562	0.6711275721077922	-0.6485534709352008	0.1751793703100333	0.3521589573685246	-0.9043681082622442	0.2770574042479981	-0.44375422371770834	0.23515944831505137	0.8395081596899168	-0.17370964037070144	-0.1805179424797015	-0.13217416137234747	0.5645620890795661	0.051921488259400406	0.17174941087598655	-0.5651302112509282	0.6417568841600442	-0.4493554905556824	-0.8432928408216055	0.5614049813629917	-0.16224822583577928	-0.08296091543388852	-0.7242028689400579	0.17908418460217446	-0.004151498711765213	0.09907935044037824	0.5838380663633332	0.33772920132801953	0.2344866751948603	-0.43009203068859725	-0.1583189287062895	-0.3319783103970044	0.13447608878389633	-0.13105916517865807	0.25183593581568503	-0.009246682454906372	-0.03568324213547321	0.7952878447016143	-0.7753978338064408	-0.6998507988461131	0.5307790382384632	-0.11447847366020979	-0.716394637527128	0.14971523026109487	0.060524566757138396	-0.07609211771496159	-0.14666724450338978	-0.6220611218907361	-0.07928069109075772	-0.4382655891709349	0.1954871000827534	-0.11459258473979576	-0.21696183207012076	-0.1736011893987564	0.16251800736249394	0.02261877425740819	-0.0023226296549940704	0.19299544028999432	-0.04074956332115038	-0.17989358263319663	0.08949883617444444	0.10559440514036394	0.061485794298818515	-0.08487281417904335	-0.114983726995585	-0.8680072369343168	-0.22515856462942802	0.03396342474293731	-0.04566954600058974	-0.5013645219327648	-0.1697925450473243	0.12692989305587535	-0.17097236918036549
DTXSID9045506	-0.26108875005499055	-2.555101011608826	0.7052431193984557	-1.1256085968527147	-0.07494710270499189	-1.5429265133899268	1.7388815313107693	0.7052639491475162	0.1720151583099384	-4.817696866317956	-2.7877728240953745	-2.6006385849680225	3.3869167179780395	3.6682368504055267	-1.3435719665152166	-0.9647964060384594	-0.16980908662939515	0.6994560577223	2.8308906528603517	2.0028210604807763	0.3271720605121272	1.0820323176976065	-1.8371784605433699	-0.6048738904692252	1.3705480882620724	0.5505554652925896	-1.7471542029451061	-0.4767782603606119	0.3245197327266366	0.8942953342794787	-0.7646752523076409	2.8434678219161977	-0.8883505096344526	4.742195164587569	1.7913455608132534	-1.759552308608227	-3.8485335650921266	7.88339076190896	-0.38825961685660454	-3.6244426735341286	-4.874265520458747	4.878455734612417	4.89936959096103	6.988139900523077	-1.259709799869864	-5.343960099359582	-0.5845907810713097	-3.8875398443086553	-0.5442640647452689	-0.14151418192568843	-1.309037731147724	0.05031925870031031	-0.8094876215636714	-0.6851372197357267	-2.93671737112393	-0.20269476605362233	-1.8336071779565863	-1.121775096022763	1.0341876904407477	1.1905788885467494	-1.004937734983413	-0.20808405678811795	0.5634160706232956	-0.046403711639315795	0.16789361880165893	2.282910094874027	-0.8701921048858394	0.43602899529163225	0.48395223864197595	0.686553025801657	-2.2929275242746145	-0.2316859603706542	-1.1880048126881257	-1.4944811222558483	0.14580720789088167	0.7991970573563053	0.7332580589391089	-0.7728480651953339	1.8425547395258257	0.5381672647846627	0.322369862659351	1.788729463348519	0.5580565568436195	-1.350276012324993	-1.451973889679489	0.01102132507259977	0.10319160307897131	0.02281433053199745	-1.1582770822807464	0.07127026035708917	-0.8354564156212596	-0.16054723242860663	1.3601388540657626	-1.1027140842666348	0.311963279991475	-0.25272450033106947	0.6178569296911445	-0.10719374192142372	-0.061119611095053164	0.38192148534939524
DTXSID5024687	-4.8916658483688735	1.0046396302687717	2.158004592902296	3.4967735973385032	1.2278495900825797	-1.9565651031063247	1.017529713419727	-1.2726214112480196	-1.5982511795541965	-0.18961325188075098	0.7484217592461148	-0.11953069822462217	-1.4808410835389865	-0.7032642826710619	-0.048889969889262655	0.07549111913322565	-0.35687777874358045	0.12189651165714416	-0.6932454188557763	0.04384484578741522	-0.9322380401244554	-0.47894065528178253	-0.5747073142456642	-0.05956415950219864	-0.3354144390085934	1.0602235779800895	1.1438216908653613	-0.4202842588542909	-0.1971418778954034	-0.10772226765489795	-0.48366837360276893	0.7411177199196409	-0.06760593429403121	-0.28925391806462203	0.03446311051720712	0.06891330735610274	-0.7643642854378363	0.2094336525237231	0.4812611741249133	-0.23379992393948976	-0.342217881663754	-0.16802324512579206	0.6047273191575406	-0.33990765165939335	0.31820549354362415	-0.2030713470262579	0.5180190711939104	0.9350296968312454	0.3305285868905355	-0.24908227890122908	0.7124470128818639	-0.14613827108724708	0.22085832183993978	-0.06861922686899635	0.25693741380838825	-0.469282492716245	0.20631134580505367	-0.8199402037923944	0.31585583114706595	-0.3186540334525088	-0.4870891924863317	0.7504785841172744	-0.3415099282060955	0.6602067869710311	-0.42456030155090196	-0.08743509504679944	0.11577261208485008	0.0091742128756889	-0.06250904771499946	-0.27547706434462266	0.012600545657244059	-0.23187204654111476	0.35121160609689567	0.30198636895396447	-0.029618518490000793	0.1694278333593753	0.3852914192393802	-0.11632106517232196	-0.26221286111285913	-0.18846783060290218	0.0003773742243912802	0.186557905932808	0.3429707442107881	0.17925774678817366	-0.09836907831460887	0.3297662849297676	-0.08550370618217354	-0.044632872792106135	-0.020958418964313597	0.06695558647370606	-0.0009011203890333795	0.11939571075113885	-0.017649988275366398	-0.05055944755355968	0.28410103275114224	0.2084636644840966	-0.1127865260556028	-0.017651984191168923	0.3929478208573877	-0.09393104709229941
DTXSID0026838	0.9353473745043707	4.307348228333581	-2.5654636764252725	-2.8922983491689194	8.025902394325605	1.3695424714749667	0.7059370955336446	-3.153662819880528	0.9860548432547113	-0.9880107715123418	-1.4712144708654349	1.9673086053970386	-2.137010599236525	-0.3499776115859361	-0.06467880147356074	2.0345932906402395	1.6418251375236013	2.51246093430855	-0.17823614180969563	0.4686490236509954	0.36485153044253193	0.31352481537698323	-1.0092946683304098	-0.9491567401749665	1.7568572574825903	-0.44334444887125146	-1.2405232857409363	1.3231498722493715	-0.5421287582868713	-0.4282461599184078	-0.3350981443637237	-1.2681384062967411	1.054987398634277	-0.6210409927941095	0.2703238378407274	0.6570315310197244	-0.02408164439147406	-0.010704759524940464	-0.24954706284601336	0.376225363139345	0.18536280461882682	-0.3164500122538135	-0.8754250947796398	0.4913825181336273	-0.6585630458725106	-1.1168801226054623	0.9326736510596667	-0.1938261205821132	0.17225951564063927	-0.15785456462629002	-0.049328784204937026	0.32609829987890077	-0.27698419143566616	0.39423910692087166	-0.02141697744016389	0.17788083564408086	-1.0260182083769886	-0.37490300341917115	-0.6979058028620699	0.22545561866447011	0.18261131912087875	0.5038238677330141	0.16722871347121487	-0.624635057188961	-0.08925384991319284	-0.8069043718085064	-0.7897593773512476	0.04272930008045695	-0.8111981991888536	-0.4625475619873372	-0.34402220701120306	0.452441806032222	-0.01268150677226972	-0.10012237866915802	-0.8598207459330138	0.10351109344616037	0.04281463581113479	0.4987159011693516	-0.4800131085445153	-0.013060741823634366	0.45249718420250523	0.326110897433823	-0.38795408163909806	0.30771303386432564	0.46220425840715434	0.5997946235933878	0.3199965708513745	-0.3771507055953029	0.16798821359403968	-0.07550858430876531	-0.22463121239001696	-0.011083951246438068	-0.5146162249928139	-0.17128766693603983	0.3880726580018711	-0.18247623400711221	0.41532537680228576	-0.06386448354108464	-0.0851267138221826	-0.27117540665255563
DTXSID6048171	11.989740608904034	-8.559791831000654	4.603888678356444	-4.153334436743392	-2.5341511836372197	4.219188392888786	-2.111961857351449	-2.07032402303002	-0.869145343043218	-2.3604945339740038	-1.7558655478745808	-0.7625567850992412	-0.8241452459881228	-4.332681538700945	-0.4254125796726569	-3.880434325814864	-0.12266098552551953	3.0164804588919423	0.9532273534122616	-0.9736378200640332	1.552984492379806	5.410618109901527	0.5751981010846862	0.45526317560901247	3.0757720499320595	0.3586148411845389	1.0315532179323676	-0.2544202456470902	-1.3073918273686862	1.0299750309198232	0.4989711907461449	1.0709589939601143	-0.2127695430410448	0.6830902057812563	-1.2549271387105583	3.068228689933878	-0.5220711309812058	-0.8745126387856706	0.1697440943422447	0.34066217241874536	0.09298986421407868	0.04363493624260285	0.15084428804205074	-0.619730073597482	-0.74745213804153	0.26693449524956925	0.49122531017194665	1.1860798389256102	-0.26928177591575153	-1.1848613843958433	0.9638998311401099	1.3109039754051515	1.1556429772377355	0.20219694524413914	-1.7926864908078772	-2.0912495517050385	0.14379107279445158	-2.7832813170938464	1.2001772074567643	0.021183896491596136	-0.8834871499534899	-4.589862965398657	-1.0611202195989793	-0.7193110432129644	0.29890192374767066	0.06970763798730965	-1.6829087923347452	0.8925705880170223	-3.174021998824451	-1.247933093081873	0.030504301049992896	3.9213746125286613	2.4384941536470945	-2.37241879482041	3.0891773233910973	1.277538414391496	-1.344398077959811	0.07064236503539184	-2.800142583259632	-0.7885215420258759	-1.6709408565125687	0.14222697323169498	0.5254386213965786	-2.487643009248004	1.1454505043497234	0.8619145640893828	0.29984198385105026	1.9994160771982696	1.358994598493196	-0.09788969196282603	0.6204624039469854	2.121052667046282	1.0351781692653668	1.2353712459964254	0.6374052259938845	0.4491667754300549	0.13741253829714073	2.239763733029327	0.6009092831362782	-0.256070408309286
DTXSID2046834	2.2857634867370877	3.2321777423238243	-0.8178991623904345	-4.527493003997162	7.722174232011036	-0.2673827627230065	0.8643832181685438	-0.3799598165290429	0.3562784458312319	-2.1604779682060924	-3.486415190716651	1.6667254932031863	-1.732702751690243	-2.1643810477839724	-0.1541118116292484	2.5780888632223107	1.3581667703232658	1.8647619942534353	1.0454313794717585	0.47483156555337463	1.1463461134597843	0.5173034016922331	-2.338724350628075	-1.9201532751372061	3.753997364208774	1.40916358231379	1.032874331187947	0.4672744399584926	0.357160544448469	-0.14341675504150853	-0.42224228265054053	-1.1241092912067916	0.9223270576132466	-2.0859785516642892	-0.2713573070012451	1.9844860090155565	-2.3307269046404877	-0.13470830843456832	-1.0956764994404367	1.163033502329224	0.9243101766945816	0.11171773393488593	-2.7346273116301476	4.9259957141429105	-0.8556314570736414	1.2878153929554816	0.6400278432719961	1.909585325025977	1.4752228504641742	-0.627453775024889	2.2229485859353164	2.272967581973147	-1.6417180175382344	-0.13600210151807532	-0.716901608442353	2.1616336516368944	0.3468922375711112	0.4011482421291785	-1.0313617039416405	1.2766537723069782	-0.8328463214707416	1.300452541679861	-0.7845456110479002	0.7733850837077958	0.591379603052011	-1.1380707033582502	-0.9160614683494421	0.2688851739590025	-1.2245926415350923	-0.4858970524081932	1.3852894371930435	1.5553053124752054	-0.28718850718045497	0.21768476234286419	-1.3310671244368544	-0.4302635980490403	-0.190027754858739	-0.20428959747068315	0.4422660680275831	0.014398364696945979	-1.0356587673545492	-0.20279446374211382	-0.16135028580347266	-0.3520410390872036	0.15674469565756358	-0.07506685348976111	-0.9553050765331942	-0.479127763844623	-0.04330392318293535	-0.19035415815789614	-0.29643288303427406	-0.5666212126951713	-0.5126389400249992	0.4506139151049973	0.025659026171711116	0.7951990554153731	-0.1714538186055218	0.7974322903905817	0.06355906073756501	0.9259122273647271
DTXSID4047674	-5.084998457816827	2.515319852501515	-3.046974575305298	2.8804694745120165	-1.7895507887532032	-0.508990547574556	2.328908077488756	-1.5996506659613545	0.07894953925218565	-0.4259335736624048	1.5312572943148575	1.0675724300161908	1.514448369930477	0.9958030277000589	-1.5022140167965585	0.6503261822620655	-0.6981565015672275	0.5239565793299398	0.7116272612466071	2.020900707882598	-1.8846691677529448	2.3825079936763194	0.8384731323555662	-0.6773690635440566	0.6115460184402047	-0.7764050700570727	-1.4735939946262222	-0.8395703528602171	-0.28033514260134634	-0.2479671352419519	-0.28292417156389893	-3.378813637939833	-1.7837965607020208	-1.3044738402218632	1.4791657366989217	-2.515948102260207	0.6934558245138549	-0.1874712313806658	4.536414949713493	0.500683791623581	-3.660879993354458	1.3067824142456477	-1.6504107862633257	0.9612928236407088	1.585047803574903	4.794772694532177	0.42631719222652714	-0.8389962996197877	-0.20538064546053925	0.6917797975448793	-0.0567280053122376	-0.990181203287615	-1.2203931379015198	-1.036514851653065	-0.8015846842878254	-2.046684516745982	0.4731640908738895	-0.8018308802914111	-0.1447830034640349	0.2465771870350828	-0.24393349556634564	-0.9280571120201785	0.5051828405060286	-0.2767992706733672	0.44735322597775584	0.0057383906534658295	-0.5770182671848728	0.36345390628460905	0.9877143446271677	1.8706651886269188	-0.8195466826621806	-1.538681032902887	-0.2535208262713937	-0.5941700539803779	-0.5842220307822222	0.6734347741230368	0.06403246671274998	-0.45544680902741946	-0.8894381765761917	-1.169719696478096	-1.0940930446870978	-0.15757936365667502	1.0862056869830021	-0.0430144857172391	0.0648067496409147	-0.589383496200435	-0.37300543404632425	0.4730754757008558	0.4948031546233253	-0.036489206915883594	0.002638590044364667	0.5882618533212655	0.7816095176843444	0.9107290221604087	-0.2200012665699628	0.38192047465610063	0.31948386413589286	0.29242890306861435	-0.6964674473195254	-0.21683985063803948
DTXSID5024978	-5.205714042710635	-1.0077994357861948	-0.8803365191970406	1.3176697850675325	-0.4854605805975297	-1.6807351392455392	-0.8912305169660396	-2.292844635829992	-2.044532380180254	-1.165605301910446	-1.7512278349903636	-2.501635349277336	0.8478622422629652	4.840342812294335	-0.9308011410824972	-0.880286594612795	0.06539254899105984	0.0671418376523448	3.2237360426590245	1.1960670618047033	1.2718512026064515	0.8319047658786306	1.2076899602516113	0.6830142985130654	-1.092150159187721	0.3742195752100127	-0.7406481130149781	2.6730880153030503	1.9629748359657193	-0.6705629759744142	0.6994091990400539	0.3090586913170044	-2.004109026146327	3.57159699293729	2.1062380385102655	0.5771658060429855	5.9320494658032805	-1.2595647562589505	-2.451863468696105	-0.7772421752179431	-0.726914549138283	-2.8478363122657147	-0.12882979776984657	3.917893103689697	-1.0874833152306544	0.743271288523933	-1.8779053479093537	0.9121531492423566	1.7791167424123688	-2.0898978534388046	1.451167357436058	-0.5385514026010695	-1.9084748305888177	3.2602172355041827	3.177301509041188	-2.0220751316714805	1.1125355014849687	-1.3167063754893535	-0.07604948416135919	0.1172956050921489	0.10815973500550403	1.4713892139617575	1.545463270551509	-1.1630135233574876	1.3664111698459778	0.3754592641657257	0.7895599847778115	-1.107319564084992	-1.0620097375279334	0.792372818412292	-0.8758833562405847	0.10782521897825256	-0.06072567557569188	0.28126108152252566	0.5881789856805388	0.6526836974657476	-0.7777123984598383	-0.07353971845601368	0.010256291568791315	0.36540411387916244	-0.12352233222413979	-0.5514786819531611	-0.18753041489416983	0.19825588831254803	-0.0843999793836766	0.8309368897698952	0.7469441550750067	-0.343074874675013	0.05910464578322961	-0.10520642164815928	-0.37112402693265495	-0.2646468120106924	-0.10328376751870288	0.6431353453875057	-0.7047906199771818	0.6046549329556064	0.6638873330835856	0.3345519612449244	-0.17013546864217355	-0.19124862870044748
DTXSID1044198	12.775009502429754	1.947387876408903	-3.85374557719906	2.2939958987384164	3.178161757208675	2.9552088318528438	1.6494436364796532	0.8648100925988602	-0.7965935380940312	-4.414100664962918	0.0018632794709855336	-2.9356020756994483	-1.833309973795591	5.386210730780921	-0.5421833549898066	1.8386381015386737	-2.519245157011094	-0.36017771200150195	1.3896396657112986	0.8316573714221936	-2.0618773607511294	0.016297785351488087	-0.04258660545491242	0.34639356527396825	-0.8013911224841802	-0.3376095937743557	-0.5041330308051334	0.6410091064836551	-1.1860203070446322	-2.0121406738361727	0.10353512832845262	1.1523433503171807	0.017509278288061588	-0.24650273633908215	-0.6056290444787219	0.7279416239235302	1.6057493486639975	0.5836201401512259	-0.19943290269006794	0.1995344449322905	-0.5194864848480785	-0.5092682732327337	-0.3462492220039956	-0.5790507925273574	0.9698618977251677	-0.9029178296623485	0.6297590467096884	-1.3868518537223178	0.5723061807706894	1.0077627614262237	-1.7256850258072074	0.4993023844671189	0.06656404718908729	-0.97896374383163	0.024041549472600808	0.8556710888795579	0.34036549660360804	-0.7395406829468917	-1.0652907536805307	-0.9582214078631366	-1.7495282554349034	-0.7034989910998238	-1.8027468847414958	-2.1073666549136347	-2.5260284151447783	1.283188495405125	-1.1861302431858418	0.21017481387208561	2.0644237697286854	1.2439597840656802	-1.0479285376697391	1.390946118010485	-0.6002022589227788	-0.23825978421539568	-0.3022992872274313	-0.9869800953820511	-0.15472562049427854	0.3232808722619497	-0.6300732691963976	-0.22332249093150083	0.9674968369267359	0.36209664453384904	-0.7895996785033083	0.038473918889270535	-0.713466845316568	-0.08693923707735284	-0.5985966199773148	0.618359946908739	0.29477573884846064	-1.0971275035978614	-0.09924868839420069	-0.5515915273357579	0.10566846273329371	-0.31199173718882284	-0.2878776605635943	0.23810548063089954	0.8126868625560719	0.4739302301459109	0.46037294347361213	-0.10861373264050182
DTXSID8052198	-4.8150841094640615	4.0550409231964935	-1.692816410946898	-1.3358107498148728	3.4941168829654763	0.8423121751859163	0.5314876754729434	-0.4028949044926118	0.04692044365992512	-0.09184565792835064	-0.20819800736462493	1.4122455268297163	-0.5275679573039248	-0.3501273038074575	0.38344505538989765	-0.2508846423651596	-0.6525210063858499	0.010952503858660933	-0.23241192548386255	0.2842702934434607	-0.34732440161384326	-0.6265825975795651	-0.47390458983690703	-0.19059883310674564	-0.6294313380827364	0.41489996644117305	0.6845736773838254	-0.2583306167195358	-0.3187744865861723	-0.32023026063416676	0.61276659774995	0.2986630540087976	-0.33547802438566626	1.0223775048798946	0.6944321941758422	0.09190384202834166	-0.01862286666371834	0.1650464861841506	-0.10111388576590437	-0.1245964771185434	0.34055092206588206	0.23346358272097584	-0.2300605581278784	-0.30959805486616154	0.962231167847975	-0.1331323654416083	-0.590801377721466	0.6652824459925725	-0.10829576970000374	-0.22154967132122905	0.20749165630667413	0.1103100316571907	-0.2473147182618732	-0.8704455078743116	-0.23001403127180048	-0.6955034529068725	0.13188855599686897	-0.7964975458452496	-0.4316796806914339	-0.41887155058737735	-0.23056769494750054	-0.48370228306996144	-0.7651095383027006	-0.19469086810047193	0.7973418127262009	-0.2221494453792661	0.44667127728981815	0.39686364575015937	0.6529087356238976	-0.19190880540870012	-0.4493673398962658	-0.5417543479632493	0.7449042570531921	0.9294882393110742	0.5848135887390902	0.6958116622932037	0.1260861762295975	-0.004387060359631255	0.49261615720245017	-0.49432607340522877	-0.5069166131740657	0.17194594157800708	-0.0006729648062092228	-0.2729943766365933	-0.1838231632992997	-0.027216203126555327	0.3294777522799535	0.1065770700646142	-0.6148817475288547	-0.03235442089951724	-0.369517500917718	0.3226808746097387	-0.17774967183264553	-0.3296828679027855	-0.7701465723381483	0.04732917763499401	0.1636021410435266	-0.5392581417006359	-0.232824559163291	0.5490017483317673
DTXSID3037250	1.621665502271452	-4.438222468624011	-0.6190236580691739	3.0654111957857446	-1.8861890581058711	1.4140926183439064	-0.6629479554128628	0.21180485516113234	6.913599659401994	-0.1601345802753331	-2.6951004484396517	-3.649884150266502	-4.284711774945958	-4.974456585809825	-0.12471474131927247	-2.3484990513345347	-0.4850649989001787	3.7875619890046948	-0.7173855378206032	-0.10361221434871998	2.678162670729048	5.205948310718705	4.171988002247988	-1.0986794819096148	1.1446202570711725	0.3667418287936585	0.6400456704479648	-0.8852864093783147	-3.2953464359165934	0.3162542401027434	2.2466394044201343	3.4463407527663965	-3.6197876965305538	0.6805161561721413	0.15473409240913896	1.1165444069780615	2.251650323381548	-0.6615272799755076	2.634361703195388	0.019792614525829665	0.12398197354718274	2.38891815539717	-0.08367235082733102	-1.0998775037956827	-0.3082095911030794	-1.2634610746528476	0.40206711178246324	1.1240355358234042	-1.3446315416806018	-0.43566428670062507	0.13805338023524144	0.24699797512620764	-1.9322698645347587	0.939582331767825	-0.07175183284763702	0.031020155810694502	1.2376520504586224	0.762229312500682	-1.4584345870739177	-0.8890821884806367	2.7135024943327672	2.810518429648822	0.6104270423107547	0.8323628348379151	1.7981064500833437	0.6671489329496345	-0.38774946914146957	-1.8261765002908543	3.7660113392992596	-1.1422465922962413	-0.8984259486006991	-2.5229088837511324	-6.337649813483351	4.687830759881808	-2.71098861481151	-2.0901699715075006	2.35853147025251	2.151466034591383	1.3571402393970087	-0.032369342809419735	0.4826621360981224	0.15702454978616837	0.8416129652464468	3.2173915445274264	-4.721869018761657	-3.168559493397091	-1.0811409915697094	-2.835135458742417	0.9177459402037874	-1.4093174676806375	0.4066734475843851	-1.1162410452752656	-0.42782263261335457	-1.4994033433077614	1.105149871145659	-0.3291976401964362	-0.8505529727548242	-1.431295779638908	-0.22613730369081844	0.17231473700599959
DTXSID4059881	-2.736759986279144	-3.586839756591302	-6.73128035475994	2.4822573824581373	-2.0591079691638945	0.07336180114882754	-4.21095632192069	-6.13008040163613	0.01537813909654173	-2.500007148459114	-2.7151368657573474	9.001323181397119	-1.212529960794761	-1.2663394275981665	1.2906018049161898	-2.5683907053647705	-0.5573004646687658	-3.9993502821123967	0.004076487990077923	3.4554216970436546	-2.262202053365232	-0.2448298519436969	-1.048647279781155	0.14167625750031484	-0.5298482069586523	3.6708564282060605	1.2555550566493112	1.1898384683093344	-2.7214001966221995	-2.559246715815915	0.3865900784849553	0.33387302378795924	-1.5466497331007083	1.1509873900425263	-0.8687929195241615	-0.06283283432358563	1.499900236414889	0.5904285996411264	-0.7584453587500546	0.96571962696368	-1.4644602507268045	0.5956411330502216	0.04208317497780815	-0.2761065180734422	0.6572748742737137	-0.201552536768465	-0.9265237238156145	0.15583288586640356	0.23602904744718606	0.12621393054230587	-2.1250864465754242	-0.6068938749832027	0.8369939711916304	-0.04743635949375453	1.15534936090926	-1.00852635265618	-0.2706892934762047	2.101557379861234	-0.7762455587710241	0.009672042582480302	-0.29035731441469886	-0.31080162856433313	-0.01560225755942633	1.2099365979651782	-0.8623555245869235	0.5602626316242164	-1.1556784273985063	1.1203952130011274	-0.9004598301215613	0.8574654126487494	-0.8525554192505228	-0.15957499925404384	-0.9945582528983951	-0.49351952110862884	-1.398972405795596	-0.8047585577823801	0.20239844403248547	0.22076768468672217	0.31136449520513815	-0.17758511496434648	1.2273210435644577	0.921533953465399	0.4158134379610523	-0.8422851015430994	1.1395003026397703	-0.7089078338203371	-1.593869442283824	1.5820398908440396	-0.23382449252836127	-0.051779267087207294	-0.44522441311063227	2.039457064017775	0.6750718144608215	0.8051514540385218	-2.5200326658385594	0.20483803352502608	-1.3167970909795133	-1.2262076272431894	1.147291758582806	-0.9407860551935144
DTXSID1032482	2.096200202096238	-0.1433685037248444	-3.4276615633383556	-2.687182398679845	0.965869380716855	-2.548371774844217	1.5702548201713895	1.2005607546129398	1.8233938887368542	-1.2438457840900532	1.1120792156965134	-0.15022701926441137	-0.748210590442335	-0.12709282146565432	-1.5163526427648513	-0.717337121943354	-0.21619044668562162	0.5074393601968125	-0.08322902048743498	0.28926241774496164	-0.7236342854999294	-0.5305548709582377	-0.5751657416420687	-0.2955645967104078	-0.7614072184633035	-0.3797035780285101	0.5620094812423508	-0.7773932023989669	0.47284919708897577	0.22578866647677862	-0.3211560372749391	0.668623646653543	-0.08217205686080795	-0.102704923420967	0.8412838667694279	0.5663643568869854	-0.17937586246870738	0.1285261273653237	-0.6436271885199346	-0.12658595320816485	-0.2829108035766838	-0.40366697453977174	0.3253331813112201	-0.06943538838144278	0.067125206077642	0.09583316758481604	-0.027588777778813005	0.41038206136968103	-0.4653451077795352	-0.8594777429655183	0.5046708669456593	-0.11897368982750083	0.9391431026698597	-1.586557472850113	-0.20193822688723603	-0.028122514059738358	-0.1692418230727509	-1.4784354795581836	-0.29674024178965214	-0.4770107185061816	-0.7256336032777131	-0.1090325911043848	-0.6916812866866878	0.6687844276960845	0.21094197791854724	-0.23879174661178051	0.7005614218528056	-0.2157758565790408	-0.19826398558965158	0.41343333323665726	-0.2804403354607991	-0.17633955831169174	0.10886474134126926	0.566573088667995	-0.3334565587710696	-0.036427052157601725	-0.40156819331397475	-0.6511574092152778	-0.06594529632019684	0.5128024594962632	-0.16446564974293615	0.5714614773899814	0.4895458630588779	1.1848606559016066	0.3028246249058879	1.1155479272366648	0.2959761301982353	-0.7201574312565492	1.3911612281288934	-0.28836448966330364	-0.39983813417399816	-0.4996937367612031	0.2405090399012129	-0.3668166341209979	0.7017353777719549	0.5103244648795113	-0.0754092559813223	0.6695571646301594	0.4669368512612962	-0.3733784982617096
DTXSID0032601	2.2998247072908216	0.7130754539197028	0.37439435794561354	-2.9383770706464043	-2.7695424579758114	-3.610965385180975	1.5998562948272457	1.9145691862879537	1.0132282367707433	-3.0977992783483317	-0.26097847969281696	0.1451413350885092	0.6208609610503169	-0.24799043243875035	-0.6829929322091435	0.723387474135157	1.3960617430286508	0.6841062850170654	0.6860321440417055	1.02098600072647	-0.12199252111748221	1.182957427696338	-0.6439073142677189	0.47908007954018816	-1.5766024074486982	-1.136972457783658	-1.296684838246922	-1.0653137994958137	0.25575944060532085	0.20935253473941687	0.03710781077769807	-0.04499002429899402	-0.3188763894920352	-0.17740491521879515	-0.19219380617227932	0.01028355314603691	-0.1287029321181572	0.06514167476621918	0.3820551538317673	-0.24925845264177665	-0.225864595486479	-1.2967680051911201	-0.26207648689438584	-0.1553691088656677	-0.2689340408844981	-0.20075327287405678	-0.7182712102571231	0.1818694872854649	-0.7704181615347502	0.0397367201607858	0.17611907681286282	0.15685630885496668	0.9875912691376016	0.502914612882604	0.2423223983632286	0.857310911858733	0.387122482497387	0.5787678317269713	-0.024445072887864672	-0.30275155662101866	-0.5860340367522562	-0.3540305630068253	-0.012742890557307578	0.9639468320938841	0.16621883756840083	0.05050186169486166	0.3889597388017275	-0.09806579733491985	-0.7087237099785113	0.2571702251115657	0.047751700988993534	0.27816592428620673	0.17859340595115383	0.0849942632854011	-0.1353184908453028	0.343354337492587	-0.5190716852540402	0.1263513181095462	0.02372415781909871	-0.11494800823047902	-0.137061420472164	-0.037039801306286146	0.4064543021566672	-0.1786116052530002	0.1313700093424469	-0.19154320155657206	-0.4398566637226925	-0.5615134433788807	-0.14569693138756148	0.38457102924402886	-0.42045185111270916	-0.5897461773493917	0.31705361531073406	0.19984143116690853	-0.2538527821545554	0.4367047623788791	-0.12752790947631107	-0.6471875275827769	-0.3205174120873683	0.281766153447439
DTXSID5027352	-4.939227322589231	4.042603193956658	-2.2906169088413937	-2.759186586920594	5.149582337593225	0.2115162129214036	-0.13186412123657537	-1.6789190437174746	-1.0123631762443488	0.28280901422925264	-2.6871933760739783	1.776248649011982	-1.5256755767672194	-0.4701128874332971	-0.039014073649948536	1.1988742730774369	1.4278441543799385	0.49837050855762793	0.42874410324904155	0.07685203956898165	0.7165170857066322	-0.3990286485985218	-0.9981730135811381	-0.4528403397236995	1.2706102069887022	0.12462379848005736	-1.6643775197212953	0.26077872284338705	-0.5912897405735429	-0.20964555031321414	0.8719637181232205	-0.5918932047577592	0.20754262322943573	-0.14463096538625514	-0.0026639083782180237	0.8614954116574857	0.21284421305096277	-0.006911506436866283	-0.2134787636571785	0.3743736019233778	-0.17765964443187288	0.4983291632509161	-0.6012263267402126	0.3658217413015375	-0.5893893929982841	-0.6072805993829575	0.8109179232715579	-0.04766822063893414	-0.6173949903178845	-0.7931321736964801	0.3027195167537128	0.05357124760447763	-0.49786223142415087	0.5137102435062738	-0.3584029520077858	0.5245522340145019	-0.7844583388637347	-0.3804328748033855	-0.18264442115702398	0.07651352014125827	0.32711491673406434	0.46920121129139697	-0.06507664379012065	-0.24705648754103846	0.3521563847356495	-0.6467347191879431	-0.38511148712018684	0.5098841450525081	-0.38997151173311806	-0.27874022858689246	0.39552368611128674	-0.13754760837711855	0.36409116557907356	0.04614133815602904	-0.29526870991962634	0.3801498069251316	0.06565927093630909	0.3326049270284095	-0.26956835249942274	-0.10642223104456641	-0.07244005815045435	0.2977407302242543	-0.12148781755424734	0.20614543989553058	0.02292559435089146	0.15145623281391293	0.08068965679703859	-0.027957714028290927	-0.04105964519647642	-0.08437611293102933	0.11972207064753576	0.010639198087369134	-0.39271212628725616	-0.16073692637524278	-0.05309918343193452	-0.02864452395671117	-0.14975009650425164	-0.0378419931000435	-0.03622854658411108	0.10710789551994508
DTXSID3045691	-1.7178776655871695	0.18102563200738508	0.8867008484935819	-3.935493867505817	-2.080862098158874	-2.3373679315802858	1.5704783553636952	2.238803377439543	-0.2843772337690576	-3.5363023788766843	-2.604889526743043	0.8420605644183239	1.8715885469557108	-0.7299467375864473	3.0669021339434592	-1.0953964210426645	0.31107339035990805	6.062017579169479	2.2465257978613122	1.4455941010507263	-6.481132855842453	-5.930104364564021	5.101585935015792	4.616269208922775	5.189101170201744	-0.4580008011730026	-1.5712073874045334	-1.0605819940066896	0.7955760338986785	1.8869768436100203	-0.5064482561619266	2.0873376440125044	-0.1266907911396436	4.063151329428105	2.0671615530641443	-3.1808003414931667	-4.814658630945978	6.308784941501917	1.0861756039230401	-3.3603817868194152	-4.604809609993222	4.661533296463585	5.359021472942181	8.611345462145003	-1.0722573714227375	-5.914831463950601	-0.9413388932646657	-1.7656186119648019	1.1997588943024986	-0.4625965087960716	-0.9553723926071853	2.3171634709099385	-1.5012002261043969	-0.5633992431379667	-2.6953772321578935	-0.6210610349107376	-1.4962576481182255	-0.5211260089175267	1.8682660634218748	0.41168332354340315	-1.1170878890160423	1.200544279701329	0.8530886880058164	-0.7116831412087423	0.8757337944311495	2.0821940232002634	-0.3729667820667086	0.5658627113804392	-0.6287119137425012	1.225175748680557	-1.6305138082361081	-0.0103261340031504	-1.4835390674894122	-0.9084352526292714	0.8045877924376756	0.19438311126869887	-0.03325381445589924	-0.1413264088228303	1.0557112194835834	0.09488677623689097	-0.07293696601803598	1.0419214672713264	0.3858594054810257	-0.774316832287994	-1.840868243962106	0.7366869630010721	0.25360995513414947	0.35022219780341035	-1.182002642787853	0.2868626737053623	-0.3969255552230761	-0.4957262079912944	1.5488523825958496	-0.9556627740720426	0.1129553552733482	-0.6267006114357474	0.11248223135390079	-0.17490437679606385	-0.4201076662469593	-0.2566604747879992
DTXSID4024985	-2.7509212303583297	0.16477392031573523	-6.704778866858397	0.8683422710059915	-4.623238353075851	4.035125694052912	2.6901253326924155	-2.7834310070911887	-3.843864454747436	-0.34086940506495444	-1.848606679360588	-1.671531424463864	-0.43547706116748214	-0.786224570112506	-0.917290022563034	0.5628780762106841	-0.4248699394069923	-1.0127467086527322	0.8157224666931758	0.61197443153745	-0.5192615370545125	-0.10195316966284991	-0.38430845817906933	-0.6035362607820834	-0.5425789219460984	-1.9536433820029677	-0.5459153133049267	-1.1230482121395526	1.2541879558940994	-0.5163310275138616	0.8786492595016554	-0.9050419388767824	-0.31216145597531714	0.054998793740909435	0.7568115265009147	0.36825400366170014	-1.9299849779194453	-0.19855474054486075	-0.5245180187217978	-0.39025181817087856	0.6468765100206739	0.42089404517362516	1.0053256860776372	-1.0124382852618667	-0.37046833648929267	-0.415336572063102	-1.934814379200645	1.09906059884181	-1.2156694678975764	-0.5235396472120258	2.0851921956213575	0.6067057882048489	-0.7472240108844118	-0.6319812326246373	0.504618043915501	-0.30477573497878735	-0.06065648834831233	-1.1826351329998932	-0.5517595279899167	0.7514278693185811	0.2807591384112297	-0.03629019446051762	-0.08533988309146048	-0.7468323941903673	-0.7785573250645849	-0.39951689869294205	-0.26585807165398834	1.048316388292838	0.3566030330810299	-0.3012113718186015	-0.7482985965262499	0.7768493873995058	0.8081255418737732	-0.5344764182810124	-1.2767041586207637	-0.7543032164718387	-0.892005711444296	0.6938558801250773	0.10707278563417444	0.05015930025101111	0.6533904000998175	-0.035182527919942246	-0.6566829707255002	-0.23826440489451062	0.9268010779941969	0.14017447241133	0.48336838852303415	-0.19563789407851614	-0.29637579931750674	0.2701598426735455	0.3603433389319917	0.7901859291245401	0.3566764135274558	-0.15895211770039117	-0.2904810903002254	-0.20607598506869612	-0.06773334694289951	-0.003387687310111218	0.32251748549970716	0.5230619060068895
DTXSID6023440	9.438310915613982	2.526165848842309	-4.228222089036466	2.1907212299423255	1.31986662749689	2.0585731794579316	2.490749799731987	-0.945377795673892	-0.9640988614968601	-4.233944633071281	-0.06187448408445624	-3.3344126744297555	-0.819906184968883	4.7902212031095255	-0.5710588409381748	1.2158213728779639	-1.71548032098581	-1.2182603950733506	1.8008757415221723	1.1291217468979533	-1.5283996341833104	-0.01473131888255454	0.870474992901165	-0.36656531769282724	-0.5684337172576335	-0.1644685923353865	-0.7876950977423843	1.148131415129566	-1.4445545272267775	-2.195436667526819	0.31003081899828655	1.2437959058957921	-0.3638225268928818	0.21781260221178933	-0.8561282551490661	0.3872375402052237	1.6114083682182399	0.7718414662913505	-0.23391007494638602	0.25385733477799477	-0.5365753375302715	-0.4723470476443653	-0.4454131375156621	-0.8549039249706086	1.1912227458307312	-0.7850308910981467	0.31050856144143796	-1.7065534061655852	0.5851618792570025	0.498350372058478	-1.9564069126955772	0.31271259871532014	-0.13348470662648423	-0.7805256051491354	-0.13907460763526555	1.511436265131268	0.43992425577292643	0.21351681703130587	-0.6885569196860384	-0.6627959125729358	-1.7052751015657346	-0.8809801747362268	-1.4196196561244459	-1.850930203485326	-2.1752433246568517	1.3180609771768672	-1.3211269761383315	-0.03929289823224772	2.3789874321385636	0.9923613978879748	-0.29728787230166853	1.5148958356126818	-0.9073525716596917	-0.19489394248403402	-0.2840126020770619	-0.44920265408093324	0.055301682399846466	0.10491030628986601	-0.13209135568002994	-0.24447007047663274	0.6510325398950485	0.1556506527747506	-0.4593876960711493	-0.07340649541554563	-0.7625449677228082	0.46493095078814756	-0.7012524897824833	0.49383608135057294	-0.09177733994810917	-0.586781687849038	0.29683766670224987	-0.5987418317016401	0.1711859761038232	0.10546128869729718	0.328698843932037	0.24002026929711218	0.5794483061025667	0.22962123176930074	0.9384561047061212	-0.0951759868483281
DTXSID9052846	2.0878526392148244	-1.5170927767424007	-5.259136906838735	1.2129519477879385	-1.3721799614758787	0.3322209770874469	0.9455930233863711	0.6575787105052168	2.0838713153084756	-1.1355973699680684	0.5933495304293951	0.6236155147651546	-1.3885487187736554	-0.2586306636290497	-1.2024903598978658	-1.6154313444103678	-0.3061083255368798	-0.2927052853860999	-0.6514262997496171	-0.8817939062959824	-0.200439428609094	-0.8160869782893808	0.006694917646449635	-1.0430485969033152	0.742140222059928	-0.04414343318950022	0.2993306317713747	-0.4731647627198977	-0.23635646218855488	-0.10114402539841336	1.535177592919302	0.014131469313287178	-0.25342680963587805	-1.0262024800392515	-0.581826589641216	0.07484824015931575	0.7060369211242802	0.9518151664490063	-0.842195742465789	0.2572926672440473	-0.4725186309544576	-0.6176401769608163	-0.20904335374719268	1.4908027077409642	-0.10781933463835945	0.03571394215430631	0.2737310058215791	-1.1574225787021786	0.6774255386230844	-0.17094109136018154	0.1657418668634914	-0.6030745194999803	0.5643811740276032	0.1696657644165352	-0.1717470898769981	-0.41674455182963793	-0.4705809068813044	0.7354861316443432	1.283053883761726	-0.08045307307179177	-0.618477918593066	0.21512562047404257	0.2209817563159889	1.0012328568751718	-0.021810605415572146	-0.699737695211134	0.7490981103538987	1.0798535921904648	0.09980889058737012	0.9362649443539822	0.04599756666013402	0.2742343337255278	0.23654821708640467	0.34742458262478465	-0.8133931324687939	0.5303667286925328	1.3396006829713367	0.4867076317488767	1.4170326598339045	0.25793824087385736	-0.00974772610710553	-0.0019507330120212504	-0.5591939341364865	-0.6847953171877023	0.0022480499559948885	0.03787521141208841	0.5653438245464794	0.017497548961553155	-0.3281624399773967	0.7790943213536174	-1.1214332112284386	-0.037655488573193965	-0.7986469239184075	0.8270507100671065	-0.22631156268105626	0.2966806857864174	-2.1475525329458396	0.7366521500614183	-0.7442847637126032	0.1305304514144101
DTXSID5052832	-0.3109424065943232	-4.960022080904368	-0.7428344680317994	-7.2317249186400305	-0.7884746476024376	-3.149945169470407	-4.9165836916863235	-1.994186581624864	-5.259538513881598	7.688821096931257	-2.322809214515588	-1.695614506119571	-0.7943494988433378	3.4711981266506124	-1.7658886435524466	0.9911272555464091	2.652174617409655	2.195412882502135	-0.1033401506164728	0.234789286643783	1.7084949309064188	0.3359581962415293	0.8352241782550452	0.20563511160412024	-0.9818997622974278	0.5630607753497289	1.1456265507048953	-0.42985600418483877	0.5097137950976444	-0.48348263070362124	1.30378513992184	0.09632456114666345	1.405155086549265	-0.5065438398599058	0.06642619486435442	0.4561062922629748	-1.3688025659186145	-0.9614641242656445	0.7483169029981246	0.017754814383777323	0.6922253941543471	-0.25981240049562837	0.4254144900286298	-0.40011404903383185	0.07198455486491738	-0.19767859764491727	0.16886923640903553	-0.2692088985748331	1.4504624858743889	-1.0610032205885305	-1.4664076167076951	0.1743135383177186	0.24296601275738394	1.1473101725024497	1.0113209515241222	-1.084026102704361	1.4477209346361917	-0.5238805991932114	-0.6013408446203038	-0.2520801593757523	0.47420674004824703	-1.0828679737011095	-0.03937717587801393	-1.9695983631317073	0.7418607746112319	0.828934788322268	1.002833746292697	-0.19391401372842088	-1.4020077764590515	0.4272227496952294	-0.6457535245513808	-1.3005929022090155	-1.2590667216108018	-0.07917843732165601	0.8862216573816114	-0.08409293958441565	0.21557803646713206	0.49513212996434847	-0.5599913344908022	0.4023765409460889	0.46173337572321516	0.42831940621666165	-0.4740092393771432	0.3448094065231193	0.7888344035949117	-0.37802954946921513	0.4604592898139199	-0.6303482155234416	-0.0002510050314839378	0.5110979196036181	0.39825426500276406	-0.04256774936630689	-0.6601680832655299	-0.1325980402403976	-0.10820305121852575	0.11968576268653484	0.6302990859715545	-0.03932420540894554	-0.28907791268140154	0.3343349076633184
DTXSID6023999	-3.7155775448814765	-0.9163745645575525	-2.6650378042213965	2.1389030267015725	-2.415006339439905	1.2485532365050331	0.28990380301293944	9.40984048564287	0.36173697754984935	-3.571531985702785	-0.93703811313417	2.996643181692842	-1.0072725685268198	0.8165617082247397	-2.243731619225965	2.157060935775072	-0.07881256567202556	0.111162447416519	0.14800923773116878	1.5259310493926073	0.4629725839859141	-0.7446428180728945	-0.6268159338549513	-1.447405412285046	-0.3003005813839547	-1.2441354225900525	1.7983185756863143	1.484666101828255	-1.4959139262811327	-0.8506732746227685	-1.5539807575793172	-0.18743289852116243	-0.7449440978458624	0.4846798870066729	-0.9164328485917738	-1.0699958322485374	0.7462928621849294	-0.6385064400106552	1.6183080076261145	-0.398869380926494	-1.013550419781761	0.0727197135506565	1.106617120547827	-0.8090542328289949	-0.2162446317399811	-0.5299341926122612	-0.504944950710427	0.7157564537927148	1.2241562162958286	0.2675784278593973	-0.636744380970328	-0.15189781774002015	0.00021988450278395932	0.864649381799393	0.6786815266591425	0.09953777150992445	-0.3166761365375605	0.26277374323442343	0.8706798125769359	0.009987130441429192	0.8229652391015833	0.35845769543205863	0.15200367703465603	-0.7395193153643469	-1.3933948065803725	-0.6435294623115639	-1.3583432767500436	0.7704868030937206	0.21196726690249074	0.2712342024151046	0.9335941379369407	-0.2026294343339021	-0.13870707932246915	-0.2902365422507069	0.058859584397506194	-0.3286950236922495	-0.18101909411232112	0.2758879960902876	0.09333874625617589	-0.4029184601708757	0.2885130413252418	-0.6621354799123689	0.27420264187674365	0.31484383023137763	0.5662156330838589	-0.26174812329145764	-0.19398691243040625	0.4283535898877584	-0.006328524078342084	0.46850147064718933	0.2665140004505854	0.4297556355850029	0.21861734525830503	-0.15943705229606855	0.7316908595507657	0.17533820554293705	-1.3196906537612811	-0.003821397933154064	0.05432421151329417	0.21679766190735814
DTXSID8020759	-5.198724785601501	4.893369038154935	-1.390581060064214	0.8328702662735886	-0.74708280411421	0.4838258321137716	0.17368848724072003	-1.4515950902222023	0.3888982843282351	-0.2266808876003151	0.1843793907044826	0.27672877205704044	1.523715691371332	0.7147239274887466	-0.23482918101382116	-0.5632063214520923	-0.7564450194918879	0.8947409514295409	0.06458987347241497	0.10559826956611926	-0.45172193240512387	-0.5167967420609768	-0.6326879554467569	-0.503361063347519	0.1264426041834428	0.6536015988768084	1.3419112743101986	0.5557842935050387	0.18036929370671312	0.6599726159493813	0.22843686072454855	1.0513836385851962	-0.16530364927325886	-0.06396910649571318	0.18930470953567632	0.059109293937850374	0.03076372052522522	-0.0974267014038794	-0.1838119499639961	0.3682078553286264	0.001320859654438482	0.2470414334730611	0.1488951789569796	-0.09756937388217751	0.2990269614852334	-0.10093163286478116	0.8303831335449016	0.27005701830281353	-0.5493244733174993	-0.9210785384709098	0.22837204529820565	-0.17203359993773953	0.32471344981420247	-0.6385263732284086	0.29977659602795226	-0.5736593457473174	-0.14058988711408804	-0.4258881493657012	-0.21928843160353662	0.44288826675012205	0.28250740598926594	0.11256570257804874	-0.3289390644634008	0.19507747206406031	-0.26401405423392404	-0.2128076287058294	-0.14658169841106164	-0.007407571366871144	-0.04583829590092317	0.5330325952910974	0.2274583495617657	-0.10322756742433249	-0.0967965142536044	-0.06891986112370409	-0.7275506268574475	-0.20184348865067125	-0.41775899999190474	-0.060329134163597815	-1.1987301180510972	0.004732849885179817	0.1676008967280869	0.04481555325638781	0.17227523532546296	-0.030338674839648774	-0.43993429606576306	-0.10901828388821773	0.23953484206732092	-0.10143577389436632	-0.5299572265926755	0.09002444967749595	-0.26715732453710805	0.5275839999144537	-0.004622987552260129	-0.15179322039895837	0.09051809003387595	0.499960799454893	0.4187432456237104	-0.03551386318642758	-0.23562766521438241	-0.19369350256731824
DTXSID1020483	-4.860172513854744	-1.8724960807613698	-0.515816616493105	1.7984593278623917	-0.14522746064742803	1.4038726847608536	-0.5597577421957206	2.802503947542056	0.9767959001418012	1.7061977964115873	3.111961894152924	2.0105380446745813	-0.35903288806310657	1.916147304829651	0.22562462735050395	0.3728833722559603	2.324276005167649	-2.0023824194524575	1.4910675874714123	-0.8124186179374377	0.35798731194792655	0.008465844405584717	1.1929594052666586	0.0710145260477518	0.8534661823316222	0.5599514651914316	-0.29956748718511356	-0.5435704381351143	-0.28027378881025106	-0.1531254080321495	1.5470104497068844	0.5563253455586835	-0.3693922798774363	-0.4816175551463975	0.6470748979477473	-0.029874769197146028	0.4354970027930444	-1.2872908303468977	-0.26602772685919424	-0.18721518738214785	0.16023418133884237	0.11534607615603205	0.43673780133768614	1.380708075151972	0.0690342127987822	-0.75967919480897	-0.03221879151842752	-0.8127582132349842	-1.0326435808911976	-0.7107903007964113	-0.6443152769012124	-0.5055634515502833	-0.6459846455038086	-0.8966559818395826	-0.5633974737947395	-0.42122779471278304	0.05730446034864913	0.3569760871954299	0.3625848921728299	-0.04608475928732602	-0.7739347661440742	0.03539525216240503	-0.014423113796345682	1.4130186310750592	-0.2722663639807766	-0.4517723488199279	-0.5426573758853991	0.5760258185315683	0.26626397040680755	-0.23816854812884183	0.08136080461292526	0.01659096798537783	0.16137761294917283	0.5212309949062675	-0.6702690653181798	0.29321563432859554	0.5662470925885233	0.04769411532529547	-0.31009584712332205	-0.37771625022234967	0.16642061119341878	0.09793137399705934	0.23190515198370446	-0.1893088438881956	0.08626163277894776	-0.08792301109214533	0.19346236746877463	0.30276174740383205	-0.2849379302881002	0.025538696033341548	0.02750887786951517	-0.331693833627266	0.504615789897783	-0.16782617043508105	0.05970072972953855	-0.5563158256810984	-0.36235834461742533	-0.0953594860115101	0.0337746826591599	0.10632651038699603
DTXSID0033382	18.705460629323785	-2.1569884379034985	-0.5999289213614035	11.066647105450665	-0.04490192531431312	-2.429407658976353	-0.5898109891193586	-0.01835939035144464	-0.4430982394008939	1.1777790195292503	0.7307017551418964	0.7135823215838291	0.4189031026049697	1.2509467123750222	-3.1102731383937297	1.9994342131632876	2.30338143678012	-1.0349667031754441	-3.772147674806649	-1.5703760748460964	-2.6373997872037966	0.6339603092369315	0.5426978250372902	-0.4131615771814428	2.8414258028113744	2.096535303893526	0.4115428952935923	-1.1210620741763027	-0.8980448526059981	-0.8086483141946733	0.2553205988421791	-0.09246359086130518	0.43894132558916515	-0.6611188149226428	0.18544208166603482	-0.18291154233887907	0.037776479802508936	-0.6912488699470327	-0.10418518734330696	2.4742631491023186	-0.5783209744317572	0.999832036327551	0.9312793855644722	0.5038835444514652	-0.8038418447229521	-0.16749625805735047	0.4339887083424027	-0.7018627680759356	-0.8055515530753495	-1.937212864935909	-1.439927649839453	2.009831905163244	-0.25416307082618256	-0.013767233915409958	-0.8091665511341332	-1.5568210409349437	-0.4238547822185443	-2.013087330439665	0.832232756792311	0.7890489251303188	-1.1488473974937052	2.9004514342212078	1.220802939069119	-0.22270874289897008	-1.0186084643582696	-0.8357292595930114	0.941669440892744	-1.5837240843907006	0.8114172412865012	-0.8999275895904906	1.646053729075298	0.30242498924603806	0.771363659911231	0.2725972716966692	-1.224067097783696	-3.61155394886785	-0.5288494106623506	-0.17319097375584638	-2.5887847543116043	1.2221498965465363	0.7001163731943532	-0.0726565067371644	-1.8491295776336365	-0.923711330347167	1.1911898527981084	-0.548887176474406	1.7210476700662567	-0.046165813439332445	-0.25289625685576206	-0.033771883252649355	-1.5023034856910529	0.3263724550793622	0.12778595124310574	0.3656937976452521	0.9772751032657058	0.3106381608822739	-0.7544094613692478	-0.14475229252173893	-0.558330382355976	-0.34113864815933254
DTXSID9049376	-4.444077047917158	-1.4604726593177824	-1.4926985627421872	-0.38769214117903833	-3.6586243326562875	-1.8935470845911966	3.4707183490902698	5.466248539665234	1.5277433074531537	-3.901046866779806	-1.2544945958057232	1.0282376180025565	3.4479607625074036	-0.24829552087613754	-2.4859098829036563	0.3853538967548043	1.0618772209424698	0.5878914305687258	1.5800569782413916	2.8723681119136337	-0.7210371937164917	1.774753397664447	-1.2101851278371845	-1.7182487046169586	1.8285802532813245	-0.04227416642619629	-0.5597596941752181	-1.3845264142089353	0.5276251380876987	0.27058918686558686	-2.9345646399279643	2.5646849496548954	0.6551470004453845	4.5309214167032605	1.2068838684963201	-1.712802728565999	-4.91988470950768	5.604042525309076	-0.1789966736375791	-4.10452754911566	-5.52227334824156	4.168685937009015	6.571793272811049	7.34962245372518	-1.3815242110624297	-4.847910168002722	-1.6256182381814164	-1.7806092070709734	0.2404352271508728	-1.414371504781979	-0.36111474841847213	1.4897166320055466	1.1709257239166977	-0.6279365195534947	-2.1034945918607995	-0.6608499032173639	-0.8608637579471402	-1.5682133946936307	2.5577979191562474	1.8813628676853649	-1.4181563438031999	0.015986642499065434	-0.27001381936320906	-0.6814676997739206	-0.12742713488922913	1.2058549886268526	-1.3516771233713374	1.655021097364197	-1.0885837824975855	1.4062967067210288	-1.3370210105698237	-0.26250830704952344	-1.6157520746679888	-2.3140969677646184	-0.25086800049824515	0.7989110425960815	-1.333996662569524	-0.08973237322034848	1.7442311800376429	-0.2482009194024661	-0.38836670337439305	1.513942386134458	0.3132378109456327	1.0609526985803255	-2.4095867136995746	0.19159588855630372	-0.8382602710289205	-0.14566700940685687	-0.9368546588063422	-0.29243503550719585	-0.6533859576453264	-0.5560759360924327	0.22305843835091987	-1.7505198665656678	0.5405177372598287	0.0029311144426634756	1.3849446103725356	0.26903292429363435	0.26595177533204006	-0.719783036995805
DTXSID1048960	6.582276632505059	-5.552177715041199	-4.880254469137533	3.7196738574111246	1.6763369192392987	2.0465956130072835	-3.799848116185567	1.2372640954661729	-4.267608914880334	-1.9634625962403862	-0.761293188299043	-4.275579392346178	-1.045259903909412	3.9073471891594913	-1.3727137644874823	-0.8307837919737155	-0.8546560354527758	1.5581496166961983	-1.154499738239928	0.21871897890653608	1.5863254723649798	-2.2918238577382795	0.1545685613127556	0.8999902425623177	-1.2445671347116	-1.0684507269637893	-0.38696754274697326	3.860867793422719	2.267955141531173	-1.0166585148742255	0.5878370987054381	-0.3253871613397712	-2.015457609928493	2.8280630948815046	1.7337272407891429	0.30329928209283963	6.946964613246068	-1.0833094825294876	-2.7458179583494338	-0.8445992370638634	-0.8699834297994163	-2.347535991943588	0.5326013898124367	3.3702901953293916	-1.9105681770228065	0.12493591811198562	-1.3031222811406025	-0.5093137169950422	3.2405739056212797	-0.19121740167708273	2.1836072572952463	-1.3652775258614498	-3.045216035675347	4.029805215168231	2.903787863779285	-2.7548023569301914	0.9548250759350381	-1.7334736044815298	0.9467517824200977	-0.35963444670707384	0.0438077680499718	0.0781517956596487	1.6934230483992332	-0.6961992669900097	3.533042018198141	-0.44027902936164115	-1.1740829297278195	-2.3124078363670293	1.1685665462474677	1.9231463164083844	-2.144582604135497	3.277016738727549	-1.327079450608855	-2.496774723979754	-0.33590739872818554	-0.5732908729587822	-2.1386235649938823	0.4414677194373251	-1.011963942281342	-0.23964941510743662	-1.1107169816700904	0.025246682959411886	-0.7470784975804033	-1.2137500465538338	1.3244886607491348	-1.44202191617939	-0.6341548753949641	-1.1863634643262553	0.9886282120088323	-0.28173505807905097	-1.2636590026564365	-0.0976040219155783	-1.8010982580573704	-1.3247492970823018	-1.1454979071649214	0.8291092011439805	-0.08738446035877533	1.2281976089765456	-0.9949527061654435	-1.4461348247325292
DTXSID9057715	5.160189009446191	-1.937983110772698	-0.6070214979958881	-2.557443969628045	-3.384430964977333	1.57266293617958	2.4631351473128826	0.921616976806287	-1.6435809872529112	2.174125363800739	0.7327945762864633	-1.8267107418667607	0.7015081769926977	1.1749446583126923	-0.9975320986968707	1.0349559362314755	-0.7074480413401526	0.18569945452703782	0.4227171635235597	0.42739580643923597	-1.3053492490801994	0.4323196561112365	0.2660181515893505	-0.4419624150103984	-0.30739112912900857	0.5256406601299682	0.7146088239405304	-0.09525146843622041	-0.7615233860182727	1.2690223088445065	0.07831692189822681	-0.9208685271100782	-0.9938102722544782	-0.14893891036053652	-0.43058239848336166	0.42126120386672666	0.3973780980497473	1.4498207018234712	0.6548874195489518	0.8937492529597773	-0.4698001703632971	-0.18729271455239763	-0.5902966459685087	-0.5535355522556291	-0.329359016540443	0.010205066040014525	0.03790338321744411	-0.27030372160579325	1.077464443069443	-0.6130034836321386	-0.6050016895689102	-0.23444903033333675	-0.08385668989593328	1.443831988066565	0.2140908801366394	0.7255882359828968	-0.6695754758180736	-0.6497039095319047	1.2114390918739155	-1.454532225967636	-0.26512081612413557	-0.09480737019939106	0.00032077621710828165	-0.00954153720104979	1.4119416785626646	1.1571478297519169	2.150727061135936	-1.6623724808911804	-0.2578314678490605	-0.6646523401063624	1.1661384840755	0.3216287742224533	-0.3372491487517025	-1.0260087776202724	-0.9363525094882624	-1.4302385189963285	0.856932449083033	1.4417411043370003	-0.5473644077597521	-0.06691138346038066	0.7371516787323288	0.6087537436490309	-0.6759583147878555	-1.2929635371193036	0.6589366454264342	0.2770622726256329	-0.09116986858050394	0.245505503153407	0.7871286472351419	-1.1495020921274246	0.6874856074125546	-0.6568363810000589	0.09880171529579698	1.2013410651788905	0.12576761785014237	-0.2891978823963599	-0.19240303600016562	0.2532523351853416	-0.39625375720984246	-0.3226101121333272
DTXSID6023369	2.5345013497626363	-3.0412542947077683	-0.5565013963773658	2.2142302190328533	-2.800535927118707	2.8961429132107197	3.2753494561990726	0.059016397343311724	6.904861990164586	2.008538195666141	-4.391832603929413	-4.039399627520361	1.5110909010343696	-0.19461063156490324	1.3979534785447394	1.1758245492043888	0.4758054760390523	-0.26558974014997944	-2.4844527778017524	0.9285512458888637	2.1554010731926088	-0.9637647306495941	0.9604743800124218	1.8877132280734308	-0.08569417086831342	0.6486936469453992	1.1647058990252663	-0.4476026173202996	-0.8730478874404312	1.0611348083111611	-0.4357065259702457	-0.6018628759682842	-0.5398079069573956	1.0857478459698924	0.17419248982423507	-1.3641417137924912	0.568639135544727	0.5618772822757424	0.09450449420771885	-0.46035805160031834	1.2680382992274142	1.0873716786080128	-0.6164386628272053	-0.5708779106877554	0.6219825461679821	1.213890652407235	0.8636806537336039	0.588621707679136	-1.224132667201504	-0.32490757756203414	0.32688494855635775	-1.383743407005677	-0.5803111446422529	2.5066953213416876	-0.7952125041458907	1.0230210616434574	-1.318438746971494	0.504621033560427	0.6935139880174456	-1.558186387018871	0.25752682094415663	-0.702449797614776	-0.8686604894487179	-1.3349910863781072	0.9376422603931605	1.4563647404336404	-1.2647757382187756	0.3688938993771806	-1.5688877751889003	-0.9665825426957928	0.45323509377438775	1.3052519231864719	-1.6191155903657364	0.7952575310098059	-1.8383085076369508	-1.0587706845816411	0.609137956099539	-0.5619884457462514	0.5252724499393865	-2.0393507277306546	0.1692739426123197	0.4507290776122658	-0.07338168264161697	0.44394720426559797	1.2024677978314293	0.8468885762485185	-0.43869660120083187	0.6344392123938213	0.46527121969359253	0.025576247266085327	0.26689012152854374	-0.13082551307001047	-0.46862482644916664	-0.3251038122348165	0.40726360716932203	0.6750667322638487	0.2051279864476471	0.7666047941954228	-1.2160205640944326	-0.7680275036471275
DTXSID4046020	-3.5117487027178704	1.2038231424528139	-2.6284445277465887	3.2367080724170774	-1.9484488759295193	-2.662672225350293	2.314489278184279	0.5025534931128407	0.769783581096291	-1.763175252859211	-0.24332707490628513	-0.007680045320413994	1.3738807360083916	0.8526245177517499	-0.49457237108540947	0.6590145562049547	0.46300567690693495	1.7593912470982278	0.5247196302844539	-0.7029850470149942	-0.21557192800607233	1.4576710790621705	-2.427358949064128	-1.1198607647478391	2.942919267375585	1.715029155842002	1.9994024334500293	0.3464811236107851	-0.4442973684037721	1.8930998402177839	1.728278087075016	2.4112786295437587	2.506221206298069	-3.649109114471077	0.00048743721904114266	-2.4210028195243734	-0.28554536984207185	-2.549082264331018	-5.1239280445427635	-1.9262510676470024	-1.172810822253264	2.772891650069301	0.08676584533974172	-0.30765955473819884	-2.4039103911617703	5.434899808108846	-5.067865784002159	0.9791548043768281	3.9803039373654165	2.4779601093949206	-0.7947965521075973	2.2199397451615823	-1.4949994983330694	0.14739580704538977	-2.918888457124685	2.493334569010295	1.0566359233166738	-0.11319090432341365	-0.11150151490728977	-0.5419017468550793	-3.5721004689248663	1.0546785303859612	0.4457859107638864	1.0989993523589336	-0.0005799129010004982	1.5042024602623707	0.4806230933103972	-0.21645328699965016	-0.11942869363783762	0.3623587268173659	-0.8953100323985113	0.6211578572606457	-0.45525787553412955	0.2062794541721475	-1.4475332045100386	-0.33033253699123233	-0.6471265643667452	-0.9541433151248094	-0.26009003779636625	-0.49138968229981705	-1.241281527694163	-1.1234219618080048	0.9511144747468872	0.1289173464165113	-1.1745232351231867	0.11840701902396442	0.13401670105812527	0.10497960200094489	0.6780106941065671	0.7891969467946732	0.526218850402815	-0.160497650445567	0.7568690579161187	-0.2890085551637181	0.7810356192678201	0.01352219571719071	-0.31063006898142653	-0.5434266394903432	-0.33240144493665136	0.34055356752836813
DTXSID7020681	-7.07838013828446	3.923318027033132	-1.8164801863052005	0.28688898908390015	3.0538466368079824	0.8421089803542507	0.2910619233489137	0.3010743563586796	-0.11991766786736636	-0.6016200476413136	-1.2997825070690314	1.7496001461407846	-0.668021373700861	0.20489562471638503	-0.27161257490071417	0.9537606937015143	0.23142936696310132	0.39433969775388017	0.8700023974991968	0.09884819314105621	-0.08353723214394373	0.426547189088336	-0.28548568991831524	-0.29090573822729654	0.43656987798395	-0.41246683959841146	-0.5395413795981187	0.004099010785329968	-0.4890316670739098	0.06007339344799478	-0.08887888147802607	-0.41047705275039037	0.3366537294876543	-0.39895670305530784	0.16564514334303665	0.4565210652662736	0.02688678705109833	0.12669534347035635	-0.06532186443441187	0.21918265998699712	0.04945747577719679	-0.13395234748732862	-0.34708036531781844	0.44337988560351205	-0.20847591950853392	-0.7730772185377733	0.086646632422803	0.3351616996598024	-0.018560086599929568	-0.3276440727488995	-0.03879603270180224	-0.12584130936801027	0.2824025275093563	0.18520876866376218	0.04778892129126507	0.11327110770093336	-0.23063622868357198	-0.40995319267446456	-0.4006427812087051	-0.09337876637676128	-0.18488371946310264	0.3449150102052979	-0.24190327986854007	-0.08246895101451245	-0.09682424167390259	-0.356697202030113	0.030838809210538904	0.5375098186182352	-0.35565210466996644	-0.2412544548041871	0.005455964197511448	-0.2608536970278745	-0.3003041423660441	0.10298249284534458	0.0027447351035547875	0.28003904840790955	-0.30382896696578227	-0.19348561834119213	-0.1999971665996884	0.1655724393176624	-0.08578265216499317	-0.10227139513732081	0.14734761732680926	0.19184544199163117	-0.04969873111041767	-0.09560162142480945	-0.24550745277947844	0.6313963617022048	-0.2981055997362397	-0.23543085937532657	0.11937127428914591	-0.009128041123284112	-0.44795743640966146	-0.13680230091300036	-0.7883391724346569	0.12765390155958176	-0.3178098827207404	0.07565368605056981	-0.7953934189238352	0.12816014165000147
DTXSID5046855	37.64355694697707	-2.1597869041652453	-8.935710300635412	6.035284314289648	4.124455794933289	-0.15998785436914248	8.518060573577154	-2.6942384102428156	3.077134672696521	3.885741320266475	4.774778244076613	5.869714271215794	2.3146878693836292	4.201119232885548	-1.921618611897086	2.391034674542806	-1.7297477041066258	-1.188450347311118	2.281077503188209	5.234690249914131	-6.985941161777946	6.654232033542838	1.1279994909978988	-1.979581107416237	1.7949411334575374	0.9093185713258511	-4.604018906156893	-4.576256469184779	-0.13096719242157515	2.4098653676569177	0.45929194279602303	-2.432749800988042	-1.5619932604847537	-1.0408928943225935	1.6641847697980294	-8.793882817194854	1.6622303507063891	-8.694521550771592	-3.2158574973381406	8.28881581415857	-1.8721472310732246	10.111884919407041	2.981529099473528	-4.68867617315725	2.763875087566312	5.184482672098969	1.944914427583674	0.0030545255243324227	7.04631971614748	5.420933786648242	2.6276200654817186	3.2296876717924063	-4.150376087848861	1.1334062307722077	-4.858033293083752	-4.516070858372807	-0.354505014440097	-3.014116493440998	1.6359442957081376	-4.8582987754653635	-5.4023455777013165	-0.15526879117415107	0.2943719955146741	-0.6041361138177256	0.046716175599552746	-0.3038272393120644	1.2748240986661066	0.6096843361324397	-1.2700302096263594	0.013102079850661186	-2.708673068567826	-0.5356920503037131	0.6636060670140602	-2.2429335908399177	-5.519473118320091	-2.499746079914426	-0.45882782576122966	1.1323228098933165	1.8462661936347902	-0.5689886510976212	2.939011178991025	-0.7621010590001925	-1.8911027294132092	-2.513666853005236	-2.6743020698628044	2.4466952817118157	-0.43142670589705684	-0.12195379941500228	-1.8342419135112313	-0.13793135605774534	-2.5074155713193	-2.9917085289721994	-0.5891238795691234	1.1199318505612414	0.663040812860914	2.047521573133773	2.854720106433931	-0.4499688704873853	-0.3699971023307725	-1.2236527873532492
DTXSID8025703	-4.916591762815503	-0.48422264497222006	1.9136658603922774	-1.5693410875156197	-0.7767248363511571	0.2522161498051892	0.02916858963048388	-0.19346302122080747	-0.4876116541603873	0.4052377299379304	-0.795959357316714	-0.38762452055822705	3.3043832831178315	-0.6632930328386356	1.1590422225504564	-0.44644785297595524	-1.231318534749979	-0.17534204970378198	-1.2556473164087876	2.1192261367469243	1.9663776588033628	0.3777742296832009	0.6935463385967859	1.0224040950077231	0.6729616357349609	0.9214532557386443	-0.41062233752269467	-0.31063676415512487	-0.7979149162574762	0.3522761846869704	0.015088222457812385	-0.27373773119043593	0.3397361950332231	-0.5086818807669699	-0.36998893404123	0.12861168656964275	0.32731378780303166	1.199797945740976	-0.46031835266050725	0.30718568130850843	-0.10012963883533735	-0.5143834345768188	-0.18741815272991233	-0.8661102358889371	-0.07686434971013421	0.16634825318572613	-0.4062755077716414	-0.2153604482986457	-0.046312495503661545	-0.597786451537193	0.2729431244964897	-1.1510826634009992	0.07784428552111952	-0.05792868398846778	0.7302430610937936	0.14300980950216158	-0.3073798651581134	-0.29742793845518484	0.12952292233667784	0.5002838499308371	-0.29108401062735123	-0.5387732543821018	1.2362246468493097	0.34347897937569055	0.18662680551993974	0.1401208179934286	-0.48066725492207646	-0.17912249252187312	-0.16182616503528557	-0.7894976902031362	-0.8023044821186106	0.38226422216763206	-0.4530674144213567	0.6200727527221802	0.49509482274966155	-0.9821026094485784	1.0022213821144235	-1.0489506202859367	0.03508814495786018	-1.5570417719122418	0.9235643387943379	-0.7177964703068076	-0.2590710412074009	1.3193962495670373	0.8687076614943523	0.22792018571012346	1.056145425865784	0.21254890747615438	-0.8791128186174534	0.29130145384138195	-0.11658345515131188	0.10412447613894747	0.05050894685250744	-0.005020744293256128	0.18564832150667793	0.9077409120652475	-0.10709435167219489	0.4995586486860309	-0.32176609197482525	-0.729038584677496
DTXSID3021487	-1.3303347266245196	-3.2708056951065796	0.3835912533149938	8.24939679474969	3.32998266876252	-1.4779350711692008	-0.7035321101003564	-4.190945248673258	-2.9996923186628064	-8.854712935021839	-3.8198334255117556	-5.685138761848465	0.8539203413805978	11.02435439806905	-2.4376004511221203	-1.8872483379127625	-1.8386853803118848	-1.5219487112355232	6.453314101050839	3.5999342230530416	2.770900078184123	0.42938685195166293	3.6671616566319263	1.0112214163800703	-1.9077221663053692	0.5160991528109223	-3.532885338799792	8.45173920241392	5.848588629897699	-3.5421085139090613	0.8893567536757229	1.1621845143589853	-7.336775555023935	12.342399277404427	7.314371114846248	1.6208234520507916	19.144098028309706	-3.6802780404465936	-8.755332612786683	-3.1248428454043964	-3.287348479996647	-7.2809429464829	1.0029233695483593	9.927071038474804	-3.666542907375304	3.2182898343818587	-6.3724654036423445	4.056216835237925	4.358637771381193	-5.880666236576529	5.865300742477751	-1.044767063525752	-6.724664546079386	6.9471029414027905	8.15539376488622	-5.547722336727378	3.4505694476059174	-3.278069014171713	0.4753550054937076	0.14129732623626376	0.4436320937857441	3.1286194049010905	3.118541879216978	-2.077804631938957	3.501097048704731	0.8903862940689655	1.3689757640205704	-2.205163585981552	-1.8389692987213841	2.5293910838382714	-1.6088543845888348	0.8347208218766188	-0.07372256950492699	-0.08141294037110446	1.5056446806316126	1.5043804967649896	-2.8039321915560023	-0.09168989577885399	0.7996320069060049	1.0655847362716364	-0.7842364780754877	-1.1308075139008655	-0.4224167023285385	1.1202927779148288	0.7332095690499084	2.521929289540356	1.0931615951989935	-0.5073272795413802	0.33852416145832653	-0.6253794532716356	-1.1707956231052552	-0.457848295565096	-0.12168344100517153	1.089754520201949	-2.0203143834719968	2.13039684081121	1.7261468265191828	1.0191655299538127	-0.24072219559990513	-0.7296681287369454
DTXSID9048724	-2.3520653667534517	1.2541299690642234	0.7716870020298947	0.7739216880429745	2.0728266480197393	0.3192948282717324	-0.07878564681024561	-1.475451701280276	0.026547517788688597	-3.2510595046395108	-1.7417014883949444	-1.520777399505262	0.6821144486885303	4.268500439398626	-0.2589970035120729	-1.66674577839806	-1.4498405799966758	0.2972616128750657	2.0763578050622242	0.31258865179588013	0.10313046800152043	-0.4068469107122794	0.3584990289208499	-0.4614529958773728	-1.6644203029376532	0.3617159722125643	0.11461736008069737	0.21217745777807911	0.04718738988576935	-0.31237400471368665	0.6862267477816104	-0.30051362896406886	-1.0362974106940375	-0.0801660692174381	0.1637620804939912	0.7875350655078397	0.18242593121403783	1.6886730594183972	-0.6848989157042626	0.15474464440402477	0.3133701926071191	0.25384363258352033	-0.6929459187026957	-0.5670756645904133	0.4149605036286217	-0.3155603919415073	0.10346422205796736	-0.6859467496170174	0.052054550398139415	0.18100175574250427	-0.9738130782259663	-0.8551638669189187	-0.1861737999313261	-0.7286165952394923	-0.40709070673432435	0.33026425115298175	0.130171633034568	-0.20482645044850686	-1.0740093395717134	-0.5288399531890697	-0.31472439916087697	-0.5329864686758531	0.3513695753825815	0.9914117644459798	-0.38644588678679725	0.6776213530591594	-0.013245741774148436	-0.12389395272497208	0.4197097614970611	-0.5790849021688138	-0.5135468948739477	0.11123821633156787	-0.07868015503770212	0.3644768033273031	-0.017313391940024937	0.1749137041826575	0.7337827699574645	-0.13356826401183433	0.06083314932958949	-0.06307716075345508	-0.3188270241559371	-0.10653070001331474	0.6895470751568131	-0.3785888283678697	-0.26937832838481934	0.5597067284545298	0.3962426346756536	0.1157911963228341	-0.0601631644716742	0.06178113124018403	-0.20903747664390093	-0.17804584699567502	0.2227963411948296	0.006355505983991308	-0.3707365355064536	0.10144978135753983	0.2931289350807541	0.13201940923549887	0.08738149984556422	0.0146099871744419
DTXSID6027551	2.2269547913405234	-3.2120613662802615	-5.1177563737849265	3.9119671141922407	1.6718327324771014	1.2846173408360333	-2.169035224923054	-2.4916500977940577	2.6408989303593895	-0.7903346577480198	4.301353660152577	1.9295836634670345	1.8456883275763198	-0.5506637984003458	-0.9238967431155753	-0.4882255524854363	0.07440159954480566	-1.8887228163334948	0.07811812174478082	3.7612822352942015	-1.3213470284519482	1.5458216497218638	1.882104373980085	-1.2975403894471382	2.860892846195758	-0.287672265208696	-0.17472878216288823	-0.5726258911074241	1.1031595528714386	-3.3433335094082617	0.4562969892948483	2.1606931270718506	0.15461857232768694	-0.10236478441198013	1.1139391186530354	-0.9777392803124716	-0.16791016580093535	-0.3340563302400978	-0.4187571637476393	-1.6367992212226556	0.43771929800208553	-1.5916360619999186	0.42712784651817903	0.6252885914395743	1.0261551088864191	-1.295536264354146	-0.4893420722844913	-1.2580111267239658	-0.32871251856761485	1.7179484613810814	-1.0424263423053926	0.10940813864213236	-1.2708572321309395	-0.35750213300794614	0.4049972680978461	0.004494947646594947	1.6238197939526302	0.23785171884670467	-1.7148303200021864	-0.08340200356358318	0.4290001002338265	-0.8492589177346676	-0.31924529389464307	0.6705331421464328	0.18122060239703652	-1.4592724965962542	-1.1901514105347133	-0.6123076261068111	-0.03125693989190903	1.2411944579405112	-0.08523990520280832	-0.027966257491855342	0.3745055094977752	1.357707733923841	-0.7682553705608646	-1.1049504919980866	0.7294629265097429	-2.70779300873352	0.10375349045447252	1.5993962700425872	-0.8165065758114725	0.14072052686707406	-1.0424316764477606	-1.5249615199459177	1.1465266752217136	0.2864460564927737	-1.302215904477678	-0.32023193127884103	0.5749217619501683	-0.3482132316402128	1.0157516604792547	0.4244268467052161	0.1451064305404216	0.631945754306063	0.191786523932057	0.6503929995991905	-0.5234538077972861	0.18925020694092093	-0.402931795195174	0.22496845040177935
DTXSID7045522	3.284058305629887	-5.438479312033048	-0.7201998912613289	0.8698917428680321	1.1107948276827133	0.8285650052611296	-2.5445471461757725	-1.6212422350424864	-0.8819318801440587	-1.4128287999637172	0.6615457104752279	-2.148688225109929	1.2657511292255204	5.48087330930487	-1.0299911275043054	-0.6256746820726043	0.04044364331791866	2.144825781575699	2.4478864323212317	0.39253489121191204	1.9195514604764234	0.12095873128568782	1.8847714707884293	-0.7260698192010268	-1.5959178175232782	1.5053636492548885	-0.9370982959901331	1.5555166853493196	-0.24841332384458664	0.30229181452356374	-0.2741946020710647	-0.773314196631234	-1.5844869713584249	0.262446813542365	-1.0704280009277745	0.20078967879641244	0.458605621470819	1.7022316954107992	0.19681711154467302	-0.333629221063164	0.6758259351704036	0.929694935707395	-0.4552924387450852	-1.2573094395453126	0.4473845285405512	0.28616736936338627	0.8604044513767471	0.16553601860717712	0.8803898433996482	0.6132487822652541	-2.170942922058809	0.46770604564620016	0.5092663534164055	-0.28777071942831695	0.3490305431126857	1.5670241507575862	-0.08996713656678096	0.06666295684304047	1.523518567006639	0.7909833223752178	-0.9410848670602104	-0.9099980418397551	1.7433885001757956	-0.03309586741793549	-0.2644588718946457	-0.598870882820645	-0.5041648535066818	-0.13532505526231942	0.0026640489837484764	0.5071576913129198	0.46012553873814466	0.27612400052104785	-0.817850715151198	1.2732129251609197	-0.1857384928793285	-0.15562624952741377	0.24408165538821225	0.4519986423378282	1.2136989518992334	1.0634700454778763	0.06374294349374461	0.5811504042319064	0.8960566708939701	-0.3078616801730967	-0.8295829844107192	0.5562356322686189	-0.8871129452358353	-0.04665795742231013	0.29051742715037115	0.5413520602884491	0.420017242369652	-0.0729525392328956	-0.4400700916375783	-0.6008349122608186	0.4190650166533004	-0.26811319347989404	0.24778187717650615	-0.17351109049725888	0.21506925392270887	0.804401396638393
DTXSID4047094	-2.447182237671264	0.84393028283484	-1.4229653000338802	1.9372250532426774	-0.5040434196841818	0.9175177128872449	0.20564154055890163	-3.173583770560587	1.4572258700434293	-0.004726136030292443	1.5276947168694432	0.5140784673590473	3.5652087789075164	1.2859335604113864	-0.9594462868983813	0.21571495378241254	0.20150898935584213	1.5753990249677141	-1.1992083131290807	0.07701137068082452	-0.8219981035185895	0.39002974932559104	0.015637850117645152	-0.5846414675658567	1.2343819887666234	0.15373282779305855	0.6743489477922521	1.2104509930535508	0.21602679704906505	-0.2112227887914697	0.04056312646642152	0.20757506145228602	0.3251398652212464	1.2469096115809788	0.11158535979580182	-0.35408222116994126	1.078539163328537	0.15901156639767783	-0.09555477539654711	1.050524758231648	0.22318798387998484	0.45358070932503497	-0.17334703675333868	-0.5328687436459311	0.18890005529792	-0.33806377018109124	0.3857567154565158	0.06061706234953268	-0.9334339652192801	-1.161879886937999	-0.7622089015289963	1.0014022186744835	0.7920229366618932	-0.757757928468073	-1.0422106547887982	0.25083281504995175	0.2025776991623286	0.221699419958484	-0.5767605256108712	0.3175786228932695	-0.08978916506525189	0.9809033738518931	0.699031484427813	0.016044785724799653	-0.7941606316777459	-0.8606783694729885	-0.4626880620911579	0.3808854656928164	0.3931007712016496	-0.513458169450779	-0.15411922179687151	0.42654787276563144	0.04409644402981836	-0.13190627208498662	-0.05477288954576744	0.15459624175695227	0.19310931309706092	0.10965337300052681	0.2047384984874921	-0.5906557510117114	0.4439238962443574	-0.6481266616692606	0.2765915654923143	-0.16256553499923634	-0.09101727374207252	-0.2563158989899218	-0.23898606319032095	0.09086865294761227	0.7057138192885115	0.13146891850591785	0.5319976344930045	0.0004025464728096629	-0.7768531492866707	-0.1260940350620872	-0.1620873803558249	-0.2961923479037282	-0.16074896888383278	0.1356161127408834	0.3790784165229139	-0.16632319725271816
DTXSID0024002	5.394739132523423	-0.6868813748765685	3.6649177795501697	-2.073754714929764	-0.7961565884690325	-0.979690486785407	-0.688003040623684	-2.218774452871936	2.407711742620822	-0.692804315479389	2.7515691617586233	1.5892714116538813	0.0923110836302101	1.0452829162578097	3.755363884161215	2.2825416574576054	-2.2348461018213315	0.6152558171696673	-2.1541410974031856	-1.242775002095187	0.6385385613987337	0.10717514817046986	1.2131704816968603	-2.2510682459091123	-1.5813637852125941	-2.1741651949803127	0.05927465962004305	0.6692584473596976	-0.5289579322236488	-0.1245881454098244	-0.86439233181738	-0.30469838462390786	-1.7335697488478294	0.2224119809341981	0.4303707345326039	1.0509054276322642	0.22377630521164982	-0.42829771875737427	0.5011181565929391	-0.5966003596908722	0.5959005369178217	0.45795133494570855	0.022823266368236297	-0.2144346757650373	0.319403464338218	-0.40727016833110397	-0.06709312579428874	-0.3728921794062724	0.06379280719184699	0.7412143147361501	0.017148636599304413	0.6238915817667652	-1.3918447973698127	0.13018204177521725	-0.8692658386626082	-0.12435401235686983	-0.9237098838243899	-0.5887814953492092	-0.22053899222256834	0.1924767964524492	-0.9449853525176428	0.548475882762961	-0.4483622896666636	-0.3066767192463344	-0.6844726323240082	-0.22574703047283398	-0.6680889385956568	-0.2075746664388492	0.3941631661321673	-0.14808714594058053	-0.13013498814535548	0.23091138599366373	0.06485144261916635	1.0876911241885656	-0.1234422399915787	-0.10421246964545154	-0.20296439819590328	0.5680975927407406	-0.33469605336807173	-0.19867406648128397	-0.7332854040480924	-0.732776731719874	0.6125424087955474	0.06157038003784986	-0.29283051953033773	0.4904901450404701	0.4370034150334017	0.2811721155243067	-0.24498269376463866	0.17630144553112456	0.320444696781725	0.1784103240977375	0.04323489862776608	0.2660997465008041	0.35465656352131336	-0.17082888466378848	-0.6154888046070108	-0.5585022400852023	-0.45279648344629014	0.09651506451909128
DTXSID5045962	7.532653132808676	8.03369017589233	-2.200613917272927	0.6525442706609733	-3.757264600312763	0.06566037462462657	6.512463516236333	2.232200257497064	-3.0825604190497864	3.8661522542748394	0.48257022054004306	1.1188729190147852	-1.6761049638695202	0.912004201155601	-1.810842940792082	2.778832504802235	-5.202909510545576	-3.655568919710555	3.598979773519634	5.063977890802784	-5.413055653359723	3.528494072288736	3.8577072379712183	-2.1304759819179693	-1.922580170668521	4.092218117550826	-0.26059450729637246	-1.4994045911084466	-0.3668322409944874	-1.4552918875554297	-0.7042484616745089	-3.5604709436047477	-0.4725992849367746	-0.6987219881896855	-2.8162209027303615	1.2398107769941673	1.1038719968366393	0.4423090074049464	0.38089970804758594	-2.0847409022255854	0.6990461926460327	4.7213098903852	0.08472422134155067	0.36216095969683326	-3.5226286733894514	-0.24563206506064525	-1.4264026092084887	1.9727222941263467	-0.6304879240157457	-1.526573689252912	1.9247220293111282	-0.478539692238493	-0.0009091092487173827	0.7046490358459899	-0.4653735707494181	-1.24103293785163	0.06883659466376069	0.25522980083161406	0.40851552987558526	-1.7608250290680583	-1.4713409406813334	0.008787626226425338	0.24875252082250512	-1.521069709336749	1.0708312284585983	1.7055238655260518	1.900174027860772	-2.6020581966383216	2.484264689088104	-4.180702275376145	1.5829644154004594	2.9586509925125917	1.727896835191372	0.023928362644333765	-1.828115704925308	-0.45374089021290465	1.3929628813394872	0.9769896213511411	0.6759023661080751	3.6856257838948885	-0.25372553951881743	1.9749289874122984	-1.8497070876314723	-0.21477702868920437	-0.23542045804679826	-1.3304071805449755	-0.38640894755173605	1.3734295295354206	-0.3223191543964699	-1.0012253214622595	1.3118539125085469	1.798671958175215	0.7530003863277	0.5641135898638786	1.633131194525399	2.0927988989563744	-0.020567180019581487	0.6846104284667063	0.6447437012242796	-0.28955713289557494
DTXSID8044412	-2.988511934529777	0.7351576996760099	-1.3098618734043106	0.7181700139260634	-3.006451256545596	3.080592459823662	2.492284665088825	0.8499390487522223	-0.04969398891299313	-0.6880754175961953	0.8195310588546789	-0.7251034884510767	1.830674598999024	-0.10788350437644349	0.30657993423287344	1.7311105923186831	-1.5849891502847735	0.6549563258233041	0.2837959525879988	0.390802751470022	-0.9950086788082363	-0.905643661782956	0.3777246620174275	-1.5628561847112208	-1.3423196522234768	-0.08460446787873788	-0.7991315720703848	-2.7555252570890008	0.6156329828077148	-0.53903854763087	-0.9179559260357496	2.1545234672207276	2.05245343447917	-1.1761325506313751	2.095768572188902	2.9563680123338405	2.869803649199369	1.263018762739193	0.8749149639092538	1.4580177410340482	-0.640608891407653	1.7075882202560366	-1.3014543469267383	-0.22697274960265149	0.09933724077077308	-0.1360035840241705	-0.3291256088484873	0.34134187187731274	0.8592791337494181	0.8827913800064625	-1.2001396901070756	-1.1886112913033278	-0.34762568561083995	0.931884592821874	0.1332127772242957	0.6266509353410432	-0.7576159648094261	-0.2083150926103019	1.9082072164317976	-0.3020793244501658	0.1202822798346842	-0.3747418723753644	1.6638962302903504	-0.8072362555475839	0.7372633175978298	0.8861645233687124	0.2460871804518787	-0.7919031854993449	0.17350399824031093	-1.1441070758953984	1.9072612175710355	1.2554122276469997	-1.8042821690682722	-0.14399613528865843	0.26593055055375664	-0.878418991367071	1.0523115913747436	1.2078223427697077	0.34580190008485767	1.1459515283000947	0.3208560918973407	-0.06970195473652872	0.4911849164539673	-1.3342232285921518	0.6208181593277314	1.1747836471380744	-0.279081116130752	-0.2863297220030404	0.7221990614415991	0.42360562019322656	-0.025877264117212535	0.8968471802254414	0.6032051897489529	-0.0026392279868199474	-0.36266486642175755	0.6768542420365069	-0.8929260946004237	-0.663356647378141	0.7839914573304226	-0.5037530414791501
DTXSID7020263	0.7576974481603993	-1.7057405136340644	-1.7105243569787116	-0.7354073446960666	2.4331864649894532	0.5513178873103102	-1.5290495979975964	0.7569996810912409	-0.7850542589002762	-1.5344765681793717	-1.8180140063668035	-1.950059338419861	-0.4975649051904781	5.269971086516381	-0.29435462556791864	-2.328658299614917	-0.5722576779510017	-1.1496846925806226	1.921742750937153	-0.8412892598628415	0.6000366287820769	-1.295737656648019	-1.4287077923451703	0.7483219926022893	0.4852148937012141	1.153979924162577	-0.480340685113046	0.2457813806145074	-0.4508677969009102	-0.756596882114923	2.1346279928581184	-0.009063376970434803	-0.9358751719346406	1.54947829030009	-0.8534833875875758	0.6581771548077668	0.14786106699960583	1.9469814221269577	-0.8915255016958992	0.8387747776258216	-0.5762078111296989	0.8189135490049235	-0.8462773203792665	-0.9809909151804489	0.4049241055513166	0.8584475187555629	0.3826234622231254	-1.798052221654044	-1.267324336021199	-0.40392185777096146	0.41921954035138825	-0.8379730163313835	-1.0563898056221699	0.0031358903589876995	-0.9659360755160552	2.0728151628861142	-1.1055926667901104	-0.8453043352727451	0.825901072343419	-0.2965875847414531	0.7062797577363554	-0.9145932285633679	0.942177860617603	-0.17613801162233902	1.1994149976176833	0.5583693573080333	0.17725386756535635	-0.03449633184405291	0.23173585448051845	0.023941319505811607	-0.16565200027377	-0.7890550892538456	1.1933278146312118	0.5300856058268794	0.168655511578075	0.36134710386466146	0.8149610692743972	0.35950735300534203	0.3603221716473823	-0.06261531499110665	-0.013417646745882151	-0.41945679191739255	-0.06855134536677962	-0.736709853378142	-0.8989289449441538	-0.07925943009645728	-0.41571829982563957	-0.04314822846693065	-0.0948603138956385	0.1565768479838889	0.7511256486421609	0.7464362087147831	0.24352326141437858	0.6219220459422414	-0.24284734946734582	-0.5079826466667211	-0.23654815488642875	-0.3171883341445805	0.5479572955980159	0.7628392539051265
DTXSID1021879	-10.082933622659791	2.9406537274788573	-2.6356567467823044	0.9750065999109995	-1.8815605559462931	-1.8379649062145993	0.9030371738624837	-0.9104303807146087	0.7472806827910303	-0.42466490418179415	-0.3824920257383206	2.0967121175511654	0.7295579961845311	1.3942588253113883	3.4053147871918568	1.1155460400551827	-2.5240140828759086	-0.4725419379371853	-0.13962510460958882	-1.6902905643135606	0.1752505409944566	1.415077108463132	1.1957472515435206	-2.0865012924879176	-0.3934527347152271	-1.051392573465435	0.24195414070979063	0.818968465783863	-0.09765419263679695	-0.1496831217874535	-0.08688517117716275	0.49773214127975424	-0.23070190694896497	0.5350047864313349	0.11657471094401738	0.9617568326497344	-0.7342286916074191	0.5012326156649944	-0.6148985553730738	-0.703846252333763	0.03580223531712002	-0.3353728813537357	0.14379633052325547	-0.48649903390950267	0.7213708980994933	0.17181434975800608	-0.0035094972726088013	-0.42231757893651556	-0.36681563226992037	-0.3549964308377132	0.8726137247056994	-1.0922604015862922	-0.5623112902123599	0.1279658505130652	-1.5312582557485113	-0.552137496376062	-0.25459532492915726	-1.0845303727474964	-0.09958127947000137	0.6241612779143247	-0.3719506090699026	0.5147586645765848	-0.08824845442501808	0.16421261731243444	-0.14871087278834327	-0.3453814331543261	-0.6335233080357459	-0.4088241747984529	-0.07876505124043477	1.206574921297104	-0.39327513377738577	0.025405750787018535	0.5196198891486485	0.12920035639772795	0.25857900551823637	-0.29590899895423556	-0.0437746228784191	0.43776671209558526	-0.7178697284418585	0.06729480920129054	-0.01865544022047212	-0.36699506388222874	0.2111187850599044	0.14127339521013976	0.2534385690267904	-0.4765491935122704	0.32917448511506775	0.21739802888612073	-0.043539547270985524	0.009989652169366208	0.2588531893967258	0.4734200268573244	-0.18986760397491437	0.11929659240238832	0.18263195281964362	0.31320666102335126	-0.04208431520671094	0.08010992864189058	-0.23993391798986888	-0.010003807060719707
DTXSID9020407	1.2573872127430785	-0.4324348058647218	-3.4233951811555103	-2.555224747889548	0.5769752242052921	-2.1855902713809536	1.7427243738404132	2.114065686027603	2.050205739008822	-1.283742351408392	1.0365917856474454	-0.03413596077589587	-0.9715690886195484	-0.4225756252802111	-1.3628804889851298	-1.0517877178053674	-0.632702679227011	0.12670930557333074	-0.05954800711502112	-0.6437522765845237	-0.47622378417181127	-0.7078160867156217	-1.1180980488704781	-0.12532493445093035	-0.684177487388761	-0.49381553735222805	1.1122700050055738	0.29573326900930036	-0.09012199240846822	-0.6611685739298866	-0.19998764924309326	0.028807440885421302	0.24254191888435736	0.7038428389209745	0.37176250041094716	0.6385824897818041	-0.36178385875850083	0.5604902569030821	-1.123548851387267	0.44272924389108026	-0.11406394627669575	0.49203444930357765	-0.13086213288216858	-0.08629623905778042	0.12001550241289076	0.8540110845281098	-0.4805398675628599	-0.57413755829873	-0.008441789803898675	-0.6913080559629746	0.28780345637452964	0.08433351029555568	0.07302457039822303	-0.8863302799662326	-0.15033166420960817	-0.376240678787033	-0.527422166164028	-0.9220040928317131	-0.3610858303214084	-0.3926812757788345	0.8151990606697076	-0.6272124522381274	-0.432852529384561	-0.610815945219433	0.01737890986241266	0.09324833619139003	0.18642892956157942	0.24919232118579038	-0.042111938984502884	0.16570269723713196	-0.67467161127741	0.05257670965537827	0.12013343944182775	0.5456320669414101	-0.24793696754257688	-0.0111017661720351	-0.2866738558557389	-0.30247299652654486	-0.24366191667004689	0.4464126752880882	-0.01081500066309407	-0.10881274983375475	-0.04635317631299633	0.786927205685665	0.46813488089011224	0.5942011456915678	0.42248807278742445	-0.19641097787806772	1.220805268412136	-0.10180120840932766	-0.06527176363355329	-0.13742591216189864	0.23473358183083373	-0.1542947973526462	0.45529979105309915	-0.15415009139987199	-0.5402493636245805	0.19449542668079717	0.05730857879293744	-0.13630279126534647
DTXSID5040758	5.2343094079187855	-0.8701967890610468	2.8334869130962246	0.8528624192613191	1.803588969516552	2.94517540326604	-0.3369145291473612	-1.323937576490645	-1.2456355008991475	-3.6913234398643793	-1.8407465449417988	-3.1184938929931882	-0.37430900868480826	2.679906499388952	-0.5475786156629242	-1.6035327128257013	-0.907327809093451	1.5076674018563854	1.0724792726237233	0.6385482540471683	1.1192406445173997	-1.053188083311047	0.8684210599696136	0.38122398502877497	-1.2868757853409876	0.3960673076260556	-0.16975409795458946	3.5230201094700426	2.767682740748083	-0.313925700248498	-0.207689602064418	-0.551525723344207	-2.4772671421552923	3.6972453421342015	3.193633729053582	0.0774420229254934	6.576355481101636	-1.7376134300299524	-2.9362518795384847	-0.9700762168567698	-0.6692765711295621	-3.0624335504045894	0.16166788621952974	4.0777091866491295	-1.0215368428384555	0.8742844623515885	-0.7844526536066881	0.5089783470329702	1.8272336259766553	-1.1412172000740646	1.5752158881804155	-0.9549962344810445	-1.8701031085969957	2.231743173816039	3.3122566029337133	-1.2411239203639568	0.12700858338520632	-1.3417833178734204	-0.04459732396783749	-0.3448675381870038	-1.0380478482020619	2.375162863617462	0.5757070424945704	-0.19475040824859366	0.8592141673533005	-0.043762990062919484	1.1769446494969822	-1.0712071484289905	-0.7397576292241433	1.6816426008503453	-0.5883373699336174	0.17782798061631913	0.6585150023684311	0.2849838288373171	0.14989142526117807	0.07828732802895239	-0.4087793765629118	0.38542675531446	-0.26028000099634746	0.1049099440767383	-0.08018660979311007	0.2811103130779454	0.3880808842042033	0.3893518964389701	0.07486513913790196	1.0883505247972178	0.14866646459407742	-0.003937221327682259	-0.025982567410566648	0.12472616129076017	-0.7455934821788907	0.5228296008078125	-0.1133803495372275	0.551865489194659	-0.8438525367508095	0.7177552283280341	0.8908117168169432	0.4871107312570083	0.07099205093434348	-0.10117984988730847
DTXSID7030307	-7.326110907219649	-0.8349778323683141	-0.3869395252253614	-0.18960080122203943	-1.1616621880888105	0.7353726146040334	-1.9812664938732012	1.5778824466076127	-1.6037835610779743	2.440341651976184	-0.7496973658987477	0.6617066562568044	0.20669247681736314	1.9527042339627958	-1.3075505402037542	0.5497732157462862	0.0724955362829855	0.8457990472844084	0.9575194694211057	0.17960565658543953	0.21143049761064842	0.6114679795762762	0.0445598043758201	0.4100010838770415	-0.3009423917673758	-0.05724370143960122	0.3533682049665027	0.48663228958218774	0.09030153169637788	0.5092405271640491	-0.1212335368150135	-0.2933342835552173	0.054242858905958403	0.6434486571860911	0.18916245928320294	0.06393677983709634	-0.34996699101174195	-0.3137901988994007	0.3237110027585902	0.19787075200160814	0.08159204681596013	0.18262197744603872	0.060102370527438935	-0.2771955131455643	0.26220170695270734	0.04296393790460158	-0.13706188923970966	0.3642655158357777	0.35650995713963507	-0.6123816055711234	-0.32220077762865024	0.30851349388826094	0.90667145501864	0.22270065028545694	0.016069110993979948	0.01616187785391637	-0.03919926805500742	0.23167198463961794	-0.5363436191955887	0.0014043412237748282	0.04592878895778119	-0.5890916364486929	-0.40123592709265454	-0.251404335656007	0.12045058235070698	-0.16829024678421872	-0.09700660683456426	0.022441409495153077	-0.24158570254036127	0.5559189525792582	-0.33304492038393785	-0.30651849955313576	0.1191931906450214	0.4761919791568257	-0.33402617355925923	-0.05468876382538657	0.14432957288038856	0.5255103017851122	0.18381887474141417	-0.05290843397034572	-0.10587243470185839	0.042709458119331	-0.30402098656753074	-0.15498675562348682	0.016684197471994504	-0.14498081598629425	-0.07502237219365344	0.01941524853271871	-0.22333348317074928	-0.19428290989160169	0.18989879927171197	-0.1330665693616571	-0.14971640550187276	0.3198106943847657	0.06683977999123152	-0.34821643085221116	0.38750399651539646	-0.14534625079388763	0.20887312175056386	0.05520566638980804
DTXSID7044712	-4.946153512140338	0.1687062466904316	-0.39984222080760656	-0.40370492453488027	1.874814600324252	0.9866383614826754	0.755780109370082	-0.1061132957423211	0.7293522592016258	1.1204010072530501	1.4339460453359392	1.2540908074919392	1.1519197356391906	0.2173071899747252	-0.1152092277704175	-0.7315888830259003	1.5286502435158287	-1.2913227394073403	-0.0584160607077715	0.15209306916561144	-0.011523439299790179	-0.02065040442595834	2.2673083710861746	-1.0051219416143806	-0.33193112881167774	0.8996224540293276	0.05328807822793177	0.11917481227162505	-0.6149904426065235	-0.5051664990978787	1.2792257716476294	0.47883118058566254	-0.33903692531638785	0.8487993513784309	0.8140565828457718	-0.16412668966236524	-0.5494104867577727	-0.32956134223221084	-0.5281912722326622	0.4094401336519525	0.12711055204418828	0.3630614393621114	-0.22307163841148736	0.735666058815244	0.5951050766611804	-0.40881129391046556	-0.9420347319675819	-0.49134161059792597	-0.45537596185619245	-0.4139239178180772	-0.38154983575243373	-0.14043390265152195	-0.7846624112681265	-1.0981603605677073	0.35490030602908723	-0.6378217674863376	0.09894230812066263	1.4765109861030379	-0.10941437856373215	-0.815150918782694	-0.628902500950239	-0.4853268259964483	0.4148356342092287	2.1906845307575176	-0.39752854367311813	-0.11868063897817495	0.6135872415654438	0.49947605359139385	-0.4374696363747307	0.0491607579500008	-0.2098409995884641	0.1310789931821587	0.9780972481260941	1.6405336023100106	-1.2442674779732221	0.5408085876940791	0.19221860375239433	0.6001837686789842	0.04649142812395933	-0.41127201441737615	-0.25809412605396276	0.24996860976734805	-0.024560350043664102	-0.8754540655067602	1.1390020835779169	-0.06221483177392747	-0.2629723318593742	0.7920242548801092	0.5701266118172882	-0.5086566440404274	-0.6965086909844622	0.17881475669562272	-0.053375057645113765	0.2101607925046344	-0.2560408578577636	0.16828794031957203	0.48062442894077034	-0.16225340378135458	0.30959794317944234	0.7165906797950382
DTXSID0047408	-3.04881865440124	3.5402782504502324	-2.593199269842138	-0.20759885771247796	1.6938100460941383	0.9580235448199685	0.8702935330905178	-1.5069212449402405	1.6489007988474687	-0.4521839354906473	1.695838269219441	0.8968433379330497	0.7714843052409044	1.3015724778191105	1.0970182859990505	-0.7541698792619078	0.19052187092116488	0.6624610069600221	0.201830295582174	0.6947954583938307	-0.4237144938402666	0.19724594996916614	-0.22523378345125056	-0.16663592600557536	0.009951225515495004	0.19045961393559016	0.5924352823351746	-0.09333987960248398	-0.5999527333156873	0.10942683052085285	0.8322357454457369	0.8428538055431501	0.25342182951146996	-0.7351641865027807	0.2034438255389479	-0.5141116186094927	0.057405372043014595	-0.517494305590895	0.27643237302554396	-0.21922700964035285	-0.33191459584688765	-1.0306236966078073	-0.04997417996716822	0.6187719382609665	0.3274946130015374	-0.8331059874918078	-0.053586213765469945	-0.0005921714811001008	-0.15235404482101622	0.13682838560359073	-0.009462829231127304	-0.14623595409492962	-0.1397544880698297	-1.0073903270272824	0.11536994155969454	-0.7414021517655103	-0.2741010948458848	0.6389600610702428	0.5583692457187236	-0.06990863266037377	-0.0032973464180479305	-0.36098904818852023	0.3938444241661437	0.7629267730092459	0.3190064308096303	-0.2557915270255035	-0.5542710529400628	-0.06198113222835949	-0.08613588167506728	0.8346429936311115	-0.5410516509535827	-0.1964292104379262	0.4976740362353098	0.4378822087647059	-0.5474985619845661	0.05711527818505651	-0.49237419591203596	0.6941190773401383	0.08425136685990636	-0.06499612078402374	0.6260052189265439	-0.37805257377234786	0.047457503779838726	-0.1862213016778363	0.4283045037811533	0.48143923799929494	0.14675855163498885	0.13863299809951193	-0.09675625261831074	-0.42535372382944475	0.6741954034513236	0.37577723601564733	-0.15595514817567166	0.38965282163993603	-0.6440549286637929	-0.06501576539922023	0.45450618973569024	-0.2916974623731583	-0.016847790864460588	-0.33859574071400134
DTXSID7025217	2.226966801018765	4.270543748086918	-3.0971339135930567	-1.2229400667013437	3.5202403189388654	2.184887114445499	3.0381458280782665	-5.036059504648186	0.6490086504677941	-0.09260814251858063	0.36322642612682243	0.73077175970369	-0.8121016607631613	1.491516284132066	-0.9232552376932109	3.617021630018939	-0.1149287383044623	2.076106241345378	0.7155725772702988	4.4662567140056515	-2.34302358023508	2.6535249912091143	0.34554349427409664	-2.9455386567047497	3.626215700186906	-1.7197049733058678	-2.5934125345958248	0.41704444662345735	0.0046230894875009376	-0.7979035979192987	-1.2139135228783386	-5.7095965693109525	-2.5588564816027364	-3.924828604602156	2.821620678676445	-4.838180790672648	0.7227673952749024	-0.8126307681422834	8.153626810864838	3.579793090101209	-8.522114821491344	2.513011203648254	-2.9674931121498025	2.392426646779644	1.9195784763139228	8.063356596464747	2.6452277278165637	-2.404562562546898	-1.822158748580252	1.8518795536599637	0.7647300357931932	-2.675045579269677	-1.9110649154382815	-1.6861816546047772	-0.34450235735831397	-3.10436099641816	2.0820356495828607	-1.1526293409136015	-0.11627040897719877	-0.3381614511403319	-0.5239868829951552	-1.6021424665687047	2.209847756124643	-1.008608869830094	0.8559690043218257	-1.57512643894259	-0.766739609596817	1.3600302280098229	-1.4864005466365855	1.5321015728331642	-1.2806776903901063	0.21562113303804953	-2.837360919816199	-1.5556980223758656	-0.38443516870551714	1.9708563953793665	-0.5780337392906345	-0.12030815266133393	-1.3415319297371842	0.2035752785045768	-0.6548086061753573	-0.9894044568221275	0.14719474689674247	1.7304674119584715	0.6714661243871659	0.3419663060336042	-0.2321299448297671	-0.012096533052875317	0.2818581155917809	0.051292874466861156	0.41634101199222207	0.2683980513940426	0.3815439210528432	0.05575533253850735	0.18888475685377384	0.14022819603262396	0.04174964847099182	-0.18925868268632967	0.5168436989822669	-0.8326021421998151
DTXSID70379295	-0.9104657386655158	-3.9494174710040104	-6.128764168196433	5.9280971264764295	-1.3525280760163931	-1.8490080300032674	-5.044219802181003	-2.6845102729902828	-1.6796291961795486	-3.1573798043073564	-5.886625913735292	7.975567783993812	-2.123118014031548	-2.6784548069543295	-0.17543801779105142	-1.502768269079887	-0.4574088293212877	-3.544951624564595	-1.4373300868964662	0.9112790052036744	-2.407612942441384	0.20791801195611787	-0.6715199527366047	1.013308027584735	-1.817315322999816	3.3708995511896185	-0.42778664678482764	-0.9467456033007076	-2.5692066926315107	-1.730819377619738	0.8920933631181832	-1.0446925198749324	-1.4041762909504518	1.289552014599161	0.16626699229955957	0.8230082475241475	1.7843535428581425	1.3439961892229582	-0.3898574985068223	-0.5033958472455461	-0.6725450738558945	1.7777907304492442	-0.0057864051696320355	-1.3876894071947565	0.9062724133757152	1.4209592028655624	-1.5168140177384306	1.4953036238809216	2.0096604991075875	-0.15173583829446008	-2.4650074078502864	-0.9082700195384522	1.4949733141485473	-0.19045521562253137	0.9625489853082967	-1.9292689238343257	-0.8326021939359614	2.5205315757262428	-0.879583840109046	-0.197855777691618	-0.30213820569792676	0.04056622945150571	-0.12270639456873485	0.43602238339806604	-0.6021857932282944	1.0425254634613343	0.2745029676081738	1.5877935833922991	0.5544456892149913	1.893431610844889	-0.6387998691167583	-1.688178261222718	1.6626412515926032	-1.0409500686202633	-0.9584787661676901	-0.7675825985780957	0.29910429283605	-0.11931474186998427	-0.20600612753951486	0.5628241949685927	-0.46457936093439817	-0.24167554115484485	-0.5274832481604583	-0.3872633108378029	0.9882612730278685	-1.9877688385661385	-1.6390187986902476	2.1642801090979336	-1.2811691244417822	0.31355955505375344	-2.25275263449103	1.0495389095633973	0.7772845689686666	2.0282583946571737	-0.8059814761197927	1.049525841420538	-0.7187884650945012	-3.6443678577597227	-1.128485511927031	-0.03835565509207563
DTXSID9025085	-7.799999760849659	3.2694413898358197	-2.030359623015003	0.34900009884170813	2.2360767252270746	0.36936955176989916	0.6566960283663977	0.28240039669840217	-1.2679597434815704	-0.44672850807310993	-0.6030404989698176	1.0564907262412435	0.5931216473648643	-0.92322604312702	-0.12514627458403438	-0.023736431496358783	-0.5822002141910025	0.7007030247317302	-0.32831379851927794	0.4668963653046528	-0.6759104361358916	-1.001350632747081	-0.010185762901734835	-0.5636601651704526	-1.3221562135208715	0.887093901577966	0.7630536739614262	-0.08583419495146967	-0.0051833598341025295	-0.46664265718923836	0.43774649375334224	-0.031531554891191464	-0.5860900287770127	1.1864009497501058	0.821787011942009	0.49872180097007673	0.18229394924386938	-0.03625691490196069	-0.006176808804368866	-0.6216628573458466	0.2505061731632479	0.5163466387117847	0.11726110512191738	-0.8265840575566816	0.6617540921524285	-0.13564178920204167	-0.011679994817882245	0.6039850627582873	-0.038557285323563444	-0.6074023050739458	-0.3259261654785243	0.22129646441272377	-0.5405298965446291	-0.903260022353131	-0.4292258847608511	-0.4162319555105457	-0.19300076254987478	-0.7600615797424448	-1.289631301123339	-0.6857072061730958	-0.8086537542855293	-0.6774633129623624	-0.7978200694824531	0.3752557624721076	0.36032932147692726	-0.1415824652643491	0.13982424943838087	0.052231301002042436	0.09808952841470478	1.2116916721777573	-0.15543158187186878	-0.09176479050479179	0.11232008990737956	0.5124611311441188	-0.1804216245261396	-0.05211853726364365	-0.6204340504231514	0.2123287397609556	-0.3391574402871921	-0.13090883813495058	-0.20625639861752557	-0.06590598578252134	0.28821051603209424	0.34781378766935994	0.26360797356011073	-0.4539805461717553	-0.054136478890418796	0.8396913982851396	-0.5981210944533001	-0.21852315805263559	0.43253678917315513	-0.2315972920414919	-0.25637082675232264	0.4462376691859662	-0.20930836263403937	-0.29859905633159245	0.22475336363243295	-0.17111737168764263	0.2431664665144615	0.4918417304323838
DTXSID6046979	-0.45172579239757216	-2.5993326377478643	0.4987864495958872	-2.612184387220508	-3.054413708674013	2.1270398279847234	-0.17529447915077656	-0.892663038872329	-1.2092286368346756	2.1150370891564063	0.6028498809644449	-0.6867257894767759	0.8936664824664343	0.7933286368723652	-1.2574183493699305	1.0496857433480375	0.26066557038149796	1.616118248236865	0.2661173757589277	-0.5393584342945327	1.296665285524188	-0.4554180329348732	1.1481753012000753	-0.699730218784278	-1.2032993622123975	0.2821637722936931	0.01898378721340583	0.5881790031989934	-0.14113751055570312	0.4592521326839799	0.08917915600521582	-0.6179701240711855	-1.5487950041374505	-0.66972220055756	-0.718331637136448	-0.24550715672213222	0.8234937533687349	1.6653042359110701	-0.8828296258731902	-0.23309688581279095	0.49703363763947483	1.2979586589548682	-0.12983653237804885	-0.31168195179548897	-0.09230167041952896	0.4830034229906438	0.8090302609154268	0.6762474146115556	1.071368244158696	0.27421439382323204	-2.0291126950813667	-0.9753020817616233	0.4022369317896734	0.6378367813918536	1.2304133252601552	1.5099630363621566	-0.003863352067943426	-0.07074968808544144	1.7812958923305067	0.3219583289974847	0.13301951872881376	-0.47422330781557415	1.012717667384612	-1.0183854393726288	0.18193418295943944	0.0035181330953744268	-0.38415249101878673	-0.08440945141922072	-0.20656522043797704	0.1818191437674608	1.4207810155708642	0.013707160053004024	-1.5451325337034136	0.7794467450343775	-0.09063483538772062	-0.4510692137741806	0.49922787998680945	0.9326311562346645	0.037666723353200524	0.2509308555752711	-0.5374438407904908	0.3420198723092984	0.6625184428043711	-0.741056858525554	0.5646321577264118	1.1465978871987195	-0.7042380511214928	-1.1485263482923584	1.6357530135699114	-0.21207773343780076	0.16731148940523133	0.3497740127141485	-0.11043584532586327	-0.6659047189880923	0.163933514905026	-0.03713982154381351	0.28392893733991814	0.24215184324843214	-0.8360543397632784	-0.4264858089263839
DTXSID4026137	-1.662052972407836	-3.044311345921392	2.998471072398057	0.8320721937103792	0.2827375663809782	-3.232838324394506	-0.8076455128978003	-1.3044987329156408	-3.0955012165532954	2.321925425105878	0.3275522708946678	-1.3655519645726346	-2.0892555450233896	-0.10610348210616029	-0.7717985757327598	0.5754660864006375	1.4232063182969854	0.4751241233607399	-0.6083049610440676	-0.3562173158588599	0.5063916722126806	-0.022956723277059103	-0.06391503814670842	0.9985907600686758	-0.8589599184510838	0.02933512593461376	0.10298756892002285	0.5248155661353042	0.43924501961911966	0.2506893075186125	0.16728502010760934	-0.16939827447084999	0.42329547792718675	-0.018780463247140923	0.3262655689190255	-0.4539704133337004	-0.6877882282407094	-0.6521858051773919	0.34722543211396784	0.43193737317184405	0.20085432446891197	0.23009444788213754	0.10110312746249664	-0.10068086390136374	0.025364066601753624	-0.2507426985685433	0.15426346036015506	-0.4593300756640691	-0.202887837187585	0.11741933306254715	-0.3078682983296566	-0.014296028110189516	0.6880041054839107	0.24922630901797535	0.27370771452619735	0.43943032199851256	0.051975193554660216	0.9416676542183329	-0.31927505134422446	-0.07564096050400766	0.02000397252541761	-0.09935584231101949	0.10845007893426876	-0.3477971951546205	0.549734977451255	0.3614403762107539	0.26536857349965565	-0.2901869573946948	-0.19247147072471887	-0.08295343666094775	-0.1994714081610595	0.4273119427040811	-0.20933665841148913	0.2394493074032197	0.06841104043871503	-0.19525416895266534	-0.18553959422808358	0.12714626674123414	0.4947247164530126	0.06459746021829985	-0.22388047518102708	0.018522730776805836	-0.054579118851360714	-0.4586227704814231	-0.13241567864359058	0.005441811575691844	0.13252664515361978	-0.24271205857243525	-0.447611969026389	0.07451350210140156	0.3968589343544579	-0.39040853686354393	-0.2472003371142842	-0.16338006590485327	0.053549934703781055	-0.4818837308790419	-0.12800087458457218	-0.4076698348915388	-0.02229207751376379	-0.026885672030932416
DTXSID9057634	-0.002734611899409636	0.21422973252696742	-0.0803272572883227	2.4273683883907484	0.6986533453599748	-0.4297311539510309	-0.13742708666096437	-3.1981173456056737	0.2996937057319282	-3.2758043780360513	1.1005157871779236	-1.7874546733081358	-0.07950813168782639	4.872151932269591	0.2848072970025852	-0.857330225571854	0.3437237342533022	-0.12379717234084575	3.1605825659394196	1.919060636966	2.010636197430705	-0.05555519241149275	0.8186246836131971	-0.6341751058937941	0.6531439825018738	-0.9114248609326285	-2.2126392143867335	1.6004352124099113	2.202323333275896	-0.8795643638090499	0.8362359121761391	0.5526073345198284	-2.004058390136228	4.993577961065844	2.318905021723372	0.4094757056613554	6.760722117237979	-0.5774716805771773	-2.343955101568997	-2.871923015705919	-1.5583995028964481	-3.8594603856319893	0.40724298568018974	3.0138880788406976	-0.8182164220863007	2.1827126651934803	0.6829523643321257	2.33452132139267	2.622084072693839	-2.473696745544678	2.3570181459989943	1.9986201285171719	-1.0824035918414465	1.922363440368864	1.6893562380231242	-3.1623573834369925	-0.24715903888845633	-0.2566953537899377	-1.1216373636537451	-0.8936912489904122	-0.5297966350278299	2.1087140496093504	2.7349027321792336	-0.3070756526621109	0.7859109835662399	0.07120045805812256	0.49618182750749684	-0.930567741530353	-0.17466127981414922	0.2866937603245031	-0.9352841091363258	0.5349802649945785	0.199972290276386	-0.07398352729708242	0.1373460122337288	-0.40710187592781794	-1.0052215478807651	-0.7615428401258089	0.7724637777742346	0.3580349183315868	-0.10086481638452188	-0.24904143678483348	0.4586157474503411	0.07649057732899715	-0.40605751435498594	0.7922564416998967	0.5382131075518851	-0.12513858031339206	0.44127396461219603	-0.31097649813991934	0.1923661843875229	0.18689122242946882	-0.2606881994187471	-0.11070187319592173	-0.6354425767533497	0.6124456569082876	0.3155266529126896	0.920745824913396	0.17354258730662328	-0.3977424831195003
DTXSID7041627	-4.056434880997006	-0.33797721816369514	-0.7987323211864243	2.206614026776724	-1.2817372370117899	3.3463023544942008	0.07933476846602655	1.6411035111761603	0.19551395430925544	-0.7151740521585679	0.5957629311774163	0.025361096778081144	0.5831206533001081	0.459689521128534	-0.04832307134546847	0.5130966114411719	-0.5263407404624832	1.8348715608550392	0.6055139890505149	-1.0336902778685504	-0.20945620045944374	-0.211083111163366	-0.43810427405801866	0.14611685192710575	-0.31526678325566404	-0.17015932251955285	-0.032912387316922045	-0.016518235322502524	0.045313755513916816	0.872583438439295	-0.6806101986210951	-0.44470189489756995	-0.5849309866076807	-0.43158980979249734	0.04507437440158643	0.23761229943032836	0.8886334232528768	0.5943768168400879	-0.4526583453631279	-0.2791419464822173	0.40604317012977703	0.07374718579294372	-0.09871718562026828	0.2957079436094672	-0.02476109381042064	-0.18764490704513723	0.7260158338949606	0.39744140363854336	0.4100284165758113	0.521581428610768	-0.7940396228988323	-0.7241601923161821	0.8933056702448597	0.11096829850243994	0.29056934540550255	0.453224302419601	-0.9558594415648007	-0.3060454355084371	0.021202183160813085	0.06000854438080201	-1.2532881923805725	0.3679299701604625	-0.047629288152766465	0.034718316010647496	-0.9272831080499839	-1.0165249657660884	-0.1204396676799364	0.30477647473371416	-0.3595025915567423	1.128469098405749	-0.4819895799486014	-0.27752583319424806	-0.5699935352381352	0.04544470203112949	-0.20778705641615436	-0.031071923455607955	-0.3474358912677447	0.16126627541241137	0.05961632130748431	0.38694176489191673	-0.1404147148722921	0.09877433124565428	-0.3576310094701671	0.3855274575720048	-0.0010026760416682646	-0.665775736225857	0.16843115179693888	0.07531808322560728	0.016267163251880445	-0.1512864878565355	0.29544648318930383	0.27290086579513273	0.210241827887406	0.42743326278574517	-0.16001183660283116	-0.1997520064196122	-0.20255200162912204	-0.43121178925379927	0.3166519337381922	0.41539177252594245
DTXSID4049030	-4.8154170060076895	-0.4200987008587927	-7.411334276711031	5.238728707808837	5.86510180697336	-1.2417265574421534	-3.004379953783635	1.82929746594594	-0.3395013365188212	-1.3665728345305546	1.9610690522218976	0.5189698058387265	2.3924558912720113	-1.78602989728412	2.481148608348925	2.7931524104454137	-0.9231987155285104	-1.4886256523802284	1.4571378164748392	2.609655095549513	-1.9095703861943982	2.967719411145202	-1.8807529718299085	0.9727793744554664	1.9540788115460475	-2.9384348208226325	1.0161746194422963	-1.0786077578137896	0.73195233171426	-0.050314496117471935	2.996811035646074	-0.7480276521456932	-1.229542955192672	-0.07926927118166958	-0.18373564182219843	1.876657262141802	0.5049225892058289	0.9919424780369547	-0.7440961298522841	-1.6969915003331357	1.6712404625008959	0.589155245450934	-1.1027563178981543	1.8463908445978765	0.550350882183087	-0.951409983351742	0.45861614446222865	0.7605120171442861	-1.0134615648804033	2.4107019277800634	-1.2859137205059323	0.09823797882556497	1.8918448334547597	0.4505292980541351	-1.9108188041808007	-1.1991790408669154	2.4894567134967622	-1.1872932856623029	0.37916734233359967	-2.1241022930029985	2.0916364206541034	1.20906921354339	-1.3394313984184743	-0.7657423417889757	1.7006804203277812	-0.30380276625296704	1.1169485492343463	0.38707721319271393	0.3502023605846808	1.6766550173242982	0.6582466983586874	0.0033077287673651773	0.5658208379538756	0.4650123863337526	-0.33347596137942626	-0.46509406769639194	-0.3662215355705984	-0.3115550252412275	-0.26662893776772895	1.0014562996572005	-0.2239121764130431	-0.444986945508355	0.10605706648514322	-0.5907784323019353	0.9135525579676153	-0.061165060757769056	-2.059490480641408	0.6523191694244351	-0.5492391691849822	-0.08050533307321028	-0.361567353739502	-0.015860444218051606	0.19841133446480877	0.01712340527160795	-0.06197595622594836	0.6406096669894082	-0.28435263708085917	0.15285578869423674	-0.48492406543836164	0.12486363555345659
DTXSID2026525	-5.808860241762985	1.4919648579398697	1.8952388127654292	0.9690548650383538	0.6286583777542691	-0.6328867562582213	0.8745819105779505	-1.374971002020792	-0.6000845901264796	-0.2023159742263923	0.6589922099158091	0.21449523979429908	0.08882771824261453	-0.7703034158892732	0.2865673552088219	-0.01941007200824107	-0.707982336869696	0.5658927396213113	-0.055947541937325505	-0.34237638802431514	-0.5284866634888445	-0.32472939848416904	-0.35010548375735423	0.16082013445918925	-1.1605394693781719	0.5639952849589508	0.19210122364205595	-0.6126950596499477	-0.31728873654729145	-0.054659435320760605	-0.22579567349713373	0.24253536462867747	-0.9491070072910514	-0.2249216225234799	0.13628159126158695	0.08870497868937659	0.20610031441339438	0.5840485209024996	-0.32527055375851965	-0.2994260711225042	0.2443871801674438	0.42274836540457555	0.1998837973107138	-0.26935478781336464	0.3076576617475723	-0.06614127820032493	0.17967124636894616	0.8359745955843955	0.1339238955243183	0.07000721829798316	-0.5021455861855105	-0.38484038368529355	0.05061453730473167	-0.41204803735941403	0.47882822805516845	0.08861834597608025	-0.08200669084373922	-0.7695442289810042	-0.3665960176793912	0.07390422291511523	-0.5153756740122214	-0.14110888912208697	0.45882824726145494	-0.10212931481081189	-0.3087263121199112	-0.30115308065619006	-0.7217757414358124	0.31612140099322367	-0.022112821386011755	0.2995687396209536	0.25601468837136415	-0.4617644215069774	-0.07504460034459201	0.9049633916486182	-0.06502138018078783	-0.09415559083338448	-0.24708280797394927	0.3707847792155418	-0.36274113391225893	0.3167742838449718	-0.3452876268512976	0.18020274259028257	0.2608855357591454	-0.28880438062431807	0.18334676462872604	0.029180279507339965	-0.08019221647655349	0.10639997778782706	0.09084634448056712	-0.1634333537988812	-0.02293620715037929	0.04172450220352223	-0.07380412040237308	-0.21387228332343672	0.20175363396966547	-0.2133443484771439	0.13447479605808527	-0.03965630976638499	0.15139925797915615	0.14124366509774977
DTXSID0047032	0.5360907437102546	10.14132826639026	1.8990223994049247	-2.066240231205586	-1.3002639856835738	0.4024735167110303	0.028384240606975124	0.5660653205479445	-0.2602253372423523	1.81344411800462	-0.08832355643313895	1.0047729162510155	-0.8838548253446462	0.669587014280471	1.6671820132842867	-1.6973845886272487	-1.9826622224452781	0.36066841883493	2.247673925589722	2.5574626713941337	-0.009205547744879767	0.15230638095547727	0.6373025733553146	-0.2072535467260476	-2.8195912553852325	0.8674579588427234	1.0846935899035999	0.7397521181043253	0.5021436215443786	-0.929803713056242	-1.3362888169173004	-0.6601948122030905	1.2189666566459636	-0.8186515401842122	-2.3735571705600287	0.24528760106465344	0.9018591787330777	-1.3182615790662944	0.8043964806477959	-2.563318585307968	1.107727800300061	2.7285179818785354	0.06352153412553217	1.8800172281075633	-3.168251969984721	-1.631881707903458	-0.19526461977096468	0.9316286995783513	-1.8557455198951112	-0.31883264796139565	2.945301868469734	-2.2434090229416626	0.8488405778042769	0.4986442141106589	-0.7450731918446492	0.2964586475042623	0.9581567320234261	2.1363524866591765	-0.3610852788097998	-1.4814070689759675	-1.0543632226831432	-1.2292755150924928	1.0593676336481979	-0.4998338469378307	-0.060926655589195966	-0.3715824069051851	-0.010897075594078367	0.7586405371383405	1.0729951150223969	0.2601991835393987	-0.07271351135813203	-0.06503795857712384	0.8903584086200502	1.0954474910575207	1.3735433084753526	0.6875964048156658	0.787804901313857	-0.7047954352536806	-1.2299093684973152	0.5466670850603227	-1.387634744515895	0.4425698193576803	0.3338019719041832	1.6661669723466956	0.2756552467216312	-0.9105101426058837	-0.00411518576383338	-0.6300724097624455	-0.46176863077847413	1.17899820187356	-0.39278580690734144	1.4254584886695156	-0.5229694523929423	0.21740424733230204	0.1735370425599092	-0.7875454667928219	-0.5235885158995106	-0.23552673424780782	-0.45366027582690155	0.3301705456718886
DTXSID9021053	-6.439198953352591	0.20290756325651543	-0.17423314712578628	0.3136021478422115	-1.264077268237046	0.9320127480916487	0.8488654175928823	-0.23277107154925356	1.2355735206156262	-0.3515611184032042	0.07364749681645269	0.756379426736783	2.1534165779893635	0.04174650777050997	-0.013494183210279008	0.04210359633612449	-0.1249598252293985	-0.46643718694045033	0.5618876812162216	-0.1385083440607023	0.6003440869490493	0.0653227841421353	0.08628315544505276	0.16044650216102405	-0.02192278188773609	0.2872759217496237	-0.9879426460291842	0.03923330661060938	-0.08130625847800943	-0.19071734870228996	-0.004119031221564282	0.8638755537049959	-0.9597520605975489	0.04475828414288783	-0.6129988836456203	0.12442106687851177	0.24686870365395433	1.197710479656748	-0.21887262608745509	-0.4234550314696897	0.15147717815320488	0.56736063742552	-0.2721504281250062	-0.4242002172084123	0.3108064540953681	0.2162734505741295	0.044309709636087956	0.9396634733777626	-0.2881354539495727	0.5057770094102413	0.1484065666974726	-0.40028343565953106	0.09897066154578572	0.30601084710254217	0.3852122811341828	0.3219079767543367	-0.039892859231746396	-0.5489749295579927	0.7773280772962287	0.6217749879709694	0.10165897273412185	-0.4011255361751093	0.8833035432684291	-0.020324917958150564	0.501485981212705	-0.7174420701326953	-0.47972214726183265	-0.1714898389032562	-0.22853849481448674	0.36977161198926994	0.15426463082972583	0.1849553972997942	0.18891192187658887	0.6113750214328475	0.6856912222809102	-0.26549293104905186	0.6691038152384087	0.3681598974118714	-0.41879689358781136	0.8193495591656126	-0.7708821937310423	0.2264709509458773	0.5187716605887329	0.09746154681043932	-0.1322290987496366	-0.26055355860620255	0.20122626089469936	-0.21733249239570315	0.6708461395473094	0.12345374008422436	0.1946566119666655	-0.12306017571945875	-0.24972587781766417	-0.5504005738050529	0.11352347479947004	0.29874725960046683	-0.11321340140810462	-0.05701544103309784	0.011669539753120616	0.1673096559741631
DTXSID1023607	2.2468586703280655	-5.2952926370471785	-2.3170348325241683	2.2691190235128893	-1.1153961633540053	1.7557016783054753	0.4621269009876667	5.757286711242536	2.4642234910086325	-3.3773317910245804	0.20005384253194508	1.4335407142864125	-3.7095624337313216	-3.7061548058927167	-2.272190639806425	-3.2593469245080877	0.40488520637182784	1.720339060217496	1.1581147098227635	-0.7766109647912195	2.2002964082635765	4.884559441309214	4.147948871936524	-3.206767534073703	3.527304134161928	-0.6461343918161219	1.9651393719061807	-1.495275142778117	-3.2742595297403536	-1.5093476171115838	2.246615979954672	3.9202774452960187	-2.463401543293255	-0.9958283166910847	0.5790486432808717	0.7787855766276116	0.4369652464205767	-1.6258168324321072	2.0740600806892973	0.983323456807754	-0.2762041653892218	1.1164878992374487	0.7076249246250214	0.6379981641036238	-0.5622488465941692	-2.2598159919179692	-0.48953089237587494	-0.39121525260133416	-1.7202525427812456	-0.4772007621572019	0.6049541624601613	-0.965372738944777	-0.6700053214024242	1.3310401952347821	2.14823073332204	-1.7431719260091054	1.645383793007451	1.7188465988083699	-2.1306432740584578	-0.5907380877950286	1.3567155466647913	4.052549295009944	1.4696336060398403	2.248751112027764	1.8369967954530537	-0.22881573620876813	0.5753479872515652	-1.3613875085004956	1.8117069319787658	0.3627413790547128	-1.9596964480690886	-2.5390515270455465	-4.057802432284712	4.710993480867492	-3.8293341117833477	-2.0290896571250068	2.9853949539797537	2.9741563305190257	1.7768907214912397	-0.8059924361571019	0.5664614944855798	-0.01001576391315501	-0.33487186940680325	4.143918667751333	-4.109375787226087	-3.0261162819534233	0.21839311063724734	-1.9568827504942945	0.6588276567459909	-0.4810392113950573	1.0217828280544916	-1.1160319878813867	-0.443275268761157	-0.8647861852619314	0.6476837048154209	-0.3118618948124642	-1.164954107452399	-2.353208049070741	0.3038131294442771	-0.0036944182363069338
DTXSID50218052	-1.9399184802822278	-3.8699798741099736	-7.273758109638262	3.259055877843516	-2.156947832631024	0.3981463284701358	-4.947426232578621	-7.126898540619869	-0.7027619741505449	-3.1096485306514046	-4.931089025596788	8.894400265032909	-1.2863875044966304	-1.842903223047177	0.5401926813595683	-2.034082755558346	-1.3648070818320173	-3.2889602939217943	-0.7676344577744981	3.314359823747774	-2.1098828965183447	-1.1416657221851965	-2.000843460519159	-0.10931932753981455	-0.5405679457262883	3.043365317726309	1.7313485435662503	2.1799732678463073	-2.6331028450332954	-2.6269987289066843	0.026733084283640244	-0.17953530626062164	-2.0547866789751845	1.203097249430072	-0.8425716324548342	-0.016741030816778392	1.4620676085661035	0.7869016307053193	-1.6092896538709704	1.6093360468171285	-1.8017624395595093	1.455304347064467	0.18362150160967564	-1.060045359019214	0.13649987381133855	0.23256052177526038	-0.5685293651241503	0.6286708068877588	0.395214700850338	-0.5801427824384616	-2.2819289381165033	-0.22041849077596684	1.8158705167553157	0.3429149308531688	0.970091742407512	-0.9847687108592875	-0.3550103674368055	2.9765614402871625	-1.2573989578534908	0.21061794088125715	-0.09286846795516925	-0.9074579389070397	-1.3011393180119342	0.6066429592313693	-0.47478552904069554	0.7938428750243554	-0.6980228700554579	0.39118603008187197	-0.6481064132871152	1.281398555104099	-0.7887400978339547	0.6089226692704279	-2.9585832742582943	-0.706137511432387	-0.8873596363749975	-0.2797311133725753	0.5768782778710598	0.5060702586550347	0.36559448685911416	0.4842067108249868	1.4024659756633562	0.2740271790994499	0.32825534968643105	-1.1965194736531015	1.5505883716982856	-0.11323479313730628	-1.7065444571718504	1.1297014478634557	-0.7093400503349176	0.1421794965850145	-1.6614344972664907	2.2138726590253683	1.2849182853500931	0.2687243244028795	-3.361330046672675	-0.028942881216907492	-1.333465991187685	-1.0425234297543895	1.7298751134663797	-1.4656057846174046
DTXSID4034576	-4.433333544773315	0.7019137606448934	-0.19331286583163065	2.6587527179236923	-1.1289244629496245	-1.2018448256599348	-0.2107654493275472	-1.726170166188844	-0.8574663478146086	0.6057677303717827	0.4000905920798622	-0.2738216742847518	1.550719462748301	0.4932417336056871	-0.4672880714835538	-0.0856753216731657	0.5705355180134246	0.40173743457607963	-0.9561653903536576	-0.5658495054381305	-0.531098416288114	-0.3325995088160778	-0.4744285911299751	0.12415793032131758	0.39724268312278066	0.4443376087617655	1.0342868333727449	0.5044980949976315	0.021679355040833587	0.3829291212848721	0.3741635874507343	0.33479785156999625	0.4437531940235369	0.31499390574695557	-0.1510018121032536	-0.27477265971804776	0.21191081400723638	-0.07981750682500473	-0.04635506662628522	1.5112486665716969	-0.05875197628232664	0.4091587647927889	0.08816024240133047	-0.03617919981503361	-0.006028729443279361	-0.44609383765695876	0.4570241129053736	-0.3878280492560974	-1.2225948191079063	-1.4586541927751802	-0.33558659641741645	0.24803838200812545	0.8982613000201132	-0.08521734783731323	-0.29451784245135815	0.5436431828875342	0.6822414658312309	-0.05402534528648416	-0.12675850821686788	0.408585876206588	-0.11682610531885299	1.6313496526849123	1.3449700734729237	0.11734081185496355	0.5028490797313835	-0.6975555851562242	-0.6537315418274995	0.25275043578056583	0.3927082564562883	-0.7063780065917037	-0.3610820852123026	0.1687499071475848	0.22352882233817975	-0.6245345601023298	0.4049175006480537	0.028409286960732243	-0.5010142001249739	-0.2539210927968149	0.6008097683229353	-0.37969616496068154	-0.046030303977961616	-0.545646025252828	-0.0708842616196321	-0.1813649833849353	-0.21281900416195945	-0.6244698496435086	-0.3426742891263371	-0.13909535029646047	1.0003448972511266	-0.004902212118335423	0.35736593973408104	-0.12154065297163526	-0.099124321336395	-0.019754027063660636	-0.18025241401283956	0.17294755532954023	-0.2414378524359847	-0.10241106459276257	0.324176276681611	-0.20631837540668319
DTXSID0047167	-8.847637958621188	2.4324913133814032	-4.168676104679862	2.8080034926379036	-1.0364873722202554	1.0362602713565556	1.5209704798361445	-0.313569712748921	-0.6777000671794567	-0.8466820081012641	0.24488438314431818	-0.21372860062686533	1.8454165993981049	-0.21719912664821484	0.37578224211034894	-0.3110072841808343	-0.20207292677241231	-0.11139391601604134	0.41369030360289216	-0.21838740444657304	-0.002857915670301215	-0.41771687662254703	-0.10372745742297936	-0.3978987908996867	-0.15107176343679804	-0.381666421187047	0.6538010484782643	0.18873235743255254	-0.6634575062301487	-0.18478093458736844	0.028596452035292378	0.38345364571248497	-0.06850814281005724	0.5455939419518772	-0.15175783943420817	0.07253375107164878	0.4954181535725457	0.10612691864321155	0.37356669625541933	-0.04892859316108398	0.06853672677717187	0.46134250811696453	-0.4079205468891514	0.19115042173908534	0.2048258978309247	-0.36407673484219816	-0.07773754688607507	0.19134685166663254	0.42467841892280256	0.08679056862749968	-0.17470656081213706	0.23175804612234807	-0.3859595286255709	0.28389279214923824	-0.6699644996569362	-0.3829086433069478	-1.0068337955357123	-0.047502944288934326	-0.31571312648462707	-0.3494703273234905	-0.12051613892464094	-0.30077489736567214	-0.6904260825279754	0.22428443264338094	-0.35751566508886695	-0.6223912206649388	-0.020080027110835657	0.028172761158909394	0.6826186633083465	0.6584298240415056	-0.13914653427567142	-0.3185832797599719	-0.10151253325153818	-0.28672907926110086	0.18637719080035178	0.09211935936402708	-0.29892321297538116	0.27542128377149955	-1.224412780254377	-0.1942794944262784	-0.04282375873795915	-0.27470839709895206	0.00635246272789491	-0.10631858217101774	0.5868276013520282	-0.8335662685791103	0.18301058484634733	-0.4332403874837613	0.014557599905465828	-0.11750028858637668	0.23405284065313064	0.37169574525513577	-0.2617996996666898	0.25465010681716943	-0.031555954310813684	0.17760087931447033	0.15775443707903491	0.3678023207035825	0.09670841643694005	0.4230409878297155
DTXSID3027615	0.7096649317819221	-1.1860975635035678	-6.5658470786205605	-2.5119143789779033	2.700574508141923	-2.7216123294798127	-5.150483903550187	-2.08578311979326	0.5874396950086921	3.5775611584309224	-0.31784917752323505	0.6738187708296685	-1.62995622074229	-0.7883163130520728	-3.307991841894188	2.626091254330007	-2.8934789759033985	-0.11034044670386736	2.0534956782868408	-1.2193066039988105	0.32726049438678223	-3.842460112532366	-0.966819448053936	0.9015025762054455	-0.376693723102903	-0.7131921832287611	-0.9772269957331625	-4.096653067928393	-0.4102692088174288	-2.407414171141181	3.518855321157136	1.5876381832305795	-0.49172207155342607	0.6025632040823197	-1.1046992751585134	-1.537298530100101	3.109376663997386	0.1988013101061079	-0.00038931755686406807	0.3363185766673009	-2.758478834240246	-1.7504589855989843	0.22383972281943373	-0.41614621821211595	-0.9137444162597625	-1.0922500968122606	0.103992960666509	0.5471280096182944	-2.1239685631880385	-0.0029711182031106386	0.48262332023488963	-1.0799875603746059	-0.47860383761744474	-1.3382742270589636	-2.8754812409134973	1.1801205210193704	-1.35771814559287	-0.3302995695199244	1.920259016971343	-1.025091717861668	-0.7832988817597814	0.6262067926291578	0.2942286803756162	1.974033626619652	1.1689359393799217	0.5225450956466565	2.1897461775966582	0.14203065705672677	0.2266906716257192	1.1190996539027107	0.10568478029031655	-0.9658442243225278	1.0586678013182782	-1.4985752616300665	-0.36610546728746435	-0.10692077866628755	0.5446054479765192	-0.13241115229192646	0.09173796707270129	-0.9639827662356624	0.10631491238810545	0.45160454600695027	0.6828011073139729	0.4928696112016124	-1.1013085034548535	0.5338993562372636	0.19902331117204786	0.2411175142038883	0.5070368706866097	-0.4774222513140787	-0.5089051638038514	0.2354509778249906	0.8273728149810204	0.31035826567125085	0.21814092459004428	0.3559387468511827	-0.27865781225916403	-0.09657303747045663	0.46734043847129714	0.15651184432884072
DTXSID00379925	6.983712374767593	-12.926806228118103	-12.097977162645627	2.9936442222178563	-3.7370365701388266	-0.7844448903401274	-12.035383844737423	-14.830584693202729	-2.0327143931745506	-5.9958934183824795	-13.11086671557845	20.55847910352062	-4.815672749425679	-4.243214891152817	2.5601264648673188	-5.7643794240953605	-3.206144081925465	-8.138606797225199	-1.2864065982204216	6.134886368317138	-5.676160952596884	-1.012523777885516	-5.261596563288116	2.8754961945857267	-2.2756965354936245	8.733097031695536	3.510992861340001	3.901490592761538	-6.607967592132837	-3.4037318553778704	0.1801155982432294	-2.0240623150087735	-4.85093118346324	0.9018963981738158	-3.2202147140058233	0.48442250028688166	3.093228694622089	1.274226938487051	-3.4499874727287043	3.2745975943643577	-4.471068228753659	2.2376175307459962	0.8166520881028433	-0.5297693137145367	0.004733221640815137	0.28402334309208277	-0.8589559145037277	0.9654195444365743	1.772885814751319	-1.7958532330413655	-4.409472958467051	-1.4368773111529338	4.61234947241417	1.7818950008689756	2.9495651681943738	-2.0204761386325405	-0.7289285042088792	5.292182592780656	-1.3462132112959635	0.626587835953812	-0.12272264955518591	-0.5919968404999112	-3.6311237203487696	2.2520158165982207	-2.4054078848925142	-0.30663052617027015	-2.0870243299700295	2.0326309754290555	-2.4996374181908934	2.9729352447641393	-0.8119054779417963	1.0748871989630193	-7.187116611869861	-2.313102257718742	-0.3448534090502946	-2.7890709136463014	2.651824571528704	2.4564001883932893	1.8987815328208801	0.6252348331841456	3.6922642929543623	1.2879828733182173	1.903327180316199	-1.6703956752142761	3.1486818129479435	-2.802243871121818	-3.857592565642656	6.1583706388465105	-0.5930115662494193	0.13815926035455067	-4.526286796660352	7.477960182113254	4.132093204525911	2.7422974649269642	-9.65886538555621	0.5163706241422447	-4.153908367303787	-4.275540708220328	5.00495531799169	-4.356174496026923
DTXSID7027201	-8.006076073758829	2.7021181279895146	-3.896090122906441	2.0612703783348962	-0.42114974427385155	0.3475013427615901	1.3908489544227147	-1.607750224751484	1.318687057496352	0.15725907297403482	1.7999141765085547	0.8444076223454594	1.731440131139208	1.2058984781263877	0.44136103881036315	-0.9026759650971419	0.464804385732262	-0.255234151129222	0.7646585721906183	0.4766857381737478	-0.5330757033266245	0.6486952864814031	0.6746790334428925	-0.6448192308269356	0.6310292321691736	0.33869222372059393	0.25978204421893863	0.016259024521106454	-0.5672501507785451	-1.0607952511542498	0.4063639927860211	0.5792088976615917	0.25405015101542	0.09459641462586482	-0.011430963809013798	-0.403692647586908	0.3427535807566247	0.1714401472469512	0.015400207942134323	-0.16542126153226247	-0.031028628250660766	-0.4516259881892105	-0.1285645745273894	0.3556762955603133	0.4030810015438728	-0.678526739430699	-0.35093076002406504	-0.22229038256929637	0.04463490206911744	0.1299224246762974	-0.4080005656559929	-0.16254313634469886	-0.1713497537160687	-0.4720964165336015	-0.1501334867369475	-0.5259530130938852	-0.38496249220196044	0.1356968729807357	-0.15428681570260325	0.02214368599579366	-0.4346716506325402	-0.31741017396557564	0.27405261356039623	0.6813097001100503	-0.45453947034924225	-0.5577736760365609	-0.7588704068752204	0.31391970646975154	0.023015176992508955	0.544456190505266	-0.5402600795759156	0.0009779799992481583	0.4947161258796494	0.5411936282499988	-0.8975604451381597	-0.005089346604415992	-0.2033618602306926	0.5508583275046477	-0.7399683984402726	-0.23812250924974251	0.6249530687327518	-0.36646273833186654	0.2857312345600237	-0.2008985979611641	0.3127381751225246	0.1048682584622383	0.10135983017119692	0.11745750254435453	0.01050778544532495	0.16673243550714897	0.5659191458816626	0.5698313044875181	-0.5935348436070753	0.07689103828686096	-0.10045352831096228	-0.08735431870001842	0.03858934121841009	-0.0807052810685	-0.28992513447711	-0.04701343179014235
DTXSID1044697	-4.270385117315662	5.5020076203855535	-1.008513768253244	0.14609146027115347	0.5376328311757756	-0.9786140607069215	0.33817884793357716	-0.08265236474867269	0.37443134358972235	-0.949861021421346	0.1618827397034725	0.9577278519580554	-0.8383119212949558	0.42502916203752095	1.6458461481289723	0.38217668683711153	1.1293906116169388	-0.04874630504819283	1.09449443576846	-0.5701964404402697	0.7099858159579757	0.08106451221913645	-1.1985668989190088	-0.10327401833413036	0.18563277113840795	-1.3574700377215811	-1.6737885127952778	-2.4111534899184788	-0.6130137789517638	0.5153915694356372	1.4932878345707337	-0.22122225177902438	0.11849621934278581	0.1744917196887344	0.3963137531612125	0.17304477842413143	0.18359809225866502	1.1664067255339825	-0.08094341140698064	-1.8443627758798253	-0.5064826017250181	-1.8822616346560184	0.05386342612457105	-0.43339521322588453	0.38630970728465597	1.1729669985265998	1.4428172931483856	1.5440223798643868	1.6540367199950998	-1.6351023112047727	-0.0943224071365704	1.183074901318584	0.9334775917931326	-0.4961910535623855	-1.6977460241962397	-1.7480116872706053	-0.9224584740654698	0.7002829316156511	-1.1728093100255452	-0.9829279899122159	-0.8104722118589044	-0.20492872466784673	2.043875210820121	0.2129365161441326	1.6957193945261921	0.45173918950525105	-0.15462557006583744	-0.269363655402864	1.5134453757511601	0.035607217472532225	0.24512489282321928	-1.3871722090106098	0.15375337212234041	-0.04975917216983693	-0.17881801501588002	0.12286723279413901	0.13261829395030117	-0.7262743245964842	0.23256206928164577	0.17762812949650203	-0.187906436300309	-0.5351647112038483	0.38198190576956814	-0.6291430650468401	-0.055399763393878074	-0.17788895040389024	-0.03950006535761784	0.3723069851305017	-0.2150887687121339	-0.15091253216038494	1.0944784369886849	0.7368282446601525	0.5287573937273189	-0.1787110104309548	-0.5903690991941717	0.42977998654725147	-0.048381994783617654	0.6511250971180581	0.36456076969200213	-0.301493076728997
DTXSID9020827	0.668315578195243	-3.883813530964873	1.7921269161759683	-3.7497083788177394	1.090247933557746	0.11327431450496536	-2.020089386029385	-0.7537154412091429	-0.7178766296832395	2.8590853807808045	1.42766642182565	1.295095215802286	-0.5294913956367494	1.211372038419167	0.36185845320428156	-0.22488487653843567	2.5951578936331554	-1.6313234718748213	-0.27083614895488006	-0.9973903399006333	0.10411573280796088	-0.848265643188733	0.5387011461771106	0.24275452821080068	-0.4181572860471416	1.093818905355507	-0.7672727552308559	-1.0547788242820708	-1.4074935426617938	-0.7285399895133547	1.2743948944375039	1.1453585376612958	-0.5404089702419506	-0.6005742617905229	1.2267309939469562	0.7137140372003665	0.1482759637505583	-0.0596445855103807	-0.5011192051034125	0.3673796749684107	0.3608677333504012	1.2741999594022766	-0.0013304356728267022	0.7050124294943924	0.16880196026273592	-0.6183583405185518	-0.6633168627368058	-1.5627316164674674	-0.2562682859984392	-0.12802779506498713	-0.37798673087578144	-1.3926244379539938	-1.6933597695175744	0.2889051406712422	1.299106185427992	-0.9907599099914403	1.12879598714184	0.7431602175263675	-0.8360805293599144	-1.4516398523054956	0.7994570386956463	-0.3002390369505518	-0.014389116852897853	1.4084313003679203	0.2652977934367228	-0.3769623147463345	0.2410613822389532	1.6638406677778161	0.959277335516263	-1.603288646343829	0.7770309101185625	-0.5157017007871861	1.2954211029494127	-0.760839961877759	-0.7808471742875706	-1.0276939002577747	-0.2066826818498375	-1.1710733409294147	-0.32147684600907317	-0.5565294215143598	0.16086400866937653	-0.32310641962992415	-0.2460228441948395	0.4581181780341952	0.12305514471143779	-0.3447572518141581	-0.08087273282796417	0.19859633430299603	1.0221442821974365	-0.9498874646695903	-0.25574018564644163	0.6550199278088551	-0.07705267552371271	-0.007927569759168238	-0.2653416971541685	0.2625932111475298	0.8528919727164175	-0.10490335822854903	0.17606469549627923	-0.11619931056744313
DTXSID7044768	-1.244366250502204	-1.9094615924689116	-3.293847429457766	-1.1975341896395795	-4.547726198193695	-4.398273587557273	2.9196049791938514	4.045619925642897	0.37778513406819064	-4.772458352118979	-2.620602100058325	-0.7453044889264845	3.685892876607203	-1.638095276162705	1.7702587826432579	-1.0097773813081878	1.1613408233278903	5.1837479827542365	2.368719966450366	2.3603378445569656	-6.582461125040835	-6.445764328968166	5.6765318395269695	2.0789463356527245	6.983450853769223	-0.7664939931422092	-0.4739038942464331	-0.233752426915644	0.8174772785851298	0.597258161654634	-2.3298656713205568	2.3475601456605206	0.8073642665345866	4.22865203237134	1.9276104936882945	-2.17894299730944	-5.464742119990622	6.477199077705194	0.4084468939864524	-3.3096372036841517	-4.531620595827973	6.09441255755156	6.054225809595367	7.346616935943974	-1.7114002984444794	-5.3293186953622085	-1.4721780059303688	-1.107392197701063	1.1830492321029693	-0.9689229022471063	-0.2481176024285518	2.368379901656575	0.48956043797350524	-0.43048762031138005	-0.9577566694310695	-1.1491318277310025	-0.45253400416969186	-0.5768711346860522	2.4026972098684634	0.9355553598919132	-1.040088962912254	0.075370493175807	-0.8396598857733294	-0.472893808483518	0.9637478209200758	1.3054839740787756	-0.42229866529400467	1.383781746855563	-0.6894791545824677	1.218016695337922	-2.41733354165039	0.02440824358734257	-1.9098716736306292	-1.6967970103003052	-0.4251659406550563	1.5875423000497368	-0.15831039517193812	0.22878508529086092	1.5461704418561357	0.53806385744519	-0.699943653882876	0.27049125595696377	0.4145580696938011	0.7150093769784868	-2.478791333348181	1.509137192324335	-0.5413972907392954	0.5493204408868193	-1.3981245754495086	-0.9144538608594729	-0.33276496182928983	-0.2072131709637504	-0.35032488424954256	-2.0053464653769435	0.4728716536557809	-0.2887090502253967	2.0056747754208226	0.5617689372447134	-0.19732755715801595	-0.22753841663224023
DTXSID0020446	-2.972009762216894	-2.2134333081447064	-3.4033489282886684	-0.4142477493737914	-2.6582708284421046	2.7322278968760534	0.04310126956201832	-0.5542421039138374	-3.1429868160753642	0.3916639880183648	0.0031990081933877847	-1.1397657993770811	0.6768648923534433	0.26914055390309816	0.12787886782864016	-0.334666267150325	2.0413026169336224	0.362408086724712	1.3520562444249307	-1.2563376834639564	1.5168295604086457	0.6897232307177487	0.16081228499973602	1.6906120567474578	-1.1289503502425002	-0.05371885115442342	0.37192175609096395	1.3212597474260601	0.5492035984277492	1.0136765215686068	-0.2626103527235159	0.04899170282023794	0.28514428370905254	1.2030823618072979	0.31004308678533776	0.0047466398613281915	-1.4070089362184222	-0.7255456731720994	0.6647698679504289	-0.5389615068008331	0.8463720956996666	-0.7611586805620709	-0.38284669523646986	-0.3392666700041727	0.31643496335764626	-0.35268926287306074	-0.10200018379922858	0.3165735256263581	-1.0375243764437094	0.6320602837986949	0.9179878606451494	0.7448395972211426	-0.3149859389617031	-0.5105384405408991	-0.4834004328765831	0.08272699344328407	-0.1904789312888558	-0.5464191209753725	0.7251623071727687	-0.7131743332833155	-0.9145207402395413	-0.5877254695040208	0.9680626349521663	-0.47653674593017725	-0.5193728121332866	-0.2544627456886258	0.8777021850804537	0.5795875686374253	-0.16437425397115857	-0.03698815932491901	-0.09110724370026867	-0.11041350664503513	-0.7445775195036943	-1.0663946289394508	-0.45538438757280036	0.04916416388602169	0.45835423605730086	0.7235875653227533	-0.008420309079882709	-0.020691981733580035	-0.9829389166080552	-0.19272427530311104	0.7082600075447644	-0.1394957325179483	0.20767736359735148	0.06390563349211179	-0.09821444048665444	-0.05330220086814848	0.08053459169480262	0.26721492587491985	-0.0016951971005763776	0.24844491854849882	0.16376364609393065	0.0741791256145588	0.06866268139946326	-0.12275888502004195	-0.20100585993859676	0.03179693166622874	-0.08208029875260137	-0.22732825902853185
DTXSID3027039	2.6469521161665246	1.1931609271152106	-4.71835122402955	8.875846286979916	4.246296693306024	-3.705585423662858	-1.4019214424360904	3.4396972732204345	-1.2633987452116489	0.36768906095075626	-3.648643563600074	4.7071501164151215	2.646112206622024	-0.09002327522932167	-4.630052540744016	2.346009724403425	3.9749457917240427	-1.328158041059896	-3.7232144693957996	-4.584566329982436	-1.6796119385488835	4.202762988834831	4.407888850832227	2.039726534696116	-1.7553292444264108	1.8103900550336671	-5.570017837465081	-3.1046521315692277	-0.9944310161485101	-0.9700225408227324	2.592605624277534	-0.8935442310563981	0.7726775514057587	0.014464326367613757	1.7064152817441693	0.16344498133889943	-0.6945535619721817	1.801186359211411	-0.39164088886298215	-4.175656745041324	1.6755878863700133	-1.0034841937612173	-0.39456386079211997	-1.6879033422562593	1.6462982206258614	2.4189724583829344	-4.067553730135251	2.7244022422736194	3.780770786752565	0.7280802737740965	-1.699640042287338	-1.8744992556350766	-2.0402908749445805	-2.431950906223327	-1.7924260152345894	-3.0249530416733954	-2.0239042070513555	1.9900338919526266	2.289943549167445	2.6583966811564665	-0.5233348730695406	-1.7862155273933824	1.5727182018930557	-1.948361389592925	2.5415093927356125	2.1531633644392976	3.7544577154022294	-0.8647034854517833	3.2560207534948047	1.728579527056453	-1.520162419415058	-2.081055148747108	1.6487370316046086	-0.62626563095859	-0.87215083254797	0.7081844244081269	1.886723640913386	-3.8155264150799635	-1.1996618043042946	-0.7041941865985973	-2.75356344324724	-2.2207143451503546	0.6263354389534586	1.0706293047429103	-0.13218404205141449	-1.245153249683651	-2.1244357511815704	-0.7796252859946047	1.1950269472573503	1.0117452771032591	1.764924394477728	1.7322272010311583	2.1303269406138194	-0.41929023207794996	-0.3719628459149562	2.205271649538074	-1.785120834766995	0.10435488085508705	-0.2500043549980093	1.6520771377928194
DTXSID80371164	7.158963237633401	-11.609565623731145	-10.645982784842243	2.7249332805030453	-4.720272932573385	-1.9121170012456101	-12.269552602710336	-10.204226681456857	-0.2113553433526678	-6.1738835426149725	-8.666235090818285	19.01479183063078	-5.774255314969924	-5.244997876066897	4.5575057100251355	-4.570387342130156	-2.090597410992595	-9.8792798722693	-0.24188577018797955	4.922355242638597	-5.047533518434508	-1.348520244850827	-4.499359210010102	2.536896607947169	-3.9592089023157278	7.619722172021052	2.5028539463930213	1.7677816428623125	-6.49896953885952	-2.4699997801450144	0.3968704704737227	-1.1987600740720763	-3.039961733029184	2.120291179122721	-1.082099507545331	2.067529530706	4.732278577152868	1.3098319938336023	-0.11377856297157828	3.7977480093331675	-3.462665844602041	2.698569645612278	-0.6181036983892556	-1.0497744848700052	0.6662078220710583	1.2072793812686577	-2.7246784566124385	2.135694021976845	1.4730838415565874	-1.1078797698254255	-5.634819757789009	-1.5076667488256632	3.778834758576233	-0.891512663849669	0.6263940244156171	-0.6805130381683883	-1.5393023765421987	4.266708325638778	-0.25138891753900316	-0.9811837318149201	-0.6042802853929471	0.8479508406867372	1.0929653703140558	0.511908177350231	1.2663245592731844	3.306708995130197	0.03299412238338547	2.565677633709956	-1.1318163256159826	1.2985874723417121	-2.2799835993582254	-2.8737255698069406	-0.38595389308948785	-2.6236851179874825	-3.7572656368135493	-0.5610695826376909	0.8948367974932308	-0.23469484468348398	0.06125594964310931	-0.9068434442691251	2.279977905736245	0.21979078129737517	-0.6160630826228819	-2.1174552708406704	1.212964722034416	-1.272983357359916	-2.1563829703398203	2.4095647975930716	-0.1610047352026898	-0.028630617565583782	-0.772912648352254	2.4810205754072765	0.5727159635854412	0.6233138736171533	-2.9164897134405057	-0.2985648918304649	-2.0074202498833524	-2.3502616176653466	1.5382894191398426	-1.9026516503488413
DTXSID3046118	3.3592015381567766	-3.0203260912616856	-0.20114231422111614	-0.1375205794439362	-1.7082594014813657	4.881319545843777	-0.4105619334772931	-0.8563619839157269	-1.1541037674345185	-4.643458189879452	-1.0003241153050793	-1.8033621772043946	-2.6171143785989974	-6.054529151767762	-1.340729094771446	-4.71091543096568	-2.235585491704478	4.972251993492122	0.6228541485620742	-1.7723854937146364	1.6959077255584072	6.495532084614924	2.29546741116951	0.2613742943985369	1.7628540068505938	-1.4767090964797003	-0.2078406958136129	-2.080687873850181	-1.104002326009818	0.0937611836479813	1.7391269674562762	3.1915849386957094	-1.8950816064906344	0.8339793422318762	0.9177801576037247	1.6901205849693544	0.05696482013877596	0.08271342874109147	1.1701539366763298	0.23297297706825532	0.7315676272819411	-0.005561527468734612	-0.5883295985081074	-0.9820706143824888	-0.44213419805343596	-1.8760236750798236	-0.4766598761996486	-0.08706506162926846	-2.5575204573383203	0.8489933181580447	2.1579398126532774	-0.5121857497432891	-1.9622325791481416	0.9060516024945947	0.25448564009385677	-0.7568577708390584	1.4249836891878922	0.40204103207710984	-3.6052751218336567	-2.0714570614184025	1.6813348930927996	3.0983291747259605	1.462133024110694	1.6250632650852452	0.15968573610169354	-0.03094343809448348	1.4634781767460543	-1.518039665639095	2.125936770105134	0.28640999395234673	-1.755751906816542	-2.193609343552672	-5.915284708295512	3.3630880862478745	-3.709959103364044	-1.6380011534326349	2.48517536850845	2.756966240046061	1.3301379258254475	-0.0023976794900015313	-0.9521965254309392	0.20361923176335495	-0.15369336443849752	3.681209522690896	-3.689066580679802	-3.937770624145146	-0.3277424865337754	-1.1665360905883513	0.5838238141452216	-1.3380450954903544	1.1373094874300738	-1.4832293036300854	-0.34651465642666146	-0.39984240965925694	0.9678171989945152	0.20318908218004456	-0.7137746776027863	-1.3451995524541807	0.09649218975722129	0.05443987785243137
DTXSID0047450	-5.6657247830909965	-0.8207032156233092	-1.0970767567701813	-1.4567700628728268	-4.44277477237077	-4.104207864323	1.9805526462989704	2.5856730550539644	-0.8064867974546613	-2.7095433266044986	-2.092019141684138	0.3480081060898713	1.9833240353916546	-0.07729995518676004	3.0938349789205546	-0.955501942500186	1.020032358938056	4.41036176242092	3.3842048192480902	0.3117216475005106	-5.976950901342647	-5.844930339323375	6.517829827517683	3.8411756867473015	5.3600540519127895	-0.9835828450471018	-0.8391723731080499	0.4819151995691564	0.16528270310544318	0.4132647302406672	0.44802037488258545	-0.012724509207630082	0.7603688612322884	0.0025426729585194593	-0.5781875031994684	-1.1874439777898316	-0.13892890412397327	0.5436283682921265	0.5276967815373963	-0.2749471090312617	0.4551248107199314	0.19979259462661467	-0.33501611429682077	-0.5922883361807728	-0.31087952780332934	-0.6491220543068413	-0.7305254151635853	1.3035159261133291	0.37830513023002316	-0.033348272772680716	-0.03984814089772713	0.3679726718568375	-0.14927768193994076	-0.34271593476636464	0.026261813246667102	-0.14018075845746558	0.6636867284631777	-0.2265758710694727	0.44765876012506384	-0.2273467935941708	1.0558397263057278	-0.31063400686126313	0.11510050313071161	-0.1287685856586576	-0.8505133732068216	-0.6646229955198867	0.07074079788910487	0.09627506722911933	0.09534761433713759	-0.12410620167093177	0.07642797234114745	-0.17578381768916182	-0.7827450703939818	0.48894558314927034	1.1057113380658024	0.5751745942755354	0.2375000462403955	0.23866455009391405	-0.36639905758439595	-0.5257956972070573	0.18824136060580318	-0.05990200861996964	-1.0351979004137064	0.041908774426083324	-0.04009030971904468	0.7365662784054139	0.02057492334642395	0.10238793067456314	0.08086473768743943	-0.003166263227177524	0.3038100576787689	0.24975444771072644	0.3198424382425218	-0.48798190143763	0.09182717627400722	-0.7645108597429855	0.07945805787033018	-0.6481788046734475	0.15725355709312755	-0.7311390432195258
DTXSID9023621	18.104550791697093	-10.234599435785862	-2.226620243007046	3.8597060130786796	2.6271330372351467	-3.9403613739116503	-6.908358997671373	-2.214075305806775	-1.4775182874925157	1.4632949022511985	3.2654800049328667	-2.3568899399263366	-2.0105832929842675	-4.274388265354105	-1.6168919318134192	-0.4128830554053111	-3.880941372747894	-2.7980877822889627	0.13382487723000128	6.044022983130548	-3.462750095123234	2.1508110346376776	-1.0560634960117445	-0.03331634119247564	4.156701083797109	-1.9933908701911376	0.3501721005929882	-0.9147874213655235	3.3328777751963434	-1.1061842665652393	-1.1389661313800272	-1.7294949816908292	-1.1149915898341383	-3.1984172686304873	3.0656666915198603	-2.906388565536368	-0.8629725490681853	-1.4472936377353811	4.348582156160886	0.6918347564431788	-3.712273612182919	0.29616082630463153	0.5188164922179851	2.1250121279959666	1.455253213956886	3.809528693040082	2.0990854629318036	-3.6611002600647837	-0.40847348460178223	1.4631759099779258	0.4590930621927387	-0.9617307014832652	-0.21517489018220326	0.14946082955694967	1.0708742976255863	0.5246975031340573	3.062001463604881	-4.1878027178712784	-2.8176413520197765	0.38675826031171023	0.25379531576409853	-0.7347412084735139	-1.3861230199462993	-1.693728042534639	3.927221428660471	-3.8278567921248716	-2.70056115872945	-1.778074001500294	1.1038715675553805	2.2767441818555025	-1.084249258301482	0.05485613265428836	-1.887253953820607	0.8900895097895064	-1.200639038541567	-1.266109101061887	1.3568168463685117	-4.862675560455705	-0.9964300788098926	1.7977181287245645	-2.7401774557833205	-0.7484436295319978	-1.3141250239965026	-2.854228030530258	2.69265742577946	-0.5556807916834736	-3.9293958334104833	-0.6912618158860209	0.46580393753789323	-0.5043667844984582	0.6407399961201554	0.5979188008698744	0.20682130267644838	1.4874788234441039	0.9970827360204643	-0.033758295964861025	-2.1030449547137926	-0.3166468897277455	-0.784267505045455	0.3390464483272476
DTXSID5041774	-5.002026675744005	1.8858921188328122	1.2282149691257522	0.6768501803543503	-1.1851405334599057	-1.3177068004213464	0.131029395052303	-0.6330268016749656	-1.3041326595095664	0.6484215765552644	0.5060167494275254	-0.6393823198986397	-0.9277687659545544	0.19762775276720093	0.18794306624482746	-0.7266424153149006	0.10862417535729732	-0.1996860505864801	0.8767484438035681	-0.0887242950137866	0.003711175421646983	0.9694435967010804	-0.2415500367254867	0.549201816097358	0.26222728343675517	0.12869484388428346	0.17930380305603758	0.024541668503343723	-0.3413242465175419	-0.00707489943487119	-0.3644465617987617	0.3041345835870059	0.34491110610122366	0.3103864774232761	0.05322355651312124	-0.9096247213413645	-0.1735377470684268	0.3679019777874692	-0.1479168767716675	0.30774235334339056	-0.1903299429160568	-0.2519044981759591	0.08551342450562369	-0.44098459813364366	0.37601249192656017	-0.03756882006042647	-0.5839316070440722	-0.17691610787928017	-0.013396634553983086	-0.37397517550074294	-0.1978656061379705	-0.7793010255345516	0.37315452392467846	0.11144609159245372	0.19009628925466776	0.8158865784333974	0.4374767424445339	0.2068501656007538	0.1467502166798996	0.15215916443334274	0.5460172249316391	0.07670830373276168	-0.47989615490452703	0.1719654465844852	-0.26973917981349477	-0.1456622757508694	-0.17691348229568857	-0.21314562452501395	0.5931287989634821	0.10642238632423705	0.5612335983936294	-0.9313814087691165	-0.19323326022552348	0.03895202785720966	0.44892865634141543	0.29700665192214737	0.38118146371582473	-0.09828010307056455	-0.14003497148108057	0.3225563768891939	0.6234381458986928	0.5772522142853215	0.10401209896280032	-0.4666521363262026	0.8140249599912232	0.6190549436820502	-0.3085742263898861	0.1057171778957535	-0.43925523438404784	0.09202593015579591	-0.15805732595865526	0.6725466793383842	0.08150620365782481	-0.1308274828077306	-0.6621096424301306	-0.1474883462993065	0.49960559179800323	0.1353740774117922	-0.21930350656948425	0.3115676053443466
DTXSID4024858	-7.93980820815226	0.38151058851091535	1.2188941049429454	1.7032208633048822	-0.40400013841546545	-1.0577453243861086	0.7501520560017664	-1.4407217904294816	-0.8705362399340049	0.39950563892404584	1.0117677040368114	-0.01871480361297642	1.0675544831306436	-0.319475579541621	0.4846093222780529	0.4757628616475029	0.21560889441227482	-0.06821903152842348	1.079896874969283	-0.402179898410337	0.28521365433140794	0.4285032034994006	0.23323937885022744	0.3980477729666776	-0.8166520179016009	0.20738454851747473	-0.251336008460488	0.02785041517193477	-0.30805296625308093	-0.22086083615882954	-0.37282926935367083	0.30204412019959664	-0.8756582876987781	0.12723430537653496	0.14324868530263243	0.009976550684754204	0.022832107533248706	0.19070555360461647	0.023122373093100453	-0.4153935635502031	0.3931084646462737	1.0792328168018515	-0.0708545534270434	-0.1864018275121738	0.260914172355885	0.17648105975716	0.15402107876628623	1.3516739550710681	-0.1631289596122863	0.2508742982838885	-0.8205674171090758	0.43772046634482015	0.6259154148341016	-0.41500071282737455	0.07051951933706775	0.31988250887773184	0.08886253679121006	0.5111503159663711	0.20468291907352912	0.31004120968811727	-0.06361371775115561	-0.17048827173512635	0.2703985542686987	-0.19404269533196955	-0.4321318750177105	-0.15049818249084543	-0.5252841933182585	-0.03406340624076994	-0.275537795957841	0.3400295273127434	0.1461595902028159	-0.5378774987569543	-0.056174108482897896	0.5181543492978647	0.24817229637486582	0.5336985769807919	0.25760110064402636	0.7293689498221376	-0.153238032360161	0.5532703324794107	0.23303165356929115	0.15323876742537054	-0.1545287326486283	-0.08780158337179372	0.0956045360843229	-0.22083641689116226	-0.08719394684193461	0.038695843364705364	0.28227868315185584	-0.20617964852185297	-0.07388464396145283	-0.13861997828260572	-0.1492568191114617	-0.08016733396202418	-0.10766494797566376	0.2936418458650844	-0.1581979416255023	-0.10622052007301364	-0.05776742181250401	-0.12492696147198669
DTXSID9048809	6.003937670381021	2.878761547429907	1.0394893173951678	-4.80715211006299	7.347653237824789	2.921244882571064	0.5019971957225344	-2.219909435009691	0.4196969690042014	-2.551530601066236	-2.3489074872573235	0.1426936170110952	-0.9696695359698462	-0.9543178100210661	1.1258043739767531	2.148727164390105	0.9125715262300969	3.207783193846795	-0.2851459359172213	-0.3360332042753398	1.1583663341289423	-0.31944217915618084	-2.1237168331845955	-0.05540240387690928	0.8124624189779276	-0.6305392194507586	-0.9693264635159006	1.4240442125420019	-0.8896505033026426	2.913643068693991	0.087340728622398	0.2388865120142973	1.2200887905249975	-2.1604128518241645	0.3287572261373788	0.17144926359571835	-0.15042351141048044	-0.7795524839971227	0.6242252697315472	0.17971945514045776	-0.5403030487904482	-0.7575548965613458	-0.5898829673110336	1.1991651235940648	-1.1248475755099738	-1.1807326304826964	1.850828086254681	-0.02403503342837169	0.5999066804498955	-0.33651153720468263	0.5333540661009603	-0.555913561568115	-0.8963565328330751	0.20633347628982696	0.24082726824732614	-0.08677848373272526	-1.213092499912549	1.107926530694598	0.6006068439399536	-0.00820125304761078	1.5978711566210662	0.3347664501031011	0.054076727959563566	-0.03140931138155635	-0.02293186358980327	-1.331708439328374	-0.3602430071237368	-0.6748188052696105	-0.3134083261184344	-0.017695496563123508	1.1085836626214605	0.22366484330159286	-0.7560142110334083	-0.7900182624285645	0.28457200691159495	0.05365220528544446	-0.005282647443877004	0.06261301767455678	-0.7155436684396349	0.45153335856434834	0.7000392041410829	-0.6244764408711081	-1.1531453219190295	0.19502476367327304	1.7052449017400706	-0.6754843236105037	0.03602375296157427	-0.6950110160205369	0.8823986441116074	-1.2623543283092222	0.24810603640518514	-0.13529296687810186	-0.006080440753249386	0.795541838433395	0.21492793768881444	0.395395250463655	0.1012683336534461	0.6359291687348381	0.7170851366496854	-0.6098543481113629
DTXSID8047341	18.80506242555572	-4.190950664449515	0.6636162476004975	-7.885088782171338	-0.3759965055043808	9.677319684124813	6.553913734843272	0.7020693687112042	-5.994131856613313	1.6678668163353962	-2.6079816537332	-7.630009064235707	-0.39387394481912824	-0.2947575524306159	0.17891312344845847	5.89393317971986	-2.4654443087087143	-5.05273321845683	-0.7001777481175868	-2.799898539366276	-6.114816763929022	3.1044406479532394	-0.05714960305061433	6.017303016749404	0.0022752151074610398	0.18571353330988474	-1.6864608961346215	4.105933453660033	-4.219311780417882	-2.0192380878976013	-1.0191747451206523	7.097089073217027	2.5597081998788718	0.7095299532136	-2.443120359036386	1.4276107469815014	-0.1664884145103182	0.23487555341017127	-0.3956789490349703	-0.5582583322714968	0.08799200089473863	-1.1175803591253013	-0.07629398625147636	-0.32355942742318083	2.5294579378599957	2.3987131280628584	2.0445718942419355	-1.3158418480014875	0.21343363560783424	-0.09683445391470948	-0.7523426155616098	1.0564929447588651	0.6381258286097908	-0.5579536215212526	0.5489715795730695	-0.6635112115382553	0.40021366375610135	-0.714640513272013	-1.4141899237326463	0.5196239817708097	0.26305888168882197	0.6372515430645468	0.6675082162644357	0.8481157745001995	-0.6298683389833275	-1.4502294276550949	-0.424131151381408	0.3890380781989554	-0.5502303218968279	1.4334432322971464	-0.08024030387658103	-0.5516022333606246	0.06532534696909481	-0.3130090872109942	0.23179071009201563	0.6966241188761105	-0.3087599750118	-0.03377944991368436	0.293191660391714	-0.5464926903571501	-0.8358193694116409	-0.0932063305285471	0.7214120256800821	0.6705657629751477	0.09555412798379388	-0.007970623225830725	-0.012101173524704344	0.005897541609860153	-0.2366127017411134	0.1544024441722225	-0.4451510214899169	0.23167353722584522	-0.07281496822767385	0.4807805321337518	0.22862896533745075	-0.23853212124955997	0.2588823918418642	0.23318592718241718	-0.2849904645089769	-0.1461228534233454
DTXSID5044994	-0.22571311761597793	1.018150592321089	2.457074992068753	0.38829435016911673	-1.4314187179255444	1.939328943570366	-0.34244968881371096	-2.217793494292678	0.36771104176614205	0.2699705824850343	0.45329349941851915	-0.5845982237448482	3.0458634022654185	0.3681352176120603	-1.6207416418697655	0.09496126927345748	-0.09828314282157839	2.0258435796372196	-1.3904116679572291	-0.3267920582943284	-0.21449704071020662	-0.6508048948062072	-0.007656395686702147	-0.8421499022117295	1.410365708015045	0.8310648053395934	1.2516938878359076	2.129279987222534	0.6656401814305783	0.10712187083502885	-0.10247793782661413	-0.0008295626999600333	0.16376990532409427	2.1363686806439257	0.3719184837675585	0.6230373497708942	0.005719625706431846	0.7926075364449594	-1.0528842437422128	1.6378064568590285	-0.036019757159633056	0.9720637053564378	-0.39089807571584173	-0.7409703477355138	0.24162631422733596	0.9000510052617706	1.1683076587387546	-0.5190698773511716	-0.9868037773339555	-1.6687145695906995	-0.22057215850439266	0.9271808438082774	0.7902129901745104	-0.10100008537046885	-0.5146288638531776	0.9826891415043724	0.6116237460994609	0.608981426755647	0.38591100754264934	-0.5405196153919187	0.6566278290023456	0.10214917091529156	-0.5352992017764329	0.7466707730979885	-0.6592788493151935	-0.0512111626521169	0.5701730774301027	-0.18354386212706478	-0.272021499398481	-0.08349623334745461	0.510154627206917	-0.011384013538818422	-0.19312150689235227	0.33802829857752925	-2.3033366383739615	-0.569798021133837	-0.863213896482456	-0.7224342836344736	-1.6464757160507328	0.22501153736489016	0.04141463179334267	-0.07810601610945778	0.011614623780160736	-0.7282269634546702	-0.8724871510669961	-0.16490093407461615	1.1929055724265019	0.09632198653082022	-0.19073755884727803	0.1596093547634404	-0.4908328823907755	0.45797880071519276	0.10596140966344693	-0.4498211493438196	-0.17270274809114902	0.5044670608054447	-0.13911451088079324	0.1800265467059081	0.18978492504438124	-0.05792031757519964
DTXSID9041570	-8.85153296009207	1.563587151223322	-4.570123669396244	3.4419787566940516	-2.258519572825524	0.7768332895546541	-0.6434151157289453	-0.11722593519376354	-1.0130371914169878	-0.5382951142777845	-0.7024778648308532	1.3588921307189008	1.4814723479331078	1.7832552015624845	0.44220735941268924	-0.11743408062697024	-0.7197879090305194	-1.0809136704953688	-0.663940363101892	-1.605796255114463	-0.47583453349884397	0.7571277528518539	-0.332171354663216	0.013768347153841799	-0.35449636684593067	-1.9199693579949966	0.24263312847130858	-2.027172653050189	-1.931682377446402	0.2520984279369861	0.4892381217566334	-0.45116052991176064	2.0005970629789274	-0.4353942370773066	-0.5484523632450159	-2.2432667714854606	2.219806581955582	0.9089053637691087	-0.44965175367788685	-0.6883407083415247	-0.6769724829097931	0.5301091559551078	-0.8944645982848959	1.67723634631484	-1.9225677977660227	-1.1155442900227257	2.485462517381131	-0.3170217767810996	0.2878121909197506	0.08123784116529575	0.927456221075945	1.7548664937150011	-1.0897658438068714	-1.3821680842326414	1.8515747399333604	1.6141919018812492	0.4004469909847959	-1.4489075846234607	-0.7349827179686393	-0.8320358330146457	1.3774775131094257	-1.6668713972326368	-1.0673742815689709	0.20050773306344394	0.2336828822472965	-0.3076589482963788	0.08100052385731529	0.04459207879729923	-0.39722427531847115	-0.5756218114044254	0.2614834586139367	-0.3210019457934794	0.21855724573647958	0.7160196028569376	0.39590964551699875	0.8731930414348987	-0.39662233153549514	0.530432191519757	-0.9699161667351788	-0.5455558910393185	0.5956186426630143	0.08230929908896883	0.1588210991131103	0.0617162962358846	-0.7608322651284122	-0.5080271334303106	0.07930831770830482	0.011633603652409044	-0.09207677254858221	-0.09914709595651577	0.10310712240779872	0.3503483897718932	-0.011446534589460409	0.09383413351377567	0.2633845349034561	0.05389908945644364	-0.2742807368901605	0.3597069293040472	0.19776621596117008	0.15493558376795577
DTXSID2048878	-0.2817074951711669	-1.020775876658958	-0.9801084081087894	-0.7315572862081755	1.9932231507828864	0.8007453714430981	-0.4232171552065185	2.9045262134377063	0.7622653975982224	1.2946528948640872	3.6449659935088725	0.8843814113820654	-1.5806917883891043	1.8267263869712378	0.8907988733331078	-0.8469538865139459	1.1902227624889326	-2.6753558903494183	0.28260474716563566	-2.8207565444430345	0.4924698800201755	-0.821914995225562	-0.5033511740110177	0.8498445292809138	1.8700860323321624	1.6886032725721003	-2.024857010436907	-1.3592320020287312	0.47153339719702453	-0.3949450948560257	2.129648862920505	0.6259704472253684	-0.19044606803032343	-0.5781531479018356	0.5773518654346017	-0.5359977432621563	1.43649180249162	-1.5259018424127724	0.5879189843606617	-0.8046634389150212	-0.0019128212300952793	-0.020789254175067152	0.6491324352854493	1.1118245960604598	0.06800740882374541	-1.7528615691220126	0.5361639140753176	-1.6163455986380828	-1.1452486490284257	0.30894170476880156	-0.1897197432705613	-0.779283816035288	-1.04343288356281	-0.7958640413123989	-1.2520782479874946	-0.19676278416432683	2.280617084757223	0.596682344289085	0.4535969147043315	1.0235015975992712	-0.4771683833420439	0.1613947925618394	-0.07767837799941597	1.085045696258154	-0.21797354283537282	0.0127598001715839	0.10478850816652549	0.4164001981755024	-0.3025199708804364	-1.9369438675174142	0.046416031540274974	-1.1735075732448972	-0.03420904817209562	1.273505242976881	-0.4043030936883629	1.021491327036135	0.3733832943939732	-0.7929496230706135	-0.3009557471857411	0.14285708608110384	0.5737665680564299	-0.362458617324165	0.08688491399439054	-0.8054436911543023	0.33572510135074396	-0.021102186056979482	0.2951980731811812	0.3888880372100805	-0.2079274460354524	-0.614733208371986	-0.2308799632832091	0.16442620339759378	0.5950877160568098	-0.283751511207168	-0.9042572714213822	-0.3996645979969436	0.4623826511012607	0.7230637711249068	-0.9199456847249492	0.07430357719606068
DTXSID2027200	-4.973621722693327	-0.9662012614541076	0.8409682556208563	-2.318579951488482	-1.9399938633559781	-2.2910619880973457	3.0690622676857	2.3704764594560963	-0.38400022614976587	-1.013956470440495	-2.498486694687426	-0.29959230508575396	2.0860369147660345	-0.5023133368424695	-1.689363356393532	1.4363375951686554	0.20477499563933088	0.4398227815826112	0.04983270814874926	0.417055973172557	1.1135200454101457	-0.8189611956673015	-2.92339515607283	-3.3779588137571457	4.6913238247148135	2.004861318010443	3.1077554008217754	0.3514557056802974	-0.22133186198046007	-1.5325414357443532	-1.1816382715662443	1.5610621116931374	-0.5527205509763362	-1.0320849305280737	0.41952833889836116	0.44013927220811716	0.02748515715088036	1.1186231316252584	-1.8922407909214212	0.637877310620328	1.8469383115651448	1.156234793330506	-4.23945912905011	3.800606078607135	-1.157336094080347	2.9708572938603814	-2.573663627244157	5.475280695486375	1.550668061061992	1.8596502090599523	2.507866246137707	0.9386981681373859	-2.9358220062154214	-5.087238362196695	-2.876482367736319	2.4496975095494755	1.037797971127414	3.3258099175181624	-3.1531941552413256	1.606471508731476	-1.558080268004064	0.31438207808463536	-1.7573657903916098	1.6910842568273583	0.6317252831863788	0.473662664021617	-0.40498432876126383	0.7903516084366611	1.0137522228213125	1.1938651691230007	-0.6118708636232892	2.310012740040735	-0.627303884735849	-0.5576207565583443	-0.6485005643860664	-0.6939555214072565	-1.2729714179689697	0.19296037221342036	1.4504327705071283	-0.42269629078752297	-0.40210584940401617	0.6516893243775379	0.3393608716482796	-0.6974633015043133	-0.5736144674038276	0.7903745874619746	-0.5283977483983988	0.3577275969813216	0.6119402467034901	-0.261456364416967	-0.44832745191130197	0.08607766823132425	-0.537415410109375	0.33603476140904454	-0.5347116181673187	0.19286718593588928	1.0228801867154595	-0.8264244982083667	-0.5018920660356253	0.530376922312427
DTXSID1020358	13962.47269420198	-4706.978408488791	-1237.5477832244376	20773.623529350552	5415.9407547614865	-4952.90837328178	37832.1757000706	6949.754511033749	-9169.445207261459	44186.30309404	-14416.968378415835	38107.27066457504	9113.410338636091	-3271.2006465393188	11778.823193631397	-19504.45502229744	-12437.769569619935	20434.075031105378	25350.89277367818	6876.558430331366	19309.716013070043	-9450.52217180918	-12744.221709657531	3180.489913974767	-7428.227697870872	-12686.95034009976	-6301.211556355832	6532.864058851216	1535.4422371293922	5579.228346358043	1832.3127063484699	8744.613978888094	-1273.9886843115803	5253.526365138267	778.0006592265621	10817.682503745986	-2925.3630658844713	7560.633884944979	-6210.0023179942955	2124.2443027531217	-561.4772827755171	1330.8923003343598	-2696.966874615464	-2249.799932609946	-897.5948064974597	-726.5715786873764	1405.5766328762747	-5178.600687330246	-700.6513481666874	3455.7872786469297	-495.4658695991102	-8614.975999091577	-7587.7546095990665	-1167.9132221768334	-1850.9149902219262	-2975.7473514376297	10802.621886262385	1736.8143236506335	-15969.071760309742	-5789.431832011053	11571.14972724761	-11107.620368922686	6152.425002810087	1329.92412254313	-9415.787848341817	-30204.991329724224	-2656.21940256467	-12042.78058421178	-9639.02182205494	3570.817619444776	-10632.330967763888	-18084.704164765415	-3434.2344916816573	-4514.066922993689	4520.635866988913	6428.166399469136	-18679.722745799772	1583.4520228643203	1161.6086118924277	-18264.577547699413	19223.15260360623	-17056.02306562142	24221.153713409385	-29900.98670356587	-23329.645702225953	23970.73749092496	-7429.104337097937	-10642.32564087048	-2866.3071796359573	-7129.279277198949	2532.0013136038897	-19573.53995636327	6861.321974565872	-5798.07780866464	817.4120502273084	42618.79786574868	-4158.159888800538	-1391.3467544537584	4743.522373564348	18800.930871534096
DTXSID3024736	-4.437830566586734	5.101456567776744	-0.549918361482558	0.6758931442018059	-0.8604808245836183	-0.6718608653346982	0.5209915223909976	-0.24856525387973596	0.6732597287645704	-0.9370797415099689	-0.005549170047189017	0.9368111368810197	1.0299924651304453	0.7330968273840865	0.37147122988833337	-0.4101893262147131	-0.4835237731418582	0.7297375058615593	0.526626154301897	-0.428015594127255	-0.9103688021884483	1.1230364131526458	-0.6109551574664231	1.2884884565966774	-1.262615994744161	0.12628620217744563	-0.4121293910643158	-1.1532646011941359	-0.5483631268631458	1.3978430713631311	0.836725064268121	0.5438591782294501	-0.40686142073180726	-1.5916766518522636	0.233259864637566	0.12466152086716704	0.2265939268934045	0.21551664951024038	0.46986716174071796	-0.8041055059926243	-0.2602874031345335	-1.481672591151616	-0.23476143652533676	0.3114461031843576	0.1461064417364887	-0.2220719210632322	-0.28244463604227354	0.904260903646234	0.4830236705805508	-0.44467171664941413	0.0014560670245948833	-0.8552555680481913	-0.04297490565209713	-0.6088876061687152	-0.3877160492507229	-0.6086212344238295	-0.4174223457944154	0.27341815858826546	0.7267353004031777	0.3889981900327209	0.0267896497246996	-0.37518508418972096	0.2557920551033125	0.4962322928107215	1.0317955579445854	0.6299931355256168	0.2640451326147263	-0.5173174271385638	0.5055079616425228	1.4146010914799698	-0.1105555717966175	-1.3232316467372258	0.28451426181566913	-0.7882176374288616	-0.3219921338673156	-0.26777860147076465	0.66001418371651	-0.42722938677607264	-0.32245316302807253	0.0508004575445055	-0.05418760534289398	-0.321878281469318	0.31470985997459255	-0.4828456566780466	0.1991961160076813	-0.1160436431866733	0.47328733046386046	-0.12626258558271639	-0.1948801986984902	0.05587646701951903	0.4276383086103595	0.3977516101009483	0.23056588956768617	0.2796768768657628	-0.44380120477477447	0.310815734599713	0.32238458432730877	0.20958826252154772	-0.29330539080684087	0.2019194753505343
DTXSID5046481	10.561939803371283	2.959308716658229	8.359024170123753	-0.4869766941784576	0.9488511053778101	0.8472603199857349	-0.18082395942077856	0.37456725533359236	-1.2372353770874291	0.7813697116950094	-1.6956377055202734	-1.4599855434104816	-0.0012735377162949955	2.4029632715817386	1.7201716074899895	-2.429537709429725	-0.0856447724660317	-2.4322823784983956	4.275483823705576	2.9385968959642983	3.3326874774179807	-0.9853756186831233	2.5891422354898856	-0.5471999753443788	-0.7713610698757997	-1.3416692295341583	-1.875657603770133	3.744261258040048	1.2950741285451226	-1.276948467570756	0.2854254547214909	0.09249386218642643	-2.188488171971111	3.068677471048398	1.5960148310441766	1.589901532448475	7.174924021459825	-2.5910505586789245	-2.134747640483354	-0.4430354124940073	-1.0557239315070124	-2.0058741024742477	-0.16458839419301674	4.949519007812051	-2.6417650367915058	-1.143918172444089	-3.387694115743521	0.4633119744749186	0.5264525924561041	-1.4560042787062037	2.4876387815873438	-1.0062284627122635	-2.930760256664504	1.91813318450006	2.738985698992467	-0.24363129687959525	3.652156660891568	0.538431462276963	0.7896949312002332	-2.0581528156515985	-0.7297150170929904	0.9183361696208553	1.1332729369297552	-0.8879464508454361	-0.5173795419389748	-0.22541030084382999	0.430741282200795	-1.096907411163798	-0.5708829880504642	0.009201545502228615	-2.0074679997895326	2.4069662469343602	1.881193658470068	0.873285269108167	1.8950000510366816	1.7968295433812569	-0.6108976351255324	-1.143819386475071	0.10345501909053634	2.904530097097028	0.9726160484968929	0.36219843136316593	2.662106006702954	3.311850635294892	0.3031389461448678	-3.1254087620489632	-0.37370861688033935	-3.0289688741757397	-0.13885994371829888	2.5211707427892507	-1.3799719354176303	4.2801146222518645	-1.6540964169966235	1.905792421364378	1.648705661738949	-1.0408703107984085	2.347887574483093	1.5322187017069824	-2.638772086891865	-0.5427471438517346
DTXSID5037236	-0.15631359726175018	2.240823507431171	-3.862693694405771	7.944063367176017	-0.1285493123307194	-3.162592624500711	-0.3665684905834994	3.69267663718018	-2.014036086228537	0.08226900350337978	-2.2041507094962376	3.185496371692036	1.8848566204331947	0.8526636112232656	-2.8015174733382655	2.5831338415104206	0.8492226355657636	-1.5618661706132118	-0.734767557789189	-1.7420563056211613	-3.361308493575946	4.039489746467177	1.6452416634919735	1.638900851832919	-0.87325714596321	1.4236038948248206	-4.4908646006280195	-4.281242448053279	-0.9263456587257689	-0.33949715608236475	2.0267253190173573	-1.8664436134419717	-0.28658758888076996	-1.3731234433161301	0.588317937185685	0.5780444394482835	0.35090733025418924	0.5247124604354899	0.37669837693127944	-2.256491476818739	0.5219949580334559	-0.3331481336749048	0.0740242218185348	-0.7087363883595273	-0.080217344065092	1.1592442853449105	-2.4556067011544704	2.146705869835866	1.8924029454676745	-0.2803925636460786	-1.3115693316153796	-0.07572753022971951	-1.0271385887389954	-0.9408459813130778	-1.43298897416544	-2.0973999295282395	-2.007665393733588	-0.34508474748808304	1.1902334151753011	1.6731229730277668	-1.2375351482121555	-0.34287086972045894	0.25422324565414256	-1.0782698256805479	1.5143198414374648	1.616983613326495	1.5554422936633914	-1.5762111876538678	2.8466912315583732	0.7675255330747687	0.07552188429244769	-1.387978738617402	1.4710213700217256	-0.5840039967827302	-2.6730043996042805	0.5181305083451823	0.5970837100648891	-0.8621850882305367	-1.1069704513575915	0.08713047359713966	-0.8182275697183794	-1.407477980877462	-0.6541766901600189	-0.6520297838718689	-0.5458105157969368	-1.0317710185033377	-1.3756637572695745	1.0820390076315158	-0.7863234438583768	0.11711019903839484	2.089849913168965	1.2085804640995428	0.3414772426511979	-0.014997214845312896	-0.5099085376138038	1.24277989152342	-0.5925719558287942	1.3469613368269115	-0.3839873479321457	0.24040276522086987
DTXSID4048806	4.652677706626173	0.009337504759597572	-2.540178737764301	-1.153955863327053	0.39603740110664715	5.544940886665552	4.54881606039301	1.4018355972670826	-2.8618897068601545	-1.8183800550045504	0.06886484407193846	-3.154995614025474	-1.0037513678022907	-1.9679944187336778	0.9241054956796162	2.512781671925984	-0.7589725381838323	-2.938454187516444	1.2657898432397114	-1.3234559053497834	-3.122251528724761	1.455124596251924	0.47924919067815824	2.35125286631575	-1.1879312065820957	0.16010983734955167	-0.7358135221082037	1.8634832462702908	-2.4499843194831934	0.3395146181165445	-0.08082748366791942	2.5634661317142076	1.958471860047241	0.11890865443448667	-1.831725779127895	1.1604783238045473	-0.29649735692097934	-0.8834161704661996	0.7358408088839442	-0.6937118094677215	0.4649351566065906	-1.328302033801084	-0.4353346860289048	0.010597354562088402	1.256734721577512	-0.04414406374262067	0.5519458258152334	-1.1429244456385932	-0.6193969259259497	-0.5206279880874409	-0.2824939272009886	1.2257105353171232	-0.8997511985498375	-1.2307034688026695	-0.45805426628033785	0.0016796632211232801	-0.4626924667429833	-1.1091551551980294	-1.2146342149507103	0.1653169117903487	-0.8447272739590345	1.792111635098748	1.3737954554767131	-0.16272971384733115	0.2091459339109377	-1.0021129927892853	0.6953000187746116	0.239448605291338	-0.3788343411116616	1.6381533496727652	-0.19213379100243363	1.17839897309969	-1.397972769704548	-0.34204570508964316	0.42327205318034716	1.0107808870576993	-1.3804043121295555	-0.9682513967032494	0.39802261803196826	-0.49526691215313196	-0.6473993671631368	-0.8202398894439167	0.8313592160468112	0.4074570479145268	-0.9891910903139253	1.1324632481175703	-0.35280770426259717	0.5350497988544498	-0.18578697705855238	0.11257515293838667	-0.25142306300643585	-0.33302934571534193	0.11299919503799151	0.6397274274366455	-0.6136757954648054	-0.46674814725863006	0.008163049823552567	-0.46715456441837744	-0.19038345414759	0.10365907750463793
DTXSID3048863	5.550701045502047	8.276315445610615	2.1843478031409376	-0.46130400142781675	-1.8309823891161991	0.28408630706748184	-1.5705692557839315	0.47631287606619865	0.38453420510474945	-0.4165630548371788	-0.020033285184044246	-0.6177205449488785	0.40398562949068184	0.8590539993944881	0.2821062887601559	-1.0264021133791743	0.22393615737708322	0.5189989819614723	0.4943074288622999	-0.096436061144427	0.5608368157728146	-0.06473192672982983	-0.7208300662752752	-0.00485134687857863	0.4484387842496792	0.6665784533157446	0.45853867384804864	0.8213963082172583	0.07464065766522923	2.236382707187644	0.33437594618640365	1.3061676800262556	0.026654033272481583	-0.5349784180096191	-0.017345630343441314	-0.8632902973986423	-0.2445102210947229	-0.20647812916033445	-0.08755741664866043	0.088975057741665	-0.3534801330719448	-0.16606278480810868	-0.044764062395085166	-0.027113691921504274	-0.1541709881798227	-0.020448868451267494	0.9611886218613208	-0.08046692095636304	-1.1168171979994344	-0.09094225052936845	0.3613511956040571	-1.3310473101267524	-0.3566704250709623	-0.8065102731198123	1.1278976171629866	0.06494258754963599	-0.2821715381606756	0.6839122034331188	1.4928780286368546	1.0441869513737183	1.4869574100371545	-0.13507722254009	-0.46292300559594385	0.1359964875755365	-0.6822263503406483	0.5199463507589625	0.3615130681122357	-1.0062144225723282	-0.7932506966286799	1.1741505263726388	0.5890243606544382	0.22661053316158136	-0.6717991831761194	-0.026912580564960906	-0.6176565277278886	-0.5366806798380712	-0.6505183632391741	-0.28173520608846275	-0.8319234781626466	0.6566186503511768	-0.2344785457998589	-0.12235527579603694	-0.48441767305630967	-0.1399046392232897	0.09121013797812824	0.49289134677946705	-0.023528446868906927	0.15469943768047692	-0.8183546303292514	-0.1526495048944609	-0.9888888841554492	-0.19286985569164322	0.0022757551759001373	0.7493074781647301	-0.39118233482179793	-0.2868781216628654	0.10856228162294307	-0.5931045841963509	-0.4022677272781353	0.15822688492474202
DTXSID9021390	-8.16934915990678	1.2518352278018459	-4.287820393212243	-1.4420012298009801	-0.3793652994609381	-1.4165634335899142	-2.0180265667756014	-0.3763092782665673	-2.5077363387546776	2.6709372889801655	-1.0110844057988655	1.0718012606595948	-0.5046132087601163	1.583404098244646	-0.3706751307268972	-1.0627120553223972	0.7379010541752814	-1.42399407594217	-0.0953265392245751	-0.16734125863382518	-0.13222622302216078	-1.4871373061011017	-1.3525702457062443	0.6191020275896214	0.8522638946600053	1.059213462845955	-1.2486153544945309	-1.7384609898326935	-0.37447811872487285	-1.0977078007998755	2.799669385990425	0.6790696418128008	-0.8164492935445716	1.0694010759659014	-0.6538845935008368	0.4157322316831531	1.4928885317021976	0.3753178507926996	-0.176104220560134	-0.2665284506376914	-0.9010143735450419	1.2940701004075836	0.08390083710376295	-0.5907010414622981	-0.2702004449584105	0.14939590384370516	0.9165856991840113	-0.23925688922980698	-1.6709567350075643	-0.7657147415663711	0.5287247765406526	-0.516572882751396	-1.4081026783225856	-0.11693701129248384	-1.1070746563981155	1.3272704159294377	-1.546169130197481	-0.8748666201983422	0.33735780996706094	-0.3028211685783485	0.4842044126030812	0.347230741735995	-0.10000280945190126	-0.19802905875574778	0.21911364357092522	-0.07685077127905364	-0.056812362121890496	0.28471729297667414	-0.26009250932781947	0.8528368104158527	-0.0544316471870382	-0.5464517750018245	1.1021480822319432	0.18940993471027326	-0.4281634221851951	0.7193810088408994	-0.47023528235048995	0.3783839692959773	-0.27056906270051345	-0.32733495908937177	-0.5152675868632558	-0.38232076671852516	0.2293270436260579	0.3291602616546814	-0.7224739641567595	-0.38841021945719234	-0.4734027295668581	0.4483136673675289	-0.34286740622560535	-0.28418762607688164	0.6930894246831949	0.6413549850205995	-0.06075792749604873	0.12006696051183932	-0.522232082304227	-0.0007560107830970695	-0.4146285831014703	-0.22390801385898754	0.0881805160632585	0.4880335238404042
DTXSID8046036	13.204554993219531	10.323547437963098	0.5642781358522173	-0.17938963103072095	-2.001093529719787	1.5480543490752208	-3.038375814541759	-0.8309257476063554	1.4125729947662835	0.39746003920265044	2.5445912154242585	-0.7761564900641408	0.44057026821694206	1.8175042127439587	-0.09452662076986354	-0.32123250981633067	0.17231179393148177	1.44223916625577	-2.270951552385187	0.7558072481166147	-0.0636558458080871	-1.5171492349158069	-1.0351152685862681	-0.926794510340334	1.0302966310576913	-0.3488828221042609	2.022570922903631	1.6397456731654738	0.427861675479282	-1.2371475803709917	-1.0474193302217474	0.7718779286878448	0.08962629284902965	1.2527713984539826	0.02067560463770119	-0.6495755821067601	0.45432371217301937	0.3710213461491122	-0.4167692011366046	2.296079948613625	0.2691832238529515	0.4718726449332923	-0.02465850583481935	-0.9118238902816349	0.19952265768375843	-1.0300239500668977	-0.4439176879525629	-0.28675176307561845	-1.344449712617216	0.2577804344820942	-0.3671173213802396	0.4497885157151194	0.0993267644732689	0.013011102971358027	0.21697281201400637	0.4305790428868513	1.757288673739162	-1.4341374146595895	0.007552195058265053	0.1371694553103805	0.13946365159517135	0.3692937716799865	-0.6793553160341871	-0.25353101606372425	-0.5077399735914337	-0.6308455230348712	-0.7316256313768045	0.45788281846243356	-0.8422712937012087	-0.44073266816842827	-1.0804764198378938	0.7695267247389356	-0.28087174888557215	-0.3050550168229917	-0.13186269321107794	0.6605221752742869	-0.03940076916667065	0.6682448941288062	-0.17894110323010132	-0.2681339304772426	0.22029211442644878	0.23347980440909896	-0.1935249416055136	0.2366978350805081	-1.039851022982395	0.1903101061723353	0.12175027767976819	-0.22780567477557576	-0.0958439990459866	-0.2995650663308504	-0.4514899492257075	0.1521487357310138	0.2478417358769499	-0.3318879183929634	-0.6390870672374414	0.6602983695287906	0.9814954298692992	0.07977622160640842	0.06619277099038381	-0.5225797007149636
DTXSID9057844	14.327086669131752	-2.9728821356741633	2.859900069714069	-5.27651734406225	3.422610169805535	1.9215231388181222	0.3044553655183691	-1.0222156263171642	3.095520140205705	0.05505070713129496	1.4637367888898072	-1.1123158064074588	0.13258665126371136	1.4262656560123852	0.5156517649199924	-0.7325628609626701	0.7091547389912449	2.331029136065184	-0.8658231786404124	-0.22487711969418137	0.05824692820703071	-0.3820809569272118	-1.1190957606109948	-0.20876940731987956	1.6099394464391144	0.35647294502363075	1.3129795115196667	0.9670238227293629	0.5037872777746228	1.1593485342478764	0.5225240689707781	1.459459093320701	1.7140366899022068	-1.5976543555360432	1.0707660351450536	-1.0887600926599448	0.1966110868147125	-2.315062403725858	-0.673558028187139	-0.4418222403261593	-0.15681155035917338	-0.5013593141721259	0.756070222361769	0.8305931292842015	-0.12945658856165282	0.25889507114346344	1.2933295491797103	-0.7380176827500732	-0.4425593122612208	0.5129244994464768	0.12552142078475964	-0.6435458341906886	0.4405640239231068	-2.8023590506592084	1.1506254628073034	-0.9218123593356012	-0.9733046126936676	1.4326032352444151	0.8009531806394423	1.3494075316639895	1.63162095513345	-0.5071541208502428	-1.270299798499011	-0.8049471391115465	-0.33022383846733677	-1.7319615999966294	0.08885778517853121	0.42040192957401584	-0.20474688388684614	1.0463888267986825	-1.0116349514549996	0.40553097835539836	0.6874139175389014	-0.5369888668275027	-0.4393021923253687	-0.058687055661565346	0.37654110785842787	1.0034824167212972	0.10695509903969186	-0.09932657253369799	1.6891744327336589	-0.1070469998011655	-0.7528211165694334	0.5606395447730365	0.702399684613441	-0.356120158399147	0.38667668660910914	-0.6446669371502726	0.49585486008505225	-1.6373741328512	0.015549431043685271	1.7753244977588	-0.6554396507082946	0.16289027402040376	-1.0153397452662487	-0.28031143039523426	1.0181242757760933	-0.23168753616335033	-0.06121345676702468	-0.5220169277679696
DTXSID4048775	4.411437910680297	-2.0939259309275333	-0.32437170214113964	-2.8527125135931897	-0.5718898264401198	1.7408896312618978	-0.008114748631846622	3.2779703810633896	0.4869128723311199	-1.2205291985024287	0.1045335262544323	-0.31254775070250707	-0.3868594169772175	1.2610206564787252	-0.554527094119575	0.42930224715466475	-1.27928900196962	2.2853601023413312	-0.9895774342883275	-1.6727659912516433	0.515592292534403	-1.2054300878811002	-4.278590713929279	0.907097841134117	2.2503663297328274	0.7843160773546413	1.520880325537647	-1.5764066999698316	0.35435139419651307	-1.7142907038546955	1.0446893871895229	0.4156314184542366	-0.976118050406552	-1.6332448337233232	-1.3288679259591356	0.37537728413784077	0.04800479334396848	1.5062039287626479	-2.1484578037229443	0.870055743335737	0.14215624835122226	-0.24083044983775762	-2.6990711456062546	4.144632313405753	-0.8636263853676461	2.4417567758738876	0.4689326345729722	1.6922540885112454	0.6777705541737714	1.8774330572653224	1.6765503543576332	1.0735381482060367	-2.4551686165276774	-0.6759649586746713	-2.047108878964489	2.448762487294451	-0.5542767954531422	0.5117578559256526	1.5283579191383219	0.313077178790199	-0.4629905276836894	0.43114183388754634	-0.17422895085514492	0.16104178609855974	0.16711662423001158	-0.2675002913356855	-0.8580578249812805	-0.1163276574486985	0.44699872992289263	0.29199809452301845	0.16745901426247514	0.5803156403116211	-1.2849697726098948	0.5013427142211444	-0.25302747989631025	0.18132378256381534	-0.18971827346529574	0.2648954474920291	0.23304483843159413	0.6296865710178295	-0.22019562810888785	-0.368509415389187	-0.08322932678845024	-1.7550696909819896	-0.4302897765222471	-0.23206536877275483	-0.21716654354160234	0.05422742235613958	0.13073267773564645	-0.6066782533523754	-0.22454744752279404	0.18606502601320662	-0.40581979495281295	-0.5378665422121086	-0.20342617647045863	-0.39131932148675636	-0.5245186792188496	0.6303980917434958	-0.8192085913381	0.2350911112392288
DTXSID6024624	5.686285273280472	-1.5847012901545283	3.098918161597093	-3.92771626918319	0.5303227527587826	0.20288017869121103	5.104440233138921	0.6845041443072774	1.297916003957013	0.14440621609908105	2.3276074463887797	0.8748049426690835	0.2837304835997854	-0.8746178435878496	-1.1773522730132489	3.829724764133496	-0.996653819557003	-4.847012785172258	3.7249471721983087	5.486159500721564	-5.750122856363837	6.075059433933919	1.720266441078037	-2.089156046561041	-1.068356808589826	0.5191485780227127	-4.458003488103102	-6.154621636007602	2.8074035081472757	1.895149146923894	0.12370784800884531	-2.0771074829840632	-2.798030136443363	3.551188946475381	-1.190048837542143	-5.839048902091438	0.6629356155512828	-8.333430698498635	-8.594105512398851	17.17115482038489	7.200581845570168	7.590828581762801	5.1403096936149435	-4.478331944226045	4.551448657392109	-9.140434175568808	11.432332952249478	2.5000805987078842	11.110073357600536	1.8666787025484104	5.616653869321582	-1.1418852997024986	-7.6347671352529565	-1.5147892138843386	-3.8871090161623365	-1.4757181815112599	0.15883030622668134	-0.2511109133830018	2.7039852744070965	-3.4869619743644042	-2.041276031388361	0.08402527883073779	1.8624593201204518	-0.007950268956563797	4.235595032881102	3.4162312791148377	0.9138114141402226	1.5147888855347802	1.3991549206038283	2.284651988724507	-1.4152196685795955	-3.6075605562318818	0.4866074180579255	-2.288085299178067	0.9613354553078645	-0.20624963635351423	-0.10282351391023022	-1.2352957286753041	1.5106135170735289	0.5272339033607074	0.6399530646493635	-2.575024633448616	0.16327938619230173	-0.16098844665495377	0.08342734376123102	1.1778747947894992	0.10053225751355079	-0.3542281441371789	-2.2959056262099895	0.48402157290573816	-1.1273892907198864	-0.8083739881289006	0.05531190515931481	1.2367386999470453	-0.8506648225412827	0.22659643311512334	-0.8397508117686847	-0.8441793580102761	-0.6625661574249432	-0.06639325031185675
DTXSID5022857	11.65241173459644	9.747849663360808	-0.5717694833712139	5.2015492916279795	-4.123674206919398	-0.9433922125978469	-3.2472460623089434	-0.14022361828227262	0.15679569948454317	-0.2536673227117977	0.26763962990041895	-0.35255290032398384	3.6441343885678936	1.0560046829682836	-1.9870811788027858	0.887050348011573	1.852381152467879	1.3946738151006595	-3.081534549684346	-1.3162922577084815	-0.61691301844942	-0.5047999998297584	-0.6726172323680971	-0.1957064723144559	0.99584227017459	0.038869057118400344	1.1157207849261699	1.7055039519237813	0.32811842067720476	-0.19592405595705845	-0.2160058767825153	-0.20838667793219393	-0.4072088672460291	1.6764696404511332	0.3336973195735084	-0.272176924274173	0.36000743659541296	0.17592736727052272	-1.085798999392664	3.2537067029027518	0.9096695926139763	0.8282045149898807	-0.4034047355773828	-0.611419166849494	-0.08898637855999618	-0.3544279355669282	-0.8029148736426732	-0.6971329968785727	-2.3498083289407887	-1.5430898552189811	-1.5740913802345975	0.9609207144502161	0.7257741116392816	0.19023155910870004	-0.8781330916761565	-0.31006238678769416	1.4250358959346419	-1.166935869109157	-0.390404936242037	0.9131423023517573	-0.9225424113670039	0.8062140527184842	0.8851983808981746	-0.2968656487272375	-0.08795342915139681	0.16936223818902496	-0.4207107478355186	0.610088967551984	0.41395221938517024	-0.7048799146066598	0.01312093590595827	-0.029765146851216173	-0.0055682074332189455	-0.007250701431226333	-0.14724925728257962	0.37453464579372353	-0.25248172851209877	0.07892249621576708	-0.2518179397450312	-0.09256732873142397	-0.13240357234458192	-0.278102918562096	-0.0018001438590607088	-0.24456330495588594	-0.528786227980409	-0.7083689305050569	-1.3044402758240337	0.08421768218114821	-0.20656278691870597	-0.17096631773942517	-0.4871672387913634	-0.1771103075928059	0.49115968905099305	0.7499235301170984	0.2843947020852065	0.5535997361354422	-0.06828288132870881	-0.3298058343008142	0.4103759409876071	0.005223353890992414
DTXSID7021150	-2.959517353093719	0.2781772746337275	-2.3723991816750125	0.4188679189073462	0.2932818101018127	-0.5316914668933792	-1.7995365798171836	-1.9394704554223756	0.8050392480862315	0.0676602575169118	1.2974820026136749	-0.6359830352543853	2.6229082609278964	-1.2059091765258623	-0.07329622733876726	-3.159620553498225	-1.763611164985636	-1.5909354352668643	1.1261574488853165	0.7662957171685715	-1.3620341053121197	1.2267706853683813	-0.40476647779163943	0.6871615222940428	0.44661768705003096	-1.7150922075842805	-0.29811688198001146	1.259246862309432	0.14457953918333877	-1.4897269210289994	-2.3268281216894104	-0.25285318985535277	-1.8874842787601325	-1.3987656148866587	1.9417607462768374	0.3182105364099549	-0.7146650007972218	0.8298256602190794	-0.957086841853111	-0.36967263287893054	0.10881769116982845	-0.20774541103086508	-0.46879959829717527	-0.2032333965791871	-1.1164048589008133	-0.1595771107602128	1.3102634602213257	-0.11699274621699587	-0.13206314106086595	0.817731440375067	-0.8781839628253973	0.13247574301445922	0.1621617605646511	-0.04261410627875121	-0.11087599180681777	0.285320518948098	0.01181815363030964	0.31209986315398314	-1.4069420679596323	-1.0324415137652567	0.2759803363788183	0.757969079671476	0.7363780013608529	0.534655263848288	-0.9284350643180446	1.526006947751353	-1.1028694942749873	-2.628755776444144	-0.7016745234774122	0.21606854253522934	0.016767608452518578	0.6434396673296291	0.08851454243372317	-0.06734065225552328	-1.0570329634629028	0.3137601540491881	0.8569373828221915	-0.8249463953814039	0.705340952792344	0.12175159326682455	-0.12152045069202404	-1.4306944200146092	-2.010856090531592	-0.7256770573078458	-0.02361158795083244	2.071024911801449	-1.0467082935617464	-0.6721455614166983	1.544673108670701	0.8186822047735449	-1.4894224589481289	0.2785348371968201	-0.026430007165726188	0.07613558945194028	0.062284164564611486	0.10148111323918528	-0.7480930883483419	0.19670126538352892	-0.07725622516102416	-0.055088454215453345
DTXSID7057654	2.4280695066843956	0.42656886501312097	-1.2096446745400304	0.7150658238933288	1.5721062580386433	1.3322909043593498	1.3168990034218722	1.0193112312134338	0.5246178262590119	-1.3120458703260092	1.6645336955616612	-0.2999980962768981	0.3724896858217695	-0.23534693350917463	0.23823550772893645	-0.06215707106437483	1.5983872671257962	0.19526182283157154	-0.3184903077333144	-2.281763277595382	-0.14744528648268623	0.011683066163710133	0.17354403170291421	0.6434390620895623	-0.49525552691986374	0.5920900735560974	0.13108139679934075	0.28056918383970647	-1.0696213438699473	0.9972911396514349	0.4212148852142891	-0.5169731555128705	0.8685854569806319	-0.0654405388320362	0.8701298626456295	-0.015661721928416063	-0.13030938560938388	-0.06765514230616881	0.01196300173166877	-0.30526572710089955	0.6205416525953772	-0.604530292553047	-0.6349800832801025	0.7866907997131554	0.24430568277816583	-0.1514931234578714	-0.3093891316407574	-1.0187140694769958	0.7984638122026716	-0.049226726509736037	-0.6475759956558558	-0.9459486222737487	-1.266492821322311	-0.26181697848065766	-0.5436515790431882	-0.6655000697736954	-1.1726430759406252	-0.11582358807943204	0.288483769976769	-0.7212321618996741	-0.3808151703651596	-0.019395910565145738	0.09071205550599919	0.3368221287566486	0.09081824091956141	0.31458177555422717	0.3065073813693655	-0.321001182670434	0.9116152149035892	0.2673597331158061	-0.501862284805875	-0.7822965831302647	0.34260594159665586	0.7919359724156376	-0.29081615113306214	0.30371600370677887	-0.022684829780772697	-0.6441567211840649	-1.1417081880408548	-0.24070623827704182	0.11805175036811298	-0.8268164349694087	-0.2363789212676345	-0.5047306030476637	0.38535045638572357	-0.8111488153362495	-0.538577889049517	-0.18333599690149482	0.3997657857503702	-0.4462663680602369	0.762052558885753	1.1582839698488414	0.9120394303779137	1.0912606143260963	-0.6491230183596874	-0.0030313644383443816	-0.004257498365472473	0.07341072977099555	0.5388180221137632	0.37736467465385265
DTXSID8045193	10.123096185942435	-0.23901654789993929	-0.12123085142979105	-4.916520937853271	-2.8350910091716437	0.9531705897616957	7.505121777369563	4.4026421307752575	0.49307728190907685	-2.065718954559681	-1.7071859664048217	-2.818398628251698	-1.35435203149378	-1.5152036725986489	-1.2399851260138293	1.7505899059655898	-2.5370953329567048	-3.1224322166987313	1.6352451328748403	0.8830527416646717	-4.479128967371815	1.9835185864110711	-0.5689940397297973	0.6394396542589053	2.408118713860486	1.0187787709602927	0.5611462536642807	1.132367047923955	-1.7187066436082041	-3.1161747204357884	-0.8023199014747175	3.1508925905376004	1.8073373297804727	0.7506661688947185	-2.3248398471556415	0.7573328306618031	-0.11788525266323653	0.28899760609470376	-2.8522720417006453	0.29756226122478113	-1.1848383390653503	-0.6028292463945218	-0.024963618340829954	0.7542461737455911	1.7575530904345353	3.247398079344647	0.6070896980841349	-1.6952637038091631	-0.6149572860932095	-1.6282644850656989	-0.7848481483828271	0.8023678633857603	2.205124713031774	-0.5629902006354498	0.7457838339883486	0.5951904826789082	0.13011948935467788	-1.1279137716327297	0.6532970209842156	2.0659598817563514	0.9675510492187319	-0.7843135097055121	-2.076698055980627	-0.03685796641730878	0.6953921400801986	-1.1824446797324975	-0.3109615247695052	-0.43355842743522194	0.4052956678144766	0.7458047689463174	1.161997357601112	-1.107710759133263	0.40794182526685946	0.7312573111609603	-0.36798828722356247	1.4322710103596292	-0.12944362374329124	-1.0359899423154495	2.4584799940277153	-0.11773411389889091	-0.022287801550523328	0.9411802748799006	0.6902318144965021	0.267963816307248	0.24163326785423495	0.5743421239302259	0.9600903690036886	0.30528447316342494	0.5427476968999702	-0.753458202615481	-0.22407988743521767	-0.025742915774965756	0.04081402795480388	-0.16956751644899457	-0.34150046589327304	-0.16552893386280723	1.546626549105714	-0.0168895630984583	-1.4212263218081485	-0.1625949243183274
DTXSID7047643	-5.294771260831118	5.88417668538385	-1.1846772385285262	1.0054227326972227	0.17884552836321238	-0.8876071910075847	0.14672467581302698	-0.15125288815037227	-0.32384404374317005	-0.39878446244222465	-1.0159756922631826	1.1793557763537124	0.18289129168686113	-0.264060749024787	-0.47411085799910624	0.3615541429091045	0.6647284072850481	0.03697936887050318	0.2869691844680512	-0.043721043701455034	-0.2762130104909479	0.6081737350198876	0.462194242392405	0.18557896979488506	-0.8364338478884513	-0.060575226639667044	-1.2344325095345814	-0.5443238164319782	-0.4664875146722631	-0.18898658686960068	0.5801879294355241	-0.4517222645889002	-0.4722268943399468	-0.5512312487534711	0.15105950599590637	0.5208955904910919	0.06973430447473125	0.29175782052839394	0.24229120771648704	-0.4799268271194585	0.30492480374772896	-0.4385267274293813	-0.5017201132694373	0.09562725822051454	0.12336498985276356	-0.38299483386217786	-0.8075838260888799	0.49568775744496757	0.41224682438507	0.046573680415543765	-0.3408285230371641	-0.3242007634246362	-0.2831302128642043	0.12031120702295853	-0.16071436797670083	-0.17186166743424214	-0.4848753508340841	0.10447430187649784	-0.30818251935049645	0.21832119823370846	-0.8518514755521638	-0.10361777373303953	-0.25010805489057353	0.24541492083299904	0.6876939671921596	0.6503005570377564	0.4296419954125178	0.02515183420720297	-0.06317788085418626	1.374670939577271	-0.4765037744144685	-0.25348017586428384	0.34957606699637916	-0.3858229918245807	-0.52881430299086	0.041867848625711045	0.3542273431064036	-0.44212016995232223	-0.28479073187043846	-0.24391710548104797	0.38145621527772383	-0.4903144686364275	1.35979036586321	-0.4853556828010118	-0.04134459315719999	-0.5248041442949786	0.08652593307997145	-0.08744661572603055	-0.16464636443097827	0.22066735728508896	0.30589604573093226	0.7829625558107328	-0.17930961846866142	-0.2544191279019908	0.29648966700292523	0.6665072248599495	-0.2538309023298154	0.10565491667652688	-0.09630492217139565	-0.130700640456552
DTXSID4047177	-5.501409209496913	0.3166687005767077	4.505791432676282	-1.873401553106995	0.7519632302804627	1.228396665475214	0.05844725306394283	-1.339607112101409	-0.3573791979483949	0.28517338118014324	-1.6423925193220985	0.5051928299268019	2.32581841237324	-1.0572579121066157	0.21747336113666688	-0.7278045265492821	-0.6312122431335652	0.01102439440899872	-0.5227785956115212	0.8100165088405028	-0.1578697941807657	-0.44295858114543946	0.6230041099018102	-0.9726922245808116	-0.2261386262410495	0.03865016500695416	0.36993922283151687	-0.5401884625467577	-0.10524680960288472	-0.34679535896746744	0.6405444918130124	-0.4603164030399775	-0.19004414856786486	0.24319472921372398	-0.22827835528316326	0.5679421286039329	-0.23460164640074696	-0.20472951956686244	0.011374385638128664	-0.2636897081707797	0.08202793210804867	-0.17884582905422713	-0.2546331761788544	0.24492379627424177	0.35394916847443003	0.07761898566885832	-0.012616109053198389	-0.062015843833203216	0.3479810191460555	-0.13368747851005564	0.007233259889060446	0.7171747078480418	-0.27371274707055077	-0.3462504233860511	0.08040566151838384	-0.3278015084020539	-0.06223535595533817	0.3840699897962481	-0.2001884388152958	-0.19504553581970577	0.015905242645234196	0.19353295751356836	0.0355391034141132	0.2696224774399553	-0.08322938063900756	0.1459065456375927	0.34657228578014027	-0.11061694776583274	0.2299884582481675	-0.5420100341861782	0.11279027064751378	-0.1594191319521496	-0.3162646893269887	0.534431525341286	-0.04942794260933347	0.35325461810056313	-0.3032209257361735	-0.16650840425656577	0.0445836633033591	0.07737064024067275	-0.4080782407978987	-0.6141698088654454	0.1912773672002833	0.12701584242901456	0.0019520192529786015	0.18630069953634718	0.03197101450927775	0.453352478061469	0.6179881312406096	1.0163406099717658	0.29008316177112325	-0.47443541440357007	-0.40679286502053474	0.7074951870525799	-0.025845263126710843	0.5386366192426976	-0.2535413783131643	0.05444491064859269	0.36722639197870893	0.13029223435553025
DTXSID0046147	1.7370210901819572	3.1278410818521216	-4.288854819579467	2.658173934777414	0.37121151093501537	1.522168038539623	7.111998968635793	3.1010993131364883	-2.4127556724403707	2.9529417021990345	-1.583894988524956	2.1665188847975685	0.8582344550452199	-1.206409460173588	0.9814787869210695	-0.7867847101144595	-1.252855500712309	0.6289020211899474	2.859708195344248	0.47331714385700535	1.0762351862357942	-1.4919747942361086	-0.48319592988358956	-0.6726685689829303	-0.6895266465390325	-0.16049332707953012	-0.18568144735867909	0.9893203597038237	-0.7774323554707827	0.45023158169773314	-0.17039008105377684	0.6951865647108807	-0.327249457359893	1.7147827690470927	0.11907057542441157	0.5557373924850758	0.1552728847564636	0.9165906994894957	-0.2326210361325274	0.7468994258833226	-0.29104274728883506	0.2716510651532368	-0.8574128028214018	-0.6967671766089155	0.1655784047391191	-0.5197000750674697	-0.3500943330507783	-0.9701271409751531	-0.32741351783494427	0.6082058147857893	-0.4397456707532387	-1.245924716456276	-1.4031639651660528	0.5375491130732306	-0.03611444171939069	0.3316946521774708	-0.398977162637117	-0.19680694799211235	-1.326028814446068	-1.4688167032821153	0.10056851933794342	-1.1550744504712789	-0.5903841393698475	-0.5540638670257909	-0.5812047094105265	-2.928458684727616	1.3972572484764048	-1.1512601444704262	-0.6351574662629892	0.36684095240299525	-0.16781019021735083	-0.7889995975544559	-1.7955602054745667	-0.7508421856564316	1.458607059882634	-0.47035546084105556	-2.5850772389488372	0.49409923098931113	0.003489487455202789	-0.8469293603516331	2.9612678899903018	-2.529374318454136	1.527860762282339	-3.7311899721156045	-2.181531274503644	1.1010607221362978	-0.5970807693242425	-1.1030665352613738	0.07711885564279419	-0.6456502302866912	1.6472629766920348	-1.6316399086237408	0.9377849702420465	0.29342342474919714	-0.004114700514666921	3.0211439228657473	-0.9668272386815896	-0.2540630167826662	0.6673240679210833	2.4984432538330035
DTXSID1034214	10.866621033779087	10.187008091830698	3.604184744639964	-2.1974149326989876	1.55407253527576	-0.692235438831277	-2.554168298759281	1.734616907862977	-0.0163978268521925	-0.5427172380224585	-1.51620831080858	0.6728338671894919	-0.8017750588402618	0.020322902930953683	0.9846856038315044	0.10438470326873704	0.4739813016803406	0.8636741772652428	-0.1546471764860532	-0.5410091135696478	0.5846153738342746	0.8104265117003109	0.19788557935591877	1.6165957638321302	-3.1731143082057645	1.332835430787254	-0.9360376509015536	-0.25322585756101446	0.3626369830108173	2.9658389908673195	0.8976852916794	-0.4331977684350726	0.7479229248923128	-1.434598354909023	1.0237949670385824	-0.19123032207921067	-0.7789371294116394	-1.2625642253312157	0.9118309757562517	-1.6312512821233571	0.09039988851335135	-0.779537246947791	0.018304839785501025	0.5646123001947231	0.023616682309963742	-0.023756303779840223	-0.3577920295381817	1.327811823004129	1.0743068733855845	0.7276776302174848	-0.3384599530484759	-1.1967999527840232	-1.0748771676672122	-1.9993121976795438	0.6958614599216203	-1.563407959300202	-1.1558199008582426	0.6482175526303248	1.1517690559732865	1.3360767297564948	0.4816932634773976	-1.2431404788391955	-1.0561284963753261	-0.4838151822298922	-0.12564690954091226	0.9179966611167211	-0.11482013031881062	0.004735416612902744	-0.5746611258789853	1.4192813166934664	-1.399775950945278	0.5277881878364238	0.4450949797652726	1.0203090581764829	-0.35585629920180295	-0.18096852785818984	-0.002656748018744588	0.996101864609024	0.6156084692874978	-0.3077020784462822	-1.6662669271844688	-2.2524141209334267	-0.2680501349729371	0.378381928121956	-0.37780065118241224	-0.7533696931592715	-0.112714621306784	-0.5095418058009422	0.64321274848959	0.35267528934981485	1.4722444598596858	-0.15554252687367512	0.004739796952284754	-0.40172257570775033	-0.0184132053715499	0.4049842307398555	-0.07717831051765087	-0.04540359090282738	0.1027964471143488	0.09569890051567564
DTXSID5045461	6.33707295258053	-0.8791613153071322	-3.1193392614817417	2.9322614328035375	1.2859907787853335	1.231401944988097	-0.4656328839949538	1.044224699841259	0.012721793034015244	-1.6823906045277872	1.8411606479888312	-0.08170388081973481	1.2443026676552795	0.11416446219280313	-0.4426546843147529	1.3221778942837439	1.5399672835424778	2.338026553034854	-2.1574923724849318	-2.411437591121896	-0.6148436298525624	-0.9215123761085635	-1.8184374420694795	1.0545332107000418	0.13887367129338754	0.562290408828295	0.4658788196014762	0.6058422917669709	-0.2531840492536465	1.4823779603757012	1.124851697929744	-1.0571774250607315	0.4723206297383504	0.21858176988317896	0.07895085236902037	0.36282738063232656	1.2411176799739119	-0.707383766756145	0.457534071595969	0.6428921896823413	0.5155627270395591	-0.22538374062530023	-0.3766776053773027	-0.018184183964267086	-0.41712687099357854	-0.3744063828241637	0.9466412602298756	-0.7629373187859644	-0.5288874690089492	-1.7093144541669547	-1.0266600605687473	0.5264587418124539	-0.8221919683572381	-0.006769029335566525	-2.4654685286923868	-0.20527809001194752	-1.0798322085121597	-1.3042406391399513	0.211818580348507	-0.15228532196829725	-0.9056118269677098	1.0074603502407309	0.9449952801534696	-0.5994973026824019	1.2922212977876382	-0.11926370490231596	0.0147708789459077	-0.6844505407270335	1.1985846893352317	1.0519364396131576	0.01598886694037324	-0.18464654767331012	-0.029315190483092477	-0.47554196255668296	0.599818135137164	0.390176472849483	0.39468542296039166	-0.08164557133199989	-0.8784401848674577	-0.6329048743811434	0.4041844715854339	-0.7574484271498623	0.007703684198608301	-0.7972525531548915	-0.6062535168189709	-1.7412680876803412	-0.7224512344692469	0.1949296198034485	0.09340839100181852	-0.07760583810752808	0.7981754009104786	0.3516164027414488	0.43020953368536674	0.194237805934492	-0.403920946022598	-0.4707580853171595	-0.10375657228020471	0.4263747034276518	0.9590429639910947	0.14924911377952782
DTXSID4045765	-1.7743963918964822	-1.549353880835942	-4.618000921110743	5.775103088727991	1.7791446733832272	0.059549148311418346	-3.291241718962339	1.1537368623858928	-0.7019043739610742	-3.997125111624831	-1.9414023682814359	0.18265385039938684	-1.2002605475524712	5.46077063152628	-0.3679612520409938	-0.35352984249450253	-1.5936776676328548	-1.2225706180804545	2.5962823783332767	1.94941850522245	-0.752970210759573	-0.06747316030595697	-0.9933848795449275	0.3158894252911173	0.2822442358625811	-0.3089268414358288	-0.6128055182427415	-2.3352442545533334	-0.01208559664046339	-0.23207586833265112	1.2340138160742153	0.3446457329000165	-0.7523586849140282	-0.43239899027021617	-0.7697328072261436	1.6027668784224738	0.90315492456902	0.9681164980874587	0.18195903587301474	0.01787345261741291	-0.14807266013111012	0.044326225215520945	-0.39122770545433666	0.6142761565261962	-0.002694415147971015	-1.019066256819065	0.363462944829618	0.09540059181313167	-0.6193099027101986	0.73331885260388	-0.5201700658746439	-0.37195438378339396	1.1881800813615884	0.0916569772635715	-0.23333609164694183	0.47479669647102857	0.110005772405128	-1.1333600904606047	0.1006645005753201	-0.4149391624326502	-0.9100951488714912	0.6202032695852079	-0.1566918613583656	1.043961960620564	-0.058674609297403466	0.15995171208735431	0.15675554917129436	0.11222082540506015	-0.3658922661675623	0.39419789085782486	-1.2232738861306862	-1.6794239236627662	0.49963582385631655	-0.18694278492856078	-0.3487125824647681	0.7539135495119255	-0.20332397535185578	-0.5652807043270103	-0.15418202024672392	0.2694712355596783	-0.9816268438278973	1.063336854925868	0.26027873386278644	-0.45326779818536383	-1.1520448058333868	-2.0428173216558476	-0.4747842319223105	2.3606969588871847	-0.49254094098187057	-0.6895384113800663	0.2552181665151726	0.019811436835509948	0.09736427430651258	0.21769816429164693	0.024075302514868845	1.081610215602738	-0.7669000468447443	0.6003539864044427	-1.4618002570239546	0.2797595285337778
DTXSID7020922	-2.8532113617411405	-2.3354155540987027	1.0697582743298495	1.762789079666079	-1.4962559572255605	1.1702730270657968	-1.4375014466355858	1.1690692165673926	1.024829800122649	0.3553868697617554	-1.3572827475668308	0.8085310065156557	0.04692751930113648	-0.42663078836699375	-0.9986649222278215	-0.40700977382168485	-1.6412257577938774	0.1789941381167416	0.2691999554698717	0.5491324150333005	-0.2493780812819209	0.7742435121636102	0.41513684139654344	-0.84688835266368	1.032999610890858	-0.7431594345737806	-0.2910834287490311	0.4110111906619134	0.43505175069153224	1.0425484653121728	-0.15591178288102325	-0.5946381134193757	0.4080287219450765	-0.2695127156324101	0.1689613866028419	0.05557464019463504	1.7054044230238385	0.5052941373312272	-0.08092835264515483	0.14782131901772005	0.09330482811341954	-0.6317513260518516	0.07215228039420898	-0.10328972238871673	-0.18653307350188006	-0.35508278049957165	-0.06565234772264637	-0.09653023936043234	1.0956365842571374	-0.17310478109131122	-1.055489154050989	-1.011263566305168	2.107567774182422	-0.542180931991973	-0.0630944460306911	-0.04520666082941183	-0.3518851695611146	0.3977985286502496	-0.4566175288739601	0.24918472921457135	-0.40887007499809885	0.3969524716759489	-0.1785038141427002	0.18486113173014068	-1.1546595411904925	-1.2080871986114763	0.6455581139704953	1.4111100343052292	0.16489806866817394	0.9178122597706411	-0.0770692634206507	-0.4469894253763635	-0.05023654302678824	0.39852597340178847	-1.0452360442499578	0.43178957780344907	1.000152791369124	-0.10789761920563652	1.0042986509804999	0.11533489642360599	0.2868122324385026	-0.0822820148414696	-1.0150301608480063	-0.004815740889173419	-0.08171607324931184	-0.5087690001253592	0.09496363247132256	0.8108775294149712	-0.9957999806700802	0.6717943583541242	-0.08682295441412073	-0.3948329227135285	0.525287068742344	0.17321653874542423	1.1168731669872114	-0.6583295886499945	-1.4044844217531889	0.6300450139847433	-0.7276994715673215	0.5205844386331036
DTXSID6049270	0.5589153115279827	-1.5875564687170152	0.18833252948163995	-2.2128250032533545	-0.6795614018679574	-1.6744197011186601	1.3036842717337807	0.494652772024224	2.523981485300824	-3.5140466283743175	-0.4047906391144436	0.8664473536201207	1.7918507527584775	-2.4545035635420254	-1.7279430956414097	-1.0836157392952876	-1.443255293638841	0.6719316724614336	0.1439432657198237	2.486600064557899	-0.6802195989367257	2.016078544652327	-0.9076182836845788	-0.09359729974162302	0.06919620402850057	-0.43319546602405884	-1.3030638287049854	-2.2196358590453427	1.57810671033537	0.4488489677684032	-0.9080803703175508	2.480979586932518	0.5634655380544755	4.454483800955408	1.5520799065649247	-2.1910268286213594	-4.767396950669404	6.213282073007047	-0.8855938192068463	-3.3832822436476553	-4.899789455704331	4.377785334610251	5.452101706162595	9.017298905276823	-0.5258542310122377	-4.49618908314515	-1.9885835588683274	-3.659369653436478	1.2209664717975448	-0.7899840975367186	-1.5946359912714698	1.9564979809868217	-0.5396783420922474	-0.28842777488499827	-2.7823277753700038	-0.7804552810514381	-1.1640937162611538	-0.33770740326589826	1.0058480384070916	1.5014754122490945	-0.017733266982222332	0.12257555462347901	0.010571835251090591	-1.2891717009764279	0.4436596896632111	1.3490076115121357	-0.5785073116021445	1.6411357243940117	0.2533438057098336	1.244212330945212	-0.43572467203003884	0.4387607595939632	-1.931643704922396	-1.3671152205008887	0.4428180204913016	0.42646292671590524	-0.6188730324291059	-0.6705589029109787	0.8415143863441371	0.687236497687492	-0.23537380372246888	1.341900792216422	0.2847143233016458	-0.4593883193297759	-1.4087640659528498	-0.25629245953905455	-1.0275290734342806	-0.2575932223393833	-0.7992803324520013	-0.45181057946039976	-1.5992348796084208	-0.6755894852206423	0.21847527794742092	-1.3746754943710813	1.3868058330011837	0.876280849637887	0.21962547039294666	1.5353538253497512	-0.9553086109154041	-0.048572298034920865
DTXSID0041274	-3.0907610012071522	-0.9291223349457874	-1.6651779105524598	1.6098772633881555	-3.424658187278633	4.87781362812913	2.298981765857871	-2.7582996120284218	-0.8335599357863521	-0.16643109171877316	-0.4994860811818876	-1.496414423440199	1.259211164426519	-1.0917642267676961	-0.9164546891206388	1.2010695222525403	-0.28546572447090546	0.8243610016924551	-0.2306517450812122	0.406851172810944	0.3943319762230299	-1.2609246705264843	0.3231731025453759	-2.027887854345392	0.7550627045135482	-2.0486225978140835	-0.5010279854158596	-0.2906716765863477	1.4095078502152607	0.06190483478390872	0.7226218037915157	-1.1300378864553078	-1.6088317620353731	-0.25631957261261906	0.5985906573992076	-0.017638627579329488	0.03998341048079876	1.0022544654364758	-1.502113774650267	-0.638229729008837	0.9263612551655863	1.5823651936184622	0.4282252781397319	0.04041166427671483	-0.023137532157825363	0.3656264418735765	-0.20667125671365857	1.1188002410481555	0.07706627494441992	-0.08878439344186606	0.013424626187984939	-1.0782977758630028	0.9846955104597909	0.11467083216710716	1.1202522210188899	1.1897991651249102	-0.627695217764932	1.2887989763752234	0.5869759707273027	1.811616279599116	0.2855136262512953	-0.1350242774002529	-0.627392803747213	0.44031737220161343	-0.4363703776101108	-0.23322472835211314	0.051402941720056126	0.36560831839830976	0.02686591910791246	0.4352308171405029	0.035347096885592635	-0.3108306230664641	1.062803491581629	1.1891835013779368	-0.4495694375976049	0.3646401932297209	0.7299411893353628	0.03670780364136359	0.7749662831947649	-0.41180793087939177	0.15674331736640162	0.437861856580116	-0.1256438076826141	-0.3364549928545142	0.11350379048736306	-0.35986064382544003	-0.10696320940142401	-0.027447158233137675	0.7219300517527353	0.49923721235682605	0.11598888686820309	-0.4780161777572882	-0.3339116127150253	-0.24576076199087035	-0.413332727103111	0.06923985857349832	0.07183961194671283	-0.38604919081877337	0.08609461011499464	0.6937668077559068
DTXSID2023727	22.424107413773193	-7.272745133653491	6.515015899377088	2.9256456044126122	5.811109091150234	-0.23628911011521425	8.532765459753842	4.132438101800393	-0.8673124950683455	7.737957677254393	4.292654648537757	2.6202473639240362	-1.051632676263172	-0.13194655185408963	3.729355021702026	-0.7950958197453932	2.3987080154019838	-7.324132252459768	2.661862746703024	-2.0859447636192496	0.20717295200192715	-2.021289594516005	3.5716079351146095	-0.15645826109748343	0.7686760432225638	0.5554550057228528	7.196090200214851	-5.861824424198586	1.4577072661944548	2.4718566888852136	-1.6909793096579528	1.9163796992962157	-0.7533629452461881	-1.5517399473913815	-2.682482454767785	-0.9104772831863868	0.6853815610880664	-0.9501940024888256	2.5821824355731486	-0.8707161339279111	0.44735912113255577	4.627055485166569	2.41626170515177	1.8883107856324446	-0.12568946209639162	1.5132034192666335	1.3962431318410387	2.1427250854849933	-1.1763971385745198	-6.826510951228231	2.495930398107068	-2.2441961282498784	-1.5383515628578932	5.403529759563833	-0.870862220984297	3.6485084431567913	4.44315670912644	0.42237025850948035	2.8183200202520107	-2.59277655661246	0.9179701934924955	0.7139636785390876	-0.2378776691850766	0.13110951721139072	-2.16107221019934	1.796784733929387	0.03788808160533304	-4.134248138244392	0.18297256636752654	-1.485419675010669	-0.9708677988155744	3.429295433806119	1.193201391653162	-0.3203394897868975	-4.2263329277758634	2.5718605424424523	1.5421384598626984	-3.258844188082957	-0.444980948555828	1.8575151593342647	-0.11052299081022238	4.109045695940681	3.904817442685485	3.532864321662807	2.365315180109461	-3.0118295395934993	-1.5428238664837697	-1.2563426631973147	1.756821602368857	1.5879608179910656	2.1197824917521597	4.761452958479181	-0.7102191184408015	2.5528801804042582	2.6048252928834845	-4.823869499001388	4.497583242603937	2.128551528875584	-5.193022506050229	-3.6765170366982836
DTXSID4027076	8.646469177082	0.9246386107646895	-5.984282535505184	1.5232495641921362	10.58853184950058	-1.8167051052431127	-0.7412762388039875	1.4779331274331515	0.6339397977170672	-1.9444205476961076	-3.3427719022398983	2.8641855097063966	-1.553237464629011	-1.9298866748467562	-1.776101219290812	3.8480351212346364	2.2376286256782936	0.7683717191483866	-1.861575502677145	-2.2199295912156574	-0.34184971022191185	2.6743982425469386	0.37641156761018546	0.9679944076980428	0.7996887318214596	0.3564351301469602	-3.246442999925055	0.5640935917685216	-0.4617529590960715	1.293025089860716	1.7967292014339498	-1.87530556340801	2.5967493518297147	0.43327949134795257	0.9386254317235404	0.7325503324824237	-0.2658716481743902	1.3576344852183466	-0.8415199028247939	-1.050395265353199	1.050462397359385	-1.567744467918503	-1.2261768898518348	-0.3351227896415641	-0.25601976899925194	0.806944823827337	-1.037914142349246	1.150463357289563	1.5101622238957304	-0.16857797117053713	-1.4558438737387365	-1.5400940831692826	0.3694453759668025	-1.3162388268977252	-1.7759034298871292	-1.2001081948669552	-1.159358849546914	0.4836628634358357	1.9173222816053233	0.9948610465246865	0.7010542216850694	-0.3343091932627533	1.0580023778561685	-2.3296610969954346	2.298781247908038	0.35097619813659375	1.5463160366906863	0.8456624476510984	0.7773934162172963	0.78725566749519	-1.7772131957383475	-1.2579425947142515	-0.13409977124561873	0.855490453771725	-1.3624945483791773	0.8852483754054383	0.5215289511808451	-1.1137999677260855	-1.4770776011951285	0.1201335337606517	-0.5520512030900872	-0.9621784386196205	-1.263511757488235	0.10116687230170558	-0.6863865997493906	-0.542774662695094	-1.573451893115356	-0.6356675386745134	1.767191712269699	0.5645504251306405	1.064403373835338	0.7169228573045582	1.5518793463842762	0.18583493634225104	1.095600718664216	-0.47543784386173915	-2.0998150264078013	0.31862986935627	-0.13047799489248527	1.3413043244785312
DTXSID7043952	1.7124057706289038	-5.124143319989004	0.6128146349213761	-5.7678901062620165	-2.797881541694376	-4.768199588104176	-0.0546278293926692	1.8561508547659409	-2.049215490217433	0.006857106262406591	-1.2801901961212696	-0.9482638187710862	1.3964126865274344	0.45207947930312586	2.481741367010104	-0.6645823059833179	1.699814693284787	5.109076190900329	2.87330526514551	-0.4565900217508319	-4.954218760531612	-5.164786428394634	5.591650880858448	4.0626773882155796	6.44618067904241	0.5172358387456444	-2.8820951858810555	0.24773988468521785	1.0249905603736325	3.149464194838941	-1.3305870906165924	0.9484560167080465	1.2836088292510832	4.072283586673035	1.9442853960796656	-2.909313951566774	-4.392869514662404	5.072543617837256	2.9138338782491884	-3.9140228895739524	-3.6046847633425405	5.582871371969464	6.404356022375571	6.678180834273658	-1.469874012377952	-7.174652800930888	-1.8678511122336268	-2.2524580263156135	2.9293270746258186	-1.5324375941840491	-1.8405609807400474	2.222811007588414	-0.6455783590575824	-0.269714314480958	-2.513764829144851	-1.2898084095417015	2.070671426526787	-0.06095028791974	0.5890655022101201	2.393501353623534	-0.48538490163205067	-0.09886264549082566	0.08076240611309014	-2.3586563921806536	0.8743737234891157	2.5216543577098247	0.1494356144120035	1.8801400700723676	-1.5239397416820504	-0.0876875801129209	-1.3488895390589295	-1.1473584127938106	-2.465472414988022	-1.5411363430648124	1.127620206241761	-0.2341535520790334	-0.6370853632794417	-0.032608354192827205	0.9952874002131163	-0.35168183418951154	0.675134789811635	0.6374488046047122	-0.17445426127124078	0.17368826541130764	-1.832244394348806	0.9393877159428757	-0.5011056463374538	-0.4500797556803073	-1.7518064436641125	0.08083443750194538	-0.6417640008210246	0.3440741205435452	0.9913722609343775	-2.025414742707664	0.4459718182309595	-1.2198063135233193	1.2833385252873586	0.3414116307326043	-0.519746112278474	-0.8569721481435574
DTXSID4021973	-5.675961052070479	-1.2816843533781208	-2.067889847471813	3.339178737565313	-2.615795241730799	1.2710908352745864	-0.8415003303857265	1.5918972740853399	6.080659111540083	3.274884980124166	-4.662347296987313	-2.715536794790765	-1.2427951671349526	1.0026315687316372	1.2797783480647935	0.897396981495904	1.0872853363481594	1.1166376018792652	-0.3677706646934355	1.6117605373428807	-0.33175193409224324	1.0424876134652996	0.09895541907039473	0.597065841133303	-0.6386070284352959	0.8119764847995392	0.057653801365028255	0.04842360586439998	-0.1694878024210178	0.47325659654389085	-0.21053886226250712	-0.0299291363376139	-0.2536716409476347	-0.10048696050381657	-0.2405170398732684	-0.011237628253374241	0.10262969649577333	-0.20083446437636998	0.5452997725291392	-0.6064267252708896	-0.04881722673082095	-0.4596699763456864	0.2572147850332543	-0.08607117845825772	0.03372449660452056	-0.117474283581906	0.41813885559965824	0.5646740499012076	0.29837362780587445	-0.017989309896416374	-0.34882710043425913	-0.0713889657327797	-0.005470447851756961	0.3714955913104581	-0.11642640272763428	0.2152902313880527	0.38733467477086575	-0.37544235469979487	0.3012533760559223	0.12291585111384337	0.12427206219612069	0.0022642163866067127	0.23016084261191969	-0.3754988096530273	-0.37360692399535494	-0.05986031356741981	-0.6219065957236076	-0.09221512133450886	-0.2694883779900886	-0.19829483750553248	0.1982077142524496	-0.2216992848252105	-0.4726220623592793	-0.015208918891749525	0.07123764402674086	-0.12342166254634417	-0.17499764284185113	0.009283369911585952	-0.0209262146173677	-0.11653640655591965	-0.02511972216931761	-0.0687312666455831	-0.08270058310733253	0.02798676050602175	-0.049203793629618	-0.18906675780261328	0.11531102600907663	-0.2029690456776775	0.10746860968517254	-0.09904014712948903	0.044775182349109134	-0.0918209461297521	-0.20302097876430042	0.010873371556750775	0.04225554567017814	-0.007840330223980915	-0.06516561755759061	0.033065249394476304	0.0170417895229713	0.023797438012497313
DTXSID0045836	-2.165257656586152	-2.621631621434666	-3.9794838046575136	7.584265234555804	-3.844966523768742	2.8406039640495067	-0.28067354267522027	-0.0551948748311382	11.361948149836321	3.002329108765602	-9.03775367973702	-5.476545420269326	-2.559190993912732	-0.4658892319197812	2.894337476382883	2.293362360559357	1.7933854470165556	1.4765775110175168	-4.957785748299442	1.3273483977389564	-0.5763556770787457	0.3664931570151725	0.9060797051826618	0.022978922061805476	-2.6302474320333147	0.27226609550794006	-0.10744758759867218	-0.6317148437850333	-1.697606592610077	-0.37838660831163934	-0.22605730200934335	-0.48356603232461454	0.6639686356627066	1.150416743539701	0.8769065760267827	-2.0786871226635024	2.107822860419951	0.9884543627434782	-0.7439794094586538	-2.403174940405045	-0.1610788044350275	1.1309386038850187	-0.7108837074829173	-0.0858381426893996	-1.532608730592207	-0.05600908820807773	2.9771231347650327	0.37943001333081233	-0.1966525515520184	1.1575805150220018	0.7757892130914217	2.4984103952002368	-2.509805217618137	-1.9970139001207434	1.927172846409912	1.824791103366901	2.704023947685086	-0.28855773664598433	-0.35994703984957815	-1.8935781844037465	2.057922506711516	-3.0725439471401548	-2.0781408515674475	0.6186690001666179	0.0024870032072814314	1.2883011124551553	-0.1839747076755422	-0.382345498732166	0.44097371491346626	-2.117496833481925	0.47371366938724124	-0.23001287418793953	-1.133668072079459	0.292114847282584	0.5361849826903827	0.8140010888484654	-0.8419226001726297	-0.789606073769738	1.2143815140843732	0.24797038040059685	0.36821522774140325	0.7336691509427521	0.1023108514946325	-0.20009120878437153	0.015317600272902345	0.3105211311017459	-0.09517089248708627	0.15606584639682905	-0.234449092308216	-0.9889267788990737	-0.31881785007038654	-0.3129711980369717	0.04830331943179614	-0.06995058020997041	-0.09689431355543703	0.07537879191468246	0.005849660817343027	0.36728665707418745	-0.2357920294538409	0.149571686461157
DTXSID2027175	-4.770031087610283	3.416749348604967	0.6806847512365617	0.7449821254723162	-1.716329587634975	1.0461057864768986	0.13487121027860566	-1.338646649675697	0.4970942990731738	-0.02775625367122016	-0.11486002895390539	0.09951806313816151	2.644118929968806	0.33309494515325727	-0.7810248921055861	-0.7333723878197675	-0.28958162041274954	0.9208589032289751	-0.3880408407241138	-0.5273434958693977	-0.637746173551272	0.26903025677381337	-0.5315096200958271	-0.37315161675070596	1.1556126772602302	0.535390484206575	0.6936144105476065	0.7129222142077989	-0.12128840899385836	-0.3598141488444158	-0.06554232932187665	0.2001735217903298	0.21076798508413153	0.9042753245324608	-0.23985677613518974	0.13216951037755353	-0.19133273983397875	1.1092014671028136	-1.008222569043798	1.7063808152588011	0.09874907756742209	0.43860859237374394	-0.4553798800480194	-0.36858401064905616	0.07118934791284338	0.2786386816274194	-0.053477040408944534	-0.5916364179336706	-1.08182371552316	-1.7533580919030758	-0.3492667241633182	0.33164982059257503	0.09874204030166221	0.5152144085315709	-0.27511290239722586	0.3194215887665154	1.269848121097117	-0.32683136858152134	-0.26646484082936667	0.19719150758970208	0.5783758933460911	1.0207802444374514	0.830428561859935	0.32219732163158554	-0.2076956908685111	-0.2007465739627418	-0.1304764452753501	-0.13029749176224806	0.2171774330125007	-0.09389119576973677	0.5118237981789936	-0.4267215725911819	0.026215752672716017	-0.43823526489196446	0.4535903857809809	0.14584255516382671	0.16698802127846354	-0.40566492774894536	0.11356106272728715	-0.06747863410399042	0.6171429194230855	-0.19317924677282294	0.23059056409298376	-0.3736092410668768	0.9058880036867538	-0.18161575968122	0.16705212933638222	0.3502064029078379	0.7354799930801282	-0.20707678357098994	0.2350122731602493	0.1732687502547344	-0.5021853027770651	-0.0577811779539597	-0.021648133010105288	-0.1124740740564722	0.13482297397056095	0.4747134895641198	0.3258031216009497	0.07114132000515641
DTXSID8024991	-10.220922926288878	1.4682742080978697	-2.103236570700474	-0.13204334439333812	-0.06897390353881482	-0.5173890863508259	-0.8645294746900293	-0.9135742447357124	-1.7415768781489454	1.9995860569657973	-1.286173453415869	0.556837158678725	1.0154400967084254	0.6297633517594136	-0.4513110718020234	0.08272693135339812	-0.14302374842491886	0.1839787158703796	0.314414802652469	0.745692107434019	-0.014751834722740057	-0.05364292279295946	-0.11850382316316865	-0.49696171138618433	-0.051403234455352644	-0.012960913006489444	-0.06582581248034483	-0.29268417480064757	-0.2709006813880344	-0.5064785575921181	0.801586778188995	0.5393250954434136	-0.30454924913813647	0.5475864728482833	0.015375475555989927	0.3321727347747864	-0.3045917050652286	0.19220011378063423	-0.04120383065850832	0.2173129696118861	0.1755417198121872	0.8116701802560127	-0.2072115992685478	-0.3659057386674393	0.312034480818946	-0.18446459708061438	-0.49543691385195693	0.3422159047145876	-0.030475781336588133	-0.5266595496169345	0.2522667847471059	0.1750046322100793	-0.1900490009898126	0.29530664551901625	0.35131130533859967	-0.5337509231824713	0.08231834723762388	0.17354646438261717	-0.9065394977265171	0.1943377416517679	0.5365035272061465	-0.7401401719081528	-0.5086638110139629	-0.23223465797816975	0.9484578715595711	-0.6114556889154417	0.144793397878064	0.19585924941147684	0.48398594603299677	0.41671479687786006	-0.3671136554506874	0.031072674238005926	0.4521975285587248	0.15136746075976165	-0.6042097503144961	0.04646898164955702	-0.13651337400178112	-0.11966829568276083	0.32796361276262015	-0.26480662540644023	-0.5451087761911162	0.08575580621421353	-0.1101958791738334	-0.2931001689838532	0.271730420766509	-0.19696268737189618	0.5175534151660373	0.16642411985569108	0.5306097316207274	0.5266166047646625	-0.38029064264888535	-0.19638794771517723	0.03451804893869696	-0.028585635270615174	-0.03324280923538337	-0.2693491567068662	0.7565395200901152	0.21320818835031402	0.7554546931007876	0.2843064860888149
DTXSID3045435	6.078723339305868	-2.0660118138794203	3.1626294638847843	-4.520221559842766	1.563216264485684	0.794389575879926	3.240094967531075	1.043742218296971	2.5385952959765468	-2.004978255917396	-1.7669881176915643	-0.7596563722785569	3.333282048279069	-0.7575577310555208	0.32188240369505233	-0.7817655107861826	-0.09076557615002784	0.39825259999954654	-1.0676926313320736	-1.1222579903615857	-0.3006804303113927	-1.5298699150221378	-0.8167546619887774	0.1308905536907365	-0.7566156295075702	-0.7431538688012406	1.1972613722773098	-2.4067477294218533	-0.6911727484914323	0.05937054635571974	-1.280790255465131	0.9822329339661678	-0.41862582985983093	0.05331838947387277	0.7857066521026673	-1.2800028602646696	0.5239723324394301	0.4740065902548527	-0.2314567418920618	-0.1820907479464895	0.5699728773767618	0.2043018581067119	-0.18741519293709194	-0.11223525561799211	0.8039266939525676	1.020689433565729	0.22850955488768868	1.7080807437694692	-1.2671004968261577	-0.16907904888679653	0.644238067416574	-1.3965587089828086	1.2214267359526298	1.2717851714982644	0.10321378684640799	0.4645537219340045	-0.5556022053676027	0.1568088595262734	0.43798334032586855	-1.3099196696321769	-0.8440793601027131	0.40839390331661557	-1.3487682789422257	-0.15944834597925572	0.5083100904907095	-0.8439424298203074	-0.9376066792266262	0.5274987719660859	-1.820383049113648	0.19332254316873387	-0.20972616919440373	-0.5050213430399626	-0.4346616633819961	1.3076145243901869	-1.4914529998197366	0.736197290208729	0.26898911988495383	-0.013582548181057301	0.5505353896019668	1.7255573531321275	0.06428679186631962	0.7534090977274054	0.2648348621927669	0.6416030052454892	1.312570001494704	1.1494726225586236	1.3387449208526125	0.44088841226569364	1.8236051736955954	-0.5093256868279643	0.44237716293365825	0.34623958389036685	-0.5669163673419023	-0.383786939138847	0.1999539095941405	0.4593474461034712	1.0490837839156117	0.1249395225983285	-0.2832167203140926	0.562019897321167
DTXSID5021598	-3.556071065033725	0.5679906326751835	-2.708807410150107	4.962022837905832	5.1114619143234306	-0.4050159752517771	-0.7382434263646869	-1.5895688728853277	-1.168219570555057	-5.755706162548535	-3.577587006581381	-3.579684946443512	0.3809736270234981	8.179919224987398	-1.000798565011112	-1.2110552003936024	-1.6078198625728235	-0.34606535172903186	3.980640604882853	1.4392703387147892	1.0326321507248553	-1.4316934839508153	1.10791113995927	-2.255210591944684	-1.2670401261339046	-0.18533861555845418	0.1176916571502143	1.3550081758204544	0.0011047851522697485	-1.7431842125076749	1.890058858614515	-0.6621485883631807	-1.692518043078033	0.9147177771505672	-0.3244323796517366	1.7373840746303022	-0.07471853235463466	2.2503467891309685	-1.1762894069635745	0.6402852485055267	0.5805364415511944	1.8121317476724466	-0.8035586040660588	-1.69332327411703	0.3437249193928325	-0.3624613538671836	-0.4721681770738502	-1.0948131771179446	-0.365301663549658	-0.3436685482697876	-1.6904659201478933	-0.1976579202034804	-0.4284670819788696	-1.3771252734249684	-1.0350459487518944	1.1795707351454283	0.16264309333279262	0.07075550553644507	-1.6223514630385865	0.05655673048490273	-0.11065004984181025	-1.9784640461594534	0.4574460640994003	0.6275473667840255	0.7821080138282082	1.1959229895159693	-0.45432238527736507	-0.17798403383512942	0.38254783224253247	0.42636108945978307	-1.1658460714236116	-0.19750383774200456	-0.1570042513471728	-0.41407433698034013	-0.9663539899646629	0.9679327977033956	0.5766697158541255	0.39005101636516953	-0.05633618847759024	-0.6811504576866876	-0.21407124854435228	0.6703856006229163	0.9870433982736475	-0.31737908133101295	0.1467232582271047	0.4092868846515962	0.0644908582404824	0.4423374060604362	-0.49120463544083054	-0.22222624807963043	0.36666469753029135	0.4534944095503701	0.389825145560518	0.5482342070762026	0.5090846737005532	0.15247572522871156	0.29450607583342103	-0.7885281197246639	0.6960840905577748	0.5190648400816159
DTXSID1020510	-0.8078897467969011	-0.4565366753763004	7.835244385782869	-3.3935246764494846	1.0951878878252663	1.7077057038255186	-0.4722592763045726	-1.2132374013514293	-0.6320205883597924	1.2074778744352415	-3.405857871653463	-0.37143758336403876	3.4913460681033044	-2.230202217714934	0.3694660040049723	-2.718217278180065	-1.080735083471732	-0.11704266664748726	-1.1788610595497178	1.5127659925852415	0.4985672690716917	-0.5021388915770028	1.5389754599530892	-1.385947284444193	0.27887668912068536	-0.02354157038956304	0.3947083125356358	-0.19222375440322428	0.33683987530472326	-1.2219502373115156	0.7718780641414089	-1.7119342533773976	1.0050562932794433	-0.7751780520784245	-1.2652787773857133	1.0563498951581478	-0.06986334466794472	-1.1172810253335368	0.2108127382442596	-0.15531256817506503	-0.2946509493942676	-1.312568044690311	-0.2769244161405818	0.6295774045093577	0.20720090277045183	0.18088747239373773	-0.1801888531480053	-0.8143888539672419	1.2870183761651275	0.299361079108794	0.12633507206744427	1.8494979154391653	0.06529205111841511	-0.185567291574547	-0.18919825064092005	-0.04603796424487494	0.019248139632054954	-0.6634131882443801	1.4940237521845474	0.1396095557930456	0.21461298692398878	0.3580469405070164	0.19975318400146694	0.05043959515430132	-0.17347944507496083	-0.8847525978439633	0.23441191521362958	0.3230457763413325	-0.22533436711699595	0.2967942989557473	0.028737828220745155	-0.20093500147578022	0.0035828205488006404	-0.0912168319689871	0.10701328304897288	-0.2731028557195207	0.027528087503455197	-0.06264247995595175	-0.0680756577660543	-0.49670931311796224	0.28924955547098036	-0.027434671630190248	-0.457790469176577	0.31536674837603285	-0.01766929149751607	-0.15360140728738936	-0.15207342874672758	-0.2889076395389813	-0.5274895682593652	-0.7792331618336125	-0.049113020661779756	0.10900992044947798	0.1269369720912661	-0.5812485630206078	0.050148421600682586	-0.2008070908265627	-0.2757382051457318	-0.12055006310623474	-0.2171012264903985	-0.1683266124246223
DTXSID3035214	-6.063247695271929	4.207489357214663	-2.0128325062029297	0.5894024419712951	1.3865924423096778	-0.810953701922865	0.95176259438096	-0.7762152252516834	0.21648454318716287	-0.7939434632105177	-0.8836662763765579	1.3502507525850107	0.7997485574176204	0.3250181542753372	0.13865666524545892	0.41325823829513497	0.41162220112022135	0.6879129192309142	0.6292198441576792	-0.700572949219936	-0.46744597673600513	1.2917193038327273	-0.4659285671280022	0.9305334556697324	-0.19463971805588706	0.3577313918886332	-1.1710221608161075	-0.8945883293740573	-0.5436570401956838	0.6241603567455942	1.0185907450552354	-0.29402290844049195	0.0810521728922075	-0.9485574826008546	0.2181263294076351	0.2727443182288153	0.48357560309627784	0.45913043560589983	0.21674190205452995	-0.8527151535736738	-0.08659376067206662	-1.0291660735452761	-0.3774100210323933	0.3864630078418484	0.042703554262427834	-0.2723475904368262	0.0756104275544736	0.78842693222723	0.5805677619581103	-0.6780007061584283	-0.3536463660486974	-0.5680490488218436	-0.1956377457939672	-0.3758076275346738	-1.2206433671731158	-0.31044569061787786	-0.7016180627104404	-0.5229034950417639	0.5429373332341156	0.26377809691375237	-0.2292729118670057	0.1587329151625026	0.23438772486655893	0.16845178866767666	0.27277200808049373	-0.09013247687600075	-0.12977000780948986	-0.3011464230535759	0.7073067582243296	0.6058248642418507	0.2656753787503058	-1.1125536488490881	0.43336417071113575	0.11263724907619807	-0.2554288519297155	0.3891966279409203	0.8696696688888044	-0.32830536235561003	-0.5021408344797668	-0.06951830958075905	0.1036432214599016	-0.45732181120378584	0.22115606411482588	-0.10346306300888335	-0.049952767224961135	-0.21734280213188936	0.4685168773044251	-0.01818547887818621	0.00741566438351327	0.26566029027009996	0.42745956989343264	0.43355087294179795	0.3644369702440645	0.10152782483417952	-0.3210435610057375	0.5200897795617637	-0.26888942759791457	0.3312720449711264	0.11265054617996594	0.11928284531207292
DTXSID3044384	-3.4251931761215753	6.686457588279557	-1.3875508832649401	0.4511616255822637	-1.2325009894261918	0.21263740173512702	-0.17317400107869993	-0.69031390754629	0.450322944601904	-0.038885307214248356	0.49053566243990876	0.243464808754783	1.3258467814293067	0.5800340655911306	0.134950083938552	-0.35436301388613767	-0.10314579879787177	0.6515031600460579	-0.3579768273794142	-0.16982717716727694	-0.21324316538085258	-0.5526221189072326	-0.5508816334758547	-0.1381865736231546	-0.5309170070487271	0.09258795709967811	1.2816317920450506	0.6138229554704637	0.2009678220740604	-0.07148125342142826	0.3135894157551646	-0.24551267999438509	0.19587560320228095	0.9490222584693713	0.2607423960015089	0.007482146247367299	0.37786303561231666	0.06703044636175501	-0.3583173122543745	1.4734964274344502	0.2266353863280292	0.4861065774450534	-0.07164617521129638	-0.2732924869411449	0.11015370675883916	-0.5984760210099938	-0.3452154432784393	-0.12647957754656158	-1.1039329381178562	-1.598530218755434	-0.8208990405627667	0.44313235824160696	0.24884187259597304	-0.515047792303841	-0.7499600235708778	0.11845191564269696	0.7655974299000351	-1.109845932500409	-1.2179023527352886	0.06851972011618634	-0.45081288392032987	0.3480896188542003	0.43271119369071503	-0.057500653737644125	0.23032307689138992	-0.17094447204855967	-1.13752990224218	0.6054995708673712	-0.17443858700810116	0.11329810725965905	-0.6054761646814734	0.01617661374978827	0.36819253101973914	0.4103657371961113	0.7587917534434384	0.4223903354879133	-0.41296327951090794	1.1082787567343166	0.4673826275546145	-0.29333755138918105	-0.4120833084100542	-0.7846358944519479	0.2726786112071003	0.0726738152405328	0.1506428342146986	-0.5511866430944993	-0.1427677744838509	0.14267640830205267	0.2283425595040085	0.1348762012964152	0.8396343661172742	-0.06958291434015156	0.03807999338163409	-0.5133575233349846	-0.23786751246252025	0.3116381510934611	0.3309344828889459	-0.12867664651998745	-0.24349404821810192	0.041076933130625416
DTXSID0045961	-4.5222514812642	0.10709933034481947	0.8083001667335833	1.7329801907044435	0.027901388136047863	-0.9606058316847669	-0.5660523895801354	1.122496797858001	-1.0495382394439683	0.30679372124135684	1.0437587447330958	0.08141336337408366	-0.934326590925302	1.0766781200757871	0.05713000496718512	0.4240090812213348	-0.30334163488394944	0.25470577571956793	-0.019537217093240095	-0.2596272807084248	-0.789883598531453	0.11975230840234019	-1.7041019792418974	1.4423704362744427	0.35710510410810165	-0.5711215377741742	-0.31640341099726776	-1.3332718824250596	0.018787837558007604	0.13011974217971176	0.9383960309239074	0.4024431722407465	-0.4507051214721273	-0.5301377486812379	-0.20306514948809812	-0.09700255018935729	0.7585077794214082	0.23658542953778555	0.21135312143404067	0.06990216565040969	-0.4666394820065845	-0.4843314004309024	-0.13707771641774097	0.3772186101955055	-0.40053572714251806	-0.6331573923160937	0.7497781304169565	0.016308961654751417	-0.9652321100325699	0.3159117564333752	0.4237391872937639	-0.44454291160593273	-0.0014322773227607557	0.1530480031802626	-0.7360216734705117	0.744410016957227	-0.7931244076164776	-0.5053727200066828	0.18933183683348853	-0.512456450097579	-0.26032266341831234	0.5274574669360843	0.053936921930695735	0.5535972933929676	0.0028166469400005834	0.06191552049568493	0.009045081163297684	-0.6887028523745977	0.08090647811277397	0.030416926377231396	-0.49018319195663657	-0.33591217645310667	0.046504060089263846	0.2721788259328822	-0.4129506085567403	0.8189811651614556	0.36228641702993913	-0.13545325040223236	-0.14004835652425385	0.4365877283033753	0.07453213106527369	-0.09775119110147952	0.008318114584277444	-0.8621736853938313	-0.15258606219838622	-0.37491049293625234	-0.08320377320892612	0.9190565097430414	-0.2898983578908756	-0.1402436814757883	-0.20910796811654017	-0.4154284370749383	0.5521901137126395	-0.02232099485112848	-0.5127822232201814	-0.14626427115402604	-0.3026397664115332	0.6225532059940356	-0.5940560189679898	0.08309486511072031
DTXSID1044724	2.8076949229417556	-5.115871147145762	-17.282310485769955	2.9774686410783615	32.23303208668636	0.7520883961082656	-7.419489540979307	3.3777523080007565	-5.424598418891319	-5.32179132575827	1.617299837239059	-2.890642320276448	6.5540197633530966	-1.8277607825926578	15.257474298279547	12.583759931531494	1.4963457920312324	3.1077576317319937	0.7028836522024796	8.838288219880024	-0.4159631839901588	11.39140629607556	-10.900989980866465	3.861989011375036	8.385638471253207	-9.295038706064652	1.3562117070065587	2.4087380523706963	0.7064778609075122	7.57091669748393	16.855863325806773	-9.726495217644668	-0.08387209079624677	6.474458231233241	-4.7452313400583614	5.73371701411557	3.662081158306964	7.9235837390755135	-9.076626629585933	-4.380581384288717	9.471590584082321	5.283544966661832	-9.429889518527462	5.912855349058591	0.2264660417506915	0.4413618495042782	1.9983718632854661	0.8779216437764823	-8.285312058255085	12.515863406156907	-7.150172196706267	-2.0324237208783704	8.728880280216659	0.7481409132536508	-9.374653996662673	-11.03641019702362	13.937219691626566	1.0440502562928957	12.454901276039202	-6.151168464558951	15.140642730563222	6.98185670987731	-2.3184025318376613	-3.1146555333777126	5.334129398730015	3.3903878312851305	2.9036001371199274	2.3680492487315337	6.465721248847684	-0.7378004914736999	1.3708864553098106	4.0467517575077485	2.281787547436069	4.348860368851992	1.7535129412911301	0.6329441478187087	-9.796137623930665	8.901457478199697	6.260896196174025	-3.9076135029415493	2.271247853626031	7.341812310485189	4.094822071242646	3.581884053667718	-0.4714781182718966	7.640094268909565	5.331741166122317	-3.887401258581127	-0.5240145852053133	0.8429186479532449	-1.6919447328629944	-0.0966059569628934	1.0762788499556621	2.687924870778314	2.8885131466119254	-0.40312143351024043	0.8951553101060443	-2.63475038135321	8.090209401454707	1.74094557961822
DTXSID6041682	9.069803955058767	-6.268042530285897	3.6229960566220836	-1.040761070742932	0.20416605648270603	-3.7377084596304098	-2.6505029674973515	-1.068761780030145	-2.8594111610036745	3.072526651848862	-0.1868030558685848	-2.6233533957438016	-3.324682291343917	-1.8156227834214647	-0.4751156331912394	-1.8139348138770706	-1.7950839939028653	-0.37848316952159655	-2.0216390609332717	0.6793186730052101	-0.24404590708802382	-0.12322429987122721	0.6320909128643553	0.6416374644278671	-0.5441214226555562	0.13747900803698704	-0.263249512027398	-0.10876581471727258	1.9344337991735743	1.6418910027098108	0.5283831118392874	-0.7501678355974407	1.3962621982170165	-1.0528580463349275	0.7142768696826914	-1.3650036577741698	0.623984475190121	-0.6127127548389927	0.35970303614814625	0.14020302819097924	-0.10542059813101089	0.46113985907003013	1.8787009305112303	-0.2737114791723906	-0.3232359922743556	0.3491691818028134	0.7712479007609463	-0.8981392282727024	1.2208032876470762	-0.6598479376422249	0.09024268527668768	-0.6376089583731802	2.498897075733305	-1.0181848884288265	1.7348436017424627	1.4581763566020849	0.7451182677351914	0.867416607690111	0.6003500061949425	1.7081211587276801	0.006174818662689387	1.5470133772260843	-0.6584351346358781	0.6824605356135677	1.3417258122467368	-2.417345248167122	-2.0565730601041077	-0.46110125978806604	1.4728742159858395	0.4501637234926772	-1.453667901573809	1.6213209800549204	-0.1663396770205599	-1.2334814851770666	-2.237995460467413	-0.5287176287131922	-0.011088128026683707	1.1210301441195856	0.35747853285036835	-0.5775640587215841	-0.21063116603698515	0.7931022215590436	0.3290273009008349	-0.8818040276400253	1.3118768173269355	-1.3649784355434162	-0.7639399143510397	0.3980135207686494	0.13685149811452713	0.2223979096914066	0.05214663971405944	-0.6683173504478435	-0.10969724481774931	0.41313120666300296	0.3279558890762343	-0.1967500598608774	-1.2107211332999654	0.584734327162767	-1.178750837532418	0.26447059453754734
DTXSID3048815	6.474117601677228	-3.5124198118421064	-4.799842423283361	1.046725668175655	-2.3469900163471404	0.9055432765771222	-3.4454520685777266	1.7137384438725203	-0.39961552503043585	-6.792058678004187	-1.9641231958037955	3.1641111893608063	-8.815947321962904	-8.715194143557142	-3.6442283700619296	-7.8396773365853	-5.4452331121968705	4.933132624723158	1.0317071042993116	-0.039014860767214214	3.3496203800466673	11.48470924089954	6.15812549148358	-1.97669901397619	3.520529977367654	-1.0135063311967174	2.6023861843388083	-2.596620166790593	-6.459183575178067	-0.6104280706318164	3.9288866784278866	5.9572019643615235	-4.0966572217674235	0.9120344014697686	0.19959383911236292	1.8958295015194422	4.468321798211204	-0.5879845896410786	5.019396800204126	2.286151696310525	-2.1827533246506827	2.5341050547243724	0.21978662540174698	-2.1072067164728914	-1.0451562237635945	-3.503016047304	-1.0897594221817135	0.9642931174870475	-1.1545505038553305	-1.899224060218958	-0.13632289796152283	-1.5705913548206756	-1.9497592068285212	2.503684217764984	-0.060385206616271746	-0.4164539880677223	1.49649814873503	0.9354836206989302	-5.342118210354558	-2.767107621888914	5.7562969306212155	5.315716259648386	2.6222116722897035	2.2343659465077406	3.4116357288779557	3.011283352840109	-1.2811397121780945	-4.166318328809091	4.990892691369601	0.31636521313212534	-2.016993428989359	-5.9104941642407445	-10.612455932231988	8.578130385556097	-6.710904374667857	-6.377249656912525	3.958983289655655	6.155847683563597	1.3657378958179016	-0.949832301663378	0.5314759464097594	0.5477899133058785	0.15474488860075167	6.143777135503744	-6.552832825368368	-8.178202950513684	-2.575149278335876	-4.682710848851634	1.6002427570831985	-3.698369889208476	2.5214699900294084	-4.252286420981898	0.35618970492866286	-1.9659361199197658	1.4828189192508723	-0.5125777031529328	-0.9534814410127266	-2.74913793043593	-1.5891627314672172	-0.767700684589008
DTXSID7027461	-8.528339990848846	0.9483398626898445	-3.3412217268275795	4.201953152870569	-0.2734156227622579	1.4650177768911459	-2.080773586755856	5.936802392486571	-1.7400833276237804	-1.118340194162332	1.0772132071879175	-1.4341437530960928	1.6583106997778678	-0.6315461622024986	1.8974523484225656	1.6543604560148273	-1.3788172889477421	2.063405571020068	1.017445374066501	2.5650376420691927	-0.03748170802849381	-1.036489137640203	0.3392821909584118	-2.8173487065846783	-1.37296018629607	-0.378180408158734	-2.6840223357203894	-5.9401865365960616	3.0874011776143937	-0.7414252234698112	-3.29337079139685	5.366486211234869	9.58569361151673	0.14536782131921633	5.972578158308813	6.239811055096536	3.638287728469232	-1.052886642102698	3.710425905843035	2.4140783376138866	-1.0107187363061394	2.954073578119061	-1.6148588077214192	-0.7667303804791747	0.4878990147019891	0.4536487258419358	-0.9862328490833783	0.3076239811356171	0.43878357550929364	0.1658828745440782	0.03813533106653992	-0.19318590592075258	-0.01626075531774817	0.18749188782739384	0.03687188285064911	0.6634659195065672	-0.2833511938985555	-0.5282376060598496	1.2172270978391198	0.9535384152050224	0.7167725687324835	-0.10113034785079573	1.7595989703052426	-1.0086955329615697	0.28357627294546456	0.8738369085066919	-0.7253168941793531	-0.4940508749880618	-0.06598634332118787	-0.4903824079261384	0.9697088064067549	-0.03311576039842842	0.17923391910420458	0.6027897223008132	-0.049094018492962514	0.06810701994677539	0.08659052153651167	-0.251176661952254	0.2932036851033918	0.027123953938991672	0.01394143492983595	-0.03532182908185268	0.47007805307001366	-0.41263262394605266	0.048614578975030964	0.20581712027087	-0.32827929712193327	0.0217368695013657	0.06368016199920676	0.02716358898192864	0.06815875847333293	-0.4173166850802907	-0.15421593521588764	-0.2553095890158485	0.18629887771209544	0.13144620872402532	0.2176678564013134	0.18889299953780547	-0.25921184867557334	0.09818171763997754
DTXSID5047875	-2.8022643254146047	-1.5858459638055222	-2.3524264936257273	-1.2953022305342436	-0.3475989496060614	-1.2560982160185763	-2.947215790387846	-1.5541511271578192	-0.2983439456622801	-1.3993285807030325	-1.8645629997068847	2.4026355688227983	-0.7975620235862718	-2.705480773117012	-0.36017878466579833	-0.05931556731769422	-2.6292839888179915	-0.24296802781437396	1.278203806448474	2.931119705873802	-0.8018031869883995	0.4809143852261157	-3.1571298817206226	-1.600534004730235	2.4010029712905823	2.9509804738177885	2.1337592122591404	0.05282207739138729	0.3596652108859826	0.40996113532323925	0.06260474739966813	0.6648879003044357	-0.006009058125386761	-0.3567677317227917	-0.29599559071594245	0.8014024813962657	-0.5343318423157624	1.7376206648580739	-1.3400221697009762	0.3874478105650915	0.5972110200633742	-0.0036717957567476084	-2.311964022968474	1.7884062681098076	-0.41560633272278114	1.698181975327243	-0.986473534564043	3.1373705268137697	1.672967007832209	-0.7820429628941338	0.25005323144301617	0.6742781263585153	-1.2386145699635382	-2.0751857940185396	-1.8360689849948009	0.5172806342350761	2.401307057173965	0.5212283054918002	-2.1537437771113543	1.1017951976534917	-0.3478060389711905	-0.3514940780806842	-1.2331286390243659	0.49790382633123764	2.044845791858318	0.03212961319165926	-1.5665646417410464	-0.2524522267992497	0.8638642123474569	1.451801208054595	-0.3576840925726288	2.039931264416644	-0.837080802749263	0.8357318653127381	-1.0868729054336936	0.5198229563034524	-0.11223141025044504	-0.3902122979687178	0.8847182885535005	-1.2595276303029963	-0.6562212451170617	0.8871078657793923	-0.4852649552979149	-1.754749481134659	-0.4921154099424795	1.2270782092369084	-0.44032062226188534	-0.1449201631751101	0.4341217491176621	0.12794360830303347	-0.7662205011935872	0.5544771253192088	-1.3139153143023858	0.6297845716120322	1.7011179706435127	0.1897241609327162	-0.871594380504119	-0.19442139844153317	-0.25706688600443023	0.5894944930895536
DTXSID8046660	13.39680918135884	-9.303006521879974	-5.97711795344238	7.716370017404225	1.7195705729025963	-1.5216779441458521	-3.0386339700194314	7.1709226226173906	-0.38887141734184616	-12.969670743182299	-3.6323089077349815	-3.63600238126933	2.3838682695400366	4.529976201874923	6.562933316918552	-1.0826724333787454	-1.92617117102226	8.223453920494636	9.291841455040922	2.54007492173271	-11.936268289946074	-13.317327004117919	13.845572228721585	6.529814419614431	12.295891207820164	-5.080620614971025	2.1682703526308034	3.13817714328502	2.6672798788898993	-2.2406325604013344	1.7399810362575598	-1.9984455064783133	-1.897184261844993	-2.3516450717992554	0.24866424011559912	0.8378242418690415	-1.4275942355646967	1.1968667839384644	-0.042034414773142854	-0.972034889355666	1.9637057358619316	3.0053172549283844	0.158380427292182	1.6914008190889043	-0.1047279464846914	-1.4616986370064549	1.2937831569989868	-0.43784075767543174	2.935406368566432	1.804677593429706	-1.93631692075049	2.34286800344761	-1.7539438731041352	-0.28986205147785077	0.7831184075556036	2.8934930866279016	1.3048574436094669	-0.014772690672693161	-2.824670292716114	-0.7276984118702481	1.895170452790153	-1.0464533516089773	-0.8936237916276015	-1.080237728377222	-1.5462218553149785	-0.7989791534336385	-0.4619722660885513	0.10180584378216984	-2.066610810951628	1.39362770847314	0.8482803535952811	-0.9049772700524417	-1.4950396234868835	-1.33840331768611	0.25850838112084823	-1.6253179438390206	4.928367782159268	-2.4491055985863324	-0.09318797358699658	1.4395619241223576	-2.347393078067718	-2.087114208567263	-1.0112289209413377	-1.4594891550414044	1.7191984805850817	0.10191482384748232	-1.7640733257276902	-0.19949663385186128	-1.1111768012050889	0.1649771691610877	2.3511358099385116	0.8026027813332234	-0.5727529298758498	-0.5565175079356968	-0.2578739254189864	1.21153675718129	-0.2530095567244933	-0.6559602682236441	2.8945426496751856	0.8774297586434839
DTXSID4044745	-3.393516966798321	5.410578636454341	-2.1616983308229005	3.2594350471318037	-1.401918783196667	0.5659385992248337	-1.3827857800251344	-2.1838152179583403	-0.3160452580350509	0.539171692143373	0.13660347225861202	1.184633243105238	3.17026175709768	0.748428429755909	-2.582354509902308	0.6581342543058559	-0.106997123682811	1.5504028143927642	-2.914674143797418	-0.1060626148127412	-0.7415084841610415	-1.8629200126778354	0.33474851781975185	-1.427500009427894	0.1723182490025379	0.48321580906675776	1.6083518322968238	1.2124932851552925	0.9732758670828127	-1.4266464721142642	0.4032479321558976	1.0481124905357802	-0.962543301993519	1.6415705595511845	0.688370370929484	0.24611397815363387	0.7778057383830894	-0.122367210369329	-0.8910956833634581	2.2932838900816903	0.3826814054293719	1.9942933987946871	0.2592313952841765	-0.938694554683275	0.2575945233686343	-0.28341978904765247	0.3006491267523098	0.5325844225054409	-2.5814477135373983	-2.3294251690273002	-0.6741275420043429	2.1056758211223423	0.7334430974450727	-0.9955646929354728	-1.057821852597893	-0.5196792864814875	1.9447198341292238	-0.46579797815826335	-1.511751045227059	0.3331964915314958	-0.8845038210067765	1.7693964756980916	0.3518246247842556	0.7775289925136686	-0.4439659780239125	-0.6986927644500222	-0.2508027282379931	1.5340927025473892	0.6401804249188864	-0.7455738613747306	-0.39917255032241167	0.6587392765699551	0.1282735658212806	-0.9735139420104721	1.204200357855967	0.6432451045009291	0.6724319007591247	-0.1005373930808548	1.1799282189666356	-0.530032175194156	0.4029960024767024	0.5944288621614565	0.8358817729989778	0.07457779691242118	0.5823177808560567	-0.39216851577848294	-0.5201227464755434	-0.8233380652857079	0.8052225253266467	-0.31222384895662036	-0.12011224538640307	-0.23153552948973996	-0.5475088118028331	-0.8687522872962246	0.0007771909945850068	1.0091820062182233	0.4957782638705011	0.4170366242216042	-0.28572852429304657	0.26385584105970095
DTXSID8029602	5.504494128935264	1.3379777817767446	6.444406457329983	-1.323188004089147	4.946276345080663	-0.041370530381109355	0.48915002371269556	-0.745637108680486	-0.8790264029416985	-0.9906472878787254	0.05496341267895939	-0.07233831049912084	-4.0343351748506215	-1.4939831296817523	0.8933395147505834	-1.2800979285214196	-1.757387588422207	1.910831638583169	-2.2017254560603994	-0.7090490670518679	-1.2241914925694903	-1.1792530589054369	-1.5229467810130408	1.5993857526479633	-2.191987748128046	1.2863240766967565	2.1490026651598537	-1.1931892124352708	1.0085822634951844	-1.1432279897814674	-0.32275235136573716	-0.3307526028482787	0.5772775974175246	-0.37122084146332457	1.0338468677065937	-0.5379997913096853	-1.5311604106235068	-1.241919929372163	-0.7171407042605076	0.08985832385114913	-0.5328175529937248	-1.2841524029729836	0.9424212774536749	0.9453031926056666	0.9868746700675143	0.6825777215473497	0.752469402739921	-0.2996694318525819	0.5998202685350223	-0.11762222874510839	0.16263190286906976	0.5627786367169055	-0.24099603330592126	-0.9678319550125257	0.09966424267924474	-0.08217084057111751	0.011033316141142935	-1.2745654751229345	-0.019898779281061395	-0.5492259145704235	-0.40830950406942795	0.4423992819823827	-0.5684768783181203	-0.33961773455044686	-0.24594649205037264	-0.20108240908227173	-0.7774223021490415	0.0604349221277856	0.15919763025934308	-0.28842186626208144	0.49646132084107614	-1.022462952047652	0.49964419925112963	1.0644175080802594	0.43027891455183864	-0.6097212026242462	-0.37925244900404664	0.43058243881873515	-0.6453868362721742	-0.06152496732015614	0.1489467695571602	-0.045209616438761785	0.03195891972610906	-0.20145366879534501	0.4296964478774022	-0.13062418629730713	0.18225334691441616	-0.23635147197222175	-0.03504668994656956	-0.014538538804149844	-0.049030323955167196	0.16622241611291494	0.26758660040977905	-0.3016267687456182	0.27522848128110056	-0.2530446887776151	0.5974847783309023	0.08743706864287779	0.24341487784603807	-0.34625542828440264
DTXSID5023748	3.147140753504499	-3.6336895282634436	0.012729571803711355	-2.4387883319707098	-4.525823653928441	-2.2727188662938573	4.126747028719178	2.7575699401325964	1.9950402623482653	-4.270305816699465	-0.5275811374317099	1.2019973074848755	1.2281102912419193	-0.033738761168658156	1.7195627973035275	1.8025493239436503	-0.8488302966605689	-0.07322032058018543	-0.8347548319787196	-1.369763545486662	1.0726502378389973	0.43345918621180696	0.3478329177917187	-3.449096908813423	1.0333297982687144	-1.7262459180681398	1.2923683149463512	2.0781005366700382	0.12272747226638832	-0.07873684338827629	-1.0797895391451975	0.1372830430105705	0.3713985680427932	0.9407655624589544	-0.4828010908951205	0.9890886443315875	-0.8731794989353967	-0.28790258101232363	-1.2767151549267755	-1.1782461823620207	-0.3686775894549339	-0.9775989320799073	0.27699601887567604	-0.636945506915457	-0.07663022079130587	1.088350340795317	0.6695532453583648	-1.1399254452877852	-1.4593335781387082	0.1828128170280757	1.7793896431587917	-0.8341278569226319	0.1199796871331058	-0.30860449701330217	-1.3270102083207764	-0.20683504336148578	-0.6895184647610035	-1.5797196886112692	1.370247881980605	0.9281043428134895	-0.03421500005875686	-0.44626815141359527	-0.8868691940951698	-0.041089486611303294	-0.7356882153132174	0.17253398425411587	-0.6509494277990236	-0.23653479308016243	0.07973636221342906	0.19901359146962244	-0.4954371726540668	0.1540692012695806	0.19493061203485293	-0.043262615392948026	0.2726758102362917	-0.7088025335714467	-0.4785905020801036	0.3211902412850087	0.7352153699654931	-0.13522421442731303	-0.7442951621836557	0.6924689956627748	-0.09595695365109803	0.30520655900365534	0.050439406268572115	0.039573560202228214	0.09737063626125482	-1.2951595192483123	1.3691223006882842	0.3786998369885086	-0.013938479354704722	1.0332269554071067	-0.6800827143651653	-0.045968484567819025	-0.7796964993466617	0.45631981727209764	-0.5169117563535323	0.24978500600102319	0.3873777739443356	-0.13697261723243337
DTXSID6029121	-2.9621017674455445	-1.8583397332219278	7.709160298108705	-3.2143155551385614	1.9653230806494777	1.7316216475137522	-0.3998319820745028	-1.6340393342879647	-0.902296756973585	0.7463098236801299	-2.557319524838283	0.2517915563763536	3.0694012986518135	-1.7208008442104528	0.004524800066246553	-0.16267010562872772	-0.11971211567176168	-0.47808034566000873	-1.4665786146489668	1.2166198624311266	0.053226754114500785	-1.109183657412403	0.9864940494759002	-1.9103457215785546	0.47356733410294743	-0.42768654861504257	0.11574302174371595	-0.3609212436769288	-0.6157478626213069	0.09764054757667177	0.4615774891144264	-0.5356387677433733	-0.27351484854614966	0.31930484672319515	0.0295112993041622	0.7513955966419559	0.2602770523614505	-0.5743551767735416	0.49453729366009397	-0.6235637043641002	0.26027697443036707	0.026168580968328106	-0.10550741217182642	-0.46431102058496193	-0.11263107599602128	-0.3598518851161502	0.037771335856670536	0.23365194069350137	0.10371296586149861	0.13188036853140103	0.14856805744633922	0.5243396526747516	-0.2741380652562876	-1.0221124830105865	0.31324351245596693	-0.6419376363806358	-0.07281371258900833	0.47171666279722124	-0.6931755902448145	-0.5009928171406767	-0.14784134507983232	0.2939374493686839	-0.04557587415609555	0.4363105159325094	-0.03872187701555949	0.5970831656500513	0.5009668348150024	-0.10150828093923538	0.4048433736290177	-0.7061129936722852	-0.2482249423241731	-0.36440249025526067	-0.40667427470392575	0.7148551068751513	0.06783804532864963	0.33161518915596305	-0.5781397491887156	-0.14108428249841917	0.03221521558837005	0.4374867096110293	-0.3828466764525832	-0.6490863657199165	0.2632386270610662	-0.11566763365049992	0.12780774019010263	0.25277063577878656	-0.21187663307771656	0.4322708075198449	1.0921633832128061	1.6585749431232815	0.33008529488701255	-0.3073454507601286	-0.6309895734646609	1.04519547644388	-0.05388263688040604	0.9793128122384718	-0.018039222696289207	0.29861198641543396	0.364950829295104	0.24892418847252443
DTXSID5046566	-2.5101243451516395	3.388596447737122	-2.842484142961816	-0.898572085649588	4.372327833960677	1.334680817224461	0.9592925389420314	-2.1447644024468517	1.360425836109175	-0.508619252940647	0.2451036050489439	1.4525398602221868	-0.2304750049601236	0.6337956741661773	0.5380334123139577	0.4854899101312628	1.5255761534101793	0.7160989047095563	0.34522428751985507	0.30445555719457357	0.2060595283754748	0.4246784869412822	-0.37490893257293467	-0.7023372663640207	1.9271266965716864	0.260658805108194	-0.9246997501307535	0.6525114002493545	-0.7126637778639712	-0.5753567669523127	0.5472309237604223	0.3064307167182479	0.8334982827638617	-0.5730556371786433	0.12146569622968566	-0.320631367478981	0.0606739778676699	-0.08887751113024524	-0.3388938414818378	0.034449757583684675	-0.24018020006604085	-0.4480991424617586	-0.36927889088729454	0.5268533323024677	-0.3173991015075289	-0.8774916186344569	0.46687171740974587	-0.36205227245875254	-0.4379073562853624	-0.061251259830620505	0.018788392229965208	-0.29298159504738935	-0.7103591819667999	-0.23198572858285452	-0.1191954914147886	-0.27478986021339064	-0.5131002192802999	0.48481888722426153	0.36771012258733776	0.37988205829981764	0.5493174682912535	-0.10847533454728409	0.46400242370117145	0.3318912670802597	-0.22711829124476865	-0.8849123462506042	-1.0804181862314095	-0.055868004392990174	-0.237633668460388	0.04499361323095911	-0.028256798438255508	0.28157948385583426	0.22525629619146156	0.38703304368147484	-0.5881860532649206	0.6051509319114737	0.15926560786032157	0.8066096843326265	-0.4258792163377517	0.1096452197955372	0.6273155842948522	-0.0037178604615889983	-0.5402256210380308	-0.018271322836915984	0.726781407908779	0.5314951190710673	0.2693237833821139	-0.18102560756733282	0.08740713340884701	-0.4379596313932427	0.4704599562394332	0.30428240039644217	-0.30701767020773696	0.33330156247564413	-0.45124527097596095	-0.07291710695640025	0.32801365339573973	-0.08466747848886712	-0.22921787274355085	0.023878051423582573
DTXSID9045558	19.22276237806931	-7.743733246685291	-4.5422139124024	0.40486155305904925	2.48238372649295	2.5019891162223757	6.341687252171423	5.454303849010127	0.9008019165644373	2.6683249852088697	-4.1839535880441066	2.7061383391435467	-2.76207177237303	-5.652221850749247	-1.7139036681249709	-6.6069283811983475	-6.365275428004177	0.7579287178364493	1.2444260932995053	-2.097012058180541	3.6276903032306813	4.115192540544074	3.3490061275575567	-0.699868941591097	2.3694154854514546	-1.3942182647892005	1.1048845324918222	-1.7323274489122613	-2.61203707803846	1.0363299402819712	2.0851775333669536	4.6837586901103805	-2.5875657238231073	3.2660337943741986	1.413734474344729	-1.59316275718285	2.4704524232023295	1.918194823870428	1.2285428514204135	1.2119933340748956	0.4946211336479527	2.4829359454159956	0.1390979951587884	-2.8627606915883104	1.453894383815937	1.136508750853983	-1.0643292782775322	1.2181354036908805	-1.7197997954546844	-0.3017942576015592	1.2882877045999597	-3.6037205338681684	1.471201814484587	2.0777970623441493	1.7142475304923708	-0.2985394539988075	1.80548387827438	1.8570700203188402	-1.6447849570988764	-1.2903168432624403	3.5153516789369172	2.3194053766998826	0.18859866631564312	-1.1701035669243014	2.8573207708386676	-3.525994870910353	-0.46271596615370997	-0.41411029648143527	1.4257613237032223	0.6353601331015606	-2.7875368955991244	-4.98658893394765	-5.12641026880687	4.37952148150446	-3.6853601493708714	-3.8897734959560095	1.9799152788436793	5.315780216121902	4.0628911285173555	0.4490137842246062	2.821944089351894	0.26593246320877334	0.1392432595591334	-0.9889986236073056	-5.7712954211686895	-2.617452650496004	-1.2799686167885151	-2.43670191878599	0.3465719949173628	-0.8679267278902509	1.8851701343301752	-3.81188484323067	1.5820562420460578	-1.3762915178874013	2.374251476776851	1.9196289547440755	-3.67539176907916	-0.7771272226187433	-2.0145356063704924	2.7070401001513047
DTXSID9025297	-3.091741353360157	3.4170448908200766	-2.847464287901331	-0.6992298066181795	1.8956451295470438	0.5063637577433027	1.1119773007093015	-2.2007574139204475	1.5480559504195426	-0.8556069134511803	1.2974933673127094	0.9769795042314439	0.40253844918866283	1.0073724976344147	0.6381842824581155	-0.33108515875431216	-0.08705467749157463	1.0928986225435686	0.4228085158559174	0.9401712986182955	-0.41639660383119226	0.949115589948649	-0.527867926624644	0.1429648665404151	0.30216056137279856	-0.23327306928962815	0.00038536398300745213	-0.2325857074663857	-0.52877882534883	0.28716136351033694	0.099428148441445	-0.08454857581491389	0.5314933127394489	-0.09777725562791487	-0.1577532223317683	-0.16140789624298615	0.29619682469221875	0.1899470954945094	0.6801797388310263	-0.3588081199183078	-0.17121513233730365	-1.3363458689230372	-0.2920546942689872	0.1448751958470189	0.3040377046477803	-0.8659917012814267	-0.0579574183157615	0.34989399303297003	0.42803334182132524	-0.2036117124654027	0.04480263930502798	0.16698151698928304	0.003363760462191659	-0.28610913295575413	-0.4848344772849659	0.10799235367926997	-0.32325169388418534	-0.5429716081786713	0.1043665054384219	-0.08563375161801678	-0.10653930007871909	0.0700514201562272	0.301565765992453	-0.026552998700422915	0.0715712361457306	-0.3107646713139034	-0.5305657937954676	-0.29807555804839697	-0.32183980846134685	0.4700328450466977	-0.2905948027050595	-0.45067081995437014	0.36075883424127553	0.5133214181306167	0.1621354542545127	-0.18766606266302013	-0.3270669730192554	0.3066544741568007	0.22693394034874695	-0.1101323546525395	-0.2655886919453167	-0.25837075306359003	0.12345185300014742	-0.19747171714249695	-0.219479158899054	-0.08370380497558692	0.5094745966034688	0.0403574978264424	-0.026441915667824157	0.42391591707290105	0.4966989545935118	0.01266209281828909	-0.19448881808087998	-0.1635677402529694	-0.5404436196912987	0.06976987325272878	-0.061176024210137785	-0.04686167811100249	0.25564812287538774	0.11835628353893224
DTXSID6037728	-1.2885078054621162	-2.3031521787422764	3.7504149755352896	6.698720746979907	0.3167722058466545	-2.638975153590556	0.9648684390796056	-2.592342613712795	-1.9481142885849918	-0.30325496208909053	1.1699883951154024	-0.6434339999030897	-0.9826490012972132	-0.6702164723818376	-1.1355341494885642	1.0269290228009031	0.6180442806486515	0.137521469327491	-1.7773105892963623	-0.49159347785429597	-0.3140158630447376	-0.48315336761270417	-0.34207743160342474	-0.09965762141748365	0.7786262831434245	1.152487194284463	0.8461409293803903	1.0589665131893027	-0.7024157758857749	0.45587822669956335	-0.9957764033204031	0.7028098688421605	0.41591797791458623	0.44281842768916263	-0.235826518947027	0.05922353326821511	-0.5804562889550737	0.4826422808759083	0.6659549724052308	0.4209836248999623	-0.9796215624149454	0.7708724426236594	0.6505346859538033	-0.9096099354664618	-0.194839202897598	0.08961655747377661	0.9794199274049116	0.8332118926301784	0.24833270989013065	-0.9337832477317777	0.7479167488010093	0.6816605137579246	0.7523810006461071	0.35091350179926645	-0.46365220692766185	-0.1572195953028547	0.6553397737030591	0.8320903365699998	1.3607164924685828	-0.5667986627449417	0.7563641298835321	0.7819220998190254	-0.5941336904830389	1.1530147147437828	-1.2038630409237991	-0.4435982972883572	-0.11182019644570688	0.04616048622704189	0.3722125425843209	-0.7401804529090084	0.7706831971242576	0.4364538138049235	-0.28770732092874596	0.22980696339874226	0.15901725266968958	-1.0425206236042672	-0.012498717220396829	-0.12041308361167034	-0.10881428471210469	0.5783114990635868	-0.08728844864214777	-0.6393603817248129	-0.15291189022450646	-0.023610644828978723	-0.38202775137554296	0.34480475138724026	0.8132580569402716	-0.18857465845517515	0.2599437046295876	0.2648653026408525	-0.05599608801507774	0.25462795050772613	0.037892310471888055	-0.026509516261238614	0.18245509388598388	0.5978761782355985	-0.9185207408044731	-0.2153756726686375	0.10347673008891008	-0.34984622041323205
DTXSID9045182	8.99425441997605	-0.9141379712081632	0.20442101070718785	-3.3688286528292033	-3.527556682437007	1.117649387700139	5.392207876552438	2.392005212367419	0.5072623455901873	-1.6915605815311652	-1.6862479858362311	-2.9435076376073406	1.702261418485112	-0.43912908886814556	-1.7727736116709791	3.1267743917331594	-1.8317204790377621	-1.7023068850919678	-0.4698492486710598	-0.150860010871623	-3.585964157439575	0.9491279921394348	-2.2215645094664858	0.5215544682172871	3.557204195756186	1.663830957145529	2.2459978395596782	2.309771110755844	-1.227557555171667	-2.2564334095767262	-0.909462703926191	3.901940517166667	1.4909375081079983	-0.2837547653010161	-1.8896799149771037	1.0732204128873328	0.5482891185339185	0.2473115135536662	-2.687070985460171	1.992256626707444	0.5726406369321323	0.12842594504338528	-2.168588399165213	3.170148956122478	0.8274331426114241	3.4471086383632352	0.31508854777365447	0.8968766825921916	-0.31697271827038487	-1.0647114955659587	-0.41320229913247053	1.9359232751799065	0.9395753780378192	-2.4780001434536256	-1.7126446697860174	1.3419996884937713	1.5443337762913973	1.1899902788782715	-2.0419990534772827	2.7110419694720944	-0.3320413315635344	1.4471959175760472	-0.5721095431789469	1.127695779441545	1.1540536962845844	-1.208174254067332	-1.6282123758113662	0.6350614161773522	0.22829693487227865	0.8185391315686594	-0.245590655143094	1.412566003199364	0.18305937465903108	0.20181474828560841	0.4571522499438393	0.6312652567847314	-0.5784011137314438	-0.24588480531271373	2.298302597463317	-0.3424900103208876	-0.9527119274400123	0.6600444415722558	1.1649151177405361	0.40172299269968664	-1.9816206022380587	0.09040700927421012	-0.2798212780347806	1.029351351145367	0.420450878653855	-1.1948365117944224	-0.18291408173222456	-0.03701743223935892	-0.2974776702041856	-0.10914246952314054	-0.35258296671398465	0.21569672140034685	0.9230012734812595	-0.3253740199988622	-0.8475252108844492	0.7168285895079162
DTXSID1046263	7.728043185261502	4.705640314445005	3.987659067952002	-3.5928645097014003	5.3333788645235405	0.3968930685034136	1.180914944131265	-0.35584349782420677	0.6280727656639423	-0.6880517531164538	0.2966592833373287	0.5750933288800255	-4.820020733076308	-1.2012753561135676	1.7313224267287857	-0.36604700929459655	-1.0308981850583374	0.782699374605757	0.3725500395120521	-0.6046716140494137	-0.26065999281706603	-0.1468883856909256	-1.564228775199502	0.8219213474313146	-0.7877192800963737	0.4440311363927813	0.19595074433050758	-1.1174508483116805	0.28348537751946645	-0.6296534950219898	-0.3367475796027461	-0.787175851222927	1.0803995119984846	-1.3749857301522954	0.5946099173382563	0.10105803872031781	-1.117794651098302	-0.8378057571466118	-0.5522892896268392	0.3437703441067642	-0.0014877345256506223	-0.4038496740313868	0.2145008866184091	1.375035693849231	0.3568295007759636	0.2804350601977433	0.17732924719348878	-0.3933152447285329	0.8767890114646528	-0.5551677683245365	0.2706844340429142	0.5611593930355907	-0.49085356563486937	-0.19911534229328925	0.4349355269112092	0.005701312958196345	0.3434883226361645	-1.6492736229610416	0.04417263145115192	0.20860771798021108	0.3689145110960296	0.5804553823772385	-0.8851547228783415	-1.2292719581479903	0.48489861429975784	-0.6587012189579416	-0.44841542375991195	0.07565002109381089	0.26371370427301566	-0.8200666680565036	1.3231423416319013	-0.6059339134090054	0.2567177917149792	-0.02100603304040651	0.6715814802329636	0.1301174362263852	0.6123705832656413	-0.2654383029627003	-0.057655836627701317	-1.042765217793208	0.7810796918764457	-0.3497415040079894	-0.6064852749527272	-0.5794070830201814	-0.19820101333286838	-0.8624100714768985	0.6056730099882927	-0.2270048108085131	0.346842345678859	0.15409809961392226	0.17064810910035022	-0.49903193184155703	-0.05878308155652871	-0.8170669383090386	-0.5556550884807365	-0.27209944127861185	1.6785575839997284	0.5572020535517502	-0.4198894732380318	-1.727938468691604
DTXSID0033469	33.40745264002901	-6.502963834243275	0.10030157140688334	21.898467476555556	5.118899710420626	-10.49796382390358	2.4442161959098057	2.756579289970602	-3.748871687108459	-0.5144956085292949	-0.3506450456058403	4.777061663314685	-1.9393613870692825	-2.096174204197825	-5.3204999659907735	4.729447533341703	2.733983752343745	-5.10263766811367	-4.12817227936179	-3.112455850913251	-8.948209329820015	9.38278268358381	4.243896346869817	2.4182620569053044	-0.8340325933978818	6.319217906191501	-8.226889560160087	-7.161954448552935	-3.125168559621462	0.8267237926476746	-0.1570349832897925	-4.95586564334636	1.6889802535883	-2.523158047408121	0.42294061579947195	0.40109084095712527	-2.685753939812124	0.5037331206378375	1.6207165145751197	-3.774796344652651	1.2276865316441843	-0.6346184194456853	1.0595066046512194	-2.942091586595857	-0.0663654047349189	3.915655745546283	-5.576329588319468	4.287670954666812	5.721350418644862	0.175236959854228	-1.2964330848036916	1.1588714214795397	-1.661469717663189	-1.4684665039571343	-0.8626957670800183	-5.894222973603774	-3.018333815568811	-0.7202964140463158	4.415992695327797	4.079484828601875	-2.234575126716779	1.5591108435466232	0.8118687933002366	-3.012619238079173	2.164435019052854	2.265486104089249	3.9705503328024685	-4.234733111273882	5.441307879220937	-1.6519675021327336	0.4918935726924945	-0.29090884022324404	3.941407051704595	-0.9408241162121236	-4.950519242744885	-0.5804622546139819	0.6253435989476442	-0.23531455509130045	0.13953588726747182	0.1438593904617877	-0.6869308405025863	-3.095716686124254	-3.6210703570618055	-2.6794758634337237	-3.3788951093038326	-0.9676159765785123	-2.9322032800394093	-0.18730859249227944	-2.116730730394542	-0.16303870159404882	2.525468648028307	2.370453946828666	-1.501611554180294	1.7716137753128816	2.049724687086045	2.456167709008433	1.115002942635712	2.551292689717214	2.314662739596624	-0.03728381923328041
DTXSID0029559	5.677233837715188	-1.9365425486547345	-9.464446534697126	9.605530572362776	-4.878248695339258	4.633655887309007	3.3104494793449226	-0.5260577165111857	-4.8734515761438795	-5.0903921048118	-3.0666494052701814	-0.8893062839165647	2.3069836919510895	-2.7116593863572005	-2.689110872991356	2.960963187083095	2.7781726861217617	-1.2366459322878618	-0.7131294671264944	-3.200671100869486	-1.7039222461169383	3.379351977005071	1.0281525575078918	1.4416038321634337	-1.9125566443132587	-2.3616737599416977	-5.237874766203943	-3.4916495073196807	0.8711858637451265	0.4394569351453541	1.1129878839188627	-2.4538288682711475	1.1125953095189836	-0.22516531292113748	1.4502550958872573	0.9674868013056573	-3.4449633886034543	-0.18530734458477746	-0.3555040273898819	-3.5921132479529763	1.957693972870081	-1.6896359831469756	0.9358276658409949	-2.6780956855300606	-0.8327548919928366	0.4974219759935011	-4.871018341352578	3.4565209823197263	-0.21059967492803028	-0.09335299733642283	2.1585879288698786	0.6269329656540825	-2.2175702180682837	-2.41032214855052	-1.7267842501849977	-1.7401481319797198	-0.6496974754329694	0.0701829947858584	1.504655770308709	1.3950340804659886	-0.661660255532303	-1.1597008882591262	1.669901680476725	-2.1376110021723727	-0.1528512151274044	0.5863899828492025	1.5942782179758936	1.4507843130643916	2.6840131488819097	1.2645720544384838	-0.05674841947125923	-0.7272257742770605	-0.21547127655896084	-2.0340624021977023	-2.708141488445159	0.993766943996744	-0.6749905672936614	-0.5336605008362233	-1.798736667323108	-0.772000638977462	-1.2288690581070907	-2.7469992313043936	-0.8300462138977088	0.03931239588321747	-0.788255907350442	0.43713528991913825	-2.007709897349827	0.15667218313518333	0.2884174779302208	0.09834393438512022	2.3442376541128267	2.2612267211489385	1.2750214032148932	1.1919706332930635	-0.19550293161281648	0.8618583986695494	-0.7867627093988631	1.270003490974591	0.6919368071523112	-0.5860235583306208
DTXSID8046167	-0.11422523989348715	4.35659418404381	1.7161315032500666	-3.3848121430715117	0.7305318111604482	1.7013994492565219	2.975068287237481	-0.019396772335810934	-1.3341945382380207	0.5215867943896404	-2.3978876435158383	-0.9181209420564487	-0.09971594446878114	-0.9139549147291631	-0.6381418104823349	1.6821242731805095	-0.8671684081367483	-2.235876510290099	0.6777935134772357	0.7966120686333589	-1.677210962815436	0.37008718771314303	1.3444131849009673	-0.37017690116301843	-0.23440068244003665	0.4165564970305134	-1.2859494998798502	0.8226896155089849	-1.4581097523803677	-0.3790891148865022	0.3193871983171541	0.9939856654117881	-0.4160357079642109	-0.30386246445279785	-0.8089318516157854	0.4716219456591773	0.23067470815958385	-0.44425460776091175	0.37023147740654466	0.7805936685742322	-0.6203135930329357	-0.3405404095156458	-0.5806856270415098	0.5852275191264585	0.9783441602571613	-0.4020490710772214	0.7454433223533973	-0.9596638931157168	-0.35264451066050845	-0.5467807225232695	-0.36539528613523087	0.7900398547913985	0.831918549300261	0.1293485331282188	1.9210885580974135	1.1877054786355723	0.4499992899849962	1.237650519988881	-0.4436007249929388	-0.22583346263813475	-2.0497447500184456	1.473880194890505	-0.855621119588816	-1.6168337283445757	-1.200126732059234	1.3691470474356084	0.3368215306100221	0.25166627697541855	0.9767141309954106	1.124203622386215	0.20040451067035547	2.466495223185828	0.23819640798704395	1.0815126180776558	-0.23095479268827918	-0.5344100074691129	-0.0587612706756621	0.03928466025686415	0.17537764328647457	-0.4210340899852168	0.788739720065671	-0.356020646079382	0.9786583603377557	-0.47856961969665696	-0.7277844052193468	0.8648271688484407	-0.5595472501585804	0.6293467407654922	0.7790059335750443	-0.05951870125915571	-0.06789073303143563	-0.6693161057785049	-0.1330152965699776	-0.272847659057587	0.24465606739368123	0.6794304681053184	-0.5686623854357623	-0.480870335601808	0.34949935272756827	0.16748582899212947
DTXSID6023656	5.489539257206103	0.5100055725884951	1.2581144909377184	-5.361751191798871	0.19410535694188413	3.6366063130381194	4.505533811308381	2.821407936021671	-1.866951466206025	2.07684563959576	-2.095449899839282	-2.4000777897314953	0.4144434376082545	-0.3998260726405466	-0.14311353177110966	1.3156432214827796	-2.7811265431606382	-4.338414835002369	0.07260527466046203	-1.4044892387460954	-2.3336713845931802	0.0663297616440121	-0.07122918965045602	1.9246311169078565	0.5224007073754808	1.7325368306677944	-3.057118680949347	1.924933666780013	-2.077453340706404	-0.4060234059267397	0.22819672432664623	1.7410820702437197	-1.3177267160700143	-1.5750428292849177	-3.229585082894539	0.39061693897242494	1.399792389934368	-0.7910165977395299	1.7528555995768942	-0.4677687620422043	-0.7155749545980381	-0.028824171421758252	0.11861476240899291	0.8306385858911023	1.344174956149123	0.10877062080503357	2.128544840187274	-1.358679750220425	0.6410562309045552	0.27747535834548304	-0.6003433962686372	1.4841580825933816	1.5116234543727445	0.9106412024901107	0.85928820273985	0.9919013542646451	0.5722973515500659	-0.061456885674009976	0.7833464863232329	3.657450326257501	-1.2323719055750308	1.629744962121188	2.034117834673366	0.4358079304338408	2.2977157960228807	-0.22181331868440088	-0.3825423577125962	-1.3912318506808488	-1.4709888278512395	0.1364569157113504	1.1420255481824877	0.14194423071296966	0.7362207505550105	1.466717775982991	-0.22038707341671415	-1.4831955649601853	-0.17683278494690463	0.27960320965398017	1.097903923260631	-0.44935787395342464	0.2062106234806638	0.5420288573402665	1.922007209849899	-0.43818126653078376	-0.5865318156130772	1.5703797554946561	-0.30810386919450305	-0.01566783382506161	0.7087065891876456	0.1646206181938023	-0.567729846061284	-0.6857183601588215	-0.08154428777973084	0.32112780091254756	-0.24244715830237673	-0.3799835901088522	-0.22266147265852027	-0.4048381830207865	-0.6168222073989703	-1.2970425509596355
DTXSID2040733	2.101641236279831	-2.217937890990069	3.2331866279895176	-4.245601964000346	3.142210631049876	0.6060294471018463	-3.8709758411970183	-0.9427861086128944	-1.058557154406033	2.2583092214261367	-1.004527556868598	-1.5977865610539261	4.617634309490074	-2.7532178259431768	-0.06566226513302623	-5.123954322531237	-1.0365669745998856	-4.435093066904869	-0.23474872946276934	0.9402918282651604	-0.7401310692478608	-0.5406870010189895	1.0239372078237743	1.3497433592763475	-0.48810984406009733	-2.629037151627452	-1.2067540114309905	2.5393819781046045	0.7240492341704802	-3.4834624753807737	-5.12900051104629	-0.036008477140138856	-3.9885670395744146	-2.2040520342762986	5.300782994988458	0.6296968326411954	-1.830619933568293	-1.1758895648653978	-0.6649923181856917	-1.325790726086904	0.6121098578630376	1.4367593141005883	0.37116829322738765	-0.004345737312899669	-1.7019807937311426	0.04949741895954447	2.678741309370178	1.378311046669874	-0.9352331755300322	2.331867976295397	-1.1041908950356576	2.004534345751891	1.2146515956675876	-0.6923822623683361	-0.20431482056582165	0.4981331230822262	1.413033618342362	0.9253807685381842	-0.2372435347992139	-2.273192154515995	0.28343567806366343	0.9203257683064809	0.5038227489049074	1.2227623548790691	-0.14601645588420925	2.4274044358330196	-2.1492279558596885	-5.45532699827729	-1.3493219853156477	0.2891570325437494	2.26639237480422	1.0486288736953124	0.3577261936869132	-0.8361475923384096	-1.3306757154779507	0.1214700963150215	0.7481939563969897	-0.831325071852253	1.2455804495799154	-1.8975915707305298	-0.43941393364564313	-3.0055081036104276	-2.4231050657892235	1.0204832311453975	-0.3732672805163148	1.6516724440657204	-0.25948740166961537	-0.5339774953720384	2.388949809110616	0.30781530713337657	0.13709632817437467	1.2129291557610402	0.5362104037533229	1.2602712223549941	-0.005600137233895687	-0.2740943304341259	-1.6446070281538872	-0.6843169848130519	-0.09088674702659418	1.3528935531861568
DTXSID6022004	-8.975866948763475	2.1252401021987057	-3.5025975284203987	-0.8505344823803807	0.3673958759661882	-0.6957201166380246	-1.2174422970928078	-0.29853192715439864	-1.9637907143876503	1.8616990591554066	-0.7897269168895289	1.0184433223293003	-0.16972739869178205	0.8445229639688809	-0.257535832842838	-0.6550391640289781	0.3740119301304898	-1.1513778735246127	0.05993743816965449	0.02550901908985993	-0.12366695884501415	-1.0950945107162644	-0.9791417723641077	0.22369226814094512	0.6843742760033259	0.6838619449334984	-0.8512671066277951	-0.9766122172798263	-0.4071672053387091	-0.902580294270789	2.108865319714587	0.5214169057373247	-0.5852503847935323	1.3356889746908127	-0.27603453230117975	0.37352725640570544	1.025529694282828	0.46212506145789056	-0.28398119545984	-0.2221471225149909	-0.4508044454381371	1.2443481191689993	-0.008841371513222904	-0.8325168109794906	0.02443001502552549	0.254647417809306	0.34054674880244	0.06958414684153844	-1.2687341384094069	-0.6924232508083846	0.38677648572973555	-0.32441618984299386	-0.9604202631535524	-0.3286935520218327	-0.9324851369762269	0.9161781875312139	-0.7978184363791359	-0.475694104526629	0.05991712811685066	-0.23537087007116464	0.5967777495933553	-0.0619848600907189	-0.3251183709045082	-0.20336926638868752	0.6574677047322919	-0.0747376782481755	-0.127938720972434	0.3441441468709352	0.01491367864776422	0.9486023087065433	-0.22443458970180163	-0.46167488215968966	1.024446157833538	0.14352488862142787	-0.331200710262544	0.7426577037068509	-0.3955340715886617	0.43054432170641743	-0.15126709195354412	-0.2791820997829319	-0.2780034633556329	-0.18350000840438785	0.3372066965720333	0.10388569858836182	-0.46989473741813587	-0.3392037534326813	-0.3730416261581053	0.3732008051887221	-0.4768016128650307	-0.43004405684419483	0.656961190909526	0.620398042142206	-0.27905534954264816	0.17759834043454564	-0.3225025453050782	0.021510972979964096	-0.04123989006427397	-0.14557124898536072	0.08663212578020425	0.4483916833499124
DTXSID2047274	7.299366159607939	-4.761058673067669	-2.3470426193477265	2.199069258501311	0.620025803965594	-2.9214643264881066	-1.7560750535665484	0.28172008977988827	0.3803682628071745	-6.051335917333897	-1.3177127061273997	0.8090211190978094	-0.49589502144948877	2.723015451787069	0.08036264262804027	-1.463330894562095	-0.07625831852049103	-1.7243984756844755	2.5598524840403796	0.9893400836085068	-0.6454403849730284	0.2510310608816169	-0.702175248335555	0.3053515414921829	-0.9876430779275817	1.7748183331388123	-1.0882757139792147	-0.2867801432341949	-1.122617166626113	0.8309911349676415	0.8275900247708677	-0.6411890964219982	-0.6499526248472927	0.3558847403211827	-0.5184153237970667	1.888805785168549	1.067973373356582	0.7975493800879132	0.7586113851324676	0.008577264027259078	-0.6315020822039623	0.29490240088582126	-0.4396110919362063	-0.6515967360097001	-0.15456776380180415	0.6027110825932374	-0.13034288710097364	0.11539411839956645	-0.07717645866007514	-1.202824921900753	-0.9226021961745853	0.36315185354957774	0.474968002389611	-1.1573167746660593	-1.4878283894864852	1.0506433215449729	-0.7005490062867012	-0.04189561996087619	0.8249686962739663	0.2630444062905514	-0.8644599253758859	-0.023462493539713636	0.5898588424492494	1.3415188629723007	0.8108198319049369	0.9847647949554901	0.14185201389483915	-0.6393378025823919	0.28302017061622103	0.8049617658018862	-0.5378112102100686	-1.2316364743766195	1.0006498976414042	-0.7932911341141956	-1.6696413309793119	0.7012771395357414	0.684936137945713	-1.0569281178710614	-0.1417027442674631	-0.6068868886471247	-0.1311848840776529	0.6367301137256495	0.8335011979475121	-0.7288862180310244	-0.38233368496512093	-1.2023045781113546	0.20613264594219957	-0.0203812167831817	0.010499844927224958	0.011407051361679554	1.1094397886051421	-0.3599856263483286	0.18415702816604806	0.3437555753559574	-0.4044698664390411	0.3030306184312444	-0.3087015509155313	0.27090754317682963	1.1001231784969643	0.8999837145576207
DTXSID2032348	6.871740801766401	-0.9095764641429861	3.5418397813675084	0.4956044776306129	-2.4727255253639204	1.5155706435242802	-2.426232539289007	-4.489084564881155	0.37985725209962595	1.0837135677804277	-0.4679921323676613	-0.06326695519575155	6.68937558719982	1.7562521026190552	-3.542359292036027	1.2813907949696415	1.1421361364710834	3.812665547478397	-4.134613013203545	-1.5637421722145177	-0.7476741632514282	-0.7374036721426891	-0.669452397117932	-0.3573412152768447	1.3352583237594338	0.7269476411717756	1.0469994756426422	2.8189928845721997	0.6199375300867827	1.1043560168667805	-0.23216325487647407	-0.14859212365517552	-0.2150408350824011	2.028974308693329	0.6171515532545733	0.7397041548918578	0.6942328076088025	0.48067277736200553	-0.9541926259617901	4.274062404125278	0.18837744465572165	1.8935311960271888	-0.3105327201138587	-0.9847040779367499	-1.0180478996626567	-0.005076760071522944	1.5072311527484588	-0.36644261815468215	-3.490504537895244	-4.421992163845292	-1.1713355723118117	3.010510037167333	2.0606135838560706	0.20327017171353964	-1.7313868919876243	0.1446986759306813	3.24603171954917	0.7348652276988884	-1.0057704044674804	-0.5394489707165198	0.010919713147116464	2.831850415107819	1.6620677262746029	1.6248160568625183	-0.8039315840460681	-0.7836867816588594	-0.15241515214877013	0.9843748679752764	0.38584804718548604	-1.6239938210332223	0.7092594244075019	0.5166100977674678	-0.24009392910133606	-0.6088625481846773	1.5475537354765434	-0.9031037465807268	0.6525100428174591	0.2685710448277665	1.5502954104935658	-0.07423775285515614	0.5297528579415218	-0.7307493344823708	0.5564915337734696	-0.5085219007574848	0.8742077959611119	-0.5902179567218562	-0.4514630633127455	0.47627552704675485	2.003667086410735	-0.5742564176411536	0.5983605098705852	-0.5562935699666615	-0.8442315497007836	-0.1348482530028074	-0.931340530071721	-0.17530348287249134	-0.32124284721926283	0.8867558363511908	0.3796587248569987	-0.04471122666148777
DTXSID3035341	-1.9221672962993752	-0.050529516234346046	-6.639791415650551	0.4437919027095776	-4.2359730614628495	4.022879716446098	2.349456911376412	-2.9361476389926695	-3.952674542414681	-0.16073979116292048	-1.5015790954203938	-1.387270852365529	-0.3701457537424972	-0.7888384304191749	-0.7640339491005553	0.37096205255587955	-0.4573032747443346	-1.0913509159943529	-0.0941546677090611	0.7499520371991886	-0.45714656609066284	-0.27329791762093264	0.8383757477722502	-0.39066809450063517	-1.1455390868869135	-1.909671901239557	-0.1928007080981788	-1.588276864515454	2.185513499550253	-0.7302377624045624	1.4552827321071287	-0.3821463459877236	-0.4483587657731954	-0.8061905361850207	1.229476505142529	-0.45799966854100066	-1.045414740383937	-0.37588222867445453	-0.8097040113643881	-1.1949316383811002	0.6152170999155344	-0.2346178139574564	1.6638703444774328	-0.6161850655197242	-0.10429891903459988	-0.8008533833278846	-1.3207215226625368	1.305069315340264	-0.9234546144106413	-0.08777445904016502	1.2896642266818044	-0.4766979731597416	-0.4976325684515326	-1.751949162527484	0.28177394510458686	0.21036390769580662	0.5888661713054351	-0.947497658786998	0.2912248484667521	1.1275665951913845	-0.46567518585946166	0.2340864384527977	0.4060469357195365	-0.07633285195480292	-0.7875111262735797	-0.6884557331294656	-1.019618572442156	0.4561367249720695	0.8370195934219894	-1.1182737891289507	-0.7264671784421939	1.3948743596992441	-0.5169215629077987	-1.4948664392811601	-1.4144244626885936	-0.6027160237898027	-0.9353640943139304	-0.009048995258436684	0.0979692504077385	0.039258837900325534	0.3510744797425344	-0.0701010947820151	0.10829940475076412	-0.027562543660239854	1.330794571570735	-0.19675657230231766	0.7748891754332493	-0.7310018063251554	0.017865187289539997	0.5254878080095451	-0.1902012266408501	-0.18542180678467735	-0.07984007224227756	-0.6000373744565123	0.10584561982553849	0.4736293207026437	-1.2396914333019877	0.5091508630866228	0.1234604953220233	0.05976069092916045
DTXSID4046656	4.678720418682726	-2.5812076056999613	-8.73381378460814	0.41574031672845235	5.254777660031322	-0.6909095601804929	-1.8647252733259478	1.1886516596569598	-1.3370741957273378	-0.15615390161943948	1.3980908755430443	2.136109999769039	-0.005875831702354709	0.5130809311949154	2.0905634955020815	0.3834971025669435	0.39359009714497	0.9455904773514237	-1.581624343664812	1.0798510853485614	0.05608769702319208	-0.4528302869492931	-2.2911904591515024	-1.0359396827364002	1.1308703964667963	1.031279552359087	-0.6596734953537291	2.995491211057756	-2.539266197235152	-2.72389567062658	4.656025043883942	-0.7090515053141467	3.4924854776211944	-0.5144381365932205	0.500031074697952	-0.6071139769924967	8.24357535458075	7.707383579691416	9.740299835171918	8.338190474907861	14.71769711763264	-5.045242741629603	24.849964057933143	2.3915733801903256	-3.7793070298393534	10.566939422259706	-0.3783023458137797	-2.4232054980794024	-4.477249859602766	5.574642715694897	0.742702681743572	3.6854590147922064	-2.42647721742032	-1.5926431615686054	-2.1323231438361914	1.373509639042276	-2.0187823266523877	1.7070333643465867	1.5057058864056425	-1.595647601109987	-0.19451424399968462	-2.1568700866073764	-1.0849905644588624	-1.0576539320552616	-0.5717092710192149	0.27524836631222116	1.8315591971763117	-2.176757735060197	-0.39731093958568275	1.9907359949358345	-1.3299190103456435	1.712941582900639	-1.2008575210713628	1.017367286334838	-0.08709685926469009	0.287617157533715	-0.9374824379256002	0.6624161155149592	0.35628416414881053	-0.051570352169375534	-0.6065640303139536	-0.7926730600202414	-1.518153375705999	-0.9934979433105452	-0.9128794065557613	-1.0799321887016944	-0.6957974465980967	1.1882206839180374	0.002724665031379541	0.3797747834477954	0.7879454148804452	-1.1438083812346578	0.5724712692339157	0.5468869352440308	-0.926123468072273	-2.485540305966528	0.3221044660069149	-0.26314872342738255	1.181872841711563	0.6564089282968232
DTXSID7046126	0.1570401392452993	-0.4350590832639204	-2.8061005349807284	1.3853237828921365	-3.5199871635630164	5.950503725885646	4.05341780125419	-2.3558438377673387	-2.66910375748248	-1.8932137619081033	-1.3508260843726834	-2.1229842450711525	1.875112191075092	-1.3461101671003841	0.12538447789696325	0.34282705068207675	-0.10190247959394062	-0.7896572403137234	0.5801567884442089	-1.060117489257968	-0.9850313841711437	-0.3882814723698645	-0.2024937983451395	-0.18347679215844218	-0.9125178007468927	-2.41083914280071	0.34483106441706984	-2.2372930844169936	0.5823106353525919	0.6236254343169301	-0.24706430517208622	-0.9296610147201144	-0.2629196643468675	-0.02365220954871089	0.8453736346195511	-1.22315289046947	-0.9339453409980211	0.33616528061884227	-0.13431216837273321	-0.7288232317430856	1.6840150243016894	-0.043704473196368714	0.13926699551422483	-0.8939677239311674	0.3111827732454271	-0.3756485795304591	-1.481657298980789	1.6200628367813517	-1.5206231787837454	-0.4503183005586397	1.6912741428881084	-1.662563799313586	-1.367467628708444	1.584535629963287	-1.0981492063710707	-0.2507421328276431	-0.5074015660547819	-0.014724795671609104	-0.7607954943152168	-1.0062608824649715	-0.1715691157355537	0.5440160698122983	-0.18850988884051126	-0.9534764928301305	-1.1641501480002772	0.6846437549849388	-0.7090612348939875	1.0254844532099825	-1.7318625856150636	-0.855060539863942	0.7388304563228725	1.9720428633346254	-0.717952672805988	-0.3375684478339666	-2.6604941344716706	0.957619225741049	-0.06855275785286788	-0.621994554862625	0.3877929802772147	0.681590287018471	1.01370767611791	0.38835650720794	-0.610296386978006	-0.1024251008922506	0.6761152451081469	0.5771836614866591	0.5936042055526853	0.9955735550981708	0.21185466771393963	-0.2747019275271377	0.7821107450727408	-0.46476166054634727	-0.15170747773105703	-0.47286730245629877	0.25194207926953316	0.32630140803910573	0.352560401496134	-0.05704440286412407	-0.038819079564447634	-0.12459054893816492
DTXSID0057671	4.31334537298433	-0.15372051125204003	-0.12481434368603019	-1.4124304521699067	-2.3888111134824888	-1.2527589762151872	-0.5652630722462565	2.097787270978604	1.1961516140546375	-4.202137612023578	0.029352404111901376	-0.27403155523719697	-4.683713349829716	-4.007579799300009	-4.675656167791872	-5.845783872152079	-1.6661706232898423	2.347556036158821	1.541548443821961	-0.05081672943632248	2.2544540176423835	6.627572532231685	4.225693554064182	-1.854315955069741	3.32497193396011	-1.8897674382961451	1.9427135910649609	0.3640510339367693	-2.8023354058601893	2.225794321336944	0.012860547290840801	-0.3448552992459796	3.304471743487329	-1.8066508679220967	-2.312439404493392	4.7626246901251585	2.520356597709508	0.9706127419898116	-2.6691739611823695	0.6747158548559696	-6.534633047700091	0.7719503694515357	3.7975372303693877	0.15740134977757184	7.163422713535486	-2.5105244339496378	0.6369973799440418	6.1580569457121275	-7.43414120965628	1.746113672679971	0.17824826852225323	1.582246406509845	-5.122568994902303	4.2433436830178195	0.5213437446633675	-1.0603977724422011	1.8533707851869916	1.652296726925914	-4.231719474526621	-0.48821733614303636	1.4688282919066278	1.6678001541850804	-1.6582371577849262	1.0915128415863906	2.3630264811257353	1.7332905845571047	-0.6605483368437289	-2.112469597904271	3.6785214366349344	-1.2072146997165232	-1.2491751769428845	-4.406618013082608	-4.782737273155836	5.595210908630322	-2.6273957423200054	-2.005104949466471	0.5249949450683402	3.0278962014922586	1.5446641215166754	-0.27321929501808	0.4853032328648102	-0.06371033342723123	0.66481157396957	2.321834309755484	-3.8269024170925046	-4.7439793265316865	-0.7938488432758077	-1.8877506800971982	0.6501710433377572	-0.47097746822461733	0.6811196353571844	-0.7104425343444526	0.3859810256058121	-0.6401399945864188	1.6468125783513072	-0.05396235379672632	-0.7986795471823461	-1.1083140255666526	-0.5403071775606162	-0.13568885886682738
DTXSID9034868	7.747478931688731	-7.297988520763574	-5.928462790455063	0.8887906925870037	-4.161173711757448	2.5565152915783624	-0.5189181983673679	1.0012171509493373	0.45086919685654286	-8.168491364516207	-2.398027740481029	2.5854472575922234	-4.782593717729965	-7.7176598886908545	-0.197165238076294	-5.145110629885074	-1.1550257457606123	1.7821747767395013	1.2470886880953762	-0.1059142152883193	2.254504246018227	4.995204206979444	1.8732586566913982	-1.3614313959069844	1.2147078804146716	-0.13461512558625174	2.001807071572971	-1.3151175093576446	-2.436236722020601	-2.663939302344576	2.3207103275591807	3.748230408054297	-1.6344609861205317	0.6016483470463494	0.25227665798023724	1.3696907206114657	0.34186576280924313	-1.3039210793342408	1.6899174896639408	0.988724042951489	-0.36741127401017376	0.6537098598208713	0.22569943066828435	0.03616000024412988	-0.2792041089668057	-1.356766946005098	-0.8452941082927511	-0.38015219456484317	-2.3079083997518595	0.6465845979256812	0.7292858165976668	0.3805839128658369	-1.3514073150171155	0.5015868914787261	1.2446354431553657	-1.3424790985386745	1.6757516217345794	1.239064968123909	-2.207784943718186	-1.2997263978168283	2.099329035875793	4.112505936554032	2.630235723904837	0.6710982778408172	0.514429489132651	-0.5436016433384294	0.529240578113532	-0.0009498447276165527	2.137719915530031	0.22263625273165366	-1.6434276149888052	-3.0518061301035586	-5.190332129431978	2.845485297736824	-4.994607590541484	-1.5758614489093559	2.4380895897211103	2.5886935705765577	1.237727394777565	-0.9122420701556929	0.4701784261829646	-0.012059583474637864	-0.8504030469918167	4.226366657893701	-3.1790611672529168	-3.1461010821756554	-0.16610657141633806	-2.149749718829728	0.601678542780459	-0.02693345246047897	1.5996373872119858	-1.5196287147089589	-0.5118618728558898	-1.070132046196672	1.7174720154358525	-0.32068254947767283	-1.4509810836116372	-1.4515302179028582	0.11911906664752869	-0.21307171091244007
DTXSID2023725	3.5258427614271795	-1.4055422201203656	-2.715162720327544	2.01311865142623	0.18232350273541875	3.4468267338479737	4.062205674645199	2.774027214694099	-0.4265646126620428	0.47154798164578443	4.510597334737955	-1.2438968958565157	-1.142139707515082	-0.05624218233646885	0.922955815445985	2.2039577009068956	2.476643221557467	-3.790896933180201	0.9199429619573636	-1.3332645581911131	-1.6912785376755757	-0.5888531015397275	3.329597942601416	-1.007798833610663	-0.20198223418467592	2.099482710080653	0.3119538589216762	0.5083058804210461	-2.717672332897138	-0.81821246890133	1.0241517386403602	1.7274148625035362	0.6765285451517771	-0.9941737669506759	0.08620167907183837	1.2208194763876579	-0.05348120888049056	-1.0989549676767763	0.3001382098722305	-0.595295883181201	0.5667990188350789	0.9511240742548209	0.13662809068805248	1.5357073969804538	0.31592217681314216	-0.2554870505171523	-0.004114659775534856	-1.5738341739464063	0.2875634931620081	-1.2366655579845052	-1.5877612546637259	0.10326584172111075	-1.7620778258015426	-0.05560137598365863	-0.10305040993232874	-2.1455434016295665	-0.10922296722713488	0.7757407590794914	-0.10710054881082395	-0.5505176310349037	0.00021417749410890727	1.1178252358934022	-0.11731852215757524	5.450491106804455	1.8151256907372044	-1.6107414691077013	1.042210062480081	0.06696324550916989	-1.6027986366914035	-0.0966586294081818	0.2955581464934491	-0.9037260299260222	-0.44475509853332174	-0.6065174651998839	-0.264290888994838	0.524990193077365	-0.8294515628393581	-0.7041699152282997	1.2264049997646014	0.6400634797496869	0.8445213550826778	-0.3581774760357853	-0.09596891921601107	-0.1403289201816253	0.009194784622990107	-0.3336510099787753	0.8382646945612078	0.6496186867985791	-0.939316055144937	0.1870956049650193	0.7427071938430335	0.2783025419442845	0.48284018900523074	1.2516694826150465	-0.4671963083820157	-0.5554598650364598	0.46610634396327777	-0.05665391934060037	-0.3837800150903558	0.0813137217044729
DTXSID7034961	-0.6858827365766474	-0.5502405578441429	-3.5475125151943336	-3.5846393190356163	-4.555837538837659	-4.322491257750719	4.894884809140132	2.9343060217784003	-0.8948187761947124	-0.6962890803836561	-1.0194404377907718	-0.6442591754906938	0.04472677328952565	2.7496551407891263	2.9929718249886816	4.01175905644003	-7.125528242931788	-2.3985094578007926	-1.6667720046491648	-2.2740895800626038	3.7577635113361603	2.151396001142921	-0.8674216324143831	-1.916029548349059	6.021737524639182	5.370301100704962	0.15865718638726	-0.603589436917578	1.7256100163345591	1.0499364109544214	-2.438355933104661	-1.335973877617211	-1.1674208080203716	-1.360192738245577	1.3943630223356476	-0.9196257893526875	-0.38829750187886614	-0.01618945666864294	-0.15818745765790843	-0.4348861933623625	1.7013204699771127	-0.7189425660768891	-1.5425586828436686	1.0652535350321761	0.8656893005165286	-0.6167661078228741	-2.6037126137930215	1.4873296876642226	-0.9237075031666677	-0.08622395522492454	0.4661512646167706	2.391854530675557	-1.3532120233740146	-0.16492462955525267	-0.9976574145527041	0.5912193890217416	0.16104008476221124	1.5200982415860804	0.25901862174213586	-0.5515726059532514	1.1664950422242162	-0.3462274702723038	0.856509346898512	0.9736656531301913	-0.44311639589914115	0.6106961479414624	-1.568071082953562	0.638464345700748	-0.03910652299486374	-0.7408086132487665	-0.012203879853509276	0.4983934809832596	-0.14838405513112213	0.2515032678120899	0.6263912092885049	-0.8590861739642635	-0.458354631871379	-0.6326469931775444	0.2342760475119017	-0.7172691063219292	-0.9023862294559782	-0.42463241246508054	0.42789107023710815	-0.12041174835483232	-0.741586222294075	0.40140301312396875	-0.33200766415481997	-0.05573075451596814	-0.10340304804466091	-0.12184761880414732	-0.004196869593809012	0.5740200742654683	-0.49876358825756734	0.2782830897454871	-0.23347441657339424	0.4447592992034031	0.2038807372145272	-0.1935614845423664	-0.009609006582076389	-0.14420500568143615
DTXSID2020557	2.7923983299471886	-6.042738651796593	3.7752680437723454	8.820574300854437	0.07739186360677933	-5.802585889444839	1.7558273758207597	-0.400114754134918	-2.8118754120972818	-1.3603062237212105	0.45907103467529325	-1.0477532441994155	-2.204142886005376	-3.0339499624918833	-2.4593681585780676	0.2811790878918423	0.6541235595549371	-1.6397237197989665	-2.0877570540601615	2.026907708919009	-0.7143032640684566	-1.0608398008889044	-0.12109014613672517	-2.267734577681769	3.4675092022070717	0.6483097764296104	2.2594549085232747	0.13836932092441198	-1.6043269781697334	-1.7406483675072721	-2.023823253514337	0.6371568643492552	1.0124182230745051	-1.1858846309471711	-1.6175654425614387	1.2841243025959084	-0.7070107042829464	-0.5551889277538729	0.5916244628057142	-1.3830439641525296	-1.7505966884172754	0.16773019301021702	1.7588174137364303	-0.920592629625122	-1.0287503055930165	-0.013627027346890643	0.4414953101743681	1.2431649483396396	1.1849153987722045	-0.1479431959576542	1.5208259960760686	1.3514976677238173	0.10941217965569992	-0.07787861849556582	-0.4885133484040634	-1.8002513684482313	0.6789186526788366	-1.91200110919805	1.8274752783157915	0.4912076309892028	1.0104165276302248	-1.6536414130733255	-1.723958335293126	0.1142084216304494	-0.3655745931181008	0.25984112251875335	-1.3202568305204014	-0.24506074498675115	0.018876852016153252	0.2721464283183225	1.193121980228959	-0.11778776650585672	0.3634483139784349	-0.540430199593396	0.7719750379261966	-1.2406474104576466	0.6749278330117385	-0.36440776440764217	2.2936068723008995	1.733354384010605	-0.9340722432800111	0.24040527093148584	0.5107785011779028	1.4805558609673322	1.2506216491781619	-0.3275712907468748	0.8890550289812567	-1.3022112837921862	0.6271553893822912	-2.1275738190822877	-0.6082180995766819	0.3731872108450151	-0.8898696248156753	-0.4754721591232143	0.6987974042658073	1.6598938377699508	-0.662723179104687	0.2018563374990192	-0.7189744572260881	-0.0837420219785795
DTXSID3026148	-2.3553296810088695	8.092497271990268	-0.8089270326661386	0.523069288762526	-2.6695323462189973	-0.025901440791821623	-0.6287155366882077	-0.2692782054299487	0.47060293910350526	0.19430018509038371	0.6402483538502574	-0.042728250440901984	1.49603154287772	0.6373316764387488	0.3693955778193666	-0.43007443426281394	0.008829357904824076	0.08406545097227919	-0.028766195806164848	0.2010006730229418	-0.029350853702044096	-0.4232324557398058	-0.23510876163188507	-0.33195632395019137	-0.5511508289766135	-0.20154107965058818	1.076585689821891	0.5020126633577519	0.0876684732382073	-0.218854456735885	0.03870876646725417	-0.2723293206266236	-0.11494356207718136	1.0627293520969112	0.011958281556740568	-0.015170435639104227	0.5050986091871015	0.17999413223709987	-0.0580346203693294	1.6537369304667537	0.1025529613967404	0.5659079694603354	-0.09794653186033218	-0.2412779962375564	0.06380526314167785	-0.966130653785332	-0.9215681646260124	-0.06065468265157116	-1.0697432764812635	-1.3191308178508045	-0.8187578395883941	0.4040234481987124	0.09379761137973702	-0.19770478348125656	-0.6256646757103539	0.368293452388672	0.9516025283388847	-1.1440459110334245	-0.9778697826796448	0.005611750023954091	-0.530106414548166	0.20407155355650453	0.12246032575309883	0.1051617561522434	-0.15362395053052139	-0.15710401725399642	-1.0312129611311684	0.8996546054254987	-0.46618133329394523	-0.16699024459116368	-0.49556705421522634	0.21290202921228982	0.2732914833476437	0.5455034687005755	0.9019842569055035	0.5105125261781485	-0.41362331116759554	1.353955276417154	0.42391481542099124	-0.4739061537303764	-0.596797263039257	-0.6917543132372799	0.18545420043196406	0.25890221361385574	0.2422049530167213	-0.4195853254854411	-0.06411528045700006	0.09248049488217848	0.37354471133735356	0.687501686327853	0.808457078674965	-0.20295492692114617	-0.0338244520722577	-0.628999073136903	-0.3396934351969933	0.4961189977326367	-0.45917145217928523	-0.3995644224173478	-0.5918706132335517	0.48956920629336464
DTXSID8020337	16.575280161166777	-8.957611032967515	3.8819190280499516	2.7666598998339684	10.66073524357085	0.46167936392593095	-1.7702593923991254	-1.9259139746112945	-0.2196066199705308	-8.628983245504113	-6.4975094276635295	-6.278697620994757	3.307655099809356	12.96498877015337	-0.5880812131603961	-3.7783880121236577	-2.6266696422986517	-1.7016205802559943	4.199370925293967	-0.7596389987238722	1.1793816261408454	-1.0762026797415074	1.3665343966768955	-0.8408454340108513	-2.074060281470938	0.8120627316927159	-0.6487460211186455	-1.4019144500392642	-1.1090773727175407	-0.6148283026902605	1.248658737506699	-0.06523121658213894	-0.7706175120814862	0.15560331390091417	-0.35430243677434825	0.4182573206813009	-0.31500461909646177	3.6167976540419255	0.06738592224109165	-0.3081099881037639	1.6248791714336364	0.9805724558340788	-0.6460581179295998	-3.2651928444542806	1.3861849623183997	0.5350176806336798	-0.9529387572660774	-0.7904537571576083	0.2356434610293921	-0.6371175025232078	-0.7622026449931066	-2.110097969868884	-1.3352063295021437	0.5852383551127923	-1.9066487586436263	0.13536394632772808	1.6332363895398576	-0.9917436828053507	-1.4465756900908349	-1.195959181213607	0.500110921289712	-1.8365300591417761	0.048202270358025316	-0.3027090988441439	0.5714998516018167	0.4875780873646168	-1.4142035502815864	1.1871244509710328	0.4707708605411875	-0.7793816162067662	0.4865631759864857	0.013869773896067455	-0.08394307631824778	-0.2849336774758091	0.23504087377847308	-0.726914010793749	1.282662341876051	-0.868985897285326	0.32699617194278036	-0.10979510634403686	0.2966082026054492	0.43290527785302313	-0.11482685050321685	-0.30961790961406876	-0.2459945965041368	-0.4408443378999385	0.9119104166205472	-0.48546174671595255	0.37362409210975633	0.6257853074370427	-0.30132360653812573	-0.0751246952545282	0.3031898659906586	0.05832542359810606	0.40665587018792737	-0.280043321723146	-0.13767264187395392	-0.370192755774496	0.30441123001226594	0.29492235664717137
DTXSID1026536	-1.073340844320192	-3.1360332657962013	-0.3498200724637514	1.1728657997350687	-2.275721475716249	0.414902350157808	-0.06182008391286554	0.5709161482176086	-0.39123830116370617	-3.06593338664043	-1.5903469666999854	-0.5895399210047954	0.056993526096544816	-5.57184853698435	-4.046789919182253	-4.450538324374697	-0.7596152562131939	5.180796096523299	0.7573970916538484	0.6824104789399269	3.0027404248410816	7.793962035912818	6.330537241987908	-3.329117720045308	6.153842836156772	-1.2083464147053264	3.2482663268166636	-1.9910933183083515	-2.1168689820912596	-4.254701858065846	3.533628821418338	4.605675536474419	-4.117096470597151	-0.35637731597040967	0.5875002348174786	3.0544626636722243	3.290881616009918	-2.0011679711294783	0.8630865537984139	-1.2217712487906416	-0.40726119621889795	3.054722937524781	1.1036610696652898	-0.17514563802468303	0.28386741122337356	-0.8212185310619576	2.1346740409504092	2.383540582399379	-0.9960735668539471	0.06315025947070257	-1.9077286261974857	0.25488067784635154	2.979054148375908	-0.7821685304349694	-1.5653298045156194	-0.6433772451929587	-0.231328177076754	-1.7304806528406769	0.26065355327016254	1.1259039572458442	-1.8887574589148985	-6.134904963887157	-3.5546368798554435	-0.7956819710888202	2.2091849679197186	1.354249082010264	-3.3544174822377597	0.4202247949929537	-4.985576184786027	-2.950305678991976	-0.5959273623640733	4.891800131315975	7.841473881261357	-4.602097090567858	6.290064257980509	1.7677203177979732	-3.917274554195306	-5.675993496689605	-1.880313080948776	0.7513869611188679	-3.2660059631971365	-0.0934108410929991	-0.023437126270236773	-2.817472055855802	1.2247843265844607	4.726883220290085	0.9121097076960442	2.983392609999693	0.6820577314166517	-2.017677327515973	1.3949612560634734	0.013256240697658654	0.3210430056769314	0.8669963256456086	0.25444919946428474	0.7969483057914184	0.2972469119460283	2.9854778411964404	0.8122999735784396	-0.10579268988144411
DTXSID3034612	5.67449998140652	-4.586787598514553	-1.4852495226293705	-1.668409140804102	-0.5359844487882592	-1.3985124620388902	-0.3981607914821373	-1.892438340988777	2.2684783867193508	-2.4935599682224003	2.4746308473121865	3.3611839864437463	-1.7725360134801404	-0.33068124539726634	0.69083821637117	-0.15120966138764494	0.4202957183849823	-1.5779183011410585	0.7987019449306004	1.3240172880982641	-0.05667623964934242	0.4559278212574394	-2.2545644537763105	-0.8020617759742441	2.211656171119981	2.246082520166381	2.057597991097081	0.30351207074865194	-1.8449336818132733	0.33664411333036975	-1.0023221658188233	0.12851486607418736	0.583919234017969	0.11353791411148977	0.2457012100890611	0.5488851031051867	1.2654682184418695	0.35456552127190705	0.6106062948340977	0.2246988207338615	0.6628738348592997	0.9364484331408427	-1.9114828799570098	1.4907496611546938	-0.312476354739603	1.5451178750704586	-1.6788211979635501	2.8569201295042794	1.8964495697267116	-0.47356476917312523	0.1544118423822981	1.1575041148077172	-1.9086605731435156	-3.2172521194751	-1.7749357885344064	1.9764107509246576	0.8156333460027495	1.657385974198451	-1.4088845741250193	0.7856638628925511	0.21153573574274667	1.8313659367505284	-0.9651402825994424	0.7452281790709928	-0.013587456515195908	0.30107461173915545	-1.4780877044951886	0.2381206536628127	0.8206560169222956	0.5371787394228709	-0.7747651471378486	-0.10953963562613381	0.8255388004134759	-1.095356778929769	-0.3757922417880543	-0.9259525397449209	-0.8925437364418788	-0.19846709897744455	0.6536006341918909	-0.45738624409998474	-0.25360852156810526	0.27137792672164535	0.31040706257138573	-0.30183760767750156	-0.2439096419351119	0.24715943310362648	0.22623664740674934	-0.27258537860003923	-0.5405833033865989	-0.22645014401972083	0.1893724064496132	0.1654478720203456	-0.027618825853179794	-0.26685043930210156	0.3585818804879625	0.040952467004995705	0.4827509748313299	0.26385557689637146	-0.2095310369377798	0.2716788019528546
DTXSID8027400	-6.680752246769995	1.0710437023204928	-3.6886386643947113	1.6361947180977208	2.1427508600921574	1.0354180671728088	1.6080454887979794	0.2866453220955171	1.1352203277593165	1.5183443666115248	1.477396545573788	1.835903983447961	0.5959875686154186	0.23611193235535802	-0.12363177130946236	-0.9415309303966825	2.2500438084178542	-2.3221297210518337	0.3959646913298373	-0.2760087967958785	-0.04530987046720435	-0.6846887738499764	2.1377439730321863	-1.6805937513322728	0.46132127916958393	1.2763829589780256	-0.48643796792347976	-0.26736713465454226	-1.2656514420818137	-1.7910654682291103	1.4242535183164762	1.030637670012697	-0.8985428317525765	0.6070838035051271	1.1953179910434162	0.284612291278782	-1.0771088797203405	-0.6454318709663757	-0.7582089832443539	0.6300616766269633	0.4224365347824411	0.9341652882651535	-0.13964130038356495	1.081207250273649	0.653595212998018	-0.5775235839581511	-1.6578527443017612	-0.9413451860855528	-0.8362235317469023	-0.4474555989853281	0.211045408059196	0.21142588584900227	-1.052068216845456	-0.5176509899678785	1.177988852253422	-2.167295873778417	0.29759244559439807	1.4832294379814481	-0.63135327902613	-0.7079848764358778	-1.2086265654966923	-1.0470161400646334	-0.2523728429339761	2.6199346108975807	-0.004075604050977739	-0.7060188071991367	0.7540898881875048	1.5546740328492075	-0.16580831746135444	0.845443618095436	-0.5583027480598305	-0.5913930920641881	2.1748157925632965	1.4557124818530676	-1.290461576892776	0.3322724131262906	0.6830609966296026	1.2481668493401086	0.37697514486987727	-0.6182933007038871	0.30359006225199825	0.9927205795697752	-0.775862079740134	-1.1323055545764942	1.1759724883148595	-0.6515654251848345	-0.005376505663122561	1.9771475881771745	-0.46057967975397646	-0.6698770503421868	-0.8542309350332935	1.2778943638037963	-0.5849463752559126	0.4924480935969925	-0.36426012101034944	0.01316449296850793	0.16037083006243977	-0.9454516523286178	-0.41931200910408745	0.9540005499089882
DTXSID1026457	-4.425492593893273	0.5426003739899434	-1.4815744202763221	-0.04936862163167646	-1.0972427213704075	-3.5230872216251603	-0.16734098716460752	-0.26699591123224753	1.0077906915357675	-1.969638374280613	-1.2706683946643624	5.4346021579441715	-1.2435001494951023	1.2379122129505575	5.439225187410457	4.03273793575437	-4.882088227987312	-1.0876457762792227	-3.708725533997033	-2.919975323984455	2.034564865456343	0.9933931120449451	3.463764851160717	-4.300038773121001	-2.2685202752918276	-1.5322643402708733	-0.2064124483567162	4.610197834525719	2.989136736293265	-2.4257584034069377	1.6694495712191033	1.8114330165084935	-0.2840740763892964	-0.2097716302524827	1.7051024950213638	0.4336868773794327	-2.1008196069681944	1.7977952325574358	0.004349728258200383	-0.98443177411909	0.02443805592244204	1.0767653235477939	-0.10890624791710211	-2.548825599915701	1.3027415959286703	0.6115282795110045	0.4136915410346712	0.8507809204818052	-1.2516087074524775	-0.6353205182369813	3.521803192342711	-0.3300694278544316	-0.569092779027279	0.4652831391476386	-1.752503130801842	-1.7049983322608264	-0.6760266263437196	-1.444565927664115	0.5306290170613884	0.7140805777098571	-2.2511725825234183	1.3796059982720217	-1.5613096860500912	0.704942206262261	-1.146821968404935	0.6490806636641966	0.3517353035978917	-0.26009789346428935	0.6809063300241976	0.6727368910916472	-0.8251034177373049	-0.35257068403135255	0.6943130450732811	-0.21915536690850684	0.15296207692854893	-0.1944467045698982	-0.8337586541826664	0.11789749426863637	0.9095701921828536	0.26097312195458355	0.261815234972478	0.5603274858459301	0.5604511850016203	0.6799875394082703	-0.4072772662812813	0.529724293494914	-0.10799668125320269	0.3575862332828916	-0.8739824103831509	-0.6158276807607113	-0.5845621020330797	0.2842261371205075	-0.3758456294149324	0.4814306152873492	-0.8031982335796451	0.13466616459482328	0.3656034902124833	0.2550433540675471	-0.30068934214251103	0.1648581887124215
DTXSID9025661	-7.656576971212687	1.8383363093304799	1.4808830393867614	-0.8385831684646972	-0.18634616440408178	0.6752251660391557	0.5766676987159615	-1.353550100972246	0.14374925694967727	0.027904388715568912	-0.7419123761081505	0.5727540677433022	2.181689992973793	-0.07065993829602822	0.12371025335995586	-0.6978187697348116	-0.848366302190542	0.33370159046054493	0.29219319093648444	0.3589360706401676	-0.6314764920600615	0.1878262953700695	-0.2856085374912451	-0.24175754065216584	-0.29598761269199775	0.37651535826545196	0.2917338287882701	-0.2712372328814781	-0.20971216210722218	0.5653500393158041	0.34091653496705354	0.4391320825512592	-0.2707302426505784	-0.3006688902795019	0.03516591496369917	0.29502383744201427	0.24378198139110194	0.40809658401646953	0.004700580945290315	-0.39485789954342254	0.10478759219302047	-0.19464911957698897	-0.23164492555193106	-0.17842364195857693	0.25960757349056063	-0.2992556234552172	0.12297085316876245	0.3330212418985987	0.13712634352494985	-0.15474101192810333	0.101065067676126	-0.6823374948698372	-0.2340042486711024	-0.3293168305452412	0.17321785743736665	-0.7081367450135394	-0.06556574318618462	-0.1851618728452584	-0.5688139187252418	-0.053096174383807565	0.39050231005305625	-0.23377642560446013	0.1679950198793745	0.2772229320556331	-0.24109881966556548	-0.022355709347404593	-4.897032509595757e-05	-0.06746948201462111	0.045786166327320556	0.04709533115175259	0.09045996949724892	0.11527564562906983	0.17242575152195844	0.28946645393636977	0.10665385805790907	0.01488046059851248	0.3144528927628379	0.025582636249810393	-0.21765864810553892	-0.1720398885552452	-0.30964199410705234	-0.30983412380835595	-0.13487302123215492	-0.1127332033953756	0.0010759880432543018	-0.13681722087671197	0.3757500531512393	0.06171886418166272	0.25018106534910206	0.05454288246411554	-0.09881639171600469	-0.2643784192664446	-0.14070793950090957	0.11557496062647021	-0.17619908356414388	0.02234304356197792	-0.024876375098350893	0.18535626027887853	0.0797332363973052	0.05887439867547609
DTXSID9047124	-4.4834847591199845	3.4489576019523476	-3.4258577270057233	-0.05965383941028097	3.1643618417130073	0.7053731168736228	1.048158693555983	-2.2889613724798368	1.0129227575570643	-0.44733516385103594	0.14192046791455767	1.2463412943959469	0.041458962847813086	0.4258613524864161	0.11526923599731816	0.31333376353765435	0.6364973008350242	0.975881086181565	0.30253296822860776	0.6403456492811228	-0.24796963490124202	0.6323433912738318	-0.27028829717781744	-0.7443955053031419	1.1686981165556383	-0.1581761737667194	-0.201576056947381	0.541000067361385	-0.5898757437431347	-0.5275176280488447	0.009519525901698118	-0.48131504792755403	0.5796787318533901	0.13430436545054553	-0.1447814653698281	-0.03956965795534395	0.29989201522498565	0.3414869020498557	0.014895924892144146	0.045566801733376794	0.11696965043021973	-0.40051517585923396	-0.5259671639077741	-0.004091427191022594	0.07753868629657747	-0.7290619291558045	0.03765345657549715	-0.04783161564452599	0.19077406632548496	-0.049632090115480657	-0.28634223681669047	0.037311407814295657	-0.08406714130260359	-0.033513523931988844	-0.2157903160739787	0.13918376023559786	-0.7657838330917255	-0.27256808823908296	-0.2926815050037279	0.23312991572898686	-0.016433305478046507	0.2513277211623513	0.17675019345066986	-0.475158352395375	-0.1242298526587682	-0.4783962797800316	-0.29168501647897976	-0.030078866581964243	-0.2010850978228688	0.1067019254100941	-0.34328216359728925	0.09695941501358796	0.04262227482594036	0.1746180206244002	-0.3384944987079121	0.13349564871025504	-0.30231909723565614	0.355830528707152	-0.21947683860036699	-0.1420732805842766	0.2162185316413772	-0.20964144506232338	0.16556224852044302	0.1870901233802474	0.11740858384529139	0.6620676352438077	0.25386319259757906	-0.03985190620314506	-0.2280335972642711	0.15193622068132284	0.2983205212430849	0.2944879632704893	-0.61204292734326	-0.08810501788695718	-0.05459066166035109	-0.2866424651918163	-0.03731163339158095	-0.31949958915559	-0.12945420549099085	0.04050204612997127
DTXSID10370988	-3.718809782675818	-2.7995290699271447	-4.991181133015877	0.7151240154427734	-1.892161781399963	-0.3512880912508008	-4.599214473952962	-4.3589655877916185	-0.3206691309310604	-2.10769193816429	-3.1837025270150288	8.06691469367589	-2.050940399084377	-2.1556214805171154	2.1019531225399737	-2.397638882670859	-1.0470890987279895	-4.576668375115623	0.39705107446121723	2.435510308552543	-1.850179567820238	-0.9788608254622977	-1.6059950278966388	0.38431976567944937	-1.3530205929605674	3.5820665413826998	1.5149471414990028	0.5989496550918074	-2.348787431912667	-1.0974476455976647	0.8807570022044674	0.15972470356858534	-1.1548920771613442	1.7285862447904599	-0.4576245578853231	0.5900276524710928	2.2666784114031997	0.8270101427011974	-0.06616539059102916	1.0430572181875137	-1.3636422134749222	1.7233095416270365	-0.11731346402785961	-0.7323097255067545	0.7109290764527605	0.5177534492563286	-0.5722860355953034	0.9681556257123121	0.15417361545208283	-0.6408476790531807	-2.226106259351687	-1.0373446535664264	0.878806263512617	-0.9971335112436949	0.34040384628903586	0.01206913053391009	-0.666734215849009	1.358636153895032	-0.5257718222172011	-0.19419027173043985	0.037135037444856675	0.5530002416226663	0.810559152634438	0.06182188589647198	-0.04051845400936135	1.335899340510627	-0.4308666994294736	0.8991221560744432	-0.9122421463693139	0.4625054152589716	-1.057649099560405	-0.7773456017205709	0.24075696653456974	-0.7388991876648481	-1.392445699747319	0.21762273163757034	0.22993523914106628	0.009103371928943081	-0.07121542560086648	-0.6093532955397378	0.25503875463645415	0.034109151408577267	-0.22315130102437608	-0.7572694999142852	0.6214731884417015	-0.8301683728404972	-0.5076814055642307	0.4881820865698135	-0.34705605334271367	0.061603893995547554	-0.2644134625404457	0.23656144621496736	-0.2776737217740005	0.08991762180731883	-0.9720876129536759	0.05867872887627971	-0.9075746132290338	-0.6820274809617243	0.5884886974657566	-0.09655618663793553
DTXSID6041688	2.5155144964168494	-1.035996389081105	-4.175409308276446	-1.2899440805673306	0.5830302981253759	-1.341302889442927	2.1940968238014635	4.018548639699885	1.7927358868755026	-4.099903562586846	0.29962718643633424	1.525476678739086	-1.5693880431506748	-1.935286335167713	-0.7020609129506742	-0.8126605514564785	-0.7959967332524425	-0.6545857107452276	0.1466319598511913	-0.0772108855654836	0.28660665753304704	-0.9059759546039736	-1.2514569601163381	-0.44215798277374047	-0.6906212572233508	0.28484785192762907	1.7783026701456046	1.781828775934989	-1.0652590295606572	-0.6036482323638643	-0.802807425175016	-0.05608714384159632	0.3169781836529835	1.2225841145061114	-0.14303684906102365	-0.1463279355841076	-0.3803967368942421	0.32524026304484804	0.2183218032033456	0.16553729969510764	-0.392950831126565	-0.19582573389614547	-0.20964732332797592	-0.4345822707983575	0.178406911440744	0.9918488906353045	-0.052997903575991004	-0.7292042609066651	0.4632601123522679	-0.44941115543133425	0.03838081868649	0.4635783064408848	-0.4839693822984621	0.1521729218325294	0.3083013906238315	-0.26280153511422744	-0.434506517697239	-0.32533730872111727	0.5666400564404854	-0.14502025398747637	1.0219833955204747	-0.055113384417467305	0.21244788127899097	-0.7463510665040127	0.13968183180088278	-0.06826046981900913	-0.4788128272210668	0.29771795223072284	0.34127782750522256	0.19334079563820045	-0.6708418404909844	-0.5555907401040435	0.045966452300680735	0.4560765942201789	0.21695648233666218	-0.18278660201234256	0.188893891725649	-0.4443022791021622	0.25870052990889186	0.9902406562725686	0.34030723696272175	-0.359645751335645	-0.4876866795845664	-0.47789023521755275	0.49174032129781514	-0.39754356391754236	-0.005110548302643647	0.12153877904298466	0.05322168514440701	0.6563012487701677	0.31931392705649436	-0.2758712953237241	0.6303545286201936	0.15449031422308415	0.00663014117870989	-0.8759603371649083	-1.178713838743065	0.7308836982183258	-0.24284090533378547	0.6332511515486186
DTXSID6032562	5.801241540231417	6.858004684428294	-2.444704450029752	-1.1307543767066193	-3.164516815197949	3.6342377634038607	4.4345494431255	-1.5483447770632937	-1.604969496690139	0.6840500197277427	-0.03650721076077785	-1.148612566419736	-0.1988406511375753	0.6542290316536714	0.5060427819298005	3.4488901290660876	-1.8955127821993039	-0.4662510890303372	-0.4027249176546668	2.426457751940811	-0.5864163333993	-2.0176420017085164	-0.4858478437104837	-0.5987002246770364	-1.873440822959853	-5.1886976608655635	-0.00897928555089195	-0.0545428966522952	-2.081816146335364	0.16939917566978993	2.266033038077679	1.44073060067589	-1.8971086427600394	-2.1167599449455405	-1.4319135796226083	1.9269302644004935	1.3734372630900027	-0.2210808333602479	1.4455319770319512	1.0173363334978447	-2.52847895240842	-1.3055655295541824	0.17518059342525394	1.0732108878345308	-0.5527785815673104	-2.4391550414916265	-1.1634530796967004	1.5279112447080756	1.338191749982633	-2.5684248667361342	0.4571198592146815	0.9353001347506834	0.11945910035416842	-0.03669734516313449	-1.2103211669060667	2.569499168598777	1.8857969515298605	3.446455443322384	2.5107331235328787	-2.2576311411886563	-0.437485588597656	-2.3370124614560415	-0.07942462192468426	-0.6120859441821168	-0.44094953443902546	2.5121510963375475	-0.6093138532885813	-0.8295961775670809	0.8763637240011827	1.3523063105673498	-0.3977227018734422	0.39966257500438723	0.8933463423059748	0.549040689437427	-0.6437913236997984	0.280436087424827	0.46414686985157005	-1.2349889614561083	-0.7234466693292895	0.43116326595767474	-0.5149810055302959	0.387030100741041	0.10115283983400526	1.2616856137199475	0.31049247959718196	-0.5282420815604265	-0.26620424929621844	0.07057270456388541	-0.1742527818842194	-0.24127482928917104	-0.20057453403763056	-0.6078170329382259	-0.1197734026924942	0.07981018575913057	-0.28101984933859125	-0.8509355969730633	-0.05005930874707806	0.21047186463679685	0.28357356049430976	-0.052413544596090884
DTXSID3052228	-0.20799944558972325	6.991853635086386	-1.0979474073767113	0.41581577851147156	-0.893182841686144	0.1552178956667851	0.828735723214514	-0.7405037460350229	0.39239816087934426	1.4398313256477895	0.6360951848819033	1.286720724550824	0.21327093480154888	0.6130034140487274	0.9315581597232406	-1.2373158514666538	-0.7954886853521587	0.44846009247414165	1.1605746341586918	1.924290667865811	0.06679988287807205	-0.4385213964409196	-0.28069796309728184	-0.6519709886522879	-0.682599391443747	-0.8479163021151386	0.5862884020502448	0.10324554187886456	-0.2951081561221228	-1.2636421981368697	-0.3638808993562347	0.13489355431504343	-0.7030889864434171	0.2840165718914111	-0.388037425527552	0.04262447759329464	0.5817806030701518	-0.03365989627045928	0.544740500637231	0.32474733862500826	0.0013770578561929359	-0.006450263401480042	-0.354888176656831	0.5308432828938482	0.113387876328722	-1.7044481110108547	-1.0775542616353158	0.09607144539382174	-0.021384661240003766	0.5697213697273962	-0.04296037276651121	-0.09715569616823763	-0.4596134389538276	-0.03639914784233122	-0.10918106933770534	0.7474708693548971	0.28970757721298385	-0.28611965426172564	-0.7108302303701933	-1.1469906400918999	-1.2058940598628036	-0.8192000188543185	-0.30671888653636775	-0.7420314461971063	-1.2096463643118542	-0.4184992076528609	-0.09908885287826065	-0.8266540953134996	-0.07811374592327121	-0.2607965388578278	-0.7911627237804305	0.8226005627901102	1.1196956942855554	1.3852442923291877	-0.11234638276213389	0.85841097206999	-0.04689033240812909	-0.35787931158074826	-0.2663583391072819	0.5707202613611585	-0.5175346590906353	0.48306111502147564	1.1056364322455736	1.7737550525272365	-0.16745768865597918	-1.034259124835985	-0.25738564275718506	-0.41463963207524945	-1.0461080904296758	1.529714838992337	-0.24372972400826	2.173069983365336	-0.984257211716186	0.7618626505229884	0.23682282120396844	-1.6690456791470196	0.318276863534367	0.1746886212529077	-0.8934288474469071	-0.4853563922492867
DTXSID0045703	0.9890562417484469	-1.964378948170634	0.37781437476129076	2.583205408063112	-4.54865681384661	5.895107954734959	-0.49250847847831053	-0.6363595041443031	-1.3794622807905543	-0.8510307561722381	-0.1454169603213054	0.6865520641678928	2.6972161098569636	0.07485074763394176	-1.087036757785481	1.5305652116969843	-0.2552284085929967	1.2609798744295355	-0.7907191098460569	-2.4815627925282353	0.578645402300683	0.7262586479913463	0.7283963238087005	-0.42384066030690765	-0.8342758025121045	-1.3957621619247051	0.2520890486320371	0.6561525750776516	-0.684998296980239	1.5215961370757234	-1.236889783026676	-1.2172878593973908	0.4522934445451708	0.14854589862763212	-0.26059503139320345	-1.7064256690075528	1.045413333310047	1.6728141416616829	-1.7469776105731165	0.15438355862121517	0.7388514860346846	1.2980303617604363	-1.0174069450213894	0.6908501039829539	-2.2802294232327847	-0.5726470787238526	3.0176823024144688	0.872236041213074	-2.0522096128411946	0.07017149108235358	0.562321111665551	3.246233756906376	-0.307497908341673	-2.772644546398899	2.957663693754177	2.841583143909577	2.119443954081015	-2.776654936919599	0.7477459528031062	-0.33820363946571624	-0.08525814072673951	-0.8232836649225844	1.971472686034692	-0.7131842708786315	0.2682193476199598	-0.5977280858822742	0.5912963077707426	0.7684208034482153	-1.2587970420200754	-0.9516012282906701	1.2842649545802174	0.3086320883327442	-1.0250626457619765	0.5695555886222873	-0.916292944083132	0.3999219168343266	0.5917272168669848	0.4621488011266617	1.1520546817196786	-0.31441907351650034	-0.25034674305165056	1.1825097718348636	1.5931729492204474	-1.0385114217909672	0.2223264185632408	1.2965277868140572	-0.22301051289988366	0.181813105306218	2.4196861072695195	-0.46941107113311126	0.5624813723841557	0.46209644408751493	0.2839793914984279	-0.8138009877268141	0.8400320096107768	-0.4867597070373258	0.020758179531298746	-0.08023257916535112	-0.5177764933092145	-0.36954085106783763
DTXSID8049252	-0.9479845448970808	0.17876477251880876	-2.3389059479073135	-2.6246233286355536	1.7132654467030919	-1.2341648924289743	0.1520235474966749	-0.38221490991328105	1.1094648520860522	-3.269425804428099	-2.564534007170587	2.3318785796791914	0.4448946847230666	-3.012665148958154	-0.32568261967894724	0.12256702737341006	-0.23685940251070056	0.42876382588747725	0.9229782575706907	3.337696029633711	-0.27774677643673995	1.661427874538374	-1.7887695260839114	-0.6776334171715755	0.58493197922649	0.4599052247191063	-0.6035740369042885	-1.2624039582966256	0.2793270817497494	1.2126639125457184	-0.5157086205430426	1.6831318765766734	0.7557279026153105	4.168788555078295	1.1934406092217738	-2.0225927031596735	-4.482819705468689	5.939657600026369	-0.10304488620048013	-3.2371468917402666	-5.393422939590512	4.71667479885235	5.452330548830713	8.9574329159874	-0.8078733582506813	-5.282903687480473	-1.5890114265634445	-2.938162749723949	1.7623958618158087	-1.773113726713603	-2.0293292628283814	1.8039875419960423	-0.3076419175309756	-0.24426027003379033	-2.4638903344637737	-0.8450259186772976	-1.31508095727668	-0.45077268369053836	1.1136694951262471	1.9839847077480885	-0.594707077676837	0.36191883062658914	0.4118560840781309	-1.6561895258723547	1.3206900896586036	1.1422381673183215	-1.841197151209561	1.5057509163741236	-0.15388530927332747	1.5528849172488852	-1.1335477513331733	0.571019367394461	-2.2401866884403114	-1.7485518741608408	0.4348528510564337	0.5088516031424072	0.08150461428307763	0.12696435134576078	0.5805770977286212	-0.17489311838210272	-0.05753076475220317	1.494930499922132	0.16710151846153673	-0.741058435541312	-1.0505246566703657	0.5941126693587703	-0.5733700623030397	-0.3341227946862431	-0.9906356314642072	-0.040484735399561655	-1.4197903093923034	0.018312787892883618	-0.19185496540932578	-1.1176033191556867	1.4770248203384617	0.7388854399215945	0.3855288630236737	0.40911266340500047	-0.9073249014561778	-0.2942416555583301
DTXSID8023054	7.736229231310309	-4.501972122411402	-4.471844469612795	1.2504676787569033	-1.9379734557163681	2.6391705411969695	-1.4984683334243292	-1.7155743979696911	-1.4156960499958957	-2.909018188655251	-0.9340810478884973	3.903582373801881	-3.423315289262987	-2.8719718830152665	3.384161153721313	0.8713934258138699	-1.1234335679268543	-5.621416415377609	1.0479717421112422	1.2718021411924227	-3.935864033928964	-0.27900727216146753	-1.4134484987891698	0.6034009429015056	-0.2400079652333357	3.6840605807254687	1.26676230061525	0.751712753868888	-3.78801768696458	-0.49985139697941916	-0.44427504578075205	1.519264013786422	0.15753822432005707	0.7703412460825243	-0.9518346536702628	1.2061061207036445	2.5300727710997064	0.4819284336558367	0.7475771847922456	0.6438428329721103	-0.42340243055327254	1.8245459120568184	-0.024615079270106005	-0.290947423518206	1.0043610943925394	1.0899704971948725	-0.09714943269966778	0.2309086566057228	0.937921278583455	-0.8843358812162035	-2.7803189523901786	-0.732764400635551	1.0893343787155676	0.08773310106086218	0.024469399307271322	-0.6545753473331825	-1.1926028332600578	0.12271609579395348	-0.688473012111405	0.4726119673090956	0.32655004045819525	2.159631886409084	0.1393748609717311	2.672625473678338	2.6288281191127174	-1.0779471867739254	1.0209639164544004	-0.2015930540263817	-1.0762797139213318	-0.9678805687559338	0.4194450776901339	-2.184207121236359	-0.5302376163605663	-2.3734989495845364	-0.668786909381151	1.3779470565263465	-0.9257654155682634	-1.7907345125507153	1.2053247947078338	0.3500250706262086	1.8284534752910226	-0.3178655462821264	-0.2515618095358042	0.03072629563140889	-0.14325036167497154	-1.1661424909247564	-0.25683306183665155	-0.006038282826470122	-2.258310896711396	0.8543013707281844	0.6249753567244875	-0.10279422100320629	0.10395400497532355	1.444923267380056	-0.30120002120947076	-0.45632908105768666	-0.3977036563295917	0.15015109692412498	0.41455078672195383	-0.3016150412682398
DTXSID2046593	12.147570000701162	5.188570946117243	6.561276456663957	-9.488679193498683	12.474294568383517	3.5790956201101016	-2.5077906407652444	-2.6495343835160448	1.1000638407870043	-2.370866107929841	-4.375580144258961	1.261121474316083	1.4099260466928387	0.7893869539349265	2.950732300366449	0.6754924626264552	-2.9203451071937567	5.124845862763339	0.16545684321623674	1.7595969330915677	0.9969102872747796	-1.5475777393833121	-5.233493779843172	0.21015896704782655	-1.3335175573403857	2.165277613843134	2.1685163190572796	1.2561305797327356	0.7049860037510891	11.004262714815352	3.6070011179851362	7.2062841437287615	-0.41206686687088306	-5.69843566853072	1.693659286157188	-2.4548599194391154	-3.0851974237751385	-6.9138181881625576	1.234117266978262	-2.3421645998687946	-1.2961502860974323	-0.21495770983297416	1.6983590401081634	2.4145063403451634	-0.2822295457534939	0.06496731665713237	4.966716368667301	2.0026602043393047	-3.085538883930206	0.05632789452559578	3.33442527246323	-2.2208468014124807	-1.9892130269015595	-6.62302570618794	6.022727895897647	-6.194669707663781	-3.243182341318337	6.328418168221698	2.777260941366647	4.363294393397405	6.7825629349480865	-1.5194201261183455	-0.745593506889653	-2.0344091466499346	-0.4775268885770747	-0.13622908999668282	2.3048492507606806	-0.9853542677119402	-0.15088405369453084	1.5385014744246657	2.972918006206839	1.1471659071429883	-0.8216819294925359	0.12934529875461429	1.8173812125942717	-0.4980509283906048	-3.1783302024871674	0.38348354073298685	2.9209963359503934	0.6447758973070564	0.07596768639511055	-1.6338922240608582	-2.67081750633499	0.9521679168691531	2.9643559191018602	0.41772702535375345	-2.4198005966272618	0.10396005773325864	-0.27822864653351226	-3.4163520509500027	0.7726699885756722	-1.02587230294832	-1.3371197278023133	0.4767624592993693	1.3063542122776675	-1.141408861247494	-1.0035078304212899	0.5811365358753261	1.4064691749540204	-1.4230913686143942
DTXSID5020314	-1.841373709898078	-2.848939803512892	0.6110707335701504	-5.480122211349703	-0.7445368303837221	-1.5133991327416594	-2.8817706051518677	-1.438641666843002	-2.9518840856142994	4.554492605492484	-1.3783214782211952	-1.3966216901712625	0.2756744188052073	1.928994582301598	-1.2530552111226927	-0.09273361219781376	1.1478570050505128	1.5481551931007627	0.15772215307325108	-0.33915845560633634	0.915576285685242	0.6408158042975681	0.06516906158910306	0.9495981497535029	-0.8942280193331917	0.5182232879229023	-0.16371090293981314	0.4079447936427338	0.3201737476822888	0.4614715115845295	0.5145320514726807	-0.14157181862572724	0.7570229547903052	-0.08179445470497898	0.31614878264873214	0.12384978893572439	-0.8058850878473418	0.2731687400853127	0.36382217179083964	0.3267658764195912	0.5609419895764637	0.27467642441695717	-0.21631760953978207	-0.49661687873733407	0.08262320513608576	0.06234176684678719	0.03488239621868187	-0.4845366677378687	0.695659001947742	-0.4742631116449573	-0.5342931242214674	-0.2004190559402814	0.3418281733377031	1.1069923367840286	0.7023676332254984	-0.23399844859555224	1.0406911835326493	0.1846634382934516	-0.5233082540832062	-0.30629385373940127	0.7616135387314301	-0.5464522810916524	0.027622359003610864	-0.5688668191418115	0.6773340864522995	0.06609148338495335	0.4279368079584883	-0.5814022542600927	-0.3571512695227776	0.18894973188572353	-0.409225358233862	0.0773909012246138	-0.12509955556787924	0.1806844318711277	0.2909766762195156	-0.14844895860205332	0.3479166313769762	0.3570221903888498	-0.12521072515786366	0.15549148833701637	0.2722867913768313	-0.04466603749569262	-0.2611183009905725	-0.22961020396040405	0.503732016508227	-0.26133934824670674	0.5746919595114148	-0.3136548422395494	-0.1281867977138739	-0.39144674026173193	0.37582221735958027	-0.03827679204189672	-0.6663580275144858	0.02213840588524629	-0.6435650859673736	-0.1916468990133462	0.24708630640426296	-0.12950441313120553	-0.1724039675307661	-0.0014730789725137157
DTXSID8044416	-6.1359760637722705	3.331848605292746	-3.364952461584178	5.158464435515815	0.7010342031976483	-2.277231512019137	0.20304985545148826	1.2782965264496746	-0.7297464801210234	-0.41547580984988147	-1.5190001359998855	2.0391427075631303	2.3153829976869713	0.08892252518960239	-1.7226505543387423	1.1866673390135338	1.3104414601050498	-0.049079927546272245	-0.7414437277053004	-1.8368593480616098	-1.3536968753094984	2.349914699275821	1.0425998140694144	1.3498616689626912	-0.8755228538352806	0.4421249120084134	-2.3122147728887157	-1.6005624690511842	-0.8397008778113657	-0.16431971304113746	1.5417535450888944	-0.5862994093094703	-0.08302202534138883	-0.43779976479365584	0.6342880758347258	0.46109833796418	-0.11065750672723133	0.9141387575639132	0.1210371221366494	-1.7854819119638556	0.8612684320587556	-0.9739099366959821	-0.549794541538778	-0.3964469881830416	0.6896295131732353	0.8256162809213341	-1.8827503496477886	1.4042833265258226	1.661083501737912	0.057223405384625475	-0.8847163210142052	-0.7641866445212557	-0.6447786899860773	-0.7891321641052027	-1.2747834063509622	-1.4132180999907085	-1.3535790291537775	0.3541738083705733	0.9129119817896223	1.1119851808252583	-0.5858061204136414	-0.6232684654636927	0.6412613512679806	-0.6432237202725413	1.819820201017952	1.143979006645468	1.427560087819313	-0.5321508462377373	1.8407978791322537	1.5549810528026091	-0.9515948256680247	-2.033962861418291	1.3727372965173286	-0.4819875972308558	-1.373771295287318	0.740873741455892	1.0357949765660381	-1.7770647135344535	-1.1660593731341493	-0.4714226673297856	-0.5216222817286457	-0.676008845317896	0.7338766411099477	0.041032944800751876	-0.22185420567885378	-0.7238464718721879	-0.890820593388993	0.16790442289652516	0.11317214181309722	0.21916845445069613	1.452394519672306	1.7797341949655066	1.0045707159454718	0.29151058627856696	-0.014511509895125008	1.2373546351887885	-0.6591649712265274	0.0599361096732807	0.021742087691823724	0.6895332984801931
DTXSID4032378	5.849033529473093	-0.364910943922796	4.509003326419847	1.1236077259183233	-1.7729312798412522	2.4853138530548904	-1.8537328742435224	-4.321256827016326	0.9781909656027672	0.1440116043531855	-0.7916496383264635	0.34832569904231553	7.084471363391024	0.9183579356495174	-3.5588696936187123	1.2089073190650155	0.8018567397791581	3.3776720000203584	-4.742821147195149	-1.531220290769171	-1.4433731135183097	-1.1256943179178942	-1.0420905566630858	-1.0660545711239988	1.9882721579511498	0.836628699639486	1.0953986872808674	2.547653122700585	0.48914063582319794	0.3743253979357015	-0.5727386135496687	0.33273856204611413	-0.5219882775965172	2.0768207661354627	0.5459033485518608	0.6930895715437068	0.5505174916667693	1.3509378203341849	-1.692182862759506	4.162964685762421	0.5841352138037819	2.149246596204497	-0.4017628449639867	-1.2760678021004757	-0.9561225277163627	-0.09180951940572048	1.3666944476565719	-0.575315627898452	-3.7076460467320493	-3.7043706548405457	-1.054531809432683	1.8937490856829273	1.1282985433558759	0.49849116958566647	-1.0334109485066971	-0.4954477098694425	3.387334087981921	0.2425552719493195	-1.6726785776789976	-0.485865664890057	0.19367210662518253	2.854317005380003	2.18267234266074	1.3707866108491982	-1.0591306968971947	-0.46269270426509296	-0.052717750036282075	0.6222821729898506	0.3420725271678558	-2.2220085445102145	0.9490265087585883	1.093923252063387	-0.258635271855546	-0.39922065763255266	1.6631006765871104	-0.43082028068674977	0.4823174634339682	-0.3224152555492026	1.0460256775872294	-0.24750561347601593	0.05357953610379188	-0.9201730952237881	0.5917452607535201	-0.3928932978608014	0.9045044978159049	-0.7096895192537256	-0.45492650858489997	0.6052835101603014	2.2999760804167044	-0.5943538592399507	0.40064294922124744	-0.5267282487572337	-0.8421289728298057	-0.19926195304655744	-0.6039883311067054	0.04232933320916445	-0.611583567043136	1.0126411777769924	0.5527484399264049	-0.14817860256628482
DTXSID9033979	15.40206084708921	10.130400864165862	0.32450683886056275	5.591529784148133	1.0642281702196152	-2.3883154532743234	-5.786354139722985	3.339065496942007	-1.281715397857136	-2.8242324245119033	-1.3670716915927204	-1.5457710080020082	0.356782956547041	2.5716339152326726	0.5968806045933294	0.8313135823280569	0.28119595715500934	-2.1468848237765163	1.6925650039337452	0.8645709204045577	0.12085853960995668	1.4076319309862206	1.3792143688670144	1.5128604814281776	-1.8731676250902767	-0.6026892533788695	-0.24516673425914876	-0.23418632482844579	1.1519837652528573	-2.720061093724437	1.367710568784175	-0.9726609009444426	-1.8771317974182578	-1.466470299891756	1.2210681930392087	1.1632233556657685	-0.11061299935665218	1.2223712744347852	-0.0007508493222346943	-2.165366246184839	1.5676453752920099	-0.6108911404014065	-0.6338374863515712	0.7702063145888299	1.291285737396623	-0.6499301356716491	-1.7404012242901703	0.14525920612371643	2.465201420860927	3.5815181458319754	-2.3506589056194858	-1.622470998002324	-1.6538952249846774	-0.12804138002500398	-0.6996078542924592	0.6676058670600253	0.41112015022120674	-2.3502862985253925	0.07134020587250042	0.6114673020976766	-0.8819776236424879	-1.8712713225503488	-1.8171851628035964	-0.5141051560480283	0.9012513758757027	0.747933991532142	-0.6146892684539594	-0.8782876636236069	0.11196215510797564	0.46890403662142577	-2.270209839202104	-1.6861292309342713	0.29829723013945947	-0.33338919775766546	-1.899564076960821	0.8541300039168908	4.930384748202125	-3.017602501750886	-0.9775506489280451	0.3181111994342357	-2.2625129455031296	-1.0364986269361387	0.4301963339766464	-0.9805559218444159	-0.35722593514623646	-0.7997830437330113	-1.1976865842742057	-0.3502815548815018	-0.4267718436874139	0.6005060946041506	2.0069949353096233	1.4905053323886424	1.3944817557448355	0.33120385612954484	0.07393420412175127	1.8704581094180543	0.22717106467641754	-1.2801624966358254	1.475580811963467	0.48729663087810615
DTXSID6024834	-6.744881274933179	1.4760687986465493	0.5552643820725542	0.10210740726656922	-0.3567170242994492	1.0898081587268795	0.6805700746273194	-2.420485761617749	0.6868354356893664	-0.48778450971439213	-0.5116896027181068	0.3017000714749646	2.8949550744475214	0.390633232301545	0.36553641548297355	-0.08285500795018091	-0.5794461568365337	1.1422825514916464	0.6788042131301109	0.6166420576219986	-0.24742963488156489	0.7688186236042549	-1.7343274643040336	-0.7309972048510711	1.8281811726967017	-0.4024025199004363	-0.267894857597797	1.1411249021447878	-0.8355463627785393	2.927826895398154	2.0773286227411325	2.882374134402262	1.5819746868267246	-2.51632259855617	0.11040611364592874	-2.5036381131500614	0.7479549703755416	-3.048454855344791	-4.107162029254946	-1.9437200401969519	-1.9250612045232556	3.478311253124964	1.7624783617625257	-3.375504955934773	-2.0322260700142634	3.190497776951933	-3.875998128320581	-1.626955350270692	1.8373687092224391	2.3522605811774784	-1.033458317617777	1.5245809620605952	0.006364432055396211	2.4575499909075407	-0.7913946022941802	1.0116743616586084	0.9649642772043254	-0.7604539964388771	-0.435182338586773	-1.7928949729754242	-1.5422502907394289	-0.0754013265374249	0.6578421811526667	0.7912755538218402	-0.31941428751769985	0.7536201663369206	0.8137129257145418	0.07733799654485629	-0.2345971561452877	-0.6544537679003631	-0.2684826387639826	0.2747048331202692	-0.13410492841103952	0.18827220894771685	-0.30783645225265105	-0.07542900746020001	0.7450575789331347	-0.4759506468028844	-0.24322289281932807	-0.10245748320797518	-0.3797933895011479	-0.5033391461684571	0.019332061268641215	-0.40568441061953475	-0.6008180953515483	-0.24866051936206868	0.2198227308686871	0.18537152080649857	0.6754110601372251	0.44494391482820905	-0.1251470922896713	-0.5188621838631803	-0.014207628797853984	-0.28036160996031073	0.31064441715376606	-0.09803797541090956	-0.10333474135894631	0.2826520131359951	0.05859927127285618	0.07096262088332511
DTXSID4046078	3.423279664120074	0.4206044953978206	-0.717724362387833	1.639209372388879	1.7844668297672988	0.10193576418262262	0.49492734007142214	0.6405316727800785	2.114119667254061	-1.4404528850466591	3.1354704903162105	1.0136166222367091	-0.3469775420734232	0.07236421147681546	0.7689954057290227	-0.23865323738501176	0.25455924272421726	1.0606814446774475	-0.26557593585864414	-1.367134687535863	-1.7207562774657417	0.6005424188171954	-1.241513548826973	1.0180610828001315	-0.7739073049974214	0.21281319947836666	-0.28243925392269154	-1.2193783506249354	-0.5120968164904843	-0.4817943234831698	0.09529929946707989	-1.142620032470836	0.4340514343130501	0.06305201367800177	0.36802603980498394	0.8722435717581007	-0.17998100348874216	-0.3058307404110854	0.0010189550351926658	-0.6050210788356276	0.72178448135048	-0.7566113600869623	-0.330592874086289	-0.37144997624738946	0.49739063050699694	0.41784492098397236	-0.9984127255016726	-0.7498901036945541	0.6675022652436906	-0.5941918129173546	-0.3124624106724806	0.9275921947922345	-1.2832413771417772	-0.1537848739266298	-0.932091404918803	-0.729006405645352	-0.8654095434103143	-0.6645805881253151	-0.8912861320930031	0.18555878768674705	-0.35151884543976936	-0.7564252391895768	-0.2805987437507388	-1.1914480391912996	1.4898283556692598	0.32376856282670086	0.4554377008808376	-0.5121579007954796	0.7966901985891492	1.2626461914450693	-0.7715905573677204	-0.35748778242376145	0.17167231021028254	-0.6278096107897166	-0.10195130537583015	-0.015158894562577482	-0.41412526711475717	-0.4134735727712485	-0.860568680389224	-0.4108508311798348	0.13523998219769243	-0.9996214159488889	-0.420750402255527	0.02074099732524661	-0.8630396266639012	-0.4707594811103411	-0.05483056151023742	0.18720657465322302	-1.2950049717650156	0.3023168254040198	1.1326516558693607	0.208485019246234	0.42324977051579793	0.5520322250586421	-0.9163882689858623	-1.0039345236826724	0.4451593452767931	-0.19138810740262646	0.07928533762107463	0.19641205759563948
DTXSID7049342	-3.7967402376058033	1.004758857612531	-2.460022689196973	-1.0208026268312715	0.44637735604450596	-1.5713424423026119	1.4636196059976105	1.6724045729701713	1.2402146916060262	-2.7177321833371844	-0.13094114596195913	0.5545103492994846	3.0651683197653465	-1.8901047999665288	0.0013644149884152164	0.3208294185203908	0.20367173504514977	0.03726094998827276	1.2908306562608614	2.270407746800633	-0.8403164298382089	1.9717640431242007	-1.3099330377561953	-0.22493860498686521	0.8760411937239407	-0.5757476614418262	0.8148018329530693	-2.023169890306624	0.8360254018327352	0.16054349070757	-0.506048300732315	2.328216317527002	-0.24942674147331273	3.4665765372391486	1.7743043736925095	-1.6900500314526035	-4.67915382606337	5.816858733170234	0.030326880115801924	-4.006314932653328	-4.829028192365723	5.054491769006764	5.972060272197491	9.718445754043053	-0.17093815232610754	-5.398420443097333	-1.0768538543318855	-3.4140771659106464	1.682024941846678	-1.052853957157214	-1.2552187479596926	1.3487385335989686	-0.7726100225300732	0.3402217934738726	-1.8143906016948244	0.03199513247866693	-1.4705458616010518	-1.3723226264777124	0.7881526468180324	1.4454455501068106	-0.726616337956564	0.48450937338114586	0.1517414999140547	-1.1613614834735602	0.6649715925215587	1.0796871671666146	-1.4605208849422986	0.999688744801269	-0.5421162665558036	1.1618369722029425	-0.4082847088450868	-0.21063889522053664	-1.867092090671439	-2.4259492012319126	0.21931560977278733	-0.0038569976335040466	0.9172539732893529	-1.094449157864981	0.28115964972942836	0.8422053569042272	-0.7026462591017533	-0.02247207742036611	0.7695498035021698	-0.538794596543083	-0.5639967813898498	-0.23375094908947763	-1.6209000122856834	-0.008758675907320932	-1.3936252961972837	-0.2802320477170815	-0.9237700459780864	-0.16819508712897813	0.5223418767951705	-1.1938306837835015	0.15603104630145792	1.4023732588994156	0.849349357960453	0.7992753650344752	-0.4475701732300439	0.25434161951014816
DTXSID3020122	1.6943141112634206	-2.579029999184787	-2.8111499184086175	-2.1910594282142237	-1.2047089632218255	-3.6075467655238502	2.0657544329067683	2.6831618560504884	1.534168813326187	-0.8872010107351902	-0.5724657164990076	-1.5954423215340021	1.3797748106935723	-0.9113652239591298	-1.4941705636996794	-1.9285783937939542	0.817981590721678	-1.2895206482652273	-0.5326622674885884	-0.35168356408184165	0.28623236145870784	-0.28995786184140976	-0.10818655790006364	-0.6535686026222604	0.35486772990962984	-1.843585254516019	-0.12126697869624117	0.6709588176489407	-0.03657998665589996	-0.421606315303951	-0.4196427779203055	-0.43329709900532354	-0.04215760999773477	-0.5050224647011695	-0.19131276811007358	-0.12592897192873725	0.6213976225151396	-0.3960361288128957	-0.32877006893922484	0.18714519795449086	0.05727999710098912	0.46697679663506336	-0.19968636275620477	0.30342910695481895	-0.49054651425097134	0.11484006491011485	-0.12453085632562047	-0.9480388756959682	-0.2321827269985512	0.6460190148625736	0.6197276963177941	-0.2028302569010011	1.8315772325128488	-0.13079126495548835	0.9340567690766368	0.12420575519429251	-1.0565227279051912	0.2317068876514574	0.7169823197078393	0.11143099325776851	0.3043461753157408	0.747725561046653	0.4458663070951432	0.16844161047078948	-1.4231995198777843	-1.1085978875496785	0.32618821973843487	0.4886324906632265	0.09114935048531644	-0.06142974372338363	0.027244871040644273	0.11108001931553287	0.08211410591905124	-0.0037472066718834576	-0.46271203144691025	0.702537325790318	0.3601705673257233	0.021515434527643713	0.4325590759870881	0.18097698883478885	-0.4193702785716328	-0.37169115111235973	0.0294677141152347	0.0040375774075786935	-0.2703832465894703	-0.043760038011809624	0.22198138880721144	0.36917437910269946	-0.993689816436656	0.09943223646160522	0.06937677938029763	-0.4617630574282199	0.11273119947288611	-0.2322913573010412	0.2925148114418613	-0.25806515551626785	0.5872442158714613	0.08061829994610907	0.32640841416546024	-0.2523378054027157
DTXSID1048176	7988825368266.897	-2708360573564.902	-704978635196.6753	11928258363318.275	3119341014267.087	-2841563513712.0107	21743226573846.152	3986006580031.003	-5262588703985.065	25406725128905.297	-8285360755238.948	21909577042352.887	5239636932463.944	-1880098686534.2844	6783421455706.503	-11232994232494.412	-7147869017336.311	11766752535800.062	14578104311461.19	3953250556046.709	11126092819791.629	-5453228044815.572	-7343211814949.904	1829385035131.039	-4266365910789.665	-7307299644017.351	-3611054507923.77	3771109336938.5337	885773484060.8153	3209327144069.7	1047402255714.1498	5042134155384.263	-727783547572.9962	3026363426003.954	446198785287.5831	6220438339448.396	-1684901025101.048	4348081068486.6235	-3570951721944.22	1225552199417.6584	-324409540971.4039	759978295186.9698	-1551894620563.009	-1291454894326.4626	-514606885756.0557	-422273664185.82513	819556899024.6887	-2985606524469.748	-408868627781.5723	1991478400798.8962	-277471121451.73987	-4956255936902.876	-4360777064486.135	-665521992713.7029	-1062461931384.2488	-1705731328664.4802	6216604449537.388	996083243647.155	-9188694934622.445	-3332237531646.863	6660580871623.051	-6388570972199.535	3535500141565.0146	775648641616.0646	-5421011659025.428	-17382534674881.95	-1535315204909.4434	-6914111134672.791	-5556361469793.604	2065433378408.6553	-6121631311155.397	-10411447517965.887	-1983575945158.4958	-2593945251560.2925	2611630955380.2314	3698600780055.748	-10745897504041.582	909257285015.0217	666835618739.3145	-10515930756924.283	11058363853900.062	-9811372061354.879	13937979072087.684	-17199855890141.22	-13416097575063.283	13797429462507.611	-4266904530932.4893	-6122812395464.605	-1644716857801.3962	-4103927076747.6973	1449162612794.821	-11267544815455.414	3947815111140.56	-3339674588336.743	463862007787.43066	24514042869568.207	-2396597163458.46	-805735646109.1327	2728770867085.63	10818930539901.398
DTXSID2047858	12.329308042250505	-5.432658382927993	0.8424405104079103	-1.9138426459342917	5.694933080629652	0.40395770887474836	0.8777101578119936	2.3124817054469906	3.8763058774925323	1.7366237710102534	6.353717431064822	3.535072538413854	-1.3525419296712287	2.892061778179595	5.159223120334195	0.7579135866699198	3.507685024903431	-6.074510967073999	-1.6714032251897346	-5.4459607719529854	2.0486584115219046	-1.702409754486218	5.036015070304921	-2.509036523168321	0.21969786832987082	1.5992583060598988	0.9582954124113934	-1.4290043681674258	-2.4319880583218554	-0.4671725044113991	1.5540062717322385	3.2727527640516993	0.760607231731449	-0.8985252083539954	2.2498388953500656	-0.017542608143972373	-2.094784535533284	-2.321067714887271	0.6944540047769999	-1.4112713819432163	0.7970276186158213	0.27002893609222806	1.3035729533659486	1.597844179515718	1.5380235694937034	0.368551204558504	0.003001028640644522	-0.7811930620173694	-1.6882148962082553	-2.2867901764357597	2.6469957538780347	-1.339825188378964	-3.5002442942283225	0.9413323787182614	-1.5963455187043036	-3.049345999272272	2.9329507360434235	0.7722803149108659	3.7936849818174854	-2.011149064907827	-1.0761355082070805	2.1150967383997874	-1.4729106384788715	4.012243563256094	0.554450875921667	-1.0542434625086463	-2.0828507888587535	1.9004719891786102	-1.1626445752548769	-0.5902084503514231	-0.5735474884602311	-0.021301166529343437	0.955915593686745	0.3868172976407783	-1.3810255135211604	0.6525799448989806	2.308588397562378	-0.9705180725661204	-0.3420936332916502	0.278444108518699	1.7076255203231732	1.040409847865816	-0.1535752546188661	-0.5113402390839692	1.051299845769249	-0.09921464407367321	1.4009596444678007	-0.3928379723765775	0.6120900605790385	-1.4085971385592824	0.2132266138821497	0.5369769597771528	0.28493840299690826	-0.05919118437441959	-0.08323775154195925	0.22075773532311366	1.345243067153274	0.4738773061225857	-0.4128855914815438	0.059101731389165336
DTXSID3023425	4.833768096613838	-0.8652425336156738	2.0754869903155284	-1.0768207159169252	-1.3459391150611648	1.7370861596304215	3.202147166563435	1.9933813772859266	-0.23909375674798947	0.6241299916275451	3.1286524191052973	-0.7929928015102451	-1.5204315317155097	-0.9041127196805856	0.20258789250502032	2.0412661237420324	-0.8683057959855689	-4.216334662295964	2.0145104532498626	0.47822661300446345	-2.976895250629026	1.073786867928105	1.2770150600595132	-0.299203285840546	0.1539055653705217	1.4675775216763014	0.3865948623102281	0.3574383637430512	-2.321592162006953	0.8500352982582045	-0.4498586485389418	0.46049438044423036	0.35967452514765536	0.22506668586398612	-1.2656192802469424	1.2273964440055891	0.46843749242475585	0.3217072727256807	0.7555913994179294	-0.40794244383843015	1.026970738956381	1.756259809243461	-0.3856672025546707	-0.06795363531899357	0.5404288423508508	0.9062453894846978	-0.23869174062031626	-0.6968736738769612	0.7280362152673189	-1.448332777691455	-1.414742110530809	0.2788205419135491	-1.3119597534573342	0.6594605484885322	-0.03804503331200648	-0.8153095768799323	-0.960698176192328	-1.4633364961786999	-0.8514111324975323	1.0381214932920662	1.9099172965362243	1.852829223906254	-0.4806841539655564	1.98681490752757	2.6833457515802768	-0.5014922690719128	1.4212271277084891	-2.031524857199497	-1.0064709067221274	-2.157816001208602	0.8429852137398622	-0.07979378719291357	-0.8764857361555204	-0.6625468531055496	0.704363515817762	0.9169877911022518	-0.35797192784844306	-1.385400769858916	1.0452058935566026	-0.28515567466312347	-0.6986969793054907	-0.11995940652616563	0.8849799520214583	-0.6689076084024813	-1.0193852983179963	0.05360135940616435	0.47996292033038396	0.7406469383259322	-0.7276547276297429	0.13469121734431483	0.3554931869530268	-0.312877561323751	0.5285571845528756	0.9356117741818045	-0.10963059263545831	-0.7381604163679844	0.07543910977872095	-0.14409631692315483	-1.6334179595732532	-0.023595563982039013
DTXSID5042324	4.850794115632312	-3.346531922425926	0.6018156472692603	2.1009406992441066	0.2701967566671707	-0.14302762649222034	-2.4345295411272865	-0.8746987405862999	1.8794652309499982	-0.7933797828736706	2.506027176184077	-0.8720664026108297	5.325565449805286	-2.611446684591281	0.06421213101813557	2.1038031178917636	-0.33988617208832195	0.1419011418163009	1.350585770004227	1.0746893100006318	-1.3716364004447437	0.40318308204513226	-1.631738469823046	0.0332307624172791	2.795434494433689	-1.7628257967991097	2.708953361627577	1.402767261819241	1.3029297570173668	-1.4134119918003523	-0.21612112104741735	0.11357082547991133	-2.647451260935693	-2.230156973232219	1.356574104013596	2.4797237615990664	0.6641889882562337	-0.6689149016939673	-0.5603115245135691	0.010537703211331234	0.9146729392044562	0.5909759556695477	-0.19496715476701923	2.1517658859888527	-0.5276122554737854	-0.90681983201615	2.602300312296965	-0.5792509052262431	-1.3065072262875403	-0.17265945123236473	-1.5822918387651244	1.4818798166965692	0.30493190257638136	0.36288482720076204	-0.45766855265934514	1.6296733183573702	0.2954243620746056	-2.8098955235179406	-2.7101311877017578	-0.42581586539380106	-0.30655677304904694	0.40437483513025596	-0.16618645541651417	-1.3151224390231508	1.0537678211016415	-0.5936297376440277	-0.6986208601315154	-0.663315973675689	-1.511953211702846	0.3658382648703565	0.9343749579595216	-1.3124303876135468	0.056415746517321105	-0.01550560967445064	-0.7726448525131675	-1.2668200023494744	3.8482431283758274	-3.662896269606864	0.2571037779780675	2.544027028425326	-0.9137334774888369	-1.6113600283975507	0.15253889489062916	-1.5140916978293546	1.3987754772008867	-0.21866521705925815	-1.9421608780607165	-0.05606357413715795	1.409149119330643	-1.1036644198480503	0.8575479514141774	0.34584983120944196	-0.2013732280399588	-0.5724216465789917	-0.217722802535041	0.8077045770392076	-0.25685059755314543	-1.2769669294133887	0.9608677879572285	0.6070771440092548
DTXSID6044692	8.434600248361258	1.6468487918122332	-1.4191717924005285	-0.2964674975025048	-2.1389117163782125	0.8978525464889118	8.697279526169325	1.6622629945568976	-1.8310566179910428	3.743421723476164	-0.14513506370696602	0.04444218507139052	2.9075985966505793	1.431285904833904	-1.2938309473529814	3.813568270406623	-2.107595355402	-6.328786855649705	3.27474106557687	2.6804666567262663	-7.288544729021659	4.9893770273575	3.8823027505397683	-0.34439544698807345	-1.5386263854140767	2.983698369681268	-0.8527430125767013	-4.538063855835482	-1.2876019903808615	1.1283188821331223	3.3287974106741447	-1.8082478802260988	-1.1882893015851879	3.7358312976531804	1.1817462995268166	-3.189071304474188	0.9550255377964619	-2.4947234664604534	-5.2267572180428985	10.387035639505282	1.6229249014854785	2.8626894868149937	1.4735723841889445	-3.5143919070018343	-2.41759897410366	-3.910345641660844	6.290338227723409	3.1617236118916354	4.734997736385791	5.269625095084527	2.5028055132136777	-0.9269139372544059	-2.633620541113838	4.032141625458276	-5.536984568320386	-0.882728461176948	-2.7431257108717118	0.5820128205515516	-0.9977762111156938	0.784399799137606	1.012234309935876	-0.6839929232768633	1.9657404081529823	-1.1059080889852828	2.101860105716917	0.7998218561535221	-3.0931430555924173	-2.161661693432511	-1.3995205847363426	0.9396972248154174	0.3131128459399194	-0.6539933699044234	-0.12990922232624746	-0.6586194037055935	-2.920066095803448	2.3761316329928204	-0.8008947971917159	-2.5850623207417227	1.3541247591499108	2.5803325683240876	0.549178729722527	1.4429211653781344	1.0396642357976666	2.4952051341813233	-0.1455768178569198	0.6515852384133739	-1.3802293462016066	1.9339108749041904	-2.650746008947488	1.6098139727956517	0.2984854034239598	1.6585243065574344	-1.2075665431391027	0.24577705950582832	0.3408842185683228	-2.3300940378857233	0.12397380828763749	0.5673896020372668	-1.1134956450690368	-2.390923716544699
DTXSID4027367	-3.2052117440102106	5.119933057687978	-0.991978446272715	-3.301626128895085	7.278671638424909	0.8633619317956606	0.6571033034296428	-2.3529712714779696	-0.04770814959962961	-0.8579569881300649	-3.213342464527914	2.104653231777144	-1.6663124308503174	-1.119368814607847	0.01142910934556013	2.009334877456513	1.4790790587811133	1.5704914732359823	0.5586880821874094	0.17076921758686023	0.9495871308007041	-0.08233092569705389	-1.0104892072859821	-0.8043857620800521	1.2286341051250809	-0.13886902317537098	-1.8246103339711393	0.9269637427288645	-0.3702490073557674	0.6442414797323683	0.49881610223676137	-0.8437718607006748	0.5233079889163407	-1.1395067271364523	0.1479534921542408	0.9808672730922754	-0.26688789040029365	-0.44063795035381625	-0.20432886963977243	0.251335573702075	-0.06114256235262742	0.14762376649368228	-0.7007609819545274	0.8704371671964433	-0.930938081373916	-0.9462671309885881	1.3710176731981665	0.16508518281839807	-0.3734598927397076	-0.8910677344224465	0.3836723531177561	0.23945405114210194	-0.4579182491027184	0.38468357556844573	-0.06707945070262833	-0.011847299278431304	-0.8365019999741291	0.06450637933509333	-0.3831639381063716	0.5351771229164758	0.546809212979954	0.5523804677429968	0.07531107834903893	-0.2300372429876674	0.04039737929951961	-0.8425349207167692	-0.6326365487123111	0.2407037136968611	-0.8905261134978493	-0.32777413143757034	0.5183688856435648	0.6374498142329925	-0.21257647286682474	0.01813993531372355	-0.17257429226619417	0.33622342827621865	0.5006017897971804	0.6801062044137268	-0.4303782117266367	-0.02537881831930666	-0.1057543252031558	0.4544764269858083	-0.4577602248422944	0.19931213688925334	0.3550621911227957	0.28100626310341276	0.3524473997073096	-0.31822582063652044	0.08308460629848596	-0.1497960918395843	-0.2811545241611026	-0.4616171529961984	-0.4027639881152899	-0.15357111210819965	0.003224365098191845	0.048310418282824674	-0.10973732701818331	0.18896619003093842	-0.08598083270234667	-0.0018604992439444498
DTXSID2052574	-5.224648231291782	-1.3648163558838082	4.303055776314568	3.588497048167091	0.1538425955529	-2.0012411437422566	0.8895578870243964	-1.302298705127208	-2.045915902087686	0.7095184074395038	0.5959119599236785	-0.4570508245193509	-0.31776890484124226	-1.4351179574740662	-0.24912451861999593	0.6220770162000998	0.4436825443838788	-0.4176760941638251	-0.6151575063486506	0.29710521845539867	0.05292150114359409	-0.23064176474198336	0.18337333108989826	0.024042489716489687	0.23410836794401912	-0.16431036112244773	0.18273982062456254	0.781131903702051	0.17732052912704965	-0.30481819064844207	0.05807181806536099	0.04840379737678571	-0.1007355431601121	0.8865147776249961	0.25792702041089205	0.08128708245027444	0.43542371454274925	-0.4725634480228466	0.05843219991899301	-0.04828549987059368	-0.12945149204987347	0.39081348970805607	0.14822412126883686	-0.6927570484125547	0.14651030663597375	-0.14572819863766284	-0.1760911443300593	0.2804684955898535	-0.3180724783016625	0.05169082290995813	-0.019864704513595104	0.21989871364697883	0.5338453714712451	-0.8932126403635039	-0.7711568656193849	0.37543556451347504	-0.44713546532493526	0.5308114487430442	-0.2244846141320858	-0.11159437881079134	0.002771401591234439	-1.031662807934665	-0.5438153961162127	0.2894421056405724	-0.15894713259916574	0.17103236434101687	-0.026367164642301065	0.45551118370893334	0.16270477354880894	0.049983895425535316	0.05520625107605054	-0.1201812308603905	0.053638466868107616	-0.017047937601054556	-0.44338153976765293	-0.09238122101665983	0.41245379990436776	0.13551762322031188	0.4207256224688464	-0.2799333581439239	-0.23624531723831446	0.4682741841512583	-0.2491183025458064	-0.21760341221543475	0.16245264479084837	-0.31567329010112544	-0.3991493123846089	0.08910918763815598	-0.3980352630405659	0.026081663776940264	0.22090468666274643	-0.26828051918923296	0.26804183645539637	-0.4628411570328749	0.6541280048604421	-0.5780018811160964	-0.29407345845414995	-0.3018794009727904	0.13504949960189258	0.24582584346377775
DTXSID2027886	4.66778858050909	-1.1422068806007777	4.773282379790097	-3.245661811889265	1.5632886138759643	-2.309018289750723	2.8035821257559346	1.622826368661091	0.17603596560408824	-2.6847127997455607	-1.0704841791239617	-0.037698198925573405	-0.4360707956425621	-1.5462341034128835	-0.3287589320799647	-0.49247571325691547	0.255512168636993	0.6088744290645633	-1.382838366240345	0.13937073615386097	-1.07842999229046	-1.1091780960400552	-2.04060862376324	-0.2105178986714314	-0.05234722013088418	0.27297742361230876	0.6313546565956487	-1.3052922107860154	0.47417471944380785	-1.3219694403372952	-0.004109286230913055	0.11483574911214108	-0.017389433377736505	-0.43179354748479915	0.26991021296997797	-0.43325635168811977	0.4194166129016744	-1.113238201728256	-0.652641580300087	-1.095487266767675	-0.645765431344755	-1.224965207980456	0.8845927147389971	-0.584116914540163	-0.38060170839269997	-0.03269506543919296	0.9012120211955081	-0.02599608095489337	-1.2295005968606516	-0.029892854871936967	0.47579327223301837	-0.560605869737487	-0.10767337610859534	-1.380078915332807	-0.1807957074292753	0.13241600103306847	-0.4919565733958169	-2.176597197026069	-0.10915228331693463	-0.345721462899019	-0.4493489337445259	0.19357537681453466	-0.5136361316327641	-0.06518479565589316	-1.43751432635497	-0.5152575999597118	-0.7848604066649066	0.1311354801262854	0.13898188338060113	-0.30633662269392264	0.3653457765825099	-0.8384110160065666	0.02652981765642621	1.0466245327616	0.4670887747067147	0.561661664704144	-0.2029855275547879	0.4298042829280162	-0.6323447325197283	-0.3981315601611298	0.208516471623337	0.34282624371269715	-0.29285476829874635	-0.27439590940547304	0.24607154918895935	0.1445312963356489	-0.1825618860688718	-0.056047118903151436	-0.5537554234417654	0.4350856608012641	-0.28003806737981574	0.3784809811739171	0.3169542555156637	-0.27546740067987563	-0.3561413815569701	-0.4588094036882897	0.44104271503258224	-0.23909433688951823	0.4508950285794539	-1.069582313125099
DTXSID3025253	8095664249738.827	-2744580944011.317	-714406695689.1777	12087781412419.03	3161057648380.139	-2879565279122.2964	22034010500106.457	4039313601398.5728	-5332968148379.007	25746503002304.273	-8396165364790.061	22202585663375.492	5309709430410.386	-1905242262891.4702	6874139818865.773	-11383219138426.842	-7243461334787.928	11924115680141.17	14773065183276.143	4006119513392.316	11274888075308.621	-5526157012223.822	-7441416557258.53	1853850390411.719	-4323422329076.4956	-7405024113465.54	-3659347092479.22	3821542421248.2017	897619411834.3252	3252247211359.851	1061409732436.5243	5109565341874.062	-737516590483.5582	3066836620557.6577	452166042920.1655	6303627624933.696	-1707434117592.6326	4406230307774.515	-3618707990253.499	1241942171685.5767	-328748045175.8157	770141895875.7799	-1572648946491.365	-1308726218966.638	-521489001920.11346	-427920958240.6817	830517276581.1991	-3025534654921.8716	-414336649038.2303	2018111518312.8228	-281181892803.1133	-5022538627556.609	-4419096094197.273	-674422378184.6376	-1076670809301.8961	-1728542996084.3271	6299742462371.972	1009404403471.7292	-9311580320607.184	-3376801346006.3457	6749656421217.217	-6474008786315.713	3582782296712.621	786021810317.5101	-5493509779267.389	-17615000710392.84	-1555847805328.9868	-7006577281571.047	-5630669696231.79	2093055535824.198	-6203499196842.196	-10550685435434.22	-2010103378868.729	-2628635484044.738	2646557708323.5625	3748064168226.487	-10889608202007.158	921417274350.0283	675753572042.3115	-10656565985236.756	11206253333336.162	-9942584845274.225	14124379202930.424	-17429878863491.932	-13595518302458.643	13981949947431.297	-4323968152491.8022	-6204696076441.271	-1666712545696.8425	-4158811112680.2056	1468543048028.8083	-11418231785004.9	4000611377333.2173	-3384337862472.0947	470065485244.5305	24841882420418.727	-2428648153243.501	-816511184591.9545	2765264195430.0176	10963617948163.137
DTXSID0043765	25.969531019929878	7.480222299851434	-2.0942801076425828	11.851924804817017	-1.4055914254305433	-5.929543134081846	-1.7747241419524293	3.939336814905616	-2.1058167496765465	0.28982445243277777	-2.8271549997239513	3.482501707296995	1.1661744047490363	-0.5482316666708791	-4.216834098067275	3.0889034438383374	3.126034384301861	-2.971428744327569	-2.1038030022424423	-0.8776057583873743	-4.640050776292683	7.959161569009168	4.996252858193137	2.0332248254393464	-1.1648683264274582	2.285227737866799	-8.026909982685217	-4.2267960889833125	-0.8381608288124004	-1.062395118510247	0.14460649104819537	-6.812285433277082	-1.4465005007775278	-1.6720544481620867	2.7743715918577743	-2.18510898595623	-0.022970075216846082	1.289161559681734	4.280266837367254	-2.5393428097670334	-2.0530889539434223	0.6634157638536496	-1.970059732622044	-0.37682218000374723	2.2237685400765552	7.127148738129356	-4.526417934096573	1.1464880597823004	3.821751186969364	3.7415736560870565	-2.4537339367903424	-2.2359768832093003	-2.95513900029689	-1.8980063046590032	-1.802851238120135	-5.037583371307876	-1.3125991315347976	-2.16052355153293	2.0424595957951044	2.7626177058003596	-2.6470679460862963	-2.9240457512234572	0.23781792305483193	-2.135839954306355	1.3010112756274874	1.879743011502547	1.8464680094452361	-1.4961269514514377	2.629754544357188	2.7777163707599524	-1.7074627869045866	-0.8983515983588893	1.7574426348772898	-0.3842775012211498	-3.2153917574957336	-1.0339148124397006	1.7520777579070308	-0.9007394401826517	-2.21168456908863	-0.8840546739237637	-2.6732312817970456	-1.9585617519333975	-0.6011625311326266	0.36445792146182854	0.4552760891858502	-2.087268701303135	-1.4808547863383916	-0.6755833530786213	0.14054800900519843	0.809645124749882	0.2987979502267094	0.6517764761384666	0.4382763730922325	2.728143782560563	1.6058026191904557	0.5588778804454155	-0.20537905023150038	-0.9713926727180006	0.04060812350877005	0.47431502166750705
DTXSID9021346	-9.398605450133125	1.373568870538767	-2.983364585708658	4.0039321337899185	-0.2617367904238783	0.8277228502978571	-1.7490781503508175	4.544301701908917	-1.3836069357374294	-0.4751188346107793	0.9297084837373037	-0.44804987039750044	1.7694504982861663	0.30443578307819574	1.651858969966752	0.8619409641430563	-1.3934024203180637	1.1075507446598059	1.1756735689206212	1.8831828004422682	-0.5486523027668759	0.6159197394685337	0.010427534064585534	-1.2052517303510313	-0.6329468989601795	-0.376760468293043	-1.3725647990549998	-3.6783821680881768	1.3014583148475387	0.10630136743609596	-1.86314032583264	2.8331743871114194	5.208428986778892	-0.3036913366773456	2.567948426649271	3.131992772794302	1.8617548265607613	-0.28018599031756286	2.1039895037626475	1.0723929669147156	-0.7356719888138563	1.190971189507388	-0.7015389259985693	-0.16897770679091584	0.11464881752051533	0.0617613628072477	-0.5013572055957695	0.5793438239414536	0.5307054864620627	-0.3702315834953724	0.4334076343717931	-0.10632679570826652	0.1312759375280006	0.2648398472164956	0.434697407805723	0.18470409791654646	-0.03561849894252802	-0.7362585509464654	0.38851139126246	1.0683112334019438	0.2274023577326277	0.0032816147393012005	0.9499987101899794	-0.20975436365353625	-0.5716284977479018	0.10931866625737406	-1.1966642769068947	-0.1781933329339476	-0.35613679357954275	-0.2968914653847801	0.22861722848111915	-0.34037780871814444	0.32456340447018744	0.03362999161461906	-0.1713781344395703	-0.07324473037010512	0.008773255844487841	-0.3418789860052928	-0.0934347602668972	-0.17624296824457208	-0.11512972192159991	-0.144720729195163	0.10455330774296064	-0.1607791814603519	-0.12412909803238455	-0.982244802550373	0.37069484083259696	-0.02294435282253398	-0.07047418156202934	0.12354962372631878	0.04294700381975123	-0.33516415994969356	-0.2801865268869315	0.06623879365562331	-0.21503191953783818	0.4726408837472411	0.12721606100642413	0.623982696045918	-0.7683179349028715	-0.08747503829057968
DTXSID7046178	0.4488971915083015	-1.9766391599684607	-2.018964488519806	-0.11271566469234337	-1.7934833731718156	1.1456999118254627	1.8852754723805798	1.1905649981129636	1.1000246909401339	-1.7455075629566512	1.9337401148107574	0.218425252370379	0.6161372591694226	-0.2440540624353995	-0.10099923056204052	-1.4535357356723293	2.193066304478053	-0.5871186416674642	1.0352946784028942	-0.015258727868055705	0.31557189184223183	-0.18998588497610078	0.8445766672607501	-1.278488471386734	0.7502807103574776	0.9533646137967707	0.1937882032947502	-0.09603027800633405	-0.47681863272871805	0.17186213248001694	-0.30637243468073183	-0.13960239215379752	0.9236881783667363	-1.075311535589738	-0.23769848936285004	-0.07941439091165946	-0.050144977261728244	-0.08069295104595937	-0.3582807932241875	-0.5688637336927662	0.12486931542416974	-1.4861598445562987	0.05595949467752856	0.3754004645793958	-0.028011644413935693	-0.848277272375882	-0.23707095917073887	-1.1730062856844867	-0.13785932849504365	-0.19167273132623147	-0.28963125110216814	-1.34164848663412	-0.40987479424105405	-0.28737075122026473	-0.0809734976989031	-0.3253358562741515	0.8055604839448451	-0.9987048652802699	1.1231637885875745	-0.029312673084532424	-0.870214202368762	-0.05908873080882828	0.3954420748186868	0.9646269330755771	0.5404084559325899	-0.09041753874090958	-0.016762502988005846	-0.757110613426621	0.41501390662935467	-0.228717191867876	0.5743325349246194	0.43974535975180523	-0.3102384201258366	-0.03184143435457314	0.7956995699610917	0.2254495631185171	-0.9517006264145811	-0.8004175951440369	0.8708059666794575	-0.0004360799289852715	-0.5083670592792906	0.20051701405467998	-0.10611518602321122	0.6176036024874526	-0.47842650252660346	0.5503593623242212	-0.053091463525777524	-0.5964321594872385	0.5697842266943557	-0.043653371774117246	-0.3801643194177749	-0.37442936765927903	-0.6400695388172493	-1.140399510498777	-0.2637516991055068	0.4680527602476364	-0.4461797850729694	-0.05793176488538434	-0.125782126263596	-0.6297052433573437
DTXSID4021393	-4.1526766594115	1.3201506387574014	-4.332720825555505	3.3337340707695433	3.5334249166685607	-1.0390617621901732	0.16954787376145145	1.3466879184483778	-0.027693377026044394	0.6927749900176272	0.413716088591403	2.4495993359411856	1.0299748878253487	0.25289789229527226	-1.932012625716089	1.0946554264377686	1.8987368720070092	-1.1301793133121736	-1.5233761952010643	-1.2133164426718777	-1.1122395614022786	1.638051838006742	2.6180524931519975	0.09775742931535915	-0.5573083869030078	0.6280518038725886	-1.1281037576238775	-0.9739663074486228	-0.49059513964942575	-0.24416591064726664	2.3249541217502006	-0.4077604620355476	0.2738844337663555	1.3614180532071956	0.3994621988680071	-0.011620385802744718	0.13428070188016755	1.130699967034693	-0.581138461819247	-1.7939110518143815	1.0365965182554455	-0.19923104390025195	-0.10170911578695209	-1.3263086269005058	1.2096604883452124	0.6806143635889277	-2.1011173900373743	1.319508770982472	1.2501504835654405	-0.3488792307501704	-1.212331451061253	-1.5410830995369307	-1.0380581710357308	-1.9059549993083456	-1.1179392227950455	-0.3431301155935364	-0.3213067129886775	0.9485173056929642	1.1196776391933887	0.7934115285946329	0.10441041628704044	-0.6484702435891418	0.8782646449263393	-1.2487664011897217	1.5620492386274487	1.1457154093570991	2.2572342253875153	-0.0697237616238486	0.0966409007346615	1.3372049052673827	-1.1390417753897257	-0.497318985061418	0.026508299435252375	-0.5124018317339296	-0.1714216773335007	0.9624107785017967	0.2984369506911199	-1.0720366377246542	-0.26782516145759344	-1.0099430890782624	-1.7826217209080226	-0.7645885809403	0.7499557211021235	0.13078204390697704	-0.37460623844858176	-1.0301329058587216	-0.9787940750346273	0.3240282078592418	0.18178477194511206	0.10803770694241016	0.1009331905725813	0.9946600312433366	0.3319382337109614	-0.3731708856362308	-0.014611897221174883	0.7195846943271325	-1.0707375609385006	-0.6194873929818141	0.31791495057156854	1.3647802178702446
DTXSID0046191	2.8022624322134844	3.2432241373512603	-0.8884352065742261	-1.6065924422824451	-3.088398878081297	3.9394324424383838	8.62899281450656	0.46211548027831484	-3.378719058446671	3.496056674703481	-0.3424935452562026	-1.9920042483547942	0.5739089731036033	0.735695980448902	-1.0448500090549049	5.562655831136798	-4.7887614372478815	-5.048738500501675	1.7519064266749578	3.083415107175103	-7.299434237333113	3.294338916747734	2.88389534000138	1.6314296362557477	-1.7167802331104713	0.011602230245985863	-1.1608079010009331	2.087296433402297	-3.0367547102031787	-3.1973849821094227	0.428583898000744	3.1180471564950634	0.29354761845571115	-0.7288805936432003	-3.908560612591554	1.4998263945180152	2.2183685792468855	0.10233529606365109	-0.15464147336708758	-0.7829515060797719	0.38046934501910235	1.9496355409586286	-0.3089272182611079	0.5444450934381075	0.730999234658058	1.3918850639940363	-0.12892336519204248	-0.0021666245309082564	0.4276624327408473	-0.11700136494655192	-3.462261142634444	0.7890045185429048	0.18850004024295233	-0.6310856869944053	-2.1673979060872157	-1.4041958068902165	-3.5251606868068377	-0.29655997993262984	-3.495587535114951	2.1487210534685928	3.7049493828623477	1.5625726389053454	2.961312528873812	6.435434583598619	4.4149846242404704	-2.6615094381326005	0.6733925464185172	-3.172065691749575	-5.5256039505200985	-3.21569271338952	0.7738629202307746	0.6727323330963022	-0.5242640304176278	-0.19007613329777176	-0.4910391032215094	1.112020723365596	-2.8286998525116727	-0.6882990521250519	2.6220369435391113	2.2442192146684894	-0.1277079721043115	1.7601540023373055	2.517163093589509	1.607906476515792	-2.3705841660458495	0.35051674117547965	-1.068610346423012	0.0689351654806966	-2.4431191671869654	2.3530555113422573	-0.5264482193157821	2.070029881478325	-1.4891248840627744	0.8898582788989635	0.33429848853535266	-2.869369489752056	0.2625805983022917	0.9764547739003671	-2.1255839592455428	-2.452461125821217
DTXSID4041991	-0.38567194099442637	-0.06956455095831497	-7.938664304199822	0.8718987370173589	-0.6350621121983726	1.5195135966061393	1.6435326015558482	-1.0357210254906681	-0.4167678490640433	-0.045229439608755896	0.6903673807786305	-2.6195551574359355	0.5603146632072199	0.29682276118496487	-1.6137754843202157	-1.3965748285462376	0.2872039288876311	-1.8766018414021766	-1.9835996299587517	-1.3053888966497276	0.7196386353235708	-1.8537880082994476	-0.24724593520610444	-0.5703035350054745	0.1387491626945025	-3.95646455172782	0.8054120642551087	0.7246024677863401	-1.161459106118544	-0.015529662657843729	-0.2274737282177466	-0.6953790245107976	-0.217585587471195	-0.2280183598820533	0.0588190197543532	-0.5218135418587958	-0.4494025904125572	0.15820084555304853	-0.022909508746890142	0.914655829345287	0.05425673217877382	1.0058548214251397	-0.035051550700873735	0.6281888426126645	-0.38068507153217335	-0.4196418376305079	-1.8600139883779583	0.10405727227122125	1.385731403072942	0.14388373519448208	1.0811525049453523	-0.5835574202340866	0.15436547303201795	0.9689465256445126	-0.3248309072435121	-0.46091611599852284	-1.5890554495813443	0.7431689955007855	1.7493345774853069	-0.1339897007577125	1.937346428399095	-0.2470133453348174	0.3642574465770967	0.015327194954775537	-1.3764607235254556	0.4906665533120585	-0.5547644507853354	0.4327855516061297	1.2181742894034298	-1.0540954125117439	-0.00019487512243320185	-0.5922582648330185	0.24193847628839635	1.3561642989374196	1.090124854870935	-0.0040703993771312955	-0.6429172292651827	-0.5157372181755062	-1.5111268180214883	-0.11876375032194104	0.5115300436794864	-1.4279043190061615	-0.19318672869533654	-1.0555396696433286	0.14534898777450697	-0.5517450422341628	0.04782003517858677	-0.8767110288457098	0.2650858244457616	-0.6259121981622335	-0.2575277533507952	0.30121427270039197	-0.16265269545844577	-0.32473671114744795	-0.25990148224023446	-0.41186501941510006	0.11745082652893163	0.34196801455971104	0.562832286942535	0.4222423654215592
DTXSID5020730	-5.56129599177055	-0.7366265179562745	1.8396469469665042	0.8198585024668721	-2.2541198014553796	-2.5306075547580877	2.434297485454371	0.24085888553642873	-0.3900153279272946	-0.5859426864092636	-0.08798073870241212	-0.7910755982478285	1.6526702540051754	-0.6728112375228542	-0.06740257337979136	0.5814082273302981	0.12147250747267713	0.18633763656258295	0.7280437413662258	-0.2651797938817975	0.5207484828066677	0.19430632405597995	-1.739369820519042	-1.2654639861093122	2.2485930671767203	1.2512578317855807	1.4128541238319738	-0.06768168163992573	-0.5847722290551995	-0.47990434283674066	-0.9972095127125769	0.6314569949121818	-0.47839520853746564	-1.2339067236263466	-0.4839212483376783	0.20862088513103028	0.5669473906362712	1.13619977367585	-1.11744524476084	0.35459764097134094	1.0361653880110715	0.4029817414464935	-2.0519038830701515	1.8636649190078782	-0.6870361155786139	1.2538977512540714	-1.3875439186536418	3.0505881243607615	1.1080145920804751	1.0029929905386505	0.49828617621224003	-0.15535041704400093	-0.9973811119377504	-2.2702161478819467	-1.367947721075063	1.7439127124366902	0.4737450702900701	0.6034933600701486	-0.79508002725744	1.2167990894015284	-1.0128530243054377	-0.24260241492847304	0.1513409471934765	0.35907939058350963	-0.047840089609374886	-0.29478583267174224	-1.1603897010077329	0.7338154266732503	0.342053706289414	0.7290008761808491	0.5076040806834178	0.5670304939074313	-0.7079583128996918	0.2524902554691723	-0.27690608224979485	-0.4324525782115303	-0.9202120006496066	0.41291759268046774	0.7103022831084814	-0.006247884686787434	-0.3191260462433906	0.25628648631592427	-0.10481694969625167	-0.3079000577199561	-0.4892754740256798	0.15862621415897676	-0.4963957372550447	0.3601008842225075	-0.049252371152945895	-0.6332684923638365	-0.015663452503516345	0.03769579222330953	0.2640466181378837	-0.20898937621351563	0.15055671844962573	-0.7171742804516796	0.05984378411164074	-0.6357461819954956	-0.16249070965891185	0.25246814517699917
DTXSID4022527	-3.8715427847406074	0.43077448949752456	-0.2178147884593906	2.245591185081016	0.14690595348453472	-0.5108422011068623	1.177718907811356	-1.9382179424433814	0.558350310661718	-0.5106550725229544	1.987666122518721	0.3062866055314082	-0.22018318587285904	0.49084767908975174	-0.16353378392529086	-0.4851981439991047	0.613698022126738	0.1792642319493836	0.05705129060020777	0.6568765740510359	-0.5691267784090266	0.8427056390982937	0.13372494241494498	0.04991496990503191	0.47807604391424335	-0.07147592701454232	0.053207918811643926	-0.08840670056447919	-0.15068060385633122	-0.424473288875483	-0.18390647813209723	0.08891671965647281	0.6241201637529826	0.04038940257159503	-0.424917148331544	-0.7458333847807105	-0.05418759809381045	0.18905024667554357	0.32631962025906935	-0.35014095183025895	0.22455899642469812	-0.8166390145174361	-0.2430277257799116	-0.1834765276041834	0.4549953607585126	-0.6219496914766037	-0.16185129879899446	-0.38797723877173323	-0.07981701774469552	0.7728921311232341	-0.18753070940374722	-0.33552636330502295	-0.1898588397910303	0.0349791210132471	0.13924373974045937	0.5336187163659156	-0.3862273147306305	0.22243526471873384	-0.2687743684861431	0.3415007632914244	0.178990969429401	0.8359066247569806	0.7045761478210317	-0.4381113007852647	-0.15646786452462869	0.05551547005262482	0.011061645218939448	-0.7095680228498753	-0.45186100354846387	0.41386035487300565	-0.6201809198918656	0.5228590300231363	0.3256155435317833	-0.009537785133257511	0.4141974596902177	-0.3098189152764219	-0.5841550493355763	-0.35898725750265725	0.31913179953515	0.022172298453536073	-0.24864201248622722	-0.16368947301102213	0.29985189482351143	-0.008695655532627083	-0.6147030973310184	0.17171386742064348	0.2822668000389689	-0.04441536932162653	0.054194753016770326	0.19764011824630381	0.21969654601537633	0.1633205693627824	0.32921761523322624	0.04280920508224403	-0.2392906024298085	-0.008246324266213733	-0.04936450557618079	-0.2341885266229237	-0.12590706928499956	-0.08130289623696066
DTXSID90891560	-4.387777971720001	0.2834382680258171	4.410571172928862	-2.6062917336038387	1.018322930284851	1.3135604035219342	0.050383036462604724	-1.5000394279710842	-0.29610064582407275	0.10605542583014933	-1.91424643423487	0.16654573022156416	2.8374471759954774	-0.7556151287165558	0.19381140332335808	-0.6975713975000513	-0.49394809822145097	0.3440801339958768	-0.4273797928306838	0.9036067185208474	-0.14411706310141073	-0.15786187375591773	0.29681575246700503	-0.7212679897358151	-0.17553557779470683	0.24648694662286533	0.24193732006766147	-0.11164885709100499	-0.19736730008853248	0.8945445546549688	0.426046726984499	-0.08391596187036958	-0.08391691009318253	-0.2840613530524074	0.018608108181363416	0.06582991530247605	0.1412824143309616	-0.22115212258458494	0.46107492827768903	-0.3509949358166356	0.09552370872680813	-0.4003875092334219	-0.2645112553053617	0.15248772601844457	0.16148324974636202	-0.4306257225285954	0.3332138986923475	0.11319020347869982	0.13955557761677095	0.1592396820155435	0.036141318378587195	-0.2555168357161533	-0.02486320054241383	-0.44783123780427414	0.514374433974375	-0.29340583064174974	-0.28491080742862307	0.3221245886409682	-0.17475742592530322	-0.1646701102172246	0.07264463040394581	0.34117387432799867	0.2855895543378869	0.4821551168108202	-0.15989823696323918	-0.09744056595457753	0.25832918704182545	-0.350188058614466	0.1153667820867919	-0.4333364129981248	0.2271506601824212	0.12233099495807268	0.1799793914163945	0.8302060955664451	-0.09255691289228	0.15414935468980626	-0.25305474670189193	-0.1393415118591968	0.14675750786535757	0.017470608841833105	-0.3153697341474969	-0.8327928653337213	0.1969380138242113	0.05364120942923855	0.11047998619647353	0.007296610562751589	-0.19163190577092823	0.340089407923792	0.42640182330736154	-0.010877434091649481	0.10695114647737033	-0.3185869174480375	-0.0250575518208081	0.4968219783818706	-0.01913193288268473	0.28169312668240915	-0.5913475940084703	0.09676280978065642	0.3662870210063029	-0.0889115348115982
DTXSID1049697	-2.9328246604936017	-1.7371996697855412	7.6219114384009305	-3.1941145535018527	1.9029682641178156	1.6692441353861542	-0.3480345404473236	-1.636928528275993	-0.9191642754175431	0.6877415845734194	-2.632536434813483	0.1488261969058029	3.1697701038684603	-1.705454956863835	0.20559574508195327	-0.3272130708330653	-0.12633510610122553	-0.5610898157971005	-1.354700756073355	1.3199673433941035	0.15302630502623904	-1.058919285205638	1.1342168151352277	-1.9171805205370438	0.4177132173129182	-0.35993774364909176	0.31864027489401553	-0.41347260016954995	-0.6091836750514272	0.24206432580313988	0.5002031512689794	-0.6052498270994617	-0.12767678246001302	0.26729861054148457	0.013983396561309295	0.545027057042944	0.24648135582731376	-0.8116782554241143	0.6818798870424998	-0.6478338430574242	0.17564418835258266	-0.1453583285882492	-0.013900848497026838	-0.2637789445797616	-0.04165055714496364	-0.4100297249884594	0.09736047541695163	0.24527040721729246	0.19396990219683463	0.03644913622433548	0.04853876229583354	0.6354587059644097	-0.13615211286907494	-1.1428892289869024	0.2782308853937855	-0.49010188672130356	-0.148523641075927	0.4133581667586786	-0.4659515661600108	-0.4083881489998954	-0.27077735398674907	0.5053046516857881	-0.02847128044087711	0.4211705726057425	-0.05350627347784816	0.40441576220015496	0.37805635248385416	-0.16090332517625225	0.5292591458410661	-0.7768830888014081	-0.14449362676809235	-0.5388798122622049	-0.39832233286365415	0.9214388973511007	0.08870765705401622	0.3682948013351057	-0.7271886923865686	-0.11631082504201548	0.10132993935070989	0.45885719105257317	-0.41845831938419104	-0.7882041074980538	0.28008643949126155	-0.015279317823375079	0.12998902013623856	0.34716804312351673	-0.24043105988957902	0.4302505210159966	1.0647670032573227	1.7419074365894165	0.4382254863903727	-0.3138150248619503	-0.5410680972898869	1.2063739905560005	-0.06749553161598482	1.0025551408568125	-0.10671059992169422	0.24728215483788513	0.41881470202575194	0.2532416113598054
DTXSID7048952	390379.6732547935	-132347.43270311173	-34464.08537005767	582821.4834871759	152406.91203778607	-138815.70781195388	1062350.6028989428	194758.84716692203	-257134.1008609479	1241328.9097508865	-404813.815783352	1070469.6782486353	256002.80996246653	-91859.46533075885	331427.78599213314	-548821.7347850517	-349238.47037328046	574911.7245704959	712254.3026989162	193142.10053672886	543607.3753016153	-266442.1088684093	-358780.9100907177	89380.19315292186	-208452.64142615182	-357038.76983175287	-176430.28095744536	184250.77618997998	43267.90465755655	156805.68171893913	51169.379363633874	246348.50443647205	-35548.62417909384	147861.89452281198	21798.711402690722	303914.9670584181	-82314.17970530542	212440.59531460624	-174471.36212558814	59879.03263332096	-15854.103011991172	37133.90965758996	-75826.39712887882	-63092.263240451655	-25152.590063405914	-20637.22707009393	40051.48092222163	-145878.21222620798	-19968.27858518944	97307.57417340441	-13557.062072917994	-242146.21314668882	-213068.98742835957	-32516.15484332292	-51905.91415783445	-83336.31617100544	303733.0164460069	48669.33145901966	-448950.08458981896	-162818.81901571184	325431.6002152935	-312143.93673843594	172731.1320325669	37894.66700903648	-264871.9484356392	-849292.3664478171	-75010.96579298291	-337815.92896408314	-271472.46786945453	100912.80592555598	-299090.1846141922	-508687.1824439836	-96924.61052921011	-126737.61398052698	127607.25720904389	180705.49270774232	-525038.8477483336	44427.957639998895	32574.998043262945	-513795.4049792914	540300.0366963075	-479374.78634960554	680986.2579755277	-840364.2975439284	-655492.7517172094	674123.2492615912	-208479.25078525627	-299156.0458547001	-80356.68980194056	-200517.34040256924	70806.16084628107	-550520.0977254219	192885.0666185244	-163168.84314908102	22660.55491580118	1197726.9752929758	-117094.59720298213	-39361.343561000474	133328.62867604606	528599.7715377883
DTXSID6045959	26.69972794523398	3.107311584122012	1.7178513329162521	-7.78966738662808	13.630599776325552	5.35605384054536	0.05833661872161827	-1.8129016886281801	-0.0889622546598943	-1.5712129267000974	-6.065100628000468	1.8770462625686244	-8.279916296365347	-4.7378342695955205	-2.021065065618085	3.218899373867849	2.3926179215981924	4.360292304361979	-0.6608868922630269	0.7895215139162588	6.038554708416684	-2.395114104820145	-0.5602983495656005	-2.210418555940209	2.2550610977926686	-3.17585761456417	-4.7546034561778	6.084587491929436	-0.46829146112829556	5.642805256111759	-2.961450888433281	-1.4671851950967403	3.2747920313805876	-1.4983739426998615	-0.7713229769269433	0.8371758999994191	-0.9398170051559303	-1.1411381997214383	1.5919720896742042	2.0366637261955094	0.9521851577320974	-1.2618985249801347	-3.6393370942595835	4.008516275352652	-3.7287967267685915	-1.6888229485727702	3.529124260169372	-2.574561289719211	1.7930184351395133	0.3185174826780282	-1.322979628535006	0.7142472748918783	-2.718972553543192	4.3767190794370405	-0.6644514529523563	2.2091678177441962	-2.0763251876856454	0.5872303964039729	-0.4298904876292791	-0.9917110767590918	1.1371225423856235	-0.18660807155082665	-0.0887870899148647	-1.1100440989333895	-1.3338944751510742	-4.296942078180727	-2.454993683070716	0.2733197162286194	-1.5506599747127163	-0.9762795139477415	1.6517053391740504	-0.05382125410107712	-0.3111957855953956	-0.06688002445916467	0.7193254534958975	-0.9734823917186819	0.372717133924498	1.6432177686498244	-1.0177853904852598	-0.1713625844636713	2.4999193675033733	-2.694702013450442	-0.41832511361648134	-2.4516906055875674	-0.0917103823024918	-0.6522391918006621	0.6317194993728624	-2.735297277229474	2.698669404323069	0.8790234147920546	-0.45418287357513826	-0.38403209088424195	-0.25029915817276693	-1.8015502110193222	2.365054051677355	2.456164333894006	0.41022982534639957	1.6187002662308678	0.18754028951951368	-0.39316914549321935
DTXSID4021341	3.750484205290539	0.1650429199976	5.544547169739055	-0.6300376560045553	3.6961534478127813	-0.6536185344771862	0.3491620627151286	-0.49344427667361573	-1.2832619112178083	-0.07662160043982597	0.528313255818193	-0.4652447193854218	-3.3335178673431605	-1.4118344947127928	0.35818914696957144	-1.333143198168175	-1.7651708470682317	1.6110889096660213	-2.163185615296981	-0.962943463265739	-1.0816908335454982	-1.1799896308237394	-1.620759983553704	1.7702371768258642	-1.848755418729853	1.0660760229646067	1.5759526063712057	-0.5803669965325036	0.9734820059691435	-1.1700274214832387	-0.3138826952398402	-0.24576842021470335	0.10568510225961214	0.22945841365312167	1.0704346219811245	-0.20564735068170878	-1.3427791246887635	-0.6637457706344428	-0.9424748482152504	0.35017337587547914	-0.422201136945241	-0.5521763150353186	0.6843523855103132	0.35780194701301016	0.8278291944291164	0.9121420157736325	0.3743057420655782	-0.5331189195480345	0.23617817996002527	-0.11770506156750399	0.5312633220473912	0.730439330105519	-0.2220925322415848	-0.7894986649716844	-0.1346420053545871	-0.3398883651904612	-0.1104014368831338	-1.0413338375846262	-0.1891301943983747	-0.5271723033399841	-0.2527756784806729	-0.6162556233198774	-0.7695952480833316	-0.041417732983519556	0.030482665260819098	0.01815595149089744	-0.590227892450677	0.02002779760569919	0.6445944365989363	-0.3448505306330126	0.2962865612535817	-0.6470000206815005	0.5378168347369738	0.8242947610044976	0.016674600056854873	-0.6749253684234595	-0.334333877331098	0.5460003366812322	-0.1428776013423443	-0.06284459300843517	-0.0751347165534143	0.2939579014910463	-0.20860686385966726	-0.2942787379440285	0.8146357968724234	-0.19096805109736925	0.273319291449345	-0.2843536546965509	-0.40914828409673076	-0.032286578240281784	0.1957761949640854	-0.1303344191021206	-0.032572218245440876	-0.5088474248769351	0.3060855113028212	-0.4501305730438705	0.17408455691757393	-0.11924730507127902	0.0802399412851384	0.029537684325882586
DTXSID2047195	-2.747070055969684	5.904921804443875	-2.3822523434279677	-0.17639780049260542	-1.2244803133373052	-0.649535633612823	-0.22003514016436973	-0.792033174751563	0.06662046592300461	-0.5140458449717551	-0.24092515336109915	1.2988216830330168	1.143177239117091	0.5458902827990626	0.7391502881435922	-0.00027084776734415144	-0.5498346095311577	1.1600216318497618	-0.438632806025274	0.0755501879909287	-0.18627718149456984	-0.5718504494822554	-1.8610173517972946	-0.19474964761886415	-0.9357368562131442	-0.23244423090553035	0.8107791855436645	1.7052244015380102	-1.5895637991609552	-0.6586435143417277	1.7101058161022449	-0.22376360279342097	0.5396488107637251	-1.2809464361825402	0.8352747675182235	0.5891181642800586	3.7611183096570358	4.3040618093759075	4.523841092748565	6.473879169857033	7.246295660233741	-2.8045602619020564	12.102002713557031	1.821077368790678	-2.189015457343138	4.548236768948197	-0.8682414776122503	-1.124081905288087	-3.0230660088348484	0.5955894202801245	0.05057848140110556	2.3124457460099035	-0.23168588396616144	-0.1888992285036478	-1.0972014200831426	0.49097369468444924	0.5874671899658236	-0.12090018226962092	-0.8119119406588029	-1.2984480215962149	-1.0907502242169103	-0.7924031415129912	0.16483139154538898	0.8345346083529014	0.33725179905550223	0.954379015027695	0.4176975558420265	-0.22047722953120755	-0.2509513591328396	0.6733431814406947	-0.10980280058336027	-0.6881984548958597	0.32768108374081373	-0.13089555255570057	0.6140285608545503	-0.4880820620277838	-0.0914120703040757	0.5031453452574928	1.1750477834511812	-0.019040373323389335	-0.05342086935700106	-0.2804787795578791	-0.010996609441689696	-0.7866619468719612	0.5205603204737106	-0.6206631462719832	0.3277973228406888	0.041160719868621416	0.4847407368085021	0.03985613535948105	0.24231174392038438	-0.35598601090195997	0.7190323377225856	-0.05896353309933299	0.2911292884046076	0.1436836364089017	0.3625980944611212	0.08314548945893795	0.045339246182333655	-0.09439802673692282
DTXSID6045535	18.597055799878323	7.000870591457544	-2.8083789360091918	3.102267048871927	-2.207482935759359	-0.2863069056487859	-4.330930727180492	-2.677415208066509	1.2555195378432218	1.3358166258635058	1.820671442496971	0.2727567743036792	2.928611612749513	3.2055534541480895	-1.8355597096556937	0.13986158426066442	0.7167385996549933	2.0952082646466157	-3.3711413237215595	0.5686958157332178	-0.6444417967584395	-1.019241520716252	-1.838009778594864	-0.5560015570569732	2.073774795024579	0.5695356676046284	0.6624582441670378	1.676793369597509	-0.7354078263568661	-0.6008517093433915	-0.6214194309419501	1.261389019806398	-0.9098184418309396	1.1603799794595986	-0.3915810468180639	0.1346162893515141	0.9007080647927498	0.09504679873810387	0.7802264458403898	1.6355663081735967	-0.3248917418356777	1.130135407886159	-0.5045975575368107	-0.6185201845099106	-0.3449865281332415	-0.5304556460525921	0.3653927164472048	0.05427264345234392	-0.6928707550258708	0.9042692800609922	0.4052070688809471	1.8221573059394272	-0.9593348729651722	0.1952726306750414	-0.13786083850897377	-1.728259617715239	-1.5316738563541648	-0.9258265435327038	1.0048101784044687	0.5896817526949131	0.6069623315848917	-0.28149154031991325	-1.0939775427358398	-0.2840181517765296	-2.2671060688644125	-0.7050595750754393	0.2837812741397718	0.29468669904457795	-0.019213835155911047	-0.612878004607006	-0.9405243419004076	0.5920223609253643	0.44512924341153576	0.5277873959980937	-1.6168935297865614	-0.8136798620360718	0.8167271020222636	0.51147074793985	-0.2159421214092065	-0.27879682549598717	0.003319747123446921	-0.2665524483591487	-1.312673016341583	0.4826292879961975	-0.7224233127662223	0.6460910486259187	-0.24151922397636472	0.3334073499383713	0.0354436864021209	-0.18771980707575045	0.09239015345060814	0.4025344617043849	-0.8952715839596951	0.7838995086024848	0.7971173776841792	-0.5176254970457996	-0.6017744742097911	0.12435079069536129	0.538116540737166	-0.40846798083876845
DTXSID2049000	0.003289860974137051	-2.012979419740673	0.8542264657443506	-0.9523815621752365	-2.7638281484701985	2.2443896411806574	1.4971671733685676	0.08663175871047782	-0.7268814641423692	0.1721354116209257	0.127421816699831	-1.1062470797898367	1.7297632559969103	0.4976817532018485	-0.40887222036876003	0.8831223987567078	-0.856798763205799	0.4723092015652337	-0.7462349454311108	0.5190101283270527	1.9961144237915747	-0.2469333401771491	0.2925897718246964	1.3867887409021664	0.9884602005024686	0.5832088645974316	0.5602510913617006	0.20906524686677735	-0.6064109416974159	0.8365722634283378	-0.5212345972646462	-0.46416199516160556	-0.2770053626464782	0.021305298912849772	0.10920627246366071	-0.32908810130986926	0.29316072071106675	1.2227440704916737	-0.5366222707924412	0.4540993998443723	0.4224490473767914	0.2545522735661097	-0.6018228892014796	-0.1282824844110218	-0.11441778062062742	0.0527173767359819	0.45145211563276166	-0.6756913670702879	0.1109580988657215	0.3486695010337833	-0.9361501255292983	-1.4262549185686386	-0.031852670588900206	1.0274238183907944	0.3153017065014204	0.5700802034054058	-1.0713658239597188	-0.10573209498703205	0.5576524984495987	-0.819659203116912	-0.006953141656884361	-0.7940627826459177	0.3604805047734602	-0.3575747769228471	0.7404270465889295	0.3279580768094557	1.1485193322377376	-0.8348851670631247	0.7546045700154199	-1.1084978810585449	0.8185962605598732	0.4274984220334544	-1.1473791426161937	0.890673950850068	0.2889188763315045	-0.9499763731128559	0.7997234811823692	-0.5448553507129178	-0.5617709766543492	-1.9642314330466282	0.42195972050664027	-0.8537768464985739	-0.44463637354602975	0.6011023848659337	1.0777548282547162	0.3945679088859794	-0.2014354840828306	0.6742850739535984	0.39097539840276996	0.11553726854495212	0.013329295057983427	-0.34142660682606146	-0.03158277012767738	0.8167000675630359	-0.2961968432134608	0.6651232272464769	0.13587766415702496	0.8512140067887722	-0.8212211888001092	-0.693764738556068
DTXSID2026941	4.545835044887623	0.44226209657302135	-5.350139622954691	-1.8925692514540104	-3.915701820585202	-2.173991137039064	-2.118728104545221	-4.529237800089207	-4.604034546629393	6.88665883764474	-0.5495860467084169	1.6100498353682473	0.0067717720043190726	4.732456605108474	-1.4440211682857798	0.7421831444927403	-0.6946646963758756	0.30823647738349175	0.07621437060674328	6.10671860009639	-2.6825577367066575	0.7149674079424434	-0.8408916958855589	-1.7920370548543312	1.543634278877886	-2.554958950508895	-4.31866741576663	-3.616060454251211	-1.1207014663478985	-2.438037164417461	0.9537928221005635	-4.538071425887885	-5.959724143747716	-3.6948137121696094	1.5734058586600632	-3.5342440241077475	2.3672320275575434	-0.8947621565818012	9.091087788979163	4.239465014798145	-10.33036756114521	4.240597517113318	-1.9621304120588778	1.3657829348401151	1.2363307651758841	7.33725150253232	0.7048875105842688	-2.2653903498128067	-2.8206691374113024	0.6566626383883383	2.0517925164625566	-1.9720421212383779	-2.401899123716193	-0.5283590475813863	-0.9208758475309174	-1.5257581265920492	3.6903489567358028	-0.4294128115000381	0.44577317521977783	-3.110500807991676	-0.6934961542285135	-3.627868504182046	1.6987929694256294	-0.4039486721499316	1.2355008225133357	-1.6473928257105486	0.48919191236640136	1.7625245004088104	-0.01975124437604997	2.4507493350442653	0.8539963262894453	-0.792238630983169	-1.1843358298982756	-2.229341722757197	-0.8864008596243295	0.4511901691356785	-2.2285614282573687	-0.710448434416518	-0.3566284928490656	0.459638392200524	-2.0455132222961145	0.1634495073438718	0.6150680933350268	4.212528223285011	-0.3535003875079557	0.14420850672709548	-1.5999600942373098	0.8443061868352669	-1.3757607780580003	1.1237633260326882	-0.4084101914047359	1.500181217288002	-0.5142418928372894	1.4769054041557887	-1.0251965252231596	-2.518080852034325	0.5918015439182573	0.9055790598822698	1.0165380096117034	-1.3348421519886886
DTXSID2025896	-4.503639627007767	0.8837038038239764	0.2979661638327774	1.6123301748017627	-0.11160897986483061	-0.1401224300538177	-1.0357532304906343	1.2595662318678684	-0.5992751871595903	0.10158125762613943	-0.8633696328695462	1.2585448256207152	1.1911530334078444	0.8312194463057271	-0.8029965743749683	0.637612650185693	0.062492635865900495	0.51505881862324	-0.16502229155680523	-0.7767442879324623	-1.0435094886292025	1.049455839990291	-0.751293039268285	1.2670486280664803	0.060820400939215515	0.26640218409041794	-1.2314798808172134	-1.276059216497846	-0.04076806348148908	0.18657994262907696	0.8958307036063642	-0.13324957467564807	-0.22064578567585583	-0.41880679123946357	0.25706632700251475	0.35555514961741913	0.6802932567688822	0.8918183938904457	-0.18095862048421385	-0.7279969898465916	0.26992540780414875	-0.35825869104158026	-0.5965935856462152	0.29995366325401873	-0.1558936693470723	-0.0656491794381967	0.30419855199756113	0.27920058038760315	-0.018274767819628918	0.6627342052943616	-0.34686131171730766	-0.9917994688285068	-0.48666876776233914	0.08369503467247384	-0.5891522594795783	-0.5869844425951168	-0.9965419944421517	-0.5409189887672698	-0.0016819054674535661	-0.06644643015305503	-0.3114030488590154	0.10625581406047478	0.13458363993448172	0.24123342246893903	-0.31664654450131385	0.5211521747091583	0.38229439167106155	-0.9393806369982427	0.5604112583041829	-0.16815172396999184	-0.7671585666662349	-0.3969906198486721	0.25690001945238977	0.661765762952889	-0.990904899675306	0.6755882019758429	0.6855242647487165	-1.0264855645986366	-0.7399774762861764	0.22823190192697362	-0.6390117143795149	-0.6430421851705761	0.1691891817293129	-0.5840302437590733	-0.08762046124947495	-0.6403660957741356	0.173760503991868	0.9091781345902115	0.11150569889411842	-0.08855748856093254	0.43044943912621697	-0.05331125869093623	0.07579151297471504	-0.0700201345880011	-0.4711417298111667	0.04365325591452095	-0.5776825167572651	0.5429798442303502	-0.4277970515764639	0.17352564476118457
DTXSID3047558	6.018184957335046	-9.52191433876207	-9.724894133469057	2.1883560923731125	-2.066407011154091	-0.3040303976014949	-8.857211176825459	-11.819181637663645	-0.24181305879904505	-5.071955261970753	-8.221528763570001	16.535621649243936	-3.534973283383219	-2.908235088394013	2.2577372328658494	-4.880184581223053	-2.38049883705694	-6.568282302063788	-0.5625733331140536	5.26923237338069	-4.512135586963189	0.09254247639874152	-3.667410609373438	2.2263124207022287	-1.4454571583387836	6.988273451424893	2.4214197947822163	2.7923874636184247	-5.210035559689207	-2.694442904384803	-0.4301434010751573	-0.943001645550497	-2.958114318144158	1.4714370733929214	-2.269692004032642	0.09892288263388403	2.5948904391083354	1.1282105880777054	-1.6855163658942178	1.9457447348067158	-3.3664445345004936	1.2056588331808964	0.3444666214400126	-0.7414282757038468	0.5814432392172614	0.2903738363594506	-0.9588015776146986	1.1164630776429014	1.4011178230266241	-0.7599081537471453	-3.398026959028577	-0.7476183580291269	2.793683780536115	0.468977246803486	1.6405583901360377	-1.4254877004800899	-0.977330584886846	3.2875748856584215	-0.9248033320972874	0.4877947199647785	0.16737390766324065	-0.2821524952526455	-1.670965163033369	1.1939562205539498	-2.098106154053647	0.21494523966390422	-1.7692465959097274	1.0511168244139055	-1.9365944797078594	1.9740183378338232	-0.8220634821253097	0.5646857382162672	-4.102545505990801	-1.273545711730136	-0.183920752967728	-2.6877540660533783	1.5072299273954952	1.2832758664728494	1.2882183475195197	0.3800203049707331	2.6209943213789213	0.936831146148783	1.1987097814139605	-1.1364246904724251	2.583741156225198	-1.9030421745768675	-2.350837940325855	3.4749667455157947	0.06374851943981882	0.2414963944925564	-2.7557875472119897	4.506458108278182	2.5030918207556465	1.956805219680046	-6.378618044181273	0.12526071923912382	-2.904211775810713	-2.813072280369112	3.3866506408685195	-2.64098845778177
DTXSID2044632	-3.081190372409127	-0.19482741456716338	-5.739925937267382	2.5466920670542064	1.8924819314622117	-2.114403201342885	-4.6012812871036015	-1.861018539302676	3.333818061283646	0.8670578489529358	0.00026165347028148393	-0.8449146154130944	1.0095772927921742	-5.764071803388703	-5.625469680862469	5.050175441261198	-7.3784541016043965	0.27437458058673786	7.666140049260968	-2.300859899006601	1.0179467248755563	-3.7771106646896615	0.4899929507116005	-0.8808266093701361	-0.7682620164535938	-1.4863307829420698	0.5246850850198069	-2.8741269771133124	-1.735128094719165	-3.178836640228179	-0.26056131222101486	0.3760063463084462	1.6612131615065018	2.600720485567122	-1.3906578119493083	-4.23679347378339	1.0893616234957983	1.0707252179639473	0.039373005015685705	0.8975834263584965	-2.71376348537985	-3.730077008505972	0.15924007276116375	-1.9492703408474534	-1.167647039338981	-1.232538475447017	-2.3808339941333534	0.023811551534912042	-1.7315254419008441	0.3826663382262354	0.5174200818679716	-1.1998626741827954	-0.09493978637151067	-0.6921809995680686	-1.2942224554900161	-0.9673798873902911	0.6946773275412329	0.6116161899953549	0.8002254977302787	-0.23519310356806994	-1.2324277620493198	-0.6834775883130323	0.6041990630843463	3.589756303447569	0.9613232432987104	1.8892013767253826	1.4858351791690514	-1.0970607835327548	1.8586633555421115	0.8510826844469082	-0.10388641252746522	-0.7264328701165412	1.978165388429758	-1.2369451696317697	-0.36503429292914785	-1.0502465877959812	-1.5567738444312231	0.3657658105213567	1.3499870397667049	-1.180757133604848	-1.1227076137700647	-0.24478017796337936	0.28341602265408716	-0.30443384095593823	-0.11044826570359305	0.42054754430978	-0.34677051568663875	1.3276430766160252	-1.5207689589760136	0.23623231781939286	0.1534312412725396	-0.34433269624349855	0.06596353676612626	0.9613696450568547	0.05309958134780049	0.07055771869459776	-0.37900032105695103	0.37487831805071065	-0.6131666917455	0.38152941236122456
DTXSID2046258	4.788713561107448	-1.0097948044301315	1.5478273622867587	-1.657567648714005	0.3127065316283911	2.3993168523684743	4.209117514746416	-0.6884001368269292	-0.8296528021268134	-0.2152972504885725	0.2515738851927259	-1.2787276934003642	2.6356171878401837	0.8284693014343806	-1.0741291854589985	2.35278849478759	-1.3630508230366718	-2.823196305030998	-0.675179609840084	-1.0130907948471046	-3.8223951183404656	2.1183931866215997	1.2525502111608904	2.944876952248391	-1.0084660945247814	-0.614097326896134	-1.3092619030642312	0.5130752789933686	-3.4582729768324953	-0.6406046983097886	-0.5652984844703708	2.648276823573313	0.5282357065828516	0.7814878679944028	-1.6304272995772229	-0.7864732130151307	1.7390645244255192	0.4689593112056671	1.1857756557619796	-1.0491688348437465	0.709141847436257	-0.3705249721565784	-1.0866433022614144	-0.5972983608471281	2.3880679719027023	1.6793471558281867	0.7617196440295081	-0.18308410052773064	0.26043254267442695	-0.73581876789833	-0.8090460219021797	0.17897632747000455	0.2539364725916357	2.190258015027796	-1.2680493965115074	-0.5139330650013334	-1.0502754284731115	2.0510230251083863	-1.6429713345198877	-0.7461974756271066	0.5105917420355424	0.6773874328511619	-0.32704166403734575	0.7435368348109765	-0.21586559802886823	1.3394018456444132	-2.2187471814624753	0.14711394795629323	-1.2575950926630979	0.6547436258262899	0.5687353678417378	1.2150354951086557	0.31339591282332663	0.8022552261967796	-2.0141667446216442	0.19946857651898559	-0.5381954548925586	-1.2321694851422176	1.7570155349412007	0.5665566365916967	-0.29743461369743507	0.7379796058837617	1.1700578070627001	-0.281514674311204	-0.872294397994374	1.066996832691271	-1.0624265732547638	1.234528098117575	-0.8404086725056769	-0.13771793682605893	-0.843955291898897	-1.5046046888810816	-0.4004078870051351	-0.39040173495976277	0.9821576419193591	0.03133992923141825	0.6309925097869926	-0.31369169124182905	-1.3337616660250782	-0.023335271532185585
DTXSID3024942	-5.426025807872204	1.3405941219319102	-2.8856573213539414	1.6404875955976017	0.8883532068673815	-2.009301474866615	-1.1855507491858976	0.8171061079769685	-2.404212440992191	1.3516889096238716	-1.7481414307819456	1.0032754206784913	1.5743384508380511	0.26034629545493543	-1.5654591973174357	0.3839207216376353	1.1507690288544603	0.26680223816232745	-1.2500715479517286	-1.1619269107745924	-0.6887611053982976	0.8032566240152638	0.8992201407063694	0.7858456467841156	-1.1057999669752072	0.7504506965109309	-1.0906386339909866	-1.0010750804880504	-0.21746451455763735	-0.09587924047083021	1.4366873686520434	-0.47783971933366537	-0.147190656998106	0.06038869659536367	0.9274999664904584	-0.08349486255131856	-0.4207811117814298	0.41273154892460795	-0.2011905507407937	-1.1311305714262232	0.8602610674622	-0.4349075274278348	-0.20519297819440457	-0.3926124861598721	0.6237742356786548	0.4349371119574645	-0.973543236588014	0.2885250692789318	0.891119640169509	-0.11554754648691232	-0.5935010903627144	-1.1104686849372976	-0.501760661734156	-0.4971727590280773	0.15096736705840116	-1.0737570462963077	-0.7226499294154194	0.48644637278559977	0.41139134531644783	0.8984259164025811	-0.7404330131029403	-1.058308763583732	0.3999702211589938	-0.364672307354619	2.0361789120529297	0.8050490388341022	0.2822522569209521	-0.9295054995554746	2.1162930041653336	0.05896735856704127	-1.2959783370328646	-0.7946088622243133	0.2536154657442127	0.19916404110670646	-1.7035876575670288	0.7210538031609599	-0.43330262287588367	-1.5140854190856659	0.0362128077243984	-0.24725356965638032	-1.623457154032166	-1.0070722469695055	0.6737884546492764	-0.6195447614396229	-0.05167516576369786	-0.6221816405799222	-0.8528074565670388	0.505856855380671	0.1668669916911571	0.6226999011503878	0.626757656610592	0.24476635855513854	0.5197424305620937	-0.1327321131015322	0.06148837509133792	0.33829881283548124	-0.955634260828205	0.19397646310009048	0.37926136382180364	0.4226240289963484
DTXSID7041126	1.2607713346974194	-4.526803241987849	-6.202542008099067	4.770614458530838	-0.31522759819825147	-7.5167677592135895	-6.734569345336986	1.1195740073198464	1.4608441823166762	-2.0175873079234843	0.17858933670341068	5.236815682067321	0.02793103719657938	1.889662717210946	14.259306096826247	10.248471826125675	-12.480318360872303	-3.2933312390608793	-4.638591384966855	-4.868597065499656	1.2089172149084852	4.8816420282375805	6.270875211356017	-10.329174911102074	1.2083374792766102	-9.431303393238052	1.5528154508535426	5.303738445813383	3.9675134577642	-5.6039235149700595	-3.3799587235932744	2.1284272231278676	-4.608934747223753	0.25621992514893577	4.800926019792377	4.871650632990883	-7.129736321437557	-2.10265559948156	-3.3494982292084194	-5.028622035336468	0.043198253246438355	-1.8135928079058221	1.4114991053655823	-1.1687430451241787	1.5856470677936891	0.5382195139935335	3.221042200709864	-3.4470940222841735	-3.997385193719641	2.8335186588839716	3.799503335952046	-1.652636507270132	-3.8715605923768006	2.0284364139384565	-5.844567007139365	0.5327986738213879	0.6682081131374783	-3.082305227956939	-1.0600546678200196	-0.11921821582619335	-1.1138635158292332	2.9955341352677776	-3.0797669279715434	-1.5992625718412667	0.6137542380769906	-0.2091862744313079	-0.20903490168853378	-4.265737418558112	-0.9253748725592986	3.9827496120531083	0.3809692589557622	-0.7133634266921722	0.8826884421086026	1.2324414854804517	1.008601632403056	-1.3259169926497831	2.9173410820705494	-4.9376029795797844	1.6843428205614175	2.524945520713952	-3.932161869815338	-3.7054249453258903	-5.088172609439724	-2.5326772290538453	-0.5840048438850778	2.7923938350769295	-3.7335794928877992	1.776440571231155	1.600732032953989	-1.4356161628472854	0.8508952684143563	2.3511092291534847	-1.1307036919632267	-0.33957355087653845	0.1866328372485539	1.0799480582275338	0.8740079911894517	-2.9815114499021895	-1.5067276527094353	-1.648374516475638
DTXSID0042084	1.4614211401754815	-2.7174942215389195	-3.284277681903659	2.089502038553032	-1.5756931527118117	5.282075046184364	1.4342190453065475	0.06375136609105495	-2.0160474111989912	-2.901642885022479	1.8849543405350442	-0.8896931394511881	0.45371172141469523	-1.6859230079092389	0.9536992044544208	-0.36577020750069766	1.555858091391403	0.4101121465401826	1.1363373692574361	-1.5666538617860757	1.0268156821273084	-0.3306519728891549	-0.8332642283847274	1.631788628238253	-1.0407198589661981	-0.12584189064581533	0.11102297321480471	1.5773397369715132	0.5695359477564464	1.2690293403198776	-1.0092426179345997	-0.35161195869595313	-0.08976216130541856	1.4848738996655764	0.8245756731486398	0.5184682295690594	-1.0901140253293942	-1.0560958932562616	0.638954804332212	-0.9331256539616265	1.242399107349415	-0.5175926068281087	-0.6601773590907182	-0.37643877595909225	0.18976764348433367	-0.4593866565381876	0.15283209714592103	-0.08278590133277296	-1.6967862141247292	1.2255220100167483	1.4700055918885293	1.3548876739943188	-1.3366929413757964	-0.9791732979291268	-1.00998692906411	-0.24110709348507492	-1.1687293678382864	-1.3722177927025014	-0.2756685028969972	-1.0232578346182917	-1.690942252613698	-0.20052744901515257	0.00044282563415772356	-0.04968733277335785	-0.8287111045565838	-0.23532086314392547	1.0327713095553483	0.15009562824863237	0.5810325526305878	0.30863385972267543	-0.4702919939851451	0.21268248276427504	-0.3612072107428247	-1.598942004687612	-0.21263012478607352	-0.3767779243990157	-0.15834180839886955	0.1334837026290894	-0.2146969421170469	-0.3348693859623137	-1.1698710319874064	0.563157885715827	0.2379608364333607	0.12801102151298727	0.13346619463057324	-0.13331767478154974	-0.37223017701146505	-0.38492186358581243	-0.1112355135696836	0.15598262989557657	-0.09128030899065002	0.18725563211891494	0.2253583659434867	-0.09136039469123164	0.09940240763568746	-0.2641245832303355	-0.1345805942797066	-0.13104613615041277	0.36809608884275247	-0.26214345348627616
DTXSID3020964	-7.138981390442302	-0.01854030501530781	-0.8707375778541183	2.79066454928606	-2.0433644780903903	0.5748044843014491	0.6418147107833249	-1.3149463703006183	6.121753647605611	2.3975949532093903	-4.065744936489869	-3.1479937773714197	0.2966592627294487	-1.1113317859972258	1.806934922141274	1.0215286894268076	0.6436732344489937	1.0400687818975163	-0.6460975871599899	1.4407668740733393	0.06368501245815326	0.18678194248360366	0.5537760160199743	0.0014378681622846552	-1.2405151500168494	1.2514437451564375	-0.88533569628092	0.3174478115478099	-0.35900572190352337	0.042119137295638334	0.21234753952083596	0.3145689630936451	-1.555330602683422	0.7424022811423908	0.005712498265582098	0.4674471100975416	0.7697239447647956	0.4880367038611675	-0.00496379240647457	-0.907908646039381	0.45828715880807097	1.2038782635722067	-0.3058507093011702	-0.4802970084131257	0.25503208050580084	0.46210331767112195	0.5426389008923933	1.1929212085028043	-0.36076177780531643	0.3754193783834448	-0.36300767220717717	0.6970976783730262	-0.39472479007499583	-0.29684196361274595	0.022905249477536478	0.542765876779968	0.29836002745744983	0.11525725714308033	0.3233383981641837	0.21550238856860895	0.18869992825999954	-0.6042219198027698	-0.11472205678840258	-0.029554037696967468	-0.3961481102461453	-0.46903964168930207	-0.7996419486279964	0.42020626120761084	0.3988017475503885	-0.20277133541778694	0.22288545119199246	-0.2802415991040962	-0.4679154828655244	0.5046878557638322	-0.5311292737923328	0.36943105835719237	0.02987718341556698	-0.30076263730434133	0.4936080569286256	0.22795192620788962	-0.11119516579063828	0.44307847533105027	0.014601755659197694	-0.6422706797637873	0.01841106049418787	-0.29817097351652555	0.018193728823515946	0.06305895386928893	0.40237316543205137	-0.16533094265902634	-0.12389752791089446	0.06498789656372773	-0.26651893901082235	-0.022984766587820542	-0.10593987333504098	-0.14750511891566678	0.1465901473239056	0.03420128656113204	0.030173878132470335	0.47955103265060883
DTXSID7020138	-3.4116479054660274	-3.488064591330178	3.660514356804918	-0.03119481530750382	0.5279026717641717	3.8522990132628996	-3.660039456124792	4.906250112544991	-1.2260707243036033	1.794454574887997	-1.3464427995058972	2.0992364918611344	-0.5660817205915231	1.9623583914694183	-1.7515976094211687	1.0676310099520188	-0.47028532103298915	0.1953207852088186	-0.9537701009816334	0.29925901117414444	-0.8085237965970042	-0.9376682926913905	-2.0010294635286408	0.3480505323767521	2.375601725387639	-0.7935650168816251	-0.6514071168490845	-0.9631530133264805	-0.0881588438134016	-0.5103187953331673	0.44033319344909033	0.10005723936793405	-1.3017332900862062	-0.02515283545931839	-0.5266138098538586	0.14927380825903128	0.8639982212099581	-0.08761395614749179	-0.46434283469349363	-0.1877850463521771	-0.35739057177320277	-0.3913502447102391	0.2608531789641592	-0.4663332759171667	-0.7042191142403199	-0.2697721823689345	0.818414000970989	-0.023407405601411427	-1.3548146033465807	0.7709176989527194	0.6869771016633621	-0.8506027791002632	-0.36562409145649594	0.39439822209841474	-0.42407250723081213	-0.27655329912168314	-0.911512180758134	-0.6643735998894694	0.118695621301484	-0.13351347312559755	-0.24929235713171008	0.10976121419117184	-0.052064795722242936	-0.0671368226055579	-0.03665604291159827	0.5819747436571499	-0.24971196594087217	-0.9152011518919783	0.3213529183557073	-0.23960907191940914	-0.6178186383730061	0.07499443438682443	-0.5033374376542188	0.5131040161787717	-0.1148872558648203	1.0332254945581656	0.5072269176536296	-0.15165513343861564	0.025532707245254596	0.5559367592193135	-0.19192804112469772	0.39992541602167464	0.1831662766487899	-1.2122143352836134	-0.17854666597524294	-0.0994871776338304	0.006984865933625037	0.5383274836409241	-0.18924928403105476	0.24733275154994022	-0.21962703640277928	-0.17417790470343336	0.22904343745546316	0.01472664397040766	0.12829094620127293	-0.16007398093814293	-0.16993141447798593	0.2585162567917393	0.13049801914188713	0.030629919920962735
DTXSID5044443	-1.8367589710455359	3.5127898281689616	-2.8880388844441214	-2.0459069620947914	7.898746304051055	1.1795656784706976	0.7925000227131002	-0.52084047660782	0.06382960157710597	-0.18197160864763637	-2.031531368843562	2.79114751943772	-0.7167001842988903	-1.3684296270103635	0.6021451991397022	1.6018964496646366	3.0538301380376947	-1.749236875046064	-0.8742321267664125	-0.8808475509346841	0.47713953978204626	-0.23749089057427228	1.9299667407578518	0.8335364117099806	-0.0389348894879157	-0.303169340592509	3.353961849444122	-2.008940696068764	3.677237188524956	0.16392571239149623	-0.9645813656588546	0.9576890774731307	-2.0452971099286197	-0.5955224963903811	-1.3615250584259837	0.6980873536254731	1.032085581431348	-0.5745623619611798	0.5120842176049416	-0.24387976752834611	-0.2146260757398277	0.9048791733956595	0.4610459353570593	1.3633712340995483	1.142975401031744	0.053173304069499494	0.727913685444307	0.36091137011417496	0.14757284499634096	-0.2613455436959153	-0.1517920847362186	0.07970341908210961	0.48235665058330524	1.8555020291737416	0.1517639199679077	1.8118965918202585	0.5472869438818359	-1.8155064867661688	-1.2513859538679215	1.5413647724086583	0.7260312110349977	-1.7952537065200789	1.7576871139284929	1.5539836457489575	-1.4476955810415884	0.5954533519194861	2.997993165675212	0.2524115852592196	1.67573849489461	1.3587973736252983	-1.800013460429072	1.4023475369956167	-0.4688197736833758	-0.43779561281125806	0.35640817579947903	-0.8974802889428064	-0.16368326356937574	-0.5957407289066944	0.6618549715605752	-0.04773009596009184	-0.015396299677771006	0.21900786066594058	0.0871950564305104	-0.9406347360217743	-0.7602975108087591	0.5482663227218219	0.24037024147598082	-0.5563549260815384	0.18864149699836655	0.3601216701431607	0.15735120174307993	0.5906876637835576	-0.23082797992804477	0.12033890644110279	-0.5125788217491967	-0.21330561347845026	-0.5485706597692971	0.03016096430139844	-0.19198348556078418	-0.20737887299280516
DTXSID1020566	-7.852803786463546	3.0783201517339545	-4.008118232508792	-0.30870258278616625	-2.6635002117523903	-1.2092044002134688	2.859474242074107	-0.13988140482901698	-0.10559578959512565	1.0102958942263203	0.5028796577562895	0.7124441657656596	1.0316812438595344	1.1902528436527633	-0.36103848079050777	0.6219100828637629	-0.7178706961380922	-3.0125730421870727	3.304897773944078	2.6724415629714136	-2.7922118747782165	3.7111937837503595	0.8816982227940274	-0.5335991375823878	-0.07410332894270509	1.0676797896222727	-2.6495205240630133	-3.521018609734972	1.1008662573836596	0.6975958059758306	1.0518939024360334	-0.48329426419073557	-0.954557549512889	1.4885423357960954	-1.695251912237679	-2.8304188131896417	1.3098692666552543	-2.9793238675160496	-4.245285609968383	8.137929204588614	2.469746889852986	3.431171210116772	2.6833041661277273	-2.3077101717290613	2.034954802232714	-4.653361603842417	6.281901912964542	1.6770603980026468	5.759704236512661	0.3682949407872415	2.8644392172494726	-1.5131861332584642	-3.69870043092521	-0.6933966800605301	-2.9362721162941656	-0.23099293793197512	-0.4025014096209634	-0.7974072612860147	2.6483133865160315	-1.5509153360760384	-0.69094821236618	0.2765237160919656	1.3572566604586118	0.5398990349535816	1.292882984426517	1.2305528211919128	-0.5690591465325924	1.0414340562494764	0.06226344193797704	2.22464384146768	-1.17877623934326	-2.0948641143214286	0.2284672887228627	-1.697507352081347	0.5379093850917789	-0.43169392413461655	0.037792470473226834	-0.055866561184914024	0.14112920078894542	0.6480875981367844	0.5499608685599876	-1.6959076730475635	0.5541898405473946	0.4822963661881344	0.3435399184680999	0.17164837606420968	0.3635218951224504	-0.22064647795167874	-0.6211780625305345	0.3463448533959367	0.37992483743715433	0.1485557140389327	-0.41664819026973726	-0.0022626759263761702	-0.4665769578246409	0.6621848745347676	-0.7937354639561096	-0.7267049512314121	-0.9422981108251827	0.2246455724146981
DTXSID7027388	6.7319684981909	1.945504816314542	-4.7164209172744105	-3.730522532897319	10.543593269280422	2.314398526011764	-0.06914309916345933	-3.5197361226885073	1.2453985930638105	-0.4362956136698216	0.7281343552704745	1.5584885596257345	-1.8804714547098016	1.0053999441670478	0.7225633822380222	2.368480276296697	2.8970743674722232	2.8196826705822926	-0.8182255550241208	0.7939227458761986	0.43588945355380815	1.0290796561613236	-0.8283788322833899	-0.4724895875759931	2.300437973835838	-0.5169850441112005	0.13026768913645018	2.190745537721799	-0.6199670608342479	-1.4835444208415298	-0.7054814338238414	-1.712493750562955	1.9199935886416624	1.089531158206962	0.9580048766198788	-0.3400845198930575	-0.5358613476509324	-0.5567165986750903	-0.2847350530850869	-0.395784452380929	0.5186843779528602	-0.19851174652252396	-0.6248662505928954	-0.5063807698595769	-0.25208369596542785	-0.5126190125420548	0.8272177537629015	0.7601014759092543	0.011778095465634488	0.35653120918327424	-1.3651422403839037	0.9822229513410466	0.2954271619730917	-0.804481599508796	-0.6167259587142006	0.4705210395779904	-0.07763737761016824	0.9169678576355925	0.6187113566168496	-0.20938039189634075	0.9150345882256434	-0.04007538954451157	0.07666522176995497	-1.6513377917524914	0.0689535660974431	0.518286448072777	-1.2395510698805678	-1.4600478839435074	-1.6860047671651641	0.2330594049324117	-1.1429065010355755	-0.5607107257504791	-0.1511007319899296	0.5637009885170121	-0.21929027184902594	1.3804190400935648	-0.6487062700747307	2.4366673184715903	-0.24779557713362205	0.6496052656775783	1.0318531889408962	-0.589344622127047	-0.5654716233974088	0.4342942480022123	0.7651471790924762	0.7987520816060033	0.04057816965216128	-0.18648516326021589	-0.08880133529287434	-0.8017863654341841	0.2539688128602433	0.028469907268912173	-0.9472607800676787	0.178488970628322	-0.14352482645160602	0.11194950121285756	0.5664252177191386	-0.32687155464463874	0.45748531221952154	-1.0391299717852214
DTXSID8027113	-4.4080795684875085	4.149025611583237	-2.034831123265431	2.5272810332327706	0.7936734746849685	-1.449400111862314	0.32197647190638196	0.26212091885031763	-0.17349080894830463	-0.5058805647929674	-0.962958867963026	2.102531272030839	1.1006694048134065	0.09313431591342924	-1.1370300549098014	0.6719959631999011	0.3524363666371631	0.7360285193815946	-0.9972932187874644	-1.3869952683342306	-1.3786259263917902	0.9621905843038133	0.05474503677444743	1.242306733891673	-1.6980129684929386	0.5098857846553299	-1.221954428293262	-1.4172312105067841	-0.3650366349472548	-0.32114410842677105	0.951213649908437	-0.2120757890842097	-0.7291442031655927	-0.6684851519413921	0.8718425871246402	0.9546348010159814	0.09922861396298627	0.9816987647872538	-0.15620419568985738	-1.3074419999037639	0.6103132666524577	-0.969843808060061	-0.5089864391890649	-0.1770349213896575	0.5118461563179184	0.2757949273173757	-0.9804632459192921	1.1209850000789643	1.2170758013693148	0.11342900566695902	-0.5205915375552941	-0.7936546484976296	-0.6843458275940093	-0.5130931420158792	-0.9043724123686683	-1.789703619774273	-0.985527035146433	-0.5477665672769167	-0.11236938423481332	0.09648275447336907	-1.0950967830546934	-1.1855606831337513	0.2928730676114494	0.033575586377448605	1.1025337256803762	1.394647206630171	0.9028823797464808	-0.24958040357880876	0.9353334434517152	0.6624546900529646	-0.9584348443733812	-1.2551316565855732	0.7907555028463088	-0.07255602428826428	-1.0024567961211495	0.2720111749197184	1.1187741919349379	-1.208154235146369	-0.9547946873501565	-0.43580710019244534	-1.00648404061744	-0.3675151062164299	0.6926540364853399	-0.0842722054939198	-0.260039193013598	-0.5973729225504767	-0.23442494594266441	0.1123171504652089	-0.1774187345939068	0.25136014667163414	0.8037456919317656	0.7024795813039819	0.6274501145470712	-0.30828072125331324	-0.19755225719780972	0.7223078626305766	-0.4804576993239224	-0.05654614021493285	-0.26313291861020743	0.3995794882955006
DTXSID2046094	15.424764650294078	9.075636955848472	-1.4831756678988206	-0.47313580043058245	-4.165260656627153	1.7226010321429883	1.9403415531623744	-0.43440214190867155	0.6942605956463225	2.8950465134009704	4.260529775536737	-0.9493236297721073	-0.4136456118009278	3.155563595191551	-0.5742019436636586	1.6732516876674723	-1.8545735444592417	-2.214555578472839	2.2959359960512997	7.81984276050357	-5.459469524340154	5.071272848853925	3.7175984268199316	-3.1727021066449255	0.2706274489650359	3.551292897510543	0.2814338651803429	-0.3290176606674724	2.225968068358804	-5.5283809035011995	-4.007843092271915	-2.9686869898106663	1.8037612769793654	2.483318567314267	-5.186989304772328	-4.595094756347059	2.252145745809746	-5.372506027224254	-4.40577584850398	4.7328221649810125	5.98927282187417	9.075722293439528	2.6702414776792502	-0.335344180958428	-3.54083500591213	-5.989146037777995	5.742956251123308	1.237960028213086	1.93306510843009	2.982528366107107	6.677723828463522	-3.317157005909376	-1.843440487118907	1.7183078431348795	-3.2189817829132554	-1.3037610030456606	-0.5914211006286461	2.240772749957125	1.1221451131036209	-2.8526328559226486	-3.114795549595054	-1.9203771838247587	2.5372142200862053	-0.7422919221668075	2.1807032406532394	0.7297463020650398	0.26134836369038716	2.616530099908427	2.9046337252862684	1.230491064818179	-0.10535743082703065	-2.325210106844909	0.5001525336624811	0.025859863196963973	-1.1564765262746333	-0.8346131694008794	0.7691753434488263	0.007462925372387149	-1.747502242278407	0.8091014112749658	1.387377668512582	-0.7670129952949576	-2.14055807608187	-0.8169280636957287	0.948061316257718	2.111462466884583	1.8037861055008506	0.021121994203973867	-0.6181603253645153	-0.41774459013360316	-0.6192745421900926	-0.23833459698767065	0.9795883611408424	0.8292643373633803	0.8301626442367073	1.693868767522372	-2.0475833490569815	-1.4300870961659027	1.8777196455078071	0.584228910370108
DTXSID7032688	5.227406432882109	0.6240178624233631	4.381238830385252	-2.572661878435573	0.7194726309221972	1.0075516394969872	-0.7761570852787775	-2.2936608261854894	2.775729910007444	-0.3746384489044358	3.1220268649506817	0.05131195356406019	1.0865292451899462	0.5379237778235391	1.6748419009367088	0.4431303334650108	-0.8210072571234596	1.1283778812152656	-0.49589857338071985	0.796408567512262	-0.821354876751314	-0.19676097617697136	-1.4702751726307728	-0.01903043973583744	-0.5535483648888528	-1.3059656469185301	-0.39529301984396836	-1.568657013824001	-0.9735354653243683	0.41859744615857025	-0.18594676112216663	1.0172379100020426	-1.726493984803791	-1.638361706948988	-0.1974101462048291	0.22516331399196488	0.7846284028777026	0.15342967840583	1.0104226235841007	0.08683430238475842	0.4031503599566038	-0.053412502576039474	-0.10471307898140365	0.10081400454822945	-0.16402492848167233	-1.1407483759603634	-0.640424717773162	0.8299059878930551	0.2733242715363956	0.8007154260953583	-0.10410528193318232	0.4079169709181839	-1.0610272344527674	-0.12651349823516397	0.966414638364263	-0.2210301060860299	-0.32457462877767845	-0.24681009274656224	-0.44873991140382485	0.2294661471021058	-0.19177654335973654	-0.05475618277970016	0.412752870498662	-0.4672798512072823	0.5940562863010115	-0.5177840908707007	0.46611030831400485	-0.18843777716806437	0.04959638704772088	-0.15579512927520195	0.2693840987120143	-0.12428556320292446	0.19565492957420996	-0.040420539408857786	-0.0313178295660261	0.8210423234799131	0.1489807701912969	0.11025521909403345	-0.688071673705366	-0.29843714528529114	0.21374407005521726	-0.1283258384022803	0.1049842803236009	0.23249824960272034	0.31584070016474064	0.564905805558533	0.449311104910976	-0.4177095912680381	-0.09173454322086803	0.21467770841522718	0.11811827946069413	-0.041545375626823214	0.07037241179782228	-0.005759122464808711	-0.005289621832148978	0.3151123768068637	-0.25582780217823947	-0.20818671125635818	-0.20731650611576444	0.03717447898144636
DTXSID7021867	-7.731193866803616	0.08613083027912886	0.5343500026075033	0.47892587158949285	-0.8797583436395874	1.6483501556626172	-1.2360276735044216	1.7959078498925887	-0.5339154349884357	0.9705939248607061	-0.8200487090657046	0.9802440961874557	0.8809017175803352	1.0745617688934561	-0.6482736145389353	-0.2647894136507748	-0.7847791336381827	0.14259324562737527	0.46292822289008023	0.26612310453859334	-0.5920418632756327	0.36583443696291235	-0.5273689302440472	0.28832293318567587	0.25717004621540324	-0.24506931936863827	0.013530989195114352	-0.12813483924145086	-0.2938118904006529	0.34397354111408085	-0.4196066552582806	0.15111957572878115	-0.3860421423851124	-0.02931404707592624	0.018274754230414615	-0.17347612142641514	-0.015520610544553884	0.4076217250966036	0.029662545147630295	0.20788476711835177	-0.060108150778529774	-0.18032007168733288	0.07392053291521594	-0.25414968112126096	0.19439084762137349	-0.26832603170773844	-0.3332251832917316	0.10259143730951678	0.18810758651985218	-0.04883132904935023	0.24449564581022604	-0.5924418180345702	0.44716606699261574	0.41251232438002305	0.38884764063159694	-0.09693464982431879	0.014199931802657717	-0.10688705158170055	-0.40676421777636046	0.2251547400736442	-0.10834973213030541	-0.21444693111745275	0.1307929794641066	0.3027688646489976	0.5220441373753584	-0.5357000086680349	-0.5488346677342832	-0.520410334341159	0.6168699575386271	-0.10035171102210251	-0.3055426864968631	0.23419216401745196	0.16666810277868396	0.05379807299195178	-0.3565272344025722	-0.03236692002683052	-0.09023488785968956	-0.07674350667462357	0.07209530223186794	-0.021825426537360353	-0.31009449190908345	-0.16765639652029124	-0.06910056030039173	-0.32000949225577546	0.33617032752005815	-0.1223193761593083	0.14562565821427112	0.018308844000923846	0.1492577699158407	-0.11750127681648392	-0.2079622540398095	-0.17513691264823902	-0.07742123096539756	0.3087180536971029	-0.060479710594323034	-0.05466269033006302	-0.0834684103632829	0.027275439119714903	0.2316498873339345	-0.09565326410327757
DTXSID1041978	9.671899984780223	-9.590264762622725	-2.151950114950457	1.077811349530772	-4.9115053297074285	5.959952890197796	-4.287940102833727	-5.9656434953354625	-1.9399896336878504	-3.4346540182990712	-1.9072935102803559	2.3860229850381773	-2.990424147497252	-3.69383297427893	2.2996559151346445	-1.2639340831849475	1.1102530035326454	-2.1424063403786286	0.9019102681001792	1.4705269615837426	-0.07398850826287959	-0.24131604282904737	-2.4967502113089264	0.9605456096337213	-0.3000332162668161	-0.11350564747309132	-0.13417820903267288	-0.5658908377606985	0.310376712057234	0.9959923833824451	-0.6489862701232727	-0.706338536311416	0.7727880261037178	0.2955795312058218	0.4449591192054148	0.18768175224153869	-0.7259960888219845	-0.9680353375699532	-0.65913804397746	0.23087531144262347	0.6639359923428657	-0.1989315405720384	0.9299592343160474	-0.44730696777622425	0.11018363838821289	-0.4983386365831205	-2.1662118459379602	0.5246462501166127	-0.04419924473817005	-0.7834472803935265	-0.9054676932846615	-0.3921016253266689	-0.147237581541178	-0.20054910128806977	-1.007409589286124	-0.8168593135594062	1.1272381249784613	0.17978564093211083	-0.7144986712234164	1.1616744323015915	0.6938737905959079	-0.8055959056908502	-0.13421802351159176	-0.6745740353849345	0.29507388678293245	-1.3217606585483708	-0.4102916552491561	0.0028364023189445006	1.2332852493489732	0.6711196708847841	1.2722587331542363	0.6374606303176094	-0.7810913189452494	-0.047131972815258404	1.2519195982906162	0.7340959900729677	0.6172677918431955	-0.3530511448104674	-1.3259325787691927	0.007701580952946174	0.46872171575459304	-0.07986784189324125	0.45015162799814823	0.3683349847312328	0.7753426141515734	-0.4174051195727657	0.895614306129987	0.2349823495183513	-0.4845077193685348	-0.35040339512984026	-0.2775366096024698	0.3729661288683286	1.4185647083529669	-0.0831058034351872	-0.3081714048926367	-0.028797724600499404	0.7117679928516784	0.5510618655447833	0.010472481333299364	0.3132033174123917
DTXSID3026279	2.4806859326969937	-0.9437153896019013	2.167354629445668	2.1876767154355465	-2.927298640799088	3.469599815753807	0.5116762070467504	1.1693380774400854	-0.9149434621390807	0.2392459286308296	0.7818905028571057	0.0856827341634358	4.292455695929	-0.7688794779607915	-2.451435757376616	2.031343604390773	-0.6735264108421353	2.732994048687089	-2.001148166563638	-0.43123396164964434	-0.08441362219710387	-2.1212346949798855	-0.04043485258823936	-2.1115128647311403	0.21251358650489371	0.8481297388815907	1.1377298382701473	2.5349818263227677	-0.5307945870555587	0.7333538218763346	-0.6214732817183509	-0.4654470687675358	-2.7154509367319157	0.9549159957373566	-0.557464696030602	-0.46113049356745167	1.5549984596573467	0.4233688636299564	-0.9593902360759717	2.3660678126611763	0.8220915460667185	3.6054572455193594	-0.2596599322046619	-1.1432731893580415	-0.6361121681830134	0.3449210190957853	1.0770621764591652	-0.24504403256006793	-2.0571779381339796	-1.9956393795831469	-2.8382828938925484	1.4051619304432672	-0.5920381132229505	0.31572683371763377	0.841139540529203	0.5883047172863921	0.3852363135066326	0.07071333282001413	0.03418783817255823	1.451161008102626	0.7396444362509166	0.9522807384264328	2.9096634711816005	-1.5277437033311376	1.290546713211302	-0.11563917519714358	-0.6435966995362548	-0.5426125087244831	1.176579102684706	0.10493043094662294	3.0450774186590377	0.3109583249807843	-0.4544335670661277	-0.36278768671122663	1.0172154860425238	-0.7899495209200319	-0.16671323068457114	0.6064350938680293	1.4719272214475345	-0.2577209895614545	-0.30714024595267525	0.9490534562381872	0.374104953657002	-1.6646804060754754	1.4843014353853181	-1.0756026886368923	-1.2508325693624005	1.7802770899601352	3.1436541701379794	-1.6480431583857285	1.2755493772988147	-1.0204468919689682	0.7555605264045938	0.4045732334983943	-0.35623573423723937	-0.2848219853583646	0.7040869730031593	-0.47762582971467044	-1.8175568974735017	-0.23967745167796187
DTXSID3044469	-6.521576712048255	0.8873910461185874	-4.661980446311792	3.6098302765054817	-0.020200844940068685	-0.7480428613000071	-0.8945422758325935	1.0349292050258994	1.039958929679984	-0.9593212193607396	0.11155944685408223	1.3594436689381288	-0.024643882239939657	0.00016295886822909747	-0.6168394879274524	-0.2533988342738703	-2.044934852400527	-1.026380090907266	0.9404007357175354	0.8274183314034048	-0.9486887518919284	0.9281344339843386	0.002725404253555437	-0.43347358611391085	0.3624481286293805	-0.644527925393275	0.0383850052893543	-0.43764964322639904	-0.22381379680062016	0.11567899374543388	0.07692955290092184	0.722158156432056	0.5927624612606028	0.2446108968110734	-0.20473615917205878	-0.14767886018459103	0.7332237257401689	1.0981152996636387	0.2535845892180737	0.33992995827087996	-0.1407734642465193	-0.6188721716124985	-0.03846289076001462	-0.1200515883972944	-0.015750540316266225	-0.5189155311572227	-0.7691705006140992	0.4559121488196906	0.46372951905936827	-0.01963859061521841	-0.5709698653189559	-0.47851310985406936	0.7361265740200714	-0.5527612773266014	-0.37040427803432663	-0.24127033240748777	-0.22635641044384605	-0.7348386027655412	-0.6313463713388873	-0.057944291157904615	-0.18502825475567158	0.21571603267343253	0.13008146897500336	-0.39910525728423124	-0.013912562081821983	-0.5296367172827677	0.7054232738361426	0.7079963536815419	-0.012522916282458631	0.6157642600553979	-0.7649657692830584	-0.3731382953187864	-0.3554119228393577	0.7658996851290956	-0.5338086875230199	0.7011671811409376	-0.4849284238961496	-0.9167203282523586	-0.8426399050780374	0.6614492471207866	0.469003165970711	-0.37652016510408737	-0.6049485442411751	0.09550726676655329	0.26577460715694584	-0.39321801780641197	-1.0923084539928207	0.5789080335377753	0.1322034646412935	0.1251244805789981	0.11878729099424278	-0.09685469968674945	-0.3198378333130228	0.07533358962508649	0.21289039238422372	-0.009809680076199404	-1.9636733779050126	0.4664881461836732	-1.5993080689366057	0.8250454449168387
DTXSID7024085	-7.114830964926643	1.3790441971309453	-4.748213869221967	2.1450191633724893	-0.019796493010021177	-1.2270738801442889	-1.0934120250251231	-0.24278213209737684	-0.6890362220125925	0.6973218771632028	-0.36930294404495567	0.26949684961087605	0.22041430681220575	0.6356348852232482	-0.5606753533230068	-0.6315371040505469	-0.917686354624023	-0.6674813029518891	0.4290424959498961	0.1959621229392122	-0.733406423421927	-0.14038916370730362	-0.5593849524734552	0.0948522893243161	0.6744493706916997	0.0779723719027944	-0.41567824415079563	-0.8940633885116576	-0.3085380352979534	-0.40650536285553124	1.1209409572343216	0.6322231442995173	-0.09665448102408729	0.269909490031065	-0.4253124906402114	0.06755495859292313	1.071201746990557	0.9259115818913657	-0.10838330283403944	-0.1375127147484633	-0.3419115086592006	0.002430638834756706	-0.0006907203362334288	-0.2233196632870814	0.0077065806352815585	-0.3931302309589587	0.06357003737391932	-0.06663122923000517	-0.05145040859900713	-0.05072850772568691	-0.19745476141948426	-0.5741542511128986	-0.11784239333272475	-0.25319928823618093	-0.8920926520734689	0.14886793752956012	-0.6173331111962549	-1.0132845285134402	-0.384134914121504	-0.1867253522250936	-0.004447100473316383	0.014396446887262658	0.05833103978930603	-0.4862802642490303	0.3087973695796189	-0.8394834932518515	0.145671652376541	0.4366195214768069	0.3670709339188473	0.8437484378077761	0.05820326233791731	-0.12527372700042247	0.16849397433722088	0.020674211658241372	-0.37781036355349035	0.2913480316344934	-0.24231644013302545	-0.49291128945851	-0.6109758626629097	-0.024079038256197803	0.16024617109824454	-0.4790895178873384	-0.501098329034106	0.5165973460728964	-0.5752326308187209	-0.1932607674907419	-0.42587344877174593	0.23973957570046853	-0.09821665035984321	-0.010717389797781165	0.17291307224119956	0.3239817362754624	-0.6614116934628864	0.6464525026790996	0.23994578172837058	0.007729111850666777	-0.9596649102425592	0.01262203924152286	-1.241333796333718	0.4213672522003338
DTXSID0047610	-6.489437821859703	1.8470460514359692	0.1548177648863658	-0.04562410736582203	-0.1823938202932084	1.0365322835905677	0.8374026512893725	-1.9468691349899563	0.8222327755497221	-0.7873546350966375	0.15459210037504967	0.40554751443266146	2.0930469930324462	0.252294537483627	0.3372817978607698	-0.5854812157683361	-0.7425710501570838	1.2794887616992932	0.7752111667024962	0.24233652849736093	-0.5285706283173994	1.1609639220105283	-1.7571646002663008	-0.1343611140607883	1.447819066942992	-0.2866798164962131	-0.0925165461522798	1.0233928275142525	-0.7612937441555434	2.437993360324868	2.108967709465542	2.1300209877069554	1.5628845836836296	-1.9286539470064332	-0.08971346874769208	-2.4383285634182235	0.12494996095230504	-2.57824258761186	-4.505644114859273	-1.6158226030351308	-1.8756327045136132	3.4186104111883573	1.54564983462906	-3.010006859359218	-1.730546681896152	3.703727110251148	-4.078605138015443	-2.194364389007157	2.0502553717637584	2.100443440306051	-1.0692468330753857	1.9986641399889948	-0.3414801152889523	2.966717953102312	-0.839103168885506	1.6648357577459574	1.0033545626412608	-0.9874050416252631	-0.3971104949119794	-2.0008923239518426	-1.7908318347733074	0.25569441307238855	0.974732414866043	0.8639442389026443	-0.47781749904304827	1.052369257710947	0.6983052602673345	-0.202796885575941	-0.6275428717573331	-0.7074771058605083	-0.265472932214464	0.10216701912886565	0.13998207322470083	0.3748395322997751	-0.5817474853834369	-0.045469571282761787	0.49240025488519207	-0.4709031142149664	-0.2789871820761513	-0.08871607379990792	-0.503373095803143	-0.43022859759456394	0.3359857282463456	-0.5043011152045005	-0.3310130252661551	-0.43214588204016735	0.2638163451890525	0.41152944701290917	0.3757784202380038	0.6911990399383194	-0.06962554506458508	-0.49834108019031353	-0.09707876876020273	0.0043472264455130995	0.23948781983424702	0.0916245552411997	-0.2520894681495921	0.34131591659365984	0.19304512588576217	0.2579718209783877
DTXSID4040979	13.492329381958251	-6.025201094592115	-3.4010625847116307	-0.13842937116830825	-1.7958074015524899	1.1206193472613761	7.769522843384008	8.00291627538859	-0.3017292817992746	1.1747999329813512	-1.782565093590206	2.4495007823396784	1.0425613783939636	-1.38459524688219	-0.5446044100714766	-0.467130734791291	0.07506961380114699	2.96430570165264	2.5446470754631765	-0.4239512201261426	1.5289586703782723	-0.7848215451465764	-1.4632841891122883	-0.003819729352240843	-0.8085846896650812	1.0424199594266137	-0.8028443630536113	0.37323403271203526	1.2882504194461408	-0.10306820058443465	-0.649396361020886	0.013596652976965249	0.1376542193050569	0.9516573089373176	-0.6572230978716793	0.5127516562348103	-1.591134797023388	0.7763722861026392	-1.9855293867422321	-0.5418960655301158	-0.13374292572010704	-0.6805833604868179	0.6265322552019285	-0.7829152844236896	0.6176531090842321	2.145455428537355	-0.013996658354316792	-0.4600801202929656	0.37621585842921274	0.040251326726479235	-0.22178663013335825	-1.13504537214181	0.08847692308326736	0.0880706912190933	0.45875799080155943	0.45478722697083557	0.9741851342723797	-1.3726602808904025	1.8351543016316916	1.4701009203864648	0.2250758981961728	-3.372487005639254	1.3988899278895628	-2.4344780062813562	2.6168680469095635	-4.235178218088109	0.10655200416481524	-1.3735125867540914	-0.813635475408216	1.1594957890095352	1.765208920402448	-0.6042618032324797	0.25554486161487167	-0.6773577068692329	1.056051393112577	-0.5477408694534814	-1.906413134379058	1.9612586045753269	0.7047324925780345	-1.4696755409281457	0.6074111949043043	-1.2801959598935106	1.1484141100830914	-1.623929207814555	-4.34459283929449	0.6979279874021831	-1.2446006672288636	-1.65363933170316	1.3745450146676972	0.8528618783233235	2.817438141295612	-1.6226623620572587	-0.27578930086894243	-1.9421943673796038	0.6542582950819373	4.233452086646234	-1.1501461340128178	-0.26279601220021287	0.8196123867141533	1.886559094062702
DTXSID0040599	121.92562614262269	-24.005084818242914	-12.646553730421985	121.63987837250649	33.42797179073344	-24.575890660870336	216.14473134178414	38.39754125865987	-49.72726370715532	251.6729831580776	-78.05149383364257	215.67976355537624	53.68960033857368	-14.748166602246584	63.158631194786764	-105.06393212950313	-68.96618037647755	115.84864360018503	137.94463127341797	37.641221136984036	102.88800260302234	-50.53386599482017	-70.64804498787183	18.869539511233334	-40.97507971600917	-69.92682207854	-36.15662325630526	38.50551438022098	8.27245371244205	31.75547889583789	12.598209341484344	47.135982653724845	-8.252932987361902	27.36763737802919	6.521506297621326	58.93303244747798	-16.029403014066578	40.04404248293066	-34.27664454155511	16.02590089466167	-5.6440147306256385	11.104530799587904	-16.283840519581418	-9.233797775845977	-4.779279063188484	1.159962625612551	8.862011987066463	-31.968526606987723	-6.941730421019171	18.28780578848145	-5.568810698598189	-48.90650496073116	-43.8534452613262	-10.416739826807047	-11.414382698236274	-24.120909094104174	61.647035803986824	10.100489855271704	-91.26999173468123	-31.201163750980776	65.56183814109517	-62.48584062712278	38.220789408747855	9.194399145994591	-53.35226287803491	-172.34269186627873	-14.912554196028696	-66.78682205607554	-56.51949951466317	19.475828390016897	-61.99830517855446	-101.17703582082476	-18.890726445926862	-26.15246013263878	25.4565246907356	35.11034350179233	-103.95043393334508	12.184489686857319	8.43103002481256	-102.26607246424325	106.30296630175286	-95.00830538812468	133.975049039408	-167.62083339735986	-130.075226327058	129.52296782493826	-45.21275845602749	-57.23128286861117	-15.010044939855062	-41.16723948775504	12.420122164057247	-107.43518482813673	38.38696937468989	-30.457835379416956	5.790318230236276	236.93321099369774	-20.197120198763713	-7.164645436936402	27.60969392248183	102.56036405844239
DTXSID1047289	18.59113426565302	-7.672318323596763	-2.128097598287433	-3.6393775467134057	-1.6613911490774382	-5.134295501994084	10.461238382923524	8.588491265292884	1.4936080725475	-3.1936457165197503	-3.6496957751825967	2.8926081502041687	-1.0671693315943587	-5.120019421987974	0.7371975288848034	-5.193834351311322	-2.8277876471904273	7.371528068066965	4.369976354331286	-1.1819696479554054	-2.8556694692941793	-2.2834911651340506	8.36672731232894	1.167156176165724	9.330814451497243	-2.2466840321325487	3.8517517067052633	-1.4939418181249364	-2.258721825540545	-0.09590349296807688	2.0351626168819497	4.024379622389442	-0.10243038787888319	1.2524978787523624	0.19508151027596357	-0.2424440310044605	1.1286843232241757	0.3789526255557633	0.6130457375654883	0.7203120783718534	1.1864299793710082	2.4958194480282905	-1.1309045368589659	-0.45408659298490534	-0.8510485516969275	1.3364059382971063	-2.2947192506868337	4.773660127780354	-0.3314415767231419	-1.514188007527378	2.7262907825981055	-1.1274227299253825	-3.2040554582193317	-1.9031421858428175	-1.9569947617464702	0.9425891726205554	3.0733671983705757	1.7425990250033256	-4.44990582772759	-1.4050009218443542	4.481761343383176	1.704747852859251	-0.8691180969330826	-1.1096109628639703	0.679586529761885	-1.408499046091334	-2.3553992267195345	-0.3241193660938374	-1.529517492921736	0.9783538261878169	-2.844603022015683	-1.7852882697025176	-7.867174021907197	2.9782002050739447	-3.636260176511297	-3.5309487117786156	-0.2634183212177711	4.951870244291832	2.3083600440227023	-2.2175689886401773	2.143801593248101	-0.4234360948761352	1.1891867791134876	1.0229818566154947	-6.693835130790268	-1.6478875684376595	-1.237874683442106	-3.7367698310494433	1.3044702791286344	-1.8889116796606469	2.4507934320320017	-2.595389650888326	0.13429436768485553	-2.8749219320859436	1.6064351034617304	2.820321170741923	-0.5619666567074543	-1.7893571824911898	0.18010164532359993	1.9492534657386955
DTXSID2029874	4.293396962180927	-2.2845310727658235	0.8196058861910863	-0.740786614542514	0.5554218253292519	0.7596355259993423	-1.019405825605735	-3.1076389313540176	0.8460501852092774	0.6750003596041326	3.1891836874576938	0.0026302526794595676	0.9745855914523078	1.3622281917864851	-1.4152691369485642	0.1298422145509492	0.3566833730909852	2.0180488701541877	-0.4692817392605948	-0.03000449879297105	0.14925664461718077	0.1834973404890974	0.545214038943745	0.36170041790408025	0.339166363737838	0.9098015332001264	0.2562784315348701	1.896687339190133	1.007287053175622	0.9088069547336372	-0.11475386661547865	-0.3420716944042011	0.7073630432136431	1.5862425880979412	1.004178376140581	0.15213399915736364	0.7470238106596909	-0.8880439798259365	0.6488103949577622	-0.12499654442379589	0.5576160707631007	1.0127704670585476	-0.17471043511888865	-0.5395249912137309	0.6625947277822368	0.6970083557331523	1.3788747172062723	-0.06593379960367132	-0.5507252971277024	-0.5242136947222207	0.10333688249440157	2.2660146321883707	1.125147440622718	-1.4362917051169644	-0.896667938793873	0.6439098265547482	-0.4141406257602894	0.4839451532747654	-0.1698138693233425	0.048999171946892565	0.20305049226803473	1.1947835608872506	-1.8953500910036845	0.5080540689885106	-1.085034013884822	-1.016926365805802	0.06450863025155593	0.12246779005204392	0.7476564031641986	-0.20039687865433423	-1.3989581504559452	0.7760926035275866	0.803321409817836	-0.2285055655332145	-1.3392778490697324	-0.6139121553933028	0.22567218201393624	-0.4130695503750636	-0.15146170513599258	-0.010457628810608402	1.0814984422386222	0.6426803606955621	0.2628198191203526	-0.13778990632784802	-1.3324059697424104	-0.09539801307025315	0.23669995013343295	-0.9022536981210101	-0.7014246143858575	-0.3035918589015355	-0.6251031908622018	0.9060180477336488	-0.297107486305441	-0.1453653855447238	-0.6797552601937603	0.44666649508177375	0.7709465439275222	0.004541871503233366	-0.43677440266240236	0.14975650083376366
DTXSID0027802	1.306705239779054	-2.570030550911831	1.0619134704491378	-0.4138011831505587	0.36975961251304457	1.3937659604167936	0.09300029775349157	-3.932531468098483	1.6196481968823866	-0.6205555550634213	3.086509974966703	1.3131602436652439	2.129226718126741	1.1826474280659263	-1.1424935540611736	0.10216737786209158	0.4645378163476982	1.525893913185984	-0.6732187374331098	1.643231243791995	-0.38442650992721483	1.3535992115182862	0.8478109630959382	0.34720360736428824	0.48358277693647106	-0.6343323095440151	-1.5553547892096022	0.6319179592678784	0.484776227721807	-0.38703814655733715	-0.3475062047711593	-0.14763892649259838	-0.3448986328359873	1.5548338388202583	0.6152520570420899	-0.5992333427121226	1.340144608538628	-0.23300774912630687	0.7055361380793344	-0.9078632143423034	0.48852715023876436	-0.4139190396076598	-0.6732045703286522	-0.6097558742699712	0.7030856878457481	-0.23207097518324252	0.079119369872576	-0.03144770586837992	-0.44744494442633076	1.4469953013108074	-0.28587231624741927	1.4161680480049337	0.33592602738229127	-0.8678947254184267	-0.870217053317301	0.9952327742531903	-0.7986775172895723	1.8228314566763242	-0.6610477521524073	-0.23578167893265883	0.0913577720337699	-0.10560312731736403	-0.6192479110192497	0.6257579458531801	-1.0028968544824541	-0.20720630702193163	0.16441968454411088	-0.2862528268714329	0.5547821377963819	-0.2576057794338043	-0.3500998137391969	0.6782064092491227	0.7109425386987239	-0.09589494555942156	-0.8807123550370203	-0.991174395660831	-0.21935507686465155	-0.45727016461638215	1.1011110626176444	-0.020081366766217443	-0.09994491455061622	0.34471688235975123	0.6541368261565021	-0.17339118856123917	-0.9632239520432444	0.155817563487833	-0.25509398298389435	0.3218583567811983	-0.24709133166573577	0.11584869865804777	0.09278517814487006	-0.5483073837561063	-0.3759550470544708	0.3278359164979552	-0.12242480913309763	-0.37043622797383	-0.2835120681371754	0.4448810816533502	-0.15097098927707717	0.12686744218918553
DTXSID3027249	-5.168291294198116	0.2144264742046775	-0.4003611193044684	3.5501729321460282	0.4319905310315163	0.1124349878887426	0.5825770207543224	-3.10007065286105	-0.2755689797451081	-3.455058821571449	-1.43675880694595	-1.8945821730571373	1.9628923764678912	4.010385405653279	-0.5385822114250404	-0.6522896580343425	-0.576664818952018	0.4978140013529617	2.9215981750553244	1.7380665884245086	0.9443571407085731	0.5881513641386469	0.052539536550822365	-0.3770555758101446	0.5935602705637212	-0.2626935842838917	-0.9500310586091372	4.07925513289621	1.4460101069529525	1.706800579367783	2.4255046024177207	2.361764403869824	-0.5357770643070366	1.800507053245397	2.4519511442574125	-1.9923173904450864	6.749787219915674	-4.92377775938001	-6.710028425747293	-2.6195261869172413	-2.9383447850832827	1.0220675659287644	2.023204268225349	0.6606553352037365	-3.2807781255732054	4.226433652794238	-5.758675455048028	-0.6676468452940831	3.1401157963925153	0.2543874177311198	0.512508477523172	1.9358009545755614	-1.9144886820585896	5.010700562363183	1.8758500616695888	-0.06771250716820953	1.712893983914047	-1.9698379271998878	-0.21844456977183324	-1.7964420214386037	-2.231387227677617	1.8324951829500646	1.9330513629317416	-0.19648595133509172	1.240034896966424	1.2809100813089989	1.2386581537195085	-0.9349176275875426	-1.5596564824893775	0.6263930743635048	-1.4691184183243575	0.661285017420156	0.11655511959478138	0.6641490578772913	-0.24904354726577577	0.129313169971672	-0.9340663550607834	-0.34636610909620713	-0.03589342058245319	0.022312586304551737	-1.0955021345083769	-1.1088423334175463	0.2775303659244162	-0.16655777402586774	-0.919279411141697	0.7681217104594344	1.048355226791078	-0.08175188278841576	0.7625080526905622	0.599345262653455	-0.25492331660441087	-0.5395081802584004	0.2090355746068095	0.30669909706275705	-0.40316740450219885	0.31473014835112184	0.3902941581198141	0.2665877510135144	-0.194218242971369	0.01703920388178935
DTXSID8047923	3.4678253191017485	3.083418332012009	-1.1912137171605137	-5.815498276242601	8.77654355824186	-0.45956742873757184	1.888116995747422	-0.25070458378147653	1.1079124270552767	-3.6661033810895005	-4.212948956472917	2.1227744675529414	-0.6194727493151311	-3.246554041110897	-0.7095363662513378	3.0804809913532685	2.841338791805022	2.089574232355712	0.6815172407780089	2.007686056277848	1.162855564973022	1.493240787567313	-1.5050130200925302	-1.2931158706767998	2.0754237020354354	-1.094226962929993	-1.9769075182767506	-0.25698093572040304	0.4293280498331983	0.558434986208949	-1.3798050194809321	0.6274683952541924	0.9944449543369518	2.547963586416551	2.1555514825997055	-0.8592791607376843	-5.57244308297358	4.871346951241523	-0.15116077217185403	-2.8913038548490193	-4.9825474242337755	5.0001928390856465	5.097740970106459	10.545533258323086	-1.8357292350556995	-6.117116253004819	0.16044918890228912	-3.5461663626529814	1.3473145942109814	-1.5750956739187092	-1.0561235099514505	2.3985355964846393	-0.7380329403791748	1.2326294680744607	-1.756025190604399	0.43570742120427414	-2.170532233348627	-0.3887605941079702	1.009663976123282	1.656680899840797	-0.39311947187359025	1.2525056536637382	0.49983971712689074	-1.5032609456722112	0.785168837230493	0.5162991605040855	-1.633464387026525	1.6206311467383332	-1.6686535940544727	0.01483774514056832	0.06324700099354015	0.4582874065259412	-2.1584777920893323	-2.266014852418595	-0.28212127515492386	0.1407541880102034	0.3850147588611992	-0.1014969188556657	0.44925182246124373	0.8284980740440956	-0.5964461064909867	0.6912772367152975	-0.08271428443808457	-0.08228494272017858	-0.48860382451997053	0.25874491481243067	-1.3207136377083757	-0.5485991600633082	-0.8088400052729393	-0.2384879763208883	-1.3926777661445908	-0.9650939637187411	0.41956513900220194	-1.3904835676643603	0.8736215457756955	1.0260262526835173	1.1626951365054599	1.086049703954262	-0.5756653228659927	0.16905027298179437
DTXSID4047886	0.03433980886621322	-2.5047376336828058	2.3277646969407297	2.9683966371815615	0.06184593089940696	-0.19239041723613928	1.0583864879048854	-0.8329446679968601	1.2053765742000335	0.6580094014661181	4.081662544338133	0.15634367875019922	0.06936831797139495	0.21010546673073607	0.16216655363070653	0.39824789644774117	3.1780175121224725	-1.494977825278914	0.1185807823400273	-1.2614076430023322	0.44576388460227895	-0.5393392099443279	1.7121995242782881	-0.4787758111815843	0.5628380025476492	0.9447527055559138	0.5129344826183088	0.9537523357511328	-0.15431001351573775	0.29387650207508786	1.0362319233685817	0.4667956980445506	0.477511788315195	0.07673610576756909	0.9487623251902627	0.0753731774392347	-0.3144201769072843	-1.2019588087411008	-0.4279622760758863	0.8377404663508844	0.4922296123760508	0.7398007315068648	0.09469246270799259	1.0116910407404494	0.16668725285412106	-0.4415081892222923	0.171268765026025	-1.440652149424765	-1.4203967472322307	-1.0639880918367282	-0.7170023753139342	0.21988941286248664	-0.10861476883054105	-0.9679122258832343	-0.20523573414828558	-0.03297218653517073	0.6995840543407382	1.48058801487639	0.12627012379203087	-0.2725654344999002	-0.4024607362466111	0.5683080953997546	0.25271285308437336	1.566604980176109	0.17673150518521402	-0.16606268244427816	0.20115455675286434	0.5582586907751139	-0.10999871479297185	-0.34472679816421037	-0.11631949115939304	0.7271049780370332	0.34416715376457446	0.26071311625681226	-1.1122917549231226	-0.3535877242967694	-0.4635913282242651	-0.3045112256459072	-0.6719343409051592	-0.13843083601508685	0.3276419520039525	-0.21143255506009298	0.0509621055398372	-0.2553237054171246	-0.6760783125949543	-0.017166692065016798	0.7636342653764544	-0.39510703958160354	-0.21742341899722495	-0.09722078266378845	-0.0692157761125344	0.3049598594587667	0.7261106385329924	0.1554347279509476	-0.46546466774329576	0.23786374269644867	0.03395951336112988	-0.4735012195387846	-0.18685167713703113	0.047005078680683106
DTXSID9047918	0.7571607383077368	2.5622120345923545	-1.4024198881462087	-4.353286203209825	5.932142975540412	-0.7972188870877969	1.9280312607856964	0.29661058391707346	1.0779322934665487	-3.4001469910367925	-3.080467137063798	1.7105271663771766	0.4834882580305285	-2.7884209661187516	-0.7040811882612008	2.0606994452949783	2.0241601209663487	1.451319908418575	0.7161632620330891	2.1186910469415903	0.6151723161238277	1.4629471464474246	-1.2648947699814048	-1.0848804741178233	1.5068537685945462	-0.8864056033930822	-1.2259528817000505	-0.7911669831763041	0.540409495389649	0.3436085313368825	-1.1489896289629906	1.166302001136288	0.5547001486733242	2.9872817922587207	2.0620984667327082	-1.2108493483046474	-5.320396607810571	5.122458245896935	-0.11109869296550468	-3.1943070515795084	-4.951803866788485	5.040131902384834	5.354001474310036	10.127880609185413	-1.3249079791364657	-5.827819740566395	-0.3288016900029418	-3.4477416437325648	1.3281772202175175	-1.3650267419269977	-1.1749013084249929	2.1719748827767935	-0.7315626806903646	0.8508947587785743	-1.836779148103754	0.28466565476697414	-1.988939994766994	-0.49405367382358106	1.0256163162496774	1.5492010345507454	-0.5324123255805774	1.0728920593000957	0.39686260771717047	-1.3679545046156554	0.7579098617337641	0.8728355183247509	-1.3779372842434023	1.464828511572196	-1.2778955107547794	0.40168021002909216	-0.1398549448082804	0.31415962209637827	-2.03545418647051	-2.2035724471303126	-0.09776861995829327	0.2040078966079092	0.2842828128814971	-0.27512172684490993	0.5405479254477421	0.7279394020678449	-0.5694691944614113	0.6063177466922242	0.2867088969390746	-0.10924894303501835	-0.5998251937313338	0.2821216320586525	-1.4257624191046896	-0.31464743420227215	-1.0495592141467676	-0.2999848062495333	-1.251149574311058	-0.6726940218781038	0.4451717191176083	-1.2910734705949816	0.5856705923738316	1.087007279746024	1.0485150325896417	0.9166167888942797	-0.5538389832030796	0.2505446054321428
DTXSID1021956	6.824426329298303	1.085663913056967	-1.3319175289710932	-3.6898297155393216	8.34000427803069	2.6511704297859695	0.34508109365949574	-4.700021860243977	1.6969782733033716	-1.0645333673804407	0.12806049936634473	2.5295713052078286	-1.8351721045127118	0.6064659255420144	-1.0412282431945405	1.7096406146998409	2.196502985829937	2.7013168266104093	-0.8808267087138767	1.1176399104489914	0.7559935736342425	1.1723114910704284	0.6244807836017906	-0.6492339761475744	2.2371469295495086	0.08104157225108811	-2.129861621798788	1.7730723072642058	-0.08101324644350172	-0.6773967055306811	-1.0391584981206432	-1.1080501788557455	2.021730409145911	0.6699260454762238	0.7512765728465398	-0.3105613955787697	0.277597932422947	-0.34642327798613914	0.21699512383565914	-0.6791639645120596	-0.024366271696409626	-0.9177677890082684	-0.32707604148655334	-0.46182345527733987	-0.14856184883698534	-0.8345550922048052	0.8972991391512841	0.0406201961359038	0.49627846011131843	0.002340479281642256	-0.12726773364563737	0.7858525152419688	-0.43944634265059446	-0.6049649356934721	-0.390871430750662	1.3595478242671162	-0.45066160141666184	0.6607249232067702	-0.1875640748463549	0.4415880526031307	0.8316189889444205	0.1728790354358963	-0.18742315395616452	-0.4586134179633252	-0.9457615885290471	-1.3766675796782595	-1.585508742580221	-0.26732962876969624	-0.8847615184446977	-0.366313174046256	-0.302774773566331	0.37532525885058404	0.050974823252067106	-0.10033751955239073	-0.2774459219217758	-1.0740351678219695	-0.4474022692952817	0.1269023296896035	0.48302405914005203	0.6133842371713277	-0.5622669166476852	-0.0002332415459971475	-0.3590659984231943	0.4015230050202177	0.2520254397298048	-0.1454318929073365	0.3848600752878391	-0.36140747161723713	0.6750501344626393	0.3132206850296449	0.3802107132865683	-0.5793591854213086	-0.30992432490268484	-0.5283519892418078	0.31838839089173193	-0.289121859203016	0.16410278390579291	0.36311517157743445	-0.2838439244872832	-0.23231102550183155
DTXSID2024086	3.9918827442095006	0.07073574850457492	-5.993458610069031	-4.429355880753065	5.792826688713308	-2.7323271446363107	-2.4844131278949737	1.1065143685898426	-0.0634347975616018	3.5341141112034373	1.0706130329333754	-1.1603379629654147	-2.7622295009663405	-0.16315189241100397	-3.659696087979881	-3.5406897385862166	-1.3042041443441876	-1.691894928013227	-3.475652921151769	-1.4430900515928267	-0.04837782211125972	-1.2039365191820035	1.4466294861333842	0.2761512931634669	-1.6644657338395312	-2.4432419317555176	-0.8754657698693459	1.2961697893431272	-0.4864159174628326	0.6611987894617968	-0.22889143052063646	-0.6856348780648489	-0.2581998685228502	-0.48970210207978826	0.6891327900217861	0.17075036156080098	0.44258296274233183	0.6083604813894937	-0.5908342298215856	0.35092114805567864	0.4852743775014989	1.492512611985303	0.35848405197871397	-0.5762270841624505	0.03693439211438302	-0.3845587022146533	-1.5139997625583301	-0.39112077160483727	2.166028534731975	0.12084655773384062	0.9773044274235392	-0.7329847349562401	0.6506804304384061	-1.3352150843754047	-0.008790852935970886	-0.9918990552933425	0.47858756587746326	-0.5799930410330592	0.33814513640641136	-1.0032938973647332	1.5171232274373676	0.1758547660008229	1.6415814946992782	-0.20042656819443525	-0.5381735663818145	0.2662718165075414	-0.32527392016694756	0.7198576244061095	-0.291534539384631	1.2815038751535663	1.1582307433587398	1.8761301390514655	-0.9978263935544635	-0.20914933579168887	0.8272420593509381	-0.6346408085098617	-0.11111794933454867	-0.31367142101170137	-0.13352095466631736	-0.9771599094198764	-1.043128860560366	1.3184478304303058	0.212159560085246	-0.4413725132380674	-0.14029707404958092	-0.6102451320485167	0.06306664055059735	-0.6204424386584206	-0.1106556361098342	-0.08606795381098578	0.39446498961601834	-0.233741069808775	-0.2626210436748613	0.0363724430323851	0.15068718662196712	0.7992334341088561	0.20156664408313663	0.09974374924031748	0.180814033304574	-0.0314987312331775
DTXSID6022474	10.44955034472636	10.692233444807576	0.572804703948837	3.5289757248331353	-3.3357518287784793	-0.9872352694901141	-3.124073326071833	1.143078240793159	-0.20575094291254487	-0.12426681273199719	0.022565519436299954	-0.11474298834947737	1.9246800957587695	0.7295652802431127	-1.1141782800795592	0.7219297900944249	1.6693595962191252	0.6173559209738608	-2.0943443705506075	-0.9904751833604617	-0.28300755091625207	0.186347485155743	0.03517793657224438	0.3130781115513569	0.08773151800533768	0.3509546205181361	0.3421453324302125	0.8744096163135557	0.13849097217167375	-0.013714144804141246	-0.0433847705614469	-0.2709738337317644	-0.03301421391844386	0.6613974157132528	0.2881536771452684	-0.22976205393212681	-0.014612697301462285	0.5690731765131044	-0.5967407474868651	1.4161890600435303	0.883737386516133	-0.13717233737817322	-0.5236179727755945	-0.263751941318462	0.19668756837327125	-0.18869302307855948	-1.1771369707247938	0.06108034320635161	-0.5974729149707977	-0.04030436570440805	-1.2680850338151777	-0.45409185968534577	0.04835614859691386	0.12526592285919802	-0.3674440658836651	-0.39240537615184595	1.014239334381037	-0.8749079498585829	1.1685631599390087	0.982857736998486	-0.5653686229909274	0.22754692576319546	-0.0271123007335214	-0.19844100216370308	0.3112427987033224	0.6090106790004587	0.007464083641664732	-0.06985359255126301	0.37800088397961834	-0.3732684960419892	-0.8929191920718919	-0.6071649863841568	-0.16868256138981827	-0.01895197562623366	-1.0616564497866738	1.1646055371693702	0.4573641555097693	-0.8235290174757788	-0.5725815725279978	-0.2157466207475636	-0.7842241157479041	-0.35688050636682545	0.21711196175190609	-0.12427743654053017	-1.3545474436454064	-0.4458500416812683	-0.5324326693337615	0.11641552189951887	-0.08254756575798239	0.03623288753583108	0.45438288675546645	0.7960014032178049	0.8803481551597432	0.25666217981240985	-0.07186546649957347	1.143936353914862	-0.05028926968561695	0.14297018057685593	0.4890133770242363	0.036322228951635706
DTXSID5027641	-0.5074651286286325	1.7381771758282125	-3.926045791567605	0.5733227523589279	3.2972935300459296	1.367594633306698	0.14531217734949228	-2.4595666691472893	1.526095161025942	-0.14714166286790306	2.719880998731659	1.1453368494829717	-0.29150240539448785	1.2652531899454649	-0.8483173036464627	0.1354265710191629	-0.0261373615822726	2.1345236873620714	-1.6981840192666362	1.3031412393117596	-1.384589200660466	-0.24113443198667142	-0.3784422610237747	-0.9732038504036675	0.8174160007277795	-0.3842643473156585	0.7412465714979097	0.6219727370969699	-0.013592212553346677	-2.011873636680514	0.2410196386411832	-0.25314190732134945	0.23657433961990626	1.2898169677463518	0.23961546636599518	-0.3272267123872259	0.7231773719099425	0.5501149987353257	-0.39057020686236776	-0.5641529908853518	0.44730967858797516	0.15360095283827147	-0.2761357731009634	-1.3433181062704704	0.5796958748251597	-0.34475207478974995	-0.21764864211774138	-0.060523622787166546	-0.000980210230549964	1.0218258334221761	-0.3721816241864575	0.3268272262022236	-0.6601471187850954	-1.1397994242863807	-0.16414506418058827	0.09808132049009267	-1.059064381331723	-0.03469971468706627	-1.1788324901495626	-0.11018969639918344	0.09335368468100644	-0.24625917616330809	-0.1461811285077879	-0.8137322348712369	0.05883793903715754	0.38272973506939223	-0.16494551913017805	-0.7903138321438151	-0.5215494869045338	1.251646385973733	-2.206312373852678	0.9252814918540218	0.411029250048807	-0.1633433980664869	-1.381093308711971	0.409978516189855	-0.6585097282502312	0.44038492567006576	-0.16576119254765317	-0.3594349418082892	0.63410610040746	0.16315864313738548	0.4055419209294489	0.19868245799102438	0.35004482553961763	0.8338675853288638	-0.26228713996241837	0.04708708228602187	-0.38688529247881054	-0.6517494596984563	0.024736702223689684	0.9578247293248727	-0.552159532805789	0.22377248103940048	-0.1321494288233588	-0.15315083102433416	0.9120784310936458	-0.6198945531008144	0.16363596596438937	-0.20493250548728498
DTXSID7034545	6.091099561161675	-3.8097724127964945	0.10448170739693038	-2.2409524081859513	0.31899361602662585	2.6872808783426407	3.218977833562905	1.033033158485269	0.6558781316913325	2.6558885698135644	4.967260439281211	-0.8853803329561137	0.2717358334417721	1.7066953361375512	-0.6501536243059483	0.9823046901643923	2.1552830405180696	-4.0454784519525955	0.1818234289981386	-1.7204078915664114	-1.6000211238348319	-0.18530004352057425	4.664370902475255	-1.6078224826609886	-0.5217780620457942	4.201353183748995	2.874327043456481	-0.3579555183373176	-2.3325887824132643	2.7804642752694897	4.343817332171263	-1.0758174342621474	0.3449261712431538	2.1738365505348916	4.084207717853858	1.7715289557671807	-1.6603940954679486	1.430677424212671	-0.9645868858962505	2.3261154391391132	-2.2969404062806866	-1.37869859109644	-0.5243377633481359	-1.188499736648344	-5.2879746419646985	-0.31726267188796875	0.7144472733728654	0.5037003239870366	-0.24096429722584517	3.4495606295404944	1.002181812259834	0.6422091105953749	0.3274926727804592	2.4988509543764965	-0.5308319857908083	-0.4049284078260765	0.7282498628850085	1.2834240416519191	-0.5305614038228021	1.3893924489701466	1.4644682918261507	-0.783368645922206	0.1261923362707543	0.02367600877982612	-0.7247207930925853	-0.09089437141768117	-0.795591972067689	0.47274060967332004	-0.0010425805053271672	0.3879730770375264	-0.18887327538714174	0.2540826005034932	-0.18717717613822568	-0.8494965804580223	-0.1227362021665946	0.44067737305628074	0.15400607384122594	-0.4138149936813114	-0.33593897973649806	-0.24973985983528993	0.23492018410224066	0.019053577341834455	0.09047407464394122	0.16664074633945214	0.2451299324900048	-0.6394120089222622	-0.2550274663573187	-0.33265915399972595	0.16203595233235135	-0.40519805173080137	0.07062729624781512	0.3912305573801355	-0.2837354331086752	-0.033438371150957755	0.20798814608978666	0.19865603894916017	-0.19861024073843275	0.016498965850751002	0.015200624836480487	0.05003009565013251
DTXSID0045591	8.002873915252946	-4.233993524380457	-4.448219906834881	3.6613825598661283	3.1394453257066837	1.2177227828463892	-1.6912812763621505	0.45333263408222413	2.3816804453036204	-1.5734900906311022	2.7405722266880512	0.6342620959240762	-1.7028180228791074	1.1801266940994368	1.8411917663121244	1.5665571986070765	-1.647457338446759	2.2306371235649456	-1.5714034203484257	-0.23030111568295783	-0.40856435640788147	1.6265819506972221	0.9047220138647094	-1.9371922015036809	1.8246558056957565	-0.5088516716463888	-0.6232691256007556	0.9697554704115718	0.5012156534559183	0.5017320407924342	-0.9576517579061694	-0.6520832107222029	2.91346886228726	1.3103641832357866	0.44485838070953054	-0.21636452184722366	1.4220734132831896	0.3323939232748245	0.6054763715286194	-0.9489162911810259	0.1585362352503836	-0.4584283306850605	0.37462533729557007	-1.6217076488309126	0.0006593378980591765	-0.38432829313624256	0.22928510337347022	-0.31260442000630195	0.9931326339260553	0.3455488574549001	-0.8069909312067495	0.03474019994999491	0.9348446566834873	-1.0800643779896564	-1.1990370353854212	0.2717199438647718	-0.4493581695426872	0.8201537804112724	0.09858047272970001	0.2682007104712827	0.20646841192278734	1.086337689710983	-1.130748504515382	-0.4807448483639551	-0.8377860032938161	-2.5021187606795867	0.6650281703131008	0.23939092563724845	-0.04818428186661296	3.0558743900953114	-1.804967553616653	0.6181205157573254	-0.15284433644766054	-0.614170074245867	-0.7542693299247372	0.6913582452886233	-1.3085426769450041	0.7106116738550514	0.14723245077615338	1.0872442464410723	1.0203103884008913	-1.523821181327793	-1.4985691624591764	1.7489040530127984	-0.34412325184291476	-1.0838033477399789	-0.33611126368381206	1.7894416766727315	0.08641970716678557	-0.08346965540568783	1.2111323968589724	-0.40864008047482797	-0.11262968028572244	0.2800973697297232	-0.08777900377739235	-1.0363441529863469	-0.5119852505509047	0.3323489084710945	-1.1324551333655457	1.7750802119779123
DTXSID6023490	2.2657883571971387	1.9623558601376545	2.4806055386610892	-4.458620273205577	-0.45445684931237246	2.0301244269990715	3.977556923435555	2.025044495513434	-1.9966281967502648	1.1431443265936592	-2.374016083543211	-2.2269507840126153	0.5975304795036774	-0.7616680986062113	-0.6833782513744096	0.6095698377965881	-2.0464454699410073	-3.2717838817146854	0.6058375470314297	-0.08405454703065605	-3.0904655375179533	1.3007091363286265	1.1017989904390804	1.6367940054905608	0.3243699176008352	0.44477703202847085	-0.948535884850102	1.3240798512200267	-2.032387421740156	-2.1061090618796983	0.6482439717654961	2.076478885444435	0.4322127187210546	-0.7253427949423397	-2.8721353561999177	0.9758332592427622	0.12522407299393237	-1.1504352975439507	-0.521693249944817	0.44510947851191496	-0.8379502718023207	-0.0962522204392264	-0.6357890793413461	2.332810741443242	1.2594271107277006	1.8507984201577838	1.5720639129509046	-1.7885404739597506	-0.31896573948318374	-0.4247996885330402	-0.49524581034525883	2.22883513485433	0.800293016131219	-0.21816271783119576	0.4628231513140162	0.4476740132211079	-1.645621122588024	0.6067267951074886	0.30196980237549315	1.9934638745485822	-0.009258257563718337	1.6834298084170827	0.24386532059905705	0.924250794658005	-0.2808706850233942	0.06636297441972357	-0.130228846575498	-0.4509728047737006	-0.638031580885508	0.6449126708746162	0.5050402170417896	0.7598645177335683	0.365615151285033	0.5852151040915863	-0.6840626207172524	0.19276400126938437	-0.64828994237842	-0.4335121981775512	0.8464515783384996	-0.3926260752973226	0.15569890907139125	0.911643798409883	1.909632741858455	0.35698430478539595	-0.8032740286388079	1.0919045887689003	-0.1915603036720896	0.86183465585971	0.44151763382679104	0.33547946521886046	-1.4834194445311875	-1.3143539821393877	-1.6726905280161835	-0.44390929023286857	-0.8312985279970632	-0.06722122658133645	-0.7638723364920049	-0.038372568152068486	0.0726906905380922	0.07534759465072072
DTXSID4046737	10.021586491594032	-4.174288686801976	-1.6941795208132129	0.7545950033362905	2.6575093039530437	1.9562549342244397	-2.137075323059612	0.7942724143456659	0.3416087684014549	-3.9063252988110837	-0.9805754168634641	-3.678526472647743	-1.9223245432808709	-0.8977139296999317	-1.2012785027733088	-3.3725298560150714	-2.8805516765603407	2.8878296376301797	3.925112633651574	-0.45289427566848084	2.3324858669471222	6.0803999753765	3.652732345384936	-1.2012945917766085	3.163682165998549	-1.397082884643101	1.5833964678786367	-0.4532643001273316	-1.0349158969671037	-1.3002462070943261	2.698734770031409	2.5979687115107595	-4.334190847076019	-1.0886289606815773	1.213120290683182	2.4813149857462578	1.5265659837728376	0.8247196715535831	1.1467522431011639	0.29644575172613263	0.3179221068843124	2.05682668350785	0.07071916933616847	-0.4661389737827639	-0.02807312723912854	-1.5445597205372894	1.394286401399555	-0.30772952070572807	-0.980241693980211	-0.4025967892697667	-0.49930439350488365	-1.3932380643669173	0.3842989421726257	1.4520195224616048	1.2072907029860627	2.9442421622908865	1.614601753891968	-0.3719836822194228	-2.9112129043895982	-0.8591590923339368	2.01148682138047	2.3824362399493144	0.7585515365870098	1.03941562559149	2.8843737429530356	-0.023853722280073056	-0.5339127670945516	-2.4917254939226265	0.8881894929615894	1.0792522281453008	-1.371673332597102	-4.389585972033551	-5.595323112884176	3.354696309272025	-3.9199293929089625	-3.6639855403770745	5.942392949796802	2.3619177227051864	0.7649224327142562	0.983298625684269	-0.42903527536511815	0.019206392613923387	0.3790489178193304	1.846468032792124	-3.155321728853902	-4.226621152877419	-2.0200470316530503	-1.7435936011882325	0.4307649093485929	-1.2434773082644912	2.830868033237776	-1.5563280040750702	0.26148447639384925	-0.5687061049359854	0.47548648962961954	-0.23797717735881815	0.10560738679049006	-3.1863191091338527	0.3464476211376045	0.2783537551326514
DTXSID2045280	1.0735049271934818	0.4604537873834115	3.8402390211686828	-1.8312241153976614	0.08989954932468298	2.122651468197641	1.8938440849126785	0.9756431155856593	-1.8900529710871745	-0.29554747884272214	-1.0043076248022684	-0.98286966506916	0.859597830599638	-0.9609065416089628	-0.5805041241822849	2.0955053583915233	-1.5401328718420206	-1.3057628070832685	-0.4522028073245977	-0.30968847045656855	-3.3813356302303834	1.6062889677960295	0.5542435591465177	1.3039571332106596	-0.9094037827395749	0.9218776027309122	-1.4806894040315666	0.4376469607095796	-1.295618881572574	-0.7930843557910554	-0.5561722002395504	1.3603561844836083	-0.41129287185492525	0.20558674601776686	-0.34497512783947565	0.3044185142097711	0.8225110649750367	1.5058571636311577	-0.5916646518688033	-0.6939699171713744	0.693770627603691	0.5588624674936082	-0.6008583868849592	-0.7779945661739155	0.6665950402953549	1.008164630843695	-0.06335589566319969	-0.13617517627791664	0.42251533028324095	0.8461033937471368	-1.388439586364458	-1.1702815336800594	-0.5882244105915677	0.4119470970921298	-0.47002521083689863	-1.324296609214403	-1.0623815965727308	-0.04642303530598513	-2.0205113966258286	0.06850361791096507	1.3309278559809863	0.0348850520415512	0.7878057680794363	3.036647788578528	1.3978529557204915	-0.6350384304465249	1.1002858940542386	-1.0552589193255264	-0.9655912476068576	-1.820474076802471	1.621640648450818	0.4599745407161089	-0.5143794675532768	0.08180422917395341	0.23230926460494633	0.8292875518842008	-0.2741934607270132	-1.1892791035427186	0.4161198662795083	1.019491857364622	0.12107064087156291	-0.49717194489282973	0.6394339084202821	-0.5957269408513034	-0.40040110882052443	-0.38750848105269614	-0.6855585507269983	0.5067106729163409	-0.854109444126859	0.2890790208477606	-0.4108876058925684	-0.6430012884618941	-0.09733826134460306	0.7324592730696476	-0.4218731116789529	-0.32179983714124216	0.5813816640663371	-0.25966090790557605	-0.963681584299714	-0.23210548285349034
DTXSID5041356	-0.6534874078908072	-2.544351499589301	-3.2097413604940095	2.1299909871866576	2.020698733736598	-1.292108765441517	-2.8075139033871186	-0.9431740646179254	-0.44940394702615744	-1.0690777032547092	1.128779011966461	-2.6714337266349855	1.6453237464962154	4.281227180737026	0.5209334508662103	0.020196923518707402	-0.1866306705222866	-1.0985322354091926	4.218118437915117	1.0028776661171088	0.39686229044698046	0.8529767454810723	0.4153397728209286	0.008595407657116074	-0.008149457514446653	-0.6039522093076913	1.9937402518684668	0.8396796469841393	0.995905619341055	-0.5389893692305042	1.9348067170179288	-0.4648396972629806	-0.974896359949227	-0.8896152986220276	0.38507791244110395	1.618476934708733	-0.2797434179141941	0.3903597008166678	0.23756379629078817	-0.7763535750498901	1.1370189427550328	0.8203631890162928	-0.2188768161418549	0.6430266056377641	0.7435357547165508	-0.6375454037219253	1.0326890829381388	-1.4550169903885741	0.49976913974271653	-0.355944273539461	-1.5195729799394897	-0.0682618990360952	-0.20543181548561237	0.10590969667567414	-0.21515065223825794	1.7269540439937145	0.7416520431792435	-1.221409795426889	-1.8665558233395696	-0.168779933234184	0.5575335783555515	-0.057675508986103345	-0.39998305221858244	-0.7581252239614923	0.6725542054420609	0.09854489095467417	-0.41965728882974934	-0.6615124152941986	-0.8463450533730047	0.3202245995402295	-0.7379096239858816	-0.7640919011839812	-0.46584291724597104	-0.5828392299940165	-0.2623354138430238	-0.3467401081821264	2.5647826497905215	-1.69846109534059	-0.6059532542547471	0.6785438195393427	-0.6476326363822613	-1.0508884836556511	0.376113676047293	-1.149897508829775	0.33711578943815435	-0.08471781668373711	-1.2130208112669787	-0.3415715656808118	-0.9673783487262291	0.3680657309223176	1.0386504911049668	0.41602944321175583	-0.039787786004665975	0.2101736989556409	-0.18707146591754978	0.503995510148057	-0.020838034505089635	-1.189930118791241	1.1767363290026949	0.6182214655573641
DTXSID9048510	7.73547278175234	-8.053543325967214	0.5963754443445639	0.9676348607789087	-0.2381837859664182	-0.7029747056368296	-2.2623777177880324	-1.2325230071177233	0.7133408087396008	-5.07270190282352	-2.7704499702512524	1.409114429653373	-1.0614708844585845	1.6922722490347495	0.8866838606322923	-0.6553891609820957	-0.0004009084657849816	-3.251572801600562	3.8289832533518546	2.2244209849162933	1.74125457204243	0.05405963445481531	-2.0274326526626387	-0.5323209652378517	2.6833527677650104	3.7607462188348957	1.2933433102232992	5.392651515290772	0.10391478370299635	0.0730889113315922	-1.188736709849164	0.6083334672952554	-2.391131348971145	4.009368450558991	2.1609841079195538	1.1043908334547623	6.8996581421138075	-0.6250940411466527	-2.3721011251571205	0.5807563090864	-1.0269548006538731	-0.9290824601791248	-1.9499326610339167	5.810758826560008	-1.8591961040916556	3.34608933639112	-2.59564204248392	4.1707494284633295	2.9754289177312203	-2.121399238923559	2.636294985341427	0.3820448234240216	-2.5024320134104148	0.2040599500157638	1.9035599824141844	0.1794504341489103	1.0768228277973104	0.641516772090586	0.3117540643170363	1.3305200303295919	-0.7301656245325605	3.0863444300777894	0.4908893844796464	0.31055430109276955	2.228457712752188	-0.06867933621224152	-0.07916181532518055	-0.6055266222400709	-0.2832564894466846	0.848475541327101	-0.6985816686900446	1.1374056382317685	1.1389039730095467	-0.3622354571792313	-0.9554142274010377	-0.04178430312479887	0.16697369119255295	-0.36045276173424023	0.7906265730614921	-0.5054643335456155	0.9621307973134411	-0.8417075246814858	0.30572596520203726	-0.5027646186956803	0.16496900871878295	0.9720875383397317	-0.10651909840087972	-0.902968733057678	-0.0016419691238340685	0.27847245772392143	0.10169249705326301	1.1116772706268694	-1.3162945356232283	-0.05328269047813178	0.1857502336978175	0.6578658589982901	0.19186357550442593	-0.31773162177546405	0.4619496389107994	-0.15910212662762938
DTXSID9045689	14.104877698217646	0.47412092298413905	3.113055878005091	-2.35151017209292	4.545136354245229	1.6087213290807107	1.207178100004779	0.6246673241947227	-1.7705264881284004	-1.4705443804096328	-4.0434910354363645	-4.6611771354614815	0.2959927776199786	4.13745717300714	0.07414800207396095	2.529754499937456	-1.8953924577281556	-3.4013203407601473	1.0772953377989245	0.25227008479380314	-2.838891167570433	1.137933954136511	0.9004080308577908	1.3944121549549184	0.014860228441622514	0.7305326414793449	-1.5262671349159602	1.350976700090301	-2.6394436590337476	-0.6846658236237179	2.2483763740463076	2.7801370301110895	0.7040918951282827	-1.2776125216239944	-2.3553502554541104	1.286136282721036	0.983108319959682	0.16040912764353682	0.15539120035462684	-0.4527602810394725	-0.31341266189752215	-0.6234587100601433	-0.46868417878632446	0.4237888756804108	0.9726438950393124	0.6111194994879436	1.3261502236324467	-1.3484041565778202	0.6929022161764522	-0.13037371946183252	-2.096438863547437	-0.4085715928317146	-0.3540943721212678	-1.740578021510244	-0.41445373062181134	-0.30047237439097463	-1.693023869793684	-0.4902500421522716	-0.11946344665202666	1.7533987213364948	0.12021689182809839	0.5738314663697943	0.7606491636787625	0.3195039590615089	0.4836732043849087	0.4080736147655934	-0.24521135034194466	-1.2894869068242352	0.02768085358129302	0.9376695012687686	-1.0113054850429957	-0.09432566964655291	-0.24091307806726517	1.3883313720531139	-0.4637045181968344	1.4941233272284948	0.4195116575998216	-0.6276420624548856	0.09375816553721562	-0.4703470872113419	0.26059058434387433	-1.0360589797841475	0.8803615251334352	-0.40684544349279844	-0.5157527942960729	-0.04852938483568677	-0.37532980871873217	0.6691625483076735	0.7485570252023891	1.1983872448687158	-0.024555821211933226	0.44809014746634473	0.08700996939892643	0.2383182596711341	1.394614993016417	0.2657396326798423	-0.30176177187433517	-0.35212554298261334	0.679997221064408	0.30252530020290236
DTXSID1021790	-6.254659628904054	-0.26780483500412217	-0.24477427582767752	4.539425627913894	-1.4353405395095598	-1.0546667315627132	0.7126236827408918	-1.4494549694601917	3.8856536576252423	1.246611859533231	-1.7360495755743615	-2.422231417888062	-0.18622302238260907	-1.1315862204645915	1.485290497308235	1.0890249849339115	0.4217929989017894	0.5057627883165173	-0.11513460702705389	0.6622020343843343	0.12063325680840903	-0.16691358311947052	0.2679445595528162	-0.27519652296916175	-1.1689420762462694	1.3103427782573993	-0.7489023535089112	-0.14041990198880672	-1.0809838901719597	-0.31683501432173633	-0.5604829195315079	0.6291874267667411	-1.507893097561972	-0.4867187492935324	-1.1114661809990998	0.47836158625634645	-0.1444226773354173	0.9410152382834108	0.041907340379318155	-0.4140756190555646	0.14559945889813683	1.1469654757085335	-0.15760131955167633	-0.31941378580664	-0.1371179327731995	0.3335722604296619	0.503295966218759	1.7419680307285383	-0.17766551071599476	0.5730209514396424	-0.3271393561469893	0.9255906623864951	-0.18515181174758372	0.412639859340689	0.7535450042232987	0.47618855604994437	0.1072694021444707	-0.7845169465109456	1.4770772479586594	0.6407626283745279	-0.2062563672854948	-0.097900306995857	1.031686032146971	-0.8749500310741348	0.053767844479976595	-0.7211886748696165	-0.8307110876473748	0.12376369160879933	-0.22675045757757994	0.24390682294561875	0.21714536796072215	-0.16794398211346598	-0.9232854472055065	1.2575749800668634	-0.12464210977043357	0.4628356668408583	-0.7160707958266843	-0.5197902452425716	0.255514100821911	1.1165044468268233	-0.03671188955278818	-0.131574269285782	-0.21360451250073373	-0.5896943792781917	-0.035006657325896466	0.3278069605240239	0.048513322406879555	-0.6274487100970384	1.008852441764291	-0.16331613704414902	0.010874653115148097	0.1831003317982123	0.3201467698855257	-0.6080897766031975	0.16543698079541724	-0.640900160043885	0.5437522947644412	-1.013795286208528	0.27120802094597446	-0.6935821676410121
DTXSID1046136	-0.2830383240944664	-2.721303622998862	-0.9123866909802686	1.615991927752543	-2.6252466243684935	-3.9985342790713614	0.5578814654887069	0.4873972315985471	-0.09445030747894907	-0.20321110704850534	-1.435734229281948	-1.5044940350224112	-0.8434406918467555	-1.2554390268411844	-0.5544358393448233	-0.7439496996967774	-1.0317049721474911	-0.012471234545712204	-0.11077203316624774	0.19252105092623154	0.24279022975337786	0.02538794945867186	-1.8306473509750993	-1.8278435860582238	2.9215988750477218	0.8986529525635584	1.757706407788285	-0.14578976744481345	0.45073344394828463	0.13913260360662483	-0.5209712453687045	0.44609966420563557	1.0284113395231145	-2.2415647005266996	-0.23096749893783658	-0.15063211506518667	0.8628255032740234	0.8114511492251928	-0.660353658366109	0.8807561277012732	0.9916645818600232	-0.49266962577958184	-1.725128659961404	2.4723570555042587	-0.9590362002756792	0.9595490230452743	-0.9630789271007535	1.7722007854004762	1.9534282195966821	0.8250789660853534	0.8144425616075825	-0.6248869716066251	0.5953696653033113	-1.998219649570813	-0.6978430945863165	1.1315873349955992	0.627963333752692	1.2253332385132283	-1.0818763668250728	1.6376060326200987	-1.424127937792374	1.4221447678038357	-0.4643454127767171	0.782467364239054	0.3618614077372443	-1.493251058226442	-0.5524063387193456	1.0948237220638999	1.0098046540107464	1.1970829780836005	-1.0724912003640412	1.266100239854086	-0.45623955421418466	-0.5340196085204919	-1.4108742914167456	0.23305397025485253	-0.17985889119904236	0.012810863412759256	1.4291996466799277	-0.18020812043189102	0.31690354367013124	0.10467943281581472	-0.8266859917365863	-0.6734247752550411	-0.8394306299360061	-0.3077679011606606	-0.19487693798674796	0.7191514963296457	-1.122226284716854	0.429871588019737	-0.6065912350912642	-0.15874213654710748	0.26167557687183673	0.17804460570560882	0.7063583921650721	-0.8358673284877775	-1.1215347411160965	0.27742504011556623	-1.1978646739915686	0.4740546139803651
DTXSID9022657	10.48522331010582	-0.29508067101688995	-3.2016720125536517	-0.2814981130846277	-0.1875991223011351	3.2083510101128843	5.61945113722541	1.0294999610715203	1.3957615916813748	1.340905319325727	4.8250345090372315	-1.1635869269919987	-0.43618368486884984	1.6245520371838593	-0.49496067529453475	2.337871120709184	0.2920574647474047	-3.2732580818060786	-0.5503807299862764	0.055822365913050676	-3.000451415892442	-0.3870403115317353	1.912576554113999	-0.6128134592651995	0.27305000256049927	0.12586739707971314	0.796576775803866	0.5584304735639246	-2.5988980779052873	-1.4763463078908996	0.7549391177767079	1.5149134051348094	-0.19632200399471542	-0.004545236182984795	-0.6086390837411663	1.273383440922772	0.24566409160522015	-0.23026309937635936	0.19936151218901116	0.3785682742796779	-0.3085005398298053	0.4045801757056854	-0.15353565738434882	0.5607008073516291	0.12660059476577853	0.4632976582860339	-0.572614919407782	-0.47863848177798296	0.01878572662021809	-0.9015833020062758	-0.4555749743909745	1.4487721555581867	-0.5252764750966802	-0.37536422863504726	-0.5269264240924421	-0.6786751316442907	-1.6272434384930625	-0.20995457402918455	0.6179836227687973	-0.6314524249028366	0.25954052613503537	-0.031081543184297206	-0.07765556922867758	4.099121674607711	2.925071915944292	-0.36236891312103253	1.2250562658268567	-0.2346528506063764	-2.452820152272041	-0.22431487717594348	-0.7414064588920849	-1.3088946187052097	-0.1542651314597361	-0.7355063819364469	-1.8278146149518217	-1.0666725213677115	-0.5437799035327112	1.0044315336246672	0.33079943016586827	-0.9129032742619728	0.8048608071035446	0.6820767852884416	0.03300779629707513	-1.4814321623725963	0.09458969497938807	1.1852275926397373	0.47374886927427134	-0.8348686486624634	-0.06304557914279305	-0.46597058127722873	0.3624297746492521	0.3480310350081461	0.18248787927414564	1.8600066230176533	-0.6421440004665376	-2.0917905341264	0.34668588717250587	0.4814713335392979	-0.6018736325481701	-1.0687153462965546
DTXSID9057719	13.072290210278645	-8.792696513560024	3.472178711551755	-0.4585173732988819	2.4506767168683927	0.14383082233366584	1.1395428963584582	0.27905816964809926	3.4557480224886503	-4.159135248261433	2.7626764604492444	-3.265846688320184	0.5585648611761075	3.165103185218449	-1.3067418579579966	-2.401684213688527	1.0408937277739714	-2.4291484169812048	2.192910123464452	-0.6695741462180548	1.4188416753626947	-0.1323361301828744	2.2387710370985436	-1.346050086852969	0.4363174009896148	-2.0611284112801274	0.35789042605052157	2.616761008635031	-0.2057473055997323	2.2359914627605284	-0.1967516773739153	-3.6025410359009324	4.982911757391687	-2.5513758505568074	-1.753500616019765	4.469922769906709	2.2332468294662493	1.408690030498129	-4.844825820921733	-0.3280588967079089	-5.046172180086866	1.4265144308311548	3.9409572730618523	0.5700619608828691	7.409531334427129	-0.9182290192571146	0.5756483095775969	4.487719373170682	-5.786282077084924	2.363656259260589	-2.043056074342142	2.235817978614273	-5.7588734643924555	0.4821789962373891	-0.9059680909931277	0.15062195589546795	0.7355977597154896	2.668208569234523	-2.6857865491985184	0.7644271577382883	-0.2973102015079167	-1.0404980749918247	-1.6872864827635052	-0.2093067812480019	1.0314164583086498	-0.4266653965289417	-0.17522937389054197	0.9312049738433857	2.2390877757175143	-1.6341961778432184	-0.1552420482889997	-1.5920251965352423	0.6881956081817244	-1.2574772167926342	0.6732681435036475	0.311906749427381	0.4011327437414155	0.7350339119780726	-2.188191851577327	-1.6257031481288824	0.5775377118272987	-0.030666340790482742	-0.7624344516208585	-0.4187057692661444	0.23329235408743568	-0.9627780867941708	0.2640044428016582	-0.6464252574200622	0.5977708742605613	1.4571050092069682	0.21332800760331155	0.9852085207043401	-0.7257196095514142	0.05940396991452212	1.1168379292190007	-0.3437452278377694	0.03913371152021617	0.24329191855004917	0.6464976296378716	0.37987518485881844
DTXSID3052278	-6.1572549771140395	-0.20453421865063434	-1.4262952500901451	1.8316670490895364	-2.639872280349004	1.239794826927471	-0.7445056030671363	-0.6226412062967813	-1.1139017007866938	0.004705324997251334	-0.5313893086236234	0.7954611874546669	1.564370508318981	1.85086156598214	-0.3456290155643929	0.5678329269606199	-0.23481603524699518	0.23091548977898507	-0.6280434590968157	-1.7431165467677323	0.27403310428350924	1.328208183596287	0.9759154125995312	0.08156853366950438	-1.2545415034574212	-1.7587516289260046	0.5273550965204533	-0.6128072375296935	-1.3418310660338253	1.051545975775487	-0.16579568567313707	-0.9620843906690753	2.461952533659121	-0.26760740750606893	0.17142916149994164	-2.171038109184232	1.8116238757074556	0.9024350977053832	-0.3818340741673416	-0.7470071003517761	-0.28513941720621505	0.3935230415868311	-1.1960842665488307	1.6414789399559329	-1.69454240793323	-0.9211491756190915	2.6053288017244225	-0.3019366648521547	0.9168790879837382	0.18392464413756537	0.2672471116875085	1.8983103238820556	-0.3794175966378045	-1.5856862725490415	2.0293354223922044	1.677710838027601	1.0476441196302166	-0.37681298858488294	-0.7640794833336774	-1.2367676649898927	1.486963908448578	-1.880811121994226	-1.336562852464639	0.5310403197972787	-0.23154154205100808	0.17544018141377535	0.6837393537147752	-0.1752217949196849	-0.7498671607397035	-0.8936814483441695	-0.07375352654757329	0.110025614423871	-0.38602569106990636	0.7023405196979313	0.33647745958439274	0.2657721478191099	0.12123302564248732	-0.020581578996724803	-0.12240754075685423	-0.24841261178982857	0.5189298331851359	0.10315300744893148	0.26486053754671296	0.031710314879705805	-0.4139616998306672	-0.22150936446742758	0.660470918553512	-0.05850715244845384	0.4385889644883411	-0.08976667639672414	0.14330263891254377	-0.21467601291845745	0.13257026983593945	-0.12829144708073353	0.15280407100331866	-0.234714373770949	-0.20776983702546548	0.0940162271769322	0.12918590314312942	0.09702446827516786
DTXSID1020562	-5.812537886168516	-0.7068962996217597	-5.370007938156095	0.45042547319195314	-2.0505728599339044	-0.6495314895245513	-3.280118600729305	-3.73103142831173	-0.3244517581549165	-1.2129271008471805	-2.4494589178689594	4.9572035751229695	-1.3762956822434236	-1.619019225556988	2.107819527207575	-1.624287939682498	-0.45298437351018406	-3.2009259129357366	0.8140146670875555	2.196729434804237	-1.1317388628666396	-0.8559229606870556	-1.5021079671492095	0.0334921145573146	-0.7292467610951741	1.7867747286242628	0.3268983806925397	-0.6033591006599096	-1.8975959786940566	-0.5905117281394839	0.6925188181519172	0.3455602177414034	-0.7647006052510921	0.9653639427297714	0.1371793135494639	0.9644516159282343	2.0538728111913347	0.8164107012584116	0.2972278181826363	0.988097128757188	-0.9736577916676346	1.248295203395684	-0.17108561885990983	-0.5020780866850867	0.48246604372102286	0.0541566036395245	-0.8184739303347441	0.6167110025087404	0.2805714978840575	-0.7692638143087555	-1.5654282908607946	-1.0124269934785897	1.3566133532936073	-0.4372875934799584	0.5224627760251946	0.5286117637830163	-0.16452802423137836	1.3037383530669306	-0.4496800191673792	-0.3888022559290936	-0.3393712734300576	0.46213311770834264	0.4078940926760433	0.6389767467450239	1.3863862587510958	0.3418403304624276	-0.29655725205409883	1.003422791286113	0.06962470061336254	0.46836087168202745	-0.8815979805130729	-1.7492770999022087	1.289869288282776	-1.3297776952983535	-1.5699490735205142	0.45104740085448736	-0.4188621326372905	0.002147239150799214	0.13342957460742041	-0.3560492640660975	0.2752977007686245	-0.1254488241092048	-0.3227869077440521	-0.11892405140827808	0.23305719571414144	-0.6696312485654962	-0.6087936990497582	0.891601784514186	-0.5483709319896677	-0.6193982905201597	0.4156741264490665	0.372291218679392	-1.346959953838493	-0.05891501185370442	1.0974143799594263	0.8657580073172908	-0.44271701066012226	-0.3940543432870352	-0.12285751958194922	-0.06259210786112446
DTXSID3038725	-1.7876080812396022	4.495078806841517	-1.8939420053958267	-4.371237135171718	8.58415895545037	0.5703940094827913	-0.12443219518960089	-2.508468799000267	-1.093493307328077	-0.12593066141457582	-4.194389372111334	2.130675184894412	-2.2595626209384174	-1.3942375000600629	0.09819129860728522	2.296825259763445	2.0516111585620016	1.43687283818496	0.186399990490957	0.23932616812467203	1.1923003178842908	-0.24200051647800655	-0.8663185826102697	-0.8418802789369547	1.2929559244456952	-0.2688243523644129	-1.9435976672281914	1.1978363494901902	-0.7402030928019542	0.3297747532029625	0.16255656969128823	-1.421429295953832	0.6990490243938737	-0.8120714229971032	0.3357452542652599	1.2070187211287844	-0.4305178749634541	-0.45373236174299003	-0.17786910686299273	0.8508574487391267	0.02078612275468579	0.22014013480493838	-0.8007266189625355	1.009928370276998	-0.9451269757371354	-1.1280802864609059	0.9997452099425878	-0.1949686215398672	-0.0740301870219818	-0.9293712741991731	0.3246614033416757	0.28406677952647774	0.08320134455084854	0.9281156539655461	0.4239803113056291	0.36441520231285474	-0.5553410474116093	0.011783226804555296	-0.3657912840005806	0.24761507241360184	0.06180184854313396	0.3839189677726945	0.05040136984491605	-0.18046199743673266	0.850661586726604	-1.1454767191702735	-0.9440567262916315	0.6922990031306883	-0.5087953424732169	-1.062121961907749	0.36442133172499136	0.2226318585791286	-0.18413569131774216	-0.22134174153081462	-0.813207277095237	-0.11845137837226863	-0.32608865298191564	0.3897033484402572	-0.21115027016224258	-0.17009769075866676	-0.22593974707968392	0.3095435528506341	-0.3913847056693609	0.01134119199206755	0.36703202222368003	-0.07212038008083271	-0.056692475247137775	-0.17618771650487838	0.40401832914032726	0.15296238676023857	-0.24691859501569421	-0.40418966260753725	-0.8912771573586209	-0.3678505065118848	0.2846402344607505	-0.08638916270352485	-0.36528685135117556	-0.01437652201177935	0.14346952363634288	-0.23589901588058648
DTXSID3048940	-5.091722103552402	1.2319937008221589	-5.126597965983943	6.2106485922915775	2.947792086907701	-0.9806352166014549	-1.5264667146142064	0.13144519008988131	-0.17819287734754294	-3.3125651956951367	-0.33328517773493677	-1.5036883191591304	3.125934382729442	2.985780952472525	0.4161814457020404	0.1703221215281684	-0.9734198212615827	-1.4981009547976316	3.503704264293712	0.9531494698160924	-0.6798480449789557	1.3267591306761852	0.08042288438203662	-0.037139973961608536	0.43453677835551985	-0.732961180096392	1.0757888576943362	0.4092399078650969	0.5327955007915033	-1.19427468259282	2.1021532202917403	-0.524316917537332	-1.5145745851764112	-0.7142291575033142	0.2821266249899057	1.7442641170533235	-0.20483346969951322	1.283677240456999	-0.41138932782847276	-1.3280460484204943	1.2015307037008451	0.5782279007553501	-0.6404666626348111	0.5414919837974288	0.8354719946727539	-0.255709846733484	0.40328600854425756	-0.6931767873207404	0.4141395543465156	0.5522252924179208	-1.292961184763243	-0.4657666555390015	-0.36717973636233836	-0.12340516968915398	-0.7633060462302793	0.6598537025371265	0.09598680202212895	-1.2228516146139954	-1.2845711565485223	0.1692269964750338	0.40828769399645465	-0.3786730411984455	-0.14874255180614127	-0.49712180054520977	1.0716534791900252	0.49140386584925044	-0.40616297888152025	-0.6264433987945812	0.18136790029810496	0.9442723904010165	-0.860392094394103	-1.181428565317508	0.45043170050873504	-0.2844189255486551	-1.076644928227371	-0.02891577297448404	2.3801765292977497	-1.9933157611789634	-0.9258208909686623	0.49181248397712973	-0.8988714811381536	-0.9775521669765591	0.8119424007592595	-1.3445607234419503	0.3408274663611799	-0.1953771446491404	-1.5192321265069586	-0.1472288536861836	-0.693944167357529	0.3882149280343435	1.5861334801596905	1.3121721962796473	0.35335976275049485	0.37812241085947185	-0.04529740561713088	1.0987094297194315	-0.1700311676945605	-1.0209115903780202	1.2830190127184722	0.8582874721505646
DTXSID9023914	-0.9601035417988119	-0.39469719259721964	-5.656010984585396	2.049837841562096	2.0879816234795876	0.2048473779698237	0.03206765729213221	-1.5173630296543312	2.7050392621245107	0.47820485063111845	-0.6951932354851923	-1.005243974539376	3.0768614295673524	-2.63759236494858	-2.3325297254358244	1.2888952018761535	-2.8698184586724618	-1.645819048272501	3.8733347192569045	-3.2113246429060354	1.5324579312131155	-2.910702030865515	0.258088585487351	-0.09886822637921612	-0.25742561824823734	-1.7622054903030426	1.7151871122098759	-1.7793340423005979	-1.6251257864779194	-0.7767080254634208	-0.7174684273753249	0.8716660929668462	1.5895950278074558	2.1025502003516467	-0.942684735137282	-4.0506348347027625	0.25581004648549643	-0.7606107085020952	0.710570720779539	1.1064749394829463	-0.2974885744870951	-0.6763978993802733	-0.7961958235041385	-0.08675243655339865	0.3841992829678479	0.21698930929301524	-1.3572750279110741	0.6286054552195386	-1.8832599212754673	-0.08044090050940639	1.4936522998508317	-0.9895486608820409	0.06817274390927991	1.8324632566227625	-1.2184680347426937	-1.3595708959553832	-2.22724852248122	1.388509382626277	0.592704082465946	-0.3381838425328984	-0.4292795871997012	-0.031530447867187894	-1.240787424968921	0.16907723733411317	0.058126364683933014	1.1541284340526436	-0.19712356978376344	0.3899917920779105	-0.6066919853256397	0.31319801502602485	-0.4130562440020532	0.4875726608540361	0.544836815353935	-0.12565309685623643	-1.064543234389553	-0.15274388807203235	-0.6256348887107672	0.590770204955668	0.24443207830252078	-0.7124872474367567	-0.41994017313026927	0.9151790127878175	0.11897116254869398	-0.4629857985740947	0.42668402880452394	0.2864641571672636	0.11287904209436302	-0.10682844124026963	0.18487900799438167	-0.1849198107520897	-0.1045635343160957	0.5276457713631698	-0.2157355569371561	-0.6178654418972216	0.46202615849612305	-0.28934898065957393	0.08343749648274791	0.017741720816856467	0.0032155068839381956	-0.042286058123162794
DTXSID8044969	5.048481995049497	-9.473380126110447	-9.555335977585894	2.3299953777940963	-2.952997966402085	-0.19631142362296305	-8.606599096607798	-8.978038226537194	1.4324874083630081	-4.399260305436882	-3.798635141276673	14.13508122684245	-3.576350045843776	-3.0704082739935514	3.5064464937441677	-4.059313034704389	-1.7234242027425435	-6.991715366920072	0.12654117364403913	5.320780004581272	-3.550592970975972	-0.4980365578421585	-2.625708408496621	0.7325525023991404	-1.6967125531048697	5.645138322795568	2.352907390105819	1.945183862826577	-4.485269525124747	-2.8431440321311263	0.008189309238334849	0.10438751686621767	-1.8159016742482128	1.502710752957881	-0.9206459052989168	0.5350098334474602	2.998120601243397	0.7535423499989565	0.1391032779746859	2.5209190306216027	-2.4616772505234596	1.282738534158427	-0.07466935912611015	-0.6538323566050613	0.6361595898852245	0.13107513527595513	-1.844466065695201	1.1646919907295914	1.0914270921849651	-0.36075399196248803	-3.9567858454687124	-0.49267728286205204	2.023592165350639	-0.7416117551402479	1.0114894583930651	-1.6178221034337732	-0.309228072360299	3.232302789888594	-0.5551565067644115	-0.27314049858691225	-0.27705624348958247	0.4034515496564166	0.9603713463098429	0.9889880979322888	-0.13220088708563582	1.5305699155591066	-1.2375658616848004	1.2449715753856772	-1.2510391916395305	0.9846856257236024	-2.3158509050730625	-0.8005674290019831	-0.6729515918577297	-1.0518553188826347	-2.57037307080923	-0.4779131911576521	1.1823729065507111	0.5040963188246492	-0.00899733147544802	-0.4789839139286411	1.930100039196872	1.0694719415680294	-0.7569697404408273	-2.114602881659593	1.93953113697573	-0.593392957155338	-0.9635862064952975	1.9017413140400528	-0.06705174043146961	0.33926480627272493	-1.1635953970007258	1.4014686035841186	0.12373172337547571	0.2201975466712908	-1.9576577910273156	-0.6444204906060089	-1.6114909841028744	-1.6802383192918442	0.9505613674733059	-0.7801858427153047
DTXSID8022610	5.495234056811248	-0.8821231895159038	1.800700782437908	-2.573664973036542	1.1023576375735398	5.440107100453658	2.5575611189995064	2.145657931194719	-0.046133161426229245	0.6377532624435887	0.0013879173615579069	-1.1400365638684835	-0.037128315278494854	1.6776885438090443	-0.9763532000022054	2.319227215961401	-2.634461103550848	-2.4963939286860164	-0.5793345072872117	-0.009676148392505043	-4.693237486091447	2.3384997819324047	0.38972835643654763	2.173719794406145	0.8615001054412091	0.07771533803863548	-0.7038834140245257	1.6130745994366096	-2.9638005045436175	-1.341435854660789	-1.176188025236241	3.2079307820506275	0.9084301003986321	0.0710638880919453	-1.7836271699843955	-0.392373198448601	1.0169837796905221	0.717922780042435	-0.04992009333799908	-0.09599074500072613	-0.6726448511861225	-1.3603343109147765	0.04023518394612319	-0.31780583426219833	1.7682391431435531	0.9195603382905289	0.6418510000135299	-0.8365976157158161	0.8506816374951848	0.13357062162894828	-1.2047821839576278	-0.2555867604879817	0.9598203724094011	-0.3728550249390169	0.4941953220780049	0.2045374411306135	-0.4081077379663327	0.2631330398202349	-0.7437325699372641	0.7399631838643781	0.21866541956030863	1.2471086332212535	0.8825221010270876	0.5941984652817602	-0.3707589106239273	-0.4606741788399455	-0.5205414472118888	-0.43593787729233185	0.08664878722609336	0.18645719585370826	0.1711806867125628	0.34394943970764924	0.31415752148270343	1.2284672078697603	0.5023236634565875	0.24288429761790928	-0.6944141703588252	-0.6387881088505127	0.7709743719778461	0.06587899040451045	0.07240090302772585	-0.6111254617702322	0.6593752250141076	0.19652870814803858	-0.822140638730441	1.4644233915447933	-0.6892979000310764	0.0003338452302050715	-0.359373364949352	0.14108160872352488	-0.36293317135252157	-0.3348245825605254	-0.3981165875011737	0.17643769372136361	-0.31346576539782683	-0.26274661756011947	0.2274850295428136	0.05878067892375474	-0.47941697229483715	-0.030737834602501977
DTXSID9025035	-1.4327938860136236	0.039959624320363735	0.6598968981313468	-1.2509788311303471	-0.8022653583591456	0.978989945681804	1.491884418498408	1.6031690488185724	1.2738050931928222	-0.9905149986377817	-0.049690160082512	0.2179636548640091	0.9828831181898087	-0.7670669404222397	-0.36969304062070457	-1.6898133272177964	-0.6259175793183781	-0.18109559666970418	0.8211969268621239	0.10856074558416325	-0.3274402342493809	-0.09274244193496203	-0.835005420975279	0.13026160336566409	1.0562733459187075	0.5588665772585493	1.5584242164710884	0.6823259293406203	0.025258549866767416	-0.3626916450511837	-0.26678486984152744	-0.25552599266084597	-0.01205730936634496	0.5319423699701833	-0.2699548415321524	0.22575089538629273	-0.5242498902377597	0.05807702430817164	-0.8783190517801103	0.05444386929947197	-0.08865029475357665	-0.7553213894407729	-0.40090937216247857	0.4473034508225306	0.8389493818341955	0.7842628318910303	-0.13741872120889348	-0.9026211532901444	-0.4356392874468644	0.026838483383675303	0.5533192249769929	0.19613761788350362	0.1437581614295123	-0.2725934383073811	-0.31645493688652804	0.16780178278131835	-0.5811126121205773	-1.716295251062436	0.3237867560281221	0.5330980571776751	-0.0468439643614457	-1.450868803701356	-0.3299992848104014	-0.7044178809672839	1.507699428474817	0.13045202056423177	-0.03783029361322124	-0.4238988136162683	0.24246839284319507	0.18900608990716666	0.2745003925885178	-0.35987645728520945	1.180263092786968	0.601068272167356	0.26557436557988223	-0.5223802586528337	0.6718067223507806	-0.25366797528497576	1.297766960658042	0.7131907777042199	-0.46608468447903356	0.397282414009955	0.217413413164163	0.19623016430719925	-0.19925972926276944	-0.06635954733807956	0.4790150176799605	-0.5265310092499864	-0.017664287484036614	-0.6411854017965767	-0.21459567530432233	0.335322069596189	-0.15705526347035778	0.433641814656137	-1.1496913731302811	0.17582052840532988	-0.38405050743674934	-0.18782757774775577	-0.3422140421500405	0.41996470264034935
DTXSID6020068	-0.9697125086783089	-0.46715219095672844	2.179506802542063	2.4359533245016065	-1.9272495055463732	3.070581860424358	-1.469168506406454	0.4644156119349901	0.1693759997419869	0.8299281293971541	0.26224501173752524	0.1677300872330968	2.6710220662556234	1.4208830139334365	-2.3350948746656184	1.1267488771425032	0.1604275195900564	1.7526542674551662	-0.988597420643822	0.043768466345511965	0.05022666876139523	-0.5400669261924189	0.3197064623207498	-0.9183711664701293	1.8129214216027096	0.25391505695439603	1.2547757364673475	2.7293664085820173	0.6410615422988398	0.9902517136579442	-0.7183221002212831	-0.2626389702155346	0.08003607567951714	2.2332949800554305	0.4407625044907807	0.3409412599053088	0.38887509712755797	-0.07546431865668052	-0.3321578313950968	1.5858427717173058	-0.23706254466116491	1.0088814099478751	0.0950389830942135	-0.8588044144229265	-0.015174168596870371	0.4785225365068482	1.1899858011465632	0.14909753662943512	-1.0557276133133857	-1.6786137843909885	-0.34014021016967216	1.1093838549021495	1.8107092965095497	-0.47555431284499455	-0.7274543633565771	1.2077316651423573	0.10820676615297227	0.7543693733803546	0.4625608753437912	-0.2247678307234491	0.11663383648931923	0.23567751192067524	-0.7269966438724298	0.6851950351171011	-0.712546396892845	-0.3730455818580132	0.29376197267110077	-0.007363232962285746	-0.4404557564027798	0.34643786810002786	0.2184290417226219	0.1321896761459866	-0.0704298076199831	0.5005376178252354	-2.490757371682685	-1.0257016735248272	-1.0763304638722309	-0.3391336231717916	-1.3546613537414376	0.01521749333693963	-0.3155526395638368	0.08674828523414446	0.013207986414884718	-0.5079613267670079	-1.1425595944258093	-0.11292409195548303	1.0082323425124757	-0.005777201858303381	-0.22782654318079923	0.09737595622738146	-0.23331444975680773	0.566195688146283	0.3838692745824359	-0.2879054228070209	-0.25611241424308284	0.2742061716324858	-0.35451704766388786	-0.38916822389801675	0.32086134530270044	-0.050392914714741756
DTXSID4027072	-7.442536807044958	0.030120774452435637	-0.6241731178871739	2.5119453261143994	0.7643364399760088	-0.03304201381225906	-1.4935329660140828	-0.7246132304741035	0.0009504165424432279	0.3719690018556264	1.1733037821919117	0.2589592103994598	2.9387792856104133	-1.850333467105382	0.7034954966164494	1.4225138378281816	-0.6383269666450685	-1.1701697509806837	1.6384874691166682	0.9804996565322885	-0.4392464772574836	0.27817601961892524	0.03560912278839922	-0.47024753254128676	0.7948064915967727	-0.6641452677397496	0.5342149373652758	-0.1443898505727511	0.5989704859368069	-1.2862612681442886	0.8096011499729692	0.5728361850847986	-2.1269645696382526	-0.9406401240988178	0.5195115583028476	1.4192959733680197	0.34272515553664284	0.2698300813907249	0.0029439788976798565	-1.3629474451319283	0.7010344197721554	1.3426596564349722	-0.08250584331492683	0.6932067969733576	0.182554064221413	-0.3596193089904025	1.326380354729042	0.778884875151446	-0.07650275250240389	0.37095360579418685	-0.732800280970047	0.5118374085774579	-0.5416683035365812	0.32179636440290926	0.31528875153321484	1.0683298148594274	0.19775417919439164	-0.803825176756596	-1.2902879897666326	-0.09000949239293976	0.3028967529045362	0.23608495582692895	-0.4781004319437486	-0.6184862931448145	0.24424265090235567	-0.8976353232082217	-0.3770103722194662	-0.338044637589826	-0.8436108756433269	1.0289632360361807	0.3582692843657645	-0.5069840710252888	-0.38357437667893	0.5485140979113363	-0.6155878343036787	-0.005335772131070984	2.3385857619146107	-2.0263924399078115	-0.620912742881699	1.2489201216966692	-1.0765663976065727	-1.279764624859493	-0.21850606374700213	-1.3474838182250575	0.5896937915197512	0.21048160368394403	-0.8622525508772005	-0.2249202982650325	0.34607561692219285	0.3837143620879899	0.7091879406511368	0.05609662222445631	-0.12269659579757894	-0.3396903714729031	0.12626122137270443	0.18146058664163928	0.20817836063069955	-0.6903415406916383	0.7538392957831062	0.4460199332270811
DTXSID6048963	19.894859418173954	0.3820917070249163	-6.2645718586296475	19.54286543948229	2.4025037781004213	-8.651017249776409	-0.3692184093987969	5.184983723995227	-2.359937934874551	-2.9169951540422523	-4.8648458972942805	7.200914757058082	5.0947176064478406	-1.34794453484937	-6.448871815021129	5.278973152685854	4.2001626749163785	-2.844071743370248	-3.781522530205854	-6.226843996459752	-7.896180131205067	11.04729321004099	3.9704368185841545	4.015788737856801	-2.483361128211924	4.677416520629794	-11.063425449088182	-6.8851308069876636	-2.9805590412161167	3.0023920607990013	4.451424897161751	-4.23822688773198	2.386171559869559	-4.126159306618196	2.922779658273575	-1.9406206974830122	-0.725640753264586	-3.03598684255173	-3.9568306906702846	-7.538684158384172	1.4354744718713635	2.7294179938500123	1.7629801109552632	-5.533872918106791	-1.0244571519227508	8.539767422551952	-11.719833928011209	2.2661081077021	8.144476105977853	2.354829941866892	-5.230633327467421	1.804525425278185	-2.4402443564989644	-0.3357602750742422	-3.5745606715832197	-5.287260679642036	-3.5471318150553683	-0.5334649305329944	2.56426716474732	3.4067364948171863	-5.134252800561065	-1.3024419326357772	2.165379615624191	-3.3581704979685707	3.9441995829698038	5.60501002070243	4.14773055904187	-3.2262470867610054	8.181221057473547	-0.3250992635017228	-0.35798547231908	-3.3224806895017016	4.771011631313065	-0.2445604547805943	-6.889398653112574	0.3830394008205946	1.5449720770745137	-2.7725208871602214	-2.0903528966390037	-0.7978135954358101	-3.6551914539802772	-3.721030850683683	-2.7466229649868055	-1.8418170889006509	-3.638833558434875	-2.0153613759904996	-3.965150185674519	0.7146746261589674	-2.0000383923031357	1.2456677239216714	3.6913381610940244	2.964925834766458	0.06375677704313451	1.8142143054068012	0.7006664030077551	1.8206926365372091	0.146693072875191	2.980860741611073	1.3886724073191332	0.26731223143496285
DTXSID8020965	-4.162568264241512	-1.6332206685822677	-1.5722720575628528	1.0451113243862864	-4.832362657877895	-2.499384211800326	2.5138491539429264	2.05656953192569	6.00181096227649	-1.2135824726719562	-6.551869273613	-3.0088350895768516	1.5533857903403634	-1.7779207957641239	4.5144680631478895	-0.24866057508350964	2.110842564059766	5.62888032468047	1.5665636170242434	3.0756744104814033	-6.319579352385658	-4.887150638607408	6.567449931976359	3.7378444409557936	5.4833664681527	0.2419709162979308	-1.9401319385436182	0.38812551808375995	0.10074218090207922	2.029816806626966	-1.4607710094535051	2.099793325806026	0.2456796495870928	4.523676846937084	1.9762140658292746	-3.0422977136217266	-4.040869187542005	6.644403647489563	1.2654036330916039	-4.365767494773964	-4.087216789385053	5.225277377930631	5.543023782832205	6.886240920916751	-1.3026124833812085	-5.987438424171032	-1.5767432578193368	-1.1553862589529296	1.524340113203232	-0.14950046094566893	-1.3473525957728196	1.6177402307237667	-1.6884999637633966	-1.0520908949137586	-2.5715184528271373	-0.7640847612746229	-0.3683658183401319	-0.7484994150400407	1.7618345031338847	0.7128399633289968	-0.22913988222328982	0.2985035126422112	0.8269162241603534	-1.1402435366284802	0.09466180921204424	2.395441699145044	-0.9893281675710153	1.4197239246867783	-0.46341057379660705	1.0459385039681246	-1.5183557808630423	-0.10376684183440092	-2.1390545028232415	-1.997092364525911	1.1784289922383957	0.012604052046164584	-0.34553844204155615	-0.3845385570814382	1.5433174816118775	0.04663768062636285	0.3188524282829576	1.4537415754111855	-0.20355024205671035	-0.2470796570295797	-1.8528397515328965	0.6345222454649406	-0.5185379906158952	-0.06327964116407434	-1.216351494020203	-0.22408691016163132	-0.6694097055393723	-0.0876139330329	1.2942359202314637	-1.5455869358806646	0.2860866327047467	-0.5257782609968978	0.8694996757336175	0.0024626908485598773	-0.6657624614915585	-0.25528551382637654
DTXSID8034580	1.2106795980855038	-0.4020397123819566	-1.2066566166943047	0.00879615564364708	-0.43259651080142086	-1.19947262897275	1.0386034412292147	0.1512738553712199	1.9745200723275271	-0.2320190900135319	3.154180537762426	1.0326977163856896	-1.4522854083211014	-0.7229489060675444	-0.3904733143830624	-0.686133821114676	-1.658388301284186	-1.5439310748721493	1.0707595803159924	0.29330769532619655	-1.0462514819373756	0.44188019510347504	0.2322023016729097	-0.4558915716783443	-0.34513221511833964	-0.5004443627920229	0.8214456557510579	-0.061024146276123	-0.734351619349581	1.053027637673463	0.48400741108806317	-0.5241833732615014	-0.6514106489010684	-0.15061157704483052	0.2651226259382177	0.19023580489535183	1.1829761804947527	0.5824180977620416	0.46417790765356115	-0.058093911219811716	0.3514147449234866	0.19573233064480577	-0.20843814647209358	-0.11373989798520395	0.0769862486803877	-0.08455489121961109	-0.4568024280778128	-0.5569242080000436	0.7670568511717968	-1.1669512980534196	-0.8534897101942511	-0.05078694246374585	-0.5384500897719714	-0.7564466615200334	-0.1056698595014721	0.4582469994973987	-0.5933808412806516	-0.7847870060026264	-0.8780427361462814	-0.04192330732078012	0.309447007786502	1.0191915940411884	-0.32046261353882227	-0.5315023509508561	0.30304508225908783	0.5667604679284262	0.7566293413966394	-0.15477368910951264	0.6711569358646347	0.005981107610596492	-0.19980185383724255	-0.6106670056296286	-0.12107378824876137	-0.5525082556230688	-0.6686342171359733	-0.15451240439610472	1.1332289395130097	-0.9685606363204845	-0.0062845747755851614	-0.46727148926538853	0.5435167244773623	0.4192499429324754	-0.05081136415417384	-1.1698342037585752	0.695218863720961	0.2377585654078797	-0.12559262655144934	-0.04074777860538629	-0.29012524096081665	0.005750395401687681	-0.8812598297934175	-0.5174444271415231	0.8252324568466155	0.8167452140700538	0.18113230700674934	-0.5834849678393736	-0.9619083781070533	0.40977950016612025	-1.3221207709936345	-0.0353092966640988
DTXSID9049031	8.4802994200971	5.033352905390441	4.014437849434018	-3.7928294141636485	5.59359617598175	0.3887805641308369	1.1029376289522257	-0.33048268675405823	0.5477378944441146	-0.6082001931943863	0.031197300716717235	0.6101503902912474	-5.095385126932025	-1.1374792020322837	1.8221235486716834	-0.2600209600522308	-0.9258498299651718	0.6867748436536214	0.24660262630801075	-0.3982743943391322	-0.17158443825908465	-0.4232895906410451	-1.5177018474371216	0.611093426520686	-0.9544385350202649	0.4256735756082778	0.3367929785018253	-1.0677431729286346	0.22388084396178856	-0.279340886449939	-0.5847237194063541	-0.6889131163166695	1.0520640935424512	-1.5016921941905745	0.8441748583097977	-0.07714755640929412	-0.9532382618477593	-1.205108706070415	-0.20880134494493255	0.2101979056562339	0.0013668652314490551	-0.500323014307147	0.40613483905342346	1.2379577494705805	0.28748636061371013	-0.06411010752715059	0.33163186422709207	-0.10764778291055789	0.8042129914542914	-0.5033756514848065	0.24624673117896811	0.43703603952936426	-0.3127100211782076	-0.4401916988830752	0.5432716228814479	-0.16404107711178476	0.24285895570079594	-1.8455862529560465	-0.22249478348082086	0.21743739358990163	0.03835098003458696	0.7568889877613013	-1.03192977974076	-1.1436671635960498	0.5183774991953071	-0.8251441446473126	-0.5673473060691961	0.062436714304120074	0.2777055423781317	-0.7499853279853776	1.026104506687071	-0.5657097178404009	0.4374665654080175	0.3443258021361015	0.8509236669895784	-0.0094051503134224	0.6697367606857011	-0.1596098582883454	-0.019650912414690618	-1.0783768776410358	0.4619236899748579	-0.18344622894231458	-0.5426335212404789	-0.7508802075503576	-0.3350000646379834	-0.7430261229314513	0.7089199464999858	-0.3768889548936091	0.3319558131136462	0.22443446938774045	0.12299046752174567	-0.3010260223693878	0.34851719757024646	-0.8127783688444267	-1.0206771286730056	-0.34372915233987344	1.8507054501085998	0.4284076742585405	-0.47150004318724575	-1.8175428646619771
DTXSID2034700	-2.1760570998014175	-1.7045719528743435	-2.426138723262542	3.46406155909942	1.273244626966306	-0.7622316889011982	-2.0588385821775836	-0.8714157840178249	0.4646923426545555	-2.2570362061839018	1.3912434733131032	-2.041168636263874	2.1096417637920855	3.697620628028327	0.8963412685544072	-0.8067877376364033	-1.0492126384675227	-1.5371054856309472	4.527930104860117	0.8059705539400454	0.10690346530441953	1.042610344007389	0.4549315211157487	0.1556769252658092	-0.15440619207969433	-0.6250914273050773	1.5643972594156064	0.3602789173411134	1.1584623503474871	-1.1411286054004248	1.8049622517500066	-0.537870518924194	-1.2687986586680322	-0.8468774210240908	0.20207653027687786	1.6478762083220817	-0.3288235852856281	0.35213039631105114	-0.27530963753482823	-0.7135206208397934	0.9208839927547383	0.8316512519718444	-0.3166721728495905	1.0353810877196148	0.9738305130316804	-0.13964160896478983	0.8051736867190289	-1.6889646784068468	0.3504028293510587	-0.34131611090229974	-1.2217318825072603	0.6258394515609869	-0.2509303399081124	0.1028238872273184	-0.5734528202677314	1.7028837014578746	0.6625908046645272	-0.787293524203019	-1.7096298262457328	0.09600822863678907	0.6713755295174954	-0.26431356508493137	-0.7094518371729359	-0.4719548137320329	0.30975454075252634	-0.2912676224822539	-0.5517049298143352	-0.22876650724373496	-0.08295588087084022	-0.05839695270152281	-0.0006136985893124858	-0.5790693809584953	-0.5489696130564378	-0.8535035982511656	-0.14022372426610005	-0.42879966847679946	2.506173783233323	-1.7976111131088368	-0.2754851395283581	0.6700386610395379	-0.6377599087342022	-1.2269905015423328	0.1722181072890818	-1.099620447177036	0.03754461058166572	0.021444711385729856	-1.2250250685304196	-0.47956842890366363	-1.236714335693654	0.6651552322966968	0.7820923743478939	0.0024726557185735312	-0.10857581691981003	0.14663433993857639	-0.27798131551944166	0.45463577317585735	-0.024412657353862877	-0.7393566232676859	0.8750966284242566	0.5947698252615856
DTXSID9048514	4.860202346665267	-4.675619165868498	-0.8636266529071032	0.07818606559660352	0.22371076367758286	1.47349985371851	-2.450980802316166	-0.7982802991941531	0.7398443149538635	-1.4285867152256828	2.0204814351154705	-0.8760061364207609	-1.1375967172410768	-4.212255677205913	-0.8256923310014491	-3.3929952210545484	-0.9769063850656915	2.2400848451127797	1.972885135563296	-0.9921753853938576	1.9686527624384598	6.8265108592993435	3.524560479103444	-0.2024818921729733	3.516041343021785	-1.7089001512713615	2.112217621504813	-1.1988541877037835	-0.9355198937048232	-1.6195208020472258	3.76017222390681	3.142893432843812	-2.2998961354100844	-0.7849391585094339	1.1413321902094067	1.6427318973991907	0.4285187067940049	-1.7976964363487802	1.1241171586581582	0.4272840700546372	0.33837180834132435	0.6410279572775688	-0.20883675268296598	1.5527176352647358	-0.0019174908977790802	-1.806384129548774	0.5675986544111205	-1.1166303759811116	-2.0771893694243833	-0.039965211565678956	0.5639611619330379	0.0998892449531762	-0.9360447002935681	1.2167282316456114	0.1512685299543329	0.07058562051926875	1.164207683936206	0.3166011977677665	-3.5122927389379113	-1.5119639471872581	2.339608277303364	2.2814506800395686	-0.19605121708235623	0.8480470855485739	1.571628703556252	0.8347051180467483	-0.015436213815199168	-1.6380112558758693	1.7237101917225168	-0.4550011343535133	-1.8868450233443685	-2.9866520869840416	-5.543382401265303	4.4623601842277125	-3.7021567634003936	-3.090487322473629	3.7702779287497936	1.1674465162865129	1.0329252530743505	0.17732819166308067	0.12697916078830895	-0.8304722318682295	-0.6239053370271914	2.4566863852518583	-3.5995340848321424	-3.8292003242517745	-2.374451354108241	-4.033421719207316	0.13063654433079072	-0.9141312583047762	1.1097073923763752	-1.0729815590910918	-0.15966812261060065	-1.4918077117656972	-0.1273311558303203	0.04540744286523445	-0.7911472442253531	-2.40054780336858	0.6332314136316883	-0.4381458518386956
DTXSID1025148	-7.245532224167831	1.6021369132930807	1.955774346875676	1.6663057614946597	-0.062055798863424355	-0.3468649764451149	0.5277194043857799	-0.6044582891009593	-0.5072384222606258	0.01916552106828347	0.6901729756901638	0.5276384058734744	-0.4738774676968377	-0.5167015930537031	0.061055015539142554	-0.7233925814431272	-1.0831022245478508	0.29806837292028565	-0.003985618966318797	-0.29477575369898606	-0.592337976919675	0.02493398514435895	-0.26296002489312975	0.6152217042268829	-0.8839055950230652	0.2530378057044656	0.2823926706125204	-0.5020464923913446	0.5616492456522152	-1.4760295353829043	0.5908026991318545	0.08260498318227096	-0.06444367408836618	0.5176877077109969	-0.22639436349401254	0.367384803810782	-0.7355533121642367	0.3437321321396899	-0.9791175518683194	0.04943787328815701	-0.09390881085909594	0.3042065529759586	-0.08019560826054	0.09080777208785709	0.7942768832793192	0.8888438864232264	-0.36809085239577594	-0.1543636282325666	0.2091444407203038	-0.1409535646427142	0.30520881087009594	0.7963769392090839	-0.2961779695940683	-0.07088951964922172	-0.5354983148607356	0.031280740122986546	0.34836622721966043	0.5923983718707954	-0.046152616775084386	0.11165346949277297	0.8662006261436322	-0.5454832804100013	-0.40458912020015214	-0.071595866200892	0.17827413624097643	-0.24139733758951462	-0.058343734699532156	0.31637143196818934	0.1271065036463252	0.2528140866282381	0.042163809057200255	0.33684789664939824	-0.015161178380390666	-0.7237539442654158	0.05320750883824366	0.28572278156408654	0.34732243286352027	0.04715299841923081	-0.0018570298407292794	-0.16907824005088246	0.11604025783517509	0.08649656679225388	-0.2571537065918652	0.2847602653192623	-0.11199823610546472	-0.3484105466482453	0.047117183315482744	0.07921379555017705	-0.04959167340184148	-0.021647330965779366	0.01108207187556573	-0.24386808538104746	-0.030684269305788867	-0.03288192618391016	0.1627754448622649	0.2260679316890086	0.3667437207542446	-0.008425782357953491	-0.1819819784033748	0.012421736264942123
DTXSID90977813	10.266972432985847	-6.534600243562323	0.1989795671655333	0.2576399765421571	0.2994205071076012	0.04742467269652487	-1.5631090357404875	-1.6474717967878587	0.331008652852093	-5.677227084222908	-1.9058668916323984	-0.7083326675633038	-1.4612694771135675	1.8333036319092484	0.8934887697295171	-2.689206548995058	-0.5731121181603014	-1.2743685909285198	2.204022520852114	1.0794060645339183	0.4216335468465215	-1.1452353472137842	-0.5313004697563044	-0.9750474876854855	0.06982639965108242	1.3475018903858735	0.08970324180900352	0.23449935027255855	0.1456122667878471	-0.6350543936863269	0.7371023560440307	-1.1241263314233905	0.48451728044721704	0.30796061990983375	-0.5377292711533715	1.4768442653503704	1.141680553040333	0.008968709472895013	-0.8376019388951942	0.17396505877566631	-0.321878375312644	1.0396268180894357	-0.04086747457394714	-0.18561708690207995	-0.2988995914153349	0.7613521341131985	0.8208437701669739	-1.3821036641696705	-0.2927253001995347	-0.7079630415033787	-1.4069558562550468	0.32947016388830425	0.37353305516622004	-1.5389834692813287	-0.8113877265510326	1.1155289509636084	-0.463600980075589	0.08186515505266176	-0.2793927300385523	0.5792517538866735	-0.09733983085168656	0.31465655985815916	-0.7272423935166156	0.383437881877118	-1.2001365318099724	-0.019054976431547174	-0.46814795355337874	0.23479277078790223	0.19086608490355014	0.7617498623046229	-0.3999861968703733	-0.5403658459902095	0.04944896002672438	-1.0711356668892906	-0.3804307660771249	0.7678665329946998	0.08760037740796278	-0.15383785558593785	0.47367009906225216	-0.516332244629876	-0.18763307013376435	0.6294904610875792	0.052744850852684884	-0.06847473085137865	-0.07007038291236356	-1.2765379156752672	1.188109125720429	-0.7767839094785047	-0.15769393690423344	0.9871232330376983	0.7917986658251237	0.031482283819845525	-0.24377623773041684	-0.6308330609077348	-0.5554474777659094	0.502605280198719	0.760853847806012	0.5294693748134945	0.5609498050657534	0.45486112629988384
DTXSID6020937	-4.250039700340503	-1.7413917342805096	-17.655793165264242	1.2364292987179313	31.94437647745717	-0.1491370191231472	-7.920857268917012	5.073839723730121	-5.395075658577128	-4.134496247311384	1.9675527236651327	-0.6751872912439578	6.474121305801137	-9.08687166687724	19.436382442211276	13.777542949105033	2.0129466578792337	3.1782181275568653	0.5551573093954157	9.867632756546065	-1.5200018695223998	13.939954226773454	-11.713537260246014	5.772736710185737	6.417142299279126	-9.772704357009827	4.033998813977704	0.6317226409085086	2.60903643542824	11.163510444181314	14.371077520836586	-11.270978029223583	-0.45594267016482765	4.472244661255042	-6.13676223699932	4.888129172082298	4.759364261987416	7.619544918186784	-9.494152693295506	-4.013571644598523	8.391892661249646	5.092477592204596	-9.167594590057123	5.249008338795686	-1.9189834749637291	0.6724253604430164	2.2732653936347638	1.0995495039092809	-7.270991327761205	10.00208996395603	-8.004534682307392	-1.1736094730331827	9.333545897327305	1.4220869338096906	-7.936843899333773	-11.526850414786312	11.880044437409795	1.081776580283842	9.142459017140347	-2.2666570464042555	12.444128833073062	3.0068979401441114	0.5052402476529738	2.816565849885784	1.2181856520571375	4.259408327936447	1.7841319636137438	1.6241170713396136	7.015510708524841	-2.972510901840841	1.82202703334068	3.270723731814293	1.1336030229140526	-0.871697005661712	3.158109863126454	1.355165947454824	-8.49103349344762	12.228076442935764	1.4396042983564286	-6.7447403914515345	1.0842027913085635	9.355425149711085	5.612400607005411	12.918361419913147	-4.138284368723965	13.361585682355383	8.039740402868864	-3.741605602276113	-1.425376435754504	-5.070696231415357	-1.5182424658575224	1.0606933964929097	-0.4802972735157126	4.329368738743491	7.600767827703194	2.600046892787107	5.324099130628073	-10.08863153521921	2.4069906718954486	14.516269660689636
DTXSID1048590	15.596392889006621	-5.159179077520631	-8.88814310742925	2.7888472446695447	-1.862710821376908	2.738562092890046	3.1145739999756152	2.1379962019069607	0.9848865630265053	-1.241386325912801	2.0237390995762814	-1.4386256590885638	0.4817987321588658	2.7144062150440984	-1.6611386849852399	0.03427873694582939	-2.1943478657440423	-0.18655246822965837	-3.089106558494186	-0.9670703860962917	-1.276069786985993	-0.744698247001704	-2.258181144027164	-1.8946784797882859	5.008703851591623	0.022206118470865347	-4.321533242587005	-1.9617329041211284	3.306496107977836	-2.5760339718795726	0.8647941120000413	-1.4168489747412603	0.19502250645070718	1.332378459690482	-3.5584605566236833	-0.8293108654297009	0.5419346491683111	-4.257957870362966	2.5989711101881325	-0.5059154242682949	-2.2966181611875522	0.6880390406690572	2.886143109829305	0.6910300593231055	-2.9647201703206103	-0.41984104334640565	1.7215023862605723	2.20378568100169	0.32157108049860944	2.203666631487809	-1.3759753904021066	-0.006557859252769919	0.7957613673975266	-0.032572727193672484	1.548949725133718	1.072007149544873	-1.6663201584316782	-0.5061088917911406	-0.36528590360203533	1.0045318193718449	-0.6886217923601919	0.8586571923943234	-2.747896302914665	-1.3286657060787217	-2.0538927753943366	-1.4603707265738803	-0.8632353362456289	-1.0240399068983974	0.8796425700396212	-1.6013154772393747	1.6805350866346018	1.3247414118430896	-0.36138399397803345	-0.476834212934893	-1.4450231295439016	-0.2884462575084215	-0.04041929129818867	2.512848459783366	1.0181342716345856	-0.6541916838693126	-0.036455372616667196	0.7532679083976904	-1.0495957733231087	-0.0010995601200177328	-1.0535143200557389	0.8307300939791437	0.3254933761981268	0.3162189367714305	-0.8222666953102539	0.02165874620568029	0.5597140198119716	-0.44366403243275027	-0.7404696846121309	0.7826427259714668	-0.7567810560027545	-0.3256167778448122	0.2365027926066195	1.192819918209882	-0.321331048611012	-1.4555675248522484
DTXSID5047665	-5.500323142675581	1.7893164952384084	-1.6929164360810494	-1.7287902371466963	-1.6428595487443507	-1.0415888087946772	1.441389633124009	0.6644097372963934	0.3991161519532556	-1.840580960101296	0.12993997662961898	0.008501506869010677	-1.0294303297085923	-1.7305775112080557	-0.13646358656694987	-3.5914566742488674	-1.92337696364733	2.706030029296734	1.0531178219158481	-2.801091594866023	1.2731171529687446	4.49554158605338	1.1198121506389025	-0.5230970661672169	2.050886132822228	1.0524552044063236	0.8837812173385484	-0.6855574953441177	-1.033051926659305	-0.30908228561868445	2.3341131442811376	1.5934322759609096	-2.176769036255243	-0.534014452830796	-0.2205356261753364	0.7518522272535846	2.8566108456451533	-0.3438360053150665	1.8797217798028127	-0.2748738173301662	-0.13068737702959918	1.4647089548567218	0.6651447906230337	-0.02826751144555394	0.4916242038509957	-1.4546740358473402	1.1473122602097114	0.7319308249887562	0.7203662048937737	-0.17796612183566077	-1.1935772309941888	-1.099684037042831	2.184070137265442	-0.21479211201806211	-1.341926982569118	-0.6632585256338462	1.2894912054746372	-0.2577166138429415	-0.2360482476450242	2.1497843854968104	-1.3995989470679935	-2.3596582379139623	-0.26341172149692627	-0.5098922918679697	0.3948582378401852	1.411198880118762	-1.469419060532128	0.772783106413653	-3.345943341630397	-3.3208269254283675	-0.3832619337816638	2.2280424778737484	4.071299643141873	-1.9575162574424954	1.9536275847590148	1.3579837313426684	-2.3674931046930863	-2.1318875546087352	-1.6153832010535414	-0.9848989420770318	0.031818401504240014	-0.9693097286643758	0.2902951431588287	-1.6076836770113607	1.467787085952812	2.3931948511324155	0.717839913859958	1.2702326985419246	0.5782654849081745	0.21501741569315644	0.36742550011412684	0.44700059911459156	0.7357565612467196	0.6275013194695612	-0.7279445705959653	-0.014544109039074216	-0.36987489683333	1.5973192741660118	0.5869278300886854	0.06051864218043863
DTXSID7045441	0.6655983928348504	-0.6323372486718651	2.1897832288203367	-2.641733526345135	0.9072456622587197	0.9542258678950958	2.0811135185604024	-0.04038618525288289	0.0911137676065552	0.8258165732065906	-1.3981060684301805	0.13060141100949657	3.117091008808676	0.47787024769947745	0.6435787456418859	-1.22671256099691	-0.20313149888672957	-1.5020982895654627	-0.14813836572424735	-0.28082365689493305	-0.5722049534718444	-0.464499895784739	0.13990402400491805	0.3553429887595256	-0.0644917212847773	-0.07711015117897284	0.9118380390552188	-2.7765854498763916	-0.6152691061735814	0.697839774156474	0.6169970697005274	0.3484813315081409	-0.5055560446192886	0.4382266615329395	-0.0655102087900007	-2.293639619301702	0.7393000018584854	-0.06259399441955714	1.0810132522551026	-0.007766349316543961	0.6642274264271922	-0.35184125698920177	-0.5212821638129383	0.419713876418257	1.2154962495896506	0.36835419185652296	0.2324095223862541	0.717347676835187	-1.2621279026323589	-0.6988923508866184	0.49779029368970995	-1.2674350487760977	-0.05683104975411645	2.2629722067614177	-0.7594662660980853	0.9630656133148208	-1.194243444836896	0.20581012713099028	0.6914133405087847	-1.1015992834443347	-0.7264328370416585	1.5878074866441385	-0.8712299435825296	-0.5816797145245628	1.0352025259951476	0.14170674118737886	-0.3312245925725327	-0.6664470054892622	-1.037085878939487	-0.7442203145261662	1.307877655687191	-0.07118488492407761	-0.4104673396857873	0.8958439919691944	-1.8024921475210929	0.7788258211792126	0.5350038815041576	-0.43132070348970253	0.3913544053496344	-0.2535283213463126	0.0333322278108851	0.6268641185467736	0.6574815184180098	-0.9457575542463922	0.47174438381064865	0.7905790247407525	0.4296079611338808	1.1959972982617872	0.829957829802656	-0.1593163068024089	0.17511102699441064	-1.1502225965800386	0.4285044992802803	0.3050653439346166	0.20725003114735724	-0.6620311472219959	-0.2417738062174959	0.08382059060447702	-0.8667048257806385	-0.264535764369499
DTXSID1037567	3.333078347005404	-1.565661828868271	-3.210112002860223	0.7666967035345278	-0.07986415249885817	2.0801007712781567	0.32349111798205793	-0.5195149379126344	2.8367425826075023	-1.306767412543033	1.5362928924809742	0.7422051433127923	-1.1032376762120975	-0.5800317070331205	-0.5715526454488351	-1.3239494021655804	-1.2962002263938022	0.6305614282233382	-0.9731840396972601	-1.5276673056006793	-0.310779972931625	-0.6648459216605026	0.3092427408870018	-0.5370699990705564	-0.741609163182563	0.1915555728643553	0.19913635833915103	-0.5878358055083069	-0.45083134005040587	-0.06790565895662708	1.0806221212679648	-0.2689833208245716	-0.48587922777613934	-0.938850993181604	-0.6678973316195579	0.5778452110001406	0.17065191480460873	1.957421834807632	-1.4057620898062893	0.49745066367471286	0.04783810911500091	-0.5879564593881884	-0.4359784257904307	1.136127032669251	0.26923690334445405	0.5746353554333696	-0.02449362991303237	-0.885980030169199	1.6213778394591576	-0.04948995875163837	-0.4908097858658133	-0.556822337887078	0.49051244988840276	0.7322513218485031	0.8013199469045269	-0.28418258947476893	0.2746226184378288	0.7620415955592544	1.586645678800738	-0.5453289611145531	-0.41222741934596707	0.2173895605812827	1.0077180829584915	0.6604460855545947	-0.2784373223685212	-0.8870479769453967	0.7101070839473347	1.8703252349415502	-0.468551265289234	1.1407294561399237	-0.19213420798447284	-0.40227033926907235	-0.6555450578459643	0.5539359141104265	-0.5805018376433628	0.10074229116242242	0.8933435937233131	0.5635904892763985	0.7939227128816363	0.8391314420805888	0.40528290608225487	-0.2775457169057477	-1.036925875339916	-0.9023388605407379	0.04575321896990675	-0.2006090321496826	-0.2978967507667597	0.13413304692368352	-0.39030961020298843	0.4853648100846836	-0.988811542643443	0.34214552320256025	-0.25293922678700803	0.8089243400856324	0.8896651441527017	-0.10630370050305388	-1.4672559897605157	1.1329511760429058	-0.6237391669386325	0.5083622503790938
DTXSID1045796	-0.12424741551252529	2.1226756220121894	0.4893191087219061	-1.1324005104569244	-0.031532033520798794	0.5493815876216265	4.099372867231711	0.6271229597006697	-2.364655615342645	0.5983384789894899	-0.29135252200909384	-2.2319925923570483	-1.5301828204540262	-0.15368233280593016	0.15955028376513128	2.3706329456653554	-1.3186691640469859	-3.4158734384473393	0.6212177636421585	-0.7110127317822649	-3.620234625763684	1.1728913658304587	-0.1870250680599878	2.75557688992309	-0.4945073827696883	0.7867921842900951	-0.917201441706982	1.166412030074036	-2.2891143499753595	-0.6548243318843003	1.0470680354409911	2.5679741568441634	0.8521242602183235	-0.999241024878624	-2.4359303982323666	0.6453356286063909	0.9880644663411977	-0.43315613104128403	0.21149915368360395	-0.18841064523753995	-0.4278475852971556	-0.7944494873592302	-0.38711811873217833	1.0743577939752387	1.2555092545649298	0.6466990459921247	2.0143158250489446	-1.570004700831286	-0.44613465078891223	-0.4550414136820312	-1.0153041643189318	0.17295595372520398	0.7963341593169171	0.039489867268265255	-0.06843163558919065	0.17624527913036497	-1.0889829512759834	-0.3491703285058512	-0.582329680288195	1.1394349960104018	-0.3424032516938943	2.195387111352723	1.0329921577092653	0.6730930094625065	0.42400606614381975	0.2927464322757646	-1.1072336857392313	-0.4774625405709977	-0.5065736779092984	0.6901729797160989	-0.7187176642062001	1.0236285393630955	0.13118795134979966	1.0105944695476006	0.4255629755948945	0.3843514343947744	-0.5553712569496987	-0.26638227674603226	0.653131436280353	-0.2349698750078716	-0.08598022915759787	0.0531943850667909	1.210974400228226	-0.26995265624202636	-2.213946990342595	0.9641615225176482	-0.4647073514163713	0.6294093037873933	-0.9696862326513042	0.37519044787919154	-0.5306648010788636	-0.9166876527121375	-0.10583080072449076	-0.14544600804954286	-0.18337747392982323	-0.6812612995000517	-0.46068854828262534	-0.39912569691192723	-0.5604013072560547	-0.29509404964697855
DTXSID3027950	9.760605257407331	-3.8462532653455845	-6.760453550412682	0.8965589501847647	7.41328741613315	2.086520125426723	0.13282662693808103	-3.5849503169786154	4.155666279311669	0.07485996575996857	5.542850884815298	2.621186214990883	0.7390319794443985	2.4201602497282213	-0.9814657744937589	0.18377380669132493	0.6406939924950328	0.12738735627824224	-2.9337867590691746	2.77061604393062	-1.83908943412975	1.4134955666283593	0.5691588871446853	-0.9280808882217962	2.9515648588456673	-0.8506029276410763	0.23845426764030084	-1.0005872105155942	-0.39448334782294686	-2.0534319475385345	0.28688706074929154	1.9951945565648164	0.39382219120259365	2.9224039288205645	-0.13081130360810805	-2.2267002768395616	0.3878259922950538	-0.3683339815486794	0.8676951880215275	-1.0375470908138997	0.9932520655605002	-1.2943627640304036	0.13095284380712113	-1.0665026270645053	2.157959231815977	-0.8138587912289881	-1.893626250832237	0.5882099519871722	0.32864483136700146	2.1484443719531234	0.4068886211717593	0.930565979932783	-1.594993353058661	-1.6889662069300728	-0.04819776845543087	-0.4708604702628587	-1.3365303366427834	-0.2986541607522117	-0.301978742747954	1.124683980519799	0.3531278908755398	-0.8662119669626889	0.6654358341310131	-2.8317989161225645	0.21475998864067386	-1.191382558921349	1.8100782685026051	-0.6298443980160945	-0.27889108384677297	-0.47985342263417874	-0.5004190099518959	0.1867323841551593	0.8663546410805939	0.9237509033593794	0.9601283999684024	0.3178290343037985	-0.3532678331763181	-0.3448551430491821	0.58244454663428	-1.557349172758566	-1.6078509844418913	0.9697186177187953	-1.0178089998787854	-0.2555006885433679	-0.8406449543777729	-1.2955947835514334	-0.5980289441024265	-0.17690725905701218	-0.14173436774803666	0.5098255687448516	-1.4797753417495163	0.08342227783464816	-0.742082512233279	0.3777741254180077	0.026140531107578847	-0.3675394004255671	-0.9252798102275313	-0.48766161423191645	1.239467498500086	2.41176463426172
DTXSID9042209	-0.17349840855652945	4.849136882083041	-1.678024653235906	-4.172555398597357	9.47605022768737	1.1948349254422626	1.3874698953910378	-1.4894920046355713	-0.042691439828075474	-1.2052647011958422	-3.5744573906323236	2.2156306588771946	-2.060884486616446	-1.5187482312441167	-0.08503645251469615	2.0434397261402126	2.258672859967689	0.8448021910652422	-0.19340705974302866	-0.26761102023270444	1.1108116565576562	-0.5668368913260156	-0.40157895936511084	-0.6989802757744236	0.6960544552751374	-0.2979292421221315	-1.5742814435390569	1.145417055168022	-0.5510990861120717	0.0021572853606465197	-0.10713429850488262	-1.138173839479618	0.5594501944488817	-0.5699868764727295	0.4814803811901543	0.9109773098022197	-0.829507129841043	-0.927725545223705	-0.09475668846791215	0.4386757410318582	0.2613967407470057	0.009283790223462977	-0.7947688203227218	0.910534902218051	-0.4175335621818207	-0.7871120821766386	0.9031391772780465	0.24260803939162726	-0.42713684192973755	-0.3069866261593561	0.7328577356391895	0.5936810129381263	0.3254534401936792	0.5664076653358715	0.5937021537851006	0.26319087381549267	-0.5909373690276893	0.31607453407640285	0.057586615875071315	0.2265756572499481	-0.22694022780599593	0.9981577456017922	0.15050694768625572	-0.38575167088937745	0.5676997697996484	-0.9336812160683128	-0.22640850868695675	0.9631646651719994	-1.0776121198591846	-0.9142378854768631	-0.1360324207083285	0.37309994299562915	-0.3089098749810726	-0.32262731720363796	0.4479241458551228	-0.2923916522610188	0.2850793225493578	0.6455307099342293	-0.5534838062355261	-0.013920116728360575	-0.06850407673971819	0.4575805357754123	-0.136873284709797	-0.029048266914932206	-0.5256754645449072	-0.04630244048226693	0.02701832691753368	-0.4783618880206253	0.06602194293658603	-0.09028117228248486	-0.6297647254158899	-0.481785607528724	-0.2835615133623516	-0.06843329475347659	-0.31542058750411933	-0.4087172250588564	0.23005691314155605	0.07003356710677129	0.12503874031704332	-0.2600516604653363
DTXSID7044681	10.577694185986319	-5.338802757397439	-3.6919395912165593	-0.20631109016824797	4.3607229406497305	-1.565479760499615	-2.9135515769208666	3.9999823513437787	0.4353705723024708	-1.3242826484854127	-1.3725392911935526	-2.367017927750775	-0.26732421732659817	-2.3221162953959094	-3.0936152881362844	3.7168999276154486	-4.266629707189888	2.8000635221356838	3.58827100780242	-1.4619203661028914	1.029823333718155	-1.0130819505227207	-2.8083182001355524	-0.1625675255972895	2.306300033322182	1.511982570103367	1.7012768252464958	-1.7565479973590286	-1.0710992994661515	-0.9019216677418834	-1.1261676158675094	0.07758563298027372	3.1117647220773206	0.09471951564325409	-1.311359153318809	-2.4222120229420936	0.25318202271026147	1.4875675284587697	0.18541491293242499	-0.19100791443721457	-0.6487278761113893	-3.735823352102722	-1.7891323622649489	0.4287810140020767	-1.0855550977716193	0.45994397665014886	-2.036400986665812	2.083032834516768	1.2652942179458386	2.233939843356753	1.44465980072574	-0.6932286072468424	-1.701506791704076	-2.1121644945454165	-2.341362102466685	0.13408692274529124	1.9369940177083527	-0.8878798225122859	-0.19711782860738414	-0.005440393348776429	-0.8398580973045249	0.4614294877515005	0.2843099652431887	0.9530068724808237	1.1426254787196701	-0.711834005502373	0.8410417051633868	0.3882444947084027	1.7745559478769055	2.332826765001215	0.21044038533012205	0.45419380001625986	1.8730023147135217	-1.1038870701090622	1.6799663675555512	-3.220038407988051	-2.163907130302153	0.10395712498468797	1.7222176104557165	-0.12552206784191297	0.05988037574178518	0.12207447986299919	-2.8880637335776984	0.6748482846247662	-1.824154164102415	-0.6741520540228445	-0.8785778222314039	0.7123526020256341	-0.02830929429006701	-0.3638493908494735	-0.9185340217317316	-0.4087629814972004	0.2870414870461155	0.7716060935535537	-1.3613105573397932	-0.598627379972372	0.069090117963713	0.31042379994446767	-2.7199584656023466	-0.025040065709235025
DTXSID0042117	3.204796882268646	-1.046459179469478	-7.764466391103376	-0.398445408894226	0.9838398304608984	1.928797645166462	0.6481145834843542	-1.482308140036485	-0.31333955033615835	-0.3776092778508438	1.8391177254474818	-1.16191095963561	-0.9592121270880897	0.13176411844681352	-2.3502831947570066	-1.5326311878519936	0.09141244734842047	-1.315570771265554	-2.1934334933746125	-0.6417078104869023	0.2794206968137744	-1.415705276714253	0.29018151265837205	-0.031522807545467435	-0.5999167197392458	-3.039414287087863	0.011964672125153581	0.2629998111886738	0.08663564560791749	0.18501023683676218	0.2219399519474237	-0.7167453845804092	-0.1379809407122678	0.023311962281092193	0.6402431727783533	-0.4421470686819216	-0.4727211995038015	0.40230163724225204	-0.6294011299066485	-0.33415340408299765	0.5379304231962199	0.11776011948523366	0.3739421610725189	-0.09204613377597277	0.24151194802707077	-0.2846263204155073	-1.7388533323940563	0.2738522174805577	1.0595175792598455	0.27371893633844613	1.0518155183884499	-1.123637249104987	-0.20951118535466562	-0.326364163224968	-0.6269949422419573	-0.3305847059442081	-0.378237722808909	-0.11905182766859583	1.2632562894514552	0.04029598108890824	1.63109237068058	0.06311341495845303	0.3924640197879757	0.12165282249113894	-1.3043128187472317	0.8632771986740284	-0.5241388300059885	0.3026306880782614	0.5007077232097602	-0.6859349021519072	-0.4543064600135209	0.026506481255604755	0.1512180551976133	0.9014474379944197	1.866802893029975	-0.687481387033951	-0.7606257672866775	-1.378923210470894	-0.49922946314150535	-0.23736512317524142	-0.0816020111239057	0.48104096407911634	-0.27344380392814627	-0.41876191890953623	-0.5322307340644471	-0.7149324400115098	-0.3991102327550615	-1.1067097743918357	0.21057057294624576	-0.5637791012871805	-0.9368021800546628	-0.42028054347194804	-0.19578147782042407	-0.6806928595963587	0.020205382486959012	-0.0027458115032247352	-0.24767032247722587	0.097518220702262	0.6270706164050048	0.4663132734416914
DTXSID3021065	-7.10305154662975	1.4213566806131226	0.49851356555443765	0.3062693785128427	-1.6012362633150772	0.2589345046881034	0.519385123814532	-0.7746846158018605	0.9458795612934069	-0.44774860656577814	0.04045306913751428	0.5675573718073625	1.4743294577435089	0.11690775932296942	0.2839374982017385	-0.7168744560499596	-0.8300700348110525	0.09164307128469754	0.4964514792620804	0.10167448383845129	-0.05340488895274375	0.4372359108867664	-0.26963963366158317	0.4467188862781548	-0.2874078564053718	0.14714612967843768	-0.3202752632170772	-0.015548892818478313	0.4902435701005792	-0.4800916020880998	0.7446081886422214	0.055938562269293855	0.05101520016217343	0.19934733900199983	-0.5331862996706029	0.14567213253283068	0.10249857268963114	0.5869928608550308	-0.4273156492652407	-0.09612537068452903	-0.1514554207187965	0.07816629333403868	-0.34212213617517495	0.04683638638769207	0.31458814537181007	0.33638290861283854	-0.013252776949389774	0.02197438271263417	0.04692309252667386	-0.2361226298447227	0.11005456626001889	0.21843446172096997	-0.03299889068264772	0.08792432681990967	-0.5583231503876481	0.012842161114572755	-0.0949041038438294	0.13087015595178297	0.04697691939350627	0.24206979975872278	0.597828696641022	-0.34029188247249753	-0.03586640877911446	0.052801183427650195	-0.12783764150069882	-0.45566533613805155	-0.43016659374423644	-0.008513657802214492	0.1693758867394518	-0.007853147243458983	0.08777594846679021	0.49794141184779045	-0.010074428667053619	0.014491171675180816	-0.08257869346552256	0.5362989464289074	0.5863927721693621	0.24183545194397552	-0.39936518403941457	-0.1163201558177854	-0.3024318516513749	-0.28001871690063646	0.17941968155351135	0.2213695798206495	-0.37718282104299833	-0.3272073616975418	0.37989132064076375	0.18904139077140217	-0.2676793753880884	0.14487412970689703	0.14698235517520938	-0.4934274180511453	-0.2701282116373821	-0.08828132998640169	-0.16415650848495514	0.1901610443228316	0.21767208320426992	0.05799617355280697	0.007108030445789672	-0.4440538843840743
DTXSID3048942	9.79790522493171	10.555760212633642	1.2287379103006841	-0.8185055467156839	-1.6570396040531339	0.920539552244262	-2.3414834046074	-0.3300114917624528	0.8910471371163392	0.6990091822580662	1.2225324783732179	-0.5071390043991922	0.04043138700263468	0.9803265971118824	0.7550065309469384	-0.29634831526261085	0.23391428145278903	0.5168782723041496	-0.6184989401101327	1.2826444387180593	0.6949140395464884	-0.6626383909953008	-0.7408509062110269	-0.4553880370563484	0.7084414074145186	-1.064877154292864	0.876551453577457	1.2046128147250046	0.2352358678082381	-1.3933719154528978	-0.9315937839619631	0.5454012791921065	-0.2597524533508703	0.9897817736399779	0.27069502843008203	-1.1624562938083542	0.6607529365408686	-0.7016991294997234	0.19164809525273171	2.0720668609682065	0.33780960693304807	0.3463796910930033	-0.391620315315051	0.23264806847533775	0.30715753184847566	-1.417876107031186	-1.1922847698272274	-0.3633990448883623	-1.256193404895652	1.0838854848267556	-0.7367386944532951	0.7762440438537325	-0.0876885034655506	-0.14872740453431849	0.10959301812263234	0.6536002005150836	0.5513696093070684	-1.1984276966013734	-0.6183111124592939	0.5466776390750729	-0.1920479036518858	0.12331965638044047	-1.0723998269396564	-0.6821403348886533	-0.6115064056556819	-1.150077894728781	-0.5490264974852823	0.7578006617032241	-0.17794240993841642	-0.27509832877452683	-0.4190900127777245	-0.024047451140641437	0.3496463655709749	0.10738358381696528	0.30782938039588764	0.3286735397509691	0.6020130895767623	0.545483836307953	0.6145936078150303	-0.7380115240012093	0.5512537181293052	0.6548250478656057	-0.49137338047508317	-0.049366509131930615	0.0035643640738326826	0.13926972169472468	0.2585128617513145	0.1000188237222649	0.23351064903096075	0.22023643279432212	0.012223952621433793	0.0977247107757313	-0.33756582365280907	-0.25590800552388276	-0.2261872809525774	-0.5089421695018247	0.4640964012485498	0.10613105097797254	0.09103313192384123	-0.21287478489391956
DTXSID0045383	2.15252334369634	-2.2124735817165475	-2.508839237079825	1.1975713154852308	1.356177192225689	3.398794563469268	1.1169139513975783	3.61875791318566	0.62720947839324	0.06455772336230801	0.914612482053163	0.07095091613734994	0.5363648717970024	1.4467032047280615	0.6586858191899824	-1.0899493771879694	1.2035271167590869	-0.6518255721932207	0.3153597467188687	-2.7438917283537054	0.22259831860612705	-1.0555755711155381	0.3398641814168102	0.8745487117442888	-0.47016187148044714	0.06404096473815109	1.6844465542966247	-1.2739924914190839	-0.6773358860649018	1.5691099268610116	-0.22027963764762398	-0.16016787856736056	1.3239013188090634	0.4362280235344142	0.8191694216530113	-2.130494647027934	0.11869422734005589	-0.9822298857497631	0.6336354879850656	-0.18988306610513242	0.9447558680082132	-0.9178987467879024	0.2346568365939564	0.4133110709666093	1.2878655710499773	0.06439645835105524	-0.140260673244033	-0.3371173520212431	-0.5729458378258269	-1.3638897093869276	0.5490944114021987	-1.9244780639602435	0.3658797231954166	1.6764870970519103	-0.673205057906813	0.08822069476637541	-0.5727347054186015	0.4082564335791773	0.2805542812315419	-1.125169901574352	-1.5395945837483715	0.5375206874347371	-1.3033985601703884	-0.39945291728342947	0.8069772217511083	-0.7483707641605506	-1.7311456859220986	1.3217878740198115	-1.4227676389457875	0.8533472138057075	-0.7518837294686808	0.14541107667026043	-0.8419778900162634	0.25041511013892603	-1.0417024802977186	-0.1642638830303247	-0.9440675049133842	-0.1978838542478908	1.2489557275683218	0.2360349095074583	-0.1054305209826302	0.5310717890629779	-1.1029022972358427	0.2815180228929308	0.014137916500026665	-0.23740906254785019	0.24790190477187138	0.22729736880907567	-0.4310220706535408	0.4413019804199088	0.972390257641485	-0.03472892470599436	0.33397568131955335	0.22398404087397103	-0.6166489378956957	-0.9899784092578412	-0.5897647875377234	-0.7691919659735678	-0.3382693749125122	0.5052730354235768
DTXSID8023719	10.91568414331263	-1.5079200077260868	0.9197957733503047	0.48883703766285996	-2.0613314897299997	3.4258469205204776	3.8996144468465688	-0.2212826956149627	-0.7900687076486442	-1.0202951563363345	3.281474093930008	-2.8487526542407675	-3.5858097374836957	-0.7915392127119295	1.0087828441401734	0.9065103481930266	-2.211301235425989	-1.036837819867721	-1.0273596905558664	-1.3407532869798682	-2.183831893217074	-1.37978404628308	-2.3114864708315297	-0.6365285462170706	0.5134023533614168	-1.3589150801121115	-0.6629481490252431	-2.212174656665712	0.7651115605428077	0.34331631837910576	0.09833373578330584	-2.379234947212007	-1.1258781844484225	-1.8330471378242605	0.608683704315073	-0.2563953664884141	0.9138303386679295	-0.48099732298189246	0.28844513118844645	-0.10279828610528924	-0.10712633960998459	0.1768826869534575	1.5503828021763106	-0.6317130069954221	-0.6130616895295838	-1.489042651086767	-1.349374880057066	-0.5221175727071414	1.4140824786287804	-0.845089175730431	-0.42261640488993707	-0.8601916058730015	-0.41271029963855393	0.5731643338650202	-0.9987305302780004	0.6802461798251618	2.03223343418668	0.7060459471384292	-0.4621302146522849	1.612612734185525	0.7996937903240647	-0.17988060739183917	-1.275145590562672	-0.5977855832310804	1.265737346889173	1.1848539474662072	0.8043387755542145	-0.9514339972042846	0.47685903696366155	-2.225375198720083	1.4950729905676314	-0.606723480552524	-0.13248429779045592	-0.644595230588679	0.09482736821381431	-0.4312716631717458	-0.42870168811297654	-0.035054097717730354	-0.5188347780142009	-0.23712510953396887	1.9951969197094652	-0.6080786156334829	-1.1118511651477327	-1.070789350755324	0.8168497987621964	-0.008910898196238233	0.5043542867179748	-0.11409582147431865	-0.259975488991676	-1.0826681504853481	0.45878655790805006	-0.3456588435254104	0.8260091634554043	0.18496796884475197	-0.8088439010417793	-0.24227747362114588	2.0572144544495825	0.13013358581820889	-0.39089081678512766	-0.6543494022538663
DTXSID2046591	5.76342830241006	-2.8119319640154004	2.171969029126748	-4.183012341665989	0.9196843753471475	0.36410719012930765	0.6455295263741279	2.6562826074125323	0.4647312076406591	0.2132974769434966	-0.6233905664097076	-1.2050211436646685	2.7026585897779887	-2.631904921522874	0.9653256547132123	-0.8828325774669776	-2.4417791103586075	-0.44347625407846125	0.3160175196007917	-0.40928582738601155	0.3150164957808002	-0.7426856811169626	-1.1490484727914554	-1.2286878920534046	1.3901431990876958	0.9167696094804781	0.7001747659489961	-0.37659391625863786	0.7016650856107428	1.025165608476146	0.8136966396664084	-1.293853347786005	-2.2635820623934415	-2.5546168619571232	-1.5349439248046102	0.3376882662419337	0.95007020888379	-0.925178187159753	0.8622120016773775	-1.2882399410099858	0.31147392646544736	1.1001431618760698	0.9401013643022967	1.9020833215012818	0.5311806167755415	-0.6569794975045009	1.4863787214106674	-0.9631563692090664	1.5675104760408394	0.8874897713766841	-0.10638661672294975	0.3409519029023008	0.7417676151637443	0.5585464364765395	2.8925687607974937	0.9004372698516726	0.9893906072053135	-1.3248389638058105	0.9589885093947021	3.756064834938662	-0.4280187854074772	-0.7370546682969675	1.1058549461315776	-1.7496431698887218	0.887193878373289	-1.364342594612033	-0.7800132613591604	-0.21398165129032135	-1.1400156345422832	-0.8379877604922983	2.146647807511656	-1.1267061988763878	-0.4364427081198504	1.0029211170893542	-1.2435869984159484	-1.753717511933044	0.8031603079563765	-0.7665724297305663	1.3151159917452675	0.6317242532476515	-1.1759032715690516	-0.5598335096863323	0.17554949151873733	-1.1766603222579715	2.3658500513720586	-0.37001953960567036	-0.6457158120654066	-0.37887707043590185	0.8948766221096811	-0.6585464644047564	0.16400496875709603	0.47541605415414273	-0.18539268855772578	0.4789376687398816	-0.8473163352486981	0.6510724077057795	-1.0734550423831146	-0.11220498350287009	-0.6515905638363857	0.21870478664899004
DTXSID3023508	4.221796774930388	0.11154901015425095	3.211162357113727	-3.931129647968617	4.321127578975269	2.776455850821861	2.804570034214877	0.07596647660013515	-0.73307983419601	1.0074992717525344	-2.786063625081425	0.328896983774169	2.5883068450021214	-1.1273658342851856	1.109725080945012	1.7295654509538794	0.17113111031800085	-4.01634897076307	-0.37746112520456765	-0.8967665227480216	-1.9047404932757646	0.586697282152906	2.891921225696197	2.1854705092083013	-1.0424612583447481	-0.44004920191374824	4.084591513422022	-3.4977748024824824	2.1542430204445893	1.6977583413029327	-0.7248751450297362	2.180019414582109	-1.7845120993374257	-1.2206911050339526	-2.568911615976631	-0.714427681434307	2.195340138038448	-1.1392807995467633	2.4645666666827473	0.060367631511927845	-0.5322426959815705	-0.2793883604065368	0.27680542922324924	1.946151628934326	2.7996744024347926	0.5862102371730852	1.508300399409427	-0.09507123651459166	0.1894829748228122	-2.061835202245913	-0.15025507122629558	0.5254717843884513	1.0233705588202189	3.6320889684034876	-0.038350317811983906	2.8069062550135713	0.9326132126019868	-0.8643972129668929	-1.7697994559635863	0.3414622539686343	-1.0375823312335264	-0.6680835118275735	0.7320521642299974	-0.4854037764002426	-1.9877557183458525	2.3098875439541997	0.8558019932021887	-0.03392078789596408	2.1169831352551514	2.631744561604608	-0.9733514809161719	3.308985785790804	0.26624449542273404	0.9047198004982594	-2.5651008447220325	-1.0560171466270436	-0.13643145452825675	-1.5531434981316514	2.159199595747841	0.13953348376840966	0.14785135666204413	0.8314094835897139	-0.6991388794713737	-1.0378482147512509	-0.6934559107713243	1.6872982631447782	0.08206288344490735	0.5945517944434641	1.1009681344073967	0.47861919892331184	1.255869217287199	-0.7168159795070502	0.14478779970079422	0.3872038550606395	-0.14889335454270503	1.1522210820061198	-1.1677441309761436	-0.4536779862451518	-0.5861820622869712	0.4173037492364571
DTXSID8045779	-8.74938425612829	1.914971730600734	-4.489740678472999	1.1269041893084342	1.6507842842108487	-0.4816765294596575	-1.006637669280988	1.7933471403573202	-1.4194761629921666	0.24334815372661897	-0.8391244962514981	1.817158615834949	0.49315241971621043	0.5097817204698442	1.4975447141074347	0.5369088143906693	-0.6912571528423962	-0.5258879566626306	0.907930948340061	0.511666391810065	-0.11352048764599158	0.6621429590585564	-1.8702032259616324	0.07234072265037242	0.6689989768619197	-0.1182000051256931	-0.05644790136594452	0.7869338797857961	-1.4941904812585551	-0.4693114583735106	3.122152936645487	-0.3381102216611738	1.4176217427568847	-0.8090725113298022	0.10913594745677456	0.44397148930717417	3.9613072790960633	4.77027518986492	4.219790849032667	4.350058132723038	7.610617429833158	-2.227914215552117	12.033362806627137	2.2504321433646455	-2.0921670091172335	5.2042144736421525	-0.09939211775823831	-0.6381919608658762	-2.7456406166418423	2.5526677210276305	0.3113883705709361	1.1394241328552162	-0.3098371438138285	-0.4118744086144237	-1.1301370373223392	-0.06250693399126453	0.016952934951766904	0.04129298753741537	1.0551030967134258	-1.0828776650691796	0.46917622292195144	-0.676896477668959	-0.9644788445156298	-0.10364974725445414	-0.12118859783440765	0.578690177597273	0.6918408611694663	-0.5969707093649791	0.10831282736156159	0.5318860526314367	-0.5939130080270568	-0.053623286711164814	-0.040942922329262645	1.023945533118856	-0.04510845229241819	0.4692211771360348	-0.7795136277388108	0.4451442510391024	0.07781428219743175	0.017907752868079097	-0.5639382683502829	-0.23664583390680188	0.13390787888703334	-0.5025495892449803	-0.09721578117467214	-0.6392810446468928	0.12559960737619824	0.6371942447137112	-0.17509266904738444	0.005657908297625336	0.19184805502272848	-0.0028735380317220158	0.215138394603713	-0.02835858508952995	-0.19166689565543865	-0.32950397224038985	-0.4736857622559265	0.2536218956311211	-0.4169696807004519	0.6395748156256917
DTXSID7024245	1.3370690659352746	-0.5714811028731319	-2.152573691533101	3.287289389522024	-0.9198007576009268	1.4890926924636565	-0.04177748182563807	0.665273524903285	8.799059528764813	1.6640400961342225	-5.008708885335339	-4.08482767717203	-3.153135601308849	-1.2494156487685821	2.492729498954236	0.6592108535075791	0.93023876162424	2.505180907246854	-2.312019340400397	1.4061876866393708	-0.3327884716437676	-0.8934663045724873	-0.48115907517447726	0.7923840126202459	-2.101619086286641	2.570858176377365	0.3881199005985218	1.3689810637670536	0.573785734100871	-0.764125521472095	-0.19579537625881854	-0.1740892416182999	-0.8714397291392244	1.0171482807096057	0.31921315527812705	0.7005821081951367	-0.1284442613804929	-0.02121109758744704	-0.3524429902902989	-0.8608814505636585	-0.13361853475104263	-0.1558585281799495	-0.14446926738660873	-0.606486943142578	0.5592228535731302	1.2050001173309883	1.3163991606990304	0.17096603345619374	-0.10834168956530568	0.22518466810071153	0.2560797975813153	1.0651159230494818	-0.8496698751600287	-0.1260933915071704	-1.1108848314070887	-0.1485405723006348	0.13485171619195735	-0.6913302185592668	1.2311844441453375	-0.8193744587401457	-0.1494747881382805	-1.2371415601081945	-0.9442760321773267	-0.026259370688524408	0.6120194828581048	0.5283150775296078	-0.18151334203647132	-0.14201921770811712	0.528692030884476	-0.6779134166155651	0.2069760533970222	0.5467172922231083	-0.6538576484345932	0.11996387751356696	-0.37679842166290795	0.7033136159854235	0.4649762940826349	-0.6002717513947381	0.3238666768503225	0.8172599069382709	0.7074647044903845	-0.20287241422819496	0.39725396820624936	0.23771245856193066	-0.5021508005197756	-0.058403415939210314	-0.9272142086451631	0.5234779590000497	-0.3187412077677196	-0.0010997959472703613	0.06097366937513372	-0.41594180321984203	0.351537905991769	-1.0096970438608541	0.37992065327156616	-0.6245066283420547	0.9240033093142227	-1.5606371012854436	0.0074060041273769795	-1.9320543333095335
DTXSID8026698	0.06634057350222389	1.2075140045075565	-4.911519807427411	-2.3995869716504696	1.6487854958646222	1.9955922352947946	6.33100719481776	2.9087103534157297	-0.9117755192801046	3.5150541245841933	1.6870426327833368	0.20282827773267303	-0.11896194877874992	1.1367904043126031	-2.1278498248043447	0.943350448481497	-1.329283084424853	-7.515119265861526	0.02154157271077959	0.0696584237783249	-4.716176934123133	0.24998117769991923	5.963128750011947	-1.7528865211183946	-1.0460763086682086	6.374085181959886	3.8117403997815966	-2.4647479345791816	-2.9577266019808848	2.124195444991252	5.956745314683905	-0.7656592636494407	-2.292775642481907	5.6744913492484015	8.37226245373592	1.445657093773618	-2.5432713765960036	2.956376379773736	-2.152164952208796	5.261019530533984	-5.238198692930558	-3.142207586072929	-0.6580337206406051	-4.165340086806972	-8.939687667638232	-0.33373551839168875	-0.546491939011932	3.53805207440333	-1.8840894470441565	9.02835908589241	3.1348313951563886	2.0904821545015992	2.957956020084771	4.861662344965419	-1.4366142492781975	0.2607657183017669	-0.1962558076557786	0.010015796692332926	-2.9976318925428864	5.5052558199515085	1.7759002770647623	-2.6072173397306444	0.08081327867816253	-3.148314337418935	0.7562829703160336	-1.3470268705927948	-1.2788309218169085	-1.085868028999478	2.475688678546316	1.0877338214260155	2.453588245399126	-0.9905211037452949	0.12528298891995887	-1.6122837090061786	2.061322039949647	1.01378422203197	-0.38758273179119357	-2.378533803257302	0.9073155022937374	0.5548835123329506	-0.14454655375553774	2.797974206389424	0.6171690127005494	0.6936598167490122	1.0700677914444916	-1.1480678288560213	0.1957826957375935	1.164287224072011	-0.8606097052048851	1.0694138716593116	0.20670106837429097	-0.5149158810445179	-0.23359518957825218	-1.8573358597048513	0.6759711286246188	0.39081710249589824	-1.2918988336245667	-1.012535369606245	-0.6405936524854559	0.5909331834677852
DTXSID4034150	6.459409496527082	0.18819998603368174	0.8695290223438029	-2.1229219250767817	-0.8430060895562379	2.15433097354709	1.9778902748774858	-0.15052343356254927	-1.5592449412993519	0.8636980497395297	-1.2631494813323052	-2.2163127201301758	0.7309896158371108	0.3380668208011391	-1.6748821303031298	2.7715219567791993	-0.8718827755454676	-2.1133461106093994	-0.9387013382840299	-1.104457672869182	-3.999760838695262	1.7510855379351233	0.21542832027152856	2.484610609000277	0.1851891082680252	1.2586011569978788	-0.4312134476537199	2.6902791474828276	-2.2101789521332926	-0.22816147386617783	0.20151372181517296	2.5480688290560476	1.710168962696902	0.7726033783124191	-1.8758476229278644	0.8455225636165196	0.19773069923663777	0.3113645912683351	-0.7219744739934646	1.4994747599439657	0.08314972467096234	-0.17538646337561453	-0.6980141912738045	-0.1126254712059229	1.3698393230767272	1.6274034318988442	1.2603957702438855	-1.6626208185273776	-0.8296089071817017	-2.297558352160317	-1.8268097149932863	1.1592617115301471	1.5530500712811197	0.3190134671701337	-0.14653097212278	-0.32649429292266985	0.6531151697377391	0.13215187588936417	-1.3474819210783104	1.1588073169452968	0.1574040105409689	1.6902366874805932	1.5972969367070209	0.5600292831666756	1.2339228758105578	0.39941426859882173	-0.7893523378735378	-0.8329343027545698	-0.43916443201835137	0.9086465998877358	-0.8248475643175396	0.8949555438360188	0.5772076821922542	1.0777267085889988	0.9723127423315011	0.4968317247857752	-0.8092696248438315	-0.5846858189082578	0.9917532908170569	0.09082596499278167	-0.19679636847920093	-0.3388297632270041	1.1059821496805764	-0.7334487492570606	-0.7402542702105024	-0.1687176660377181	-0.7209163471952016	-0.024195693627061917	-0.10689637673095428	-0.6115827564429406	-0.48997703559617106	-0.22208525349780364	0.4068685635455926	0.5748048616417284	-0.2501574033406844	-0.14402165925322877	0.8486412564097364	-0.8952229901978048	-0.728597640017969	0.5229065313143725
DTXSID3045776	-7.623607489239259	1.199973381721819	-2.8069043663816005	-0.3069993989958924	-3.4838693809850043	-3.473407459372599	1.578537224798717	2.263393112239177	-0.41382864763740246	-2.949219898590997	-1.7156156314225233	1.3305183034939025	0.9300180678599724	-0.13023680937631787	3.744637793953328	-1.0363616025138205	-0.04782354352414429	4.557573060465401	3.254926085725781	0.07454841863133771	-6.353511033606488	-6.318969060993611	5.768304113747468	4.314240796770282	5.33917911021453	-0.7170074303826374	-0.7124972276797514	-0.01262110241723556	0.4930553254286396	-0.15606874944311522	1.4058769873861383	0.45543008886024866	0.13878339514837112	-0.12479904464942965	-0.8025363012837247	-1.0091618912112057	-0.27712903596845945	0.8754440506290624	0.16279870720759818	-0.01335162087464317	0.36072288321871093	0.7356515631094247	-0.3762649400621459	0.5211448966083768	-0.11285605559202007	-0.2536965355441466	0.026222659290647543	1.242723623621512	0.20437234433142198	0.18012943279759003	0.33851897850815094	0.8400635061969264	-0.9553970434762882	-0.16649922383910845	-0.2543911655362756	-0.44838002163191243	0.009059556857707433	-0.04136168188273877	0.3790848547511383	0.3138046587779421	1.0004427042502657	-0.03612298620436788	0.2611058899718649	-0.2429118264504019	-0.40977384777383546	-0.63348042200318	-0.1501347878263691	-0.3236182306349165	-0.0729465037378648	0.03593754595600325	-0.060697863249801635	0.7493115132237083	-0.5160957957286411	0.34020458387414376	0.3194722754583179	0.8636557399308179	0.7481780692451733	0.2852340761003345	-0.8806282628496268	-0.6556944306138716	0.29292486370742427	-0.16735980748919674	-0.2846297929665663	-0.17951057613661733	0.21959250539884076	-0.009654256506339031	0.611144477988536	-0.056110618329769546	0.4924544325131634	0.3429794495042214	0.025911743099517	-0.09287084517921682	0.08877663167255224	-0.6582023040488495	0.19523376140735488	-0.38560950794409843	-0.6270711118857855	0.012036104307824981	0.19582160024014236	0.0052357548015368
DTXSID2025004	-7.019167712414876	-0.6447901556216378	0.13682695740036843	0.7672861228480333	-0.9177878638836431	-2.0961176484364854	-0.7424644806243725	-1.6654169152478175	-2.308986548310894	2.187279981619326	0.43241350452489463	-0.39777947130160624	0.034521983823176484	0.7106612756247417	-0.5141700076217621	0.8655856732718218	0.45106832651357653	0.8081398211170459	0.530554206627416	-0.16803355872740997	0.40901090494662595	0.07196156170113553	0.30479562550780087	0.009453804360008691	-0.7819381713295962	0.7049151832659677	0.15523916994754108	-0.4217640278193554	-0.18353781878742909	-0.23089932918442835	0.13998343705794364	0.8636521828281234	-0.6524650983354986	-0.3208264589056174	-0.2584867335512253	0.14896949596054268	-0.3241443598182104	0.4852409122785112	0.2185448636827872	-0.2256181922632886	0.38002555749129496	0.6972151793762065	0.07059492796224322	-0.10436882444410611	0.4007881010241972	-0.008216651723702154	0.3591464440190537	1.0663743689125786	0.40987230926158896	0.06831990000268001	-0.49183445422234495	0.15604744655640782	0.4916935305959381	0.45371136706136267	0.7311889565163742	-0.09525648939962633	0.478873058826674	-0.264614107302515	0.4922939827991124	0.2840528732983955	-0.18745184805822934	-0.05834029621156225	0.21187812577126472	-0.4075390384059954	-0.07093970758238097	-0.5906824131837076	0.1071302887473976	0.20975540756963681	-0.1636514945934377	-0.0985324784415429	0.06904645907363663	-0.5634858112232245	-0.4667018597975434	0.44264087835030347	-0.04186156114285435	0.5192907074921088	0.39782854162988707	-0.4373404130693458	0.22531191129662184	0.435958939154683	0.12443992129189102	0.544690388181232	-0.14335675976163328	-0.0030480405850732673	-0.0024377601002438494	-0.05205169056405125	0.10118327808861897	-0.30948786130470385	0.24824635431844136	0.006603466425006759	-0.20102730547368253	-0.1002612173835285	0.17818798845670714	0.06009853734526533	0.28385603092036893	0.09047307587983781	0.043027072821685004	-0.09352978432612999	0.07741652980507746	0.22245926386464407
DTXSID1029203	-5.855804160245332	2.079995655723679	-3.924495459296708	-1.496172778778957	1.7902114114369598	-0.3750764467239758	-0.07686481807427031	0.42189980152025836	-1.2872492601263859	0.8096959998224955	-0.5420846236829421	0.8400322837782602	0.1287112285699563	0.7362886581796451	0.283539271802776	-0.6094601601313638	0.04253523780156975	-1.0753664304486836	-0.3262358010889792	-0.3243512727390163	-0.47211278312953275	-1.0324612537454674	-1.6885491244192108	0.8694366742318538	0.7459657611255618	0.9147297090193958	-0.14265007833019347	-1.3435803961963741	-0.2373988021807444	-0.7548487247571511	2.222792934245621	0.9498654790825214	-0.6980461179499067	1.1814839155023817	-0.1532637417195838	-0.2190529032358041	0.9385429806126807	0.38061457315254044	-0.29033555707979725	-0.5690670743371656	-0.2333494956175504	0.06329746603867743	-0.08615537727209935	-0.32481612092227874	0.5611311705446973	0.14904249269713254	0.6419083912410134	0.09519486128166584	-1.611792203085612	0.03370583799306575	0.6817120710730923	-0.7913740635218421	-0.5853542151741099	-0.28217632501239115	-0.8625353382532678	0.3450378762218905	-0.4743256670926719	-1.2611037383424768	1.0519043309258391	-0.35972431411521216	0.08754917077483916	0.3429590449042345	-0.3712783980265859	-0.45564577888544855	0.6713443147724929	-0.4622064849019743	-0.15321356676049305	0.41816649586060145	0.7510589983559997	-0.14266063707807558	-0.31891795868108136	-0.8296832530738893	0.3435025076825554	0.7514524560746045	0.790645758943224	0.6799591827014656	0.2151362170754791	0.1969013141744946	-0.26824939813682985	-0.13370794602253752	-0.1886296202224178	0.04667578640279363	0.12149269295758826	-0.7189313440931681	-0.9921657882840396	-0.2787571857480668	0.09519960076301218	0.099357999999069	-0.9079251171790139	0.1347725186393199	0.2672561961299247	0.3764239020765905	0.11717296129662898	0.2924758757282951	-0.7488172632420723	-0.85630322274488	-0.719884218210993	-0.030108341367460593	-0.09448121655718343	0.4644152161502878
DTXSID7020348	-5.883698744052309	-0.26418789413475946	1.2344008911530926	-0.09630181984444129	-1.949808311611527	-0.3955095626211711	1.0409561527792686	-0.5752424628618729	0.576902785826013	-0.4071623767766122	0.140118796266089	-0.11410452393124489	2.702721420129134	-0.9733113989334813	-0.404379635053278	-0.25412596802255677	-0.2697420468277881	0.04619014372089805	1.3922631662992766	0.6919632522836342	0.05594293136216927	0.5126122836093849	0.21282359202803716	-0.8504895530932135	1.0477866049722573	-0.07287435864656489	-0.14133980572085064	0.24315090639406864	-0.3840651656443432	-0.008090626443683782	-0.2892040238144929	-0.055953614960784465	-0.5961586103790506	-0.244372269897435	-0.6846073781178538	0.7623196912306855	0.6837886945008061	0.5681314013556822	-0.6598748613431873	-0.3486694538718848	0.36101171781798536	0.6262192163765975	-0.4171079653787815	0.12258415971640443	-0.0786055099452989	0.1318775126421768	-0.0661878243292726	0.4366663785790256	-0.19789234160031946	0.2710980930094746	-0.5520982291188266	0.10235371845447966	0.3347288718890605	-0.3564552961884802	0.04593533006684183	0.2983724143081028	-0.3679060965359791	-0.9525307667058891	-0.18820973124466497	0.929490512974552	0.1251714458324223	-1.1704486153259042	0.1365376355418967	-0.5846493085333588	0.11157659176328988	-0.4161981463137841	-0.49987196713802745	-0.07495509627831352	-0.24064947104696416	0.6667924301805083	0.49352759811291086	-0.0807164296763012	0.26182190783179016	0.46571141740504174	-0.6467126643161928	0.11556238756983102	0.2722007036374899	-0.3804863805329058	0.8513485670689969	0.7266040956695301	-0.639892099159317	0.5068396809122326	0.34685805025339483	0.206880747308271	0.09664673618513889	-0.42715125226528633	0.6034987944502426	-0.0035625915744765028	0.8678926718078742	-1.1213508228320748	-0.30202620173152744	-0.020862618572430894	-0.43962335800303115	-0.08598147509559131	-0.7527104797509038	0.22413562590471808	0.06894564394963049	-0.07003100693910858	0.17474669035876628	0.28863701289260774
DTXSID9049035	0.5849307361090409	-3.1575037869675993	0.7764936419281232	0.9515571065925249	-0.019975223884241333	0.9314256698150805	-1.8961018766367257	-0.6288434723630296	-0.18096865660385267	-2.7026411952023084	-1.2293324453391463	-1.607284264827058	0.3229793986629397	4.137596756129744	0.08171057460752909	-1.66711515927248	-0.7458750802012578	1.032976818781656	3.0808519525238625	0.28446969033493347	1.2759777369104792	-0.08285619579512107	0.5643654438422164	0.06278854916272114	-1.9377872341466735	1.237901937653078	-0.0917051465165691	0.850309282368064	0.29890592860051546	0.18317740829935877	0.33058724274983475	-0.7332608049245958	-1.3737050262976385	-0.5522236246478887	-1.2119048056310329	0.6177787765595236	-0.08408067765996945	1.377175723263197	-0.6749522937945674	0.6413851104616831	0.4441270083676662	-0.09181674214420274	-0.9284842940041838	0.34353614242666736	0.667008665110277	0.20783063897747256	0.5390048791583454	-1.1356809167215227	0.7105019736115469	0.3862212361245611	-2.069665988491905	-0.28924464528944016	0.26914896918983505	0.47663764232172884	-0.32577456425226703	0.7541334882881883	-0.30228198511282645	-0.3303538728485655	0.720198025095276	0.6240684036896388	-0.7961429164787001	-0.9132999356515277	1.7449261983709985	0.029655436822455347	0.6379947920032197	-0.08202675780868096	0.021565961790679964	-0.5282188547309531	0.09940323237240359	0.027373365147807038	0.9587430089935636	0.6384238604487636	-0.8016166222230348	0.7146607025062948	0.4508454130298802	0.08033749108579445	1.2537699878260922	0.04740245886189246	0.14335591966575018	0.4400787564769561	-0.016723274061487894	0.6402774372136494	1.0154813387540678	-0.30899913409351676	-0.8941437623689644	0.10842317456835335	-0.05935813037320272	0.1399368073123015	0.3461129823393836	0.6040164439518971	0.03850828155461291	-0.17871216599650444	0.5891779881948155	-0.5386064542303419	0.9140027942735413	0.04693115629662253	0.2247370664854416	-0.18716562518069216	-0.05656765362606751	0.6141945116888857
DTXSID7029871	2.598300381439269	-4.016159317296912	6.521569494043857	-6.748345291972828	0.08249987686983436	-0.09757355930795418	1.2817018902972586	0.02943383953802741	0.30284266479179667	-1.0000639628859445	-3.3486506076918783	-1.033115739650767	4.838239646024369	-1.3335235279892659	-0.9753709618029693	0.32794640037546774	0.4228204046380492	1.4595507632237046	-0.5273741187369503	1.761988863692918	-0.5012052665103184	1.553683640052624	-1.6169929403793222	-0.42020201106074495	0.905959068669802	0.511064090303966	-1.4139207302662729	-0.8555408686184669	0.044094923104415325	1.7716685227363345	-2.3589734702410228	3.00900811080643	-0.0030281340425963874	5.069571677399722	2.9736499952569675	-2.5738373304811777	-4.582389949842352	6.966015644729394	0.7172514605018768	-3.5430731216045848	-4.933884696504233	5.053886952860681	5.825813292441357	7.188511851773327	-1.0415551081001568	-5.137285743348483	-1.190088201197726	-2.3589935402659292	1.0929471654483365	-0.5207961135239757	-1.0998449815700806	0.6392588632319015	-0.345665453019585	-0.23089565909670154	-1.7127990327495413	-0.5907026081180796	-0.9092123681928644	-0.3365625040681465	0.6551252754342207	0.41295983791582885	-0.6799730770708062	0.4364595828340226	0.30413983638581066	-0.5425326229075281	0.43010013394545465	0.9120727038442269	-0.22832688400315002	0.6127459164341293	-0.06772404327320501	0.49920494258158443	-0.5516739049260833	-0.057179715332650774	-0.38232428151069736	-0.5481422356320073	0.041918670599541706	0.03868945417174952	-0.02443825481822047	-0.0018493830848105176	0.21729837063043878	0.08102730876560595	0.16259947238180272	0.13675904892401186	0.02671612055951775	-0.07551180890765934	-0.2954866478858728	0.07158567871615808	-0.11738527383271874	0.011330793451596767	-0.25154293447809795	0.014315867259201871	-0.07727635905263043	-0.027126381597769318	0.10214854296270652	-0.06771965130295701	0.03744756927448996	-0.04353390650548347	0.0947182414572615	-0.009065122695801736	-0.035742175969039065	-0.018491838826316907
DTXSID9032614	3.3374127375703786	-4.4963112930782785	-5.518389973397112	2.760258275143612	-2.4848979657930657	0.4566597374623985	-2.4347531554661255	-1.2505396588423892	8.699919435771543	2.4980261676594964	-7.285182934501464	-1.573722123799351	-4.064792716044779	-1.7212040408693798	3.195295793874661	-0.21516953176058856	1.6686812085226321	-1.0939327030379904	-2.550339533446197	2.051563067568392	-0.46977041635781475	-1.5177632745067322	-1.3901934495344797	0.7449495585146586	-1.1188730742126418	3.6683002746595395	0.33287116107388254	1.180975100316955	-0.7005750647477353	-0.24354135127288626	0.9846842068517229	0.10459920900715469	-0.9909805650872067	2.216133433149622	0.004635602888907273	0.9921909718821288	1.5092146229263308	0.6395199458333038	0.07658377521335913	-0.2641581657142238	-0.9097210831077084	1.4999737795352548	0.07351088572423856	-1.3492434183908018	0.4843386041557216	1.5661623714033812	1.150862094799167	0.5227845800934154	-0.47743173303442477	-0.39153040941142003	-0.02191746181321426	-0.11084577461166822	0.27478938389216967	-0.5161114089261363	-0.22902615929997322	0.7258772354257885	-0.5502399013879574	-0.0043940630666876295	1.328098339542074	-0.541633321791336	0.17205610548248165	-0.5249257963578771	0.10119725490068347	-0.2345201149315175	0.7998507468432453	0.8525998763995599	-0.5077447517006439	0.9727938066573054	-0.38236075335220954	-0.13392566829947677	-0.668100348501432	-0.5003338296021564	0.9614632723835945	0.18697294467399625	-1.046097038556373	0.12727286169630772	0.6881256198192519	0.7415858235757976	0.3138840481630031	0.5138939313544882	-0.035489211208438474	-0.5046176634571439	0.12127625750338421	0.09430265193155833	-0.22865807534630148	-0.12115985251626474	-0.9566897774673563	0.07151304198656465	-0.7970283302879334	0.2309767433793844	0.6442369226700325	-0.39682877710568476	0.20865782134375327	-0.6960596409903058	0.9374457853806654	-0.8658513784243652	0.16320068490033957	-1.398073209976908	0.34397387072488483	-1.3803223579865322
DTXSID6037649	22.122975165707004	-6.155866045084582	-13.503908863735113	5.905243373878786	6.965993855862719	6.955711717746613	2.097261924088221	1.6551891828327288	-0.43589060941085495	-6.79708921853733	-1.062843940281629	-3.47879112536437	-4.021612394262779	-1.9369671544705107	-1.6193973216088042	5.769092064314357	3.569811114418959	2.387167647109665	-5.4787948319348665	-3.9416634379866236	2.9900959255181085	-1.815465022741005	0.8599885964809485	1.1760168066143921	0.9667569934111315	-4.520842251115229	5.174488757338125	0.048655843873373635	9.745291414732177	3.800101700378044	-4.898849491281248	0.6537772359430576	2.0189314598498727	1.7632658911471888	-7.761873636603111	2.4194488651161095	4.662490316555143	5.926855344727638	-0.633648741490577	3.3186549034525927	-4.748666355133979	-0.5256552587841201	-0.6088373139322308	-5.970151393394366	-8.113722156811116	0.5103829841667059	-2.1758846516585164	-6.359667031658434	2.764308885306878	3.9652253179339696	-0.723992339004852	2.2517847502242123	-2.2201625885825536	-5.415782481980139	-0.8416724322637842	-5.031224102464174	-3.4575807198422996	6.122644126492137	2.3655589612040058	-5.899887673233053	0.5578440533880552	4.219733666495315	-7.478580694417905	-4.835053915784054	4.448391503804809	-1.9703008696096473	-5.76620145523478	0.8709267685541937	-2.62068928122745	2.620078423413853	-1.2091035295818806	-3.21080732876581	-0.8763137231567828	3.373526920315693	0.4111235532720836	0.6910107015762544	-3.1476720521380788	0.44234432495596016	-3.26263215162802	-0.8712850085177393	-0.7448156542721058	-1.9815717739818512	-3.9659788180626085	-0.9383662442910002	1.6442555174965592	-3.416431763421713	-2.7690028995516025	-0.7121699286565142	0.8481832384979446	-2.562830539939939	-0.06960956019685699	1.6909279075805534	0.4496694960124133	3.2189548015269787	0.4327463895046642	-1.8939890597629563	-0.4638829609406519	0.3790442249755121	1.1133768845320062	2.1070236025324633
DTXSID7031531	2.096059550933664	-2.8555696129059562	4.987658373884931	-3.7910135910006653	3.301674098866434	4.015571492601884	0.5686926903702337	1.6885298354697789	0.21921794263371275	0.5446849962357301	-2.629539913441728	0.16651265004531346	3.3366463651347957	-0.9315206636102639	0.7068086731486718	-1.130742315983336	1.1270492119798257	-1.8234365134850747	-1.4568608955505225	-0.16813860348096307	0.8312559218795303	-1.428243292248991	0.37134490582015617	0.38581719544835824	-0.0648268429879697	0.5660384502530228	1.316074797694217	1.3112436869080706	-0.3812377898854641	0.3384000939422246	-0.9426543412838666	0.08463789248675223	-1.2290209123692524	1.692128398075807	0.8636831673760463	-0.8100186311856987	-1.5083123117550925	-1.3048108595722663	1.2995065000430304	0.575765955325524	0.12709573985578326	0.5851094215064826	-0.14579624143859612	0.6571583559837767	1.3347076840906955	0.6838010306459219	0.25615710810924974	0.42321214776875093	-0.5353733055745824	1.0418517802177565	1.2183361043867016	1.1002528980208592	0.9530458981262805	0.08680714081748152	1.3508913522381378	0.7599688126998041	-1.333393453790162	0.5190886951309672	1.4921915505255055	-0.11293541155447492	-1.2220732683574165	0.436470885321827	0.76840478413825	0.6279514529605389	2.03718211344904	-0.32742100741815644	0.909346727393323	-1.4408806775549998	-0.05022205840206516	-1.041684721171076	0.31171975789354217	-0.4210872436485861	2.5718325975771528	1.7255591671925228	0.34364196879443615	-1.159118698271763	0.437909558597688	1.5482069338055784	-0.8640507024177704	0.3468741488644601	-1.0279466179906898	-1.121672361620498	1.601896847926996	0.1569704113267339	0.38889195965531087	-0.260974826622154	-0.5946137762906862	0.22339708984428422	0.7207351781807231	0.43611004266087905	0.5121328878889981	-0.01765419759226506	0.1429200753527909	0.9720431493638721	-0.047588176158330824	0.20652399074354447	-0.951785532660718	-0.3221776209226421	1.02909897807616	0.4980225755580948
DTXSID3020887	-5.790630555470049	0.8114724620329287	1.1663884759353917	-1.6424714762121781	-2.2343765038408727	-0.8887585658709688	2.128600739651024	0.6728247928748684	0.49179163735217635	-0.6117093083687372	-1.6632592004739641	-0.33345351018183744	2.640987937303455	-0.19114137772593137	-0.0008754072052201127	-0.9825779885442405	-0.5622974837964786	0.24458844511289204	0.6595365686214147	0.3018284963662755	0.2292990361355575	0.42855369312502994	-1.46161029088897	-1.3818855652249329	2.276592777367813	1.46420975231114	2.119967212898803	-0.3787854651285744	-0.1375135501937835	-0.8036194783365049	-0.3622957185683855	0.31218676994960376	0.4102997146548186	-1.3342910815463465	-0.6616925717292221	0.3310071350593057	-0.10052878389041216	1.058400044324784	-1.0260829901895752	0.41311731687740705	0.702954624931838	-0.6206051046225222	-2.328795267793579	2.592154471476205	-0.3141377075567822	1.4461066159510692	-1.389924894787901	2.1844072222893454	1.6701815345560989	0.7559992838495335	0.9627855544741428	0.18358717709976566	-1.4759919030612578	-1.9322156604235414	-1.6244954548128425	1.3301699208424083	0.641143758276956	0.6713263373473934	-0.6707493019991148	0.9441599402272762	-0.6300603745181628	0.5329972817152941	-0.042300689565240836	0.8261618608167092	0.055007836699862915	-0.2501063030673292	-0.5156513291610809	0.042166709630877756	0.26135692461725535	0.5075267498551165	0.1420758247874592	0.9673344485969784	-0.3479404336186156	-0.21077901971480245	-0.038613460637004125	-0.4940569010303112	-0.6728435606462764	0.1578663483901942	0.37557747887936604	-0.3607371167250637	-0.1872226561905019	-0.3353479190615814	0.07186092463028983	0.25483257916685825	-0.27176027052266766	0.35600390119678144	0.06596710874913689	0.26788217453804286	0.16889109514904813	-0.5009134195644377	0.010568684331397536	-0.09247590745458109	0.03943204766531959	0.15602392210801364	-0.1392090879615863	-0.09332505349587258	-0.13046860974865315	-0.5485080605950436	-0.262940458543721	0.11270572593926131
DTXSID6048383	-0.4872238104413337	2.994098819777061	-3.8787914619321104	2.449331821455393	3.433424944118394	-0.9555849943365775	0.6018235706281503	-0.9497108095313112	0.8742588601892527	-1.2820945422024221	-0.13055230340008508	1.904841704323001	0.7958885957312358	0.702216938281408	-0.6107648348178608	1.4858891832200096	1.7842842550762321	1.2295170575368022	-0.5487290058716707	-1.044835596719387	-1.1062961003393292	2.3956857784150163	-0.24554121515454405	0.820592802773607	0.7339211308746093	-0.20754334190005652	-2.008271838822849	-0.7168882916907467	-1.095200768699042	-0.2916324882009368	0.5110250163439408	-1.076010707142061	0.687959737569129	-0.4083441424034721	0.4393036025969705	-0.1275594460472014	0.20657626155002184	0.5038036072442984	0.071235165080453	-0.8910243479571929	0.6058220644838762	-1.4395547848419152	-0.6665244436052605	-0.23449149720540885	0.2520554333294719	-0.09106747848188836	-1.274188209642676	0.5492158096997511	1.1925576434865122	-0.02698125887327775	-0.8689624343017837	-0.4911792186940729	-0.30234478854899016	-0.2912143030310195	-1.1140393405197446	-0.4969377081900231	-1.3941814221930862	0.08669179125942703	0.5759446369746742	0.8147772836015005	-0.2708702918225293	-0.5844214570921581	0.6678345460702978	-1.1125558615767	1.157827103026395	0.37960432639721087	0.2721093140423663	-0.46997349243253606	1.497562410406024	0.44047561893797865	-0.04087505217985001	-1.6989394148164294	0.7552250690472438	-0.07013768391798661	-1.2759524565745592	0.8623128811717952	0.15551830611996026	-0.7342536488456664	-0.6182080095481898	-0.29787236841458065	0.02906927506818077	-0.9171941590893419	0.01141138834606419	0.05998488579273319	-0.3609025748795082	0.0958927353752727	-0.8890102716264693	0.2552165745244361	-0.39492344142097374	0.3281632295115934	1.0392167166192472	1.1205635209819973	0.7650106840277119	0.5029791093055865	-0.1469909213586498	0.2625709188599691	-0.20675356239945544	0.18722836146942715	0.17031645096589643	0.07112119864903356
DTXSID0044313	-7.217097225379985	4.4426304014907805	-2.2030511546567997	1.1872922739705478	0.8354265062724784	-0.4928164885609843	0.6972247771965372	0.10002294404032544	-0.21737680982361865	-0.5289113087273851	-0.4508068389445839	1.1439021451648854	0.7337493221752474	0.03995190717132003	-0.0177976365044824	-0.22399254983010028	-0.023641064542403546	0.07055010000496581	0.43382872815137097	-0.7802700407330134	-0.6274812743523358	0.878543061780305	-0.13040149844191348	0.6663766028459032	-0.6611046164518817	0.616100128305373	-0.293482630847281	-0.4372966336725989	-0.4460669517956851	0.1430227756985491	0.6633280219512467	-0.31377690238561573	0.19745018653028412	0.23484031891597745	0.5051134730803879	0.08813169326945011	0.03008129383601499	0.6883910056110306	-0.256583116538112	-0.7939709711054754	0.4525767625201098	-0.3667021578642495	-0.30722642108557296	-0.2873354879197905	0.6347068049604316	0.2790330325741897	-0.6461017854609641	0.5748246463348746	0.5176527827844782	-0.35717443376372915	-0.39858553789806833	-0.698127973698318	-0.12770449937916784	-0.6444484164825939	-0.6387901890291584	-0.7118432951465111	-0.25064312154857993	-0.5236176503377247	0.09486390498131747	0.21785341386639714	-0.09424877865287667	-0.4078953032900689	-0.24725921843544998	-0.1831336994235886	0.6888822523836944	0.2870190436477862	-0.14725085566227483	-0.0602773233008921	1.0918968382610839	0.4784006738740265	-0.5581927048025542	-0.9303354238702327	0.6720540478478857	0.44363988173367186	-0.16106492347570472	0.6675301287103447	0.14492426005886047	-0.357102841364096	-0.27559179049317706	-0.12555656142135144	-0.23278189658160967	-0.5560560827199682	0.5515606580733852	0.030752403733411073	-0.271654867984209	-0.22394467334868653	-0.2742619718195703	0.2023586812909133	-0.43811440154024456	0.0009601005498805766	0.7086301420899586	0.985709842051605	0.40587380076750557	0.023244334127402257	-0.5207929464781794	0.5252859536860148	0.04361560492764429	-0.10344829944871993	-0.2725916477934533	0.32155224587848563
DTXSID6049303	-0.5424521192340727	-2.431449981707048	1.6053341694161254	0.2900033376936072	-0.20253437939291366	2.6021380507181315	0.6773179201079049	0.6058475877111966	6.497139210600561	2.499756447071348	-4.91159747379197	-3.3248322733003755	0.372214685521921	-1.0167950493033184	1.8506313796111644	0.1848670849902273	1.545477837587742	0.1685456575349856	-1.9119815289763726	0.8449782051573382	0.08354870758397318	-0.34279807626755554	-0.40764620549744907	0.7183913376492053	0.035148254823837495	1.1812451396178374	-0.3208290031029082	1.412635210968156	-0.4971707635553486	-0.10096497553060471	-0.49588339125089453	0.26033613713876064	-1.1435623024154145	1.2110899089320426	0.4268057744652719	0.4077392455047977	0.10075982638208504	0.13276490508245128	-0.007257218916072156	-0.6309985382364708	0.30675791797152774	0.4622795637747194	-0.42806566203092483	-1.0186152285139962	0.3082654336904396	0.836785398449326	0.47327334775403507	0.28974417222923277	-0.8685672646868086	0.993456746053061	1.1241473842183671	0.10518213303658286	-0.36368370291736524	0.062298430175097355	0.12911373561237172	-0.07809425596798801	0.08259251922288355	0.050961542639441075	0.8023850967700654	-0.36402368898758813	0.44848509501187817	-1.2672014747964588	-0.279132801169325	0.42691280473707865	0.6969725298338008	0.677004366059302	-0.06984603068639195	-0.10768682031974182	0.419387355954999	-0.9310284153640815	-0.30896343951601873	-0.08716081217814377	0.5294746262053991	-0.43432948054781034	0.3345442748332994	-0.35081687059044414	0.8752619502104625	0.37705295446370224	0.3066312742687532	0.5122908822031756	0.44744714951957326	0.2265715049894979	0.56089000761966	-0.533697723178488	0.08769873387956625	-0.8798433672479521	-0.7517377066387524	-0.007438458178329109	0.0970520959762381	-0.5890534037464391	-0.36302967194787544	0.34343693571724554	-0.053865635348735175	-0.33146977686072226	-0.24847334561350642	0.2529796403220504	0.19917276523117014	0.15253097667603543	0.0094869741691241	0.4093060031867234
DTXSID0021888	-7.8816882920679365	4.300667678864771	-2.7744258868180323	1.8479002164838356	-0.6452241788655902	0.07229723119564045	0.6302990437133802	-1.4316389545150512	0.3500641667698738	-0.36415277068327995	0.42017963396821767	0.8355480591395001	2.1740466310313753	0.6086044882738868	-0.35798109235590125	-0.28303998038579836	-0.29096757136360046	0.7903349369859789	-0.057883599215756434	-0.509596838121731	-0.7980989349914507	0.2443690206992684	-0.898169122588186	0.16587737575129902	0.4221909574728469	0.07562104558026506	0.9238484365996769	0.4806876879061289	-0.05586549664440686	-0.1392432820672502	0.409585889385785	0.354426989431233	-0.15419507281906583	0.6014847514095301	0.22175399190096434	-0.21287763215665892	0.5772262532056888	0.25550406224479993	-0.6734698400675946	1.1039799041971339	0.42906706310194365	0.3412236853351059	-0.1663611997797345	-0.11774960259873377	0.32406648187601544	-0.3068744490677802	0.054777135170825324	-0.21660016417778724	-1.2662203244722214	-1.5049801194754493	-0.6270435678377642	0.28274892525234147	0.27913584367244176	-0.4578050345357043	-0.799330776006264	-0.27033408845413137	0.6737404672921066	-1.0196931710115762	-1.2779102422009316	0.45969629175148263	-0.1666456055601532	0.9569916396799898	0.8758940124708702	-0.052828355401554145	-0.1050185876700718	-0.5639312944665416	-1.005502478815791	0.49780029845890567	0.68365954227625	-0.10684682013959639	0.019165025916284297	-0.5502273204593349	0.5965504156303414	-0.4402963603179448	0.8444296710452203	0.18033443132748106	0.12366050163740765	-0.020146895054110894	0.17318150947049263	-0.12854042438019667	0.5688302469633406	0.2990775246101875	0.31761416360025513	-0.35083686572845135	0.46558037849460354	-0.9342249505401077	-0.04774002309487139	-0.046415360908044684	-0.1264567937357657	-0.1411492044349689	0.0892342035017199	0.3514987557826472	-0.13835697213931353	-0.11156253453711229	-0.08907098504652608	0.4774018715622605	0.3855190677203697	0.3677443176648668	-0.018167960908125516	-0.10403671590993085
DTXSID80310730	0.726708291804393	-6.824029882302961	-8.748562247579574	7.475491911050211	-3.42538410162188	3.454733864303758	-6.548797303871324	-6.534625722140014	-2.303565487326656	-4.930858553119619	-8.578816345599654	11.784995508195609	-1.511441627653972	-0.6771494003859917	0.9139759179425715	-1.4493261768255792	-2.3550353935311352	-3.844635506885971	-3.772177817508935	-0.36605215367419636	-3.5493406936684186	0.7481662525102448	-1.6268948319169576	0.25925681142832946	-2.134004620337428	0.32259006424506925	1.9145857347023323	-0.6520348793420001	-5.465463792798645	-1.3486930605637613	-0.9504995998813188	-3.039194242380726	1.0233773136863793	-0.21133464417171424	-0.7378808034261606	-4.070799211460397	3.867402166251514	2.4168714373979947	-4.004547535498363	0.13560624296519194	-2.4908699589408307	1.7611076020995815	-1.1587160459687824	2.3222428104804753	-3.6415652184778127	-1.4840079742872536	4.115470895766209	-0.23361496133275844	1.2001176240465634	0.05566971853766728	-0.004468852703350627	3.0300155804465447	1.35398503348167	-2.410905316513684	7.303635097311334	1.8899106945893853	2.1315874157874015	1.7956756435606938	-2.8953390244844996	-1.5537012090817404	0.752988398360786	-4.250181116113312	-4.911613515074246	2.6646604797005797	-0.6553181659538337	0.3355750867584003	1.6148086382673015	0.6174289045066541	-3.260312517980767	0.5814113091358337	-0.5031095215656035	0.5529345670712086	-4.041252522677481	0.22221155741327267	0.7357888532895331	0.42976348927128705	1.0731648214500225	1.7367368811514616	2.2866695089830666	0.1771191599032264	2.6206827592070963	1.925410643147311	1.0939123613603572	-0.28391367344442275	1.0555181543728895	-1.3101913245619994	-1.855193174061884	4.547567817715021	-1.3716667064373231	0.2742289455638726	-2.297166758975744	3.6903454514913467	2.343448509391867	1.1305447602854959	-4.844107501966058	0.1592236095488212	-2.8900968026308176	-2.672245451588455	3.2104342812264113	-1.9583385500845816
DTXSID1052587	-6.391992926641059	3.1258187561600823	-3.5318343407090707	1.331669092134236	-0.14437545874137825	0.43359803439418887	1.2592722251723216	-1.7373817461442724	1.6329340454313541	-0.077390699526307	1.9405885794589324	1.152492644375922	1.336268154136499	1.4248458209971038	0.6002540118227031	-0.6532763745362047	0.34621144250626973	0.08642598846225437	0.22229733971659127	0.6252964521332612	-0.7675821200873723	0.38592821353449436	0.2689791829645633	-0.4024826498551419	0.2455120698619228	-0.09591483451972874	0.16080551193909987	-0.6298414017395362	-0.6994561263107648	-1.3148849001032177	0.490517847092442	0.9685537039258627	-0.2795886151737333	-0.6128895112404574	0.00031022536509284514	-0.19157081666666817	0.4814959893592655	0.4203087731340517	0.12610297816346766	-0.11198015869693498	-0.1998274287087108	-1.0533303992802605	-0.16619590702350465	0.46396116307292307	0.34599298525450367	-1.063146438918419	-0.5013189529518626	0.015623345535567466	0.17962949926873611	0.3814090941945249	-0.2820564122855938	-0.30891514368552253	-0.2930616213736141	-0.1807741436890442	-0.24352338235617438	-0.6777799675761692	-0.028362179822709842	0.06471033677723521	0.007194060506421083	-0.42392879487666374	-0.7435204727610922	-0.48293416998206273	0.5457042925130076	1.0094855453773288	0.06656289744125407	-0.29744449781584004	-0.35952740312869214	0.23783570065047543	-0.08324761032725517	0.34018900787028233	-0.4023059931206701	-0.2493406324191547	0.35004874621317006	0.09107620786661651	-0.6680645653457619	0.051742147432287826	0.178468873729938	0.21014277952600338	-0.6296912184919937	-0.14825427594628923	0.5356644559020127	-0.18037995678646573	0.35493869519486376	-0.20879325663476456	0.3112132691697957	0.21290520007067315	0.4185017447388004	0.07560164044893712	-0.04671656207029243	0.11389223596889209	0.4207573845111867	0.26583768132633234	-0.32725317382049735	-0.0374649373121173	-0.367651743566964	0.21434200579355947	0.024124002693843224	-0.05180195461705341	-0.4076465092370963	-0.24149277158516677
DTXSID0051447	1.901629056153872	-5.0518522875848015	1.0856823246537717	-1.6373545166831875	-1.428773310767331	0.14673763013219793	1.400149676977986	3.5760126037429805	1.0772941634902076	-0.39361320991313103	2.516451559575737	0.5449640459735041	0.8353908967603267	-0.053200235294401536	-0.37900400665762546	-0.2473882594720554	3.6829429996729983	-1.1114976024439267	1.4429517110927832	-0.04154910343059157	0.882645020527999	-0.3742885731015403	0.9793532876678697	-1.4042153751879585	0.8750699663868202	1.9938680099567552	0.10379131438519716	0.6503943347883016	-0.6040241677130804	0.21388383898774224	-0.15744220802709796	0.444715267513248	0.6877302072030677	-0.11730100938552743	0.10558914046369891	0.7351664161491811	-1.0857673302921451	-0.596761223207542	-0.11873720828721186	-0.5222938597852633	0.3243155436278865	-0.3676160417899066	0.29831196498402446	-0.1358620849999809	-0.05229264264931019	-0.04670780529375922	-0.18429806592238196	-1.1382001171212675	-0.7206569332538433	-1.0334050332932323	0.189655606239078	-0.43531476699424	-0.7155448040375878	-0.03157299478105357	0.461082560706016	-1.120179859267147	1.6930316700558579	-0.7439491499551097	1.1670223030046565	-0.15413984745852094	-0.3841703032124904	-1.0680530051342385	0.26895548360347454	1.859422472580851	1.24398994061839	-0.3685486073123145	-0.02903688952736988	-0.17970035087518776	-0.23661518638150264	0.22144111797696098	0.5108966846449515	0.6182717976029625	1.1446072649706978	0.33146942003780006	-0.1312348086283254	-0.08307180851493172	0.16003947378619715	0.1702857546905164	0.3822106646371541	-0.21835549020160064	0.21445223569299515	0.7110922442168296	-0.11554735966393705	0.9491989677414979	-0.39007262869099985	-0.01884780044194143	-0.17186554624575087	-0.04935749295936707	0.5125998148111732	-0.3696248751386277	0.3710041715446058	-0.08354067879555849	-0.2233073928154115	-0.3562642487773864	0.26495173896003266	0.1788735222834491	0.3080921165689159	0.11012256796039112	0.08364230569680108	0.06380042603654655
DTXSID0048890	-0.9690879730890667	-0.3291552864694544	-1.3869726779964329	2.2143532313543424	1.4006856639798373	0.3188877878199053	1.3123790971772595	2.3438964424625572	1.3513115028950393	0.08160522108749868	4.259764724375217	1.4222673025463963	-0.3770677098224396	-0.03550269177546223	1.2257491910640528	1.4674899738322669	2.3583744009363516	-3.7398003797214296	1.5934462568282066	-0.7402983012327998	-0.2815965719593433	0.7207764250365071	2.49048099411602	-0.13840442982760728	0.8922772978793265	-0.21589393920605068	4.6871868485335115	-3.0680599406319424	1.6307032322866877	1.7460702567591226	-1.0941751461807665	0.6743958553481899	-1.8885713317132207	-1.4500303523929032	-2.111854676656172	1.3886342739752644	1.544526063533577	0.06892706483575528	2.177434151198734	-0.5720843137153306	-0.49578223849958075	1.8022209711314874	0.8284856703043162	1.5186727432928173	0.3603631267945242	-0.07097003221857437	0.13704530738079318	-0.46701639044992527	1.689621184717053	-2.276920537812407	-0.5632171340780456	0.6653339091217987	-1.2517432151994414	2.769741958188483	0.3233183915456986	1.5079858165206868	1.4798807404269425	-2.3135437930395217	-0.36730486021384473	0.8577121033709396	2.2948743986428886	-0.7534208838330351	0.7484811948955715	2.8964603239546043	-2.013422289719005	0.9082720221863193	2.487343642615749	-0.9441096668646342	3.487441190945938	0.8012166139700588	-1.2610561809886824	-0.30416287172434303	-0.06251743711564409	-1.150674516892696	-0.9205481497128107	-0.2207166199026667	0.24702175301288148	-1.606709371501575	0.4524605142285379	-0.3493143260715181	0.3029750174402174	-0.5791519942792114	-0.428400023596529	-1.6975463216092388	0.4648073145289573	0.8453607645657414	0.17277775023206704	0.9745934958183627	0.43986839640998154	-0.6216953284274677	0.9898751909246228	0.8492933539840364	0.05859187759144278	1.3928664318076263	-0.008627062681632398	0.43244728668140753	-0.21117962635686105	0.27774917719002956	-1.8414346583505683	-0.18235620937492367
DTXSID6021030	-3.865510041129345	-1.9739852771852398	3.1509898399675027	-1.3384875824683933	-0.6008196041781904	2.218122052657683	-0.42548451543134247	-0.13998414952048208	1.0401990933074379	-0.2782602336110591	-0.39409022139739014	1.3839731307336085	1.929311353975141	-0.8030408374914074	-0.4238267869863215	0.9578014434571571	-0.5049892052401527	0.6078657155089767	-0.6074223986782279	-0.2643626590423335	0.7571558267916023	-0.8331160366717507	-0.04751120162357018	-0.5156034057392456	-0.7249385393846378	0.47010030314503665	-1.473341724616118	0.42782040392469983	-0.3896135421239109	-0.6104225241437112	0.026126057130545725	0.7795956712817452	-2.302828618362916	-0.3060414848523451	-0.8093385826851811	0.16493858550756244	0.6286473484362907	2.383607857382357	-0.7170326535302998	-0.5104363423806199	0.5119130197605903	1.5449752147560742	-0.2441396824384322	-1.2445479595151223	0.15631190805321463	0.481944922512506	0.24043514319619438	1.404607142138188	-0.04322486695309615	1.250601767227819	-0.44901246849791665	-0.7907305072090459	-0.40740610036098124	0.45735708201335723	1.3216991953482942	0.46231382584699326	0.5670248124950434	-0.23957311877932458	0.8196547511795794	0.6561480641621591	0.16423185849950958	-0.5346502138496533	2.0560278730649473	-0.45117216910333524	0.9314810789177811	-0.6764342965744127	-0.4963581736870553	-0.11181219173295352	-0.4179366939299046	0.6664776163248163	0.6235143765261811	0.9462484171529565	0.057342206574639065	0.8969564626682758	0.16802688077725636	0.05057226675337751	0.9473862874682767	0.2112731260417767	0.08089602083184211	1.0651513071397538	-0.5376179733047954	0.3008577256469584	0.45570791113715875	-0.22634792291629538	0.29009889378234976	0.26213517526260266	0.2103573993154758	-0.7224248479658136	0.6914207881146978	0.3282133504398015	-0.02357981081258509	-0.014990808957027554	-0.32939883523410696	-0.84918610357102	-0.022487322764502587	0.35813667659550047	-0.12931544858892213	0.056820035960018916	0.0027206195583640174	0.150068383074443
DTXSID6046399	0.41681184306127655	-2.872230889259569	-5.500313079909854	7.1209333176648775	-3.6836675499921956	2.0836333748120954	2.080192887884015	0.6813565505962254	1.6362475169633555	-1.3825395155059468	-2.9456612189036244	1.2219706064290867	0.9539538260719148	-0.9406230357721125	0.6331621694149089	-2.3882824219487477	-1.477102885815024	4.8206378729147	0.4979343578054571	-0.8129014265091149	2.3409986327157473	5.306356952131566	2.1256059265103366	-1.2630690767904245	1.2349463277657629	-2.416779684687606	0.9166480060454235	-1.1747313102061059	-2.028367970816012	-1.2735376915706458	0.5724600609363627	2.547906828365624	0.8954942664775589	-0.14167202797522194	-0.10503039506888867	-1.4374975117651068	2.569537133011969	0.7825756276005333	0.8295282782411956	-1.356460346463552	-1.0464426982241395	0.3153956744318997	-0.4361058994599032	0.2421290323510229	-1.5125751338271392	-1.2614604873432378	4.166426471273501	1.3409667383970103	0.34657553536728997	1.8708288407569649	0.3868276415618086	3.2756935031378376	1.7966444307529765	-1.5343634272508948	2.5266494566554036	2.8247453152274815	0.21552580640452185	-2.980293415782046	-0.19399500090955968	1.4497808648583135	0.5548154167206852	-1.9822939763528282	-3.637670487690894	3.731811953792964	3.3480358667698646	5.288231722098561	-1.9616754506490564	4.707537674582625	-1.111006747193501	-1.9523936741778776	1.6308317379275166	4.678162451964216	1.126134101112971	-1.0931441454972752	4.398574566052367	5.270066467279411	-3.1904131138329737	-2.3091911886639807	-3.8855524667583796	0.49565817382391547	-0.8448710626546543	-2.498321381263804	-3.0243932733210537	-0.11958802996596227	2.09704756367229	1.6428225527877125	1.984145037517733	1.7020696062778229	1.7209449074559877	-0.239790339759063	0.3595745516209182	1.154888354833213	-0.2490655186568432	-0.3314259388974052	-1.0881394396770532	-0.4554726398916761	-0.1966830766555013	0.377251510661978	2.7492588185164313	-1.432292249726952
DTXSID2022672	18.921819232962804	7.396411839938051	-3.187614209764355	4.967364682898887	-2.564766396625416	-0.6321274373863616	-5.642479059261172	-3.8003107486250016	2.0694228701011617	-0.20866844298025256	1.722120720395121	1.5905835486405087	4.720416037848376	0.8355862991483382	-4.070728733286386	1.185654908730236	0.7418834566198386	0.857176189218553	-1.8107061146139862	0.1629659067560045	-1.535112452222543	-0.12514970236374956	-0.10664587617386888	-0.7560348615479522	2.3025915393814538	2.9042630435751335	1.372671955655723	3.1517820912290273	-0.09985764961550714	0.874623448896586	-0.9444562494431359	0.23897641425663585	-1.9308042926830364	0.5692762981113827	1.0737238805057328	3.5174040482905142	-0.772994280203494	-0.8123572849546872	1.5611927317183085	-0.5069599612753268	-0.6824855437907327	0.5428328189871758	0.9269360080218314	-1.1081447502348925	2.146790204730999	0.20092663257966564	0.660318022041853	-1.945240876497435	2.2863717777766146	0.7790846856957433	3.379404580417923	1.0832784188773699	-0.14355405801983948	-0.4297495389570361	0.5625428988852098	1.7087965002868173	-2.416984392276641	1.818165872383775	-0.1203602508241727	-2.4015619942187465	0.7496321094398956	-0.3077229111487952	0.04182832158870508	-0.7455448155284509	-1.5288130127784048	-0.9173106175791181	-0.6926964412822204	0.8035418788056164	0.1520518921733046	-1.6335191179346988	-1.149764144725645	0.5234512905051678	-0.3594624968292447	1.570688687365644	0.3869003297491773	1.3058338067022068	-2.447055363672202	3.2511503708564184	1.22623776389525	-1.0250136212065624	2.3520940450960617	2.164029126831402	0.09189221766418001	0.8113256854706563	-0.3391661523890775	1.1110565436008257	2.493519274788643	0.6875846214241428	0.9974545556121776	-0.35013878673938087	-0.44636592214859816	0.28476558938328855	-0.48509942724134936	-0.3578090304074115	0.524257601554316	-1.5105067751613235	0.1764343156633407	0.9584982757776158	-0.2673814937129427	-0.6901369788433852
DTXSID8044709	-0.07049102316798485	-1.2488245271822773	-2.5429224769084247	3.4398147119201563	-0.7332511418673339	2.2807929715939292	0.7933898418468208	-0.08750182813788658	1.4311647626054704	-0.1992487112339839	3.675913853256445	0.5911758686903925	1.4656647358512809	0.5913071883287495	-0.09047129680165394	0.3263377345691463	3.216825021263441	-0.4514999810984326	-0.750532765744971	-1.5568721683615467	0.6644822005196126	-1.2725248376580616	1.4740840130086104	-1.1420968608933406	0.27789382509461774	0.15302424359990782	1.3467789283908966	1.0347894461062541	-0.4994563015381566	-0.09901336093116106	1.346736681481078	0.13237946804660383	0.2342861583331933	-0.39634013925346767	0.4647849881614111	-0.40458227067716807	0.3850520913057677	-1.3759786014129802	-0.5055441264570882	1.5193643016404017	0.7570808789390162	0.4906134336004762	-0.12663878438560203	1.4482780778400057	-0.05730414626109104	-1.358999172700662	-0.15624387634361173	-2.069242589593039	-1.1600316485737836	-1.4265926948310776	-1.879183303140365	0.14872107440365015	-1.1588951751026628	-0.46382332406868004	-0.7713704142676708	-0.629606455074597	0.5657241105018588	0.6930582512570218	-0.5990716900778931	-0.21401199377248867	-0.8118998291467817	1.0865869266866228	1.6657641558437317	0.9503833256116894	0.29392101052404285	-0.31060473667391253	-0.10302990027483568	0.719578890184209	0.5921196831595498	-0.19993198755233402	0.6655301641347914	0.537231702058831	-0.030810351312952445	-0.19308499310518024	0.7861383601721827	0.037042493655953766	-0.09321559443127939	0.07735728572474651	-0.16931218702773415	-0.6158341943064037	0.23296405906721424	-0.17964620699157613	-0.00451874721719172	-0.11479670504685224	0.3901250894943601	-0.09043671167004977	-0.39992585061891384	-0.4498921139830023	0.7188112504990689	-0.09766640980686067	0.09650550735988878	0.0876619912840829	0.2736387468315545	-0.18480719075533256	-0.21512251558163226	0.25779496599996926	0.2657950908901706	0.24967042793170233	0.27790854122527947	-0.23424625285182235
DTXSID2023016	7.029724317865898	11.197568677228327	2.6111367780139303	-0.569724332972148	-2.843660113941633	-0.2295089644754113	-2.6223929553937477	1.7745079130241317	-0.29507424722501463	0.4133333843401397	0.9656122496325302	-1.2841925740090852	-1.7738448577069728	0.4328342146547348	1.924328997473798	-0.3776254660720653	1.5117514399983036	-1.1660540307593854	1.022720515389661	0.3383919264091351	2.2054336972686843	-1.2374487210402971	-0.5133801863259688	-1.4069376054529834	1.0915083973034803	-1.1790409619346527	-0.41121632787670037	-0.5068145857291023	0.2283767891299532	-0.008031910916593553	0.2712333835805754	0.243385340514422	0.32336075550033333	1.9134759545713156	0.10666581017800272	-0.5894763133597003	-0.09235166654450944	1.2909549486842609	-0.427884557148119	-0.6803891206551401	-0.26157269797148286	-0.33877835836858805	0.23144388813581976	-1.1792650667648406	0.47912175386031014	1.0584261110828905	1.3043532604792334	0.7946194405008903	0.7433869526262737	-0.29763377040710803	-0.11699246263765285	0.7935521714865899	0.6712170098852969	-0.11151135832877633	-0.26087523137953894	-0.7878008531557544	0.21711849632251476	0.059517871559425325	-1.0104224421080383	-0.7997961248142882	-0.03460734532855902	-0.4669748475621139	0.5054952027050733	-0.05022337586130761	-0.02527873687757844	0.05246388975915445	-0.35882098074452634	0.14169004328287782	-0.12840393553722537	-0.08585774533807584	0.02191911679783234	0.49131294049563884	-0.32032684664868505	0.34184338039851986	-0.5024014923460718	-0.2228464306528297	-0.7155039080308343	0.08779836098604854	-0.4807603028634723	0.2884124577901821	-0.3406570437092228	-0.17508214772950167	-0.11324771999914156	-0.19790754685278233	-0.6130375998879312	-0.15776529195242267	0.15456187686273792	0.013510486085512656	-0.4720923585352263	-0.1407428175303551	-0.4287291301962435	0.17074404099835466	0.25965524478003693	-0.14372362533435926	-0.07137956785806274	0.33649633265690454	0.1584864388120808	-0.27282692617628695	0.03333883345701257	-0.14314151784226095
DTXSID6040745	8.098130593912035	-3.9240870458424304	1.8301121738357748	4.4374425253601	4.266288380935466	-1.0672693228394374	-0.493004335181211	-1.6030208117582883	1.428287138124736	-2.7546603124349387	3.3924323494537503	-2.106532982292063	-0.8482609615114928	4.3223423676008	-0.7468599562268593	0.1502435319048702	0.9863643391255874	-0.7113145196056614	1.235674966933797	-0.9983962557195097	0.22004107198430783	-0.5725032679220897	0.9737060289495667	-0.7993578964436776	0.07744387376373481	0.579447073069576	1.0327699210591381	1.396421761420586	0.20487404341054535	1.2713489769699697	1.1115654898315779	-0.9245920044867917	0.7953317733055103	1.1672443707343372	0.15237128368346448	1.2289101529760962	-0.09761316476307987	-0.13303171687106605	-0.09154358109942785	1.0350320247831208	0.9635664670165744	1.7883735838237476	0.5651839899503976	-1.4362229472384893	-0.03519436041383911	-0.082666850259212	0.12015445010999364	-0.8734759078515015	-1.0439767661196029	-3.4549626724995943	-1.1115462766943498	1.082864595986858	-0.2409729597638506	-2.195419439952066	-1.4489589396629654	1.6562710696017742	1.5441978243557177	-0.6414311205413169	-0.9887317774202449	0.765562717199611	0.3144203942076838	1.4404827304754	0.4937547422959489	-0.3137301260941357	0.5866384680274237	0.022394146576269404	-0.4069458921414305	0.25407721715195214	-0.39377728698806025	0.1749516524673683	-1.096458248062195	0.3323983864990568	-0.1606233445435263	-1.274144250028442	1.132435034823025	0.24380054915837676	0.1655040611896734	0.03325203214838033	0.24323860219430787	-1.190876044530858	-0.32904195979898504	-0.3617295832409728	0.7834830018011649	-0.07103811794650433	-0.6394436744785106	-1.2673900127428213	-0.3717606636815284	-0.2907510723371589	-0.06469331482598749	0.10330252330090291	0.31209899191746693	0.38006846527691174	0.1089341333140157	-0.5066431672447717	0.47095773697403226	-0.19727107987457884	0.010726926694996886	-0.16956256299257402	1.1659436415130557	0.47407476795560355
DTXSID3047136	-4.3354632332587215	-1.7380836384208076	-2.1798727074291446	1.0656063472395876	-1.5766211159769494	0.028205915444405524	-3.5579692939772265	-4.271936974766631	-1.1263988101498887	-0.3955588300837447	-2.4532546384422784	4.044295553877673	-0.10638069731110324	-1.1540104957050676	-1.7785350647948501	-1.279158030504204	-0.9211820678838566	-1.7196265455254038	-0.3545945308270478	3.575280876728077	-0.7113405666219789	-0.5239745171242433	0.2722994668351488	-0.9284801079582863	-0.09520175672792673	2.450583532477419	-0.14385781752184337	-0.588315215781809	-0.24061022119844447	0.3772243378797342	-0.4701938804148094	0.6393459231473296	-0.41834680951147446	1.1448088482612504	-1.3612869778433203	1.4062196507298896	-1.4401943009572036	-0.01335227990835159	-0.35394608981660475	-0.03196403451282969	-0.5208542516242756	0.49040949780095655	0.3124860585182822	-0.4038043472859356	0.7230148635671861	0.5245638420315641	-0.3642490033694657	1.3318148876317293	0.7935528866826995	-1.7503849846054451	1.059578534182988	1.890178061596047	1.092348088595079	1.7806240038241792	0.4250249259210106	-2.3560501744696216	1.873818855286723	0.5746495590028741	0.7562767917109293	0.7839508789614754	0.2475677856498597	-1.3678068713237062	-2.862482971020142	2.2838523227257284	1.0280320233248064	-0.9695556278280041	-1.446930654551649	-1.7692936680589124	0.5005027736757205	0.3565790375545169	-0.6884156976558233	2.1692321505838987	-2.2801165763355353	0.9792502191583905	1.035820608742823	0.17162814704855964	0.9472232006977892	0.3558997787359377	0.14735343067011197	0.3699379725509487	-2.1011797397838348	1.865442519712788	2.031845711568763	-1.060330585593983	-0.09689543107100916	-0.6592473398165383	-0.12171907983479235	1.342659678480177	0.7582144378990192	-0.9897768436599013	-1.5891225353746556	1.1052568973818315	1.5145755198942976	0.8067839431121436	0.028173631640350836	1.0465919711131582	-0.2709766403939534	0.671380241294378	0.6297790901096614	0.19960501782121606
DTXSID0047903	-6.767440929553653	0.8638213398182343	-6.0253336415958545	2.8054973724299437	5.383084677786873	-0.1822816366924681	-0.07890411413318782	2.066697370069698	-0.8806698134064231	-1.3401436819433572	-0.08594580415924515	0.09238826004805081	1.9246026187542147	-0.9761526401217434	3.6504147868366355	1.7247141521115867	0.6252786190325641	-0.1309688957764165	0.07873754114727406	0.6532192257698439	-0.3725103451477001	1.9438996535340354	-2.1083163453118168	1.0487685220258822	1.1254053084696025	-1.149232295399238	-0.41928692942995244	-0.8952697366798882	0.1092124170351036	0.7349733115372915	2.6713699048546826	-1.1306942211468527	-0.18094579925306736	1.2942117997777671	-1.161817526511349	0.8462625372642967	1.0863310046109689	1.6068195067401785	-1.29209067339512	-1.4048376707845722	1.4011081084729267	1.4223989656817586	-1.3745498026690801	0.23867316841592234	0.007208213694387446	0.2956085189000534	0.2841928313146784	0.897890973719493	-1.4490825271447019	2.1464995340250823	-0.8370144171209486	-0.3828442527499465	1.462095173994172	0.23606612715292274	-1.6160101754399532	-2.6056970589309065	1.5981200733860386	0.34213316781569036	1.9145040472484511	-0.6291358525741757	1.9131901562612477	1.0165746266011855	-0.29414177665940977	0.5869273993149393	-0.0028282945112707153	-0.28836048379437407	0.8477926793282918	0.5289925727574782	1.2831043493565055	0.698242144963897	0.01432165481819668	0.3460945858142705	0.86838501952382	-0.7212638612010995	1.4202257780509555	0.7494019261669375	-1.5369690418983442	2.9486537632400944	-0.7176832838864264	-0.12371600075698673	0.3234864332743429	0.9996988481360592	1.1832947802861489	2.7574925905769145	-0.8205369068352579	0.39494465094652037	1.147224110560757	1.0782201761595833	-1.0729456929279815	-0.8764266704993201	-0.12313054470205466	-0.47334683312905496	-0.27230843827640366	0.6007826685431729	0.9012362117240297	0.7338058098437453	0.9377197856993493	-1.5078438135146222	-0.18652650208940133	1.9314400066780968
DTXSID4042094	-1.1971800605865754	5.835844302871187	0.23401400021522895	-1.012070908320805	0.9875676046252955	0.06262594238620256	0.10106913897273519	-0.19396855860990594	0.5012082911723899	-1.3515231056597588	-0.4941728818942213	0.6865478356984445	-0.49918777206951476	0.5091946193232969	0.6904667789207348	-1.1833519190459356	-0.5587747118851976	0.8273347485885023	0.9877748076732022	-0.6187890896548894	-0.29614084428224746	0.6060616116859461	-0.8875279463844911	1.028450511948136	-0.9535995909888849	1.0257485001432756	0.27767645032575633	-0.22718712652731432	-0.14751416801993322	1.9544048762043897	0.4245169167437875	0.9543096026212077	0.24507438019045022	-1.423822236182756	0.5661103754848883	-0.8230801812284592	-0.21992020511461455	-0.38455645637553637	-0.07078719761788808	-0.9292374307789085	-0.1156516704822137	-1.0017939416746149	0.02717521365315378	0.4388682694714406	0.45353418018376357	0.04194680150907634	0.719369063941794	0.18775728441564968	-0.10493101938513008	0.0779568547530827	0.24522915652865118	-1.4628261344408713	-0.05795171016236666	-1.1932692214873533	0.7302956728013551	-0.8908445693255362	-0.5676828108036515	0.1119935766822529	0.5595524426112719	0.7283480913849452	0.6568048533987109	0.1046772794194665	-0.23381655249072705	0.0319534035690955	-0.1984866251670519	0.12582577680105148	-0.2115678292114485	-0.5962844245529567	0.487268127610666	0.5510014510014675	0.18729527345231656	-0.22678725356685603	-0.024275729607609386	-0.06470623674931718	0.578417168851154	-0.33180565520453004	-0.19877089491645644	-0.5522170241619373	0.1971552360223774	0.7299307265352676	0.4615282642020978	-0.5446318983102829	-0.012744279125814932	-0.0956012395406736	0.6226083766895233	0.037038186639285375	-0.3992127357310562	-0.22844479719172414	-0.6550427108465876	-0.42207306969450625	-0.6063848444397725	0.2094473541455025	0.1593645330864496	0.6849844662102433	-0.44921839060704616	-0.12389968430321319	0.6993105321709953	-0.6569873385832757	-0.6871674039145997	-0.33207466224288745
DTXSID5021411	-1.5820167905989848	-1.767183358341731	-6.994076665552953	-1.4358579476529023	2.5286773646364904	-2.223133247488789	-4.961235077732065	-1.3145127436105053	0.2598129556218713	4.033526712909112	-1.0580085294077974	0.02884869650381811	-0.828508811837399	-1.3578645413829646	-3.4181973579013825	2.024675741874369	-2.523375236136837	-1.5520677921885848	2.6547927384605816	-1.765062911143427	0.5507513278479828	-3.850352299303529	-1.0174429967640974	-0.04337124073126588	1.3186634240840531	0.1468109109252597	-0.4967178281467545	-3.0590245887006993	-0.6430783869040233	-2.736773159548144	2.8288871691196924	1.6665567641859746	0.435527714446274	2.184058409508324	-1.4618984643113475	-2.113297226520931	2.077426944793721	0.6224490501626522	-0.6197781458349629	0.7189437312461846	-1.9949546600389247	-0.720573276971963	0.038809955109220313	-0.7450334111236125	-0.6168494240580066	-0.453308541473515	-0.15098900456725728	-0.38027600445817594	-2.4436975980385856	0.35350948607717325	0.6726215835180012	-1.861147352915904	-1.145491421070085	-0.7179507896081732	-1.631325892936642	0.5196909292274547	-1.8648954125751152	-0.823090282353873	1.5212691882445988	-0.11633214332973621	-0.007867430631999359	0.4311356205345309	0.4551332520601236	0.37222917763211133	0.751254389251742	0.4609171645888929	1.9744104143254422	0.07422183428155837	0.32694694390471024	-0.031779725308357494	-0.13139470053155877	-0.31523334592520613	1.1803544562807213	0.13559071925897018	0.0019110919678234986	0.8555427414873923	-0.08315922252951735	-0.13756766735759474	-0.5049838956891973	-1.1757022753728021	-0.6566006789291315	-0.1665731143586674	0.3715973216879948	0.553533507540734	-1.4521864159972377	0.1846929548517298	-0.9377307567752056	0.6789047727388521	0.5109738044748302	-0.28955859028449515	0.08426741128284097	0.774292915249607	0.5423150361262845	0.5807462102922597	0.34896542507940964	-0.18332331628974693	-1.1083686915552826	-0.70269836878317	0.5438900362791319	0.7590890732501155
DTXSID6020222	-6.451958060527781	1.817689626445272	-4.689537761157953	3.4035209466941647	-1.5568554892278637	3.489615865091031	0.2936173243146697	0.11183843466435137	-1.962246859650749	-2.7094619471050487	-0.666998879898993	0.8305298138573893	0.5567466584375982	0.03323485833702026	1.2840893164194749	0.0027548944380239963	-0.18456249965510582	-0.2162509413400878	0.7819903203805204	-2.14026231029128	-0.1703805350696322	2.088019847555774	-0.2788185348042187	0.8832326960953949	-1.0674203915659926	-1.7504530113737353	0.16414250325026897	-0.9838496003491156	-1.4364334454343428	1.4109556956362062	-0.9082107780955441	-0.7197763240537987	2.883267960598391	0.024703901274351403	0.19696225613564539	-1.7994615663578954	0.4414726688667023	0.7552052904814558	-0.2421313023184787	-1.3814643655780507	0.14499274362470427	-1.0170337431986414	-0.8791851097752343	0.9441368306283896	-1.824291787339307	-1.6688832214314404	1.728381029231962	0.28893990847556866	-0.5237167830399475	0.37376598626807667	1.9806902007724057	2.2434686164370117	-1.676053278033619	-2.6989905974489226	1.621051835070528	1.2874436244279341	1.574183945753943	-2.9104108481761495	-0.7805357410979249	-1.4761051130225562	0.36566446694482424	-1.8396776675394932	-0.023681699477587064	-0.08364393223075099	-0.24239191998598053	-0.7371073947422203	0.7149674262980485	0.49961563208810394	-0.885047952851866	-0.2909945175139005	0.3498763497231522	-0.20421674021645564	-0.8095763868702445	-0.22389556312837652	-0.0863650143280274	1.0389570221151991	-0.40197421515034065	0.07399035626539534	-0.39942871327945156	-0.17111657906563885	0.20033782910587825	0.04112208039022037	0.6463314059623476	0.34872496731658925	0.19009147403412696	-0.03899693322494688	0.541060149554812	0.8976547142514726	0.00955678521162664	-0.09921150374097415	0.6804802801860154	0.46130757377759063	0.25784406375813884	0.2627641982738155	0.15927240628097702	-0.05922843857849918	-0.35103640440101475	-0.2566948876447248	-0.13024090645810094	0.2494275919856926
DTXSID7040360	2.0318237945429685	-1.5974705224320367	1.7459145854764209	-1.5701175939883094	-0.16838083349104305	1.2053301793182947	1.523073971628505	-1.917169471262483	1.7580363767343599	-0.3267186480083414	1.8993506965427231	0.1782823223386083	2.605858787669095	0.9522473318335609	-0.8561657518274769	-0.5135648706322835	-1.0145728923765327	0.6932464479050003	-1.3646161364923468	-0.5502453652667314	-1.1720401874314321	1.3746342902554722	0.09550589197446899	-0.9807025850898999	1.4639612086288238	0.9228742191332835	-2.2197821746092434	0.6495568946192513	1.1448936910580911	0.07791960510816913	0.04715541191071441	-0.5689023704154254	0.522392088089623	2.7929414162693775	-2.442030599223186	1.2540015866969856	-2.21616969888502	0.22494671232351499	1.1970565385095284	0.4210792077217733	-1.0716554100386477	0.1397961321804335	0.5670949328759393	-0.3735323377656794	-1.7896778694561315	1.0722106194757002	0.28776943513193076	2.6886204841309227	0.6245659044462369	0.4629896616597645	-1.6255681946100788	-2.6042315270274807	-0.42489621360925434	0.11465237037312492	2.935105954252691	0.7485333718686324	-0.26308324164436264	-1.0049490836216994	-1.0959136019485047	-2.641225543673595	0.7494131247076996	0.04887858921005303	-0.19642000382807498	1.1482979976375374	-0.7373486855060527	1.5474271912694109	0.17666043215063681	-1.2740920906926307	0.12236995535907157	-1.118854022596727	0.5925821028947454	1.393446514681384	0.396024795318774	0.21988537407462128	-1.081109351005929	-0.47216786825027524	0.37128636843627966	-0.6021095775934715	1.1732688219796714	-0.2852744383436199	-0.461465211753505	0.07037536989614573	1.0242431990286125	-0.44598252359324025	0.3013473501192538	0.5903205861216116	0.07145590886307875	0.3997724200653259	0.40700901544976636	0.10767433631736563	0.19547259294032737	-1.2424360286767535	-0.09993011410241859	0.7637063966321448	-0.2257477141877761	0.13314885594526196	-0.4105560584279947	0.32107344321375886	-1.0341718912132187	-0.10204421779249742
DTXSID3046748	7.627743652906317	-3.0565795118431733	-4.007754499112606	5.037084541969824	-4.176389046329549	-5.063985174508239	3.009689747041767	8.01007969570647	0.4332598914253944	-6.234064098046441	-5.0097781119873614	2.5984700735918875	3.6709764535838882	-1.3162889135740876	-0.9441247682551928	2.198453843714956	1.2118990866239359	4.045217514532786	1.5874921992268713	1.0067920335120795	-9.363410151037494	-3.3298832353726255	6.471396915000214	2.877426026528135	6.747633068589036	0.39739211272793956	-3.563660829837344	-2.621317639242601	-0.40374806133279006	1.6269305942235501	-2.0855207189314298	1.021958017134637	0.4677786962383448	2.488841464817822	2.6213596328528386	-2.6008612853890614	-4.57642511326906	6.23761564217598	1.1421385631429624	-5.346845093606048	-4.2479679139464706	5.270851080876999	6.687780699863661	6.768518838149062	-1.9538404633633564	-4.54219546855158	-2.8615164051265976	0.5214591488023191	3.4274326732954865	-0.6274015994128784	-2.029162154402205	1.5099756394114228	-0.5799102711539753	-1.3690588342607122	-2.095254025257862	-3.7163536747169106	-2.428227716699243	-1.0345063228406484	2.950594110079572	2.4917283759528144	-1.1822853828221105	0.466801374128304	-0.05217246060165293	-2.7587505285516687	0.8772093807621896	2.4084152825738343	0.3795687844235091	0.7687350554227258	1.7397419741239781	1.1445644022413415	-0.47734445101108414	-0.7940979773525825	-0.6823587358468105	-1.4393928142641839	-1.3741498199265645	0.5479006291045474	1.0020764004514429	-0.28229785844276367	0.6299998155400727	0.6226631834652832	-0.586777402006964	-0.5965006369008706	-1.1730546783083549	0.16575634320256094	-3.334708695136355	1.2617586206433875	-1.1954507835234434	0.24902337749014816	-2.033544968304949	-0.9575057631833206	1.206649363348211	1.100212836826846	0.15227077449148757	-0.7230488042027297	1.4756775265290094	0.07293340074527721	0.9386988008621113	1.6122542692924537	0.04878257863053454	-0.1526784209499851
DTXSID4047414	-4.2399199745234615	2.583583823721071	-2.151701675558881	0.22523569398044352	0.872669383361729	0.44667343524031267	0.6170857611901285	-2.2083745970129214	1.7183319030820248	-0.4510009778669627	1.6524694625542318	0.8747597282177639	1.5398027337376772	1.3255075714075024	0.5526664607232916	-0.11233450780780312	-0.49179076067344424	1.2495072661846134	0.3854872005630698	0.48801135427084663	-0.821960067694702	0.7045344094064483	-1.2493214577803649	-0.09292084696092356	0.4471052214959512	-0.1277894237261919	0.18983238131002905	0.10495170163802156	-0.1873536975721265	0.6622599577811256	0.5094026754163673	1.2018901288492236	-0.11745879068905633	-0.49084162180674884	-0.19384260267470443	-0.21308006145806976	0.42082762694133463	0.3023645667525527	-0.08893266382413514	-0.5413064949243699	0.18990904192276806	-0.2786820298509495	-0.2358309350064996	-0.2438048162803812	0.19500635681266995	-0.5042750064503304	0.27279281992334553	0.2399177030040833	-0.11182734107852513	0.4454988310160389	0.18273728883382934	-0.8939644515124545	-0.48522476147100346	-0.6897287616823607	0.3766344544637842	-1.2522703660602255	-0.8970427600298799	0.4643316086523743	-0.46495926860805903	0.5956271108383469	1.0102346817345986	-0.8838128781924667	0.24138434633472464	-0.6425398587040076	-0.4559502220356703	0.08500540201160091	0.1793085937241912	-0.02999834670179805	-0.24825608673749308	0.20730475744685167	-0.17908680076227726	0.8875004814650427	-0.32756103367790107	-0.3224562070744034	-0.13012262644470274	0.24838764274262967	-0.026074929496894272	0.340798246161169	-0.2738187099890113	-0.4509694954768024	0.11480225961534608	-0.41433662806777016	-0.10791373367824202	0.2875454944809482	-0.14607927491531744	0.005788538903001973	-0.5032624202174999	0.2344400285018068	-0.25148114794432935	-0.3222616256355536	0.049418269070356645	-0.13914721862335064	-0.5763777010203786	-0.24303178213615276	-0.07964097649081531	-0.2991374974484009	-0.20937116276623977	-0.045114250487625206	0.2263193448965454	-0.288054982971797
DTXSID8020678	3.9514393414424	-1.8250326590883579	5.073510613730443	10.004434607926822	0.43017458546473786	-5.467362105048623	2.0956746990374517	-0.044553860527769946	-2.977573985515245	0.32322593480501893	2.3893929254147794	-1.3718787517779685	-3.9809073320682904	-2.0299750501170655	-0.33571102090078275	1.1755454459228014	0.9499236923077272	-1.9769178044271554	-0.865091651393942	-0.02265685217360437	-1.1778004221253522	0.15487916574783797	-0.2006427375399555	-0.5573157221733331	1.4126950320361102	1.048270614929222	1.3326507921408766	-0.23095890495708285	-1.1945202951742708	0.4081400663693503	-1.2530827888407934	-0.06322531839646317	0.39951557987893466	-0.36185752345713457	-1.070995697672578	0.1491521700686173	-1.4501236100307668	0.14542985797433472	1.2329909524805862	-0.10637855568848315	-0.6675398965885956	0.3925118254238361	1.1576398646752142	-0.5704588789203856	-0.41839887965121314	0.200143922601897	0.23498783207397297	0.9263992357405114	1.2129570874410416	-0.7699692335401195	0.8304083975215875	0.415806410630024	0.15397511609488726	0.988224746924712	0.6919320570697273	0.07903357762194538	0.04874084643485992	-1.0589993333016485	2.3023045215328395	0.3037586930958828	0.11290315062568969	1.2080194599848562	-0.6975056891589002	0.059285618941195585	-0.2658857804476482	0.4197844268799458	0.3136686497161287	-1.0392565394819233	-0.552660114562967	-0.11800990725238626	0.807036810450499	-0.5254545225151047	-0.07470800179569091	-0.47972566765078273	-0.7817396436524818	-0.9686297341316709	0.6883581061896101	-0.030606969169389216	-1.4206846963636517	-1.0888677258096122	-0.3028640146109779	0.7783773292325723	0.28631594224248125	-0.4049961144423082	0.5273300876638587	0.33582334929940993	-0.5566688462089898	0.6362597431652784	-0.10667074991128353	-0.4872987134824071	-0.39835521069213214	-0.05989967654703136	-0.2154947877662981	1.371538604633337	0.6767352731335995	-1.1904285848954719	-0.9961888879064993	-1.0922308171175703	0.3417787598261598	-0.06980630919922759
DTXSID9047889	0.3364511031336798	-0.922267365208511	-3.66072938112209	-1.1672585005638434	1.400238872951126	-1.9426330718990137	0.07969902266945461	0.502178615155037	3.9034058439412362	-1.7686283076148577	-0.36080783762499735	-0.46530798983051	2.089865244975037	-4.438368570676682	-3.2719368730093494	2.2284165953826194	-3.5129407657709133	1.2783105657502556	3.393807372221218	-0.27834537132444664	0.13798998705559265	-0.555835179039135	-0.6554205856743849	-0.671998472176123	0.11410089649449164	-0.797312004537965	0.6661795998963657	-3.1908523590813225	0.686249700497926	-1.0472786638520066	-0.46642015904485395	2.3226247094498116	1.1784320774945383	5.0838961731396015	1.3524397033141051	-4.564011305133789	-3.4998220618209674	6.577832438836068	-1.0198698413941238	-3.805032036384506	-5.808204765116563	3.483937207087526	6.124145617487082	8.275472517360903	-0.8168615101054474	-5.267281783086471	-1.9768259001985402	-3.4458166563928807	0.749204938933301	-0.2206467671081857	-1.4532174159581928	-0.24380707528215556	-0.2085334875536053	-1.1656627622178302	-2.36292677818322	-1.3513658651371014	-1.0804579061278798	-0.0937506358746021	2.029018134602602	1.748332182685936	-1.1132236679623884	0.8115202779115787	0.3851463797912813	0.29733596674130375	0.009736965923537856	2.050147332299929	-0.17509772703731763	1.5536768076059475	0.5547258389956617	1.1867594124801952	-1.2403514095649901	-0.0791762436693924	-0.725496793910302	-3.0436903348199276	0.5156082544203593	-0.02801616295597793	0.014350114690350538	0.5314023189275875	1.7388764083414043	-0.172470504236279	-0.727361500262549	0.8227882031744661	1.3407994990172607	0.4593677103102369	-1.4601001328979346	-0.003616220907766856	-0.5066407764347559	0.7925002045633128	-2.3687314238110444	0.014486131525906117	-1.7414219960396138	-0.426916051019609	0.30419647813287526	-0.7391178462742247	0.7716839613235909	1.3232576512660754	0.509060062402086	0.7717392093417748	-0.44869565729384925	0.07285350540360383
DTXSID6020939	-1.4457780855562905	-2.4782030904214434	-4.214604578986006	8.686907124944003	6.169984319355448	-0.6767982470552125	-0.9129214522513632	-1.6881573635873386	-1.2014454727349382	-8.435326823970817	-5.977372557695931	-5.306317289288071	1.876317597094129	12.691302260993007	-1.9040580289211724	-2.5570654743918384	-2.5393602121644197	-2.2689230505749234	5.09373379956674	1.8126821659671382	1.5080286848939517	-2.166744913412526	2.800508140959021	-3.4434108821207725	-2.083221236277252	-0.12060984996528977	-0.5259716635626356	0.5391167951462511	-0.06279496890654353	-3.5250274768821868	2.506170568916462	0.6213909711087529	-2.822606961505965	1.0241877148158167	-0.6507455012725656	1.7554862700379186	-0.04209802115050065	3.529742612447452	-1.5366624550210704	0.5581215569421343	0.37974699980067816	2.3279213227091655	-0.6588210424970166	-2.8857222115887193	0.8688389133145397	-0.3403457974492628	-1.3871208864641849	-1.1505943811860366	-0.43297789716805624	0.36777121302234256	-2.1658782222626694	-0.5859026420722102	-0.38360426156980476	-2.0036203900361085	-1.123340611263695	1.4358066618281156	1.0220321017525855	1.021265316716348	-1.5633772113596731	0.20245158984157283	-0.299902191378325	-2.8525464311615174	0.8628248673833684	0.9751923039651264	0.7923338802677069	0.8360245257174017	0.5716887503515121	0.5609059716609184	1.3414198278971927	0.01739775344979071	-0.805821275739844	-0.06682391441375184	-1.270417706680613	-1.126137317712148	0.5864121815679766	0.26213418647485354	1.1318133785825302	-0.012989833265352902	-0.07587636905264829	-0.6608807630600627	-0.25177178192150285	0.17147428728910025	0.8595196643282008	-0.3180776811020751	-0.3500583348647247	1.0612034513262363	0.40916044751166364	-0.3289565666118315	-0.11640661270743907	0.3536856261753712	0.011966493833736654	-0.1816655915858415	0.07305000718514212	0.5451936662511861	0.5293988691418993	-0.34220736630930415	-0.20256763511952233	-0.3584083202408629	0.7464948928007454	0.4673342719898036
DTXSID2025135	-5.56524227587425	1.1161800902570542	-0.5790897570432019	1.9412063606673284	-1.9325008396261258	0.8072568220786486	0.7168628324179804	-0.789590884787995	5.017170165820721	1.281624585113729	-2.7649965809551613	-2.026282846537285	-0.2746715848511695	-0.5459946303273441	1.639772772753407	-0.46605561259551975	-0.5477681297028479	1.178744020534009	-0.4557595764598434	0.6819833185736496	-0.33426101868619723	0.3568726739055661	-0.11154439106351106	0.7739151570011983	-0.9620390933476863	0.9930289060185202	0.1901160785430858	0.007863805881908398	0.7569173759893402	-1.1172205673125173	0.7301780364121204	0.02314326022401362	-0.3200000022528646	0.6624969237390113	-0.17122979573814073	0.5786407612504548	-0.18247193581755428	0.297426695973064	-0.8754451943647125	-0.19493023883837637	-0.05815674320540746	0.053531945142456884	-0.42721961056291263	0.6014073329922502	0.7421578473016972	1.2001961652315638	0.3451610152027571	-0.16717199802481647	0.18547699033271925	-0.026553079630813884	0.13327505287208458	1.1154256091312227	-0.17207240778947902	0.07307911258698187	-0.7308012849244622	0.0008307097033161581	0.06725120381339239	0.3269109939358803	0.7213317494013648	0.08210029999171506	0.6345103952786488	-0.6924315140986278	-0.8698470156511765	-0.047683333943077486	-0.2472442142470078	-0.4933021843175675	-0.10651993988643581	0.4239896337076064	0.47568811383805526	-0.4278758885905228	0.03197810031223915	-0.2140275047443575	-0.27369024360381705	-0.36901212608319367	-0.4207624369862028	0.6034168898221686	0.7140538361173606	-0.21089151778609577	0.08315768801202122	0.1762314600695227	0.2678796116099412	-0.20334251475568302	-0.059448632308061175	0.166734281373499	0.009269271438470192	-0.5317558700709752	0.42137159030154503	0.3947761006837226	-0.05443150983959339	0.31272922352720683	0.19162874810468364	-0.16433792306187692	-0.06073962130802946	-0.45898511074859005	0.5253022349556247	-0.18727080059447077	0.2537142047166743	-0.7112697343625486	-0.11615763955632928	-0.5372917138454582
DTXSID8048735	0.7106609309503373	0.26410620025200215	-6.733462029259244	3.5019585718565027	-0.1884781240523332	0.704336540556799	2.5611664683491724	0.3603845265175289	-1.656190717958378	-3.130079035574475	-0.37395708197171285	-4.297984465124653	0.6733173802092872	5.073918890643117	-0.7491718153388852	-1.017544922881483	-3.443801754438904	-1.79577988209023	0.31022179996386334	-1.4227921869607756	0.31415557641627506	-2.088139878584458	-0.6646725467142404	-1.5221541954371403	1.2903243046732416	1.1699575265859818	-1.8727890797923188	0.01113769765495656	0.882012087379655	-0.6859910218389205	1.9262681895545748	-1.1485193948120485	-2.1126688560434137	-0.40118044815299564	-1.9108743486032371	-0.2181125984713593	2.8868297502515943	-0.01518383795043416	2.3375294138911493	-0.20375221026835325	-0.7881060437545319	0.28274065496572964	0.15400832123323588	-0.5837791542047776	-0.12390401548217327	-3.2467965072099245	0.4723059739722427	-2.2014453638955707	1.5443750157784069	1.4877945102781465	-1.6530142291671694	0.0792094022503383	-0.48856078625710686	0.9225907597071419	-2.4302023039952245	0.8847814751580323	2.339563485545549	1.73985839732141	-0.379645791962438	2.3447980975907843	-0.7566526056719339	-1.021527932551785	0.6531150500303488	-0.6227522734914024	0.24809745308242656	1.7689871913637718	1.3898279294504916	-0.9600720976937799	-1.0085219823891196	-3.244578048411358	0.9426271192147031	-0.9122695418020204	-2.0322894828849867	-0.1447597150502458	-1.136973683589112	-0.483769267263681	-0.5433058425484197	-0.3329973812431251	-0.3563512062093028	0.23246091361007132	0.11777928240628192	-0.7599771061403572	0.06243285099303946	-1.389482742504132	0.8001512080116212	0.6012193039639144	0.8785430889051854	-0.5903022499597035	0.7447997011501446	-0.5348474893525182	0.8333589205575702	1.0077307704868492	0.646904288015423	0.4238930273560738	0.6168715761395897	0.5243135680180981	0.11690118469259747	0.19747756820783027	0.5285910464143804	-0.09111783656552391
DTXSID5024263	4.082460255716032	-6.751075192333524	-43.815869454359834	-4.958291508603769	93.27689300656351	0.9042839357687386	-21.280960386130495	13.557408966984639	-17.450945280825298	-12.741222906421774	3.3095441301660355	-3.1559181529300653	12.796299695618101	-26.05645073766597	53.82005655944269	39.27203934055646	6.189160061720468	13.770018501919903	0.5200546261930268	25.105789047246517	-2.516140498945267	38.51110925449915	-34.678060841554	17.820385359262907	16.98514840084988	-26.06594743643608	8.21775413223565	1.0273859470750217	4.420926586052207	38.12839530293313	39.88373013811568	-35.76150292456373	2.1759992515005853	15.182555344160582	-19.980707027841788	10.767985682920228	15.79045266892534	22.65929755110188	-28.101538175648557	-8.098992667498097	23.55820482691666	12.270334037285812	-27.647328582256783	13.709079597725834	-7.765908185549844	2.1817770615571406	4.4746519315493725	1.199174678047817	-22.717348467997834	28.793937098330534	-23.568878224223365	-5.377520340853122	28.312627296298555	3.732108483925847	-23.41208566063885	-35.10259145338772	33.91399438088057	5.152901257639325	30.521668949954243	-5.689052795989142	34.21461669256709	9.490352988389052	3.993094386749795	11.114901257739774	1.8295290579558932	15.529374595760302	6.006391638230165	5.5525000059947685	23.613760987941788	-11.653814357007374	5.463422285543443	10.30617167316906	2.8296963636525483	-2.325436557833805	10.368152818923788	4.394013733473078	-31.955330972903894	40.91050696304616	5.923694049341962	-23.39842723196616	6.097256768473982	31.851265770177864	18.090634300149965	39.697203285529284	-14.329371340679174	40.230393666683455	25.676061980441492	-10.067672083624885	-4.754508074676932	-15.900947515039624	-5.68922860506887	3.7185496680315806	-2.166535277479831	13.381105949480826	22.16723634610349	5.47595869717403	13.885394504817864	-27.238554191815954	4.863485356707321	44.65310860493663
DTXSID1029251	-5.5120057029867855	0.1490067437998942	-3.761122051416891	4.457578313370484	1.27640997315376	0.2686936516964368	0.5078831579821851	-2.0333029380469636	0.5499894081536245	-3.090806984106138	0.052489642309252	-1.082979475763395	2.1586712383971083	5.133980280772724	-0.28886191541648804	-1.8424114503299223	-0.37602085248598177	-0.9382573340559711	2.761447308038784	1.8758504437799297	0.423805944498952	0.6952847167829822	1.448142843571366	-1.3301903499113963	0.40302893951745977	0.3093800252867975	-0.6198712483181236	0.20031132438599691	-0.3824962037602991	-1.4842376532207682	0.8154225529100423	0.596519307637661	-0.321696467753519	0.5873606530604495	-0.5055647307793886	0.08946193756971041	-0.5001905835549058	1.0501961261820414	-0.22957435554783368	-0.18508478100414624	0.25872576771897754	0.0032852690418458527	-0.46536268209218484	-0.5751831556159778	0.5302793105942346	-0.6237060503590731	-0.8449592753976819	-0.9490009041818347	-0.35954449166675867	0.3829671593269936	-0.6265504628820517	0.20316106091497108	-0.8387764370169498	-0.5113239193962161	-0.12545089211425448	-0.18919296603617977	0.42003731107823294	0.44412399256658963	-0.7555275120197062	0.6073157955809764	0.17169390435500675	-1.2416348666922392	0.7674367736168979	1.2194651441122684	-0.3090273640545319	-0.02369666604315171	-1.0071101947853105	-0.34617229393646143	0.39321695388835404	0.6577501398517434	-0.6596786480597153	-0.153748700879901	0.7910521707018718	0.49857118305757075	-0.26461035032862523	-0.31879523922932196	-0.26233659623971706	0.42586974381269305	0.2632152280709605	-0.18972058662510088	-0.43260731224326154	0.8765416778126648	0.058426570341859003	-0.5689838834469658	0.308948721584035	-0.14214900941485342	0.3709020219049049	0.1007746832391262	0.31845070160867983	0.18817140930183218	0.5346049155008457	0.10638445252819213	0.05525692988441624	0.383413639605353	-0.10256417180211803	0.26231991864417187	0.18294207099804313	0.052532769065004516	0.6004043119058096	0.5623056684487804
DTXSID3038696	-5.425731511656083	0.7083305191495634	-0.7203302084776735	0.4276648519241325	-0.7325547764928423	0.6924176042794011	0.7616578419948979	-2.1755752667483876	1.1125072959701647	-0.14741624708573572	1.8050206810325968	0.7047778288603396	1.83919546439859	0.9256325240532067	-0.33669881803968954	-0.573807040664734	-0.009516712928563768	0.5444994892286363	0.35466647290792325	0.7513395930967931	-0.4955772610284475	1.1066890158780875	0.5694817222234192	0.03979685612119609	0.35789466694746064	0.102173568127157	-0.23943446934150853	0.3188595483630255	0.13621015812308582	-0.07666439698804	0.06521534158699947	0.13249283145265697	0.25203997696998415	0.6810327933784324	-0.08390435494638375	-0.29079756455468336	0.7273435016055363	0.6520223185875565	0.1802451834410933	-0.7257062776187683	0.31756240453185525	-0.4364061205878687	-0.4155329483186168	-0.41780881326420066	0.5654597079007659	-0.26537398241318255	0.052751271926829414	-0.004073469812582297	0.14922456254750915	0.527367279106885	-0.3121951887950233	-0.24707985709571317	-0.0705289562038294	-0.42644148959665135	-0.36226688533640466	0.39866681418420774	-0.310717238661827	0.32734994575840703	-0.3200237262367187	0.1528134981875296	0.33663750533158393	0.1976450505101323	0.19439798880145967	0.18847745874509886	-0.683608786573952	-0.14077579535853385	-0.23118195757403867	-0.42047011773256987	-0.21684355196669236	0.16751262689983462	-0.732092028282747	0.567489877408105	0.21234584615938223	-0.14172844171742113	-0.25128286066861827	-0.32746176515341435	0.06038458391935626	-0.23781844915899308	-0.01446855736406401	-0.13064982447390291	-0.2762044138172052	-0.013336019043622454	0.4940521872082127	0.08029255548913157	-0.379693759728765	-0.18640641864629992	0.17553741658819677	0.10639804723919316	0.30950579303843784	0.10979807528797576	0.20561418987432062	-0.08155461651595165	-0.15681917929180583	0.05903108319056597	-0.061247858174858234	0.01962610875048611	-0.22637713758331837	-0.08270704902525661	-0.013102977836223132	0.1325454225511268
DTXSID3037094	5.2197954468237056	-3.43781482443861	7.028156635487162	-2.1244948063186317	4.091859289029879	1.0676496275746015	1.443491553954343	-0.18771334865710934	0.7451843167064699	-0.2853871428470492	-0.1828173593582917	-0.24374103918085477	2.0277743373287653	-0.5264901989551096	1.3887623764635793	-1.215909401934198	0.6809729393858357	-1.8558372047436178	-0.8403725900709289	-2.0978777742794676	-0.13542015863804877	-0.5539500936567588	-0.5301779801934197	1.4786323124860363	-0.22349935208830599	-0.3557382847553958	0.7364792728073105	-1.4844607134782193	-1.0613871297249258	1.3055754559667274	-0.9130899716343998	0.6269968927249306	0.8261469636463742	0.14187923651964474	0.5226401658658146	-1.98668580347451	0.006743618449290657	-1.0122585663349795	1.1528215961072312	-0.30346871559176314	1.226023482506937	-0.04620515214400271	-0.07538164353578898	-0.42122417891166175	1.1668019950114492	0.6614092831237481	-0.31333003800403625	0.7728228710175157	-1.025189605033005	-0.19095215185607556	1.4181687658184083	-1.440913146380134	-0.03320150690896699	1.4908594292633301	-0.44250247968510603	-0.16687441420697283	-0.303102562843485	0.7859404944721065	0.13235548326716748	-0.83680202136852	0.5474473913456817	0.9512845746206398	-0.8601872998676853	-1.220780466456381	0.8327879505804313	0.047404312365538735	-1.1584538984093922	0.8810461687810837	-1.2492213726218973	-0.7920258123104779	0.29405862724406473	0.434152794934854	0.008278093143161682	-0.42678922669229863	-0.09880530657562804	0.13777467102814875	0.14278411420398418	-0.35083462605189625	0.11748444243530123	0.4566901356263432	0.7255804016626961	0.34717391985977214	-0.13448992893760606	0.170152952173669	-0.3283082731120346	-0.576990659269966	-0.2511924638915346	0.24138090126905995	0.11590926633433182	-0.3535044409807653	0.16045031506338253	-0.04353778104183584	-0.06686022731361507	-0.3588856347909161	0.07455583502748891	-0.1971508058469815	0.18993464409522487	0.012227138036122994	-0.394317169565987	-0.06770219558243759
DTXSID3026697	9.121534160637967	3.8308273532916752	-3.103191068135652	-4.461817426748129	9.613715527437508	2.5824493869139937	0.04195527107172932	-3.3339892590704596	2.23819264794836	-1.0054333986046256	1.4069941183192058	1.5940001187187232	-2.989474593339839	1.301616786843869	0.7095201671310212	1.945675508145207	1.0106797337113562	3.39001547960185	-1.970731527775267	1.0104473543153956	-0.16899323971448035	0.1996006555421072	-1.4177427248141228	-0.3019650522085246	1.6486590932222638	-0.9543703181056494	-0.3343586496450541	1.0490301171607008	-1.021235106787495	-0.865534317227929	-0.18145046583149108	-0.740639064399608	1.541343995813523	0.7259113541995428	0.863174435010916	-0.24862013753641604	0.6231838447122405	0.19036560407667488	0.20609654105172198	-0.04465003188712403	-0.605932226663384	-1.3474998901664597	-0.20322324763456015	-0.9487754403382357	-0.03350415499817612	-1.1087551113739504	-0.08824607052325124	0.8835504440706948	0.8102091914989918	-0.4947116855004331	-0.037420877943814795	0.5182034601038341	-0.010297659123184146	-1.1631423759246793	-1.2040006700138983	1.1694506667303362	0.14754382276850372	0.15044890761586646	0.6236157729610776	-0.9454186893207399	0.6209585130471177	-1.1039705679593268	-0.2748125454798414	-0.6699583337401744	1.2021339159177766	-0.771934353085224	-1.1617559847801013	-0.30870002864001234	-0.5519627332558428	0.7339631151917206	-0.4932579476798497	-1.0350187583854291	0.12715839766535852	0.3975844458568041	-0.6773586099567275	0.6065453765091863	-0.3652561694767892	0.8195428006025485	0.9016288282393691	0.18273536706937324	0.40034947549218025	-1.0001853989716665	-0.659281179707475	-0.4662960419441872	0.6895079308228128	0.2656613522218233	0.7263721779488137	-0.15050060047886601	0.0732450488657295	0.17968294900501142	0.8549152152148565	0.11318641170140863	0.11998313299814221	-0.2506176421208904	-0.4679716243877928	-0.4406428098435103	1.4770343019187546	-0.051615652355644706	0.6210283236979558	-0.907217839752048
DTXSID1044439	-5.223832586305424	1.9637677109078975	-3.7731095790235774	0.997325402766081	-0.5302375082870731	-1.2908626365344427	0.8921183119379648	-2.0744181021208865	1.8833326799025105	-0.9982477520126709	1.000226370726257	2.336851366741886	0.4324999674947525	2.147079835206944	3.5535697905463537	1.2351355653939717	-1.9596248810736292	0.14679011886727109	-0.7328977228832805	-1.341571202561518	-0.015771435721166766	1.9830903093935064	1.1595860176087536	-2.2039735419582795	0.5769044822224788	-1.3289486860894046	0.10717982950407536	0.9561815154220662	-0.22529662339614823	-0.7227700885462663	-0.4379291143765737	0.343094525787236	0.2542971285653669	0.581435090327663	0.049013398700508116	0.06552752507610933	-0.23132799014153313	0.3760321111814195	-0.5427869141490452	-0.7787406598867544	0.03883838967725123	-0.9951590357040296	0.14669175190238087	-0.6520741433438025	0.8639716347384654	-0.13831749824254735	-0.1686709868352501	-0.7362594589787125	-0.23501057701923794	0.2844641150271561	0.49217947141356777	-1.1508152870425148	-0.4535826087094666	-0.06586826984178025	-1.6404657740636488	-0.14236013477302378	-0.5763572044134043	-0.7552443659196133	0.35847227229445294	0.8266155733427385	-0.3740025858568202	0.6910959952058235	0.1439876577330554	-0.3635683274907733	-0.5973655306690131	-0.5780536161856654	-0.7113570200785312	-0.5316566353830252	0.4041052321044493	0.5236955912111837	-0.1028359244734171	0.06153375148254629	0.04789009756846903	0.07863749017484288	0.3388602071855411	-0.045497202141037925	-0.3374820481697321	0.32140808355929734	-0.326504908569188	0.10250157661104593	0.35315736306650736	-0.6492437756316906	0.12825937348042984	0.34962134989518656	-0.0583076259395337	0.3750171412503401	-0.04154836840477402	0.27747928565978996	-0.3816512421073338	0.06090473582482581	0.3771231909636755	0.44961077276707095	-0.4254211758947139	0.14546235799091192	-0.183170609234783	-0.08544809977407221	-0.10352528109408947	-0.10795837798361421	-0.20465251810220614	-0.28281154523614876
DTXSID1024704	-6.061732701886844	2.6610825592121756	1.5022199338323605	-1.4543255739250058	1.3022699791417383	0.9352005036162222	0.32796307059883445	-1.1887316151162963	-0.24008518244106683	-0.04414396497544739	-1.204785092956637	0.9014669664576425	1.158993793424972	-0.5789504879419465	0.10283555060961784	-0.9628415568401435	-1.3288995817636553	0.7827567190759904	-0.43900795938541165	0.6277189158767912	-0.6237990920721492	-0.45223986157329293	0.18914043878651138	-0.2820065514191915	-1.3030962674689297	0.5955850959842314	0.9557368662992654	-0.7920794263659978	0.43520969120060704	-0.6082312119765408	0.5840945525226144	-0.11866915183468861	-0.43966302259652923	0.17500826245870396	0.29312488527864594	0.195420707378097	-0.40311960506069405	-0.27047920818693477	-0.10926392213750707	-0.19813387381782843	0.008743521299915973	-0.21726274191416942	0.0537802015890055	0.5761108141793098	0.8079933536342022	0.10652101605964238	0.20725442135783967	0.2528769892221215	0.5008915385889607	-0.3067909546229655	-0.13781144690635408	0.6497972924343725	-0.22976857430560307	-0.4407635209017545	0.1267519383904739	-0.2870760991661691	-0.1909489289199173	-0.3586965212064024	-0.555751396831965	-0.21612385715168086	-0.43914495702754386	0.24186807070618446	-0.27785221134569127	0.27438987568853296	-0.2823437355895292	-0.37153832279135285	0.03483481495578868	0.024531147856002532	0.10130456133823748	-0.09964804466998924	0.33454605770470935	-0.2836382852990817	0.2847624821300365	0.8307014148579486	-0.3059157119843733	0.05976631413820673	-0.0003237272924466167	0.1340287581189007	-0.5477903148367567	-0.40695471129407773	-0.45237422113760245	-0.27281011535357014	0.44297033124779067	0.12133032684914437	0.14941158201669397	0.13249725515090846	0.14593573763736525	0.294115114041373	0.12816891623718496	0.2658174065097573	-0.051140140507692666	-0.24402329497074535	-0.2593060250844517	0.05709034710187481	0.03272808556555642	0.1578316296351272	-0.12471890038574489	0.16119636256538267	0.33753147037329406	0.046309629838758255
DTXSID1020142	-4.001604190308096	-3.413525756567601	0.7480358683689562	0.8549211420808037	-1.9216487372155906	1.0015969331733958	0.5694995987148838	7.198282317329841	0.7637329287403343	-2.669996997216538	-1.3965396332792552	2.982062062883299	0.5494868233984239	0.7751594630558548	-2.421441810854938	2.1504453817819824	-0.2527771214195094	0.08955515105570208	-0.4229995611732232	1.2629717400089637	-0.3346097841634341	-0.7203475752483683	-0.9515890352101857	-1.89373138670532	0.6127549593462851	-1.3865788607395364	1.6275456878344492	0.7622305777469675	-1.3174879992109834	-0.7341304311982154	-1.2589453192110265	0.01355235843824341	-0.5412719153009384	0.16431191706852324	-0.7971874635996472	0.3143063544072229	0.4006036018640359	-0.07201650625819173	0.6735745805788262	-0.5435240360039997	-0.6000819811641486	-0.09204806892118594	0.8359217604986221	-0.9599400865984755	-0.6996763079700797	-0.025869310607234134	0.10903205204659118	0.9059322222591465	0.6164308934809275	0.1620878152584455	0.10521968827920553	-0.1257325457741948	0.5462852867022273	0.40886672909580246	0.854641713837739	-1.0500735236003307	0.07380926833835111	-0.037457549277062074	0.4539347212381598	-0.24579431260105308	0.7667296738140907	0.2507390167895372	0.3990336531835455	-0.41816347409505966	-1.7128832240560465	0.2988784489692077	-0.7889039234911298	0.8061349636787206	-0.19387884706857111	-0.7429947553085154	-0.26029646863514055	-0.5144583049657805	-0.5813762435225112	-0.3231604771936791	-0.795792378630345	0.0240407629965216	-0.3426416790760456	-0.3287288314069875	0.24654590360106848	-0.32503711055381596	-0.29816198281139733	-0.5064045676888234	-0.25464186191958615	0.1732143381501356	0.15629690300079307	0.019376881729712844	0.21955859544957468	-0.05476108405711511	0.18658598055346637	0.7325181043987958	0.2755291496320688	-0.3185451577722063	-0.06217392290800598	0.3655050585790826	0.6660040085054826	-0.15841976184009257	-0.60796260388088	0.5961126422029018	0.7117638011649585	-0.03658057885452028
DTXSID1022217	-2.934726885037472	-0.9600570277260034	-1.3458248343831627	2.295729917440852	1.2964720480580583	1.1320159536490904	1.1402896570949639	-0.6029067106451059	2.0437645642792153	1.0592635974214037	4.516372428874778	1.6536857143513166	0.45299289002227894	1.0697092228219214	0.3849904636838958	0.23467534770472756	3.756912004491172	-1.9779303024320622	1.139382439704359	-0.553123827697838	0.5112704256461447	-0.8173475210408995	2.009570272786179	-2.788741829391443	1.748228626168403	1.9448986578773626	0.4996800755768115	1.0069236571568607	-1.6467491355031598	2.1250359829297216	3.39371339159863	3.0926508630036986	2.105300538661449	-2.655417911942473	1.121171533625996	-1.3230137258395294	-1.0225338073515553	-4.43696590017344	-4.111931899388019	-2.0973357262416115	-1.5098436209001151	4.501148414692754	2.5869914396881093	-2.1607793394744683	-1.9661812341497538	2.907637360888163	-4.113707930110901	-2.4732484048974173	1.2503822935843272	0.34686689868680526	-1.2104764944825523	2.506338897943712	-1.3694438410310847	1.7480034939645035	-0.12022791431375263	0.0003916225943614609	3.080182244218328	-0.19016889007822443	0.8459143020065433	-2.7406032456393823	-3.132710170627341	0.6214937806711612	0.34743934753105143	3.450655947605614	0.31926730664396025	1.1646277906568774	1.016672950414226	0.8138821939047964	-1.3794923972438966	-0.3484351490240002	-1.3848464109738121	0.5768224639314552	0.43182499169910726	0.7936547996152797	-1.687528509546258	-0.0010669346942725007	0.13821560539732733	-0.7444902184661474	-0.07676059269383143	-0.6818028634449227	-0.5158811820251628	-0.7540557979047118	0.6863875166810927	-0.1149969710512744	-0.6015086373873765	0.34072418482180367	0.8743555079693786	-0.07308646437217399	0.5072851129080681	0.2733123244909664	0.22770685296662097	-0.3125978292981433	0.26202890980292665	0.13061141577477417	0.028487444407329674	-0.30071901430948567	-0.01314765319830929	-0.0767611484452485	0.1000252922030388	0.39768123749490064
DTXSID0046353	8.74264419713374	-3.3647577957629613	-3.9758463505902735	2.287544333954356	-1.2515419244764039	2.07899000564094	2.483227008685506	2.585571162764256	-1.784992986962454	-5.82180313548356	-1.3531996351425855	-1.7655287380117177	2.5495971570860094	-1.6338710508168026	3.746621267928554	-0.048570692608211605	0.7375176634406726	6.4143031867788	0.6913518690926701	-2.6359125079519736	-4.5624456775346065	-8.807265071555753	5.956422701293054	4.17587744217748	4.688014604303288	-3.052615065817006	0.830411176055848	-0.09003039120255137	-0.4048798491622864	1.940415149065958	-2.829338615608698	-0.0013691924993957175	0.8240500527229963	0.11732408398843804	-2.2924344192447346	-1.5939270326193553	1.286739391342153	1.4255100789767632	1.700684302752164	1.0017916127202116	0.6581762989886194	1.494180287933343	-1.3163076143349184	-0.8742763819863474	-1.61846548410869	-0.7343249199005462	-1.1564849815942013	0.7726723312267887	2.020142711618531	1.482011476539507	0.2543352635414292	1.1686152871843898	-3.2014691046077353	2.3580957962265914	-1.6399082026135225	-2.4360683893489794	-2.5314610283269134	0.6208762389221545	-0.15429559956191838	-3.1302648014506658	0.485399148269789	-0.7743969143163557	-2.8138582184563203	-1.9918131320536863	-0.5248590665995162	-0.7002826359076565	-1.98252008923535	0.4337870064572054	-1.2901869509183346	1.1497972633661748	1.4580282223902614	0.41402816010173854	-2.1650023562370015	1.4184382607983093	0.23515704904460769	0.45219704400670047	-1.10798224187815	-0.5621033105987878	-0.9642741267868483	0.26350789570516264	-0.176532702671259	1.2488336312343493	-2.6375186830227264	0.09818366388104403	2.0402340098374268	-1.0377898152551197	-0.5313257222278421	-0.14392305599602254	1.9695365714784243	-1.6685524427768552	0.6332126489188955	0.9540617168945998	0.1725933723333521	-0.6301391491133187	-1.2098870569360975	-0.16221159457454407	0.5286340191881773	0.2454598729415875	0.37228556078746805	0.6890978580753523
DTXSID6047105	-6.259435846713507	0.7320611789740695	0.8637613019335448	2.6834545421685903	-0.43477836804061365	-0.8648473733587462	1.1143450603766085	-0.490079604002398	0.3466866932590776	0.2692915085721803	2.461117695365386	0.41115794007697987	-0.2909941955532193	0.17721812727076294	0.5332479507453469	-0.6275293821163014	0.6844331741088794	-0.9758891621490612	0.9602527322169876	-0.7200048210859595	-0.3719070976878477	0.18318791220481973	0.6047000734306617	-0.20000175845162893	-0.006427375788676944	1.308445080063769	0.4803520263904319	-0.4182658332850635	-0.4295197112689649	-0.2602361356392219	0.4488180496851887	0.5658292923666417	0.3464976124763107	-0.4995745429568885	-0.284680510921637	0.7253988834321997	-1.0158422457888763	0.35378552475251446	-0.1114776997721252	-0.09849870715064593	-0.058238139106333096	0.02014415280696984	0.053907655645937164	0.6426590138674644	0.3708997052739126	0.13512537587548132	0.07021411867164322	-0.16635949385651308	0.22474576432210136	-0.765941065244918	0.5368524369501853	0.17818029651650677	-0.3632203296979941	0.23104396949272699	0.05445634858378288	-0.7266286039003491	0.878211400886185	0.03983974885080387	1.015574780150892	-0.2171576472037045	0.08575498911454012	0.5498384094548642	-0.05673684881121604	1.2636652227356133	-0.2450928549675178	-0.24741538830383644	0.09245497326020924	0.35550231270630117	-0.20540966431199348	-0.3478302440364529	-0.19913905354976996	0.24621360030346628	0.20745753107110954	-0.24246244679379036	-0.275803832008812	0.4080452787242886	0.5353133180895612	-0.37263336690510024	-0.12398255749356848	-0.2433331053011498	0.4127927114171372	-0.23470469106778363	0.049528975916886674	0.3485156063365284	-0.2963416623838224	0.027485726762547166	0.2586464035315342	-0.09704486198912116	0.13957134079190453	0.04884630801732137	0.12381699558265516	-0.04194479302864741	0.028485316793823674	0.21587756288474388	0.08832278119855841	0.26256535063430153	-0.03638892747755701	-0.04827260348297611	0.017412790887091474	0.061210736322714406
DTXSID1022055	-6.8881554452202245	2.9550347325027393	-3.073278387253241	1.4622720746052977	0.6342771257214783	0.40182459913262625	0.7570034830701279	-1.769338006598928	0.7566211452890919	-0.1288460757341464	1.10903299865645	1.0292677262171899	0.9561542017043344	0.6016617219543827	-0.1814755416898439	-0.6370012346501259	-0.768943894628657	0.6821074384875965	-0.16181388737345792	0.7666484995590559	-1.1969732229640007	-0.0009190065465909369	-0.5675266229763565	-0.47090154629244324	0.12547489364786638	-0.09341552818361223	0.5138455305189136	-0.2995821633340935	-0.12322762258412034	-1.37416853379781	0.10255648717993808	0.34697540238670715	-0.3674089857900636	0.36663788009335707	0.11491664440076722	-0.09612053828485805	0.46558568298962233	0.29411531839754024	-0.11489394435409363	-0.3274739501287203	0.4533854020057666	0.13877340955928422	-0.18615139459309796	-0.5212997680408874	0.5707240430179674	-0.310616915421175	-0.26614592952897276	0.1393096475884208	-0.03336266853886239	0.5624643502011516	-0.11689777854836216	0.2703072919885459	-0.3080557067008136	-0.4026008665844284	-0.06513922388072256	-0.6679436864499919	-0.7187448852000261	-0.7590512217770777	-1.465455106638344	0.1889860727539709	-0.28400322401064737	-0.19938277937833387	-0.32227593789981696	-0.40051383552341846	0.020442146178719776	-0.28375925376859445	-0.20347621495530613	-0.05228605763482982	0.35953839390705095	0.8959557110165502	-0.841509844866797	0.2372062563108085	0.7427048231536492	-0.15501511223679107	-0.6109962855573142	9.754397422275504e-05	-0.11822044893363355	0.4233934515555948	-0.7579445393036621	-0.4799540390316204	0.6092025024352112	0.24507396649778038	0.3942665350320933	0.017554611003146224	-0.12471604573009519	0.2746046435209587	0.11901937753853371	-0.13026582616412982	-0.7072265167786033	-0.3554368362656214	-0.21216368728948326	0.6866795300549124	-0.675575717572083	0.11661118242930832	0.10017793355967845	-0.12223942538792747	0.7133956401503943	0.08257144908543962	-0.2174075588676048	-0.10999300499587539
DTXSID4024276	4.287379690835905	2.4134512762003535	0.9547066782288903	-2.4445542024911178	1.2125521819170133	-0.7379706081130696	-0.9250244197690738	-0.34376850531878433	2.145712191875683	-0.8701366755492572	2.1306566100386624	-0.09143162139435408	-1.9298505352745472	-0.09250640784287956	2.356278604788806	-0.3101114675275588	0.06999292170303319	-1.2272544822888898	0.6640565387791786	0.47778721691952525	0.22824029783458438	-0.9698641288046699	-1.8254152045279515	-0.7344813906326854	0.461612395187855	-2.7462320765226016	-0.5698512580458875	-2.892995588623735	-0.6301491767023293	0.20784907266785957	0.7907018946869692	0.5653797814793373	-0.9864762495854976	0.012599889660267724	0.7239580450201626	-0.3693856833710896	0.5714238186777412	0.4739358066786182	0.2933969830392423	-0.42975387924570857	-0.5010277682869347	-1.7680752020974437	0.34333909368532084	-0.24626723818109386	0.29537146899066324	0.3941118330006675	0.9909807175367762	1.0961818779647825	0.9894111251489816	-1.2591917537364261	-0.22384226830122264	1.4431169622943074	1.304644588874556	-0.5822614788910555	-1.0907821610785828	-0.8323280928339449	-0.8167639781505281	0.38152573043867294	-2.304535180779887	-1.842848683837461	-1.326687439159239	0.6251947072731702	1.6721828728055814	0.012837553768076937	1.8210254487446311	0.02671771339451043	1.1609855411446968	-0.005784309186496317	1.3149142534495288	-0.2955978951143518	1.2841270059477408	-1.3446583259104532	-0.07224569602577541	0.2286349006007934	-0.01863496526433337	0.6132271195010657	0.2789224780593288	-0.4569504537530697	-0.09658435721234038	0.5193368086160299	1.5101325877864995	-0.6523061171134693	0.25293674133587535	-0.985424845093165	0.16652233503257985	0.6157476489220409	-0.4094455125195401	0.23707227002073797	-0.14478683920284663	-0.19634251592228535	-0.8848254895972036	0.022280244717406715	0.8774450612435701	0.09595963912656691	0.7378944253976659	-0.08247811055626286	-0.40024473059534627	1.6060106788801716	0.5824339066799445	-0.6542251424919288
DTXSID70379730	-2.2520494252380283	-4.135191175400759	-7.290886222321344	2.4762481815818633	-2.7585106712136502	-0.06056757771445868	-5.495015868476372	-7.4754685912273615	-0.6773359146993805	-3.4484912687373956	-5.133072096179297	9.803795628393317	-1.8858603112397394	-2.259680716359524	1.067020741484154	-2.841119896661354	-1.3431626698277401	-4.442462906250266	0.36069169232031767	3.738852530601837	-2.4857497397174586	-0.6400100717338177	-2.331133134901567	0.9698621491635896	-0.9235089664172637	3.9325840030486128	1.3162036533024752	1.4282371270202203	-2.814216687807229	-1.733215613400995	-0.19566369770712655	-0.2705071646016423	-1.9366251193514958	1.272318390168937	-1.0400590712637714	0.5647289123986395	1.5625417389370664	0.6572196772528732	-1.4771119086921205	1.5102378734136723	-1.961495661981757	1.0656875394575633	-0.07556768986671741	-0.5185908099335411	0.31221105071592714	0.22448525888544563	-0.6643693398595845	0.6693864529866712	0.1592319180240785	-0.7747378264837201	-2.3753293983803054	-0.629891063577785	1.9784548691501571	0.3414837507003848	0.7669164655743376	-0.6697635837520257	-0.460004918456707	2.178769764842811	-0.9958189335834458	0.04618406544492117	-0.11841058689479139	-0.5195103108917402	-1.276885727332192	0.9387603344868629	-0.3649099997019422	0.8668246503843824	-1.0958350722875747	0.5286960113773248	-0.9764993581917889	1.1342978099572631	-0.7191304195307222	-0.03733093819765336	-2.3858467634120726	-0.6715330186129141	-0.28303261118176226	-0.8986411647441106	0.3623834147361531	0.37063933516929626	0.2680745880774858	0.3485399573412559	0.8698536639258955	0.912165372673077	0.5404161969535478	-0.8975142414015723	0.7485573455539206	-0.7123344428159737	-1.8845947580606943	1.8458877958874615	0.18191671328900128	-0.4675275790716367	-1.3652744316840715	2.7750370834566356	1.0345117569389408	0.5541987068614422	-2.7354354418483813	0.5154456664406504	-1.4183654168167392	-1.5200316952670156	1.4757103334553776	-1.473673825353039
DTXSID5048180	-6.787447615492583	1.3692989095338264	1.0032398912318927	0.3810957575196391	0.09798466388295075	2.181563764188253	-0.4165504957121908	1.6911864945554635	0.4495218191193863	-0.1263739607710957	-0.7190684807911933	1.394305675765269	0.3118224472214298	0.763417161734482	-0.4868576777560264	-0.491567623337979	-1.0055162001711502	0.5009901438549602	0.7487473875539554	0.09927369362301776	-0.6270205544032647	0.6947121239531893	-0.3500420561261363	0.30805014151962373	0.10713420914384343	-0.14412468682974286	0.19296667597481115	-0.26037628210374447	-0.19876632621693607	0.10505217686686476	-0.39411130980799686	-0.31182336589465054	-0.13527601268083286	-0.1228488507789185	-0.22906728114728936	-0.10686238744617475	-0.3799411477773206	0.2114504352292588	-0.23767004309444142	0.34415957743396874	-0.25695698233724784	-0.6461517598548985	-0.08638583331781347	0.48934307657277026	0.34427991341153685	0.024175525185444517	-0.22422272638623805	-0.01891335738753286	0.3989338587607713	-0.23727990350291145	0.02580359476259296	-0.11969623747915893	0.34641558750905754	0.28770221406664076	0.09774062922142025	0.2140359435990032	-0.3374371451102399	-0.08737931077112548	0.00026887021787479215	0.05671956846576813	-0.1662459857417448	0.38214935198423067	0.16448692599779705	0.09668806940391912	-0.354829908556592	-0.3178729786104367	0.0015866654261491326	-0.07906002153316906	-0.012679163198498319	-0.050166759020999284	0.46543233247301397	-0.196228002453092	0.01991798211697089	0.4402156076424214	-0.017992126582789668	0.10265143287759002	-0.06580762971899862	-0.16477971846067183	-0.03446143717459994	0.022699057880653514	0.2025854270577364	-0.38313721014989416	0.1699548341852729	-0.06777688915788602	0.18683790129752528	0.09144631715843536	-0.028274522737712665	0.11181189079258153	0.06318976726091677	0.004478858498383586	-0.02973849110124986	0.06297962021915447	-0.2560844787316891	0.1644542908074404	0.036241510302856654	0.14220779399659597	-0.12688828065074123	0.1739721633615731	0.29250343769490617	-0.08556303425948575
DTXSID9020241	2.614023449656512	0.43952540716179356	-0.09908415000366022	1.374076214490238	2.341903041855112	0.7419447150551255	1.1889089379394229	-0.400113492137227	0.10723261379155055	-1.5329683686694724	2.650580922089952	-0.8942492194892201	-1.3666869146943152	-0.21806708968308533	1.4037198811608587	0.38441312652390375	1.1802753267993786	0.5743597550594665	0.21255381061369716	-1.164449655511532	0.5370870892699312	-0.5015041034816551	-0.43189017286444786	-0.09997504787860521	0.16402269821064658	1.0624503773996434	1.1084356667504507	0.9798142471518747	-0.9081530284043233	2.1051248422992503	0.08802551740995916	0.4880167823840191	1.574623678052827	-0.7672252067710841	0.21548846145556866	-0.0023195223501525516	-0.5121601898886758	-0.5085451444832402	0.6192980611296635	-0.13332027506343413	-0.47671377255817077	-0.24776505343683417	0.1963394178497479	0.7193054468164982	-0.3768900250610073	-0.48498271240087953	1.0787617387088073	-0.18721212946671187	0.5945235913763705	-0.9817412989904296	0.3595740807861683	-0.4352511130310882	-0.7277177295456586	-0.4421581320536706	-0.12227059270960486	-0.594245421237719	-0.2412311418796345	0.3321322733053189	1.5709659881071858	-0.6222316477204541	0.558203456122498	0.3550249010074207	-0.6304190587989605	1.2277927700122997	-0.8629867155181328	-0.670833349890957	-0.612020649312294	-0.09825275231671737	0.1710108154698796	-0.22885410806674375	-0.09524658881295547	-0.058854984127841355	-0.4730039100397916	0.2629985147718473	0.006910816511312236	0.7023806815330408	-0.21599795527739946	0.1251427072169121	-0.3858393468162143	0.11578044609642199	0.2402644736383553	-0.9245434774382003	-0.650042146481192	0.2370321635402673	0.784053333992511	-0.26451874977308115	-0.3015124341119161	-0.5650422979687704	0.24670317684206405	-0.7745951722029378	0.8346747713744216	0.3929306141301212	0.25665791909842495	0.4684640325711888	-0.3248892706508859	0.16278467958596804	0.36744947561209695	0.13726141972365002	0.5196617200599978	0.1856856787099772
DTXSID1045582	14.832102557280171	2.6194277005506534	-2.379265639259652	8.987945859467567	7.547669343634954	-3.353855717527778	-3.2121815387595873	4.139667224594577	-0.9379085490840344	-4.386801832241123	-5.654473292728993	1.423588594738195	0.9331560983318449	4.768412196160057	-2.7650342402961003	2.864915281162524	2.775446775312427	1.0126587461518934	-0.22825933922987068	-4.547474713428553	-0.7862595125688455	5.147562553062307	1.7603810898145986	3.3884853837224247	-1.8560969753689698	1.84955155697196	-5.782463506660631	-1.5858452898391875	-1.0240183758645838	1.450231502833897	2.241763942728908	-2.3366737075948705	1.7963907426005186	-1.638359173895124	1.6017406163184906	1.0960910784018918	-0.8480405653718309	2.361448655331948	-0.7098643948205403	-3.4912706375789635	1.286613195691462	-1.3329735530773095	-1.0205358740948824	-0.9933913896973291	0.07084589548720827	1.8454393673397294	-2.5240073422343587	1.7452016838767999	3.622615735356195	0.8831311115510283	-2.523861473185459	-2.722097598526986	-1.5176793314969126	-2.5238465304556224	-2.0709733546935007	-2.879529500340569	-2.2490761695315613	0.906520281980589	2.358391059250981	2.640555272213553	0.32286944416413893	-2.744084009810292	1.0437092910907764	-1.5073072818789495	1.2866278289194883	2.4511478156926034	1.3104459210367898	-1.3728388085719956	2.957537117830206	1.7413340866233071	-2.130854973686494	-2.604634613266585	1.1849704734630218	-0.11127712769848218	-2.038912736195985	0.2732841475888136	1.6967199443777845	-2.323654206283857	-1.189886211096086	0.11453271619676329	-1.6470594572502488	-3.104396423166752	-0.26517405325433646	0.4929760442551408	0.5054257491857895	-1.9530801211951028	-1.2997364305236538	-0.3349920451743736	1.6384820328269993	0.4037538736249421	2.814648068998284	1.9744689700858944	1.7387277525197526	-0.1029192951269022	-0.012888021210383635	1.5819962660450995	-0.957762482202735	0.6222180326843121	0.5110630794528728	0.8232150884389599
DTXSID5047087	-4.477996534680445	-0.5262723156743734	-0.9601016786071273	1.3674259225183674	-0.23051442108261228	0.8466721313462371	1.1301488120964234	-1.6612806656737475	1.8086349812289222	0.383671285826167	3.787070795920893	1.225143551896288	1.7917057837452093	0.7841121450897366	0.4703125331568451	-0.2427755443183062	2.0354440256231014	-0.9686816056078174	1.0999336250070655	0.10788546692179943	0.4591320473318612	0.45365982815652633	2.1886890490545716	-0.8488653617470796	0.2504656749265158	0.7142119978283503	-0.9381056790196023	-0.15198624734629745	-0.6346674533489987	-0.9792800306094185	0.6093805638626787	0.660322877580359	-0.38829973352579294	-0.3032944159891605	0.20810513168826192	-0.2799073848417842	0.16654725249361413	-0.5567221230481372	-0.2892227814188976	-0.39549186668204656	0.7420841978525787	0.24677023162058906	-0.13187367560153998	0.9831905791352932	0.4015453357392194	-0.6782324362282165	-0.45873846539251634	-0.4931854194073736	-0.5831405847922738	0.47096631586197046	-1.05513651139304	0.30572081705729404	-0.6143035521871396	-0.5732417321508938	0.7009463035447723	-0.3071786149619491	0.321849840795637	0.9297942812764514	0.23492715528233352	0.44051990602650837	-0.6595083658614289	-0.33215079094326616	0.8892202526642118	1.0248094579665412	-0.5174027612772203	-0.8349167090010821	-1.0386046726385425	0.7811335437254505	-0.13601064719449438	0.34647127576326	-0.05965822443549209	0.08230568912896706	0.2962781729699274	1.006059121285804	-0.9384097801518964	-0.23386130757426865	-0.5228624399246194	0.05845121741393603	0.019167326268230457	0.003909619917336573	0.10472304030044248	0.42744865952748107	0.16263331856479737	-0.4842430846670943	-0.15700016863414132	-0.14893276771177968	0.027886108752629087	0.22588810061831086	0.38841688444018724	-0.19059427980991817	0.39009935379522975	0.26167254501702686	0.14526395252462787	0.17463433910482423	-0.39382192666416044	-0.4180058739478205	0.16766673921213773	-0.18634628133007522	-0.04530456886741094	0.19808970710694326
DTXSID8047769	-7.291848846422381	2.8309634126519145	1.4983361945525409	-0.6438088635471669	0.43406845889682477	1.0921527625047078	0.025740315450100793	-0.7227425156241488	-0.007081961352601765	0.050925238856063884	-1.039878939327532	1.0526759816313098	0.9096223772806005	-0.6127541044515407	0.15022819712164945	-1.3337703464463937	-1.5549595895051451	0.483841652234808	-0.17114552394715848	0.5973975746521579	-0.4297606895283152	-0.4013609079024392	0.4108662420358622	-0.1997414573962932	-1.275688958791032	0.35389590963047207	0.6443900876934741	-0.8509694225552854	0.7059889996660076	-1.4444613001139033	0.9332536833003113	-0.21208558570397723	-0.2201771022700689	0.3495777751294029	-0.3196979906885236	0.40941240303260784	-0.913992318643691	-0.28871768848780227	-0.5916434712958283	0.021118352919237526	-0.10208014758307649	0.007649680417876105	-0.14460981349562269	0.8483484462326376	0.9836719258982974	0.752201524582991	-0.15522747857435315	-0.10682664525896994	0.4646420423223652	-0.21710015794377102	0.18146803211199358	1.5709653192326896	-0.3313758236937644	-0.04786595602369013	-0.11009022327233921	-0.14883736227684466	0.07312649439689589	0.5096566676264048	0.06374119329573544	0.2711104759832024	0.2311536888068297	0.059619593471145454	-0.40725813845332365	0.016411174945348397	0.2911686240635768	-0.6143045121239048	0.10984123391254327	0.03519267005523801	0.019304449580666745	0.1461718511216661	-0.06524805287489362	0.32695530607498524	0.030267447717267294	0.04112775520349772	-0.13120086508053055	0.3880734832714934	0.060910198581264716	-0.04450470211315913	-0.1540958319793105	-0.3921614253187676	-0.3393222894099244	-0.12021709993646928	0.14937713613021528	0.2508545475550901	-0.022375441556066265	-0.11285963168179422	0.303747757666873	0.03582441640334149	0.07875883837734146	0.2021843149054226	0.055682870225988286	-0.13386665186130844	-0.17484595495433514	0.29679294303900855	-0.3455630794098146	0.4176094918829706	-0.009832802011266151	-0.18039143931091517	0.006429575852824847	0.14491458303940494
DTXSID3065586	-0.9845011649132699	-3.506337331595742	-6.235400501024762	1.8069415549396957	-1.7568696193828732	0.014312682113313997	-4.465795345788806	-6.437872274171982	0.19256320028169685	-2.9578240929007618	-3.0346000119094563	8.592722758115814	-1.3015008882375418	-1.3983581843719741	1.5576190968743664	-2.8363829750192338	-1.3498311153989428	-3.6646818583250056	0.23646157568486942	3.235270491522292	-2.415776707710697	0.018526522122036	-2.0059546962564	0.4361583846945621	-0.30399188766072244	3.8634822428559503	1.3384655296917358	1.1845903663068318	-2.8741527705227234	-1.3758732658310198	-0.48390579065334693	0.05559778934342973	-1.054011947931597	1.526568223381238	-1.0243481210588137	0.20478075359392636	1.4774745006028764	0.9245259288544093	-0.0594187660485627	0.8778303619873938	-1.5494332305403125	0.8995659801046859	-0.036475437441755645	-0.8888965250553417	0.6775458807771377	0.3881655430058077	-0.5169979260184389	0.8886226547715046	0.5781676198726883	-0.31984561411792833	-1.4521696631090184	-0.13313905208626378	1.4062720993182185	0.06677129438673737	1.0148482521202056	-0.7252858616392669	-0.5099023227672143	1.4189543373265883	-0.3629678377421943	0.22514509786105555	0.07422802534050982	0.24451496446065774	-0.3218018138051177	0.5509274017502896	-0.7838414661677955	0.4965591626909051	-1.045127236856575	0.5599915704062484	-0.5516844759850981	0.5617243995111804	-0.9445877038436883	-0.3005488489787008	-0.5596087106444186	-0.5434207761336425	-1.0325295574419704	-0.671135644056665	0.08264637711714583	0.23329301893420282	0.5848937728083256	-0.08428709581635596	1.1129028337102458	0.28570582705663355	0.3186274941547625	-0.684844423626961	0.7480086959463708	-0.7029193984885799	-1.2043940575659269	0.939285420501984	-0.42071086755876985	0.09519447473182636	-0.5646753702779518	1.5027852143005216	0.25957980353860066	0.8677778827802877	-2.3555873030607573	0.13898234483516655	-1.0778479042245253	-0.6973614705801656	1.3452117160275319	-0.6739440111693911
DTXSID5025310	-3.5172106959364973	0.16361216636259446	-1.1708740840703484	0.08328273647606552	-1.0253509823363054	0.6975923464197474	-0.07490200583399731	0.30109969401933645	-0.012992966296757705	-2.9725422851900825	0.2168847327037859	0.09093238380433145	-2.1568810249653407	-4.066044595042155	-2.4428575986996113	-4.417347438629089	-2.7924022801439006	3.532312850321871	0.769146995387279	-0.9883399029502937	2.096423622558028	5.853541553170128	3.675088003413368	-0.31849213840971313	1.3400230691118877	-0.7334283658372961	1.0527217614045783	-1.1394643175915746	-2.266236216089666	-0.4457807765287852	2.4260851136455166	3.2351999018274267	-2.2852322283970117	1.4694360970388722	0.41154718563036374	1.1516328952458132	1.4998127958761835	-0.591862482898612	1.8383907427735764	0.811241907973504	-0.4713821637020173	1.2259232529911939	-0.5694889775464648	-0.45739767843954493	0.19613333332942148	-1.1835797002300608	-0.3565948583562255	0.08882364509462869	-1.319293116749929	-0.6750857660682048	0.7555711316158376	0.15262729699373467	-1.149458478435028	1.0987352657622589	-0.7737947005620519	-0.4342761501549341	0.5152794256778628	1.1874135158541583	-2.60290614802642	-1.5638749737545337	3.0631915964705705	2.1319104571073595	0.06874712089252263	1.672334121596969	0.9925979384559187	0.9736714527060151	-0.24201763049952638	-1.7921604563138498	3.066788428530484	-0.4299427853045334	-1.5899521244447838	-2.5837048925347683	-5.7536266752837255	4.7714673931964615	-2.791814018266778	-2.821057567181813	2.2343381326499916	2.6247704380660943	1.0584232753958198	-0.16721889687310387	-0.08854142330270678	0.22893318612840335	0.3370535082555626	3.0406666463397785	-4.344901082963654	-4.32141206434735	-0.9826805901074409	-1.985342225021604	0.8628524213543388	-1.6664469600732934	0.9976207446213662	-1.663596196268309	-0.1358202728212478	-0.9779930238904615	0.708753258619	-0.42045191527892994	-0.7409539823784406	-1.5467791967867661	-0.19013717251772658	0.43681973967475207
DTXSID7022415	-5.6806282492892235	1.5929248658874449	3.3397756594727555	-1.4544175808433049	-0.2089213317761176	0.9720326198422787	0.3070115798542877	-1.1023610583496328	0.0814643568318025	0.16547223496542116	-1.4650136563926435	0.28941488672067756	2.217245125595307	-0.8865972612953448	0.5247859405315127	-1.9070819986149439	-1.1253223360431073	0.2766206603148031	0.07449198446528231	0.6340744361560527	-0.11349739525333824	0.10923468967966396	0.6082187697250364	-0.3161437850671786	-0.5541705504249862	0.3888061087108187	0.5903537776081826	-0.5614642972818604	0.35213376441855215	-0.7560841745165385	0.779450513235303	-0.8682982471556783	0.3589569804955937	-0.2909768542820764	-0.8178730729252317	0.5672141585456126	-0.48451068349339993	-0.2300532654555549	-0.20390527085636453	0.029077505522987226	-0.15863936392376726	-0.8298838632616199	-0.4021402275222947	0.986348399233579	0.6138524210469546	0.3867541907846199	-0.030547801384656095	-0.6142419282062822	0.8433506850654513	-0.14826378734813633	-0.03480261537055787	1.1291802845168348	-0.07217699661802221	0.2184531883212369	-0.18241205094029178	-0.019290268605381168	-0.1164123965265616	-0.14202529566593491	0.7439578415487395	0.14719093898192145	0.13371008862131828	0.32184708333651457	0.23715431848122484	0.10086023629174078	-0.1899715179421484	-0.513410968938057	0.10719829746776327	-0.02038815888786049	-0.024698553366204218	-0.1975953560087472	0.3090999118683377	-0.027185888632355354	-0.16074163784737924	0.19323321166156646	-0.012587873140571214	0.13704558642969158	-0.004387896720332548	-0.13026057482814235	0.00611334480423336	-0.27849466895339187	-0.07787295661702243	-0.5485075214196599	-0.02449049065923703	0.379142904055792	-0.17314833926102594	-0.011613833951910226	0.11952273125912087	0.17572108203330714	-0.08949355216890276	0.00902514884085232	0.2005340901006535	-0.3278105948917954	-0.04319099253267074	0.1273998555965413	0.0747637866520909	0.0314040629749254	-0.4006922062770208	-0.19054523778700028	0.07456009843422685	-0.046656916756445684
DTXSID6024701	3.9267345080691944	-5.341920214149876	5.346249671317671	-2.963356034591151	3.2733010401608373	-0.4047767199094252	-4.014075353966415	-3.069388055227363	2.391606615195532	1.414993971398365	2.9001132200787345	-0.6621679324253178	1.517465247211849	-5.258809172072838	-1.3766766808519226	4.330865435070947	-4.252060272694412	1.1465631530209164	5.438325907997512	-3.0969139264105667	2.127263485494597	-2.1705535215358887	0.7359779297627711	0.18233556764947803	-2.4835173038886063	-0.0824743585079181	-1.0182767443984269	-0.26571911560720113	-0.6213273180443298	-0.36615796159032715	-0.7246203475378994	-0.8401795311903805	-1.2674260827478108	0.5758002696745883	0.42915716858338165	-1.0705118466374324	1.6455938949648778	0.10816997830673425	-0.32113757658050934	-0.9451239438140279	0.44601527691933307	1.824908271873293	0.16786752226477553	-0.8346009192063146	-1.0531687678873005	0.6792483283639998	0.8841079671620917	2.0632830733898966	-1.0099377074040565	0.27731968902974335	-2.003998438543061	1.4301847311956655	0.14057856396191043	-2.3932283152831673	0.3368664790680142	0.4244393397591336	0.5211900416181071	0.13109005095488402	0.08133536999737927	1.0969485211088896	-0.5926170411131698	0.3190295038690681	0.02939289959849666	0.09898923765818422	-1.2325631552101672	-0.30928806675880416	-1.3971670504376676	0.6557672194772161	0.7802582009529568	0.6735957721004538	0.08920208001574004	-0.5418200971465288	0.3676652293670484	0.673549902023398	-0.5561115436219731	-0.37283797613006586	0.2532392336787746	0.11860869374951734	0.5481427984740033	0.2480826590089998	0.4033642199073979	-0.13162105844210423	-0.04002288172361669	-0.1790238710822298	-0.559483919553668	0.3089782681695562	0.31775755571996034	-0.8820548504311009	0.21883897109798772	0.40454857722620635	0.12065427192357221	0.42597657570082503	0.20482900777223212	-0.42179317070832345	-0.4200729131792286	-0.6790642430460244	-0.5704576096466536	0.09003991483476945	-0.04696634319067032	0.05751039194270086
DTXSID8045802	4.720446129006315	4.216517469576109	1.055232514139725	-3.8098453573455173	1.6886317390779262	1.5979280694867386	2.5635804122957704	0.9056139143332255	-2.533782750060345	0.5710380909272178	-2.690713361188065	-1.6868831811207197	-1.2275688975862702	-0.43821747337248457	-0.40854861659742475	3.0474017845740016	-0.8099071772647324	-3.0847992881661646	-0.19253183330615414	0.027791536747756158	-3.0294908906800533	1.176279201122707	0.7859027429053579	2.0800724260585994	-0.4847008755307322	0.39212305088110766	-2.2385820963113727	0.8981096402310907	-2.5976188453113305	-1.088330018495754	1.1494063309950675	2.457417737969181	0.18769120898798067	-0.9500521523693017	-2.106762161986116	0.6942422083922426	0.8432213542653105	-0.4928282374984021	0.6204823336436341	-0.26982876965995556	-0.5302386518672483	-0.975662744488275	-0.7084278818923626	1.1326653433824485	1.196713058455378	0.4238894573898728	1.5585389252874833	-1.0911382170706996	-0.1210751602033592	-0.22141469921208268	-0.9853279760160587	0.7685840337530381	0.5196901104368669	0.4402109843952085	0.37120010204670106	0.30469260985965163	-0.9901870676691614	0.4009849014021093	-0.6195250889349411	0.7539691645551291	-1.0581693134835393	1.8022163563235936	0.5164329062114755	1.2187219838226993	0.5620775484376956	0.20467104015777865	-0.16604829650651035	-0.5398677460584212	-0.5095911797292856	1.1954596296849256	0.24797418188077833	0.8959468842081064	0.2952473688628793	1.4953376456596772	0.24691194191123506	0.4455865329990074	-0.4802517731049666	-0.9542123606016809	1.1287191783878219	0.03379674073485864	0.2555112878597902	-0.7436540999170416	1.9324353996377934	-1.0425237528032858	-1.2693630573290584	0.5197675691512617	-0.33301365344820005	0.17260122025221827	-0.8222886740394614	0.8626371151174093	-1.3658181589257332	-1.2745745809500368	-0.10302330557387669	0.018114879844994308	0.33729320820450326	-0.23685543683578625	-0.3026920984290394	-0.6253757716953422	-0.46409372648241404	-0.4934615721051615
DTXSID0044236	16.552318764023198	-3.7198498757337735	1.9705880778634521	0.16689810751112827	8.293232595761227	0.9286704440277564	0.1761832913715007	-2.0463371225042866	3.2892891434423412	-0.25950259715557095	5.838005486066558	0.2641946432157695	-4.282455621729871	0.6923391244805625	0.08077152862325725	-0.9070937991642989	-1.2140813846778025	2.603562082368812	-4.41197357184785	-0.8405434759714279	-3.079388609480285	0.3338257950318645	-1.694839762038245	1.4631676435779086	0.5386148620911384	-0.06090767717747372	1.9329593766701518	-1.1863442575864873	0.7859248285918768	-3.711817479817168	-0.023239699485650633	0.09375658812340068	1.3122858027401543	1.1447546248754004	-0.41265070434870554	-0.7265828576019729	-1.2344409641445815	0.22531533624602368	-1.7901247750206266	0.6367733562929047	-0.08325440547771201	-1.6574404147679376	0.5224732557621837	-0.14045035448848148	1.3331571256092092	1.1639353174995501	-0.83393844709349	-1.120672162590076	1.5419052464976326	1.0519479747192793	0.25930195392950695	0.5332297595617135	-1.71416479631669	-0.8317401040300865	-0.29541658097686174	0.2631913725458009	-1.007778385047537	-0.5381249427434422	0.3265893468572466	-0.12296316660443929	0.9775397899174902	-0.9330180348153514	0.9450548427829093	-2.8785519639499237	-0.4530165772541659	-0.054646704270724177	1.1517099267349253	0.4996392736994392	-1.7653572492133625	-0.01764180921979994	-0.2654982271616625	0.22201687160534528	-0.36671830254138593	-0.6257786908029742	-0.24628423146996725	0.26299858284216404	0.1957809043150565	0.8553461884535283	-1.8457879828583386	-1.3243151167361475	0.6616123882154665	-0.4046196519546193	-0.8025545035134657	-0.4687004525539104	-0.10520621044537472	-1.4508132029173855	-0.9963970605084959	0.05943760372510371	0.08837802655570923	-0.16757259584552045	-1.0000168581313575	0.3395518392350211	-1.3060125933997524	-1.1911088330599946	1.8458708867741096	-1.1219704861486965	0.8618674037088659	0.001985932319191487	0.8852996555038878	0.38821700948949445
DTXSID3041299	-2.167373617781548	4.679971740044529	-2.7300350085275347	-0.7395308085448472	0.7832753455826337	0.9489321815910339	3.2376090930108488	-2.560810664212709	0.29989923330149626	-0.1100689344100262	0.7032651401683142	0.4531413487555043	-0.7478260085006946	0.9300025872493075	-0.4297013389827001	1.4492953920767984	-0.7544607837910658	0.3955546683148548	1.4607863822693328	2.404330188783333	-2.178770668169927	1.8677084620345548	0.3361954691350928	-1.457052471608719	1.4900632715424935	-0.4685874624320377	-1.1912317982000913	-0.3742961987330878	-0.382758527870726	-0.5297041859823488	-0.6550341921858495	-3.5569313131980134	-1.6259846910556623	-1.9933987720286404	1.533186234238577	-2.4661797527179137	0.7060238642946715	-0.3114661476337053	4.193321516140575	2.056355870340463	-4.319257246988487	1.1066740251518408	-1.5332391895434816	1.1725632246193678	1.2303151066654041	3.8691662584192135	0.8600524734256044	-1.317251441642982	-0.8531954350742325	0.30823495242356064	0.08679892987746263	-1.1652757943961518	-0.7259109257959421	-0.8843238998412156	-0.40430042158459734	-1.1076772138988238	0.7473754823893906	-1.6352372508299735	-0.5314545183509874	-0.4215382886094091	-1.0077120255221257	-0.2833940434347703	0.8537516325768794	-0.5608107942440633	0.754451230970204	-0.6038925209036256	-0.48471067674617435	0.38893521357386934	-0.3616984082530751	0.7233882687174201	-0.26841262180033737	-0.10123120262236088	-0.9145921417442151	-0.8451684850019404	-0.507135423113972	0.7101684591168816	-0.3804430677651054	0.37274769891268916	-0.5780035593205516	0.25134379092278536	0.568477469811889	-0.28614634602991806	0.2234045123548223	0.24856618934060765	0.26066064945928463	0.09167347673356709	-0.05946299412817897	0.31145368345099844	-0.4243188091374706	-0.059942037698856955	0.29115773083249297	0.7541869398125292	0.38883572909150965	0.2483638049520244	-0.12329103714704437	0.2911062431849669	0.3007067016108853	-0.15832240226180372	0.12441643736005481	-0.5251884044522128
DTXSID2044470	-5.8353813834095485	2.277217984772638	0.11749829246898552	0.810300768794663	-1.2655699236952882	0.7474999810483679	0.42954810635785606	-1.9252455282627314	0.6779907659041006	-0.06486683188079936	-0.03653199117171887	0.31376365648232446	3.244584161519768	0.5408784453594156	-0.8279113396416106	0.07290867057139319	-0.07298220383073574	1.2211041344526024	-0.6538191021699149	-0.607756067896577	-0.9571600547761729	-0.04963331386516355	-0.9318193400447883	-0.37976682524829114	0.7681971296122463	0.5323528008340527	0.7204180837906686	0.7524323986738175	-0.19945772945065537	0.3789477680925467	-0.009870962768449341	0.36534793054890485	-0.07310724154785503	0.6888930671531984	0.062262141336993114	0.5561701039624279	0.24778469329320915	1.172212334425497	-0.5724823363503947	1.36636474203627	0.32420773905294814	0.5222225105335105	-0.46487654645106385	-0.5324571137398351	-0.11103856810743164	-0.2459827678366078	0.3648419247431008	-0.15437759094673156	-1.0911711623378924	-1.6389124638404071	-0.33612572713634153	-0.03161886670560556	0.15939544368692232	0.32965891449244017	-0.4611583248333606	-0.4368559694886151	0.9458454453122107	-0.7241524224183007	-1.0178360525756056	-0.18329378599186535	0.08954348829204038	0.8442954795325305	1.204974662591817	0.3994755280611433	-0.09135355240309985	0.0027155907001352488	-0.2781383939314753	-0.10130814147220076	-0.05111693403655461	-0.4867871763469791	-0.09043480101332986	0.13681383939917285	0.36786147905928157	0.018065032934929597	0.37509965712230364	0.18149219971735742	0.23871335305571262	-0.15194973759912508	-0.007678215245235413	-0.25857208136886567	0.05809988250711931	-0.510868791621625	0.12090653921290194	-0.3235824520455651	0.4252039224809012	-0.6337136134433714	0.2704030060367262	0.2366150656544562	0.9584689051513526	-0.19143396958483935	0.41169289324614566	-0.10561971200443436	-0.27186030550230617	0.07686808450428632	0.02573505133702481	0.09554199769845236	-0.273859864289783	0.19827615793536246	0.4068309679246045	-0.08385744113439099
DTXSID4046494	1.2048094541001166e+25	-4.0845284177959403e+24	-1.0631912521197403e+24	1.798922593085148e+25	4.7043355829390586e+24	-4.285414222965124e+24	3.279136009539881e+25	6.011369870267164e+24	-7.936606861914514e+24	3.8316349678723344e+25	-1.2495305014753116e+25	3.3042236298018308e+25	7.901992872956123e+24	-2.8354114250490085e+24	1.0230202719816571e+25	-1.6940685301548127e+25	-1.0779832793715236e+25	1.7745656020496222e+25	2.19855073653293e+25	5.961969907762926e+24	1.6779465313941717e+25	-8.224113559823138e+24	-1.107443286135036e+25	2.7589292341771787e+24	-6.434184935919135e+24	-1.1020273055541347e+25	-5.445897750796817e+24	5.687279383596022e+24	1.335851290532048e+24	4.840045321141572e+24	1.5796066151890267e+24	7.604135300556841e+24	-1.0975837601037558e+24	4.564114371193749e+24	6.72920598646564e+23	9.381157522630276e+24	-2.5410302399982737e+24	6.557421068887482e+24	-5.385418001321237e+24	1.8482778234683968e+24	-4.892479982285128e+23	1.1461372514053556e+24	-2.3404408338554574e+24	-1.9476668903345326e+24	-7.760881137641117e+23	-6.368386832742265e+23	1.235988840151053e+24	-4.502648137992969e+24	-6.166223012118731e+23	3.003385221647338e+24	-4.184593040426287e+23	-7.474620779027161e+24	-6.576568134079824e+24	-1.0036859635459287e+24	-1.6023183891965137e+24	-2.5724448041210547e+24	9.375375562755699e+24	1.5022114687623596e+24	-1.3857639913034594e+25	-5.025408738321653e+24	1.0044944574541736e+25	-9.634721439928268e+24	5.331952820602094e+24	1.1697699892181795e+24	-8.175527435587731e+24	-2.621492040102493e+25	-2.3154371120044957e+24	-1.0427298229491553e+25	-8.379650975777958e+24	3.114918084235421e+24	-9.232144825129974e+24	-1.5701695583984829e+25	-2.9914673828941497e+24	-3.9119765653357136e+24	3.9386487006851526e+24	5.577927894727405e+24	-1.6206085762208666e+25	1.3712676428531807e+24	1.0056670671231808e+24	-1.5859268679249554e+25	1.6677322014170616e+25	-1.4796710745834189e+25	2.1020122712822183e+25	-2.593941916427145e+25	-2.023306362396775e+25	2.080815726035002e+25	-6.434997238872781e+24	-9.233926040122846e+24	-2.4804277578664973e+24	-6.18920794123755e+24	2.185508802550022e+24	-1.6992791671463206e+25	5.953772613265362e+24	-5.036624700368353e+24	6.995588295128838e+23	3.69700791370737e+25	-3.6143522822510827e+24	-1.215144754328836e+24	4.1153095570523725e+24	1.6316228227503724e+25
DTXSID7047645	-4.511096668662444	-0.4800747062370158	-0.9822002385789239	1.382125346566414	-0.08102956645433726	1.053852132955995	1.0093348748786284	-1.3493365884994097	1.51411106856417	0.5405337644620787	3.4088449688050004	1.377287062544094	1.4486856684150122	1.0243812133165566	0.17021563569422768	-0.5153270977375157	2.0344304099638735	-1.2456970925177668	0.6610334932295399	0.45657760309453804	0.2827996778486553	0.5166943972228057	2.286603730357538	-0.6511833355841088	0.6001101375729974	0.6497823911216987	-0.5232669704209152	0.1590822245502385	-0.1645312749095819	-1.2209757422398873	0.8639439144880247	1.0268327281385377	0.14448728203855327	0.18290375794803648	0.766889087151699	-0.5737501347775964	0.17462281907795427	-0.7602905170556529	-0.11416537832536312	-0.5238240213869706	0.45511884950168363	-0.14840596396473005	-0.09989172113956048	0.8257289730668903	0.6970217165777212	-0.6782502538196975	-0.5153039369498791	-0.8119932606575444	-0.6435050697130095	0.5465194349967518	-0.5965695254750736	0.1218266084528187	-0.6959661469355708	-0.9753459691203722	0.04448879012806027	-0.515350272444453	0.4874933780721256	1.4671801783073095	0.0017508472103745928	0.025700931158835337	-0.282757894174219	-0.17701198875048876	0.109598196060587	1.7141108057784322	-0.4964529580715127	-0.5968425834078815	-0.4816087109510144	0.48107396767288907	0.33589670868693505	-0.11280857337939575	-0.4543625835052412	0.3188523722352076	0.7493707769360917	0.20654719949020042	-0.8295699763711756	-0.2289032971838063	0.19204699417243626	-0.3335518501995057	0.000449284504031583	-0.24832608616600146	0.36163649009703736	0.5692777585989723	0.22599392716556685	-0.17451596704325384	0.15030595461117635	-0.014166698486878867	0.2225536622184302	-0.015360453858095414	0.35274740693723056	-0.15885988584485441	0.2651615386996382	0.09196822250928059	0.09771947727039974	0.2127607777776078	-0.3907793337560973	0.058310485231424534	0.19945582764559036	-0.07934270518044442	-0.2562757274003037	0.1281904698270194
DTXSID4025749	-2.8086995882162795	-2.808925238238655	1.753957639466489	1.4419483288944872	-1.7787006663848324	2.4141806132601076	-0.33192466500008816	0.07424693016914269	4.608518550817919	1.0644605059681285	-1.9343144352270911	-2.1230642287891697	0.6906115915360976	-1.7760219615832293	1.5654728836616205	1.3322189595996317	0.33576845874167793	2.1774200261417467	-0.34388707008961406	-0.12464834708903424	0.9627249139571917	-0.7705859443951761	0.12347108653441186	-0.09317152892854234	-1.839220698438789	1.657626664848508	-1.8398813987346871	0.7920893358005637	-0.8648762532705832	0.5515638968392635	-0.8537162385398022	-0.16899518420412987	-3.0419852748511134	-0.10345252660788919	-0.7699016916346487	0.427711112666656	1.136171188265957	1.6162560657215534	-0.6037920837096058	-0.6005053368067865	0.9300207829519946	1.9460498250050264	-0.4768943826928408	-0.8484661278722361	0.12160438102061205	0.8605600902572375	0.7699132818459672	1.5165879289329682	0.023954406125021803	1.1501999378651924	-1.2953179475392373	0.22305194021175118	0.0010723978036939778	0.37999792928310167	1.1201777612122992	0.9264407235068548	-0.11938962748391058	-0.43088328530767994	1.5919841430758341	0.9202530644243184	-0.7728122947857863	-1.0574338031268393	1.7231269595808045	-0.8103536342102711	0.8133880960073218	-1.269808133130758	-0.9208980793492697	0.38252456673418916	0.3194481461736794	0.8116608815353671	1.3101597192715615	0.1838229609306672	-0.5821694699133798	1.6008396584802418	-0.17423337392967755	0.44514674990317316	0.06458502552357549	0.3723619678917094	0.9555514343626421	1.7354223852965085	-0.0032548405852842444	0.6106181826087724	0.1695786249318649	-0.46651329557992444	-0.335296889929249	-0.022384857242702238	-0.6057019725873222	0.5586694413985861	0.6450901872645911	0.05711127967873051	0.05482408250311135	0.15985796860531645	0.12654653643750452	-0.7961298547765537	0.3437827858647902	-0.506847716258782	0.538245437486231	-1.159367901883268	0.02749752691019968	-0.13068270231227638
DTXSID1026089	-6.240909659629244	-1.0693694051284994	-1.5466084989135052	-3.3166188275903217	-0.939605827618691	-1.725056475827231	-2.477480970589297	-1.5022071033885613	-3.171024127748715	4.258309249766118	-1.56240948888754	-0.5255510571785055	0.23637700430993228	1.9544239232118898	-1.2332686605862824	0.32972989865874025	1.2196329103922052	1.1501574341163672	0.37841814819589914	0.3858250264616769	0.7809360949846524	0.452791610679522	0.6645737097964715	-0.023398232568418487	-1.0275948612981791	0.5026205706346414	0.41223485166524554	-0.2533782511684252	0.25272677829192486	-0.33838871076596655	0.8826202968555072	0.11729360923461324	0.6694741649950254	0.17899096928966657	0.07928462506987384	0.14571481885314477	-0.9662745671125985	-0.13105600065215509	0.4213519578373085	0.003963973813161104	0.42815589901619944	0.37825466304397964	0.11973275871626392	-0.5873204341707	0.3265972028359568	-0.10752566144328331	-0.2673243565806731	0.15877549394288895	0.838994162920542	-0.937024735867903	-0.8460623544266735	0.13432391914977532	0.10696656223576308	0.8118714312183952	0.6857090025178552	-0.30157456903530716	1.159783810437562	0.27612718512930856	-0.8203847143946419	-0.07024713447413393	0.5878874494804697	-0.7212977948431091	0.011282053570119379	-0.8749080012406178	0.7031074398224139	0.10928003763810583	0.36268360854199444	-0.3471382717202522	-0.8250084421654118	0.8678372818500844	-0.26422988902986555	-0.3192441612557764	-0.29777395933561635	0.19707303551322972	0.345029484434776	0.16296012317671396	0.09139045648965806	0.5775255669573598	-0.28170495010085705	-0.03525155949791848	-0.19463415784783897	-0.09283303824353961	-0.3822582412911089	-0.04328229196724847	0.43367011830753427	-0.17409371552942324	0.43150956245953775	-0.2255841217239571	-0.15431257189274178	-0.0575769229590496	0.21860873135487335	-0.27691219564764424	-0.4792839390098774	-0.05608935955050431	-0.34334636867950374	-0.09685055923455416	0.578821661231153	0.0966804223787546	0.030594526322230343	-0.07429922368133171
DTXSID9023415	26.59086795809983	9.504390406850819	-2.3944059771709494	-3.160957636155546	5.887101981730048	5.1253222885870615	3.456728891591239	2.6224456188427356	-2.139140263427431	4.225984733804205	-0.5062036335062385	-2.0615304489777038	-0.7092141515607678	0.3961462454039726	2.6153255234763955	7.05224007253545	2.051594576880947	-11.57482070239121	-0.43848136425706746	-0.9832679399851467	-4.829197500709192	2.1777095746651143	6.471670910247807	5.521333191309068	-0.27837889622292883	-2.46365195823916	7.04593525441133	-2.8547855867222673	2.0862824726718885	-2.8719507437066936	-4.522584055119511	7.78839453400642	-1.7084177833530414	-1.1603402923582022	-8.303312288519187	-0.5442789789837924	4.602474999584802	-2.4995548553827027	4.767741490316773	-0.09572125882508731	-0.042565367876191154	2.422195051061504	0.6774657618183135	2.9277079780362865	5.889936656483341	2.4172659742733282	1.4712735491781888	-0.01624471233342836	1.3288767356407731	-1.286909548648842	-1.549821674515957	2.5529577861560764	1.4436248273368726	8.942916800657942	-1.1678238538428534	3.8691939683186605	-0.11185720712770125	-3.533482244148124	-5.043498815104532	4.11204736363922	1.2520044910944759	-2.9026473515865496	0.1072042731646987	3.04535928213818	-2.8379818908614443	1.6637271358227146	0.5667354292491165	0.5236526416029792	-1.6104104474324261	6.893069477001865	-4.143317264601927	6.076648883616601	-0.3202943572142935	-0.14802842906806407	-5.864500094697523	0.26397167791322995	-1.0329091990408108	-2.466045634362282	5.951297401897991	-0.7029920734824843	1.263947249174492	2.950044414252488	0.2742943650850011	-0.4334563235740299	-2.9387837932332186	3.8609911497272353	-0.06486671034630474	0.33787751604351585	-0.40265758160307674	1.739975954768825	0.3217786732877023	-0.697999006357307	-1.44182295348701	-1.4002064340451983	1.6952391677905114	-0.0660552578271387	0.7676461940275495	-0.0992962612806617	-1.7450894694880112	-1.4675513789805446
DTXSID8029230	-3.7575557053624307	2.984217611401577	-3.083105072920622	2.576201851738928	2.042014332797346	-1.0837601299926782	1.030751059087204	1.669250986039608	-0.4123614587226575	-0.3280432983166108	-1.1367609605289337	1.4961275835733454	1.2479774370825223	-0.21992023898032825	-1.7808569426967686	0.5352658324353932	0.7801705622088666	-0.14908050934131378	-1.424420653790007	-1.7248439601973187	-1.1982809867464839	0.325995041485508	0.8498489001725162	0.7733874735686714	-1.3707506037592563	0.996340816463316	-0.4877093534097848	-0.7898923606937778	-0.062276152549504804	-0.4379283965496723	1.3332056507813101	-0.17559759343472883	-0.07662420890722543	0.8288980751041589	1.0692307101276548	0.19335791192397284	-0.31863571205811564	0.4781486896302263	-0.4608176700578007	-1.3674337171851236	0.8261183355997315	-0.5144619594858088	-0.2866017945777828	-0.7565939246684095	1.0898535553666098	0.9594477803415367	-1.0949822159521283	0.9000689142376012	0.5252144776193877	0.11432189923621214	-0.442438418130612	-0.8407082204112968	-0.32487087523549185	-1.3380088733023696	-0.6139661573782457	-0.9051004209255189	-1.3134889884955279	-0.19196377277045557	0.4046620038535283	0.5112693693263713	-0.8771118968575217	-0.7015282145168552	0.04620362837186697	-0.8957090970276637	1.659323634167009	1.0107830364592287	1.3343242055938804	-0.004727977206934704	0.9320221641108205	1.112777335928738	-1.7486113135321428	-1.0593496327433745	0.5750313669507839	0.2546542809212975	-0.6489785847897943	0.26128172403651967	0.4001636858511974	-0.8761515764083496	-1.074353483050421	-0.5841163710836986	-0.724359979273495	-0.5569266937906104	0.5221655714646272	0.030177238193776136	-0.7331786033986903	-0.3418549777734661	-0.9675133446257244	-0.15092875836868616	0.06089522360983108	-0.15686821857870062	0.8765907954305711	1.5009058361409706	0.9876149513413989	0.6304958886720793	-0.3183568227091556	-0.011775869884721653	-0.6231695827498893	-0.38265403084430916	-0.012380519732376414	0.9892044621061998
DTXSID9047091	-3.9481749896704597	1.1893925940055439	-0.24979035555375984	-0.3048821885261682	-0.2862074175879143	0.6380726445471987	0.8303468124435295	-2.329926536255345	1.5441512574701064	-0.462646930899415	1.6226331944045944	0.48421066525094947	1.6490270392360602	0.9545250761856905	0.13124906213582269	-0.2432750882063721	-0.3392057937863488	1.3246226759541149	0.021023265874597165	0.5039783325982399	-1.1505791118791402	0.7536115120233623	-0.8962715897192772	0.09378388839562453	0.3011878907110846	-0.4665582512627195	-0.109859385862007	-0.10233359976988932	-0.5255475117127029	-0.151545062434414	-0.1600820589022569	0.008538555655187265	-0.4139689759330397	0.08321290834399897	0.0036296231459175023	0.11767307602975004	0.774217354146474	0.9030190019829142	0.20617716222125868	0.029047725024211754	0.13620091698501507	-0.6330824387821236	-0.6377369066783934	-0.31837128888518884	0.1726774576072451	-0.6212022508508369	-0.17325073638638644	-0.07891218414050682	0.17109216107470737	0.31539773769707385	-0.18350334678777724	-0.25011931388593817	-0.082469266227226	0.1512512237322221	-0.3553635490498758	0.060319602638730596	-0.6138680367430761	-0.05999385899992299	-0.8217080051004139	-0.5762364295864622	-0.1587582039579389	-0.23502467496611876	0.3153717247957736	0.2749860620705704	-0.12603368131950587	0.2213159818524967	0.11655000021503294	-0.4753628341337952	0.006458835334445015	0.13832989820184685	-0.20106935305456552	-0.00687891284762242	0.42018797357579346	0.10423392317016467	-0.8413794267777707	0.03133496383281491	0.17343491665937266	0.02990260055041634	-0.345919085014289	-0.21029526169455937	0.4199645321119399	-0.37548155032314456	0.30823990433110265	-0.3874462372288575	-0.050553040507320283	0.29914262841870165	0.2934693505194125	0.45494129357817714	-0.13139122449466786	0.017192363863141217	0.1332697844289689	0.018977414373828654	-0.32627140358369566	0.3147462498022052	-0.0448749974846623	-0.2623776463088795	-0.015014777183384332	0.06745139611027992	0.1580171550596104	-0.3841645820505025
DTXSID1040794	-0.8180460699642753	-3.8080883363187867	1.3727182360265944	3.826236110657559	3.710508685101409	0.2525654891975195	-2.9268779221018444	1.3789389973910011	-0.4347098698841188	-0.5740227158058696	1.7255826663436973	-0.40025520721149604	2.818618750283942	-1.9590762439928022	1.235450780491312	3.2974408013250396	-0.7147649200019998	-0.8096060095634546	0.5713857938807251	1.0565106512915272	-1.239121044387078	0.8613859432560342	-0.956112065437744	-0.11519560282025162	2.157742093258653	-1.6032611255031344	0.7443389152589682	-0.744711799114427	0.44667806547901046	-1.0719539223677643	1.4213068523224301	0.1310655311061054	-1.9501399946118902	-0.7437155193186019	0.05700158831721313	2.177377992229611	0.7061387228195627	1.1055401890033456	-0.4258961143677057	-2.072864054629521	1.3263801672979998	1.091777126026121	-0.6959080895482108	0.7881762854947847	-0.10236545487276248	-0.6289194920798908	1.6508401448700378	0.6795625440353356	-0.4984426231894421	2.4365231308805635	-0.9796950420993918	-0.17600860838484172	-0.1516198397117029	0.3880957389538316	-0.05143099438730509	-0.4037661777999458	1.0354546769984876	-1.611024062432591	-0.5630515133484714	-1.566908419919092	0.8130220747567671	0.5780932269448756	-0.45020999624721625	-1.0420584166525795	-0.24385635183690144	0.11281277492839523	0.9247593984939351	-0.002950576193132476	-0.5192723207188876	0.6062896244003243	-0.24153004915402013	-0.6818753453316089	-0.5518354803578039	0.39844153670558735	-0.8715806761828191	-0.001994855720483865	1.1167352575807896	-2.4523852709308214	-0.6618402869933518	1.9263689395122694	-0.8717005351164907	-1.2925386121923454	-1.1913014086308154	-1.8145876285646214	0.9165867113852371	-1.1847162694683915	-1.7382138309508242	0.7855630909754245	0.6480248167845754	0.5898247808453655	0.31630025741094564	-0.2723857369359161	-0.5136517205900066	-0.6197688078956971	-0.615628374532213	0.3333477351186803	-0.18598189400532653	-0.09037558313835933	-1.277017386804246	-0.36537003281646163
DTXSID5039224	-10.780889168069349	3.625041517755917	-3.240185293869981	2.1262624324754804	-0.6135331744397217	0.1797301958025781	1.062219095531732	-1.7447455423259681	0.32484354351859945	-0.43760143992660205	0.1336213547664506	0.7574356943985694	2.0966842275541864	0.7209295265540874	0.5692890744831517	-0.5331611024632583	-0.8228386714433588	0.5186041902785261	1.3602605860150996	0.6296429621608852	-0.45261429991357	0.9298644251601769	-1.397752527630938	-0.5225096309339367	1.2007214545556077	-0.38221950483481315	0.32238100394081554	0.633652383769452	-0.8117821150080748	2.193932216301243	2.279643194740144	2.6933974905701015	1.5730013284622313	-2.249813158310509	0.0739311474210631	-2.738733318937459	0.5215234856077493	-3.318797539832773	-3.892013391581156	-2.1982172295362186	-1.817314782330331	3.58947273041062	2.076897373309175	-3.0532227002862378	-1.5836302838584657	3.2219535778193817	-3.999982177277277	-1.3303522742985827	2.0436977862836447	2.0250223170738146	-1.1766374040584267	2.2373059515047307	0.040423010181795754	2.2777766207539885	-1.1091431291310339	1.235891364124487	1.0709243390593504	-1.6664003937145533	-0.7188465167866445	-1.5214077067988012	-2.1165185622906892	0.5205770986699448	0.4809074435365263	0.5984791296437199	-0.1106124522883022	0.09357051833215285	0.046474919433660326	0.29645525605446327	-0.17575532782065578	0.11236591047910068	-0.6736811727507371	-0.23771830154919482	0.6685584042502195	0.16357324354534125	-0.34765319173639364	-0.27124700284076164	0.3875894119330034	-0.1609148305751052	-0.5782972109926511	-0.22121499251033672	-0.4060769523517996	-0.14927284016545594	0.29495333809282287	-0.2720692895736962	-0.7726130473848979	-0.6593875942110088	0.552748767670556	-0.16518531993876234	0.019045115489769934	0.9179302678860559	-0.30116350006144926	-0.19521815356473676	0.24268964820829036	0.052393834974649896	0.4878328864469639	0.34356600947960436	0.37852540420992875	0.5730559992122983	-0.34131141086071604	0.0325544507310551
DTXSID1045873	-3.6646398330274548	1.4662773935111686	-5.423645750317756	2.2751287576709616	-0.4788918090744642	-1.6658342193101379	0.9289565107349232	-0.06302168010011129	-0.220459928068607	0.3445078440480656	0.796466246675127	-0.02493886178383724	1.8500453770716099	-0.9603801567767369	-1.210773014316051	1.3938597418316558	-2.5829127253686996	-2.8069106543628752	2.7185927618161423	4.451993526727452	-3.5756487907159547	3.6796302960163643	0.7284271076559973	-1.0158429151410244	0.5613259201286266	-0.18419465254162948	-1.6660111471911931	-2.1852782595167075	2.422384034223143	-0.832717317949538	0.3187657916399116	-0.5236176292201451	-1.9445950896329378	1.0332086596946057	-0.6304732460026902	-2.9185642016751863	0.7175684279260404	-3.560759407268202	-4.745088971511754	7.571716582761397	3.465187776093265	3.3019979870840412	2.844362216701567	-1.9878088507182203	2.065343343211673	-4.854210254704335	6.792966129704492	1.3034785491545198	5.929917867077943	1.9544998867600378	2.382317581093023	-0.6663182907234859	-3.471936966733628	-0.6813730275963346	-2.020319377381648	-0.9144162571630602	-0.12770700449035172	-1.4173804298824482	0.7796083697183062	-1.3678646871972953	-1.293193121657673	-0.13907629902199875	0.3971610901675275	-0.591207192047592	1.606353463540965	0.6959759353866288	-1.429157865446113	0.7759490325378912	0.4979796600369569	1.811716920626934	-1.8109373275462977	-1.6169598905155196	-0.35299107898235366	-1.7261810714131127	-1.0009236762319613	-0.5502047061246841	1.418395865761266	-2.0268855801098313	0.3765484376846164	0.8125779974047009	0.7631886076857607	-1.5135550995406568	-1.046744870446345	-0.2505549658877046	-0.16375001205717868	0.41636935429369765	-1.0386535394890892	-0.2312805858439116	-1.0878630110177667	0.41091371095294665	-0.6767286627079666	0.8710151751081103	-1.2816155595183265	0.36984397574721073	0.024668177167539166	0.023599818343422594	-1.7715691847029407	-0.7269961827716894	-1.0231480192736289	-0.4809527590687337
DTXSID0020604	-2.2896753813042894	5.531855342551072	-1.9372005182286964	-1.740286769536102	-3.163181988458484	-0.9595801088160545	5.246692258804793	0.8002620197840925	-0.036546357593456834	0.4784797766436063	0.8786550617652685	0.8619734243225079	0.3445205726610453	0.23291833692151434	-1.5278195085423867	3.6957186748180755	-1.196736861354231	-4.300837827170472	4.742927299717705	6.829455579352651	-4.766130816545511	6.5889704528594555	2.6116924584897623	-2.117621790860919	-1.3046832124068721	0.18089001838573965	-5.274181291483617	-5.453522513548015	2.4744332429493467	1.243397427658926	0.44367545448040396	-1.9379530972770953	-3.034428172213355	2.8662745848278615	-2.406233611872858	-5.220854034106774	1.1937164378656935	-6.928945916026062	-8.217100421424067	17.13208099685486	5.575828501584867	6.642891679390114	4.768298428894373	-4.708741387631032	3.925039083382606	-9.621262819711502	11.29059557334551	3.5579655339702314	11.64653502881823	2.0529050019875243	5.795351285465703	-1.098740807669513	-6.766338142670289	-0.8030716799618126	-4.807498023963842	-0.6740690523300891	0.5674058929927269	0.5353885375434667	4.7276023957567626	-3.9453964010390328	-2.2419709322106334	-0.40851016035567006	1.908038411974123	1.9580600515739133	3.9365911774968603	3.7828153785845156	0.4997289779197035	1.6854371967283142	-0.12944493507363214	4.75680931485306	-2.505985298779105	-3.691054285517268	-0.1215411864434776	-3.830785165553196	0.5418352570735782	-1.248622595516984	0.3737417764409667	-0.6739420341378745	2.608555541781219	1.570805509586477	1.5992262232389625	-1.981194229065399	1.1124234969135898	-0.10476853182675427	1.375330603274363	1.4677239801101545	1.1578799789078642	-0.26291937037692337	-1.4667711204750753	0.1010535749620641	-0.22367875605415097	-0.7946689244186159	-0.4392698438818923	0.4746565033984416	-0.5815897474549976	1.069755166385565	-0.7954432944554448	-1.4748537626355822	-1.0591125447935417	-0.4481093952057157
DTXSID0046725	-0.19047851790580034	-3.361006394148021	-1.3018325508255388	-2.0554933812349874	-3.5706027199788934	-2.512670579554153	1.4145360580080863	3.843227409534644	-2.058990495932559	0.33894650967442	-1.0179811707378956	-0.5650443906911949	0.8256921940285348	0.21886235014746444	-1.3919341660905298	0.6976210816204192	1.2856481984847226	1.1941244067433598	0.509693695474114	1.5180978336838877	0.6643557336053855	0.8362440154755996	-1.2182143973763997	-0.6592820004212536	0.41696081406957497	1.1123741728511802	0.5217814149951774	0.09000993351065292	-0.25606908483409063	1.2766947302859877	-1.134065791905721	1.8335905731613333	-0.07887529162582219	3.9694333152578163	1.3855918746254032	-3.1201510063952216	-3.1777955072099764	6.3396861298347655	1.436082216269265	-4.200087884621628	-5.474364604157441	5.078109882770968	6.2555497480419024	7.160027569861386	-1.4534541178713603	-5.308677687055475	-0.144271444415265	-3.0340559228992685	2.268714572752464	-1.2587512231177937	-2.6486348804384408	0.10980715205319411	-1.132936624319791	0.2922181236968914	-2.5010633132094724	-0.4250996906806566	-1.9053533183103013	-1.2071209357077428	2.9052255634014843	1.2116854653058926	-0.32908477970180344	0.9777373275866621	1.162011875720354	-1.773102980482466	0.6965742777268327	2.081178584583005	-1.380388001399156	0.21868785378348948	0.17284781394184395	1.5207807615089473	-0.3460621271241703	-0.1415604796097088	-1.579021956966566	-2.302021060770575	0.11670115189197154	-0.12384810130711908	1.2607270304517053	0.7103199823513963	0.5866673369963532	-0.20156203332355477	0.6363034469320146	1.1446104463468594	0.6795699720577264	-0.7432100556478732	-1.0154823598027305	0.5550085890270208	-0.2163190886288859	0.6132454866346729	-0.9076856664508384	0.5495914051028283	-0.36082602203055514	-1.119638422311264	1.060591427999707	-1.2069609474028904	0.5791880266772418	-0.8179320998391907	0.8962890715131977	-0.18823397222610594	-1.5260575578141697	-0.9794763882023191
DTXSID5044576	4.77818700832809	-1.5806081241926784	-7.49340286840376	3.263680969574887	3.1979920384115217	2.0595270210284182	0.11920703803496384	-5.187595670187099	3.0398905646611944	-0.27458850300705007	4.534429163365856	2.382905448826369	1.0600114682365962	2.960554204003128	-2.173337046911052	-0.758358937221287	0.24381894628734316	1.8880284890857721	-3.0444358192012504	2.648598134427944	-1.4643054586957003	0.5794450337170942	1.0510020046615418	-1.696347275181922	2.2674321789632845	-0.7334190506363718	0.061389604108598755	0.37999654685532713	-0.8444246094023297	-3.9695542498449488	-0.8569456681843993	0.5983640748572703	0.13435539536281008	2.067589974413861	0.009539833348428974	-1.9791403084748134	1.5632346383737135	0.2605292395034304	0.7053267446451454	-1.2805554302970892	0.034717926848495256	-0.38271392617634575	-0.21328253686949417	-1.705882783597874	1.3415617282902035	-0.6536283824107969	-0.9019437266453534	-0.1456333778286651	0.8058516305362337	2.7560593221293357	-0.44691031779891155	1.7535424887704767	-1.0395352777055231	-1.2818567954228302	-0.23445696114225398	-0.13859237065933946	-1.941643778850399	1.2928178798504857	-0.6155345530851289	0.254326931650653	0.2991085945568931	-0.11975916846546701	-0.46364893247230715	-1.130187661371653	-1.7106958026567964	-0.7498127611643667	0.18198298359130313	-0.7105398916624998	1.1720034513203108	0.21620086710614372	-1.4333636618487557	0.9242492624617974	0.20965360055844526	0.20073232644928254	-0.27545455191455537	-1.0146083759089888	-0.7387406782797558	-0.3144578867906894	1.1003201854153442	0.3548249888909827	0.637604559941712	-0.16303275198139897	0.23402199655232522	0.29420012511909166	0.33774148059104026	2.2233347744703296	-0.17541688093148092	-0.3478845042567697	-0.553026246672754	0.09624305882982499	-0.28264992811550593	0.4382821246965166	-1.3773016196635104	0.37724958086270316	-0.0843762999706584	-0.6539120085180748	0.1719129993201774	-0.07236193851575151	-0.38445109854281595	-0.3963733975009708
DTXSID9021340	-9.21491510860472	1.8725667245833952	-6.217080620826854	1.4007572704770976	7.20733579151814	0.04126060309694653	-2.093348960992934	2.387312457379922	-2.292978739060312	-0.43300888671408133	0.6019156389040952	0.03207956028822332	2.564015762243254	-1.2491711869991402	5.409449495884837	2.7504777603478554	-0.18642845733922042	1.4369762852801782	0.6306999904310182	2.870641470491454	-0.8127848596709917	4.113826259623212	-2.7078952168774597	1.4886522274229248	0.6694719048923796	-2.0958288374550107	0.681779052788419	-0.7647978522957992	0.2185131982373412	3.4540362406491334	3.296198528125159	-2.616011141894483	0.5100507426159897	0.8591967328930582	-1.6595029423846828	0.8891656480781873	1.7309181285545552	2.1652320580306137	-2.3960877050976017	-0.6138320399890931	1.5670609568734057	0.6787785250872099	-2.102329958549209	1.2836316412528954	-0.574276950311942	0.09374022711302214	0.29980071088020543	0.5468547024312737	-1.5576170253631507	1.245818619281215	-1.7833728383055083	-0.809489014201108	2.6447229954165197	-0.10397387510016153	-1.7337379705722074	-2.745373883472734	2.4522204338404774	0.05251434382068355	1.6997009643701615	0.20519634853181098	2.324479990342848	0.47347246020161315	-0.01978694716418562	1.1908002902433334	-0.4662553871080058	0.8779639895535287	-0.6964114150112436	0.9058640860838051	1.7053139377463506	-0.9175683876687968	0.08794148689538539	0.36947074462820284	0.22055674817138202	-0.2447805053926564	0.6788937865626746	0.07091555912879002	-2.5018995161534883	3.2048211392225587	-0.06590364634077885	-1.8971508558817103	0.6944639201566203	1.795116820584446	1.9401744725213823	3.4898079659444146	-1.6992480791847648	2.520611693325346	2.9260066565469813	-0.8620857413542637	-0.43379887039528137	-1.2686706816817948	-0.24151888159588947	0.4706686395554244	-0.6423672278885434	1.092061155501741	2.0566466261051484	0.6402232288660303	1.2183816954065565	-1.5507376246611793	-0.7090935365189817	3.3191313315851287
DTXSID7048871	-1.2465935795155256	-0.8114581115881419	-1.6781806573939448	-0.9285566811746508	-0.15872741787890685	-0.0991666606285697	-1.659988608419273	-1.0495820243970766	-0.46448506817112273	-1.2117937604737115	-1.4751997602834803	2.963530273302898	-0.030256516382565463	-0.867894385329476	1.8137000313926277	-2.108273220644754	-0.30140443240211434	-1.553443738758043	0.6629457199019343	-0.40933999433145724	-0.6426007097222414	-0.7709056247891137	-1.4518762080066978	1.4156591678750914	-1.1776446995647376	1.652612861017702	1.3302234642855835	-1.1522733247983517	-1.1886425332562045	0.9609941304261796	0.5769996031651496	0.05033949894370859	0.27282422482366925	0.7415686923342172	-0.34852035844395923	-1.3404935722317315	1.9989195136421445	0.512974684397775	0.7660956923391999	0.2803849211609312	0.37883199359273967	0.13266505966944123	-1.02664007261404	0.019317779887289045	1.1624095464478665	0.4972049055166704	0.7435781156613192	0.18241458345027992	-0.9333455608800113	-0.5786866311873163	-0.7049714053227405	-2.268832725180365	-0.13611866491335836	2.025223857464042	-1.4478648270569154	0.2301716524301337	-1.421580738303915	0.31350150690747086	-0.3824623183763699	-1.3729644518250552	-0.38738748616704666	1.6540344809823038	-0.08487936412740055	-0.5283306925183628	0.11346004711340155	0.9600844857978141	-1.3866166310901138	0.42820327683895915	-1.916168878651962	0.4111470266387425	-0.38881792475545907	0.7849386195413788	-0.4958024750956255	0.29049530742601287	-2.1977550719711476	1.2092939389662294	0.6351374581742371	-1.355135223038133	0.5915203441439822	0.5163033914522662	0.9024922580233641	1.264551733900456	0.0861694145333009	-0.7413441888302744	0.17216031411228355	0.05818683102529888	0.31736557984204644	0.5641690815132441	-0.28786128601310673	-0.15085651737331765	0.5664465737655119	-0.7489132361527147	0.31950241281225855	-0.7683692799845812	-0.134980647537213	-0.35011573866665907	0.6482135637426893	0.09074254936372518	-0.45523631940565107	0.50754692707334
DTXSID1044691	-1.083468231693668	-0.3655938087739026	3.3441396896177946	-2.734342495584613	-0.9482843799009079	0.15811295170289438	0.5813944265222947	0.0025007669347804928	-0.046504761039320226	0.5039246467629392	-1.167625605219101	-0.858963739607864	2.1671213747037474	-0.72232374688333	-0.6226671196360939	-1.6986762354213858	-0.3772544811452514	0.18294770204256314	-0.14593575720854257	0.24327347772166258	-0.2535769048945972	-0.6547168324160912	-0.5749477740982394	-0.7658735297469362	1.8911418344892352	0.594412974298396	0.5239565118745102	0.41191330618472327	-0.1285298067849534	-0.015610788417355454	0.06196497813160969	-0.3764862544692933	0.27713367744964745	-0.4448884350456036	-0.2785371668565402	0.8635125257878212	1.0915441084711963	0.2655958353685632	-0.4520926574790987	-0.3209787027024854	-0.32201080691597334	-0.23667517087820247	-0.17664496440108665	-0.10701354769994009	-0.4103017828187829	0.10325844682609743	0.8536049958473296	-0.43057398394734353	-0.31428996111332863	-0.05162609328914853	0.4186944397027294	-0.3049867129945492	0.2387001934490113	-0.6076702790249358	-0.8433787368215271	-0.030036669695292565	-0.5300302206407858	-1.9365238503003237	0.5615707497877844	-0.011733895689236823	-0.004370345444971288	-0.7343552586808366	-0.6429589286333244	0.3472783408956797	0.0215938888481782	-0.1283300970872233	-0.3644556785796787	-0.6048121616341912	0.3344373568890477	0.12754864077935094	0.1221540553827367	0.07816938064728855	0.5352402264943728	0.5116030939389736	-0.8313587013634075	0.32640110703748215	0.7803185488095588	-0.26060424513600416	0.5396063855517602	0.31893478397750896	0.168905327962894	-0.009305705894786149	0.5911157130255706	0.11615521318427989	0.20389256101740724	-0.004807285195868946	0.9908867486287822	-0.3501423761465566	-0.07922549979054802	-1.3371051721681735	-0.05441116326021522	0.03573280265094873	-0.5451500620559804	-0.0008963428115018131	-0.8909415307394816	-0.09513706952849238	-0.1588833994585281	0.3423718063867889	-0.13498156394626898	-0.0320160673148032
DTXSID7047067	-5.778598450345743	0.5790881499942225	1.3829991529379975	-1.697510105368397	-2.1074621501702984	-0.7350412808116933	1.9575389810043244	0.5369039810583492	0.5238628651186464	-0.492045119866971	-1.2324464065558427	-0.24128100839719507	2.655214505412913	-0.45054730183933783	-0.1710650696796089	-0.4894536433757039	-0.7207141575019433	0.6028647196311402	0.6754817486378077	-0.09621071913587652	0.3999265015965612	0.06303863909731613	-1.4356909139455596	-1.5588674106997074	1.9582133104868058	1.5303207655302336	1.4957913318558043	-0.5471634266819337	-0.46010086345789836	-1.0755744122664055	-0.5877470439145531	0.4387198168943201	-0.4577939737100412	-1.511094134371713	-0.9072795066793635	0.6844121346229733	0.056307862194331815	1.6131627344067474	-1.499950148515993	0.3722316860945497	1.0150692090840925	0.14980527413897957	-2.421825061893606	2.3769304832553693	-0.44380903972746966	1.6950716876467433	-1.3767063462155997	2.706230342219278	1.535784459872431	1.102954970969069	0.7065846638902196	0.3105327647115641	-1.5641644699823953	-1.7937231086994498	-1.034354034533667	1.4283663318270177	0.7144401201466857	0.4622729177243661	-0.4479663492305125	1.232609389734789	-0.7954403277082288	0.17980588561298577	0.3834872364487381	0.410149544674614	0.09954591599305743	-0.4213553919942265	-0.7633523526922362	0.3775483535111512	0.004432187749731219	0.9038544003993132	0.1079789130350061	0.8534600368097762	-0.725940604632489	0.07174034712100968	-0.11813307445183253	-0.44923631511588363	-0.9054606470700383	0.09179116413135256	0.5683686827160553	0.09982070535547662	-0.23607075786609014	0.09050161564623514	0.007290071722274703	-0.11187712392450798	-0.18824413282014546	0.21490766744105028	0.07183830499276997	0.14722249472534757	0.3724797775203592	-0.7747976092287912	-0.13495040889476978	0.14369984940878366	0.026438468629056817	-0.08832108954683206	-0.12856884899718612	-0.26054256746661136	0.06324168075792412	-0.6604356241684184	-0.3525841469062571	0.3418702519673351
DTXSID1023815	-7.046427866533158	0.6495937528538211	-3.579310627837579	2.1346669977794503	0.8107945043530032	-1.4248071971895662	-1.4442985067451366	-1.634874127577027	-2.0609831718959413	-1.8572820710063407	-2.59765489524323	-1.5984454592992303	1.2689376375970993	4.810837004707227	0.1195736130829056	-2.0912384071704584	-1.244626936173776	-0.7512185481515933	2.366842109026369	0.8344378892815985	0.08254493150829639	-0.8732373933406778	0.17933475183854355	-0.7516061376706944	-1.26768475184517	0.6948835809387507	0.2601090208065592	-0.5221144597522666	-0.5048086626339665	-0.6790209662375427	1.145240129632167	0.06911520979677234	-1.0801406699504392	-0.200718516598268	-0.20676815546031302	0.7730599760835227	0.23840022820265974	1.2512234336855899	-0.1721075792812283	0.27769833143636885	-0.05965056843671896	0.7253418359269307	-0.14682444083541327	-0.5381200013074836	0.2963245181413184	-0.5327534225281373	0.08450313443317377	-0.7932809919389094	0.03839986011536921	-0.4483872742053854	-0.6039881013616607	-0.7306655595135712	0.1739376018262475	-0.2726671152548147	0.35834329835568113	0.43909093631432067	0.26174576428311214	-0.40744384264812605	-0.6126483177281097	0.00531279075379772	-0.6132338221092792	-0.7698234786229589	0.3514069375474027	1.0154070407556623	0.75528845857669	-0.19877511682780205	-1.2031484669207335	0.06002490469847583	1.57573803807105	-0.8503896733036491	-0.5037838885853877	-0.5476585163550225	0.029958434353017756	-0.5081255049300567	-1.1640712869131873	0.18220804571828073	-0.9043941519004021	-0.33144838200359816	0.31685430846888846	-0.40892567787171313	-0.4479241071922106	-0.7200007634691759	0.3633054874847861	-0.37088565327449097	-0.4641154555771965	-0.1472472692798827	-0.30515418259321264	0.1895582813320865	-0.22916169782261733	0.248860344914992	-0.06880089613145794	-0.27633398619651794	-0.8177402873540399	0.07123440877995676	0.3844581867581683	0.21669592374222174	-0.25776835437552337	0.18819302755036313	0.42305923140174806	-0.35690800650649945
DTXSID6020278	-3.8215203209966098	-1.7929143819974411	-2.9184699088969945	3.9053551472963606	-3.374863773400431	0.25723108953328794	-0.024135823979336772	-1.0054045470984894	9.827312263153157	4.03853334767553	-7.2649804304079355	-5.7368070364878445	-2.18585703535053	-0.6889978506621357	2.7956940296457464	1.1997410974994458	2.045330858241809	1.5943108915397735	-2.423378964171182	2.48019050728332	-0.34138419783001017	0.21452512879482502	0.18052278827765209	0.42419923083502653	-1.647595939473228	1.8447579774965153	-0.33143033808711264	-0.05732208136289263	0.11893198539588805	-0.7197557662475274	0.5015508430980165	0.510090842904199	-1.007322672997859	0.9136994573649114	0.596370387621521	-0.06075542414250117	0.4638756681204082	0.2760019963778046	-0.1965035058263198	-1.4068513966205287	0.39979852642177205	0.4224558586140543	0.15623133167861705	-1.2194724066312879	0.44640433996548207	0.6158216004808845	0.4960564189967436	0.5352814241101345	-0.39882527375671206	0.3402061441881809	-0.3914711099799473	0.009394463371140575	-0.8567584693653035	-0.029552939516138136	-0.1717894180345883	0.18409258627737463	1.538286976721018	0.37449379574785546	0.20022991527180395	-0.389753363484824	0.7601891127468481	-1.0268641400572862	-0.6819176821220194	-0.1782602221916741	0.10057356012684975	0.40019201147582684	-0.64955715134167	-0.05359699743680575	1.1142315339802538	-1.108076081628733	0.457358967656283	-0.5270225018929808	-0.7901807042186989	-0.21278119446535781	0.11002495983962339	1.0154199695752744	-0.11546436272743063	-0.34912208301088254	0.8298900118153486	0.6831384218759632	-0.048377175070972216	-0.06016437043858473	-0.1333280311260691	0.05396124173699388	0.013998983828887373	0.31368810351232396	-0.3261037747257356	0.4534481620169673	-0.7504548756801142	-0.35801692494840426	-0.2514908145013193	-0.5565957127902799	0.12812424477233061	-0.08152153952696169	0.048034924343607455	-0.03901186243418006	0.6661702171739078	-0.19026822108510472	-0.1847856411156842	-0.9202315984809075
DTXSID7027338	-8.68034255226513	2.3336448737648694	-3.1790760158854945	-0.5986428542910393	-1.0406029074171577	-1.12831024661008	-0.5284174963034989	-0.9676280367478983	-0.9154645078700457	1.468804747950779	-0.23289626783164713	0.29577295148247246	0.8969057481357832	1.5049537755921427	0.5685985118096556	-0.9516014124115901	-0.18844775790745627	-0.16405322629763866	1.4555684160970306	-0.28912108170842626	-0.03944081407524754	0.2947952505091184	-1.2032504326775744	0.8461581695034617	0.17772507348908023	0.7785327016076253	-0.18954590586767855	-0.42726038755392204	-0.3309847711174984	1.046600977924018	1.4152201546777945	0.8808985570896687	-0.03868736967564125	-0.12008985792478274	-0.3111738295118024	0.1480136042974217	0.6183190457631396	0.05995270301544121	0.14842358717830398	-0.19240324202688683	-0.37705137605809624	0.3168526035091396	-0.13925972670745845	0.1627578373130894	0.06698866159990102	-0.011242325439196706	0.6897757730018728	-0.009024049912937699	-0.5443240707053778	-0.7305048425982311	0.4578391442782297	-0.6802181728251582	-0.18400016321229845	-0.3325270580318248	-0.31189119227460466	-0.2132365557184001	-0.9743418912227788	-0.41207511363185123	0.27481334622900133	0.38322499667613613	0.9446277975806591	-0.1951146084840965	-0.24844663340857312	-0.15452836143826812	-0.05144989211731085	-0.6530705516150921	-0.40065284532714945	0.37575489584669086	0.3835367528172049	0.43752758815878384	0.0007066880272446006	-0.3460489477654907	0.5847350395073766	-0.026253230030373918	-0.19620647255442206	-0.07239567218324397	-0.09839714937646118	0.3214961396167688	-0.05242882161542798	-0.06450494495957076	0.03180708645917406	-0.44245057525118053	-0.1426177201651733	0.14059819579876134	-0.2529188247040401	-0.41296904580301536	-0.03198202326739873	0.09927675528264326	-0.08588061607117106	0.0051673534861442	0.27874424711221224	0.1629572836440629	-0.040445727185752414	-0.003709370474803722	0.2394181270534214	-0.4301859961689943	0.2099241937733923	0.07528630709418731	-0.0004938177375458078	0.2582411173451089
DTXSID9046154	-2.1969881812216645	1.4661984450613514	-0.5166748525514263	0.44874847418058106	-2.4126256937901682	1.2154378899279394	0.41242793843120384	-0.8093776187417014	-0.19264444137987594	-1.6653266989059856	0.45339162776310904	-0.7920726096557105	0.8797910769246128	-0.7042323170769667	0.5517196402151692	-0.3189803857831237	0.4574298544493761	0.13724169077787188	1.016759638081309	0.4300701276756885	0.5992650733499076	0.22280227818181475	-0.0809607872282389	-0.1119942475990417	0.2284828272491548	-0.29126908905130755	0.041402938390173304	0.7831574149492497	-0.399326041973951	1.1745465048631107	-0.18702338580744643	-0.5148674735938995	0.532597641369605	0.32091199755839134	-0.6653398198644674	-0.22942497325591596	0.7136047445366749	-0.16401778380021556	0.3743977195707964	0.31141017289912576	0.04082959480575148	-0.3929341820387877	-0.9559375787738787	0.6045610197410595	-0.07182259158771868	-0.6999638161940586	-0.038457790072420506	-0.865375085474975	0.05510338191114783	0.3301906824185843	-0.5607738186937412	-0.26816775989889124	-0.04453874705973231	0.876762333259268	-0.44518829236633495	0.5123851874346748	-1.1264120981725747	0.5241356320890811	0.054584777658003174	-0.2242661499762397	0.0026056207811553204	0.04438958574581789	-1.0121430749527762	0.3186075884344488	-0.8155294417109126	-0.16012431046677272	0.040098126498506935	-0.277278288475894	0.4230746753368722	0.21098390128597622	-0.07968238159343799	0.5849973211943543	-1.0328715567883313	0.18920208417611925	0.5927439292381095	0.4176299463744649	-0.23900815929382083	-0.15725984663689754	-0.06696282313230509	0.07327046913491601	0.3621276406406669	-0.32141907210826337	0.41453032983874744	-0.6675582299021151	0.12546160525806513	-0.7586003022603887	-0.11876704973409752	-0.36243897019276716	0.4350395202687617	-0.09052378042284517	-0.10379915941695791	0.7369851362829126	0.7591048254574514	0.30277583852471496	-0.2715843925431335	0.39624758907572727	-0.3189765890196241	0.07790149021382557	0.033289444211279225	0.7280082407533662
DTXSID2026608	-5.443169244370125	-0.1999326626396309	-2.6384104898003984	5.973017892346664	2.821183445264452	-0.727036377348934	-0.3764419947022175	-2.0045892483174583	-0.8501776840640723	-5.904409803072824	-3.48294282282455	-3.4269647624737574	1.7882409598332971	8.585748243582316	-0.8439020375441952	-2.3313034723708266	-2.3032453688664845	-0.921193173914155	4.543704983310864	1.7377482346469082	0.8569560315267409	-0.6897086778644944	1.4250267814820956	-1.8341572654808536	-1.6087183607896167	0.2033643388400085	-0.03224405390165726	0.25179203138046236	0.08215507519299638	-1.514395629946415	1.593322871378053	0.20579120246142477	-1.8059308056739771	0.23747027989164243	-0.5593037536611419	1.3024221472902888	-0.20958980730957666	2.1678029841488637	-0.6493518109878756	0.13133011324400734	0.4518732336873528	1.1082271243684874	-0.6406029244903602	-1.2797540622184613	0.6613573755635334	-0.5009578248362857	-0.4811929768546542	-0.910795778822821	-0.11278796369499153	-0.015901775757114704	-1.4778788818764619	-0.21693902500302964	-0.5976939128901285	-1.1573552143240848	-0.7985262282107692	0.5108938992040609	0.39281594776390416	-0.2899850548685289	-1.647757190792413	0.4921359235381308	-0.17282948960799557	-1.6443447508845657	0.7434324174682546	0.8950808329031599	0.06983561570420879	0.6456152410291324	-0.4014190756330403	-0.29083919754513515	0.8682658237582965	0.176639861175766	-0.5428580718708665	-0.3293211286297122	0.09081905230631696	-0.17593778503253085	0.05427190204346751	0.12174944015671006	0.7953994740462372	-0.06020189822053521	0.1556448788932661	-0.5294110034801812	-0.7106159051278135	0.8379918435364984	0.586715388252276	-0.40762900706265837	-0.12509570331107905	0.07472547751880297	0.8246931437895669	-0.12102441377695532	-0.04067583918781647	0.4004795873661966	-0.09875205653531378	-0.28662931725156654	0.42160991672630954	0.41523106205079935	0.3635927732526456	0.36012981743189965	0.05883332972150448	-0.056559076173127144	0.8010359083830955	0.569288948926424
DTXSID7026156	-4.130595040951114	0.2936017740131692	-1.9276082549155882	0.6780757022231448	-2.375592788822627	0.3999999578891606	1.6803042449120942	-0.8413084471767627	1.7538743105778614	-3.029210251867402	1.1520647946216653	1.3441546888931335	1.6663884066055805	0.2496574318047172	-1.4188344792845502	1.738540927407856	-4.221784437351202	-0.8435106457520319	-4.208116694471169	5.873606145887211	9.8512372153204	-1.3533010821043423	3.5643085994172368	7.475008095288647	1.9016996311014067	0.552393727758083	0.7606965953608684	-0.913036545297516	-2.828412422870002	-0.15724735920361768	-0.1284793122714508	-1.454148979617207	1.6488978491798127	0.07043319775661004	-0.4488307718837369	1.3464498293032268	-1.152852063367156	-0.030229326963950413	-1.1955161673480608	0.4283274840067731	-0.19868073694656865	1.0244464084084983	0.7513956420034404	-0.19901525501131964	-0.5839066266427516	1.217534655174742	0.9833513605566804	-1.404066151682371	1.3093548029672621	-0.4911631804981193	0.14525972763079031	-1.3260696699083967	-0.1654819335329858	-0.20110610435458243	0.12215133035992534	-1.0167501048254328	0.8397217466739364	0.5243726578928263	-1.0186970264890256	1.1890315817108152	0.30137427950269785	1.068150548722884	0.28495761916346085	-0.6972951644756133	-0.8859621864173894	0.030381384809591423	0.5211836026978994	-0.17622553946681446	-0.03337772192836355	-0.04504101299278148	0.49863281454428626	0.7711861487494642	0.4804937369171838	-0.6954479917231862	-0.8861873489667115	1.059251558039375	-0.009016452506633719	0.30023720277115995	0.01448903410954793	0.27706754378474474	0.1860803933232622	-0.395544976338358	-0.2716185695094212	-0.4028893530494048	-0.012131701349434518	0.19901799603474907	0.10611015543693113	-0.4719845169461766	-0.008902316918222018	0.3650158733910735	0.15113877160895156	-0.24614682408112296	-0.12906374571827703	-0.4004869330387093	-0.5468190955414224	-0.6823785697479865	0.05035869616374506	-0.01881666208270011	0.15866738321270873	-0.03410799064149713
DTXSID8045519	1.379002574126951	3.7742593027246114	-2.427044947820318	-3.321625864533365	-3.1156830999747744	-1.6664554583345261	4.855705876608676	3.999960816873396	-2.1230236469875132	-2.357582475632658	-3.295661746013238	-1.1226791066724917	-1.1363437395179872	-0.5770576435485109	3.179726677406504	1.6433184508874201	-1.0421307276693137	1.0429250026840475	3.3954843015712175	0.07460417514439469	-9.15078905107564	-5.544658130054008	6.872407127441003	5.490723498029064	4.9677106030525735	-0.8112075465908439	-1.8222695304882877	1.8779139038308004	-2.2188280838099046	-0.935872129404209	0.9106049911421439	2.876042590080018	0.8614462545604609	-1.1408571643019327	-2.679949024075188	-0.5578071346977115	0.4226349193009159	0.1679297789232515	0.5630612013817996	0.607232787292206	-0.0013101050002654751	0.1555829267279634	-0.7760664958870496	1.2110060579233102	0.768811137961017	0.06693274051337979	0.966772886415515	-0.12320137857334836	0.04494596918218756	0.046021841874789686	-0.9710814369467995	1.1778081141794436	0.16603203918877657	-0.13904135217915478	0.8366782389865978	-0.15869308789006314	-0.7507193559395464	0.024283384200427804	-0.4547719367825884	1.1280439282339287	0.19990606348458664	2.1068146545653965	0.7535497686487745	0.6057895293036637	-0.08573839253424372	-0.08027867957161311	0.1304885012178237	-0.4356933502307545	-0.6779016535097543	0.7333058316629673	-0.36553623960003806	1.1705751088497371	-0.670644786208954	1.5606027864345282	0.6103100590820237	0.8867418099542715	-0.16303381130417685	-0.5664748402371369	-0.001127484245159077	-0.7918544494754631	0.34041842143211964	0.6482617993858711	0.6636844799880511	-0.22226432545020106	-1.3658844831524168	2.6192626708957962	-0.35808680145697974	0.5865406807429145	-0.18538919990814579	0.5057803678037583	-1.0299960111741278	-0.37276067435222426	-0.31239570614786366	-1.1861958143508053	-0.6436954023042762	-1.272815560729334	-0.40194080364523477	-0.1037987503013668	-0.4092657226906004	-0.16194098481249
DTXSID1047152	-1.4518378482965446	3.1606438006618935	-1.6263068464825314	-1.1770343639188887	3.003076960259289	1.1956738994658356	0.4351807858222199	-1.7875495650312399	1.406506120869299	-0.8911339472085813	1.0612452440217948	0.8239018469583983	0.17711799354481692	0.9461478148056962	0.6002559385599402	-0.5382442738389221	-0.5871093997035759	1.5053725635244084	0.08095576907384038	0.48679281167432453	-0.7359361154755183	0.3038897273596722	-1.3534251599785736	0.032573027897492876	0.3174878794308972	0.23827669772382984	0.6702634667447023	0.32820875696181256	-0.25971954901222505	0.8716421813941252	0.44178384156015565	0.6249046980591147	0.43496614186867405	-0.2526829316619546	0.2322948148586195	-0.796738532112079	0.03882377592010006	-0.5249675752020682	-0.08170821392180735	-0.4668994787487493	0.12904534553819325	-0.43705171569523354	-0.05091361926070547	-0.18979407474188553	0.453376251894958	-0.2676283704153185	0.3167690106451499	0.05715884854913128	-0.3772372092765747	0.21423444221809512	0.1844341521106012	-0.5444261252518093	-0.22567420280994496	-1.2785933124493598	0.4897637802669872	-0.6499199187653941	-0.8199792302555379	0.34453946385130707	-0.14436498340150672	0.6169023088106431	0.9915018635584127	-0.10654099894806317	-0.18390533753359314	-0.8754733132991872	0.053462697163893985	-0.08961904076667779	-0.19019690995257346	-0.35900462981544373	0.1953697233428577	0.7549312888771679	-0.3578984941237012	0.2973438981172932	0.14057631310878804	0.21984283382457295	0.11454003671247263	0.23151070976020016	-0.7548009655345729	0.4257595457893706	0.348795836226451	-0.1478074383815485	0.743275323839217	-0.3700527662305174	0.02733744476822447	-0.08637129593136754	0.011472590401988355	0.4187611629689782	-0.3584338159888564	0.1425210452800401	-0.42137765933447713	-0.6410760972395726	0.04778883896550248	0.662246287611003	-0.36169251642412814	0.38019890260402806	-0.6809309389101751	-0.3915319568730133	0.46691857806506065	-0.12678750035792707	0.4102949500057022	-0.42734722305018863
DTXSID9029146	-6.388899060871691	2.9475676171769414	-3.4804347522010266	0.6185008204803987	0.5725052344693815	1.1345931746470292	4.648921455951163	0.9289331477326974	-0.18235307653528746	1.4789045485969519	0.30055102201217654	0.9263119895918694	2.2331275265599886	1.1854779563428923	-0.17104528648574419	-0.4452101636982877	-0.7979737923923755	-4.759032517980018	1.0189831972831045	-0.8450740019944308	-2.4635664474030188	0.20806392546592087	3.6216389820363095	-0.7260423467968201	-1.180560808678265	3.0277208329179186	3.2516913286875115	-2.962705408853412	-2.3215920422616545	1.3573988755312165	3.1720379979816546	-0.028095578794755775	-0.730446512934893	3.0126380532995567	3.7203368844676556	-1.10846344156892	-0.6226714604640551	1.4906699643223575	-0.11031634203246757	2.0151629774441804	-1.9173351610353606	-1.6160584467731458	-0.44192854226526634	-2.2168906547394425	-3.1702346397471652	0.2047300631152829	-0.48568723971443123	2.9334080515540673	-1.0447590261773385	3.384358686474682	1.7394252977189018	-0.029810592201661847	1.2615533075328949	4.3035603891340255	-1.982722401381025	0.20142506095406096	-0.4892615538118912	0.47078923022879204	-1.8919968231308781	2.213766837075799	0.74769483308265	-0.47421349307199084	-0.848678415638295	-2.577499371141772	0.39796752161609694	-0.7720135188207174	-2.2775275096181646	0.7216621330849547	-0.4127591922269215	1.126704265129321	1.6891900172445247	-0.09545858662941685	-0.35925355134035664	-1.194793967517348	-0.30993306787836505	1.1743856460838018	0.2929617143016567	-1.5703621641737913	0.8239995074271528	0.46007202052995805	0.600767830317427	2.082347143507814	0.5690893431003607	0.9503165307212763	0.6508732997968238	0.05828366276484455	0.07719485591585182	0.7926438481065458	-0.7644801515872747	0.650683751360256	0.27699937318833023	-0.05503757605208411	-0.44358018687328177	-1.4027684852820956	0.3778877531577404	0.6463794568842954	-0.13711797056290392	-0.5634415314115501	-1.1734100062013073	0.1835705128277354
DTXSID1044352	-5.399336762715459	0.6539386199338023	-0.8616522919171187	0.5938220814295762	-0.33722770662141255	1.0234027091879516	0.9383004618613778	-1.8325698053055308	1.5201337369042551	0.17820560135055183	1.6350287727754393	0.5703608420541585	2.3083560928864553	0.9672334986823437	0.20005061906819036	-0.7963565311438435	0.6252718735738666	-0.028035146013823675	-0.023766534354213033	0.48743074356097293	-0.7340067960344895	0.8770034986133279	0.7091973853699077	-0.6578329913139574	0.7780882560083715	0.1724197315099917	-0.13903572360217178	-0.07442306411448012	-0.580831913635141	-0.8308334984983106	0.23890493612663752	0.6236311702993697	0.10985612287582774	-0.026808297099783236	-0.09306277563583447	-0.4149299540926413	0.2770874233069173	0.9852443201267159	-0.3028496199776004	-0.06393546264313038	0.10370340877289005	-0.552210858404891	-0.42305906734016435	0.027553958069103004	0.21707081158928695	-0.6819579101210274	-0.3924078680864786	-0.4951597160168421	0.12382743584403115	0.6213859482525647	-0.511385493541638	-0.9517280272358072	-0.5639750990069875	0.028426098993229284	0.2811995554966163	-0.3886822071658269	0.02160558669242898	0.7885623427551999	-0.25894231402935486	-0.3208085840959316	0.013082520330469936	-0.20441430703828145	1.0668987506228922	0.9832285384854819	-0.6872822864496708	-0.10007748189053564	-0.09649953000810003	-0.18949229999160835	-0.2879408656478917	-0.05445156096214953	-0.18749045556598012	0.5932719284778868	0.21150223229626594	0.5708978177840592	-0.7885026837070378	0.19208778615175348	0.06546969169627262	0.24109385814064402	-0.6492423436671487	-0.1321177218392881	0.16466992409422027	-0.61218788257016	0.15781417837520387	-0.27411180685691156	0.4007443599752548	0.42248565638024144	0.18325265135462993	0.1572978426398088	0.5631940017067479	-0.033311898669862984	0.33606166729065284	-0.03372770633844265	-0.46218632141676935	0.21607925690753302	-0.1543632074740933	-0.03860079439187913	0.14811289122653362	0.24233697403720467	0.11838375020558917	-0.09480536194827602
DTXSID8021513	-9.085513777022337	3.95727370371114	-3.2534554683913948	1.3496836225669642	-0.08770121114540685	0.2914791594299928	1.3215052382894779	-1.8335681885745023	0.6530517094034306	-0.9068554725996792	0.38055721513459206	0.7372939130638426	1.5366034807558129	0.7064656553403241	0.8179017615612255	-0.3818186452645951	-0.5309793420399724	0.896714906535719	1.5252431334902685	0.2890857073221648	-0.45299900155609135	1.1288202502126774	-1.9237652875216678	-0.15202844000948798	1.4952178080630083	-0.19343621867898644	0.3190784439381382	1.0496036045182382	-0.9709513315140091	2.704190528020689	2.151810209532136	2.284898026260889	1.7832521637854748	-2.1666651737782416	0.13342795168701244	-2.640380446768123	0.6341911978377603	-2.9847548043853074	-4.1617072209498795	-2.037106246808316	-1.8777846964008615	3.290560364459304	1.9556454694111718	-3.0707019843224854	-1.7425088693509945	3.249758105226831	-3.8790257404909947	-1.6615148259183503	1.9586046947560665	1.7572532872032154	-1.2807949906302627	1.7845691418339982	0.10311818705504161	2.3900009654489165	-1.295413799257002	1.4000518681399683	0.9799174397674509	-1.9631173057201285	-0.4220996512839127	-1.7186077126015822	-2.1727047054699193	0.3035893561916168	0.5029083880492938	0.6899206635870077	-0.17463210206968918	0.5538237165868771	-0.2718146227101703	0.08290022698375722	-0.2665822758862121	-0.25041141646987747	-0.7028055994051315	-0.3990852421953719	0.35553014913863196	0.2757646974071827	-0.3996836171017833	-0.24643605573686747	0.2464474092370399	0.010828774578760582	-0.5218084054381031	-0.006651057800890584	-0.32093399341352163	-0.18080480261335177	0.5557539640719131	-0.19207661683459004	-0.4434050991235986	-0.5228991941986892	0.3689115700872174	0.1410019085509978	-0.19858656489340018	0.6733516932123843	0.01524693510034422	0.03474961473207401	0.1655046562166844	0.0646163358307495	0.25605199074974666	0.2133009384547052	-0.1458401415336607	0.14554963405317825	-0.3250553156950428	0.28729601848087816
DTXSID5046807	15.600501184450215	6.6639885033495485	6.643772451356001	-5.340461921207407	8.839683129519068	1.4894810654033455	-2.9164012906223933	-0.7485582622968081	0.29460873900542656	-1.943547183176735	-4.9811127656736565	1.6300703850338119	1.2791493099489866	0.4403758939572348	1.020982847698126	0.5647683991946777	-1.6075602991398172	4.154285677579598	-1.3018924178982438	0.10109684291658826	0.17570623259005605	-0.39950678192087175	-2.8322315053115217	1.174332929510194	-2.486792570637469	2.629732485399024	0.7823445402253874	-0.19481864147205066	0.8270207925152664	7.959128066862615	2.5615556623452003	5.300932664103351	-0.3323034821888566	-5.49613686273616	2.208295061370984	-2.1792629468501934	-2.8042476892231463	-5.668334587189063	1.2179341283729177	-2.9506584445243975	-0.5880497128103723	-1.2905730885266031	1.4348989206082703	2.32386134080301	-0.0817212715072878	0.4883868566836588	3.3891256671943677	2.209992140082263	-0.981164326645031	0.6443227264807171	1.7837718780381582	-2.4152624913607577	-2.2538170525562937	-5.468814191869905	4.916868776811603	-5.784375194891193	-3.718101947219589	4.4518757794186	2.459093151587908	4.417569165991053	4.034027335949713	-1.5477810010058275	-0.5257783851639629	-1.934013569391155	-0.3088499248625317	0.7689110271740891	2.342446553723567	-1.3480616912877588	0.628672139529234	1.785227068104161	2.0496069643147847	-0.6455849941137485	-0.38927743160425604	0.2053763662263753	0.04493218536599045	-0.8828931842938863	-1.2826058030598924	-1.2460317040073596	0.775739962547907	0.10101667385946574	-1.2540383593858766	-1.7090678934898098	-1.7856890324957337	0.42030017748960335	2.1377254025070087	-0.3141141941218816	-2.0325821170295186	0.05678607876463062	0.21916751063764406	-1.6049156238893783	1.3227350386290344	-0.032864899460375484	-0.7005129510260037	0.22386460558154045	1.3958127334691086	-0.9364403345059196	-0.5818387850524204	0.6099553494247392	0.9104770807280008	-0.8499477787706929
DTXSID0052837	3.7728573459473345	-2.7378203438208897	-4.266200668514066	1.8246062415877622	1.9614841160060394	1.8177752418419226	-1.710407782617959	-0.41873729554197603	2.8975608391210357	-1.562860653680851	3.1214349223214204	0.5645300513320204	0.8616416317965596	-2.1634380069130543	-0.52325779869786	-0.28850926097007895	-1.5308829009147908	-1.1619109977880278	0.4978691223761241	0.2836935456228854	-0.9040709874931826	0.24901970046459648	-0.0538022571603355	-0.2693214847135655	0.5046650037839676	-1.0976393838356147	0.5735452438264677	-0.42596731539679533	0.7203266138294363	-1.24356928132393	0.9863227716786065	-0.09507350916562508	-0.7401098118433614	-0.9164450660996643	-0.25500494509319555	0.8878669279969349	-0.6700611919336047	0.3450753833434869	-1.6542023587635943	0.09225072957913398	0.45573979739247417	-0.18835941735983777	-0.07261654329070068	1.6992467848893624	0.30175972624424846	0.03950177185392957	-0.1706592554964215	-1.2895787821899458	0.8050899969705276	-0.07060172993710481	-0.8267626855191413	0.2385081310687467	-0.6074915818548706	0.8142641715248607	0.2535804508447205	0.8816558719794434	0.2856008024660339	-0.7900780325619396	-0.7724680185118654	-0.49162576982915157	0.7080721762257101	-1.0440807489248407	0.018860956574722993	-1.1126776921393104	0.7391663664216733	-1.122444264981599	-0.6608039784389134	1.1537213531758759	-0.9012160642511852	1.425704239823412	1.185284133487399	0.03071057929546282	-1.3913796486486418	1.6654477776046175	-0.27553918112785325	-0.5731713446751644	1.2759584504692787	-0.6565541147270162	-1.4041431492484728	1.1296987758288142	-0.6619473355541896	-1.0021075310142775	-1.2477350358881802	-2.2083764332892777	0.20442997383531106	0.028828412242283954	-3.2890409389850284	-0.3795598838998275	0.6972684081197399	-0.3174759876532255	-0.38097734872477346	1.2135664586808788	-0.8986473409641013	-0.04927540577207048	0.8776492373031886	0.12957541614792922	-0.684051972328892	0.7892737404611487	0.4223965390838639	0.13849420819299982
DTXSID0022935	-3.680513622782352	-2.2739785971120487	0.39540330858182343	2.2051974740700255	-1.319251759630344	2.446378963559903	-1.125063305227674	9.472401701359543	-0.43720331249129657	-2.2297030151589072	0.2762095561706647	0.361939062856724	0.674972637858914	-0.3517668142871416	-0.7255924445118137	2.022070102096328	-0.1986500515671917	1.647107046626756	1.0115937020370576	2.074745734016948	0.24289421134043868	-1.515563664789304	-0.3961493061659988	-3.2434155243948317	0.5742150041779058	-0.1251072848159225	-2.4576451769695984	-4.47619357603233	2.9558676249074938	-0.7227567764951802	-3.9365211427863027	4.52548697666586	8.62436687654869	0.7922351792711403	5.29894961750858	6.5680299650220295	3.3860605191945634	-1.0633409052163243	3.933507300115739	1.3132855065130966	-1.2502917384120342	2.6925410268604364	-1.1031841244108753	-1.7831896233226494	0.13580210666857512	0.8087493770226772	-0.4358450312304622	0.77831417917992	0.16282681607207455	0.4509194065600149	0.6173227449692668	-0.41688098538728363	-0.05882422288972974	0.13986101598896358	-0.47922017479935974	0.7029931907246404	-0.16865144371328633	-1.8374429476930285	2.811987048766284	0.5431550550883815	0.6797869817881885	-0.539543762616083	2.8068220466446467	-0.9183752138800284	-0.122200758810434	1.3728812946466777	-0.9156479976223044	-0.8462413565499305	-0.7197341018170312	-0.2553095746727273	1.7442962540495555	0.12313467319933225	1.4455949362251328	1.216261499767448	-0.5571209018250108	0.45059632081123835	0.14725632874595906	0.3325850547879456	1.7883718703847107	-0.2772642195537656	-1.3747350770979962	0.5570321539733666	0.23365574860456764	-0.5514118305024246	0.3455928331892019	0.32102731224384656	-0.7982785539698025	-0.43094504286414215	-0.8774275115085312	0.3886234400745474	-0.003356730077551019	-1.2467403635352425	-0.5373358580405643	-0.8911042492161492	1.030810569500972	0.18141911062321966	-0.27050787919427655	-0.6749760941778724	1.5796444955675621	-0.6525288732423156
DTXSID9041237	-6.024997848541407	5.085278558071815	0.15992389074981314	-0.9788625376758804	0.5125478229085704	0.41941488900618196	0.2602814567524192	-1.0395359731284717	0.13917413381771412	-0.2957837177862442	-0.8537202994663832	0.8254112259627107	0.8603072376505772	0.26380712744950763	0.5068479924241178	-0.697559637641671	-0.8888324139669367	0.5227058190700129	1.0106129413936955	0.5513546101759902	0.04066630638135377	-0.15041953612394837	-0.5117580819354584	-0.2727892620697229	-0.6930573988976266	0.5634509061489935	0.5767407155260542	0.004024311938388392	0.031026205816431812	1.4365790859614653	0.5761196782417571	1.3147339134148066	-0.3780520747269652	-0.935704489816088	0.27555310991934223	-0.28169014032876427	-0.26725576270794976	-0.9273212205705933	0.3326809826077328	-0.42666256452770884	-0.14868766590790258	-0.05029308790928084	0.14575128777714708	0.4961123498540721	0.27966417495801044	-0.3331779855093343	0.6178186058102035	0.5438262904277071	-0.38390727976160366	-0.3565530418457795	0.4322085363078094	-0.5317936211715741	-0.2673237323896439	-1.0869256300117303	1.030508241147229	-0.9413309208798588	-0.7453474332213854	0.5353134463976024	-0.10540505988275523	0.8520658006699536	0.6995728776817876	-0.18828817859937053	-0.4590928765064475	-0.024005824911013378	-0.3261776404732848	-0.08259865461543739	0.19340763427442215	0.04155746462879691	-0.04932697110522889	0.5584220103590507	0.48912655806776645	-0.0832987391925197	-0.12238514000579466	0.053572650142365986	0.15812831916142395	-0.21834912698315007	-0.15032761034041028	-0.09178430192982844	-0.0009677883293844704	-0.1720993312274745	-0.1112872966940316	-0.12313297874426532	0.11381638582807997	0.16288258113143345	0.39569967843856946	0.1665572559225033	-0.2614494591836102	0.31790157334979796	-0.1747938408317357	0.07702933143977263	0.08178228686996133	-0.07075625586888715	-0.3971388387629378	-0.11545203987018238	0.0024842179961199525	-0.2789944704678109	-0.1868547090230942	-0.041983626497772646	-0.19993280526985682	-0.1377268036343825
DTXSID0046193	-0.3139552852546243	2.986821646357926	-0.13221621799422328	-1.1941930224585162	-1.3762872418535919	2.9975616404226106	5.841310825051441	2.5247376118544946	-1.777816237496281	1.0261148947848857	-1.6083256921253184	-1.4098931924109006	1.75068578298343	0.08553953399918393	0.7222089532555265	1.2344930623228247	-2.3360059337128307	-3.802350964357116	1.7440344036395623	-0.4564541795929107	-3.34625070950793	1.0995964326778498	1.4775147506541686	2.0236331222191906	-1.558431959320096	0.12471252939535073	0.2560280555087598	0.024964776008627863	-3.2477813623311635	-0.3274394071896751	-0.05043500040785195	1.933387529070148	0.3201636219989397	-0.5018056722007848	-2.810655478550709	-0.18403208272174118	0.8031077439017048	-0.67425604344332	1.6711652497216813	0.1275098899498606	-0.1912811621076779	-0.8232356067825483	-0.7863515933779885	1.0930678773905131	2.5515993053700243	1.5427976462158157	0.7161131979823392	-0.3192282581506552	0.3385427636906347	-2.2929511193881074	-0.5719491930602486	1.2284776729388247	0.9502430483307172	2.565213932873139	-1.1225252414763478	0.47502060262223306	-1.334512876673766	0.3716682417829462	0.16185035779592263	0.1574997486290639	-0.9175844889071433	1.5892053747505306	0.09011012162077635	0.5055959274384301	2.303937503561998	0.8496592665860804	-1.2820027403622438	-0.3935950512411952	-2.3065641568764526	2.030891325302936	1.369076884802909	0.4854307273674421	0.22863237732180944	-0.07859144454546492	-1.9869872865465408	-0.33764085931854004	-0.5053777173694479	-0.5182949310738314	1.7845734538402118	-0.5445590764977021	0.3994835160815472	2.042683601800595	1.1102615792877237	0.4699016445732435	-0.6359690187731643	1.6425718400808085	-0.304504102891271	1.8383936032178687	0.15979161529402092	0.5470182451599305	0.34820912397499104	-2.4214915770562766	-0.11556928322835709	-0.2653699706423481	-0.25544990968062853	-0.3351832136351851	-0.07101338666448462	-0.8419484040901999	-1.4627706867284278	-0.3186996911137334
DTXSID9023756	2.07604860346544	-1.579820802509314	1.9521690002339391	-3.682850671919138	0.6141148848978348	0.4154906093291598	2.0850978273388496	0.6171111251480531	-0.2997728279197963	1.8412357840600915	-0.8854477119281231	-0.7397214071275942	3.020062818647337	0.745194841508994	0.513788699867379	-2.187507632367426	0.5672592008658125	-1.8442644572231868	0.8114929538124614	-1.4985926554348288	0.2545001755833924	0.12588747859242624	0.3257139649326865	0.8208568330748456	0.12360868480026845	-0.06800348736696958	0.8060436417488319	-1.135092170827589	-0.9931798255739188	1.2063169076790794	-0.7579782153990451	-0.39804754727037545	0.5976895557761908	0.5595041985294019	0.09659514153731985	-2.030996759470692	0.10952046596413226	-0.406005498938064	0.9103440561796091	0.18067177911692683	1.3506663066352536	-0.019847245159899208	-0.7223787069138071	-0.21099201205039778	1.246329068338832	0.8876404900016037	-0.4798162799980114	-0.04896647424667178	-0.9409482191568818	-0.6643819113207317	0.9904933051031677	-1.2020600048868522	0.5969125025834713	2.424462270099516	-0.01715021087615602	0.10061603895835573	-0.930122783886668	-0.1551516201249609	0.5947656754941054	-0.5376885395957981	-0.1315392678970652	0.4308483465569656	-0.9058869143609103	-1.3362514171090187	1.064081789961683	0.6071533781946612	-0.8361505259910983	0.08058759302499921	-0.8854620659159042	-1.117004052220551	0.5166292349363848	-0.020681574790062367	-0.14040834541769498	-0.1311104770301985	-1.2752737268068155	0.07076433512679396	-0.003502452533744446	-0.22464941179970954	1.193245411421327	-0.07994715018325897	0.7207033435915691	1.2265078610569502	-0.0009865768301021915	-0.5099411395667404	0.10623798098578108	-0.2811503116505171	-0.31260458105747846	0.6901179024277823	0.004491054207550986	-0.8639846768660738	-0.08210851273930946	-0.9573947331807188	0.3412009847596679	0.1606870210433503	-0.49701208695289223	-0.6586276738853677	0.2588659143058336	-0.2587283068387613	-1.1100761430330373	-0.20555743139188212
DTXSID40380797	3.2749727175730436	-8.271278604202031	-8.349988148703527	1.870837583712526	-3.26516308935697	-1.073965040031922	-9.732828175938057	-6.1530158607499805	-0.08919993142750135	-4.449393194688556	-4.194853799321373	13.458510749722443	-5.0404990151078435	-4.561233116131472	3.0144626359636204	-3.83011388183069	-0.7413330663927263	-8.665362326896895	0.5558707288728747	3.9307358165593667	-3.1567040061308442	-1.4149621070550262	-2.882025259084318	1.5773310729860783	-2.3079510557236516	6.117737094998446	0.3944421351501938	-0.383708517879061	-3.5952066307163277	-1.739145403853643	0.5365374330082208	-0.2916149768726949	-0.9432406756760319	3.353084892925953	0.13643905702743514	1.8733875359265688	3.8103539924403296	0.5792909457940063	0.4618455805806224	1.983540822842109	-1.5790735513018057	2.924546338284456	-0.9956848051473264	-1.2095346174203034	1.0629706164519732	1.616327184874635	-2.1244581478253606	1.354238810520863	-0.2659495805238493	-0.25364163512148535	-4.262956651943342	-1.4673009374397323	1.0701766399176347	-2.003615899014495	-0.13333638711006543	0.060322550345215914	-1.7222426568369202	1.738148385698576	-0.5053077411595813	-0.5919785386315317	0.011382943160770417	1.793743877093641	2.0132422974874378	-0.5329033573614171	1.283995187210489	3.592595255890934	-0.05596211389233451	1.318415793945667	-0.16425753370204926	-0.21072242571598102	-2.716174518529124	-3.199407652863201	3.2185992182380483	-0.7501503300458254	-2.9146974031019295	1.0826104435412367	-0.9041213428818369	-1.4477304363253807	-0.6806048397219996	-1.0720718931399407	-0.9593782346920098	1.1701348310394937	-1.5861309353406812	-1.541642413334511	-0.8611584835987522	-0.9718857918153682	-1.50914666815968	0.9592109343171892	0.18809451302580726	-0.7590331423469328	0.7684627028932265	7.597155922346008e-05	-1.9069019424046483	-0.8671723511294297	1.740452150997044	0.5021235549060415	-0.4635075962642832	-1.1288274726282281	-0.46294562909341025	-0.10197018844587569
DTXSID2032637	0.6365353143485446	-2.03308565282161	-4.624369512387338	1.7419195699473762	-4.564588353294763	0.46862921255578294	8.467552894654652	1.8255357251240187	-1.602666246777576	1.0412705871378507	-1.4518051943576198	3.731520775415646	2.2888451340131657	-0.056625122802698345	0.5551311912955192	-1.4667471434569153	-1.1083332721134602	3.1761248459783764	4.688628127689365	2.319521423426284	3.583140775637226	1.190240875222381	-2.4558560287723714	0.06257165228898083	0.7217636462953092	-0.3220858104161853	0.2878121377144355	1.6206688999610874	2.429424935332985	0.2852501280186218	-1.0749838788889956	2.8270856944831375	0.9572644437951235	1.0157817113225067	0.20630645415265464	-0.21408304556077917	-1.225455752237034	1.9323964996412488	0.9000495771501001	-1.9978678068294087	1.8168813202424225	-3.5494061205816982	-2.4354938085747304	-0.14176872752000994	0.77612445986076	0.7706340043655799	0.22256154696397565	2.244760232482689	-0.018078942275404738	5.034465771718932	2.4042214468914773	2.1551576588330708	-1.0493313355101797	-2.7721970821311666	1.3938614357207182	5.466788124221003	-0.23565870612300172	-3.581235077197776	-1.947586255422495	4.591490887749509	0.769087861311301	6.139785403995536	-0.5511182123802741	7.414987894564216	4.362956997565396	10.051869052824433	-2.3258147818461103	10.05110891140867	3.371638097440644	1.3842006756208636	3.647426218573508	3.9775750951824618	-4.369160163054312	-0.2649366115132295	0.48363331989395647	4.691618258901454	-1.222688780870165	-0.6435312110305863	-2.9224177307867905	1.3069627682544036	-3.6118795340322545	-3.5578578391619917	-3.3166641793995457	1.741395864013727	3.5130871194632465	-1.994003842773252	3.775168329509209	1.6773826022837104	2.0826411870092394	-1.1762369368873349	-0.7414259139391687	1.7595191865272966	0.7701143481647648	0.3214036122259873	-0.16193999519492938	-0.328065960771626	-0.5006180929695352	-0.48994081465637823	1.3558038282876157	0.10938745532741079
DTXSID4021260	11.262887770739916	9.640602312949902	2.745776045760971	-0.37871853056030425	1.6442341457326841	-1.3453971937169626	-2.4535847407910865	1.9793863385109398	-0.23265337062924932	-1.0901200593571845	-1.744632905983291	0.8827230664906092	-1.5602914525823897	-0.12051711275944564	0.047721374436319	0.2140265581196921	1.1360345405642625	0.7188246030523071	-0.11758031414406084	-1.3978990888455363	0.3576240081594738	1.684876002477168	0.7870911138336923	2.247002798454636	-2.624884728285029	1.392955130063419	-2.0157013620266806	-0.22481927612133717	0.3024987042553925	2.292033031120037	0.6499306688697652	-0.6881231972111861	0.7956821695968191	-1.7299533026527896	1.127937806532237	-0.5239713995446975	-0.37034471120933854	-1.0158772540219727	0.5370486278046374	-1.9112143496467184	0.35412186383416333	-1.1183322118105876	-0.26980060709947123	0.5941515695851382	0.20164956634486006	0.31196237033561597	-0.46850636859505673	1.0153022873430815	1.1185801554887862	1.3633955592073899	-0.6058235091170536	-1.470533452414348	-0.6266360408638235	-1.7213580629370167	0.3257532584363629	-1.189763756659539	-1.3271180826350248	0.7002981499523793	1.3193643895245737	1.496394445224056	0.036505549540318	-0.4065448868575318	-1.1111487789978072	-0.4193276947526047	-0.47287340853902615	0.770126242069203	0.18070844444610001	0.07187373478134623	0.11825412601499098	1.6874295763024458	-1.2259190731894551	0.46170248887174603	0.5206933363927433	0.09191384044113407	-0.24267381341802968	-0.5510812041283827	0.5968428809314767	-0.2387665306224736	0.3010493415297319	0.13072611330236097	-0.09149034816233484	-1.7000046004513354	0.34156221833282535	-0.30471314121401044	-0.2523280373702391	-1.1099984100626388	-0.1831341167581184	-1.1841597610031034	0.4254561085461268	0.22074330669934936	0.1941238749180267	0.5622254768842079	-0.020121175862843715	0.012931346889240988	0.16570930731978223	0.4591198733062346	0.5211292727458217	-0.5791913799189528	-0.37262682593990293	-0.08897062105237163
DTXSID3044544	2.2379362292771394	-4.525865681870032	2.4869826085631286	4.266038910749659	-1.9852344907368815	2.2809107972325373	0.7468133567241769	-1.0434631824820866	5.357643269489024	1.667479928089963	-4.690063835954789	-4.9817354063965364	-0.947988944603194	-2.2033725905626493	2.244254398009566	0.5297443723302133	1.7239459521839178	1.6438661418836238	-2.508577867527604	0.9290529309131098	0.06309105557075077	-0.4578606554560868	-0.4889506122908271	0.17718565026768288	0.11769719117560053	0.8565644728878048	-0.3020944874026302	0.9740258985795219	0.046615831221290364	0.2533372267554711	-0.4328145975459303	-0.40466221344797165	-0.35376616326344473	-0.1390164599537606	0.04888685807795312	0.043391295338733406	0.7965509118931948	0.1820014580871587	0.15868268114190429	-0.7043290905551981	0.33705208060738867	-0.3967041342174913	-0.20468521122031294	-0.5076885539493983	-0.2141052661834132	-0.12116269459168831	1.0216383571089684	-0.49496648538943583	0.18594082681753343	1.3899170660742564	-0.1324258107177806	-0.5824621488729272	-0.3871087791046831	0.5463731891445833	-0.2603898292179671	0.24088138230600892	-0.018668779134131886	0.17539858794047394	0.5312334770145943	-0.44087089941367336	-0.18171512643974355	-0.19437459030345872	-0.13590320558883223	0.3057448415454197	-0.13977595819795818	-0.1650883099612735	0.34222266444001964	-0.1416492072115618	0.5585125815607073	-0.20813755688351612	0.5544189528211442	0.1414040889339567	-0.019528787034876007	-0.618931436357043	0.38585421598192726	-0.03691373488591597	0.5802482496216765	0.040079993496505144	0.47736537018764685	0.06183027205574914	0.19486899289129042	0.31113925412270105	-0.44366023226173135	0.19744251521782996	-0.17022669447997632	-0.3322559141325679	-0.270860933700921	0.04673363705795996	-0.5105726953691901	-0.04403908527942261	0.12274247306959052	0.21516223720576527	-0.18533166957323874	-0.20302315546117566	0.22661282884641418	0.1087512655309322	-0.4580623254724542	-0.08367050403497256	-0.19656049603822398	0.03700985117864367
DTXSID3049338	8.221536645227182	-1.7586537834889373	-7.420730916105991	-1.696390837600827	0.9411907696147748	1.5524517597691123	-2.115802921302744	-3.0271545344698256	-1.6433447888969615	-5.313738484827264	-5.84219937787988	4.342947508542112	-10.174205827789093	-10.24032630442538	-2.143370688143587	-4.92626395531228	-4.576011647701767	-1.639562902438843	0.8971071094001611	-0.7433164729891755	0.12539654410629245	12.290224254272676	7.841419952570504	-0.15637518056669186	4.695661170419425	1.7455044774452528	4.318935587081034	-2.7469625954662407	-4.9899141600541785	-2.1472272296096215	3.699795692567868	11.395164545653396	-4.838470753832753	0.9422963811642234	-4.293162822190662	3.7715321075945423	5.242740068080965	-0.2513750838222242	4.822082553759927	2.894927739556708	-3.1653962669345748	3.952879269214781	0.8593883404127342	-1.7521137936952673	1.4758240144912873	-0.8401456224801198	0.23085397218504583	1.303226597033158	-2.3010376821023857	-3.3209489067390683	0.31688849321079565	-0.32268384419899837	0.9975885844916399	3.4323159867796638	1.3736873324803625	-0.2604192551228006	3.0813132337016333	-0.5324244062360032	-7.061058773774177	1.2871349077982317	5.4138523834189165	4.465467828152219	4.8102380756323795	4.642465191714554	2.4157920821749257	3.9527148058651544	1.5185050229525112	-2.370883065559478	6.282263914933989	2.166784431232101	-5.997581491188073	-3.689048282102179	-9.465533052602927	8.519242545425206	-8.401006510528672	-4.309715456170288	2.337225310257261	4.318222680806703	4.446438757948932	-2.5364239922841114	2.33558343751361	1.6539513381802213	0.12218490280973208	6.1960120070119995	-9.878143853127748	-5.897881413186216	-3.084184401167423	-7.698079036861328	-0.3881670213098392	-2.0559949681448924	1.8994506708800676	-2.8756813220676203	-2.119481358896374	-3.287380896496973	1.4425166523482271	-0.4765202020437928	-2.3266859259229036	-3.763985351411676	0.057841377157432684	-2.263329053865712
DTXSID2047436	17.3734676652051	9.385631921483613	0.22121580054795623	5.61643352974534	0.36923329960911955	-1.526724092171843	-3.946824624057687	3.2416692568224024	-2.069682671754915	-3.713732520084958	-2.456507760371595	-2.469255173387143	-0.5612305111156294	3.466662267111186	0.10662167292468432	0.5960023231929724	0.7801287675716235	-0.6542771405428557	-0.12499131581400658	-0.350933934878217	0.9536791795344683	0.1995368229248839	1.5778840354557169	0.9328139054658648	-2.9742848666826394	-0.5089942790313184	-1.3553276202557154	-0.3546251459884189	-0.020784809621463545	-1.7706790025526695	0.8594989020248319	-1.151857860365845	-0.4767435125121834	-0.48475746125182295	0.24125898606925494	0.21015684492833117	0.45430176387249815	1.156323427021745	0.270107793510454	-1.133817431385038	1.1548014459358087	-0.6696218753902873	-0.7831493027170345	-0.12631384510376198	0.6315766613994201	-0.692763553053725	-2.8172945603638064	0.4524474264049539	3.073638901025113	3.390841852059817	-2.5846766619449646	-1.5705741747853075	-1.8935494597118776	-0.33861802708832706	-1.4841777530487161	-0.3204423671376217	-0.6584788029459677	-1.2069353135357195	1.2303311570753084	0.6303245217750416	-1.0678617225179667	-2.420636408206312	-1.4167139748587918	-0.5692900503999686	0.29923327960834795	0.4704571845203089	-0.15441388978053797	-0.29198145671061393	1.166374448911079	0.588739490189202	-1.9742213087314828	-1.081692649835902	-0.40947795756216804	-0.47050923356165547	-1.2450011182584466	1.659466674221333	2.6025347174191054	-0.8530512505208798	-1.8053848249722315	-1.2568681118914273	-1.4697816783940847	-0.38541451134105187	-0.034102821939213754	0.2747790978596705	-0.9120816391196355	-1.5634160524836298	-0.2937893898383744	-0.27043815097489293	0.39439387364684064	0.15903736104125624	1.3402785340883723	1.4725021380059207	1.5288675944191394	0.8226500269412236	0.2552955196081046	1.1336230825516083	0.19775128774332604	-0.3266417448221277	1.2475461120907958	0.17426742695231176
DTXSID0046644	2.8892108708727773	-4.713111592375213	0.7196142761560497	1.2836635902209106	1.3385658035966939	-0.9713962988190306	-0.010481298303549822	0.8856836793320044	1.754080060678439	-4.259140251893223	0.4598258807368332	-2.127258076150013	3.827664579799595	2.1509334785615803	-0.4370961839328229	0.03406049243386998	-0.5468900683824828	-1.666381847892704	2.8203767075575157	1.1707575867295728	-0.19808284921720415	-0.03899897111762227	0.40257135444750924	-1.7448311989244114	0.6323161099727366	-1.0427222550959598	0.961801073518499	-0.012080223576211559	0.006715472258213095	-1.850800037972997	1.130685727830159	0.018017619328040184	-2.2677562711495782	-1.4175423791608326	-0.4718126713631675	1.97478692340925	0.9088315938237022	1.9988773487582618	-0.9609352383651691	-1.5641873815638139	0.5191610523970137	1.3609649644197166	-0.13299202473571137	-0.4031765783545135	-0.21493138188915828	-0.3753808015320166	0.881648722194531	-0.7644047080542716	0.1728420084565966	0.4709544234001292	-1.5271439720578395	-0.9666518002166685	-1.1552612214575397	-0.1771112868938313	0.2627609367392227	2.0025610279029933	0.9340813121744647	-1.314695291075867	-0.9882302515915644	-0.24642258531945874	1.147162132281183	-0.613569704005901	0.4231866150863934	-0.2991295263849298	-0.6924338167851887	-0.39076751682868394	-0.6952437037695204	-0.4498429307085264	-0.855078785517464	0.1073932102465446	0.14132922318312893	-0.23050883945486572	-1.3449750510638503	-0.44044787473776453	0.11861938115193911	-0.3694709952997559	2.328684020925432	-2.0702157642976062	-0.4778757914402162	1.1332085094791091	-1.5326629500483238	-1.5371189521167192	0.20953873296284498	-1.2821831255238962	1.1583546256649095	0.4346640781691518	-0.450385593993144	-0.5178665777951001	0.4108140306194976	-0.22494435457257947	0.5241158088177535	0.5035299215962799	-0.4293830861409549	-0.5487022265776187	-0.032426060391333215	0.5569772906644521	-0.4417627989869501	-0.9804369641422473	0.9805053741783424	0.2691553964192094
DTXSID7037680	5.787378739153289	-3.420235726164101	-1.8373277374891215	3.3178439469273755	-0.9208620710467813	-1.2028942152242696	6.902393526391058	3.4538003801163124	-1.4865566580686802	0.07581933300183781	-2.475603746273351	0.8307289676233216	1.3874199482023022	2.6139843111670715	-0.4649630071752671	-2.2178370210191956	-2.3453677745762445	0.039164261970732604	5.557476868805271	1.9423005103149942	2.294467186182002	-0.3971530721916229	-1.1497984386306404	-0.28369045821269395	0.9857280677229444	1.5112062858100412	1.2232215265878017	4.3211478525085205	1.9151647962957195	-0.4988334325900165	-0.3857715527643474	0.31573156265778807	-2.5361189083568916	4.594443593291175	1.9153967231704692	1.8614367846733955	6.205961355244665	-0.19764457718814582	-4.59972177469073	0.2093287858885948	-0.725751350108039	-2.656236791492572	-2.2425510403183653	5.400248890135234	-1.5776255242492156	3.0633248675674727	-3.245185780249739	2.1119801092161645	2.6656985868578547	-1.5537128571515817	2.433439590709994	-0.665755514070798	-4.383381164714864	0.4439126403943659	0.7763269285006418	-0.28542781638640613	1.471552250146128	-0.9377992178853132	-1.5929157476574434	0.1698027097349553	0.06299568991706747	-0.7921444560191647	1.163488690342335	-0.8855094089227957	1.5564564604528877	-1.5949615943986974	0.010187304511209007	-1.840761529042068	-1.6528842568410096	1.4502402836698425	-0.4576347133155072	0.537667939320916	-1.2943120194529503	-0.42241558826292935	1.0798123430494524	-1.2955844983496987	-3.1557001938072697	1.585657054703754	1.2727802651710411	-0.3516401422383981	1.030872686122672	-2.0023017915007064	2.0747600799068913	-3.5018811119631854	-3.036606600450345	2.25543607049184	-1.0280617247803083	-0.3877040264410867	-0.9206647839138313	-1.6242327204813785	1.0874062421711572	-2.154743178178927	1.485593629247428	0.025613517683376715	-0.05442621040442177	3.7452981931608824	0.19097909914237815	0.015845340195758516	-0.31708728994989654	2.6650465733668183
DTXSID20337466	-2.9775589054092064	-3.3242562488257508	-6.9468531543729135	2.529083098501976	-2.255249679429749	0.1268022121000698	-4.940114626376492	-7.628572663026568	-0.5531979773917957	-3.4604225654647456	-4.8825372492213726	9.375213915319717	-1.1553182960120283	-1.7838411808017045	1.0342774400866561	-2.560946256671943	-1.464942046069857	-3.386200629128712	0.6425852310122558	3.735155381727191	-2.538704718916647	-0.3995370808017359	-3.337623932562425	0.4088648264988775	0.21523300175982724	3.9323664616448393	1.2753921786857036	2.0445355080687038	-3.265809176246553	1.2175833543416086	1.6260700534263148	2.105346992002079	-0.2890198450576178	-1.0600695654479064	-0.82046460537129	-1.6560096659330399	1.588855337912114	-2.8406137606960056	-5.050245494974429	-0.6409651250361563	-3.884409626972323	4.585334131702655	2.0666723638111315	-3.5253767134412266	-1.652783204679736	3.7808672968718935	-4.254336742576735	-0.7707205359597076	2.000368720480653	1.3990182608394184	-2.868190868926114	1.814969355633193	1.908701500214251	2.8699540604162235	-0.08153806296013945	0.7949746555159095	0.7771433074315283	0.45155793921115156	-0.45166846518331616	-2.1651458549637175	-2.5491044870972384	0.3369788811025484	-0.834740925873072	1.9889310571951708	-0.5654180275629404	1.6757296681882	-0.11367797642217438	0.7404077398444989	-1.493791860333443	0.17962191292257507	-1.2461544970372442	-0.12467241323984209	-1.9286445966910302	-0.2783400745527109	-0.687336092581447	-1.1788773601945441	0.723629602784433	-0.21994593349939653	0.4338414513395338	0.12935062738004988	0.216872684335231	0.7672999849565257	1.0403392751211389	-0.761779288435905	-0.3034576616340614	-0.6836490739343887	-1.6290386569380513	2.1231445349394513	0.740695051842585	-0.06360030811583832	-1.318804047411767	2.3303491343403993	0.9392710589107975	0.758416431858605	-2.1664835214608265	0.5932645860509865	-1.5653569962751674	-1.5238181748584263	1.221683581163906	-1.0596494822746791
DTXSID5023035	22.163871554151772	-3.4948836935615395	-0.6058636212447766	7.149023297538372	-0.07186249443063532	-1.7923278993565879	4.957800841450443	1.6563135832456055	0.036156997917128446	3.868429768827598	7.18864807190916	2.2519925094002837	-2.5710239452039723	0.986688215560773	-2.7748774643771945	4.1153301302399745	1.1698098512691952	-7.26559514403742	1.186656149968583	2.296034843077929	-5.547335339350214	4.198724120324715	6.773819541262878	-4.163517022334039	1.5999469516209655	3.7283198799092925	-1.8718507501394366	-3.2507489749974314	-2.5808457890532877	0.008358506711746136	0.681791463647655	-5.486366667832773	-2.304787246960962	-2.4021190840510256	1.5521237428350039	-1.0996333187893301	-0.13396420192328945	-0.8014288277903477	5.490491307880463	0.41988107756724585	-3.465920101284023	4.586815720315526	-0.21287406144778537	0.9154800082175883	1.1706729671870182	5.411918397582762	-1.365973627701063	-0.13329981857252912	2.084226111972441	-1.2335111213286856	-1.071212558200012	0.9333411757653982	-3.6024348931343946	-2.0641600005478913	0.6834897916175585	-4.418246270186313	1.5416779029443695	-1.8163013106719752	2.918260919879304	0.18480959754473697	-0.6448815582391431	1.8560152889403354	-1.2352152916713675	-0.3034148157355502	0.37963741647952043	0.34510022161952814	2.5271534152886863	-1.1353547094412657	1.1335835843193067	-2.5767306166009663	0.42588279469167	1.7486627490483486	-0.38919066650988654	-2.1358257987436695	-3.276795153407267	-0.8228073506191852	1.7293623710010804	0.5837756057865257	-0.3766860788051017	-0.8760884550092041	-0.5250101269337548	-0.2045029984014072	-1.6622367793309298	-0.5034749272440207	-0.45829743795731015	0.1459940153761661	-0.1792701259472619	1.9727031273577298	-0.26945013646446175	-1.05925752396407	-0.2510861350219962	0.769273137478599	-0.05426158385044549	1.5800657051307172	1.458781362286478	0.5412099530762401	0.18883556600593343	0.22151303226461544	0.34762100389483575	-0.5608009146429388
DTXSID5046772	2.657454302614141	1.3159704156201772	2.377037227158563	-2.0650104674929386	0.5641905745864791	-1.4011458434076076	1.8629709776721897	1.1618260077910276	0.1821465156052709	-1.0097566427830431	-0.09058696800636633	-1.2751409397794802	-1.1938170088664164	-0.7112313916282251	-0.003989976530860393	-1.7112595730389215	0.3063532709713501	-0.41373438062455575	0.019928956907560476	-0.8863542480088186	-0.440324069410946	0.015628105490732912	-1.279962581364525	0.6239905739175003	0.7612066538777627	0.2727181493626075	0.06554948333460399	-0.2516482966212691	-0.4869031620317214	0.5573015522177265	-0.3730416081758799	-0.07637440071559748	0.330841768058873	-0.20872812496046714	-0.16922106175215715	-0.9969999613973954	-0.09247226477834693	0.36465071066114074	-0.4786509266306254	0.44724520201879614	-0.5912073988481734	-0.6832065432739971	-0.1318198879666151	0.2933576994549961	-0.17910049323922747	0.10832396680002863	0.27002204453524475	-0.7801280074039059	-0.9748902825985724	0.21497041656288937	0.6719208673601278	-1.2338207009395215	0.2951681561720606	-0.28385683190662997	0.14235958829644263	1.4306644402333408	-0.7901434551945513	-0.4161517528361629	0.8162903107795678	0.22589362221176199	-0.082627987931256	0.8750458234350299	0.2106181134943718	0.10348941777604574	0.08260637319329524	-0.13590134742809726	-0.006934779475612072	-0.7184906984072601	0.06455161601344714	-0.20709049903258622	0.3591147937057014	0.2532631483521094	0.05758245007724165	1.0251536718540624	0.46062991266757114	0.20519946618808782	0.10950747631207464	0.317236261697099	-0.01997026003280934	0.3943011259609069	0.3000858320285865	-0.09733236219677839	0.3669280292343064	-0.6548677741067768	0.06856472311711483	0.9111956571441945	0.15872592653483794	-0.1300597597720721	0.49405641305008224	-0.2559868036432479	-0.40996424812160753	0.3920568168668432	-0.6576259665426569	0.6231410879451742	-1.5700547673298701	-0.5584049461312394	-0.23273410570037498	0.1561160761751826	0.1460961858284044	-0.02510027866738678
DTXSID3046168	0.9388762064366823	4.825127097453034	-0.16589782541168474	-4.199042555452482	-0.1952439517703249	0.9652192274857214	3.948884533160996	1.1462397504434059	-2.16849050649053	0.7074288715050225	-2.5271625522760885	-1.9010782337206094	-1.1878207515121362	-0.620947541908781	-1.3257170327064358	2.3757507107908373	-0.9805337601970786	-3.0951922001994565	0.7746754119625539	0.3195736896353276	-3.0374976497128108	0.691135188694235	1.0269213472809893	0.6489629397694534	0.10444432648091433	0.36738420602545696	-1.738651258242738	1.5569285953418621	-2.35956020412287	-1.673731952661283	0.4905657860165259	2.4574805988673676	0.13295557847258713	-1.17254394516539	-2.282409649109074	0.9444955481448251	0.9654084401930232	-0.6617644684684763	-0.2335182050522868	-0.01705471902321876	-0.5888300591517973	0.27722690383709286	-0.36516118205074716	1.2840919641543396	0.8635628100358885	0.4275595954054223	1.5205185095686602	-1.319205453884172	-0.5434846522181466	-0.5329293442217177	-0.9807883257672038	0.6687856809902891	0.6401335309705386	-0.2236197464209376	0.5459563281925257	0.3049470449340297	-1.190903349047216	0.14440188148169197	-1.4511215689497334	1.5896562571680568	-0.6926659224069843	1.5542449429443574	-0.14674329930687394	0.8888716658954974	0.004832282523954774	0.22696695522735427	-0.44889952158412383	-0.28438293314963725	-0.9247980096360335	1.392130174524993	0.6012261220838373	2.096669871864614	-0.020524202528039836	1.07199354701	-0.14271347493032152	0.5655412060601154	-0.7170876830002146	-0.4682189867911725	1.3908231333980794	-0.5359626962260697	0.489295640393124	0.16558817638205617	2.5064688704991607	0.1464009536954489	-1.032258451691919	1.2839786781207163	-0.009535158319920127	0.20865918769941608	0.3410141123844848	0.4117961799017614	-1.2948978803789637	-0.7355062923027148	-1.3658785413066703	-0.6906854392362715	-0.4348103848240408	0.3417256376113748	-0.7483977408567548	-0.33530865515553876	-0.27986841055146894	-0.8268802033912738
DTXSID0044737	2.8675550091453976	-1.7634128486532687	-2.8534201577325358	1.3725892158373394	0.34804961745616414	1.6298357367956775	3.172109954409698	1.8053068188857546	5.729478904300249	3.079095083468546	1.4070179130810725	-1.2473517847019657	-2.1742126687241314	0.631114227568207	0.5984996098759544	1.4903447239584016	1.1585054897334506	-3.7996058065911895	-0.12705137616186277	0.37798051402198135	-2.4511242519672165	0.3694258457261644	4.20420929836043	-1.0400178368437827	-1.4941589115015705	4.747563440342029	3.184426230552399	-0.45294828508998725	-1.6085759722678985	2.3172167713743668	3.9427618337328902	-1.2615825219859877	-0.8754457227734734	2.9487092230057623	3.8136939234224827	1.1967846379684448	-0.8262554048564078	1.311785571411933	-0.5022133567790483	1.4043543124785414	-2.559939262586542	-1.6853113527736598	0.08747952461450118	-2.5269414025831547	-4.241670300646708	-0.013326222814289837	0.5537625141231654	1.9151727822572915	-0.3078503292226661	3.082249029917231	0.7892073977845161	1.0474794911056131	0.38493895660886235	1.2620193721869115	-1.7105603058407637	1.314057468856756	0.24316127053627892	-0.7068751252835689	-0.7659256963906587	2.748846812319521	1.0206615330805608	-0.8127918269615197	0.23324148845717788	-2.4343708080629227	0.9172874404480985	-0.06907612510349782	-0.5133743720644661	-0.5345281143540883	0.3835003149829786	0.5161443754881829	1.1072833829905555	0.3721108499344729	-0.8142049218790103	-1.2159493928402452	1.2737842590041	0.3584462847062824	0.3320509423748907	-1.5801536967431278	0.4579741203871767	0.1212977160346495	-0.3515767044192765	-0.07510148214638394	0.9770476060679731	0.9913459023019278	-0.29243225792733807	0.32222639521146296	-0.46510426030495955	-0.326168337756974	-0.6186652037956918	1.2987067496494364	-0.27641595290278953	-0.5590893771771038	-0.1658759813357111	-1.7956323700169565	0.7499318725650732	-0.24951967520110158	-0.6067076978974515	-1.3256582541570106	-0.18054763515540953	-0.9473251546307447
DTXSID4044876	-1.5002554756533029	1.4200199301007888	-4.111631224210117	-1.1681734252243745	-0.07706027947765622	-0.5255670355929307	5.767350305245414	1.0547609009588181	0.8353588235791365	1.0665025970948898	2.4155292243525524	1.7762388345384483	0.30860535229494035	0.48573928664234095	-2.402930556392483	3.5029335434058653	-0.7604138142943891	-5.318385538481711	3.7428321910522473	5.840749225085762	-5.573430878865754	6.750546586611301	3.790250073420949	-2.5862058493968663	-1.0571587103191795	1.1427662025926368	-4.448680777017325	-5.4556967616408025	2.7419144365891235	1.2200430668277324	1.0547526720198175	-1.843227733311552	-2.204169971151238	4.722586251804033	-2.117745234369669	-5.953177566353758	1.0952683436435837	-6.970552477809998	-9.132969472919367	16.596093590635054	6.232169123411235	7.351609483666665	5.47669992921889	-5.796551751891295	4.763883561481809	-8.904835673260655	10.794099891976945	3.62514046953606	11.821953121112612	1.1521424899134134	5.416878593949215	-1.9746986471153913	-7.345713055120471	-2.3843778316291697	-4.865221552916295	-0.8500205810595389	0.48068600771377973	0.555480179313663	4.396747167336987	-3.3779738406939375	-1.6440074313332604	-1.052430274590838	2.411977494004178	0.3399950776250557	3.796031774238293	3.6722700085798703	0.9628990340663396	2.0758912097185385	-0.35416328810456005	4.155519333787292	-2.52468202109342	-3.144867341488905	-0.6497902845363163	-3.186352718198117	1.2301192357695334	-0.5701111369028588	-0.17647682210998403	-0.31579917833203663	2.279806566022773	0.7076294048353815	-0.11209302392905997	-2.6016534359163996	0.383117593136031	-0.046510859016547966	0.6699440989572469	0.4692620867387525	-0.007900977857925949	0.10685775391366092	-1.69516046848583	0.23799172841905822	-1.1089343695037888	-0.6447737980930944	-0.6179627104450023	0.12297874791165722	-0.9208394024133724	0.46958189757973434	-1.0628341067075453	-1.8147668140172855	-0.9459532998368108	0.5757342831351328
DTXSID7021576	-7.690958161302274	2.6166879851132236	-4.061997228511681	1.375475702149374	-1.4126792965010118	-0.9338923938821646	-1.3477240057183768	-2.157302751344003	-1.1192168187884326	1.15093663295573	-0.6732922098872262	0.8714196374490571	2.0426985644716846	1.4134114348457174	-0.8477954250366548	-0.39532581573910525	0.13644779613794758	0.6109126947697271	-0.5499883752510786	-0.16692676410553883	-0.9134202509467175	-0.5171139029185611	-0.7681567675074328	-0.5258225173768188	0.3149822082233498	0.8842817538170326	0.8453310027258266	-0.23729165547012995	-0.5240168426459137	-0.18276308400773583	0.554044115498819	0.5977184288724233	-0.035673114624575765	0.2942635328827204	-0.29302065115621617	0.5831300522504252	0.2755927624007364	0.4704633958018465	-0.21745901645690757	1.4674951464289099	-0.09555130337428709	0.9180622411777236	0.034511911420146237	-0.3089424394855518	-0.018267366206771645	-0.3008581335270335	0.3518702860453152	0.020929154805623112	-0.9750565145683787	-1.9950293939812234	-0.07844049746347757	0.4170727089203945	0.5764362008610746	0.40048422977490133	0.061878204414580494	-0.35227150363820586	0.8971922365730611	-0.9104875117143685	-0.5745671163637727	-0.022770281960713363	-0.09690289742990556	1.4820478582117829	0.6748821549688515	0.2562310978282412	0.1943230847397953	-0.8546744809296046	-0.3700463953932444	1.1750463273372374	0.5901756670747137	-0.650238458155046	0.0006169206523124136	-0.48920726450150687	0.6636139444570854	-0.7699728201087669	0.00028088913366856167	0.16684146145227974	-0.7177824990981406	-0.4670888601007784	0.45748835533547433	-0.40764717326218614	0.2735134837482501	-0.563616146858912	0.1707018592661895	0.25208189613435633	-0.406752005770694	-0.465324519212639	-0.6785393034054581	-0.16786515221181053	0.5412121232744677	-0.3208385604066541	0.14607011970330366	0.4781064162661727	-0.6973259290146246	-0.25536516929232983	-0.06391339040871741	0.580373220966281	0.7854289819898551	0.3949593766897463	0.4096142310521239	-0.18577756874739712
DTXSID2048612	4.078807267054777	-2.439947992663348	0.6364515003953759	-2.867867147478433	-0.18090449947405285	1.3207336757021582	0.2541552576359773	1.572165390160903	0.5054782334934003	0.40048387884798964	1.2014668224824383	0.9010296122821442	-0.1284865363227335	-1.2952193269427048	-2.756467316938585	-0.7584604481746955	-1.830235279037571	-1.8864746324479358	-1.3864637957761627	0.9006957456672807	0.5893389499579078	-1.8434648125409874	1.529105811751519	-0.4576646389316596	-0.9915039536117521	-0.18859990953768074	-1.5235091575604822	0.08806134107771849	0.40208774973409084	2.8580785211415667	-0.05951148555617571	1.9083993219486164	-2.8546000654817996	0.8295860555780282	-1.2457981942825784	-0.5373975385030639	0.9264706843356063	1.5451402515134736	-0.11978120340784455	-1.1966694111947438	1.6121031703821442	0.153552226839692	-1.5069768833485062	0.7830302735917054	-0.16276815922248375	1.9100111098963561	1.4830776602269986	0.8211199111072772	-0.7316812080228517	0.9967361496010005	-1.7003919087852215	-0.034652750869391305	-0.5372906061292196	0.935562703996193	0.20569164631478407	2.104974965016522	-0.040795864808861874	-0.793586255367796	3.260436184240482	0.05882925914428101	-0.8012846755900307	-1.1762414011373301	1.4623314750863374	-0.44228798455840573	1.1606911269523623	-0.6516343450425707	-1.7851680925894478	-0.12275935637125204	0.547273803164426	-0.6924493594128557	0.5210469748618016	-1.6170790596071551	-0.15302953858006588	0.2925853896285626	0.642782876080071	-1.1445727899913625	1.2848771525285536	1.6976297226414763	-0.02135982188145381	1.1897952596066455	-0.5862319619386196	0.11223635972997019	0.7547097320808945	-1.161422710368236	-0.2214031130702856	-0.23649222279522322	0.04239734775241369	0.45196654974614614	0.7990897149443096	-0.32529573552179203	-0.04005551391835386	-0.49416937566380403	0.936510573441704	-0.40273439712776193	-0.13892951818674573	-0.877651734540183	0.028486618245269584	-0.011738881866763555	-0.775745895248654	-0.2155975504069293
DTXSID1044221	25.88362288434335	-5.851317193340202	-1.8527371653204279	2.486379047269815	1.642216623919488	0.16050885529578413	5.912988229222685	5.621211319354946	-0.3801197888871239	0.33943493570658934	-3.7803223584511154	0.8547887065754307	2.261485022855919	-2.190441828602949	-0.7913618336162938	0.591790450326095	-3.01354521394032	3.1058979335879378	-0.9906219657293467	-2.0241575990826512	-0.13445499889507745	-0.07753046128786859	-3.788912566756353	0.11755483364624902	0.4723095606687155	0.5769662821027742	-0.3338325237194947	0.4175903641448501	-0.828666387824811	1.31791087296265	-1.1754430388796364	0.3181115671742782	1.767317467056363	0.07552348670412522	1.0085285849993912	1.0502992531342998	0.4845977698335554	3.900457366441315	-1.4963041807058526	0.8397155997513314	0.4465347506124262	-0.17433018193627345	-3.0363501629240046	0.4096479354067839	-1.992879215897648	2.455933643828799	-1.921276704399349	2.2875881692009914	3.7076188498851015	2.572816913741532	-0.4794409085227803	-1.9422090277630173	-3.302630728738174	-2.3771783540914804	-2.945617276349217	-0.23891859085117792	-1.0076660647543252	1.138243691870402	-2.3569652943134662	-1.4948345516870962	0.937128990223008	-1.1292788008325976	-0.5049000398389629	-0.640304625442111	-0.7600468685568493	-3.0471769486998803	1.9434105983514263	-1.3326936479832079	0.8839229765763746	1.9356001019778872	-2.0267567837149634	0.3150175872720461	-1.375801179264337	0.0950632986351282	-0.8560544475771795	-1.7911840265288255	-2.220965875523297	1.3660474396364994	-3.459504508584975	-1.0863403759559014	2.5945577697390223	-3.8702310160687117	-1.4970123868234237	-3.5977351419377266	-1.206854335603119	1.8138764309617506	-2.0814479331666034	-1.6465912955368973	2.6892920994186276	-1.9687354578832428	1.8409528438480882	-0.5537358328262582	0.8421991235164947	0.9325495856069291	0.08223974797028723	2.259295989393539	-0.8619913634990252	1.1390886045009225	0.24501515254601125	2.682810563009091
DTXSID1045744	4.518879518260326	0.4288863134412638	2.03950902532972	-3.5965528636553383	-0.5391053189176261	1.7340559437496244	2.132621821899052	0.5687296199890824	-1.8351470692371865	0.6878903624837291	-1.4392561556650696	-1.4433315089679748	-0.3126541747263033	-0.029281526342760204	-0.7858713815719057	2.806609547914435	-1.250305001708162	-2.811929413168804	-0.08727789577595937	-0.6910221962871281	-3.99478827864517	2.6240838232156913	0.418847565771289	3.3689369288462663	-1.203634259762778	0.6191357500376885	-2.0442457148700344	1.113527105412654	-2.610993542286193	-0.31347743560442876	0.4598318359512026	2.4810708756363438	0.9945009368438903	-0.4044190620796164	-1.6930371085816769	1.072232361111166	0.3729397696314816	0.671329666615276	-0.29588835206303205	-0.20286063845736316	0.04553438503293327	-1.1638783146916147	-0.9221552540956114	0.13730443536442025	1.5981591651094211	1.5544844961115052	0.292460139261422	-0.9641336248952173	0.7469371963819641	-0.6752864078277769	-1.6156158151156765	0.03226742671442743	0.922548877927613	0.36983888366281636	0.001238275104786256	-0.5615765762381871	0.0979619885892192	1.0036936347871526	-0.7298725595397626	0.8882160954556653	0.3237995242022681	0.3241392188648787	0.7795480711746594	0.9493222587287877	1.7779072933994229	1.0163438975683723	-0.20085129582726718	-1.021710076908517	0.18734119943408378	1.0197416427386374	-0.7558642941942866	0.10044842291546326	0.3900151778221282	0.8238860552787451	0.20024536033152326	0.862584315541474	0.032156252525453254	-1.027621744349931	0.6366870948421022	0.10382373408519567	-0.7265132474370672	-0.08981861649786631	1.245774554642932	-0.6196481697405419	-1.4923249916325172	0.5306164747681067	-0.5495382325352283	0.3679047646846912	-0.5839622809746362	-0.32689764039564645	-0.05074874480223201	-0.1435740628047825	0.6984701822568204	0.1732128100390539	-0.4191708095190413	0.32781012135331794	0.7480731473179075	0.07494516476809424	-0.7824056407044556	0.3382035964992228
DTXSID2057782	-0.11044361840858227	-3.0633978487984153	-1.2961090352892548	0.8462322298377561	-2.3374049864072464	2.120459545539324	0.2953638290487181	4.935664526576661	1.2801588849670136	-4.56452143236514	-2.059210913475551	0.47417183178078764	-3.3682027053402788	-4.242754855470527	-3.6800659900638433	-3.919164443496721	-2.1139448042765485	4.085401566272467	1.036797613512231	0.462537165917751	2.047812949313976	5.78070125654732	2.6580828488603356	-1.492113151318185	3.1121796566755613	-1.5826046654009223	0.844348687911699	-2.012630396601761	-1.5816680103902778	-0.8307145430489673	1.3290621375347544	3.183659785007578	-2.192890544147976	0.548400153379306	-0.13260365428211457	0.6553994686003018	0.22157531646363304	-1.212457819204732	1.4414968411865468	0.8278677307326363	-0.5001640805803249	0.3752226727276362	0.04769687642566168	0.007563274490282548	-0.11277848264146768	-1.1778679332581206	-0.37134211276117596	-0.17778295867114371	-2.0146431938737277	0.014854640470684403	1.414235167065036	-0.15649569616323958	0.12353509977011928	1.947797341447209	1.2836083847499364	-0.33528609940608334	0.745236836735459	1.242129857166652	-2.532933256502896	0.06290049837337781	2.277711819777312	3.141719649286638	0.5341674046936608	1.2494922168774183	2.054386588840417	-0.15322557228462919	0.1945167164098637	-2.5244499601091444	2.0949649479159484	0.8278982799396077	-1.7406681738123206	-2.542626117801168	-4.165103132370881	4.862679121480333	-2.4482844273101656	-2.614406551873567	1.99293248131711	3.1773712127305487	2.4568640007146083	-0.1233347624978243	-1.040372374812718	1.223430525259812	-0.08517192122992734	4.022213632769844	-4.864712690164587	-3.9026597270359056	-0.2016971693136522	-1.654249017787859	1.1375829970453248	-1.2195461866169877	1.0420992982547321	-1.1318984024589986	-0.5403514306111518	-1.1375526711145487	1.3948377765575857	0.5614319778034241	-0.8007464676764248	-1.9835429846170418	0.030238920972012633	0.32826501613489856
DTXSID6049220	-7.773011175601176	0.8679597615237566	-2.667358804216609	-0.13339047824100173	-3.8080478998578937	-3.518277056206865	1.8282670565239159	2.013641550303439	-0.5827310760552862	-2.9280426028918574	-0.9971194592117886	0.5129959191831575	1.7708890679306217	-0.12463176916256218	3.4362225281981327	-1.0727077832901966	0.12182962596349081	4.491203136493806	3.9332666615632816	0.5273618773010709	-6.007350291349391	-5.635823114376703	6.543280543879596	4.244436562340603	5.325008132779671	-0.7204699511124336	-0.7718401136525914	0.8531830277779054	0.1796856861599319	1.5655923800065439	0.11593454957558186	0.2782857080098318	0.652323649497956	0.3741826449624085	-0.4160604056587615	-1.0870299165629513	-0.7427990981295842	0.5809783565752402	0.8671233609801852	-0.16386158463263992	0.601918828255853	0.7572612308798411	-0.2530612098251927	0.061380033964407374	0.044002812682367526	-0.3739138416002461	-0.3795790022965043	1.6255776529114176	0.5766409858940256	-0.3110451745782237	0.7698451598627254	1.1171770786339998	-0.17185491060178365	-0.3671266781771751	0.2628650576259	-0.39022479153582046	0.49405617152356734	0.00917759441280974	0.1402641632543945	0.5388840921747712	0.8923592607327935	-0.31195660467527747	-0.2502997962975795	0.3599115259252032	-0.3009898513113847	-1.1473976835153734	-0.6204902511231903	-0.12405712627979172	0.295539757847862	-0.17570316298916577	-0.17189359585716543	0.4619474453102224	0.18245466530614196	0.49308641111280227	0.359613883710462	0.03293696015043854	0.26503459020907466	0.18790123085919003	-0.05285159375760188	-0.4699092623918349	-0.42167349583272684	0.34716945458069365	-0.25452320581386123	0.18515278622968073	-0.24376051426652806	-0.20857789737931376	0.4215472326253717	-0.16269829166633598	0.781137847173166	-0.019328893449841955	0.16869480330315256	0.013709934058849819	-0.032972583994904436	0.0657482056692965	0.09205789115048041	0.14861542129372407	-0.06895748640678308	0.12264741014717431	0.6494351499012831	-0.24114572981313337
DTXSID1020807	-6.041426782350137	0.09377226140042798	-0.2763187376732662	-1.7474345683020456	-2.292592513427014	-1.708701561031418	1.0072521063733912	0.46983830562777273	-0.5532120130270807	-0.07695240320605087	-0.8094150979761688	0.35791603055280713	2.1496217372009365	-0.3106657278966253	-0.27344335372339085	-1.1924253399936768	0.11275800741759526	-0.1369860010415749	1.2760473169801936	0.3014944933564431	0.5307105370219307	0.006495967094934211	-0.9331195604895239	-0.7534214146091898	1.0223178490551985	0.6411546844342536	-1.926963852069713	-0.09191425395116527	-1.203869654799024	-0.9814916620603793	2.1384532825320806	-0.1571493680753829	0.5742277174398497	-2.2410495683988216	-0.6815864982857014	0.45604224032664015	4.483786203669794	4.5649054907188145	3.4258932713878627	3.461282143310648	6.978964086411562	-2.3989175252424437	12.172305983630926	2.0121771052665096	-2.6852676561405184	5.389668354804601	0.34057156463002486	-0.895606026898235	-3.081293212338662	2.278217689750041	0.5417431465407822	1.120292845338807	-1.0803088102686926	-0.6455391577431342	-0.9386616100080702	1.2422750788869883	-0.712767477577513	-0.6495976253662153	1.3935723805982927	0.13773267579682116	-0.04749110746270343	-1.3361651796500964	-0.34375946335693686	0.4592915324613626	-1.4347971088036857	-0.3320980156224717	-0.3464917717217501	-1.6070116610986978	-0.04835130160471798	0.6765631783924592	0.7687740646132682	0.3377171012256472	-0.7560146918201434	1.1607365038525062	0.7956769216204328	0.4652919696362404	0.053874657551277016	-0.26285306365643474	1.036693178010501	0.7032298915273715	-1.5784321381518032	0.7582648062998599	-0.2674330337011828	-0.3437900037208615	-0.4969822007041767	0.07165832016075575	1.0841136493470558	0.20913835999263466	1.2714688725384549	-0.8320503434020688	-0.4751391827894269	-0.2758962116621456	0.034540434757748054	-0.23347047261141188	-0.006392180186561744	0.24408394285646967	0.254348096321306	-0.3759109285838121	0.10133628872817237	-1.0519906206788587
DTXSID8020541	1.0323658383078254	-2.507407437614487	0.05047834739021164	0.7789796184858552	-3.494903775906991	6.855693383308374	2.2173237384719586	-2.3588865122765417	-3.720729867611421	-2.1323331602367355	-1.2861886080564564	-2.5113200174255117	1.4229519967566449	-2.606263497119982	-0.4902968587359093	1.4444378227479906	-0.47697880697482625	0.6557484772696691	-0.407711364220304	0.2811968857676844	-1.5279278177051583	-0.3368593346272924	-0.25581359175364815	-1.3070086133609897	-0.3785555634769673	-1.397750956117456	-1.0318664188705657	-0.890332623011249	0.9579757344673927	0.38169713123944987	-0.42844364276460556	-0.9166398875115435	-0.9569851673607841	-0.08131741911859142	1.046358090075656	0.8844852431559338	-1.0712049618864583	1.2931762336563317	-0.5979690123418057	-0.7873863985740785	0.8625087875300268	0.3477229299907576	0.2980231903369184	-1.4601356314552825	-0.8068479067858162	-0.874125789353585	-1.0026894362334202	1.1221062638235335	-0.6079399376049499	0.5357785801411495	1.1268790532335096	-0.7854863960751015	-1.8068269170387088	-0.08281850151979527	-0.0008668244353448453	-0.4645336896950031	0.5010534674568392	0.1423298370978127	-0.6847737955818073	-0.9638962591126101	0.09827112360399255	0.11847142135099695	0.557011062267843	0.8294344706878012	-1.7216144049993354	0.11407259243585781	1.680917675281386	-0.15339588424691925	0.1756854102345473	-1.3159621515089464	1.1445663687619014	2.1346374165347224	-0.4844038169305808	-0.37224859554210793	-1.298121450741978	0.9043251197938565	-0.024624627651376265	-0.7612894535778875	-0.5524409243897158	0.6241096078680388	0.6512524903440481	-1.186279452294214	-0.5233381593337854	-0.030565946075902403	0.716030187803755	0.048964824557382186	0.3893176404420554	1.1321403955512581	0.5348577428302455	-0.6639323241899793	0.7489577542159187	-1.1086201647435068	-0.47983571647226	0.5027707696124291	-0.20028963485793042	0.5108601677545587	0.061114197064190356	0.3331906998096039	0.5623679891532926	0.3281075018140919
DTXSID0032497	-2.268938048355669	-3.1385351501186145	-3.9042235577139057	0.003096798475552038	-1.0628135842873545	-4.236513691044823	-0.49230408167682654	-0.15635715293988242	-2.018637794099854	-2.0163056266237045	-1.7424037763246194	-2.2212795950919837	0.5098331154733527	6.183672288602859	-1.5266722818665843	-0.10683107943102066	0.43226345715042375	0.04895464311519647	3.2562814724546696	0.7491934736828111	1.5366100302837642	0.07298503501507364	-1.0103924552098953	-2.166226108864316	0.8739973059128946	1.9118814480021207	2.644938202244849	-0.39555555488659544	-0.7599905079592331	-0.7567518146544756	0.02764370432228866	0.7784958062564784	-0.5538783412463592	-1.7099135854239382	-0.7681348000474195	0.9050594652944254	-1.2605869974129156	1.3727889001242963	0.3501700399201517	0.3634730280006417	1.8085793601158466	0.4441651056935073	-2.160513086302568	1.9896203085439765	-0.22217363731032827	0.8803844701542625	-1.0335545133655086	1.8333126968167819	2.1727020223869276	0.17614777787402072	0.08587887730548419	0.40095509113680033	-2.0587302430148506	-0.6305077508291429	-0.48525456748759205	0.6609422734674352	2.063449389768601	0.30488561991175234	-1.490157649799595	0.8470463462661924	-0.6547239729264246	0.8305785313191992	0.08325447203089854	0.4232827849680808	-0.08436313645602611	0.8996319761723623	-0.5127212557521563	0.0408178253582288	0.738515351886461	-0.9368710951583974	0.20340273091769753	-0.22742243283167518	-0.5933328090837572	-0.30432152629710707	0.2985402386181682	0.1585902069665405	-0.28630219016995806	-0.6547898568043935	0.6170467641773787	-0.4686964482247301	-0.519866250947908	0.3520542402059993	0.6314538299564659	-0.3932812026181205	-1.5076853346878718	0.22884102135425932	-0.3319211273091856	0.47926987969065	-1.2484126373040592	0.07788805790134969	-0.5185376544863493	-0.4175383395837406	0.17624713659901722	0.7256771540406614	0.4082656714682887	0.10414101072251852	-0.4263832054138454	0.33298485993020677	0.24484971679014045	0.3021835455588863
DTXSID7041708	8.573151232362072	-7.574091613056909	3.1678803650553893	3.8597287566598215	1.5498077105827386	-2.37366179473878	-3.067298109446332	0.4863278713817521	1.9622208242183643	-2.4866824949106996	1.5527344774481078	1.1816687026430404	-1.2430992886589936	-4.126529120062025	1.2986637783280819	1.1153243917464586	-1.4655295893240061	-3.573349807139013	-1.0761403919091501	2.5641092941224737	0.9307825611050438	1.377433795070526	-1.0165092239229354	2.299855550248894	0.08986478274853181	-0.009352393143823882	-0.029534786029687937	4.517193847406814	6.348303093173268	-3.6114109147365308	4.678319793354033	2.2746644597387142	2.2228018860888	-5.316704880242059	0.769034638198101	-2.904642019863317	-1.6836605153935378	3.4024119548044007	2.268712925660211	0.4964160528537334	-0.44975832663077464	0.7414468808429986	-1.1750310458157545	-0.730608276034717	-0.614165271151852	-1.3834869356123256	1.1639427608320547	2.840689597072767	0.3288839986602177	-1.243916046003296	1.6620191477826924	1.1271141947211045	0.9128923190730344	2.0564604955259527	0.5690114246683224	-0.2893379270749282	-0.4389840404099295	-2.201546228864989	0.05024240124089766	0.07791475578793852	-1.097353966947119	0.843832383740268	-0.8714193400140855	-1.4890090285342934	-0.1562399578970015	0.4049664172286666	-0.05716027211947424	-1.5856054773334887	-0.8429360255224377	-0.050138799309300174	0.628093223828669	-1.423434719929818	-0.6351228151261836	0.6574599295736892	0.8812666677355774	0.7524037960146853	0.2643918494743116	-0.5950741986143814	-0.38731191372015694	1.181034527536659	-0.35454948889379756	-0.31546754071280186	-0.22978501381682578	-0.5175366473249235	-0.6898791566919544	0.2490019303471932	-0.7785699136391677	0.053025225984081915	-0.37618645441218146	-0.34969243755381313	0.09311510886397738	0.1374834282154985	-0.7690748696408773	0.5790028591954798	1.0273252993589195	0.7858093995876797	-0.6038101338091131	-0.004193543498190488	0.33073661958373496	-0.7316696989842019
DTXSID7041914	-7.378080197657377	1.378483225279391	-3.1293590584122004	2.986621980002205	2.082112699349888	1.1931526058527742	-0.48504408448273123	3.2186152518660016	0.22226344133332215	0.5211735749278312	0.8164215132691487	1.7757624174873448	-0.0645910512074387	1.5066915856321224	-0.9047473753590093	0.8448660908372616	-0.3517788531701616	-0.8576990593667745	0.29878442534465793	0.0773578761777441	-0.9046553155500782	0.7132592567675833	0.7771066734543494	-0.19072308987352501	0.2061986482275596	-0.699262696734536	0.3746773065533203	-0.5439563035268182	-0.4553274563772901	0.14975699201076437	0.42818159622380186	-0.038814293633916835	0.5422597517196392	1.2433425756479195	0.04285428624808198	0.3216639867409315	0.2728733154581889	0.4907489546789616	0.0034487411499455342	-0.06110523294207324	-0.05748254764877254	0.3822247256514456	0.23188194571590345	-0.5730897653247939	0.16508277483009023	-0.4186471156156871	-1.010020041007674	1.0500356188668356	0.11447055685521128	-0.5904035161773712	-0.14317713175158767	-0.19544464597195066	0.31408205675389406	-0.9814154840841317	-0.3062889914993391	0.49626961298114197	0.022697183234315403	-0.23965432986472573	-0.12027618621637295	-0.41012878488887167	0.014736509096147783	-0.5879549832671036	-0.2868082261135606	-0.46553716174681314	0.09316121877469667	0.16465052986722364	1.0796702336360902	0.686484472844715	-1.3362410185087905	0.9764517972020768	-0.919530877106245	-0.28543432607720576	-0.44181427392430334	0.26119949632640704	0.05287952607121269	0.2534171219663984	-1.2101096004569314	0.22304350589248192	-0.13073087563840444	-0.2856484417617698	-1.1650310239278954	-0.8137380846403731	-0.01389129061853027	0.20978923176075737	0.08925780561823993	-1.2543868409791452	-0.7032708134090824	1.3482369003252668	-0.17239960369300503	-0.37966390751011875	0.3326661237433655	0.05344355519769686	-0.6809633008886296	-0.2909782580016361	-1.3151571554452586	-0.08119442578802276	-0.8759949138224434	-0.29465387303185686	-1.1094888816263053	1.2236256843585789
DTXSID8021193	-1.397520268369654	0.5254222952158085	2.3386410819858945	-0.2987571661224176	0.6416430560565296	0.05065794311949108	0.5868949199414992	0.5452410396823348	-0.4796041925440393	-0.9106593751684078	-1.2196617077212686	0.27790870478355745	2.3520133193259425	-1.064616239168335	-0.0831471794920372	-0.6031997482707773	0.48285898476353684	0.8130762320876341	-0.6017610081074005	-0.6030885815194527	-0.7104240436934591	0.6234357509361557	0.3716775037959394	0.5330049651442298	-1.0554288831667302	0.8448288306598634	-0.6113185713554133	-0.33195553047027626	-0.674609484689066	1.124714880610384	0.23435529376700168	-1.204954790543936	0.2042806493542843	-0.26854286992336035	0.3236776450201224	0.6537426083753377	0.4619369115719809	0.4509401917437812	0.5759403144973241	-0.8218281841778545	0.14002605711251578	-1.4946244799396893	-0.7383517433758198	-0.38346315440808126	0.16323740837920633	-0.1373782186271043	-0.2534362378789863	-0.1380524661109132	0.8275884524623232	-0.1078402119158701	-0.5825365513904849	-0.5754153494819039	-0.26707107894902526	-0.21062956857019263	-0.7242127975214655	-0.21458269531293417	-0.7595236978269133	-0.2863193383890779	0.40936624372037145	-0.6718155284613884	-1.0027977520865334	-0.14486470144854632	0.7027862203279652	0.8096016855182933	0.6071275572203143	0.6684164595793491	0.8634423865869912	-0.8904316263494689	0.5006575667874182	0.7079497301499136	-0.3103344497699907	-0.7332306971913403	0.16354096605796914	0.4243613867033566	-0.2647395347979754	-0.31496139717589194	-0.13684549655294018	-0.8707572592487025	0.03647039574669399	0.43771812175521774	-0.28041342622884013	-1.0506914919687214	0.1247980378164306	-0.17487681462011043	-0.041632667053560474	-0.32297892758428043	-0.05051538329439355	0.5791608719183517	-0.25956696202659707	-0.35260944046846376	0.8571475704475481	-0.4058009687084121	0.7368007392041751	0.7289765638506644	-0.43227853336924305	-0.2982008975224814	-0.3334554914661467	-0.1435400921874099	0.16467475448216387	0.38507050646934704
DTXSID0021599	-7.160209361572604	3.59461513913733	-2.1351101149422886	-0.7264259944251663	0.9383366216824718	-1.3356938268056635	0.8860451754776465	-1.3386248473809546	0.4826358618968671	-0.9775176841580984	-1.5630141693607524	2.5897076264429724	-0.6272989324074025	0.8226283354519615	3.3740463306835253	1.9997701790380997	-1.6100687569300884	0.0758861800435957	-0.29294632290624684	-1.6505050760955993	0.8238188491172647	1.2739914291336747	1.0140483472562452	-2.310055378521057	0.21882649640459378	-1.0672854105690526	-0.27408964417520726	1.372664790436673	-0.258399617204539	-0.1025533653532204	-0.2983857916390487	-0.018121210778165628	-0.006710463643793862	0.2673980341673734	0.3680900541214101	0.8874173946638729	-0.9590313378907657	0.21703011408384132	-0.7278020057104821	-0.323149966869638	0.02166603621677294	-0.5785537083027884	-0.12505851262334314	-0.13727737415524752	0.5178626327344127	-0.07365289625461736	0.2357985541589789	-0.7176437813143742	-0.5408633702205985	-0.3961812413219865	0.8160185411893681	-1.0016756030300678	-0.5471540726896361	0.46130650208197327	-1.4293551833087499	-0.17055063732834697	-0.3865588384898781	-0.9639241484325212	0.2713561872104405	0.6510430527602652	-0.4668374350370081	0.8599843850935199	-0.10583777868502943	0.10713643255546909	-0.03789850621868159	-0.47102704117249666	-0.5623767126730386	-0.45786378309075454	0.19685361845950805	0.23285503899387996	0.1378134626124593	-0.24877146236383085	0.23457545121445608	0.21952087798172662	0.3700026227767605	0.02996868197047528	-0.016643285134559423	0.11118173610850812	-0.09631226524326052	0.38240028072510246	-0.025158130140866406	-0.02873783125092365	0.053742181657461356	0.3807154784063012	0.443337436013763	0.29750637330300983	0.22191665789722057	0.3255650549354786	-0.24754661153183136	-0.21873439181373372	0.3044828290163798	0.33132055550136597	0.0001944406538506558	0.27052098070489206	-0.11551114390994167	0.23659867702683743	-0.22123466486516508	-0.26101503642444795	-0.2739125091474167	0.018672332880242063
DTXSID2033314	10.55590064017937	-7.907160336569177	-1.6493285991405626	2.0233234218674667	2.6839553300311114	0.24792505277806096	-4.216461653084168	6.9605480425078685	-4.818531961414666	-1.8615052633130404	-1.7471680852620655	-1.4164021105734323	-1.8763434217691157	-0.029080098454847686	7.573902594253564	5.549992844064459	-2.821941847921117	5.753476154123395	-3.6840170140883557	-4.7922747365426	2.4755784197351853	-0.7341712716491976	2.720946789434127	-5.050119788212883	-1.3686782521930823	2.9939034762925387	-1.168209775156126	4.523061396658802	0.8869272162811918	2.1816685813037835	-4.615947027318062	0.6897673329284533	2.2506122269610995	2.1829536066403694	1.2215993107717302	1.5216612559634835	-1.011391177522035	-1.6817148566462865	2.2141277343563948	-0.2989461191811953	-0.7668269150292278	-0.7934530069474152	0.22226588722946675	-3.1799409685191495	0.6190091403944497	-0.2282650115808424	1.895601309025323	-0.9989605762997437	0.6140660764586982	-0.1838297783618989	0.29254065227030246	0.015046951139221519	-0.973708938882298	2.1070848159216813	-5.242140255156609	-1.3572141743816541	-1.7237919136435893	-0.5900653540442791	2.8695616890483775	-1.8510785517732136	-3.0127591955944006	-0.05716311073657022	-2.614890294524031	1.8108067833494716	2.156415738503585	-4.943798811534714	4.725132796700277	-2.224075030437816	1.9127888566063884	4.979057476043833	3.067765746872377	2.7491896929130415	-1.5877413671828988	-1.019608160136472	1.2172446030397515	3.1428656694214263	-0.22196875153373163	-0.28070952963381735	-2.1275253099020355	2.2083403953293645	3.8154727110496647	-2.0693325934672617	-2.749991225726911	3.6520152699013786	-1.6977580629493174	-2.882158743797705	-1.89604967702879	3.6848260608559014	2.82132663955198	-3.0538662961626617	1.9456184036437074	-1.5935101671503156	0.11113903687848939	0.2977583988605418	0.10297444443511039	-2.0618833658219917	2.6538517868190015	-1.288489168679239	-0.019432813331348553	4.862705427107106
DTXSID8044414	-5.373138396222499	-1.3405748130244606	-0.5117471867046663	3.5002294996123213	-0.38214754842231596	0.24455881758978423	-1.2652458143058667	0.4152889649441555	-0.9155219312495037	-1.883084193961295	-1.5777386076359095	-1.307241661793808	0.3498571167494903	5.501948629468583	-1.1917967450276272	-0.5469005207238723	-0.4702155934196586	-0.1559033065208165	3.409713870497172	1.2743322350758972	0.8452383045726563	1.2274166041366295	1.2593649938906544	0.7734085611035822	-0.5479064818081817	-0.16426126010729444	-0.7756457267589502	2.578013186613929	1.924331485965339	-0.3372447256124449	0.0010600279794381713	0.16021880382421802	-2.022429089560154	3.1008580390755687	1.8607812528595464	0.3362369023039147	6.267960772046061	-1.465100201652241	-2.4147621531674783	-0.8360658098053517	-1.1799870931333425	-3.4214520416672642	0.38275854125422293	4.127053196575477	-1.2831634942789287	0.48901745543957476	-1.9295472146384312	1.3666856241120322	2.0462343865180537	-2.035363310964234	1.4339583287003597	-0.9078972091150552	-1.4230589032230172	2.9502467111337842	2.905980250362454	-1.7580933118188233	0.7959321031684695	-1.5024017596309185	0.35354589828724403	0.40238711039372593	-0.23697499533193228	1.8641521864911377	1.851267327001943	-1.1279380655209246	0.8392130972372553	0.02760800615225926	0.433926767804884	-0.8761349521613847	-1.3578734832016666	0.9718904481770607	-0.5408071239903711	0.2696023443006365	-0.23145301856163505	0.07440468011958525	0.6472338503836307	0.24115985958647415	-0.9470730671485764	-0.02855293201041337	-0.1305981346455544	0.2140613557505182	-0.2842586892480253	-0.7445792355410824	-0.05481700291339474	0.539255858651925	-0.14342905787454313	0.7402449632824104	0.7441364399962113	-0.5621298525771775	0.32757949828086463	-0.004466390469606835	-0.3267536943829762	-0.2754468375184498	0.003660726667830209	0.36134931589153685	-0.4349822681592718	0.6816442487986003	0.44318558087808463	0.30378892330710694	-0.03293951955886528	-0.3258242594909887
DTXSID6046260	-4.36291286300363	1.7136191554189262	-4.290251019589276	4.643591069724019	-1.2627723212251092	0.565343401128312	2.4278488663859528	-0.5347653659092998	-1.5483928074123168	-3.800088241544722	-0.9300517287274329	-2.7712955398548975	1.3318224472447655	4.192463431329657	-0.31190942907712244	-0.4809691919773628	-1.986636002589536	-1.220875111942034	3.4804632853093747	1.34449818277259	-0.4726027946487371	0.30985861469049963	1.2921060077974353	-1.5272606449385213	-0.9234361630488075	0.14534288930009895	-0.0024803011895494736	-0.15779609593522995	-0.38457868589963623	-0.41454728702188115	0.7646964614434413	-0.814222253698377	-0.8164322722856613	-0.1456669133252631	-0.81052075027942	0.49793582941413644	0.585486925534686	1.0819516802124274	0.02440571391497478	0.21690227379194257	-0.04909032630695981	0.8447104374285792	-0.30089635260053704	-0.6129453897220122	-0.07272969570438392	-0.6773109323442207	-0.4132116222847197	-0.7629737316619396	0.5560268243232233	-0.35669129482042417	-1.4447867123827227	0.027798142428030477	-0.8261751483606399	-0.13394384407445853	-0.6427701674387561	0.5595834330450226	-0.6830326982341128	-0.523182425776954	-0.9656263451381634	0.018358144148843094	-0.10410259340489394	-0.43787638549687835	-0.060578272351323965	0.1391375295301019	-0.44318483117804547	0.4666025170615378	-0.6224908263546558	-0.8371231770773003	0.6972961703678993	-0.23332962457997872	0.5973095140811118	0.6825960144705834	-0.6304599641122509	-0.9687234549153205	-0.23613745121608176	-0.42314154975854745	-0.4696207657120085	0.9954803059263617	-0.6029137146652145	0.22881362516963238	0.14815657746128844	0.3782898988569048	-0.3471801822383517	-0.5346807264655479	0.29932788352789924	-0.7875927870953865	-0.2672802995610192	0.20744279380965205	-0.04458758822234156	-0.05800317080118323	1.2260467064066134	0.3361821476148796	0.511860162436969	0.38087285523410896	0.12453732983002301	0.9199606862663193	-0.02685513734861286	0.22682052230005462	0.5168998456242396	0.1505782985807648
DTXSID2048903	6.599169540925891	0.6530654974581965	-2.515684869591804	-0.29729401644948034	-1.7255704026073755	2.1968880917469917	5.279449085395302	-0.7700148734829336	-0.8608173919990553	3.2728121474420893	2.0995483710969496	0.09037506240909032	1.1865014964836245	2.1918288306689395	-0.3689719044036593	1.990318629285768	-1.123986560544354	-2.468626347625593	1.0751053225498333	2.580813055704468	-3.3606400046834737	1.6310934451187344	1.6862543895001485	0.27213733673781415	0.6757438824459947	0.42946572224754354	-1.0571693493754322	0.6350370768553488	-0.8601439088185394	-3.03872139002117	0.7934575454689932	1.1770429041395836	-0.51940077534622	0.25872791721027627	-1.2593838893607359	-0.25226861950860263	1.8153461143689626	-0.4088015628811075	-0.43945037503321	-0.1101771866476845	-0.14892866540747166	0.9852132303793025	-0.30125755566712237	0.7344148491821553	0.0036677423547559597	-0.215063144475812	0.11465633590759176	-0.6944913551995544	-1.1107823406009294	1.1172585034273328	-1.672886271619736	0.5044484697754125	-0.2762932413483815	-0.7906920941004961	-1.096934002582954	0.09509206239099226	-2.0146624399581294	0.8269669874649794	-0.5368430914227235	-0.09637045427162035	0.4940101191160632	0.0659483594781778	1.1745392368497836	1.9917418738840262	0.29509079258858195	-0.9806793141328373	-0.143043842602031	-2.9531818516526793	-1.4890780500931515	-2.848310520284698	-0.15554548266362284	2.0477681775439027	0.3435225513929497	0.7816194670891099	-1.9030790952891818	0.4301060131447257	-0.8759882426723431	0.4528064889491646	0.7634498167047107	2.2556541484716472	0.30171120898805887	1.1125671469165443	0.834820975002068	0.9383828996162339	-0.9888284737639755	-0.6516923458624608	-1.013867047994183	0.8831212893583276	-1.2865210717207562	0.995623943197648	0.8816500993096733	2.0313195888222126	-0.4946083412313965	1.0820837269997616	0.1543457325521954	-2.724416121918411	0.855514999792731	0.8286900192142018	-0.7958786095671609	-1.62877751868737
DTXSID1046974	-5.925808590697746	1.1698274122368024	-0.4344514700112366	0.41979761616123934	-0.4151854345685354	-0.6340287490398457	0.5419536297881703	0.38845512905267743	-0.273025804622049	0.39581130490015715	-0.3484133769674507	0.20686138998110126	1.930486337424641	0.1369509575405501	-0.6313978459852537	-0.7488487126173651	-0.5407174554749241	-0.6829608436994657	-0.4559631925480536	-2.330937639402194	-0.24829385948501176	0.4379248664290547	-0.9579100634163549	0.9665935033420963	0.9291962609085099	1.4620792955736397	-2.6759089334328867	-0.2599052427120189	0.5928033672227159	0.5619982754927896	1.130793432547366	-0.49637827810351526	-0.669149711040703	0.3084532775909639	-0.3231965190679912	0.14374165022719831	1.173777651621275	0.48316333070111805	0.9708101729730978	-1.1503597190288273	0.3210899092288672	-0.1038920719564898	-0.4386842048738744	-0.4463117677711562	0.3268909578317675	-0.6968893857321456	0.09971510341969157	-0.4267127725644883	0.49520474603945575	0.7901531370144024	-0.05108740849486138	-0.630461527555838	-0.3439751055775831	0.25945874608068686	-1.4721684150643628	-0.36535700923825	0.8016098294017273	0.8419748317518944	-0.20306566677888263	1.8522497220914487	-0.11430197825470995	-0.4391068008957697	0.6167636102726142	-0.17086408092511798	0.31375886946503984	0.9502939703761567	1.142566079939367	-0.6558563904309456	-0.37825613745262116	-1.0352974302952946	-0.37329189422266706	-0.6405331365404813	0.4598582341028414	0.8198688011828158	-0.9337961825371749	0.3542863814546231	0.8265697943180714	-0.9348166123071174	-0.41006514825727824	-0.34040877420348753	-0.39353546478417645	-0.6353438551516246	0.37033461654231414	-0.34593083591939483	0.04514528959841552	0.009931380507293986	0.24029356060983367	-0.027420737297179473	0.6069926193503631	-0.1329286614440896	0.27826702077534976	0.6148144688016292	0.40127583128551647	0.43267296065107613	-0.030017608347945198	0.10372676097905206	-0.3667626437679468	0.09952508674156117	0.09507723491517689	0.3311940198403763
DTXSID4022446	-3.5636459250492343	-1.7186050429626842	5.146867940260354	2.536093801043822	0.8257328267931908	-1.3505315154006752	0.6259758998040847	-1.6003774378278008	-1.3538376824468006	0.008798245331445607	1.659689718132742	-0.4614625800557181	-0.6918061150531924	-1.6909991336770482	0.024199477418785798	1.3944167635325384	-0.08410533220970376	0.5480897147471658	-0.45967410298612404	-0.8187577920074566	0.02427225779593871	-0.5071185266521682	-0.31299355612968227	0.3468174762410492	-0.8440054655363272	0.17482882922023482	-0.8873325662272206	-0.11911572577371936	-0.5976732817233458	-0.17155774659870965	-0.6554195062196775	0.5403813366325099	-1.7988246089908786	0.24008220563727234	-0.04683784525555252	-0.04124682277434235	0.2718863320415577	1.0160050543168566	-0.7840274788807436	0.10737487712523777	0.4734304840903317	1.5341226057172288	-0.054040716772291615	-0.5524039807771701	0.07243942298706815	0.3586573056517631	0.07435666766623145	1.1720450875949242	-0.5354649479089295	0.9036618285767754	-0.6977693703739106	-0.11223637941853258	0.27485328987648544	-0.22508034251094713	0.8884510182273095	0.9424694074956611	-0.19361944303393738	0.3880038701305576	0.3017744030215056	0.34572474343368026	-0.36024873596768175	-0.6291015712374913	0.799680850882471	-0.4215662330152807	-0.11307508038828241	-0.41462112004692403	-0.475402808853905	0.5055814419457625	-0.024768331344178496	0.052475721704897886	0.45805211131586226	-0.3797925074329236	-0.5146893550185508	1.2592953120388455	-0.30809459358122715	0.33869067807038244	-0.33549305868313495	-0.1335582288624298	0.48607621780102256	0.9861057165202265	-0.3973099766186718	0.6178773188472897	-0.0029513590992139675	-0.9196735567479327	0.38031976542771884	-0.1105462927177833	-0.3113192123479417	0.010610777160604485	0.3986980970062697	-0.3711124636563821	0.06214165071987227	0.21177194729008222	0.14038313751634843	-0.2045232596542781	0.39795050640157936	-0.4761010749626934	-0.009214361763673013	-0.33841764545735276	0.16252975825251045	0.7005919187337514
DTXSID2049268	-1.78374847483262	-0.04218855734438515	-2.4512619764804304	2.7208732921481915	-2.5788471541147944	0.6129681744890961	-2.354416307701785	-4.3388172340035895	0.47131603322959115	-1.1608178767355135	-2.208348919786455	3.5799070663491124	3.236419444972999	-0.3541968831233372	-1.180173347510819	-0.35751741313494473	0.1668714341379173	-0.10690182516296427	-2.2791427633651438	0.302198408111556	-1.067636438357675	-1.128531560220966	-1.122198804126946	-0.7187488896608066	0.4867712653136513	1.4036740597255253	2.0462426619332503	1.9002881677955898	-1.1228271961920038	-0.22129360935496115	0.28872385446639504	0.12564280334822692	-0.2802683575852015	1.291155463722292	-0.3242303920833635	0.30472767890683056	1.4470652531179422	0.34509672662367863	-0.44181224785031525	3.4703746047092867	-0.3097088462727686	1.803853619835013	-0.6383001174344906	-0.09339369628186815	-0.24527164464873155	-0.31526265447431506	0.4328963597214807	-0.43203494512115853	-1.896020050966155	-2.5294140579772835	-2.195027976488867	1.223010769652285	1.1504407908655294	0.20178095054273654	-0.5855382413031186	-0.47139919262501045	1.158306013192518	0.7500089907151085	-1.1896687880497996	0.06724308386751537	0.2791633567320223	2.989013215898319	2.5895834001537605	0.1462361658916269	-0.5661993358074162	0.039033910286125906	-0.6455801382132254	0.974478052985511	0.38417390049147626	-1.1220722626417103	-0.018483777469498405	-0.21048044295290147	0.24224458878048996	-0.5594716827410686	1.1174547666883878	-0.3771367872245052	0.11701578487078414	-0.4330379054130336	1.0100149791263362	-0.26501150654605815	0.30405473357673996	-0.6661421268447999	0.014735554929026218	-1.0005190166523281	0.789294455292981	-0.5537373100327474	0.2621838574782942	-0.04462925967119703	1.5695864896692233	-0.32535077081677855	0.4110093879555385	-0.07104044157421215	-0.31802782223242465	-0.18606556078075817	-0.27472981039720207	0.20655803088413227	-0.2200201680433008	0.3531012159055756	0.365788852815149	-0.2562763301853727
DTXSID7044132	10.260071004157819	-5.929804593583164	-0.2738463992905596	3.0364197297677173	-1.5768880817788848	-1.209654827251387	5.373855383046826	1.5447208470019087	-1.1417695765621612	-0.4172999431945011	-3.5022659114360946	1.8619106821877567	1.183973560980682	1.7880599894993698	0.009371402769735708	-1.9533172758255122	-2.073583198496867	-1.0260381953886395	5.2748935653227464	3.723464750209856	2.1414916840915423	-0.43959643011070765	-1.6822430933041648	-0.20265189124396876	1.6111833001494986	1.2102137390170091	0.7616472508053455	3.675796360581709	1.7875684080124015	-0.03843957768911961	-0.7053483693749786	0.8827103359904107	-2.6601275199014713	4.12706013207043	1.7397816873475023	2.0771335173608834	6.6891723976775515	-0.9993846254760065	-4.321424903649515	0.2434883719415407	-0.8413898874255414	-3.3605186028037104	-1.9872303476539197	5.500604663641288	-1.75227089497859	2.540274178909171	-3.538111190887441	2.5978779791574325	2.641224088597028	-1.5196595608030161	2.0619508448509554	-0.38902243780279655	-3.639400633563145	0.7172735364932482	0.30757047511370916	-0.9447706380468786	1.9209786030590532	-1.0834366723160953	-1.8897839449836642	0.5532934052272245	-0.23125155406027642	-1.4947061042236152	0.6621942080014948	-0.6661936811776024	2.7410608368533507	-1.971717398139483	-0.5635949626617476	-2.64473066627257	-1.4125366616085948	1.9720478959308587	-0.33667147932441893	0.5615290097462564	-1.8237866862892718	-0.45198192820679456	1.807060816421161	-1.6644230730001797	-2.539576845658759	1.8049122389103314	0.6989635685949263	-0.08891939994594227	0.6517040346832857	-1.0059291614756964	2.7156597898661468	-3.9736823537030097	-2.8787042901247313	1.6326409534462456	-0.365821191119145	-0.3843514705908867	-0.8250367923951911	-1.910859486049549	0.9963513210881676	-1.642146921971345	2.5367890347868607	0.5907853362994004	0.3808334773734366	4.104428251272822	0.7387935684378939	0.2330332194842348	-0.3399798725199381	2.8077650132747243
DTXSID8048949	16.40152220770869	1.4804627126873366	-0.6201953322299515	-4.805013267452797	-1.4895932632476878	1.4354575539868613	6.335236007961393	3.4852067148137773	-1.8771187736793449	-1.4582085712245714	-2.672307851139244	-0.4946945886336181	-1.806445342894522	-2.002027207606923	-0.20694777516834972	2.728455216728755	-2.5782157968566066	-2.1818728186272836	0.6864323907776635	2.5907522348123146	-3.166954827577392	-0.6174583043269694	-1.1164197946355332	0.5732659185629875	-1.4064468254528255	1.044134560673394	0.9724386463442389	0.5806366355168913	-1.0693242612520046	-1.8825576927624745	0.14152576740779133	0.9109909724466929	0.13573677184921654	0.9951890086173796	-1.5523283418080984	0.5968995442247886	1.2042039983158177	-0.8305306840557061	-0.7227002384426002	0.26792111752562225	-1.331205700973858	1.3361430720839669	-0.14930156066863376	1.2972384091956355	-0.22456005466167897	0.7486635421382382	0.448930898133974	-0.27127136229599813	-0.23469100343030003	-0.24619592608628166	-1.5973258816506222	0.40044889426929975	-0.6032465101663427	-0.3125639971843283	-1.1890811313761491	0.8609356886182439	-2.1529605801268583	-1.398788136346823	-0.267211541793863	-0.9150394558647539	1.3593230214857894	0.05918523431266789	-0.7460533586955119	1.0757669730061028	0.2088193344333627	-2.1615966714945567	-0.6249869139276467	-2.7352065094865003	-1.8811161132084206	-1.9481969898004967	0.685617443583426	0.6224920573420818	-0.0117308338121186	1.1026224456372988	-0.3247145546373784	0.1566162363705243	-1.1868162897527432	0.01900625871657844	-0.5904163814428899	1.4847911081675609	0.05322271597992914	1.2899073133585595	0.00801229646916508	0.8403396173299155	0.5497652413964196	-2.9243206076152464	0.284829023529307	-0.10636264585156502	0.7448618736189704	0.38270111055426326	1.032972085884916	3.6534564523659006	-0.17375880452224465	2.215177408966657	1.9161744738952629	-1.6744940046228665	0.7162602205430623	-0.040305719038545594	0.36261395620479037	-2.393566420473112
DTXSID5027146	-9.068679263327146	3.2910320683929877	-2.8723831320048006	-0.48677383941489727	0.9772346276629318	-0.315360682764026	0.6873285394921337	0.008754407776788204	-0.502766954148494	-0.1081598449454765	-0.4157353287961238	1.142909544955121	0.4523792926996948	-0.46363921353733567	0.4293315683791009	-0.8840881342517097	-1.6888452896726749	-0.9048103140889865	-0.36726432285707283	-0.9259160868096331	-0.011993421280229424	-0.9012048747381554	-0.9600935485263936	-0.4777038595825016	-0.06421447383667886	1.0512657109511625	-0.7215561052085393	0.34302401536100674	0.5166878610233062	-0.4055060181712895	0.814497935018251	-0.11669805562524953	-0.7207925497087848	0.5697191336536905	-0.05969099619833272	0.1485380378655792	1.1051617578277086	-0.07650227164076977	1.3625922429085005	-0.5156353291553102	0.42785139480411105	0.42405336761095014	0.414345453333351	-0.7313529280055808	0.718211809372465	-1.0545710270620703	-0.10887552262686181	-0.03722672154936824	0.6115777451570668	0.5688556040980209	-0.06977037105282757	-0.004472910971397962	0.349633263314416	-0.17352970179070037	-0.49167227187441037	-0.63882698146806	2.1292926245864487	0.5567106673553758	-1.0265862701089086	1.5830216910118051	-0.33947821692808455	-0.16224024214119065	0.4347954203614612	-0.4651450933234671	0.7725937220158675	0.724561069121129	0.432087784943223	0.7729482915863203	-0.9452902074875101	-0.9323130686784395	-0.587339222518405	-0.6571258697759256	0.473326761998963	0.15273157019801292	-1.0581236586157827	-0.03620564951342727	-0.35965064635468735	-0.1863713004601471	-0.4659743299774299	-0.5801848438877055	0.5379635376280798	-0.16000291871287736	0.6343693416874243	0.07137486378210757	0.40769268826736027	0.08007637321015619	-0.049060372438202965	-0.47374658150722593	-0.4197076990168209	0.09314044511535105	0.014463097106448866	0.2248496329783265	-0.31534918046801835	-0.2442317203200573	-0.03518128053032336	-0.23484828691787252	-0.3318153703203696	0.5783535346045694	-0.2602018208246217	0.8294354851563644
DTXSID3045223	0.6214209097395069	2.0062359360297344	0.09944881817132048	-2.5165935318992774	0.5743839826828808	0.7028113798494069	2.180526902335169	1.9120036760414487	-0.7160387665289646	-0.4155429197208067	-0.6886506191771593	-0.3553338459460698	-0.9461801989226243	0.13139568969228854	1.2783230225675857	0.1954208160706737	-5.012406170363084	-0.010770926462043542	-1.7977586829753978	0.32266393650662206	1.792235203796932	-0.4693088718081238	-0.3777824806289497	1.119914191482838	2.401521235257678	4.897905623448142	0.9008617342342023	-3.240390990878021	2.172743304320199	-0.2976363508614421	-0.2853100810240987	-2.0523825592423757	-0.8229259518529307	-1.337198200270498	1.5553875016463357	-1.3695173592245264	-0.17829349232279815	-0.5081031378924777	-1.32566133265871	0.03773287354518211	1.0465602694119978	-1.379875389453188	-0.31814159879026954	1.007176940919492	1.700132654935291	-0.9284367015034118	-0.7921863774291477	-0.9821194830686903	-2.4737424040443465	-1.008695945447651	-1.9022387139805468	2.845256871360952	-0.2155243119144143	0.7833152424101273	1.7806315346592478	0.1113412749117252	-3.2508528906205827	-0.39962861906120806	1.473312541974661	-3.326433440269252	1.1911213738626227	-0.5235481777088865	1.3578694790380295	0.4348318978889307	0.32063397445916547	-0.07608722552921905	-0.08892531997431698	0.20916982934926173	0.49915932579683914	0.5136176138311543	-0.1510451375233183	-0.07962206410508083	-0.7082334332640506	0.4085602657862001	0.7905588921681365	1.4713176346119574	0.48582136968518924	-1.8395801613450182	-0.9791797328564132	-1.551781779457628	-0.5346873518155273	-0.6658466504240441	1.4657105937463215	0.4681055905498647	-0.4434589468391963	0.4270605633182154	-0.15260235371619132	-0.3098500222316897	-0.019197249504154464	0.8452352861793778	-0.5525677062636285	-1.4474019671451033	-0.10249171834428314	0.43656855134219597	-1.2382015170701943	-0.33871198707907246	0.11266786498554876	-0.11756921032274642	-0.7585125328806088	0.03015771400214904
DTXSID2023309	0.816722994333256	-0.2337723007861403	-0.7963832941059441	0.7600433052560186	2.4562243660819973	-0.14672254896717896	1.168668168022391	1.6299067235696711	1.416018294030532	-0.9788832674884391	2.304683312087636	1.1139898457359312	0.6492210567434584	-0.21804788458800478	0.5233156252316853	-0.033863950684417346	1.7274932267421552	-0.7044932733598821	0.24745090310699572	-2.0282337418636196	-1.1129425936848976	1.1463818973525803	0.11246682249969656	1.1023146024573136	-0.6793276534983969	0.8381338839547003	-1.225933240118608	-0.767900935218904	-1.323227938031842	1.0894251357158047	0.6242807712103801	-0.4491818298460543	0.10134503756213588	0.22162469916916774	0.8502620814027615	0.5253734135022926	-0.026089913765003643	0.277375791771137	-0.03921191976449566	-0.29913088241903657	0.7036740970754771	-0.6409951959062835	-0.5901327839445728	-0.2071296975389802	0.3822632571268807	-0.04111189382902241	-1.4530492433020696	-0.5167713578659466	0.13791902080040244	-0.7708415033345299	-0.38883083401821594	-0.8652198665989219	-0.9837940262200736	-0.421178982407792	-0.731564448317072	-0.7295029672117069	-0.27020020439330245	0.16004944913845323	-0.18292868074521637	-0.5931304608877079	-0.6462720897760407	-0.8059972354554329	0.6174326865721451	0.6214498494566688	1.1942898041171548	0.45578953587377735	1.1194643720760962	0.06728610533796331	0.6194759622396879	0.7067711022773221	0.013886194789170244	-0.6277027295476827	0.5665551708221571	0.1997695144724129	-0.050942456225700365	0.09282590246950899	0.12081108339737699	-0.1583504991784265	-0.5846886323618202	-0.27285383904900296	0.17562079362959918	-0.7536257602313897	-0.4673554171155185	-0.7392407219376543	-0.3126531074887979	-1.0406851967551136	-0.5255156807387896	0.7955831906795051	-0.49133553378388134	-0.3017914530396284	0.13540258086615115	0.0995717419226981	0.3011495823310724	0.8319153681027524	-0.9181493890568944	-0.6685355832586952	0.14734721177985952	0.09112600526918498	0.3244627978853545	0.9089970726937707
DTXSID7044926	-0.979928056411079	4.580528218214154	-1.9735385715965752	-1.038241269540908	2.0702781183895005	1.5206060443502358	3.1334888576004873	2.100666247382133	-2.4201148483615724	-0.7067476673224462	-1.0360316910806315	-0.7644894378678949	-1.2088385169291063	-1.2910142396558142	0.06682685195456652	1.410649969444392	-1.777424631985427	-0.6153901803217694	0.608328494552719	0.28112274373767826	-2.823642829311959	0.005297551878520812	0.6792089442402154	0.7425079869800139	-2.1645576723939706	1.7870575197642948	0.41971462556781347	0.8253041202490784	-0.8832776407708269	-0.6020081341921426	-0.30990501365283285	0.5860427270713078	0.24216974350513987	-0.47267226109504795	-0.4001983909101429	0.5541247314756477	0.5757041443926049	-1.0948154810056345	0.5131002977290419	-0.6832664837608482	0.3291035637361478	0.32102557808068644	-0.11989889238407718	0.5551804906335609	0.8698282765950872	0.29374384416818883	0.968076613316794	-0.3723007052326108	0.27731899039320396	-0.0369551072341929	-1.3467999576998948	0.6388504284326161	-0.3081242999552464	-0.5196709684922868	-0.6622672950565863	-1.1050117520767568	-2.6938220334673497	-2.0513566368883267	-2.1942272428593514	0.7360759284499494	-0.36963393552215057	1.5578960607430914	0.08908931749508413	2.623149565406242	1.6175140612300127	-1.6312913680001466	0.5455695914359094	-0.9526255304461035	-1.7782572968076429	0.16761730868966543	0.30490212705624226	0.27436439835949633	-0.6240139096113704	-0.07571977387961995	0.2791786948213746	-0.23193183455899474	-1.2298732956152267	-0.47908867746217076	0.5326953922908686	0.6195579814400122	1.2506993196924225	0.684434094248488	0.6485506344747277	0.3425020124605427	-0.5714314552858506	-0.31836881498540864	-0.26357193761486564	0.5975421252788808	-1.047365970005696	0.16381930489082838	0.08933533546789338	0.0008215034686169691	0.12463817476639034	0.9703235540843658	-0.8701967401058675	-0.7718756874595156	0.7213820561619584	-0.49141244337136236	-0.5042678897583925	-0.006905551651363315
DTXSID2026997	-6.240777950809182	0.7489753825528856	-0.4318225342940462	1.3029791601951666	-0.7421185597922458	0.8909383392852606	1.130499103336771	-1.6150543817982639	1.1933933654679687	-0.0694963710040705	1.7836781750881021	0.6839989871778008	1.8177228865853607	0.730267601658284	0.7086438995801737	-0.1008170232181854	0.7728617326326938	-0.0943590197694056	1.4682188434006513	-0.09164477650587723	0.3063727481074604	0.5518257971201346	-0.3329354347674886	-0.491787107750609	1.3479699720549851	0.0866295644925212	-0.07604625669073947	1.3016088228642122	-0.6610794597295104	2.475461320406766	2.5952982315870865	2.817400495546104	1.661310634421482	-2.071798392629605	0.9871506704640929	-2.7719358082086614	0.7777994302530824	-4.057395089520798	-4.127373259325508	-1.9095905432250493	-1.6817248574440724	3.9413379782252966	1.9604358864012839	-2.4775180560913737	-1.5416816799027788	3.234467315850637	-4.092558534330079	-2.1362296953591304	1.3515320401609918	1.9752538369933568	-1.6046599536258281	2.2614563087811663	0.11914355317583522	1.6593333197352105	-1.3411387508575603	1.4161099409245372	1.25086314672568	-0.3719579688083277	-0.23073013950528815	-1.9324629996024614	-2.286835024279196	0.25877229264543605	0.001317640619724042	1.584024752047268	-0.09657499080617182	0.2708318165987995	0.4275488087313628	0.5484419841028773	0.32960243329058964	-0.8165518052126655	-0.6616321197708378	0.00124420107376459	0.40164826801524633	0.34670534428403976	-0.7882987597811755	-0.21251370641339784	0.8359910380576043	-0.5856633162006695	-0.21329960022254865	-0.2755711236798712	-0.03456180342162931	-0.11844687076106122	0.2988236549427262	-0.3027181925366632	-0.6512799548004353	-0.05872701250182514	0.5173374114796843	-0.014757499759076313	0.458183050191539	0.5455693499579541	-0.11514524868699359	-0.22308104030328388	0.47993082718777347	0.09409899363972155	-0.05819115419978859	-0.20852547867160287	0.022834691076595512	-0.08348482493667794	-0.4139507202898543	0.3663482507669633
DTXSID3022536	-3.126248509972804	-0.2303805694238006	4.664877669318703	-0.39513369335599785	1.1075422881428323	-0.12052835091102217	0.6192051957833842	-1.3896057763170266	-0.748668884747669	-0.15050328788408854	-0.3553944309088536	-0.05794281869647699	0.4626328593114595	-1.0608375404383639	-0.08156366805413742	-0.13811928543413046	-0.22517244641746129	0.41009415790353	-0.7430925641465628	0.11553299329623117	-0.5159861519213016	-0.2294845980354595	-0.1509140009959148	0.2256267270173607	-0.8433180325611536	0.2831100778133619	0.30426472866262333	0.01782868174309167	0.10228013263253656	0.4980825487936886	-0.11467769704857025	-0.1059438482471348	-0.44086695995354414	0.3472611796295822	0.5945562396509451	-0.1191075060483041	-0.10123984988259589	0.0998905061889956	0.14569931964594032	0.049040449880865526	0.11911213551531064	0.010227763374506104	-0.14812618715981735	0.02178574879411074	0.29814996746213446	-0.20479938968373085	0.32073800592304064	0.04018720282219524	-0.10435652190804226	0.21527980166916091	-0.14478404756002433	-0.2944116309332907	0.06308419513076392	-0.3211863845937214	0.15824887678189656	0.2640224155015129	-0.3698647573613253	0.35245482981909354	-0.7417981507695379	-0.6056481868893939	-0.3514211236369283	0.36477826194261953	0.12225057202728494	0.6227625996676192	-0.32421869720107405	0.23420451282758897	0.34461066022826453	-0.2604379968344535	0.010006126193133512	-0.5895001467511373	0.2678020503276884	0.24873651648784756	0.4274649783982036	1.0435825145314148	-0.3122961097854744	-0.13668231415362314	0.003800579025539659	0.06639947281362872	-0.22680942886348807	-0.15050731054425326	-0.5855529626210098	-0.34337279583826436	0.402887713431177	-0.20382672397898444	0.09177967283974287	0.28821139442783694	-0.07806884758571828	0.3511689167447934	0.22263438737105332	0.09795855646527071	0.1355539047273104	-0.3699199163995027	-0.16206636648263098	0.3755334045327242	0.03528143970492529	-0.13240279616310222	-0.5149523310736256	0.02468048787217542	0.3056476553473714	0.10884496580674255
DTXSID9045132	7.446720261214502	0.45810757527419166	-0.6385772571638081	-2.6012621493958137	-1.0410750022022068	0.22338235719135666	3.9080198617570487	4.317657365185225	1.0662249899170497	-4.08168675526867	0.3804466440545062	-0.6041073384311227	-1.543921862954539	-1.4746991661349733	-0.8706406903092134	0.08325396431779046	1.0738326701611378	0.26403867264009356	0.8822412351474788	0.172626874610667	0.20365738904868352	-0.17533113805080458	-0.5766487993933215	-1.2898313433105792	0.6488248979473303	0.3737236712586942	0.053546192024643294	0.11102391350306547	0.06782529148715684	-1.1137827451559785	-0.5112792266363592	-0.6512191442864337	0.9044362933920204	0.6113686784395366	-0.8852115915936056	-0.6420651629809608	-0.9574956749657635	0.3858423015229353	-0.7848182029107132	-0.3764970951837071	-0.573996474023777	-0.24810603403829892	-0.16881430623039487	-0.12194173141676645	-0.15050094461373728	1.0327845517638834	0.14889239511668226	-1.1819373553214951	-0.3257142329179895	-0.43295909245894343	0.47512144719838945	-0.0037446458589527262	-0.8546865176480086	0.8184375899811487	0.8583902890169578	2.0599872988499373	0.0841824238260556	-0.5218494484571841	1.9735623597008274	0.12599527950218048	0.9101858307039861	1.2380972684986176	-1.1590528977090855	-0.20004547857028604	-0.6482978880109721	-1.0667884952360924	0.371686805312501	-0.8960970780245117	0.1712218461833031	0.15555731627379302	0.9741148704619066	0.036515200824814756	-0.6387101915007632	-0.6761968569758693	0.5337530219909093	0.7289613629359297	-0.6175052054858684	-0.5747647330707967	0.012773715983347532	-0.6738777634741853	1.0383511411453668	-0.3795365844527277	0.043606256150998605	-0.47560603070177226	1.2386997612110535	0.03707877449947568	-0.2362135984251438	-0.8419548852505426	1.0049567811089146	0.29383350391423085	0.47155198767496975	0.20589484073052358	-0.5582808531747833	-0.05841704804263332	1.1717153802523463	0.1899563412104333	0.7437908389969982	-0.30644002170827367	-0.09965006462754505	-1.5185396469206531
DTXSID50469320	3.8220262619380363	-9.364186610351249	-9.586871588553059	3.189953191619384	-4.029079388997423	0.059816032873215116	-10.144797586583621	-8.55459869675374	-1.167691459344851	-7.127602739836812	-9.716010878258025	14.955372909474123	-8.199464611052521	-7.560300313060862	0.05551199921182062	-7.350120301089764	-4.941946625882996	-3.1693535316884316	0.37812059140771226	4.025021548950504	-2.212586179916836	4.969721301803421	-0.6597812708051651	0.5613471354984801	0.7745886893753434	4.984293438206366	2.995310331565697	0.1288052410161395	-6.434043015948022	-2.79650012072435	2.5173542595643847	2.3465799740490505	-5.21621260858966	1.825275975489985	-1.0127844890866262	1.697980080099288	3.934376720701184	0.8909186768625739	-0.311078616560331	3.2244618953934303	-3.2162871953031744	2.8634400253631034	0.43986531898596404	-1.4607634917954713	-0.08882037154438388	-1.2509514286113355	-1.2956607091920531	1.2120562882975214	-0.9629952994552181	-1.5816560356513383	-2.4877675520960985	-2.1997686787286086	2.7566516464990007	1.5828211432855166	2.793589075070089	-1.398163280335038	0.816365892301801	4.059018582743119	-4.683745158492474	-0.7903299503907627	1.772192947020807	2.623033370082285	-1.0242317224925952	2.473013719458415	0.4385854101756136	1.784753932581435	-0.9328309198313157	0.35646052012350504	0.40385099973966054	1.8171986035673557	-3.118638485539835	-3.269610889014795	-8.364062092821289	3.2851047639108053	-4.386895056725287	-3.537081803153806	3.107180916026991	3.669993142689989	3.2527887812296585	-0.13797906946772898	1.9131178721958932	1.5003818836846299	0.3574872105827309	2.3440084097756415	-2.3944804054003828	-5.608505493102325	-3.8800637784737964	1.6707947216990438	-0.8311376806112531	-1.2208880819557557	-1.0895611901872564	2.5718666010383378	1.7086305925672076	0.3387384609436284	-4.6028002755049595	0.2599846154578448	-4.1279356805687355	-4.166711645434998	1.9394242733728573	-2.300504499585755
DTXSID1045083	7.521431990113282	-8.48787874661678	0.9605076990707029	-1.0407535377686805	-2.959695492629473	5.944794036283008	-1.6813600231039372	9.855140677516527	-2.5789045315824746	-0.9347096797314267	-2.960267398194967	-0.30908490798373744	-0.8080171054507046	0.8375645294715405	-1.6318285480004064	0.583142097523877	-0.2887310621521293	2.3400481465602074	-0.5008756364424337	-0.6700638238168931	1.6692566597886553	-0.8046514066241891	-5.200347838255214	-0.5047808334336182	6.091930319742377	2.0844091231919695	3.6428690990454293	0.6060290118382585	1.2373849605350367	-1.6381705436652396	-1.7991282729808002	0.14934692266506347	0.5690197279970657	-1.6693303272409212	-1.2549066597613083	0.1324164004940613	-0.6234546413897867	-0.35868461008248376	-1.641236280963282	0.41091736189279976	0.7924087987494416	-2.125698015450736	-2.970854822803554	4.116818243548456	-2.0213225265767534	2.7466207202513995	-1.7398974634352433	4.943816968914557	1.5215558248265488	2.6567425476386384	3.664401175381353	1.5918811513029656	-4.366623790652826	-4.944906771923908	-5.229918923758145	3.1729001094074856	0.3153886549298608	-0.4734161682759362	0.5139387771765908	1.3380538706127212	-2.5480188535070853	-0.15616470747774203	0.11194491323497233	0.21157116200346232	0.1727232805383395	-1.244676260851493	-1.389293172624363	0.6088695278817974	0.4887825324256191	2.600126670092977	0.9854199398071755	2.344846951964292	-1.3053713914554488	-1.3168089681414006	-1.1340133905908667	-0.5357564703213168	-0.6624480662298132	1.4694965787203926	0.8065934949704991	-0.6163875113042782	-1.065631648078972	0.38627242596347733	0.12842590858128483	-0.5442655125573487	-0.3275917236134354	0.013236504008550837	-0.7449235424997029	0.8410858112619644	0.05336321075106234	-0.6530553314725162	0.38253207793204785	0.6813829071247219	0.25763031584214946	-1.6511353440487828	0.8340226405294257	-0.6468786696280822	-0.13144688416402947	-0.8860826601547295	-1.0886876654252926	-0.12407054478390901
DTXSID7045497	6.633235922956121	-5.30306663517668	-0.40554344978615947	0.23473211708587235	-1.4615016084560246	-1.4736302694361607	-0.57991337810898	2.2077828364799	-0.4131719234024305	-0.039599270309291924	-0.2946114653971176	0.4113702914851068	2.6328796904330636	1.1369067111878461	-1.4986494216634305	1.0127470539681027	2.1930431479954464	1.9340285270639412	-0.5365671903923737	-1.3953410811422826	1.0169770515359458	2.050469692782651	-1.0574982597960836	0.88619543395571	2.415825306419563	2.44929334440092	-1.24008293468366	-0.05789756685715193	-0.35398049512238394	0.10043720580547764	-0.27574131095217125	-0.589723068915429	0.09429559727471809	-1.3940925578867096	-0.2389020004245927	-0.6660736056402544	1.332965733815897	0.5611195198888533	0.03777936294773532	-1.281724332741221	1.2360525558732949	-1.3459976691038127	-2.368508545260783	1.6497647880393977	-0.43273138690184604	2.1271068662785173	-1.195026379755377	3.070018405343312	2.261201277432668	1.7841802424106037	-0.3686774957578275	0.22067120813323693	-1.472787484970853	-2.6390489685362715	-3.0814008857181094	1.6725709082231721	-1.1631617466314303	1.0245219285664975	1.6252418629212715	2.2719681275737895	-1.6407433332275938	-0.4677556286551178	0.8108971418230954	-0.176531085817428	1.346399306418203	-0.3752610818331718	-0.5696653512751729	-0.6722021521057957	2.1864564880043527	1.9374911805443604	0.4911963605536947	-0.02171442070379349	0.5970974527380366	0.3191725142706973	-0.7964619955340825	-0.8757761015225118	0.3752668645609214	-0.22470806940405041	0.7510973888997802	0.3657738425776686	-0.015822568016649843	-0.12203545520790812	0.4885772227473257	-0.5852810856878222	-1.4687730205080447	-0.34653011743726286	-1.2529643967260753	0.2562667197941258	-0.0311577481456351	0.2826039832113847	1.132072148597409	0.763127397141425	0.6884004954327069	-0.7917380723669254	0.09435821600361334	-0.44252314576499874	-0.20123319605563594	-0.13019303438120988	-0.6387583593958063	0.7058704049511247
DTXSID6021404	-7.752267792427806	1.5866211479055425	-4.012854978514105	1.1772486806321363	0.4579124376277169	-0.19714840469437883	0.9972458699249173	1.966214740622624	-1.1848620742831206	0.2517344030026867	0.5268845183011387	-0.4424611701389263	2.606057518307779	0.008755661377762205	1.4655267674923462	-0.8674637056758061	0.6597775920951666	-0.8369026324574764	0.36583655319288455	-0.16287203639202655	-0.4983404345591383	0.10815020385242155	-0.3082890663470665	0.09976251182460578	-0.27059446627948963	0.8883388856562555	-0.29169388565243887	-0.32899588797626017	-0.9657796336314748	-0.4223239121459619	-0.8711173378906215	1.0579777020327505	-0.46342506584384807	0.9766869445767263	-0.11457802478613052	0.37088098113644236	-0.43836846558491227	0.6237861364080759	-0.07068603923063513	0.312367879949798	-0.09386595816088876	0.367510369623048	-0.285617925696461	-0.7942861268517264	0.4695313577315897	0.7131523360367886	-0.5838545831887793	0.42326302895641055	-0.5861053030420369	-0.5808603350094378	1.315766502144764	-0.1827646910842336	0.031986505473659416	0.730561521523365	0.6617599304696906	-0.5604234909822975	-0.5679020940527298	-0.08002916058959328	0.10947965497804799	0.28980422984888793	-0.7956621613171913	-0.7030927530832746	-0.3713054164001958	0.7092963144363474	0.0005388413633534256	0.13687984494389058	0.1387263162188944	0.06282732175649126	-0.22850178508161229	-0.1969391586853603	-0.470900694113633	-0.42590822862105343	0.28133515235758844	-1.1714368884546214	0.7642126982689689	-0.48840914132734237	0.3219357523749774	0.24027077358700896	-1.1327864288568752	0.15644254452418627	0.5881219800541163	-0.34251456081395604	0.8857055307490339	0.576825120928235	-0.4234153900606977	-1.3283510702378953	0.5166504615377246	0.2026652682669692	-0.2782596451858642	-0.46481594590799385	0.3240813968818246	0.21640158075045698	0.1568902268566418	0.3649718261435055	-0.2589214864847362	-0.4257627199651686	0.39973283385251185	0.025146779537713895	-0.22809179379570596	0.48442614065932554
DTXSID6022973	7.243511343883795	-2.569224785081573	1.6184877479197497	-2.998498786852822	-2.768712529973886	-0.5908953120718158	2.483723817027874	1.7306103256376963	1.1402831072442696	-3.610645716967208	-2.331752718190528	-0.36860790861215853	4.306005765951674	-1.8590582994099316	1.8099026464147467	0.008867689128884809	0.4633752417000603	5.404162045825121	1.7687463131240526	0.5349935459079734	-6.515242169729618	-6.61345125313844	5.333974038098748	2.99897985915058	7.701630219257822	0.15664796379560414	-1.4623678701317337	0.9058305690738998	-0.2864365311663588	2.0362842988181242	-2.9317130184420517	2.5740614951765406	-0.15465758203630317	4.579053126340589	1.7950649031005617	-3.0684566715330046	-4.235712784472701	7.512763419636297	-0.5802665594954763	-1.5800731797627106	-3.600894346528195	6.435670409979292	5.1444635815656845	7.017186869202197	-1.7489321123041475	-5.1865351029850935	-1.2828718010152371	-1.1973638758026142	-0.403769237645653	-0.8937831656831404	-2.1532714628733873	2.1052443115543555	0.2806043396392937	-0.4439352514660847	-1.1252826494785282	-0.21670086499701344	-0.371911220624456	-2.0783021178112033	2.639302196605376	1.750693711566235	-1.0435649127077593	0.9843989542801374	1.829263835554141	-2.9182852905214713	2.049018488471056	1.1455087363682306	-0.763031288147252	1.7089046499932274	-0.35607985383937873	1.1761340438080155	-1.4471347777144912	-0.8705841124205458	-2.762581534685539	-0.6385666754078413	2.2394348104578756	-0.16038947143171134	-0.31699686000779514	-0.4856240621278051	2.063251994642025	1.122899742630076	0.8772748198479223	1.1281976734999561	-0.15883086544990296	-2.0088127321676748	-1.8463876600128128	-0.14038097401915428	-0.42080899855649045	-0.7084650132366147	0.7928276856864587	-1.7808690407563914	0.3432700513351632	1.0645694181621281	2.1418761864907534	-0.6778248017095353	0.04844537133164567	-1.706683096924291	1.7826211174171593	-0.3057815173550749	-1.5919204017936057	0.30432458645429433
DTXSID2044002	1.9211666451655887	-2.0782741910043234	-2.2744818996090546	-0.19726951878052496	1.4981754050491665	0.9693609659355562	-1.669232713522626	0.4209439278281728	2.1009223729684656	-1.1181693412041631	0.492139775536945	3.2301610374297627	-0.9647476646470523	0.34656188281265293	1.8388417240776753	-1.1097475259898892	-0.06303859569422554	-2.7027426262590812	-0.2046408389898121	-1.2920365399202474	-0.23778368454880144	0.8197406106355674	-0.4329311166877884	0.6076174565553984	0.5987770580948139	1.4119062638834603	-0.9366011683781127	1.3225462056072743	-0.049276726774804165	0.13031516242657776	1.3190715870923129	-0.19854797619479295	2.0198982456257113	2.8558085994438995	-2.2083414650373396	0.8181402991666678	-1.5220002181085537	-1.763077605700217	1.2663243708264889	2.2023823011954495	-1.9926785040717734	0.19223099532297683	0.8312876636048271	1.225895871372659	-1.4466986259187906	0.7411861136218562	-0.965224858869167	2.602242351792486	0.5768509506958907	-0.131512417463501	-3.0802080521597133	-3.0338357486285568	0.8945976925815586	-1.3475123246569314	2.2467867910796113	1.1802763795926425	-0.5203823472626158	-0.17612261561724754	-0.4909016922425619	-2.4304263513773323	0.7814115568382223	-0.05525958418073856	0.7804726383128597	0.38567010674299357	0.43717105617496077	0.5563492320381251	-0.7139356481966377	0.9976622068268592	-0.5722052609500543	0.15296733776338287	-0.7200136877617852	-0.3716773765301896	0.8687200322426729	0.12443177069635586	-0.9821186677344609	0.172765685217123	0.3407364463659401	-0.18244118802325549	0.4885260402094171	-0.13889521975726032	0.4864832648592245	0.015104232681285088	-0.4276729176862606	-0.8432723076608737	0.4114809341682505	-1.0012406810204764	-0.04890771013151384	0.41854656211933955	-0.20294386168906908	-0.4979377383956007	0.12258401209515572	0.16934981200456695	0.5906114354139117	0.2769519746176589	-1.2823141808120773	-0.1130601550576891	0.29098434675607193	-0.4534383941662302	-0.8069442232249139	0.8773584461597104
DTXSID8045305	-0.6944998706928381	-2.8824103229935076	-2.1544518108211794	3.9220486171042572	-0.7028729906293325	-0.5001827752492831	-1.993309442820549	-4.488444692474265	0.1850523396619578	-4.272570981070698	-0.7732957749971591	1.1970021748747115	-0.24666375757012216	3.1844120431942518	0.746329248232373	-2.2524272190802335	-0.8790789032081111	-2.077349458099982	2.8023490023076887	2.4389850089910365	-0.19901594235691114	0.45394114470187225	0.07594694955925776	0.33617525903662865	-0.5128408543602575	1.3138102603489192	-0.325994242539966	3.216728701824728	0.6246708919847851	-1.6194575077689397	0.03779847089489084	-0.15115149749255188	-2.193919285249667	4.863575555963374	2.19546151379671	0.49574842416341486	7.577666683502297	-0.9526641314751246	-2.750644671495428	-0.5146353971217904	-1.4829690549656362	-1.8165758505854788	0.1606762957749358	2.8217692165540766	-0.9480628684309181	1.1585087881907494	-2.5524066234687464	0.9864890169155275	1.6584349638720777	-2.2585299414232245	0.6273676592037387	-0.3780515196214518	-1.7486097463865793	1.9136920351987492	2.9345837195886944	-1.675879744034822	0.5097456132204071	-0.5224136668896229	-0.7173265444554006	0.298142732041863	0.32677591815712353	1.382034276344353	1.3634299122450186	-1.0680870155572635	1.0842738073584004	0.7382482439488781	-0.47078520690883424	-0.8280768632471777	-0.3495279160493452	1.2309731419467553	-1.1576473676494414	0.13954852895174005	0.34398955358055894	-0.06383661483423082	-0.38721825500427554	0.3740041207366962	-1.6278538465097536	0.34291329116005304	0.13800425934312788	0.28136385229349886	0.29028604696142446	-1.0689088762309464	-0.07040837614851164	0.2779152278160627	0.6687830115337027	1.5884881044965427	0.26770150084624256	-0.581409806762289	-0.766269100108179	0.0037227897765310927	0.2656982325566216	-0.1359058088883602	-0.07822925183467577	0.5713215685421912	-1.1360565887385772	0.2559744663909352	0.868404043879466	0.4663017852722786	-0.013453351999882039	-0.6005540806865217
DTXSID1021665	-2.081098880187072	5.063220487858956	-2.1662656451262423	-2.6270791744528332	7.849470896276262	1.4941954460157092	0.9086533476826435	-3.1743044520530566	0.07871686900524565	-1.5435287575785492	-2.9559646031927325	2.139960140621345	-1.5239538766434062	-0.8789685342585368	0.30613570928793693	2.572487342306909	1.6614256437440746	2.5152969301228807	0.7446890146809491	0.4743693952662847	1.0350349170068784	0.6242140037364067	-2.2813904510443526	-1.168766342197434	2.9637593045620645	-0.7485382290449979	-1.6152196796877367	2.422092351933378	-1.2003435638068851	2.6088138790749946	1.6921353878816208	1.0443723568186503	2.3414522936230755	-2.7628837451190322	0.6435848204218201	-1.8828443811156186	-0.07603138840457974	-3.752251421675128	-4.417382953447267	-1.207796471608176	-1.8683506046884193	3.533437018070882	1.3242299843535703	-2.357702522209249	-2.7764994974691946	2.565279617041538	-3.0472778205468973	-1.8447123808631334	1.6696353646447284	1.458347916300361	-1.01032934861948	2.572850364535106	-0.10911527598946186	3.24179072513219	-0.9063608826524704	1.8086254982098569	0.6814946951752389	-1.2787749319214559	-0.502828990658683	-1.6161587213262103	-1.9956845924878255	0.5685261937929498	0.4498860746645105	0.40654216824778217	0.10940261843821786	0.047530554419584516	-0.28259025350773237	0.4423050456041481	-0.8392953567655934	-1.5685329620327324	0.09934576365890965	-0.18592541792322528	-0.048179475793869296	0.22731187038613412	-0.7655855024034282	-0.04439933855957731	0.42664805246079757	-0.033466229792391854	-0.11038735934270347	0.20339479489150142	-0.6277374965614163	0.5481990589256216	-0.24139822985318682	-0.0972601553630595	0.07693477644310294	0.08757126664110765	0.4673897383930866	-0.17683323297242678	0.13461613087755445	0.6853313563061534	-0.29773095803562266	-0.6650014760942246	0.09957743951564944	-0.2656618194306032	0.4354405150590845	0.045019746327592196	-0.1306925370051212	0.17418183443232257	-0.3040179943618814	0.2067820101609541
DTXSID7025849	-9.526314667075749	4.103586112847335	-1.9704652294409803	0.23366761969909985	0.10925825349250201	-0.11453378344282926	1.0561596865136944	-1.2123706847769695	0.37012565210099047	-0.37415977910542614	-0.2954269020374193	0.8330118739851672	1.1905767956178162	0.3863560968207672	0.6932157743657102	-0.6605952824752609	-0.5833069043445788	0.09929387345203586	1.2967096692396245	0.03455781764498301	-0.4117142639818131	0.4915765843088162	-0.8194731093819402	0.19694730352569376	0.07013373612987828	0.4689985334610934	0.07476208800034483	-0.45176332655981283	-0.2596394665957779	0.6558809696635485	0.8047378333041886	0.5101102201066737	-0.012769237802800646	-0.5183820452330097	-0.15627188213531573	0.03770418969568841	0.41376691401609145	0.3190112633047219	-0.013358127514680015	-0.5313232059341023	-0.11791237008817411	-0.2447561973973533	-0.10853459031043036	0.2659038287498177	0.15197179547510195	-0.34120562140460037	0.5873741305795765	0.3990823111323882	-0.10517882595558423	-0.5918073804389453	0.05270813527365607	-0.6294155285959436	-0.22991639291648716	-0.4022151360509516	-0.4689323888890604	-0.44277542164473493	-0.3706761964150671	-0.67046723295056	-0.13345160410609483	0.37359420922751985	0.41137582126473254	0.17864706207556807	0.003154680255340933	0.0662144171367172	-0.27947595269882086	-0.5724967174886294	-0.6931219636919558	-0.13094272806664548	0.13243693542056106	0.4539728944085853	0.2130275571480163	-0.04511368684402007	0.16637396661125342	0.3104587868981877	0.2912443243847028	0.30875844777423367	0.3453021718121794	0.47031864710366217	-0.5583650782759358	-0.05178712328414011	0.13958020687459397	-0.3054724687014621	0.07800216114946712	0.08567866420194925	-0.010792367338467198	-0.1748358832537	0.4689469019689715	-0.08666778553224963	-0.2555394037479696	0.013880782064755775	-0.006873452851680483	0.031932184080650086	-0.1552921149910037	0.23835622309845664	-0.037871407867325034	0.17903822728424235	-0.07716940059539926	0.31803046969295157	-0.08409972814111079	0.050600508253498565
DTXSID7044847	3.3781458291982305	0.5372571627370223	-3.9527652970506066	-1.002437078415237	4.873238214263539	-1.511757407371907	-2.5002205998411045	-1.160508110244335	0.9102749985661615	0.8510081758022527	0.962452611706834	0.936780131616795	-3.1901528121779235	-1.3007242876840184	-2.845052360818795	-0.9004514847007901	-3.0149242382893338	0.5666970850572846	-1.540660641660931	0.1525012676016207	-1.0188036874327988	-1.0997522123840366	0.6334777501248454	-0.09582736178575936	-1.3191982034961949	-0.22427449859408718	0.06057663279877129	0.9135350247159194	1.4651072515665438	0.28202847709042	0.6287175512886513	0.44660623014724726	-0.5598393667773551	0.3704891200442518	1.4926914003795166	0.19818816265331607	1.4681840687123224	0.11255494124072468	-0.9763842822914238	-0.2136494628502713	0.23355470102501782	0.4278237870689761	-0.0032793239989326564	-0.010703629477311164	0.7393923342517923	0.03800027381175577	0.15020919507762706	0.7067279129593226	0.5004113509055478	0.1645748720989035	-0.20134553669235836	0.18989798498870208	1.4781115815724282	-3.244588421350348	-1.4231741134272724	-0.5693453730439931	-0.5362841043690348	-1.126155943697441	-0.8939450066103755	-0.6715821466892646	-0.8977957590123623	0.3080458321530536	-1.5079287567560902	0.14767916377509235	-0.6798125407481442	-0.8065163110825215	0.9367235944738526	1.3847433469112749	0.6640715913132358	0.7484830445485856	-0.7211625344917751	1.0505515298817385	-0.9376765909146242	0.5046691159235843	-1.0291748358191768	0.6128872259053147	1.8786280024403306	-2.2123696442175844	0.25559355191280003	-0.4094138272390127	1.466318774898826	2.2308291914799243	-0.35104800640421785	-0.4204954108721437	-0.5300224666364233	0.6281509887635766	-0.1524095334530619	-0.969966184954186	0.3477636488248404	-0.04333645902166439	-1.1672275233111216	0.44456594052869636	-0.6063839609436237	0.4618851512748117	0.598273991432998	0.21696349405609328	-0.7912426652793971	-0.30615855127259334	-0.7834544947410262	-0.6595409257668249
DTXSID5021255	-0.10744079560102507	1.0082196326858497	0.003683041026743881	4.125342217264228	1.0934764488574014	-2.1843546697230485	0.5954485962894742	1.6623686232363413	-0.592570102169113	-1.332453097486204	0.14256205328769067	0.5769621968941616	0.17121117557294854	-0.7675673508678704	-0.5504148209603199	0.5434297928463773	0.8725016609665863	1.1078832746055436	-0.7985887732118692	-2.002826226451745	-1.3464386177737693	1.619965830518584	0.017674033788523637	2.0245824470549585	-1.6265706901793953	0.924969587804817	-1.2564833909977342	-0.7122266558345719	-0.32638865223965374	0.9916843997098644	0.4608566183711799	-1.0174290945203464	0.43495081712137623	-0.5158593422740165	0.7057953534554712	0.4335004463079884	0.10003074038440007	0.35189322065591305	0.275205049282062	-1.155480222160437	0.374092858495509	-1.253270725730271	-0.5009568743259974	-0.27884000732425246	0.2433476492385018	0.5210827799056589	-0.6667570100274256	0.38201158452578954	1.1365985286471219	-0.06510994549326514	-0.7842997588700832	-0.6943718480551067	-0.47267289720383454	-0.7035142196882945	-1.2326812174003459	-0.7522609409126142	-1.665345768306443	-0.10701030505397467	0.25859673098178076	0.3030192617366039	-1.048098677204599	-0.14672228780250213	0.5508083240868015	0.12038122456361268	0.8801611271976326	0.99237657632166	1.0378694037326044	-0.9498923040385591	0.8532424726808622	1.733422154448091	-1.0889047971185302	-0.8785106293043873	0.7203051955685488	-0.3592856890578003	-0.8193956728260992	-0.2145764658894065	0.5839368621934921	-1.0520751271970403	-1.123201526878388	0.03607081967372683	-0.02633308373973475	-0.38936142074658986	0.4531034115969996	-0.15846134088547764	0.18942915457813786	-0.8300750881994441	-0.19528146545828545	0.10349990650657451	0.08787491855398553	-0.18328032347400613	1.1077559350246133	0.6287509916732074	1.0615619430913743	0.3314492433596259	-0.429778818201604	0.14994805573108747	0.254946154518213	-0.3389036643222331	0.15182940255927022	0.7685578045003556
DTXSID4048513	18.268377430887586	-7.38224060357897	-2.2940101886030626	-0.5731668896507729	-2.6040740975382612	-0.061001082220327525	-1.9400411310281143	-0.2498214980351046	0.47327186722197234	-3.0404423711189588	-5.033729581274422	6.554568933993201	-1.8943148093829882	-3.1013985703643603	0.34183919741599555	-1.6268340199228222	0.4867475807858511	-5.359408552841152	-0.8026033411536464	-0.11119563677169564	-0.640816474511966	0.4937411820059769	-0.336484145770001	0.8144475468074427	-0.29251738406294875	4.460061064021087	2.703017944929479	-0.3792979448536325	-1.4720382357924566	0.4755020467336155	-0.08372559829135875	-2.0206259401783906	1.6160454448865107	-0.44453799273427025	-0.6295672607701691	-0.8510782416661293	1.7072436743764863	0.012530760455297073	-0.4348271760772109	0.4078686426793598	0.6052903412974816	0.42963620900668675	-2.3675727984263077	2.286276136825303	0.8410337933428489	4.263444709393218	-1.9037134125688548	3.369172365869496	3.05394440331804	-0.02427621826191993	-1.6856238901555562	-1.3076169008375047	-0.5223687133806237	-1.6239810362154863	-2.871763287661327	1.1732391203172816	-1.905089014685815	2.9672436153000477	0.48672938444821595	1.4171415531089826	-0.7999480576538425	1.6967541900359757	0.7224381701684619	-1.8704242231376764	1.8503928001628482	3.355868673019166	-2.395250913006941	1.1291953181326642	-2.1595438182756377	1.9139402611605967	-0.7129884174296437	2.37027354372186	0.25806658286955264	-1.5575369803921282	-3.0196605534854357	-2.771918992012518	0.5707947870598976	0.8128083382160134	0.2539487931344476	0.22889267791143197	-0.5801901084275307	1.501626614759582	0.6838171611938354	-1.3556383238053622	0.0004496256794587543	-0.5181906470674275	-0.8264764659843447	-2.585309976878372	0.8800014674990655	0.4698774139444029	2.3132195533952347	0.9138668664781242	0.6380365943279264	-2.208598796021466	1.4727297127235484	1.5173421117383858	1.7375817513214182	0.7031028267281835	-0.7473454987396009	0.20385021451897364
DTXSID2048959	-1.9893801814674497	-0.46931512827690025	-5.626576820826508	7.16239334307325	0.2167508508238059	2.200112339359314	-0.2471783641624239	-0.30951733653681623	-1.4465841926677014	-5.6184142756657165	-1.943153579679052	-1.486914912966568	1.4415981920310532	4.853717687624921	-0.42237672914664454	-0.2615174514093632	-1.572363470876906	-0.16494458190562733	0.5523658775709333	-0.9961353001308734	0.6010784945983003	-0.1972029971196821	0.4518022047352079	-1.3349388031106222	-1.4888346926106295	-2.6727645908313966	0.5405616909185349	-0.6562000650650451	-2.0850595906935983	-0.12074580013057905	-0.11647745036172902	-1.1395870221450255	1.6008286444447017	-0.2659289290302939	-0.6006302868916543	-1.534084088694399	1.5675098826552332	1.4713606872522338	-0.4355110029328013	-0.21919075608327288	-0.12101759221165695	0.9533595266395555	-1.5424505729875657	1.2780376173696038	-1.886094561114993	-1.5265843630870222	1.9440605695912758	-1.3650305263369678	1.0103375321604262	0.9111328961891182	0.06303786483703434	2.470925957904282	-1.7233768529613025	-1.2624264657211441	1.597574051693591	1.4374971839200426	0.20315276178388114	-1.2491245177620849	-1.7443212463633015	-1.352534481766923	1.0153707186252476	-2.5742684036490697	-1.3129587386280623	0.656559516754397	-0.31899587515475236	0.39180507611225396	0.45005516483090907	-0.4422418394228493	0.2534839124653825	-0.46716431367472633	0.002084247900316726	-0.35292906791406287	-0.4770179910446011	0.4665098836156552	0.8953775442014398	0.31449808666238854	-0.5844273196398975	0.08425457338934597	-0.8478254716850656	-0.5642022748511837	0.418988583176477	1.0010548998104165	-0.0940460232518388	-0.21113827735447477	0.022978902048935764	-0.4507917197979167	0.12445642449960635	-0.1252718603803302	0.0343956806569666	-0.3669255379378642	0.28380303715566113	0.5790897528086761	0.23752260992701982	0.48877544573417675	0.10917020422696684	0.06347963066144727	-0.2488328260641156	0.29391868163723983	0.915370021723537	0.45551990392436637
DTXSID9048192	-5.931005126870754	1.9638850193558604	0.4138500816628665	-2.033880372368997	0.4444850920102161	0.09325463723745489	0.052403611961002634	-1.2668311468544742	-0.3494002375594597	0.4654101029600454	-1.0509978610213657	0.25005373726685975	0.5865036990140765	0.09370499047512175	-0.03855398444214642	-0.7771474023106039	-0.17994127466672458	0.7871645147476894	0.7551901846902787	-0.05742953054919875	-0.027249920435403783	0.5478847367200964	-0.23780401344154237	0.259703761073803	-0.4157205697972532	0.3099369789065622	-0.024874835028911635	-0.18475309690822905	-0.09514728476210493	0.016674535088926228	0.3695344464810682	-0.36215925121037534	0.2328049234050662	-0.28197206903085725	-0.22826318226678782	0.1909235719393848	-0.6449950849374861	0.29932378087422756	-0.12224711251357277	0.38817915995493996	0.15069421322174145	-0.30564956759977435	-0.6152184521050406	0.657825762727974	0.3535897461418779	0.06599195301983024	0.06377655975294945	-0.5410369656717274	0.3389473431445158	-0.27705593917027294	-0.028826154783054465	0.19095602310559917	-0.04033726534730472	0.698512710400991	0.35438289348893093	0.08028525552969526	-0.14468151256472062	0.043897946058411186	-0.24067284068738737	0.007820284842099408	0.15052874809653055	0.5330691751036575	0.1984937275406409	-0.006358922843294584	0.036385992856028976	-0.21970273399072413	0.24015355566975324	-0.25217474856453004	-0.07059599814853373	-0.22318836747058624	0.072895676189559	-0.010137639713022041	0.07166620631991952	0.30903898503364374	0.05021754429218056	0.32115815663052	0.19815816895079308	-0.09680539043161027	-0.24106310755025923	0.1255795176315797	0.5088882354109598	-0.2204564482060475	0.14854482336042812	-0.15030729882937588	0.17457610848513258	0.1554579646871294	0.06866575857318138	0.03565390246113378	-0.009658488245922877	-0.07887733754914687	-0.18372168945549933	0.04644202376375668	-0.44080465848319167	0.29772251809755335	-0.22171353506397543	0.2366788921447766	0.03925331698690069	0.20276852667598916	0.007175038086751436	-0.007972274707850774
DTXSID7040285	-5.684304364559061	1.4254753969420058	0.46661814496154963	3.5768279404132093	-1.3368565266954269	-0.8593775161411399	0.5733705661646684	-2.099925992732794	-0.0871117512230168	-0.01741211184010611	1.148585867266002	-0.052571512084450996	1.8828549200952112	0.12251738742224838	-0.6020415990288074	0.5727405869597118	0.24206077490988792	0.9937396824029314	-0.4311028440152451	-0.859042145367601	-0.2766061439012733	-0.23970409014133795	-0.09192259289166387	-0.23553511289775655	0.016345764234794297	0.4630886085532459	0.5407314521359652	0.4287333108630625	-0.07653381296308623	0.1481281932322662	-0.011234535393273888	0.4477553927654689	-0.4018157295921264	-0.08884418478804176	-0.3852341972396967	-0.03754339735513342	0.411820615699527	0.32899277590246684	-0.4227270603766028	1.1924212985072145	0.3468990375929721	0.9299769896649377	-0.058335567215310614	0.034736976279073725	-0.026810010005369932	-0.24891897699318602	0.6206040212891962	0.49203972964739856	-1.1994702106702229	-1.098781104175662	-0.9085393965710181	0.69430379503097	0.8965763486434665	-0.18042809818566305	-0.19770237134438942	0.40699370279114766	0.6654936204903668	-0.41471047611213785	0.024512796395067843	0.7640439038127432	-0.38118938823271575	1.6244766957053822	1.5397766557279	-0.2594326429156593	-0.2807183559225438	-0.9804684762169577	-0.6640397509838666	0.6094673272863935	0.03965828542999428	-0.10613900052691573	0.07840132353780838	-0.027604662478543873	-0.20473504249937466	0.04940970333019924	0.7109151130615893	0.1805111246674473	-0.08851275631403148	-0.28169875635841535	0.6471167235926886	0.19646237309416306	0.19705609285204198	0.025600011448342255	0.09517495833122448	-0.30011206582569794	-0.12586205575742337	-0.39812437178970905	0.09072612337275324	-0.3063633232470058	1.004523420207392	-0.12141678300077885	0.17783741879081982	0.08614732392426613	0.283953111727648	-0.23093713845122935	0.0010787478603282875	0.05741788000317637	0.1954738465670144	-0.058525487104385716	0.12819451840413112	0.013256933493632033
DTXSID0026339	9.287747237688304	5.279783077034322	4.050124599358618	-4.028013462957118	5.860530478402126	0.47949330919533706	1.0454055877096597	-0.22112008880305176	0.4548103749113112	-0.433763339376787	-0.15221167677659087	0.650119538294141	-5.4089604604427715	-1.0441770334483835	1.8505475319986384	-0.04333815806558454	-0.8632532429465292	0.6307843300006818	0.0825413271560151	-0.29614422153400627	-0.15912399529448362	-0.6846593376818813	-1.7092275756753033	0.4818223349090769	-0.9161878226071881	0.44332646868079484	0.4605422783425951	-0.8966552183244201	0.09277496215352922	-0.008486031370274165	-0.9176213070613013	-0.46891808124765594	0.9218547186147814	-1.3658987790493435	1.1981461420664292	-0.1619228312369924	-0.7921973117284679	-1.3033159746274643	-0.0711712268840108	0.14692947804363832	0.02446213948907077	-0.47833687904530375	0.5359437305590833	0.8863186957577595	0.21382368537250987	-0.29918314889323033	0.3905348921412402	0.1775804065531451	0.6351862615438131	-0.4874874837353997	0.2766319992326714	0.19015910241486209	-0.24206232151434529	-0.6324108478932334	0.5654845010897813	-0.4489397705846714	0.20470993402081478	-2.168876203908265	-0.5830773773989989	0.11401790810405041	-0.17325295551180012	0.526282916665194	-1.2965746996820635	-1.0450334792198286	0.6033114006688759	-0.8443502051787254	-0.6320522580422246	0.005104006274545404	0.3480301732154558	-0.6602647064688373	0.7693979926281205	-0.6362412661140575	0.6713616796810029	0.7334823679728638	0.9905524505013854	-0.16551655778896612	0.8005883626261765	-0.06335706955003229	0.08280960146110694	-1.1025713043191658	0.1470551795790936	0.09465866530254792	-0.5837940611761591	-0.9860167536602217	-0.25359346214856376	-0.7045839160207438	0.9331254999910311	-0.5066855114659747	0.3164993216471183	0.24888130992162028	0.12109492450501132	-0.03449559494633755	0.7927794242074598	-0.8019815043389605	-1.4332509696108588	-0.5287398428879022	2.004186201732057	0.28137002041743986	-0.5051588745373607	-1.7547004690092964
DTXSID8049339	-1.114923698733366	4.6265102490421475	-1.8191237511363274	-4.728533296739373	9.242878823511562	0.6532592835059162	-0.12465085971007067	-2.6573073250083348	-1.0686021798337548	-0.1803995618557684	-4.482113784563272	2.2306702122056	-2.5323288518505445	-1.4910374776380646	0.07535837964469595	2.5321902724804985	2.2448632663664396	1.5878097938312863	0.18380639009357178	0.20010601417455642	1.3318587972464448	-0.24540744917378168	-0.907821860094367	-0.9040346051068376	1.4346000644509052	-0.3074312408389421	-2.139889235430833	1.326946095943435	-0.7717155861267169	0.36598811606516174	0.08448638903924217	-1.531968834988849	0.8206940712757539	-0.9337535625944765	0.362015021127262	1.288487692358136	-0.5007244119784459	-0.531025201139446	-0.1642365781783517	0.9291159508926979	-0.005243654023487419	0.20397131823472195	-0.844800415788763	1.1081919488396412	-1.0675185737045347	-1.2046833065563194	1.1140235295081704	-0.2118366618353512	-0.0462324331508974	-1.0021012768201862	0.37368897728213324	0.34709402910361303	0.06969964371160099	1.0196523050463606	0.4546758824340436	0.4199236952631697	-0.615037269421099	0.030642467069964822	-0.3825095499094633	0.2851652979707689	0.08845327551234115	0.4246273033742712	0.07616800514880985	-0.22534856108324014	0.8530335778623674	-1.258804362553039	-1.0228804390128758	0.7263013461155676	-0.6236188630388724	-1.1428492516558812	0.41676554684852224	0.25225370776234357	-0.21345807700276356	-0.23977881104166582	-0.8614207608942992	-0.13987978061340442	-0.2733434131364929	0.417038619041348	-0.24832417925280442	-0.13985410642361956	-0.2325574473796958	0.3125703717446075	-0.5087884128143306	-0.005048626689256448	0.41024359443935254	-0.11106245310274478	-0.038037936906897864	-0.236206678464447	0.4846953944562288	0.18740248516717853	-0.2795805665642243	-0.47851677509188334	-0.8950736720519679	-0.40552150865930864	0.3391560810384736	-0.10434516350399868	-0.34146854086105616	0.044431443173113566	0.14386185253879746	-0.2854413180294593
DTXSID5037739	-4.443067309454763	-1.988328075927877	3.9236728328771444	1.333132537518922	-0.22333626352310235	1.2053595196343556	-0.13540401963969048	0.6749916511556546	-0.8708729852122724	-0.16872262147134906	0.6321524346198999	0.18839177376675798	0.3629778723303123	-1.1905589208179232	0.05785726999188151	0.4012912764512503	-0.07949369584979145	0.729833042622786	0.006143447284366874	-0.4708353762039553	0.1954587512709093	-0.45629528029697614	-0.6947244793613646	0.2355721508007308	-0.46474055552420074	0.6735745317292637	-0.6891339853166465	0.8823362303331249	-0.5688215023004586	0.33466193066836025	-0.8212546709866828	0.2670761847776676	-1.4880937881530725	0.1734601779615346	-0.318833265169138	-0.18779281055398897	0.2211976194763962	1.1407492049679822	0.011894492675469175	0.030877327581890386	0.35050432810822457	0.7861791184633733	-0.3406788168816132	-0.9486829815789981	0.3821893848394172	0.12340105322500855	-0.029111450396772553	0.4097653355172355	0.07805832299678854	0.8803868947482655	-0.18922303639296748	-0.5440115085432227	-0.2598263924311342	0.4552869634292146	0.2574611255815933	0.288966810785824	-0.19335361504336462	-0.02058711985513069	0.25581036277183483	0.24133027475528335	-0.1144079651847506	-0.4822607711611837	1.1759959328169185	0.028304176135001427	1.1954777834498864	-0.5004042006001235	0.24464252645327914	-0.45196094166460604	0.47331337787828115	0.46363247134124475	1.0256708013882685	0.8590990882030052	0.6813822046552442	0.40394869016188434	0.3797152576698548	0.07230820410654372	0.9331383903072432	0.14346854599385486	0.298185485289234	0.4643989612431371	0.3159581365331142	0.7986136343294674	-0.052095600200774805	0.00541712291133354	-0.14674449948737253	0.15150999177612223	-0.5660087639364271	0.32717854475857455	0.5716718140453371	0.22975484573309435	0.04407061148985663	0.05525677131805801	0.13301948862576995	-0.10286782227878508	0.026072221940621015	0.28437398832659894	0.09260073629501839	-0.5100218425069811	-0.02460418188275848	0.2605897694989173
DTXSID7047772	2.2742100203956332	-0.21759258405772267	2.4052526882752807	-4.573120744175455	1.4573390217270312	2.8168004270320846	3.049411032132759	0.3290432172755766	-2.249882488411508	1.2626338883266792	-1.5980403665453151	-1.7902635420545807	1.1057243689942633	-0.07713455811254201	0.10448556265729116	2.528614879591202	-1.3643112177626342	-3.6355121704805664	-0.6054000192799798	0.2881918776194087	-3.702026580399458	0.9550787168110055	0.7365360196274311	1.8909634909171025	-0.11744833060300923	0.9063216702235491	-0.5929516045650314	0.7790597736069167	-2.3797931015898377	-1.195510492643624	1.2179489728079542	3.1129519440475564	0.0711442295377916	0.4386383629969523	-1.6392949907160952	0.10556330103159446	0.9687672732375973	-0.46499927414494197	0.2805435529884028	-0.3460649026351782	-0.2320041530726705	-0.15350894119450537	-0.16902523716264775	0.7904028763008624	1.8916380204731782	0.8506620818953378	1.5603961988982582	-0.8739996971486327	-0.31233274516034326	-0.5624236068873747	-1.3624687302388059	0.527634939906338	0.35747484775721133	-0.4651444813535582	0.28365666788737454	0.2997252805125732	-0.7357409644649815	0.18494929689243342	-0.6027746300666177	0.6708196041533876	-0.3821899690900198	1.520780369057916	0.5111142479260335	1.0488903778618686	0.40017931922755723	-0.2161752490094421	-0.4592952035813515	-1.4890485570349412	0.2540142844276556	-0.2858945218297096	0.5191401740694593	0.12222279896682861	0.49770436922812006	2.081384378451458	-0.13339595824818354	1.4106678293067445	-0.8234148761361231	-0.5497127733856275	0.7000557420752642	-0.30600370604622656	-0.9521559118959545	-0.9158599941836757	1.4091849216278403	-0.06066327949173904	-0.8657356435375337	0.48042622329303525	-0.5051533442600219	1.396218673344026	-0.6596012570310332	0.40519818590173495	-0.9244914247026974	-1.1134372175843237	0.38679133706745755	0.37780895372875023	0.19753957456703805	-0.13609799861842709	-0.8375611922570183	-0.09152090555275835	0.14354607116519902	0.11995385100621866
DTXSID5024055	-7.228117834849897	1.4575069987790634	-4.250189312255313	1.8809753140994931	0.5043397062847966	-0.6312663206878775	-0.21060642834288826	-0.6629987733669395	0.8125531454955848	-0.2454756153582163	-0.3072760769175984	1.4076235479566823	0.4000541732238931	-0.7990157548443971	-0.7479172922677625	-0.9209221483959342	-1.37593860704509	-1.6497329325706822	-0.23133263519031985	0.6760765457768341	-0.683254071640273	-0.17613450155069915	0.7889115412849529	-1.1594308734430268	0.05956345981598037	-0.25667214031408736	0.19375271862632273	-0.006286859596864666	-0.2714767905618405	-1.2110244403815134	0.36684199959159275	1.0634996263201006	-0.34660914090847794	0.9347294949450583	0.3304876626045855	-0.47279029987511845	0.6389277319914564	1.1524172173338159	-0.45649273701243265	0.2578150807225504	-0.15201929266308759	0.29594427701455056	0.1950774625560659	-1.074270873399843	0.4513208320664889	0.0418591586387603	-1.1727760823009707	0.654348217307612	0.15597304535867154	-0.301886545247181	-0.5996098616838019	-0.664526501323122	0.36110768197660076	-1.1067005519076756	-0.24810213225567973	-0.024004587436313896	0.2012936451876941	0.5388281261130302	-0.5356680282278162	-0.06131522965104527	-0.12507654175805213	-0.4292990104927911	-0.09327239512404095	-0.05204494890593073	0.5375469740879926	-0.18957048774841032	0.7979186846269852	0.5115577925537984	0.5178385025579264	0.5705988571227473	-0.4023952542380565	-0.14435015728405884	-0.4955406139250015	0.37838203610077326	-0.32431619609914014	1.0628596274645374	0.08474169243856294	-0.5216888165490775	-0.49398428726315596	0.8601746701175257	0.38664193283110365	-0.5830889849194695	0.13533315898362167	-0.22892132934642517	0.9269417888392797	0.5413105534212732	-0.6024825894479711	-0.114258584939927	-0.23543396002882458	0.15750515459671086	-0.21543947922146334	-0.15111162705974077	-0.44571258339777553	-0.4269750461197164	0.1375382365724694	0.05212025207449061	-1.1886721591095102	0.5304761513129366	-0.7877234721082877	0.2767502733286428
DTXSID7027598	-3.7659811389911138	2.20138285181271	-2.512917544048649	-0.3736816139239004	3.655055587834848	0.029957561455660545	-0.21710479256040455	-0.1822026858495183	0.10685899751066154	-0.10265088837051962	0.3228191362667782	1.2754774313481705	-0.7837740728293928	-0.7544754946948403	-1.0541489352432736	-0.1963512655287493	-1.3765195735890838	0.5111363051509482	-0.8335894191343522	0.19111354553567292	-1.3046362153575903	-0.8790560573759121	-1.0625296314414054	-0.021718842038778902	-0.7103207368175427	0.019780172019964775	0.5922764516046283	-0.04546766890178166	0.057790322809480384	-0.8075417622000232	0.6611576227275484	0.20987182959004227	-1.1650419642565124	0.9849667658525308	0.6423488869878582	0.7201078070580246	-0.05050135229989661	0.7112663122920957	-0.7867488826897694	-0.1534315438540933	0.5962659950252278	0.8000126343645771	-0.449623047952535	-0.7794379132265452	0.7559567755953651	0.26633494201509106	-0.45738338036671883	0.3345582139954628	-0.41415861387344066	0.35630450968758126	0.4746939586708666	0.11401298690520872	-0.5711518911672728	-0.9008472323898489	0.09481076147537286	-1.0460141637802358	-0.6667830010821018	-1.0835874290221263	-1.8024318519923297	-0.5826482957710994	-0.3657633294345931	-0.3783467396258119	-0.5463910295185973	-0.1646789477687924	0.4122419359958374	0.6130576053768092	0.9289728627927127	0.27144469598481535	-0.1469396619764555	0.8109755132163149	-1.5798676700831074	0.25515276559665845	1.0835865550463772	0.22598644425361816	-0.31782401366842644	0.1918546976937314	0.8248342345216557	-0.2646772633697849	-0.2754275819785383	0.17670285417644702	0.5697226567825027	1.4473339405792727	-0.10722562932230277	-0.18572764014076662	0.3011480290996153	0.052133461191996036	-0.3919448163290881	0.12614385136242148	-0.3497154376077553	-0.936929722998862	-1.448195656612054	0.654743827348595	0.16172119282025457	0.34538710298627656	-0.43359838380371263	0.37857114442652834	0.054597415254448965	-0.3073923757699389	-0.19193325683813747	-0.22086411059140335
DTXSID2041200	0.8184300684725223	-2.5809127816018	3.81695524256409	2.2704612645295588	0.5377281866094122	-1.9284991448344142	2.1964235942969794	-0.9796052947938302	0.18408337126242005	-0.6422468453089155	2.7124804817503403	-1.1178859861591464	-0.3124116696951537	-0.6701719886941349	0.21116633267112145	3.2235579533790806	-1.4303005658677475	0.3782596745585203	-2.1337516509303285	0.21340128145729467	4.375000331250689	-1.313119064799346	0.5845191824629439	4.345899978613119	0.17079752065924264	0.9624232939104315	-0.7402863881577876	-0.5776731808907482	-1.0981200454530107	0.9904904726448064	-0.5340144898610415	-0.03669334240329413	-1.4743302415864359	-0.1322634273934122	0.5610356236734747	0.6197425624347368	0.2820508322982348	0.9091965779188985	-1.2696609880604781	0.5892893073225884	0.36594963869047087	1.523378901453151	-0.14620345074641905	-0.26245015984876985	-0.32574217363616464	0.6193931663244132	0.7111005245333083	1.4200911091162374	-1.824405098599126	0.5993029395286199	-0.6520343913742124	-0.047220925874604996	1.8047325320903498	-1.1460808366164141	0.388389518465412	1.9523296126415988	-1.8364033905368573	0.2657962889244045	1.7808978684549888	-0.36014688755195595	-1.5980411389766787	-1.530606160761406	1.4549471084352605	-0.5664118760141672	1.6041411326533608	-0.7323346475308978	0.2931493914217618	0.9821867068359935	-0.6508214542139886	-0.031307657083949204	-1.9609462126434858	0.36511124349231927	-2.1728494368417213	2.748780090243682	-0.01430742473774007	-1.8395023793902714	0.22092020467443996	-0.9972365735258347	0.7033882583181956	-1.7337621076398935	1.2184658516298525	-0.8672065310197447	-1.175058688590846	1.4627210351240096	1.4866406295269161	0.39306913466335475	0.12088418984109807	1.060194563471221	-0.7141833792787908	0.0772238962892819	-0.4201819954609208	0.4297923965517667	-0.08868532926050955	0.205083764322073	0.5855738765827375	0.8119335720172893	0.2511699022344118	0.21127849823033243	-0.1492514588409447	0.30565856736402525
DTXSID4046153	-1.1603926643170501	-2.5091368508505805	-2.893923989547745	2.205407310260151	-2.2212976336218357	0.34477800200308334	-3.0158990633903278	2.0217285231191986	-0.8696868981250025	-4.43799118290631	-1.408187895299428	-0.009262314499836853	-6.208265952459447	-6.006778184584589	-6.0507730076012365	-6.690681434266252	-4.867407497837106	6.022700182318812	0.47193553044410724	-0.6465463063114735	4.130471854224186	12.148828992505441	6.820559843697182	-1.7008662861816362	4.614419989180527	-3.586366640369103	1.8764977320534688	-4.166470234861466	-5.170907823215695	-1.5889790304269913	4.285925595224777	7.416764225500565	-3.900195819877596	0.8698774395331511	0.5924412129360184	1.2724149627486945	2.3815857348725875	-1.2872692885648063	4.517833059603966	1.8371726889753233	-1.0082532205681003	2.3144462578607383	0.004474997380769446	-1.511206722342048	-0.8072834827591151	-3.7863004628209938	-1.6790358815247441	0.9628053065909302	-2.443583027686951	-0.5816980037024125	1.622210689959669	-0.4754398444403329	-2.187593235280004	3.22770119060632	0.554389695226378	-1.4110826541023014	2.3571790024313617	1.061099991133103	-6.093697451844164	-2.446344505569748	6.381587681132414	4.6906514430876145	1.1136568701086078	1.819439193713208	2.8041531827038875	2.2794827984257062	-0.7413888536581862	-4.22804474665611	6.0142597332938985	-0.8994197368377517	-3.0803432405203632	-6.169964112954489	-10.39068746421473	10.319010921147859	-5.338428370713393	-5.136744005372125	3.398757782232033	5.329867034846997	2.1423230330817375	-0.37505376593447515	-0.8922974711600704	0.46378102842776286	-0.3607722252552986	5.927377466186894	-7.637114977447074	-7.601938572155053	-2.174274113933721	-5.144047324997709	1.0343895283525915	-4.385173106411046	1.163495298340173	-2.5343070490748003	-0.06832292995776072	-2.195455748662873	1.2979389640642438	0.05824904042114925	-0.9896650418812571	-2.5914997249819236	-1.4723317624562713	-0.43483852799294065
DTXSID9046029	2.527685071895778	-0.7036019571335723	-2.1467645395063366	-0.2023877759491481	-4.757835806937497	1.9024281171860267	-1.4907773342079749	-1.8446484790788833	-1.0083196161220493	-0.3741733567353275	-0.4712816178844503	1.2068223908718998	-1.9888435452075675	-1.272842618130807	2.207962692539561	-0.5851589007587665	-0.15664652511457444	-1.6751312515025845	2.0002841896025236	2.7342770257068074	-0.5025807355475959	0.13736623072866838	-0.6942640204071446	-1.5740433908190863	0.9131533566942677	0.7848367848590896	0.21117492513629485	-0.01670036309053847	-0.4312083792319916	0.12850420718949346	-1.0241280417217868	-3.0353721840689647	-1.4813545481691428	-0.746639851471478	1.4725885521098745	-2.1913910679760464	1.0852416284821165	0.31894800997890366	4.539453976172046	2.383781639891495	-3.9041868318489943	2.104514529262017	-1.8728978973378196	1.3033286769506565	1.795587801922339	4.818660867221031	0.923064768792717	-1.8436926003148653	-0.4484297712067844	1.2034819972806658	-1.2325842707387709	-2.64924698083234	-0.3308647728260597	-0.19947254525056873	0.5318065988881209	-1.576866795155308	1.1309750523837905	-1.0756660678709826	0.07536151425884915	-0.36104031696016264	-1.1127323170531789	0.27218396033184133	1.0844701026222228	-0.6077146439403407	1.2091277244136214	0.3630436099530219	0.5561777463503131	0.7375523180254266	0.1424917204701791	0.5443268448359999	-1.1030255518965348	-1.71160711314734	0.18383176521505354	-0.6598020397678768	0.06694450574127848	1.9006896360576877	0.08155514652421114	-0.3320235709028212	-0.6654865911089973	-0.9472532819031605	-0.7881480145764408	0.37856052573254406	-0.10476035083251765	0.7534965173046007	0.4240213415292204	-0.07857562821970235	-0.17231999016729457	-0.5122973820851311	0.661023422376671	1.3803080767063158	0.15552646846953116	-0.8821261002682792	0.08324867820674729	0.05718160346585748	1.0404266808482276	0.787764581189454	-0.05165398361311385	-0.30209826557390546	-1.0752516272204704	0.21255801441556207
DTXSID5045122	-1.0012339039781752	-0.01660979874445863	-0.8469841776371874	-0.2477444191411085	-0.04725569968240713	0.47356163248573246	-0.6146553743758504	-0.37000963141713045	0.9631756173856922	0.005793922467427576	1.7452991067986174	0.5416367087200495	0.28488186015640254	2.101981166077002	-0.4633828902355978	-0.2548844968693734	-0.3847198125810705	1.6619526190632266	0.10258086447196182	0.03750918386407354	-1.2946094687794896	1.0386353616234658	-1.1706857306555287	0.8418829188351412	-0.2795175286111686	-0.7984334975215222	-0.06894644601170136	-0.6903854388624093	-0.42608482060100816	0.11333939607840311	-0.5313967007771309	-0.40983742738087464	0.038728478867059206	-0.21764601553632604	0.2160468531044058	0.023521954152457124	0.38831488030497596	0.4737029382900818	0.26847928193305537	0.26957301516593674	0.12774187056076336	-0.6756488435231696	-0.5357010285767775	-0.17430902992496022	-0.057828000093538834	-0.5690086303122442	-0.2050821227357549	-0.34785662352151275	0.019971447885413985	0.46806743148080077	-0.148928522249809	0.18680610686266666	0.41370159149525276	0.3267063645114715	0.07867419141575482	0.04480080978101615	-0.7051447884459431	-0.2669410430930171	-1.1720790823155571	-0.7839766140617622	-0.3606527985234716	-0.13289277431477886	0.06113207014425064	0.04837338358730838	-0.3058184283572114	0.4657088369118589	0.4418993590425004	-0.35624907402848915	-0.11067906589334783	0.1979347098590916	-0.6830024975637647	-0.11105789916345726	0.2859786201063612	0.3184007011074988	-0.638401766202539	-0.1552916559312538	-0.668079981445078	0.3613725127830054	-0.0533935750101747	0.29647383483008044	0.6395875562577086	-0.5020430925981388	-0.19940387202389379	-0.2495390086327807	-0.13780932138637703	0.43831516192446335	-0.4972130284312995	0.5070098018655929	-0.7752122043858074	-0.5937310307220002	-0.2642922443603019	-0.07373482093546246	-0.33687299191872955	0.6154273204994163	-1.0754579647530345	-0.32998465796313203	0.47347777795216844	0.622128735411983	-0.808700915782018	-0.04575405858573436
DTXSID2024585	-4.066709284044399	-0.656419789455125	3.4389880701433624	-2.5005851968689163	-1.5402261603925829	-0.6699670949097342	1.777282710213305	0.3887640625385919	-0.37861864803399586	0.08578928729758252	-2.889645789953102	-0.701298781365344	3.7773621951573975	-0.944520677073828	-0.3286422580192672	-0.786373272914112	0.01953351709971925	-0.2279373278438995	-0.11852415046016092	1.092688321782597	0.7064197738289767	-0.009990675415402394	-0.7643395122280773	-2.4135241518672492	3.002401311205798	1.163821184832746	1.9194737874561218	0.09294140303207762	-0.4621824749093206	-0.5762285498639981	-0.4745252338388256	0.08866226783997369	0.4654597443046324	-1.2317671349244153	-0.5526884723025758	0.33486804246786883	0.5431828536129985	0.7293546318509745	-0.4463910345911359	0.16662492069299506	0.7684354428031367	-0.6045160932034037	-2.2021905404743696	1.8285820970088926	-0.5746249314696263	0.8726779709147079	-1.6012359628235744	2.4270786770116684	1.7092993298909682	1.0102429285794432	0.8402952005164339	-0.014945577644193495	-1.3223511298961783	-2.3935060307175537	-1.4712866668138105	1.474779097676425	0.7607053165708361	0.4789017627932384	-0.6618774759996352	0.716338500950124	-0.8230716914312447	0.4249114044575929	0.010658452905843187	1.0387723526339174	0.06024842744499225	-0.2649903121198948	-0.37913384403654465	-0.046683897386124454	0.32631706793635185	0.644875318467858	0.20008017658440433	0.6691871945740598	-0.18416152027103327	0.04017355206009174	-0.12175173781890285	-0.5847895008690273	-0.7186794797117416	0.07623218771573606	0.5259793577332509	-0.42673011861209725	-0.3629670126257461	-0.10646732001832271	-0.09148153170303955	0.17782445554661785	-0.07677294793034246	0.6485370662138322	-0.22867238354545447	0.3560513212429425	-0.09675572883844107	-0.9884838064070205	-0.09168846851555565	-0.06387399592626015	0.2319737549586475	-0.05988371681942624	-0.21064783089263645	-0.3627591210325667	-0.2631072829828572	-0.463201399709393	-0.06202689878104255	-0.026356293002479318
DTXSID1025304	-3.1638134163451586	3.77781890548271	-2.2368374965099243	-0.5952840470170666	3.4634076710156534	1.0288679561300231	0.5607634340052285	0.9749758454884446	0.9833798747383188	-0.7393548688153555	0.10814619361614551	1.4247695001035403	-1.079187890874597	0.8610705286460866	0.5877266683131344	0.2984177085050475	-0.25965633481816286	0.07508589391432724	0.8937422608072929	-0.29240571634375445	-0.4089819139516057	0.7176603232239749	-0.957005852403664	0.630889402085818	0.28025779377994836	-0.42213508987254894	-0.1119209587799163	-0.5013412638955528	-1.1255633272889023	0.7741896101526056	-0.029136641300458933	-0.004105103679805664	0.3625353529153685	-0.12954934535524154	0.21479000480959098	0.14860061013332349	0.12258681109526023	0.291493010741076	0.42694920686992854	0.4156753940082306	-0.18906241961099657	-0.9350079461821663	-0.4898472627060467	0.5104460097303872	0.2612242227813572	-0.7878024777804553	-0.5873965392150572	0.5168607334037748	0.11508057209487728	-0.3752038573039817	0.38764219001436134	-0.19093968808453654	0.5074579840788863	-0.07593454404346393	-0.3773024138436215	0.08781837249871961	-0.015036078876363846	-0.8694097471485195	0.4897001763892791	-0.6542923141609469	-0.2966650144973376	0.1608387275943431	-0.26215876360534274	-0.11726597763401173	0.5912939816817776	-0.42210279855978433	0.737864429683264	0.49270752197716955	0.07329175177620371	-0.19663975545585194	-0.005321641612228975	-1.2654469013678313	0.18583245190954284	0.582516672720547	0.8163287867942431	0.31978892946332355	-0.07477746769947047	-0.44637835042880575	0.6215776296364697	0.07753410010783127	0.17237992713091643	-0.39629565855428817	-0.32097288097623045	-0.681405281516197	-0.23047824577351517	-0.5516776416057401	0.27397679665372565	0.6344328329942452	-0.37791519029481896	-0.01239637366902653	-0.14284507073673303	0.26665921153619926	-0.2344269805930305	-0.13214103832866855	-1.3357537043142664	-0.14624672799116326	-0.31081417306984765	-0.20209543902679694	-0.6383814054162085	0.2656090231155399
DTXSID5034981	5.371868758100852	1.8084548554745261	-1.9650775577566248	-4.181015854635125	5.7862912389991505	-0.1611266175240901	-3.1280829605200653	-2.474555077739115	0.3309841493457474	0.8960876954848271	-0.6523522672837737	-0.7590717804881563	0.473273436287729	-2.2763636878196696	-1.039181847933936	-3.838238915903228	-1.244204622665729	-1.866007539350741	1.0393249626002976	0.36551072344307817	-0.4001570681579811	0.0721511145996851	-0.41688489370456105	1.3615923065672588	0.04276141209144425	-2.56240696383479	-1.6084136450523676	3.7510074699646347	0.6930381321515806	-3.2024045499030915	-5.44348581867087	-0.7715726742119098	-2.3590536293759192	-3.2261942161906463	4.937298478721711	0.8703022623573872	-2.123845321503625	-1.1624912435088495	-1.1648186408694179	-1.1635502903024442	0.6078946546826559	-0.17019266320027648	-0.09772283503257899	0.17472095390881492	-2.595016074504407	-0.40976522744738303	3.362078560406153	1.0359113686774035	-0.5082458701890401	1.527062476301172	-1.8521468889636594	1.8998848488449003	0.9926349248138931	-0.7297679256610403	-1.009016383089705	-0.1130641491089588	1.3257768325006263	-0.45691959843718744	-1.1270167172111878	-1.8553230735258284	0.2166255346586382	1.1403230915154905	0.7404997730862315	-0.6883082810222941	-0.7906233345581127	3.1053502305200658	-2.846522758470997	-4.516415617195734	-3.063135483716722	1.7083924511303168	1.497231276440529	0.5968716250839625	-0.48006134385066696	-0.7341573324962546	-0.5486456574917765	0.08603097838493662	1.1465892137882145	-0.8660186783194225	0.974923623026086	-2.14088774251444	1.7246163849247904	-1.0518414235179014	-4.269458699954434	0.20343421051227778	-1.5022099497791987	1.6664342971677537	0.3362398639451008	-1.6980528087002276	2.1821670107708635	0.7981165541161722	-0.23860726673760074	1.971955804444739	-0.9622685847299437	1.5027914776647244	0.041424050015316564	-0.4700049787672523	-2.5652660730440413	-1.0815691331358144	-0.7293348195348762	-0.38825215459823587
DTXSID8022161	-3.879008629345221	-1.2991435895155605	0.15701012122981534	-0.01757506535316715	-1.9812327831732417	-3.5339437703388437	-1.3736853205204365	-0.39277745052470353	-1.4095584070323859	1.4072800074230767	0.31369169201149383	0.6467702358020437	-1.3644828962417483	1.3951385159609697	2.9170549351448454	0.7542557652629241	-2.067850298869586	-0.18817428851145707	-1.9420619472782266	-2.3248900632689735	0.33097406159242426	0.6424410827618082	0.9216228965445019	-0.8751391444779935	-1.0284492519413102	-1.3708744555968997	-0.25020308573591177	0.785665786294722	0.7563056687952332	-0.2736538830973702	-0.0797303492356512	0.49969509070906687	-0.1972219603243281	-0.4497725927444967	0.3573110113676151	0.49367747116273036	-0.9057947232733139	0.33957711315565214	-1.0356049712976958	-0.4098786897347427	0.15951839261511006	-0.3990225541125767	0.5139429479914697	-0.7585372055666385	0.4231051104467754	0.1818908960163833	0.2825289390736976	-1.71885532649882	-0.6033690045104857	0.6265438425513952	1.4586890155519936	-1.8577771903701257	-0.28732357265749187	0.694082316065851	-0.5532759838349554	-0.21462275766404945	0.4202306424564587	-0.1808086145667379	0.2691519890426999	1.0217364785811893	-0.30681498527310297	0.38881169468763094	0.46879299224765675	0.619407265781444	1.2662847863495559	-0.3347837230263965	-1.5144928813382068	-1.377128849246426	0.9004061083160845	0.1297882553391963	-1.8989558381641185	1.928902226828439	-0.5544095197362481	-1.6003326882980575	-0.26412043531332924	-0.6223996914914623	-0.33161795601914534	-0.18073684951547744	0.10209341772521258	0.2534517988559153	-0.5163927717874709	0.16893359814948178	0.10938694565540565	-0.6502541294686778	0.24124137980352134	-0.6424831771040478	-0.08007105094688782	-0.06995112827171669	0.21731710927952871	-0.3421583715698251	-0.6685373833766254	-0.43838887005751787	-0.16553480695135064	-0.44211080827390187	-0.13783566492786284	-0.11900969749683506	-0.21648984690969575	-0.04713638196019274	-0.4342881483622026	-0.3783021228975503
DTXSID3034456	3.170586017625398	4.237761920106722	0.7460474656780088	-2.5809112621163175	-0.22795570699791978	1.0610899034181187	4.746119133403408	0.4171909637392588	-0.5486048813936499	2.6532514371827314	0.012167422866784917	1.2126029587974103	-0.8329273607536977	0.20584278324438868	0.4280918751750815	-0.22904013648614718	-2.9989241919735554	-1.0220898555673963	2.1897506332698176	2.1925884449889135	-2.33842907180643	1.3112485416692492	1.9446076454308778	-0.7201793989510531	-1.766309315347101	1.2511855432731458	1.027149869196824	-1.4326471596763815	0.2777306148223435	0.12095548549576589	1.3068986063794705	-1.3864258688257376	-0.9557220871726541	-0.975442425109998	-0.33175676782335745	0.06921377973792212	0.578681974145614	0.21614587846663627	-0.3609109249412932	0.5240198088377767	-0.686015342812096	0.0022421103787864374	-0.0533289320829561	1.4359245865712955	0.2275562461577492	-0.7097540442414748	-0.2913866404975334	-0.007399989319420279	0.7130690675383832	-1.035398055289362	-1.2056516216207225	-0.20093778771843515	-0.5887179396190076	-1.3073628865447264	0.01894579471427883	1.1429651707470074	-0.005660812189198284	-0.47695236142326186	0.5951916342650291	-1.2365758410436924	-1.085602543273437	1.3077140155147522	0.8995890715712936	-1.0988096156128977	-0.8409408561281213	0.4135312500727776	1.333722094599455	-2.9517201653312095	-0.29524764525784036	-2.9749865662056267	0.768571063921901	2.3708657001888027	0.4783577447959555	0.3692674927620142	-0.9263078813556624	0.019737089670441084	0.22611977603327332	-0.150102189359488	0.593565568213525	1.9810477200390288	-0.2769656144175931	1.0241841901376285	-0.18570017320068816	1.0135916170288064	0.5936070917531419	-1.5424116209701484	0.009896520454906917	0.4232846930900861	-0.2831113468909321	0.6214813532866191	0.12492847700824034	1.5998224515117763	-0.040917296968441194	0.5297859417433487	0.5961401404664036	-0.23317577217797839	0.4874191941725247	0.11184895611105897	-0.26870554160816756	-0.6326642004403731
DTXSID0025816	-7.5789252528952655	-0.40821199696274874	-2.5426334807906064	6.2916534490062075	2.9600691972252187	-0.6318099306894385	-0.8055944832650896	-1.7496500128968573	-1.814383544956355	-5.521126172737928	-3.657635930276704	-3.0302457903165823	1.9402268892318124	8.466027399321685	-1.6566181958314201	-2.014272224180557	-2.397150741182889	-1.2203012088561467	4.406452304568011	2.475852132519766	1.0771096760860712	-0.7335042187431893	1.9999065409333212	-2.3372250331082807	-1.5290693740204186	-0.0795446063591528	-0.6968394058257994	0.13440090162437668	0.2446655068656975	-2.365198823622779	1.550512603546869	0.3734719304328458	-2.0874489869508137	0.8152885838573368	-0.6255556353851559	1.4463554753549286	-0.7361441303302143	1.9205070988332047	-0.6142159593896976	-0.16701852932456934	0.6389971183340736	1.6540924628602376	-0.412753031899291	-1.9691962796558413	0.7587691289078768	-0.4280930503136101	-1.0147314397435636	-0.5409146624390544	-0.22004566216336707	-0.07245695854056926	-1.0071766191885336	0.4903121720418406	-1.0199529821953608	-1.007910667419814	-0.48305721609905256	0.5366961427209613	1.0446315864891957	0.10128637212695774	-2.2111955060407915	0.7092070456568985	0.38257587999597065	-1.884172467835217	0.23058675132940867	1.0289962437917652	0.13881366104246334	0.3720090603407566	-0.34984524466746225	-0.10960733445895557	0.7548937956077503	0.8493343228203142	-0.4647766175512521	-0.40205087144733853	0.41649153013242474	-0.5506147989181672	0.23367584481541248	0.128451440455389	0.7097871843959874	-0.11456205705396254	0.44337111365958526	-0.6488567817407765	-1.1091080033115626	1.7612328858647388	0.28796272544640794	-0.4753831830018029	-0.17105937909044472	-0.45743146657426453	0.1751767767156793	0.40678340903168464	0.17432981608376447	0.4711369650553197	-0.3394710563352537	-0.17510668735356008	1.1011161505073368	0.0877834806144906	0.3768352453953542	0.7652753995086585	0.5111318733258741	0.23615251625504127	0.9951965967742522	0.11324743482968855
DTXSID7044398	-0.750784074958263	-2.3437307689932143	3.448390318543713	-2.4536662468223622	0.5478276232924439	2.121828562058926	-0.8420204626925084	0.20782806579638533	0.5113132432493442	-0.18422496303184682	0.19568550278993108	-0.1603799234058049	2.535946799724239	-0.3718231933808135	0.6163257485311048	1.530653103989184	-1.402779336601571	1.4604543575240496	-0.7058634431901328	-0.08515012896414566	2.5090574053982926	-1.0912933872114399	-1.648752139827911	2.0711081802937	0.9399520229087442	1.528545695828526	-2.0254028190673576	-0.06178468149555581	-1.1162894312150695	1.852523655745295	0.2924658414921829	1.2349218830810327	-2.148306930253192	-1.1216228456432467	-0.7176416174001625	0.5155164109352031	0.5054704862401292	2.007888338557802	-1.0286255755809819	-0.12153902309027238	0.5872091135234123	1.7747650919578668	-0.7583337799812471	-0.7110678704051425	-0.6061440184360526	0.5141334773807161	1.4059008260068317	0.780009642389253	-1.4894445950326185	1.2973258934716176	0.16040089391877754	-1.4419601119110945	-0.8313199269919126	0.32580377793704046	1.523509326044632	-0.27682090875819393	-1.350308607891921	0.00817666634772629	1.4319837437672305	0.784750908735582	0.4756197913578587	-1.3014217024684775	2.152734228454954	-0.6570878612914987	1.4180047011947463	-0.8587055703570391	0.3869585820456621	-0.9719389794744214	-0.16421285979518446	0.5914713451671875	-0.1864436388545938	1.8485294041928713	-1.2449545623459386	1.6861665750859482	0.5157053426720132	0.030540198864357146	0.8440527944462753	-0.5653522733374746	0.03258770737347359	-0.18265684878121582	0.982759843960821	-0.20499167870771723	-0.8090789635936197	0.4380029959054926	1.3202262360257133	-0.24511774172044037	-0.15621565678650323	1.1130854339257628	0.20349502902044314	-0.8590531177470454	-0.2707669520711059	0.04414176794092829	-0.5158924285387436	-0.18299390457096834	0.2157972225120283	0.654421061480846	-0.004488840547144396	0.21939372636005988	0.1331065145024132	0.1927581561915238
DTXSID0029210	-3.7856070328171354	2.3927192114327145	-4.890257004342034	-2.8868281336265236	2.586005929289742	-1.1346973377040428	-1.5547662195156664	-0.6391380425543391	-1.6580084667526567	2.5334308864230897	-0.22104551703732797	-0.3707456777587365	1.098914853874672	0.8667288359868367	0.7505992230190337	-4.495021164502153	1.5121805038868066	-3.5895306799992626	0.7796232272301863	-1.5074015009016721	-0.0760728084683834	-0.40875615850836855	-0.39328693227170175	2.5313143593851257	-0.6448477230541226	-1.5803981842428272	-0.28460385853226977	1.4248338180709395	-0.4478758305771326	-3.2915472813256583	-4.642634505018204	0.03566966143719407	-2.9386707189461267	-2.2219054606983355	4.1140581652813975	0.6575569736809108	-1.6387460123165565	-1.6594328883345975	-1.1441899100849595	-0.24284606907043943	0.8128613484324433	1.6660477658071025	0.2796906077737816	0.6635920750467555	-0.9235386511721505	0.05078709691434817	1.4326151082208674	1.377333175288485	-0.998736857176362	1.6703763997149024	-0.3619111498153789	0.9966189121213213	2.4805677266419	0.08261650410330262	0.3074648209730221	-1.5710661787144664	0.5687026193267016	-0.1977322390384773	1.004408020613546	-1.6208065177789772	-0.383476232442029	-0.1309449272160875	-0.020519547647097687	1.3029897284015475	-0.6028440909261111	2.7597359339477143	-2.417056882060724	-4.352879971798015	-0.12187473173216277	-0.6049803618771532	1.39701145743441	-1.0066430425395954	0.08572693952930051	-2.2458623607528905	-0.48109209085834054	0.7132076348083968	-0.47239529309524214	1.0987535293988546	0.4181070066136056	-0.392181637921558	0.4244205922054536	-2.108866708724505	0.14909475266551275	1.4360381957890522	-0.15890371045381038	0.1284500563455364	0.12883133527581742	1.2926293448141157	0.5081947459762934	-0.3923362095064293	-0.9805037768009716	0.49161784262461544	1.3526047144657094	-1.4474590164630423	0.24925176697007329	-0.28349963358134117	1.4740520128432666	-0.02529190627810849	-0.0613939742191912	1.1951665526027024
DTXSID2029169	3.628268041568533	4.1584419069073615	-2.630094663786088	-1.5240874018689587	7.6968272633064805	1.110174024229626	0.6564681265759377	-1.987972376285679	1.3003293404995706	-1.3882000709909683	-1.0791146184559037	1.8990452852574742	-1.2519615070235264	0.19171097057016992	0.6341045184087839	1.757385598898329	2.702501458110876	1.7034394349910646	-0.06458995758800781	-0.6019507495446964	0.3994810025798028	1.651259449754914	-0.42602945523165286	0.10519234810435407	2.0613039130815474	0.49098794822671726	-1.8563208548155663	0.9427953488308435	-1.0651224424258576	0.09767848520333816	0.3002639675437563	-0.49897180896520216	1.870038626113805	-1.2665363430236705	0.7501276063752013	-0.4753481478059303	-0.3788312881512411	-0.09701435199696413	-0.5236479364196885	-0.3113209862979829	0.10949026300954673	-1.3607698546411184	-0.6563703190746165	0.973978461288651	-0.3599711285177033	-0.7209039465469953	0.2752529054596171	-0.24225940592436027	0.5180925740135138	0.11670281254389256	-0.5391787154869834	-0.958555477497477	-0.4825164819417165	-0.29644208765628177	-0.12903351876406002	-0.6592460718730875	-0.5495428324137869	0.5747985048077039	1.1552265075216164	0.7550232404251715	0.5576316951713454	-0.09561799888236877	0.608900352750598	-0.10966295575659166	0.2545826979764489	-0.9217773477779193	-1.2110029648831449	-0.3122764964759522	0.5569835816309986	-0.36987080102841186	0.05220852603513682	-0.649078590262767	0.24540437410024282	0.3706594627875559	-1.0223333841968634	0.6563918432459033	0.2814089752573236	-0.12032729703774687	-0.3397518624752003	0.3781328169128401	0.9359360579502413	-0.5537296564529792	-0.5926864601197439	-0.10180216301848345	0.9548138763448334	0.10369444939723624	0.06795179899793523	-0.34110951352024577	0.540785774152674	-0.46068451395821547	0.7860769176292816	0.9166881902834938	0.0581202741465801	0.35098605911858605	-0.12404173086931251	0.2153936402518554	0.6100522357917166	0.13224626681793128	0.38664681528487077	-0.41239588323093107
DTXSID3045805	-1.4312877482453688	0.519765650276033	-1.0005171979450873	-0.6400644076090739	0.34149158818472064	-1.0894242076291538	-0.5679719692240508	0.9475074241355841	-1.481287605200973	0.23882318373200356	-0.5551926455214726	0.13135255304439156	0.7766592957422768	0.366553884511995	-0.15387767235013164	-0.10203417759466435	0.6078540236018816	1.4170141103791583	-0.33947865113764886	-1.1442311275667287	-0.7290028770997028	0.3231225341461669	-1.068543410846596	1.7955726879859892	-1.1257971146773855	1.2816081724680686	-0.4886840242752058	-0.9527569173700013	-0.10281104384481506	0.861429223055036	1.2080218078193048	-0.4890072099935137	-0.23519355269006215	-0.15969142744488862	0.4491328060164703	0.3642030348762025	0.4124379165285963	0.2840972928110798	0.4703115669736394	-0.7620703209463908	0.2018544906586475	-1.0757135338365575	-0.6913636211437764	0.14608472746365453	0.2361239617271981	0.10891259273208333	0.632851267460866	-0.28273548149385014	-0.01311107838316572	-0.021313773876289063	-0.42780508392336203	-0.48738441446430164	-0.5424164392394288	0.20911967785139862	-0.9957421334225284	-0.4241576713870105	-1.250075067085449	-0.8429314826617167	0.32548198039530407	-0.48393222497188937	-1.0763830723732077	0.014006655051365459	0.20484973938690101	0.3910220317628652	0.9034924729958933	0.5876406468914838	0.5687594287296053	-1.4287781315081598	0.7993116909742167	0.7492154509047559	-0.8678657261789524	-0.7878228650255351	0.33364003537903114	0.650636498361075	-0.4698293353833975	0.17849141423568443	0.4467780649561871	-0.5486827200794935	-0.53727299769889	0.502858947908328	0.04551882656720183	-0.4229838109391124	0.4044886856973419	-0.6490361720515484	0.0009775121298384165	-0.5182973545437817	0.30574965755089895	0.6475976756970936	-0.4870377795733433	-0.2717022942297176	0.7274427339150031	-0.25597280014850804	0.7149109183622481	0.8000301465834977	-0.49033109339467285	-0.4595496812456082	-0.328353703818965	-0.15665560716654492	0.04026630810200351	0.7109231701214395
DTXSID3045271	5.152391787144218	-1.9895473673481285	-1.2938345662486717	-2.3530321209486575	1.4289671522694467	1.281253683056402	4.085417035249113	1.7790812171574868	0.953526318204105	-2.1219857791273813	0.018102370236212587	-0.867255566357568	1.7908971009399888	-0.3138399792941145	0.16873015965229013	-0.3041242093448002	0.6110611845930258	0.3583159253306685	-0.3264819546847178	-2.667538517459969	1.118314671026997	-1.3923008544869009	-1.4376380781755158	-0.8353632997760944	1.5638555867865072	1.4660820541699289	3.045433819458916	-1.4658452789326233	-1.4399259150427826	0.8132914594136393	-1.3216712142905989	0.44990632606958103	1.0231110393904959	-0.33989540265006346	0.3019599706938477	-1.4465897761277045	0.9577498827361414	1.2053318063499345	-0.3267448485855796	-0.846336985987105	2.1899487132037225	-0.41124009004575074	-2.2059071004174178	1.3801168949001514	0.625806701506564	1.8381323478965284	-1.0751242182817755	3.1892647060346357	1.3663436655021037	-0.1962766781908171	1.1304425410675798	-1.9556253681284261	-2.339935701151065	-0.3874592280320191	-2.145727160111581	1.845484272844234	0.6508834626969339	0.2899477378374217	-0.3699150584084288	-0.48762544218067155	-1.0738483909579704	0.8308668603583368	-1.463193275741252	-0.8332553926502122	0.1754279589082154	-0.42494674799995175	-2.46946642797287	1.5871928936276598	-1.2794786078359597	1.2748510396160477	-0.08647235699433298	-0.12474832067285405	-1.679219567206725	0.12257564971730775	0.3090060752435956	-0.6918436524098417	-1.3985634991850697	-0.7762979759458832	2.115854866649961	0.9816515189013003	-1.0324395720197188	0.93602744427588	-1.1404996602948914	0.0444902856703977	-0.44876240957621416	-0.3792185568755693	0.5265295878885273	0.4896773825204727	-0.1026503945122049	-0.36937870678850004	0.5546076015417462	0.1861755728974326	0.7171006652380889	-0.3122835090279446	0.10062993125380554	-0.7609413244120303	-0.3922340131738298	-0.6593851046157826	-0.9235075482288413	0.8828761953577542
DTXSID9024691	-4.955819568216876	3.4879661949531244	-3.37490483559967	-0.6537826140833847	-0.38498153037727556	-0.44827130983949476	4.066568304056432	-0.24756432896910466	1.1595188400669	-0.18417857835696397	0.9038196603329359	1.0104478011607936	0.6084446383822675	0.4905819359655913	-0.2542225952824489	1.0272773249212734	-0.6740905784107839	-2.6470601125210136	3.444368034995211	2.5663287796579732	-2.910970399937855	4.250088557637835	0.9737705570147254	-0.8110574817655105	-0.029813585461948157	0.8633412837189169	-2.3016045030885164	-2.859392308394016	0.73708876302378	1.2217111070244784	0.1353986090902746	-0.8934686834564615	-0.7979468831359448	1.5742178466440184	-1.3222466435738938	-3.072376040847348	0.6357908898871218	-3.223836393911757	-4.242772647924636	8.57381072310917	2.9829798469914945	2.9095576429268997	2.3844138319673998	-2.131331748778644	2.4469860914946837	-4.860949054745686	5.483263471761911	1.5757908574327104	6.1124344759971345	0.3336763863119562	2.876133315831371	-1.331268160456422	-3.3763482851544664	-0.6330627518352494	-2.512553058545813	-0.7020770366241809	-0.2146727759587996	-0.8342354404926363	2.387315620905321	-1.4782834512710605	-1.042933558427575	0.06960055050736301	1.2128469548713223	0.2003768569756001	1.5392587459161535	1.1880658908730248	0.05303052557782135	1.0835034523859834	0.441799228031224	1.5407420569563255	-0.8783474952317971	-2.2417704853420934	-0.02478667476223183	-1.2984736596459108	1.0887255193264982	-0.35270796452396086	0.2468346151861484	-0.28045848051401917	0.7289218885194052	0.46168501898022535	0.7087448647272452	-1.3362791277968977	0.18229757020855136	-0.08174272128397576	0.42583755815758106	0.3266437194172083	0.308108299109142	0.029747423915080316	-0.9860840433620167	0.3961320091900047	-0.4616569831807261	0.2698526574754191	-0.4251207794986765	0.07764990385890609	-0.878180332149007	0.2641242360029165	-0.9752779328640085	-1.0828284725488855	-0.8352722780572999	0.3272417620752737
DTXSID7025639	-3.605607249895554	-0.6493727120951401	-1.032032246561868	4.937570874794014	-0.8526764990487522	-0.42229025136710185	0.5733165644869903	-2.064107628354011	4.1808394711379275	-1.9834948580757368	-4.168297985474859	-4.40114028568519	-0.13552940679118114	3.059857912944258	0.9816542836773233	-0.8424643823834486	-0.24308399595650143	0.2514398663020145	1.8248743835741519	1.981609652735019	0.6870923284782338	0.533070333002991	1.058647502295198	0.6691785768293446	-1.4580357256790555	0.7607239539555803	-1.2076446010724604	2.716868864051593	2.268697533927642	-1.3747931959263815	0.714677594983556	-0.10146534517961742	-2.461253711663526	4.031952399024134	1.9443732852826965	1.0235903513679259	6.176010766431982	-1.3536278482774273	-3.1016058935525455	-1.105553249326417	-0.9797656355571958	-2.5731743944008043	-0.033748430142999844	3.9733229581359724	-1.1085842785267335	1.5060590825917788	-1.7155070822710996	0.9853629433868507	1.5132554602659196	-2.015574773646457	1.9470748583577668	0.3516571551358114	-2.2661056846409977	2.8379273659300708	2.5876878923794484	-1.8025812599784161	0.977300794113563	-0.9866116766309261	0.45028130811074	0.20741785701347473	0.3305569529917214	1.0420951852052491	1.0456538574545664	-1.0717030898671716	1.1054690268711866	0.1586740966054383	0.21102086138844298	-0.5142042360294216	-0.7513748937281741	0.7181879178201753	-0.4656897817436905	0.4090396810690835	-0.1984082512037245	0.05843882070255129	0.17284496955071849	0.9089244915462212	-1.0140674187532575	0.26272467758173934	0.07324048424810789	0.3879020988302663	-0.3063764199703814	-1.0735736054780118	-0.15707663176161635	0.351621179429812	-0.3620210441812147	0.5344803925287279	0.4935735593942672	0.2733095745622998	-0.14483026300550123	0.20688495849426297	-0.19364210181048094	-0.4155123266032289	-0.07334213178091231	0.027719625497451588	-0.19663376662717888	0.2865140578641085	0.8457887897940355	-0.20587950664733637	-0.05685732537668507	-1.1373644916594385
DTXSID9024641	-4.034685841471928	1.3411068051475918	-3.7088461971036892	-1.1859357608681116	1.1647379808169511	-1.646045131167491	-1.9832024792679175	0.06927370960742917	-2.9451023683454993	2.0948270687385953	-2.199885488172576	0.9416766342903619	0.41987498835434056	0.39389501476147776	-0.46098414483999417	-0.9198450924432029	0.524000727928655	-0.9208121273140306	-1.1607043268182629	-0.7898477895570899	-0.5815770703021683	-0.6664439961571867	-0.36039218901716136	1.0658161277803972	-0.6788988203925186	0.8875943178994794	-0.4060197651547673	-0.7890980942238509	-0.8721407244072905	-0.3229958934520176	0.8743714791515386	0.3004114008618266	-0.6985606768338114	0.6172962140348345	0.9582945542101471	-0.06441678516850505	0.11832337675010093	0.357996568505628	-0.17785164342536977	0.05950100367590407	0.10663782379792064	-0.056393963598773	-0.06193096861078668	-0.05688872591552059	0.6972493853394918	0.059001658851584385	-0.7262731654573393	-0.3756101676635951	0.2002612285325377	-0.009548249042117332	0.18224693655576835	-1.3227912921860332	0.08120362832565584	-0.12880350302825525	0.6911818646977798	-0.15248727965658032	-0.5949388246462874	-0.33810438586483593	0.6249213039990401	-0.046576115269303546	-0.9520917933622007	-1.2457059366075836	0.12738303308108032	0.03884535082674945	2.2741265737843417	0.07504834987305924	-0.3219832151166937	0.09378868158662595	2.158807819486474	-1.2668691174272124	-0.4997499567498455	-1.4044342053786465	0.35090614402177506	0.0035778483855605264	-1.4594325410516102	0.16430729254889279	-1.4342984990238838	-1.633075015986685	0.5935194109955377	-0.6260297157404078	-1.3792297414467987	-0.7638644650382537	0.09437823755228543	-0.6494779538911515	-0.26585873862766124	-1.1392904740565784	-1.3120768936457388	0.421938589414143	-0.06390192406801536	0.4273113371122993	1.051220587274783	0.5589083707312714	-0.7055734693593669	0.18542641421993078	-0.4148124671017705	0.14686109555086316	-1.6173868353494132	-0.6383506951748272	0.20337720695399722	0.25362624184395116
DTXSID9046607	-3.3189989044598454	-0.35363549862757593	-8.022795443322398	2.6350024896965003	2.765307383905805	-2.341818166000297	-2.944076602326791	0.6910451584686825	-0.3060280422210951	-1.2970063576150004	-0.26998878109105623	2.699125611626176	0.7557776946358243	-2.423193885964017	1.737005155266792	0.4762158445390724	-2.3760210727771773	-1.8843948915897524	1.7988550673965658	2.5121437315456463	-0.48011208215471673	1.60449819984744	-1.4850832763462327	-0.7684854858594521	0.35519905796333084	-0.7222687923501322	0.4429404093508265	2.627451819266078	-1.7980708210668455	-1.181347810232575	4.212989516023329	-0.35738732685862856	2.168040194597407	-3.181400629525066	1.3907936173581628	1.474475219787805	6.790702610668994	9.116283428652226	8.952611663441719	8.221786918831404	15.045159550591125	-5.653609059388438	24.613029307364904	4.581831059966444	-3.7206363142240764	10.277708954498326	-0.7250938678686382	-1.9881991418215068	-3.3986863622128354	4.835634915993328	0.29513468536161147	2.99818696054676	-0.5790847989331737	-0.6963246324014228	-1.2879889955637365	1.0280357201034491	0.9134889419148601	0.4950363081373915	-0.18284791751748578	-2.495750573963911	0.39129469510563686	-1.8220926760599243	-1.6416277817538898	0.2971961444519695	0.09917545276295618	0.9705011128387014	1.899657521375044	-1.5054586616359307	-0.9127800794062683	1.998379612763119	-0.35186926624179776	-0.09781834303902188	-0.7305241499754275	0.8880120481250141	-0.08715623327547402	-1.6907048343618547	0.6263686040363611	-2.13370042032973	0.676553645761895	1.692438895566775	-1.7770311203587361	-0.6704009326219508	-1.4619639440383418	-1.4433636366722185	0.852166220909625	-0.3017430859126489	-1.4682178364254563	-0.011545971380334625	0.9228822540816475	0.07723189678588031	0.2708707674827239	-0.32880618707097176	0.4035785144061049	0.4842745733189999	0.912163358165036	0.3528413604498684	-1.1319241444537786	-0.09126018215900342	-0.2650630129419923	0.5802909644058701
DTXSID5046857	1.8780421244868195	-3.6373694654603157	-1.5851667689655644	-0.32854939122082555	-2.220833336546121	1.8021755217888862	-0.8019738160924607	5.039334154043026	0.7818731638979634	-3.7844346874193584	-1.5351153883010091	0.47105948440510687	-4.136880080707917	-3.793927291843285	-3.6659924941398203	-4.585522650358146	-2.443881070554475	4.592084308435981	0.4239717161763122	0.22066587094315723	2.1191662235475164	5.5870263690379165	3.3594097886792555	-0.8337547695999848	1.9952015199443616	-1.2638670894325656	1.2622258266223252	-2.358798457945502	-0.6519066445909039	-1.3288558532942107	2.036711771470335	2.8340761721488343	-1.8546784554178035	0.3071123827169639	-0.045560720570095456	0.5598622165423797	0.32705829073932574	-1.57755994708644	0.9678516319942542	0.5378067820827402	-0.6854769007458974	0.08471522602151431	0.5699272166013856	0.36204929594661867	0.20650317956007827	-0.7433074169815856	-0.08048963714299057	-0.4428252495160234	-1.4978942026032036	-0.23897732560528323	1.1040608207485665	-0.009228116037148331	0.32155844778005327	1.3255497093783217	0.9373000466818533	0.11792451950019432	1.2242754962306983	1.450434548471917	-1.6500991793424553	0.21577034656590427	2.2685468599130783	3.0963414965895137	0.37823689554673195	1.3767404339715934	2.1473816755482575	-0.47469796027445627	-0.5866013762077125	-2.3649399243392764	2.2994158254230532	0.5393981581116855	-2.1111019722614834	-2.135639120545855	-5.027241434451086	4.035371343127109	-2.7498996710525416	-2.762369293946454	1.6637513986056423	3.169311777516964	2.5774899403059477	-0.07758413462379878	-1.249390083314492	1.092745654968737	0.33865157215820196	4.475476512565038	-4.860647169147762	-4.166599572093121	-0.37644087999468867	-1.688933702232121	1.2338241722931815	-1.0237326584984439	0.9258249945734949	-1.6338066292326188	-0.6473415231812051	-1.5997794824952825	1.6006703466467618	0.6919898096681824	-0.95045356308236	-1.9229553034090512	-0.2224121136083386	0.15625065045459205
DTXSID2021442	4.435975544842127	2.956448923116762	-3.9646073460168427	11.68780272478909	1.3794244940893847	-5.311823699036963	-1.6248427808794463	4.672878284415896	-2.1423136944534638	-2.0611429837914677	-4.21085602660745	3.6511390224002973	3.3263115896010063	-1.322853696516082	-3.500190722308003	2.0100764910560263	3.877351851932922	-0.7419517502085035	-2.448453791581698	-4.806121625903484	-2.3975765517318686	5.225239334090844	3.039844835412981	3.1835283546866147	-2.4034619727090583	2.36898882498476	-6.493967924545662	-3.5380989825804603	-1.2408068986230971	-0.2647380228905788	1.3982070853570168	-2.2743480237457145	0.9375759969879985	-0.6374080767228258	1.7866080389048078	0.1857056077753125	-0.35674392393809345	1.0923337970355949	0.17511990123241425	-4.239105089799032	1.7761503785606467	-1.399420068706101	-0.518649604930445	-1.5679398543687333	1.0216522941216488	2.425060695350265	-4.102623329919875	2.068663364505246	3.7287868600914407	1.0077594862591495	-2.3921324600655334	-1.5904444185058366	-1.770702237390058	-1.4317138391498572	-2.1094481926777098	-3.294637908647779	-2.687938611543295	0.8827039936549723	1.3316637025303208	2.703532419330279	-1.6466903196192462	-1.7653833497978002	1.0624514892222607	-1.53857552850118	1.8540630707534147	1.9525232596121467	2.173205637441201	-1.1693188528629548	4.332773445576927	2.6797301850003357	-0.6332991951577668	-2.399831019734135	2.07916746812022	-0.42086702723641023	-1.791530996839915	-0.16727699101060373	0.8756292423179515	-2.9393150895416604	-2.309517918270604	-0.02514319082676825	-1.3415872702147327	-2.7570695632922972	-0.15567629485617684	0.544722248528538	-0.12469055073727335	-1.6299633324917544	-2.195975444876487	-0.5244541990169476	-0.15029000156532013	0.8654042874615131	2.1919693500270374	1.4999755367744287	0.8496113880824755	1.1783545715854171	0.006780093761337817	1.042449844471774	-0.7460849008204308	0.2564162858375246	-0.1622353784444096	1.219628849825377
DTXSID0040464	35.20956214897195	-2.00289592178467	-2.138603810370339	9.540142422613783	0.6556347072270309	-0.009523726836896847	-0.026403447609583387	-2.9698751611809775	-0.14722399775899972	1.4072900142253146	1.4879230701547805	4.6727496544884595	4.919878561384584	0.2592871770906709	-2.1728158132299265	-0.1473365276854762	1.6592349806645426	3.588952369744785	-2.520312332851279	1.0894476462600653	-1.082473396434575	2.9363247909505397	3.5743116808924285	0.10520184096258714	-1.9465587203722556	3.5953507735841264	-7.188035627452037	-0.12684254347508564	-0.30477562301476596	-0.9142266289238757	-2.950328181709266	-1.0499340833365032	-0.6769165739705041	-0.6860628465502319	-0.15281137522698007	-1.0545583323087122	1.4609156646872206	-0.4169510790125857	-0.42386487670283945	-0.548973377390382	0.02841062463626795	-1.0575601911155186	-0.19349056490025449	0.4752944899894796	0.7112497450277638	0.8052296387451078	-2.157263915408822	1.2198456767205648	1.5539836118818622	1.9840998247483572	-0.23771225805607313	3.2082646538581683	1.5932879273434604	-2.310461219086523	-4.436592254055846	-1.1832262721139348	-0.9622223920181693	-1.1654101840265632	-2.4819082454898376	-0.45862056673831625	1.050612248793245	0.71205777822849	-1.4470038098810478	-2.7650129445993064	-4.146374357403411	-1.5297203950788787	1.1190658676824987	-2.917314057384418	2.9900605514094822	-1.3952940197093995	-1.592907907087732	0.6477203079687438	3.7840872895695203	0.09631955968176112	-1.845368191605216	-3.150338468487838	0.6524326608111639	-0.07542158281889826	-0.25694991588498245	0.010443925436942262	-0.5436422959954362	-0.6395901251920809	0.18104015775142285	0.17014383529460253	-0.838192586964849	-1.0416442241172847	-1.338838538845092	-1.5215505447282864	-2.2616039817538964	1.3422949068104886	-0.6209959057400536	0.3247550196227976	-2.1023393725733444	1.8920376849898735	0.9939460413403925	-1.0318371816672742	0.9143830042131895	2.2160000506971556	0.5549492819365851	-0.4293870806213037
DTXSID0020737	-6.951480610832267	0.36416760302536416	1.0830696076191302	-1.0296151132284357	-2.7471417422721185	-1.9793826375709	1.3387294155530738	1.1811500951956337	-0.8290762169477606	-2.189345836232351	-1.8124262430386018	0.6925474088343376	2.405143221216754	-1.216933739436571	3.4556204043765453	-1.049439730524271	0.029396977688539598	4.51739097499361	3.2247822518224605	0.335549859536637	-5.944040385276499	-6.311609489597954	6.981930622437559	3.3023285989149183	5.650100661804106	-0.940629412803464	-1.0636947745421192	0.7376784048907823	-0.7925330773225426	1.0157548575773807	-0.03468977951754968	-0.34351375937482476	-0.48603941631744824	-0.26059776025729986	-0.9072295238686565	-0.5243763836656935	-0.15996520491299335	1.1483855921404222	0.41985195441188267	0.0649650179386798	1.0091480188557143	1.3251292663605472	-0.6756160194484476	-0.12079164185992375	-0.19205621943029214	-0.6442130203022565	-0.8936860830189836	1.7675678609553374	0.8369697292279485	0.5153685441741335	-0.07783980180438016	0.9085914590864964	-0.7726563256408883	-0.2637492579750457	0.8596264218745968	-0.288307880271458	0.1618908847216035	-0.42925711230808206	0.08018360023998192	0.46730542541675757	0.4971909548387341	-0.6949772983835737	1.0295990655211562	-0.4408614987320613	-0.1780077606638798	-0.23653044374203067	-0.11958927105874666	-0.06595669995340507	-0.3290880180463926	0.28567941971519356	0.4114316788223092	0.12364843227464334	-0.13970815816422827	0.9180292289364658	0.506796062564356	0.16576025044199102	0.09294131309095997	0.15900345624561937	0.35128649922417665	-0.13138707880845146	-0.37166646711069695	0.6294125305913446	-0.37809980320434344	-0.15662313109278087	0.41579476878831245	0.18259073777852627	0.29758256759892626	0.05603963586409926	0.7835970645133319	-0.6248711694165292	-0.13502462686498912	0.37814375922740484	0.12927087745634394	-0.16098766731380323	-0.6048313215721467	-0.10113270002849664	-0.4061129637725995	-0.3606781380169005	0.3721499879518965	0.11427922246462774
DTXSID0040547	2.465896223664349	0.7500738513911565	-3.235164204254893	4.992152609775026	-1.3866377826982033	-0.23383787467937409	-3.1069585108520044	-2.6356565508308534	1.622613024822205	-0.8267130794145385	0.7693025011937559	0.48430561136553474	4.5757228919369295	-1.3079711823327391	-2.4725727419969457	0.6103382203193344	-1.093219000912057	0.22240909290951075	-1.051333347786795	1.2794742344547863	-1.858708719743717	-0.07095744670846045	-0.9565151691859552	-1.1430976150234045	2.4774904895379564	-0.7649339422550774	1.6395919263648662	0.8783263061259732	1.2575849822765028	-0.36905408143517937	-0.022140591228180115	0.7742923128999021	-0.79849241787799	0.18780506903456312	0.6955249865563576	1.0493197771733402	0.20928185268040236	-0.21927757682961257	-0.4467104168617459	2.3966605793822744	0.44313142131373184	0.40249695744027036	-0.08375824873924798	0.506672421773666	-0.3364630282321215	-0.9508614898992044	0.9390553554107605	-0.8690193894115337	-2.4559965369257943	-2.83054511592177	-1.0578465636698935	2.2870025039724915	1.2103653137631312	0.6963170567041065	-0.9713505923377331	0.7114676558980934	2.2054826484601415	-1.7364617672874982	-2.800040954359154	-0.10344507266615587	-0.34085563672601266	2.246874501215651	0.7413813541120245	-0.07137886882557376	0.9110299865461633	-1.23972021950879	-0.27801306692058253	0.15102764576570388	-0.01912524423812101	0.5662118321103886	0.8688393936640005	-0.6944369459333238	-0.10004364126621786	0.23160886002608752	0.5984758963463164	-1.1436042968582822	1.396603329274892	-2.5881202681602438	0.5594363974247079	0.9982915131072488	-0.3264655625953826	-0.6003312719774988	-0.7515330627850153	-1.9204741230093434	0.8765330166812371	-0.08491797041960895	-1.6351011201909553	0.00959343033209502	0.9950884007083837	-0.06677929525336587	0.7037131267623269	-0.16619844102076045	-0.5021052467500358	0.5426185748854545	0.5220519943163495	0.022070283292894784	-0.9328190129848127	0.6494271267811643	0.28407973493237754	0.16314101702430328
DTXSID6045743	7.870842400643276	-2.1264314049427027	-3.532712704598086	5.304343555481347	-3.8316154567953857	-5.069315098779155	7.3760419340904315	8.05498679320983	-0.7956764636201095	-0.9709208456915619	-2.251800080419237	4.293908469176871	2.1911199854696433	0.22776713112995592	-2.8000475319918823	2.8064978277276205	-1.4275287767199458	-1.1129499115978705	1.888867007261547	0.9566909603612184	-0.5593298768899369	4.612994861731398	1.3547444402683055	-1.3496101075188631	2.496421960889263	4.313478363574785	-3.240054660463776	-2.373388434998664	2.453344269255929	0.8659902206841146	-1.5686650484317928	-2.9216469976646	0.3747757320623156	-0.5761247251450125	1.488855490069832	-0.5135484821028821	-0.40954265851988275	-0.09189099839969374	0.13741882232054198	-3.3674945959860807	1.5909058665676363	-1.9349195661279626	0.4877400477731783	-2.2710432181470614	1.3590376787195926	0.499122971007267	-2.640036771893739	1.7596200176491055	-0.8537934682686761	-0.3531096954808381	-1.8729437856322573	4.070262884705459	2.093888970687167	-0.6202830299545818	3.094478035547885	0.2666308332520729	-3.2825298027249485	-2.29920225688257	2.0515043694665254	1.6911656420365901	2.422449674549059	0.21855337815457557	-0.02098117371166137	3.4820490243979156	3.3114702238391684	6.840146404202662	-1.8409340825627538	4.501392605629742	2.705208057293205	1.807096919618516	2.322293101196008	1.1837150258649543	0.7204563361389804	-1.1899070928860411	-2.033014745249767	3.9451687040112016	-0.2551224903694303	-0.7912085862775505	-1.6914866183981516	0.35851487427562967	-4.062232496243522	-2.096746620525065	-0.1764745295538562	1.3823401644240356	-0.7223129523725265	-2.4734094538138773	-0.25809325164323954	-0.4323408755361879	1.6689416618774113	-0.34049549568313997	0.9402128199413906	0.9882548153810454	-1.0479014039113004	-0.5103318279350252	-0.9481020221145485	0.5547395225076739	-0.4021338371667106	0.07160020694023136	1.1455896605146305	-0.42855179164588597
DTXSID1048752	9.446697665006731	-5.7629096725733495	-0.22981930247446325	-0.4969003422115838	1.383942061224439	0.8844472152229487	2.2223749684757257	6.025305128978554	-1.774914442773008	2.3570984798103476	7.471611780444728	-1.1321831600920342	0.2657705785239285	-0.3638258476993528	1.9430146419909182	3.2982347106574808	3.0120555613411235	-3.0001046658006616	0.9548160444217696	2.111569185684707	-1.88781942689293	-0.44772248147248844	4.680807382192863	-4.072476581023442	-1.3433036239125913	4.420006694382363	-3.056234225362859	-4.253432300411155	-0.033604614289286426	-0.26632097884701394	-0.07679087554452768	3.0545628130624527	3.132294567742306	-1.1382003864955679	3.7799855476115543	5.052376732713521	-0.03025339397046837	-1.162272073954289	1.2730297623591	1.6775970126657076	-0.9387306770297328	2.3954175179944883	0.11205619240713875	-0.5509918188278695	-0.42740594444016444	0.8028285730544861	-1.2613918325394242	-0.7575571682436906	-1.140019545713692	-3.786281404309492	1.3588448553562362	0.9177637785596434	-2.592257099699486	0.1365449038178383	2.250708508884126	-1.4629239728611194	2.600062849929028	1.08185577397292	2.311970663551619	-0.7351566717654144	-1.5598408346669097	0.2054070763869791	-0.4557588182835397	4.1981918040546065	0.7558297699554598	1.9027106568940289	0.35971900222402725	0.04786382844765435	-1.3799987287398385	-2.569848770079017	1.6100820108556744	2.2513230877560892	0.11287664620201085	-2.123906779934787	-1.939368418494651	-1.9822292678055453	1.4830332240972386	0.261612771127685	0.8136370127216868	0.4007759265870038	2.9330336676839175	1.4850456145129471	0.5005295775952391	-0.6910515515999714	-0.7958047063105241	-0.41912917525739335	1.0062066722062197	0.5313770378510858	0.08397835875801815	-1.2808214210830922	1.4298654551250434	0.8421383709426444	1.8192619227835645	1.6158513297477919	0.1409772358155029	0.460860352258404	0.5833771475228198	-0.28803254308021853	1.0131187999557738	-0.5258072858019238
DTXSID6043917	-3.346098314414314	2.843503502546464	-3.930395042914277	7.7918352319229784	0.6318007875909085	-2.9257250305385303	-0.3269090557065557	0.7944366204659541	-0.7127238145383251	-1.5336569508564069	-1.965542232091784	2.7514646675894188	3.603134876662404	0.24196681502084577	-2.1574139930323972	1.330275934223147	1.7011475019072164	0.679083582669644	-0.7710906081546901	-2.4338543064194798	-1.8197342586712864	3.738412171668945	0.03922591620719774	1.1823508502893245	0.01990475703423063	0.8989736424525825	-3.523192266042374	-1.2697292341750082	-1.471199021097368	2.4351539217446314	3.023669944574809	0.7526607609494548	2.1169795375079175	-2.859397575155986	1.026064908495342	-2.1960478277497533	-0.32257839658608434	-2.8912173958651426	-3.8088593273404423	-4.319197214694418	-0.6452558063137096	2.940815911528738	1.7953344008661152	-3.8915869608834575	-1.3722778109327307	4.979931776915568	-6.296091856329933	-0.11637864513992864	4.148674535039148	2.290857556672449	-2.1414687601321343	1.768843036225149	-0.8655156196053468	1.6959683338478302	-2.0034251457259704	-0.9321317033510615	-0.4908715199438638	-0.9399005655385385	0.7793195977339487	-0.05539834638500596	-2.9144035260949157	-0.203105997543501	1.2106888778638718	-0.3966201342493949	1.0420866940322968	2.2760664008553304	1.763670596506229	-0.49462894356951675	2.4185754625990508	0.6501952269854766	-1.1983123859312037	-2.0279167445859256	2.0535455058658156	0.2648232149471212	-2.225094224328812	0.5171433150090737	0.9287790716867209	-2.1516803573220957	-1.3336178034754433	-0.7714498989645413	-1.7465512053565484	-1.375232654741988	0.10089852917012347	0.16249024678983562	-1.6727499949481806	-0.6463586841785872	-1.4953620096004998	0.25173050648671436	-0.0196697272767915	1.2342118909505082	1.5251053666842251	1.4271979662065282	1.1455950199241816	0.32369082570167734	-0.39384688758404923	1.1378501570384607	-0.5750984189634645	0.9821217765926512	0.017598883410757875	0.4762779336473797
DTXSID8047844	2.7554096129404466	3.2456632530723746	-0.5075818381849495	-2.609323535250855	0.2855506815643304	2.715659144833097	2.985593826929128	-0.1857644740117833	-1.5630659885868803	0.7165728255152816	-1.1737747650136985	-1.6645993709127718	1.0625248056926122	0.7058730933756177	-0.7921071060772222	2.847468778248331	-2.072537030634685	-1.6340035131576356	-1.3421851793984332	-0.5975202136026757	-4.098565247991008	0.3309895775737136	-0.8776708146467646	2.1195963081714786	0.4416481889385105	0.789625062608321	0.03886561012954783	1.2786965642653456	-2.1814958449753177	-1.7460785976329016	1.3575997795341392	3.395085161183257	0.2136518698305501	-0.12215928337450574	-2.1975965891314244	1.0086518653427614	0.8049885126478986	-0.12080774741025437	-0.4294231782425013	1.536683849946025	-0.6379345458509459	-0.6196056845484553	-0.5520936557212839	1.103633494092053	1.3553102520638078	0.8804033710642747	2.0303601652172274	-1.4079963392313908	-1.395332089828653	-2.1033392142907688	-0.9988436692425361	1.8552280846589373	0.7547134217449307	0.3310629010391667	-0.5878568229711284	-0.26350813471456713	0.24763963605938452	-0.7112536117476437	-0.4667843383532709	0.7642806897053404	-0.5342892829448808	2.2606048063806856	1.3896377915745104	1.0154769814146862	0.9202132713756596	-0.18796277606149764	-0.6812716160301486	-0.2882691619334265	0.19843531738699982	-0.200713988732542	0.10282342459787433	-0.2888042048531201	0.2284467830023942	0.9737512860308711	0.7244436958658692	1.2631478749246359	-0.1574039387497065	-1.0955778789730182	1.517026419394078	-0.26938718159603764	0.16969543994954325	-0.08789144210803636	0.9581582803102577	-0.7375795658854262	-1.1180552713336842	0.42468299861800285	-0.16415248998985904	0.6172647082264194	-0.2644475996746613	0.38711666562938574	-0.3255411827906308	-1.0569989323251205	0.04141503700025134	-0.3940911822852732	-0.1404357045443843	-0.19633894459086446	-0.35403865879414365	0.18091106174085045	-0.15582936039486472	-0.09616089863724181
DTXSID8044753	-5.597504523361117	4.415125197657162	-1.9827559743413306	-0.058663975389387876	0.977045201440832	0.6757862803900253	0.8635465379309711	-1.9378140009560336	0.9216763721578825	-1.206394781252591	0.16156639473904938	0.8535841794929364	1.2575809721576463	0.8874915819400718	1.2230087039144752	-0.23987323899078353	-1.0903518406614305	1.5930764011155132	0.9864949608533004	0.701027399613551	-0.4138869165908561	0.5949809322600105	-2.6231719110844267	0.13762310814080025	0.9013771769740033	-0.4128731641358084	0.572391236635984	0.6774425250826231	-0.9295558450223577	3.439964283546136	2.484404099204722	3.1355264294514713	1.2695594299917188	-3.0516099768866862	0.3167342690718785	-2.7584782756509076	0.461451553264046	-3.8218746650618587	-3.639443463754385	-2.045791391694851	-2.2221525419012114	2.8169726397167154	2.0763662246224963	-2.6429272966917554	-1.6856036536805297	3.0037811168656012	-3.7138341221615643	-1.25040737441318	1.7854898422571115	2.0130736851958613	-0.733417452571756	2.0648726565061395	0.07899069953270778	1.9545569032885999	-0.9059939176121584	0.876019288808583	0.7873531058671633	-1.4479667530642932	0.045344393376266924	-1.7167659866400562	-2.084062123685133	0.13457373587763602	0.43921746155016284	0.8309042911933442	0.28454707163234694	0.6739532002328301	0.3872318015871876	-0.04078856872317257	-0.18884414218812845	-0.17620678524022748	-0.45529412222209337	-0.7221194279258623	0.42733771033093126	0.10985046746457691	-0.11336479948450852	-0.28058930396389964	0.42626609882991545	-0.296722861231722	0.05502149838407184	-0.050481310913029355	-0.2771119614054286	0.06748460235226504	0.2867306159995876	-0.3410499316228492	-0.2901078666995688	-0.3136734996156009	0.4760397142376524	0.13778325989062026	-0.1753775068426652	0.45203305535141974	-0.00043937250200611945	-0.16055451847704102	0.3887227473807013	0.03562827529258078	-0.2125211187338696	0.2105980933333518	-0.10545657738175498	-0.02699817229126973	-0.13040200480014857	0.04537920189513293
DTXSID3032628	5.633600401616959	-1.861024599512282	0.7857819335414977	-0.330457754445808	-0.655012260168756	5.17475058444194	1.5193373370524592	-0.25875326751002736	1.471838063926205	-1.7639856324603136	1.7371751740912518	-1.4061437294374135	-0.20029507284270595	-0.7591716895918582	1.0336186243405878	-0.6994504790872791	-0.13390184634406993	2.8630809774255948	-1.1130422344001525	-1.9658406201818517	-0.26714919199485815	-2.1727673130533915	-0.6645997442264127	-0.2819939850908581	-1.3813146896941495	0.2703902330438257	-0.4884964193228975	-2.7592170411798835	2.9411473666788543	-1.500503516915065	-0.3676150362038604	1.4350088615223748	4.365533654618037	-0.21282208854138868	3.9663435749964937	3.879460411979721	0.9950109372572831	-0.1543247196022095	-1.269219790490463	1.066039080255723	0.49721911909000094	1.1903444284510682	-1.3747353391911308	1.2677264887219617	0.6173919901354827	1.3338723011838667	0.6521510076219665	-2.3187974331978283	0.01700992201643801	1.011955688916749	-0.1777321175592484	-0.5059900387150719	-0.26982437871098974	0.5175396879664236	0.23231554901086582	-0.4446093350274956	-0.1419169156429408	1.1497506104571917	0.6575884908699423	-0.7014385390636041	0.032356560859406455	-0.09600977096961524	-0.9171384277765707	0.6266103692433179	-0.9215520049102982	0.26047197342975603	0.35882046107658166	0.4912622255745343	-0.22915798835916162	0.24804891810519425	-0.9814337086466286	0.37289848623015937	-0.6260134594586365	-0.7053259775717517	0.18512582023404053	-0.767400751171517	0.6789745183554556	1.319234519324298	0.5155426357519692	-0.08416807778195581	-0.04835253460873625	0.350469987281773	-0.15448493245648343	0.06130574395669943	0.27470367592247585	0.01956858567820148	0.36962650929536134	0.04069619860280161	-0.5741705771337932	0.3158467498456767	-0.7361477406228392	1.2787882558192991	0.5022045577939026	0.6473856508699023	-0.594302808011924	-0.2751630761321459	-0.6473930320897969	-0.636941049650287	0.8071497877082359	-0.3795351462860641
DTXSID5026706	-3.1002081071043226	-2.128969514301087	4.0925420091642355	-1.3398595796159818	1.2643626322908688	0.9396343180451107	-0.039025616490363305	-1.047563966794983	1.2221679130887664	0.19013103729147598	2.672625047774572	0.788825002547442	1.2946636064905277	-1.2639399245637895	0.1425533680379223	1.164671965231376	0.29459523519670955	-0.49892766584915665	0.351552086713037	-1.0711810623698845	-0.32032109962795796	-0.6272429147069699	0.02894321186734535	-0.7990797313626286	-0.6958634054344951	-0.2009358747028724	-1.5546537951489798	-1.0369513537369222	-1.2073863119184984	0.2266709210154179	0.13856932430778685	0.00901548125686356	-2.0984867492803634	0.3621773936776994	-0.026004239230399653	1.0038635637881035	0.541457517073509	1.3388358858653524	-0.8116888650276729	-0.31625931019467013	1.7650770295279192	2.570860611669032	-0.30112695344737567	-1.2084246171089161	0.21773139469185476	0.272741852587294	-0.9728536001978787	0.7233591679556293	-0.4708091662252044	-0.11310325519114395	-0.7885558183402843	-0.09321315535148149	-1.1246708758832769	-0.09009278130726238	1.331942458942656	0.5947415870680919	0.7667867115689662	-0.14179629090031476	-1.1977847867821227	0.5424668144725163	0.19641045071005478	-0.5804857655502382	0.8948828772487983	-1.3496354352106463	1.2430748171286592	-0.28467298320919815	0.06160922955102983	0.22482511907824598	0.0665184851422417	0.3042911224738398	0.44502047981510684	0.267867158651625	-0.44782703563253673	0.5191738188585112	0.201633422206185	1.0053054919830076	-0.7027634948365581	-0.3039831415836307	-0.06376949958635184	0.18824269223562703	-0.7982443619185605	-0.16262029316096666	-0.10950044230487606	-0.5333185798462556	-0.41958426744930305	-0.30366729433561623	-0.34747870720720575	0.1085037791410409	-0.42091636732766485	-0.5263200174693735	-0.5682080678770352	0.06270028402313767	-0.17085808615671744	0.24498821646763205	-0.20852708423373412	-0.4103397164365652	-0.04393309096462365	0.008306874720720473	0.19532995261963418	0.5788641658995465
DTXSID8046325	10.830990377193288	3.161515105458214	-0.24719830764765172	1.6997709143682675	-2.0736077478699495	0.006571860216155502	3.886825260547065	1.1109372654160736	-3.141377106604729	3.65523485263284	0.6604078236538958	-2.2661602515136257	-0.3610647628810786	1.3238651088792157	-0.7710411206085307	2.217373508737326	-2.8025163395061714	-2.779738190347266	0.2007688309850586	0.68506369659331	-5.815627239182771	1.7167414305325257	1.1569932654859176	0.9560210529039356	-0.1771223950760853	3.563370202539888	1.0738444392069	1.9762666842629135	-2.544131783445038	-1.7012469163209594	-1.213833985925216	1.7194883093116016	2.7856648485303106	-0.04205116645112004	-4.750833019950753	1.6126150011330755	1.4329082239937962	0.04612433254259694	0.36539865525959536	-1.7385510032914184	0.15214207109440409	3.4705078474889195	1.0170453648179296	0.47999937402882026	-2.7981706514472093	0.800048583336612	2.1411138025413226	-0.05606058934729451	-2.1311140819961816	-4.644432975644361	1.9802453718265765	-0.9298554610974731	2.206371959408857	0.761707396371444	-1.077757493836315	0.515486248488641	1.5618048294983202	0.7144814425363648	0.08056264284821392	-0.3387393837661826	-1.6837944874473545	1.5614697460411247	2.6467727707874436	0.6928425668653886	0.9383348004688902	-0.19557647847140205	-0.9264769774852757	-0.5651931428231282	1.7337192410864595	0.25051896203673624	0.22515195198152818	-0.09812889438677579	1.0608088238574085	1.105297111272467	0.34628572813683095	0.6389245106932276	-0.49409275840036926	-1.1639996504472703	-0.6236621967551083	0.18892080229380812	-0.8190361067129028	-0.6549856122867325	0.930268329902839	1.1058157422977688	0.6935170460656515	-0.6963023975148592	-1.6760597801207953	-0.7951751607491426	0.4727757932885353	1.0723987644033917	-1.2196339546189636	0.18531424864615964	-1.4705692815851483	1.2555823175299323	1.5038779867471026	-1.5644769842068666	-0.740837925720098	-0.18695131587853642	-0.3719282389560303	0.15226873709917607
DTXSID4035209	-3.947446625166682	-2.033861771795303	-4.164138724573119	0.6834689317819092	-6.8540657826474645	-6.995100155130361	2.586638145495844	5.443083456419285	-0.9987784007337024	-8.39140412136749	-4.864801422330191	1.6902054201591488	1.5632962983655545	-2.0469883173780454	9.842653969132892	-1.406708346678855	1.0420692307480923	13.267167011804963	7.296076938987814	0.8787989720557722	-18.278650196794402	-20.029811600335954	20.183204396097803	10.782923731789724	16.70164720917995	-3.5287815559651676	-2.0562564420764846	2.0924564294968446	0.511826280031812	1.6320002945861416	-0.15929400815382522	-0.18438043056320746	1.2086131631298747	-0.17820469356029872	-0.05111843787433206	-2.4592246413761316	-1.4414770485133492	1.293819815048743	1.5871446379206655	0.4901890037681822	2.099397777293426	2.798948721431694	-0.22637546666641656	-0.7594210188001578	-0.9358587683047414	-1.7930223339667297	-1.8037779452720333	4.261448262312305	2.0656851657878934	0.4532397231210373	0.19578237953651417	2.401927262513003	-1.291634850521409	-0.8541070450853696	1.1560487392731063	-1.4411925284409617	1.8190421287837777	0.7807810410021221	-0.7078590691669244	-0.57365551690696	2.1183633241804585	-1.0859458780949454	-0.13736722445819569	-0.805985660783774	-0.19241078839562012	-0.4460741785553882	0.9105009332225855	0.5287578082002699	-0.39197641963886154	0.42351167673796125	1.0368021278882622	0.5979985972662877	-0.9703836175198152	1.4252313818434537	1.8919370048159745	0.33101862749252237	0.7181992235793254	0.9911138800280075	-0.6685344568652815	-0.6210713067581222	-0.6127804858104309	-0.5963682340194391	-1.4538922300590231	0.9132705423848927	-0.6878118512717475	1.9517300153226818	0.16662671291596404	0.5127271817360562	0.5762777445146927	-0.8554872280903166	0.7439877722114385	0.26851592661571083	-0.18525294040416865	-1.022418117983113	0.7274482574137937	-1.0475537886854023	-0.2079034354097598	0.7330216996124523	0.4700840238801341	-0.11672380849212571
DTXSID7047146	5.815247084856262	-1.664997420223938	3.101509063291308	-2.0949805117323956	3.7256942060731966	2.654131887268251	-0.6450281719197619	-2.8175350996260997	2.022971473963831	0.1089103279332946	2.460088775260231	0.367449730029464	0.4933828740937789	0.6629064276943004	-0.1086633357734057	0.07425816714620179	-0.20765307237614225	1.9672416835885815	-1.5258459600375254	0.7384082516029253	-0.9309355069563883	-0.5461054128523007	-1.1344872852784051	-0.9171379454399083	1.4876354356684387	-0.40827791942373665	0.26202826992332817	0.8176565162381783	-0.33535749810670956	-0.7347518028763756	-0.4332454308365104	-0.09560591368048406	0.6929921814198168	0.2951358868969978	0.7296978519362788	0.07627393738951091	0.63707289218098	-0.7682247760066343	0.20746907613516416	-0.6801901308077188	0.5196089909579095	0.40310308809675366	0.08549723308922552	-1.3972721886073463	-0.06219194724235424	-0.28538545488963485	0.079961236273635	-0.35228008871142197	-0.17084301974669167	0.521017234627474	0.2705541655478739	0.5949953222761085	-1.0630186617121182	-1.5867756959267927	0.4613516140385294	-0.47303791468531314	-0.7276772009227295	0.2730912280692757	-1.5061015324026092	0.1470318311972025	1.1514300026877018	-0.4997027669093756	-1.0349554765975426	-1.1369457911708207	0.02262327302328901	0.07451154165719806	-0.431302244890366	-0.38744209180790695	0.2761483267942742	0.9741529284352943	-1.3253754102322965	0.47625799324399176	0.47165649472538645	-0.2951163480325444	-0.60403418521826	-0.15111804128765607	-0.6243442753982088	-0.04059578163768597	-0.2075391317518237	-0.0653094030453233	1.060222950580904	-0.776508997516093	-0.1889424705257011	-0.057006978258596325	0.24679837955615014	0.5652786488300454	-0.056168957463460165	-0.3145361072188378	-0.3550304078366402	-0.08347764850277287	1.0697927333437531	0.8496010971995992	-0.6783901240975526	-0.3769835031018186	-0.24924511650529302	-0.8368306629552097	0.8968974964216339	0.11481195511749578	0.018209264605447216	-1.0555704090101832
DTXSID6042151	-5.054625965803464	0.2921511116352311	-0.336266532679918	0.32423114324268176	-0.22757160785664604	1.1140968378381055	0.963842885186352	-1.9447893158684553	1.3081061421266644	0.04294206535034992	1.326855040112025	0.5968965819179796	2.6150788701104646	0.746506155459387	0.20633720747419704	-0.7951421532282615	0.6128100729748636	-0.09982330862746376	0.3671266994636653	0.8479221150908286	-0.29370506549293823	1.054594204256418	0.5160860967982878	-0.5079557247820831	1.3150824166706885	0.1804888177434796	-0.6502522559896219	0.09900833042737203	-0.5487460275309131	-0.5744590630498667	0.06433620341634878	0.6909277738811059	0.34032431921841133	-0.09107766286652348	-0.24823291022934474	-0.24358559976616348	0.11173657810734769	0.46735594763143706	0.04349213185999027	-0.2626052949959161	0.19878707214365368	-0.7853761925512972	-0.5524350727412668	0.20262072119981964	0.14967878186495215	-0.6816661510952934	-0.29869044689341506	-0.5609079718945555	-0.11211675737601492	0.8325978263594632	0.06012057787393073	-0.38825160435913136	-0.5477521785181415	0.21208963336410822	0.33348971755282497	-0.8073000964896092	-0.06401933967806124	0.46510741761529617	-0.20379448977163872	0.07294109999118334	0.1960384902269211	-0.3578775765167455	0.7404214837160791	0.9478325185072443	-0.6553408868391271	-0.289923572496211	-0.38862488324861016	-0.11447543557627787	-0.0866508222347823	-0.02285834101704823	-0.3642872707748617	0.36402842812144987	0.6019654731485259	0.43482943313724787	-0.467953517147148	-0.21407669349688369	0.13570428375684518	0.033315343470349264	-0.21855219994430522	-0.04765011185282152	0.28791100622034066	0.10850501648735614	-0.10157896431345158	-0.4474986065619219	0.1826479303264231	-0.37616328381300723	0.15234467218828643	0.09817350445853953	0.6864328017866181	-0.09087902072813189	0.28045430883252903	0.08248164231390721	-0.295733730767931	0.10339467291873763	-0.16533404302786558	0.15441203951265223	-0.007039704627555153	0.20263727558052985	0.22096400119974643	0.12337948974308996
DTXSID2022048	-2.4251756137751164	-2.004436490302043	4.414855286579607	-1.5158223410815244	-1.4114682405637715	-0.040354817424701414	0.8303009288592007	-0.649407769146667	0.9247674100990136	0.014340931474162402	0.13282803622892633	-0.48098861862563563	2.8468400463127064	-1.1954506363200528	-0.4021423957991733	0.0233064167527001	0.18882929057057932	0.14813615675466316	0.3763522210001021	0.049881846897382655	-0.26272309259744103	-0.2183659280401358	0.09027233552615588	-1.693996835271374	1.548870734568507	-0.1100414442381532	0.12372273302125507	0.19649336658439398	-0.8264341971050968	0.3552184432203236	-0.19499173523278884	-0.5304592125720625	-0.3451123573226718	-0.4360348514009373	-0.9781823583586488	1.6508309999458826	0.9665676794589236	0.9834056960834813	-1.0370596336866604	-0.2948556753360689	0.4546455738499843	0.7614728378267603	-0.3895159200125062	-0.4980072969128033	-0.6638439920271452	0.20370979866688418	0.13209814965474032	0.24558409060463457	-0.11280714438001982	-0.09942519835173971	-0.4633562884817649	-0.44305938567220526	0.2750202549813372	-0.5114432031796137	0.02624407699397092	-0.25943773320915264	-0.26244335388817497	-1.2081408085537895	-0.16857227443978548	0.36970773099860965	0.046250172689927184	-1.5929089016244902	0.3606531567752789	-0.6541546360363801	0.17460173104485102	0.622322392202194	-0.025160309149854596	0.2189237946715834	-0.6069133605712691	0.4257458785672595	0.23611479574419314	0.3488094026365434	-0.5564107316827316	0.2643727820755622	-0.9641819250820236	0.39627592222710795	-0.1822297889070879	-0.028465450181062186	0.5871370202531639	0.8080055295784269	-0.343269125311308	-0.3193093930236864	0.6821807502632492	0.2781595010086082	-0.04757431411185291	-0.3631597734323012	0.5544262103476477	-0.16916709597572907	0.8726709825840298	-0.633146188070234	-0.21225231128108543	-0.15299988858781546	-0.8086988074580667	0.26506704046787266	-0.7502452893862576	0.3187426503459968	0.3059835601747303	0.41744700498937615	0.11590154618214435	0.32214740533026337
DTXSID2042220	1.600559133208386	-2.910141547235967	2.108958133991968	-2.4620001451434383	-1.727524576654791	-2.191826935642588	1.0569049910706831	0.14139297945324744	0.3328015449816985	-1.8088783306562424	-1.5829332189802117	-0.03557583429922492	1.370627714948102	-1.1101698425427915	-1.4376985748856024	0.5770285236358503	1.5833047583869904	0.5648848211538556	0.8805353850126306	1.33793640123812	0.352890326226733	1.2148295654723593	-0.1385738828830782	0.36363821690924863	-0.26393779044301646	-0.27368920298076427	-1.313079249417871	0.015094993458475233	0.6029254349514891	1.1492379401410868	-0.12082306240338545	-0.40623825994588136	0.36548837287720215	0.9333437520050918	0.02262972920491864	0.2564354388815503	-0.7857616040217201	-0.8682924475293259	0.09207869668470865	0.2308512626082803	0.0931705634154987	-0.5221902449200001	-0.7440088758794395	0.5349037815782557	-0.13822536177404954	0.5013945812208467	-0.021235108399055205	-0.22653917368094437	-1.0726932807438803	-0.3182656440583756	-0.11050853554396814	1.2303429721264882	1.2846283773366058	0.40722164349100437	-0.05181186226256821	0.6401053498417206	-0.6058457791013193	1.1289370093189528	-0.5604458439324663	0.3118647394670532	-0.27567854444393874	-0.8122055884251743	-0.5180483917023567	0.3731506198745534	0.6482231738749168	-0.2933580662065137	0.6668540191205988	-0.821661469939162	-0.49064354327872406	0.7975769483895733	0.24605166261926656	0.5478943721694766	0.7748710197446262	1.350378271767989	-0.5158284762753844	-0.4654926573243192	-0.43422305952206625	-0.005792399776212922	0.1445508011936129	-0.16987012782984806	-1.3022255578732438	0.2160063861451993	0.45165342517842727	-1.0084154426573737	-0.19621007499654589	-0.7220292303605964	0.5443956489857673	-0.2522022229604666	0.5906265448935037	-0.39501210536533754	-0.022602797148193143	-0.12815821620126178	-0.12373360900085636	0.4307771274172682	-0.00530352095837359	-0.39737452522215666	0.41763913966739435	-0.3717734691763357	0.061575602236415096	0.707984127560236
DTXSID5044574	-5.162377981411628	5.459836440671887	-1.594555983750281	0.18278058025668148	-0.8653160233743965	0.3170553076965686	0.7677035639234324	-1.722395551436132	1.1237662256854994	-1.0096253516411804	0.5503003781134022	0.4505085394580859	1.5309826184615163	1.2344963310010502	1.5047753433613398	-0.4534034840700741	-1.084428538765169	1.2182863689065846	1.2998186945373489	0.993341212756586	-0.2177952709358552	0.7604216817927009	-2.2961929100293674	0.14328355026313133	0.7526014379492163	-0.8640189823016063	0.45741090425501124	0.4101756819642277	-1.1129341467882028	3.540599674124452	2.3652749034585545	3.2199399127945725	1.11090823483847	-3.3093571215493682	0.021281312161818257	-2.686816843279703	0.5840248973252534	-3.871506728468729	-3.0501316816035686	-1.8434468969961801	-2.6279968886254697	2.459176992606283	2.1833094692153594	-2.5397276434652603	-1.9324405780600764	2.73254325011916	-3.979959014026799	-1.0201984592855404	2.0122318133981296	1.6421318573291732	-0.6311010802345806	2.3584617474209075	0.28804989985147716	2.2300529195005576	-1.009293139741825	1.4807804591843627	0.8788641599085881	-1.2249950217087864	0.41942383431647795	-1.7415498176882522	-2.2698360293390114	-0.08888043191518899	0.5140897674768347	1.2459805115872769	0.5938382226616448	0.6979660048735945	0.36429780919332305	-0.07910603716829714	-0.5732176011326032	0.40805487797991113	-0.14827728285026265	-1.253079185874152	0.2933383030767656	-0.311726443323095	-0.406134602329167	-0.6271271825304545	0.5914269810561135	-0.09541730579692907	-0.19813309812201474	-0.10455277598511045	-0.5280931101621253	-0.08442101495908262	0.34995328316620455	-0.41263338219341694	-0.11133181359549311	-0.37019945173444385	0.5362111334512004	0.31134174788184965	-0.19656612024960377	0.955572417263096	0.3523932911648488	-0.3846739423791541	0.44863532316851695	0.03004415053748181	-0.032578170596866775	0.07414037692993727	-0.08779040051089648	-0.047125857426878824	-0.44038470983930916	0.14706790691585678
DTXSID2047646	-2.941220659368098	0.779581285480041	-0.06983608781614886	-0.8514006894282202	0.4035436625101198	0.986226690926114	0.6837887161368562	-2.0919162350181466	1.4519391693520818	-0.2792341748638854	1.4974257729765281	0.498374366878773	1.802557120616118	0.798286281196555	0.1125383271371293	-0.6012969762167985	-0.22353686494361116	0.9127787212204836	0.05431236376307901	0.6212424062877333	-0.6320909081103541	1.046801865898647	-0.4432116955103911	0.062046489769573755	0.7174295004978438	-0.04610794220840711	-0.2877777947813912	0.19594333493074717	-0.253654420624106	0.1602169790138103	-0.16516208729638038	-0.02443564090781727	0.4454874251489031	0.303087079727514	-0.35058337516575544	0.174687769628891	0.4908279765779391	1.0265293369131812	0.0857653057185221	-0.5031981427688399	0.3234578426612082	-0.7538663314281464	-0.6340009647009753	-0.5331021787796821	0.1291988373223788	-0.42845887046103215	0.006963104555934361	-0.14905383503665762	0.24343201133618037	0.5939096179607999	0.12659590944484578	-0.5282466947479478	-0.3818395691611699	0.037446053435332985	-0.06472212440048401	-0.45407355261103904	-0.36231136491094873	-0.32604713628872883	-0.5215643004653602	-0.11025318041193297	0.4826250058652034	-0.36334539156706847	0.4499972132294041	0.03421332964059544	-0.6494551862628238	0.2433878051538029	-0.20343000186630336	-0.313384351930418	-0.45663436015920433	-0.045370137586925784	-0.8647672141277062	0.5487895071284441	0.23732678486238726	0.20183518102950507	-0.00607494952230344	-0.19907477351764447	0.02892813672227509	0.15727227744525715	-0.08157827151093205	-0.09043758914120581	-0.34485438486270953	-0.27426180838105396	0.12611495502688294	-0.07422362571821854	-0.433838396652611	-0.44902906104630735	0.01662093644199016	0.21609805397877227	0.3685968401361899	0.04470437033156798	0.20958085969279455	-0.10990579040433189	-0.26303898404098086	-0.41249640855900555	-0.1773461811190309	0.05239158410717611	-0.11684682187038445	0.013322823829995237	0.14589137532463956	0.24760135051318297
DTXSID5057703	20.320154981499055	-10.868656963560037	-3.9710183752502926	-0.020678150996402054	1.7700499761746178	0.6690056709794502	5.20889608739837	7.594903759800992	1.8450629026322214	-0.24372808645264668	-3.731382743072877	4.461456616006394	-2.3186697051829817	-4.4728787036314355	0.10261662272535987	-0.259861479073691	-3.6239461067614434	0.3490599536825435	-0.16378457360752874	1.8743348248549372	2.2027852689435607	-2.5894528839003015	-1.5483964883261374	-1.451540005372685	-0.9612837008962315	0.3225419220808805	0.8019023313364649	2.637948229996242	1.0006944827783466	2.3184867449164197	1.5921205294749983	0.3181622148520062	1.1798064535321102	2.9770608483165697	0.02130702282631107	-0.5200505947572331	2.415076645710729	0.9535626642914697	0.5293965394362986	-0.1137822509608845	-0.7832949569771812	0.8409670646462344	0.7548721003863881	-1.9196678962341291	-0.02230973267479899	1.4260598472658277	1.2858219264286848	-0.3192878766490332	1.458503203680623	-0.05825575211596901	-1.8040274536102894	-1.6038769085030646	1.4204817043015807	-1.410253583611019	0.18742340696514592	-0.25288132626189364	0.5098717064200171	2.2244014048502505	0.17736303052913172	0.05543309230505436	2.648533047368318	-0.38361088918171377	0.755418611546686	-1.860752381042875	0.40228075996791096	-5.650960068789859	0.6349462755744772	0.944426102034119	-0.820920936356433	2.88405989315066	-1.2041910736725197	-0.002871302753930336	0.37172008990573435	0.5256667407370774	0.46055150393062516	-0.35582909696562864	0.8391637284081365	3.914014982558091	0.577772539204129	-0.5001802239946634	1.6673912351148106	-2.816132894460941	-0.02471081646729506	-3.8924547764282216	-3.774523489291788	-0.4157145040637827	-0.04410260352357477	0.984774624445289	-0.10244531216472294	1.3789519111661692	1.5968262515466247	-2.5859273892792736	1.6498048490781811	-0.2694132022136839	2.192887222591039	2.400442912407757	-3.5261553412368274	2.0292539433329435	-0.8035734502565592	4.49497542650576
DTXSID0047456	-0.2453827363852592	5.714508702793866	-2.073532978402011	2.2606758193074	-3.268420672385146	1.2096228172163466	2.8984616027817953	-3.2639094229620436	-0.2433889731178334	2.6959282808093117	2.0754117273204273	1.0373336416122663	1.9946188308363648	2.1990946667288913	-0.1809280613763046	2.555687707728246	-2.210729910642881	0.8670495581062421	0.8909626931177032	6.996967912062975	-2.5018175862765775	1.7578420455462573	0.7182555677738534	-3.1713595613036074	1.954601596729674	-4.125150002047567	-1.9904469185897637	-1.1386357352790042	-0.29715901434873426	-2.091102210990403	-0.17889267771204848	-3.907959845497695	-5.390311817679317	-3.2107337595811147	1.8487078301375541	-4.074856995847353	1.9127370372733214	-0.05395900611252006	9.140202993857114	3.719552543245858	-9.246467114834063	2.7820706835804474	-2.851197867287371	1.8152848622154558	2.121485645851968	7.105380621224548	0.13530469597253728	-0.9279593906792641	-1.9974540361446	2.147553877548844	1.2147952823869819	-2.098477478300358	-1.9626028879691935	-1.8129363576305455	-1.3928876857952053	-2.063395215181238	4.524031833705469	0.629094961405818	0.7768012168068045	-2.4880289970716287	-1.1078962740990108	-3.844045683897792	2.3317367716815136	-0.14057028322092363	1.7331278093638276	-0.9118076117591721	0.8862869234815264	0.30825260686277856	-1.1729442921184434	2.658848077998015	-1.6050196395696128	-0.4266269395105971	-1.8588063660458796	-2.1855576982738674	-0.566804470365356	2.606088677651674	0.24639525973561383	-1.3378061944210173	-1.491614843773016	0.7298372896499347	-1.8790872273656516	0.9769905360795065	1.221797533089169	3.0816099611431693	0.8490880762342886	-0.5569536984756877	-0.26893670468678893	0.3561496420267603	-0.8269712025948724	0.9980230887858473	-0.10125130470431909	1.3208377075356306	-0.18526273764986126	0.885742334094724	0.05916120238370441	-1.3072154274279124	0.04136056571639566	0.31884196294100287	0.16776212288285286	-0.8285575562648596
DTXSID9047700	-5.950294471113797	4.316094897871618	-1.7992833127487105	0.5231203038975987	2.056526366218139	-0.23152676974061906	0.592876113071159	-0.2949384451926633	-0.07741301211738386	-0.8421080145407934	-0.902933730668995	1.1124368038820396	0.8078826857803724	0.0943085620770033	0.23150264383100047	0.303142970769873	0.306169205305302	0.47043654067148405	0.8257951230918545	-0.721033200382373	-0.31728843446787275	1.356025827525088	-0.5961407420111529	0.6597998115173671	0.23138442975278684	0.6524618733840296	-0.6707912188899567	0.09598295166015801	-0.6374663427365626	1.2183693981978814	0.8646361495677093	0.09542577565834161	0.5489393395586049	-0.272027792284221	0.38672624179470233	-0.19660649111954553	-0.18205281670902929	0.41014523912116857	-0.3246872657737902	-0.8714850384978527	0.2574779413114701	-0.43829261641178874	-0.27163865906896095	-0.22127471005135327	0.3903558201927462	0.2853049153125879	-0.2935182225404388	0.5408533638621812	0.33361776257497405	-0.5530947263056158	-0.14285855315092577	-1.1136765187363917	-0.23079928459053953	-0.8165686473195389	-0.3054979072972623	-0.7236223743995369	-0.3708170197803678	0.2534231751825461	0.7159116391126102	0.8805523829778051	0.9933052069758984	-0.4362571936516044	-0.11343741073058028	-0.4370954699210215	0.6849457626783476	-0.019447056097660606	-0.21814103800068224	-0.3763464460359196	1.0925276520008451	0.5311798258149439	-0.008590785187158117	-0.8146876785533866	0.28850079387066596	-0.01649981582019405	-0.021444087108940864	0.7691762271210554	0.16274333132235505	-0.30687758555442024	0.02713988015714511	0.1221954541225731	0.15769016474851483	-0.458937564041958	0.04803640731668895	0.18059344118942494	0.40484446048037437	-0.14698835156104612	-0.5967160155990252	0.19400023856189538	-0.2741419833301311	-0.4872483390128571	0.6909206477729822	0.9684890111958296	0.5171777924660098	0.4166206232488232	-0.37548338176181284	0.4551033227870411	-0.04562438129748589	-0.11224558144281081	0.15033464004414906	0.1337091619816292
DTXSID6020064	-5.567589961251569	-1.0326405124070102	-0.6406943801169075	5.974294563061944	-1.5666162537302721	0.2833755027638535	-0.20828789761484667	1.6381208213281528	4.140229732390353	1.4008672117184273	-2.4589355377238493	-1.6858575065573755	-1.2305301413879162	0.5443316165191471	1.0131003408062924	0.9165006745175471	0.23303732416533784	0.07708687699839463	-0.1666897996266708	1.2654286174805476	-0.7025304135078018	0.7830658629026251	-0.5158450120972021	0.4493802380878691	0.2237610993926176	0.6102937385304059	0.32420694184277943	0.2970866955019727	-0.5253153458007682	0.05012179839065163	-0.9757569467473595	0.5718328940635624	0.0018455203578674985	-0.2055798813638478	-0.6603109586581415	-0.09591523528016409	-0.44765349519740427	-0.05362142765220027	0.765447754620378	-0.15610714515883103	-0.7195535627577739	-0.4834926973053185	0.48195304271454975	-0.2793586463500296	-0.11903605661646034	-0.12473582195951578	0.1582977423916092	1.1223398277838392	0.2841756071652334	-0.030808212652641106	0.4945463748561293	0.3899980475969628	0.2383026264483204	0.32850685058068924	-0.5061402331032399	-0.04023643724346501	-0.03377153122258427	-0.7947962424157355	0.9334597402863367	0.14570095858360885	0.20079445200259405	0.0660630229655609	0.045999037567423594	-0.3361125905389382	-0.15988634744819075	-0.4373272479635859	-0.5367328775869558	-0.24295635452620656	-0.022801029334651987	-0.214949089931018	0.28973122577276345	0.0048341762067701565	-0.152274642525276	0.2100025020007616	0.04905723940259165	0.06907919958520244	0.0639387448313738	-0.19109735889935892	-0.5537902701425045	0.03401025690160556	0.30366663720722525	-0.44078872453370754	-0.38153249021144753	0.20619340796513758	0.1119141717501013	0.16697265407418238	-0.11659887813303209	-0.5641004705535245	0.6635536047691569	0.09483581013429011	0.2692179091416117	0.08070520630243734	0.28438839853462233	-0.47264747735884644	0.36713718452231064	-0.33850389463656094	0.2414755202498878	-0.9591402309967552	0.4516370829310234	-1.1723197029743981
DTXSID9026558	-1.6623328920165843	-0.5358571053756956	-2.0107082706508614	2.9659510647664056	-1.459984498716965	2.2928445588861583	0.3933665824962645	-1.0960585617171577	0.9075203524944085	-0.6032064581088193	3.0890992190849906	0.13345531399929225	2.4285573979381496	0.06436851678401319	-0.1966356055126591	0.9295858521997901	1.525687741954013	1.2422010653957272	-0.5261067947276881	-1.809949255240634	0.9972735612291944	-1.363618450506962	1.0244541678757044	-0.9255561959632848	-0.6211890080751913	0.16356188983189077	0.4712394406785622	0.8124803653938354	-0.7530306087242126	0.2117934015796221	0.5058290895824598	0.032658739860357236	-1.2414142579234566	-0.6891763384087327	-0.45241272737089455	-0.27974042128972976	1.242689876640123	-0.0743682590134576	-0.8398881791247446	1.2338169225262179	0.9860187361945606	1.373662361603122	-0.363315160061679	1.0388027772816266	-0.13896208282698155	-0.7158997733061795	0.5211718662580751	-0.3857711943805374	-0.8439736605871514	-0.5302195494732416	-2.4568018011576056	0.5016827953890699	-0.2531492258227405	-0.18963296824149983	-0.024420623482804656	0.3753339552655417	0.10156836257122179	-0.09015216156465665	0.5119469840414484	0.6400441157089677	-1.1124754399201129	1.0890806334528242	2.4161915673104963	-0.28830695739047535	-0.19721667534948506	-1.2172343030741741	-0.9381882804883996	1.034125576908549	0.5672190479414105	0.15569694740349463	0.9128215335960562	-0.07344408930544406	-1.0432232510795982	0.5949316944910035	0.8118937651464169	0.28455266610204155	-0.5231839997122508	-0.11021871327510127	0.42616685260123954	0.5456306686767716	0.08423009977725562	0.26213403568437005	0.0860674544971852	-0.5977622778222632	0.1838026434012753	-0.2221135286132478	-0.566928798121937	-0.6434111950377425	1.2079443338337237	-0.36231667550702523	-0.028367143267018023	0.43368526101033594	0.2397804086184138	-0.4784283214468833	-0.0791988424548968	0.13223726452654266	0.3804406066895329	0.07387975997058757	0.21939049978499076	0.17030118725147256
DTXSID2023771	1.3400610907084616	-1.1024720385397402	-2.1218623058537522	0.07739649434590799	-3.746436676797274	-2.500795607579206	4.818157535948374	6.439241799371654	1.089253523902623	-3.613387587289332	-1.3269899103703797	1.1714645251474498	2.3920315443711235	0.05310591200790538	-3.5497395067354613	2.319477306014707	1.3425805683075178	-0.20516211196217013	1.6479059733020827	2.828513922998437	-2.3612483353649263	2.9678223601103277	0.009818231728027439	-1.997500200329273	1.62191397862148	0.782871915049958	-1.3637290676935276	-2.393948374494258	0.40858106382694837	0.7864983111942531	-2.315631673799675	1.7503537214363813	0.4561930561553871	3.632820759128228	1.7106172610769066	-2.28871352442295	-4.177500086683304	5.71934140271205	-0.26666677557431206	-4.620458099085162	-5.1705408752050195	3.6727928539330406	6.757890247892887	7.063851828471738	-1.40887955246539	-5.101171637314632	-2.082701292843061	-1.606668003507558	0.6747801301605942	-1.2381642865115778	-1.7552857965265436	0.17421825011668587	0.9394420224945159	-1.3801114696316041	-2.1676396755968725	-0.7806586459480034	-1.5045678172103505	-2.0573453966504682	2.6960141521774355	2.2099652751873706	-2.0531707458785418	0.8331913282796013	-0.1114917771496258	-1.8677455127701577	0.783540455882569	1.9995735847146834	-0.3023270942516102	0.7139960986186507	-0.4173161186793122	0.5689065456247256	-0.9338924969727967	0.3624361311984176	-1.8521164647853645	-2.682423450344363	-1.0506903113304327	0.717067112866886	-1.207136036079004	-0.5866941053760192	1.9051498806107197	0.15143853766985982	0.14224027002293801	1.351029351257495	0.051697646358657694	0.5383740737528182	-3.101127536343243	0.2317406227397325	-1.382857575366853	0.3030564736231259	-0.8266249383607922	-0.6158267463893694	-0.007810635778158134	0.550011430049772	1.1898636601086396	-1.4559110549727545	0.9556073993084787	0.6515064787058557	0.9915892970013372	-0.07021981675133242	0.17655381768197778	-0.9952238057926711
DTXSID2042143	-3.00430021646583	-0.4098205229214366	1.4589259511380892	-0.546276440168459	-0.4382224218233898	1.4063088458124742	0.7719604970386147	-1.8515293241702968	1.350931386244966	0.4094189627526611	1.261539041803068	0.1966479088551995	2.7344620486948914	0.6053288341988438	0.07209292869308895	-1.26393774963622	0.7599865086062115	-0.05220199842025083	-0.4339744944062067	0.5026610444982765	-0.6220379973881516	0.7612201473427612	0.7810437573588747	-0.8206426468346063	1.2671787553978993	0.1554244701294798	-0.20007684347070376	0.19713861512922404	-0.7175887854163531	-0.9268286947212467	0.026616020414648407	0.24460413829665306	0.29744758211161904	-0.26823621208817555	-0.22750435789531048	-0.17724874300459695	0.5761559259388632	1.104951228518106	-0.47082351457426636	-0.10907274366604716	0.12977544899921095	-1.0561589568062564	-0.5878046825091017	-0.3136998645303566	0.010873070618649843	-0.7207511160609182	-0.4212956684506575	-0.9321526754252107	0.18665295465569276	0.9102372872921429	-0.5108712994257487	-1.2712544030881576	-0.584082780883451	0.11854029648983505	0.25906866716285004	-0.45243089798783415	0.16609966097077805	0.3966124081903486	0.08893468530877705	-0.5931181448109197	0.08282645197311546	-0.44844886210629814	1.161253021911579	1.094476832101436	-0.8272348556218415	0.22306979989637052	0.03929952020548088	-0.15247647636446277	-0.20336749018825256	-0.2729892291475794	-0.20582515822730468	0.3764976789398998	0.022961695229182802	0.4089895881039006	-0.6051242525389199	0.13275925542239678	0.1869714779192782	-0.04712407048326624	-0.25230698235201265	0.09060604239909967	0.371238737775648	-0.5103500628908924	-0.011124212727880872	-0.3897850592937325	0.34258868509660495	0.4839367625028644	-0.003824766354841844	0.1309173709814541	0.14567248629621143	-0.5292102808019334	0.22614598498645833	0.06750213259555836	-0.10552271449593618	-0.0679608828686595	-0.12452244591992243	-0.27902853964396807	0.2597860631597477	0.2666261576669602	-0.1516386172395819	-0.19567984864557758
DTXSID3048782	21.47773546497429	-12.648705801278973	-5.590442001390363	0.5020258232706015	5.337067561395434	0.5958887392849641	-7.220458112007715	0.20457385449657048	-4.713164841713015	-1.211503903725258	0.11527540362621289	-7.470049551600754	-2.267924642681929	8.849381905448242	-2.1675900272939947	-3.293570963024708	-1.0338203869344185	0.022148813013421455	-1.073417349413873	-0.41286640284414516	2.331246350851314	-2.6092326640847223	0.9397831932688168	3.2128282588223644	-1.8085542322757258	-1.349561427295079	-2.6346476222485298	6.50119995810419	4.481221065260912	-1.4028028626275426	1.123274717732124	0.44806896748759956	-3.9714814475086873	5.797722982985597	4.262598516382774	0.27198153144490866	13.776046322853439	-2.5666583380775245	-5.7840101732262585	-1.1511070452726546	-1.4506043657094443	-5.257732957971464	1.8419240424504688	6.455955563759444	-3.257890629320573	1.4383397834390723	-3.9066792970774533	-0.7093498571673527	5.646517059944986	-1.970237096288378	5.6218060994022485	-2.9509471908331864	-5.261952141777041	6.532155766884105	6.505084019952163	-4.238135489686156	2.489946897003054	-3.1528053081880487	2.1731959249752	1.075590037885881	0.43641419881585064	0.6890178453872052	3.7905154475204115	-2.0683346492019146	7.518218894792732	-1.8996847812069606	-2.2736756812511527	-3.5290383155330263	1.4314681506046079	0.9333301040620909	-4.7355409975971385	5.899150576199841	-2.864366712833337	-5.502759711757202	0.1164472601990703	-0.3398735037809939	-2.1675802116007947	0.6313916694625453	-1.707915550308042	-0.9818600796021325	-1.1477656793182762	0.22792790187734405	-0.6501687382428155	-1.8736247726988429	0.8127425451598247	-2.7729840746111822	-1.7247548989998662	-1.6115580065707917	1.2203306486407124	-1.1440623124920086	-3.874320281537061	-0.013006168249397048	-3.4226725961668283	-1.1912370286868914	-0.7652638286721942	0.9940447644668028	-0.5415939679538779	0.9050976641074888	-0.23949492733190322	-0.6540728363730508
DTXSID8046406	0.2226939646476925	-3.7168615228956736	1.8622157364777807	5.204034921791374	0.08573284701069868	0.9948134461949713	0.4746385935131515	-1.9453456039676797	-1.5411584161898133	-3.721663962229078	-0.9758066075139357	-3.2263122226186485	0.411360407381575	2.6318039258571253	-0.2805662210409831	-0.37670018932547866	0.10241176640565827	0.49528697115010656	2.091977666180331	0.33914813937105603	1.4734259829698972	-0.12468086710523177	0.756858070391535	0.6036942286161704	-0.4589979330553936	-0.01609833059829383	-1.2979497924476378	3.9644088002655837	2.3391167980018355	0.06607814045602345	-0.03851348635033802	-0.5467884965416752	-2.3426256268301433	4.324880349046707	2.6358642729188064	0.3273140701912491	6.763931436396146	-1.6352355868560222	-2.690812461645546	-0.7298198730537204	-0.7545442065430262	-2.317074965312481	-0.05111088648537589	3.7654793280147847	-1.3602655967793116	0.9112016411642071	-1.4397057662402735	0.6364444153087669	1.5301902205734956	-1.6330676668747854	1.6656094877628742	-0.3666711153875715	-1.4790857301889242	2.634378250101902	2.416609093618029	-1.3820841423303374	-0.0934773332416135	-0.1812132559898076	-0.03318928205857701	0.01484198197601291	-0.6784597944313908	1.2095840473051818	0.6446580311622132	-0.380145378954132	1.1345866893379424	-0.19730045908812546	1.0723943102781204	-0.7325756870254138	-0.2707182253490524	1.4148497063289027	-0.13152487299360668	0.7161667636880389	0.4808569392927774	0.12176750499874772	0.2888497578349103	0.4351079382908968	-0.6767749224577829	0.7504807685642944	0.5592648784341185	0.08394925629557466	-0.3953286405701338	-0.5497193060106104	-0.3987521846558541	0.539613703155409	-0.33179460857760823	0.5387729219014733	0.11435804559982075	0.14564402863045897	-0.29892760978131644	0.6633890547255286	0.022693789644740125	-0.10808462998664144	-0.20502836817279702	0.5971141058355252	-0.7273956530103562	0.4272540622830688	0.011434853378013131	0.05746471550152649	0.12878963828090856	-0.17837752401880289
DTXSID6022399	1.2058416614289122	-3.9934806893958945	4.773088582789652	3.109052433554619	-1.6602813229959725	-3.4221149683011967	1.6842254145095685	0.7608279582735218	-1.388891868151377	-0.9681695783382303	-0.1336987821681107	-1.6853803117041735	-1.185590943367173	-4.256711859593199	-1.635550899098056	-2.6996126087771817	0.8541061858965936	1.8571032620616186	0.5322346094942846	0.06855047645691519	1.457050818356638	4.223481501177045	2.7016399593399716	-2.340628789631614	4.54288858963247	-0.8788059277341934	2.567327945416706	-0.2667309874865651	-1.7344395090186906	-1.4643486401282104	1.50454860723886	0.8281576740569373	-0.727081821213684	-0.7037899092680214	-1.1829828626551318	1.9040266703989541	1.7863380457208695	-2.1102313330804887	0.4395131963405143	0.07920793464117744	-0.5859812302200471	1.3027785385783315	0.8669169327648824	-0.19087019579175762	-0.7215615732252951	-0.625289960445416	0.48005305325143677	0.9171246219801998	-0.4320581294024995	-0.7963722241054508	-0.8690724602132157	0.3543223710928158	2.4704364588784844	-1.1084294750978305	-1.5332485888738652	-0.05325852359468613	-0.9976604059592461	-1.9262793389068473	0.9437309807926367	1.3501882285435571	-1.0568890201840653	-4.185778061312333	-1.5201023103643043	-1.3486532448716886	1.1586469767133352	1.1315873382197756	-1.9920170663974106	0.8588250824235316	-3.415951175991932	-0.5842554299735503	-0.04999514341111793	2.693747155044028	4.234398035353242	-2.6698811465122074	2.300111746814349	0.9872353046278581	-2.707409458733635	-1.3795312289305908	-0.36739410435655473	-0.7452478872498696	-1.28070757190688	0.45572898728942085	-0.2333860577467442	-1.203299734729246	0.2387430889795796	1.732182557085605	0.2620556478337119	1.734384220067485	-0.17028189256776885	-1.5998437009471826	0.14071064308315942	0.34426214541316996	0.4532063740967219	0.0676088430870246	-0.893849870818648	-0.45895084723388957	-0.41552080393385965	1.1584806678749788	0.9572465106767014	-0.5897892693597634
DTXSID7032638	5.3390920674169395	-6.195863883165955	-0.13879072027511627	-2.57804529016719	-1.4290100086089152	0.5688482633431584	1.933755022062993	1.037010161443671	1.882991298770735	-1.1271031476264857	1.9023240572197018	0.11749055492599286	1.2082678699816631	-0.054747928123586385	-0.6058599762069469	0.7338901877632241	2.8723090332873435	-0.8387025599168564	0.8589885724010009	-0.911747925689148	1.8813964213250605	0.24682594027746102	1.159996605313	-0.08838659403771104	0.32374852625451206	-0.029341287675872095	0.10861678204259566	0.3757367845266596	1.1991555833327563	0.4024687926408966	-0.7202848100536802	0.7410420227964218	-0.5523919854952954	-0.0776391998971588	-1.502937973297693	0.33059569929091415	0.6695363571833116	0.7898713276293617	-0.2722822815451873	0.010172163000015092	-0.6042123441393922	0.5682058834581251	-0.09076137902081896	-0.4899566086705063	-1.3466632487232013	0.5436836486805928	-0.2600737454995433	-1.035190765040481	-0.4108199071851736	0.728072969053899	-0.36330243897748926	0.6178229166398407	-0.6526198461886851	-1.5908816287778116	0.5225826637539287	-0.6598005876133348	-0.3867588694316529	0.9756879854944585	1.5229833441792509	-0.28481070531523495	0.24923812200289486	0.754442405038463	-0.736437960513805	-0.3353614246881479	-0.15457201037515256	-0.9025492613731306	-1.0183594249816363	0.3493075321679549	-0.5312205991671468	-0.21535108527630722	0.30890596482335547	-0.6277539609290006	0.5063782173101156	1.3139329409104556	0.5243148911426249	-0.29239718446780727	0.48010480163785874	-0.014643693431433367	-0.04714332571117854	0.15613211223274728	-0.2758683445140977	0.5596162405783547	-0.3068367577303229	-0.385516741086744	0.863795506811929	-0.043040696229408676	0.0012772416912478625	-1.1276821549498375	1.5202119264853762	0.3602738675400211	-0.43477897443214236	0.776326213668896	-0.6261699938542237	-1.1537169213121252	-0.027199725428485793	0.19980664701893192	-0.19734019703521874	-0.1522791996611847	0.253955570919104	0.4648656710821629
DTXSID8046822	1.9994053521213744	2.840905756504235	1.685566782128177	0.6120433794148099	-0.017124277753623747	-0.7602655506371804	0.08122105001069728	-1.94944939436909	0.49977410664640526	-0.8447343588814828	2.8037487634485214	0.08679226298559821	-0.9726202999914711	0.09997866101531831	0.9565117337266297	0.10979122160659442	0.25605318361284074	0.7613497688338088	0.31008570384596124	0.5353346585656965	0.08818387469569386	0.23485575578107531	-0.3698930840452442	0.6041852814512914	-0.9759814616781742	-0.035636461879006376	-0.2618940171757631	-0.2277504295724116	-0.021458720152460576	-0.27264733956927617	-0.7614027314465187	-0.3394084306856742	-0.4230581886370341	-0.04243401459196722	-0.1015731940541458	-0.5605231770814343	0.45117161663711713	-0.21506009862086298	0.31458038042119413	-0.272478614023131	0.6008140725207354	-0.22801450279185895	-0.16415864615332604	0.32346584445794224	0.37340917449389077	-0.6881970305942933	-0.017739706720041635	0.28730038481098075	-0.07993300053640946	1.4049505075165438	-0.7761266216645467	0.2967460268480185	0.24387936128490084	-0.08975235258798638	0.37970854498926604	0.5959289908150937	-0.5111530171663892	-0.7697683803624373	-0.11564913658414497	0.3237679105854405	-0.8166391316893701	-0.1569872272449358	-0.07805481581970733	-0.6459393704297473	-0.638933279508988	-0.449200296717049	-1.2874902690898542	0.30366638521479017	-0.2389803322366572	-0.29364039426192345	-0.22541604120386333	0.10607881573593665	-0.059983027266800056	1.2965005588026253	-0.1258029658582169	0.03147451478572637	-0.78462464971634	0.4598208161946085	0.7517651087328429	0.2666034582472312	-0.5563598327627581	-0.22468811152251017	0.2821873961490955	-0.023594810925877643	-1.2893955153408203	-0.17266139426658983	-0.3049622102146734	0.2920060966139309	-0.4277778524099803	0.34519240868097806	0.4037386538690296	-0.053036916405151714	0.3923750063262546	-0.08061695505346163	0.07703104100288187	-0.357154840460938	0.08817105278872295	-0.2984179400200717	-0.20762156981280014	-0.11713984966312496
DTXSID6057740	-0.3701019289643482	-2.298082689052754	-3.6882689198097975	1.9925911511706509	-0.58877629056756	2.1365607125355135	0.6126374327598012	-0.8266799747663345	0.5803180264625571	0.2886626325678112	2.8832982147236597	0.5697996583186138	0.5910289134183458	1.1750493294659905	-0.04488845845484059	-0.35840246411753945	3.0297863131460145	-0.19475912135040674	-0.0944821814993546	0.1716656919805938	0.8017873057669826	-0.4792510798867276	1.497890199713799	-1.1608604684292103	0.5054034292988038	0.36287037892056817	0.5619990075070548	0.2676112913424438	-0.7885510539833702	-1.0897944201207286	0.5248116770128108	0.4499178245024594	0.34095772898982973	-0.697205545500469	-0.014060182948522635	-0.8195831783608816	-0.5195594211661313	-1.1382187548357972	0.38647789977002117	0.1599484285957949	0.5842025688842775	-0.9019580358224434	-0.39551110942421097	1.5571062053292641	0.3037260985121541	-1.4550385729404562	-0.2712184390935749	-2.012130047066962	0.15804348016622477	0.8958926677930397	-1.145873272188797	-0.050474004468230534	-1.6378394706476798	0.9076584391393251	0.5190120044810671	-1.2030043612196935	-0.4371870827284543	0.6408233540795197	-0.10528025506369032	-0.35368941701058687	-0.9592148383767134	-0.27005408251182494	1.001927864814329	0.7132753095349808	0.10108434916882182	-0.0032744194310528156	0.16881435393518587	-0.3120957514264924	0.19345261150961993	0.21799424262401526	0.4628103448380956	0.3464622892058581	0.4050117225619077	0.9072621487658511	-0.10911612457887972	-0.5989581629787033	-0.6449699769840751	-0.07660559951732913	-0.3270440838307697	-0.3038774011662411	-0.01257650212091657	0.20337504126009187	-0.12182027297073138	-0.301533124283443	0.1140926338876397	0.32380559439515794	0.1247818855407219	-0.45719768539032074	0.13193999441042445	0.17064770343168778	0.22676206704478796	0.22951688963755146	0.12347307214513266	0.4111887604271755	-0.19631173262328105	-0.09313607783269763	-0.2458332187048985	0.2039638270535413	0.011522076953838752	-0.17311863368151054
DTXSID4020616	-2.2655622888608264	6.91481919478319	-1.0453781224509144	-0.5050440012829657	-0.8864126477297223	0.7620081434221477	4.366840791266645	0.6840352201751633	-2.1129039047467675	3.0568009394935975	-1.0242095604479962	1.4305741667786545	-0.841077601771384	-0.21598978165437882	-0.1305278401613638	0.6514369406583388	-2.7777371993992146	-1.9824654293782156	2.472627587700695	2.8239770891222262	-1.8411892139359565	0.4558460665732711	1.9484963357314538	-1.5964218883616534	-1.1146637450393069	0.7567447684621945	0.2552718769069925	-0.97093442253644	0.11720364233568074	-0.9337256077988841	1.1471385654848387	-0.6210742842216906	-1.615583219271413	-0.7485606941221988	-0.21844178884240018	0.1742680158860455	0.9822816600387603	-0.03440859659829191	-0.11621729136847665	0.269003729676375	-0.32890533514817494	1.306102223572511	0.1665174583462587	0.34752571632020635	0.10039667123496618	-1.029222866242844	-0.7938441536401374	0.6752969656436899	-0.10231211648744967	-0.46756158102566653	-0.7654619448042926	-0.05174759046998916	-0.5571852547402247	-1.1692653340101815	0.43560287602227465	0.8515224928063874	0.5252885639927212	-0.3364563914554725	-0.4659397341216844	-0.7254008217896057	-0.8889121161454587	0.857875400282347	-0.1738704099969885	-1.3149641579115872	-0.18598942255507303	0.12893100927960202	0.7628952635103374	-2.049763908708266	0.08397452226934422	-1.5508582028740465	0.4316114092995067	2.8355287782091616	0.9538706356486601	-0.7588943161061461	-0.6607681008224692	-0.24791216335300373	0.41737485073998626	0.22961272507423489	0.1377379690290268	1.8856703215289214	1.0654086537267593	1.9354514496282895	0.730694806257175	1.0239374168247033	0.26948704214339714	-1.657135202307635	-0.16472509665708587	-0.15428072904925863	-0.6581870168371645	0.10919939828991808	-0.170579472681201	2.1110299736001807	-0.4815624968029293	0.504214991607902	0.884238069989033	0.030684296237388376	0.7411063983547167	0.3773559278578687	-0.6286702592193608	-0.8598320337071941
DTXSID7045079	14.899307479650268	-3.2131858190046234	-7.368200247119624	20.40126326841171	8.517761599258984	-8.776313132759828	-5.208540034306887	4.714992379975653	-4.044433190874796	-7.444138102203179	-7.928639416776892	1.0813495687668795	7.033185312686703	6.759632213826665	-5.942486269337254	2.537140382897336	3.4600310881239387	-1.3808659901135467	-1.1337372878771046	-5.236706265214669	-2.99951849524434	7.24648385501563	4.001677023486557	4.074066098598306	-4.096463316817298	1.1653340387478288	-8.861188652579626	-4.4278197103122485	-0.49261356852196286	-3.252908409467843	4.721620790128711	-4.7899235870838535	-1.3683715202115851	-2.262889449485335	2.678372681702345	1.7895530899502046	-2.166301101568354	2.0262584851719523	-1.3686411120043085	-6.070952858503471	4.3909789973342175	-0.670323792876809	-1.250264027716899	-2.5830448178127026	1.1620197117199336	3.6342723273634876	-5.549461081235086	1.5619569603525087	4.512932617347216	2.2848550532797196	-4.974888314835535	-1.3100487742464637	-3.1059383982480107	-2.8312654876973715	-3.1259205977358877	-4.319770281286314	-3.1499409735202293	1.2639623795217592	0.3936729592269452	4.649739225689235	-1.4535693858177678	-3.677224664889523	2.522104614416457	-3.6590329983029086	4.1636795258928325	4.778817211536685	1.7985169596808894	-2.185479944365209	7.60664097776352	2.753206487142726	-2.309605501119944	-5.24655590098852	4.1772109140972775	-1.248432366397384	-5.045579931571901	0.9007671733376931	2.8384289910008977	-4.895062717224597	-2.043325688540813	-1.9033599596434012	-3.563555533081107	-3.240598716078695	-1.810482774096062	-0.9811428951891356	-3.123533580917044	-1.3421449672497119	-4.481152910265475	-0.3764850882618332	-0.26586533437716714	2.2876302327470865	2.7014952598309807	4.679348599294757	3.5657374896058056	0.6110973185822343	-1.1457976841975228	1.3249576981991282	-1.5224821764066883	1.9481757556522015	2.3504448560308266	-0.299080894749718
DTXSID1021877	-9.309533870640925	2.860393837924902	-3.7678455306340117	1.9947962247479605	-0.5265900085375697	-1.3680658005286752	-0.058516971991056335	0.07712506112127825	-0.8886570508374506	0.7634559770417598	-0.6722716825342895	1.1678117407719504	1.3260688820402353	0.7483579514918963	-0.4067833794872495	-0.39882004436082696	0.49670399252708275	-0.8850965139251293	0.4424522321318045	-0.7846886673212048	-0.6665762184329231	0.6880555230305178	-0.04229868647809929	0.6720963515550282	0.0779713939511938	0.684140951944294	-0.9886898662248338	-1.163129047146393	-0.5269212323611376	-0.30080768255187523	1.5829767839539994	0.1422668188839361	-0.09553462571360087	0.2925591088208514	-0.17989915084748814	0.22210218462901682	0.5895194025043273	0.7207554705811607	-0.08076190032400372	-0.8348995332646931	0.07854987538072637	0.06762363649345161	-0.16652088264445306	-0.2768739287106759	0.29265149358812553	0.28913714556136894	-0.3061565759358234	0.45719858861991997	0.09315195804467946	-0.4257355273620475	-0.2535497958255493	-0.7846965543024936	-0.6135822149388507	-0.38955322685187943	-0.9265067334425184	-0.1193338169652983	-0.9758346412716381	-0.4653970737601143	0.36633151134338804	0.4812077326222792	0.07751146963058074	-0.027192259026504795	0.18076845882834294	-0.3991500159664783	0.589816185898514	0.04996579261072565	0.10228244355052117	0.09140948825229203	0.5655698150107924	0.905294141578631	-0.4625726284159262	-0.8304610101002489	0.8496646517959914	-0.03208550565258397	-0.4883164617686277	0.5601626865263571	0.1302852113298143	-0.24129248298076525	-0.9436448702467929	-0.2953493268904119	-0.34115171284930496	-0.6651827947892317	0.5731832574823026	0.20150185920328706	-0.47351340547475396	-0.6605015874461173	-0.47922367758480117	0.15506335046755185	-0.16397451034422147	0.10357461193318526	0.8056874080962009	1.0192146805481022	0.13053856268326172	0.09257436937797259	-0.044481357779902926	0.5193446125019944	-0.49938881916143235	0.08659614073564305	-0.20113314235014543	0.5436730406557773
DTXSID5023875	1.084407497219269	-4.9453184269329675	-32.16149263955877	-1.8106409682227032	66.10255925673897	0.6798414025695388	-14.866671979236962	11.01954749986824	-12.209792954731341	-10.32528684519302	2.1946591862815814	-0.6244444977577516	8.563230981329646	-17.708168010181073	38.430448199968964	27.58975130749797	6.082374870152417	8.16684897579818	-0.6552043626709452	18.21096422322443	-2.106584218754474	28.697117590890024	-23.139365462170773	13.183998340217764	12.39631948284507	-18.479908855336095	7.792457715709006	-1.6548777294804689	7.055916322461053	28.99535257003485	25.57736493953817	-23.534668798354698	0.6806339928327925	9.876684220048633	-16.060175465664177	9.021693751159606	12.075746967040853	16.218860734457984	-18.376747710617742	-5.631424836052303	16.20798434163353	9.624247822668842	-18.849303259152016	10.155541346498255	-5.1992836912225755	2.0210730650234034	3.3839654278510616	1.6311440547386016	-15.09013284463743	19.121868116595586	-16.370690531336308	-2.798174156902384	21.015771457095052	4.923563629156956	-16.745866397156913	-23.558096109242534	25.10636843438269	1.034879919922588	20.365288983734917	-2.4920584543520077	25.587576382072143	4.889761361848579	3.496589276660824	9.853063621845564	-1.0054249778244686	10.488581998733988	6.548432035838252	3.781679471647906	19.328418051861494	-6.463473838595965	1.6768353709945503	8.212696802278248	1.365783554119456	-0.48606821664556554	6.622243566622862	4.311226909556905	-23.936641683386082	27.701814105895075	4.546886361004864	-15.647851094945771	5.131003029845636	23.157903465141562	11.65022156760889	27.199634558687986	-10.755086051102648	28.301986147164218	17.609163710015668	-6.647561437416112	-2.6182144035873516	-11.936900108714838	-2.83288533320479	2.757390259227917	-1.606511570405648	9.487286495870086	16.710663929976178	3.9546689841690306	9.38628637205541	-18.22870671766866	2.5023860684869836	30.417807847725605
DTXSID9045508	10.911471919285239	-0.4187056941264938	2.7599554904620427	-2.841819936775372	0.2412695286004075	0.8001973375100601	0.8275031162491755	-0.5441814617661329	-1.612386032066079	-2.466972087840418	-3.5493846126509725	-2.7318285840444467	-1.368492676538453	4.859164492468699	2.768100810665008	3.0561871735739743	-4.824949711210981	-4.257601422669881	0.22540053764116919	-0.989019870296544	-2.3694160417760517	1.7052829957832747	1.9644040187167555	0.1507802939689466	-0.8758386506941961	-0.2731472417690337	-1.6863535055051089	2.726040935710199	-1.5987272319970083	-2.1434955549215133	0.41129994750249177	3.5051495417929037	-0.6259820650195986	0.34171438348200506	-1.8086909534225992	1.7440259885116929	0.35610893213955397	1.1258906218412008	-1.442473696946329	-0.1860430063951898	-0.34525317880313766	-0.3970292126513939	-0.3578736033318567	-0.4276429885900128	1.8689655242281464	1.3311181202327786	1.5342305090117658	-2.7112426047800446	-0.8328532950925733	0.48520103475181475	-1.1822355288943356	-1.1287402063974417	-0.2698754181888104	0.06548674160747969	-1.5988929987475962	0.3436656624622991	-0.1352543241280721	-0.681849218956019	-0.8723442021865839	1.4211846150678817	-0.5414049224262102	0.6452973844888706	0.10600515401184878	1.7199126250372505	-0.2614943594084571	0.19493913594462614	-1.4516178687193442	-1.2742217083113871	0.19664102078013956	0.7350232421533465	-0.16365061977252957	1.109330464639914	-0.17334948611136236	1.2755910618470447	0.6841575469453683	0.47106039952446077	0.9579302773043273	-0.212687885854379	0.24068892544709514	0.06964283392915133	-0.4368379678393239	0.21599201974194543	1.8185196419604928	-1.021947032161002	-0.8744262769340011	0.22202651966042175	0.38861344009125226	0.3167847438468678	-0.5665099366239493	0.05556702341432176	-0.43021440152718454	-0.4030417766410461	0.12496142704124487	-0.1371437495022344	1.046058038527876	-0.3049467115988944	0.41623105520652304	0.27139527903693045	-0.46364379079378354	0.1549914631566401
DTXSID7021992	-1.2801545714826859	-1.585519123145151	-3.1478001066238464	3.6287444255857007	-1.2366249050087934	1.2007857737808494	-0.9600587417526328	-0.39038329048367626	-0.35867241679157136	-2.0496348596018903	0.27846955917249033	-0.6676877679497495	-0.01900172812478529	-4.805527760562261	-1.580952557886943	-2.5651537941678986	-2.862314118541529	1.6856256632583417	1.9980255689055577	0.9087442331407699	0.7359762684257125	7.064343141410437	3.544608390185757	-1.68153658163512	4.3236787677402555	-2.3947762618558115	2.183484096144417	-1.810354965599252	-0.9373856693439333	-2.0586998514239205	3.1051155360136904	3.424769705829847	-3.353009434364547	-0.31062088552304523	0.6307393571884491	1.331388245222639	1.1687177621398204	-0.6778352162812479	1.5040364437698408	-0.09149660112236382	0.09025299391212946	1.4992118917183908	0.14403510722664056	0.3208502737994508	-0.03025109197966279	-2.1345422632049877	0.32842334356555725	0.49300616700746586	-1.7887358033018528	0.22879364249687695	0.6018865175134548	-0.348640691750401	-0.6093442463274816	1.3577142892842093	0.632881837178443	0.7025106969174922	0.7619170051465968	-0.6006991791002926	-4.021323640778275	-0.9707593962205995	2.2667614006967636	2.599609721413604	-0.12819366530656875	0.24088124487758739	1.5771219069677225	0.9984981689497296	0.2335534734459165	-2.7419688198825822	1.6640746436706029	0.12105540354131697	-0.9244314562211796	-3.06150783133633	-5.3812439586560235	4.002767176054776	-4.367285733542062	-3.1677628499448263	3.6248168457778966	1.272626059148138	0.4626116340785153	-0.8646076336468376	-0.8935811467515204	-0.2613656924948274	-0.5780504578329748	2.1945116745245783	-2.7143210915095857	-3.953468694952318	-2.6223657256845656	-3.4651364885430938	0.9934235783781052	-0.7442080184593376	1.3420830924352307	-1.9062606603483592	-0.07873016838019652	-1.1732429680470868	-0.4040363710667881	0.08998941615825849	-0.9073323388812924	-2.3344964034885356	-0.11140415283166184	-1.3381569238214566
DTXSID3046322	26.037782622372667	-1.6110497851914827	-2.0781366874281284	0.2659835856305053	-4.641899656087473	3.806000993381243	14.533729629748409	4.8714912901467295	-5.289917670782309	2.58490759584498	-5.960552419613775	-1.782701003750304	2.605623224097216	-1.680724697834578	3.252925183141706	2.3420480450678403	-4.846050289747778	0.8520778824364652	3.467233363687918	0.22505007656583736	-10.057376496704805	-6.256268267837606	7.965741499907794	4.391627822339962	4.462405013325585	-3.0440770632257395	-0.989435714706852	0.8077894037782484	-3.443983907479652	0.3340182747462506	-0.06950191104086076	0.5397432488520967	0.44966611534598466	-0.2088018544878674	-2.0682853703343276	-0.7672773080908151	1.61350637274272	1.1398263721921982	0.0653664363678833	1.0346309482051723	0.3119422249773148	2.5938991384293364	-0.7732081273933392	-0.03353748927784702	0.24362635869034202	1.0248867734890488	0.2093774659969074	0.2638995860729543	2.73701960345912	-0.14063157101021195	-1.9988829459311406	0.6487475633504206	-1.3981251556729846	2.114352739646883	0.1812413810068872	-1.5718834531663697	-2.024477947848021	0.9522258480844688	-2.4855941955273684	-1.7041932922417948	1.7212602922107316	-0.008586785882954652	-2.1579420534241676	-1.299826342996722	-2.092533443413615	-2.2007475727927543	-1.166857028474296	-1.8733271581792865	-2.6746623970484813	-0.5544613078222755	0.9948181164514026	1.925445189299836	-1.7673231983869233	-0.7036519739391381	-2.037504095997354	-1.6741504790435375	-2.0995659745862842	4.109028722569373	0.7757627081603514	-0.6707279654655098	1.8705165460650484	0.24168644821779378	-1.4579601058750629	-2.9628812996167464	-1.2755081619740256	3.184727093827752	-1.090616789908889	0.6800184386809996	-0.16543595820103954	-1.7582548212518208	0.6289114476289325	-1.3638468089277058	0.836163373229566	0.04856062274506882	1.2044691862878747	4.275223026749943	-0.4789263468904482	0.030112313988567826	0.8517775823795214	0.8336086920194116
DTXSID0022519	11.351650515685739	-9.050786210857208	-4.032580192648883	6.50501316175223	0.5512443521177421	-1.1122240418287923	0.6022158135161126	6.55087010568564	-0.503009289552276	-12.591892149405636	-5.620093417622565	-3.8127429751578465	1.2846340557256486	7.130297429267144	1.0716453456689987	-1.0117091916282648	-0.6791608350203803	5.347668356183235	5.717879226509979	2.7819869383724796	-4.544405857899369	-8.258146726423009	7.411425065333799	0.8604701854696416	5.493674255467037	-1.6653272345989727	-0.05870500775351514	2.0427586394969564	0.7193703447030032	-0.8200196660613185	-0.6370390712006037	-0.31271269096238863	-0.2172068285635651	-0.6329767711006841	-1.4391124412173781	0.2032419850259676	-0.7110932607916792	0.9187326898575211	0.7070403100847296	-0.16970200600815555	0.45392788200576045	0.9209663348329581	0.3953935947811026	-1.0566822975391275	-0.7257768068358169	-1.0427405666109146	0.2949273165964699	0.4079823067612468	1.2920932678068928	1.2631113777443845	-1.1234444702543696	1.210937238483613	-0.2325269705864714	-0.8215395008559087	-0.06619485387555811	0.5505239166912183	0.3140568252548028	-0.7229207942819218	0.0711455787561408	0.6202663140367412	-0.2205348962806049	-1.0557194385612705	0.15743120031553817	0.3690753064061873	-1.0775341920185153	-1.4824604096852996	-0.0007977498888759574	-0.23926691590864774	-0.20391557168964897	0.907714227927982	0.43757428566710155	0.28375824038323794	-0.47195112876260814	-0.8614582860164414	0.7309748057791945	-0.3019015643084405	1.032849474103922	-0.14512904326242806	-0.315090139807514	-0.8391489007214343	-0.6522687231175699	1.2042574283129202	-0.20246993256467838	1.5909174499783154	-0.7249680882555801	-0.5359404957866636	0.5940636921089657	-0.21525561022158332	1.000896130637219	-0.38319544514481957	0.7654470814405329	0.4625836659776688	-0.1389816549143722	-0.11327900067939206	0.8348263469869203	0.4948006628915418	-0.13160731710021534	0.4730217319914474	1.7242893571788618	0.35129324355284436
DTXSID0025315	-3.209333571677632	-0.3384235127801506	3.2901856209434563	-2.3935552696603644	1.0912610485554515	2.0311957020376856	0.3404904813430984	-0.2587343179658805	0.2412549861733951	-0.19176495195915463	-1.0248083138978172	0.2634673046559991	2.263778482688419	-1.041463888449145	0.22653066804316752	-0.4788509625829225	-0.6496929066249699	0.2000546086377499	-0.22628945401250908	0.16326782081192093	0.22041505817561113	-0.5281052726656839	0.19547916225266726	-0.2741028280671045	-0.7624461784076063	0.6946203767971321	0.35570742819526585	0.19446139063988793	-0.5074617717049241	0.8025257893237367	-0.04942099134275587	-0.07775531741831956	-1.2296289987629092	0.5857695296496999	0.05723945701704596	-0.5098623086850897	-0.16606525411628717	0.541490910298639	0.2803994000126872	-0.00751117934847424	0.24076234982856273	0.2989964202869479	-0.2919254710235567	0.06197718048013322	0.8500451489712866	0.1980205326615947	0.15403231995594996	0.5124565815059136	0.019021505604893758	0.2884006315918323	-0.1478418429740167	0.1135894325818318	0.21837488235167724	-0.18924848018064688	0.9804480663876157	0.887769591406374	-0.4064400418522175	-0.32705031729315476	0.5883272128333964	0.11298092484964542	-0.7612581403409499	0.3501438360829788	0.8970989955163365	0.08277461639902138	0.7691590263876468	-0.8481638405951379	-0.01705252471518578	-0.4401136467374455	0.45281317275242233	-0.3232089538978171	0.6616189961055798	-0.37057905466790947	0.7019198051009655	2.294179975759436	0.14681707879352596	0.03079651732837462	0.015788615844808944	0.12899317860678056	0.46193457138463007	0.5692071353924346	-0.7102645077515854	-0.4249257514323092	0.3021770299916778	-0.4229371445568625	0.1914238872425493	0.7506531345223763	-0.19354202328224535	-0.13227231252907812	0.3564965768998168	0.3643380479204476	0.30616454356177114	0.27710494709767375	0.07297114647505104	0.8921679710035464	-0.4453759382070179	0.08344981755755829	-0.6815314826467461	-0.19123364291518502	0.3815125020130145	0.5200990440907006
DTXSID7037717	1.7380561405051882	-5.356508124049047	1.7460126837640455	1.9464824940998708	-1.2540523949934674	-2.222791736259864	-3.9192890115205397	-4.069018678413183	-1.9995724015230283	-2.17565299386514	-1.7424928462820861	5.2913112945404395	-4.660109510336792	-3.5852708013116135	1.6233310451081822	-1.5043989447092292	-0.17589976332411492	-4.114174055520936	-0.9423500257174745	1.6069434493044958	-1.2686159621150326	-1.3625976588926074	-1.7381130366409607	0.6843057433480921	-1.7862667915245716	2.703727964307343	1.5781800931747587	1.0905492479014012	-2.2758343014591267	-0.5858118086119836	-0.2120413887064158	-0.14873725900386936	-0.1958043953271283	1.9033392872145365	0.12455977802731864	0.2258929811891226	1.501144442363049	0.7007451174234175	0.22556052024830914	1.2326623039820241	-1.2068405022586344	2.140346187356657	0.03593329322020774	-1.3748487124731263	0.5913604584906321	0.6817709909183699	-0.7336133410526272	0.39109811386414184	0.45988648907143026	-0.13955826497955576	-2.2001244125633934	-1.0673057249274585	0.9245424025677396	-0.6501069026033415	0.4343954323280102	0.5340736271906218	0.08242824507437557	2.2791536992410766	-0.6665684820968301	-0.9885564980374186	1.3055165630943895	0.388770201570156	1.1410435778391628	-0.21829265684512383	0.25093688799145036	1.8333867740104053	-0.7455485376437309	0.8177338335909443	-0.3065350252579086	0.2640411882270004	-0.26222272729021373	-0.4949138700962434	1.0786535573268181	-0.24107909849480724	-0.8160398963061147	-0.2872004809679784	-0.18883660092918214	0.26954994487050454	0.3528347392154528	-0.1730457091927022	-0.2947159649712642	-0.5690101719653057	-0.6132455118046908	-0.8825885219437016	0.6787836278529721	-0.1339032347131755	-0.2440448159735039	-0.37720730489896415	-0.6599628787839893	-0.6830018134679235	0.6166595327862551	-0.34482569198521007	0.9567341388762686	0.06760765961648703	0.1530682003826942	-0.22902421610648183	0.6242533074705114	0.14663368592673132	-0.3387554098696672	-0.19350350200571634
DTXSID6024965	-8.053775700941605	0.9883032764729711	-4.484962986051886	0.24469380359046855	-1.2871959042705272	-0.803435012504009	-1.5281505021442585	-2.058648394773638	-1.6412872721288616	1.9493480816525737	-1.1475910874647772	0.16458805153021383	0.6150501375598153	1.4412771583676187	-0.1546786324945541	-0.757121180241607	-0.06753153625781273	0.29422442364725754	0.009397813951386861	0.2628626062380183	-0.3783717892691249	-0.4050134319560881	-0.5914569124236064	-0.4344849517282897	0.18139568130058567	0.3118878313750492	-0.07928405151291709	-1.0976551886312182	-0.5260577601782342	-0.5038744028409186	0.758399629060424	0.4136680842008784	0.05032212585852525	-0.05060225187115274	-0.07423892590355655	0.47997305001454676	0.45906461024262996	0.665181457022252	-0.15875340959560674	0.19963008045220032	-0.16019647031195905	0.9481058094279572	0.22312326566432178	-0.4538735171844472	0.20737144562228596	-0.09977677274550328	-0.09855208684595536	-0.054648147631680986	0.5103623168327228	-0.6567823824474711	0.2664865974267141	-0.530006601409	0.599624579996627	0.5907771074174946	0.8925696486103453	-0.18559978345983075	0.1475859500464554	0.027433167565137716	-0.536625226471412	-0.052806042522583474	0.31257699449516063	0.16526025727976887	-0.6797789795257805	0.1450654362879809	0.4082549135882492	-1.2131422342010845	-0.19275213590283216	1.1236915922255026	0.8004824501594112	0.14033091377003457	-0.3119575815475155	-0.6275667596550674	0.9385683527868137	-0.8065872113856353	-0.8798443001082826	-0.04346383563806479	-0.7882544199629289	0.12494519730769164	0.2386709393745604	-0.06904921139394157	-0.15417455536692828	-0.532484536507223	-0.2917344659568831	0.8523290222991534	-0.5777623555230621	-0.08451376084942264	-0.3293380584232319	0.15772080996691348	-0.2329693033015788	0.14834156316274763	-0.06895481753568752	0.5166745224068151	-0.5859560913014048	-0.026096619874916765	0.014993767611061502	0.5119940108073683	0.834081273830573	0.23809640968748816	0.3029227661035979	-0.05404974639199144
DTXSID0057625	21.426570912818686	9.236134362999449	1.4887060935700072	1.0254889262919313	0.9871771016396202	0.7443161103787572	-3.9928388527337835	-1.1639087886883954	1.4783794452683294	-1.2145027522380758	-0.14059283557634755	0.3338950826276384	1.888590774097337	1.8278169148179648	-1.0392498142286932	-0.12246128243239958	0.06549839842661723	2.348020302945228	-2.5105393579517488	-0.20458642420568648	0.0532921320418481	0.03822165280039987	-1.7780725581616867	0.5248865314547558	0.8306936738814905	1.0413861879195379	0.26365801437728026	1.8147077383561587	-0.35872260761140584	2.649323505992161	-0.6171149251428358	2.2861227665955255	0.3997635425348232	-0.694009744913567	0.6270608528862343	-1.2892818509784985	-0.641359970262918	-1.5688554569085273	0.606862557418053	0.5534417832637751	-0.275821423957489	0.12861354216990614	0.35217769748316685	-0.5647443167979744	-0.10548636475906335	0.12117565461614499	0.3878440457781622	0.5587024619821765	-0.8082931035373679	0.19795487655301972	0.7138841172654405	0.40082625604751854	-0.9985352753430442	-1.5831753254938383	1.2953757186077162	-2.4041603232783713	-0.2433905931631323	0.8907825096902324	1.5660433651961267	2.1876279401125833	2.640549622015222	-0.3921282051661555	-0.8350744831087591	-0.7821467333011812	-1.4265289808684805	-0.7738245830502005	-0.38027401521801835	-0.13414762997713472	0.6113431927264399	0.7339034917868518	0.2676022494955075	0.3764452249872232	0.4599980959848538	-0.2366551711456336	0.6303614853895444	-1.3861443104411595	-0.3416069984483868	0.2358435112192446	0.27865179476867125	0.788080724454924	0.32340469306482894	-0.5941976204882923	-1.6046697752460506	-0.16636478976151184	0.5676567936951799	-0.5874101942505194	-0.7711195104954347	-0.5235721920481571	-0.07108586516330895	-1.2818902315631522	-0.5895543954835325	0.32289766096376926	-0.5101929209200794	0.9039372630356451	0.4748164711988324	0.12536124809284438	0.44195053824411124	0.2344908204722287	0.09826200445147582	-0.65180284409222
DTXSID6042521	-1.294322695294762	-2.017778212633177	-4.023150130591144	7.130845087667592	-3.9422077119530226	2.5370005743155444	-0.1032496917306444	-0.16042189759529943	10.116553069804343	2.141248117714207	-7.839986939915881	-4.614828553484811	-2.2128454733776297	-0.1339853808399819	2.7031276801189947	1.7429378397581001	1.348386052067766	1.3107197724299358	-4.356837496807472	0.6841114137417387	-0.43579699817294537	0.3412938387484276	0.6752297474185204	0.02185491687031567	-2.369105036212758	-0.15074631849029083	0.16207730276113444	-0.7471508092068011	-1.442271418524843	-0.27810209249508155	-0.27350442047468615	-0.6500923551423704	1.1007242911932114	0.49056603953838696	0.5859174855888677	-1.9797703800476034	1.9783927015005673	0.9761342154165186	-0.8589023661228031	-1.9284088292212513	-0.25726603365797396	0.7263477844443228	-0.8506018084511134	0.6211997981628036	-1.6030301987710023	-0.1353574259201763	3.0671832068045832	0.0027208761727446655	0.13048080914930113	1.1468256105576322	0.725576860403087	2.4368913238548813	-1.825850632438756	-1.6870828882054463	2.0346847892645252	1.5042225325999632	2.00869718972717	-0.483489956943196	-0.2182582341855318	-1.6473646063456018	1.6647092176236906	-2.6763225455527118	-1.941287220463983	0.42989459519761825	0.056821106955005286	0.8723328207376632	0.17623634250968373	-0.31562542064112814	0.12255172202411087	-1.83641513818664	0.08488522343829537	-0.06951509890405533	-0.9048449920516412	0.5126875333437309	0.5818245755887889	0.7386741954455116	-0.4960265533506007	-0.46413167303543457	0.8578176402347932	0.5452675504397438	0.31186370403780694	0.3172252796531933	0.2267774870940442	0.17284136601745825	-0.0960661278565243	0.3386354517211773	0.31139730833008517	0.311906198436714	-0.30981390400870445	-0.5682917236455278	-0.09355791620169972	-0.3484168724461352	0.47976672913428553	-0.3895247350987009	0.3172070493068153	-0.2839642807470229	0.08971178190986748	-0.5777811579635116	-0.187131521178278	-0.7623714941164256
DTXSID2039336	4.618519813464707	5.496276223908794	-0.7189037627647562	0.2103527603460295	-0.6075551445706632	0.8854193913281847	-1.1928429004249383	-2.2541233928557105	1.9819918540251957	-0.33451172197110396	1.6635221187744778	0.4879187140427933	1.8910398651938483	2.0891188792936517	-0.176582120014064	-0.4315697139280496	-0.6411236158268239	2.083695291455198	-1.4755222625660358	0.5731583293324015	-1.0682488364657452	-0.7423397334495417	-1.5810462021993847	-0.28544523934684035	0.36006648059965807	0.37709277186704193	1.7549698922543044	0.17468649467687244	0.5603005019240265	0.3934354109658113	0.38019810530942855	1.8492173767391886	-0.5577714254683912	-0.6758407093775473	0.0021535726504437226	-0.8400402172321838	0.545506434524143	-0.7975320197276311	0.0832597577084482	0.8861450014407017	-0.06376359819069302	-0.13832745065423982	0.17851738632390482	0.3559261699391804	-0.004573816940127727	-0.9668281009498046	1.039972462025118	0.15282230601675292	-1.6215020079165112	-0.13077346828955638	-0.07547564831902963	0.08990758740378076	-0.5525518962106175	-1.0716813191838412	0.3388536372743868	-1.1824099807493718	-0.655403293723524	-0.5750248445944182	-0.2959660550748843	0.9862121010691783	0.21106861132082844	0.8739072548746389	0.47376204102144787	-0.5156151338524403	-1.1543786773642628	-0.1792324054167737	0.1187215324021021	-0.007787788537457493	-0.4295353507208317	-0.4863081925135049	-0.1619706117649223	0.715478478895431	-0.22379739972524157	0.05413028601727319	0.6025522238932198	0.4524072871148335	0.3384522539743714	0.2973662528872399	0.27739815769980697	-0.5045471216712799	-0.021474136989894806	-0.1848197188073663	-0.2544173811520335	0.4481587555583627	0.16904127513011413	0.25929468986717474	-0.16872535034681999	-0.16637621731300478	0.40447191515596204	0.1677840810978906	0.14674818860093877	-0.13778584772242786	-0.25834611234772664	-0.024404686435548693	-0.23542581178637229	-0.09402437099060694	-0.1348947111896606	-0.11284549354878473	-0.26072713507537376	0.20432233821169973
DTXSID0034803	10.574309329646043	-10.466432741382247	-5.562679852392878	0.25141801602928887	-3.905832342647628	-1.6382031704147002	-0.3441739509012667	1.8690082835308663	3.6670229288326226	-6.963292487373754	-1.6275058708165684	5.24905191930095	-5.737542742021293	-7.415710298559897	-0.1865604099133627	-5.363547822182881	0.7668100692350981	-1.8283960637930379	1.7109352230268993	1.2234113314783437	1.3754103924023906	4.702570354442373	2.537414616440875	-3.609209627045305	3.7843837822120596	1.6750411757477937	1.660816594755528	-3.031238114018019	-3.908270046820726	-2.3309901082248388	2.8736268233001656	4.26260212949157	-2.0342527745249233	-0.033227511054404094	0.7018160884608265	1.4813363586382884	2.5107169875239794	-1.306225122901852	1.237325755975166	0.30511235620689414	-0.7985900080110913	2.2462571058205145	1.4338796460279986	-0.19801337954709894	-0.25264817262554623	-1.2873579084342046	-0.9994994612173811	-0.3165197689581034	-1.7420714011557963	-1.646151124229239	-0.7089313262111911	-2.143928447680793	0.3535194285160186	0.10446343884937068	3.010802994581639	-1.579678023533173	3.0140290846104576	2.153989002848869	-2.543172319034768	0.30478833899245694	2.216043816023224	4.3487405748977705	0.8391877209480422	2.5314408894219143	1.3127037753807649	-1.087243145921933	-0.7681566726125181	0.023513993601130243	1.8289536523174306	0.8649543495379892	-2.0266866415153166	-4.381422241248359	-3.096910430994158	3.3814489919715314	-3.57045287063341	-1.8201274396564362	3.2979493136607894	3.488391943221161	2.3133718462385837	-1.0570321872106234	0.00872194258768499	1.4724032316873237	-1.268045127402175	4.919990246074725	-3.78655382844852	-4.404911911581339	0.2568921605941237	-0.7767987437816887	-0.17571763411905222	-0.031619713055472405	1.034616465761341	-1.1519709153782056	-0.6732879831138863	-1.1407768059132986	1.6172159316104249	0.4990640149609338	-1.9249668963535917	-2.0765357449559296	0.2696391403547972	-0.1358962828701901
DTXSID0035160	-2.3580538604964456	5.549855300407667	-0.6847592412857402	-0.32421561576848484	-0.28633235045497935	0.38146144805469007	0.08488434842447798	-1.6503417470550583	1.0154020069232639	-0.5924392910135341	0.23792354780108296	0.13970618856122838	1.5093663041418732	1.0316556623695903	0.4354200521973871	-0.5554858727818172	-0.8712825342309748	1.4267428691592148	0.3573670681272853	0.23848049381497666	-0.03224066969349942	-0.45764453610145245	-0.9509574641183338	-0.12356906312069812	-0.4739837310159541	0.3702321382288174	1.1656306233336995	0.5522405252656335	0.13061063218282143	2.2256057434888104	0.5755439553630136	1.2558207783272755	-0.11036822279448028	-1.058847306230175	0.06191114833993242	0.10438251414681689	-0.07800860626975484	-0.9605905224351365	0.584728957783371	0.38543423769435436	-0.5278279995104418	-0.2769441442791661	0.16698200863639556	0.5689776833835221	-0.015156069645644029	-0.39924868623838683	1.243725001711152	0.5213867949541854	-0.5958579138989495	-1.204692392396488	0.7011409018040946	0.25390694569463296	0.6287696193392599	-1.056252828166447	0.4152119663777643	-0.6402017341442647	-0.5667061787855713	0.4384222494493541	0.5530954289817768	0.6063260219706921	0.4728277244940081	0.145297293969783	-0.16584789231866887	0.49978034363121016	-0.055251312148572054	-0.24776412783169807	0.07906983026600534	0.01547177857077866	-0.40741575045310263	0.8125578299665829	0.332118490253305	-0.024351182842473697	-0.2037802153589269	-0.2029810966569326	-0.6080254174233636	-0.4888488662203597	-0.5940900523032483	0.2377759468805066	-0.6853672413050838	0.03396607817752785	0.04981375547299004	-0.25944278116215364	-0.15258833016857706	-0.09161539564745579	-0.3887748423091667	-0.05304640148479097	0.1525485337548899	-0.2117000332977218	-0.48215294014341287	0.11096981062605242	-0.006015589228812633	0.10320572222044727	0.027543652264016078	-0.24501679365000176	-0.27434604173337496	0.468624280993283	0.19013875219847018	-0.12097398331263766	-0.2774456604433188	-0.42194108674102165
DTXSID2044509	-3.0426454708533828	-3.3148147021508647	-3.4574522139741206	-1.134008295966945	-1.5221809470226115	-4.528247238066602	-1.2378526772681786	-1.3146885382814943	-3.9031721601626126	-0.5400335616853787	-2.775249107169356	-2.731219398246095	0.382583552984778	6.171268151339952	-2.3539478930925175	0.5298508983746757	0.9327203649787238	1.156802564701958	3.025823175192512	1.5866070127863114	1.95993630813787	0.6775666989360064	-0.48849031018272565	-0.5784891882004427	0.60029720501511	2.0044823677758044	1.1379896730235046	1.7055159291914654	2.252229131067242	-1.9076516095529825	-0.2298375519471625	1.5488790098855487	-2.1381858865243704	2.527583352210328	2.4650858152327624	0.6332736599200703	5.015136380917274	-1.095843107059418	-3.0114440159845595	-0.7066538226123874	0.42667008809047313	-2.875479497922068	-1.3883363176876204	5.848006773051329	-1.511007677420343	2.1116423214905047	-3.0622062649197295	3.966625904291624	3.2423254978599525	-1.5804769599910535	2.4103506512925166	-0.15515500521190942	-3.476663537079841	1.7821075319061308	2.4052613755374446	-1.472024261464758	3.04735718205428	-0.7940744970918052	-1.3119921739893021	0.7052265750811835	-0.9919702943077277	1.3771168546967798	0.7279176546003545	-0.811144059354302	1.4754732917068136	0.7935426436227039	0.2435280434110008	-0.5963317604487434	-0.7681459127900677	0.46977646007810825	0.05317808942400605	0.18661338086074644	-0.6942462107426066	0.24379361948739342	0.691131854512756	0.4299608164488612	-1.8954535690829293	-0.10195568702986343	0.5017911797695823	0.19015690906741028	-0.7588202180045771	0.3067479047089799	-0.13126419870168163	0.5596026839942533	-0.855471515467841	0.9961345288374557	-0.3093618317650568	0.29096032478110023	-0.4581474388623869	-0.3524009661977087	-0.6010236881911595	-0.9480463811686575	-0.36208463084297726	0.5357399898392278	-0.2753427731873601	0.7249904121742208	0.5452387604634211	0.5164871413602617	-0.1854937332470938	-0.44223211497344095
DTXSID1044481	3.0529079737299187	2.7661501199913965	-4.819903314074992	-1.419557392149109	-0.6331298687808098	3.327371840035356	5.0300462500964365	0.46858723219095405	-2.4003953933720834	0.9187967140035536	-1.115118511020898	-2.229012943926335	-1.0428560119566501	-0.10721031050487882	-1.8191293809334033	1.943482847643991	-1.4641748495940388	-2.0117085181188794	-0.8105094163353433	0.1611116981914605	-1.084048343581033	-1.3871386612516188	0.3182109997145919	-1.5578630465956333	1.0283862042191068	-0.4117791956610795	0.44428355935986064	0.8682245222588421	-0.8040505128694199	-1.4450554446334365	-0.04713717657582111	-0.4287002736739125	-0.8481125109478991	0.9274135756798236	0.8519738324614275	-0.696706228715676	0.2138869704302777	0.29557521504107076	-1.1094190564575774	1.6805987038452215	-0.4802598902155048	2.0489175648800213	-0.33288586028982925	-0.6164384318430671	-0.4339184012348639	0.22384441821370715	-0.7668628699886938	-0.26563960403301196	-0.5315485206841799	0.16390176952293892	0.07463241317261787	0.26642060443839716	-0.16643930417906572	0.238724634310167	0.7066559866566564	0.034755703437749495	-1.5202686550984945	0.09423736637591204	0.4549043641206184	-1.0056628150514164	0.34446015483923054	-0.8807186908656568	-2.1594347987412124	-1.2138276040957676	0.9928476751022361	1.067047562073317	0.2738551586763068	-1.4893698072969168	1.7737019933744802	-1.657462478276378	0.6546608247337193	1.0121644830943552	-0.9584093558296116	-0.6160305127346398	-0.8129798163906499	-0.7045732575107801	-1.0320040748857848	1.4680351077870508	0.34897459593407226	0.9369790915669478	1.2117857317454752	-0.026103405611964427	-1.0981287762169023	-2.6816200409461173	1.699779862853468	-0.35113250093844417	0.6945952184664602	-1.1278192110968694	0.41541815210010646	-0.897011663457881	1.9491059919523515	1.9767162645615426	0.46015480639283923	-0.37732362981570394	0.29993268968672476	0.2836999128821282	0.08344091071645045	0.16758973318416925	0.7578401528675943	-0.9218882323881685
DTXSID2047149	-4.605582130951982	6.120700525705451	-0.721123920976066	0.6914961174698799	0.3549495159368632	-0.3836296154921408	-0.20162098345810608	0.23696863631731796	-0.6168663072954583	-0.40631307282086243	-0.9488378315148318	1.1227608882526396	-0.16975485894292303	-0.32626564493762594	-0.19291449157979038	-0.05044950742592117	0.17432323116249712	-0.18352255802179152	0.05150255641658936	-0.16604870719483786	-0.256238699699083	0.3516708486358368	0.373381525556621	0.28009927891868747	-0.8186271892719704	0.5143433551490356	-0.5973187552341873	-0.5547400532028087	-0.13597057057826784	-0.7142124208457971	0.37400544602921376	0.05745452266495615	-0.18369298449292495	-0.0025402001552480933	0.6526297072246676	-0.1484866021813374	0.05738011431940993	0.3901758668685567	-0.14386390659439113	-0.7386804722361937	0.4817703366729023	-0.20239971618926622	-0.24286426925270588	-0.18640682000028322	0.6674216190179886	-0.01171171827393907	-0.8742013369926754	0.5661133089435888	0.374271640252413	0.3914988974547038	-0.4776367226947046	-0.7240949851455892	-0.4653334623057695	-0.3933387846713326	-0.06429977641652411	-0.48181039345473525	-0.10932159076534806	-0.39353770398364124	-0.23006083469382632	0.35492287968100317	-0.5302465369589904	-0.3485188269072894	-0.7484076683814016	-0.08874268420583219	0.4466188096143858	0.30013503692211624	-0.011394171620568874	0.0006444448742880274	0.9340367586704482	0.44647212181729123	-0.43527516458545784	-0.5470287964033096	0.5151142860160415	0.11011764038006933	-0.1309477660497109	0.7575003469264258	0.4363365995443437	-0.7877737779682089	-0.07135163979646418	-0.12940721259000912	0.06480725712551487	-0.4933075701125594	0.999027658127047	-0.12110356553184665	-0.0028855477316785437	-0.3425608338403822	0.03504474205095194	-0.37037923285015795	-0.3580601809500777	0.15503018476136274	0.4045346246576061	0.8974540499461711	0.1973937358138418	-0.279267921329756	-0.040375555170954716	0.8387408439932292	0.11533306832342641	0.03263317671846241	-0.48422557348389483	0.13482464649393897
DTXSID0025078	-3.2581547617171123	-1.2121798619020305	1.8797058303605825	4.439652773984113	-1.2146283626595675	-3.099878008816614	1.888561160967751	-0.2595645341773144	-0.4350268767418532	-0.7599520281647061	0.922158625584763	-0.6097075858851865	-0.8227829389133879	-1.4831846022170074	-0.0026398200367434136	-0.4533263142349662	0.3645903670358425	-0.5289776456341825	0.6109466456393942	0.5466828592267977	-0.4397408770635762	0.44443771074070887	-0.5537307121549396	0.023632507478651463	1.1188072990689322	-0.19141675377541584	1.1323125779297174	-0.07996088377333291	0.16452498071892577	-0.8378943520663101	-0.2503034055326428	-0.21964082495918597	0.6225789048180167	-0.39432506643368953	-0.8260431709530512	0.282832165051943	-0.5656771380232195	-0.7113771843187441	-0.5974871454526993	0.18158214861153862	-0.37847820146590305	-0.44551685128125446	0.19113584448600052	0.8257307009815024	-0.004325583311622756	0.07091687985876884	-0.18786987768123437	-0.5769945369112933	-0.23258004716244507	-0.005211524605811841	-0.08544128852435591	0.5194513795424894	0.3240946916196167	-0.25551977259259134	-0.6565302953774126	0.13175141344076519	-0.7664588568869959	-0.7940434823416833	-0.13737033688624278	0.9363946442503641	0.04991908613439697	-1.1655926522755866	-0.08142794319431469	-0.9196880665893924	0.4311063313884246	0.19931929837259618	-0.33989506894125177	-0.2894717071289828	-0.5634156397467506	0.5593454851512051	0.6407566154122136	0.0986914146795483	0.31027921694091354	-0.07500573760846845	-0.18159737411721463	-0.4747807918827642	-0.17552887542507672	0.03436234892700688	0.7722082138252808	0.3442615736623971	-0.6974311557692062	0.21820904967255203	0.0968529883378688	0.7483838368141088	0.10423818212840683	-0.43702762244216176	0.6117908182845382	-0.1798799807458751	0.2052975800141557	-0.517882626738316	0.0185846713744643	-0.46675706717261195	-0.31917410491241394	-0.17633737489905144	-0.012627675441859353	0.012041541816053951	-0.5016201932152663	-0.275625763102332	0.13181609410734085	0.09640957704014286
DTXSID0044288	9.719109879258092	-4.045566649211445	-2.15381637703654	5.5023446249908785	-3.097310689001961	2.107283589151469	-1.5126073169261431	0.7057668076066749	0.916984820491639	-0.6305036435506896	-2.676920944709663	0.4892138712350078	0.4984032031737216	-2.5812318496826934	-3.2636992279522152	0.31270729130084934	-3.169484171046377	1.7704148328298421	-3.830019689977582	1.183905085023452	-1.1344103385312223	-1.7501812568651849	0.0865209836222981	-3.946929432304224	2.0486983291404033	-0.028371637060585757	1.6064642762252512	1.4604256969596217	0.9500786812399067	0.5163426599848471	0.4284109656189865	0.30038276487609966	-0.2659017861781882	-0.04306592801949593	0.39734703856502784	-1.7584853930757356	2.919486623645182	0.8941685348401552	-0.6670931976113338	2.536432155986537	0.4868305430606467	1.9365830926502712	0.6246477633155036	-1.0611288510335968	-0.4793313876705954	-0.3151509948949097	0.5372663920172949	-1.5996197154584506	0.0499700175437741	-2.1643825362655438	-3.5719274138602386	-0.4076601440154075	1.2586698183401472	-0.2325455786806079	1.0845287534155443	-0.7562878538408538	1.1871005706591127	1.5416831475555257	-1.765583303048722	1.8594909556131944	0.9288471453417223	3.2665191681099826	1.9331334283563855	-1.331221137509272	0.88582525160965	-2.312638915175058	1.6851645553410106	0.6083662557262461	2.298980104871636	1.5772652146516453	2.483534244165891	0.21685438943031093	0.44803475680316973	-1.2690325933209665	0.8013202648613956	0.30073844003523803	2.1208065354961287	0.002541783704430379	2.3559456099322316	-0.13151231884595782	0.9244046393135227	0.5851144853315704	-1.6542835710729606	-0.626294283396979	2.3564957338815677	-1.105287831740502	-0.05448027792489052	2.5902992879143714	1.1493630435530506	0.28031533918143026	0.5930093923804551	-1.81749475161986	1.306128894659275	1.6679057597772824	1.2025566391211828	0.20673964343934748	-1.5536672660599438	1.2279443557809642	-3.7124618441728563	0.21726751994320517
DTXSID5052884	-4.618686181069403	3.6247652038396336	-2.809851406874707	4.277594427088724	0.9105887068181533	-2.42592810762	0.22449614175164	0.9444433759142183	-0.5088099355956385	-0.9181760956065885	-1.3250591342122569	2.3804061181434624	1.7934355008872214	0.21857090353742187	-1.6851276059631248	1.2511925095377228	1.3788108043298108	0.4756122199815994	-0.8759834634734398	-1.9472305268176076	-1.5250136237820007	2.4308181955261032	0.7865879367949714	1.6554724231131608	-1.5484893327473455	0.2627585554058089	-2.822379531285805	-2.0265467226767284	-1.0277156585288272	0.08722999182103226	1.4857084191577532	-1.0317619167929437	-0.261546403459231	-0.8545515432992492	0.8548414869777973	0.7538520877805673	0.04950121476978075	0.9024043561850179	0.15923815234080194	-1.8345129709562138	0.5984867961636009	-1.2771260412557925	-0.44762172618470797	-0.6876469227011333	0.4340730465222432	0.647454629187714	-2.05068501262152	1.5341350940027456	1.7243581781658541	-0.5201446019828027	-0.9416054072082642	-0.6941718103605592	-0.5588567480146663	-0.8335436368201464	-1.6064446727977844	-1.146870179894938	-0.9300040178010398	0.52265613188121	0.726988553222397	0.5798151677114518	-0.7273278772905097	-0.9273575500924062	0.667346758057993	-0.16281432423657013	1.9966494525213048	1.534050061130207	1.216477203473265	-0.5240694151539274	1.8121450421886722	2.010442966283658	-0.4278563372322467	-2.233010688951382	1.2858405051470703	-0.6607946188787107	-1.3202593060095227	0.3275317862232953	0.7089856803150806	-1.4339141246686242	-0.7030684502057072	-0.2965121397042944	-0.4540006861390273	-0.9529149922334355	0.6343128031057956	-0.15157423338703035	-0.18375278848097895	-0.4744254947584154	-0.7569573507506275	0.3155853550921578	-0.1910404644639723	0.23800526370811093	1.3191380226099234	1.3425847736915955	1.029900348269911	0.22968202055404088	-0.35002662474297974	1.0774747407745318	-0.34919448473053244	0.5133583961835697	0.0725229719087198	0.10634509322963304
DTXSID9047463	-0.9568751739750864	9.876301057769846	-0.136337855421298	0.9315239668306433	-3.8418761827575607	-0.35910805258810174	0.21060883410382994	0.12580898048420583	0.18104342709015614	1.5959804169827587	0.3905098944123422	0.7872193540494826	1.6448434135419965	0.6737080044138877	1.0598956310904255	0.06411589336737783	-0.0511060728020255	0.1992663107678671	0.9110643431660986	1.8641927838366685	0.9196516914074708	-0.6899811293403629	-0.59009594196037	-0.432774998720788	-0.5199436958701136	-2.8244645397802537	-0.3959587451825783	0.08653265629095934	-1.0609389552492028	-0.31070135846602115	0.49929227717296554	0.35395370776662105	-1.585057941206127	0.19487157598916646	-0.8681651821855614	1.1027214071411393	1.2751097391438257	0.41727635015470776	1.1063216928544837	2.621296632453237	-0.9315435956079905	-0.04193957501471154	-0.7098085813407571	0.0275138849948236	-0.794184665848102	-2.3607432605555116	-2.441918450073773	0.5644342535027231	-1.4313684720370972	-1.8854130884523708	-0.06440775475432196	1.121175789854532	0.38156288799926363	0.6493918519937604	-1.6775327382370055	2.620655782429091	2.7575417857306226	1.08654500348969	0.22114193735648005	-1.8848385409896133	-1.069145246690734	-0.6203480034275984	1.1438693420589916	0.7927285703225512	1.2499229328088932	-0.056623356265141735	0.32940844717371115	-0.2176628415811697	-0.41331719626904617	0.9967343008260716	-0.07992690258334095	-0.620782976147778	1.4002696678340536	-0.9453130232108837	0.8930419863993734	0.6982838011804429	0.2236012316642475	-0.1598815023639621	0.9512063484858551	0.9439938661714188	0.08426404420465433	0.9508334690744829	1.280684754196116	0.9759011507106938	0.8130619217284106	-1.2960630790515586	0.3622328683577957	-0.43748072065639926	-0.48742911172212805	0.8771687347126271	0.1398448251919228	0.8232617383751519	-0.851575269930436	0.4262767015642699	0.3526721991728966	-0.9965834093694897	-0.007348872340156748	0.7856411924720262	-0.7496722335793918	-0.3110002396773113
DTXSID8024315	1.165203569949372	-1.3412403150692693	-0.10961821663438849	-4.252515060753169	-2.262395702037828	-4.021842435243786	2.2398007565786964	0.8151563031976277	1.6600729508335625	-3.2567669324732327	-1.3212986403141562	1.7586288537760912	0.027900746202909915	0.8045601167239449	2.4810826733089604	2.227993905291413	-0.8948188712583585	0.7380354800022866	-0.7660181515853008	-1.2626068503834877	0.40780975433933103	1.5858792934513086	0.2823797888065123	-2.0092882266407965	-1.002052809894344	-1.6623362307213019	-0.40650086234549565	0.5287417983337546	0.3743745931465795	-0.2246953404647388	-0.7377695486715463	0.5841971481377469	-0.08183611040036272	0.40245875131747083	0.5386899054712182	0.19377575583443346	-0.9747584850567952	0.0012904296445013842	-0.9701634509285356	-0.4730212933575742	-0.4107881430656184	-1.3230016664504143	0.36201782625989803	-0.6896080233453948	0.2649904852846945	0.4201285435238582	0.006732842650451993	-0.8499432058591386	-1.4000504333848194	-0.3009032085524551	0.8363673333934604	-1.271831597628093	0.496810983640923	0.27730154500679943	-0.8502981123596852	0.6117337692997639	0.38104739489169964	-0.11244204545522275	0.38624153839711295	0.26728250141300036	-0.5281201759147568	0.4010199757020779	-0.11873880260650782	0.568036458904413	-0.43819703034835406	-0.5884576149634431	-0.14757108354202417	-0.6448473979370104	0.025251249873450697	0.0065471770026716905	0.6191761548370027	-0.13124228386389067	-0.3334617034900351	0.38775443298877377	0.3105494701094256	0.26758684225636004	-0.4562075698707537	0.07276792433136292	-0.04250199587152689	0.18466548631518565	0.13125226403653137	-0.4158816853508333	-0.20526253737376712	0.03405216387451428	0.5599305612039722	0.5667303180737625	0.014170792732268657	-0.17377888441455333	-0.03378286509390389	-0.15839149663979485	0.22665314958028412	0.07690774768804062	-0.11313331807499236	0.06815528733821599	-0.5359228317288531	-0.21982360590903863	0.08491330138617491	0.27476505498413384	0.1656210053683749	-0.3291819215401037
DTXSID2057788	-8.07015318913977	0.9516075417742278	-0.5780337865994591	-1.1711637289384815	-1.018962004300105	-0.6918770872576453	-0.4989995422755641	-0.9264450960250813	-1.351586271855886	1.4316639134279858	-1.1133715328507352	0.3888253837697981	1.480684954647617	0.6178889431794155	0.1972834048356971	-0.7295599433941435	-0.061599355847285986	0.18070844437955388	0.9122130653624797	0.10031247321613594	0.16857421282819238	0.4350745795758603	-0.9293385991032852	-0.09992765565620841	0.0449270041943168	0.7410183185818618	-0.9027185049405206	0.5529196576884954	-1.2140515321226877	-0.38863335936561355	2.221327233576528	-0.09537070504527834	1.2355373590893322	-1.4207967856052954	0.20889342756154092	0.3611857720928369	3.277037913285818	4.724868392164681	4.211040816015354	4.108938639413476	7.240131378084276	-2.4406132288664084	11.958161549171264	1.6725614853256767	-2.092838235349974	5.271355513451709	-0.11002716709774615	-1.1193312409189202	-2.058348973581607	1.7186925849395642	0.5050209068555568	1.046742374912491	-1.3522707231317452	0.11886067195854907	-0.7399313114416188	0.5387132119770847	-0.25978154661354097	0.5264154514555519	-0.07703750145927941	-0.9112238031882396	0.4197713305096598	-1.2355998504674817	-0.6284355753529454	0.5396301803245644	-0.6667618957250382	0.36523188362783454	0.6836794497584912	-1.7019682122184596	-0.184184275812231	0.619486774769859	0.14419755724604397	0.42383697531227604	-0.1281066502061897	0.9294336457063082	0.7849113834587873	0.1328752150057203	0.5139787962600566	0.2294914405562554	0.06530430172882384	0.24248509950593056	-1.2761942807917779	-0.2598409947602032	-0.5406028465597204	-0.5141167012477083	-0.20553384167914387	0.004511743584988669	0.7632746464760404	0.318448558872916	0.7538251077425421	-0.5015360160348242	-0.2642273360382415	-0.28943730348010754	0.022385151348489875	0.6658162981869461	0.327867747688845	0.29416624549670184	0.8395923125323619	-0.22011450413704858	0.2795677539590928	-0.9433693604205713
DTXSID1025483	-4.097120793590414	0.9977133422381228	-0.5307067863775048	-0.14016044428662056	0.07471669815615671	0.8499130495145698	0.6224088391024135	-2.0965772044945497	1.4217817248305136	-0.2112741899111483	1.495371184714936	0.5095758519589358	1.5708011569905753	0.8688666737074596	-0.15329717235267945	-0.6276741400617692	-0.35448459180956005	1.023541962713435	-0.3489751395135622	0.46833867202009427	-1.2169006937576563	0.781300370544871	-0.32302285934019137	-0.1843912115476429	0.3982446791711436	-0.09023237080614097	0.1657981151962355	-0.12772925711804267	-0.2551987964330943	-0.4829326425968014	-0.04018059762735211	0.21872979729841543	-0.08780683543532262	0.1381768385357143	-0.11054034373098817	-0.18003208668025247	0.6702312444319363	1.4035647182549142	-0.2865156724913986	-0.3157132292561592	0.3167656849524098	-0.44439041190009215	-0.5360489987645193	-0.5607283805974561	0.32329395433551317	-0.41706476330606645	-0.0433508597241566	-0.19715191751122021	0.308216190049628	0.7687967272296568	-0.4069202194374516	-0.9780445727683358	-0.47037699113436426	-0.0589395389924302	0.04935300677727205	-0.08848699277250077	-0.43884306136738294	-0.10209873559796075	-0.8025490717961754	-0.3087890495558812	0.17450631300176203	0.20678356587456784	0.6537763221725137	0.09609817401731417	-0.6818322266869749	0.2139418477861458	0.2536654263818598	-0.6322994332424298	-0.23606010356336804	-0.0487902233238073	-0.5939597032478269	0.6859633167138675	0.07082666645186486	0.04841333583170345	-0.473874683796263	0.20474179521639052	0.1807604990067948	-0.11948772409798902	-0.5501342304738397	-0.08762091350762395	0.18896677062005868	-0.4459582844627152	0.3753887849407083	0.03412079581213539	0.12251552191854996	0.49223599182681105	0.16227328982142508	0.04033771318094529	0.18623409787181316	-0.14839259533660978	-0.14061041167518318	0.08133167577401697	-0.44941117342382697	0.09895855429969508	0.05224265892240748	0.04202192079914782	0.19440612846009614	0.21238868990736515	0.09516628079831183	-0.10228230614009451
DTXSID7046463	1.2139457433947949	0.08208148708595253	-4.260713355368532	-0.06733359555480017	1.5417796666027532	0.3296279801985092	0.8904445001871308	-2.4505610136133695	0.3461854052909794	0.6200702170779747	2.4859408491522106	0.6008826608698034	0.22639714263582353	1.3112324574987295	-1.482286707740014	-1.3106470529547527	-2.7349555820701754	0.651993546248383	-1.8000026369522633	0.23410036139975418	-0.6199148822194716	-0.024378930816111234	-0.6735784467319094	-1.1024802793134523	2.374963183527265	2.0319044344234327	-2.988662015499112	0.2955757740106801	2.2485514058280214	-1.0870720007158554	-0.27280153911434046	-1.0459272213200381	-0.8133397392770937	0.5980184932334577	-0.8633422131666199	-0.7594169289020448	1.714898704937308	-1.5494357090334336	2.7753259144139015	-2.021411767678545	0.15416221404690283	0.08065787763604719	0.8306094983057687	-0.9966405294440582	0.7343258823349169	-2.3732265612439924	0.5269286640990902	-0.6131627827714746	1.3103540146292554	2.108285338037475	0.31804308938620474	1.9353319136528895	0.38751992982519956	-0.05704502262495593	-0.44132468524185425	-0.5107464315817776	2.76382217108874	1.6300047934680486	-1.4606043724043152	3.9726300349664934	-0.5565566771442733	-0.17762949540362133	-0.9102255811493911	-0.7033328236158105	-0.8720866466518021	0.7105517536319241	0.8610019737875566	-0.6493544632632585	-1.8176136362495847	-2.1647100829362977	-0.4963872690610617	-0.15022110180403606	-0.010389474540985663	0.3964747006659499	-2.102084896064967	-1.4611851466365773	-0.6777252898018167	-0.778795766200029	0.7268570091985009	-1.3043497169532832	0.015263621058264721	1.0130067816833521	1.1175651195331422	-0.45931661799039586	1.0105104303431063	0.8262891416079845	0.18538804637320086	-0.355745409879357	1.5195857822286631	-0.2608846708020092	-0.32696722526616867	0.5833609485010132	-0.8710129582301765	-0.43037181996843266	-0.24807923888805383	0.13613939924668866	1.5972626562770285	-0.21543470981978557	-0.4078713947268173	-0.6544188620371488
DTXSID7025001	-7.030732551746466	-0.419955488424473	0.08611638277100787	0.6599457636298328	-1.2944924398154685	-2.389368421882249	-0.33810670495445466	-1.4500921325719158	-1.970510972541507	1.8508814896397445	0.13171858944034293	-0.5218805252094378	-0.07224837793031187	0.8786803813687153	-0.12570901903178058	0.28152807840694244	0.769626266599566	0.3297304484781336	0.7921637151890054	-0.028254886356699687	0.15156757802221402	0.7239975059447653	-0.17049520345212815	0.5154866159985174	-0.5498492143110948	0.09144268928892123	0.3439156236817912	-0.3659506115939646	0.07870326646379168	0.0038144014262738706	0.34266795634479646	0.34562726649001113	0.2620296338910895	-0.289393172065713	-0.08106139633310659	-0.26671852911156463	-0.39673357773234486	-0.20642278984716655	0.3946970362466589	0.10259566608392218	0.2791209260372213	-0.06365433728341104	0.04755484421064915	0.07542088648064128	0.33308815075286885	-0.4169688122703309	-0.12154266335372751	0.02272673792027979	0.33114385395915913	-0.2780469817251374	-0.5093096255720787	-0.2404591695897355	0.4179799452004349	0.5254198689148957	0.122411216797825	-0.09553272478453695	0.2254951629464907	0.022460228785116592	-0.5728920266261442	0.13701293068706147	0.21316473285276333	-0.12137797141697708	0.15799576290355113	-0.548239716890134	0.10821086814022945	-0.19039052370561205	0.11843089326700958	-0.0002852408827979216	-0.03179669881056883	-0.11285349661502835	0.40792841372300814	-0.2544181393311668	-0.09137465431533592	0.09492534233574512	0.3006795662042854	0.22881798821002397	0.3111245859945071	0.1879492323158864	-0.2479594879927438	-0.18656812614001433	0.11348293330935577	0.031132395232854666	-0.3070656442374828	0.16589367110803857	-0.2740664424967049	-0.08181819261503548	-0.0669859007268349	0.0709536565870041	-0.20739380241357774	0.27986637727807095	-0.04768325898444435	-0.33186459275244046	0.22013735295728581	0.1883441504138033	0.011302353054100493	-0.09498043854110763	0.03172752005631602	0.06428488429322972	0.07378597998330168	-0.198515497964638
DTXSID7023227	8.170501819172792	-4.750004600297806	2.9637666060790204	-5.925666503068565	-1.348263903796395	-5.63723615942658	3.447726181803112	5.592116420031484	0.18946060814556837	-6.256425047719913	-4.033434360165257	-0.011995496752145948	2.968821343155878	-2.1046577715394985	1.672192727158721	0.0945438796617297	2.1801213137790425	5.820913449207185	1.4828237431336773	1.0132621489155447	-6.881504927134259	-4.670710934332032	5.050730864990258	3.060539661203283	6.661673484285895	-0.02822199099110658	-2.180558112572881	-1.1546975512244608	0.06619950338345852	1.3874259720493598	-2.076969438078805	1.8597774632856996	2.372216118778774	4.727749891730409	2.021738224033117	-2.7923389636679277	-5.962818231840075	6.600896517269601	0.5902064406108085	-4.99255971203713	-4.716852666286699	3.9539418445700067	6.307219853044343	5.898200326776059	-2.0214819682111935	-4.4108252305870135	-1.888142122211219	-0.7748485458305099	1.863130701192427	-1.6951200921596505	-0.3241503409813958	1.606404154720303	-1.2234611384155232	-1.7306478361066238	-1.9602291829369314	-1.6854980328157396	-0.12836311003794504	-1.7346577082650236	3.1025338226163335	0.7367846929062497	0.08540936950606383	0.5895739708158505	0.335961471729777	-1.275449159043652	-0.5163176512620576	1.9435702070544174	-0.8977175196754699	1.2845128705929256	-0.033603279523656306	0.9708433841904347	-2.291178974458227	-2.1240874581181473	-2.0175448491051635	-0.8516454265624299	1.0184387744404493	1.5760804926717382	-1.0894528334656597	-0.4392041204242298	0.16045428506159412	0.45135532714896875	0.35350078031487253	0.4974419294663909	-0.9864819540361048	-0.41754296362266086	-1.1063181797787893	0.4373159648911702	-1.09101800142553	-0.3528285952962381	-0.261399214723642	1.753628339547007	1.1228932710977202	0.8840901322076339	0.39257173595989703	-1.0823722878917375	1.4416655655431978	0.23840165790298717	2.406161277304139	-0.034238218373105686	0.3993299524526099	-0.7005106778132321
DTXSID2032344	-0.9170825792289427	-1.112455842550759	-6.367947855076436	-3.5330583917185323	1.1526117460545715	-3.277683841114299	-3.8373815410955463	-1.229008413903667	-2.0674661456467796	3.476655776522023	-0.2652550651001769	0.14943778360194834	-1.7078439493938478	2.02331484145558	-0.8791079651918106	-1.6696331060663128	0.03201926702091667	-0.4665893502895516	-0.5447819511824971	-0.3282127295395252	-0.28705800481119315	-0.36834484204625423	-0.4667264388668855	0.8758476242193499	-1.222845772416914	-0.10246874404680201	-0.6062813539894277	-0.8362738780484809	-1.383317554358883	0.5318137323929266	0.7445086865735874	-0.11255689791570724	-0.2104831819026794	-0.2801655898789005	-0.10342715809919803	0.900801761448535	0.7575202399417509	0.6489518713546221	0.3540696375727153	0.9505521852661992	-0.9307821845378363	0.8457610682923231	0.11260287556734545	-0.329290850298937	-0.11631907459327721	-0.2641954147377441	-0.6927355854541294	-0.15042461891797776	1.0946596897183516	-1.12207412638261	0.5324661205465616	-0.5709247609449624	0.8150740361318847	0.04765615054601516	0.4343200688132956	0.3964938309154334	-0.5151607545408955	-0.3243818986100335	0.43189670716617484	-1.4417907718454621	0.5774152831437425	0.2783790291642627	-0.02143191858548561	0.29042325365895155	0.2028412772001367	-0.511315547169964	0.6490831970199451	2.177683349636337	0.552330039281321	-0.3845356860026511	0.5566105991039205	-1.0240917045107931	0.7265878431763328	-1.03779327908551	-0.9570679004714824	-0.9281872588138844	-1.1326960722900654	-0.7457515509167212	0.6675620270436311	0.07679143315872208	0.0983537099130587	-0.578519829995752	-0.030714260602395328	1.0720006272505265	-0.7717824645611486	0.36962902906438544	-1.592260120432596	0.2668957272209914	0.7864782762305688	-0.6111184229561518	-0.22692861552020824	0.5323722265661165	-0.39290325951367094	-0.5601120597376597	-0.09718355217720462	0.6449410189754486	0.8131782300843439	-0.1934439020079431	0.4713785541710817	-0.5923304103677351
DTXSID7025130	-5.77930236808487	-0.23084164413783853	2.9662101744342846	-2.1326949090061804	1.0701309787914886	0.8690248311743715	-0.24833842538820922	-1.5732149784647569	-1.4552142735089586	1.0043731925202588	-2.063094719069926	0.24315152494969222	3.2820610988290815	-0.7578037304707773	0.20507069931369099	-0.367175137024513	0.6665096786228166	-0.42518954776773676	-0.17154661465432708	1.1501721705072714	0.38973750559357284	-0.1923989569036031	1.0163477189998917	-0.7766430562368822	-0.400434047342328	0.09161843421593542	0.7300503662143618	0.10670248259969367	-0.0937329859768786	-1.1084891502344072	-0.25574435410355184	-0.15588109208505557	-0.5490484867171351	0.5009291369746878	0.7309914629735654	0.013949776957050219	-0.5898653962101288	-0.8843213035188573	0.6402291341047331	-0.6912163813868383	0.46592473562781717	0.32674263522889324	-0.1311692154578421	-0.27351359677691756	0.4345177978754147	-0.08292873882437879	0.06286151409054568	1.0864329987346715	-0.018064914198273302	0.44761489919156044	-0.9248422066044517	1.0420168023820124	0.31952762230938253	-0.45356747057752067	0.28921727846252193	-0.3873917696746505	0.5540643256222868	0.8576892129751591	-0.08903054873973243	-0.45895238888180495	-0.4369782245898285	-0.07824103515921543	0.003688617473882921	0.2939099131145686	-0.10492810577623381	0.958746872575009	0.2675316190505148	-1.4467953038913182	-0.5185922273683572	-0.12005599036129615	0.12327180107058934	-1.0445384830999507	0.38010087953874744	0.836561669297809	0.46321320377062025	1.2301868475423847	0.29839435648194973	0.8936834483167745	-0.46165368591583417	0.40371037354122885	0.16002692153220432	-0.4560790896246342	-0.05855567327891402	0.11504305263948976	0.6307333908813049	0.1022248780536806	-0.198874365394299	0.19166986798035204	-0.3497047203895846	-0.7880620839480542	-0.21466618249517444	-0.5040321693297573	-0.4874533755376951	0.29723136989058574	-0.2728229420219686	0.9504242962438278	-0.6848216061948966	0.1594104940631196	0.10760698090566675	-0.7642556089852833
DTXSID0046274	5.431347619632308	-5.898597808532518	1.869808308759693	4.026895129527332	1.4544345845981692	1.2218557884164443	-1.3823444913711411	7.2757424346245445	0.7035170110158887	-3.6888235531871003	-2.2070518434678066	-0.14219349571686227	0.4027129615174686	6.197746542206177	-2.336813733044599	0.08041721888107178	-0.65785780595689	-0.2784872223963487	2.199667401277599	0.3392101612310258	0.024164672597332168	1.6991679403844728	-0.950187700426736	-0.7085535680185147	2.7344503772580904	0.25840340430242564	0.5537497454742211	-1.0432118801987402	-0.5914088673047979	-0.16075655234319897	-1.009733221244462	-1.0630363944582224	0.31090378340158964	-2.2740336920686874	-0.8004123509222931	1.1533098273937084	-0.0172720655492212	1.0800949634683543	-0.7030103838449104	-0.35973681333109303	1.0125518471526123	-1.8460711796057263	-1.5807066949707322	1.0373619271644106	-0.9340326085784413	0.9044196960051712	-2.7767026086569806	2.3510278626562253	2.0840860564683386	0.9941848898614318	0.05826871691690817	-0.6766956192527848	-1.2761376968155476	-2.969715442505609	-2.5083775759586406	1.3680342644068941	1.1328602966368597	-0.7074088885349659	-0.6331816559049172	1.357517139971479	-1.2401235820122072	-0.15762552986612816	0.6477986904091194	0.41430641893565234	0.4931697181703248	1.053379824433745	-0.584477949019512	0.1315460090084017	0.5080989074939462	2.0048680721861594	-0.6499958362881935	-0.7506522432144888	0.3742072052653355	-1.3836943379677442	0.6090808120096366	-2.0251424405373313	-1.4183700631932061	-0.18987635973934447	0.686445507787769	-0.24931932021031072	-0.9569873180745608	0.7104260019383474	-0.24343756911910608	-0.08610788678456996	-0.7021686488844316	-0.8578163599285612	-0.5015125041548028	-0.13403201398707104	-0.4246908605714888	-0.9200821318896006	0.046467019830947955	0.546044418861416	1.2510315263757414	-1.123501042004248	0.11180070130103666	0.08026737410769552	-0.27847724735437435	0.1382298013063272	-0.7145428968370857	0.013998562548234877
DTXSID5020156	-6.580921925926295	0.6750883985469521	0.16468683213647867	-1.028644784173492	-1.637965358617054	-1.6080917845988434	0.4953813060916068	-0.6322247653740829	0.6258187315259539	-0.36236263152890147	-0.7075019357030353	1.141229896906976	0.9429013603473808	0.8742431671014649	3.2781611738088774	0.6489204353793478	-3.287197590625072	-0.5955631928178354	-1.1944817603765874	-2.869056048015967	0.5384656595917116	1.084000347716482	0.0697924358980869	-1.9894411604116484	0.48918967240139927	-0.5014479222480972	-1.6719786484528374	1.150595699861925	0.6996115589121188	0.43202716761050625	-0.3657834223837608	-0.26959365838498617	-0.7324046613064125	0.3833496891863636	-0.3865418774364356	0.7927055016485739	-0.3615684973410146	-0.0210017200828461	0.5573085506593937	-0.517615770672866	0.19317371647263248	-0.3420751638754292	-0.029308224677104512	-0.6466862864954801	0.5830523304492152	-0.9361663858751362	-0.025565872525719704	-1.579719029795365	-0.03379132362962515	0.7848696494618435	1.0890091647988747	-0.9467519507132862	-0.3785741199932909	1.2833871060278121	-1.4348850465394047	-0.5511347594311411	1.4800939671991085	0.472444939813269	-0.7991153515310883	2.0333541010343477	-0.42488279591521155	0.4121385366165945	0.5625076779368295	-0.00020285672217532782	-0.0028602103063532537	0.4356933153623682	0.6384553628404696	-0.6776132762627888	-0.9253310675911464	-0.837507436164747	0.035678092080838955	-0.02754576574114559	0.42203373052375975	0.827176360432446	-0.33068827366865317	-0.2894541456340057	-0.10268067554086856	-0.27754456419034307	-0.2559385698629444	-0.18511661477294297	-0.21795498008886502	-0.5412944860991006	0.009634742149555248	-0.4167363363488389	0.3947497423853049	0.3849530062779215	0.3755385751406681	0.21558464913205416	0.5310201480902794	-0.45926415805574267	-0.18463741158839536	0.470517444268667	-0.24021488866517415	0.16770372344159212	-0.06549057299612257	-0.050978844028557214	0.5932992675282425	0.07336276168255612	0.15820465323302677	-0.21240452999258455
DTXSID8029733	-3.6352640961877594	6.663962989141097	-0.7231955050891663	0.5355787704632057	-0.07487220233855416	-0.7476361793392428	-0.20507778451027475	0.32569434478651915	-0.3157453476510338	-0.3205673383210343	-0.564132408560324	1.0066177267040477	0.04372181148266546	-0.1156669524777013	0.2357194408213941	-0.12684050036737826	0.1827257495838753	-0.04396068229108561	0.2120204202503525	-0.21217993257089532	-0.23257110025581265	0.4632856375291436	0.3600550654480166	0.5292818772752923	-1.5016633060754612	0.5264159447711922	-0.3226300409257645	-0.5934100815655711	-0.04725371291990968	-0.14032353047153634	0.5073079633257882	-0.45480946706381886	0.019531961703723077	-0.1800247358796549	0.47115539423168773	0.1972420841131302	0.1104753324217132	0.3659591195491822	0.11899158686138096	-0.7519850203571393	0.433424157925865	-0.4565048907294855	-0.2576204839672971	0.06904840671624406	0.4858044735226926	-0.20332241252781885	-0.7220465804714175	0.6670406964519344	0.805181300638186	0.2637979420962034	-0.6483761784320211	-0.6888521848211883	-0.3534058560317357	-0.45000387651560997	-0.35108667790620235	-0.5861517174763571	-0.2613917499850754	-0.743424437811965	-0.10105033908881955	0.1835122519142649	-0.7356507052083605	-0.4371121650160108	-0.43731057654191513	0.01396350523171931	0.3153767561033541	0.4035933524742896	-0.27168561035478844	0.07876931084032385	0.28307327147253175	0.3793035645200853	-0.8571559069341553	-0.3722234903639801	0.41990255574051116	0.44749082282305536	-0.3968044446596951	0.5600861034650245	0.41710702634298386	-0.12344492271287036	-0.260344406043946	-0.27706679022518904	-0.7577590961549451	-0.8387306262799032	0.6400746637955522	0.15118179745819924	-0.5087482892948956	-0.379058299347851	0.05800071058107882	0.01908203028477796	-0.24830424086716074	0.35637520419479474	0.8248311505276086	0.42398375772374497	0.10785685489369641	-0.3725617722558014	-0.07261377371058424	0.5875657814850892	0.11026149342267103	-0.11958717932134279	-0.3032084730193682	0.021777548057446562
DTXSID5051440	-0.5566859171845854	-1.0126423864705048	-1.328469176903693	1.612276277881649	0.15399556379710058	1.3049317107801122	5.79036905181159	3.148320258352581	-1.2697239779968112	5.157954829830087	0.7318789228751932	3.719815536400218	1.6968753547033768	-0.5381581451211397	1.8632688416942562	-0.9123310642934586	-0.9755777277957001	-0.35808743639003915	3.926594159460346	-0.3679593176389784	1.3770270485742513	-1.4270058175617373	-0.31349563512786344	-0.03133164320830994	-0.5524597774756081	1.2306801254597313	-1.2485240428101518	-0.4209558950662318	-1.031855167098475	0.1556532813798949	0.9855013775676633	1.5417661311863913	-2.6272402056601423	0.332407715444289	-0.22051555254352162	0.6680351195832029	0.4861896353850446	1.409395233144196	-1.0879183051600383	0.11866500517172679	0.32209153951393105	1.2357253809657789	-0.3983614406902006	0.002542097926508375	0.506793657357416	0.12514427443107456	0.2951257291150656	-0.29361488829249865	-1.2669909789158482	0.711596418938583	-0.8867489561084644	-1.225155775405565	-1.6331705484594596	-0.05291736913165903	0.954625171161544	0.1615545297124133	0.4946494800084837	-1.3719755020454365	0.35347033385791193	0.07073799432911501	-0.4284790457534682	-1.2752560021236945	1.8075257391337218	-0.5199781205385834	0.5884618110526975	-3.7357807654839474	-0.2098638609246128	-1.2741168304622414	-0.1921172880082384	-0.3550389254472009	0.4002279587080369	-1.5814346814598836	-0.8071577168014965	0.8535400256724658	0.815471697151619	0.24183272045172874	-1.4221355947615577	0.3986119657831851	0.7553899240348426	0.24353220788358176	2.219847257743539	-0.9873731197867134	1.6618499952455443	-4.263757861479376	-2.3362503885787365	1.6891895931560237	-0.4738535013465492	-0.7280489712285149	-0.290846402840503	-0.5737177943210432	1.4040610665369941	-1.8790748877089953	1.5878754724675805	-0.3358971700064652	-0.27266290257581843	3.114724114209353	-0.9210077269783806	-0.7157173122159525	0.17660623426799718	2.935760756946372
DTXSID3045697	-1.8525804481947268	-0.8496583042100766	-1.3797743389753947	3.012811102885452	0.6007078404558173	0.9542379659120657	0.6453100538929731	-1.2515631445462885	-0.5182465699505278	-4.658647313817888	-1.033753132468092	-2.5766599033695448	1.8951151528790204	3.803471857711104	-0.35468215516270546	-1.0170486787468935	-1.0501135004650843	0.5030435018103551	1.850846654183659	0.5346744934373927	0.31642950262459146	-0.48088593734723495	-0.10606545036375518	-0.7030691418896691	-1.1036309448703459	-0.7962422405453079	-0.3257211009676047	0.20196996003923298	-0.707049799854152	0.13546200263602393	0.41266508725424217	-0.33156848483712387	-1.0825075322432784	0.12645388234373403	-0.5304629664796356	1.0058491783577537	0.22395894401338837	1.6355599282686897	0.04837529292908679	0.4505230843471949	0.22919669604966994	0.12483071242291609	-1.0943751485335431	-0.5660644215719233	-0.1590592801421383	-0.7610851130637946	-0.2710031679998247	-1.131811415839483	0.26037359481338496	0.2324004607640107	-0.8007924860734501	-0.2117157955696375	-0.9657289328709667	0.620493521619744	-0.8206776343565506	0.4991133017867973	-0.4717734037596115	0.21853878323648127	-1.2105237534598097	-0.9858451205127228	-0.16857932587902183	-0.9742047494878929	0.4856734911619584	1.1862821256970357	-0.30193555787533	0.7432283333027709	0.29900151919299944	-0.6363831397333203	0.6164191924981808	0.2982061990081803	0.22178939634517048	-0.3085778193771388	-0.30618214340694283	-0.1415092702151685	0.14668551056280962	-0.13059630388281426	-0.16142088210587593	-0.06088704925056276	-0.383765450853725	-0.13717325636536978	-0.5800806737794942	0.10269552464099174	-0.050891166481299155	-0.8242532402985561	0.32229040758022326	-0.33032294755670844	0.15550682333332555	-0.02314241506544542	0.008552388903008398	-0.1634311811796923	0.1723015359135559	-0.22890408856327868	0.29296697985022746	0.811277983650354	-0.0631394422793845	0.11537839716085875	-0.0738003039959998	0.7346452356757102	0.8068826880098268	0.3878777432764715
DTXSID9024855	-6.53789042179383	0.2714748647016531	0.44572845523752147	1.5700852793289526	-0.8521126938073477	2.110367694532093	0.011890053938924042	2.3945916535546448	1.4491633375808124	0.4512652425496731	1.4323027385008718	1.6934454432998742	0.21620185777923168	1.3598632396256765	0.21874517402825921	-0.5270424914515683	0.08259588265348822	-0.7622362285673886	1.5430801281812105	-0.7051998609013145	-0.5020665706706547	0.7364289545549781	0.036079947653604165	0.39645966442668035	0.4229825781568823	0.243628773609575	0.12665257795994564	-0.4741189305717919	-0.5032043164227485	-0.3031486404541175	-0.06842175353721741	0.28000208559213163	-0.10857219442350993	-0.3707176371561376	0.07032899049125749	0.24543024215516226	-0.49514396967163626	0.038015078031166376	-0.5634784910501313	0.3408665194338113	-0.030223656804325393	-0.4222945079109954	0.02423570610550933	0.9011794077100734	0.3789436111035547	-0.038926467081897585	-0.6808687088851618	-0.5552609867371756	0.10219849881247856	-0.48712741005856636	-0.08084003991106438	-0.24813621180022877	-0.2365672243897287	0.21065246355865622	-0.10421690299400523	-0.6788250735710093	0.25794130642540203	-0.15828216497809258	0.07589462858037253	0.017768972987136446	-0.09627125729407968	-0.3385360101332938	0.14407563839775037	0.5970022283917495	-0.13303775574557242	-0.39277921566506196	-0.2306381367839305	0.3843706971410053	0.19180745738144814	-0.21592841634405033	0.3464995468245442	-0.2881436735090101	0.306012765029535	0.06793962145918886	-0.049176418496065986	-0.14301953652366933	0.2357644143686698	-0.08360829907670779	-0.3216351209060456	-0.16669168685285063	0.3267657429948172	-0.1292839770146923	-0.2922959479475539	0.173973134852791	0.3406202860292635	-0.19463964822727378	0.3972790542964116	-0.02216416786217431	0.006296234183961429	-0.03780891509567522	0.1400417416972645	0.01579563363393164	0.07585744965466587	0.18721591292415596	0.03554715585384844	-0.10992922214574961	-0.18163387406446582	-0.15535871050332786	-0.0942145309855519	0.11396852904458482
DTXSID2025264	-0.47760036844680903	-1.2110732959185915	-1.2684436949991122	0.14776930388617837	1.7304256887813	1.0319137303442416	1.0355112367298092	-1.1619053023706603	2.543828731879774	0.3053154664892978	3.743818649088984	0.9014185849033325	1.2051101637850028	1.0814503925075003	0.44637196766737486	-0.6609885511979	1.267086992588504	-1.023794890442921	0.4356473548647172	0.0954983635382535	-0.4836740957087594	1.059038074282605	0.6657011639246535	-0.27707776808436685	1.470476629649151	0.10330193616418021	-0.3568823342583519	-0.059357289479601005	-0.7822634379291968	-0.18337849418682506	0.4973719368577705	0.49975579210201576	0.667043440220234	0.5054829242309029	-0.0414158649062197	-0.29679738623300617	0.25008203373173954	-0.07900608525448173	0.10622723038350863	-0.3161192092442718	0.656913373830683	-0.4709428341098657	-0.2570869314761886	-0.08411712748596524	0.5542718363275565	-0.5373253470974428	-1.00126277240502	-0.7088543451569442	-0.1359314529828233	0.21369431257582136	0.08570451654048626	-0.2743169637158897	-0.87274858857451	-0.6698689050242748	-0.032664947033840715	-0.4704554914233297	-0.11834529628276066	0.027147495771673615	-0.20609463003969208	0.3237999885643805	0.37584722540035137	-0.26810053750350493	0.46005943078492445	-0.07439220381097661	0.07206402012731918	-0.4237799827194448	0.1660760239830872	0.2211191529286482	-0.1212581826047881	0.06873912832925347	-0.7056591751181387	0.24148979227819772	0.6477913379050049	-0.08309486163166395	0.14667809650669503	0.024677335130974573	0.14894358094612992	0.16435940766791926	-0.23451035960317002	-0.58831808460937	0.31017278230577106	0.22630316694343222	-0.3120493376587532	-0.31857670374437713	-0.27869234605763193	-0.856320892609911	-0.3556009482542362	0.10718973433882031	0.022784448743564983	-0.2579163439286632	-0.43537971777230117	0.4925033880413379	-0.20025044305939696	0.08209477786378497	-0.28063200790801685	-0.15104790331103982	-0.065281935760701	-0.2530300026146365	0.23049002834494312	0.649043655725169
DTXSID7035010	4.047432554766258	-2.7885579991719913	1.3805425757693885	1.4563844759272233	-0.23380870294923498	-0.23669922432403376	-1.2743678166249357	-1.1426991383925051	1.7633820411265555	-0.8322514624591166	1.6577475022988042	-0.7251004016194094	4.7572107934636465	-1.8966336022533459	-0.3372534589498482	1.6535955541054221	-0.16560877215130534	0.6739354801756313	0.5499947302093906	0.5776916001573973	-1.0324555444614554	0.30377287835272415	-1.3613334815565221	-0.11758856269382209	2.3505307870633265	-1.3767492560449415	1.7700121982747996	1.1087984869354448	0.714488375636609	-0.7013803748215212	-0.2307626668336387	0.032980379330793425	-1.9993386217990436	-1.3928719714969133	0.7183865362854212	1.9513361584723325	0.8349950136683582	-0.31901135099624506	-0.6808745593830695	0.4784588021683426	0.7273928273512322	0.6214920766122686	-0.3176037252374628	1.5433085808545355	-0.5413040645153897	-0.5707921692035305	1.7902780753872707	-0.3901104217809075	-1.3472543140263833	-0.3862863614410702	-1.305373741286227	1.3981472216465938	0.5468702873405168	0.11297599395353777	-0.5646574556745487	1.0795896006619945	0.19356721342311733	-2.248652493366557	-1.993182934759903	-0.08507209715666697	-0.3343925117117494	0.21472147606795927	0.24294987607243776	-0.9317625502987207	0.6725594008622078	-0.6693091030909256	-0.5644801122576533	-0.18703606988065707	-0.8787917034632379	0.236683816578954	0.9012653074695832	-1.0530787407572846	0.22366375659146812	0.16351871856730824	-0.5190074862262035	-1.052702634399758	2.550955621640719	-2.423916433680264	0.39410061000449337	1.9734692027775311	-0.618242207347517	-0.8207772910624759	0.26050862520299345	-1.0850737514008126	1.1877533432715648	-0.5401055206130873	-1.0085568864696333	-0.08166309460867714	1.3119763246904659	-1.0921868524870266	0.5484999037525738	0.15827877558627143	-0.38297304605543314	-0.38269074121710867	-0.2593117855377036	0.46912405862283446	-0.13566336802417756	-0.6997749660214625	0.6936812211369796	0.39497409470523237
DTXSID8027244	-8.17181995160004	2.6691916206152535	-3.740162085977612	-1.0304131680662483	-0.8178744807170171	-1.2277755669904986	-0.6535464915496566	-0.7232995944795952	-1.1032513949012388	1.3457464824828718	-0.33054441489019565	0.8052586943802813	-0.0048808472418459346	1.4776455810375002	0.3447876366127463	-1.0206435478234275	0.09182857034648967	-0.6682852016670504	0.6857439376087947	-0.2265484960589134	-0.45959516774635656	-0.5442069605775701	-1.6694764469958179	0.9871031864212153	0.41789612606338844	0.5269376552240348	-0.8671224009595339	-1.531533121562451	-0.7270062898740527	-0.26303168193758425	1.8766837693913685	0.5239186962820828	-0.7201274678743724	0.1071320349488029	-0.5486710073442654	0.5450894125786496	1.2670709933484054	0.5406879970774171	0.21828904268685295	-0.07787947616471291	-0.8516007704990847	0.17242946142815466	-0.1212741913283889	-0.0970800286138881	-0.22122436107524976	-0.23340288027407127	0.579452275826915	-0.010742298202515118	-0.9156652300619503	-0.8596114657777494	0.5321806828315467	-0.41060899041509585	-0.659735595312958	0.1545004770519426	-1.1744540293215078	0.8810911639105842	-1.0889596868819493	-1.1506608158531695	0.3407508559530742	-0.4881537298279975	0.07885207435826762	0.295049243507854	-0.018064321058713428	0.2773982892956768	0.43826393862065915	-0.21328112688994968	-0.2955630410310115	0.15982792246128147	-0.04537254681225014	0.8923670501992628	0.041685926751298646	-1.0311545531734143	1.026374320325932	-0.07849733411170622	-0.2902912961733104	0.2590517732670379	-0.02850385574936824	0.3874531717364079	-0.426407171880065	-0.10073908530037871	0.2416114642699032	-0.2796737891903597	0.25568596524856463	-0.03437379854312987	-0.3615773721551608	-0.4144728322029076	0.03490458635881684	0.35806073938596494	-0.40709236581874486	-0.15563956109050828	0.5247383584173535	0.6656331178183634	-0.03234673568264737	0.23959108673629323	-0.3972761468123842	0.11655927629060313	-0.2570515378640259	-0.05546314591678229	-0.06511077476567494	0.18993876813055274
DTXSID1042154	0.31646061908858614	-3.6891577024629063	2.2345989622336067	1.1679356404900285	0.4089909495113971	0.8937860511345151	0.29173863786508514	0.4356029338885471	0.7823670621957225	-3.6450677588635387	-0.9450864323239245	-0.909846041017319	1.5713567158705986	3.2982597668894913	-0.12275792952510405	-0.8277352188398334	0.02053037767339719	-2.1348248815415474	1.6822638754046042	0.6148919175880164	2.2381881726563666	0.3276627662171279	0.7412866553098632	2.1316463079622734	-1.2140282647117042	0.4733369510468247	-1.70253730902345	6.476396024132286	4.223084227766817	-1.8229513376634936	2.4342272966859984	0.9158455959894591	-2.1217803042044263	2.812231026286486	2.8648021591186787	-0.9643474830464551	6.157872045079689	1.154959461419514	-2.0016729799998534	-0.19619915439162547	-0.9941618607357185	-1.4028689440585933	-1.1843961619077885	2.328363582613783	-1.2496278093103415	0.8604142195654699	-1.8714911238391676	2.3915185956964464	0.8370174903719062	-2.290502015575276	3.452214566431908	-0.7002872957692869	-1.513357728371694	3.307538466449619	3.197380255608924	-1.9742107471412316	-0.3532693824192633	-1.5699917262571286	0.8532381922986497	-0.048027254691929096	-0.8352097596121493	0.7379321072278426	1.5699471253585517	-0.6153715201706873	1.458834857307737	1.5245683292131964	0.815515567495355	-1.390262624752189	-0.8483690794476606	0.10188758971970789	-0.8525890425279233	0.11021511824807477	0.656216788258191	-0.05756303791807779	0.8934684758165321	0.16766171745739072	-1.0820125287837405	1.4141671527286968	0.20285352384751054	0.4632096396837343	-0.5150375874010693	-0.2915683027404999	1.0789383246688564	0.5090602380804187	-0.6438222886863255	0.7495137648745627	0.22224568079051385	0.3579164602987077	-0.05120187464560198	-0.23647287249850402	-0.6496914475932204	-0.30879417359608685	-0.07693335709708626	0.47537661769198086	-0.6441154109267698	0.4700820396321792	0.6688459443947267	0.22551014996213659	0.12095549727067056	-0.32086731139863023
DTXSID7021788	-3.4604473507152904	-2.2564121433346616	-1.8707835442190146	4.240516213448743	-3.1165696006179013	-1.3750947767486883	-1.133839463641471	-2.417645783772778	3.974051970219483	0.08609017763687005	-3.423926671999938	0.24664855567686733	-2.630112536963143	-1.8508074272674904	2.727773108169522	-0.8028701772526423	0.45876623595061294	-1.5786438791163109	-0.49793813091939576	1.6064418091059967	-0.9836974266628584	0.056111222759605055	-1.0701024266380732	0.6162329850047161	-1.283048509487088	2.007297213116942	0.5468448964146653	0.32139017006865356	-0.9932946195755069	-0.22238557850080526	0.10124716763494387	-0.09709236824407635	-0.1760699559863521	0.9447556839540981	-0.10522747947094305	0.18543416314976588	0.9932201111808296	0.5864334015480878	-0.10177006684941096	0.23467058465861354	-0.6145048006583137	0.9617956451486646	0.10066024637405419	-0.9105221611686475	0.334900943055633	0.5459857668321949	-0.23851795593984934	0.3296109559254463	0.04206850467056358	-0.36232794788017414	-1.0797693430087396	-0.5774415392270527	0.6271795578957025	-0.44100499434343854	-0.035609943289124334	0.30292221185632967	0.10977250515067764	0.8511950957662883	-0.2663401607868698	-0.1072095136894981	0.5680370650411172	-0.10110134605719222	0.4677197283574746	-0.10344654216821086	0.09559190541206804	0.7079221461869276	-0.8394660483598876	0.4547543851482676	0.09494893978434271	0.11605119370279678	-0.17538087361548668	-0.29965093553887057	0.3979727192858684	-0.19419807837774722	-0.5509091342897404	0.25361228533701957	-0.33955994339077195	0.665532839575397	0.1938702627426776	0.28916540300467075	0.04874105184348553	-0.4457322555211104	-0.32645871146624317	0.13385182250700398	0.4599031882973472	0.1623448997730368	-0.3967187622372065	0.12811997596834793	-0.6507283335251862	0.03908339155586558	0.2954310661355877	-0.6135927617599346	0.6114187702632297	-0.27307079769099213	0.19527021344289583	-0.2582583234567564	0.501069584591649	-0.5368525758941984	0.06483152469247194	-0.9838372786968039
DTXSID5048928	18.70433130770126	-6.665283797878012	-2.8176931176343714	3.8980962525388514	7.154536421648225	2.631079808908615	2.609548233134138	0.7996561597887681	-1.76513857407661	-8.59015843868733	-4.912551942678757	-8.787852194678056	0.7087881950551733	12.906029657982819	-2.23755253043138	-0.15159488102444924	-3.596226243618739	-4.345935663683672	4.648112089602429	-0.6686404810889378	-1.4235215782726718	-0.5966023293516868	2.2871488081433666	-0.31320450012156553	-1.0871790383389528	1.5136592967285512	-1.937802764076492	2.6625789484693096	-3.451510781896168	-3.40730279714686	2.101927744618406	3.032157674899881	-2.0281094645524984	-0.5340085077508444	-3.085708889056195	2.58176500407626	0.2870576458452972	3.9560238112115207	-1.7455274144243538	0.12645310060420736	-0.2114476644973635	2.06184281978791	-0.6761776072496668	-1.3430882245664129	1.4353041183941508	1.4018664003414412	0.7867670122728976	-2.4943569017452574	0.5728459525245083	0.10361144928031918	-2.591632929141832	0.07879462294262891	-0.8550955734815184	-1.7358362174315145	-0.8670979886455742	0.3433983622417678	0.01505743537839642	-1.2267823015350368	-0.4868079135789826	1.3300674343589545	-0.20397228022623823	-2.62455465586739	2.172367683445999	1.9653189201879937	0.11789143310392886	0.5430494749340946	-1.7389686027946973	-0.18231098151021963	1.173452730125371	0.9168787231752293	0.34436034539835103	0.20056024989165647	1.0410901163474628	1.4199957222945996	0.3387693061648361	-0.34564527653605936	1.0457879905008678	0.5277712139045746	0.7869591496010131	-0.5247561074412429	-0.6475979363635145	1.1351788210879528	1.0777099525623919	-0.9975023871145913	0.19428045590751858	0.27686548542195705	0.20427480708412526	-1.2247716942646385	0.7781999403443517	0.13894537297849224	-1.5850003732318292	0.29647367973181993	-0.3841046672563081	0.3562114572560872	-0.32994728201590623	0.34669452057970845	-0.6948092810785961	-1.0494469430846853	0.6371584646536991	0.19459073841453078
DTXSID0047038	-5.507402179864457	0.7997285070106765	0.7971666038154853	2.4207056681962333	-0.11367156578452144	-0.8850646486244543	1.2387932480728157	-0.622117940619975	0.42203602222599096	-0.041081216944677444	2.5173344225003333	0.327987915499436	-0.41266034978200167	0.0522081238902784	0.5740431843911498	-0.7748269917578704	0.6972764856613342	-0.8556026286343397	0.9150961396655896	-0.7765019663282614	-0.452172382903794	0.31079445094401525	0.5276127610666517	-0.060532647798340965	0.0464727335168427	1.3695367563384122	0.5562512400468315	-0.35627250999329785	-0.5235407147778499	0.0652364731366055	0.3485405339786226	0.44779616393546584	0.4009894310730505	-0.5444737181763212	-0.16959236070303133	0.5206193231381573	-0.884395684866286	0.36834140085775524	-0.1291006048210237	-0.020339459432948785	-0.12065680230148032	-0.22399064750346073	0.04313998085756347	0.7359175383808794	0.31502319426015973	0.0834267856176668	0.16762011369514487	-0.3014079244755365	0.2029612604109884	-0.8335623807226658	0.4178424774855247	-0.12120735718211806	-0.26995596242591074	0.09759948112454364	0.13851568847942528	-0.526193479783429	0.7155654094628119	-0.026257407901485078	1.1001306480975175	-0.29210934244139136	-0.17908139252946928	0.7234511817819339	0.05625773597055488	1.448022087899904	-0.45111365785687807	-0.08004840650455941	-0.02640820398732275	0.28766799920449604	-0.12295305867110329	-0.5795325059635751	-0.09159962798532978	0.014450104323813724	0.06396650927268115	0.004863788074661303	-0.3952084900538522	0.4700752943256957	0.4185581922341548	-0.3734911801244459	-0.19614960355644387	-0.05706184725909943	0.5944571109916863	-0.27718815931817276	0.2958124698984726	0.12272492236023207	-0.05630103532860368	0.18386840291584408	0.04262656658219485	-0.11466458880747162	-0.0019873380141954646	-0.03734812108817543	0.04709027675051907	-0.04536870013410538	-0.3429080121754289	0.1941816152538814	0.2545080148066224	0.23655360677043913	-0.09618740906639431	0.18220007524535764	0.17308071334834796	0.09798013006340742
DTXSID1025722	-4.157254313730659	0.9785669385249351	-2.0576521809162758	4.1115231922061914	-2.708325205705358	0.7086346164081847	0.5615028000262444	-1.7505397065764872	6.843843563204013	2.0247713444977187	-4.285955054080313	-3.436762876278454	1.2541823279454234	-0.2490955606176372	1.1320471043609508	0.6666600836410183	1.2162526511073173	1.6885916350259	-1.8530286625221395	1.050970976960608	-0.6359671823161718	0.04570139364647408	-0.2581668887094869	-0.12271961184509689	-0.09721763924198422	1.462005404381382	0.5702963635345738	1.1000749643294594	-0.021018625020841748	0.36898464839509215	0.22434210012824532	0.149670412634033	-0.20054396462655805	0.8417568363297585	-0.06166250851858804	0.3502430432528191	0.39749897930962563	0.02007316064876999	0.05038637508652128	0.7365358925059641	0.27243595803475545	0.6236947885251117	-0.2613372268482421	-0.33827602879833096	-0.12202241064704443	0.05212480236507465	0.9594863718865008	0.11338593180507908	-1.4298801347720163	-1.3094000100763368	-0.2996986827233971	1.1610508631351308	-0.028367851013500166	0.04985696380277968	-0.7081004537398682	0.11017228385793008	1.1153915988458658	-0.4782473803153002	-0.19775161103739225	0.1522951141573753	0.17680070367661452	1.245189561699249	0.7752695093228541	0.13521315110566673	-0.2711152681063411	-0.25676202230070455	-0.8195256430525563	0.1672216434085801	0.28871166573818297	-0.6796359343465126	-0.12388080592139679	0.0024343903105787756	0.013625817212540525	-0.24970267896948833	0.4177746904619908	0.2150300496154126	-0.025636976282066626	-0.24735227634615709	0.5174115878698693	-0.3264001102314964	0.3224699345916927	-0.17394382677320028	0.09034372538053488	-0.5707042511929497	-0.0008710459037301551	-0.537958225901772	0.11232512451968922	-0.046356211965989214	0.7775120351127066	-0.29935567866108803	0.3478796209214393	0.1803467231859286	-0.4166132014350307	-0.08108288168508378	-0.30549096676583215	0.04433120113074832	0.16068040623454913	0.161962222137181	0.12198615498192841	0.06342792948163022
DTXSID9020451	-0.6542426092259706	5.000595935410652	-1.1104989446846794	-1.0655818480611265	2.649880889968896	-0.04521664675403581	-1.2639392364538504	2.287736512374434	-2.9802555231604986	-0.3427487260510558	-1.1969232022551435	-0.6803192221476846	-0.996168536323565	-1.884893798132257	0.5872955047533039	0.621265613384865	1.4519220201664766	1.0946590432479202	0.3058876760504071	1.3332358517533667	0.6461833049799315	-0.6343383576765383	0.5704568945032624	-1.4890004517878244	-0.8029182140817271	1.1265116641165756	-1.54310370772745	0.5118752825179584	-0.599616384096139	-0.03825793802148628	-0.871618282247414	-0.5365699158881667	-0.2187304441210808	0.5518003957065842	-0.08934369984992206	0.3505101377948051	-0.51139550546831	-0.34357245701177036	0.431169807623398	0.46619502375852817	0.08144450204485512	0.3648444871606398	-0.6918257368041514	-0.48008300725997555	-0.14301746649980648	-0.5282139703121068	-0.24125703263250417	-0.6911464647906501	-0.709248805867517	-0.34505570736079616	0.44253711777943994	0.07765511695712952	-0.9892661242680544	1.297702989654569	1.419169591854799	0.599444645846445	-0.6476855189349947	0.33178386936602233	-1.5520526682260922	-0.04507250759743363	-1.598094220719005	0.3227477416605854	-1.6572950563576354	0.6212551688689021	-0.6261581107704043	0.08075046320051718	0.9454459578083994	0.2976089327185952	-1.0745051829678967	1.5706698030063089	0.5833265976065191	1.2426428571986512	-0.630372369411151	-0.289331671663282	0.5451399766821484	-0.6374455329489525	-0.5771554696291055	-1.024561280963061	0.7936252043019031	0.14429101798044627	2.1969295531250137	-0.8326768080132902	1.557358130924601	-0.23272183285574272	-0.5083411242394592	-1.1220884366770874	0.5957171804816819	0.33396252632727647	0.036309985642898064	0.22741378958004713	-0.011909375758827093	0.31086578461421316	-0.2662410412237711	0.3193893882980378	0.5106172571657187	-0.42093871253061693	0.24576481700831085	0.17012805739431225	0.11313530130921072	-0.21444405760067634
DTXSID9037535	-1.4621678124149253	1.2244086494592727	-4.782125971582456	-2.220920417662079	2.883941544125921	-1.0040456988837307	-0.5317287278915989	0.8593733337107733	0.6042412164131137	0.6122149092149345	0.7150223577686329	0.2480760483859183	-1.2934943742457328	-0.49067915113616883	-0.4108425444224139	-2.4288690802184303	-1.9187226459325886	-2.093578511871161	-0.9061605976098785	-1.8691539051435964	0.0478445342195634	-0.5960388182037857	-0.8860724266893404	0.45162385047667064	0.49687276754207915	0.46892291927503316	-1.5617521639157705	1.0812359435031944	0.45813332173924975	0.37966929807049676	-0.07399421684283902	-0.16118977934473186	-0.022706897347814864	0.6711044687066722	0.20798397571961993	-0.14450172747097448	0.9534027068437692	0.3262942688325891	0.9041619502305411	-0.002970131963687137	0.440855816908166	0.15573818773352616	0.39826965933759567	-0.9274765500302605	0.6069823571747491	-0.8875399940817941	-0.8751094895408111	-0.5327778042778941	0.820344268553093	0.7191285937968684	0.5127843790743463	-0.6957183657983257	1.0887559891226501	-0.6612191043184661	-0.60426818837859	-0.4927751087050393	2.4510787624285086	0.1847656008189995	-0.12910075576200544	1.512445065929903	0.0811124361482804	-0.308643363505258	1.185890320097275	-0.615410841445557	1.0555687312240478	0.9893315939136019	0.346613573729661	0.25764488799943763	-1.18596743059706	-0.7575336804354248	-0.669233559208622	-0.41694359471501447	-0.005190000110533555	0.21412126843920706	-0.4344376728623214	-0.08898511982896812	-0.5639434479131086	-0.7785733435094586	-0.12731116283218893	-0.07788206181220936	0.42314855389908634	0.39195336504677786	0.21584848613891242	-0.32322865067164686	0.5550451181200758	-0.5095666470003035	-0.09628742585528285	-0.5638842223163568	0.16059015992028772	0.10413826372058957	0.38561712932641573	-0.06061404165550786	-0.13173048230864667	-0.2731556069728477	-0.0474798436447044	-0.2170401555237734	-0.9551773813925242	0.15334398183507636	-0.2742955329300167	0.7366721251628897
DTXSID4045898	3.503879121370136	-4.454187795039782	-2.336164975603187	4.12889319768736	-2.226263036483119	4.464249616500635	-0.6656769725051473	1.0004869194856338	6.139001627055945	-0.7679034706143542	-6.010553560604048	-5.092066324491724	-4.5569227827453105	-6.0015579631474205	-0.17434383693895988	-3.4885996820067517	-0.6456991756579356	5.1739031498437145	-2.0676248574563103	0.34669259621203546	2.481073922785694	4.421825447207083	3.0882290943140243	-1.5782556550973939	2.052590831391405	-0.26487383122834735	0.9240301436409537	-0.26605973411324274	-2.267588509708386	-0.07600001571477732	2.0271698945411787	2.7047225516199234	-2.8542102631057933	0.7245196021545619	0.3310929143285651	0.5485258546422952	1.5329111485924836	-0.911594432819683	2.4180281318286827	0.8871290500360768	0.030855472607523388	1.4618572350152261	-0.5142715887946386	-0.8072678895425275	-0.32347402129905056	-1.6222169295010496	0.46260337449075506	-0.34351606206324026	-1.4166608911152163	0.6952169532001471	0.7673157277264011	-0.33467695444017215	-1.3152848007128461	2.0196014895882692	0.474211920814545	-0.10325966025455802	0.15697592605054084	1.599012952612522	-2.5689082043515112	-1.0666317696958052	1.8078483789336073	3.013392454327018	0.8164175624874153	1.1639588201407014	2.814136302789256	0.553037498994623	1.0202921661296047	-2.6218109050374907	3.0259962926747312	0.9338141312631378	-1.4095574017933834	-1.9356319074710875	-4.456276345450358	4.720167626699887	-2.828307352973287	-2.0200559218315575	2.6436640937736247	3.591903084659567	1.851262303727588	-0.4556411985644404	0.1830786622402431	0.5432654307903946	-0.27853213130313503	3.1466867883150718	-4.498745910236837	-3.410989150772374	-0.8713721891542029	-2.3290570722856887	0.3098763311307706	-0.8738442927027771	1.0047258431047819	-0.7104367908105497	-0.8341521814844599	-0.972355931289384	0.49890906327875556	0.17371066382689138	-0.41819598218755455	-1.880739975992032	-0.1897987728003148	0.2766962347442039
DTXSID1020431	-7.932079290698941	0.03626332203856929	0.06050247556720651	-1.476706878609522	-0.6659321425527343	-0.4433755166998362	-1.187650130335559	-1.2991156340760706	-2.1733146598296127	2.3431329752124057	-1.0783278475981095	0.11056344282198471	1.0374436904239386	0.6373170267761719	-0.9544509725016377	0.31000255895907575	0.10046588705051385	0.5635857334720573	0.3642498058234574	0.43695427354736577	0.45006167981524225	0.11669411695606102	0.3762148839296058	-0.001112130635148535	-0.4773748750550901	0.2572041924003938	-0.0835251228521753	0.32279124578728796	0.23134821148228288	-0.4485796935804028	0.5406063404455687	0.576136889683487	-0.34186453899421965	1.0344206682022365	0.5907580072065288	-0.005264638206096849	-0.16296476514169542	-0.026542304026389595	0.15200484247397292	-0.03292673629207266	0.3862881373210183	0.9200459647527628	-0.28516338979640343	-0.5644407801662865	0.6763203077786181	0.24440538959175964	-0.2782116492733774	0.41829017270773194	-0.017583318838470918	-0.19642545725330438	-0.1497000361828742	0.6038715751570005	0.275297517049005	0.011756998017758142	0.06214859918152551	-0.1403549905919869	0.4209851640243265	0.7877053590552804	-0.8259905613368385	-0.056978980835208734	0.45763996350179065	-0.7650601534227514	-0.9892324529247717	0.03643414764591138	0.4336330452331794	-0.4328995994458106	0.42002659565894684	0.03555306026267215	0.662331663423635	0.10061790129114052	-0.2305146503520181	-0.30525837931794114	0.3770453421059642	0.15426504250753464	-0.18567811494416295	0.5250438939119495	0.8676314900745585	-0.15790002697938302	0.26349891312867946	-0.01988439714121393	0.21994523356977147	0.5560333935010363	-0.2813700905700073	-0.44359382490480076	0.36748661355578444	-0.10223297925785349	0.21760198201722913	-0.19904397423256853	-0.16677118726444604	-0.13463027103394307	-0.2221823143646823	0.002868442228414113	-0.21513487294411937	0.25333288489740663	-0.4011389880997387	0.05605418006659022	0.6300150243427223	0.11000808603791619	-0.07283206095267554	0.19564338013760027
DTXSID1021291	-5.774168438877426	-1.1741873854264577	-8.450086764150134	4.919608910706913	7.144119953799733	-0.566061194852716	-5.217028926402871	1.414840838100429	-0.4099240019707756	-0.10166745050687949	2.038101993062301	0.059439678671371086	3.364566762056838	-4.204695428909706	2.7525568443806883	3.6502628353337734	-2.192717802384079	-1.6504207680735055	1.9508434333479125	4.181539271468134	-2.046810885422156	2.5038579542793693	-2.172794738611986	-0.3079923539792748	2.7369404088138656	-3.17488332718154	3.0386358844424906	0.1982130601511053	2.06964457315786	-0.5312834046010346	3.649934887592588	-0.7390956768113791	-1.6285245599849465	0.05106894330914766	0.5080537483937875	2.5095355795283942	0.6294879725142073	1.4365781447721313	-1.5805909560400773	-1.950970755942931	1.9233438779708103	1.7077807572746178	-1.4042707781946873	1.567204765819169	0.3282265499899211	-0.7248884638322997	1.3652871910743605	0.2906999062405663	-0.8550300601010825	1.876485966672526	-2.0829294884011955	0.23554547274061016	1.1725965318558764	0.19306841876508019	-1.5439986540001498	-0.6287353334694813	2.5430438823361015	-1.2258747650394413	-1.9267656381599485	-1.5690251708970335	3.0896398631228315	0.3322905804946747	-1.7741630344127757	-1.0871179086956384	2.09801862570101	-0.7274403320066599	1.059818162468995	0.12613471722053707	0.1586084718486096	1.7350642193723886	-0.29242106050727784	0.24391236490726903	0.04338266376131201	0.6858652570600773	-1.0489412948200667	0.0075918744744334216	2.0891957687700895	-1.7554931629270631	-0.1433800916562592	0.9202235454806637	-0.8039479512415275	-0.836680682637822	-1.192051812896007	-0.016294180906137573	0.3875860073250076	2.9403399308364966	-1.4728142778291147	-0.6116028030024941	0.5546475006488477	-0.5331635634789357	0.12127105559338865	0.21929220889002474	0.14706161799505316	1.0958029179537019	1.9886105621485215	0.9094669116686597	0.6939042437455795	-1.90111228457166	0.7768667215884468	1.9460145822007922
DTXSID7047306	5.247101256065409	-2.4843268011434394	2.831705769597177	4.321485519380739	1.0210502232240029	1.3298631287774836	-0.42716589263789734	-0.11252091797048851	-0.5124392387847061	-4.20894843247275	1.2808051282446344	-2.9283202091552223	-2.1055794753282844	3.1573089448517218	0.7106122625236089	-2.3385511226370554	-1.1490764157793467	-0.02382211698223955	2.5179368050980018	-0.5532719140591995	0.7999835444840433	-0.24010112869017433	-0.13809426645806044	0.22437102654517116	-0.6075758908561933	0.07405610377225956	0.10159922574231213	0.6027804545561583	0.23497872767107034	-1.0944271073720753	-0.1639755598981462	-1.1096068327962079	-0.20711625651135418	0.6424571269091992	-0.34395044209075615	0.11904947460643094	-1.1073520679023787	0.6027632577281429	-1.2061832587326715	0.721188360957699	0.053501861794537295	0.2651261986170248	-0.19893893142512523	-0.5401033057160104	0.41770821650736906	0.7760108241533993	-0.639355908610028	-2.1281540468819027	0.001958327201401169	-0.5362209762989382	-0.6789906035801836	0.7860035121191228	-1.0894084291573969	-0.3903916908219876	-0.9535749314547941	1.4585755754047298	0.2943498819353795	0.3885338959330421	-0.028274184704468155	0.41841591710623155	0.469810237640867	-0.8553918530154856	-0.9764415454677352	0.3106930128665731	0.0963435095329056	0.30458012192030054	-0.04752154485179442	-0.551000436670319	1.6372868663120692	0.23381272928887822	0.8158348750721311	-0.5700462717001694	-0.5098832417333448	-0.8744273224818302	0.9738806707427273	0.24062434302861888	0.06424177245766115	-0.09147741328212661	0.14407519425789206	-0.007638894255219099	0.40183667300803866	1.0227504050284941	-0.19590443438141164	-0.06861893557756263	0.6010484184334581	0.7865530078127032	-0.6551148561237596	-0.6276539417310223	-0.766422406465489	1.0275616276777388	0.03916117767559555	0.5057124896025726	0.2868557067988715	-0.865057252183699	-0.29279341232144573	-0.08540514740073438	0.3574473080908827	0.16409040457956645	0.1601020164971884	0.18337711246922178
DTXSID0046438	17.07926080145646	1.7775595432281899	-4.052002739799562	3.723083522142278	5.519799895144477	-1.4982284711012162	2.5730239833672455	0.3921366139095494	0.14850434674233462	-2.967838654361811	-1.8527790838339158	0.3657983866148103	-0.872422390720783	4.8417284120168045	-2.8126480917275845	3.3955724188938206	-0.129342658110085	-1.866716462653458	2.920302072171006	1.9779252036409487	-3.911072297338795	6.806508206239002	3.177619931175322	0.08781965966558093	-0.8981596540736199	2.517436274683541	-5.377080367636663	-2.685861961755441	1.3723351066653464	0.11675178927639666	0.9877970426112359	-3.4537029185969046	0.07263524037978838	1.356414282141908	-0.09789815664865102	-2.5023392381859617	0.44240853077638914	-2.0646624779013387	-5.301026060243384	6.960993459912298	3.763944399588081	3.128430640918413	1.951470756866091	-3.370113231568931	2.24234207375625	-3.460554100201096	4.676783355516356	1.9088403281190731	8.296488498368209	1.7187892641068085	0.45821934841545187	-1.5544058582460127	-4.733468271561186	-2.8831282643446867	-3.869952046694841	-1.6584797765337669	-2.043044225482903	-0.8252759635048554	2.898857578409655	0.2207213825097883	-0.9590115339291858	-1.6204815960461283	1.6228909053084497	-1.108905166129009	1.8170851592895372	2.790263675202223	-0.4127475269473981	-1.0898293608103014	1.6474020491483015	0.9895186450152158	-2.9723645819025197	-2.0448212905083993	0.7255470803977718	-1.6861795720435744	-1.98436868925715	-0.8441183011021289	1.7491454908658248	-0.44587839829564513	0.548323008347564	1.1092863635089074	-0.6451366759528154	-1.4585564026725581	-1.3908701359873659	-0.22119714511511027	0.7555466262096807	-0.6054725689391525	0.1261832545662617	-0.15378410318753008	0.2831349940462797	0.4165763573722389	1.994418395110018	1.1289208750514532	0.7257226714556604	0.18326938174413857	0.008863494976552342	1.0794152195986313	0.5035460225020064	-1.0018749678891108	0.3998398374735038	0.35498885140707137
DTXSID1025481	-10.00584794740823	3.2721792271052466	-3.8015428961614215	0.12309640652361611	2.4918456145505665	-0.6304858446059953	-0.05891658120182911	-0.41411719055469065	-1.3421022915970762	-0.4344487742493482	-1.1066820551682146	2.030410313113481	0.9745374739488506	-0.8884103249903057	1.824222003163711	0.3298713567233714	-0.9024129582019191	0.2523491136440198	0.5863168648499062	0.930096577971575	-0.28172143785290377	0.7323795462497484	-1.4725623259072296	-0.3523373999211839	-0.7213824709026514	0.1210022131108804	0.3766530250387682	1.3690151571378584	-1.3289244867092922	-0.3205739367209494	2.7801022043697645	-0.8786411657020424	0.9785750339658036	-0.8533078699471897	0.41908809329216734	0.812875550506168	3.7703360878224252	5.139016645356223	3.611843051853311	4.026134842591483	8.12130779754915	-1.867624439122565	11.924127638075129	1.6141839147952532	-1.844977269809922	5.494910764161084	-0.4432335135448684	-0.453129799311223	-2.0879739644858213	2.3394110248947935	-0.15519037583999487	1.1748331919970292	-0.266868064303337	-0.705552634099735	-0.8569645871121317	-0.9303335352975255	0.7835254084709046	0.43703141292501013	-0.1065067685574328	-0.9937524620926932	0.610914875048452	-1.1976782907818924	-0.8763823369856826	0.6568514941182729	-0.3548776462269782	0.8526378036123694	0.4115492528300428	-0.2270542882593947	0.4001363828721603	0.7598826974059834	-0.29858098253866017	0.37132735770589337	0.17946021166337	0.05733394638801937	0.09133875221498616	-0.2559169504593031	-0.690881275547806	1.1719741432920223	-0.10575233849096824	-0.5377028010131162	-0.24835868947360498	0.48581180447816796	0.5158267027522626	0.6821772687318526	-0.345100673221959	0.3796169180947588	0.5991565599268237	-0.022448515806682633	-0.19226588855389024	-0.5709270973762266	-0.40021789142031894	0.2737828959466463	-0.1334729006999332	0.27268834152538185	0.904171805167647	0.20888672578958928	0.8763733043267665	-0.22349791408285724	0.0965859057550865	0.8281648788290069
DTXSID9046734	-1.0744193502534358	1.9651267534519758	-0.3269725588812318	-0.49269780731541685	-0.3832865876880042	0.5508403532407711	-0.6344978528741742	5.1837540345612885	-0.5388691067501064	-0.36235387623274046	-1.9033615486211912	0.6145532197335655	-1.9007411093685325	0.9541802144248495	-1.6804436869548276	-0.169522032587778	-0.6119816008775742	0.6824265625816783	0.4772158881236915	0.44525165208342393	0.27488176212977855	0.30803625962377984	-2.1083030542816794	-1.1348043931254894	3.600680694452323	0.5504906667810417	1.5793494861164532	-0.9013744661842591	0.14711763537158296	-2.2094592996371345	-0.6175800272364628	0.17989427724479998	-0.36711094194745686	-0.8091372146587442	-0.9132721667159172	-0.6998500854935247	-1.0048363026026519	0.25027616186899987	-1.7938913874354458	1.5230504870635864	0.20230667771956307	-0.4213275733923805	-2.170099525165189	3.365779965205037	-0.5740795000047748	1.741035724215406	-1.3764423844616138	1.663698281256108	0.35021313207256244	1.1445545154257353	1.3056309188700497	0.5764670983421012	-1.6484962111212742	-1.198773672002707	-0.6862049956576517	2.7318037720507715	-0.12445018715747941	1.402183751327431	-0.14692604690199706	1.1732709446927299	-0.9101582919539359	1.66496393575566	-1.0086887718335986	0.38985422155571076	-0.6251848824049648	0.0898278924628755	0.5416629386300047	-0.016654736535708935	0.0009845601545128903	1.3307907281815634	0.8779159091648722	0.16014184684326008	-0.8595636863324332	0.1573497216719324	-0.723619155296493	-0.04250479693019272	-0.9766896828192534	-0.6301996017841642	0.18305102178028285	-0.014781763585937044	0.5551196439966761	1.0038028898185605	0.6738409949900351	-1.4423560322754863	0.5051365410280688	1.0254251281244335	-0.8061963758499214	1.1020532213114729	-0.3061128029602938	0.01152778670529602	-1.1498141719469401	0.605184854890879	-0.5498150040111978	-0.9960232343924401	-0.41852082333141877	-0.8365307979662056	0.48682615511435573	0.4881552988902058	-0.6250562097168011	0.20761034732529593
DTXSID60892443	13.341161819419511	-17.952818771477542	-15.977569544715339	5.40895150644156	-3.2655142199635905	-2.4564172027494995	-17.557930425707056	-17.428458261327695	-1.2716574631559683	-8.79873970005029	-14.199662201511291	26.13295032463348	-6.476896814421615	-7.74279957127721	2.2317984577677463	-6.167595937108514	-6.036768386704383	-11.574483789201535	0.3340934542644914	9.534239566818428	-8.162949409655514	0.042451543735031565	-6.5031722117989235	3.29607697775788	-1.862174532709414	10.88899813988844	4.853132807873032	5.188943568788331	-7.134833285298855	-3.326676619946424	0.16650330041744438	-2.0296191912969186	-6.122764350859653	0.5124854830502781	-4.0926786777079815	1.9251226179613254	3.155109234864899	1.9502664685054036	-3.7556196727525104	3.090489830139203	-5.519181344146598	1.6380416997247655	0.9321080212160832	0.03605560932409728	-0.1863960069788683	-0.03559676590898536	-0.101175410701269	1.2677916198139403	2.416781389654728	-2.736074739542286	-5.3706094330268295	-1.2575167872052297	5.087073369126891	2.5713396301825546	2.962195007969869	-1.8999570433124038	-0.006657360830461257	4.231274543687554	-2.7187916289605716	0.027165053510309893	0.37625542864196854	-0.5552565873678624	-5.280461617145561	2.295932364760854	-2.754913526832279	-0.626558829449999	-2.2692507466309526	2.473859661656813	-4.422927707289424	4.349885526875739	-0.5668902227644712	1.6219731097121814	-9.986022073768089	-1.5113697991539299	-0.8634635216073979	-3.954245517217226	5.178042380831964	-0.4636540291413804	2.33991347718861	1.6853853454392356	4.099316291369643	1.1406999583663484	1.4803074690644027	-3.736493601387417	3.683962140071494	-3.4163480655708764	-6.817283298039727	7.1098156832354675	0.10840964793944209	0.06705899173822961	-5.125665069289351	9.538288966942694	5.135006488667933	4.04856670466215	-11.1536606782974	0.807257900721208	-6.6193075303917	-5.151360768213929	6.306655210874569	-5.143339578249713
DTXSID5026251	-1.6951132807911946	-1.798411728382516	6.069610658355808	-3.67410422270106	2.172467623359304	1.6024773859650712	-1.3554371879953178	-1.3045631486287246	-1.1152996728778635	0.7429248601712274	-2.572152299151191	-0.32330714131018556	3.414332512111713	-1.9380785534454466	-0.4027175826874222	-0.4520260319690826	-0.5618399008535777	-0.254765055781761	-1.5054232736600517	1.1657858510859391	-0.05465463197601717	-0.7102479177368154	1.0895721883257221	-0.9031768723253273	-0.6740632013165431	-0.1954540754337352	-0.21975236024290754	-0.03847108156582785	0.392488555124186	0.5576427545386441	0.3262432824447059	-0.24984434156993374	-0.8223438605375624	0.20302761920842377	1.0450679790483186	0.04881185301040971	-0.0074039398765628275	-0.052747790879993116	0.8566192751155906	-0.5293605754012544	0.4225833021496189	0.6945912523310729	-0.006579334204355562	0.2653067398987206	0.5977813255263213	-0.4704529702641193	0.40539007487765144	0.05594182735545353	0.47888931819840214	0.5009179857482554	0.09910767677207152	0.4342775251189414	0.18065994502570404	-0.12260446129641957	0.725184178801264	0.760048351086168	0.596151117600588	0.6723361567097074	-0.8427986040706661	-0.9168056379280539	-0.08524042772426621	0.7520919519428757	0.08155755286716883	1.098586617113042	0.413000371241987	-0.998099438088022	0.1621923945947577	-0.9955560087086159	0.6047564421347909	-0.6772263724194328	1.4609990112419342	0.7439163532195014	0.3866214666255522	1.6986047058077614	-0.49680243013522046	-0.018828982646279392	0.04307172214793701	-0.8256544356629947	-0.07533468894606003	-0.1451679273512139	-1.3749494745145883	-1.7005870556365819	0.2957091348682951	-0.1260437786284236	0.5493714953461146	0.34853228973165723	-0.45725407022207126	0.09887816972872912	0.005178676930142902	0.23932545294281796	1.2713331543515902	-0.878579273346164	-0.5559226318699693	1.1566176862106183	-0.06267541964819318	0.43480241471899345	-0.8636951499718193	0.3079565133306992	0.6950461150633901	0.28644677889225645
DTXSID6048969	10.320641035107794	4.525301301609946	3.7789141045829777	-3.164258425199914	4.019788211077552	3.1232405227699593	-1.8865883221919026	-2.6395390309281157	1.3059546279447807	-0.8397353231513944	-1.1529855057735383	0.15946584907109612	2.5648427329567314	1.3881829531541028	-1.1261425699810914	0.3876231125032949	-0.7903204423051082	4.4759247514122045	-2.4244442274797797	-0.976083772888914	-0.27891118120615505	-1.7986433414792993	-2.8392968154025464	-0.09828665471631433	0.7908079689577112	1.9158175718643145	2.7063971663990936	3.059070394974178	0.8454978394802516	4.51483057367578	0.7571618666030284	2.737779529296737	0.7106779449725503	-0.7271696663798228	1.390354209163606	-0.8901659666485787	-0.959955755970568	-2.7638252379820565	-0.6074437871590027	2.05880274207855	-0.341088128550865	0.9258739629607523	0.7222834727500016	0.09060282491315572	-0.549444386068048	0.32593297134523086	3.054312773682453	0.19504491419484102	-3.7247383314634135	-3.2209926656288546	0.6165045129955551	0.4878461901379029	0.2283141761570548	-3.1541324562463853	1.293004947431257	-1.6250295690143843	0.5436817994464284	1.4766446235602204	0.46857057817998365	1.8319662239638623	2.6876449350623557	1.7839688600935777	0.6541158163988132	-0.6352682315721869	-0.2647152312642972	-0.4559887304553007	-0.09626481316375636	-0.03160287888817557	-0.2119583509480979	0.6615894758783664	0.3673198162988259	0.10607547387512696	0.12446616314874011	-0.5869804162651158	1.5059005038639044	-0.5326691358556873	-0.9278606206975895	-0.16216333897399615	1.8991414722928062	0.12655711958989374	1.0692498590142225	-0.585790405442293	-0.6193387581008	-0.5569275460910224	1.7686102303180964	-0.905555798781215	-0.7758660371262954	0.10624472939293539	1.3854456188321456	-2.0336868454243127	0.8491350901976745	0.6125371461181022	-0.5278297568292551	0.08570739243448189	-0.20732917646358837	-0.7967488971986934	0.5847420273282709	0.47489253774130247	0.7759689351732598	-0.7178286824718015
DTXSID0021381	-8.892701814161104	1.4243884454279159	-4.9122492711826675	-1.258681295825197	3.0525609165539977	-1.2247685726291828	-2.59144012229853	-1.1580163942939508	-3.1993453579550706	1.7662356882228285	-1.5744770090003508	1.200128341844099	0.36520226871537215	0.15448938230320508	1.5025236872254168	0.7069088043751434	0.26852694655705284	0.2100779788874753	0.04997429437732843	1.3197468976160596	-0.543077892553679	0.5130982104412565	-1.6820791124370424	0.4979189358999049	-0.1618263837375958	0.009825114974558825	0.2340547320107634	-0.8752698314693309	-0.5787874245869724	0.4944311901830403	2.1570292136136575	-0.6861199229994102	-0.45514235702971	0.7394477724753088	-0.5597357297221058	1.2128970872013765	0.7941318663726159	1.061675105628178	-0.9167325900286867	-0.06493393798787342	0.5819396389886853	1.5506101387937077	-0.7202478773053157	-0.04095297264113749	0.03349877788072427	-0.007644359286213984	0.025226608331033684	0.28911432952231647	-0.5788694945333359	0.2505627866450977	-0.5290826855478303	-0.43593282846810105	0.8388388885904714	0.39217980221636833	-0.06819519388856689	-1.3039671512858182	1.0327950854576073	-0.4297711533171863	0.0979171387971484	-0.664717835133975	1.2793172910246526	0.07055962825325154	-0.5652760789827079	0.39274558932788894	0.6986392620315837	-0.19504912113671327	0.12970336695744664	1.61028388616236	1.3220099821125435	-0.31998626885079406	0.2459620024099868	-0.40769640108346095	1.1417700522916652	-0.9501644572956833	-0.6660967361395923	-0.3518759903035238	-2.0228749366328334	0.9573492078787569	0.21082585585776048	-1.240856833032554	0.13373379963888327	0.5864571881640575	0.9894522637641718	2.071065980948352	-1.1313534191821055	0.9573554965586916	0.19927618365848543	-0.10927635510550954	-0.25140545210823967	-1.1004361087283678	-0.047680772053100985	0.9374128288290842	-1.0494400673492654	0.04513796054441536	0.8649171174474705	0.5170823309667509	1.5351290558474782	-0.941144789096497	0.4787881361061552	1.4027616427096465
DTXSID4059912	-3.7325745216215123	-2.724613021939584	-5.715393155739919	-0.054119785469524354	-1.7388355046545692	-0.6900553851717885	-5.436881799188357	-5.131633601694086	-1.8024367291023868	-1.416988951191901	-4.85982349839588	8.212626625060789	-2.3422848981829443	-1.8843538645582	1.7898626608375632	-2.437944871737722	-1.2189987516780854	-4.34365257613395	0.1250682903670966	2.4117275305901975	-1.9103306269851086	-0.9761184240794016	-2.112393509536439	0.8924967694632789	-1.0085726448082954	3.640022492963374	1.2792078508560718	0.9830024866815718	-2.707300810569123	-1.750491909151974	0.34124042566635415	0.3617811940194991	-1.5331349571224364	1.1743976363827562	-0.36337527270204995	0.4131638244471285	1.9868410387558646	0.9600099097662073	-0.7362363607806376	1.3915531623101722	-1.6398396732449438	1.4911591936708997	0.27679681565115544	-0.8410060404536074	0.531657253566688	0.29841049403897557	-0.7311080796829664	0.6804826059126755	0.4060167357150434	-0.7373638715529001	-1.8991636416091955	-1.480633826164998	1.4408310069385202	-0.10679768660701099	1.0954241389151864	-0.14902521958367768	0.06512389402871893	1.370933200959434	-0.576711253851707	-0.159468914150037	0.04179369988209587	-0.5101507413859933	-0.2742471973264826	0.4199545611004212	0.37486833910788536	0.49801614330440513	-1.3142079309851509	1.2483420266893959	-0.026152697387775314	0.30641185474751426	-0.484976341640394	-0.9029421340689857	-0.9563741117958655	-1.577761432580271	-1.339769477967086	-0.49069105686498504	0.10288414169683543	-0.3733709487925038	0.35338120152527724	-0.35481528148221814	0.9303025265605865	-0.06986328639991385	0.25200546602612456	-1.1577693184699487	1.1120023756255175	-1.503941745100104	-1.1101966031825465	0.9994406992300006	-0.3180338667667541	0.13117214783043574	-0.3677272656981852	1.6359067560783462	-0.11206358796560072	-0.38913071591197884	-2.1622220894539197	-0.039830181240090995	-1.1998906555926399	-0.7150550351859459	0.8488447287637418	-0.8173084445656943
DTXSID3047893	6.031645580958873	5.085609059411388	7.941021312039599	0.4384615059889915	-0.9492644056870164	-1.7755157587362627	0.21174333006476856	0.6434516706691966	-1.3959968679012544	1.286965892588015	0.6807478878355353	-0.39154667001176197	-2.3812999472546656	-1.3630264640517131	1.739664718726712	0.2855188342285435	0.24474595040233657	-0.49766213948986376	0.017096483621102956	1.9714953927210785	0.8997394689345539	-0.9583658999188561	-0.6337982591362831	0.5322088445345029	-1.7522130175982698	-2.9730615779630742	-1.1546012744539362	-0.5641141141707187	-1.0006222294505114	0.20248535091997805	-0.28126191458128796	0.00911649644443258	-1.5385897042487247	-0.637221375137569	-0.6848333474691094	0.7931361298442227	0.2606373533617074	0.11419457781329692	1.779345538402734	1.4119951032012703	-1.150893733909315	-0.556964090671199	-0.47396546250388183	0.28222980931447245	-0.8991235220684053	-2.2471297727799944	-2.097816203534146	0.5994834960379226	-0.4905486605157632	0.48027883207813005	0.8308078065950207	0.2538076294026558	0.13751032440276673	0.8895686129053649	-0.5382068778299336	3.15622842512293	2.081180883516063	2.3715450591833185	0.846180107880302	-2.626761214616392	-0.9423328637343228	-0.6337544977133368	0.687023815034785	1.180048415774026	1.3333904252390185	0.7080343039772994	0.9968622734306297	-0.9857388116428527	-1.2200048029979365	0.7686070862226501	-0.2707200426921172	0.4310843993669387	1.5381528542250056	-0.3305807541770248	0.24324352330330115	0.24865013523551752	0.00256852616294221	-0.10243940151749233	0.40588783700613845	1.171803893018613	-0.4175363159435591	0.9230634536997421	1.3417954748116088	0.866266541675457	0.2950702760020902	-0.8075492918172497	0.22315683886733315	-0.680732759359024	-0.6161634556422411	0.8894985224731399	-0.21317190124486612	0.5206877438814072	-0.7428964477291412	1.1681164204411814	0.6999364826046335	-1.0498054005113326	-0.28624956076908314	0.6178156712563522	-0.7201463960416485	-0.4436147997357419
DTXSID7027049	-3.4572817590977802	8.725642540847769	0.5459254201169236	-0.47966377921501385	-2.0235195063924065	-0.1941886673611793	0.5757589547966598	0.15728646317743544	-0.19875091403318476	1.402728159362748	-0.3600692354897771	1.1726950678510761	0.5805702387183713	0.3397165880487987	1.623407865848201	-0.8091469827258231	-1.15765441732501	-0.13565516780727427	1.9695357102634086	1.9665471213033234	0.5309607159767424	-0.38171411760888807	-0.22835758265304917	-0.10231972137554005	-1.7703510511716183	-1.1416494567184778	0.025363557801987492	-0.6057102831268504	-0.5902552908263894	0.3201486677658137	0.49969457586688837	0.5391120218371517	-1.2702430752227758	-0.738892594635846	-0.6780655084326721	0.8003740731593524	0.6714528836935654	-0.03420870926259898	1.2733484195297817	0.2885846612912549	-0.649010534202227	-0.23125617862631062	-0.22458864651060734	0.6168790178853281	-0.27309105340528483	-1.926003949507878	-1.2821629316423593	1.0965071653687948	-0.06978799650153647	-0.459334181928923	0.4556311259269975	-0.2070595928299245	-0.267338249027062	0.02820269412948739	-0.4128581866756456	1.1180314460220215	1.4420815744413575	0.572555189681172	0.13866639650728022	-1.431848536539376	-0.7250264374053261	-0.8716392491803481	-0.2579738870917138	0.2757074879116238	-0.2471020029040211	-0.36883455649504904	0.07853580877841145	-0.13593717879214795	-0.5272830982295111	0.8682008344056453	-0.1901241773712117	0.4909526735961202	1.183002296005807	0.29364033937172	0.7453849312075861	0.35234175301152865	0.3197551678658169	0.2115701095209129	-0.02107839200523536	0.8791704322459922	-0.14562688038819382	0.2219385185087394	1.5580175273590486	1.6059603288066608	-0.07398586729639818	-1.5772100191492755	0.5445885644615951	-0.8994316532542	-0.5092714758462937	1.5725532156632815	-0.4991335246756446	1.277890065952073	-1.0514032891001655	0.6887247897308635	0.8434628379848825	-0.9283915406342877	-0.03668293753198232	0.5864029716521133	-1.159061761395403	-0.12513107543133
DTXSID0044490	-2.1170720381427537	-0.8119960480376678	-4.057107481477993	2.0717451353544765	-2.32948781240635	-0.3681763892323648	0.10714653169642468	0.6888958379285662	0.9940298179218071	-3.1682237197320093	1.0113793859647298	0.5717647236868888	-2.1972958977507715	-2.2454375037023007	-3.1418242341816596	-4.6537576430983245	-1.3027559809926412	2.447886219216779	0.9055109835177445	0.2958231796279331	1.707434668307875	6.613877893499641	3.5549357343808383	-1.5050708760248563	4.072849335163583	-1.6186851333261858	0.2917768144377349	-2.6409502967671004	-2.914198288302439	-1.955102253784979	2.2861982576309803	4.053476422583278	-1.8919978329733274	-0.29704954240496373	-0.2253403235315145	-0.10113146439017458	1.544097880436067	-1.2197026359392582	2.06006403805038	0.5448937089326584	-0.7301517460822694	0.5223293825499733	0.022833906768090807	0.3714123070782192	-0.6080554734075538	-2.55491060826623	-0.7423051881191629	-0.36918394833162527	-2.1383487678219244	0.36525414632250774	0.96984138351216	-0.1931949689217196	-1.6005430393450633	1.402354625741563	0.12841225089464642	-0.9282760808686035	0.5714562893496361	0.45142833350187495	-2.7517886149777695	-0.3687105665766355	2.760081375780544	2.2430173724161855	1.1471946082124442	1.4168615893152536	0.8322310299823149	0.8411695217680408	-1.6468111735964508	-2.617281446024916	3.1652408687005305	-0.42551757503392484	-0.9252040670169088	-2.4361070991679044	-4.461186072858713	5.853909577549718	-3.3811719516058814	-2.351700507767802	1.1904096904769126	2.8041919649484437	1.4936000427214282	-0.38661108274813444	-0.6268138901297746	0.5771968955387009	0.30007412748286366	2.6900906579215667	-4.108306801544041	-3.777060668641386	-0.4954835060847168	-2.351557247583762	0.9429290280411055	-2.0527490066227476	0.7447265391639125	-1.4255467232995824	-0.678418978949244	-0.994108444686503	-0.5002680869608586	0.19449341511182494	-0.9867655479136637	-1.370029402718626	-0.8052114394950035	-0.7192842153960701
DTXSID9047251	5.834025945145547	-2.7611212522055535	0.8961551774377453	-1.1043971893362345	0.02338145054444608	1.9605792193815268	0.5803267990479258	1.270176440590954	-0.8076841712288785	-0.31533575977889683	0.7851647041898318	0.47772924138323347	-1.40647073801003	-1.7936935390604105	2.0558899095261727	0.8131969271894298	0.24575567980318122	-4.309322668733461	1.6511471673646576	0.3982124265152348	-3.1553913071963864	0.5486250213647026	0.07233022776208174	1.2688608024100154	-0.32909084695129703	2.840606974953342	-0.393908663280531	0.2614832193873646	-2.4668501813577945	0.0960011219364741	0.4084755037221991	0.6743004410781037	0.4443608932494846	-0.04921537636883313	-1.0068000345258823	0.9198605978011875	1.3307969867694276	-0.8499008989404409	0.36126437524114147	0.23059635574690704	-0.10813670917776592	1.2000443493365935	-0.6906753707923803	1.1640399105360484	0.1706359776314045	0.22416975312875587	0.4219229027933457	-1.4152884465250215	-0.40899187487554245	-0.6074419503137377	-2.575866341081296	-0.3625874703564794	-1.3299775349819756	-0.1923434912865091	-0.9042408306374904	-0.4803226360509955	-2.614498844734445	-0.7629916642346652	-1.654659881607523	0.2984590520973005	0.4957479138663179	1.9854423099871334	0.9444933619093194	3.164780216840419	1.7473883067478688	-1.4007372269003784	0.8232148021263739	-1.4801310568263877	-2.0935681806139	-0.4330821486272591	0.7251258622091116	-0.173783350490015	-0.17159926240327514	0.5093713034227311	0.004171730547246545	0.7363751525949417	-0.8889101863017473	-0.7547861039798738	-0.09206135148425452	0.5576903312107289	0.49104109385693706	-0.3465129559856896	-0.0346714000116785	-0.5678877810816262	-0.4461779078358947	-0.6134254590092534	0.5661637806156347	1.337509176469163	-0.5079519111420007	-0.0012123493054190123	1.0616063794717758	-0.07216924704547899	-0.2943323166105375	1.1202458555498993	-0.07756314851326118	-0.769851799930428	0.9370474104152445	-0.8623535542286858	-0.00849830117111537	-0.7659508427223617
DTXSID2048955	12.795319296652886	8.733541288355143	-1.3151026556442003	4.300401884850579	-4.363441675539213	-2.6513585580988206	-6.479595138592767	-1.0093134676655706	-0.3675393872544429	0.2793479515367854	-1.0865457985963474	1.3958209619099313	4.0729623087152484	-0.08258781797432856	-3.159649532406795	1.164703475177702	1.4236491635325232	-0.9402350811200494	-0.6660098859617264	-1.3125086395885712	-1.3025809190640434	0.054462297520829796	-0.38056062409185953	0.893362500119507	1.193333592208789	3.369503767715572	0.16303752941240066	1.0914829975054152	0.6700468874678938	1.7060882297415019	1.0692880885532032	0.6561446797888651	-2.3923941144680536	-0.7698020996399223	0.8835453476192688	3.734222115259152	-0.7735063103466495	-0.49698745389862864	0.5530618551761332	-0.751357561192332	-0.6195544365151967	0.12870077278101796	1.1811401247670616	-0.49959856974014183	1.9416014887616149	0.4054621606998778	0.7645742399676235	-2.0389576747454052	1.3070063149164237	0.16651060817215094	3.0887007273063087	-1.2244402895367086	-0.279150015591553	-0.09904188934013515	0.29265752861281624	2.249788592742626	-1.5432273916430168	1.1074388495042409	0.1856940127302458	-2.0615665731983603	0.42015615643716614	-0.02052704591264623	1.241324943834186	-0.5911956093884905	-0.26258265306708206	-0.43718503454354946	-0.3589842422638143	0.9178567153233345	-0.24376528736533537	-1.4885468085425047	-0.006690887432079327	0.06814733191900359	-0.46505890546541795	0.7095334140824999	1.3112644790460306	2.1098196379162406	-2.34281785440485	2.558397273436845	0.2693526253691212	-0.9548935532485053	1.5675293888125592	2.441482583848533	0.1960598459479592	1.0385919069604024	-0.5927708395828926	-0.33433302624126476	2.0913817685314533	0.3771479823289849	0.8917965441411827	-0.38937329321692576	-0.970062022972024	-0.25228416405732135	0.6536061692841719	-0.44731828708778787	0.11308712815947859	-0.6780655864560312	0.08526295784580049	0.05502827872376655	-0.4677900966410326	-0.29012997446007216
DTXSID8057695	7.704974533925061	-5.976644306062674	-1.027787281811203	1.4938992732881997	-1.903003298304045	-0.9776994261243561	-1.636002732017493	0.21131218273593597	0.9575101386592122	-2.3786628198200757	-1.8037889290939921	3.7462719631491677	1.6385235554624729	-1.5253311819252067	-0.22487896784764005	0.16667263955188846	1.5875187899540433	-0.08654287129372872	-0.3488112632774284	-0.20383022633304987	0.3811635116746744	1.4494164678937624	-0.8558757361526328	-0.325125809941068	1.3156971827417347	3.428655995823157	-0.7015407833605812	0.14499252971751075	-2.09071505433601	-0.20668471578706468	-1.3663699908589644	-0.7682250853033035	-0.6428550912894545	-1.6589357756043552	-0.8804369553836564	0.04319701687989221	1.7265944854354949	1.3144297424853915	-0.10723516235200911	-0.2607376544159696	1.0656507506132915	-0.3839093784073402	-2.701978789788735	1.8128366079327167	-0.2631423255390009	2.23207342843611	-2.035309198295532	3.7707962579679575	3.0104016334781076	2.1788851754159833	-1.9227949382815874	-0.018143728302655208	-0.8677632658009682	-2.5872180702166263	-1.3670548503351687	1.6344500293691442	-1.3833524413664002	1.4923195734399517	1.344122478160885	2.6192808873364086	-2.2785224076490205	0.23076814699936482	2.885183229970095	-0.8285948297416972	1.5355762686961445	0.25952592092199034	-0.34635783209956283	0.1638109510690508	0.8845938057791535	2.5637363363154595	0.5717308594113835	-0.33234624951333747	0.8574734095025301	0.48930105330243623	-1.4132129922602759	-1.448677191783364	-0.6841598648008338	-0.7924005930816701	0.8804240004016013	0.36964056998833	-0.32321117465222776	-0.15365455936237926	0.46285327867754794	-0.7432288047821062	-0.9653383562246509	-0.16430284005228474	-0.876244733785188	-0.6974009095863779	0.4193496327102675	0.1592499426896144	1.3119200768623567	0.6997571536447263	0.7646581808963713	-0.9975568254880618	0.4357766327415275	-0.3615559802505823	0.16958926438088892	-0.2596573381297055	-0.42155807593602956	0.8734345914070748
DTXSID8049385	0.960870624619754	1.8163727440066324	-4.234148571426701	-2.6108522130498586	3.3010247275877926	2.339424474772719	0.2584502795011641	-2.2185403884843673	-1.7634564958219177	0.9210477060691461	-3.6923105665493017	2.1630399649392573	-3.178786383869378	-2.6098794414705333	0.3346127809074406	2.998008206094343	-1.178677441339515	-5.5830157113331085	0.8934579838424985	1.1155213684529046	-3.226800174861513	1.5457466224267173	1.899023035121095	2.469619150857887	-0.49109153427509156	1.291834663997429	1.9485151758637982	0.27957685365942175	1.2413790165375602	-0.28578250108795455	-0.9773149453457481	3.842144421270495	-0.733083582481587	-1.3710008014659154	-4.020232943468505	1.2443587127760993	2.483589660792795	-0.16504641944005033	0.5057508620127394	0.19261644972853445	-1.4791363961623245	0.06163861071207785	0.26430739765889005	0.8971139154684215	1.52998666717476	0.9558044935609364	1.3839445064318814	-0.3586546273910908	1.373868425322044	-2.2144992250553908	-3.1391061015429527	0.8940910395260919	1.555722086645058	1.198776459518542	-0.6081444785020853	0.5344613046905566	0.9697187019509251	-1.5174949090388905	-3.1044109189845526	3.4597542174623044	1.1545596592456187	-1.6281316686144915	2.123512118035363	1.595396227694983	-0.001319411267684655	0.8362094675244902	0.7943071927137316	-0.4041805571519051	2.2576792342298266	3.5823642434518344	-2.910098461925876	2.7455552800405805	-1.2238498524164452	0.28081417729579194	-0.1689910669793673	0.20414182585546223	-0.7024634993751199	-1.038809342307475	1.6613519307876672	-1.2488764393668832	0.7075275548058749	1.3563846747842927	0.09032991728755088	-1.4480322467501823	-1.891624785010764	2.639163744881816	0.24001016996855193	-0.0377174172704198	0.6326843205118446	1.2346785331872048	-0.7688628217688483	0.7131866710385467	-1.4824888966322418	-0.5794060365663524	2.0018596560150095	-0.5847816577985456	-1.4348647833098798	-1.1496633178682725	-1.4376640226228241	-0.8272139999024332
DTXSID8042478	0.7337054348680441	-2.8228387113655766	-3.2505010517537625	-2.627054777685288	-0.6303560339074447	-1.2159695579053502	-2.692412307921604	-0.3230506184654871	-0.1478076612159593	0.5999721249178408	-1.6884530865069687	2.1308004458375	-1.008118225839378	-0.5810531462831672	0.4010745903742262	-1.7459004229189865	-1.246312139260343	-1.5900361327482435	0.1818956009992436	0.05522359006935496	0.1981242040944917	-0.28413439282695097	-1.260019878548549	1.0195935924678237	-0.5664545214203034	0.8154911273242724	0.27199649918241864	1.5882218871587503	-0.32020177444197934	-0.5844197899884389	0.03956224753323767	0.5932151623403196	-0.39035936082503603	0.5467865928871709	0.28331531953791417	0.1894763120741845	0.4332146972299654	0.698858592249897	0.09233049153574736	1.3066424980076778	-0.44833495917935245	0.26527192801534955	-0.3961003196974966	0.22288331567847353	0.3921561253753063	0.8027171815682815	0.18098764961719727	-0.6080853574262365	0.2698158786101808	0.28323399695307244	0.09594733199296493	-0.18372310272373407	1.2889314831104037	0.4003828971220808	0.7094033272393054	0.013127522697394336	-0.6841165682932245	-0.1046213908249687	0.5801827144352074	-0.24692294319470218	0.33646076330267316	0.11524036757450827	0.6923220077797284	-0.4613375215796461	0.3912290944352505	-0.3179525000906311	0.21142945754923448	1.431837462520631	0.3620962550677793	-0.8025990981390724	-0.2049256573352166	-0.5860493971596714	0.5740612466526067	-0.41025957417479775	-1.6096958154430352	-0.7092925532901835	0.6243855044971395	-1.2175386379352477	0.3829015206073441	-0.387792099318219	1.056181577208784	-0.26305256339786265	-0.8208558204139835	-0.564980018788951	-0.0061199924828109105	-0.880672204040166	-0.7323339562690897	-0.7660296298864616	-0.06979823095827366	1.4842263076434867	0.7454784910448741	-0.11684727071559543	0.06649497239380917	-0.8154625919800513	0.32403531883553055	-1.2442541111455472	-1.2641162215154054	0.11898290620451621	0.28000843934340514	1.005837595396414
DTXSID0023325	3.5495721341051447	0.03850824249155075	0.7774813528337144	-1.2163686849596167	-1.209259632348482	0.12680803156932302	9.614755890133447	4.249175573746317	-1.2699783484927318	4.158807221467858	-3.692932771903441	3.286617851631041	3.889660122406597	-0.2548016836677886	0.8522196056518473	-1.8981062083356097	-1.969340116487679	-0.9289366529705404	3.9071116046228815	1.0660095659005564	1.5374495307384781	-0.3636065244100614	-1.4158408848172537	-0.9950913787536224	1.3870647292905587	0.40459463390061384	2.2242742789438674	-1.2302035317245013	-0.5822490975588503	0.8918749495605417	-1.1087157724981689	1.0497302903568775	-0.8395962182238886	0.38305146706347687	0.13899642285363023	-1.4244643174305132	-0.3808334595503999	1.2582455089089009	-0.2616529081092645	0.7369139010490289	1.2241096556728552	0.004713836753495424	-2.421451466892472	1.7465665979138736	0.9528903840109959	2.2432916835524477	-1.7168985184019514	3.0162007015415493	0.14734285171363645	0.16255350600678267	1.5925770616273127	-1.4306207626303875	-1.8862913647015511	-0.1120277484428449	-1.4242911034010364	2.5635321656002112	1.1714299373427668	0.9692829547638625	-1.4712235832033032	-0.370864827171193	-0.35711286706564366	0.49646480900073875	-0.4576220727727945	-0.27746938452758857	1.1389123593596455	-1.922577311488951	-1.4328071324244722	-1.4357724950038244	-2.1603861875851122	-0.13704269204291025	1.3358582582814447	-0.5093627645289144	-0.0714083482296205	-0.7226927759988049	-1.4870735024643662	-1.6584682802745194	-2.2026484327587053	0.7561863837220583	1.6736288687327865	-1.4612182868657908	1.4448184732111171	0.9174090666384045	2.274651822782734	-3.695547702046333	-2.338832418066168	3.4694925241902297	-0.792003625331894	0.2739155573828748	0.4386902136216144	-1.243039351620018	1.526003263495459	-3.2532882228405304	1.117645884905696	-0.37682535635879033	-0.11973820356595798	3.413404454808941	-0.5581975746378294	-0.08353001480562952	-0.26272478321103615	1.3876956571655739
DTXSID7052284	-6.419535268518688	0.4115473855040072	-0.23987760900578264	-2.2490156439511444	-0.4983675692004146	-0.31458664410046794	-1.6393885258097125	-0.6976974207534686	-1.6050625882383398	1.8422430083618262	-0.8765662523893424	0.49802028228635353	0.20997262117925763	0.7919556238696132	-0.40022745253477465	-0.902714545579242	0.061038236682372654	-0.32078454766145864	-0.2540563734040447	0.065025707707726	-0.3503386240784511	-0.645461924662618	-1.1800917492977192	0.3307715743521022	0.6020409354967354	0.6422650293838741	-1.0761766361986238	-1.0115664044429968	-0.33617406824507995	-0.46994698489735165	1.5606080255271093	0.3180728824467265	-0.5722609276696852	0.9964449703228444	-0.29278875914860053	0.37105241158846625	0.8807500566981165	0.8955299894258915	-0.40058445759844524	0.11376248064622252	-0.6121596862436157	1.0771825874024088	-0.278552970490962	-0.8168416450205249	-0.30175789537689013	0.21139787877831315	0.49097046646384146	-0.30494973598987196	-1.0600657335812274	-0.6563692300625388	0.38515075533039345	-0.6689191088535092	-1.285229056790714	0.0937779808457487	-0.4461640913736077	1.009610973711329	-0.9670714395906945	-0.17056845109815788	-0.42491808463893116	-0.5062139845876812	0.7853494293730512	0.12232168274731382	0.08785041867390943	0.3828784174477845	-0.2568830969606847	0.1877640981121571	0.09815455272426912	-0.3216504870041526	-0.1996905637314989	0.4559710341791527	0.0802583210991078	-0.20017520566552946	1.053098163863085	0.6645589299777078	-0.6702302966662803	0.8770415838937135	0.0026605733376872526	0.1570156476624657	-0.12271337271288321	-0.118157438461138	-0.5810468195249214	-0.24259693584106923	-0.08935141963377927	-0.30608257242159054	0.13475741575236685	0.0422265704901051	-0.04413604442080972	0.3157719356965652	0.25129647529734717	-0.2621440146871301	0.31038620979837916	0.17131817371079586	0.08250150459299306	-0.0013689417452364076	-0.42511317922700936	0.07869864566082298	0.49722749178825404	0.31902946959932726	0.44044075083631884	0.23863520586146023
DTXSID9046578	19.917846325556003	-14.112032604618433	0.22969350642773767	5.579305566795175	3.1700526405490117	-1.1977875787672394	-9.522906715627258	1.430546684498162	3.372376968726494	-2.0265502529643045	3.547621303444013	-0.09615869076492323	0.8380335909216613	-8.960855650760774	-0.679456626919852	1.0123767682710891	-4.259418858254526	-4.8472917997412255	1.4532878272769854	6.143146576959985	-0.4911446197551159	1.9728996576706075	-0.2862266197545321	0.5099453176047403	3.8437618628743517	-2.294460340977346	0.37228361912428	3.1822716366907304	6.6332856352513305	-1.5621185628836947	2.730221474382063	1.2331056111354668	0.03055562180652471	-4.890952398397128	1.185909967028916	0.015984517470607505	1.0327360026959842	0.7410940980237019	1.1589938257774595	-1.6344037624852923	0.4658537467914805	-1.543417095666893	-0.4102997164595372	1.2357449719571696	-0.5962818674951665	-2.2444062473536737	2.4435023392754367	-0.4508533306100354	0.7661412052807784	0.4625577105441851	-1.5714283271672556	0.5859650839884452	0.5452397944725251	0.8161820990329388	-0.9735457516491851	2.9625196458969154	-0.5064017262298749	-5.452779378807654	-3.173311618425773	-0.01820657513195574	-0.3770247861080395	-0.36698335085714123	-1.4870092766716925	-3.0888948923993875	2.3699622314767073	-2.8730747163766694	-0.2148239517597501	-1.0053751180950372	-1.4525140075429994	3.4755998907088057	1.5351445535084525	-0.7128311453324162	-1.497741673723369	3.0498833345301097	-0.1170586306006441	-1.9427194338633578	4.584428502710035	-6.101631972823699	-0.28564869012563665	4.308614412559922	-2.1716003853711703	-0.43876844976294305	-2.5063897206580514	-3.704155003752137	0.2019911993685514	-0.04332739885766433	-5.127989275702675	-0.7009069024098865	0.21140283017889497	-0.43701686455655553	1.2544500671397512	1.0284425338956227	0.36619600144387493	-0.19486758523638964	3.5920840443581317	0.7526118400688515	-2.082352850038335	-0.43724106803154505	-0.7693884619439075	0.9410016380084733
DTXSID2060965	-3.5638346057595203	-3.6179691707581085	-6.53935846922126	4.2268598209714865	-3.3707219601614486	1.4841682693457308	-5.021033386453337	-4.818329087551454	-1.434346089777564	-3.389924048811633	-5.435872623826299	8.937793093404661	-1.5819838430779531	-1.3379852920606075	1.6333637387603073	-1.6720392630619256	-1.645401674301609	-3.8368971276613295	-1.3154061558436383	0.7892283885423604	-2.3845285214704077	-0.11944715352677564	-1.5603743390894915	0.20077761084413812	-1.7705570345353605	1.4912231699631082	1.7635753169400799	-0.035361787314647966	-3.6279826943290656	-1.1542973431170853	-0.24614942194926118	-1.3050875603951806	0.18782950899152992	0.6508449266090994	-0.37121971533199466	-1.6213901983861871	2.995857890795406	1.6717658920514307	-1.8831991938707369	0.6618756292205421	-1.6173827754411785	1.6794485957018632	-0.8034072790105863	0.8991188515014046	-1.4173108697191903	-0.461897552634643	1.7787920949598475	0.20968439939613603	0.5989398293048538	-0.03976203043825435	-1.0785259596566	0.9239720850990074	1.2077551323501883	-1.5897188781309823	3.8432225492262972	0.9809787604535676	0.83333794672206	1.2521665388278795	-1.790169367843847	-0.9740647619738984	0.31284164033191847	-1.7994196157879123	-1.794939834598265	1.2624893369103305	-0.046270188583726474	1.032783206759491	0.5612643973344873	0.9583883672346559	-1.7960879067327167	0.2454977467690469	-0.8724157030809326	-0.4427819504746344	-1.2740339567269487	-0.40348950047526033	-0.6748189922274636	0.4085086755905297	0.30638458695081516	0.5601597714805774	0.8865888522005332	-0.2167523454301394	1.4754358705725807	1.0321138295259682	0.4933903489269715	-0.3456113078586698	0.6049469869661852	-0.8837450387425421	-1.0465276892739623	2.028809530153344	-0.9934894089217928	0.14349391326598784	-0.6479400349060823	1.6669863427178804	0.8156666978241374	0.3909714535621848	-2.2282235726572237	0.1279722112241184	-1.5415753995101806	-1.348258707879879	1.437242120279494	-0.8285332676718294
DTXSID4022783	9.278583892313604	-2.7574778173272003	-6.344846618167044	3.575727196966643	-1.6601941134591736	1.2671738191118966	4.055764424203791	-0.46554584392072484	-0.8706064941056522	-3.6239941658054002	-0.9247922753977258	-4.717328560902581	1.051012459696586	4.426190197541612	-1.3580386311103056	-1.343214419055151	-2.414950019929973	-1.3979550718698965	0.9900823536028838	0.2741288091735516	-0.933561444628497	-1.0960432978744166	-0.794653754647235	-2.642247079848335	2.8244631406915572	0.05472786608056418	-2.15227177131943	-1.1277750862474563	1.0119917205601705	-1.7535276467952494	1.0358134622585593	-1.5171680451994483	-1.6030114779873954	-0.44966672627025683	-1.5792288526534668	-0.6456930355267448	2.1377793904520956	0.17502184569595575	0.10652608782082505	0.015660987412130487	-0.3528408008112161	1.3806733983276454	0.2004949982777632	-0.39528146583168533	-1.0409716269068903	-1.502292209589679	0.606245579989712	-2.249492701270857	-0.16791747031431165	1.4546064101820138	-1.05842245017528	0.3705481677248186	-0.6587601340010792	0.34090885588369857	-0.9054158795478602	1.2935445900126936	-0.987378769011899	0.5591306495892273	-1.1457108005595085	2.548081633965672	-0.8770185014753887	-0.804181263590594	-0.43695573632044216	-1.3296575946926865	-0.7379038087189298	0.6338839302063853	0.5604980360616982	-1.8368522855143319	-0.07006884942707271	-1.5315412124332866	1.8239158111303848	0.9886632074287827	-0.9554950838991574	-0.11446061548905355	-1.5864795251380102	-0.0861155662795037	-0.596028545516755	2.055004726071158	-0.14240872350135392	-0.9497995650640815	-0.44267760674153606	0.11682180302848699	-0.7338119409149272	-1.122519512829586	0.5665077901907867	0.39942661699570087	0.6398439375875546	-0.3863695741285114	0.7027789383649974	-0.2315717375148384	1.0949172855850147	-0.042443032790171115	-0.7493614824196302	1.3809792422295606	-0.9361748365559676	-0.21861272933516088	0.032546729013165465	0.8234604162336396	0.5668413752958112	-0.7917120808450053
DTXSID5022510	-7.080907464338071	0.7855082612384087	0.6884382680133136	1.256756275911044	-1.3919783810301998	-1.6016291022575386	0.400440606813733	-0.9484043658586555	-0.9541320321350899	0.8383047789078605	0.9168966526681203	-0.3753389850086343	-0.19096545485432548	0.43855537488949276	0.3400507967751152	-0.5924878814076896	-0.20654903041420433	0.3163201928042224	1.1277798309943692	-0.5086461388260624	0.02373756137094768	0.8486478767650076	-0.1824302073541895	1.0545630398225794	-0.74716815043799	0.37900094171813975	0.34605799272711024	-0.01563747678335379	0.31062501997757774	-0.01533578864139702	0.3879327161754483	-0.12421253287118512	0.5172839111161739	0.16644276846781395	-0.20935575470411966	-0.01133416264819247	-0.3779005177331814	-0.0038691594758898866	-0.06979887960139156	0.08144541340256395	-0.09525172679980179	-0.05321245595019581	-0.11827049078933258	0.31469685082384685	0.5182300522763887	0.37945316351735625	-0.0035721252868338204	-0.17290363935623182	0.3336433826281324	-0.47827860102806113	-0.10158893848678933	0.4175144397820202	0.499107347236605	0.02145413704283319	-0.5840363041882333	0.2720599672587887	-0.004333565371842815	0.2759354138065231	0.1766736906460028	0.18451410851860128	0.5918222778534807	-0.10333733865528309	-0.3170778522325486	-0.11006267445931026	-0.18320992472923536	-0.44263320554616825	-0.3051126051859511	0.28348704031469796	0.19184816184938266	0.07550267297503628	-0.06216630405775116	-0.0807714902958227	0.03478505186619783	-0.20409961468375964	0.1453296530122758	0.0531819215643772	0.381323629777461	0.36425479345971895	0.009545876621192561	-0.03312922090479588	0.3611506418753516	-0.07075517227352385	-0.2888145952741578	0.20363573103507476	-0.22737362849072604	-0.23289349145370208	-0.031565403966458336	0.019262052178929037	-0.09453528542867877	0.21654619383621188	0.19263967920669958	-0.12631188893549974	0.12021440724425254	0.050935850587388774	-0.044538257917087216	-0.03160824023612481	0.17729014794179865	-0.16245456432651253	-0.25569117893141063	0.04637300553340718
DTXSID50379814	-0.48203317219505953	-5.170809777902217	-7.207538094424341	1.4704504396532174	-3.201896376767208	-1.2948236897486887	-7.552326686955993	-4.793996547746589	0.2905164934096663	-3.873339213931185	-3.5981422730632873	9.810630593751679	-4.704714271852963	-4.297814609517484	2.16265829848665	-2.8593048178734595	-3.1235505642165884	-5.737003575072574	0.8388986054239177	3.920764654417228	-2.223646162379696	-1.4841760500332686	-2.228825339848938	-0.4308601702157631	-1.9389945864900477	3.882284693444836	1.6272123081994596	1.1901446627715933	-2.599341320672397	-1.1666426505875724	0.29421760633590904	0.3728285014438844	-0.33491086352254124	2.2543367814254416	-0.013225501397094644	0.9925884610442206	3.315636795484752	1.6405816881357966	0.47996999841132104	2.252243885227976	-1.4463696950015543	1.808529002321722	-0.46885392416101795	-1.342338345031302	0.5440960260733321	0.7023340702230222	-1.3219125996309247	0.660485861640006	0.5163606234312118	-0.3614770254252499	-3.6267844281722383	-1.3433173258463427	1.5674188105520204	-1.5182178307768357	0.5076732307944742	-0.010677892639424716	-0.42502336841528504	1.296655956253819	-1.6544612907552716	-0.7261434521612179	0.11133811968350164	1.344091575595823	1.708062715392122	-0.7627544967031027	0.7874690723024768	2.036925125632402	0.04160582333065465	2.2685493600557285	-0.4411214651023999	0.42607932404100135	-2.256951362096454	-1.518909253261352	1.2668737817877938	-0.5314923021073458	-3.2705977153043544	0.7679299346403622	-0.7286908118665877	-1.8281375193980895	-0.02667291850443825	-0.4903569707311282	1.1063971963999422	0.3932103061261824	-2.0405335672753164	-1.2019098938444428	0.37370929937370995	-0.16620505980028297	-1.3264667681271798	-0.2795566345860835	-0.3137809084825993	0.31662551491407637	0.7079960936003649	-0.36002328044885046	-1.2127102831291092	-0.3535819306160731	0.6653444336699951	-0.5065272306227536	-2.0620859094502504	0.07938609588173788	-1.1413188086289388	0.42414304205437514
DTXSID0046145	-0.7277302410653658	-1.0289476927657455	2.09422248842801	-3.6562727254096323	0.8415936063928913	0.28719041865127554	-0.8738508403416754	0.052847365600438664	-1.2187751226847208	0.39492189707843656	-0.7050443758454151	-0.810174182414437	1.2058201292268114	0.08890114706705607	0.5739452839154714	-0.42831272357578914	-0.0625482526172666	1.2756069404380341	-0.3311984555993675	0.012997231060172374	-0.4113883900460665	0.07395299299776227	-1.4376963248908452	1.0416578558951284	-0.2445685537302571	0.5353128993937513	-0.23800842403888023	-0.6936735702643185	-0.3523318828296351	0.9778508047132205	0.6566855202846302	0.016975749064224922	-0.3816761095732955	0.10679401476413249	0.07547331508185574	-0.11720857630830588	0.32993089894540784	0.6029458244852534	0.6016215334807326	0.18661145305375665	-0.1670918227347981	-0.7932036179222787	-0.6726680972867051	0.0625525307946828	-0.022724634940249896	-0.3600105920736135	0.7183408177364397	-0.5029310023805489	-0.3389718765436069	0.03490382879506079	-0.036937635984836424	-0.4887608444358374	-0.5444359390999355	0.786607705884578	-0.3602012540749055	0.5333391842462032	-0.4428088307803001	-0.2932620298138769	0.1279915405776118	-1.1400045461720956	-0.39165875472778533	0.5741349499952171	0.32453781476642607	0.934158151062011	0.3468694165973107	-0.28024927481435463	0.717153344688603	-1.4683117103969998	0.4350173936839548	-0.16023904512686588	0.3352285513264016	-0.35407207085477016	0.09282170215044343	1.2482301692406286	0.06797236568016189	0.859204705505187	0.3706046907079019	-0.21426484020523764	-0.2621495227151153	0.7171843533732342	0.28554564701988105	-0.5759391401521974	0.006567244231237594	-0.8709412401118706	0.522616577714051	-0.10317975604475216	0.3495223109320201	0.9082051454232278	-0.15786857295779771	-0.2152004290545976	0.4243777195205092	-0.5909141298434792	0.32501537183511603	0.9568411404840027	-0.7036446265280344	-0.3108911576841698	-0.013642386458157593	0.37050912583701234	0.39224239062951116	0.5431254287304487
DTXSID0022565	-1.479431827757262	2.285963615898717	-4.144372449438837	0.2513726207087228	-1.533215189155406	0.8842117001776444	2.556238834985946	0.6959265079306438	-1.193602507151397	-0.20140184606697042	0.8853991852552092	-2.026708658588654	1.0297807468618223	0.130650078721329	1.465128420203236	0.5557202316356076	-1.1226279015483802	0.6275984279239659	0.32714335198082095	0.6702755993530171	-1.3980678192058846	0.07817235797992447	-0.163605585670173	-0.6495554144010521	-0.9191671557019703	0.6716397979277193	-0.16898822509217784	-1.5925669406228955	0.26551430638172563	0.7790612721374746	0.7468884203771847	-0.31007485087993103	-0.14364849099257623	-0.664427583069487	-0.04470258720109759	-0.013793440340667934	1.0330671846716217	0.3193805326557894	-0.09801087973993676	0.2343566555726422	-0.7903556681472049	-0.48108024847843356	0.21574926471208922	-0.1922394584593402	-0.2669936585586563	-0.048450866050999596	0.4517412157627233	0.2981866991936511	-0.004965404121436077	-1.535792379769173	0.22739490054461903	-0.36820835983599587	0.4986479767956777	-0.22791027685435175	0.015717340816789074	0.5423226087616918	-1.0876312446497884	-0.186532101761072	0.08914512138347708	-0.002497902563409186	-1.3781971995800164	0.3599250226329368	-0.9372152257237606	0.2992185978941059	-0.2533269666251278	-0.16073239900278263	-0.00287789759977766	0.07228561582674681	-0.1568069540135707	-0.3975964608022221	0.43274604937643313	0.39449893846465006	-0.5962816144808103	-0.8738414627069203	-0.19968409273502566	0.05182516558477284	0.4516526908366013	1.2886682919525407	-0.003144637149978586	0.1375767697317219	0.7500452091699676	-0.6096733422671874	-0.7996873078649774	0.29332348710564377	-1.4682056099886305	-0.30474023790474736	0.6901338641102169	-0.015341046028340338	-0.47879323798150536	0.2190078193206854	1.4375394305924534	0.2347674271001258	0.5659554485222836	0.7364032000595236	-0.36897260702712287	0.19838274319243263	0.03369447001994861	0.15155151511968296	-0.0005541960414450328	-0.05038730261163544
DTXSID7034624	2.9672781715529046	-5.456528121872562	-3.9338523672754038	-3.14718508639904	-3.6550036860124937	-1.5328388650401132	-2.2514538821478394	-1.5951544818064047	-2.0508297202789194	0.3610639049169622	-3.0158465454415215	0.630651083644668	-0.9468335571394358	0.29688795306466587	0.45012757877260656	0.0877593472324431	1.3527705671975339	0.8452754355786937	-0.14022034547280238	0.5862224522945287	0.5435758522651031	-0.2385159829603771	-2.0988786848753156	-0.9174513726733233	1.1049844394256434	2.591647813270486	3.283804183564728	-0.3260934928485187	-0.08420674818306761	-0.7392708293689494	-0.18878053605692746	1.0366110676500653	0.638091824345723	-1.389649532865023	0.27226366060611223	-0.2706980343244751	0.7917906490585163	1.0624597766593966	-0.7521735608313378	1.096215496091235	0.8613521221837941	-0.0451741751109663	-2.169002025346817	2.9475938077393358	-0.20709857987454713	1.084936370485698	-0.48421716108672846	2.1260934524357413	2.3178511771866326	1.3499701954685799	-1.6238625741774253	-1.6020714217854328	-0.5686863947523305	-1.4231711426308744	-0.42182030720433433	1.4618445909117175	0.5787284819488638	2.057705336826776	-1.4287598309515348	0.21625762624214742	-1.6210044069040965	1.567514091106374	0.3319012418215823	0.23224151930548648	-0.41307505618205737	0.28463413315788605	0.8631500315288058	0.15328512296226984	-0.640345115837376	0.42731454805329283	-0.10531241739835064	0.10190199775218566	-0.8452132173359744	-0.7394885035861872	-0.446611898158795	0.04402052349153939	-0.535517774437414	-0.5656340255386146	-0.03578890747862883	-0.11866847737415646	-0.1396827313515677	-0.10169091282784437	-0.08618304397380519	0.5454242566771031	0.5571889002960455	0.010862386158542054	0.5928820964919708	-0.5589098717004414	-0.11744646382577337	-0.13513129999098727	0.36125954150519224	-0.6828846710500928	0.09684528584657272	0.008721963472677	0.20473819054816286	0.23763581773710135	0.14965131707368995	-0.1086276122489698	-0.061377586010169	0.38957749668078606
DTXSID8047426	-4.230148886130154	5.26663939268295	-1.1109659862967034	0.8211044201265497	-1.7561856288797957	0.38253279993789424	0.16973834524457407	-1.423194450728058	1.191204650650242	-0.546386778490622	0.8383514857798552	0.262717601655561	2.392729340143137	1.383598682252696	-0.07612943071287354	-0.5976171761075914	-0.8247878021623907	1.4513604455666655	-0.08429304081865469	-0.39742507288124757	-0.9398603059984431	-0.08261400249160074	-1.4618810003712002	0.11499243335131362	0.04101739290165356	0.4005979141221327	1.4056887371946944	0.3562550082228709	-0.1525209349974731	1.5871784301535588	0.45632971386841253	1.2723495214098686	-0.15309514387201253	-0.5852779921276431	-0.06128920871163224	0.07142784025610369	0.16457781271410857	0.10526068771476349	-0.15219587114683872	1.1416461992619273	-0.2542778892910769	-0.1607822684271684	0.006921156534192432	-0.11600510273451886	-0.18187063340894374	-0.388597106652044	0.6192326106664399	0.2732220889681327	-1.3840630161142795	-1.9872130234246415	0.1476758257448396	-0.11738732735778298	0.3197102134849651	-0.6133284489776504	-0.131851033072556	-0.6780037237855244	0.7073798920960346	-0.24111943896065968	-0.06433595555532305	0.5059915256630072	0.6455313643412435	0.7350096947308139	0.9486407590805501	0.3771119765661964	0.2195015130388915	0.06124877501689447	-0.35469534061543984	0.07434547452364146	-0.07830743819444431	0.5244061452177479	0.03726321613830089	-0.4418416186821352	0.02555257869555201	-0.7955115899230408	0.7687238375494	0.0003379736608859123	0.1030153941605583	0.2663608658119985	0.3295229920961485	-0.04646209056429211	0.2109827892860524	-0.2072735245327042	-0.10539585895875252	-0.31196046091994106	0.5707680141990157	-0.21284888950022007	0.003467801369113395	-0.04254142841586008	0.3144380663625125	-0.34162483252713854	0.41220841473489134	-0.014329465964075609	-0.18541922969447833	-0.05464193242650627	-0.28201110005529856	0.019101353829478817	0.5440550404527418	0.2562638143975837	-0.22325435885411507	0.1172022964968607
DTXSID1020984	-4.103399589933356	-1.190696454718842	-0.8948968095962911	1.3541078529184933	-3.81229221387442	-0.9709088643959514	2.379117963478157	0.6524389098022837	6.394183138756534	1.6902780548662277	-5.290739947297049	-4.08165386703773	0.7356773889592917	-0.7078452568943366	1.502274384501723	0.589579524447249	1.1531826788313306	0.8939438837158491	-0.496766495315415	1.5737430169665325	0.556506558230158	0.6215015112279888	-1.1648891980830927	-0.9338027090225073	1.9041750446430672	2.382315032506986	1.4911085969839561	0.7621094330164097	-0.2128633882564657	-0.27936623817481143	-0.5703382791982378	0.5706912400559256	-0.25727682587764034	-0.4036584729712606	0.06329902550770858	0.21797839220652943	0.8654864660272422	0.6487502490850506	-0.5914554608596793	-0.37487183405393815	0.8513924056150821	-0.03231002305443436	-2.274922170159165	1.8158681051468468	-0.505821951655487	1.6137040319201372	-0.7190662800563516	2.8208565131398915	0.8526437823174935	1.0854450441515038	0.9140556130251921	0.3699321432182866	-1.6085468660827609	-2.5943833396889304	-2.2101304125058325	1.8177736315778397	0.8672891388889397	0.9017406146972363	-0.4214240273037842	0.647573289149521	-0.49259706952716736	-0.05159287899680113	-0.981093760680189	1.0397839593090252	-0.45911691480662814	0.01264392233693591	-0.973914422910114	0.5002513777158529	0.9769445289626024	-0.1398363507524117	0.1854470349128672	0.5507640822936245	-0.6085912273320981	-0.3086457783094243	-0.34597009408723806	-0.4462009603292004	-0.4561799980588541	-0.2119120294662889	1.1832618360699707	-0.24703586054995438	0.09848786972344442	0.29410819925315423	0.05429608018854625	-0.35174168641146397	-0.39563591578379786	0.26445556804122256	-0.21613167760646187	0.2112219607625917	-0.024966826244841693	-0.6442118528729178	-0.138026781199849	0.13136599507897048	-0.007941267114138145	-0.2267061922224797	-0.26556176486200755	-0.396998695569017	0.1581729038229644	-0.3609997481391111	-0.5749495835894516	0.3917710361204558
DTXSID3042263	-3.6645749412046458	-2.1511788967301486	-3.049562053744124	-5.080511628060647	-0.27251986190628524	-2.5737461534401285	-3.473499586070769	-1.0198276578600949	-4.282227642412034	5.887277351291681	-1.8779784252190435	-1.1195765066071754	-0.6186370902806305	2.787770391746922	-1.670777486871091	0.03479422132661569	0.7508784355319644	0.9129945223678851	-0.772889104150524	-0.9365268482752864	1.3225875595106649	-0.5546128153506839	-0.5401511052386073	0.2658461648444173	0.07670354710109047	1.4991106701029902	-1.1047052789201839	-0.7225957702541079	1.399767737109361	-0.864208673265515	1.6166514778543861	0.19787213007274998	0.0317816713725668	-0.0555254126251853	-0.4092507974260644	-0.05910438057441814	-0.20924544355749444	-1.060528507246659	1.6176499812833642	-0.5714660606711512	0.21688656364409709	0.2770595507536118	0.7984523676389684	-0.6120455482874505	0.2503124233261631	-1.3205043618658705	0.42823385064033204	-0.40552829209851016	1.190296399849175	-0.2581667618201327	-0.7400019466193632	0.35122058367455633	-0.07867150330030079	1.4193894284206523	-0.02348446317970127	-0.5845032342685434	2.8227471302742018	0.4853991751234455	-0.9947533195797742	1.5193114571343804	0.15872361456205358	-1.1769010815212892	0.09777983914677878	-1.5542349849531127	0.706686511053919	0.5818625451557664	1.0750734336518382	-0.4857642896074525	-2.1860344176864883	-0.42545357664341454	0.09520631430257015	-1.120195983350052	-0.8782338812731659	0.7093170429125228	0.10492253748501128	0.13082465033933188	0.2976427708505637	0.22950400623968684	-0.7535976476794227	-0.2626394345729085	-0.057562108255430344	0.12291678593860433	-0.22107763248395654	-0.037937451501499214	1.0387051680118635	-0.1148426162380111	0.5831738847372898	-0.4204887041130443	0.036435747029085815	-0.17941719197610595	0.03746026306018345	0.1371162192188806	-0.5031361528240784	-0.28319370958332873	0.023512654309827203	-0.13692270582150337	0.27999283895122545	0.1303344267065558	0.033265082371205755	-0.18951867314270784
DTXSID2032502	11.785719546920872	-9.421817167705305	-8.381429101856352	2.2120097001975747	-3.3004977021669912	3.8058617596021005	-0.1356461061649898	1.2113406187414486	1.2913003647319545	-8.563363814520702	-1.5038445519634303	3.36862573146121	-3.9764449781172058	-6.955212138316976	-0.8876947076896824	-5.127373956109452	-0.05894009480320674	0.6679397378045345	0.378253974192591	0.41863233245619813	2.726386525620028	4.727349479541993	2.162189324474148	-1.9003024407120463	2.5135968490014737	-0.026876545165689644	1.8642813283640622	-0.35819775737124077	-3.4539421720117627	-2.942716562729976	0.92858353716232	4.110328404244718	-1.7391625607294072	1.2424278937553361	-0.06425810601974104	0.8381175056354047	0.12203767569795826	-1.678815861358793	3.029007657122089	0.36904497696534905	-0.45619172555296444	0.7591799053081087	0.5256437196168542	-0.9544403027723862	-0.2364979876507887	-1.5073369916423918	-0.8255042451625493	0.10057525726854195	-2.0811397544288996	1.262925711987028	1.6816524205467154	1.071853561282382	-1.3995072024993087	1.2877476472286762	1.9369724144384892	-1.798671292082481	1.6159455180841955	1.450695964620408	-1.2415258607083064	-0.9349839327370248	2.2795228880567486	3.8749063304576215	2.655524550150336	0.6628020044364764	0.8009653363007243	-0.799276909154494	-0.10103075504765635	-0.26456687168640936	2.397124840242812	0.25589821548084807	-1.8303601559830764	-2.8466853339116134	-4.548664279184747	2.763694277166365	-4.04376652513433	-3.115831973918529	2.4812912288050177	3.4131173677420583	1.3913382431279957	-0.7004324878637528	-0.11133504824259671	-0.22307068720819012	-0.33610459832376655	3.7921793731202107	-3.964261828673196	-3.3385423420762166	-0.4706684220878689	-2.1881551052981276	0.39815533010450654	0.044825968076336334	1.711139425071274	-1.1095166226539472	-0.999854885671963	-1.0906123669610623	1.694247417940571	-0.5313826417137762	-1.936774636935834	-1.217839596739139	0.11704140156772669	-0.5846887266744016
DTXSID1027188	-4.8739604265147	1.5682709678858497	-4.647283312294088	2.7580557418500797	1.1411034181647108	0.9842225643247459	0.7578728153373302	-2.5903721032087623	1.2019393992170557	-0.20662134360022924	1.352699870090556	1.2865756157603414	1.543053557839943	0.8341737993273828	-0.9107164181294808	-0.711024631609061	-0.5184245407335425	0.7336202348541287	-1.0573658659025202	1.7915027031450155	-0.8429754483833419	-0.05439498962196354	0.004588563032867281	-1.5585098030015658	1.0602183286693188	-0.5260327220755994	0.41467946111595005	0.323077865041358	-1.1217247966916981	-2.1059246881562075	-0.3599334595657753	-0.0637686443930951	-0.13188242012619925	1.363633413777193	-0.19456772290171942	-0.620948748214204	0.5329848410079905	0.14585710366012744	0.7027433369730616	-0.191092589482042	-0.00513202010495191	0.6073727857891896	-0.4963348954022707	-0.9100975429985838	0.45970913697687205	-0.42386605574148606	-0.7557187136165775	-0.08221667904982724	0.34936102906376176	0.8435332741973657	-0.1531233976658819	1.6336071710870106	-0.8537009603474488	-0.19181117529827474	0.06424533518650107	-0.597306065516715	-1.4929752131597853	0.5622873176644307	-1.1333975706472332	0.11404613247626288	0.2285913608249441	-0.3102840983681264	-0.48226472294207146	-0.49913840587535957	-0.47196948231792774	-0.3716276414844054	-0.29812725467272905	-0.6216070295567809	1.0656021876738457	0.8907525157009473	-1.0313787304694089	0.2684597502659848	0.8903615808015342	0.7989506288015233	-0.6842255460631786	-0.40614180355891033	-0.8794519780452239	0.5532212054613606	0.2753462380094556	-0.14399830116654053	0.24204335684882067	-0.5528158070940906	-0.1003427665916136	-0.5949171181422613	0.6423527378362122	1.3633712577518637	0.6290683972546885	-0.003946890884464203	-0.5950573812581307	-0.05831625044917325	0.21432971052735122	0.7278365955478561	-1.4757597928709727	0.41176622748906827	0.03891289473573402	-0.5363349162087512	0.22241019831302716	-0.008847203846592036	-0.39731981273972544	-0.14610221726526443
DTXSID6047602	-4.0207238571394495	1.0558170889351721	-0.2720885321033141	-0.2180917128173009	-0.08736318235952596	0.6913781163750682	0.5492486841272255	-2.2794221269141666	1.5239729763960914	-0.28969194799238507	1.4959600428838338	0.5776263143662286	1.7249419565642465	0.8470861975926787	0.13101098788066728	-0.4124063309899619	-0.3938514415604709	1.0987359894039632	-0.26669980480860395	0.5588395586103909	-1.1854158622833162	0.8220767659348241	-0.6533252623182713	-0.23524727427404643	0.33099061294510396	-0.3035028016134923	0.0790967333622082	-0.21524298911872203	-0.2800306651767904	-0.4916389236536544	-0.1662842119887381	0.1112576741366495	-0.1961884923297285	0.15799741856418753	-0.15638897738142787	-0.060909137151798985	0.6029890727102967	1.2442163413857488	-0.23105024789616688	-0.07623176080951338	0.34861821421959804	-0.3797472653549908	-0.5286217483419404	-0.47916187683685674	0.18952889433182707	-0.5835681420920066	-0.22303018155010673	-0.13535147534988662	0.3257264207368469	0.5378476457434103	-0.4033558339010691	-0.7834510032738369	-0.47379357572618097	0.16830182453389197	0.052647134153693306	-0.37803162272286894	-0.489945892865044	-0.16437535574585144	-1.0945922402009136	-0.3650003645865815	0.08578917232483325	-0.3379445267921521	0.5130272756922556	-0.013742429134062283	-0.7321236763145579	0.24690994782472717	0.12998525955604975	-0.4166905531850492	-0.16694072706599017	-0.4002397523073252	-0.14374791770039383	0.6123864568785288	0.01949880695074715	0.4716365161081672	-0.5478364107431012	0.5022306481324313	0.10976006005148067	0.1196692802185974	-0.6022545707475921	-0.34855911204370915	-0.25098466782286843	-0.6445680620059259	0.2833291226196635	0.02239198765323064	-0.14403088999912483	0.4030379359972423	-0.016391971597092544	0.4224400005058736	-0.01441226285484653	0.16961350447651008	0.038763182315899584	-0.13666568000578702	-0.34138212523578004	-0.187403517808259	-0.17044611239282953	-0.08283566887301068	0.038613153793748474	0.18446612578148047	0.14396652138982644	-0.19668948103346026
DTXSID7048580	10.042672010684466	9.296447002833274	-0.08109604829506525	1.1803773267624755	-5.625552300561429	0.5618049748010345	2.4427145951502736	3.9773198228484676	-3.0097454848257197	1.9281101159411995	-0.9926623596657268	0.7310468206587795	-2.4713222824637726	1.928328610156268	3.596583561462042	5.565058457684924	-4.099732206337637	-3.39355913146125	0.32304815344408194	0.6450911185034796	-1.451684044183411	1.6272499490543406	2.705373066682838	-0.3033481682622139	-2.636277149490163	-4.310375346301488	-1.4048645740465364	2.218755525805535	-2.788196745563714	-2.3393314494624633	-0.053646783314506875	3.0671871061717195	-1.0218732132715045	-0.07184058460394643	-2.680185716498362	2.1438954288315633	1.2407786175757345	0.11055518344783449	0.32076313512011717	-0.1996612490767318	-1.262666151876701	-0.14030798071722766	-0.1514150827084301	0.705936160129091	0.42702549669128625	-1.394603287084528	-1.2368611322572505	-0.6989133508329057	-0.18274001753724672	0.014221161263034764	-0.49236998550971645	-0.7258186525250043	-0.4722258900648374	0.8669199913866787	-2.0505946265799104	2.3774077586688462	2.029670706109834	2.0030444338383306	0.01191118230500454	-1.8020960571524074	-1.7727081209841369	-0.6249746366237261	-0.36011899449231594	0.7542319793695436	-1.7348589082296728	0.7473569267993804	-0.6753177154631704	-1.8310218195421974	-0.5503545697092055	1.2922519042527885	-0.758396508305968	1.9220923328269728	1.0792794861348358	1.169065780835324	0.83171369570146	1.8277367278435717	-1.4582142076064346	-1.6101506532707914	1.2369954111230061	2.6147787115323857	-1.1704636284894838	0.08728524405004646	2.9598642878933834	3.747764976800275	0.17807134058702484	-2.892525403589045	-1.7410232860980053	-1.4435877983065815	-1.7083157939795535	2.586386358205519	-1.7731918667308677	2.898572607292103	-1.2028021098157942	2.186940301315803	2.076550466426537	-1.4027457094623756	0.5832126536368193	0.24716855905236143	-3.034032196883819	-0.7818758199984844
DTXSID8044622	2.659130508855372	0.13048027306303692	-5.574947421315266	1.0861212172063495	7.775008260800131	-0.16996730091481416	-1.2329220693628091	-0.8848295559061322	0.37569798670388105	-1.4198515370686338	1.965453969219177	1.1477302584576687	0.9829832494293408	-0.2528352859204187	2.2612204165894876	2.6033287629620157	-0.23508356822189524	1.5213317486098317	-1.1487940784795836	2.127694468530315	-1.255880001141609	1.7855166676227252	-2.9201762857970337	1.6795211817705638	1.8209471101132464	-1.235314908179773	-0.17123969661964156	-0.718558538760499	0.7540405036245329	0.06424330434296117	3.394414723553859	-0.33828021459366814	-1.203717643348287	0.4561415472672019	-0.16465115536510394	0.8275341865635785	1.5046896116362904	0.5059549240131741	-0.34090914479100876	-2.222604080947178	0.5121573302665111	-0.7536118511035617	-1.0761299186681115	0.5734270213067073	0.0562437118298132	-0.4034514442341742	1.5721292685983965	1.0232460190268842	-1.7635303314783881	1.9742115264114344	-0.32537749997824145	0.37970697667305325	0.34731602562253344	-0.6751894738945454	-2.331896592102051	-1.100431935919698	0.5661461907925164	-0.7159927375383552	1.4803041496475215	-1.4789511455657052	1.133398695254086	0.26855838024123824	-0.900937769005307	0.08768534617598815	0.2246941345761994	0.5039603188404556	0.1008895281119008	-0.27146134719750387	0.4171065376855607	1.3562099645107253	0.04301368859735329	-1.0257439877432781	0.7387684544613136	0.5579285906825737	-0.07938968738363479	-0.6531062770172127	0.2644638636398138	0.5971690734786769	0.5191186763273594	0.5443300899806605	0.24388710737876879	0.33171551782173825	0.2784352440462382	-1.2339299123784588	-0.090408238507788	0.4056120086810357	0.6883902146794142	-0.0426896991574064	-0.8300742605052603	-0.14417866439818441	-0.3787705275115802	-0.2788728058366306	-0.9563117141937243	-0.599320260598858	0.7290895917782403	-0.8222294378580267	-0.1720277688089964	-0.7136621511445758	1.1369092745946654	-0.23324450665412907
DTXSID4027604	3.27257279992518	-2.7319318205541876	2.2101904559841814	4.259058194346379	1.7912787036753086	0.23605808181102336	0.5832490566500159	-1.965452230264812	-0.40359247449428703	-3.417461662681742	-0.8931691924024722	-2.2428825690823566	0.28530503975814336	3.3040932332783317	-1.4470553570346936	-0.28961982125953317	-0.028742820675429954	-0.027967528047694257	0.9484976225780074	0.20109986408381886	0.78349493773275	-0.6376750632577776	0.05517866566619536	0.9686411450297036	0.3825347070732975	0.9047791965480184	-0.11932440629394486	4.5391002923117005	2.0762757972904864	-0.5305539496933585	-0.3537328259800057	0.878814423312566	-2.608749828814381	4.732267581021641	2.6923981779081094	0.2997700284085973	6.068186973578182	-1.1522917415216114	-3.0380563421583986	0.150767479820515	-1.1422183779560784	-2.719034865555719	0.024424269782520717	3.399830384303853	-0.8345939913351132	1.3241989192863146	-1.1464600666822167	0.6899680303254935	0.49058854495470855	-1.9088435794565026	2.5014501943442378	-0.41093427654235604	-1.4028397546132492	2.7048859111024997	2.6357117308451072	-1.5623821186188573	0.5883460736571797	-1.581156788595981	0.758366655479491	-0.043338682430358974	-0.46245036273125717	1.2908576248835952	1.445891659176064	-0.7975022096076122	1.9346392926826053	0.20685806924257558	1.1311325135089614	-0.7640618633964992	-0.604515461972714	0.167942831441813	-0.26579882617320416	0.5743906216031258	0.5221685770869513	0.620295978840689	0.5190922703961556	-0.7572750294995523	-0.41062075036659124	-0.45892742456865715	-0.2864790355213411	0.6462778565586619	-0.0678413335043479	-0.2690414821723775	-0.055274259804851913	-0.5790504302695493	-0.9164365804539996	0.6922511446347246	1.2599360500564416	-1.2145354156305432	-0.2687500426939083	0.3391106924558141	-0.46835623524367925	0.5953027632292798	-0.05542373802765625	0.3366070124788361	-0.8255550871773362	0.5833573627660956	-0.1969705327172154	-0.11417362184765895	-0.2659312280959299	-0.10259639402609555
DTXSID6047789	-6.015027327205548	0.39822330349668994	-3.058914772298383	0.40922495610112575	-2.918719817544874	-2.9975049448534596	1.0725375236566894	4.139230170906124	-0.4192539615126755	-3.1043293602265933	-1.3927072247730012	1.2878984980298225	0.4088726462756955	0.7042853956425099	3.475142512394634	-0.4039651267655785	0.12136390230478827	4.266831777496711	3.3791690351205297	-0.0916500724133993	-6.543205337999665	-5.806947353566296	5.673126210080531	4.532651175791894	5.922668826799151	-1.1939261418477134	-0.6895657183376716	0.0880094721135265	-0.014677691477083666	0.7850057505119092	0.7135080317655769	0.41973270758529235	0.5489009855886149	0.0456147043347725	-0.4824111378532783	-1.4355301726846716	0.11518943601900075	0.989547632932071	0.5680215550032425	0.2044898691560701	0.22543038704930862	0.5471928784887361	-0.2540394616225269	0.20117191367697693	-0.47690309636535294	-0.7918557416094679	-0.20928553741526307	1.5582042532181222	0.00547658050348174	0.23179962581710908	0.2417814074238278	0.11127751576960865	-0.4299485589130985	-0.4441005786604806	-0.06750974917773507	0.06677729177238113	-0.14238824642783737	-0.3557770568046297	0.41894861658533034	-0.1276346921153701	0.7328387783196603	0.15492417518295534	0.21366915729176275	-0.16425266016693962	-0.7890255229747755	-0.40853050073346225	0.1586406631951798	-0.28768001033655277	-0.21589824935056812	-0.148739350797995	-0.20957469344744042	0.10867437879859718	-0.5837234160718933	1.04429699754618	0.41681161823322643	1.0561360975275045	0.18062205827489686	0.13041303680124966	-0.6858595411569994	-0.2723695973063211	0.04863403988179249	-0.4937581226193492	-0.3858766115919968	-0.39086536335491345	0.3925852162923418	-0.00622966991805377	0.05644412462421233	0.5731778817709698	0.4701428301729921	0.15504929090546207	0.33669134171124465	0.14435916109772678	0.2597170548313923	-0.6492703431879774	-0.8244532971451203	-0.5442802173627673	-0.7704622555158354	0.11596489778172926	-0.3371315752647407	0.36916767792734223
DTXSID8029575	-3.264330485043294	4.88013882082435	-1.3135971769814476	0.6116454513608159	0.495087449508695	-0.47870722545866545	0.11444560516906588	0.7015177007036825	0.30577695781520275	-0.09454022979425947	0.239150412593127	0.9388432048810978	-0.15741868948686383	0.19867155694799457	-0.22581724649731771	-0.24617741101188778	0.7565984205603943	-0.5990690721044343	0.43105190370375135	-0.57003994620317	-0.1437764015199406	0.9933993924703484	0.9156441788140164	0.32106942657832915	-0.6923220282058439	0.5210975969059601	-0.6670058438214453	-0.2698894083917526	-0.43850691421845617	0.3166748633525706	0.7249444577732369	-0.41102154564112603	0.39883473364316196	0.39754480261464015	0.15846664683636752	-0.22603810039984304	-0.1195040504161126	0.6394259016094191	-0.02216108005402765	-0.6245017716742621	0.44665171736210746	-0.2471714972719323	-0.45537164541634784	-0.334211676683552	0.6124394252561519	0.013949670292759573	-1.168617322944908	0.367233807507519	0.46622929622898496	-0.1250760753805765	-0.41373355824875857	-0.8989970200637434	-0.5585660741672314	-0.5625226183611148	-0.19708277792081655	-0.022828109392439414	-0.3236274984548169	0.14822253517453013	0.22638474208481932	0.4872193130617224	-0.04349484590712504	-0.22892558861091541	-0.20204187934315257	-0.4175691488235613	0.5435868892281753	0.44183229176474387	0.6455634296476124	-0.12777819042312577	0.15650437359508398	0.8123147216307962	-0.8343309120286837	0.08147249894357846	0.3114749231453864	0.2546913183436219	0.2812144996593812	0.7895433130943241	0.23154864763416266	-0.36564021471922653	0.5005493382499082	-0.3433976969533742	-0.5396203029884815	-1.0021368278489096	0.6126969893019687	-0.24322254244745659	-0.33871146198185603	-0.544353583925096	0.04403524746781591	-0.23644766512766108	-0.03170919025372886	0.23086796710283827	0.05914406298512246	0.7380644205259865	0.3785043193041685	-0.26581246674300735	-0.5135470271177559	0.721207372194544	-0.06496226005944192	-0.4066585366724791	-0.3349982554184302	0.7374379847469507
DTXSID6045587	14.014206453765329	-9.954542368467706	5.9480212149518845	2.736138288652602	7.82116316882789	0.2775899733079521	-2.983350731405658	-2.2345731430604876	0.7890452949210307	-5.274329048639008	1.6026654592904985	-5.142804585697205	2.681535894862462	6.646487197483917	1.0865087486052831	1.2896206820060485	-2.1325044321920097	-0.2324266529447694	3.693956672840195	0.4958385787849095	1.141793512006694	-0.583506741377543	-0.11061451436200355	0.05474102148344042	-1.016795616020582	-1.7879898463685808	-1.5227635913395228	0.8569668857777725	-0.2753349326236399	-0.09310598133107924	1.9454376481740148	-1.0304733481788604	-4.37784107754925	-0.4256682825099981	0.252487260833958	3.2637030232644038	0.9289191173073953	2.0162711593889067	-0.24757646273273565	-0.46942719390731474	2.072306357149048	3.412162822832396	-1.0163191464417953	-0.8952380901952616	-0.4837109178353451	0.13723726456919644	0.892972541489851	-0.2595633221889361	-0.6902298509200199	0.9561637182976354	-2.018901156149047	2.103657979147707	-0.5826864976075664	-1.4046033243709768	-0.468484035409619	2.010298975869413	0.9034411810513896	-0.4705006886008755	-1.4501235601314801	-0.1583443580302053	-0.30879207973661316	-1.0205922862260495	0.11672013849156725	-0.06839737604764874	0.7630513358664635	-0.23623321507155406	-0.8335290500325451	0.35062766261436823	0.8773299059354377	0.45256480943305183	-1.0900531338227648	-1.3427827568414812	0.5739833036990311	-1.128000063510769	-1.7260512515147046	-0.9558508509692131	1.7119340829002054	-0.7489471482880395	-0.5261769990659946	-0.029041889387405883	0.3247852463600096	0.4176297252382253	-0.2462821402920658	-2.4126754830747634	0.018018079878156006	-1.493272455193524	0.46682668717675724	-0.8726444578084074	-0.362793289960804	0.5883652759416772	-0.13633618026124786	0.8743914338375457	-0.29737430885278837	-0.7569534581146696	0.37653291149315316	-1.2497539561552338	-1.0164589287425616	-0.08526072660373599	0.8332932292218819	-0.3062515594609585
DTXSID9041607	-3.445963316657928	2.6879813060702875	-1.4758102404757871	-1.5316148114775185	-2.3863235757023866	-0.20752210695889323	4.7109965811882715	2.431873605185899	-1.2555649006113836	-0.814353910370799	-1.4978331135527048	-1.6684402129117675	0.8470700951540039	-0.17276786033299224	-0.19776708532132606	2.0153262625443262	-1.236079312189074	-1.2824519620760215	1.8887441892356087	0.24407974840112442	-2.0914867276461147	1.597407082579255	-1.0043424676585675	-0.4103411746246078	1.5050902210294577	2.2216791458608762	1.2507009982912531	0.8600586481262344	-1.5170390476548126	-0.6582210828405893	-1.0849310964339596	1.4267989277140571	0.5529877998105788	-1.5061520521897511	-1.2440148710458316	0.3285502668508795	0.44654644670201926	0.8637718550339524	-0.6152462114480584	0.24143333647732437	0.9688256499280471	0.5015882635693207	-2.3516844807430464	2.673731345272055	-0.2754685099711469	1.7892436793105722	-0.8737658988908349	2.159060041333339	1.4991260378029576	0.6201114202089748	-0.3266002036404626	-0.05061588794680027	-1.4900805513683433	-1.7993386725670937	-1.9413562708811185	0.6424651024377228	-1.3112212196174968	0.2758162132735436	-2.6828818479830474	1.8819306479808189	0.05248607676882985	1.6822977002936488	0.2784507085650862	3.339868363351131	1.5733057248887816	-1.2861184099325742	-0.17216672106896652	-0.8539889420182687	-1.6166060574884464	0.05552529967041258	0.8624221414326679	1.2892646460580302	-0.91540836490862	-0.21513975922544304	-0.007079223077209755	-0.41403756595710434	-1.78493546749635	0.0057109629047788196	1.1712689951897157	0.44115958754002044	0.5597180127933155	-0.15752491677884864	0.9586033030334088	-0.11259795773222873	-0.7739189987052536	0.3417439532861695	-0.20648891279443723	0.9697265169555672	-0.36069606854360803	0.16962369151354956	0.3168360597944571	0.1334037767958887	-0.3532317440343089	0.3732071856446734	-0.5637701757177327	-0.5918528382345104	0.2601511467012292	-0.6328687397375546	-0.6123906232298195	-0.47061194299811016
DTXSID3021803	-3.6353981666936503	2.186999537192494	-0.7311489207158288	2.507097103512927	-1.5510054796584791	0.7393567003713597	-0.2301618647465614	-2.873092080063578	0.7669077239723696	0.07792662186048538	0.11420678907909776	0.374121118685104	4.595919120900328	0.915690784345127	-1.7458943005954966	0.8170493606593047	0.4333636277012087	2.048277557841484	-2.023555285870146	-0.7474451773029827	-0.7574340856901347	-0.4540057371144702	-0.4603962795847646	-0.6109168449283155	1.1163850072951247	0.12965564576000382	1.4233270735567245	1.556148739359347	0.6456163260949559	0.09381587608975127	0.4799860347412084	0.5001027760557994	-0.006025015112581848	1.0778971986812325	0.296027522348521	-0.05107379430538305	0.9194304644469216	-0.02390230151582863	-0.8390560749014484	2.7235699242473284	0.4824882481748565	1.027030730141791	-0.2860959821573345	-0.09620591038325742	-0.14753625694322214	-0.4840863347643507	0.7583348503999585	-0.3373332379737411	-2.4333635559525986	-2.592820777082699	-1.2973755018437574	1.267491079610226	1.0599389395818093	-0.4973890804345347	-1.3095060428208025	0.007656991148550816	1.3201514712370472	-0.26019011988108826	-1.3175694251404848	0.4476148328004851	-0.29094198875587896	2.2943370726069348	1.9024580909677116	0.14488951312184445	-0.40509529866149063	-0.8041293789174147	-0.4113592269878518	0.7335656341128242	0.45863370430377204	-1.0762896080866349	0.21744891225672897	0.11171398911977111	0.10305374741438239	-0.5332649724706606	1.0132298809334452	0.4026794247824355	0.46748414654135856	-0.3964227475713887	0.5983622275808773	-0.538908499360842	0.38324785159979796	-0.22041852262296754	0.25787722390209267	-0.4216270171985977	0.35678769279714556	-0.8906470224247341	-0.15283018377489202	-0.014780039818201429	1.516654190323726	-0.19885762759749637	0.4666950380592741	-0.17612556673715832	-0.25762301639937585	-0.4553144593701166	0.048251744350817374	0.24297173444428666	0.12953524234930602	0.3598692803804365	0.5469471552934193	-0.09958714649876926
DTXSID5023615	-0.2005312507120329	-2.9737934477212846	-1.6547408583216605	0.8942331784253157	-2.4479936663627755	0.9873114152544892	-0.11905701253491098	5.230191375826578	1.039100568739233	-3.535202866528637	-2.1229378713774216	0.0639404525752827	-3.445650684557449	-3.7798715808514234	-3.208778553186965	-4.206989336805715	-1.8702784960838814	3.9669748294692626	0.5965600963340784	-0.7445173668100004	1.8220285987422582	5.453652995108467	2.543328155917735	-1.5933501606558322	2.8924843321616467	-1.6008436118772043	0.7911916577605085	-2.1187686198410205	-1.6527751907555872	-1.2463919323407515	2.1546756505610163	2.626670975558589	-2.5529263206785804	-0.21397312535081803	-0.31386764513036086	0.4456633492037687	1.2550697739386003	-1.2227451957430888	1.451715562273382	0.8012956937051539	-0.918787808420814	0.742558798629921	0.3204912169614868	-0.029840630049538127	-0.5916556808073966	-1.427799831383598	0.04968202887898176	-0.15191940387260608	-1.777656800397416	-0.4143835744927352	1.0342438209872262	-0.5765619643469975	0.31608071516765057	1.5971423842181698	0.6594920056030803	0.0260021777058238	0.2546730245136418	1.3090185139357067	-1.9429533190192252	-0.2212391207390671	1.9016747806411947	3.477382633686996	0.9895960632327496	1.0784827492830809	1.403055094321293	-0.33320462999273137	0.06982786122177094	-2.0571207117171353	2.2901624490219206	0.6868384974853448	-1.172482776900559	-2.117258672239842	-4.939115210145347	4.828737788368783	-3.079448070170148	-1.6638388104739423	2.3795193476371277	3.6258302711420924	2.052550845963969	-0.6740445574443772	-0.45195380819480374	-0.08356665869520521	-0.09852808411236914	3.6885800570453204	-4.874078216253235	-3.3627565675297864	-0.21606701905670142	-1.4843406771609133	0.0747791424170765	-0.37316534480605135	1.200167111009557	-1.6314424619743824	-0.9468061949482572	-1.4000878697634287	0.9257485957051035	-0.2542512276118914	-0.9254604917154158	-2.808029553759524	0.06489950290394829	-0.8048814419049922
DTXSID4021395	3.228177659070352	-3.571753642783808	-4.39902199848982	2.9597534800851912	-1.8436309065785208	0.9992503072382929	-1.6297972129327218	-1.3507343959672173	9.199290570627166	1.6060482360315438	-6.739382022938426	-1.4912421360941737	-4.192842580035804	-2.351055198046718	2.931554341523235	0.32399234607561933	1.4349985819631712	-0.26055522065545367	-2.64250132681036	2.2293030736857284	-0.5152291778788587	-1.3782179262538476	-0.686701271729465	0.36531028311535263	-1.9316016085264287	3.388308850991629	0.973348364278112	2.00222878207728	-0.3254538497432506	-0.05064920823033932	0.4164614912370768	-0.30412417493190286	-0.9771034795272847	2.273515574629598	0.592775262994788	1.0195153646233093	1.193897124282548	0.5066262873540615	-0.17905034369408307	-0.39518024720631817	-0.4219545432979818	1.3128628883997393	0.029762681101429742	-1.4033927650175162	0.7485322738464506	1.5178605461160986	0.9721814254740957	0.740203584591065	-0.13598448692624635	-0.3401789800495757	-0.4692684192012391	-0.06629975454139102	0.7143262872709526	-1.0023749141424216	-0.03500588255826726	0.47583628345003903	-0.01365501094264696	0.4377823248877499	0.8423896373413603	-0.7124285969802844	-0.14541270134802417	-0.8201604283510264	-0.206006651435103	-0.020126455831607513	0.775910177179198	1.2926749082358109	-0.5132177345035394	1.0019788954107127	-0.48536704111188533	-0.12295843760680895	-0.9640100399228797	-0.21317766775369362	0.4796002905280563	0.15449216928618362	-1.2876088312703968	0.1397077544706636	0.7027382983296097	0.5545590445561582	0.571919685669169	0.5316302339309884	-0.030050788302164188	-0.30555481199259854	0.5431816903136428	-0.14447503297938985	-0.10543420133408525	-0.045354965255818086	-0.9502368303429877	0.1630422394446183	-0.9640392889383846	0.20062098312750726	0.4151878005583752	-0.49343770950099497	0.2219891328111419	-0.9369338210599165	1.074325549320001	-0.7943632635388451	0.4649524552872566	-1.3147142970300945	0.28213618622600667	-1.575274435258353
DTXSID5045675	-0.0796811646665982	1.22814586835909	-4.36385039814207	4.718219497469541	0.6917523799594432	-0.21004961233741018	1.0358515429877917	1.0427598881699138	-1.85501618767667	-2.8503719592246304	-1.3560405059213378	-3.64560995109842	-0.1223880646953701	4.2034169345012815	-0.7974160633501008	0.7273270953163165	-3.2990357594739925	-2.2337800329858197	2.9953680908838294	1.1666937870801661	-2.5207200462615824	0.8804373816264123	1.8268765186399194	-0.2332168012265821	-1.6062909290710812	0.389205718951916	-0.46604856052461235	0.8254267860751543	-0.9872589940370208	-1.357614152503925	0.7122239213270359	0.6420971494676468	0.0779454143934792	-0.3817331405778011	-1.6879626764124875	0.9773526874309121	1.2492709277873397	1.3510703397291344	-0.2841690040911819	-0.24259442475897963	0.15221259095829962	0.8355242574486379	0.01266396335456548	-0.7763677263954704	0.37887192376578366	-0.011751526588575182	-0.3404014591301102	-0.7893248426647607	1.0950702408832114	-0.10189626466264037	-2.728310372786532	-0.28245206041918197	0.14838298332652344	-1.0123864691420672	-1.7754249676889902	-0.25308068254292027	-1.4174045067910706	-1.2110492988766348	-2.3049358777049487	1.003275933049373	0.7948004153637861	-0.2722009197732964	1.0671685136335192	2.2555098582380135	1.7556256341722734	-1.409492660164313	-0.03427657565302973	-0.3631535211022554	-1.5010208668080722	0.1255280197196621	0.4541485803405725	0.48846829165374683	-1.6269885291332131	-0.7395439759738294	-0.3402873895851992	0.5422783912451087	-0.9017198646776858	-0.2477391665478095	0.42731936243973045	0.3410643570537992	0.33236672404797774	-0.2334012490869104	-0.04266130488669966	0.5900970429337784	-1.2603573357229645	0.06967371344209465	-0.9328645621871148	0.9496875474261139	-0.8584106842526679	0.7816655371254487	0.5329786485050342	-0.1691144410319386	-0.3786075873424037	0.8199347682290368	-0.22701294895172727	-0.5260475349614346	-0.24373449647835477	-0.21847802606314715	-1.374149739183736	-0.3545721109790129
DTXSID8023422	15.333117486324504	8.317437026785534	-1.9555246672633326	6.112944586426557	-3.8258829579976092	-1.844115934750905	-5.644016317706708	-1.798196916088274	1.2298450235893346	-0.6432400563031466	0.12136303823326826	1.6019156120396638	4.940231646040314	-0.0680758706988983	-3.373025860113392	1.542202159465803	0.9759994474957299	-0.31460557483561225	-1.3266503550584114	-0.40734938925168457	-1.3164529870186161	0.42302807936593956	-0.09276944492282108	0.30640814654735476	1.2310316159210166	1.932141846084009	0.7474702118772562	1.8874919047564092	0.2559593657920424	0.917147228009123	0.035702092514405946	0.3626423190770724	-2.4532237023727475	-0.40389453479618265	1.005442342942618	3.104996087852028	-0.719118462065575	-1.099899947028885	1.1567487428996222	-0.46106187424395656	-0.22987955658228557	0.037757064061303136	0.7612011896588987	-0.22473894859272217	2.211349995755715	-0.0073764372157775595	-0.13205578093147174	-2.194192822999576	2.0905355817416647	1.383755583310367	2.616568776375409	0.11951425134613389	-0.2249999301862404	-0.04780811922088935	0.44321878897308975	1.4638317060048989	-2.3467617115985426	2.0149493995753156	-0.5934557268472213	-1.9599660390429858	0.5672811846091451	-0.6048423055530033	1.0068026982535576	-1.2736321934137877	-0.5813095614854246	-0.6653801350711872	-0.46552234056095426	0.9672671096061258	0.5933607628198252	-1.9946817487572	-0.3366595848578779	0.1767948107716491	-0.4615309453794905	1.161009703406062	1.2068151924042776	1.6254853662117046	-2.359909003797675	2.8436273495616704	0.3512311669266072	-1.032501203043117	1.5161224173510066	2.3678086008447696	-0.20285949635981187	0.6509933342942682	-0.5178065356703115	0.3276296227235548	2.140611264409619	0.7110214008933122	0.7458200627726906	-0.15878414018284684	-1.0740626309461323	-0.11551326723650966	0.2346956333355301	-0.19658638312871474	0.278972034405938	-1.0949410782127733	0.10994207605989537	-0.02037321642988235	-0.8584490088604889	-0.24180955935143325
DTXSID0041983	8.172851654406147	-6.850295308945986	-3.5132664434109815	2.2227660834744865	-1.2534863047596365	0.596794867348582	-2.745344709069726	-5.065799009377547	6.3249655658673944	0.5559939809151486	-0.7973813448650039	0.9805838635358182	-2.084157811003011	0.10271461948361398	2.175249142470376	-1.0790956237076368	1.3158236626817112	-0.9631751353915394	-1.3311050946257321	3.156018134428545	-1.2479457886443146	1.0224994435723427	-0.805634072290795	-0.020797925038682722	1.1693596949811802	2.0096669372716733	0.11457773639140204	-0.05108440353654015	-1.3758828101750982	-1.3027627633632355	-0.8255036004659703	0.389033376075647	0.6598672744807019	1.333948212810818	-0.22496705821828233	-0.6391415132779404	0.8215936082846181	0.006292468475977878	0.8860864850332326	-0.41177999529145787	0.0911096083990796	0.1842993713473811	0.25478428861697205	-1.299857420874742	0.7235064349172151	0.4121777526194126	-0.48929088231530476	-0.1346972223243031	0.47113860837197424	0.46502875493151197	-0.9509708068922129	0.9113643728471995	-0.37955560610460787	-0.09810492687056434	0.7457972585132387	-0.10325408246966851	0.3275923036634459	0.4089446616906033	-0.16017468305870877	0.791820913100207	0.764228036569828	0.7138766676809924	-0.21795368593205702	-1.1799813316597678	-0.16196330055874097	-0.25604862774627474	-0.6244890916401032	-0.7103687491267626	0.8506888175792933	-0.4721345710060806	-0.5995785745040256	-0.622957920324183	0.6986113608242414	-0.3167118593821224	0.0160745951518459	0.07013043864970757	-0.756176752799109	-0.44832332303060735	0.25903226217037334	0.36238619649442194	0.572335027439425	-0.1048572577942852	-0.004312680187541795	0.4124689318652102	0.3242717431606119	0.4768108175315304	0.10794062924802421	-0.595866278433515	-1.2854809328635144	0.29109346648067175	0.45455852466550317	0.16167666598684594	0.016525644568858078	-0.09993470120177946	0.1396511493133753	-0.40390584736060264	0.3549907882128664	-0.12903109890812747	0.14346040856262515	-0.8732286795783227
DTXSID0046064	-6.38159963888788	1.8827523078205366	-2.386665361151942	4.482781435742621	1.3043921677949095	-0.2789830151618038	-0.4514436536906614	0.12905185283225318	-0.18157373477923724	-3.129034827229492	-1.5119220496759829	-0.8997249666809358	0.7637493793038298	5.204632016304337	-0.3100224490666334	-0.8042987620681119	-1.751252692551585	-0.3582837502634042	3.0042117379892264	0.5935039630981381	0.01406974031421449	-0.0003495224125818325	0.39946943707345667	-0.5644103248893599	-1.2338296765304562	-0.4204703061302961	0.007775667589761687	-0.36791145985609064	0.016434066719515143	-0.8345588667390631	0.582174533134633	0.07957611628927141	-0.8974973369163104	-0.24389181784023584	-0.05231280258566131	0.8905507563766442	0.43959522479910657	0.9420529214460294	-0.16632531338311235	0.20711298142704626	0.13182285855924172	0.6139956389965225	-0.23344048752001878	-0.18307641670060323	0.20768983794149842	-0.7155426082423467	-0.29579784810306786	0.039336517404923325	0.10294324504786492	-0.016729819522203336	-0.8951965049796294	0.023177178355080298	0.3593326366576048	-0.8426480616445001	-0.6666171187567889	0.09199417506560616	-0.2074589112472041	-0.6992698112552537	-1.2758936846754672	-0.08818312098031855	-0.6380945572123227	-1.0297937646498223	-0.32035764791071336	0.4757503164362156	-0.6015114078036945	-0.027279028785925932	-0.21990401551263497	0.7058569800135288	0.4544347817761324	-0.2107540113515818	-0.3295521499209701	-0.49773517929833905	-0.21127817272956556	0.004523236636894541	-0.34587503507477996	0.30381717613178866	0.3082332968307824	-0.045178649367233426	-0.4693077570424557	-0.37331883549119	-0.22209533103970738	-0.1820816383312414	0.26566942953434247	0.038499916940775265	-0.4536609868382261	-0.38834160448095906	-0.1383434363422835	0.6542595996137757	-0.5061664363726045	0.274126811070076	0.12525903374507508	-0.033653451161747894	-0.16073535273032588	-0.27811458290407426	-0.5870623495152334	0.140138762791303	-0.10000192671258577	0.2501293759601778	-0.6920686463512098	0.18964351226892612
DTXSID5047825	13119.824140018041	-4439.403940063476	-1157.0373623064022	19525.32821237196	5110.508179012917	-4650.896258271683	35568.0198217636	6525.349760070071	-8609.367272850997	41546.50614499454	-13558.258981069308	35832.446787841036	8576.631666611687	-3057.900378680005	11091.863620207494	-18376.453703532643	-11694.006653804556	19245.87238991808	23855.538790235627	6467.94944299925	18190.237337046186	-8923.258305441026	-11995.634355900138	2992.6968283215997	-6974.143431969676	-11945.873747486445	-5909.946021731981	6168.635070064678	1447.4448816229187	5245.360927909817	1712.4022679606758	8242.437117639198	-1192.2795148829637	4949.127665348547	728.4614731989404	10178.204581977994	-2760.4124240600795	7115.101465581328	-5839.69744174363	1997.8901865676353	-527.1232005863412	1248.0532280740924	-2537.5272406076742	-2115.4351990787027	-842.2491477812646	-688.0790554163548	1337.9337552552386	-4884.821353835285	-665.1568222383277	3258.641556079145	-449.61785715893933	-8108.097554959441	-7136.065187736907	-1088.3361191294712	-1737.8518763770185	-2788.2824660343845	10166.764133623454	1632.3096625750577	-15028.41047750356	-5453.945731285182	10893.160670249841	-10455.22820672	5786.910439575242	1266.6281030547013	-8864.901526381671	-28429.74367593852	-2512.6828870199756	-11310.07030907648	-9084.819426321788	3376.524558293213	-10012.701673481426	-17032.4445405605	-3240.994394278843	-4239.220559910597	4268.883002072348	6048.9806072684	-17577.311204186113	1490.8434570587478	1091.2540397028438	-17202.690736187	18088.540296780517	-16042.06534472987	22797.50509207996	-28135.17572912363	-21943.497121754186	22567.811718234883	-6977.895066249052	-10014.255374152788	-2685.2544235195487	-6713.579177766514	2373.705659518062	-18428.299785786163	6460.118031697707	-5460.445394678972	758.798213975392	40093.85882907249	-3917.585128315607	-1316.003328554519	4462.300077461514	17695.205650151656
DTXSID3023554	22.843576215302374	-4.7926480216214005	-0.7070036224890449	-0.8370851781596331	0.6788258265913654	1.3464350405670782	4.601196378214621	4.56017160283175	2.7867066499312094	2.0991261171514677	6.857693888514107	0.964927742743648	-0.7563763148278084	1.6374166621568305	4.31941040909138	0.2122309587345039	5.295021103091436	-3.3689879570811105	3.1969471643395067	0.6583664556518097	-7.10794168724056	-5.868935759246048	12.992311053418558	1.5638148372361855	8.436439694133007	1.1489011102657727	-1.13424770575468	1.8489501244860536	-3.590481973462921	-3.1034749835057727	0.8324556615471306	2.06677605783838	1.9375072993672184	-1.0502834027915688	-0.1878309240261649	-0.6768402480254875	-1.4261912028869184	-2.5873732557739877	0.48899760322946983	0.4711064056368941	1.1811709027793966	1.8448664457128383	0.3381908049550223	2.837888545859158	-0.14104505062886527	-1.137495014913629	-2.8061381435422095	-1.4016748598758517	0.5892971877014069	0.867507984194847	-1.3802625700431035	2.6215205862543565	-3.6349967298044104	-1.855906741565348	1.253336434057014	-4.025782965473508	0.3993559818539071	0.4704611124430723	1.1654486399246864	0.3720209769627987	1.4382081943641487	-0.9022985071206124	0.14240911887775246	5.3252449331651155	0.6931483652242235	-2.4917515321991557	0.07155998614441901	1.4575195776766223	-2.6490265831072204	-1.5393734816919284	-0.09486007884860212	0.11269769150324034	1.3348018140719253	1.3748245657210523	-1.5918665293834438	-1.6302450934167403	0.2575457794658282	1.7921262403950309	0.3989979995727085	-1.381705400061215	1.6089400202738922	1.568661316454767	-1.4930165062753789	-0.6702774717399244	0.5567825130897466	0.8169607668357375	0.8240263005510988	0.33155849118575464	1.4137820366902216	-1.286034470124241	-0.06795001572463444	1.0121702494421305	-0.008080508871786858	0.8499715335771155	-0.9419368355798795	-2.1807519853372406	1.158473496792678	0.4761833997573575	-0.9820163541184224	-0.8710390550164507
DTXSID6047109	-4.1158008754982145	0.48921127157646155	-0.10651970602038005	-0.5395950488876833	1.3274794837315531	0.7702617009725204	1.0915770678089247	-0.5094638712609837	1.0950305932195792	0.6772513075180031	1.651206207195289	1.1089843011345237	1.6552242242719304	0.4975056869875351	0.24894497392377626	-0.31602649500432006	1.3557840346855663	-0.987329071183374	0.30965092244959763	-0.10598992800223532	-0.3725631128778154	-0.16759672993864572	1.0071769270225408	-0.6135328868355007	0.011056568740749064	1.0393700171247073	-0.1346644776534362	-0.10615487399577163	-1.1241397623925384	-0.05989840446670321	0.82166731100899	0.9482657186037754	-0.8669426482401088	0.18659588887554557	0.7127546431454068	0.6582398983360831	-0.5645364267059417	-0.03127721857016183	0.18013777275969442	0.5531792466984566	0.09047613066429133	-0.09535994215059171	-0.48592906708524586	1.0636125825397604	0.41922615172127153	-0.6045513672055571	-0.6006146437357449	-0.1801997567634474	-0.3662909249835271	-0.35972996730712814	0.4049993211680374	0.17415794144414817	-0.467685291313495	-0.07351717480333556	0.19937569177506317	-1.2752358488129416	0.23198028906430873	0.48394496213377325	0.3536975163182267	-1.327206721347007	-1.0598613517918714	-0.5468951976421645	0.3032986362342497	2.5453165159633873	0.09988234458792576	-0.11136077508752142	0.7523987002115688	0.564406024229691	-0.22980034572367336	-0.40729227443492555	0.04451200095160508	-0.5298276940254256	1.4549031024901113	1.2451857403026558	-1.6346700656897877	0.3109330592826785	0.8207188560402926	0.19383023370977914	-0.20977512748462893	-0.6655452175375166	0.447350245086464	0.4050014901302028	-0.21627785640726394	-1.0182408935449656	0.5323914502191307	-0.5187911308076422	0.004713053055313602	1.040541731613918	0.3767556865650771	-0.6118525824383659	-0.5123250063740471	0.23630494900876656	-0.23102124969378074	0.9428784178249063	0.016343591278049286	-0.08883655486731	-0.1720099849762476	-0.3062967585675051	0.413324465421015	0.4277118017223964
DTXSID3045225	-0.4789071545165323	-1.8707783982306243	-8.113931826457474	5.048113388768189	2.5893367871555695	-2.230305407036042	-6.9011485323978174	0.724079062244541	-1.0865307088876988	-0.030570864786403296	2.0523426681185324	-0.11303634647074069	1.284609030518044	-2.6409941864296074	-0.9998326729148835	1.9297784945849907	-3.2991040013965587	-1.3288164074477806	0.853322995486392	3.5158309661894163	-2.499320845487685	-0.22725183383315542	-1.0418778662658739	-0.7663532007285752	1.616829365996296	-1.8719007108986703	2.216347904651324	-0.6548516361957265	0.957737080081081	-1.2263981764792045	1.5759643046971774	0.5260546452375665	-2.232485172800254	-2.1183978497680545	0.9805405461412211	2.816549128817938	0.5235763824047663	0.6212968321757064	1.225374626022122	-1.7543727002080085	-0.4021681585701042	0.10103687894754827	0.9012227436361447	0.9450015134058284	0.010588697091136598	-1.6487042485916772	1.8432001226381192	-0.4114573020566289	1.3793241716109135	-0.3625913424163894	0.17744401948239386	0.9060851783541534	-0.11952854533895116	1.3088062163062317	0.22603236143782857	1.871761450919191	1.8487209903838777	-2.452478461176679	-2.638486168634813	-2.404607186925306	0.1126268451289043	0.03085762684985352	-1.8371930751670926	-0.11152873093786098	2.3315615312134703	-1.4843497797542018	-0.37761894092703535	0.3360926195675349	-0.41120330254893855	1.7622884877892475	0.9600369413528306	-1.2061135649440387	-0.4086686941471707	-0.8219709570127745	-2.9758348553199023	-1.5402418595482739	2.3659920896404945	-5.685054348004451	0.7024059943798574	2.01372419455261	-1.8929446938441408	-2.818323592620385	-1.5747612838910143	-2.1372749791907686	0.6447163841761732	0.657278948463501	-3.423676569099389	-0.22121553943835998	-1.4842879456068319	0.026553632658694513	2.1069965840850364	0.0014014754341972954	-2.663539301454325	1.2170655998701982	-0.37163621335581903	1.6824720787603502	-1.5684446116894306	-0.20585551367674113	-0.5013180483402785	0.3931562736122073
DTXSID6021248	9.499337780094416	-1.8566676938827271	2.292849125329979	1.4856568743519332	-1.3243066996841268	0.5676029049271896	3.342467744840682	1.063921102739809	2.217643185632305	2.870373279162466	6.652690174526969	1.1840619447396576	-0.031461891495712845	0.6287011625866152	0.023621300824741277	0.7198021565098255	2.318835829596339	-3.3721210022306196	2.0884484414140556	-0.7045902433440066	-1.5046788537303166	-0.019330227242100213	2.3393675563727365	-2.9366463818792967	2.1073088789490453	2.0146451968698864	1.682577612058063	-0.7107650751158088	-0.5690359490790212	0.8816376255249313	0.9439075684865428	-0.9957572801097967	-0.2675622353204801	-0.0026422106871654503	1.186546824515812	1.0550273003066426	-0.06300129091888727	-0.9209931635311748	-0.9279299199201994	0.8299944541373797	1.4584067490051444	2.696720959056043	0.9729105072750378	0.5270204281779521	-0.19346665272980532	0.175474456591564	-0.21879824727857414	-1.382452724821468	-1.5000915566981523	-4.424418646930891	-1.6208427476733704	0.8815320604142661	-1.201867496550544	-1.4414394285066063	0.8931513092093103	0.08635902312330669	2.01147768438634	-2.0772203346250606	-0.14765138912247947	0.7529913553563293	-0.31575640215889267	2.0358021831668913	-0.9547291109867687	0.2859405110858703	0.8932339592222296	0.4774619562147849	0.684800042892054	-0.6374034053863956	0.563536309838096	-1.6333109060195592	1.759586089527823	-0.6817869579316201	0.27343871372872125	-1.3755324139128204	-1.360767162376967	-0.6339853539701336	0.5042089430423174	0.028696866915245076	-0.2141272482484359	-3.1648377991750634	0.12384182690702035	0.9256429666480639	0.2886555792484837	-0.36800808419936654	1.0625275664886544	0.32250086633833697	-0.06583836441675008	0.868960835631582	1.0759647481572252	-1.1728729939835003	0.12221512636160531	-1.9693472034161121	0.7836919135077	1.4973314461847378	-1.1322155247370478	-1.6124226748708295	0.5892755835644014	0.5937015671142668	-1.2189045103998182	-1.0617761486218964
DTXSID5040679	0.48621816278445773	-2.2282250033392135	4.020588569178328	-1.5878770937445148	-0.8155043982148934	-0.46691887379643365	1.0223380813285126	-0.32595623561389464	1.6670089236301107	-0.1650704666297092	1.365547981635135	-0.13843836102094118	1.3252431513363983	-0.6820018779121977	-0.2144900986478795	-0.2938315886236079	0.7572593490617353	-0.18348762603869878	0.5721245226827314	-0.12577370145537	-0.5150021730341889	0.061197308127617304	0.1629356675496457	-1.1754521644433749	1.4571388603487891	-0.13821919553356254	0.9080348481985493	0.16576700797253288	-0.2442093894222262	0.8099956287026282	0.31959816801704655	-0.8515553140805133	0.5809028464557962	-0.7359377764378504	-0.39338853362534937	1.4598864960247246	1.1105585650058762	-0.007742589352685107	-0.7609430770087257	-0.6192057545611128	0.47542226444664326	0.054130953481476854	-0.1069813905585809	-0.08329578223358675	-0.48343487080086306	-0.1180157496792452	0.355963710916986	-0.5389704850603805	-0.06817900036858121	-0.6888590772538072	-0.47540516061986826	-0.6824448545238623	0.10292081113614779	-1.2667047882237426	-0.7497559987109566	-0.30923337997611405	-0.35198612895665754	-1.3943573290201396	-0.7561347946447827	0.21451101400756553	0.06642028973626249	-0.8066217246550054	-0.5003874480594872	-0.5205089472340098	0.0462815585661242	0.8765586931068349	0.3489161114688485	0.013944160799377598	-0.41690333984726213	0.08897903293549728	-0.1105920983449737	0.739830166745632	-0.5774685918958868	-0.7760448766352308	-0.576231259742464	0.1355401148862638	0.26105490922162766	-0.3680032318985971	0.3944751524449731	0.2271379433703165	0.037647183856652326	-0.5240184842015354	0.9965098713951672	0.8674767196469239	-0.3993871918411602	-0.30904019395066074	0.6549187964232123	-0.43279741512211417	0.24427359475439778	-0.4185837344399996	-0.7594090189640532	-0.21091201945371393	-0.644200251664344	0.09748738571855758	-0.7434789798750745	0.49117454050722675	0.2927074390075291	0.6086411772849056	-0.032826819299898176	0.016608752394829698
DTXSID5044023	11.437076281202556	12.426163937352337	3.632311346294396	-2.224335046967343	0.6408255267902193	-0.49582345856730875	-2.5413968523388966	2.318377476203901	-0.3421364726789665	-0.2486752666300601	-1.5068123200992876	0.35782481335882876	-2.760314488427293	-0.46715009963826926	1.1821264486235599	-0.46246200850725894	0.6583702244765721	-0.36617560472282007	0.3226616113900984	-0.48589593536568754	1.1619159180784253	0.6810629406732926	0.3164091464143337	1.4088052047563318	-1.740410353694708	0.27191251935524813	-1.6121664141608394	-0.3642472114374836	-0.027044860934196075	0.05314384843759283	-0.6195755353081644	-0.3151493320483775	0.4672177325073573	-1.0258003629624823	0.8783032297665866	-0.43146489461767773	-0.038055967865200546	0.09048539218808188	0.4605508140805168	-0.7397710339332629	0.29523213755014827	-0.9350379674008134	-0.47091385881618353	0.4728513100471779	0.4176271498186284	-0.49100037465217305	-1.2708504335631234	0.7565434744291666	1.2525757251926783	2.0657803028564663	-0.36541524572976564	-1.2322370298375644	-0.5458206130732368	-0.270373349422351	0.3045162682224883	-0.30590730874900113	0.4813878327074352	-1.1445129072793718	1.0131225848271668	0.37168487257703314	-0.24343433927310326	-0.5517212777805688	-1.522506756471839	-0.0018842433199883907	-0.3247446319357837	-0.25326524844376175	-0.287044568721322	0.30276197237880575	0.011010546357440039	0.4742123787578616	-0.7349663594404534	-0.1804542170751171	0.5854928283326528	0.09151101229794284	0.23283844309957338	-0.2661607282286036	1.4039157567999758	-0.5983403077808415	-0.1919838582913719	-0.08692963960270408	-0.09342672960217607	-0.1972229185508387	-0.2996849710838028	-0.11945247646303081	-0.4430060594809527	-0.5076232780177208	0.7440603706690518	-0.7919373758062918	0.1145912192718376	0.3286937694748383	-0.5811628372873798	-0.10954766171870527	-0.06805501267013256	-0.28033759053285623	-0.5185839942908719	0.1153476724284029	0.8503959432992291	-0.2959134143184088	-0.48245761910005036	-0.41030915616654806
DTXSID3046459	4.521537210046211	0.0570216104665394	-0.10033164676526947	2.281906547742684	2.3225354144023544	0.9019568285410348	-2.479918946733896	0.35976119730190426	0.3887027367367281	-2.50671061726626	0.8580476031448684	-2.215581389990799	-0.8911653050898561	5.953678675793511	0.1389815454618892	-0.6945180920142848	-1.0404247964383715	0.12735884295907482	1.9739071733471343	0.8135615545804558	0.4739042047562536	-0.1289693587760856	-0.049729555681317254	-0.05235015972984967	0.541484819502314	-0.7244577821577262	-0.0741624664809647	0.1329275128514016	0.5389787658292523	-1.779627797413869	1.2141380649813278	-0.317763743275121	-0.07791922062369289	0.48093469342616385	-0.5011834306980666	0.04304692782230309	0.7786119279012268	0.7576704359865841	-0.3680123248592286	0.2848567339392474	0.0790641633116516	0.5594610270000786	-0.44812639300863616	-0.15523379637071275	0.09703024993107566	-0.38858638376751586	0.12826386463346576	-1.1166138388737123	-0.5160333505480472	0.935696784598087	-0.9004128273210074	0.30837284221306627	-0.39961719569431237	-0.7989665718604265	-0.8442451947196559	1.8053013096544626	-0.46794539068908464	0.019266079531503253	0.0136023565622701	0.16537291731375425	0.33152220715842856	-0.4155973642299636	-0.8835762450196134	-0.2847518965737478	-0.6337445629916579	-0.1413423979309723	-0.5236376617221187	-0.1916494551603449	0.4065432255515474	-0.18373405911546292	-1.1257048384441384	0.10765243771202955	-0.7289226083492774	-0.07871976956614839	-0.6137808590137853	1.6190854781814752	0.5016347605975098	-0.2344022532179068	-0.021689975362011744	-0.07038341249545353	0.7079066171312789	-0.9542913368931516	0.9365133928847165	-0.4319293021596126	-0.46042709218185063	-0.21818137275374416	-0.11476744901155997	0.3890415732641978	-0.4023883830400861	0.413637906318263	0.7825071202309787	0.30011815356683913	0.2800746371735357	-0.43820702734616324	-0.2191350979818357	-0.0683423636615534	0.2874604472085075	0.06254591681297587	-0.5357240653885637	0.21076665406847792
DTXSID9057842	1.1616770236936083	-3.6919724364692343	-4.866634512897731	0.8879974184829167	-2.7287541061056806	0.8154280386215949	-3.462244913066016	-2.1509530848805327	0.24466487005148344	-2.903376628544271	-0.7078828718011883	3.251203102770206	-3.7126495610666304	-3.7433455392402872	-0.25812700402470595	-5.468634687681521	-1.401646007986783	1.7790410047518597	1.1871241000770196	0.31527285641051	1.5124625756449603	6.051912749006281	2.774263886662593	-1.2266238735241495	2.6243585328760277	1.4930104825367836	1.7135142382275237	-0.29958907163767456	-3.8651605168154934	-2.185507384058459	2.2521434635296185	4.19317473666043	-2.078365790554104	0.7743029760517709	0.4122714978602062	-0.23871770958819388	2.185438559536038	0.4476266906301493	2.1764763068862183	1.525070736841733	-1.042655365983344	0.603431575586626	-0.22808860947005244	-1.3234734384331586	0.38962889909850196	-1.818154737321771	-0.7026201470625861	-0.42077279744565876	-1.2598300536412772	0.28088850749708705	-0.9110856383968042	-1.6756464607222588	-0.6469203181551121	1.2133894017849103	0.7559090156148832	-0.9462913013206913	1.289883492991162	1.6144620658684672	-2.767465010069807	-1.1292200887550037	2.024114626579827	2.4805723454947493	2.619519522926687	1.1816411747927484	2.2151399365719167	1.3350603271575967	-0.24229041806114418	-1.8642924282877398	2.928014804427667	-0.12224172511404681	-1.7291255278701891	-2.626048700852939	-4.487978497347397	4.74727625358167	-4.250910886960495	-2.353860673700681	2.387173486659602	2.242239473059359	1.8566796547695819	-0.143470363277445	2.1424419201193152	-0.37775627534148526	-0.8439279618702831	3.0370164772404307	-3.2673801850045843	-2.7137040606434364	-1.2136869920750062	-3.7244243758628683	-0.42504028562440227	-0.7030652384109932	1.5098621181523078	-1.9737610035991364	-0.12310509482780864	-1.1914222132415049	-0.2637697084630422	-0.9530156115449657	-0.7898179970011394	-1.9128565700036475	-0.3872540299675224	-0.5143562614736227
DTXSID5021419	-1.8635549453631386	-1.5090234164651346	0.2531021013718992	2.2130102380572994	-1.1839777912583043	-1.9755538347339734	0.37975420238368707	2.7501352293390675	-0.48347944025257605	-5.529704695530579	-2.614165830644152	-1.4764689596680731	1.5428221393035833	4.189850798659227	3.113482389396674	-1.7590507464009009	-1.1086390597490854	4.400853818705528	5.671911432322708	0.005843394839585939	-5.846814619029279	-6.026781561046507	6.716600867408873	3.377358924686442	5.33343728759082	-1.3809982982382756	-1.2249671615197022	0.7584462832140055	-1.0565096701303085	0.7599331656567093	-0.3175071130385251	-0.7098738577585214	-0.7720723991537494	-0.4361504704509676	-1.0044802576336203	0.08319457196357313	-0.2587482700683083	2.4222567982595216	-0.20990970828637404	0.875768583867416	0.8979584859307799	1.4873742351369175	-0.9656861503515571	-0.5574115272511755	-0.6464842747515476	-0.8726161512157065	-1.1369509224952137	0.8696248179769049	0.6304122257806423	0.5308131453344261	-0.8310550349011712	0.39559293063499024	-0.6754037407942752	-0.5091485517740714	0.4936154400025446	0.23068474036081782	0.07288000394863192	-1.0913077393108772	-0.511736371965118	0.07256593582565618	0.2566103143088088	-1.9044775191962244	1.2160950534696822	-0.19356777327971983	-0.8027849833563447	0.542920588847974	-0.06666108691975012	0.08020124356435865	-0.14941008976604914	-0.12366756709645703	0.26418132006953166	-0.6666006618009089	-0.4944604090584169	1.1734031586333962	0.34799456890844394	0.16773949950311826	-0.24671940935118347	0.15672297050917103	0.4737511178909935	0.1568395342537177	-0.3771332297761795	0.23449839666095096	-0.7139130785625954	-0.5879297398765931	0.5301273421207171	-0.04079092932962679	0.17163784675559685	0.48735535448155515	0.43375341996545796	-0.5936313325389269	0.023654577148150994	0.47998982395605444	0.38002733736861233	-0.31998274601687254	-1.0155598713568346	-0.43154444965789	-0.3864612354565505	0.16584148258144976	-0.2414824094846588	0.5499837967756585
DTXSID9048641	29.009894528454666	-6.306669898088291	-6.73917373077034	2.7083218018492414	-2.5585993295945	4.19287856447452	4.494307205294017	-0.7813344420389269	-0.7627261956835603	-1.4534788085145742	0.9162108334684371	-1.37307120475857	-2.792166397765904	-1.1275427556700097	-6.151570773454007	1.5226469444434834	-8.395936429622827	-3.562834889465344	-3.087795326403674	3.696755455581731	-4.212310670943664	1.006876548121746	2.871978299153765	-3.6658880353543077	1.7675846611723258	-0.5773248654258868	-4.952640990559717	-2.176536032999641	2.3155033672126417	1.490830601464092	-0.8206661798071719	-1.737464961702402	-0.49558475883908654	-0.3919900853670727	-1.3558202886223758	-1.5932841855503583	3.212284312212416	-0.9225243272390712	1.7242502103920894	-0.5341292157106012	0.2066092500076085	1.1465179838524613	-0.2933431790920696	0.9386775615266318	-2.334532948211275	0.03487227746163939	1.1331738836733178	-1.253260423830532	2.4013054485823973	2.452395077361933	-2.880290632613974	4.361002978537332	-0.6997600927949392	1.2683367730828168	-0.7526570826544198	-0.230975751470967	-0.7275988730828664	1.3475356645667302	-0.942726731289296	0.6931429532397447	0.15309182434864924	1.3473199029922893	-3.0435389479323227	-2.445892724589149	-4.589862888407472	-1.5853340472234085	0.16388912222140617	0.07853004478052986	1.4130338173473094	-4.53919316675001	3.083284618120985	3.0430302481569553	-1.2232564898390823	-1.5816500445271329	-2.4209351843892644	-4.8186433778259	-1.6280403704678084	4.52845834933773	0.4701858305240798	2.369706130017493	2.5257205087623205	-0.2949159589335791	-5.561230144485281	-1.3454385654716121	0.13707522159377622	-0.3629482703008802	0.1758201998384863	0.05629639793346094	-0.4998639246379773	-0.12432510005270458	2.234247436561594	0.1474427009745654	-1.1326207798656693	1.0035126150883729	0.6754596609033058	0.4680846489691105	-0.49085880072253	4.27033281286388	-0.22800989995917617	-1.7038893405543216
DTXSID4041656	-3.445977065236427	-1.5860849797634453	0.28641874616113605	3.381980959005814	0.6045018790477212	-2.509758175615398	-0.9003684007082484	-1.6902988541648036	-2.814964742656036	-1.776115347040087	-0.9979084320713786	-2.8053524391918905	-0.5820958851422272	3.712840345029318	-0.5573401637473837	-1.4840567423285076	-0.3264056964266868	-0.6501650805825143	1.7742946870236163	1.2080118400356221	0.8418892113905666	-0.19489359312346183	1.0970992438077258	1.0081281272585403	-1.4082093494613546	0.17422548661647647	-0.6264314375749428	2.3944495434771293	2.2444726390020833	-0.8883103794298384	0.7800798895890582	0.3439488597354434	-2.123045133034756	3.2453189645608376	2.359843034444062	-0.14388297547062148	6.166045986616176	-1.7116407213927967	-2.6830229208556093	-0.8643083138526068	-1.0693919531359848	-2.863207843285317	0.6558306948846409	3.717810090322843	-1.1215751665776768	0.5630498112404486	-1.8699667193710936	0.5717490150119516	1.3915048832420143	-1.7946117631811676	2.0182541579937725	-0.9392850726157411	-1.7885595535404815	2.458607710429526	3.411592829193232	-1.4283455895094095	1.1553903039611777	-1.0160640793529907	0.36313408832400595	0.627949354945365	-0.33577033632725706	1.568563149557409	1.6559552537107225	-0.5611252344200197	2.464788758804575	-0.04724372143647768	-0.6113547127628137	-1.648505273941192	0.05074475461626604	0.4746495604701166	-1.6287630815507195	1.084659428213685	-0.4561442476636484	-0.5181210081523603	0.01478381077316826	0.463028449687957	-1.8511380795075716	-0.16967287683232785	0.5032043860390978	0.3863625250115876	-0.7190577318499406	-0.5836560706799505	0.20188375439372117	-0.02814355416180477	0.22109116785526614	0.759964989210904	0.27297290173032773	-0.37503055204532	0.07036959227056079	-0.08924932189435467	-0.7257908147856584	-0.5621048337717092	-0.006013647765255204	0.4455365254048397	-0.6207309506373059	0.6516295813202465	0.29572623864069564	0.26276544570176363	-0.1043113721493024	-0.3433005369146182
DTXSID8026220	0.3562851616948274	0.18810911098534505	-0.628622267604981	1.3799618858828566	1.5273052039250812	0.47622272795341103	-0.007298660166289854	-0.745976589205474	1.8203680156696476	0.5939924189260691	4.115199460829002	1.2949380148852365	-0.06791080579828425	0.6335436674921332	-1.3429842002829058	0.519306362460525	1.4799838317836966	-0.09972423473475732	-0.910270508165375	-1.362195719041548	-0.9080642122133471	-1.2457145495220936	0.9115121800717106	-1.434190737057662	0.15278713470651384	1.3819255854971335	1.834882981504889	0.5429585185167666	-0.17766531175263844	1.0771382574160988	0.9826852505093776	-0.4654517017780133	0.5975132725104295	1.1532790556210297	0.47682788660928815	1.423432878240487	-0.01581066537161794	0.07814187752888116	-0.19557634955351522	0.3536966556102544	0.9452874929528956	1.5568337058477328	0.4490967405971967	-1.3349565321432075	0.23069635117671855	0.0869975258164624	0.3428769580868882	0.015159178612316613	-1.0077861390649867	-3.630249414344966	-0.31123010440789234	0.8078520530429023	-0.674549226041488	-1.4664529055032507	-0.5698141580839288	0.24649568048816695	1.8647447841897886	-0.9984573903117864	-0.6092417551542636	0.0904355618077052	-0.1550093295294918	2.1579434371464905	0.14510642077619876	-0.15435345107047188	0.9727446454538373	0.49974007589128877	0.6229901928374283	-0.012965786614813986	-0.7912393558946347	0.2785812315671074	-1.7372812756112463	0.7953142867258537	-0.3625813328180272	-1.2048466852154767	0.990951330813321	0.48087754411915445	-0.2800747519249179	-0.8194327516928279	0.8384676133664146	-0.7530079610483789	-0.6214341057130163	-0.780105546046581	0.772278703386871	0.3186167719148761	-0.5024418012421373	-0.18847144172467803	0.3120804593871453	-0.6316036165663365	-0.2585716655112141	-0.1826935669275632	-0.2408644076622564	-0.15303806082614357	-0.3323015792897102	-0.3887066870549833	-0.15185222244151636	-0.06427591462627262	-0.10192738203302665	-0.12098898081977082	0.40025581654208064	0.1861338326433146
DTXSID4049292	-0.2525128863186507	-1.6257975666735784	-3.566243456976715	-1.0578436867362546	-0.4922726124466946	-2.5674149479058097	-1.5058777918006425	-1.4680420024522653	0.6494357137695848	-2.911961839622361	-1.7840629152720102	2.9673299051959883	-1.0658496596683793	-2.2695048351864395	-0.4484852611348298	-0.4597905471159817	-1.8698127394480695	-1.1073774691076221	1.1231799423087343	2.2478732521968348	-0.4036162219862432	0.39167109465463135	-2.4789076273055746	-2.239897472253973	2.585175625594799	3.7294509664577538	1.769643093315702	-0.296613980436786	-0.46584719478330694	0.923571122782743	-0.34287252307296534	0.9376546171467153	0.8660728142513545	0.15080035265323194	-0.8928959192795534	1.231063668415511	-0.6255393999149993	2.001473630600966	-0.3190954253126977	0.8481559916070655	0.364835298318951	0.49769549945582353	-2.1800500399310527	2.043004939731563	-0.08839191496935987	2.104623853525899	-1.072580328379266	3.098695831980605	1.7577036971985451	-0.8744234179202808	1.4391198726063996	0.849521507193506	-0.8549252082082527	-1.692834038738237	-0.9327420678274485	0.9175191207156452	1.5461710622640887	-0.06772502226725273	-1.186999494636878	0.801237504692786	-0.6484223358841555	1.1434141580986257	-0.6908512076401777	1.288688907800631	0.46568811510444036	-0.1805355209777773	-0.21713272980505577	0.9123785124090374	0.2356983010698097	0.8239312544330721	0.5468193138136467	0.9486396179187144	0.9471028041341393	1.2327942711953006	-1.7128552272979456	0.21424866073217003	-1.4218917459631328	-0.9812027570684817	1.1411764149972141	-0.4167252698725327	-0.31994532832585604	0.4230469876406086	-0.4530921328053796	-0.48760287705746913	-0.4500561696946281	-0.30265656531562896	-1.5040235014195753	-0.6289467534193129	-0.06918495623790398	-0.4722362626876171	-0.1978444055056007	-0.2867564484895161	-0.3734695457644335	0.5611955771708034	0.7151788414769107	1.035189233493676	-1.4361243833542299	1.381028354096	0.12487845683122319	0.2590503707383961
DTXSID7031248	0.17229380934462168	-2.4615663097135547	-1.4266051981236685	0.08854551403288703	-0.5790210281623195	-2.132864049986694	1.390920974751072	4.954682073285648	-0.9593412143767783	-1.1230715278391936	-1.4439318244916381	-0.4220033507007647	2.0702465944960173	-2.6805473971823726	-0.16657054158077947	1.805121397564387	-1.8012692564120976	-1.2173196792954584	0.25340594758238444	1.9862999453985026	-0.12154463849908499	0.10038484547933738	-2.66537399974646	-4.372281534388639	6.18327565891255	1.654979100708801	7.407211792482394	-1.3613818043950678	0.2299188225032077	-1.8760199556099137	0.6571678058998793	0.14514635908022036	-1.310866288808047	-2.2458224149819563	-0.4710402481480461	1.5417170134121214	-0.584853030818978	1.4493660104118644	-1.2018116702078063	-0.5228099991599907	2.3318894373339174	2.2627482883577055	-3.3900284397729608	6.437991651893393	0.07439335670324947	3.541194515912821	-1.2216417222002445	4.416029737773399	4.455017988555928	1.2307998192033471	2.328732056406982	1.5303892769796081	-3.47304346064958	-2.7525452702098847	-0.2924350306114006	3.3138516634323865	2.168490381648011	1.7366203279711796	-2.3283798861632645	1.6549833149164337	-0.6124246175697042	2.0081747040834985	-2.0321366465596293	1.5283052863419817	-0.16981516166672145	-0.07447396552231729	-1.0355218233389412	0.24306900473503118	0.5550568684392013	1.2558935501145159	1.259303966835798	0.2040608462800571	0.17577200384538924	-1.2436471126749942	-2.197464250113828	-1.3898365035609186	1.051459912459494	-0.8078703936480919	1.912966257742636	0.07834092135384786	-2.692819663452253	-0.8991163439665052	0.10750409334154083	-2.2339778890660607	1.289752157639777	-0.7259100053041613	-1.7013885669728723	2.1762344710705555	-0.8554939816316799	0.08031157886412087	-0.17679666366012017	-0.40356017309223785	-0.12243056322227583	2.065351139112966	-1.0390488298653044	1.923303809919434	-0.49734671809199277	1.4789152938293173	-1.422482426419587	1.8602643922208317
DTXSID7057739	-1.1625363929972903	-1.6310095983885766	-2.8853494136727824	2.7199792353957473	-0.5503541140314431	2.759677629181323	1.3439180177786203	-0.4763047076037993	1.2261083106245743	-0.6091223094434561	3.463606374162112	0.6746138776350896	0.9563721058084502	0.5675415737779478	0.13272897293555294	-0.6566880581132803	2.5519258996251235	-0.5389951892768732	0.12996487408151244	-0.038630523188075756	0.7583136458269861	-0.45902254485994715	1.595637251976936	-1.1097105932595088	0.5159429861146835	0.39976577348388304	0.1985140777582933	0.9299536080196376	-0.8618223020629731	-0.5658017328695674	0.3685835680999663	-0.08175191717365962	0.43431470740826933	0.09653492620440941	0.12344148301652448	-0.634403010427939	-0.2178740443127862	-1.0491128229146676	0.2801951747762887	0.09085780981497409	0.39066046676745964	-0.3772314185421824	-0.4474245427075239	1.0651515650767778	0.20396655833281485	-1.0687057533176718	-0.3834290244348447	-1.8576074301022198	-0.11688629854144916	0.47314231495223014	-0.8019316163744487	0.3188636262821697	-1.4574581826512736	0.2191187920786063	-0.012439549935830735	-0.7217028191394327	-0.6556411392072554	1.1139931988900822	-0.0832883178889474	-0.3900357758882788	-0.653449531754589	-0.5145635708990197	0.5736235942353988	1.234810083219012	-0.03141819687289455	-0.04807448578182529	-0.34696349885546557	-0.09817085353772748	0.3608081898754108	0.719038393889234	0.11782222756942333	0.6672302959589808	0.7323150871997802	0.9749294405993723	-0.45449044092944935	-0.7374687460121688	-0.8313507943361516	0.5349837881976212	-0.03370110737748902	-0.3548116395099971	-0.13728791780333355	0.017423588977092053	-0.16305798587244458	-0.49537301745365336	0.08492320011583106	0.25596702470345706	-0.1471547706994909	-0.210193896568251	0.17698063142900833	0.07844773326281726	0.48936220849865936	0.3390210319469171	0.0277160846595443	0.42535570885537405	-0.524567478630417	-0.2691428389534374	-0.03284629602226736	0.11057790046931906	0.04403215365658629	-0.08423392333198287
DTXSID1023364	16.90910982033719	-9.50650820649348	-4.334461196787959	-2.870487188209814	0.10252128577614565	-3.082314408490836	5.054063755543006	0.08342869988607945	4.03004095901016	-4.091635415127183	-1.000044947887186	0.26017021130924395	3.5057335346835297	1.8523562417738317	-4.006852496173265	2.412430245713472	2.395667619479537	2.0746130183478964	-2.131128667091536	3.734917113670162	1.690264332200073	1.1921240542942582	-5.595523211663455	-6.224077924155699	12.209116383774314	3.2891763348398975	4.040082359412588	-0.023153227673768883	-0.041886242461985086	-5.3492494020529024	-4.973507628989316	3.331990207540143	1.1825954532861533	-1.6454266269414828	0.03327154114498494	-2.5396202820148193	-0.791706433342337	0.3848932772569713	-1.4641108848809385	1.2426336568292549	4.01377642696624	0.3247363760686639	-7.92964821817721	8.361706146134356	-1.6918141301082972	5.002894154369312	-5.869520520830219	9.943097088049461	3.7281865057580275	6.935054785294501	4.77264044918988	4.768517662696583	-6.392862232485785	-8.505655005484364	-4.606022687475762	6.074792571360216	0.957783580262237	7.1756701081281635	-6.233002898732475	4.9675944213182115	-3.130385785595103	1.9370878890240786	-2.139452477639343	0.5034277355475785	0.4007485545267054	-1.888750913872332	-1.5321574519453622	-0.12170791645690078	1.3144877274720537	2.8858313804415654	0.4372720856803882	6.020905003699615	1.0848053316732396	0.34578847686759906	-0.49539434340416116	-4.263982564863507	-5.304096467466462	0.8679815898677176	2.7013573523452594	-1.662825718118845	-1.7293261972627438	-0.1399383954544823	0.5828801252494336	-0.43667746246539507	-2.7944180527577718	1.371388409057124	-0.7462426014357122	0.20073124179781263	0.16675453885523717	-0.9176397372854299	0.278542584766686	0.24908835449060576	-1.6447038195032544	0.4897871510610343	-0.8027128032720714	-1.4784403610664392	0.6712626317489868	-1.0299075388627117	-1.153250301485124	0.6792855623359324
DTXSID0047870	3.098413258520587	2.0694998683199746	-4.430233085837292	-2.4222767322198853	6.796852283023287	-0.29813821394029544	-0.19219325796328915	-0.675187528766726	0.9319480722725784	-0.2793350127624332	-1.251714461196507	1.2531371830565585	-2.4453279318026655	-1.651764128223018	-2.02460081233075	-0.40733971872832364	-1.0472397956292687	-0.7098489983380956	-1.4192174473352868	0.09997055549418485	0.6608354046249034	-0.7270372886689662	0.5794121364468163	-0.14813983664148322	-0.031734138502206764	-0.8064449398922707	-0.8388562204965636	0.7679241250604911	-0.12938073052020038	1.386636763426508	0.3462413198482173	0.1074773473606379	0.5171774523628387	0.4461789793553933	0.7183018712508268	0.05209330909053987	0.6689390811286483	-0.09092399617379407	-0.2209017932485996	-0.09452429696368854	0.12235733896576934	-0.14330255684901863	-0.46348714647146494	0.8028289264925512	0.23847626330626584	-0.4972529340927415	-0.009434278211407061	-0.05362290982998744	0.6582445745910062	0.1284537630733242	0.06653911722164849	0.031958272466844885	0.8254207620330909	-1.0144530692709273	-0.9117093735047609	-0.7887451606193319	-0.08099167708089616	-0.5346760507647459	0.3472359303019647	-0.444511725669283	0.674359722218425	-0.033831087350802695	-0.4929642700339858	-0.18691014749563828	0.17243760077255266	-0.8412117329930485	-0.2470632888222856	0.9605546301024053	0.8069570453325327	0.17159303888549055	0.474014379018019	0.3433122059400393	-1.0210041066372997	1.1406604036982229	1.0429251226279448	-1.3302113078950883	-0.22214530836780821	-0.4407218067086913	-0.05328164273889779	0.04906671275307006	-0.2530992510829737	0.9565596098462898	-0.1023768342308046	-0.9328894177468617	0.05155475226900318	-0.5984372278911171	0.2979410463891405	-0.8569957066191508	0.929256114040161	-0.1451101169567192	-0.5457807510877518	0.09292886419140403	-0.6675086966512439	0.5592757003711862	1.156276390437821	-0.05469540754514304	-2.18457145101534	0.7641198483291785	-0.6123238712113029	0.6525164466859292
DTXSID2044971	12.194647602345265	-4.518413055761979	5.115099974975764	-5.297160624580088	1.030608503770234	0.43258854961577486	6.9134885216938695	1.4432207207265917	2.055175412726893	0.6919843125858273	3.301463202084724	0.8375719740907795	0.44307564748256445	-1.2834494858993521	-1.5543665404311582	6.400727634806746	-1.2526587155374462	-7.858246220212421	5.475910723764204	8.189494303582716	-8.156598708704497	9.3909676879314	2.6373312550779144	-3.0094534865427147	-0.6537591193452839	0.4020179514299008	-7.4349207555787595	-8.914781159451092	4.205626473420542	2.630814173303189	0.11918947676226972	-2.8150176464648045	-3.4811926197166505	5.2622453756485745	-2.1776522748856224	-8.745271931024423	0.9851485430902281	-12.612520687320021	-12.678770484705748	25.811884014131397	10.706887500123962	11.872258101622423	7.990706434743472	-6.96984101449912	6.4334424188087285	-13.417053292127038	16.940330501983766	4.100277695679587	16.944950020498037	2.9595331937376934	8.682289417930134	-1.300445361796734	-11.387402272717162	-2.108719823452663	-6.0798272641849165	-2.0578247220301367	0.751298760960285	0.03882995645816736	4.5143985930905135	-4.70441957109799	-2.1159888625350827	-0.04321210666920983	2.771167206147923	-0.5207937831675828	6.8470498694365	4.195526901657657	0.9639501478790052	2.40968805847106	1.8764483066529762	4.175475809955708	-2.202760759308478	-5.1134581587265355	0.8927152843620481	-4.450910975781897	1.5582905658176192	-0.5515272920538444	0.20928205878241352	-1.5660174321108646	1.7052063206320862	0.699274935082367	1.5407431357910122	-4.050084351232186	-0.16579063058914134	-0.013949677209896873	0.09891459305207356	0.7816548694043853	0.4635589695262031	-0.7414258013512987	-2.894447146687419	0.4535200264391171	-1.3279896597215048	-0.8543203013985159	-0.2972108817959803	1.9338403409459852	-0.7939364149541129	0.409152048865024	-0.9023048892015708	-1.1968210814893094	-0.8935972661940744	-0.34809229843521317
DTXSID9021928	-5.633592429303942	2.039953244220267	-4.399633489729229	1.601001542038241	1.124450455728596	0.2927533507945963	1.2506694562501217	-1.3001443012728853	1.6928454085773867	-0.008565434328858776	2.282525326812313	0.8330061693688398	1.213331439127687	0.9769931541402164	0.242164324441111	-0.778673713275925	0.0030035676524784896	-0.22679170695478404	0.28984635159832206	0.49532282776379627	-1.0451951874670393	0.8735108658059603	0.09268266374301784	-0.45373378711178886	0.720558024501961	-0.07843496472671459	0.5626182372205777	0.031979138419023986	-0.633328836516966	-0.28755261901905776	0.5085017843958173	-0.20666309417236187	0.4118047357479173	1.1304447267518813	-0.4618124311674553	-0.36014797730220677	0.5260674260903576	0.5148350611183167	0.10571581769635928	-0.17163776073148201	0.3039930913927982	-0.220047808170152	-0.2147869931808466	-0.6750981297356031	0.632547206825029	-0.3392680610029923	-0.8662392640205439	0.02929568739576949	0.20242053418717895	-0.21769234616423902	-0.2751296149514404	-0.12346328847522929	-0.1217097551209633	-0.6690643319899454	-0.47269528240301384	0.17460029369576813	-0.6961926477628525	-0.33328229086207906	-0.2479363313241782	0.32259964120463813	0.030776433115130657	-0.1938039055556574	0.3111479556850376	-0.797581433233903	0.27787704979497635	-0.21108691294479218	0.10179004362132778	-0.026996331113923053	-0.2718486234593575	0.8702845356370399	-0.8704069643556629	0.2669748240702642	0.2061416967130441	0.2056928552753813	-0.10122349579256369	0.2215540483122671	-0.5929835651182371	0.9316657631969811	-0.354140659300439	-0.7607455333429005	-0.07278303262455982	-0.44689738302993	0.19001825377289192	-0.15665965388763498	-0.313339697637088	-0.0015960702087996124	-0.24547871683529227	0.3226351589241765	-0.6096421419812904	0.04536662804593438	0.018823921190149112	0.644003362964418	-0.8608882641275507	0.15167359125277455	-0.29512251990186605	-0.5130816837329599	-0.3008279114894395	-0.6393020539763766	0.0354378990853747	0.4917855456947543
DTXSID5049287	-6.464954374028502	-1.1909066806821242	-3.2141931794795084	-2.314456761299035	-2.2784602399292697	-3.1480913114193405	0.2544090069858712	0.48195032076526284	-1.954199410294425	0.6201838603673052	-1.4787853872068022	-0.11389544500300387	1.1240641469614225	0.8607796529164262	-1.8541843548272996	0.9673429752878605	0.9988823251233846	0.7601398351295959	0.7325667009956518	1.6533249551319833	0.4806711820307797	0.059869119707361786	-0.46803098310686664	-0.6293392359220882	-0.5282150089490395	-0.3786487175410315	0.6343481200476874	-0.8977022569873082	0.3006206273275229	-1.202682980914097	0.3510191211789996	1.0522254940295703	0.18519652426272395	0.389140509790287	-0.2045408616543205	-0.14562071972937718	-0.9364805938561277	-0.9227352923061238	0.31127583883619947	-0.3969651081833794	0.4522628165068058	0.34120749208595963	0.20668794194108142	-0.03723137737515438	0.4111078566983046	-0.0007499132247984428	-0.4159105011664523	0.2977638436533191	-0.09795955615005972	-0.12251028573809228	-0.21504696327245734	0.7871282052075456	0.19263075942593227	0.8143759748950807	0.8475777679412826	-0.6707713057436638	0.8515254368717535	-0.24313652076524483	-0.981933218112345	0.5915369096796576	0.8996231687817383	-0.8116919440498886	-0.716407809127903	-1.0487381964627898	0.5998308952738213	-0.8644381663977153	-0.497853311194782	-0.2714567315032365	0.20315051714355892	0.09579049469633756	0.10073695392369685	-0.6696749501556509	0.23505209173284525	0.16966170028866429	0.348023678096878	0.5115965774390907	-0.014696801566134007	0.10870680926368713	-0.4522693696420674	-0.3459226177951819	-0.5042107901184237	1.1057275586255997	-0.4761335946133201	0.2459757975266548	-0.3232715334283082	-0.3807774306075796	0.2845224990989786	0.07455337374612038	0.5402139890135047	-0.5948022972796326	-0.2949538549511099	0.12480944226457837	-0.6054107023123931	0.5782908629128168	0.32843677945160077	0.44835073758273986	0.5449441647500992	0.3889971561988227	0.3214331307730209	-0.2935442042407661
DTXSID2046755	23.859738795758258	-2.104391539973428	-0.8190984284592819	10.93585979964686	0.5762424290020924	-1.8196028552995205	1.4316063355327608	0.40683163117373494	0.15767121658026714	1.162408311377039	1.8386085797189464	0.9984589755975524	-0.39330565280138224	1.2200107084448317	-3.3637052351841983	2.532731506120147	1.4935791395575035	-2.815776471653428	-2.6275526206190705	-1.2945155897027065	-4.16971066248138	2.2384760137138935	1.7657025104401485	-1.186676823838332	2.944930054349536	2.933488305872906	0.09904366671077776	-1.194045348064725	-1.9057526945213905	-0.07293961068788932	-0.8079924145038894	-0.9694123231470761	0.49890131245878694	-0.014493437221368593	0.46584471341538586	-0.3421142098927019	-0.45471974396783676	-0.42900214173819273	-0.15606984483717248	3.0079233595653605	-0.5398903928923641	1.744136679850368	1.189595595775194	-0.43987563912537125	-0.49088811041389907	0.3283840463391056	-1.0731018932786258	-0.2668920317180118	-0.093112439210642	-3.011278351500956	-1.4519099070765564	2.5530319045330097	0.13855796114117286	-0.40678610191767783	-0.2083242469596164	-1.6617459139378694	0.12040661820024302	-2.0355567417069773	0.6959530675386081	0.8001430269880878	-0.8744058197802905	2.7335589211948497	0.5161332193371172	-0.8027787934627303	-0.6210859970903069	-0.9076210494462387	1.7032298183308547	-1.6063032788143319	1.2330796126887777	-1.9995584772371737	3.0214471896284874	0.9834277372434603	1.014258167854818	-0.2388541661588442	-1.3375416202843438	-4.2303265380511075	-1.0409602541870377	0.8335546527778007	-1.32098704500818	1.6087056957051422	1.6387043185764205	-0.31112650584875645	-3.0348466115130264	-1.2933644604952677	1.0880656379959486	-0.9606583789457902	0.8762714653660109	0.3946697558732551	-0.7404309112693653	-0.5269047585130571	-1.895490493432251	0.6282791130766074	-0.013627611452693887	1.1350503706560062	1.1757048427230268	0.752942660974745	-0.055300761914524876	0.030187994570269147	-0.2070572643269625	-0.5732657903242716
DTXSID8032544	0.539055994116519	-0.5578259623260358	-3.5588326900180083	-0.6680944144168026	0.32758939194696995	-0.11312153225303641	2.0856809128486833	-1.5274552483276729	1.7631849182031234	-1.9556715797248478	1.9139195259818418	1.3509101533435992	0.7156931395211803	1.4940935060551601	-1.7072284973663034	-0.11135418904550326	0.9309131925238469	1.3102316770576434	-0.4204552928206486	1.8179244375228323	-0.1995082141698103	1.079455973555212	-1.0126144742524377	-1.5903808990226718	3.1297366329917673	1.2873283587365938	1.034238906751831	-0.18245023075731093	0.01975783363772299	-1.7995009998117262	-1.361114448091076	0.6418985811368424	0.7520318578056464	0.22925791024631595	0.00692988478528377	-0.987327416430387	-0.1288008556986574	0.6772695432770781	-0.5579291412303968	-0.7317081467185537	1.4035631411218477	-1.0528286214946556	-2.125888424457971	1.2731991553935578	0.2273616477884736	0.9108546103894302	-1.6239400060831388	2.160362659213978	0.8646827797812677	1.9642252814184091	0.9123480061280388	0.4608978851009496	-2.315509234498456	-2.4099536193948046	-1.032026519449967	1.8381760736729271	0.6392285276705318	1.4145260676424563	-1.8954684282767211	1.2172879162971184	-0.6136110690946545	0.7222485631095865	-0.10470123565792383	0.14238764747584026	-0.31451463608372765	0.4101822148744492	-1.0223915358972755	-0.8054389435709433	-0.2239026189674751	1.1530900902799337	-0.7625941417873086	1.4139312091723124	0.3131774895752994	0.1500600650375285	0.3506528817077872	-1.5083072034513296	-2.428407697443875	-0.34286266835715007	1.5100823440238287	0.05051225475121092	-1.2821197643574664	0.3964173981275845	0.771856725045567	-0.18810033114776387	-1.2248397215706872	0.3006917478666945	-0.2541694027053163	0.5623739924188458	-0.11796392251010687	-0.221233646060965	0.2253482583450504	-0.1167029897628722	-0.09743439688773495	-0.16983689085823883	-0.3271600522027381	-0.2275595190819359	0.08936268129395301	-0.2536778539296697	-0.2177249391622255	-0.03515509332449975
DTXSID8045569	5.499030766836418	3.625993028350738	0.5839836880203855	-1.7860280875473373	0.21000214356691316	1.7372512733882308	4.014288297760384	2.6681971434908713	-2.2697428727356463	3.268747044280875	-0.7965140374014559	-1.0410515516043168	0.31854925165512776	0.8499868777168276	1.3204821540267788	1.1130892899480007	-0.6264465611017825	-5.19261587606774	2.1522853529835637	-0.6654389185238309	-2.0008382174165313	0.4194924245552011	1.4600929513821326	2.4208329559853192	-0.7044071152492907	-0.42283907269743404	-0.7146675543644103	-0.3193487935317471	-2.9399463339798335	-1.2495697862507502	1.1805127931749606	3.396281730041993	0.5383926388001189	-0.9328731544247588	-2.4418410149092247	-0.6966158617070214	1.3820747421256325	-1.533624468174258	1.072085190617544	-0.029627655531336332	0.38680082843074026	0.3669823081773534	-0.64779225375248	2.426930564744438	1.603425293439766	0.15452190132511343	1.2193404937520869	-1.0454454067912193	-1.6275504066445572	-1.228219304983968	-0.3673118159864077	-0.42740429754690773	-0.13825999963525626	1.9634665078301772	-0.8921200851825709	0.5485991488516256	-0.17754492012190473	1.2538518255514064	-0.47673033484240807	-0.6742439017637492	-1.1194366702725091	2.277885803643594	-0.14491141424477275	0.5437227412831884	-0.5584744400500106	-0.07773442692765169	-2.2175183870253923	-0.6725173415461477	-1.7050437801370515	0.5822800491388712	-0.28660198705321527	1.9152791204827824	0.8242185600877264	1.6503271091229883	-1.84708931942328	1.7814418645577883	-0.061762050204343485	-1.9213077602136042	0.8358325989020646	1.2855292213628913	0.2567969589157381	2.389346223753985	2.006516089283303	1.4513861013840728	-0.4920774044859265	-0.43364668699099623	-1.003408604619694	0.7400707633680702	-1.0013318667383648	1.6018879245732376	-1.304602064801611	0.7910698941339795	-0.9564692856114394	-0.5502777098106605	0.8411624936493628	-1.7623880074613738	0.9239416922267879	0.8115066071807295	-2.17620314250867	-0.8836348870139488
DTXSID0040703	-4.054313560409895	0.6613027364399798	1.0484160567096836	1.5072889836715704	1.468150851963545	-0.11295625928521295	0.2449976118468812	-2.1033780700343896	-0.9455662118390824	-3.0944420093106713	-1.2047945642980817	-1.5722926595499593	0.8744742142248141	3.616924590082198	-0.7599767015454609	-1.1429950812948584	-1.2775980477012177	0.1940099493525316	2.223871835948008	1.1412600209800803	0.4774799506189521	0.08996017864456411	1.140362360844516	0.5923551449562009	-1.5893756112345545	0.5801851345780563	-0.6303323842144847	2.73884772249456	2.2278527428457107	-0.7336897069172644	0.45587907009788364	0.22675258264943396	-2.740376626739162	4.183866769576396	2.936499669627399	0.6794323614059545	6.682660772757701	-1.1392550636142114	-2.9628411029030026	-1.2906787906124928	-0.9275440380547109	-2.6323420402183197	0.21232263103833465	3.4907656573147277	-0.8857640323368177	0.9783374894171986	-1.64023719967121	1.4747838677017284	1.5249820354424715	-2.077367525864107	1.7319607156039596	-0.6643538632098269	-2.0980833901907627	1.7610323625660549	2.638389059188628	-1.92232010907549	0.8217176854092092	-1.53736378936555	-0.42116228282196183	-0.3727218659297485	-0.2697443733487563	1.311448867157828	0.8419320854320109	-0.19989065881818088	0.6149636749942311	0.4281855138114266	0.3310418429513021	-0.6042080832042349	-0.5803802110322758	0.6430748133727814	-0.7273554800892166	0.13944289203550875	0.22709724293401568	0.45933819185991814	0.1058171279383064	0.39892401196321353	-0.7593413429685623	0.11544222515436824	-0.1792780057149669	0.19467451961294818	-0.38489506140123647	-0.4049401187357941	0.39565594990803227	0.23517448238873875	0.11193064214231882	0.9037721554059275	0.27909678658031906	-0.003047649929415195	0.17041809699292698	-0.19139741588058226	-0.5721770581694304	-0.2143368840933891	-0.12203067803795797	0.21788310548851617	-0.6344951061873597	0.7222900669915465	0.6568189929712046	0.5746268668388776	-0.08125866428980906	-0.1536690412019901
DTXSID3021277	-6.986580014832552	1.7932919352147392	-1.6908712065063332	2.9221623186309107	1.2731276673162504	-0.3971998606956392	0.1933874046758194	-1.7485036029643584	-0.0849155796371737	-3.274244020076055	-1.65532930009368	-1.5158566595700333	1.9553306436271027	4.619684051546418	0.14706676873527216	-1.2442656662218377	-1.5213114848975047	-0.20325187723737542	3.655777041907158	1.067971328846496	0.6664070329554093	0.47918108511226326	-0.010925533623182515	-0.5880740942503021	-0.43461841698321363	0.28971466777521315	-0.3108629631079213	0.5775932133518733	-0.0360207658761747	0.9226084328372453	1.1911588327903826	1.0958675622718217	-0.8166937100738214	-0.36066431290326495	-0.4088778881842277	0.6008487858294015	-0.22600730763934615	0.7961472063390825	-0.1909491941953046	-0.23737957811228774	0.19161170573004577	0.5452186285689988	-0.525918925922148	-0.38957720939810264	0.31269385327357907	-0.24256999648309932	0.1896724872784064	-0.23947989667619402	-0.4736446987152635	-0.1860215082620068	-0.2476693264545906	-0.5644859595153396	-0.35959608350942796	-1.0165113755188488	-0.049295333914638646	-0.4690281193323311	-0.18492458513019663	0.5280983762626551	-0.5688071583360937	1.0279301385776578	1.1333952430312737	-1.2078913498715729	0.23053046784249334	0.41967407180548855	-0.31928524848101925	0.11809674350932131	-0.19717260817096874	-0.11551013668341642	0.49819899950115104	0.4440786117807969	0.08460739318617688	-0.0859937811722077	0.10009388477963757	-0.38678005083457456	0.26214816169959165	-0.028205820618724786	0.49012953379570984	-0.04440991101082825	0.3845818385254998	-0.26945647149928353	-0.23015464930663818	0.5541207913635906	-0.04907309602571197	-0.345196252432816	0.14149584275634683	-0.4311615641792543	0.2836761087509716	-0.019309783019144537	-0.003913888995442317	-0.06274817268613138	0.1648909956397695	-0.21069846267287037	0.0034911841562459255	-0.004298950203003131	0.4807187016951485	0.013594746504070328	0.031553345778686105	0.180678937697083	0.5630491771990526	0.2705894919794063
DTXSID80195822	-4.424345489689834	4.387664803462853	-1.2798043555721523	2.216434615963813	0.9319540950531303	-0.117952344960625	-0.45787694516480476	-0.8007494436701916	-0.5404302991138868	-2.9955160402417578	-1.6563613184862853	-1.6576573003181903	0.016954347680617293	4.462948089892311	0.17543889442682317	-1.4179685162437823	-1.2632060244041639	-0.8479177916569305	2.710742932038502	0.9604881309594057	0.5730462093309332	-0.5469453957268081	0.602530006141802	-0.9359672433177458	-0.8834799630457185	0.14784861849606964	0.1545557406062552	0.13685523004797565	-0.12686096869240215	-1.5240010770359482	0.6718644494688268	0.5117705788105875	-1.1054683138829933	0.21346745408526024	-0.0650083435063366	0.25551467089401464	0.2212522439205503	1.5570934917512265	-0.5350047611208691	0.1608409348136876	0.24426326705408433	0.5520516872212161	-0.33355316189517814	-0.8119820389812211	0.6759741138996627	-0.5622129272430315	-0.7669967236903936	-0.3392531253869529	-0.09402567420341551	0.3108916026539632	-0.9411531872564061	-0.8500760087891611	-0.36570641051003694	-0.5397597323367274	-0.32696093749228605	0.5772285143459438	0.6466926229048547	-0.5451584721213917	-0.8194075764170953	0.04950924204137335	-0.2626011744325769	-1.1054391739212317	-0.5697834056128585	0.5139317614281087	0.08269437333416187	0.12337343895766578	-0.45289383926999466	0.16949891770961917	0.838344688623068	-0.07955970624397772	-0.17951021495426017	-0.35120103685197773	-0.1414619704000507	-0.26128343626022843	0.37428442609780976	0.864060963288812	0.7115463344027237	-0.2478048914151952	0.2391964568857241	-0.12806466663626673	0.37912257825623613	-0.11976539978138478	1.1090351050369913	-0.11593878356722587	0.15001670976799772	0.00766426228368179	0.43421842303221714	-0.19619832546825675	-0.4392568505469175	0.28310678259695743	0.05538393635392506	0.5287414803104922	0.4203431776161933	-0.11712231448862548	0.11574932111718224	0.7007929413205571	0.14765272279450836	-0.21652332203935049	-0.34117567883859895	0.1341510761011657
DTXSID3045770	3.6278015928342993	0.8583300093983245	-2.2798020159832606	-2.0499681597370762	-1.543936593648402	4.535758892506104	5.144996439046582	1.8092960380311558	-3.957713355717311	0.965306939192631	0.8080703662149826	-3.0570922245359093	0.26507997447823434	-0.0023469694491513107	0.529913839621506	3.2928335529848534	-2.2557160596468715	-2.8952161704540305	0.8552601890099443	2.1630676327975396	-4.897486868990776	1.5048849234391408	3.02259585679434	-0.06830350348545895	-1.5620256024310488	4.934184637282589	-2.2425421015593923	1.4781926899278905	-2.654402945360297	-2.7885885680735774	-1.661099915539066	2.7996393273213345	0.645784115850744	-1.315179898211657	-5.478684637585746	-1.34533545472678	1.91797768692884	-0.6946139713207278	-1.4819671654213922	-1.6566339887981711	-0.14974396929422298	0.9915766423373688	0.10871565341566157	2.6232680821937926	-0.7464222761960008	1.013356966830346	1.0282530588876757	-0.9313120672921706	-2.542240006728107	-1.1542917840789721	2.497084134537007	-1.1459780195148426	3.1116641288037763	0.41384440418047547	-2.7331769415973155	0.5937182349409768	-1.4959368743916366	-0.419308685854739	-3.257771696336511	-0.7567866299293502	1.3404459832942897	1.246427783124907	0.884257607081259	-1.6117195509599298	1.4800407888755773	1.5539404547990219	0.5630860309901308	-1.3701418091727158	1.950169932814056	-0.9636675542163007	0.360133398929307	-1.1850933689180367	0.7816387946032718	1.3077350567356176	0.13908380056181077	1.1111144106861905	-0.5612162656184956	-0.4056431931847314	0.1331390691140672	-0.16702581758053964	-1.345082279336117	-0.35592782981076815	-0.5044168164410443	-1.6552109790597995	0.7763855365370931	0.6597634385709427	-0.19529517525309006	1.3119886269502539	-1.8919867179278353	0.5259746860904332	-0.42277459742101103	-1.3441091957062044	1.5844860358739483	0.3730916659124017	0.1041119981253686	0.47202703688935904	-2.767203869103252	-0.4081186711993974	1.3156772257888425	1.2659000835071976
DTXSID6021901	-7.316496421627043	3.0162895418000493	-3.785453720340978	1.5501458342852483	0.13376354173631305	0.33422533021119577	1.2019104871168849	-1.73096240552527	1.1965007531417107	-0.25259449361111713	1.3923399754394437	0.7487440427201846	1.2918675109306783	0.9527212703356641	0.3186137121340921	-0.8119696785861632	-0.3167439236562704	0.3235816624832743	0.5026256862362205	0.5871571803770679	-0.8986786320584597	0.768448181496423	-0.20238093130740803	-0.3460101658817118	0.6300393332597055	0.026703722664403743	0.5103578049880344	-0.059422382605899576	-0.4949023070989928	-0.618569391085468	0.1584285171634479	0.15959282214514217	0.24254360318753324	0.4184005603784546	-0.26031187712791326	-0.3847764960310169	0.5861999460538204	0.6929430429779111	0.045885059627864204	-0.318314451208378	0.12647477247690705	-0.45815848119303093	-0.27584391529924845	-0.3194021022447747	0.5040416218261748	-0.4446443283354896	-0.2772543930727343	0.051895180305230604	0.2035178882503931	0.1677386147233321	-0.3275458440854599	-0.3034651259558545	-0.047107188718316366	-0.3704292237516494	-0.31083245725730874	-0.09665466432133134	-0.5485911429641547	-0.4559829005253633	-0.3199138582562185	0.19938627887327218	-0.112192639742004	0.02794190977733881	0.11129983282909127	-0.27748591423697494	-0.14876986388046015	-0.31559435837544375	-0.34405849096982266	-0.21629676635835565	0.17283585351867034	0.5507989960904821	-0.6892697127511977	0.01623082539992127	0.20382769282802893	0.17813137098607973	-0.20956080425871926	0.10517729156685904	-0.3650097567594904	0.2960347345106911	-0.4061376128142026	-0.17913947412164147	0.3742012399161506	-0.4568710380400698	0.44851405437263336	-0.03746673935577454	0.0217011481122554	0.3017283701940726	0.27760293231438893	-0.04454785370412294	-0.3804233550788734	0.18255406634553617	0.311762635872871	0.5487149945491171	-0.6798333794290444	0.01671639871180067	-0.059985208122170855	-0.12479279236754079	-0.06360762607957164	-0.1745416470160578	-0.2217819964815775	0.04419668427583199
DTXSID5021881	-9.776721547643993	2.1487500812423335	-2.225141946754227	3.357666753217728	1.0863614104178911	1.1889186264354588	-0.6834658042517977	2.86325678585746	-0.5722787128361583	0.4039958733303356	-0.30499100892783504	1.6690293012434991	0.3230960912978992	1.1096554009199735	-1.0700256593276076	0.9272190905467869	-0.8933929868807635	-0.5323697393650886	0.34573578492928136	0.3874815000000128	-0.817311993274412	0.197477717604356	0.2945445795317933	-0.3761738165752875	0.15991383051501576	-0.838620557596251	0.15731378687613423	-0.5421220238801578	-0.3222096296258772	-0.5432267084387025	-0.026572569810602166	0.308828093397312	0.0746336086278085	0.987453044934976	0.3085456309365795	0.4492479908669498	0.11518187950214331	0.22785607723242546	0.07870032398582016	0.06003078399697256	-0.1202051096491683	0.7404090102746981	0.27514194964006644	-0.5240644454988262	0.0152881316371965	-0.3702486607866401	-0.7881345728495606	1.1489201247292071	-0.08340142299469705	-0.3622710460894132	0.1254111626556026	0.38374777032460416	0.30754921640063243	-0.6090958609357752	-0.0362087888708597	0.13012784781537837	-0.07441536512753057	-0.25620618808540563	-0.8276436545407095	-0.35496476485055156	-0.15965914973775913	-0.8470481300912704	-0.8312479106854841	-0.1754398156555889	0.10190994838887142	-0.0574600801721094	0.5995773660795056	0.7113253621513539	-0.7475780566095094	1.004628551644009	-0.7201942798493125	-0.4940420537777926	-0.013356166577294706	0.3116563716547376	-0.4206976763446917	0.30187762127700235	-1.010559093359667	0.03430901571205714	-0.44246473305526046	-0.07010762704820905	-0.7499754963211015	-0.5246753090098513	0.03286110600854112	0.13955332818178495	0.33262516458405533	-1.1330005361519273	-0.6612945747189899	1.232914453525816	-0.3330710272756705	-0.4305853150785391	0.7114389229341156	0.1858917141912041	-0.6849276277003551	-0.18692813322712984	-1.2529293314898988	0.1258563177470737	-0.48996445527948684	0.13429998185188005	-1.2734564080462536	0.8139185260302734
DTXSID0044733	-3.015103805286795	-1.9680415571014036	-3.0806277856760644	7.011053310589605	0.12103582845354095	0.08141910801711917	-1.0301480894717157	-1.5469615571493927	5.975035596760343	-0.6482392158830489	-4.249472890583661	-5.745914185638138	1.2589723213500492	1.7114993106423249	2.1927193295267857	0.9115904674024736	0.03966367497878324	-0.7447260796769792	2.082254408493311	3.428338148689303	-0.0023490818559757467	0.9500179647774565	0.7399983136732227	0.618015857377706	-0.07866627432786515	0.3643273796543465	0.40132148668437156	3.5439731371416365	2.521016776768506	-1.9092590507146572	1.051955269304938	0.596900963890565	-3.8419364865053645	3.5175091002145016	2.982819955917352	1.6065838284135336	6.626281977350304	-1.4211773054294183	-2.456823308142215	-2.3844020842942273	-0.7010304004883438	-1.8954239265758324	0.3491238005420247	4.166389179217296	-0.9427428231940593	0.8278233028633284	-0.513732148085972	1.3002190758445227	1.4827594515401763	-1.4877678099173017	1.7956068676452699	0.01945146990639971	-3.015194404348841	2.990822851458125	2.707764569287951	-0.7029897255840885	1.6255785114647334	-2.1298323772897603	-0.773894914645873	-0.49661095899276103	0.7709432490306893	1.0429814453481085	0.36379460569063116	-1.2747628241792996	1.2917558414589099	0.008915001063580492	-0.26745196099277435	-1.1459454748192044	-1.3336494185367154	0.7817419141214692	-0.2509189720602328	-0.21276415335729582	-0.4185188129720041	-0.2060828174900594	-0.38119783644513205	0.13502959669432482	1.1401874811809896	-1.8326907778390373	-0.24693216789330297	1.0720434610852845	-0.8622861327779145	-1.908744866563484	-0.4083204525134352	-1.1234749375717237	1.0206319440333285	0.8151410624305504	-0.6669278378537903	-0.541757287790493	-0.16452259605564967	0.09204102199296466	0.6438017686032423	0.2011065209954474	-0.6398350428453918	0.3233325399582393	-1.1301212894037962	1.041484893559427	0.5508488137320905	-0.38653102291245167	0.7990661973305263	0.15687676404742615
DTXSID4032532	5.95499674588796	-4.838641466945346	-4.431085280262095	-2.1129389516566057	-2.9257092091482275	-3.023976758627387	-1.4061592083381782	-1.4487354890083484	1.4776998588170729	-2.706432757829184	-0.4066941910812812	2.7575887600550133	-0.4522826546847617	0.06429289382821415	0.02553934152226617	-0.9344180419532773	0.7824105437072381	-0.9476769162339964	0.4877120029961391	2.7789983222313945	-0.9239380004575524	0.003505695247994266	-2.51037279866328	0.08468320872961344	1.2307213978490719	0.640575768396704	-0.039997256822043026	-1.2525487404147835	-0.13657321008399576	-2.3882061141323043	0.28093209647337286	0.9595315100400534	0.23284445439526988	0.4920645237156007	-1.2400162779553843	0.2716536313121571	0.5452394679557144	-0.6881404941385851	-0.007307262696990784	0.05422303228479046	-1.176510410814799	-0.8032429890777191	0.14111569279603645	0.2855758486325842	-0.038797260668700526	0.6665276000707016	0.6116350343573982	-0.3793718742637031	-1.032403839400408	0.21073292263913315	-0.05639554954139727	1.3026098108483628	0.8377777346532371	0.6151474587541743	-0.011958413497467993	0.5554026836962578	-0.7765619814480359	-0.3466597600458243	0.7961956976798269	0.5249946544209908	0.36780963891735574	0.4371391864750246	-0.31581715397948157	-0.686973519028464	-0.2579722641871043	-0.7967576009191789	-0.45375543716761363	-0.30096566435482325	-0.6223910949948592	0.016050545832009006	-0.41042026159181083	-0.7704066841888507	0.018857308201715498	-0.19587944213447156	-0.8114338666303892	0.722474513509242	0.10286469147102137	-0.6629110010432604	-0.4246824231236729	0.0931947147043041	0.6269256483831499	0.5223685808943034	-0.08862826665493934	0.18628485810405887	-0.49195816342722126	-0.11692563460087053	-0.4002870500882586	-0.3179326345850751	-0.1518054244765989	0.08714821016824748	0.654441959459143	0.41128898733897645	0.10034700027595587	0.31943399047731813	0.43296863651967027	-0.02905376627454954	0.3650592453146858	0.22810790675630993	0.5574068901725584	-0.08194407779572105
DTXSID9047910	-2.165372103191728	0.05957756991496895	-1.9118561719740692	-2.217254411495613	-0.7941908526302491	-3.525928969873577	3.0488984712571536	1.5404980919211753	2.255206216994094	-3.8622084770710607	-1.7693448042150794	1.9768759142075714	2.2282540570207834	0.051150026041696654	2.8106006534332186	2.2874048021112383	-2.27255383018824	-0.036191965123582394	-1.600533736572185	0.9515279441453853	2.850790939524914	2.46677884894678	0.6639576331509908	-0.8598463237966091	1.1557814897010799	-1.1010030304015805	-0.8958431414021176	-1.353668401119854	0.32062329138481027	0.07117017916581404	-1.2638226398097894	2.169620466567009	0.40199998264186926	3.921280263350665	1.6494309662091031	-1.4430854820741232	-6.045696931773764	5.708820569201555	-0.8502682935589562	-4.263475439439933	-5.155494146286647	4.535827026845159	6.0125781024242855	8.396205097318648	-0.7227086697279287	-4.634439411199351	-1.0667068473880859	-3.545877017778966	-0.08589252992273726	-0.7053922519995054	-0.12807866743192298	0.9102735818890336	-1.101938849896593	-0.0002942160264194051	-3.362975311400524	-0.94761919673098	-2.265700651953346	-1.3952838234822114	2.9128300331080568	1.8737308566104205	-1.0556690856348883	1.3303148875258368	1.0575108190161218	-1.4645865980983548	0.21300347502124806	1.4728178044583342	-1.0444816588587158	0.9806603587863834	-0.45459285256617776	1.570808370090815	-1.2982260685145561	0.20732018521596748	-1.921480991792773	-0.9638203223507494	1.6914295244166255	-0.4771817805358342	-0.5067570508492364	-0.14790249163277067	0.9880546774209553	-0.8681602289669352	0.48595444024247697	-0.12478511827211472	-0.3036270014373823	1.3736217376742859	-0.43376038015360646	0.39206233245398797	-0.4970015516333975	0.6518681513861574	-1.855213250526075	0.11618024429007136	-1.4404068519969213	-0.046358597359342585	0.35659779503501826	-1.6541221530250836	0.5951257333923886	1.9502001640670155	1.4710762821893342	0.9819651475193466	-0.6329671354662684	-0.8144041233347802
DTXSID9030048	0.8641176148632819	-3.15671000249659	1.8306663322828252	-5.208071545293021	0.7016511207032199	-0.9714565265442332	-3.6936209671455575	-0.2816212161840682	-2.6808452575149637	3.7400358132474563	-0.574034133019905	-1.676742069967153	-0.026493115857930766	0.30281442266136016	0.8860156513511024	-2.2134749599221215	-0.4974592056747554	-0.5967008732314918	-0.8816609199137294	-0.11288371317008186	0.15446666325100528	-0.894526184080438	-0.9390063666824142	1.1227567109728829	-0.2947825690528521	0.12027500692359626	-0.1924371656309397	-1.0409026562197954	-0.07550734498400441	0.43283807317791023	0.6444138621973453	0.3824358236688345	0.5445572659429279	-1.2179582724257694	0.7836186220021789	-0.9612161092617019	-0.18849131392379787	-0.6379210839815529	0.589976913065713	0.41278219620012524	0.4462097175920252	0.5160432813895656	0.9911434935843152	-0.42464711542056055	0.17160500962905625	-0.28083745731114357	-0.5573168189444334	-1.3947339130339511	0.3729083062269151	-0.585768412173914	0.9022064863517332	-0.38931973228486233	-0.19203427483929902	0.1786931142005673	1.7058925710283288	0.07311661174807499	1.4165859085579935	-0.6179915566418898	-0.14628513215108496	1.447747435031815	0.23071827588672475	0.31145413986177684	-0.4622141659773545	0.16668754170338002	3.5820353373034313	-2.369522918089606	-2.4681013447006643	-1.9478413388558178	3.787558138350032	-1.1159728649021121	-1.7717275579680853	0.961841870369848	0.011249340994293143	-1.6541060585814436	-0.5031152225415277	0.1884888034222129	-1.0748556737449138	-0.4984896346618814	-0.16330792734182273	-0.2267897019786741	0.0500518780275507	-0.06936932951439075	0.08812048939357532	-0.6668799733913808	1.5259059382203184	-0.3208055328980374	0.493401874412784	-0.720183474651871	-0.11380159680532505	-0.07357173679925783	-0.5983984726919739	0.16323198510018497	-0.6968751847372812	-0.15328492891013326	-0.8417653471311856	-0.07539039488100437	-0.16712881129570856	0.2110064175211206	-0.1813801520836482	-0.25333463407422285
DTXSID9034492	1.9571386026031818	-3.85280997225716	-0.5636743630929637	-3.522882015899384	-2.846956321476257	-4.533388337813416	1.4137847185767853	1.2993584648278445	1.463872220485086	-2.9124579239352992	-2.027583518118399	2.067624879139582	1.5111140648058623	-0.6580197373140739	1.6352489669117392	1.3543190479026923	-2.1206925162255823	-0.44807274665947483	-1.2631199171775167	-0.429618245727849	0.5064271838449326	1.5073392183700625	-0.27628254444789513	-3.1496816860644885	0.2544242543882628	-1.2296355434893749	-0.029017530317843414	1.2248648445409518	-0.03719607708816263	-0.005598063507293173	-2.7871778559400595	2.8245000656637966	-0.2253514351584158	5.199248612777602	2.478626136940223	-1.0247165213556169	-5.467575437132825	5.962572127239712	-0.05112697943549302	-3.580512044826743	-4.71208885688884	4.161085104071379	5.776191457107429	7.033757390860007	-0.9291073188082689	-4.149005268479284	-0.9745978114192925	-3.9428591939660462	0.4163928066674033	-0.41765870265300165	-0.26179580128073826	1.0205764808863997	-0.25669976820047113	0.4584318899184692	-3.0629101974053725	-2.2213514949004627	-1.692757790494581	-1.088029267551333	1.8896185891366761	1.1266770444642895	-1.2291424525894794	1.218876769354852	0.3707361453017192	-1.8152895044785433	-0.1958451605730176	2.739944160717798	-0.3975991971896164	2.1364353539525225	-0.06219219150741774	0.8339218498619226	-2.24452278386057	-0.8648923936192829	-1.9348650492972723	-1.52631913102476	-0.17625392364301806	0.31257912758466183	-0.23450103276283035	-0.8020375266763623	1.3991261513601811	0.7582759681475495	1.1631119688275378	0.6371524870284443	-0.6105129397255096	-1.2077387945879963	-2.2069853981517045	-0.11856234974552783	-1.0646304154313495	0.11475367451157481	-1.9478887500944726	1.4319119400312115	-0.5210915028119539	-0.45725997451590744	1.2144358847645496	-0.2845589439674538	0.6030549926443601	-1.4973110075202944	0.02595500764627455	0.7654539424820174	-0.784309650441644	0.38794596277681614
DTXSID8057853	2.0355103545665334	-0.8924371054040419	-0.05689679502384762	0.7293002556357904	-2.1974965706561203	-2.0040922074896375	2.2843787621162215	-0.09674983905402344	-0.022397053546776263	-4.2973361806411985	-1.224961579804525	-2.2628018346787386	0.16594173736196846	3.4938809333581897	-1.2678555467027395	-1.1456885465058382	-1.430661338976666	-0.3490857787738351	3.231850529638648	1.891042490949625	0.7926326343814	0.5316907299656889	-0.6536684726788032	-0.4428963438944113	1.4302352625538912	1.2210704277524422	1.4869775777427314	2.6200463438999133	2.0022532752796023	-1.348522455414771	-0.4339524739048934	-0.3354913113011524	-2.4000452195819655	2.5452614286448068	1.8268090768902334	1.1320547729255475	6.643683339238563	-1.058809778534192	-4.236043054565422	-0.29151366036598864	-0.5319963534406038	-3.174772648259218	-1.9882789508568663	6.732415053083866	-1.9601139159743937	2.84454258845076	-2.91620390261062	2.838721873214645	2.9605470683090647	-1.7978881173911765	2.4261890880038006	0.39673594149289704	-3.1413330203839007	0.8170773700928896	0.928994870978952	-0.04063392620847516	0.9968541517842827	-0.6703252026162454	-0.3919216292195013	0.8714352023919053	-0.6500180767437578	1.1175606559621414	0.015201024745663993	-0.1598240774228858	1.6873942487233535	1.1771533546432833	-0.6025338199759194	-0.7555587080199864	-0.37455439808213187	1.4331863463984869	0.29560739850221524	0.794963357641031	-0.9083708074015844	-0.4143478264439857	-0.0949794601300419	-0.7464628376571077	-1.2203294000592468	0.588298876425051	0.9663398251651647	-0.0017998903205381975	-0.5336283499849708	-0.1380344631130295	1.1720378159899936	-0.8362676835056404	-0.16080614436573132	0.4617706491734275	0.02422185226125657	0.3227082965810252	-0.09270449850346273	-1.4660417221078825	-0.18320202792959006	-0.21010440818205336	1.1862965918302488	1.0141977721820556	-0.22207891626057458	0.4299662942981575	1.7277682011222422	0.3489155378506309	-1.860606269888761	-0.35158757206305424
DTXSID9045003	11.235765129424097	-4.673176492610356	-1.4902057904062749	0.9803113608797159	3.456755508551055	0.814469273090497	-1.126717584139187	0.6587581760519714	2.324083454201582	-1.439652569579941	2.703133007756664	0.2249150627296551	-0.7586812344622754	-1.4470880043830332	-0.5736149287330116	-0.06366507953678413	-0.22508481473055056	-0.5187212996803963	-1.572763263176732	-1.08802320322431	-0.2576192783427803	1.1713481394132843	0.568347968037479	1.4021128875570263	-0.11911633956732247	-1.2082979950163986	-1.221401506893025	-0.46455436059146565	0.5122753359555184	2.17501148593349	1.2786370434560486	-0.4547942466554111	1.0877037815792012	0.4269563317849476	-0.03555075954396065	-0.6730946961392275	0.9220970668557578	-0.5394596997723577	0.10744472976993096	-0.1776333623741055	0.8278132667091452	-1.3201878576249069	-0.43735882999075903	0.8062702911871916	0.7047640418794805	0.37296219911673373	-1.2380174990486452	-0.6711600067723281	1.458642165426294	0.14350282156948488	-0.8435208046111996	0.040635251747371016	0.0701210434765114	-1.0770018117633515	-2.0170114380372173	0.4476635650301746	-1.1793527021051413	0.30923656273354494	0.7918204038692173	0.6301644041125123	0.09072311851646093	-0.4135997401795742	0.35351065477509824	-1.336657067543163	1.6822959388653331	-1.0067554015633624	1.4191324137758146	0.3912931353569958	1.6060018480892724	0.7483591209675324	0.8738098800465722	-0.01412519186078986	-0.26579752217761554	-0.2731496874574704	0.2439651090178662	0.2574676900659289	0.5560670492374729	-0.7469396743659789	-1.1756989632777555	-0.836151887345175	-0.24625455278473304	-0.015674306884603452	-0.5241727771612767	-0.9358517525150042	-1.0703029065318612	-1.9741950415603604	-1.5489706022106493	-1.3596087042650018	0.14734211555269908	0.19296119599061087	-0.756581280119967	0.35674955100624284	-0.11823632836145555	0.2576455415206922	1.2280672835188593	0.21337630025931834	-1.2689915309513327	1.6682792098755923	0.34661995836085163	0.8685976415136505
DTXSID5044869	-3.446404428468724	0.46413310093764193	2.276619768366938	-3.099598926028425	0.10944677192191245	-0.14916989414155615	1.5797677096615228	0.7343046176061847	0.24660045737499073	-1.2274074333097167	-1.9257912661415486	-0.20173734819627184	1.5139542149339713	-0.7725259266146002	-0.5422061596418544	-0.49629136505254956	-0.7209960241517391	0.8993873063693958	-0.09643867738891909	0.27224845955810467	0.22601585039704392	0.15441183854475846	-1.5210008403439583	-1.2111809953210504	1.8267122164097722	1.306679170995964	1.7485458960066584	-0.3750577454673233	0.11034692628749608	-1.0718244624675173	-0.18830324373347002	0.3764764007696273	-0.03327486727755849	-0.4565937212454158	-0.1299692429248282	-0.2544987320605121	-1.0419898115687674	1.0301975150085507	-1.4149463909945565	0.9293129607312033	0.7469248982485217	0.09082555713189645	-2.519825613641192	2.937776386936216	0.03629920438254478	2.066731352227908	-1.4145114183498388	1.9909840803577508	1.2473441678028654	0.8918234760959435	1.2110850252510708	0.8321201376560641	-1.788625756723394	-1.9032923103423147	-1.0018951957116615	2.1433575360405333	0.5951150676472611	2.317697935314366	-0.9117718305851226	0.7207116132583411	-0.45884585504713477	1.0003198977697456	-0.30555509262234953	0.9909006118565782	0.2861522743193495	-0.2117712266810247	0.18343154426923997	-0.3001118208813452	0.5146127966505397	0.0651083259852057	0.7003810201071181	1.208958253988718	-0.23136480436233645	0.42093416196779276	-0.479971243871909	0.4082448071547512	-0.9421021007049738	-0.20990027897654412	0.6584507188424212	-0.13897865729074574	0.019139452832372453	-0.6584010599065142	0.4202383959146262	-0.2580030891571953	0.2081037108977126	0.6804505448997219	-0.5144047051438909	0.4649595455669453	0.38143872387335365	-0.5626165666740778	-0.15394464550051445	-0.07264886411119789	-0.5741592169390632	0.6096331291890297	-0.1509203880282743	0.4648611797136279	0.180680299707827	-0.0055520653363078844	0.25023851015452303	0.30117822795493077
DTXSID6024337	-1.5910271673738943	-0.008515814238696339	-1.7864953608113219	-2.104382438832295	-0.5136583264403826	1.4781770013568547	1.0373396499033718	-0.566586931564521	-0.31125552673497825	0.2998706399935706	-0.24905388892471014	-1.4198933421291386	0.3617303828946362	0.3383977081824442	-0.031090753995796333	-1.1167011617762268	-0.8653264934241072	0.5557299938166171	-0.7997092654369622	-2.3754008403705082	-0.003168086317859915	-0.813258510965161	-2.2753401810011096	0.5360539317529535	0.7388890559507665	0.9037199797973084	-0.8882058062867192	0.3228799239204013	0.6946791686001298	0.5846048965330654	0.17384110374595366	-0.5204344923904353	-0.28380095742170885	0.49938550148168004	0.006549934227177382	0.012682489678387738	0.32417506987202643	0.6075623894068385	0.40936261845862926	-0.05411282135375308	0.5179539165718564	-0.2350016319797907	-0.4049177564383589	-0.47259702460689024	0.4116752505824338	-0.941522625092301	0.1670047119963745	-1.2402741751104975	0.3577999238845873	0.9044472043424852	0.4340931002500497	-0.9580022575389089	0.6290262161520291	1.1414137241745745	0.20735138208668352	-0.42698690332718503	1.7302979113381427	0.6756799643490714	-0.9493433772222076	0.8974109595918024	-0.5189670210968551	-0.5551432092818537	-0.18398432558080072	-0.3446176193258709	0.34473027945570145	0.7168599099820812	1.089235404375182	0.0936050415695876	-0.9050170950370338	-1.2637294650301139	-1.093021998932384	-1.0950774578825042	0.0709618615079343	0.6092512183542578	-0.0336467790625218	-0.18442348128638467	-0.14192867677410298	0.12158473461689658	0.13572126552418606	-0.20999620022588508	-0.2750073725850083	-0.13138625127250322	-0.575517679664116	-0.6302031029105911	0.3250464205270707	0.3618925399333499	0.6420583917101816	-0.630308192303587	-0.2099074713955775	-0.05950199595057241	-0.13088253733098132	0.9544579792096055	-0.3319854323915745	0.44141226835430847	-0.300834970337319	-0.4439421265633198	0.16796256114540514	0.018127155239926324	0.09124375457812738	-0.14543201198690997
DTXSID9046998	-2.9568254830559324	4.371783548266629	-1.5198236844847273	-3.1271354278931778	5.743553522868142	0.5232241927129153	0.1553599546950957	-0.9105076998812848	-0.7394003295097251	0.3331543735744202	-1.546341935286657	1.3116548115297275	-1.5071312965407935	-0.7455771822559663	-0.8304870856352455	0.11268791984951539	0.5007443637733175	0.17358025036293043	-0.4829352103026505	-0.4575134270403818	0.5620343514797326	-1.1051641121172517	-0.0635652318071698	-0.05631054913377681	-0.04724227159747687	-0.17363351486089945	-1.2266038216914854	0.8317461913128087	0.1423229336431722	0.04807500360162279	0.5787053983749578	-0.40917060445001463	-0.3678560274880541	0.1443054411781888	0.9372475779836967	0.4139423990481027	0.26709204186409	-0.6780135100579505	-0.3936686482077223	-0.31756789085414866	0.2981391605703121	0.5233320029246786	-0.19275037882937665	0.28056901694650116	0.07722162674822308	-0.3266527224836397	0.8344369289575279	0.30232859529650546	-0.5594100480553631	-0.1058968267519985	0.6205113970308664	0.31041898332062834	0.4776661506824712	-0.8431758174034353	-0.5272924768006674	0.20500761003508874	-0.23499438570267683	0.028494014137427564	0.058755059902347216	-0.14040810118651625	-0.09534095323985785	0.34662975977364535	-0.54640691830959	0.10745148562309235	0.32842439262160467	-0.32744923735553927	-0.4291912303711956	0.4971036504065168	-0.2540728395953452	0.3025638822057329	0.1655610595198553	0.7087904662101281	-0.4836018871631046	0.08519994340905496	0.1279011395316061	0.23071750881319172	0.3600198693874801	0.20266236746289837	0.0692249230597583	-0.6689049691599783	0.3826009872306032	0.7331868775731601	0.5618759654722361	-0.5419671134037936	-0.6586723601927731	-0.5183034519408994	-0.4748018657804258	-0.035287301998434134	-0.38306976499781514	0.026929480168501795	-0.12418375393602775	0.13268019620405186	-0.42123666443320995	0.09131666613884508	-0.524530062102859	-0.11576289661003172	-0.3414161749285754	0.03206081468917112	0.3086238541666583	-0.03093626646672709
DTXSID4048723	6.781063196106998	3.7577835050375343	0.36156636031510364	-0.6045875201490695	0.9116874919746181	1.6815628946424048	2.600808578793841	1.8976924972593947	-1.6569450319235302	2.0685745859722235	-2.478905605874861	-1.7371704227472757	0.5075437921104528	-1.2057769113334535	-0.8321089766842639	2.380798562701945	-4.623998823124446	-2.767400551623317	4.087933096235598	-0.6951240931284228	-1.9849159934785268	0.5410409329935035	1.6362280185850744	2.2326303983864393	-1.9473838296684463	-0.8323269142437738	-0.4042902745201506	-0.5276720986040642	-2.9455756726300693	-1.5988610140275368	-0.43335259607158666	2.259640051092649	2.0692839268706407	0.12473441624256663	-3.311905414347976	-1.4186865093478858	0.6537040684282923	-0.5866748473267034	1.0646349087650238	0.18159904084933462	-0.4737164974845002	-1.110781044019003	-0.719701674455342	1.4364916162514214	1.4960692299852134	0.5272153874144203	0.36604064830521166	-0.7597001041213347	-0.4142006929025712	-1.063658004669697	-0.33713245248494217	0.23629466548397282	0.35233137375711887	2.2409141753695256	-0.8919091439137199	0.22399305834694844	0.18880128015247044	1.3918556993888136	-1.047715715816812	-0.7012579320548036	-0.6222359908573779	1.9031253341881977	-0.16963669254113792	0.19970401403206584	-1.1417608112163458	0.16579942283027455	-1.3530445141872312	-0.2954984686708071	-1.7625088243604419	1.214031289236624	0.21138860609257432	1.989901000009083	1.2682879672070309	1.0734123291720248	-1.4200012964595956	0.07857597564638852	-1.5114679117473273	-2.141053862645393	1.99066958089499	1.1096950904710896	-0.4693737826563276	1.9667103271122244	0.9857391469288539	2.697822486799373	-1.0626914587239555	-0.2793466627651022	-1.418542166513827	0.8761131988378901	-0.49453251438044005	2.066703938469211	-1.3656578225366693	0.44304854027980034	-1.3223416833634405	-0.18998208472497397	0.9987726085056919	-1.3617657992521979	0.8228652636819773	0.9775953332886258	-2.637541666669675	-0.7654264699081058
DTXSID7046708	11364.06867911953	-3849.455723413941	-1017.5850263651231	16891.730101380406	4455.6974407732905	-4023.5680039212803	30807.979591415013	5652.25007122853	-7444.899836626559	36002.03704007882	-11725.022145269135	31049.557382514547	7413.346054491989	-2659.8752408278774	9609.980930865884	-15911.41346764642	-10115.554479459555	16666.19619577836	20648.87845945454	5596.102410316496	15762.993660482645	-7720.079869162041	-10393.095873245828	2592.1718799253867	-6043.38025105351	-10351.406838082745	-5115.464333394701	5344.12350506672	1252.6080842593658	4555.478476972267	1493.4984606858704	7138.638722098586	-1022.6196175466404	4295.486997045498	630.6978613241322	8812.57585366999	-2385.789354258741	6164.036375042702	-5061.8751757391565	1733.1174394265474	-457.49433828149523	1073.9443994981157	-2198.9290402565866	-1833.1856683468168	-726.232289856432	-598.4543762191621	1156.9758842797933	-4228.320715549103	-575.0535657216938	2816.389298057397	-397.30394625839267	-7030.130197610054	-6180.795423429691	-952.4698380126687	-1510.724238136289	-2410.4515880247586	8810.51453735145	1414.2096237612022	-13009.27917038241	-4721.470265756783	9441.54566461924	-9050.040423299391	5017.048267454799	1091.8835053891403	-7676.5680276619	-24627.888354983927	-2166.4369171375074	-9794.946257049161	-7884.059485544694	2929.031730478874	-8678.402138920475	-14747.124951034604	-2816.066837450925	-3676.7468834860033	3706.4969394080185	5240.400024930024	-15227.612997002381	1292.2584865989704	949.1207136429017	-14903.609372050356	15658.732159278356	-13906.868060346253	19745.453866440228	-24369.999552077406	-19011.77137223032	19541.9434675637	-6045.5714617696785	-8675.4207389784	-2326.958346266353	-5814.188347137444	2044.2819744478907	-15967.840680505613	5592.6194791327825	-4733.746984828359	660.8176364893069	34730.04018998293	-3398.7574922026406	-1145.5331386855653	3869.4389890904736	15335.42442508768
DTXSID1047528	5.19818602848597	0.878389983782106	-1.206857127273784	-2.430634494176345	4.540710667709968	1.8090239046208059	0.17639517039778252	-3.1212391986754637	2.6998155643274466	-0.6168751450359657	2.6368834593658836	0.43122485964504026	-0.11180219327711992	1.39515921831945	0.29438724352348256	0.4073949097652518	0.4358729413502722	2.572757370364693	-1.4046083224271766	0.8907984996857696	-0.9656443861125057	0.8697237370421087	-0.9284125590222104	-0.31844257111088964	1.1934237393255211	-0.8708372546340727	-0.11733835919038162	0.9052820859818004	-0.6982867085358948	-0.2734753102173834	-0.2803141701158941	-1.0822457430424872	1.2137657941853786	0.8719485182813693	0.011949267783898425	-0.2292906307263921	0.6705455690027388	0.7290263341285459	0.18462806164445342	0.0690326460594344	-0.10955589657667397	-0.7758309986980704	-0.38487853085479	-1.1314591154807847	-0.18596879821006126	-0.729563511414449	-0.239716980489506	-0.0031210549763938276	0.7124529531708693	-0.07162537052436192	-0.33257619716500647	0.09909436729272132	-0.23422769426113174	-0.6638150685127014	-0.5672773379536986	1.0039426577085888	-0.7106043360888971	0.4226670396040578	-0.4192994655642459	-0.644036304535698	0.5727038157642811	-0.5327196111612291	0.5294821809605025	-0.5612078269624694	0.07591916748883473	0.030772278036130057	-0.6470858425626286	-0.734105990419159	-1.1200434871658347	1.0117545041705758	-0.9410822300346318	0.48263353090094624	0.235781414979853	0.6455440328009477	-1.221317435225392	0.4294826760828042	-0.7250738722557619	1.294775371436475	-0.1856951871308496	-0.30520417506675124	0.20880039125819988	-1.4111010049661816	0.05254594762463393	-0.2985336467222969	0.18153791769322591	0.34341961250141506	-0.16123131614787434	0.5314699298852136	0.10057085092891976	-0.08454760930212211	0.89429202742336	0.38453169419317	-0.4857297904972694	0.037672354090352786	-0.3939195000210605	-0.5254761858237287	0.8843729478652627	-0.10207620936257554	0.7328509622480741	-0.5943783206481197
DTXSID0047088	-4.103725760257611	5.301882786346637	-1.2359617224217911	-0.2713087936915828	0.575759399542671	0.6781275878697117	0.719045453643787	-1.749839730161466	0.795735698340022	-0.8975320835058479	-0.44120894760626744	0.6126396541085432	0.8024372304506125	0.6215653977482457	0.7466008809746585	-0.9110497669735149	-0.8027310314565902	1.2960839792196732	1.2277068170310346	0.5623808848525483	-0.09045623737760033	0.4349630517610965	-1.862803416991782	-0.3084101026342677	0.7986810839331092	0.03309785073587963	0.7041087304480036	1.1077188156321474	-0.6161671095976214	3.40554768223247	1.9855953955853265	2.6099497396333624	1.653097922151148	-3.199461709094968	0.2007042826110861	-2.8893092525423207	0.06331750090462866	-4.42720376020308	-3.6293947145388548	-1.9253634368717432	-2.020014137220981	3.0810834817487183	2.1520431983955826	-2.1986104711628607	-1.8548195112816912	2.997645928198968	-3.3264073318785656	-1.7530365065792506	1.7458182844109866	2.0545663342758353	-0.8592303828908221	2.0489711450657198	0.03930340444847502	2.0784578761511026	-0.09979654739271686	1.0354168071317535	0.20007029993857228	-1.7062746637797537	-0.36413934362417777	-1.222942030569329	-2.329648573211101	0.8494068542210723	0.35050142043660604	0.4779663147994185	-0.5998867661639813	0.7945383799063483	0.32283282305367217	0.04007944255029846	-0.9316020623527862	0.19843984733168327	-0.4268675215997416	-0.2020458913288298	0.16277856871457944	0.4396418393540415	-0.24395526022737524	-1.02763789008298	0.1506649807560745	-0.2395394571320848	-0.5173592529366862	-0.3690723753505641	-0.3987686438516948	0.029718847851735647	0.697028540904156	-0.34281516782438076	-0.5091469120324303	-0.30274025800265975	0.2706106749443203	0.27829347833091045	0.07969797036692589	1.007658339077701	-0.08110817306484154	0.15138373092070045	0.010138653190306445	-0.15347826209535645	-0.05245901340056364	-0.37566881708729116	-0.16187041183712422	-0.16302305807472817	-0.328559679784166	0.02369125831508718
DTXSID2048793	9.67190053773936	-4.866651888871296	-6.953164017209572	0.3246147399045143	0.667591667987352	1.741753300000634	0.8070919954668582	3.1689412284558367	2.3673743023917635	-2.7116065140887846	3.156776582493419	0.31628236526347747	-0.809751989649785	1.9393850986053758	-1.8443085860894268	0.3138888890592238	-0.4735345168591985	0.8851572762969978	-1.3082041555178128	0.20087854514429487	0.48306751425520505	-0.5989525858224105	-2.135004518153621	0.5639042070040476	2.320153578140754	-0.21214610175708096	-0.3868974562397191	0.23509368665803856	2.110756744113854	-0.0772395776479715	0.8519250932594491	-0.14589619458909678	0.8049025980188219	1.3115931698232215	-1.1410745221757495	-1.1339447136078928	0.7122932750259522	-2.3450354075518396	0.5227933840957497	-0.8224270957058414	-0.5068519027544861	-1.02946271426919	0.8238281417255218	0.7334875184403862	0.28394123892486367	-0.580737742216131	0.7777908816151273	-0.9267289944617714	-0.29239568161991814	1.0505726700697962	0.34940045271592785	1.1639514466782617	0.2749883514614671	-0.8204757044308878	-1.5438798022241518	0.5764766434332126	-0.04496005237797303	0.14653360429090947	0.944002288842045	2.571538740480276	0.24057593821021667	-0.19253986677298054	-1.024134589601464	-1.8495608636516996	-1.0061465752039975	-0.5705281317253008	-0.1969720680235909	-0.7333898509062371	-1.4332908627139822	-1.0581690145959228	-1.0421282317617704	-0.7341555721846674	-0.34148704678387987	0.5339855323302495	-0.20885975049517908	-0.3983554551571392	-1.3957230156356388	-0.21589421921385976	-0.1894672424577836	-1.1360161071940695	-1.7829457526719226	1.4801057791808352	-0.8122148210513714	-0.12288496346506078	-0.21335912373495583	-0.9380824999119126	0.15689892051242965	-1.3226102182644286	1.2040534620370962	-0.7179088353004738	-1.073756473052323	1.0762293765275985	-0.7906008955981401	-1.4203135631210062	1.7751669026031325	0.08714599898030874	-0.1498375992135385	-0.27975691663604085	1.1664132733702528	-0.17920097260890033
DTXSID5020108	-3.4660446496813804	-1.030271759330494	-0.44743006870910623	4.178266906579432	0.607868323480012	-0.2898005519853051	0.32616884607014573	-3.3815429878731864	0.3248097169850884	-3.1171490788627727	0.5322653746851309	-1.7617973996229868	1.8696914747044693	3.833818726846193	-0.23344905899149465	-0.5492106745355146	-0.6743777622811151	-0.04821293014700927	3.013021436930803	1.4537586399210598	0.8274901752729321	0.46674487124511116	1.0424567720009552	-0.21448833398808123	-0.19000334329273577	-0.16862401547596712	-1.5758563968990462	2.6675330957117143	1.33874850863562	-1.492943078003478	-0.0868134435459053	0.18400172664080736	-2.9972240077480525	3.7882459488090374	1.9450822301453612	0.5227731305108474	6.935381047470448	-1.3747800026424524	-2.558882015455473	-1.0647526455084235	-0.49272215815637316	-1.810873920355955	-0.021667605390391725	3.6259833454438737	-1.1985443934761448	0.7425052846126287	-2.103285388535493	1.4701213143922114	1.3851308870156624	-1.4885160354144162	1.4011582248197607	0.6969999854999923	-2.132739180120292	2.420182754606601	3.2824701035837514	-1.6221057243538322	0.1613247432902975	-1.386675675056287	-0.26266464756662405	0.9801825664653513	-0.340262569076457	1.3345921784926893	1.3075592845417454	-1.6240507006255864	0.9777218462726789	-0.6651770613455086	-0.17011378619331494	-0.6740485173221121	-0.1997550765758559	1.2148887750038126	-0.6404962605761618	0.24265524231951902	-0.09483209201919969	0.6861117768256256	-0.03828475083288308	0.5670494679300377	-1.469968258099052	-0.017348518999339466	0.06060805237941821	0.40327017558408546	0.11554270107654216	-0.6148591070935849	-0.083817171771733	0.06996893721070778	-0.1777046042521963	1.3703601012505855	0.533945887665472	-0.4055770133589474	-0.11359590466131413	0.21675142865156485	0.05424363145896136	0.23211021232798615	-0.45509405358610144	0.4894225260235	-0.8263291872947347	-0.017769324136471944	0.6204409402759055	0.23101692965149218	0.024200249955805928	-0.34299757567832806
DTXSID6047157	-0.9512577123999683	2.714437467543714	-1.9735757870268	-1.2186084589640838	-1.3638980193164787	-0.3554531402258563	1.0120197093913093	0.08881068479360403	0.9192670417281295	-1.5660535665244952	0.8201506993513923	-0.47312702880077884	-0.5063008801559493	-0.7955423621303117	-1.3436895958794854	-3.290546813094322	-1.4313865802607413	4.246007073453253	-0.3875641638794744	-3.7964086377877035	1.0220976423241213	3.5955291846904776	0.03960865145970934	0.2709030499892658	3.0014133239765055	0.7673487239551028	0.7041335344124002	-0.8473269650313763	-0.3815540552210092	-0.8444395696513298	3.0853574352572073	1.4173717402143515	-2.465968342815077	0.01748865741217308	-0.24358116057337476	0.9616468147445393	2.9931788316135846	-1.19563852427119	0.7892536667228689	1.132270537772883	-0.6488994660236066	1.54442245632555	0.41568048815256625	0.4949310420125324	0.072286852763751	-1.3490526584602651	1.738690633103573	0.007618833858524336	-1.2923377882656701	-1.8886795770455564	-1.2608109998414005	0.6875529549674492	2.1543402520746877	-0.37422646028408285	-3.2424875468994374	0.1271393708474391	1.4974353528161057	-0.4400745889444007	-0.05556634369528383	2.018208313817486	-1.5559552763039206	-2.072302798188384	-0.0859176690536894	-0.4964521297074677	0.8675799905047423	0.9978313620605671	-1.763888233258649	0.7966785539518604	-3.0594563308753524	-3.134286326955636	0.2034045775017046	1.7683561608547447	3.798023670788957	-2.0794436887007106	3.1972864525098585	1.5235789351962739	-2.263351273436249	-1.9287623961604645	-0.6104976845126838	-0.7851480695592773	0.023612455089867496	-0.8303457477991755	0.04438344375688943	-2.3687653733962017	1.4234692302093077	1.8709276714805543	0.9573471576565501	1.698273382190535	0.9982967648061585	-0.3697558767448627	0.7363201840576095	0.5578264473828876	0.50735626574312	0.6992512330481897	-0.5101487078916449	0.1624096650496145	0.1801008739315486	1.2848128804392025	0.690092843218975	-0.9319344251631988
DTXSID9051907	-4.187172392893177	1.1740412081986058	-2.0711558519555897	-0.7148796629865002	-0.9657486159060664	-1.3560691609667173	3.122414764260983	1.6648297774957448	1.5119940255606223	-1.8140393593124045	1.3756928376421087	0.6755716660589609	0.7332026178152613	-0.05173507323549372	-0.262904475626286	0.06070013090839652	1.163731676255801	-0.6096198407478637	1.160402772276958	0.299014668105093	0.2845405804153131	-0.35245519290072685	0.26824433443630336	-0.8254914882493298	-0.3779525541000449	0.22484185376254398	0.8805327543343441	-0.13464877750988963	-0.4126097232848326	-0.3681657267445015	0.4989813736392176	0.6490080942567454	0.17287956528950146	0.3902453834610811	0.5029129320225764	-0.014233875830028586	0.0031151313305107686	-0.5576678927482993	-0.39373083106691625	-0.42960515802826144	-0.18100781698046325	0.25456008279086356	0.12378372034170441	0.6267564528265619	0.19233025245614585	-0.12298604359251854	-0.2024640580817961	-0.18048544518895723	-0.5744916564332825	-0.749090796399511	-0.2766817112743862	0.02091633233845009	-0.18034633494669988	-1.0287924851656747	-0.0754130068420205	-0.4012863561240309	0.13962946019269395	0.13217589783031486	-0.017604915059950176	-0.15370012045140458	0.26111962217250295	-0.6895188797944014	-0.938005839217343	0.882863719462001	-0.3824811427362655	-0.783682617064525	-0.82114053964831	0.4617630440143724	0.5731875778757461	-0.3643278033005492	-0.17691757928627388	-0.26126953305262074	0.1637873911969705	0.7646028239966014	-0.23502395363883444	0.2726595519736312	-0.02989136543553426	0.15650329544919286	-0.006830919435610658	-0.2863806092855299	-0.4903585576038932	-0.17699152180502253	0.1454507569537347	0.31331374702393366	0.21495810750003763	0.3716485986435041	0.5018088416320745	0.23064360584342128	0.8205071394789558	-0.48463217806023523	0.08087345063933359	0.4033250939926722	-0.26008386077223167	-0.044599985443953646	-0.18036263781547926	0.1754583906596837	0.18698122625235777	-0.07129894909144441	-0.04622414661198078	0.04562829692078633
DTXSID8024286	-8.857472651560531	4.1195802671134	-3.1863545757288096	1.5384448442673844	-1.6260645420614959	0.03778241468884137	3.054082107158487	0.6883068860621562	-0.7923711056128926	0.00871359470452784	-0.06264143499699475	0.14861956132481646	1.273371875892637	0.007013549559707847	0.44736083099756707	0.25563102533413795	-1.6455104638133766	-1.2057717513407853	1.8610912897846188	0.8719865047451818	-1.7556234240188635	0.9021984759084479	0.5191443174830517	-0.39107680732682293	-0.3958663295837751	0.78094967781094	-0.07632459835769634	-0.9725484928740654	-0.6816630435460829	-0.036374773312587726	0.26202836569222915	0.09160840355073517	-0.8676841163843003	-0.21050585823091808	-0.14222748427816606	0.17712076753221884	0.7430077046298581	0.34046253905000295	0.7042058279095816	0.0833269504157666	-0.5698113562853917	-0.003834398881770466	0.03900816702819871	-0.26867979956619814	0.2443455406518585	-0.47703962762699736	-0.5264777738418482	0.6792529192486748	0.20508513389882066	-0.8265491865125542	-0.22276598019028532	0.38149452882774143	-0.08140377167260934	-0.17284823526512558	-0.4587213860774967	0.05609277190842324	-0.5609273696677567	-0.8495035353571981	-0.2638084358638224	-0.1727838254187939	-0.8079607192431869	0.15150602809976652	-0.3934623348221104	0.1999759635879357	0.8621530973289234	-0.520044351282748	0.40556261569653623	-0.4617756870089678	0.3222421536138276	0.2792807653341062	0.7427961190596744	0.35840525060164374	0.18330673547333676	-0.9031869254720991	-0.21764711934403835	-0.6376234333477593	-0.02052867898599282	0.7260008693614872	-0.5393222147784629	0.7410431011235596	1.1891890941410022	0.08769423850834526	-0.28634193013476994	-0.37479774802474525	0.5162867279045827	-0.9681304631430485	0.36444671545731344	0.539966959416092	-0.26406510307792286	0.1438586455913148	1.295626604691914	0.12443154244571865	0.0681299263143384	0.29536567326931934	-0.35798763116081356	0.6786122751209124	-0.15263590937590438	-0.19888572881797648	-0.537764191938415	0.6099212369548296
DTXSID8045935	10.819368394101806	-5.69729388093585	-3.4316471815545917	4.000095329992811	0.5898733738254991	-1.329289422329255	7.043701945646811	3.098747602165768	0.046996771236772046	0.19687368671227035	-4.1573532538966145	1.306900774277007	1.2938428893242513	2.28123675788796	-0.6580713089343708	-3.071901766936055	-3.2325187840488265	-1.2027765676787274	4.321680285117536	0.8770808962501216	2.4303373315657426	-1.0964591297073927	-0.8236070327269122	-0.4621140262649388	0.9126029569886661	0.5542060514153323	1.8416860528973575	2.610370466344586	1.9911370449315315	-0.1624955188202994	0.026604591354992907	0.5342197088281229	-1.6765688621529629	4.98236212887722	2.1548602710299445	0.15146092634529693	6.871228216644589	0.268220654811851	-4.439271716205905	0.04053004117053361	0.3475927175859056	-2.2200497261494148	-2.0818189617380054	4.8381684605089905	-0.7844176665368758	4.1136301372797925	-3.6018903878822663	2.9964152331408465	2.452686116253075	-2.208293387266579	2.922044495124056	-2.1189817337804677	-3.158992172989164	2.0355473778981397	0.8019102845089594	-0.8643236763611508	1.6839626142335307	0.6219119221502465	-2.0667162435586666	-0.11280771135713052	0.15773333803080158	0.15068581971831746	0.23093924262896973	-2.114288680734642	1.9706932906258743	-1.6374439048182263	-1.1843776350071202	0.24296573839331892	-3.6306967046143317	2.66869330659207	-1.7101689440607628	0.8925097388551522	-1.2923247290560334	-0.6150795673223599	-1.0103902904960758	-0.8272019322912588	-2.729551057880448	2.163790238748247	2.5517473023279083	0.3896818054047712	1.3460203973068454	-0.9563932739583412	1.404062570669054	-3.4088647382957755	-2.722139593890592	2.4881318825880547	-0.7666305341948212	0.13722860480468366	-1.409530839820042	-1.0367974407813774	0.6582747559066996	-2.3916428953746074	1.0185384610758883	-0.7701284528443751	1.3649136766576062	3.6428942511833284	-0.8708411500422211	0.7667246805234827	-1.4119191333498489	2.7578822555084703
DTXSID4045559	-0.44696841089517975	-1.956137134471527	-0.38646156689486505	5.047813391846972	1.7036720949422635	-2.217521685230462	0.5597768465822341	0.21035414837332325	-0.6293185323043492	-1.4556777459414836	0.12051935747658667	-0.31479128531543965	-2.9258159208623615	-2.0771397329410277	0.7295697071336743	-0.30941020170077715	-1.4059461119931178	-0.19084846717309906	-0.7390701162778393	-0.4384492244963938	-1.1456762445950823	0.07800884023258595	-1.321250252466176	-0.029271965799724093	0.03154515088605185	0.40029565643693643	0.15265640492212326	-1.0732122911281772	-0.22208527995622104	0.13904341818908944	-0.12914030251947306	0.5709617560607966	0.8160707569066243	0.006103369037538326	0.4119936469291517	-0.9536188177905472	0.4753206539861256	0.7286638604031052	0.09191792953331542	-0.07157476386113083	-0.041155327185339326	-0.35187045697569586	0.740351567465405	-0.9556790938535641	0.45206795605571776	-0.38748164144539393	-0.7512674665563368	0.015606814176751766	0.7238143295686995	-0.0919972158776355	-0.42489310476429826	-1.2874663184795656	0.9290778000723958	-0.42948732826134783	0.18061817236175565	-0.5587055921694302	0.6038428418583346	0.12849233096856139	-0.846076218572232	0.03424908850240641	0.04023124195849934	0.5395682533455605	-0.3447056092373096	-0.4933406503936086	0.155856425273349	-1.8045735291292893	0.7532712899641231	1.1393219937755796	1.1749259325010477	1.319445752317672	0.5072010012011746	-0.6627140328340231	0.1709391829817419	0.3831998799069951	1.1752810342966566	0.4031359718891394	0.09137206761804852	0.35278724662497574	0.654903367172316	0.7918297791991323	0.685497217865369	-0.26151308197878254	-1.927739228017955	0.43885080282416833	0.13252169941028458	-0.40903395030890616	-0.037785336223912364	1.2880395816666785	-1.087566426256972	1.024285055465983	0.09714384931808871	-0.5320795017072505	0.9171100707717108	0.8511223597094159	-0.23255676902742917	-0.5330030650263207	-1.2858862520331735	0.3351742908777385	-0.8318429120599963	0.5926455062755662
DTXSID1044980	-4.681673846141537	1.7380096547336696	-3.6801401190739718	0.09877266286947192	1.1356162832046763	-0.9642060631230465	1.678039640672448	1.713356825730211	0.38201905175368833	-1.586413452874067	-0.1346042569073474	1.7113103962936989	0.6126760781837131	0.9346381571996895	4.260819014135847	0.9416567907798667	-1.2923434438889134	-1.6265575572594264	-0.9097166768939203	-2.591070127293806	0.4585999368253286	0.8878639910922618	1.216015600886685	-1.3020488305696163	-0.36680804372883935	-0.6372227402631594	0.4967346108178534	1.0997398879906668	-0.5643223099202874	-0.26000737514729955	-0.6433622567118487	0.8777359144380936	-0.16706506749267114	1.6393605262114819	0.48817728588380177	0.13446222425855547	-1.0623227924370295	-0.07663543616244432	-0.3893922734684388	-0.7756340647009292	0.15164236302020792	-0.6339960090030263	0.0679929570316252	-0.8532488734484177	1.4742333695266636	0.6156778992819154	-0.4129407759513215	-0.39861987337175236	-1.0640542571197227	0.5679466308117498	1.3728474697478374	-1.2376741530379662	-0.07175805334131408	0.1270757372444534	-1.2788941404940994	-0.09706598652847334	-0.14153129758196947	-0.42182377506665725	1.7564251582554586	0.2969627672096103	-0.7447813034282489	0.8307704838973866	-0.012231207651054104	0.1074031963519249	0.5283330454256963	-0.5862295704839633	0.39380833361448914	-0.3504318027523359	0.478914107087069	0.3310662272785752	-0.38203380245980556	-0.5608495478660175	-0.1320882306952234	-0.40852868545246634	2.057933971030229	-0.09915840584875325	-0.36111970267470367	0.23755388670048225	-0.43608000909441774	0.7347437892108817	0.2075710155358515	-0.521881696075646	0.27561091811104166	0.41685801756788177	-0.5134825074667708	-0.8586167100971422	-0.361689359695892	0.7536813218303414	-0.5108666472413724	-0.6762727975752795	0.5974606066309516	0.0850470434117142	0.5473933088776668	0.9046003205185623	-1.194465675677365	-0.40650525159833156	0.32134503318149216	-0.681246751080953	0.16994086327640628	0.6888611247323807
DTXSID2049135	-1.5164542119005482	0.9980371399990335	1.6416291472591222	-3.550250239229387	-2.0642407680727546	-2.102291542733134	2.031147221208011	2.2480633205672604	-0.27091017397172873	-3.7723045525909993	-2.916739361953242	0.2792175743813604	2.265351506774887	-1.4416756830761068	2.612818668909766	-1.2027599086451484	0.4561870102950344	5.38699433735914	2.7422652302866983	1.621631163161559	-6.364926907237387	-5.064850226421689	5.873864263651966	3.6926609198210274	5.992402533248618	-0.8057045499172149	-1.6039160227971796	0.1554064684982731	0.045317046351139624	2.4951846319626374	-2.2255734395846174	2.298616855875802	0.021616502770708864	4.764762912412242	2.604473952919084	-3.9385313003245606	-5.023876952593525	6.8553299086963975	1.0385309633253974	-2.95841675434325	-4.180240505723495	5.2598072489206285	5.288160677785272	7.803633764386287	-1.0191157551671284	-6.118294984302	-1.8797954445458527	-1.651669102239538	1.407588449539961	-0.2662744157701002	-1.1183728711384517	1.3171502687285765	-1.1463681203119755	-0.7485016947349855	-1.4295190312225796	-0.47077796436560687	-1.3489897943367009	-0.2865788949743197	0.8898795616812502	0.5461683408601081	-0.8624035106155412	1.2322738748931483	0.5161730699140858	-0.5798471851971846	-0.08529839770279336	2.0452447737076973	0.10135166797141774	0.8779225105227713	-0.3542300083521396	1.0210609072485286	-0.8613554212228087	-0.41780599254841494	-1.318602157949333	-0.43597893161409057	0.7781580190779392	0.03792879645630546	-0.06870533882939657	-0.43190242473016033	0.7044328993355936	0.11085693821146363	0.3950573579960832	1.5679509705061272	0.3805069318378413	-0.8251921030614352	-0.8786382750083388	1.3688817728257863	-0.7376775316089051	0.23405942652771913	-0.9674059792076279	0.32545324952133353	-0.9719361745512712	0.42569774078123057	1.1738839448336862	-0.8841784753705713	0.08723844860564908	-0.5472319656145171	0.7964521419166638	0.3327591630359715	-0.20525069664893794	0.18737073664729537
DTXSID0037237	11.711964131566843	-4.454435015923485	-2.6990663433777597	0.2030552734523128	-1.0020681169907828	6.008053766194839	-0.8754428210279949	-0.043320250104354724	-1.976719922658324	-3.8285348053868975	-0.038885052364795135	-3.7093918584271877	-4.366550364054202	-5.67923369890486	-0.25291920208370805	-3.9801707396698562	0.47989212669049086	4.335600901340165	0.9748269010667435	-2.459475034680107	3.2520331599461354	6.122075071974155	3.5534228502770597	-0.41778841743642486	2.8903471678467563	-1.1752774182427541	-0.12277314684142253	-1.5660330744007818	-1.3581250607641489	0.45369448229930326	1.7581731428300125	3.274881050732971	-0.25571651044543886	0.7457998956730529	1.8027013070150668	0.6434653837711278	0.14023727409644898	-1.5524480786908263	1.7974372523296789	0.10510598629814384	0.8986300861648385	0.10949836012402825	0.32454110511498563	-0.7433931872306313	-0.7054555345099248	-2.7534981091720248	-0.6886790755108165	-0.5363135499806772	-2.365657371390248	0.23549190114137145	1.3227349503504728	-1.0468066456583998	-1.8138381482832437	0.4638171109744179	0.7032166506585844	0.004229385914429114	2.0158466695682153	0.8932250354998917	-3.3068832801986927	-1.9355896552376448	1.034794946835016	3.3189627613969446	-0.015397103314930976	1.6742130332546479	0.017040898808176247	-1.7448837898456344	1.1551234876212728	-0.8043910535367642	2.065124274011656	2.1704859879420337	-1.5571145070910153	-3.1790594928048344	-5.989586241174241	3.187415419857236	-3.0094607339648802	-1.6909508851035102	1.9691116559122541	3.60893640569965	1.3809310692587673	0.021447879320681533	0.1526878338509768	-0.4475116974776653	-0.524531923270348	3.89955513674674	-2.8243656150978302	-5.124000502274738	0.04521109849473855	-1.5822137776321499	0.44387620851901805	-0.86039147926736	1.8261511082406885	-0.4321791383874305	0.10819856645307098	-0.14741018077533682	0.9172694601360449	0.037418624394589046	-0.3188594338736419	-1.4573551819475394	0.42453520652380006	0.12084834825661805
DTXSID30395037	-0.05293886936810536	-5.388746854400819	-6.800801867808236	0.9181293253419308	-0.6598211150934841	-0.3154334845486379	-6.326266975773186	-4.421979311371992	0.2751557884638257	-2.86298771029948	-3.1110779582178982	9.758025497975362	-3.779873627483864	-3.7665104841063206	3.6359419813649105	-2.1380923548660684	-0.27300772762948805	-6.703387891280668	0.38600009245062333	3.0398807521014426	-1.9694167591885894	-1.0011699241518255	-2.0657077497497593	-0.3182868676883321	-0.82278211601662	3.197200666790669	1.1271630964012493	0.2348118954288518	-3.171695314411296	-1.1751438642865395	0.956171178762478	-0.12056004487085094	-1.1183087165507084	3.1777232004865854	-0.03000475081489534	0.68708444312454	3.0874411874600556	0.8208439675315521	0.04068753009075003	1.9786317640291078	-0.5571946553919336	3.2439116170096938	-0.3489393097899472	-1.1037165372758226	1.2718961690342498	0.9441854328681822	-2.140833497370209	0.6803513215319915	0.07594836423461127	-0.3799461778504464	-3.011237666184956	-1.3743141674928094	1.854106144082644	-1.2140046647903593	1.4261984576789057	0.20797562226231286	-0.3838402560690025	2.730743288049669	-1.094731986155583	0.05008316264475501	-0.06334186772455354	0.9093177587668382	1.4709693810001994	-0.5850361379268135	1.1472863233579198	1.6272294640235712	0.2564690317465056	1.9664341112683765	-0.18475951211199282	-0.3796765744712254	-1.1249204934157107	-1.9701650716168884	1.9371140039129195	-1.7855958299861259	-2.492381338931446	1.3335797698338945	-0.8457369620189634	0.10558381854638373	0.4082642178291524	-1.34256847609851	0.48657777652173395	0.2490058664762442	-0.7946455100988993	-0.6768674487806802	0.4001081992615058	-1.4755235444761197	-1.6703126673096291	1.2488332118897982	-1.9478551116786942	-0.09034102348198367	-0.6436228757275992	-0.3269161607862516	-1.4899888762347346	0.2878033280984894	1.073414457102836	0.30579819422975585	-1.1081548820617897	-0.4165578642581492	0.30182750741835973	0.5102624562385626
DTXSID2048587	-2.5311117588526524	-0.08747258125713854	-5.825470892679687	3.383672185854621	1.4008981845918345	-0.8305879200200686	-0.15785311459171564	-0.5811334518085348	-2.152133482722239	-5.054163024297654	-2.868598815882591	-0.035588772412309094	0.6270533791542884	3.3583993219239177	1.2632714692005687	-1.5191567545120348	-1.8323166342035757	-0.028138855864486986	2.7202539983835523	0.6454876654191849	1.6425271555214733	-0.5579957660515958	-0.6698127410481682	-1.6776119849632278	-2.280754700034679	0.5633844209983304	-0.27223343604256334	3.4271246556024604	-2.8404507288384724	-1.6179647745858443	3.384676703238145	-0.9494124950717542	2.1847651010895515	-2.8963727947608056	0.7936078081984527	0.7460571454497227	6.804599212267446	8.995425545770658	9.120486669212129	9.153023368553765	14.936516404002935	-4.661549042915662	24.419466375316922	3.364634417045948	-3.830587994131299	10.4619966992748	-0.9688356865946435	-3.0309959731170566	-3.0278124854239055	4.732768458177539	0.01959823466905325	3.222512119356522	-1.9150329034629707	-0.8809981642465988	-1.1873677436357841	0.7469020168059545	-0.7719764729468397	1.546560025708878	-0.28962666509892826	-1.724445969224447	-0.4301410883938733	-2.5703435437537596	-1.326221784035858	1.1462220770512035	-2.1226797309229526	1.35626860343056	1.1118937074002813	-1.3049263981378083	0.9843199095337478	0.36799617317638184	-0.08240085694954236	0.09641912940080448	-0.9504133515289737	-0.02114283392672932	0.8603692527779407	-1.1297783921192683	-0.3122443220274528	-0.3559324351583226	0.6126950243628768	0.07579020147451714	-1.087290549963845	0.332712004059266	-1.024937326176487	-0.49928685316835186	-0.04910476904253492	-0.4728654104312953	-0.27712423269620906	-0.38966616209141985	0.522086403775517	0.00020772224334211726	-0.50464881043603	-0.25589699730966486	1.1104712235149103	0.5795907690740265	-0.15556573847888733	-0.04599814857926393	0.32099916238938975	0.5257841714152164	0.7243269533502158	0.15812155286022164
DTXSID1021821	-8.481211142437314	3.200860973579644	-2.661028031096874	1.6960281244228324	-0.2498484516933812	-0.5990003668090548	1.2742499286768587	-0.3802090309461729	0.8448685590490996	-0.7076470806410669	0.2732696258141212	0.5788402161347673	1.623912994133482	0.8328732883089439	0.8889961713708956	-0.7626337137002785	-1.299604102404614	-0.14696628019390054	0.12116616497736628	-1.4892592721809048	-0.13828404972320127	1.001857248642541	-0.4245065362107797	0.1642591131822913	0.1639296407860504	0.4004057245411774	-1.6732394101902068	0.07381177709091791	1.1836016530367963	-0.5680057831021441	1.2312291850792438	0.313539337478309	1.0035887070112723	1.5846622136541748	-2.320930158381754	0.79292266921236	-1.7199709394150753	-1.369577190985845	1.4965395377773256	0.3889916969423194	-1.4141050394260488	-0.33283509553748064	1.136241545436352	0.7219915717415885	-1.352233222189344	0.4419148107318834	-0.3448296623128009	3.3316868358229357	0.9135172742934287	0.1064558372173633	-2.135057573681324	-2.530674875323457	0.16358793619380949	-0.8615467460229908	1.4665122610803771	0.2231470816714436	-0.18111954330533273	-1.803877261416252	-1.1658921361566568	-1.873307536360059	0.515856588179018	-0.07367964864560647	-0.5275751067300166	0.3990247260172075	0.10497234698237913	-0.423429805934564	-1.1586324490282351	0.1849889823287566	1.168963677501658	0.4059231244906241	0.1509544375437894	0.05113051661027287	0.4058980237772876	-0.6291446467830971	0.3018164540841957	-0.10835112324834363	0.7056068253674186	-0.5211313792308773	0.10597089801953771	0.03444040555216572	0.7657842203238328	0.4684973446618903	0.2386423501688054	0.12294957878081593	0.2740597269067312	-0.23639558521141243	0.6730375476961433	0.05913091578948807	-0.6207943995531326	0.3619309172023613	-0.319554832200882	0.16942097659664318	-0.07107327630544935	-0.09162604800333034	-0.13899384918131732	0.5279581795444062	0.006024955515711127	-0.5088464192518616	-1.0309194271302629	-0.02473194043708115
DTXSID2027595	-2.202206189154939	1.8266577005588336	-5.050017416429103	0.8299998712809943	4.9350070891973985	-0.16544902839723843	-1.92451106451517	-1.045937149409469	0.7739251570169874	-1.0913732808422894	0.2942835821048591	1.3329074376081815	-0.2826320027599135	-2.3701559811372093	-0.06998895431296728	1.3703535084244514	-0.8882258698065698	-0.8265629898370198	1.402132882632944	1.8923701477299142	-0.8034531209929054	1.108745434234421	-0.6049629554814585	-0.28467966386667004	1.8637819723336084	-0.8882474446586593	0.38499002993565673	0.4615509512630969	0.9192131151611432	-0.289069406095204	0.6582575631923143	0.036529240317958456	-0.09052141134408319	-0.37045011903490194	0.8747091541999112	1.1601998396909654	0.157215067412667	0.6055656811413117	-0.6550871259737873	-0.8017131318502188	0.44334823048019045	-0.5015720087514569	-0.2289187721840645	0.7563042935568357	0.14591954416797942	-0.813379067164377	0.727365789828001	-0.08909609457302788	0.16133832628796851	-0.3227575017683188	-0.7120521952323166	-0.5236781079399451	0.1316141525593984	0.03986062241053624	-0.666009918262876	0.8277500419223294	0.8028957145573151	-1.5954549999072152	-1.404728439877385	-0.5083242250124055	0.7556542350443439	-0.08078303907920854	-0.975501344532242	-0.4990972633404586	0.9214030351732193	-0.8690006269215749	-0.7040896854958671	-0.08003619564273233	-0.657485185996233	0.5339281381123173	0.05085526110962145	-0.6319942517068987	-0.7088999084189231	0.5593325651055369	-0.38743778538481577	-0.17463113428099608	1.5083647656082002	-1.9421853512818843	-0.6155525076432596	1.587453716929107	-0.973901649035044	-0.25916035417122263	-0.5245670400371737	-0.6902561854877814	0.934698562839296	0.24739268704582235	-1.6178291570197902	0.11471145063748836	0.2177969548219103	-0.1683418291461354	0.6453840500203846	0.2493157672132756	-0.2036230859662455	0.126728037482004	1.045394407338748	0.6681385630293941	-0.9802171099316715	-0.40341175058970524	-0.17199998809574824	0.774213197609318
DTXSID9047540	-3.907146165923069	0.6245890811834933	5.058928823671985	0.7913943694687698	-0.5639404576591327	-0.4483318820788594	0.5522610617009456	-0.7873466461391453	-0.6580646638144751	0.35219690140706295	-0.29235842411938007	-0.3752962846108438	0.6923547246129634	-1.122486695968184	0.4449897800143254	-0.8275710587194188	0.11593170387395782	-0.8302675727223703	0.19080822090825342	0.3859326714741329	0.01602629962434777	0.28847757072584873	0.2718570326894431	-0.5819878852813489	0.686674516658398	-0.4621152619732181	-0.00045618344038755464	-0.05148132361783434	-0.5621484609390982	0.24353128042261266	-0.2079627039263427	-0.43855483745803875	0.312476680777359	-0.2178732552937814	-0.5502766951948099	0.09673578928006159	0.15596439359192432	0.016135807462571296	0.12206524497447475	0.02947744326615579	-0.0881453299963654	-0.3451474642431761	-0.08650878355665398	-0.34314636995789916	-0.19472825782170602	-0.3527335591772259	-0.376844308215582	-0.2545862283691013	0.07253054210109379	0.017009546438029263	-0.045925648193213604	-0.41480322800879765	0.08404853125341959	-0.24016215086652629	0.19550725755044326	0.4089616500430889	0.030970698827232794	0.18186661142336433	0.07872753829722924	0.14340127855153026	0.47195699349668163	0.6551508107203735	0.20655185391017447	0.2352885964864156	-0.465308521358951	0.3504746381316885	0.11944276383285217	-0.1039274173992058	-0.14565219232711318	0.18444727243920594	-0.14331795978403758	-0.32253502039312026	-0.47475935090370436	-0.304891914605407	0.24402462071016193	-0.41466546664989273	-0.00947605305331091	0.023576170868962916	-0.6814292370539572	0.1036757290628487	0.1752168505981045	0.6940422950131435	0.1502306121410334	-0.12166636587909449	0.13484207130643672	0.8423521595468328	-0.1577383898420899	0.5816072829952621	0.43059055930108275	0.6489375383250957	-0.26106869647740766	0.0320737627382361	-0.4827206373750043	0.26029620434741885	-0.6012203300867085	-0.16679392208218988	-0.062475976310403615	0.1345076021012516	0.28676175544589616	0.22290930221918567
DTXSID2047804	60.16835791699216	-18.193601018382935	-1.9348985936259866	36.5349029977876	14.434041493263196	-1.861037617561372	71.78790615740608	14.51184137452488	-21.71693873246801	69.1185242442301	-30.105979495882018	56.21237861610429	17.739769456934372	-0.5435083626717978	18.989839146670246	-32.51367725566148	-29.683393447096744	32.52301470578744	43.03429866466368	12.230348782151239	31.35335534404313	-19.23735970425396	-22.97987968443336	3.044621222785117	-12.813295187336053	-20.324324952645313	-15.38744099647952	9.983842725340931	4.20502080076499	8.744551063987853	4.273686826909114	12.315249622924405	-6.051776901848484	8.318880047089516	-0.12442264298242024	18.795209114784416	-1.834839384462385	13.175904944482307	-8.403653516291778	4.33234792638583	-1.7913507641015742	5.1764587050885735	-4.438413450654328	-5.482473567750777	-3.5609087435080298	-4.317333892568142	3.8788321906195216	-12.180273285362382	0.8041063497046311	10.205661320339743	-3.459169072823234	-13.30332698985181	-17.225564058006928	-0.5114364116539405	-5.077208646939215	-4.947033271537813	19.115786100295985	3.240309098501069	-30.649454306010114	-9.352322515132519	19.538290761971655	-19.87653997272427	10.34336823664585	0.9333078896508902	-18.766159632550572	-51.868404776614874	-2.321940230091278	-24.044991906373927	-16.768111449224207	0.09731248297450451	-13.619456010409403	-28.270228701697768	-8.343366717149436	-8.657125290747304	6.725037161928697	7.20704953640795	-33.15855565729049	6.129722743377625	-1.7143590547126608	-31.084571405963683	34.51884919940402	-29.144313645438757	37.847996302992435	-55.48899003631757	-38.89442610119183	39.346856454735985	-11.86084014243858	-19.95621454739817	-2.957790590248388	-14.579075162013384	7.48297764669403	-33.60719220021551	11.864045407282608	-7.980759512021586	2.3224547271517837	75.07392340355823	-6.343406720572238	1.346883146861444	11.71358603002636	32.40988691093411
DTXSID4046733	10.641171082136843	-5.673727311629334	-4.90621724780254	7.375321975454627	7.860250733254933	-2.0435173191570164	1.1078574020576137	-0.8927361635647655	0.18753873143605246	-10.730944856305038	-5.415012379028233	-5.590204115230321	3.017789390035227	13.941092648170972	-1.9766597126788663	-2.938747059447102	-2.0964823549166236	-1.060827577811958	5.15952645471723	0.6973970450664452	1.984069040306955	-0.849138811077046	0.9265188840657367	-2.700248419304617	0.03926889665622886	1.654821150536178	1.4373213743125102	-0.7085341131414271	-0.38669583064544877	-2.449715119412744	0.7303969241581596	0.576357127920235	-0.9456384223957514	0.44289853313731814	-0.6838182810860945	-0.543210561779662	-0.3428390607996754	3.2964032857340593	-0.5845414374612603	-0.2685214259589512	2.276915657928401	1.0822693981696805	-2.7532579498794605	-0.6326025133379108	1.4616881550353413	1.8417731011957483	-2.1142182904129405	2.0658864383432114	0.562187819767167	0.8955883909717665	-0.07804272621126325	-0.32454693815769725	-1.995609981143411	-2.2102216608699656	-3.781005976022226	2.247506551802212	1.0911611089276372	1.3982274819883629	-2.235817603800887	0.528678820227218	-1.2680692909926958	-1.206708740853623	-0.6411234916989177	0.3498000254643066	0.19212983795676827	0.8750672032522319	-2.2663443772935317	1.2342353945898965	0.28541955590244283	0.8798993122732081	-0.4035796451804914	1.3371295982322973	-0.5218013368567993	-0.33901420627411166	-0.7478607649867155	-1.0783856852718063	-0.318517536830922	-0.4838871843634308	1.8905754924425264	-0.553584680921655	-0.2971839399873911	1.7988034655045255	0.5380523544593488	-0.47816570105928513	-1.2180784832779676	0.8359267966193185	0.18145692387260828	-0.1965210479265643	-0.24354438693393632	0.3992406209644889	-0.1244109153425108	-0.14005139866302163	0.28780213774242935	0.09273191432210076	0.08875163247685182	-0.49212516887029256	0.07042831766422773	-1.470860203066537	-0.08001188299327926	0.40572206718899073
DTXSID9022364	6.846187341119711	12.330979311050898	1.7970992841727411	0.30230717366706533	-2.642833797249123	-0.3368174480921922	-2.5869020020861866	1.688273332649498	-0.6464802040199669	0.5184048885903996	-0.5492241503017703	-0.11252644354157289	-0.22715128524031927	-0.13687577085122307	0.10589603998627582	0.07707564176512607	1.301673601248511	-0.574794037032829	-0.4827276743805603	0.11228932567970108	0.8600890771692937	-0.19446189819103527	0.3607139585743096	0.1381775720911773	-0.5229064273535927	-0.4096320808339733	-0.3267618428909141	0.7013660136207527	0.030808680840558003	-1.044029224625249	-0.3384222107478779	-0.5769834840752199	-0.26023661972718587	0.9176736941279936	0.40845147129590414	-0.4655147738796098	0.27997375005209424	0.21754997032241083	-0.2527834878796894	1.5443122005881749	0.7011240127500444	0.3377797102007392	-0.7290420608501258	-0.10761395890396411	0.29920838140701794	-0.9229991569517422	-2.0766672499908534	-0.2818562078685518	-0.87619694030206	0.7814146556181996	-1.3015068824658853	-0.20137634689930173	-0.43086580870000907	0.27582111893310984	-0.22890737263302657	0.6563982804341769	1.2929889648440884	-1.0690303832612598	-0.21956929576648937	0.4221424634421517	-0.6579861332408014	0.1514652499863956	-0.7461923210140137	-0.1715244937684967	0.1479411634527902	-0.014179047258468407	-0.3427316293916498	0.6464576066827383	0.016254137962499887	0.12277613705615104	-0.9166327632483801	-0.08839260349053914	0.5030084178303686	0.03182466558690376	0.6319250113972378	0.6535403482330797	0.524737682414363	0.14264095643160352	1.0541702950444558	-0.29385822421573266	-0.05572645076985762	-0.08983333055783517	0.30561809427628156	-0.1601022003251065	-0.14088286642138642	-0.23234568399142694	0.3993169556616994	-0.24686357023389813	0.32352238649079196	0.05201867152911926	0.37093199413504946	0.10557750322960606	0.18495156337102575	-0.35750509368942535	0.04905331105494136	0.46402711764616694	0.04046663110488805	0.1938332449674536	-0.07349835333419123	-0.02840785173355411
DTXSID3047633	2.955859971634259	4.511988216137086	-2.2030952287093704	-3.798355364638476	9.472911439838818	1.7372991372585194	0.470110017482113	-3.153090150190176	1.2702949386575206	-1.2002386722208573	-1.7311633583856911	1.822328631679527	-2.2840974566530665	-0.29106349321190794	0.40106333644450987	2.21722806418339	1.8642432647053697	2.5737579404467152	0.12100610154523657	0.43632927632116564	0.8694667516793353	0.5857755932647252	-1.2298264773830705	-0.8603125583970275	2.2303697785150063	-0.47134257373842864	-1.5012720253188487	1.8529471823351533	-0.6590775003413013	0.8154465387381867	0.009155751607463281	-0.9159349162412062	1.6671739858821937	-0.9592805672489038	0.1378225849864433	0.26323003748211027	-0.3159144955599332	-0.512631030415923	-0.13506957030443575	0.2734062086096093	-0.034193567715165754	-0.34902503864266193	-0.7614441271120889	0.5871296806977551	-0.8041362107749385	-1.0170705579295283	1.2079894312322703	-0.11451671555393712	-0.005069374771773023	-0.34539067374794075	0.32378454495419634	0.1469437979938715	-0.21098798867747123	-0.08857172952449198	0.25804673681634716	0.2645536999764723	-1.0438448715052433	0.631260417224562	0.15617663759955627	0.8918127051482927	1.272080397637568	0.5140483326181597	0.25906694009811015	-0.9755502727928295	0.26489469834462476	-1.1976499623875343	-0.8948490445211109	-0.07943883628934321	-0.9426869904605307	-0.17397249237462037	-0.19583620248887468	0.7972510305618963	-0.26673083465291086	-0.36852608559165617	-0.45766111763029255	0.26999471403339487	-0.17961376732841913	0.7882958277269785	-0.06825939228146768	0.1757559099855573	0.619833207127441	0.04366891868499403	-0.7295224500674686	0.38608308366827676	0.7284229902087832	0.47749697689626	-0.06582764904966887	-0.5815148135018168	0.2701590596244465	-0.5001286559502456	-0.03318244363039526	0.012345699829881372	-0.44699115481634594	0.0787292965863281	0.19084749745053373	-0.14232093413750982	0.4538404413684165	-0.09356606797582996	0.1194006789053873	-0.36528946225224823
DTXSID4040266	2.096341554760485	5.481493075262089	-1.7975929757611324	-0.22343066909033832	-2.0142403910589657	-1.8850652934210077	0.542621298685714	-0.25283791900939634	0.8814589984273069	0.8631394438063925	0.8877390518899267	1.9951781075198052	-0.552695087024491	1.9570916405117698	4.41063319687574	0.06473212792373584	-3.6811435804733104	-0.3338549784426949	-0.7736894275962961	-1.1991549189818436	0.8743322144958225	0.21953805378194116	-0.12056577286931539	-2.2581532826112025	-0.053487187574259555	-1.5073331919529	-0.6161029565439758	1.041496060571945	0.8490693560746209	-1.3000446462801505	-0.7695845952540351	0.08184528895749416	-1.1713118504727538	0.5222056406621858	-0.6345062308533596	0.09473708385585641	0.3342720914587889	-1.0939455760195245	1.0914484483297597	-0.46614373877449905	0.0034522315501265334	-0.7608683840491571	0.5385403475371222	-0.04837754205617255	0.7239154894201965	-2.472155345644568	-1.0325849562888825	-1.3713793534221255	0.005949952578502476	1.4463883569851912	0.9112410425798995	-0.860808911913838	-0.5470171280659892	0.7901932061733276	-1.784075757143387	0.5047436331817888	2.180622731077094	0.058931854403056476	-0.5192941565689239	1.1668911714446497	-1.7268184815890009	-0.7557956516357597	-0.12640909555561222	-1.4412424468161704	-0.9569271447799697	-0.25293579246341347	-0.03657601218963283	-1.0873041458215322	-0.6474591605588405	-1.5225078452172993	-0.3178777721859024	0.16660511636822026	0.8154504936474115	1.6240353237614653	-0.14610987263065014	0.8273116909703291	-0.3486138739779081	-0.6025714352124575	-0.4033118546048048	0.4903167252908275	-0.49599700620683823	0.08832759049043826	0.9533731423118311	1.8380863310806976	-0.2168579871237674	-0.9692534983563579	-0.8256543344597111	-0.1314750260729201	-1.0344244430116845	0.9217794138169745	-0.5113781733480153	2.8873628906392805	-0.523196215195136	1.0233053300560901	0.2522656492888576	-1.6744080575262803	0.9029575996454529	0.09214359581088169	-0.8204310107216548	-0.7839495724620823
DTXSID8044593	-1.7411749459050319	-1.848561717576027	3.2551187521734737	-2.440107248724445	-0.04315889831362347	-0.4947790167273691	0.407999580614594	0.7952797260053793	-0.39875939870646426	-0.6745720785519175	-1.5881409933936328	-0.41740471118600525	3.8111033187403307	-1.7562725659127265	0.015671413538240107	0.45203806955605513	-0.6748899117131597	-0.3670535230974351	0.003939100561735003	1.115445675175242	0.5104470055105366	-0.14393248561834648	-0.9095924118774306	-2.505505476296086	2.5914322891819723	1.7905745656650516	3.1538829432992723	-0.0236877562911083	-0.8859394264255136	0.5182808893636388	-0.5029854043270704	0.2851432533609177	-0.8947039398250399	-1.134380491594166	-0.6362580419732177	0.7369227521832662	-0.21037733042353599	1.134528699032891	0.31033081616985747	0.019925647106725182	1.1472608339268866	0.9486672567175952	-2.039376370763288	2.859930540606779	-0.18193111066236753	1.4270606300172128	-0.33045571930470663	3.1972441045055295	2.137821880124375	0.7370928603957646	1.0488776695115405	1.0337393072148466	-1.4925340996976715	-1.2606079256163438	-0.07147229641745569	1.9992795355134423	0.8220021811986207	0.015759763754566513	-0.23896167584189176	0.6187015201967859	-1.0506089423710656	1.1978790492863327	0.047679470470356304	1.2422264418379232	-0.11146665032114418	-0.6626459006243238	-0.7274001781771445	-0.2700985445018669	0.16325342574888926	0.23708264981292518	0.9038002497175639	0.4048594476646775	0.24651874002789267	1.755726610479861	-1.1867292305623183	-0.4303745997250786	-0.41681486227791537	-0.6334515781593374	0.9773368398617133	0.33479504858325265	-1.4012184970614547	-1.1554144753956463	0.5331572317160655	-1.1527352074541761	0.6182216945338388	0.11170863708002099	-0.8535400878535465	0.06049601779611429	-0.12727780878434278	-0.6372853117166155	0.2510010222202993	0.5226592025331162	0.3765462707552624	1.2804079276939906	-0.7830689312937685	0.499853115045504	-0.8658815292990288	0.4375626549877185	0.30912520729530757	1.5575288149034459
DTXSID8021519	-3.9552158155823522	2.241731933164422	-3.9485462777619627	1.0517469279577754	3.5339750036481106	-0.25656355903224337	0.8512187887286558	0.43776145664979343	0.6342657803568303	0.11431221065482612	0.8594079362145737	1.8507421316593042	0.21191974406638214	0.40798242366437093	-0.5644868194367165	0.34154776532432185	1.1649543843976904	-0.750039626321833	-0.2829721980587046	-0.9235172993569711	-0.8432286518262683	1.3983376239765322	1.131962039844544	0.2887428487254656	0.02834512335120149	0.7052438903233426	-0.27738215404816796	-0.4338226206688985	-0.7640597519482459	0.39762497330850627	1.5274186209735396	-0.3291827429517503	0.44521217142776714	1.1479120538685719	0.2597846834221135	-0.16728166714976825	0.25216592232327445	1.1214597256422536	-0.5320794225110417	-0.9848891418510883	0.643614659865496	-0.5100930387672428	-0.25408904235129537	-0.7974700995817371	1.046075752983804	0.2260894853105957	-1.3652600455546366	0.6915615695718003	0.7366708160320438	-0.6344364803744099	-0.7732348126355126	-1.5098416375061263	-0.5367055715209372	-1.3177593266337861	-0.9778848558719463	-0.03922821654562435	-0.023191613312644476	-0.06548855909273354	1.005694369307454	0.25251081217184224	0.23661872037177925	-0.2951127381168564	0.46502272313761867	-0.8615119769104507	0.9682324336836944	0.42280873172840083	1.2903692829413087	0.006671027184087168	0.19987972679300559	0.4444124350411616	-0.5389441208624415	-0.6806762694799572	-0.0899857586918619	0.009034218425526857	0.49888224026655065	0.7467246392833871	0.17064513271529494	-0.4726467002750916	0.21576130721085332	-0.5478981416746694	-0.947222043354099	-0.5564282656863367	0.350294362395025	-0.044154600117209716	-0.18112284193687542	-0.6061750262159715	-0.4030529005151178	0.3889802128546926	-0.18524064151902175	-0.0007972322971185465	-0.3121949080933901	0.7684604580089804	0.16410562947277346	-0.1187208029455653	-0.21036914967585002	0.21148420748156246	-0.8063727955346662	-0.6920258425077683	0.16582870081938053	1.0920190359405644
DTXSID0027301	-6.423030563171345	4.094465627715549	-0.8744722494735112	2.2177680420473016	0.5931039888162312	1.0274541711129344	-1.1490424165220408	2.712317241730108	-0.6246500066459194	0.034364317691843255	-0.6201689304528295	1.5493163401870231	-0.550395137688983	1.2859075072932784	-0.8393978601738197	1.6103051574333047	-0.7327350636545853	0.03260355934661776	0.3726535640721348	1.14336574533173	-0.6988256892696874	0.12096294629264556	-0.21614536757277103	-0.15514364415749496	0.11124016412942118	-1.6303864893635853	-0.4723693381635078	-1.1639542565323215	-0.7410814665155749	-0.7881330910412137	-0.32331168718496406	0.597618971289675	-0.9368164221694085	-0.052480903291118854	0.34911980143118954	0.5682983508299349	0.28320252249974937	-0.059024544432260746	0.7849343654166255	0.5085776303343745	-0.5617341268098801	-0.055991954472880835	0.04632759719031604	0.0471770898776893	-0.28431607579845447	-1.179231540291558	-1.0728001297443135	1.2850090961530032	-0.20867086625517095	0.011165118267152847	0.34859379114418065	0.7727472393397302	0.3661489871080104	0.22186347088193253	0.08554319802634695	0.6898736078921697	-0.033059024462176935	-0.25584689009514155	-0.7985422089824685	-0.9000742873375419	-1.0104698248495636	-0.6714708040075168	-1.2674639230423668	0.6562849114572159	0.37744807207662456	0.024136299360563315	1.128800652166283	0.501236012460265	-0.7494280982762369	1.4057489425473522	0.04733746472441863	-1.430256844963454	0.14156747561705554	-0.35941179504361503	-0.6960098082639331	-0.031006043693810145	-0.5715872260245279	-0.5343577982845626	0.1331955931896832	0.23937216583001059	0.5840921496244826	-0.2786218182440996	0.40131334043391953	-0.46342434603131305	1.0074946439587749	-1.1124526978693616	0.0393996170925556	1.1528852506265783	-0.1942034926914372	-0.18833069598024108	0.2517637943405482	0.2327384248796572	-0.4282363519818329	-0.02171956006065333	-0.5450519841738624	0.47730725524773476	-0.4958787373070556	0.4970674797996551	-1.0979569574639294	0.28230835607961546
DTXSID8020628	-1.9567644618653035	-2.339293594425102	-3.737477435023376	1.1898579106908445	-3.054905705523663	3.758643227365437	-0.8175982519565328	-1.8090022514898008	-1.6174335739647525	-2.679356698609918	-1.8474311948525992	2.230872617299756	-0.450601631988059	-2.3526466546979035	1.8107736153816179	-1.896018208345211	1.0073114545091335	-2.4410188473535963	1.2853040737624168	0.08411600787767289	0.35645794343092513	0.06559405292050162	-1.0221355246233688	1.1068458148761118	-0.680475831797948	0.9243318483974492	0.7253154699648965	1.275060224539041	-0.9768114380750231	0.504604249220361	-0.7301807273893921	0.26115058788085105	-0.07814729488132463	1.2880196644662445	-0.2790682346394859	0.16713495592458136	-0.6143485831929328	-0.023320901258468394	0.570703686661504	0.4873914878774998	0.1391636651507302	-0.38138917766464747	-0.8139442041031597	-0.2131379298152836	0.3891428712898208	-0.29569400331394147	-0.6556494740451531	0.25164742868828444	-1.2285905661699519	1.1358879549059655	0.41825060809863973	0.07042861512738462	-0.2930853930774985	-0.3961805489581812	0.2031742034378907	0.03287743268497222	-0.7589883322756772	-0.22291089766814007	0.4896187052941034	-0.5816533868971578	-1.0144080173240737	0.5277433998541486	2.268465272966915	-0.4547117556094961	-0.22735850426603268	0.29183928266112025	0.9565654723015691	0.620826716515365	-0.2629806548428789	0.07486341845605621	-0.07364982175356159	-0.24992364987330445	0.23136754019778222	-1.1268121433295202	-0.8999010020506832	0.10317636820719178	0.21215437510575183	-0.0035196537699745322	-0.0216392577891738	-0.25142720182296546	-0.9092252003791741	-0.3778560102037734	0.5963277866614916	-0.8396456274732128	0.6434981334089613	0.3106395196434434	0.5558977914647494	-0.7779941696942011	0.08372235850373419	0.2991159037707976	0.1550073952570097	0.32820918483001293	0.36448737556498145	-0.017923461255027598	-0.00959936185360368	-0.047784779161461045	0.038903602998941744	0.26748513327397344	-0.019869283428639365	-0.15127411864929993
DTXSID7022411	7.372637725591322	1.137978655220466	6.558576466255891	-2.3099422664482683	6.896664605908833	-0.20775410365155086	0.4341467468124054	-1.281583104757222	-1.7150736382245964	-0.8132529981998404	-0.6609827938011362	-0.09400542333447988	-3.79939239744629	-1.750695951620904	0.6009954127256645	-0.8155183996852808	-1.7857426776559149	2.21817869840473	-3.375739356048019	0.030371536876922272	-1.5204420828507352	-1.766426940998223	-1.2318142247771517	0.8671716786111849	-2.7965454971747286	1.4508933790007899	2.8445699065446863	-1.4366689684812177	0.8922225482063336	-0.222636222655517	-0.6987307886824708	-0.14572845025101114	0.050780815336632194	-0.49805761375279145	2.040663120826002	-1.05608884422525	-0.8534586334814731	-1.8894433536420816	0.2234756536653283	-0.4089978333567855	-0.4482051186510876	-1.344283086619117	1.6250266420326602	0.2642917057285807	0.8410116191875509	-0.34874388366782066	1.1306305983451392	0.7048964460881237	0.6766313440150751	-0.19782666120203557	-0.23175896900098392	-0.20594953452594644	-0.04290941519268653	-2.0769448480475257	0.7089413728755533	-0.4260336296195678	-0.35922370240913837	-2.1589970360673263	-1.3009277442322262	-1.0582149652534674	-1.6146000676853325	0.910489514887954	-0.6071944355723127	0.20235870023517935	-1.0881162967128228	-0.15194259041441321	-0.7798681251264418	0.2319068522129733	0.3064732126828997	-0.2575311686773187	0.8024086612112133	-1.6988834054944404	1.0281307351909732	2.414442410120453	0.25096285772555466	-0.9902990958567819	-0.4373499156865585	1.1493682099057843	-1.2799654933904667	-0.2981738692660115	-0.6011399527936634	0.20743604819429212	0.4051288060316822	-0.5701514772556513	0.7353011511481597	0.6726670616800147	-0.2341823043796006	-0.2627118848996925	-0.007310840078085737	0.10454007479041393	-0.5517358385141078	-0.0318980257982593	0.3169922578873736	-0.9947164858325468	0.3523207096015908	-0.4859062533059926	1.1973019596559855	0.7303704591353786	0.7738932924111547	-0.40924172988289087
DTXSID4024515	33.61055379226851	-24.520841560392935	-133.16856320488452	-24.592853190563776	297.69311070990375	5.207081413266603	-63.99698376332017	45.3903994911846	-54.627083052059895	-42.827745386791015	11.411078252376333	-8.282918368133041	37.552605165402035	-80.56867398423815	177.68738601494024	121.76496505090682	28.610244112656222	40.77130157167015	-5.170359268248878	80.6622753316599	-7.718857009352261	125.17857735757413	-111.08225704845655	59.488349654938844	55.147523347307924	-83.0636340469101	27.99558163014063	3.5118232413867014	19.5888800105897	126.35010961112461	125.5277493635283	-113.73204144967943	3.3756608906294283	45.30762357145806	-64.40258650015933	38.607406274297176	51.04349410305816	70.46167594788177	-88.79689884921945	-24.972676969031546	76.25207787536574	42.10258226310268	-88.0912982212296	47.47465207916461	-24.11033786591549	8.721140531506906	16.317729076403104	2.735565892265167	-72.59315561086267	90.77287660588277	-75.0373610442624	-15.754280776440517	91.91631834603845	15.166501484071665	-74.63443975890975	-108.6813691827757	108.19751174660085	14.369801622136832	98.23545392891964	-17.429567261452945	110.91929753831963	29.545934146938926	12.797954951079733	36.01930217037613	3.9083773816163054	50.530857938235634	21.13689529251469	17.556589652152613	76.37385364242246	-38.10968434802798	15.837444704379047	33.41908922077796	5.496299671662225	-4.764581743598152	34.37533546261344	15.662225970295507	-101.22674770770816	129.98118812167937	18.069670458318093	-71.83400396994831	21.304831000307846	102.84274504477459	59.94531462110209	124.81040449280434	-45.16938371806475	130.70206605733634	81.31407401741089	-31.78630529578266	-14.524586792176146	-51.98741028024674	-14.220819083004352	13.896447116583222	-7.009485706035754	40.75289137950266	70.88360393537926	17.262839982994123	42.1011250731385	-89.38874054658763	16.750721621598508	142.47763077921377
DTXSID7046835	1.6987506460661892	0.5528194210461419	3.8092755506248936	-4.2290846911442666	2.368949522249161	1.5588057004168014	0.1996134354037251	0.29417596532072754	-0.7118593625880449	0.4803788691614419	-2.1277514714582986	-0.23775012258671394	1.9683170632144242	-0.31362472734804203	0.6096318162193127	-1.5370585685007907	0.391139647246774	-0.7849346196667053	-1.154339732034811	0.08718723612701669	0.15367274868676598	-1.0613431790830148	-0.12456148882354529	0.3513779737407312	0.06076515384539951	0.580556324765459	0.7143601337645079	-0.6973107430155507	-0.010247671491953029	-0.05726334871204166	0.30421973483649056	0.20404613332489377	-0.5265513077889771	0.33481695763352565	0.3487518694932808	-0.7996300496468586	-0.20029158960513305	-1.0846478155761576	0.5534923564049438	-0.10303674791102599	-0.054932639161226676	-0.6428415055307445	-0.10057223851863419	0.8934321364681304	0.4814631743059266	-0.05585939127317135	1.0540315830781934	-0.046585923769809724	-0.9234957145727511	0.8582646552336656	0.5173242959957762	-0.07061542882556279	0.18323651521705667	-0.1360148376398434	0.9273880109543072	0.6807414698664224	-0.9651380914169663	-0.2561827408078129	1.2115688566018212	-0.24074132589351602	-0.849605112618576	1.387970038688107	0.06522751685725509	0.4845653332678554	-0.23856488628010844	-0.370988280070169	0.27192236263804925	-0.9230429315911176	0.024884549596855272	-0.9383542325226153	-0.1824813685062122	-0.9312675635627831	0.2357759587444032	1.2258739725301155	0.18622834327368123	-0.25852341756944475	0.06162725568083638	0.21711706107023107	-1.1827824133892406	0.2516870509173098	-0.42475145282281496	-0.4463118764806541	1.0416912057578671	-0.6677978733146295	-0.31136355363455626	-0.14050959350673609	0.0058072086652859655	0.821767232568328	0.16927640116283255	-0.018650623053671628	-0.5747773453507508	-0.3756123233596127	0.413135978889489	0.6475244992175162	-0.4805630238558119	-0.8795578473669606	-0.6148234761468312	0.5082029279634755	0.7759979425610088	0.30617988520143746
DTXSID4020327	5.870496284336485	-6.265333167696233	-25.692806597500656	3.0152505551922024	56.419876449330495	0.735492843879347	-12.456654472126358	5.695652054648671	-10.68633021496152	-14.676685105343235	-1.5175778008073035	-7.337730132850956	8.278177797549116	-0.9078581803639776	28.28336502300998	17.80776790177027	1.0887060985452097	5.7498029690744135	4.421574225795929	15.93427558736385	0.10364027772771983	19.35920427658675	-17.189212113971827	6.714470209510692	8.144773102760146	-14.5163900505924	5.28145752345657	2.344894924753421	2.7644017575989417	17.28672747178226	24.707457514140845	-19.316969977145032	-2.6070111018371596	8.750796803858075	-11.092373834176689	8.289188631379576	7.119146438594294	14.758830258617687	-16.170770917582235	-3.8905699774141027	14.039794919481928	9.936023100902245	-15.651464560900342	5.947927077400818	-2.4131232398162212	1.1609205262111972	1.8616174705387891	-1.5620476735983917	-12.603384114809623	15.969980427273635	-13.679515310236365	-2.4375016799351257	13.786181450994976	0.5980636412794893	-12.598666487747144	-16.922542394285713	18.94979448359546	2.2803655177432	13.83806537826542	-3.191421270962622	18.739499531293223	3.684447002547288	1.9072734703134981	5.978128104485287	1.1334046839534386	9.261552043295604	3.150867295207804	3.1974740490040023	13.509717274835355	-6.055346887951191	1.9331623121328243	4.159540053446582	2.2240714392243426	-1.0075281892869976	5.177894857214787	2.822565792193343	-14.804516633578906	20.74246135715907	4.021573206907696	-11.83268905575045	2.6478939236183314	18.500805306647887	10.974260727142488	17.744365181979816	-5.942163168274951	21.62247972862247	13.403112372039649	-6.098669928484935	-3.850233443704558	-7.070370370482898	-2.3435173650095193	2.6641057497658647	-0.008983900812418233	6.003728988547592	10.632926120533146	3.899564142873018	7.795646167709954	-14.756711941040335	5.69287273727015	22.14387049785237
DTXSID4047090	-5.502887189501117	0.4787451109735212	0.6316279304251404	-0.982299012303343	-2.292151799823443	-0.6555348628608952	2.451790538924953	0.8799594541446002	1.1495870028239434	-1.0908200926358642	-0.7506253116881055	0.0027345019987152874	2.549182217694722	-0.6823523616176622	-0.45945920134977414	-0.2907350388536454	-0.29491275961280833	0.6727153343027463	0.8627291496911715	0.22174066633321546	-0.06942858236170256	-0.20162824858110487	-0.1414732145384971	-1.058323115162137	0.22890882022637743	0.1594108477376927	0.15485785359756638	-0.35505681047925125	-0.13169209128749607	-1.291280403650448	0.14713828577295315	0.3894640665636217	-0.3773233103100346	-0.10830097195775415	-0.8876937087800205	0.60406233618957	0.4356081161237251	0.9473578909762113	-1.4827573687876354	-0.2014264097878516	-0.2744250434267711	0.3040723969912026	-0.3507259583672336	0.04717051408529972	0.04284142567322363	0.6921727815747876	-0.062208877459059425	0.3674305365175404	-0.3987843841143021	0.24641918834966037	-0.302164716240856	0.12342000638190345	0.6858640352042197	-0.43540539731363603	0.1586980198669553	0.2966024471905581	-0.10411952085941895	-0.43216851675598866	1.0366248754365934	0.6731337983760111	0.19536386477193834	-1.0563125312665143	-0.13112607654846303	-0.32627606847522644	-0.19239883946298764	-1.2551079672435523	-0.0483518361974952	0.31012347407585544	-0.045965334873100366	0.35335888119141906	-0.20876507095387864	0.06779466304087597	-1.0203534222976094	-0.046747093805906886	-0.32822092881635395	0.413296609683462	0.014014827741453954	-0.37303153032811043	0.4442391244708881	0.26773747994030467	0.33217264331932095	-0.04575533639326097	-0.2959072217102221	0.5257581342981424	0.47796644113487774	0.45039755128752584	0.9500284648979607	-0.5124118545800853	1.170185430354183	-0.6396169158443976	-0.09601336789827804	0.3775991555279715	-0.521874521707097	-0.39242423954705347	-0.18578706068065687	-0.30125926985045576	0.06588819422799314	-0.5271805413045902	-0.0823964876405295	0.04925307065581883
DTXSID6044858	-5.247583095062938	-1.200934940380899	0.16379155026557687	-1.2434241291345625	-3.460453075864478	-3.9056189306231848	2.9040637316023266	3.173628432603917	-0.1946397947970164	-4.545204460131855	-1.913912194127321	0.9881712111239969	2.2753081716870227	-1.1926133087610788	2.6467372139462984	-0.21698831044053327	0.9722746116009897	4.020395831193728	2.6614204822230367	0.7865904242187716	-6.450012280565406	-6.541741998446444	6.256292606455109	2.908354238397945	5.560913150131062	-0.9805570675741597	-1.3944120926139651	0.1959308913545362	-0.026050021897259346	0.2942084419246983	0.10426306699097143	0.3681377197699749	0.3274681924741523	0.754421095619836	-0.618998610670711	-0.3526738317528012	-0.7617260263625092	1.0631133691391135	0.5505472177117489	-0.964047150207995	0.5472256370339211	0.5348891547898648	-0.27793956407700654	-1.5103066828791858	-0.5347061318300919	-0.32718400260337777	-0.585002923490124	1.7959579610537872	-0.1655552001976968	-0.04055198479268267	1.1158599386921115	0.6221733309793879	-0.8394550533856919	-0.3299870803426576	0.5845738821572449	-0.7555582220738354	1.1646813327978809	-0.20947582175683913	0.20657634988318652	-0.6081102200512002	1.2034417892394351	0.05881676777319683	0.1388018140354975	0.5903389211945532	-1.1081589448192741	-0.012960381254833918	0.16205699364603346	-0.059319956787926065	-0.29742094742140446	-0.3014427782400896	-0.6989745213609241	0.03762220505396983	-0.6828621176154019	0.5303985342333616	1.098053152394343	0.6974126741744746	-0.34445832955437217	-0.12794584360954198	-0.5310877878742185	-0.43319180897395565	-0.6033577733131824	0.2851476314355663	-0.9750331894030382	-0.17540865675627118	-0.11267531890433014	0.49105998194516437	-0.1836214804360262	0.33610483449641654	0.6826884360792752	1.006709277041404	0.8131972206163463	-0.04807547441859765	-0.146470629626997	-0.13073239808218035	0.7790413026363339	-0.12484565343765089	0.25904011584011966	-0.7298811732587066	0.6990282865507738	-0.5971129725675398
DTXSID0057700	-3.7520531297396382	2.575564172499409	0.80726475859271	3.244601950791551	-1.8424603834522686	-0.7259572570732747	0.6229425011307138	-1.3910907062257258	-0.2589845289718517	-0.005142900583617644	0.9631991542350035	-0.5370607030670669	1.3027912054509976	0.22318594529934765	-0.479959258802251	-0.05721712145087329	0.37037288979527977	0.5975610774294475	-0.34471645003907103	-0.6195495360561187	-0.42461005732667595	0.19934762900781067	-0.6403813564863965	0.03213174335186738	1.130375124650365	0.4330452012156127	1.2012349844460823	1.201275742546824	-0.03803036598495699	0.3492013016318467	-0.30795640637995353	0.29939525617309076	0.3636782460289617	0.997204561234263	0.07165911818590333	-0.40346126740810184	0.18675378844440188	0.3083110790101307	-0.4632722232033721	1.671151915771512	-0.026100494824023115	0.33800213139243623	-0.07555504002253106	-0.3150468734296592	-0.010153408312854542	-0.12424195137172038	0.27688769682606507	-0.3422625453143732	-1.3948399300380925	-1.7088937540238185	-0.5435940290352106	0.20294532463520806	0.8228908929165948	-0.1512547913397768	-0.6706584744745046	0.640294543543632	0.634413576060568	-0.45110158766044905	-0.18165458347812943	0.3173242499318989	0.022911708924636724	1.1121818764592528	0.5862982887201941	0.3087993073824566	-0.32197092492318047	-0.2522987134256436	-0.5135251421745987	0.0016301819312054362	0.32617636960280416	-0.18602104346139048	0.2613649186855029	-0.6619663584680144	0.11352311886213046	-0.10992114767898874	0.31948121423975717	-0.03167898956353398	0.18028938593263658	-0.14331330548429874	0.2713155361101025	-0.09131721877043304	0.503627003531352	0.12442858552057082	0.3219988882199521	-0.39219820655483495	0.7242513944616855	-0.14837231345506027	-0.14457212928040597	0.27824445069452314	0.4801881261230984	-0.02923062314739216	0.4057081926876009	0.3225987833019148	0.05841299549073029	0.0036076000836747697	0.16284968350837267	-0.4132050833965527	-0.02015157941464322	0.0704734441319145	0.35003232860371974	0.2463467022753333
DTXSID2048901	-3.3671504760806585	2.618491546256317	1.5695264692895572	-1.0997990896530345	0.6304429221655201	0.838665297661854	-1.32662571391692	0.8920057843372748	-1.0135993240583843	0.39972453889218945	-1.411621896136319	0.43917121945643695	0.05953124327076004	0.494537246918486	-0.20899919119416607	0.2779972825076208	-0.031531502053534485	0.08420392003909463	0.2224839046931978	0.7189137329616659	-0.0926564252138024	-0.035518736128165466	-0.4530392682190725	-0.05067966840787556	0.6218412146011151	-0.1209353696207444	-0.36775784877216633	-0.7867106158024157	-0.0638180099432287	-0.1294645034772937	0.3563915253533008	0.051318407677803234	-0.43295253093819586	-0.1018166516205167	-0.01555728114050343	-0.3340176924572021	0.29360178585295804	-0.10580703476132476	0.32049456326995196	0.18822852873233897	-0.10706703844672186	-0.12499713560365269	-0.27837257905478857	0.755502918618035	-0.20948396401991515	-0.8826530303146608	0.5392916572707078	-0.12977693563177436	-0.6912262264782219	0.5091309753842569	-0.0489443528257	-0.41628044977519835	-0.3269004210768555	0.5223225340883939	0.5294764475214214	0.6774527764106546	-0.7343130555733121	-0.5324190895493001	-0.3879876066348229	-0.31120360514539414	-0.6793655965995232	0.820930675407773	-0.6043464746649664	0.3547572823270138	-0.8744665631086066	-0.18943677327121358	0.2949623079945165	-0.5609606754529335	-0.21764752311060664	-0.17968445605400407	0.37804606751337716	-0.12467309844124665	-0.13474177278565344	1.3587537225347641	-0.3825026765410633	0.7522550932464498	-0.19558933984757132	-0.4751194504101822	-0.08716750542339807	0.2494035165182423	0.20976609037447996	-0.8684506001452134	1.0005077520466636	-0.7646544102095401	0.3274406485204413	-0.43295371353267387	0.044359605097717136	1.005246450567759	0.12803936272943905	0.3045002157522617	-0.08049840507229097	-0.10768320788108575	-0.044220981567430255	-0.03593705633409972	0.075996287506355	0.052746906162581174	-0.8482046422920086	0.5697242296250816	-0.18661759872523007	-0.037721550322228854
DTXSID1021667	-6.9964800714815025	1.281396695659539	-4.241400815689612	-0.7519135738479297	0.11126265324083555	-0.7604337233113879	-2.0108216433028567	-2.3575457549417793	-2.4325297267757513	1.397572682549057	-1.5280075420977786	0.5059860764471683	1.4949566205341083	0.9800775628853243	0.5835246863464962	-1.0163262729465894	-0.6276172747470535	0.780924254223865	-0.3207311240021623	0.9964310214984694	-0.5150981122623128	-0.7790502474028931	-1.8857465474514417	-0.557488403261023	0.627544533772456	0.7424350362462259	0.6645461933170214	0.09995367147043205	-1.0130983574136356	2.4290925975604525	2.49192098169042	2.5213503120258127	1.409298118085092	-2.3893076643546975	0.4766568790487681	-2.305432868670464	0.6303036153916161	-3.493513088437884	-3.6587444595328433	-1.782232349244651	-2.4706488496135472	4.031830886350426	2.6724440196163437	-3.2673515435235077	-1.9860603602960043	3.1238816861573255	-3.2735446758300477	-1.7124514512387452	2.1012271931089272	1.5210002646167593	-0.7113015263326571	1.8198539425486537	0.6595426210006577	2.6352828772494368	0.2882501153782465	1.4421940907967736	1.3960562338833296	-1.6365453278459228	0.201419975178695	-2.1622417874911	-2.8889591698609984	0.27711672550565725	0.2289213260687534	1.6885310614394227	0.912996533619768	0.08075964874237389	-0.8710276027836843	0.15501637307752808	1.0022932383389227	-1.5290515181061204	-1.0846754115975656	-0.5133375083483134	0.19563299539427054	-0.2611673307621394	-2.2265943759139977	-0.33855964621511514	-1.6693722955588102	-0.5764352431366682	0.18480030216664395	-0.5315971216602812	-1.2325420522330208	-1.2667958853840955	0.40528322738424677	-0.22032529540520684	-1.0030808612434619	-0.41318117669139903	-0.5929562621944933	0.40150306775079725	0.5424399163225301	0.4951191374587731	0.02087896877994841	-0.6113008109109812	-1.381480494490523	-0.6285810585904992	0.6633750354523946	0.20366668819695408	-0.34099483121832763	0.14000422236145	0.38115968708375264	-0.2054697052590619
DTXSID0025363	-8.252877481780752	1.6935228139809297	-3.201923489513576	5.3579099997772515	0.8239432245693628	-1.4370122549353304	0.1260294651276137	-0.5948389573658787	-0.681232862814034	-3.2395013425080763	-1.9910513082071986	-0.9208842615325594	2.2604401156917118	4.446907403788942	-0.8106855998677894	-1.1817766548109176	-0.8005888976081947	-1.0373952467360812	2.945056030544455	0.2488255185762608	-0.019229763137060558	1.0745417064620517	1.0992359736541732	-0.44691198935071397	-0.9801763909869631	0.1459482222003933	-1.2305573591102923	-0.666298834342538	-0.323997009530166	-0.7382212388250045	1.137308028694433	-0.18122175372825314	-0.6897201591437148	0.07531935114143239	-0.2992093955114883	0.7413093947712986	-0.2771131803490699	1.3579304529381588	-0.25657518513768257	-0.6757105655683319	0.7243444609491684	0.39166955354378624	-0.4458610412729308	-0.8686438803927363	0.596648936132531	0.028028966180445467	-1.1234373660064567	-0.023632675625934588	0.46421805300674696	-0.22766097666542753	-0.9137794005730876	-0.29169319239643277	-0.4572830864188563	-0.6438441119347037	-0.7600728952690767	-0.28426602687486263	8.987606839139544e-05	-0.15980266490550926	-0.9012842594363983	0.9740486027520631	0.10838696934575086	-0.9923954412842874	0.4967101028073296	0.1297625283739785	0.4387302011017126	0.3025312741044759	-0.27912184600896617	-0.04085307184159764	1.279317264076449	0.7192219522014185	-0.2754133590376637	-0.8318732469827552	0.7798414637573226	-0.2630738944275026	-0.1613299174590814	0.31435637031742353	0.344252898186113	-0.2621719571297362	-0.5681750937222027	-0.5094133287327319	-0.5489269696620429	0.17873879125038772	0.40874229952596747	-0.051003368719264794	-0.5802959419059908	-0.5811179472256063	-0.42725782308849125	0.14660090378804827	-0.16189071880623987	0.49743343226246567	0.33456885368146183	0.4967650887786605	0.7507973657238568	0.28265141113229725	0.28134900091091697	0.7790262801061631	-0.03156996353093109	0.5080923982311597	0.17816402953616442	0.37763800383556834
DTXSID2048589	2.629839817781316	-0.9076606006666739	4.9221304034622415	-5.050863129712869	2.8861129741315823	1.399981396647884	0.04406062774548612	-0.7434056697160422	-0.27660909472786105	0.41880005864271874	-2.6870582015443216	-0.7840488190757098	2.586285392894691	-0.8447150104123865	0.7776203536728078	-1.6601728701249407	-0.5545666509210783	0.11893117991155466	-1.7016180264275629	0.5501436756892653	-0.20167087862199468	-0.9075064923328802	-0.418203956601678	0.0767670415279736	-0.035843275225321915	0.6113543574411122	0.8199437272065139	-0.8452155950702844	0.15895704570123326	0.2958674013614619	0.5460363545848578	-0.28510929737446516	0.06854405257971816	-0.2425852956586106	0.1966853252892918	-0.44134110007270927	0.26496131483508983	-0.869920246328642	0.6956225514677565	0.06182693607361816	-0.34910442049487694	-1.0295280691659503	-0.016510536220156635	0.7133025975556849	0.12357291488559824	-0.2915093162456563	1.0926100330306394	-0.05932545597299038	-0.19147239201482652	0.41790264025264573	0.19563292661167264	0.035188633414172256	0.21480369620120981	-0.4784870832967874	0.2616150064351211	0.3395111265629036	-1.238451007347555	-1.1015193809701371	0.8465794205918712	-0.5955036054752388	-0.969740006784811	1.515451412214742	0.1906920425558372	0.6167181625188966	-0.5893269150831439	-0.9273296136738023	0.19930738308917983	-0.7661854329737181	0.36196586196624786	-0.894296726409739	0.04659611862415609	-0.6558625372248319	0.4578551421314764	2.202797565933919	0.10760081309887846	0.31175194982545024	0.24963489595298888	0.7435935037764245	-1.3233804170631278	0.01682256199312312	-0.13823668641854206	-0.9679262082329866	0.5159733096265194	-0.5182095781750301	0.1744152944455659	0.4521721378991365	0.05985551584017615	0.2281419099803905	0.2940880290868349	-0.2193428754546569	0.007743058997880246	0.061126061338820384	0.3646527884629069	0.03413079856082796	-0.07267680049308316	-0.6687481522057998	-0.20160566481829625	0.5215685482431129	0.5657712206996887	0.1985231687247708
DTXSID7045493	11.216049559660974	-5.181922964581392	-3.871254978068942	1.564996474293377	-1.7958395508294092	2.051612825173709	9.023265828653866	8.24699635756958	0.07268593993616682	4.7519716586694605	2.7483994066385447	3.563222960174608	-0.5323585864203277	1.3013685344717767	-0.5724740013511502	0.948662890490826	0.7219894121159539	-2.207323621005749	3.387163847305737	0.9490436895585821	0.29588432995795977	-1.3413250597566673	1.0118213770092368	-1.9924787352259041	1.2121546482883434	0.25262036766759294	0.8143693281921692	0.45480407948125906	-0.389849258227713	0.5980177693833731	1.9542770199289186	-0.5296070660864667	-0.6282574017949425	1.1318131876417377	-0.014862916105434209	1.5298544376309107	0.06741013580626595	-0.4962156681346773	-0.976259638178757	0.08475649818079696	-0.85212708904247	0.5810088055168733	1.056922130106292	-0.4464482928265952	-0.7839164304944802	0.24042300185752974	0.1773723349661132	-1.045974707056407	-1.2451832609502982	-1.7901469658840148	0.06239505280063312	-0.7396985960654535	-0.6154450331505412	-1.3587486258159918	0.5762332336599783	0.3722960742026706	0.7298514124448583	-0.3721395599303214	1.206134110313007	-0.9434446105420639	-0.021938897484519753	-1.337372799196127	-0.0028868441111092285	0.46499669345203093	0.041453854990147115	-1.8439063782392109	-0.3296848060180386	-0.7471378993134309	-2.4861400573073427	-0.36532970378972235	-1.2648839797241784	-0.6880011660652543	-0.06425442735545066	-1.3046054606481412	-1.728455647127209	-0.7034580147435815	-1.8505183115861739	3.488468470797937	1.4133168637413185	-1.513933268088252	1.5568144922836176	-1.269653430137561	0.8741323660925786	-4.097645609819024	-2.783273967010152	1.0169411457426003	-1.1954282426981828	-0.6166657347813186	-0.9623088977962925	-0.7352367948724323	2.14655728206796	-1.3227210688080695	1.558941609703999	-0.802666117769741	1.1595788136167977	3.4618352066056475	-1.4422430779886943	-0.24316984888559987	1.1692229613409497	1.9435276146762546
DTXSID7025633	-5.624908051759509	-0.2650550281324852	-1.0612143361749031	3.5471432177778355	-2.295332712045512	1.8618274541010431	-0.1730050227926659	1.8096395277285455	5.21525548729872	1.5916896757243268	-2.85338185761294	-1.4521156981002177	-0.6344924280061168	0.6287037266190366	1.0483939865771785	0.22647607518890203	-0.26032038778152267	1.0079710168291256	0.09259405053188981	0.7703781681082568	-0.3471448173553802	0.8548362865843545	-0.09240233431416572	0.7690393033028177	-0.4318188519248393	0.4995999044832734	0.10021963189463443	0.408991757202594	0.3525335543849786	0.2068116619359506	-0.12605964230558844	-0.4917477225671592	-0.07976353770933957	0.478134844030329	-0.2549754112958459	0.36542791116953993	0.1042428343308611	-0.1039202860598172	-0.15989064011501397	-0.17095619840426066	-0.3796515377628793	-0.1834324435983849	0.0730427241610204	0.309339896713314	0.2221147561736757	0.6417861630562243	0.3029373514455737	0.3331607265070348	0.363403417444186	-0.3960975148628095	0.027613255748275597	0.7177821429213808	0.6618392971906796	-0.09786864057130308	-0.7155376195189568	0.27529029207959604	-0.38604184032541755	0.1033948031932197	0.6597406540579985	0.22160500090355342	0.1764856137712833	-0.42207347735431805	-0.5341975236505189	-0.0771254425744771	-0.5417178701830762	-0.543606211203468	-0.5955940533915721	0.4208522154817695	-0.0601391030625621	0.15427726420848478	-0.09570608146981942	-0.13195051153039683	-0.1430190590072791	0.07326598399132046	-0.4777949273721039	-0.042734657566339415	0.17665921765225392	0.5458235183620267	0.03373199041099299	0.1287279065373833	-0.027421319823778	-0.48480896187614303	-0.12182840666188945	0.3181885814061351	0.04634311857691495	-0.3933839690393863	0.11353643533788006	0.34094253379784945	0.03120982619058011	0.32068628985620246	0.42501807088985294	-0.17190759457495083	0.0004143729924727167	-0.43618255241321924	0.5687785597292876	-0.4394163557774846	0.05553719918079634	-0.9061537561403876	0.1190765148808187	-0.6385659844551794
DTXSID5049237	-0.18669650169925336	2.0875022389440274	-1.700452630827557	-3.4984365663856076	4.658243382045851	-1.0120486437459064	1.6896457613039115	0.7203921444355436	1.0527050155175395	-3.212347009833884	-2.3083704300007777	1.4061056254875308	1.0953995153291256	-2.6545181746020323	-0.5342331382907812	1.652701815857217	1.6097722309690339	1.0663456828044142	0.8475807362132516	2.209783803151823	0.2470122273055561	1.5266525361445011	-1.239745087695481	-0.8854974573467981	1.3204981818029558	-0.8370014926854861	-0.6131076211025861	-1.097872081275372	0.6685796221336902	0.3019648484731752	-0.9123938183640439	1.3910303393263874	0.2921017011678302	3.0711289374169817	1.9935072229229522	-1.3175772004106785	-5.1840332915773395	5.207623888583509	-0.04475250105917987	-3.396921831434468	-4.8834863282050724	5.067223411761279	5.501630594700325	10.124978424873909	-0.9914019906071855	-5.744909795910985	-0.4790173029471237	-3.535441295746508	1.3929010523478793	-1.2507177130823268	-1.1788027168916444	2.012968215001589	-0.7455209653040169	0.7402369169659484	-1.7276120589750823	0.2968095310986328	-1.9252301145811113	-0.7031106742406895	0.9097671097838829	1.5486321880464802	-0.6963590529559088	0.991511833729455	0.33370362476672555	-1.3045776098765671	0.8062752465783987	0.9426532495230976	-1.3822033939407343	1.2802430483356528	-1.0992818368356716	0.5675829077831993	-0.28675779676518987	0.23368848059237052	-2.022409893442886	-2.295492005034815	-0.06910556319160324	0.13161645451319848	0.47588740361101006	-0.6094860900679132	0.5378950450308102	0.8186214691781701	-0.6791019984643744	0.43227430943159545	0.4570471730494925	-0.27011195727162135	-0.5968897425403058	0.2098751739145189	-1.5617711518759085	-0.222670105819481	-1.179657939942733	-0.33151458862874406	-1.2015864772970217	-0.5643305108146818	0.46669145285106894	-1.2275470026335422	0.40335498871211095	1.1956231167232205	0.9323029739243289	0.8512546638217927	-0.5361414547014179	0.23469830155270058
DTXSID1032640	2.373064459698734	-4.34890336274046	4.682400441383445	-3.0051344115809746	0.062014676718002856	-1.0944782210777015	1.7739099554871178	0.8689496921752565	2.5135459761980057	-1.3384258534919462	3.533058130773885	0.05987071815856513	0.5978823125236251	-0.8956393621068658	0.2688475471162587	1.5642885570869858	0.6537781230498294	-0.7719431741438266	0.8295774924113558	-1.032254036578497	0.16409308649411708	-0.24874690149292725	-2.641243823763023	-1.0295285423871454	1.7454075974550896	0.17200532208614988	0.472033336684306	-1.351574262848448	-1.698658698470826	0.839845861583684	-0.7005632427930232	0.3881195840117577	-1.2161425725403239	-1.3240276081795004	0.26690532507769366	1.2650367121285877	0.3710891029549598	1.0924857979071854	-0.24119221165054977	0.07260077967320201	2.457070770679082	1.979691062200975	-2.187831923834288	1.473016388010293	-0.8604958674749785	1.248478947619339	-2.3073289968684976	2.489217916245946	1.1376771529415153	-0.011138350956529243	0.7763513978317571	0.6392768331846563	-3.534046129183388	-1.9491511443953304	-0.8795445015805927	1.5683256099688376	1.5732199796305049	0.6557152865024206	-2.806559312800889	0.965596637090283	0.21226349546236867	1.0165872023022184	-0.22024658575550476	-0.23664027259245166	1.6908873243674962	0.058948146927337984	-0.6054176229136173	-0.1593408134946317	1.1414434470541637	0.4393458542215816	0.2838350648236412	0.7742121501267414	0.35787198625375	-0.883716257605091	0.7523006119526254	-0.26237457903572936	-0.9917758683478769	-0.15290014804892052	-0.3461153248000006	-0.5089926227601058	-0.6957440407652712	0.12880729388421455	0.04830996006946598	-0.27179765889350005	-0.706681648232417	-0.04707177106297383	0.19367906679521688	0.2904490194962816	-0.550389945329996	-0.8985941130688981	-0.5744736403856452	0.26125300623887504	-0.15976131780613914	0.4965301371648707	0.36833131150618154	-0.0023287170892347647	-0.10813815996134843	0.06429876297834296	-0.2265945063041007	0.3233101241142514
DTXSID4041070	4.8149879683249805	-1.3123371535631374	-0.2645684799374147	4.276628845228517	1.9460481196380688	-0.6043217906545635	1.92189978225405	-2.129531572521864	0.9069255460161931	-2.828914122234487	2.502075051000191	-2.143597730109711	-1.3797403591912445	5.193611935729205	-0.15243764300513832	-0.6956265090947192	-0.21256249209769282	-0.5526818045785641	3.087220722143032	2.100106772961878	-1.2019937833382135	1.13279196194742	0.5803565069381706	-1.8725401613491164	1.086267236151367	-0.3231988316559481	-0.3574479848513856	0.05649659755341076	0.03305073638330086	-0.5713736904667907	-0.041584770122217715	-2.86823324576884	-1.648193403145474	-1.7487026466795035	1.2895758267300956	-2.1820945606587654	-0.6708947693187077	-0.2307479959726271	3.0685585779602738	1.9832886188716097	-3.537149494255726	1.812628043670418	-1.1552557091917324	0.857980456246959	1.3138493479954292	4.227982930743266	0.5888255611759321	-3.1696160958527364	-1.6281275829642574	0.37951915010525256	-0.5221356806126883	-2.2082865153536453	-1.863948462237747	-1.8140983503911745	0.2329797244618092	-1.5330113014566382	1.2261874766344716	-1.0754950520954465	-1.0205958826679895	0.3040120585563085	-0.07868369561382887	-1.926596503701137	1.477692445524391	-0.1823044359362106	0.2368218412291005	0.6232186953731828	-0.779762817955473	0.44154704157019214	-0.7424140898104024	1.5406585325789908	-0.639622642743407	-0.5939696870380212	-0.9200347701641041	-0.19011247781693344	-0.21805520625097835	0.7108447698783137	-0.6946998234060698	0.41430849415991383	-1.085680249112631	-1.5001598164121634	-0.8841179162587842	0.3126866424880941	0.7855585869851892	0.14949263641484217	0.564767282939467	-0.17115553827021993	-0.8447127209888795	0.7615276236065622	-0.006472827687912012	-0.29926587970404717	0.11917379196291597	0.29579457928302294	1.3283730738581752	0.6750586430938359	-0.13719853972145452	-1.0079871298228624	0.4843730975682114	-0.4746865900933565	0.0629155843542348	-0.3793435899758838
DTXSID8044464	0.22430522433985453	-0.8830863157392056	3.129744345209592	5.996100083073336	-0.513561511590999	-0.9952348542024277	0.08177509834128543	-3.011266137198608	-1.325536108910165	0.20890320025760914	0.0943142106663786	-0.6517732556500001	0.8893068081941666	-0.6544595222734403	-1.5328490564742194	1.326698547651918	1.1258598719219206	0.7206857798006315	-2.5993571119262544	0.3563834780035013	-0.43145212846671416	-1.2933133324601052	-0.2229289135382227	-1.2905647641766826	1.8316715588691208	0.269544169954715	1.3678522526250236	1.1075177053982146	0.3524671264697746	-0.8938619709526557	-0.4350150463806459	1.1672565772543488	-0.16571867235714904	0.8793492671124438	0.027173186034485874	-0.2512899979964643	-0.3376210632803953	-0.1564467202426415	-0.3063627874719898	1.5876778591791623	-0.16547315727571293	0.8113003170269509	0.42016850791695887	-0.5469823450625575	0.16135917948134856	-0.2782560302413993	0.8320505008436294	-0.0747843880052459	-1.182095085794022	-0.5349212904734956	-0.15693710825652749	0.7071708064162012	0.8572941443583627	0.30302234148805535	0.07959970614306289	0.4145755004286041	0.5878289948285748	0.6012184556583313	0.06266455935654633	0.12875204277361943	-0.08249816350807952	0.712945437611012	0.09229450185208103	0.09782304711303201	-0.05058110070662099	-0.42822464326196297	0.838142720982136	-0.48205783717184386	-0.2161036883734579	-0.1861884230397342	1.1839354729379161	0.3208453579293309	-0.335143420621719	0.012003150817923072	-1.2003354620599944	-0.9856923478889674	-0.9272237602732716	-1.0654494413239386	-1.8627626077147583	0.13311934661353744	-0.213617339103614	0.41097578937828816	-0.1190331344396907	-0.3172489123803536	-0.8677817728105615	0.22782854429171234	1.5062813169405065	-0.5176475415529315	-0.43207262017477566	0.5191026200638891	-0.8129999475719306	0.287255558493742	0.46796662078202633	-0.320835607003845	0.1732617745966812	0.6340191123834478	-0.6997029712756286	-0.29038078785174043	0.28658950386958704	-0.4535935135486855
DTXSID9049245	0.1255766819301077	-2.2516258873009125	9.841647178861537	-3.880995248740703	1.4523395904790197	1.69789260989336	-0.7373506623892834	-1.549087667358114	-1.6710065495581194	2.031491100128694	-4.500223275642987	-0.8989622245995695	5.071577524041276	-2.9203744381149033	-0.036819359795290246	-2.2056753552006465	-0.14771535180177542	-0.9423714554502455	-1.8218310147234795	2.3373339629943617	0.9796288757025517	-0.8581306534658915	2.196373382761464	-2.55198320433984	1.3276353940846801	-0.5561757504589188	-0.038832711351280524	0.5282483087012915	-0.30822635893595846	-0.43010583932996527	0.49936555039502484	-1.6594379069531235	0.9282049038516593	-0.5732344024173812	-0.9407294112372372	0.8794973450718105	1.1065007601331946	-1.105701863943612	1.061236548210433	-0.5953063103788223	-0.046996806979680616	-1.0552618650030983	-0.18730106910692895	-0.6680175456867165	-0.1875080214304706	-0.7644887707968548	-0.4179089452396435	-0.3194848484501593	1.0898830559420873	0.7834168148815902	-0.059306728751078584	0.9878244380937101	0.35447921363029516	-0.8442584117460824	0.032000713881511454	0.2039072040561781	0.23505163347541583	-0.8864259647186578	1.1188494861190112	-0.2148416283279814	0.032816853588912884	0.31512992258212164	0.3079322077935637	0.4931868051259071	-0.05781878863327258	-0.9404834410623899	0.2144506117296119	-0.008938991822238987	-0.020342946086311625	0.5557185874201133	-0.2596138106340835	-0.4675449509353753	0.4761414834519105	0.14889498057853554	-0.10464858494504607	-0.35263688050876985	0.056644363420368535	-0.12103827022932262	-0.1623892137557069	-0.39680422228313955	0.1773725748328546	0.31883916465735057	-0.5592712155113968	0.10997558156720467	0.21108080035418522	0.2256757870479858	-0.5066049358639486	-0.24243919381481285	-0.8390700047582528	-1.5814022847888551	-0.47065660031629974	0.21919911045192228	0.42475297127014333	-0.6090451287622215	-0.07040518891502326	-0.3633633509589409	-0.30070962613354185	0.29929574952000426	-0.018219610332383673	-0.31654069688946873
DTXSID7048168	4.371648893999763	-0.9432378285727012	0.740726503930507	-4.369441869594691	-4.109542659039656	-2.430500114584776	3.629095124785136	3.7866389512559127	0.19150904855679113	-3.7162848246208275	-2.5918517590571293	-0.2064674541648916	2.2344928552796963	-1.3145318212803427	2.148335889455096	-1.0845429098491415	-0.38617162951370626	6.193185153181994	2.333847446210854	1.4960529154312552	-6.37577324150884	-6.326637895238048	4.820469328869987	3.1363680029203973	7.171598475015003	-0.6854222745222855	-0.9746212217838733	-0.757316548125132	0.2680006855536433	-0.024649859426551925	-1.354012928308709	2.0512521750588104	-0.33053833776711194	3.866378826156744	0.8996698542132523	-3.132679627082346	-4.301561556622668	7.421506106412547	-0.8237821365626499	-2.9044780803411663	-4.711972452718019	5.80484551012913	5.099964621038648	8.796585365187626	-1.58104986654641	-4.76887357997049	-1.0885234847383882	-2.170634857734886	1.4530263098544929	0.45189580235787236	-1.5587855220022837	2.2502090211144514	-1.6421075347486027	-0.17749658423589249	-1.879050992323768	-0.508079174452372	-2.046664358576482	-1.6921795386572058	3.3541500272205718	1.3959023929889627	-0.11773736925344594	-0.07655663015562553	0.3676027199764912	-2.2834184004098335	0.2343107018483368	1.599135296566142	-0.7328913054821034	0.6772799516553859	-0.07852902636767671	0.4573414630106752	-0.8514722376157562	-0.4880329911512217	-2.4036334011936082	-1.0160874554893307	0.16015521716137104	0.5704007738807223	0.18005228030323583	-0.42016204220640946	1.1778875573472423	0.18647952936868442	0.2759298092783283	1.8827555444904507	-0.11029138521557748	-1.112185539023941	-0.9229741167288062	0.813368929549048	0.6295498720170742	-0.10889722226419578	0.34913092566121484	-0.9752948608558949	-0.6355932879086447	-0.0009032635575613598	1.2213964250418141	-1.402815187164483	-0.044922124628258	-0.8950234310622434	0.8234063457467712	-0.06614672752174108	-1.4362319370338836	-0.7395362792120902
DTXSID0021462	6.309782015346671	-0.10165668010468681	-6.226409480525737	-4.980643087401633	12.051687310242519	-0.9552325098243508	-2.3028260407430503	2.3401820929856583	-2.5728442417292627	1.7292431673690847	-0.14813184366272777	-1.6624587671269968	-0.4584185134103601	-1.5613827944524512	2.5879723166189836	0.8328611182740808	0.17939338860972479	1.929618516110722	-1.9734436635307664	1.886935334246934	-0.45408052408116073	1.4130838528148917	-1.8390329018035194	0.25592518272746334	0.03704631780991037	-0.6133790495109162	-0.2535066401663989	-0.12987187781816156	-0.8298038199172542	0.7852266233376836	0.9240235179940014	-1.237811573161821	0.13882317382896214	1.2259665267689663	-0.29697601341339425	-0.19926875970505456	-1.2748505483574997	0.3973349356427656	-1.209981838175973	1.2330167047417535	-0.25974824932253804	-0.5824718110766124	-0.6452378232421403	-0.08987618308460725	0.27114670358791026	0.8847045087711324	-0.6483132285337103	-0.27401929550193743	-0.5616693559679249	-1.6047543007295733	1.9418898544985423	0.09116008840946087	-0.24010871729157704	-0.22984207865298636	2.0302210296321315	-0.2289963335928073	-1.168383582606196	-0.11825122732441463	-0.47450519602412045	0.8049611555592192	-0.8475373437807773	-0.08528686580259914	-0.1149431342815361	-0.7239231712701396	-1.0752141913673527	0.1857787888422187	-0.42925324146491894	1.687706902212779	-0.9406477314722635	-1.2325826413861474	0.05903182083490871	-1.3319743390573795	1.042678974760835	0.5768116634103259	1.0439969696861993	-1.1169090939490107	1.5830897046307228	-0.004521182607783276	0.6085072166687387	-0.43942760150001103	0.5091907783703483	0.6461698720665642	-0.9066903317086132	-0.3962801197244832	-1.2562047236073337	1.0031754458948992	1.1199766100045967	-1.79056322988626	0.546330786499308	0.475494079202684	-1.4511653943484595	1.7204047814051653	0.9562618778466335	-0.4971467750586968	-0.3069555973416326	-0.8887881756229637	0.2658996453061303	0.46677117178354566	0.02720973477283557	-0.9437089350313261
DTXSID8023557	2.829318252745282	-0.183437200095533	-5.146815564050866	7.133978056527784	-3.6926154255868933	-2.6917820674669284	3.1206724185574233	4.14749736792436	-0.41461021104002893	-4.25762020284839	-2.809579504653309	2.6388028489210313	2.5929037936529764	0.2415928993475597	-2.7633675237652455	2.6588976674962117	0.9529614112379698	-1.6689620618762644	-1.1783714339866405	-2.183637661636614	-2.8818564774618354	4.1813191693902025	1.3946723909863394	-0.10408851977905728	-1.1072238808835453	-0.6320400169858899	-3.1682706409364596	-4.5418593748533835	-1.682954282700328	-0.2634641254894502	0.057181782987094344	-2.207671537538038	2.352023931914466	-1.0262579455614405	0.5145752719247021	-2.2968693709981594	1.1863530726300533	0.8980052030899401	-1.0589244864068927	-2.9388963058065114	0.13518121322703874	-0.03615031374980763	-0.4515779150726329	0.6507039587379276	-1.8596558426834138	0.6533644385156047	0.22159613377398316	0.993838101127921	1.373705489430745	0.15470609295374466	0.026373316797313487	1.684619203813022	-0.8185277946792657	-2.215320042825389	2.460553231216508	-0.14490746843800956	0.24604918608912277	-0.9317255606438957	0.28297190571439634	0.9773559323171669	0.6509586540841702	-1.7477354648634802	-1.6937066234617457	-0.5739927280552275	0.5016030595639253	0.3741232895098303	1.312033665456618	-1.3518825069201903	1.5862351911891108	-0.8631209221748696	0.5245268440061596	-1.0023879468038168	1.2335242817737082	0.24220596197048447	-0.8855758280434318	0.8839624611877082	-0.17069788000010092	-0.19551792949254193	-0.4456083464614046	-0.3363505824943793	-0.6022365733909953	-0.02103780913594483	-1.0837149040759062	0.26878313735740866	-1.2407285417830505	-0.6559223438126274	-0.41981880165224383	1.1745582551828528	-0.12065166936268934	0.31392097222499227	1.9401343865191898	1.6519748685300844	0.33438688035725506	0.029647937894969775	0.575203594941579	1.1126236069351605	-0.7035692156727967	0.27620715112958805	0.5429581931955422	-0.15195146287578074
DTXSID3048869	6.091907807292897	-3.649595859798064	-0.913579406597807	-3.262311712671202	-1.4129444059483844	-2.2725037761301485	3.536295189434746	4.282870761884563	1.9630995429047133	-3.797382890202106	-1.3040434687507403	-2.011202210083644	3.9896719158038683	-1.8839690556186999	-1.4383870651858552	0.06537688927359037	1.2682796726566186	1.596998511115324	-0.5788852004473868	2.0891909594935885	-0.76761142290609	-0.08537949552156177	-2.173070575281222	-1.3841734682219937	2.00460554876515	0.2262149070860726	-0.08374079557650431	-1.0718567967950554	0.8108172677086083	0.2946196606162202	-1.9642342193492757	2.466708028286461	0.3667007218225614	4.681017522985921	1.9496049518385832	-0.9942538889908137	-4.051720410627875	6.110527685558001	-0.12463721157611017	-3.6120597790126885	-5.948909626782804	4.664004269302712	5.885607461737948	7.545022999829625	-2.021832983820658	-4.692922458961785	-0.030579462140532362	-2.565381696219117	-0.2924696553223559	-1.093089439491978	-0.3758965624605862	1.4668514977089038	0.8741955265425498	-0.5953781030794454	-2.442323546719435	0.3307648247268958	-2.221964527874364	-0.8875200571778119	2.934390095147198	0.3398203746406612	-2.0040684274236957	0.2953508119501053	-0.8766529642218165	0.18514969883628252	0.6362727397127891	0.9071167845380683	0.4258132419330533	0.846861653583928	-1.593549760763477	2.157425849792597	-2.460712165383828	-0.1755298244214006	-1.7841480712857185	-1.4170223512897213	-1.0607950002308224	1.7011754302122977	0.45971834554847746	0.2835706314081918	1.2625247177673953	1.1700703738398446	-0.30239935407818364	-0.12011954475508779	0.5520935330555261	0.3264981709418037	-1.8364136853055475	0.513759046319635	0.000511546808221907	0.9482967019968537	-1.0294905405067023	-0.8676924347175409	0.17673883407655105	-0.8017950267131333	-0.32347239554216367	-1.5078657797029962	-0.024416249780318002	-0.689464294981264	2.1124178415071397	0.392482787234461	0.13314092590868978	0.5796560698205253
DTXSID5049231	-2.327535841532157	-0.18363369735554244	-2.4012569161343538	-1.9711013409015041	0.19815173774307798	-1.3414949925871766	0.18692758005030802	-0.12799733740431335	1.0867921950593618	-3.147440184230353	-1.8335743350610267	2.168299033118992	0.9607887986710631	-2.6714235597672666	-0.36121098070494095	-0.2587726109554948	-0.6544320085144647	0.2269070698665293	0.920703273014707	3.252479123495822	-0.6697348864536435	1.7098619084411095	-1.870440580597752	-0.48114363090850765	0.3869331818569327	0.6026164037222421	-0.2543600295441602	-1.5324931354172906	0.27772639770062646	1.0402070341865208	-0.4894220857973081	2.0825857013692124	0.43190949301595954	4.520258911818555	1.2751576748690148	-2.149954105335596	-4.312735243767532	6.361038484018275	-0.30096917263685574	-3.42815262147355	-5.345068116415077	4.725293455223878	5.528003216743606	8.576875183566367	-0.556821141172668	-5.09801638795471	-1.8278076425384635	-2.8810038942575806	1.6988359055462154	-1.6752149800257476	-2.1104213164824293	1.4069556740521898	-0.40140715338784727	-0.3735412978458556	-2.5447545410262102	-1.033158557396058	-1.0429741969491595	-0.5359464782742843	1.034102418065577	1.7410990838190261	-0.5417489273541573	-0.05914745945858527	0.29399765718569604	-1.541515824796968	1.2439085449612959	1.4631660225015901	-1.7339026716162633	1.4386245847163608	0.13199803208868666	1.5869577550362663	-1.1031668240428354	0.3569598062762851	-2.254105490721419	-1.667979930661452	0.5112037246182712	0.5998741760468276	0.08483102576348457	-0.07482190574630329	0.7262401822119642	-0.11108573046321217	-0.10959507248462781	1.3661246589129272	0.24674026996880496	-0.8914491487679458	-1.0746329700791752	0.5072135607590048	-0.5595357751177722	-0.17767484752263024	-1.1287441867925063	-0.00852311745891586	-1.4069122447602385	0.03242065673213322	-0.09363617382234983	-1.145918849522169	1.4974406332580728	0.7025263521227342	0.39989375496629487	0.5122440051810376	-0.9005976138680831	-0.2970003715675182
DTXSID6048961	9.09436098504663	-4.236754411897485	2.749931670231557	2.459887358470162	-0.5603422838912491	-2.8960865553031034	4.064764937511451	1.484904130138458	-3.4396208120823455	1.9991035110403765	-0.9527569956134156	-3.048160971660134	-0.023297165330696618	-0.14795939935115784	-0.4859693079985052	3.000160518761369	0.5431150879664445	-4.342198004478433	-0.3382537446853441	-2.34021945013186	-3.65822903019508	1.4117184496125872	-0.014759392027295726	3.0763681192687584	1.2358639909857012	0.3308702235376553	0.3049785504118623	-0.06997752332700806	-3.003964498309791	-0.9040473256868982	0.41858850416797344	2.33128666913225	2.1954329261448406	-0.8043268384764027	-2.634437246806776	-0.07137837014001668	1.3495267708002756	-1.611937266116718	0.33481062811422596	-0.8696367951614475	0.2774539340944605	-0.520372088113595	0.24743610611662187	0.3909847149240432	1.4181267114504514	2.0300601414791206	1.276280985952511	-0.41023923850859595	-0.3392161786262182	-1.8252253305969521	-0.8992811439753977	-0.20477907233570833	1.1087116113109026	1.0930288316005201	-2.48456868210454	-1.3612085410091734	-2.325345098835228	-1.1274754886932907	-0.44001230393299917	1.3680994549567478	-0.44878694595482516	-0.6897961008987323	-1.038020574996898	-1.6001119870613907	1.3493044650271842	1.5528871028809834	-2.706527457451718	0.18537989654375103	-1.6218591714343447	1.5917416938934716	0.14000729957707456	0.4626002808940941	-0.4267023748385315	0.6603246314440462	-2.499123132132231	0.8044143961857426	-0.10284372034776236	-0.4535852368981782	1.5322611494500074	0.5899026600027667	0.08995232852435356	1.1924535520278794	1.1512386847947202	1.0074150600683656	-0.8801281428284241	0.27272750444613947	-0.4443119732641569	0.6405052480130113	-0.7129782686819891	0.29258635720190673	0.1605248992920666	-0.693100158224224	-0.283850371620552	-0.7988258409335565	0.40858952408148197	-0.24201384984013927	0.1100103337152536	-0.21906358690864036	-0.7257158273239903	0.1656461989446469
DTXSID5046019	4.002163979095451	-1.2871774751960143	-2.7658677538039806	1.4775198064234034	-4.477366967474275	-7.631950081489045	3.7685573349655073	5.672158847092982	-1.5261753504212303	-3.7794706241738143	-4.1777425655686695	1.4468993635107767	3.891239833445874	-0.833808455172557	0.23273169708997676	1.680466140739284	2.2639217209893845	4.103564787526533	2.5320836656990817	-0.16793564877776346	-8.049334422979868	-1.8010746009431011	6.443979426825018	3.343285450420607	7.056182715223697	1.7899174072447588	-3.24477783335617	-2.2556834723238257	-0.23140482065858045	1.8527936243310228	-1.5695567931533259	0.395617311125396	0.8248498811340218	2.2176678820097355	2.7034143002756106	-3.0364368770516332	-4.665339719899429	7.03423632258184	0.24483733454233922	-4.442991247280478	-2.4786473351566873	5.1742978166494735	3.8707057899648505	8.936681379908695	-2.0031410605435287	-3.592180083171045	-5.316576329434163	2.1998714315696573	4.724208092680442	-0.2491033331394263	-1.7018895530228766	1.470496110991633	-2.919252146427143	-3.8375357533332153	-4.351070532905048	-1.439616660586584	-1.6431864051215106	0.4082186624650166	0.8612538459346452	3.1810253122311236	-2.3127827895608624	0.29597925652038426	0.626485392303782	-2.075673326670897	1.5504672497393024	3.5358445062190897	-0.040427219443705004	1.2921124675312823	1.9004454643573623	1.5027440338587026	-0.5034256306902405	0.6512478183329409	-1.0456625564097202	-2.227827141131772	-1.3072088986881103	-0.5881951997915021	-0.9603754123942568	-0.034171556806705985	1.18899228896514	-0.5043400571649791	-0.7052315828140262	0.19849455433417118	-0.6251409039240445	-0.5482788999734969	-3.641867922906983	0.23053336252143353	-2.453788646114207	0.8713984963434874	-1.9504602927574126	-0.028201798296031432	0.7939226938516579	0.857258884493761	1.962360976814332	-1.5574124017063788	0.6029825443520875	-0.12627063836172894	1.0741483415815494	0.2701786694323818	-0.18960282877284132	-0.6177412590458243
DTXSID1024598	-1.8899956658249162	-1.8878792459582256	2.9652559401704344	1.384432494471216	-0.01239700052065591	-0.2568305584118301	0.589841211043656	-2.935123191804822	0.5912857935462996	-0.745347662464676	2.0473063290631854	0.14550126742771816	1.0774859553708227	-0.3336897946539152	-0.06647437908068511	0.35422824105889444	0.21505970448476003	0.8683006084966249	-0.2024531869246428	0.5080545837460938	-0.599500798651305	0.8152051932832844	-0.4895984278831362	0.10312367236092737	0.36394111573235416	-0.36285810091923754	-1.0373307567808592	-0.3009829610833723	-0.40646911839559474	-0.3533252725753087	-0.8308380662214818	0.17807753040958338	-0.88062194082981	-0.013902217479738474	-0.38268277890861835	-0.47541408518249284	0.3354083185494082	0.6509414616390802	-0.13649586609889727	-0.013353202446512015	0.7478579590638625	0.10719813728788365	-0.5104947556735517	-0.14540180444099213	0.1525621754673964	-0.3611213190559173	-0.06778251658339138	-0.02895746175474533	-0.34320335248571787	1.4090075867936354	-0.5962846674563581	-0.025079418102029054	-0.12792906149794495	0.5638028126303486	0.7821837639491585	0.3893614735446843	-0.6269876095462883	0.285844745011254	-0.6110968970819585	0.3994684702330347	-0.1608877090816956	0.10707649527665944	0.9376617166527501	-0.5072163374107993	-0.6827365487213474	-0.2435810640063358	-0.17826381893358015	-0.35219680645234325	0.109223446383868	-0.4827860528351676	0.6085428705027988	0.304334741260917	0.03570373531699494	0.9842076016509227	-0.29622181110640616	0.11002231558047082	-0.5286304066181353	-0.3686209558589993	0.16992940568884682	0.3010591027605753	-0.2915721926466944	0.22118115732862673	0.2772809781342883	-0.49282468815519376	-0.5082334269097455	0.15883635973122517	-0.2908270832142568	0.3645172045529317	-0.06650688650683771	-0.10139357818289202	0.002707452410694285	0.02104494951684603	-0.016375882286653595	0.20472825406058293	0.1599257003085889	-0.3790259831017241	-0.1989467933311158	0.1307609009804039	0.25361080636133904	0.15556380630846509
DTXSID4048721	8.986942374485116	-4.042322417801456	-1.3363823851470902	-2.3169387893402003	-0.23190928800162447	-2.5528041342124257	4.422772132437934	4.568625070345699	2.8405996235999544	-3.491723324913882	-2.5146007055798254	-1.4143642224879522	5.371194275960237	-1.3191859212588029	-2.2653676668107834	-0.17060380350050616	1.834948458480315	0.3594923260994027	-1.3975617999588303	-0.37631239299003666	-1.105987257231869	-0.010326300207925791	-2.124964743065929	-0.5145101477215904	2.0303630760360036	0.1306111459838731	0.17828205547710121	-2.5905224994138445	0.36537991583065565	0.26356793217546803	-2.027666114652285	2.6794730543683447	1.4506465534831716	5.4341951704396	2.2627843239646097	-2.6378735735087706	-4.290693361155383	6.6941805591161785	-0.5118507466154885	-4.069852656697644	-4.496598637560453	4.74835123132938	5.626678907572211	6.678771341855515	-0.9448105353963865	-3.2105403487797193	-0.9691164403612454	-1.7419009043350173	-0.6926908422637675	-1.7897779222533599	0.1455074250254052	-0.6610949497372339	0.48483809793081845	1.2797406291507958	-3.306981953386924	-0.6410745210555878	-2.6251066254342166	-0.7535682984134887	2.789309332495209	0.22972873337737573	-1.4319887802774693	-0.22583834146569529	-1.5159410618854479	-2.215066795124683	1.6820685172392136	2.147680329197557	-1.1724931274760868	2.0172496510227567	-2.8308677251935874	2.203282242480193	-2.9117470212425496	0.09868171283680935	-1.9348522525685414	-0.8619884716081903	-2.791679125551309	2.3792919252551767	0.8310122434538956	-0.34490333433869486	1.2175240359873591	0.8995557667488319	-0.5640757697443404	0.5385996504048709	0.2820990797116383	0.15404586631298522	-2.3782267758582805	0.9691451435508344	-0.30572653292919066	0.5545965646483261	-0.7052217001753134	-0.7962051746900214	0.7809388078746337	0.20823940845376412	-0.4588181461726484	-2.441728632760909	0.8705214938792385	-1.034937124314049	1.9912096547854659	0.47422258199698863	-0.5202651219564463	0.6027362848875814
DTXSID3041954	-5.565625842100765	4.648838549401069	-2.517088478406216	0.5050326725661136	1.0513728406940799	0.44485192754995206	0.7478023069410301	-1.7040851337098042	0.5315623571004358	-0.5340529206597946	-0.31392113698146656	0.874174730373338	1.344769237066664	0.31890068934582705	-0.5040832907853896	0.29881366262011383	0.3904522648630266	1.3485130145612472	-0.3071819086394649	-0.6364054248750279	-0.4663328686071458	-0.10539023139993832	-1.0300057410910242	-0.26636176616627505	0.6629548961840638	0.12261083645648416	0.6755111000932851	0.9573782543766494	-0.19557890316186524	0.12577814994872558	0.31612219335021957	-0.3417992689452946	0.3255825253466484	0.6644366627954627	0.35227663323033304	0.14695782498601345	0.3350574893969816	0.2703403713581154	-0.8831470480789521	1.5437353555265065	0.2765623339276628	0.3738974934696861	-0.29161665108007634	-0.2536940185208468	-0.1015372529067363	-0.4613636559429651	0.11896054884400717	-0.42304292747997824	-1.3344179168169716	-2.0953761792742727	-0.7751467671643634	0.19664783916486556	0.30618058849275714	-0.33950992980952777	-0.8556419952842287	0.07324975921450895	0.5401515907560079	-0.878444129412231	-1.2153859519290107	0.17666653090112927	-0.10129734928911531	0.7698166958101519	0.9245032591064746	-0.2021540961656334	0.27227102114417995	-0.198254524581071	-0.925367206338629	0.32984178375861206	0.19175493694311266	-0.04989429540032794	0.05026460388512526	-0.32368559412927456	0.18615727772115093	0.07959328025909612	0.7037503403855737	0.24870862287937714	-0.39687936608037844	0.45825326663043503	0.29579109677665055	-0.059543322705082266	0.3513351505463057	-0.16657495916690593	0.19977663409932314	-0.19844571197537428	0.6997674216700137	-0.3090071585920556	-0.199429852769019	0.2618652938704052	0.21575759027407126	-0.27096190366429823	0.4265647862868373	0.2905720832584462	-0.1522643673011395	-0.23028488222277613	-0.26443436228928585	0.06965697553960142	0.10774275991440073	0.059999990709049246	0.14715550919911216	-0.09096648788395244
DTXSID3049388	0.47181761892359086	-1.2963868611749865	-3.583092885693077	-1.2017498231869388	-0.602821795875799	-2.4414312609191824	-1.3742271002251845	-1.2851085967709381	1.0443427866975128	-2.9810526617249464	-1.761550562910288	2.9612658545068227	-1.3073607274258379	-2.243292945204672	-0.10196133094959733	-1.1040385774515573	-2.334707066298283	-0.8617245087475409	1.3182774796492849	1.986156805049092	-0.45300972016221813	0.4709942447871376	-2.6236515896733557	-1.8335852950974671	2.277416164390465	3.9636987133073225	2.1731605309007587	-0.5013636122147014	-0.23881859444433035	0.5934832926488735	-0.23249145943829838	0.5783253198068762	1.1039860095364165	0.09723704551004525	-1.1648436837377343	1.4219510525709038	-1.0970094742883256	1.761879677459458	-0.5355011042947746	1.1660574732725164	0.1892531365818388	0.15038565522861974	-2.3110332083255405	2.7934351360560137	0.10390168426476439	2.516199751821732	-1.0290673873821377	2.6783318448288327	1.965328082664275	-1.037301266583991	1.492531579421436	1.5244834646681464	-0.8886238399140763	-1.5051694084821192	-1.1437835181128044	0.8811993540795607	1.2473872063735274	-0.3342457770293798	-0.7340258904409935	0.8834545581156252	-0.7074958331151497	1.1644167686697244	-0.7044722966852709	1.0614747490850707	0.3888903085589462	-0.28188588113464647	-0.22375055805335015	1.0016348857467754	0.14408908192156428	0.7413233417035966	0.5762176619307682	0.7282056986655491	0.9546079112405556	1.3963036290651776	-1.719967511510778	0.015478939042027701	-1.5978697356911384	-0.9119623927073457	1.164450482982782	-0.42743186515444576	-0.2782433157386629	0.2905273806064466	-0.6152327149714267	-0.3680701398684987	-0.46554199860155204	-0.4019880870543107	-1.2285956257512907	-0.6156389811405354	-0.006961723160725943	-0.1419804190949274	0.007319130261605134	-0.3573556787090448	-0.4161190138823382	0.5827141537092247	0.8375130060749741	0.8404039129777587	-1.689587180539094	1.2128855756324604	0.007389888435630239	0.38230859326996836
DTXSID8024529	-7.290047614700357	-0.12565842494217108	0.1948499400751275	1.9097696136611015	-1.103516416358163	1.7750563023525756	0.13462896205054922	2.148640069602703	1.2636377449508418	0.5942289464378201	1.3864087222929555	1.4788632411314413	0.7815683688837531	1.4109075213603706	0.18645685680795385	-0.12089476158355815	0.5213729523638064	-1.0922281817304216	1.7604083172977947	-0.5144392530364366	-0.2945534226295875	0.9183014430134075	0.26146353676032347	0.2086971647094623	0.6989244363705527	0.09656974476999511	-0.08413241015741259	-0.10998926279082434	-0.7302923462248688	0.46781892568154215	-0.19728976589608688	0.41541936269029284	-0.12731100161354342	-0.36641242106429867	0.2491477539550182	0.019130052367353604	0.02691144462434024	-0.02105532460166875	-0.03147663590301871	0.1847230884606573	0.06202441006077368	-0.24826284432170362	0.04459729395933562	0.6287511231927606	0.19200976252275725	-0.4950763021913782	-0.585327405085826	-0.2185905205995808	-0.02043180155001441	-0.43941544827541684	-0.2210715331024288	-0.6471734512353277	0.08865245579542429	-0.050061691123418815	-0.11619682177319592	-0.5207512349705623	0.08198929894265422	-0.12235545261161947	-0.17033177881782938	0.04449091030039334	-0.26513744425086416	-0.10621542364658347	0.21603523649373177	0.802576958113599	-0.23812073677706477	-0.5462595018278815	-0.301217796010512	0.3253643332433841	0.28264756605466046	-0.15534620473111133	0.2863533658522563	-0.22984582845397378	0.510350386489307	0.27797445620330147	-0.14402452222689396	-0.22562868642462275	0.36935201111796756	0.01594410444227324	-0.35940986664945523	-0.21882491775753243	0.28821790609996956	-0.11025957959681273	-0.20673887285106274	0.09635000729747815	0.3096218804342923	-0.11569488797306139	0.362837703684075	-0.07014221594313778	0.13589688796107574	-0.012653360881731242	0.107272040385926	0.03409437365273113	0.14273893672647198	0.3363137341052336	0.0017106460715651788	-0.14850694047810648	-0.1755844968948884	-0.12092393086158247	0.05917317567102618	0.09831109088845386
DTXSID6021296	10.964467604803891	-5.1684592268516365	-1.545105017619844	2.3263728625901874	0.7535293378645506	5.690097670645959	1.0788800963753449	-3.7614033805988942	0.8826168620431827	-3.4555503325457386	-0.2581910965370855	-3.113146197695571	1.4149568038574827	4.0051439688186345	-1.1310419002436987	1.3473655330821603	-1.5516214492321792	1.9564964903904691	0.9753068935829964	0.7158408189569088	0.8197275839823589	-1.3361793757176035	1.9529069915072605	-2.921706347578951	-0.5647445607901466	-0.11540567131174982	-2.6697605705987963	-1.31525906328053	2.330045160821202	-1.3208306765477373	-0.9550304491107475	0.799083346582013	1.427272108921848	-0.6042973787615318	2.515025898908291	3.286342276122864	2.8825807254601234	1.816215795063753	-0.3875668688241126	0.7509722438106047	0.49903828867344524	3.4168330623093586	-0.8818810369014685	-1.0220445160503309	0.3808791754329321	0.7443475617507361	0.8252149563705939	0.10820992812523281	0.9503956932599558	1.79828580359072	-1.5920874511333125	-0.2726231656016428	1.2839847501804749	-0.5736720139722515	1.2145606518363752	2.2645693125290247	-0.8454254611443787	0.6776754192724157	1.8071710663836296	1.3025900657885652	-0.6847066393323648	-0.586897556496579	1.0336031121542253	-0.729629436538484	-0.9281940637772083	-0.41616671715938675	-1.092904942048872	0.36618567893112536	-0.08766955735622857	-0.5960583113264458	1.3824393854109978	1.4313000451860096	-0.7810926332869572	0.46731288118648895	-0.47297274944618467	-1.323523190159225	1.9054915638179324	2.936761851754986	2.1627950080074	1.1536542006517556	-0.5838531405874416	1.060810712639345	0.8013417508727565	-0.9374856521837599	-0.3883971754194596	1.3015479185307175	-1.3656986044856998	-0.8551834435526746	-0.2511922526997837	1.6885063570298322	-0.14912376563074076	1.8235279157879485	-0.1299576398574256	-0.7214128435635478	0.8232900838168327	0.9649889530859895	-0.8966917917995545	-0.1787709980410911	1.5181464648465035	-0.799563879248468
DTXSID4041234	-4.1689504535644994	1.1684007788463828	-1.859349211456351	-1.0625069573150323	-1.7213820037864038	-4.373568978459563	-0.21610614365895786	-0.5032500514169274	1.2766400692581772	-1.376212890686961	-1.4953192275280025	5.175741000741306	-2.1257697591660065	3.1536650389713334	9.07002376292362	5.758189588690321	-5.744493350514025	-0.43370895753608063	-4.102047688640207	-4.822948821570161	2.143392900605731	2.265034934704083	3.9619149392707396	-6.283015974650678	-0.9570926962045897	-4.1409917299598	-0.008040789767066545	3.48658727871131	0.38597187737159194	-0.811185233532504	-0.7320222713539905	0.7194894507411255	-1.013731394906295	1.9853081591548398	0.989039416122731	2.386310543487204	-3.0157698219142444	-0.05984989879504033	-1.7930031836952662	-1.1386254480751852	-0.18612421832029052	-0.9813680816222001	0.4764322371499645	-1.6767741717187996	1.5051171712741755	1.0094364467772503	-0.15563576068272592	-1.9885135111164212	-1.973146356074838	0.16047700804302134	3.011933546801847	-1.8479183872003722	-1.787636892844	0.6877331702326428	-4.005891402659109	-0.3515246719400951	-0.4638695868860979	-0.9342921732174436	1.3251354067641257	1.1255602080251543	-1.330455547275278	1.3354680458654238	-0.2308633305990483	0.46814555988321216	0.669990518522615	0.44674299399288686	0.05004285418117091	-1.8196010830030285	-0.3170077538787436	2.2419408185786134	-0.8422875495573826	0.0961297789342195	0.7799174868756791	0.2317275577394983	0.7780655652370206	-0.25985568502402356	-0.3183935647081016	0.16952599418946404	0.7568246756643127	0.7131067042753932	-0.6704907407895655	-0.0766269697091351	-0.1218367771411488	0.21012048453577273	0.7566742865439476	0.09360099541223807	0.21227331678868017	1.0281322513623707	-0.1335561479563588	-0.8983838968767738	0.8720300704763247	0.6980679869600106	0.6994991402465311	0.6575922518744838	-0.5859933407172666	0.46908594373693685	0.12813932710854709	-0.9515401933010966	0.003963401174888805	-0.08518427316760951
DTXSID5020368	0.9963812162481626	-2.037674531931351	-2.713748712297247	4.833019207527555	1.894270448962018	0.16003252693443057	-2.791972361634596	-1.2931639595181117	0.6590135244320137	-1.9094069778543636	1.4575603229877385	-2.04632692548263	4.083835875069461	4.0333363036261165	0.014914215919609465	-0.39361056251407855	0.05370442113411695	-1.4000400989764958	2.342387120992149	0.6943606034121131	0.07636676582064528	-0.28273791552710986	1.1193964229637718	-0.9026601892581309	0.7678228461559774	-0.11274060040422441	2.0875172163759945	1.4394239841054994	1.2312198411948316	-0.811147540572346	2.3306901760193277	0.5324070810792821	-1.1032636349439493	-1.1773652536501646	0.7071960210790617	1.2445576457122476	-0.1381969692851945	-0.26802774429501397	-0.494739437908998	0.41534717953293154	0.8001693404703883	1.5761506294201426	0.24206539764014076	0.9093613106682507	0.3468311683515831	-0.8561151672857348	1.3931380380380047	-1.8323625774695895	-1.3760531623219634	-1.3030417957176785	-1.3115523289700908	0.6973377234766864	-0.10119881765340386	-0.8114472295201511	-0.22711691537826073	1.1282225379365058	1.9400068357106373	-0.07504567619246008	-1.561129965387078	0.4714535797889995	0.4364060276536847	1.032624822428385	0.6789978223012708	0.8938600041985573	0.7471258380952088	-0.9069377388034604	-1.4538137091965009	-0.17630006016622776	0.0420760292222242	-0.02996078486646928	-0.8608325838753155	0.40998975190379494	-0.224084679949853	-1.3394260787223369	-0.22097040470827256	-0.6642679440687234	2.182313940239516	-1.7197458784980748	0.19848895910637465	0.5399698294213247	-0.589914765491465	-1.1331421140182871	0.3438401653920484	-1.5061172227170863	1.1002606304292846	-0.3007586556237891	-1.1932245251818585	-0.7583160755193125	0.34984586674105334	-0.13033744202436698	1.066289566356295	0.1715289871588628	-0.16891539485519275	-0.040620085011469007	-0.7749546935556549	0.8370350679831055	0.3043493975316542	-0.7351027055193926	1.2466318938173457	0.4413304585715421
DTXSID7045526	10.984518462971797	0.3530907189081102	-6.349566488296318	4.9295278899467	-0.7965868822420417	1.0438235283898913	6.094396550794744	2.0907051634152203	-3.0351222910166666	-2.5692569406976635	-2.208838488483711	-3.5577442025424895	2.092729841371694	4.601022635327518	-1.593632623791676	0.5625899309957321	-2.72062448305961	-3.887779556371707	1.2218258998961156	-1.309167677811224	-0.7381891822509602	-0.8755922961490978	1.803760796893856	-0.4978160565344138	-0.7568989219510321	0.920252958857231	-1.0445942699002495	-1.5913787978979292	0.5773357452756268	-0.5935310523283135	1.347570397394424	-1.7494672501608983	-2.0173817759007284	0.32219786512669374	-0.8579008180882297	-1.3821600306262902	2.007786377443566	-0.21520892641934197	1.4504227429601768	-0.6653590888743484	0.49315231989389574	1.7311156887007613	-0.4387298942611396	-0.2673437874291992	0.4686863365106398	-0.28184207924109633	0.13155286376454176	-0.047409430309092296	0.43524335086930066	0.8999009171045407	-1.0517428713780834	0.054826979893358226	-1.1753122403286993	2.012410615000211	-2.4501170798718097	-0.015626686079543192	-1.8441260686134648	0.6250198761072511	0.2523953250754878	0.9948440291497197	-1.3161683272920393	-0.7730888278146667	-1.8070132175587428	-1.853381004330967	-0.2474262914682924	2.6461707079294627	-0.29812203493558725	-1.1493689087549805	-1.8884360274918235	-2.977989795697078	0.7838244456538087	1.3350201129388786	-2.087186229007849	-1.2829711548056912	-3.5153200755866094	-1.6239500874300543	0.8404502920011456	0.783466761687903	-0.0015643622683228274	-0.09233716070330632	-0.6272062508137386	2.2318879411470656	-1.2076071795501695	-1.5668725965479995	1.1351198788218104	-1.0412967522153866	0.6028242485602255	-0.33038174600993664	1.5828780605724968	-0.402619137053795	2.8093256741347314	0.3620721192714968	1.2750568268270313	0.18176017074837647	0.3364528252895421	0.532681654719384	0.2997726366602601	-0.09367249436915642	0.159661315504338	-0.2674918826016631
DTXSID0045202	2.99086314173042	-2.0950818396564315	-2.7995146155519532	2.103270653211385	-2.7944464141683345	0.018223923320544393	4.1734809363281595	2.782069865791327	-0.3126942555698479	-1.0107041415557634	0.09424831032074506	2.5387961595484403	1.714376018237259	0.797837576106184	4.045158180930963	2.1269471015584878	-4.180672069969141	1.8684685676511472	-0.9561311601063571	0.853580607599268	4.158777485876338	-0.19342106583851432	1.1367296561410698	-0.730833766709281	-0.626328360068544	-1.2153703122863992	-0.4068704446599687	1.4954843985255672	0.04949583729665425	0.6714812259490525	-1.787747696921912	1.1492568889593422	0.6060879424624434	1.0371014839864643	0.06192434356023523	1.3971497374341322	-0.7823463495395506	0.7186464451791211	1.3551443331606872	-1.1595994494296993	-0.1699398731930955	-1.2507164496900278	-0.12459647959489914	-1.8865327765546935	0.38174131544790363	0.005624228549896666	1.4560112739259063	-0.7199504180524989	0.15645191291707702	1.7650117445367017	0.9934922707992957	0.5776735788423081	-0.5968714231660318	1.6917508146774787	-0.009137726180741072	1.4939982714457318	-1.7901366700401442	-2.4386688978711923	0.852134846070026	1.2049336314630648	0.6041299906071287	2.856095542294621	-0.9843705924609605	4.325078209256221	2.996749722368496	4.600871850987186	-0.57189537164502	3.1931687595082443	1.8168098053715063	1.688592648444782	1.5608878950406522	1.9306843721114724	-3.0341755436566364	0.392666086797204	1.9042059231002237	1.2631185787528398	-0.3844673797971282	-0.6965906594518804	-3.422068801372593	-0.4729197924851186	-0.8563211269639304	-2.8140084854023817	-2.9805845314763637	2.262174596486714	3.0606024850857825	-2.756313835102833	1.9408680177213538	2.454633992684146	1.6414948825102988	-1.4318824680836029	0.8698872630186539	0.34034607942719375	0.5775616385482216	0.5537553177457392	-0.32566577093492843	0.8959655186350262	1.2605842804684764	0.8536858835053246	0.5884309110774912	0.47357491773887694
DTXSID5045330	17.962078488768945	-3.173231669958051	-1.3862837950352938	7.220572008197357	1.1772106449174398	-1.7106401771567128	0.7717655366024522	4.561718343458862	0.2184402129675056	-0.2977932275731674	2.5848980825591195	1.0628314413701716	0.35481340485737817	-0.9967662079252397	-2.1127387634492014	1.0708104036950463	2.997280104210171	-3.8337201670375674	-2.349775493270397	-4.907821492459152	-1.1588171639506306	1.3658160439075009	3.302795456468965	-0.11192080122773368	0.3856808947012486	3.1946271190516846	-3.892728701406402	-2.2249923864399235	-1.5910821765849978	0.6526000523937848	2.52366812234108	-3.8321648984377594	1.4162530561792046	-2.0289038744940546	-0.12233879570111227	1.5175949830611928	0.4372655757578696	-2.0690447870006277	1.6227977391421502	-2.8901033122001367	0.772059752831819	0.4316757775334889	0.3917171622116714	0.651993903109044	-0.900251410719109	0.3675540612120954	-1.5280384479932014	-1.2285659863325937	3.9293233940061523	-0.7436600929227529	-2.2199200522668363	1.0950726424119692	-3.470888855295533	-0.6213927977463418	-2.000423673862655	-3.2191408081359603	-0.12049250265751665	1.423865517147458	2.3160297322308923	2.5464471412061767	0.062007057494111534	0.218826875445114	-0.531313675558428	-0.7869395423850325	0.3753712125735421	2.193102677344576	1.253898927063322	-1.1039848389474078	1.7303529154635744	-0.13024443531780752	-0.580517372004109	-1.466116186698175	-0.2305354960281202	-0.47619859980222373	-3.065777966066714	-1.2650041143634292	0.7271938287420211	-0.9100903748308732	-2.567912750427653	0.07940116010275708	-0.5171163016007487	-2.2931464326186988	-0.675151698313998	-1.1327086913896636	-0.07320641328762685	-0.27131403251404496	-0.1405216560435312	-0.059564302563909696	0.48743583697846854	-0.9917844930225364	1.2709804327838647	2.541825228750991	-0.5452759507154452	1.4585699936196816	0.5101167282969223	0.46834843834199374	1.2214731427943846	2.2421706208444374	1.053552555966298	0.2665693567160986
DTXSID5023295	-1.8930001190395513	-1.179206222781076	0.9919955807966659	7.984487074402266	2.2416776669354075	-2.4131341296682978	-0.032894273728867	-0.02204384417604173	-1.2428684196870712	-3.3003475680068872	-0.7425410932728186	-2.4640042697312263	-1.5271166960940807	4.333548671973516	-0.3648191385301573	-0.5412985657525106	-0.9743978099646192	-0.764771045896328	2.092528428751598	0.3402921768384492	-0.3417757306744494	-0.0034594545639344185	-0.047126762555571224	-0.6012046423278521	-0.32382734390069196	0.1293435589820327	0.4743723925404215	-0.28912734808008106	-0.5130391514040943	-0.28254903871064685	-0.3607607569187871	0.15948113260091135	0.01040852014259552	-0.9637267318835895	-0.9552722514985095	0.7232529966615402	-1.024291737425537	0.995396935048462	0.5117045943227105	0.6991998832369442	-0.4124442010229273	0.2774154187323084	0.14471977044106138	-0.3369709639410218	-0.29451615054521774	-0.7350170177634773	0.06098686418123824	0.019090145584922027	0.3092573210706469	-0.008198335350836753	0.0606664756363572	0.059359089713603895	0.5270634575056248	0.1552538893930162	0.0904023264177631	0.3601445913580368	-0.07087972589650467	-0.727056715461555	-0.03987538156296896	0.04113152201822407	-0.5437742356247025	0.4145140352148598	0.4559537378671264	0.5766346813903179	-0.6043344243343743	0.10293371021058198	0.37020725520680947	-0.03984167384238798	-0.4360992781438029	-0.006028913634419907	-0.3585408329010829	-0.056932172541942785	0.01710990841821537	0.11011207100850086	-0.07253019215960761	0.22530402311882874	0.16983740726992555	-0.046314382316414965	-0.271983720745272	-0.30909132430310826	-0.004603050778496831	-0.317560413980922	-0.029113492553018656	-0.09468443638292746	-0.4171588558380142	0.043599957780441054	0.03376577104806835	0.14611853538440717	-0.055255638108417306	0.1610652107827939	0.2832647084158628	0.24876924757879357	0.05918461180075101	0.1292019688033257	-0.3784423647799253	0.0425528902382931	-0.03235937082433756	0.09471116048029307	0.023310565125322306	0.13215720814984974
DTXSID0049365	-3.4611682156497863	5.971919992886561	-2.775946194996922	2.8463978509085224	-2.5398881642480418	0.19122513494288654	-0.24248622662758829	-1.940260149103456	0.9473283687402471	-0.3243399366451659	0.5692797258273421	0.29697995909158476	3.3033589654995392	1.3147215888080472	-0.943401779095005	0.3902886083070625	0.4319001148924896	1.3831445268126485	-1.51699031001615	-0.404792690037084	-0.8685102024826983	-0.3996152552853709	-1.0257735557425638	-0.3249641372471888	0.9778385420795673	-0.7087515213431859	1.4681401102855343	0.6956092405331255	0.06926242736728336	-0.6706462429899914	0.4757788508696128	0.5841633048573796	-0.35147983621159967	0.6101225549197602	0.0013314419284905818	-0.5510399686645293	0.938629169486852	-0.05944329813819412	-0.847711478052482	3.1019144676387564	0.2335504957974395	0.3131770117009242	-0.11158414615931822	-0.12136757647622162	-0.1547036346754867	-1.1210924085720413	-0.44851541341484885	-0.6335856484626347	-2.57049252635677	-2.5446922492313977	-1.437257300715304	0.884490609817125	0.723024507462739	-0.07663469928850217	-1.2510786650444148	0.4782103205508594	1.562227745210671	-0.798086075949488	-1.6081737951654345	0.5537964463255182	-0.6461450071046552	1.7810713644249976	1.8100218255895606	-0.1516973029779263	0.5028636676713854	-0.6665454605617883	-0.8327422869789703	0.7690245721877927	0.49146170792431526	-0.1232891957725658	0.4856516111361976	-0.6014702886369244	0.008782789351346845	-0.9586873107027272	1.758235442109027	0.48321735512727654	-0.08154413025410878	0.27186596615456543	0.7768135824931008	-0.11720999563800764	1.0043699133238018	-0.28383966887509565	0.5828652827964973	-0.5382483903889372	0.9353439554443947	-0.8704661403646726	-0.2659574439483934	-0.06596816138910101	0.7928119649951233	-0.12264004207554102	0.3913926354193857	0.23993140976691	0.1879312738070257	-0.40790974132028446	0.17962550366445582	0.7092680038611937	0.3258321032445149	0.33894311910191066	0.08531155535676767	-0.23589512015952588
DTXSID9048934	6.886183788902993	-1.1245596432552807	0.9938278874940488	-2.84907146753098	-0.2067438250198324	3.9999273999374996	3.366456066452644	1.1611521941366532	-1.6393825472556145	0.19510201225786808	-0.7586828596319996	-2.1859916173103637	1.0511042668370376	-0.08596779599896222	-1.109955173818832	4.030521627543575	-1.5066285793987957	-1.8414641797848783	-1.4381908065023998	-2.226033868154835	-3.7282577033038025	0.8636196728296935	-1.143299182914175	3.208080610725074	-0.16727293742296823	0.47101267895488996	-1.9678055607346323	1.5586519136841028	-3.3722180625141114	-0.6222261191917665	0.8811648168597244	2.7029121366956015	-0.7389985529844691	-0.31265451181080095	-2.082011369941717	1.4360800270952123	1.3585114999139565	2.001179968153231	-0.6488717928821857	-0.533921606571564	-0.026790988055062713	-0.17305815286966758	-1.1162524772963576	-0.007331585234030591	1.0151488341160557	1.6740383197131325	1.5507701923042196	-0.804203089374842	0.503146718726349	0.09156359001379819	-1.2042004136323785	-0.43549687912412943	-0.45577051032047644	0.8630442517153681	-0.13819955991920352	-0.369649542000721	-1.4081986686211692	-0.6499275653365211	0.1699144805935685	0.3951816788295971	0.04297539822660679	-0.37829051471175645	1.3773670299832972	0.5208086533546351	1.2977827831852917	1.0399027587387322	-0.9453796079527752	-1.1457798971800892	0.507274802589753	1.1659954601186444	-0.2974587328564208	-0.4727906305302345	0.6023975673333759	1.7476510682116657	-0.48334045197169967	0.15843971796648887	0.30040909148866607	-0.5817695100191654	0.19328875304439158	0.25937607918145744	-0.9099919423745627	-0.3388164640847053	0.7945677198704172	-1.3858837491266522	-0.5810653271999958	0.3801308198501895	-0.3657676247730251	-0.226559650305634	-0.09724482130386067	0.12553010952934124	0.04037298411271118	0.4101992719103053	0.11968295469793373	0.09100329068411084	0.5246071165090508	-0.3629852112793011	-0.9752968851265323	0.24926331366574458	-0.05023579487372669	0.09282497389286815
DTXSID2023721	36.4937630693061	-0.50914307468381	-9.340565843454367	2.9107086627831484	3.376745758581575	2.538719067081595	7.1587734602592965	-3.8187857321527887	3.3244690727210178	5.004419576286478	6.333978832229682	4.631334869447677	1.1797489694000036	5.612002310985452	-3.5709306990482683	2.0447092426023277	-3.168186051220144	-3.083303830448871	0.3861160981998817	7.342786573195286	-9.904944743806706	6.021014927733966	4.37658264205458	-4.381150278607984	0.9476128463171362	4.6803385003360845	-1.7739441027741671	-4.592783744333829	0.444975966042941	-4.056578034248791	-4.0208982634285295	-5.583574887531582	-1.6148473486598363	1.8678022944061237	-1.5394771516430488	-6.316237184373022	1.54989387495571	-4.71621389111289	0.5462022329705675	8.911283212574165	1.1630604019366855	10.423669973191524	1.1638289584920114	-1.6445553592744255	1.7148879711864988	0.8048651710446955	6.406937933308514	2.237786879929956	2.700384142909871	2.569335441270152	6.757775732045406	0.5326809320247637	-3.677785105651434	0.5187407096331268	-3.898284409441963	-7.31287260166165	-0.10736357832662449	-1.4378299387452163	0.9817178190726342	-4.157907156125306	-4.3121638567328455	0.9720485303188001	1.1453275737820359	-1.2172485555923893	0.19151353730071385	-0.7674898407791504	1.1762756285672444	1.982582973933711	-0.32697967135151657	-1.3019637970691313	-2.9411967381145554	2.1589719936914946	-0.01283576530275835	-1.689245648367541	-2.571446389510344	-2.106926081883632	0.8814418099644493	1.9999620461174727	3.2011554748957414	1.1304183165829043	2.3652289174515952	-0.13323900857149107	-4.172388399357628	-0.605659296766849	-0.09777645154714126	3.498567328079463	0.8797359811787004	0.42182741191086487	-0.7370471613887498	-1.0915321460768934	-1.8897378292286446	-1.9264253743569744	-1.7833683908603575	0.011646282646854201	0.0487132650803863	1.142051886418812	1.721039097035788	-0.20109674479479697	1.5327190644939186	-1.251519151282183
DTXSID8047971	-1.6161830158341866	-0.2994985986062389	-3.460128504411036	-1.030179201453323	0.2680499961246365	-2.397395901235516	1.7733375238690336	1.4025141667529153	1.9988460155481316	-3.851331743483515	-0.6803319729793053	0.6766669156215332	1.3931441513151699	-1.9006002387056438	-2.038366278915859	-0.15877740293293033	-1.2509990556541597	0.5625425284046399	0.301466842086631	2.7077530311165514	-0.011841116912925312	1.6719710885480115	-0.9185221408201873	-0.936974591154054	0.14342632145413972	-0.9171780925277591	-0.7475307848099888	-2.0471204773443588	0.16108695293660164	1.101257658209329	-0.8423269308387599	2.2498216408042406	1.0509702710984752	4.212896568810347	1.1607757208310947	-2.2588430911129604	-4.309156317777761	6.350522227307309	0.3727791261953188	-3.587855202537742	-5.210427520214299	4.763067446250063	5.441835754890259	8.778056585919272	-1.0161280718671324	-5.387133215576555	-2.069293029645773	-3.1963087476241685	2.196387542894003	-1.1221657231167783	-1.9140272654645403	1.848390828221784	-0.9848820571242979	0.003224111017319776	-2.94797644136429	-1.3126931885917015	-1.460553315224281	-0.7137193373503281	1.2545729066009674	0.9309492580726345	0.94361833219637	0.7905375056006347	-0.017682834728681436	-1.5502980405180555	0.17694826763966148	1.0647746650068366	-1.0008466612594278	1.8783277664875713	0.892815185586457	1.539074458541024	-0.5875846196203909	-0.17836615041326834	-1.6377197652955633	-0.9182651229906923	1.0266773494195407	0.14879356611009448	-1.099963260945333	-0.14484061773209345	0.5798782996218942	0.969208915261523	-0.17545643071256772	0.8312262919357163	-0.15384408799660337	-0.08108480057544591	-1.2681297558876259	0.3536815839610074	-1.2530515590827724	0.5507111337282229	0.06204790657839624	-0.9515863779514254	-1.934434423523592	0.050286665277573125	0.7999354735371161	-0.9951674360973102	1.8848100110666053	1.3330328916225511	-0.1191949476989757	1.492659229488041	-1.701647751812967	-0.16471422947567693
DTXSID7020710	-4.680007647132797	-2.277241996003078	3.4486891616821147	-0.30436489980135484	0.5383850591172186	3.79802920316292	-1.3193013187794156	1.999009146879939	-0.6581802463641875	-0.4472417673939867	0.4200298197128686	0.8130625582423154	1.8204841606618538	-1.5084047921045587	0.11343539080825588	1.0287934989932896	-0.7287962049079495	2.2404867758587086	-0.26780674220418715	-0.13127771188766077	0.25112628636205947	-1.4576547700701405	0.18615401684488742	-1.293978163303132	-1.5523215612038337	0.9715848421754999	-2.1511523177979424	-1.6093478306657465	0.3990991837233648	-0.35001008462415945	-1.9721604358270222	2.236741287548782	1.2826220524845853	0.04796897255443589	2.1373368092451726	2.9981377201267407	2.159782946252989	1.5011785860511264	0.6738350361131348	0.7707599310056404	0.42566643455551073	2.7788658613370325	-1.3546780822648687	-1.295158943255796	0.6569620482305988	0.5994569816002809	-0.24416406458533987	0.687367952348657	0.47911116899027056	1.513479682588607	-0.9932080038983104	-1.0376595614080872	-1.0336952405081787	0.8090055905748537	1.1458415369965982	0.6139651125397366	0.041837197531665364	0.06847402769104727	1.4183106850931717	0.6599341997844307	0.0013689774596074892	-0.9586527083000638	2.93851240478659	-0.6222144071278068	1.0498938827596758	0.2522254800538428	-0.0237968633138595	-0.8072531944465869	-0.24213246301379787	0.5258690694353938	2.0356774371925765	1.0972812859092862	-0.6759190384631423	0.9324457979090586	0.5025272537574622	-0.18634126788676503	0.9624596839888794	0.11120436214179545	1.305603865589341	1.3306919165333129	-0.0871529477788261	0.9681580153313032	1.148136700714089	-0.9434271514547743	0.5068161646436384	0.27755037886428896	-0.7655949239932974	1.013575921376069	0.7037326653950841	0.728246199036655	-1.0582405271827304	0.39449927353316977	0.1070984205668498	0.03816691768395644	-0.9884711005897587	0.4841838367701539	-0.48664494943721537	-0.8438965484060819	0.9522835974606315	0.18193575792136804
DTXSID7025924	-4.7037194603341606	0.8954852294245916	-0.7280351352493077	1.8838048361638162	-1.7923730489983558	0.26294097085739837	1.9780435314156881	-1.1218673140573487	0.9699479044965533	0.034214397478363856	2.672709108149145	0.28752772787313957	1.192719903350149	0.5466520218312708	0.039189970289173766	0.3834686371622324	-0.2207924200345686	-0.4151217992545668	1.9137847026004509	0.711437723160225	-0.2586429324005777	0.4720040931643644	-0.38402461367259705	-1.9182820678669186	1.9461239056203858	0.23530943553088948	1.0188219054312138	1.1438973286905236	-1.3723540016310312	3.5798121469651174	2.1328060419905683	1.6608294246041462	1.6880868985620836	-2.034794840067939	-0.08071686806654092	-1.9502256747073878	0.780023114469126	-3.3967823001841224	-3.0713284169388904	-2.378129279023122	-1.672181255155227	4.831459881924391	2.128155846847983	-3.252694316732588	-1.9694777899835965	3.5737024729211586	-3.6476813613758856	-1.6128759791205916	2.5495230838990013	0.5963312423709827	-1.3235911079207945	2.8565973428956815	-0.36538826905604255	2.5489818200449	-0.6708975921987035	1.7931107953167755	1.1322981897495836	-1.5781881987109505	0.5848343757103623	-1.6695191635680453	-1.4604306270570175	1.6278241385128087	-0.7135049343724061	0.5688945280015905	-0.12339267489813995	1.0942821572482657	0.7780005995403275	-0.58322814609156	0.28093905819880116	-1.2615509417588944	-0.4385357118284439	-0.25028232662897365	-0.1760015874457574	-0.39557838456711286	-0.8792787811989397	-0.01578413989195237	0.872229978558257	-0.8947481507804019	-0.12328666592412688	-1.239417657002388	-0.8003611682779826	-0.49970428794362215	0.9082610854534277	-0.4981017427449186	-0.864980721583464	0.3104964252763654	0.4586735275016256	0.5085336674497036	0.5954117584590263	0.2973910055405118	0.0628701438147958	-0.4702185523068821	0.3651120829015178	0.5044852258719754	0.3316527567595284	-0.2413689405792463	-0.3679372797811661	-0.31233183860167263	-0.8986335518325815	0.025574941673682274
DTXSID2025216	-7.187117855702328	1.0498593573869068	1.5684373476169993	-1.0869009400610228	0.21764873507237126	0.6830029215329709	0.49025094449208517	-1.4769288547821442	0.27408508126571124	-0.009690589505303623	-0.4636587808803601	0.5406324355021179	2.5079373635823283	-0.344682307690643	0.2803170451469406	-0.545394729900232	-0.9107978793975354	0.47924331028536793	0.28774794064556847	0.39196875935327863	-0.7918062048482549	0.3176497476607813	-0.5804722799919146	-0.04445760155650453	-0.3331423811703719	0.23580888085287274	0.0893480113040862	-0.20726796643556417	-0.12432132607721705	0.24324668691047477	0.18426316695543324	0.19040561599007585	-0.5212395994268935	-0.3448387962354794	0.2517332715978907	0.5770542102783818	0.17527816419181697	0.7916913451442588	-0.1724993467231332	-0.5731522273291974	0.21205596174984365	-0.1878397726644859	-0.42441905933704804	-0.35696296819894496	-0.04069212652621375	-0.29630040951959863	0.4380538343831613	0.4661763069657892	-0.006397088932267579	0.04233842292190914	-0.12741728393881976	-0.5853562148975802	-0.4313263540546159	-0.1617328474015763	-0.07054119105778113	-0.9480861396019572	0.11259300695347392	-0.2285847809221312	-0.8897137675150332	-0.3565822556851753	0.373623427304385	-0.32074622267813485	0.2626803644117026	0.1613563874243853	-0.2216455578234031	0.4379512748721953	0.008373221905048273	-0.2520876722480952	-0.21792266121421633	-0.0332759027228769	-0.1811892726159806	0.5208138403240913	0.19767741091040664	0.2916789617995923	0.11619357003544599	-0.034919440562755824	0.7081542017449259	0.20342299537713024	-0.15014921841409393	-0.34469633652580217	-0.34970805354449463	-0.406194652275851	-0.44576131476512554	-0.1557793582456336	-0.38682329491988693	0.03474589312827642	0.6714046054059227	-0.20656274779574332	0.7611935913544785	-0.003578499637263888	-0.6393584107823149	-0.34450369660572744	-0.33291700863577284	-0.12164813702204447	-0.5182903036155848	0.10885508635529458	-0.373835716809661	0.14537028312513114	0.25065704262889454	0.27471358041064786
DTXSID6046347	-5.654143418730639	2.142041528086876	-2.3510777504490887	3.9638949842015436	1.527835688561384	-0.1862887771133065	-0.4140814406941489	0.3965218987324252	0.08686373735515165	-3.358085609906269	-1.2240157891515513	-1.0498711746444453	0.43763691148561334	5.240171307402907	-0.16085172431350947	-1.036179724052675	-1.6232639280995569	-0.24878161055333436	2.9761823873121216	0.3446631535633976	-0.1813619098515661	0.06814485527967108	0.11928968589564112	-0.4614054431147449	-1.3684391164083376	-0.3608282868961567	0.07866692614737437	-0.38525565612576246	-0.1439207038887184	-0.4817481627799393	0.6035939184736838	-0.3823796792263252	-0.5227525608658108	-0.3405089773565624	-0.23006253382834502	1.080247445153406	0.26816837222574347	1.3518464910457841	-0.38441866568740585	0.17575566901147566	0.190576358018776	0.5032304549841282	-0.26820710992892355	-0.48482251644047913	0.010596138131727944	-0.6856552024760437	-0.32849607969234335	-0.21130044142849547	0.16832412165206273	-0.23289317770563184	-0.9391004004395616	-0.4357751139159414	0.18464085553278506	-0.6934956128410393	-0.5675846045158669	0.161118892716685	0.08803705314597376	-0.8770893033327636	-1.3235626019351618	-0.2350322056495181	-0.35873986186689766	-0.9764978676727217	0.16682527424990248	0.3929228660934161	-0.33763052470778643	0.4544691130206214	-0.5102280428481059	0.38718129679582347	-0.048811353775883734	0.21791566994503395	-0.6687060126834959	-0.181369863984532	-0.2512393594638008	-0.011299852057049671	-0.23168129171565388	0.2313794907021307	-0.20130741834496485	0.40996234613110816	-0.537850687639716	-0.2877059785264661	-0.34937577234874356	-0.5287426146329992	0.3070484900773614	0.13807192592024825	-0.5269289134846004	-0.33162948457288866	-0.19210424483764085	0.7645776767138438	-0.5265782900587951	-0.03261460535808631	0.2619913330447033	-0.04878477816356916	-0.13765960540505257	-0.10319544555047537	-0.6525697411400413	0.13157984903742803	0.09613994623264215	0.20371930379709402	-0.6077975204211564	0.0827998210214585
DTXSID8024072	-1.2815685598576259	-1.5644257645861772	2.274457958723148	-1.3032678316027575	0.5370973713590492	2.598278411304326	1.8480490331312993	-1.4012876630262723	0.07041209368562308	-0.34331008947458047	-0.8117954514839417	-0.013806303504521767	3.749297488160784	0.15320893394440954	-0.5082788053480152	-0.1820334621466723	0.47628763918179773	-0.33570292947540914	-1.2442577093640337	-1.870753389600224	0.18583253306744094	-1.0792380546720295	-0.1404524202977808	0.6470345420351626	-0.4839912289391491	-1.0758843494891517	0.6361992558339946	-0.5783582387232249	-0.8624895063439979	0.3117298328604101	-0.6126022262611841	0.7831937421508423	-0.6034627907659292	1.3820589266052508	0.5650771222867105	-1.2607667348310059	0.5657491156347785	1.027231099871069	0.2078613095707034	-0.04252186741839462	1.3481754979870304	0.9236705343317579	-1.2383201372124506	-0.3665459169563625	1.0322230166021358	0.6917664608985016	0.08468819343783453	0.7034075844144052	-0.7995428103963028	0.44976789951815327	0.8435327357233076	-1.582716220020271	-0.6341838013304243	2.8098699387099257	-0.9008731609056027	-0.42037341842554754	-0.9087314641188247	1.5712275051276603	-0.7055972549323334	-2.1649335337858164	0.3650841617066229	-0.2303552054446449	-1.312726236908535	-0.11040139320256351	-0.5594425676909184	1.162176558334619	-0.6270767907207322	0.5578915249765976	-1.3952802271030158	-1.0103310074082916	0.16279449692182993	0.8356829618139473	-0.518192798394372	-0.06269508031365541	-1.6533997198782795	0.2048439900342503	0.6395787668457578	-0.8630673328862918	-0.026981280845672407	0.1850766628840302	-0.3360550270339993	0.8011721913407348	0.24837492159729488	-0.40362673478799094	0.7190051172108177	-0.08478460803951483	0.37320884357926243	-0.07978851647688603	0.8721763135290563	-0.372357022382034	-0.08816283920151526	-0.10946023591124206	-0.3065973690780533	-0.5173576615451579	0.6025530230598967	0.07789476089858	-0.31773371656251936	0.562157935396979	-0.11541610811175383	-0.042561314448781716
DTXSID6040664	-2.5521487907371694	0.5970979035882324	0.023903719077072876	-0.07869303724710851	-0.6898173146220687	2.9906744162311854	1.5337154985389219	-1.0239548384290293	1.300199607911689	-0.6369578615314505	0.22774749469372357	-0.042418866493456976	2.1814539314416725	0.2165140377007142	0.6052866277103194	-1.129321538891941	-0.952201165391683	1.129279391106307	0.578386201860358	-2.4923703240413277	0.36462742391639014	-0.7846119011135021	-0.89745644737948	0.8637551561797158	-0.9101801725972966	-0.27399032454593	0.719380818539754	-1.0927108516197235	-0.18487218661701202	1.08444545308368	0.05235168020852673	0.15079274841142584	-0.46795239261783195	-0.20195392063028694	-0.2788452003959317	-1.2149120518530276	0.3857499311830788	1.1597549315976707	-0.5882120466985704	-0.4026168303269808	1.3432546180739924	0.4333880954287681	-0.8038815160778207	0.24276787090986768	1.315580498662037	1.2444072078222306	0.6326621995126407	0.5106722030140198	-0.3917078251271235	-0.2887567126759752	0.7883877536512685	-1.5481041678983636	0.09462783758260686	2.356890318457259	-0.29192597917418217	-0.12126785908657706	-0.807006080590635	0.5196985305807519	0.2133073253800696	-0.33351125038853296	0.04059701775842353	0.029663584083978164	-0.810098513831513	-1.0964429596161065	0.2793311082828476	-0.12472390042000904	-1.6585691358536614	1.3400274563490275	-1.626965082345638	0.8490004694381486	0.0492156483636044	0.7053881392809629	-0.5016578999751851	0.04068468690959642	-1.401859721958427	0.5023519607448043	0.8495114403550835	-0.09392911561910398	1.478241792561153	0.7239074893699736	0.25382756288430164	1.6240918097297534	-0.5682952752649796	0.0326754477026101	0.053453907905181446	0.5109096142596632	-0.09504051005465716	-0.2928106131978504	-0.07572220641670369	0.27297544333644475	0.13842001369293408	0.467994300084545	-0.6117918324795151	-0.8144957424494287	0.397861333556032	0.3928675509002344	-0.09052663279246531	-0.1150092746942305	-0.5524064623000374	0.047797070585081904
DTXSID4027652	-7.541072112994956	0.6888656348552853	-4.224935656201863	4.840552562251938	2.2877822640008176	-0.23931150309180535	-1.4733069642216572	-0.7576630804304614	-0.01065411303683013	-2.7276135366856167	-0.06241069661057165	-1.743754714653869	3.4176574973366542	3.403484741677136	1.046765749990994	-0.32890501789334575	-1.8583277637777398	-1.5301074142474804	3.9005272028023943	1.9499974997355833	-0.3603002767301475	0.9213737978547389	0.2244226681434813	-0.7669637542421859	0.36035273972952003	-0.9489518039551766	1.7458753467819745	0.09088015969045686	0.8468032351619467	-1.4051480373399536	1.9530392416858522	0.3817293723349477	-1.5949051366460854	-0.9516405694151944	0.07771563631162612	1.4521797718632423	-0.08283089207293953	1.1824686457825495	-0.2618948888256201	-1.2477253399444483	0.7208665622612945	0.9541798710567899	-0.2427222024582299	0.46133102509236595	0.8393403825399045	-0.8018149307862276	0.8684534790942021	-0.35686180967000874	0.2595593124226421	0.3052199120418398	-1.0346724170009458	-0.2377811762799579	-0.34380981590045834	-0.20165069334974783	-0.5239410629635378	0.9100974673469276	1.1219343076854476	-1.1266226649932527	-1.8137806236168232	-0.047106929025406995	1.1273196606957046	-0.2243049839289797	-0.23874406391317676	-0.13921591856482082	0.353409407353107	-0.6359164929146226	-0.6794993645162307	-0.3419146745834532	-0.19485551620982322	0.8169708085646786	0.015630006095501504	-0.43044945682302677	0.19074191924948497	-0.3626906868192657	-0.18075526882628448	-0.3811666611885124	2.3956509434205113	-1.42550724980412	-0.38879056440360354	0.4393025329426351	-1.071086686818277	-0.8630995852859019	-0.15775715355345044	-1.0462233404676462	0.5239549964272563	0.055925968335352086	-0.36574241958415465	-0.8302667185161429	-0.027746022233922564	0.8370796182433914	0.537044952234358	-0.027575658689454365	0.5349461092710387	0.19910419944758076	-0.2548748496934475	1.1290899178529314	0.6419442102214248	-0.3493232019125988	1.3671718768978347	0.521781166358507
DTXSID6026325	-4.612483826184394	-0.445932930669155	-1.2632676433358205	1.95461501621424	-1.2272872764429827	2.1887112310541137	1.009633982430123	0.16712489035310163	0.1205286458169317	-0.457146680129772	1.9585806317924024	0.15719476990065762	0.884908689422972	-0.09752809108963116	0.40850625770701054	-0.2226172751544767	1.0519530924269838	-0.40268729857320223	0.6893264774852648	-0.7783582595499616	0.8569095987078962	-0.5537587499972632	0.749007795667959	-0.308977952762794	-0.11349456095137382	0.19247225348373095	0.4046741532818699	0.973079173968815	-0.5857030078875441	0.38413506243609236	0.39763220223144924	0.2227202249481646	-0.18492260762771132	0.13239587553176851	0.3777936655534965	-0.3467256147712103	0.5544187406644383	-0.4582041313787534	0.2962848042172354	0.06856357547861834	0.28992223036130865	0.3228789499087301	-0.5217576187588316	0.840730605219196	0.4123116273451788	-0.5148521255791124	-0.034162458292139555	-0.839055993100032	0.18630925333570264	0.157081617055723	-0.5572351482065439	-0.027682622873973977	-0.6738867771268241	-0.12262704201749543	-0.7176778924646471	-0.33647477777274787	-0.6559990629239664	0.6553954538896297	0.12234255792951282	-0.4456494565513605	-0.25855688078334493	-0.2075190066995222	-0.40265294567006255	1.025426965571782	-0.03179517547844475	-0.5515765854031326	0.14194076265883318	0.23887496917712114	1.4346182454115344	-0.12308850069436782	0.5480335470384994	0.08897004643692155	0.4128122833965276	0.14266694823753046	0.008687154093108447	0.08727677768241608	0.6816742384872005	-0.1858906968097757	-0.16544932592033046	-0.2506252901301618	0.35387820033035305	0.2059951843024917	-0.17719404863821706	-0.31830155915286623	0.17386340956462074	0.10692185338541246	-0.043983675514720696	-0.6119912170351826	0.15271951168473366	0.17743185510329787	-0.12835073469046537	0.3269555187468317	0.02630512292298322	0.14517485464694008	-0.25965082249836524	0.22311424419824208	0.1626489857631409	0.251171062829053	-0.11808564258462724	0.09889496441240803
DTXSID9023380	6.254999800209665	11.169219470936936	2.4445430384977027	-0.3075788109817342	-3.30439472868197	-0.2489474053143662	-2.559205960003193	1.9074554231299379	-0.1938376475377137	0.3557499888971514	1.1508598586902508	-1.3954817838792462	-1.708072926261089	0.49931468334343504	2.085536692942711	-0.394783908171935	1.6472056527404488	-1.4256162169756255	1.3619045453469774	0.2547785630365572	2.352217347041497	-0.9580216547944392	-0.5143759231915255	-1.380486272079868	1.3930387584201638	-1.2549304234049168	-0.6769506580852735	-0.45724930858533375	0.07177081059705831	0.06184416796988387	0.24533897586370096	0.30692258770662784	0.5247517989718959	2.0239093506820174	-0.020326701996980147	-0.6784944114402186	-0.047643773097792094	1.543450013430126	-0.43214650986681513	-0.5924246874748744	-0.29166441267533255	-0.27931817295085637	0.11799533354541994	-1.3388878717627324	0.44880890811204766	1.1372300071657484	1.0915639764339211	0.7322474483893932	0.6675004251258054	-0.32907182402297774	-0.10163700840757464	0.6679369294739809	0.682559203399472	0.0030967549115915906	-0.3177423129161751	-0.6063855882172681	0.3641739123034661	0.30876708279237064	-0.832930207795692	-0.7284526874640859	0.22014355504484448	-0.4969469174364641	0.6011394352679788	-0.05568708145066044	0.10129973664013095	0.02970295116847302	-0.3673734612228657	0.09096018030387758	0.049667731232187345	-0.12452699566975141	0.007401263973968983	0.4438976590437847	-0.2566238965633004	0.18609895216050104	-0.3918105754718018	-0.029460455803949976	-0.7766060184578313	-0.02008455780307101	-0.3059327383032953	0.4625846994212545	-0.24549152889069656	-0.35651341961366745	-0.22626063845851607	-0.23931497915493996	-0.590469122231438	-0.11466014975596119	0.20931634699972806	-0.06819648365432616	-0.4845552739393097	-0.16531465165634596	-0.2977155654900267	0.15272636477110452	0.20776967608770092	-0.23077281428823346	-0.1179930129426558	0.4067789179866291	0.2276809143124081	-0.17738255822146634	-0.11436903903972655	-0.08920514375859157
DTXSID2045652	-1.6690528465034549	-0.43769379634348915	-0.3957456156105206	2.101560611658055	-1.0259719268385301	-0.6774323585119871	-0.4239019569580871	3.49761684515532	0.8560234320558586	-1.35469364940175	-0.21651567441323305	2.792210192294817	-0.18829615919081005	1.8830691680094818	2.3997640363744717	2.2740190083859697	-1.6776733508103532	0.9316736561535234	-0.8491384985046005	-3.062273187991114	-0.23049907343036857	2.3447036013800875	1.3088364887014923	-0.4631620047618846	-1.323323700809425	-0.872001401899883	-0.7801077046828276	1.0512225431940876	-0.09913753849039622	1.556343623204462	-0.8897608995809375	-1.0790700756935052	0.08674397035574	0.3531585427829487	0.6567313661765889	1.1293207465213073	-0.6027016044807817	-0.13587087612752013	-0.10115637820041826	-0.9568073805466277	-0.20951341768246826	-1.654597630473988	0.11338057290895316	-0.618567946339828	0.36281900256847527	0.4754225132093658	-0.14029704077819186	-0.39677794287744217	0.23175038163808448	-0.5489397614231205	0.2906394003275085	-1.2106294454715962	-0.05022980894712387	-0.06301572477747469	-2.390175313774907	-0.1282216967304673	-1.3844816685290242	-0.4741449417991928	0.7245167353070531	0.2615736690125186	-1.4665653611366942	0.2755480055477449	0.36466042717516933	0.40085647101887517	-0.03677960114625672	0.5011101985941837	0.22636780636050288	-0.741697419184312	-0.13045558916486644	1.9433044924246161	-0.36703972330022056	-0.35173147167709423	0.2113483292305157	0.163945160306296	-0.17506845200215432	-1.1333638044409613	-0.3122711785198271	-0.03924600096983777	-0.3591092219452361	0.26705222913899385	-0.4222719268296054	-1.033838061100676	0.06088529707617795	0.009311255507794094	-0.2394559009023778	-0.8372179196317798	-0.15181531739162205	0.7544794639386945	0.0032695454702767143	-0.24433284751497245	1.2618366096767117	-0.017121005870402828	0.5929428185880735	0.43787545219637003	-0.4573898837465511	-0.5519230852340737	-0.1616086589267276	-0.3739570604350067	0.1914124069193763	0.4099544520761669
DTXSID6031461	-4.713868192426093	1.5296638522847346	-2.061492678191318	-1.3561719321158676	-0.025414365336881968	-1.5248761051711324	2.134109751569212	1.294921803982883	1.3292970384163494	-2.874910557691812	-0.5826633474934286	0.7263347020554859	2.938753640736093	-1.5925025260208798	-0.30052130577550795	-0.015868760715659597	0.21477652730530833	0.2064474826322648	1.109186950919303	2.1153625931411852	-0.6096441765982648	1.8729567667364062	-1.1401683006775878	-0.3528708375606561	0.6398106915766968	-0.42029825525601616	0.24891345921930833	-1.934875866098581	0.6415713390963408	0.12243994175641519	-0.8163871780768969	2.4043962505907355	-0.06707904186078795	3.710742268838101	1.790124173863298	-1.8829842595672786	-4.697312772304519	5.940122463428804	-0.07427978595977966	-3.8676761482419426	-4.960298811850425	4.942486276465124	5.894610378710338	9.287349881761296	-0.3882041812941723	-5.255493700592601	-1.2525544322176438	-3.1362917556439776	1.5218771281482348	-1.072217474958476	-1.4053410727132976	1.394052688543201	-0.673130773312113	0.18146160037367473	-2.188661357213167	-0.19047070105557087	-1.421857935346356	-1.0502907233944145	1.1597228806878854	1.3417451407362249	-0.4922260472589492	0.5260985837425067	0.24447400903192198	-1.1461321716988684	0.5067340958800377	1.3039777584054268	-1.2271909404313786	1.215130258219028	-0.4549397090608913	1.184089754621329	-0.34666656924237055	-0.17565087786005198	-1.7672812769052741	-2.133938034940412	0.3709994040692236	0.21689651279687508	0.29337279013512	-0.4512984199090887	0.4115609916036767	0.5301504278187907	-0.3655705502459713	0.23245988351273245	0.776788793641305	-0.18404960938712267	-0.7634784352005236	-0.03952037951271347	-1.3854099523977563	0.04251758845556868	-1.3090170422373517	-0.26008909706241196	-0.9432121076047955	-0.10903058922459502	0.5111131888377671	-1.187514227015928	0.27853801936890815	1.1584848685760096	0.9700132382346682	0.812294205193809	-0.4552660107910991	0.34663163380277645
DTXSID3046455	36.387073045848055	-2.554822935484564	-5.452505043452467	0.9688537287086062	0.3176294718697403	-0.5697920201917543	11.23701048368725	2.333862517447402	1.7090953054931965	2.1964269560699705	-0.559575057483636	3.6337214072024073	5.721654334419922	1.7599808985055156	-3.679464041624308	1.8193718707104933	-0.5325329643971963	0.5838636028584624	-0.3472503582211811	1.2383646584127475	-3.7402167199634375	2.1612864970075227	-1.9261081337230694	-2.0426698236343284	3.582114663529246	2.485663641068933	-0.057156891837079	-1.964819067473187	0.00923948520216829	-0.32533865812336155	-3.5138079590796036	-0.9149593170003284	-1.3971502397540188	3.610832782409937	4.729081775676926	-4.417223254700558	-4.306598528302232	6.065627267090975	1.7736990603950076	1.0218231348793665	-7.448689548979391	8.666811325379355	2.4982406227299703	9.97625146058295	-0.35752626720532366	2.592785189518974	-2.1579283395591324	-0.8018372227649444	-1.307311819176959	-1.0607930538552877	0.4734600402465815	2.389346657555758	-2.9028922083024646	-3.6564436061259107	-6.3579754695537405	-4.457511900862109	0.946945503230203	-2.445318657313036	-1.2372194174488615	0.5744235122650937	-3.4129959870328266	1.5417281943903165	0.11282576039237154	-2.015495201581106	-0.24254169939444029	-0.8129824364296967	-2.331280528486682	2.4230164778945396	-2.7364625240715292	-0.22701819818892055	-3.9999703174087697	2.892553322181314	-2.9577664400584056	-4.974240538231642	-1.2104267248130873	-2.1569573778481317	-1.5047993581024846	3.43171808583265	3.804425402798863	-0.17337253552726162	2.7059887708545562	2.370269007400614	-2.2048634437431387	-2.5625870493341876	-3.190162858980236	0.8959498559724277	-2.119606425327373	-0.4649038113365565	0.20934201762106588	-1.4865606764206358	-0.4376068173800125	-1.5634142792081027	0.5589584897864536	-1.9255470695084975	0.6469966121063487	3.2683190727655504	4.0653293958496555	-0.03443462943470859	1.0124065962136084	-0.6414518919829814
DTXSID3032759	-4.248849665496206	-1.7694290108492918	4.624636868053529	5.986682969649262	0.5440344534944187	-3.3124631261950643	1.3071133515308846	-1.3622966306048159	-2.2924875125783064	0.37635967206956805	0.7175334251415811	-0.806713589252204	-1.7318990889555879	-1.8001590549425452	0.19577430454885428	0.6208207657284082	0.8377763744957558	-0.9726444616737887	-0.9890627729265555	0.3876606693069115	-0.2903794571802169	-0.21937404855527562	-0.3161884777324052	0.07259759412124334	0.5892127299026976	-0.3765498412783088	0.5042157864970132	0.02718771333667165	-0.10381115680079875	-0.7738399404962298	-0.17212260157163986	0.35523304878284423	0.2984805755618595	-0.2622745042257039	-0.4011386395856416	-0.3511409330338715	-0.14171932229202236	-0.6953759202356098	0.2302638888376009	0.19908811066586793	-0.30876471467299604	-0.24729852247417886	0.5385688758629117	-0.40605456163365666	-0.056207709495821864	-0.6532796368676975	-0.4443609654508164	0.08246535457229932	-0.1290381189942696	0.3833109301835586	-0.0028280581063130743	-0.21862447871550317	0.3075679234814408	-0.24346533172724102	-0.3098554954888652	0.23605092873429534	-0.3629093613365024	0.07571821529414406	-0.049027517640006534	0.3680361321108919	-0.09974137867550675	-0.3873741970145196	0.34236743517781587	-0.3872386591047973	0.2436268605415313	0.12430124486873463	0.0018253790286635128	0.11659085880863768	-0.271303755365607	0.2721914939327381	0.31995864822416875	-0.021720560161828727	-0.12832339677711208	-0.3413404272065577	0.3481129954381538	-0.23758530416680684	0.14083522000916662	0.16289138468991088	-0.012637131794884496	-0.3380513653954833	-0.19378484118204517	0.4995372859783235	-0.34604521042244685	0.009162026579399551	0.16765514123252367	-0.18124070898091524	-0.1464979783441406	-0.1375241939580067	-0.42183350569866673	0.045265115571666424	0.2804538302002005	-0.06116223122198596	0.37264482851394903	-0.4557153225913073	0.6460466652760729	-0.50259104642593	-0.4381044452361554	-0.5738386698089755	0.2802207354820786	0.001229825957243617
DTXSID6026901	2.1380117943634254	4.270631865331961	-3.107594136011542	-4.352718954790922	13.056561756777711	1.8603677676227388	0.9617584745908501	-1.4360789846620956	0.047714558753940435	-0.6644425700083545	-3.9892298524815537	3.403355116718434	-1.9400167981463654	-1.827026089847971	1.5638451427722753	3.7007401171294805	5.728688854744437	-1.301546222212284	-0.425230037083471	-1.3522495812790765	1.859295796835476	0.5233329407317427	1.412689960324242	0.8542494146373372	1.9096662964524649	-1.005175247737418	1.7852005419401245	-0.7625372121832933	3.1213204495777607	0.4255748904614831	-1.8870633159120664	-0.09673616863459039	-1.1744505314143225	-1.3701504533399287	-1.3028447250525492	1.339563616346628	0.5120581285208762	-0.8618537397437661	0.25051758946199276	0.5159703373241229	-0.2559337634113684	1.1686858006567695	-0.13418933842253755	2.26268021954719	-0.05727309979450143	-0.33251880292349983	1.5953280123143971	0.3551047483692014	0.05387342854374374	-0.5234138513333348	-0.03785185240034612	0.3659092498118409	0.9069801588747739	3.0820424319137296	0.2299150500902294	2.185197680332104	0.2539341637577041	-1.155651952800308	-0.38335758134599185	1.976465692381557	1.3720047612113337	-1.6991022270889562	2.23097182805	1.779956818583946	-1.5431429402927272	0.017107854773961338	2.050463457758089	-0.06896155160704756	1.1037995695060132	-0.20109409638582057	-1.2068528346891967	1.1816976352296678	-0.7160492499691423	-1.414750334283016	-0.15924509448173224	-0.5985682568120583	-0.1230382281143551	0.5757996785521937	-0.0635109012551005	0.6744018162621837	-0.22379732193378243	0.17801572549521535	-0.1278208143549253	0.06959407750544826	0.10654172903967801	0.41744651483914075	0.2012671447697222	-0.5457739481553882	0.6666479136852482	-0.08590702549874978	0.002156029706265882	-0.4039760217899131	0.20471092261721585	-0.10920286538608534	0.5988251873059766	0.09396132227267827	0.15654322567865203	0.23797804797771369	-0.09424536977848026	0.006461453673592697
DTXSID3048819	6.222691664617856	-5.124190493081332	-6.5286337830179235	4.160663299374194	-1.0590126168298868	3.8131864121759693	-0.9433500945402108	-2.524250625307891	0.4960180045164241	-0.9460182730277479	0.7951864610047237	0.8108821019314647	0.07940035112720684	2.103727432311034	2.3542225036053828	1.2553589002485381	-0.7412314919104945	2.7123755040607618	-4.1708855432997085	-1.3203199745714411	0.37480637892103863	-0.24179745961118254	1.4334912390600258	-4.507484869557334	1.9512722199289616	-1.0129314717856206	0.6749746975621072	1.3349726666589505	0.055894820877970965	-1.7132318582664354	-1.60140965051792	0.24904598367989456	0.006680451459135535	1.0169083821481422	0.11473504289279733	-0.7036430734853752	-0.733864307840966	0.7297737954124396	-0.22130979246081187	-0.960974311725848	0.295606626746696	-0.910435845527137	0.29198880602291694	-1.5274169583582602	1.0510253694397635	-0.10232051181693476	0.6527043389036785	-1.3869143578804877	0.7835527206973442	1.910218490460347	0.8114436295021423	-0.7672767302121878	-0.4666232409160845	1.3632566426838708	-0.19362408033377107	-0.6831360474741671	-1.0184547673870885	0.8687850141479557	1.1139312961835435	0.4423293587885321	-2.226264784687183	0.9122713108215714	-0.3921074773563325	0.2584225898587709	-0.2746642698419775	-1.1452325590943961	1.928904731583052	-1.5724841698581922	1.0645404856105751	1.3887473780490582	0.16134387177065726	0.7078210798109782	0.4038023495224079	0.033676121007937966	0.4798074460191115	0.5884858035451159	-0.44331987213171387	0.575209353928743	1.5363525297633729	0.5972889075865022	-0.11480615753303601	-0.7605659995668479	-0.8351684090071302	1.1872979119386189	-0.04596275160075781	1.7797736127725516	-0.5026855635613481	-0.417017948341958	-1.404432681435205	1.2473288974456758	0.2682530127058836	-0.02883238384859932	-1.4396873514935178	0.5705620209752518	-0.09989710078932333	0.4722064776347834	-0.278118488149227	0.5007520579511381	0.2555335232251136	-0.3801861534630734
DTXSID1046215	2.552952348604162	-2.541406786921557	-4.070922711880708	1.6980478264373007	-2.9168581692489473	0.3267479673122449	-1.6505155382252332	3.2121157159018536	-1.1890006166589695	-4.833523258675261	-0.8891389484128045	-0.08081567464461983	-6.507568249371503	-6.933833943883677	-4.815408192422852	-7.060071754662084	-4.947255944007261	6.427653087622386	1.1976423712939823	-0.6965792219726393	4.001023691588939	11.923210218099848	6.902556152450943	-1.9710798164366607	3.8494069202956296	-2.5940130052939367	2.215126761298693	-3.5590711775199937	-5.444402858372485	-0.8796324001470182	4.057136643601532	6.58775675372122	-4.555740597059572	0.06588130290233503	0.1913477182499552	1.2616103554696936	3.293167460195775	-1.5637829471139002	5.3735867215254265	1.760106792745131	-1.25591113770709	1.9422334903759344	0.21370396574672693	-1.325138319150048	-0.8784547336255923	-3.9576880458069716	-1.0688955841795629	0.7231919647424196	-1.615042514384149	-1.090992140711136	0.8600714409061141	-0.6244911073970573	-2.1832066370195977	3.390225331120507	0.10179735553171601	-1.0537270292439582	1.5777817820097895	0.4693129807924516	-5.32517477119857	-2.4216018864607474	5.3275686700117735	5.1605829100502	1.80384580760582	1.9346158981484247	3.509073079058079	2.1956966183621516	-0.34860304704701317	-4.633410174779013	5.884469370525317	-0.1079911571287016	-1.2922325588580237	-5.81827318516603	-10.888411872534514	8.903997013730589	-5.706202796073752	-6.153775250143807	4.200359150551594	5.854171316194047	1.4742953661322566	-1.0302048082281172	0.6604286850041231	0.8192412926826099	0.32733834750843904	6.214447467464277	-7.479363101872156	-8.036889758320122	-2.4349643444484275	-4.41556451898878	1.3859806010344804	-3.4554210434524393	1.9449459795510708	-3.9141479392008445	0.22127735985810956	-1.627501974988375	1.1070440893117124	-0.532992100282823	-1.063618061765165	-2.6933837651772086	-1.5771809602933426	-0.7240396983838767
DTXSID3022162	-4.72944173430983	-0.9899721866461564	0.27070738631062347	0.4529683017297385	-1.832605935398814	-3.3905619432371084	-0.8435773413957088	-0.6346942965774395	-1.5058457834318895	0.9261200974707182	-0.037639506816852276	0.8446063246977619	-1.1014810549740854	1.1843789706800918	3.069190182242081	0.8539834330320611	-1.7502507739507172	-0.3744985102005811	-1.7603241434871808	-1.7130174560102196	0.639388594367382	0.6633730866376834	1.7186257187685785	-1.3357981591093908	-1.228350171701395	-1.063078475174769	0.4598658646184265	0.7692164075920325	0.725447796665348	-0.0084395825671693	0.19700014468832694	0.36666851288536667	0.005399285633752501	0.006977572267702467	0.4627511278649761	-0.10453879251353172	-0.925825938978533	-0.37741317301724353	-0.5520350008276534	-0.5647591533000288	-0.05880115683867781	-0.5798275232640425	0.6664821675861405	-0.4189652313608778	0.7547828439669672	0.06802022119397552	0.32763075840137046	-1.3338013332053418	-0.623718262102703	0.2440293120021454	0.8356180487568424	-1.42552640531654	-0.09174867120738861	-0.00665420765764568	-0.781657466950372	0.36771898835191325	0.07343510033787712	0.06174348462721888	0.6522297484139518	1.0335916086957093	-0.6828759231526995	0.8891825200926464	0.32016696083651364	0.4988585327833198	0.9074758664302801	-0.39048741851512325	-1.1255764427297756	-1.3605278719121854	0.8502603623719449	0.18713994081096924	-1.1630971757332786	1.0550612988437615	-0.3665916528376177	-0.5748852350706509	-0.10937124497741517	-0.3728025858361934	-0.8045192665527077	-0.16403198560366472	0.500700380050578	0.31891021019272037	-0.7494206980069167	-0.24321052623157036	0.3221450888888	-0.1385400524539778	0.32922993080079155	-0.007985505321005315	0.015475867989319415	-0.06956695153659188	0.06590086156525214	-0.1653667793295754	-0.2388960411913478	-0.41593879298754083	0.2659693860259417	0.1168454851574254	-0.08906782404890978	0.07725769934356361	-0.19700676275580892	-0.1848520874264628	-0.15906594179940187	-0.09676464273488528
DTXSID6041349	-2.9278840512183337	-1.505520567104698	-2.525869821273008	-0.2299209227078652	-0.8918680760815669	-0.6543086937387567	-0.38410804455464354	-1.8144467657222585	0.3145885601281472	1.6827657421274291	2.7671590421156185	0.26312081032775336	0.8930504939208002	2.081380105717906	-0.22999734089920776	-0.6123021247328183	2.0096978964361067	-0.15901077842682165	1.1220108162822142	0.3302241158848446	0.16574231357760164	1.1201492659131647	1.114991372602599	-0.350783254806435	0.432809900585014	0.8235370494208846	0.08759080613508743	-0.17807968403513066	-0.4884198809411693	0.00936619653077704	0.38854183486080823	0.13757853143539683	0.8370339439495353	-0.009478904609915538	-0.14095470675534028	-0.1860452618646414	-0.683745883209568	-0.2988779596735938	0.6802740293341838	-0.2575991638790726	0.6153986569695019	-0.5288607296425302	-0.21810979975473155	0.3284618391891256	0.41242018532378044	-0.5027079609670019	-0.1935314479885641	-0.8451619126947832	0.14335496341322143	-0.29963975767011425	-0.35180960370757997	0.323932638839169	-0.24872973114993638	0.5328289015782331	0.674530793742338	-0.514291492462647	0.5650499271328909	0.33441487608888365	0.11849821146567231	0.05730386203522016	-0.14456385707953676	0.36435138673486367	0.3023726696775535	0.4097863532380314	-0.17550376282785649	-0.07819007407143447	-0.04054265273929719	-0.24274329320535418	-0.1873412893213342	-0.2567230982377699	-0.61011001851412	0.00424478768939605	0.20698750469574023	0.5804298735011502	-0.22044444158460696	0.14994891579729377	-0.43538743832659005	0.007639397912517517	0.16660378610428653	-0.0021877763710905274	0.16346714717598826	-0.2031125845888837	0.03130489167672313	-0.09856707447358082	-0.5980710051177693	0.35910292324174425	-0.24666089330721197	0.019286606822737997	-0.5489346095181943	0.01866140222832687	0.2803488207721828	-0.0796035997376866	-0.4183689992777582	0.5363464492855202	-0.28247777615208175	-0.22155716367980205	0.013093306914752566	0.13034683991349688	-0.04570695795335031	0.11644047420767772
DTXSID5026912	-3.7466461477225446	0.7239222481231915	-4.9685450789388135	1.9677776653072059	3.620001835563395	-0.27883177017409333	0.9701483392522319	1.1206947945646386	1.1578534701650434	1.0878301915209887	2.352325523824468	2.1672433684762744	0.6967739332774731	0.8374270734744022	-0.7731773736014296	0.20156487006524781	2.3318805745959224	-1.9677567200009873	-0.5320800439339798	-1.0614072623574242	-0.6849859606688561	1.3133440794741091	2.81576446359843	-0.16023542325573778	-0.19113751159055464	0.9587667534893798	-0.3443087018443527	-0.4052507736061597	-0.7973141593675057	0.10288491736899204	2.417148764513711	-0.06035765963100963	0.43249684161439433	1.4665381403435076	0.25963362086350517	-0.07192180954999111	0.11225507808052812	0.8117665299644343	-0.6880035358765784	-0.9992732247900444	0.7181139873379082	-0.220939598449393	-0.09925407436741397	-0.5464085016261356	1.142014935066366	0.1394080897122968	-1.8883806445852263	0.5026922305338507	0.5917855283932177	-0.6652051223953664	-0.9990439126515299	-1.5308206591156812	-0.8437302047099877	-1.8974176169310897	-0.9738968487035505	-0.3100567612195092	0.19651358690898507	0.9163348431856525	1.394609600736331	0.05643518839343416	0.03425589816173881	-0.6563354921448842	1.054938889712037	-0.13181441159609844	0.9370049067485601	0.6209628365302747	1.7460438800712084	0.6035819109986831	-0.7236468285778824	0.9352196701169302	-0.9986660386537142	-0.055434035454631755	-0.0018946133250064977	0.023214798184780772	0.025799361622797785	0.5232674119280611	0.12341728702237138	0.13334711150246042	-0.00473137095168342	-1.0438993442646725	-1.2532678543039417	-0.46293670744071286	0.37959223587970903	-0.11662063397562286	-0.1517442573647313	-1.040220517898068	-0.7422330416884318	0.6935936331227085	0.2486000385966484	-0.2441877082782414	-0.502819158337452	0.6713350456580669	-0.06197858000336092	-0.18762840054768437	-0.14154332377429327	0.12183333752729951	-0.9349951242312083	-1.0449279258492248	0.25892983913334827	1.523617689015772
DTXSID5034729	-0.41233455187652857	-0.8436631987616646	2.456162074171702	0.6376681452260747	-0.7018154798243256	0.6482516139786856	0.3845854962625125	-1.2155629939498593	0.41421887312920047	0.20418537662406222	1.1283651981057548	0.6009825181219469	2.3272876018524884	0.026240222876504408	-0.9629152750139525	-0.7640346438318186	1.2097568318796423	-0.32429054735567225	-0.5387693141187482	0.4246670766681229	0.2167373959184335	0.7967008447349535	1.6675757792605037	-0.8706834351340117	1.057836195432085	-0.07156798194338918	-0.8577457968582382	0.5900524883608435	-1.0004114642871504	-0.5702806674468222	-0.15084610169399087	-0.3810047046968869	-0.023882810541819694	0.9159671681707805	0.18896780047072417	0.08118861676497231	0.5538180759726442	0.39620895268168765	0.008469676589480462	-0.7122422205904843	0.17214372280631968	-0.4161138692873532	-0.71994309023615	-0.4581968068284864	0.011656109123471014	-0.1237403018310027	-0.4187913512481063	-0.8208029001009038	0.2630014843415508	0.7268248590993237	-0.5089927387746216	0.0771613365271132	-0.8465061104037471	-0.28535692241350513	-0.026022327117488225	-0.7660738685914862	-0.3464391069478533	1.1883628006115476	0.034035460180579194	-0.7460769180191709	0.4976663546886231	-0.8443876763622656	0.07351083490618474	1.342146713532047	-1.7459618926610019	0.9500034812291632	-0.13993114863756456	0.06477886723002074	0.5427561549947819	-0.13513056142832336	-0.11445013592999044	-0.434827221280238	0.2311967907241484	0.8024117669095825	-0.8369676649296428	-1.1978300042320795	-0.10685005992591042	-0.3528587789076228	-0.2855258757988702	0.6059142214508415	-0.3224873049808743	0.3922709471305892	0.08764013904484096	-1.0111702941147722	0.612412139207788	0.5553713781492847	-0.2804447596238403	0.6456971479780395	0.2899076058640662	0.3696221316330516	-0.609929875662695	-0.2802915614224286	-0.42364414267647255	0.6577880854352409	0.026777439434662615	-0.5005407470647555	0.1272687147635676	0.0027775799196410106	-0.4968536114973645	0.7120819856494425
DTXSID1044851	-1.3172894483339628	-0.7433706284395987	-0.5800050591728967	2.0638071068324635	0.2521008904178872	-0.4711874725892949	0.6199195329501721	-1.7567071197047788	1.9379708276373684	-1.1177905424027974	2.705887858298091	1.183320645631718	2.4314646775619377	0.27301985616487107	0.17869393270845402	0.48045337162206503	0.551144244770763	0.23479635670960422	0.35455407184142773	-0.37444524950124425	-0.9816461064946104	1.7653062203892649	-0.14225806410269914	0.6336479047322575	-0.0010752623251447813	-0.380760130808563	-1.7924053593942058	-1.3654801294312693	-1.0236950778244693	0.5181449481612321	0.1416648153010314	-0.32864232078233135	-0.7177529586689552	-0.10548001735841586	-0.10826192099339149	-0.09764216207573208	0.6530959684705785	0.30144739232912177	0.43444533463036666	-0.8573637346618199	1.0622747087862536	-0.2364323988908729	-0.4570005270451603	-0.2511717206251436	0.4399147659318049	-0.01441269943633427	-1.1434291049491516	0.5699246854410581	0.34048680696219696	0.26056191960676267	-0.7160559663163608	0.4744894513990592	-0.3345497715107142	-0.26605737686333975	-0.11852583404985853	-0.014901892172957343	-0.8700523264815881	0.006554287004379931	-0.12651368980545716	1.142661863218045	-0.4241113480251078	-0.48980788152514754	0.8868364052944552	-1.0429967248210363	0.8028169737499585	-0.23676187000645546	-0.1947383986190615	-0.37882222541861427	1.23953047922162	0.3784701178389325	0.27787386250453144	-0.9051810283775829	0.43221091797707645	0.5371445279491903	-0.4959096516521542	0.3682803647594074	-0.4480609346031358	-0.33668990883311706	-0.13002565100203864	-0.15469130014238766	-0.5143749027361689	-0.35311588257314336	-0.11195505502882157	-0.5806625963405568	-0.8870692937499619	-0.29666904196185134	-0.578016021752464	0.04628715929091431	-0.6592917345713772	0.20356579931680832	0.30037462085690575	0.3138046305001634	-0.0733931634653366	0.7029761851142851	-0.32496423194622825	-0.252992547723768	-0.407405051307219	0.33097188433252794	0.46967330287588344	0.7133435565427076
DTXSID0046698	9.16676817928607	0.7514535984072499	1.769509207258801	-2.5263128253924907	0.19848626876961362	3.2703223984806464	2.305392374407672	0.971512252023216	-0.2482848264059476	2.079569868760255	2.102225514908756	-2.060900210806858	0.6279450083311663	1.217372989211924	-0.014293212145166911	2.8853977878970727	0.40951102643015924	-4.042771801056046	-1.0391862930267806	-1.0979304633602924	-3.299680860997329	-0.1807368522251345	1.3431717542590251	0.7852587053968808	1.2462966111762641	1.727626005498998	-0.0104013514480615	1.5037984254336196	-2.879033606433936	-1.3473670336462658	1.5214891849525805	4.222483902546089	0.954332261472235	-0.5968380431020327	-1.4250717024906836	1.2762000176843016	0.4412331110631119	-0.6335428058332101	-0.08772369004507957	1.545295103054425	-0.5587282755963527	0.21767787734793595	0.14390966609148073	1.3079118435995254	0.8548554410009221	0.4808660154071197	1.752168882665902	-1.5202328271341088	-1.6475858668574295	-2.968970241061836	-1.0638928931504037	1.5931369930670733	0.2606526849042944	-0.43584190731567096	-0.07455509476791956	-0.7328865451380806	1.9924577471527765	0.10051916250602824	0.7430343695959528	0.24099243541059961	-0.4851793280903093	2.7573107661090295	0.877432222993156	3.286697694193979	0.9899165107741362	-0.6618458373446168	-0.7636141687279515	0.00941049099316381	0.04531069210009176	-0.2689376012433949	-0.38709474620998047	-0.0338058067424996	0.6144126088710966	1.2041038960502222	-0.23939581823600037	1.7738573431530968	0.3392765739044003	-0.9318538586180566	0.633237607491672	-0.5495799164889097	0.5628757223183772	-0.12201189263110102	1.0911412752768554	-0.3228974714499125	-0.5452434744440279	1.239148408681227	-0.20860820324265278	0.4160059641197151	0.3426958729149719	-0.15744857019918523	-0.07915053490767276	-0.49455400282396866	0.26707414614235186	-0.18096255496726443	-0.42778698233824264	-0.11008861185501595	0.5083235844786083	0.23937836305993895	-0.3258059462027786	0.3736313706540684
DTXSID8045226	1.8696965070023315	-3.381000498893082	0.4974987315748428	1.4104949498614088	-0.7085979217303179	-1.710231535937717	0.4529262739224301	1.1067896782124156	0.0963525330920273	-5.0951683785862505	-0.9738977571998638	-3.737309079034253	1.9934428921238743	0.527983692549949	-1.2661505190228202	-2.0563199899677325	-1.2819768176242339	1.9700628306182009	4.309234343966382	0.2600414849464554	1.8356286323077213	5.327779475664343	0.8889504947823895	-1.6149097312542047	5.645571853405699	0.32261326016745534	3.781539092535008	2.594133999657895	0.721291422971197	-2.7876851855838476	1.4490886651259993	2.6888097026020423	-4.937044834658113	1.5370320872677146	2.738292956395752	2.536729617316603	7.891378714777889	-1.2779233941273849	-3.058648719481372	-0.8215477466909121	-0.24930972515990063	-0.6358864428059784	-1.383910182026859	6.7432265184699185	-1.9631754657544358	1.8914709007673896	-1.138728944958494	4.477109841206313	2.5347487686471806	-1.4980920791333896	2.3526844148698904	-0.6620386363790272	-1.7262872462950696	0.944411164895053	0.8346990706269546	0.21565464661711367	1.3023770424193566	-1.7259255365535686	-1.1510201202145576	0.8011014189592439	-1.4338634127712115	-0.7270351475189506	-1.3471113267389263	-0.6980734077497215	2.029033960056373	0.6053787876358657	-1.8027292634593044	0.06481309116285483	-3.4292340166264386	-0.6167873540223545	-0.4400197365576094	3.6706595553986796	3.5283080232047697	-2.5513477722920235	2.3359955778158006	1.3654785857423024	-1.6201922924093957	-3.2209984467286814	-1.1928506371148053	0.2182501060903162	-1.1537181323155052	-2.4067403578262097	-0.23669576545353505	-3.171397497182306	0.756009493408857	3.3982506652213367	-1.151330048226727	1.5980667586215291	-0.10325500982137413	-0.8322966212157893	0.8169358246034196	1.2379677875832193	0.0889455898652454	1.3057692572535318	-2.0576121999956145	0.917268502564146	0.9059619937140079	0.43442399169977564	1.1764370895880139	-0.48798309832453984
DTXSID1047071	-6.119188891017785	2.336623839991809	0.5034775322029101	0.8448454512581735	-0.3166117638598296	-0.11692703237855308	0.5309116020039212	-0.11430470917850855	0.2780728807685188	-0.3807855891908916	-0.7226403378941328	0.7138618161784641	1.7721542012480525	-0.17831492804661564	-0.28184527295550793	-0.765312407124156	-0.32462848951803247	0.27749883184734336	0.28469964011283505	-0.8465347374880267	-0.8167437605850713	1.2859155846707804	0.08292357071843115	0.7646916109529401	-0.5323025620519283	0.4807365927222951	-0.5583656284385723	-0.6497523323762087	-0.21863720502744174	-0.0028998730688529354	0.56894245200095	-0.46155320826483565	0.09851673491865233	-0.10753324515434698	-0.1407025226166405	0.27186376097177123	-0.5372670413410657	0.827550241626854	-0.4096611116362482	-0.27706175930060883	0.37997970619236543	-0.6633341898515015	-0.7679920855904945	0.44947265995452856	0.5892508687577993	0.6457966789660786	-0.5482324611740175	-0.16851704949251609	0.7700329491350513	0.046058136726460606	-0.17983031717811124	-0.27050937117434526	-0.3836228483127355	0.27029803986514717	-0.21940386173687815	-0.4967669606522745	-0.7059384589706892	0.1976727462950672	0.2921972679152028	0.41547452780467203	0.12708049881452926	0.11649952459318369	0.4902796369319747	-0.11909566470755922	0.2412175424756105	0.2579239374595822	0.6532429579649006	-0.37323171658683135	0.6196818998629822	0.004483370057329089	-0.25375174278916157	-0.4049434598924999	0.45090341853293403	0.3007501459780498	-0.44971898405919186	0.584223383859681	0.616346517531818	-0.7720260584091622	-0.5339539329162041	-0.18375631477961185	-0.21320402975589772	-0.581304389408073	0.22722055123371024	-0.227110784866852	-0.27234939879843756	-0.23208010371214496	-0.25021121285816184	0.1960544383375458	0.2623436464516615	0.17077609369990787	0.41067894487672435	0.49681574618006646	0.28594154461910615	0.3844519573924305	-0.17287324658856867	0.3909622327798105	-0.18927430170757598	0.12625054428926394	0.14189966600895426	0.34489701036741516
DTXSID3039242	-9.594053869059868	0.9923228116286305	1.7792960288449584	-0.1996709012228403	0.6678153369819567	0.9545383144262602	-0.1708755287169538	-1.348086771837966	-0.9876844520884311	0.7616338687610518	-1.2651918112819316	1.1560016761561072	2.0674066168259433	-0.8230204963894613	-1.1263213720406218	0.6353180889211923	-0.4950763585266151	0.029507020104785356	-0.90429393731698	0.962766067015567	-0.5580031221576535	-0.5969371520802583	0.3856848025249166	-1.1776270861431337	-0.136778955828564	-0.1771682546220017	-0.5692199030949124	-0.044045891705834846	-0.0350132418071281	-1.1041414115214065	0.46980488858940916	0.7704516478132077	-1.2111595302488576	1.238472689778511	0.48203052383954276	0.6465225833489142	0.0912568565944564	0.9762893242800171	-0.4372458787764805	-0.3218637304407762	0.4246542247052948	1.387254688986887	-0.2198688159828257	-1.3591538905651164	0.41357628528293205	0.010523268385383706	-0.6397593914605428	0.8571015908006379	-0.10646538600089597	0.023658405984392554	0.1559173833084583	-0.06091249222275251	-0.7824021363881749	-0.1438521175233266	0.21097844598153462	-0.36022810150558726	0.6051300075689116	0.9733599576705203	-1.6382459021473699	-0.3546481327628619	0.5567509572923621	-1.1233682432634742	-0.2878586471486958	0.4685417921872615	0.47402305118115945	0.14455982832761005	0.5975933037584114	-0.10425830897390588	-0.07634317334118539	0.43742735167093183	0.0734554426255721	0.6793330014301983	0.3678302115329891	-0.03237299829151111	-0.5783915224240282	0.5233391995593625	0.6398534008392185	-0.1666852886077948	-0.30279809413886766	-0.5092928461682712	-0.785160044133008	0.23082683678130325	0.032024850032985615	-0.30433566120880184	0.5214638135331529	-0.29056010737953664	0.19877925204479394	0.3223066562056859	0.3726868014437624	-0.11507493111383087	-0.21525859789171048	-0.4853140166570056	-0.44195392844643944	0.11732815141765071	0.0652782928578452	0.261245978639249	0.22557068998861973	0.305223309732117	0.5552934763301145	-0.05408029020399637
DTXSID1048839	8.642975824618038	-6.070096894755311	2.093828007705458	1.4143746396062755	-0.35286921491606127	3.7367976674740455	0.7307210457746431	-2.709199968885139	1.725247246534787	0.5295432917814864	4.929463268516353	-0.9586345164744852	1.2374846583207038	-0.5247580293486236	-0.07335487006986001	1.1298271767163492	0.19289849055245914	1.9096568862443262	-0.1150925920694106	-0.2105356156212169	0.7366835988090699	-0.6048237794528122	1.1415117269447785	-1.784070933927411	0.7357056381708849	-0.5018266727903922	-0.842609276391307	1.3113441879871195	-0.5663291324569314	0.17965026415781235	-1.0401983216501842	-2.0323211114024904	-1.1284371473874684	0.7955829436275764	0.287048933109079	0.026308161297393908	2.0800124856354714	-0.15407672793567098	0.41634659727594603	-0.7755248957152261	1.2059601136248077	3.1602731988434347	-0.18545291315029538	-0.6463738017315923	-0.32938889530915566	0.4543371649568205	0.8564958515260604	0.009036569697946608	0.786105301571894	0.4951562964516907	-1.8496112075113713	2.4143304301577158	-0.2172006626202044	-1.0395677041827551	0.8083909168014329	1.7170939339492928	-2.0851626564512644	1.0994650110388373	-0.38732526131367473	1.014745136999288	-0.19691385722936774	0.31185046292592183	-1.345237597691537	-1.2773301258315275	-0.9734275831375516	-1.688476716444885	-0.4083774945428912	0.017006434569139275	1.2832151684704316	1.4476313151340612	0.3384724200425531	0.34613502441814775	-0.05329558403448708	0.5674376764707597	-1.4047104761354339	-0.8509182173967191	-0.3780711247386624	1.1182748864620216	0.6187557465526661	-0.035669111334613	-0.008528464866988284	-0.44997624242112455	0.16823174306229693	-0.26024007971137963	0.43711927505046877	1.1715082868922362	-0.06222803394038439	-0.26461278759496354	0.10015852689946797	0.5009440454540073	1.3691241808355092	0.2384090283682854	-0.8683576724232811	-0.15088469692249967	0.04496121850138236	-1.3202936836205714	0.6687512743848891	0.02066305394133308	-0.9135187310120291	-0.19553774151675554
DTXSID1045950	-4.038745209477223	2.5306577928595058	-2.2524716193953687	3.3510461879097333	2.2168140725815806	0.12172712172555264	-0.565281152483192	0.7471407341750663	0.07312667079194533	-3.2585004421010972	-1.1841571552300225	-1.3614555372685102	0.0742376585183765	5.242865188394779	0.19580077455150538	-0.9437065653333994	-1.6717651518178385	-0.22582054227707482	2.751803025691089	0.47466744447376175	0.09690390502459453	-0.2228662275285717	0.05659244849666887	-0.3407714700537386	-1.2622089015889495	-0.38185536055389013	0.6942368250122715	-0.07537071759559913	-0.08025740267541386	-0.35218331604533987	0.7457703766351925	-0.20948324067329382	-0.3816882725594979	-0.15018770072070733	-0.2172673431674142	0.8505654903694955	0.1919754746209861	1.1981972038882156	-0.16804280634941393	0.3193398004132373	0.16361627190199468	0.18015305508944307	-0.3999820286248945	-0.0727347035614319	0.2616597282852284	-0.7282963237010436	-0.20756443423264864	-0.17093024038046797	0.2185952804753325	0.09812032443631966	-0.842163657036958	-0.36834786169579564	0.3570265959836019	-0.8108626882165769	-0.5959529517422193	0.27470697069730116	-0.06685034903518641	-1.0169363821138961	-0.6015294047654044	-0.283158051431559	-0.4805277041930283	-0.7810067089425743	0.1529065824912296	0.2676550544881448	0.008448398425464852	0.3435737285527531	-0.33008764268846646	0.2669054966822353	-0.027546663103539676	-0.2834635464366058	-1.0922383690287076	-0.5239619660615296	-0.2082414350270952	0.3532221651454037	-0.18385324267671063	0.7624939170689555	0.10691917773238158	0.018189645851968535	-0.31317560097213776	-0.3130837444951476	-0.5515307247533493	-0.3714984874631986	0.3678114621140655	0.12620686668918416	-0.6554933509283792	-0.34192458767088196	-0.16406568167339933	0.7872892313831231	-0.3444110596648583	-0.005938879352997759	0.6022673574685807	0.14977460236566909	0.2949132777294923	0.05989034392578379	-0.8154036663357734	0.25847072607942445	-0.006218551579111125	-0.4501486617126469	-0.534164051609721	0.40401424855543455
DTXSID0042618	3.6741380064975613	3.321534282223867	-0.032688085716634424	-1.698179723262218	-1.0247479007595894	2.7172934744153765	5.808223883207367	0.5980188961343432	-1.36790718511122	2.253535690065138	0.3192282578991456	0.21156314754250527	-0.10805960405367061	0.5128535413592018	-0.29646847905342444	1.2290504115335121	-3.1200521825744314	-1.7511230187266464	1.5869358422395634	2.023298905677471	-3.6739665208133405	1.7211000498118034	1.2072911425143706	0.7843080112388805	-0.8809172121662261	0.6659143385965801	-0.052259652504602766	0.48448042498546906	-0.6094387447230988	-2.8505591482696384	0.22516012188612472	0.22712728231551949	-0.3516372221249128	0.6216452538515802	-1.5323679766706468	0.7549473498436745	-0.036957295448216076	0.11132022114430484	-1.2343205331089295	0.14321990081067182	-0.09906694512773469	0.9857971165828162	-0.43610255015343136	0.7678664492264214	0.6671922933891289	1.229423995845396	-0.3650269664816499	-0.7137174730868894	-0.17497758658966361	-0.05678477857764506	-1.0689518600571066	1.3040466067029906	-0.5249679828942737	-0.19044411610870288	-0.5526370757968364	0.23569700191626403	-1.1097172334463308	0.19379263359031226	-0.6872119207265386	0.11180734065040698	1.1889474970048854	-0.009803483104173864	0.9720204043253637	1.1697167234638843	0.9824469027343203	-0.3247962952684284	0.295288483322802	-3.088148052289398	-2.0382081186180874	-2.3766884177625394	0.1715783617905382	1.2678500516516467	0.40935686815646194	-0.2944795768803106	-0.973176769138925	-0.03195605405856271	-1.5628000791006385	-0.2726410751657052	1.3179513974612647	2.350964297372144	0.01944638492626696	1.3254062123714976	0.7392006874109063	1.2766222475980389	-0.315898240268807	-1.7058148442310064	-0.5069265831677895	0.42937259544765155	-1.4071309494437947	1.0451649011859443	0.6290814222415714	2.0928973025493183	-0.4408260010158593	1.1010651368625948	0.5352084000345501	-1.887593717613096	0.8081099335245688	0.7127126586898395	-0.6270142873825075	-1.4153779251112806
DTXSID8049204	-4.499429633861195	1.7888563362751795	-1.5819886168373305	-0.8349174212855158	0.18100699402587972	-1.1945575296374533	1.2455599512487403	0.8676275746112642	0.5807254395244368	-1.4337806701173457	-0.5376661064743687	0.3943667134945205	1.4789137473325682	-0.7502906963344684	0.3304613309382678	-0.08047014034813581	-0.8049613347122534	0.26718044720904927	1.5169109661570692	0.5285806928069847	-0.31690419789918306	0.9208845531010245	-2.0836536256310003	-1.0788831998499326	2.61560277258229	2.087122181088018	3.0878967662366263	-0.8556406936364875	0.4264180616283578	-0.3540390563456464	-0.04963135163073617	0.26897027047178074	0.03990493220252169	-0.9414963197911765	-0.5270156067051969	1.1287706704606817	-1.6269455350881565	0.7558316706693584	-0.942635395279159	0.4985111955333014	0.8970904184209528	-0.043739436644429974	-2.155299298894804	4.012867040266446	0.3844952802030512	1.9767298845196806	-0.5725677280033425	2.1807938308863983	1.6444041082908194	-0.3414108436752268	1.826766708028684	1.4385358948242628	-1.5622378974314621	-0.9847490008533774	-1.1807870143450394	1.6681487328183724	0.7593826516067194	-0.3776809594194123	-0.847342882367991	0.9023159865294856	-1.0836735267654765	0.5721828870457856	-0.9272637426875044	1.0659435075299422	0.280483157408856	-0.4182328847097198	-0.5440355807137992	-0.15811022393489446	-0.16744369585135768	0.323136131046494	1.2122957027429078	0.722191841426089	0.1577112555494763	0.7927026210763315	-0.8701841242918499	-0.4747791969870565	-0.4087222737353554	-0.4723310134137033	0.5345871508570618	-0.21720008883594658	-1.064898812675798	-0.7299688114627453	0.42882783596150437	-0.44098925365785274	0.06929821584311664	-0.2654911514056544	-0.8192415145970555	0.1647085275521602	-0.36902836109879683	0.09968219431282468	0.30131623978703737	-0.019673597626538572	-0.3492353787327419	0.76292425146619	-0.3550460856998534	0.647782838945042	-0.6401304656724641	0.4548139235439142	0.26902960619560823	1.1358531338666689
DTXSID3044203	6.848781795061981	-2.5425563984694666	-2.597597682883593	-2.3529200930643697	-2.5868107647826184	2.9096991260138347	3.627331677870996	0.880030094275427	-1.0985485253667633	-1.3579522921903369	0.17978256258315778	-3.399399087038016	-0.4795810381016389	-0.13493384991798316	-0.29532181527456064	1.1045957151614418	-1.6738853905208217	0.27593532833511775	-1.6161344824956159	-1.2664258481844175	-0.7415550123892072	-1.7290499052482697	-3.732987693677406	-1.8257854968389544	3.479942230597389	0.3742382082719693	0.8894618927276465	-1.6712892656327574	1.1339657184775842	-0.5309523645063726	0.8761110626592316	-1.2759201885093876	-0.9300678749386774	-2.0291457592292406	-0.04039989645513114	-0.4663218200060836	0.8925113078304476	0.6650397138309032	-0.5693664695650498	0.49953565963386964	0.42622710072647596	0.14243191973265407	-1.2061540897296992	2.446812011253045	-1.2032470457908966	-0.027507133783728693	-1.501853986893929	1.74827199248865	2.098471568517911	0.7401167395965882	0.7804307406885813	-0.8379265484381224	-2.3773087223780274	-1.2819811512750274	-2.6574415338004456	2.279246541494938	1.6434349267166422	2.4555979288669088	-0.5792539189841185	2.201145207259665	-0.21702958697314512	0.8050297579403727	-0.7738707291463682	0.5256788937213275	0.28597535719298456	0.9690302661922613	0.5928779100124684	-1.0515959405402255	0.15316718716707786	-1.975210463292581	0.7304350062859967	0.8776468558743804	-0.6848726508239777	0.8631990337414106	-0.7194214375810889	0.3311679386771895	-1.1943450149668873	-0.42433445259281183	-0.185536528179037	0.3934920840545261	1.585691318204332	-1.4534051683538707	-0.6461899737020842	-1.1646697678584643	0.5859319419275956	0.38687609509583337	0.4499915165175662	0.5004582900993679	0.3866751249034244	-0.9458402789597734	0.3464226160409302	-0.17676671049046	-0.28104028053676205	-0.43226241359147305	0.0415587662407612	-0.03554510369918939	0.8774187557045527	-0.02183129259836806	0.6365962445784206	0.5090124857642067
DTXSID8024999	-5.506239428671581	-1.0108914642409166	-2.386836711894716	1.1266707863730792	-2.5734863602869935	-0.6241778143226108	-0.5755564680952717	-1.1695888304959008	4.889505333209138	4.051376228100853	-4.868846477727531	-3.755725829657944	-0.8321136196897972	0.34220763750857763	1.4279470891765316	0.6600657863183349	1.698338934814797	1.3332768705869222	-0.751360227763071	1.6270544780721483	0.10406647273325223	0.5897618682528125	0.2856611424010759	0.402108629532765	-1.265185010712524	1.3226085338028335	0.06711704234571787	0.024543466315399387	-0.01694802283807186	-0.04155976631045491	0.59578025675281	0.23427512902012188	-0.2820738750081326	0.284510650090715	0.04380672525683051	0.17168846352850062	-0.1551623400159486	0.012166205252531176	0.4345086776000453	-0.6695605489708434	0.4134071714890385	0.10623069075238163	-0.16237736426264007	-0.3471033865076985	0.26694292294332816	0.09398288638902794	0.4683811718160741	0.20425338725071507	0.07256047033881867	-0.003943945159447713	-0.45859396905004396	0.16988418755956228	-0.5561578694580659	0.5661149551962592	0.15463223657086586	-0.0015058018417186988	0.8490184156290543	-0.06713807802973056	-0.10376175076978392	-0.14986259830511917	0.4651891919134467	-0.34837246287264495	-0.016056445729237045	-0.4018645645089385	0.12073471078666466	0.309473082946428	-0.170149100832676	-0.304139180156729	-0.03407021489541484	-0.4006215234613937	-0.05815479083579896	-0.2891498459164117	-0.45530156294783397	0.01825795011375075	0.07861385815532095	0.315047731994029	0.020990420468501744	-0.17244673042466208	0.13080324348970346	0.025270152857312034	0.06298622194846233	0.14403271502018827	-0.10393019868740634	-0.19692555517037844	0.034883561199554075	-0.0641618421835269	0.16538035051438404	-0.062343973480830754	-0.11040201807649533	-0.19996731269304965	-0.07929736401158044	-0.19070511879884508	-0.30431473205776627	0.1778655788754085	-0.2095703148569089	0.026209532434951697	0.1553763800067023	0.1321465793397788	-0.1256656819503876	0.11589015102417499
DTXSID1040617	1.7547645563687766	-3.95945127294397	0.3474491980039397	-3.2695257464997267	-3.9481636334694894	-4.489791450887299	3.6032860634025856	4.200308681427804	1.0935673646065858	-3.854045232319011	-0.6940240410310106	0.06527685016652972	2.856779152841419	-1.1153172232799136	2.22030756799176	-0.8676802108790416	1.9980329850197542	3.718875979066186	3.141868634859378	0.97116400935986	-5.618725740281704	-5.495991343642785	5.1136252421817545	2.0312035591000694	9.165732764033512	0.2708085426732637	-0.44678152989338776	-0.024044668766128617	-0.5977785883391672	2.3075349909923104	-2.345417717524121	2.760245428076648	0.880459177444702	3.2524888524952167	2.4160952203614987	-2.2750872211551134	-4.471934281108747	6.866505795172724	0.14976027195403477	-3.0028542400585407	-3.261656416353828	4.824076103144008	3.574188693800133	9.434700973626418	-2.325312950637953	-4.795746612499883	-3.788022391389023	0.4438772312680045	2.318870412813161	-0.4239042798440925	0.2868262746747984	1.8945968070725216	-2.426816563641437	-3.831859704319486	-4.179838359690735	-0.2616726928180479	0.21210149545074503	0.3049500127437683	0.5325845302815326	1.0039618245788609	-1.9046595320650768	0.16391000558200702	0.25947023507122646	0.8163692848623488	1.1706750376652704	2.9209452034531576	-0.9672430058422141	2.3666373412011437	0.02601096560814125	1.973542404121073	-2.0324853779097936	0.2647372823338476	-1.9674833124098732	-1.808765496185584	0.675776589950727	-0.7334517522307402	-1.3146551038735779	0.19498539708497065	2.127135860718378	0.40476232837739573	0.5136246556920705	1.895879449625214	-0.327994703303024	-0.7627390686423278	-2.254371469167797	0.920052544552492	-1.33159811170651	0.039041978803156636	-1.2950016887236562	-0.10943273255733081	-0.6681451101825205	-0.278641750464498	1.5237934927551662	-0.7901225143709861	0.7087068690848207	-0.6595736771852146	1.2519120631084508	0.30629575478345533	-1.07932923966349	0.21142175251344833
DTXSID7023487	8.662567946580417	-4.018446147225975	-3.395311819968934	1.6446079174839383	-3.3783462220542284	3.9076080305647505	10.119104756954128	4.407779445202322	-1.396971445159255	3.0747990269883476	-1.7399466890495907	1.7730613130590103	3.3439278757165574	-0.06211798097367855	-0.1848424570724921	-0.4687858699631459	-1.049512255592467	0.7937459262340019	2.4221827546634542	-1.1182108235222854	2.9054533197237533	-2.633493864567837	-0.8253861750616703	-1.6466543853329518	1.032200975095667	0.8699228116839356	2.8030405937704455	0.6429248267983764	0.16395079411516328	1.1511215797491199	-1.249177516035648	0.9306682727987443	-0.9964819517325119	0.8928242716528357	0.14699629636581757	-1.679610912019841	0.8566397814583494	2.04786571716866	-1.3612100462131873	0.09513282114997682	1.5951754131044296	1.1347835356758407	-2.264315718317907	1.1096351509016613	0.7454634363189323	2.9328618990161295	-0.1283322735584082	3.3528820953859024	0.6645854787528188	0.9198481195071461	0.7900007876067714	-2.445078242765702	-1.0538074206268095	-0.3125029894984063	-1.8740480718866022	2.9955072832427634	0.3898219649882229	1.9654241433212605	0.45344696332368956	-0.4783697185811761	-0.8640836236201521	-0.3080722618150019	-1.3307142922091721	-0.7193425761624541	0.8277610299813948	-2.511016211670962	-1.4615131169019675	-0.10535715196172468	-1.6615103918523175	0.3692309283995021	0.9893807794640558	0.6374240243838074	-1.9356693459920136	-1.0699442906266945	-1.0386020451821203	-1.2252313649233184	-1.8160393615593255	1.8688633541029782	2.27749636823057	-1.2578046594914907	1.1097766160818656	0.16126264000928303	2.055327878428425	-3.1967297458892703	-3.5631886744620505	3.4269834626729083	-1.935558962760563	-1.3928560081232022	1.0515002252239871	-0.5177059656806187	1.862594982782105	-2.024223989256652	0.9595454778964837	-1.2676978886149048	0.95982282072385	3.470825111194104	-0.542282928829697	-0.331229444055453	-0.7706326442227952	1.5249620883204533
DTXSID1046394	3.805168257392241	0.38468294129480113	-1.8589976015858913	-0.0053144735710055	-1.1074042089922378	4.6527716065513305	-0.5741417926860112	-0.6446706446238575	-2.0621405553620455	-4.709664433306266	-1.8457427872216499	-1.5530927343223448	-4.324822020686902	-6.123962284534039	-1.2072895384937476	-4.299183874622202	-1.4651614048067774	4.598018657145915	1.2408087295846528	-1.2885804015397446	2.5368198121231296	6.186984570851536	2.6897861370598943	-0.30051278497722483	2.250396448298466	-1.225238311593422	-0.23873511235017988	-1.9145678225072642	-1.288717516980097	-0.7080044343783136	1.5221145508930503	3.3019973264314437	-1.9109140764624803	0.9818177541351438	1.1427950353372147	1.1045210771444829	-0.18355101947017965	-0.8124858491514368	1.3130767054072452	0.2651039553497471	0.6549429016376486	-0.04659792531746131	-0.41906212075741744	-0.617170191230168	-0.19941287875553754	-2.2688174558155922	-0.7007438291787287	-0.11109168107085059	-2.9507852912168517	0.8159244707707092	1.9873200219252225	-0.3067400363939695	-1.8594139372876555	1.0222088657986454	0.6643470348574221	-0.4169056489339062	1.5543998608347602	0.1807662033599389	-3.5023871667898643	-1.7843843334689133	1.1014951781113993	3.0276094318555966	0.2454438080464811	1.2729618852008937	0.042892755716602865	-0.33852954271077806	1.2322365707272387	-1.1700456669067958	2.567560843942403	0.6800793871190569	-0.88645648104557	-2.9708876605704355	-6.175496573210891	3.5515155509870526	-3.2922551918806344	-1.7276873324627406	1.9512642650005305	2.255363428654236	2.374415159517076	0.24337722280496016	0.01707603889815413	-0.11825378086471461	0.5832668169475368	3.338031876495436	-3.439267779994669	-4.128571581720706	-0.0398117142055751	-1.3538236125521192	0.27094837319137877	-0.7189864538340733	0.9174061770736174	-1.1342738335673597	-0.10234983005539648	-0.7696257818647555	1.7059901716285268	0.13953654792321174	-0.8943112412520503	-1.2524006914109491	0.12891894602996323	-0.5124354390629823
DTXSID0022644	3.569018790800579	-2.134172904572463	1.4860837995808178	-0.8389637933056783	2.5766242789901628	0.6975191904976278	1.3530634586973496	-1.5184836823864098	1.0116427644545458	-1.087337815208406	0.6875490809358444	0.7960549707873611	3.0281097526800806	0.4232048516923803	-1.0506104001161947	-0.5508788836882926	0.2104937368562919	0.2705561160867806	-1.1296745607426442	-1.2134525155299676	0.0002062587448778176	0.5322679507722484	0.9810762817550555	1.2409550052928089	-0.9419275580247862	-0.25332525363750863	-0.045875859711350275	-0.46386153250720913	-0.5359849029111406	1.1199313403075761	-0.4889029632577141	-0.19802459320012628	0.41773430883977275	2.1550694050032666	0.794443838202704	-2.246276191251611	1.1564342886703138	-0.04765258825523637	1.361772062775741	-1.2094602653712687	1.1650999138863893	-0.30005416954073977	-0.827412052668642	-0.8388355796775744	1.6974976654606508	0.9327836784864476	0.09897426453884729	0.8274391542042735	-0.13762873036507278	-0.05767879882746053	0.4766164644824433	-0.4560118825418726	-0.05774492745492451	1.2960698944820068	-1.6071803802181848	0.1662478183841266	-1.3185662275375274	1.711798170763866	-0.35221139541707164	-1.5564303846049232	0.21604251563661153	0.104303737635495	-1.3578499396642048	-0.6424895146058766	-1.1823968202417008	0.19971760437540445	-1.479355868270747	1.4683286588728532	-0.6888988766901014	-0.751769978982001	0.4874269925935395	0.7722790052029946	-0.11227843588878504	1.215471571619799	-1.5569267975355399	-0.4363693717092613	0.523195143651014	-0.9940776864849062	0.9698662709610943	0.35020415558780055	-0.3506616094562357	0.46012312960671703	-0.05033896208158453	-0.9450140348804977	-0.8348387268590137	0.009050336984114211	-0.7297978842720523	0.36942790084277266	-0.21324192512106277	0.23070899903861214	-0.11896865511481873	-0.5344833591729313	-0.4918098761155497	-0.011880935880393455	0.41795757523812466	-0.811163113897633	-0.06182427780955751	-0.2678748849254266	-0.9436865163038641	0.48425970561736675
DTXSID3047924	-7.8406346971965055	1.417240347860267	-4.218113842027259	3.8443594426218826	1.9225711405086352	-0.06255231101111146	-0.13781219209310916	1.913702247199745	0.17446678710974375	-0.6251366459772147	-0.5438965953550227	0.667898482884882	0.9578589538037601	0.6987345104136368	1.2367802838011235	0.9485272526198878	-0.35769345809039166	-0.501317209052841	0.4682963350764116	0.2755615058351509	-0.3850142739439809	1.25251676868131	-0.9044023537440488	0.35904067817429725	0.965191197294791	-1.0314127552143764	-0.6092322583462795	-1.3422945406919289	0.07975157204692283	-0.23701407401943933	1.5610844427380075	-0.21874396440331312	0.2487976742931167	0.3444724740428439	-0.662586661999739	0.360152341966324	0.5808449119521646	0.8331285518575264	-0.309217528997763	-0.904655914488888	0.3371604312041138	0.7334490354687068	-0.31712466186883564	0.3588252149309774	-0.08257762747301702	-0.14074511721341215	0.10420435347555905	1.0299462677105027	-0.5892071723402357	0.9668846908300613	-0.13366930447061345	-0.03097907671548376	1.0091158994305751	-0.1027559185567661	-0.7026515287566805	-1.165434783785957	0.5392586830481478	-0.15235027980274615	0.8217676661950195	-0.29030731749823235	0.8699088938897184	0.9438864437763919	-0.5599488059354086	-0.0700586235446461	-0.44630979908509893	-0.7957714536375703	0.35247724640791295	0.637832555982405	0.2870466686405752	0.9778823506654835	-0.32164553611875496	-0.32450159492623065	0.9244412638447236	0.20318981079910833	0.5341426359795722	0.6333168245681495	-0.9182687519111351	1.415843899811947	-0.45556498851132493	0.38803366059954975	-0.3056424361055429	-0.3454974381085116	0.23763468602893448	1.0889559127277113	-0.23235972371313407	-0.6539998358819229	0.4190334081318014	1.2402268630689273	-0.8809506043019572	-0.0067833193770904885	0.11860899329416323	-0.165894463199307	-0.5771550252987997	-0.06888913533694724	-0.1534417042985437	0.7313481183967131	-0.25689213382487136	-0.28937001355497216	-1.1787476417414076	0.20796915774441035
DTXSID8046614	-4.818512375005314	-2.1595116685568434	-5.370347006246378	1.21419334805541	-2.3561233577936616	-0.07686580571105905	-4.404835254566878	-3.9648703928505253	-0.2977874495496829	-2.0622607968514877	-2.771485382899034	7.161931307328496	-2.502123201101898	-2.5869169732421535	2.0130926979353796	-2.212548692198742	-0.7833903865348519	-4.589796352401428	0.5562991599420574	2.430150763760385	-1.6983804282246924	-1.2842510728730459	-1.4189230096666896	-0.3263608769415579	-0.9289447955928664	3.354278051849899	1.2747291775619036	0.06364420327949911	-2.0992194072531323	-0.7792719140695495	0.3715900086841698	0.3030101788265432	-0.8568541243273166	2.1213831431664945	0.0010559862036247122	1.253822921251921	2.0722849009376447	1.098517918426163	0.045073746696800275	1.1508203722414307	-0.6773878091245837	2.153298081315607	-0.2835903368424791	-0.8309629063969294	1.035182764348962	0.8460957297642323	-0.8633783128170193	0.932825666316668	0.14620623035280142	-0.5450534130986963	-1.837454239668614	-1.181197701233219	1.6099458866552647	-0.6770808436679727	1.089065320745067	-0.09319451352420435	-0.028270235723812442	1.298029312887564	-0.4050461201989181	-0.35258216611630677	-0.3952407180539028	1.0049491672613722	0.604834780426524	0.47687973453030413	0.6126336589593495	1.4096801757536224	-0.053054559617094814	1.4565428689122262	-0.5050958055229466	0.031313616086841176	-1.4737149393854452	-1.7107980135262915	1.6572030264416695	-1.1537887772533018	-1.9104100083790467	0.7553745265444282	-0.3094719185339204	-0.32189200491436537	0.2530552533460176	-0.6022659008926485	-0.13082592191642836	0.5312928693584207	-0.12012145061149328	-0.3182342690603042	-0.19859399961330215	-0.8739108051072644	-0.5803151153215454	0.750523113248197	-1.000257359953276	-0.20569382204366762	0.37862448302934515	0.12157987009067427	-1.1755280295773864	0.20954381962161747	0.7921836959706592	0.6285178229770491	-0.6324441184744646	-0.20107959416435892	-0.1817258861056161	0.436576488356476
DTXSID0022981	0.46669949185760107	-0.5378631992714331	-4.0598756232074455	-0.603661731695942	-1.533218028298616	-0.21647229986099312	5.4663863560277655	3.847433442501646	2.0590615958604515	-0.9244489055235255	2.803359210531685	0.7826145627224428	0.16755139225558957	0.40278953733422623	-1.027251277215605	0.7402369442393653	0.17120196878455932	-3.8830065787340935	1.3728898277242272	0.14110894434428312	-2.1165859343295725	0.544964118051485	3.2011830860839297	-1.3488705082305914	-0.9949917521346495	3.1204741696459033	3.808857885065441	-0.7128533927889824	-1.43332744173635	1.1001936109133574	3.5384374837290373	-1.1394270381493445	-0.6921275398940471	2.565499548662705	3.3612391604170577	0.7815218276884358	-1.066253047198813	1.2870691429455234	-1.1050247391061863	1.997250595045358	-3.0139144772089987	-1.7831209587191985	-0.15998985108776761	-1.3518273629747615	-4.4687516175326465	0.19158314661933945	0.3457010458430012	1.2778520096501724	-0.4429833152739092	3.680515119908492	0.6646632988984945	1.0497280294445348	1.4108277940622307	2.0285014318916392	-0.9228286173398706	1.1970597908900653	-0.4760885560768627	0.09934421740594648	-0.8743112410904172	3.1809864358751314	1.5537577740981297	-0.9901103478904808	0.25803554820028013	-2.29008068739981	-0.0041720517720651926	-0.7807556846813746	-0.9670278733701698	-0.2507298244046796	0.41785678630633577	0.6040950212697949	1.476147443052247	-0.11995535757060886	-0.40917826961612114	-1.0942938767000805	0.9217145881782175	0.34197544718879636	0.49597387572883816	-0.964384532821441	0.5475643290444506	0.31382314861419486	-0.7447931369885262	-0.1351921750644102	0.9307454143992092	1.2028931495518798	-0.00614935350985785	0.22895981734493714	-0.020050788462092458	0.30667265968216045	-0.16685794299740292	0.9345263408103658	-0.018072487803462284	-0.48783042484684835	-0.8873782330668142	-1.5922935032170573	0.6433693167700278	0.35496863786859384	-0.6505263113878665	-0.33480020951315115	-0.32293040598582506	0.17128999730213915
DTXSID4039233	-5.40681153632765	2.749518259690488	-2.996748664535684	0.6855378657592534	0.3215771601333405	0.19919127824306707	1.0840145180018759	-1.8792219241042654	1.6084861666391645	-0.3424036759045121	1.9458222788889439	0.5639121007612333	1.3056942428239238	1.162108884834945	0.6762024247299638	-0.5978510626006674	-0.4448072492688859	0.8248836092405601	0.5237777659030258	0.3390083005800762	-0.8541097564564506	0.8307172138603208	-0.623556948121728	0.00019440907201684584	0.12302345686513035	-0.03693128314968461	0.5657029179441038	0.029438879398754423	-0.25892739376270146	0.0656052350520724	0.206004163164019	-0.17567517255038131	0.486150719856073	0.38842982548362354	-0.1978198227148149	-0.121167334587178	0.6217836369317028	0.4626287761741287	0.1600315282359907	-0.32950515961598853	0.1496454175344618	-0.40384170453504575	-0.19963621712526694	-0.3015013579902447	0.32090637102558467	-0.47453038568730443	-0.0844949730569519	0.21622657427578518	0.3918031720740326	-0.21063808632181502	-0.28914164862542885	-0.17485306834594358	0.06956466587344656	-0.5558159386010642	-0.5207554269794805	-0.3087910351029716	-0.6881198498029145	-0.5694928542016214	-0.5852501836060666	0.0685547668115726	0.12439575177686399	-0.49366283387731347	0.12723034831122634	-0.5151640767559719	-0.34742550501099956	-0.20714366624823158	-0.6915563630747994	0.12049293596236646	-0.1789019804632611	0.43615912602181217	-0.5932596431956295	0.33546313999676114	0.14620852078839686	0.5285550962502368	-0.3809994640014794	0.18389499422944286	-0.265446619019372	1.0004669763200065	-0.5470519239122529	-0.6229059167078973	-0.14934067133591478	-0.7998703233155858	0.08020762190785627	0.12720051733715204	-0.6577468771232277	-0.0037759419462830477	-0.05006684194121873	0.22982177676468155	-0.2625678566653117	0.27752202357643646	0.3892470212408747	0.1338160469044604	-0.5050158642263682	-0.0996155763635924	-0.47958318131436967	-0.3677504397462302	0.11993275738879708	-0.17006981205638308	0.15263987811258653	0.15303472657293857
DTXSID7044473	-5.1881592890463235	-0.5350063118458084	-1.5358799590623549	0.7105901820207703	-1.4567042235466445	-0.779668614054959	-0.9376928132812868	-1.1142617053600852	0.18156274394577923	0.5856373062079178	-1.562925431347095	0.006437944761762539	-0.3440598827945079	-0.8145676562344473	-0.734456721456412	-0.8483458106996283	-1.0911127894463266	0.16563966100389674	0.13635649204122713	0.5169534739034272	-0.19956228364732737	0.2482358065780153	0.3163283735247778	-1.0679486358771342	-0.05946812053446741	-0.18778150979250308	-0.12800472352486247	-0.28749749652499834	0.31736974163167936	0.43322837727819585	0.7524014544339213	-0.06288646556709425	0.45808003837904965	-0.17402828784768987	0.1159817214593154	-0.07454582469568176	0.5184962865413172	1.0283347105140068	-0.09475576401169608	0.2519152956149868	0.5531789648376645	0.16145955480473614	-0.408860611607611	-0.14797946561703587	0.16095728766361803	-0.16312711189391305	-0.2022809358889526	-0.49457348532605205	0.7073524058979392	-0.10495362088264296	-0.8692300259384723	-0.7799152627633466	1.1263778762802312	0.2717506826164278	0.979623121875991	-0.2546557775949899	0.2593148392222312	1.1138491117654044	-1.2422198390014598	0.3395818896239678	0.05058336265926627	0.9887798298115099	0.2121255972918963	-0.08839226710404562	0.18174955469682103	-0.8429504696882719	1.1107566954290045	0.38872391158668435	-0.007624128763906998	1.3971056746179837	-1.029910885429112	0.06527197264340577	0.40253548556787405	0.46510197865092023	-0.6580243851690352	0.9861896616572461	0.6135795355390204	-0.0751598600182968	0.9140826845642447	0.4965052648120352	0.10423313365888687	-0.27899374912261654	-0.9708632464842109	-0.3483844627060191	0.07754182830642442	-0.023806956001791692	0.7419447297328975	0.5978206062973997	-0.8134217235800647	0.6680593471725146	-0.30876710954483205	-0.402199533255925	0.21663567163255518	0.9324582100760906	0.3750358706778466	-0.09714965414215168	-0.6652070130673188	0.6623140620181566	-0.8526795788416557	0.5737478252873756
DTXSID9023388	5.178671986768675	-1.6019315758089296	-0.39971408910743333	-0.5668379478793004	-1.4380883938924103	1.1094241404850735	9.186317230237853	5.495057239294698	-1.9248235041112047	4.280138922153111	-2.213448841534535	3.1674409262572025	2.313484587426103	-0.21829139992151075	1.9355009726603234	-0.9581438938375023	-5.6288344087875775	-1.1490410063320318	2.452710855850406	0.030433758499529947	4.628461157807541	-1.2040252272154557	0.12386163032187295	1.0759903088699003	2.0806438218043235	4.444743081916784	-0.42072890710887084	-3.023923045449892	0.6956743834412377	0.9585906480393219	-1.8311991173677424	-0.8932517984532851	-2.696902770670067	-0.4686211650107092	0.8431368393527138	-2.8450327967880447	0.42438505862770476	0.8886876626736582	-1.4314229129696496	-0.2805328149167502	1.928625406256317	0.6609769217740395	-0.3894122686225683	-0.5604040352298941	2.605634515458013	0.395071137088683	-1.4943042539310258	1.0490816906068092	-3.5987569572006906	-0.8071815810834843	-1.8283163811042893	1.2098925169168258	-0.23304126163397001	2.2964960347694667	1.8087628743915685	0.7733058231186983	-2.321373223101062	-0.7850947706255724	2.0893302316145603	-2.6140682310947745	1.768301173845691	-2.3732511291309377	2.4392696134949596	-1.8079535838400822	1.4422533498378847	-3.2689768715971312	-2.8963024123385472	-0.4240135764818268	-1.664780329136293	0.8991356291378777	1.492946274398728	-0.5622966720211203	-0.74938748572208	-0.10431989678688684	0.08324842756756465	0.7458946980054568	-1.3253608373437704	-1.0240538695282508	2.073145605524163	-1.383116826027891	1.3149857429313456	0.9038742575902583	3.197487388662793	-1.930950569749549	-2.75637509493305	2.8829378984136076	-0.2706426751349258	-1.5954779931429732	0.8111341744161795	0.09870076966586384	0.5778862477599933	-3.38906082336767	0.46339394683833257	-1.1068333003580064	-0.7906738678635282	4.035852362542092	-0.6035814648806851	-0.7885583944995589	-0.5466539457771102	1.3404836904371238
DTXSID6035784	0.7688426698437711	3.851067617064516	-1.4915854897375664	-2.2554779685651165	3.8183330693342437	1.183304336430926	0.26375124682369677	-2.0194444720732867	1.6287472899064135	-0.8769013409322481	1.0784765102930225	0.9976080744520066	-0.06788774502484114	0.9411452694709525	1.0152046530410994	-0.25039902626738764	-0.613367541930573	1.7297282002919325	0.1978890929127978	0.7489475390706408	-0.16200798937845198	0.5894220757648329	-1.3966991606392354	0.40262089328463946	0.12010775561703486	0.2570603003378849	0.2097983690958138	0.3066307430778354	-0.009500340663629711	1.2647356682164577	0.32070540662077573	0.8203084193259643	0.7600586750036019	-0.43997423509147715	0.23099448011961474	-0.33053673019348223	-0.04208607352668234	-0.38854144234685223	0.33711430160869765	-0.7517901745024675	0.08773539465149519	-0.7442352556411682	-0.14816370771064186	0.14268181353213644	0.3446936830485695	-0.46442614882213246	0.5980652796475571	0.46257802225355443	0.03697045141864551	0.4384169106084281	0.48782898645254813	-0.38005062648389915	-0.4061705200777261	-1.2033214967035648	0.3540437365771855	-1.1854743874908777	-0.567629838185874	-0.16686241567618498	0.09713444576200832	0.5071114939766788	1.100515735855466	-0.2981307885064145	-0.08533270234041901	-0.5772199078507319	-0.40192974543115567	-0.25911613629275143	-0.3798297472302324	-0.1555475973564121	-0.32615578285936386	0.33777294618553977	-0.5358723953853312	0.3124651510745073	0.40830586537145525	0.43178802460508425	0.4789062080401803	-0.1699638023584893	-0.3445530713740855	0.3213029280733802	0.33563621179545705	-0.253210484900189	-0.1421584610082603	-0.10243002095031997	-0.2912421963405885	0.15925552981867525	-0.167294280996233	-0.3249135632392856	0.03858438614214953	-0.013583177391719723	0.1509871237100914	-0.23537302792681875	0.46335547486715656	0.05745497753732999	-0.4484925455030394	-0.6167222351465786	-0.3796319758336243	-0.13163473351935936	0.2834480096192633	-0.06910046864903384	0.3805248155622361	-0.24271467128170346
DTXSID1021118	-1.9808271792327556	-4.426233533127471	1.2479462483473935	0.004135987448010731	-2.18282174084931	1.402230117521651	-1.5190009709868044	6.817656231003322	0.8199023655222593	-1.2872327834693615	-0.9871768530453874	2.7330713471306196	-0.13795527522183035	1.8097441546559496	-1.5276294531701895	1.93786214962694	-0.2574849423611428	-0.2567179509832292	-0.20536358719080178	0.9513909396374011	0.8779165038672803	0.6458266374923515	-2.669754798216376	0.2047269498848437	2.511625051724024	0.8963170922559532	0.5874527901375077	1.679505805405093	2.6978554574235667	-1.0951102272004205	1.3228090940734951	1.0999271727783273	0.40032303424152704	-3.2280907611985037	-0.15322391954740577	-1.8899744710151827	0.08027680574240897	2.2959669904253217	0.39590199239810175	0.7322991771128611	0.3916043116597374	0.05747176446916675	-2.188404789028384	1.3000696288906681	-1.3061069804293313	0.3183877127646403	-0.6037615875393152	4.471595681091609	0.6965418261780456	-0.006269621821076325	2.1424716809958135	-0.4610519580580734	-0.661683330469628	-0.9224968864683148	-1.2580290837966523	1.3120768317405547	-0.2776789364176648	-0.06913022354615753	-0.543533167959325	1.0331497396433276	-2.253778556577008	1.10522487047058	-0.06967870611011306	0.475396590645056	-0.8031592440287765	0.7211999199811052	-1.2774633338730998	-0.36533148298723556	0.07981317492533123	-0.17612182522935327	0.8108787423784787	0.6538415570026483	-0.4947972111261606	0.5074699123940156	-0.19987324606154425	0.2765203639811801	-2.0049079997930983	0.9273084357184654	0.7620943025782088	-0.6042829683541563	-1.3527152130487488	0.4162648003884914	0.9772506417697624	0.0549924769855142	-2.0891795735898078	0.3644400657014001	-0.6059138139022052	1.1981286723113607	-0.6265682987758454	-0.46629369822452	-0.2580482168554589	-0.8650863313279293	0.04654898988800747	0.0695629831003494	0.5161976221823338	-0.37230347942744707	-0.07898103721703748	0.0970564547037193	0.45283079734103987	-0.5951906489098429
DTXSID6048200	-4.637946465561331	1.1929561727735305	1.3351155870520761	1.87229362151929	0.7672105979058386	0.48499429200762534	-0.07168189580997872	-1.513510304472628	-0.29554782653765627	-3.209378253982502	-0.8748183359026254	-1.1680602579528674	0.21073696757933416	3.5845181735052805	-0.5614310495834484	-2.0635285938156063	-2.1953876367926983	0.5121353443178597	2.3062551032408414	0.593182359956189	0.22008509140685356	0.21470450584098635	0.7632316146212424	1.1067233961881695	-1.7301223127261955	0.6608934097130563	-0.7175074790696375	2.0528358387921606	2.7124875252413854	-2.8351457195085135	0.976608948751677	-0.03714294703858562	-2.434291746388619	4.360122836916599	1.9185341525254687	1.4833789789477558	5.319069202425291	-0.5583734099239133	-4.461215277577495	-0.789547242240923	-1.1746540018897846	-2.731487759569944	-0.13188511868698016	4.154322474507396	-0.49399230332410266	2.407678924982431	-2.1825337261393742	0.5218714125520538	1.9322991676994912	-2.2185613386584295	2.215379086777399	0.5945839443089372	-2.9019617707062806	2.876951639676757	2.3250796756307035	-2.161670719175205	1.5469766849909612	-0.9373937207949019	0.5740617226076179	-0.07225897579657112	0.9217598055929164	0.36643840719255116	0.878528149991234	-0.8433064190479652	1.153001700323836	0.4881760795409766	0.44545446228768576	-0.4633927512767454	-0.8982742943797294	0.7063491141589611	-0.5202634952857677	0.48576904298923285	-0.4697794610840935	-0.6802129406311139	0.3235834686705342	0.7793866321735247	-0.8412207025187909	-0.20951198618429784	0.09025449513394834	0.2879650863750954	-0.19810370499777782	-0.6664092700839288	-0.2658687880269975	0.5409649686300744	0.016706121254308766	0.24720421388654196	0.625924479902553	-0.0011777140251891265	0.05368793253218771	-0.16783014512894545	-0.28634119426865606	-0.5490215366025513	-0.43343567997966836	0.16384993494776579	-0.23400552883676942	0.8315968786193155	0.6824516061076968	0.471148752395043	-0.3915117555422732	-0.18745995771422588
DTXSID0040707	-5.423410954980031	1.7308683382125056	1.0763166379479092	-0.2743605774366565	1.4325009610760109	2.276975616313032	-0.39070859193127383	1.4296691125746537	0.5919086144843241	-0.2682247269096381	-1.3324598605131435	1.5754935504768306	-0.25333753879099213	0.49154047489081804	-0.5293808898480377	-0.12536000635943909	-0.5895629088161755	0.7323762510866173	0.8076803843119997	0.04105160945443943	-0.30551889500080653	0.6779772519091962	-0.3738969138573358	0.18156395040721957	0.33205659141272026	-0.28379748124080556	-0.2631035012367645	0.029126951264567737	-0.23424175579523326	0.2629853704866871	-0.5042377313393835	-0.6840034458141616	0.14739930417180735	-0.5389369498683962	-0.3348016712611406	0.11601442589754993	-0.5296014457215205	-0.05505520030582713	-0.1053711727393823	0.576902926501464	-0.29001395122652596	-0.6634554747676502	-0.20999154857027166	0.8093184159552073	0.03426636447735887	-0.15317802198715672	-0.0003603886664663339	-0.13901334873118296	0.4499073854607829	-0.3192283458748488	0.1609161013850551	0.149740567911201	0.3709713918008578	0.526424232459971	0.19877141383820066	0.35769184754266325	-0.6365389738091619	-0.05446912516817594	-0.014342695259652429	0.2521309857066719	-0.2085090563248887	0.7446835487732457	0.3159390217586481	-0.0052978305800520835	-0.33281129820870714	-0.5312959855927316	-0.06860479498188538	0.019121344705158128	-0.38647493845487124	-0.09001086021743726	0.37708633049031054	0.0777651817553192	0.008195036962920933	0.24368441204608962	-0.07975538148486717	-0.03760853301931215	0.022014309271880115	0.002625239466011801	-0.267137564533065	-0.013147822030601579	0.31336853223580796	-0.23928437640142924	0.10973797863115713	0.0353315045170675	0.18827670102115254	0.11865452334004273	-0.060504670489225566	-0.0010622774831283309	0.19893452136941656	-0.05548513234110062	-0.05664026175212026	0.09782046789472323	-0.4221015962658765	0.09284280815664739	-0.01454466307411647	0.16308979388044362	-0.1788054707121208	0.08133258778012142	0.19284976550061575	-0.08984891183125109
DTXSID0024399	-7.283626417582196	4.182638546508149	-3.270946253033182	4.0275885630841435	-1.1653680996265041	-0.9422489112613386	0.3003318532464238	-1.085360017262394	0.26322289774066404	-0.6174963329522346	-0.34116568106139317	1.2541312211584472	2.966745647863673	0.6418262409403978	-1.2790623928766922	0.13714690029564042	0.21800228596286148	0.8103798617728704	-0.7784681143882118	-0.8723555422401005	-1.316811289587994	0.5392013648559112	-0.20664787569411508	0.04323102503542075	-0.23785456690437512	0.11882760516354324	-0.08088419853702063	-0.583713065384527	-0.3725484968219138	-0.08928324709731619	0.7065783442158101	-0.029223892707228537	-0.1932542145805836	-0.23882207299130742	0.09337526710806929	0.3557612012876084	0.2022502143867208	0.21536984111922172	-0.1127972181256625	0.7646183972192582	0.3684576446710207	-0.04039677347093886	-0.2469861541194429	-0.1838710958658698	0.07055100457341497	-0.13632407622790627	-0.4465378268346824	0.4885792506521052	-0.6683276406054863	-1.7297057385296912	-0.5887664493120993	0.822807512669105	0.4387717965044696	-0.2314372228016741	-1.020157237879079	-0.7047701544604211	0.42764693231459533	-0.34385940333442083	-0.5872008730299692	0.5907099024090846	-0.6980206709502729	1.2274557319041015	1.1182666625758015	0.17092379659407536	0.8891492938294482	-0.14347929269685855	-0.06813560826669893	0.25684539228664305	1.0580149600528514	0.6835236722749338	-0.3060602465310896	-0.8466490726633094	0.8582631618287582	-0.6229441639375389	0.11787290570748377	0.44451516539806646	0.14180664736631732	-0.36614743227551244	-0.10175799450730563	-0.24934482821730627	0.32718170826770954	-0.4803905771270593	0.36370588741793447	-0.4718436808507364	-0.18559610028430018	-0.42937525280355826	-0.3076153885319833	-0.26827520402569116	0.05132522442986973	-0.07328584369172259	0.401270603832146	0.5957654735469177	0.0032547652992094955	0.07355070569672283	-0.17750319506388157	0.7763181713949149	0.5400365921067365	0.872341728131415	-0.10159385377211029	-0.1231709053007314
DTXSID7021156	1.4517472898686452	-0.8437592542954455	-5.700255947781737	0.6870969851431222	2.4106298265405344	0.06237711428918484	-0.9181694607608025	-1.9550059755257556	2.69897239729435	1.06283926891738	-0.9661200185922706	-1.3536722827651755	1.8011575368426476	-2.477654267140405	-2.394718772479194	0.9773208421015839	-3.2709338583715986	-0.40781484723044226	3.547027434166561	-3.45476115837814	0.7683427425901628	-2.918730110062533	-0.3784018261389851	-0.14384593866710466	-0.5449042556093956	-1.4221304770070442	1.409536698103891	-2.721235634867705	-0.9302597733043341	-0.46123563693698694	-0.17348726242069015	0.33333755257775516	2.034522393089093	1.5289327361725547	-0.7151847025759184	-3.7966670726079164	0.2346292990705539	-0.21344619284212935	0.01843265067295783	0.8413693502029129	-0.016624942103487923	-1.1807018520297994	-0.2592044327777381	-0.6748590310176257	0.37277419926146094	0.13069862416649505	-1.3329134465471897	0.17513888216993886	-1.6497971601054708	-0.7276738709817303	1.53579992060503	-2.079222448179333	0.3435945352069607	1.669185843074076	-0.5731369775509207	-1.2384677547356029	-1.367276600520947	0.7979604666261402	-0.3280309541043764	-0.2011536847344191	-0.7454064957794022	0.17053307207189902	-1.183608186249005	-0.1786569130934681	0.616203223169339	0.7592422904464341	-0.33211255852526217	0.9238740651476652	-1.1953033061810545	1.201347693487568	-0.8287578691326699	0.8054884439075455	0.5852885571200943	-0.23027897794027374	-1.128058448260521	-0.09641999894911132	-0.8347196528634181	1.0265535585766088	0.7932568428025826	-0.8624670328193107	-0.5907786493945384	1.0210540771434802	-0.46493038987487306	0.12744964529774602	-0.19097097502808247	0.49683616383901147	-0.18109377503774218	0.44860266663761705	-0.4811788280849604	0.4093981153453203	-0.04633810480776766	0.5611675010185894	-0.20983437803923402	-0.3173676514225952	0.07995473811069138	-0.47169751383571545	0.048883808466565155	-0.1804398932641301	-0.019743528898492554	-0.13675355241866474
DTXSID7046548	0.6087590089666973	-8.438504020528006	-8.281788777200825	1.7103343962056903	-3.3539456731692687	-0.7457536870964024	-9.691670184778445	-10.025271884866838	-2.0766594642900174	-4.7934242342771896	-9.241522471993191	16.671749059487983	-4.697552004243789	-4.396962601355361	2.5110830902616423	-3.938144503284046	-2.2055173192584143	-7.485200398140632	-0.46552515755231405	5.054401162074437	-4.035516614164651	-1.728740843537482	-3.7294980688548858	1.6011215241627723	-2.726483072659828	6.992077182304389	3.0300520190307907	2.99568080553209	-4.961697161714195	-2.976238088868151	0.3826250662879871	-0.8757501468824936	-3.7862192134896735	2.1911054423230176	-1.622376437380926	1.0681816571968483	2.9602963518609555	1.1668806617565293	-1.887655676266682	2.6977587456470604	-2.982015788145512	2.711308126640326	0.012131313317342284	-0.9392157111659546	0.6512696365848851	0.7169898623748504	-1.0656457318513795	1.2209968651079994	0.5378042538810601	-0.882638497404946	-3.970537788087077	-1.2614828569979568	2.8839920495355784	0.2433810831513762	1.8510299423344294	-1.0999029949873815	-0.6940324924316912	3.7178738556086457	-1.3952410653922431	-0.36602554170104107	-0.20324438611462792	-0.3032979047226905	-1.202130930768113	1.16581124824068	-0.8786947677182306	1.9161270593166524	-0.944531409924391	1.9868862289268157	-1.9679270661059136	1.4447336089660443	-1.0696046116562574	-0.2308903947001123	-3.208155313980232	-1.8350850328030954	-1.699694361073348	-1.2664752777600545	1.2097655229263287	0.4199956704710618	1.1409005732513366	-0.21629618878226703	2.1240328138457674	1.168613838409013	1.1688441802093903	-1.5060027225570793	1.9836137459301801	-1.7386453249156268	-2.5954345335845646	3.207477114572006	-0.6542984923456073	-0.15735745061771536	-2.0078195236450718	3.844916507441492	2.1059737689274005	1.2333962514545302	-5.3546426900501345	0.12356514621325025	-2.4569830911199873	-2.6670752167162752	2.7196579259249507	-2.2385862286325824
DTXSID2038813	-2.885821306014168	-1.3999839982889435	-2.2523472972210223	5.155902358844129	-2.0694752367208733	6.024566553197207	-0.9671254628096423	4.232199441013916	-0.20178743238983965	-1.865329865231568	-0.1300719776103216	-2.037538032083293	0.6007258077660744	-0.32086410964037004	0.3225930460326079	2.105968714513094	-0.8055572900206315	2.9679884512442216	0.22184063770009027	0.6495938179933028	0.26648738421899676	-1.9782400449384652	-0.16198163952587577	-2.8979527351541865	0.08245321744909191	-2.247634054547672	-2.9709039632859287	-5.36835296990379	3.7442155344430734	-0.5475829126838626	-3.5137431357609397	4.017860496955965	9.607765391838356	0.06579560392822079	6.708498634407149	6.5070840179012315	3.9153606807903656	-1.0332902986768318	2.8165432544053757	2.4242071332497126	-0.3281564806392616	3.415431693501548	-1.6501859389694842	-0.3305767105099448	-0.08647613473911177	0.1373500252595748	-0.7171330682529311	-0.29030820986385264	0.6537815184973975	1.3545545698481964	-0.6241712925882237	-0.7684910011259766	1.0677793383386407	0.6058239040924697	-0.019796242445485068	1.0101265634627483	-0.9563530696563558	1.1462296732241535	0.5496921240306186	0.057532700749094653	0.4246654863519544	0.6234427989244482	0.7637226691589961	-1.0721966685240447	-0.9252691048144215	0.3902880122021209	0.09096432930380749	-0.20007056512392074	-0.3593370720626209	0.943705456219106	-0.12638494220585952	-0.08851076153646882	-0.0027646401553988874	0.2863857449600158	-0.07107893687568971	0.05368019589891695	-0.8063054421216176	1.146999033013744	0.977897185969562	-0.059910068878202986	-1.3042566132824311	-0.36747788266283266	-0.8304929964307279	-0.14710946194108201	1.157174683111976	0.5970430025804756	0.14585275607572462	-0.6705920152905587	-0.6792741537387381	0.004770533501719214	0.2849426190523103	0.007249696341997264	-0.17911643387305426	0.19148226760178993	0.11185066237354842	-0.11865512444811609	-0.41904776787716425	-0.5856091912369533	1.408380213098621	0.04712820792966919
DTXSID2044428	-4.19385031773448	1.3593800565475738	-4.562839655448275	-0.5334105716437483	2.1639838327150245	-1.0247270470954315	-0.042612859495195686	0.49051948633908804	-0.38670717485201533	0.6525292540473818	-0.3836188229840793	1.2001797195871478	0.10074084961333367	-0.3122391476910702	0.20133243666601228	-1.3289720602886852	-0.4545914768475431	-1.9239215406059873	0.9092070541155517	-0.7323590365179626	0.47279627829936144	0.3310656047616257	-0.38199391940318184	0.058790833603664876	0.04387849290774209	0.04743564737778562	-0.26848130001236575	2.6171717838720827	-1.9757786561553696	-0.881582076169782	0.6507021616397681	0.2006086680915619	0.7648221311741635	0.1994346765335712	1.4473056340292845	-0.01915421048537771	2.8978506017915375	4.349022502993094	4.358995144241707	5.0243796366299485	7.647513736171554	-1.7369783956893774	11.978488925396068	1.5464330755144602	-1.2581842701260664	6.067381478406269	-1.4382248400547646	-0.5337005575718861	-2.0669791436977447	2.314703288323608	0.9983159452501207	1.9491876294665875	0.3244861928286286	-1.0926196291852115	-0.4571920367212219	0.1422342184661618	-0.5440506706730244	1.0045459931500202	0.5720646111950782	-1.127690517411132	-0.2712524737141904	-1.7362769436629701	-0.872215716913525	0.26229500818186374	-0.6079541004187157	1.0604901116328198	1.5765910841559503	-0.5076969891411888	0.08099673581832052	0.16498569931201865	-0.006042116992560218	-0.9143665912918116	0.38635922686929186	0.6923402004357903	0.5956137418571027	0.20748086375876978	0.5719358549766461	-0.24730479843671133	0.6062719794208166	0.5904426353844732	0.05099574512293262	0.4058023658078006	-0.8332241038246514	-0.7362771621330406	0.3590814704764879	-0.7203851753639989	-0.5888445829309548	0.13037820900600763	-0.1077443309290288	0.051793475608032706	-0.10757004489118867	0.002166386803614688	0.2385056229343658	0.5265841272660353	-0.3397505533324481	-0.04932862351909399	-0.5906225637711904	-0.2249319498254345	-0.30558707150460745	0.1348885075805675
DTXSID8049206	-2.5761741359212897	2.057093053299341	-4.063304719881132	-0.7280067138842847	2.3901565093075594	1.6414065566304112	1.6497549255868122	-0.9714338390176765	-1.0802837273268202	1.0710994807961933	-2.586013188258845	2.3376641208726254	-1.264657351867771	-1.5977147747893874	0.5429692309924015	1.9607201332815045	-0.025186437336907067	-4.9673332164166775	0.601409057324328	0.5639152108007798	-2.0691957766296074	1.1350805065142033	2.1373984898117966	1.3070731187528146	0.2472293919329694	1.2408371769990514	2.534807309188979	-1.4651321115081575	1.8167742750092355	0.3935932834997767	-0.4540718749035093	2.80237480093524	-1.775360003567445	-0.01731977150668726	-3.413547430032264	0.7319664553874626	2.206474544482367	0.3121168030741347	0.6737930760446145	0.7018554031656496	-1.6828950865359549	0.40050038313241115	0.3659636651048803	0.4653298198859179	1.9227470890395115	0.6319157507587966	0.21245284998288735	-0.06518953553929446	0.7749295566503389	-2.100218603388671	-1.3187117436049962	0.8475899008363	1.2098741390691456	1.2636706563289766	0.5116862318991041	1.4081914182840547	1.6752085914793073	-1.1236039469514263	-1.3744689794878264	2.3683519414799856	-0.6068549643292406	-2.595537930951366	1.5066865942665872	-0.5837621942669374	-1.8910600852669395	2.207009916966098	1.7885179511322093	-0.0709730366304268	4.031793389051779	3.375215718130364	-2.466922177077298	3.1805115226713827	-0.04595294176320793	-0.002609017015863659	-0.1958528989420432	-0.7937665493211138	-0.08293721148872064	-0.01938777940514	0.6275578068981158	-0.9819861013677978	0.43591027599671545	1.4433387180868382	-0.49730446620191127	-1.341512440926209	-0.7414519934406089	1.1450000473888402	0.7344819505415424	0.08160020640474559	0.6157553490398286	0.37389247494157746	0.5445804452268818	0.271042475279495	-0.5613653553800082	-0.3469527827274921	0.9546900905773985	0.5031757465638835	-1.542340245167489	-1.0421216862380338	-0.8931351144295854	0.1164045529510237
DTXSID4024143	-3.7382491698354747	1.9976878174493833	-4.401561466769832	0.20443842442349502	1.9702230324200147	0.7135940298099058	2.0716914975735254	-1.134363245503998	1.0958408654040561	-3.2086200298882286	0.9114774491056745	1.5140503783268602	0.720430226563832	0.11748815617497689	-2.4596826201336093	3.316147412972783	-3.1472147134159614	-1.0617595910759594	-4.751578341177685	6.3107700982737605	9.657926588824825	-1.632730795661942	3.4603446832219213	6.999226523277492	3.2715452908384983	-0.04164447751949982	-0.2873669495742958	-1.7315650812774552	-3.1449008928004285	-0.13430496971534334	-0.3907274656709396	-0.8035706455589998	1.7635128280855819	1.0614879358400393	0.26534303445442514	1.4918590405113188	-1.3825871596477104	0.047408942522391945	-1.7974660964080622	-0.14375721907559977	0.14483807708660956	1.0070149513556017	0.9967050837710978	-1.1104490069996231	-0.6032840253641529	0.7265173160603281	0.3635723536585156	-0.7792575965371921	0.4656113269800949	-0.682686823193097	0.5308155816799865	-2.097970354736447	-0.5778706345262471	-0.511733839873926	-0.11440750933421158	-0.7558520724819924	1.7964738082475697	0.0048266900976760545	-1.3417713592010594	0.8625983304272664	0.6581500485425298	0.1671170629349377	-0.6093310205215418	-0.7120574385531372	0.32768768420216604	-0.11072516080121796	0.15210602566475565	-0.297583441715327	0.06508378078936619	0.04552029944085894	0.6746965584961372	-0.040597816031886044	0.35270832991474366	-0.3676748763315304	0.2858365906773708	1.2198640056039078	-0.869822730074213	0.49359314978856833	-0.17927040506408753	0.9310119924494925	-0.8399464726298824	0.44898165735500073	-0.27769860641425986	-0.1528645050331602	-0.14153457827965993	0.09403839549486145	-0.5998103590237203	0.06761894649779727	0.5793358249981216	-0.7590329900961028	0.18529678353149193	0.5294712046223538	-0.366358789969251	0.184394513366519	-0.22001732846536254	0.03533097758005275	0.10631809048850241	-0.22258673071707918	0.024466916255764023	0.4004801036586015
DTXSID6057748	1.767947320144056	0.16315368084543394	2.7526380850781678	-2.4350418473261244	1.5841645930713963	1.9545478233229656	0.6138244305534621	-1.0910540159955082	0.8778165450799723	-0.5897570541229403	-0.5275841767696302	0.06897910955261294	3.4752310597123954	0.18601164115903723	-0.5711883839360318	-0.472546190415782	0.6732516896887175	0.3415302416709624	-2.3348652281306737	-1.3303830262222125	-0.9127630495017158	-0.6191645659475069	-0.6259491317452005	0.5307506540751469	0.07750110588383934	0.15428876667610433	0.7010047108744429	0.46046600517601677	-0.18128658912708145	-0.053375045372254876	-0.5169042138477581	0.5940479021422145	-0.5130556608003521	1.2498915466379001	1.0034709643311719	-0.49404674929351494	0.0382652775513256	0.5329848942252153	-0.7602729197112674	1.3480489076471087	0.5065141197408723	0.3580213287627545	-0.28764429684602505	-0.5102594850582415	0.4581015844870715	0.11353163216184696	0.1502126140018751	-0.25373384176974273	-1.6037714349441754	-0.4132625366928386	-0.20134812335432795	-0.42027561369234673	0.48681513350458866	-0.1823512950592415	0.23853599645561813	0.29502735413182746	0.9216444074491411	0.366700615102865	-0.49728537950514	-0.6530915425797124	-0.20359562152024607	1.235754329540615	1.6408841772704643	0.4774272185167047	-0.046773053074809376	0.00899819928627713	0.14131004398485722	-0.08431185704012974	0.22455060423636436	-1.7999022845509123	0.23593458705737608	-0.18577524211846327	0.27480518933865655	0.10135583233094696	1.4409667578731327	-0.005465823037441289	0.033409625559207685	0.22087460831297315	-0.4414087116706045	0.3881687717946219	-0.26593967074036323	-1.0791669863993945	0.5285312586935955	-0.3385620596013436	0.23968901661656694	-0.7791306730159879	-0.5836717625145532	0.26822103576562045	0.7912366897896342	-0.6425144954188402	0.0780741287339266	-0.5639568674655564	0.13565100716094192	0.4748320105729063	-0.3479606328006175	-0.01159070635475355	0.22749036285689192	0.7055614347352226	0.5211272541454645	-0.10979313523986373
DTXSID3041403	-5.4730282187674835	-0.8939466021105524	-0.6307999965935162	0.15776373757458725	-0.5065236735237403	-0.33772991679320397	0.5772609205843944	-0.2233218750362321	0.6553301735869458	1.9265914318585533	3.0989154834330632	0.8913617793941642	0.51817718200507	1.0787716298999397	0.661066220958742	-0.13532162683360904	2.645016704197677	-1.847807696802349	1.7633977567900998	-0.9307874181924816	0.7197836658845919	0.3250788235846377	1.9460267244723577	-0.25259387254515014	-0.20710420229855647	0.9544992737836664	-0.06683519864787671	-0.11111135902862852	-0.48795719541913335	-0.1475458226586792	1.3869956411618178	0.6819871554571221	0.09864279001908775	-0.20389772436036802	1.0572923885198147	0.221409909285304	-0.1597387234387488	-0.8718918969846583	-0.19555741470203633	-0.11318306720002676	0.6472052617045118	0.5305106739928158	0.050716902051209045	1.0328019848236425	0.4870624645717201	-0.5338983737199698	-0.6525941307552313	-0.9142510227903367	-0.42194289562264264	-0.9982792129613501	-0.8715242043820522	-0.22421313521813824	-0.6784229609581368	-0.8275161330721843	-0.06092546368645783	-0.7962868442655305	0.9122854876399208	0.7742385057134108	-0.2976835710493277	-0.2756895041150132	-0.2866190324417916	-0.48906371958003325	-0.18756099856156344	1.418017764323955	0.05519537553512458	-0.32420207380354554	-0.08469799896945536	0.8789351073019714	0.36234190266403105	-0.30304415991812317	0.07754489138588647	-0.24216389248272516	0.3759039814858774	0.21414433981959172	-0.4150324294518126	0.036829485236983324	0.5305741257335339	-0.02347330330827828	-0.2718516407371892	-0.34025873165748105	0.47174214467445985	0.11101254342801728	-0.0574756045024646	0.12764142366461065	0.38118960977373806	-0.025150334740890328	0.24922692250941805	0.04410349412700756	-0.1364821772652191	-0.022633882148852924	0.042161646404418225	-0.1600879049028887	0.1870151511790786	0.16014727696830658	-0.23761484801922986	-0.23755187534895839	0.10790244355690726	-0.11047408415261292	-0.18189165774072094	0.21628218843323097
DTXSID2047068	-2.8927407050594125	2.990779853654559	-1.805299957877147	-0.4071481139370695	2.3981553375838494	1.0384621635883446	0.47085562723137514	-1.7808768938427513	1.2301500430667716	-0.7040649342795329	0.7941890876205585	0.8678197742837924	0.6379176739077566	0.8312568284967401	0.47712946080977015	-0.6184878627970787	-0.6090978262318204	1.1778649895526958	0.12257711365081163	0.7516201947376038	-0.6886114957144185	0.2447877151552572	-1.0568341333845495	-0.22519535185138131	0.3140627127691294	0.1315938382929067	0.6594911617814397	0.17117265896950148	-0.23065072887806012	0.6550154572408945	0.48044261174861086	0.7667735093780214	0.19771367713670707	-0.271341906806641	0.09636941060823526	-0.8249244991403559	-0.02913500991845163	-0.6931398915085327	0.0870943143759927	-0.37505438827992116	0.14402494014975115	-0.32413390539916664	-0.12027952629370978	-0.020879843320733744	0.4847740111238615	-0.3175911206864352	0.21934268838223805	0.06897926967911927	-0.4779847892243211	0.3789883372201848	0.20434240844682242	-0.21124147898108406	-0.21772097718056263	-1.1273518171294943	0.6099211344137727	-0.7519177759729095	-1.006241457176806	0.5176940647557335	-0.2368959163573756	0.7847995924556993	0.78820560413152	-0.012470026733089194	-0.14150394712016162	-0.8340398405443298	0.06751261776865322	-0.1892332161217328	0.1237406503500814	-0.3184874557474646	0.30824466854266197	0.722526602922469	-0.30797623380086664	0.3298977919384801	0.24042623424337148	0.2218611068603741	0.07188139939691697	0.19124291761808912	-0.768000218264747	0.3365147122286429	0.36329403119187736	-0.23761009951669784	0.5399404196347017	-0.25273389914913047	-0.026539917420809446	-0.09417240825247551	-0.04166065376685168	0.6034870927486503	-0.21240595393459735	-0.008475978727618473	-0.4827182389149283	-0.5039526711290053	0.030355284977387483	0.5360691488586807	-0.47020449585682117	0.39524714568318225	-0.6171167000295089	-0.42301307976692604	0.3882943632142542	-0.13889523136854867	0.26672363812677563	-0.23686304104279585
DTXSID1027970	-1.5239040346700266	5.267005773567443	-1.4520027799701372	0.30513020142230024	0.6989095887857031	0.3511507532178042	0.5359724460109173	-1.1700575653367613	0.95849419428639	-1.8719096530772383	0.09610821611338197	0.6481030205869853	0.12062875183541233	0.9915067133626885	0.9490919254263731	-0.4594903761401598	-0.4793346353739643	1.5101847692128205	1.084897932997767	-0.22179267410416995	-0.3874831205335313	1.351863089120304	-2.5125980315872685	0.8381543400280281	1.281195146265316	-0.13928345468909398	-0.23230981362783187	0.6261052167461295	-1.1546001969714434	3.4225546290713798	1.9953336498539553	3.1495694135617347	1.592153462571096	-3.2989477417729454	0.557698018115578	-3.3120340563801234	0.47497974753207767	-3.2965026077451047	-3.9658323141079013	-2.338800143285371	-2.217315535829544	2.3138374018855212	1.966287219900366	-2.875614556917015	-1.6836145094320032	3.361324055293743	-3.79991047118042	-1.5621724259851273	1.8583492571286402	2.340845706768049	-0.8083471768303685	1.2633087627888175	0.13780037168546272	2.202735587299494	-0.7590662401966649	1.146195276184713	0.88245666254814	-1.3699615204252356	0.443915266193726	-1.599348191283884	-2.0544181775347603	0.13296075533317045	0.3985201570850662	0.9179803823623947	0.10628497320877021	0.9576867138778881	0.402407377622246	-0.47067778164940266	0.2869764100313684	0.012942719753172533	-0.04326244439345963	-1.0223617057478218	0.32156379570056304	-0.3347153994650836	0.09362483237316722	-0.6316479249442164	0.5524177027687991	-1.1931525499981988	-0.022891218077339005	0.6634362362448486	0.47507193571537953	-0.22990328839381857	0.4977475598651823	-0.7160326266372181	0.291187341736672	-0.5614780346709971	0.19046432141035824	-0.25520604263071506	-0.48631287400593143	0.47601289409762043	-0.7714851958422477	0.10642853202981921	0.6351198395228124	0.44811424191214	-0.12827693235986676	0.1319230935749327	0.45193402118670806	-0.5565203841217735	-0.8159116551792306	0.07113903583538844
DTXSID0051944	-7.46257818228939	1.9272953790601763	-3.573218454555321	2.1218707914469563	-0.5535210216897181	1.0569635544682867	2.6741177385593513	-0.9334610721093295	0.1357581227810491	-0.47620431938512386	-0.44327345107322463	0.13490169283699244	3.351657935111267	0.6920910308034557	0.379601881056204	-1.0232767850860127	0.07299296286441229	-1.2104488880224595	0.3970685294706908	-1.4326566191796222	0.5165364539325289	-0.7221843207459934	0.2216994767368626	0.34633798858748543	-0.5957326756016199	-1.0453711722022236	1.4355192633363265	-1.0881950621647123	-0.9879083060892173	0.3431124581110968	-0.07822444528843772	0.7692772688776435	0.2758425967058603	0.815499633170372	-0.1450255458946183	-1.752151386279504	0.4313704211050432	-0.26625347641382585	0.9689768653520645	-0.2278662012046075	0.8493403504410397	0.5954156339473842	-0.6704039759481136	0.2526727106818096	1.2215931759024503	0.43944523884396514	-0.1668496585618977	1.1559305957425439	-0.47649567670800275	-0.5866277353049023	0.9175838049468722	-0.5222330979851606	-0.07365521239412035	2.20879216497029	-1.3115823343022572	-0.505237005874693	-1.390662756908513	0.8548353982828575	-0.15421854002955207	-0.8520130633971622	0.090833892071788	0.18983697997169144	-1.5403572122659088	-0.8197645597871432	-0.204405726532131	0.01892566041121706	-1.6773554138788893	1.060325795409371	-1.0659315735419523	0.2927890117452567	-0.2222590141869564	0.2714962628083757	-0.3937930687469508	-0.14950618510590788	-1.2267249550041937	0.2985990325367181	0.18286556392901737	-0.007168685397076843	0.014087825241190335	-0.09494070286984783	-0.05552777636111152	0.9899135990725115	-0.20145331316253123	-0.2373214084161081	0.44937382717268254	-0.037104129303071665	0.5285825478055743	-0.8017786826199488	0.320012808195334	0.08077703882260905	-0.02366895470618001	0.29154070520747016	-0.3334440636308666	-0.6397657359067258	0.17064967741798892	0.22365355463126624	0.3275551401813117	0.3571504409548283	-0.21892855499491418	0.17846561442615394
DTXSID9044328	23.552211088805095	-3.9166520523463415	0.4942312621083775	15.911316708349984	1.4987505898382298	-7.096487636268356	2.279093431673521	2.7508561261535935	-1.332639531613923	0.007925671168487847	0.9292087932837371	3.889945409559037	0.197150185199207	-1.5204281224446645	-3.931652969637959	4.9214241755633195	3.709554030347058	-4.903176777956984	-2.6064010437454135	-3.6556711066462855	-6.340965961340017	5.928117271727145	3.6035844603056066	0.9675475265374626	-0.6399438185220696	4.063629464461418	-4.82520869550392	-5.346647669708574	-2.287214734095621	0.28984174087421116	1.4242963518685037	-4.185268110289103	0.3451390131048505	-2.5869402050090593	1.495578917146398	0.5587614542244795	-1.0643524568278622	-1.4351228691903837	0.3789817571588686	-1.4247446898834946	2.173913976693485	1.4780623961120383	0.971638465112034	-0.4873773472662739	-0.35419109422437467	2.14033420431712	-4.39081413012544	1.43926437695922	2.837575530081967	-2.512436159925639	-3.431863051244348	1.604521047348367	-2.284730138275662	-1.4343546452078395	-0.9802007704172524	-4.726430367032775	-1.6499526385458403	-1.2044885923675723	0.9001312481785	3.7418900951696297	-1.7164208882263094	1.9581826474832964	0.7812219255701632	-3.050737077499436	2.6625911008780423	1.9684724738068384	2.0803492513194413	-2.5290275574962684	5.457548229609981	-1.661479975110537	2.2114024331783733	-0.9316293529980434	2.8668271896686774	-1.466092844967457	-3.108906344260858	-1.226347866056376	1.1673339751350162	-0.42710662987223236	-1.1103340657095706	-1.3630615663905286	-0.6773136576879987	-2.0031673355916495	-2.3385720319023893	-1.5301659005777435	-0.883182824761946	-1.4319477752218872	-1.3632128123435838	0.6026401562382111	-0.6952039789714803	-0.2558012691307901	2.2558604844483434	1.7747445460365847	0.0790793251764666	1.734652084555861	1.3502066868660028	0.6914757369652819	0.5510034105634155	1.6910518052148746	0.7215024119525186	-1.1655979114047181
DTXSID6023997	8.755791913508387	-3.9460622896272404	1.736323228827468	-2.5226131630566764	-2.8214406723131593	-2.0548270529813153	-3.671422786317998	-4.560007892807916	2.5124143433671855	-1.1657736553023952	1.6183769738018434	4.62973262178796	-0.9027515834467587	1.1409386779539026	5.163159317419793	1.74876666243396	-2.446116813706764	-0.9339530256296998	-1.0486187126597741	-0.5791232693784194	0.5926826857526081	0.7823990819430288	-0.20654420153584346	-0.8830003102400898	-2.0709765235440685	-1.4617284198268525	-1.0588112086486128	1.0441977801795832	-2.1016610521484402	1.1918898053029021	-0.6347346467938634	0.04835482474769176	-2.149808473464797	-0.08281609302075403	0.03260919645235539	1.8380941923522496	1.5401766385504625	-0.5195087181118176	1.2714407465459963	0.4035931700934555	-0.8515981978437254	1.0466365647629434	-0.10702148805297464	-0.42753975921157544	-0.1586831036623771	-0.0812431521885881	-0.5839531317550258	0.32057781239699823	0.17132231983229812	-0.17401913580987965	-0.172809526498776	1.0290741683174187	0.004351941545879724	-0.02776108095971153	-1.2594552802931773	-0.054552844021593584	-1.0398180503405412	1.6094172677459153	0.5916410177315851	0.07857390999571767	0.06973478494519873	-0.10307036534346024	-0.4627545121169968	0.3469031441346142	-0.23512231529172048	-0.13462788226486586	-0.6752589444538103	1.0874690411734411	0.5841299672551057	0.5793891462057722	0.24288505945691494	-0.45943864867896766	0.26034769270919134	-0.6241737810334476	-0.5771265575862798	-1.4417574461176788	0.05094049766755508	1.0520673517990153	0.5431906160901325	0.16005085293408913	0.32590094278578785	-0.8095208098811676	-0.06304038282472287	-0.3960273315712921	0.33531419519516714	0.2946952338218422	0.43849765107970484	0.16528773488706314	-0.4072629256494285	0.29396691477792686	0.5699539193761823	-0.36006486107277325	-0.26543923021770177	-0.19606833319768271	-0.06346411957518938	-0.7606314575981702	-0.4718654024660855	-0.13394498830951296	-0.6286040240674953	-0.11977350799638599
DTXSID6024967	-7.237285588544278	-0.7195044462947546	-0.6364633461562067	-0.19472250730367244	-1.7068828182121671	0.5028766517188069	-1.8005119104281222	1.3879104897656045	-1.1627411024467091	2.276327642747529	-0.40969336980592075	0.6678638251984763	0.24932945392844963	2.294434921975281	-1.0088455817059614	0.3175771677985912	0.2458501529434182	0.7979451323923494	1.246817795212083	0.057305358590611664	0.20713570188636854	1.1048256988289609	0.33888564269618177	0.6032910752392737	-0.37886464253901747	0.008942427707300117	0.34569856486362066	0.1959868405359594	0.16845082659305244	0.745378192233298	-0.04023943722232502	-0.2703106748454958	0.34803320534321275	-0.021274169144564942	-0.04103133505294048	-0.12791435927880537	-0.085208225314848	-0.1486829952609986	0.33954871720254964	-0.019040775434846984	-0.03182774514939167	-0.34558132039559086	0.17986784609271114	-0.029562527226299252	0.20460911701392262	-0.1768005326207653	0.02305006710734614	0.3297177806012338	0.6565705838473096	-0.6363302169760394	-0.6823249071999573	-0.27913746430052777	0.9792146992739046	0.21577122086018571	-0.10620648750600122	0.19863485802054492	0.11843012406562205	0.12319785452928145	-0.10723650241059335	0.11938174373362012	0.037496971343103036	-0.12688923538649294	0.00874566501044324	-0.2269439576999727	-0.27203393136891396	-0.23675645318590147	-0.16554706833419303	0.023623698035856882	-0.4287083725274454	0.3504926552027693	-0.12530887754907868	-0.15900918571753497	-0.30305702415816016	0.16470649641541293	0.015550497070208752	-0.18434429094706384	0.18157519483578285	0.40050097464196555	0.022593652516735962	0.0026064923414023475	-0.07498817546688283	-0.17960144323000277	-0.04684956810602728	0.19428277474791028	-0.029517116017178543	-0.08046570664213712	0.07060782612396449	-0.1444252836912459	-0.030983577372482397	-0.035547771961245124	0.1264285558277356	-0.27186980038374436	-0.05623540252474269	0.07302295592206094	-0.03776642586097129	-0.14381001826676099	0.14131522449541523	-0.0941080801491268	0.0964672166877388	-0.05622313966017125
DTXSID1047942	6.805756400670436	-2.270875012064492	-7.620339057907889	-0.8621694848956203	0.17982343690346353	0.7327097658682634	-2.435812370341914	-2.8894751487118917	-0.9601060735981823	-5.2554956558362305	-5.356016529277008	5.070826297429805	-9.481772972049823	-10.171266746978212	-2.099661223708579	-6.248476526686124	-4.255351651781748	-0.9787624850637727	1.0988597184312245	-0.5479767754848269	1.2578768207533975	11.697492689130696	7.468423663974607	-1.2801870878459536	5.330923937087108	1.9632754002080728	4.759793465664452	-3.8279961609957947	-4.1103446073630705	-1.4207777674029807	3.85121102737679	10.245296103784867	-5.870493324671589	1.6794736668181875	-3.1492230637102634	3.3692810955248786	4.939776212159405	0.17932811132229007	4.850144553744699	3.5288922443911064	-3.56294606447712	3.740081260349006	0.8207820809599365	-2.2948504437871002	1.2620802625708472	-1.456527829886007	-0.3584726374128993	1.4747293837084394	-2.8337128040014385	-3.443823875848889	1.3026132105441324	-0.40898266192463634	0.7970229100845911	3.4109867142453862	2.142459539378992	0.5282578761608793	4.154944776315413	-0.297791802304682	-5.887019840995477	0.00908380360288142	3.8739711395117005	3.544447244325941	3.980475109835244	1.976594388814356	1.3032880048258682	5.544993101278677	2.042840919005584	-2.4221274631980623	8.186595944664646	2.2480507791331843	-6.038573365978683	-2.900218019150555	-8.905080139048087	8.587878631569948	-8.812478197219384	-5.081027704187366	3.0633235670764747	4.861183507094464	3.8358411590918724	-2.4862246527257805	2.359448985197451	1.6788932992785215	-0.9548614681040112	5.66923956857472	-9.017423943098787	-6.4539287140446415	-2.7694533378260324	-7.453471251927879	0.30701864587105665	-2.5865581707013536	2.964305100152346	-2.994646992762849	-1.5299635763059003	-3.1803639694415127	1.343692762176786	0.09792462048109768	-2.86400664571146	-4.22122328007557	0.5944272876432747	-1.2851897443840656
DTXSID3040722	-2.105931634594183	7.4646911911655565	0.398726948915245	-0.2212895306056347	1.0393399801634824	-0.26447978345482565	-0.8449877164478756	0.34531708398137295	-1.167907188116354	-0.1641704013100314	-1.8743862535194158	1.0319431388997384	-1.1133671820409685	-0.8550156652312849	-0.6265301029504222	0.7633286851856248	1.2177594966485747	-0.3844361785476794	0.0942596355285923	0.26592223112702357	0.5035467252265889	0.18584918422275779	0.7876213722774987	-0.4014048255908083	-0.2425022555600166	0.1660222103314547	-1.5828530226791646	-0.020910735047526437	-0.3060098675181747	-1.0465512837961826	0.05544450023231111	-0.17852899130227215	-0.4478778042794306	0.14331650698718768	0.5589802211147327	-0.04552567708103041	-0.2798224098145155	0.19046053674117958	-0.1180863679363008	-0.33474572833466765	0.6510227502702488	0.22589172231621785	-0.6098530350501912	-0.11802797389903555	0.32386116571571766	-0.34555538956527565	-1.1045484954981617	0.2516036055439399	-0.04712982599101482	0.8361419538869351	-0.41942993550264185	-0.6739875469486478	-0.7300043557226389	0.37171056350159504	0.6644159394795337	-0.08132674638117297	-0.12913346585814064	0.2987359361244378	-0.597440272370278	0.3678933873941663	-0.655849853827436	-0.3213582087591464	-1.1508228676464474	-0.15807006361884013	0.22632759175577732	0.6124513941640986	0.6584910709791512	0.2497049070036858	0.2943474432371293	0.7857451015287875	0.03434745119955271	0.026467503653807737	0.25501734531965603	0.09049690190635234	-0.13520968104127376	0.5949331199464994	0.30440939177665516	-1.0723239001217892	0.5254567460390984	-0.179148807851367	0.6486524004363403	-0.6973744409067291	1.5862392530724205	-0.663492979345032	0.0710834445829856	-0.5828094970433082	0.09634496105823832	-0.39549832300573023	-0.0701595371914026	0.4597646739897994	0.1363298300652517	0.8846314415174549	-0.11806203681959623	-0.6402718440475371	0.7250523912177018	0.7187130636078725	-0.12194801651527362	0.21662537207746618	-0.14636283893589103	-0.21691449418506484
DTXSID9047049	-3.0857458701755878	4.267482163808826	0.8348426994584951	-2.706613915539708	3.5631834926189234	1.2428402081020815	0.13186299690651776	-1.4163601658872518	0.520302766916594	-0.9416326077621912	-1.1898803683889694	1.0727455381876552	0.464614214494822	0.28263256162575556	0.877023794113945	-0.4287785427859322	-1.4039294147684755	1.56536530179395	0.5169546816467142	0.4127551001259426	-0.28827866439028416	-0.19037323689252766	-1.699125706700094	0.27644196444991204	-0.7003167791425674	0.9351401333321254	0.8977784875089015	0.05691040818850497	0.031309279353435235	2.6833827512068793	1.0845438635398683	1.8846716001473982	-0.09494340894621803	-1.527348325885723	0.6245661879509752	-0.6349711233155431	-0.531491659535603	-1.3304157639558867	0.055827954121228776	-0.8018112194184689	-0.23678977633160755	-0.2947715185995541	0.3090918000587984	0.5012864492041271	0.40038629405053133	-0.16736180680450227	1.1080178100669738	0.7938011178903117	-0.6414194628324992	-0.2834448260580506	0.750851643490156	-1.0233099013046403	-0.4717330684751633	-1.9464253487302754	1.1763759583065054	-1.7649664192187307	-0.5808365857588381	0.8242480144527813	0.3256245683288878	0.9999172615004245	1.7481013996049248	-0.21863679406467582	-0.4187237652792867	-0.5017466423460986	-0.12303784800388488	-0.2366983750696812	0.2574736387267184	-0.17083435097226032	0.30354868431901666	0.6199982069862773	0.6772315331847351	0.14474569205406432	-0.040428060405641654	0.23442597774111687	0.9708999346751737	0.019743191387609903	-0.26223260753971506	0.045998105670007845	0.6991557997041885	-0.061066617528437214	0.20589526380993528	-0.1480316697695951	-0.5621426312907138	0.004054993716571628	0.5183662603051424	0.24052364991905406	0.1692591190467677	-0.16586188033243626	-0.08542924456238989	-0.8237387297686556	-0.06358300051810108	0.19315380784804775	-0.37137529890955084	0.14191261731950847	-0.7786754416859282	-0.1989440022104005	0.24854711153440898	0.04450132321300815	0.35145778851682147	-0.10271739506802102
DTXSID9059919	3.4154702993339274	-9.889770451172371	-9.587554181184347	1.0555112878559099	-3.18919151216043	-1.3980474108072154	-11.256668719005434	-11.276800505196885	-2.4472849981652054	-4.661940235507162	-10.432464698831147	17.940279339946297	-5.401767364817231	-4.28335593595296	2.892349394364297	-4.774028353185162	-2.4607947281158524	-8.071709743129302	-0.37175669860896	5.318042802470199	-4.445967276048814	-1.303399861317267	-4.327026621671166	2.451973484702364	-2.7512778199530494	7.771339129243432	2.9792784476819962	3.4707049558572574	-5.560722095824529	-2.590847682313918	0.5178415854341443	-1.450813330970464	-3.588635788754074	1.6335449358300305	-2.308617935927124	0.9683874315590875	3.069787209405126	1.0605236737518717	-2.2324185151136167	2.8664149757113124	-3.773090237804869	2.6010027412493586	0.4847640200916608	-0.9313362101389724	0.16475303393264032	0.5910344197087388	-0.8680961599040603	1.1552769782704873	1.094235580535914	-1.7043944069302777	-3.9991207743631505	-1.4852825016893665	3.497070487506067	0.5388172426651215	2.1771261297358713	-0.8951827943598647	-0.6586258097834622	4.0829274640549915	-1.1037540738871456	0.09820328013143559	0.22029065733578823	-0.5195299753932761	-1.7847595133600096	1.4452937948544677	-1.033937645670448	1.0625113163551492	-2.1301340649633262	1.9120061002840794	-2.470619188211983	2.4138688634490686	-1.3301787897578774	0.49954900255308105	-4.6738974658119	-2.537794307290558	-1.601215254301013	-1.8610001998501937	1.3870735225190853	1.285812543103574	1.1961874916394497	-0.39210678248718767	2.8317518799054526	0.8351898772402181	1.3418574206714151	-1.892812571300246	2.449976041197537	-2.8968342424130027	-3.458039336053901	4.095494247676769	-0.19646011940616612	-0.44295441824241477	-2.6428103383263215	5.426591081720225	2.591556972471557	1.2535308247770258	-6.959882901401211	0.2206749650759433	-2.7913645001465928	-3.4638867731370357	3.697993392955257	-3.011200644296421
DTXSID4022999	10.297378063313834	8.105133161964384	4.242803823407727	-1.4106699858125544	-0.043520523125603956	-0.23895391605827407	-1.3294626659687006	0.13707211069957093	0.4701877180818877	0.15883268047052954	1.5004186902391758	-1.3062592485194797	-3.148088858704026	-0.3556071472587379	1.4246442843087466	-0.8590052922426225	0.9368174314808381	-0.2335279737071865	0.5435464468306455	1.0434031994074473	0.8838927785101314	0.3992939421335509	-0.1857781703633126	-0.017685642329986925	0.4702205543124182	-0.9505647391349235	-0.37304767851111464	0.6897960157732066	-0.23900509145983864	-1.0965727837047414	-1.3178813886630445	-1.0954567041345977	0.823727223643372	0.2520966114440077	-0.6241641885449435	-0.7552274954073452	-0.40575030543752666	-0.21717963359006262	0.4322323359492891	1.1039544953634204	-0.011955488160516359	-0.4661313272776112	-0.5665015075213455	0.5327884030387848	-0.00038757772224523146	-1.0055975085132396	-1.2423947436461036	-1.057969170985875	0.24644237813254752	1.7774262874081925	-0.2531258672064976	-0.030940877672357658	-0.4219184895093104	0.9185635244413922	0.904560269341725	1.9920344416013445	-0.1061990395718595	-0.3870068162644493	0.3309881805741482	0.09119385131805707	0.14503022148281428	0.405865325117146	-1.0041579305541584	-0.660725089916644	-0.8431413420965533	-0.23822607885250122	-0.3389837905348712	0.08186799263695248	-1.7160606492559065	0.8328515273709067	-0.3891063525334646	0.6822048090905946	0.0830545642848373	0.24540247649293617	-0.44675406056321776	-0.28388107014675823	-0.33083743708277263	0.7998165076660513	-0.21001651629376158	-0.4467932270619009	1.1933707136810914	-0.29547834867524964	0.3560494527415176	-0.2215161378111187	-0.28270073786414973	0.3042208282891338	0.22511708025029828	0.2469755807061955	0.08790728871116361	0.487049840275013	-0.19893428426908827	0.2430819541534359	-0.7350099864812036	-0.22350408957933238	0.5890610200619449	-0.6917239411526934	-0.010273639330898624	0.2328979800637641	0.284182599972071	-0.5171464153818277
DTXSID1049227	6.471168136496775	-4.580968848095436	-5.938208640834838	-1.489210320692796	-2.736966995949752	-1.8619751315334583	-4.019714300286552	-1.898973314085124	1.2807726327999842	-8.781055809813768	-4.823600103282744	4.514618784266726	-7.217907987572512	-11.409734147021139	-2.5734355703497473	-9.096579887272938	-5.341920614148234	4.183337012799039	1.2818584330855753	2.135494410110182	2.2375966213293017	11.937706220301312	3.560823812499971	-3.315854732400871	5.456217689616042	1.6150244102010323	2.1381844101323284	-4.610537537105372	-4.847527797724793	-1.3396920874462608	3.9101945346055245	9.804385651531577	-3.8513596388647446	6.634654906247094	2.1629946019860045	0.5654165280610686	-1.6981808599186317	6.198149090850419	3.512064916002525	-0.7402001427760511	-7.001887003918545	8.225452745069441	6.406077382766095	5.513939759719917	-0.7518084051984844	-6.7554304432967625	-2.5478922445665644	-1.1078861494397578	-2.201457796066052	-3.085235976197287	0.6753850792105835	0.1578577347830946	-0.21721459111663102	1.107913189380977	-0.5596929331557098	-1.8888931011773564	1.665211634960327	0.2602638365786348	-3.8669055778538013	-0.297272481306131	3.037519379229783	6.031286376879211	2.4020263948664686	1.1768894331311248	4.898323945003531	4.385968560770498	-0.974169753919857	-0.6766520754428362	4.084420525233433	1.1781626694310523	-5.325074939181418	-6.185956203227103	-10.126509232441927	6.932118639588999	-8.441224102149729	-3.272527453532243	3.308295234050605	5.19952877236167	4.379026223276014	-1.66637012547016	1.4187636939590413	1.9036502147735952	-0.5282023898933091	6.6285244708930815	-9.334571783890668	-7.260517845549289	-3.7430455164700827	-7.486546666824637	-2.131142168674225	-2.3012348562857707	1.4846204932990066	-3.4416272778925614	-1.0979224715495945	-4.0072685677617965	1.92590361730554	0.3324556543955552	-0.9266146303305861	-2.9393871821146864	0.3413210886951727	-1.300664454402459
DTXSID8022822	1.7028652480285285	-2.7449421011408446	-1.1502923719763103	2.951953800067304	-1.7137375069597414	-2.74810591033189	3.4023965090264667	1.3825337090782035	0.7497119581465601	-4.607821721092077	0.7738267651272228	-1.9781442285862265	0.5279320107290105	2.834640543029871	-2.2298122179394526	-0.519702309862994	-0.3769465231571749	-1.594734261582392	2.8720313426712023	1.789369439536273	0.8277122888357279	-0.7432979132940386	1.8934187614911961	-2.2623898985083715	-0.26283596830105604	0.10655534253595995	1.3436224373938541	3.165942547720009	0.5889236023092764	-1.1032521832338538	0.5947749814928575	-1.0856408883790276	-2.06167336671766	3.8254680407848536	1.135000051201555	1.9381528640857326	6.830907433473448	-1.1895530356191506	-2.3770962872406685	-1.6032693930929818	-1.419434187405297	-1.2476418045415731	0.23656472986741203	3.6669918024809545	-1.908383742548733	1.629260504405683	-1.5896871248571396	0.529401399457461	2.599500479452432	-3.550896486309094	1.5749004941022708	0.7239230649081984	-3.0276116166167237	2.780400937771985	3.197044892022847	-1.927967377038809	0.6229128504705821	-1.8267950698514355	1.701659461303516	-0.16601242262397703	1.7079874679999325	2.0178293773774216	-0.11597603308730604	-1.3029981722741681	0.36778813726683957	0.9530064374279514	0.42638702767995335	-1.0128514489925278	-0.299625473380936	0.033678426756463306	-0.606882287793534	0.1256318886351161	-1.0486346932787232	-0.6354038358835237	-0.26765445780035657	0.3439688437683663	-0.7457588666816253	-0.4480837473283193	0.4511495425541395	-0.3825497773673317	-0.6600974104793442	-1.6597072085312714	0.5871282460460998	0.23886566796043632	0.4759334605485328	1.8200205655091881	1.0285826656520771	-0.024918941533064086	0.4865968582599242	-1.3149362676288314	-0.5919767053314631	-0.20223602654229972	-0.5179132885105499	0.7988555839573787	0.12613835982258514	0.324797599589576	0.13309738502180413	0.5485733962132296	-1.1805503531268826	-0.3600166337642668
DTXSID1022687	24.871328690543372	-1.1698299426799483	-4.088900293701234	0.8002680884358557	-4.401613566949997	1.6445098462783563	12.051215367993857	4.619311384708288	-4.277799181722623	2.2965656454179437	-5.196195058092644	0.2900630509635737	1.751279954247787	-1.0169528704535002	3.431563230840276	-1.013713479189287	-3.5713213020317847	3.597472578969635	3.3532723647901554	0.1463867775230841	-6.757316268196871	-8.120631278637864	7.372717626105419	2.75535189272891	4.4321543322567205	-2.816272044611818	0.07462972549000978	-1.3758285776330943	-0.6298216035168606	1.0376722049238982	-0.1551652480121225	-2.1822522853584423	-0.08437869273834393	-0.6288985605801468	0.23775338242201716	-2.238701234160741	1.4196811789131845	0.9392203473949368	-0.35805259214213986	0.7081594115457428	0.5761904988715758	2.396423480812208	-0.24156702955509357	-0.5331644422202074	-0.8815883522418928	0.14678152196035413	-0.6058453405973061	1.1532192400904864	2.118332097664485	0.6451254930419096	-0.6024274742644206	-0.7895116715506746	-1.244044582416502	1.8384643428354	0.4718903543294547	-1.1715938399193615	-1.4530803752450399	0.4009115900541602	-0.47732407427006446	-2.281904027253674	1.4441166237290115	-0.864126946587184	-3.6591199802971874	-2.4262487609580448	-1.6668448374050804	-2.681678888628022	-0.9693355274767397	-1.1636009025016132	-0.935201768262905	-2.28849337774933	0.8824645909407396	1.3441368003742897	-3.2671499618197575	-2.5321922073503305	-1.432905592255721	-2.288332537825491	-1.119772446546908	4.31434208721992	0.6622300254838633	-0.5660063641025421	2.5989780952139845	0.1350912256636445	-2.022402095115026	-3.980126083505761	-1.1010767799704866	2.3055624143589935	-0.8907651834809714	-0.07207752128693426	0.7769830630862722	-2.172083432875859	0.91262002215028	-1.1415287103918408	1.3785546451894124	0.002375527649064359	0.169199699848744	3.7875810386385833	0.3909162091334543	0.1691690750654892	-0.2853190744021397	-0.022003968220854507
DTXSID2023565	1.5717955719390708	-2.1433362996798646	-0.5620330702894935	-3.2484512855116154	-2.020375515014325	-3.888056817827517	5.238202537417751	5.0454914590135616	0.7322611311354168	-5.753346146643282	-3.0289418826426506	1.0254433095942845	3.2832041614849037	-1.1619537706105312	3.2716381209641265	-2.116357840953334	1.772995002887699	2.735582577125309	3.2797150968775615	-0.20002687634271638	-5.586985265117866	-6.360335662667697	6.683953455225467	4.270355262496646	5.277746579443138	-1.785090764542961	0.17681669994941687	-0.6325595124528773	-0.42866379070822597	0.7833426058727658	-1.1388270995387964	0.5722992321715692	1.0447977669467754	1.0909609081642961	-0.31416231679213896	-3.566795311888426	-0.9071984593035024	-0.7573734085716861	1.0843495515387997	-0.24504734368143838	1.3005194666220727	0.10535809950585298	-0.4037062483561973	-0.06575447050785871	1.0026174519490418	0.5403097707958895	-1.1466090106952411	1.972827613839674	-1.5236299781965075	0.06752492167869911	1.701675803025852	0.2552914401702061	0.2901421978650653	1.197642013039491	0.199273016101839	0.12637390525787603	-0.23663289196496382	0.6326847514155347	0.6931226506845052	-0.13874212023976734	0.30741201008343233	0.3691912439406184	-0.9292450271693359	-0.7425821157198275	-0.3806632980802817	-0.39740560579434614	-1.1220951967501789	0.591677497857173	-1.712023616422491	-0.7174167990717176	0.388379657828567	0.43336838459208005	-0.325055275733767	0.557195685788784	-0.05721867299715746	0.519983313011155	-0.5687817444989762	-0.5119222600721175	1.1894903706441284	0.0103943305054409	0.0956947673976272	2.1134531093137503	-0.30010337276646626	0.5673007794207721	0.5222519133036589	0.5145646847446417	-0.10249142758246901	-0.21984710780424507	0.8052487707458382	-0.36023205677802805	-0.03975093989524265	0.30178237426122806	0.5656375140481266	-1.1834386788031206	-0.6945803805528875	-0.05453761838788565	-0.10630066216534312	-0.0034696090950578963	0.036212055820087234	0.2721209936132134
DTXSID1045110	3.595922178613124	-0.6060265954543474	1.6420206167857077	-4.372776355694373	1.227436816338282	2.2622122288401156	1.0298391049057258	2.1569032676102187	0.038088529930459795	1.0951988687007481	-0.7390554769889176	0.020915750623399853	1.256159167319782	-0.03265335365042222	0.6781571617449449	-1.5450869091876702	-0.34406021606706105	-0.8375239538302913	-0.5141157783983453	-0.4469082253657409	0.43289143966717925	-1.1877662037880663	-0.3617569264896035	0.9205238361518152	-0.5145664722827687	0.8312800955405675	0.2858735422140144	-0.5105720725587792	-0.11526753434940357	-0.07282815100987979	0.3837217927871078	-0.317175331376724	-1.7506795298172633	-0.4684577667375976	-0.5851798152141036	-0.6243589073017557	-0.22603993246665968	-0.023762779603129502	0.22378742891242082	0.07429375923203681	-0.3129244134144964	-0.27990075419448174	0.025724054618751855	0.8158390678963766	0.6692849050161372	0.7576519984571183	0.8773428878597344	0.2300517947054967	-0.300126365922061	0.6005429667705592	0.6749344899032794	0.33259307805680965	0.5863182257455785	0.41205915830836326	1.1654202532868956	1.5810184193052894	-0.8447498623619057	-1.1615674676342316	3.379278713654608	0.6345040212708449	-1.1674471269210582	0.7490890255223777	1.57565910747504	-0.1739099087040922	1.9961311990549213	-0.7092884522019732	-0.2890847943422362	-1.1222543951581352	0.0985695039634549	-0.6000868671064803	0.8664669766300741	-0.6248838265833685	0.42261310793079787	0.6956257653116806	0.3780540574673624	-0.8621693139489106	0.8690748605411022	1.2347053067279083	-0.21319651454369604	0.08352517961727923	-0.48344571979254464	0.14584152813401846	1.031236431248024	-0.9710027595197568	-0.3874407631033823	0.07099940267451742	-0.10910177313069722	0.01793507125993404	0.5754912236640002	0.24195890295748027	0.42732570210897614	-1.044433109617254	0.3748807111165151	0.26136490336314183	-0.48278894841522574	-0.7229634659680205	-0.39255670066118054	-0.038251787066392214	-0.213746561199858	-0.4860382273441989
DTXSID5025570	-6.072415334654641	0.37891552422364994	-0.9200965045249797	1.5062739170465447	-1.6421818046323013	1.9199570113838345	1.3193816415979998	-0.8638689669545101	-0.3020549872414839	-0.5753904896953634	0.05597118345197184	-0.8744414083772823	2.201756234658159	-0.4083067633382394	0.5584844513155605	-0.2621329889585735	0.19472604378184918	0.6150788048080085	0.3161495743300519	-0.6756335450335805	-0.06768767401253575	-0.11012769754175017	-0.12424506166144583	-0.15727917115677492	0.1889325108432704	-0.10970420779568525	-0.07307240276888902	0.29728989227889263	0.107765275674042	0.3895034614739383	-0.07810058115546914	0.07178953902954475	-0.08979544020644027	0.5785044954822874	0.40469012433908236	0.24330159545327998	0.6364342543036526	0.6160502949055442	-0.15804807488155773	-0.18285738258968945	0.4400061997163724	0.4079054712689937	-0.5492638294574825	-0.011911870262286838	0.24032836027684132	-0.11873772747813933	0.31714981936766856	-0.10976820594727577	0.12205272750858871	0.3286454454416499	-0.1489034100799751	-0.5702161189923463	0.3935174722646487	0.24070167896923927	-0.141538197839427	0.13979017497198742	-0.6395890272061701	0.8315064975099955	-0.4390145554920216	-0.34558986194800106	-0.42513976736446857	-0.024204641959100992	-0.632309559510318	0.7883093204283963	-0.5498537374161856	-0.6213638394489867	0.643939014065041	-0.13383718548260815	0.15843458643428707	0.48106010264919574	-0.40942183976148	-0.04262529273108266	0.052517334605454755	-0.5461970163527884	-0.15803627019974575	0.3985632000384672	0.3286112048937042	0.21976459931093736	-0.3098675567759792	-0.06298968995598113	-0.29912474629278385	-0.2658983854881239	-0.2805507508002861	0.34642649066274617	0.20051147130858207	-0.8842183457158987	0.27479334678329415	0.4294746718300204	0.004109844312295096	0.23402735867397115	0.3932442334629828	-0.2794481531044013	0.01190792512644145	0.5308907454987988	-0.29905345838908587	0.020849402850173174	-0.19213655353392595	-0.09292668491445008	0.4435146112508813	0.3795944863304075
DTXSID2049058	0.925952531448108	-0.1419268388694205	-6.902470634202361	-0.19928941067101077	-0.7050246800034176	-1.9544544607701164	0.3261331520273526	1.4951356666411997	-0.9541571353798255	1.1063259202244662	0.18361397209449512	-0.6982578723698661	-0.9662308843074586	0.7965056756956285	-1.1259564408259812	-0.25204140224545296	-1.3032237896473606	-2.2455432070616053	0.7650997043936721	0.9126421907212603	-1.4885841891487932	-0.12615494710921624	-0.29209719957129643	0.349280969727509	0.4819328008233799	1.0662674617154917	-2.162593771309252	-1.9844467908972119	-0.3523777620139102	0.8260618318998514	1.3022491793719593	0.32816978728271046	0.12288041095232405	0.7816012695025545	-0.7585801426071402	0.9514867370323374	1.1332084766900412	0.610614931906269	0.888458005611278	0.5825591539291073	-1.746973375651523	-0.39836216803562335	0.15387547088727974	-1.1211783275697267	-0.7819463557681257	-0.1371674958931661	-0.2515898537368417	0.3846025465800742	-0.8285174508696769	-1.7986043345788045	0.8757090283027344	0.4001669138526168	0.1505831868533261	-0.27874677543058185	-1.7387945758382704	1.5088114538806985	-1.214425575709186	-1.5611226226410497	1.3198850153989192	-1.03053922632186	-0.36746388315920714	0.26889747392097957	-0.23371440295427565	0.2445246782105332	1.916615665200969	-0.34299827272730904	1.0177354085450332	-0.5085939932519614	-0.7557259533497585	1.6564401335167043	0.38572775893741	0.1738008851271343	-0.05811407117174607	0.10823154862042178	-0.1609033761629492	-0.7403960457703566	-1.1779542457827583	0.8954549884163941	-0.5381722183846633	1.1231433422472703	0.4360710536605604	0.09525428515793491	-1.4496411281100894	-0.3301736747827957	-1.0456420415905485	-0.8416783476194537	-1.0322877197622964	1.0774873822792153	1.318372986988359	-0.5578491965339949	2.3681801386330052	-0.1594336518493075	0.30367538132526767	0.7903905101576891	0.6939233181273659	-0.22200838810203752	-1.1719990381865812	-0.45095121692042917	-0.31733333979930634	0.9536835805994465
DTXSID9045899	-1.8096099291156769	0.41418258892569354	-0.7241757483975346	1.1507391625275047	0.3768281690017641	2.4436703678860074	0.19710178460591776	-0.9477547742610596	0.7529811947001543	-1.1385168170836553	0.34124738764719975	1.2418230645921509	-0.13134240549433243	0.8005355832887808	0.6999457118969992	1.1398152915526654	0.4069053002015902	0.5639194905934237	-0.12297392649384906	-2.927770038482562	0.2220655248589725	1.0640169535614499	0.5913889413219723	-0.31115797897835806	-0.6283609881680803	-1.4638274503450064	-0.4835129589611399	-1.105915220268093	-1.6350860595555878	1.4811606210968349	-0.5298503951406338	-1.7209170676936285	2.1361951461926845	-0.9686338668320943	0.5220756064113646	-1.6605994409898872	2.0052865435528866	1.3675240506718132	-1.3162481632031142	-0.8560248519644755	0.3296712581019768	0.682926057409371	-1.0268671494724373	1.6806919098502069	-1.9073110998705438	-0.9128389819924991	2.831659503489058	-0.20814892765792192	0.5499484729898372	-0.31702314772699	0.0843160442309784	1.2703389522526882	-0.17125776617286412	-2.0600351072442757	2.977870214026432	2.542319446456815	1.1400037903324993	-1.0894375506429859	-0.6354331884611238	-0.4978297050812211	0.4587568614835236	-1.259291626931157	-0.9629132859510557	0.08200863472247175	0.12376749889287864	-0.5373951763497263	0.4334811907567111	0.2211722749950038	-1.3415559297908244	-0.6065284655910564	-0.150507734959588	-0.5098802310577735	-0.6046074029274119	0.7433742769027327	0.463819427275178	0.8041911742249913	-0.3208203818270837	0.088866665687822	0.6564710819876399	0.43930872965333884	0.2816336680692567	0.1176804300607804	0.07280325055721204	0.5691200170643311	-0.5783132381117133	-0.1501517678206682	0.6158878683274701	0.5417064562594212	-0.27917455573744926	0.25700051924038975	0.21600805433846476	-0.0830834916315209	0.30171173249696814	-0.3564061589676692	0.1886950485161508	-0.461974105071096	-0.5452884233769272	-0.46843197342246445	0.049138691009547764	0.46613836151195587
DTXSID2021860	-7.050216912123651	0.9079883429800458	-0.71179390232416	0.002108714189985346	-1.269945112102917	0.2793918666504484	0.21061138575457747	-2.288640173067343	-0.29151398649573756	0.5884891207614621	-0.16609607682986371	-0.025444817409970583	2.112201559412118	1.0128254025779555	0.025073345259731202	0.13203675307313362	-0.08615709708644942	1.4287020081005002	1.120239864246597	0.3832531866930908	0.2770241377400917	0.7893666247956684	-1.1964149193721438	-0.1915423958767432	1.0505421282300307	-0.06559045419369755	0.18115412015319177	1.5641837713824773	-0.36107150053017534	2.8403813228817425	2.2166557673546436	2.3440144626268737	1.7918123674222741	-1.624374937197663	0.5652588995512832	-2.65812372898837	0.6152934633094459	-3.5539119345172643	-3.840981857632149	-1.7902866093581022	-1.829091536089782	3.8114512810079573	1.7786251522168959	-3.1289688423582485	-1.6775663196207855	3.493961147249285	-3.6985721172576955	-1.667156125188773	1.8478977400331857	1.910922476833251	-1.5519553188968631	2.428792520463896	0.6545285363977289	2.370700612097381	-1.2724039104453557	1.6883329826614988	0.9278000592556875	-0.7344936644762783	-0.43694411340280637	-1.978099359584672	-2.0115639321559073	-0.023477002461198354	-0.025530654276330177	0.729505213515386	-0.12667293022762297	0.5679074192070195	0.5754449080729968	0.06386362156322285	-0.11533468781072553	-0.5375174084624709	-0.7562869980588223	-0.14394547803197266	0.12970175026067632	0.6642886676307452	-0.7417130929542768	-0.2597040666272733	0.665829602670819	-0.24393466305443778	-0.08709872864844884	-0.13707933292458926	-0.4365072819523773	-0.3518359935034855	0.19319887403356245	-0.4381064450911231	-0.7443713950019627	-0.16984987311386718	0.48824320521267855	0.1737268449747826	0.4728719520413439	0.6817315899934626	0.06888134254515872	-0.41273534617227514	0.2115735254779599	0.053100434889171856	0.14240506079135604	-0.4064987845374899	-0.07062460767727273	-0.06443385125224399	-0.1776433461786546	0.3184930562812539
DTXSID0049369	-0.44031853689021144	2.7112614445582515	-3.7755428583643766	-1.9544717691439037	3.475512370697408	2.459638757594043	2.044488823714455	-1.1696306211770373	-1.7057727674471281	0.8572407052758014	-3.139547242529663	1.6146073951448314	-2.218806933981043	-1.7083370716310968	0.5361300969348725	3.351037492646891	-0.11652180619913212	-5.467696847707492	0.4786717716782031	0.27363269300319015	-3.0926886100446302	1.7718094922172851	2.407438056549799	2.4897946094241217	-0.37839913020705734	1.0369432373522305	2.034092013785809	-0.27089438055961124	0.883765320635691	-0.11973876408491055	-0.6410820920878264	3.7493828838802736	-0.7053439764765774	-0.8844511674219661	-4.560856503799856	1.1709991334890772	2.4589265864014576	-0.13504807748503658	0.6061720800168255	0.14440901117190377	-1.2247072167765016	0.4717503917373825	0.2360137699894765	1.2072823559203079	2.0782164336283078	1.164528719402995	0.9391123147398264	-0.4294673871103362	1.2356680619742217	-1.909703022526013	-2.3568264476697176	0.8211176715366493	1.4702321043449385	1.42975302092654	-0.18707193664356353	0.6200780448140156	0.5196576504597378	-1.370484661959771	-2.488463852089436	3.5515058216889632	0.842949710326074	-1.5181987307410214	2.445673887432361	2.080368002303063	-0.8604094479733152	0.802480157363876	1.3807394380295293	-0.06601956343083204	2.0523678531938714	3.140493233494625	-2.3348654772796644	2.445884388005075	-0.731758741507045	0.07761245781540403	0.2652137856813633	-0.06389380540300038	-0.8817281498579864	-0.715072063972772	1.4715155404213507	-0.9904493285941223	0.47315367566380223	1.3643621134662405	0.6575569610892698	-0.8976642378369669	-1.7698923182000086	1.8145560479109402	0.4309464946576927	-0.07714423173646855	-0.0822561475764598	0.9141682826527401	-0.5676318448824967	0.3169327683568586	-1.1190201613649124	-0.4449234738014514	1.0602969132062123	-0.20768126409377446	-1.0729801991846166	-0.6018071620207628	-1.2934890789756213	-0.9803011981642283
DTXSID1027899	-3.566516977684486	-1.1497651332718164	-1.5245048536618384	0.8634267288338278	1.7135594744887488	-0.5383326769555938	-0.8164503366611301	-0.6287276186064683	-0.018121305246806878	-0.9895881916944254	-0.9082489649599534	1.25168465518957	0.7858458121553856	-1.2417313467427353	0.15164356931111744	0.8355119065990029	1.6801675197912294	-1.4995951275274373	0.8230134323666123	0.41955597594432414	0.3299495927948647	1.5342073037520034	1.56032973139481	1.1407901542437477	-0.14496754139308793	-0.7819353854167679	2.342062731279098	-2.2421938025010575	3.9019735149030415	0.7758238942434553	-2.4582584260532294	1.0706868653789463	-1.2205790780990062	-0.10695087585439576	-1.6667478427994846	-0.0814942637614552	0.9040667238760222	-0.5031960489288232	1.0323837961650657	-0.0082443663709746	0.045787800858619505	0.5821183581784483	-0.037224958841836214	0.7898737578918988	0.3385679745619212	0.277774292925209	-0.05745388722179505	0.46135557795033755	-0.09342238928755836	0.16390781678277178	-1.7629366584388004	1.042323361291583	1.1828948837322006	2.0944429576323946	-0.483400616953984	0.777107728871395	1.1309523153727297	-0.7949907255484251	-1.9336452902369088	1.5670952638103388	1.131238827449283	-1.9009122271569985	1.5093057234973637	1.6316895675108012	-2.4355974432189544	1.2846418318740833	2.9030335233424704	-1.4805685298095208	2.549699448472021	1.877605619055565	-1.7391024594015774	0.5910581331366582	-0.32847009677573274	1.0096176813974367	0.05370743680992823	1.4758528701513558	-1.2690304289401646	-0.2617430287480707	0.2961820734530762	0.8988092627378313	1.078103556352799	0.7509239116429814	-1.1667612194727146	-1.0347245324208312	-0.6018070960606374	0.33250659292147916	0.1329239186665711	0.4767989551377095	-0.07383884694379027	-0.8583175769821434	0.6192324331402402	-0.18258003874158613	-0.961538755289026	0.6656686563091078	0.5251120399366745	0.3791869062738825	-1.0183872258170328	0.6652273834091263	-1.2440624417497659	-1.4941417674803106
DTXSID1046920	4.861212147993173	-3.4953786949406065	-0.5156657771694213	0.5906413755749418	0.3272382417118665	4.989080414412511	-0.8394211870379079	1.5865884449114598	-2.2340618302187223	-1.190532949168628	0.47883631735168064	-2.6280844281520337	0.8458346696476295	-1.582897168470068	0.9386875555134259	0.026603839670163207	-0.10012171873922364	3.8478983324576177	-2.0265441151289263	-0.3913457178897137	0.786068976722389	-2.0508485861871932	-0.5374891352193699	-0.5897748401397469	-1.275640419843248	0.7575617218572919	0.7742691876486675	1.6360282722071244	0.5431005422267255	1.6074998998686878	-0.787794184311214	-0.8733729641806789	0.2493404644420719	0.33546935577416626	0.47568294287700835	-0.38462608787643054	0.9258562759663378	-0.2501408789839136	0.3945265098877386	0.37324449361132006	-0.07069030033758941	-0.20573539748380043	-0.4379622635725926	-0.016917370334666924	0.029659287780806013	0.11267278965745715	1.503983273868489	-0.913645057202252	1.0042145471239206	0.15638752638320458	-0.20420708682267394	-0.2217731083760905	-0.04962619565370279	0.35660617862810945	-0.4384571536665856	0.22609694937112781	-2.0441708209305425	0.6166559328317925	-0.08755199728491639	-0.7122447699947926	-1.4630728218013649	0.11295051733512987	-1.4013696768259833	0.9747035318172833	-0.33331139695593925	-0.7407501729987733	0.888293237507564	-0.13456698764912886	1.0908588511122983	0.6880121962344418	0.5424934685519848	0.6251274899166759	0.22554408389256633	-0.0475326365831127	0.033047169389162696	-0.17737206333987554	0.9919581475449873	0.3031041281422246	-0.32353905330556276	-0.2526635546679927	0.6667086089602277	-0.13191591444861442	0.10831927856647929	0.6657425469659107	-0.9497929918738546	0.04567069799325678	-0.11769307090133013	-0.29113573980365665	0.4346802254729345	0.10661121855460033	0.5127964102118769	0.7842581644761963	-0.1810433043115467	0.21331965773063724	-0.08280548389492494	0.10038457610030437	0.5134392116981348	0.15507172444021003	0.029331068578953304	0.12599703309604224
DTXSID7023190	3.9964837957478325	2.1418812449392375	1.3623290289822458	-2.861429518463699	-1.854239560116437	2.303452235564408	3.7354665465732	1.283171690549687	-1.9513050406569388	1.1860377098433763	-1.80847157125779	-2.5377463060022065	2.2162985773968327	0.36692205051972837	-1.3561165298806739	1.6722524685781854	-1.151354091072891	-2.8136304953216196	-0.6451425656206801	-0.5228427625564576	-3.5349364037754465	0.8051143665463241	0.44858993480283166	1.1081517517993735	1.7014959599337047	0.9461746647190091	0.2464160665279584	2.3019399457061125	-2.38998098959977	-1.4183710266326346	0.06416171369682472	3.063191719513513	0.6039157649774829	0.1559719851198452	-2.097971429820636	0.35896489448381425	1.0413486973098245	-0.6006031634535592	-0.6373718023546375	1.3269362467709376	-0.6767646391826558	0.2392489175777043	-0.1812831859055194	0.883316295291551	0.9561251884588239	1.1824428384282122	1.912557372955097	-1.318660426764033	-1.8073998319831428	-1.9379401988730094	-1.2982218613593381	1.414856295788863	1.358718201156222	-0.6794467401631693	-0.17205986600234524	0.24947481465236976	-0.026075679816578327	-0.4360546609359832	-0.18875801743094286	1.7863803783048047	-0.19827856997800383	2.173999110766219	0.9622184337227553	1.093259562529646	-0.014706636743634888	-0.05896677183337135	-0.95978713740268	-0.704435242882519	0.15932147007442532	0.03157471423041601	0.5456021508028571	-0.062044463286463444	0.6440946249507455	0.8099350354904565	0.30068134565427684	0.49720866537446595	-0.7843496304832188	-0.721224664084931	1.7445376918103268	-0.1298681741991487	-0.27745162067995416	0.4827173954483122	1.7862212947274831	0.07908661484605296	-0.3301290424020067	0.8561690873822264	0.23027125157086928	0.6755333807616761	0.8087313092881537	0.04754438146677622	-0.7896030490066211	-1.0363874493567726	-0.74921367908421	-0.3957755026780341	-1.2123267811717033	-0.1184931612673742	-0.5197231456497096	0.0017115610335231277	0.05738579260240474	0.08458094626216783
DTXSID1048754	2.8355507895720784	-2.030483337237783	-5.314777317384611	3.6707045264179974	0.9942100316791629	-0.29304912737414074	-3.3720629282045453	-0.08556988862976618	-0.15521664460555903	-0.7576760797796118	-0.11039915335260138	-0.35644870931263445	2.702931572514799	-2.201575514867168	-0.49426348833133676	-3.6045020887139803	-1.219218291655493	-2.80269298339863	0.960918393678343	0.008056155822319897	-0.9359942911182687	1.3478440960827751	0.35444055936965757	1.3638313804573055	0.12691627951629786	-1.8681563265263763	-2.4020606099055275	1.5883747516840965	-0.1155321337262984	-1.7903507423203513	-3.688132376002474	-0.6856959981724812	-1.665850604124507	-2.7087771083313985	2.9807255070501553	0.3641243205984959	-1.137084234616353	-0.24741214267155465	0.16776314350195956	-1.5523695537085342	-0.13652241883069008	-1.282146799001994	-0.17733614496018987	-0.4107095796125376	-2.0332475047057543	-0.2135968114308559	1.3806525713382738	1.0621146372449082	0.7849837010714156	1.185578877568844	-1.4786344299122884	1.1771644504748988	0.7065309481831231	-0.14457415799383705	-1.4006315922142747	-0.0285710472718658	0.04440620158781516	0.6571209028374181	0.31535469356757534	-1.096251110958891	-0.2070230780828384	0.30859729068198216	1.0259973991843576	-0.06574728546453168	1.0223057092056131	1.283287758673586	-1.4067973950487191	-3.540687539052556	0.12359364123632695	2.233440843559209	0.28625420118811207	0.14096345690521347	0.0038840330727605804	-0.9602116484460359	-1.2251450819453586	-0.1810945374579485	0.6542197765677029	-1.2612855824046554	1.136070133282603	-0.19540681615341915	0.08904070168670461	-3.0179407316970797	-3.859878176960227	-0.7248264196704624	-0.9242376144752218	0.9097468200301796	-1.642885910186681	-0.7068599019984975	2.183628915732916	1.6703607435441614	-0.8863409330800175	0.3445644495770776	-0.31100816809239384	-0.09725940688843995	0.39382171954404327	-0.9456772104823539	-2.0077205403051046	0.32205736814553365	-0.41759246995017035	-0.5795372894922192
DTXSID2045440	10.76267280528831	0.3505459038866637	4.98750392540622	-4.0030169529374495	7.619306304257015	-0.8917824961467048	0.3408534930603692	0.25122388258136047	-2.1548656054971103	0.4939643285774393	-0.6450831093149467	-1.3378433761719968	-4.391349684804994	-1.4917667347984482	0.5416527238885926	-2.7039758150317463	-4.0587751474012865	1.2586170071721914	-5.159538018611662	-3.003708033739693	-0.9702969428141124	-3.9214628384244032	-4.383975528589445	1.8341753862454009	-0.7041749492857367	3.8380319309317903	-0.15299620468259004	-1.3916183651199316	2.9240417039892046	-0.03091986757001456	0.4112199482971533	-1.0432566377549886	-1.0461922245604756	-0.2850701929439314	1.1197342266226902	-0.8750936313775942	0.8917640017749991	-3.36278572287456	2.5475870535131873	-1.4585037385394304	-1.050577487527555	-0.7379751738985919	2.4554620092462467	-0.13193427109897188	0.5159722480610213	-2.243993841235201	2.542692845944201	-0.6256342983848424	0.8027973136743214	0.7871687377645619	0.7063243951507567	1.0616123211353152	-0.4056195975839855	-1.624091849275505	-1.6156413223059471	-0.8930297604074681	1.957589924269546	-2.332739367088384	-2.1195027158003006	2.2290139409837373	-2.267826226434038	-0.04591101753656363	-0.5702299398002784	-0.3346160383044586	-0.8025959034722955	0.7451805025362699	-0.3389025522493402	-0.9509726918688549	-2.040241697876686	-1.468199805222217	0.4031352141048947	-2.3172988810598723	1.4858490499078476	4.020959122069563	-0.8977879411425083	-1.8040904249830723	-0.5808512002718367	1.7128656887116798	-1.5984094587285065	-0.9583374714348145	-0.49111200194271715	0.3814414964432302	0.2237379066195794	-0.4307591412991671	2.325461642802583	0.9675217626648686	1.1361409020224265	-0.8495912247288265	0.5713399877914749	-0.6111313630953272	-0.5667243939120621	1.0027018523784796	0.5948372651926278	-0.335801668683667	0.4809644721218306	-0.8436316600937394	1.0107292566944712	0.1446525876196604	0.8997933972363463	-0.18046187340498734
DTXSID6027131	-8.860038986416813	0.9641230828950036	-3.011264845958771	0.5792682566790892	-4.159500800174886	-4.066672881474449	2.915361995118344	2.2873869362284527	0.24045745492565462	-4.43929535840055	-1.9255361071052504	1.3565925455174175	1.9372175817614994	-0.7407273177857818	3.4622761001375837	-0.4862801066662993	0.530022758577094	3.9103055974276413	3.778733566954477	0.9237988610438775	-6.2631216824047495	-5.731614098410858	6.439830555821227	3.465328194385943	5.019039467588601	-1.391117354564692	-1.0383913328410295	0.21477356475438114	0.1842195931287347	0.3529960282321882	0.1812645415277503	0.5699476987735711	0.572309484548171	0.10439133641747575	-0.48886291530902487	-1.3892955469961519	-0.6065222157322115	0.41291944975061906	0.6532955531906086	-0.038926466035647166	0.7139526120636176	0.6791332030667471	-0.09151626284042572	-0.2855865063985386	-0.07231398423753102	-0.7670131075399952	-1.0791393767226611	1.71298092517427	0.2685446973860596	-0.09325510712350515	0.12589509166418306	0.7017540322122654	-0.17434053274187689	-0.22537361426873267	0.5069250040966484	-0.3238231934892252	0.7643928556533177	0.25907427238903813	-0.5899557877216502	0.4956372140754181	1.019266174922135	-0.12430992410316412	0.36962320282394395	-0.32196958227689865	-0.3448737909736404	-1.0896773056551858	-0.2354428469997191	0.08215011221923404	-0.05141473697123412	0.3190570824624785	0.5925447036430647	0.4423480778140892	-0.34678147142754784	0.46512416991317135	0.8215906966133266	0.42159939618046993	-0.1643843863144562	0.37332950262581754	-0.8893844559452462	-1.055161669144832	-0.11939870373531096	-0.1228068176103504	-0.852061494540873	0.20158727586032044	-0.2912637985926473	0.25823574169561386	0.16615414335566955	-0.17108219078071119	0.5298542961943464	0.43090012244152703	0.25835976048958154	0.051733176713714524	0.3318760216706684	-0.25683763325702347	0.22987200286967405	-0.5119064787458879	0.03360417587376483	0.24151560692548601	0.6257108537505798	-0.3706815530377528
DTXSID7047697	-0.4711022204257512	-3.50393510860611	4.640026071262708	-0.11307898644170646	-0.45577838737830717	2.959546898599045	-1.1305366114545239	0.03861716946758991	1.2257500854652579	0.5505431685635309	1.549398564131147	0.8608877429961078	2.0659475417525495	0.7966594459075172	-0.697570556911545	0.3023398992614222	-0.24079024039689845	0.8357967644469478	0.4129532933865917	0.4168279227776897	-0.0014075688304069727	0.994298219006009	0.35719193929511495	-0.04849428626199822	1.1380312360788536	-0.4550965332796305	-1.2647683011633915	0.6239019250167647	-0.3986822590715168	0.3753315559727949	-1.233560989816778	-0.7673236262018772	-0.1727602292928548	0.0246519621160624	-0.3367171483226143	0.39036608215556107	1.1171865770771858	0.39207890268589757	0.19817200919047312	-0.6845193399146554	0.38695525432860356	0.10654472206691143	-0.009174532122158451	-0.8627478398189627	-0.280436950352022	-0.06175520535892801	0.041401742297182874	0.4515740875498489	0.4136483709547934	0.6326465492101055	-0.5458828131047575	0.38836811655148556	0.39839312056486204	-0.28646635752300303	0.06537413335804262	0.6374212957398504	-0.16065976220487957	-0.210287515561925	0.1511435988262768	0.45529014620591945	0.334317745812749	-0.15129083166268617	0.16308985656780947	-0.2893218580845819	-1.0140809959927504	-0.7678010073402275	-0.9660443170954772	0.17352941575039704	-0.12926737808039307	0.5472872784187414	-0.2175173515941773	0.13654266220077393	-0.08697235163455548	0.15945281452910917	-0.18905741808285612	-0.9322039881202326	-0.3265954818884488	-0.018352820864870015	0.1666310606869575	0.4164279019372801	-0.026388710696268188	0.011767971032044076	0.1048414372468139	0.161834080949927	-0.14566295662649714	-0.16317792103214218	-0.08692619299851247	-0.17180416160740763	0.10365110166271965	-0.4681101058724017	0.8032237177345823	0.32151742295340185	-0.07198809367531105	-0.5504879278439457	0.10898077554809026	-0.5840879501740521	-0.12867942302965277	-0.15311684699675168	-0.11308646531020088	0.05217116194021031
DTXSID2036588	0.18931466389567786	2.3186719015360744	0.7995871077423187	-1.5755153537469226	5.082432548067381	0.17601479018454463	0.5615691348199612	-0.7508188255035466	0.8384901081377839	-1.0009445843728435	-1.1268291285436458	1.656456311830751	-0.9344129731961647	-0.9737485251154858	-0.20486599222078414	1.038832516941539	1.7342951564727418	0.6106468002401307	0.32694318820046564	-1.3549343416290622	0.04822206996242618	1.1821137914058921	0.05492956754836289	0.2679030745382026	0.305087319394217	0.05859573316639749	-1.7021499367790478	-0.18995040512720981	-0.5363451322283832	0.48920636212469804	0.5173974143852921	-1.5195118125416007	0.9157055894962298	-0.825118634574216	0.28963034416877753	0.58102599290256	-0.7380324920247279	-0.08905286672111264	-0.36110571878708675	0.012028900143060205	0.7086348942895944	-0.5090268803020271	-0.7988961335854547	0.8699865075545035	-0.034476536378639636	0.006319752177522846	-0.25126638637775706	-0.5626647669524255	0.6724621547551717	-0.8346168269956364	-0.3339421053241014	-0.11428406697312951	-0.7448061870538737	0.2733637361434942	-0.06235835275473214	0.2755936838863538	-0.7587158133273744	0.23116315678110697	-0.050545428161095925	0.7613870116309179	0.16615209552850307	0.7321748455224578	0.5847488426299223	-0.8971758077618425	0.7633977385049683	-0.10657792968395303	0.43555377586329563	-0.1237620694497851	0.25259638502819387	-0.6443533244437856	0.40152273195791216	-0.2945174342977541	-0.0013287433010999443	-0.18734284800357517	-0.27330173076594405	0.7903807958631366	0.2912991148044325	-0.8072208653063024	-0.5662991192410328	-0.2067119359458385	-0.15905067307622392	-0.7634660001744181	-0.08363155861865929	0.11803413073982502	-0.3794249090416616	-0.08757165582247556	-0.49636271471604854	-0.12940107126247277	-0.1028980057968689	0.2416328842380382	-0.03537679708024736	0.08479986369469059	0.17534883346430696	0.12740465520041003	0.1277465424096707	0.2746276899110079	-0.24746538586437458	0.45417522939654187	0.11323367828733637	0.12136554779115118
DTXSID8034089	0.6714972594793593	5.56540953523374	0.7852934151322535	0.5801556284619508	0.8453580772984424	-0.10147490395822942	-1.0214151800980673	-0.472021746257987	0.01233133690420124	-3.1743116236748663	-1.3806930580889119	-1.9391708491151138	-0.12959417496650466	4.561121350725057	0.4893348139255961	-1.840634620621269	-1.3891462543325053	-0.3522845146354348	3.547627859488004	1.1623652647594718	1.2996577763483406	-0.2394672299494663	0.371610717541432	-0.40609711713688307	-1.6063450835604511	0.19755919347425413	-0.1889969620759256	0.7730625185832455	0.30288358719814584	0.8848064788092653	0.6395027410793714	0.33580187022338337	-0.7110217891976752	-0.5443130935708502	-0.30621105927892395	0.5645372086627211	-0.359451519180773	0.2333154800365499	0.196544696344838	0.10877378039274774	0.13114903581708853	0.39299408249209616	-0.4588714142337588	-0.05002534180991271	0.1562683257126241	-0.5795148971089723	-0.05493854763926975	-0.43973444547625473	-0.46203524296855114	0.3346752025813907	-0.23615366998778692	-0.49250898251119407	-0.4055080538546126	-1.0338890507339396	0.43111902196329344	0.27670722927937846	-0.13748884756306062	0.13880546285518153	-0.2906777147019081	0.7844892911697929	0.6171363357951318	-0.8182740311114562	-0.47217625670149377	0.5635084407874632	-0.5098190086635873	0.6154950792108428	-0.37901613150564234	0.20212428858319623	-0.5056810488626385	0.5477200405527547	-0.7262215493940317	0.18239842026393852	0.0030193399021945957	-0.2688714277354713	0.25462792908435916	-0.3731559908180724	0.3573942878265761	0.38898233652308645	0.31491263251028906	-0.36394442008769473	-0.553451014346474	0.7182502281072071	0.3782355374667056	-0.17912804831462883	-0.30421898470335984	-0.1148389616543977	0.07848265220394465	0.28976630093391476	0.04747780018480469	0.37313336708224637	0.3286270173455427	-0.003171653083166562	-0.06715340521970517	-0.3944088118557368	-0.19611953875777616	-0.0551685267492551	0.009186313260398054	-0.3469481847231961	-0.20791578908931205	0.3288076749430135
DTXSID0032314	-6.7176807342574705	3.5402047677725643	-3.4309882415092487	1.1979633499044335	-0.9086440270415713	0.3100658332553314	2.9060229343697106	0.7902608231169941	-0.4266180141601506	0.32631781089767764	0.46610361733915906	0.2826061478747717	0.6687446980461926	0.14606161635498457	0.15502783741403758	-0.02261177832119335	-1.3720224421075502	-1.3356458927300647	1.3744958538457888	0.6719038905168656	-1.8587800099517855	0.6340589046654183	1.2321137885342224	-0.7645463857222157	-0.5949415283746523	1.419665575060576	0.5679386615023199	-1.0118290802871552	-0.22514215896861373	-0.23063402537062497	0.4973883053023489	0.09401778872270987	-0.401806800486549	-0.016607638043000465	0.0682313274041428	-0.23494480970143147	0.8947419273864132	0.3895643069277073	0.1613595372191802	-0.13402707352777296	-0.28054273193292345	0.07611470313414698	0.28712513307697823	-0.42643939102486145	0.588725987075952	-0.38268699998286937	-0.48756241488492674	0.46446026983832683	0.37030951140188206	-0.6884784641621499	-0.8672793395196923	-0.5014472476676325	-0.23047201905071305	-0.8452055971346927	-0.3363429021871891	0.031300603634266726	-0.6079902765129054	-1.0858908332854769	-0.22082616907242142	-0.036052186996504955	-0.7429834743997004	0.4868077469662847	-0.39832889707730956	-0.3426442865600581	0.4410155371283525	-0.4647061683228761	0.849858945477239	-0.5568481244028403	0.24023294470337916	-0.1497840646122851	0.5893505740944602	0.9328845732793951	-0.5836409875141937	-0.7163717411213363	0.1253276539933275	-0.30303833843934663	-0.06838986197721851	0.6098081147691299	-0.6550311930157465	0.5047050637126411	0.8937822384814192	-0.19103170254406582	-0.10386735958508143	0.13835474727808403	0.24246820109584055	-0.46312340579190986	-0.010199811820094155	0.6926458004712821	0.008809779368040407	-0.2930023983216454	0.775250643499067	0.16575170202169384	0.016578441821146664	-0.05004360673379878	-0.02281743569263404	0.46527996570013214	-0.09569010472048664	-0.6345963565856907	-0.45640170224521676	0.7828893921146656
DTXSID1046924	-3.341009580862213	1.2893875358853086	-5.641383772729668	1.406441300436632	4.12780443940012	1.4879269322270547	1.3688871884904337	-0.2733988520653208	1.4470444275176189	0.6048763151035542	1.6102444090141896	1.9809538176466208	2.1449246863388636	0.9490339802629456	1.9665815615582511	0.15447431019801797	3.935169004288403	-3.5625319277728846	-0.6695717206616313	-0.8483368626459897	-0.042845095543229926	0.9718802117797747	2.84474141212862	1.146438896137689	1.4032572254304514	-0.13482299150526103	4.211876246257024	-2.347289979143432	3.0692785632008937	-1.383379840200281	-1.2392127623927653	2.459667195046372	-1.772322879937871	0.09858763722495029	-1.547741424266583	-0.6136827014077056	1.4087473024023711	0.025146131429928553	0.3392896174519736	-0.4413898639352918	-0.4859032630950467	0.6798225279549461	0.9640023450986804	1.0098768082898637	1.5768135621254358	0.24086397681521018	-0.33096453945875126	0.3073097518076397	0.21139245471928533	0.5258357584058718	-0.7235075670019603	-0.621844987132487	0.4934313975551767	1.5080873945098983	-0.05559679807499559	1.5137916801360773	0.9381150149615851	-1.1017290365466703	0.17473172108646373	1.6258317488780236	0.9610711894214911	-2.981151207591943	2.4265385747986543	2.5245289976540763	-2.005598382668023	0.4993138340676017	2.2096162685207865	-0.5154845798704768	2.244625923470986	1.3474075098515497	-1.955220145509691	0.5670416969017277	-0.05880235703689032	-0.819390397528782	-0.26968747612142807	-0.5212801923271463	-0.6742795731630717	0.35125419434130883	-0.19588424142897257	0.3923218649728961	0.434594664021236	-0.7610108989406754	0.5561324910642759	-0.20722471773141665	0.4443694803999159	0.27538622255723016	0.10044698766968031	-0.02107162007578443	0.4480661351215248	-0.12328353363245373	1.1792375095667564	0.8941300481824951	0.04005173278497577	0.282340564068304	-0.0950293351641045	0.06353476505540923	-0.048550156690600525	-0.1143709129296307	-0.07807715406192457	0.15171189145129768
DTXSID1049015	19.757377465932457	-9.749301506184432	-1.0338236771952707	6.441970782106071	10.343013897510268	1.182759767050122	4.827505900849469	2.198684129258489	-3.4637009132722065	-5.660580747101073	-9.798954381434974	-5.775936661296966	3.8003349295816493	16.42341499834821	-0.6984237668782352	-5.774759016136057	-5.464714203488511	-2.389432629614982	10.987010189649524	2.679959415926278	4.866431036780922	-2.5329921566143265	2.072966860761377	-1.6543545533709991	-3.362399152642929	0.3616164295891169	-1.057140747983974	1.3233303012213251	-0.10422644281525051	-0.151463524776256	1.821742652543672	-0.4133831625985781	-3.3460919103863445	2.0835279538962093	-1.7247119621283147	1.1075560979170271	-2.454851713105628	3.9800593347842153	-0.4515517373120972	1.1818506517870306	1.7663465249209978	2.8666708426789156	-1.5886941756143076	-3.1598509265068215	1.737849283504642	1.3739472580155587	-0.6110030903928911	-2.122015620384201	-1.9283944230025178	0.553351128466587	-0.9782873219274251	-0.590608538670548	-1.2869829422704673	0.823717180882297	0.08507607748406447	1.9539503877914182	1.202164709800265	-1.1303391640560279	-1.4306701181152504	0.7186985620441838	0.606846450202546	-3.2022177692119214	1.8829111244583892	-1.1322829642966201	2.2027406040431563	-1.1597302301617416	-2.070606659522905	-1.6443214327250912	-1.6540474404545542	0.20569087339686218	-1.1420052078651102	-1.2799601066032655	0.5802773445523833	-0.348743806722577	0.2719926020757546	-2.7736983078463187	-0.7207814678244667	2.118812398456777	2.251076594394744	-1.5098668968102857	0.9799911485505755	2.9548520992316587	2.504456265770377	-5.343610445131086	-2.803582407812355	1.3572964234463571	0.3302841080391483	-1.327979729633298	1.240419056340292	-0.15638341682300388	2.384604163374394	-1.8950771550298389	1.572565389620902	-0.6540041692950794	0.6064744952682567	3.5062981772752395	-1.1596546063855402	-0.9691941257789495	1.3375578713486858	2.8714307660013576
DTXSID9046235	-2.4008726091384958	-1.2049982255380092	0.9672428009925954	-1.3198304174869	-2.1243888092283796	-3.031872924819429	0.8697516340890667	0.9948906857945352	-1.6917002750969234	0.1943552317962716	-0.5398363025663498	-1.2432439688688641	0.2652000826661325	-0.03315274411520364	-0.2675649235846361	-1.3429579675113028	-0.19813575875385328	0.3236169562979434	-0.10702706866356705	0.03743747061565875	0.11465362901454447	-0.05635345827932932	-2.247181186512172	-0.3946026528137291	2.0088874591899275	1.9321267336921626	2.2984001078963097	-0.6058520316636726	0.10370303585090392	-0.6293089944657667	-0.7668528286572688	0.35588273378607826	0.6942617981264102	-1.5569549718333262	-0.4460344692307269	0.10038383842526541	-0.8518600267897444	0.7430037623229572	-1.0295069063735158	0.5017778452999504	0.7254439380267459	-0.9922438182481812	-1.681913525044254	2.2123309465253014	-0.4517843995301964	1.5173862542285712	-1.140100826421882	1.5526410485754052	1.3735711339117649	0.5555565711138174	1.755006739253738	-0.1484119719792007	-1.3184936465327406	-1.4183305421725367	-0.8954506435401112	1.2520162500510452	1.4211745954503796	0.057996841647171844	-0.1305238602186929	1.112793764002497	-0.9385957843380014	0.1543689068863216	-0.1956518614023002	1.1863912419343847	1.1291893988014996	0.004451725040659837	-1.9174763289627337	-0.5742186477055068	1.0635553849376258	-0.18459406710868553	-0.6632609961606936	1.0386120091576743	-0.6020888046835874	-0.6210087125475423	-0.4234043286314097	-0.6729019527926641	-1.8390572966268641	-0.06338484826350978	1.1652371059280593	-0.0014073364818601634	-0.8432969847498863	0.21119897455332973	0.18991988559367087	-0.35524019468603313	-0.42645121942783126	-0.21275521502145353	-0.5568501682645881	0.4067449339289282	-0.41015743566059765	-0.5505545878415221	-0.15332293202750297	-0.40633130786287636	0.1425619084208886	-0.15650268982077983	0.2382829722417061	-0.3084241196690333	-0.34173231905659573	-0.2636787432745128	-0.3198159391550993	0.14782769295590875
DTXSID6024046	0.08641849401162227	-2.0770462022533773	-3.214277705555728	2.752879833588594	0.5552927058805495	-0.7418808427693723	-2.14238985993732	-1.8085962671585862	9.047495512457798	3.1883763119001953	-3.6354605460017084	-4.0393629581897805	-1.4665137496607055	-4.026444787851356	-1.0295145885360055	3.126292854152407	-2.3717682191719662	0.5537680638941249	2.616534745585233	-0.24786602728575877	0.4798363309782309	-1.9594024246335873	0.6410630428265014	-0.20509357769314338	-1.1565037983010513	0.3361236263922681	0.2951696038701344	-0.9596254089388615	-0.2721880779931623	-1.1888589451390628	0.3321404760728865	0.34302404720888763	0.7748049668835317	1.2849002453611171	-0.45657929113322426	-1.968755699102054	0.9902787062870535	-0.1683316958631437	-0.07723465853373966	-0.2511158931299663	-0.700536229624621	-1.270668645908036	-0.0036710680994327294	-0.6006909408833532	-0.3289345547319834	-0.3218268598626902	-0.3575124110126726	0.04565614047796821	-1.1392165647048036	0.5853018924045252	0.053849627564091146	-0.5277276011950981	-0.5862423313874565	-1.1317036283526918	-0.8484754724045199	-0.35150126790644215	0.21838546491819405	-0.0897859258326404	0.34401163524165973	0.30883699558051125	-0.14799767993835886	0.368547504033119	-0.23074749896089106	0.9424626770322718	0.047080767846385534	0.6690001908903587	0.6496204725902373	-0.19279566260149508	0.9890186063350451	-0.505304170242485	-0.3726224513696869	0.5060598687919896	0.20387700525809	-0.5856421724570614	0.2704042721927344	-0.12702921607714973	0.11441205865362007	-0.5604223456676845	-0.012362894813181655	-0.9229363014636245	-0.007580137324928096	0.3085535185626902	0.6372674159495652	0.07504545597155847	-0.8509264576633009	0.42490132512944256	-0.13629650011488392	-0.006427153203904969	0.02406517926163413	-0.015906654669954556	-0.3519787374846802	0.3286103758929329	0.24074686706507267	0.3442659273632562	0.09486440414352139	0.07602208961779312	-0.11784951039468772	-0.02197954429377036	-0.05122410237735102	-0.025263692713583884
DTXSID0033332	12.35571005576126	-8.745777920905669	2.0992465345345077	14.09978223471537	6.987519744769146	-3.2016874679700917	-0.582947032733066	-5.056016774939438	-2.5729584020913423	-8.108342140321646	-0.31971808016877645	-4.1844503348290285	-2.508408668802766	7.465157939902418	-2.31021073197868	-2.0306456911545316	-1.6956070947849877	-1.3279036867167993	0.17959246107954627	3.5794220913438313	0.1413697858760801	-0.5623542473840226	0.32633138757671143	-1.7288661610700597	1.6587089735366116	0.9206935232739003	-0.31200926942252044	0.7070817269630935	-2.0107824102338046	-2.837458760525882	-1.7968345773105099	0.6803661374901034	0.05642147329364489	0.5839351969571149	-2.0047881092232323	-0.09418389064006276	-1.88793342467083	1.6802733696468406	1.3619905333255977	-0.6766075621721362	-1.0717733241814953	0.197931436876552	0.7790912988765434	-3.3639563326417203	-0.14261584128057528	-0.315461764485145	-0.6070180562553003	-0.41413516484270096	0.9841024285785834	1.4932519102103938	0.9835046882748486	2.031858891208055	-1.331601251954141	0.36908310157580043	0.040573386675654126	-0.46170826814792004	1.4344158005893517	0.5189996871349857	1.2401997128840665	0.6145024549320276	1.6043792466885554	-1.0689250729142783	-0.5748034048165194	1.5582897662844246	-1.466235905397441	0.06730307541764383	-2.4831530417831074	-1.476167148813514	2.1488699877465693	-0.4523446689070941	-0.8005904272820925	-0.7204221182477136	0.23804037334349615	-0.07317268226066985	1.9569931800343836	-1.5154300144004782	-0.04339314392392194	0.30023423632121443	2.0099149959502123	1.3135740176339716	-0.7358569639575071	0.9792317119119602	-0.1322864533835659	-1.5103000392398898	0.2845855086594651	0.21409358252542787	0.5404820112443883	-0.24934550327429134	-0.6240890693116979	-0.5638067537644044	0.5297188915504999	1.4760976704270865	-1.0074929581110086	0.7122243358479845	0.6172042494831296	0.6758875989491553	-0.029378370137953445	0.497169763157552	0.975725127208379	0.4855557145510987
DTXSID2046919	3.2783749619515627	-4.827798964314948	3.0450522851064856	-4.863386810285684	-2.1885341412352135	-0.986276753017892	2.0111993449724603	4.606140851268549	-0.20860257769794213	-1.678919774827969	-2.7168132990347997	-0.8147597006344377	2.0622119747782373	-0.677815545547045	-0.8538769268567534	0.22276240276853457	0.7047358068494897	1.2632561536644833	0.10205376840731487	0.1204029356923363	0.82169661734579	0.010458891556055496	-3.0647123556605003	-1.59066144021587	3.197149904589095	2.513659812634648	1.8863940384764202	1.447375677510588	-0.44061083897337194	-0.39805716254952833	-1.72019969251834	1.0522428725621884	0.21317908081623252	-0.2622178061570739	-0.2179780140778188	-0.41371691537159966	-0.194423786368591	1.6550119914944943	-0.5690075437000253	0.22616710159431572	0.3052226802378425	-0.21573067763351503	-2.013296901065734	0.7827567019936054	-0.7577287898992279	2.2006476068711023	-0.7303564633504087	2.6706923639478246	1.0837482432893204	0.9523118196851771	1.6057030799364407	-0.4531908066990884	-1.4125661094047963	-1.8402681490066595	-1.4318202703557947	1.4372120691940253	1.0172316761708742	0.27222222844262406	0.13088633641130698	0.6617886423009214	-0.38980578569558805	-0.2794284105362327	-0.23546397935170468	1.1875998178173117	0.7461262332035663	-0.9179722006918928	-0.04725185222214797	-0.6458394865206074	0.8123464673951397	0.6847108773613009	0.9568418556476556	1.2993237082725064	1.1391730544030336	0.39337082030955395	-0.2283171637071582	-0.028927852682735795	0.3817580915794756	0.43446984681607836	0.8084847208248255	-0.1728058234379842	0.6764877435048094	0.040015262679830695	-0.2683920630561081	-0.008845524634479662	0.6256865490473589	0.2304182245748319	-0.017242743611214178	-0.1805507587559619	0.48625656808303463	-0.12625207607669356	0.3950817337284423	0.2732619539978259	-0.5986526567607711	-0.32427911840903034	-0.35688751321990425	-0.12515284219113065	0.3892176576795665	-0.6415833369201127	-0.01148042155349707	0.21201294929166567
DTXSID4026684	-2.559750972914809	2.5414435547917114	0.8783926523052499	-2.0286805362864886	2.337129757972325	1.6792133491686851	0.7790069743243258	-2.7225644109216325	1.124033958498676	-1.190322246487053	-1.1636331420759594	0.5483408241203062	1.2991245468920294	0.28197543816107046	0.6894268101036313	0.2209865528034618	-0.2164960786286075	1.846694154397071	0.7069368197074628	0.06652820362364512	-0.08671872238189869	0.8408695888064209	-2.5012975321035618	-0.3441485248971137	2.248711849153658	-0.2442605438866939	-0.6153202716884699	1.4154397063502144	-1.099982054318931	3.208526552922752	1.6062267188642778	2.4794899701664623	2.208693198832302	-3.1944466252938963	0.3369133510212104	-2.520173207801359	0.5727435921124789	-3.060105679171542	-4.270190997630359	-1.7201713269068104	-2.038904041181248	2.9430600605305854	1.7431941332141734	-3.0608262137009374	-2.3319127010370537	3.0008681084114572	-3.4800959245180656	-1.867318898431807	1.9753630527004302	2.151605384905445	-0.8998815508885952	1.1606520741100805	-0.025478752618617533	2.675578907755244	-0.7352390092781708	1.1996617328794865	1.0117090967320257	-1.3846574382872248	-0.21496872778797133	-1.8566480680020279	-1.4512654434908507	0.32046195104150377	0.6436531989416742	0.6175903426420476	-0.2888647839247341	0.4242350643402551	0.19315586639224233	0.04991145739816936	-0.2712759464032781	-1.0895595361726786	-0.10359731994165242	-0.03396358694786344	-0.1785829125595163	0.11828769769352626	-0.008276670020101705	-0.13063921516658938	0.7859246133128752	-0.41610453609927567	-0.4804696165082209	0.29999373828224346	0.1549960036684337	-0.5443779499086306	-0.05703328817841603	-0.3064076342808981	-0.3778241643467244	-0.26600020987278694	0.24709640163011268	0.0947047959986312	0.6977885147444697	0.22757967835167306	-0.15664524361630042	-0.09784051791560189	0.049574165760280946	-0.2673831663251975	0.11041587517915276	0.04624720424287287	0.0009597182792899025	0.34391961663246773	-0.2316474115427322	-0.10859740170237635
DTXSID3044883	-6.394027119902176	2.2357508742426053	-4.193926259580487	0.09767982356632622	0.3099498025283235	-0.8870198867657707	0.33535760226367883	-0.7350111199057676	0.23437761769207963	-0.19659069721516498	0.2243079760335312	0.7721515628938004	-0.051071580938787595	0.023998582359519786	-0.9305105851158898	-1.0814363016177384	-0.4120237929656661	-1.0293423774639459	0.2787300413160141	0.25321305062376165	0.026328896472786044	-0.03999883517106737	-0.058548981676345715	0.2471999597898505	-0.17353243740684757	-0.4454292825917547	0.12474849056615049	0.09200824792827443	-0.676240481692006	0.283400647806581	-0.21211483917598592	0.200818839298831	-0.07339242055218494	0.3221927210467874	0.10642847455128106	0.2973518077158137	0.3007178577455064	0.3337840196893778	-0.03219109554639888	0.0962282646513173	0.18632268863516782	0.23649337127691755	-0.3656737518475673	0.2075384679806196	0.14473082609248913	-0.20825146823241045	-0.37871986462852203	-0.09319345919207203	0.4558019101419494	-0.2549420441903936	-0.1775058425116327	-0.22427462905655585	0.06706386050741907	0.3079143712805257	-0.32988924425746036	-0.7212874216618026	-0.3473332863363592	-0.612720704359486	-0.11827750704033146	-0.35979166062626267	0.6948441361562548	-0.3199174856028653	-0.27972345011563765	0.3217466424057761	0.0004113829687775497	0.2017592169996707	-0.9656353000072624	-0.3286031632535796	0.6698590660572631	0.025387684472739848	-0.2899598538555308	-0.460174032362535	-0.0027590412497318574	0.33706528503745575	0.2471535923635783	-0.2751212374012034	-0.35800137116798003	0.22332730810359633	-0.7017993733495187	0.6766627114299686	-0.5954044771447826	0.1733411320180473	0.9319427979704735	-0.2769845918345196	0.31853336281020095	-0.7111195378389726	-0.027718819480124834	0.799876028193083	0.11745222154679276	-0.9113295259073889	-0.27171473289035264	0.5130572813671456	0.2083029964700741	0.05440293581671506	1.174280686963549	0.424677673020152	-0.39771798002265973	0.6131649593601173	-0.5971247109749478	0.7736337710153415
DTXSID90880131	0.5688142592140869	-4.5578571927859866	-7.142788151479754	2.0432963747396196	-1.676333970449692	0.07627218805779458	-5.042179511250024	-7.89160542898578	0.21994739911210376	-3.5205528560153563	-3.713716416774495	9.628920904807096	-1.4133646613874435	-1.5101428640803034	1.0495467484871988	-3.384693574539541	-1.3507393070277738	-4.084411091865201	0.49003183645250487	3.9929095365067138	-2.8714375246818054	0.39767555126833815	-2.2591304946221	1.1262057726661727	-0.14460826268315036	4.381917524216298	0.807890019609856	0.9438363279171885	-3.0448860617235636	-1.159362556796787	-0.8884919420510827	-0.14937582172554634	-1.3271879407428133	1.475418887643542	-1.348755376300061	0.3486072237653163	1.1242847164775287	0.6809638191579501	-0.6270994367948137	0.7969388020570476	-1.909730587664978	0.3929898680786918	-0.064632448506322	-0.626306399904311	0.5725415751457064	0.2314762970331668	-0.5640484495064588	0.8497978512528276	0.3928336233981797	-0.5906875364643371	-1.3905409376396476	-0.018857948100533675	1.6763671257880943	0.44971627346940374	0.9515886142675634	-0.7825611832375987	-0.5104024656431161	1.485114230763504	-0.3772056564399449	0.3090069779003192	0.05585398612550527	-0.08495772198471585	-1.3113784202246896	1.1017174984309503	-0.9245781316857729	0.165635295093348	-1.414361347285223	0.14763899577327846	-0.8099537605584763	0.8893578420570174	-0.7166740520464712	-0.06506086972922308	-1.5835201585209848	-0.21831944791960312	0.04527833799644821	-1.3499769031010418	0.13438233118655707	0.4503912968603763	0.821957488119124	0.303544105902215	0.8201130418898076	0.883452649104125	0.5779216121486747	-0.6957713787142465	0.3938331807137046	-0.9427452096636686	-1.825467884551049	1.9794787288547337	0.38884118207710233	-0.45474434845006356	-1.2532486525830884	2.719851708464822	0.6684420658984276	1.2916116713568797	-2.795269458721341	0.6135215587453666	-1.3784446424709464	-1.2941808495851037	1.7378473187409575	-1.2587288050280263
DTXSID2044769	-3.5342844828638174	2.765771178409964	0.4901161511412773	-1.3213428325515224	1.133575649515834	1.1219375057319931	0.6994680294366499	-1.9660554726164343	0.6217133019560641	-1.0072462290187643	-0.17362246775497872	0.5684600741951215	1.3966653694698052	0.30786314362908423	0.7058482408473118	-0.3260144130125261	-0.8532068240169595	1.726064687683627	0.03750117251372627	0.806562344255926	-0.4610596222031114	0.25565675571640034	-1.8211182132330812	-0.15764787977436606	0.3807912811676989	-0.46127724563322275	0.6207956817258676	0.5751774116280736	-0.7592769447581159	2.9699934349384387	2.1257096890004332	2.161493600285002	1.1655275273233818	-2.3631989358343772	0.5946070736233632	-2.657322435148098	0.4366747418377492	-3.600744533955008	-3.53508192844201	-1.7649937963582014	-2.1025297148748847	2.738216174175386	1.9017210279628847	-2.691444555767078	-1.6556820449584246	2.981832038113958	-3.739704625971931	-1.5318849831726222	2.0355042919574173	2.073758651861468	-1.150814884089024	2.384516583673779	0.11838930923818937	2.2692044355333216	-0.9135861296566303	1.6968130967888164	0.8113488764284589	-1.4517308367841355	-0.41702306776363357	-2.535785398524193	-2.97842905308759	0.6240668647110907	0.7550954238405104	1.3033449254367235	0.06864902229396844	1.0057340753124495	0.6611057496599645	-0.2047648457704905	-0.451116161218555	-0.7736659621642158	-0.5113735852271104	-0.7239806495547455	0.6263860116996606	1.0827426584405033	-0.638721878053311	-0.2515747152324709	0.3026971044091653	-0.3894563451056783	-0.033028033992626896	-0.08698915424695264	-0.9921736805011402	-0.30083024236468175	0.6054045828775622	-0.6585380839343262	-0.5521122626650492	0.018974200791137583	0.47779173773714495	0.3240253192963223	0.13035161610404294	0.83410541171493	-0.028410412384418424	-0.6206610360880023	0.4981102304274066	0.11186713436592369	-0.2145032413478623	0.1539422680392457	-0.17966705713487494	0.21868607933203488	0.0691407157829532	0.1735263428053435
DTXSID5048845	14.559972119863051	-6.471884785833487	-10.742373757006913	4.735664914172695	-1.5093286463994575	-1.3142767896438123	5.465458603530107	2.628478129050012	0.026099383478541252	-6.57708046668266	-3.3064522956615323	-2.481739183563348	0.731469426703655	2.845972545843681	-1.5739470374552678	-0.6318770676411772	-2.057352964778444	-3.753470067573079	-0.3922428022522891	-0.8238778591591396	-1.1518010307209192	-1.0629043173763737	-0.38963132367738207	-3.000448310853624	1.702095583694598	2.7948231991043784	-2.79834899490065	-1.7526910329183325	1.054976289932664	-1.9766483548783533	1.7697607376991813	-0.9244546034170751	-1.4588480963690342	-0.357722539720772	-1.4783574745157986	-0.5261908110980736	2.0731051693678615	0.22250659763464353	1.1402871956819967	-1.8775939214918402	-0.6395496077159311	0.6880415563318182	1.4573945947149525	-0.941060770848708	-0.0032442657874479494	-1.8354294781487785	-0.4307120670654095	-1.3911768522254864	2.5834002447183755	1.4483987752190304	-1.5018417173733138	-1.0903467498028037	0.9384782340998733	0.5721225899910721	0.8205348713489666	-0.5561947789356037	3.2187467359897894	2.754773342740837	0.74195002264875	3.842707385966369	-0.7308417262771048	-0.031691918194370956	-0.8359057419878887	0.0009382923282490739	-1.5949309924009327	-1.262814742161383	1.6505280908928521	0.35927551265019353	-1.0233122377410975	-2.830842909699195	0.05838282880661999	-2.2734818148147706	-1.3717997945370561	-0.9925742255817819	-1.6568931051960565	-0.22733731742387966	0.973776572516821	0.8698192791451163	-0.3874852732778662	-1.494282387639777	-0.8265350679300486	0.18589729457626947	-2.0029349819610487	-0.8059640121079042	1.7342128810306179	-1.187099782555245	0.10802276982452962	1.3844031634891003	1.2748907244451446	-0.16644970527695857	0.7585956885951435	2.488413499635105	0.4534025398245562	1.6080079141666768	1.490069219723268	0.8829051250528961	0.33205080684334787	-1.0149575628443825	1.3534606294200389	-0.8112084914584728
DTXSID70276659	14.87555607491804	-18.99180012491117	-14.393534746740468	4.279945963532887	-4.675906655721411	-1.7988265924130453	-17.184886421490624	-15.786817443864559	0.03327733265296699	-11.239710461142588	-12.92597390018906	23.24629709850038	-8.106377839284113	-2.471076960704552	6.447533862272739	-8.137784386217456	-5.263610503902564	-13.536454741462725	1.571320829715145	8.707852645901973	-6.447390628623395	-2.860381701208813	-6.116924358932994	2.6189705849832334	-5.7302222657323965	10.40189523776401	4.694875093444283	3.0560017743429806	-8.67229955924754	-4.1261066329236815	0.4523670213002234	-1.4212189411107372	-5.072822268347594	2.4243233809576465	-2.595685898218538	3.3243494912577534	6.174202562615179	2.432654338232235	-0.42125082874966713	5.994553090082649	-5.372097165453718	3.73775439753662	-0.5447753236458737	-1.7406683212585103	0.6497628970648774	0.7444289678423839	-3.271114636855503	2.2128285497738087	1.8554941717610942	-1.6953471653760566	-7.727328666712258	-1.5291656755736263	5.138349275654397	-1.1137049942796775	0.7166471311411111	-0.2830838298042967	-0.7856252750171903	4.929710554248577	-0.7776172776257656	-1.7258011350030238	-0.5337295294767871	0.8259513577515685	1.056284189151201	1.8249664700907853	0.7729707745142348	3.5328421011888067	-0.9185310117403885	3.3590509704854536	-2.3559921124572045	1.9543653377073567	-3.0406158976485784	-3.4690555378154135	-1.7284471159898025	-3.622497279774107	-3.5865688602135983	-1.7207316046235734	1.9036386294714471	0.9216684234239363	0.4530751624715187	-1.0433329864767145	3.1270112078639305	1.6161641728111253	-0.9158249143231436	-3.3153686398167825	2.142747886779212	-1.7441979355415675	-1.4859067141390123	3.802203221560778	0.26976666674986993	0.11801677029112696	-2.0449824506779377	3.609655044315337	0.9687390389761958	0.895453641276542	-4.50657813755678	-0.6677131990112406	-2.437999796365058	-4.0052478585851645	2.6748710894665235	-3.0536697462477624
DTXSID5049077	1.8767878158898676	1.7386486528029246	3.582610399240699	-0.6650181841918366	1.9920200777315096	0.4829306937212343	-0.42694680086511233	-1.680118846033157	-0.33903635983494745	-3.132660365464474	-3.1079667061782916	-2.2088091473575355	0.7134880474786247	3.514821073450804	-0.22472321868639472	-1.7998066268990924	-0.42080022745293655	-0.06962126038624639	2.1226254257148565	0.9876468548972458	0.9011491278364765	-0.5029163236027463	1.0445368204048502	-0.9794931580339271	-0.9031118278505889	-0.059847316850929234	-0.6155986213359531	0.6158113202771864	-0.39024275734034913	-0.09114901179455175	0.38643192861148273	-1.126161544517559	-0.8694860627089253	-0.8915510025889557	-0.2900986474872794	0.9699925037597882	0.3985506317445844	0.8196712458220927	0.04461717680875237	0.409874282433892	0.09508419485440542	-0.5926070898039274	-0.9851182839634836	-0.0928137773471757	-0.1341300542967853	-0.9482538431375394	0.10916565658987377	-1.289225653492742	-0.0694943700858188	0.5137657229565444	-0.9988288739990662	-0.5019152852329781	0.20131583130874797	-0.08008148807433872	-0.11798932872109903	1.2149322043464466	0.045467531015119626	-0.05595797717827676	-0.412321043203802	-0.5627758952487104	-0.9287892673978824	0.06430272852050764	0.2902411009053042	1.2395850444292171	-0.20502192241092773	0.7672463913410563	0.2095426945989604	-0.04361875847519905	-0.08853633522389354	0.2625032582521159	-0.09351934143260984	-0.10065384733848397	-0.2365860212425108	-0.0973259094844758	0.0319791169521624	-0.7417746390995341	0.35506117891510847	-0.3546943246983086	0.6813362230340034	0.16361794589100867	1.0048295139390053	-0.4300697543891883	1.4926720639393751	-1.0876945959278685	-0.16903451804920275	0.23735863966653298	0.7643898888179148	-0.31406046993518255	-0.2516655747792957	-0.05028610175085702	-0.38378209581662504	0.012415432754751344	0.05894006744511177	0.08786934669536062	0.7120345431527755	-0.196350296049443	-0.17923421375909396	0.23620100711526354	0.10929065333786586	-0.5262810599762038
DTXSID4046446	3.824086156635239	-1.0519988204431343	-2.522640094047278	2.608310194318123	-4.682149825617687	-4.504275056543753	1.934058143271449	7.998075686494973	0.7448813590303828	-5.678756729554044	-4.0825388710498345	1.806370946888911	3.001413623668234	-0.7175947366603403	0.33961704082267985	1.2622276435127777	2.133658842235212	5.432960128813278	1.5165069873586186	0.9084273593729754	-7.259283526987992	-4.485917283706714	6.521376763972427	3.2028351298673274	6.057588878096808	-0.597148048280046	-1.5665878311249435	-0.8135810049531218	-0.03459711124572551	1.878242546941737	-2.0000547937205098	1.422505474410208	0.9958664090192104	3.09957468691413	2.0403142004010673	-2.879139117297935	-4.376785453275778	6.71030264844815	1.2370598935925625	-5.131557444032932	-4.241145968354895	4.46937407659636	6.353286398493928	7.437415032601095	-1.6828697701275164	-5.539317320714745	-2.2764619382246667	0.009155434541322043	3.4962477229830298	-0.004208110540988522	-2.0745555630648695	0.47613479763914734	-0.17980362798444055	-1.0769197564060464	-2.0272746143970455	-2.3938025113612205	-1.5646128735940783	-0.8074527107113937	3.188363014424207	1.8356346859046395	-1.3198780532452532	0.4416585795314897	0.3315900641781896	-1.8612693068746489	0.007462687645799493	2.0667616729294003	-0.32895719060288564	1.8261044882157713	-0.35094590977975304	2.0646300149303256	-2.3586347105177214	-0.7911770659668992	-1.67954860571069	-1.7672386891041159	-0.4656141576946243	0.4203637582781924	0.7956225187228152	-0.4718868897546846	0.7213472288937012	-0.2442919085239391	-0.8469717337156464	-0.545714808134419	0.40129490428081804	0.8857389731592312	-2.742178408203177	0.4984924547103073	-0.07907054350048077	-0.16923638039196467	-0.9307296803381486	-0.0036361043551261744	0.4623872598425388	0.9657510678566239	0.7889335817048263	-1.0188562609570144	1.2150695583880806	0.06925598489015694	0.03542447066464901	0.2287259448419536	-0.06458973464752289	0.142194922996674
DTXSID6049353	-2.8993676712063343	1.224796064516343	-1.8457958846187648	-1.046824341938313	2.5629653931957432	-1.186535517331741	0.3019533154115277	0.8221970764143519	-0.001386488527722916	-1.269663442963205	-0.9230624989684282	0.46810940735765133	1.2931149501991763	-1.5081189196270983	0.23372223794129673	1.420105574132672	0.06730043605500316	0.07116245459825174	1.3447037943073819	1.1145946559146145	-0.10717475229787514	0.7971610571145993	-2.0146791596052216	-1.6361540079070318	3.377338864201375	1.5063837392113366	2.8534653264812926	-0.44332397985124544	0.420480687243263	0.06309648248039236	0.18708268377466747	0.17246753511071983	-0.13263402751548353	-1.3672591622499088	-0.3043546406856253	1.3059336798079721	-1.3179575034611168	0.45694426981971487	-0.48659446586793076	0.2159816601006004	1.1971279468779819	0.5404454742995333	-2.014887694526041	3.972350468468605	0.1665592300123445	1.2696841788567859	-0.2505936687981822	2.3340216325104852	1.6068001044741984	-0.2152269477349845	2.0102351232556046	1.1696166829479062	-1.5792826556733515	-0.9262993775769396	-0.5234961333642769	2.074857256991318	0.816067957552717	-0.26027140028316287	-1.6409985947291255	1.1321948869976988	-1.25257332529145	0.8540373389690991	-0.9662628762163189	1.1417355377697587	0.6735815501540492	-0.8270660982624449	-0.8050232129591176	-0.35493769534062547	-0.4484976331260326	0.40471674138451647	1.0815405863261522	1.1696744102217806	0.07774102555335391	0.23388994348761716	-1.114148912424545	-0.553667139400607	0.38806535941001735	-0.9702815182470242	0.2640164868332151	-0.0023168787739449	-1.4150014151547754	-0.6302746673838906	0.520817878094286	-0.7784384897418483	0.34677118160336484	-0.26900065854699284	-1.3534160624039495	-0.04446656370993554	-0.38741563384152927	-0.3221743318335817	0.09402437718055129	-0.008074610665364778	-0.44315621145097484	0.733657354181793	-0.6318792949566931	1.132327496146866	-0.4999669281628059	0.5001254185828177	0.4299763533741289	0.9281120804227879
DTXSID3044835	0.9273501199130174	-2.2387447047553986	0.5607150099033352	-0.3581810440316285	-3.269686998054527	-0.8454463911263368	-2.5611728992096054	-3.4401625633263992	1.0531859796156708	-1.324609785218408	-1.6491785916565325	4.098935012095618	0.6291570548412552	0.25278584045145125	3.147142096377099	0.7808492832937725	-1.9578767684074416	-0.7343670346596064	-2.126458325829675	-1.3533606065950208	-0.04022665720364323	0.6832627662693841	0.7411279384879162	-1.825287810077738	-0.15816280863435617	0.4930439769707671	1.3940289749393922	2.8628452263151107	-0.1828491853178786	0.49703014093693704	-0.33988834761743936	0.28778892270806095	-0.14373297408670546	1.7430350023882974	0.4023519347332182	0.7983209949973197	0.35077647779304993	0.5291870130611085	-1.003463045202405	1.8505906086803656	-0.35102004106725837	0.5823038275265625	-0.5296075430638065	-0.33249555579891177	0.5869914373697116	0.7778244655701109	0.8860405076797184	-1.1638491448386596	-1.8128971073309685	-0.9253324831097633	-0.8580165407047974	-0.6984837367327242	0.8527968926625911	-0.1267870656099271	-1.5201257586037193	0.3094091968782064	-0.00039273828368765725	0.57562661302224	0.1974118643893156	0.3163984309728821	-0.4741357342049636	2.84490848355475	1.5910113950892437	0.6564895578703359	-0.7945040227177408	0.45780939586928104	0.23317750450225375	-0.07633396863847289	-0.15492897022340218	-0.4771930385753137	-0.5917946676425786	0.09443670611406922	0.8004428740804604	-0.02207605173770887	-0.07933315442694984	-0.07519750817416596	0.4476045462146482	-0.8097331090073814	0.7506257247316099	0.06779442932418643	0.2737454528088274	-0.39062847321373834	0.3851374734007367	-0.7132243139696718	0.7267658806832022	-0.22072007752318118	0.384150718574386	-0.5696397136630366	0.861502368286336	-0.6163567601239218	0.6025622220836263	0.008283833543437	0.3388965517825458	-0.18854811516904163	-0.17064889376287812	0.13293388311580046	0.338401699471083	0.24815510790078782	0.0410564959683283	0.44997508539694164
DTXSID5040750	12.853804714728643	8.800249678846855	-0.40185792716640123	4.63615871800566	-3.5061312200888404	-2.669613797358124	-4.488205293850998	0.4667872704467127	-0.8109170082190867	0.40346570705767115	-1.345572275663153	0.7257947650909703	2.8297588675241028	1.3031575061170282	-1.859821999698762	0.2837977003320222	2.0114820152098045	0.44810468564757866	-2.3600152500175695	-1.7705243338104057	-0.7362791712078978	0.4957492103397753	-0.6125368626837292	1.061219466605027	-0.10136144209290772	1.149309539194311	-1.543312655304798	-0.15823458369744117	-0.08160496740608643	0.8981969176126638	0.8136650611374613	0.2754144518708194	-0.6954091077821181	-0.30684827589885577	0.07721117409838964	0.33325706094853563	0.3279556259143651	0.3202046058704786	-0.44214607206458745	0.5840645200606182	0.3589439400775915	0.47108220072964585	-0.23756152069425912	-0.5854478681664134	-0.38903014524654816	0.272790058913534	-0.5128874687212193	0.2006346085712689	-0.7861117994589902	-0.13864142325655138	-0.6065606803557169	-0.49937076463758284	-0.6436544799094122	-0.1138291844944216	-0.3754885978101504	-1.617942425320645	-0.2644104218886659	-0.38493886455974874	1.0831094668873156	1.4572984754106626	0.12415374088070588	-0.25170888018298504	0.317606967831339	-0.16066168702623984	-0.7240522104330233	0.6188631480297137	0.42321618635031144	0.2613808887587798	0.30796585876350685	0.4235268591810944	0.16997088045877587	0.328883987099889	0.17185729969288382	-0.39496538576563944	-0.8386014737170644	-0.4816111580760697	0.26261577518245777	-0.13819434793435323	-1.0798196291566502	-0.03624237329979754	-0.8849083925129521	-0.782640958384144	-0.6640490769956405	0.4352780447207187	-0.9763732865476751	-0.48215231233489336	-1.2930049068422802	-0.15597092360908127	-0.5706336670268781	-0.2210937495337756	-0.1922322475576749	-0.18845453007901086	-0.044350927706326974	0.7735558023893735	0.4076604240778691	0.35413125133903184	-0.4058643867616862	-0.22900763536456611	0.17242705432931688	-0.2583293525331488
DTXSID0023377	-0.9044261227339792	-0.3469093189563386	3.1279610116095697	-1.0071309481445498	0.23848325045957813	2.854634421397443	1.723557467026726	2.933622843284347	0.3324066245428234	0.40965733593256093	-1.7540135718157543	0.845298886759917	2.424576216836952	1.0962921550935483	-0.0269156099023148	-0.955329647327454	-0.7911677515106268	-1.0648199553104323	0.754681091893488	-0.42225008695485255	-0.5725460786127122	0.26595619711753654	0.2512404210318511	0.6241080423355404	-0.21194582263560321	-0.5982532252155037	1.226495579848009	-1.6272750684537034	-1.0167388031811664	1.5281740810958664	-1.2608045545421895	-0.395196432332156	-0.23982121081255292	0.516192287475727	0.09709958896434961	-2.0945702818733087	-0.04748194906609032	-0.1726411689847339	1.2426553742148168	0.30234940851377257	0.373135069457506	-0.659022368736716	-0.3189696253162161	0.26481399389985877	1.0860747502156305	0.5853747302052625	-0.24878643958259375	1.0389272666111304	-0.6429308134659633	-0.9679144944353563	0.7281076431734917	-0.925496862627697	0.8916299276250538	2.4100078594415093	-0.3262359341135231	0.9354188309982792	-1.057231554548085	0.349725867605266	0.5633658536748165	-1.097092534233167	-0.8578547735661818	1.2835199733732572	-0.7885448773202964	-0.3522264286494948	0.6531500106191075	0.506771785300122	-0.8473444272464082	-0.15314116760122481	-1.6331102641160917	-0.24403251164648873	1.1407708195292479	-0.46860146411473025	0.061579006463753146	0.7299268136631039	-1.8713157292507763	-0.48649087791510015	-0.21540348432259962	-0.28434760520814856	0.9951576897984841	-0.006956497782703799	0.013414517097543006	0.880860711747959	0.36925059733666893	-0.4573755707938833	0.8678372927671968	0.8081940312334703	0.36757243813075746	0.7279633671171326	0.9646466233003018	-0.1269057949750371	1.0369573621002768	-0.8944997438620441	0.4591325957593784	0.6975945044630522	-0.12831777203580638	-0.49966600270979644	-0.02422836718944352	-0.259985471414935	-0.8264999586616242	-0.26608260041975584
DTXSID4044903	7.454079479578157	-1.321396919100308	-6.598960526025306	0.2888289385295713	7.199221184926619	0.22454781503022972	-3.456494277298982	-4.071513150932957	2.892823910507833	-0.378826460940744	4.211886599642951	1.0544425140581373	1.7465905633053505	-0.7093037715305645	-0.09099945849232793	-2.862649668956813	-2.9518008034512033	-0.48021448006929773	0.620743681408814	2.6864690132498503	-2.191876731000117	1.3916933722724933	-1.282556863098645	0.7500402592355385	1.247914171289266	-2.0675072223287865	-0.034583483693592876	2.8511919329100257	0.624235890208566	-4.786356773139888	-4.077536601380356	0.8625550661080499	-2.839574935839273	-1.5141964197927955	4.085457506667565	-0.30837963032097615	-1.1964536084321558	-1.2880947260395503	-0.2061028622028533	-2.014416330703408	-0.11653891879483758	-0.7043147086254343	0.13908562560916599	-1.3632711048872403	-1.655286735703986	-0.18806610692474202	2.7291696554590446	2.076445526529797	-0.647401926130435	2.3033005408855147	-1.651801037628188	2.510287749499059	-1.067935485569864	-2.7754103157658077	-0.8023161435118811	-0.8508743528890498	-1.239851886125881	0.6361249855680253	-1.6826923227339126	-1.1472643279050272	1.1586552281305127	0.6941683785100289	-0.4180972660819093	-2.083310130104249	-1.9315494399115252	2.210375594969962	-0.7997446461002814	-2.5367285472856045	-1.8944094562772393	1.1963982233939452	-1.2144580490017343	0.018857293268624797	1.256633882203765	-0.27142114119422345	-1.5901398618512153	0.40365238844532125	2.12163042343207	-0.9102364678695064	1.5510416604133723	-0.5156976724707368	1.645849557990301	-1.2110547324835497	-3.762979263622064	-0.3211829189871774	-0.8481858268032375	3.155656758025327	-1.9181652427339368	-0.20417208924029298	2.7522569562041532	0.6445080364134727	-2.681595716099991	1.6265440711374788	-0.8805200250773711	-1.28887866922382	0.6007520503808851	-1.0729095273425469	-1.1595358784568	-1.5132515799920563	0.11804278219611994	-0.748736296275705
DTXSID5042243	5.928827268550695	2.4852609184399532	-2.8617444019657885	-0.8745283508034981	10.4101079035455	2.0131846745924116	1.4603649884107417	-2.7318217561638116	0.0492724887750263	-4.910748616974422	-4.838396049052538	-1.066815614118148	-0.6788189271489579	3.7197847979638112	0.3085616191991826	1.1486695677389633	1.2526944003746818	0.8206543370300405	2.0328184926943806	-1.2272949130297255	2.555809006221153	-1.255723533813518	-0.7708344001540114	-0.8169188086724085	0.6491783741920928	-1.5431628888441031	-0.4656741664516519	1.0203742630800519	-1.2387525701072275	0.9731272206765408	0.3063462785497742	-0.5433938585262948	1.0221777425477814	-0.6253905525458536	-0.03458511971107223	-0.8055835527038522	-0.34200021460542523	-0.12587070116096188	0.06029545908221569	0.8176642727097947	0.9140754193967859	0.6850102978599777	-1.3370846862533161	0.4188259631707324	-0.006621051004243601	-0.40289413687655323	0.9485417007417213	-0.15220507520645266	-0.7578235488550026	-1.1463264754638967	0.4559791912067135	-0.9053339172290411	-0.5105292713636741	2.2259136933802335	-1.227036849994408	0.5541828439078086	-1.407769837719357	1.2444388976216687	-0.2389187172499315	-0.24579557215472628	1.1481899343287145	-0.2945143758508978	-1.0138517996004055	-1.40846037984037	0.3970546607645031	-0.33047106442066515	-2.642160434633087	1.1863949287911875	-1.3213109872613984	-0.8671997517037041	0.6176706580573511	0.3357337821896262	-1.342322866959867	-0.7519249644421608	-1.474999442153272	0.9138442111278101	0.3665712097126015	0.11321430913240275	0.47122861761700147	0.14476903570385363	0.5398433660474395	1.5244141092304606	-1.0186162431515462	-0.04658861038664671	0.9760964625849249	0.5286480577740924	-0.013420468158101441	-1.0043620975494343	0.20369259207307103	-0.5139776680897861	-0.030558948849276145	0.2940792344943656	0.21453287197492701	-0.1906557142526222	0.8470402908348212	0.041017775685728335	0.4576089636700399	0.28595847780650624	0.05955053397733734	-0.3600364403107692
DTXSID40379666	0.8615958595989663	-3.662687954557597	-7.049469498829657	0.6925347124910908	-2.2256468953566153	0.1256076967888482	-4.185120038471866	-6.1523739110360935	-1.2394517863017205	-2.2680756269213247	-5.28583148450075	7.28926803246371	-2.477984123847229	-2.177548135989349	0.38162317419271496	-2.2466851187028882	-1.099910289762006	-3.2858860180156264	-0.18601873641743946	1.6601215490676862	-1.8755103649799052	-1.1516180656112192	-2.0938968442513444	0.21891843739849948	-1.3639814313307157	3.4397083026667405	1.9987939666265049	1.2850990429107203	-2.0844421215243654	-1.207001415723007	-0.42488058635790366	-0.15437597049892948	-1.437716627136215	0.8692696931568319	-0.21681595051022062	0.7127908002662675	0.6402132116323517	0.7808443133949362	-0.8639890861241752	0.9696491843575583	-0.8214383205236772	1.1043426575072166	-0.1275262722373338	-0.3279109789497194	0.39331838217266774	0.5293028593670062	0.054217527859436974	1.0338904663931956	0.6894007810476926	-0.426515130584242	-1.9540045407239888	-0.4054029045483341	2.7191816787378866	0.6912022512005925	1.5776113434996892	-1.2456995374419264	0.3614273212111424	1.5887997301627208	-0.8710154051019264	-0.6492706359556933	-1.0341759730626168	0.2419415479326819	-0.974359043263455	0.4521549223040831	-1.3980701099139554	1.2591405874765098	0.05829863802857511	1.000757035546501	-1.7329887926075676	1.471135196408952	-0.49182674306173396	-1.4212633820019671	-1.9263470853920346	-0.419862312130702	-0.021561302370191264	0.3329380040816811	0.9733229558266592	0.9582203630846751	0.307921398259135	-0.6330919698266425	1.6167543781193343	0.5123052798229779	-1.2139423058708725	-1.1718300324140325	0.32769609753757445	-0.9144220697368385	-0.9700229171158815	0.271486743019961	-1.8573740095031719	0.5350796385334896	-0.31668849963686047	2.0623531922375835	-0.47451869328468577	1.8659523918745173	-2.5900441669861314	0.14087667166014828	-2.175212080855538	-0.2368130749662167	0.9190418157429967	-1.296110092776963
DTXSID5025102	-7.6812131785925555	2.7889396059955134	-2.9164092129571344	1.4206561595799059	1.2605819339352626	0.8424137721467257	1.02455995236114	1.9857081750038164	0.12455223149361297	-0.6050259370113809	0.10605066413250813	1.0826406335917238	1.0331134413701923	1.0003498449829535	0.3825424763473338	-0.47165763154191126	0.039026539274379594	-1.6027453954118667	0.5564814427422754	-0.5310738170634824	-0.5921479553542432	0.3337515932269644	-0.011725443933856905	0.6589266140858594	-0.01340494154272824	-0.28013692666607215	0.39165646180867303	-0.6741251669534305	-0.6436341856130292	-0.5479871569121536	-0.2903967513024979	0.7567980133731628	-0.09070286181946285	0.5539874422971234	0.26548930334701487	-0.3975422258857781	-0.012680578893023589	0.08498586191181268	0.022190849612088774	-0.25392023743157616	0.080759033439786	-0.047959347527206105	0.10709440205377367	-0.12452505311551376	0.7043241976814905	-0.007479513848977337	-0.6127851580465516	0.8924899376733794	-0.40184789995306813	0.4454722893780307	0.4731388224502613	-0.4000080307361307	0.895534281422078	-0.28471783739465506	0.3048003641758792	0.10303222414937942	0.2023920760349166	-0.055290054974107355	0.8009600479465213	-0.11515747491297337	-0.23131026714977054	0.2209418987366641	-0.2701429562539839	0.0656657133069287	0.14499769752961505	-0.3866997568147028	0.16500789445750322	0.5730887760879665	0.18740701373232738	-0.4174514539206704	-0.5680659468693046	-0.9459989506302559	-0.153789354202931	-0.5480660594666221	1.058543762885023	0.25426064205520604	-0.3842685659871596	0.21919192723461026	-0.7608428304201996	0.42847389982361056	0.016782008176471404	-0.5449983439920341	0.6481678121941453	0.2699254113755832	-0.5527665608833839	-0.845893052914403	-0.6459567348806503	0.6279623169551951	-0.6355953554367482	-0.6183076969773652	0.09642998909782952	0.22550034717139014	-0.026167964094933133	0.19194114806657842	-1.182593997736697	0.11364517903370384	0.20308735068418265	0.07607929891092993	-0.7186827880418719	0.3561824207731307
DTXSID0025523	-6.669719448280012	1.1592961146086935	-1.4951467280325585	2.579304693978671	-1.9711497691510163	-1.7961115452503968	1.9393805382128322	0.3443903300828001	0.9285566278140329	-1.2629877949594894	0.3794572293743381	0.031804145410039376	0.5614268387826156	-0.3870428467948676	-0.32725921166812083	-0.34690964292647153	-0.36193607606897177	-0.27402182238310846	0.8640538840596966	0.20498257100574885	-0.06864609799894754	0.20009170812000213	-0.09287546733495303	-0.5784393853477282	0.2327881829140212	-0.5425624885418313	1.4477662505707252	-0.29909046912879567	-0.7487742163955983	-0.38993833028399394	0.38380115539638276	0.00673846344634573	0.1664462639482822	-0.7093732111107582	-1.0404221933001958	0.18120442915564378	0.12010835714368764	-0.07703143844110442	0.046544535241568145	-0.011239188628403533	-0.33569312410958035	0.42386641876141806	-0.33176855586775017	1.4923806114052462	0.08849129986561999	-0.04579066830787224	-0.03473999685263264	-0.4100603774805978	0.9816247613306205	-0.21341965545411126	-0.5967415160455485	0.5716579030344375	-0.5366542446080222	0.4260950327542842	-0.46563359187205855	-0.4990331080117379	-0.9341680554867067	-0.00916929257294912	-0.10216510058310246	0.5896713099613536	1.0013932320069872	-0.2680745422174441	-0.12464500020632908	-0.8815240878390889	-0.1518924559024426	-0.3734977858845317	-0.4192403438186036	-0.2116930096087222	0.6104670274224936	0.02941490184568847	0.9470261262336598	0.28564540421683865	0.12341060672129259	-0.03567653693263109	-0.016770123652304313	-0.15020729773597633	0.39033986599427317	-0.2924927418076047	-0.11625274307729136	0.2545758289933856	-0.5824488451472987	-0.9437036198704305	0.5821184382206054	0.3527779742728685	0.2468245779974188	-0.17179092699303442	1.653247982932657	-0.15358509499905174	0.8701936639001239	-0.5896599579870079	-0.5670518204113627	-0.14203149407678167	-0.6237730743644817	0.6012274222761459	-0.16535001848356157	0.7450413200649874	-0.3341018374669657	0.28334822232350293	-0.45156924354132527	-0.2523055277392404
DTXSID8027163	-8.942385471073628	1.7439659874265112	-5.266279637339396	0.9264267349872392	5.5548898573948575	0.18494089584531748	-0.9007194408858382	1.4215327276871572	-2.32775466116097	-0.15448790041030389	-0.015582779566753562	0.7067131998521423	2.0605821214551683	-1.147883633538912	2.9349764315566302	1.5726416803518737	0.7230752538746622	-0.38077276764886514	-0.23459260722357103	1.201297200901049	-0.6204843579810939	0.9409281285541629	-2.171188786627699	0.9600781098461942	1.140481094284176	-0.9065956884007033	0.045381120771412715	-0.5723506989108911	-0.03867946922766409	0.27305715531385466	2.9998497222918274	-0.6824993550313003	-0.8869958101188674	1.4488432637371838	-0.7885984439347715	0.9134648197150732	1.2476256854070482	1.089376497068171	-1.3897858327722798	-1.0883246917435507	1.574514852814831	1.4632830618609292	-1.3504194388646058	0.3779335500591052	0.17227886808210158	0.05602985275104075	0.5732892988731838	0.73134566710448	-2.01598212724948	2.101528721078898	-0.9197868295636269	-0.4873770925824443	0.8639034383098809	0.14718975482349758	-1.8792959799329212	-2.1002208986827062	1.5940036537886642	0.10102361223314713	1.8521345982739996	-0.7216115155736443	1.6826513370832081	0.7244803977953074	-0.5178533689068816	0.36686134314916313	1.1608988884360114	0.14826278689635375	0.4428309407269265	-0.0028139052433744137	1.3261544789482347	0.29969193226753643	-0.1300787884470525	0.8635768891131456	0.04687826517061714	-0.4118449846852208	0.6975721144550022	1.0517946726348728	-1.2140614591872358	2.1647551938614593	-0.8515357841305142	-0.5801146841275725	0.5905781425281297	1.3892423432843817	2.0497562378272827	1.25225607918864	-0.5138179927153211	0.2935241868893903	0.7957783159129284	0.5708998905584978	-0.8882552067650558	-1.0231595213708222	-0.13926256357380926	-0.27813140374816253	-0.23838976021659922	0.42300605792471596	0.7809142610883987	0.0634468552126649	0.9215765483569498	-0.5655295473706475	0.6722092896267703	1.6765291628784977
DTXSID7046677	8.260450895526308	-1.477857746257057	0.6611000792318226	-1.822030240545538	4.154261063519921	3.054992454992177	3.1127028427981034	-0.5899242774810644	-0.4549911289145166	0.30207981527240696	-0.22354369548822361	-0.24152302136355172	2.0132954256565054	-0.1889100493425087	-0.11923530171398546	3.4467118793114433	0.26556934382001246	-4.7781384317689515	-0.9283030842090167	-1.8773856271018399	-3.5246023604533923	2.9761611484777566	3.1332042021143875	4.009141246733275	-0.13040809468406342	-0.7453091522344302	2.294686088795706	-1.6303345819163677	0.8011450348358989	0.02371524036354691	-1.801582703721116	3.834081244509986	-0.3681789382990858	-0.09504027176841039	-3.6052762182864497	-0.9196536748964108	3.201401034629883	0.14205443539444665	1.7487427245563154	-1.3573926950076756	0.26529215560531777	0.5867521509354946	0.24093874360111484	0.41705332396659844	3.2519110755097667	2.09749215390647	1.1893113979905259	-0.4093426463266951	1.3776449404475974	-1.4291092759936048	-1.3696647714738643	-0.16371482699003104	0.28800244402373965	3.9611587951918312	-1.363562780109875	1.509653397623383	0.05600389241645095	-0.4520997570543424	-3.3471668706837834	1.6683088122533352	2.3305536865619985	-1.6864979024513382	1.2278584148484382	1.5086835397657963	-2.3683210837928796	0.9785821785815564	-0.3631400633029523	0.27278387496817796	1.205420597182417	2.400352431466049	-0.3213410812646314	2.8373728906120648	-0.21956815703674104	0.5234408074052731	-1.8148211569831552	-0.36891039004889387	-0.2996960855033715	-2.1936669685895076	2.212916104733497	0.27331159145486505	-0.08625712427170434	0.5189185975658154	0.17309383751912263	-1.2004899808582994	-1.373025789746782	1.2888096101902666	-1.1993785840383315	0.46433915458163205	-0.32270189201430566	0.5250887264699692	-0.10172737050598993	-0.18846590809260233	-0.7923499365377201	-0.3430181141738068	0.5340608266922963	0.08553436995846618	0.0666553872148414	-0.11150650624872543	-1.8165086187276138	-0.17397865242321311
DTXSID2023569	13.02437499007546	-7.603481373233239	-3.42447745066276	3.2539048664966748	1.6481158929832045	3.1288192597038234	3.774484472465419	0.7490922478415298	-0.9525942398106468	-8.106387953778915	-2.63593645172277	-6.8909351779482915	1.990675367017967	8.34934736606679	-0.7468816155158766	-0.598817667521399	-2.5584152102694477	-2.1554319047701003	3.1465459214581566	-0.7675883777100829	1.506739784912488	-2.1121978079832515	-1.8091126565502416	-2.5084422427454216	1.6415669234337467	-0.3669412801116242	0.4464613914887316	-1.2881428602808556	0.8897215223841227	-0.09634831861253611	0.4733349272579774	-1.309068312551557	-1.6856082162799728	-1.02197967839254	-0.46077768247809947	-0.6940819261384307	0.2213592205398194	1.8900446853323318	0.3154259140395364	0.14503785944205827	2.3714908589408545	1.5481291941479844	-1.6178234780682585	0.10204565729452063	0.137244422217626	0.27860635884790136	-2.819567851087254	1.8570063013060898	1.3488041340793058	0.3316517311922551	0.580024822112824	-1.651071355948747	-2.5291112975040893	-0.036126709782331894	-3.987742151640883	2.5020403185220363	2.879219980638849	2.709531250579586	-2.426824152254326	2.312529532354812	0.1693522593452308	-1.242643025081324	-0.6552089383437628	0.09093315482797157	1.6222568550253638	2.429978116405715	-1.8549107196655688	0.12747934419787235	-1.2722407566531007	-1.1912514714510147	0.9828769002422291	1.440666219376863	0.12178038484314423	-0.28403878064540644	-1.0390500876038573	-1.1622813712586895	-0.8471489398460904	0.025449438943801063	0.9327948318909983	0.039998583411115105	0.5782826330832415	1.602302038092549	-0.23610600637377394	-0.7561256626739705	-0.41008228964070076	-0.4006609793014402	0.11866791574319212	0.505597908967015	0.6725136976255892	-0.6160808670959502	1.0754296220892976	-0.39960289166133894	-0.053112671478166396	-1.4452451895704295	0.9037783849079631	0.8013536471612278	0.9439819720764654	-0.16672213586838047	1.0112545444856267	1.017870087939941
DTXSID0040674	17.308458698646653	8.696351292759266	-2.4663828437431157	7.216756718946235	-4.9142263112351925	-3.0849401297428956	-6.734924066599234	-1.7370358499944134	0.07454953506483049	-0.16954833424297716	-1.3252677137824957	3.5631788936177067	6.289553573680602	-2.3707515922993316	-5.976551982303111	3.179639546574768	0.3213545977803193	-3.789760227408316	1.192272230490586	-0.8303396355477121	-4.108916656849613	2.109163982161958	1.7964784861727479	0.10354708884960517	2.0193579880555026	6.504631761625856	0.2416354048997326	0.9763782001148321	0.7532104897083309	2.57503106417217	0.7735751145448497	-0.3129278246501219	-4.576246402680158	-1.8856264528302797	2.3807385840700945	7.146746915827604	-2.3699137363052705	-1.3870650828668596	1.5443556066471726	-2.6587624672782386	-0.7759282094236996	0.13898158889435627	2.648807636320638	-0.8117724353100237	4.7700691108046955	1.2835510214803587	-0.09647590294952943	-3.4278960548590622	4.787686931812295	0.43607687800554823	5.9711086519986685	-1.312275140145273	-0.09565388881408855	-0.7358234179359762	1.4391411197743793	4.434513298638657	-2.9706060914722165	2.714166510798521	-0.6547882849873107	-4.44843793595628	0.2653637612335584	0.6161895045892612	1.727964627361424	-1.778456524719428	0.6321435076053517	-0.971988131845685	0.15117641155215197	0.622263673649181	1.3697819107579143	-4.429850147229568	0.6967303450755422	-0.15086206108647535	-0.6462926224685817	1.0955623519464122	2.3754230983844646	4.2369104989856705	-4.435444280559879	5.000266745365572	1.8679592226321515	-1.8863627733684185	4.643757252874672	6.326723891282938	0.21382625166501742	1.1213075301829405	-0.36140772815644545	0.43479250195242697	4.997016170100912	1.4567633238848845	1.7286219001935894	-0.9553252364862008	-1.6529515442413223	0.31716036754703525	0.8250166444249751	-1.542678598051852	0.20888650625465632	-1.0354178381100427	0.4433737555331707	1.9353804423333412	-0.5581249921490056	-0.42986251263486486
DTXSID9046946	2.3671982878640767	-0.5665779202410761	-1.7289965984714426	1.071466569313455	4.737629939732306	1.763450896798302	0.9055460923944713	0.276713253472059	2.066979358018507	-0.4804222593810593	2.713542089659211	1.6041882483559973	1.4668578308687943	0.08931851063604734	2.836601989693768	-0.4920935180384207	2.6095789424458133	-2.464783078413353	0.2821037654933006	-2.4732975662635086	-0.4194144113104162	0.2547887196078118	1.1520495674701206	1.949346178528566	0.18479030470787589	-0.7244955404168926	5.167203717731392	-4.200217610986936	2.8855211954585815	0.13751060047981825	-2.20091949243697	0.862535737390456	-0.8071277192373199	0.15333876819764689	-1.5966106628750256	-1.2652144628687885	1.5485879820564392	-1.1068934992618886	1.5910345476323022	-0.42890022462230415	0.9952042913035681	1.1725412798730734	0.6463225213679051	0.7298039788348127	2.356500750345355	1.0372718740945086	-0.3163314858520683	-0.19416015934535547	0.1007496539342223	-1.5133582737428217	-0.20195837361867064	0.0014731963582550606	-0.7281749468929892	4.080460854207697	-1.525218832202561	1.766126694496624	0.1285684318545726	-1.9846672829978762	-2.3382929753389137	1.0855828688825815	1.3946879237307073	-2.0901302808609867	0.3819665816494859	-0.31828437091195605	-0.8037305123006545	0.7376957276721767	0.9630201699274921	-0.21750781855402565	1.468018665563176	2.026985109829211	-0.9875950868754103	1.518367701747989	-0.6255232826604032	-0.9245606241915686	-1.4140351063378842	0.32804263876384404	-1.1582307122957836	-1.2053325548889111	0.950906134173674	0.4569752861756344	0.892138331063405	0.01783286353372368	-0.5939454391269884	0.12874394659291868	-0.5237411544870043	0.8589455987701594	-0.03838212901104721	0.5820140899263752	-0.7664353671344212	0.4916317150529041	1.6619174683323679	0.15090425437246213	-0.05888305276789976	-0.21037466763034304	-0.23988701644000965	-0.4844440842511105	0.6131860348870131	0.08544441947794765	-0.7350034938913975	0.03853201469200838
DTXSID5023611	0.6524395663372748	-4.1120161340069	-1.5123087776876258	1.8514434725644173	-1.6594797203021867	1.5830074630924393	0.31095134038285577	5.613232484808602	1.6402695554768556	-3.3362381810364004	-1.0281977358857264	0.5127039916096874	-3.4150547661491366	-3.6737018221177924	-3.0258142467218025	-3.611093155063837	-0.3325481123300749	2.5622561274584927	0.8335852871820579	-0.8056353045741573	2.002658222561594	5.049515362528001	3.4175751202661133	-2.5822106561265463	3.607759221369642	-0.8255693392735629	1.0409552541229576	-2.0174635064045305	-2.6260173460059	-0.7686602668631397	2.353081934616361	3.3838122032973033	-2.4254194357037573	-0.34221243620739594	-0.02689979623237586	0.6502868059477983	0.8833906533244841	-1.271408485888803	1.9533047428451875	0.6281351785568495	-0.7297977976683326	1.1751877878384576	0.3688267342868626	-0.024285972976334	-0.7643753371819334	-1.856848525612043	0.0005053549255572442	0.03285099429757529	-2.1043722135752065	-0.639854451704731	1.0922107273849158	-0.9054956271038047	-0.40479103765116164	1.4093475954532326	1.1816030276678477	-0.6087351551768077	0.7721780422433142	1.47600519351524	-1.8956208462689168	-0.5586972886470116	1.6877431190025929	4.002783069593775	1.1219482630886972	2.0051672968925134	1.6371882673031934	-0.29079851827451675	0.49257672371128547	-2.08654813178208	1.9042367969140293	0.9721314853646428	-1.7784276660121583	-2.1369531713389116	-4.179679523539305	5.235574546618274	-3.1775373330027805	-1.672012241603007	2.6770547827063234	3.625424997366398	1.913897586591375	-0.6072985149802488	-0.31131932361035086	-0.22338782415924244	-0.12147133234618028	3.6588399718015814	-4.628708095174198	-3.0453222966521882	0.22022491006253855	-1.734025002391833	0.5723096898089737	-0.8354520472561284	1.1088861030822548	-1.2181873780819992	-0.8995275148977253	-0.655406462130082	0.8149550589326715	-0.09781741198702966	-0.5673704137506724	-2.6330074833068675	0.3041257813992689	-0.5452721782464264
DTXSID0027565	-1.2631308151550877	0.22083540133589827	-5.4451073775623176	3.2200571527825463	0.5045260035690523	1.7886470250846032	0.20170252626668575	-2.3930133171854404	0.9361347821059062	0.006068746751933224	-0.9996933271885488	-1.0032804262940003	0.23627376122933008	-0.5568935795020932	-1.7144464036869416	-0.9791359048202922	-1.569360168192324	1.5240628906825382	-2.1862899416407853	0.31295068257616343	-0.6861508189993712	-1.24831138256978	-0.5668862831924313	-1.8790226018730354	1.6203132583995445	-1.0152098237256348	0.5385495039822289	-0.13694086658579002	0.4393023680366124	-1.3352264216480783	0.1657860924688437	-0.22420594324183324	-0.41694759116841285	1.2887808173667514	1.2937130420439744	-0.5328948423745096	0.44450187882521225	1.1647740810063625	-1.7989160005512188	0.20856658883076648	0.47701019801182953	1.1197231595035495	-0.012335006011754421	-1.0730013437594235	0.4464200821432584	0.4157396054382864	-0.40821960942324875	-0.748162713175395	0.2140212306477251	-0.02800741864232498	-0.4585291813517336	-0.22792059569697048	1.3874589937860116	-0.47349284924093843	1.2081148833420772	-0.48342285187337136	-0.04550321924025852	1.4918297294828793	-2.1871680919867216	0.05661238598915512	-0.9023623776943146	-0.3862037447539953	-1.542226314723301	0.3946302939907965	-0.41321016083312856	-0.7077542078005952	0.7342704862064667	0.05448977633098926	0.9158923119762752	2.086480352563745	-0.7661633134813416	-1.3778178966797234	0.9588771226307867	1.0981824033436054	-0.2780928766830187	0.9581688783463688	-0.060693855501012514	0.9654528954421413	1.7422778984429053	1.318174608036626	-0.3862404741128233	0.34050588916468644	-2.1030518337059276	-0.08391135137484008	0.43179599029203436	1.1558992371042356	1.041954254407015	0.5106605928448359	-2.180837101338949	0.8851532065746814	-0.04203694045548568	0.40402056415283116	-0.9100861375191346	1.3299116869754175	0.060080289386996735	0.7615046683625915	-0.9607349296272131	0.4207047269738431	-0.6117216744432646	-0.4675516085005731
DTXSID5043714	-1.5581556925657778	-2.3020987734837357	-3.930348844250182	1.6693427911297067	-5.082686975681881	-2.0046581715737037	4.062985976634918	3.8018565377463767	1.4950084971528659	-6.122710703048443	-2.7907758779695406	0.7262819279003151	4.449679165235824	-0.7226498819616577	-1.596914369909143	0.7773067313749973	0.7495596802137696	0.2952497205966147	-0.25485623791632767	1.1798026288200798	-0.8880455346760446	1.9265311813999235	-1.498418437622628	-2.3882525484223915	1.2852374756612495	-1.5305636741067887	-0.5408122414622344	-2.871612031618941	-0.3519305193407341	-0.5594352906113386	-2.9772972331834775	2.390686900978916	2.699764408345285	3.8946833959057234	1.7526137987828851	-3.894255113352452	-3.734984185085003	6.894281160949214	-0.8429727231816891	-5.0318865715674646	-5.690362619139747	4.75184855050418	5.564080791489006	8.798051191062948	-3.2808382451680624	-5.375125182884347	1.392392463154768	-2.455012870191947	0.21043973623274143	-0.3159766065859162	0.819245597654021	3.5899280311416537	0.2586411561961047	-1.6343011448502154	1.2407481090593009	0.7844146180583205	0.6815629485972088	-2.1881485337006996	1.6246821717520614	0.7058758333366306	-0.25798385827798986	-0.6321416136723818	-1.678435955789851	-0.23519131566822868	0.08608700758941265	0.647013816663562	0.1159620207267379	1.2596414049986109	-1.9014252828196407	0.8259699770409787	-1.9294423107851033	-0.7180172458105695	-1.1062123658798184	-1.5099283237352763	0.10528260351600925	1.8472475553996244	-0.7628491172389265	-0.5235791004263096	1.452745125497873	0.017256380311438075	0.41312031415305683	1.6752314799602408	-0.177235472987992	1.068937967490913	-2.5083311884836026	0.47893278600400463	0.00699738283304007	0.35283590741905935	-1.5648538002428283	0.41530575360170774	0.056554705551395225	-0.6159559105273327	0.14404397778590278	-1.7855968328310612	0.7735983669971905	-0.49867065334406935	1.1545741727079148	-0.2742659361686645	0.536086764551734	-0.4886901608500811
DTXSID1026740	-0.28246875040254826	1.7782692028054559	-4.1926645505578515	0.2743926652690156	5.022088867309598	2.4658870014497376	0.7974292428225074	-2.3537560755924547	1.5591921150053283	0.016589524705428398	2.147362871845234	1.791522809319142	-0.2582207534988504	1.2506353511569297	-0.050534111863446925	0.687075688786827	2.4921672419580445	0.570414557515634	-1.1208934281780274	0.9726103265850168	-0.1126640319933017	0.007188515765734221	0.9378737396527628	-1.7524626078170544	2.5578901856021456	0.24115363832853373	-0.44562356840273265	1.0659218492230733	-1.0377669314754328	-3.043871361711329	0.19907218347283903	0.7683304712611775	0.715870529445922	0.8926198341064604	0.9239137724247563	-1.0591470335383855	-0.10796296624624667	0.07054158395999909	-0.9298791323014853	0.19410467229891903	-0.036379780129078575	-0.37849309119811375	-0.21794727167327319	-0.18520804937175156	0.28359139898315805	-0.9576452270125068	-0.7563328206195875	-0.7533961126492263	-0.5709405062002832	0.7266216994087946	-0.5478690822839601	-0.14320704389030708	-1.0127011152078516	-0.6449799108474975	0.23205405767263051	-0.3704976705845937	0.2680419365363639	1.5346322920954552	0.19054161576340034	-0.3837305197784262	0.006092747948140148	-1.4206899164645779	0.2561495728471935	0.9767336489324392	0.10851048394728892	-0.6107237515251464	-1.1363661410135	0.13668201340591044	0.3015145743198887	-0.09183240731128851	-0.4662786101172945	-0.20499483430771415	0.5092737072144549	0.8856597358280973	-1.7442588013264002	0.9129392925396298	-0.5743849844279927	0.5022528179576582	0.13156351712702194	0.26645234354454006	0.8379054306481856	-0.03156191391924036	-0.47103059879345793	-0.45559911080546067	1.4095709086855897	0.986293839791013	-0.08049140948690342	0.15504584128428198	0.028240473566637104	-0.5639367196236253	0.9357626904274574	0.7211877448730387	-0.2985507798264947	0.4574937824211049	-0.44294481252043727	-0.23660269114680688	0.9579378032215187	-0.2455970095940771	-0.23250205672474936	-0.15017984980682228
DTXSID6037483	2.5167750820216472	-1.5661236241450396	-3.0285013359330857	0.9357930055355285	-0.22072199267769724	1.977497959458085	0.04057210195653333	-0.8416076049202269	2.7334171845312576	-1.5240390837935274	0.945419658248209	0.30782129249158185	-0.9779608597642678	-0.965352115911887	-0.7145236151804598	-1.2888089100289961	-2.2418046580604285	0.9447850169569867	-0.8524297808183238	-1.5197386352113171	-0.49784968223742637	-0.5666742238295764	-0.3858183347845056	-0.7250216095770935	-0.5060718436155011	0.011380907400890304	0.3108587915834291	-0.31335797873939564	-0.12148765592725116	0.25489358371093135	0.6054942517829179	-0.8460680593863267	0.07546331658498091	-0.11907564543438828	-0.8888084430216072	0.45045304461218244	0.4263356153474431	2.1108190466632424	-1.4801360587649801	0.5062669283480153	0.2671348958470503	0.17541493805726965	-0.2651524065994669	0.14991792699078516	0.27371663578542405	1.0225442696488736	-0.11603651112086386	-0.5736354093926421	1.8309977939994615	-0.49117912378682366	-0.5229407441330832	-0.5082391538971194	0.8342075925460861	0.5420476076805751	0.6170052615871012	0.13628382611239323	-0.09720949912800725	0.362581598819242	0.9637925175954462	0.06167582726332452	0.3479285634616561	0.20874546848259856	0.2400873119042238	-0.8068729511143046	-0.24417276851487532	-1.20225571343596	0.521652254027369	1.7375617684964122	-0.019027625418619146	1.1425429134336516	-0.1702733085053123	0.06530822283379531	-1.1204497071754658	0.7047638992915332	-0.13776656469011156	0.7146850658650123	0.5230321342200884	0.9943214824770505	0.4005068790295917	0.551793475128052	0.1998208416871208	-0.8634147097919128	-1.0686026043643866	-0.527796484708767	-0.5113257761821935	-0.01301542818580132	-0.9789228495077891	0.32185573923444105	-0.5809368922024978	0.5570707403260126	-0.9705099131261632	0.6427506350965676	-0.6538649990852563	0.47624332761225724	0.9157779847844245	-0.370446911841797	-1.5029031717163537	1.0144298176949376	-0.5602148709613346	0.518385282643023
DTXSID2049393	-2.9599623560203647	2.3347252774598184	1.1989574537721055	-0.8746871535866275	1.9232804470047435	0.15906075364381483	0.6135216171604722	-0.8554192107251326	0.16920105095694113	-0.7999130901284681	-1.7211700332324895	0.9537425670305354	1.189639270542123	-0.4252237677159223	-0.1549030824920238	0.14889607690398207	0.796773997603331	0.6745982621393469	0.05822560517196184	-0.8428405646921383	-0.3263650929726769	1.1894203397792389	-0.024387784866515858	0.5340581258180345	0.05437578974803719	0.5424382812538767	-1.0026476693072586	-0.16011429389626755	-0.5541417539838872	0.9430139026618783	0.31009954864755046	-0.6980628072069791	0.5432467058094242	-0.8663438818709177	0.24323797151725274	0.12971403818839647	0.045200878722013754	0.5694889783388404	-0.1286183847056706	-0.5987774851367187	0.43467513196468827	-1.2012318720355872	-0.7657203864953661	0.4490893134592942	0.060692476203934614	-0.15974077932954384	0.10537686000500554	-0.05812400943299536	0.6344994252741172	0.11088363018956403	-0.43633886105656583	-1.247973671196014	-0.12144968600614375	0.04427234654857153	-0.08601213819719498	-0.5050751471208621	-0.6865331627333302	-0.08493674282067179	0.330682767568161	0.3030791070731304	-0.21269042699480523	0.3179155489590153	0.6645249874037996	-0.045129760759466786	0.17909461769672458	0.3702896717162657	0.147663597014932	-0.46486049546707503	0.5787147658511504	-0.5038361031318783	-0.13962577092915487	-0.4761849754472047	0.0256187393366489	0.38293924075476393	-0.24232210623226108	0.3494161715769491	0.4634484647503056	-0.9784757601083061	-0.2358094345908032	0.21645845770273825	-0.07853327794786097	-0.9086185601203854	0.47677934140891126	-0.2830397921853918	-0.32987420980646676	-0.33214980946403816	-0.10672547738186651	0.021029977585789648	0.3798963868436773	0.042147002391584545	0.23914737197774627	0.338388848368384	0.2624803460319263	0.2874180809903263	-0.13405788073894367	0.432253041233028	-0.4547088846191933	0.21772565393980822	0.30020363358362384	0.04027773030888887
DTXSID4037580	-2.7604951464358645	0.35684645045366675	-6.018504983635711	1.7571357107911003	0.5644407817781839	0.4220950188128044	0.6083639874168665	0.48553845447212207	-0.1022154127050046	-0.5160815106168614	0.6702268738722849	-0.9549243199097126	0.875972882485856	-0.5350254172533971	-0.2965061201091018	-1.8331895599052181	0.2967333357846914	-1.8572416603409423	-0.19964674257175904	-0.7440499295966037	0.2248641841548218	-0.5087516697556206	0.158118053296099	0.12077349210725352	0.5338700163898058	-1.1533923848688121	-0.04218436436535153	0.6460002696475863	-1.0090131815918242	-0.043314516810569	-1.1072045620580497	0.39453942849671186	-0.13749496374196368	0.5295905103474743	0.02712873179709481	-0.4854071991570283	-0.09831421995882313	-0.049679538778306255	0.20042853697445212	0.7733403089977141	0.23924977298859681	0.14741450960896058	-0.6528333119653501	0.5649233896912383	0.14553545304673138	-0.39921247404232146	-0.8471111785813523	-0.5324926627334864	0.09283680910965011	0.8630029086119745	0.42056244389854225	-0.0989729650927596	0.388433501458435	0.5520454700253473	0.050351213970830144	-0.32403687776394846	-1.1523690637991049	0.3228917358195754	0.7683914899933644	-0.36420873190399333	-0.5622529981912929	-0.051588880139400155	0.14720265121208212	0.35346001389325904	0.06040501012358778	0.0002001687696053072	0.48646086100029884	-0.8642528769988688	0.8319492119938474	-0.2157604066417854	-0.05363418561511745	-0.4767152783525389	-0.6085085528080901	0.02325012996844322	0.7232681706959302	0.5506829748146005	-0.8929933432253442	-0.6079495393971799	-0.6971024853001345	0.7836987335809633	-0.4952505949456016	-0.093634342241967	0.29416764610905805	-0.7168892747297058	0.5633837808888069	-1.0136959064433133	-0.3248290322943908	0.155004825197903	0.025609076925144837	-0.18870708646062537	0.39514689991552016	-0.24002432219170597	-0.17009970712089334	0.08907104195446877	-0.017778562378886746	0.2982548958785497	-0.7233833865819088	-0.03617127403178203	0.08994528923672418	0.1100041008524004
DTXSID1026164	-8.16579134997268	0.9598517605743123	1.075060839061173	1.0937645266674165	-0.9718355263528543	2.228991735972202	-0.5703575192227717	1.585739362144864	0.6567462772014951	0.19906363953540068	0.023594565380130522	1.4305824313459696	0.9589914096089622	0.785606184913824	-0.3369913877266387	-0.06123984323160389	-1.4145437034124393	0.6426343912463736	1.0171769826419437	-0.3348014032650852	-0.5899638193526991	0.5188955031093468	-0.44796324908963414	0.28147583274461074	-0.17113903907867434	-0.019739241253820365	-0.34670367102902944	-0.5779471709015702	-0.4538029035195902	-0.27593723126774444	-0.583085381509611	0.056394258589207734	-0.9568004658257115	-0.28952607525461926	-0.6773027114345301	0.43472985626239974	-0.10656517611702436	1.0231708600473997	-0.7203063740884635	0.12657271242770954	0.029446133358499375	0.16909853190721919	-0.09538381648061228	0.14040944134719874	0.2589066181009965	0.3801051071107436	-0.2920271398165664	0.6836327761151829	0.4696715314295192	0.08140741924560063	-0.20248855702308674	0.014688748109641221	0.252074252985823	0.5608144923461554	0.394412592386076	0.005014377926158806	-0.0033147275557768555	-0.47415147196402124	0.3108204528904658	0.49104345016081014	0.002596342409491848	-0.3766747391363846	0.6018225357983429	-0.3876099062993011	-0.23252893189310472	-0.7263119851634205	-0.5709596121667876	0.26314777408771156	-0.22928225531088364	0.4121877233539336	0.3246867590123253	-0.23677678848827655	-0.33060780455628935	0.37278608933290536	-0.042399288271554696	0.03217815334076655	-0.05483725166698285	0.0007040469272973204	-0.1114464065031433	0.34509617259075265	-0.09514255777717728	0.012293445438217006	-0.19109398612088038	-0.1349457732400426	0.16718172915722698	-0.3557370401608579	0.2634738014070473	-0.03633191876806699	0.39256706055787627	-0.20621370754630255	0.044109622549063136	0.14260998533476957	-0.10480238091459511	0.04006492115178671	0.11286938887629226	-0.05951577094345095	0.004760456462774143	-0.18152141911744976	0.0995949791497195	0.1860044911918813
DTXSID3020209	-3.1624011368790743	0.46803346977379046	-0.16259634209113036	1.8722413978535224	0.6367735318761557	-0.4102480865936431	1.1474706287506156	-2.1269382498669493	0.5809561206910813	-0.5036981032678454	2.1028484873622406	0.37136117280945613	-0.34853274250349386	0.6110668023878929	-0.04374697773248404	-0.1862728742076507	0.5388733652929756	0.40409390912174925	0.15625457774973867	0.46692953881916527	-0.4360590262210136	1.0190279110855158	0.02893235138719522	0.31224331634622526	0.664896233821029	0.014342438870488198	-0.1125254091105762	0.1780332797091306	-0.07136450904184827	-0.3545233684609251	-0.29204098828678565	0.18616634348277633	0.7530918168156018	0.1872157559121524	-0.16086455178291495	-0.7624519687928926	0.22339858054643094	0.20445509129525577	0.2867156808542961	-0.44856233992592714	0.09438141648355736	-0.7605145047772002	-0.07896944861939674	-0.3035288869020622	0.45415669272517695	-0.520329797390369	-0.04871431369603822	-0.12670366772380906	0.08590847091996756	0.5424774612444565	-0.16381258887826208	-0.33509738829403635	-0.04911129746720518	-0.28877844608419345	-0.24258210776525393	0.6491437238629524	-0.3259079431894532	0.11323244881115062	-0.09966245350956163	0.34783271616064904	0.3725325074651836	0.5248085728730383	0.32037383931153535	-0.32298584724902707	-0.4075892394981518	-0.33437454938161487	-0.40173127399424535	-0.4398258461404165	-0.18843531795898785	0.15936130230639092	-0.4335063048674258	0.24219406989929182	0.2768819983613081	-0.2186075843821188	0.3059756283948301	-0.29221060496408474	-0.1985172623709876	-0.23175846557292634	0.13328802873845477	0.06254841755010494	-0.03194785531147343	-1.019455573076022e-05	0.16154723466308335	0.19134158109610946	-0.36103927951840564	-0.05553613706790574	0.11233130149644523	-0.006486238643155435	0.1418749231726431	0.17453660461026443	0.28744526856828784	0.21297682230978618	0.3161288359057157	-0.06954182296064594	-0.12797987170543737	0.047711901163470245	-0.07567771585986703	-0.22440848095786634	-0.18598497537885506	-0.031095891830572105
DTXSID3029154	-7.198710444458235	5.330921095742022	-1.9331010157385415	1.7948990736654409	-1.391911057105152	0.4187350706355757	0.034020143253160356	-1.0250361806737516	-0.1573163245897405	0.09103753066042782	-0.17050469764007445	0.4888272673758667	1.8904766371705342	0.36688512158809977	-0.8156714154464437	0.024651188146893863	0.08436402399291243	0.16945540906457524	-0.3123121234816953	0.05668942561048033	-0.4598790658466034	-0.26438503167206684	-0.2903033227621216	-0.7446653982058311	0.9282999869433041	-0.012494309325463323	0.5751058854031194	0.6532594217422153	-0.21551602766006736	-0.9805036710190393	0.14188216730767386	0.5697497259483761	-0.3385717494433006	1.4387105763339414	0.3252781804314278	-0.4594227425422189	0.40433784253160343	0.34680522363800564	-0.755746256393326	1.48408279314374	0.21058198118097635	0.9931581983168903	0.02985240350979369	-0.9557183057638539	0.2729029209537084	-0.35283073003031823	-0.8581441603001103	-0.12894503526341	-1.597403683962128	-1.6473703263398662	-0.6671853924254807	0.2880687724798578	-0.019217450826057247	-0.2979170772541964	-0.49928674694088904	0.4324145173526452	1.0145092422927016	-0.3801326918498675	-1.4440719580441042	0.43859167156674916	-0.02146733755984395	0.27805717260227386	0.033212148029437775	-0.09438275860908311	0.30263851664507524	-0.44683210502513027	-0.632818600803086	0.44474171643887156	0.6476565364807334	0.5131634185004867	0.3007492163743949	-0.39085139503455835	0.3639003373673657	-0.28726911702718555	0.8944594975591575	0.5298707560406897	-0.30107375412776927	0.2796133242508222	0.4975041268430394	-0.024115427279971645	0.8488808044853643	-0.181614532065552	0.5640890739892912	-0.4247355216265652	1.2772528909218075	-0.6108250471903786	-0.1705714020989321	-0.05487985088240439	0.20919953754064677	-0.06482382205843763	0.26815126990927446	0.735300397944465	-0.16268170797756867	-0.24470206741303988	0.12339355348046642	0.5506420893018314	0.08042281644645156	0.18585413197520342	-0.1237044214041237	0.20054231794616675
DTXSID1044801	-6.723965439353158	1.114870654974862	-6.010775223077111	2.1207975091244164	2.6797612993361652	-0.8967881883845561	-1.9330556299304804	1.3036827364227235	-0.45566248997687214	0.8780800613114401	2.623763703479807	-0.7968360167103974	3.2361324246284693	-1.2232151148213288	2.737548582851561	-0.254074762438131	-1.030537749916833	-0.9088301500743305	1.322571085867544	2.1357484697728872	-1.5178611364294876	1.989507031377135	-0.5519130806098115	0.21517383483567654	0.5328439454402204	-0.7601372731614581	1.6791109345158672	-0.6653766443043763	0.2680313707887452	-0.04367106554842996	1.3116518345883799	-0.21717584735183312	-0.7172284969986434	-0.6294934791377899	-0.10455610493356296	0.42651271930985224	0.20700037022026535	0.5833123380056698	-0.22197281127389987	-0.7259409143709641	0.25038601224305107	-0.30594206934582513	0.12432144037441752	0.8376329912290241	0.5872482636366936	-0.23439689505528424	0.3112301073457672	-0.19319080292993507	0.3741449120274537	-0.7932505977650913	-0.05248073472917002	-0.5581585731169135	-0.2763276337706732	-0.07665111876171103	0.4015651733678013	0.5676498089660893	0.05006011805914445	-1.1518292990427859	-1.0380889094786927	0.6231507123680179	-0.18286450249203517	0.2811077268021636	-0.19938532347079	-0.16109987466002282	0.05963423863803815	-0.4115645286919452	-1.1917504241926513	-0.3562138315815091	-0.7320729199517325	0.1810729215464714	-0.10785390894302602	-0.5794177953405291	0.2720792839523718	-0.3489397223327543	-0.13160015280805806	-0.5102000829043498	2.1412395664640616	-1.0934489664582445	-0.7573734795783034	0.25336971129970715	-0.3769029573658744	-1.0968515029222377	0.15022822365086325	-0.4193223769339096	0.11855636852538794	0.199713309957684	-0.40626781131789225	-0.5209818472997205	-0.27138581605062573	0.039820283742185415	-0.027438546805965316	0.9773571111121999	-0.5199448312758355	-0.05618463542536751	0.46713626454120744	0.9288580502063427	-0.4476573425697074	-0.5015465599194896	-0.12325441207917333	0.19707620618377777
DTXSID9047043	1.2082328675124467	-3.6497276146716	-9.873858047361555	6.276854952941731	4.4838966243102965	-2.043595730906123	-8.927041576672917	0.6969279370409689	0.6300898765485632	0.015594061915771704	3.8894628824216846	-0.11996377091377619	2.2346849297966913	-6.1027006072855645	-1.3530952186141567	1.3654483752631112	-4.336377084383753	-4.005800035081813	2.9062881296485266	5.266397527098798	-2.8562271172298352	1.0317711470570068	-1.0254274506229657	-1.1312916935682842	3.727319564901611	-2.5190730415762124	2.7394200412256193	1.0196916998355805	3.6739698485573444	-1.645081803732147	0.6042333448254006	1.065823887712078	-2.481313378527965	-2.082092806917882	2.655833854999685	3.7967450163905436	-1.0196495447290468	0.265049311480798	-0.18502191477110297	-2.6500306132456406	1.4494654371062186	0.5496070686029835	0.19230241996938693	1.964539816839905	0.2783832378769474	-1.2144962370150965	2.867003716495049	-0.4792091770198094	0.15434126882706878	0.5983855915901707	-0.008751034238690125	1.252571869238276	0.5891758409195587	1.0481300140169127	-0.05893464286306727	1.0250359412668326	2.8426245133731385	-3.9682504780962153	-3.8432922446858315	-1.8947267674095947	1.3350262658380672	0.3477454367910326	-3.1291993454149685	-0.7408168813699101	2.7715876849356045	-0.9343100023358771	-0.6475790842371872	-2.0555585482154317	-1.6105729124028534	2.2531892054240297	0.022268118667427884	-0.0003041533125495314	-1.185287377990059	1.5310858413580057	-2.5357830692086885	-0.6548911064941562	4.806127323667909	-7.747732101126767	0.5725193601291391	2.9904621472458515	-2.625310351969453	-1.708306831664382	-2.143789140450893	-3.442240170952846	0.8602617491779402	1.4293719695694669	-4.64255574206298	-0.7024057696674529	0.23640672945225882	0.264938148892839	2.109596088126416	-0.09298722707778119	-0.7512077662301454	1.1859135018290716	2.175792522032323	1.6261574062950472	-1.9317075866655118	-1.3328539822027334	1.380193984117584	1.651594050911272
DTXSID1045116	9.699200500688178	-5.054525277123756	1.5196341948759593	-7.662329883858741	-4.049071026427811	-2.2142870729875996	5.307563384208602	6.1720773996143246	-2.069921085613215	-5.115399149122057	-4.906790904014689	-2.4196661701065283	4.06113905279131	-2.7802533651026087	4.579633858357802	2.288099269038169	-0.9593793954112649	7.976872260925373	4.492497788777404	1.6256790558752123	-15.65568144964408	-10.454133289501087	12.276723526151882	9.327955405343161	12.353629295025662	-1.0482304104379663	-4.505684672874664	1.9220715138191287	-2.325349428840137	0.8960245548701204	-4.36748377182437	7.724532080164601	0.7627826579617044	7.77144258718379	2.3452822026949063	-4.926492959126659	-8.408862592357007	14.209662963133443	0.5279813393113862	-6.829216202688295	-8.396486245167887	11.423110472786753	11.259554465448867	14.319230979932646	-1.5665835036978317	-9.904253642061603	-2.781652166244498	-3.190801844231484	3.8576886770388756	-0.5434551450284871	-4.369925164056786	4.126590333265467	-1.6255012931141095	-1.5897834635460255	-3.237246426029134	-2.015548728743589	-1.2882960212975347	-2.40777823314534	2.743227221984961	2.5909280136982815	-0.7386853043224021	0.2151811991358367	2.131292562980557	-3.5457934616181688	2.0972478815763473	3.5642192416316165	-1.9722282432903053	3.4926733313965497	-1.5425032738443887	4.199273077784021	-2.853879440071761	-1.0863027458189105	-4.130614713315383	-2.0707876325400028	2.536964413122988	0.3275471943057921	-0.7013207200235271	-1.2693342788023851	3.117862769764192	1.9162179466317932	1.259613077532499	2.8618985364928204	-0.36570814528642026	-0.3515778968961372	-4.11011706667699	2.1809414602573463	-1.5864695625701137	-0.2676439866183227	-2.7416492209195216	-1.5936173765204742	-1.3799838028788067	0.4488703781361409	1.9297938538633743	-3.273295274831184	1.2650496813945662	-1.882748847985798	2.772913488156898	-0.42427093916029346	-1.9770914493364733	-0.043116943999631084
DTXSID5045209	8.953058757311073	-3.0107790273500696	-3.100122424337708	1.4203266376968722	-2.6093550369162535	5.029555274064951	9.131396664381638	4.118697377280131	-1.0878495678507203	4.0980192250812655	-1.5967257318319519	2.0507728923542787	2.391823285092971	-0.38359834009501126	0.3557310378873502	-1.9045416632764547	-1.6669386763527159	0.8903600565851122	2.107628074365367	-2.029515437436818	1.9630581299094485	-3.3858728152664117	-0.5842413040984863	-0.6847448157811096	-0.43185830219731364	-0.2832413077224819	0.9015382905361159	-0.7126007319758557	-0.49735849882411354	-0.16962734205860408	-0.23436889545216952	0.5261051077324324	-2.1189738901601785	0.5824766544420779	-0.8986135407508853	-1.4717116258228429	0.9542534899188344	2.4252621869543165	-2.113260703429521	0.06115626546610143	0.5254651534327163	1.4876647300703694	-0.4739270101440419	-0.4281491684265744	0.9812934815757706	1.9219803519107348	0.9456770236633216	0.32566936667997326	-0.7835831662901586	0.6485695550603827	-0.3808630281668947	-2.8900133655617997	-0.6889554430900059	2.394302788585805	-0.05527126641272868	1.372284174076105	-0.7762011587169196	-0.4441576543075563	1.9892514496885416	-0.37838908507331	-0.038465210397697173	-1.711932764288218	0.26384152444131115	-2.7729639236946397	1.3678179533180084	-2.7130753340396736	-1.2709711000401167	-1.0809022527151508	-2.0313426894091533	0.3470286540074117	1.6796107973101768	-0.28722589525569514	-2.004638716101011	-0.4959489269457351	-0.6558387473921301	-0.15209666353962395	-1.3014910962709147	1.583802394466603	2.1672302622032418	-0.3332532437170049	1.408307305120984	0.11444197177813571	1.670078651071936	-3.2784160149279193	-2.0314730234639047	3.240842255725671	-0.06915245915985958	-2.033184521622565	1.63857757012703	-0.419614675907519	1.583417699098494	-2.0077659549433577	0.43730035243979104	-1.4576647833920353	0.15148187854722303	3.5935484444278227	-1.1375613245777652	-0.49192618021809653	-0.794741226659293	1.2269311803743839
DTXSID1020308	-6.556419670079963	0.2532639469042782	-2.449696967112325	-1.890590745730292	-2.4204613403699264	-2.3031283829619578	0.5748219393876917	0.7761974069547859	-0.7087577848251182	0.48704312092621516	-1.0163938552419984	-0.12633731367079665	1.1933232624311263	1.3188436560348975	-0.1391083133428761	-0.21547952770075643	0.29950112033152393	-0.046840047473794784	0.5412157989844074	-0.041160615445601824	0.20072496578512	-0.0019268193084728904	-2.7272674045034107	-0.4853005165122416	2.933531393442665	1.7919499092872637	1.0414211401501603	-1.379740366571932	0.047065393271830354	-0.7063615478452911	1.1914271684680053	1.211614540479878	-0.20849526242649677	-1.1052588091243574	-0.6792350278520966	-0.1424378098351318	1.1523855685136912	1.3645124736663083	-1.0147225751599172	0.042326430357955365	0.32759273604669115	0.2763477990016775	-2.083820414735819	2.332115115185014	-0.8646443395406325	1.1823650859698498	-0.16958989178704348	2.3974273670501347	0.28226849374723073	0.6225074774189455	1.008507766904792	-0.9490208106532232	-2.2571805831812024	-2.0441272419715415	-2.285595133073349	2.1607642352625107	-0.09678692046676456	0.5621188135913735	-0.6869571410692492	0.8834099739369157	-0.40424569546008865	1.240602504695093	0.004838799820797557	0.9111858464883927	-0.23367478212600665	-0.3178669070632976	-1.010485047916652	-0.43725084305020473	0.28426033372013615	0.6924192510501617	0.08051384634001413	1.2568539602669846	-0.08590798838030135	0.1776251636577073	-0.4086563661568494	0.42937163355998764	-0.24844576588342887	0.4143308549699878	-0.13576371836120787	-0.31029248510570934	-0.536351963658844	-0.3328869063389181	0.5134400582432007	-0.3186780257760926	-0.5459991231433369	0.24058505973667949	0.22250427083225824	0.4389884577756543	0.32012084216811476	-0.24188705111629055	-0.05679304808564815	-0.2668067444150079	0.12203489545457936	-0.1725468627631128	-0.17306323882748392	-0.08596913962020372	0.09654868384849126	-0.04269930301636455	-0.008474203757021318	0.07304001249644451
DTXSID9026899	-6.1705546232735555	0.7098376560993185	-3.158278181303613	-0.9045863891284612	-0.9197329170921429	-3.2624937733654304	0.1852339442975835	0.4265413999951473	0.31911106326564526	-0.6206908545788817	-1.0382124376934556	3.709850537085099	-1.1437925837203355	1.7308537262655244	6.312655832374442	3.2417816290454415	-5.081811678147035	-1.3576720142823364	-3.0851092944445098	-4.613114450504566	1.8927259918732944	1.038088571246246	1.8291934772154563	-4.377311096884309	0.1614100187813548	-1.5010796918063194	-0.8749800698725102	3.4432345417744235	0.9568732727186534	-0.539693188447584	-0.12255602433416754	0.23405445659428714	-1.0271170421866191	2.5835852455891253	0.5867147084655608	1.4224234824492086	-1.047553109730481	-0.20700546232650513	-0.0931105774553337	-1.0237127466847897	0.269518287482395	0.1288158589392178	0.6238393221689271	-1.8567354583888744	1.520825488824714	0.13120218182241	-0.0916163646000449	-1.822291707280782	-1.0331944945825904	0.8441453632631977	1.946016560858818	-1.1561020599264917	-0.6803863820743541	0.38062850392026354	-3.1454703035470297	-0.7631595516935648	1.5763746427939844	0.31116275052679737	0.2855754022001217	2.49823240091916	-0.8366226605109905	0.31323491250402025	0.05098394248656551	-0.3313911836893196	0.5043770638830094	1.1290664665166819	0.6927766245818009	-0.5893295760383439	-0.9750012290333574	0.16602579302287165	-0.8459806125904658	-0.5325153896573437	0.7756163734823807	0.6888984264759398	-0.5936388596605557	-0.4629769804775313	-0.6503354686559063	-0.19348454722090525	0.671309226494573	-0.004428181331585355	0.11011770696327475	-0.2539208689805948	-0.01089776627496063	0.025551597200134724	1.1947569154284832	0.02998333496756045	0.17872197129375225	0.08049257389214157	-0.05467640903509128	-0.19805008740543995	0.5940728954473274	0.6557346021745182	0.46150393305153486	0.11471931311908273	-0.2654373780802212	-0.5058591660004383	-0.4951860476401952	-0.08494346893423964	0.02189682891283301	1.1196471054309476
DTXSID2048953	16.043581269193353	0.03677514276264861	-4.648594981558427	0.25667568671186575	1.7974241291780093	0.012724848140134672	-8.922482512885523	1.959745402815399	1.7256087263587387	2.0149780400503534	4.039708195189048	-2.3719447850678033	0.10515768982514415	-4.558344565471399	-0.41563550674761907	2.573077960126107	-2.925015388767279	-3.4894232055501324	6.207536418348903	-0.24525586741341102	0.5891609455972616	-1.7180473876582545	-0.930972931110569	1.1366888307921472	2.1798900611667826	-1.6822666093025278	2.547802469510598	-1.0808124332632465	1.353893335170404	-3.4403991279937043	1.8079180425979615	-1.0434978963531145	0.657468112601295	0.398972030058099	-0.3989569684909977	-0.3442778952213003	0.42949183528567375	-0.17037765835152416	-0.0018071473354372833	-1.473401692731405	-1.258881861793959	-0.9780918560057349	0.6690669421830717	0.8593202318635538	-0.5511863233726259	-1.014275153272689	1.2586140931192589	-2.1620410221028417	-0.8986920771078131	1.0812467042482314	0.11387000366589592	-0.881796921994015	-2.3530315294404094	0.8347478167998303	-0.3277395171428969	4.449448463250936	0.8115981733737841	-3.008169947521395	-0.4890545908291291	-1.0005217827694244	1.4598298239199143	0.9993881166624078	-1.932902529398605	-0.555405493792608	0.12897598861323153	-0.16717679637787133	-0.9388298178705153	-1.0795286066814096	-3.2063855705321322	2.4137649659562084	-1.0460198459525856	-0.6949832580916133	0.6197286596037317	-1.532318530711452	-0.5118610220904842	-2.884493279478677	2.725786633267272	-2.219341423362847	-0.6770843343299823	0.8534471667037594	-3.088750478738066	-3.0367973763755325	-1.412547064482012	-1.001674965268017	-0.1128155597669845	0.21694791237784866	-2.938883450035731	-0.37220867841199007	-0.8730883707654744	0.3721123492044195	1.5737044417041761	0.4288528814516305	-0.5491161742324148	0.45030320322251	-0.8427205308963603	-0.004338850789871226	-0.11493912198549848	-0.7172228187095917	1.76445314782861	0.39592396349146175
DTXSID9047675	-4.18379002802806	5.838175568675109	-3.085501828702754	3.225838746884466	-2.780518496357098	0.22768076369160237	-0.21782432901369472	-1.7161548257614019	0.660119937449962	-0.24622413201856777	0.6318917434393808	0.18746539922154257	3.7182143004355472	1.315396207053801	-1.5013634086898684	0.4755448380716282	-0.025494561770841532	1.427838725204391	-1.9467776883496577	-0.28375886679291157	-0.8003421803734068	-0.8947227651268079	-1.028908324262575	-0.7157308344254341	0.9702869273737088	-0.43545317282703905	1.9902446006155294	1.1113037043905543	-0.4916498334279051	-0.4364163071821108	0.3140215830837389	0.6259096743775876	-0.5080834351030636	0.8789202448100283	-0.2860431004902329	-0.0018321693288598222	0.806474594164097	0.3630932727007431	-0.29969315670545876	2.9672115736456686	-0.002802580305584558	0.7762181263801322	-0.22696409882842317	-0.3670529140757715	-0.3438970757027953	-0.9168180013705345	-0.1358218358094904	-0.28879402460360387	-1.9783322708921367	-2.748002584356969	-0.9909959405754455	1.3976107710477603	0.3270816827064788	0.43061351431373074	-1.175272772800091	-0.1338547629347413	1.5727889257614982	-0.8347450142244939	-1.0246542614140925	0.10820122256423523	-0.1055123821499514	1.8703242522972536	1.498278454240247	0.3120379519349462	0.1178717745938109	-0.4850721774011341	-0.9781352014080857	0.7359104191296036	0.5884662949081395	-0.2926878491656203	0.002162113828096567	-0.7166393235299477	0.17784377905163593	-0.8410349349755228	1.5516697790141631	0.33957440481940776	0.29842048740113924	0.37122284834806807	0.6993974756452712	-0.1021700189004268	0.7565748702506777	-0.3352877930906967	0.6040853240733751	-0.7750629519152115	1.0692171667335693	-0.8464602084295594	-0.06181492433885572	0.1571628261627472	1.1385722727188814	-0.5328577064794683	0.40148273621159064	0.5791440178986591	-0.058896683345439765	-0.12647598888183387	0.5349311403847836	0.8990472560185999	0.035121177007502925	0.3056537733453682	0.05572911107250811	0.028964830000952492
DTXSID8021729	3.772256720417635	-5.640636601986837	4.175391677097444	1.7024982217600373	-0.6770646010071895	-2.5961376754098464	0.6189560654713456	-0.34818158560848783	0.17799687494658134	-0.8831904678944386	1.3457519605861796	-0.629841518865204	1.2584606595040635	-2.4839825529041906	-1.195761022272562	1.3448936133891265	0.5936742653955086	0.39860217173355383	0.3299888535571555	1.0265328188151974	0.559838688380354	-0.03188060519706328	1.239324682961316	-1.2972624223074785	1.5276023915035932	-0.665806718425483	-0.05465884156840231	0.19249001483608602	0.3769966763094172	-0.883966804025378	-0.563820450511239	-0.007115392306257715	-1.282170651136835	-0.7589626702570972	-0.4920726222476175	0.839003603683771	1.6369441034935852	-0.8680614511830693	-1.3649846915799062	-1.1271580269556098	0.5719629847226139	1.1554641241516628	0.4565466253696668	0.7433285528206013	-0.38798824431791673	0.4309703652573439	0.5533554977861636	1.1077755920791141	-0.44497722202003953	1.1534037530768304	-1.7245496711940784	1.0168071669907777	0.840751485984924	-2.191815367990938	-0.26523688198566203	0.7355212592007591	-0.9921824163096439	-1.4269306014695988	0.16951373933346794	1.8997186403779824	-0.8966093654011547	-2.1565359080449085	-0.4881524317199107	-1.6030805365930467	-0.2540312926483612	-0.7755813605355025	-0.713138673622115	0.5940966145273735	-0.3311844430660648	0.7034220994876209	1.4860093026655492	-0.271562448779655	-0.3211699054657843	0.3787891058199554	-1.3549594944608707	-0.04744762568056079	0.16655945520475887	-1.30365497362796	1.293626846078378	1.6842399544772628	-1.0082995683767522	1.6510949322632091	1.2871340354654712	1.1066673862780607	0.4827136741364497	-1.0807379243145079	0.45675486842946456	-0.914609072360559	1.0567162380933257	-1.8815829085821179	-1.2394700113039292	-0.3943079582634175	-0.4184624746200117	-1.0167659424675801	-0.23212402840697724	0.5292819585605775	-0.009088425671642435	-0.005841013931273264	-0.26912032174504386	0.4447990795640921
DTXSID6046478	6.540730742384498	10.532082517099838	2.634134530939769	-0.46611748410742976	-3.041618964927909	-0.25293659722052386	-2.43906131451521	1.5855292286891074	0.24176441025062587	0.24348577716852976	1.2404136223043276	-1.459710241892381	-1.0897431075842638	0.7683465549151448	2.24608038975638	-0.5157071326482181	1.3744364646682814	-0.9888930577897306	1.4888060666677156	0.12059108197093016	2.3345457819640325	-0.7882437265732046	-0.8746484015735224	-1.3268840895792595	1.442032533287556	-1.1922152755136424	-0.5141317109433208	-0.28893766750474387	0.140738606230213	1.1928720446540833	0.5847712558221051	0.8356310706994238	0.7556205048988633	1.5002054363741413	-0.1252892943773457	-0.7223350538588964	-0.22061926380140331	1.2370401426773259	-0.3804998040393603	-0.8528934546323292	-0.5166519660525775	-0.306949918593294	0.373873784894692	-1.2785197120270855	0.21927948685229107	1.3152582000115667	1.6704805857867753	0.9015709192443045	0.6756908622060256	-0.8257680319004935	0.2277841835931354	0.4662829750412134	0.6471084859627553	-0.5610846589338894	0.001991129902905504	-1.0217928623814676	0.04037438898201102	0.9494213050413606	-0.4499708813715028	-0.200004885816943	1.0778884336596954	-0.7594517193374721	0.9973005480937998	-0.17275695926508305	0.14120070260976936	0.1073904313685488	-0.37400301649700946	-0.27313401097777595	-0.2402645475180983	0.2537103654798629	0.2046901609792502	0.4987061445531666	-0.6075961025969413	-0.1209825331259692	-0.583335226808682	-0.24966679035426156	-0.8232906306121767	0.05431757815897386	-0.7393766773282919	0.3701923593468384	-0.6360004805334842	-0.31111424870822946	-0.6851074809108857	-0.0018526603388852641	-0.2140783897629806	-0.14021090449420068	-0.3510053176430141	0.30836619404976606	-0.502696549824805	-0.39874032778698165	-0.062374249115791265	0.12605458100374317	0.13362593795370256	-0.20485252798141343	-0.33434108556627135	0.08272277707254674	0.25572898994201304	-0.2775880336504937	-0.03181672269552164	-0.10664946009183163
DTXSID7020427	-6.6113962643977935	-1.9381188638954134	-0.5030460781242881	0.9039485456854942	-1.0824790432811227	2.171658127993102	-3.130902549224161	4.181413349543049	-1.2971649705226644	2.6572302192326718	-0.7879326992657724	1.812238472659475	-0.9241484153592584	3.20503647752462	-2.0586665342029002	1.1191389160234304	0.1896119951764695	1.0374004455765067	0.846995468909942	0.28204045311929216	-0.014314492116210279	0.9113451667748156	0.4249065176565838	0.39797043134591614	-0.16674991763598412	-0.4534867095523809	0.49720484017471556	0.12556932535197599	0.18220173219077135	0.56991717553809	-0.6286629178520435	-0.4969530328566894	0.12367278688942418	0.03116597835687748	0.02281192522532534	-0.22220050145473905	-0.3119241640641237	-0.5330003271009269	0.2625732546033086	0.06988235771479828	-0.29553717533699214	-0.5385762967802267	0.7394516175554372	-0.2565622811815228	0.052294143259302074	-0.3184880800827714	-0.20648819438950816	0.7001969541449007	0.7762412253825726	-0.7471621703589881	-0.7739813158410317	-0.35861956396762606	1.2242492183384204	0.14728437687831192	0.06310222814141815	0.25147135896330286	0.11937893519446253	0.16339896456151815	-0.1486920139730544	0.08847597989546566	-0.36402634784353244	-0.3766287680880463	0.10773102340367517	-0.4665752430291604	-0.3053317127113197	0.010400148995862819	-0.14915107720082968	0.1265360786575798	-0.9230785082660896	0.6709877285242851	0.08444666138754442	-0.21325191200745414	-0.5574876375351294	0.2928733607567764	-0.028750166901697786	-0.43741304039850687	-0.38680454112517076	0.4869705538851207	0.2645412184491297	-0.0307862915992403	-0.5716383907463979	-0.23682054787701712	-0.10514083487866234	0.3337403790936848	0.0738906811571578	-0.004009369226680928	-0.10452182191706888	-0.17496695350788952	-0.12010556909874023	-0.0700964974605503	0.227957120878248	-0.45548387783719674	-0.02837285234815698	-0.18678965910175027	0.23383019928462193	-0.25560114618787655	0.012590224929145829	-0.1407280180380977	0.2795467250704327	-0.2077540955229308
DTXSID0021832	-6.65127232694524	1.2124501382012558	0.30053013885208396	-0.36856960246317255	0.36470269846463355	1.6691525810363392	0.8793101386812606	0.5318915221343851	0.2741264121393204	0.24160206027302333	-0.7927991929043166	0.8985651162353617	1.9564359797364448	-0.21382064681295831	0.27946838648784084	-1.1300964218844907	-0.05047318009261332	-0.8717261233156003	0.045057439897747756	-0.18739569652324187	-0.009031766551639734	-0.45963143588224437	0.04377992519243352	0.19153483223027612	-0.3248225890939117	0.40615938748773495	0.7121728978702058	0.2617441447552861	-0.11646513938494431	-0.7927283518653453	0.0013797440052686456	0.15217067326167757	-0.8661150069225257	0.9217441187536116	-0.023632940061920456	0.1750075779722407	-0.9155539947683934	-0.038215040358644106	-0.08558478149209056	0.2210820669047601	0.07076743252951292	0.38356909423050983	-0.2952936484098191	0.2520587362012	1.0118653355468379	0.6630063373905202	-0.27341195323312595	0.10479621839962477	-0.09666689399649478	0.12191624497318704	0.7187065687366735	0.6921255934713799	0.1435546898134156	0.3260692792605814	0.3575772239765501	-0.0437235509425571	-0.4928962417857824	0.18658537381330578	0.5302994830293825	0.17447735112746554	-0.2682804033460702	-0.46603121758885185	0.28385116140221645	0.24759848044787025	1.0286611108609691	-0.011761912045335228	0.36217805280903653	-0.3909539061889756	-0.08279708743583655	-0.15895899245605155	0.05538770223229156	-0.03824413109330212	0.8976482891612363	0.16082499360197447	0.23030768870306406	-0.33222418947537347	0.5212910363065822	0.7763462441736596	-0.4266029958208687	0.04688343982947632	-0.48469783520559734	-0.31597229422994816	0.7240890814880163	0.17520749685574655	0.06266720739293144	-0.2699009866891237	-0.22075743635224418	0.2006918166495917	0.017131474838552912	0.27618150227576593	0.08793686752749524	-0.2415912866794572	-0.13761214710896238	0.13926559385622697	0.004592212785412072	0.1634585676014878	-0.24295468893165623	-0.1629074952068728	0.3791091889417995	0.20130179614921231
DTXSID7023302	14.099392718057402	8.893996449629967	-0.8893997283972686	4.46321437876104	-3.0358413245721954	-0.7856381153830256	-3.2075079589486424	-0.6633965539936595	0.9253569932588445	-0.2923579065179563	0.8165073049501977	0.1685237182706443	3.0005791779540716	1.6240294004013693	-1.4895556013636715	0.12940009249506373	1.0038792876257245	1.2184158311103923	-2.5006633699069267	-0.20617854133318478	-0.2700349232863131	-0.103841109012318	-0.41273445675382125	-0.3218848207297069	0.4027271121542144	0.23840026841760545	0.5340709045210117	1.4292697243756622	-0.520678666594854	0.49366839842502425	-0.5036783013727271	0.4803944027598289	-0.5033449406146044	0.70248829979065	-0.00195985189756703	-0.2930961384886212	0.2767855140018347	0.08986132268864941	0.38896278902052994	1.2419074242130688	0.20394221902609144	0.5367831300294418	-0.5122623593963203	-0.5659408520261301	-0.03329889201853971	-0.2968328158939993	-0.5477277545070621	0.047827478898052354	-0.4214760091905915	0.44915917282871437	-0.5058190609130523	0.938916364344221	-0.3682511419728187	-0.08205415066275527	0.04638693996519593	-1.627887627051918	-0.28081365872373815	0.11288043558972688	0.8930676812745242	0.8281118204966762	0.4300756776138939	-0.39314150336243553	-0.2856234149945078	-0.12127684817208828	-1.2979563049211416	0.12821677908433532	0.10426672237171596	0.17257773706818635	0.4365205967072519	-0.3718142237207138	-0.46243888826559104	0.6374829817920339	0.029621651072464793	0.3528521761741969	-0.6447099497451334	-0.6911298474284139	-0.10358080545193514	0.32189162007328304	-0.11694131648691788	0.2738112787108992	-0.7110957710801213	-0.901402221909187	-0.9164707071266711	0.10271680543412197	-0.477323527912402	0.4786237422344349	-0.6549747859644938	-0.05526840843204088	-0.5933022231288219	-0.22369015366211462	-0.48635054865493366	-0.41296529807300475	-0.39433390004469115	0.943684577014915	0.5918149471318604	-0.032110845165293674	-0.38435802780972733	-0.4621550480277734	-0.3395739732771353	-0.13629555227793047
DTXSID2020923	1.093644307580348	0.6711762761886014	-2.1282956467528726	0.1417923556361253	-2.5387065671021776	4.900668386206324	3.758725393141767	0.4456453540414633	-1.094868171795284	-1.1757290552805042	1.1860546483503842	-1.885911029544625	0.1906765422236694	-0.3269838678663928	-0.3596521017913321	1.6060371597183136	-2.1082869946628295	-0.2139184845092548	-0.3460164474138899	-1.3684138839833615	-1.5287487524322119	-0.6386972285360407	-0.05039132433370893	0.5091552346819674	-0.7155901270311716	-0.06485127292647483	0.4474455434537659	1.0353809607571989	-1.851920597781009	-1.2009389749261574	0.5607902993948957	0.930318007095129	-0.6824588521013071	-0.08744157064685308	-2.0945003884188673	0.6778936891023173	0.5334313046656267	1.1944747426980191	-1.0834160124298444	0.7593882866244793	-0.674106804923755	-0.3173514539957925	-0.9973475900447502	0.9457532576470127	1.1304769505096837	0.8644460165098784	1.1329280022474961	-1.6370617771883884	1.2822407297434282	-0.08266332606674029	-1.0104230459665373	1.041949823274898	-0.7185065088009654	1.2822454955850777	0.6641066947782358	0.7150908820160896	-0.12266700415154982	0.7505404399214922	1.607005347165678	-0.675719288940651	-0.8787413651104471	-0.5968780351505015	-0.05972701811334568	-2.636460439141775	-1.3987168658925402	1.6869676258354254	-0.7716115710912475	-0.020023423509822814	2.154535439261502	0.7688216032685713	0.4977285519541315	1.3161141035586676	-0.9185097633086091	0.321066495236872	-0.0574693553068597	0.043868519125992635	-0.3707906518068073	-0.026390677281651974	-0.11087711924702515	0.06311669768332918	-0.5066860862896545	-0.008763372666152621	-0.6961252811147287	-0.4699838598303037	-0.14502545951992196	0.1530935831894722	-0.8066161045955937	-0.4315369233194789	0.6843474022805534	-0.5749999784937424	0.28073108981142786	-0.1852296793922157	0.4065002271559005	-0.2896395659782952	0.40816959558743965	1.1037467349071375	-0.5258787566151938	-0.26664891367071847	0.2060213765399709	0.5897159775391274
DTXSID4032374	9.87390238657888	-3.855203884914004	9.566075014173835	-5.60734580982248	1.2007479190184038	0.16119195450493032	-0.6338783846817769	-0.25756528976144344	-0.1446184792178574	0.77732886705513	-2.4074894466666867	-2.4851862428393963	2.0792765474670185	-1.401692496740022	0.6816714773544159	-1.1205915067639143	-0.40323302147440104	0.23036144411702397	-1.8014745168920294	0.8451775764516853	0.060071690840738025	-0.45556297418282715	-0.6649378002799547	-0.21848304924756	1.5924138414583735	-1.3492602576619865	0.6247720472234943	-0.28335447854086737	-1.1906528713537678	0.9866718886513758	-0.6391906201964458	-0.49666435220647615	0.5113920350730705	-2.027235881464305	-0.24070797026409135	0.2883404085878688	0.7153814177308445	-0.8205164818482409	1.181855780569334	0.47022156493165324	-0.7682649464696732	-1.5261059235992491	0.29879158326683825	0.9473299126881675	-1.1731539370205333	-0.7475281075446344	0.37630941386936306	-0.4489767111821414	1.1648265260777357	0.21060202413914347	0.17057240614470448	0.1608714712214487	0.5013979707060205	-0.04155233306555666	-0.012826518788371636	0.4599197001392356	-0.07698871366310923	-0.915584085427929	1.007183810133269	-0.3042888991778407	0.1406333829653341	0.16632330211424692	0.012185180564270672	0.3556746667474729	1.4030192301755056	-0.9563103939547938	-0.4947455289699109	-0.8722676401086346	0.943314461430364	-0.016578918952182196	0.8733277016139115	-1.2315862287706534	0.4044816613361579	-0.19608751523851742	-0.8393394580387004	-1.3260836290975018	0.12354718486845241	-0.1261885385304064	-1.0371393057528984	0.6043815049191912	0.5096072438406577	-0.7071857010964708	1.0140832433839848	-0.6277280452499655	1.454293378163209	-0.5492195144487803	1.6598292468142928	-0.051375200219743324	1.5461253247799875	-0.0751879570838315	0.19791107259948168	0.3956093946961332	-1.4377913840534182	0.8830904398277324	-0.05361389345861611	0.25207040564334404	-0.15572159672552538	0.6806273389920778	0.1094941985461046	-0.12677831325535863
DTXSID5044992	-0.4996647111683007	1.5160308354801904	3.10174864941221	1.3708341000707354	3.306459276455503	-1.4588018902826971	1.1031006106739412	-1.104561123539673	-1.6402817790300912	-0.601243199957584	0.4516060588926818	0.10576272781617024	-3.1946671396446487	-1.214519334439097	0.08614384980669623	0.052431374104289476	-0.49993568612262523	0.8430054457657707	-1.453012421055287	-0.27107166653367704	-0.9107512459893133	-1.1375049135258544	-1.1990754074745356	0.7649334696650691	-1.1396781107206932	0.6516647095340012	1.5060699953207308	-0.3617236518139014	0.25266003890273303	-0.5901836619857787	-0.5089210769577427	0.5511530618555615	-0.46556569319633867	0.1971582750832726	1.3881677442738118	-0.767120920749823	-0.38705449878993736	-0.8346316360011489	-0.16538369105879436	0.015498414986526357	-0.18378702674415998	-0.4918404913563056	0.6772378243405662	0.006201584489544097	0.7766759637362611	-0.2643934080374396	0.32765902672493463	0.25217682516143847	-0.24248462224856754	0.09131113208035557	0.05516031537875431	-0.3605668761055203	0.0502164379357244	-1.1555837555890047	0.020113897410985706	-0.08992931118581454	-0.5742385664958273	-1.0519540336699709	-0.8525998601685328	-0.5554348665149462	-1.0865452901794368	-0.09870660059880246	-0.7084101940111432	0.09917785793378713	-0.145291562369489	0.20978446533851858	-0.2434098747773493	0.06088271251046943	0.666282269441928	-0.5560857948957081	0.4349129556917425	-1.0780368988915152	0.5692752283897105	1.2064970783371098	0.10906549443108923	-0.06432347334101872	0.07047603882741277	-0.13279976258049914	-0.02874359264171709	0.009511382318728912	0.03233300661355013	0.6625946917390828	0.2401525281886879	-0.4391330666719015	0.6265110635036992	0.26439293811606035	-0.2316615013422907	-0.09430184509382887	-0.594482290715989	0.09538694746752686	-0.27951216469531853	0.21840573712372013	0.4863332570425243	-0.12309171423535246	0.19637688303582104	-0.23629372843333024	0.12671885094671578	-0.07828894785484987	0.2013867149519049	-0.06307492365454331
DTXSID3045807	4.014521513458738	-1.0955384417960978	-3.3414458727009384	0.5636108960778442	0.3598600323736608	0.8139683344553542	-3.314295104084842	1.351573252116248	-0.379977019569145	-2.0399333766041736	-0.36460334970229813	0.2869922057653401	-2.6185175911082403	-1.938218611284911	-3.2670949233693096	-3.6071532682638336	-1.9853033511417066	4.116041974117301	-1.3387463505555897	-1.59628306678321	1.5823857103267314	5.088160499504434	1.988639719523614	0.1281713563252577	3.5258265992031865	-0.7625453017683248	0.9161232859757221	-2.34051066716788	-2.0351454255039862	-0.8253575582598882	3.7632285787192794	3.657973649465362	-1.3192682199959167	0.5965036598169431	-0.6565608558413144	0.9301161185024077	2.3034045274460575	-0.8904936631682082	1.7151762788331961	2.121641051951513	-1.1914245496976625	1.2709005559677378	0.004661755010542615	0.001630543065673768	-1.0808554707636906	-1.8576549487101868	1.0962919359542809	-0.2815488928472003	-2.938732596844131	-1.6833743022824756	0.763995793696119	0.34434326357939377	-1.3950662319518703	1.607950166267643	-1.45298770137737	0.3119107467432794	0.9115465871005062	-0.24988408662421596	-1.599774504024602	-1.1763923795875233	3.32243476051445	4.797483816319979	1.7340339114421772	0.9297283091627588	0.7657165553028127	0.004346639646317332	-0.8395504642489282	-1.9900760780196916	2.2554790883549414	-0.7076860498056646	-1.7575453044712877	-2.5585385982771722	-6.1502895726666775	4.405952940908303	-1.871223975171168	-1.8408727790104005	2.047052805920667	2.549249718176556	0.6161149878315116	-0.0600776005717096	0.11017004994049319	-0.4493096607285736	-0.07263060786821339	3.003316540490254	-4.549452027779435	-5.352211930558528	-1.3937585654637534	-1.6435595765545816	1.7771001472181955	-2.2219515396579377	1.4761012474454551	-1.4828800528405126	-0.08586303039869392	-1.3301389936678716	-0.0462289251785958	-0.11027877248984508	-0.7385209946018769	-1.0002682295821363	-0.2691415655160815	0.23517084290223494
DTXSID2023567	2.452805010309344	-2.4568810342467002	1.4189187994061396	-0.7967561331040509	-0.7058149845658155	0.8906463635714486	0.7241648927181398	-2.8871532970539513	0.8057074296422363	0.08714604320721882	1.731721903374641	0.31232234285432237	0.5221930443414159	-0.6503744040564743	-3.849318310852705	-0.5189556280852505	-2.0931637483649057	-0.6294149638934068	-0.5004638162650829	3.994518534782072	-2.117324194755806	1.5053786608918767	1.9995697582861518	-2.670673422224563	2.7531058779870037	-0.7739377366915984	-2.4920384821112047	0.23872186193807296	1.5191971626130936	2.857288794820204	-1.5375356267684994	-0.951570603602323	-1.393762207616848	0.25370403539678954	0.6358339668232779	-2.4356396619486276	0.07628628828090021	1.1427687379932403	3.709437011502751	0.789360238010879	-1.862419408840551	0.13039492418921475	-3.2485939930682237	1.4530210607871679	0.8543485286719273	6.008146518157777	1.870560895895112	-1.9334138692268517	-2.0529256857267937	1.332241226410784	-0.370661334913077	-1.7309411883608985	-1.281122901837197	0.21227564765224033	-0.5415834696285725	-1.1394675146286695	1.8972498303224217	-1.50450252648372	0.13621881298928865	-0.7128312422035447	-1.0132512802679676	-1.8350178473833074	0.4755855928565719	0.05730713745306922	-0.14008622360120968	-0.1574012327932689	0.06189071367003928	0.9518212883500725	0.04441054078593962	-0.4196188911967615	-0.9166812664354957	-1.2575185067892887	-0.7383658244588014	-0.4695028509540406	-0.30637025056352024	1.0526187088122785	-0.1567578309173417	-0.6206786983396159	-0.06238750090657897	-0.3718610640380723	-0.284228852718896	-0.6534972193317145	0.7078332257654412	0.5665622391911914	-0.2336906429909461	-0.7398783068400556	-0.7588911270960426	0.43410862811115153	0.5930876460066701	0.3747281527560781	-0.41555392702018945	-0.2823131371221567	0.5135586909803123	0.09165616735022794	-0.3704112646863028	-0.5582098039650778	-0.05440231588528295	0.24160005248642996	-0.17292860393054363	0.05666513597307283
DTXSID7040990	-3.0752302242670844	-2.7363487783388605	-1.0940745655652955	0.5876229364634534	-3.526350730268904	-3.5239824050253277	1.329944623697971	0.7290670596625838	0.13637598830668948	1.5186325680527493	-1.1699588364439515	5.207519647691004	0.38461267988149156	2.788677166376907	6.52172493129487	2.758361439478229	-4.455695967539889	1.6462300049051928	-0.6100559768681841	-2.483757758357451	3.742624840566639	1.7775051559816735	2.489986951872366	-3.5900296045346805	-1.8996738903774917	-3.125705178114095	-0.28676586933178205	3.996144693623123	1.2405629588792983	0.33315320938928866	-0.8489475325026251	1.0597561555975987	-0.2851322934723187	1.8015076400206131	0.5239018341788538	0.8675165666246464	-1.4103819945713418	-0.5311300215792665	0.6895931409909369	-1.3472579278307277	0.23389610068930936	-1.5855841932539982	0.07790047011589497	-1.6531383710227048	1.8737041589636785	0.5100559766242485	1.2157128460206197	-2.0799761079257175	-0.4257594065019406	2.015766445865606	1.285195962482764	0.02537182970933325	-0.002773152203877275	0.9580163118066256	-1.514827625797362	1.3627190928726647	-1.541085756052906	-1.797396181577286	0.41378874355808376	3.021217552209664	0.5032158721518651	3.742169103234141	-0.5977943218470033	3.3715870412548687	2.4619425173545024	4.626673847162274	-1.2223164361735908	4.246478311674989	2.6223783079938836	1.3659110626431508	2.4576177267001413	1.9462863113146545	-1.048404600432437	1.0215780456719188	1.3623681043236997	2.4288897920296058	0.5655766339927205	0.24349396062834908	-1.777424162641004	1.2429741156424348	-0.8511084909719167	-2.3697055686264688	-2.323336435583332	1.1739260991643314	0.6233337496567263	-1.0396974221453772	1.3364932207465743	1.797139679555858	0.29785208879066477	-0.5859906203346892	-0.3112986286680408	1.1813318167523437	0.03266155657427297	0.09872642819191155	-0.2994031926982825	-0.23347595602014273	0.10796515636434678	-0.13564332600521842	0.834073496433541	0.17896800426441536
DTXSID4045341	-0.2694072539250294	-0.07032208846985112	-1.1970212784732828	-0.9404062672378681	1.2607893533545116	0.7568187487494824	0.1732635143203942	-0.6718227630611743	0.38581292381842336	-0.8718933375092176	2.0266398585028633	0.3762840329386618	0.6370866791649724	0.6489082355835066	0.15692169392563685	-0.5317771532419086	0.17850985369426323	1.2311420184868982	-0.36258649631850404	0.1265933801098728	-0.8754139259885679	0.11898450280067349	-1.116071057333543	0.8903134890519361	0.38674741485436664	0.7146547142237203	-0.3010084080270071	-0.30311698739296766	0.3045325849500037	-0.1368764174468156	0.4327852171994193	0.17849052725113632	0.009663612059075465	0.5151358001278313	0.02752239184984688	-0.45428128593610945	1.0769834071923499	0.2271220000064732	0.20261583142642722	-0.8805270010296772	0.4462916475237495	-0.8940196828487205	-0.4945738786163594	-0.2845670789071092	0.47414929219486807	-0.4270316053566589	0.9507988944683149	-0.7173384744142909	-0.7136806908388356	1.067281144011008	-0.09198913486476412	-0.6168298104771744	-0.7833199060692574	-0.0060698682838943065	-0.629719831978377	0.2532583364030186	-0.9196896171304935	-0.7846664910015433	-0.23732365335754424	-0.28499019318899865	-0.2767778035240913	0.5391552081548435	0.11653336457328477	-0.07848954756882258	-0.3283698437484621	-0.2321822458974784	-0.13420836517596343	-0.9802960360493949	0.2392449065648582	0.02710891612548309	-0.6694950353105115	0.6797322978824314	-0.11668061249900209	0.23138194434367512	0.20284690909979755	0.2756413746262394	0.048846873463108786	-0.49425193393132616	-0.37026163855024224	0.17640974998601203	0.25405073822033575	0.077931796452237	0.4372056344723136	-0.38413783011255836	-1.0470544113612983	-0.7449137794141802	-0.1555963653984753	0.8539955006339077	-0.47940318247984987	-0.28984731720893714	0.145019638155833	-0.3444478010506692	0.412416457050032	0.4461069367434284	-0.6720368490907501	-0.6566169816497909	-0.13758015763205833	-0.04868796052273789	0.019260177222339844	0.37230599199534753
DTXSID8045486	5.4140582854606105	-3.490044066462596	-3.3778639599885922	1.7771570521370328	-4.438823480884475	-0.6189119034578783	3.2179924298736666	2.6605139112895233	-0.2756893544765732	-3.6412896655425797	-3.3644778044595998	-1.7123076247505542	-0.5967517534882886	-4.061806744485544	-3.165732199948711	-4.377339349218933	-1.0560580453145436	3.4103402352963945	0.6240764533798743	-2.5393879681728193	2.091915869076558	5.846999158823086	1.7494732355545923	-2.7272177039915064	6.343577843277421	0.34913103375531457	2.209162467208128	-4.11633839288347	-1.8590585154988022	-0.44492760658811437	1.1669833055189238	3.5385327222310985	-2.1053377759205447	-1.4031749203865902	0.5212812704732526	-1.2028461887680877	1.779055037367715	0.03251165136683708	0.7843449892228154	0.059703625802876324	1.8585461264126288	1.247746523629847	-1.9553252054438033	1.9241995747773224	-0.317895936679735	1.0916386936182643	-0.8695166787145755	3.6888500820052688	-1.1642721673208156	-0.23573238688936954	2.8077071301370293	-2.404619227982556	-1.0568913565305982	1.2335580348065545	-1.4140306291175972	0.5043102398405879	0.3394438580565487	2.3448626373229615	-2.8038612903684803	0.8537581557507207	-0.15063713835209	3.9816832607220873	-1.6705178587767393	1.2740899039168065	2.210520782058275	1.2442816156369345	-1.26483830133978	-1.7850529744706067	2.458788418756265	0.9199781243910692	0.17221291833765814	-1.7008864477544248	-4.920424434552341	4.055651403567358	-5.996244768536867	-0.7743725426522049	2.7066503805390445	2.7015380616860947	4.159123673848502	-1.2179138676336159	-0.683516582645666	2.385277048858402	0.6615833373480353	3.75792920677372	-5.215055750837599	-3.2570472271885595	-0.8755550666283965	-1.3902812773936537	0.2899715750463317	-0.6931159675384961	1.511534866007561	-1.8674186559279828	-0.5670450797366914	-1.2767510163921931	0.3563615052349115	0.7117752762142316	-0.5896729566053243	-1.9591497371112494	-0.9019307053956281	-0.6098887596573218
DTXSID2046701	16.312893170369794	7.78429286111802	-1.8038045646907293	-0.6021012173058196	0.9941283953713456	-0.07365020378248761	-0.4618329024863794	1.2125571771824968	1.0840906363314835	1.592710126390433	0.8725727274523609	0.6918154999948889	0.7659967835990136	1.6625674745852945	0.44297159028419225	-1.4350214803575945	-1.2041503063369603	0.22037545235392172	-2.6067242268963287	-1.7320021228550506	-0.17712333412793868	-1.4789305293588106	-2.414669241054048	1.673052326479049	0.035562198863561614	1.148382560446972	-1.014840335515268	-0.024381886873815716	1.0495714698297978	-0.9762517537557871	0.45149664302831743	0.006632010954170031	-0.5914995922117773	1.5580160685978663	0.007668734299452377	-0.6316171110833882	1.8430106500274805	-0.8737680840275277	1.37807774560976	0.21791725226555939	-0.3922666195749618	-0.24002260385132826	0.48782542036828	-0.31863756907390356	0.10355499370253551	-2.0915698022853753	-0.6692861451344952	0.05400000392900467	-0.5077586035214519	0.4061559476142402	0.1388783944556701	0.4576710340236854	-0.5095955542060358	-0.8776314633168406	-2.6469926804588177	0.2826484884225602	2.1616263881293816	-0.8429396298590793	-0.1942740446867766	0.8459085973670136	-1.6730480373843781	-1.452739715485954	0.4377176458940474	-1.7976228763199928	-0.9374115971070184	-0.588713321315979	-0.4802412560989919	-0.03220942027370287	-0.6592495307062847	-1.8905345544596597	-1.3036677465286803	-0.18371733356374267	1.216027492973215	2.7060264166977075	1.2404817669029324	0.27398231988644395	1.1563310811793346	0.7734580229255305	-0.10605093805892585	0.32955437881105837	-1.4873899891328328	-0.895866710750573	-0.3125619336153297	1.3899626332979806	-0.2415624491986448	-2.425274551632949	-0.02741311187164109	-1.5791134644808968	0.2888776119649218	2.0657126470019564	0.8546698617451134	2.223573926621171	-0.28848535914048057	1.161974225246534	0.02169091379972964	-2.351071364929539	0.698793802585471	0.2726359745350714	-0.7380585017884793	-0.10974804009417971
DTXSID2026781	-7.261420038906656	4.397437830034211	-2.0058112412714713	1.2552345193934915	0.9154323195783197	-0.6877470111842612	0.42731216919851717	-0.138034057875788	-0.36815267463707535	-0.3978834266998826	-0.4353412687510174	1.5013518825506988	0.7549404053848826	0.05490489687472378	-0.3345993130038768	0.19660439881289116	-0.18522045975977963	0.4920279316705878	-0.2632250249167805	-0.30598594494760223	-0.883350100205873	0.42594741047034096	0.018664037920345312	0.5835649252926922	-1.3836891206717137	0.17019036612455468	-0.323482106563242	-0.96381611662315	-0.24575550419036812	-0.21877115586890278	1.0497645125923978	-0.16268998243918098	-0.4640653382957376	-0.2226486112284313	0.6062218279316297	0.5238312332126039	0.26295882969143336	0.5442254408438073	-0.06357310966942176	-0.9469352674524352	0.35093419521473357	-0.4480183720751369	-0.19001361948837078	-0.3032166284979643	0.5311041664447294	0.03746604069565405	-0.6019486960076597	0.9970983647118622	0.6365783751040648	-0.28570060758374455	-0.43966415735614983	-0.3032321168347447	-0.20746213484247014	-0.7901104410104776	-0.8608236403994314	-0.7080522730156577	-0.1519374253836786	-0.36846670957498046	-0.2145143127850622	-0.08955173049161036	-0.5025530060547705	-0.4951837255899905	-0.08871808949595111	0.26414406154361353	1.0926040517746982	0.4912680345586641	0.12883191600185	-0.10295282311426396	0.7042928488130392	1.0624353405011062	-0.6757223314214665	-0.9062499168335628	0.7268990622152273	-0.21572014741581064	-0.6184642146742168	0.37662551451925363	0.35716317528795344	-0.3302689281343801	-0.43316303907180814	-0.2379742991089425	-0.2806197586547081	-0.20685884646301542	0.6902475733245939	0.11673319374320783	-0.18142602013943457	-0.21350528392552567	0.008685564673317853	0.11352584317055814	-0.4445233022328054	-0.19711832013432878	0.46015008985687966	0.5855003786930763	0.34026064587926785	0.10778939685107136	-0.08273477678666699	0.7391441763381411	0.3215733489158662	0.1409127805184239	-0.18123051297421836	0.11358817766813117
DTXSID5057755	-3.904796358233048	-0.05850667956519291	-1.6609477151560954	-0.299449745966289	-1.1515209533317516	1.0859108990456077	0.27921892841890683	-0.35431990139949215	-0.8503420583187655	-0.43572334974798843	0.41338953466856876	-0.8328514083162217	1.2275667434440305	0.16338188557237618	0.17546771471575065	-0.45721612398925987	0.2262076397592217	0.5830700044600741	-0.16609681651160763	-0.7142328482544391	-0.1353069861092882	-0.48862288771338136	-1.1690220848505972	0.2354634843426282	0.18375385352932194	0.03992336778590454	-0.019999600298011313	0.08901792753897675	-0.8027858132950058	0.8278900500891959	0.6611882106733409	-0.3195244567673495	0.18562988005813721	0.7368593463221361	-0.5385274090173718	0.31997278626595443	0.8661413876869251	1.1062723367765825	0.03724856262002825	0.1952013879004238	-0.23653282375836102	0.30903067812404234	-0.8112746697593137	-0.25587227911606564	-0.44090589047130135	-0.2675893109172208	0.5423580821699543	-0.8239495846110992	0.04036086904282506	-0.1829827932940128	-0.15394380491098297	-0.9003052074834229	-1.210931343607266	0.815559230545245	-0.740598661310927	0.5701152850949285	-1.3808401548110503	-0.08491285687448062	-0.17683768797588553	-1.1143101154430486	0.5421149038912638	0.023191149399179434	0.19029839086425374	0.3334261602810905	-0.7279913670599802	0.26374334843023955	0.17855585932972473	-0.5682689996276866	-0.02226756877102748	0.3155842535437858	-0.03187941002461118	0.09786002336415363	-0.15840335659098911	0.5046441254888148	-0.11115135406724715	0.4559302922393685	-0.5334838168335135	0.22026903842144227	-0.729569324082367	-0.05959466664935772	-0.5695209510796784	-0.9497567687017545	-0.3725525858581981	-0.25453624756094206	0.22524750409843639	-0.38864621536518273	-0.2054707939754242	0.18225050272466373	0.44932266499116397	-0.41471620399599013	0.6276971817478024	0.12141338417878388	0.0809288610453676	0.6694802875826796	-0.43118196393810526	-0.16550184267659063	-0.14142408137723142	0.22345264108138024	0.689365515640496	0.3589858529072374
DTXSID4040476	1.9810440697760436	-1.8023766046734688	3.161614032308613	-4.048237278978192	0.44024003389107047	-0.33536354609691005	2.3130162370732283	0.8172739601032856	1.3573976975691058	-1.965486912213637	0.25133714636563526	0.1702536101932316	1.6560358055671474	-1.2945925572031656	-0.7747057711862687	-0.26864138659841286	0.15573377965342847	0.4051895081876644	-0.11529223103523209	0.7465020416289536	0.1008383365991933	-0.3719437427080373	0.31546563330595867	-0.8808649556913848	-0.5662872925863865	0.15813071204112303	0.5175440993907701	-0.7966813091381951	-0.39251353382384024	0.36765732768967785	-0.2554706619295481	-0.13882143034711308	-0.20601870269409883	-0.18190056740355953	-0.17797019655556262	0.21667927485013844	0.3997332676990006	1.016962151351557e-05	-0.3136450653188572	-1.00871669738817	0.27646254045404367	-0.23793106110931642	0.12637695450394693	0.01926809980794068	0.015387543205326107	0.0611338780762898	0.29640148554559287	0.24801078344536706	-0.028941333247045446	0.02066029817770749	-0.635614524504156	-0.19307829422474912	-0.32691267889871756	-0.874385425775	0.7842917991689524	0.49500938598798677	0.1532560844319065	-1.2933781855522481	0.3902274834796295	0.20484740641599133	0.17455132797633027	0.3150525087442308	0.10155086394620887	-0.1510788017405203	-0.7803079181037286	-0.816539164699596	-0.6123867044189607	-0.2153780759731072	-0.06082640368801707	-0.2463537963827295	0.11511795823911665	-0.6671627025128184	-0.3148696129548807	1.1339789073163846	0.6390575829484257	-0.4065057392239082	-0.8231237104963026	-0.3755403593770646	0.21584964469431744	0.4193985520003201	-1.196452319375172	0.16357589342566906	0.4207264385396238	0.22294217660179919	0.20835237771899448	0.08978436958635506	0.5218362462535192	-0.11765183758467139	1.1878376080988666	-0.7989881929964258	-0.4548804400946594	0.4218584567004657	0.03808102616360197	-0.3886888731453687	0.3944369479409275	0.17630631047365963	-0.29172826495468673	0.3886522883399661	0.20290863535203732	0.44023690194705617
DTXSID4049038	-6.641728202732169	-1.704209275861174	-2.9276745222130973	3.5131672079478276	-3.6706647082268096	-0.004222659415972524	0.08697099345125545	7.313646474559892	0.5904352451646273	-3.411264043644737	-2.100176130117868	2.5924317455552486	-0.021598252908743593	1.2916836560950922	2.267687209990289	0.6585621241181536	-0.4581565508058679	4.64230551541243	3.2528103602262366	0.5447793293930694	-6.623107352167867	-5.951765339618888	5.849055186864551	3.7908195961348046	6.2411053629690905	-2.4705388753239315	0.24957926499009866	0.5305047334946832	-0.39682938534503354	0.895478467755796	-1.1378898615599322	-0.12561539082646592	0.015706022594129284	-0.5868908344800224	-0.3270951811911098	-1.4777232143255952	-0.13049475949855932	-0.0020428840947104006	1.0093390912200413	0.14597272662276362	0.3028341300817455	0.5683283968793289	0.719401870964984	0.3066650327846493	-0.3045629929529241	-1.0111971203526708	-0.746972306498011	1.995769766334671	1.6797030288944377	0.1873281865596786	-0.3159339436523815	0.2993662046074466	0.5485363325024063	0.20934859720653493	0.7936552247883534	-0.667190947927629	0.08104777592194495	0.14181842954357396	-0.4197920184635782	0.4100552836197124	0.6624432053665483	0.001207685531493135	0.3443578749179481	-0.9571673719343299	-1.0247265788269557	-1.222454754962161	-0.7419666702434008	0.7098801108439137	-0.05699807602884584	0.30973827945120447	1.135120056068773	-0.5218553087182622	0.08822889137850612	0.4235388338158	0.5237374716703199	-0.35433200750767646	0.533041279879949	0.7636855540141628	-0.21147255429452602	-0.3930981307541534	-0.7556044948207624	-0.6438842139389104	-0.7396402782180344	0.656023325547215	-0.2951449047145836	0.11723628320561441	0.7502861495237497	0.37942063411792104	-0.2134311162322419	-0.0970709092012294	0.3292016816219918	-0.08271222136518402	-0.1054688195206206	0.2712055618175586	0.924065186388534	-0.27897977970953136	-0.2971601180871711	0.5852593335701318	0.5440929804570458	-0.28318310016905246
DTXSID8024997	-5.438662160716471	-0.8610296096289215	-2.134704211328374	0.7992957004666419	-2.5087770952756823	-0.8833768342771959	-0.5346641022699776	-1.4472191421486753	3.327491673551795	3.0965265199692373	-3.78257280706222	-2.7741549088911808	-0.15195641590399417	0.5248745560009057	1.0803734584857925	0.4589594896425094	1.2603799210087394	1.0488584374587384	-0.3145789204499379	1.1550581355212612	0.14886141030551756	0.5635303789433194	-0.006567105980671946	0.21319125215268986	-0.8045988614721558	0.7030537161343973	0.0687727813143072	-0.2826504299973877	0.15969704947285276	-0.18420302099396044	0.5300745430280799	0.33090908143343023	-0.09482391408223727	-0.18384774490381503	-0.06313771373183423	0.06448343158383148	-0.16597198228955637	-0.03485368131015797	0.3038039702758209	-0.23852192387283455	0.43657710725619364	-0.00482674167871991	-0.20166009755045783	0.06556964098248148	0.26319771374122064	-0.06728014431782035	0.2628692857697967	0.033247370703727526	0.2526940897788583	0.009594154993613099	-0.5042116020795157	0.03441522218161378	0.09190231180532506	0.8275507000548659	0.3755640601635219	-0.3101292902256365	0.45989868789553295	-0.014210946451566701	-0.26402907854064045	0.07312441525208588	0.2235550951460575	-0.2352762404826008	-0.005342058186003497	-0.6456248140225802	0.2527966089633939	-0.1807073995811373	0.1417032434545608	-0.13770791950474706	0.11299389543439961	-0.33827699769455327	0.16547213360201599	-0.3772485337468415	-0.21872002009474212	0.2114067296245015	0.06990812279424632	0.6103161239609135	0.3363718253329843	0.04107950013169382	-0.21800886558153967	0.2390622696784177	0.07298754282743866	-0.2877083468461582	-0.20121599803725917	0.05006884867751272	-0.13267375347225902	-0.03955227172871763	0.31947122746516043	0.2110502138309587	-0.3235693086654126	0.25295094060693624	-0.03440766766871708	-0.3735786881584998	0.011244915832043737	-0.09619500825066281	0.26329717319676865	-0.2818376029880671	0.37897437097837033	-0.4250783563254682	0.06965761157771198	-0.9137675196574893
DTXSID3026304	-7.408016257959354	1.5438787497021675	1.0125241896692496	0.942638048382289	-0.6671818608619385	2.2040545771747047	-0.5701766707134737	1.898654550612871	0.6286481905192179	0.11081468285240549	-0.6130076110995608	1.5390073941951279	0.41822090851694205	0.9125418574469821	-0.29001580292217577	-0.6500209918657096	-1.3476390437286603	0.3992496378970047	0.7732032704213382	0.13544871125478836	-0.7260161521529775	0.5221129695413602	-0.4075414104517142	0.36928724776869953	-0.20061627043952227	-0.1450666117304422	0.32590426190150007	-0.4573952403404045	0.06042290904740449	-0.2092995913343928	-0.3192675172964778	-0.23687441589183117	-0.17264692475768906	-0.21647797828241494	-0.4542574562241408	0.22421520196455383	-0.46517972241747124	0.11279941494236745	-0.30125433223046316	0.2409131648638462	-0.2557630686458468	-0.5785373604142139	-0.009715513393354658	0.5615731741404535	0.3991957598929972	0.18662430641025357	-0.2260623876363459	0.07793601355883127	0.49825009931258485	-0.12311898537118007	0.16932626526481112	0.2896015696043836	0.33867026088011387	0.41902507351465546	-0.08965789555738184	-0.24708851313981858	-0.22868377712250668	-0.18251196527436866	0.0016682590176065745	0.2586870398698452	-0.01497303826945147	0.15239892510931105	0.04483928984531848	-0.01768952445468281	-0.17624614087279605	-0.4897221024174078	-0.15807888753709154	0.04189176290384277	-0.18261312691698472	0.1507858646550054	0.00999304472885695	0.1711898732013377	0.05446476327583809	0.051863545657580605	0.09739019862128147	-0.13952522351506566	0.1409486624530067	0.09372653998602969	-0.26361630670462777	-0.21796967198634887	-0.133141474106314	-0.12541631210621887	-0.003377945925847857	0.16765000672438124	-0.11219317712417243	-0.1254437890790612	0.27809377615018616	-0.024917666718964747	0.11851603193329727	0.037119082160246265	0.09780635610827895	0.06600468334538746	-0.06494490271983534	0.19215671010211954	-0.21443013174596504	0.09674246047675747	-0.12532329784943164	-0.24629888878123538	0.025036269486926985	-0.01885315495303671
DTXSID0045753	1.0213723225366453	-0.8911925449282887	-1.764688281884591	3.8081414682226873	0.5014514026031278	0.8784357765197003	-0.14576254007826803	1.7265072619251793	0.07007171150709579	-2.104554516840438	0.9323941115712767	1.1972406390478623	1.041382317916247	0.4971405665988763	0.2128295640756665	1.324076903555588	0.33777975620549694	0.06327225618129811	-1.2735165089080618	-3.1997835668097014	-0.8221262600307399	1.7969447619121186	0.2791695178053502	0.8925635885885178	-1.400705795462444	-1.6337169400157951	-0.13844119469408106	-1.1637502706533545	-1.7958124073055015	1.814656728421254	-0.2243043832206605	-1.733618973939389	2.5983917613045904	-0.09853302714684745	0.6754762171891933	-1.9091496317836025	2.013433677226667	0.4734136778985434	-0.3035304158716934	-1.0894682318432085	0.4297932585047696	0.06393257921090631	-1.3101256568387443	1.5280653906664257	-1.6278930456453777	-0.6851897625015062	1.8295535428466079	-0.504866701911831	1.134055290756096	0.10104291795535186	0.036473873369816	1.6149971109492436	-1.2428570718180263	-2.2024516426381395	1.3991724146634188	1.2099344245698431	-0.2541745191546608	-1.2155975191143793	-1.0543047832036503	-1.0116593537402576	0.6392336007926014	-2.0261615692243566	-1.2428075528008613	-0.22678923895499717	0.4011808524988002	0.46245690504034176	1.5317582007849528	-0.2040220380071741	0.0056358699978476725	-0.6426533840279319	0.05401331159837934	-0.4179135144004491	-0.21847562989687058	0.7264241801893592	0.10498854291863667	0.8012996895761333	0.06611655024364783	-0.5978118366992695	-1.2085795493514742	-0.7623824829388471	0.5360107625696932	-0.28268680570347854	0.013957029715040464	-0.03614958167359096	-1.0518854292063435	-1.146490778757707	-0.4846042239566366	0.5399292174804518	-0.20275751183651144	-0.005830846938437518	0.6218305215423164	0.3464606846312883	0.43421267094160904	0.13019051557268052	-0.10199928346364444	-0.7383623985264436	-0.22803067226819673	0.1941763768353381	0.7214535192562779	1.0305404900649398
DTXSID2046462	26.366770090542964	-3.6081325125766157	-7.857065082318288	18.738331534152607	3.126359310905468	-4.177973552303155	-2.2400469298684347	11.210602072954352	-1.8631650736772187	-3.4290346877009714	-3.0080033099415058	4.805750096080024	1.094021469779315	0.2317247552105622	-4.249117137775103	5.042974120710563	0.2368188942614956	-3.64970391541603	-2.0338629731746103	-4.194316687594631	-6.518630883541625	7.096748298572774	3.4200658484908417	2.6640569849767735	-3.0505207221855377	1.0742138838152295	-6.660148868237746	-8.473581524731513	-2.9322446634575474	0.988947894868723	-0.26995436387828614	-4.021147590815607	1.8781157469990544	-1.7380289800793352	1.3900917688522296	-1.321090946935609	0.8760560444281806	-0.30952784895985813	2.7746962372848913	-2.4003470073755735	1.893335342809502	-0.49542230266874443	-0.2099454900259573	-1.272460576601495	0.13527605796972272	1.8598618782523921	-6.166029906547649	3.957976678080129	4.587638860725171	0.6172809312492853	-2.9503551416893803	0.30213198651171064	-1.1635351170315427	0.834850332291228	-3.117523638961469	-4.657340775116317	-4.594231770099538	-0.5039375264294469	0.20739634436028292	0.6421302743265004	-3.0325855108980884	0.043074479757214394	-1.2401618945712762	-4.416558963689026	1.6350996601709578	1.5626060636148826	3.883497708511898	-0.5253790381556738	3.387418472189161	1.2680901184400908	1.3365774417211518	-0.718184324603935	1.2138119700810952	-0.3731665058614179	-5.860059617795565	-0.118674354204538	-1.4107730212823295	-2.1560993878671066	-1.0599495279939226	1.421011345556411	0.32977467895556944	-2.653069965374188	-6.272614161482441	-0.71083746463948	-0.5963158573400394	-2.6371689522401818	-3.7923122004435563	2.068979613488376	-0.735257542975759	-0.03764637468070698	1.419231257949262	-0.2095121553076645	-0.6162729575915682	1.5367498011560403	0.05606645562230353	0.33035839997760635	-0.22734263502203408	2.5457084167855193	-2.1509304230418564	0.3794029355162212
DTXSID5025732	-4.557450803951648	-0.6890921948932482	-2.67161746270199	5.370545490298716	-3.448300759466142	2.183700801175029	0.21767717051914467	-0.17586179101782348	5.9311373329932175	0.9105450463638767	-4.969130987981683	-2.7397303725441464	-0.03413770465692529	0.33981359568961866	1.8833295109913435	1.1023696989674587	0.4879027111995692	0.5263553596429155	-2.2735756816902826	-0.14976961189874682	-0.3258398923694602	1.0243425073576626	0.2630712224813565	0.028599128497221363	-1.268412304113786	-0.9419591272046792	0.33345769185106244	-0.5503555108834437	-1.9076415448821407	0.6947077368994331	-0.4833357621712271	-0.7980302210944262	1.7383116391782765	0.04242851400433766	-0.018590472809242246	-2.029541169114865	1.6834247331264385	0.8549321004434471	-0.2002280976967861	-1.0432312046322756	-0.24072989261878816	0.45977533449708935	-1.2951618275864722	1.4033089223245079	-1.8170146706532517	-0.7059934688732172	2.7596441040191864	-0.26735583829236276	0.297002984503323	0.8244400115008644	0.9152210546189977	2.39355881153766	-1.452580513008728	-1.1526363288803454	2.2164596309585978	1.6025621795130471	1.1794907723772168	-0.9406438579335511	-0.5332989494893686	-1.2714234291612547	1.6207228911267755	-1.9696007931453627	-1.3167461984413251	0.28882773303216147	0.0751661299431707	0.48306189288683415	0.30093907980072143	-0.5114764349015628	-0.3418207792395084	-1.3500417497967474	0.07006100462474796	-0.17296690883936017	-0.22392963131166585	0.8202421115316518	0.3279420900936213	0.5513134626063337	-0.2863794515008195	-0.3606466844575208	0.08791127755440509	-0.3024933738260217	0.6409915812289346	0.3753828032849164	0.015723616778297294	-0.4431715031195908	-0.34767136474196764	-0.1732337247335462	0.586541990507219	0.09778648174982324	0.30434622086952134	-0.4077870359398661	0.15772551243538674	0.30131025874327955	0.1129069963062513	0.13353098493757687	-0.040552260979214556	-0.2751526227329801	-0.21342785241696355	-0.05834626571134154	0.1188905003882153	0.29392414561749136
DTXSID9021182	6.775916912704943	2.736574230125591	-1.3495830582321364	0.5403717911245027	-2.046139073722553	2.7667653435422683	7.91546429775817	0.7476350395938827	-2.1409925298532118	3.694025431181809	-1.4330157934145793	1.6455916934278882	1.2965537527103816	-0.34360026938502414	0.3579421271135598	-0.21336137549940412	-2.131957488578065	0.5963653452541231	1.7819739131805905	1.569512938363605	1.0517710404723366	-1.355717553299985	-0.5608450739621029	-1.027912580558416	-0.02156163977102713	-2.233481174167264	0.5767474954369713	0.4870884221607845	-0.5819705473353189	0.07925105729940031	0.428026017896138	0.5465983983048633	-1.20082463350057	0.8052164198749959	-0.21657555386720206	0.1466714354632796	0.4685268009510934	1.7036861983107736	-0.864621210911084	0.8302384083859664	-0.41098745778802703	0.11474793026090954	-0.8412465823323457	0.11930283705488207	-0.25191171090146125	-0.438736946562339	-0.07718448164774597	-0.7654377495678931	0.375379540562133	1.2646861058546828	-0.624318736594319	-1.5679273761803978	-1.3637176975673477	0.9624060088301297	0.7466617027937814	1.101725215559342	-0.09227894214740011	0.05049268942283822	-0.3752388255825395	-1.6643731372001738	1.1138275959964958	-0.773960156724491	-0.6032254885555366	-0.4732770774446102	-1.420860932745283	-1.9489586139332635	0.5559556635456759	-1.6735898736884558	-0.4995915614688116	-1.4115081706780357	0.26196622544547227	-2.0668310341165403	-1.5380372087025214	-1.3805288130438849	0.004914341129450585	-0.5985006136867467	-1.5429502274243847	0.7218571280148207	-0.41900593741348624	-2.103861991460595	1.9121975013627586	-1.4557137955218216	2.0262774139522524	-4.646972792741081	-1.2776933786766875	2.0654629265373634	-0.36620220522726155	-2.1192306428772496	0.8428989134922351	-1.280301406380975	0.8586399187673066	-1.440586781179779	1.4779903922013482	0.696420728390543	0.671690075710313	3.841815946615326	-1.0430621158921658	0.9210888708372897	0.6342206975527638	0.5754395274380874
DTXSID0041484	-5.406854288848551	2.930001909674845	-3.1406173600249567	0.6279672256955452	1.1778919059241781	0.5786519298654221	0.94732645302913	-1.9375607201863547	1.3298877734362535	-0.3196201038956822	1.0885506124397049	0.6190236753088784	1.2392922466572431	1.0551290570339056	0.6585532185179924	-0.521994934625838	-0.30502788575852113	0.6620104826982532	0.5617920594434411	0.6633084626909506	-0.6222508061716363	0.9605936658255435	-0.5639799821175071	-0.2847293748867191	0.9658063135201199	0.06507185653744336	0.3684241034800515	0.10567927652161058	-0.5544664948293493	0.03647588934086213	0.2940616436763877	0.5226104983566865	0.5414755889920514	0.12744061681251934	-0.26005097621433226	-0.5957122572368455	0.41028121595422984	0.4459883777839142	0.15066016589820236	-0.4166797097304101	-0.016377534978941944	-0.48242663360270654	-0.17115013852523217	-0.25134005920545044	0.43310078574747396	-0.4513075236706232	-0.10722410840946914	0.23685246269045576	0.2597778071339724	0.10693125644703522	-0.12605555272115643	-0.44620148294685197	-0.10049065001954235	-0.5901124589947401	-0.10378820116046057	-0.30713193782648573	-0.5305281726761782	-0.1341309814156772	0.0131855795962654	0.4676781405397701	0.5668893148377239	-0.05238820294005419	0.09165225004166953	-0.5427813547675181	-0.2167753444666915	-0.5819594001359941	-0.26937143297539823	-0.300800786556867	0.17713380276312268	0.6186971203812714	-0.2553302527493884	0.059115479947149954	0.11351811717220874	0.1605614021209924	0.04237497024993623	0.16307213833387882	-0.2646404504786512	0.30254019830877527	-0.18181958623972638	-0.20719989543653203	0.5811090010831053	-0.5854066076191645	0.13566154119346205	0.09334792261434517	0.2908577977593684	0.19089228397597163	0.20382962614218655	-0.047983363242862495	-0.0546737424294926	-0.006571701411987605	0.33972524659253095	0.5511051678163467	-0.5715231650965636	0.035391488699764606	-0.19404020722915571	-0.13134084199407806	0.014525313605637052	-0.18185855703504267	0.3112815108258888	-0.10909220977201095
DTXSID8032673	3.6294868769531945	-5.4573909472120095	-3.218914043139662	2.2398584743440786	1.6026280982856054	-2.475298373551572	-0.08073109632447979	1.6177156128037697	0.7137400858331688	-2.884033275905795	2.170451840351712	-1.6416230873445912	1.4954386696865265	2.9297136261760532	-0.4028763734047206	0.7865783214208544	2.001563649784044	-3.1077392276259936	3.2312258208929117	1.5005888818836102	1.5097277535184617	-0.29067414203929903	2.304253438511928	-0.9799503054658191	0.24660267138907316	-0.12258220836027604	1.917462790029682	3.8972582929690227	1.4837131561604457	-2.7729891572083467	1.9636535213374147	1.1636975059275847	-2.686235982131791	1.908298172613232	3.170145296680832	1.4214725622922901	5.877639973692858	-2.537225841480201	-2.1297476818600396	-2.0819220393918103	-0.7440307034734387	-1.4488252945233129	1.013412578202865	5.748651692134574	-1.3927469111699475	0.22457761786838726	-0.8393460912554459	-0.03384765257517137	2.10365076597365	-2.1257605205995564	1.1834510890842358	-0.1377861706883534	-3.4764415743053174	2.8866142473966976	4.0576066992401065	-2.1432721770404686	2.583750274050708	-1.1673471843871248	0.21725121029382563	-0.6788935297427067	1.297312736585554	2.0278970038684436	0.8375051821300059	-0.4120936855218709	0.8970175580469564	-0.7459010643281115	-0.5759115560647899	-0.3798543673392989	-1.6223071206399533	0.6348426828287252	-0.8858552120801544	0.025334391251184623	-0.08437420897242308	-0.38504406491776294	-0.8874728341689807	-0.3121661256701429	1.5459357630162005	-2.1104597135966046	-0.48509054920216094	0.7642636402256814	-0.5125901575552723	-2.5106929948614223	-0.24687486710595197	-0.9564322080485513	1.7970942956935356	0.7655493710363558	0.8032823004737222	-1.0551211933323676	0.3679518516359134	-0.003574219750442179	0.7530008939779687	0.5516276130744984	-0.5918792973557591	0.3976946903269595	-1.3375939078280545	1.0190618186742337	0.20321583422896713	-0.31454468287778553	0.8332643732910292	0.025156415784043464
DTXSID8021644	-2.8561912002303207	0.7329696735862783	-2.5373778257844224	4.52814648130619	5.745898387941656	-0.1628350649933554	-0.7457555508846906	-1.7246454789562524	-1.2279193322288686	-5.903339766398228	-3.8890108513923614	-3.4201016511345688	0.021470360488101452	8.122017522611246	-0.9942725519571732	-0.9877529581915185	-1.52048511540062	-0.2415689479963302	3.935622318064457	1.3642798929508984	1.1084082541205114	-1.4341546256183453	0.904103500794227	-2.2393856352518537	-0.946679041534058	-0.15445566986756207	-0.07462161248010694	1.3801126062041373	-0.12000539430257874	-1.9507447394323059	1.6704450192916407	-0.4627616628542174	-1.7142689465003123	0.8899025642814228	-0.12068809995134067	1.6076891154143527	-0.09585896733241732	2.334539151058054	-1.285586116237867	0.7181852510530832	0.5373872756019319	1.735224135863549	-0.8278491316708282	-1.7126570930616902	0.36641168897996296	-0.38994745084420757	-0.4929745424287996	-1.0802402298910558	-0.41769882741167946	-0.301591876271658	-1.6280579533029593	-0.3165593300660611	-0.5046729873844885	-1.2753733054339638	-1.0139152464595313	1.1788908370481879	0.29977014610111125	0.016627378430596442	-1.5615793139298013	0.015140326821360128	-0.04683623046247117	-2.097605692407318	0.2950551602311976	0.626878375496578	0.8007417819077041	1.0144976700603419	-0.48535771600034266	-0.1654207503519304	0.7494304802801003	0.01175566246890275	-0.8397200568677913	-0.5281848345219696	-0.15899646644324414	-0.41758548253187805	-0.8392096266353991	1.1344488340427692	0.7404342901486081	0.09536783661014055	0.09101882382360496	-0.47901593106531787	-0.11330427555003052	0.7571116918912105	0.7864037138060658	-0.387655973603547	0.35632200451462204	0.47452353954853893	0.16842379039783273	0.3374591974123798	-0.5441471777634477	-0.19979616289771213	0.31022818265115376	0.4598491860316236	0.4772760242773521	0.5116115147257142	0.4880108106897885	0.19792737866829335	0.34472230562165457	-0.6666715344988808	0.5566763512446357	0.5087374700569344
DTXSID9032406	-4.309836738144156	0.423105138987006	-5.7051158639821455	5.2272540962450345	-0.18361417970652044	1.2849567626215153	-0.5925215291570823	1.0104616109375824	0.4715437185468052	-2.207787200397234	-0.9123265164516297	1.3513031121142358	0.27739631649751634	0.2720638169444174	0.4807533361446723	1.409749532512283	-0.06005958600149653	-0.9857468385209913	-1.4925436119651059	-2.160732281996205	-0.2950130414488598	1.087717316106569	1.1394008825177877	0.5328007534832401	-0.5656663159244064	-3.2292164514133646	3.3003902842216917	-3.6275416828243556	1.635189732060272	1.8428793346298766	-1.8748169531084367	0.0036305377243314478	0.9370083636361783	-1.5841591343529922	-2.238315320260278	-1.8953075033779243	3.9594363017920093	1.4891206678046693	0.6718424717234289	-0.406143025671731	-1.2750825422744236	0.5559693587760034	-0.4010859971773622	2.2057823364728035	-1.6824230429644	-1.1863290599447525	2.1468530905283147	-0.5580630788707049	1.8768740405176136	-0.14332218507330877	0.17648605657159377	1.9366994746681663	0.28118556266311956	0.5412479548009417	1.7652125989099514	2.656060706916872	1.8217117989614737	-2.5183078458143653	-2.105595248442919	0.33003860477021907	2.144201165780659	-3.67977293236219	0.46382390968154	2.293113448099749	-1.3687180438947502	-0.046146997988453474	3.0061457769836286	-0.1000272524916219	2.807526243821027	1.594918298459001	-1.962080575308574	0.512626176011855	-0.42855995380020256	0.307130176014774	-0.2707731526589346	0.9030865486629288	-1.1252924499695314	-0.6407711029949701	0.7303527254016562	0.4044313942608411	1.4224023843794584	0.46983588799966014	-0.9818756527093407	-0.6941310786294073	-0.8567710338602106	0.5967968635328299	0.9717330612183593	0.9218630766273109	-0.5687576354803417	-0.17716053269073237	1.5086015546915355	0.23231264287552042	-1.0180379942999314	0.6525280991836382	1.1948570530738551	0.004653309537004841	-1.1799830373221896	0.08716807141104685	-1.4136114243155562	-1.011309077646738
DTXSID8034324	0.4163590279779485	-1.8794038695746154	-1.896776597223541	-1.3929912031230738	0.3716592763294963	-2.5199183193401646	-0.46367490263959704	-0.5784892559798598	2.279479377009178	0.41159875858975237	0.5664226679781579	0.5823229191041478	0.9273553939275774	1.6249729359326472	2.802840643178849	0.5978615083540489	-3.2124416986151707	-0.5388541318302652	-2.461029937191228	-3.8137851426904534	0.747803588644363	1.5155921149572946	1.221168456732016	-2.0323651102255735	0.1496885487624554	-1.5461985308018347	-2.068653516591102	2.2796802818784787	1.6607499343438323	0.3833606999256641	0.28942043787449095	0.07243939023480307	0.8545101456078232	2.7539949772630914	-1.7456396531381693	1.8773093493807875	-3.0152179730888022	-1.3359240303237434	0.6581689791701014	1.2327298664204125	-1.4079870514263602	0.07443204661495763	1.0289635091394427	0.09030738675169284	-1.422684901002466	1.301276432186461	-0.36311194533059404	2.2373681427966106	0.3050573588411682	-0.018165822379275783	-0.7109027844185013	-2.9096791487752918	0.47432287064178036	-0.848634705455326	0.3781693733504369	0.30847185691348467	-1.1208251946810914	-1.370076112466449	-0.42444442799550347	-2.0127653650559987	0.24090455203763028	0.35501335952890045	-0.38332801741346706	0.5515959413067681	-0.11476368946102845	-0.011542204361183854	0.26094675085221986	-0.06976621235285317	0.5965660892422079	0.308759382777463	0.0852945919700239	1.1219478645474006	0.2806375396499401	0.638920688780377	-0.30622668599024355	0.19160864580642578	0.9115100724584403	-0.3289798495909739	0.3615845395747674	0.31684530335845956	0.4233053219352182	-0.08382141664049698	-0.11370312080538099	0.22959603071482862	-0.2203303029099011	0.7225090316670045	-0.27615034470561833	0.3875365986465376	0.5498689284675224	0.02980956021806704	-0.3732789749737321	-0.19318412498601967	0.33198523204732444	0.14090063131609784	0.3462366594342634	0.011060806727187624	-0.362620210141109	-0.19739474052029105	-0.12282281050024015	-0.028130658790808914
DTXSID0020814	5.2206129665013625	7.39951851559668	4.041275112971857	-1.2637260870066938	-1.7665743359394663	-0.15087983972313626	-1.3844200796727133	2.4781659033912153	0.5004025988323016	0.5648514611176718	2.000120222939668	-0.6483045671699982	-2.251904093402541	-0.11714988397830166	2.848557847309441	-1.4267764741117523	2.299813476884728	-2.597575877063367	2.2085822480560195	-0.42789635759841094	2.299444086553557	-0.3418074703156943	0.7307431057086359	-0.8004865326004612	0.6388699820561571	-0.9632048978960714	-1.0800642908825069	-1.7352273606284725	-0.056360887192250055	-0.6226326204625695	0.986001250386292	-0.20664051081464596	0.6186730541981406	1.0244187125746855	0.3307230016602707	-0.7452733729033171	-0.46879902271650375	0.6408097674316888	-0.581413004253051	-1.128764690070631	-0.03468630521459639	-0.9931882490504105	0.05429943553028349	0.4717607561718648	0.8653477514399114	1.2719660914129123	0.7747445662686046	-0.27094562720583565	1.1948452922976718	-0.03802140887127698	-0.5894934091820563	0.9559051447904335	0.06838469579996379	-0.2587078061908516	-0.29816987865013367	-0.7517142613624321	0.1426786309209724	0.5851362516037809	-0.6429023801434188	-0.9107674781907511	-0.3603144442984538	0.35523602604171345	1.1921390667757215	0.512736124373294	0.01734407738592734	-0.2579333469320657	-0.22791208860975806	0.2745551038944662	0.5513235719091807	-0.68147002382251	0.31386499314503774	-0.20723856619892395	0.1952572995611854	0.2878563312285055	-0.18605260571444757	-0.2693077526025909	-0.02937903120898527	-0.48006978056055766	-0.4115305398776618	0.09024966895958896	0.3514464516645467	0.06702447390807549	0.03810753622191342	-0.07436635814735457	0.22683903910498085	0.28294265653003714	-0.13548903047150124	0.2790374177136661	-0.1671096722045638	-0.42560879316921785	-0.3865271022066503	-0.039706409510533204	0.04134299511031719	0.3000397542150468	-0.004213377626946383	-0.4111196859264256	0.11755374583540339	0.08277869292063537	-0.014837054229403497	0.18139240132978893
DTXSID9025453	-5.866833309788669	3.3151918023623463	-3.5045765798499406	0.8660119088586454	0.7323515458858018	0.4124074545115557	0.9470052541030617	-1.608365192576516	1.131271980807073	-0.22384958683344028	1.4589300880107694	0.7612124017813185	0.8196351603319045	0.9511120839028596	0.4678510123434783	-0.7571111865860628	-0.3259832436202154	0.5577961989792343	0.23808115651171238	0.6395434347945855	-0.7311617835825329	0.4714142924044883	-0.1932081136232948	-0.30434884311054816	0.155424361450791	0.062184785014151124	0.8113496204913995	-0.03156606643944115	-0.30243917630114003	-0.5095666940260485	0.29664848092557056	-0.06532084421872404	0.3616765738427318	0.5042195750277071	-0.12082940264296486	-0.31377532672548963	0.5255171967359458	0.49317361993182285	0.10484523828812665	-0.34799893511337704	0.15262749186878274	-0.45323248552596507	-0.25504713569858706	-0.2578543753053401	0.5619248586406624	-0.44867669117698344	-0.187119407159452	0.14575574567775976	0.2713706160765153	0.1412802971289614	-0.4000463624100259	-0.11332247675906243	0.011046048724527092	-0.6042852645856301	-0.37315355002621825	-0.14920887896167398	-0.5522212171333226	-0.5557620484464495	-0.2879248421162923	0.000721164511688068	-0.17083460574371376	-0.03527765086139448	0.050751317609500794	-0.33364405878526465	-0.09562628022233968	-0.1790873035933805	-0.35358997754384036	-0.13678073216993827	0.054669529802353005	0.4377886825229886	-0.8570480296666936	0.024226560925251554	0.2687467187242551	0.4856740434265496	-0.22126821813630326	0.2505938331367459	-0.5002876471509479	0.4491805279980809	-0.16138582695993287	-0.26396207323064486	-0.036315138698112946	-0.6260340302406137	0.4435894742829194	0.23394395607712612	-0.2788360186429161	0.4754401413933725	0.19965674900428607	0.04588958967486994	-0.4392497331090729	0.16160896711875453	0.4658810227810492	0.3635768224474539	-0.38059354073366386	-0.06999008540331768	-0.24450954420789345	-0.1543960917205273	0.16539082324604865	-0.36476989106227575	-0.21017143906321897	0.12420026776523996
DTXSID9047465	-4.42033595704581	1.0149605304454825	1.3051705637350972	-2.4464871649110362	-1.4053625655194146	-0.854143016135142	2.195503173952261	0.6580481614065193	0.2483762556680922	-0.7367487495838501	-1.7180391055386757	-0.39429944862357114	2.1988478479328264	-0.20846128490364443	-0.13889030793250476	-0.7648439621705567	-0.2303191332382156	0.3974704341623282	0.40356348199154535	0.32309592032584905	0.25137444563919387	0.04603743462222442	-1.4120640144678696	-1.5110982546428675	1.9784860786887304	1.6239836078213032	2.376431147644608	-0.15638739093895285	-0.23265854785295875	-0.11022526850891891	-0.5694913376016715	0.1946265311304713	0.4287819990099948	-1.3321831774282442	-0.05139048819063551	0.07606403033567888	0.2672514476361466	0.7603118825035746	-0.6348389060069592	0.1660682840301998	0.8153425511190092	-0.6742444803814497	-2.1250380081256988	2.2773954515111496	-0.3925687153189758	1.0269346035996352	-1.0804603194510927	2.4196165775943954	1.4668555717996181	0.693895873165643	0.7363975484292846	-0.3492595481918414	-1.2866675073309317	-2.5228977010121603	-1.4711480986871768	1.504956481447543	0.515993622169777	0.29381602104607374	-1.0725675196924096	0.6317425625295369	-1.1284358743554026	0.894968002864036	-0.08306011153010613	0.9766250032525877	0.05288873782871417	0.015224162009941988	-0.732506549850758	-0.0682288850721098	0.2519547418939169	0.5984413821800407	-0.1497865594667141	0.7647861937605268	-0.02552521135162018	0.31851821050681767	-0.11366712029281674	-0.6969189400864224	-0.9911777336024131	0.2547870174222134	0.39324872335897526	-0.29059884158152566	-0.312038390011108	-0.3616419038991138	0.39163890384217115	0.09765273609978987	-0.32663574840799015	0.6078211885670963	-0.020722653921255423	0.26749893590874324	0.0731048084252537	-0.6254757170950238	-0.031383373421961694	0.04445240545398019	0.22034451296114155	0.20447346812595624	-0.31049223175347723	-0.17532131484579244	-0.030667248731983548	-0.5109358743007186	-0.301665580822471	0.019008455145279702
DTXSID5045203	19.721799084579246	-5.6438502173144105	-12.960087507224927	7.496423600217997	0.02668794032965707	7.279660524405501	12.932796539938243	-2.320155098964723	-2.3909954060345116	5.479719758179717	-0.2802796996735723	5.4093444549622	1.9836429885032103	0.024784589955314042	-2.39414465722747	0.8487413278862735	-3.297979726285483	0.8721682930102216	-0.346098999040162	3.7154674065413227	1.744547755981765	-5.306076140300134	-0.9545107366096452	-3.3208956155915943	-0.4067469193974818	-5.947430114354632	0.25888064791575366	-0.3867449795217627	0.9213058007590743	-1.2381447919492319	1.8343313062693845	1.4268021940666626	-1.3099604112107364	1.9584971359059065	0.3353072442375546	1.4504983278115342	-1.1432085794032802	1.7660441241810456	-1.6770735735638325	-0.02434512638550678	-0.24305793644418067	1.4240287697236946	0.941720520250025	-1.4178957168245594	-0.15297914523198136	-0.16451832417600318	-2.1891745272592305	1.6515487877057031	1.3489784317045102	1.212041888725833	1.2838707132601397	-1.4743215327472354	-3.0716916989185283	0.12173531199947132	-0.7473558831862709	-1.5088803978950558	0.43246307530079403	0.6769914401206778	-0.24665624934502273	-0.6694858404206593	4.488143588723485	-2.028795025188546	-0.7821642247088901	-1.1332819095837785	-3.3442074441722274	-4.376482474218818	0.4793649718194281	-1.9377203532530711	-1.118201037558512	-4.097978041377626	-2.976404823361665	-1.6974356818539855	-1.086599811405817	-0.07084725027582857	2.7814702534112477	-0.7583399956355763	-4.044551605170316	-0.6770697477410623	-2.289654607563508	-3.4853223972515694	4.711361581372315	-3.088236896371601	1.7278987489521418	-6.53717765345522	-6.512322999232594	2.9994067446243236	-2.392483697424798	-4.244592580997395	1.3030855190727275	-3.09774812565455	-1.0272083511726993	-3.7940171519056998	0.15450960136462907	-2.0249481475612	2.1229637400950145	7.750496285188139	-1.841741166204905	-0.07639846184332483	2.6370947118222543	4.309311080980752
DTXSID7025423	-6.868718646329281	2.1919379731570405	-3.8275143007737764	3.9738395294687128	1.17171820995953	-0.09974349572542911	0.45056477553649193	3.1862224579600618	-0.28436498831409496	-0.5546430577860388	-0.03498295463139505	0.975460552419537	1.383138166878245	0.45459436406800624	-0.1422187077711372	0.5124933162808311	0.17088283513512917	-0.4429523172342355	0.6709950603392816	-1.0824785228890894	-0.9352034578915879	1.459375210173248	0.2075614061397469	0.7745303110209313	0.04588773137809634	0.36477473842057356	-0.4546694371584294	-0.4878434376362588	-0.7723549821402494	0.5736911696199404	0.26883254884185376	-0.09644393769125711	0.768476886988925	0.6428436064605803	0.05182591311107932	0.23711645990944769	0.1982099807267597	0.6608657984010887	0.3512284439482888	-0.6022018572486862	0.2333941240716703	-0.48760334906613656	-0.24010818053505195	-0.3659204672517028	0.38939191602629825	0.019365959485602928	-0.9870798047221645	0.755863415236866	0.6978868807653181	-0.25406362082500317	-0.36275402855061567	-0.6452639142007278	-0.029335375275852144	-0.39663333892808805	-0.8757937051025833	-0.39044857358139934	-0.7448339748091392	-0.6387970606247975	0.5269168128369326	0.16194688054768858	-0.3104314916350462	-0.5213326449492844	0.09353415601628005	-0.5689911212223095	0.593456719321765	-0.17775672243909282	1.009950481309084	0.20143774615391705	0.17132403110277583	1.1685987805524145	-0.5163011719022345	-0.8804717034482148	-0.04837168100162866	0.060529817583029256	0.1921689930768854	0.24215000102388543	-0.3336558375557426	-0.569400155628442	-0.9916267007774543	-0.09567889714826659	-0.29775131311217573	-0.8821953164934764	-0.03741728361187029	0.4019942391985135	-0.22022473061868675	-1.4956314544768803	-0.6423545735017286	1.0364442021073648	0.04063723133128253	-0.014818727916415527	1.499610334694302	0.5112257433866405	0.16125459532696243	0.3834855589531725	-1.2192853590768753	-0.12172635117778109	-0.7984155899063684	-0.41618612094273033	-0.500057107635911	1.4362233018498394
DTXSID1045085	10.08551661824269	-4.5696372033418555	-1.3049038314317865	-2.5081571708616988	0.2652137568269625	1.7597125296231633	4.228635015527655	2.7226139958076203	-2.1508402712299084	5.985288573488105	-3.6647293709431787	5.869138854404934	0.861576824944879	-0.6819744135764513	2.0279328042238505	-3.061460242254964	-2.361861446718477	-3.067180210575876	2.6986977160645	0.006024324958468325	1.065076430124658	-2.258255033379835	-2.214277812161768	1.8985887611808172	-0.027610496136787156	1.8971249335378004	0.22938686306020972	-0.2957944704530083	-0.998280352938469	0.5148464959641952	0.963437847872789	1.3595027126986554	-1.836213615800565	2.033644054112392	-0.5427636003212639	-1.5552036378346363	1.9054052854824135	1.628064066532025	-0.3965499692301523	0.6101008130024386	-0.1868137232051285	1.6218737550787063	-0.45238446079262523	-1.1887063266818905	1.4283304010126565	2.095307656033866	1.0604801305364076	0.6377341633728008	-2.089710877394026	0.11318584845227858	0.2564054605467914	-2.9517303766266667	-0.19932060584228592	1.7372121070843298	-0.09189297791946331	1.3503626938590365	-0.699416499008897	-0.9314775899834615	1.5613594290647732	-0.3655563991563963	0.6975854301822317	-0.11657870827190031	0.7591085428308139	-2.2147000416705427	1.5032771794989925	-2.531865598493871	-2.2197844264258366	-1.0838268867613519	-2.123976849738701	-0.5938649301996491	-0.01941633053764044	-0.8533573764216393	-0.3383841066069497	-0.4873804948335464	-1.4497002415875015	-0.3439588427508005	0.5832774966743884	0.8922272744313552	1.0612916256791114	-0.9655850717935285	2.8811979853785092	0.9657215317390351	1.9615075485849311	-5.438569955004181	-2.037841698572422	1.5739540124861433	-0.1161996589807275	-1.376100463208457	0.2138551381678866	-0.4489440616882625	1.9841252760178036	-2.276154725640235	1.5471289466164555	-1.6437367979116302	0.1454459909182447	2.4119037730108013	-0.6530539210574973	-0.376781941236064	-0.7266535358431592	1.6851475274930732
DTXSID0029260	-4.261693798500491	1.9345666517942905	-5.577968024912045	3.4662797402281216	-3.040401583646658	2.251376514047397	3.641327535325852	0.7479523162505649	-2.3561786577921313	-1.4011270513783671	-0.07677174876447476	-0.7790111651312026	1.4626415586069812	-0.7754627852150477	-0.08159920078846096	0.6503470099093656	0.12773695532282245	-1.6023973321451566	1.8553131423026845	-0.9912630190034697	-1.1991128728772622	2.205582193644718	0.8953490945539687	0.9185862533618874	-0.47683331890385744	0.46951817485214686	-0.5571682364710098	-0.44627168890609664	-0.11260592977547725	0.7696369689675182	0.3995876558885446	-0.25354886621535283	0.30940478145020295	0.7391413659262829	-0.040576673088641796	0.06646078109184271	-0.8152091262396831	0.33107061685105527	0.3223256953059887	-1.0934597178370606	0.5199565799098278	-1.1619192730010917	-0.1263932284895875	-0.8241876958850616	0.16644405734144074	-0.29828434438617507	-1.3274921123300776	0.9216453935374019	-0.4992369658156857	0.09823373305490275	0.7003162042026394	0.07559595478463875	-1.3460088259208034	-1.280637025819003	-0.7569986786782759	-0.20266886134821827	-0.8748597892712731	-1.55899193220387	0.7480220278000117	-0.01989259514182456	-0.9972669930753464	-0.1771082489939548	1.1533197293108246	-1.4077691782562938	-0.2566509822280664	-0.11913687740308866	0.9991328853579109	0.33199189697607323	0.3190686830251418	-0.09832361025361298	0.1490533978544333	0.1821148551919364	-0.9832414228265456	-1.6582266759841415	-1.1670438375115213	0.01952600961635093	0.0832646833092319	0.24553720971714685	-0.7254317094539862	-0.04099694204306815	-0.8221207114298169	-0.5879145851725784	-0.1779402350540094	-0.5546048724447978	0.2753701097913621	-0.6760300236249774	-0.23103549004729312	0.2152517289269156	0.3742825837930145	0.35074277475339527	1.8646104113690172	1.3871826206230555	0.9342906313006385	0.7255840234630466	-0.054049784248057585	0.5104794648011856	-1.145439734838557	-0.3857732763617895	-0.09153902223223853	0.3931678969798597
DTXSID2021282	3.3393173344686633	-0.1438925606311144	-6.701776247615983	9.250903170550247	-0.6704514880070863	-0.4110819703516448	0.43265108342101055	0.9709550273046385	-1.5013528149283726	-4.509657082878926	-2.347653591989408	2.0151528953553566	3.277085192276264	-1.1934491856572358	-1.0745199967238446	1.5988964446227536	2.6114605782960982	0.3005231527691804	-1.0062414543127718	-3.2136380492804637	-0.8907246873064839	4.0326573654892925	-0.8101968393609811	2.5624950441619743	-0.44194757805512963	-0.2784306952589708	-4.30100925535264	-1.0877273054411736	-0.7934231537908799	2.257556894143161	2.800195273477364	1.136864819227113	3.0117696601172566	-2.2506658822387053	1.083042711491087	-2.628489566485793	-1.0427789084112062	-3.7094582049202276	-3.586619940278995	-4.944665751480256	-0.3702072586127146	2.017098910370901	2.1149245768424825	-4.554502992906206	-1.9577613176421418	4.430955206770467	-7.031443735869917	0.1445814973593595	2.674868179276219	3.503274268565615	-1.1045922830757433	2.45740270866079	-2.0983014868345924	0.7294068378343418	-2.6670653132826967	-0.929787451446912	-0.4970827018104654	-1.691610839113787	0.8337842600010986	-0.41619020923653544	-3.325666158084571	-0.8052569896664614	2.4655889832904236	-1.588464544434426	0.1189785979259574	1.4134745156384219	1.501746803275069	0.26100282142654707	2.435798606157117	0.9606997903040692	-0.984353649687788	-1.9428903357187723	0.6709660730779359	-0.9560137758280098	-2.4485530736154306	0.5071786626109407	0.32452245501851823	-1.4687075894162254	-2.0907982175452684	-0.5793066343523553	-2.931144786888666	-2.0818526035885747	-0.2800790716212927	0.15392894452969236	-0.7035678644779694	-0.88390211181104	-0.956028982744004	-0.07975595523020548	-0.38362963044623105	1.4019455229300426	2.0771588594630153	1.1547928578577538	0.986047066180337	0.5494153372261572	-0.6749367989688658	0.46274580770361584	-0.8004789786050985	1.346002741661192	0.25456412870394984	0.023997118641103234
DTXSID1044227	0.19208881954082102	0.17137024070484216	-3.22142440405256	-0.1114762114197489	-0.11667137535654408	-0.5650937421372109	-1.0204523474941023	5.696744026777043	-1.1399827384280157	-0.8773019030234137	-0.1400916726959617	0.3895729921708172	-1.5059204634212777	1.247033268460394	-0.8787521729394373	-0.4699289536017338	0.35098314360800903	0.5479455097911482	0.7473748766916003	0.10887370762188224	-0.37294644242381264	-0.11602733156331771	-2.0613198539343816	0.8992371532362076	2.101456107365214	0.617955510361878	-0.5733214893665082	-1.6580639993745494	0.618392733926737	-0.5332346671652342	1.1695443419394893	-0.032651156594059545	-0.2498105673008352	-0.35601082166992565	-1.365825862614917	-0.5080009112394084	0.7279167542680037	-0.4937224675336811	-0.3641461961725567	-0.5080930421938655	-0.915353774883853	-1.117405579446275	0.08317711823814491	1.3501148038707782	-0.5088349571928483	-0.06694906694302584	1.9548979042978574	-0.8142860442058454	-1.9091383583533155	0.4909898003887786	0.6674984690421284	-0.4022502222292847	-0.19649198709598267	0.5467350447200319	-1.0003617846986415	1.0753140938090313	-1.3433176086731093	-1.8578601396188748	2.336012933996215	0.3872145893095433	-0.8375399341329733	1.5702303214603817	-0.45920398250835104	0.23879088215460842	-1.066559889100806	-0.9040726025669819	-0.2313239264178246	-1.368518507752492	0.1643065983314014	0.29659289958269786	0.6353248719381246	0.14890154441806724	-0.8743190146719348	0.8825712707241301	-0.2284165189107708	1.3127910749170932	-0.025449170997870307	-0.8029187483088347	-0.027865171097869696	0.5614689332072643	0.2064664777563338	0.5540808971953898	0.6196230469773197	-0.8178352885834204	-0.470194399636277	-0.4872769390273848	0.25800599921699996	1.1791236403378225	-0.4097712838564401	0.11286437651601525	-0.20867721757341198	-0.7450246058748671	-0.4598773824466436	-0.6607046510153909	-0.8016817091081148	-0.8798846866814695	-0.8629483548703677	0.650408087536252	-0.21894870420194615	-0.13470410552091147
DTXSID3046116	4.971854054009645	-5.19750750106569	-3.3756781129865994	3.453705804742872	-0.9756623864778995	2.053770037020522	-0.2525171573267964	1.8104346219712328	-0.3371776515066719	-6.9658568758334605	-3.1932548465288577	-3.889585190006832	-2.4128492616579718	-0.592817488353837	-2.9919393671703034	-5.550628762458739	-2.268044107533935	3.793943199840818	2.3115182967959584	-0.09500703778032565	3.3807461588152212	4.504578309890796	2.9366798602964157	-2.718002742767916	3.5932977050975707	-0.7781874526939211	0.3382202918205757	-0.7340707962017383	-2.080325951692284	-0.5551267237599314	2.378033894351684	3.0359968882570967	-2.7044212551436178	0.5389169578089478	-0.591281736369836	0.8137182294816778	1.1097616435372128	0.3459599589507893	1.6689351680683409	1.1099268085372656	-0.5993548201633179	1.6248999657999474	-0.3275729051413115	-1.2364128322502583	-0.6449690725865732	-1.7071768960492317	0.19990316899744753	-0.9976125137970455	-1.9668336381768108	-0.26506359412692243	0.8816233762481946	-0.7752465931992495	-0.8483208146546312	1.466944574921786	-0.09291192042295653	0.3447236592266125	0.2857053901495101	0.9077464009695222	-2.3352765204794905	-0.056247798925383924	1.9577514719960007	1.9716399680035415	0.8116929620727766	2.051848294730285	2.359651657352437	0.19489469731681863	0.22749739438902508	-3.4896004081741046	3.423877021411585	1.291270224635432	-0.9324972198700275	-2.13620275732517	-4.1823493832660175	5.115604435343674	-2.5172372637706117	-1.6169334540346032	2.8585761403753156	3.8084435242203214	2.5037712837758246	-0.3967934852090167	-0.7810005369363915	0.9888852320696914	-0.002437090876301038	3.3672975869193156	-4.306292186175695	-3.600400510063835	-0.009480355664252031	-2.291520803610245	0.9123069651043225	-0.4257113876863756	1.4038204288787646	-1.023432859201586	-0.7701494631885731	-1.2078327850333184	0.12833298723914463	0.6516285743513964	-1.0673368828136534	-1.9189272748415735	0.6529165576244816	0.39644541500126906
DTXSID0021965	-7.0484096249032255	-0.46701462333438304	-0.9567320703746489	-2.371584138869475	-1.4206031021491123	-1.356331773869322	-1.6245390511208817	-1.4363118872746905	-2.367414317276652	3.1834982296341665	-0.7684495986735081	-0.37345660210700304	0.762687156730211	1.582909904064126	-0.8308989269698315	0.14414514696336733	0.7464332285388735	0.9493577739273825	0.7762141959340753	0.17062665314241177	0.6572930410836137	0.6613824186640076	0.5630775653182502	0.33181976498497406	-0.8991907964725855	0.48579709984186725	0.27276372359197026	0.1539144580602699	0.330293627907703	0.11513975907828096	0.7771183141894293	0.09737036010241752	0.3994621964515781	0.3807657966707848	0.21574156002802433	0.0822694048575931	-0.33129399265004583	0.009952751158278476	0.3108128946824882	-0.11563820297030931	0.37058561942228596	0.3510085270852777	-0.09726295565237329	-0.4012570898614359	0.4272633858193107	0.04703511726675666	-0.029747100083262198	0.16849167025076703	0.5766184757989176	-0.7061634633076966	-0.7183861301750226	0.09095557366206962	0.4038582925300521	0.3277222936835512	0.11577155897200017	-0.053364858269854466	0.6659357599559155	0.38575808721551885	-0.5307175351685882	-0.0488330140430412	0.510176836629003	-0.5555540918506441	-0.30008455153105373	-0.32621594978521257	0.24519087088174277	-0.09975668907765764	0.18417798604958902	-0.10916049835293552	-0.23768468093224487	0.36884937369721654	-0.3193612303896903	-0.21724580748641847	-0.20012622006725503	0.0785361787992513	0.051319716935580593	0.20474646611579653	0.5095439484434775	0.3732565986003751	-0.07411225037699157	-0.009104892704446	0.06987486382804133	0.10553124543000919	-0.15067704441343066	0.021742196356184976	0.2089043913652037	-0.12552549617165107	0.17133674719142272	-0.06870862144482844	-0.12293304225820598	-0.12747083849532118	0.07943475907414213	-0.2545216276423408	-0.28097149430472823	0.1343975152176367	-0.3070027012220156	-0.06823946459742333	0.4229039692119633	-0.021181923023636112	0.019452009269893898	0.03566759158488476
DTXSID3044413	-5.5695398596914485	3.8656822408778058	-3.904258801673944	0.4685970487559372	-2.35513193353803	2.059514828449903	4.6402824816432044	-0.2286145587032639	-0.8673907856155506	-0.19856664440589025	0.09229222931865873	-1.3118946420642472	0.7450349146227208	0.4573959302578764	-0.1195708265059476	1.1773072375503084	-1.8553608602882128	-2.400644482245769	1.1964916359974775	-0.4279049852152387	-2.2745365920416747	0.8285623367652437	-0.03638416733903761	0.45656803743358765	0.5115873979826884	0.10259230977819381	-0.0006752842378289452	0.6900099592751588	-2.2019069611986004	-0.5022833127003454	0.4923564154800156	1.789013675702033	0.17280045217276518	0.09108424275981686	-1.1928230238979316	0.356027187573304	0.8686877758135881	0.8891354968969504	-0.11448640818511668	0.44145943866534865	-0.9138005853691457	-0.49361257331599573	-0.3335353678143268	-0.11488907865954637	1.063580087498716	0.07301595757483682	0.3536167661252482	-0.7683235841011687	0.5034957136365273	-1.324952120973772	-0.2922351145157684	0.17475078763373705	0.2003790863183785	0.12252014656733708	0.49512144797645585	0.4269076906578298	0.5299137505633736	-0.030286110785174417	0.09977045003506758	-0.33281485408884687	-0.8884030675262604	-0.12747934144895792	-0.8445286617264668	-2.029558274173111	-1.306844561602521	1.3641425099201139	-1.255305489345553	0.08122503641403597	2.254561190560915	1.1976667412853135	-0.2402893519718893	0.7966016281498635	0.4709839700099007	0.197278411984423	0.08679698785581663	-0.3021867893924551	-0.020254518923645864	0.4547482640272357	-0.5719022704660697	-0.41632922995081884	0.04998267397736749	-0.05198701764450554	-0.43700304766238146	-0.35844080953907315	0.2177902772912164	0.1972629462567933	-0.17295189337492403	-0.19799251005223067	0.0406011052861719	-0.4637441654625802	0.48635025282877703	0.24379230529657567	0.20761037525328985	-0.17791288969463695	-0.25078707183283094	0.9570494057976142	-0.41050828674566747	-0.29227819635979974	-0.12327853929536657	0.539213629311312
DTXSID3020914	-3.8756012322971434	-0.5314197887866999	1.6360950453439338	0.9823195873319468	-1.8994804775767482	2.3894702850021163	-0.279507758160165	-0.3349047423656774	-0.33967818486497775	-0.855150029873849	-0.765936426561659	0.546463634527058	2.3537750792156653	0.7759108111895778	-0.24320212564034707	-0.03449011838354305	-0.6812039658288577	-0.043315150031935805	-1.6597632260777608	-1.5735840575118107	-0.47365299485206985	1.0932120993474492	0.3383276363031071	-0.492330257973467	-0.17632259159376157	-2.199737465474319	0.42886338739637636	-0.7234172518903197	-1.949306594026563	0.7271214536655747	-0.6375949620963981	-1.1308346317024092	2.2081444921872144	-0.5784658655662007	-0.2622025027631332	-1.7805502485218503	2.0133841311649303	1.9645535338181437	-0.9925929301168971	-0.5148669596726544	-0.2099469716118576	-0.24836505602941597	-1.5163281138140623	0.960624372883276	-2.105236877448639	-1.1199807782962576	2.157717525863788	-0.8452613119079153	0.8947883338031555	0.7650649147473089	0.6107725548405272	0.780891480895645	-1.1394498827021375	-1.1332051278683686	2.397314265104038	1.4111439817234879	1.1347347851891896	-1.1203879130306211	-0.8041174032887584	-1.7315452623169645	1.6026028861585677	-2.1189100393365803	-0.5202864671231596	0.7987800942992023	-0.2924916367779402	0.9599100814364415	1.1206037809040996	-0.44830647121694395	-0.9541190747960602	-1.2386739513167324	0.10464285153421074	0.046525606587927724	-0.44241158999756836	0.6951533441740444	0.409439227943539	0.7518418187725433	0.17120913405859892	-0.33195530852155636	-0.274296301914017	-0.12684242178661304	0.460187168805404	0.16339208838391078	0.17605911747094202	-0.2949596770836795	-0.15785840970670342	-0.06850565528106738	0.1625895691732482	0.22375424958570364	0.17691676208320967	-0.7519790772232096	-0.015273485995686951	0.09212376611333853	0.3918600492883296	-0.43716565344418384	0.3478026207028884	-0.20715190765723124	-0.09403574363002454	0.3632910031890683	0.24990421633239243	0.1358943007656915
DTXSID7021235	14.692954034589986	-7.805215374894104	0.7480818108848294	-1.6480649917309191	2.6762421965685466	0.7148947350913201	-3.102214483036111	2.1772216846159425	3.467986989441423	-0.8173641333714017	1.2524287424489196	0.5385865034553619	-0.30512923976869927	-4.49904456627065	-2.388098930043783	-1.8287508675648283	-2.7916158289603215	-2.88198095997762	0.18859669884367633	2.4384461539214994	-1.006782285232078	0.41522435134139507	-0.11741973451001048	-0.6522858487751513	3.4088411670988057	-0.6313857499513941	1.086728317004608	1.4698040437576543	1.7861184969729411	0.6451027240541333	-0.21957690819716874	-0.06338400571119208	1.1692488216655141	0.25497116445618934	0.33947940146405314	1.3158849911253547	0.6573612817205339	-0.039368733580660634	-1.188286120584125	-1.354947729187903	0.028550329292695575	-2.2399798951082075	0.42180460108095735	-1.011146128401909	0.07968986117681418	0.38062350895339275	-0.09020668101487697	-1.2045692616749726	0.158673390445852	-0.539572023743988	0.008121518847818077	-0.6573974935295748	0.4062019905209875	-2.1922250241185677	-1.5431186761520668	0.9790128612857725	0.4690298285529309	-4.310037370802379	-1.5746134365675017	0.46597131132028247	0.7931088803549591	-2.754447589253163	-0.9608043228776422	-1.934692904922514	2.986471209115823	-0.42120784780731374	-0.4494906838590665	0.41005666662171597	-1.2012540467914055	3.234836611522884	-0.926915461871616	0.1107402998769982	0.12249521389208509	1.2260641050830965	0.9633678147297681	-2.677640115471535	2.5231539582469464	-1.8489037865794304	0.7574769607764621	2.25786963323094	-1.0790948190352978	1.2154988023015814	-1.7677712411682347	-1.7852557057731182	0.19215670563122575	-1.0725102190460725	-1.9501489842808941	-2.0680159398080558	1.286526283890972	-0.11916215516916806	-0.16298469941322105	1.2389323216775117	-0.13071121337713287	0.006305242292098589	0.8581776740822675	0.36496917297993015	-1.756912816327353	0.5454200840939492	-1.388835460739821	0.7568153494324906
DTXSID1046184	-1.1888555096827411	5.181590600713667	-1.0100737103766444	-2.2634575053698045	-0.666018688445242	0.5315566743906802	3.380704184053021	0.2037676667608763	-1.8741886014360176	0.029550985027842293	-2.6472683476372243	0.2503527690029126	-1.8184172296625953	0.4561281054274402	2.2869533879934836	4.926513546151024	-3.370480391712522	-3.772579881485684	-0.8596673907896929	-1.1791436162285278	-2.5420857194405144	1.5641373858692305	2.6496120442200426	-1.2717419682397115	-0.617323062398335	-0.882744281434277	-1.3029066624601005	2.5793373226108596	-2.230079839344704	-2.6295193856882597	-0.3021253821217227	3.4993401925712404	-0.11871607791700974	0.13152904295895926	-1.3642222136771966	1.2467788384125438	-0.250897868378969	-0.6854677259874924	-0.8317624999144135	-0.4479907998354135	-0.24298850455705742	-0.323736838179434	0.1394546342716028	-0.12190908312385396	2.0639212429430147	0.8707276565636806	0.6665147950073315	-1.6214944894080365	-0.7437506035884875	-0.3790718113462569	-0.47419064978150516	-0.23017402540173193	0.1338445253969919	0.29674173193105824	-0.37324620500942973	-0.3039220928741656	-0.268274906594446	-0.07266662209166638	-1.3304480408139432	1.641960500280393	-1.0037590410032562	1.4510439803244315	-0.6792295152387379	0.6706614821883163	0.3110682681217958	0.03410025248368083	-0.5077346153057462	-0.08372924901163428	-0.07613396227542435	1.7345700383003966	0.5749616162157932	0.7662308752836122	-0.27125449706220556	0.6978491529023335	0.7458711186468718	0.34721785560117024	-0.9087774033568612	-0.8383342164686318	1.0622329991664656	-0.18316478621706506	0.6997166868885645	-0.17358933454454942	1.7314999268786309	0.010612711018718987	-1.0904317305716813	1.0409672503789644	-0.6767521618873611	0.5480947185594096	-0.8228640320298136	0.18326465602054653	-0.8235770183771369	0.02894936480629408	-0.5483971626085493	-0.42073781166941143	0.44938372744369626	-0.06965544023353953	0.009326028697010375	-0.16892633229181947	-0.47699883804978443	-0.6376260129263701
DTXSID8047268	5.497224751173637	-5.380974114477152	-3.4042402061263664	0.4500644978804965	-1.7664683324110602	-1.7740352681226919	2.1939680813745466	5.3096828855658735	1.9716144143338545	-3.9038893240800294	2.8277075167549097	-0.2826165881485674	1.848957832828679	-2.2270580674332106	0.18478304010876437	0.9322961609410952	2.5576858758710754	-1.7186434637701082	1.5160654190423695	0.6997378315680178	-0.34566072559350675	-1.163344526430561	-1.28581521370708	-1.6978406199725717	1.564962902245669	-0.8831409996038795	1.7993218554608321	-0.35383819192135535	0.7877815120329178	-2.5163727502678634	0.9832586110984037	0.31570546415507644	-0.5209150452587937	-2.00273166232675	0.3049655327899102	0.8076750346330261	0.6216270936238923	-1.5912325559531268	-0.17577695623786557	-2.020139680178831	0.08442400460735754	-0.0012883426894743236	0.8555583790359108	1.1490800632106788	-0.7062939522394005	-0.9005454212168638	1.4727185194836232	-1.4493349316306727	-1.1133785978026265	0.22402228960212056	-0.39125199643582914	-0.23700940855815816	-1.316094466590331	-0.1839055356173499	-0.3418667236546953	0.8666648332168618	0.1536611224886383	-2.2019129572783145	-0.4376357492761672	-0.3136516571350914	0.3054669934636148	0.32135041529331454	-0.9309654049380635	-0.4018376689511959	0.23580240996719282	-1.362570471816839	-0.9197583890974109	-0.9386732437221894	-0.4475629508129709	0.8224239643401823	0.4991853627225404	0.4005887900234085	-0.38014442539307647	-0.5283690480790263	-0.18136058042945716	0.44797779716068165	1.5019584369392653	-1.7435827631998626	-1.1848405252747225	-0.1948121719076421	-0.6425373816120981	-1.1426943566766934	-0.9853802207179011	-0.013045198145404275	0.6343886861394753	0.5853260144671368	-1.2890237969668252	-0.652005627485328	0.22479986460234547	0.08931307426310797	0.7349260712733396	0.5362899558666577	-0.2945812798710382	-0.9685637247678789	-0.4664337790680426	0.2193301820907663	-0.47540887621481587	-1.4448121700580199	0.6033187947135435	-0.8071932049088266
DTXSID5038919	-3.441224598115627	0.16008505155715233	-1.7111978547300164	0.08923379417761648	-0.9407567194158712	0.5011267339328703	1.9024829856966927	-1.286393017332726	1.6497392058244775	-3.052845068621225	1.4307128381247267	0.6296580388725513	2.071805627628228	0.2656984633386067	-2.5448109426293213	2.236652921983621	-3.8806240418908216	-0.7127663027872023	-4.759861135759327	6.409278690574082	9.174975877531075	-1.195469820300935	3.5207972169978534	7.161974056316342	2.583285225341164	-0.07652916035406053	-0.0978251980236626	-2.1428507114747917	-2.981876880813055	0.43278019481253877	-0.7586328086794241	-0.9253765697283295	1.514243976018953	0.5811639866031799	-0.03655239161316643	1.5243172333715167	-1.4451043237122925	0.4134697622993437	-1.5986781996596884	0.10945918359163861	0.07821186367829351	0.8183796246041648	0.7558687006482704	-0.8912603247421321	-0.8523458734019249	0.7214637875850426	0.5205108208646962	-1.2532483249767257	0.7013226905143871	-0.4393641701265805	0.4132792315772637	-2.3252576996970715	-0.8321772934168047	-0.15177507647003638	0.4433356086592438	-0.913471220493896	1.233939969896925	0.1430757823820099	-2.0471190310530196	0.6012549230441269	0.3695064471414082	0.6742494632293907	0.03400559765944899	-0.050691154336531305	-0.7368688996303291	0.40284026773173076	0.7223254418341762	-0.9227355717782427	-0.33110731078578914	0.06430040863558122	0.6347625268806816	0.5106865182136704	0.6197969526073396	0.2837150769534159	-0.1628674670400332	1.0319040970958246	-0.7664852335636777	0.31932626389806784	-0.46467219578175384	0.909166031037532	-1.0478530316367318	0.07037808560101692	-0.1156320901280271	-0.5500833062018801	0.07479208807833163	0.34963129497838125	-0.3614886012472578	0.13510688567418155	1.0771883750893358	-0.6074397418359584	-0.03417711164534546	0.17917402905455013	-0.44827785085830407	-0.082252195157861	-0.01486036130203762	0.09004393571893785	0.38130633237305067	0.3168500877067947	0.31188773347387455	0.19068018625532387
DTXSID9048728	0.5177461783106543	-3.356957831785188	0.9370331589031407	-0.6102854218135902	-0.9803677203652491	2.3108260863064656	0.47440925888537644	5.688014538387785	0.9065330412584438	0.037017325937005574	-1.2047291076699556	0.18176282302174815	1.603907993509972	-0.30924106176939303	-0.6897201044711723	-1.1369459833767215	-0.15636949814687898	-1.1627326638654598	0.10695932348169634	0.21421671376104368	0.19620606997529935	-0.16746325262184047	-0.9472111822829821	0.02778825353189783	2.215346953841328	-1.3701461596105942	1.8951156485754166	0.2602754045945573	-0.33611836016936514	-0.6927101620816092	-0.9467650863844808	-0.8276383504626847	-0.4637519576973611	-0.31202692637006213	-0.43856342575883034	0.583677806420364	0.0339838572304524	-1.0940374211786401	-0.336461565512682	-0.09803409048561534	-0.08160163372246922	-0.10931338316393663	0.3179222545222957	1.0622186471640636	0.35719983288398194	0.5766823080576124	-0.10401262759202776	-0.9260778113321286	0.6884631637083932	0.35133634115898893	0.7510976705138935	0.3303103721032504	1.2665771861028992	1.067778500571135	0.8421629602177021	-0.1587106656367773	-0.6169810326035756	-1.0628689221681111	1.2266948462466822	0.6710238143362499	0.5205938578206519	-1.1574108249994832	-0.7798052696714838	-0.2956208715659797	0.2034975101460354	-1.0362444572491785	-0.9716624821680078	0.3463307878649694	0.40773315260202186	0.1597609906347333	0.5569274941479734	-1.564230043528414	1.21583024502888	-0.8283316706915843	0.550749472332472	-1.4621842612031448	1.427401564854451	0.913285736863134	0.9952395199184888	0.4234288310818442	-1.0865475776242937	0.11278570047588612	-0.042888197282114376	0.015655261824302234	0.17957376540141332	-1.465003273980641	0.27436425334826575	0.9193202032666611	-0.584250275488161	-0.6709760900684428	-0.26799056616608324	1.2574751084978855	0.4577754173781882	0.11029818010760478	0.14182100800982933	0.4653081766329513	-0.809453754205656	0.4320084769140592	-0.41425327399780537	0.9423477109274443
DTXSID5046300	0.7246834122601299	-2.385943876384111	2.1658743633775237	2.39066764157052	0.33166846953107565	3.031160957795856	-0.2284735398708253	-1.8717738620819528	-0.6804820579864125	-3.772682663414276	-1.0996384187993307	-2.347612212365379	0.5947364236301266	2.72499482273655	-0.4174557261896473	-1.1290886036736094	-1.2519172372722194	1.7669752930471443	1.681823201002655	-0.1520268271647713	1.2228657791166697	-0.7153109984380048	0.8094541814354399	0.578585761560915	-1.415160205261072	0.5779544835389072	-1.4174495895175503	2.733063184503309	2.5271178762246937	-1.7851430164975648	0.22765054248036992	-0.25997676166743217	-3.3352354757642626	3.734208269994005	2.0766785303339335	1.0446672501463505	6.216089429130951	-0.24040467256532283	-4.286886154170022	-0.8659057794900138	-0.5733989580335387	-2.307704333267083	-0.4079832679621803	4.298515373373491	-0.8138443395300177	1.9546186980439215	-1.2981111585085954	0.5910953841765211	2.001487300518445	-0.9064699922589756	1.445323432765349	-0.13109739767473572	-2.375158169088148	3.340336008801628	3.165889994205572	-1.646647168800888	0.784730028299992	-0.5505711854428716	1.0784135689167662	0.03281340502144826	-0.4013701567658791	0.9214880258480107	1.3168321492604094	-0.8086691376915386	1.090938950178815	-0.2936997611288869	1.2037785275407802	-0.5544764630406216	-0.5657892273327616	1.0493063993266232	0.03266445678563367	0.47860035564003817	-0.458970015432606	-0.11355449648140363	0.5652219751639654	0.7845281300675787	-0.6881884141865144	-0.2802152550553361	0.9322862112446497	0.9240683186067952	-0.3978568976252678	-0.32753925488057406	-0.4010438977079755	0.6034977335454321	-0.10388334696698165	0.5004701536610809	0.6329116330398287	-0.12202483171078805	0.16145090598750553	0.22881552921929046	-0.28997167577441385	-0.2623034570881772	-0.34067787255295195	0.18074406452191583	-0.43276613388454566	0.9072363028457694	0.19510897347629721	0.2131407139226275	-0.29377269313164683	0.03964933802241017
DTXSID1026900	-0.5813298130659218	3.7489995097032733	-3.2967019347750743	-2.8925357079527667	10.291296393044494	1.549129254880699	0.9695807509138312	-0.8910631412975929	-0.025470893486950245	-0.3662768741763363	-2.9059912206981617	3.0249092181000883	-0.8584499925786939	-1.3980719488365363	1.5057749565776906	2.704209705201738	4.892694927654415	-1.9517353484470954	-0.45602327041816887	-1.2179485927028288	1.309702013799455	0.4249124438284673	1.6834121525515375	1.0188241606436945	1.3300156622259258	-0.799489646740949	2.52179496246237	-1.2953866421000806	3.243021857113424	0.13238693346539623	-1.658156609841108	0.4751585525515672	-1.6462213652223732	-0.8939060453759833	-1.3631578259011448	0.9935824066752355	0.7557095987717848	-0.6295051611250837	0.2892605020171761	0.20991389543121924	-0.2289069216458595	1.257030286538267	0.15876872640096193	1.7920003782527856	0.45719857332109715	-0.02777189442988567	1.084620974491498	0.489778564914599	0.03647418847383111	-0.3263886198717812	-0.1420997773703241	0.17814681835755078	0.8774886654955419	2.6677254912771384	0.15636637496314562	2.0388267635438133	0.440166785259379	-1.2454165185596981	-0.4172637598015977	1.8688069925987874	1.2205601267074844	-1.9217027488925964	2.0849352458386368	1.9093219732746884	-1.5417564012079168	0.35793191777048117	2.319357939783292	-0.1963482858451017	1.489959126910415	0.22980012178421513	-1.4166725308300647	1.0381138262503546	-0.5761094083977439	-1.372524785082446	0.008175398502095588	-0.532961537579191	-0.21534342865976577	0.4032947313916233	-0.0015000892697560294	0.566299252957129	-0.1995958916451047	0.10606274593592313	0.25840172322196114	0.041323945075167755	0.02025022187127867	0.4139514027493549	0.07239391828424453	-0.3005420905571727	0.40335194597097074	-0.17238331678145638	0.16115208542573112	-0.07913911703316202	0.1853577847568133	-0.0289072795034497	0.3178891616345388	0.16954273731990116	0.04607105821162646	0.07695273149560337	-0.0913406778959215	0.09319651978656025
DTXSID9041491	-6.495712875168235	1.335923990751423	0.9329928523672801	0.6419119610402448	-0.40712808105868764	-0.2351857007219534	0.5558976773408713	-0.577918826822387	-0.0015284728728133076	-0.07902605874452719	-0.7484642489800464	0.7479074925133742	2.5278620971339434	0.018564721604972887	-0.4989093675933102	0.16195614022642907	0.3954769936949408	0.26250608713266227	0.1670689699032423	-0.77360039984137	-0.6376810214949733	1.3908641638540988	0.1488006414464879	0.4289960122986012	0.07403985913232448	0.36668052297712045	-1.0673196256511137	-0.3275557886343384	-0.473467031148213	0.5330482085949806	0.504363065456628	-0.07767815682491971	-0.018564903451080993	-0.25996002399351437	0.09575251251563437	0.41014359886702284	0.3033341537585917	1.273813140836746	-0.30194087866535285	-0.826366240624273	0.5532139673086762	-0.5803320801597056	-0.7410646951260138	-0.32486963341393377	0.19315905361355942	0.0872516443248329	-0.37062896401806683	0.26152651998690785	0.6443737143358015	0.19696720730641257	-0.3588350573763059	-1.396264890898868	-0.36845498329276294	0.036391077040856035	-0.29587070061828574	-0.858796168562387	-0.407144624258799	0.16848212813435584	-0.057405833705852345	0.1972176479697307	0.26166021080535046	-0.5272032581453079	0.6007432302807357	0.07513437430689206	0.012799477239527462	0.6318564135574976	0.6059191304710088	-0.27166793697071	0.5827208132295885	-0.15818201127679127	-0.1491496147305124	-0.2266597678518581	0.0977407908575212	-0.03183148278932374	-0.39437297506424385	0.4001411345949104	0.8846437746313035	-0.9622025185037111	-0.3289147479236554	-0.11217361952333407	-0.299973336018684	-0.6882577113368951	0.2368967361485997	-0.16293846159700404	-0.31747447954896796	-0.6057441496288672	-0.22444398965181653	0.2303130889369097	0.5459468783679523	0.09504645359448823	0.20025358928392437	0.07772200037150247	0.3875312146238077	0.043036861537566896	0.07377320093088459	0.4260670256906522	-0.42984149987833437	0.29754862095183265	0.3881285767398037	0.15511889607860238
DTXSID5022194	-4.705872304695753	2.9709459076103246	-3.198074857001984	-0.017078318617726802	2.151506866933848	0.625476895531824	1.1763602102575206	-2.3618302378652225	1.2692219755013348	-0.7265307676154166	0.7449630116461584	1.0805118127848308	0.6728362767249204	0.7400398894008233	0.3830533527463698	-0.1812399156133655	0.17675396439313165	0.8020989761209055	0.7085313113251986	0.8647061337941437	-0.3240384191470367	1.2562512095485179	-0.3317625317973993	-0.21728720063377982	1.1612229235805742	0.0574858460479197	-0.2013164575152441	0.15239036485597898	-0.4659656172736605	-0.013085987602106256	-0.09702330461100599	-0.06272476774254504	0.8490617024141126	0.11202030613079475	-0.2507215116347912	-0.35625101831867834	0.20193193369405793	0.3394284919254567	0.3049391725979296	-0.37195851856768003	0.04304112833742345	-0.8791325778918823	-0.2812062751583037	0.0021307651594091224	0.2806217321594854	-0.6735618056605619	0.014515649800217275	0.1389991965190779	0.36182797527857563	-0.12590651776915648	-0.07309392887166583	-0.08449855095816702	-0.20010200543323203	-0.133660239770969	-0.2601570610144974	0.028455396620110898	-0.43694612369981023	-0.6250227311738916	-0.08784723009670253	0.5018038887428443	0.34006916188714637	0.23702888967491637	0.25876157050970866	-0.399416538327257	-0.3971487300498614	-0.7353760491832709	-0.7869552373326933	-0.27612406662288763	-0.08200575722731072	0.10733821234012447	-0.14443007312286887	-0.18770854936520087	0.27366412444945815	0.33930791104953734	0.16910064697702892	-0.07029776680082926	-0.24551462554748044	0.34107949321305925	-0.19861130005720312	-0.08379440654210105	-0.17196982407286707	0.021850964487852467	-0.07793253562857572	0.17492353373524272	0.05013474567535397	0.026341529225185116	0.337514451867335	-0.09420175272474349	0.0808036099757063	0.2832782588066748	0.3674665462097317	0.21390061378968417	-0.38294243074065537	-0.06185509984499761	-0.257122833144978	0.06087957929263694	-0.12686638790217414	-0.08131665699539842	0.13861156381505033	0.40840741739502306
DTXSID5047663	-5.176571388147992	0.3517662236040204	0.2293846775887173	-1.5443707842737153	-2.4588887431732243	-1.1869127078770914	2.463640308201209	1.5059303145497616	0.6952227536334226	-2.3044195559423133	-0.4832361170761204	-0.24133926295237515	0.10584500373631661	-2.255596626488232	-1.4302574178040848	-2.428231525940472	-0.21161978548662683	3.0822234190996958	1.769493542357391	-1.0652280850093694	0.7801070918634682	5.0820576828200315	1.829833624267603	-1.2637565306005396	2.72127985614262	-0.28305580408303205	1.633888043609246	-1.0934690934727858	-1.8873578892155358	-0.8406277891551572	1.963354719009661	2.696382920024137	-2.2848941453516103	-0.0023135608617195855	-0.14927055786129217	0.8597676045775006	1.743219892773032	0.3858056415059067	-0.02779291452758135	-0.044738866400833334	-0.3298753662301762	2.1516626927998135	-0.010840003046804813	0.1851513421213721	0.2517841833643381	-0.04933062056066514	0.6460203029785457	1.4509797852112978	-0.6406013326490636	-0.4605104152420371	-0.6038163283501798	-1.0253668260795732	1.6939809812702202	-0.5913157063225434	-0.6799162511519325	-0.19910714658424308	-0.73333006297769	-0.40172865413546305	0.0472701276900745	1.0643257615780004	-0.7435691603305686	-3.0380702070098087	-1.057639126606747	-0.17127594043129007	0.6119466037430096	0.3309929892092822	-1.3132667230940867	0.17944194793227525	-2.3261500668970325	-2.0207687563745917	-0.11068182716277498	3.5241708235709615	4.5030122346837045	-2.521550951949989	2.6255319678478357	2.0127818913710924	-1.6035456844568026	-2.096564033694472	-1.0947443770391945	-0.9822407461637189	-0.7797823375801957	-0.1451047272713103	0.10801932094521545	-1.618302346430289	1.5235252974370113	2.0678469694488952	1.3061558749874496	1.318752166111253	1.4569625702601752	-0.39764165467797	0.10884453378373957	0.38517711403664584	-0.25902108531666973	1.1714852555681954	-1.287883680662974	0.8172971539430347	-0.19271977919030203	0.805842189816469	0.961186118930682	-0.4960963884876049
DTXSID8047266	7.940268945469672	-4.383982040183898	-1.6422295519909265	2.156637664379844	-0.868983060825093	1.9840453810315921	0.6885004275701981	0.43399633135504706	0.14008059617186	-3.4720336925586177	-0.30939861785685235	-1.117221470967825	-4.0265970058823735	-5.744714086646955	-1.8987833745669667	-2.768170203666964	-1.9395019314648032	1.1141911165872902	0.7996162582131037	-0.13936639885837113	1.303574445929666	5.931934193495553	4.4900745080923405	-1.9722501561605266	2.6445672057416068	-1.550976593230844	0.8330132837766376	-2.991071620964786	-0.9977511758792439	0.2564817747095719	1.290982163931332	3.008760477013552	-2.1694178556229686	-0.1777192302546876	-1.2987808099662124	1.2073688953656583	2.1801157845143733	-1.0152549777768494	2.7817826775831365	2.2277343818882755	-0.48655007525373334	2.021804719288987	-0.15556979983312919	-1.1316380782084985	-1.6708852197969757	-2.0964855219928786	-1.7451516338397854	-1.466804014236324	-1.0099882308356993	0.18121904860746535	0.04556924633529141	1.0621182428765326	-1.82957577951354	0.8006599689124865	0.8992021612296132	-1.6859508745028837	-0.4182396063402451	1.9495271071617304	-4.017948414490515	-1.0061834598314743	2.1375859214243174	5.403115769656422	-0.939298363693213	-0.7319292611688257	3.3572526682721553	-0.22312428502892387	0.7151803088381836	-3.1445543986884585	2.633919794579104	0.2705152266029565	-0.7712999338834088	-1.1907470742057595	-5.300498430648691	4.2737460429211644	-2.275437842307747	-2.377643729496994	1.6590419601395678	3.0333674657450875	-0.13822462526301782	-0.5222634920605603	0.8925137513764343	0.5096793006694366	-0.9956771461206689	2.8290892463097106	-4.345743084322816	-4.9504645520587305	-0.9910565246014936	-2.078073697882657	0.264641443546741	-1.6254884300564014	1.2340778280697016	-0.9506522841690463	0.5325252985415544	-0.3556652129741839	0.8624654865864216	-0.13220845463346884	-0.08698337808173219	-1.6130650458470999	0.08653175558537672	0.7383370847123479
DTXSID6025436	5.412150895406622	-7.690614894001235	4.103968416856158	1.2845799898746961	-0.4662473513419463	-5.17951552192393	1.7252344734041611	2.0066052586925145	-0.7367106994497792	-1.5403571279801085	-1.0217055699335875	-1.8457771194610764	0.39644970224612175	-2.4817214872909448	-0.8273095999678077	2.6155573387282054	-1.1416821230179366	0.9784929277785719	-0.718844057641118	-0.20636213685101965	1.1050317124258822	-0.5304400373831247	-3.7867960442502677	-3.158015349797915	4.4976069503499385	2.13012325130939	2.191650521645902	-0.0826781589144229	-0.671189496016843	-1.4831387078506302	-2.020834308060008	1.2794216864825412	-0.112880407088768	-2.127790947183669	-0.5358025714382287	0.28666404181058136	1.1981400227477474	2.130381952223287	-1.9624485249785113	1.157224060050524	1.7780480461569725	1.2841843149976933	-3.54013724334309	2.998182691963668	-2.189857982541274	2.8587595636484266	-2.925710244137009	6.557239147329641	2.4169820584935655	2.6637978265715554	0.6603654836435067	0.6550500696006222	-1.8058617704486464	-5.436889978442037	-2.879031740545477	2.784842647117275	1.3668392035091799	1.7335168206135438	-1.9189729127568105	1.734054271785096	-1.56039669391212	-0.38602002169423666	-0.3905248685893667	-0.35432456846068155	0.29677920239451794	-1.1519359763523853	-1.0539687379678833	2.6219513258333227	1.005885675085565	2.3659809752507255	0.4364905909852837	1.4903143063573128	-1.2385818696118522	1.029170080773675	-1.1716901938537934	-0.8417734094065581	-2.5805326935423296	0.8459123246894755	1.0186305672111984	0.5645123988453441	0.5890064128832201	0.07588518703547252	-1.9179756951300435	-0.6506820077790197	-0.472574359307663	0.43151697665648037	-1.9510708709707303	0.4257788663896513	0.8424812855053981	-1.2384807395078716	-0.5859726870537958	0.03886350444387654	0.33425206557223947	-1.4330874406825613	0.9287427641017413	-1.8027260305280368	-0.9059308186575318	-0.4546257301017654	-1.7550621564603357	0.3573569203421985
DTXSID2027416	-7.519755490521935	5.0211332769497625	-1.92473557835145	-0.5670173372200084	0.5872479372458721	-0.6629200615996648	-0.012929443987374539	-0.5484189346680032	-1.2573048452301405	-0.1015660611751892	-2.1166547713974255	1.750423542554771	-0.14264398118776517	-0.7664273616729781	0.5369078000199852	-0.19545221348810826	-0.15438739570431878	-0.4530608843792701	1.0825252082393906	0.8289885623566345	0.6351470756717577	-0.018282040815735943	-0.2956697792360068	-1.2578780130803158	-0.3285659011518191	0.46091062659272747	-0.6210792631387877	1.814741281894405	-1.7241172405582306	-1.2300926138897084	1.4809801850717554	-0.3337968074443966	0.8973901503508691	-1.235432036273962	0.5778400148650116	0.26557765772641656	3.076262669413176	4.240803607883837	4.5478854520711165	4.757964310656008	7.55407016842367	-2.0816266105511523	12.198823994487038	1.7290382728687566	-1.86775300392107	5.0183162454795855	-0.9317408587818503	-0.9640508063759488	-1.95099980463686	2.1006836015594628	0.46829351642397843	1.4497546143419313	-0.918189893777018	0.009832012396961883	0.33926002141717265	0.43246564469706456	-0.2185494140197347	0.7462603092798079	-0.6378745717870928	-0.6072232908389525	-0.43968682351126126	-0.9526589180112986	-1.3585257895609895	0.35245141569870003	-0.7033594511062852	0.5482756839821123	0.9200291101556327	-0.3523219669231095	-0.38381738402722526	1.1225495985725447	0.21640327953875776	0.4333334696692553	-0.07208754086258579	0.2801101495798275	0.1694043413789324	-0.4736937918969011	-0.14519239921739865	-0.13498668485454332	0.5279562497413973	-0.0769695412892108	0.39756637519769233	-0.25283021941397826	0.6402557305708778	-0.5694211886974196	0.35805436166699006	-0.4240804617060523	0.170745721561732	0.08481320069880822	0.20109309711728332	0.2333231935775517	-0.36558621344756237	0.5501695543704966	-0.12591250148871008	-0.14833625700021563	0.4673269435113157	0.10166251287312673	-0.097217340595709	0.079081983168181	0.2136071865696316	-0.2804241881669755
DTXSID8047929	-3.5265460035033787	-0.7304981690523796	0.8391282797017959	-1.995473332989182	-0.7814060521513837	-1.1949486815897263	1.7365809958340317	1.1197423997633247	1.2298488906732672	-2.6861011415225042	-0.7462292792049948	0.2015390735571041	4.33795987365748	-1.7873009171596668	-0.3194178113943363	0.2765994227745123	0.27218749976231765	-0.11132360899354399	0.6356637475655529	2.3800217284597665	-0.813367835954009	1.9248123940544573	-1.2528645948488755	-0.49091650013169713	0.7640280045343907	-0.7315047021601918	-0.06732644972631113	-1.8950947624361791	0.48933803159740746	0.8067911799770241	-1.223174428296947	2.6427823034794713	-0.45170692704198123	4.011373911352169	2.040725264372562	-2.095126209333483	-4.401941667896096	6.118212130768923	0.29024861177224276	-3.865032610341847	-4.676243455292749	5.265166798645152	5.881845837762022	8.695760302816295	-0.5870509111549874	-5.4999444914182485	-1.3864461606503142	-2.9264827289993156	1.2977624217742467	-0.6978425634620761	-1.458838735831212	0.9358820449513952	-0.6079494138963952	0.3340196249555566	-1.8760757613082673	-0.22836113620147008	-1.2561499151049063	-0.6443891316821219	0.4700618494818403	1.0598281444143791	-0.3771895370322848	0.3895433139274234	0.4358342355919711	-0.8934782654583303	0.5287605821217227	1.3836306507320688	-1.0125466483525298	0.9295505333155288	-0.26957756866212645	0.8724203993632765	-0.07252258639481073	0.12001806256626746	-1.3776558948082218	-1.5960879367206644	0.21167379823349775	0.30177512034735854	0.36622448986550377	-0.29050418770641506	0.17034428289323086	0.2858301284408558	-0.8770040098530005	-0.01505586690923295	0.6881735395222437	-0.486918359326758	-1.0221872279419038	-0.06875559818638939	-1.5507799818193833	0.3298325361547557	-1.068237712553389	-0.29672094699137885	-0.9111968563759201	-0.21944547437482176	0.7404175343513449	-0.6908532146659638	-0.0023683239547825034	0.9864032219519201	0.9387116698532728	1.0036134746302081	-0.1154660730101318	0.3206059040060377
DTXSID9026974	-1.4668824378025838	2.5659300035182073	2.531786392356286	-1.0709817573318496	2.616052276056333	-0.21731333792374674	0.9058294089915837	-1.113305967385489	-0.5881861287921409	-0.8180010195573683	0.00389846627138626	0.3744590614484724	-1.667339888854049	-0.6837436749471059	0.17709724878425703	-0.7558593774248112	-0.7555749776990536	1.0906330381151916	-0.8789934952345771	-0.2456981603009141	-0.9822500952200055	-0.6898160747661666	-0.8662159135870576	0.5600805060617461	-1.457527024999049	0.7783954146505668	1.283616549163955	-0.5553844862476583	0.13115323559577302	0.09061502187024627	-0.307894018964572	-0.059700465798871394	-0.21913404328940295	-0.3520849546910919	1.0181886432954992	-0.42862570481178736	-0.2297607495782387	-0.2987940294770377	-0.17707455169052105	-0.21499704102110595	-0.0339319305330743	-0.8498023379344748	0.3767350616400367	0.10970952960732713	0.5868221882510845	-0.3540084274175748	0.5164162191470729	0.041642003993908	0.1493499769503116	-0.1424320354881718	-0.16549479082267912	-0.7943420598997263	-0.07258040263623389	-0.8160136805080207	0.2606915379223168	-0.09552687927070111	-0.26298327628677753	-1.1402081971118185	-0.8061675420485206	-0.665192657848258	-0.8516731736189509	0.5424943341777231	-0.14703233857153764	0.3056730695293979	-0.4201903364473108	0.3038975546198152	-0.3404275159053655	-0.08829758883131834	0.22449334342626268	-0.4240446987369534	0.23176442767063338	-0.6103110467274665	0.3151741809779421	1.1848403858188876	0.2398274768242889	-0.11487279453354131	-0.09819231975140832	0.06762102922332333	-0.2580867081764022	0.03579929255583865	-0.09137008487539883	0.06713853211060229	0.5362152595165738	-0.2929296521305453	0.15039430990444372	0.47335126243466136	-0.1935408538320581	0.1537536363791346	-0.36024412429008557	-0.07303801575398602	-0.329097729653851	0.1016655811529536	0.2747700631778443	9.061109286800082e-05	-0.28908865117198834	-0.06119096201754383	0.2766740844019464	0.14404990794930778	0.20574409263913887	-0.3112076893779218
DTXSID5020576	4.6236052098990585	7.563737868641614	4.9609107281955325	0.47853814147720375	-2.010382471748425	-1.4467118258103007	-1.3140570800811375	2.0070388047341887	-0.6996737057236215	0.047436259816858145	1.2888436347679881	-1.3826829792276283	-3.190402285682842	-0.6208178475923829	2.5117404516501813	-1.1111624970362743	1.2593138542546505	-1.7228321003719584	1.478843369083506	-0.27711130159501224	1.7341757729595952	-0.13804364511033307	-0.5755596811995219	-0.1653848587467556	0.625726100383363	-1.3246402862328122	-1.0004940715619821	-1.5668485857570404	0.13712509733144743	-0.5292803038275936	0.2901076528948319	-0.4259076650931342	0.7863059755638957	1.3404878569466863	-0.21275537566355932	-0.8839676629718366	-0.4356779085236916	1.4003397912523876	-0.6113498028890957	-1.0949545705575083	-0.43405960152130213	-1.1113579067431536	0.23133191661511085	-0.6104774729506836	0.626404108505115	1.5260030012130343	0.8771311064651103	0.2949914161266452	1.4621132212273575	0.13153048487972643	-0.25326002448140084	0.6394654371228488	0.5163987374634081	0.10454181572928511	-0.5747216984075935	-0.23487015008632156	-0.07858321971677584	0.3103286526572747	-0.7315761641751818	-0.7919601261526203	0.14818883312675415	0.07079667210654564	1.2649693962930302	-0.25801077671385003	0.026933617621569744	0.08678746244941359	-0.49377686505060464	-0.08648126256362178	0.2100163250896007	-0.2151088114859326	0.2504320654480134	-0.0038673815499807225	-0.13075971373441828	-0.06084326260675789	0.18395352842554374	-0.4167952404580178	-0.2102623551365513	-0.0007450462096602693	-0.4284709532205639	0.24480691778002497	0.06463195922220369	0.04496287673475522	-0.055293524586394194	-0.08838658022203022	0.2021450868988521	0.11865504206904817	-0.36678691749822456	0.37219963563831165	-0.23696573949059196	-0.4274555161784439	-0.14521530157885357	0.016077980804265334	-0.17078379877396133	0.07672549930938422	0.15475001270703567	-0.4585359633467569	0.002586330481171658	-0.07203248976808381	0.08074832869693759	0.07898298227432443
DTXSID8052308	-6.195080920775468	-0.012386254821118903	-3.3926080312216107	1.3093749817354035	-4.298782847074501	-3.567099993215938	1.3620579947594444	2.8821146488880056	-0.4247300291767066	-5.102925164270586	-2.583312761442465	1.2481528877966819	0.9456891466785246	-1.2267466458422347	6.701797737824768	-1.322172579059768	-0.1314600891534689	9.221775660582688	5.224031853769947	0.26915380353000357	-12.337912766008696	-13.121415605671263	13.376595212347311	8.226414971863338	10.72237409581764	-2.333034875252506	-1.367432477316499	1.2864240974427155	0.8468502968492455	0.8781901865571184	0.2847103395110279	-0.19509393069036254	0.4754118013501614	0.37828158462751543	0.22122473210718208	-1.3687086372509616	-1.404739245784261	1.0690927275197433	0.5581508172613727	0.40635450378536386	1.6530963207701082	2.2043902143110206	-0.5439822706702686	0.20868272616813202	-0.0310808768697525	-0.7112104900171852	-1.0576226486944187	2.3935899714491065	1.5034047170113365	0.3788683511572368	0.10513327057632246	2.1328486252759107	-1.3048836687567522	-0.3168871863131131	0.6030667538938931	-0.8389918684681353	0.9225848692171791	0.9725576505979324	-1.1680420303936996	-0.3075351585712463	1.658173420891975	-0.9175104591510187	-0.36209246691332686	-0.575071939351907	0.016360850357370803	-0.47562984582031126	0.5470823195947555	0.2439773553735478	-0.38064836791078416	0.7029685775574381	0.5203601509160575	0.32583891724965	-0.18059863217577546	0.8563944758876755	1.2785084393396724	-0.25285440064955805	1.030770203453621	0.6370466959724943	-0.4635553568196933	0.024965881448487322	-0.9996964011235713	-0.37230066220269914	-0.7973543703816686	0.5590471521100326	-0.5786826250629636	0.6657735864018725	0.7646814702798255	0.7330698928557118	0.2983488332623147	-0.575503372295107	0.7840332850723524	-0.01523411788182316	-0.5799541909074154	-0.2985480738487416	0.9396320834016242	-0.3673982744255251	0.10361009726918308	0.6333844918204022	0.1490553260245002	0.27310357280372544
DTXSID0025361	-4.151504039024795	2.0419688716733915	-3.6990438283198306	0.6564705929625348	-1.8549189378182265	-0.4551538312894453	3.72153670761669	-1.3084502792004595	1.607139009902536	-0.36732325043252645	2.6049002521455904	0.6456750383629888	1.8219708325999555	1.200445144601292	-0.42184295215198425	0.9420138778913256	-1.084546248674637	-1.7226209606085057	2.99733410660029	3.694405600304145	-3.277989920203411	4.5902796656258795	0.9182822619693618	-0.8656214643158895	0.07694015948191545	0.32725418817426455	-2.1017717943065835	-2.828809949421919	1.4285792976735803	0.815163373156924	-0.06277929387680102	-0.9623232460460557	-0.585937352862095	1.921831562696567	-1.5344082641794956	-3.3709935135394695	0.8085474083523418	-3.8494108129212083	-3.8329346670270104	8.099004973776063	3.144010569030342	2.785707258785317	2.5514003957052926	-2.3137043832047217	2.42085688000812	-4.918085918076448	5.771651981356175	1.581739500588287	6.032739414564683	0.9712738796992529	2.8082258389610137	-0.4078979348444211	-3.337079398394908	-0.8862508223055117	-2.512172038109667	-0.7673729360066491	-0.7476051832212165	-0.529596504611449	1.7728552072357415	-1.0582596977283	-0.8501591281520838	-0.18873093263488683	1.2763837570618295	-0.08594723901314381	1.0496043355187876	1.3158936127676293	-0.8343238455767453	0.7838821065328566	0.15716020708994854	2.1200073170950984	-1.476073311263047	-1.7476324920674318	0.3577573015506755	-1.1062772205912672	0.14298676432894644	-0.5773116811971079	-0.3560331533070926	0.37656032979506926	0.37490744693137307	0.11741654318680668	0.3079010681776333	-1.0548791511617381	0.17939534579935487	0.05888872816148925	-0.17874037568922174	0.24675445041973065	-0.11014069532003376	-0.000376147813863638	-0.8302045141938215	0.5877377583061081	0.12072390527160264	0.025529034342032846	-0.32425979507950925	0.2812459384211025	-0.81947063096059	0.20543559524056385	-0.49277662702621244	-0.7465778258377989	-0.351417631898545	0.3690601919919088
DTXSID3041611	10.47051160887073	2.6620252135109173	-3.9591312683896125	2.7105635339117873	7.52614700366195	-0.29800253801230014	1.270841838073851	-3.7324671346108182	0.561443885850007	-2.5522333352345563	-2.487602997163196	3.792207575042833	-0.8631323319127046	-0.04788174399375996	-3.21532169560681	3.526664360859084	2.957078065836014	2.6310566305020378	-1.1278661869452569	0.32505127385109	-1.7438776507348552	4.169477637195438	0.5293921599662624	-1.1036690491363756	3.1100812393682333	0.45649848808703064	-5.522931925388181	-0.04062242500452265	-1.7262834967157041	-0.26304473584712795	-2.06652518768251	-5.853856162223048	0.518503071607583	-2.48015125157777	2.0274646385822224	-2.0024577510832318	-0.7820399486129415	-0.08407181146046179	4.327533484526274	0.18153574476454834	-3.3911310405628163	0.6077539236006402	-2.2650858719487137	0.8364510037617234	0.29051674837858454	5.133538652286507	0.6306885319382496	-0.7384842185773236	1.3826552779966343	0.2996057051786479	0.13985268322926483	-0.5811969825976014	-1.9529762424046742	0.2214844199443405	-0.3300287203847834	-3.290326505856332	-0.7303864975129253	-0.436703642187026	0.8635722647301437	1.629243901486953	-0.30127657257062557	-0.9262458909328989	0.7933964655019581	-1.24120289557836	0.23418222278528725	-0.4007310188697662	-1.369427764706302	-0.33036196964315134	2.05148032092899	0.17683840506392137	-0.3032924700104011	-1.775956977771737	-0.34527965373604697	0.12762129185219726	-1.871827418984213	1.1807782516946845	0.11147284616317145	-1.0151733434559422	-1.130247981027471	-0.42640593528685683	-1.5369797091613095	-1.6561594761914606	-0.07378113471419971	0.28792046023225837	-0.007405184242232453	0.29537679290159274	-1.223287965416654	-0.045744192414683374	0.33146830915219816	0.08634046391432078	0.6528401543638966	0.776971630823582	0.0432660452999459	1.4169533647677381	-0.0798744440276189	0.09073247055659807	0.3731320781298911	1.2024500158477196	-0.3837969133861884	-0.7548101422529616
DTXSID7041752	2.1281285447002936	4.61479523994092	-3.5981045349988148	1.823220146351213	-3.131930778649524	1.813569085242669	6.89130151007232	-2.871953122096691	-1.8181208330050482	3.853545750253044	1.7943551628045942	1.4334888072597536	0.2835964224161395	1.8789611202891048	-1.6091516831640253	3.1948909100316154	-3.884581355645042	-1.362256897493002	2.369894199169466	7.039551040094198	-4.997305537114375	3.303004206383341	2.8195546909745306	-3.810819025553259	1.7186095150222345	-1.6854551402144313	-2.5337985638707674	-1.78259645979771	0.04287697985008187	-2.790147502595884	-0.35679326130755684	-6.283404261225546	-5.4469329315243815	-2.8517126204735477	2.7301445960006743	-4.58273610386086	2.508609961198038	-0.13307734044894598	7.9377162648813355	3.7719339127271163	-9.075548053526152	4.397828552172038	-2.4432774733371345	1.2943926706909827	2.468302127055762	8.124302319051553	0.11368983139458134	-1.4229723450039367	-1.9310088389052609	1.536046116619568	-0.1604473151468563	-1.5509575390630796	-1.7241313523047954	-3.0497747013846803	-1.4093190755855245	-2.183819869825311	3.865437427683391	-0.8477265600539189	-0.29779446218957173	-2.383489185439515	-1.6139193643388334	-2.322087719905946	1.6732641288122552	-1.4494217398355829	0.9486079383567603	-0.6642846527903965	0.6932869687366499	-0.4940376299583177	0.22279460071540852	0.0006839478487295662	-0.24505374753055129	1.9222672186651248	-1.4996769676202744	-2.21593961395774	-1.162856317987873	1.1633363265563468	-0.2421406135272534	0.1492808696158632	-0.38548501904047644	2.0420396730715598	-0.5276078687920083	1.5933650833575141	-0.09404748610675133	2.365808923142268	0.40013151208213793	-0.3084266762849872	-0.5157022892585615	0.5941333610096965	-1.4568874925370632	0.29876928212184856	0.3907443530839111	1.6099135518194911	-0.05709718469074652	0.697296467723378	-0.3839691850997229	-0.8334279703310914	1.1419265896582786	0.7960817498216384	0.05185832649320157	-1.57946934700788
DTXSID6047947	5.6784040721882105	-4.846222030813294	-5.945953561016644	-1.413249187161277	-2.8045135337189477	-2.238314848452684	-4.081781015048288	-1.8200856148955356	0.9404212407426183	-9.18355716103147	-4.371363517166371	4.918461168311282	-6.84540493638086	-11.207324714013337	-3.2900366943626107	-8.662713143361158	-5.283818751422295	3.9078944868757937	1.1003908752160059	2.354036329762641	2.4219092058890435	11.971756869106315	3.7308832106162475	-3.240372913356111	5.260157350386921	1.3325146759956668	2.176354326181594	-4.107120620395668	-5.526969595918294	-1.279261470723887	3.9336560855953393	9.91238173578993	-3.9894971375303983	6.635927996791808	1.65777837710479	0.38319825871146396	-1.51462531740242	6.264746453669068	3.851095710884764	-0.76124666563499	-7.241951338114328	8.375318205111608	6.244576437177729	5.365866057982611	-0.99853570105934	-6.988232436771235	-2.707733943588968	-1.0820643599306201	-1.951767637316314	-2.999290341701585	0.544091215144568	0.2930900564288633	-0.9781199819970517	1.4656147572691092	-0.9497385534218316	-1.9301087831554344	1.5985823052643668	0.4433349906904031	-3.661605555516052	-0.624000732844328	3.9478765607335466	5.759208327686633	2.504594109833352	1.0589768609519414	4.630399607719921	4.819267396706262	-1.3842498333233582	-0.8738760921720594	4.467087138103791	0.7314690699327476	-4.843851875159371	-5.7723867382240135	-10.965031503316501	6.80859527950985	-8.183873930589789	-3.5556053374346854	3.2352683076718547	4.815144262949504	3.8441577705755567	-1.6696566496935124	1.6714698022372505	1.7218247712857746	-0.13940132216075726	6.122871608816578	-9.158456093382153	-7.167290623984785	-4.195297051841382	-7.693217131831577	-1.5879109700772434	-3.0469407959180352	1.078286489095221	-3.090258188548696	-1.120602245562772	-3.98428559168385	1.7783051516558506	0.4680698727018712	-0.8934388863971255	-2.675945235473284	0.4501040358577149	-1.567730616729581
DTXSID5045540	-2.394305752859547	-0.0035351878744320346	-0.8304095838215965	1.133627611832148	-0.9041936239855017	2.912481492251902	-0.9723139082507101	1.5837197785829022	-0.32879639170815994	-0.9053118257265066	1.0295839106488973	0.5703906168685839	-0.10090156055365403	0.6981067699743985	0.045159347028691586	-0.01836179865270197	-1.3523632145179283	2.0108861430387233	-0.4437404171500259	-0.9965807762236082	-0.09513931537211812	-0.9734319608831168	-1.3604498679144292	0.9580597420614899	-0.8561686121882002	-0.3063470951795848	-0.04042684700937138	-1.2929484329598824	-0.1528224592658228	-0.888688842571324	0.7107657032680667	-0.17315715778937632	-1.1408677993675698	-0.7999452396439091	-1.0884610950941596	0.51662660681048	0.5430033289522574	0.8083335498941225	-0.615900496334521	0.1237477477855358	-0.3823559206265229	-0.2453442295415579	-0.646073916406502	1.2288127489955176	-0.047835734184448225	0.22405476136660807	0.8602372472283902	-0.2691308535814505	0.41348408843369017	0.8626508001094613	-0.23325287752932833	0.7508085211524537	-0.8928675855714925	1.223489995157195	-0.6688173622525448	0.2653316777679702	-0.8763316782717631	-0.5032665397908146	1.5304284422795547	-0.5704136890506984	-0.23315005482773732	-0.38489368453036266	0.31587659927320344	-0.06212214572459818	-0.05324945525116777	-0.32111067291383943	0.023312619413520783	-0.2922599718198676	0.4738382640221812	0.27827088426394814	0.5362386334430055	-0.3987830722255615	-1.0536084422857959	0.12821995034909275	0.06479436101316544	0.5361469469640475	-0.06715633292570443	-0.40155498886780217	-0.039079108257528215	0.8671640004887532	-0.09050224577582272	-0.11592842171866702	-0.34971903724187275	-0.6900903123202866	0.05595116648899041	-0.5413485681289787	0.03177747917121555	0.18597982072528055	0.10801729452613949	-0.13284306917349487	-0.14178783462129874	-0.3622418140500955	-0.08520603629369243	-0.39031269215846537	-0.36184592873675236	0.18585609745956783	-0.3380699178750856	0.6566354150762034	-0.8187252469391403	0.17317519537130666
DTXSID10379835	1.611083538484462	-8.534293477093758	-8.431809133859943	3.0131058887090543	-2.7424772407465445	-0.4172997716768686	-9.362434776409916	-8.51946907815734	-1.7152772727783372	-4.9076208701739406	-9.153086929713048	16.456122783217914	-4.393760347422859	-3.186697305750386	1.822164394941992	-3.554987381804698	-2.0736881447080755	-7.04290982069254	-0.15188940151097322	4.5606501927127825	-4.180003164825754	-0.6862313277511178	-3.449048703317294	2.0661674615341514	-2.151948034182024	6.302874548856372	2.5637256345481867	2.6918276045706024	-5.052097751737528	-2.4415016329058625	-0.1144158916244716	-1.1038211707453678	-3.5764112004508717	1.3536302687990633	-1.9178548807327567	0.6780718479619618	2.547154086900739	1.1902459951725215	-2.0820199261193655	2.488818491833204	-3.210904095552942	1.806590408864567	0.1601821731358203	-0.37696376966886236	0.18341284825962834	0.15564798927952672	-0.8535397086011981	1.0770092342864332	0.7250116030335082	-0.8797418696381396	-3.6358613944552047	-1.3095040381147465	3.1882143608527085	0.786865909927804	1.988090445939554	-0.9911081122450872	-0.7611919743013914	3.676958630626574	-1.0442463444067995	-0.23522623893690453	-0.48496745791961093	-0.4338367762682128	-1.7622427546037274	1.5255914604301608	-1.6533231020342292	1.2659794142022363	-0.7194693586745294	1.5961543602728898	-2.2789644844634482	1.347911111537427	-0.7183865830665456	0.25873952231048236	-4.797415681507948	-1.4826588565363663	-0.8464440394329186	-1.62328696754729	1.0481627297162392	0.3524846526693635	1.5219456511354723	0.4713173791180245	2.2514412233899836	0.5091635962796411	1.499043052826702	-1.2583328034481485	2.2476481279170777	-2.1467405434053357	-3.2053676836582747	4.262643106514566	-0.5430305934072936	-0.3088739663901319	-2.6157720525560313	4.13230511904293	2.641687270670902	1.7334726466689265	-6.53793062700572	0.284776283156132	-3.3517122188818704	-2.7104302663433932	2.5223844398166557	-2.5741806525907767
DTXSID6049351	14.82079709782482	4.65967780405389	-1.5040033931998156	-10.095173635981132	17.114579659549	-1.2101942414046427	0.06226706552640371	-2.7331781743399755	1.2296444267310176	-1.164208856164044	-6.77232609406313	4.572566969434798	-7.599121710414297	-0.3054300974314862	5.631204698359374	7.812978146507526	0.0839972279313954	2.7480112009644655	-2.9130611949483987	-5.213745915725322	4.8532067341166005	1.4795074766430922	1.768827336411624	-3.8819991031426175	2.1534668235155943	-3.8500576033257237	-4.411428557058869	5.7176278274542325	0.5793341454131816	2.2050730208360143	-1.539044384855661	-2.3048981139864635	1.838609757837358	-1.1145991326839646	2.1682798549177633	3.102512584207457	-2.693110523883909	-2.4710988446143154	-2.069135897076318	0.009139249471977962	0.07823325662210097	-0.9862082439880875	-1.3001853783489212	2.5149263609363763	-0.9555819396534901	-0.6867745727641553	3.475914041105269	-1.9610498915661427	-1.6863702690410594	0.13297888072058267	3.269619945772321	0.004996477847673091	0.8813829736298441	0.5220408184605823	-3.308626176544324	-0.12916848152381208	-1.7970346474092804	-1.0654063449623281	2.193127478382949	1.3144632401895067	-0.6064588302482449	2.2312915273740495	-0.7935661775389933	-0.30041013811587636	-0.077327322882526	-2.658676235235964	-1.399485535774575	0.5156708473227207	-1.0072497013931505	-0.830723486547484	1.0911673022994348	1.6556973019384684	-1.1330539583640495	-0.06620837220030223	0.9362128900038673	-1.8982623920790636	0.7225348646998625	0.7373779499603247	0.5968818795265737	-0.04794948276921812	0.6840179415042519	1.56341762954516	-1.9013061996807403	0.318824030671033	-0.32996660804821754	-0.3104727099797527	0.7015900013144499	-1.8332570231186254	1.667236566204515	-0.4522411744444879	-0.6269753112109094	-0.4034555320091768	-0.765193343953228	0.5454104563498379	1.381659727722399	-0.21503186461930726	0.13762617503394511	-0.22623435062928138	-0.16901877672070253	-0.7360926926770792
DTXSID10190946	-4.5500427733336934	-2.326381139448971	-6.007553506319695	2.3164655968749064	-2.143320795819115	0.1163072941242467	-4.455367923671683	-6.198300550818907	-0.6540122026919372	-2.806208996890896	-4.320767598367568	8.385282240446708	-1.021926548280832	-1.7263650864697966	1.4878707986145938	-1.9413777040989157	-1.516259864680179	-2.995553339962025	0.2761615562336543	3.0517909821321596	-2.0798458740876664	-0.8419346580819059	-3.03953162599345	-0.3580241332789956	0.08497591557707646	3.386376311685344	1.7645894608296404	2.2827383521784217	-3.077532398732125	0.8775301546872362	2.0456901644397205	2.384523588630913	-0.02592099824574409	-0.9422658094582952	-0.4668973995995118	-1.7860462728982973	1.9258299999289379	-2.6394220963528308	-4.475262112200558	-0.5826447054733243	-3.5376469958498724	5.20500075434717	2.1651674167838886	-3.8750838761036728	-1.5434585289119036	3.96200378427559	-4.256167471233797	-0.6175663257359024	2.2206011719164054	1.643877666979512	-2.890326093800058	1.7953838365521633	1.6027483426493834	2.4257180685686155	-0.02405579125050909	0.8326347123742863	0.8331632217314451	0.4324771615654328	-0.5000956749221697	-2.211540917056504	-2.4698271383799235	0.5814565415137968	0.07740003767141498	1.411681318224434	-0.3689648817760547	1.8993318898709213	0.23250359791354805	1.19152454698829	-1.2505429627198763	-0.02334153951735746	-1.4721651117531762	-0.34338242623212445	-0.8616663813653337	-0.6480155265257039	-1.7884313372507656	-0.49998337077115834	0.7232874311266001	-0.383044314158369	0.11606935850330793	-0.3065497639818952	0.5148745443276749	0.20546894600823323	0.7475216659582924	-0.7629366518253323	0.13041607352543194	-0.5507756478849167	-0.9913904980346617	1.0555121444541402	-0.018135766488683116	0.48106679392121654	-0.6347962050065044	1.1463031686360845	0.4884215808764192	0.3078628440808538	-1.6944333537303897	0.1517657793537765	-1.193894576850531	-0.891921754485147	0.8722913419834999	-0.49890450348709264
DTXSID5024683	-3.3564659229805676	-0.05571174498819112	-0.7965805389830845	1.017730295996926	0.12608604128789078	2.3583617776424197	-0.24974690248357206	0.22126563070730224	1.5899949512209048	-0.09727640942290434	1.9617451385786422	1.4834166988188529	0.5670714720043329	1.9081905620464785	-0.5494019544472856	0.39120454281868805	-0.2675567179411122	1.2332700084803918	1.0660215045125945	0.18156226336373804	-0.1665784714431289	1.3875778665463674	0.29203227973037077	0.38872552729823495	0.7105776078421705	0.008681890710081169	-0.5916505975840943	0.441859212435926	-0.3710517235230697	0.41451575327290724	-1.0591324559885316	-0.26255042688937885	0.033401120166310444	0.13155138505497835	-0.3653987345236443	-0.42810528556275845	0.8312680325843154	0.44768739760110493	0.10156924318630024	-0.5147693574548531	0.018849971814377406	-0.555875352966364	0.11252181082628801	-0.18140446427586351	0.21490244677307105	-0.22289742200842172	0.18859929279383192	0.8252364009802694	0.5247216065531566	0.2776912336227619	-0.7039249644545743	-0.11790657132155269	0.7150451116353893	-0.43588749383442854	-0.06330633577413836	0.9461811830804784	-0.6254972437284495	-0.48135906268861256	0.6969300233125048	0.7057689883089241	-0.2012534556514721	0.07131217954930458	0.49335001326403166	-0.5481721493243248	-1.1254132628399787	-1.0159967796968632	-1.2601433996684184	0.1648623895455167	-0.4935075350278425	0.5362267444963846	-0.20947433630732587	-0.3634774382441262	-0.30695594345321997	0.5560452322827877	-0.17943470592372784	-0.6318880821022652	-0.48385969693754494	0.052945965760753576	0.2673715545505429	0.4698470361824764	-0.1747915227220494	0.0032612791903195693	0.23108852498119328	-0.012563223399160448	-0.17417887898447704	-0.41036620071105206	0.03568394590314786	0.0017714980958296064	0.4840933630316616	-0.010924837220512858	0.5328599091733229	0.44926458237557265	0.020454417719595306	-0.3647460161617498	0.06690114755094848	-0.3923478773948658	-0.22445735439273906	-0.41088776842070407	0.024033875711611058	0.2565800768444036
DTXSID20861913	-1.0094132940841405	-5.181613525513965	-7.158525759657919	1.4170845602716133	-2.8611789564158423	-1.2997887103422252	-7.633158422188906	-6.668774618582251	-0.5906272896448751	-3.745658666643614	-5.699446930751202	11.318188469257445	-4.177105603872311	-4.192351844678505	1.3692749655049494	-2.883482445776933	-3.3025468883535347	-5.297294440148141	0.37934471183615115	4.259253914232255	-2.7077393575696385	-1.0574447268728238	-2.6151900549635108	0.05020472343904938	-1.6497809862845711	4.365929770651238	1.7910915813412607	2.1645810100281717	-3.088895856617832	-1.3788485972325322	0.6226363245026456	-0.12399365034409078	-1.7167906399606778	1.7326621049541477	-0.9237691340645607	0.5973632914663694	2.715722407307785	1.7032544537367609	-0.7705778991797676	1.9530903732092306	-2.0167503324649885	1.4399393836276462	-0.08420769633695929	-1.1985690585378939	0.3085986499332106	0.43439338172272307	-0.9059951635201338	0.5809565667580973	0.8231882741293294	-1.0172339030704427	-3.240283513011557	-1.1929180450000418	1.7914268405129836	-0.4957229968252525	1.0165719606632175	-0.5084650124140341	-0.21223507044248383	2.0594429335269178	-1.9242839038636	-0.122458095069052	0.09909980948552048	0.10799749867067346	0.007873881097772883	-0.013049496345877813	-0.07874124015699126	1.1361814034001076	-0.7146001696052099	2.0973873994993397	-0.907121503549167	1.3038611171536652	-1.4049915486067424	-0.23207064652364556	-1.7195948529327385	-0.6507860335021187	-2.3116410776084937	-0.13471870572308395	0.7138788197646114	-1.0082614490386967	0.7373997496292705	-0.18713162256124904	1.7855631406856056	0.7424150445514899	-0.5248051093666214	-1.6960062862806513	1.3772115291270555	-0.6810565422837729	-1.9887842104187496	1.0820458195021891	-0.8339729602388968	0.5603267738038595	-0.536834367172017	1.773226949692019	0.3883924330928291	0.7610134510800097	-2.1416865989754568	-0.3102637838059625	-2.8901254297777927	-0.7493527735925211	0.8009850938544129	-0.8389017376692464
DTXSID1047869	6.746410935865785	-4.898765620114715	1.8779196143947805	0.6520262021532339	1.519359698277872	-0.0004503845297625511	1.6902367966991834	4.2430678401072495	1.5896757581577434	1.5434516415300121	5.468877860049307	1.3114992133334404	0.14141670419507726	-0.18409681108933557	0.9664810680548847	-0.08981476712465908	3.371318232988979	-5.174059696454406	1.5878965839699275	-0.6232806163896926	0.7174371662090688	-0.4967068106922236	2.8783323758047437	-4.615123097201718	5.322440456405654	4.4421836070570135	4.0625308035894365	-1.1443416055274112	-1.8341441392483524	-1.9584188650691154	1.1025757459136303	1.7124812739573034	0.7399397675550528	-2.643878471587292	0.2942771203657364	2.2579225051147733	-2.072373318230883	-0.24668355173088047	-0.9745384594190458	-0.5802933309657833	1.1136155329278752	0.9429825680641296	-0.9452762824029518	4.64236214312611	-0.07797083292189602	1.8602466795699923	-1.0009971167720242	1.2647743636909434	1.9029108469310192	-1.3093175279936309	1.7209528559240108	1.260290216423916	-3.6428384573706625	-2.3923449485550914	0.18152278521500434	-0.957731549856581	4.4617481339906275	0.045074033768915896	2.923879868365677	-0.3178562148314947	-0.8920414238563774	1.3778823901790194	-1.6354115726455654	4.530871315402203	-0.590465728739728	-0.02334685330811541	0.20487431929678973	1.5406821069694199	0.8377311734658036	-1.276490520733225	1.0957948476790975	-0.8040349153559084	0.10259073553112748	-0.9394309615073241	-2.13615454227315	-0.14101472068121243	0.8477342537577636	-2.241593984624107	0.8603169374357548	-0.42159240404685244	1.0462072462473229	-0.05426760993609554	0.0182556601055513	-0.9743511444333024	1.411823386821686	0.030160015112418503	-0.4098808097999626	-0.5040203085739823	0.0930968313335462	-0.9116441670540129	-0.24702470692505216	-0.32846650292101787	0.05064891625623601	0.8064486972091534	-0.7260692491770596	0.7727874516722961	0.866975131240021	1.8432290157636035	-1.3621694741090307	0.7328219380679301
DTXSID3045647	12.260911463561534	10.034387688265479	-0.3393860331111862	5.220388990904689	-4.28629244160504	-2.126314965693135	-5.719647425539449	-0.5513594665075869	0.3235291194047695	-0.49255515129970945	-0.7718916835819872	1.4665002678873276	4.711102711905324	-0.6863975317658574	-3.1285670821858393	1.965642426795062	1.2181078321825582	-0.5456714344283289	-0.6625784815654221	-1.3169420932092915	-1.4356615494926381	0.5967421593573946	-0.15875266287441497	0.8012653624690534	0.8973982984722962	2.830320634762633	0.57980203772394	1.618657732077984	0.7505296870475179	1.851765523119319	0.48205443203345505	0.5966576354872526	-2.3208363425647773	-0.9410488478870948	1.3060390613384167	3.6685718533906595	-1.3655425991754884	-0.5942676344410294	0.45731145736494666	-0.6215853492421075	0.15649714595347433	-0.33881896952367385	0.793508695781841	-0.05943407559426089	2.275954169932026	0.40187152794636155	-0.03109531362095842	-1.78348140301645	1.7731298447647563	0.6721679461472526	2.740418903823294	-1.3265234911079735	-0.05754129137910468	-0.14629929191195157	0.6055254842103076	1.4540838881136169	-1.387770012157273	1.461072895553754	0.2105061754065566	-1.5871417416156426	0.21980058895753235	-0.43169983140565715	1.1247647780495045	-0.9155190960957502	0.5002167469192781	0.03412842215782239	-0.01777612466903696	0.7124387299037723	0.4120901189549848	-2.051659383477084	-0.6229536649516463	-0.5857086138507135	-0.6308231188294792	0.7230209453115531	0.7882780242803368	3.07506310489997	-1.7193985586498959	1.7342030045253318	0.2851859675825123	-1.347778635335395	1.3148361668190398	2.7797615338700243	0.4608682392416008	0.7469319797507215	-0.9900448493410607	-0.33936332739114616	2.109695463721248	0.644286090241388	1.0720776520844875	-0.27675909842311475	-0.037052192863371504	0.49795214610624644	1.057043145883336	-0.8438170326652505	0.13754022566829985	-0.2349643236494272	-0.03302800005936229	0.7315691131151987	-0.2457951716070578	-0.02541437724934239
DTXSID1044356	-5.224548424587649	1.0818755903272974	-0.33567681871789257	1.3698722551424187	0.45456021095409577	-0.1694809436675619	0.6851007202546605	0.89947601118659	-0.25946322336419525	-0.6425945120811127	-0.5695986520465564	0.37613156066891856	2.260539594730088	-0.5526887511890938	-0.1276798218824918	-0.0422051104944052	0.3518446284695852	0.24413725037524311	0.08819246197262483	-0.840391051349164	-0.7966981943410568	1.2242847814376878	0.2702817992825345	0.49447581392269113	-0.39469781921614483	0.7701141579903099	-0.7181150049836091	-0.25028780927756983	-0.5946432675813093	0.7619386388440839	0.23543095031151012	-0.20814430775842413	0.20444334824433547	0.40843470270270993	0.1637713684508977	0.13719667179183	0.06401557691076987	0.9878698605535775	0.20344438280303365	-0.5628972380403234	0.41906295799315474	-0.5448123134065261	-0.6758345030587564	-0.39687726067924695	0.4577010053801964	0.11601808567678779	-0.6078139085457048	0.17849580418668018	0.7333010127962521	-0.03133223398402047	-0.4896734601400261	-0.9798349846270304	-0.5917533443215292	0.00023261496082512995	-0.4521122255436868	-0.3719998256359029	-0.8113549241549909	0.059421017064638364	0.024180209071531428	0.011294487513362452	-0.27069636235561123	-0.12580549458098042	0.6568663085506019	0.10286554468329857	0.2995963513688952	0.08338126805458773	1.125249604744118	-0.6443087029257212	0.4942597589799354	0.4454716277632875	-0.020815550520045707	-0.26158675832064254	0.16927786494683278	0.4453752069774393	-0.09587229921791827	0.46341314107454007	0.3764224949072598	-0.9282736169880198	-0.7125155677722234	-0.024878282630935476	-0.40421355874549736	-0.8147095962918424	0.03559070167327421	0.02006636063317712	-0.015820644569416103	-0.6645959366367492	-0.20789005638767835	0.6236540872565324	0.4785882362900502	0.1886327976617624	0.9271392427120383	-0.02732198327318195	0.501323788515785	0.6303140622118862	-0.5444898160902608	0.02330364456969106	-0.33075144676976764	-0.10163691204402826	0.4467287849569624	0.8829888298766132
DTXSID5044316	-4.533274746968909	-0.1915014847100933	-1.0018644171658977	1.9894643969090058	-0.5972945598417089	-0.11067161300766716	-0.6241997742717398	-0.6018128505885135	0.8988737129185548	-0.591818753390869	-0.9763696272343373	0.5062666629464119	-0.3142040897769514	-1.203248652552087	-0.389819236140386	-0.6716900031403867	-2.010841973149367	0.3656891736429543	-0.13868980001768333	0.398954747285875	-0.674942553746439	0.38501802184530676	0.19592969778805758	-0.7498626538803793	-0.023698517780876595	-0.24856204685263253	-0.1012525198782345	-0.59000713451878	0.7248278590743725	-0.21600811255999575	0.9562461634927452	-0.011813694379653857	0.17812255542486846	0.14092334384216745	0.0778301153500363	0.20254876692209978	0.7174464807835522	1.3040597029873198	-0.6971440508806632	0.033057034664972444	0.4099727335206477	0.11893564307406809	-0.46478647062993644	0.28131468780000657	0.4426345404557821	0.2326150423701231	-0.08521047873849194	-0.3618827518005931	0.7710651539395514	0.29552291259799207	-0.7872134508892786	-0.47072219545207455	1.0895945819010358	-0.08131219464454298	0.361506438512148	-0.4438003998914454	0.29549765458419347	1.0919838153320047	-0.7318318725161457	0.04865392583838057	0.15323292233985675	0.7157945559628655	-0.17893857484643944	0.13470402266001807	-0.4872193821616342	-1.0407046043786095	1.250465187397104	0.9332936068754777	0.30248456818892233	0.9953327858491525	-0.6198456092774609	0.015200096961539827	0.23858536916139497	0.12943863242712242	-1.0308252941476517	0.9972591327768187	0.6645035434820353	-0.45338009142205066	0.8026328519965049	0.4251786407485163	0.09083472782258889	-0.35763069538006437	-1.109004715723327	-0.2111621645574351	0.13376140489107424	-0.7091118068293234	0.5243315410579142	1.01463020522831	-0.6804411184774555	0.8407517377002074	-0.38493761466673315	-0.7036859263052623	0.015763917489781634	0.42324353900073697	0.5885550882670092	-0.04874863087923402	-1.0850456552640932	0.8968374183008746	-1.3885065083379744	0.40472451075814164
DTXSID8025707	0.5447536908906814	1.9390927486077405	-3.667261813592323	-2.02726948266433	0.4639788819830585	-0.12951759956548412	5.909679605531067	0.9210485375676587	0.9159041053733757	0.6857906493757495	1.9127721274468124	1.9727243305035307	-0.13153131102139476	0.5195983663961165	-1.9227499130182024	3.272208252314262	-1.229100952665189	-5.056604682208576	3.626301877836521	5.650167178793471	-5.667267627964131	6.556891982796491	2.9167121173879065	-2.094656398846909	-1.01303329111316	1.4578973152765053	-4.087183709947013	-5.907232215151672	2.6076246393654405	0.9048263214239859	0.5343230830229405	-1.0964153823067428	-2.6401726346558374	4.323711043337279	-1.6222717453715452	-6.378590825200254	1.017032756254667	-6.968301464092278	-9.15534220505398	16.785300525018904	6.244928395249036	6.75732465192603	5.257653727026018	-5.18637961565704	5.138446794046684	-9.063901141106975	10.926389714279331	3.5488520319281225	11.667256664942515	1.816031871956124	5.584698352786725	-2.1468885513546883	-7.373955741676684	-2.0918980219758874	-4.683351785744561	-1.6286639477432419	0.4218890118827253	-0.316557465281423	4.4790206861446356	-3.619839332649674	-2.142044524511376	-1.1368488514780628	2.027315817378539	0.43024363912383207	3.63389269725006	3.3339404850977763	1.302592886829381	2.0260816219988986	0.8903416519930314	2.7870453575549234	-1.8820503831282094	-4.077900038450091	-0.36398811271390963	-2.5564248219257406	1.7895559982989557	-0.42889727533686467	0.2827771216811938	-1.2537058358259765	2.7865779379182825	1.0089566077517478	0.07030808052257234	-2.356819629815836	0.020870909377188	-0.19599334791885947	0.7314060256258202	0.7799149042085722	0.6541970094027789	-0.24081678695519051	-1.8444970012771431	0.5128708986043857	-1.4823901877762233	-0.7400874095167801	-0.147117151502188	0.1376489025786003	-1.107786791528772	0.43303266159340287	-1.1448765327114192	-1.687868500691662	-1.2393366860674608	0.6009881913724574
DTXSID9033058	-8.516590120463785	0.6586253703441178	-1.9284656058822838	1.2746090533462378	-2.0721639057547803	-1.791576534561857	2.1194409384373527	3.9588481679330383	0.7783462738576117	-2.178204531057924	-0.8200585429824995	0.9405466202983153	1.420161366888038	-0.10342194753328708	-1.1215535834751564	1.0101952641494676	0.5771952925804067	-0.8277930792262497	1.2976767263050084	1.263284309009308	-0.35197549117199783	0.2986352762839553	-0.3953988643765983	-1.306892674268865	0.6143662293020189	-1.025825534891453	-0.9014567944545976	-1.5752098496156648	0.5075732950017539	-1.1530483240771894	0.09163597453833976	1.1521635793814684	0.23291911730864992	0.565550532114402	-0.228202857102973	-0.16701152107138137	0.2078346494870438	-0.5712176173248713	0.18629051072615635	-0.86213993455805	-0.3721261495491918	0.3234804106759773	0.45212599202474235	-0.46050894567150585	-0.1249620025050155	-0.029606881422275914	-0.28733855319551577	0.9279563990028564	-1.2808721205974716	-0.18713853096903058	0.367654957717703	0.3054019209151891	0.3969385391290027	-0.5115836796288163	0.040932258634250714	0.6466193314399419	-0.04143925757350699	-0.1199085338906629	-0.5809029001683185	0.752428458386829	0.20507447045389698	0.26963725998706606	0.11796361142135169	-0.4034794399245562	-0.7209141613042519	-1.3607352302483682	-0.33313985183802286	0.18237167159787743	-0.22875450285604476	0.5820507487195672	0.05516480735792159	-0.07053232344140085	0.6822133623811868	0.1714656751997495	-0.2786234212014735	1.088648026620931	-0.8735915812796994	-0.414289992384504	-0.6089476906563096	-0.9502312151770738	-1.0333642718708838	-0.15942348973072845	-1.0224319955996326	0.12411758413767891	-0.10248320535773474	-0.33905975609073163	0.8441718122583209	-1.0238280483767426	-0.053816074926775044	-0.13685502839736222	0.680536817264646	-1.1716364516796551	-0.6124308033089558	-0.204622771189551	0.8445617946210155	-0.24653818387062995	0.6531707417801329	0.09555696790338586	0.3259956383119676	-0.4918404289771551
DTXSID9049297	13.036630218240147	-3.1108378048134115	-5.501615880731844	-5.189903728658616	4.4551098481118	-1.509806576171022	-3.9743660051380076	-3.422258900240426	1.3944635810005033	-9.90642249842318	-7.575307999400717	5.832055699853885	-9.646500391853609	-12.344395679102822	-3.098568072705337	-6.3623609145392965	-3.189940158011325	5.40691560704963	1.3762828256995656	2.0025959054746996	4.031943214863422	12.207563729708063	3.281251343217339	-3.7581613821299222	6.786254248419751	0.8633141315793306	0.1568554611106287	-2.712925337592974	-5.844451540634781	-0.49933339368103563	3.1278239041396905	8.413793199705282	-2.4096550972483484	4.939206751238752	1.6434359957082867	1.2279053703984604	-2.221223796058783	5.233532724362711	4.221619054077015	0.16015656871542744	-7.566422143382351	8.030782887359454	5.7681791835355	6.754792034185568	-2.479911754237503	-7.876324956044449	-1.3564091229299458	-1.3355777660168213	-1.4926707542377275	-3.837927874020675	0.9719810632055434	1.1583141408881836	-0.9020615144034045	2.516800617467597	-0.6947917353511138	-1.3070943263515455	0.7276388775364969	0.4146067802178357	-3.6006887285507703	0.08455264928558323	4.144830668670551	6.659263435072968	2.9993183164112396	0.609669078764688	4.552845649853102	3.3530713937051164	-2.3332025770705203	-0.4190562206474134	3.1987861970862532	-0.042331010632390566	-4.37121224353328	-5.359884884121391	-11.159120568097348	6.437380020381435	-8.587315587741799	-3.9924629259237556	3.6735909603655537	5.527113828777939	3.058693670016931	-1.5290449472928682	1.8085570128597979	1.8591676082325037	-1.1385364767224726	6.442615421269019	-8.826533203970492	-7.374295493940915	-3.930325740224677	-8.388449747693212	-0.7815058419368414	-2.89185506779997	0.8972814806189455	-3.6245296701050655	-1.357519446682695	-4.2518924257068385	2.401619139161886	0.3541507712281549	-0.6594333806264111	-2.4089180288963696	0.2906126370395195	-1.7835637008644079
DTXSID6044989	-5.848059921980792	1.055246480009383	-1.286783588032469	0.2633704054330951	-1.8745378103231238	0.1600456377669485	-0.1547734168931492	-2.309707059650741	0.440660668008449	-0.2652990979642174	-0.15364706747396595	0.1654515582629123	1.5512251495210463	0.44767136612329034	0.6246309456262956	-1.0605656471182447	-0.14437881257217608	0.5650664810065628	1.141925694747454	0.9839262779765219	-0.06560069273970516	0.654002300135925	-1.3736690491034642	-0.09403599156842668	0.9472319511059838	-0.12815292207377227	0.3399523679422547	0.927591863975082	-0.24892951373606215	3.2626318058745114	2.3209263381072294	2.0154071506664146	2.2652669836724098	-2.5517016603302887	-0.15605640237501933	-2.874084387104391	0.3891395377154905	-3.9020597944901465	-3.959245745886169	-1.4904775805472668	-1.8236121849897626	3.036903860753627	1.8384746491510124	-2.472542596451858	-1.7712953645628533	3.1313544374349163	-3.769462802592564	-2.429937481792397	1.7651020997303601	2.005774138504089	-1.5722528983795276	2.021208637818	0.8092071555505027	2.8491377240745246	-0.7809635670698842	1.8313869064667485	0.8710590544150656	-1.0186666745048427	-0.2088425741787247	-1.2126362867967106	-2.3737634444587874	0.6636508059718008	0.8099358098209162	0.6440340870292548	0.9941241120598148	0.4618702867539165	-0.23890765401621164	-0.9257369858069869	-0.2762111670954745	-0.26327920909097724	-1.4925460475139287	0.9231763180490179	-0.32344188623982817	0.48366578726580306	-0.5789962979797951	-0.2780603677477658	-0.16891118836646596	-0.1692346578389648	-0.3454360130118427	-0.18146923296374864	-1.1284841864646373	-0.38337793776511686	0.8236441279515812	-0.7225143346616455	-1.1508641815268217	-0.31778911543058425	0.549711994551947	0.13562571704200443	0.5893661631386715	0.43715542079591907	-0.19183373888137928	-0.2729107870470299	0.8219529553279469	0.19034950834637193	0.15275806471370915	-0.22211260775881506	-0.024926399794895967	-0.026114004682418326	-0.23778398004938664	0.304075495265247
DTXSID7022382	-0.5683298725830284	-1.2403504800570337	6.571875498635224	1.1855115167541432	1.8471914276522043	-0.7842233329483105	0.17576151527473563	-1.2719895169398125	-1.383304754663174	-0.34655515920680857	0.4553061200679825	-0.2249835545738762	-1.00693251388463	-0.9907196342777951	-0.022387236273031085	0.37265222031360384	-0.3237981535085396	0.5674339437538718	-1.0593993650941982	-0.14804481385429744	-0.493698192091227	-0.6459169097651123	-1.4072341053262047	0.6688929786095278	-0.10754952833738755	0.19221422361975354	0.2556930831918659	0.4276996063482733	0.14091656671125516	1.0180382583508099	0.07238901823478756	1.590279997746487	-0.42905770405270455	-0.6338109256173352	0.6298616011106536	-0.5059218113732887	-0.1001621264646677	-0.8238316625076668	-0.29209906513859635	-0.36024953870612697	-0.11315579255896836	0.0024915672432011112	0.26219564213867214	-0.5005850962763362	0.09238833798658133	0.008561003980694336	0.5160430626599102	0.12162643640355977	-1.1176781814524406	0.9332634151463267	0.8221717941098792	-1.12901820495934	-0.15863893265760784	-1.3799770969658505	0.6610385646572365	-0.8671349771232754	-0.45903469833021227	1.4599304170025618	0.002338933580632988	0.25254758206194766	1.2236296613796442	-0.8205469792584011	-0.4007098502016451	0.04370849721834358	-0.039077395885517424	0.6824000910157125	0.45245611615825976	0.14234316735073838	0.50345205085066	-0.448621392831295	0.17199184344773713	0.2700401986441474	-0.14087008505491572	-0.6690944980142034	0.46057123741337785	0.08168205896483413	0.11906193962301402	-0.5096864470432645	0.8367807667578112	0.49928149218574797	0.3272525276756427	0.40854547184445195	-0.5335294836297035	-0.2812461893469515	0.3180907835688701	-0.1365021319046519	-0.8696090929929251	-0.07614916106232068	-0.4261429572190416	-0.8406852661347081	-0.06838026575834569	-0.11033850802842844	0.0882844284006948	-0.1342816244757771	0.45974498851396683	-0.16885499863773254	-0.04668808819913951	-0.03456969955444154	-0.41522879631945037	-0.1906911738101239
DTXSID5026209	-6.16925112467548	-1.0544206721814158	-0.4666973465234387	-0.11660977061918415	-0.9351262179591542	-2.7270584510830185	-1.3349551081679183	-1.541228491393252	-2.97075268622336	2.8987484525330336	-0.4554030650475473	-0.6423447629062978	-0.6358502387871007	1.3327401874474933	-0.7911250834988671	0.5545961014896948	1.1666163471263624	0.6898039360092918	0.2947681625189775	0.21721717351672676	0.23025515714535724	0.31667060685108234	-0.009932020001957894	0.018083308628822438	-0.542830345922933	0.5201465684292289	0.6906813553675596	-0.5851287494218822	0.018244921660760516	-0.3506197663746662	0.3533117956177119	0.6067405862552124	0.34737659630535195	-0.43385365071614146	-0.22901620144200363	-0.022142386806875854	-1.124946440887879	-0.09755438987922224	0.5852761539732237	0.11677914183559332	0.3087605250035806	-0.020020796816624362	0.19295227141637541	-0.15613562600427427	0.3209159136527492	-0.37778562260877585	0.0061273292225937715	0.22674384955027627	0.5727408543206447	-0.42536953350392154	-0.3072486104578226	-0.075489555279546	0.2561312334830603	1.133686911124769	0.760078350333787	-0.5082501974571535	0.8189061533435804	-0.16654106259536486	-0.27631603184802156	-0.030857737647207204	0.10827429886651492	0.01727115355963782	0.14269006218904115	-0.6324403781496301	0.4158080107882859	0.09855596796012346	0.6243828181395488	-0.3040496537307354	-0.471804598526933	-0.09371061363941373	0.16789740352626445	-0.3320977871194495	-0.23971674950662566	0.12071499950831395	0.34093995893233847	0.5249004658167016	0.2675599989152181	-0.11281466602394269	-0.1280141436515497	-0.11142520788466004	0.07211149863113639	0.11600295213788739	-0.27326511243020557	0.18142808054382895	-0.17262265732048085	0.1025545279269641	0.08617406419124861	-0.14584468290308483	-0.27673601381342827	0.12610657849354542	-0.0849642691117825	-0.2661621468613047	0.05943139339113141	0.21694032065265886	-0.05500670023377201	0.07625225799932901	0.07439380948678985	0.1041900652135853	0.15824855816736766	-0.1963491171290979
DTXSID5041487	-2.240683487933508	4.181421196834246	-2.404826582706345	-0.8487115621013398	1.8718260751057778	0.6062806427990448	0.9416841362091212	-1.9739655249926065	1.3730883376181908	-0.9594174169959647	1.2027344902300032	0.9331882090304824	-0.37685455581250277	0.8893634836277844	0.592911791413985	-0.609489797694072	-0.5690810529297837	1.390162479214185	-0.04569546527773165	0.5226671261946227	-0.8920286305220035	0.07055619051655115	-1.2010205628369197	0.18352076810828605	-0.12752888367636145	-0.1934092730009822	0.5175662154212773	-0.4456503472171419	-0.5148252810782735	-0.6330275573936339	-0.16016316985514778	0.15096349362720754	-0.11759028478664905	-0.3021760175604016	0.425479233005457	-0.34249917817159403	0.5136689300401319	0.030744020533937655	0.3105074233635906	-0.08563144523516757	0.0007621124655308999	-1.0557947653055264	-0.29644219104713015	0.10673494023658217	0.5622656611594535	-0.768856753182585	-0.12213031964927593	0.10047779633259377	0.15654761621440733	0.2611562639466913	-0.05311789661414064	0.1264243648303556	0.08120780730536249	-0.3746299731894665	-0.33175972388742514	-0.1852578060558448	-0.5671057623067476	-1.0133278094090687	-0.5538358002676166	-0.43160239672163164	-0.7126409423720996	0.016855304745748763	-0.2643991153454805	-0.11378149502685955	0.285105197624833	-0.23532041251187982	-0.27947377692247544	-0.2256406156393504	0.618872349345641	0.255743000733613	-0.22389374460776418	-0.7351977713196723	0.6146250207216547	0.44054653600543026	-0.178811412186246	0.20722042225654844	-0.09674356477747487	-0.14247133293682104	0.1960093265038253	-0.11971847404417334	0.829274571443361	-0.19606289597994705	0.25364483978934826	-0.39607482313668496	-0.15461805210044555	0.46473403636670246	0.445434749388006	-0.0704834332966607	-0.7901496476241666	0.018988662645101354	0.00633346750365532	0.5608093402084777	-0.04143188216700113	0.11334125776991485	-0.6075301507098873	-0.1407582999236767	0.6206823598698656	0.04545960718412045	-0.13245504636065747	-0.5520936400940671
DTXSID9027443	-4.536906749684445	2.0379982274569923	-4.109817545832372	1.3557812608397484	0.7350277588407532	1.0540813298458522	1.6183434942375483	-0.5890150679760038	0.5037131076483633	-1.640320310063436	1.0661022247209158	-0.252531986387312	1.0998469909609006	-0.005669104249133538	1.0947122485515381	-0.16259369854154213	-0.14801596498292222	0.38146814102376536	0.6058886921843967	-0.3815089911508198	-0.25183185223237636	0.36862630042230754	-0.6913751654800941	-0.07916098434852124	0.10726555840017889	-0.2826531894011991	0.7532256533340225	-0.11073957301977294	-0.8947277206087796	0.99113490635555	0.3633452198279593	-0.0676516402569321	0.7964880727498879	-0.05014730027017672	-0.5013827960424617	-0.3755809490826678	0.6408597039188215	0.15755341588549582	0.5170030440629124	-0.1073741601557531	0.07743383350986359	-0.49267386092449983	-0.3010250150063876	0.43870929626429833	0.21246101355835592	-0.7880862793151253	-0.14522886903444887	-0.045888941071704215	0.9535133295043301	-0.35954160467788365	-0.39547247484556886	-0.5205324051103007	-0.48271150804530394	0.18620646261189172	-0.814499020703597	-0.2005227011048832	-0.7936625417293521	-0.6614973225995349	0.14630723802778814	-0.2096482750967112	0.30447830643704366	0.27046085614066206	-0.14237264063795907	-0.547155618929779	-0.43735242893855986	-1.0602152105013534	-0.19295470839042078	0.06874491608696447	0.6846630106021896	0.13814931934289099	0.48019506593904904	-0.3170941745218079	-0.5841316929377491	0.03878027974734418	0.870213942827035	0.562441274123673	-0.17400766120381614	0.3566534399584296	-1.0875822665141048	-0.6185335468148354	-0.039045662734026466	-0.547576469728828	-0.6387089837405142	-0.09755867384249627	-0.01803249050924866	-0.7647058829505702	-0.05635636413275751	-0.18959744964266542	-0.032615368821498555	-0.16039428789743787	-0.16883161016178808	0.5259585969010667	-0.2434872775660981	0.4934704843315062	-0.6462219401527514	0.10177581298494932	-0.10883428051106986	-0.02806049776892195	0.5131252405090778	0.5139776802945971
DTXSID3024318	-1.0985406640789983	-0.37217274165152325	-3.996466679568781	-1.1433227942664865	-0.1788356709079705	-0.7916991893707682	2.7205984783264574	5.773625532089002	-0.19922685707444746	-4.180335334247923	-0.3199786550005424	1.1195631059128688	-0.35224312576694544	-1.4709952419195254	-0.5380463056320947	-0.4122981654213182	-0.8182059460554971	0.4987863296023668	-1.0758384551715237	-0.8395477367534854	0.7480039194065053	-2.4263467828083782	-1.75947344736584	-1.136802797967265	-1.1650136424168733	2.19697290362166	1.035603288135138	1.9204277707567383	-0.07538818380970652	-0.19891165339556566	-0.45769542854077394	-0.4901296526550288	-0.6489988659286698	0.6723923326464	-0.7590066840937979	-0.6825094565660162	0.9731824246494093	-0.8242623839858609	2.560366600435543	-1.3056424446675594	-0.4146622724265271	-0.12952583304911225	0.7690631270576334	-1.3048488222215473	0.6376709944644423	-0.898220898671508	0.9075227962026413	-0.5575590150742669	1.3211723303647191	0.6805889373019007	-0.03317706807495934	0.2205722453356727	-0.20302247675335564	0.6019601938509233	-0.0462927123441968	-0.6909543986115027	1.6871735515813453	0.07988340902290003	0.4172028214612564	1.3072866319561467	-0.20411330570687092	-0.04454501349427555	0.7467825758141156	-0.42961503278396557	0.6484940458586863	-0.14828523625621365	0.06987293321075569	0.14478537914350928	-0.28334253627146794	-0.7770917248003123	0.24609881596680142	-0.13708578830861032	0.3613232588797162	0.17964637757707808	-0.34053980047295046	-0.5815536163299512	0.013497860406094936	-0.26020239194670447	0.3176383992752544	-0.2690763585611185	0.5249935792989834	-0.48767689026636923	0.3821824922034143	0.3095696825005583	-0.10066665709601048	0.1975252852805529	-0.19366404414605942	0.2512195615772331	-0.14213179661123984	0.2542326941835597	-0.04856973429098689	0.04705264506057523	0.0013346104154484345	-0.05815310513138651	-0.3336795172640308	-0.3340336211456849	0.16120873731875512	0.21633026710866046	0.059033756319441	0.1592359106102341
DTXSID3041328	2.294610422033041	-2.644863307625164	-3.7235292037465286	-2.4124878431872396	2.239380579569254	-1.0057957926261434	-1.4108680549596337	-2.205030474026743	0.11119506185602143	2.7097985445392703	2.229670519451458	0.20145805314939805	-0.4955469818177826	2.597312659386093	-0.5268809179739793	0.3021118872939934	1.931981973293118	0.5026038584946713	0.34024538388053116	0.39520891469562774	-0.06566227372488333	1.3439170064563852	0.28818097760909156	-0.17021989294220347	0.9772779824644389	0.5184153015212983	0.5424736721831741	-0.4942763508217251	-0.5625284800958392	0.12529357743728303	0.3412229693004579	0.11467511182905685	1.371447292076242	0.5452011509069327	-0.32424048318029636	-0.3015746590524094	-0.7825586017399838	-0.3014738052434346	1.0490563665183774	-0.17006760114143907	0.7859345919039674	-0.603544189579059	0.23769182638590566	-0.48359658726703203	0.6723037562229485	-0.4598760306268157	-0.6192195686199201	-0.13073727209341326	1.0383510625251187	-0.9596939056019868	-0.34637996090689266	0.28086852510046023	-0.39438853152929704	0.5303677702846107	0.5405984249039694	-0.09589840950627199	0.4973378767614441	-0.9825606513683054	-0.0005417175551851951	0.3971419404326231	0.32753441665793004	0.12505261631723816	0.13716648814845414	-1.8122597848855113	0.5301795463676778	-0.45872911120244775	0.7127885170130458	-0.4746220855658171	-0.7449902876152142	-0.11809114055792225	-0.19479750840480872	-0.6925942933313578	-0.13474572360021753	0.250702753345407	0.7612660112620894	0.420663922713198	-0.27639578401042825	0.11684243236523781	-0.30248981388806145	-0.5408458546929831	-0.11621652899769129	-0.32336126333744925	-0.3244718953653739	0.20032148944759542	-0.4710284875600266	-0.5273013885629045	-0.328131739159423	0.045643387001771334	-0.7880058763835439	0.22895418113152805	-0.18588769005811237	0.343565662671378	-0.604231007778444	0.17619595787857725	0.0006923409601053264	-0.4530561239574521	-0.4341421004616028	-0.17339162756932464	0.40499947588971513	0.5584089061276148
DTXSID0049076	2.864236922954068	-0.26153217348656266	1.8318472838847562	1.1822542041929158	-0.5813936926039126	0.6555627467750897	0.4605683005063573	-1.817727547476234	-0.03299516020553346	-2.1777696780773943	-1.4121188241865834	-2.696011175049366	2.841180732548343	4.945495612625578	-1.5336215555639128	-1.3570909901241355	-1.4660031018640487	1.015141987403534	1.3569767547664875	-0.13967595729559332	-0.46334768463428805	-0.2646102477938376	-0.18118606360451614	-0.6259408990499093	0.2299962419046201	0.40173111969884967	0.280750967753542	1.3563445624963064	-0.008494487705581361	0.24724205283881043	0.13909113748108015	-0.4797695429552818	-1.410416880111339	0.17367786431472557	0.14725410650902981	0.8765736791110187	0.5751771445239542	2.38356849311244	-1.15770241538891	2.0393814850087795	0.22532695477003672	0.7311177334532223	-0.9642299809653406	-0.8396286820827326	-0.3356950826684342	-0.07340615816850075	0.5730805032571714	-1.467010196125928	-1.376608984703533	-1.2880274049095541	-1.1910187495551332	-0.19119831928540154	0.6706071083380346	-0.002103478400249544	-0.6283222288692878	0.9565633892556307	0.9714940543177495	-0.6085802577792924	-0.4844844679650117	-0.4063780199039319	-0.2391041906509393	0.46442908066543104	1.1174936964671258	1.395915641236459	0.10408691536945285	0.817188534108572	0.22511088599326715	-0.7631236096087716	1.1543446806749464	-1.3591864112809084	0.4478719738685193	-0.4896887377615097	0.01738739187679227	-0.6946076723548679	-0.3020287713915471	-0.5961805192495261	0.9940710157146148	-0.5079545304175064	0.9661496141456549	-0.4685088590816551	0.4963403855472515	0.4527347655698924	0.8899887367592986	-1.4297495828573215	0.8876194478255993	0.24704457527003387	0.6899624542240148	0.35303788956261506	1.0809174382409674	-0.709801903698459	0.5380849077028611	-0.8679541839049324	0.32560800362474696	0.582885474090267	-0.3952029714379647	-0.456801594178487	0.0354944492223545	0.24504150461836866	-0.30727912174650346	-0.552543125609329
DTXSID0024921	-1.266608244521208	6.284029100216072	0.9251897427354812	0.3678986800353041	1.750509509849663	1.571727789884194	-2.2297862585140287	3.8206447333366222	-0.9106298016520332	0.02665925898966784	-1.1655382180689629	1.104074023476812	-2.897724243695052	0.4307849870312436	-0.9293914609132404	1.1225980063862195	0.13912253650754394	-0.37700833808415224	0.6220655362525646	0.8161806477715148	0.5038846777607378	-0.3710930404134906	0.4399267827073377	-0.4964087829847063	-0.1311970934281749	-1.214865030786481	-0.8691739168211675	0.0201509500995799	-0.09009135589488412	-0.6840854821512207	-0.7541523301196406	-0.42162828277228304	0.1366248522554099	0.23637942173343074	0.3307753056501767	0.18398646362746013	-0.45707512204004075	-0.5916558827602126	0.31143204222158516	0.6946557048570733	0.16417954338679688	0.9143631485959947	-0.48299957099948576	0.42254349825498067	-0.3452381557611289	-0.9570803491387221	-0.7516487067587372	0.161138088630671	-0.9415045186752419	1.1352548654754393	0.35788709060307494	0.5994326079919832	0.18608023386678665	0.40936943182405855	1.3592927701077189	0.8851553810912822	-0.29635513385253504	0.1503086488486225	-1.2540001345982628	-0.290958296053408	-0.6952660641108505	0.3818309578242515	-1.76078620753933	-0.05241824215621002	-0.2955291600950122	0.31620954820534053	0.9987441040250128	0.6070487094636873	-1.3811812159568562	1.20626625357094	-1.1536942152041538	0.7386428012527803	0.07663308159742571	0.2706792059176119	-0.150844654177304	0.26903378976624454	-1.2665714085075876	-0.5244863635657669	0.980887296416469	0.2008721627708247	0.7934623968297398	-0.7045056291016026	0.9082424169048124	-0.47392507782302434	0.12313088520835157	-1.048153234441602	-0.28206625615503766	0.35278631352901113	0.09524908527640255	-0.20346772879578204	-0.24473782225828103	0.5252738548438054	-0.3481944557703923	-0.3608112139136976	-0.9333939790521244	0.6429752735300401	0.08667092301649942	0.307754005487559	-1.5652658129462313	0.13759699352148666
DTXSID3045851	-3.01122722793546	-0.21166714313615298	1.4806036861254463	7.907558068426065	-0.06226161629536135	-3.3271513715767593	1.3877792051673443	-2.074697669214299	-1.5387296421866712	-0.40167037574367753	1.4316342564118785	-0.40154604649072956	-1.0617243252245792	-0.45980972657881175	-0.3956868080088883	1.090559966799898	0.8493953233037507	0.2659277215211893	-1.562744728839296	-0.9104170385788036	-1.1691228164703036	-0.44314836606735986	-1.9113797608428693	0.4722692871541474	0.989612112254786	0.28115239220716354	1.4475464367408133	0.24415195850059604	-0.2712632211126988	-0.6659864656333414	-0.6280864859768298	0.9690977431394251	0.09482263822778257	0.43034562230705115	0.07927415644261586	-0.6915314054443318	-0.5857906799961712	-0.39648412825157614	-0.3667571989508925	1.8075226160280755	-0.24847623845825184	0.36243851151675915	0.7017636661143783	-0.3848916630861639	-0.011338083751494891	-0.5748124783655009	-0.10073540400910684	-0.0767229452963842	-1.55529104682567	-1.4254916654025662	-0.10940513511635529	0.4945589242140585	0.6501846131613902	0.054984840775030935	-0.717166533564613	-0.2966037344004875	0.5049513570106335	-0.7841631536322161	-0.8460764757921782	0.4202926442113778	-0.39740540331144175	0.5091995805808636	0.7822042848741229	-0.44196379552084214	0.2901844849378797	-0.3340271059544711	-0.6285205668962908	0.15073546033039695	0.5966586415349642	-0.5764438305002229	0.9171037316838299	-0.486058376249475	0.242261028579709	0.06894849106748163	1.2535086993803097	-0.20102808063507294	-0.2997225271708087	0.23605750116594817	0.5179407512619204	-0.11509243086947965	0.3055523659724454	0.08641808644671603	-0.47842267516313985	0.060348159829620586	0.6376417569498992	-0.3818199289244806	-0.2937357349185665	0.13501329458590858	0.13590221498495766	0.30342237769534275	0.3669606298844112	0.04518439103457762	0.6153102149216064	0.19405555242161193	0.3679160355949203	-0.2960631388367313	-0.7098325057762771	-0.27609241294136044	0.49789584335159737	-0.22891093976044222
DTXSID7021524	-9.982669577134516	1.8424026405533975	-3.357809080882339	0.7768009874057733	-2.410445115942904	-2.490721767367698	-0.11902239229365648	-0.9280026445716779	-0.030595995728808098	0.3467594566874765	-0.6146403775823205	2.1759319252692118	0.6079384399955298	1.9431811971456012	3.527446735867553	0.9839490967852363	-2.1079160204464795	-1.1773845154173492	-0.22221590461634957	-1.6606087051656784	0.3873265325414809	1.1408160986682492	0.9239800189979963	-1.761126799259195	0.07798508677748968	-1.0120330019042276	-0.34822306927890223	0.009880129902960211	-0.001789628061193462	-0.5115812166168404	0.7412150919880879	0.9016619453603071	-0.44925704429244556	0.4890641850994024	-0.2418426086432301	0.6473881432092563	-0.13998002750892743	0.023795193770957013	-0.4542121926195974	-0.7288819648264457	-0.25055220617953855	-0.12069899787674979	0.2641921727498283	-0.23590523780624617	0.6209851527596711	0.14087719688762793	0.342406127323506	-0.5566269133615147	-0.9328931632260727	-0.21703094991575356	0.968843631475345	-1.0436690328664515	-0.7284264304466557	0.24306311004694547	-1.8453977278413543	-0.002797083438955097	-0.7384269486896665	-1.002750121102003	0.3714399406520034	0.8714318105606886	-0.19473764852193262	0.9089634317981908	-0.016270936664223173	-0.12141468336433253	-0.2236048922448491	-0.8191592031736459	-0.561069032172737	-0.0946782845829767	0.26940424701814697	0.8492804085523442	0.2023494476449113	-0.20882930820111634	0.6605421152320355	0.0007831124463811885	0.28676760604458723	0.15345360306187414	0.06608848508009278	0.2972230631635595	-0.6812899189392784	-0.1536089043236031	-0.10198356033959347	-0.36139978401645145	-0.027847229334678168	0.24416782789468774	-0.536021389135827	-0.5455403988972463	0.011309842897588351	0.13797115530999793	-0.12337595664900941	0.09057884325936673	0.14463246393815068	0.35250528249419333	0.07346686904818156	0.26685579404949494	0.02264448788820232	0.23399963563417908	0.004880353461774756	0.26618410722375463	-0.08306260839786557	-0.008249384171795455
DTXSID6048206	-5.2445854488844255	2.118735865230774	0.499139283313025	-2.412030468545176	1.1405190714701428	0.18462511343089885	0.048879033539130416	-1.4137340261311104	-0.34426633739229257	0.4086446978868371	-1.3551677835068512	0.3677995299730787	0.29610949240453194	-0.025419604274027584	-0.08974844828927185	-0.5380994939095748	0.022360694639956005	0.9264057916099715	0.7272298589798045	-0.08615713960995275	0.11439989241221935	0.5164861543034737	-0.26982253419331903	0.18295579077582558	-0.2752150318673597	0.27693078593797027	-0.22678229634522765	-0.041494113614121385	-0.12860748022716206	0.025942448141828996	0.2887125514806193	-0.48492312705639035	0.3281608405715583	-0.39183262926545515	-0.19962744103415436	0.2798540621228605	-0.709445378785923	0.2278104099587625	-0.11439355986851732	0.4811196046394074	0.12806591619084623	-0.3076470874301472	-0.6465568656587283	0.7251420416248433	0.2277955278190004	-0.003951578757033424	0.15015209308014757	-0.5613462152224066	0.3666325418203563	-0.35553995416780154	0.012028642472077768	0.25463950945754094	-0.06982045711038214	0.7896368745568797	0.3852603312976098	0.14443003445441607	-0.21317273608036694	0.04976456483152268	-0.2627898779123642	0.03904260725095852	0.1518434807312406	0.5659864893036768	0.2183188821550985	-0.044609667345595086	0.03550295877813024	-0.3001314950781437	0.19338906658936797	-0.20051863397269343	-0.18641700407364997	-0.3029469166649695	0.13960820769877585	0.0159235919977312	0.031652586639257345	0.26393399154086594	0.012245916653323797	0.29817274484982986	0.24814179397561276	-0.06494242937542351	-0.2922478747887352	0.14227290156121425	0.5072166055720964	-0.18677566145786287	0.08344319928033261	-0.12073696837047346	0.22141657701069056	0.15912831209114517	0.05136611455137638	0.032138633355962606	0.02750352709660616	-0.09399989959651325	-0.1666100800318349	0.018571983316176897	-0.4954520002359126	0.24866272177318008	-0.19507176095080372	0.212912127202512	0.022366331359342424	0.19865481499404652	-0.01113542360461729	-0.026958752213122744
DTXSID1047607	-3.646435536149228	0.5847042585034753	-0.04939113345230016	-0.5253103057916253	0.009981829106137896	0.8041036430116536	0.8942712755512141	-2.0826427404128802	1.50031762398953	-0.3059044814904434	1.5370202396435713	0.2042864544456092	2.003602287108522	0.8632120210564465	0.1847596247425389	-0.47195439917647364	0.03490106513415948	0.944591542536998	0.21627579428941424	0.1733198594292446	-0.8331690424674292	0.9832172252053768	-0.6883981541968122	-0.12876928503384258	0.9346178841909397	-0.18088904801162203	-0.1602871379293123	0.3714529695661705	-0.5516715526351098	0.1944766611007374	-0.16360480088225898	-0.24542428759287738	0.2822754809695862	0.3603085540264857	-0.2702762412476274	-0.01932222924350979	0.6999486554707729	1.0350900971106174	-0.1464960192725765	-0.1737316943715186	0.3351391361217205	-0.5557031838623478	-0.6996031657854946	-0.5850975500452963	0.04534501062272223	-0.4243244833796803	-0.0462734477425419	-0.4375346494300815	0.09204054556558611	0.363726347044726	-0.15866276158719692	-0.7969854773808431	-0.12018118430631025	0.07506001327844448	-0.11982373793978326	-0.15631994086473938	-0.6579538300840683	-0.0034719027509544976	-0.639633578181507	-0.22215220949015743	0.34995096583159363	-0.4994408094715263	0.45286740892842253	-0.1937749208175745	-0.4975181872396287	0.3351187747105178	-0.08315172257321747	-0.24361667783951532	-0.0948608316804152	-0.1744685473131264	-0.39131984256852415	0.5306075192633758	-0.09549947641519442	0.28965091887242655	-0.47628956235177994	0.21120435933662976	-0.1211406024690052	0.2445969384594934	-0.08122083597439983	-0.13093691274563424	0.3209278002753695	-0.879412617669177	0.12641530914934587	-0.2597962172735408	-0.4622522012017085	-0.04586676403841555	-0.35456391686750827	0.44357279047399006	-0.032758592925659684	-0.04219685858426992	0.06328302052348517	-0.007559361848101747	-0.3533637894398748	0.1584231707963985	-0.12929338933642132	-0.3613049727454536	-0.16475872978277487	0.09974736834984405	0.3422453805485952	-0.15780688109382546
DTXSID5032579	2.723788556838104	-3.138349595257032	-5.424445511482079	-2.998135313164075	0.90145820311028	-3.048798111056681	-0.012132433042310493	-0.5807440950925851	-0.01339197110053759	1.0274309162246937	1.6542652951303882	0.2701048036407663	-0.23319983620106038	2.7752909274147917	-1.032321202234242	1.143316655025589	1.6695235453929353	0.7061050614489393	0.25462137124634443	0.5604129896023429	0.4308269538461784	1.0595390166921745	-1.7055301504218372	-1.6025772031534502	2.9082020176601726	1.6930230061972247	2.865039356823	-0.5490005047874007	-1.1731202606024878	-0.6269351804903386	-0.6773943137977377	1.0056962219222054	1.0830891741230322	-0.8730271856825784	-0.5773176023021198	-0.39613484247392794	-0.8568644764130884	0.19672651998436605	1.0162469916438306	0.024998236927310933	1.654310284002108	-0.4495593755184911	-1.4730834560776416	1.9377759471543252	0.005323753172325993	0.8410969248291749	-1.5283853828966882	2.7832332984121457	2.8349735187961502	0.07619098815446962	0.8616895693118917	0.7310039962092931	-2.1596881004687596	-0.9088486189925895	-0.4433659555964573	0.588690113633931	1.4990536443744735	-0.03512812660010402	-0.6768312371455951	1.0674479877954066	-0.1742850127803883	1.271178507118675	-0.24458798759681416	-1.1901780415149767	0.004138690048111435	-0.3719618544988051	-0.41517647317173695	0.2598480437865027	0.03329315769976502	-0.5207481354059673	0.29775516296238674	-0.26540845275723096	-0.3141497894311233	-0.11730390947303516	0.44268388521102703	0.21961639047838816	-0.7196465411201747	0.02363762463794273	-0.021152666074854873	-0.9143971899199336	-0.22070206200899967	-0.14606947794389089	-0.02106072886426764	-0.1385403999308736	-1.3674587540561336	-0.46909347316354655	-0.9756099241882418	0.6727301495710454	-1.1936708379621674	-0.030849653864746227	-0.5492148557672549	0.3790878092519391	-0.5655716809718769	0.4563316021245008	0.13113083795370162	-0.329764208473918	-0.5202862714302919	-0.00645919580186043	0.28308518714281183	0.5137404679161646
DTXSID3026514	-4.004177486833442	-0.12820619966860952	-2.0829143635890794	2.709001285451052	-3.4728905752454553	4.3089191784050165	2.298511227102211	-2.4530607434803056	-1.699741579192899	-0.2076211195849647	-0.8050411620360294	-1.8199556232064937	1.217295505818345	-1.0164413123651226	-0.5209548800039724	0.9993123246217447	-0.09228480566495306	1.0989200195142137	-0.6416236344114793	0.5025175060356063	-0.2900070341839061	-1.4321308741163066	0.7347410803234391	-2.3043142442861635	0.42872210558316953	-1.8527123009286515	0.17749036687896555	-0.5459629809454878	1.7426099040578509	-0.44824067752747543	0.9844405511634094	-1.1746665619605305	-0.43881686934956765	-0.10093606772904766	1.182512939406504	0.05333162489300799	0.6977399607762717	0.5237389197463018	-1.2478288607868557	-0.8754328828309785	0.6089579926972637	1.1947987978578636	0.6803591134975142	-0.1920013046445169	-0.044595850885102234	-0.13607551791928602	-0.22600705507628843	0.8275845751203313	0.5466549113179241	-0.464323057709949	-0.6379667213805325	-1.4233383118931453	0.780642431425854	-0.44310563094437033	-0.1067747368546083	0.9712778719377682	-0.3164842949924884	1.7984667201838034	-0.023413864544086522	0.8860194587026329	0.4023207024824447	0.10063518634688205	-1.5523829700419083	0.9268964894712551	-0.8906101706773516	-0.3459952811682045	0.5899695327996145	0.02724467721686243	0.1361023756191774	0.6223119625879681	-0.26859886683898165	0.07150417111385414	0.2703669969140863	-0.12097995967027676	-0.7104790308147212	0.680241675903375	0.37675763282745683	-0.5509510436142514	-0.20362624823008857	-0.9349295147550493	0.7663714683247521	-0.3893826470824934	-0.2836562412563365	0.7131269141336448	0.2963332441936229	-0.6483836925917152	0.5087065260029497	0.8234700513549811	0.6399604343034225	0.03238804353471504	0.3611064387709613	-1.3736647359721093	-0.05842167418399648	0.3583066702836886	-0.8087695205067461	-0.3477897312338616	0.19779409303320825	-0.6376856319690358	-0.005825094425701975	0.27282664860279304
DTXSID8048577	24.70205149560588	-10.800114898868426	-5.910565104067321	5.229827508056389	1.7461222976179678	4.781504996716681	-0.6197557395189062	2.572564395250141	-3.510077919347499	-11.67945207790315	-1.52814151163874	-3.536807406871346	1.855248494087883	1.5204140207558756	4.291159707775182	-0.08547293565868996	-1.1341022791149469	7.610156721869301	-1.015340026338673	-3.9419097347898275	-2.9203563929899174	-9.760439991501638	7.046617333173025	1.7582674777102463	2.442169117215065	-1.6475272424296137	-4.664410711119114	2.3530348918392723	-2.621627669171441	2.036266012227235	-2.9864160849806067	-2.1281531834590983	1.4184407946289268	-1.9765649019931018	-2.225517944236793	-4.070423282215394	3.6125623216496154	0.26784872979035673	0.32085785077244316	0.6741403659020875	-0.5712613221438209	1.6433456188743256	-0.8255155301366267	2.198853683760557	-2.8220805499087835	-2.528756046103239	1.8850620420438984	-0.6211593129471229	3.9342777004711373	3.297340862663894	0.9633044195759145	5.007270501900166	-0.5324575396634207	-1.9969676458303056	-1.5694607519750086	1.7673840934778184	0.6401614530095375	-0.718201341367113	-3.850488502147503	-1.873935211937709	4.381760076520014	-3.4107171329865387	-3.008471146773791	-2.1858271233792013	-3.096755897272384	0.08581167787501137	1.221781683408524	0.5341052794167996	-0.04055651167102116	-2.164800783569212	0.5575158496685191	-0.5891805533891927	-2.2243285814647584	0.3825796249664905	1.0856379853813294	-1.2864182061348863	-0.9272882910077302	1.6613810693920987	-2.130631255911047	-1.3705462200516048	0.8699884659255123	-0.19638718249514545	-2.5744819589086005	-0.9370505329355865	2.4167558474817277	-1.7775632985399823	-0.9277253540201653	-1.5827031353206789	0.024187321988654375	-1.3137030019675806	-0.7797539420762778	1.022189394044552	-0.1332718072812218	0.5672232417184637	-1.7971145834082698	-1.6612608270490061	-0.06421263142701467	2.8208638134600474	2.5635610434907283	0.7043314522851609
DTXSID7038814	-6.3241600642880265	-0.6239303635305175	-0.643134194995638	4.0338908951320676	-2.0581666418654816	3.4914284986663615	-1.3263882986490845	2.5048276474850915	-0.4556501483860632	-0.616105509288752	-0.651673701961116	1.8663618598584322	0.9229054643313103	2.0569211213956486	-0.9353167752009544	1.0273677252051023	-1.0421801391336054	0.022788761794479036	-0.6710681172337273	-1.5264682092856707	-0.12449887520921293	1.127964996607975	0.5690130471284317	0.004837995223357468	-0.5438974615511543	-2.4025194330400517	0.4828375574069966	-0.2332874804264528	-1.504350444120168	1.1768027410183195	-0.9935690070176739	-1.2458401617536778	2.145215303558904	0.09600257726558556	0.11918117214747762	-2.2235764304020584	1.7603776307235501	0.436944223136755	-0.3227794600365464	-0.43500142325443597	-0.6284620945653695	0.4840424042954427	-0.8851973829661143	1.510155838165367	-1.8322900799763528	-0.8252116657755163	2.2680045389429613	0.0641076978456903	0.7093907951168366	0.27016950121308486	0.8037652902798801	2.3860339069832484	0.04873463448595437	-1.821669217224589	1.9347076694414291	1.8406816749928694	0.41303632925742473	-0.35881671537921983	-0.75930991871087	-0.9801581212482194	1.2131197277099868	-1.8942322837470598	-1.598985810217565	0.5100890824854265	-0.1366071152026629	-0.053438298674535846	0.46106669398013483	-0.013222703614950678	-0.7497175618584904	-0.4131707448492043	-0.2853249847776675	0.16575361651007497	0.07230021875871097	0.8097856583885442	0.0094888594225837	0.1004815131653613	-0.08066379061708084	0.2488872149918271	0.013315466795457616	-0.4576573693932225	0.4799648917244733	0.41577699315678746	0.10298551675565855	-0.07598850363653574	-0.3427330360886351	-0.23779063666591815	0.3335047069622361	-0.0406210387894544	0.41255670291922	-0.35509043189129375	0.2662944864014453	0.2173714287909062	0.22388465960272416	0.0018312588443344848	0.10225804122651734	-0.34227793363559617	-0.1303603951859968	-0.2798114965098378	0.34217371455270984	0.20143560342333264
DTXSID5044998	1.4280465568995382	-2.219258230614876	-3.413525770661409	-0.6773336262709825	-1.2765268853970628	-0.7581454001273668	-0.4482671915117062	-1.7577888276907536	0.28688146998516145	0.33929426407234264	-0.008581104152291585	2.537733444861751	-0.10685525879102388	0.09795957472480885	0.7427477135117048	-0.5297357685392625	-1.0281195159406835	-3.444565546670484	0.25033698171643753	0.3413862206450458	-1.6358197570110493	1.0562729998952192	0.6080735121153368	-1.2964294811526424	0.428417484695114	3.2430823365717574	-0.5821448684319561	0.362143021231089	-0.09951074990257928	0.5581838898278726	1.4737454711316942	-0.6418928549272475	0.7584171780122348	2.634389029197103	-3.3223063560662456	1.6338991563352319	-1.8808242322901538	-0.9428770880723537	2.346196983955326	1.8905785701991507	-1.864612789269087	1.026248783039579	0.8110843569271843	0.39278487708239906	-1.305001931251865	1.1592191524726025	-0.3741157180072216	3.4892488001942663	1.1431490846377519	-0.8517425801411194	-2.745581983579588	-2.0858568502236117	0.8462596476919224	-0.15551477980694617	3.2798867113655135	0.505032288052818	-0.3653864149907732	-1.036447930913551	0.22563531231755707	-2.201661599613932	0.04128822081367224	1.5919750365230976	0.48551670224633764	-0.09616020705749827	0.6590483819476787	1.4633129998792824	0.9853964818740581	-0.40958482548700337	-0.4895833696904369	-1.6498111923884797	-0.021641592895631983	1.2607861522645332	0.5242301324002411	-0.7203028521753491	-1.5535807445786471	0.3288543372849782	0.5385177686852796	-0.38047309389023165	1.452473945544822	-0.17740868272649932	0.608695626327105	0.11494091274329424	-0.2705139495240795	-1.0915808627828503	-0.5968451814884238	-0.24276101242013168	0.2739627691056712	-0.13212295909637045	-0.9603104572817268	0.04536146925868496	-0.1335898295881013	-0.4104939672441756	-0.28773482206124423	0.27998517495029174	0.1749189938539956	0.6103266335633705	-0.7345103690265324	-0.3984891650977583	-0.13309855251578126	0.6070114690547788
DTXSID9033187	1.000569618492238	0.4918114671851332	3.8603909683369406	-3.9753917951306885	2.022436117696843	1.7626010240394898	-0.011780228978829492	0.6158290906558762	-0.49755766613251584	0.1988428893749713	-1.6631183371674774	-0.24601405131485538	1.6239680745114735	-0.4530576731389233	0.6154390200966204	-2.0846938158621207	0.06706093143597039	-0.7311629622227355	-0.8884024328990264	-0.13630265265698613	0.224062925282634	-0.4513600371247955	0.0364546751450811	0.6492776342462322	0.37339269981841194	0.3849257294385773	0.2954564259662411	-0.9332212626882106	0.183885003072901	-1.0646752206485788	0.775657857241207	-0.053485320434093195	-0.21764681339510417	0.578257730744681	-0.36346675381170357	-0.8184195018809939	-0.8524939204037527	-0.6630690646650347	-0.33812912128845585	0.3143582556515139	-0.26798529299834706	-0.6489327762230506	-0.4327774960241676	1.2580682589530818	0.6999824938376403	0.828940268792732	0.5399196054298424	-0.7524165691820355	-0.8493756514057114	0.7797621842631106	0.6877950363292796	0.526937810757152	-0.08168176757319326	0.3691684969910134	0.8462660300997121	1.2730613308387342	-0.5976325147342603	0.8640635677045013	2.138649248242459	0.029587544324537182	0.005029611462055296	1.295314535171926	0.088364785713013	0.32142282178502674	-0.21482350185726384	-0.3518109549614591	0.5739731337038958	-0.8424724396391533	0.19528064624905284	-1.0955968320474736	0.25273752987704984	-0.9029585249451361	-0.38669690223181663	0.46373679496386117	0.23296754121799362	0.5361757450178438	-0.036049250321526095	-0.1539159746483656	-0.7231172753695158	0.6017237530341379	0.20680291827157427	-0.6759638680095641	0.9093974965267624	-0.7214068539061201	-0.05265116495253586	-0.12937365818665675	-0.39174930615067904	0.8199433588245287	0.036298296245580626	-0.09211615640919496	-0.6579674052766039	-0.45935038267413353	0.03235959470307352	0.3302805947154488	-0.29024533506281885	-0.4577170323176465	-0.2935384132146571	0.9151946001947691	0.721354955814092	0.38431435626978233
DTXSID0044521	5.045743188914502	-4.571139277980161	-4.228155711179414	2.1389528095028303	0.5501482145364146	2.222523259786206	-3.2374083692870466	0.19728991011078087	-4.030036470075757	-1.5079822445143627	-0.9571306295026247	-4.049720816572203	-0.8811447493630161	3.7912888572121446	-1.5492204509211736	-1.6872225173481366	-0.7443233207222475	1.4549189459571774	-0.9537231547775703	-0.002763120692256586	1.8755275164334944	-2.691599187904654	0.3408146112857614	0.7267275236961179	-1.6105597360167592	-0.7153027923085101	-0.562653686422485	4.188713609340909	2.1539122159417157	-1.0198886191240615	0.24976121883934305	-0.287832225085026	-2.1628716781898136	2.706120697139201	1.9754020605649547	0.24743855675701273	6.923359452755478	-1.2164737819651212	-2.807598913377949	-0.629660959739401	-1.035226876134152	-2.365074519577288	0.6988225811912995	3.074168792362187	-1.9521747879339186	0.31741315813491977	-1.3949878409242666	-0.663817461443076	3.316663728110861	-0.9856158466875448	2.359343887435384	-1.3713821433707138	-3.3461410737434907	3.9514724014403813	3.011867392167382	-2.3929121108635454	0.7298647300625664	-1.4728676416451854	0.6418569408769101	0.025016392355580334	-0.016297285321640455	-0.20510335169048338	1.6566998300433424	-0.4353057679837959	3.712726520970363	-0.3723611499158804	-1.6938187054653182	-2.425739172612151	1.1516758754477319	1.7440598190822352	-2.0033780091618016	3.2897178026484672	-1.5433922540027596	-2.524719609397857	-0.031140884879860213	-0.5638103557114171	-1.6128793277005418	0.584146149640072	-0.8572816753054571	-0.2712434920330836	-1.0346109548702545	0.12875477779151015	-0.20310601670558823	-1.0183002303717419	1.1804164187533817	-0.6599308411329569	-0.3801015038261568	-1.5447549223004426	0.937241705254112	-0.2042165091002072	-1.082467799984572	0.0748483399322075	-1.6481995827210043	-1.0721723585459864	-0.7929858981450313	0.8924507928495092	0.11888578453752985	0.9463048938906768	-0.04216205337988062	-1.0325223739061422
DTXSID3026645	-6.730732424849928	2.6588747108272903	1.3899111769118815	-1.2712185231919555	0.7928278536897024	0.8672444777450119	0.41818522524602414	-1.0896032612709308	-0.09445731881085073	-0.09395699697842741	-0.9392066938906605	0.7958080160616513	1.1557152061646718	-0.4711117327329044	0.17712724444392883	-0.9066740986535797	-0.9954706283973945	0.6026036381408759	-0.0464857656563047	0.4545016272352846	-0.43146083966477644	-0.26918911182312893	0.2823911217638363	-0.24618963917484302	-1.1544903017112196	0.5681002185004526	0.7043310861297823	-0.5535171301884796	0.3350638151782122	-0.38030528851655043	0.6205837868553884	-0.2856157630205	-0.11412179238892355	0.2829316930182873	0.17903489310227796	0.2650401185234771	-0.3408816591537965	-0.1081131233110919	-0.094010070052122	-0.20738122760406735	0.01176079957696709	-0.13070210195201606	-0.05134611826313255	0.4405914414592748	0.723405819236948	0.16110960218843517	0.1399291700939976	0.15313400574304933	0.4541599554889571	-0.46922335702123547	-0.18279398726424037	0.5275712071633274	-0.1738791690912112	-0.39096909826049775	-0.033840475836356014	0.012826608104153255	-0.027500022874896796	-0.09939726427399458	-0.34271893766890754	-0.17840069635582165	-0.1526123443652638	0.22469516715922316	-0.1080386867551027	0.19513516736884753	-0.038126222882626896	-0.26633340193204275	-0.16026572177803716	-0.07366117084706866	-0.05061098331308082	0.056725803826322856	0.13256842900895008	-0.09753159026014714	0.27537624047488085	0.6553228983470077	-0.29521821899198475	0.09415638201064624	-0.1951341438539798	0.08532989186036061	-0.348698681796618	-0.33009716227731517	-0.44454057243202644	-0.5528134516883104	0.3611089086106291	0.1587522495033115	-0.012002567299983315	-0.009009128638218225	0.25607683039191126	0.3092369612022371	0.1635483607086567	0.2510020394224711	0.20077989275547417	-0.31536487398094304	-0.2553720841700037	0.20982651352674822	-0.008723437026582438	0.1312078978368346	-0.21471982550043026	0.03470691857861452	0.22242054053779217	-0.045906712452538974
DTXSID3020706	-1.7887544470329892	-2.6324695255157162	-1.2020397301509336	2.904733232340103	-3.3109274511135722	0.9715553247661687	0.3437095208858629	4.6642852691663546	6.524802277028837	0.9114513803333796	-3.9759794380718567	-3.822343057228422	-1.2060395810868112	-0.7305595000477108	1.3395190336304645	1.0493502398461787	1.2897458441040728	1.37751771672152	-0.1873224576869467	2.323589855796723	0.2739081211707836	-0.759425264010505	-0.3244301644173974	-1.296442884947	0.4504401982165956	0.8221857005162243	-1.7584980209976286	-2.1669238588745348	1.419286211855118	-0.0579337309181211	-1.8016721468434722	2.1786129437830537	4.173108398034295	0.2835930879105835	2.4968027404843895	3.5136466546209713	2.356528105574745	-1.1632906802081462	1.9069102156918214	0.05533553848859853	-0.7661917904289498	1.1497815356734233	-0.6386760908865702	-0.5843779219727294	-0.368723724240354	0.648433845875458	0.6680445269672054	0.09355512307337129	-1.0013293072687244	0.4488840646861811	0.5729845100521148	0.2111026829630728	-0.2471639829543613	-0.4569891019502413	-1.0885373569383936	0.5871324347651357	-0.3563749566181004	-1.2675111825822163	2.1426341152915134	0.6302765215588446	0.5173819428922729	-0.2658794889931094	0.650948348873023	-0.4853748616557885	-0.11517219568855351	1.1169140026235402	-1.0869434587713798	-0.7778423384234792	0.4541222487664899	-0.8992858633311642	0.6673155579566332	0.06721743480466165	-0.17527268321846556	0.6864162860632302	0.036363429444424104	0.43942055046958417	-0.3185489780313381	-0.14443350329553337	1.641777551134336	0.5050871318052401	-0.2536323844436558	0.815676622450357	0.5576597875485765	-0.4164916867176062	-0.12961577685082087	0.6151448911575268	-0.023947949762042307	-0.3341622442626017	0.6581091334221807	0.6864267115895308	-0.03764564069077763	-0.25136538376516554	-0.7462389288924821	-0.4246573872203175	-0.28254880279974015	0.527036445593369	-0.3198628717872408	-0.31669683238552815	0.14905899173454598	0.2556572698809776
DTXSID5044655	0.3257034453813946	4.1373300671548146	-2.7299416355222736	-2.836827751801931	6.206477266724148	2.245553918470448	1.881222971291946	-1.679917929441889	-0.09231049888062005	-1.7021727625932503	-2.1358139951330104	0.992427164824695	-1.8191809178608376	-0.9960957486962514	-0.42270679988025744	1.6028565027514325	1.1991800884077735	1.3363660856029351	-0.5946297181666937	-0.7522464676695303	0.946635351009583	-1.0053626258145352	-1.0425539703593314	-0.6176213988375847	0.8059745831780696	-0.48267556609479756	-0.3968320259028725	1.3821423284000631	-0.8599234886113207	0.14442119349364546	-0.09692194145464841	-0.8310703311895877	0.8159867261536071	0.27441813691874267	0.5593642425119061	0.4030478968781087	-0.3770692110820167	-0.018441803292587024	-0.4056251863014123	0.534436115415275	-0.035386350233589076	-0.03770556654734482	-0.7660924979734826	0.3337723044044374	-0.36850763214822946	-0.5256654865795036	0.5807862233024429	-0.2051139143488395	0.045450112370675345	-0.604177004718572	0.4628096625242508	0.08921079823961697	-0.4345231222387506	0.49600414708303425	-0.1221824949966166	0.40258761560804396	-0.8316766211457073	-0.22523688729357189	-0.07803106001954135	-0.470300890314465	0.28693713933757264	-0.1032921890686432	-0.6157811908776418	-0.46820634232819364	0.13702600266325152	-0.5509724597944393	-0.7634206906270758	0.5959748363755966	0.06075499369674623	-0.6564772689277646	-0.20813774166374074	-0.5474439577875114	-0.3173663656355511	0.2731529175520825	0.3233970038934045	-0.1552972593822856	-0.16265868415137885	0.4988836930138075	-0.28288840106756663	-0.02757051871227139	-0.3765206288700005	0.1330569587877615	-0.9504591858614403	-0.5629258937597733	0.589579760926693	0.1594863381186613	0.2697842772895224	-1.2647076623347122	0.017522133730755854	-0.19911946841871841	-0.1975902233105336	0.545320948152324	-0.055880076304259466	0.42173579612078904	-0.3729605398611916	-0.3978169142193478	-0.1963545025616016	0.38378080328557906	0.056395704046489574	-0.21765364859580166
DTXSID80375107	12.70814131387072	-18.339206183889864	-14.893482563133265	5.322340534657582	-3.9195008653448298	-2.6431190603029404	-16.12668283024299	-19.331641101833128	-2.7961060177311934	-9.015177704611704	-18.67288412364401	29.7589161934723	-6.132434677037616	-5.9844341441239965	2.583290142400381	-7.178264277806771	-3.5520211584677885	-11.730148351732913	-1.3200637717704764	7.368951181286859	-8.386118947054742	0.7270712282015723	-6.686835166052889	5.3821850439840215	-3.5934161467543877	12.629929769551344	3.4328167552965922	5.665418707326357	-9.75777352035457	-4.060583021225793	-0.012993356472929542	-3.5991708517081022	-7.022583810962912	0.8241108690684239	-5.012279887248277	0.7268709068527577	3.1829491634357456	1.638150475211686	-4.976131543709563	3.8008607535503027	-6.033734732748964	2.0528194425312556	0.786490605031915	-0.4262337114021688	-0.22786784030169868	0.5941932082514387	-1.821539340303964	1.853724374318469	2.8351945984868436	-2.697193936971321	-6.047105641868195	-1.707822407073155	5.6503948066606275	2.7763228186707556	3.1055799293879667	-3.560889304775365	-1.5142590875232547	7.049759029504539	-1.2775490385623482	1.235255094328569	0.04919354691801958	-1.730232556499886	-5.240507525604061	2.8849296589675895	-3.7401454649600647	0.0339297501179289	-2.3737703914850705	2.2192855549920445	-3.586245838172792	4.509699023284098	0.08778931839270948	1.8548882536604052	-11.25777007369148	-2.5855717803324922	0.2930775675494213	-4.358862044233442	4.615572076198176	2.82304880838566	2.4505594980708225	0.6903195011577811	5.4657576307610904	1.4463430937819381	3.4730406669082727	-2.6702590522646994	4.346410989840809	-4.6623975214553095	-6.38260901996503	9.369642682882315	-0.02308436558758141	0.12647233902227215	-6.874127769444562	11.582765113343184	7.540069498002428	4.554226480540891	-14.382408450318563	0.5325691514949366	-6.183685487671583	-6.3533686153693925	7.851728827432284	-6.7023534067965675
DTXSID2034881	0.1315715757553096	-4.001646803839776	1.8883593383405206	-3.6064384907072733	-2.6443317411684437	-2.647987371500476	-0.1073940575167085	-0.09982311252392516	-0.4204161828189562	1.5626931098768795	0.16296762867198422	-0.8077026392623812	0.5114248824983858	0.5151912372143465	-0.39578120354443813	0.3031631076645245	1.612443209391433	-0.01161925033311429	1.3977093869324535	0.21581676081147813	1.4337408586612364	0.6640311060052466	-0.7717114457674061	-0.9302385618900545	1.7777070647630688	1.3087336583162963	1.8625582889101715	0.2610849285098244	0.36360634288758553	0.7258974337890759	-0.016058937145780133	-0.4201264727183319	1.216773646566928	-0.9199549945028174	0.00891861080825589	0.4960076493263073	0.20033083911868696	-0.5459009953767254	-0.45363305301848583	0.3885618070942999	1.48166140804007	0.27711374699712293	-1.9546642013885058	2.2373984102338866	-0.6730486648826207	1.3300534507966302	-1.320261680758333	2.025379896749234	1.420714080749853	-0.4951287659925631	-0.1679736600958915	0.6543623972413065	-0.9078749146888755	-2.663186576424965	-1.8748531862330602	1.8252672891247081	1.0401691910207618	1.3364281918736307	-1.5208604354532909	1.2766214439908972	-0.4852456275809427	0.41400397414993717	-1.1258464139971878	0.10291467427873983	0.5857343217109184	0.048577862632038074	-0.6132062345820427	0.17473083378390455	0.05225580244891974	0.9130731840668099	-0.4961872322419693	1.2264610967263851	-0.9538551721931565	-0.42057959325089334	0.18183227135939256	-0.36780347081785636	-0.7207064072390805	0.6189512644005297	0.15709922576645738	-0.6180972410181116	-0.43083090680715663	0.13267229000674324	0.5273197339984094	0.20229047233202568	-0.9200403146543781	0.20990677633646293	-0.14017867761006858	-0.04596647328249781	-0.5144374299900958	-0.4757649658804947	0.10213833667966986	0.09291020057136723	0.45476550005980004	-0.5804450733938128	0.14157404637644982	-0.5541544913115175	0.5155723602530546	-0.2865389833628996	-0.5927438086549723	0.22118929295272957
DTXSID2021810	-8.068465259878494	-0.2059562351180079	0.12695191698805228	0.5712249851417208	-1.4026169541100504	1.184624410921324	-1.2289241845713175	1.1974716226981157	-0.3196879560735347	1.3937234285163562	0.03227671865616964	1.0415678120833225	0.9169257623165388	1.5037024366717868	-0.7409314569203328	0.5702539897986962	-0.3192774292481419	0.7259146592782434	1.1841781263669968	-0.14989993219001777	0.055796384936927235	0.7645571646556524	0.4246834507692609	0.17515832782171467	-0.48159121713254804	-0.009523336685907059	-0.3107649654824762	-0.21641158298098825	-0.2959600088243748	0.5363969451636541	-0.3302517910661662	-0.029174740926487256	-0.631224379455579	-0.37426834401531794	-0.420437096101077	0.11901887686265981	0.3343248431679287	0.5896174453664408	-0.10980257549553145	-0.20857332249586935	0.15093508040765666	0.2527650597471195	0.14780048056192158	-0.11342879148075868	0.10268062822230008	-0.10014437249857336	0.007100178702018077	1.0177367091375809	0.5876893207302786	-0.16922793686466897	-0.8596313751443871	-0.3791388410764005	0.7769683977208249	0.13636672489778728	0.3853740254872737	0.3922003789840136	0.08649257942326322	-0.19057558465498828	0.22960136829727157	0.49586916207534765	-0.22114159126329155	-0.16288106271857303	0.7113363204468147	-0.3968550310298877	-0.40012052332685294	-0.6672252387085802	-0.5999054797102641	0.2554893468843379	-0.5740512184674691	0.6271757170939122	0.15298689015101416	-0.15439287260264056	-0.6122411082280749	0.48792301851487746	-0.07227135723636667	-0.12042281043773183	-0.10698402549390959	0.22273299331595933	0.020843820215970685	0.3636150188718673	-0.29925383090110835	-0.06285708551461926	0.0231943934180255	-0.004810892449643407	0.06425291505719219	-0.2207104585606997	0.15881329753991208	-0.2110074095930047	0.4335225225422891	-0.14337235418109123	0.007877264781997425	-0.12614247968406372	0.004750184051014203	-0.06316964654210325	0.10179359099850728	-0.12501210387649184	0.09435136267698581	-0.11565108507285482	0.18847564355579646	0.10338477913834762
DTXSID8046585	3.0265516709426254	-4.836758733946818	2.6940756257104526	4.371061895969362	4.2346920693651935	-0.7396521547418151	-0.6124690560106225	-2.461577717288188	-0.7300072062350765	-5.277432144728696	-0.101622783837698	-3.761012355502251	-0.44188445321952396	6.86254027357351	-1.593174467871853	-0.5710301718437001	0.08981116980416629	-1.8441595055983102	4.49124594156858	1.837655160300688	2.2770300395067244	0.058781981127882625	3.553845929057871	0.5338024840456309	-1.5649446114000551	-0.033517420355832064	-2.3651752258816985	6.177492451003458	4.14074627858443	-1.0574354262679266	1.5389296514208735	-0.19208222722636803	-4.397351062356678	8.8368863516984	5.2098683689099055	1.558220525308103	13.031066826356247	-3.4426302908671707	-5.376394305422349	-2.194415105956203	-1.3722706392792599	-3.853972035682588	0.5502258805749888	6.767884712462025	-2.3612278025122597	2.1820221259259167	-4.294199265072919	2.270243070654951	2.577961227420531	-4.638016556894376	3.593005895285168	-0.06731321865159327	-4.778974366534202	3.4154272291072627	5.1758281320978154	-2.5130486082520194	1.9378164270834046	-1.4472586143926662	-0.1773968692854371	0.3042463225176888	0.4268150847119328	3.093401868289811	1.8042437897556258	-2.02881875985104	3.117900802491696	0.7452912322399609	1.762861382398802	-1.511806372958297	-2.0058548699085517	2.1479292095497753	-2.164629826027944	1.467979767640066	0.008766756818526502	-0.5895699447135246	0.9050577772030918	1.1582438562348114	-1.9922727137857024	-0.28785385557490545	0.4241773850504738	-0.01368076669322973	-0.8964899958269718	-1.3422937963374424	0.1895859000560878	0.7447221172906191	-0.25280542689050095	1.282338369670478	0.7746673614204784	-0.6632562504618501	0.041116556923504854	-0.23904930270011704	-0.858670994695823	-0.12170196004268362	-0.2906304070048696	0.5014614081469679	-1.299354318562119	1.1651314417925582	0.9991962974656701	0.34336991802347044	-0.16078850558960076	0.14457116715331356
DTXSID6022422	-4.274640171299021	-1.950313267635573	4.06277791835574	0.5741898350420729	0.6157145299830953	4.579597314842407	-2.2524605061640868	4.541585156052766	0.2457950416688967	0.4481192565477295	-1.2562767741790228	2.2323324016924495	-0.28590382044039614	1.380805960848181	-1.9807230384444645	0.8358350072507714	-0.9810062716542701	0.6470877479536012	-0.18841490214362636	0.2409685749065165	-1.001002628609255	0.41985779049047617	-0.7198837468658954	0.24945582277926914	0.7566719031558654	-0.9824718584975971	-0.4583804989352677	0.19994033070731335	-0.35877263703916945	0.4016222687367093	-1.4935169534457124	-0.16659041710251535	-0.9112619536318336	0.25431253161844664	0.1716639645903885	-0.12183742109918964	-0.2816469564442848	0.4826710207404744	-0.3369973687115643	0.5837481944569508	-0.1288872318011423	-0.23904980288060243	0.021388866529362695	-0.4581192051659374	-0.09239863180500436	-0.10847689422233046	-0.49491304100605155	0.3744016141523955	-0.11160203737505855	0.5842821217509079	0.28486852064794504	-0.692468691522818	0.5579305627811277	0.5644866522890677	0.5675287116663603	0.08495565546603161	-0.22144293244658173	0.5792105933271006	-0.7043572896345356	-0.337366994414822	-0.16284633750534294	0.12763868682825105	0.14298041656341479	0.3143086457161227	-0.20444126984101346	0.16136340642467306	0.6124492472952869	-0.22188062936132705	-0.26397627545031127	-0.07560532937404334	0.11562297023291519	0.3867332568318679	0.3166628604961226	0.42399274247548585	-0.1154019952718368	-0.13140239370293708	0.036681500594720064	-0.27529471854083043	0.11736545596278045	0.09219257465007674	-0.2349830914244703	0.07785890288780822	0.0781468231541677	-0.4400039654017904	0.265361942172235	0.2530185766104098	-0.128227351698337	-0.007474297966321304	0.27563419216090274	-0.5639072754342459	-0.21910562291663194	0.23622551039983972	-0.13444560454067211	0.2174188556564777	-0.22264854380046334	0.0783482666349764	0.041409905352429034	0.09717693090417441	0.23134468842013722	0.04135859074796653
DTXSID7042019	3.795813870243603	-5.717630720765098	-1.340748192763542	0.3971435581483302	-0.7865337601077528	-3.280525519180285	-1.4787484674372229	-1.4315964003470814	0.26867257140271855	-4.76808824799916	-1.2314063682160301	0.6295763307043032	-1.6808257921351017	3.3886289715305056	0.25720548643405905	-1.1315084044545465	0.07510199973698631	-2.5638791712699915	3.3892267129816047	1.875150439292602	0.8374572126095547	-0.593267646082496	-1.8138934625275192	-1.802659110896958	0.4790917645226909	2.023056647184667	2.3490597633705583	-0.4043262159631456	-1.7647596188791936	-0.06525675887120866	0.06919204806662015	-0.14432630189499593	-0.791066316873373	-1.3681646345366887	-0.6617399619146506	1.585247720560582	-0.024372496866210867	0.7162069079703094	0.43672215074249887	1.2001365945704945	1.321106323124646	1.2642026429780846	-2.5023546358908098	2.153339455031961	-0.5025342780209604	0.9503837443147826	-1.7680506577464432	1.4816494342971986	1.478840480049711	-0.3019319953051532	-0.783968614808765	0.8619054584332976	-2.148499462112915	-1.9018097598149786	-0.8682308956385366	1.761382483202593	1.2479167205069401	1.33596940244434	-2.4178694905350104	0.9372492591234994	-0.6559288424600633	1.9469820859020577	0.2972747114225197	0.71248839835904	0.9240586739451012	1.5432503838704927	-0.613103979711439	-0.08656007787363747	0.6595077048445549	0.17945740279026062	-0.5016342776583629	-0.26595396634332247	0.47929664707214864	-0.9670660910181379	0.013180148956520782	-0.43005565556599457	-0.8764254399523584	-0.7374250026815875	0.577562726187955	-0.8081173122962716	-0.7590023886242422	0.6557881586984138	0.8062266699870212	-0.9007580937492377	-1.1576311898871727	0.49413720305274417	0.5450038304898821	-0.1667280437199273	-1.1094894584631518	-0.11367763491282852	-0.21927553412970796	-0.05421649753174527	0.5718376097060929	0.20033335833181742	0.5247712060391369	0.2288916324584091	0.3266473494276964	0.2707177840189367	0.11268502845927256	0.18784257224630532
DTXSID0022480	-7.2291633459502345	1.5533627054040313	1.3040378938247372	1.6004724304676923	-0.6067200081533546	-0.9854481573054698	1.1953878764047705	-0.9817487438806377	-0.096771509061495	-0.3112631452753141	0.8714532900757943	-0.07607051159327542	0.15955028168486518	-0.21789209342410149	0.49564071972063284	-0.8278397260829382	-0.511996137981179	0.05068476964469525	0.8358476836324443	-0.4143578215327203	-0.481201987703034	0.8609008821385423	-0.3314923672952375	0.7209314261540305	-0.4034886770153994	0.2125525804471829	0.1635364825734562	-0.2817459573398726	-0.03055004750265559	0.06547792172254199	0.18204929984711848	-0.09384482213532908	0.31210836879447457	-0.13097477288168144	-0.3196400822019974	-0.05990198741554178	-0.22478851277164255	0.45792758845253034	-0.21046738999637468	0.1180880881883801	-0.1578233120532404	-0.270954917891809	-0.17558207199260742	0.28821062615142673	0.3687721037045206	0.1138203668762441	-0.11196027589101501	-0.19696458549210508	0.29962677140233657	-0.3279614456737004	0.009762487377172554	-0.2049674458304009	0.13245315193742171	-0.012132753796092922	-0.3656523044947678	0.38222123169727856	-0.16575317441600712	0.08851346675861022	0.022462610466632837	0.07832774723568173	0.4278279436823127	0.3471299672199871	0.23098082069929174	0.1544914879721117	-0.42578207538636315	-0.2699576353402106	-0.17792417936173563	0.1383509498310529	0.06762724252493159	-0.029654167883789443	0.3116550403124437	0.06278512468828605	0.08577368414032757	-0.05867840606696123	0.14734981940451183	0.09985532399475361	0.2122516856222798	0.19412449459948466	-0.26893272113123495	-0.056844034495702266	0.32609263038508335	-0.2953797239043764	-0.03129737695524362	0.13822322711369814	-0.04502097373474919	-0.03399823487858947	-0.1111731275700883	0.14094071841574163	0.13565647063820316	0.24607307637968787	0.032278055943449534	-0.15722756469563473	-0.06651571946451328	-0.021663362950929767	0.11129997594877909	0.14338985795200881	0.006516003757406073	0.18100128376682417	0.00706837560717369	-0.046926203805424054
DTXSID7026499	3.8347294384973316	-4.907056379265794	-0.4442979416314278	3.7007471090603357	-0.45207107920292733	3.094406991523345	-3.2981907140808118	5.134530848590094	0.9866923415743588	-4.925092707514991	-1.0494178136941905	-2.465548590252892	-7.181354804304762	-9.304964487193594	-1.9724487465209142	-5.786055698474199	-4.530195967567238	7.600931361109541	0.9705854397201079	-1.284126634984865	4.084135675487413	9.88882466212891	6.914900140271223	-5.29785511188623	4.750440919746867	-3.874341704923613	-1.1042417890186744	-8.907012208206423	-1.0359357026563238	-2.4488352957804005	2.208549941866512	10.711054075655344	4.793685032939515	0.35822002211589293	7.806874482473535	7.9853535539211284	6.457952608153232	-2.5281708181548512	7.070853399523114	4.445555565755598	-0.4001933419733789	7.127694479969351	-1.266228975040383	-2.212789277026332	-0.4063158837339222	-2.6788296473493745	-1.9521507014086519	0.2088747017142384	-2.8204234570314095	0.027068830313502316	1.2610285028930928	-1.4352190368904187	-0.6044848002148862	1.8114756592705217	2.237961118212542	0.19452847726260292	1.9845613105097812	2.949014197402478	-5.6142290467429605	-0.5821131537040611	5.18950958011934	7.301477194517147	3.645158979791573	0.4059862633865434	3.902426896925181	2.2516238059076046	1.3629207495625675	-3.677884925179135	4.272113016634694	0.7578406480334138	-3.5922424954956815	-5.221984710732685	-8.619749884938203	8.66866873569784	-6.88845798608597	-3.6188910506219067	5.153512618361239	6.975475616595533	4.064248937322406	-0.9771960875224555	0.4262886025200582	-0.10439770105362023	-0.19805358395790337	6.665739824975301	-7.229763451302072	-6.649701868411883	-1.3164219178412175	-4.5508146487802845	-1.8645652257091143	-0.8454822495190928	1.5534405182186808	-3.3166154279297007	-0.6629649762538047	-2.9995959583873093	0.433502010145949	-0.7460451450894291	-1.193559496053351	-3.833804356936557	-0.17831117526157433	0.12645107345406212
DTXSID5047902	-2.64746720599815	-1.0151252296888575	-15.23073389961959	2.9259637628020974	27.381426625634585	0.29486245245209386	-5.579293536360654	5.640671162113958	-4.782484104305354	-4.58322269185863	0.07870422599288826	-1.0512992314810246	4.5510711957443135	-4.409075062004343	15.243451965795895	11.284247694959635	2.228508097389278	3.7564101672756482	0.24443359331849826	6.282346300232649	-1.3682455734380523	12.240821214285557	-9.570179254353764	5.179629861999069	5.224373739661929	-7.746914923059181	1.5625789416530889	-0.39541933864079426	1.066737641099331	10.758741964198148	12.535511616029982	-10.30851477068561	0.8529188800116567	4.112642650102366	-5.216690384668602	3.795733157627244	4.801824473834446	7.260265356999079	-8.21883800033243	-2.951975814794428	7.450433059446805	3.603650561442224	-8.06740470947981	4.343817485244157	-1.747772343169421	0.6701711868505926	0.6620474667386118	1.0228163997680815	-5.652112226211273	8.481510554263753	-7.331614751544274	-2.542497452409351	8.696135308800717	0.5962653811095927	-6.8195487305025555	-10.404126011865378	9.32826968561321	1.5919608250349826	9.386088939219428	-1.5879449452864627	9.756850799036576	3.1775484908168865	0.9082622235298176	1.936459752226177	1.1406475317088984	4.19265326863324	2.6424111481647046	2.1499322280397397	6.742707077573634	-2.3387380904826514	0.5864843504061357	1.7033722242351097	1.24254087104254	-0.16804816404373077	2.4774932153123777	2.220696874368724	-8.80839473188381	11.302869001886611	1.3739545197816414	-6.373744423691681	1.440902374292208	7.93458817530524	5.134369756240651	10.822358463108303	-4.096659390903405	9.954033819128778	6.834039344870356	-1.8185946715281032	-1.3267689300796912	-3.6812338903446222	-0.8419938039941347	1.779946968965182	-0.2379307351946962	3.412941402509585	5.59435102255998	2.155970028287406	2.719039392142637	-7.11958896211248	1.309099627579112	12.25707526750312
DTXSID7023437	3.164620574241629	-0.5580409337715639	-3.1014298028210483	-0.5340705771420904	-2.72862458331959	-2.4051070780784825	3.90689386267404	2.6745280267914078	2.886386296982689	-4.020685040380147	-0.6615552128346455	-1.115322897078887	4.363499063057277	-1.3773231707833533	-2.784775920507544	0.05810849587054856	1.7042650656741747	2.2351644574207445	-0.7274586604694441	1.517744707045942	-0.7364402584177068	0.18093112843955986	-1.5019807780198655	-2.039925465426765	2.213837958139148	-0.13764626849013964	1.2012019262190787	0.3394826711143939	1.3859133850001908	-0.6148633246460715	-2.0552717869462094	1.6551724752062296	1.0099355652918853	5.2032827246071784	1.8703527859499671	-1.0598748617223017	-4.809012924142482	5.651083356831881	-1.6256344982411608	-2.0255697572406803	-5.29662585295704	5.592226663348149	5.877263107204589	7.885934497935847	-1.7785030216024726	-4.272866227708738	-0.5295558323300297	-3.4080904672598447	-1.1734575529729596	-2.7051593533580958	-1.2374055215708875	2.7029838159070683	1.5578028470338163	-1.0012945349932942	-2.2488443915186136	0.20612148848651052	-1.1804435869601613	-0.7167217427466592	1.872476235710325	1.6041793948379384	-1.5992284490072302	1.1241731475985204	0.2113493052917084	-0.8332342563165006	0.2030219325556753	1.4388119082525022	-0.7405408348192827	1.9145122049399328	-1.8338147854737237	1.5726808394598817	-2.72792883535269	-0.186612261377977	-1.6324546096829278	-2.4846804058893963	-0.6408002983145469	1.5613936695323873	-0.3729138223464569	0.3497847142485238	2.465750520459165	0.7837647733239367	-0.31748352864079926	0.3323917405553236	0.7173543092092874	0.8341098863210653	-1.6287956584325909	0.5000767739549398	-0.6790196635836533	0.36268241209475277	-0.9893112666815281	-1.0362127960987122	-0.026526219618633662	-0.3795978372325747	-0.5604886356188838	-2.1350565477745933	0.37072186979546434	0.09850928277748595	2.609623114344284	0.2406612927547996	-0.025053756340628057	-0.05932939605077177
DTXSID6045903	33.45301402220906	4.326978539295186	-1.5718029470490276	0.7826261610270181	1.9906547393350305	-0.48376033396711343	7.913858987493729	2.97734591469576	-0.3864581708398298	6.5324331599957155	2.451260781420984	3.5179408432037325	-2.361639754034879	2.5006077583874604	0.5388889956615678	1.9996078490956422	-4.331691651483638	-3.038746202799171	2.987279209829713	3.062546156709559	-5.455128213065643	5.69547801781816	4.204490824742993	-1.3614525945741192	-1.5768870125038954	4.892285438209085	-3.3301963154616816	-1.3209948710985298	1.2818764073134683	-0.7341773550651943	0.9588681495722432	-3.948224298569271	1.3297347933570003	0.7187092437915583	-3.925027714367247	0.8084930742637478	-0.9513853882666401	-3.1229718770735992	1.303092707123157	-1.9732349428668148	-0.5560039590062565	4.418010344171722	2.0075561347967703	1.768355490985089	-5.580443693560146	0.600822213786234	-1.5123558315054757	4.42153859074278	0.4235913596856556	-0.8249911532126604	-1.4968421075907063	-3.1267551374887987	-0.37601675693763925	-2.376820567221569	1.7366712436844112	-1.0295834214079609	-1.5798849670255466	-0.07414811161793326	-1.391237339684881	-2.6676658440575873	-1.0909563156284736	-1.758627772083182	0.3058416669773478	-2.6181248852942276	0.19783151780252584	-0.3734712495189085	1.7614767207244852	-3.4416629828973018	1.810513363364036	-2.533079744100975	2.6119424265230458	3.674470282139429	1.6331106451626365	-0.8437898093618871	-3.5227334465456877	-2.742178303339912	0.8314394837653093	3.0340133247058647	1.0742481161196562	0.950614858113909	1.7937076441347368	0.11278109908461834	-2.707531675154661	-2.610527845767005	0.694718003377407	-2.5291226500585355	-0.9486318391598877	1.2905673271631026	-0.7126541602079663	-0.7678089953959123	-1.0759226975760598	-0.462336458123106	0.004456701472218811	1.7334326070392485	2.4648600927265494	1.2456086138319253	1.6968157646378892	-0.6913496734383376	0.9590378570056219	-0.8605075224893418
DTXSID4057714	-1.0073727556006036	-2.355840633142772	1.305002959558171	0.3808989447607324	-2.9954786651064156	1.7749188681310852	0.7149259597399388	-0.6155835924231827	-0.8624375788620245	1.3556163674945314	2.0873885724681047	-1.156671009055205	0.5072740326265646	-0.19484760782047753	0.32265231130693417	0.5382003393855697	0.6297591073405949	0.8861884649468887	1.474012522175278	-0.7422967897568449	0.7630298275281937	-0.1540638246242999	1.077286916763093	-1.0415435484753501	-0.18233379167458486	0.6928987383995869	0.0366077951886181	0.428865989446065	0.16445644893525574	1.5593502553999168	0.12078259913146484	-1.3755109345059098	-0.4451922289000882	-0.1847375327298041	-0.05628889980098943	0.49400095458470944	0.8646396718016732	0.6166985770007316	-0.11113182227753564	-0.6649721043755951	0.9778036505262768	1.4615851333748635	-0.01566112829588619	-0.2515298934064305	-0.09394531551462777	0.370512962073301	0.9380862503550725	0.0730117037914069	0.7580579589194075	-0.8763118213103446	-1.4005270790589825	-0.18369830860396108	0.430312175049479	-0.1182604988229372	0.6829116320873467	1.178208718253189	0.013262045168427775	0.09788394739149237	0.7648582470287353	0.6123652587291445	-0.4764041220847755	0.7579488948251367	-0.613991459187907	-0.12861122721357504	0.04213593670217835	-0.40373181299072974	0.33445747727538505	-0.43456349822392765	0.20746894658796738	0.6111449094026289	0.445313432919248	-0.10270143322040652	-0.5911651584045272	-0.6441064239936185	-0.6392793444389254	0.3219446517185971	0.27502770411112537	0.4491822919006941	0.4056096801177732	-0.47379422053782144	-0.3021275594523729	0.40383288494129854	0.3855830029028421	0.5417304700798945	-0.1724888647672502	0.3936807735387885	-0.11252090320844901	0.25564435786504397	0.19915235329984118	0.3411090078040297	0.5585952933939463	-0.7168694214323801	0.10631322284265925	0.14116136870386795	-0.1939924089162233	-0.28025766604355196	-0.03851032903048601	-0.15959001796536734	-0.40880197012928127	-0.39445501262755983
DTXSID7021998	-0.3781455110288701	1.557223489349593	-4.350212387239768	0.2740366520884356	4.155285881651467	1.6729699562205171	0.3146167697634676	-2.9709290896097817	1.602588448255383	-0.10921382489342907	2.236342149337816	1.5891608514662319	-0.24763532887682516	1.5385949473102478	-0.6231177979718598	0.6731936683067513	0.5686596818493548	1.7079787647634646	-1.7000720061993573	1.2794774997921186	-1.10479698829378	0.3117439824042492	0.04831451782111571	-1.14001734308671	1.7132674118996838	-0.38406937730704055	0.41734086302329365	0.3523462290404313	-0.3364391364264983	-2.320337474530437	0.1460138633974947	0.5099756255675642	0.3486601511142226	1.1549417116112413	0.2875577841117621	-0.9393489571326399	0.9566233831396215	0.8859316992513359	-0.5253633883004193	-0.639929210926583	0.24691457131385905	-0.4875342949307604	-0.09594314105920573	-1.2529840603950904	0.7621939185855597	-0.6764185327587725	-0.43138429623032654	0.28611015521762595	0.29694644012799826	0.9778284998682024	-0.7116789187090721	-0.5678093469187042	-0.663092886579984	-1.043959066648531	-0.3240869557458696	0.30630653831077553	-0.3518832914366647	0.23441616000236581	-0.2830330587110636	-0.08868102910322063	0.27663976232569554	-0.4997939090495743	0.02966552694347036	-0.9938472175832084	-0.13945859870879798	-0.14376732139908055	0.10112105230848129	-0.4478754949024864	-0.07767155820392516	0.16278822491134587	-0.729063421361826	0.1798322096635099	-0.38089746233869026	-0.16227095330559552	-0.5302830570490258	0.7279334684125677	-0.3315238190038946	-0.38154558282053397	0.11647034183255016	-0.08939327292809102	0.35481045738007166	-0.31587430551447593	0.4110129507645714	0.24225665554764225	0.43693299077696024	0.7619595141818316	0.09871022127998551	-0.08008913582503353	-0.14523461645110972	0.0403898227914202	0.12655195357736496	0.49109487945687164	-0.4261639418574581	-0.26079367469286285	0.0031335078774080566	-0.13412562133489062	0.2830596201827671	-0.2723981049858736	0.18798984496576884	-0.2294839036753552
DTXSID7025895	-4.6783309979078265	-2.216672323713223	3.3878478240073284	0.4431259017356155	-0.5343085179892444	4.2024007747743015	-1.5366781115257706	3.4686587959000463	0.059010293125921015	-0.022228147273782976	-0.34399025119428306	1.45621298794908	0.7830457653306863	0.092309779120336	-0.72945938253685	0.4146225236096818	-0.6667473189180305	1.0828633187926182	0.3477550111952179	-0.30883399394389294	-0.11902148328179879	-0.1747771963089387	-0.8744313949603467	0.1580142658599911	0.0573207481395892	0.3865111922168445	-0.7419013834268426	0.9363848949810121	-0.8230855265731586	0.7152942314064765	-1.4861174753947346	-0.09406728008216485	-1.6915097726025394	0.08397728319085634	-0.4450779355389818	-0.07459254465796013	0.19059915102789074	1.3431753373226352	-0.13165295913757222	0.2191208719807707	0.21614444259637275	0.329862224893659	-0.3170812060886016	-0.9405421393614707	0.20309839705192864	0.12890200996041276	-0.17798754889944451	0.4775246486364629	0.2793449628610128	0.7921184994505478	-0.18788987675071775	-0.8075596951619948	-0.01865067609112838	0.8849545436991915	0.5270410524651424	0.12102072774277796	-0.22909309180994605	-0.3292204141540757	0.29974191302800446	0.2179554053632339	-0.395992757961072	-0.5418686204092797	1.3289872915778733	0.039673788372503724	1.1243336287184769	-0.4295703709573214	0.15677302154155742	-0.6572155872463588	0.22554237420733753	0.6322620471862291	0.9769108337143937	0.7712766006190914	0.5769036731959741	0.6627454861730405	0.2999201492660059	-0.11750445887498771	0.6687788387011041	0.14743807625137345	0.35261432498166434	0.5940243805568122	0.1684436662352833	0.582499329320365	0.026024089222310306	-0.14206973945114462	0.012134036801164113	0.19369465387982715	-0.40072458347079604	0.2605719967530414	0.5527208795627621	-0.05252655631203267	0.07409529820829881	0.21111563810277603	-0.09253295464604884	0.03960508810571296	-0.09973894010261686	0.20470057413248183	0.07376983158821243	-0.4956373962724223	0.09603800558063409	0.2541037976263638
DTXSID5046277	-0.2935036945616567	-2.1516412995109175	-3.6678167545855525	1.4504158041218596	-4.435324174920725	-0.41736982525200317	1.97717808746323	1.2383228818683858	2.6247427301717665	-1.5544262817102552	-1.8432448558760883	-2.5140957484889737	0.2501354017249227	-0.4297779861862534	-0.09323977406182701	-0.2007688219295565	1.2633409839215382	1.396651804674549	-0.056474517399773064	0.5306420999601736	0.21236612653451364	-0.6331111464952	-0.8034675035034293	-1.0837423276416225	1.2765136464986535	0.3325135256789771	-0.02318592272046603	0.032712659907885036	0.813333733578478	-0.537736527367101	-0.18344771504279472	0.3931156440560876	0.13207954157174767	-0.9057921601531492	-0.38402447875758633	-0.6055155413412977	0.9888426411344611	-0.03183364440686973	-0.8263595509615367	-0.6643644456660889	-0.5616513948382846	-0.216150964566827	0.3444572051813092	0.5377133398422291	-0.4905263145450726	0.012012632602255902	1.1747406799812294	-0.03714430380874417	-0.6391570679911113	0.3603286272859144	0.001358483865053144	-0.7650292109831685	0.9885857643299482	-0.4075858750152649	-0.9091484237863235	0.5495329528282916	-0.33519414684108473	-0.14411272857250287	1.3600900172681327	0.8516114877391852	-0.463926878827942	-0.6176996397544986	-0.9699111317342954	0.0318449868274225	0.48887167361770417	-1.1950404499483565	-0.5115661600627042	-0.9285038513094157	1.2589235744088192	-0.23494294783780603	1.4662114901406376	1.1083316753764034	-0.4346658698993483	-0.05637340227329837	-0.48578329126931946	1.800107367936779	0.22526650425830969	-0.25065348544922006	0.9230219668284183	0.17327773113214745	-0.5130983948691238	-0.3558252222320187	0.4708930538176163	1.0277943330285426	-0.7425249678129854	0.688945783211294	0.7892325000491941	-0.3224462054038063	1.221782795596378	0.2463459576805969	-0.09357593267951286	-0.5181883535107432	-1.512127929086093	-0.9414352292241132	-0.9357055393885622	0.6347427335789417	-0.22777874736036455	-0.5876025151505369	0.17585492940319486	-1.533128960395968
DTXSID6045668	4.960701822312018	-1.0812903572728616	-2.3429750207319247	-0.4519926387507446	0.11880542358216202	2.7332144766071877	4.514857768403704	1.502931303273765	-0.032939782904486556	0.8601777976451067	2.3345994405615356	-1.5561265070506434	0.2692560178921913	0.7372195642016051	1.5059865803706531	0.46349512524906145	1.4516066661998654	-3.7489241855442934	1.243902082692574	-2.882905954589372	-1.4125834407147946	-0.538384660807647	2.0331645770880264	0.7249116630337863	-0.6502639099159584	0.8433855938602611	0.30756404015129807	-1.266446489591525	-1.9875364206126658	0.21701129926645615	1.293877772046928	1.689808264364947	1.3626121970688159	-0.8464753590573979	0.3961398394545615	-1.374191434722332	0.9096032452691676	-1.2892978542454907	0.1187139888111551	0.04555717701354097	0.738683142747625	-0.6040802971834165	0.12463166190573972	1.0122666621650482	2.0299352428422592	-0.10376815040937244	0.3574600258552329	-1.90579266241449	-0.8478249730570148	-2.410204212579715	-0.6029649155754222	-1.4100028528371245	0.06777529160340023	1.1327194817756614	0.2196097346418131	0.12868271764217679	1.4727139545959764	1.778761295176019	-0.05506022352586413	-1.3197551664790426	-2.4727628572499785	0.8757943165253319	-1.8630632866688372	-1.4388759127823765	0.16642521705524832	0.7761041942740797	-2.4508012668660806	1.388351760632678	0.7052951377353913	1.4844972118291302	-0.3513036221343008	2.3085988660376335	-0.5811316503229456	-0.07013375745260626	-1.9107782781136666	0.3549312974984794	-0.4943784703795496	-0.26061372237884445	0.961048517429129	-0.03760301632257488	0.8357636812669514	0.8800223992807161	-1.0899871042277347	0.6733444378874957	-0.2990610618161508	0.664923365778327	-0.43791043178387484	1.1727626794450166	-0.15890275592804054	-0.3696694735152255	0.8380152392847295	-0.9432325816028263	0.7801327105699403	-0.31407936639393763	-0.5442914642773369	0.3326351998480509	0.18820881120562286	-0.9063982766625163	-0.5130216676934708	0.48439691081893366
DTXSID4041494	5.622860981408564	-6.7813537015860605	-0.44713295960930854	-0.4930343313156746	-3.7164103085779674	0.7736242009108347	-1.4812045873345607	-2.0122893151436902	0.9705924421208167	-3.445265794167244	-1.7775913299435324	2.897903606090427	-1.5785055513141177	-2.561105382537612	1.401963508578302	-0.9184880557005703	0.5238194280674935	-2.1422009248720473	0.6129168888690462	1.7484263742059363	0.4305268635245105	-0.37621232421069456	-3.047290660033197	-0.9580226511454859	2.341332076051256	2.3332255203772534	2.3078449864399277	0.04662535525997953	-1.061716175785343	0.42938686782773156	-1.2185081017561485	0.2695489905531589	0.35760018605742094	-0.8008093848600881	-0.4274006759604518	-0.18224716021720766	0.7463837673839427	0.05353664796253107	-0.6268950072035934	1.2785971725610186	1.0090831659779929	0.4738509759277012	-2.1637100867023884	2.9132638037746137	-0.23564191082774086	1.2827432520857334	-1.597814870485301	1.7526714874221592	1.9765922478535543	0.5575552883639989	-0.9657192998682025	-0.27534233953289594	-1.1988767426807363	-1.2007131294918298	-0.9841360526277831	1.126198942827626	0.6096988274318709	2.2023930589610803	-1.8340651680499853	1.5865017162344306	-0.5065997250102322	1.3736198114080334	-0.6810627408320136	0.3085098840691109	1.014191844451643	-0.39368607794354255	-0.8796318751470917	-0.5566273359689891	1.052155224301277	1.049904172628431	0.8416733475886626	0.9398693938244226	-0.006134214137542837	-0.29554103741746807	1.1123328008129079	-0.3795402669564224	-0.26284093078210374	0.29589188276588785	0.009965221303380272	-0.49032354355006014	-1.2689295573705408	0.7662400711047933	0.6101840047024905	-0.33212279858698185	-0.4471541209425217	-0.3872348523857937	0.5394306207396888	0.17336628550379504	-0.3842216138171748	-0.08594812095688004	-0.006691562820146637	0.8333850439480738	1.3572356867264936	0.05640337888037709	0.3416476927518523	0.5930595066180383	0.26277771786914855	0.2579443064978516	-0.15931500925340986	0.3112786414450995
DTXSID4046739	-2.4111596618000775	-1.7604951835549891	-4.19193945673986	0.4188315712149617	-2.619538697681736	-0.495998580318574	0.969422140103889	2.7395332013800053	-1.168194463061419	-0.7611153507193852	-0.2813466021146671	-1.3456909882131345	0.6703548016038534	1.4533688135373766	-0.3114899170764017	0.8612071017570223	0.9327697616468057	1.3060568615886528	0.7948352162176172	-0.6626929404113001	0.5962722135034936	0.23067431590752224	-2.4161631636042036	-0.45257674251898633	2.5536591928924093	1.0064154847281965	1.6995934904972403	-0.9452024505113581	0.5654991483295384	0.36582866352658877	0.01628987627708853	0.2597234387177429	0.9342096212239204	-0.8672980025650165	-0.11838785847081658	-0.17334353638131464	0.37338707121669734	0.4299386476253273	-0.6258397181083506	0.10297641748564859	1.1160161931082413	-0.4626911213769197	-2.121052799153521	2.897525618213862	-0.8910305724696921	0.8085056412276826	-0.19173080989244368	1.9751534248686036	0.7126342197833704	0.9046802765797534	0.6859327174417464	-0.5054890846710237	-1.119342951579577	-1.478822113046613	-1.558595243959056	2.087525185957764	-0.017081125927790233	0.9622133069943402	-1.0514042915714192	0.5780488831322106	-1.5209938906834062	0.9616085410122356	-0.8067898562688849	0.595055789968326	-0.3991160653176698	-0.3183170076385485	-0.3447693426652801	-0.1765947780491427	-0.32265371233047235	1.2500785634160625	-0.611949697779342	0.515709847022616	-0.8495768195963318	0.2437410310578363	0.03412305463620976	0.20590339694160512	-1.7170140395532825	0.5503358345354569	0.4359315505774925	0.03293536026110376	-1.3783846061773568	-0.47891168997859407	-0.3503600518380615	-0.10613482125730071	-1.1605338537974805	-1.117744375530251	-0.5050730476805987	1.4835458472137755	-0.5237369746353402	0.0035305594259982176	0.6754304315321911	-0.6790984584383171	0.32039884544574926	0.3300563386701337	-0.9081734717005213	-0.509268724742871	-0.6105887658019772	-0.1257584668076866	-0.44846260677265354	0.6966856763510926
DTXSID7052311	-7.613751849855624	3.649322284978033	-2.79586827929246	0.03293961468315014	1.716550888914264	0.22016292353513686	1.3049901123534424	-0.7130441159160089	0.5648108484039525	-0.21102527572881816	0.14435413687716978	1.1103009148878715	0.3801609288321821	0.05731885501652747	0.3106576134518638	-0.5424044884183086	-0.23666711369140694	-0.3553650603412664	0.9595039642384243	-0.1189362232185204	-0.536672069040108	0.4428167815186378	-0.444620424789548	0.0017683824927850432	0.24184651755394862	0.405467670912141	0.20956230969697093	-0.010969693506681718	-0.7510851468118738	0.2397218102057657	0.4426001085689631	0.03303521894475061	-0.06393731885826656	0.4998770441264264	0.01295239293251397	0.1631146483651117	0.13534004171187455	0.6122668515416666	-0.11341906810380704	0.023487102488512563	0.26929071525446585	-0.11803986937578323	-0.39923658661243727	-0.10425605564908566	0.6010051095847277	-0.2135794885687706	-0.5010328920947515	0.16439586531642877	0.022368380625790146	-0.5028413049462594	0.10873087796423297	-0.40687813444324633	-0.09495911833598812	-0.2369500255703966	-0.367590934896601	-0.28254645164343906	-0.22846045617060132	-0.9023533984240265	-0.18927509360785277	-0.005784213413730809	-0.03134627926823934	0.0905527619931754	-0.22897485477909843	-0.21754487212334714	0.41159269860379427	-0.3766840022356326	0.24514580298864327	0.25736583317626227	0.285030825557312	0.1660851628687642	-0.25653697153834326	-0.3721792448876179	0.3995895542762143	0.2802121041447464	0.5090477345498271	0.1899180144088391	0.24342281104486652	0.18595663874883805	-0.09873681067710571	-0.28641064441195835	0.2295340993233006	0.19529042268226485	0.1903223187958648	-0.254342769060833	0.01477780127007943	-0.1583430983682676	0.15051566325576016	0.28479483945112205	-0.5334306678892906	-0.14393490292817518	-0.37975490494535874	0.6984854456499919	-0.5085685961637733	0.11516068869188881	-0.3736860469703081	-0.0946082281036806	-0.36398187388437253	-0.49557162155606926	-0.17053275361862646	0.47645316708656266
DTXSID5061954	10.988062161388708	-17.087888581958712	-13.80804317640296	6.249908955194124	-1.9247524908176257	-1.840148729926248	-14.058253116530457	-18.72002629038332	-2.7131152231274265	-10.956856547174306	-17.301595702414705	23.466407662552854	-5.048809130990735	-0.7203407186745658	1.3930918008008102	-7.911313893535318	-4.57423857726834	-10.3609331420959	1.4649627616927785	8.519939493132426	-6.6524609993730595	-0.04480581504326751	-5.271008008628521	3.9806298556133997	-3.498913628961629	10.942321804115801	2.9628006002889733	4.986044412906065	-7.900451054078586	-4.003371880018883	0.03623591899594806	-2.970879011095218	-7.2063191182601045	0.7955251690897942	-5.042559231310023	1.40171970698653	2.1285569412141543	1.9738559158727251	-4.981677689646787	3.4775603586535646	-5.403680586219947	1.7199591820484725	0.49976185788117145	-0.641457705430821	-0.1530964760112499	-0.22629457524167562	-1.2776122717095617	0.7132751234338687	1.627874928354374	-2.430901110370592	-5.282862056431713	-1.0661118359154564	4.683422905868991	2.4302321268269917	2.445101402511211	-2.369234700838526	-0.515605345731192	5.466260733402845	-1.955153211719564	0.9040602209264073	-0.03575428080491532	-2.2501009301436494	-5.305397431962132	3.8761654437563755	-3.7730067592600363	-0.15313874501358465	-2.8272602910085793	1.4039783358322757	-3.489338045637891	3.9140208170211865	0.0801819120706728	1.9469627782162293	-10.739396821262654	-1.987113827987255	1.8998369419995007	-4.618124340644759	4.0590804500882225	2.875064678472828	2.76009080000632	0.9227648105449526	3.873420565536226	2.966529751633761	3.4806139044520314	-2.497120698649624	3.2859213708657204	-3.9097662332986696	-5.276053809274614	8.963397424716545	0.6430050771962961	-0.41962731877563236	-6.699169714673295	10.58587101049033	6.604085618222111	4.021940971386106	-12.343787112015331	0.9556139388134488	-5.38238485718991	-6.21087104257084	7.155861821934923	-5.934102446311332
DTXSID5024182	-8.51231318546752	2.8522112668418136	-3.9305445325195247	2.910869218589236	0.14760004622930878	-0.775028102201865	1.3517666956567536	0.4247093976128229	0.6220955589198652	0.21549252802798338	0.9003847138294339	1.3467801494832556	1.930229341609789	0.6364545979556664	0.07516078191114188	-0.4582280784006664	1.1700215451022855	-1.3551649118140634	0.8840329573862865	-1.0406930181121874	-0.6178126692742005	1.4171552307048312	1.281277863015271	0.39719191060017145	-0.15603729308318737	0.8761980908035008	-0.4825775157817172	-0.5492606889088231	-0.7673124603033368	0.0014666554160904705	1.3272934425561538	0.24997311162802438	0.2048929364556582	0.010963603021311693	0.23867624366199633	-0.014964138138060443	0.03123984696337255	0.5437013417596854	-0.2780092931938457	-0.6893283008579221	0.4653366539414214	-0.5707295330176633	-0.2504645716383977	0.48252107027697205	0.6538097227715798	-0.009822809965575352	-0.9819400026049365	0.19001244555152144	0.4768037203972694	-0.2834103599340071	-0.6533942540603833	-1.0368519640953495	-0.32450166763199667	-0.7565680644461004	-0.6579095932659113	-1.0104657303521543	-0.28167080883845835	0.06631942318511806	0.7303883530193452	0.3389926234471162	-0.42708542995522664	-0.3954129170123877	0.5809004590752748	0.5328383584157147	0.4158772758463027	-0.054563620539182865	0.12239768161930197	0.45330658918991146	0.5040128035139856	0.5314536015236532	-0.5658100279901009	-0.6859118898073473	0.6766105376768451	0.2698293143246579	-0.6200286206882624	0.3092205209729563	0.40157911284948644	-0.0028857503124515727	-0.984231789092522	-0.4328386489503943	-0.010741710702281996	-0.40823787232606995	0.5031702871129102	-0.09608550228179383	-0.04220006586714339	-0.8048298414027886	-0.4552504286906793	0.3750459428555304	0.032237082654335454	-0.07728308088927435	0.4124823509357833	0.9963161443691116	-0.025459735408014737	0.2611483239253205	0.07972642974832232	0.4703200223067706	-0.5766415902252423	-0.20995438674528405	-0.2859491780502978	0.7452131275811069
DTXSID6025696	-5.840681777328629	-1.7438951256241533	3.3120712952587237	1.428998832093814	-0.2909662044605263	4.1614873728156665	-1.8886166086380654	4.533796197601805	-0.14615284436711293	1.1026388183555984	-1.5571882638402075	2.0539713995484132	0.5618967003548448	1.3679441256602765	-1.790297300340906	0.5721218748642152	-0.8795041272718465	0.22176459659294506	0.09742880318005924	0.5135609119087051	-0.7333195278349661	0.3720357707010277	-0.5661621810167241	-0.24546821618028578	1.552932403810665	-0.8185477271383587	-0.07377124058206977	0.4190623600674117	-0.6304655004913473	0.026029405969068786	-1.4729521389607496	-0.24799278351027876	-0.6231276230087169	0.41066238213863826	-0.06316198904856353	0.2583632653946956	0.07450591059168706	0.3193429835659089	-0.21974710387200286	0.4072592850251623	-0.34389910618945174	-0.5394887752321503	0.17787507777508146	-0.8379819995685853	-0.14885045017774862	-0.2583106582860309	-0.7938525931610364	0.4434613227755658	0.1587006383141357	0.09115589594856177	0.2567186850266987	-0.5403209581196151	0.611810154502778	0.3614217145244303	0.052033673726399124	-0.2956141074376251	-0.2559100870966338	-0.5163627873825283	-0.3027013512960959	-0.23708846516084708	-0.2695613486288627	-1.012026318535674	-0.0698442124626296	0.09956979491158995	-0.17738563127422038	0.14147445370414707	0.2291905726205143	-0.026714553933000342	-0.08975258125087782	0.25319946736548543	0.30940063373947185	-0.4939688981086218	0.24868965505109142	0.4320342561032117	-0.12469617815411672	-0.3669302779839331	-0.0454032166458882	-0.1607026688124451	0.4982005642036043	-0.01577895952554823	-0.29947812115994854	0.1731728391919965	-0.536537450068665	-0.24438131258928933	0.6400981958287663	-0.08961194921449239	0.030957716831263343	-0.05153878491730746	-0.19522226483313315	-0.4679108487352142	0.07115726247415831	0.16898130467035968	0.29852313207221215	-0.1582499832550958	0.20973971972753164	-0.435904912857404	-0.3070383819682628	-0.17246569035272702	0.179326662798145	0.07942429607492443
DTXSID6040117	-8.695867648615687	2.7979598705873463	-4.141660520407943	2.284129928419208	-1.1279745162989798	0.23428755776814744	1.517573184873982	-1.3553773780298588	1.3583993671405634	-0.19478624884477622	1.0906937035557054	0.004507237175562692	1.4468710678927854	0.7140244063129471	0.6023573716694738	-1.0227368011382207	-0.3876241818705069	-0.02392819490358903	0.8128672686919791	-0.1156353723338753	-0.5849174247501864	0.763262414174754	0.19536741060400864	-0.32352273242999774	0.3683560672735067	-0.11398514379674214	0.5139426598503879	-0.4394445499886584	-0.13692816293491833	0.40427152974673863	0.7973237606078912	-0.19912080526477796	0.48624141565974416	0.10474946450541076	-0.14639380043920236	-0.1480928793443687	0.9175351645300894	0.8189366335433376	-0.34297759596504473	-0.380052983141704	0.22007879906652636	-0.0599617435543626	0.019719753679615076	-0.08120495440863552	0.41257634761024187	-0.216320705768851	-0.12487860627815109	0.03479434372792204	0.6003141087068865	-0.6875991878191358	-0.542793680914698	-0.972780365924819	0.730992328548031	-0.5478381742270055	-0.253724569345932	0.1907979256029375	-0.05327436283545677	0.103627517675554	-0.1312375033573121	0.41059508449958587	-0.04496152798890015	0.5689525041399068	-0.09967959207139415	0.1963831112248768	-0.30330647373116953	-0.8963196467889534	-0.3855942552374499	0.2900573488551146	0.001976425103180013	0.9163514584064051	-0.7161707846682493	-0.3172896792510519	0.26821294955712166	-0.25079583390096205	0.007124087088648277	0.49259214348873415	0.01302157616547528	1.0269606983248063	-0.242338878227443	-0.08202496889810756	-0.23157720879362995	-0.5306033978613677	-0.03618761873173577	0.28631712181278474	-0.3492180943818693	-0.3962765863345337	0.41332749989576534	0.41488821839850265	-0.7619770622110669	0.4051933834794566	-0.1532408557749292	0.403913990193457	-0.6531444913974184	0.08494978068051978	0.3440396279553202	0.5121082367103188	-0.16274961706421728	-0.041848187182358075	-0.2569831837602062	0.28739725326121024
DTXSID0045206	-4.604447677577818	1.171156984331531	-3.3019125138891012	1.2034449189558227	-3.623529960546597	-2.3961319958285046	2.5914698220658434	3.0369005667441993	-0.3791420155901083	-3.1546181738274117	-0.9263610537179323	0.4693404171511373	0.3373795265068903	-0.8983080215232522	3.766346205132183	-1.003874760619567	-0.4673079810569254	4.144152567100254	3.6761589294086265	0.5032897464981332	-6.990428185199035	-5.631689027736362	7.332802850309344	2.826876775361805	6.141122326854242	-0.3092474999042176	-0.01936159388418064	0.26398826689158883	-0.0068454598311687926	0.8217450918821806	-0.24776281192568841	0.03094401292978622	0.47473250533184536	-0.21457301036148668	-0.21644095376305994	-1.3045949827441796	0.12790278737767	1.5489207194057153	0.40529072851127373	-0.19656611282137276	0.6405049404083702	1.0848452853336998	0.21132649406905696	-0.3981965963132768	0.07888157520371018	-0.4388451120655716	-0.5924891275197434	1.6198617493903564	1.4422027712652432	-0.4455985134098454	-0.5577878345524098	-0.46510461457388824	-0.3634467908517125	-0.40112336180401587	0.9146186276208417	0.10255462786653587	0.6994382319070486	-0.20219579674095403	0.1569032859681426	0.2577671102834045	0.5127530169887731	0.4225804475038048	-0.14158476758440033	-0.10679666608014565	-0.5737453185882777	-0.4859640806103103	0.978639646772222	-0.23673264714813386	-0.03854981884903402	0.317580670394992	1.6480255268628483	-0.23404964000323986	-0.4195984573288124	-0.35565017520155057	0.3788662067397356	0.6658277066163182	0.9601967495149235	-0.09610541221461395	-0.17775093337819456	-0.26017686717982297	-0.05155759889759576	-0.10036293779039092	0.2949639842070256	0.49709961729723445	0.7568283453769097	0.0595417191251839	0.4792485903178026	0.892682075336131	0.484816662962346	-0.3194178591067623	0.8055098254333607	-0.8847566323364009	0.2234509932589262	0.09162861497259456	-0.9927225587041201	0.04085006948513982	0.3509161309875606	0.4754122313932371	-0.6666435617247589	0.1817175317089987
DTXSID4046573	-2.8972611027849697	-1.7986134969031646	-1.4642553132956586	2.8116558716330644	-1.8188662479710567	-1.6595352479761447	-0.9716890868715405	-0.31513552141802287	4.3804127929298025	3.8690567217095815	-3.739708155669805	-4.466152781672918	-2.337674566811614	-0.5267411589606338	1.888010085475267	-0.17607206048906582	0.8464237256227577	0.7780439063567454	-2.0949049254407694	0.9221233196647767	-0.6529598873585291	-0.2892818915206743	-0.9068010831449029	1.3439914133261914	-1.2222424149121554	0.8409396911911243	-0.5126250259831009	-0.15860927540714628	0.1620180496606121	-0.3031513324955684	0.2708452476418598	0.3350239119778904	-0.4637045436565285	-0.5130411873655121	0.08646410981661358	0.09598343951000747	0.045698651206191085	0.2599355388365407	-0.13106377897795923	-0.48612214323513153	0.23561854213895164	0.23117932737337318	0.42318308490275697	-0.7809517801973449	-0.1557999070158045	0.04648389234267114	0.4348621745651709	-0.5597329310574539	-0.23604407017690582	0.573917354349004	0.8866242477345336	-0.5280996458393139	-0.537242094766407	0.592408359217137	0.5822356301005386	-0.06368659121568926	1.0844308460485033	-0.24291978658658425	-0.021799044068655953	0.4093389327208716	0.44437347475138456	-0.7505526323010445	0.19914842158149357	0.27311528887059505	1.5661515886204211	-0.23902690153992714	-2.151649430511739	-0.854676581477908	1.1800077046307824	-0.7089679356814867	-1.5940906087869278	1.4319918635087119	-0.8399761648664648	-1.6801696524338692	-0.6777156288969	-0.19746050223660377	-0.5235169870693321	-0.07505450521821558	0.03881026777133918	-0.05575322513809252	-0.14192297389689826	0.48678933621068865	-0.07839962799884119	-1.0166399901042782	0.272299878233003	-0.9081442014403915	-0.40749337572552646	-0.0649545176889962	0.08262639966805155	-0.31711926432331433	-0.7639102570752712	-0.3281650932713981	-0.6771837299460183	-0.5024704196689016	-0.17856835900069148	-0.20897417587612116	-0.23618708896144425	0.131761010509201	-0.32928203222837765	-0.27354686398796324
DTXSID7040526	0.35750308839785605	0.8774706419921297	-2.781666462708823	5.604426762254277	2.103338764456875	-0.5266953796952	1.1607595034053717	-0.1556629800353839	-1.3434331401798587	-5.64426045954747	-3.1997124222765594	-4.206579202408257	1.081304751807849	8.590965989849321	-0.11484090070963579	-1.384734559968986	-3.195532354940157	-1.627603097391943	5.205443016847015	1.7012369374302634	-0.25921973567666295	-0.3663525525893873	1.6950613098021388	-1.7801660006901594	-2.222025126365738	0.9453240181858921	0.05027654796600989	0.005586412552338732	0.026401865905229322	-1.3501314081534501	1.4118087168632483	-0.4513522292615463	-2.217345355443037	-0.23256526279072187	-0.5535135713721249	1.2379147231507888	0.48008762306010644	1.9853867980734867	-0.4153779645280315	0.724918368165381	-0.015215577138205217	1.2798832660165735	-0.5430042214411375	-1.063653142540249	0.4239170282266606	-0.736806520440982	-0.5721323969779997	-0.8764327111980402	0.17516928458327463	0.059450927592026484	-2.03544374356875	-0.06384187387692322	-0.4043117156555683	-1.255692303760706	-1.0335772162448016	0.44413175945283795	-0.4479496544615753	-0.8543806798817752	-1.2834225491690265	0.08425710802314679	-1.0116656486777504	-1.7187243717210954	0.29763049481992554	0.44313410341960263	0.23045334318187288	0.5742347670353903	0.29846317559472507	-0.47133053069085273	0.8735961187769087	-1.1567097008023148	0.28209997628440253	0.9321438337244229	-0.87484855414253	-0.6859010439615701	-0.24019117997832895	-0.1747255453342118	1.1702584251116817	0.7499178564795798	0.06306582684183343	0.009723392404029455	0.03166278070756599	0.47574971041198894	-0.39089449870345105	-0.37037796001904105	-0.47754944210299327	-0.22633325263121815	0.574299134185128	0.7346722009675117	-0.18331680503616563	0.5337334681472682	1.3202845353188029	-0.4781848960062783	0.8160852108048179	0.43776300394206075	-0.7715304825187224	0.20822596294717738	0.10849796778119333	-0.811456348391957	0.4829233311660581	0.756854799222173
DTXSID1031591	-7.838157496358917	1.3783553959385382	-3.8103009412804325	4.245204372458504	0.9136900910873005	-0.660119085962585	1.0222026966502749	-0.8867702340107705	0.5552310921180786	-3.066487736171416	-0.2943917330911349	-1.2895103535507038	1.9038777984764472	4.757420050274156	0.4161472112432091	-1.996901747249181	-0.41339607222141456	-1.9397752049915582	3.7045406795935456	0.6413676012105667	0.2751381838843464	0.4616302480119497	1.1313846699771037	-0.8344608771989197	-0.40740964676098085	0.37553022128547126	-0.16453349192666097	-0.22291107335078164	-0.5913686577176097	-0.6619081278895201	1.2313564458455326	0.5019200156669026	-0.6999009109363544	-0.10733404336399505	-0.5089397834593812	0.49592732994022365	-0.3235022047167202	0.9088041676897893	-0.2792927217829428	0.28618825682494275	0.4958832387424278	0.005980910857207576	-0.46410655820259034	0.274240613110687	0.5646321423531117	-0.7031493856231639	-0.8064584999463842	-1.0229470162423098	-0.26591815454596635	-0.1896075089694844	-0.7514581159188256	-0.46719328424443046	-0.3994645926243233	-0.3704576089299983	-0.3324761944987362	-0.2734538998783152	0.30657589549160363	-0.4369414143812403	-0.6464273003917403	0.3865730642355264	-0.44952837242132276	-0.827856405856335	0.9129635692454684	1.0771705380289365	0.12861475841338268	-0.21277577577312926	-0.7432747446071115	0.417045570325668	0.4472227767056534	0.05603456721345198	-0.18973924150262153	-0.5751087270314463	0.6723738113168286	0.2732064769499881	-0.17542732333576372	0.1832872616119059	0.28075892408171055	0.46281320365973305	-0.6780128509397195	-0.5919134313522705	0.02339015864935538	0.5444485699077731	0.30026368076781274	-0.6459461995127171	-0.39453504389639626	-0.8105467763794874	-0.11308836264930627	0.4354162243123332	-0.3172202018373549	0.05392039801639277	-0.1296866079216124	0.4066328307865842	0.010553090652254158	0.5695829490668485	0.47527644345822895	0.24482252916031044	-0.15514439064510324	0.024864733293329243	0.12415245793772732	0.5826364734213086
DTXSID3044334	-7.67608333955106	4.888816169101055	-1.5680483398704284	-0.8030677331557105	1.342101962576027	0.020605456399682927	0.9348308909607691	-1.2644765980707398	0.09270602354778186	-0.39419045939723857	-0.6195218219757297	1.1768778841653607	0.2825710606163408	-0.036062366554630486	0.45965715966356907	-0.13110006656755407	-0.48493420060954245	0.49792978568225754	0.5083374728433311	0.46164780385422244	-0.28695127547665694	-0.1842294166623294	-0.450161799096261	-0.12141662764337299	-0.8400462011241391	-0.0719561184404984	0.1175358480493374	-0.5476338174282066	-0.4226786306238729	0.013565873815317375	0.48224703247319994	0.09835752751737807	-0.5071609875294215	-0.35732853363951883	0.30825710709348314	0.5277279239871366	0.26183794772048474	0.09209806187620725	0.34927677388545764	-0.12837551057361254	-0.09852870645269365	-0.4490338235209344	-0.1423083464026381	0.2503085118759053	0.2983674255307379	-0.6752770548652729	-0.07317621325290988	0.6939181672955885	0.2533433919599829	-0.632564851307013	-0.00987749366394311	0.08582455877441185	0.12214880480747935	-0.2742143281379922	-0.4169152009605346	-0.27751005158241404	0.026813624090858766	-0.6483552989283121	-0.45804072099005266	-0.5222274374796219	-0.6739512925583817	-0.11809686787876866	-0.2507846375855362	0.45650461942233717	0.4954086015717986	-0.10776234703723449	-0.10250238653781431	0.33485140120402257	0.006786063077142569	0.46590670574604925	0.192496969764007	-0.6282134389811517	0.3475028325590982	0.32927670542489396	0.014389547512391208	-0.01234875165531494	0.11198126828278422	0.05850638538687037	-0.14518814424564536	-0.252280617871355	0.05858285667873341	-0.17060727803121203	0.6233227856990214	-0.20792183964033964	-0.03559996377770589	-0.0835461766834579	0.46758030277417995	0.24080128414366106	-0.4050858297698195	0.25756854773003296	0.19739118977173978	0.021376361083827587	-0.3486665065142087	-0.31419916074498094	-0.24133323214289715	0.19532849137847075	-0.12382386747906797	0.10592352705919728	-0.022470611474302696	-0.29878444645696406
DTXSID8026694	-3.5772530878318216	3.8114545682818015	-3.1605758079313646	-0.3317913261934844	1.9122113765356568	0.43910725541962103	1.0884866860937115	-2.009805510600965	1.4172768208489588	-0.5401204073049051	1.0595371857334106	0.9655052206427843	0.08723268425641001	0.9125197222780745	0.4374913430283173	-0.21517632183343394	0.15109685335853434	1.0888603088701168	0.17883275863710218	0.6464103631523391	-0.47731553357205575	0.40371505046075434	-0.4215508443328929	-0.2590132286786193	0.16605233024548957	-0.35428879678512193	0.20103911518655912	-0.0008648361717481438	-0.6527001610725474	-0.19007625133825762	0.1933175144196172	-0.3465005511674864	0.2432266723497972	-0.08215575300038892	-0.10749185477239052	0.0340912901787053	0.45708103386540705	0.25293068553651576	0.4681083845577537	-0.007861451517635074	-0.13348395030978386	-0.9654384054762816	-0.4703421401041894	0.1156615900690305	0.21810341240634665	-0.8755655639103108	-0.10577494146050048	0.1445157153160785	0.3171313938455187	-0.11779285060199074	-0.1820683827270186	0.17773016283762194	0.14353117458651168	-0.24318266576504624	-0.4570301500129969	0.2201843624992857	-0.6711249487720743	-0.29555645537356867	-0.06676774172187382	-0.34745729627257466	-0.5214479692890615	0.10231957241142647	0.26084287669335415	-0.08263060503405777	0.2820573647932586	-0.03376935336043267	-0.054848639867165164	-0.1205772930437006	-0.36958724871237747	0.5457032380696918	-0.5477157989861264	-0.23421157794416467	0.1645440422930593	0.38478605158179013	-0.29189086366110845	-0.00367807040494277	-0.3704412505614246	0.25139369962105157	0.18783597439589214	-0.14589460612074467	0.1615214775017797	-0.6182838770215289	0.39887256268481663	-0.2378290647407001	-0.20411733481177363	0.47594991439621653	0.416983545879334	0.11476392546699415	-0.3462398417589006	0.34418808019792424	0.4575120202494361	0.13182243660367396	-0.3721996479562811	-0.15171581566326922	-0.3886845746978938	-0.271721806397329	-0.0037355702672879714	-0.25920621441601993	-0.018939608204190557	-0.29338583196507445
DTXSID5044863	-1.4013853469556172	2.915310614770064	-4.6429963356612385	4.122875436563654	-0.14248144096417176	0.9344366610926577	-0.36380765151482325	-3.438766313794133	1.6673462721808228	-0.19612154173695892	1.1028392898894355	1.3417750469547365	3.7561133013795565	1.6379025555871007	-1.886851595687992	0.3025177709875632	0.411406674261573	2.1029136783244033	-3.1905339808023303	0.08951211118733686	-1.37344670630087	-0.6788696961847475	-0.41162243877471183	-1.0684361067721162	1.323008195066202	-0.7120770784001521	1.7010270746781184	0.7902291195027861	0.5270161487306165	-1.918360275163286	0.619034912423029	0.6905563409613238	-0.12918496442861502	0.9431660778296339	0.04788305078409038	-1.0636340540292792	1.1662365631019127	-0.4028402493844918	-1.0879155093743094	2.580396046189643	0.5127927116631676	0.5670641131930464	-0.0234217197816496	-0.2884607751798871	0.24893502391267383	-1.0067607509939391	-0.14144520385350814	-0.6634782180720659	-2.4216941884668675	-1.4990767316537306	-1.6069902557259852	1.5457280579255201	0.5899017678254095	-0.9293542752654221	-1.100705820808429	-0.20290631463469172	0.7971897843545578	-0.12081419945005469	-1.8489478105316033	1.001083990052849	-0.6700349564226502	2.1717556979989814	2.1560954913465493	-0.7991808133936001	-0.0662337080201644	-0.9875023192877442	-0.4148894523310293	0.5887428872165522	0.7226357106362763	-0.7114116281490211	-0.3268729857563483	0.5291929682760467	-0.33783659848921327	-0.7561402707179343	1.6638997437566942	0.45628384950747597	-0.19509816630750795	-0.09926147525679227	0.7065488677306124	-0.39258285326791786	0.5004915485639694	0.07637691992246681	0.2829567852048242	-0.0867008406453908	0.5439345477588053	0.07456508676313263	-0.6139525660820458	-0.2428819213229795	0.7793966126305604	-0.15155495065771737	0.09657163845061517	0.10169247733516651	-0.43643995617205117	-0.5380019894601792	-0.6528487147061404	0.3885561943300497	0.4043285598618107	0.031535122602249555	0.12664514968650992	-0.40248348738608813
DTXSID6024462	-5.33861685526099	-0.8109675098032372	-1.2312478194535763	2.9033974264682096	-1.3852474138437159	1.1071835968016233	-1.1913693594025403	1.5418664517664389	1.4044072808032089	-0.11140367567017885	-1.4781289728658356	1.0187780633991044	-0.5945496177332305	-0.16065868110238424	-0.8056191135969206	-0.5558577279928226	-1.7536291614303838	-0.0707235062327897	0.5469130628857313	0.5430262403789492	-0.61714337019232	0.7844696163206937	0.08825499816523032	-0.9122284990903526	0.6981639042381892	-0.6853465249732585	-0.189377332946973	-0.25284673101925803	0.11325942479373725	0.9531603132028844	-0.10910366754870798	-0.293839066626395	0.5565366626679075	-0.5755191792251612	-0.20181642403913969	-0.19485787728092221	0.7793033672469816	0.8215273835513012	0.09845896966697644	0.33476808180048817	0.03493299825848639	-0.3901611868538019	0.08979188174317068	0.06871651103439365	-0.1307297953479889	-0.4024594097525175	-0.30268482011697784	-0.016083562811434797	1.089159643241395	-0.2534330320883696	-0.7491619273569052	-0.9953725851843572	1.655046859562435	0.10194500437026009	0.6569781295679276	-0.09911389105613058	-0.1806313121053982	0.6723325797482126	-0.8336154873306767	0.640051046654183	-0.22644773870821472	1.2386104977987744	0.4661835182248432	-0.12205449007390856	-0.40046745916988896	-1.34165675307796	0.6056449087133119	0.6950369345781671	-0.2998180292533464	1.6744380866378321	-0.594050042882155	0.05148588676132964	0.40507248656333555	0.46261147846042733	-0.654466232261336	0.46427891143695754	0.50042836045795	0.22545427390703462	0.586297046662247	0.22401426997877993	0.0024934906821721847	-0.5154942975322779	-1.026552470122683	-0.08070463989967934	0.07151138729147716	-0.26584454260166807	0.741917076027115	0.5418467250745573	-0.4992844604745487	0.8481843567403599	-0.019206670063940483	-0.29158224879232747	0.18020572288703823	0.6645125907426941	0.6809089971585215	-0.2166924877239331	-0.9677406164533292	0.5211641474954971	-0.5861834818263983	0.4524996126403604
DTXSID6022898	6.110504051589271	11.651159288350451	3.6950875819934637	-1.9561003600577567	-2.0215270000501815	-0.6177526854954278	-2.2779078482103503	2.0043867791940775	0.017238414414164835	0.3688218439187862	0.049097665337580795	-0.9408822723886664	-2.248140763920747	0.14508695714589587	3.012568393024097	-0.7680903559704717	1.1691483336460535	-1.6451503868838402	2.543850629580172	0.5437413618905051	2.7142420638509575	-0.44182621068888184	-0.5832421173819946	-0.7722656395936155	0.36900096704620816	-1.329488742282042	-1.2665999132122052	-1.0777218209266277	0.13659596589409523	1.1128477756246722	0.5476014978505148	0.5917953711052981	0.3836770072573775	0.3545047850562006	-0.12015122056030836	-0.8164048499479264	-0.20990049189962595	0.28263467116120355	0.4022364829206349	-1.372879861366448	-0.4012619908166183	-0.8621398185659328	0.09664940009144646	0.051494367159390236	0.36848714035991087	0.7052446194206937	1.3576261897757143	1.0493190088617819	1.122492232067735	0.49525858364098563	0.21378300093256208	0.5607870767708998	0.3764924210313716	-0.3934358667312402	0.3034659820687818	-1.3868424235163348	-0.774453068701308	0.5075403502741842	-0.800257409911551	-0.07648770881508431	0.3464198892797272	-0.23948186119324555	0.5530317320885537	-0.45190279772625147	-0.37624088490807495	-0.34396835388074054	-0.13525458204542784	0.4583163179047513	-0.27508434506751744	0.11359459304136421	0.17894431158202628	0.6864948893736476	-0.13471777804174492	0.13361984416081932	0.5127123195395893	-0.6270556499672014	0.15442949622823124	0.11686561184993714	0.08312947962627382	-0.16239578955564501	-0.09729026563359838	-0.14200422526822534	-0.28577536276689935	-0.05508585356962231	-0.19032200475648825	-0.21996880809466388	0.06166067725165371	-0.032925773225192446	0.12263714568010663	-0.06499892174314995	-0.18635560263365022	-0.14356663160695587	-0.4023846423902816	-0.24020548700411956	0.022160772711078327	-0.5619915951879239	-0.24822947863002204	-0.21188892538779636	-0.13717778472518782	0.05404196761752781
DTXSID3027823	1.4582600495301867	0.9743013313818759	-2.7724683101519605	-1.820269625723773	4.271479254325704	-0.1761264601761952	0.016702736998503	0.35951388237954707	2.008134918114023	-1.0382095245535508	0.6470351333545156	1.1400417496349826	0.29177897488544335	0.7122441697848194	0.09948523144937171	-1.0509387081268002	-3.3225104952918407	0.49420522861228167	-4.028109039377486	-4.32261249292324	0.3445018024823654	-0.23327993502872058	-2.1096106423126253	0.0530913222388452	0.8229822225513375	0.6412494998774085	-5.505454462532162	0.806926352526955	4.742528532776499	-2.4362114253284277	3.871416889182518	0.22322207325539975	1.8600908743831168	5.738648938900875	-5.949956497967706	2.4067476675352766	-6.127353334506256	-5.135133463062488	3.329232013199199	1.7297020465784418	-4.038164986920685	0.02540377967719992	3.2318378333238584	1.429477229177219	-4.95895424696035	2.3275258463442476	-0.18477823566210314	8.752161689697749	0.7687662429645429	1.3536987998237486	-5.849001882138338	-6.345273594439342	-1.0106067520414108	-2.770719488918703	5.23416322782981	1.1534645787782531	-0.39117263294511667	-4.034867939122598	-3.870186289008203	-6.524531323075703	1.6897219800705094	-0.45697253160575063	-1.486694704056537	0.6403404949813615	0.7814713883868097	1.2614642275171064	-1.829873467521114	-0.6106432321809802	2.520119906658907	0.5394734319588802	0.05974517308809024	0.9801915573446406	0.4781958311407799	-0.3490956213461532	1.1343873935902624	0.6411263899745567	2.621472042504615	-2.117680254972377	2.9140100454607962	0.6831945883434346	1.6768268272628162	2.9157884752081915	-0.77340184190799	-0.674952223466361	0.31933586144467635	1.6945824137725876	1.8714103435601368	-0.3555790477996432	-1.9426394825281104	0.3003490966990692	-1.5917789594972607	-0.46249196355769073	0.43236919069369467	0.5010629060741312	-0.7605513841127743	0.939370517521364	-0.7123596874976882	-0.7142516482606903	-1.9715062689010534	-0.6269338296625717
DTXSID6046474	10.679943900862812	-6.003358513522964	-4.005724471839771	1.1600634867322064	-1.764251233489727	1.8746591783189044	2.851832843267151	0.46946611583330705	1.8556217917487037	-3.4411130090361515	-1.040091567716604	-1.3648495977475759	-0.7889630860233737	-3.620937406226944	-2.7514988435957766	-4.193651406072722	-1.957384346134292	3.251944259901922	0.04414338521748165	-0.9863650713988352	2.615213935657854	5.323958504928625	2.341355451706112	-3.1091962925229457	5.888570074723301	-0.46666951000339535	3.052893019367887	-3.2777619274538643	-2.5463552136979244	0.19414418940834402	0.7526248117133628	3.746362513578203	-1.9826094173242321	-0.4400640732725385	0.37783426431985223	-0.8822339546992236	1.8384810502156241	-0.428760440467454	2.5228366462027214	0.9996376404916195	1.6973751524902276	1.4393816056402289	-2.223967864012566	1.7654462574551268	0.04828887890906498	0.40431816998717773	-1.310328182138175	3.8035142956420924	-0.15553371207635797	-0.3596897115725892	3.0658943686646265	-0.5571169337260083	-1.331279924196696	1.5572581091563016	-1.2688984838106967	0.7372019393709984	0.28872484727245956	2.559209279146961	-3.2908460324682345	-0.46271265495169783	0.34490880575511906	5.173009333737941	-1.9706261240557623	1.4573073877589815	1.7000125319757433	0.168509502775408	-0.18693363508256314	-1.2088804559057276	1.5843894335737423	1.0806176421322344	-0.7018887963558695	-2.0922861723841404	-4.270627080295715	3.688712311624122	-4.928405650543145	-2.63208923818792	2.8531624422845696	3.2734280921299654	3.8294146231928696	-1.5437997030631794	-0.40339179450404694	2.9589855098170306	-0.7061187724742717	3.1471217910533738	-5.032546403802089	-3.7314443960841137	-0.544671219339077	-1.2688009924559358	0.3271570628612492	-1.068223166763592	-0.06322164691669326	-1.5426397986584472	-1.182564535374625	-1.5428377596065994	2.3832413356857476	0.38707839129898114	-0.3359656716975292	-2.1628568486068	-1.1586694156659956	-0.11889890877509082
DTXSID8048997	12.31305773559253	1.3468581696051214	0.9173870378780664	7.652485502068196	4.378492255688836	-1.118793966201397	3.08840314220354	1.6433892432548323	-4.2311809557684485	-4.583871411530152	-6.185690420723391	-4.580523648628015	0.9604846594506332	7.881911083923845	-1.479118414582803	-0.11189140091202557	-2.624261180003126	-5.005638903625733	4.720438540915102	-0.22635861860421377	-1.9240304913028383	1.6593249069275557	3.2060614952525577	1.5606747871074675	-3.453234915893317	0.4411783368023754	-2.8152002096905004	0.012221333762312128	-3.4038400971186937	-1.6438856100074435	0.40658123494287335	1.5530841216875764	0.23073677077764812	-0.9846382792587842	-3.1784810522361826	1.274068947393688	-1.0038825675477383	1.189199483617506	1.064316163763904	-0.6160345595552477	1.0774970748856596	0.8604863979432211	-1.024681807230791	-0.6268425668901856	1.7748767555947473	1.3172340922160157	-0.7594522211037829	-0.4686452987215435	0.4350477271186516	-1.3208617868018453	-1.1862018864480153	0.0566920620464438	-0.2643565141260147	1.5234624248290816	-1.213196858013156	0.07585816775467694	0.5630107057178022	1.4572152865298857	-0.9821380792925294	0.6008887995755303	-0.9054861477855386	0.6839668043616601	0.7216986427220573	0.5882406684053287	-0.019357228091866647	2.001711065953511	-1.825748852909275	-1.0851607723258527	-0.6357309914846129	1.6556722097384844	-1.1154375889655388	0.773399353273075	1.789543959919579	0.932691396119702	-1.7160939522050316	0.9411484042658941	-0.051891603453663324	-2.334509067682795	1.3239958541580126	0.8159936554344129	-1.26233160355932	2.7941774214700876	2.2322716968614995	1.660547128951699	-1.6812261702398377	-0.2681777713499662	-1.5621473683817304	0.25483244286170326	-0.6315182643497756	2.0224849243890244	-0.014117951530914772	1.9997105091641854	-0.5195112050101398	-0.2256641951373725	1.1270165678280908	-0.5347648188654218	1.2651111334636471	1.0880480435096667	-0.47893896062343455	-0.5376967039626306
DTXSID2034625	9.417149055077713	-7.579502816002216	-0.062400086640211724	-0.07401228183648136	-1.0713928530612125	-3.148601497370271	0.8875771904943969	0.45929625191380186	3.998005907355115	-1.119260473382783	3.2428159438561	0.21434395273561171	3.171745402318577	-1.8515461292654671	-0.10939182562683705	3.2522327064859886	-0.49110539185564533	-1.7889059075521503	-0.07773116414055548	-3.962632324763866	0.23054021226986746	0.5318546088520224	0.19502510382291618	-2.069067348617019	2.107164075043554	1.5449884718548148	-2.0869211626837907	0.4501156555193914	2.9461612835377	-0.15883665323497828	2.825860846033333	-0.8518714387633165	-1.717970239320203	1.6167999289852173	-3.5097827830962163	5.28772066250432	-4.602958183117389	-4.999098539444728	3.5876400338287153	-1.2119623530426114	-1.1757949077891863	2.6330684597369762	4.920706320876404	1.8237294538798945	-1.5134843365591022	2.906642410658335	1.0359969186517453	4.597236372244334	4.614503512384639	0.34593773019864277	-2.1733481510650896	-4.271684468995632	1.0935802713449994	-1.4244753863036046	8.012069702862837	4.4636387852873884	-1.4286381301270616	0.47141930016690803	-2.295017168620939	-4.275935588966469	1.2343744807422294	1.59540123518859	-0.19811915028889265	-2.6147394412588136	0.6276893583664319	-2.6619946238595578	-1.876163626522964	1.928920948782203	2.037066028439633	-2.3912032647789254	0.8127928505440237	-1.4416989711541222	-0.6007023607984459	-0.9982143164120983	0.8630566632483677	4.651224628111417	0.1831226382721026	2.274593626092387	3.3171103009239062	-1.7268002750995979	2.6173779616698667	4.149154564947207	1.5147120392737687	1.3818539940966206	-0.19254024724692495	-0.49102438459749803	4.554611519053543	2.346695532062232	-1.092607388618606	1.7855495534082564	-1.6588993597473949	-0.13120829804160467	1.9617561898123097	-0.35016378811606536	0.18121633040096513	-0.8821121407822755	-0.5294903306257877	0.11178095313628454	-1.5796804881842128	0.7638275938758728
DTXSID8031863	7.269946937258352	-13.865439370388106	-11.496757388492345	5.447583493503058	-1.912240280143785	-1.6952322346861237	-12.046382247631383	-15.044548359957004	-2.5947989117409636	-9.626813962898128	-14.58112175658977	19.616444366794457	-4.609439133221815	-0.24494059771402654	1.7285708206951471	-6.579238342044454	-3.984986742173311	-9.006791562500934	1.4223831213643927	6.977748409014627	-5.253767018451118	-0.752668808101434	-4.315439712109313	2.6119652563701967	-3.494505471166303	9.197995045596585	3.124142683567901	4.589116182296725	-6.752921718765225	-3.880808710855967	0.5172643302517086	-2.3267320137988707	-6.222497425287716	1.0819125981644284	-3.9035876793909043	1.2863215920044229	2.3462069482853343	2.1531938057708437	-3.7938214512470343	3.230769676628559	-4.279476724458734	2.22846359766582	0.2536515897940221	-0.9835877089158628	0.13012677114493976	0.029849123361799318	-1.1263383180586168	0.5005106039634234	1.3147992367289165	-1.71604711688604	-4.96385012167168	-1.1989291405587073	3.777307227721328	1.5628120797510852	2.2390884930148083	-1.7979852098920275	-0.494774413330881	4.818183789889042	-1.8859058672558364	0.5313259181765926	-0.16308440998845067	-1.6351735112986803	-3.3520423745210435	2.8976717104958474	-2.9337589176233747	0.813632797426353	-2.0030365745093284	1.6592280364131047	-2.704507875522128	2.807636065339884	-0.38222511691951183	1.185064204858992	-7.989042539392551	-2.086105263075641	0.31553435341786695	-3.174138695334467	3.199619356396539	1.9114052249730134	2.3682022479591467	0.4201894142496444	3.4172413574795577	2.1287270547799904	2.7813554490344568	-2.2545813760936593	2.9988356942150984	-2.989873061265515	-4.106144974339276	6.6575162552626574	-0.3882697019070295	0.07033368213483476	-4.926275511836336	7.733281028556527	5.1913307257901735	2.9768893372242484	-9.970656863427408	0.43363917694809523	-4.416435470663448	-4.746210411497148	5.647654920458399	-4.3810468378502305
DTXSID3020700	-3.073818368040931	-1.3829586287382625	-3.205714501728194	2.448117788774571	-1.3698335594352766	-3.5008508573770385	0.8028475064129054	3.380746853724171	-0.6282634710053433	-6.36311864214746	-3.7708197665317362	-1.390099386655711	2.388784165777751	4.547849243020223	2.611547231530485	-1.142817883762064	-0.3571045439751614	4.608899405955329	5.522502820959799	1.7636826785575777	-6.071680501351458	-5.210529084239745	5.2873526269738536	3.6754808689623713	6.14954371619459	-1.181032846102027	-2.1351016678144097	-0.679751986169023	0.19340961596292927	1.5442080397863296	-0.6987589779133156	2.4615357612701256	-0.29047088695038153	3.996340172181504	1.5511321585803606	-2.9221644151218866	-4.3715384950651694	7.546344870492326	1.0508446183919815	-2.842235860059351	-4.319463179285009	5.881011578591018	5.226909172042238	7.666582865464225	-1.5637949709229135	-6.698026248729059	-1.6469519882529235	-2.0298752369666806	1.0228904410974846	-0.19268126806228197	-1.7082498452786161	1.467383398903287	-1.2679320787705388	-0.8750386779675766	-2.7759976523187175	-0.5348379795013067	-1.8147151306460554	-1.3912808111649182	0.6289357600814526	1.0155486751439657	-1.0809285477510375	0.1865012011430352	1.1196988519972675	-1.0209221278187515	-0.020756778466017086	1.994980337318425	-0.6674383318259764	0.9488145866370145	-0.0759009699132296	1.1021545323395334	-1.6881167412599165	-0.4361436317249464	-1.6302646174085387	-0.8900210191939462	0.6743287391363461	0.7583855929410682	0.1754163200785756	-0.002886547259765242	0.45988755631351924	-0.12740086228581962	0.19665019909698728	1.0536392649513595	-0.20134952111240406	-0.9269147362281254	-1.7959362363807898	0.33802038228788106	-0.317038452899541	0.663844088211955	-1.4451929881038905	0.40839757463370047	-0.411394566628682	-0.12915502060279055	1.3597030101177505	-1.2413366601264428	0.07362792664409996	-0.7895043421459655	0.42745585735766584	0.303769061401502	-0.619744454392059	0.07929914869793248
DTXSID5024926	3.5081445338558344	-5.507315199600236	0.43978372965709467	3.7167906211398747	0.36787226714568294	2.843868071275222	-4.130990395120112	3.6355800708784285	2.150124574649868	-0.37077438799446366	-3.86572092137676	1.826758630735756	-3.2042824967415404	-1.4293414810881415	-2.128232699397104	-0.03676999300219535	-3.3562957146881485	0.35923116619396633	-1.1754499989232734	1.3180425560781304	-1.0056755371812827	0.11996614772290712	-0.5452535707617334	-2.1486096402394383	2.241613450314372	-1.7862689547362307	-0.6661036005111424	-0.3688867702682056	0.4746289530299803	1.0377290733743199	-0.7524815847654879	-0.6287447422370587	0.8956715826440176	-1.033444802998579	0.19101664975161775	-0.3945345282524358	1.6554107976393049	0.3677712345594396	-0.15872042763790234	0.8994841475048848	0.09283908994614373	-0.9085655295441315	0.7038318018943327	-0.138066787328245	-0.7257642962288142	-0.5261902627774918	-0.588122331238581	-0.3121769628445804	1.7174834978308346	0.11597415944992412	-1.1537092940221072	-1.3460663844522374	3.2121652118461954	-0.05144696758111481	1.5486445623175622	-0.8774386552121914	-0.30073805069362075	1.1179532272442563	-1.63802451770132	1.014392442813176	-0.9067723053227114	1.216526819358089	0.01241391530839622	-0.8530744550250894	-0.42966232117882	-2.2181580185884466	1.236633604466933	2.1422940665467203	0.059634467036008006	2.555158276134992	-0.6149150906507527	-0.5200281492554283	0.3483919414206039	0.9498586205049551	-1.387898312471104	1.0863115321910572	0.8730077068695261	0.08910263016086667	1.5883174697031657	0.6229300361889534	0.6735939860151317	-0.30818805209161537	-2.2210045164838137	-0.6686641579750054	0.23118538965841243	-0.9763958532635355	0.4586418802124221	0.993249079883925	-1.9812197355941779	1.1159391554745024	-0.2000411102408155	-0.15856790384807812	0.11117235765746065	0.8923694883508322	1.8577401620612048	-0.7123481235957496	-2.060377168111609	1.2344468453907886	-1.2861017478872814	0.9970560115852046
DTXSID5046067	12.507742913733049	9.070012795374366	-0.8569453588851418	7.1122957003854355	-4.311519377024592	-3.0726569794624115	-5.75126891121988	-0.28082946251030727	0.21178668564332476	-0.920606085096429	-1.3357863708802797	1.6510927033769935	5.258597891983519	-0.9528986314084125	-3.2951998588153923	2.1693677307122314	1.7313552155686662	-0.832754694264756	-0.7329625716111916	-1.655568979951956	-1.6499961029521795	1.380886537004325	0.1368402584828401	1.20131112788981	0.8022282689809379	2.4309048503192594	-0.2680372506408374	1.0615770545158663	0.7576822017896464	1.7071148988858054	0.8048292795508719	0.1743980307731748	-2.3133708914447344	-0.9999321318135829	1.3858310324783414	3.3097572682446854	-1.1172681108824987	-1.013838819973417	0.477274456440984	-0.8971223755699771	0.335628020205905	-0.435430717409718	0.884146132943285	-0.06233556857318534	2.3272175358521725	0.534537288936724	-0.5578609603175935	-1.9374955179248263	1.919143862591024	0.8264876392388234	2.209507580803161	-1.2092223506072628	0.025766847822562753	-0.35138339058568874	0.29676853922973334	1.4723568631279307	-2.054654077369181	1.794274639320916	-0.34858990173457394	-1.163725413569601	-0.020204889476835877	-0.6900491232994889	1.6160826471930814	-1.4691733654703378	0.5847111542212754	0.021708674551272667	-0.1262725594112089	0.7250884369421843	0.8182146684095055	-1.5789470802420809	-0.0044865780435600945	-0.5801821056494804	-0.31210362755882626	0.6713850002733036	0.7213417559479932	2.5076508662813652	-2.211007973954792	1.9867801883066138	-0.45272412723846794	-1.2995970794310656	1.4799636469138429	2.4820560044445004	0.29679933953216964	0.7410512086697811	-0.6477918625420978	-0.6331926690634793	1.4115509068707952	0.5727510416733572	0.6720641569069218	-0.1026311562705044	-0.6470078686820784	0.19190416401106453	0.9021306245090099	-0.22654350566163425	0.44255732000202097	-0.5066749338967931	-0.1376793689228193	0.08099812360735632	-0.4245858392889868	0.05534753225681938
DTXSID8029153	-2.8312333858443477	-1.1732743870169973	2.524720612805	-1.1893503501233553	-0.10028367800868716	1.3001864566984211	0.15186512914759295	-2.5071464303207867	1.0478239537235918	-0.2939753244943001	1.356916363351493	0.505622626316198	2.265966888956488	0.32608201022295225	-0.6290751690146069	-0.1542983324054639	-0.019501208999226628	1.0115407656012758	-0.4830208244549882	0.9083846725524775	-0.8126115661856919	1.0384949705268895	0.02713168302496402	-0.11980353007510683	0.5038112748385628	-0.2828393815177863	-0.8206111343447312	0.3046147924435609	0.05303126811552037	-0.10092575664103373	-0.2760937025175784	-0.0477187401667262	-0.2085453665609777	0.8961888288939439	0.10344249288260829	-0.09687992147727921	0.5017297120923244	1.1394349065597331	-0.17113512044429222	-0.3483933150204088	0.5940279993480148	-0.03312761091914592	-0.6585573757028527	-0.8493469212872519	0.22305428922973242	-0.2122145539456637	-0.11775179219584758	-0.2618123312536965	-0.08289229609882959	0.7890993514132866	-0.2951206643636266	-0.47399810393477765	-0.5457701244089151	0.12192548340636383	0.10904703305260458	0.28201549449879	-0.10999084530339215	0.8339878800490856	-1.1451512765815928	-0.35780179688945796	0.6159140960827278	-0.13669594610130426	0.3652966969268028	0.4027983802359978	-0.7547295767884337	0.3708015779305607	0.2233435881420776	-0.7543390372942084	-0.2345965036574872	-0.2812236918772388	-0.12780439179647363	0.9462469988333971	0.38070000663368564	0.3080322155846664	-0.6315970096182777	0.0947955597650203	-0.04553114934331694	-0.207212162171222	-0.15930988007845284	-0.1733107512929862	-0.5439358457688471	-0.22107338002156807	0.48955490916649297	-0.2020771639826793	-0.15628658649194918	-0.03794180476119083	-0.10037508271179443	0.5576804294084713	0.28940890073928294	-0.17049994532759383	0.15496994331840022	-0.22575060365534425	-0.30598631453194175	0.12364600330071243	-0.03015589532199089	0.06644614851201705	-0.09863583553089898	0.37540430982464024	0.27663608909882076	0.04534840599878046
DTXSID8022084	-4.103656352442754	-1.1122237104576782	-1.4132913525079676	3.7713859878203793	-1.6835133921231726	1.3911933889885286	-0.05867537213330643	1.7904169634819005	5.914216101320357	1.3963813761595227	-1.660548375248859	-1.1226228227900776	-1.257775690665381	0.7702858311499963	1.2404198850552177	0.6031470796037782	0.7987955716529882	0.07144943404284991	0.11940647138575007	0.6624907920947963	-0.600828856905213	0.8572410456021929	0.20022766822467072	0.34655236799716416	-0.3390684450706565	0.155968363353887	0.06375158603381523	-0.33995527972888323	-0.032947993581166464	0.6869271530709011	0.01784444634119506	-0.3394807949944225	-0.028881481110961334	-0.4305542762181649	-0.1659608419636986	0.03960858131681871	0.6052246526527911	-0.3206928922927954	0.2018814577110318	-0.6217145036017131	0.16235650352698575	-0.3006836292429528	0.4960932727876254	-0.00877697775418833	0.11823826181449566	-0.23621309890101874	-0.009191375048107976	0.3124530516551333	0.3534824623690169	-0.5015926596394539	-0.47966928349210586	-0.42629435367757795	0.2505216524006568	-0.3748297513892309	-0.3393033738834513	0.40411641272514215	0.06645318338334302	-0.3762090596390388	0.017742661809321478	0.47510753187472443	-0.08787708268743583	0.4622116590547761	0.05349539979846068	-0.6342503504033267	-0.09367488180282393	-0.4056784775679169	-0.40215599068047686	0.21864626455534797	-0.14381630959118472	0.0884382153547281	0.10238356899954013	0.16423032697541137	-0.4964713793922557	-0.48880355572418144	0.36470101583358294	0.1029099813124647	-0.06191453580506687	0.19064748875102877	-0.35818881712295214	-0.09767791362703768	-0.1982259393543416	-0.6908917137942494	0.23246703941243077	0.6653404007374235	-0.48475571523012967	-0.10333956881286108	0.01534769370119466	0.07326867066877042	-0.46926756373734224	0.29387086499601983	-0.13757423228741988	-0.20780795575660244	0.16365248187021686	-0.46472442246995677	0.3725294971329888	-0.2847023137656333	-0.006094326073602513	-0.7148114169995232	0.12114466813229441	-0.9694716422027302
DTXSID2032005	6.404978850478475	1.4231585131872448	3.577746613077202	-0.7116678972629406	2.771968976822727	2.109275935452522	-0.3222958453645565	-0.8645933571934902	-0.026535793847820816	-1.6421157018704264	-0.31885569103452516	-0.8106935895548643	-0.4105748739509986	-0.23991456197506378	1.2573491330735667	-0.020572207902303363	-1.075175441819815	2.379514256917451	-0.08157343762141463	-0.3432659098723279	0.9894837754524408	-1.036199916535367	-2.3826445581646234	0.8427648941904472	-0.7999748030303352	0.45308030984008035	1.1238993546181573	1.7406833133534028	0.2370628501342857	4.5882171767085325	0.3227722832146239	2.331365702113285	0.14827037431038112	-2.671312075314191	0.17790933742405496	-1.2422329835777308	-0.6208959502170739	-2.9085688959746188	1.2597936613579324	-0.3848267477018337	-0.6780753588372448	-0.19462820573140446	0.40461944856173704	1.5212021783277918	-0.45080838915702637	-0.39312105821259347	2.390540460546938	0.22590863775805886	-0.3126426196278361	0.7484214328261303	1.2379152270349998	-0.7288116847125241	-0.7236987121034127	-1.7294772792232662	1.5293086528662534	-1.9464929610833022	-2.7109843480603124	2.0764964316388377	1.1480668483623495	1.583195567309886	2.2733003383099026	-0.2271052658629493	-0.573576171176476	-0.675537954525293	-0.7366565080547719	-0.5185661282678815	0.7129113526351335	-0.12388089314654302	0.15450994296504797	1.098327620699762	1.3072137091594496	1.0683486908311788	-0.25637591919724884	-0.6305971768005211	0.9228511576434187	-1.2270578588813903	0.05093414943955847	0.6554448328083575	-0.33515498250123593	-0.3015637206742366	0.5300388804832541	0.03910650105979261	-0.8933258421801932	0.14336365668684453	0.8441494011078484	-0.35493855527351814	-1.190427561964228	-0.555212588323527	0.5399286244665349	-0.7300162041453488	0.25585781458670653	0.4449493788649858	-1.001633853356452	-0.20543670078019716	0.34227548962632637	-0.4553985455845162	-0.29833126703687496	0.03451061021695933	0.16458968832299625	-0.45583045638538866
DTXSID0022010	0.8331614437671075	5.463364207105997	-1.1313392404065223	-3.095889749324565	9.784551050519879	0.5737929260628352	0.31120531257433554	-1.6321485488019223	-0.23343388410677005	-1.3861590393866787	-4.153769609279783	2.354995894130996	-2.1015358914521203	-1.4942196864923774	-0.2136591556825619	3.0733253750404517	2.599073723545397	2.0967916890825697	0.382083028391951	-0.7061174552031286	1.2100815723307927	0.983048780012767	-0.8536354784670692	-0.27504749207428103	1.3554293333661416	-0.1175339943990643	-2.7637763151534886	1.540331125407332	-0.7427951673483026	1.6480871721186727	0.5494866401177658	-1.5986660630292353	1.3970550086278475	-1.3930801546141556	0.48508605291849854	0.9860082630089068	-0.9867055989303799	-0.6070722404055271	-0.31095261616357767	0.01857082986769724	0.3625077568737162	-0.17147760668722495	-1.1156424524965163	1.0039272710251657	-0.9760802650242751	-0.5097052791226709	0.9438212777008467	0.17333141670437666	0.11095768333760761	-0.7934831748727891	0.2500724403654827	0.0052151722460574874	-0.26932970632261766	0.21003140455649635	0.15793906817288655	-0.39393007245347944	-1.1685620047431389	0.9680279905624078	0.40449245672651485	1.2118782068524199	1.0658119350127153	0.40203860921765083	0.261638708918866	-0.7979299331232711	0.9634705112631053	-0.584853221044732	-0.3208499250709024	0.07172322627566552	-0.3163022941897375	-0.19165960178459038	0.05671585574238794	0.2015187768310806	0.05863749376733363	-0.2384405314886336	-0.6559575088481661	0.48394141845289684	0.23162719534525672	0.16371155642245203	-0.12793220402917593	0.12257715975766129	-0.03971615105929546	0.11344246703809494	-0.6298257694182142	0.21780151451174032	0.4518154628935625	0.07347138243152283	-0.44417402196686356	-0.42612030871230167	0.3411897761931624	-0.4132961302000425	0.1563440441383839	0.18051785870191317	0.198393525041849	0.11609596495277724	0.15249640565774542	0.3033901622211045	0.0894476944318423	0.07222327136295167	0.11383245931235687	-0.029594972697655236
DTXSID1046003	8.55132551179976	-4.644604143332702	1.1017317942515192	1.452339674593079	2.990527827556409	-0.990887379714007	-0.02766442581331588	-0.8542484887171322	0.5288919241904897	-6.858599958059712	-2.857702116570802	-2.1179407301867146	0.044481303322491034	9.580192183631464	2.326329411722576	-1.4414765409200618	-3.6146850529561	-2.6898513207208983	3.2278491815935624	-0.13411537897025158	1.3382510814829123	1.4628791388803537	3.331405329452323	-2.640086443464266	-1.589225192214884	-0.8318303160353487	-1.078428645704469	0.9690261077631805	0.5873968752140445	-1.1285975305947489	-0.023365288946758697	-0.2116502741558332	-1.7856323753280405	0.9032011878717552	-0.34341309777952683	1.1117616266783503	-1.833078461302086	1.7502889706735063	-1.6684955993024402	-0.12245899540640616	0.8080963211323446	0.3560074112623299	-0.45293715978231963	-1.5464627938963416	1.273899856890467	0.7145390511394782	-0.658236581171169	-2.24978256252496	-1.2634900131856124	1.085632235355698	-0.28074731448121176	-1.400045242009446	-0.5824981678598905	-0.3411396333537702	-0.7411150440938296	1.3361712126571326	0.5966915671666023	-0.06265039484484185	0.21393261642212344	1.1453560266435432	-0.06688547395309397	0.5172699193101931	0.43762447753240785	1.0893236671171533	-0.6118340018630422	0.8934211138958689	0.5048182035385956	-1.4055997962485396	0.6156915504359732	-0.6357459355470827	-0.1170387782029642	-0.15486993878863803	0.05926741665702496	-0.9343752218845444	1.845840058907568	-0.7978055498520469	1.029266600459876	0.33298200601841665	-0.14297159930125336	-0.28061441354061195	-1.0010740903636097	1.7456360124970651	1.4433953260442347	-1.2115644281131597	-0.4695192353510341	-0.836378518784265	-0.3763616268542644	1.035476005850009	0.8905133755255896	-1.0012397582369925	-0.7359163055359051	0.013734009986583437	2.170169560027704	0.08930846905328421	-0.5877740657246555	0.4689969312522226	1.1882985828338612	0.29450476470453885	-0.27994380395220025	-0.16976200277186942
DTXSID20874028	2.272403003731434	-7.69648694788041	-7.962821841450088	4.042940135123759	-1.1876914447451696	-1.150006485059841	-7.7967760969710325	-9.15151771817277	-1.4816638470490995	-6.980598723069952	-9.212088592941113	11.446584994599284	-3.315371489868213	1.165015816813969	1.581501977398589	-4.688768600404512	-2.647726570631895	-6.210272826679081	2.0343528976366843	4.16706434956186	-2.92116541458653	-1.325915413680335	-2.5515171643545522	0.938738981527061	-2.8290371059514965	5.871114722063708	2.3380533436228332	2.8249825062691873	-4.257628476309118	-2.6663698666060816	0.7091047883502679	-1.2159357435686562	-3.841852195990474	1.23149511074443	-1.834246128336178	1.4236050152392463	2.1759542275748083	2.137034057264842	-2.1315456711272955	2.470826428921351	-2.4117621914000837	2.1864534673014506	-0.4012291020020955	-0.9543114232344371	0.5146832755849801	0.24118798016004758	-0.8601029050858354	0.005195769223741024	0.5694469101352148	-0.8370744456862861	-3.939286899671408	-1.2913681585176318	2.3493061838389413	0.037316037090800794	0.9617542443335726	-0.5954732210767884	-0.6925351708304981	2.6749873388682874	-1.478803881164034	-0.1793075385504238	-0.4912831310151487	-0.8911585524490987	-0.8039491446609771	1.5640728453226764	-1.1528812831387372	1.7219202642332543	-0.9599315440536703	1.1907312936212227	-1.2646806103004575	1.0904994181998153	-0.9622334078429872	0.03436603603911391	-3.4297540873937753	-1.3062839911010184	-0.8431622381992133	-1.472912657653206	1.5282033514381153	0.5350818054786137	1.2796094827377824	0.04457503660933339	2.0669406247707296	0.8945679190130474	1.5188052204725062	-1.2268747306847123	1.754175025804652	-0.994314193649219	-1.8166185400861785	2.9947227718289935	-0.4929555669624102	0.14449736229036653	-2.0981944436450406	3.4676442841831876	2.3901494944057293	1.7066118987176537	-4.704327821803929	-0.01846347290205502	-2.4876088475980938	-2.586075393221131	2.6181975024143567	-2.0118601116347152
DTXSID7045578	9.523980906065313	2.2494581788969206	0.536025783199602	1.786643324229274	-2.1777660450900225	-1.8402147217597127	2.9941488187658463	4.391449850219967	-3.0248169842138157	-3.9034537473330237	-4.67707385999266	-2.9258852354646474	0.7941739210041344	3.028462659614669	2.7589156534197636	0.49859059458664323	-1.9712222863824944	1.2128780319852441	5.11893003859396	1.1197936168780784	-7.867193799480518	-5.0591256182822315	9.464138045970428	3.7534495917879354	4.351405896234489	-0.2664793626494116	-1.4726589195471826	1.3253275073233808	-1.5119873792375063	-0.9938692687398987	0.41466820265774385	-0.40131673204207413	-0.7316477237096901	-0.4200112752080843	-1.9806476721328843	-0.1183450559490007	0.28105641162125544	2.239814183758	-0.5313224237228866	-0.06770688186054954	1.1978175350706501	1.9195546099676288	-0.9433575311969052	-0.06481511916022176	0.274016095384509	0.5408840999808228	-1.603459961786411	1.2428252880851929	1.5801721161646916	1.7044050127306785	-3.043373425843949	0.47321164301237806	-0.4658559974054603	-1.2675032577263303	-0.044997783952404065	-0.2354010764952285	-1.4207480083167203	-1.8235561343116982	0.5345346811589258	1.7975637474433477	0.9458353359682592	-1.0700097671241091	0.9912564961543555	1.6681541565297782	1.5785052915757851	-0.4394458191426562	0.5281507141348437	-1.0479156705116195	-1.4115257634840506	-1.1932458829055863	0.34963277949751875	-1.293772897796249	-1.238429997619492	0.8321664600331177	-0.49412506716765964	-0.1465410676157864	-0.19789358871682408	0.06988401088465666	1.1621314937701146	-0.02607612653188268	-0.8188910890502795	0.9923116005168862	0.18661464840341555	-0.7625627988213991	-0.08618830716434424	0.988295228845347	0.37743311136633645	0.4228018848529292	0.6553449847184306	-0.1612323047537514	0.4942461891012543	0.32591766063826516	0.5155355690129308	0.220815504128113	-0.8844483045685728	-1.4490958062120012	-0.5248484736677316	-0.043445969052881915	-1.1538294913534661	-0.8140406394689286
DTXSID9020247	-3.04498790126895	-1.5150384810397834	1.298485811861644	0.5340128430591313	-1.4687078310658355	1.8964594447898515	0.8509574165567108	-0.7652537817653886	-0.21432141723126827	-0.8349075615967522	0.856880429471208	-0.42883113891553565	2.4463930681984127	-0.908499763326533	0.6258499168157272	-0.7653117354199117	0.8015668300875002	-0.3483122357810152	0.7646299627825955	-0.20713355128729635	0.046927855513119635	0.1671312336931635	-0.22234250726855642	-0.2722100043280869	0.6234917446309559	0.01842106627497503	-0.4749763942139763	0.3457781136522309	-0.6167858534012881	0.4881818016035214	-0.6110684582200282	-0.5222901889766732	0.17099099542737137	0.23884675331010619	-0.060402773279772226	0.7663967289318239	0.279934377741285	0.49030510203930855	0.19369562294269474	-0.3063899095225452	0.6160126338169107	-0.2163418063412588	-0.7884516899293187	-0.5208756459025841	-0.13575529327221997	-0.433842682257196	-0.22176344044796195	-0.7242111117690893	-0.046673916423615104	0.2083846163735099	-0.029580586641767735	-0.32266826782999924	-0.760849521577997	0.5845557921344642	-0.2610380459546624	-0.262769344480392	-0.22767169419315963	-0.48970021354536003	-0.5803659890891268	-0.5631355963596041	-0.16636424582255704	-0.22314682550764944	-0.16473332524828432	0.4535796147736562	-0.31947193932535667	0.3952252608400335	0.5756144862045232	-0.8427155224869796	0.3271620815915901	-0.041596920939272246	-0.007302905052045592	-0.11746648425469126	-0.176140467523333	-0.46247752295354944	0.7512304927059573	-0.06318563871083174	-0.476297642189454	-0.6133511733187347	-0.12282009519078446	0.06837180992096083	-0.5377386358907442	-0.1276156336023608	-0.6125239732105067	0.18338526931164953	0.05785026864192907	-0.419811377368946	-0.17631546556362818	-0.10529149508797411	-0.3939914763508603	-0.14063136252849764	0.2506242915947233	-0.6636188818529292	0.13589199245610017	-0.36285296532283284	0.004040305355754321	-0.35933133721150196	-0.14712917376979998	0.04733696327573122	0.3387603326842855	-0.061506755125274676
DTXSID9045550	7.99901056705123	-1.5993554473111269	-1.676324672619532	11.973764973688509	0.10996675814144484	-4.392382910994541	2.593720309956363	0.8718187182436252	-1.608828279323923	-0.13985257014373412	1.7138329169098228	2.2681098665748376	-0.49287401436716977	-0.1936865523438616	-2.1905550705761336	2.120730991223745	1.770603653655953	-3.119061197797607	-0.8095884543038261	-0.44416809212423813	-3.5754971402951186	3.7778255652039756	2.535053869114062	-0.11317685989713744	0.7356669215393473	2.586548858661249	-2.4627459414123583	-3.078507392973417	-1.8348963848238982	-0.9625954968181744	0.06847238111615693	-1.478779163220012	0.34698079653595615	-1.2433823210890032	0.0612781489672894	-0.11586066916435632	-0.8632060338812066	0.26421540055981385	0.6670791469076746	-2.1274105216723087	0.45108097489080395	-0.07816091200924227	0.68344923283546	-0.5352119222915935	0.20387166939488938	0.8612269551578323	-2.2526088998243736	1.1072983580674327	2.4843914127889217	0.20333491393960607	-1.1874253457921746	0.408759609300103	-1.3601621342563175	-0.15669937550308682	0.14776979806990836	-2.787094555401778	-0.7504163985074734	-0.5686112385606628	2.0518410206988142	1.5651555809293478	-0.5269773275199833	0.39097433896519523	-0.04491435210286585	-0.6686417434241806	0.3105959010889919	1.1828619021817064	0.5593671357755663	-1.916228312017693	2.614044837400612	-0.675490214327052	1.0085814959369586	-0.7279767352175697	1.4376164457875802	-0.5927543980571991	-2.3486984475214	-1.5470215935536276	0.22197786207000125	-0.38494375602427094	-0.7196491533854263	-0.34774651558287695	-0.5281771772850236	-0.35194666646981043	-1.0682290987334564	-0.6386865284166406	-0.060807297101933284	-0.22270910666386015	-0.8991870966140573	0.9932349018323424	-0.12094542089743551	-0.5218702716912295	1.5379418973618988	0.5131330764531074	0.01177030218737225	1.403166342578583	0.29858351555213386	0.20179102365453527	-0.6406313209830442	0.9085590294185861	-0.4844081018557136	-0.9962641471788695
DTXSID3022035	-2.256929978496062	7.947498023339193	-0.08977972810710916	1.2447376611752523	-0.9660152440966588	-0.8479968625711618	0.42166212133811715	0.7654091523212158	-0.9633976895981807	1.3094489493772603	-1.2339753545404128	1.8621279685616734	0.37485111077788064	-0.26235977060960586	0.381316088742529	-0.6901378051716718	-0.4127270737931384	-0.06490218036204176	1.011775740533441	0.7615324631295187	0.13268130182252405	0.05482555256564083	0.5225411386506055	0.18138711043180128	-1.8633420897807884	-0.20650664154964657	-0.3727667337523054	-0.4566326078450998	-0.13999216002007775	-0.5875229702406619	0.4261243354169836	-0.14842686031002386	-0.7119597800465769	-0.2712665211457554	0.01188228620224217	0.5221209834740279	0.38847666689821353	0.3417648321607944	0.1682641110491178	-0.5709330760204315	0.19154249547644966	-0.07662218688889302	-0.22612081962135216	0.47814204330213556	0.13231776606519247	-1.0510252923810544	-1.3118736622465033	0.7906726975354339	0.5825409285809888	0.13031639317096264	-0.3900492534062157	-0.9893968520015964	-0.5894598178132797	-0.3882718758014038	-0.4846844740636887	0.27508280949934966	0.8710182442773275	0.056454373704571105	0.012070922738772789	-0.8494220778749881	-1.1242519362381156	-0.8944125392943396	-0.19958565767894304	-0.33290018362102664	-0.6804157278846111	0.12636250849334585	-0.03314221693143729	-0.8032395564327183	0.39583309658789795	0.016106701640897687	-0.8688529561584809	0.313512063341523	1.0072069400195536	0.8637082799407821	-0.028911081156219452	1.0355400195934512	0.6475032145301742	-1.0458472604630575	-0.7010494217294263	0.7326321464655193	-1.1047302267120813	0.387063851499789	1.6043303497431831	1.8651284718391068	-0.11305624439197703	-1.696758253575967	-0.47654131672751426	-0.49149954984048233	-0.7290724559501934	1.3488013099155265	0.040885878971151944	2.4179841058598006	-0.6145527062276898	0.5356273892770917	0.3059580504964326	-0.7943139528830878	0.17858869062609406	0.3156608717103302	-0.9105437995039066	-0.26455530254065
DTXSID8031497	-6.609886378661332	1.9973476629631135	-4.0345986296542256	1.535019797946529	0.15080601670673216	-0.48129810493878594	0.2585303008925269	-0.9784011397765918	1.0246113023518442	-0.18999307758834685	-0.5684566172584333	0.9729388146755649	-0.49897957839962076	-0.9699671091452419	-0.39418828352559576	-1.0056581965519882	-1.732710447321941	-0.4041759924107063	-0.18322314055266756	0.170351804594033	-0.6327470587654118	-0.09266048863787821	0.28504835888009444	-0.7808587961488339	-0.1099430298741567	-0.1491558207505634	0.2594047327793275	-0.32591748123640135	0.47587946421749666	-0.18280006907648297	0.9729900393439909	0.47206940139240855	-0.20222840219963123	0.2721846786010165	0.6767250046904281	-0.1567186926992415	1.2963857136410555	1.1687950194488739	-0.7016945057299991	-0.30299443151688554	0.4602853540490732	0.2775692546032243	0.18971662775074502	-0.40702032934081434	0.6002750959801991	0.11466367347351418	-0.2260712943234291	0.20321805190513442	0.5925144596074563	-0.233761975513899	-0.6672190264759112	-1.159081546812899	1.1986302744743755	-1.1156281794200953	0.20750203378702414	-0.3148568516877058	0.20907211235954148	0.3355734292825036	-0.9898564642469148	0.3353443280895778	-0.3793316003902928	0.47077152091762187	-0.5085783664149884	0.32668093445946306	-0.15579867836485722	-1.0752437947880766	0.3902465755289188	1.254650396198046	0.47185091628197645	1.2428134917183862	-0.9204372321184583	-0.4670077545004654	0.2593007711467061	-0.1737631544354424	-0.6096831477372071	0.7334892360618933	0.9184867869458823	0.15472342040004192	0.3309861328808689	0.5706240778735949	0.5302419833192815	0.14096439693414886	0.06061401656437267	0.22787356189175276	0.23311690009005973	-0.3062984833695476	0.20727551068378985	0.6858065170707216	-1.2637241101926586	0.5634052127610651	-0.3608258805546045	0.10585073802037152	-0.2806491063992993	0.4638295505931375	0.8846206412355465	0.2730391806546302	-1.105347529993414	0.8008487528709142	-0.7843103742543208	0.7704146844478861
DTXSID5047956	-0.4031674225667442	-2.6809846984858847	4.234161621594562	9.049331385390097	1.0715511232254853	-3.7847005471923127	1.164747269272003	-2.214488872112412	-2.464683276373247	-0.48988749250148306	1.1320635992437893	-1.0604168211350513	-2.70546130827531	-1.2233856038428859	-1.0003345711236356	0.9800908593053049	0.907025379540656	-0.5086471547893698	-2.373949984735605	-0.3103766887535083	-0.6559036882870124	-0.9196792300767942	-0.8915530158920958	-0.2834840806509848	1.0609488720897797	0.7519489778287121	1.1441166951364845	0.3267074798104054	-0.9910555504593447	-0.3432866868935308	-1.1593267261467717	1.0255099236693384	0.6949366991041743	-0.45668603376389166	-0.864931390872513	-0.3578386324882426	-1.5044694090116175	0.08539343058345748	0.8708222904656732	0.7956766987208316	-1.0252269575798278	0.5546501016638024	0.9466200258818511	-0.7925446399066267	-0.28256724383607845	-0.2803040212861869	0.506224911288648	0.563453779575965	0.14162062303857936	-0.3864890861488551	1.1363004286467362	0.7334356738798017	0.38396395980714393	1.0218999441085865	0.25222236584159596	-0.2795651952066229	0.6693297928781794	0.5691825766175226	1.2230397436059532	-0.03340298894144458	0.7869728574502596	1.5775855616052015	0.13432777617528727	0.3187524610103002	-0.23780717384299568	-0.5104391775366351	0.16948336168584174	-0.4422115712581831	-0.0070711974242752456	-0.11636913068302317	0.5534917626085749	0.7318467133799201	0.06309588593690717	-0.11652284627297223	0.9135628478688257	-0.9648712291626983	-0.38920114636115677	-0.09701869333697923	-0.368421014731105	0.5060141489135255	0.09998511545733009	-0.3196002623421693	-0.46300785338124184	0.07024004183376768	-0.38034266647808906	0.5743455006158749	0.94882000866333	-0.5994445565383042	0.16053912860284475	0.050314093552875735	-0.2195932752180267	0.7815198529602595	0.4982324287200967	0.25649972947261745	-0.12296754589862371	0.9139680625681028	-0.5905953072834347	-0.5273123470053696	0.029298120480857684	-0.5096855432587533
DTXSID7024904	7.75644609180169	-3.949373516063607	5.290792679063702	1.7988581140285127	-0.6365767352172279	-2.1117410951667246	0.794128331274561	-1.4151442232052296	-2.2745574320745106	3.131289120694971	3.6535623642912807	-1.5428555128975865	-2.1923026366359757	-0.03237308565926649	-0.3622585404112818	-0.5673478004717699	-0.6251144248502656	-0.5360079222049359	0.16919181274937026	2.600236211163781	-1.9873793138531608	1.1984283336097878	1.5692132566383254	-1.353652529369676	0.6106392432669421	2.203733954563853	1.0242814600901489	0.6260600945262655	0.5872355881895832	-0.8117313335276211	-2.221213574701593	-2.7614949044408537	2.671942128268224	0.1039357211933149	-2.4231238331718985	-0.18262674695042463	0.09456108809185354	-1.277689765103348	0.9356073762805592	-2.9545615149520503	1.4410771825564601	3.8200876886547452	1.4650042393375469	-0.36726343204611606	-3.4864018549702656	0.382235156345119	0.785323310994559	-0.015897671022177595	-1.2581675275187731	-1.801874995233477	2.8927194122631703	-0.32418751744090263	1.3681056755144505	0.7793030264291539	0.4838757213955267	1.3079665137773349	0.4009926308313666	1.2531747272638543	0.5414111534402894	0.54767750342111	-0.2978619632262273	0.6487708348867683	0.17589399976376655	-0.34846855744686256	1.8404041853509112	-0.291194986160355	-0.9145005831789081	-1.1099267732003282	2.0085266286259875	0.31709416400677043	0.13655998333552133	-0.12804505220898324	0.3154556782231807	-1.0360668091284129	-1.6780845426945843	-1.0906031337184519	-0.6953569901916431	0.375736970254712	-1.5616756525926412	-2.1071919201896043	-0.8172493710997687	0.7647329293695865	0.33520685839044195	-0.7951516679937629	1.0860764864247725	1.1015856506284236	-0.19787834564841492	0.5743934942582688	0.5884131155892636	-1.3356717382840182	0.18265119381306893	-1.5392736070635444	0.08748653048546597	0.5359472325017517	-0.4966312960013774	-0.8835523283018291	-1.3588437868469276	0.09338675494306135	0.4958943822070686	-0.44528222381911287
DTXSID2033447	-8.570242092750034	3.28860674116182	-2.423253510546756	0.3373467205243744	1.3686556725363204	0.31229873405055303	1.3818211633511275	0.17769076455998553	-0.45041203305987726	-0.0983769198859452	-0.42874473267348	1.0255689296997	1.4226059975672434	-0.07265235914719086	0.005537454957183768	-0.8038908482036241	0.0039138498906057416	-1.1995187316836864	-0.2581746347817822	0.018499761675261968	-0.4688432193464282	-0.8622696503583095	0.3865850805076701	-0.08597337944098998	-0.8867839059846492	0.27470946073329544	0.7045831094794889	-0.30312425399951154	-0.18399896707932906	-1.1516941594029986	0.26466890229795287	0.6055177596369703	-0.7718430318271272	1.0999177136237073	0.606660675515881	-0.01048788933344697	-0.22800750426230623	-0.30978135391169187	-0.05071623370622204	-0.5014979480305266	0.22906383922431836	0.709281720263895	0.2821610496782783	-0.6079355767769192	0.9388350921404504	0.3303162654621026	-0.4156267387463502	0.9574397678817734	-0.4572429250914247	-0.010569878153627869	0.46417509877201024	0.33804875138682605	0.27335869097083076	-0.8022975599580002	0.25090862438261224	-0.07391415881267752	-0.1423422770619061	0.04834827317491892	-0.13903149622778294	-0.02281235850293888	-0.5581718125730379	-0.16186260235333613	-0.5172269487526062	0.3089402572998517	0.6030095705634433	-0.18645023049767273	-0.1949466768275023	0.17890266182307946	0.022063629415359248	0.4412459171832545	-0.9818583989856156	-0.38117616832587564	0.4797154547557983	-0.43980276775412824	0.274100904666594	-0.016685666676885653	-0.21118515135442564	0.897328795741185	-0.950369081915959	0.017301291020511807	-0.1749070562273805	-0.0830373545591469	0.9607499618664497	0.30444957319919763	0.031707789841399506	-0.6021463171230592	-0.42840738985615545	0.23655657437824643	-0.6788440489811822	-0.5566479768305194	-0.11875968921169215	0.2996520436941595	-0.0333609676839961	0.3247401399458118	-0.4013841236976371	0.18390689798657278	0.4513097740363024	-0.027510210765376367	0.0398248825760794	0.13560998736498536
DTXSID1041639	-3.212262463041313	-0.06922105115063358	-1.8955703191344948	1.92274579789048	0.3011353501558101	-0.37028670177859635	-2.313223981048367	-0.7843222752911136	1.4762724160104874	-0.7506847358465951	1.607589029588471	0.7037927877561068	1.104100603499476	-2.23126991547295	-0.14904586956964955	-0.5989802496501547	-2.6065592470127372	-0.8786283783510572	1.6238633771519426	1.712951815289274	-1.17292841463291	1.2294651231400966	0.038852767539329834	0.40087549289325697	0.30915579167514357	-0.7410827217800852	0.7202212219888754	-0.4294370599553608	2.1268109959115873	-1.2266636962090536	0.9994013945665162	0.13753824254373864	-0.3263441707170662	-0.38556784180874737	0.27887758204823665	1.208584910983071	-0.34246842652868154	-0.05626892393784911	-0.8866499089632145	-0.6349392715615209	0.3213294319810608	-0.48179355996413875	-0.2300885726632957	1.5803284681589058	0.7738583246827316	0.33251514707290913	0.5449283529768248	-0.7936682346199886	0.49582334947985324	-0.12223474074892832	-0.5956074389043216	1.045168543172426	0.04122010445506108	0.18791281790655812	-0.7843966247997197	0.8601944103696103	0.4556387150852442	-0.7008270047116056	-1.48977574548611	-0.08162029663746331	0.8692813613708057	-0.3039887562576341	-1.1529106325870966	-0.6500820242363852	0.3526094547336954	-1.0381257813067017	-0.16783001995068067	0.18060260475059103	-0.5819604129596408	0.8813309016133852	0.29381775491811185	0.12852697322035678	-0.7795294515901415	0.23752751279984943	-0.7123057551663797	-0.24108503040235363	1.9478830222744783	-2.37448741413698	-0.5292460686671653	0.9631701444381892	-0.8206557641841852	-0.664111802338604	-0.7602098291032803	-1.1281736839832448	-0.011510389545248599	-0.5231120881604372	-1.530395684882806	-0.061125539902617	0.20804928562257666	0.15605760292736123	0.46816118283549807	-0.19607352779765738	-0.3356132230728898	-0.039289209987114666	0.9865749694646863	0.4856564882657918	-0.6512757711135149	0.11765986620129472	-0.1213467257601001	0.39130331637434573
DTXSID3049203	-8.014454093584062	3.6043443341006536	-2.772579369981574	-0.8760316965393888	1.5446387234735692	-0.4068835134799965	0.26965365515678974	-1.3413652127766957	-0.7017122480557778	0.3601049995591336	-1.4107331406740231	0.9633018417127468	0.431602602479899	-0.04848782133961873	0.49532160787472684	-0.42083637677144986	0.06228466928246576	-0.12014808270545037	0.7966589426555574	0.16982496274661274	-0.10214086971534386	0.06306459851039745	-0.49091702224509515	-0.013527934700417629	0.037428950501299456	0.30716756744406243	-0.17753889471066758	-0.1001930098228518	-0.5947209720692452	0.1815389410078088	0.4952069633688469	-0.16933984995551415	0.04414923999941545	-0.25062051478022906	-0.017594441750030783	0.33978957008924054	0.19902057022292363	0.14623527290039348	0.1071793496065808	0.17142013841628287	-0.02403530669586013	-0.05585855586000583	-0.1667553667077328	0.36772323741053387	0.11105949458579174	-0.5304685105547423	0.10900049526591862	-0.03127972839188432	0.14084309508006565	-0.5891334953447278	0.06300027974418086	-0.3860647758293708	0.23241376502854794	0.1488847176588768	0.1267715198134045	0.040063415653175435	-0.30279936652051725	-0.6498026393496485	-0.19443700222806154	0.13824366888395234	-0.2845047754437816	0.20849247254296943	-0.03059062703876334	0.07849514300731417	0.6116067726684529	-0.7249294411426975	-0.7536510994031687	0.38173614981436316	0.3298143837541464	-0.13567809041228007	-0.11287045420485904	-0.22523714113427679	0.18429894797130159	-0.10299425799719251	-0.33175607712396793	-0.18991653115775345	-0.47635711216968557	0.16310311158617832	-0.4191961491967987	-0.28653555123892865	0.09090609430432939	-0.2397232251643972	0.4197965277167895	-0.014909420219754483	0.00737557651370952	-0.36831860635451624	-0.19621339831150325	0.22170218660497207	-0.08898850378982143	0.10667939323655268	0.15467517047627607	0.3639737304037113	-0.8982365623169344	-0.08481740075523828	-0.11621045059247682	0.08948017089924527	-0.606881342874416	-0.1829498879187801	0.020788112794375688	-0.12379802781797188
DTXSID0041436	-8.402942307943501	3.744827354439048	-2.17351816929618	1.4986393576848127	0.572591496243491	-0.5318116375468215	0.6404760889695726	-0.46428060571775176	-0.38869121115214733	-0.3405304660148308	-0.3292242241552569	1.2832635445570757	0.4837474131010673	0.07916204698449866	-0.4801414510929294	-0.3268323703845019	-0.42522517942758875	0.21628639214320391	0.4334267784619563	-0.435287954989206	-0.6405633583469621	0.40198711701318024	0.24202577756494176	0.33978153763945995	-0.8453776998715405	0.5238152363640566	-0.25921375622342313	-0.4523231670166559	-0.006763039761488989	-0.410091728810274	0.5531102212433346	0.1991759049415656	-0.3942924578776254	0.2097924640675789	0.6260506075922203	0.1735749171602694	0.466652856907058	0.5274909077133874	-0.27058519958586663	-0.8870112279710495	0.2660353344606991	0.10892373237354357	-0.04930721455165533	-0.4334220941057017	0.6600338831947276	0.20261909837310235	-0.08331476414797516	0.6988841461092764	0.25366736889175073	-0.17451496938694738	-0.21245640553582765	-0.23056304214857146	0.07418483219219703	-0.8445834476783923	-0.6295782782664948	-0.5793845652152719	-0.2503180580050864	-0.4996667759805599	-0.7351417531618272	-0.10357296640242983	-0.39407741847562294	-0.272988566986936	-0.6036366706860927	0.32660655496699625	-0.16153224364350227	-0.17816098526255555	-0.09952246087570739	0.40114469989619145	0.6933471701138222	0.6603618290903334	-0.2601306058055205	-0.11550741619533436	0.6504033183949457	-0.18895369572274787	-0.08589895699476642	-0.21117742619630137	0.2716380985741628	-0.24445206832975594	-0.61925679774813	0.11575743973595849	0.4395848003810201	-0.03155507588936129	0.6058537290505598	0.08423736818038424	0.2531774449327719	-0.3913184988374805	-0.1974660162527684	-0.2867346099342523	-0.620820759763729	-0.07367323381538582	-0.8009453453246712	0.2636469402398823	-0.16435090941940164	0.10630117341990411	-0.048854043686269735	0.3855668291154494	0.40175446526389497	-0.47562131092887067	-0.8622172433665232	0.19901129983704488
DTXSID4047591	-0.3831219730731086	5.529427763000342	-0.28770276213610047	-1.2152291453568898	0.29479332483550946	0.5899568201757847	0.030372048720585337	-1.64706387582067	1.2638637175003768	-0.7761276689376506	0.2960070511229454	-0.011515353221258979	1.2849285958986627	1.3144540472458592	0.7196760988677485	-0.5337947661113189	-0.9088649639713435	1.7082697498971127	0.3743439463559048	0.026538734111636524	0.018959143313934668	-0.5473995733829762	-1.7690428087582781	0.26596128011745823	0.006464777921963777	0.6585208201806274	1.2002744788014794	0.5380820543715645	0.13592307253388877	2.8175742292020005	0.9219802253142065	1.7333023316951535	-0.0935612563081931	-1.1696828000876875	0.12955712636222463	-0.1968180416744876	0.004331516842119753	-1.0703288650423628	0.5240614451874599	0.2539908575232355	-0.7750740795791555	-0.44998362412055726	0.19921321834207942	0.6910051582576143	-0.11371396705518007	-0.3282540283376683	1.7984579440152317	0.4951581552168192	-1.0218646925520136	-1.3037512752679734	0.9355588781779319	-0.09046864021180852	0.2642387406419924	-1.344314679379867	0.24841689765832226	-0.7045959072840784	-0.9613350090544829	0.31770475525709857	1.010356021131748	0.7105571570288797	0.8826779092324963	-0.01903512091720405	-0.17636873563437833	0.338952319237371	-0.2363372086361651	-0.19910872306241176	0.04915843399401248	-0.45336684758213774	-0.3487326633154173	0.7530398831050235	0.703730342611342	-0.19687552448860926	-0.21545675557936184	0.28512122381103283	-0.3829521264025162	-0.08761139783876139	-0.39577883147770637	0.21298302999040977	-0.42581855108260547	0.18713051914616124	0.09596328389828374	-0.4651864554186852	-0.47209003818315676	-0.19643528178851372	-0.1894662223367912	-0.11619170731917074	0.35183266751566666	-0.2109414341951899	-0.5419992872049785	-0.022902673622960446	0.12601590788063757	0.1304298139166329	0.3678356002964903	0.007247755942131435	-0.4166824281211503	0.33854551493164053	-0.021641908290707883	-0.07886277551254109	-0.11239371795707108	-0.2043976754680284
DTXSID7025768	-4.92006714006158	-0.6214289115366243	-1.2926132945425908	1.991361697457654	-3.1040812253929992	-1.3108607652102877	0.6327560696881259	-1.2905373737980403	5.421019677456622	1.0835296808954065	-2.8889452922221093	-0.9690437010265749	-0.10554282488900586	0.4984003623832097	4.54633954338117	2.2686867031243807	-1.5996437229565632	0.6766642777937302	-1.5938798350990508	-1.090944607480921	0.8427680439476951	1.2700928833568819	1.8913022004021376	-1.9485003546572748	-1.1146044717667984	-0.4021078104924877	-0.5261937051413108	1.2263534938734368	0.12232560997871884	0.05481599198286448	-0.25856015636119595	0.4828631503563209	-1.2298695007787592	0.6382314630220399	0.06579017638084052	0.9553356084304144	-0.21446957874282027	0.6578353963737994	-0.8597798137117615	-0.9170637452576413	0.2364290285353645	0.29089115270446897	-0.06377015636788187	-0.4409435366768344	0.5886302929527732	0.7877914844118203	0.6667519314774875	0.011904803663948287	-0.5800784976103677	0.48051538728021453	0.3337485853760608	-0.6294163889229796	-0.39347944845805494	0.06230468919614014	-1.0491141077267223	0.2757670800848403	-0.4580547158035743	-0.4568380573744435	1.11902332268427	0.8272720326849602	-0.586391692501683	0.39501885174562507	0.27452268913931865	-0.055396050598052804	-0.7732782791816145	-0.5809853449240237	-0.4004364312054973	-0.15877903337057267	0.00229069304858619	0.45520592728346293	-0.0513984865152556	-0.20859010279618173	-0.2872423734730488	0.8140666335715773	-0.11794610147303537	0.16016291321121892	0.10890991867665606	-0.008109957392987633	0.23577763420454145	0.9580970663769497	-0.350486889656415	-0.2084213845552974	0.041615381811103726	-0.05322198577920352	0.38712176347983956	-0.0908816917603507	0.26364654247560265	0.4078936952002469	0.46636370221695717	0.0005938828634825112	0.20435793009142889	0.06982093005367888	0.30139326350459816	-0.41331454447244403	0.502592776593568	-0.33020420417298235	0.2058981873554893	-0.7899539874006054	0.08267888285263	-0.33767057890054697
DTXSID2049264	-1.515617889697543	-1.1413767994758892	-2.7343873030658874	-1.9996428025185355	-1.1450302367732055	-1.1315298398417877	-1.6169575797082794	-1.0322032017500722	1.1856026704730862	-2.435541381001544	-2.484582013506964	2.2762225862358636	0.003367950506745548	-3.6206471100365425	-0.20116728328748262	-1.377545792079839	-2.108294253282141	0.09295734278410633	1.317373433752098	3.957987648276741	-1.202734599280488	1.1485526704339917	-2.244082042766164	-0.700007436468565	0.1925099131208015	1.2231050083763038	-0.13587179384449544	-1.6722801623853034	1.412539640434209	0.3873355417772853	-0.8115542061485415	2.449414704144741	0.23671232947528617	4.376629825409089	2.45767995031066	-2.043186507473124	-4.44446384295056	6.300315828729637	-0.7499720815402774	-3.4957465564390153	-5.379398865834529	4.333393817580225	5.907668859341148	8.06399108407664	-0.5978198620185488	-4.907784263630752	-1.4597977018091577	-2.725343144165071	1.5359738548578548	-2.0231151411375907	-2.7230393823357146	1.3787062496000497	0.2922950777403248	-1.199652304144707	-2.55416985704532	-1.008451450015932	-0.45160205966092176	-0.7158619090689524	0.036954776985021726	1.937375346827339	-1.2123038204766357	-0.15417810217401237	-0.2848800109154737	-1.8693249841280528	2.5313162711397093	1.1611503350278214	-1.8232460189977813	1.2124003419924996	0.09832924764255825	2.6389801702270663	-2.3364785882161025	0.20079540305030452	-1.849001393928345	-1.3539553191245008	-0.28207628738534407	1.2931869991087033	0.3843863085406937	-0.20774056078911646	1.5662910079776824	-0.2971508355244414	-0.32481695985682724	1.5559860680660282	-0.7503061782595297	-1.091143343507879	-1.2898630602841912	1.164736875387566	-0.44975626844211464	0.08683416544107643	-1.081849278940574	1.0526340911876968	-1.2119981667816944	0.033172804638501474	-0.3330694643595107	-1.1850672980821388	2.475898951550479	0.261313294008824	0.043368035520676786	-0.20066174659889827	-1.2113293158335425	0.0756882678179846
DTXSID3044910	-6.522200070992952	3.466572775081086	-1.2809614212776446	3.138759154740725	0.6905444030984325	-1.7635519274053055	-0.10980785335803492	0.6949683355834327	-0.7673767903622742	-0.44304797416115027	-0.5146415721378503	1.8778555852032408	1.3008500746890426	-0.3667222700275561	-0.35913579092440245	1.3787221149640063	0.5187389041003747	0.17101591405678582	-0.5342317357903064	-0.8053707271809695	-0.7233872741448912	0.8732647998700392	0.38823396298518165	0.5119094540294097	-1.5537558649644978	-0.5667311858208554	-2.0233312290799756	-2.0508397522557575	-0.47007326550178574	-0.2752948806088099	1.4257750557281768	-0.42124769451797894	-0.6205072374658734	0.03704266120086224	1.1209744727347883	1.0800624922996274	0.2500780311587874	-0.14577042913845337	0.4973497734780224	-1.4401343729291842	0.5762656614008893	-0.12293566225866348	-0.2383592883275782	-0.7216911362067765	0.4864044773098397	0.751693659479512	-1.4947950705329065	1.5911242705584663	0.7906771947284702	-0.587106683063943	-0.517313279954111	0.8579054203968522	-0.3404373388292651	-1.3463225889782329	-1.573585695936841	-1.197063183069891	-0.6102364891939089	0.7818394790722832	-0.29435895467935247	0.39679562447372446	-0.5913921245243818	-1.014564813580799	0.07487110590805554	-0.11595086117699749	2.1396531164452117	1.1964580336320492	0.6994173379020113	0.2960263087504868	2.1940687882188943	1.3016816082108644	-0.6657991031375927	-2.056268305298059	1.777070308695476	-0.7573432934231807	-1.5235215365422698	0.47684254939209675	0.15797856698907234	-0.6892689229985037	-0.5906902907852866	-0.4462276644902559	-0.5237335191404234	-0.031070061290731747	0.03822950036837731	-0.18854923359506026	-0.5033778920830371	0.007951020670332333	-0.28254510103722674	-0.40951039020071844	-0.31965183135052444	0.9543403682657283	1.1055205369945182	-0.1480634557045986	0.09601954775824713	0.31085189789883594	0.34725377939241714	0.9497161109383885	0.7206992624099149	1.1088712004696863	-0.12016040161191725	0.2788393008957117
DTXSID6025642	-3.5741320014728823	-0.716706595862051	-1.1750203310473004	4.922054585789192	-1.0299920764374975	-0.25249571401253157	0.5943762771325889	-1.8878418726430295	4.1485526524265826	-1.7816013780725655	-3.908551378558849	-4.448351373810232	-0.1817973928568568	3.284599998540847	0.9673177987904313	-0.8645160660686659	-0.38626378839233316	0.34233935150378453	1.84584150994933	1.8595613153351638	0.7480402199599205	0.5925314128839363	1.1221178918168477	0.8964800629521276	-1.3544163098781006	0.9948649812756073	-1.011060917849707	2.943722345705766	2.320750633194875	-1.3286341486941173	0.7503803410213062	0.13480212674890857	-2.4328606890554196	4.343542307638685	2.1349166708480816	0.9516833439573038	6.350904022639359	-1.048481137520776	-3.212087936599948	-1.2316569911521422	-1.1255284294703682	-2.5850966875287362	-0.027964351243200306	3.826314214859094	-0.969596340366276	1.7026478717462166	-1.629869087412903	1.1122675337375978	1.5388994833859937	-2.0225083909604744	1.9452684903926798	0.2038483798127053	-2.24718589047425	2.5128772793097154	2.3152835443559034	-1.7185584917049406	1.0000185305689668	-1.0516613751645032	0.7908399076143563	0.11063992675338694	0.4340776766624447	0.8580862235081873	0.8134859547439868	-0.8249758636142114	0.9875466916803605	0.13252237599976954	0.21096825915686	-0.6357554897148738	-0.5834497300447027	0.6206397013614023	-0.7438627937282172	0.16917355254798142	-0.18856150607940322	-0.019543130789060854	0.1466432925783383	0.8527045640099231	-0.78830039279328	0.08506470248107889	0.2744674415388789	0.6244431550822973	-0.2172304434223639	-0.9314921801195029	-0.16194231283059388	0.4942723794515386	0.12247990824496167	0.5402635931560517	0.688621780234943	0.16436544131277603	0.07672580200636203	0.15056954404580367	-0.1114895846885361	-0.35223361176862417	0.059324646236129146	0.0081943750910025	-0.12418867257095877	0.4015475711651776	0.7113543099716774	-0.3825823757541254	-0.14873778794621656	-0.8639897034729388
DTXSID0057702	11.907995410596358	-3.389516369979198	-0.31636464376242124	-2.0788026021501533	-2.662577291624145	-2.4972964864978247	5.512916326344306	1.544830395435814	1.7945499549734383	-1.0372413446370026	0.7392814963359059	-1.3470748211530306	2.0093890790985753	0.598834377663153	-1.8004170031923872	0.8363535005119076	-1.2570251124330662	1.3449423293054672	-0.5414397122788283	0.6457694733069967	-0.5412261680822313	2.628805541434659	-1.7282352701511985	-4.473312975348822	7.377324281652432	2.28035501316711	0.4635466590503524	-0.7178087322790372	1.9092030301022977	-1.9232394676825046	-1.9729910983597694	-3.2857413053577824	-0.28293708173098364	-2.109215977090526	-1.0958430257814933	-0.888030852934181	-1.0174579883411914	0.03465993767064462	2.4523255441933447	1.5113659295534372	-3.1465537696435697	1.4116120279552637	-3.3981602847737173	5.220875333895715	-2.0711140156143193	9.126192790602518	-0.989450229255807	6.816604206164728	2.9331573594708162	2.9017926359720394	-0.618314699075792	-3.88113400750853	-3.5259942012616667	-6.675927404088928	-0.11996734727308034	2.1202980609473983	2.513126603928689	-2.145657775630731	-2.5610539213751924	0.16254575252811584	-1.8853583198506176	-0.08133514099456485	-0.34886331910220153	0.7928714064426705	-0.9253996641659928	0.3775528596959764	-2.358158582241731	1.4277355815152348	0.07168356961346889	3.049622151204608	0.19557362855229732	0.5639134985080803	-1.596353227768194	-1.5273978844423428	-0.7659291073630087	-2.078772582027311	-1.2549793932496938	0.07882071386958936	1.1013157932540676	-0.48216249970886743	-1.737009146687474	2.146418166109781	1.5836080171820264	0.47649897601658514	0.28145846901350147	0.21048801180337895	-0.6383863967719702	0.8528370804077015	0.2730811083209039	-0.9329630791011396	-1.4934040673651923	-1.268350251632642	0.9012539862222163	0.40067388536106463	-0.21818673031575836	-0.4908434313349339	1.99643318481469	-0.49634231522734285	-2.272396917950448	0.07143418740296306
DTXSID3047055	-1.346153925614524	6.479088287124143	-0.5107278732424175	-2.1500357448020333	-0.24756475896661145	0.45375264689371003	2.246270913156195	-0.4265809675974981	0.006100738178742068	0.7117160219301513	0.5328895118170833	0.5890248536726459	-1.1608907149099523	1.0494674399039283	0.1161777753853028	-0.2540480231506063	-2.1758921107440616	-0.09069833063984908	1.3842209875471683	2.516458556615499	-2.4834257293215187	1.322791446846433	1.699060941272512	-0.5098797358164189	-2.243713918136619	1.7442994669390515	0.9326710812048603	-0.7154007346813881	0.1339461472424617	-0.8008316693894472	-0.4965866752321194	-1.6377575043520913	0.6453582768023564	-1.7431678240702109	-2.1242030285838065	0.000257878759723163	1.0992128663999439	-1.4566213135592443	0.8851187762657431	-2.6297456454365	0.7148766905230559	1.875654352121551	0.32167179114551236	1.538127123424178	-2.9236453393723076	-1.033576890424039	0.3234265184995429	0.9123438503163107	-1.5451687737562823	-1.1831119674775092	2.292441619824328	-1.1425091095899484	1.2560062431067684	0.24784954705944393	-0.6784504750030902	0.2250930367502581	-0.714322443308407	1.341079975820462	-0.5038116075836471	-0.6760922632865907	-1.6846392704087838	0.5626984100097021	1.3883271150710244	0.008127903656386559	1.816263584460644	0.3698998858531931	0.9987182057564646	0.2720310799580461	0.7927372135310559	1.1431394763687606	1.0046638467978812	-0.594097390996809	0.1215621982823051	-0.9159581662763563	0.11734343307084864	-1.3161422039067	0.5392530576153909	0.3752885355144716	-0.798673410470963	0.1019403347497475	0.6170979100239958	0.4793002193049709	-0.3320596746676968	-1.229414612353644	1.0166638602227922	0.4201498881809795	0.8577049619208275	0.2573066296259547	-0.037881919007356664	-0.49992897459804514	-0.4725856885857229	-0.052454906128917046	0.56235659616454	-0.12214386270480268	-0.049249341290957	1.243507511317877	-0.9382593913118408	-0.5814553541881282	0.8779779229224374	0.29282782537845803
DTXSID1045166	-0.6782889303317802	0.6107974579093879	-0.7415784579371862	-0.21558291177067845	0.790004349009669	3.3677901070395135	1.5980559303277249	0.5196507331157805	0.586835219796477	-1.5846171145453025	0.2622189984997108	0.4125734711488319	1.3967112459763815	-0.16829142912274753	0.2516443923644701	-1.3773922960981388	-1.1146195125354867	1.053869216040025	-0.7751770588902429	-2.5347452407758433	0.24524927029794824	-1.9411666475141405	-0.29147066947748995	0.6706012318244297	-2.125491002291887	0.20527925282591156	1.5964517366021889	-1.5769738776010302	-0.6698550549836466	-0.4698929791851131	-0.1366764236438899	0.12964479884055552	-0.22725983179643477	0.5324154520706823	-0.5768413570581398	-1.573955463021324	0.11503232998028845	0.9444242276757899	-0.49500785838014205	-0.17398786255133844	0.9065489048734858	-0.22386601522714714	-0.8063514693698891	0.134631131696958	1.792985990273532	1.3302393447823662	0.019275760191509936	0.3048214685054182	0.178490220536838	-0.1597007242918292	0.2121782799631737	-0.9361705480406658	-0.9457302227128827	2.7178033085936795	-1.177577510837197	-0.030538405777374867	-0.49096534136779624	0.25044739318108555	1.1716097303424002	-1.3428147524772245	-0.01917424237021371	-0.2935577372231759	-0.6209908213898248	-1.6185756394872943	0.8544204902560941	0.00824878779831782	-1.3270288900111176	1.2763756574960952	-0.8649610964428527	0.10796597962956424	0.881880506226654	0.53432832102436	-1.8934153135103118	0.4508827837129038	-0.3638772753295705	0.6758006110218877	-0.20780776626501313	-0.9593783004739175	0.9536398530286012	0.9138422517539287	0.2217324324126489	0.8329223131104823	-0.6808061954364825	-0.07547767721888447	-0.43238643922201947	0.7413879171718182	-0.18100598174323618	-0.3874399038704439	0.4454462173399353	-0.0130879561519034	0.22141289312822554	0.04382921410643039	-0.23583691275468463	-0.5980694839523171	0.13335289477937287	-0.11689062795102545	0.0343615613381403	-0.0522866008474188	-0.8951657298722153	0.19389753099528298
DTXSID1020069	-2.42478384020636	-1.4425101896557322	3.640058109339624	-0.7955967553692611	-0.8971048690640752	3.042766871574946	-1.1843164788675298	3.0075682767822682	1.982809700300535	-1.0201904348681476	-0.6495221186795094	2.654392938235776	-0.026219814943373027	0.1981723648891513	0.28726718244179256	-0.4446414599437954	-1.9821394428917518	-0.09478583848449655	-0.49056216895837845	0.13554513979336608	0.17300950110498572	0.9908598458179247	-0.8285893096456871	1.659531707469902	-0.8441710676653991	0.19898639032226498	-0.2583846820140819	2.30962827196896	2.457844889921808	-2.0977257695115235	2.0272073829031476	0.6116762277564286	0.9471579779959906	-2.0999135975180128	-0.10979003485236469	-1.3953923363289142	-0.8120776698891249	3.2215669502743056	-0.011060370996083847	1.0552863342006107	-0.4361343274744748	0.03966596993718473	-1.0399898337315217	-0.7270134242454088	0.21549646445447665	0.1649359702172621	-0.5483681828207321	1.0462787747352182	0.8219123350954544	-0.5954611536860583	1.1296902401672955	-0.08734567195921392	0.24292374913560857	1.4038420547018946	0.46725834945490635	-0.8098715277745997	-0.12665703774526677	-0.5218658234226458	0.5847463584685008	0.08530378098312844	-0.05378709943544111	-0.1995425271127752	0.2524620696389268	-0.3724474367020814	-0.4822101887094068	0.48733585620983816	0.14653632111639997	-0.3017517130872005	0.10354995147062661	-0.6713656758212404	0.1675788166423006	-0.4559433185279215	-0.27244413402856543	-0.6787502404837453	0.43908613204551383	0.11230224764348257	-0.6055681817138157	0.1653668539001872	0.27094875314521166	0.008962376737327341	0.3979150337014026	0.0912074207153204	0.12280423820428525	0.6476913703773083	0.1885344583969976	-0.005212791713185774	0.7808967879439	0.12958611459952687	0.0848945072188313	-0.08031132231837218	-0.1309875235351898	-0.11274793614804095	-0.11497808101981374	0.06264839201531323	-0.2373469149900702	0.10550133082042128	-0.07582372741592289	-0.05079486305766843	-0.05169524303937249	0.021843980799612722
DTXSID2045868	2.034302017847298	3.112637889123184	-0.45538513597918734	-2.266210517393529	-0.3259111607199472	2.668583531452369	2.987438653513753	-0.19842177688004625	-1.41369459382689	0.8557919460657298	-1.0091505946880848	-1.4913305416065725	1.212989051562177	0.7951175409897698	-0.8808755971185344	3.068003890613302	-2.018916163472646	-1.610005626158911	-1.2735203558571102	-0.7724699624644009	-4.205689761841029	0.2684251663916874	-1.1136130480904265	2.171790760580613	0.39713953301384	0.7297232624279361	-0.21554415428404836	1.3076525670550394	-2.128248277181687	-1.9218273716274206	1.3409507742514322	3.439545294034447	-0.019721974668332524	-0.16427161627163853	-2.349550349981428	1.5241769845086963	0.8202829039686464	0.2313825452325705	-0.6415574842946059	1.5142865826054663	-0.4819285776030886	-0.4251278209924192	-0.7398594012994134	0.9854927387484856	1.2255488137131327	0.9413424313297231	2.041432662785853	-1.4651208096839208	-1.468701265324628	-1.9242370817760621	-0.8892949149230753	1.816647835381926	0.5994542641945363	0.7256377085544389	-0.6625853342281677	-0.7120514557053882	0.34778663675447186	-0.7025790069675268	-0.7182280066736508	0.6884628777551879	-0.37233930412569227	1.8537980622801211	1.4413454713507632	0.9912160491750304	0.9899925585515198	0.0938901911909657	-0.5710439602411392	-0.18737142265266812	-0.08712806142840945	-0.16699829999550436	-0.1565454944142927	0.15616127915813208	0.14866419964849217	0.564884507902009	0.7138708644494048	1.0340139720451764	0.03442399657530822	-1.0692384159365043	1.3755981963658344	-0.4065965634564114	-0.03142111363856013	0.014134996105711289	0.9097549418453856	-0.6448071174133317	-1.4295259063718588	0.18575949407641998	0.03618455210907476	0.7223428007914288	-0.23304110784329818	0.3464089360551353	-0.26706236880570544	-1.2040232151201018	-0.020254502445384577	-0.503128827994823	-0.07824398532779532	-0.3356202298597073	-0.5416106042513027	-0.06350326238564005	-0.3351138026339578	-0.10957761210391032
DTXSID7044267	14.571994139232933	-5.468561013858263	-1.7630611656137518	2.3992733532458477	3.8319060785463357	1.9560821649975522	0.5537271962783508	-0.6489548233847153	1.5387997617399087	-3.0134871264892045	2.7274735268353574	-2.2838380309015185	0.17108527851409872	4.882632428241072	-0.29791607673444664	-1.3134506600305558	0.8420848356681915	-1.1955642191217795	0.9297440021232634	0.05697479052981385	0.10050831223214374	-0.9948621980358114	1.6742694570474583	-1.6597038848831906	0.8063539198493604	1.0231597898306972	-0.5350569049177024	-0.42841793745656415	-0.2999656391432084	-1.640616202071598	1.491178541011833	0.03389405285898721	0.17268048042151182	-0.36656581167195507	-0.2819624976859937	0.731611049869358	-0.05371793967096242	0.43207840817079207	-0.6014736143231669	0.02726373145404576	0.13236687935271754	0.7369078755320192	-0.13623246205827427	0.4716951140905536	-0.36691736823778226	-0.044352305403220875	0.5913262957876779	-2.1190561483791033	-0.001918752416629186	0.32991124567115576	-0.7196348847829236	0.514674108327188	-1.9428919148789863	-0.4496711552480864	-0.26942985421160054	0.2626778565210208	-0.3224248061038133	0.2897055068396112	0.9940923623503315	-0.6047958649951614	-0.16444267125381756	0.38304782980301316	-0.36953861447556635	1.6801275969711387	-1.2733685339197236	-0.6313185766158379	0.04738339683877587	-0.20836035349531207	0.38292041082371314	-0.4230564650863151	-0.21835316118055245	0.76916564707803	-0.7954466349511771	-0.22274103033665088	-1.0508206821554271	-0.22523048635961285	0.9829345400642453	0.5727981814511564	-1.8816481908669702	-1.0530071877962528	1.0275055780704394	-0.11051434822806075	-0.15222502556974474	-1.0632911777549523	0.3220775806771283	0.00753848765175019	-0.13167278990899903	-0.5306463705578581	0.8735178638592539	-0.8680286973193978	0.38280789295416995	-0.19799842396722428	-0.5880510454851464	1.0299383671220852	0.0011570894487312102	-1.2028104393299677	1.2903303058546893	1.5137529224459805	0.3204177037148176	-0.2092218560174095
DTXSID0020284	-3.471066868036527	-3.5492449035301488	-1.835628097654514	3.3208319628088545	-0.29553731301431974	1.7428479356154039	-3.9673906583552134	4.789137839687604	0.14743640375528647	0.9303621475562491	-0.722449949691992	2.0217927957368174	-1.4483029845791369	2.14040737861325	-1.719392418860643	1.1428316533359373	-1.8654192385491752	0.7611784924877246	1.0547242297445816	0.6746495940406976	-0.504385573070382	1.4056661146953329	-0.011627428393161105	-0.06588691775923769	0.2073423813751167	-0.7669590086125228	0.04593855971652359	0.23513893481659034	0.12446972496233812	1.0195284456500109	-0.573964442647765	-0.46499709032162306	0.9345427201173321	-0.04920357772700011	-0.25099926143443885	-0.3609170991161685	0.5349197675018906	0.2936411125042929	0.5098121617298705	0.4180588947108129	-0.6061436853476888	-0.7146413207167002	0.5674577054243006	-0.46895680416383223	-0.4109961655380391	-0.41165303994549557	-0.4803615617530817	0.9548397979627703	1.1375778259438687	-0.3979477776587757	-1.2622305071521007	-0.3099397833239866	1.8836130047496007	-0.540556036232266	-0.7118458253541499	-0.17487334958160272	-0.09782084263024264	0.1657340008999875	-0.3028292757978414	-0.10191750668275522	0.16749928550782436	0.37688495283021	0.05631560583573685	-0.8741566683961037	-0.47824066519980535	-0.9257561469478078	0.5974460067861247	0.9761435697427872	-0.15578136328414666	1.3726605710100557	-0.37171183784546163	0.2637651775428199	-0.4237372950178821	0.7972100927281288	-0.6607819291803995	-0.06246692367517811	-0.5323664084924119	0.19540667404510145	-0.05449042707526711	0.28999543072685163	0.7411536861668967	-0.7557349589195164	-1.573571515742425	0.493226551210499	0.13972024965039723	0.4873961010595043	-0.7539268375457294	-0.17526537486241436	0.8740867196301852	0.24468884183742887	-0.30627760277686017	-0.6048935323043358	0.30116088577432415	-0.3308621185026166	0.565933637105532	-0.6759686691544532	-1.0379710448070991	0.26835657543042	-0.8555936393468447	-0.22539100011531873
DTXSID1044728	9.803658681221176	-4.360199586714859	-10.84407557428755	0.9251169005716359	6.618149012830291	-0.6520818118687478	-2.0910870178485697	-3.6053692221549714	1.152576609024816	-0.5824264720396246	1.0099707291033981	5.397313234094102	0.20863640076723466	1.3297944181216959	2.567628277115688	0.8016995286827877	-0.15801278811020766	1.1535276968128156	-2.9012058560024196	3.291420515904304	0.1179728021652142	0.48740148191778004	-2.7294281168839905	-4.037820135732299	2.2578291265952894	-0.7190563759146575	0.02761539700693496	6.543720557328715	-5.766080637219817	-6.810943480635399	5.422445197050889	-0.11476798274493293	5.805921737354251	-3.474405540719971	1.9076353570885975	-1.8966853174515577	13.908027758218239	15.88233078458334	18.555135865266777	18.7865213375924	30.246932386381715	-10.603132925630888	49.63964299065898	6.35807156550234	-6.84073171311391	21.00829091364482	-3.457865743110934	-4.553902257300972	-6.832544606561476	12.063925813673162	1.431828531658609	7.631435831049585	-3.066702939921933	-2.044234257781593	-0.3273070467918709	1.1504335818577132	-2.8331934095451237	4.542802796022678	0.5649767360456297	-2.04524542465412	-0.5836513034982748	-5.191883217552371	-1.418413714372171	-2.536562443505536	-1.7500557063602953	1.9798396535942935	4.387428888849365	-3.1873537653436244	-0.14729938214694702	-0.08767131167424998	-0.5721471878369568	1.4777156947648433	-0.6198755814713943	1.4736072528139217	-1.012000802339324	-0.2133004748740378	-1.2650689559134232	-0.8017080686743003	1.8197773828724113	-0.9180432958916481	-0.984641745703363	-0.776573121862835	-2.0994780874867	-0.4695196090308659	-0.8220883767151881	0.5923908836192718	-1.5106509381868325	-0.3276533113118267	0.8253885551356348	0.7413989334745702	-0.8947367733785109	-0.25305253281071965	1.4180002832845215	1.5103761583000417	0.6496370885666993	-1.8902798074790503	0.3410895941560932	-0.2678178008322711	1.8402241519999636	-0.28249596502131347
DTXSID1049019	4.74016143082942	3.6629021779801936	1.7858696680153159	3.2890628388276637	-2.354939561368865	-0.7793131304561374	4.367328342035818	2.6477592515242185	-2.8226833560707254	2.196358011657327	1.197109150818973	-0.8831466670019116	-1.1621639482545543	-0.3117202418656964	0.26599251775244503	1.693649828467251	-2.3146384211265847	-2.150651124660969	2.4952198695411725	1.6453971283648052	-4.386307663881988	3.198372047457445	1.8333631307776495	0.46742675189118854	-1.3671507908093703	2.5371085622364347	0.11603893851789063	0.8154013176294459	-1.4048612644541076	-1.2758790050457014	-2.05370576031282	-0.743935987463096	1.9644930432452317	-0.5348278509469288	-3.561501778156765	0.8202898650007575	0.8988964619431077	-0.30402953321707243	0.45002333986733506	-3.264977806663977	1.5696768739458313	3.721959388998352	0.33484785337027817	1.0152922551675212	-3.3905941005967417	0.5580566492882573	-0.01636708265741078	0.7691812063034915	-0.9329879960677365	-1.9798801218728064	1.3647054224007502	-2.1059631046731604	0.735198165118245	1.0802452934915172	-1.713405603692471	-0.3885078601134415	-1.143264899248909	1.1527324644901902	-0.7685221125312419	0.12336548105980061	-0.17363000515575686	-0.038463421293869954	2.0630754815553325	1.720027774096398	2.2538159596552925	-0.4991206369798639	1.3618012002467201	-1.7340369177498687	0.6265759255567666	-0.732573101021023	1.8662194308874465	-1.4805174114723674	0.25656765921505653	0.44505504595344175	-0.4432822205406056	1.1081108997746627	0.17159244159681805	-1.83121715359046	-1.1403417199817725	0.6580799487400493	-0.8861419558934435	0.5882304152239736	0.6623895335351935	0.9140887977974442	0.7177034163763796	-1.131764588616013	-1.1848923591161014	0.28808394483646843	-0.8770155730474984	1.7659643100753837	0.47796936813938473	1.7613772942911528	-0.25969816548650665	1.7206724983092447	0.4656854304149768	-1.853448990757479	0.14331623114880976	0.33877916823339643	-0.4493075958212042	0.209319871165893
DTXSID2024030	-10.220922926288878	1.4682742080978697	-2.103236570700474	-0.1320433443933379	-0.0689739035388146	-0.5173890863508259	-0.8645294746900293	-0.9135742447357124	-1.7415768781489454	1.9995860569657973	-1.286173453415869	0.556837158678725	1.0154400967084254	0.6297633517594136	-0.4513110718020233	0.08272693135339812	-0.14302374842491902	0.18397871587037948	0.314414802652469	0.745692107434019	-0.014751834722740057	-0.05364292279295946	-0.11850382316316865	-0.49696171138618433	-0.05140323445535253	-0.0129609130064895	-0.06582581248034494	-0.29268417480064757	-0.2709006813880344	-0.506478557592118	0.8015867781889948	0.5393250954434136	-0.3045492491381364	0.5475864728482833	0.015375475555989872	0.3321727347747865	-0.3045917050652286	0.19220011378063417	-0.04120383065850821	0.2173129696118861	0.17554171981218714	0.8116701802560128	-0.20721159926854768	-0.3659057386674394	0.31203448081894597	-0.18446459708061438	-0.49543691385195693	0.34221590471458774	-0.030475781336587994	-0.5266595496169346	0.25226678474710595	0.1750046322100793	-0.1900490009898126	0.29530664551901614	0.3513113053385996	-0.5337509231824713	0.08231834723762388	0.17354646438261706	-0.9065394977265169	0.194337741651768	0.5365035272061465	-0.7401401719081528	-0.5086638110139629	-0.2322346579781698	0.9484578715595711	-0.6114556889154418	0.14479339787806395	0.1958592494114769	0.48398594603299677	0.4167147968778603	-0.3671136554506874	0.031072674238005926	0.4521975285587249	0.15136746075976154	-0.6042097503144961	0.04646898164955702	-0.136513374001781	-0.11966829568276072	0.32796361276262004	-0.26480662540644045	-0.5451087761911161	0.08575580621421358	-0.11019587917383351	-0.29310016898385316	0.271730420766509	-0.1969626873718963	0.5175534151660373	0.16642411985569097	0.5306097316207276	0.5266166047646627	-0.38029064264888535	-0.19638794771517712	0.03451804893869696	-0.028585635270615174	-0.03324280923538326	-0.2693491567068662	0.7565395200901152	0.21320818835031402	0.7554546931007876	0.2843064860888149
DTXSID2045365	14.518730884332653	8.875641721429021	-1.795444065744846	8.339248860361451	-4.706131132102814	-3.7853183662061882	-8.311496912900564	-1.649413304788109	0.2701173264439933	-1.5106245695366196	-2.5936685012540486	3.4127800457203534	7.0288966272852464	-2.775093845408939	-5.3385343281684445	2.8591380752998368	1.447853872765061	-2.551324819313351	0.29992285839217203	-2.061672083341621	-2.7829964818350175	1.7563016770901503	0.5444948804111853	1.5613767752502334	1.5701471227628714	5.083398676537587	-0.30047193156539415	1.2758304013551307	1.0263060296058488	2.2224606095057715	0.7831236160530908	0.13115934952828234	-4.0678699558021485	-1.893870122021112	2.66632576144492	6.807332217953732	-2.464976078503675	-1.6060782352581786	1.3370545341299471	-2.949616101040953	-0.46703288453151176	-0.7576297844533617	2.3893685841109775	-0.48615072356016864	4.697413799927201	1.2100263437978305	-0.18991484906683645	-3.816495345196349	4.692134838879796	1.2517463201834436	5.83813746802847	-1.886075662467272	0.10412584485129563	-0.3258191547306735	0.8216332174950861	4.2300937366314	-3.2378103867007546	3.540607548378929	-1.4016096907482134	-4.285338156259368	0.26317181312933047	-0.9114920348792611	2.5016712089086157	-1.9322803080795672	1.1715860524734554	-0.9433401501677388	-0.8993782340763412	1.3566739792116722	1.6794471139073381	-3.276759016090414	0.4216797196700096	-1.1489506606238653	-0.5245737380482928	1.8723551893435477	3.174730678173712	4.5295779260680105	-4.742279640449057	4.570734110122666	0.7853476564388616	-2.0181017336549605	3.706647137452836	5.27411044240697	0.7611128423761521	1.4265420294396367	-0.21596072794583554	-0.09597290118285243	4.56800381967695	0.8334699773281176	1.7011034461646337	-0.17486739156365472	-1.233305155560914	0.10072972033835631	1.239774357655013	-1.2225404212698365	-0.22401376937325412	-1.498150315755972	0.5763004356001851	0.961182731471483	-1.2308968320070985	-0.28517707157827205
DTXSID7029110	-4.527551572868127	4.802827595298093	-1.4866463908170982	-0.33307584564162174	1.6490331285257858	-0.2615009562520312	0.7536115025031264	-0.6331825337207241	0.19985146282374705	-1.1572504017676364	-0.3966852847125024	1.2787501826020826	-0.5009009539237698	0.13102005407414952	0.2855171147338886	-0.2603289300835501	-0.3006220245375163	0.832453944360188	0.19046918579410163	-0.530211514834205	-0.6901700191379332	0.3807309239820026	-0.7032566603146777	0.8432793218736631	-1.0083559856405822	0.3710163155359068	-0.24196788632012667	-0.8295267220526353	-0.4797678004135908	0.12696658281457376	0.3412428826544517	0.05016219512913891	-0.311895873097214	-0.5294654508940464	0.6957119940980436	0.24510034277381146	0.4013151642172166	0.7317364455793648	-0.09766833611090238	-0.6376600650034262	-0.02779881162038813	-0.994500045278947	-0.2388645525453601	-0.11395561191129522	0.4808028905326359	-0.2343591880028861	-0.09017014600444362	0.5827969370392283	0.4378550272771863	-0.29607286076775585	-0.1433049905843786	-0.6626483875519766	0.135229276929781	-0.3804642936913606	-0.6562604271660382	-0.5542842786477299	0.14288194387932437	-0.8904657407947882	-0.19056550620461293	-0.7059958984554828	-0.7195606783479286	-0.3543043256359853	-0.10428040206162797	0.5819207875102231	0.3909905279646581	0.2853641545974367	-0.1722393319866619	-0.015788926393411937	0.6475227614123091	0.28561262420025546	0.15635996072488653	-0.7931526797769947	0.460093090749266	0.1337584279725856	0.28621343898480894	-0.14920962379963162	0.18007449946423382	-0.5010788520469674	-0.07301715507364526	0.391413410038352	0.38314615278170044	-0.4036489232741171	0.5161756330218069	-0.33029278608207796	0.2756118397933248	-0.1851169702240741	0.29421988536073823	-0.2119913751509911	-0.7545207151941958	-0.05927539675321703	-0.5658724861498351	-0.09108677341559375	0.03506845834879824	0.17938305671452584	-0.38955030246080563	0.2316287340768005	0.3953315416076147	-0.5546121675653485	-0.530482621775582	-0.21816738076918796
DTXSID3020598	-6.513942381948328	1.8711712887482048	-4.303536005972784	1.690204410388269	-0.9075002757249934	-0.6951059490083881	1.2233583173078	-0.5072682316351689	-0.16615408846689614	0.18087296749131365	-0.177949579559802	1.286700789059753	0.2089378819544817	-1.0194095111823749	-1.4180295443262134	0.1277525454804176	-2.709273477047898	-2.4881862029276482	0.7449730035818506	2.3378197957317086	-1.6628219003073583	0.8481919249979609	1.6495156902912462	-1.543521741896296	0.16575722420989009	0.23549467365563917	-0.26129168294979627	-0.6003481713579584	0.3153930117682933	-0.9105761905251282	0.713298284629192	0.6565288626910935	-0.7722990148898047	0.6006482380512034	-0.0219059167159004	-0.36094704519157106	0.7006471277766485	0.9116699831444043	-0.16095677683053647	0.09993660279040226	-0.13105760919756138	0.19150674551273053	0.3964122235324308	-0.8942197604207619	0.38109754064515655	-0.07196968305432203	-1.0934868452486426	0.6718733955091687	0.1987388219327958	-0.34385593585642515	-0.7189167389894043	-0.1444362392363016	-0.04352021339810055	-1.0646742478459803	0.16044138174344713	-0.09081692582686167	0.01202038531472938	-0.36891470047921804	-0.8950482006861872	0.478497864960296	-0.1691140008191336	0.22637811457579937	-0.05230331072820183	-0.4681573686176946	0.5462172446571725	0.1560161239698282	0.6265061240103043	-0.07910120536731288	0.04869107722947829	-0.1693584804868642	0.14796817202223747	0.8250487256988849	-0.2510612554137904	-0.08615384646100317	-0.8304386484488512	0.10659286159948209	0.10488878372798696	-0.1899493402284557	-0.3551718549096675	1.1400954824901277	0.45420949415484557	1.0703667708491624	-0.22120928951636212	-0.5501460930212767	0.6561979022540277	-0.30801091713985046	-1.011714634156729	0.27948634645385073	0.1397653714938078	0.18844287761921807	0.6453689120723166	-0.16899999508888633	0.035888499168978114	-0.4119691995528448	0.9812034375795703	0.9958784253471321	-1.813649142459418	0.4221137107280438	-0.5594707183180465	0.5681369836484753
DTXSID2026606	-1.6369649579504015	-1.8621615276091017	3.2247858284758064	-0.06128898090777761	0.23294281269491018	2.9371654501673365	-1.4747591741440766	1.9186853372024997	-0.40741451345320456	-0.9140819287463695	0.11340443627113402	0.7947441273827168	0.6731219721988335	-1.1384111178253455	2.1885161627680745	0.7231694874383564	-2.5076105213809945	2.7502824215153288	-0.9337843597450063	-2.0511964189673986	0.38775971394760284	-0.8411072580680348	0.0984671292465481	-1.1977122919122272	-1.4393128453551727	1.6738984568158812	-1.0999874289544203	0.5000697575855669	-0.325543393527295	-0.6792441508668267	-1.6039708801041745	0.2526883503112546	-1.8798325907780535	0.1531589357409117	-0.8888588082404532	1.1688674348748143	-0.6838427405345425	1.6735010633451466	-0.9418700390055671	-0.04913977939075296	0.33546324718239645	0.7107744395861658	-0.5273970961586097	-0.7865809886404237	0.7834238707495317	1.1280748029463084	0.36606726059643785	0.14466149770260814	0.683465708666748	0.9498139545280347	-0.16633366565895447	0.344435573415588	-1.3423701967435109	1.681892053730278	-0.1831275511742712	-0.5724478498998273	-0.04782406509945505	-0.8592129455070056	1.7203425205987866	0.19166652992491118	-0.8009224553360543	-1.0685469928433522	1.1523375717321704	-0.1473659691643081	1.3566557283423004	-1.5674767130968688	0.9246539342184181	-0.5757494439560155	0.4235256681748237	1.7023929135077813	2.033668599022241	0.9414429101980709	-0.36080670915537516	0.3810548483255748	0.4671291218030827	0.9363762057756801	0.20496738492091346	-0.3000915199788769	-0.09907742535339907	1.3951817887913238	0.7610025319223704	0.15311223415957542	-0.6303092903324002	0.4504089688429489	-0.3505207805854763	-1.083899586369422	-0.4313505892349337	1.0173984089193955	1.3403610270398445	-0.5602334818414394	0.16440831651041027	-0.29276514874808096	-0.3555221270866881	-0.5637041670716995	0.317926983515084	-0.07071902279994363	0.543361365443022	-0.46638938890379467	-0.27804703761434896	1.5264483244236942
DTXSID2047359	4.2060252717314315	1.271882253888765	-1.5494362674428686	-1.6749221897775173	-3.0203233675933165	3.1744762734307796	7.81332663555871	1.8013037444404414	-3.788941049253385	3.360694579585935	-0.1158857190056639	-1.349386995064774	0.26074735128753834	-0.07279224210122194	-0.21993089588916906	2.8753087137981748	-3.5146655224097425	-4.401587477216965	2.8873778299572006	1.867699666594655	-3.8866995090461254	1.7044041208846976	1.4620391434559468	0.30006521904439354	-0.2273890225567456	1.1728252893957485	-0.11246287297672464	0.6828153572572069	-1.1913141624384347	-0.7779735004861074	0.727216652461258	0.3935421642237335	-0.9005805772855777	0.7369934254870432	-0.8999710432363953	0.2584868923194236	0.8912158653480078	0.46428392122100887	-0.687380862142951	0.2624142812410631	-0.10416798192214101	1.7542377896308148	-0.07758254080228964	-0.3982989442589753	0.32237510442663386	0.7363940266258134	-0.7284760907349479	-0.257837064179421	-0.8598069899333474	-1.0394253438503807	-0.9849676581893001	0.022442191895372755	-0.27945997534132605	-0.8248579126483968	-0.048123742383652364	0.526214692937422	-0.6831834610304633	-0.6280540186463837	-0.6533459442154189	0.0235390994580206	0.8707257067024827	0.175748308374968	0.06915500089716176	0.8315137787918936	2.0634470278840205	-0.5022806589709121	0.3670420685594489	-3.1409604476077924	-0.2244489347510733	-3.9634860580784097	0.48935608200252806	1.2443266629897796	0.06767917681486413	-0.8247493334231271	-0.3304603531722052	-0.590539487230432	-1.3965956343335897	-0.050020200308615995	1.6473136224951677	2.5937279064007748	-0.0845213887326429	2.186315899629063	-0.592198138125579	0.1467742028692918	-0.40241625807901227	-1.1800340229284738	-0.6781177687998164	-0.5319958794985614	-1.6143740903217072	1.215915266690384	0.8657999601088805	2.149231529310505	-0.2348172197981511	0.7233348888504776	0.11318353008739328	-2.160432493274052	-0.3942294888072957	0.6010372627095746	-0.44566367571027404	-1.3916935185156418
DTXSID3025047	-4.306969285918286	1.2663409886557497	-3.9157317205916145	-0.13621637044937257	4.255075546058197	0.7267321120846385	0.820775956529638	0.25546565134161997	0.9598033569272548	0.8489861750562383	1.9752978902864187	1.91310013160741	-0.3823515289887242	0.3017301083870216	-0.7230250198121263	-0.1532231424849418	0.4301074904362038	-1.246359529898318	-0.7060421835189171	-0.06597778419040988	-0.9626449783338491	0.10322364468391701	1.2017736364522722	-0.5638109197732689	-0.0641859060081746	0.4765475425681609	0.5743169151158573	-0.12512241650243577	-0.6475877434201304	-0.04774921070123592	1.6086322529931445	0.135719093438352	-0.17201694562871153	2.30962388540035	0.17204346410372973	0.032498682064303085	0.3305582075719189	1.0390444539042973	-0.6396460306994064	-0.4951907482996469	0.551439743355212	0.4808262884291075	-0.060155134595715164	-1.4889621893209652	1.268771525277806	0.13626512271324098	-1.55454758328256	0.6625668485398574	0.0246805500740613	-0.7773527624844186	-0.16942076273091833	-0.8946715873992858	-0.7450230065181376	-1.6532071555972003	-0.7153620756304957	0.2999304414297673	0.4626920954174328	0.057492799567476126	0.21369127888774905	-0.3042587699472423	0.4175964610677791	-0.5490612316972068	0.037611444888898164	-0.7335229472960674	1.1432533123738176	0.31473182414948986	1.7528653766760434	0.39474603195949504	-0.7462454603099352	0.8121715807061466	-1.0030426618472927	0.29963964753546735	-0.13957268439503032	-0.09940389996504849	1.010398964002217	0.47641191055337345	-0.05480925845031559	0.3698320668617794	0.6657423936819072	-0.8869613338452352	-1.1152285325288915	0.19787816281113602	0.07864599410317051	-0.44945001943594803	0.012498465337532743	-0.6643936534279004	-0.13843113877626906	0.4123376739934246	-0.47429421630443863	-0.35016566671287697	-1.3676342499289111	0.41730684994587186	-0.6866882856517582	-0.2614186303536702	-0.4298132902588382	-0.22913461735541343	-0.6103467551272783	-1.0827301019846034	0.08549867000070105	1.380758434921147
DTXSID7024952	-6.251986237182547	3.6821671097781126	-2.2435650159983327	-0.35258905711068195	3.7966922356364594	0.5474551651651004	0.823088137351303	0.002917376532298299	-0.6974442653288728	-0.9660647758814774	-1.1859323128671844	1.261954543795741	-0.18830694462610909	-1.1569869243282316	0.11882848757562149	0.3301095985439292	0.28900523764231056	0.49739745416839903	0.19963650378020167	0.19110057132535793	-0.09439551441592045	-0.49114333143643135	-0.06383388776242671	-0.5352336198560461	-0.4979194157253011	0.3629000560528522	-0.3278044424337361	0.1706038376302653	-0.33497181279964766	-0.051141292955952544	0.33362469605869416	-0.251036734618185	-0.09844010669606029	0.14567392028763965	0.22427059215066983	0.3883941926762793	0.07498923888608003	-0.24085442134230256	0.16836315556901607	-0.2284338775800408	0.34226632635141074	0.0015368547996451312	-0.41971881785834453	0.006173972269222471	0.38427848011520893	-0.5497300972236444	0.1043191913157292	0.17571998205288522	-0.15273306886362914	-0.03711131069754352	-0.03344122129885445	0.07879084992308868	-0.1969411387330796	-0.07995866843691385	-0.13640918067774857	-0.19846540414372366	-0.2408382105510143	-0.09580668184558615	-0.4764570469113914	-0.20071417117247203	-0.521773604809997	0.5568515398215094	-0.24615813647126314	-0.02885925185883397	0.5754646203732301	-0.5809007617792331	0.5923650843371018	0.464564923096617	-0.041078624796024546	0.48327756195266053	-0.03887312067069325	0.4769386730669551	-0.3132374153020204	-0.07689725209587349	0.6910870244706656	0.1233009100072955	-0.0999597452903771	-0.2982740443931643	-0.24557039949905277	-0.056939979093570056	0.3680977865688144	0.30081481138337934	0.36825204712617027	0.03774593943232428	-0.5147713001788038	-0.21933723850403183	-0.09066428954670759	0.3739049220895445	-0.3830338568372875	-0.16740842748181484	0.009523460374728544	-0.16461452851430775	-0.3841789524818766	0.21261872507433335	-0.9096878659060422	-0.14729603890709647	0.09467748152236082	-0.30919406005018074	0.01886473659352876	0.30253025545387635
DTXSID8020624	2.2597355094025815	-3.972934972625881	-8.652452866017668	-1.794996057887432	10.224042083834854	-1.3915164889263703	-2.359674927151595	6.124089956969335	-4.58978416119242	2.954843580198999	2.2545807264275974	-3.4852845360923213	5.196812826884957	-1.9680429545256548	5.347598588180824	-0.3259933612724425	0.9603325452559477	-0.6493015140669043	-3.598664107549829	2.699742125696153	-1.0820641643772528	1.8092918643533948	-1.5671202290170694	1.1917112174587772	-0.32905701947936533	-1.1548597273965329	0.47085177204899814	-0.7055996915003473	-1.0775094542266301	0.153341141523625	0.9394091868720204	-0.7904662185037976	-1.8737597393609147	3.841882305326628	-0.7834485339388165	-0.608380732192128	-1.265277324890384	0.91124818253018	-1.9960142517449848	1.4286169965995528	0.01911239166917285	1.049450481325524	-0.6375498814476216	-1.057580694084123	0.7148916728949893	2.6841911223272836	-1.9195760446249759	0.08087965949209892	-2.314319918346581	-0.8093451884100816	2.9232597821227913	0.16685609580602653	0.4815264944721258	-0.23240326407308007	3.3881299405542147	-1.0064168253862418	-1.4658539597281914	2.3488075087875635	0.9612153818400645	1.8458141524955776	-2.2856151521107915	-2.137153288323572	0.2770935991498472	1.6515368855823627	-1.2973336241845508	2.3382303287364947	-1.053378733433249	0.5977758003192397	-0.37859088891513165	-2.788693192782644	-1.3877547113222568	-1.6446331236686054	1.3160285064191704	-1.127586077212047	0.69538674926252	-1.3675645136225447	0.8390997479824442	2.2614009061038303	-0.6511696637419094	-0.32852791485966876	-0.4346921768661389	0.9157361218900009	1.406353825498309	0.16697099250571715	-0.6097454958826557	0.08609800136761779	1.2915364760979233	-1.137559362822675	-0.33410479389279524	-0.7665915941603731	-1.3326564870588697	0.7028945597112701	-0.014621565947704175	-0.9235867305480733	0.7016786779609626	-0.5281056922573212	-0.5075086858259276	0.4275722812409539	-0.03426921681474548	-0.9267482436524406
DTXSID0046199	2.1806021888193126	0.7370327973195161	-6.3675271957171935	3.89703869017579	-2.1059465180855654	1.4538876603490336	4.6178116375928715	0.6479183982572646	-2.813969392119445	-3.5111632872319998	-0.7204843018821598	-4.240548066743317	0.541012183598373	4.239975879718619	-1.3052371211436216	0.1603338995673611	-3.0324723706484007	-2.955248132969015	2.1028880764515527	0.28784817297695614	-0.6745403639439841	-0.8484094467186207	1.0650898030634275	-2.1242344380018103	0.02922494129347904	0.8292024057135697	-1.4864348309138053	-0.41912832741213324	0.5368498687696572	-0.5916824346197663	1.7665020522414066	-2.137816740190447	-1.7186997291345916	0.06286720076147172	-1.6178812205066213	0.053586034577911466	1.7294741122297557	0.11618025175076158	0.9444666606386113	0.07741730535919882	-0.5238179560916395	1.4794013321344488	0.04644350687000428	-0.8270120823622096	-0.6334187670766015	-1.6936478482268766	0.07825874392697085	-1.7569658414927414	0.5504884743603988	0.45366665335744466	-1.640403202994553	0.6389510765525765	-1.2400335013731596	0.43470531434029636	-1.2181733897207188	1.1146796070055984	-0.053489672505143325	0.5942852297849769	-0.8434609716207022	1.2027879961723882	-0.43166156131399547	-0.4131336468165816	-0.07447149594792644	-0.9312874075082407	-0.6718842265243102	1.959410780334249	0.23466497732505792	-1.3129863978577783	-0.5456708412834681	-2.336980518350808	1.1849809186208555	1.308769375525664	-1.7095050607053108	-0.8105161010487759	-0.9205176182618028	-1.3216299865593735	-1.3460742101809977	1.9289970922853015	-0.3660820759223855	0.3010968279663336	-0.23947306912424435	0.07043485665455068	-1.0871382606466027	-1.5552361804974713	0.3440498094201696	-0.2853735619327786	-0.2410953867922438	-0.4675232113620295	0.15647232499247696	-0.3898147678174008	1.8856064125320382	0.8167015890165226	0.8154573504486529	0.5709451674423828	0.2912822707296983	0.6996243860109598	-0.22831694133834562	0.6120465638083225	0.8597153829612076	-0.34276213550424456
DTXSID4021424	-6.932996254874087	-0.23137464490638904	-3.554132378170056	1.5990629906464628	-4.479033543969489	-3.7486770293026006	1.5246441909476216	2.724097136268075	-0.5199138722483267	-5.050648655713294	-2.9716614960874024	1.0740599916547051	1.410600818777768	-1.217815199828522	6.702555126454801	-1.024917107762455	0.2909017981948666	8.805412478202427	5.380542783193122	0.5311560933709586	-12.256364266223013	-12.969481535493207	13.34545473612776	7.868837857383668	11.24747921127645	-2.5240772634141746	-1.6302650440167028	1.331567269678089	0.4058298005590552	1.4283023367428218	-0.0024700988318666277	0.17115732331675548	0.45148886849986947	0.10390566949027583	0.27266644659431255	-1.6706077186490322	-1.166047702939091	1.1608603781311426	1.0467020605163166	0.36633619042015153	1.7223460284170549	2.2164240922953886	-0.5621320411042708	-0.06374836746463793	-0.26879378491409395	-1.2921838853142316	-1.1220578195306488	2.6279224475936607	1.3544581910107625	0.5311270951318531	0.10300257143235181	1.5509324576403811	-1.247489526731634	-0.17801568572807863	0.9512290554181189	-0.9083104609101899	0.8910561571720153	0.8712744999409998	-1.5132672634103963	-0.20902214168520583	1.5475152784337094	-0.65107404856871	-0.04753592866833512	-0.5212839335694305	0.11394620734431554	-0.5797108720802848	0.6524098650313204	-0.06598312511012401	-0.2943223763636096	0.74806878305259	0.6028625452043774	0.3218470602594688	0.05945912287360212	1.1094034173886078	1.4607161152255834	-0.277060650217193	1.0818421197434251	0.5338500547950465	-0.48967423055567566	0.013627950915158666	-1.0677324297560482	-0.37993923671524477	-0.9319852513355468	0.31209338746610904	-0.4360299920325736	0.8051748294596924	0.9895182189301632	0.5123936525466719	0.4887648443678088	-0.5341962898435078	0.6351044106639154	0.03840827577777567	-0.4316495860542147	-0.15400680954988752	0.7447251413002619	-0.35506784033513583	0.1444527633582497	0.7461181254639825	0.3268145636551945	0.21896921557876772
DTXSID3048788	6.65533833843793	-5.4157789061714405	-6.434604992820464	6.20569321321774	1.7995088710169216	4.0916016926734935	0.7236886820576011	-0.8810451709948943	-2.361636149354151	-6.024415193038529	-0.8009042868520897	-4.564714414837449	2.668778435363084	3.311260674344737	-1.1080079390914075	0.1205871782363881	-1.2810180257452894	0.9698243447919074	-1.902008669900087	-1.550371894820186	2.1250820781833593	-3.3372000355126303	0.23355007309289771	-2.0815084717246446	-0.12049779681030352	-0.9468421927130094	-0.5364859810408639	1.7564444124500562	-0.3443124681558047	-0.4671212012490692	0.5344474211145894	-0.5789982268865704	-0.46265994061208215	1.1513570036533516	-0.9896839783562015	-0.2702244982531676	2.543221795992664	0.12532404816699869	1.6525145629067577	-0.294814672503601	-0.24846969487584836	1.3624347941831623	-0.4125979988567099	-0.7734806508148442	-0.25838762575150276	-2.1709142256918676	0.3357449912505154	-1.8211387028145491	2.6264060506923705	2.0005011159836874	-1.9996640421313472	0.5823570049528106	-1.426440550832861	1.0004474043163163	-2.6642248241214452	0.3257438948573954	0.25179871548298294	3.2073926994526163	-0.5513233329651208	-0.4036580986217845	0.499375824926383	-1.9065492759232103	-1.2163066265248492	0.0656831403308463	-1.9372194127467777	-0.4862810517359207	1.0438889699108358	0.46889042115069895	1.6930828013944657	-1.5182789906105156	1.3372563698924989	-0.3019556307704905	-3.330715704100437	-0.5516781471875761	0.9158364919918663	-0.7586308469023588	-1.069876821097347	-0.6724539191507712	-1.5979357778342516	-0.3938151065869991	-0.817783152186918	-1.596992470558221	-0.8132967794645193	-0.2776193776405778	1.056738246430082	-0.292991949917417	-0.17703456928036548	-1.333427733604722	1.2373829344890517	-0.6951744484093006	0.3360237532836558	0.31488172311456264	-0.39949126635980886	1.0543059568626185	-0.4447524246393258	-0.18244182177508358	-0.3050673206718449	1.0820394823089463	1.3048676090826037	0.09829212200863718
DTXSID1027219	-4.651404653164426	-1.3139015347589997	-1.8118817741899653	4.998595709335995	2.0310674949001153	-0.11505481031061492	-2.555330583727668	-1.7357558169404381	-0.4290836456193298	-2.519802200525016	0.6782689287146382	-2.0451247889177155	3.8663179904639673	1.611326021985849	0.5152726346980878	0.9049406034655264	-1.2592272887289588	-1.940236442657624	4.333840852293439	2.6884282341748356	-0.0256131519032984	1.0374048387722263	0.9064771169357598	0.36077796777212046	0.8264815468357974	-1.162642837145355	1.312196451471225	3.7430092879575882	3.4549544073375023	-2.483567508136184	1.20295833337413	0.6412927396439917	-4.235596400360536	2.3939640335491195	3.713034360708206	2.085831972315719	6.608106452112296	-1.754750967770537	-2.4750637471787855	-2.3790905813127194	-0.4905076852389802	-1.8584321126742596	0.30503964412438117	5.242839498497902	-0.8091896421180796	0.1397606916731538	0.03907714101418975	1.1093098974097806	1.8145715211133737	-1.4485221817106453	1.2527960880918372	-0.16050568570602264	-2.3344491203752593	2.9655836589140847	2.8106741639404533	-0.22726346310131573	1.23323542141617	-2.02079935088105	-1.9285719311182445	-0.7794157128983594	0.5153570559066928	1.6287495790603337	-0.05280051771937911	-1.3213925852868902	1.4336284460046107	-0.3437989560001315	0.23156780338842217	-1.2409384490827915	-2.1229858677951605	1.1660008154979646	-0.17974051336241972	-0.10928397598860262	-0.379269668922832	-0.29606427575364697	-0.8104932252172123	-0.13545398896717853	2.9928143970970695	-3.110384690633711	-0.622467343116513	1.483216008882032	-1.3416317886024505	-2.8829198019215427	-0.2525516135667728	-1.4602373526494061	0.9102034946143834	1.1693073826580886	-1.4655025805473902	-0.5452173298976651	0.12073186382287765	0.5184728842394192	0.8728988076982226	0.00619834318018439	-0.4808254665785372	-0.06959766599934195	-0.8485778102977831	1.3885643250987543	0.4793221443236942	-0.8030933591143454	1.223852946782012	0.17280389120636555
DTXSID4046315	1.5778553316238417	3.252302891325715	-1.7606879716506736	-1.940580817794256	-2.3761767592800633	1.848283384787044	5.100434149458233	5.68815662763159	-0.49889382038736385	-1.6217595070244708	-1.4619512675063207	-1.1867137676756425	-1.1685487733627766	0.405952166702827	-1.8714030529550463	2.7364783984961307	-1.6652436282808398	-3.0927158379582993	1.7290021988227515	0.926480916589045	-3.1650561597446933	1.5210599357937662	0.31914250037265657	1.2437742561796776	-0.25526247176735545	-0.5629313219044825	-0.4020744978120844	1.5496599125985069	-2.646635752716807	-0.9745200442885967	-1.0043341445032279	2.5771765188058358	1.10718700621993	-0.5151580475138106	-2.569084114651844	0.5604715457428221	0.28684639579466303	-0.7477514077961467	-0.041433597639511786	0.09157309592723173	-0.9324065054560916	-1.1259019035533167	-0.1648361100188685	1.0752608258163932	1.03409806955526	0.8333575474431444	0.8908389671188424	-1.1277174805950358	-0.10572792326783734	-0.5807242983638665	-1.054380595391282	0.704565815661001	1.622908085350249	0.10221412185224345	0.7982935382964539	0.28937881366358686	-0.7481270053638062	-0.3027175991173604	-0.43789310834561956	1.3890806693012834	0.18108180544457134	1.586597845269952	-0.05535009573700614	0.7764344101830207	-0.237379393109277	-0.4015135236577209	-1.1666617775927057	-0.20237285641386174	-0.6701600071526738	1.0426391183433705	-0.42463651302644373	0.2178438150658825	-0.1015510436216145	1.2668016965549995	0.360857810787373	-0.34746380290227474	-1.3979192418618742	-0.5427753577612168	0.8886779818416956	-0.18730895827963207	-0.8253170959597699	0.9030691734539653	0.8326533111864146	0.5127395470740649	-1.7541269497059868	2.036134670170428	-0.47190886706978086	0.7461323228734146	0.37225053490076615	-0.3933843050202565	-0.8328035038303914	-0.15234820761355322	-0.7467612796216252	-0.3500992425010252	0.03891806856589217	-0.4114786921010011	0.24483131181081277	0.05419943574848651	-0.38508624978112566	-0.17950703059840833
DTXSID7026946	-2.8135688290984846	3.204966786145473	-1.8335310756902108	-0.38479967462863157	1.4931660427529319	0.6609427834648638	0.7887438400552068	-2.1854006091986573	1.4997490788139862	-0.8893418568970081	1.0447972505587537	0.9092700284182883	0.6961586476525141	1.0394115390367025	0.4925791364657388	-0.7922725595860262	-0.9292924956162809	1.4609998896235612	0.1659832843222778	0.6994233186131139	-0.8965825676683643	0.24410004374322314	-1.1606209216729813	0.16961638622950637	-0.21490597071934397	-0.034537832459787005	0.4516488469158017	-0.3545576434795254	-0.3780007675988411	0.477580864174751	0.25260259085503983	0.7316924336079118	-0.19659355951800692	-0.681419807505609	0.29095010751229344	-0.5621325018606562	0.36115953147675994	-0.5545235798519413	0.5512995106448905	-0.3771318861859778	-0.21072812426685597	-0.7615032540747294	-0.11739488948289026	0.13408428116226512	0.47874380926510635	-0.545620271925977	0.21085855078824903	0.30878401213901435	-0.12594628878071995	0.2000821483787511	0.315346491797401	0.29481073552801096	0.00929233676411645	-0.9920582239224346	0.03677691265047111	-0.5631417793410836	-1.0121726694910544	0.06673412570495256	-0.3711860677914235	0.2980047075256815	0.09175261608516376	0.013468659627802968	-0.21552771001953636	-0.17618099959108838	0.1179800444589541	-0.42139281963110087	-0.003584337517338413	-0.3010071367266272	0.6012037826411661	0.7834808983098602	-0.18814679743114748	-0.12592989204770655	0.565542899109004	0.0643595221104071	-0.07412094245343438	-0.21537781833153957	-0.18373384724970745	0.2752434495587726	0.33220957536571044	-0.10218482283818159	0.8205521142300326	-0.11087650095588769	-0.18913936032460005	-0.259065397846695	0.113302005306789	0.6540862479811068	0.3346913755716092	-0.34827230778435087	-0.5854615637708354	-0.35135576465689256	-0.16941139749461012	0.2916750487954377	-0.4427743336670523	0.47071493690285166	-0.7248674235158237	-0.2281702483990091	0.554037921142998	0.12660272734182307	0.014163577428486828	-0.24525279775859055
DTXSID8027169	-0.19871259955715137	1.1256347476846642	-3.626512315863179	10.91813806554812	2.606397876644446	-4.442897186189724	-1.4527000700666017	1.827931190505458	-1.8776393116089876	-4.284982377333421	-4.525043025652691	1.2683266297982816	3.5192174917687544	3.8265798452515694	-3.6298521828448918	0.5491849458850865	1.429247151619703	-0.7514016994880844	0.5483955743691568	-2.770496226660205	-1.48477292134287	3.766007820822278	2.520704592099239	1.3519983728955558	-2.476164315989293	1.5992727715017556	-5.161643686659238	-2.6165296650751895	-0.939118815619675	-0.7931039537125921	1.8205705835785486	-2.2063374507353006	-0.07502401018801712	-0.630580337696896	0.8230233785084878	1.3372901702145739	-1.1974649548790701	1.6503196111732923	-0.2066417443046032	-2.8778887618782	1.8505383487057974	-0.08451601339760895	-0.6036416649010048	-1.8872007791729615	0.7881012423711173	1.870491521622533	-3.4903673726943225	1.4211191959336065	2.69962659720265	0.025603794620412727	-1.8544393200198492	-0.519046901573386	-1.4700199498193793	-1.4423260907550441	-1.7728039825495114	-2.57770833777956	-1.3767388075647327	0.3955290980202674	0.3560066110480257	2.4088525435744006	-0.5952909744076695	-1.697922262824115	0.9220949990842665	-0.8213288921620836	1.614585015360771	2.131267267870875	1.2191228424474156	-0.79364010004091	3.9620625194679944	1.7803410550797707	-0.9115352234803394	-2.602300945995659	2.4456984311433283	-0.15399306341024074	-1.9608512983812152	0.8145465702585968	0.9928497947263312	-2.028233527880324	-1.3032294710783892	-0.9919717721663747	-1.8286102927146164	-1.010774512544008	-0.11193850049709429	0.2211133470474139	-1.3592108290388718	-0.6389393013485921	-1.9877478569518983	0.4125062102472371	-0.17561564057188891	0.7823654032475804	2.0781185795706376	2.291761741946929	1.414902395869226	0.4959172374656231	-0.7590767076028448	1.4774330146866501	-0.32691546584131703	1.1203373553633755	0.5193850915960054	0.4284840050189281
DTXSID9057638	-1.6603452193312616	0.37092212228030086	-2.6235840681454667	2.002716699894836	-1.3818010384475237	-1.1114610900971704	-1.04977670005171	-0.6360667584205555	4.366476670357606	2.1157316718987627	-0.798960849002018	-2.639428704784937	0.43836047546632056	-1.8057552187634902	1.688169708381439	-2.7620479220699603	-2.0217255200827347	-2.2252519071370647	1.688455209837278	1.9596724335021407	-1.4186514408843365	1.825243487254781	0.1934372376689008	1.1321282795160879	-0.262709501119575	-0.5141067270114382	-0.21979540515509224	1.2385680926683065	0.47397372885222355	-2.2587080925867387	-2.4567292617572916	-0.42310626255756467	-2.2313719000006635	-1.2336886130676559	1.9602446985198825	0.5826487889549009	-1.0287217373261839	0.06310806460265445	-0.7886395063483728	-1.3110006646379673	-0.18876879115793155	0.08234542503128466	0.21326770207332502	-0.05829929040299836	-0.9905324010102546	0.8810933539329487	1.6493770599556938	0.523609634525035	0.18510487817345206	0.03512559662560893	-0.7180504070871525	1.5988623956886336	-0.5578659398508405	-0.5754722734619092	-0.561481608577141	0.6405310060963522	0.7854170336169026	-0.7462282499871224	-0.018596395115937796	-0.5445978618547698	1.1822913483262278	0.27800887299191357	-0.27444648665449	-0.19126606793037187	-0.9647571990418786	1.4904646239335317	-2.285759913120658	-2.434749931566306	-0.029678426574723332	-0.6523128610865738	1.3134809957608986	-0.36299500185529915	-0.5934105817193353	-1.030923849157056	-1.3056079925769808	0.15480016408263328	1.3223654124669193	-1.3250672615802375	0.5675565575700331	-0.4821131316432847	0.2160796401911891	-0.8389757068493133	-1.9545382606651525	-0.8367701900592719	0.5412638253716546	1.3810217308077166	-1.4847532065097195	-0.42897008024014177	2.0247263600050878	1.212668207506563	-0.4565632420721151	-0.6868319871868144	0.36451984483863353	-0.38639346868632446	0.5728295533525273	-0.5382679867264841	-0.009043483014411728	-0.612238816482795	-0.7469090221559747	-1.5323703750106958
DTXSID2047567	-2.419443507622977	1.350341447444292	-0.49811738405215644	-0.8750741388991148	0.4588101723501284	0.9180084895793867	0.7980110979951642	-2.126108505409436	1.8345286890241241	-0.2831110095652321	1.575962153798359	0.5612619746474607	1.3467533165685999	1.0999774479167852	0.1815917246570186	-0.3545876872745122	-0.2671941141114406	1.1470354207373215	-0.3930514130037588	0.39896071103252256	-1.105579929372028	0.7832374720526373	-0.7233065574128166	0.13546803118069486	0.3878147581626045	-0.46747070393925944	-0.032472265424449975	-0.2149464594876357	-0.6551740753958557	-0.16977745752726248	-0.09266994297514393	0.3045862337672372	-0.3166099566639343	0.007583265419367673	-0.14616843080518654	0.0669853597551318	0.6712518915129692	1.478413079999379	0.052611251820616024	0.0662862369147933	-0.0031057677190147056	-0.9830764200796176	-0.7251302543177548	-0.3586784924499342	0.18012230912989044	-0.6840388051591991	-0.26284103411875565	-0.00578116239007081	0.37004866493835575	0.5279991201883069	-0.1160126441526614	-0.7568714419068504	-0.29426688178097815	0.22265804354143742	-0.26482612543952094	0.023910794684587056	-0.42236567697742045	-0.018491964666786112	-0.3516951735562972	-0.7490237086889308	-0.11123715436946624	-0.2756783615197916	0.720650157042361	0.35988533493399694	-0.11618445675723581	0.34330748328222144	0.6090089896586857	-0.5138667679701764	-0.3953005098600352	-0.14078229601509346	-0.3751209310809025	0.13578145271008418	0.07047081798208474	0.19377451952720876	-0.3255057454865474	0.12376854259640478	0.36717208279456715	-0.13110377989907288	-0.1903004688875904	-0.019729733948442036	0.0028378189861496717	-0.6266080832059824	0.3098953858097026	-0.3206621711496147	0.11564533064041159	0.3579169693066428	0.46255120388272264	0.18822564000228767	0.20202643247554755	0.18814073544960114	0.14926033163294747	-0.13743949762985083	-0.261167812471138	-0.02226454812563189	-0.2708730632839574	-0.0967010625855852	-0.17046016738664965	0.08943179104103675	0.09369351979291758	-0.05689367719892696
DTXSID7044631	0.4831037264555552	-2.307615924957216	-2.710831699550214	1.3498126269678854	-4.902529112584184	-1.8982342216819523	0.8372494926471225	3.029790769501067	-1.4807046202319083	-6.019622660338472	-2.2974901752456116	0.5709864151883037	3.8552198924245755	-1.3388982871076283	5.192848487820147	-0.6536124910825131	1.546066345959609	11.124082671261233	2.7341409133953385	0.7637315301233433	-11.882193206768195	-13.12228963362711	12.974845466731095	7.566849432614665	11.607701437536193	-2.6161676763245305	-1.0232863544827713	2.753868030562236	0.6397973030136331	3.0069353955165243	-1.5572947865898512	1.3319163781948438	0.8132301857492061	4.53586573316674	2.0806439648173334	-4.688096036966772	-4.1392644694032965	6.350237256063754	1.7087964341864117	-1.879530662240999	-3.031076901437864	6.423237495155579	5.226011510156589	7.287414578000193	-1.7727330805761492	-7.457594778799654	-1.902293597217278	-1.0992926661285922	2.134699594212044	-0.6926589217866775	-2.5830182539751116	3.027079374441622	-2.286437493226067	-1.054231053069174	-3.161869718398013	-1.22460136835137	-0.6468216002977359	-0.27863465241256097	0.46213800693930396	0.27102202819637966	-0.24180564067333837	1.2782620110338254	2.369647247102874	-1.8367299855844732	0.3138409507307942	2.4432628451196288	-0.47032978522254915	1.6887167982421785	-0.20750548934197527	1.3478170351674756	-0.7152705504185096	0.4195048835867071	-2.2641027832011895	-1.8775353805817314	2.842704729687339	-0.23391526859709272	0.2231706754561925	0.10486084029052521	0.9507800262186177	-0.13901953771593412	-0.021318759576941956	1.3520176796474968	-0.5030506971730828	-0.441544463034675	-2.0050829019207543	0.6517003929657992	-1.707999137177802	-0.2602362077045567	-0.8441011134973582	-0.6111291305166509	-0.2363662397062222	0.1478964299152414	1.5442200034161808	-2.1135506868075487	0.7348930603482248	-0.3041088758122321	1.1622936399211388	0.5988868713786096	-0.16136945140690864	-0.6409057757684328
DTXSID4023177	2.355335537159089	3.6354648603967115	1.6241319100691123	-0.7401450764057005	4.062934511762277	0.6867403163614948	-0.7935045489294398	-1.818526566067717	0.4419164123757811	-3.9437557594066925	-2.749031130776634	-1.4535194573735952	0.6633000336294467	4.792624252482774	0.43633194299264977	-1.6968474048639521	-2.185524576090503	1.2471991027290306	3.303208873351283	1.0470311988657737	1.0422860710489343	-0.5437927987856662	-1.1631477452860546	-0.244528308314473	-1.4043649223032688	0.9649468815406461	0.33489362505799675	0.9598150732082266	0.43935038055213593	3.3375677611756065	1.296274549155257	2.443607168683084	-1.0470534675959344	-2.431381195419637	0.15214980279094037	-0.007225958413035276	-1.2262606148133008	-1.4505649325195027	0.2334960399147361	-0.4163755537879998	-0.10562101083359562	0.0889852341387712	-0.13003087533788477	0.7851209152517169	0.02226179374489158	-0.326825547034486	1.7369982377115456	-0.31379859108160385	-1.3496728559729536	0.26250031069882507	0.7175974367389206	-0.9824194785497543	-0.83011449699709	-2.2574407186936516	2.010615475956187	-1.7442246898226548	-1.481158738690461	1.5476988065573285	-0.04333593838472074	1.962885101803474	1.9744053933513699	-0.8970594212242615	-0.14405644385904648	-0.040388436517343404	-0.8056347839057854	0.585504670004087	0.6618202991872211	-0.24436108613137708	-0.05962171905664343	0.7424949688615379	0.5450401501811598	0.22258311900389474	-0.255600220740728	-0.43281642547656035	0.728615465284414	-0.9142669680331593	-0.08258067349027014	-0.2993617127601283	0.8139198301200182	-0.11299654717205562	-0.07332222265337293	0.603352361010183	-0.20298717240117015	-0.32662549613708786	0.4721213665898629	-0.08000105797184516	-0.40185277908824346	0.13815139393530215	-0.08373878360339533	-0.6000392630339738	0.09584865621943628	-0.06519665560092958	-0.3079557443156403	-0.12101117028218672	0.3696730143543979	-0.6547830454354053	-0.13475048856361085	0.006619283646202954	0.2256853849907463	-0.11306189855099523
DTXSID2045444	2.7221319293802524	-0.9821557740758114	-4.8415955537306345	0.39009558794721355	-0.22626787105972557	1.5075291596493716	0.6060211249575099	1.2925560551638635	-0.014761633015941815	-1.6720134107190778	2.568815760038527	0.27091929131775255	-0.5250499673941541	0.9535713019161023	-0.12374713124624355	-1.118176583514319	1.367963217972002	1.5036180384719897	-0.8919291570923656	-0.21345423706391695	0.00043857427841169816	-1.0904308042578077	-0.8069666901575436	0.14457779823258746	0.8850861883652746	0.4973115693345055	-0.27763882882640867	-0.8081701666890945	-0.10259569968737597	-1.6465309837357938	1.1302904035524373	0.249633272169538	-0.10763698836399588	-1.0402753177790776	-0.9092983905872316	-0.7355558534048119	1.0803235077544142	-0.6360091620261691	-0.043540837421080864	-0.7428238601068546	-0.6735182518132459	-1.4801589554425805	-0.18893499508745348	1.3128613869034216	-0.14823982527116308	-0.7966646236245305	1.1512668067045315	-1.5641065047911142	-0.3703373490727273	1.179178494440924	-0.13767346897163674	-0.025999658685961446	-1.8849301018372262	0.4591647197191318	-1.579564044665397	0.07368552450590891	-1.2005142092990775	-0.19110249179794975	1.5587310384409763	-0.2583324742909458	-0.6395794587592436	-0.19073458762169243	0.6072621817905991	0.6068932575293836	0.008805645455178574	-0.40935933037321565	-0.5863381806237785	-1.0762301885567533	0.5598771712338901	0.7849103422937638	1.0542137213708347	0.9475266803845311	-0.36086984071134	-0.19880779638653762	0.20678948677099526	0.4256485093002053	0.031207935989277413	-0.2368338857159021	0.15847497630576132	0.3390757162778054	0.196804056425515	0.39952109681456555	0.34824153028969296	-0.481975251186493	-0.46324785396020063	-0.5564820770786804	0.5558061204939879	0.21095584422834504	0.3004616266100847	-0.0719872035075452	0.20890808692797574	-0.8440543718273987	-0.4345586371391395	-0.18078316296327113	-1.4862020331786259	0.1615978887931503	-0.22764612175828833	0.32904492613948894	-0.06063526053723374	-0.5667438615724117
DTXSID7025180	-0.8672685341092037	-1.7352979161229953	1.0871940219534406	-1.1500579032437175	-0.9660069423929716	1.3252693510141875	0.9815407654815234	-0.9379059118686681	1.3025954201692125	-2.8754007655102356	0.7496649287268966	1.1919314861773307	1.7682327605106887	-0.18015762699650983	-2.145179695006472	2.4945140217920403	-4.013061661705705	-0.6618633466143687	-5.376978822520675	5.978367632256228	9.730135914687702	-1.7073964516938314	3.510159438294721	7.342932782691744	2.140860283750859	0.25449496668988464	0.16193053389979883	-0.4534789952362778	-2.9500841421771815	0.22159817160963827	-0.5133593087590459	-1.1109443116217173	1.1106735943828596	0.6820085047385843	0.3513765271546333	1.0776720158915862	-0.7712584414174505	0.4324821873714156	-1.2810318410621016	0.3781374440503125	0.08907484627030038	1.6122701118663088	0.6831225353249577	-1.1396488070976254	-0.7571292175906507	1.132853951296256	0.9976488432053257	-1.1183123067604768	0.7859061608142475	0.12563623586790648	0.23876061811667088	-2.0356354258253293	-0.2749173838745715	-0.5297539620981504	0.5096920513378179	-0.7862097733506559	1.1518547636840082	1.256747686406944	-1.7259920214836002	0.5527664813100338	0.48389479230877264	1.0148876380719833	0.02868500774571957	-0.12406917512196144	-0.8504110153629091	0.32179554131656474	0.9869088424303649	-0.4313217994851069	0.19743884867859246	-0.3857357286568005	0.402822643549327	1.0342775823403643	0.8160098476779329	-0.426802598187116	-1.0757284176424722	1.3021906249377226	0.27138959133824786	0.052053025620963735	0.008640535218776078	0.5288545954558923	0.1726540917121453	-0.21495510016397637	-0.02442354020114105	-0.923302877140536	0.3678283270634322	0.33825546579718196	-0.19448807865812437	-0.4684513639934781	0.22835171643745983	-0.11692197867604702	-0.18611477251997013	0.05806298550969512	-0.11844723793901793	-0.2831203426583415	-0.7886251233394574	-0.4224452523226921	0.3883380292306532	0.44339583884010636	0.15595147687650815	0.15154079006566828
DTXSID3027580	-0.8432603979985347	4.753656107681278	-1.9306231116155481	-4.9758627259981285	9.544425645283804	0.7496338008897571	-0.2559300815649946	-2.494437463404779	-1.0238254948847083	-0.08744460383271474	-4.424108648201451	2.4161196309174424	-3.1834946477149972	-1.1997810074800488	-0.05863576621715249	2.8170260405335315	2.6583575886647197	1.4842292342026004	0.3036771574291048	-0.02511560759270474	1.5437407073078369	-0.3675377291082265	-1.3478957953698587	-0.8147472459754828	2.1412461559755602	-0.22311132336598458	-2.810021181360428	1.0566722574727523	-0.7397584965160326	0.08866495285444062	0.5777686193130516	-1.4024968009783036	0.8487544633061016	-0.734913978151195	0.13666421382842794	1.4038642539589008	-0.16713250014059028	-0.3921906440135401	-0.2914945610115321	0.8144699609580098	-0.21117230085446123	0.5076673833583852	-0.99579125792334	0.9680923819026033	-1.3354500262323343	-1.0419962315136468	1.5060903457504793	-0.15978747999484097	-0.6191092616429849	-1.083481145812763	0.4960985201291379	0.4324969326664164	-0.5009076727937786	1.0644240410172994	-0.2301073277178054	0.7273432545151344	-1.0018767487517064	-0.15142154835929358	-0.20757664312873678	0.22891533993660773	0.5866639260768077	0.7097328242064803	0.06565060336945813	-0.45062487959184905	0.4147673550129487	-1.1621052439713389	-0.7482284605931449	0.730635834841188	-0.9711261943620139	-0.8540383918599748	0.7090534635303601	0.0990970033189765	0.18133981539723285	-0.03887663082775293	-0.5767492486952608	0.31722576507538125	0.21118805053659995	0.5968174584454874	-0.36832398360490853	0.003907959285629812	-0.1482635589804583	0.48342855416765373	-0.7240309361402887	0.2278354489508614	0.2269337070195995	0.14202043781189344	0.2637818477028067	-0.4126885674346861	0.37590131180959585	0.04659847693007031	-0.12995481355123203	-0.4532081096689682	-0.39948581716865517	-0.33328783560947634	0.3417775220612607	-0.11054723949884508	0.04249092922773988	0.19993589619386967	-0.024799653808260963	0.0008251652063521835
DTXSID1036545	-0.3422067268197881	-2.5443811245686363	5.743439680700348	-2.48601769656904	1.0323526389245063	2.011468307266956	-1.1063034786501638	-1.0662773991065706	0.13372339789469295	0.5354876544118926	-1.6299151239382186	-0.6879187502524672	2.4721759618173063	-1.7997831839629164	-1.3911781141292465	-0.02658453109874902	-1.1761085695583384	0.5246554474908043	-1.8168047474624676	-0.19827622710943393	-1.1438337368388445	-0.2313509124108949	-0.4376370950155958	-0.43635134424676536	0.628405402266286	-0.7130587120713257	-1.7085167862990067	-0.09989292223006233	0.39515300007747	0.19480481614172124	-0.3943841839074466	0.206986829989367	-1.2896146729373614	-0.03825038104800798	1.3146491528750108	1.31937200113242	0.6838784104933983	2.5483319548222103	-0.8469648460410368	-0.731477177623759	1.0070687578474258	1.1316625283902317	-0.3710608356926483	-1.0747798227540328	-0.043386008212023874	-0.128708405223305	0.2809630398580512	-0.4583192328934373	0.6258076111691864	1.0078520314587123	0.4233677564932329	-1.7041239968829685	-0.08254346620985406	1.0298856340079392	1.119878965614099	-0.22950047179777458	1.6045813496905716	0.6018360329764169	-2.2816182138581453	-1.446541136354765	0.9109911048511867	-0.4671785854835114	0.11433903999699822	1.2086615548521065	-0.30621401875188475	-0.4393426443315213	0.6694799891603651	-0.041509363065093445	-0.23076420413901172	0.28124547297466546	1.2849153285327133	1.04223655529624	0.4541657170901792	-0.07199867286527604	-0.42129396404847536	-0.4704013588243007	1.6025262799742903	-0.8185043757564251	-0.04955668917195425	-0.09963761381321282	-1.2666281373637667	-0.9796979243747791	-0.9000041092305288	-0.28030622879736306	0.17148901802395503	-0.8865519744340826	0.2793876957506144	0.8620455584224873	-0.5686113974287819	0.1786776619570218	1.0272418986389533	-0.6025209646406744	-1.2689876274662018	1.0185099011935852	0.421013683064492	0.21288965083607997	-0.8240703569208838	0.9450307426867149	-0.3635371784917559	0.7085884181737339
DTXSID60663110	3.2925207248240116	-9.58533062183727	-8.876779285585085	4.138933972241861	-2.2362695598306033	-1.2053897970587601	-9.373407094377583	-9.541537646520414	-1.238305456932336	-7.821931751640399	-8.896996516936749	12.89106150285036	-4.169356594278699	0.2710651823238862	2.5723950904824195	-5.251088805231729	-2.9768471805174577	-7.761682648855714	2.272949512167445	5.177425083452467	-3.1775330667230888	-1.6995290920254644	-2.8296164858583643	0.8400866245116088	-3.3547383939738338	6.540454221957754	2.6770008899586584	2.59422034139883	-4.556425706158012	-2.914846788528203	0.6011150330884741	-1.0762027518055213	-3.5530114176570926	1.8501555876994604	-1.7364006927056124	1.7078095560479922	2.81956365095039	2.004699594572364	-1.4465614080705191	2.9732702681755057	-2.4276510575554204	2.6767405803342874	-0.5579270554207482	-1.1841863685317515	0.7068337006932666	0.4647728928331776	-1.3361726256078366	0.22250092562617058	0.44392731226078924	-0.5920721195797024	-4.671489155457645	-1.4370149899856772	2.4695115337801106	-0.38127936807340757	1.2004818185869894	-0.44536262977815166	-0.611816389827246	2.876801891558256	-1.517799979275954	-0.3455459101043526	-0.34894800728974396	-0.038673124397457875	0.08464183692501355	1.2083593168341902	-0.7271824359089946	2.44950910918356	-0.8824704947749211	1.665280662126696	-1.2308155306091975	0.633353217904701	-1.6906859193402526	-0.9179440435138504	-2.1153511592559973	-1.603564949473756	-1.6248347130714569	-0.8956631461241524	0.9342217254900563	0.11500725251865117	0.9372960380930735	-0.4154159422795083	1.4698649947521638	1.2176689425553593	0.6188116020533456	-1.7034450922228392	1.0332874975977684	-1.0999810507414567	-1.895723262496803	2.7175485370540664	-0.4310218565613508	0.04463796006453218	-1.6117664278284682	2.8029149118690855	1.3880018700880579	0.7737167229608778	-3.5266598713664195	-0.04749795840081109	-2.081872325307334	-2.453132732351354	2.0538834831218504	-1.6321313779225777
DTXSID9023095	5.423558523231251	0.7868774284943986	-2.625429021406778	0.18859723772478598	-3.876017560926065	4.991798454262295	1.4254545165598604	1.3288525737196548	-1.8528490273948508	-4.387176137094359	-0.9156276663377351	-2.329051148295591	-3.682032633470048	-5.810756487523878	-1.0584094707977436	-3.1418641422341302	-2.957999296825289	3.5763862414423517	1.7037947850649677	0.21268173978328067	1.531505877913317	5.88952783033521	3.568932216895196	-1.196405448849488	0.9315239101069663	-1.9474032701383819	-1.5689802660405454	-5.001314352130863	0.0629451711378811	-0.9947826545827669	0.9827149429150387	4.9915158429773765	1.0908406393579146	0.8294247412117927	3.421233236474438	4.50684054108185	1.652735816197193	-1.2134252846782299	3.1054254886579824	2.134213010179899	-0.5648877772095638	1.1563808472138044	-1.3074830243849884	-1.0783826381849835	-0.2646248529600269	-1.9017523877453346	-2.001571155473404	0.30678151150700994	-3.0882853164472994	0.6423643217177136	2.3281150930437184	0.619929186158783	-1.3068381394421964	1.1442192703934235	0.29380420427310383	0.5948121139685579	1.3729010068588678	0.8603739922338532	-1.3683185124512256	-1.8033939356056188	1.4459350594342992	2.680672507200222	1.4268396840721926	0.9697130138256909	1.8632188339630051	1.2187641935988054	1.576012304173078	-1.626482906139542	1.7330966500683325	-0.13661603217929216	-0.8077470671604223	-1.9980147080049686	-6.627385450501966	2.8701233297739894	-3.4804013304245136	-2.9228192829112145	2.5031434459657014	4.433427534837036	3.4011858087850375	0.6959946929914202	-0.3695754286506804	0.9096664247898174	0.4515425710597556	2.0883313197353566	-3.6855485175687157	-3.073712570254461	-0.45470607499444954	-1.0524321816880917	0.20455255944012662	-0.3451740054186059	1.3146345680194462	-0.9297319753905533	0.7954726720262787	-0.4189122924868259	0.7329817662285278	0.3998949511359949	-1.8325030079537603	-2.511536264134737	0.5005990941080888	-0.2946089944854871
DTXSID8044466	1.3621879029916213	-5.375954512723176	0.20285244404198619	11.009418999879749	5.482356657424786	-2.1969285358396378	-1.4087947565370609	-5.44900054085709	-4.2935024055254765	-11.505292189687879	-5.305882720888041	-7.383709222244484	0.6580917740004201	14.489181569296086	-3.809038868666508	-2.1043588407792893	-2.2203341862310557	-1.8141992978950976	7.846200032305924	4.827581842885425	3.8026800260518607	0.008552291029998249	5.291406408857025	1.0081259371125109	-3.0641029523172154	0.638911453500697	-4.9272627034272265	11.425249506065677	7.995231322053017	-4.811318810876517	1.3538074403125357	0.9390172247875278	-9.839391347471711	16.791121969388204	9.770751508276556	2.6794329627913123	25.35347381480993	-5.321280024555557	-11.642507294136042	-4.3263466445511165	-4.473602283006929	-9.104528112295204	1.6734821108575233	12.920044609516836	-5.146768920788036	4.4211699208547355	-8.4614108461391	5.586817843311202	5.906063817342111	-8.175375631338387	8.023057928206656	-0.6538775766679491	-9.02301203154592	8.911981843964435	10.895100530571561	-7.508212665495597	4.5332183967248545	-4.051064761718861	0.27021250934596275	0.0692065121712376	0.45079478831974634	3.773528935414208	3.9700022019740064	-2.710182047022124	4.644376465884885	1.4620915343915035	1.6188742571041177	-2.7227970720453567	-3.2133299786430722	4.100436453695245	-2.4718326785530924	1.7658581561596047	-0.26529287900629406	-0.11363083102154199	1.7470297059910491	1.4089335256570867	-4.187007335605447	0.7461495540089003	0.9001153917246159	1.286752605367779	-1.3652659796099278	-1.5585646635702328	-0.5080325622201465	1.738089663274886	1.1024956777076453	3.238038380735644	0.9332025295465591	-0.4939731754843239	0.4740904048674548	-0.8201937961652479	-1.6398420877014603	-0.8474381501614637	-0.4621590611564732	1.2267977993906847	-2.532155106593495	2.7405783391671417	2.120876765374234	1.2898952314944323	-0.19851603785801722	-1.145531472619801
DTXSID00379268	-1.9381015110528244	-3.765110716541965	-5.80431688938267	3.59103229249441	-0.7554596072940191	-0.8821654654801536	-4.851661963768733	-5.65641475712758	-1.0061055112997912	-5.424943768675198	-5.919809882794649	6.321094575890009	-1.9428356002082776	2.2087371448123503	1.2079337172888758	-3.4252834241564614	-1.9499160404894467	-4.3215919079919125	2.5055807065928466	2.7628985587183448	-1.4826399500832632	-1.2426461237430932	-1.3186640127241107	-0.006462052473198498	-2.2099962370119397	3.6443008089186284	1.5677151249307175	1.658446359519507	-2.6103405234811596	-1.9293861481002998	0.837907755614114	-0.5237994538982341	-2.4968928708364753	1.1449251775335232	-0.8984807098010623	1.3279367218591542	1.701613853293265	1.9684338093275209	-1.1782854758493628	1.69434425553356	-1.243045212610027	1.8675497950227757	-0.6036917082132227	-0.9284049174136115	0.6510506979682522	0.2043045920760697	-0.6961562087390727	-0.21913233461247295	0.14967561704251756	-0.3989301968790626	-2.9770420632495362	-1.1160951759696347	1.336212078235558	-0.5528196689858412	0.3200469747368611	-0.014347630927224329	-0.5103597077503855	1.4071006467118619	-1.289459626059599	-0.26870468757850746	-0.4854756282566465	-0.5993497825643486	0.2868676953532423	0.9490549078062867	-0.3159814484164797	1.7752145771080805	-0.5711408724282329	0.837435703515208	-0.4329755681025226	0.36391134865800207	-1.039211169227543	-0.5060196017030545	-1.1246788468959832	-0.9238700579994777	-1.1024450253474376	-0.5480846101205835	0.6481467971573235	-0.070956505855767	0.6175868352428849	-0.1666277123496422	1.0791495163529459	0.49596692207075854	0.9370360867274474	-0.7200769598946848	0.924196881305778	-0.27213324478595163	-0.7562002440157259	1.2043581371512602	-0.55850624766407	0.1497068670764539	-0.6526228663995914	1.3933411034037855	0.9606881717411091	0.8593745755642139	-1.9189864268025039	0.005987145121258194	-1.355896764102434	-1.284202251369192	1.120947012276885	-0.6988283076160392
DTXSID7048879	-1.7199664012753972	-1.9914547085701493	-0.8864650629462895	1.4531802462484986	1.7175000631731379	0.9563809118728344	-0.35570959496402893	2.8889303768519987	1.1134340510178873	1.5797183210292696	5.16511674271974	1.779246006901855	-1.20805443229297	1.7537683110999016	0.01203550585708121	0.32860933701701367	3.262594701209006	-2.996198099401536	0.5908832743162072	-1.3541242745558653	0.4003840741706617	-1.0652081209535782	2.2779284345766118	-0.987556987056393	0.6154439188187918	1.3967730590947767	0.2633048990229086	-0.82107409246004	-1.270709950246933	-0.37247851401020593	2.075690571346614	0.9627495827300843	0.18672586254363108	-0.5724461745984365	0.8481818388995598	0.8297618549436317	-0.32855364025186407	-0.8353772146464662	-0.08312337687006162	-0.4946576259820798	0.26793048054550894	0.8895291051993449	0.3569734654294438	1.3455131792684747	-0.21852316793847548	-0.7553319911115154	0.1437346205301004	-0.9902036084793886	-0.8356579487006968	-1.1102015953703528	-0.05834293619450976	-0.2911134748925733	-1.966097135874019	-0.7102839090835249	0.37338030898032953	-1.2780904477991337	1.4669266831320136	0.7961773409795105	1.2821283501633747	-1.2516887874260827	-0.11071570197910843	0.5830493222321432	-0.3090405292658374	2.7606105723279897	-0.40015791779077353	0.24653025173923063	-0.2094136866439399	0.7798869570529474	-0.15739422305059636	-0.6305825364282325	-1.07344760634733	-0.05420839291396254	0.07689515321428725	0.6620427086579134	-0.9408855975900371	1.03701425931233	0.439375966876869	-0.5295506943495587	-0.34576231494797877	0.02136818978449292	0.017213328732708925	-0.4491945791589733	0.34767863839631663	-0.7353341775552664	0.046272557084999805	-0.17726109345614338	-0.04524326111378502	0.8972843713221196	-0.06650257691640925	-0.9718492767573836	-0.12091780422400918	0.04432436126162252	0.3377771071103791	0.1282823446644191	-0.5781296827229861	0.02223323581563456	0.1504426040975558	0.5437414482448982	-0.7113342793448495	0.42592245417745483
DTXSID0032029	8.794633581960982	1.4484392582402605	-1.5690430623564782	-0.473850953482154	-2.091808782895948	0.7639653751778133	8.431093976861577	1.7278425497265317	-2.018250010501277	3.9992272475558184	-0.1869216579767162	-0.0678694811638022	2.8562692342965543	1.5572687183758591	-1.2797387303582206	3.7765489576037794	-2.10646061833237	-6.345835710263523	3.135136511725493	2.659412900353064	-7.27037584942424	4.823166056244584	3.674362173327639	-0.22837615698783112	-1.3267453206690787	3.0228833975872984	-0.9693279170596721	-4.737336249780537	-1.163615305192007	1.0083789653824768	3.6132559321030686	-1.7152385949280737	-1.2427129913104047	3.6208067702991054	1.0849387256231595	-3.2553535090508023	1.0986951708003958	-2.5835967539869937	-5.185070071155976	10.331617049660055	1.5435228167005235	2.8509234674089963	1.5573092157079107	-3.4521867462827505	-2.5280998534873036	-3.9370264188235007	6.540746385744399	3.091271699940231	4.586926131512296	5.275125089716175	2.6298980717938614	-0.9371297421968564	-2.807981012853925	4.064790445049702	-5.6143793280356995	-0.7939427890700697	-2.9201976834587553	0.4066874396519822	-0.8955746145812771	0.9047821153167518	0.9600135204412261	-0.6051383508484895	1.9896964974207405	-1.1236182838261748	2.129464040097414	0.6631572947948371	-3.3218971749082025	-2.377473823263615	-1.332171917698995	0.9571242212073632	0.20575939881388308	-0.5933866937534318	-0.15287040430625184	-0.6608595140738476	-3.0216163861417917	2.5328709085065677	-0.6484418101325372	-2.54259240469357	1.212051455207055	2.596970215656426	0.538451303366372	1.4159345915309962	1.042674918410087	2.322428371030397	-0.1713543851619103	0.5221256486788387	-1.3488349256969656	1.9850038346882952	-2.6276229952856216	1.6492230012028484	0.1902932288564484	1.6220581315598408	-1.2071619364089397	0.15743933987105405	0.3701908728336521	-2.417049295590363	-0.03428154130615226	0.6737980620502472	-1.0977950083001344	-2.4549667141280196
DTXSID2025345	-5.463029148091653	1.8375128226115613	-1.386119660131385	0.9464387157079427	-2.654571686247168	-0.3824696145586307	1.112638858485218	-0.8097581828992081	0.7629655111270575	-1.6300980698523557	0.36526917893467004	-0.6399089671676679	0.8447573865989894	-1.1280409733451202	-1.1261148987319944	-2.619929766388891	-0.3097511566293765	3.6458404252752854	1.5650057674358362	-1.4639291560584267	1.377877169236483	4.76781801876226	2.317954661932315	-1.2063006394913325	2.875663268610028	-0.00020164326220984517	2.116011427911473	-0.19247923821552082	-1.5004915293099255	0.3383151679143015	2.341121361810037	2.392425302369922	-1.422455490436133	-0.60395711235918	-0.37222536810578233	0.967526289260585	2.129306473615881	-0.8088363287064887	0.6807176089453356	0.5803881061753061	-0.31767092828174065	1.6996629720394008	0.0355665620460533	0.536589696106871	0.1299316684519535	-0.4356935628877591	1.7298742707195724	1.1434196190492394	-0.7237657144512702	-1.3099698346978956	-0.7671569936104565	-0.2885399593478574	2.690897969489037	-0.7106914014755842	-1.1169636745291762	-0.3490853838825012	-0.9643898334251947	-0.2186258591877346	0.9658725570714529	1.1861357205497485	-0.8106524346990862	-1.7505400413470489	-0.934924130868822	-0.19992372639549355	0.17195360154732547	0.09506249206228203	-1.6308530668732502	0.9442187887338039	-2.1369015142598413	-1.9924765280512544	-0.2841215931745285	3.2113472521937783	3.752992092402509	-2.6213444916110102	2.4126406610932074	1.6694862590865158	-2.4337665087368507	-2.171383128487461	-1.786199120634599	-0.5013067456520522	-0.05368240700261516	-0.623675662104286	-0.24567269487586174	-2.120304298571647	-0.5048635509331308	1.8942176191431994	0.7815913745118446	1.1158956301249265	0.2992112375601719	0.07341621035758948	0.06101911002146331	0.6210029121674108	0.5669133425387859	0.5500256621116905	-0.7122955761735549	0.9690388428540767	0.2937115136876969	1.039146364296243	0.5395396346739108	-0.8567084057630867
DTXSID6041715	13.424958122104021	-10.131817451955147	-2.6469781952328306	6.843839107224603	1.750720108885978	-0.46523294679272276	-5.462210578862282	0.468566410106679	2.76910624470858	-2.440302578951652	4.474229180187897	0.2615916944173394	0.2020933925695346	-5.904738862814382	0.15092721307648893	1.0170371855051854	-1.973989331448	-4.39061442280224	0.806523981084117	3.277773930086264	0.09769311430417349	0.6673939188788892	-0.1441651116205611	-0.07389107583405001	2.5784358109198515	-1.3948246366478947	0.1531735537396293	1.904898065750383	4.129375863215974	-1.9283120580535782	2.8859128267105745	1.7017733575427405	0.28144269924959064	-4.625228704054583	0.7889495858796205	-0.6150489827782519	0.3611571112855846	0.8153877741739033	1.0467166572653257	-0.9592492732132634	0.31177089332300884	-0.23001611904981586	-0.2233157061567776	1.2269309840902065	-0.6146130274788276	-2.2671345496513897	1.2350016994066473	-0.10036910530987922	0.7833450270895825	-0.3552260683324571	-0.7261605797799581	0.6999814374766293	-0.550818240566376	1.267976126142173	-0.3862943193108509	0.8266881416915348	-0.2711405334019825	-4.001473032465489	-1.9647441556746486	-0.2273036171401519	-0.6723926100796901	-0.4516091741362887	-1.536686989409087	-1.7585391056927318	0.9514479349751293	-2.3826328131364645	-0.8626779447068943	-0.26726554329885843	0.20422674160973478	1.987787602125985	1.9544361438727573	-1.1781684650388828	-1.483968437909085	2.379470363673402	0.4845676465057835	-0.971363256908532	2.1775834343146045	-3.6723069570576232	-0.6605416959927103	2.7274162471949452	-1.4129791401384133	-0.34312028647706716	-2.20702761855611	-2.4753923525143575	0.3441099576679471	0.34106725841492286	-3.519904573780408	-0.9185675747650791	-0.12028856536451799	-0.515982142642859	0.334619132681583	1.0446085094423225	0.10126365627739432	0.6210246541991891	2.003876040431644	0.6043957937740404	-1.3507012104707272	0.2550899557781149	-0.12933308066066762	-0.06572498286176598
DTXSID5046510	-2.2264614058484407	2.4683823857052767	-5.032683353155747	2.616076443483191	-3.3007794688865304	3.1734336437187847	3.6095542335334088	0.28344303105330093	-1.2739902249538293	-1.5659214911961474	0.17942254831682233	-0.6781914352016672	0.6168618812584288	1.6429613573074442	-0.3543699027945359	2.6427936840489643	-1.9463064192066473	-1.872665504392172	-0.805059274681825	-1.8397027168888653	-2.2762282601179984	1.1901097860716872	0.34237404861468873	0.26889614959027824	-0.8506648357052223	-2.7835944370347003	0.41633642714801156	-0.3580951034113689	-3.5722627521320507	0.3815409690302101	0.219174307182942	0.1887185808775485	2.1043334519328	-0.807801824563147	-1.2561269465294187	-1.4425258898129476	2.5123403308531587	0.9395840631487967	-0.3354777727379646	0.09721713400961911	-1.4269170578770587	-0.4128905166931835	-1.2307113490464077	1.8321547840496997	-1.348000396263936	-1.1313057895377872	2.8847345679776737	-1.2069991008440222	1.143879372493313	-0.9728819221881438	0.3550711177284078	2.8133933778298825	-0.35304928233429905	-1.3350603996967685	2.655731441771082	2.328582684943547	1.1649943394871378	-0.37396539702008785	-0.5805192418877576	-1.8989358900100757	-0.15733546729496867	-1.9031848789854227	-1.7180534139395736	-1.517002130420539	-0.9451213348004647	2.3618221073702603	-0.4412281442827623	-0.09713191771344627	0.7832299069650096	0.6276554488980275	-0.1585373300703023	0.8613411183566869	-0.04392927410338652	0.641576302109278	-0.2628820925471575	0.0633079704781721	-0.625276473203259	0.7923760150408468	-0.6862040900441821	-0.8391584515801688	0.5495145718186059	0.33718431109270336	-0.12458307703962042	-0.4191706150509181	-0.44656113372211204	0.16295301163592948	-0.46705177953306043	0.27703911898365335	0.09122396718551115	-0.7651860806684945	0.5210033059562603	-0.018961944354510138	0.5503572210796426	-0.2015599403904966	0.30611373434911016	0.7594503632681451	-0.5277491374510864	-0.12406889626936148	0.5313650107081275	0.2843204659502259
DTXSID5047459	8.37190943445401	-5.599858428060196	-2.5084182438277542	2.3373904330054085	-1.2758556961017093	2.4906897136085036	-0.5898800751800246	-1.283544395971659	-1.996366611752281	-3.189273644430895	-1.6303968692965451	-1.8427074473525795	-3.117254546243943	-8.20771424077219	-4.537559586281577	-5.992979765306106	-4.775117210985801	5.349418765570872	0.14870820269433394	0.6014618954347809	2.8313394729048413	12.300458225912452	7.254420249317526	-3.1755567553827695	7.3351477821557305	-3.9022654915714288	2.017155069126648	-3.297827721752821	-2.7481000809486673	-3.6167906594579726	5.445955731799061	6.584219164833127	-5.9756305733687105	1.0308626639622196	0.8354799134716762	0.9360524164816978	2.137447605546105	-1.6160404428102508	2.4983166214427923	1.2231543912086908	-0.11484842168373768	2.4952780565375394	0.21684605314646313	-1.099312711148592	-0.9897618055120821	-3.0826697445612568	-0.3328806739719305	1.3057500196785197	-4.526948478998024	0.7460329722262732	1.719789492283931	-0.29385501744284603	-1.21973574958494	1.8351629621884686	1.5011161932749373	-0.030611372274019766	0.8886161551198584	0.5976005087896361	-5.747312997814032	-1.3373933153081103	3.4719525498167494	4.544450797415047	0.6440505149855904	0.6477826340522189	3.0789156135906968	3.08301046124731	0.556469122000621	-4.90830759530601	4.539233177422919	-1.0701395440569248	-2.6383303840542522	-5.756819747346891	-10.456710005011743	7.85230089171863	-8.619203188866404	-5.5579736430462	4.272610179179766	5.207442069145069	1.9613197324761449	-3.580571513366332	-0.13016053347195178	1.5544973003042948	-1.163953900150581	5.518577648468338	-7.162834520672473	-8.221005829602374	-3.415791085656362	-7.2170051776025	2.2701380845481816	-1.7516564292288865	0.7148044964350871	-3.2908543657734572	0.04469619682613621	-2.65829592977563	0.37335771473246604	-1.4613762410242919	-2.6676262633950745	-3.743010889854228	-0.5372014624337607	-3.373195446280361
DTXSID5040413	2724.499196732466	-895.1111474683617	-237.63973753164672	4000.706649702749	1042.0596032709584	-957.751718188188	7266.092304529602	1344.2751413669116	-1763.9927022417744	8490.644227620423	-2771.313958300894	7325.198877203025	1749.0921762880969	-629.6608818115077	2260.6395542802506	-3743.7429541495976	-2387.418382182497	3920.9046119364502	4868.400988853341	1318.2648783540067	3703.1086778221293	-1807.0802016002824	-2442.706653376667	615.6191197781967	-1433.1477159429355	-2432.439249767868	-1218.4137085414707	1250.938794351999	293.0659180007708	1070.0967830481904	350.8878771752636	1674.7464834473024	-241.11334106259483	1008.7113801174845	149.15808786432436	2079.0466282927246	-561.8844666830953	1451.7258542213829	-1192.3900902213286	401.5160290423462	-103.39584746814909	257.69814252126264	-518.2249773508446	-433.4960280035743	-173.6039791487869	-135.73876085395779	263.1979355624508	-991.9228977011203	-129.5974582647882	666.2243357211371	-97.98070327753099	-1657.1388122395572	-1459.5287521499351	-225.63316198089578	-359.34141802809154	-577.4226301948057	2071.0383715960634	331.73965122794135	-3068.1388810928934	-1107.618921573163	2222.0666826380434	-2136.276883628443	1182.312902837763	255.23636617261567	-1803.644625471456	-5804.4573427774985	-507.53284812835375	-2314.2849458782816	-1848.83075152493	687.5633311294735	-2043.2368802520648	-3479.407349249333	-658.1984099665978	-867.7804546851418	864.4153271533147	1235.8161068291206	-3588.3488361906893	304.8297534028462	222.1692325877955	-3513.284430596638	3691.6622380101567	-3281.498281590021	4649.419042821291	-5749.575344303663	-4487.041838981651	4607.167034012301	-1428.8613927446506	-2043.465880143267	-552.4610153203272	-1371.1129088295504	487.19628595367533	-3763.264861589238	1319.5587095675303	-1113.4497663142465	157.99300444128107	8192.57906451036	-798.8527721073173	-266.01085406361	914.7844621787448	3613.793103823968
DTXSID4051580	-7.328931042197808	1.1564647106078638	-0.918137509354209	1.0888533159837273	-2.2410084640555104	-2.259103630097584	2.3659203563016455	0.8884027031866126	0.3547840606857755	-0.9918331880506139	-0.2603990226553609	-0.09880315075817199	0.9278036253327904	0.2674234045884503	0.04237212570041935	0.009128206709772095	-0.33406997464901594	0.17682996400894108	1.1216217022795298	-0.27887773618055234	0.12358842307883133	0.6537400465305112	-1.6632620911879994	-0.8605731368221013	1.7964499704682524	1.3231071798507412	1.9226978442627471	-0.6560548584137318	0.06716699768321013	-1.0166732790550803	-0.3311267039857526	0.8941773040647374	0.16704002310757038	-1.120356733780163	-0.3124702712009629	-0.0037173679799587553	-0.2323430684807293	0.8650425558181234	-1.0531454778365632	0.34410776707769986	0.7917068825383209	-0.022994288076415795	-2.0515320788652907	2.6932593166513628	-0.13950633488633715	1.54620491928907	-1.4623467854330965	2.616515037841861	1.4628132762948944	0.5512095179506052	0.8892311076772668	0.3340554533119947	-1.472946902978636	-2.1903557153534936	-1.8480751967213274	1.325763100799524	0.624079172431142	1.167410447603654	-1.1536308857533686	1.1837446202195405	-0.6384453893436919	0.587737421146828	-0.44727248049763446	0.5573250910215196	-0.0068114187329225626	-0.4670214315363152	-0.5506714341862063	0.40364010525485167	0.5952110256188274	0.594076463487373	0.4136405937907758	1.0126417365039977	-0.3040655030310816	-0.5513680483592066	-0.00996801833709312	-0.25645869905029195	-0.6016872870816592	0.009618417513914089	0.050671967134420855	-0.45624825302562005	-0.11898894781838694	-0.214460683433061	0.043582257353960895	0.3225313760490747	-0.5066107968436997	0.16413385824297105	0.14943225980316957	0.12519725422640562	0.17670711485556703	0.1829542308565396	-0.11165597262744184	-0.32062479184663284	0.07593893325475357	0.010062340178043491	0.04861460405268657	-0.023793231628529365	0.2426390659112053	-0.5013032981128762	-0.46784134403981786	-0.1013711147517679
DTXSID8024862	-3.7285507915862044	1.2022981320712531	0.39480398857917937	-1.0421856742029032	-1.9606577655897681	-0.20423879144364138	3.3946111700650885	-0.21984576358073313	1.6114640018267385	-0.2567483083886856	2.400667819404853	0.6305571730060562	1.1402005339646166	-0.15434465964756053	0.06800158533324	1.2606193217263861	-1.0187932998877502	-2.1921608569586	3.5723209148090698	1.914093533030243	-2.915411649544346	3.86453107329274	0.7364164305166276	-0.7099815442182166	-0.9607268809728485	0.615297818314838	-2.8592708549585675	-3.5607528607827765	0.9151763007079711	0.9478666211788357	0.1463721537218797	-1.3685393228540883	-1.7302145830045021	1.1713954039697054	-1.7579568337367828	-2.2381176712776534	0.42363272740186103	-2.885633541193681	-5.025286961628005	8.572570349772734	3.702714729288325	3.981498763129197	2.133044092027685	-1.9556759517037894	2.270952958701392	-4.160820184409681	5.562088593929381	1.2938131152030092	5.895071697471118	0.6389106199408284	2.43545150470723	-0.6357194762504799	-3.7975113949025068	-0.04061238241747717	-1.8023131444169462	-0.5483412017439205	0.20317324365184225	-0.5158023775606028	2.1934269028362188	-1.1603944300014126	-0.7427504076935322	-0.1939587436329508	1.7957570638235425	-0.39569581409645566	1.795436816380666	1.4866304343913916	-0.2754621368646647	1.1122475609548452	0.2888492436473792	1.5559316528019382	-0.6557143296160362	-1.7715135278768206	-0.5966616330939533	-1.2633787926138642	0.7026900247384257	-0.029428240849796186	-0.3579604458338303	-0.4361049325392767	0.7924358064701582	0.7327341553245509	0.39558543206814506	-1.44911189502513	0.04603317560348836	-0.07913992125013163	-0.13034405207428704	0.3928932212627839	0.1622686174752467	-0.034538860286817505	-0.9884028108689749	0.27034388497425194	-0.33809660256091556	-0.29886264026550585	-0.13816469961556593	0.2536346325336666	-0.6817865489138861	0.0007119013514720605	-0.6720905053456033	-0.821618933692154	-0.6425113503787214	0.18898506539152313
DTXSID8027454	-5.307276054807944	2.4305340280488434	-4.615926376053623	3.0370481926674993	-0.8943652866183243	1.2539041894914678	1.537602190733334	-1.458775576167874	0.13439250932675487	-0.5639543128492364	0.2582855570949847	0.10006940254157243	3.0961112358656884	0.6084501269409366	-0.9947993796181999	0.3263020426744021	0.6953389344920319	0.10407141452362345	-1.6067725365098202	-0.8515768112789696	-0.10019451203569261	-1.144134376037812	-0.27749319429589114	-0.43455498581693325	0.5025121325005482	-1.0100327130719524	1.463922049166901	0.8520569218887395	-0.1271777836229484	-0.9861157265019231	0.41806561512101736	0.7354244584729506	-0.44444149590870274	1.188664778684423	0.14949231256524842	-0.34195325933560244	0.4925510680874553	-0.3824536808026645	-0.5894381683895821	1.5614611622745995	0.40713612848840897	1.0130364746532676	-0.37450359608912176	0.19488050410375116	0.19716723105378695	-0.243066203014932	-0.0550422760956439	-0.09560569346937131	-1.4349656522305292	-0.6370396063122518	-0.4765412006320919	0.8977208899577903	0.41454737051048385	-0.08437561440422885	-0.6661605328157396	-0.14583009967819835	-0.39448404195963455	0.26380291227209157	-0.548497942152097	0.08772172763848882	-0.33510558535445256	0.765555868755361	0.5369511970073612	-0.24748203935611088	-0.3276066240698228	-0.27663914590772043	-0.12075594604424168	0.738048074621496	0.6321968420869292	-0.535576185051764	-0.49291126494258036	-0.5764229147313251	-0.11127804736814421	-0.8337177276279473	0.9962706689123499	0.050250179217401526	-0.12492108556488647	0.461209483967642	-0.6550672280730689	-0.48965841545324323	-0.15667354485045354	-0.004669691981086377	0.30194465700467943	-0.5139716448857841	0.5017738903346319	-0.8239108261461178	-0.300157162312736	-0.822989070542254	0.4776398798370609	-0.41505170261673613	-0.09204050647917938	0.5867791663439454	-0.12124618488306853	-0.22874035496377174	0.08392582889545779	0.08582971352608211	0.1715308312315118	0.5103135992905374	0.4706888083734743	-0.05416792918686826
DTXSID3057802	0.8038891089841748	-1.3537461175115724	1.4191981363345256	0.09838010337213518	-4.167817307854614	3.727963110294822	3.231474403815892	2.624532487989285	0.05743559664081725	0.30581203794799494	-0.7346531535519059	-0.6309782248923987	0.30087211772102157	1.276647442794883	-0.24859473329552537	2.0214766050193886	-4.430150022811973	-0.7788541033693365	-0.884179131635409	1.0319198457886083	1.8768005496472957	1.101910214970279	0.32341730277448383	-0.08301695722815262	4.734653545399401	2.892690689388787	-0.22175491158414998	-1.9344032213370652	1.9720553732675805	1.1308198581321203	-2.0026514869289453	-2.4599764587707975	-0.6097156616681194	-1.5061951639689717	1.8151145346341924	-1.4857777334132372	0.7145614058163465	1.540623113646292	-2.051628250215712	-0.09226694393851222	1.4833732903368613	-0.6311736349844005	0.034176533312407324	-0.8298739934497967	0.6365179947997825	-1.279423990674993	-1.7095145257104798	-0.08141405557723845	-1.9205420818685122	-0.8549617644682741	-2.59199260076796	0.3156302373304761	1.4287107098420604	0.9937800079156233	2.8561321005719384	1.069388084609244	-2.0254281531595035	0.49914449136634054	1.1315439426320122	-3.0612589996185493	2.2580736607564322	-0.7765617089202485	1.2034967183682703	0.7170664769532707	-0.20869995022520418	0.40532801044985456	-0.41891379339256823	-0.10448842173326144	-0.2851827966844739	1.0492141992901014	-0.2766789548524499	-0.14844611811217792	-0.46293391573724657	-1.2371655335704161	0.08048913295015342	0.20847336134853953	0.5723525524214155	-0.8591384125551986	-1.079450701518644	-2.4985711651734945	-1.4585240770503622	0.386967570610155	1.1377017742836362	1.2309134123901364	0.31380810387659763	1.0971791769800898	-0.09331345735935576	-0.45239469992913856	1.135257920562808	-0.26250051772505045	-0.3595850636783188	-1.1941174180975511	-0.10030502024780687	0.8528588878048481	-0.7001255422010328	-0.10560088832528686	-0.1467158237024454	0.2807059039162579	-0.6992391002256653	-1.4781155944139333
DTXSID1044564	-2.754386648820257	1.9674054981668716	-3.4230619408860075	-1.272554853418454	5.349811826648581	1.087415916861057	2.6098974543152043	2.126806513086464	-0.13885052434861098	-0.8119016244634975	-0.9319693919794728	1.129168264191011	1.6306867444208806	-0.36731107671316854	0.2738088566830681	-0.8727997440985098	2.0263554089697067	-3.3976445410597367	-1.5337363748202197	-1.0240975177414966	0.12899588147890143	-1.6825141111397435	0.8832904092097266	0.5203589810516814	-0.9227020840945258	-0.17098718326958817	0.3696334558175025	-0.18665853293432996	-0.5917205482695208	-1.7416391552750967	-0.14409149641994265	1.0202278229724004	-1.095494097159237	1.696461512771262	0.6393595546744466	-0.49658132971467733	-1.1331700097156343	-1.4291682883098886	0.16676494077247403	-0.3985382088938414	0.6306443297504858	0.7693380857822874	-0.04517286562797959	-0.39706595484738216	1.5573879347474548	0.8101388493484948	-0.7786641607821743	1.2084949847062492	-1.6116484766670391	1.6898885409483966	1.7466070092726347	0.6281883963541377	1.3231333187817844	-0.3961611323891097	1.5372583872856305	0.15880071765036247	-0.16001135078361628	1.7199627163797349	1.9534200245909643	0.07058037251144036	-0.9132038925449624	0.9387173176364325	0.23364013564270783	-0.05545514200519838	1.3238632599274702	-0.0584517339121881	1.208642132262279	1.0104182141709563	-0.4630791432767574	-0.8809632236055243	-1.8004790876902166	-0.2396647900361505	-0.016561464224711	-1.5585832915722633	2.3211434037661753	-0.43414008946012245	-0.13175912232577924	1.1838679188076786	-1.1695214894220025	0.17750218511780036	-0.30990692231295897	-0.001442539178218539	1.422940640145705	0.012876538708696239	-1.957051475825073	-1.0211615665422509	-1.0893889717509493	-0.027601971483258346	-0.8145375282529653	-1.0856428017780317	-0.7489649705961312	-0.25943144293342874	0.20760048150477955	0.5679452338920058	-1.4930821768580742	-0.6771072217745008	0.9228499323731556	-0.3603298741786548	0.6158146998681281	0.060098550416839376
DTXSID1022003	-6.6489475073444195	2.566095890387584	1.296736705531993	-1.2723850302004978	0.9428939115771184	0.9677559963666789	0.390930064156702	-0.9928538330338927	0.024621143468981976	-0.2977900254206458	-0.7961228175958075	0.7175897662151849	0.937876070719116	-0.5754062392187498	0.009516260020193736	-1.309032883037668	-1.2876980514958039	0.6455952759395375	0.00779527857027551	0.34909561911118453	-0.519081559947292	0.20999900609127067	0.2503110055934732	-0.059138105741285786	-0.6893501943259562	0.39002194342496016	0.4683812624467724	-0.6695574077471859	0.2485081966293459	-0.8921872946893132	0.675878729674893	-0.2262140848858408	-0.09864316967810483	0.368126170455936	-0.11383201560700965	-0.012190881662980494	-0.6880771554505297	0.20232351567670973	-0.6090415274438679	0.20714172362633965	-0.172624672633503	-0.25574317999577734	-0.2513891489150709	0.6424713887499771	0.8282466595667548	0.5412903389837289	-0.22907105392961621	-0.2593726821038411	0.46012312458916416	-0.47861923654029626	-0.012831401325267278	0.6397805288686488	-0.36269188901945926	-0.12325247207594596	0.07925332235364826	0.399620019212974	-0.03130597434654834	0.36176674919214846	0.08152359603399427	-0.05158725335925094	0.1686218930881643	0.27552921822104326	-0.12154920082918326	0.22246589610299006	-0.2505353306767758	-0.335475074252408	0.24596037368606796	-0.052760837668595933	0.23025739584825158	-0.18780784076796803	0.6678983393559352	-0.3351159360487348	-0.061625695168368654	0.5079458845767534	-0.21610884186684653	0.6666939439088734	-0.02019428958505688	-0.2716395286270428	-0.10532160464095863	-0.049239236828042494	0.18232154117316088	-0.4094687696521774	0.2627587705628513	-0.13611620616877093	0.5294671417070631	0.16249742995474098	-0.09619071520043834	0.20377395746397756	0.08243462006576413	0.22679739024053014	-0.13914807527688666	-0.11939429345805393	-0.48548232092961485	0.039705609502813224	0.014784340953229853	0.4106974623043567	0.06922428528242226	0.5329881024717197	0.3233978155837825	0.12407062229713622
DTXSID6045323	4.138814099977407	2.2839746628555355	-0.9093549547650206	-2.3670048770361274	1.362652069488161	2.854270208025858	3.0928329032326207	0.11666962198954564	-0.9822500061786212	0.8621559426959267	-0.10134792481247969	-1.5944926944861142	0.07924085377449631	0.7524757940299307	-0.5958681420167559	3.2384219078535077	-1.1212924593421854	-2.7158900420988767	-0.6476569981384996	-1.3750101662057457	-3.9613162013282994	0.6765664413762505	-0.8926805600256235	1.980685561711108	1.6255292602350333	1.124228964834214	-0.35825721303968466	1.7814689281300387	-2.5968425400057584	-1.2101848879968518	1.0687315949845422	3.5525429912584396	1.1315838042698088	0.07288592618889976	-1.8504200018506554	0.6823965095156422	1.2116644622392796	0.062172842817880644	-0.5677703474082102	1.0196951603555557	-0.08824340341202011	0.17792334366515936	-0.17388390310539284	0.07378821035966132	1.325505013251153	0.8552445889911308	1.7467813535152714	-1.475886730923309	-1.5380197169769276	-2.4829106755744217	-1.1238457225437648	0.7926594799245963	0.34552824855249037	-0.23735026084624758	-0.5651449519259786	-0.14464216488752824	0.8291272076157636	-1.286161365855359	-0.9775355300920888	1.4592913160298744	0.3903156191175949	2.603688375607102	1.0544281029182538	0.1655384776706603	1.1688770187449473	-0.731709756085684	-1.2942734663452582	-0.4848208465045352	0.6044100198786583	0.08545918765199406	-0.3013397396504535	0.12395209860852924	0.34065937519472944	0.23422517438380827	1.6557395797071641	1.2787995937088121	-0.02657499029060926	-1.1580104155857531	1.1646790568377712	-0.290562597157076	0.6407972473253654	-0.06700374301157005	0.7412310744208053	-0.3980521030648115	-0.9559984254827437	0.12066728677827454	-0.002354509038051449	0.0751198847108057	-0.40148709916330955	0.02777016106712845	-0.5609107380681048	-0.24599184278177888	0.14694446065152697	-0.38752773334241586	-0.4630869181834068	-0.22839939423143224	-0.040081434231690145	-0.03527553671096143	-0.350271017611869	-0.11742237246378553
DTXSID2049422	0.14368088924766886	-1.4692071483538394	-1.9058704888890854	1.1636423605473956	1.0950542643904562	3.525379266151321	0.636729280974573	3.098117743088968	-0.32051689300782193	-0.48324286767479585	-0.44090469431262486	0.07851943776983641	1.0081660706492015	1.173792535665213	0.04763964023510967	-0.40517102524326426	-0.03125891389411807	0.39350370312400135	-0.21517995742252405	-2.156679778286124	0.039019736168457414	-1.2098752997434188	-0.9494184408497748	1.3202238744763883	0.06432163901693645	-0.2886855724179667	1.1774295904974421	-1.2429435463342204	0.03174731608151747	1.365800141800755	0.18661114778774815	-0.05630136063547919	0.5354576792219544	1.2412974312145524	0.34282045704817676	-2.1585604399727307	1.1378793899103623	-0.44307953978792664	0.6185087298217382	-0.5707803769280533	0.77618211444544	-0.6230683315418338	-0.25715159935003556	-0.031546801306552276	1.2643447730133086	0.5133160061449159	0.8895912706004483	0.44823751263285716	-1.2313882055017564	-0.44862930513516414	0.863879701112981	-1.6383786085383212	0.6135599607910098	1.803541680859848	-1.6846760278618342	0.6786069062279692	-1.5355104224829657	0.3562284665350534	0.5083094342061331	-1.1987038860807895	-1.1135086079572458	0.9759123734160818	-1.8707713079958426	-0.8663293457096847	0.0647667019323427	-0.6002469044452154	-1.2820208327055953	0.9995107613800784	-1.2729832128848042	0.7392415116769431	-0.6463439298456767	0.2146951780770185	-0.884128417930762	0.4751961460758663	-0.9835192224457927	0.8155028871676213	0.20975225027632052	-0.39575016826719145	1.292400158238268	0.3694963394172394	0.014135323897612077	1.0797378726018787	-0.8020799164352971	-0.15524135768350883	-0.6652233803218165	-0.18578059262072955	0.15826733841562474	0.4605612260591935	-0.7197966060979869	0.3747075526171556	0.8460686780647582	-0.09338267138667213	0.383561500039446	0.125508592084702	-0.5006025148883975	-0.9099228438665152	-0.6011818016068597	-0.5759315239835529	-0.32908937641625036	0.601596935738485
DTXSID7048827	5.1693657399746415	-4.049621039458669	1.2249175100854062	0.796291694181933	-0.12766652729034697	-1.1387657647495153	0.3362290629677837	-0.32130221233622547	0.6892885805196521	-2.152420979546657	0.300285363784173	-3.0149806870578746	1.9109432958953365	4.801563845167306	-1.0757424792252257	-1.1051021408435777	1.275053016402648	0.045043815641461996	2.343372116050527	-0.06801818196624919	1.1576780767638355	-0.44978614271769396	1.7039126123475807	-1.3398929502845254	0.20845867226333603	0.6621886986385206	1.1864466969117446	2.223189664369362	0.5330484057350016	0.06713019283961635	1.2105996365154506	-0.7224314584057552	0.26015510446449636	0.6931810243943747	0.03832386031877914	1.1036831318551588	0.3530644391415309	-0.1707097425712208	-1.0933825127288168	0.9379425005831115	0.16938374029715061	0.9246114934521382	-0.29167795186027173	0.01949731220284791	-0.10909685106172227	0.30000778448865484	0.6558692406078013	-1.7155754063844062	-1.0603005240040475	-1.3218710894231536	-1.4565622757884755	0.6515174243356733	1.0071566109004677	-1.9364822879319483	-1.1815776459072043	1.0153292029611005	0.09306602946273496	0.43203996173041054	0.15865226246483746	0.24824038639211438	-0.3339515847861775	-1.340165544234371	-0.20956247818155557	1.142448414314119	-0.49627022827861644	0.07290457998035726	-0.3434453767296632	0.5528951051240646	-0.27507921725301787	-0.10317928612646544	-0.8346249076433477	0.46923472831902385	-0.09311935964796904	-0.08055947677022283	-1.9156165566323475	-0.13413814459510268	0.20906786899891616	0.3313127920042942	-0.17432658994442793	-0.5085082297559174	0.2241663476164252	0.36304844634757627	0.5362544394213592	-0.3950073275231335	-0.4499876678288276	-0.45523105173737044	1.048969109452125	-0.8224580276757688	-0.07991482994395949	-0.33030060024889496	-0.14396713957542495	0.8032820666754898	0.26533171445233594	-0.261082540681602	-0.9032205473052385	0.19071193319485338	0.30386686298247795	-0.6904706693404681	0.05201328936108161	0.2505378283470635
DTXSID0024470	-5.1772013506318	-1.2225908413304256	-0.23609785531134936	-0.778351538433222	-2.8932225361099038	-0.47241890383350044	-0.04408378037560716	2.562619960631323	-0.04556937859772584	0.28714964109140073	-0.3005795889409829	0.42633456896019317	1.1678879300957665	1.199370728172554	-1.309336238262375	-0.1814261584920456	0.35175580852726834	0.6656338901871274	1.6113130009408385	0.32234071627428024	-0.05352797954788006	0.9053111619686167	-0.027877358654818923	-0.6173193980652167	0.5921847314189007	-0.04168129814634694	-0.14477897993989408	-0.5900582788135675	-0.5281412336048028	0.3915184803233189	-1.0592477930600217	-0.3645530339184588	-0.049481188140360004	-1.3066504552307696	-1.1638497021469039	0.37347325191556824	0.1001596212838248	0.38165338334380194	-0.42210569569215867	-0.29408470569870715	0.0013672838251102815	-0.6791792685834209	0.33315930484425715	0.07647819855834784	-0.42339786889428915	-0.2507765008800549	-0.06051693773892723	0.4721713306355793	0.271011293596755	-0.25005059152207604	-0.39424228670572176	-0.6905857749473726	1.268312805494014	0.5422885284120117	0.8449331818897395	0.128091756665855	0.5619219213013024	-1.5216083214905738	1.0779218140583149	0.9095175362948222	-0.45527244042914694	-0.3899267950498899	0.7940996416198737	-0.48137903011097155	-0.3738291053952587	-0.6018682416376313	-1.0566928852935937	0.031685140329860716	-0.5307350395320892	0.12404454458710458	0.6166014362641321	-0.2768075325278639	-0.8653941605946684	0.39913288694397664	-0.02472188863034163	0.06605109022711765	-0.9954797093654897	-0.2772951383720435	0.8841026141711433	0.38018544444101726	-0.5355952746869206	0.2831167679276901	0.13058971248037948	0.3058715986476077	-0.41755350351449266	-0.06619689014551193	0.3201946498394953	-0.30535965713118524	0.4109468892278548	-0.4599293164721208	-0.10313304016981857	-0.13250338845256396	-0.2702077492291756	-0.5763643237183689	-0.32183394246581026	-0.1065511632564741	-0.22050699881265415	-0.058163897538106364	0.15014891104611197	-0.3606416131104028
DTXSID8051544	-4.377292920198671	2.124407871199472	-3.105200802097879	2.8371053962318267	2.782020298386273	0.6000753239509645	8.229294363932572	2.1086080328480215	-1.9510537807735342	5.2294966202973034	-3.9118825685394607	4.76968749867816	4.625816844413418	-0.062144086257699106	0.6050181004070555	-2.5670386823418245	-1.6136897357499158	-2.3293362850000983	2.570135564581061	-0.6648521791729609	1.0940862615243783	-2.3668010956468875	0.710444925097612	0.13194232980755266	-1.87706778998971	-1.2285203771589361	1.105797521531899	-2.4165990733817355	-1.146011909861009	-0.2539894392059164	-0.03143917680518488	1.791579649935599	-0.8266105031459006	2.7165834771618647	0.39152219058822973	-2.277496780641009	-0.261804473334812	-0.10378903000107856	0.9110586089901914	0.014548818533485426	1.6200405293165832	1.7296764048316693	-0.6503352777348018	-1.446896578335042	2.694670749466528	1.5236580576451817	-1.2356100012553035	1.9690096767146128	-2.2789072426730566	-1.1596027239545819	1.9954210047478445	-1.3984599686324832	-0.9926947586943183	3.5833793531083873	-1.2834314316101954	-0.8049628823409003	-0.38787954363781707	1.2782660316921275	-2.1708581747259452	-1.8408257490165045	0.10032279128325283	-0.4897087031835009	-2.0154476734082296	-2.2339407659177404	1.2222008422752453	-1.7573205765115012	-1.930691453230121	0.6330444327524191	-4.219295237129342	0.46499959574669536	-0.69759851199665	0.3026545561755479	-0.79740433413206	-1.1266533606045412	-2.3097041626454993	0.407845858739823	-1.6142181476949378	0.044387291664164795	1.7847814683387675	-0.7556470054165044	2.5600265574563594	1.6490051686035039	1.9247486456701126	-2.9997442260647866	-1.774858408295966	2.5088757404206854	-0.43930943056852956	-0.43731328806999253	-0.5150165242626903	-0.7093695780981174	1.5207885762042863	-1.9338513392762753	0.365006887125724	-1.767448061552571	0.3222393505253222	3.990482557851784	-0.17529656079001013	-0.8713997858854556	-0.6929161924151881	2.2608054645918276
DTXSID0022646	1.6460093973138412	3.0121385264798333	0.7306140526866736	-3.3031633917130674	3.5572847849398705	1.1219018506982457	1.106285865004368	0.09596060727651058	0.6164310234198709	-0.36430831125388297	-1.0683862752673334	0.16261366258788132	0.4574677320869846	-0.2845234589639655	0.7396538256205691	-0.8313401214548387	1.1373931540389748	-1.4325958642222507	0.07787967744347236	-0.2644525251790312	0.2549074087079198	0.17756512550484793	0.3737549921615704	0.2110336982778765	0.3154531213275108	0.3393360747580003	-0.13093152076535586	0.06486239438988918	-0.9381470539440344	0.1743352725232696	-0.6174942474651824	0.25415074644347907	-0.13243377399945763	0.6304493608922158	0.32088004230692524	-0.7732523680391142	-0.6483198196806818	-0.40476988534362485	0.5420424876375359	0.30159635007373736	0.1874834309413665	-0.2746862403645135	-0.39019688607102604	0.5074608925592519	0.7623089473965778	-0.284821448733649	-0.4795025312145847	0.13088876612248568	-0.3181260965849523	0.6328206187225871	0.5989126403098683	-0.398656329034295	0.33276599169948584	0.23727021193188458	1.185455206023356	0.6898516813877292	-0.4788317653391255	0.11856190446957016	0.7049557222304464	-0.11258462812838024	-0.6815815198004979	1.1102515969756448	-0.19688736765471987	0.09329299785047977	-0.3099555216148909	-0.6552529327209976	0.9470203606052396	-0.01540940261524733	-0.3382108852975233	-0.573456790902786	0.2873909676770552	-0.43387665260523955	0.2750651086237849	0.5328533205700655	1.240191479738213	-0.2394795089943002	0.08116216564679944	0.21191641412740023	-0.2604899272088172	0.06988170741517054	0.7304838292579409	-1.034885867711106	1.0131220690368092	-0.7285151006852667	0.10919498454447293	-1.0018834747035683	-0.01726723840981242	0.07010441981519637	0.3721684162716984	0.1836221795626073	-0.8799325503775373	0.47889237387772454	-0.053218949251933656	0.2044215612437875	0.0689557831541923	-0.18034357209836036	-0.25420468227544085	0.09321163508741226	0.7371418151186254	-0.0059030849315795005
DTXSID1049352	6.232156589949112	3.708809975915924	-0.8796664633394528	-6.8758965502718015	10.198485360819815	0.07365169042525138	1.990217697051698	-0.650038158611952	1.7991763833925156	-3.548612385352543	-5.099040904657577	1.8720681253654181	-2.082592794526094	-3.7742224367517476	-0.3170822716763249	2.873773750518204	2.631038399742013	3.0992077247875987	0.9076510842330558	1.557960053830566	0.9704536035874909	1.4112954266422615	-1.9938707370534807	-1.41155630736465	2.3247299347023858	-0.6507558261108328	-2.3757920221673676	-0.5661985260284286	1.1695432611908614	0.9129843453481101	-1.3616834735703864	0.1721116431512081	1.5584239553421781	2.0908313215957364	2.604484063536074	-0.464286262727264	-5.80081318080736	4.714589717358907	-0.5248048736270533	-2.822216967206792	-4.741194763218063	4.504521407487263	5.132143006086437	10.85704894770761	-1.710318852201273	-5.975507470421734	0.6523832729388924	-3.931731354079982	1.2435143911180615	-1.8191415116928096	-0.757587145417375	2.251294266774883	-0.11406995297659686	0.934196325462797	-1.3881144045219787	0.5522575674680529	-2.235465955127804	-0.9502432738422071	0.46729919137734216	2.0987619001849103	-1.2169556575197007	1.997718422988638	0.5225743751464312	-1.760932247845906	1.0844747053732742	-0.21824102107411142	-1.3069052509483365	2.073509869896391	-2.3183691805000946	0.8607011876846106	-0.47905182808565033	0.41404310027897484	-1.3187294839817045	-2.1702417498375772	-0.4144445324631896	-0.01536174057675469	0.7507498670648936	0.03919606635462383	1.0305562501230199	0.6922394474459682	-0.30166197671866984	1.1759395262295942	-0.9117930261443699	0.016680355882385898	-0.966085265511729	0.1847303325441803	-0.6154011806590268	-0.8013539666022544	-1.1594955486827976	0.538422719920598	-1.2127294193564109	-1.0498875279939643	0.21823247910278976	-1.230784841535159	0.982792906012589	0.5734494623687749	1.1362892229249175	0.9237220287506149	-0.6881425700587556	0.1894458060339192
DTXSID0027640	-4.5352548632202465	0.13274392146700523	-3.4343702325249104	7.780275972514532	2.8708672547770555	-1.6971425186975426	-0.7597749413776617	-1.4460901750275428	-1.1294029272223034	-6.292713044660493	-3.8073817690725815	-2.771944014542773	2.1464762512451516	8.714167051661393	-1.6115285385940652	-1.8329334801494812	-1.7569125518212043	-0.9519078609341994	4.090791545061685	1.1104993573134316	0.36867462679682295	0.08722390977925087	1.853803942824717	-1.4991429159644183	-1.9024401170403697	0.37154067137892594	-1.354256251064508	-0.4836186639139799	-0.47686806820078476	-1.4785232732163693	1.7160441512483602	-0.30504079480839497	-1.8430390593677146	-0.21175133423019277	-0.5918426839296527	1.9033543120013143	-0.4117371123291019	2.53052642561531	-0.29760967753332473	-0.4002391528701039	0.42881232760709925	0.7986918080495503	-0.6217912296136139	-1.7489705521835517	0.48942991377156353	-0.11045166341292516	-1.1948561327912166	-0.1574303214256074	0.5905820867255779	-0.4106175873788232	-1.3208974241698999	0.09388621815094543	-0.5323735831994095	-1.0054294926294098	-1.249381682883338	0.1810771139251683	0.5728425519203111	0.0163392916438951	-0.7433528425915313	0.5098835502691107	-0.49449069390029016	-1.6413190509525761	0.7326071968297955	1.3664965487441039	0.6924941460581101	1.1175589913048758	0.04264962634166033	-0.3692405844696807	1.4285087306226238	0.8766558138555894	-0.6363777205536083	-1.1151022106529234	0.4828727301522984	-0.8079038239539045	-0.5404785063718888	0.2645225483043208	0.9060630762410621	-0.5152132532047692	0.042714075662099046	-0.49868400628164183	-0.53769819990978	0.4781596388526925	0.8753683836561906	-0.39595621758180954	-0.32891757971534713	0.1075674750513187	0.2757055897460524	0.040128439971267894	-0.2922623719723286	0.39909658835390166	0.43020167829602624	0.3248308342915473	0.5177069055217381	0.4852902196056209	0.2748416304911354	0.815413200931549	-0.03270948338254814	0.3347018486594504	0.679849996720135	0.29776799187795994
DTXSID8046531	-6.933375339037511	1.444091254049572	-1.6806589440831807	0.9471349012727328	-2.4255423847632853	-2.4112606940099197	2.080450539481507	1.1640105839111565	0.3483905640802759	-0.9633954951949416	-0.9977410305730764	0.2121296402051368	2.402802730464622	0.44313378665752334	-0.8080220685211641	0.41234254662758385	0.360132719613009	0.4511504598474093	0.7635366015235697	-0.6520571786371175	-0.1419733715444627	1.6540619972784065	-1.0230165000033127	-0.6375414152893678	1.7137680833201714	1.5615105297752765	1.080792507321206	-0.4994295407047248	-0.19915608871489424	-0.035669171671038016	-0.1387412176588242	0.4667265760013993	0.2951564330678288	-1.2519649454224986	0.10106576670174627	-0.07145251302742231	0.18760194489802404	1.5077773546069901	-0.9344947934682456	-0.30534901264205155	1.1067664456439434	-0.30886632929055324	-2.3326408704801516	2.2441195317081686	-0.284894464590707	1.5511754258832309	-1.6361959304724925	3.0511778139857015	1.9378333001537373	0.6503906198218156	0.308799241179219	-0.8229521770333892	-1.5352785986472655	-2.5859797780476597	-1.9644032527779707	1.1738308527327541	0.059826158137449466	1.4058183068989425	-1.0179490461974148	1.3511329037395112	-0.8187773556812873	0.6048159929828717	0.06791481188246865	0.8096624296434204	-0.033061575874634194	0.19638559652612242	-0.26823427016491475	-0.16406577793963378	0.7937004691258777	0.8976078226933065	-0.1561570389409641	0.7773858751053165	0.03304878797851319	-0.08921535484884906	-0.8063130297593083	-0.03169631566345422	-0.10443086858781049	-0.36479644779640075	-0.17379094961550867	-0.49213181827251185	-0.6446066233505605	-0.5239778299914628	0.5824922117648241	0.025796177143895677	-0.3290717031114228	0.22676700457769705	-0.25738498817756583	0.21201315834149737	0.6382710608467235	-0.06870265524608468	0.2951885719086914	0.31477185530858326	0.356145576522344	0.01259239738381381	-0.0801960976851227	0.47045211796020975	0.2212134866845824	-0.19760247729022326	-0.051505965622375735	0.25739140472093
DTXSID7025635	-5.531066608177869	-0.6191301841893688	-1.7754295601944798	3.4687891294979587	-1.932549975573938	1.4316256880227687	0.7159302215041039	0.7493523689726206	5.925113032264849	2.0161031734785526	-4.079642389710269	-3.179923600217813	-0.31718072452034823	-0.9619297927156822	2.1574033634848497	0.2487057876083648	1.2794282761497848	0.658264355212581	-0.6281669541026984	1.1563056639583422	0.1259841362872619	0.1293084234615025	0.18413254614164506	0.5815639563377588	-0.8432485235969448	1.644042787774743	-0.24459579827134553	1.264223125999874	-0.3185826758490413	0.34560082327039876	-0.33282125375401944	0.19487784851657328	-1.0001072066824646	1.2444408086813712	0.26904314795686113	-0.01924369407946008	0.49035588107206907	-0.13503975202123308	0.617609937200826	-0.6359662791032313	0.15615825533974767	0.42738529145245835	-0.37580150103542603	-0.5416268275338877	0.5734251867382953	0.39531872185133365	0.4847781034082612	0.36024749316198523	-0.3767690874096586	0.39698418234495264	0.14912110166220402	0.461582405923653	-0.4380129644493805	-0.08317683617713972	-0.6940603868626213	0.30496482488672116	-0.20857202927061227	0.15164150749963462	0.5603583981497396	-0.11327955220114982	-0.07906801261949105	-0.6840159903207487	-0.29977810420188733	0.4818805130724007	0.4305861066110413	-0.10460202468391365	-0.01931228510369371	-0.27395979544946425	0.8348268724877356	-0.31339509073761795	0.49406729014664547	0.07690224001696215	0.2598168849529349	-0.11643226664639257	0.07511283778393067	0.11239357983231882	0.5607992230671192	-0.08983089062426786	0.36781311302751235	0.19762462117445392	0.3884179055374166	0.4187559951101658	0.26853756233400977	-0.18881811348189445	-0.1580402993959413	-0.498479394075043	-0.41094961265755947	0.46678927232444745	0.05353840733017889	0.1531051436743622	0.023138278792028233	-0.24026796057039443	-0.1429669771105555	-0.0008523123866979677	-0.376621682674428	0.03638368312055693	0.18960842289341592	-0.11255899538421157	-0.17230178312106456	0.5905388649371069
DTXSID1021827	-7.423299339791332	2.259623952967406	1.249240197800488	-1.057638030401611	0.520751118781683	0.653124986180462	0.5036135085461182	-1.2689388415145126	-0.23852064031023382	0.014085847289146778	-0.8857410073864226	0.6214010400847118	1.6351100232321278	-0.39103006541298563	0.05508970535549941	-0.46540351151663895	-0.594313092637345	0.2840269287616304	0.02680560929243813	0.5466169587414637	-0.4304011288588629	-0.12487647671517124	0.2546145952354209	-0.43516403934950876	-0.7403322154714863	0.4055499071037262	0.4028478789908881	-0.2721969071345203	-0.012300599812213828	0.18475672381674524	0.3834870882346819	-0.0018386846391999292	-0.24493114650089562	0.3375379463890367	0.3810190319358876	0.12618563945733854	0.149099685546036	0.22420507422998687	0.20983155140516224	-0.3622449194630817	0.14640896548617616	0.0899679016150315	-0.03130854263334752	-0.1436389379266322	0.5016769611977048	-0.25737260536842776	0.07300722187807676	0.4609791585038466	0.3049743252636182	-0.3849588817697837	-0.25713409156438	-0.1939506299887513	-0.08718388913590006	-0.4823861474540178	0.032979315287330384	0.04180128805138471	0.04232537382506179	-0.1613793083169117	-0.7317263766949934	-0.2836401294171867	-0.15575397193479668	0.19914443092971593	0.02619209017641132	0.3867026153121913	-0.03265494823939464	-0.19205168393556535	-0.2081777768019128	-0.2212989086925834	0.0097040470531713	0.11365523577720772	0.09275286584873187	-0.03162058081251015	0.45331722884492237	0.7292066821443944	-0.30746132699895806	0.09806304367534444	-0.036878402277356316	0.14293474140650858	-0.4797884136041785	-0.3240013881279245	-0.4925152446373496	-0.48225529237398773	0.40998253137315893	0.052804398411833244	0.12006127864183284	0.02697395482958441	0.20340590955715912	0.3201775762001109	0.238515143607907	0.13950972395384167	0.17550059572140436	-0.2296969360711241	-0.19475743490225098	0.32107746942901744	-0.07162844969352669	0.15144889109210724	-0.187128226913729	0.0823500258806129	0.3147205549335798	-0.07281643894526957
DTXSID6045614	24.563829119913546	-1.67875422151636	-2.2439664793564065	0.7359022731974667	-4.95331570842509	3.695263111340503	14.612349413672439	5.049777734488834	-5.4868571596475295	2.535112375846187	-5.790923515750934	-2.0939288596162675	2.6489315351115668	-1.7827961566359747	3.18213471215575	2.4573208772382227	-4.586401306308896	0.6122860582326	3.6120776967708816	0.4978687538306779	-9.948743124889761	-6.186506102726433	8.426126066715826	4.124165950683319	4.704896733223794	-3.24195570668988	-0.8562661536399038	0.8339209894647055	-3.327464922689992	0.2620417243485805	0.17216273528224624	0.5866071069555167	0.5602525685434928	-0.2849567449778067	-2.2347777956995176	-1.1461460845095321	1.6751197248286462	0.8115554959382872	0.19306219310463021	1.0429044213687977	0.42108292417959703	2.503124344323081	-0.7669056583106374	0.1277853569032	0.3323691731562878	0.946856054276302	0.20361473434736138	0.14948139304883398	2.5647799778847173	0.0055268802861694845	-2.2357727519072523	0.5811856473256568	-1.2847207587533558	2.061818861598967	0.2940154991123117	-1.0396013245560645	-2.0470729805239998	1.2994488065290977	-2.221825018614018	-1.4161327735171583	1.6987223543238987	0.6235202350641762	-1.9342571381983877	-1.501551337394262	-1.9020898968483224	-2.250152478983945	-0.9779005729441244	-1.9484043133587186	-2.640061795029341	-0.378113085048854	1.009743657643471	1.792387947170372	-1.7845252227435087	-1.0465853032768417	-2.2167498338421177	-1.26500129686637	-2.217526033493333	3.7284063539722134	0.7503055725535008	-0.750586103821547	2.0925051444066027	0.3846476236757079	-1.255025602282974	-3.176822811050691	-1.463064948697369	3.204371160759588	-1.1280053930473453	0.5525353170596198	-0.22914248203178322	-1.9064820044092654	0.6683197123062682	-1.0467055987903209	0.8320964706083106	0.08784233536558642	1.379195395538739	4.394976036267433	-0.26317947065989	0.05916969440840675	0.908134770615497	0.8649098938801194
DTXSID2020921	-6.520638465010045	-0.42696271051740364	3.1907028406144264	0.25601073431708754	-0.7217767236507764	2.247758829211846	-0.6830520412606045	1.491832870700929	-0.006717029495494839	0.6201160440782225	-1.3092877367875138	0.9891875752902559	1.8399715972686768	0.3493677464576614	-0.7392328203461268	-0.3259087319511405	-0.5430728640519737	-0.05297423809371616	0.284459958234651	0.5719027615457836	-0.4367862689735441	0.49104813787571006	-0.014619230100638045	-0.3749526505877912	0.8072805978525026	-0.44329150407152706	-0.1824153931793454	0.18964404874004379	-0.44878742044508213	0.32240121497036245	-0.5603613957821902	-0.4076422034951612	-0.19106312018632038	-0.25867573399754007	-0.42778644707871993	0.3653662543306926	0.3337642543771781	0.4171205663075816	0.10302426715473446	0.04342531616311809	-0.039574277502533214	-0.5663658499001225	-0.19004620775330303	-0.4132084517009626	-0.09185188330209636	-0.4113555385056307	-0.38652236678686197	0.09244704001439065	0.402472085367555	0.211073386498361	0.024563617602832988	-0.5422323567405692	0.38751425314405946	0.3659214847380679	0.06293749922841772	-0.14567821288010202	-0.14294612465805195	-0.34267599346459837	-0.1675705998347998	-0.0685229009839674	-0.022200104290718812	-0.031081123395702764	0.45292502380355243	0.27371279041517926	-0.24648857192197351	-0.06865139273784089	0.15863185063244123	-0.10329301033076649	-0.16553927836003518	0.11295113466447847	0.08764933429762028	0.12928503686388446	0.12427896562441015	0.0895969296102592	0.018734139553576216	-0.1814026607465301	0.2610702831155537	-0.07894833696715944	0.00902026602485289	-0.16022451989159198	-0.10144727603053347	-0.05136454383277535	-0.11934991110378644	0.011959680826906271	0.03125088123710282	0.054058064254531094	-0.04718620743469607	0.07511539741359617	-0.060105779391873525	-0.499877766489273	-0.02091724272579006	-0.037711867806704366	0.09491208962698204	0.06218708523576357	0.016720767040371443	-0.15692094450454838	-0.1854469982739793	-0.14869274873647223	0.1929540979487466	-0.17708837211619158
DTXSID2049004	6.573319168370733	-1.4685992096778193	0.8430098199295879	-2.741691697413879	0.17541352682469752	4.965991126909377	3.448169648038604	1.2010098165085485	-1.2621693331150305	0.6889172389926121	0.9767314743543395	-2.775988277816844	-0.42804787116975695	-0.20223752760447836	1.0869977942173628	2.6559177658278266	-0.31680117476004827	-2.568691408243804	0.4236354566135078	-1.9636215794061305	-2.3100101620950793	0.3605648842285561	0.623196410402172	2.523412544244953	-0.11157309094540495	0.6612525914757953	-1.9377773499096025	1.4279186448852739	-2.496650126599614	-1.138934007922392	1.1348513824557915	2.5749391164773114	-0.15353497750673334	-1.394570084673909	-1.9599128761716553	0.9699437489075058	1.2045955892747136	-0.6182201895184337	-0.4408594392288721	0.04075326512897687	-0.039464102506283585	0.12480205783091014	-0.6002822884441568	2.0836419122171588	1.209112314020935	1.1657881472833418	2.1798225548948027	-1.7752287375657172	-0.19947605449113376	-0.08486235369472744	-1.447601177391374	1.0895441920292765	0.712486517102397	0.2098731918510471	0.3137594113465325	0.5182118131328469	-0.9318650304394819	1.0185054233930897	0.8406571614436803	1.0218252960064684	-1.0219786610049686	1.6383489355947904	0.7273061150210494	1.8113342224439994	0.7335933316074724	-1.0827602355727444	-0.6497518630937654	-0.13838436123947323	0.03071166839497408	1.5294988715608893	0.189031819268338	0.11665862119709955	0.43619287559192016	0.5064475926667976	-0.23241120702164297	0.924623844423162	0.06066767271691695	0.06464238841527713	1.0364786997205346	0.4016683594027374	0.864343019188758	0.3964658142144849	0.9580578863333747	-0.18999583191216665	-1.1000726872738735	0.12111526659952793	-0.4481447153289097	0.7217025481661651	-0.6432514226287765	0.3657217348429021	-0.5945001664368339	-0.48152919243914327	-0.012165532735242738	-0.33567472038511	0.02227380435331824	-0.04500754271355024	0.28266275183486095	-0.036612253321171705	-0.19248124910541506	-0.0772799098721822
DTXSID8020129	-3.93256856560992	-0.12458397723871008	-7.253512248809258	5.09697051148623	-5.281932452623553	7.289638305329137	3.168651564251525	-2.918682153345507	-4.92859228799995	-2.785751001047966	-0.8308598641237894	-2.440098882295471	0.6144743181188627	-2.229424650891989	-1.2212860377455985	2.14552806144188	-0.6070234105889176	-0.4016002407107528	-0.46372822792060936	0.9973766536930279	-0.7197691219143224	-1.8825994071603462	-0.07307836305306555	-2.2518967036156194	-1.0266748293297165	-3.9582081647772647	0.214451101071065	-0.9273275917257434	0.8735938526391811	-0.7479395898121717	0.7332661810969495	-1.6059344667078814	-0.6760438246118244	-0.4794295661141977	0.6952418665658973	0.3470472578290251	-1.132931500763479	-0.396983955154286	-0.31033714159007825	-0.8338028896508584	0.4154735272588053	0.9922047807508079	1.2376067204335583	-1.0279121380778127	-0.9741386714354724	-1.3434232236677177	-2.6727273955717035	2.0802285412372017	0.18883431933968164	-0.4289064048603661	0.8732804655215155	0.17039974275690195	-2.430265768510142	-0.5834758528698496	-1.9116183391184274	-0.5353783965731157	-0.6076725286338605	0.09058290590227137	-0.1541257011700412	0.46663882173910554	1.923571269042228	-0.898947742231286	0.07332943070701223	-0.26375908061659525	-1.6433947002986258	0.09857290859770411	-0.3492586002253373	0.48114838641472235	1.2459236286603064	-0.6799637987751745	0.7491151082482665	1.9358740537599959	-0.5021834257277198	0.4145930562021403	-0.572860792653669	0.3407314212476991	-0.8595926410050424	-1.0722843336638073	-1.8801749752970027	0.20640762698175152	2.5077858958083037	-1.6324720037969034	-0.7683655022134617	-0.21038954185503927	0.6419854615517709	-0.025719048506917724	0.20578283050035612	0.32356085292884257	0.9880935551616116	-1.6101523380211524	0.11602649109349618	-0.8810798365791104	-0.6702362271984502	0.1896692570727672	-0.4987697917945598	-0.20502680417271385	0.9251072542049742	0.040748787294223286	0.8612355784104627	0.36807704755960063
DTXSID7052529	-5.75529611965586	0.323081978902384	0.9687990372726779	2.5519091307569672	-0.48724602553863616	-1.0955534336173445	1.384099707343824	-0.8986564414234347	0.22220475646486948	0.2032111628769072	2.3379629908746633	0.1795025484325281	0.1668962654102007	0.21199013272997155	0.680112694746102	-0.43457535224200255	1.0789085300868646	-1.0098088066893247	1.1373231198448925	-0.563784687818833	-0.08626116503111732	0.3147231564246416	0.745614033544184	-0.27155168329333895	0.2989566540711938	1.3860514303650895	0.5943874248539249	0.01612231657593549	-0.6305755976007348	0.8356742670512662	0.28114815478171723	0.5192232057562108	0.5405493920447968	-0.7273027409999621	-0.015622587819547154	0.42448449069973476	-0.25565902036393645	-0.0750199014315164	0.37852366636126983	-0.37922856456180987	-0.11057508516039204	-0.39355400080298814	0.08574399401094142	0.6075496196049217	0.11810199174080963	-0.3965839603089028	0.49675043784777784	0.04959261833159957	0.05354692238642625	-0.8079281033713869	0.32217723023305656	-0.3508348993223952	0.18715079856633052	-0.33052339391281893	-0.08315646067053976	-0.7982241936147825	0.5212188126677816	-0.19316570613440281	1.1017548211077843	-0.23033022851353296	-0.36111351379937595	0.5353827697355972	-0.14498368355676633	1.5038243419362187	-0.6328608570608203	-0.22413455712338295	-0.22307762839262105	0.5119215753938139	0.10912696050379353	-0.6388284510544874	-0.2232016747263818	-0.0468107701423566	0.017906986436123203	0.226240715208683	-0.23743718810407255	0.24265529666336147	0.6390415898188956	-0.3903711385633603	0.30983310103825457	-0.09413473359179335	0.37366112029173165	-0.3260310106917418	0.08524175756194907	-0.02481494787677169	-0.5238335184721368	0.04006966907377482	0.3464344359338274	-0.36249150193727053	0.04017763597791221	0.14560169985592775	0.011559831050675843	-0.1376658578484353	0.041305396318075976	0.0858951692847526	-0.03371145792055609	0.012347963104978455	-0.05196108740667443	0.04883994461424937	0.1479447513198298	0.24600925416884864
DTXSID0021543	-6.31375260499547	3.864428422113735	-2.500289053316084	-1.9800927900772805	3.557334256122723	-0.01891842604631789	-0.022434020825728044	-1.4273302811253485	-0.8924636878100173	0.37881263738754223	-2.0548364677184763	1.4943609062414376	-0.9008749194117592	-0.15901802927087313	0.09541682422244771	0.5766139079541985	0.9892937504331438	0.14403814969970014	0.6087605840505426	0.05443556842896279	0.439059334703538	-0.28147948653284566	-0.9354737788410104	-0.2423357372193651	1.0233142057116962	0.26263078628347825	-1.270317471674367	-0.015499249579577094	-0.5706567635457386	-0.1993897103150261	0.944657140004282	-0.332913653606606	0.09929600521287094	-0.05766913338647626	-0.11732564490301173	0.6693509147144632	0.36321916337594456	0.14126291361607338	-0.13888303213898678	0.2319240740967927	-0.1921373530633738	0.40589726337272397	-0.4645514013694627	0.23516747562037804	-0.3661129672011124	-0.4808837010528559	0.6086890879750257	-0.02116805718968024	-0.5377895899943272	-0.7270759840247953	0.23287669774624592	-0.11939293664453289	-0.4507569677853185	0.3625961539632144	-0.44137528807001	0.4539373111679537	-0.7335599218655321	-0.570202759417771	-0.10585100236504218	0.07264907676242512	0.267016808885818	0.45550387200000586	-0.04898534873903296	-0.20008760538521672	0.2774571535231076	-0.5674589431496111	-0.35319930789533416	0.4380278767215661	-0.20971633922503122	-0.07036508911462848	0.31086790626583477	-0.23919193805237768	0.43204578681997197	0.0520248483541592	-0.1606443787591151	0.3479735591441702	0.05623366354028603	0.30362760061350486	-0.329775675891109	-0.14956195146277976	0.021539693599920754	0.18032046407117566	0.06219542142367782	0.2389121606845733	-0.06740128065558657	0.10401928086581114	0.05320285074783376	0.08787041901088154	-0.1414058347496386	-0.11669345792423305	0.23819708505765838	0.19256576609932874	-0.4060246730241579	-0.09039495786173887	-0.1594645328471827	-0.014406378858264882	-0.21782690668905935	-0.11396862356376021	-0.03229473624703592	0.12592303538240926
DTXSID1045538	17.166980723393817	-7.938426594479018	-9.38237197048662	0.8163037751176971	-0.7539821737276398	-1.5602800488064301	5.968632128241507	8.9871557549719	-1.3502719964854424	-5.725778088587387	-3.3562008203965483	-4.607090489566473	1.3013792249908556	5.2346108586614655	-3.143671466045391	-0.80730117386009	-1.473740886559017	-3.6631352168723343	-0.39973680635825065	-1.8040434698889478	0.4035565448855981	-3.4852913773423606	-2.617008790724351	-1.4417811598042118	2.905156672580074	0.5354280685746108	-3.317327688449096	-3.543084144260513	2.797580901396959	-1.8405184762411357	1.955663499269886	-1.0708257606287548	-1.1431151732638944	0.23840418056306845	-3.0801264249360174	-2.326383216294737	2.7088134663824928	-2.2635837181077583	2.122129176452132	-2.229608766285023	-1.1030931320999249	1.1184796400780326	1.8952641434297939	-1.1969806331753927	-1.2955553873663652	-1.1114178030312443	2.4966479099265277	-0.8487075384405308	-2.183697976288983	0.7410139762400004	1.357171911160452	-0.12343720979324786	0.04485659879662141	2.688315177986206	-2.531298811961503	2.1604851090447834	0.9036470816606849	1.0472005193770535	1.6474671547139736	3.4662435334850175	-0.6004345073662445	0.7635780043352642	-1.6625796334181029	-1.8874452994882218	-1.5129595705662948	-0.29346504254460026	-2.0168661922850366	-1.0063720806713967	-4.373759115316223	-1.9034191248207066	0.42055258175348154	1.1380556595244515	-2.7796925710363074	0.1467399851028701	-2.5106395303135653	0.3141154331658614	-0.8250274333171613	2.1835055135216312	-0.8861240887960596	-1.099425173127615	-1.5800805805895024	1.4912998592859548	-0.7526102323983731	-1.3958848363250556	0.5293041192637395	-0.33908474887223866	0.9198712502555255	0.10241471892815471	1.9237104213303724	-0.5205461460617555	1.914074560885223	0.10080315692745051	-0.7030590954276004	-0.9463442328692548	1.1775060005104137	-0.9179911979652929	0.7358162916932321	-0.03618377050926026	1.0157482866278942	-1.6915696065310322
DTXSID9047120	-2.3076080114051107	3.5925679244788973	0.9819000953727175	-0.4492421767124535	0.520351308172041	1.6105024472070268	-0.17029053716963735	-1.4042623862540293	0.4886571331507794	-0.4044791466172436	-0.26755638692741895	0.9153570229312215	1.3690377957752753	0.1783345471683126	-0.7767311612384804	-1.122672524294254	-1.5509825375842248	2.2677977369880726	-1.6446676480114355	-0.6168141943434294	-1.1557541000000264	-1.0358771220255958	-0.7585414667634301	0.14188997320696087	-0.8282111986862929	1.0841014127175455	1.9639497353171655	-0.14420482017283734	1.004747706169984	-1.2937523672155045	0.46955099537630335	0.028136435907788325	-0.14221831777206848	0.551211385082583	0.34515452149911274	0.3764651811337134	-0.6557321292890551	-0.1917640781898611	-1.3038940028234642	1.3738354650648612	0.07834587820186166	-0.04287625535210385	-0.11153624208323376	0.746577154633115	0.7986977545514788	0.742864954094163	0.7638912587722535	-0.5479166570149673	-0.8769965465839366	-1.4368993618400394	-0.2380206574204782	1.695468117674957	0.11748584137533957	-0.2600461797832043	-0.5267194412839893	-0.5944494168549181	0.9018015304148157	-0.8649003255518866	-0.3403965496118445	-0.06325963760248479	-0.2974870188730321	1.2422168972291348	0.2536652443947487	0.14345848278588136	-0.2499594671196281	-0.41454017512632724	-0.2444788375007592	0.47030895365456254	0.5257033891156111	-0.8142771177667412	-0.026052495673151897	-0.43144609981696885	0.17364420482783724	-0.08027714249866559	0.4929412461489575	0.2414773484875937	0.1529027570654853	-0.45189034283937357	0.3063886290645828	-0.22452289504347914	0.35614727616364705	0.07399334373903627	0.24353709599290338	-0.2031620563825208	0.15532450016899202	-0.3177515946128831	0.21968022916239835	-0.18367189872866255	0.45521550158249663	-0.2635340012486393	-0.027762785095316427	-0.03545447125139614	-0.16808595016375857	-0.24169640484816526	-0.04257724519321902	0.25508468545590357	0.46190207683806495	0.3296272545065211	-0.011752519609952201	-0.0036591406291768998
DTXSID1025308	-6.950186623223059	2.37016271742794	-3.2049529210218735	1.3834024348269685	-0.23296188427934628	0.30846404394969607	1.1110829255191317	-1.8872007014711514	1.1421621618344984	-0.30343372400288277	1.8708863354200953	0.8371027291274296	1.536332771010718	1.0389098580461198	0.09050260377562946	-0.980408244636634	-0.6552721845667873	0.4654469270516109	0.5976944116810243	0.8793779175741503	-0.7058883046133532	0.9566560064538973	0.2381419013074224	0.031637549513404556	0.14699542438299595	0.2376241088833115	0.4505700782600633	-0.043418967392733064	0.059514619161701	-0.14179461916099073	0.18551685457730246	0.2416259629885265	0.4184037416786715	0.6097927953249682	-0.0913186986453312	-0.46740575205587975	0.5501027534367722	0.10679110660547952	0.3969521024349879	-0.7734452189537966	0.0838554131286052	-0.581848649904295	-0.02514167707919719	-0.25986203514274064	0.679187503768354	-0.2922967657575031	0.0007323754685399599	0.3466755598537208	0.25461128610016026	0.009915377521188647	-0.1186723394969046	0.1929691147784788	-0.018735824351482355	-0.904519436100391	-0.47546012258435943	0.022345315562778873	-0.5845030523519354	-0.3980572634572088	-0.3485552896870113	0.5116504930023117	0.04481759152896819	0.04055019568083045	-0.10123694716044859	-0.09180564328583303	-0.505189756422662	-0.5572297243176847	-0.8105113494374477	-0.1423152822969352	0.0331458256887433	0.6813571609983579	-0.926841933432245	0.05120939299213992	0.45760457540544724	0.22945099792339627	-0.1597594063051369	-0.28798191453372385	-0.1733572622518399	0.4523213020229972	-0.28068559638334184	-0.25317611235722715	-0.24810352554366036	0.15100807527368196	0.22227221855326415	-0.072008171137218	-0.25951192820549807	-0.2784512585706521	0.20693397285704257	-0.17776462234855156	-0.006860900886170639	0.2996853326557924	0.19866631638684515	0.18271080989625815	-0.4789584617817445	-0.04497254918911102	-0.22968685687048054	0.07794452410326505	0.07730873366461889	0.03653095586843437	-0.007412744257486668	0.4337713801245054
DTXSID7021495	-8.188943307533162	1.3372056909561563	-3.512640889445148	3.204755752719967	0.4845323374854834	-1.1805489034530308	-0.28829289174509354	-1.4396635342647073	-0.8375775987967574	-2.469685094890555	-1.8554730338357552	-1.7217826125600504	1.7237143764303615	4.780566584608059	0.4652991231576206	-1.8287562684153558	-1.2676520434708345	-0.9909357280779489	3.024014758584499	0.6815124011350893	0.06344366083314353	-0.12781750880010226	0.23369084916423946	-0.6328370463645572	-0.8780000574281047	0.11941397939369705	0.25293261246407805	-0.3983611225049444	-0.3891333826247771	-0.5945905859015966	1.193833242242815	0.183290242632167	-0.8757410433978186	-0.19001423121597524	-0.5016742034743107	0.5421892935505402	0.3915870332120899	1.2341111888940999	-0.24534684518212102	0.25784169928713313	0.17285730326242876	0.4136110840754031	-0.3014223555337528	-0.3093524920828846	0.4055299399420332	-0.5986336878388353	-0.2477184137585344	-0.6793353735813076	0.06020485094502502	-0.29916684741842764	-0.9147397807834482	-0.7810464996886154	0.17695808836233648	-0.38993587001052876	-0.275838995895192	0.44364566007891965	0.07917588494918659	-0.4802158495424214	-0.759056417254104	0.36677937991725096	-0.30847344764308093	-0.7997626282810515	0.581536290886519	0.3908809061707287	0.5853022962512112	-0.2928511385406385	-0.9688582430849748	0.25283478922585967	1.1045731733650395	-0.35681089526797843	-0.2678418624534773	-0.4950569863895203	0.0006068335368588219	-0.4303079099156763	-0.5119159534461617	0.287648398877272	-0.19769173059601253	0.09946496041359389	-0.4524987353618926	-0.5472679809193429	-0.1269599467660928	-0.3938638397477916	0.4165982150409919	-0.3031327525340894	-0.5330244722232004	-0.3687399100443635	-0.08569458393880855	0.027740602337696953	-0.24922095166484542	0.41574448370753264	-0.0704133120663775	0.0063406962689494945	-0.2867258093394953	0.27247456786797397	0.4206506090000278	0.1504969298066812	-0.2300023100394717	0.1792314989939757	0.2508418283770589	-0.04933726211687361
DTXSID0023612	-0.09801850540171367	-3.2226825771365655	-1.3696488911150724	0.9125085978890468	-2.67674367995794	1.918714456875154	0.32707461167763824	4.860232811464767	1.3364425414652605	-4.503707423272366	-1.6235835886509495	0.35843588932480425	-3.212223634800884	-4.103463329506818	-3.5942577719917743	-3.934940288899067	-2.125291015824219	4.162105062767791	1.2616881710171122	0.3275979079054043	2.1658062064336274	5.959945050086213	2.8787834440905926	-1.234381744879699	2.8824707797942932	-1.5064908687230805	0.9266387959669867	-1.7179974597466836	-1.3892570476599342	-0.46834273708864915	1.426033706787461	2.9327684242791165	-2.076289752433009	0.6907435071109418	-0.0721591722302811	0.7071803539270427	0.5101226261981006	-1.360797849060056	1.5393229640720283	0.7339977566956774	-0.5225365587181138	0.3947057185676599	0.06743269278024874	0.10438290362680075	-0.09118501053158325	-1.0859849447871228	-0.18180757608764989	-0.11220943176095623	-1.9193070541403185	-0.13829380810783015	1.2590800202712762	-0.04896859059568496	0.43416385262740964	1.6017761549583955	0.902327565278886	-0.0905072485865015	0.560368789618484	1.2903903042849945	-2.3283497624507095	0.034317847136227285	2.2428901708554534	3.2033928967229297	0.3947259010075623	1.382701209422776	1.7632844733230577	-0.23086817539337787	-0.025310208089824985	-2.2922584559362424	2.0658782900365265	0.7894215291944267	-1.8723957150896904	-2.512973317911041	-4.222465832447332	4.855416152704151	-2.6775960120576494	-2.7112543193404806	2.114045227239034	3.3815110534730284	2.431110130936711	-0.18101189180664634	-1.0125502185987647	1.2361913852499844	0.04192800301668111	4.172460943120536	-5.064872368444927	-3.9651202367852885	-0.39161422463672785	-1.5021562077966226	1.1806954785268153	-1.1420213926695133	1.1678828994107384	-1.2165708076726853	-0.5592035966685941	-1.1085967504464915	1.4967070842582197	0.4560434625740818	-0.8599159657325137	-2.0936356653848147	0.043192401157492004	0.3363319016771198
DTXSID9049243	-1.7525406218337893	0.19711740865736044	4.589423641100803	-0.7786261403294161	-0.8191159231425202	1.3815737521047915	-0.2495996411319935	-2.068426509083421	-0.06759296474062447	0.7571351577878885	-1.6411064431450513	-0.37148361210511016	4.662377706499124	-0.6333529908642181	-0.8604368539653052	-0.9381526703819698	-0.029472672519817115	0.7296418790144427	-1.5955505912324848	0.2269475042877405	-0.26412567904339646	-0.4477377674119361	0.09207726718204857	-1.2111527887233866	1.5524106952406078	0.19809514386656404	0.6095018461586652	1.074300483478037	-0.1480823720805738	-0.0027731246534810853	-0.0009495490890774542	-0.38909473864748934	0.5067135804171948	0.017766808531729825	-0.4115929214735545	0.7393096195886603	0.8862095390922953	0.29692415186898014	-0.17003342255094667	1.1092763968565205	0.23320968154663155	-0.21696456130747596	-0.441737856617058	-0.7300557335394524	-0.34263963780891177	-0.4428813432903128	0.27363565018438196	-0.5055825260220834	-0.7017140177634369	-0.9278299876542927	-0.33584673534263554	0.5117903967496167	0.5173949715782356	-0.04241657632587265	-0.5400828746882523	-0.3487035476726603	1.103194707750305	-1.1139306030422433	0.0168689812555224	-0.10278745466280753	0.12918253553257739	1.163448040046352	1.1645939645382053	0.4981768937490245	-0.2861722191552559	-0.4786759693764356	-0.09627190258500569	0.25832733157018284	0.29163913311484946	-0.5052059039554799	-0.22213241192800554	-0.1944354501421787	0.32217986803489224	-0.47725413402765376	0.6762776048571052	-0.03695865114085116	0.5125791741652483	-0.4527175611898643	0.3071703010282791	-0.24684040597296406	0.5730830465674263	0.09443623578789348	-0.23576712673160605	-0.24947174194016072	0.222119741058479	-0.36723101259578733	-0.09491572419329336	-0.1690319116237743	0.2997474742058779	-1.141938814648468	0.026781891449621252	0.16266472409339658	0.09205740318921225	-0.5006109197415991	-0.11516283924042121	-0.11720581478063265	-0.00127463386195872	0.2700753646563241	0.03018582788500123	-0.2747819451595801
DTXSID4024145	0.7401918085404571	0.8352537936900056	-3.4166382091828997	-0.9915141358930212	-1.603098720036171	-0.8324002751151109	2.87983052382243	3.1563940017999483	1.449900766802998	-3.4930658492910833	-0.1912239009146146	0.5252851422072566	1.1201247265118752	-0.8130677915146807	-1.204236802900058	0.5486005369710192	1.5907877952375458	-1.2683399424890702	1.0261111238042664	1.146669991871097	1.064335666633295	-0.6385806203875031	-0.4940014670650132	-0.14902976722172148	0.5482696133285435	-0.3474706583203575	0.6005536922535895	1.5722577758816598	0.09720373098635303	-1.6216251545725409	-1.689650210265034	0.9154205755563452	-0.811996871186529	1.5146200960249672	0.7716877328926238	-0.1309292940621656	-0.47904922189324733	-0.6765461211716579	-0.10377725105973223	-0.32735120295130427	-0.16469193656367132	0.4469241163575406	-0.0820917755683921	-0.04715016122595338	0.3398657074893359	0.5044780123073218	0.2503165802119407	0.0853331362246046	-1.6180505668830114	0.9394885063791945	0.5095608391678806	0.33017840650772673	0.8652488912614882	0.3736999242669409	0.859130350184766	0.7106104876648486	-0.36027637376570965	-0.14995464111758924	0.44581590184935804	-0.11835790276202215	0.136110318081941	-0.8081382461257278	-1.8072892284166886	0.35619491556653754	-0.32970702590930456	-0.3293035965955757	-0.3914180763648108	0.03641114222976335	-0.028276677429448033	-0.367194866660618	0.13130778194407575	-0.7966155750263334	0.5420856080777938	0.5042025936151378	0.4898885949139303	-1.0286282287469255	0.7814902899720213	-0.15581874078515176	0.24548475705618872	1.275171365893186	-0.5132175758464103	-0.23199439297245705	1.568598171463253	0.1264555431637166	-0.12975004173415572	0.01654922766921811	-0.011512207363983208	0.023767698020658878	0.5287093723934893	-0.27285394709534416	0.3738305133190235	0.26671896311265547	-0.5887451938947957	-1.1828148682612691	1.2499611256096919	-0.0829779937343577	0.2499403262983753	0.6248610546993392	0.0888347020840115	0.31944955214507437
DTXSID7041413	-4.2941503853392	5.2593947650795405	-1.0852024400281788	0.934534954042955	-1.6782743650039829	0.453276143602996	0.091733148787133	-1.331973338553962	1.071888574694768	-0.4463154825594477	0.68029569264367	0.22460309877304047	2.368682414444854	1.2503629519735582	-0.12959118407053968	-0.7696663833394553	-0.771937246292763	1.2898173851954076	0.049425354982135274	-0.5561306149527395	-0.8621833946539619	-0.033324764256265564	-1.342717061596184	-0.006348254313230315	0.19697042826135147	0.7677194060498456	1.545685506820798	0.6114685472213475	0.03254191404676211	1.4963208501668654	0.32834727143846376	1.209586043755322	0.15535501632902696	-0.35913147390800315	-0.03322842923054278	-0.12748029527724405	0.04443292234401573	0.13650818331723583	-0.4301239245817324	1.0482789661908987	-0.01017862990051098	0.14208150922653384	0.029367788608902014	-0.12202208057539826	-0.07983179430179675	-0.22593088495889668	0.7462454155416416	0.07215728803527585	-1.3852787567393823	-1.764616001239696	0.005909245284796891	-0.4101551295499411	0.176683020660284	-0.6937512570324107	0.11044525838509267	-0.9077645107701642	0.6038243129512506	-0.47163081369104504	-0.2402452655628763	0.7771539786021128	0.829966202969758	0.8644127399145484	0.8475084458238733	0.04443155602817375	-0.2611652117089212	-0.06768609332668458	-0.5366964845802461	0.09068318682385966	-0.026356483460977465	0.1652957982122936	-0.09710316033231688	-0.08453248864692385	-0.04768053161821658	-0.47841470249185564	0.8529832443412065	0.13624337785168103	0.05867845168594778	0.24014803785330488	0.18260069691946684	-0.0891824526502615	0.06615123528832748	-0.2747164229160735	-0.21098769130338763	-0.10538243556737495	0.44224107743648433	-0.23899062230708432	-0.16127481970828209	-0.011007933108951562	0.39250324500853634	-0.32732059879158343	0.3987559953046682	0.14276797869714125	-0.2831374217677811	-0.1540408803017593	-0.3124470838693042	-0.04688731189220053	0.5515801794173506	0.20819424832310557	-0.2222837117823563	0.14402972871013536
DTXSID1048968	1.1797169400454677	0.157422410582232	3.483950089689147	-3.9408551781582544	2.8938304280125937	1.2197618588200894	-0.43159436012757135	0.16348017161381626	-1.054832734212538	-0.4611452419064326	-1.309496685694497	-0.2704731590068419	1.0436539134375078	-0.907636354690357	0.7229885451601117	-0.49487608653364523	-0.5270719560147509	1.363341557200329	-1.3044158745792185	0.4668316663933411	-0.468522016819045	-1.294898201936246	-0.8258129282661597	0.6078243602155553	-1.276467753568992	0.934958208445567	0.5692291954404655	-0.7902028808607687	0.27957303770687425	0.9686354785796724	1.0230080074778052	-0.31024874940271424	-0.4928610199679682	0.2408521918548952	0.6971363386760857	-0.15053365085773152	0.4810251355309607	-0.6864167075479315	1.0833710349941488	-0.4485301985509171	-0.19378759472418597	-0.6741667381055612	-0.16606948317297557	0.5716361671520813	0.4022824175139256	-0.4604706954719661	1.374958279916347	-0.04130739459546315	-0.40942035853919356	0.14675474962338586	-0.033712546772917296	0.3937440921115348	-0.3534439921118813	-0.5050026555803334	-0.4957548444221148	0.7799275603520744	-0.8920711104392418	-0.7044845521427849	0.004264898640023533	-1.1279232707186468	-1.234764775660682	1.2114929388567899	-0.01774948391646609	0.9941248128671581	0.63590048973738	-0.5678739346067173	0.13466580271976802	-1.5902074549485918	0.28007726145725814	0.32574601296281663	-0.11583960844873671	-0.17968980293574893	0.6323197227401033	1.5739103547471898	-0.46840785653982003	0.21266572224810618	-0.26228421035101634	-0.030896027773061427	-0.46191737926632737	0.20204037033747824	-0.07994726208317823	-0.7700024268995923	0.4330503551772357	-0.4131081921124779	0.24914681006207473	-0.3195583456955828	0.4369680993134868	0.8703285752057336	0.12692018972601676	-0.18466032520608752	0.4949080147862845	-0.5964588976309207	0.6199667165459692	1.5108623884536738	-0.5763322825797055	-0.28861987491388624	-0.43203191780044536	-0.043807173925167635	0.6058481376346699	0.4118454729528072
DTXSID6047101	-5.711380631298811	1.9992102158702247	-1.3411033822882277	-1.0391506784558857	-0.34727943696987057	-0.6128248382025758	2.44085226114659	1.12844143411143	0.7081984578737661	-1.6259437930514122	-0.9805738409005748	0.67222016749662	0.7266649576684929	-0.5466477694905576	-0.9960642688113329	-0.33443029053915274	-0.5820256018697819	0.9777537966835234	0.17297707884269434	0.5150226580196405	-0.5624850444457357	-0.31954589775914544	-0.1699424110723727	-0.8402051240809353	-0.15598850244524476	0.2715695009091916	0.9234536966910564	-0.5306084523287886	0.5197140886512644	-2.1563971325866733	0.6093907561558263	0.7172358919801981	-0.13540709712163204	1.0937291213219964	0.14628222253638673	-0.19160326668691394	-0.4679386066714673	0.35060127298781907	-1.7081032164152283	0.06742649653157054	-0.708095725254925	0.21948949745927054	0.014045879497587453	0.22080774021892563	0.7500953943627454	1.0571160269295141	-0.32500188642098793	0.10027148837643815	-0.5348055685202656	-0.548210979499485	0.01827298453527746	0.4870485894619711	0.2379042862807225	-1.0510619481959185	-0.21254847475087005	0.6073712872300723	-0.043142208412539705	0.57764052648715	0.3502768279025827	0.1620707381248273	0.24533464274286176	-1.0302141411113033	-1.2632254684209498	0.05864865118479018	-0.12452119701178412	-0.9468464914255141	0.5466981188006453	0.1496297155970593	0.5181567713102884	-0.024414376184672796	0.4550469384527188	-0.19872095591414066	-0.6379790962064492	0.12500970181586346	-0.5648337155758532	1.0280922110197064	-0.006159606565252466	-0.5779969146366205	0.4056214569691748	-0.05935701232518408	0.3928698457475928	-0.37082071576030495	0.05390987248403304	0.43068288160399887	1.1784672941802132	0.7602363007919543	0.7022007548530975	-0.40131947719394495	0.8185622048489766	-0.05143212208168713	-0.18990509746315584	0.13578005957091854	-1.0882055074262813	-0.4170148593499728	-0.018582440915847123	0.2296284978280695	0.32497767911225023	0.19846561864745021	0.18266092572801348	-0.033151990345786156
DTXSID40204489	3.3234396965280935	-10.585542389878926	-9.37580052282438	2.214213930448465	-3.6710164964444694	-1.100251138775255	-10.403788020013772	-11.985694022619928	-1.5549239530382242	-5.768113324522861	-10.735490356965721	18.657858310022895	-4.441397093910768	-4.418233369844261	2.249599846942025	-4.600982508816694	-2.9641233262366122	-7.791847078418335	-0.4821718090098318	5.624916468200532	-4.4127014087148035	-0.9121003437772389	-4.369482418231133	2.26920739958414	-2.866991716344555	7.6335513137802735	3.632048752828448	4.1983405605287585	-5.965745049835261	-2.3034074833264073	0.17910179189010988	-1.2479221470699458	-4.324469237809878	1.082107675133672	-2.697234317338086	0.6086114977589214	2.6422533188819517	0.9719402489664538	-2.068770835231842	2.8410176649416448	-3.5371719014246272	2.267529951265889	0.23960566681932302	-0.4799331752148134	0.2224289010240869	0.413501621429083	-0.9074669940230186	1.3264171450718145	1.6264425498789974	-1.4610827256338352	-4.191878185227143	-0.9979014971616031	3.221253516274417	1.2654127118765068	2.1174358071823653	-2.6414435772187628	-0.7066673734812232	4.65629180480931	-1.0227746402973763	0.3804421703622039	0.7186934354858239	-0.7540544167602434	-2.235847867092254	1.4200055332638266	-1.9013067607015683	1.1929037728141776	-1.8512691843652451	1.2674563157981737	-2.043415122747006	2.1411419722760665	-0.7732879548244761	1.1390634047107853	-5.928960748410604	-1.5189142410850578	-0.4093000878828743	-2.0634483702733664	2.812253361030262	1.6269394144966385	1.2496237292548795	0.4175420238402898	2.8053657782924937	1.1576550563383134	1.9802675177910265	-2.313155029725883	3.159640415081663	-2.1127547700789635	-2.6048043631555684	4.898664948801239	-0.5242671993576825	0.08755318815279739	-3.6996743323829326	5.285617478177307	3.8854468460307827	2.138215602244875	-7.030482609078765	-0.28272427059495214	-3.544518662748484	-2.983572716304322	3.5887540617947655	-2.7526901249303495
DTXSID0051736	-8.43201758099145	5.055541611859323	-2.361212547508527	1.4609608459187267	-1.4588795082908699	0.2784601520418619	0.6557746516308017	-1.380893419588892	0.3359426402278615	-0.6134189268846711	0.37868976271925425	0.4606765313147263	1.4536030388167551	0.6666200617841795	0.7180222903951798	-0.33181390916831527	-0.44365104200100197	0.22454785701009586	1.5060123756758428	0.8917271028816439	-0.1401600856101371	0.9049848831775298	-1.3190800191024514	-0.6489852211680965	1.5382562474418504	-0.39505011696331793	0.08219653643312662	0.9441744563369755	-0.9772005869561129	2.0710474731561384	1.9414476352206442	2.6194906953005317	1.3802021363336279	-1.7258359917438781	0.013737271400817413	-2.960411884916669	0.6086743119996362	-3.0859963805028627	-3.835698378258314	-1.8959757673477684	-2.0431103885757027	3.6650429660648385	2.1248533473643865	-3.4326741183743446	-1.6336418484701742	3.0506635558370476	-4.653431742452522	-1.492806204727059	1.822751253596295	1.9675178282337717	-1.1501355804759197	1.9623302832628249	-0.20388343506287518	2.5892086419292104	-0.866858652706715	1.8129033467567413	1.1686254308919555	-1.4858109516097655	-0.4844641009866449	-1.6191746713706876	-2.298507801489134	-0.044839344911188905	-0.12905565138243222	0.782745816799126	-0.31626767596340033	0.5991190927963648	0.050170629051393675	0.28812994428099675	-0.3294260220437404	-0.2035673096179154	-0.5693750337005778	-0.1928188611809302	0.3013995757306504	0.2892426238842803	-0.16203491327285333	0.14479793157908544	0.23207019290773145	-0.05419042974990346	-0.2013161431874449	-0.10711764717820757	-0.2614774940649778	-0.3682511286697589	0.8583457634917003	-0.22764220953953923	-0.1028285521867789	-0.6093618881893044	0.22348142400427798	0.06389160708130663	-0.05400901526702293	1.1558672760390098	0.017533409328582383	0.23712660811609984	0.2848802016561862	-0.32052057984286975	0.07710189968174001	0.6670333519612007	-0.6389133339761016	-0.17992925031529733	-0.6422616930616853	0.6368847884290316
DTXSID1034212	4.469469029573307	5.938258804552679	-1.4751717791208228	-2.937413294478949	2.3635836698237958	1.1079881526527384	3.2047786639234173	0.8590447739381162	0.31225447560530156	0.5860145127984291	0.675362135689721	0.9542028899865669	-1.240638539604513	1.376003399796144	0.24652172281672238	-0.7549923514643794	-1.9019095485938817	-1.431012722060672	0.883297672552967	0.7887818616656993	-2.4737682268407455	0.4806437023736065	1.5936248059934401	0.016172974580780736	-2.1734631015645434	2.602513397303899	2.405749511214758	-1.8494234182330824	-0.6770791381786819	-1.030988435639214	-1.4156109386974411	-0.9530354747437499	1.1815080082757923	0.4519290330722831	-1.611907110580182	-2.081848083751869	0.9337982422155126	-0.8407550835771253	1.216996740042258	-2.7290111998773865	1.9023307006482217	1.895530489154993	-0.10485323078402602	0.5656346563465912	-1.0229129216706272	-0.0730600956690654	-0.48894486975400414	1.5909825964300328	-2.4200315060325757	-1.6414848204979258	3.3919977294776626	-2.575090484956211	0.6817535493139382	2.522875267437989	-1.4969227609109699	-0.2791763000210827	-0.5207122624600965	0.3064158013852876	-0.3702702581722547	-2.148348873069832	-2.2941258677840697	0.3319728071353099	-0.5522051186484276	-1.4315652949700322	1.9314589711457475	0.47478041709585583	0.12617190230453582	1.6895627836805944	0.07261545249632124	-0.41939657985076195	1.1581952251286562	-0.5723208098478479	-0.18654189547495367	0.4765976060101473	-0.26806158537047386	-0.005299301902079106	0.8269284922935279	-1.0409005045601927	1.4669849913311372	0.46485132525687156	0.8144658101301826	1.260631581336892	-1.1568933904503569	-1.5310817390082225	0.46660600101029115	0.5533764783959292	1.2919686330363107	-0.0037254979257816934	-0.4024996324618427	-0.11286905446046928	-0.7878682044439473	-0.07646548921755651	1.0031901193540018	-0.7132135040281277	0.34844081721265663	0.8682906216052502	-1.2580109169504445	-0.8666588669724616	0.20252447219143366	0.8689752495112236
DTXSID0046488	12.344113084898545	-3.3415926983919246	-1.3174550988469051	2.4772541978297618	4.825012079451381	-1.7424438354957932	-0.9949015287682149	1.4729270118771196	1.116097084858722	-4.069078057340648	-2.0520503757159068	-0.8632082899337996	1.7561280103469687	2.7452093308346526	-0.48452579166146703	0.32119231668395143	0.6573181486385798	-0.8665506055515513	2.076837382462134	-0.5274109427369263	-0.14666463236611735	1.4426823434187044	-1.0152086930799815	-0.17821741064359387	2.607629990657722	2.2142469210830917	2.1524966825632728	0.18541298470440992	0.2338556831735252	-1.4372878175345887	0.6373263822799471	-0.2947074272787982	-0.39825334044582344	-2.5828573815208244	1.7629251102578953	1.9702617453465063	-0.6349726193538245	0.47141395814903697	-1.790175771938668	-0.9687980652937873	1.811930973057471	-1.0824394529459886	-2.613644748685956	3.7297872358749893	-0.022216270114658942	1.6146835527989167	-0.7721681284245526	1.2745515332043906	2.091413428112923	1.4305492425249615	-0.7648646459783395	-0.6281743458464014	-2.2525947452484223	-3.572458155754274	-2.544782831745123	0.2624073600610406	-0.4008294629656461	-0.8517436995656482	-1.920668492488893	0.7262306331155738	-1.7409905159200323	-1.0086465882954634	-0.8612428639480754	0.7442350032247481	0.3926017705045279	1.3022405401968344	-0.5855155069355693	-0.24151314478649188	1.0568061177430292	0.9065207195893935	-1.1748458534777917	-1.6962482565064343	0.40808158352057405	1.0221963983321753	-1.4446115781278719	-1.838708942402483	2.5522789437337594	-2.672606676098781	-0.14275266263824438	1.0631588911884888	-1.0802174605286812	-0.7497250601236046	0.2916805229023849	-2.761680946204295	0.5731264025645784	-0.6622234224833468	-0.7707591225902355	-0.27685944063835854	0.7258455636563734	0.633373944533892	1.2130300251319268	1.8338162720645428	0.8807956970089332	-0.05625378202928742	0.23283293603514374	0.4422244961641479	1.1223339119876292	-0.8110965708992312	1.0697614377317	1.2656970011200492
DTXSID4041317	-1.7393748226864105	-1.480666377400843	-1.01095841416415	-0.42933346355656765	0.3234132689938775	-1.7304988785876128	-2.790776754122774	-1.0398267099853429	-2.973033005739485	-0.2238808907579843	-1.7274071087238254	-3.613991518586307	0.6520333100898448	4.50468889820665	-0.17033090386629898	-2.9805256134215377	-1.6526635938529917	-0.4410531401079143	1.8950628298156051	0.7636342187261818	0.9882222267569372	-0.22750573088923268	0.3993888831537997	1.7839083603906005	-1.2529144355579858	0.144829463420819	-1.3000572347957249	2.544091608667077	2.3581512074828668	-0.6041153485144719	0.6475211037921529	0.2910844818215144	-1.890941784600321	2.8627097403023107	2.5361222704896833	0.0842757426244096	6.309107978410669	-1.41522605194855	-2.689653778275928	-0.6827609386550141	-1.0195790356324697	-2.6802868331926155	0.7801991404806521	3.5550333507511995	-1.2230089257410452	0.9552959997840865	-1.8877875630837686	0.056325463652847824	1.896336750396297	-1.8833443525071625	3.106558407468827	-0.7167591778176842	-1.4502140130223518	2.888487569895915	3.7570934116243486	-1.8623199096059027	1.7381116142314057	-1.7194480407056563	0.6659264393433016	1.0727219588383128	0.12258811051056781	1.085483663858455	1.1929054806730948	-0.050776527909434946	3.5415096629300082	-1.5179085829485826	-2.3252109342941547	-2.105513382495877	1.619293519587981	0.22423351623457924	-2.9007268517588436	1.7429167637220684	-0.3366537636517184	-1.4472760802981148	-0.6156979970713515	0.2729063430880021	-1.6010249272054076	0.0960523566416225	0.21333813655518163	0.3090011251864232	-0.24925460931373342	-0.32675137148011646	-0.19892388665096064	-0.7599949777365711	0.7758700783009584	-0.19888135222509604	0.0658423725644007	-0.38265681269208873	0.3559226049707237	-0.2842467036338163	-1.0202936042326012	-0.23367666693828285	-0.6266953640039606	0.24208256108736478	-1.3379882690044633	0.5097987538220452	0.22736004297341048	0.348612465388488	-0.42341636794223086	-0.5893490804374398
DTXSID7049007	-0.09461777343787522	1.273878553529601	-0.6876363901574721	-2.15241832628036	-2.4772501910926343	-1.935281664390229	2.919107869067609	1.165955947527917	0.9985509559801342	-2.4347919502549633	-1.1948678682258398	0.7327634059855411	2.415975571625487	0.30613797167596163	-1.6712529541797025	0.5346377999384857	0.310912972955879	1.992175936836846	-0.8236963895873559	-0.05412399856783795	-0.4839624744610378	-0.38832945720439144	-2.677852300318552	-1.8607044008192675	2.54261312131286	2.0210349520989417	3.423743792407626	0.2819064403136858	0.33296181176241835	-1.1342016099455203	-1.0192106672181496	1.4331590675892396	-0.08012786348864454	-0.9757775193509288	0.31923873569993483	0.17314450427758454	0.2734336007633179	1.2365809250368407	-1.7115247232947641	1.1122844998105226	0.981943144224633	-0.31935335988971264	-1.8576900562787824	2.202873196186097	-0.5738721224443838	1.195250916465904	-0.4598398043191294	2.651502870512132	-0.1914042769517716	-0.1517723326867908	0.5390917767723333	-0.16193648053951573	-1.186547105775402	-2.6519236024342074	-1.6358775017204212	0.715829916531137	1.9610806827220453	-0.6634529399805842	-1.5865682607040337	0.9226532340365925	-1.323416616972669	1.3837500112510384	0.5840768836321435	0.9748928991232454	-0.5113488194797492	0.1890518892285487	-0.9377268984703248	0.3624679190152472	0.0796440658532541	-0.7753283095300976	0.007418159464556858	0.7253499680144041	0.11105436565917881	-0.4243193911841307	0.32988719067655836	-0.4168791927935831	-0.6425662068656208	-0.8517210547809068	1.2187151619665795	-0.5200989513093348	-0.6084952627481618	0.6923307078427322	0.6929138453031689	0.22696772346952013	0.23382987631167398	-0.29924799696409204	0.38997230261563826	0.08315700733833241	1.3042789229657716	-0.4829998127903617	-0.2203086818886536	-0.42471131551642266	0.01824788007930718	-0.8266316687630614	-0.7069718511621713	0.33927691288247636	-0.5169749642039634	-0.42698138067614094	-0.010608407554376446	-0.025352132999883887
DTXSID7051890	-2.516585163818635	5.267076664057979	-0.4619836749937006	-0.33087028113904077	-0.10486483431659814	0.849399094958178	0.04925488693118676	-1.5585286318855962	0.7663499335567386	-0.7247163269634233	0.024326375741234106	0.26336791724359626	1.0835438826328148	0.9036019258211536	-0.02674700479784417	-0.7764493444269308	-0.914473096199441	1.3589371466453344	0.23024851699618115	-0.11789956635377305	-0.38655859582511337	-0.5510450287391063	-1.2866287330372765	-0.16988803341915304	0.13959554237016922	0.8667147461874023	1.3334331411151799	0.6715173872634785	0.12881797107765725	1.5579001402191208	0.15499322779164992	1.6750446076206154	-0.1944368003658697	-0.852892007045586	0.34048499616249317	-0.3149604944185743	-0.2277019856158601	-0.5239814548991721	-0.2026352367314738	0.34173471646040054	-0.10935301932810113	-0.0946996223152857	0.08901023672120163	0.30041169433094234	0.2884832181696826	-0.11971541996801809	1.2417983509827377	0.04358128984854006	-0.9398501885821556	-0.6084072527412215	0.6032995840949787	-0.654030274720001	0.19109917998234846	-0.8596023955049029	0.9181680044950838	-0.9953470110986837	-0.40928721451932437	-0.005429676147774369	0.1810738162109346	0.730197920250623	0.7465586224888386	0.2915343133267489	-0.3377456039920124	0.0684851551935632	-0.40309975529340786	-0.09793117101195836	0.17707281577134232	-0.18787733911520635	0.17743595569802037	0.20433178425497261	0.5120975349117808	-0.049361462994899796	-0.2536285687427309	-0.1343451045208134	-0.26141313746817973	-0.2166188065499271	-0.45809726700958825	-0.5590419836324354	-0.6564231059882369	0.30923825303904673	0.4850203049734656	0.1296854798327365	-0.11628050024038496	-0.20360744227218538	-0.2785204119904102	0.1127125003748935	0.1653521072834541	-0.28842424772543074	-0.6064075527220734	-0.17055098177805678	-0.43056483994769357	0.5900465881115425	0.09784079889253493	-0.052817431207099204	-0.22424078095187788	0.4169349228699109	0.38358292909500263	0.006915408929951737	-0.39577338794201944	-0.45789133322917
DTXSID5020732	-2.2880638675444063	1.261374596667632	0.74592345576137	0.6604911541265684	1.9949153841439264	0.24855148460663115	-0.0007804503528044684	-1.566672813454372	0.14586359374416247	-3.351130800570685	-1.583645695258759	-1.4826628966227413	0.7061613743868127	4.401736169677764	-0.20553525015440674	-1.4946965711661964	-1.5026911358663038	0.4588046732463229	1.9426394092614347	0.47129419386737187	0.025453556657039453	-0.4561361489476142	0.23933509014583382	-0.34011230821282923	-1.820373338297351	-0.005405519715148387	-0.025379409545406777	-0.0430360812203976	-0.13787545915846613	-0.22151642472699348	0.8142091902115591	-0.23775015130952215	-1.3447475708950773	-0.3063125874370779	0.13570130101290154	0.9864432010411875	0.3025708215841307	1.657425563815925	-0.4069708622693692	0.24811187747505364	0.06927093321655309	-0.04902014507018199	-0.7153925507774053	-0.5610586867495339	0.3129216645214747	-0.47822661363465446	-0.023548582817234372	-0.48488194868416057	0.05327029102324218	-0.04159526644244075	-0.8320464977659234	-0.5623960647267607	-0.043146607106644884	-0.648193787184732	-0.649386998191973	0.5600250381376214	0.2337272121793517	0.025684924281878643	-0.89810002956416	-0.8000024061281749	-0.49915923778939125	-0.6623895138595874	0.4525018886392579	1.3240921849840024	0.09422083796101581	0.8065562214027384	0.1687554021906583	-0.1402316650251903	0.36775880676359424	-0.21997455516335915	-0.37918051840333017	-0.24607091370364345	-0.005447044723933668	0.047379915896118056	-0.10157279873183146	0.03900829999186218	0.7781197124320751	-0.10735543605314066	0.2077554445062711	-0.020356798667485552	-0.17399547015821232	-0.03908780162994521	0.795138907501448	-0.5851668537204364	-0.1408513916222883	0.5858484612613938	0.5609852557530489	0.08425770101592568	-0.13822834311769813	0.04747689750462867	-0.19558505721367778	-0.33514329165689216	0.3205145332681325	0.10575445385924426	-0.34030055169244783	0.16743844707921907	0.2856037961161449	0.18008897530997695	0.08641085277380563	-0.012217445038833165
DTXSID9021398	-6.7001953515159	1.8240370858263355	1.536587534700803	0.659359982998069	0.11219337647049797	2.732238860032605	-0.9615415433845764	2.2404439740488655	0.5145291788045351	0.08380428779345565	-0.7950988845555654	1.9740697789312338	-0.371503403333933	0.5033359270770777	-0.5557102181465329	-1.129687123716247	-2.000950928711925	0.9078494041698355	0.2389447087900803	0.12731644998331207	-0.7350513425730528	0.02015825297599679	-0.17108756817427925	0.4523638812223555	-0.803824799552285	0.010415107046854175	0.6162917847718942	-0.8418352421713177	0.7287276729953859	-1.6651924550459625	0.26416789559620124	-0.5983107533489095	-0.20176629253233874	0.10461468102373778	-0.7048860438757322	0.5389292965552291	-1.352057687397317	-0.31878406521556807	-1.0345984974404727	0.5091450310471548	-0.4009857939020252	-0.47858390274659046	-0.06239684417865637	1.1994214767490587	0.8685913050854697	1.0924749553525595	-0.3839935773290154	-0.3942769457419607	0.6024257147290658	-0.1782491563507662	0.3856705830495413	1.6822435047655109	-0.026185659960127304	0.5000033350577833	-0.15467711408912654	-0.16100606879912752	-0.16371832689749638	0.3502319894487549	0.5129865350887026	0.3997864858363163	0.19374356327948053	-0.08894112622947967	-0.2907524367402433	-0.34704334586369123	0.062013617341237656	-0.4203462002866622	0.1675239806958974	0.26631828508682054	-0.25776525267351774	0.19592289986034986	0.10851811809996723	0.19562435218892385	-0.2501988941004692	-0.35299023454060435	-0.06524576286763105	0.08374708197483509	-0.09561352707827597	-0.14234117126782134	0.07285508819117092	-0.2767591623175972	-0.0007792590154973814	-0.024997430844196367	-0.10996624318144825	0.34412339179922397	-0.09422855951005552	-0.17572225568129185	0.2104729255756992	-0.004636309910603929	-0.04510734345555219	0.015152911053719555	0.080863782659265	-0.1276230491165637	-0.3697726200286964	0.02935785554813194	-0.02712886802690782	0.18717557200257431	-0.09522039435564607	-0.3083419301654992	-0.054940732544022	0.08744176375823018
DTXSID7046833	-2.2318039854808083	-0.10505322029542002	3.3967862743294406	-2.50405014223987	2.1944159483476375	1.431408630043017	1.341865797259318	-0.4498556004647827	-0.05544817722627624	-0.22897290344025858	-2.003087645504024	0.24453695806310943	3.890832973660835	-0.24833379621991003	0.7259306222908996	-1.4723473802720728	0.42346114353184805	-1.222555337235314	-0.5611888168493836	-0.7247163069871813	0.1871925906457972	-0.5929101929994189	0.8609828614942668	0.4565771501136332	-1.229286768652945	-0.2130524752304835	1.118237139997637	-1.4254779030939377	-0.7773308394775694	0.8480184781721385	-0.42177917774002	0.13813250835075291	0.018956424172292066	1.1461539393883937	0.5217483369495797	-2.180682535695053	-0.17694614342237017	-0.36488877453094154	1.2167850401827836	-0.26702248582666177	0.9941940866650261	0.18091974319988885	-0.477130772297668	0.025419335334986533	1.611542211350323	0.5727489460307391	-0.1185427585550281	1.0829508297854633	-0.733560513741725	-0.3380300466969943	0.7104339642687262	-0.8316983011313565	0.23183495821047084	1.8413525110057851	-0.3214331852025825	0.48530228585850627	-0.5395502706023136	1.4359252737474089	0.0887134589848723	-1.2985829682644887	-0.4978430521306218	1.3384229733466866	-0.6192348429898791	0.023493167601510864	0.33820304356192055	0.15263567999647737	-1.1229129860359404	-0.10303419926457646	-1.4842812545410577	-0.8089935876155624	0.37680793914084015	0.4496803199250437	0.012653178310946374	1.1265261470290948	-1.4683930898139055	0.772147076063995	-0.342396037685654	-0.3525220438709881	0.561231244279378	0.6650479796346443	-0.39164250302749587	0.09287082919251916	0.6478044651423147	0.3622120727691355	0.4358769243366634	0.6129961371397906	-0.14984573004309615	0.9246561875293701	0.43995828627628797	-0.09903197495293203	0.4768366951661465	-0.6497734064734395	0.12317282909992026	0.3187074412448396	-0.013838244959634427	0.39478090003813654	0.07880112896400786	0.030339751030123555	0.25887188227551705	-0.05569688513690924
DTXSID6045907	15.781151774998722	7.9439339801953155	-2.5323427658519493	3.635026620103952	-3.560788950622798	-1.5990607368238583	-6.49547012795641	-2.6621709111250382	0.7218327794967347	0.914767601948804	0.4663055993412235	1.199762989945212	4.261588481879228	0.8665554742615293	-3.277790871500763	1.1019791205264655	1.0539848663875209	-0.01358651695609957	-1.1615446826256461	-0.3170317917324587	-1.5267889604936977	-0.4044971969089238	-0.7108069803229442	0.012301721558654699	2.297007811282395	3.432035921677865	1.0239708613406553	1.921778597383138	0.5493495394655267	1.1785865508914495	0.4367179808519315	0.8667826468201755	-2.1088571873226725	-0.22389529022036347	0.6350757644675548	3.843808014275678	-0.7196688750334047	-0.6337671448906718	1.0458974918472475	-0.41706802908118407	-0.8536756537556817	0.34570876205436435	1.2344217906164598	-0.6587224769527362	1.8797024431097762	0.13536956423516025	1.1786530123724133	-1.9399369441621985	1.4403089171619765	0.27968149151157945	3.552106206993451	-0.2931294707268461	-0.34854175622294	-0.21615164475084755	0.45816942707262387	2.338811982612472	-2.084473949622813	0.7233570246972731	0.28738605488723334	-2.1255979249685826	0.48034153800475743	0.1649315372317935	0.7229575443619722	-0.7432026227574462	-0.8179790799597425	-0.9192194263519448	-0.3891651916661109	0.781381646168969	-0.8449572180337999	-1.3629268851892127	-0.8132769977439146	0.250708083444616	-0.34816347668318104	0.9953283313242741	0.47962293826211777	2.1263669293353735	-2.1923971236295623	2.9465807811847626	0.44565598050276667	-1.4221803811957168	2.020705463933198	2.5914377624205898	0.1621320861514194	1.2450257920567291	-0.6534172651225452	0.10598585110820133	2.512375012843488	0.5446273307974154	1.35420779738879	-0.2941255185247558	-0.20296278222429845	0.3616895397674138	0.1810951694058172	-0.7243335085620198	0.2846835886709678	-1.0223470611624386	0.027720586344564313	0.6516817997139985	0.1452114462888097	-0.4653637626516367
DTXSID3048817	1.5431032801141042	-0.8070388939156297	-3.7432919344082065	5.178746382052747	-0.7947601423240438	-4.736420855906295	1.712617153965805	2.8109006579912275	3.2599744214929345	-3.0951482181943692	-3.5860021744323025	1.0451661371638334	3.556490456787024	-1.2629778872458908	-1.8699783774191576	1.353001156452873	2.9426209500505	0.03612445295440412	-0.6957814610774034	-0.0290015590848129	-1.8649282791374544	4.5655698030260305	-0.0668465712864077	0.7366490245544441	-0.21552456085224184	1.365173253791905	-4.257827597456827	-2.576838119786281	-0.7421230402451917	1.0427547124827636	-1.3186673265547926	1.3203616486669172	0.5745533144330747	3.9047827461902704	2.3515556150968435	-2.335074176015242	-4.956374436642744	6.545834338449792	0.5504240947213865	-5.810184117752981	-4.157032920968135	4.039059024347236	5.790364322876029	6.67253203741887	-0.764931330776243	-3.983863998668659	-3.4337649373125023	-1.2628976971996893	2.41893264251369	-0.795600580986291	-1.711405240933563	0.7444663607723648	-1.022227618931156	-1.028344029447368	-3.0710575965743105	-2.4285127036188294	-2.3727816733011817	-0.4808403872565848	2.334370671802979	2.8055793962332993	-1.6025177329384748	0.10764023277364408	1.170266927971486	-2.2834992537654792	1.2704951829191802	2.579846694441381	-0.1250834748948454	0.8672448839631334	1.9062238608824995	1.6939403625557856	-1.3971176401712766	-1.2238698967829762	-0.21369240624124974	-1.9392780312164208	-0.7884204241521957	1.147179348712776	-0.03604524382187319	-1.6922312233971224	0.4004356668233881	-0.2583949606348256	-0.629988082725215	-0.3571645220108811	-0.03243391705913542	-0.10147610574975226	-2.6359109175477107	-0.060896954927187115	-2.2515797205038104	-0.16009485969516146	-2.079834875610491	0.6740760087715562	-0.18978694807818133	0.8157585644594391	0.8182374376862211	-0.9178604632125237	-0.310384901238675	0.3327249743037201	1.0802160242842263	0.015397528233004769	0.059167025522899305	-1.0913013327288619
DTXSID1021039	-4.798439664483254	3.791841405712069	-2.265099813291955	-0.21396883960436897	0.24317456055020747	0.5368747820023684	3.056239457108323	0.26684854870115415	-0.5310125305366984	0.2066544668605661	-1.446246859096396	0.5652071144741269	-0.06995680501879493	-0.06371350947897426	-0.6939056901534999	1.2183951425523805	-0.9177027635964587	-1.502993927765394	0.5317843015634872	0.7927802300375141	-0.7808085316251263	-0.056682185960218755	0.571846909338132	-0.8650095605467476	0.4300884511870786	0.8133059685624783	-0.4923558050730091	-0.1970516689173498	-0.006957176000186313	-1.3006007447086299	0.6829322941106823	0.5278932042243564	-0.7140369477304653	0.7289417733065768	0.2879205794260132	-0.3280620466666495	0.2650054678764394	0.4739666459632831	-0.5655498744125417	0.18723438686324856	-0.406486072981841	0.6981947406855513	-0.040127244426248515	-0.7807985774759396	0.2620333102363992	0.1508910098100439	-0.36946040909348893	0.6412238029054571	-0.8791869486508643	-0.23412697821622452	-0.015794158273857672	-0.08766381058077569	0.01966720911263981	-0.46686548610591444	0.22009241329220852	0.1268934350084759	-0.40820136574032556	-0.273323135827369	-0.08766828228403606	-0.0699274619404769	-0.2634658769559275	-0.2898477358266089	-1.1333672444979344	-0.5396911322246419	0.6815097914597353	-0.10027031219018823	0.6108646865572167	-0.10129755148095161	0.46936997332491187	-0.5152103332937444	0.516161314486801	0.5895126975310252	-0.3819893873204252	-0.16783767421565235	0.037589196217267605	-0.288851590349873	0.21950750732000288	0.45404697568143665	0.19258796537957107	0.8503426248432902	0.8160693939644261	-0.13570485008180147	0.1545368001414548	-0.6860104806974668	0.0870524397608927	-0.12984126702456034	0.43833693573998334	0.2735082306883344	-0.3080811113754788	-0.21374441651164325	1.099300139054035	0.4748299940229729	-0.21954548611453423	-0.3520264045701997	-0.040774275165124434	-0.0018816311015033783	0.014129361648356986	-0.17439818189909656	-0.09804890372820933	-0.47433061807154
DTXSID6020355	-2.4738453916793373	2.385063616467362	-4.569371383268177	2.587647614806378	1.181613425299553	-0.44050838244893376	-2.5870181584074974	0.3236140464197681	-0.026894231086866185	-1.6716157512475358	1.2727799056579405	0.39945870095494707	0.2951922217256706	-2.4415120116816103	-0.3067065081215471	0.4398212132206674	-1.6073170363656097	-1.4039243432165547	1.9778547598023406	2.5059660540315436	-1.1359196078124696	0.709525996875073	-0.29159740186234223	-0.77264996119262	1.6181556175857452	0.24303617211249626	0.36819830196449016	-0.1482970576079492	0.8082040505627788	-0.5607916595075788	-0.4952438873913113	1.1630991269572897	-0.4072742432041059	0.1283383343502572	0.7342429916622827	0.9948733379963128	-0.1792746539905413	0.6144056830179694	0.19303936679892786	-1.0254018741978683	0.39266333860706976	-0.38428303832493954	0.11460552610015644	-0.03250217960681614	0.4737998396986697	-0.6805624948293267	0.34188571465759143	0.1423457936656902	0.001157488460463519	-0.14096865576580048	-0.15642756289059437	-0.31330958111154217	-0.24637009966162285	0.7459662499938388	-0.06425911887555767	0.6423636077249558	1.3500463462945067	-2.1252872986371147	-1.5042494282208316	-0.8094846021490398	0.024354011944935774	0.028135802135685384	-2.378144959134201	0.292539959832063	0.5005171322876716	-1.1214213705258371	-0.014560731577671229	-0.36305949277462757	-0.17984711364056438	1.396485509573319	0.5224621428237266	-0.5463973598112242	-0.76055306607566	0.6627312674608145	-0.06125082328232411	0.20806830646640295	1.2122763322730101	-3.0108788863471787	-0.3003074774954162	1.8235364385648276	0.2316983999416613	-0.6449210414703623	0.049726165046849104	-1.0581124077805497	0.4926840588689417	-0.6682375415363108	-1.9923151527368141	0.5354584387596661	0.19102695500337868	-0.24140024789883735	0.8006648095099528	0.6292600876083849	-0.3490392283466968	0.3469007869172828	1.2681191277215342	0.8840436872851426	-0.8488866943383617	0.455588403048432	0.041675077983380826	0.864673926926616
DTXSID2048820	2.2012455475798376	-2.7745061395418373	4.277610790542413	7.844193148610508	1.234948128748769	-4.322254469026106	1.7056648424952718	0.4288908881145243	-3.9587695936124847	0.4721927270185842	1.94224897999592	-2.1154559620244404	-4.063416393327649	-1.6605438728019082	0.2458662196038651	1.139060166236911	0.40830409469156814	-0.7538440117844168	-1.0671634349030552	-0.005789436301755421	-1.2869350877993848	-0.6011141122423123	-1.3486626497195786	0.14545015823502644	1.6754684100172925	2.2185591115648116	1.1532828802562	-0.06700526793420677	-0.3112741170580878	0.3867136194737708	-0.9108801162706504	0.7243481610245349	0.6519504157902386	-0.03661597850704247	-1.045198961777742	-0.04548853412131101	-1.17838132634461	0.2307440456068267	1.0828249139675006	0.0971605541095379	-1.22529687643608	0.06152928846947419	1.0562493911563158	-0.6074226788963996	-0.6408988434279801	0.21763455067972343	1.642490244657918	0.8816125561087185	-0.14798271304014882	-0.5358982074294796	1.4941791642730224	0.011611967520370782	0.19441479443754897	0.9109313254808996	0.13061801929028266	0.49472130837688894	-0.4494567094967281	-1.2180632699473186	2.623422326128074	-0.01815870707302067	-0.563229453195502	1.3724172628749978	-0.647804675914301	0.7354959141848328	-0.09738356696687146	-0.1344834013607016	0.3998347185937902	-1.3760029202216129	-0.8231055047320167	-0.00383936516173514	0.18633166330792036	0.14805715510026057	-0.29700574764937887	0.0780685900926717	-0.565123990825875	0.30139663215475015	0.8287967928571518	0.06785975075699352	-0.5321633021037835	-0.4660153061311933	0.17289323525214098	0.30149935083263346	0.31742183914107613	-0.790940679848819	0.3350164303563501	-0.6947341404160498	0.07959311345151165	0.6002817012760233	0.6525483984294599	-0.12104315443488631	1.553579585040999	-0.4574071801956237	0.16718289127569197	0.5881121029046555	0.24809185729738414	-1.006866489285581	-0.3716074650557926	-0.724677725561086	0.27556196162698077	0.23532073409994433
DTXSID8023262	6.619840188627267	2.2726820809224835	2.512717697749216	-4.593587353768224	-2.5905183391921653	5.52924675767643	8.548052952393125	3.4966708219906786	-4.823141893977496	5.128038899547262	-2.588164897901735	-2.2813393629661327	0.355190655842618	-1.0954120923476816	-0.7217238610469972	5.646442427768919	-5.655393504938894	-5.751899848994004	2.1930834738521363	2.3491210948030807	-5.614019251594413	1.7722481099987788	3.664993456698467	1.1817708324129519	-3.012004570654815	1.008160250431511	-1.382205847447332	2.4625524693209266	-3.5192627782295833	-2.1794955915938172	0.08302334279670917	2.5134796762936795	-1.9777874550580243	-1.744253631006038	-4.385334044883744	1.3038941049988126	1.925224930537554	0.42034512759442694	-0.23391438350507057	-0.5605976188377649	0.4618989304653964	3.4199849067253667	-0.08409329808465194	1.2391433256807898	0.9055351629730438	2.2571895648398628	0.4962493433983941	1.0194366621359	0.6911847584857623	0.09877199741765005	-3.651080787840304	1.2388970509419317	0.9417447861705692	-0.4725732175565334	-0.09633904891159982	-0.3581522939515327	-3.454575186567692	-1.6163199763175984	-0.822429293027587	3.3505222392035297	2.4753945071759333	1.8164011568487337	4.375617655493624	5.814685271623056	6.119625974616553	-3.8467828087284683	0.19979853457733399	-3.0369480620318194	-5.032942080386137	-3.4855490922138466	2.6398207283850184	-0.008294284619682447	-0.30213231565374343	1.3009877616403314	-0.22271883476497906	0.18420951254143522	-2.2574838125074086	-0.4025894939100525	3.9145575404886617	2.607250092113513	-0.8003923788962566	2.762380492767508	2.634948883999387	0.6703787346952451	-1.9327771140823045	0.9188474740465207	-0.8286290529452819	-0.9125770549971516	-1.515070827676497	2.9214383585733157	-0.22612243743957244	1.4788755458727754	-1.2991400760443832	0.823111548157677	-0.11154730476061717	-3.0912103004686937	0.026105846771017224	0.5443815120797022	-2.864626430139152	-2.68342606912396
DTXSID1023817	-1.5707010928647653	5.692326064900174	-0.46770814393329446	-1.9132343165551517	1.5850551533384074	-0.004045526440633385	0.6375480239551731	-0.390726080480468	-0.3326893163084444	-0.9689106051906002	-1.3955113068965757	0.9645844345958998	-0.8274955096048174	-0.5562108424151841	-1.2066613414229452	2.072824400029357	-0.3797700035474471	-0.8944336651984266	-1.4179016809559843	3.2737248045869594	4.931560384952467	-0.9658823590808007	2.3357172333003984	2.040703039084065	1.1662069792079635	0.9489373659383454	-1.4593379831509874	-0.745252251669999	-0.5155804114668153	-0.4506260414793033	-0.3123813392283231	-0.7351009373626398	-0.24523216358624592	0.2346252042789062	0.5658671112617217	0.6153730091226861	-1.1332522911703784	-0.2406677460677618	-0.7729953023950671	0.024073788806800205	0.8051358062604196	0.8304835251083079	-0.19665716603287003	-0.263970237631667	-0.08258032101824263	-0.6084752244159202	-0.34022675647042677	0.11320400074659417	-1.8966631264487122	0.3614350982077849	0.03066269800627061	-0.4142378208062871	-0.07535168891078067	0.010369956419672895	1.6311963234366056	1.2184592167181973	-0.5865169925981679	-0.011021987405359623	-0.7615884169832372	-0.248936199456559	-1.3243595026607704	-0.1826146545963917	-0.2900325328285078	-0.011356831281706392	0.7223515525399721	0.18070609237056423	0.7406492777421569	0.3766434608916994	-1.832306753410109	1.1171874138617375	-1.5220888451519847	1.7646284202128042	-1.5027721147448472	1.9886234949683452	1.216674531223003	-2.3024284624336118	-0.6017709997395186	-1.3786887331836906	0.758675587382938	-2.6228909602100057	1.5588328523084742	-1.0284926028132944	0.8328187200169238	1.8510775435089446	1.5455055071784158	-0.26693392889290546	0.25634488529772737	1.3340786954867347	-0.7561604998000443	1.0749884889556112	-1.257525393176559	0.4612969094102866	-0.8325632295172577	-0.5729466060733196	1.4954371159586737	2.5151710241089638	0.23090836329295597	1.5742861378542936	0.24525070342163346	-1.0827006577099727
DTXSID8049202	-2.1920634419017837	-1.26117213670821	3.680125897202567	-2.3454671888780534	-0.3555379761929954	1.4150308815738144	-0.43627022242408514	-2.3664348795668455	-0.7384720132746752	1.498766586982968	-1.5934114467032376	-0.5883839085949771	3.2260884886231214	0.20100282065578523	-0.5594464205119267	-0.4773944049459827	-0.04701116341804177	1.37293711748918	-0.5233893006545776	0.7002783929465285	-0.017669797664368287	0.14737024638466534	-1.2925264037834285	-1.3526576182949996	2.5995795074695836	0.22252390862227903	0.09633253900400846	1.6859665261141725	-1.054231840944865	2.181537160254611	1.6102578075142147	2.1450652947590183	2.124284202357506	-1.9521507681081196	0.06319141003023424	-1.4928409644184324	0.6120985509066055	-2.443567286448114	-4.1788881707029635	-1.9607889427192193	-1.9288421160665234	3.216463922253993	1.7689701450135071	-4.52535641816299	-2.312534868581221	3.4627475125516303	-3.909536479843475	-1.8608064367925097	2.330753472872212	2.101956080173124	-0.9209842993128357	1.7145351702750147	-0.029442136476397845	2.999729224991175	-0.862689616739299	0.79178537338335	1.9819177907519638	-2.1399201915354547	0.23418239289684886	-2.806613710076481	-1.6858008635442456	-0.9524844572828016	0.26255530582162556	1.0867552584054359	-0.09570546615810378	1.3679691374747633	1.0161744666601271	-0.1872368074858372	-0.6905906643526044	-0.4666524168060111	-0.8128471071632334	-0.47281678676484473	0.021802907668755235	0.36072129048207474	-0.520484057292699	-0.4103733839233263	0.690540804654443	-0.6293833285192837	0.006910067588236722	0.07838848510793046	-0.32702455436638095	-0.4030563092950629	-0.23167454960721878	-0.5134406705140683	-0.07597169908562718	-0.4756311534033139	0.5987312674151553	-0.1629576209427053	0.09613738988623416	-0.22701532186638798	0.07339432036052594	-0.02053359363561405	0.4045723319140151	-0.6925459373398769	0.5433448692279693	-0.5363648665116028	-0.2214597864323664	0.2714587174066513	-0.4980607446739823	0.3264874055019191
DTXSID8057649	5.577539856405336	-4.1268378466477635	0.1894129646949095	-3.1532000736020205	-1.762567002780496	-2.4159553769668918	0.8234928287955607	2.194408391702067	2.767732856946024	-4.336662794909703	-0.01933039872093211	3.5505619740947263	-2.0090459610056266	-2.614733695766402	0.7985548502146008	-1.9176069748550035	-0.9443222331788598	-1.2701715944120624	0.7038160875549135	0.7007919736973142	-1.1211280060488509	-0.1836851989028906	-1.5941609818742946	-0.3988460336194164	-0.5741793626516754	1.1262077179968573	2.5587330372359585	-0.000299739136807543	-0.6238644288678187	-2.904363624110843	0.753880007439654	-0.9862778329797652	0.7363284678157636	1.238835806876236	-1.3952861744267022	1.1973539991431335	-0.21685329170142878	-0.05948859432617019	-1.9313122786727723	0.31159319658409407	-1.298759503683421	0.661869596607064	-0.01943613929379128	0.747970580508555	0.47872037307536874	2.60658612004443	-0.6650025077447915	-0.8783261685171071	0.5110597548237642	-1.1818269289837997	-0.720228903629848	1.619727060438622	-0.14803804589582778	-1.3162163793876398	-0.26583316744181507	0.05530947881156567	-0.10184575152537434	0.49512405489864897	1.190332796129489	0.6034976748057199	1.9011236633294548	-0.6324766566231826	-0.37077720833003697	-1.4283946210923564	-0.7637351538346197	0.4476294703932274	-0.4562087307567894	1.032958684358634	-0.48920715828767547	-0.34527165398057524	-0.6568478417678164	-0.6441907706096619	-0.3264523270224271	-1.668020662384059	-1.0280182503387687	0.9559487134396679	-0.3105797486285593	-0.6444242651021576	0.6389525645514216	-0.24155753110117714	0.5087402990715227	-0.1855695002884317	-0.4946445133303592	0.528247567381494	1.560398825996224	-0.9644933651830959	0.9116010006521904	-0.3965203075048511	0.8191357045180891	0.6953911696518698	-0.03814358215785494	-0.09077499481496898	-0.9624029678428893	-0.6689639608819022	-0.3618428114536403	0.7994712323659616	-0.0632790861794088	-1.0690665526391545	-0.04893231932957208	-0.521474355209411
DTXSID3023899	3.2159917484998943	-3.391876402093295	-4.459958181531046	2.9146050480704884	-1.8982015107606944	1.0750496307670192	-1.4866182600523508	-1.3937160294896946	9.38430896881447	1.4110896148780765	-6.88644605753341	-1.4755519977199627	-4.195564891074266	-2.303128251921875	3.1129343720981977	0.24488260301860484	1.4463605952492093	-0.31308874791503155	-2.4865356428992382	2.112120092584804	-0.612290483455308	-1.2142981925691725	-1.0052876879426753	0.43759550902223027	-1.6217700576296006	3.393114205784143	0.8670192630017769	1.836948790549547	-0.5308607927503035	-0.11068016933255133	0.19933319505610636	-0.15859284834137408	-0.9189232511419878	1.958021643156469	0.4931142897074677	0.964521957039758	1.1213182655951959	0.7799580834620348	-0.2243813657894968	-0.28414817097414424	-0.4528730692220755	1.0810069563081874	-0.043356176931755266	-1.3460655006844093	0.6797558353853611	1.4281476790757373	0.9203513303850807	0.6108699904647596	-0.08771301081562738	-0.2618127400188579	-0.3889974592783069	-0.3238860914709114	0.5798393662474431	-0.6370805435665837	0.0695342488502382	0.3649340696934408	0.06613730417552101	0.17214344383375907	0.9016884232882665	-0.6359449935189133	-0.06762094157723779	-0.748367547401993	0.005733628791518533	-0.05239427664691702	0.8437141158520264	1.163401004398963	-0.5888842439457235	0.8655043204929862	-0.3043008575385405	-0.45241023310378936	-0.8188435994636646	-0.3683664641157599	0.5109836051904652	0.02969731469623413	-1.096477934552444	0.20875289118150153	0.7861103914740505	0.47099398566726275	0.44019021017497656	0.7028577607668448	0.020417058026106955	-0.2618252273101013	0.32631290026937143	-0.036826638028673045	0.047477541489588805	0.08069143608115914	-0.829208306471623	0.037572790800033555	-0.9956923160350103	0.14206988210046995	0.3817582015171151	-0.5204155183285939	0.29012416008979686	-0.7996538623475744	1.0560439949759335	-0.6925794413644409	0.4154462982408859	-1.2895600286786209	0.08590315924216556	-1.5436270604623832
DTXSID2046751	20.25339372518311	6.657359536723529	-2.5071507757284412	1.9289449413159292	0.6665922033573881	1.4034107907198383	-1.883502090134069	2.2439273185666235	0.578669801228388	0.6886219958093093	0.8428925421573291	0.5145077557476465	0.0463227426334103	1.9529444253079233	0.0781609463484196	-0.46913042530826177	-1.6474391632094267	2.0025573388948006	-3.5757121726219356	-1.6674093496367377	-0.44829373033633596	-2.1283246184026936	-3.2134687020634742	1.4755340015252292	-0.42534217632507293	-0.15269889333185452	-0.7476654689150509	-0.530637101579465	1.0213365024156398	-1.1092729925449436	-0.18059929122675486	-0.4391545988825998	-0.4639344409903353	-0.2377667353092891	-0.4247130535966012	0.12219795520624664	2.1171023614783793	-1.060814635033462	1.7139189363823426	0.5227443762858965	-0.37557078634948066	-0.12982924697001405	0.20225734399065584	0.870827124447277	-1.0451292932475993	-3.203838912206048	0.01262270370500171	-0.30825927531957725	0.5071487909941272	1.6534567200684527	-0.3372984968880389	0.8794462421187551	-1.3696167015905467	0.3676155272228259	-2.6108264379574133	-0.8764480123054365	0.9731039451668824	-1.46027479207218	-1.3131810675080415	0.06644063994773243	-2.0051655123500867	-1.0827694595508528	0.21760434361700684	-1.6973055159240278	-2.246688287711701	-0.36896969579378325	0.10629119223408198	-0.740116637227425	-1.281280620802221	-1.5565033958406955	-1.5337646667121423	0.6795417116930282	0.4779775285635099	2.3827533178069036	0.7850894529155971	0.13620957917560994	0.647077237896209	0.43404070016286833	-1.2350007962427012	0.2676023685624761	-1.698110976205413	-0.9369881446534493	-0.6773925714738711	2.037066824883636	0.5492281977306095	-2.9226853874825363	-0.06832033252200939	-1.2283092207937334	0.968689935512209	1.3875487982483712	0.5848019621102694	2.123515162227422	-0.38544380014459284	0.9801475948487116	-0.47759659142342764	-1.5662676521290333	0.9560914551028411	0.62263869039341	-0.9322082524778936	-0.28888524271765303
DTXSID9027570	-6.52636669500871	3.0380304012405954	-2.795901207266848	0.9768144551204149	-1.2777161421726635	-0.27006094675092895	2.4319494912212587	-0.3732338974070197	1.1599653741114329	0.5051655898683926	2.0265416561939795	0.8057346595750797	1.0207820066734261	1.205503657604035	0.5814439847250845	-0.5350931913745752	0.06298279800100082	-1.1710183601629052	2.3253329478265203	0.35959838678217243	-0.7712637030792225	1.2846648222799504	0.6265885695937746	-0.5707016269570683	0.7852177456292623	0.9531063507856751	-0.05136238619910613	-0.45552397210263457	-1.0149845699348288	0.8292393216041751	0.6568809655723559	0.822892365580679	-0.4356950934357973	-0.5814698544618879	-0.1891399554854235	0.04656908959605894	0.04272003488686231	0.4976170945820062	0.18246592450068622	0.013227352188143198	-0.2500200860396626	-0.10385424159591797	-0.15223167237547638	0.6810590597393192	0.21630033729884643	-0.2646485020429792	-0.3070810470603764	0.2156534584591432	0.0035625362915778914	-1.1322901098540212	0.2936612087397821	-0.3800346403138957	-0.029573896797828583	-0.17813517573266183	0.26700177364117256	-0.47236028340266384	-0.2553739339861353	-0.22298890422418688	0.9120128507827434	0.2150794413335644	-0.19134076898716365	-0.002429294578249925	-0.31070713912235676	1.283663340706137	0.059118021456141055	-0.2887591431333316	0.4944853572353355	-0.29987879070862955	0.23346143809236958	0.035581821858413396	0.7818213412854036	-0.6207686560439638	0.5415890990065327	-0.4477410595879496	-1.0170477625281682	0.25924720761511344	0.9091123808165316	0.17413634070531106	0.2027561804037712	-0.8869010201539179	1.0299031603836315	0.2837103836883729	0.25246252360162424	-0.8252550120011437	1.1155290268532059	-0.7376148082371404	-0.035746072195582394	0.6127760493672259	0.46364266728922576	-0.6634577993108169	-0.3252554629640479	0.1219849524833289	0.017833614628156857	0.7631994723497841	-0.02743732699493506	0.3053353414146706	0.32783329319874044	-0.3231649926043327	-0.7528104806483173	-0.12532745268757042
DTXSID7047308	9.92469340521797	-1.0709496428225425	6.653552604004669	-0.4553704968798094	2.2972391103216703	0.5219181729311458	-0.3930918227688401	-0.37272020528371347	0.10598497727954821	-2.340419356616099	-2.275738759488096	-2.405606054023168	1.0896909226444984	3.2903906288078124	-0.004835626588491539	-1.1665122799742353	-0.4745574046055533	-1.2531389621592162	1.675606480888209	0.11329583801080334	-0.2376506165375935	0.9107304961030218	1.529772576004981	-0.9085353722275551	-0.06419218183058582	0.542551509310339	-0.9152256873408413	-0.2051607457286381	-0.7212380147852854	0.46300050317900665	0.3115097069900759	-1.7329795812503306	-0.21326831906720112	-0.2829405105566543	0.10367137659331024	0.8593647026653226	0.25341070819368444	1.8371763365227773	-0.5293554339315734	-0.5029763149238318	0.5413709441956986	0.12043617880764795	-0.35845294185866805	-1.0865404213198233	-0.3189288400988115	0.18114734048600808	-0.705769972674256	-0.8733602625254	1.0825888669995276	-0.2529905847777001	-1.6808952623908306	-1.5670664745753031	-0.9520958342280428	-1.0539584506123596	-0.02198072949403179	0.7121906232409574	0.05328155780460609	-0.5444206323905382	-0.22185120559900784	0.2320343059527988	0.08465393601702369	-0.4280651015612118	0.023573906404617307	0.2361862018657745	-0.17995748527379607	1.4863203178224982	0.2491471337672718	-1.0694452060752726	0.7302937842704981	-0.4712437261141488	0.16679069175321676	-0.7536565393049929	-0.3981363841174025	0.08294371316650409	-0.34481185284523497	-0.24327521483525294	0.7232423581699711	0.049317993451992705	-0.7259447324961013	-0.3908858775514024	-0.24013432596023201	-1.2576780805756198	1.3363803296841072	-0.8582100129200276	1.1025135749903732	-0.24884870680963675	0.25700009555182735	0.05446444118889853	1.3388574026913578	1.0026654716220114	1.097036475622889	0.07688194495329058	0.13389728366938614	0.6715466567549087	0.4411864295501096	0.3952466247942934	0.22534777200657313	0.17719459083186934	-0.2818648714047929	-0.014012774714925553
DTXSID5040702	-7.149381342930847	0.8431767299202764	-0.28137373124580844	-1.781336232221008	-1.4969829998679458	-0.5357513190505407	-0.7350141944543408	-1.094201957932609	-1.091534073632479	1.8258951030397044	-0.5071202649720581	-0.1690907623408246	0.9013843146412054	1.0614610546679866	-0.13449657084121053	-0.7330468452405345	-0.31133583429885275	0.8607174349855331	0.9913157258963281	-0.22621797608358304	-0.014103770987794379	0.7288645063188278	-0.41530198751005687	0.6924605354268483	-0.6120654412052599	0.539331076260665	0.30031096688172026	-0.2510067921231217	0.1143416556808909	-0.3404869553256769	0.47790027737215596	0.07359116649573029	0.26852449753670865	0.18346563537177069	-0.18750017752320214	0.35661731921173884	-0.6989629948944315	0.5353021506544288	-0.22483712739636627	0.21111142449648404	0.21879940875844398	-0.0312531275494821	-0.41727053606770587	0.1068134116693055	0.536161756852309	0.45166338330264816	-0.17283483020521564	-0.3264232541453817	0.5514256954216267	-0.4799698862162809	-0.12889373947274785	0.2767276376260729	0.015331582056232267	0.8650045652113101	0.0619845605817528	-0.41396868676832693	0.4833813564059957	-0.10469641672796028	-0.27053790024545654	-0.030560791224712242	0.6890715380212828	-0.5449656635968054	-0.21554401472727855	-0.29342666150851143	0.2508898762950058	-0.2065487366370771	0.04345610162042648	-0.151605890330797	0.08261079363071597	0.039422761928135805	-0.15036418796287918	-0.3122978846809396	0.038139506398353125	0.0014997095743991037	0.15677187512312704	0.2670254851317237	0.5292965204438818	0.19162020887793108	-0.2952885821927119	0.05684277489871373	0.36662814639680014	-0.02714100763105868	-0.3382785811222362	-0.06450329212123582	0.18645777528599702	-0.2878499229850525	0.32007489092017954	0.029450331392823045	-0.1625246052951521	-0.1113834292729146	0.11491480394248747	-0.01056747227166658	-0.3101205612826126	0.28165386392479647	-0.21543117486345056	0.0019309837060942987	0.2721617728997542	-0.051893512989565384	-0.1706213550642245	0.09344133593350307
DTXSID9048649	8.55717355455307	-2.7447165074665136	-3.945761770721379	4.426379601936488	-0.5324210148791437	2.094823408899	0.8802199647045539	-2.947602893435479	6.422406981704683	0.9062284039794025	0.25835900130428735	-1.4966530317465607	1.8809496086837931	1.014948233270714	-0.28377735595603637	0.846640342072332	1.3660664896218864	2.751992793153965	-2.8045014692257424	2.2696646524439563	-1.0416803843447267	0.13475352798245044	1.0257846901924066	-1.2498422187724925	0.921826774704929	1.4130381806559913	-0.563828838637975	0.6465619428503612	-0.00979875971144307	-0.9192159882164942	-0.4939388183144937	1.0272005916968	-0.9584448565128917	0.2933143684039998	-0.08777845554359275	-0.6798565336024893	0.5146989678811483	-0.7789090098601018	0.012006926611473701	0.3002238795299872	0.21991863871043552	0.32316788303772465	-0.009751840840449446	-0.1472613081377828	-0.1440731392191271	-0.14826966765797822	0.9830902433618329	-0.0764381180112588	-1.7832584057280179	0.34999658800459005	-0.7530670499947312	2.3361006933400184	-0.47710295642159695	-0.5778628466524294	0.8157909708747868	-0.23202220579566246	-0.3983721935430251	0.8925557618907093	0.46705798873513377	1.0450037609968397	-0.6199193470542548	0.7503943102995527	1.121599994017917	0.11760539265284385	-0.7657346892099179	-0.9154461245554573	0.12378278971778293	-0.20631698404318605	-0.11412707604378128	0.5649166609191103	0.4942395980117476	0.3731562033963554	-0.13586924863724056	0.0961718470418175	-0.18582484965274113	-1.2410136302739816	-1.0183076345773416	0.011922924455949745	1.562071385018909	0.6372528059518422	0.39494836206838224	0.7802041654516559	0.1515192291225993	-0.6026688248944664	1.064592438087048	-0.39618507307271505	-0.26833130155670226	0.5725750566981735	1.5019971872815379	-0.6709820462672141	1.2822994632665978	-1.047847055437194	0.10352228900934925	0.4147918849423272	-0.2717995133260282	-0.9373123736594443	1.2286168919588665	-0.6274139904122981	-0.4282278953362119	-0.6545843100622367
DTXSID2046911	16.97953447971286	-9.07537851836179	-2.2513390096298997	4.8690190558464606	9.785999609045872	0.24002977395400846	3.177403297937188	2.5390895105574103	-0.6327555473832238	-13.401974558545524	-7.219345761805852	-8.759275842393487	4.677021699644074	15.674885231004932	-2.3010955871636103	-3.504331044228115	-4.0083201320116135	-3.6048727255313806	8.41201230166757	3.1179355921801952	2.7373628516398387	-0.897842152245513	2.500217727820512	-3.0728552065734354	-1.8952627790614462	1.4070914664239549	-0.932715104519348	-0.8977964673218062	-1.243445327867914	-0.5961030025812394	-0.1394402520504692	2.0247737650102953	-3.176543729867026	6.27013027208669	0.17026391482978256	-2.060365864576255	-5.102429704916804	9.949966269535977	-0.13006772247886692	-3.442885334169443	-3.2300630297169977	7.662936390357546	4.776908351279358	3.83742815513553	0.9026211856888053	-3.9513675670593753	-2.889692491626411	-3.2113386819063945	-0.6405301739064772	-0.3509264584734501	-2.9184108373287136	0.7679491785025554	-1.6198141932587047	-0.8823503048378948	-2.9833437687100806	1.367855281595284	-0.5692255068867708	-2.360715081584036	1.9099788440142023	2.0208937860496126	-0.9544095556849381	-2.2592478232433657	1.7127527823067288	-2.6520507908640174	2.430843425762904	2.995234590882233	-3.445246093154094	2.046961495822884	-0.5579315157166598	1.6634143587510306	-2.205594176377718	-1.423029487060564	-1.1069058131604756	-1.5768065045950903	0.890372368204316	-1.5790292407966524	0.09547741352781333	0.8989772729356948	4.386753226874935	1.8777723799944805	-0.6756471616491128	5.3991611874420515	-0.15060019129488028	-2.828090167666743	-2.0083940241959217	-0.6454422203533217	0.5797023092672708	-0.4677953591191259	-0.39917160889289555	-0.2599225250084596	0.3198151836500169	1.0265790379976765	2.3750437328995497	-2.1126518194474806	1.4564468782707394	0.005179739098793525	1.2373567307799975	-0.8664717781258268	0.5686592730343701	1.8759936157456982
DTXSID0027806	-2.8952340262696072	-2.3066867016913304	-2.9299849861703007	5.180942135878302	2.404354215566408	1.130613502512182	-3.004609601580116	0.40222116456575696	0.2047252444736037	-3.121459851126516	1.3229101249074828	-1.970040812607123	3.9118450844481725	1.8722268969953786	1.2053111587683942	0.43884460016977017	-1.5211376549287747	-1.4920694563523207	4.482934113290651	1.5819998056036884	-0.06701858462202381	0.3180173052593703	0.3128953107884457	-0.47539632044337105	0.4847402131507102	-0.5621789398007461	1.8992210633858089	1.2956678981814298	1.0934428889611794	-1.7230574319704655	0.9371938184944573	0.3955713361281213	-3.3568933458492567	-1.8245676271559301	0.48841115624270226	1.919371638397226	0.3185413769315641	1.3490235492128475	-0.0866799761334132	-1.462150293604069	1.081407788578581	1.013029796268257	-0.3761569980833521	0.8557689285147898	0.8739442933496568	-0.9257202931400383	1.966157967803474	-0.7410639127935831	0.4320648360158538	1.2387788429893238	-1.8239166568377472	-0.5215894236132945	-0.7191082439747786	0.5671340655803214	0.06472004364621439	2.3068029474148815	0.5025496707685105	-1.7588121979473763	-1.6722142255301147	-0.23764558707494654	-0.13680368364072235	-0.44375951357339577	0.47769947741339686	-0.473354458236596	1.089363303328344	-0.5329755824930446	-0.461304795985825	-1.029606044491546	-1.0265490602391167	0.708615259943894	0.7326404272043425	-0.48477223629965893	-0.7037678471534037	-0.3303381979045523	-0.38008439198179145	-0.7352995700694801	4.087329984485683	-3.3918806298308124	-0.3083821089407375	1.9515875255830921	-1.177424649007683	-1.392238921602336	0.32326456656281066	-1.7466896562949212	0.5823759264970017	0.13774276962472723	-2.1058365279539695	-0.23163441800689977	0.15662915877729824	0.6657348355336576	1.2972894574194578	0.07597168110985239	0.2534319291548821	-0.2362631482114044	-0.1289030948882375	1.0739578744574323	-0.2814433819334962	-1.5837289925675213	1.4270256451344248	1.2112225685243239
DTXSID3022403	-0.62061266463012	-2.3843446662776917	3.146505085662852	4.947571075709849	0.1694997638644103	-1.5072387167806442	1.0992913293259552	-1.9857055977283475	0.01204140949374908	0.0754804324613761	2.6307002484996564	-0.29096688680735655	-0.44975015595395673	-0.6891616475568505	0.030716810994825188	1.0081704327505452	2.1210277630460377	-0.5579079423667098	-0.5887695738101799	-0.9716923863531575	0.13695229506710357	-0.6820159522009731	0.5960303689644533	-0.3801170551483127	0.42686519669211026	0.6440291333171054	0.25206159137986595	0.18051830833015992	-0.45685250958697365	-0.16558796623518993	0.06668818334771405	0.8122951584737041	-0.39674601281002486	-0.7108087811708453	-0.060853219680044174	-0.21375999253502817	-0.34190660405707934	-0.401892873237847	-0.41824479291126526	0.9269674049891948	0.34158069496287474	0.6879110529472277	0.18386603943071134	0.7615556049605223	0.00740136844710088	-0.48464950230916615	0.42798135908824436	-0.3959304064628383	-1.0560172555957779	-0.05215187095769042	-0.8115601953078561	0.14814209288472666	0.29054316997394414	0.002881006011885564	0.5721524615717921	0.26797206096835907	0.24849747543948822	0.6143778451318488	0.5487260123410809	0.4246014174637079	-0.7623689236529917	0.8086760006560945	1.1630173305885723	0.18850125982320481	0.09630084953034691	-0.5871439653074056	0.13107563814385856	0.2687272604529724	-0.2898337826278705	-0.2550278619748442	0.6491100890834374	0.38964002702606226	-0.3915830593855993	0.6961267887266142	-0.37015200148912375	-0.45009146481485957	-0.8509765614509495	-0.6398828793291417	-0.48216566747705775	0.5335338758000469	0.02715622664018179	-0.009663003107727202	-0.020952691449506296	-0.4358364265882629	-0.637247369853308	0.08830746320500342	0.9907764801974219	-0.6736484404163003	-0.02852820107747555	0.10360517897284634	-0.21619266118061709	0.35345159327924314	0.6717519311661594	-0.05648001934136533	-0.06789473365466972	0.15500503011657296	-0.3585757325207692	-0.6314557012892367	-0.024691690806636815	0.024407198819235296
DTXSID5046144	-2.093778509353914	0.9815888873916497	0.5249156770626825	2.62407370414993	1.4533041335817198	-1.362587781010665	1.0532033928608657	0.5511703544178468	-0.7928849807206444	-1.2886677920418037	0.3982012746176376	0.3785820342303837	-0.20676393289092812	-0.5935332357177074	0.26452611919237556	0.6148373297456	0.7157233987891305	0.5480805380760014	0.03474986068773698	-1.3782881751448857	-0.5650760317660902	1.199208989766934	-0.20873314633553955	1.6135720378521685	-0.7512204455279187	0.6925563185792788	-0.9968039406296418	-0.22150050228470922	-0.569725009362429	0.8555320345130905	-0.03900974588802947	-0.1270987181036578	0.37892194550776054	-0.052643659939126224	0.7004048879200512	-0.22097584989465952	0.4295887613802433	0.2233811298804542	0.5210299041126617	-0.6839032968738513	-0.13472514316993572	-1.0747866227278013	-0.22944760672825754	-0.2962612515886317	0.4660391457710141	0.01662962943120964	-0.42257433478888795	0.5444378754114577	0.6415185005412296	-0.2126568252145665	-0.3480184565202367	-0.6307285154095096	0.19017404020122688	-0.5978604964786532	-1.3322091121676567	0.2502229651359525	-0.5568655330868266	0.34140880911364174	0.7678000746294525	-0.1702352977068052	-0.41667507298587586	-0.18541769930960939	-0.044090200584516355	0.40193295339328217	0.5587823794920708	-0.3087304469765243	0.46338567804039943	-0.11662146398027892	1.2281255993842974	0.3658096111169453	0.3221788914257163	-1.1044969159746172	0.10126805772541203	-0.3508636144153353	0.2963332576372609	-0.01514315100514583	0.7008258272873991	-0.987457873907779	-0.1163833932958232	0.45210562682657707	0.3605116730865504	-0.477023912892564	-0.10868621888925988	-0.08631883210776183	-0.14007360054446427	-0.6319606872686273	-0.12447487168385869	0.3705723669957349	-0.005284274305298618	0.13759012106755278	0.9452092355427827	-0.06192120016299823	0.7565957863057415	0.4287362710234766	-0.5991594042224944	-0.06615903591625952	-0.01978052858053127	-0.20344749893618685	-0.05323446299418526	0.500399867873246
DTXSID0044816	-5.542433605231091	3.1893582059705543	-0.7428362986377569	-1.0158857608517076	0.20776213887385533	-0.9677974455096701	0.25624003468369305	-1.010973674754417	0.8697365360668184	-0.9603994526140028	-0.9011270554487508	2.2491880088550587	0.15216047590171186	1.4733377142585766	3.7202388305635075	1.1924470990761766	-2.97044398644785	0.45073118654592836	-0.34503426639552204	-1.6065894660484306	0.4462648008102245	1.1037317480268207	0.2503153574048404	-1.7101974898668244	-0.5075961857367964	-0.6307050379241997	0.5115247584818996	1.2210270107498635	0.1413976239775402	1.4438335216435951	0.26076399302895364	1.6553255760660173	-0.3500802364092784	-0.3815121629516218	0.5507735607533679	0.3263087273575962	-1.1553439486522012	-0.6356731438784669	-0.6472782013237959	-0.9299448994201226	-0.11892810657836808	-0.4538534859583355	0.2638153121766736	-0.1587922656751789	0.8133469314945999	0.3689245346318746	0.6580836306186099	-0.3510822628041004	-1.0904111635339675	0.06203550236599842	1.4476398866723796	-1.519707188687553	-0.7686789676160242	-0.8720922397505955	-0.6000824666317601	-1.3974183291033353	-0.6645511406548432	-0.007358773411077926	0.6232217959909226	1.2807213903538976	0.7684005074220968	0.4493852752657452	-0.3851929828744485	-0.10510829425887225	-0.2846572018425734	-0.20640111094143335	0.02996755971629265	-0.6182574600047279	0.3862394303781128	1.0400047100259522	0.09900271616718445	0.0787406565165924	0.3286435495952556	-0.10207540962596719	0.8789951880720801	-0.2710846506627573	-0.15486654076987497	0.0003763958681557833	0.36404788657928006	0.3016940286308673	0.3018394876681501	-0.0008977698593580725	-0.31996783534815704	0.18965298868678682	0.6256378844095222	0.09030030578658159	0.1017518265076051	0.14500619743755433	-0.11899983982051743	-0.7895229088489724	0.17127957581492012	0.4718426375612432	-0.091620297113702	0.2512317656962152	-0.23422889314917475	-0.01818714644995834	0.17897609505913709	-0.15305031991335666	-0.07911718361461591	-0.19693866278683125
DTXSID5021883	-9.716768406261862	4.066332287367998	-2.0002852240236506	2.831306912684589	-1.4689500885914732	-1.210541782392785	0.4566132356370067	0.32160307448778674	0.11445296440639509	0.003243303648261773	0.28253723504060013	0.4741392347115463	1.1639113520139999	0.4125103372664241	1.4206462847303498	-0.15327717703365945	0.81456537390414	-1.275755944748055	1.668646072559439	-0.5925049351493266	0.5130864375502443	0.5586773129816935	-0.477778395090151	-0.7067402090482509	1.0236476912471617	-0.995102891197257	-1.2153381380278199	-2.213293892951403	-0.18489460565547108	0.003926277829730152	1.5239411573793913	0.37988117869325677	0.47987744300274376	0.7914123839940291	-0.15489115824058294	-0.23807357765956202	0.01853486472260998	1.3463070745258556	-0.4311730347574366	-2.119467636345464	0.09325983371188543	-0.9181400884022589	0.179646497884196	-0.5456919473555346	0.6647819623323488	1.5606702240619976	1.4613069263379652	1.384002986927581	1.6420004709721312	-1.105769971624587	-0.24024553256935913	0.7615491108576713	0.6283960164054996	-0.46698123442007106	-1.1447575584251026	-2.3542571954418956	-1.2051837657598556	0.5560803933133496	-1.7119103956198352	0.17678833351969422	-0.11386549803251379	-0.00994190846744863	2.21663891872324	-0.6739449607712497	0.9030480226280927	-0.26124968295499545	-0.273982545779882	-0.10362753868261798	1.4935623524822281	-0.036088485943073255	-0.11531885916500254	-0.4131882476264333	0.22885556855007558	-0.005478346826975527	-0.2109292395081297	0.33723343659765437	0.24644537387872767	-0.5876718334335457	-0.955788979152413	-0.4297004175465506	-0.40489484231934725	-0.4369629687987823	0.16458135385389008	-0.29041385924086865	-0.3769155036637546	-0.9013594377977469	-0.3024391337331755	0.08722938403607829	0.4226093672387881	0.17526116604759756	0.7869370612489198	0.9516354158508112	0.338996784053182	-0.15256937459262168	0.12081004838574642	0.48294268394115486	-0.24221919986323942	0.8243601942926796	0.4064248297103746	0.07100444379859994
DTXSID6046345	-4.552899504482089	0.23171399550666194	-4.011531985789945	7.252560782471973	0.5395647139985296	1.4519157417060318	-1.2725685621507288	1.042049841877952	-0.6595771660769019	-4.251886752387537	-2.2347157741049855	-0.5632618377967212	1.0630373550969698	6.150703071538361	-0.45173796389035686	0.06640662694682826	-2.0171516789753823	-0.7140956524355184	1.2563270908970627	-0.9701116076899983	-0.06264765453133568	0.6674904378945671	0.5400537545285408	-1.0511353067487015	-1.160830961502803	-2.772337568623166	0.4874074107200932	-1.2553300886329017	-1.8814857814388015	-0.35318630694315684	-0.10048016613032282	-0.8875628597727155	1.5867797237463392	-0.7075652114698634	-0.3795548890654163	-1.4585816652105277	1.6083167733238115	1.6741016667363042	-0.6496461784577675	0.007130008056820542	-0.32455043883328555	0.9748070710732244	-1.155758927491788	1.300336390836152	-1.9259879546805347	-1.5517169672757483	1.7174666050541123	-0.6345193120482555	0.7593085224443045	0.6030632236375479	0.0816426057269223	2.123659787637128	-0.674964395653674	-1.9142754889228342	1.979918433671832	1.67276333815231	0.6874876573564976	-1.5337165815822285	-1.7139219904964471	-1.0272479363549762	0.8523397240658511	-2.610305892781785	-1.024174911960589	0.4038495125244561	-0.06446798502231935	0.40899731287507984	0.6610907014832234	0.03165133716048004	-0.43209879118981764	-0.7837765982285344	-0.22887491776231222	-0.5684847657722859	-0.2688560366999252	0.6039952233885566	0.12952824901944934	0.7996342687975408	-0.23859211341556244	0.02374428039324674	-0.7711989961116323	-0.5907590934799923	0.7166491694927087	0.37680905014851557	0.13385104419138288	0.036410606936643754	-0.2633186399945701	-0.3547873033997706	0.054378110183424255	0.6646652066264536	-0.08688910507936164	-0.265712041495181	0.2905119033336856	0.4293031911221583	0.014604954616969607	0.04091734244693668	-0.19672164145371723	0.003001864326821719	-0.33383768450969087	0.08361664199835402	-0.013033396968628095	0.327777813553848
DTXSID6049226	4.756879601355648	1.4310113524567911	-3.6725988920942023	-6.086106482200916	9.114654231849427	-0.164360374312394	-0.5615668950972713	1.4061785037497259	-2.1811098865534495	1.406978386970086	-1.638959171319691	-0.6999355886488607	-0.80556415514762	-0.9399582921368336	1.3505543651162002	0.1992702243491201	0.9642190045251228	1.2953840706052588	-1.7679077406776313	0.04600541260316538	0.7940991119454479	-0.6048533048494048	-1.1473317758178707	0.5353472274324199	-0.7432592602190754	0.37706504054989565	-1.756210085505915	0.4566055976091518	-0.3356797760792968	0.13878838506972208	-0.5702133779599942	-0.07515953860374551	0.31957055191648004	0.31181782882101877	1.2075413046719827	-0.24597129804032838	-0.701576835912019	-1.0437918193885736	-0.7834042600464356	1.1389359206506573	-0.22220386675021844	-0.22971586328966867	-0.11906504674067901	0.03147827109054554	0.2863236210572079	0.6622569134554506	-0.26635390539964254	-0.13150275182744633	-0.996515099414137	-1.3046749271584177	2.261569287646847	0.23359521281812928	0.9212600783215141	-0.30015248666599714	1.2880654255600024	-0.2610290466738829	-0.6448623835780788	-0.28965892213864364	-0.08090455694778265	0.8794997305711308	-0.8528157924818885	-0.6977093518419869	-1.167893484371275	-0.48251070076492447	0.06049188687237003	-0.5716199214829912	-1.4173877401640647	1.646165622868188	0.47761683949868816	-1.6640258282880704	0.40040434338372805	-0.9144110478861074	0.19777834687587628	-0.12919507995063334	1.2774934304577636	-1.7349165443355377	0.7726511737309468	-0.19737126278791997	0.39083214404490013	-0.6047837093867067	1.083104879495059	0.420427489129075	0.1864699362180912	-0.4853498237999596	-1.735055432797682	-0.7944621243506691	1.8989686615942643	-1.1228525948791375	-0.29858632374675653	0.48156178807743505	0.02375100927680617	0.8010338167824581	-0.0561995154985864	-0.3102904241988906	-0.5446853546304073	-1.6757357797819874	0.07068871957365991	0.03016849320592533	-0.1739497999808713	-1.054660012762431
DTXSID8041242	4.964108275862661	-1.8514588005426802	1.6919545305976438	-1.8438543753859726	1.572943003575832	1.6127414903255406	-0.08879610143450581	-4.046090541138898	2.1290331467677563	-0.5420389413100745	3.1168632354491654	1.2978154766682832	1.5788498104537354	1.2538150838062145	-0.7685941692653055	0.34854145989969265	-0.06743621968330964	2.242216183919978	-1.3677927453085792	1.4438666880824946	-0.7151632864397873	0.8058689309281102	-0.17685511145286023	0.7254019058125801	0.10603391667427627	-0.6236970552673843	-1.035000168656676	0.48958661842563933	0.697335610679036	-0.5850818661340864	-0.5820359473055309	0.1586082838108557	-0.5235622920554026	1.0409842047490165	0.7781239973017477	-0.03376516957195665	1.2306773470897259	-0.0849596480421004	0.67164135985745	-0.773149988464035	0.6107443666880624	-0.7014831708864963	-0.6422462680082389	-0.29937736990631947	0.5704112656999913	-0.5122898709035834	0.3929989397971617	0.1736802310067935	-0.05777782616113613	1.7275393127068082	-0.050529979378139786	1.187399822333963	-0.015929650712761804	-0.6155454944233839	-0.7718663331023248	0.030281318689714166	-0.9515094958963201	0.5008921845955756	-1.108990856995305	-0.6160742465001596	-0.19726243721100797	-0.6790263977232046	-0.5652145427190471	0.35593568686385874	-1.0558212648680845	-0.07096897638858299	0.11348372299963821	-0.09975749228243282	-0.08738209848326334	-0.5938335527834474	-0.5737317318215981	0.7092703479765499	0.838882420643001	0.1767185403730027	-0.9643426942706337	-1.0253810666947258	0.4567522379785293	-0.30171368989387576	0.2157743039249715	-0.5823173999434939	-0.5131723794150528	0.5526565361054298	0.5191093009460596	-0.049873085871731435	-1.165386312507309	-0.5658916268258598	-0.018088510572978653	0.4471472563054177	0.018150103252843258	0.20755840594997393	0.21552105180202702	-0.478691758100773	-0.1982668867033417	-0.13295927046554462	-0.07160739095586721	-0.4482487511922044	-0.3328580870644159	0.1430783996624567	-0.09966293523114854	0.10013952524701439
DTXSID4047412	-3.409807425462584	0.8561174524718396	0.23480777960970944	0.35495266600489817	-0.342291871735338	0.9107167530009095	0.6779946327585596	-1.2625294035348704	1.4403763027938592	-0.0017558932025151385	1.9627901583241716	0.3144212888678912	1.9734364735000653	0.7924060412022916	0.1242999120012917	-0.21897356622517228	1.0104065602780798	0.03385766790573798	0.3283154984424613	-0.849069130164081	-0.2755293596287789	-0.1264150305409491	-0.1313793458487836	-0.5584440844340592	1.0224562932397965	0.710211135218897	0.40669911426333877	0.5753754447530472	-0.511370271157713	0.708251473977006	0.5396213008683338	0.8562293813941458	0.1812512490241633	-0.259328256514443	0.36999297640136153	0.479337261006422	0.13515600105347764	0.3077677264462921	-0.6253056484915324	0.4868414129451291	0.34040561070027164	0.17756751650687866	-0.2662415033803064	0.05495002826403636	0.04541200898000261	-0.2979229236362161	0.3428502701220487	-0.7874387059913915	-0.8544111086245676	-0.909601447674991	0.05039219625805942	-0.749156594109025	-0.22661035745023336	-0.40196734836895537	0.1099307497586702	-0.9385394030258046	0.5828681206756775	0.1876329488181069	-0.0766917642526032	-0.21741440498656037	0.3532545298427507	-0.06745215081148688	0.38763754440809445	1.0288570297444248	-0.14723614092131712	0.0886168983805258	0.01644511335550902	0.23283690180763628	0.20208767076436263	-0.5264690591283616	0.04640394289917708	0.2516307471486116	0.05353114615951144	-0.06110808120093261	-0.6806137888259002	0.1853693893997293	-0.27068218156247775	-0.43607659622739825	-0.7855367414724737	0.3052013054374793	0.6854622396573063	-0.2585115538758716	-0.3076072481350528	-0.2922046985099496	-0.42445944050002626	-0.3026743065697276	0.2826038996834103	-0.26206753243774855	-0.23142895482434114	-0.3091252240493905	-0.47275072018016046	0.22020352188472356	0.3291190070296499	-0.13566964091183195	-0.18087925035143407	0.7699882386174846	0.1700653575665402	0.16117917851923524	-0.06413819568469338	-0.30901093626077525
DTXSID0057708	-3.1993461724868975	-0.03496042261715184	-1.7276453442599748	-0.5191907889850448	-0.7019227636470161	1.2140868786467354	0.3666903977390035	-0.22639828360208689	-0.761786249896473	-0.4590368936242335	0.38200526875220564	-0.8340557877180077	1.0922817839841306	0.1424649544826466	0.14530345652504026	-0.5120227068871072	0.34456182196409885	0.3742664402698642	-0.2129237933259425	-0.896701755695745	-0.07804402714376255	-0.5474058367736409	-1.1222952602021248	0.3166340080756015	0.2504447568703055	0.028030814722323886	-0.09321906086944715	0.14384615744026985	-0.8680124591132762	0.9141282183005347	0.6528894229481419	-0.2795780982576014	0.23468430797469744	0.758260822541944	-0.5643718940735287	0.25913477611711416	0.8114719403403957	1.051007400973164	0.07428076901386621	0.23530362261274332	-0.19752458424143313	0.19877188810299068	-0.8601481971428268	-0.2026655263059892	-0.3877093507218399	-0.23904959070704726	0.5340034360437623	-0.8817649190581115	-0.01135429680593722	-0.05576088532062593	-0.026437923731167094	-0.9399849360988405	-1.1223320967765043	0.8596626288037	-0.6906827690190077	0.6753165780486919	-1.3966712168168158	0.003498869122741483	0.005656064233305512	-1.0892271956394095	0.5330764907513962	0.14132529631630159	0.282023617183767	0.20249180869763475	-0.5495379821432635	0.21938885725028695	0.3355992356828518	-0.39996651151367923	-0.09570412735997319	0.26509458793872676	-0.10799785858417162	0.14495488865489561	-0.21540699286249337	0.442482292831191	0.10179406303203076	0.3859033200993202	-0.48481300639383434	0.1968492188039541	-0.722166075193362	-0.06084520329434477	-0.48808367658503854	-0.9920705765740317	-0.35479472229402387	-0.38556398349108517	-0.06992387784280263	-0.49542875646989254	-0.3700090011092269	0.1230969174175881	0.45062636169637044	-0.4312689470897985	0.5769025857619627	0.19813516965967998	0.025152862421830628	0.7708071975700028	-0.5619978599741771	-0.2753942065600283	-0.22313242697625624	0.22975921578012923	0.6738455069228465	0.42713198093004384
DTXSID4040268	3.6006910661705107	-2.3607503182305574	-3.7471806934158476	4.251325358384232	-0.8518036278617327	0.9134829930484346	0.251779714302932	-1.6320397193517102	11.660494320454806	2.42011694843211	-4.863072229551929	-4.478819753779521	-3.134081536421899	-0.7284915098720709	2.489871028735645	1.3398598351139468	1.6739901148914844	1.771858888927649	-2.889153069811682	2.81315874397838	-0.3549934785278649	-0.3043880199485969	0.10740418818537259	0.9122488065682136	-2.2391401231431076	1.7104049835639412	-0.28854535713023355	0.6502019390539984	-0.5121872680264202	-0.38137244792972047	0.20059014453399338	-0.16747666052467264	-1.1773871114438925	0.6589677439098718	0.7686863702170746	0.6936456276514725	0.9899491240864593	-0.586864344228436	0.8211100284148407	-1.7719047504661212	-0.12055778138502293	0.30662478178972574	0.16450918373877474	-0.9731046837369853	0.12130952136221504	0.3686490023489618	0.8160900556251407	0.7866577611353578	0.09899925484974825	0.07375450827431515	-0.164654515901202	1.7474986539963695	-1.8153985920745574	-0.9666894509529668	-1.5031076898750662	0.06077893973626619	0.6079740371954094	-0.5311326926748159	0.2768641041531918	-1.060176702500711	0.7775822967902182	-0.27725192851202873	-1.446470034771585	0.0597005952109512	-0.4043803376646447	0.7232117693464809	-1.1606041332958004	-0.3763738434652331	1.1506900971231182	-0.7999087226057988	-0.22831685681842076	-0.4838113161660075	-0.5046909639153341	-0.6399960887118532	0.42043303014577876	-0.9168106844405763	-0.05583365688055006	-0.7511547842742297	0.1813494385286652	0.5459452124220688	0.30578445570758317	0.5248207501846237	0.10237780488380992	-0.2529849043894066	0.2291201128907027	0.5115021648527297	-0.11136902475543706	-0.16201258542850328	-0.040398626359516694	-0.7659907826588316	-1.0691982904510497	-0.009072724434701716	-0.4967476955699733	-1.1341136069282627	0.66667989442083	-0.027143296526139754	0.47966999458501397	-0.7119105264905535	-0.30452646493155305	-1.547792108741109
DTXSID4020240	-5.844266495910362	3.7389147948378523	-3.4672102624908305	1.431383251997223	-1.6971898898010207	1.66043678079887	3.1218068546391673	0.06762893913224345	-1.4216746679257983	-0.5830616571410477	-0.061221633021573976	-0.6328288808930976	0.5602624439100973	-0.211848223951223	0.09117496121713892	0.6167615533514681	-1.1312920521206518	-0.800987598368027	1.1962459448745155	0.4433686003900949	-0.9334533658715878	0.34272055467956847	0.29437226924015747	-0.8550453239640214	0.4368605729050434	0.4628465244416597	0.36763197824129407	-0.04238137781225304	-0.8197790950581998	-0.22368806907252878	0.042111346844699936	-0.08449384371422636	-0.22330594439939314	0.060631952042721565	-0.17954769751420369	-0.4243362539933209	0.7174020677052915	0.5286827753710891	0.06276067644544406	0.28892289339658267	-0.2839069281338813	0.3348687754443106	-0.22729430211073987	-0.19314944060235176	0.08764714442837561	-0.3883916243171605	-0.3531521061294815	-0.08708723082620297	0.5224421228500685	-0.22972637250924177	-0.6371614513050904	-0.30843308600908353	-0.6691123109458529	0.3745910878992812	-0.2110991878218034	0.034456554436179974	-0.8639594806894323	-0.5737325282056742	-0.1352774376494612	-0.2903128347950735	-0.012743397983231665	0.0780141755633905	-0.8341095323539391	-0.39761219950406845	-0.1341565566584571	-0.16261855995425112	0.17864616977869338	-0.6915106047556253	1.0416645998099043	-0.41234812571908536	1.1261561167854888	0.30516368652775067	-0.5928570540218588	-0.7666377853444204	0.12209250169273338	-0.16939033770091905	-0.15141554907994634	0.27708291933883195	-0.2973440792958087	0.5933682861790444	1.0174180189079722	-0.019260700751962068	-0.38945876894833076	-0.6488846163460719	0.8340973437802723	-0.5520428651211472	0.05891738141683327	0.08222802059245783	-0.0343812326680838	-0.4664834183478022	1.264779793267148	0.8342750834120005	0.1748482473310065	0.1924252631043951	-0.30952676622175646	0.5758839732125373	0.03454931571541551	0.005283130418986702	0.24590895561291698	-0.07910485174309206
DTXSID8029317	-4.720922559850043	4.446476521974429	-1.3919141923530611	-0.10907348464749109	1.0492667896035939	-0.37131539242667294	0.6115085358277932	-0.4586246510764136	0.46898261409731534	-1.130134691698846	0.03831599741469335	1.077810410223438	-0.01889880120168283	0.4506713915733759	0.47940428295006243	-0.5072000445711297	-0.48961735887298025	0.7524719778063518	0.32937751214144223	-0.6002898972393627	-0.7527516093310591	0.4351144550503854	-1.0719200201434878	1.1296178651996307	-0.8842893263959647	0.4576899288991568	-0.3237639790816589	-0.9967758699099492	-0.28097033967752333	0.7790690955608983	0.9721036640224207	0.3318262873516814	-0.2774166322784537	-0.7557591635088263	0.34419419892024006	0.1594837464542515	0.5903980858725217	0.6584195913788942	-0.06849497422260584	-0.9483500263938491	-0.22412515495633142	-0.8714272758687576	-0.1744680047605652	-0.13780575697080144	0.2600408331472437	-0.0949532634698403	0.3784101359749504	0.6261186957773562	0.07302741149960759	-0.34952796916599266	0.10019419914900868	-0.7639273416229501	-0.14767106768689955	-0.6810663953577818	-0.8667064242033634	-0.6222015781276519	-0.1920851739360952	-0.6074711128293996	0.14706878214931637	-0.3150594428506765	-0.09276427255853147	-0.29758846511689196	0.14874558201978919	0.5414750414628743	0.2407907736358132	0.318782905469234	-0.30546905855351436	-0.37049541114232304	0.37176521845103394	0.7322111137188718	-0.03736239845116953	-0.26945622009211245	0.41406943972028454	0.033075433893138356	0.4121486845242828	0.08456847760593005	0.3279622383171128	0.04912959763491601	-0.2123703248047422	0.3590183599664802	0.20303071018286206	-0.4506272722460032	0.21501622234492904	-0.18162630525490017	0.17517105291731902	-0.17079503430257506	0.3161481090142365	-0.3604404977870636	-0.75900913702031	-0.36876744522598665	-0.5334144584673559	-0.25454436493398863	0.15696790283824694	0.46870343980748647	-0.5521275794877097	0.26941487290539873	0.4122519404268818	-0.5618172179063765	-0.5469607090256705	0.09792080508465348
DTXSID4042096	-1.044901540679047	2.349164887846978	-3.120926266519237	9.532835891230217	2.2145569327287187	-4.499111642683338	-1.3494425011463698	3.187436400875724	-2.072536848081996	-1.023302099252763	-3.9772938740481543	4.160302999960555	3.3743987294441613	-0.8220138713568569	-4.116162140810101	2.368682441067981	3.124530388146363	-0.3964671027442258	-2.5490167549369933	-4.190468302904814	-2.294745213375454	4.3731106155254365	2.473169265935702	2.333236596976804	-2.3079779588167573	1.324691178199436	-5.991257111251073	-3.329359431662152	-1.0298646367285413	-0.8644398712443015	1.9395659344828848	-2.33872291470896	0.4258004286334754	-0.31620847788835277	1.8913372240724327	0.5131659390809817	-0.8972507198241656	0.6582979727879821	-0.36462392194263143	-3.5736265679248045	2.0895532165754584	-0.27350996639179154	-0.4181179683684694	-1.7219099980309933	0.9655276793861355	2.4217072627027516	-4.263002111303725	2.3048738420504122	3.0154282457710786	0.2451828595640752	-1.8885494279332729	-0.7632917548996377	-1.7038630497684075	-1.7919079546904946	-1.8121769272482706	-3.2678415911197796	-2.2261721127822365	1.3850611910794641	0.457015707284142	2.6235617561429505	-0.5748728824979852	-1.851044539080412	0.6926436421746781	-1.983605665300022	2.505125170435305	2.2665290280756634	2.1296155420528735	-0.6956222422956914	4.424826875024238	2.365967637284108	-0.7525396726811844	-2.7270893337622284	2.7736079718197315	-0.03562480355200359	-2.384647982042256	1.0164199695703446	0.799127580448983	-2.467404299897555	-1.636492490944075	-0.9924125983804434	-1.9598974883679616	-1.8112115999435647	-0.3631078143748785	0.458718338370901	-0.9814804135144732	-0.6775846004872692	-2.618439201611352	0.3324216184234799	-0.1560007415409622	0.7178043842128254	2.3123813172351833	2.567682497251018	1.543361594311161	0.34548820516991235	-1.0457672521236934	1.5267562309049705	-0.395239541144503	1.2383324272917435	0.10148726408256585	0.4293291049630568
DTXSID8046870	7.4392302339524985	0.7841600538909412	-5.76084373388499	4.315721537513163	-2.9856064503004793	3.3110071289304814	3.5853363527373094	1.773696857744282	0.3076447363765489	-0.17927870978404947	1.4258772835529374	0.9732221890002835	3.6035782330741224	2.710404134799759	-2.6371163175392662	3.0430502807068667	-0.8461755669516963	-2.5750943083511255	-3.02883736412141	-1.1367042262805236	-2.7867305031197684	0.840525114815657	1.5996536221109583	-1.5372595659529893	0.7814511077967915	-1.0707896322011001	1.911500604488804	-0.43549893727220385	-2.122168491958458	-0.0007996100434256319	0.52515577239516	0.1695493686920066	0.6255617882891562	1.07265229119563	0.3867724285588466	-3.3818080913637973	1.7467898943635038	-0.27883469761253976	-1.2266798863743578	3.080703388855835	-0.9187509305490286	1.706377545678016	-0.6686926802130886	0.8633978967717254	-2.168219154692478	-1.1581717616708924	1.1020227305397092	-0.9334575192265951	-2.9970519006284224	-2.5005084299041513	-0.19970379914972855	3.795769955038532	-1.4675639302594916	-2.5473355729469085	2.7785573870995526	1.063948651387339	1.5340172726059351	-0.4534151049648631	-0.8427976512180718	-0.4778230116131645	1.3199338464719086	-0.39581404142171756	1.100554357229728	-0.8583246178884982	1.1648767663619457	1.1080980294025904	1.713049126973402	0.16886775231942794	-0.6425562906340212	-3.276763072244721	1.5035367597455052	0.47838049223876056	0.07984435503841698	-1.049323552855369	1.9794673289900597	-1.6732616273935212	-0.48894865797763426	1.7433547441208803	1.426342259658908	0.2568392054381555	1.1111788802689115	1.7521348393761758	-2.2451460689751945	-2.373565298815335	0.8135358621166815	-1.7925643517881849	-0.05698745167524261	0.7502980934944082	1.7024993681567777	-0.8075333919582649	1.5250107356860068	0.39649015784916786	0.8025088484868373	-0.19716277390075138	0.7085171366291994	-0.05951112095713089	-0.7923298867037166	-0.5246296107526793	0.07435838879485729	1.1620735420585855
DTXSID0026040	-3.547350585012717	1.616082142825704	-4.059751779835119	0.8848872549759347	1.350497106925169	1.6670403646710175	0.43807467428074714	1.1902649470927607	-0.6800129311185306	-0.6856500649785374	0.11756987339731517	0.4595842114753935	-0.13803536651069015	1.05046932285171	-0.4364692547892472	0.6515935923800712	-0.2345246420497074	0.02166550419775276	-0.871447466666323	-0.4812096826649046	-0.3331193083005759	-0.9553506600753255	-1.3166531152515424	0.35631380012560143	0.6637128082394596	-0.6923718604840634	0.8219437526023687	-0.7892834431089242	-0.33341307303328127	-0.5419637976400399	1.1622076513556991	0.7330215546026297	-0.15329163111510205	0.5865554926896431	0.009071898588269813	-0.449729640446532	0.7209652024673359	0.36507198692034004	-0.3143407404646498	-0.22313182067444287	-0.06036235591515527	-0.28989012598761005	-0.25983821340772517	0.39014991139684324	0.1913009621324385	-0.4671029179693852	0.4784547119017919	0.06807755185140701	-0.6253506816992297	0.7093222366217257	0.20560313645911218	-0.7613322786507957	-0.4238679644988838	0.0995967617277205	-0.4827019909676786	0.0798800496361892	-0.7549376499623958	-0.872662410377726	0.6814338435812547	-0.8390417691845802	-0.0981811100614549	0.0658203833770974	-0.7487895140162855	-0.5034437533915864	-0.30112286480357386	-0.0035401535810639755	0.06147397422965583	0.13143147396352636	0.648664128242698	-0.5245157694035806	-0.6009552258979095	-0.9467251309871524	-0.733867899869657	0.6821493476423912	0.554806227728331	0.71984289502229	-0.3262680139942035	-0.431623133039574	-0.49653095037249534	-0.0405595502951432	-0.4761098263395614	-0.30495691262993335	-0.08283058186480502	-0.9596292817449207	-0.0495352081958102	-0.5294046213036382	-0.0609549158401276	-0.21696422907341265	-0.45968902350707946	-0.18696848638463234	-0.08485824942423437	0.6483902039635273	0.20828196364969903	0.22338153273618108	-0.8305739070713655	-0.3613448307879308	-1.03588876300456	0.6014336872827825	-0.3601491743103504	0.10188345365510865
DTXSID4021680	-6.7450872015413035	1.6090276156966983	-4.912517139350555	0.6184783827255422	-1.7595209046469626	-1.4667411785508395	-2.206121725111652	-2.0843553627460314	-1.7307602481369204	1.9467971849802472	-0.7461227021630992	0.925303948022463	1.689902459434793	2.140272704097858	-0.8434612879879663	-0.5673381810279657	0.6754846518143311	0.2034410900485044	-0.7643980558227889	-0.3860651121966228	-0.837288747223336	-0.811708833091874	-1.2206712889850375	-0.08997033250784366	0.8124361467038458	1.1857973528795656	0.4231300144526852	-0.8443401908146538	-0.5979462778603912	-0.32081486234013235	1.3631112756714503	0.838543883343381	-0.24554726932785395	0.34505846478041685	-0.6542565672680521	0.5114032091522595	0.8197624394504188	0.6150445344013363	-0.2852860263186717	1.4219149082042104	-0.4653275708047449	0.9498153434858759	0.07230914562739031	-0.245281705979574	-0.2065886122961959	-0.32503579207259964	0.7802210736236505	-0.2754597124635485	-1.450215432494268	-1.9879423886368666	0.00036491164620243053	-0.05196027156106479	0.1767950902517157	0.58390971995685	-0.26383537630213644	0.15078211114356238	0.4335081453257465	-1.1444218301111537	0.06369659213997189	-0.1387001179978688	0.04944434299800769	1.7264798946943862	0.9530099064889257	0.16294237464384775	0.013815692891872464	-0.7524571479874371	-0.20182498382850192	1.1476847512175825	0.4773796755796162	-0.9895716053650105	0.31812734930870956	-0.661918231463819	0.5654168322842751	-0.7578656348402582	0.06926323690567852	0.40088908076232577	-0.759958419405882	-0.6277006748135932	0.5621747649097222	-0.4273919819307216	0.06328837052867467	-0.6482220085025565	0.14517255018899805	0.5334874612261763	-0.7262851618988833	-0.45108622012042854	-0.9428275961729634	0.02922830464988876	0.6505960259508679	-0.3261269486546227	0.2845524111817768	0.4479672195960839	-0.4121219698994421	-0.13807197907946017	-0.2426038525202755	0.5349726813523367	0.25393230572562553	0.16085246966809472	0.6231332164616539	-0.05434381254193289
DTXSID4046440	-3.3608421599636173	1.0090167015606666	-4.202503835112384	4.893488863778667	2.0644691442996423	-1.344257656838247	-0.36413338062285594	2.1348161704843323	-0.17241063324967407	-3.5495739029152853	-1.8716325177646664	-1.0952043527882895	0.6895258212823171	4.965888455751195	-0.1286591045858553	-1.2394566583321924	-1.8664619280465187	-1.4860599329038986	2.2679689084639327	-1.8045551227128471	0.27115042333473266	0.6547187115671536	-0.3847212736297665	0.04785075160314645	-0.19464639086081875	0.7210469952971039	-1.7797330026724487	0.32313713504485975	0.04373458690067781	0.028708085394243656	1.0390127068409662	-1.2158921781667322	-0.1870170263474193	-0.10162108184045031	-0.6972896565991296	0.5767774150443397	0.7612169408480837	0.8666954061521219	1.3076783225704969	-0.18390448019730635	0.49409689592164086	0.15315786246608068	-0.0727038343975611	-0.7586287710226113	0.30094338486798883	-1.113002640307904	-0.911245738947296	-0.7645571755975262	1.2348116709491985	0.6253796457840816	-1.06175897384159	-0.3559288091219187	0.7292109239703145	-0.32649734750024656	-1.130945816725048	-0.14138860061673894	1.3919395445341736	0.4451911578455095	-0.5588026574960265	2.240209175065152	-0.4308626903836136	-0.914698197938359	1.2374508733235035	-0.8125097120950552	0.5663465291455547	1.346933495164745	0.6583249054103908	0.40383769877601267	-0.48865808861058063	-0.7104629889196651	-0.986517699238388	-1.5856103973590105	0.16806454851630534	0.2389993661307452	-1.4158927632519696	0.19372883750284242	-0.3090321818060929	-0.5729600951581967	-0.5344194673371383	-0.7155085496163277	0.31981519232733685	-1.1304417539839542	0.19200887728686844	-0.18236516729070842	-0.03498007814698407	-0.47166722089144375	-0.5539878572149751	0.16861928271796234	-0.1989808891833201	0.3984839219789471	0.932114507826161	0.9872149604744703	0.6650631963285263	0.08803661722747677	-0.9944445012483335	-0.3779316068290455	-0.642826855045622	0.4327209519549928	-0.30887231268371623	1.2591966033579327
DTXSID9039238	-2.613377380420033	-2.615110715712991	-0.6755752010994596	2.4952502684925006	-3.1250671243429093	0.5071127488763496	0.6457956353340762	3.3642915543284353	6.4870093367686055	1.6283462214758513	-4.6688906121802995	-2.7550038788687528	-1.2856631399558167	-0.0028349694880333842	0.40437188356066067	0.6032228018945495	1.4884149791701593	0.6066095008468404	-0.5535067030051299	1.8333877751279282	-0.3025162366116606	0.13424657374938304	-0.4244590204385751	-0.315182526170561	0.9965013785048357	0.8406125088895883	-0.47296621589338783	0.020905087347465483	-0.24114909222329456	0.16104805598983818	-0.350273163508702	-0.18875259915951434	-0.48987913353998036	0.26564727766065316	-0.5661314038963516	0.4765308045014249	0.5003284247578191	-0.5924737483838416	-0.042505077026607496	-1.1411439445092617	-0.4984774342730172	-0.34435505958291474	0.3026939253192215	-0.3298519340474172	-0.6606924275586845	0.3917234271588894	1.0095598025982953	0.35304159425220905	-1.3037085901253744	-0.055997380307493815	0.8367949004687313	0.44021018845462984	-0.034925312437108544	-0.506474463785721	-0.6613826550347743	0.21521036601585775	-0.13795315626533644	-0.8646549120287694	1.1120077438610958	0.4158418416321585	-0.06079372668484776	-0.22017105885756835	-0.7132455523294673	0.25460723771768856	-0.7642614932392016	0.45329945307081765	-0.8820352831150883	-0.3770685755507305	0.2878563711311418	-0.6080263982690335	-0.07710811235915517	-0.12956483717264528	-0.5823723987004973	0.2074684301162362	-0.12413510208942823	0.48681284663354424	-0.6241213710794388	-0.46848011894064573	1.3872939297119562	0.3816500418134393	-0.2748404701425235	0.6638446656545031	0.27464065257529285	-0.17803620043693083	-0.29787956686765393	0.12771383707323103	0.46096631209133143	-0.2213291130325956	0.6596191474363027	0.4762802072110445	0.023582609876869276	-0.07534912494344934	-0.6568747258155749	-0.024319719811042136	-0.6449577937134553	0.39474616125765855	-0.2228159771098084	-0.03946097658273639	-0.09882603678571143	0.13831963586930887
DTXSID0044367	1.195050931338194	3.7767502811926663	-3.3600855401023715	-3.5156362608824563	11.87784097493595	1.680011303923041	0.6802753476946705	-1.006430866962977	-0.04476209400647293	-0.4485206647189126	-3.266278962026582	3.1449749868736494	-1.3679477529647726	-1.7358676275240261	1.6487062318335746	3.3371915546671436	5.314402693248192	-1.6855360467635092	-0.3836834340564578	-1.226026775428097	1.4902469748630964	0.4993495344506888	1.4763908466703062	0.9934864045379624	1.7023520642237728	-0.9660326134518127	2.3831967033129637	-1.0650692953177483	3.2654546664816664	0.29538117731954067	-1.6426235908008318	0.15106777248160297	-1.4965690894484107	-1.2235723482754834	-1.3273378902561004	1.240935199374872	0.6353629686737927	-0.7953231254212417	0.299087694680967	0.3104237656823731	-0.18116769676950706	1.258747078476637	0.03477033586198271	2.202731605029736	0.287780887593324	-0.234598478799196	1.4190545490369921	0.2938288338152563	0.08973412839834137	-0.4056939676725023	-0.03040010001449833	0.24772619685036473	0.8555600036973482	2.9400030628955096	0.3583459654669211	2.2009104696599517	0.3288175366806734	-1.3142253044763499	-0.5517205135831355	1.9569623609988789	1.190109927399315	-1.8291091018626031	2.117663686693516	1.84797770816375	-1.4591901040855697	0.11390844322165437	2.0879758485662077	-0.23662673727986627	1.2843128326973434	-0.015423199807540176	-1.363016409639917	1.1094809186567545	-0.6960259861438834	-1.5114061699239068	-0.15446022931633765	-0.650260399872683	0.05701215864755514	0.22153051031335397	-0.052653135128374086	0.7619615997615449	-0.35911869853934736	0.03356940135614452	0.06334652301861066	-0.10538945423002273	0.1379358092932865	0.3490267175952648	0.03543126879684194	-0.44015944948138275	0.5077181584047666	-0.1354673830024116	0.051827341141793735	-0.2803996704377993	0.20317593335188916	-0.06740743513964477	0.4058039632692293	0.21761483583439897	0.03763911990270916	0.17240753581609733	-0.09414650769092414	0.0021840636958942923
DTXSID8044961	14.968404272914134	-1.0931816491382946	-7.289104815283254	-1.07958826663188	4.537850760738377	5.246032876470114	4.631796672742365	3.1523751942099807	-1.0563751299397826	-1.818863541122813	4.3834988200696845	-1.0568576024295213	-0.8406946125197522	-1.220709155725245	1.8284921012448156	3.3757324721759705	1.0784136119810892	-0.18419655197533538	-1.2280087377072764	1.6163467123090691	-0.9351518729653364	-1.9665343332320484	3.793667286800912	-3.650564752458757	-3.0294765420673033	4.94225115699805	-4.346012887554819	-1.0651796511088758	-1.6342510121094083	0.14643626296650317	-1.73745951243192	1.6431515119286988	-1.8888174099443449	-1.2282542344208343	-1.9910596167064578	-3.0534201599179163	0.5159390142605659	-0.5486638772280252	-2.7157978683081767	2.4241292229089098	-2.541865391856224	-2.721701512010338	1.307091258882212	0.9375025540963103	1.8409610463022714	0.2736252544954683	-3.2139473073013782	1.5994347444611288	-0.5619462878495339	-1.6831000685187032	3.0234900038377606	0.5445032097332543	4.026817894469451	-2.711979751456334	-4.4774963334946	2.608573904628607	-0.4034334434784961	-3.660135221877008	-3.1952755326529307	-2.7674098412458803	4.807831763687479	0.047927994368568594	-2.6010138638592752	-5.553738409211555	2.903693596524939	2.145227436205849	2.3397513620219375	-1.4535431817690807	-0.7535314277402222	-2.346968574632142	-1.1876969819291157	-1.1038927959509972	0.11889668466210986	-1.8047512010340874	0.03487330365379627	-0.10385931374051165	-0.8279658244530665	3.635378709481842	-0.21050050675054008	-1.0359288383675387	-2.0636022992522465	-1.0140947424999083	-3.348184337558938	-2.5083078891644712	0.9466946177004313	-2.560782764337953	-0.9363194442814451	1.1648584642082984	-2.338734013815535	0.593824294496639	0.6880525923209158	-0.5906739212349591	1.8324374503547523	1.0012527545309484	-0.6813378676826515	-0.7973288770054427	-1.18931665912054	-0.5841595705525671	1.5269815602359624	0.7969967014012829
DTXSID0043848	-0.025792363017480727	1.5705784014660156	0.4418449114995785	0.5560037961351034	1.2943972672753807	-0.2483929498204603	0.6751089795548573	1.4474280318095483	0.774000410009803	-1.7074192828477763	1.118266031060696	0.9762072716307115	0.12855253385628607	-0.7158868140789619	0.7162223153188059	-0.7758517004345569	-0.050349487809377445	0.5803272458649267	0.01955833994854634	-1.481405958762085	-1.3211330965603216	0.424462496575612	-0.5757802760689412	1.4428836078816596	-2.0392172963107074	0.7836722069572085	-0.09495875798886996	-1.47390556764152	-0.21116326014033573	0.5932315432821643	0.6228781679450864	-1.096924966746567	0.01982881865977917	-0.23401624749156397	0.5120620044471547	0.5466113236363647	-0.2969287669829902	-0.41099439627066386	0.08339778114258584	-0.632025922981585	0.5838709071102032	-1.070934040372788	-0.41168641985984594	0.35362485015259754	0.8300574258224881	0.5034829954122092	-0.6305312409408773	-0.5420185636015538	0.5094861312011543	-0.5821234277368196	-0.3813197571387051	0.4417183957233171	-0.6317641315768668	-0.27200274060532115	-0.8337993562993734	-0.42351289805048764	-0.7167260902594931	-0.5397300524482347	-0.19404632597132104	-0.007193532017385175	-0.9090115086048081	-0.007657366501986236	0.02417123688855798	-0.2855548697096426	1.4856996437452115	0.32450608548287385	0.7052474010045533	-0.5568763862088115	1.0937648709653502	0.6059514600542825	-0.27918213933201164	-0.6310177136788658	0.22513440577608423	-0.22005336973282347	0.15514523878918207	0.13765277194730255	-0.32995218453401376	-0.592579447231364	-0.3924555713266753	-0.13357816220038565	-0.07499033052445589	-0.781779623880356	-0.017318493518965257	0.08093807972740365	-0.8855350104585659	-0.49345872206802505	-0.34646024420831895	0.3659526652289904	-1.1136442982192396	-0.13940887299419144	0.3843241384711064	-0.13473765527203502	0.7923229394007409	1.1696623901668182	-0.9853392390964455	-0.2964829318005775	0.06296216285140568	-0.1359639711587372	0.030555168295087205	0.6077617639090452
DTXSID0048632	4.26324757296848	-1.4580871262644322	1.0805363837354343	0.9633820333305004	0.7042847544437405	0.25584594687618384	-0.5302963714806097	0.5289120224018083	0.6388772598309517	0.03798976017391978	1.468976360716709	0.2193009838394754	2.7814176985357415	0.4132949374170806	-0.5189134887489004	0.7691729282673926	2.281596643118484	0.98942094644428	-1.312726781783681	-2.5650123479534876	-0.7575762717283331	0.17077802269845266	-0.5488806249290448	1.1903990148103771	0.6084142871632611	1.7741045110549765	-0.6396797763032247	0.5728637967633949	-0.08176422853628362	1.1589905688194366	1.255127909094211	-0.23650363217260895	0.48408392558555385	0.41144421688701766	0.7794522780815565	0.6962956961572347	0.6795199434511676	0.3436736413766771	-0.4361004560881922	0.643756982972035	0.7119261146103922	0.18038830381751705	-0.6885300865519243	0.2781881088401612	-0.396430739782568	0.06553349383714215	0.9382048360883303	-1.0408721355685815	-1.4090671533864016	-1.2446365766886354	-0.9426189639842543	-0.3601316087519795	-0.8222768853064919	-0.3136216225702706	-1.5453676051071288	-0.7678894901312315	-0.009602288589664469	-0.43475080495274493	0.19776102693125516	-0.3267113380657595	-0.5787795263980622	1.1535911335867897	1.3879964087847807	1.0116298515894764	0.13764733402170812	-6.610913155357869e-05	0.08633952964600472	-0.5693679900374699	0.45993840274740655	-0.3391231709381164	-0.8791747503403576	0.2913090244038698	0.47075405150427563	0.3428084460732421	-0.3385825505533979	0.3193639753278208	0.9577985103163534	-0.682875327223363	-0.7721103710215438	-0.041284995133307384	0.27099847703488306	-0.9703235775721749	0.06188949931915235	-0.6217008412924763	0.04870498724602379	-1.6024552504693912	0.08924539082421531	0.8904109062015735	1.0323706338586545	-0.5242936928126299	1.3723791765774613	-0.1470170502990132	0.27989272852399594	0.4335636466162199	-0.2950799586014887	-0.5906961034815015	-0.38401788695102057	0.0011170296537523273	0.5536882411828612	0.594578358737632
DTXSID4027866	-6.724014153194455	1.9795684493661843	0.7087255185589109	-1.343294707907308	0.8543440357653359	0.5902762796302492	0.30812374823090183	-1.3822605673474917	-0.08792679160850532	-0.12428744141686154	-0.7456974297645983	0.5761996099269961	1.6000916736021824	-0.45274978755766515	0.36979820395573926	-0.8074905112810219	-0.8984117336055415	0.55801571603747	0.627070827939783	0.5042756327727567	-0.4375662946725181	0.5134515841127882	-0.03376647235327555	0.09652677678514761	-0.7652798041435865	0.43317142891561206	0.6215685955673729	-0.35601782866884535	0.16221653949616477	-0.4988172879816318	0.30693309477899955	-0.17423002852729527	-0.21655194930638477	0.06123573608839614	0.2999599412432991	0.013310071880346322	-0.6204911696222488	0.10270612990739542	-0.08792627971326031	-0.30581110144024404	0.1248392110940707	-0.35461749335238585	-0.2934712274607909	0.3879113480755174	0.5064675381365101	0.1569923238364528	0.2784356572614037	0.32704796041894374	0.25286571015703735	-0.24222074495440954	-0.6554659488436292	0.4917675352385282	-0.1672173951497064	-0.1956264414008739	-0.08851715872535047	-0.0898708792101169	0.2602785508488846	0.12891494244444418	-0.3063447870251749	-0.2521945076928702	-0.02498283983680057	0.4012029751899726	-0.007437288078405361	-0.05855645624106845	-0.26310035333370685	0.21083688302642786	0.037614477933230216	-0.5610426827943921	-0.22788181615137892	0.02882289260436836	0.3113625126824427	-0.4707690767985393	0.13857983376587288	0.805286120358879	0.2456214443350077	0.6348772148658696	0.3476786667468444	0.2549682426226865	-0.332406384839999	-0.047354619517705684	0.3968004938978602	-0.5108366387617723	-0.20283636408834627	-0.1121947854809823	0.11890155882235708	0.381153328502636	0.20565762758247627	-0.034236326331073715	0.1975067590418186	0.09680691835022952	-0.25244875387022664	-0.024679341256216854	-0.7541978311047773	0.2709897865086796	-0.2628511253441781	0.45750663227650507	-0.7173973598461566	0.2924663348236388	0.04715203890279021	-0.25227875135737415
DTXSID5027223	-5.817933757293003	3.089433610239568	-3.5449177987200247	0.6797588456504414	1.1077954524674911	0.4806109684883161	1.0829877760132658	-1.9438356138395882	1.1196939756508533	-0.26442105002063215	1.3877242914786456	0.8412195061323492	0.7340528914805516	1.032090398166301	0.2697555642413529	-0.38256255369870146	-0.08486293519711628	0.7217130486510066	0.4452347177480051	0.48031872690886657	-0.6539060129612836	0.7840879832165014	-0.17756411393284324	-0.30666187352050056	0.7326775936242224	0.14276496372951664	0.4178762056096113	0.3003528796717827	-0.4486650853151285	-0.4907340538793405	0.13480568516257535	-0.04777858541138934	0.4859518833476188	0.6311491905951192	-0.002413488197142306	-0.36394910974717476	0.6869406206390931	0.5898749627045924	-0.0056435591145854065	-0.36309569626763444	0.010068606384308997	-0.4380487386848431	-0.13206975643214486	-0.48493950299087507	0.4859418855417533	-0.41318925083501495	-0.19410881070231595	0.21307325043061426	0.365108797366486	-0.2162999037429122	-0.4183753880710121	-0.31662460586030816	0.023693852577575537	-0.6786668496317104	-0.5713951709522982	0.20463513092186514	-0.49471035492294163	-0.4600376103678964	-0.14373422323925303	0.052990849938001086	0.07598240593943555	-0.16899625637437873	-0.15631336043742153	-0.33646918571808937	-0.3382120283006456	-0.3883420644811516	-0.5745074079111998	-0.037835505174384394	0.12427713099803184	0.4090906892925094	-0.442692676405725	-0.23575201072937294	0.04824431485777459	0.2383505818824159	-0.298495900416392	0.20911978365079142	-0.235657564213128	0.36268045075473343	-0.24936034965338735	-0.13727567470791252	0.36823273655874944	-0.4839817924338337	0.3825613274873489	0.15165942538584062	0.16588285833922495	0.2957813431724811	0.0165715971019593	0.22093691631344678	-0.2982861136890107	0.17686323235380957	0.4738134101800685	0.5651233430981016	-0.4624913404417042	-0.12721279566333335	-0.17327725000477762	-0.21043024533654378	-0.04608175274612551	-0.29834730439585205	-0.037665290060277974	-0.013619236865446646
DTXSID8029282	-0.03267044778777551	-0.5184762820886111	5.608056292227642	1.1029896500972691	2.0076452621920184	-1.2894921722031714	0.679080010688193	-1.2245790209521297	-1.1792994318742478	-0.3696953987837384	0.7628058650387416	-0.3459534057992407	-1.9483239886929098	-1.3445699008311405	0.10775374089444131	0.39120634419505196	-0.07451572825331347	0.5202936640102345	-1.2037108760735558	-0.4216584568041809	-0.5235146635630609	-0.5995613239897737	-0.8872731201033174	1.026707075077445	-1.0743950490260123	0.07849052751818696	0.4194421990215991	0.15572696543307912	0.39599274151541697	0.20495350329382342	-0.38809323884426955	0.2104486329670119	-0.3413050605905289	0.1274761192263738	0.8589119983249908	-0.2734615843572186	-0.12184509817959323	-0.26931970010232487	0.004355786204277138	0.17554611625820046	0.09387831456195578	0.0039689175982556965	0.029787695107959002	0.14930241800207994	0.30300166843439724	-0.1970949287858508	0.4659409442970801	0.04353161140786301	-0.3786023875490346	0.7459473968510685	0.12354247931655304	-0.3277588291131705	0.29991966868537995	-0.5727440128327196	-0.06687483777759952	0.14802073228159368	-0.48669893533973196	0.22913058753282814	-0.7067077948973362	-0.6298749566947308	-0.40593993475749085	0.18823665164415676	-0.17596572187346154	0.3899283109620381	-0.1948536336244008	0.3467250661195673	0.12563977803192314	0.09469631143785764	0.07367021661570672	-0.8644804760511398	-0.06988646976520249	0.33001411175005707	0.43733767088089887	0.630831491484309	-0.11558921829405401	-0.07340453473688778	0.42736189374499123	-0.07505751744669806	-0.2052379139092864	-0.15375865177103487	-0.2757351179940642	0.2317061899612846	0.2336886087755142	-0.30253740530389667	-0.2644687159105693	0.01085085287274609	-0.24900047065917608	-0.007237545103440742	-0.026748650435346397	-0.012907429183157206	0.018003824383972977	-0.19936890913163352	0.04879364438760864	-0.00020358827515992869	0.1426552821847615	-0.14181740326063597	-0.1264704671987306	-0.1572415407955372	-0.0574927871724218	0.10915439806700905
DTXSID6025064	-7.3002822884070655	-0.1647151293878658	-0.41148826162450247	2.004452746942999	-1.986965314344943	1.5829836798668184	-1.4173470357249507	0.49756365944175907	0.5823825346698315	-0.27409375852686474	-0.866969065671	2.466119547871202	0.16089412010782372	0.4567788179736816	-0.3725132810142815	-0.35570884785522483	-0.4983702776660444	-0.9426041289260396	1.3681057560940928	1.4369577553536297	-0.5562070171696348	0.9966612325649613	-0.33118717335967085	0.2597131044122054	0.4978063264558787	-0.027086166883269015	-0.14788531529436078	-0.49501143360171185	-0.0010805351334855708	0.46452038368309656	-0.5987372973611367	0.27612495449195434	-0.06794242325622718	0.2664566660060704	-0.46446953111557276	-0.12015770007123151	-0.08371298632072913	-0.2514457410681376	-0.2889278195857344	0.3704854701920398	-0.11739070393009624	-0.6004555489118376	0.035347561292811684	0.3095068152227513	0.521417781241477	-0.23900438326602588	-0.7513310966618181	0.34184234571451244	0.11301396631654678	-0.41997194657868503	-0.46743420470586217	-0.13979738101868497	0.9982853760795761	0.5056460994058509	-0.29421894435270596	-0.3291285967536181	-0.004617467810818729	-0.03106004087301118	-0.4919185094461436	0.8177338097152401	-0.15631538136475187	-0.6308645183751154	-0.22318326144687473	-0.010125303798350596	0.45803601966613977	-0.5968700441406527	-0.5637522035616881	-0.6192515932056112	0.12418113056929271	0.4114864602079206	0.46563849968947946	0.38502442539896403	-0.38954898800410986	0.6799012489372066	0.6564718846339318	-0.010120546221256181	0.23687442809973924	0.15971247012772402	-0.22829027867822305	-0.07617814440465322	-0.9475526932491768	0.5773781273428749	0.384838474664063	-0.26155632337536927	-0.1357796068586515	-0.3559893353236092	0.34224767191579564	0.06583494254447576	0.08579224525558918	-0.18699361620472424	-0.19586165072419337	0.04758365134180474	1.0236632402220232	0.27425311096763244	0.3941898863446172	0.07301120601697754	0.19506308033964043	0.2358563970615362	0.13863542728314254	0.23254684741564494
DTXSID2047931	-3.522706412347684	1.5637884058365397	-2.150648812569419	-1.3545706650396916	0.09978259735262925	-1.182840701856473	1.9454199490339557	1.3995299695643284	1.5797061359011466	-2.454026205933107	-0.7999580931278096	0.28158891180585893	2.498865512949117	-1.909624006806063	0.41289607128805633	-0.34467093996941667	0.22580044882676015	0.45532779747883884	1.330462071801969	1.9070738118966686	-0.8943358380135159	1.7680622281637486	-1.3463070466715419	-0.38694543934504994	0.8205664773644922	-0.17479198382172464	0.47051356355274226	-2.4647600903400315	1.4111450415719096	0.06360312315065657	-0.736265607736798	2.234796974181757	-0.11126853547756801	3.6514663570261594	2.3596291515347403	-1.6440336630776695	-4.900543634013652	5.8300969193208365	-0.42463513310257045	-3.878969950997402	-4.633806424120602	4.808603537068233	6.0228859050562935	9.625791015283763	-0.025671829325176684	-5.078884366066966	-0.9823429940735993	-3.394595157110198	1.2239276758379316	-1.1010606035457473	-1.225595414304148	1.1955552407967946	0.02677988171693236	-0.08932770710669503	-1.5680348052198252	-0.01752502295555435	-1.4355673508861932	-1.282847308189721	0.7468608752240675	1.6310031456803098	-1.6276457252076535	0.7750872616089467	0.11038971236801078	-0.9706097414775156	0.8606486202102567	0.952551814906181	-0.8351661793563241	1.2563791928629	-0.8334285153486499	1.4888307619894552	-0.9167360880998757	-0.5908975625155592	-1.024365013026602	-2.0634639365947107	-0.005825973752114147	0.46074402863668207	0.5273991094472998	-0.4719247181635614	1.0798088229893348	0.7693260271603963	-0.8308927664769727	0.2700280523373629	0.4235356280302836	0.09706892418122086	-0.9249602569184635	-0.11261765893786373	-1.0950002791555375	0.2664155868938171	-1.9714828640730842	0.475453970743029	-0.6140162339095977	-0.5696322538866753	0.6095482618009819	-1.171984388167671	0.36889169685663153	1.096236057485835	0.8395166803572818	0.5874368473845363	-0.6313322417549148	0.5601990270333947
DTXSID9040718	-4.817551235471409	-1.8979071050454672	-0.8375180654974103	1.3786451814078444	-0.17890304884900324	1.1599885426791972	-0.4434670113715965	2.6293493883434	0.9084671492547035	2.2144669865631217	2.585324035234695	1.835916807066119	-0.6057339239425016	2.0384426213548252	-0.18492293253108671	0.368149120499955	2.7857160960865994	-1.6972676632186536	1.6595378675223555	-0.748671014687231	0.4210235217834692	0.34909895792959367	1.888392921091678	-0.511645602639502	0.12137205693840399	0.5298578304488577	0.25422787442430594	-0.2529093538266505	-0.7092806286612471	0.05934802991350846	0.7892274335675341	0.08925326541571126	0.2117319518130799	-0.507905812834196	0.6578195726827487	0.2500791372361969	-0.7090099288396792	-1.1736747623663457	-0.1545832839666748	0.2205261085615876	0.34641356388535866	-0.0017539028729948178	0.4529750859379127	1.0897729616277205	0.1070180137684963	-0.8645154685597178	-0.8650385666066184	-0.8887636602752848	-0.21923232644999918	-1.3021882528738575	-0.9878726040892913	-0.42953843553075644	-0.516457461643299	-0.4223752405729166	0.33762423035148403	-0.7333906738754558	0.6619779098033831	0.4964538704873196	-0.34172432265928204	-0.2169392550568903	-0.8023353672626174	-0.45140461887247557	0.45192915386672683	0.9627629211574106	0.14015955088544796	0.12558161980209112	-0.040919334029866	0.6314753596457415	-0.7293834845544063	0.3944474970059561	0.13270107337898351	-0.13430266519826134	0.12730572895717124	0.6388033027985996	-0.3661368669804028	-0.45429461427543794	-0.43015117334394937	0.33227098379436126	-0.1464908527293817	-0.4005690702042628	-0.20234383669220343	-0.38456656776005216	-0.10248209790148205	0.20393222849599435	0.43899046930637076	0.07890894418221688	0.33656549408468395	0.05541681484013109	-0.11377465669649985	0.0779412293708561	0.30091274077126756	-0.23817523174182717	0.2876317659648137	0.016997832888637498	-0.05958186019046399	-0.5452820155700152	-0.19413840407134086	-0.2856835684304191	0.09570109450229897	0.11776061947491967
DTXSID9042124	-6.517808329338787	-0.6408050818433582	-6.133406994728201	3.9424941580864785	5.8243403562185865	-0.6748487882697503	-4.97516616426483	1.1501896359765025	-2.200799357653908	1.420709562742501	2.112463400703183	0.04993943193645064	3.0781753092250606	-2.8614287760410133	2.306577820822823	2.755303086346839	-1.262603771413513	-1.697596118032075	0.4746207176484826	3.621788356467434	-2.4801678041523916	1.6449970436688286	-1.4960757149413535	0.18135644548297808	2.2062625272565977	-2.5789521199487377	3.8816858536227583	-0.632042697088923	1.4590628872612867	-1.4713628590954246	3.7681524641990327	0.02655053719859752	-2.344304127479126	0.4437532587931633	0.4205327082701076	1.8172337323797396	-0.03570483479203038	0.48672295758424666	-1.2423597834395008	-1.6588116263242947	1.9470392709995699	1.6850385416405587	-0.5660634475645897	2.1143850719736204	1.6145103303271129	-0.48208682437922024	1.3225215959036858	0.090624888679896	-0.38591168275842636	1.9054320447690314	-0.7426323445917954	-0.35602628833837296	0.33303873602689976	0.3350811039744963	0.3505075998062775	-0.14743422556905533	1.9038568192974512	-0.8111615214680538	-1.5785532555453208	-0.9109389184236905	1.5032373256639866	0.4097908190601344	-1.448323216675054	-0.7750783450792134	2.249599061524545	-1.0508792906296527	-0.2798110312521952	-0.7076010739339585	-0.03827060837411603	1.1768130821101672	-0.6815281195291484	0.5708801895021852	0.2046729214714505	-0.12064635176179576	-2.1601029742018847	-0.08864913279950633	2.8398272122250536	-2.224413670622704	-0.07215528881363742	1.078317214284581	-2.0276738111960517	-0.550366438714672	-0.15474749881388625	-3.1070295068032263	1.9571623439617956	-0.17932977306968265	-1.770336196414287	-0.6162565049592303	0.20710829782219195	0.4652054818600852	-1.4301582390501284	-0.2998719822787025	0.63197670343658	0.47293651311948265	0.7322767719788538	0.6963681145478269	1.4919365526679838	1.3978775073593968	1.5962906032666337	-0.5005328758388428
DTXSID2044137	4.743971776144242	1.1879096631521613	-0.5046350704613833	-2.261564903187822	-3.5212283172767744	-0.1872480717740467	6.982473315844626	2.6614547800012747	-2.4636850103120316	0.16948177835858869	-0.8326731853643975	0.061166911725818	0.9484611382219194	-0.22224407676456734	2.9656105169459726	1.4620058721042575	-1.7125548031128734	2.3765692378389187	4.736542309565179	1.9602236198935867	-9.024174981810653	-4.669739819611881	8.031447279112369	4.1775796544767445	5.634630740627736	-0.5361496140010357	-1.3688275028320238	2.092887626519681	-1.8612420944539045	-0.6178479025737695	-0.6849909161110646	0.019772035645857722	-0.745990291354163	0.3412265469022082	-1.7924500953873188	-0.2820256559596655	0.5288558017646543	0.8545301958955439	-0.164249610626977	0.22816140218448752	0.9188974671895055	2.3295096464080904	-0.8156558721289845	0.12300898229694271	-0.3384908699267303	-0.03268630363915407	-0.8955862034838762	1.2910783012149316	0.03578724928869602	0.5711605524968492	-1.359258814721758	1.360430754150923	-0.8215278368973169	-0.8300565890146504	0.30396970976195864	0.07813818487686822	-1.3063679845933462	-0.6835934927383678	-0.6306324909850793	0.2823293267282887	1.0284576652569322	-0.8411275915993075	1.823973971134439	0.7261164710529244	0.5915778213756827	-0.17082047559066976	0.11942583135724684	-2.9723843832998673	-2.217037693470917	-2.2465633440790467	0.5299678814253397	0.8028431713726518	0.39936710815208415	1.099937341431338	-0.4865643368014894	-0.33399884266859026	-1.8087133602506467	-0.03940910529727261	2.098771828622778	2.6220910333246956	-0.26336413187438235	2.085631956556321	0.34404570351014274	0.7659664827507315	0.12085068664907532	-1.4189159188572273	-0.4111302119813903	0.3327236804599616	-0.9184223105564975	0.47799530972339904	0.5253365774947597	2.752717045360252	-0.009300378941681182	0.6337477823100586	0.2162014188139965	-2.4665165664081017	0.32355438243593254	0.5336182723872088	-0.4821945283384308	-1.2277019439899184
DTXSID5048899	-2.0846172364129485	-0.597982250725411	0.6727464509374339	0.5268607538005079	-1.0729530787105852	-2.9100903059082346	3.388223576064111	2.770321002751219	-0.9009023228439896	-2.8308797996442827	-1.3257649003838314	0.33376206794860486	1.5044976744727723	-0.4687962653010542	4.176474763128579	-2.40089237886991	1.2671050974538383	2.571099267851744	2.856472202934832	-1.8288272080266499	-5.997226293151021	-6.592118066429542	6.409329842588772	5.275983870686592	5.56565905261652	-1.3556256813367586	0.5671088627714144	-0.21372603690995112	-1.3304102627065841	1.2943996479485131	-1.1300598545738265	0.1624017056213714	0.8074837224039988	0.8096033594520072	-0.21507837663519008	-3.060992103758246	-0.6751781277033942	0.2353835004787191	1.1389427869550468	0.2543720770475008	1.37845067420124	0.48681810160277345	-0.6794872845969424	-0.45818426974479065	1.0112929896540666	0.1866881821641686	-1.295521240367018	1.782466021303249	-0.5385861034340348	-0.1643716686916913	1.4802943253339944	-0.5691352053954846	-0.4580662031592536	1.6865429180335825	-0.5310994059225642	-0.3350974973968651	-0.4051609677889381	0.48926186680825234	0.4404913492435689	-0.8890275773174253	0.38746418210785794	-0.3316790171000096	-0.47166883722921954	-0.9361918585393718	0.30074706219734165	1.0131652795820456	-1.2188399341049627	0.6030398151523741	-1.5736070620628664	-0.5183431140860465	0.30681342858356275	0.18226576866550617	-0.3373727645684635	0.2483906527267172	0.04145882548565009	0.2981552988517793	0.06658841944204874	-0.09064888085307499	1.2430187186060881	0.547365129382129	0.25591791913448503	1.5136461050739938	-0.3512970807531761	0.03466731944919473	0.47103920028248114	0.47299106964980236	-0.08099034508633529	0.2776503260233593	0.006091835613473281	-0.6112021668867159	0.11005456037517694	0.09182417599052566	0.5127122262069522	-0.9565560061348167	-0.41300283607746885	-0.2794108759158498	0.062218902882341894	-0.2883831203371816	-0.4335085086182617	0.1404819606380058
DTXSID7022043	-3.6708379068355055	-2.186542982445755	-0.8894889273927229	4.929155053066634	0.8650254498417828	-2.951892724620247	1.248141155282813	-1.7097595742984995	-1.967990765292962	-7.266251195710344	-3.3182753285587365	-3.9025779425589757	1.4935486438844687	7.163788144352591	-2.133546957480645	-0.506609259108823	-0.9938113613656155	-0.8717741193883497	4.9235333484411035	3.0074991262146042	2.2476368623202347	0.4344859170465434	0.7069192316213834	-0.722605068959955	0.6391549984875106	1.0956890973930633	-0.9446934201053576	5.127889934718073	4.06411670669539	-2.8796512113798753	-0.184880456011215	1.319631231930111	-5.043815523756642	7.148965175294509	4.6999777529187385	1.1170442246136763	12.335225461275119	-2.598939573815392	-6.289063284030525	-1.606880153224191	-0.9002795652073408	-4.79409329320118	-1.3368921701985503	9.269766377300712	-3.0282077652801838	3.176936235299583	-5.632860391548176	5.288526203133878	3.712422007005658	-3.0367529574345724	5.036109565886213	-0.10583654018710427	-5.9551246372590985	2.8876767436928334	4.407492490038473	-2.3816026185179937	2.871934003586667	-1.089953810180275	-1.6018906633658143	1.2473643634592737	-0.8106431171830966	2.816161726249563	1.869274467756775	-1.0076923888914016	2.6337838305212853	0.671649906916096	0.136803164628474	-0.9683266018179071	-1.1691713872991987	2.193058830336746	-0.5991939862556338	1.5234795083853583	0.09741359785944533	0.055752284432807164	0.648288274222763	0.728742394248745	-3.1288545502897858	0.24321839257054154	0.6400584406955264	-0.08363758625034141	-1.411000202490064	-0.27047592598779946	-0.07603997228224865	0.308999111814038	-1.023696215250275	1.4769509602230195	-0.042650991169210485	0.37893558479485373	0.1268548049112477	-0.4263218432323434	-0.9407347035496748	-0.5510453913156955	-0.1812876181926695	0.7252989123968632	-1.2004708141047356	1.32246754518063	1.435963702544878	0.6706909318106746	-0.07366423440826035	-0.6074371180762002
DTXSID3037541	5.365407060742157	-0.10059817047603098	-5.615786189480377	-3.5586314387537947	-3.4905557321521523	-4.533217310761248	-3.9564641519604242	-0.8509895908455635	-4.24127115532195	6.635584309770017	-2.136431980043774	2.0451232366086245	-1.8673510885538853	2.3891395484638815	-1.1364988892402859	-0.8880612065228396	-1.8889522796777218	-1.9988998327478809	0.5365418490904919	3.451852071943183	-0.7202251451326293	-0.9147258818044536	-0.8875024340689329	0.14707478501282417	-0.9746253697161363	-0.8620018775187249	-2.4994131993298225	-3.2561802098998074	-1.0339471635148763	-0.30498027065605493	2.7605278897071104	1.6905195424409478	-3.015759938580124	-1.2418775625639842	-1.259341580399919	1.6355358865436402	1.9198555088716869	0.44823746150673227	1.277469520320682	1.521113215801914	-2.4423048727679944	0.39836369311215813	0.5161774928631574	-0.13290295110723666	-1.3656558130717376	-1.6565228712717301	-1.254782467718988	0.40875779802972934	-0.5109476167374571	-1.7343905219406235	1.0104111703386476	0.06838652492084903	-0.5503593190242106	0.6462333684885272	-0.19614564902863593	1.8083631820595505	0.41794860887488705	0.13756488766034017	0.8823877376464756	-2.247955658201973	0.016055596933194843	-1.1596218586980878	0.4572641737928464	-0.07729212942419827	1.1461845320483552	-0.07831199620790005	2.125275439329096	-0.06737436696107642	-0.14961925729873704	-0.00016548708518627733	2.0075548189662054	-0.5245701708668133	1.1504734222996524	-1.1324273084122631	-1.8899762299336518	-1.564479887081002	-0.7034044459913169	-1.4599910495530184	0.8682012294360858	1.9000262932239353	-0.733895680327883	2.2928405586593716	-0.5578990111415199	2.0062562860923188	0.20664863538571562	-0.8146962717210307	-1.6516918592581646	0.6025669916650247	-0.34775537194959066	1.0562451543566316	0.12891248169919978	0.43788225902938793	0.04702826453663986	0.9781080987887931	0.9643264568193481	-1.8104031048435214	-1.247926785149904	1.1787304572967268	0.11967531354780567	-0.09636565358896272
DTXSID0048921	1.6036283053225031	0.9073448512900043	-1.4386526312059038	-2.431213412424514	0.0033836295469109696	2.630293731858831	3.72691446416088	-0.2978906256250146	-1.2158967010678576	1.1595570353773181	0.22668235737249598	-1.9104963209324473	0.8995585501473846	1.142800733856102	-0.0761409854651124	2.149641290736006	-1.6330035664858573	-2.853901446371278	-0.19773737420995388	-0.007003475486098962	-4.2921788973545745	1.4105732802464686	-0.5896998536653534	2.037871185911997	1.1641630805930316	0.6812765373105332	-0.6494328034530584	1.3698860278618883	-2.8770085038895123	-2.1774935179274193	0.2499027690602148	3.30182428156865	0.1654369039648648	0.799316073471392	-1.8705238376881017	0.3043467629879342	1.1917487921850962	0.4180078720877099	-0.15410607641609747	0.0027481330654387523	-0.3784895925789892	-0.2856444327451809	-0.5529653690319138	0.033724962596768604	1.6239078120477044	0.9594357229425954	1.2948113979534395	-1.3791786402585968	-0.4989281574548805	-0.282393731967582	-1.001976281102335	0.5393876424806565	0.13595679791767912	0.031277637530881794	0.04336021844302796	-0.3397913500338863	-1.5594854045567457	-0.5144226827910962	-1.1440712072909822	0.7349763700917926	-0.2563870030979168	0.29099772732772505	0.39111383243462944	0.692515996068864	0.016686437835795306	0.3548082404476966	-0.8544308556726594	-1.3944108292951234	0.3820945869216817	0.24645923285913346	-0.1759354184500253	0.027470630195066317	0.72071214084505	1.9658196805522143	-0.5468740032708433	1.0084468756698501	-0.8527416874755172	-0.0971153620915417	0.6608257675111041	-0.03756783339570352	-0.2139672441788054	-0.47621093200390385	1.0962963982604608	-0.27598919579641	-0.49775644998439983	1.0689043879303552	-0.4205367690486661	1.0757495189877344	-1.1278198612759969	0.4792153766468322	-0.3092121134746256	-0.7993530347889612	0.07649150442315315	-0.018182714330057432	0.12044325469749774	-0.9030358171024191	-0.38038532023062593	-0.06624687836194078	-0.20821125785061403	0.1129452733511769
DTXSID7045782	-1.2403204570678266	-1.053621779420937	-0.6202819407565885	2.6942068558343633	0.5485962162532051	-0.38557280308555286	-0.48947260680438753	2.5343415485923027	0.6815202343929269	1.0287684397135919	2.988941216481811	1.8320132355489473	-0.1921476859782728	1.4045985082985546	0.01998989534742895	0.6759900846749209	2.80700061569702	-1.5494713080493856	0.9513489145911628	-1.8623860413822506	0.0063063778899107486	0.6902702065487706	1.4341135400044442	1.0248300473328924	-0.13197931866461818	0.9810912450196272	-1.065889064221173	-1.0054652546599316	-0.18042745073122457	0.13929805209143706	2.11662083598658	-0.12298562769152345	0.2458235766666003	-0.6634399828102555	1.2645007640589088	0.3745421655306282	0.4586268471297109	-1.140188087880882	-0.2993153565525845	-0.7387184741541275	0.5986007132750064	0.08247355120109483	-0.13945536954829174	1.7102784803129707	-0.0054742143515213795	-0.34281714194015395	-0.07147967287167503	-0.8295772519039272	-0.7542406187419676	-0.27106117113596656	-0.9883073295686771	-0.37725014426202347	-0.9316422159387214	-1.4017839679162942	-0.846877450290669	-0.8888204400399992	-0.6433219128613898	0.31847727846948076	0.46210228542502185	-0.08482444502048614	-1.000751910733441	0.02781445975077957	-0.261859030482891	1.4424471104981664	-0.20833748439223446	0.288644945161832	0.005038312135752539	0.20805588359367402	0.672256063173038	-0.114375019204202	-1.1444583574851506	-0.5288117524134547	0.5442808718947971	0.7683988097315552	-1.6019659937580606	0.45616683714168027	0.6027743274022671	-0.7601627730649233	-0.5863444011280388	-0.09880095532088266	-0.09419990175079748	-0.3073938183408213	0.15945682304963715	-0.40372396915727593	-0.007458751870868857	-0.5645164179272919	-0.08546170173675827	0.8549504809962037	-0.19562877009173568	-0.21659471520432158	0.5140450061229745	0.10588463956885359	0.6143491835701186	-0.05893656227298886	-0.7009263908257543	-0.35441589912079147	-0.29379114890199165	0.12711165204000036	-0.6597945408883091	0.4344828640387018
DTXSID2023064	3.9789797926357466	-2.3371498832546513	-2.402970552772131	-0.20932926404211427	-3.4950569386253547	0.19718881887818177	4.2476139430933895	-1.014333524199328	1.9729186896170026	-2.3627296915478375	-0.12574319895123315	-0.16145246886836906	2.936577004581881	-0.5309543313461852	-1.4741743120741566	-0.1651208786731176	1.5814259587657178	0.44664575816712143	0.19318506956450884	2.8035588395344715	-0.766049153098859	1.235068146327371	-0.11752829377838198	-2.1238624878775534	2.3337923983675974	-0.16441087670505566	-0.46005818265819537	-1.2927043138244148	1.1112159052674664	0.24756523206725198	-2.13697670026904	2.3223149524753732	0.5694952993265071	4.435022270736257	1.8740313642150608	-2.62754274713716	-3.6730770351437294	5.940495764003449	-0.3997066888491207	-4.164764945326317	-4.472702726390531	4.100143088681142	5.761098984077101	7.989995520998844	-0.8569883344951001	-5.298348636188914	-0.7538650054249785	-3.0196973112313565	0.5081568762903957	0.2878306794678137	-1.7990137308402507	0.6445521108303843	1.0444536737418362	-0.6095787609865463	-1.514930686026334	-0.044311661347942885	-2.268788601739509	-0.3773787479246049	2.0678872205919703	1.9003554921255548	-2.0859355801099264	1.6422231335040383	-0.400351836709406	-1.3973723867925167	-0.1081726724800628	1.699892227595115	0.01779479905541023	0.7149380844695994	-1.0020443349231476	1.3535657541297204	-2.484153595780344	0.07454657527066437	-2.232656610917695	-2.8838957049591945	-0.1472683757479328	-0.3105114006281355	-0.5255146674961516	-0.14825171599102144	1.0007535789253357	-0.5782732243966434	-0.3566105530647127	2.065505629442722	1.092224384187784	0.09060767941934852	-2.5429109098160434	0.8064949252739679	-0.14242438733452553	-0.2431206886102647	-0.6583490274132884	0.1864284431620955	-0.799600376057355	-0.4946855819243168	1.3291437541137057	-0.2737221997009541	0.3468890891043982	-0.7925601219002747	1.0521829184404001	0.1894085017729009	-0.7605355849164708	-0.8805606975941925
DTXSID9045005	-6.318932796029064	-0.10418820353141814	-1.245615569232781	-2.5856773171488765	-1.7348494216799488	-1.3637359679908583	-1.6157356187502483	-1.0387940907460458	-1.9950860167464035	2.7684280630913607	-0.6038219628585264	-0.4851553554706754	0.44475304416777617	1.676427286598406	-0.2745505027472079	-0.7145652190149663	0.5087676358101386	0.45883395454153714	0.9910253679198597	-0.23211000273441276	0.3331116828993495	0.437838279940168	-0.6870596720510604	0.8556394500727379	-0.13347546030784058	0.7444578764654064	-0.19131456893076176	-0.2466484519212404	-0.13158252626725805	0.41031675205635754	1.0335265918935597	-0.07409873462593046	0.31982688428371403	0.4909364689368322	-0.20836128632165907	0.18394046383768506	0.12837801164345256	0.32124326395031844	0.2202453873095666	0.22034664730273482	-0.14983291807652158	0.3886119827931614	-0.32754332638160877	-0.2458987822879542	-0.007031459896220567	0.15640144836332426	0.3982570889931074	-0.3876992111328506	-0.12131291222613272	-0.8813013411810918	-0.16739828664212125	-0.1929753074733759	-0.09874453590574817	0.5298967244692318	-0.21024730650818088	0.4522397891341077	-0.40702658842828604	-0.3094891137816479	-0.2310069059081939	-0.21268367938870492	0.6139793364391609	-0.06322999529237716	-0.09493861861017255	-0.12567288664893972	-0.07903358525980894	-0.07912023511685837	-0.1023474796636168	-0.2570387584268458	-0.14826485729270186	0.35583368970552587	-0.25428653137339013	-0.5251023478632915	0.519715754957677	0.6238219119268088	-0.24177136218473494	0.40943751828132324	0.24261249944669705	0.5273644980912672	-0.1311196599184093	0.057021964277135316	0.06886931789272983	-0.17237087261758424	-0.2751757013848508	-0.19795390821763592	0.023867418061228673	-0.06425334219881754	0.01526090736263104	0.17400978152796567	-0.10478914160848041	-0.19839584569136864	0.38201540343324125	0.1634597430494282	-0.06522859621948686	0.27190579009256644	-0.41767146789672166	-0.21793955609230012	0.44677908639895364	-0.02377281596867846	0.1326014233044676	0.18897521764181743
DTXSID1045114	5.171285024194354	-4.425682263635626	-1.4342850403603797	0.3438087398631343	-2.543210774677986	0.9881800083313389	-1.9916086247545277	3.08750580711661	-0.9192175346820152	-4.689734798319432	-1.2422549068610997	-0.513251531109345	-5.767816449255079	-7.281501133984647	-4.883726062793458	-7.001496600163605	-5.088268436552374	6.535495693757973	0.6073735393332337	-0.7674195496701893	3.727952642375886	12.143751205765048	6.501973670534913	-1.8842270673628907	4.266956240960879	-2.748558342149886	1.816328836215442	-3.483436171350483	-5.656188348044208	-0.5885041358692806	3.736496054445199	6.670289672906121	-4.668121146508644	0.24501824250113613	0.1608865201696735	1.4221524710405948	3.102962046040495	-0.770012907682851	5.209384797059772	2.0884261937510624	-1.1789780608968061	2.039498501896643	-0.06313737157736583	-1.6524698779496503	-1.172739924986112	-3.8197201604358	-1.1586628216494301	0.55085455471789	-1.573881662225177	-0.8233621848903933	0.99922621244222	-1.0237754747768761	-2.577448316564808	3.911195234745874	0.38029583566821373	-1.1149487484746379	1.713004425745486	0.7113169044916913	-5.5754173272568694	-2.779944558768058	5.750585692652839	4.991985690359637	2.2251205962775975	2.1217275059474905	3.476663665323859	2.3700005685075975	0.17853375754072812	-4.950741318208074	5.6531306594531	-0.3881096324976187	-1.0875513230670295	-5.501775126635969	-10.654706659877244	9.240341856186502	-5.803979754023209	-6.12634856176936	4.380010781156631	5.960597064833012	1.113827703562054	-1.0035305297607673	0.4486886288556492	0.5480412674516438	0.1561581648625501	5.999689279310264	-7.066820728979573	-8.133341515535738	-2.3453617928753556	-4.342470505159366	1.8207086555382734	-3.627329057323408	2.049615255828197	-3.974661757068071	0.02824250426194715	-1.4553734397642604	1.2619199041104565	-0.5488030559208694	-1.186620544309222	-2.423017669902277	-1.3774091877384331	-0.47246751205086357
DTXSID2045789	-3.0598778201548402	-0.368716227778766	-6.122467919999679	2.825476657996112	3.351289417892603	2.4756767752992723	1.6488154540330466	1.1080647813452198	-0.21074542259273887	-0.9741102336586143	1.7151719089818538	1.3489950404215003	3.8347614443108595	-0.39037905454366795	3.054143034190366	0.10591212452672884	4.409024970157254	-3.1016004296582462	0.012596819072361374	-2.262759769303769	1.0923380608941404	-0.4447517249972974	3.242429212164928	0.9515072701456594	-1.1772071073356034	1.0092175197389144	2.0081993502734847	-3.636977965310521	2.2472778977101617	0.4335347014039488	-3.362354486418013	3.1217199802951754	-2.696233531334428	-0.9657454383937103	-3.2258957611218606	-2.6769958017682836	1.7059792885893579	-0.13060552060704833	-0.3321723509019138	0.34152634225708944	-0.007281589626233642	0.2410260864543226	0.7323577152274252	1.7575692206675861	2.8833870252279565	1.425964743738272	-1.153065888035013	1.3563090059803442	-0.7602052377620163	-0.5873477354488451	1.926455685591321	-1.3351015351518047	2.56097827461294	3.9090984629380556	-3.3347132377455098	1.9391512154672832	0.3972496094174274	-2.60642404218107	-3.039312726176637	-0.013015057922378321	3.9864311150462233	-1.9402285564635282	-0.06033782820510903	-0.7932354461280645	-1.4915185545046241	2.4912865616603046	1.594197402424381	-0.27175821871854255	0.7601981016081263	0.8169931398577934	-2.2500126068788178	0.5401088063632085	-0.24508980083246848	-2.134404401462047	-1.1432612568456908	0.41155826150312746	-0.537978833171736	0.10254005146415303	0.272024869018996	-0.05202397603914511	-0.5576387727349605	0.6837579162623381	0.12146730984969066	-0.4680581662137276	0.5904038712172331	-0.5198808044147013	-0.7165516371656415	1.0163646358154859	-1.2482367329066906	0.2054127783134745	0.4373418492937291	0.12068041444073475	0.2529322923682281	-0.434967695459773	0.12929780174723654	0.20834318837202487	-0.4623378774982659	0.1014298617420609	-0.04841183917780591	0.2935635238234075
DTXSID0044527	-3.2325168766058154	-0.2890692950894073	-6.362769014110389	1.747903829332394	2.237710726772478	-0.32801629896287754	-0.4214915257572204	-2.158506604543954	0.17749987730636732	-0.5302588618647238	0.38321305619117996	3.3151375486151786	1.3694882062856526	0.5172397960453414	1.1883826063844134	-0.09864733394276246	-0.428072612203776	0.12751131874149083	-0.9846744343374709	2.114338198994854	-0.2515232704653546	0.4504332106170344	-0.769347710501242	-2.5278938698133513	0.7983399091552986	-0.19578072202817154	-0.030213986837352925	2.8776865886925487	-3.035006408601007	-3.6831422121930584	3.0587387751745894	-0.001824527318666662	2.582838349801761	-1.5764489334068656	0.831502184060528	-1.0826057332060004	7.166186968691118	8.314030482285908	9.232353480120207	8.937966721871389	15.0752251895843	-5.234305520265823	24.92647022135628	2.6892111920386665	-3.210436742185679	10.382170145826603	-2.031212620595787	-1.9738925182805684	-3.448379040203609	5.68331612208652	0.5211533288424365	3.5472132881800875	-1.6178236734950613	-1.2211855048241795	-0.13488306202565947	0.6769564562653577	-0.9268471340802827	2.789946635793981	0.16901853986513526	-0.8730398169162464	-0.29376882388888975	-2.499619953276415	-0.7658106713067586	-0.7452299903386264	-0.9076788682726005	0.9691075204509063	1.9613086006952611	-1.5060557614216357	0.3313799604611276	0.1709375943721538	-0.3348024123810216	0.8005421427073021	-0.6368044803587605	0.5122597583081372	-0.3176458007632713	0.14078895936106173	-0.909352726710645	-0.28004963617679923	0.9014254560331203	-0.4033915554982469	-0.8111648198405366	-0.4565960513882742	-0.7749430382888564	-0.4248127240628816	-0.3742044507410746	0.6947419687574448	-0.8931992433329872	0.02295986436906867	0.027380918999202232	0.39235276485214443	-0.38082167344471884	-0.2450013221541519	0.04626485096914862	0.5360872450917098	-0.02899656142924664	-0.6677892846142576	-0.0468210118563492	-0.09653329772149098	0.631292521956655	-0.2668966247843756
DTXSID0047404	33.606972906519964	-18.9320094286038	-3.0377428134461053	5.969281255512024	17.341686414891083	-3.0958870486638808	4.8091270434723175	6.444108973537535	-2.2268395508153267	-18.079905275808095	-13.576359083959568	-10.973422426107362	6.199778977749384	24.945103224462624	-1.2561901487083622	-7.694024884138172	-4.094804455662014	-3.13521236837812	12.745657474860055	2.315363961505265	8.31723302747443	-3.7124385907065967	-2.2995803744145182	-2.761902246412478	1.4486448629740782	1.4578823090402595	2.3349349746181947	0.15112176902064645	0.521476046671159	-1.9563349603448814	1.6619732845816637	1.8153806553525884	-3.047548955574457	2.2589379686198954	-1.6479684800266652	-0.3382105457781551	-2.838563750698368	5.141523785693251	-2.0572785121926027	0.5147573983708829	4.494583643523905	4.045278008854529	-5.436146593600113	0.44721884636806625	1.7196983334899134	5.280334201030982	-2.8249861811805377	3.0959831312781665	-2.7474588195086964	2.7028145679772098	2.4902133870204937	-0.8925684767797538	-5.120790419257832	-4.276376695328846	-6.990041564550955	5.408334800455969	3.315726078694563	2.2308035214979305	-3.7530151185763225	2.2514121874681967	0.010909894540436013	-4.003037517471343	-0.05914765517923757	1.4355164459160472	2.5539853897741978	0.667738148698858	-6.772617197230683	-0.7356656351972662	-1.104374817636215	1.3103364661740975	-0.5062056225842884	0.8815557137451837	2.3799990001054	-0.15602338078774183	-0.20061869918700667	-1.5211602882310207	-1.726810667696941	2.7988900837607895	4.571939213819355	-1.488595814069511	-2.3190268726291055	5.848943361912253	4.739470147036617	-3.361422660048961	-3.2267360195453954	0.6229006627013568	0.48749854758617034	-0.5150950193355999	1.8731793484395023	-1.090259562111675	1.1819321273782228	-2.6117339607724954	0.2670132289121904	-2.5386525981767516	0.26783523614767435	4.96915672388794	-0.5260497927687918	-0.6241897740344926	2.739119594577137	3.712177678821876
DTXSID1047788	7.97487316986342	-2.8150665207220165	-1.6070767646068127	2.709000707542809	-1.3132444791779163	-1.483053265555329	5.732498666490756	3.60374329680499	-2.378165989624898	0.5417151262927189	-3.152949054809174	0.5418901757897188	0.9086691386750877	2.7763325488611135	-0.3327041251838346	-1.4930201914737427	-1.4884620474295394	-0.5723247060836731	5.308331675861283	2.5982481746990422	2.5999796304390057	-0.9947304601395459	-1.7065792152715162	-0.48546263044119453	2.1695446674652983	1.484440205042977	0.5782196356703844	3.9389646303986163	1.8470661797689873	-0.7659408286949294	-0.036135260155675274	0.8676724655013193	-3.1539377860585947	4.411258054130761	1.7284085272620715	1.3476227351496404	6.989238529051838	-0.5038971365028183	-4.081793850146577	0.04960667862590213	-0.817731609612891	-2.578006813929612	-2.0934204932887033	5.34389796068765	-1.9720517068195007	2.252447199749533	-2.888542187210554	2.1057595568539558	1.7031326624072007	-0.8840987457627519	2.5254349925731385	-1.3309134896225117	-4.858818474410032	1.0042171536699436	0.9975111827233492	0.055512073872008974	1.230582247215509	-1.3426613944086732	-1.4315174336970422	0.37860229337567924	-0.38294762856043435	-0.38565010779126585	0.689431154646699	-0.8889036787169358	1.5592959909552495	-1.6694897904305246	-0.3079223910355633	-2.3926500223330605	-1.5192373750928494	1.2878605095153834	-0.5398267890578407	0.7761218818811841	-1.4009008878090097	-0.11429465904132922	1.252589089945746	-0.7411872436673393	-2.7843192839861026	1.4822344037079105	1.0188893684021767	-0.3069358197847387	1.3863511691461743	-1.842911407826099	2.885117380087664	-4.188702004145691	-2.822996974421073	2.0090609089270375	-0.6956990742043361	-0.3226188857167718	-0.9726547927431916	-1.2894388964875296	0.8891929975452595	-1.7708956517314478	1.7365434530865322	-0.15556387975327993	0.02217000021472054	3.8025171321186195	-0.8260247404097152	-0.34197326035256886	-0.4504412769501565	2.8037568654087037
DTXSID5046980	3.673806125355492	-5.827204438303539	-1.8184051342974428	7.210406656246768	0.6582500888379464	-0.633976866301417	-4.345598753556046	2.262208422721617	1.3752631916781948	-0.8436447211328131	0.16465999415302385	0.5003269822936033	-1.7972893715387026	-2.8778025166858137	-1.1812700912613872	0.27956062031128925	-3.3735703692055004	-1.7678779219093097	0.41732524573032814	2.479685615666136	-1.8464159660067456	1.332543738808767	-0.7943731016682997	-0.829495847245163	2.898680871158781	-1.8415986356795717	0.736111691403396	-0.706440243414207	1.380024448892877	-0.1966510161404755	-0.18603067634583084	0.44181151582307726	0.5030227493532708	-1.0457013575735636	0.44006251110338745	0.17880355861669928	0.8983650752104435	0.472346275181623	-0.19956656629662897	-0.4327350774118192	0.06573663599063308	-1.2752609048474528	0.7839838407961011	0.23022565820677715	-0.04889467541644853	-0.892546248757978	-0.24843227107972574	-0.6038084350199581	1.1617774431442163	0.43622668067663684	-1.1507124517182203	-0.9580864223060095	1.7679893641478426	-0.03906830070852458	0.16398833722002945	0.300345297323438	0.590639675031311	-1.4657421677129494	-2.1588983301729154	0.15297368655300844	0.16017901488087907	0.2275474132332521	-0.7706976644777148	-1.2148984226809592	0.36567100685204545	-2.009682393301997	0.4506075985825996	0.5934490778020685	-0.1264493497500008	2.427064680702275	-0.1441236399333599	-1.043933591849107	-0.12381295559299994	1.042473337022924	-0.7277721120436608	-0.22266959306857712	1.6957627051866575	-2.266630889703609	0.5873271703590487	1.9279182266229442	-0.48013696075078055	-0.47925856280081697	-2.9433533305444075	-1.213175498518243	1.2816421180279927	-0.5804510009455344	-1.6649197294624378	0.3992954387585764	-1.049563319820332	0.34397434036425895	0.25988761621277967	0.059881408295098235	0.7173189100832331	0.5939210694163354	1.6328173266505783	-0.09627243228964275	-2.2585247545719707	0.5312323547362028	-1.455489876452788	0.7346213087698026
DTXSID1021166	4.572975624990254	-0.19437653945801794	-1.2243943240986854	-2.0171206090024314	4.687738133546435	1.071385748335443	1.635996457242151	0.8144070777103867	2.229598589940618	0.7776429001427562	4.10550163771799	1.5015014346921924	-2.6281400435152102	0.36856811678448503	-0.6286549497630274	-0.4874636937128837	0.3530190649313266	-1.759341444438819	0.11895376138105264	-0.38480332740661194	-0.9202597119205495	0.5146977709063056	2.0996115197487644	-1.5290909195451041	0.5723599076954785	1.3420130588441004	1.3475971196737537	-0.6015240369504463	-1.4504375710218829	0.9705788981785988	0.9090469903722447	-0.943758181957119	1.0110721006380974	1.325408027387925	-0.20960788414248854	0.14033003142950326	-0.2964544228470889	0.8306091628232111	0.12317219398933875	-0.5790402785545332	0.11797477814750823	0.6259452797756148	0.4185785855699233	-0.9958644353686806	0.8673417738988489	0.5631841106087823	-1.0566504734027733	0.1745283181533929	1.6101894498822553	-2.9100303676995765	-0.12312330769912183	-0.3371483852805765	-1.804931222453109	-1.255545245138729	0.27376601114748195	1.2672402672784482	0.8150731565778149	-0.5270179740654816	1.6879627864870315	-0.07770027099691834	1.3031429760680528	1.339366410229541	-0.5574965373191489	-0.8924373877617089	0.2804189881448651	0.1775081433124414	1.6029053923407666	-0.6174196622142764	-0.3913673230844362	-0.4845100965616865	0.2362453358181515	-0.6245456457919645	-0.730841649540744	-0.5038163392204696	1.0013739787370843	0.9026478764054459	0.2956938788052289	-0.6087307861483097	0.8693908590022862	-1.22673280094505	-1.0383034794510235	-1.0342457929990008	0.07670972849679347	-0.9827230119825435	0.6019437148122813	-0.42221553753819113	0.17201904869802562	0.37732096522044106	0.25575462178872604	-0.3680206292991853	-1.4736626725123951	-0.02888779718786763	-0.3836436853681147	-0.24798318783681925	0.021956788963144232	-0.02343414682397045	0.0035285796899838214	-0.21106991553925641	-0.5139162057368994	0.6164641330379774
DTXSID1048627	23.706041705316984	-8.44232470405109	-2.570647619670032	-2.4940216621761846	1.7291599983610748	4.001261730551468	1.6000127995927993	2.8412203530294953	-1.6930198059977548	-5.775835211064129	-0.15805423223625312	-2.697284220842035	1.5030041676054315	-3.1357748058814647	-0.0638498911579651	0.7144837946400314	2.9538224213524784	3.8229113102676737	-2.9741448830505104	-1.584805915378061	0.8852866744055805	-0.717709304528933	-0.8943641514016735	0.4889136202378588	-1.2615351075432992	1.2704616822606154	-4.487333616677466	-0.5567116477335108	0.39118933881601814	0.5843683507324021	-1.945784913350214	1.1801006783349084	0.708113232954745	-1.6539113023834837	-0.8530975228579546	-1.0919980442345927	0.017315346902514073	-0.1876868657940809	-1.9757929847364	-1.0835344793857782	-1.123154337094894	-2.2845695397361316	0.638945724003554	1.0837991321557565	-1.2442851312077943	0.21452391275967422	0.27013658747463004	0.8651382658059807	-0.8335496407899544	1.9787062530604582	2.8336140099459906	-0.10050093194420563	-0.6454883048747246	-2.4716934380055524	-4.169721044900837	0.42787769795727404	-1.8049008991234696	-3.3389108300627943	-1.2422681144750982	-1.870823856518398	2.46282151609045	0.12710219715694904	-0.5407104401099055	-1.9712936979292963	-3.339736981254624	-1.0873215308120607	0.8126731167149391	-1.5087937126765085	-0.23335545261278756	-0.027165571589614638	-0.23988718318089006	0.5487293370338439	-0.4661331507550571	-1.006894664655593	-1.0596670826663865	0.40054222902514935	0.4075501478623183	0.76209523831363	-2.8044098844233276	-1.247608288968594	-2.9401798076568895	-1.3273982096104613	-0.641206732587652	0.011776192045492908	3.1110648922395256	-1.7315959409874198	1.752571601719881	-0.8479682248470982	2.1659520639188092	-0.21782902232398219	0.3301365004013112	0.16571089527835198	-1.3552910087104133	-0.15766765964398485	-1.0587670111108622	0.46961242829445166	-0.7183970841584421	1.7023107844050833	2.035704123164845	-0.7406693567180629
DTXSID9046861	7.103485464205238	-1.4114796594974997	1.70634402862122	-3.8572948513804293	-0.6543823010741142	-1.0890245465647168	3.3786780673204597	2.4530506804793815	-0.6597691829433855	-2.151673461691917	-2.344438062528401	-0.48351200768477354	0.3573716675508893	-1.877650798164808	0.9200094657933988	-1.8571288320122232	-2.590372102694191	0.6276312844204628	2.5171912401846366	0.4796856016096804	-8.245000326783025	-5.650749523364918	9.256868491952137	4.327365745441065	5.807987060382881	-1.2182032807970424	-1.9385730604535243	0.7443989867371803	-0.5970916486064729	4.440841756734778	-0.6022221886424841	2.574172674242616	1.5293751932920385	0.7552750438936363	-2.215457804235348	-2.0337818064682875	-0.7555874855142038	0.7272966651944663	1.2006026851713947	0.25411485809463014	2.156123272236221	-1.0763592802116286	-2.350722289333467	1.5386228667425255	1.0579745492150063	2.0191950401985665	0.953044165316312	0.5777551558267541	-0.31261859080980875	-1.4019266082925477	-0.02481477343627718	1.4545676332112578	-0.2986561955463281	2.189606866844431	-0.36392725056981984	1.0396070570439377	1.246613246641732	0.9014597808666804	1.2431033887235994	-1.135346524870813	-1.3541202600187743	0.39846260933328115	-1.0830761283537262	-2.479696746095002	-1.2470807100932175	1.538062481641949	-1.9595801051723143	0.8302566251125516	-0.5514225718877832	0.19680655292516344	-0.018315791839608197	1.9691867823476914	0.3737994502241941	0.38820750831710127	-1.5172380221320934	0.2492886431323771	0.5418388123685601	0.053051614624266434	1.2661899538669223	0.3695309622565478	1.5934788369047521	1.210637227234095	-0.5558895250099734	0.6609577446114149	0.040542368212206456	0.6722338832816711	-0.4043050060695997	0.7334750228042961	0.8457432148200531	-0.6619562581205203	0.2208398208551711	-0.6127505101755233	0.08793225431789368	-1.6836665495261665	-0.2985789678725139	0.9539760816911993	0.3821961327821832	-0.22898483766115163	0.20983535013095053	0.5317158190119511
DTXSID6047282	10.9663025168421	-7.4619123804851695	0.3106738934985388	3.0909049636744834	0.10431502372812836	-0.995841807820013	2.056455780531904	0.3179168758423836	1.316149061404597	-4.798395120067426	1.8084761878681366	-2.8889674208390677	-0.6815063942073373	2.6969354305688196	-0.4365132225971521	0.3699782244074199	0.23430491898153927	-1.9442536888706583	3.6208205174829184	1.0830918736217778	1.2727831134922991	-0.8158258750431514	-0.825841737690206	-3.7244282018068935	2.88987029817195	1.2535816717655035	2.143761166374556	-0.35432627820003726	-1.1795098115913516	1.3489947394902857	-0.747032698701418	-0.8792112206646994	-0.15043060386757232	-1.1635897266697042	-0.5847196387464819	2.068229308313061	-0.6117895997159488	0.03842568962114131	0.8641545050958881	0.2490978904342494	2.329781767285713	2.4732211974585936	-2.125489858101068	2.532030077704536	-1.0376628963289118	1.1331594878334488	-1.0173506317550227	1.1513700344054352	2.2309344449315525	-1.248141367094933	0.3828846567465186	2.384862911877552	-3.2884341722032304	-1.4003435886675528	-0.785762445497473	1.4022351782969136	0.5402697523608216	0.2767133157770722	-1.976777558529091	1.6177493275650645	-0.458337653504093	2.580992871672926	-2.8807335414222828	0.6561036013985655	-0.06464064844447882	-0.3567518514097941	0.0823472091853478	-1.0909590193879493	1.7825200341624603	-0.10590982074180573	0.18449489849722372	0.3117754846505106	-0.09029826553995599	-1.0228087383626416	0.555748920167316	-0.2592606790577303	-0.07195758992217441	-0.6144117016304202	-0.04807773931310235	-2.013911144693617	-1.5942268563038902	0.8360003350028399	0.7877454405777701	-0.40655414462723916	-0.9447208521020544	-0.34822496343016324	0.7770627499222693	0.8167675412964401	-0.4925287574532186	-0.09034311056663943	0.02211601767381609	0.6420513385629363	0.7344903202767891	1.1455243695947024	0.9770529144803778	0.040373312617865975	-0.34150059774049346	0.05179090715370731	-0.13391493179744685	0.67155763713087
DTXSID4049290	7.700175130667882	-4.284411072342605	-5.912100520327942	-2.355575513063182	-0.7863845256898764	-2.1040165232392307	-4.041636525535305	-2.26655868064464	1.142289002820506	-9.36613020005022	-5.359003418547645	5.100437958693649	-7.52162748394955	-11.562772567476197	-3.125889252367952	-8.160863412021465	-4.751788467957356	4.212675664709588	1.2532729619429286	2.3478944059013367	2.9394992533850064	12.068054680621668	3.7298562315675645	-3.4137638460594038	5.653591674857785	1.1785387748101266	1.6364349806841072	-3.750299173603433	-5.585501325450417	-0.9788548988204143	3.767257044566816	9.427300663097354	-3.4077168764379135	6.019661330602063	1.5166322920534974	0.5755186629554278	-1.7246969217398638	5.762558347507357	4.160183273198205	-0.4880035745665891	-7.387452071672204	8.26367676295681	6.184512786036793	5.895765263938929	-1.4148810075221823	-7.272236343590822	-2.3456368082193144	-1.1172624978835408	-1.721561968875995	-3.2604205139691644	0.694569895789453	0.7416963878236074	-0.863727259292653	1.70531015329688	-0.8778954959305928	-1.6897927811472329	1.2321140212212645	0.3980193102538035	-3.546543509532501	-0.24983950814318626	3.9521085483495644	6.271227428540228	2.6982724193870444	0.8782653304257997	4.6252896103482835	4.215149516297834	-1.702116536557355	-0.7406493087383194	4.039695162765697	0.679062912518524	-4.800547101871991	-5.5750207071058195	-10.932877769693736	6.6484720141004034	-8.256379464074016	-3.752675593649569	3.3528111140799384	5.159006716980304	3.4490405782907305	-1.7423494278211784	1.7996715207682554	1.7948782438285407	-0.36930598204861514	6.326001352658072	-9.059721583496298	-7.223412074824167	-4.135003831886221	-7.946653377606025	-1.292807254847768	-3.0095437951073802	1.0887679274315638	-3.1012588502497462	-1.2651525355372342	-4.036253262982834	1.8231996513704118	0.5031446365106557	-0.8800934184262604	-2.7307966916211965	0.4084338964484606	-1.597429427362445
DTXSID5047112	7.354471646046333	5.101562487302962	-2.7914458032440095	-6.580294758246926	17.33605782060816	2.207938110534318	0.636028372581568	-2.1473570600411054	0.4177714562644364	-1.0969235053283553	-5.455203439327875	3.8320716583573655	-3.9150257362252625	-2.7007384935769765	1.5122638457583772	4.998375192442345	6.386599078999962	-0.1249884795476354	-0.3049984382909838	-1.4851642888630316	2.473422146406423	0.5553321468348811	0.9205183827530635	0.6527540147293787	2.508650183710435	-1.2250969969167902	0.9458823779699816	-0.07901697022201686	3.171509551671833	1.1555575277414865	-1.9008413336502694	-1.0330595233972468	-0.270363056201571	-2.5279577168661946	-1.3460566540936407	1.9162440988899552	0.17877901394075185	-1.4403636327150489	0.4652327000857341	0.8723627730999945	-0.28885942864908165	0.793937377471456	-0.4928725599029722	3.2801409540792448	-0.668093053134208	-0.9395112902761812	2.511786961864574	-0.11268864884771425	0.3486263168962495	-0.8500823634423397	0.31512776643232626	0.7323683134172471	0.8339659418519183	3.5749875081332876	0.48949392464442637	2.52303692073346	-0.17766800381613138	-1.5339271904504395	-0.7542747730082433	2.2911697508424145	1.4006908785513512	-0.9347166955443804	2.4348419010790328	1.2625950618813226	-1.3863207270477955	-0.8984742279493059	1.569316357737664	0.2638892348167278	0.3254059914813306	-0.29854068742005146	-1.1980628299689091	1.766512735535803	-0.8869937847011814	-1.3972294819722817	-0.29508808461016245	-1.1023928860829055	0.5007284611467051	0.3146249220199699	-0.13486335326812338	0.6829565331787537	-0.07749543178800725	0.3110995383880375	-1.0017787672100236	-0.4214573883987582	-0.06541088379234002	0.29632378369880275	0.47335731946093523	-1.295978867633242	1.1571316019165885	0.21221923988534008	-0.32548745672412466	-0.5751507192478775	-0.0009460093146674121	-0.09084333733377414	0.5682957341066521	-0.10508586410831294	0.16194007821502793	0.49532679828264325	-0.15266172971025443	-0.4245753162018977
DTXSID4021921	-7.978722925715536	2.951021131702494	-1.6349008598646144	3.8012215552696214	0.7163438602004859	-1.5078687168185247	-0.08668769968960749	1.0586374066464048	-0.8825693138625573	0.0037963223525238894	-0.7490609296837218	1.4345297671005788	1.8351335514735116	-0.5406717764063883	-0.3386677839738291	1.2999029686271808	0.8903413077396517	-0.7016730325805828	-0.38012980684622705	-0.9224973922869824	-0.6060388408031848	1.0298904937521962	0.6908033858057817	-0.14553128729671336	-0.3626229430692716	-0.20785879263818804	-1.438341782125697	-1.5512402005297974	-0.3043608561388713	-0.6508797500969504	1.2957642117057062	-0.03162819380248524	0.05775359503933678	0.5860081217060994	0.7085767396192494	0.4334089141973778	-0.2245799499045628	0.0550039260970785	-0.05352911151695613	-1.4000323110551025	1.1639268798853766	0.1951771576486345	-0.16825256140694342	-0.6706619146661167	0.7257114441894602	0.8600648957333127	-1.4877471816769872	1.1330425320030866	0.8064020731761438	-0.14384257984786689	-0.7718084617564409	-0.18392483866691645	-0.7735322366044965	-1.0062682222954822	-0.766757776283875	-1.51840254636944	-0.6804640428605149	0.45796227865888056	-0.3019793406374068	1.2228058796710026	-0.014200769945686085	-0.9370841935526659	0.4654089122981289	-1.3909269848054033	1.7415875464341202	0.9519538664917009	0.6434616964667338	0.24485156930360058	1.8979345298420944	0.4718254415660604	-0.5622810669654665	-1.4723793570768158	1.2584421992731056	-0.1417301144550188	-1.2203385428928741	1.4026855054667324	0.07511642203773561	-1.0127377113105718	-1.2713149939211967	-0.8941177269008538	-1.1074043134123777	-0.32248442591009463	0.09100203169587738	0.02261788572375946	-0.9246415287438828	-0.6043926690561654	-0.8872214129478488	-0.22229052471599606	0.04405871991561484	1.1538251519352558	1.2967038259959152	0.25599689769903605	0.2881452169498683	0.2968756342137829	0.5164971567477158	0.8853084432182576	0.1969899961775259	0.7697089861591198	0.30126946653012066	0.5477135224103499
DTXSID6029250	-4.851530908114988	7.05486889001241	0.4676732302671023	-0.39426180332593613	-1.9213851425127662	-0.29153513120388663	0.9870236901741112	-0.2853973644499579	0.18780890498212285	1.084328779821143	-0.22775313688396104	1.310392873282459	1.3125554712966085	0.6703181567220926	1.7201228817496927	-0.636597381566544	-1.2002705033582377	0.20132901587812504	1.9113072588778857	1.972468669211453	0.7294451885336716	-0.37868327689202236	-0.918486335126222	-0.09701042789582091	-1.0287543009462699	-1.6561382791404429	-0.5873917930403496	-0.9460935696963341	-0.7768822301210874	1.1672799901679547	1.272603750273862	1.7507898396312613	-1.514029012142544	-1.2866676731364914	-0.7867405555972813	0.6325833901789037	0.7874118019569349	-0.16997801084279845	1.4611176326709263	0.10634786675767219	-1.310329899438803	-0.47146425390350455	-0.15882058141570238	0.5842286682177447	-0.5835279940266299	-1.704400864743373	-0.7210392522274135	1.3485702107273858	-0.5300365695464967	-1.104779978271925	1.0982434991249856	-0.036326570577456994	-0.3392638232097869	-0.3751622266609483	-0.6387696745224898	1.1343165000197666	1.065349851335698	2.0199052223412206	1.1510531718942913	-1.0629413483616141	0.11959994336604052	-1.2880455265679795	0.6071435320972624	0.6426333304690988	0.5754988151121574	-0.0697163508017787	0.6727879828351885	-1.2475759109706368	-0.08967169253588608	0.8890244883868728	0.49516166050114324	-0.2911628328431195	0.9229765522458238	-0.2846452505201325	0.42996533538467474	1.0297144050416516	0.6531527776401284	-0.6981320681701645	0.1700824511866675	1.065325325099787	-0.8150566406873464	0.7083861461475994	0.6322897598428404	1.4180578990197974	0.7338661090390722	-1.0515969425979381	0.05330350307991573	-0.4545274107202984	-1.0174616308017603	1.0594263276210538	0.09743473794478968	0.9141066802706694	-0.6301676302234186	0.7571034887446634	-0.06559607482957018	-1.1058228969067747	0.12726110309420524	0.5898744106735011	-1.0307521895912335	-0.18443589554953901
DTXSID9024934	-3.8734626275301114	-1.7302399771469257	3.228186322855457	-0.9868703703347727	-0.38255050406585306	2.0756552176203584	-0.2557317475726284	0.4768343704845831	0.6172023782392776	-0.4549901321239443	-0.6275172605799677	0.5905837215924298	2.1160580209961966	-0.6659461391730725	0.09647357255815663	0.5317007748779466	-0.47330915885503755	0.7181370210467035	-0.5650372070158294	-0.181943781304601	0.3339805119549085	-0.4503959972029392	-0.36245321940441727	-0.14333090955216232	-0.5636173140384226	0.6007659251033239	-1.3365906894691537	0.21019762299254569	-0.13939434883444043	-0.04002818230535647	-0.006595316257874971	0.7339862304624298	-1.10990010861861	-0.29770261566828254	-0.45487255964900264	0.0038865687453873417	0.6249297918362267	2.012574229871326	-0.19131991807577414	-0.21571161249659532	0.15452462627865798	0.7519089301756506	-0.5150308563930491	-1.180731503650349	-0.12785100612883735	-0.11380393837963564	0.08602886237376146	1.0046487298516524	-0.03056952329916917	0.7986798939080965	-0.35643573910510234	-1.184608347041514	-0.530185191132259	0.40797887824290324	0.37772631508038057	0.12869386485229692	0.18716702527313	-0.10790178452644868	0.40322138250304895	-0.15638366746801513	0.1637186469574738	-0.35429761854538194	1.187540248462962	0.23837320123060785	0.7992673043493417	-0.5588867289052843	0.48061601708324236	-0.5814369584770173	0.13317777831589667	0.26235529822210457	0.5316390680715014	1.0758294168997984	-0.2993908193606227	0.6768697419165098	0.5898888698667749	0.5912545563563617	0.6366407148716701	0.06338988192935609	-0.581333647777216	0.5666988904370145	-0.12968258243044561	-0.2764999380664987	0.07921325458079126	0.29169374982968077	0.013195105678604066	0.3209997938823289	0.0481431955526109	0.5588815053417944	1.2441626600857933	-0.012870511873325049	0.16629760364655116	-0.3836794122262017	-0.452989215512833	-0.46945402008925524	-0.18556184807010365	0.3877905342297283	-0.05330467226347135	-0.33325268332568636	-0.08920985517505454	-0.14394606295406562
DTXSID8048494	8.558534216529486	-5.592745120939205	0.2422038796102857	3.0287722466720988	-0.9226936317686844	-1.0228994970899135	5.94199209328312	2.5212581046183558	-1.4125149897259734	0.10783539547502849	-3.656448988514993	1.1197366841783403	1.5977058412532652	1.5935540287011773	-0.45371054755363166	-2.177170097311099	-1.5801008644837353	-1.110556655053384	5.377035995301693	2.9476350121133152	2.7123831910518903	-0.5936087941035316	-0.6357361720135882	-0.8858771329149384	1.365375060346149	1.2918714711546542	0.5278332122737057	4.580234957346063	1.800911411695141	0.4287654761290041	-0.5725640889462728	-0.2140197236524972	-1.945833042644653	4.503413745843722	1.5336650383319628	2.1966207630490193	6.328175392310032	-1.0699956055971673	-4.095456017653127	0.17710898990089227	-0.6205398761132768	-2.4676553028385104	-2.1819646573028195	5.179567363460279	-2.117899935969456	2.778190140432063	-3.2778895007316877	2.203781338553685	2.4789030745170604	-1.6184141306632345	2.281030827020024	-0.20927299289210755	-3.848682197429936	0.4607201187999464	0.8872669455804312	-0.4402437015803695	1.517318329354464	-0.28316619250970465	-2.027362690495119	0.6677990695646756	0.11675819195942994	-0.6204066515975423	1.188003910376611	-0.9768796892036663	2.2170257202618946	-1.605335128040998	-0.36854031741053705	-2.182457199735411	-2.226440778338725	2.3863311794462914	-1.1887320555792456	1.6013534318692935	-1.5136951288779852	-0.2549848509676608	1.5650018470525724	-1.9013650900895054	-3.456135075476965	2.373331826235523	0.9398748130001615	-0.339547731946074	0.3616548584201095	-2.0150122680818194	2.553189777731858	-3.945442875288047	-3.5196688117384447	1.989655472152446	-0.7195672615105988	-0.5589729786825425	-0.633261561334628	-1.6506511532127337	1.3688925705691986	-1.87000745674122	1.4513884255532061	0.2545515971458351	-0.2847750196071754	3.7061012343975297	0.7041997828644867	-0.021024751958842784	-0.4212452956695271	2.8277315802703953
DTXSID6046557	0.3267507607205698	-3.6395126610557513	2.4742753624240437	0.6724532578084894	-0.4191031352884954	-1.451059278562324	0.6106609356625047	-0.3206241232161615	-0.2478310806265809	-2.706131350626823	-1.3805343059774016	-3.1336408978393506	3.374939560873426	3.3267670038887474	-1.3322189573050367	-0.17175673068644862	-0.8758101099214672	0.547734325136592	2.357844599260498	0.3703296654363288	2.0284083327313094	-0.8553093064665052	0.8284767352204886	-2.899496729505223	1.360801130078619	1.3966034412578148	1.1215316846259007	1.2643895972951402	-0.04824166762863071	-0.8047975067768535	-0.10323138239782517	-0.369554634629345	-1.8113422439437319	-0.9925920220155345	-0.9017236121852212	1.6672712308265498	1.5615614308382788	1.8778589119943712	-1.828920501831126	0.20211902038693844	1.494881828038527	1.7381652940217327	-2.506194207619016	1.3656885601262794	-0.7372225607525424	1.6986297354461586	-0.6018919954529537	2.8612676698489223	1.0421091741577726	1.2330036241721283	-0.8886060770571862	0.7212569783587501	-0.41208607020393556	-3.69642384102556	-1.656566457788751	3.126119107366678	0.3171984487006559	0.6241475290864295	-0.11315654984630852	1.3152609048762343	-1.7740313199109463	-1.1465019993646293	0.07698920011836394	0.9300672911335967	-0.8690096134096684	-0.15445036857512956	-1.148063263662081	1.5767373169554666	0.12582844312322874	1.0007322770780316	-0.11451983466437073	0.4080960226813759	-1.6760028504408064	0.4202227836160065	-1.5338132079742057	-0.19073329441713513	-0.3134999032863529	-0.18251805807199512	1.656417696181344	0.4560575912732166	-0.5016408588224326	0.6859488539425649	0.987219939779056	-0.9076512714868665	-0.8982625906753068	0.12663506919451037	-0.6030490757750928	-0.29959576166669866	-0.4602768149418119	-1.1953361929634856	-0.2029350718169402	0.3761449594951777	0.5378614034047544	-0.7615147698198235	0.20053137618545075	-0.8441101053304141	0.7642872427856527	-0.17408346389675208	-0.2384173879090549	1.1553357074877058
DTXSID9025110	1.211519660440684	2.414171701924422	-2.0657109901154995	-2.3903596158598286	4.64441560374973	0.8656053807905049	0.04765423587752397	-1.0375169483494484	0.9035569695460011	-1.3226631705088312	0.8927781501256152	1.5547291121450946	-2.3834197494214715	-0.305247847396158	-2.178271991770636	-0.26247060532299105	-1.5405344102023175	1.8207420503962126	-1.869800770012633	0.6941502825260085	-1.0965962904739681	-1.269523368246233	-0.7116887734671004	0.7428618039196828	-1.4245949867112735	0.3534241147457809	0.06382183587692158	-1.1390038712365722	1.600877829646702	-1.1238442376224416	0.33191061368804425	0.9449320446040014	-0.37270312535779615	0.15329975476705204	1.1404248297566606	0.7254823766410435	-0.17165665813887918	0.34051062363404083	-1.31994782400702	-0.9636993164054861	0.8450048555314256	-0.291160243334611	0.19017992179612744	-0.9056923325001867	1.1410491459767735	0.1261654515163706	-0.1112925781008422	0.20652461548080636	-0.6006833510358646	1.1326286990030567	0.7104883906957851	-0.6288334203178346	-0.8343812775799393	-1.3402101403564288	0.13263047911629036	-1.2180567709708634	0.2968436294731595	-2.2899034081054226	-2.247826233305443	-0.4329337115227451	-0.029817932638961642	0.22442373640799484	-0.9528050928645588	0.1670815516631386	0.2846038772691882	0.6509546905087986	0.6651415450764384	-0.08913808730111171	-0.3648276865437203	1.0336157764884986	-1.6548694044942867	0.47360127242875216	1.1881594365746087	-0.30208178807421665	1.1667069436146853	-1.0209485919578594	0.4973053445130729	-0.5464606735845281	-0.9148386026162366	0.9532706555026864	0.03511009633700049	3.3588866975689364	0.925424396686348	0.9336882294962456	-0.18811448866203645	-0.0009879939645644673	-0.49460941681459386	-0.493626917625429	0.9315507035092399	-2.1256991541928714	-2.126212756054724	0.5489734920761113	0.8167180874556974	-1.0234741571350987	-0.18785779595710078	1.624535512764047	1.2664793218952162	0.8171043474850808	-0.3761654984314655	0.2703477794691405
DTXSID7046176	11.396995616918542	-4.101973919374386	-2.4487427392445285	0.604968604688872	-1.5179754026262071	2.4221133695140384	5.372532044416071	2.1635518451177957	-1.2255129998669416	4.327293011591078	-3.28070248210762	5.00238354383941	0.43002436156080476	-1.814060987669027	0.33860668100775343	-1.297928273939643	-1.860425325611875	-1.572299027778775	1.8037764047409746	0.10951902847272281	0.7689888570023538	-1.5078461389819382	-0.8611745909263351	0.3748802142082451	-0.722086408213923	1.2974781470113348	0.23504060388100656	2.2356522077294425	-1.1802424702499137	0.8299184030824304	0.27475370954371753	0.1509112904554111	-1.3066695820444343	1.9457485808199964	0.07591460500202746	0.42181677496666814	0.896538484558465	2.394083919826511	-1.4145756166579542	1.3569093428315646	-0.4593182529115417	1.1743686885843914	-0.9796396326089879	-0.9449823513275515	0.5296884725656185	1.700583557974558	-0.24333465703186238	-0.14366214468277477	0.31626543533323365	0.8969876786203024	-1.7077686848284626	-2.3493773095860586	0.4524885400038055	-0.39309804103491575	0.9422873837577216	1.041995721015359	-1.1956947772804454	-0.05552785986664251	1.4527139939227196	-0.14289734775022914	0.6862931844656298	-1.4850541843672769	1.6555396801723132	-2.1267734405138725	1.6245430274067878	-1.7344117498201155	0.9556499496909949	-1.2035523422201437	-0.2646823869408327	-0.43667847553493805	-0.6574883030567247	-2.07407799558522	-0.2728756146014868	-0.09188756493967452	-0.7481545290457184	-1.3138221371949075	-0.6103288318892247	0.8562489967554556	-0.045507302422993605	-1.893197307009329	1.7610245506108402	-1.69789947870655	1.549028599044906	-5.247124457958629	-2.292709335316909	2.0878856252608737	-0.8542516895450388	-2.888863507371019	1.319112560669043	-0.6826276004542745	2.4952258830727816	-0.6508107253833909	1.8442076484444716	-0.20149031552313365	0.4420765038111041	2.430851804161122	-1.013129287313093	-0.28817885207392024	0.02878057943740752	2.0331039716057786
DTXSID3044411	-2.356481247890577	4.853650785136351	-1.9755961252676282	-0.07875597569114451	0.4322881803607789	1.4382670554699755	3.8322234346666457	1.1263377499895955	-2.517402861636238	0.46237368915301635	-1.9342023944765367	-0.7822084892929844	0.07688712528452044	-0.21980558812641804	-1.0310933836350742	2.6005282664598264	-1.974439645941056	-2.9851867659132987	-0.5589736424839338	-0.5104875023674736	-4.37273124223837	0.8562124789474065	1.1801228735264957	2.0478786826033426	-1.6960645919719037	1.1473424278184194	-0.43132525623355383	0.7623183093911824	-2.1204641957571067	-2.4581130036808085	0.6821059198050209	3.10973137171662	0.1131943992090228	-0.4476231594784865	-0.7847774056159107	0.8629239782426587	0.7137966223253898	-0.5261849124615304	-0.3793889844625781	-1.077669400551719	0.04310980318622242	-0.1510614039382318	0.11917938979532959	0.31594286184957077	2.2001010315599805	1.4301636421297053	0.7256770799552728	-0.07702656687869897	0.6057956209641543	-0.5373158871618828	-1.7118593924250673	0.6585338136256272	0.7234753700059013	-1.3359272173436125	-0.06208998872001315	-1.2854980908455653	-1.0121902407184475	-0.5961008626620343	-1.2868580831277343	1.3296577083379026	-0.9824542185909232	0.6310837685125688	-0.30153173701520747	0.7842387881482635	1.0266865740139404	0.5488547245508653	-0.727841361213406	-0.6996121879349338	0.9151615522972966	1.418521870991566	-0.8407921257243908	-0.47840889351383653	0.7266555676690839	0.595672081112742	-0.7357462788547183	0.7526183521167875	-0.4803342348983197	-0.8705883419263245	-0.10629250849782121	-0.4549930336050444	-0.04066383507803536	0.30093739766149846	1.666787939063706	0.818694027410546	-0.6201848948313475	0.9764949718384461	-0.9477111535905297	0.33122421686246795	-0.8975885698675379	-0.3370890159089503	-0.4332391927610296	0.38011792495276914	0.3151175910321799	0.05946831584133138	0.13821709988915765	0.47097409548403085	0.5471063478902644	-0.39094494113285116	-0.48865926659037495	0.0996639814458255
DTXSID9025114	-0.06184013528030834	-0.7582977922053203	3.2358189832696005	-1.8866857456288522	1.528087775514293	3.5778215821138577	-0.7996208134212632	2.263479201726916	-0.35357594596691994	-0.9781912486699931	-0.4671768631784767	0.5841473205850904	0.4815248149601614	-1.383723512591728	0.8934193792197677	-0.4343391033708677	-0.5350475771627432	1.7706079797205685	-0.3149981670430425	-0.0991729801977868	0.6228822020079291	-1.3416193303948543	-0.6877695385545555	0.2749664571455765	-1.6691912598627452	1.3326734993255707	0.04686626139534442	1.0467095487050646	-0.7320412971597555	1.3681159266630407	-0.8426658002095218	-0.5128107866313971	-1.493453898767611	-0.03404685719765007	-0.07869284696343773	-0.35514629704611883	0.24835912563151327	0.3035427955123763	1.1197070270217597	-0.009980057471318455	-0.030566854470136885	-0.284067154550445	-0.3537085028099981	-0.4443228209518238	0.7167923327552289	-0.15267715497154274	0.3684420984354201	0.4460234450104297	0.6570533049100085	0.46662355277121953	-0.27647210883188034	0.22984007246022015	-0.17774413230304373	0.16451061955377164	-0.0527126212862758	0.5457382228430125	-0.5308863978289513	-0.8184948571378766	1.035126060706496	-0.20374554610009057	-1.4180458014126471	-0.20187411472264533	1.4723739287422128	0.5246717035687644	2.619328802469442	-0.9272061187978625	0.25684821350499015	-1.1851911678432538	0.7193601532366949	1.1597628489779073	1.3192629676672323	0.44080163952861445	1.3018178955238866	1.3432046093295726	0.5776190104970452	-0.15835934295359577	0.6002395378860883	0.47974272411781466	0.7492323060342384	0.7767311803160285	0.3789817081475084	0.33572434797105916	0.16403347216605818	0.07289474024240321	-0.26267261848757906	0.2911142813322029	-0.45088173932180625	0.4961793820811417	0.4210415344910209	0.5263875402110337	0.46944983076073404	-0.16396334299783927	0.2205150723568316	0.4248690617795596	-0.6801127406620452	0.5018597110363882	0.2647053728408394	-0.7027676213341681	0.014642126067686752	0.3897243020199541
DTXSID7022833	-0.7625654717745097	-0.7805836697648766	-1.264476781516469	0.2720928982729448	0.12337216654565418	0.06554677553395864	-1.9086302390280672	3.3996655651201397	-1.2933210543388065	1.0668226913421186	-0.2672360337426866	1.0895461882331179	-0.7597990807985181	1.908745421872373	-1.4087007522547197	0.6563082911063344	0.8118785810734925	2.0389682006395473	0.009952967680034284	-1.3089169576826334	-0.6659426135895502	1.1535106317528974	0.10125282556910896	1.8399169424731188	-1.8880972599462678	0.7239743183942426	-0.23573469941551012	-0.4565997177938533	0.03277879449250132	1.2106063758167704	0.0053197060705653864	-1.017054132200256	0.41518055819851146	-0.5570147229541771	0.5935262291474127	0.38301356813265225	-0.031087998972391638	-0.06313130647128312	0.4614545508321638	-0.7457675994619732	0.07093331467648274	-1.4179343762504708	0.049387409259064874	-0.28740550286684047	0.1885681343327701	0.06811383003817832	-0.07389791295366406	0.3140661272464326	1.144803930086337	-0.5121000734326896	-1.0326711045498513	-0.6972988498042849	0.45928430072482357	-0.07675602053516525	-0.6840807023821875	-0.3074228854589229	-0.49167468253483637	-0.2933502267337469	0.15918142854536269	-0.39246380982947415	-1.0666358274957675	-0.2843172139992862	0.34896030494373487	-0.014613257821527413	0.5362093200161366	0.788177222560369	0.624643347392973	-0.5258342510509149	-0.36438382175974976	1.4932688668107719	-0.8657779105942798	-0.6393386032686273	-0.30518589154266185	-0.37365303418444107	-0.07275675089001178	-0.8816672450814462	-0.06525366079549351	-0.23397972953786147	-0.4764628958339483	0.4298917053049018	0.04026079831501914	-0.4085481581101754	0.3194368225707833	0.21035369863915704	0.006912021624421962	-0.5738192283955902	-0.02562515165921167	0.03426024808584909	-0.22829099178273002	-0.5026565602454279	0.7462001630276542	-0.17467049204102827	0.4101208350418243	0.2348876791096293	-0.5029833849275739	-0.18747358618872034	0.21625416635269626	-0.2917574071788632	-0.12709213607647604	0.4643427620731002
DTXSID2023729	7.740868609185414	-2.4748195502306305	-4.5828734120470545	0.06504436070548704	3.330410056022348	1.0463608311762556	-4.884047560298334	0.8348745507108518	-2.247669444689103	-1.5497879664596117	-0.3824222718479517	-4.423353266705759	0.6671122805216674	3.5869367672882877	1.2455376665501678	-2.4051792615014205	-2.324938389668121	0.019840461427459176	1.1749402185552753	0.7750784314394727	0.5774842969309322	-1.5330909054002955	-1.2835819780242483	0.9650667862562922	-0.6608326926441014	-1.3071286816168661	2.201129842872694	1.0985371463095615	0.7627763078650779	-0.48234578430559655	1.1787243578130164	-0.7833773055402505	-1.0012529514795172	-2.2010029517694365	0.47904325853619245	0.5552190129185788	-0.24298975971456857	0.14834818650345896	0.4640153940348065	-0.014761335796758758	0.027003269659042026	-0.181773006048282	0.4799562025724668	0.756129753388948	0.2950015907323445	-1.013133288604832	1.30335659497104	-2.597058552525266	1.4687666212331507	0.4591179040077096	0.1851522041237343	-0.06019543999489045	-0.09579906806624343	0.8591455997492734	0.18562640036592964	1.727182825357218	0.7174824359314285	-1.7753160111665804	-0.28535724729444145	-0.23765327586136514	-0.08823376007617632	-0.8465479278963062	-0.3324060143819868	0.7980754539445506	3.4114546834138824	-1.6162518647650732	-3.437510682012396	-2.417322806713745	2.2049654230483147	0.385000267685464	-1.736135526926469	0.47169059481307335	-0.7110621304346367	-1.3555225199640029	-0.9926129017988199	-1.02147698637041	1.3251869970047356	-1.127308134466792	-0.060137085745923795	1.020702784836584	-0.9877049191924941	-0.886568698883369	0.060385842030505656	-2.7902871734540104	1.9184396514374418	-0.6597247449992766	-1.7744935081510638	-0.9702066872185643	-0.3828499869369507	0.2869972470219515	0.6738692999583665	0.810284508963413	-0.2613379544456466	0.024532018902513993	-1.4025645468115264	0.8757434681666638	-0.11082806915905297	-0.6603685442059261	1.1576382314877278	-0.1743636873664854
DTXSID8023395	14.225362480088558	3.7555650711533732	-4.391015604013138	-3.3156533234694616	8.447085309710225	3.5142933416423237	2.5563461241044547	-4.3548349666021675	0.94608408099316	-2.220277843637354	0.6714898106804268	0.7526934466641183	-3.605407268334149	0.513165264463614	-0.1342923250672396	4.217649050243753	0.9573336691463061	3.229869339181275	-0.49251428994632473	2.3192996590371244	-1.1733295038571279	1.6047809368529702	-1.08881959597893	-1.7548579126003496	3.058393160034237	-1.4698524317748949	-2.137401485639866	0.9932016297634794	-0.5408395399503144	-0.9762873850291592	-1.9696814527602535	-4.505565387262103	0.527568853574618	-2.2931021100379803	1.8712621989989082	-2.607077429199974	0.7088875421236653	-1.0508380922808005	4.154906574021617	2.225178532363166	-4.022463321515947	0.7553984091882926	-1.7975552420426892	1.569235382217512	0.21160600204172483	2.8660295396478817	1.8246780878293978	-1.682046023166358	0.41421340830966374	1.1743770068063284	-0.20337038687277448	-0.852678326466171	-2.0269158780908727	-0.14711247616052045	-0.8031261622501834	-1.2881648190389283	-0.047762280680494186	-2.1619466894965296	-0.9178392644818928	-0.5957577292453164	0.05155238430099711	-0.8581612863010812	0.6054144973872413	-2.014840759485596	-0.3775621076904789	-2.2203370338418997	-2.0529942952811697	0.4050772936628813	-0.7594903419759673	-0.6476427205964442	0.22233280845403766	0.34384937990910086	-1.8168522349549279	-0.5887121514954292	-0.5711399530122313	1.1211184043770555	-0.5389399474840809	0.784610643429344	-1.4111558719744384	0.2138558507974585	-0.31189594897146283	-0.5792697098774579	-2.277123808002626	0.7740211071721472	-0.007615720538451311	-1.0854636953859818	-0.3489548682730969	-0.08181899929467047	0.34636076818169675	-0.06328844540786759	0.4401050946010643	0.2285431028605131	0.6039762998378341	0.36911613785147995	0.21403009439330642	-0.08679335340641313	1.5883511618601618	1.0084014042144782	1.059515573701693	-1.2373370545453275
DTXSID4039235	1.526384617607532	-1.39852035251253	1.064409144625305	0.6947002094805698	-1.8521707299273886	2.203432119680004	-3.0017768685344928	0.654799777140258	-0.8993737442358752	2.172623166389495	-0.09378184003814792	-0.5020358696269019	2.0595253085748673	2.069007989746129	-2.1409403399529205	0.18242517879524978	0.27327036945840966	1.8458891325049847	-1.7382527804080719	0.07430412733075824	0.10099634139007677	-0.8946438963833272	0.4564863086458773	-0.46653519250353687	1.2843450525584414	0.3746968924222022	1.639222924269278	2.003850811193733	0.9739592148207795	0.9976709093299484	-0.290897422146355	-0.1996804439380765	0.5238881623485636	0.9996019632501332	0.39557455066688874	-0.26422782360339253	0.32697101496426034	-0.3891724565802132	-0.24570964617218838	1.5218180520369289	-0.3302791228716681	0.3322985383162578	0.7594590183621467	-0.5347042439061069	-0.0658306207516031	0.07607961648483068	1.4582960617129452	-0.46089380723603973	-0.5971912714727263	-1.6503008282509912	-0.3920299957598161	0.35813898773065866	1.9282572897746864	-0.32780840503694125	0.016967675885382696	1.344135113280555	0.6534599503289049	0.2649728382544015	1.0619633874020085	0.2945053872466336	-0.27219296548676375	0.6085014615207057	-0.12382621317587432	0.6842718078730997	0.32955585512539237	-0.9514361651395631	-0.8330208588150924	-0.822363975136496	0.13060522429548113	-0.028704354002152686	-0.42714919495480697	0.7181404144328772	-0.836443570929658	-0.24780940082883146	-2.6550111429602015	-1.290730337220923	-1.9171151285460373	-0.5389780746322866	-1.4055788304407968	0.1059569148746183	-0.6113424869059743	-0.18444319300232762	0.39826900877135224	-0.46304055451725207	-0.7677875744366722	-0.3102996983874457	1.061095768493486	-0.32075804876132985	-0.08258676962347361	0.1272504406662035	-0.6021681728126276	0.29920813384630474	0.32788618745621073	-0.5048833289613731	-0.24019089188427722	0.42523043637391816	-0.6690400719760999	-0.2553392152893974	0.23582948679556634	-0.26215371549297467
DTXSID0047822	-2.351804568492852	1.260940732472703	-0.747811217860795	-1.4955767450057704	-0.4621817109644173	0.7500516555656401	2.6809811126997953	0.9396616747992524	-0.8401761678353	1.0153515135195714	1.0969332324645262	-0.17947612440193783	1.0240065972972485	0.7280670444671717	0.3551194542113122	0.7105172329308644	-0.8085676002902719	-2.1249695773140274	0.496775625870797	0.7151867793936582	-2.8751494691257706	0.3795985293572319	2.2149386682112207	-0.4399458170482256	-1.221353701026006	3.2531573511065877	1.9956270590569432	-2.4919052171929628	-1.7366771985358183	2.368978109855835	4.372873449100374	-1.004725117794664	-1.6162356212609612	1.3603184608413037	3.358299990106132	1.028391631067565	0.06383033501327877	1.4220335547115912	0.28513980140068446	2.310022013415156	-3.278825432676618	-2.985776900957293	-0.7461339343944825	-0.9993777664533549	-4.94846271997002	-1.321436305959093	1.0588524421881929	1.573324487647336	-0.540477387411668	4.178062973395395	0.7310886555828716	1.0774868413668006	1.037778692752304	2.9683539868917013	-1.9408243760822788	1.166525979021693	-0.9384435179301535	-0.11114648537235709	-1.265732085924436	1.9390846096357854	-0.09414358964284371	0.10250174370396067	0.9142616980117934	-0.5044625812972173	0.4271669681668768	-0.980804498960227	-0.4079390296995518	-1.6712307522480379	0.9107336945620838	1.2966200119055291	1.8123305789625137	-0.6198113385654495	-0.1031989636975653	-0.7059432178888704	0.160241233594391	1.0716355454825235	0.37961263957175	-1.4254135055080028	0.13004504992270638	0.5427362909466699	0.40669831892658487	0.48689825527108155	0.7042882745474819	0.08945835588996778	0.4811936893935027	-0.4033270695795461	0.6072300291333398	1.5787630763313858	-0.5884540665234226	0.6643371155790754	0.35295907109456026	-1.3171693083301672	0.36633930108505364	0.09548429614594736	0.20872887770036597	0.3049673244422264	-0.6435041400644372	-0.2950254338820461	-0.0008641178789181006	-0.06457962963138043
DTXSID8024234	0.5452162030781897	-4.282212601061729	-2.4365821594740407	-1.1374344257005826	-3.734936867290025	-1.3278127499080152	-0.5175763459064855	0.7432200546735953	0.5485965145037688	-2.476569035973313	-2.2677363848486514	2.8306885380711435	-0.6300998368159677	-1.5490952809749325	1.3105450060150956	-1.0474651858816566	1.2174456818542139	-1.435743039970484	0.8975429066071684	0.8636856191763542	-0.04973418281609601	-0.3007211767394559	-0.9027104823288897	-0.5296582228144273	-0.29657231852856075	1.714143424998233	1.729909593375444	0.8885016409550172	-0.7718555646577759	-0.5410312501325067	-0.22664254019097593	0.31006530560090784	0.10149460934369108	0.058783935687521494	-0.12887503034998876	-0.21734542011185212	1.367071798906623	0.42278024701827904	-0.06853226022577168	0.3062458492720114	-0.4361247751232348	0.1265979695367961	-0.08516526854029133	0.015042405492579722	0.42490048249229356	0.437013056114118	0.5338152701929386	-0.4033018539675917	0.07970624666331538	0.4115512201683317	-1.9101062596801504	-1.717911951763546	1.6819804931939846	-0.1402638661242557	0.9863382911912352	0.12065662361168548	-0.2430114461743891	0.8644763416486454	0.3605989786414873	0.3537964986055463	-0.38369188982212754	0.6800041331028789	1.195746161062733	-0.3004692417791464	0.12271235185328482	0.1579247800185925	0.7883821845433036	0.2937543036753572	-0.3792500195453352	-0.00011563132790988152	0.08021339239381	-0.4033004717929674	0.24293529467555847	-0.7853382100591944	-0.5514270867719836	0.32473886717460076	0.6979199937732913	-0.5166636511541967	0.7878301825541378	0.7127307500620316	0.5135538607198883	-0.6527370393099469	0.3578972759953247	0.6649559007708373	0.3690670007675856	-0.05864341102599143	0.9201529699318809	-0.41734479660467133	-0.4289964328101965	0.9863660397823284	0.49311042657811793	-1.1955190837150185	-0.10355746069918499	-0.2864057308319922	-0.38966027951171467	0.03132102310795337	0.25440346937005515	0.34836529697918067	-0.043331871644014655	0.6550118299381545
DTXSID3046532	-5.120876439862698	-0.9175776853619086	-0.9918330885240785	-0.9511291542063733	0.06630090099546908	-0.2590373415196451	-0.944031348693776	1.1686218167137867	-1.633915806328359	0.31890209916141044	0.05214798106749756	0.03493406736688057	2.35541181738287	-0.6822643332814184	1.4817651651978971	0.9653385254655048	-2.1707452322318184	0.03439170646327387	-2.9551029639180344	3.9527631812375406	4.477807909600105	-0.2706882116965699	1.9649542727234997	2.5751790184256826	-0.1453219356810161	1.638044420852422	-0.7101366931682854	-0.5411773526713476	-0.4072243109059601	-0.048301192168343166	0.4479129848753717	0.08484315892674167	0.005712905816848478	0.10631683956387762	0.44254469065040897	-0.7956544459913425	0.14806130798204412	0.750097624409867	-1.13156121387941	0.5817564353894785	-0.23407904628569184	0.44028794559700185	0.320876654357913	-1.1887272701452334	0.4022715463461412	1.07995923422551	-0.47407305533612837	0.3121191602663547	-1.1867293308115638	-1.1432737212585322	0.5396174064737315	-0.7314352512073783	0.5827389869114565	-1.3446214242188692	1.3252836897998215	0.9966827809364596	-0.7423942544646087	1.4181368433705048	0.15705568371291492	1.420496171222856	-0.9973557403674805	-0.7697734983380705	0.9237479627360267	0.3740095491071887	0.8194509825028631	0.06240376893816376	-0.9157665993946846	0.28656964678298497	0.21717968543086646	-1.4530371014932923	-2.04029782628395	1.0134762273953322	-1.0615300273959005	0.9299834397366499	0.5606019570625338	-1.4707489609687507	1.6771558433347677	-2.3199775222122243	0.9205621497648442	-2.9857981955157955	1.8083798460081824	-0.5692912649712639	-0.08375762372811099	2.4227248884737005	1.3013400226890108	0.7858444426873488	1.8035534752418543	0.003805714960441515	-1.8286165086008495	1.1219170201589153	-0.6520677432743783	0.20220690078507603	-0.07387875317876849	0.014729448470262646	0.06329958109387318	2.291611341992444	0.6828705174220686	1.1037754855232091	-0.8227891055494049	-1.2467103690220558
DTXSID5020449	-4.367051635584442	-0.29727133040574105	-4.76090549142361	-0.1295065723963488	0.9834190222379009	-2.029708157359781	-2.7373612579825655	-1.7605086771175655	1.5212292228000057	2.0776952178609833	-0.44098513593796596	-0.9298861076539813	1.1231661561300876	-2.2075512963969315	-2.27523479717268	1.6781664095461561	-3.061284397931779	-0.39414678163389283	4.569477301938023	-1.5990597040235919	0.6893259262001589	-1.4411698711280767	-0.18510767938203593	-0.24468295114008018	-0.11349461083011293	-0.5846688593136777	0.37271400023237367	-1.6918995238920957	-0.9766659918738859	-1.2273322088184637	-0.05773858852792587	0.2807084811302842	1.3384362638439067	1.103007424998337	-0.9500624880713858	-2.418866742884031	0.10502717243813106	0.11903038518515624	-0.16681753553183254	1.206735859737912	-1.0375316849773748	-1.4388649507216575	-0.07893311490560367	-0.37843750408313	-0.4625386552857671	-0.7298604443241353	-1.493492000653447	-0.42868667286808826	-0.9283829563442882	-0.22851445593361167	0.3491539306605695	-1.1199390151932964	0.3466794178899185	0.11750714450783883	0.07276238451791017	-1.081390211780963	-0.38318578680526194	-0.09472088672485697	0.19653256294932167	0.5654077619044268	-0.465382600128471	-0.47768070760577563	0.22416486646785758	1.0166273411016047	0.611693582199412	0.3010040616153866	0.6381641505106734	-0.39734366502099	1.4623266436542026	-0.46291319328440694	0.06499029266191904	-0.015875490687668446	0.9070715053660332	0.10654298701797028	-0.011524940090445628	-0.2089543422273942	-1.0086048380581634	0.6826386671067063	-0.022924501971506594	-0.7260476573743426	-0.7340551873496197	-0.7168222405873595	0.5739021624148485	-0.09508821015556293	-0.40026955864040636	0.18127649170489504	-0.3116480828483115	0.8928626691202272	-0.14705903348882995	0.3208407400769125	-0.4681850477856286	-0.008831577440186585	0.18738549754298098	-0.08231820002954209	0.06331356970939374	-0.3544475656533027	0.21360714690753754	0.10029301896873083	0.5055508464413012	0.06743563888698888
DTXSID5046279	1.8409104089561255	-4.779438378883001	0.2925225433083558	-0.25771886047445614	-2.902618109589182	4.149137842962239	1.0192723113238809	1.443692197457743	-0.8918489143618717	-2.185253466752489	1.1764007018096128	-0.8349643690926845	1.197821991917494	-1.9364708732756999	0.2824127958368857	-0.6258846445163775	2.175124572065584	0.30176948834328887	1.2132465474395513	-0.9354504562599248	1.1378291931342284	-0.2570358162047243	0.2428213191656889	-0.553432563206088	0.23562624853376168	0.4808136103883328	-0.7098145596039287	0.5991433611659174	-0.42571770595671843	0.6235506932266588	-1.1452342695566822	0.34389323097186436	-0.11088471748758696	-1.0290071829796528	-0.4933086640592148	0.556726168945835	-0.7056516169473868	0.2420605868181843	-0.19786588922995976	-0.9314667899523101	0.8607154136288993	-1.0278631466486672	0.01677983304889881	-0.3717271438582891	-0.5259790268697746	-1.0703691301171574	-0.4195488087387161	-0.10933217852516068	-0.9209055991377911	1.1370401233509984	0.6590711527510457	-0.49673394627755996	-1.5072746434544462	-0.5956124540083758	-0.00569518888661831	-0.5594341239613624	1.1765423784801747	-2.019275795688969	1.5443191474337208	-0.2733890531572414	-1.1112902880090776	-0.8466436365342309	2.21919945805248	0.22363735947925217	0.41716170302974964	-1.3311610197304713	0.2766847882287318	0.3371508076401185	0.4802432009038594	0.24279424784711967	1.7290386340850272	1.0678800172261589	-0.8531624561572992	-0.7180253845758184	-0.5931959832221269	0.6958698604579642	0.04664353242059746	-0.4820785601989488	0.4532167556175369	0.2907039591130734	-0.6882242499957076	0.3271454098416191	0.5389144760324973	0.4591406686411969	0.2939157125521355	0.7604026570805751	0.17477288795074514	-0.0714248719217476	1.5024631308801837	-0.3169551987508398	-0.03798503623520734	0.43020236328960665	-0.47838862165475315	-0.7229539016752285	-0.0147412461144197	0.7197206297359221	-0.32925120435473737	-0.019026768614671428	-0.3830464584726685	-0.5526623265988319
DTXSID9045398	33.97890269221498	0.2621110939888799	-7.657215884817547	6.698107960987898	3.141223529539757	-1.7441563641726403	3.7964955892612426	1.6908700328594364	0.5137164368620685	2.969504865628307	1.9680807935515214	3.2598598122092333	1.177169578690545	1.8471480628709955	-5.924748279899096	6.402856297916541	-3.723234230726281	-4.057520380696633	2.293773690057462	2.8351052914548305	-9.759573081027435	7.829234255758232	5.607179435066796	-0.9459908404491758	-1.9028344729200586	5.654045882552077	-4.239343795751146	-7.130298411628217	0.864989237672657	-2.2850031172072596	-1.7908580706363726	-7.186544584317237	-0.3697986413574773	0.7115222259460843	-0.9691382081875355	-6.857411249400219	1.3518635090725537	-4.373784585730888	-0.111998757743684	7.072567188744954	1.5572965498602105	8.391020610084942	1.1467775516228536	-1.1271330818149417	1.2883736622238677	1.8921358469911485	4.9479164428856635	2.9095680459875446	3.746112993822784	2.1223466364860086	5.1617581637632535	-2.2787299455580823	-4.203358326596005	-0.13727246943581745	-5.406181287526668	-8.939188992267075	-0.13473865980487226	-1.6971636514779045	2.2774109890891925	-2.8328919542368522	-4.715981951116337	0.3715712212768982	2.1752766831175947	-1.1750053602838963	2.1968979558106576	1.938171838779953	1.7904969589357798	2.134069243962574	2.1024178970359975	-0.3392381207519832	-2.484283786238285	0.16965895954473004	1.2795598158197299	-2.6404912346483136	-2.9798267202167295	-2.35285978900486	2.2517395016965978	-0.1603188811113951	1.8468935010624827	1.2957997196428768	-0.34972855788667734	0.22006479714576604	-5.299006995820889	0.16161876681900017	0.13850434725857252	-0.20472123976613693	-0.3269521204679875	1.5215673558521394	0.22177763069223239	-0.9390807979577543	-1.149923291979213	-0.6989865749942776	0.1657564812270313	-0.1785207438860742	0.42633641555512886	1.7557390601550558	0.6721830082604616	-0.08049196215122859	0.528774767115436	-0.8118115023049587
DTXSID0046804	6.515901947605487	-4.899543969183199	1.2657906945015978	-2.0937393298377986	-3.463430270009964	-1.1572952341501477	4.825142484767473	4.10517248135638	-0.7841720924018515	-1.1073773022396007	-0.8454379641784308	2.1544593461279087	2.7249316381296893	-0.6789589812293996	3.5416917933836007	-1.1806114516185275	0.898124355276279	5.741703251258224	3.1881992971704083	2.350881481423072	-4.816122051711712	-6.807003137996214	4.989213638612837	3.3107213888050695	7.1197100569361105	-1.9898360935302324	-2.3620976959257867	-0.0886730051428865	0.3466994094551867	1.1905338345153642	-1.0092277597774797	3.3618030301732	0.5250243232361689	4.21149330628099	2.1633554158180797	-2.6917075096257954	-3.7127296789966064	6.887447739876711	1.6263032545548342	-4.268955630999406	-3.8780470193057504	3.8621669079721346	5.312839252686246	6.512597399367473	-1.5152688171879838	-6.616353712772339	-0.9988442623045994	-2.9791040817481145	1.1744581547328827	1.7609066432538383	-1.057021311749559	2.1413129795645163	-2.2541287536570165	-0.4593824490502697	-1.2632540317646892	0.010990721600011664	-1.7293279279641667	-3.283839416797173	1.089634263185021	1.8586525278307082	0.587584170869875	2.60042384532553	-0.1767313205522557	2.8315890032498245	3.631903816201695	8.290728939689792	-1.4311731791679116	5.650516248356596	1.9765357989785	1.508934986011617	0.1304191612005698	0.396521094678574	-3.471608138130836	-1.8724842047073436	1.7977421773844917	2.8911793970371678	-0.19555596183316823	-0.5493386599680706	-1.2060933696235119	1.0938356825567002	-0.3367311408779322	0.23115303763374265	-2.564177682116617	-0.02166167426343218	0.7129876473650242	-1.282442817846193	1.5399171850545152	0.6696757982951043	-0.034681864735817185	-0.5583311610452739	-0.5692275848682367	0.6381242442202592	2.468925697915158	-0.8973026946249125	-0.004339815509338015	-0.5249307675216848	1.4649628705262112	0.4135563932147576	-0.4282596031640658	-0.0713150792936544
DTXSID0022060	-5.332674511674312	0.38981324893230684	-1.886170264484115	3.2208663733510967	-1.851211878014505	0.9850714577313776	0.7998578389168189	-2.4596217702701075	5.189807662498367	0.9599625777749297	-2.784663470610961	-2.3346991260755514	1.1986142533805408	-0.22840449777795643	1.4895655492474091	0.8217116777745108	0.2936489212318788	1.8522493654532284	-0.3457847520282792	1.2821768073981812	0.10158535508331767	0.14770415821387903	-0.7438337148610246	-1.0164940288372615	0.6801168904591577	0.8562620282378363	-0.30518276318770593	1.132787145298333	-0.7233923934504005	2.5001699248999727	1.990423072313403	2.6451039212356036	0.9410332081096312	-2.3293189658556837	-0.19138768785859223	-2.116310700642674	0.7934967923524894	-2.8578693475892623	-3.993892916039377	-2.431581498544761	-1.7906991845387483	4.317131738326563	1.974374045776688	-3.2669692320655717	-1.969240608366617	3.8300116003988225	-3.0524499678092116	-0.6384937973762385	1.939958651401976	2.482812557035752	-1.4596736054654393	2.695842860468906	0.35295281280457785	2.5940978956220406	-0.48140065452206265	1.8031844244312973	1.3150196992492729	-1.221332694309008	1.037378803010126	-1.5493147063763517	-2.375479884857581	0.5298928514257586	0.6871302741078166	0.4829143535276818	-0.2175508643149733	0.17394648683813463	0.25279792983727195	0.18438235577187373	-0.6334714744110788	-0.3335154208554857	-0.8736777974370472	-0.029521623294380767	-0.455319082402327	0.8171316756358978	-0.9032547516226732	0.1930746187538286	0.2695736506202738	-0.5576123154534122	0.08329403953818124	0.5664529863537815	-0.7016246684708546	-0.5532282433625033	0.4489795722580704	-0.3034757500937111	-0.804212481034724	-0.06011290405261044	0.8366129896387992	0.03974762177497496	0.8862327183464601	0.6024857601977269	0.08145406908872373	-0.3061617692126473	0.2775460197682778	-0.48606048424119996	0.6559470463161002	-0.41597499223415085	0.15180312861271764	-0.7696093379058208	0.011034860764359404	-0.3455603670406015
DTXSID6040662	8.847850117476748	-6.475479352630626	2.17976602116931	-3.104843434843566	-1.6045349224210337	-1.275207652104119	-3.316899356908625	-0.9530989680621166	-2.367669025053823	2.5336692013459587	-0.743416426562262	-1.5539838371635482	-1.9113086060922169	1.8700993013207834	3.8637768138498494	0.5681663417301234	-1.9412056735280758	2.292196226592518	-2.679051061143809	-3.3198611773124522	1.6467634325544707	0.6816825131668844	0.39380040792967486	0.7447498482787642	-1.3728052795889554	-1.0112870991638143	-0.1058267863305346	1.4748314893188341	1.5590932131805175	0.7946315208252939	-0.3179956949749709	-0.4733879004686046	0.9984170627172728	-0.8833436047033453	0.7180288855506239	0.1324514347662602	-1.0760688687273057	-0.8698538719375579	-0.13933083773398391	-0.04422970572427721	-0.40305047427050084	-1.267000778045172	0.9802486453313276	0.28947979758463266	0.34430278096015793	0.8123056329674485	1.3190779752837065	-2.0429060301003625	1.0173764302079886	0.3041354845235947	1.2249860709956912	-0.420529299436896	0.9775310712475721	1.0822955700000192	-1.293818365365598	0.4370670455616029	0.2686587181570723	0.3421165765165992	1.9718702457553792	0.7677535116078367	-0.6273230045237029	0.42078121546865616	-0.7379100837490624	0.7170424734143308	1.4497822160980924	-2.281738209262684	-1.4669377239029138	-1.0709223517115136	1.3734035370671047	0.9007129483497273	-1.1350854365567793	0.8661136255940334	-0.12332802983660414	-1.8385893706935632	0.1391759047192014	-1.5383685831510656	0.5976440870999087	1.3270469811218404	-0.20303039414634713	0.49481731120047906	0.5685145287238129	-0.0776542594686753	-0.47331894995089435	-0.1107602731330226	0.8008529220977969	-1.513520240551955	0.10357208433563993	-0.21178645535338037	0.12878541459052723	0.1528497483005508	0.4162267296083781	0.29149466502094357	-1.1238464104012083	-0.3559044534810017	-0.3042992011788168	-0.07277383113376094	-0.5436924175582631	-0.37612362918879094	-0.4927695969661321	-0.22756696433691073
DTXSID7046259	1.587141963917322	1.752600123387506	-1.5365351419656486	1.1279431858216786	-3.0478035438735405	2.791839152783084	2.5821972697449125	0.6761914908231498	-1.9551824040991164	-1.7661202668307627	0.781537977271808	-2.3573438924924313	1.1756413589329322	-0.8812329540632384	0.047089138325674136	1.49416331749684	-0.38197671218734297	0.24335980720317238	0.03097714069079916	0.43210248524457495	-0.7505493453338409	-0.48749848917696237	0.3099121343462834	-1.1404880204729249	-0.43452014412020495	-0.41213203833289114	0.706754406145638	0.3532669387974866	-0.814067807929389	0.5872911741524091	-0.22305452419661614	-1.1004410896716703	-0.3659029683536633	0.3107238212767764	-0.3673218675161738	-0.2957004218334284	1.0932323765978822	0.3704364204122543	0.6092632023443993	0.5279330438980949	-0.038486579340719654	0.5141886615390334	-0.7579800247056014	0.1798981654813215	-0.5343535504840867	-1.051669263176845	-0.0020062072314318046	-0.9113106726992166	0.8464635948511366	0.7733530408937094	-1.306361459124962	-0.39100169253290695	-1.5479588513890652	1.2791667250439034	-0.23735629498231894	0.6505846456080454	-1.818237966556191	0.06940612918444483	-0.48591682679680054	-1.4469277582814515	-0.30391590815721004	0.32270524702615494	-0.8599384300593175	-0.1291085124523492	-1.0180339899460007	0.48608919894085356	0.6640107437053695	-1.1882754694163835	0.36078950329612136	-0.7074196594563574	0.9880731628349774	1.292134510909964	-1.2569330141577575	-0.3537337500875859	-0.5516056134523376	-0.08469069998969057	-1.123371181937709	0.6257792056794916	-0.8659472299499542	0.4068758865808453	0.35340593746097954	-0.8402885461436703	-0.9103356057196096	-0.5962397259413994	0.8632467477448528	-0.9082312643541718	-0.3644567990905711	0.07971175230227519	0.637207276225263	-0.3918498026483133	1.317889663787352	0.33587609382884975	0.4302572877180079	1.2704730530117074	0.16027392252045958	0.6612894606873984	-0.5699618165031498	0.3016143278414603	0.8165901234295899	0.15579442047099618
DTXSID6022345	-0.6357154523398368	-3.1654252407787706	0.8058608093805434	-6.171117696252309	-0.8623304345924112	-1.5438781282847056	-3.598759096501175	-2.2275135827231707	-3.1943846532670577	3.9695737513583707	-1.9067163288304723	-0.3137814818411591	0.1433892069685974	2.1775442411914647	-0.5370401572607981	-0.13111403193478552	0.7218065161647859	1.3211191986500386	-0.22058299771431616	-0.1502178533992772	0.3206454012708078	0.20552148962959718	-1.0526776146425234	1.5611596353049724	-1.2262845466647296	0.5372272352869489	-0.6208380430029447	-0.5057753849279292	-0.9270388947134088	0.735764771301351	0.6081103602738517	0.0072101366590397375	-0.118294462683435	-0.19111063554055518	0.22834255764556466	0.8810502433451574	0.31215815113404616	0.5675483320246056	0.7190257677704973	0.6710466148881972	-0.4272741601367406	0.5182754197122087	-0.32471142894775906	-0.20221960283513013	-0.16840369357186213	-0.1431002296198592	0.11494378804279266	-0.4347351909060779	0.9375324469236055	-0.6057289365837205	-0.14757402862565092	-0.42104081127547277	0.14991179810851576	1.4518675408884776	0.6434553993468528	0.21361584254278632	0.2754815808790921	0.241524376065797	-0.4042935530767497	-1.4655290786691462	1.194280899129813	-0.4162235170588215	-0.29651169885460343	0.1897710751759338	0.28372161186488204	-0.3357390898772498	0.35824618513718887	0.9915028398611199	0.37599434417916655	-0.6784850629365116	0.5927169459437912	-1.159177673901452	0.8792937571082363	-0.6948200980007535	-0.5442430617326626	-1.5932665468026395	-0.1445221775639494	-0.21272983418092475	0.11429424667264623	-0.14859617637743497	0.07943965033231463	-0.569142255641795	-0.3110961171679045	0.22979265847391048	-0.02891862134739638	-0.39372712617779754	-0.03820202687031275	0.3490501271334606	0.920606841844166	-0.7000900706022668	0.3030312422089297	0.5330472894486007	-0.6644014373810121	0.027193316594819144	-0.40363940135876564	-0.03143632348892873	0.6848948218058789	-0.22108368615559815	0.33374938116114694	-0.09295821058579376
DTXSID7024532	-7.29942436979745	-0.2445359355054112	0.4986803478104747	1.8823571770173342	-0.6550492379354741	1.9207861237669734	-0.22042201111025522	2.1673960657883806	0.8743530919333847	0.6788661196748247	1.2996834413659095	1.695049091946247	0.5151568555524026	1.2123905954483774	-0.16466201863401203	0.0999253248470381	0.5140871455751658	-1.0817065104820318	1.3668839510357793	-0.28411450283843026	-0.18179580633247533	0.5765494398038813	0.651824348800618	0.0032619445358537274	0.4702663687595953	-0.020599505232934974	-0.19065406193527284	-0.05783521009965541	-0.4814064784726154	0.11035411127382001	-0.018512790221742764	0.4814780301335223	-0.3123023815973395	-0.14727777651449162	0.4501636633788379	-0.08150398596114881	0.11361623599666418	-0.31052146958622745	-0.08663244506269074	0.026484987606636493	0.11983857794974062	0.06782706686057409	0.15791406644474584	0.44776760088744166	0.33553893939241286	-0.3983610048321782	-0.6330568953410468	-0.028619948423082336	-0.15676799352887613	-0.2806870459757678	-0.220217022656394	-0.36307772059306354	0.13184500147834316	-0.3964591212007835	-0.11174420655654117	-0.3579720916905633	0.2378289247759007	0.39759981898630714	-0.23247686683751745	0.07651118591207337	-0.22132555924045036	-0.0653882846782094	-0.09626026413809846	0.8641118410370425	-0.13166315526185307	-0.6095680761836744	-0.21282744687419292	0.49516808963477726	0.44171673120949584	-0.10185614610069134	0.16921600362331643	-0.0747510055416496	0.4554477247965995	0.030871821254498374	-0.20127858717193278	-0.006373341349729383	0.48378624257172365	-0.13827003727817755	-0.16933476053878577	-0.24201522310408538	0.2948281471863787	0.16482504746781884	-0.10038357270860025	0.04500930672434993	0.19838034753158354	-0.012788006558808093	0.1628616472327387	-0.14865450961605992	0.02747220730370934	-0.1610700331090303	-0.06933764587712085	0.0542733790938483	0.13081076204425607	0.2500879606601717	-0.15484655013560578	0.022688774007420625	0.155502471906047	-0.07996669294824008	-0.012000142298256909	0.049260391752237266
DTXSID3057640	14.509542662058939	-2.7270223938248233	-6.482000750273264	-0.5943629073875918	3.523406602095154	1.502531320096699	1.7335313734066162	3.842635957169585	2.694239025199623	-2.1918425243184325	1.6644025410183014	-0.9536640053379354	-0.4250039186403343	2.1186535887188516	-1.5217310253588587	0.3896065794125426	0.762530733987897	1.4735903797858874	-2.265722380077563	-2.390367948901196	0.5461341323097388	-0.0431169568705564	-2.4579837292932347	1.2574447771790433	2.9919399216548657	-0.4983100882285356	-1.6136674295991207	1.6117749299553583	0.4953950215965302	-0.15950511222464372	-1.1845733637187499	-0.3738694159637942	1.6693368456617	0.3567148339648513	0.3274361463239123	-0.8251212441033624	-0.30617017820109266	-2.28824631199952	0.4196547643981479	0.2929452124198393	-0.7894903859170003	-1.33387774431727	0.5275163255242469	1.0987650912805256	-0.4293288776832777	-0.33561650829022793	-0.16248253475325458	-0.8299109237586202	0.5280737973731204	1.0568422630460719	1.085288123979071	1.2348473833705262	1.729270749196184	-0.37130823775271343	-1.230046155155771	-0.6308235213646926	0.12547271219986228	1.0924674710655253	2.469929127361115	1.91864495936445	-0.1316041665003886	-2.3477887402949675	-0.6493539878148512	-0.5916939187169278	0.053700645869724915	-0.6417070803560313	-0.9783332281443663	-0.04351305931065385	-0.14498068323982105	-0.7044566004375038	-0.3678440837686157	-2.006498555336101	0.3912523225629321	1.1206953813740894	-2.3478673460978055	-0.8129511652248663	-1.713979795817064	0.10761142986159561	-0.43727987790069	-0.8894217621608717	0.10852485053068482	-0.45491692572928333	-0.9131797805935932	-1.0619837705541457	1.011370863378915	-1.215132024032674	0.9873018133306162	-1.925057227039765	1.6552156953132267	-0.49750786483580195	2.0214715706668867	1.946339294070953	-1.1382612707306066	-0.4489971903547258	0.47794791104210316	-0.8838009046640508	0.8266526084368792	0.4240318293339731	1.7568841036798866	-0.545566454404512
DTXSID7046883	-2.931638876324135	3.0389807969065785	-3.72309986769899	0.4439575255371161	3.488304713380404	1.6467002859206958	1.2364948348735232	-1.247212104845962	-0.5857439834795914	-2.1020214787077456	-1.5071324130748627	0.3937999214071206	-0.8461916760957703	-0.7745676331275831	-0.06758538232740421	1.8499481717240651	1.3634172902295218	1.540805446206919	0.30580289829882523	-0.44281971437864387	1.0282008905677937	0.012665069798744549	-0.12260745062023805	-0.3334377496544996	0.5816587444630208	-0.6379767104667189	-0.240703145765201	0.3787570192790528	1.1535560904290862	0.6198325995486542	-1.2627802822556378	-0.23491645836238945	0.717752157089957	-0.38596747982633683	-1.1643327729140327	0.9174706587627574	0.8646632703328742	0.9395015010659312	0.010304267726526912	0.7506657133242435	-0.8591023766950993	-0.24861041371114143	-0.5529100072842962	-0.5513167781598939	-1.711360826521229	-0.8369832528261522	-0.0481686248823885	-0.9442215187967681	0.6647614358954924	0.04247283600306874	-0.39222672167674105	0.36472939728916565	-0.7699335800825264	-0.38010822450446374	-0.773988312737518	-0.894920730378942	-0.9211277225254703	0.5622566893450976	-0.06135742625277408	-1.122116557931676	0.1469944928231738	0.8552656992297092	-1.697145536148522	-0.4686877790128596	0.4759145470355046	-1.0575636447722678	-1.3005161724926506	0.0638588427092963	-0.08027936467795914	0.08601842515913997	0.9365295021501147	-0.6061205109188117	-0.5543401136996717	0.4838644982837329	0.2558529824637903	0.42991513353563793	-0.6145654740747636	-0.27002527809902227	-1.196083288694096	0.06929812384634888	0.16643938233400682	-0.10305001998315372	-0.6535819135234893	0.34368141438414623	0.6839111545419088	-0.3512082216462909	-0.46881829253197105	0.20982173904341003	0.6432618872578969	-0.5086906195891032	0.22396030037982956	0.1774559158044253	-0.1792067464343374	-0.021290152396001925	0.03229971713281493	0.07253040603406652	0.1403842657099255	0.052611096981885055	-0.050501491136300494	0.32479833286064935
DTXSID4046787	4.7757399179133655	-6.437828494946694	-0.6226152149548804	-4.255511379916789	-4.725261745531347	-5.690635227228753	-0.35400129272227027	1.5145103278649488	-0.5661380170558711	-2.340205095529143	-3.608571784121629	1.0699200277274141	0.12291615808851733	1.017406907418319	5.606726690553362	2.199860435966176	-0.2828267039289995	5.566604337543069	0.914782796348036	-1.1674555865880343	-4.5091573569519205	-5.658760690105392	7.728671399700961	2.278193204382674	4.574416164235622	-2.6727510356463644	-0.38710557036855914	2.041075679442158	1.1002755754979212	0.3159154008845788	-0.29775945449748886	0.30077918702733847	0.5317723928533938	0.2570343014484766	1.0812477976832746	-0.19339378254501796	-1.7383334021714991	-0.33815997493758626	0.43026634462838637	-0.25162810455455037	0.7764201335896828	0.11376383029041802	0.2832251636893963	-0.4445894418901451	-0.018243898397828705	0.17497720776602343	0.4205275782788367	0.10255683389064987	-0.04111852286472053	0.5168091699378775	0.27403791641170216	0.6113060714152173	0.3236271935737412	0.6247437068247762	-0.08960142086110466	-0.41715441969305506	0.9720837738714512	0.8035748031780262	0.007180971084381936	-0.1405579216447443	0.3442380022093426	0.4387828622599586	-0.6551800737385352	-0.4906774559595211	-0.013415736000280946	-0.557875994851485	0.9842699627545092	-0.34303962548977374	-0.43520575482838264	0.7475735419987225	-0.2320283521612759	-0.6797667572721471	-0.2958468120477841	0.7213876042032203	0.8741875262129734	-0.8692987468488536	0.7405257411846021	0.2869629997546216	0.11549734287609195	1.1562837441157727	0.05514536147580096	-0.8004843777595448	-0.6799884739752344	0.3908538360074254	0.2577725339981758	0.8114804889359244	1.0551481002526106	0.015304552887667607	-0.43596343897965056	-0.19115362805427263	1.2519025192288942	-0.042604789568598714	-0.5052446248979201	0.3392322067400313	0.2338499089228949	-0.8187438273107749	0.12507660678084187	0.4712729239328508	-0.19814660680168142	0.7002719646184196
DTXSID8024866	7.745774955611871	-4.642447829814105	2.7133753863752905	-2.9319270339773036	1.7898815990737365	5.802256199019012	2.5776359596080463	2.1253857503786584	1.2550160831868018	1.0890770618999124	0.4202764807215336	0.30991291715222685	2.880605839266519	0.7028643385490887	-0.5028028535951962	-0.8290262802655557	1.2846129353035232	-2.277745285381806	-0.9439261158435713	0.505566983099222	-0.7669058400568549	0.11434480966424007	-0.35066166199876136	-0.004600824008771977	3.10596958125543	0.595202298374784	0.22021020417226753	2.1963096700469356	-0.6870483630641255	-0.8307411930184595	-3.4423508754365506	-2.1720164479168016	-3.187428423147155	1.7400973832191757	2.3650320555757403	-2.8776070590639238	-1.8194047608431008	0.23320228839532675	4.210890013722261	2.1417199603490937	-3.6790638294470908	2.6652220058097673	-1.6078982193496627	-0.10428099857260684	2.7107764647490553	6.571363056020146	0.8746585841629019	-1.1025047791361957	-2.0723597251328374	2.19030293069906	2.8226172737710296	-1.1814365267678726	-0.29203291831947353	0.340436577094546	1.5356977438451216	-1.294052549922513	0.5871377775354885	-1.532402887751813	2.1919387191976503	-0.5175875809166833	-0.894035321692557	-2.22554986450677	1.3658249328598788	0.45322780436505433	2.734697113930174	0.4344990790302208	0.96753561285867	-1.168905168249924	-0.5396264379824226	0.036079539836421495	-0.40897255787358655	-1.2117209270712213	2.2721331280758714	0.3442704045704501	0.9969586850832316	-1.3407040254279203	1.0825469237409995	1.8113395945372093	-1.408754617320744	0.07802486067574564	-1.7659840285031936	-0.3989340079327867	2.3514620161457542	0.4366469011587797	1.1431339547279997	-0.9953233101685913	-0.9610341433175694	0.17322575072753763	0.8718469654217814	-0.09805261888838718	0.17577009459462106	0.04221052351588144	0.7039966089750178	0.5628353880673013	-0.1808628175448403	-0.54236200765336	-0.18698174231471834	-0.0963795273045565	0.30010571673804287	0.3997739460123339
DTXSID6047028	10.452577744013814	1.0402169633662242	-4.899852947386441	15.757682033386523	2.4706691987960387	-7.333811695404447	-1.0322700635961297	5.431531761717345	-2.280255487475991	-2.2124413731755874	-4.666401709498892	5.706562719964355	4.064340121076112	-1.2419836499201515	-5.277015256408906	4.097758712996127	4.069604117891233	-2.187797037290691	-3.2051464103337164	-5.8799643572136375	-5.324232103168941	8.460520189731648	3.9410236828354064	4.047551471641109	-3.007828912542411	3.0930580461515094	-9.060638500786297	-6.025943480491278	-1.8069578380476783	0.13065921268577646	2.556278515633611	-4.746878033069859	0.9591929643294307	-1.3104042532795834	2.253084440086683	0.5027905342847084	-0.8266036250525562	0.8140915697199047	-0.2760340853936992	-4.971480915682878	2.914029187262699	-0.9446426124722814	-0.6166633701817431	-1.8311199114713141	1.0089403665488417	3.7797629512341113	-6.3640594326753614	3.113705552251207	4.899164964559115	0.5510266531410278	-3.4835159365701096	-1.1205720398123595	-1.9309958585915141	-2.3753818419656643	-2.596525419420885	-5.292432659214244	-3.6248366009048847	1.0253146718321273	1.8673555140054794	4.114152536541178	-1.714814215913066	-1.8203741701439258	1.4766655388744592	-3.335906870294844	3.3897848779418753	3.639206601962633	3.013532510733946	-2.119019216431307	6.934515418655807	1.5497539591244383	-0.34114022817649015	-3.2511101756041554	3.746847220092724	-0.2784436971155242	-4.52063773954329	0.7331880012686866	0.839921846417401	-2.621254965084549	-2.1454555470640724	-0.7594597933468068	-2.6108382313973952	-3.190164149356584	-1.8536483665232524	-0.7223949861362471	-1.8753204812254889	-1.7470247155247745	-3.6252946812687505	0.6153974166025081	-1.1242065903466678	0.6779165711059439	3.2542697362157305	3.0550175482407047	0.6473531354657863	1.0061664101979566	-0.5355629665876975	1.624100213258263	-0.368312143430479	2.188692594558997	0.3042323984119882	0.14617005135825484
DTXSID1057749	13.134361751913676	-0.05914621956651635	0.7930701882873362	-4.9437427719463125	-0.5775939048318205	8.310832003293367	6.277721550473205	4.49317858243199	-4.236804518336598	1.382427695272983	-3.4791703335779722	-3.575176189869777	-1.629319651078806	0.6047370990161515	-0.905094518873403	5.77193867760828	-5.2976658753131876	-6.188475241130683	-0.730455069626951	-2.4071792523240187	-6.329646014791816	2.961940552425718	1.604321850356257	3.452758344059839	-1.0253482667642915	-0.4128738766852018	-0.926496324888098	2.4947877768060613	-6.452281019580572	-2.9624674528979207	-0.9325821573741881	4.548769490048561	3.0013980390467214	-1.1191981947593272	-4.346971663709021	-1.5248268084093761	1.5228080471851952	0.44120769029449897	-1.4209094933329132	0.24400743590865337	-1.4075010477747085	-0.02535550037276971	-1.1453769243212688	2.8871279530995877	1.4926242658076314	2.8277277022214	4.2668540105844865	-2.661355011324454	1.5747083904225856	-0.8910455132584415	-1.4005382289968509	4.451853794521275	1.0636202074417178	-0.9339826205940318	4.45324200342629	2.1194310701667596	0.5430737035805842	-1.2921370491369202	-0.23237777915796282	1.791624719478818	1.5227815008688577	-0.23758824754762195	-0.22969577324558832	0.16908264541509796	2.5154563598145607	-0.5221652386533538	-0.37766421433442393	-0.32768821910796686	-0.2266568632305252	0.23669683693041554	2.3194183288177816	-0.5059254358261058	0.24058094209397934	2.847619494894465	1.2644815548966335	0.6469352436245583	-0.985134552189733	-0.6558562576354855	2.07676718016093	-0.6221058792085359	1.6216191046568864	1.3085545208876732	1.2177836118358845	-0.38704688338630255	-2.246948825554047	2.4731120745004307	-1.670893551171658	0.274110311696591	-0.110327782842722	0.5387915085807301	-0.7978891858573816	-0.6606307519465818	-0.3401155134582124	-0.40366268730447236	0.17015652632490325	-1.043688284909066	0.5851937712368509	-0.002373126493046713	-1.3789810058273615	-0.4020701789956749
DTXSID7026231	-1.8743511710326897	-2.96132096220326	6.787650626751016	4.863046320318062	0.7458297495884596	-2.96393695888964	0.9811055691843447	-1.4642471423981445	-2.5568820692092955	0.7919142156101209	0.5289271728192788	-1.029877374001002	-1.3409070414610949	-2.0597409194164698	0.04537919898178812	0.3179230792398297	0.913794979629167	-0.9681552904763453	-1.4793838483526667	0.3776375899755784	-0.05730215489695562	-0.20897266248582835	0.2241319877237432	-0.0027952707301541735	0.8148080922384718	-0.36921866923871993	0.3110954697295559	0.351417536356246	0.025426798832846476	-0.8427284798344006	-0.15749811760127208	-0.020717926305869976	0.6239563680269348	-0.26565278563274464	-0.34259914615122006	-0.17582889133520935	0.471017554860177	-0.709315165668044	0.03051629901936727	-0.18211741655156052	-0.3907467595885194	-0.51651924514366	0.6454483379854673	-0.8979794197161308	-0.19873857401993672	-0.5786289072297356	-0.3890094280695896	0.04496889672883412	0.03069894240587401	0.45986700101083533	-0.12477421752963762	-0.41579884988379934	0.510994260530416	-0.8012761180280726	-0.7148529298744165	0.36802890608219374	0.03507828177433901	-5.119437081001407e-05	0.42968940295691777	0.09015218578419751	0.13118622858256426	-0.7896548666269676	0.05542256006896678	-0.0893299710899068	-0.13224711588450372	0.1488447279136084	-0.20550202521437969	0.4596013167113059	-0.1542651492587322	0.2903288352375175	0.32088587879780334	-0.16119176555070933	-0.4361969370720999	-0.7255085934643167	0.4811745737357977	-0.416401774337457	0.2635622539149271	0.13154748121975257	0.27343257224765327	-0.13259531703743982	0.03541349893867722	0.47625114659096096	-0.4187126687206118	0.007884464270509933	0.22451896125188284	-0.4009344611067738	-0.36206013626491335	-0.3874841361965759	-0.698479063676614	-0.28268696645129654	0.12315409229510382	0.029027353342095996	0.6131205680084882	-1.0900531894083807	0.781684603508176	-0.5538873213432925	-0.2121166729614819	-0.31687880499018595	-0.15804901975762084	-0.057831511550000436
DTXSID3044461	-3.744589407998649	6.031799548597531	-0.7044603774274972	0.4082780394504575	-0.7727569369596242	-0.8352584026478371	0.2864238919265855	0.06537973687056506	0.3163188968961697	-0.6504137565897167	0.12978766162927402	0.958273609192317	0.44572048416334203	0.5275513825783188	0.3827239423372542	0.1856676630999587	-0.20153886594094214	0.520456961306325	0.04638398478849996	0.007900236681828718	-0.7570048176918645	0.6965108560911208	-0.30820717900050765	1.2430234091266636	-1.6625056876592432	-0.3849509624474422	-0.6521287389275576	-1.3131398166036183	-0.7177731575696183	0.4824611736262744	0.8239008191307263	-0.1091608633041825	-0.8186139644171843	-0.8723922275919312	0.3367087017978371	0.6286571689054332	0.4635436122091939	0.49619788274458776	0.7918647522248465	-0.470271826971739	-0.37340007110713397	-1.4827867994604667	-0.3557415003558876	0.008958309374845205	0.16699223643129568	-0.5353813849826199	-1.0428382450717235	1.201906729479337	0.7159522138460723	-0.5124265265498843	-0.1436559267301284	-0.07367361070356283	0.051828685338263	-0.20644732763898332	-1.1732737654496208	0.07292634896045236	-0.006795890534690375	-0.14075938746270175	0.4680416221401921	-0.4893096473916371	-0.9662510106032306	-0.8782540780888463	-0.1398386304587331	0.946852910503335	1.6942496944794174	0.6999975543678524	0.22932024862399125	-0.17119246625772166	0.24953545025028503	1.6923878024539825	-0.446587545498316	-1.4848196007783352	0.6815869613854968	-0.565554879653173	-0.5240381004002934	-0.0834990231515187	0.7192857254714351	0.08659052091837588	0.1573229396583737	-0.04086562249299193	-0.04392790529755886	-0.5458724824734136	0.738890798099535	-0.6749813132296476	0.09616538958702872	-0.403155057267624	0.9486033638043735	-0.2730366508925132	-0.23243423657709503	0.21717959380056803	0.6383791224432684	0.2010276943769394	0.4165148145643127	0.26307834138376246	-0.23532029684206227	0.710433301789876	0.16595448370674132	0.11961936089950127	-0.14175247010061498	0.29072034158827126
DTXSID9020740	4.975524455771442	-4.335270634539743	1.078249874854366	0.5067812167515034	-0.36788074359732953	-0.5964307836268447	0.7726080444040406	-0.3592843616703614	0.8970254223631908	-2.054009549349176	-0.12224948919198204	-3.506389147268512	1.12647211455366	4.643922909092797	-0.697047115499331	-1.436125109511535	1.0077664544518425	0.21140569602457535	2.3519191470359853	-0.0664848802518286	1.3210751898845061	-0.6569435638699617	1.8919027833374475	-1.3019450410708702	-0.14542087636584872	0.2143443668291148	0.8922736048936898	1.5973787148915344	0.8201588267362864	-0.30508250274744925	1.464762405956109	-0.9845073593926155	0.25328121596193925	0.1531561121242235	0.39758523922764544	0.9433367108822919	0.8895532962355824	0.03173359803647284	-1.3870559353461716	0.2511182488592893	0.27014766691548603	0.7463028398512976	-0.34662858674849634	0.30014213458996764	-0.09371134687526426	0.2569795397007758	0.5929048044104781	-1.8615507968793017	-0.46481858962819056	-0.32412373609463596	-1.8335247359563718	-0.21414445322760134	1.3460983683077126	-2.0614907116127377	-0.819772629228722	1.0835879694984187	-0.23105073206715376	1.2439376380326932	0.0374168304886152	0.16426780076885888	-0.45820299887250615	-1.20172232666242	-0.8309869342697689	1.2604963088212406	-0.5472137625654072	-0.10820723768990269	-0.15016798933742367	0.8022226891076846	-0.12377992327982186	0.3212455220685108	-1.7152454376695032	0.20516583597099453	-0.06645671799708835	-0.3025113538519398	-1.5061254676955143	0.16446827391903848	1.0362380843662606	0.8795941472857819	0.5906430094794145	-0.2921537104364193	0.15948624991279342	0.24261189581440004	0.6291342759268487	0.11680418152205728	-0.1668273686565121	0.16377875238308331	0.8880133433874763	-0.22501347380032266	0.0784765110939449	-0.45250191454516725	0.21287718802540365	0.7336427302345074	-0.11567087103145451	-0.10061346543647536	-0.4220641364566981	-0.2895234579692391	0.31097713727791165	-0.7836746233441154	-0.19477529605965613	0.4599750009492036
DTXSID9026714	-7.087232355416651	4.5520235793556205	-2.3247285434430998	1.1540476530740233	0.4553758757864674	-0.8330720083557547	0.9004183368229931	-0.08816726490073719	0.08351588842590313	-0.5620746293823259	-0.2606972542286522	1.1302389678192928	0.921741694288673	0.24923460864230443	0.006868287574143928	-0.08157914252708379	0.09092123897950444	0.271099699042713	0.48334649678589553	-0.6634335674440656	-0.6607444562058062	0.905801383746193	-0.09063884024722779	0.7413411363671267	-1.0219107489587196	0.225658200230658	-0.4899598823106553	-0.6342751418752461	-0.6478849563583994	0.5252670698648878	0.8081595781386979	-0.564413088244794	-0.015720226519892626	-0.16807231580433415	0.29086814454155874	0.5014488450019052	0.10395957255359708	0.5421834143601506	0.21732333469230702	-0.6473426572007666	0.15719133834002486	-0.7652571130916975	-0.35234531134227165	-0.08316752956491806	0.3541596860593264	-0.03085069453329112	-0.6552849652582166	0.7171364305816367	0.6958267106344737	-0.7386820873275852	-0.2858220755340734	-0.32252006296333574	0.04999825023410844	-0.4787359308745433	-0.8778916495104521	-0.40679141893867043	-0.416582639279216	-0.3117856301409488	0.22305531603586118	-0.050986505885300855	-0.466222459725891	-0.4162473061264271	0.0724430511136491	0.1636136543821895	1.0278805653159966	0.49141316665258267	0.0022556659628101016	-0.04858012020365251	0.5001091350370854	0.9986420726750248	-0.5903105805613721	-1.0553588862229382	0.6331035521027308	0.24238976015352068	-0.44189350046501685	0.28935526679857465	0.12297944107685176	-0.08206139121891454	-0.31288447519157137	-0.16431669547890232	-0.3200712137714987	-0.6976890540971027	0.6229223021283244	-0.19920504676449474	-0.30725974729407596	-0.3276836502925422	-0.19424244873374433	0.37480562035359266	-0.3828891608641611	0.169989853140297	0.8391828902826608	0.6912128221424326	0.3515662566738937	0.04999739201731713	-0.4516921719638695	0.4487371101287286	-0.17026304613523105	-0.07154103870466147	-0.13561895619007375	0.13565591467856886
DTXSID2046915	8.341574260466308	-0.8347929275180829	-5.60663062848196	6.536339305056397	5.31738877708926	0.9528126090210534	-3.1770472533538436	1.5504291244025616	-0.23502778844841418	-7.591831625887654	-1.5494253650958636	-4.586168533764379	0.6709483329905063	7.67451298816406	1.0865931024852258	-0.5604085101221479	-3.3947021251417215	-1.6431783818576544	4.069271420761236	0.4574003571155281	1.2392514303306281	-1.1308243938420197	-0.873809233179496	-1.3232493119128352	0.31735530854902644	-0.9796975275369619	0.5697058203137899	1.6953534502955772	1.211979556021084	-1.7989951598391134	1.2605422254249252	-0.4013515482066042	-1.852672751002407	-1.7119937380547385	-0.6224269678488262	1.629718291324263	0.906785053683915	0.8857624565195292	1.482589327622724	-0.2285277708006419	0.33719075980549407	1.1158471997130626	0.16712454766757814	0.046627555016129224	0.02186124367265105	-2.824785551341155	0.7774679965086613	-2.1296268114748065	1.5372680560397973	1.8959056072527687	-1.6733415875085058	-0.26286842327442733	-0.7758776693940583	0.598733038499179	-0.7874262449424041	1.5592870034725719	1.9896208763521024	-0.4067279699598913	-2.394840917557795	1.195438317416828	0.228357760689542	-1.6393669954565067	-0.11883402905418197	-0.6700285825719856	-0.5472757934871008	0.5462073732777775	-0.1154700091133433	0.15151143779034493	-1.7282370547066896	-1.0794753476603312	-0.3578296349489268	-1.101382597121835	-1.594689712494514	-0.9013810318665367	-0.7388120038234557	-0.43689117808740285	1.9893492837504214	-1.9496098123903263	-1.092486961218205	0.22313312818669162	-0.6202591710895156	-1.7079435342573972	-0.4297850482302825	-1.1494729933218613	1.7527149826595114	-0.708085969609715	-1.0629967865776535	-1.0754364083109698	-0.039298991277595584	0.6436033641559743	1.364544224973075	0.7183680860280334	0.731868554655908	-0.2823543959647711	-1.4975731810143305	0.6107856427432766	-0.43459887139525244	-0.44280817853152526	0.7844420652153136	1.5955699147755869
DTXSID8044620	0.6896445942612099	-2.0098488458224484	-3.679799429600224	2.6605554898770514	1.5009695714305504	2.7463601765077623	0.8421170398595148	-3.567780989185322	2.4702106904769776	0.11923422738265566	3.936138146183029	2.5917868087289415	2.1084750775301786	1.9986189723743983	-1.1281957298376661	-1.1301955239917036	3.179690239918598	-0.5543804922133587	-1.4860508910404135	2.8644144341825295	-0.10055207355875288	0.564294535139563	3.4613914459358877	-2.087617004385754	2.147179055303235	0.7755873686740901	-1.1788596168695158	-0.16491480109733228	-0.2632549443147883	-4.080601649865402	0.299013610679357	1.7591709543520833	0.5821416226966706	0.15938686661102194	0.32400589578895006	-1.7194891615322156	-0.6720020145732404	-1.0746562808105558	0.046767869739014416	-0.9240699879102195	0.3727059915045072	-1.6348601265706069	-0.10507977267731607	0.8414865119515743	0.8855620028337334	-1.4863680175870837	-0.8400081858988897	-1.653765888652071	-0.8496534293447054	2.800448745680032	-0.594038216142663	0.8239990048384508	-1.8431416390760225	-0.21277286347003174	1.3566229642617886	-1.315434744817588	0.48677602737607323	2.338519168255237	-0.0011695548776782386	0.32274924774930386	-0.768105608066154	-0.20648757469791865	1.4167627725256933	1.9636935303358678	-0.8762678692679788	-0.5371049260514005	-0.7187152114972316	-0.42765752677640556	-0.5222572198074381	0.5961911023227185	-1.1022503470678768	1.1225561085144415	1.3933968801898085	1.0592648853629065	-1.0681638670914584	-1.558346985577829	-1.307935852361231	-0.5306114253617803	0.5105586441123886	0.07016191812638956	-0.04747378148319765	1.182103093392767	0.2972083239471106	-0.43375474672365116	0.4159528211285218	0.5514871576858552	0.6320994778913763	-0.09556982483953265	0.8451176278854236	-0.39477985062651527	0.8823511342777185	0.1288870615261759	-0.23912985183108953	0.5427401463285115	-0.5998861422386325	-0.019435387040074432	-0.03571085361598314	-0.14419519050903648	-0.32884349532818724	-0.19936114603038327
DTXSID4032611	-1.6322264074741213	2.5417079876077553	-3.6569890012510413	-2.4299364524808054	3.4063661352748853	-0.7845429472226929	-0.6535428661790493	-0.3956912264360304	0.12137531156252448	1.3265783912042381	-0.5870323434907172	-0.10983414857773789	-1.1789035082119075	-0.3792562738476406	-1.226838368021341	-2.324174077106002	-0.8782154494406876	-0.981500838353695	-0.7169778280783221	-0.9292199206150071	-0.42066837416358044	-0.6824138256570863	-0.23014630144596876	0.3805960472194326	-0.2119075090057165	-0.6107985650829951	-0.6153622986510248	0.7911656417532367	-0.3683397222229587	0.16110044899369047	-0.764703580752928	-0.038894112550811565	-0.34337527632482395	-0.31460715362105013	1.1504511529551225	-0.023001422057470685	0.08813229990206753	0.34125664456056115	-0.8121927082412614	0.5083138644657346	0.34444761757429115	0.11119178154100776	-0.06479069454816165	0.09995770384732766	0.1791046868566173	-0.46337184634203893	-0.6108606800486448	-0.20833614463586408	0.20413841390491386	0.03898267298241386	0.4947159795251542	-0.8222903422517511	1.2951039676453309	-0.7529851104076768	-0.16859852146699544	-0.7224286174906756	0.47071277593547306	-0.9792705977621268	0.23269914273515896	-0.6347255880937149	-0.23012053689833983	-0.2874557693517664	0.09603434263780757	0.08445398915080261	0.5432062888386857	-0.03279097200389687	-0.38543337786127313	-0.20453486036414564	0.6546459864508376	0.28362207681850565	0.8648686666213562	0.24839951312372488	-0.9356787297252022	0.7217126571621479	0.36397808502041196	0.1805211554786029	-0.44702702432912783	-0.7978234551770921	0.3238299085224366	-0.390972000418822	0.15685647161339603	0.2043239502540436	0.2231950192623046	-0.8396287960344714	-0.19804799323954173	-0.18956305688214628	0.5626194527980358	0.14775340142337587	-0.4456871572671603	0.5590740916810174	0.9474927206926762	0.13419900602067975	-0.8296963326828274	0.05502323900777525	-0.2728070150599067	-0.35036944816732407	-0.7067803447549036	-0.6130719788752768	-0.013686144227457673	-0.21215971723607796
DTXSID2041880	0.021116376164686687	-2.0244395261712596	-5.169742530865071	1.0648966512163305	-2.1078534043162604	0.9179860225064843	4.264719220329311	1.3888220294905227	0.48871457048633016	-3.226604143741917	1.0018197772126685	0.3889103430714874	1.8294380375131152	-0.5188160863029662	-0.48375420476353226	-0.032925114982367984	2.0186364443926283	-1.5723064696899673	0.38074654177684936	-0.4863645354709215	1.0850712793969117	-1.068086646912933	-0.3924704818527473	0.04359651988883153	0.17002254103104633	-0.584655087070357	0.5918631684680951	0.8475626180899608	0.09204019777549328	-1.8972958439309784	-0.2947228587792481	0.4694869292489657	-0.5867302305067024	1.9428736741325567	0.03600480151462815	0.2122671643609161	-1.0263057562293658	-1.0188187610854904	-0.2209470743115909	-0.5181560841753317	0.06870950928501512	0.7502677723993254	-0.5495440870165883	0.6249677295288059	0.30806432875844586	1.1641938432680994	0.25439683398811436	0.1527749793790272	-1.5594303135132996	0.8947401270814114	1.2906807746557767	1.995421032226583	-0.031186468525126188	0.11761418341314259	0.10771355572335489	0.12488691058735586	-1.453181350561385	0.7508035679861601	1.3328296499334613	0.06747233385436963	-0.2886621305772091	-0.1973642330674904	-1.5578664540385114	-0.017817252571581628	-1.3992183701047953	0.32189918084730235	0.26930047402388724	-0.020103272646767385	-0.09409937945339328	-0.7521525495333784	-1.576573785655111	-1.0538798700093746	0.10797146404764259	-1.1453979302788868	0.7457580028716516	-0.6763566287793815	-0.6492336623633956	0.12589737601108403	-0.24909540127254337	-0.6460305005654665	-1.6303505323526708	0.712357073457974	-0.2927168497825112	-0.07130962680443215	0.21465790068112078	-0.8894925329565768	0.26721113128854945	-1.4869835522612411	0.345637058475479	0.7611962289804033	0.050535539562525426	0.02445686845920971	-0.3527497393813183	-1.1911281885761018	0.1765984995069505	-0.6568563636816663	-0.9999544872188858	-0.46356031676855225	1.02978386174831	-0.36714835900369214
DTXSID3052567	-6.296809892591094	0.5877468569284064	-5.0857257512259135	-0.9520115222271887	1.8697716487472424	-0.7534264666590088	-1.7341412360105697	1.375431907471236	-2.8006802482430895	1.8348906928051236	-0.5852866909409218	0.5105712115438874	-0.12846480887011502	0.668068649713337	0.6257605691503092	-0.24974422454283118	0.7754496641732394	-1.0981290147794027	-0.23341066800403945	-0.2122986278497804	-0.1501565869662725	-1.3015506572067157	-2.1634270502962685	0.9047270126519791	1.5277257855805808	1.1190907278028481	-1.0242350900107355	-1.2912291358382515	-0.4276446788822669	-0.6009102083894154	3.0283751490698667	0.6207263817146073	-0.5744077130889003	1.8295026197882245	-0.6893473357161125	0.36104032005176473	1.5338532034241878	0.45316188292549175	-0.12351690667206587	-0.38502231997025754	-0.4285153031235356	1.0402796947493926	-0.36572303462187394	-0.5990317953412543	-0.05042067937388328	0.1671111473224843	0.9847200282111657	-0.2761808033180631	-2.122136158941644	-0.14098763580329626	0.4826962948820387	-0.5408404584668153	-1.3204876985985463	0.07340727272025364	-1.755896560545157	0.7365963756073962	-1.1472411453407745	-1.0673525931940642	1.1635194341700168	-0.5744363938589866	0.6084159344692905	0.21888329872688506	-0.33661729870105483	-0.47722590408486115	1.062590703245487	-0.42147875134626067	0.3522451118129765	-0.05213311442431028	0.3888329641356616	0.9349891139628022	-0.13834560258467093	-0.33749752241604103	0.631102917186323	0.6635007008313081	0.2378391637204523	1.1568134214064199	-0.4085506225890712	0.4418905918998087	-0.24434570330446598	-0.11612118208665712	-0.16355000846023834	-0.07938863597549745	0.07859493691941942	-0.2727477666284487	-0.7267825928014209	-0.8322284315210864	-0.1316146773393455	0.8845729862393239	-0.6086045028420135	-0.20173133376374622	1.0255353579681548	0.053217142899219166	0.10673656897638935	0.3785456284666082	-0.7701050553406753	-0.9025431557698099	-0.5658553435650358	-0.40045942870100787	0.3732338550896626	1.18052801255541
DTXSID1044693	0.3534515834830143	-4.124464488951027	2.0281342648403298	4.407588988414977	4.144831685173665	-0.3012534954807427	-1.2354770898938925	-3.9650081591188875	-2.207638510394552	-4.872302372535236	-2.4283328483884987	-4.169492300542945	2.9672633645246203	6.2100167709381395	-1.2320331822941122	0.40797196642871764	-0.9810118296990592	-0.5543664778308899	3.253593479071026	2.8905768766817483	2.004801287246791	0.27416680497781903	2.5447938880102563	0.5799273575849488	-0.6411996315096601	-0.5735470809008293	-1.6861763204191234	6.969569808970793	4.669356181584412	-2.329753657511891	1.8470715230806132	0.4640066610695322	-6.109618252177631	8.420224389284753	5.287779790943541	1.4112468515096042	13.49830642014436	-2.7680546438459817	-5.728572607476155	-2.2834905441147124	-1.599207947853191	-4.029458646762838	-0.00638008473608324	7.711771977460763	-2.3773924109337896	2.056005880121774	-2.859937513813309	2.617610981095	2.5510953304907327	-2.840780904054019	3.5719746142078894	-0.30687725438470775	-3.9402405103302796	4.6544462800553585	5.632513348500219	-3.1873290704633734	1.6643683114968741	-1.067886932597128	0.029524705794572646	-0.5064959444154643	-0.09117712934940232	2.4419942153200034	1.725110843117803	-1.430868423591243	1.6082859420818765	0.46139725445739305	1.4461975965591423	-0.8082624177591309	-1.5051151997668129	0.6411316695982712	-1.034890586408686	0.8041845612456213	-0.1807381648416916	-0.026364007989421793	-0.7832472316693474	0.9384409027713153	-0.3089304385213063	-1.0849768299103772	0.3315383837966754	0.31169944219056717	-0.7300118450820328	-1.9353300135453217	-0.042627310187136114	-0.8925079911365996	-0.06543664329532403	1.4188124514478777	0.8564732633626175	-1.0287608111218172	-0.09390251004927666	0.6032910314374357	-0.5221609849966825	-0.4046004238806588	-1.3243612687683297	-0.012483167947406596	-1.2018312121829953	0.6278558005337156	0.4200205214723148	0.4993905750531746	1.0411880270056038	-0.9653650079993824
DTXSID1044857	-1.9361355610418716	2.486786863354745	-2.919606209408615	-1.4927821692337944	3.3168638861463884	-0.26207465125731844	-0.243556273794088	0.23229032364746488	0.44957962053169803	0.6162067232039709	0.7075135374791509	0.5449841545448506	-1.0845895567758759	-0.5042105300910251	-1.2955397352423768	-1.1958305585271396	-1.3886397259051566	-0.2585656413892369	-0.4526053337138007	-0.5246475374148473	-0.8346516155634507	-0.6442617151159152	-0.293902728853531	0.16304939300373777	-1.0604421334704712	0.04689693949766718	0.6798499288921968	0.7445823772687804	-0.05895186800775509	0.32090661999189984	0.15475803954428247	-0.34213511612693265	-0.266728414482296	1.5289069634666668	0.8722436902428543	0.5418678155126025	-0.3271657308354136	0.652406334423546	-0.5287489832868744	-0.11452089248549789	0.40317782033004584	0.3978123604061334	-0.23220355755185373	-0.9351990516266624	0.6905181639485749	0.3107888787520549	-0.6623518970757653	0.3598361622526548	0.16518026547877362	-0.6025820878981284	0.31967671672227516	0.10904152482592061	0.18498499730881834	-1.4071090605900074	-0.4905424703004447	-0.43168381895419694	-0.00468251341970449	-1.05706427710425	-1.052409001344247	-0.8666558870001143	-0.1419902125310194	-0.9660574289364792	-0.06787287898030062	-0.44219918901103866	0.5362440012797887	0.8721518128768838	0.23778764748272796	0.28307302824820263	-0.9128555241104176	1.3615920197302136	-0.9883325940176918	0.059399640898002426	0.3091267607522716	1.3096095676590476	0.30649935793290484	0.28069186772754945	0.2471377645956755	0.4052545997899558	0.15489861553735526	-0.2578740057957386	-0.3298697320926545	0.6284257600125202	-0.9697762599995576	-0.5406916329840351	-0.2977662228745817	-0.22500523178971635	-0.4889446793621674	0.012798426046928562	-0.5831802518677602	-0.034646794376572594	0.24100640522040687	0.20186786249512673	-0.20238905792624365	1.0257963463517135	-0.89572734069887	-0.1192448237536657	-0.8624101746619078	-0.6189239821128351	-0.4935353686769869	0.09452304651463228
DTXSID4022868	6.063890801491971	-0.745100759716407	-3.029169283498276	0.29151604054057717	-2.537508727415459	0.5191723925486453	-2.2989358726760907	3.5602621119184157	-1.3223701749607244	-4.862671036189374	-1.1637999507696386	-0.3525504939731574	-7.555355080653131	-7.1113803938574485	-4.637813252438747	-6.802594349495433	-4.362455947727286	6.213423110676113	1.2544118057099243	-0.4807967892326427	4.456498908767609	11.915476239358066	7.0617672964330005	-2.2419521699765155	4.018379701467904	-2.678503917184121	1.7453650554095417	-3.29530513233364	-5.673704942003451	-0.9254197000579598	3.69729639151104	6.189794360333672	-4.4021670423944235	0.28992381177933074	0.11411597201568971	1.220520374694652	3.0591477905454187	-1.4552010347396596	5.398359006694245	1.9746687722798464	-1.3370684746560733	2.0609321928158035	0.2104941767343844	-1.5632287933033098	-1.1588526195088797	-4.242183442675609	-1.4832213540186083	0.6088979648932468	-1.6924013984527244	-1.149896951824597	0.8255811367625219	-0.9110677774659756	-2.433764637653909	3.8056950187753524	0.5238027779936774	-0.5826747522226083	2.010618221492357	0.6593984490252953	-5.3122681046961295	-2.6309992477021322	5.409234584864574	4.907521224399952	1.3556985470450587	1.923781628200846	3.3269254301863707	2.4988439576609807	-0.42541716556483794	-4.46232561100995	5.310464263982235	0.16560776440690833	-0.9967745797703238	-5.5293183163122634	-11.167366555381927	9.190756168902146	-5.39797438870021	-6.077911728475722	3.7275133580977737	6.191553945904951	1.8534269165645785	-0.9787447332796988	0.7907475197045869	0.13561528042786816	0.7878507584484571	6.048778096616331	-7.245857272114727	-8.269379683619562	-2.493187579277501	-4.311212864696151	1.5366719056999387	-3.066161688879411	2.1496336086551704	-3.7257590277075714	0.22208893576106034	-2.0537093325671685	1.2623626216655945	-0.39321269846272594	-1.3463685161558427	-2.808113405808217	-1.6687167811137387	-0.8141795935841052
DTXSID30622698	-2.6784001970508493	-3.412762893184277	-5.890576287090765	1.7290558199890609	-2.5281563362951815	0.2750801293644026	-4.142156682674638	-5.258680492931817	0.3754768994319119	-2.595710907476451	-2.4462747293866505	7.40204156361863	-1.5218281048878703	-1.9393641463619813	1.87382962639031	-2.479055084073183	-1.5390495866441625	-3.4384543732542983	-0.3132043088137605	3.219550598355207	-1.7299848841694987	-0.6478728788178866	-1.6766310603031083	-0.12218082127122093	-0.9013006009108215	2.6678629960819227	1.7018774403282815	0.587664176306707	-2.3167064460834994	-1.4874126502422333	0.0660821069732495	-0.03495933087932159	-0.7094343642749799	1.6328424461051967	-0.3758335392947576	0.2868969789560558	2.3739647362405223	0.720635659887678	0.5528766667190217	0.7181572386968995	-0.8397943894560592	1.6725402108906158	-0.19109350807787776	-0.7684533098472568	0.8739639663129243	0.382098411112532	-0.7874173967959298	0.7036077594724829	1.027900791742208	0.2578657549590053	-2.2597268397531987	-0.40850314718694103	1.1066438173750393	-0.39170528728333764	1.0973148654437985	-0.8672099502243493	-0.47971368740414316	1.8419943874776392	-0.8826638365416174	0.11406057417686549	0.5849320130333991	0.8304849492891532	0.6824595667042197	-0.024137940964498	-0.5837924070321782	0.8939560062894402	-1.3214737501295708	0.9758927757413736	-0.013799607565324525	0.5166350423257174	-1.568952938018265	-1.2020231762983689	1.1848567801686214	-0.74710771286837	-1.4587304533731449	-0.3153125056558158	0.01966056773055058	0.6250861485894396	0.20873098426310954	-0.2834622191206943	-0.0841932281050572	0.4500262209919862	-0.3633858589540786	-0.656335859031745	0.539908513855326	-0.5519580942045819	0.21501357300859747	0.9210882769166914	-0.7183423341451088	0.4304672086342564	0.24444459616809708	0.21507270910991286	-0.41633011429285877	0.44256829531175335	-0.14954909010528517	0.18297386169996027	-0.6543220252629188	0.03398640705635785	0.09491101504334855	0.2646475654655508
DTXSID4023595	40.77588259885639	-2.5109044879545452	-7.566846668116943	8.314078011389316	8.258616331581578	-1.0593305809069835	14.118295346172687	1.7629871009219993	0.5869787458614923	10.690888871516702	0.43812708327275857	12.0081651773876	3.3166203522169817	3.2842465419864904	0.8137294735852328	-2.1977016604992103	-2.174657835513712	-0.31934294930703055	5.103592235229655	0.9231612935340832	-2.7991079505263894	3.5591030669940387	0.1846623009607799	1.0442033023334147	-0.8860128186985916	-0.00739306647493698	-4.003247581457931	-4.096285018700171	-2.3877233996751075	3.7077420837788346	1.2608754047377275	-0.48054200989248835	-0.3983315816557285	-2.3616015323561705	3.3831916910928213	-6.193187409505572	0.34796387718244304	-3.474453754487337	0.25036125234718376	-1.7397432075807928	-3.52406994895308	7.313760410330248	-0.055119226114610405	-3.3368105429488057	1.7937863288375442	11.05881344399935	-5.196006470635389	-0.7787948009333251	1.2984811204748112	4.5110637189437615	-0.1753648598008021	-0.736672650968725	-3.4348726653712225	2.877350200525968	-2.8487732148478733	-5.215181310506218	0.7408030867658174	-2.351276171072421	-2.490343103843748	-3.9656676667328505	-2.3300928788523674	-1.0440107399771197	-0.225887588355621	-2.655174809119702	-1.7547900505610048	-4.587121793885417	0.4613510603461902	-2.357940296247316	-4.88353782132368	-1.3670954821865609	-2.9456743595947885	0.10984985723834521	-0.23142522993564293	-2.9973500748787436	-5.698799493909329	-1.0972349845055527	-2.1564123453939423	1.698133240707383	2.3805627503570683	-2.9104861641956563	4.99682800775022	-1.4439810405924052	0.7900181644414715	-6.954915611225099	-5.195653020667782	3.61002661519413	-2.072111299095437	-0.5888527745150293	-0.7943740266924838	-2.4332445831405263	-1.4694433828846154	-5.685685075820493	0.4708335092217685	-0.788693179048819	2.722106224844204	8.14010149161838	3.4862752972105038	0.18525450283562603	0.8046599952119008	1.598572729942828
DTXSID6044486	-5.140242340156487	1.457498353925938	-3.8319149818446014	1.991216562140255	0.1076660460509844	3.3763118719118443	0.706716481083658	-0.07143680028135854	-2.8784095924264808	-2.398257796317252	-0.09135153698453485	-0.15358160940481488	0.042678175467059244	-2.0604204051119117	0.2973028150206901	0.0404862638595319	-0.11793298329106013	1.2069235716692537	0.19180144552022504	-0.2726755034023484	-0.38344908249291587	-0.6754044447016953	-0.9382933096274311	0.4452189795619536	-1.4029540877816324	-0.16503552497277577	0.31109076496761284	0.028465095699082347	0.48896889886618317	-0.25306600813858066	-0.10910369215998976	0.5925573319431756	-0.32025342897257014	0.863699592278685	0.6040649297750798	0.7649822839055703	-0.772646405264196	-0.20357468654055244	0.13941314962021129	-1.1262421024469214	1.0373003623859294	-0.4421509250137998	-0.20656896534456592	-0.9514332526271202	0.2531243221877354	-0.9125271137708209	-0.34110155208056603	0.5489861049682856	-1.189371006518467	1.100490182687138	1.1004614936713937	0.6861235034589275	-2.055695175832666	-1.0557340445422163	-0.7303969012824504	-0.882668056018355	-0.14891516550127099	-1.8647193979524597	-1.4378345492320317	-1.1548972397564121	-1.2311180160748227	-0.2939115212062207	0.28239644249908896	-0.278867082129733	-0.4670671313485935	-0.7134092505420054	0.9309367380307589	0.4291982062064653	0.179589745027426	1.2148686061833218	-0.43412710199019144	0.5203900470737775	-0.8759124546863829	-1.580750235647191	-0.8076156126167902	0.7032562034026121	-0.09081444563653182	-0.5921202040807835	-0.8200357316617098	-0.3357139933367325	-0.38687591465303317	0.6244285970901093	0.33210824928711985	0.18107813774561776	0.8801839250935903	-0.28035734530446677	0.1513656466755799	0.4405338852986023	-0.15589238565758662	-0.7779473267064981	-0.04990685272697483	0.6112298995572144	0.12418257471822963	0.9263358468882334	-0.2872358838444906	0.32935104626322587	0.3674461738432207	-0.10671256743748836	0.058051119207788715	0.10904335470133514
DTXSID6050386	-7.363218299192358	2.7481511302367734	0.9422012219262799	-0.7774934784883331	-0.16380186866600988	0.6657151432011997	0.6753897309911988	-1.0703421124902774	0.488920845185172	-0.3449031410373911	-0.5680858323322162	0.5254203028823605	1.4584065684464866	-0.25583243456519894	0.6246630621772358	-1.5798646988774518	-1.324334936578853	0.49255463950765344	0.6563734422439033	0.16761676408966056	-0.488720994212352	0.6088388487665225	0.0791013662409872	0.2526772709306469	-0.7228094660672205	0.4977190356531478	0.5851305230086427	-0.776201090524921	0.2349768572385363	-0.49695209541306246	0.6613483066479164	-0.33367776741443556	0.199024484798639	-0.06425511424338826	-0.48785315909447297	0.14660277586673065	-0.6231469675970958	0.24072553408121777	-0.38601995811293854	0.15199060542718737	-0.21640093861496631	-0.5936920509413165	-0.30494550782307445	1.0661839917907965	0.7517062727576894	0.4629286771105537	-0.027992756160059803	-0.34337329437677416	0.7318048930701601	-0.5212976935009551	-0.07319839791598597	0.6394679181478201	-0.15059034309105826	0.17801953415150296	-0.1591703201240618	0.16827107940274666	-0.10988858206269492	-0.02428618648465354	0.3837689813569118	0.13585633639218822	0.21248020243572785	0.4047044678998194	0.1358630289196505	0.12660527359172477	-0.3657901539793096	-0.6043045451434604	-0.09735669114815722	-0.06095681495889764	0.115014383651019	-0.25405379678525974	0.6081163816855593	-0.23334083143146434	-0.09199433296565156	0.39519378160358065	-0.08599055435391047	0.3543983781008642	0.026755638940237515	-0.04181288173423839	-0.3791441511166412	-0.1539479036803123	0.0985970133716384	-0.7050738343513295	0.1662726065916612	0.2037201959048202	0.14828764848595788	-0.06349951501341275	0.18733898705777424	0.23335130530850404	0.20563300744362042	0.39972174248558356	0.14873283610528404	-0.24266822447045275	-0.3964486759546933	0.21147512157527967	0.12726945295786823	0.2862789649664259	-0.2520551817462995	0.23451683379674135	0.23710382223935306	0.07772126766669943
DTXSID0022305	-5.611143826280313	2.3003636126647606	1.658969117997753	-1.7936504685764796	1.1691905209169642	0.7607510007216473	0.605185111528629	-1.3402146001052149	-0.1834569823110598	-0.083837839642985	-1.1956714930400947	0.6133902337181478	1.544721018882174	-0.39961981896401505	0.15171473544050254	-0.8779513196293969	-0.9667867083016416	0.7511859916091139	-0.30150165207237095	0.6032924863709413	-0.5806743472337028	-0.35005126583855595	0.01492585250476304	-0.4029161645860328	-0.9382984961870182	0.562828882428155	0.9370927073889153	-0.5861666274120453	0.06187535292157564	0.3151695501849484	0.3388998176486957	-0.09132577337399693	-0.27865915271985797	-0.2835080455133118	0.38310631007582513	0.08314740689275392	0.13658249704721398	-0.2638977308251488	0.25323094669865376	-0.4327801467970812	0.05730795669209529	-0.5842472693518628	0.022203618454944878	0.2923217181684448	0.45959325724034905	-0.46710016746724475	0.45246801539536596	0.33410809395243146	0.34844264064969144	-0.23151724596140205	-0.14307342930139363	-0.1704543979176576	-0.033367878541622015	-0.6446014660003815	0.23448352331133876	-0.5505510918962998	-0.38686141841649857	-0.821431480331672	-0.735269607622209	-0.301275940070676	-0.6330594274736466	0.29750301262482876	-0.04172855785012953	0.3723543773143508	-0.4568311199080404	-0.1259542144393552	-0.0910686721158714	0.010389324193871419	0.1378756358461842	-0.18828389149332725	0.12491550143747389	-0.3069346531509301	0.27005620439090555	1.0566964010823128	-0.0765749941293478	-0.09518288284690425	0.057503898165594064	0.1558346153546976	-0.3263105450464999	-0.269883444339382	-0.40072410508656775	-0.28340484778027647	0.3319265295041083	-0.10134561489895524	-0.03185378977225747	0.1457321450257331	0.15941183407296908	0.06099461451488924	0.1539316749999116	0.1876329797096861	-0.3108372923110301	-0.22424240729658176	-0.012662021498390134	-0.013728712811369012	-0.23627762925076146	0.13051047324123877	-0.06844764449162036	0.2506865236931011	0.3384100614556538	0.13953779458670218
DTXSID0026830	-5.124169373303315	3.2402562871427305	-1.7487074151551376	2.0807299172213436	2.1722517519420137	-0.8074319899541432	-0.0998258243797377	0.050136109266544306	-1.1099205946376005	-0.6723575636355686	-0.606130070771666	1.7250983856912332	-0.5086817629138982	-0.5555840780499668	-1.3745149587000034	0.28892292277455334	0.14684763657856406	0.6734774646215729	-0.7221249978392252	-0.6909305323804037	-0.5373874532950619	0.15435723213288502	1.0305608003755438	0.580361644514087	-1.5611962083112063	0.7431589722961127	-0.6666336966805521	-0.11450821413162933	0.524119689372903	-0.43111542454212337	1.0355565698805178	-0.43460245514328966	-0.4405116704023313	0.8442264735046623	1.2470393673052447	0.20967654663549465	0.6493028466396573	0.2185439052565711	-0.5932473910533497	-1.4823850717864626	0.4527967690045613	0.4040623681552602	-0.05363176480017167	-0.911957680511508	0.8380646001019189	0.7941492948252369	0.02811835702438238	0.8690465687007993	0.16187985038344033	0.039642511176347935	-0.5326943420914846	0.1154536235480722	0.3043866763466924	-1.6692759004246815	-0.9693719303634748	-0.47769044895781326	-0.46990355517094917	0.3365402219081575	-0.7001497347686104	-0.2128097793047978	-0.7688222698758386	-0.6415352779725421	-0.8182555306915225	0.5320738964829542	-0.04100220577209151	0.5526635629177983	0.08804279733059561	0.33311444406583135	0.7650410771951467	1.0812535643039234	-0.7932219855082147	0.3881191399107836	0.6054444517982102	-0.30467694484278585	-0.578375165803714	-0.3796484949389434	0.08452959176543864	-0.4372397813363367	-0.2681098502062954	0.2911156733295811	0.2059101956761924	0.08177500328475289	0.9733687040016146	-0.1427690240367066	0.3949172926389458	-0.3849524789664725	-0.7212504908966179	-0.6165429201231323	-1.0810705727649152	-0.5400420521936554	-1.4060795899613723	-0.11873958485328674	-0.3081395879903902	0.43688619801325823	-0.10141083691373666	0.17946969190810633	0.9360369530096997	-1.4630272079838604	-0.9116433102025183	0.4587573417498493
DTXSID8023181	50.4439419162745	-0.9616861323530177	-4.191676569444043	17.26199138101155	7.4953562512201435	-4.440583336708759	38.44784330688152	8.951735868965681	-7.520059634730332	42.21496633308565	-7.108902968273198	34.67707113464494	3.9090198530541582	0.32846748227650746	8.25522337485402	-12.394978249026622	-13.227602441395119	11.274132263801546	23.435596657902263	9.111763026206345	6.895034875585879	-0.4862510203613999	-3.5056757633335205	1.3124318112386055	-8.760011278183034	-2.7806027721341127	-6.929825886427811	1.8274703655056335	0.49566321833267973	4.465182326886549	2.4709452384773556	2.002996022093146	-0.8446177218138675	2.9737025358205766	-0.014780608022272776	8.80033375269281	-1.1289277059293792	4.4608342454636105	-5.150342919879499	-1.5939689084510869	0.5092260018102766	5.949464549538011	-0.9358382093195604	-0.6622496664847699	-4.043046897529979	0.083425917995353	-1.166489124349114	-1.7588388086755347	0.28504133708043344	0.5243016624855988	-0.4662815692142526	-7.1715474948883715	-6.849032405436833	-4.5690069076021915	-2.3114240302916627	-5.493346595437136	6.2990227969260095	1.637030158247319	-12.102197501492554	-5.346861326453856	6.554099647242073	-10.246186662572692	5.472951288738791	-1.3775589073308068	-7.20058441843221	-23.580022471350247	1.365488992818294	-13.27743664392648	-5.702939262393834	-0.9865237213949909	-6.009872784069632	-10.513530507894494	0.07551521279993934	-3.4610420552611965	-1.9639878453861885	1.7302266008499179	-13.23613930209554	5.695182447409858	1.7118420386492774	-13.196459161477234	15.81151675530782	-13.133346150948999	13.650966885467408	-26.15614215486816	-17.34128498123854	15.53822881819072	-7.24908028079867	-6.071962066073887	-2.462116754430987	-7.019724288285322	0.9832164568424798	-15.228326531756776	5.232796050364362	-2.3260250769391635	2.890076251623228	34.05197223078763	-0.7388770930391235	-0.9885829767374621	5.709858915130036	13.707583618227478
DTXSID2045490	6.262630007499296	-5.5940878328696675	0.5534648553517963	-6.557454536500711	-0.6922797754123692	-2.797424564970945	0.14529082412924374	2.181629843155326	-0.2089958001425101	0.896000949719952	-2.4427347101832164	-2.857690755107026	1.8846652966594801	1.1050981834456235	-1.0926750758799595	0.13067842084935033	0.05897200523469397	2.09370937700195	-0.6700860270458444	-0.7806852273508684	0.5197205334957422	1.2863281353854716	-4.464521614868041	1.1767298511313002	2.378982163949915	1.1274358780410454	-3.723911931593904	-1.3872306665920269	1.2215242892053124	1.6436232720509447	-0.8628338302925873	2.3380321172382046	0.19934675661122503	4.623278516561214	1.6430038115344308	-2.0452699801837295	-3.9819236175633907	6.637722096006658	1.9225217702410429	-3.9235493729116993	-5.471279749958903	5.0232901278572335	5.833236253841472	6.81585129673912	-1.8334179127109662	-5.7673590775862404	-0.37230142648699005	-3.3079025837090614	1.0289702152653035	-0.1274672229590969	-0.23714196444955532	1.430468593858549	-0.10523564152218567	1.059657936178101	-3.096350842574717	-1.2503685701269556	0.23795151250681026	-0.3641058344196691	1.0366454340721472	1.8500537574812088	-0.3479270462980748	0.24746654533773957	0.3003954127008292	-1.3534521792969763	0.626877902780773	1.564226714113286	0.7374140967462259	0.5311772296124965	-1.8255744048474263	1.3548230063797857	-2.0866139812046196	-1.4509216932155928	0.36615524489193	-0.5628261599233805	0.01904530917697337	0.18550489783234048	0.5222711025623327	0.9913845118036213	0.6764633508588829	0.9828358554917889	0.9119434069175985	0.9426568086635091	-1.0838584973012788	-0.34600618336164574	0.04653970349197534	-0.00894982819226285	0.8735029683901794	0.3498053981017184	-0.9364269345422692	-0.438949697978385	-0.38497646768556465	0.33289232680500647	0.24917260927164886	-0.4634307131787716	0.13554255617278269	-0.17554254122573149	1.1901922891426684	-0.7052866255128173	-0.886166488102869	-0.33465442552184593
DTXSID4034948	4.645817782009004	-0.8409604627515757	1.38287290392962	-1.2077723531771754	-0.39650204981692433	5.401207500233572	1.1697530700446375	-0.7686781653436688	0.8139653952369177	-2.433963752454109	-0.07700269608602471	-1.6822456171029214	0.03296889823608748	-1.2635764439057369	0.4210221681868085	-1.0813456053292785	-1.6896986178719229	4.20234964692179	-1.7931107543801454	-1.4877176924902096	-0.737679870288028	-1.9806720162510358	-1.4495823309550073	-0.042211901356202654	-1.5711107582870123	-0.059506575761441825	-0.46033822681748365	-2.9668049286770355	3.2953124457260277	-1.7637757996970425	-0.6471130836093684	1.027757616005005	4.317541671526731	-0.06957448648279112	3.3407084063644694	3.772291214075654	0.7973563517026452	0.5523928164013958	-1.4225685263850356	1.2535932523401594	0.23285059394426458	0.8844322878159437	-1.6701091553565688	0.9888437573148688	0.7052689225294654	1.8171110007490034	0.8485624296349042	-2.108516753734661	0.4236114643907367	1.3698312333510003	0.13461595636307036	-0.32536116022919126	-0.05805897017814204	1.0921349655637445	0.415231710561397	0.20963879436749783	-0.5091369556821023	1.1078345059196777	0.791880570215545	-0.6218114905645629	0.3751853268697829	0.35533755767119807	-0.6948406207233404	-0.04028604016022187	-1.0996109339320148	0.46620203244744657	0.7251308314982764	0.021363325173284233	-0.3547308894080003	0.23305929871363873	-0.7109989631571424	0.3671383498830557	-0.9456654923226493	-0.840384439310999	0.30525173158878316	-0.42974468704593577	0.49611910015469224	1.0720135050220867	0.6027275502707018	0.16240222709067859	0.06025508966397659	0.1448911921379354	-0.022697404251431394	-0.0788382496850948	0.2838064838399501	0.17098873251207952	0.14870383703201834	0.05645235294700098	-0.4738314987213858	0.3312582677222295	-0.9633939741504643	1.145518552097804	-0.06980199272624235	0.50721887418588	-0.3421503040874368	0.0689188404496583	-0.6078387656942933	-0.18869556076503807	0.981968885316975	-0.4556947128263356
DTXSID5047243	43.76132611070937	4.439485342413235	-1.2037261281663019	17.60065699962141	7.062635661840964	-4.892375783715702	-4.001659073436196	4.805464877755001	-3.440307217709872	-7.7558643862837755	-6.848257603635315	-1.5043478087212536	0.6330519601324579	12.032872585704903	-1.8780101225951185	0.7033458310743256	-1.4888282336586083	-4.056853655595567	3.6868340251623652	0.6455562207150837	-2.1799378992961964	3.467658692750522	4.915856144349082	0.895500636433456	-4.871716590316962	2.1891212456789844	-1.6280552440696154	-5.146963374566369	3.2544479152957937	-1.151338445841692	-0.03918430037855878	-2.557725718121292	-4.27640740346179	-1.5971367966282295	-1.9782503039007757	3.3619622691754607	0.6183853949290127	3.225845651447831	0.1967185363202859	-1.2481537104851272	1.3209145584455975	2.931945131892144	0.30559515024598194	-2.491518663717656	0.9516351189247535	1.253270571670341	-4.4513334326207215	0.7300266125822138	4.237061040294383	2.5815220681648676	-4.519982714247179	0.1943060353259484	-1.9932821240598644	-0.28091929460369347	-1.6952879037769155	-1.8670651299727699	1.8429193443166079	-5.064264069231169	-1.226683181527928	3.4121349455661436	0.08164156256778407	-5.658475822628831	0.621690896865542	1.2799911076678998	-2.8896738093547496	1.1887118929557285	3.2123789528175624	-2.4344052613532154	5.977368652802666	0.6801080086169381	-2.5221996830664764	0.2380416689676537	1.4269340843336313	-1.7649379874841282	-4.994916285040773	-0.8017571133790714	-0.007857546636865304	0.9867897706380546	-0.7064347329059641	-1.324936933587834	-0.7437604339945405	-0.030948275914749218	-2.7580928067706694	-3.4874810707943267	-4.145725694983705	-0.8217462891219585	-0.6791994182416278	1.0971496418060114	-2.9325147936737634	-0.4472092810800953	1.586349402333256	-0.31010738993492737	-0.34289147661521896	1.1768914774350605	1.1827390737927532	2.98243202537301	1.4669602023862154	1.5312882993171146	0.5457597220763677	-1.8896531608412401
DTXSID1021378	-7.173131512177542	-0.3319016499465274	-4.069428515481387	1.6863621405765614	0.40790729042371304	-1.6230003150448615	-2.136935175829207	-2.067434975013045	-2.679800471168746	-1.0143718979321998	-3.0607829006761236	-1.2570564410367433	0.41354186016162936	5.338026260112727	-0.3672158060631444	-1.7544637139594068	-0.8189208027633138	-0.5315912858793167	2.5212708246972957	1.1061960705649867	0.3300409335874499	-0.5973847962369804	0.07706915218396343	-0.5853877360229236	-1.1719207462888184	0.5735822287557489	-0.47424078363026256	-0.9746772804009906	-0.47918107600092663	-1.127256543578159	1.3447610946579285	0.15098195342344617	-1.1467601118278024	0.07904746125552828	-0.24777862759704417	1.2011828408123786	0.19354082390106173	1.3023534973234137	-0.35614756876747417	0.21885675439298422	0.053336441037479004	1.1993102756738	-0.17335532559895622	-0.8146038993308841	0.3678987111127064	-0.4006837843071473	-0.3177503157097084	-0.871223979534926	0.09766907108878362	-0.4045884037719103	-0.6023173828373081	-0.751092448563369	-0.1709388551758077	0.1234149933666679	0.7320483941754768	0.3670822531490194	0.2429522225795717	-0.25358898896068915	-1.4716592163441515	-0.06626168282295403	0.21528892183965215	-0.7460636350383691	-0.02607178773045694	0.5487548689146455	0.19789716841233757	-0.29620846188886674	-0.38789019936287844	1.1943246172040956	0.9190578451420175	-0.15948304015333292	-0.12134246961932439	-1.362046955047182	1.0864948718863712	-1.0492655583559498	-0.6423368756175558	-0.5996092053334487	-0.6814408881595408	-0.29141229110852424	0.776511009920962	-0.39185486554304266	-0.8760205091743681	0.18718075718621774	0.07506034318324982	0.5319122931318386	-0.786214949427739	-0.5032668448107337	-0.37824560619034786	0.7897612605334593	-0.06826083196514991	0.11665699824266265	0.08540860129119643	0.34995668167226834	-0.1610262546318142	-0.2980164133326494	0.4652595122965009	0.5593711751898077	0.6776902765629018	-0.18781317503046896	0.6393758407388745	0.12463037996510745
DTXSID0021179	1.1530343179624134	-0.8994126214041358	-1.8834201711083476	2.7818541558818985	0.607481848130866	1.1072958139187767	0.8514450914463657	1.7002917525527756	-0.01658527400981931	-2.054762860023424	1.6748865987640342	0.11139870011324662	0.7043113533248757	-0.8984658290711705	0.26738538283864266	0.6811724122642888	0.9590826447494265	0.9505920442657784	-0.17627674266672366	-1.7971702357911383	-0.20604925231397184	0.10173256330803315	-0.5477970792814596	0.9954490256610443	-1.0968905663457214	0.07839815053856754	-0.37183940074219146	0.4344598496944976	-0.8456737714038812	1.740551126245754	0.18013271883719012	-1.223278225958057	0.045345995557288486	0.34983716300263756	0.40964950935321237	0.3216612486610628	0.8026315968293096	-0.428488934578455	0.9628773115018214	-0.4349708398136524	0.5747763545677271	-0.3593396806002183	-0.7413441847092215	-0.06472111639005107	0.22906339382062202	-0.13489451540052222	-0.4372384268112271	-0.3996954079384708	0.9341962254047207	-0.3675005583191951	-0.705176788924061	0.16549490587210616	-0.7560971609247276	-0.056062927228239044	-1.684962558195635	-0.1906325641650653	-1.8257327035709714	-0.10027913824204253	-0.09958455431405977	-0.43240422314237503	-0.8337617941234203	-0.6611740491765341	-0.21795712763508437	-0.2082038572795925	1.2015299984646364	0.17849560205800816	0.9378254870314658	-0.39587219282937136	1.5834745156413847	1.1657479076443986	0.4362944826575421	-0.43848773587816126	0.2523147829505887	-0.2347445606535153	0.031683078947132196	-0.13184655450337104	0.17132818744222905	-0.24454834470898631	-0.7178388575534951	-0.4741547233530404	0.03331834811055462	-0.6310389348031071	-0.3643974081885453	-0.37550859778735346	-0.6410403819114372	-0.8844592264019115	-0.7353339048797695	0.005610125426096764	-0.5501283611951246	0.2923825648267063	0.5918087826391567	0.2787862857946124	0.22095903810237	0.6649535393501989	-0.5853827564192509	-0.41899301340630274	-0.11933884043836732	0.21140936284121914	0.4182850015659034	0.643480546837419
DTXSID9047178	7.371776206656725	5.629995155880315	-2.1081060189673386	-6.200512974698794	12.939570172331134	1.9148984828993045	0.6971247602016477	-3.9737967484798133	1.4734835132095312	-1.4876190418530941	-2.9164408738551124	2.4152296091832417	-4.105537962751422	-0.7423091468229546	0.5451946299098814	3.569342594541045	2.934892952531974	3.605554133175479	-0.26605532353470074	0.29293468784590876	1.4618983064600481	0.4406166828145546	-1.3904115754546291	-0.9260490821215107	2.1910770521395286	-0.9811538962389499	-2.3225717298827266	2.0222080419553197	-0.9932120070614804	0.6124243713475596	-0.5137344765758934	-2.340058970320509	2.0783566552345	-1.4262522828550426	0.37695228237408196	1.2576619675409417	-0.37333744841569	-0.6672192393729167	0.2520757454351896	0.9132325137445957	-0.27958509857486247	-1.0360579695954166	-1.1578555276187141	1.2819208176556334	-1.5045184247688856	-1.8079034687517987	1.5540892274959757	0.030019790645647842	0.5961856204012814	-1.0677228573852109	0.19390100697915294	0.8919376436108589	0.11656421669753009	0.7356822491261154	-0.3510865416559517	0.867718143797713	-0.9952114522979078	-0.03455361579190118	0.0158639911070465	-0.031680917616226004	0.2913681447407697	0.5949587617216502	0.521572602572916	-0.6987596841541818	0.49075416174227715	-1.3916558064628288	-1.2895661630252548	0.4050406845966919	-1.799169976173683	-0.6040589572088975	0.1932820137059189	0.18399401403727664	-0.2612583033271297	0.1914004412684999	-0.8941990146356935	-0.1450888615618488	0.055826253320337554	1.0722259451982041	-0.1305594081780474	0.11376575859095475	0.14247075214627555	-0.29552097499215796	-0.9845490454358787	-0.02820748351724323	0.3282218936749562	0.26637150190812964	0.7560720280161495	-0.570198722688619	0.698288517046276	0.43618836184635446	0.05165911495299156	-0.8417555248156168	-0.37031336526775466	-0.45728519276394286	0.49199583928160345	-0.5030222456467303	0.6194150472040352	0.25306546462966434	0.298490517542361	-0.8030671374501008
DTXSID6023650	7.420016360440837	-4.333889512500861	-5.781003795393185	3.5693644783256233	0.9522195766668844	-0.25694662269000174	-3.752032183787037	-0.606198846336082	-0.4731636527719263	-0.029050336846158435	-0.4058586143942913	0.5867143275536347	-0.7484181296916792	0.6517348649481383	-2.7821959719554585	-0.5834201279332577	-0.4155482928202227	-0.0823597539819621	-2.357456364373158	1.0277857354329367	-1.744668026705173	0.5412995135298717	0.2478467841260216	-0.9051883515950137	1.8666580566082287	-0.20772074518050412	-2.92185439672438	-2.416044916955838	0.6217484176364529	2.5652283248670966	0.10168771348995842	1.7125878586416143	1.4856614953717895	-0.023307587009083208	-1.3237723064587383	-0.23081583350628274	0.17435311908367998	0.9387742541606713	0.6100159749891259	-0.9036575988354107	1.4214823865407131	-1.5848449836264322	-1.2354621995750357	1.0680505745950943	-1.056648082189019	0.6990392061292824	0.8203960115398966	-0.3919421307276777	0.301647180386091	0.6988585564052154	-0.9563840002295049	-0.3434703369266327	-0.5515649749232553	1.8791522688608933	-0.1564856838150858	0.16624851623664488	-0.8950517601830876	-0.6019044428195923	0.9023268307373994	-0.023966998659954237	-1.4613593861519285	0.1606789249187981	-0.2149918590397955	-0.6458708314722112	-0.49587636876627605	-1.7576266584015383	0.5651141926700161	0.26807290364125896	0.9269193781997216	-0.1400549649383426	-0.6054870007446314	-1.4405485590582792	0.5126908215145323	-0.5392208247157054	-1.0490303195079456	0.6024662517995388	-1.2298826193899048	-0.226688954602534	-0.6181893195140759	0.16302013566409648	0.14424992290611233	-2.463579240929319	-1.3660322593422818	1.1317265452099923	-0.9485341421040858	-0.7898224416934346	-0.8602453310787042	0.5916356246476143	-0.34905509199227913	0.7425929429439528	0.8454354023492222	0.4271461659872905	-0.8691328143144649	-0.19416649707623163	-1.4043489472505843	-0.4744425232811904	0.03548800069067397	0.7944946132078347	0.8573063877971697	-0.03225650691557404
DTXSID4021185	11.414250891798277	9.518509742645513	-0.2840743416375733	5.428141741257214	-4.4450814901132025	-0.9367585942180421	-3.3442588287793065	-0.5752189798839927	0.4413154065767794	-0.39912575444872195	0.028757729829214294	-0.12109147095406159	4.495710933731935	1.334924781862487	-1.9132106194824878	0.893273226054093	1.5442197500974515	1.5190843175792619	-2.6492050351537655	-1.3586126456865608	-0.5941693759384283	-0.3071175945594991	-1.277007916796436	-0.09730847716248482	1.1817472956748514	0.16085986394864776	0.7442798256402158	1.7775432623367533	0.19546272699328587	0.7913786617296011	-0.10897185471851387	0.9542765342138679	-0.8850214743110002	0.9728923219368819	0.30721125198709376	-0.31508906136900505	0.2286494630935696	-0.05238987057072945	-1.0209423223601526	3.125686675045365	0.7549765160267643	0.9976940237434362	-0.46012741838481747	-0.5223362533151353	-0.21991911080182855	-0.2787307567448471	-0.5381902094449869	-0.5830254428488753	-2.776533524354547	-1.2962887413961832	-1.0060210130504357	0.6533408272599236	0.41514660102167855	-0.03544638547170175	-0.28525690905305495	-1.3213958122986784	1.0241260044525045	-0.2588843142983775	-0.1830015940010735	1.4254691513382074	-0.06818517296776205	0.30454566267635397	0.8586806731708453	-0.2722477423795413	-0.4573400319670794	0.17067469536264213	0.21702401716659986	0.7390257900109812	0.7099751336483441	-0.9359788076834044	0.5715727351284347	0.26528098395612393	-0.162463699479687	-0.4125101934694884	0.24330599845155867	0.14559688475117008	-0.1471027918493914	-0.1460594957040369	0.1119204134897712	0.13324942041360452	-0.06363770391748173	-0.22904447036400366	-0.5993202803501821	-0.10124543605527059	-0.198210467461018	-0.49983283665343986	-1.5208413416376794	-0.0024019865545961256	-0.3971728073775592	-0.4214112739486949	-0.5443475320302911	-0.575136381045213	0.13296620526358607	0.606547320915657	0.5461575329949643	0.29977666171699363	-0.460836146912177	-0.17815211864017133	0.06275814282024583	-0.053537497177181634
DTXSID1034769	1.9849791702465904	0.4032679769244659	-0.6177622217877173	1.3405179353042627	3.391997257717915	0.6952453657829659	1.6162442273060877	-0.8579843698137509	-0.20003041390387724	-1.5476503872971845	1.7397721345542039	-0.3727520318157735	-2.1535982899827086	-0.7601978942184134	0.6232777625940269	1.1264820163126346	2.235707887255275	0.6475602554463539	0.200112120725924	-1.3323952815109097	0.7459861276299337	-0.47741911382818847	-0.028219948165170036	-0.5680374403790812	0.7527446289643689	0.8119523368645453	0.25111124075540775	1.2764255519960812	-1.1802997632903314	1.2008438381565705	-0.45382266845576785	-0.5129155030273418	1.5049119949238736	-0.6524757686840784	0.20393080486889548	0.5263316037136693	-0.5360078356233475	-0.20093036589998398	0.40299166765557065	0.40749865602142993	-0.2867506123569452	-0.23792081280378466	-0.3003718274965877	0.9151276452962636	-0.7255546663987062	-0.7909947223331583	1.0414374308796925	-0.6243821118868431	0.5997146199930938	-1.0751259865963658	0.11444499685913598	-0.1430700942346567	-0.6908670896457894	0.570678674125619	-0.29751274148146084	-0.01750860744967601	-0.38264757861861853	0.03930828232255488	1.0352868483663267	-0.9642762837799932	-0.22023124222939638	0.7818160648564636	-0.4476674627025484	1.3636341395653082	-0.9611753049836208	-0.6037058953214088	-0.49066272082401335	0.12304465993897606	-0.1080359802993625	-0.677774504893798	0.08821839988562953	-0.12922194441057414	-0.5747970144332379	0.27774435802703484	-0.3534123094817543	0.46021525235509075	-0.03188973911649755	-0.15827621915715312	-0.5153027762350098	0.22032490917561062	0.29010407400076293	-0.5718191415072593	-0.48814126961639	-0.07032574779111037	0.6100847082158042	-0.02654889139696696	0.0412978628226118	-0.5460847441984155	0.32230418556029095	-0.36981951210629993	0.5121197686286809	0.21772384768189634	0.0492952297121803	0.40496645650863905	-0.02816064246876687	-0.05679324705775102	0.2269122857354304	0.30310683750198153	0.4227393765716204	0.15206316055387323
DTXSID7045572	25.301921004063086	7.6167072440224874	-1.473701304176655	5.123914303091199	4.401835031400965	0.897824187529339	-8.03999426130976	-0.4658760567173814	0.6407867785076514	-4.849985243385262	0.9352593188946843	-5.460458344235534	1.8727614690418803	7.0182378866720585	1.7518168749613685	-0.5971135873774668	-3.0126231551687357	-1.8111824225047983	3.8186123078825953	4.984466089244439	0.5024935793881402	-2.156465225018943	-0.5727936935409705	-1.6916091630666967	0.5978577112846392	-2.178274116599008	5.11636737746413	2.4908943035444824	2.6364055832179214	-4.914755782920694	0.6902011394327	0.9582511522826826	-4.388295893746783	-1.6179564546990195	1.13103249946165	2.340218728312759	-0.42636073482691145	0.3608949039628063	0.13307389247134158	-0.25767194044217645	1.1930928847903333	1.2866774617748724	0.13112838114516445	1.2465756543973328	1.3986804981409626	-2.509744356531743	1.5240451880494699	-1.9860412605924684	0.5739111707317935	3.699864069873672	-1.606956836280157	0.5217474693377742	-1.6029130766570476	0.31376382972664335	0.8929992973131564	2.657184493001707	1.218017615260198	-4.538877670601409	-3.2387228439751774	-0.6580475390710425	-0.15478125064733209	-2.1677083135027764	-3.0447481898513966	-0.6324276975011447	-0.5134589044157918	-0.8583396008424283	-1.4897367579593443	-0.6414127217075493	-2.6443314085428713	0.2629743919682536	-0.9305215525626985	-0.7067284061123171	-0.5590021828331224	-0.10676458075530977	-2.3044437262821122	-1.5503795839777208	5.616710432659386	-2.7417072517635486	-1.7318917525760538	0.9972799960926227	-2.198314572547831	-0.48399425064144613	-0.23110680619459667	-1.910537034882064	0.10442832355410958	0.4097805714188189	-1.5191558076138652	-0.4356325445806368	-1.806440555245534	0.7990789776440852	1.0170029549972233	0.417854816798662	0.6904430888530275	0.4955927343375506	0.16321776148973546	1.122149507631017	0.5452669555378817	-2.0809671545344934	2.799028643689521	-0.12622477938416818
DTXSID1032569	-0.49509583680222774	-1.4578152180113106	-4.2064969626557485	-0.13752912537560893	-1.4098875195611782	0.930714636032251	3.9672365131485914	3.241824552771042	1.2198773531216107	-3.027103863660559	1.2907554073146996	1.0387227389006188	1.1127922945211626	-0.35882979110399793	-0.724033792237082	-0.2875469932753599	1.4306602409976092	-1.5533731252384102	0.13788442479793048	-0.6385129232517712	0.9430511802143675	-1.4563362733436753	-0.8803614787266394	0.17032316473199527	-0.3535784888662124	-0.2914866423519338	1.517498519845715	1.2261931648947448	-0.6985636147003687	-1.619661736211239	-0.8425708682662785	0.23246406351112364	-0.8379775415212831	2.15066401872742	0.07817076695177144	0.5232886781593714	-1.2388698887831442	-0.5199528708883272	-0.20720498046010713	-0.3701939013358089	0.07744009228414457	1.0710082190051688	-0.3925776908996184	-0.03480824960517943	0.657392612534199	1.4857844717844104	-0.18231114808865492	-0.1507661977868765	-0.7872378314032771	0.4093864269256297	1.3264642976621523	1.5709623819029321	-0.43150013381641755	0.5654273593723427	0.45146679168517556	-0.5140298471660345	-0.7719860098984148	0.3327322616068259	1.2078967057937788	-0.12458903713313726	0.73803797593721	-1.132715652793248	-1.0592556823714623	-0.12740793458465471	-0.020881892902249708	0.671207500752311	-0.44189705538903884	-0.08374527845577695	0.3165241342384988	-0.8054828974420472	-1.1749651462365587	-0.9275137484324311	0.8201205914461219	-0.8108804193680316	1.0968218148419886	-1.3241400260056866	-0.08900170880568861	0.8390214195053277	0.004496841912019674	0.09872871445424199	-1.7652530614669864	0.33050182153822527	0.3159419323517799	0.039641321465197006	-0.030627906624031153	-0.6993851974219439	0.18182739498887227	-0.42029424145511074	0.22187667229744534	-0.015103548387960266	-0.04218885750442567	0.08516861398667185	-0.22819880647631743	-0.8198248492133637	0.5193962079002976	-0.28254208016495047	-0.5334340226290806	-0.015964189008652593	0.3838168583706827	-0.008296431632645995
DTXSID0057706	7.784538074989762	9.477656637796686	1.6873016354076806	1.0913443298705443	-1.2403799562243703	0.29955407176159476	-2.8008601500298016	0.2761927009035736	-0.46330650776668325	-2.455213008061487	-0.7654930041401282	-3.0152264645374016	-0.6360300302719228	4.732732237525051	0.5343544018079135	-1.477259863379764	-0.6204973603371762	-0.7481802821079118	2.0971008162623814	1.4634836898958354	1.5487172394689526	-1.3762127418755346	0.6440927971964369	-1.2814944320067487	-0.7745203707456793	-0.18614670180557807	0.9039052828438441	1.5024805796282414	0.21525214682960495	-0.9047085300889359	0.052780450735261684	0.15545952058492987	-0.9581690076913921	0.8057130759637577	-0.2728420805834998	0.254239850353686	0.19293445232250847	1.5709011398258597	-0.6079142485229988	1.2251298198364982	0.1389819421468075	0.7488769058829519	-0.41853000635657983	-1.0086156979597838	0.35629195938860725	-0.9266898846841684	-0.871422256776537	-0.7036217083851749	-0.43710788862257377	0.7886626070922559	-1.1156921662025434	-1.0568802591780238	-0.20286595484825318	-0.325242030607601	0.08307104123711807	1.5521883617343517	1.6712344317718748	-0.628870480722622	0.36567696525881555	-0.12432005248261702	0.17743237411883678	-1.4348151812582237	-1.238948668728823	0.822062536866564	-0.33016099854000847	0.42652866206856993	-0.6889296043760478	0.09882255970722248	-0.6601123766069779	-0.03872255414671324	-0.6590970414780444	0.24117917989184207	-0.9745355848118894	-0.17141682508469377	-0.6367554889086734	0.597316120334989	0.25099153692344806	0.3830903919084476	-0.18565247469758386	0.0037270616006196498	-0.4263872515625147	0.28522064723221313	0.503383987279005	-0.08481376215981606	-0.944006147307472	0.4688186013987871	0.900989905708701	0.09686591054620289	-0.7327266138607839	0.1584898264773658	-0.3111432194131549	-0.009000981878162957	0.43213800301146227	-0.07480276768157239	-0.13979011676921327	0.6303806031331812	0.27463602230480527	-0.3010030924184374	0.1306364529525318	-0.1273417228169126
DTXSID8020331	0.6790568762520625	-0.21273793863004734	-0.34789191639636674	0.05183248979801748	0.14375179817343478	-1.6005823083685295	-2.155768110079293	-1.2872141305049625	-1.183911537557561	-2.104691033149431	-0.832753895036206	-1.5511393781598715	-0.8504574229507099	5.306922022355035	-0.35409497260157774	-1.9753533549421496	0.007852664486263528	-1.241366568820902	2.8735213498740872	0.48151979904402603	0.4275844882426364	-0.9471257527764946	-0.5502149073285205	0.11434891608235626	-0.5290416901186966	0.7809012802624969	-1.7146198566399844	-1.3874293720283606	-0.47806165875220846	-0.3017099622349287	1.7090182926928894	-0.2787405992532544	-1.7317169571606812	-0.23818092231989607	-0.643221707842666	1.2695651820988259	0.7930267670369942	0.8051671547396475	0.39629349246147916	0.09978399280270281	-0.2464113597736005	0.9717699990514207	-0.5313697469969217	-0.5272208825317017	-0.24858266400897447	-0.5325504191205938	0.4808435487980468	-1.3658603713335475	-1.4511161179971093	-0.5733266364435249	0.03442999029578003	0.04306498468767984	-1.2588153466050631	0.29937522574078396	-0.6534316469242141	1.6964738773384995	-0.5905861459250149	-1.0026542149788693	-0.6017750661615149	-0.36670049090702594	-0.30805016571388305	0.687685830319679	-0.4023161231190846	1.1017936238913302	-0.3659917466569092	0.5997400538544552	0.11100346152305146	-0.16889712606524948	0.5321415828317184	0.030610792459383016	0.2533990766919877	-0.5055107178454127	1.0534598259383967	-0.2722657522101668	0.05505863172453344	0.14322265326386777	0.11320205053957162	-0.35182995323195565	0.7122958516639462	-0.28500422471787645	0.2508874130614369	0.15882180269918855	0.8396468872111207	-0.32186786888663654	-1.0331068011079456	0.2140862332964385	0.289646037324773	-0.1015611684070306	-0.7743931420724579	0.2416220333627251	-0.3567091679592533	0.2599923639442505	0.5812889594588613	0.38384891310771535	-0.15959086736355238	0.32445767000800324	-0.2866733754702911	0.1287399701465272	0.08092314284467571	0.3342599696237376
DTXSID7041625	-2.5354790368581557	-1.7366488823482022	-2.131515031870281	4.187637682861363	0.015049874750913414	1.6137181651526666	0.5572537224085347	-1.9593666009764654	-0.40182440009054454	-4.319787732152439	-1.4220467025668515	-2.7780047998876825	2.0547234672257724	3.842279537485292	-0.5696802579682565	-0.9494321807529635	-0.4201929434078498	0.2977930697995985	2.610680709660519	0.13208552015265196	1.034163612830418	-0.04330246293950803	1.3827623800305873	-0.7288112604988847	-0.4050447619699868	0.06867670953651815	-0.2472931497472502	-0.028565307145041886	2.2316833336137116	0.7503050276048124	-0.6384585029058194	0.23699614292704835	-0.7450259107971375	0.4757405740700862	-1.3047822766871833	1.421809142041584	0.8554839928887497	2.3231845410533714	-0.3677962096703696	0.34957869675320874	-0.2738125353119142	0.46782507846442	-0.6414734671685975	-1.5501556523075486	-0.8051556412427064	-0.018897629816142212	-0.09129335746717891	-1.592024766322783	0.01129356853328542	0.5760227767294775	-0.5071485840499633	0.20109057598835686	0.2074878229000592	-1.276135037956354	-0.4204779782127148	-0.2897763689307592	-0.07735529705982479	1.597861233158811	-0.36998082854147624	-0.7298244103351441	-0.6710605983266538	0.5571592697284142	-1.717984898661308	1.1817995313323237	-0.03231818938956051	-0.5653299494998781	-0.4441771778810623	-0.006736866356289281	0.35811794107362926	0.03661353120198933	-0.046894999628790006	-0.4819497054831119	-0.030555759210763218	0.2795158655958385	0.13159415158654533	0.44526742968241806	0.2836569337191546	-0.5597774155121004	0.33208976216045255	0.03455247552451056	-0.4290912772905003	0.3123016901209988	0.042189739923199875	0.29995966425725346	-0.7784570930158694	-0.35536416269439386	-0.3169842419739096	0.6094322892694131	0.12995104402770136	0.23234027201138513	0.23270317177783612	-0.5308241455391858	-0.035091892663450266	0.6203173756964234	-0.08413096220168911	0.24385731759188006	-0.4342319734380323	0.5442131575131618	0.7332440764249466	0.8404706756404524
DTXSID6047288	25.763324836182658	-3.706176885330949	-4.341083608623352	-6.9374852960934605	-0.21221911089586326	4.2970006224457515	2.429745243745753	-1.7714031322000026	-4.085107073408486	4.846408651651216	-6.704722102446283	2.1534060928083756	-5.399378586060165	-1.7406599779329543	1.6522475315851908	3.709779454307349	-2.928301410979259	-10.536422865467685	1.409401767807665	1.102141024920761	-5.205146221222607	2.748613614164185	3.561469234512808	4.75102131897333	-2.325120418777664	2.7559871618506566	3.748477272621274	0.9654943936512402	-0.632814817234229	-0.5057202137672892	-1.765817056376905	4.276040256757096	1.7953530833663032	0.8243500831221632	-5.590669691337199	0.25406688661609833	4.414756279228713	0.3913955886749897	0.8113752491218426	1.4418446461195495	-0.7060471265361007	4.111025380226735	0.18695824393183874	1.3148411282313832	1.9794836450161486	4.01482181510997	-0.017637897721050868	0.6718029683198113	1.7493894641937537	-2.337215185022599	-5.378400046004101	-1.47113026953547	2.3875025873992985	2.7666786692635	-2.715113396465775	0.33489542046651033	-3.3732692465402243	-1.57862367899825	-4.3812151352738695	3.149241947399847	5.640767690054573	-0.16515297293390777	3.472926117358578	6.043251571229965	2.080229254550485	-1.7614128628135068	1.873949708837838	-0.7391093613029296	-6.665857632367654	0.38825013535035036	-1.9925497741492018	0.898153254840701	-0.010348991207193051	0.18746880768381594	-2.4689235987446474	-0.26801517373774847	-3.0675437883952754	-0.7106984026703028	4.488488421426782	2.7229527272036864	1.8349628005709484	3.59496095122805	0.36164118753534397	0.8052339000470593	0.09037682416817178	-1.1991860981187206	0.8437371172037612	-2.3856453574320957	-0.3945218056622888	3.4124578439921294	0.6453441564089162	3.2536355620614485	-0.8490946429218639	-0.3793940720679291	2.658161980231487	-3.1827957332552437	-0.7202912198249215	1.4172956743695109	-2.868380006197189	-2.739015105947773
DTXSID1049069	38.663141610502315	-17.81543999664176	-28.55307080712726	16.365156168774647	13.76067066610601	-4.827001079084648	-16.250442207208753	3.346782489352335	9.268179174010712	-2.77754049097896	13.698650298116705	1.9775842255411815	4.783497795906653	-11.537306521598941	0.5501562254476079	5.648057509140227	-7.788048723105001	-16.088182143929792	4.296108004826939	12.85043971340998	-10.843883089669998	5.895894234374212	1.288009466649209	-0.2584475600451581	6.42997636946509	-9.722666864019956	6.283488716414886	-5.400786909579107	5.590114883718493	-5.524707070608054	3.055798192524153	1.2021097479108027	-9.091082020354326	-7.744355007877909	5.330971314272921	7.558774822310529	1.2679530731798245	-0.9138950531863704	0.7299629570957674	-3.255755701160344	-0.03855085064962617	-0.5839538171834231	0.9488512776327853	6.792111859825611	0.43610498235663214	-4.091706356237723	1.6401852192871873	1.7062512530454104	1.375828915618931	2.675862811718472	-4.327902972471241	3.134741790820654	3.6179271658250967	-0.024736117891149694	-3.022592896539166	6.05775357341553	3.2574214851782504	-4.066998730631449	-4.420372446525102	-7.724133971199299	-0.4400791507432117	2.320013207570629	-4.0582458528073735	-0.3294539078618935	8.382135178715247	-0.29044817985809684	5.569865836218914	-6.175842874304995	-5.393123063957728	3.0819896298991094	1.374120542033719	-0.9783425161712918	-4.233865021304953	0.44364838800629225	-4.211264747292175	-3.93006796026948	12.5025116265488	-11.241863746504999	-0.8650473944122793	15.496941248752735	-4.973307306663859	-8.039888085321286	-4.742606497542272	-9.150325725532634	6.565601298472562	4.542323460945001	-11.753479710333776	1.6117816536344085	1.9660234848761629	-2.413691863252139	-0.30171057779275673	-5.105577860024857	-0.5559138835400012	-0.8797255001335678	5.315786611642097	5.523230877134134	-3.6156899491880705	1.3327532347840059	1.9359526371269034	-0.6030504741066942
DTXSID5047584	-1.861377130378073	1.4490394890060792	-0.5490823938532515	-1.3677097637173274	1.8985080553372753	1.3113191284736812	0.8537166956865702	-2.1851681590035956	1.5601039169671849	-0.373831886272182	0.9181700534372121	0.4080740135627056	0.8943586053534077	0.7560194989899668	0.20375593852864474	-0.23627250488594628	0.09104891372557758	1.106033564327585	-0.007770015913529061	0.13383977154801352	-0.7330856777392115	1.0647760460906726	-0.7107896605821998	-0.08915178601558597	1.303766116846048	0.05076866533550362	-0.13195979013342646	0.5812393349444386	-0.745996006217358	-0.0036762399304016624	-0.4440156469958952	-0.10907705220902718	0.5993580031288182	0.5889574717093047	0.04404609251797592	-0.2932198504564921	0.4045589235617999	1.340702250918057	-0.21899263493645793	0.10045430219922348	0.0330074168664782	-0.5818553477158763	-0.557916370934259	-0.623482277280022	0.14441033811175194	-0.367981870039927	-0.1219620158247901	-0.21012848160828396	0.39528125064524766	0.02206069072867163	-0.18686624838675528	-0.8851003515298433	-0.32247626590312845	0.013952333262241151	-0.15890655452955538	0.38211648413210786	-0.45768251863762116	-0.20757365984050732	-0.3148433427433915	-0.30258042913176253	0.48728473632622354	-0.21417407685060483	0.3989219885438974	-0.12267218762186069	-0.46203904342220553	-0.20889053677431985	-0.2180247485133	-0.5834871200837819	-0.12932777152592945	-0.20932682027231916	-0.1335941571621275	-0.011234058538449243	0.14217272157328026	0.5973338533681563	-0.34371070176034463	0.32280575418046414	0.06528014369663622	0.19264756925754867	-0.3045528724339973	0.1273987256723793	0.24244944641506327	-0.8520772783502053	-0.012884310066072803	-0.19168795240149358	0.5384102899747799	0.26833586817659333	0.15496777816098412	0.2339643188724657	0.2651618164314792	0.051119980981001664	0.41750781412621235	0.3476884594758828	-0.33856540470638885	0.15257212572583745	-0.1439026472038691	-0.28349452560386895	0.019449941703158714	0.06296427331643233	0.2281316229576887	0.060013893963495255
DTXSID4024303	143.2941452728613	-87.92560536579192	-474.27998158242343	-100.57034252446071	1082.3771821362427	20.51974415464376	-228.25256543467862	165.68790793877372	-199.0790933933581	-152.1923954455668	43.63439974473043	-37.74319609085325	137.4609278805659	-287.36514465017734	653.4152356289195	438.0756808686263	103.07296127565498	155.59117822331677	-19.963067955615447	289.50333770527305	-28.898781014413125	456.57657391488937	-411.4126696884614	217.9776832515057	199.02815585956105	-301.57255763774685	96.3540485555456	25.160629103726965	54.294882901279124	460.90443440418744	460.37253567468764	-422.54507166998826	16.772571098824393	161.96341824012458	-226.69220288884034	136.77333602777088	180.8624233240508	256.1009764336688	-327.1510124423132	-88.03550722742456	279.67958970881756	148.10573380327736	-323.7724883524054	173.91180551556124	-91.84809227843041	30.48995168327884	61.19231655043589	9.53616116484494	-265.1808124164847	333.6064229284087	-274.35444823787816	-61.70303131834477	337.0384552652023	48.05738336764913	-268.0036546342802	-401.3681109982617	389.07771789497946	60.620040524182336	370.25858696165517	-69.65304321694313	394.8655406175877	117.5207801642474	46.34276219279317	124.36232976982322	19.36216304446871	187.7392413235135	67.3153694975067	65.32260409292982	266.9044562831593	-151.9194364920554	64.47481496925839	117.02893265897134	19.409144678887863	-21.360397546149926	125.476115092698	55.94606258118108	-366.8112469320132	481.30886651519864	63.3053741162783	-267.9324412458966	81.2142119500831	369.929792441869	224.66984983351347	458.9224351167365	-162.91546827639465	476.78463158495236	299.23255259245855	-120.16178477299549	-55.0336534007851	-187.89610221922277	-58.52371318178517	52.853165564892514	-26.842154926894267	146.33655224214598	253.1057393526004	60.795097550094205	152.9930478791471	-328.22982945534466	64.47158266796889	523.1868932170321
DTXSID2057736	-2.971160356752544	0.5103121825716194	-1.2951315324819348	6.2028105729100504	-2.2870362695267183	1.4590992140709196	-0.1913817470880118	-1.2461306347797585	-0.1820673872670137	-1.155317880669462	-0.6924905105125148	0.42591725814160636	1.605327503671713	1.1189351942007058	-0.4669442450037768	0.6962465544300451	0.17554050856517225	0.7602194464529278	-2.3480126886082093	-2.3086620600295102	-0.8820924118684621	0.4234525051778918	-0.18845210422829686	-0.6991296481681188	0.3380094811837469	-1.7066938395480988	1.2430480272496873	-0.8080504782853518	-0.9582954259793216	0.46517943657434513	-0.49596562931036514	-0.7959520803311164	2.591656850943475	-0.6431251571383949	0.08708443384191131	-2.264503662254804	1.3207460041064945	0.685676428469241	-1.2144515700254264	0.8903638037141328	0.03285310850780978	0.4370593217279328	-0.8832945837737981	1.6992443202016334	-2.045008518386478	-1.2096030173217105	2.842848818690356	-0.8717439108117562	-0.9006864169261941	-0.7148439154909964	0.4327974284221576	2.295488973638701	0.37857801304209987	-1.335960472494046	2.6373296666152477	1.4276965652046107	1.8476368558947505	-0.9299403549525673	-1.3947402380224914	-0.30065457081476155	0.233252602999169	0.2975234516645206	-0.013799716660334856	0.35249200901638966	0.5108791535617614	-0.27694542537685557	1.0086269224446156	-0.1574700937572578	-1.1095362045716708	-0.5679440038633873	-0.5417632411269224	0.07255107864884161	0.2994651046782129	0.06394232435616655	1.1775712446994924	0.8225349804430455	-0.2757975884574795	-0.052696081134566156	0.6881893291656939	-0.33255551970815056	0.7445912985653479	0.3138680047474947	0.08782680486956385	0.21351388280930966	-0.4998742455871438	-0.4225725558335063	0.8491807715794928	0.17526713430606314	0.22946843148102553	0.10514476704187414	0.47021674181525525	0.07559221468859056	0.29569454008999263	-0.08274858372619161	0.034604113802946965	-0.07540596848009394	-0.1505846970423574	-0.3943424462636201	0.3962546022596494	-0.06683394685716736
DTXSID2034095	10.792949862599208	-4.450551223427559	1.4466280700094394	-2.343044196267436	5.122776792148341	0.38355764473534415	0.5655679362021863	1.621631006154711	3.323065525305625	1.3592812246229198	4.725593209998487	3.166322597178681	-0.7610476093706934	2.656421779952042	5.073264497183816	0.6282352476076615	2.404140800510481	-4.998136556182507	-1.6897930165504353	-5.039273261485282	1.4530286867442774	-1.222345106483948	4.00168567866417	-2.1480351909031437	0.36208696158280834	1.4026510927565419	0.6174900042507467	-1.5462195650023727	-1.8012301816146912	-0.27657297249959467	1.0107517056052706	3.1393752923368803	0.6026893422695496	-0.6073156617311204	1.971221047802461	-0.12345919548825608	-2.027399089495239	-1.5880512445160155	0.4670178811355199	-1.2664583117492192	0.7835143755469032	-0.10614700664587692	1.096730084258085	0.9813991630908062	1.6161604182458063	0.6479783150686776	0.21255911068098657	-0.32126563939118913	-1.970000468522128	-1.8862651974953788	2.984117245160587	-1.5952713232299338	-2.650273850291979	1.2051568951968865	-1.616945178794064	-2.4417833794235126	2.577227810127019	0.2845898581334076	3.454469915596743	-1.713046886087822	-1.428606656691091	2.1375534990672684	-1.380885986239347	3.4418061324590203	0.7647323849727061	-0.9542303097365031	-1.5778082735789267	1.3919589907240275	-1.366685567525911	-0.5453141963990198	-0.5018345315359495	0.21255007917783153	0.8904232041099971	0.353765464642507	-1.4324365189757133	1.033141135988476	2.0904839658675614	-1.1152396836193341	-0.14540356554960407	0.35280157860513445	1.6763757993855049	1.121330535732041	-0.06461853994308267	-0.32703632949160205	0.7781296064301614	-0.009006484731025282	1.1380148423497876	-0.5522689265544449	0.36255946252569654	-1.0841459301810705	0.30315932702926845	0.21430105471540226	0.09887099750019142	-0.1387615019486253	-0.34366009585815843	0.20372236020235085	1.295460378564133	0.4920195640197204	-0.22973165008885524	0.04952005488252901
DTXSID9047590	-2.1197901293564967	-1.1692619905574613	2.215909699464312	-1.4033001073757574	0.33318390661688796	1.5386319261509562	0.3391928344824708	-2.3064055363161935	1.1458874773481007	-0.07272676786122577	1.2248317896873182	0.47415927025858223	2.149522428176595	0.40454501787420033	-0.7305482584715625	-0.24519127884029324	0.12181341324396447	0.8475174805733691	-0.5531263502135036	0.6956828675785066	-0.6809631216799604	0.984006720885134	0.21247028703317625	-0.033240248416339095	0.6749009730235961	-0.09124905355363869	-0.7305981927321181	0.517550918228612	-0.06562044556328323	0.05059048950055303	-0.26020237479978164	0.0934156182855543	-0.11824435016942177	1.0361316985784759	0.08547746647632692	-0.07660016498727258	0.42999140710574796	1.3698263627228804	-0.1329134095309254	-0.32366883392426554	0.5046227208194023	-0.20861672047984958	-0.8095998361847108	-0.7683024604773797	0.2939071311059983	-0.14060894266272128	-0.014946245338506947	-0.29273707471833427	-0.07064673895732354	0.9342638079427642	-0.1598341723416714	-0.610074979919635	-0.5402385352549106	0.11130135292257717	0.09917446474328587	0.36848457397439754	-0.22204842138765007	0.8221838876549521	-0.728093176994633	-0.4357970262185002	0.5584387548093284	-0.021689631349466942	0.514137659586606	0.44869305911535656	-0.6691935203558012	0.41128047941939505	0.5824464860176659	-0.7872851072558928	-0.4823525793107907	-0.28864301597015846	-0.4830919138303407	0.9205624633062957	0.3541093596886147	0.34060928207259816	-0.41414538369795023	-0.2048621039338806	0.06587977021821906	-0.3946563102126125	-0.012585372032408964	-0.0047561772341017305	-0.5631299803010141	-0.28686804434691887	0.5177094301791898	-0.26655047326712356	-0.03346403180114203	-0.10431819306676866	0.14696692489198823	0.35680432441545495	0.6057510473559222	-0.08961674487939839	0.23329630632092774	-0.19034366785335868	-0.36146514985443456	0.14866802521067024	0.012834432595474076	-0.0324684546231087	-0.42691831880949743	0.19475844877956555	0.2153177358487717	0.3346816557010521
DTXSID5047451	7.088570344822668	-5.2684142245631875	-1.7996771436987855	2.2273757341289793	-1.415076529758765	0.8135908852447535	0.7015864836182515	0.39593520868782545	2.3392449037159952	-0.03684388990662873	0.4751576178555946	3.4669356143827006	1.56524129987814	-2.5843297171454567	0.4851707059102617	-0.020031910254830306	-3.0667157662127535	-0.6446144020906458	1.3378766380074203	3.5813248622015434	1.379031131257552	1.1557778484983836	-0.03928247373512458	-0.026798378455927477	-0.052665899075428436	-1.7676015450532983	-0.3267426397625433	3.6172521106906514	4.860690636084343	-1.19340477688226	3.0818533857075012	1.4725368651346182	0.5935082690436047	-2.361340155857579	1.0445717293519434	-1.1062712068173486	0.4097727085506713	3.5781428487969826	1.8444742552874411	-1.1549039125854548	0.3301388963863779	-0.6208689866681816	-0.5524866791738463	-1.7517430808718195	0.5127170172206837	-0.8209331742180256	1.686946824805653	0.9468593624207052	1.1271322980030234	0.8690481443246912	0.5693689864336156	0.6184957137616774	2.113540064689979	0.9710968501861307	2.487931105814765	3.210866211764356	-0.1723774604984944	-2.470385744627678	-1.3855049347418564	1.9002378256084933	0.6345366819486392	3.525355189840766	-1.3334273535411243	3.19357053566564	3.2161886016933003	5.151981596595735	-0.7982731369911927	4.442176911306418	0.9435488450768676	1.6720950016395	2.102996602673016	0.7733132645307782	-1.5533191417083323	0.0006317095036471916	-0.40624421197752597	2.1130651612304177	1.5224458111875423	-0.9970087078281173	-1.1084846925468403	1.5993489703224868	-1.792263831487393	-2.5912825318127117	-2.3032344352819547	-0.08876476621789127	2.2232134566356643	-0.7250199174524664	0.295069218920978	-0.07517526720233604	0.2641917984808863	0.5189384798581139	0.029771152297628913	0.6156427147930857	0.019753181196084595	0.41625556586917534	-0.25864893413102863	0.5444757345018166	-0.768101521708906	0.6318396630269291	0.6206404896111591	0.05349874718823012
DTXSID4046022	1.4358632828719984	-2.44178729315332	0.8333437786752094	-1.4489649913674065	-1.6547052360443135	-0.14549544409292675	2.9158716582531734	1.7826423169320311	-0.8343374748742898	-0.07103388053694622	-0.7556841552110201	-0.7025391292761806	2.0101898726833265	0.8991145397788378	0.5893992673382521	1.386892676183508	-3.0489094475262366	-1.8651755119860414	-1.294555830429012	-0.8732590516073896	3.8186566036015606	0.7960480031450063	1.4050678829296455	1.9273830165579349	2.3149090938678385	3.833835895893057	1.520718406673158	-2.114554298818188	2.043686327375368	2.5799827455185413	-2.886827199679384	-1.1623529908725758	-0.21701312030910425	-0.6377919762011408	0.036468264946578274	-2.2713881351380354	1.1601472636623662	1.7012846434689222	0.9614762453194203	-0.2806130739394714	1.5261679464473397	-0.10153849426342348	-0.8526781755926995	-2.008697718744437	0.7699631054690756	-0.32597701783311217	-1.7549990289333484	-0.2159719937640693	-1.5170084750479818	-1.252020577283739	-1.5439651493914748	1.5992641537906112	-0.6695412799686528	3.0636371923966497	1.238588589424761	-1.5656305386461027	-2.4725441560887216	1.9173465653393205	1.5570232227885756	-5.113997054700886	3.216117029167999	0.09972409218876235	-0.14747442884728731	-0.3401821929506175	0.8219234667044434	0.7806396009829591	-3.3635051359331465	0.7748755930489812	-1.8159574188524985	0.9583307691881531	0.05683619024735101	0.48796164882760196	-0.18632185677392907	-0.3447222086134071	-0.6148403522168746	0.4122374843453273	1.3779349481246503	-2.6250060642198623	-0.3728696477564283	-1.2426041155780843	-0.38840231166584227	0.5164432559559505	1.4671741236165707	0.585877411481824	0.32878561315137983	-0.6809365165255239	0.1876437067294405	0.2085860709135041	0.6870694948035232	-0.4531700632880186	-0.4352781999160041	-1.0020815816646642	-0.16076096987318622	0.37760317321819054	-0.32654692968558807	0.181250390827447	0.1505242763399047	0.05333442246444075	-1.1410168699415522	0.15181659627039584
DTXSID4049032	-6.181583966670052	0.027313569619537823	-0.33744734659773556	2.559273278299805	0.24629960574801057	-1.0991935611549715	-0.04716777558433212	-1.889597094917688	-1.5335325989309208	-2.451206303677576	-1.7318213450075683	-1.6318055716006545	1.5271955667541748	3.854888412042215	-0.19167055501633823	-1.2691708592007356	-0.7767891059817793	-0.5276872248252995	3.3701985323512855	1.204673235591082	1.3830670254378503	0.5759521276497335	0.5727703535988798	0.36932079909991933	-0.512896098800764	0.7179950433151332	-2.0562055214103916	3.872657428132633	1.0089121806147294	-0.9854484544450437	2.432880266307116	-0.09661705114267659	-1.1288535039232117	2.677201785422796	2.6477965543057347	0.8352282177826347	10.079783758179332	2.748122321505409	1.569098436057162	3.1618437027275115	5.980576659526587	-5.0102253636350795	12.212063253817867	5.7687136846088425	-3.458465323626404	6.348206794379901	-1.747758631609818	0.2083636350032272	-0.8706352359798315	-0.13628909731130676	2.499644416174937	1.2269695170961763	-3.0773909591796347	1.853067829405806	1.510873726988877	-0.8668959909327121	-0.0020186548710242583	-0.45028649610041027	0.6327363429712021	-0.7159074827775432	0.09240368802350989	0.33601487596467716	0.19119662653979522	0.034117767161359544	-0.041382882933367136	0.44661095737330286	1.030349229073108	-1.9546532395687317	-0.7522749569476781	1.2296072148078034	-0.45373125736788006	0.6841220588588172	-0.09679535027455059	1.031420545001731	0.793364798181661	0.4810231193730648	-0.421292137500756	0.08301352244120688	0.4866234134282676	0.37882148678263344	-1.447537959179081	-0.6153522166906558	-0.45784529361091136	-0.26610686999098393	-0.5087353489711597	0.7360721382547292	0.9553238995592622	0.17069966839094972	0.9957751146930761	-0.35158108693204226	-0.5244224703300385	-0.3570668674964868	0.03736332504169637	0.7787556090492223	-0.059213458588560634	0.7708306823571672	1.1998230643690466	0.03256079441442752	0.17911117904047055	-0.9937601156994839
DTXSID9048936	6.7724285886176325	-0.09983774419655728	-0.4964339624188494	-5.025057539109199	-0.8450489608500074	3.3015410558320113	3.9517125704387825	2.0934456223211066	-1.8027734062837342	0.48658135145408704	-0.466837842622502	-3.2398998657775815	0.21546692282462784	0.04387371980152017	-0.3550538775131708	2.389648917984114	-2.0928452445133785	-2.4723871730146945	-0.4911154782873746	-1.2862363791232971	-3.028614308174242	-0.19408430425724812	-1.4908531539974696	2.2668433692193872	0.6657542089543159	0.6309350060229809	-0.4470050349453892	1.599427125054857	-2.965525249851581	-0.8242452641620531	1.0458927668128482	2.8268216260683956	-0.37073903428635757	-0.22479968070352105	-2.7639855088128953	0.5691590874320398	1.5819733088780843	0.8161660247669494	-0.4805135694750797	-0.2362124946200376	-0.8022612251034037	0.40819606873437475	-0.3218675474283	0.8459199946220776	0.915443680467028	1.3909425673801332	2.3457427786987894	-1.0463603293190158	-0.2160657916499122	-0.30850727138813794	-0.6394050466406712	0.31911113008929004	-0.19731019531403557	-0.010255262367807326	-0.2536762728675078	0.5058820943430055	-1.792738498478556	-1.8070929963651166	0.6021603490619992	1.1907473672489042	-0.01021804102007739	0.06371614147788436	0.8662580238665047	0.19281070956224244	0.7025143847608537	-0.24535197745190654	-2.2936577257256974	-1.2319334692785016	0.22880130165407808	0.621244115760712	0.22061268239278897	0.3529747027649355	0.7072311287581313	2.8582798144382853	-0.15134365217943174	1.0951539657314469	-0.16231641218052742	0.7088290931050499	0.9860381626534193	0.06989413058338992	-1.5039255509305445	0.10519020327348984	0.5944932818835833	-0.7255468202156364	-0.4871729065708361	0.8456156266700359	-0.02573789670825962	-0.291985103765055	0.13665923542316377	0.2934509467093501	-0.2425407328839033	-0.0362924285900325	-0.5662909246354065	-0.09239144026692518	-1.1349058803360494	-0.13245967417900217	-1.1135253935152154	-0.25121347695623913	-0.026630013709271247	-0.03846267042917431
DTXSID1047574	-2.0811808807444567	3.209073514918036	-1.804305133255782	-0.7737960294731726	1.6748209580487268	0.6277279721199873	0.8126062062667	-2.252381155329063	1.604776537323958	-0.9571320875721003	1.3877375892148647	0.8558878163669765	0.5344243467484587	1.175897918176881	0.5911575839123646	-0.6798789997903226	-0.8901120653095809	1.7312361679965338	0.26064791340362387	0.5173799627582734	-0.8478973912220057	0.36586009913476414	-1.2050954163829757	0.386229738630552	-0.3234624706244861	0.057633170055578616	0.48909371876653973	-0.14262217107825442	-0.292462307968797	0.7848079940947236	0.29197850417363047	0.5284663555579899	-0.043496214107657014	-0.5728902316788061	0.40275566799646817	-0.5014990846085042	0.5368400900989482	-0.552251811992932	0.514560265242141	-0.47831141002908933	-0.252966408336603	-0.8109453582204144	-0.06440652979887489	0.09905585079202864	0.45275864498089496	-0.5018389105172292	0.37235524776516776	0.354911174578454	-0.042598998100777365	-0.01591764192797173	0.22262166527546434	0.18409427288663324	0.14797529274405458	-1.2458973287353574	-0.19196268016015808	-0.42166943815831626	-1.023616418749673	0.032825017038527755	-0.24110342383992756	0.1697497453064944	0.14989324423047598	-0.08328470972935384	-0.3350882062219109	-0.11250626085049051	-0.09534599724031102	-0.3553655874422763	-0.2482193239427599	-0.18240935687463802	0.5066257756594064	0.7341883685240774	-0.22453206334383366	-0.1656408857810494	0.441298599021206	0.11188444357791971	-0.18662322194902495	-0.24714920383814412	-0.15904337247145842	0.4217173975677455	0.32401713534769067	-0.10272573524963191	0.875835054267893	-0.203763801907885	-0.10406064697388155	-0.19997600118869246	0.0779121354790577	0.5280403513444987	0.1540104324046894	-0.1758816194097425	-0.525491404376716	-0.31688810213303975	-0.10344984243904747	0.2811304287859136	-0.3958992785463422	0.35517281980176485	-0.7067510093557924	-0.2740690495964842	0.4775825149665976	0.08447275906493326	0.08740007596676207	-0.29671559735951897
DTXSID7045998	32.77327449143869	-7.193421833460488	1.4623919157085297	7.6969960052465725	0.15266096358360806	-3.3229543701687017	7.994090349116121	1.889467443985584	0.3114330710269102	3.94504825577994	-2.775842970778683	3.870832416877515	2.760544054173188	-1.363085318691533	-0.6523358523913177	-0.6209188953629472	0.3607299369049293	4.704128979381127	-0.3123960218385952	1.0172104359516447	0.016200091792283815	0.8453956862207367	-4.186206554563576	-1.3550504307488358	3.377721943315858	1.322523857578695	0.24870884305199184	-0.6019733377056267	0.7603449286699675	-0.07985978557153622	-2.6542683491212085	1.8230257639905143	0.1373061329458809	0.7711882290817232	2.5384019048538224	-0.24072831147735382	-4.094284257628631	4.634439104664919	-1.919080493735962	-2.7364866366007976	-4.16603461626172	4.951823055325118	4.4705227262409135	12.218919203129891	-3.837213593563701	-4.458645071493846	-2.223684276449882	-0.8589920511598578	2.771971538530363	-0.7673289153968839	-0.9845891486594378	2.3600488002653446	-1.8134156978352618	-4.328161096259306	-5.413311861147088	-2.5664854332568403	-1.404765087053399	0.9864544186496809	0.12702842058485875	1.850012015918586	-4.164155767733269	-1.5481100954973062	-0.009883351269307155	-2.476047191965686	-1.5497280680295757	-0.8613270875340638	0.447675749021039	-0.30173071695408865	1.5591656673887029	1.5664974627640238	-1.7364858759407338	0.35758112541437687	0.8913437373771459	-1.9958124716033914	0.08925024126537003	-1.660085900385343	0.8402729936137808	0.5227049815607319	3.0255432760173133	-0.5194828040970126	-0.5485237385589706	2.1141769102970156	0.8209091856077861	1.886977962288588	-1.968448426502212	-2.8009504876862676	-2.9285781979032186	-0.5136915548365335	-1.864558973456455	1.7964492932026757	-0.8131076438865373	2.647721254551539	0.32057542513588155	-0.5925319987667352	1.0576091740778006	-2.623816851181272	3.001624710052243	-0.40494021511982287	-2.9970330920045667	-1.7156164964675633
DTXSID3032626	-2.285042933915345	0.13243646301249992	-1.3243925550238056	0.3531405681537564	-0.704815635577114	1.8179265397874447	0.5484833694316276	0.6650908261787527	-0.07288408419337042	-0.9657323438247695	1.7912330558898983	-0.18414961168090244	0.08907452898198412	-0.4102304532879064	0.6591822716069938	-2.1014267485157325	-1.0891311679137892	-0.3492056850384238	0.15096222303972592	-2.199931993522468	0.1965520765430179	-0.969320713629765	-1.645469018815726	0.9249443463543456	0.4309745816345312	1.3198492802360893	-1.7717389394567655	-0.43489834198453936	1.2426221345523458	-0.7566717941479646	0.5888936361434912	-0.9659339288901266	-0.4102933044971261	0.5501644077145624	-0.7734512929921846	0.5625918524537831	0.06797251666919779	-0.720807983654035	0.433370078636144	-0.6333627727858105	0.13305362325017245	0.04884421180219729	-0.3189486260751675	0.4236209069009392	0.44645730677722223	-0.303804122641902	0.5219632228033377	-1.7550935759056696	-0.039481401246256466	0.6448770135842012	0.630690467752222	1.5072961555174211	-1.0211720142847114	0.9637902665141359	-1.4097282259464037	-0.06947949155205171	1.2205582783883904	0.8472730343350697	-0.3031799423928801	1.5366293527755561	-0.14468809343122194	-0.2484054267171184	-0.7044121350262869	-0.1885913222051145	0.024917664784599374	0.509755070602273	0.8570262275686011	-0.7814940594605347	-0.7329618973866199	-0.9186968017255721	-0.28360470202965543	-0.18443097086766344	-0.6664974756119296	-0.40593938084847314	0.38506749391195266	0.11741733353602572	-0.633086664319806	-0.6791855288243446	-0.10964911405628067	-0.023362789687077147	-0.21586591135619213	-0.03697375846457276	-0.34312665679367527	0.14172825334519276	0.10174695979237053	-0.2913869685327061	0.06070567716710905	-0.4335206810878444	-0.22247471326260723	-0.19213176949824295	-0.09172529785482693	-0.24352602800991888	-0.09139762940947975	-0.1394949990508291	-0.11800550222682478	-0.0913535992747959	0.2988510575216491	0.0220274129867967	0.0820100380350055	-0.081815935882067
DTXSID0052463	-2.6470239518542407	-1.7029692174755928	1.8672319227049903	0.11384214685159957	-1.5542765009216557	2.0229481390315702	-1.436826371611577	0.653306412329607	0.055637390665436284	1.2059308596925482	0.008200324355272863	0.09676318268239702	1.8119010894460972	1.9028273089037895	-1.433455831554255	0.7539970908508449	0.11789941118392985	1.627281863524012	0.20553740645187316	-0.42489837100149197	-0.09210049414127411	0.5496985632199004	-0.384556680387654	0.3715600741942519	0.7864349086433354	0.22690460356195633	0.5482968241504438	1.6067524637650201	0.19929468617187712	1.5647396452571534	-0.6424877076064799	-0.4389889804957608	0.31529189311224026	0.9157561974676316	0.17363199581595637	0.3369281462726974	0.0867921857814694	0.24962360493690366	0.1015841094386145	1.0036796595068458	-0.08632933134104134	0.14766464199320778	-0.1611108162650108	-0.26727218478297826	-0.1283286512910334	0.17233972163537348	0.8328564212499773	-0.013499911016084602	-0.17211819354699212	-1.061618000058194	-0.27131743709179446	0.21069558994154028	1.4144745853252403	0.27798824270826983	-0.4162820245451452	0.438802446212929	-0.1594109360371942	0.2737069237924237	0.05909011579026378	-0.37342299452612426	0.08882772356380621	0.1319835627787251	-0.06293863312099768	0.32629822787244367	-0.622266400975848	-0.1732232672336911	0.09322177890933636	-0.06185152740329149	-0.461698743889801	-0.19265381701854964	0.0036991089442183814	0.20194948172245494	0.056263308025740026	0.702830090456039	-1.1667461657926614	-0.5546235911273322	-0.36184311562906624	0.1747433893575325	-0.7398192729507356	0.09926194420479588	-0.0704631999504251	-0.5788397059169508	-0.12421995321931152	-0.3129851217298437	-0.7311143168318932	-0.3974107221328473	0.48263262577429594	0.007541091424766279	0.0959538470659426	-0.008906256050378696	0.29870795373468684	0.2852211478025344	0.053108615540120016	0.013113514266532266	-0.1693872147542867	0.13631419494322314	-0.36234786607009684	-0.37853161391216833	0.16542596352321026	-0.026709664353255523
DTXSID9025796	-6.476170494094696	4.635560164312244	-1.2949595696915794	-1.788555245995221	5.058056407125976	0.6502201293704152	0.6392530412013923	-1.8872087826163244	-0.7203614128411238	-0.3939153253564376	-2.458243598017237	2.0221035601786426	-0.8874369050399401	-1.0928512119360674	-0.49234928375124015	1.4718641061589195	0.8644426535990886	1.0350617580338024	0.08100532351605916	0.5675392898688293	0.3891735320117482	-0.45975426660261703	-0.15548802288297242	-1.137567657295903	0.3026671377341592	-0.07729443746234195	-0.846470061673063	0.6019535519505776	-0.30130441682294135	-0.4374848715247847	0.31298625851411643	-0.6515747992149474	-0.20841588965154456	-0.025411056009467973	0.5198524448795993	0.8542521024334874	-0.21291492224019598	-0.09968083480115435	-0.3517256926027111	0.136399667636692	0.24133955846318364	0.4012981162909409	-0.4324176082827686	0.1471116149999496	-0.18446614187001792	-0.6844905962558533	0.3818066214488588	0.3570955660090745	-0.14001284039965908	-0.7195045053519784	-0.06978370727138015	0.26883517144187863	-0.2834926170706167	0.10419498231167629	0.04021142565074194	-0.09097837961066521	-0.2285313987598866	-0.019047040781203957	-0.9669634949289518	-0.06794527063657374	-0.20665564020498486	-0.06956632997018274	-0.3946533957872699	0.03912656188263	0.3072829303848769	-0.262417660720863	-0.19212178699346308	0.4599128295452262	-0.3688988090149949	-0.18343261578687461	0.3231764364512673	0.1154378968183836	-0.10122075975815321	0.1924580825530264	-0.42348512743609595	0.2419778537330712	0.04363537807119868	0.17103427231040041	-0.14886667410860657	-0.14682874345319716	-0.2916804704650503	0.43185601563948234	0.2993572178994946	0.09845982232822362	0.34632791203856267	0.3131301600101548	0.04635312043214704	0.21030122808480664	-0.27049493925428053	-0.007150243642660526	-0.1691918663727531	-0.19715785656109283	-0.4791435064998032	-0.28689137221991307	0.1062252506611674	0.07878723950501125	-0.15919323813427633	0.042777584351745876	0.0072008328755381115	-0.09510575357399363
DTXSID9045502	17.49825688347415	6.878397314464239	-2.412631645503246	3.930080598467233	-1.963287964229396	0.530315621641098	-3.4317308683376804	-2.161074124522734	1.8944555472914604	-0.21403675127352753	2.47822209883382	0.5236406791156177	2.7106371080647387	2.276409977870628	-1.9510636818598937	0.1485901121698828	0.8459481935041795	1.3438798471994238	-2.696085929715023	0.7026374429861366	-0.26717632923272105	-0.46319217934204043	-0.4193326297597053	-0.9094360217203828	1.6614260515685777	0.5517947703309936	0.9429839432848858	1.884983856510212	-0.5643144022292674	0.17753264881211964	-0.945500939036712	1.3146794116164902	-0.5579614663328494	1.0354352134511458	-0.014885523287020511	-0.46417918153329274	0.3740963728569156	-0.1057595521150485	0.6320737488028079	1.3988292093043404	0.23935386369439013	0.6449058412228583	-0.3939873114504853	-0.5295721357911816	0.3300759347337964	-0.4349549787724862	-0.3160113300750238	0.13071346010782958	-0.4592857621280959	0.6302765994136156	-0.046890074789942386	1.3171480745271429	-0.5913985945840143	-0.26570802399089394	0.2397342040492873	-1.5620937509118602	-0.2059737800765122	-0.38842165311154553	1.2391811349240296	0.9491135096351933	0.5358462821241434	0.592351317182242	-0.983627506124243	-0.19162511850480524	-1.8696722130081183	-0.5194645595952548	0.6634815700701089	-0.06166274306481606	0.54110844420704	-1.0942877006338334	-0.5620570785242252	0.2004194133312925	0.18250932171583292	-0.12535793251759605	-0.41694036847875887	-0.46503188376865556	0.5771622488374246	-0.6028482242530708	0.27061245946767154	-0.004290629883122207	-0.1212661981668532	0.43403894524669295	-1.0545565916705881	0.15384650756024312	-0.781319383823986	0.38719982268972697	-0.4233692490297515	-0.08384693611591171	-0.21333102583455357	-0.49162122689282267	-1.3047539512689441	0.16516237779870754	-0.8843450847746513	0.2292640347132139	1.6080661294048326	0.47012867577689293	-0.5997910370561862	0.19955157280369606	0.21937303533185137	-0.3423517984867047
DTXSID0027852	-7.927811969448606	1.209435751365478	0.360906665640821	-0.922679147340872	-0.425099802225815	0.13665506408446015	-0.33879308711556383	-1.3049955821166332	-0.380790196717262	0.7123792728355377	-0.6684473211589069	0.38106858585769554	1.9259068179828989	0.06871370932461796	0.37063177872073716	-0.8042619450731651	-0.8016875028862352	0.3381604818846381	0.6092456535888086	0.44102545231993445	-0.43831022101680783	0.48330722330911496	-0.2013735966439828	0.1188005621541732	-0.5001302021987907	0.20768463051119404	0.015165591131784107	-0.5136739379164824	0.05026292979346245	-0.6434470197187224	0.4544950013618117	0.02408455438837629	-0.3160736885126561	-0.04991802910178331	-0.1148283616921226	0.46614192932977616	-0.43117103618667413	0.5565875508513296	-0.20214123516941562	-0.07344934690064038	0.014547016003387746	0.0057375986662375625	-0.2919523756214645	0.18447940440015284	0.2963115681088793	0.1214346519166678	0.029834064126052346	0.04909281212342442	0.3881910070379109	-0.2897156294448517	-0.09919283352042718	0.2959334161787674	-0.3505671571114916	0.4467902977385195	0.03407362154441456	-0.2750421052983203	0.2372726752447811	0.15516891334311925	-0.3335321774918274	-0.1091294421734276	0.4905450195950747	-0.10789196848070969	-0.001270401633524504	0.008384066151402813	0.1110541821657274	-0.2891850041467549	-0.12352639313484827	-0.21640823068864412	0.05216041965069594	-0.2279789032887737	0.09681141511071273	0.17891528494899914	0.1743442819663634	0.010136328352623047	-0.3065005828969482	0.1470326112625701	0.22906356078819468	-0.05436759961519799	-0.2535493844643748	-0.23476127087758028	-0.2268165400840327	-0.6988335316893757	-0.14614164373854452	0.2505657372021544	-0.03650401734058784	0.026587302827905016	0.18544579090246757	0.29708495198069496	0.6981129379983017	0.3651506301491459	-0.22462272106746356	-0.17746643959293756	-0.19425130422668258	-0.0945225565319001	0.04476027016840324	0.09340477700820674	-0.3762523068727402	-0.046473234253881605	0.23946377561190474	-0.006682471059403356
DTXSID1045663	-0.25023865638160925	-0.6482140191186722	2.9829733097645947	-2.311087962659265	2.5046834214120093	1.7183309223705572	0.6073881823078664	0.2178285843535779	0.6157357921008231	-0.8729070857823007	0.6630800646632368	-0.006210187377625197	1.1773699462213594	-0.9925111536368798	1.2378244860437004	-0.3072616915921443	0.4258246661739697	-0.31808959609435095	0.42820226717268844	-1.0226826988582416	-0.009560577485704496	0.06793730709778287	0.04415942629334287	0.21919967502331164	-0.18811569297420416	0.723697794503738	-0.530876897125221	-0.40960102191054126	-1.218469372244115	0.8189596965678254	-0.7346037242051011	0.2940889478050235	-0.4572462487386378	0.13334142730827034	0.316768147438021	-0.3800612452139245	0.21253095244692582	0.6889096224859891	0.1703472107625817	-0.10326719324483766	0.6137474783256397	0.24373716178200938	-0.40320949441733667	-0.14148197942215232	0.5766165448622269	-0.011947761022998214	-0.18067583954805855	0.21862814802461822	0.05798401481109915	0.3019745524032435	-0.4831933191510533	-0.6538621457944798	-0.41357682850829913	0.07074707749069654	0.715605951363787	0.8875821890698989	0.16744048113253104	-0.12797448897479236	0.623086817744594	-0.05041602662932707	-0.26880035197571023	0.812738033790092	0.6922311178143469	-0.1317383094477408	0.44057741681674123	-1.2124589743193364	0.5424355616687614	-0.5559615812805484	0.7259909335784391	-0.7410481997351761	0.7839037006595606	-0.607358647432092	-0.40832735845175505	0.6877705168288103	1.2215403392232038	0.7330102008324915	-0.2668517883381614	-0.9617557078385511	-0.07478698972378744	1.105641277200347	0.07135842421989474	-0.8585714541831687	0.05535905631473242	-0.11498673852366739	0.1759936136346592	-0.3830118746292857	0.07214942503716049	0.3406893268800249	0.1939585653699944	-0.3852890630580812	0.15476829414650506	-0.2633787324215023	0.41158305541207657	0.7934889390750641	-0.8379499044949471	-0.1762475245947705	0.16964503037042108	-0.058316167811989984	0.24072628080041367	0.8113980799498486
DTXSID9059969	-5.456416654664464	-0.7640932768184245	-4.715412046385271	3.74064442407617	-1.3451987755095223	-1.553498085092838	-3.421877080198372	-2.079928297654596	-1.4284436457732546	-2.13073673423017	-3.7366322468892283	6.540616350517078	-0.6185886655216494	-1.8535994268731915	-0.06584689851590708	-0.87619076234038	-0.4484947538078181	-3.03870701227822	-0.5134828424425643	0.9027918703022596	-1.611113374105219	0.04980437141190066	-0.5007872763793506	0.6410381203827712	-1.7702741269083788	2.463117557014442	0.08752514672745135	0.12560442151101087	-2.3632509215371478	-1.4053912218164109	0.7759375758339283	-0.4868846441400791	-0.9840655968269907	1.0500662689765308	-0.011203226616655274	0.6605190657232997	1.356027993232959	0.878473747295156	0.10090495277495999	-0.11327444539615601	-0.5590727846249908	1.4661712038956605	-0.25251920784381765	-0.9871537589027696	0.609853965111767	0.9235833131001795	-1.349520393746429	1.2620039881088392	1.3921631107957837	-0.24135909843469855	-2.074803429790019	-0.47604287888791164	0.14015928178353154	-0.44736506715208124	0.021646734549312593	-1.306530630583991	-0.9554656176669062	1.4637195831358896	-0.4889164038144375	0.021364442012021118	0.3264417660026063	-0.22246415761755553	0.2748940132191968	-0.23751858382192068	0.16473046374788186	1.470485451647183	-0.2222790940788356	0.8538000997292818	0.8430175737819535	0.9856157550519745	-0.7541722928444847	-1.2967233829456104	0.8871149220962739	-0.7866786060657335	-1.4951772963640244	-0.1207726865061395	0.27660846081756524	-0.7469230621169958	-0.7928538120086359	-0.32251561238848897	0.0575200013913166	-0.4308133064000863	0.18503413189677845	-0.6197232106722552	0.6506000639409019	-0.9572509304858989	-1.1540283237853928	0.5921590445994924	-0.4080042912886386	-0.20423241392190064	-0.06930617566991082	1.4269970980058482	0.314869841488577	0.4915027817147457	-0.7789858239759607	0.723304750860642	-0.5853469926767494	-0.8841609422357654	-0.26738405148905453	-0.048392539686283896
DTXSID3046451	7.701211364915165	-1.035136716134816	-5.480141648019099	3.8713968924973536	-1.7557769136008674	-0.7177966727558106	2.1477348971316785	1.4328150302719953	0.5142065829031663	-4.1765107187902455	-0.950858028864553	2.6264872526858696	0.3353468035862528	-0.9494717067257685	-2.045827643495068	1.3987718046028075	1.1809393276080475	-0.7215281022748088	0.6622784596542514	0.2944879435726151	-2.3791528369837756	2.1753592275476885	0.7339421887814429	-0.6453723751782598	-0.08725404183993034	2.8820677829781842	-1.8188464167798173	-1.4746853712975792	-0.4322276449564467	0.08739743116305203	-0.9151965336088834	-1.1715523514511996	0.6249686210471435	-0.7853344043318266	0.21956076228791555	0.40703338476730966	-0.4844281986185474	0.7786607269001795	-0.36480455174518167	-1.5431355171246264	-0.051110172043934	-0.8612753906887891	0.3242809872316124	-0.8125744936930644	0.04990446345789798	1.0079712789109498	-0.661345629091324	1.2861248914409256	1.2644540603369079	-0.5886499125147732	-0.8542398721519023	-0.38050969437652243	0.1462214262846591	-0.2254447308454414	-0.5567276039445245	-1.548416346929884	-0.2025344291662798	-1.1872601938792446	1.5834742178544832	0.985058255193206	-1.0685147626850011	0.00962036255926794	-0.8811493630897359	-0.26442944622753795	0.8712373189205492	0.2327587779469795	0.6308214565424443	-2.119559432735735	1.6851338926016899	-0.7616815779840476	1.0189341719270695	0.7345443727913464	0.0128865988516524	-0.1824798584839561	-0.915095897004194	0.11120881405988474	0.259926783414361	-0.5682596095697131	0.22857327565319677	0.9219008191537142	-0.8602156428440693	-0.5773341891911992	-0.7678281944700812	0.6160789919445138	-0.9198555068192962	0.6050418599405314	-0.712927238044323	-0.4456108273739089	0.4071902694664537	-0.04743331686428857	0.7650541538648828	0.24189296625303183	-0.770513222814706	-0.40912022633319545	0.47781489397256355	1.1750899311994787	0.1941698088078845	1.1126818694111753	0.5039000173216431	-0.42865312927881494
DTXSID6043915	13.848019011289699	10.563373787529239	0.3569178269369729	-0.7255777944006881	-0.7006819198345428	1.6763561965074074	-2.861557379760946	-1.4678530702659334	1.1157171119150506	0.2215106864880833	1.9311217486501333	-0.912631860525098	0.08088556939819669	1.724469683028773	-0.36275380274413294	0.024556726678134872	0.5243426395721238	1.8797153334838652	-1.8368400490493932	0.6337404131760582	0.1946245862902916	-1.2138950633153287	-0.8751902745956948	-1.2858306594788982	1.9185336497518282	0.4084194315668787	1.8063387170660705	2.4172041332613112	-0.007006182306577276	-0.6583472691841176	-1.5788616439707006	0.3793519726929572	0.8219535036225628	1.5627989554069108	0.25392752046872136	-0.5144450901396176	0.2462796277691412	0.3496518030768527	-0.1530029861390812	2.253889197149046	-0.17635430651940961	0.5671132414332403	0.21725292937906832	-1.2096103192073502	-0.03869437019689436	-0.8042386639564189	0.03896054246366171	0.049006727951962245	-0.9800936688643316	-0.9299194616645035	-0.1312012826683262	0.7195388340702811	0.33493460711494594	-0.15968414607158993	0.008971764323334387	1.0514811307724443	1.9343130212137476	-1.672601860652248	0.6641336210792155	0.0744019056522226	0.34986517185788457	0.6380381764024717	-1.163060432612966	0.13524134282834385	-0.9692673259463174	-1.2170165227986083	-1.4453399469137247	0.3324957090457497	-0.7754900524896287	-0.15438168737939512	-0.5553323876976658	0.07759561850114495	-0.12047729287167706	-0.00704981338784568	-0.6796995359488838	0.5983846110590375	-0.09456643484053864	0.6943264395787261	0.02356215495069722	0.053718637382073414	0.8223224640740139	-0.11189858661833685	-0.49270847652680866	0.044915270666916265	-0.34799025098389896	0.08549914015070016	0.32564800783181214	-0.281519786316449	0.030348041864527463	-0.2730168876918025	-0.09058220983706171	0.4801283912707073	-0.11639955815772003	0.017194433158631648	-0.06323330759048951	0.44949625413552347	1.1825116227718255	0.47288220308933904	0.4191720929529819	-0.7359247921672553
DTXSID6026535	-0.470471622122999	-3.351111650802501	-1.3047457486848373	6.853210837262929	1.3922473007409044	-1.4924543623578428	-1.171612229073351	-3.2077309720858573	-0.9714834219643405	-6.35092665905793	-3.3800784540987463	-3.643732682976132	-0.5188223935419234	6.304040286430255	-2.0660670103529104	-2.058131826303174	-2.6692884374529746	-0.9874239709683139	4.0033026229550135	2.5404554790136396	1.4574663364970892	0.4380825779265442	2.6137003200110085	-0.2346736530064337	-1.1770622818040226	0.2317872171684045	-2.6810593201746857	5.301604133132604	4.205729727337862	-1.8183835095662781	1.0041578395613227	0.5316670332582144	-4.319261160897828	8.09960239807868	5.120381781202161	1.0089490603418096	13.646117352081825	-1.3132486969604416	-6.164585814880585	-2.1192569274398756	-2.053017137372778	-4.815789942966672	0.7876986942618184	6.1464854570008844	-2.551697664917172	2.198059975947162	-4.42491710734805	2.382142827934652	3.7648761097924757	-4.284432962801583	3.2028091640414407	-1.5961383314409485	-3.4588643595250272	4.2917948156589985	5.9371841573247846	-3.8987546909500934	2.687147278888941	-1.3867744890848785	-0.49006219152087177	0.31243390425918877	0.37078046283529525	2.738556229064717	2.1033931210286325	-1.2485573906985978	2.057956138717543	-0.25952626882468394	1.4121283667043214	-0.7177915410766983	-1.0993819471849857	3.0136511243950888	-1.7845252756263992	0.5888222607461999	0.06826454256288114	0.2513243381401828	0.4570145557445896	1.5109056670246352	-1.5633696145762759	0.2197939246430535	1.4473235364582062	1.3518382182511641	-0.38680099716667304	-1.1281997786382643	-1.3334445792789205	0.8724403960764721	0.8409916760038507	1.6730574797847735	0.9785959512650275	0.43877025528170543	-0.5648682711317053	0.30876733868934925	-0.9598103019021224	-0.7977863167944383	0.12642080927993116	1.4400417813748394	-0.7303630291314365	1.3036086831378353	0.03357731330074371	1.3307899634907998	-1.063799851315626	-0.02249839741959305
DTXSID6027713	4.184705533612133	4.129152347727474	-2.7383037879461334	-2.0815718088702715	9.626880191183274	0.8113899240643349	0.3076355648767017	-2.480990992500451	1.108586106031605	-1.4836642940102647	-2.152993584252186	2.070181544171094	-1.6042073373716572	-0.32353012965682526	0.10771874996978688	2.8701074688717543	2.619918737846063	2.4175306961366023	-0.14449697709769105	-0.28878282728304483	0.5905092446470356	1.5404538190545023	-1.0758047687406316	-0.2897588375650534	2.326692867091224	-0.5275075012233309	-2.271156121286626	1.3249166903308118	-0.8138508230903151	0.8893644274677409	0.3065554825379995	-1.1289170818193748	1.7408286452122887	-1.2549073327143265	0.22884692265872836	0.0753899808934332	-0.4659028597257559	-0.6065174776452574	-0.09669680681407368	-0.07664349339034641	0.4481768799672436	-0.8132710032245545	-1.0009275559093678	0.9147734293582106	-0.661872967336163	-0.774210674194275	0.6834003516240995	0.005145110666931795	0.3783974984084146	0.04477338107441055	-0.07062534639177458	-0.12957371653267832	-0.2708855358649933	0.0056050529959660485	0.051909003390505644	-0.2800267852573314	-1.6616391553946135	0.7657562556551991	0.6224840271044483	1.4736792605658136	1.0408161067664807	0.40030272757950525	0.630104728311259	-1.5998433585008607	0.7096722636088698	-0.9121489190853644	-0.33162732598956535	-0.1974642376865357	-0.0692038683576608	-0.42079907566814717	0.043967574156203754	0.06485273037493745	0.031245095988767912	-0.2717025351254387	-0.898710080381151	0.7998198233554407	0.06656281494678934	0.01373412149581869	-0.4279138748579061	-0.11649383317394893	0.4385655437866342	-0.2464984609661663	-0.6809057177315446	0.3891444823469126	0.16790383810877577	0.18774482645992133	-0.6556246846791285	-0.48880772972300457	0.24560202950397478	-0.249174635448388	0.30450441247193516	0.4802395454640868	0.17764646349875246	0.3550426673974706	0.3686978147242122	0.06174324536885167	0.11374866676693939	0.03578854208887464	0.3086923898574832	-0.1377313571046257
DTXSID0049311	-3.77171298243202	0.25231863900458085	-1.3164621716741305	-0.5332210516096336	-0.713300155789744	0.2735099456478222	-0.3049080656090394	-1.6625294221904094	0.29641745535669517	0.6255487791806157	1.6536030224364637	0.05869834184429156	1.3215020375133293	1.1555597228519678	-0.09871242519751641	-1.4027199637872185	-0.2820163934701208	0.5081860656329382	0.06870611874109343	0.6863149407304245	-0.3234373710459737	0.7184337960970498	0.41750207810195883	0.5339224815322272	0.06455895697559971	0.11961020037602071	-0.031836188526203305	0.16258447559137967	0.3759960484443147	-0.025383150956509056	0.25614982918862794	0.04773264313165217	0.5316348568572151	0.2581973782116123	-0.02020950124100019	-0.7755571398663464	0.5747081108969289	0.13855976095169278	0.3324438037049045	-0.5941116772963461	0.2753635532805455	-0.6148874756363704	-0.13123801446938477	-0.19141533753182566	0.674891399686945	-0.209487316205029	0.1569652163102946	-0.5437432023044007	0.1427894121149312	0.6778277087657446	0.08357541541512781	-0.04532807903607004	0.2735035347142907	-0.3945340666707703	0.06807149665937756	0.579201935097428	-0.19166422655366158	0.22344620446560667	0.10943816245233087	0.6526039402284243	0.14724235440893882	0.4741544115965493	0.06009162902732628	0.2838025923075039	0.3703590240118264	-0.8597556582983645	-1.15658551079039	-0.9657560032007901	0.7773980757519682	-0.05827670940606288	-1.7388555678260669	0.9242737489639259	0.16103059074816614	-0.6055801219645925	-0.50746345962154	-0.2960975915528384	-0.36625720281342833	-0.26643758763238784	0.29249703891865025	0.09099707908997279	-0.11290069738752088	0.09279137109649868	0.5244574914606436	-0.24449653003592245	-0.19366840430090176	-0.28448096499055736	-0.06546882160070096	-0.14389594691377214	0.17541054359380903	-0.0880038427418173	-0.19402328630061114	0.0960750567892976	-0.0661409355625564	0.17586433312763325	-0.47610415436187936	0.0825633833670669	-0.16958464024062772	-0.1409201518079624	-0.27949810037634343	0.06462773151534777
DTXSID0021127	1.5351222997280827	-2.1968140458638756	1.7521562223174523	-4.118491944808358	1.5927089988066334	0.17288672664711582	-0.47633277795337037	-0.1677698675147978	0.47198468103580377	0.8827952433526659	0.7241188544474624	-0.35243520999003125	1.0429390916170667	0.23502601375089416	0.8060854670400054	-0.08021685378228205	0.28760853827721855	-0.48049775709127235	-0.4712177194831241	-1.0727870719978279	-0.34292142984645574	-1.0763579781466983	-1.9389452163528533	1.0042510111896306	0.25060962507735024	0.4298596325569839	-1.18783265996594	-1.6843031203841963	-0.8643375399048029	0.8310241784882001	1.7125980979364361	0.23081176684354238	-1.089428868959146	0.49093392015776527	-0.3877370968329198	0.4973843946199669	1.089223773931348	0.8257678903325021	0.10049397952292392	0.14854226698867457	-0.04690621689429467	0.7076010785845488	-0.3879141751767987	-0.34864930579377645	-0.29220666545981533	0.15379690390953105	0.5955195034092549	0.0547156669670814	-1.3679474537161875	-0.44143635547224797	0.33456137951852494	-0.3374747248268648	-0.7748850548677009	0.09979386110085722	-0.32270796269066127	1.5547410404639421	-0.9222829111074745	-1.0291517893122477	0.7993803920429073	-0.47850913525051336	-0.06737699775390844	0.4570225280291187	0.8060209468112594	-0.49840455951369084	1.2432698219394593	-0.6628015695570348	0.06161324183496739	-0.40943769989912754	-0.013280521674156259	0.26594001567098013	-0.10958192888237349	-0.5635218735084601	0.3024321821959649	1.5391324552726993	0.07698795938815768	0.7290778021278741	-0.21229830982090317	0.7034967971296363	-0.6634068215424279	0.16264954110735622	-0.35404023453230493	-1.0689927478363335	-0.403130167292037	-0.9659018418022618	-0.6569977982424015	-0.16627601733433034	0.20035387423026912	0.23617719539388413	0.0755707661082569	-0.23787131685853224	0.40966133360614027	0.1696447691516055	0.23399410408948737	0.8836730385774609	-0.4080609918161775	-1.2569222180663093	-0.7204436867637257	0.11418640148664781	0.48745547741003864	0.7331898913999203
DTXSID3047344	4.936913013728747	-3.302037791947292	-3.5098632897078654	4.11720288910341	0.5163706798355431	1.6273294263559306	-2.1943607654188786	1.088333823546757	1.7862288967639257	-1.8318954625000226	-0.8464528646476364	0.6481780205431538	-2.6107708135873016	-0.7079012231486124	-2.9335128688535663	0.537120016098219	-4.695721063595214	-0.07094503132802639	-2.691770624947918	2.205451799997212	0.4267072222246818	-0.41572680529404793	0.9364018900374141	-0.7209566860986374	2.097893942261824	-0.6461677520017265	-0.7796653476360048	-1.5451802227204767	1.4194631725223437	3.7762577847288825	-0.6798186520686041	1.645149279749501	1.7588688453695127	-0.07592174456760184	-0.13526863180894538	0.6178810899724582	-0.16056694043389866	2.1669870535060682	-0.5412828729376242	-0.2747671951559033	1.9885117578623983	-0.847293984103975	-0.7650476263324907	0.9392567008749585	-1.340596617378285	1.010255211581788	1.4116904867039226	0.4707407596989272	0.16912335400759168	-0.02072177035001494	-1.08987251945231	-0.8674475159504991	1.8321633694730424	0.8695955974222627	1.2065713998782683	-0.31178786389628377	0.7580596108390474	-0.6185347129999271	-0.15659366693688231	-0.7118575534519476	-1.6392549231649391	0.2386288786611378	-0.7004450233986731	0.026494089850076976	-0.9441406659730404	-1.6559898090267873	0.9545833934071872	1.7945040113180517	-0.8821110527129076	0.8690106116854521	-2.922502106759649	-1.4011833793213744	-0.07781669828578612	0.61361124117207	-1.191814219932823	0.20949663940684135	-0.21580259128887636	0.20734652331049966	0.2760990470143203	-0.7225361908100076	1.0544821118916783	-2.0130233896101637	-2.3588768762299006	2.1613125705621608	1.1210937999486805	-1.2854130803351582	0.133412404237663	2.005683538324342	-1.6471655518668964	1.4479827784970443	-0.49597875897416394	0.04272658572695858	-0.3859780135934427	-0.1654574450703506	-0.6449009690827817	0.7206494799123775	-1.3415711816839238	2.1819850324602164	-0.9544093882211391	0.46419858276697856
DTXSID8048818	0.769781599482194	-0.1899630374301208	2.9358714894710003	-2.558271308359806	0.25822948608782637	1.8080344951573948	-0.5216958933144203	1.6755084527970907	0.8382445986208064	0.38473779957485105	0.7544894650386889	-0.8489622250328428	0.4122815778635719	-0.9400907352037431	1.5527530382510069	-2.5148161290182522	-0.411787433669138	0.4015563677220936	0.29245121002630126	-0.2356210782812068	0.030666261338986006	0.6722527056919781	-0.22714943786572644	0.4664050979958203	-0.4466168467841517	0.24886704129397394	-0.14142686140159122	-0.7688508448642712	0.2340631830023873	-0.39925311759266724	0.21885562133937456	-1.2231665224154664	0.0564223962947881	-0.2850733392760777	-0.7977080080846869	0.039987457055760865	-1.4727203810538634	0.36354233441681005	-1.1184853929840295	1.0561852083259555	0.016056331545219682	-0.38351748410096353	-0.671395382273905	1.1870013508747268	0.7489100195011349	1.6082527066598231	-0.48500843490431683	-2.0835446866857583	0.21128831911308726	-0.7788715794135489	0.9385422971947351	0.5445188712504662	-0.3334883835009074	1.2381735382173151	1.6412084261200222	1.052607287960862	-0.29297293423875037	1.0052029809073129	0.7129459078137579	1.1595679960379262	0.3607805235136547	1.2332142165979902	0.09389863924672302	-0.022218285796976087	0.15366076134959897	0.13230347931220673	0.5547462974511339	-0.12441682494163116	-0.17920494242415724	-0.5184298651088288	0.4435884716222304	-0.2866725055492812	0.6230102798059391	-0.9222743682177651	0.6448655523193132	-0.4025356139044196	1.046252311082091	-0.08191474273286413	0.15184978657526912	0.100740493757298	0.8110681349863509	-0.2308603567171063	0.77731331459838	0.5015745488780109	-0.6034297975941422	0.715504875412645	0.409695919656172	0.3529502340967904	-0.5935071536887364	0.5506287847226901	-0.4190497779900192	0.6956510819362643	-0.5656648066052818	0.054663393179874016	0.402029842157084	0.24840830127799002	-0.16253878395037039	0.10981588140685342	-0.5683769877206563	0.10060475148869963
DTXSID1041265	-0.12050858321148225	5.56669065710614	-1.2598809305425	-2.390576039091675	7.6214771083997555	0.11697473023422261	0.5159547534480325	-1.3799065011271414	-0.144970959423315	-1.1671133033517607	-3.24080062467638	2.275385357507335	-1.940708805312762	-1.311315012128625	-0.40073388224111345	2.439590360775236	2.1136466827198714	1.7943474006189934	-0.19056352410490143	-0.5769208965264597	0.7019722920904674	0.4874440913876014	-0.42462788728891815	-0.05608882345998955	0.12046853748262319	-0.319522465010598	-2.3186700136105105	0.7655044307160596	-0.7737425331617525	0.8191641879988638	0.4568708692594352	-1.9332726972075722	0.7364954623246658	-0.9590824586322432	0.5595238702663665	1.3915638339647611	-0.5633186348337905	-0.3213154473654478	0.053772923696261576	0.11589380362483238	0.22167499406278673	-0.5991040880993979	-1.0544150795205798	0.788397148152085	-0.7464719105251116	-0.6583396506752247	0.3132474964361674	0.41155281191477405	0.4889519742236499	-0.9455996487671807	-0.007369452881302852	0.42127088714255784	-0.016163022581900326	0.3478853087254229	-0.4509432062798802	-0.08446134438985811	-0.8708759409632025	0.4009568199388133	0.06380501072471811	0.15260947514239867	-0.35669122243487145	0.05322768278066549	0.29282185945707195	-0.17003886754395628	1.314520326150522	0.16483173875960688	-0.11294554333990264	0.21674194035529898	-0.5867184983100268	0.3098535023001834	-0.287402235268061	-0.3313144267960643	0.20401818367963673	0.19578710003177469	-0.8767236130915076	0.15908130927372888	0.3117733436523033	0.02998152641534539	-0.10041113941738761	-0.13521946270701754	-0.4378555827587523	-0.18672809042692187	0.08502978727373213	-0.5175997542216618	-0.12093159741905214	-0.17223770055813126	0.08096188925842311	-0.08236071636876409	0.12475169229734258	0.16299506588910456	0.4426169094458011	0.012900764474870803	-0.06684551761546827	-0.2631613455601788	-0.1509493496482786	0.07210170862963443	0.041573602315849924	0.031045725092374465	0.28274007506537635	-0.24972689842549672
DTXSID8041610	-3.346098314414314	2.843503502546464	-3.930395042914277	7.7918352319229784	0.6318007875909085	-2.9257250305385303	-0.3269090557065557	0.7944366204659541	-0.7127238145383251	-1.5336569508564069	-1.965542232091784	2.7514646675894188	3.603134876662404	0.24196681502084588	-2.1574139930323972	1.3302759342231467	1.7011475019072164	0.6790835826696439	-0.7710906081546901	-2.4338543064194798	-1.8197342586712864	3.738412171668945	0.03922591620719796	1.1823508502893245	0.019904757034230624	0.8989736424525825	-3.5231922660423742	-1.2697292341750082	-1.471199021097368	2.4351539217446314	3.023669944574809	0.7526607609494548	2.1169795375079175	-2.859397575155986	1.0260649084953422	-2.1960478277497533	-0.32257839658608434	-2.8912173958651426	-3.8088593273404423	-4.319197214694418	-0.6452558063137098	2.940815911528738	1.795334400866115	-3.8915869608834575	-1.3722778109327307	4.979931776915568	-6.296091856329933	-0.11637864513992864	4.148674535039148	2.29085755667245	-2.1414687601321343	1.768843036225149	-0.8655156196053466	1.6959683338478302	-2.0034251457259704	-0.9321317033510615	-0.4908715199438638	-0.9399005655385385	0.7793195977339487	-0.0553983463850064	-2.9144035260949157	-0.203105997543501	1.2106888778638718	-0.3966201342493947	1.0420866940322968	2.2760664008553304	1.763670596506229	-0.49462894356951675	2.4185754625990508	0.6501952269854766	-1.1983123859312035	-2.0279167445859256	2.0535455058658156	0.2648232149471211	-2.225094224328812	0.5171433150090736	0.928779071686721	-2.1516803573220957	-1.3336178034754433	-0.7714498989645411	-1.7465512053565484	-1.3752326547419882	0.10089852917012325	0.16249024678983573	-1.6727499949481808	-0.6463586841785873	-1.4953620096004998	0.25173050648671436	-0.01966972727679128	1.2342118909505084	1.5251053666842251	1.4271979662065282	1.1455950199241818	0.32369082570167734	-0.39384688758404923	1.1378501570384607	-0.5750984189634645	0.9821217765926512	0.017598883410757875	0.4762779336473798
DTXSID5047900	12.593063660897283	5.952108718604353	-1.8515702148767952	-9.12412329919964	18.415351795768615	1.5637413558859665	-0.771580311104883	-2.548254267487297	0.04294266814011191	-0.4018728988000371	-4.810332604377606	2.714049842019784	-6.2727023913440085	-2.7712622668816236	-0.2769854524524135	4.548386956783677	3.617482601682977	2.546956776533164	0.13638422431032787	-1.3883835368813278	2.723652855583629	0.07655127512177551	-0.7417979885237342	0.3439597340445634	2.426311266706213	-1.3011979519977912	-3.293842586401919	3.60537652003014	0.49264715857432695	2.1015254300385204	-0.18531175084252016	-2.362145088602077	1.5373227818719948	-2.2839076946048036	2.0183102273108298	2.036270040031193	-0.14761617274201655	-1.688617574910805	-0.771513357415876	0.39976493413839437	0.47333279074648305	0.04198850431179476	-1.2405710635022174	3.5394368306109145	-1.1164045270998755	-1.5954186901028429	3.5821790503725213	-0.5535119734847908	0.24843797108625443	-0.34522491172422926	1.0207692788519678	0.6761265109996251	1.6917301177506305	0.17356517839144142	-0.5436741575238521	1.2838030828421692	-0.8706198887645119	-0.6075124292255748	0.22907795455627847	0.3099662790767718	0.29024541724781794	1.121282087994386	-0.43297363376227127	-0.1688236013782182	0.11387621044436338	-2.7825503911684897	-1.7932106018824019	1.274851009778046	-1.735451069228186	-1.7975779203094744	1.3651756717153234	1.5889288928349514	-1.7425403747556623	-1.0895945711099642	-0.7043900715290361	-1.6196808802068714	2.3241175289279057	-0.6834298724215555	-0.06360509149071725	-0.08331723513069318	0.5415997183629294	1.4194839276862299	-1.18851369990722	-0.28676886235882365	0.5954164548239729	-1.2175613149624955	-0.24819203937558937	-2.2711634722819003	0.9683682660766103	0.5313735629875956	-0.6852523257080052	-1.2246670344243682	-0.14285168514780267	0.5593969967800647	0.6277029717226944	-0.01504832002119293	-0.4099142863742298	0.7271878927104409	0.17619612680199936	0.3822780164617581
DTXSID1048889	-1.194795460522791	-0.4152248006018261	0.1595289571857283	0.06694435603354755	1.7754113418791015	1.230707093108151	-0.45660579006769675	2.3628054131432394	1.0181588625375384	0.7386141659157923	3.234548971900649	1.5340850095929952	-1.4389806173958009	1.3289706411487991	0.6839635213293345	-0.3842905251573339	1.4496686180889398	-1.4902784972438867	0.7272719813130324	-1.2357079323027895	-0.3179634516568458	-0.22775109124576384	0.2295837351520089	0.5531734076631557	0.548352326162481	0.6105817742455519	-0.05209090030907934	-1.6400482937789547	-0.3471397988159489	-1.2951989268756994	1.5885037568389042	0.9346590159080516	-0.13341778736458984	-0.6895465264510565	0.9715688183820569	-0.0696872278168986	-0.21667942626468825	-0.7233419731418995	-1.0423738861203176	0.20698411782809945	0.28831734907580975	-0.0759362864452765	-0.011298434192427232	1.7500094539571813	0.2802211946971339	-0.39629640915578157	-0.20388396376505205	-1.4347954443731843	-1.2602786253377323	-0.04190934884414394	-0.24094306219843767	-0.473136193705367	-1.46761570995033	-0.5751628525207367	0.09488502599664445	-0.6431548325562577	0.48769023202906586	-0.155989214717321	0.25308922835085984	-0.649537089175566	-0.4240155774157284	0.24321618405550363	-0.2867917990541385	1.3613380463354074	-0.19437856144339513	-0.1600913641009168	0.1677123893258218	0.36924626984928133	0.6953939540340958	-0.965233725769229	-0.0809456343189686	-0.8013984543857359	0.2494792802548572	0.6822761509817917	-0.4774592810384363	1.2114876912847958	0.3716452550399312	-0.8820470940550282	-0.34685989975725173	0.31685884525179164	0.7832388893701474	0.19445985124505044	-0.24364553565589298	-0.7110522222127138	0.5363408820829829	-0.17631489728273125	0.012504400959947017	0.6491169882109729	-0.5115386780216048	-0.5097439230240227	-0.44143113090669645	-0.0436218449034492	0.40520306669872636	-0.169487108353597	-0.7503980287788561	-0.11605154514447885	0.492221111064672	0.8364978922192134	-0.7927064337524768	0.2874816700734696
DTXSID4046103	3.723825799222274	-3.8543926106498962	-1.5038127990669279	1.6270263480707623	0.9296608601424692	-1.045663823609959	-0.6725209841431975	0.6252335854375642	-0.1201695875982045	-6.030517645822786	-0.7443226183131986	-2.8284538167743913	-2.3300207903854417	0.020170103960006697	-3.4635417599859806	-5.238531766971041	-2.486119569336783	2.1593423110489973	3.0602402348541062	-0.053590827860538426	2.8518904675151022	5.40855747113904	4.119624673064366	-2.051962202902959	2.912478788941852	-0.5745065106947626	0.4380960492098021	-0.9310155621644887	-2.76244495257845	0.06924715518917358	2.729110392809812	3.316518633776978	-2.880197061345619	0.6854253783343228	-0.6224142331968261	1.8278817709778097	1.3699131997291618	-0.07130737624994302	2.5239391517488547	0.8948611112881302	-0.3349148317052633	2.0765488369269347	-0.5986194731604201	-0.6404010008478978	-0.5297314076468562	-1.6701325022840228	0.1995683425666287	-0.3778785396221187	-1.9379938447975995	-0.7845075119493566	1.0939672223291257	0.2788424921161716	-1.5033341890303042	0.8826579769280625	-0.7698188017004098	0.33486239838206633	0.4333826708041676	0.29780170087121594	-2.188548166237367	-0.6185160157204529	2.676103812958888	2.8792820952815514	0.429118924094178	2.100383178674234	1.0204548897116392	1.0842769821105682	-0.02963472753598538	-2.7970510727895426	3.168334815160309	-0.957694888700712	-1.426929281737045	-2.1542089934082522	-5.1857533757144845	4.9235120362453975	-3.065288052072195	-1.6287760658401673	3.03267557117658	1.896545050792117	1.6195520893790305	-0.730678303171368	-0.5242519750759507	0.9821955352841706	1.351049337200042	2.5846579948079467	-4.947885912081857	-4.316089575866619	-0.39748732195202274	-2.295159779548113	1.1932209068367803	-1.6379076843031126	0.7566314510727434	-1.3562206433040715	-0.6827353890130168	-0.7866328727842189	0.045002830150056475	0.22555635236129123	-1.2857139618104167	-1.592670471460157	0.7051043042054458	0.7156183169539475
DTXSID8044543	3.5154535246949985	-5.017035079305	-2.287519997347532	5.875363404058668	1.5503044696506671	-2.378871547906266	-5.05109403662263	-0.7872764511510265	1.1545356643486904	-1.474939982597093	2.561826889771934	0.09628068262974192	0.48239045834070626	-5.172044620047583	-0.9257584717642955	0.2303013771291206	-2.9519143857634877	-3.4613976012313743	1.6237767371615843	4.145835300728583	-2.118363552859541	1.6283527276188945	-0.29439581747901805	-0.4777055385018323	2.6993441493207286	-2.1558322638833056	1.0998011911869636	-0.6075679986303621	2.5895216883997882	-1.2265289605658705	0.47946876336095906	0.8819725223094717	-0.4737454049616093	-1.5758035973885614	1.0118746737809936	0.9582126806368473	0.18009639058691168	-0.40243821512773514	-0.39202688092322563	-1.5049674334026002	0.6214247510251247	-1.3900477116410923	0.411481999859375	0.9380565768445498	0.3030836599114631	-1.2275266779073088	0.4935734940032124	-1.2943681737802901	0.10143651875412271	0.5972827479880952	-1.2571723299676039	-0.1917792131317169	0.15082291282960159	0.2574141897914436	-0.36706384019320076	1.7451800186377817	1.264911064056923	-2.2632839381000602	-3.615203794245762	-0.3588474529961142	0.9434811498734929	-0.24067174149357287	-1.5057319285919026	-1.4696967428890086	1.6057359182272732	-1.3171921181652146	-0.24557954480964925	-0.5812773254353555	-0.5550882261164864	1.8172235922886357	0.5119910826405307	-0.4028246673075685	-1.2251068089328006	1.2379401547725684	-0.18156777087065876	-0.8186808084019028	2.9092604756059304	-4.901292596933527	-0.0495283526396332	2.8603889356493153	-1.7397332892352204	-0.8601119153141482	-2.110862815710946	-2.642177725287186	0.6190218355708237	0.45602774914745087	-3.6991987525350467	-0.5383215985193373	-0.4199767324274713	-0.5071551594846905	0.5097298713071418	0.21261466066939577	0.5334256747069577	0.4145546960741605	1.3581485126130741	0.7078951157613215	-1.3444740012062686	0.16266951405812172	-0.3436240622969087	0.4935507423388793
DTXSID2022593	-1.2013623442947219	-1.9652022761589227	-2.3741980216383665	3.5430281121437264	-0.30693923417624597	2.1912241127408714	1.0525265626990576	3.4098324576497085	-1.5272382308119006	1.1168617924761024	-0.03342754122637861	1.2647288074870027	2.1896906325393712	0.28934378145220097	1.6983891029484153	-0.5357095143661028	-1.3451912332109968	3.2885405963066727	1.0753504129303888	1.525948899861639	1.6309598687080615	-0.06848912231960123	-0.9054190967424482	-0.1100484873786598	-0.8129653770741232	-0.6132513056613302	-0.3438008043269204	1.0969475195605634	0.28916088926294725	1.0128335037818095	-0.8420013961291167	1.0851144425303976	1.0468627097750416	0.33409633994609417	-0.457340949102334	-0.49100207931476497	0.6656561975165897	0.7501931847860233	1.6101625633853103	-0.10144697788878751	-0.497886871807733	-1.6094143773231087	-0.4232062146560644	-0.8021089092309001	0.4303080802403891	-0.41691577814120817	1.1326296166851393	-0.4204436765175295	1.0664903574003661	1.545805875157983	0.25546443598074936	0.8312448925355178	0.588403473516155	0.7795511173832367	1.2734105024412272	1.8458767452708944	-1.6090016371666949	-1.5926904646990885	-0.27635446858960117	2.0296730428017447	0.5511718465669952	2.691523878310435	-0.9936568861284463	4.072555970128457	1.967787001647444	4.271893120127195	-1.085744925222572	4.669032874140216	2.3677659746338136	0.4031492213158879	2.124978011086414	1.6242530583019579	-1.926578304408784	0.26133084402181667	0.91175496644124	2.7638598712856726	0.2672740586456178	-0.9469263493029713	-2.5076609048123597	0.9317040545945283	-0.12647972215358486	-2.6925794536212	-2.3357952381194567	1.4873013609837504	1.2658625183428063	-1.651725609611691	2.3462430687059523	0.42571412337515	1.1307971617004822	-0.47091132602911817	-0.050981320173772576	1.4065725260198627	-0.5151883623683382	-0.056555498372410216	-0.8812682350420723	0.07522879703500071	-0.14544360513212656	0.4606981928567236	0.43153943533486316	0.27627664686154063
DTXSID1045877	-5.801774380385962	1.4375114403574305	-3.490442571477873	6.248085590473193	1.2961936686123237	-0.9879434608001842	-0.36129529058778814	0.9633894582203548	-0.09271401582661573	-3.161126333834505	-1.9414258130614408	-0.8130717171002356	1.5780930314009038	5.4466970146907165	-0.7470084019078006	-0.3969060871103015	-1.004240336009354	-0.5380938437690139	2.5558247166700014	-0.029140893269183715	-0.440822231483382	1.0684299591092425	0.8280792117837259	-0.042266648769902056	-0.9343861243721051	-0.45023405023688323	-0.7433620514171141	-1.0378690073506793	-0.6267494920293064	-0.5545210317957919	1.0998261241641096	-0.03524530361975444	-0.6354405077369548	-0.7319059571647248	-0.2647748716858565	0.9736772609005304	0.2853944254198514	1.5666901282199814	0.13008959774962878	-0.2327151463708805	0.0855077208710235	-0.24067529406466856	-0.4486251815966978	-0.2756807899105294	0.21162696854750557	-0.4928689409624659	-1.0214220185936578	0.36540632752240443	0.8276256307621827	-0.04026563509056089	-1.1161452977014272	-0.439699103268479	0.09581360425629816	-0.7536664272962387	-1.0971511645376835	0.06978778717163217	-0.4653871971602942	-0.4743808190309812	-0.1720796239085671	0.2666628440843595	-0.6821735545138138	-0.8535199928329713	0.7236070667099498	0.32438560108615405	0.47835027263801294	0.4947446117416878	0.5607843441943329	-0.09111117653167827	0.6586872798234094	0.7784509331403492	-0.6341707779806763	-1.4379898535208537	0.28167476910048656	-0.5239459543355072	-0.6270736726641634	0.19749970255446156	0.4517649865848653	-0.7519421945409506	-0.7885696759429683	-0.2546816050923564	-0.1531042603072661	-0.5197180731209685	0.4229154460636968	0.030063672817036154	0.09678389543551386	-0.564097749042204	0.14346057869614842	0.3420314880355966	0.06472988315155317	0.29161224773917677	0.7567641876408954	0.4648888160710697	0.3518086438986223	0.23712482235023966	-0.16576274872835467	0.6251660360185024	-0.5723242103034734	0.1400373388923152	-0.4598217565411867	0.5500912809961985
DTXSID7047778	1.4498673445876011	-0.24920955362916436	2.4433308519662655	-4.451617200204879	1.0883210492312654	1.047791059698141	1.350840948250716	1.286045270857269	-1.0658165377410194	1.1991421654085601	-1.5850649985937837	-1.0459860199512192	1.8291315670709116	0.018891612498412633	0.7173091754661621	-2.1010002090462736	-0.7843120099801764	-1.921054888983113	-0.835597496881774	-1.0980603262037474	0.20407705374756746	-1.1144691418795563	-1.3910672969088207	0.424461959465521	1.940579314384838	1.6351110921107384	-1.4153298031054167	-0.8455384407290464	0.8074994756835346	0.29331119400861716	0.9394645283323174	-0.6212022398863893	-0.9239124064456476	0.23501303164571835	-0.665324105953455	-0.8999833795458666	0.9531938666412201	-1.05328175077273	1.4366077911519122	-0.6122145972140397	-0.34395960154669186	-0.11712565417634926	0.06761342230441932	0.5338605428694818	0.06627521409562091	-0.7436310923086259	1.5616797294899474	-0.9264920600245758	-0.8923738734075861	1.2220271715850217	0.7041677636793573	0.019648108077169497	0.19494584230092182	0.5407822863072876	0.04540821922000476	1.0005085377963947	0.3432064105366025	0.29393392970629467	1.3786327586498606	1.725203958493946	-0.6344765353821176	1.2921021878803145	0.34990351641108003	0.04965654001547911	0.07403387113995973	0.44330706506016015	0.6333665713505846	-1.8151078835726338	-0.7290493173244541	-2.4148226210241805	0.20410455561760515	-1.0974351176366035	0.16527906061414802	1.3774694717581935	-0.49783710322638625	0.06989031430383405	0.11144396635867311	0.38849565166049194	-0.7079375776304829	-0.20484860094165078	-0.23175753623340042	-0.6773789249208791	1.1409802117797667	-1.1026472133589396	0.4083888809531385	0.11887805157564724	0.209530018280328	0.7220502582833004	0.9755552306040746	-0.793020015242619	0.03127899445129571	-0.6443286769886172	0.7641427456540079	1.0298088585824081	-0.6810824047209033	-0.751355519703215	-0.0725260349479891	0.388516670363433	-0.030727383260615235	-0.41078847568828153
DTXSID6025018	-2.7794175833608454	6.340894738957516	-0.05939499586866562	-1.162011861475766	2.272469700943698	0.4732706293912192	-0.19394248385665191	0.5520237694861421	-1.6411710714504772	-0.4388595460449141	-2.0761300531066547	0.5885628282613719	-1.3203184470564693	-1.53541388691537	-0.4975232357619876	0.686181115715163	1.1431783655057393	0.024926773121865343	0.5513527659918513	0.8686392606533857	0.6970143949660311	-0.8001293292099633	0.4747406413780128	-1.26415540443284	0.019717043273453094	0.33340697418125415	-1.2223610714832465	0.6999339005414784	-0.5488664617557885	-0.8791825164978532	-0.5465357742752985	-0.18369257326279895	-0.8257940920050775	0.6982874408593911	0.3604581830656904	0.17079123885565242	-0.4072409699284341	-0.3870972707666758	0.261308348544593	0.2887272324040695	0.39510420922077877	0.72733083407224	-0.6904953978759343	-0.17321409158487638	0.1339413508919746	-0.8721838844614055	-0.4807978544737906	-0.3559654910814601	-0.8277170956838811	0.5626973267393963	0.05655848588119387	0.09898328514209388	-0.8207335194893735	0.9030162560461028	1.0682741898517636	0.48421594004298035	-0.43040573457160736	0.22791256921514888	-1.5654197816904192	-0.2982605184043786	-1.1139080683133828	0.12573148841362183	-1.5948356585424854	0.2646373746578985	-0.1910150364547429	-0.13046255092123138	1.219138001977739	0.3021989329223086	-0.5821381069088479	1.5173137197905382	0.6323703811212741	0.8639056572109458	-0.26804758067373163	0.195631653477971	0.4074542641862148	-0.334972947572452	-0.47555516138567805	-0.7162500598364003	0.7604549891516316	0.16322406707786907	1.745353682628211	-0.3954269203894433	1.3515792016736448	-0.8261609406987376	0.5038007316849518	-0.8950179582401355	0.2369203446486469	0.3006065380973768	-0.01740762550898464	0.4300836889611177	-0.45073162690442103	0.34447214641399054	-0.49584837643607815	-0.0656183517902576	0.5577890723267442	-0.12201619082275118	-0.24705845130868292	0.1763578173809598	0.34468036130867896	-0.21903837911286309
DTXSID1042364	-2.2687261843500837	-1.6536388769570483	0.19676477438657455	0.3284581459950529	-1.866006422694907	-2.509707717763292	1.236785994860565	-0.42690627010622006	-0.9518677447241168	-2.842921276971697	-1.84903361653522	-2.862881922009632	1.5905052514416202	4.484485063718215	-0.9250048993989795	-1.0830780298243619	-0.4845669336088013	0.4603013175085632	3.2583014383669395	0.7669174794840763	1.5551210755685532	0.8202141734278734	-0.590858658363913	-0.1753336941848651	1.3485955666533884	1.5950538032617674	1.1388663526252563	2.7469882835993067	2.233094220170495	-1.6813814144648194	-0.1423630222347998	0.48045573490963234	-1.8578984500051374	2.652597412190659	2.032177547992309	0.865019044377873	6.361877212533972	-0.6707136036300357	-4.063879780843242	-0.4354804198139807	-0.17563021880769064	-3.319742400447184	-2.0387045579078373	6.3240933902951655	-1.692606797832839	2.638594805300855	-3.0230341077415748	3.0970692900068997	2.927959569301037	-1.2534153610751666	2.5517170005922196	-0.2165727163549161	-3.2362672059824047	0.5449113426301132	0.8889312072547773	-0.5546325535234347	1.6226509119250168	-0.6475670189075602	-0.3660257277373205	0.7922161561458606	-0.7089138090535679	1.173292145679501	0.6564933510074797	-0.27654405831235035	0.9368971743333842	0.47842103931514013	-0.11800099603618887	-0.1785010484852494	-0.37093002686328425	0.8064238714837518	-0.3908416567489137	0.784284802663378	-0.7801155734350111	-0.33731361000705595	0.21640698701764552	0.045412975234012214	-1.5510533998687188	0.06844746853662897	0.7766851508481737	0.11358005080574819	-0.045366493250982236	-0.45541701311247373	-0.10584938645881035	0.437689134643428	-0.6568552636875316	0.8887927917583366	-0.0020248705707761956	0.07437429144186829	-0.28084493789122944	-0.6501952869502585	-0.5328781882814525	-0.27249773088754886	0.20167832866815824	0.16356467152059306	-0.4102035207058928	0.2393127682498491	0.5764500056409795	0.019984341605722055	-0.7373867646364982	-0.08174634624715862
DTXSID3023718	1.5964806485081044	0.7935041311001768	1.8144978261934448	-4.69949572961325	-0.48074236722481445	0.9650430748176066	5.037868805720544	1.7228057827630443	-0.2187220699966496	-0.6368601242842431	-2.952601506663545	-1.490367097750283	1.3153128637753226	-0.39567168253383483	-0.3721004163335787	1.3092026545756874	-1.5035279862869784	-1.6011021989693166	0.5241827296574827	0.025411241883139063	-1.6791932011357849	0.5456575825044804	-0.9882130839282492	-0.7089497399932584	1.9317387864519102	2.0335660492622156	1.3314434517493858	0.058617629925035886	-1.3815849369053503	-0.8299549475674213	-0.10533818257383934	1.876898382884446	0.2843831694172919	-1.6041853454860198	-1.0979832078809961	0.3075106535357474	-0.2334517212989832	0.4511716516751081	-0.8268849587303281	1.2109571898278522	-0.0796183164334055	-1.283140589613537	-2.6000044992422984	3.4094195649371506	0.6348478379912696	1.6972348651429436	-0.14455955657932446	1.2909353554790497	1.0256494516539512	0.30583591689755757	0.825650305513979	1.0547099479978035	-0.5549932699407584	-2.03446659837665	0.04751402907571678	2.090809701406429	1.227365074821696	2.2198042964922626	-0.2935905431733609	0.590201658829766	-2.4500451265636283	1.7421667374793788	-0.4981256801571072	-1.3360071178125283	-0.4165699142057726	1.24973265531248	-0.11218063630531018	0.16774117688575968	1.8616197422661298	0.582438698102955	0.0916733506321687	2.873689378386833	-0.11492562755554307	0.9841297044704704	0.04199871902100725	-0.9298266959770418	-1.0620673128329616	-0.05804575568116278	0.7738863571001593	-0.3068565139536205	-0.08772727567236857	-0.8802405961929104	0.14400464725603912	-0.15779538415347197	-1.5219754057596357	1.204904847460417	-0.37463732216705775	0.7396389410298649	1.0384532506870545	-0.5432153410077903	0.17752140328200225	-1.0752941819408124	0.15719222835924615	0.18349882064028034	-0.511891178000787	0.4994027777519394	-0.6889648940085296	-1.0699156596014225	-0.1624466200125277	0.7974348729179229
DTXSID2048660	10.648281314568102	-5.794633706700324	-3.859166270271656	2.5553351209778916	-2.420430044555204	-0.755311266738929	3.750456465902782	2.296570036763697	1.3138604068944923	-6.545144280256236	-1.577818361918621	-1.8239830896961235	0.5705711613305624	-3.0856398495543527	-0.9521658105676609	0.24514617830823862	1.053578974418042	1.5846465969381631	-1.2831527293780731	0.579129398864192	-0.03359666014736618	-1.7668143169219306	-1.7633190079441952	-1.7683557344568168	0.5414323349811228	-0.8130878766714636	0.5393733923506789	-0.9159208387761948	0.6289722795985945	-1.780137025904149	-1.0421504983784926	-0.15185582474049017	0.7224721630436095	-0.27915895326386225	-0.44715044985828645	0.22826827500707042	-0.06366638407255222	-1.046757806548636	-0.6576543860119931	-0.7312580059601247	-0.9399485327560805	0.5290267700443544	0.17557623842315126	1.119289148670361	-1.084838938909315	0.5516187653114967	1.4643385527130375	-0.5199693588895787	-0.00032093049875567335	0.638641608044978	-0.1033962765685305	1.5747784252591002	0.34783178047244306	0.8698119643398385	0.1888861378701655	-0.25793346511744014	-1.5755572947797782	1.143295977667618	0.29071206878647854	-0.15500480241279835	-0.2221684520888258	0.7219161017651109	-2.7865647513426164	0.4020649719120808	-2.411564924789534	-2.813794846296782	0.5366037464920589	-0.5644166262423709	0.3817180841748422	1.2067583137060511	0.20999289854141248	0.6533777548724549	-0.7124611123762087	0.12382244134519603	0.867050323240606	0.6308361897149422	0.0548363727259987	0.4530737295250817	-0.608951805968018	0.418832357156137	-1.3287638325319888	-0.7717358667020008	-0.834454233186042	1.4039031921322416	0.7301436505627223	0.19817176241911316	1.8080649203795771	0.03599116286491338	0.7770737738136498	-0.45521600799333967	0.20029012963145051	0.20910426938706236	-1.0439479723524439	0.32373184007947975	-0.28073110676677654	0.33788811864334495	0.40471648281042893	-0.27945239097063285	0.2776927142391915	-0.7545028785534772
DTXSID4038762	3.598963755498595	-2.5981403881809886	-2.72420384695634	1.1149420241077432	-1.32278290152354	-2.672972167310778	1.6666643553504037	6.885016862088575	2.3753387346997994	-3.301596234428928	-0.08600753869557708	1.275243439083601	-0.0357429244605982	0.7901037442057955	-2.3008466809170276	1.263155539779629	0.25887484113949827	1.0875032622232814	0.4186479287489798	-0.046660566037432225	-0.5253326735310172	1.8286235239173445	-0.5729256856476986	-0.1057089992473384	0.3516388650288408	-0.13880239689668783	0.3271704917133816	-0.38525604469084535	0.5832160763868051	-0.15331410052498967	-0.4920359613349208	-0.5149295096826947	1.117499695775671	0.4966342043202525	-0.9859345164213339	0.5000692911859245	-1.5254950149038233	0.06477986181949813	-0.7731176800272337	-0.9307879204538994	-0.659865241773598	-0.45316547733366574	0.6654578207974513	0.4346521305612952	-0.07598317491321092	1.7481952983430187	-0.24760497266467243	0.8513762640855945	0.5267525438584668	-0.8171921463289598	0.843290847398744	0.8687896115969231	0.8931640902371891	-0.38094747189109895	-0.19334564137255714	-0.8861059072071052	-0.3505339414434251	-1.0038410756302072	1.7259957206563485	1.120351248278238	0.657123724454575	-1.2205748416203637	-0.6419542324058283	-0.5739726482029955	-0.8862733275609102	-0.477011067905377	-0.3985956828376371	0.10283901108543148	-0.14631969654443852	0.25413733977286296	0.3691974966707058	-0.05743142630660607	1.0081718344068131	0.540326336712079	-1.3638664055071583	-0.0010466134749028773	-0.7109807777978666	-0.4811023825103997	0.5556137901379611	-0.3860667046735731	-1.9623540564379864	-0.389370901774063	0.2569100382689194	1.150020067735207	0.00842479353925441	-1.0388472446899124	0.38676009399881267	-0.4886716419241156	1.3762733504016222	0.16822426536399893	0.5902905260167953	0.20896143485899568	-0.4898759654238418	-0.7663160404785058	-0.4962926455908302	0.9547260029641966	-0.8702432238551238	0.10524733924462329	0.47505852182419855	-0.100323158682458
DTXSID9025403	-2.6342144681252964	1.3751965123496337	-0.4646440658163093	-1.1664925294654938	1.7282591683324406	1.1447654428188745	0.7903530124130997	-2.607531655754065	1.2022336461985115	-0.5649715468777813	0.897737147201648	1.0208698797801703	0.7656221352145599	0.6476394278033039	-0.2105966158794154	0.07346170501585832	0.5463848820845498	1.0551989246427156	0.23705569030891963	0.5854671298327906	-0.20840086364959798	1.098448460886847	0.14718563747042607	-0.05612882980629898	0.9147406678740246	0.13891001752057747	-0.652921285229829	0.5956488633675996	-0.1361416507956412	-0.01294404746876691	-0.26504729090735496	-0.1814840169415549	0.6703515571255316	0.33606856137648056	0.08537047051905008	-0.21406776271459807	0.5018297937528363	0.6444781724524692	0.09070626402375487	-0.48737710656470246	0.2074711491227353	-0.6987669616963958	-0.42822339553310423	-0.30099761487516985	0.2540287662650935	-0.5011546586366535	0.2593265300750503	-0.07820663921006746	0.30086951423906944	0.20676783250193467	-0.2630014996891058	-0.41672745440600456	-0.22607742560191976	-0.13782663767952988	-0.2587004821968529	0.57258483496874	-0.23788211236173606	0.05618819476530995	-0.22538604676777463	0.10723972387171066	0.4302960694057341	0.2303936833494275	0.2702119499462695	0.02439203071866608	-0.6211789668346418	-0.38566912973896966	-0.5834936708732097	-0.44430985592525274	-0.3329601522658741	-0.25921479427374744	-0.28900505837380414	0.27055876098873055	0.07616618213184266	-0.06996485339080741	-0.15024669246336497	-0.22884572410232687	0.040192754050994865	-0.1885780992186451	-0.10592128508495018	0.10259604501819948	-0.2267576775070773	-0.15853207780594245	0.28012878641060107	0.20993078349474106	-0.08210269131362348	-0.13325609238063568	0.18676136049232422	0.17945267898884004	0.33856560002016034	0.04366715667812092	0.34166359331323115	-0.05327255725812333	-0.14569815910991685	-0.01587778642200756	-0.019468011462664685	0.027064782132323602	-0.27315096119651644	-0.0538258073553806	-0.05258801910157096	0.032619176063893474
DTXSID3048574	-1.7908308050590849	1.6432910369467644	-3.800044196808198	1.1930396048907215	1.700511118486357	-1.6979559150767116	-1.7634756028061225	-1.6708555240907512	0.5448422264357683	-0.7432956454504772	-0.07498283642963012	1.6930840670922331	-3.008745066325794	-2.8389284556200343	-6.544650179111925	-2.4838611000193747	-3.9870040458020055	-2.3349601352635894	-1.9262360574757735	3.4777012830011715	-1.87960324903247	-1.7463412406536836	2.4797965057062226	-3.5986006516189133	0.4016787057228328	-0.1629089399192856	-2.398289644800692	-0.04391556943843418	2.128066199908335	5.438231343295172	-1.30238490693029	4.220939343890799	-0.40708118323397047	1.8650811166325079	-1.2049749633433935	0.8365613871246634	-1.9028140574999168	1.6297021028172143	-0.0038985504918571065	-0.8574421463792543	3.447420351137176	-1.6925671563685767	-2.6518038880807215	1.5361294396267473	-0.728824455966093	2.3545265695561275	1.2598636010659077	0.03253367741889392	-1.3757440083549344	-0.708801264119952	-0.7151126638718928	0.9650997453408423	-0.7822426035418649	1.9222474321481287	-0.6387856836492043	-0.18304488550228687	1.5791085657824695	-2.1109690393176344	-0.04361068175516431	-1.012409739246019	-2.474476939471606	-1.3624296578466217	-0.7997954592449937	0.6401841109811445	0.3355939891844518	-0.2702510598142858	-0.6059438031125876	0.6976949109588556	0.15101176467294125	-0.7098725518984418	-0.6601933286474985	-1.4942005247894576	0.7909361346800658	0.07701230606832597	-0.6894072435184525	0.6179360483248374	-0.41973599301632275	0.12824924708146865	-0.09559996855747382	0.16650149111689166	1.2125412416298058	-0.4349760994596721	-0.09533683074338313	0.5571092285918076	-0.6030521889582998	0.10493650635335508	-0.32712775474793937	0.347973289549495	-1.2626556333548067	0.9555618628384066	0.2021284005260313	0.4442226305314393	-1.119232576161668	-0.2574216723755289	-0.7790922586254004	-0.3752745232270525	-0.08950510072360132	0.04395838128100251	0.7470599229274486	0.0998708181719723
DTXSID9023542	1.3311245415288029	-2.492576064473261	0.38948992655152814	-2.640008316278421	1.2234890259440945	0.5197054442736007	3.6469218570867534	3.2396761377406915	1.702290987297732	-1.3041160285594826	0.05431508902878551	0.5480749671828393	2.933718184435266	0.4061198956872975	0.6096346443365123	-0.9902137764868308	1.9299669067267362	-2.664520387108025	0.49524343311127034	-2.054152793390791	1.0196653564354083	-0.5903552889661604	-1.1818782718327498	-0.024305957105931034	1.8034600120153301	1.4346219873033847	2.5093434110254	-1.3563087238201412	-1.171480746022782	-0.05170850677384521	-1.3269342509902124	1.828497615065605	-0.016842125012978378	0.13595268082299652	0.922955779847239	-2.3415037683107442	-0.8149228960354792	0.09291624878194357	-0.010381821246658443	0.19888119505415572	2.2271646060133055	0.107923458752978	-2.26548201864563	2.2175180418262173	1.4181313833846685	2.195617666779975	-2.1148113451328405	2.832512305159132	-0.46376709061467236	0.5131486553933412	2.4674878972740304	-1.279600724891149	-1.9366827206968007	-0.12368388561611575	-1.5204356739426639	1.1573011150918713	0.9010347085485558	1.8039575547007596	-0.7217253664252435	-0.1535376337541186	-1.278794670723484	0.8521464451351112	-0.6375278628834687	0.6497519310331243	1.6897847050802193	0.29935761234045716	-1.8208482573068308	1.068743308862597	-0.6971915247490722	-0.4790997877780676	0.8145400914182407	1.0846862535697466	0.7786270108051511	0.4199209989475538	-0.4462857078000032	-0.4880270111866983	-0.33544764128090687	-0.08472179373495305	1.078549796835222	0.398682923894543	-0.30728815672878834	1.3849333251775824	0.2678548312085166	0.014343229343329855	-0.5825594663793034	0.6049499714184355	-0.6673972824290559	0.3169275656189799	-0.09864061128906486	-0.3981112196906125	0.23429974659555514	-0.4118178137168851	0.22158723575681882	-0.17272909173926262	-0.10552497497210238	0.05263183680187029	0.47755062861350245	-0.18385194472640387	-0.6310165840461257	0.4567015028894599
DTXSID1049271	1.2307129676406674	0.6727124943722526	6.23048188335985	-1.7276973480462616	-0.728762962685279	1.671115357549286	-0.6081978050819997	-1.4746106952434808	-0.30483846575104523	0.9475073172624155	-2.3756065459023774	-1.2017145951766581	4.314782709173919	-1.2577528243905793	-0.7628319260299186	-2.27219488394055	0.04937263445619961	0.3254234222334277	-1.7178432497719072	0.6531720075764633	0.22409698836060066	-0.3631341496914716	1.0615248826847077	-1.6427738712207736	1.966897114172625	0.21809084231019163	1.0000958606500079	1.2350768839589905	-0.0747597692422728	-0.4194975266208237	0.08585183410437526	-1.559540791659641	1.5092075006716117	-0.09595706912376013	-1.0744102634583794	0.5820450105603894	0.36735385910118185	-0.6249900127166855	-0.18621849379045535	1.413980595797658	-0.12322510383623295	-0.8268878591070219	-0.3288892074425131	-0.2989785696482807	-0.5346997728651507	-0.1458270791885155	0.18240861223743188	-1.2968895188811138	-0.5277060309400918	-1.3944927095782456	-0.3380911471607907	1.4081900294094751	0.7703904990828552	-0.016568752073361132	-0.371990728083584	0.5001361711016962	0.9260327581313511	-1.1657443050217984	1.065608329062903	0.34436811636139214	0.12365783048685194	1.6441524057960066	1.080124925093723	0.32093369425331864	-0.16600336018045955	-0.49602527952504966	-0.1967029932058212	0.2256390135584777	-0.06434858768020092	0.45089484008744113	0.04391942756892139	-0.6218835091853667	0.050874259139076186	-0.3630010661571963	0.7526256639787178	-0.2319922313490358	-0.33162944877059963	-0.1518330347687786	0.7833566659713366	-0.12797951048401882	1.140692277293688	-0.38777241917784633	0.0006528002337993808	-0.39343751572248276	0.806124118696382	-0.44661976417142746	-0.4902395317628097	-0.642671003048226	-0.15561043119185738	-0.8449308046448565	0.33825300036612277	0.9647657207967584	0.5087206377589608	-0.7217079963730765	0.4284778108884672	-0.2529135014504756	0.5612651954206678	0.1278731684015314	-0.6000311986945165	-0.0032139465303498045
DTXSID1047940	6.140608185800309	-2.4262209721268007	-7.678696440751626	-0.5484895512315705	-0.19391608656060388	0.7178033340445119	-2.480302109664875	-2.7855071139312613	-1.0564812870240106	-5.197108269082552	-5.200747034315096	5.081965022836532	-9.308777483717956	-10.149366041056528	-2.1629285002546013	-6.289936227267386	-4.364519744601077	-1.0766902292354812	1.030139660992502	-0.46992228297570693	1.1576675569372223	11.642746472189728	7.54323407173329	-1.3214691904108296	5.279068723493575	1.9489894498650462	4.848046067948271	-3.9003496214440707	-4.06134287405147	-1.5558382051575046	3.9281922417541444	10.334507080576426	-5.993771823599533	1.8455337783287884	-3.1398219769451763	3.334468315502134	4.990795805053359	0.2531452708414988	4.805181165197741	3.4779506410517427	-3.557720224193632	3.833102329351458	0.8664657318418546	-2.4444918920912104	1.3373686379591363	-1.385307461813448	-0.46998431166108784	1.5246998760665724	-2.895406499426186	-3.4227149939829284	1.2898606266397534	-0.3856771443665065	0.7612613924963931	3.331204978444924	2.1002237355044673	0.5402780047502934	4.216081678618773	-0.21318652746459488	-5.8964764380939485	0.0075192641707292375	3.8983233102297685	3.4413990545953816	3.9137848453777204	2.029011098424002	1.3785011792915782	5.592351207672776	2.0574564147812437	-2.439969308240318	8.300793067851213	2.224200814573606	-6.136322098841107	-2.9299284743912666	-8.873738757694952	8.520890706754665	-8.858409119829924	-4.971990539237659	3.0338508565240256	4.9021467972161545	3.8346786765036125	-2.466147128252323	2.2415854039173277	1.7626011573354776	-0.9535886667458869	5.741708329582825	-8.934105635827455	-6.361134566132244	-2.8362418243881526	-7.458728641399739	0.21100626229904906	-2.624500367109664	2.980599989322486	-2.993068716689178	-1.479244208465905	-3.1396102263039922	1.2698065722365994	0.19604648190127855	-2.889639605658767	-4.281960673827866	0.4562328352193586	-1.1437931322254868
DTXSID1044433	-5.123703542504702	5.028209966553186	-2.7311334493535715	3.4327558724167027	-1.8662227740116177	0.4333700193637159	-0.5862160781379984	-1.7227135689445723	0.10926302304860307	0.3512456542950793	0.12024587993594382	0.44797256928462914	3.551542914363814	0.7677409146666732	-1.7959665983349584	0.7651193132244747	0.5641920844696018	1.1996025224659703	-2.0975437355010533	-0.15032842138763117	-0.8439977369474677	-0.9588473888127532	-0.4210039142411218	-1.1600482202380726	1.1952375586752217	-0.4125311238154032	1.6626296160513603	1.1803209030171806	0.4533463627505835	-1.2823910786892656	0.678693529322486	0.583141048770995	-0.40477913087547734	1.7857101019610038	0.3082001191986178	-0.49144451148397644	0.7232814104814831	-0.16242979721759054	-1.2779410172356387	2.919306320993344	0.5897148674762286	1.464977869494201	0.09463716411607966	-0.8374077299407453	0.022140897856835387	-0.6595026445542576	-0.5152241875360332	-0.5644591212374143	-2.8339942922857904	-2.6092615965657013	-1.5731566476215593	1.0522086824728607	0.27320346119623196	-0.5982724367224208	-0.9817406529615156	0.39894182822401664	1.4075594663681814	-0.5459340642820039	-2.3470710893056133	0.8147386771957522	-0.3884331697136778	1.3605338887515448	1.552566671527897	-0.5457507598925152	0.42368683358439596	-0.4331438078941147	-0.7524153745892312	0.7240554898391669	0.2640626503104348	0.2568436555532161	0.15238010699114143	-0.0905990741067322	0.19964098188102547	-0.7178438665780488	1.207927070056872	0.5959415253310792	-0.4727556751375608	0.47672454123853786	0.5569168761669099	-0.41409264066767754	0.6591294475417394	-0.07360701274515588	0.6170524244246415	-0.3291588450119943	1.327073885741858	-1.0058562071288628	-0.6423580605024489	0.0321519524255722	0.9348411818650616	-0.3238838383022138	0.3766229790859856	0.2723438415610037	-0.09714622224426253	-0.34430915391755706	0.7105336801943318	0.5766239987350775	0.23091884917925734	0.27915015278117544	0.41858336688937003	0.08124265368863837
DTXSID8046034	28.329979349405708	0.23659624293135256	-6.425252165004403	22.884078280361862	3.1332466044057004	-10.333928292813937	-1.2949094728945427	7.305618463467225	-2.8936615134392474	-4.180432669363693	-6.359685648396411	7.934400506684226	5.4890102882169085	-2.274756122498063	-6.970302336674395	5.756824534215817	5.644688805434263	-2.5873306344246094	-4.84317292749317	-7.896949213157165	-8.573385410316305	12.785182747733899	4.795133709727547	5.569512115130146	-3.660269601855266	5.801310472247489	-13.138918284334398	-8.042318818954685	-3.099788392238672	3.549711269238432	4.439982834333171	-5.121323261809798	3.1495703936177533	-5.156153541105416	3.5371812664240063	-2.0563949656347402	-0.7367432930071884	-3.179574899247462	-3.690232051524931	-8.968435345708354	1.8880187976549228	1.6688442552340237	1.5379988167223113	-5.390685798706309	-1.0959292676675434	9.217544770030123	-12.245250836896926	2.598689101449806	9.448927526068465	3.1623382827475597	-6.359127160589457	1.123726284990405	-3.000469724923016	-0.6341904820910801	-4.215939893539265	-6.348001837855834	-4.604664083633289	-0.35354574804264954	3.347865127946687	4.375037480134595	-5.961765515483511	-1.2849768218561566	2.7476949013712906	-3.7011413984345576	4.278588896065453	5.931603553077814	4.880427966846079	-4.087709203431819	9.327314171589572	0.7245603123264844	-0.4570461669569196	-3.8965908040671313	4.775773718226808	-0.5753019825363753	-7.415510514065709	-0.5564603627300629	1.9850442190598045	-3.9591124139358698	-3.0854070424008992	-0.4865945651181313	-4.025484779814611	-4.630309723062403	-3.2263013462196724	-1.8006579608493698	-3.7790760663343095	-2.7164917574422924	-3.779828121837086	0.3552900828253073	-1.7816661315237023	1.60317042036768	4.458456021812914	2.855313685080564	-0.11776758252402604	2.4495901785892933	0.7757373537110916	1.4314080573492483	0.7205377657266989	3.6063507114814066	1.7306421610597524	0.7036278402035542
DTXSID3046164	0.17281125853034643	-0.4251004571393879	-0.8953281672095988	0.16330243364186864	-2.2064579633221606	5.181905274272253	2.0588098354984794	1.1980287998913517	-1.4370177876453134	-2.451043883244949	0.6176973235199218	-0.8067601108277213	0.18846869061919827	-1.802661437047358	1.0622146660460763	-0.6614648625420182	-0.5680494182540088	0.9556354913192514	1.2806447049432224	-1.6000288437259964	-0.06034203157994651	-0.06367140649153676	-1.0798905680620847	0.9743809309838687	-0.9926216488729831	0.5027873864641008	-0.3410229813851658	-0.26642908070477556	0.28050411606008074	-0.6097295148610855	-1.1020039564444615	0.22670316570039997	-0.8057050464645239	0.5882518550726211	-0.3650881953578771	0.38137939381389285	-1.5993883620246874	0.8931313885375348	-1.157827543734082	-0.31056131726106645	0.7559874766213204	-0.40832091154643424	-0.5940625219092435	-0.28305622889832066	0.32616370309432113	0.6550645176864469	-0.3767868316019061	-0.004856757768926944	-1.18866938628125	1.1679277754199575	1.0452027591066535	0.6709679946496981	-1.643691202899289	0.3212307736577721	0.29505659660058964	0.034745299296728475	-0.08120499200925718	-1.4015381001307639	1.3093154142224719	-0.35079408330979217	-0.665612456743355	-1.0166958934630885	1.1633452718899733	-1.2277290299759982	0.20942094320824786	-0.5993896555274972	1.1186507614632675	0.21769583276234922	0.6543972024195435	-0.2436892740215696	1.7219384286691772	0.1287385289107494	-1.798065111604307	-1.3863923264729963	-0.28403312590371305	0.6957293899670232	-0.05331414041726021	-0.21591268838220876	-0.08441154912350941	0.06291410699495815	-0.32822422492869024	-0.19051472592226576	0.20239145923687424	-0.475709700592497	0.7180776008981996	-0.22725704030114932	-0.06972445173767831	0.32469473083668293	1.187368362071379	-0.40114587104313904	0.5689898853552613	-0.2569431166386763	0.5544911277745989	0.6922145181905853	-0.36882355935641575	-0.20189446499055735	0.3830763217018291	-0.1980875689551494	-1.1271825887816334	-0.13769386850405899
DTXSID1022760	15.722091403920324	-6.889915325063304	-5.488467910179751	4.511893763442609	0.5556590384287617	-0.5479005853590087	4.674788475464196	4.405685016736412	-1.0711290793875452	-9.343237376430103	-4.349516840582077	-7.3658616534806525	1.4323171160579418	7.835242000120866	-2.3631452747650785	-0.7212994465685617	-4.635164184246838	-2.4144757902703726	2.020744354223706	0.09744683951315587	0.23583016842242124	-1.8683568234668775	-1.2760643477908034	-3.057390297380013	1.3362189418366273	-0.014597696146600203	-3.5188977590853345	-1.0401471281268029	2.488028807016752	-2.282678470567822	1.1280489355172316	-1.3419477718298518	-1.99313908727426	-0.10575638903321563	-1.9555994403542698	-0.2684626035800593	2.1008324775913843	-0.051156751287929465	1.2214444350939064	-0.605756069305684	-0.9698952386394947	1.5642633563917119	1.0734607711251218	-1.5984335331061943	-1.318423682867454	-2.3655260520175427	0.5486199401448465	-2.2232974479055923	0.5341043732484829	1.8941064456453474	-1.4354558294593904	0.6723049215946958	0.36865507449291934	0.1864125873280122	-1.0453322239690237	1.9814607388100172	2.412379931006725	1.4449811139556559	-1.1193317278272223	3.280458616609974	-0.1099136417483895	-1.1600957460666483	-0.9023805786211727	-0.6253498725585126	-2.265291405027513	-0.50833513917195	0.8310266105264815	-0.44233968298307663	-0.928466702084748	-3.373695587050094	1.3472893699109958	-1.1321874261734026	-2.176792656503324	0.08866905635246677	-1.3030917037253273	-0.3372026978178242	-0.4395150090556472	1.2811289075275627	-1.632145988994132	-1.6174546500935805	-0.7646979687254115	0.14247669886551795	-1.632699081382869	-1.4985370157521085	1.4430962980157576	-0.12030084205889507	0.16416335594083428	0.030339606353401608	1.642787721442317	-0.3473325953632818	1.699311684355055	1.2032215396173105	-0.171575745168245	0.884389456375182	0.7157988269365569	-0.266176357976647	1.3609904015243317	0.4443761810420397	0.89127161368028	-1.0082330394794399
DTXSID4022313	-1.8162784902630003	-2.8656912965710983	1.9479719376221474	-5.220060763051912	-0.6892600865727435	-0.9194464525691701	-2.3901546282857846	-1.5308949356685309	-2.44825324951462	3.7038582757009197	-1.254571575234001	-1.22142342668344	1.0182568456538013	1.6458470504449538	-0.630715631122103	0.008294580529519138	0.6830547068345615	1.582644081377974	0.2590292632356923	-0.32636464390533004	0.4711885804086172	0.601917594224123	-0.7651536163074412	0.9381948815016979	-0.31725369640575274	0.47547134749279163	-0.21628534008957753	0.38478579133308927	-0.06811520842438203	0.8285858735099109	0.33818509682610853	-0.20154312377262246	0.41466493779358055	0.26321491374071565	0.26018276549381486	0.5089535306923086	-0.38498271636349896	0.3482365716463207	0.22802673678162472	0.615078800304087	0.4156010023980704	0.22136947723670902	-0.42987324811183525	-0.37667549852425786	-0.07859909210458836	0.07286442541074512	0.09188512778221723	-0.5990363454320943	0.3888370814772632	-0.57419126062866	-0.04036597688726873	-0.32793017972589206	0.23356887699105436	1.109958505318793	0.540593291046361	-0.4458561713478236	0.18091113469281966	-0.2340165412115387	-0.7397179646836421	-0.591594225185034	0.7699699313254104	-1.0396563016367384	-0.46966130817701485	-0.37614906721116137	0.3863706247912281	-0.07078725905465227	0.3110481788592663	0.1602730762863835	0.20432345862700926	-0.5062407310053376	-0.20681747707900866	-0.22999109073957963	0.28404586394238623	0.440911849723194	-0.4804703059805568	-0.39846593773362976	0.24557758484226	0.2226728937012755	-0.018447238340729023	0.041529297156117764	0.06740806012007454	-0.35951690720325974	-0.14459332792464713	-0.24358879586799972	0.14341534851929205	-0.5228385436341306	-0.028858114337320467	0.49798459375958165	0.359226562061306	-0.07436119451283205	0.13546862607328836	0.21701796059961223	-0.025485613064725694	-0.0776656010492914	-0.2816224870967622	-0.695549950224704	0.3725290424728431	-0.03936502279567446	0.26109516873403915	0.5276960790382149
DTXSID4046319	29.79207098492665	4.0820671286634544	-2.817307100726327	5.298012053926718	-1.237794035480781	-0.03343504040035207	4.895636925790393	2.6083151404610834	0.6896083105387135	7.500832791741518	3.281809823641505	3.929959435414758	2.174457810791239	3.0081239402226347	0.4344917506791755	1.386082390445254	0.869300036604529	-4.978272581074685	1.590878728986548	2.8002029734427714	-4.0195335424739955	3.4308397639847175	5.052035217988632	2.5126052416200215	-3.692990571046268	0.7005879473863298	-4.607186456112937	1.6121158565808333	-4.966425367585821	-4.836514608130699	-0.12181415134608714	2.1670115888526555	-0.10710252466840091	0.27859163192905373	-3.9051019500631123	3.3512967632837882	1.850530892879022	-1.6843375729117045	1.9367773983947205	-2.1072699779840227	-0.006305348073094643	2.2464309024745104	-1.1043334788417218	3.694099487532154	-2.8502125980725315	-2.2274739212726797	-4.460556863674809	0.14661572255672503	-0.8867649845657652	-0.8646668918965102	2.023556144603386	1.157080771612718	0.28067811813659627	0.055757931179903505	-4.174709667199696	-0.9179317947540933	1.7057219443542113	6.834970615446636	0.47613532118525775	-4.9904202322569935	-5.170313882032912	-6.2168543572012105	3.443963786687039	3.036434300584813	-0.31088397594475237	-0.7246312886439089	1.5361263912664307	-0.7296866808040643	1.8772772833239189	1.7359881392212733	-1.6236045799231613	1.3366203298266965	6.516944258275151	5.314332549011527	-1.9465652091476549	-0.31649104427469466	1.5849578857258984	-0.8965872357967967	-0.41782589534259224	2.811827030327381	-2.3263263337341487	1.7223830597381518	0.503685487691944	4.665740712591412	1.0532550170557775	-4.967125902717773	-2.2048001045082057	-0.9721938037802664	-1.8701268181627748	3.777954246662043	-2.5566000766153203	4.950287824048425	-2.584593009478388	5.674739198338615	3.1759967394643116	-6.209735522391308	0.4491982211672588	-0.24705727403115582	-1.9750065994148314	0.43520390937477904
DTXSID2026444	-5.5151361803582315	3.0288594093538808	-2.8975691538758577	4.934510224601326	1.375177370331197	-1.9435522022647276	-0.11227048868809184	1.3113486294910448	-1.158802903049865	0.11626939159935769	-1.8884273532160116	2.409194861306131	1.971281045779666	-0.1659660139267773	-2.339609287305995	1.3474483417145289	1.4109242841653857	-0.2030750749606486	-1.3964003597284942	-1.9106310286494113	-1.086007679216845	1.7371640644653894	1.7428027136340918	0.8789291817385751	-1.0680939070992432	0.8316022321556898	-2.1794815107707928	-1.2938237737069584	-0.31027728620698497	-0.8603768515388368	1.4610672583745743	-0.23039303794229354	-0.20184646600153913	0.2226996914297947	1.054406753320755	0.28818640525938016	-0.2352353496262891	0.7691324035889412	-0.262130061761902	-1.9788634557599105	1.0574865222595435	-0.3648064627885551	-0.3456176217369779	-0.6921751601319769	0.968335282233424	1.0333355750858662	-1.8120072495712196	1.5218872969639423	1.5625425929094914	0.26028966842487916	-0.9312683489801135	-0.8281316607083719	-0.9815763486853765	-1.2174531523804744	-0.9427897567686423	-1.706434684346634	-1.4235165013399182	0.5702984760677663	0.47129118296981515	1.2555089922219793	-0.6614370053191307	-1.2085900893193111	0.19366493722780678	-0.8791554038088607	1.3618330701267938	1.1851328860718997	1.6739471772176422	-0.20496989323693884	1.7939541749536538	1.0082959719347275	-1.024108266504157	-1.5195473922800293	1.0890597561107327	-0.13700075184486846	-1.2545636153998716	0.9442793399110273	1.1757699419074834	-2.0568626450969867	-1.1020491542079025	-0.6709499407932492	-1.2955520666975446	-0.6824324926864095	0.824948159265528	0.19977049168195388	-0.25015114553112555	-0.9194665617715467	-1.1378654877716794	0.029325096628621424	0.2390062930976921	0.475702052055255	1.3052271835900084	1.565959418674613	1.1206884030288256	-0.3810057356750453	-0.21499506988163924	1.2189190049186376	-0.8503618821554152	-0.047507281893246774	-0.18735123621627817	0.9296922297504674
DTXSID3042261	2.9830713752159403	-1.215157409998018	1.5519743371109322	-2.8737250795633353	-1.6133359909543814	4.319903484381835	-0.43648633553203475	-0.6768631578185423	-1.960419617781527	-1.2468898162957618	-0.2341745912952091	-1.6361964177159833	0.23686359015181227	-1.2855795390458793	0.32587822658180093	0.07119572448657953	0.8871090773880416	1.3511381546720311	0.8643515617059976	-1.2541479075263007	0.8477256588790932	0.5416426583881391	-1.2568410345194203	1.238888359262149	-0.6076584420306008	-0.11147928617406137	-1.0529374245785237	0.9679061138386686	-0.432043226782745	1.2489654595029123	-1.2064467500577665	-0.18166510411734824	-0.5750225773291407	0.6090451844366043	-0.23767087334286002	0.2783612458438947	-1.3758814551612413	1.3562104387008174	-0.12178305719428181	-0.22180378295440825	1.0988451853004704	-0.44585879981706034	-0.8161809511679872	-1.028003880349471	-0.35176289136875266	-0.54762307601804	-0.4781021760834534	0.08056862268758731	-1.157314208817251	1.4512659809558472	1.0184695293591544	-0.40861144094269486	-1.611176032782558	0.6031107567756601	0.9044942232802728	0.45187972859029657	0.42190734448337663	-1.5257800873383731	0.07422444514456361	-0.9730306095121082	-0.5693023930959666	-0.3672615290528714	1.515435609231396	-0.670025612268962	-0.7562742982144657	-0.37049518646140484	0.48472338407779886	0.3239700054084461	-0.4817673337282426	0.4420245890098606	0.5399385649945284	0.46055999335971126	-0.7475726066020641	0.0365625063466438	-0.33050551751662743	0.2775966395677952	0.015580915122201142	0.36146657937486215	0.08426642931189181	0.5196701276025633	-0.15297352740134237	-0.32664610677589945	0.5589300684944826	-1.0000605790912824	1.1110000416099388	0.21769975342719852	0.13301191863282086	-0.19398391344696894	0.8294580767824569	0.0004846422558013732	-0.16827874551049238	1.48730868527874	-0.034083450065039	0.4727269255434063	0.21131928562073424	0.2571004286034243	-0.5517519265001136	0.1012501706027512	-0.12959297608649806	-0.21750338712407757
DTXSID3046407	-0.23320176907644385	-1.9602273301360724	-2.702401821951148	5.858531479578803	0.5364727180644938	-0.24627066510703952	1.1213638487672053	6.54343685069307	-2.286854146006145	3.090792574908143	-1.075494016667877	4.952811998306335	2.042130147076606	1.8195281789874915	3.121169966240759	0.5464279958939529	-3.7683305785750454	5.069155846911047	1.990519940151348	3.1636985782372427	3.3555996087144466	0.35075556738472924	0.011381877311264957	-1.4375628899424495	-1.9721720119701958	-1.74838830333156	-1.5288302651417303	1.6293421306114733	1.8265506339450053	1.5515149669771247	-0.9468759719004376	3.7420653049159065	1.4375908437423939	0.8001061681026805	0.0569111464983897	-0.2343688486357098	-0.031191978349692166	-0.6036339223398792	2.7964545065558	-1.5958165681096723	-0.7822089845846112	-2.226397496680984	0.38661969426467646	-2.4506742563580968	0.9811264162331286	-0.636206721079694	1.9432719394452485	-0.010954205721134416	0.1516969328562285	3.16626571748999	0.9635477087320955	2.026716565364778	0.7314485508050994	-0.35196460712088595	3.201524549425025	2.7971608522493163	-2.241090866750514	-1.605990300011424	-0.7443282712401077	5.048296977392482	2.796260746067091	5.0216617479159185	-2.4078654282404406	7.50417171853155	4.044126253859495	9.09169205399916	-1.2709532350649515	9.456261609602173	3.016750093937116	2.9314597392156	3.823760413589364	3.42031942595022	-4.528355558719674	-0.2984487097071984	1.5917112877673592	5.806510169894337	-1.189725478511254	-1.6604829505147296	-4.17111937682065	2.679811082041766	-1.36590310138507	-4.67108589432687	-5.201477815634837	3.762338560244292	3.2359898797447735	-3.88282518808465	3.327067579157988	3.4075920147288663	2.0336826183350154	-2.4285420227812335	-0.4039402458294029	1.5199674597040234	-0.3351917954185776	-0.5358102069069206	-0.7226637714106624	-0.6379088020294802	0.08483543425649223	0.19715094503970376	0.7768961033489653	1.9609494341368692
DTXSID0025733	-4.429614105329628	-0.8644709793592349	-2.231345435176076	5.1188295773954575	-3.072152886419724	2.33692889582064	0.06479359107197342	-0.9082883984792272	4.486804246526856	0.39275997273104524	-4.009797817042828	-1.837245504070243	0.4981811783927314	0.04494768277644292	1.7356579321743233	1.1296507335565145	0.16576573104885875	0.798170165794139	-1.8354990533579465	-0.992138031014331	-0.19267885987406316	0.7359030076823991	0.46790052210088257	-0.6564392321810212	-1.080141564591959	-1.3068822728037752	-0.5507854732274418	-1.5669440323577264	-1.3390385467546715	0.27463339583239205	-0.47098810369632266	-0.8867925238140324	1.20875811316155	-0.7755797275536178	-0.02214935210147685	-1.833146698942591	1.7811474798412057	1.2539220302018983	-1.173440434002542	-0.9411519597986454	0.2940891925191868	1.0408271696107771	-1.0631031224775649	1.5426657965432753	-1.811150741247304	-0.5705746094963166	2.7007824341254016	0.17192233675733481	0.1923125087646563	0.955524520226078	0.4847363674904387	2.058763657934903	-0.11299523739838171	-1.2705033279228284	3.5295207866233755	1.795088657696563	1.228087301341149	-0.6154175490898232	-0.6176170838924467	-0.31795577985683576	0.4534375135127055	-1.7260511971330217	-0.9109061406900347	-0.09132044014242811	0.3646811927833792	-0.5992087399196147	0.7202932348609224	0.13927370496518857	-1.00331048035963	-0.20202741994130594	-0.014967174695874627	-0.38750146464564517	-0.15171545611465628	1.0924650167109309	0.13103968602178553	1.198865751993374	-0.34556262601775173	0.2909418775161812	0.6135790610601607	0.44937649870416446	0.30484730800012266	0.2908290641459697	-0.17801982515220302	0.14440965975137085	-0.636187975635068	-0.22315967303915832	0.8282253233015456	0.7129242961053168	-0.20221718743043685	0.35916516708670954	0.18954880909050528	-0.035135688735158495	0.3780246143302441	-0.4277059793680442	0.3793617990226914	-0.5972052814782017	0.12224901533119145	-0.8926273883323393	0.3593900076641884	-0.4727136074043985
DTXSID5021461	15.415371383185242	-12.028713955354991	-59.21297053175149	-4.678019243753307	131.31726307792727	1.750693776881666	-28.494936100676064	18.424182901348313	-24.335581892751232	-22.91644110047573	3.25997716931963	-8.280006970919144	17.638823068631083	-25.09958657476893	74.85853761570029	50.020772129037894	9.056065898068145	16.891463719882882	1.2060467157483201	35.898645519393874	-3.085413788629739	52.43733294844287	-46.995768789021696	23.238006686634375	23.204716591111524	-35.990157751729065	12.166511310054286	3.4253643069008337	6.524135159346757	50.296512834197344	56.8737729271306	-48.697935740463414	-0.4205392219492684	19.92715054229839	-26.79359026235091	17.557859561567085	20.05644845393052	32.04871114684275	-38.84880717665416	-10.649892021563884	33.804726585846765	19.28043478151003	-38.430255298881136	19.58999173270718	-8.935101434744125	3.0666612411367997	6.815860507198354	0.15247190730430146	-31.34302420985658	40.5254024742492	-32.90633292153556	-7.236859014870161	38.463034172679805	4.42604019655044	-31.930902154005125	-46.24963579265923	46.71378748610723	6.225079250938898	41.646437939994925	-9.235901337644098	47.0250485884367	13.622646390035598	4.603310136581125	13.49410794934361	3.022576148268591	21.903618420475265	8.499006164888746	7.923457707408849	31.771520856221564	-16.27721874477999	6.632633388936336	13.019368147869217	3.597294416377392	-1.5895275626898075	13.43725324022703	6.642833267649265	-41.54511013662308	54.43474605189484	8.275375300474344	-30.28148042221865	8.790448518973784	43.56064299647658	26.167209337903177	49.384372749459914	-16.829728066209743	53.83829795130094	33.701557538904716	-14.010947581631584	-6.931989244882557	-19.940804107766322	-7.067253427101015	6.144733410662227	-2.0562249771994052	15.990845362494303	28.22540379829934	7.344627123604334	17.901757643584137	-36.49628113509062	9.13735717678303	57.38251965213608
DTXSID5044734	-2.04015146276939	0.9875885255195735	-4.474766068165989	1.7652922247312148	4.551339301669476	0.3435297676679747	3.3692572489286494	2.208064482359114	0.803347045850884	-0.07889442437914117	-0.9459921716207218	2.007996374315744	3.9724476331755882	1.2116610766117508	0.1490715461277787	-1.475661397662292	1.722741823349783	-3.631323980098814	-0.5785006929231362	-3.9615326449925026	-0.2660995294270764	-0.117229809986196	1.030600561792925	2.0559506139730948	-0.7655300335151103	-0.20267334736551176	1.0972442354615373	-3.2116780164192082	-2.027673402062702	0.028395757589376857	-0.1401632188224743	1.5137277725276281	0.49829403991529836	2.2811208749402003	0.502805261674432	-3.687094462550703	0.06680318381836477	0.524574446843154	0.9263754905768045	-1.2049944536314428	2.3668209885965066	0.025982599474578243	-0.8628262804500806	-1.4148932974866897	3.356781445302697	2.013989132753343	-2.082499634417848	2.4755605609894222	-1.452880532175051	-0.8510475270611141	1.8378145767990748	-2.9517427287349545	-0.4086647885842189	3.586718198601278	-2.17378704319091	-0.9643579072404506	-0.770856000279369	1.1806021837746605	1.1881311423419414	-1.2769090246580448	-0.19791254598687122	0.16284199660057513	-1.5311482031345673	-2.4677711708303876	2.0648543803880934	1.1674020030406622	-1.1892946119544867	1.846320501201558	-2.473109432427573	0.13470405998038923	-0.37925930733948116	0.01589715176317971	-0.6736486712862666	-0.8346269534755167	-1.3218958607962954	1.0055470550607366	0.7181145492987574	-1.7465336644942224	1.4166613456238577	0.6301395886282464	0.21232061630189225	2.3001377129508587	0.08411386859729478	0.3748273083937758	-0.055572222754052714	-0.11750413511724965	-0.055110214628611584	0.41543653279744774	-0.11122616499228805	-0.18622500292741415	0.29125346857381607	0.2959400522318655	0.3377972671374897	-1.2140984661290253	-0.06983562541140229	-0.01709428303114312	0.03231734169964232	-0.7897941913487158	-0.9990832826603533	1.1138950893571067
DTXSID4027525	-2.483615423964578	1.7458214163719958	-4.727274449150074	3.713359543198423	4.234277594348362	0.07213655169120203	-2.504217212613804	-0.7647979996186836	0.4300185021014307	-3.604772765253663	0.8888721813526091	-1.5568929309496757	2.1957786414500555	2.5193343483698585	1.507602805469098	0.5075971327471771	-1.7246543155585572	-1.296359012871934	4.324935742355329	2.123930398784598	-0.7267402559755443	0.4201927410249774	-0.9981415174908238	-0.04455806058037676	0.6272083196689475	-1.4588953171719665	2.5103808981999616	0.805219251699434	1.0556895288932897	-2.0147836738028553	1.6078997598368805	-0.039622705029339574	-2.6041682744074497	-1.949987836628692	1.1209810675227074	2.408588259896341	-0.08027652146568251	0.8756693089473218	-0.20666185373012447	-1.2199278959766615	0.6794379114270866	0.16043004767306054	-0.25696304447454765	1.1649404526906855	0.6136310370845578	-1.3292675128287446	1.7070303737219181	-0.8536957819085976	0.18930291111925218	0.24549486136707976	-1.1535496480410248	-0.2327051306590868	-0.4256901944778247	0.33194800832200544	-0.6739283533179385	1.8827378625717213	1.0634896255043336	-2.0878439960679738	-2.258386818064303	-1.227054891762015	0.23309486323429748	-0.48981382490647973	-0.9817954085185505	-0.04086311673858284	1.3345979219102142	0.24850737087588096	-1.1140436697418103	-0.8782602114438005	-1.0151953326344691	0.5921921298382754	-0.08366180731000859	-1.5046651434108225	-0.34048526434157517	-0.5743307241027793	-0.7298767310389584	-0.49072480363822607	3.763817309414196	-2.869174711535892	-0.33314851009459384	1.5191174410169976	-0.9870761494101449	-1.596649088114992	0.5638675138770466	-1.9786878001810917	0.9598050134275516	0.40208679241187484	-1.8562746346218608	0.02219308581554103	-0.9160417361351791	0.33029224634084464	1.457296013561241	0.7162308797279348	0.4287769852636712	-0.11858613890191833	-0.462381111101098	1.254643449778086	0.01903547579672459	-1.4657473251194715	1.3989867339581759	0.4016983997022016
DTXSID3046871	6.987843487656724	7.897641695541716	-1.6052426805488578	4.9662606034392	-3.131028271331098	-0.9638549073662639	0.17205583858307374	-1.7951960389813206	0.5028614321170581	-0.6650689707295876	-0.6800902451482189	-0.14497955305069707	3.5923643964964636	6.212261292693506	0.10839739738280195	-0.2365711850271203	-1.861824817399033	2.418098180621946	0.7579230236831478	2.590427089601549	0.31751097701246284	-2.6087823634579905	-1.4952209233743388	-0.2794492358494331	-2.759564283830187	-3.953350964051982	1.1214022512968917	0.469241111510084	-0.6240898631157972	-1.0413377000289992	1.68070808858647	0.6824323355166746	-4.251155755495709	-0.3661668726672738	-1.1555080427583782	2.600527592373971	1.9059417366134999	0.8651536555422524	0.4365327053597236	4.620957831046442	-1.2177969759157548	0.08866804660761535	-0.9967633552719632	0.6888812334060518	-1.6524036257404968	-3.822157574883312	-1.9412858368031192	-0.04873592890414682	-2.95688679487324	-3.4261856496013956	-0.8943022619819783	2.1078940663178467	0.9617229737801052	0.21203535162854287	-3.6334122405532376	2.815570684443593	3.773182938432028	1.7343994672041563	-1.1480739241411313	-3.5173508292388904	-3.3115647330247975	-1.8663731142579558	3.1920567958257857	1.494855377042322	1.410157644491327	0.8432577315862556	0.4031374280749513	-0.911691370960866	0.14888923590722603	-0.5193677418402961	-0.39902891339293783	-0.24108985315626585	1.2415648042618928	-0.5354028348224339	1.5433979074202777	1.2651502391065867	1.2565150927757358	-0.5196545105329248	1.7930093369640037	1.985839464076405	-1.1098335037019174	1.5452164535604356	2.8396990398754394	1.99076180922128	1.269296734564755	-3.51358054923412	-0.37157975795894266	-1.0220517272459388	-0.7519210443506421	2.6335743700783176	0.2792439172103453	2.3148418187054554	-0.1986462764849342	1.910852567608657	1.3412051825011104	-1.9341532635491883	0.7614530441115408	0.3302756476440138	-1.2706992453464285	-0.6975799073986862
DTXSID5025657	-5.789218018125448	0.8377610827339347	1.146957544328845	-1.642316435201145	-2.1832547992611104	-0.895993906612459	2.1251074904807528	0.6668797152932285	0.43372432411702466	-0.620475367352464	-1.737820257267543	-0.35279803715460595	2.676848267724257	-0.21233030035153688	0.05545338021194196	-1.0141730388995263	-0.560723438272276	0.21622749271167288	0.6535084324141123	0.38229010119021917	0.27977496914291333	0.4036735979594954	-1.3699487075371155	-1.4271049660018642	2.2389790523438156	1.489672825068521	2.213996820438535	-0.40642991417024654	-0.12317824384553842	-0.7808328057626804	-0.32579233040752215	0.29095430942484624	0.4468208953067011	-1.3098949673864222	-0.6442217853897823	0.2378558058704101	-0.11532305765875799	0.9307798016266002	-0.9446760243945247	0.39513419458451393	0.6690185888299213	-0.6587622465670925	-2.2771217716211667	2.6574329669148833	-0.26720150259880965	1.427792157570709	-1.3766032327439996	2.2134089055002026	1.6946823049190807	0.7137183146346474	0.92194498621919	0.268299751812028	-1.4266543565913579	-2.0122688333711305	-1.6274603859314045	1.3967210244797867	0.6168191648914128	0.6835134236070419	-0.5958147312392394	0.9743058879073233	-0.6952593733482103	0.5966984869965775	-0.06364476626089927	0.8239171763578714	0.06745242587050926	-0.33096399599306797	-0.5542304141773087	0.014923323678935995	0.3272768391176449	0.47990448222047394	0.19365604744060158	0.8804895356836189	-0.3360654248970696	-0.10155666730038772	-0.047613257965951776	-0.45821431078341884	-0.7563251898118671	0.1629350987779831	0.4269929928994947	-0.3519668487993662	-0.2301266380878018	-0.4013868371758466	0.08056432159030179	0.293019156006007	-0.25350537295004055	0.40331702776675193	0.046140435654928064	0.2720679887027402	0.15194245739290693	-0.45701769444096435	0.05109762888251947	-0.10859629196987096	0.08238044052138851	0.21304016243350113	-0.13999865200463205	-0.07402077340224122	-0.16682076799584683	-0.5622636405715824	-0.2319587777934303	0.11809479571238438
DTXSID7049394	-0.5336008073229211	7.619104705245649	-1.9518602668700262	2.689157705165698	-3.190397619223567	0.17233879014700937	0.35609917686703957	-1.077849472868045	0.1853758712932467	1.182013673922098	0.24479104745497002	1.2441705066060935	3.5301640547520354	1.118448824493502	-1.2866374949729376	0.4725479782031947	-0.9197042803811917	1.8989349291906812	-2.117631766138334	0.8588001818054654	-0.14588003030495886	-2.1191163044194137	-1.3819470596793102	-0.652186543038627	-0.5298499718375372	-2.202992272606117	2.165132895163044	1.0480982190516892	-0.8242621462455422	-1.1035792427745175	0.511270412904063	0.9110651153054328	-1.9637490419889263	0.48974878901341057	-0.5033615181359065	0.7182049410719367	1.598359317888725	0.2248552676644644	0.16380241337504886	3.2653639557994203	-0.3502425277082797	1.014336688495446	-0.5147431156532526	0.32761385596807824	-0.8604191881655543	-2.234968727925859	-0.8813993758774787	-0.1305583666902362	-1.7923286110150605	-2.439767095459312	-0.9879857341059454	1.396968688282431	-0.4581859806830295	0.7191950347973349	-1.7028184645113615	0.3251976176338844	2.5101623091046	0.22390409074429599	-1.224284531695019	-1.7892650626461897	-0.29282464707218536	0.6797788680772716	1.9710550881008486	-0.01862377597592319	-0.5077374728404468	-0.16616064370458639	-0.7497475899742669	0.16596400353005986	0.8166642742292572	-1.0214988423585543	-0.06639212006879008	-0.4222960438935133	0.8610647563295927	-0.43950999653768336	2.1185848276166266	0.474790688980629	1.0079275237345162	-0.4209419359079097	0.31836078148738717	0.8339101116617467	-0.474723285269912	0.9486804231121893	1.3464414665839208	0.5797295993366209	1.265826307845117	-2.1925414919334507	-0.14047185575475352	-0.04785538085448239	0.671442072916321	0.26384725597643477	-0.34222035189360905	2.048634417905629	-0.48514326272333447	0.48830744508369406	1.1102233462670823	-0.4498916540047922	0.12958519093649032	0.6972055593252615	-1.0177460301542574	-0.2927328634414348
DTXSID5020601	-7.489111741103695	2.273924698944386	-3.647230747156063	1.7612687527087296	-0.6240168525227684	0.2144247250677619	1.6148824951129768	2.5264627393273047	-2.8777810979978278	0.5512468480761451	0.12800577154872855	-0.8076333835945145	1.5629222046823619	-0.7659571111426271	0.9442630422343797	0.47382724290046696	-1.2440042607400483	-0.6548589448636625	1.1309494101480864	1.4747602564540945	-1.5939836549203978	0.7177700466078342	0.8782641107448921	-1.2228521902762601	-0.38286014019707093	1.870023979800605	-0.5053796307697775	-0.8203125370759041	-0.6635964463271514	-0.22099690944555714	-0.34274971001880067	0.5012739550117326	-0.4544488102452735	0.563708347469362	-0.22461787504450892	-0.1203206372693149	0.4178162730064906	0.591486790766983	0.2566393814629367	0.25434691727089914	-0.6082376735670807	0.3315335493699565	0.11645350854278115	-1.2443025454329537	0.3833120569264856	0.22828025301405114	-0.7147936357140686	0.3945354460858267	0.07633409324025699	-1.346616244345397	0.22283542674853846	0.023706587909693412	-0.7130020652642225	0.20150699096461083	0.3193248857652052	-0.11001113759986039	-0.39558024117369106	-0.41096842151833235	-0.4913641802434758	0.40922398342282434	-0.7889740198382954	-0.3246117127307199	-0.8740516079072862	0.12495820654487162	0.31154480563563386	-0.46024044040470485	0.5339075160438943	-0.36590261095853993	0.5207202065300038	-0.3746052226047647	1.248571869479238	0.760649918658155	-0.4102329814055584	-1.2112331947477588	0.3499765923406219	-0.3243679409609206	0.34050031109469625	-0.34742500198101056	-0.03655854606024149	0.641821904874856	1.3707095411328085	0.07808239752099977	-0.4042869667305829	0.1316231234107023	-0.3345779700102421	-1.0821106578829836	0.639878671208448	0.541125714076512	-0.1835872587388839	-0.12906340957017406	1.6368436175311953	0.0796159505634874	0.39326885305940984	0.5927759666068074	-0.5788285228767833	0.18480321539604677	0.45198163118895757	-0.2800633038559759	-0.496356622972994	0.7614995893083816
DTXSID6022008	-5.189531168371976	4.517073566503663	-1.9452174807754814	-0.1986105889400496	4.444145743919375	-0.1387141487038652	0.7124425216425664	-0.8035852010748618	-0.576323142920576	-0.7145231747151974	-2.2678181473539833	1.9482124160143668	-0.447452096263807	-0.8191478683523393	-0.7677268955073511	1.4980858768698742	1.510973806305974	0.8533532911512932	0.2223798486020694	-0.6775476966345141	0.11853275265777682	0.7461758442226822	-0.004986012716561665	-0.16664572780084083	0.31073862997013607	0.26121139170593055	-1.5809363614743794	0.5004413532291512	-0.6470792745408747	0.1612266152752582	0.46843711706067703	-1.240891507556952	0.38785335711894886	-0.08854356290544306	0.525503818999229	0.761514019674998	-0.38663397410178796	0.34845694936118365	-0.4136857525830011	-0.2669941739539765	0.5002247279468822	-0.11933553038036032	-0.7589834797856725	0.033637988688500695	-0.12884640072292977	-0.1264691863653805	-0.1662152021078325	0.2814658089146401	0.3222955831675694	-0.7001020659900001	-0.31773813947705865	-0.2754796264736054	-0.3246983248261609	0.06703253077048016	-0.3697557979762444	-0.2877085493861607	-0.7054835297051724	0.11986460849457718	-0.15410704203346598	0.38701471336753385	-0.04126825959162325	-0.16418651059368122	0.022900644853224645	-0.33062590763530186	0.7482284327369861	0.2492863082675482	0.013487541186806368	0.09581217767581421	0.2902507778875674	0.07831978218526696	-0.19690870162499458	-0.49280250379369944	0.25058487939628477	0.1971545235143963	-0.6807611586618827	0.5150548513176934	0.1773190835571133	-0.2563680023725385	-0.20682930818012082	-0.021160058717979525	-0.45775511189027945	-0.1089678665063753	0.20795535413576408	0.0110101712901233	0.021545056607046194	0.12124280759432388	-0.40773273492467915	0.2589229250081101	-0.19587187495466885	-0.005479473249168993	0.4829259093520168	0.45059985571985706	0.1568289680184127	0.0008678275066740569	-0.12921914888254105	0.22690242185030518	-0.2467831449343725	-0.07727848233105808	-0.08167470848762899	0.20045855962072928
DTXSID3042633	2.5152549635872297	-1.2082770111316394	1.6313716654615906	-4.302943154390873	0.69662647877684	2.3567218546762847	0.5573952770207635	2.251945165395385	-0.6985529546961821	1.2530168454406023	-0.9692157849255695	-0.17858816221217536	0.7469099176999104	0.16136906801278647	0.4284036596713909	-1.6482201203498588	-0.1862347836572722	-0.6897396883949799	0.308925191800917	-0.73352103805814	0.5330265266832033	-0.4453226351065034	-0.557995585457128	1.0198028762167568	0.23253341103933406	1.2850367187937546	0.37649922094301685	-0.41625736552305126	-0.11299291758008526	-0.8591076196502857	0.26082938589893495	-0.3139151139414962	-1.3098105754558345	0.25635507700232496	-0.9102028794198195	-1.0698433735304176	-1.1119868359733447	0.12277165144998692	-0.5374427011109214	0.41246331596699876	-0.08774625620005765	-0.014696603770869333	-0.301547070043292	0.9318718418022759	1.0328168501064983	1.6550031832564793	0.6543840233160184	-0.48666323296636504	-0.5031720646216468	0.7103654705823768	0.5482564153272675	0.48127384460675054	0.36009035918964566	1.1690167312217388	1.7163747709692803	1.667626865425079	-0.6966068924921466	-0.5849602368442492	3.4696792669791927	0.9459392113136162	-0.30363519572594583	0.8983908412705239	0.9947010264673208	-0.8744325712065845	1.395560286949728	-0.7168606019689191	0.06480062153775133	-0.9731772414370545	0.5357034665042185	-1.0637676510157126	1.209266805875588	-1.1396939803548343	0.17476233433744215	0.7743720878209306	0.7305690814067481	0.008716582429878869	1.0013582413062863	0.8947109981697897	-0.18497393601495257	0.556047116160723	0.5175855727208816	0.27023737993593344	0.7824254974247152	-1.2680195277380057	-0.22388761059604637	0.27754629785579366	-0.9502405420727822	0.23617771851854316	0.3255253058781785	-0.07299920277369673	0.06214580615619205	-0.21941618245101221	0.20141977177322712	0.3496111550800477	-0.43966782939627386	-0.67623996521525	0.2677652872159295	0.23659205086321428	-0.36831354897759194	-0.24566916953068985
DTXSID7042279	-2.430156056401589	-0.11613236306092264	-0.41666969119878416	0.23871949009456195	0.6644999376537494	0.5209663502659706	0.5795318812121448	-2.1238014962149223	2.100079440010898	-0.08787865395666423	3.233026098874662	0.7405597234219463	1.4147622859445455	0.58137553022952	0.5633227922645417	0.28541384102352163	0.08237213044745903	0.37490449194230263	0.35371661616879746	-0.16405946922079775	-0.6270133322466142	0.4891030048582408	-0.1386338977725089	-0.3543288944470482	0.10086140459498055	-0.30924451293030164	-0.4194848107070274	-0.4584888579452325	-0.6282275331966833	-0.26036357752369355	0.0121151998474415	0.023054537287626194	-0.6581381229130606	0.24718432231096532	-0.2626717566165495	0.06042141004391463	0.99335397696739	0.6825737552529748	-0.13126652810098205	-0.32640462487028554	0.9335879051903092	0.6686972426409215	-0.2373248829661716	-0.5227141103594984	0.3719328432479862	-0.3502839330238825	-0.5377791518895673	0.41216543010652723	0.17264672941916656	0.24331737573124185	-0.7962808781899234	-0.009812707072562123	-0.3285203588908493	-0.4144495438110435	0.20905494602529243	0.2459474623222045	-0.40729741377430195	-0.4056799637589441	-0.6476316795798304	0.4853187310619034	-0.08850830543838785	-0.4593452813793221	0.5042539190352358	-1.1893687834416025	-0.06382665520987098	-0.5720707261109899	-0.2461028863297742	0.3554281812866881	0.06515940870589039	-0.03133213623701229	0.022513618814645312	0.25232959655256737	-0.4092650607041576	0.4135032193302337	-0.1796998353829463	0.6069728796608796	-0.307898503175387	0.17138501437174394	-0.35768121521370905	-0.3779324143630652	-0.28161095614581355	-0.5322283564185227	0.07698901000633761	-0.003038532534419982	-0.8222207406392367	-0.004258492437692251	-0.3444741023943395	0.21651395918025998	-0.38330046083156905	0.19496453678007067	-0.040096504506000476	0.14670923515540646	-0.3043788541591032	-0.18897696252576668	-0.35198275800206225	-0.6217991523710201	-0.13627881427912106	-0.2179167169930954	0.11012763790093359	0.17471124841507668
DTXSID5047906	-3.932226533645219	1.7928732482047636	-2.0030282338468677	-1.4489929882560595	-0.030643801004193734	-1.1456706103318346	2.206074906455789	1.2272244320523449	1.642511121586825	-2.485915311982023	-1.021411111336728	0.3474738423995466	2.5049677196369986	-1.7947163354355091	0.32544565904742867	-0.46028553278819245	0.18469753913158893	0.4958232807522196	1.2598109847720176	1.8770675406833794	-0.7986491541857204	1.761816922253752	-1.2726615118023081	-0.45821971572530196	0.7773532304524892	-0.12436909995931535	0.21840491659523997	-2.439617622204973	1.3282692705527899	0.02415030579790328	-0.8599372945721746	2.300532488045863	0.008036929107848086	3.741546886608228	2.337703254489564	-1.7104376521624738	-4.896280411070883	5.864586070676057	-0.42758807101189494	-3.836860953682146	-4.714632164521354	4.795326482394685	6.041730374641288	9.42847910693807	-0.12024145144130644	-5.02326026552387	-1.0890126457178215	-3.2038899081405536	1.223161234107951	-1.1454019809416236	-1.2649691595584491	1.2557369367175093	0.06370541281302532	-0.1773354331842699	-1.7524541963033153	-0.12107294878857625	-1.3889498638554256	-1.187878982669814	0.9045511433629546	1.6292351400896556	-1.4742694625861241	0.7803021299990958	0.13042729691367713	-0.9982592075557474	0.7802157219832794	0.9504554068234096	-0.7748184150171679	1.3865986953193454	-0.8341165138308052	1.5827486621735687	-0.8486620524448572	-0.5922650864881713	-0.946835380193194	-1.979943469489569	0.08442969309711447	0.5270090317686046	0.3351098799679589	-0.14793883824596515	1.016624320291878	0.581799745646387	-0.660061176498743	0.39675234613545785	0.40173427596720535	0.27548838241710344	-0.9501245211733151	-0.09976877648064462	-0.9742672079970133	0.26241881750089474	-1.896488992092738	0.4941241870847637	-0.5630927870867872	-0.4892342911895287	0.5654355896061787	-1.2098228772557935	0.4132838178963786	1.0248992630253337	0.9159948464406585	0.5675229224153643	-0.6117940893175817	0.6116490791555907
DTXSID9057840	4.233731629134089	-2.0034272431922098	3.2451535626225634	-1.0897902787200946	2.4366349082963628	2.4548243861895136	-0.6698305297424618	-2.879407216785259	2.025363759689477	0.18883923125045626	2.533550244976344	0.352515358071537	1.3325203115539734	0.814788530911639	-0.19349036717914778	0.05324056300640396	-0.3677225082816775	1.7445157937614708	-1.027002917509412	0.8795819369377998	-0.7658919634712233	-0.37702296879114816	-1.26316943702364	-0.8812887278813545	1.7119516152900933	-0.5034291853138935	0.032776742655703066	0.980213661153381	-0.23208899903327707	-0.1698683154152409	-0.21982651698469746	0.9019704614955044	0.1163335068772002	-0.07138474586803331	0.6100567853790299	-0.11816617492237917	0.5911745583945094	-1.0230477971073362	0.23277633294322603	-0.6816833398988843	0.5257987974143506	0.6427542516801518	-0.1700560107203013	-1.1370757004546364	-0.07004316899251799	-0.15336111505168176	0.282567031859849	-0.4237016862237025	-0.821286422211475	1.058467707533128	0.6228277748816299	0.5984960817398212	-1.1237435865360292	-1.6229081081619419	0.8719433131936779	-1.0854642234974805	-1.218421349700179	1.2700368429832465	-1.3174859264863255	0.7086417822116204	1.652515042773014	-0.7661243148443116	-1.172395432673143	-1.0659444633171666	-0.1647915280158241	0.09184584987523904	0.3963018978733366	-0.3168985655345366	0.7194374099243592	0.7590521453573904	-1.0972980186400794	0.792349327201504	0.3594848933807303	-0.8085719812520025	-0.49066548086685174	-0.12700803080105771	-0.3608540787276959	-0.4552767332547539	0.29241686974824355	0.04036026535252159	1.050431028156411	-0.4159803574042579	-0.5186706464662442	-0.13370549016254032	0.327645681339715	0.8582179540809531	-0.10649828531050798	-0.6592361100915584	-0.6812446808754324	-0.38174877972600324	0.9496727599986832	0.6519262708338156	-0.8019771308609257	-0.44632798184752165	-0.13907913305430206	-0.98482960004805	0.8291526417180105	0.16296408791016986	-0.4174472762366656	-0.6903243356969049
DTXSID7046097	0.39187650493975074	1.8293768374832848	-4.385144707381475	3.9219947726364706	-1.5751043890112413	0.542833701981759	3.460319773612355	1.5384061321750873	-2.1377466660105418	-2.635416736581664	-1.6608674697866939	-2.62684247139778	0.15793798054016006	5.18678962535815	-1.5020869548688747	-0.024069468312832683	-4.169272980590435	-3.347401472519473	2.9453543355365377	0.627756052453908	-1.6071167945602443	0.13332612676911218	0.38050671700953076	-1.3160799995311374	0.06372197357350008	0.6756253080407039	-2.153825650624425	-1.695401333755442	0.8581007604482229	-1.102058066252686	1.2057560150403888	-1.6660926963915703	-2.311002499655616	-1.1275927873588594	-1.1556199712612056	0.3445454149600403	1.5441617103100684	-0.014890455453442284	0.7500688690036741	0.15618517009681535	-0.43575108469773405	1.3735454724638443	0.35617267592047536	-0.3245985862361534	-0.5896376945787353	-1.8241928624282382	-0.09193496798644694	-1.0874649349607486	0.179128603241282	0.8717244124118791	-1.1745951504544032	0.877946998990647	-0.36801622522965	0.19534208520313212	-0.65457614965853	0.3101068734502739	0.500140342217723	-0.7849563372006257	-1.5845628572854504	1.6365903274226177	-0.7698585761894366	-0.1521603848574951	-0.1690288686982288	-0.8694196427912579	-0.9269755242859057	1.5175376566870582	0.18026929513474593	-0.9339558138897751	-0.5767248729458554	-2.900596587563354	1.4381313123322	0.9540921067478434	-0.8327286643243895	-0.6651312307782314	-1.2835147698059042	-1.665386151861867	-0.7205594322947173	1.6350747635610974	-0.42196234355888756	0.25981223146173316	0.33780336803109656	0.8729267745700348	-1.336175480160859	-1.170791187779682	-0.10296413431280411	-0.15416307970815366	0.018065707155476857	0.24242657706201895	-0.32649674586631916	-0.5319200995878811	1.173741881285593	0.6597323741220844	0.3925466958803113	0.4306089409764781	-0.1613011919891713	0.7443740987396366	-0.12046342800430049	1.0324904825942998	-0.05975973589126289	-0.5572017213282834
DTXSID2021575	-7.284857962374436	0.7483119224065238	-3.8194006173547224	2.130072978105088	0.5600619452382527	-1.5237829073983238	-1.1395059179615779	-1.710393435172399	-1.8371017139286536	-2.068427557684851	-2.346852373336657	-1.1736968769836866	0.6021157131281644	5.107182609713367	-0.5484506806831039	-1.8270569980437656	-1.0742107411617383	-0.7476375659795272	2.7407499850113397	0.9889922973726356	0.46477580931998974	-0.48642359356241716	0.28145585261944417	-0.4835208429463641	-1.4259462986019549	0.34278878272773333	-0.13972298908021777	-0.4600070540580928	-0.7284337699184577	-0.7986602012445205	1.0921855282081876	0.05310762467816634	-0.9822657432987528	-0.10988195206507889	-0.5312007811951658	1.0130479293553107	0.186736390592311	1.1137798927078226	0.043957867229502824	0.17354028378619263	0.021550955073835643	0.8778851221003183	-0.39251490871836897	-0.48516928288908445	0.30843458365128895	-0.4929248949247248	-0.2316967404450593	-0.8610782725079387	0.28294786265477273	-0.2845914837125379	-0.6895318468215528	-0.3326426619796103	-0.5354006097281067	0.1368602326922434	0.11548211114735346	0.23975478298328518	-0.06476894044751864	-0.5298497092882869	-1.188927032919675	-0.12098539766253819	0.41208518112817544	-0.5330934391581306	0.17512580649250511	0.43598818793028865	-0.05005160620788371	-0.0029995949807253945	-0.8044657965361796	0.7596244566444808	0.9824473134301541	-0.2121044807370032	-0.16239881969315978	-0.9423134700677088	0.727726939647039	-0.6616653717406198	-0.17985338858717523	-0.7627658900554494	-0.45555069857170105	-0.30103669812610134	0.09435951793494063	-0.30924208836652156	-0.5255136312527046	0.06861950388351319	0.4768289551261216	-0.03584340957236591	-0.6924367764052559	-0.4232641129341344	-0.15168467073270436	0.286173004270389	0.037577761819936224	-0.1661709797815551	-0.07453324370344931	0.6137414904438759	-0.09800426681371059	-0.08841211825225836	0.41695983055474833	0.5377788066398806	0.49325020756976073	0.13009505136592173	0.18943176155835323	0.17660129707005381
DTXSID5037731	3.6379744154536513	-3.487257873346868	11.24585351982552	-0.03488331405575313	1.8692455376609003	-0.32880869622967007	-0.18188784480996914	-1.5293490261122298	-1.510348633973631	0.6322124843141553	-0.9985502059256898	-1.025978676120136	0.28528162197016776	-2.290600674802274	0.4006200081815024	0.010785819062292097	0.11162608565666651	-0.6683447822421058	-1.7130442277574607	0.41379660740704977	0.011849101391648761	-0.22093710518287696	0.3127369931301751	-0.0905353199676442	0.4944645979632903	-0.5234130325449041	-0.27061287405918655	-0.04233752586208692	-0.07495923717386875	0.18728771359133936	-0.6345237219525756	0.05532470906628694	0.12247974924734367	0.006250572681330219	0.2735920388151928	-0.3763717923059253	0.14778039260148415	-0.5483801424655751	0.5549358013309214	-0.009863284585263461	-0.1956954968470343	-0.02709111452772169	0.4140071078386228	-0.1697304562648937	-0.1527917831783039	-0.22426411436744143	0.0975860102439914	0.22226559718987865	0.11929307705011889	0.9116712663556926	0.03120481866360006	-0.031351725235794624	0.26676364287745435	-0.8055528851074902	0.16036643026700229	0.6615547179661435	0.1342355188332438	0.8323591890598808	0.11636476537956861	-0.3121578113166573	0.455526753173377	0.9083870202599454	-0.16541011804705127	0.4713519651350922	-0.7219599262570167	-0.3253518413351251	0.37751031864565904	0.0073716645374839	0.1655361848984632	-0.6477054459152815	0.6336988101973594	-0.19724423462820279	0.061566809618816984	0.07966689474384797	0.12579471000402778	-0.9296796322994857	0.33037552131335884	-0.062377208654767174	-1.403274339841898	-0.008235861632275134	0.13622493642177563	0.4613111218370085	0.1881678873011838	0.010985787068330454	0.5597218391384851	0.38855883777641587	-0.0930397327451259	0.27549333702834633	1.0207001062760388	0.754705105092242	0.01818613355021832	0.00011423364414789286	-0.8934793011914883	0.4069127059531005	0.0790214249075867	-0.03824780121485911	-0.6879332397551614	0.33602246117537454	0.17432459642272197	0.44217285783871924
DTXSID7049421	-5.216453152431976	0.43153595788648824	-4.460620967417513	4.583793676246399	4.702816446300326	0.11856052979673756	1.4358122825152557	-0.5344225341819503	0.0800890084240681	-2.5119858077575734	-1.8461855846869608	0.025618965646208375	3.292033596887093	4.8076150074293755	1.0936171426916335	-0.6971920695329039	1.8086715161460243	-3.8924618851763135	1.7998569449445814	-1.7019746751598928	1.2803102850996695	0.15521408157456834	3.2383020622941254	1.3312608991918908	-0.7944948994800154	-1.1352602451902711	4.025015287037683	-3.02140650026614	3.294601741082217	-0.18107721989032308	-0.7406049834413815	1.860654623895465	-2.4133241482265837	0.7152924204360415	-2.2848861103457243	-1.0386170955314544	2.078437589441195	0.8065961920135135	0.7952196481105963	-0.43583254851301156	0.8149398240605874	2.186849783361183	0.24252454783234717	-0.17757971464617114	2.2537496682104536	1.144982178388872	-0.3861960596897089	0.9689057667940382	-0.4388065963951627	-0.6573394826597875	-0.5484342390047202	-0.9939368203601711	0.7389892799880188	3.0587453444782176	-2.217026960992658	1.729445229909628	0.7227393668771465	-0.9356597089941084	-1.3508031410674626	1.3707095778119962	1.2008328295786088	-3.1368918553020064	1.094152449152892	1.5449770718095592	-1.9932599561867708	1.378958254324214	0.7099209452420914	0.9887910983599475	1.4574942021644146	1.6358287041414494	-1.5688268350632204	1.219360081967358	-0.5885963582323469	-1.7376278044530646	-1.8555167585438852	0.1777821185715353	-0.3978994722993981	-0.18925998024983895	0.9121857464062373	0.0627010196270107	0.5796831959877755	1.8689614138803092	0.8830208134150618	-0.1407100795982642	-0.29320302356709543	-0.1340504307542082	0.39184994832970804	0.13824302175074007	-0.3997203996547011	0.32974134238561165	0.9411332933707264	0.19016293777384552	-0.3898212941702921	-0.7552137269923059	1.0286213837468179	0.34916650472508304	0.1650559245657896	-0.024071075281180423	-0.46240671201247713	-0.18735010458120374
DTXSID3049253	3.134413988209832	0.9701559115855518	-1.978732643613986	-4.85524624766137	6.035711845921631	-0.7067605322566134	0.07547650853810021	-1.194690508343926	1.1008931100984667	-3.6727021499325705	-4.2904526151162985	2.9896564274626156	-1.257059473395339	-3.7441508014373874	-0.40610235225843366	1.67764926274383	1.0147428434789572	1.3864829357357953	0.8063964595847675	3.199144222478349	0.5458927454798618	1.6370036540946928	-2.11793971083973	-1.037349400199294	1.4178681426746338	0.14711757919342167	-1.7374919574887209	-0.44797759373748375	0.12077250420156745	1.4770959587306187	-0.8648113411238719	0.8605485302717217	1.3451625675963033	3.5549707757532176	1.355027513532562	-1.4876278763514525	-4.861841509068613	5.562156124817501	-0.18430880231716662	-2.7658675086855258	-5.433583490987968	4.695396180680493	5.075268753112356	9.532081544085711	-1.571998735072245	-5.7091463688690975	-0.8939119223699193	-3.0948159940396875	1.7586569380162431	-2.0890911792301075	-1.8571598803875389	2.159209167265546	-0.34902816230813916	0.3239015533648167	-2.3170939647477833	-0.6061924484552637	-1.5995230281264337	-0.26229867376584737	1.059148519903309	2.123786746382051	-0.4343683975876528	0.5990908173007885	0.5432519939248922	-1.8306453396312365	1.3631439316955385	0.6895495328996781	-2.154767833140213	1.7503262749609447	-0.7332023761208163	0.9519298583222997	-0.8219054496579836	0.7884436899766645	-2.443268992482674	-1.8632884505476184	0.15772732531619282	0.43339048134993763	0.20655579544304006	0.3668596935514912	0.4627143206242566	-0.03402669255004493	-0.12280867685465789	1.6745524830625154	-0.32115962534540127	-0.6622183936538303	-0.8648540774028269	0.6372349459572555	-0.468301162024752	-0.6229759990885592	-0.6925968066697931	6.967465389282439e-05	-1.6004047131022312	-0.37926856621829863	-0.2644043451164982	-1.2963229398419316	1.8585223326418807	0.650829083938743	0.5071966263712497	0.5861551654404469	-0.9819456263830555	-0.3610078097994725
DTXSID0024266	1.245075371776055	-1.4947486631644482	-4.3497206312558	-1.8786434470724582	0.6140696997068721	-1.4406954240563727	2.298432024129784	4.119207348058506	1.7909250631710816	-1.3987945689003085	0.9674252951957375	0.13010292420139954	-0.3987530866789018	-0.5828698447335006	-1.4329154256261964	-1.3779060927252589	-0.03224531364444237	-1.4416462542427169	0.14123655262231705	-0.8744553023636837	0.4376754313297277	-0.7988179982966058	-1.2299670424333198	0.22832892243761127	-0.00011499144549051606	-0.6445927201524937	1.3917790715936382	1.483528602513152	-1.237113440547386	-0.5829847713607961	-0.8773772261289939	-0.0730196758594838	-0.4667821386404307	1.5847850932290568	-0.18742515049856628	0.3197051081196168	-1.1835710158197785	0.16076399822918627	-0.1168760967102561	0.6315822938388894	-0.2377622939541503	0.9748905132926499	-0.5160353164008564	-0.01857291978439592	0.4347506366299532	1.300735068416324	-0.8227194753728271	-0.7653611472534461	-0.01577141127802109	-0.31662106344323065	1.4631811791839835	1.1193304230239987	-0.264466303689095	0.29509771803101476	0.6545029211849581	-0.4873505567716126	-1.1418090750755283	-0.5002697790420723	0.7140004050863545	-0.08285699445133592	1.1251826775229414	-0.8033131128175863	-0.09039150862779843	-0.5963622885208817	0.32230546448792635	0.1921700558042603	0.07563313008816702	0.22866660980107872	0.37963606696082286	-0.25747741679504615	-0.533490381557553	-0.7450142849312464	1.4166365475260072	0.5522568690805355	0.6316842603866876	-0.8600261069289816	0.4926100571618866	0.1331384594348593	0.4458472966970264	0.8589960456843082	-0.685577272430312	0.13898291559928483	-0.05533849394618341	-0.20680958348358183	0.4438363415590914	0.005647381051779322	0.31917535012466125	-0.09663082656781612	0.5823694080890679	0.2655467559315106	-0.0332602002315951	0.24816316292567533	0.2641945327771165	-0.12634257990250475	0.14761580809826536	-0.08185369079215692	-0.6718585288877689	0.07650249322725365	-0.0312312202032886	0.07803190213991718
DTXSID2042517	4.569662715610316	0.9987529411189366	-4.063745912285191	1.7948396514699851	12.894033609095782	0.6623520699098427	-1.906771116554547	-2.8422559505585405	-1.0438381365229001	-6.976961762194624	-3.9182767475687736	-2.881725517076984	-0.8071274035252355	6.399150216820195	1.0169365318508503	1.034674295327073	-1.153482424867034	0.8917519887231288	3.5101003272154756	2.336957853017458	1.2192421267559328	0.24488912625706205	-1.0960153244036832	-1.406975542927997	1.1943584531280198	-1.266936414566166	0.2776279098424645	2.0419835848264656	0.07251266463960539	-1.1708161138104993	2.659668866940744	-1.6159861611705633	-1.534939681275773	0.30470840285906303	-0.1868996985438747	1.7983253992856882	-0.31712848364984364	2.4018519683978585	-2.0451711536702293	0.4110107641010091	1.2005713467346308	1.3107833386751706	-1.563233742595537	-0.057772640870642836	0.27142064289416407	-0.7113324442649765	0.722659264061716	-1.5906183118817898	-0.6548674387163274	0.6286509024643466	-1.6330868330096595	-0.5403734322007864	-0.25601372900342617	-0.5999609161947689	-0.868610539658368	0.7598523124495924	1.2080950589708659	-0.6948240671349653	-1.0296925687364784	-0.08365766451590946	0.9587052990522514	-0.8800109800670647	0.1069216522879236	0.42290129907802465	0.21074939093258807	0.4700215431858555	-1.5268302399791764	-0.06989570216851256	1.1709824942845206	-1.5282950715221757	-0.16955580726245734	-1.333604593761852	0.08213963782878692	0.020558236032949692	-0.817644967823858	1.077820110361301	1.3728431556113339	-0.08679324136582896	0.3085950846044168	0.39721260586332097	-0.376843966568014	1.8714348725353398	0.7734262770205189	-1.6819211900970192	1.3874363310781919	0.9293114595697939	0.24434735975472607	-0.9285477668574678	-1.041529095647312	0.3722921111316999	-0.11368342717370583	0.2519780225612304	0.24469885672327674	-0.09459524622020055	0.6431468103283429	0.8822088350676531	0.7823763788871596	-0.6011278611843914	2.144507490119248	0.06806487712741277
DTXSID7046887	13.352258225135062	-0.5160489855880752	-3.229960112534401	9.972392081024909	2.484388904635288	-0.7425134379944439	-0.9895081418755516	10.158741906775175	-0.4449189309694231	-0.2511435453471509	0.11370791936802332	3.954486577671011	-0.4221852177086383	2.843284539917858	-2.389945259217556	2.98479395318845	-0.33499046210075045	-3.3207922258339866	0.800632936233045	-1.7756618865377198	-3.633102808932332	4.576009066247006	3.0616876146337457	1.6222419102828172	-1.5641879953515125	-0.26782889800730203	-2.5416732504214306	-5.850112971396142	-1.7369263556634036	1.2762800616810963	-1.1380122991859563	-2.178164230838053	1.3242475751081604	-0.5226063227561696	0.804048495804919	-1.642210619201956	1.2010611314437702	-0.994977994374196	2.333345829178625	-1.4981527442547207	0.9516668470575335	1.0968789674682757	0.5537661794461308	-0.1785874847100376	0.35174683556616515	0.6253095645949185	-3.0837430983843332	3.2061126329556044	2.1386442879360255	-0.39940237086364244	-1.1101431555398409	0.16404065525311715	-0.28231467944134614	0.7697228322374916	-1.2925932943027922	-1.234282777671816	-2.756745020247432	-1.0049154946057424	-0.2597197949475871	-0.09318069137639673	-1.3496601541045696	0.6570003018992857	-2.328387484348357	-2.603817995711707	-1.0905378026843058	0.558434132439329	1.235749009036164	0.2063923937490655	-0.8140888062406649	0.026418000790916118	1.5132516752067953	0.17111246794652213	-0.0780854698457063	-0.8285628031747253	-3.525535280852288	-0.9724187121104996	-1.1529314683875493	-0.5651431966147012	0.24434490647036378	0.27603281040994476	-0.2115580114032453	-0.9948609237335956	-3.06114470339822	0.011497358425160994	0.6398249577331563	-3.148795300016856	-1.9906323890862556	3.1336041752304946	0.30875004055501537	-0.8922085625027713	-0.14625537165088387	-1.4233669321616733	-1.2687899915064176	0.5767418720735351	-0.737905738984955	0.46433069468608085	0.8317114875543293	0.8932220473592626	-3.3884383207687616	0.6584687872857437
DTXSID1035783	2.891186575729536	2.930835334370535	-1.9486670131558923	-2.1083707213394662	4.41765507354429	1.3924606364791994	0.5134746176343502	-1.6402224626257758	2.1900760002225983	-0.6120183894085934	2.172386194668705	1.2646608924254557	-0.37647865641987105	1.3109409251994912	0.9372698062196917	-0.6708463468412978	0.005792845670525892	1.2707763407126702	0.12373828983295869	0.3584464819096455	-0.3656792844749422	0.4077372484905269	-0.8942866180942635	0.5509689297733187	0.18513198866807445	0.8452047323048714	0.31878923109257773	0.23585685018323196	-0.13194250073850028	0.7257947814675099	0.5696026618778264	1.4144391953239208	0.536147076926922	-0.8259126334368598	0.7098777657681018	-0.5697420909809295	-0.24478387708034774	-0.8856884910364153	0.06649905760259305	-0.6579892084368382	0.16904598598152373	-0.8252710177878827	-0.0708655263093552	0.834316458291148	0.5924209161885442	-0.536389281119664	0.48388884918877495	-0.07377167766123499	-0.2625224150711865	0.8414299764936313	0.5431988732933742	-0.4159095013159555	-0.7516805102088314	-1.5343551939276716	0.5884229178734631	-1.7779309418274032	-0.7217190070197264	-0.24734098448860653	0.1506116667197132	0.3752850882633233	0.6462450620700194	-0.12681756412091574	-0.06863406506867314	0.2675171582154588	-0.6762594694256541	-0.5934644393586799	-0.29687424030346815	-0.04230329058084814	-0.18030108930775973	0.35560739575467887	-0.8536221378120759	0.20887773765802334	1.0469526579098507	0.3653097196245416	-0.05829052620655175	-0.3767728174876184	0.2070945608068668	0.30792850392510535	0.01551690473597305	-0.3128382518370845	0.9178236864662519	0.7839256528694376	-0.5252391836986486	-0.08469939203362337	0.5238844769482881	-0.6152572224332905	-0.07225164395967117	0.03802993237192081	0.34708505026813197	-0.99971291162913	-0.4202389884733581	0.7986599816465347	-0.2311458020469618	-0.07676104938051216	-0.3384963610894936	0.03587503461436601	0.726781043225439	-0.274780422605692	0.32857776813547473	-0.11374077380486936
DTXSID5033179	-3.6143629533527006	0.06874915888433002	-3.8670243417785626	7.469999964411139	2.527378428792976	-0.43139873130469497	-0.8691161647605435	-2.5288780374949162	-0.8398982143976885	-6.126480667776593	-3.726787299049417	-3.0344311150921652	2.9315627042801533	8.84613043695077	-2.405420428008474	-1.9287338611379783	-1.9340836767182703	-0.32666894945999025	2.7678001063891675	1.3240337507027937	0.8453325566638272	-1.437060727426828	1.290253724323457	-2.3290151182208105	-1.1262381303817626	-0.22704008263062467	0.42626240826985135	1.130659907705286	-0.2897394293147527	-2.064367233431762	1.585656148937705	-0.06077019023498595	-1.977925935896766	0.8820591196087548	-0.6303171980843116	1.1958825876954429	0.13899331179340454	2.070787477101301	-1.0673789199619852	1.6025535533025879	0.4354476300001045	2.035122536204306	-0.6823892168479594	-1.6987496568245868	0.26981977651510913	-0.6324195116797786	-0.6807980486760141	-1.4988210597459162	-1.053449645439726	-1.2086019424817938	-2.0919404444507985	0.8561470240907894	-0.6585036332781903	-0.9280220582326303	-1.2715982265355772	0.407296796945449	1.156482194605428	0.15039470813812025	-2.1681257527940865	0.45679908847986805	0.2788499917586796	-0.5927429471554836	1.5180444621323406	0.9167672758271843	-0.20305443281791816	0.63904283283025	-0.9164210806159307	0.08946103945783467	1.5070582245005917	-0.2665113046578679	-0.38383753951240024	-0.37887541149417836	-0.20397886655445205	-0.6172835375096128	1.3142740128948407	-0.19176687776383516	0.569425651567075	0.08204933966962324	0.8572123901608528	-0.2069958401862936	-0.4557670173458132	0.8031908337714514	0.7140917574374668	-0.7125198385327705	0.6329929879368285	0.21839511288444313	0.22204938583634934	0.42607809077338876	0.4603086891692172	-0.19829918062505253	-0.04951885751387345	0.13774772973541666	0.29522706281141975	0.29111271720329024	0.2973429062250804	0.6173999676108722	-0.09073481447719936	-0.005215000919277122	0.6227829898241795	0.2247956765235635
DTXSID2049391	22.0396810395328	4.375825433789256	0.3101451595742509	-12.407887160859058	20.498875715510724	1.4489074218201592	-0.6716246456170103	-4.4955633705963685	2.136113083117722	-1.7790685475019765	-6.0422967491260176	2.767361056383581	-8.6909045391644	-3.6180267442133935	-1.1503683857969853	3.43363733080215	2.9045253086823077	3.727108938938864	-0.17625534543013452	-1.6295274156488433	3.2995853277088694	0.905554023581643	-0.7977699277891313	0.6523535411902451	2.4137827690105476	-0.9857934440834093	-5.331330738865308	3.8487975044277025	0.747636659110189	3.681407498401287	-1.204306735193741	-3.311761180901425	3.7907032339245963	-2.7996067833228646	1.6194319313550813	1.6707311448655153	-0.6532101861490398	-1.7687283018121074	-1.1130447915408181	1.5080446918351225	0.05171814004266434	-1.761424102249048	-1.7188230953092625	4.013685708656377	-2.1999846142438058	-1.4775266426883509	3.5767547334413186	-1.3098136293255702	0.8112292344814273	-1.256253235157737	0.5361647274587206	0.8079156525673005	1.9601797216704715	0.15732870462230583	-1.0881403258746887	1.3215972786489167	-1.1834149805184535	-0.7689976329686362	0.4943061896732099	0.6020007552628938	0.6436027374367611	1.5601774244118587	0.3633483845998426	-0.6857151938381052	-0.6028098654182994	-3.391332283259467	-2.0184116206585108	1.760490507216299	-2.018059440126482	-1.8185096091400674	2.1444479351800325	1.6402262316484673	-2.0774226316351947	0.5845151979488209	-0.530734078744411	-1.7153576541133646	0.9218471936118751	-0.09034052098559062	-0.23089774307249272	0.17280857444221984	0.8893198021941633	1.4171602480613081	-2.0038220889244567	-0.47150386732624067	-0.1837480949829493	-1.640934028658751	0.4953095272674531	-2.470941350129103	1.895125958065875	0.7333008780218767	-0.8643971240343121	-2.0297479677497954	-0.6023250242164849	0.3152767435984429	2.5646778394819933	-0.8261554606297877	-0.8415994621240047	1.9907580229277753	0.042141029090279086	-0.458851028171815
DTXSID8024814	-8.040489189567138	1.3521746372188121	0.5222268851166005	-0.9912950260616206	-0.8484646512877196	0.14365939654752205	-0.20434074494498056	-1.1359217356249562	-0.4888018011024923	1.009145407796809	-0.68108134636723	0.38434250726364627	1.3647759684673624	0.30346576556200106	-0.19201183388643092	-0.6051165581448513	-0.6463913331855061	0.5435401730486558	0.49375711015143725	0.04107104185392214	-0.3863054804136473	0.39668558231422935	-0.3185438125332668	0.18080108131597453	-0.4588807171056931	0.29344364561186775	-0.014148574638334376	-0.4160824070209985	0.05427392129387138	-0.6484021909720233	0.4657389468966981	0.23108743615243799	-0.17420006037285823	0.20639593098445408	-0.24064516177576095	0.568631600603519	-0.5137659230190993	0.7894289193995193	-0.39456143050543735	0.10364908626953967	0.23384478788344934	0.2184718581175693	-0.45867672059312353	-0.027541792517665465	0.48940400145001967	0.3366302088406971	-0.29311982575040885	-0.11217285325167237	0.40193751504713815	-0.18972719650049824	0.10201379091023177	0.1965307933750021	-0.32994667686963625	0.7142722997043228	0.11930626172918021	-0.5012837772765479	0.40134444111790335	0.09938381656944667	-0.5987054779592152	-0.049417849751465605	0.6310463060560587	-0.4824080112568544	-0.026293332740007735	-0.036610008562052834	0.22374723784459	-0.15396336205440453	0.19950868870437535	-0.14246481460664576	-0.06700753355953827	0.11442541784433422	-0.06598242304966555	0.1715543853826999	0.1393424145992525	-0.16424652153544528	0.00349997280933096	0.24414326900060093	0.564727522658756	0.03229127977707758	-0.4999905244613247	-0.15355676356491077	0.09347656197090796	-0.05391555602014275	-0.18527580567879934	-0.07249655224026266	0.18070600738815487	-0.3415049172046036	0.39081826326045777	0.06970548571406009	0.13593350423222647	-0.04225708509795737	-0.06707324036365328	-0.1581793478023928	-0.4252734910653101	0.17488263103516616	-0.07317891125573482	0.15592680142394152	0.13290357059059477	0.0958410243927139	-0.012266571458287618	0.024940952647944416
DTXSID8048652	32.36888562597376	-6.8409494889521785	-2.3087583837053036	0.47038581504602583	16.91542779031484	2.9817570650738183	-1.2318951384540204	3.1945894953074983	-0.21487164607608136	-12.000134751370632	-7.671942975234261	-1.6243983262018613	-8.742353068420229	-0.6703943793652994	-4.52956626391983	-7.101442986097201	-4.239214844068472	8.773511880819	2.488163381356618	-3.3859398244763055	7.747806909832579	11.220071742030663	6.322881924422623	0.563084165251184	2.6036943433231894	-1.7425182161254043	-1.445974803653078	-0.08580802971242613	-5.811569402108439	0.9700010701330097	5.705323974070203	4.848037876912602	-3.2683968858366854	1.3149346318588229	1.5153411497045886	2.687142095432685	1.9556572524289708	-0.3521174232014395	4.15596950549372	1.39434542605767	-1.1346687621366616	0.9751759700560767	-1.2575405645857065	-2.796916995988913	-0.6189764119001079	-2.4684059195680357	-0.6547693517142821	0.45508875893634165	-1.4913102526614694	-0.6680679240425076	0.785324900649958	-1.1880242812194917	-2.0280691225438554	0.3294841290650802	-2.830359673113457	-0.007070548129205843	2.303499300466121	2.4808541806493776	-2.8464255206950577	-2.217603438924207	6.803275632027151	2.9971757970174444	2.4865468035762937	2.1938650201875545	5.737547831719372	0.015287644953317693	-1.4728906357564642	-3.6429083494907135	7.599896594836771	0.30688405081868986	-4.104218808074981	-8.214067525693785	-9.956544284260474	8.552820490638931	-3.687168887872644	-7.347145350125303	6.008807874482727	6.964973752726273	1.7898001533498584	-0.8320762997340669	1.7729151419696254	-0.41825503926649205	1.0993515135863317	3.1284074508664528	-10.922345976553395	-7.884680716590312	-1.7074885271478097	-7.020597782397797	2.9882490462317737	-3.3479036927433787	2.17538130732296	-2.279857132955726	0.7755301364893633	-2.4445402579912003	1.531938419454298	0.7335643613523799	-0.22202389696202254	-2.4116661342460746	1.203229750078223	0.676138187306612
DTXSID4021688	-4.14039747792397	4.73076120892701	-2.3535955256766457	-1.4932916948618549	5.530712840682257	1.1993967188323447	1.0095420650469842	-2.787690179880073	0.15301342065735188	-1.3538902942516564	-2.0699979549790952	1.7848097157133553	-0.6606350126914939	-0.4639999687726516	0.3472862755713544	1.705921012468432	1.0227572388266637	2.0030134995705233	0.8754879836148358	0.4893077160994717	0.6254250527958017	0.6539036647148498	-2.1064966612050253	-0.9625834859104997	2.5458802401006033	-0.5508025057301243	-1.0480340382061453	2.0125157244404215	-1.1415847020489882	2.48923656940048	1.8034674841665805	1.47437186281572	2.0806050830189995	-2.5291259134686097	0.5474113594703195	-2.168057716895556	0.11406539243223807	-3.5688342434046447	-4.329037991619494	-1.4233810435079473	-1.8858190639396462	3.482734677468897	1.5456069819313292	-2.6356944581138344	-2.409057025554217	2.769048791912903	-3.390994392125436	-1.7845873695031884	1.731178014984457	1.564352214812549	-1.0856868481280848	2.371401873771265	-0.10209459501935103	2.9782265936413665	-0.972209906236161	1.7269067770847204	0.7641903212436666	-1.4457776571551386	-0.4764300394285582	-1.6570813601821006	-2.12170854321297	0.4698750576476308	0.412032448942361	0.48891974151170814	0.04748452372814648	0.2377661073861972	-0.15499795347066064	0.324908000265992	-0.5743194626272682	-1.2574983888829643	-0.046888171515674516	-0.32107765910115993	0.04756640658388637	0.2579770755603772	-0.6104559965927268	-0.04105753509660155	0.40266921505872544	-0.16081103747486364	-0.11433037744707514	0.15005537743609484	-0.563080308163221	0.4117228801811244	0.01696883530169326	-0.12008529706537618	-0.014128834797155664	0.03288149581026182	0.3836730952754697	0.0034880822973333233	-0.027179082315740274	0.6505600185830881	-0.160042074826809	-0.42759851472276766	0.10727377442682158	-0.18864953908084228	0.22872402776209552	0.07759588533550177	-0.22933340943262212	0.07533444272210732	-0.2963445418103494	0.22014474794626787
DTXSID9025112	-8.566874622456226	4.388517741573351	-0.8700831590538933	-0.4257736464927764	1.8134234373267661	0.6395246172179667	0.09906972575425375	-0.7992388064649123	-0.9120510671025569	0.2524834446250822	-0.894832466778526	1.5634299376192404	0.22110817253910592	-0.5097413673168526	-0.24314073191456118	-0.03172061532498739	-1.043474639157519	0.19529816052519358	-0.6810920789321293	0.8599420045678754	-0.3738105815264953	-1.2976027547717757	0.0786473627565882	-0.7916912627823585	-1.2231328311813705	0.27490605357636594	0.6558327811988178	-0.5073885380198558	0.237013125236301	-1.358931819051216	0.6077316973051269	0.69504681241444	-0.8447607330092013	0.8742664480372578	0.9451906600662304	0.31191230993199764	0.11156993814874941	0.022193408291868194	-0.15338691531678633	-0.47562911657468593	0.21117650669820576	0.7257842123229654	0.308385284892317	-0.7499489442564793	0.814334294339184	-0.10936463870912518	-0.41042952848300446	1.1526651962797272	0.040866041576439346	-0.32827074511902643	-0.010920408155020933	0.36343975790178723	-0.47911267094606036	-1.058292465313352	-0.15406411894283464	-0.6929508673372586	0.37396463600355323	-0.4524445651719047	-1.2074378641029064	-0.39076094538153167	-0.3970214736162515	-0.9986921834575924	-0.9883755754924947	0.17888145520709337	0.6363823193539699	-0.13933786075117144	-0.1359288248191487	0.49561358845679765	0.4968193426991518	0.22803926670438754	-0.3043922088259257	-0.3504184132321156	0.6216148415254646	0.5101054343240206	-0.14097506105974103	0.6885221119141276	0.1376095941656435	0.06801162557049756	-0.1476748999914366	-0.43914203782169353	-0.8753491113522356	0.15789064531842772	0.37792266937783	0.19544287211921513	0.11167392083428959	-0.001344049896921514	0.12861902013815832	0.14190449703087207	-0.6389142220984506	-0.025793280337815968	0.2132444001020889	-0.07353115751799147	-0.2828372888266346	-0.5197363916223937	-0.43440151211571876	0.42898305363056705	0.37436989059417813	-0.006951199900875954	-0.3632064333305658	0.12916341376489482
DTXSID4045929	30.15706915636432	-7.658972202224484	-0.6382527190743573	17.67334545449874	3.9153450236485323	-9.760277205953646	1.499717519120813	6.216061843891814	-0.30511317851864017	-1.434908205215115	-0.5834084024756842	5.041197836564256	1.2325697316951916	-3.0756738002231834	-5.433542119139172	5.995237112927204	5.258595679219143	-6.157603439068425	-3.7780262676800715	-5.272388002390942	-6.363263640924289	7.210223741089901	4.314664539407955	1.516832443282175	0.0728449300076803	2.7563313910508866	-6.010570938314908	-6.650833847957253	-4.089242644079413	0.8353658152701379	2.3745261868740193	-5.436870310070398	1.1077306972872067	-3.5853305523161585	0.9675937751195534	1.6338353746167995	-0.37663018172521856	-2.1595546440143423	1.2974156370214107	-4.747858940856731	3.395674806986437	-0.10106730769860545	0.26729456146781155	-0.3910407635416241	-0.05345229278674889	3.245831035569868	-6.206882528722744	2.1164222818886027	6.499894624472025	-0.7896824640893211	-3.8457906328778955	0.729924921561358	-3.904740885979188	-2.1893260388298748	-2.1780480816952363	-6.91329393865827	-5.049451536868786	-1.6389015432872756	2.261765905359467	5.510019675580102	-1.2687709133395333	-0.8187855983108133	0.07231351091991997	-6.64214782984695	4.613503060438647	3.4151015861443104	3.693415815138243	-2.9295511513846004	7.822335347115527	-1.1017522544185605	0.925957865364796	-3.1439412535851066	2.638038452765056	-1.8256047801077995	-4.175279798978004	0.5199508567754267	2.540007425957588	-3.420924919376575	-2.1891972744503114	-0.9698126646823154	-2.065675495924471	-3.6350306266276955	-1.3269968848866023	-1.6367287631462477	-3.2999949428398976	-2.721106765273769	-1.9322030089019595	-0.22069602853600637	-2.0051369330963795	-0.18336699076218016	1.599007251328687	4.227938758927869	0.3061590158849421	2.5297314799458652	2.005970926986354	2.2452706229693535	-0.44463495477129555	2.447335028202989	1.671135732095918	0.5248477337838747
DTXSID1045405	15.734535410849558	0.018194528632301827	-1.8933080064096726	13.521743251272326	-2.0681763008932963	-2.0888897575427117	-2.2940819525208314	-0.026960545472382212	-1.373607403055095	-1.4383163636072738	-4.980301891114872	2.550154344100933	5.868136561720292	1.477747419204401	-3.4276693740419413	0.8276277414986332	3.003466916239466	-0.09330291153599683	-6.698440762609998	-6.5706211301862645	-1.4254749679910175	1.811601941547261	0.9208985777109051	2.065220010164272	-0.6258726034798	-0.8792980014525271	-1.5010782979391322	-3.447165323965136	-1.9210861421330647	0.12015073197114966	-0.31475890823431374	-1.946442966974247	2.807409919936725	-0.8312063791673884	0.5094766447128352	-4.258178889369777	1.6698117521223574	0.25361453534196493	-0.9845736971136666	-0.10490263112142514	0.9593145134060772	0.7586078463609714	-0.7840195788309324	0.9261009134608376	-1.8983591905286998	0.856584508148187	1.7108700531583907	0.8999438645003697	-0.755017194356394	-1.7727240057889846	-0.13553151331308275	2.399669619022088	-0.0028370982407808338	0.6578331081369545	-0.06649796746334975	-1.1206777929584135	0.6381240360956993	0.44985158895411276	0.2241101504667978	0.785834198859495	-0.15608661585134803	0.27940415679320213	-1.0673663492500745	-0.6145702982803212	0.28906522496626164	0.2457863516834166	-0.565330783751631	0.0698484450983349	0.15432329766805694	0.43283396519483924	0.6173653642998873	0.021913896280123687	-0.832287562801319	-0.034570368166129545	-0.03553416451588506	-0.8911469681435367	1.7365991260449096	-0.25795419748727444	-0.286493467109112	0.2971972993120852	0.000307231706391614	0.654359677078295	0.27757523671882783	0.34458392293113815	0.3139794228848548	0.07090450549429385	-0.36980620019176647	1.177160779348607	0.4314841350557267	0.22800425102875563	0.1616341393871643	0.5172281898257504	-0.10582462855797052	-0.2663526021882053	-0.3824299996701521	-0.9093089355139258	-0.18514436065136375	-0.015683392066357157	0.2872240575098025	0.042153601384385044
DTXSID1027425	-3.4217789644746563	-0.9476680907603983	-0.920802860878785	3.716930496790983	1.044935248503435	0.4005602510435059	0.38954823681435236	-2.7814641243348617	0.0294354503847261	-2.9546901745170655	0.029345251088851197	-1.068267323083285	1.4658188825981497	4.253774678026737	-1.1188110077678028	-1.3448635290830657	0.5401496162938721	-0.8334697169496803	2.1578548671240716	2.2202384217066635	0.9183749638418875	0.5663382840387468	2.635491540537979	-0.4408952846559795	-0.12002113491243986	0.34319636511774054	-1.6183381488525648	2.833286875975775	1.8535822564383717	-2.1165406056033027	0.5911058791088527	0.6984543546227178	-2.079261553913446	4.024616875635539	2.2896726490394497	0.042601878884642126	6.134788809883374	-1.5725161447333815	-2.7488229001620406	-1.2595548405482815	-0.8457431351514801	-2.9948159059334483	-0.05048641501343858	3.8757699823481593	-0.9361946907073025	0.437811231834245	-2.3206301177761803	0.6168604807382011	1.0446298842620008	-1.0172882157835668	1.6831130959561944	-0.09532487113728658	-2.700546149398313	2.3678283808839335	3.2753133205363003	-2.0299477981196645	1.0781328240858632	-0.017210925953217493	0.04752883505249016	0.25558172043764	-0.11995163830129688	1.5179696517139185	1.8579772215401595	0.02847034937391664	0.9491511329257761	0.20561669701143384	0.32050801224008174	-1.0464273736051273	-1.1162403514925532	1.2987157196255	-1.2875627577110484	1.033193309583078	0.5954806042853945	0.3895416817711967	0.025472349158883696	0.05202625609498212	-1.5161217868442969	-0.19355856850358655	0.4065567012705969	0.2742586745899189	-0.406214348465157	-0.2619279136458594	0.12453923168241372	-0.022316224752085664	0.027896787908970166	1.0562479800905618	0.8193512909054812	-0.3599332375467933	0.5292387898360332	-0.2429056057410892	-0.07892964917898833	-0.11079821708706046	-0.17151792709626265	0.5996419613138014	-1.0545977163422346	0.7337538669901941	0.7312790709786087	0.347325724889098	-0.29044692477999934	-0.20503396978920593
DTXSID3052010	-6.232159116730149	2.8189464866121865	-2.852469672682358	-0.5624065187115679	1.5570176671220368	-1.1034963414359296	-1.0652441181426855	-0.8474963123531785	-1.5556351598800913	1.2819852848792321	-0.5872458525890852	0.6558347396940697	0.040093698515680565	-0.1299555639433329	-2.226012799538879	-0.8065149460061745	-0.9459768433911874	-0.2086550547161963	-0.2647232387557416	0.2326354484915208	-0.5895228511271814	-0.7039617312135443	0.645313079675203	-0.9190069052069095	-1.1740300925724494	0.7900924466430145	0.9815476035106723	-0.030384380061016743	0.40286204823513144	-0.20894979938468417	-0.42919754097572355	0.6052351071503769	-0.5384301405185529	0.4142493315718718	0.9798633335967096	0.6572702367854197	-1.24936472371823	0.08118764209896837	0.19537265076734295	-1.091146666095161	0.984156851558072	0.8736055763130193	0.3219890946906876	-0.7084797549155265	0.8258762930806082	0.5767950569334207	0.379373868961083	1.7485170614262266	0.45384138067188123	-0.35061345043030606	0.17755584881860503	1.4356497210512775	1.3688801082413082	-0.4395253212414056	-0.018789779592456726	-1.5850757211185087	2.1094618302989323	-1.0278404914817565	-0.16354707107041686	-0.7077234344869019	-0.6477679543130969	0.1127940119874287	-0.6899687243056074	0.47806064463510906	-0.06889033261638451	0.8766473184182202	0.16733177601661978	-0.7427319664183197	-0.5782738018836244	1.1747994653521627	0.4736770789624026	-0.26899319810348316	-0.38539543502020723	0.7915340821746841	0.4762861920582025	1.8256264605006702	0.5570433501605664	0.470355640428259	-0.2519601592508056	-0.6981395927647221	1.2873048079161549	1.0434698231077861	-0.8781406463920207	0.007746543118664677	-0.8015547575698334	0.22369328222174806	-0.3596549726569307	-1.2837563794426816	-2.322904272604046	-0.7303467182523243	0.34698603911563924	0.0784953454676786	-2.0173943788724853	2.7048450842964833	-0.5428678825719115	1.1527998312767038	-0.7325686535084119	1.2795437598417567	-0.6438385723334848	0.013663087206445195
DTXSID2046707	34.43558801685658	6.364328717443739	-2.197348448510472	2.0782121093984376	3.4078540102582005	-0.7905020822561871	4.031755266081741	1.5728740229996403	-1.3651303422847472	1.3064445122106005	-0.6269251972547615	0.6244370515286473	-3.4884363025873757	6.687849046986903	-3.190945487790725	2.8653502690786703	-5.992478894938952	-1.5614995622805385	1.0278463434532261	3.5018074004628006	-8.226552872158114	4.8963868939729736	5.449679052801473	-0.30711516496032587	-5.753554964284798	6.781693267221344	0.4550423354021676	-1.2335170745794042	1.0947624409257257	-3.3590755917843707	-0.3458702702345815	-6.819276119834566	1.1177106061763549	-2.0857676150618896	-3.208866666514803	1.2878559392510573	2.745177429743021	-0.12471579477442078	-1.1188441650028542	-4.992721197455817	2.69837619983636	7.136595735838366	0.6522500896426011	1.007311589564761	-6.304336653872127	0.36219754457371683	-0.4844338798449896	2.009395374928517	-0.4002314984436235	-1.805154241986757	1.0876343734151783	-1.7630042834994608	0.8159513934814884	-1.3989840510028906	-3.5473263386384484	-3.189075672812528	-2.0669197485739486	-0.299582924257006	-1.7986822816306378	-0.5295969440604329	-3.124864085346984	-0.9338410526669332	2.8914972219095643	-2.4003908280944395	2.4492475280234274	1.2944479444224275	1.5601143694893822	-1.1475549070204054	3.2941673433097987	-3.0864753263179106	0.685875826019645	2.057510293576858	0.2576511199401474	-1.4751460463733248	-1.5309500165655776	-3.348816735300416	4.603833315748358	2.9800428207370846	-0.777325364770183	0.32617162508674763	-1.0063368774630772	0.37637703490376345	-4.86604610402963	-3.3853043158169065	1.7311136128935354	-2.0615403115300324	0.999563331649953	1.7865851345787827	1.9581149819244037	-2.157381696441412	-0.05758776003972562	-1.0567701962277964	2.340279190507318	0.25403810211888656	0.8090201224943091	3.482925739333815	0.6466442132156657	-2.2192525993844594	2.807799319095796	-0.757301720333808
DTXSID1040619	4.346665102208776	0.8795336973393449	5.242997860717911	-1.7627750750372215	3.342942098217444	1.2187507931935637	-0.46768238126715783	-1.7234136660669328	-0.6038901762900368	-3.222816696811025	-2.2066019925277884	-1.9503880814429766	-0.2558537993340366	3.041385090102253	-0.5644272414410411	-2.4531123216996558	-2.072077784390969	1.0710421151115417	1.3449139847817755	1.0619027264001881	0.5712890548627237	-0.368220287977423	1.1459955440791756	0.9848921668044383	-2.188167761672591	0.8640322625479413	-0.006979963489427958	2.482654682976089	2.8147502567407963	-0.8899140181852876	0.16031395300667053	-0.48997398955026866	-2.2208115522874765	3.2933806257534326	2.958872661020082	0.494528609054323	5.99740440660129	-2.261226138713684	-3.109617554581243	-1.0134883830531374	-1.132168929734473	-3.6185489947210887	0.26655703841150624	4.6869064923290695	-0.8763474305844199	1.320397482159659	-0.9316244248541692	0.8358823671973938	1.7506896566857861	-1.6801645525643447	1.8859778779207081	0.029858827055967797	-2.0821871882695815	1.6817149200188062	3.147201984813374	-1.7730906682030996	0.5912486894177381	-1.93338998822286	0.31194703418499503	-0.31670643083402433	-0.32203742064466645	2.389709303303465	0.5713756872374091	-0.4494686123276034	0.1551514091514657	0.19082308972173567	0.6075424256227915	-0.40922487352705617	-0.8930276321726706	0.6513610333479862	-0.5910108735851201	-0.06420902856950747	0.12282668473850322	0.7299191472542321	0.360751096689472	-0.4180745523656425	-0.6837610525252139	-0.06120825132689787	-0.42984691661747976	0.09119914543687735	0.0995574354616954	-0.008878140088979792	0.49731254187073565	-0.05291582857832487	-0.1406421879126627	1.088139992198285	0.632363072229656	-0.3335834060401082	0.45841243405969784	-0.13205363125395966	-1.133651474666773	0.18468835210819995	-0.21879554115904082	0.15270155273315866	-1.1101622044398172	0.36112130418396593	1.059382691016584	0.772562579890908	-0.23983350623722624	0.07770819794706485
DTXSID9048691	23.912647140388266	-9.383720136663298	-2.9932730398289	1.3661692265959164	2.642354043381324	6.71535894887666	1.3103246496222116	2.9586396856676695	-0.8320894824194561	-5.643582253383856	1.4612991122835048	-2.29877254160673	3.579351385237197	-3.1227246928434087	2.113950919294694	1.750579472909884	3.694896947481196	5.081911241495073	-4.084923821834722	-1.6353145823257644	2.202213726786561	-3.626705435289954	0.8678024942268995	-4.342025766798844	-1.6926884830352573	5.711223187186009	-6.262384610142008	-2.9335393781583026	-0.2409892579591154	-1.0251372786355473	-5.308470713454871	5.0713595568174705	3.551182962173113	-5.560137664870614	1.7274280393703778	1.2083240924172243	1.786315778246	0.2545212164981883	-3.2074409733662046	2.2000725531016263	-0.8874903291784257	-1.9631512422535404	-2.4814795593224903	5.377458528791494	-0.17996906723420533	1.9661377495421564	-2.5348178844054585	1.8327225575859487	2.5640267153543297	3.7172153577159155	3.7485623638799828	-1.0437009067734206	0.7597902573127392	-2.9238093363394917	-5.87923573772176	-0.8005030984559678	-0.26893287241778857	-1.1023746267211927	-4.71191961525156	-2.92593158339798	4.345804205253771	0.8329012848819473	-2.1644088093854568	-1.0886677244533598	-2.847290646709267	1.7482258473330052	0.7534970931187915	0.10710568250562857	1.0745538428792258	-0.9634458686574616	-1.6400024437283296	-0.24075447717073306	0.06537709913562624	-0.6709747441969667	0.6176421881056591	-2.573702374519329	0.21459067616509014	2.633726312889926	-2.0926710426944815	-0.9284317502007684	-1.8235873143551273	-0.7914122061933554	-2.1755249943173687	-1.1569152693759603	2.6281444604793047	-1.184387785287664	-1.044002800419686	0.3848061582475037	-0.3074790370949656	0.9807123642237855	-0.8849608196116691	0.08524355011230586	-0.5066614728268882	1.219111839278631	-1.2535342349673264	-0.24431262470765844	-0.24999752565034455	1.1575592021025065	2.3710970593776373	-0.2752043356586458
DTXSID9046605	11.778413474908264	-10.55617242908113	-18.754986249513593	15.366829602795855	17.05125795505056	-1.9833263953324818	-17.62378462633266	5.7715406991608385	2.5953642422522982	-1.4706434953438894	6.957528186668737	-3.677937196764845	5.48401581040055	-12.968266836661966	1.851342068854616	14.577714691673533	-8.964132815741216	-1.8056678051964534	8.894281767909453	5.918997083743656	-4.0615213848102085	2.572368926681615	-4.485315304534842	0.2720643404035357	7.549273538749313	-8.3180061398697	9.047990291233804	-1.882300103500284	5.588210246250897	-4.295358662283517	8.243045312978804	-2.3362397067432825	-1.6313961926351053	-1.8034731147159377	0.8616260172838861	2.5986269944283094	1.9699390882961345	2.422705057023524	-2.942462877864059	-6.149654828359841	2.8845629014141263	-0.7070803887187875	-1.6729471901602664	6.08573451627059	0.2683811748224214	-3.8355520388256767	5.668525070122043	-2.3082445803999794	-2.765406171486795	8.336402530328456	-4.69606609777617	-2.684281627936412	2.6593078864169732	1.666019242703023	-2.401060457012869	-0.680205901919288	7.556944593106434	-4.359128518293308	-2.148878109884323	-5.693011137345926	5.264784295745966	4.2677216917280525	-4.102961652899327	-2.5419285284928907	3.745144367891212	-0.3017137798849	2.8058442482138597	-0.9304517422839901	-0.5131000287171823	3.447613031658558	0.2582665319320916	0.7576021109302031	0.12647429306913568	0.7380650006024234	-3.781293551822191	-3.6500467238832113	4.119852904142315	-8.262093681436468	2.503550725936406	4.108499675927357	-4.756854015204343	-5.698797448402376	-2.4881117848176397	-3.909785640350032	2.455815739948353	3.0741063645955826	-5.838297782154024	0.4950886721210905	-2.1204582122140305	1.056164896796554	2.2531092990188792	-0.9141140800922581	-1.6211840611515622	1.156047584913035	0.10388014424092827	1.334026045297876	-1.1339486147025586	-1.4161822223137024	0.051969054455153166	0.2854050830088627
DTXSID2025977	-6.464288635357614	1.4140813422590748	-2.9913123505544923	-0.6979494172061288	-1.980527307095659	-1.9151197543304468	2.7384675113270918	1.5384850586300023	0.6672759443343528	-1.871310948907168	-1.2790139954690778	0.7891911210415408	1.3975281074049242	-0.40953683846051664	0.6098887951447752	-0.41249271287991696	-0.3199543467822522	0.2404146375080373	1.8189875541235934	0.20939733134144442	0.3275518979899741	0.5824763386335896	-1.2430765368089054	-0.8479352512809201	0.21610890115148007	0.5525769152999407	0.52305748647412	1.7622793114536115	-1.3328917731030572	-1.1425847845843409	1.6325852604110676	0.33119435717331164	1.7778830244720785	-0.6115081662947025	0.35417476622999555	-0.140967132795005	3.1394558433558064	4.746200529609693	3.5467277074633774	4.9289436788540275	6.732064384236046	-2.568893611538101	12.013856334882373	2.2543493333432543	-1.6831649243510791	6.233084335930214	-0.5770034890376359	-1.2012897212239948	-2.4125681247814357	1.7592926544449141	0.5849550893521818	1.5049716024918334	0.2164194377304862	-0.8563752132282324	-0.5163276674838266	0.9039603061413094	-0.6537299442871994	1.1230705274524337	0.9981916107512734	-0.32731287707133566	0.25721133938176977	-1.7552510377559438	-1.2672572187929367	0.2587340182348498	-0.6758442163159007	-0.41469518408455197	1.105645826266279	-0.7344079841346909	0.47653896628218395	-0.09760117181283047	0.04989265004831096	0.00411004604983901	-0.469258795641884	0.4893216230499626	-0.38099146576138115	0.3769952224181351	0.11624608024943923	-0.525879386183016	0.9286767289699864	0.06272721310545142	0.0860753479531529	-0.7061311763416945	-0.712953136542327	0.14958704956897273	0.6597691217499618	0.4966733277544499	0.8581761203447378	-0.49493436355080245	1.3650970782076859	-0.035839201341606126	0.00910389807754637	0.02691000366289536	-0.3328836772909562	0.1743210115104945	0.05058696824520781	-0.3347910404498532	0.1563464518888361	-0.20827873466199293	0.35747865821224456	0.11733794861715563
DTXSID5021463	0.9092514175859561	-1.1702077773142985	-6.3532729986608	-2.23925095912201	6.894617930084472	-1.3689882479746323	-2.315460684338625	3.3307154498339138	-2.5884809474914383	2.3144420603438394	2.0665402052061497	-1.9886354766279	1.0835149749632524	-0.8040160031458131	1.8050673942985092	-0.3632011044027667	-0.9988666369772	0.9418600829038144	-2.0677360426341624	1.6546295715835493	-1.6199055486620775	1.2345895132260187	-1.7146679195788526	0.5562297343921886	-0.5425400362770957	-0.5597904406454058	0.24841843013104706	-0.6998705023727841	-0.644281345351508	-0.13890853637002137	0.9638289687587808	-0.12300687631133374	-1.0533071763465265	2.0883341035191303	-0.3518547393418351	-0.1756287670561448	-0.7864907127224251	1.7060321362685875	-1.843072240819532	0.8654808769269711	-0.04143876324272881	-0.028577458949170662	-0.49956624449644255	-1.4634266111554866	0.7679805048632696	1.5512527866581236	-1.5506038042816694	-0.2725632840181004	-0.8962976953848372	-1.0976616937261308	2.032873276040906	-0.6626858366462152	-0.7106813716188974	-0.36559992288528237	1.8817520728902113	-0.6284778684529309	-0.6887545509812508	-0.033131784877825046	-1.0729106634559258	0.5255033331766924	-0.632804599321067	-1.1677275645681027	-0.22029029380197668	-0.29993695495787326	-0.9622213017872009	1.2719516255655337	0.057058780047675624	1.5278490171807715	-0.5807746289864377	-0.7589492836463841	-0.6973600598168476	-1.0355814630430615	1.0630028459603935	-0.30597124891960065	1.006559989800778	-0.8985305885239443	1.9602024861653062	-0.28042342443381335	0.4422220908139004	-0.4471017629717959	0.29839089837548827	1.2319891870905288	-0.6666726932007778	-0.48390301466162666	-1.2323274496232428	0.9603390341130497	0.7817915137794564	-1.581229919139597	-0.037925868875400164	-0.07911878378331189	-1.435492518085062	1.945638620345467	0.9350355507993484	-0.37639260613307096	-0.5721860776458468	-0.7043537549897402	0.3649978035863666	0.30118869484102984	-0.6065205599140598	-0.47885741183513636
DTXSID9029277	5.085719467264078	-3.2596553066011045	-1.8101849397757528	4.25365422137452	-0.7289167864159048	1.5594045554398954	-5.049562498357811	-0.00513405958122623	1.0712674873607348	0.5050790606344755	0.3274506902012402	0.35070066402370836	2.6230893441931853	-0.4554566422841481	-2.425620557685486	0.7216501887308043	-1.4222829229623084	-0.09486792874872023	-0.5632983599384342	2.1823059504298614	-1.1698946926047755	0.16939847048037263	-0.09841387139992809	-1.1159790387291406	3.1678332742451003	-0.8034940626285788	1.6782286897790333	0.8928775403799485	1.8447064756616098	-0.14307976602914305	-0.5704682265371996	1.0738432078433926	-0.1967236421851288	-0.42911441745400675	0.6867396699232687	0.3986068220551214	0.18466498058597144	-0.3349189946397319	-0.14791050874642275	0.848545623447462	-0.04409587843494256	-0.40000305075736214	0.7958429999214278	0.6265083247051055	0.11723152848525344	-0.6884598528347453	1.6061715839021666	-0.6848135995161446	-0.26195852414901166	-0.8447647395949248	-0.818667666901127	0.6088898730316153	1.5269528951838223	0.5464189112356381	0.02427642051069473	1.2402525130999624	1.0373685023506274	-1.4587727439710552	-1.1226006107403739	0.17784789281479912	-0.037066499252517565	0.9896974349029929	-0.5997961348220017	-0.4361855775347782	0.48289165325091415	-2.010979317082524	-0.10449630309382581	-0.8445042819107109	-0.29604149239366584	0.5665187962827406	0.9895232133873909	0.21835992791405678	-0.9413994495584281	0.6688616955755056	-1.9725853178906023	-1.991797443656828	0.2919203551483457	-3.389763456117451	-2.2502489431659582	1.4780626611645395	-0.9345529664534008	-0.4453238096085837	-0.9338987412636246	-1.326701084382506	-0.3156725500696308	0.10955183068750426	-0.16574350120802087	-1.055270308191917	-0.006997707795771412	0.30024043394697314	-0.5588253940837105	0.31639708612901213	0.23422744705871232	-0.094985076178884	0.8266923560404599	1.104724595302162	-1.6401130543568565	0.101921761786629	-0.007785328591225103	-0.13348502424926026
DTXSID7048798	33.83981968977581	-7.7252161577927145	-6.9444897220548265	-1.4805492230031647	10.719284917515889	7.796776285129888	11.916713255424797	-0.3394794531207993	-1.2740992738405086	3.112260422013669	-0.40772578965761025	4.171721657787266	-1.857426296543297	-3.62523248259776	2.8782527548313164	4.722348853092518	2.801174504141718	2.740204048662749	4.539587397057036	-0.20909120037555767	3.485883545011623	-1.428230236212479	-2.614346551234524	-1.0080971196704678	2.310615367798848	-0.8278925007840735	-5.493619707697857	3.907022097572501	-2.4498896655408986	0.6887984284462069	-1.6160500285605008	2.733270193174474	1.8594772247193116	-3.729951359515616	-2.0718997237145533	3.509628014675311	-2.798313364101281	-0.46492962729523246	-4.666174388014981	2.30625806327424	1.0332276398784201	-0.7950900608230592	-2.279132586075235	7.133718190265839	-0.6878168952176937	1.6310941924433675	0.13962573220077507	-0.2901170764060399	1.6369464643426326	-1.031766318928109	2.0764426145573074	0.6982694333925806	-1.6017975030720566	-1.079265388581932	-2.9772717352895604	1.9343403386251388	1.3082247747074962	-0.4882441073672689	-6.964109640117347	1.0167568163210312	4.844068860647184	-0.3861204192379418	0.18689879143404434	-0.384604483307626	-2.5958859535721888	-5.8961994361895975	-3.9645303271198693	-0.9829821880561603	-4.499475576343875	0.5004285047864504	-1.997316522850956	-2.9214136565538085	1.2885536793414831	1.2087242600878234	-0.12964444175585577	-0.39634125861999453	-5.344584525777386	1.5734109496230946	-0.36799722554257525	-4.777702246037438	1.0710825926888674	-2.67911009931589	1.063579164803703	-6.228688462705788	-4.632743710330956	1.4290555287634081	-3.9118264617522014	-1.8701253247051808	-1.303664257813969	-1.397024437164644	-2.1320770265363076	-4.816786015893875	0.5775845200867796	-0.9925943879567652	1.686802107047249	6.180136445735466	-0.8060861274863704	0.913255480045402	2.422169640796308	4.224228234507452
DTXSID5049079	13609.89982923108	-4608.155999634859	-1214.1571109803447	20261.16066245533	5300.209993363735	-4807.1291170730865	36896.972537689435	6775.854279138162	-8938.329733314164	43100.976233492394	-14059.675258568896	37176.845524827644	8889.25370728433	-3192.238542822284	11509.838215630432	-19053.834805468745	-12130.143417462827	19976.15058450929	24728.806820017147	6703.696802055252	18880.99393098766	-9259.5204501342	-12464.570083605397	3105.130005621905	-7244.040570769629	-12407.343689721347	-6127.177584735033	6397.831928599346	1500.1194289873083	5446.981488559056	1773.9654630128614	8552.899926100188	-1230.536815512607	5132.946667589367	757.46750487908	10554.821861221426	-2855.381863808394	7373.725865633958	-6056.587225964216	2078.8714109941984	-551.1350292748484	1289.739482915397	-2633.8703171930815	-2188.0315732025824	-877.1477679940773	-720.363527634036	1392.0609259957948	-5067.773270554993	-685.8472107992184	3386.70115586701	-474.5725500910232	-8407.28405249047	-7404.910749949508	-1125.6005832018354	-1807.1715219061846	-2897.8601383040586	10541.555010008253	1691.4522300145588	-15593.74600759298	-5660.877409503154	11302.310363195038	-10841.927568964269	5993.217651200506	1313.343118579042	-9206.419602102218	-29502.807317414747	-2603.755144976736	-11732.761347069738	-9423.117569414619	3505.2253975146596	-10385.462429642477	-17668.243016154058	-3374.925643790184	-4404.539942357777	4435.197496113052	6273.927185301895	-18241.452486478305	1542.4921799008387	1125.0810622668102	-17844.448699490556	18765.300072363967	-16654.255788271767	23644.301175569788	-29187.366341644887	-22766.57550652571	23408.826310861226	-7246.021823575722	-10391.831852627647	-2789.757608981919	-6968.562134726296	2460.6480429810954	-19121.394146822964	6699.715285983584	-5662.190605171721	780.8673646664614	41600.61378970182	-4063.9709039481677	-1360.3992802838768	4632.935328656109	18357.68064081813
DTXSID7046623	1.8710969117807563	-4.133456338331346	-4.030576738763283	0.14706133512219285	-3.5458736870685676	-4.736852547227869	3.455413283966829	6.153101436598636	2.929745214617239	-4.950686783687247	-0.5843325212294052	-1.34921051981325	4.633179336422307	-3.3673756697855493	0.047096298703948984	2.3070189640246985	0.47881826566627983	-0.8546719204708756	2.819608009022834	2.5927383272846516	-0.922182869035564	-0.0027540182792088	-3.21709335499073	-3.232891833955298	4.366540212934907	-0.6961025577040265	5.26593941659117	-0.3895233586535837	2.246389550186393	-4.5715459143497235	-0.40380928849093706	1.3634078346817473	-0.816632704846296	-3.030877148416744	0.8102784662861969	1.9366568577521484	-0.27040902987559967	-0.45900084223610577	-1.8355381683997414	-1.8142230978701734	0.6037847943812088	-0.3596605328200461	-1.1256994656916464	3.839237417375068	-0.8270016964353292	1.3729444237003199	0.9576333576504176	2.0824911599098623	0.2660526260521426	1.4282052344262284	0.6790684953287816	0.5022468747255368	-0.23233258651778058	-2.3172989605247403	-0.6114659663538272	2.9054229784284322	1.2118333906609648	-0.4923147596172615	-2.1587449900249958	0.650653775639307	-0.34963178916508925	0.5907533500591305	-2.6812478831055455	-0.5209919963205154	0.25816531709542534	-1.7778520783274887	-0.7209484299109623	0.05002031239174864	-1.5044178803739066	1.1940646257759011	-0.6157644419767586	-0.00775107634594686	-1.653925234703131	-1.2695881484717626	-1.2189898425054309	-0.33790863930658827	2.4237268806291477	-2.9504922329772088	-0.023924100121597566	1.0639884119260967	-1.2014019668874525	-2.391641755590859	-1.0308494811438682	0.05918781951629778	0.3843958013690891	1.747001093924401	-1.760239878538149	0.27739488461129796	1.2156853795424931	0.5363454538532022	1.602759198052345	0.7349560360054332	-1.0271566946706603	-0.7499537505849027	0.2166398105482146	0.5853098615897965	0.37991924089830026	-2.712739491023026	0.4275876760213864	0.5074646803319748
DTXSID8023187	-0.3837867846222178	2.455529849269795	-0.2404063473389409	-0.07831737454798386	-1.304460913824386	0.20728219874960765	-0.13472926432926613	-0.31210980561260926	-0.37886151008891844	-0.01581941367515082	-0.018265840875086738	-0.4205676073841163	3.1718348236258525	1.2437927206684267	-0.19446773053674535	-0.7737740968497413	0.95687773457265	0.8275983719526613	-0.2568552017641568	-1.8076835518314458	-0.37259682845341274	-0.33756902671629374	-0.7340964152937218	0.7091427893672295	-0.3303521634049552	0.012605960850296439	1.1276955803230237	-0.814721376125423	-1.06867269987125	0.8691882067389652	-1.0244545502098248	0.37087090030540043	0.1621950433285148	0.7572626032552253	0.14376970065993383	-1.531833870556212	0.38756209884584286	0.5326923592672927	0.6654555262260307	1.5080195017512268	1.079209257724577	0.0848537043366758	-0.7672950631411587	-0.798189865665954	0.7793052440052716	-0.027360600853277715	-0.22899824666292004	0.008364530075044656	-1.803651698975766	-2.112095366844311	0.031954217310601885	-0.9322004029936455	0.015792159722166205	3.247950421342911	-1.3181716737544578	0.08774068247654922	0.887612010264918	0.04821075451597134	-1.0601172995557193	-1.4819087122435395	-0.6027720879506683	1.3626920591278335	-0.15976350036654857	-0.07410850746414537	0.5417832213387324	0.5016496407065995	-1.1468579963703436	0.4779584387444383	-1.4027061815201494	0.14611712786554915	0.9965402903865229	0.4175129467511671	-0.6545123971590102	-0.4695445951500325	-0.4104694067097552	0.8430832790914445	-0.11405833333687554	-0.8017437213034267	1.4905020621821978	1.1006773276445745	1.6837596076020243	0.6670863058672739	0.4616544363482373	-0.17297260936325318	0.935453075503707	-0.13989165221570435	-0.18068577338709438	0.7109762074349288	0.2174182520368838	-0.5343858376063069	0.5514209095235741	-0.7756967798935052	-0.023794220218665837	-0.15346081636479333	0.3873669209242836	0.42002278651959385	0.8621115641013906	0.4547033484932091	-0.37887858969127214	0.05968922467232649
DTXSID9047885	0.2458311408742926	1.1822098314174423	0.19365745218503694	-0.012028707157235561	4.2312311382346515	0.043093249090370336	1.0878471018020803	-2.8089720377912593	0.46789953047630767	-0.8550586295270189	0.5722549157349243	0.9569198973980678	-1.81177858125089	-0.04524917955109634	-0.214217693932118	1.019309213112914	1.5903297957867997	1.1441484856347672	-0.03488367967518361	0.4194547232551384	0.2880859193116299	0.8139453192664435	-0.07087886398082745	-0.08560974584131412	1.2273635532971952	-0.1639676698031991	-0.9339174091816796	0.8475645551649702	-0.1830169718667792	-0.2232524588578413	-0.5843185705604665	-0.5232322530364593	1.1917088236752609	-0.25716378689764463	0.05078024144514099	-0.41783469987334165	-0.11319770337111025	-0.27081405863378727	0.3092609328586814	-0.03554599419192906	0.02832020484120639	-0.8034501897586747	-0.3062151850611002	0.17647797135982268	-0.09738074724375621	-0.8767840029466731	0.48872141861324936	-0.2630081805950901	0.09150971116616125	0.22661158838079012	-0.06560943174884463	0.05974094964987419	-0.09292583892595947	0.0689833897500079	-0.08943805712864908	0.9853313394857607	-0.6561760003317683	0.27097899312198404	-0.13109794981408518	0.45264458720592704	0.3028294449815265	0.7794216758288447	0.3941190760592457	-0.4566859077213304	-0.340314425707332	-0.6962972073196393	-0.63058439778953	-0.2541491383323125	-0.6077597048498676	-0.39285777529878907	-0.13947340931279942	0.3067872531581276	0.10991500730307872	-0.20723577092726522	0.053684321319659487	-0.30277488721564433	-0.18552089022567791	-0.10812604337752188	0.11740913127423917	0.22421461341743132	-0.17500851246304408	0.10345993222192285	-0.15487208425481333	0.31658489817090507	-0.21498708015751636	0.11617431172350867	0.08837607015962862	-0.1298131391921629	0.25503602397421804	0.18505415569952932	0.2596857524988291	-0.09456921776681818	0.2275358412224608	-0.15269842053733848	0.1180581468340129	-0.02946542768843432	-0.08995827365079054	-0.1678320962138876	-0.30106520331874687	-0.07127226060969848
DTXSID8041955	-4.744035675886869	2.4997782501420893	-3.5176837888491943	3.3656647945974414	2.21972818002045	-1.0275142649735807	1.6282994301468157	1.507606920749624	-0.09276930037985093	-0.16913710511423863	-1.5546131746224015	1.8036454758563207	2.7833356081345566	0.3181555087033273	-1.4707936204584857	0.2057163446605842	1.0418881408767948	-1.0107471182832461	-0.8571269915177764	-2.8064181433290996	-0.8596451720432786	0.5649730249232308	1.083138698679652	1.1216561663979974	-1.1997870398099655	0.3292220705734284	-0.3963335195890653	-2.0312920516047144	-0.8747982284561889	0.11095376654379062	1.0507050704523144	0.11819771027270043	0.5774611045855923	1.1157328842032095	0.6549219682086166	-1.3399217925892841	0.10979414967859447	0.8799054883506559	0.144771836775949	-1.5033645067166221	1.6269526791870779	-0.3858722982245756	-0.6431347686536563	-1.1948140214931096	1.7981276609422567	1.3955260934933706	-1.6070020735722237	1.6957061875475279	0.0988895410995709	-0.8355142123971196	0.12532750884081464	-2.1216116769214883	-0.6026156619364221	1.084438805256565	-1.9049165075491705	-1.0763976136072133	-1.1235684136566928	0.6432817253938315	0.3503644368355267	-0.2424859371578246	-0.282079449128976	-0.5318986235345033	-0.7426524071325716	-1.9205902613909702	2.0247707293570487	1.321820292591024	-0.10673083850234334	1.0358440554503543	-0.6811871092320225	1.3443225087030652	-0.9792944076656758	-0.26264028458000893	-0.2136350338615448	0.08732186279655513	-1.8197884941863003	0.9502948335302356	0.629797903304735	-1.6795205315232107	-0.03938439627716793	-0.2302129081284284	-0.3168204059215618	0.5324590581936757	0.22892194838808685	0.14039698360867026	-0.5976518035890007	0.06906021660289584	-0.7769912682355891	0.2268117270905924	0.29614351506783104	0.1736781667334349	1.351286123256824	1.274748942888318	0.5126841818498852	-0.4394619392544026	0.01782032968427844	0.1825459238283004	-0.6094269413093953	-0.4162613898856701	-0.6461467214309332	0.9217503484054574
DTXSID4041995	-3.0165133223086418	-2.190244324966724	2.3412305290704696	-2.786072492369144	-4.052279108653566	-2.5982890525378926	2.193291994789734	2.53692557466193	-0.32890424133725077	-4.433656566339769	-1.7422212520935396	-0.07439528927360738	2.3317878191266446	-3.605315189499529	1.6636929519501322	-2.490147590961848	0.2386827927670943	8.181217428169601	3.628353736947283	-0.5004097270580613	-4.606526184034059	-1.6950446628075417	8.80242807495093	1.4424477790012997	8.7200286438451	-0.32157581891268505	-0.9386369408023141	-1.5119744023035497	-2.724700055896269	1.0881775614887996	-0.4389938517158668	4.512967551604821	-2.522308061845843	3.147277348327163	1.058950251194079	-0.9700606895738111	-2.4582296299738906	7.523444720163739	1.1574084270051996	-4.0229767882457566	-3.8928586684902955	8.04734484159144	5.839626082876907	6.621127252915155	-1.643326790897516	-5.832663131323381	-0.7795576733845047	1.3096841743986454	1.6643164481172408	-0.5619504492383355	-2.0199555849041313	1.1925796228639078	0.6650408757606564	-1.0401324798419809	-1.9006994687815264	-1.8944659484901694	-0.6541831335848914	-2.4836840343721076	3.4980896404547073	1.8154680622145951	-2.003617972951964	-2.13645104516499	0.5691848820359473	-1.932101581253297	0.898039156103584	2.633401773666747	-2.5891519649905748	2.804605903732583	-2.899974409556767	-0.4856392721535009	-2.1050205573501417	1.9536612868126095	1.3013252184828688	-3.763949120175756	4.157233067261455	2.2009160756001873	-2.835942048408808	-2.6183715335731943	0.5894955594886362	0.7074922260363572	0.04458796022723545	1.4883860384762015	-0.3702741574330213	-2.3471724931763704	-1.4643758791016797	2.8295473547124548	0.02194738287835298	1.1490443548149858	-0.10676823099680602	-0.16393376200577645	-0.19222341107006866	0.7424170134513365	1.471894236073894	-0.4004772629960695	0.07545597857435053	-0.04909625729666699	1.4708634912536862	1.0660879601093882	0.027413082083558325	-0.43524353468922916
DTXSID5048681	-4.177611039268925	2.765529237132057	-3.6119480742421692	0.8443242269464615	1.1018119894393297	-0.5103418712395935	0.49829528513757426	0.35652274146623064	0.1258958675645526	-1.42670854041659	0.3290541918994869	0.4838174445489373	-0.49425023945928276	-0.20649979859250803	-0.2890185340032684	-0.38801300215589235	-1.2003463603990432	0.6213663865169943	0.22018383571940206	-0.21303163474926284	-0.35148921611297834	-0.20959992021648324	-0.33363957914822284	0.37573023657100824	-0.9568916879904655	-0.05793282757046416	0.027738405123064126	-0.18433889211623672	-0.8959915417103641	0.6447311479097033	0.011673654683544159	0.14344391272992527	0.09257933059918733	-0.3849410344606938	0.20267260280748373	0.042736674862025745	1.3638819847528187	0.3540542333377373	0.7258742598282609	-0.2882658099150362	-0.5061861775310723	-0.5886881832365075	-0.1496918669108169	-0.02323552263982785	0.2123608418744182	-0.7260423550497052	-0.11426178995613981	0.09069304802128302	1.1146364467398684	-0.440734778789756	-0.4209850955085354	-0.15006591857795476	0.04445613950821112	-0.21464616933479883	-1.234140228093701	-0.1324580252497234	-0.2716104054175672	-0.5058046968864355	-0.04308297918755722	-0.9259486599226002	0.015821105812047976	0.036053939760683607	-0.58676681550323	0.4870762608424942	-0.019681995287456528	-1.1177541750432836	-0.36200882319198674	0.46364215806226644	1.4195687624128752	0.5831894864570892	0.5109258295627438	-0.5135879700310966	-0.6459354762875329	-0.39432134419755466	0.6326663503443892	-0.4595348903241206	0.3067009318786685	-0.60923348077746	-0.35865426702658826	0.7007922012183151	0.8388972177056395	-0.3592147890859705	-0.15769135953124452	-0.16654416001519792	0.13570893811810256	-0.28504907561060416	0.3130464556910689	0.5263028328508276	-0.271221768395554	-0.5095694319971126	-0.0027152707423184494	0.011275311940562112	-0.20192201749936245	0.7407347085203794	-0.3817988110478163	0.08261408328987392	-0.14940074862925665	0.41553792486882385	-1.2995682651416163	0.29173964213605874
DTXSID6026955	-4.685866845601929	-1.3906294718740786	-0.7109775317114638	0.6321782508604006	-3.52823989844314	-2.1318415846824803	0.8156650825371657	0.7249064680101974	0.03052173833616631	-3.012204528929194	-0.6525229965582654	0.7186608081584306	2.490107133479527	-1.2191532828915612	2.711817906232956	-0.7515657048534757	0.08960752718103307	4.452529762745013	3.5457359442898007	0.9369724249682734	-5.5839343795216765	-6.134991519879984	7.936251566693769	3.6305754388350766	5.6331548743414634	-1.0589113144964746	-1.1959256872793864	1.04555938674923	0.3380093653306351	0.7908591708193348	-0.2588314724099569	-0.329127431157167	-0.08175723909135096	-0.2159529878462476	-0.2595012772711786	-0.35051186571367127	0.2651889840314482	0.6625684140753844	0.03501290073820071	-0.6466492361024518	0.9016940988499528	1.1517327758089348	-0.3104111215768282	-0.060811800919885584	-0.2604497972816733	-0.4830350188533583	-0.17713932621756373	1.7906927273189495	0.5221706262088182	0.5611082159321963	-0.8567469788037071	1.1129442837435686	-0.17411163710082986	-1.0132948583809802	0.05548779187719429	0.31504324366164477	0.4886982656394357	-0.11627431453472391	-0.003969897535408183	0.34216839621499384	0.7464897220930791	-0.9623748359851108	-0.060487559020797936	-0.31741886775606265	-0.40921438387777404	-0.426916852732522	-0.49465910605071867	0.005592783172841498	-0.3423063870793856	0.6193497742080992	0.5227726281681476	0.1920589701787831	-0.8730853114521682	0.9835984930002508	0.6683863762344572	-0.6626736392791432	0.23225750636356274	-0.3984876664524587	0.6855187026766179	1.3277099253901787	-1.1162690366423098	0.19325803428235078	0.12985130557514515	0.5817484585574864	-0.3642157588025195	0.6422105273918524	0.21315213889763943	-0.03210365877701821	0.9902441115593761	-1.3930834485437975	0.08510772847520644	-0.32105543961788935	-0.2817117995359218	-0.7593650632723167	0.031151306226377417	-0.0470479216074331	-0.00577078290361917	0.4015583811627442	-0.13274675919190038	0.23961110523449522
DTXSID4032405	-1.0724391691445083	-2.2520153957619935	-3.000299285047028	0.8053599756370052	-0.8975630481830935	1.331581031487795	1.5639427882997023	0.6878513964052496	0.12734942874713512	-1.169773910798152	1.7274548884593184	-0.2475521760804275	2.075051496582738	0.3839023343702434	1.1836277119932295	0.23210777439354582	0.8940062188608808	-1.5765163565259728	0.09197323544032705	0.09794550498713787	2.6224825872503295	-0.26529699109517657	-0.42271295251360763	2.9585361700284056	1.560896400908837	0.8834645337651071	-0.8336385479549975	-0.42865466402650354	-0.3704099710120025	0.44540089403475525	-0.09430730954634182	0.2218282811270378	-0.028983346476876563	0.7601564838335727	0.20693840103913344	0.3753348287802587	-0.16001291777093427	-0.14695532427040953	-0.07601369619676514	-0.2822969330733814	0.5718832784232445	0.4041172455044997	-0.6231409214618459	0.08970572168547655	-0.009868775162158746	0.195417063939445	0.6529264738846897	-0.20934832443940404	-1.9672745740459114	0.5071278273749065	0.739695596762423	-0.03258650214668538	-0.17836545869733916	0.31574373136552114	-0.33293058947964327	0.2391238495722941	-1.5663262486108656	-0.5656094691395389	0.9815252071508072	-0.14334785938338693	-0.9052434283038376	-0.10847460785252365	-0.02304597045745772	0.359338735297036	0.326196752754186	-0.15453186329399712	0.3813248237976679	-1.2666399733946287	0.10864685674810054	-0.48163665527087385	-1.624169394011502	0.2698998450859807	-0.721913332104033	0.21128146166869385	1.6020977794693954	-0.9827119504615912	-0.0260884399767376	-0.46133545819801886	-0.8454229773518719	-1.2255871288586877	-0.21113648129730214	-0.12479034093360353	-0.49663300250027875	1.2041707398565153	0.6107003990143283	-1.1438241475766346	0.21342158670978184	0.48428216768598825	-0.7355122092734732	0.47780351137082133	-0.13999874199475346	-0.743874661352818	0.3066858212852099	-0.6995693351437536	0.22384690577223046	0.3216862540020753	-0.03009834776491378	0.7099811962483588	0.5840270794666921	0.11176124985678387
DTXSID40380257	-2.4292658443967285	-3.588424613765627	-4.944800444511072	3.0631961086916046	-1.2280804167272334	-0.8216350208715226	-5.203264622583923	-5.051754025419391	-1.0940285564798418	-5.364558776237414	-4.69120054605803	5.052930972558317	-1.6789059879769834	1.5124501187271753	1.6623747576980579	-3.3030303266507492	-1.922380672788395	-4.819954535451365	3.039715923408678	3.4146426363304783	-0.7187036819668323	-1.506047436639883	-1.171627403924476	-0.303717582633824	-2.080320209166636	3.334817982765186	0.9020737800058577	1.0132386446001374	-1.8449886465540422	-1.1773256796981952	0.7520503379360461	0.5386661860922666	-1.6326276788211782	1.7982778645833042	-0.3038476934599042	1.7053779182701772	1.6576334495335143	1.4385912081289962	-0.11246591402698596	1.291505736745345	-0.790144284629185	2.3462511542313043	-0.7848699646107389	-1.2365949783771943	1.0042167512522486	0.6163810846744878	-0.7997981711050369	0.06359718401889156	-0.3284417054314685	0.04991132156794166	-2.574955680881953	-0.8024276375730472	0.8335112643556298	-1.2452996244782717	0.3558812291189746	0.08690410143858036	-0.27921051638732947	1.2263180306339403	-1.370517527940393	0.020326226902121682	0.25203088648482375	-0.4640380070808436	1.3392871118830154	0.44379885831860194	0.6237059561321362	2.1887465835043307	-0.7307340966377446	0.8415867452295023	-0.12387921602690445	0.20465839951500467	-1.3974979836806725	-1.2192667706604454	1.4369215888818108	-1.0217483029822105	-1.4016251685969872	-0.23605332617858038	0.010555925397256506	-0.5281798601661197	0.1676249607040253	-0.5636777257870373	-0.32225597154841085	1.2668156571645512	-0.30986661068610394	-0.726325869349569	0.17027665168663483	-0.5952825182175402	-0.32428292147856697	-0.3568593452191029	-0.2673219791469497	-0.46178322674574074	0.6490107422456161	-0.37236550464359197	-0.09096926052241334	0.02718378643768859	0.590735025122748	0.2645437044583929	-0.0981580371140901	-0.34245397387192145	0.23906249548497416	0.11307588286541559
DTXSID5027803	-3.9979015688992128	1.0432753100188277	0.1417828558584942	0.5270032471958853	0.7702190031616455	2.0777105488719023	0.990192127073907	2.361219446592017	1.0246147957937566	-0.3692012199462152	-0.755254175583237	1.114061211754045	1.724464050397237	0.9253959918283223	0.38263437927489746	-1.6761431687216088	-0.9571765911862896	-0.6746843149788694	0.9238781922174785	-1.4703024777851748	-0.06512861426305899	-0.10625552150903847	-0.13796149639532163	1.199836623902251	-0.8722369576160072	-0.025444200513251185	1.8433180907591176	-1.3166183393148108	-0.5464774864795506	1.0554103819754566	-0.2526609535390595	-0.1847015270244728	0.7239308245154382	0.6770856781140636	-0.2688626832925253	-1.8427634096382497	-0.371299460802827	-0.07239800502567426	0.8891950033634786	0.11983896860790957	0.5674501601839976	-0.7481581587490372	-0.5850639563285531	0.6438809172444611	1.7577457915104702	0.7534225031427937	-0.19023440427397215	0.3249392797495982	-0.4165873071429742	-0.9538884867922566	1.0909216808606257	-0.5551142363504243	0.28699729618117314	2.1952494481426137	-0.996023107759833	0.3150679963992658	-0.9021892398491599	-0.3733707136355726	0.42011235189160273	-0.7876491642200163	-0.40943005236490704	0.5679161378372934	-0.7115099412127155	-1.1080973687377424	1.0928582272616711	0.0748331872128036	-1.155609274671695	0.7013347615945792	-1.6193557474176798	0.09787254425084066	0.19850725239832784	0.3143089800758709	-0.0047898099907712835	1.17026101063007	-1.0012670223896476	0.08977483141493359	-0.030981109600809104	-0.7153047592498475	1.3943169156714035	0.5639308150131341	0.021379713773571143	0.5735034670292951	-0.3046647662642914	0.22744410480522573	-0.23827286318186264	0.5656373471610858	-0.15662716976108101	0.47429107657714936	-0.0076789160220009775	0.5623352368696625	0.7387405602109601	-0.07845172191805365	-0.1261894020860757	-0.01178529588785656	-0.7194878110337866	0.0814621973208611	-0.7440776652828183	-0.42290125811403995	-1.2851820622569425	0.5916573946607814
DTXSID4047092	-3.616316631674989	5.299610083080514	-0.7477249859539831	0.2494535693076902	-0.4341216982004564	0.8296882218779046	0.012630009430260667	-1.5290910726496103	0.6111556228323083	-0.7457917929785727	-0.17791204124466672	0.38230895205446125	1.9538118480631983	0.9974172166278201	-0.3499344730334349	-0.5851910714220653	-0.391552417558173	1.339504236492773	0.005513638540045343	-0.30540992344725204	-0.46298274666090833	-0.1875712411451566	-1.137736714455976	-0.45272237522233355	0.7054775031595787	0.9221769651873337	1.3277413059022882	0.8401290990548037	-0.20251540154953412	1.5979446903622474	0.2735695099057905	1.4918929253487083	0.11930647998166097	-0.22906518601939208	0.2757061093721323	-0.7445573350618829	-0.2336093626217797	-0.42900803594311326	-0.40431630383523703	1.0576502299162338	-0.19339914643506342	0.16708995436884552	0.19037709742739975	-0.16537907839548857	0.06711984897745434	-0.2031084614344176	0.7066964407157541	-0.032946211081758915	-1.7624109856942844	-1.9684614820764046	0.07722707025377698	-0.40810700074720235	0.1264412815127921	-0.9884434077803107	0.6000604959765432	-0.539037865676874	0.5813996638295025	0.2932265403713541	0.10400954439093735	0.9907022028427134	0.9487995989577133	1.0072446170606617	0.5334815752255497	0.02977852061673332	-0.21497839038400388	-0.12021264153065779	-0.24657083042680952	-0.1677874973925759	0.5391741051939647	0.06086603109525135	0.7155957282986183	-0.5495028079566898	-0.2186265847017101	-0.2597123498456091	1.0784685746633624	0.3630921155657379	-0.5317266559964123	-0.4477446451199729	1.0142399975691105	0.2951427426349586	0.5786165769749103	-0.3852553970022916	-0.030348013051208836	-0.29567632791569676	1.1510565081389081	0.09800307655427772	-0.5531219939532203	0.13919547070919228	0.21027760326912331	-0.3948164865046759	0.383807468558603	0.38487954897696297	-0.16665529993061923	0.015670245029782755	-0.2988681308020784	-0.017509521809436258	0.16648009375019807	0.24944063824188392	0.003027890265682997	-0.20646954757381739
DTXSID1057820	11.121757754739248	-5.060851161112887	-6.345364901292645	2.9165549789291294	2.421959265517686	3.233650895074582	0.1291668744472775	-0.39412895961732664	0.8027001074616072	-2.9736026657964296	4.703058261020479	-0.7081314133894616	-0.44655217938528924	-0.47866381337497493	0.16652337495913022	0.3086844327974169	-0.2194761808714246	0.11371877016785178	-2.175774274855511	-1.252693888906905	0.9571676580603837	-1.9431302555504064	-0.7841590127483219	-1.1155786133451255	1.3660813074265625	0.44045692978790985	0.0028694550659470433	1.6690027504891103	-0.1047948989098983	0.8940409181944737	-0.033581142771525345	-0.7849140966246736	1.0526659625542996	0.897406881475034	-0.7072634283436738	-0.15810923100335633	1.3610428323695454	-1.4768441960901784	2.8628849555571403	-0.6731935685387542	0.6425253537687412	0.5318517059322917	0.2988595207355094	-0.35787766438600066	0.16054000646293304	-1.4564574934775278	0.5799595948588433	-1.035183147159799	2.103641810867374	0.9828953980313643	-0.016284132253670043	1.7762865155513816	-1.1548351628233162	0.4777516919741557	-1.190155101086055	-0.41221306145045533	0.7393136507743407	0.8293032597027734	-0.011616210922967315	1.1461734887609192	-0.06934943266314655	1.6307096691725127	-1.3996561090535282	-1.0525373776399427	-0.8112668245053329	-0.46202476125993336	1.5594559904665335	-0.39261072733754854	-0.23392972367222445	-1.1597657498085072	-1.0872274154089054	-0.4492308063566571	-0.9779823396750725	-1.0006007514915864	0.1847792190130316	0.03466860703431716	-0.7736316329770363	-1.584362694581126	-1.1198347583479216	-0.9541478276410004	0.12034940442912918	0.17741306092097567	-1.2136690884417467	-0.0815276792880656	-0.14239555481111082	-0.8527883309235738	-0.7198557896674904	-1.909336862949363	0.05009488269469265	-0.32268546735896103	-1.0775442142845923	0.945588685755434	-0.49135529242288395	-0.39003911171249367	0.14244572992114932	-0.04350318657640518	0.12503009582534363	0.7590680553952623	1.4360590086195122	0.5436591370931835
DTXSID7021287	-6.110879613745538	2.3850939809338607	-4.163237822891598	2.8703535789349583	-1.3576457703314806	1.7101565065984519	2.857058765638003	-3.916543792339106	-0.4762130763649225	1.1198547172375077	1.5204896349328352	0.5210172600504309	1.4134870399750752	1.5669131142636994	-1.8218881834351646	1.8827433574533425	-1.4083045027454537	0.14082759697624925	0.35111497788284757	4.859104582709753	-3.369905344345896	2.4291571232465072	1.7716696232472604	-3.427057409928601	2.912516399423144	-1.2000744473666927	-1.6629552208725011	-0.6130272853073239	0.3482111084150047	-2.775863885036443	-1.0020969152384993	-5.164299614698841	-3.392169065218229	-1.783807020591552	2.9381721470010365	-5.329931480986638	1.1603838272828946	0.032438584000239384	7.69648945977915	2.860309332405668	-8.039656254497963	3.7946211020613254	-2.50852784634107	0.9471004787984293	3.0982048748831614	9.014021945233498	1.3209859089842522	-2.1087716511919594	-1.943735474048636	2.3843245299856686	0.23578923525232487	-2.5438007852568494	-2.009647917361469	-2.3215646279496736	-0.6592945283671184	-3.4052807807987984	2.9164602029919857	-1.3937828913297077	-1.033014848927264	-0.5945537897521493	-0.8413750477002222	-1.9397311578785335	1.5586098237345385	-0.8541516961360365	0.5896584908889067	-1.2227068454422962	-0.46840337908754487	1.3740316520123634	-0.31318529122401817	2.3126807696108984	-1.7248374427868254	0.2916606627157791	-2.19613197586341	-1.0540993280811701	-0.19698642170198374	1.8944653570107104	-0.9900691402393818	-0.2965925301805003	-1.3485823618886796	-0.0836326249808444	-0.7760134625336946	-0.9141534206882621	0.7867383357211976	1.6592637144948106	0.5856701926208822	0.5282640986701075	-0.095754623077773	-0.06571940563024935	-0.005231631351707061	0.3668297698208422	0.2096576911344878	0.5803929349645783	-0.014100290964823112	0.18814478032685183	0.1254496726983885	0.21132464437782358	0.21939617497955932	0.016933462164090633	0.5031644627808998	-0.44527745781352873
DTXSID30865801	6.95945129545588	-2.3717588180375433	2.277065024656947	5.969432512771794	2.48136706395955	-0.6903552704049629	-0.2332673121445548	-1.5947460878812938	0.9936434826563503	0.46355128803413487	4.5637296689074445	-0.09436909533794076	-0.26539464470791646	0.13042574873908488	-1.353048683461166	1.0726973846118348	2.9487677964679735	0.3916819135674949	-3.3057397072130494	-2.0810262174566074	-0.805892729208931	-1.5307311908244778	0.6026780586638524	-0.9817637835522229	1.8570646986654016	1.51612048140875	2.377095209131379	1.2102094864114814	0.1722051978725565	-1.0964043590815	1.0124045393802972	0.92752323695146	1.0979314475440078	0.37645656270954037	0.1649454672611815	0.3902158247879532	-1.8341382178386567	-1.179678664277979	-1.3886667683385043	3.52355715096335	0.1699221943506289	1.1330619722100364	0.5398122664378383	1.2871245035520196	-0.2575768238808861	0.11926754017546834	0.6277328885141351	-1.524103773423941	-2.656707079680438	-3.3716148732338684	-0.2907897119273209	2.3874539584736185	-0.05938829868408529	-0.45103532432628013	-0.4073070842065785	-0.49548841382226455	2.6355634551359555	0.6232702776705932	1.036966835333492	0.0441842992992298	-0.565402655265779	3.168844376912236	2.0280275755208965	1.4517475446380244	0.04943676508002329	-0.5225083803265311	0.1610207279493119	1.2077548786881982	-0.5800461591890229	-1.4762126914780094	-0.03359157001708429	0.23719715078262443	0.14679067046481678	-0.5558004555097672	0.28560225052545146	1.3641962134948358	0.2934591067057181	-0.7288130967540609	0.6663499822039382	-0.5525227598947475	1.4528434578192804	-0.24019382132015615	0.15759910098045937	-0.4617564650859525	0.7774466754828069	-0.7494985104747067	-0.691622418045713	-0.5545525882599615	1.3745791810164127	-0.7111327439382651	0.6113758903067572	0.37861151138269733	-0.4740959716477539	-0.2888200346093612	0.7928707928810854	0.5227243284401364	0.7267900794408724	0.5279402231563681	1.0965831180802799	0.3505132546683156
DTXSID6020149	-6.193760692247899	0.08203349425331263	-0.8041420171214105	2.7067747143689393	-2.047235472946241	2.9445615226535047	-0.01846138807746508	1.3607559500870385	0.11479073167739356	-0.7864623766969276	0.3358149101984761	-1.0491891157200406	1.6752130801751342	0.07361047373008742	0.4896681704238578	1.0199012000761292	-0.7653276102174974	1.5840544175630282	0.8759178821918149	0.31197959875284625	0.08190189272894405	-0.32606651863808606	-0.036703678044899504	-1.1082023349152106	0.08000773949620908	-1.0682891957783245	-1.5060947784790002	-2.4044722683275275	2.0041987835483557	0.2089588759436868	-1.5777204648383996	2.281380770526332	4.744409670561129	0.16593886810291972	3.4024056026578426	3.300279790883051	2.55192950713757	-0.21195012291070497	1.5382810125733137	1.040116787927245	-0.1075549303566552	1.7032041158532445	-1.0173649946211818	-0.009249584983059217	0.16178889194134616	-0.0023953547904513504	-0.16003065527962457	0.16172097780713066	0.5442350813792483	0.5778673841307701	-0.4672291651288416	-0.6483290516815206	0.8816660889009482	0.03936518556641229	-0.51662068890278	0.627033438559792	-0.6717515460311816	0.541641895414101	0.2877506149498205	0.0763199593358061	0.39845572960687003	0.26184620236267264	0.20575117563047865	-0.20826457972455434	-0.9705243562194846	-0.27889154648185943	-0.16962291326467963	0.1155449495613019	0.03670696309217747	0.17773379857796692	0.0382854524552825	-0.11803898205369047	0.04312373857302309	0.029409219188075438	-0.39918078290303405	0.2025354649063412	0.3922758919558807	0.4928963459311729	0.05208026193167337	-0.32142161502231953	-0.4755790798437974	-0.12791336533307482	-0.3084441935449768	-0.04872111846669329	0.49514362492055647	-0.14782338217646834	0.11885775525613303	-0.19594396486775298	0.03243035939912307	0.19731249481618535	0.205727724120215	-0.0048885759526187626	-0.12327375955537993	0.10469118044890022	0.22467358870250606	0.0034095847224046745	-0.36018161386450726	-0.2969201244680012	0.8728861665780182	0.1229345685199037
DTXSID4049240	-6.338507121892998	3.361189086424027	-2.980266088564521	0.18411597917186234	1.9202741745088967	-0.5871749947748796	-0.23060668021598604	0.032748703814096884	-1.1655369283220411	0.31313297224333003	-1.273081775891317	1.3785073825214136	-0.09796023976015647	0.35414160717331206	-0.37077120931905233	0.33014861927302463	0.9712798579513228	-0.35053111658405056	0.2974040559455319	-1.032153225187375	-0.2515179696795181	0.6748768939639549	-0.7228322081644464	0.7718632109614599	0.9122658833716165	0.7876949642988871	-1.5265761006244518	-0.42211597586493904	-0.842487562988597	-0.29414668740031574	1.1766113354206171	-0.16865657293903918	0.2732441653425623	0.7024054368808792	0.2848604877475008	0.15318926269678457	0.38483039585566803	0.9390529646518501	-0.5210094538400585	-0.52445592132747	0.023320023036790385	0.15880173610138498	-0.358801414122202	-0.7493867472259925	0.17700490769499252	0.45980859819110675	-0.44605929175333997	0.3107871529977917	-0.1336041676349545	-0.7181630115205365	-0.06657076591732204	-0.9275718583672556	-0.6989773568393375	-0.23294979860130147	-1.0309630672674677	0.22139901354563296	-0.5645326084701622	-0.3800053102616592	0.6442452203500867	0.31953910098690086	0.6799800894436375	-0.4486155685040368	-0.21493038088944652	-0.4607697299465704	0.911376583778902	0.0022295676366707873	-0.20398164547907283	-0.012581230593391104	1.148734827400589	0.3669311572007791	-0.05570599955954944	-1.369904583532355	0.8428501798261001	0.037547563359267074	-0.3019751738940377	1.0309465219665237	0.26410890930577846	-0.3463071246329982	-0.16109249508009432	0.08870003565999715	-0.1722763925690106	-0.32855622709751037	0.0071746065018325365	0.0708644532057119	-0.0009003304413655263	-0.22381376795910835	-0.5011012943549028	0.27609405497468614	-0.3512464043818183	-0.29645447911996026	0.9882079935753284	1.144211824969429	0.44959116479441097	0.2417375223683347	-0.5527856902860961	0.3290575735856213	-0.03522115807232297	-0.14831241954785254	-0.12770910893820392	0.5335975426367948
DTXSID9025744	-5.44532705125578	-0.3741802687287917	-1.7724210454486107	1.440218846445178	-2.26281761878401	-0.23357959556336214	-0.17134860785732128	-1.3390170611486338	4.18394731683802	2.3643764351888965	-2.8313027585613493	-2.3389688524224757	0.13494082712965805	-0.04424957503428433	1.5838673847605855	0.23104506742333145	0.5012912632305822	0.674228158235468	-0.2957653518751265	0.6303116443327653	0.197369544948887	0.04153341446955091	-0.12279969591861847	0.4210229709565226	-0.4786213585654034	1.1744463930259195	-1.048782323666245	-0.40958265600337734	-0.19031571748617407	0.03768272499975353	0.9308721254571892	0.32757489625186925	-1.0443409754208577	0.26123021331306684	-0.4794178735210069	0.3872269536533338	1.267761112721072	0.7024159619082923	-0.22647192514514605	-0.5260028925300787	-0.15836180049754137	1.052278212008204	-0.18362526070184007	-0.09880048122492815	-0.11070650993738727	0.43829972226353214	0.9508264387322548	0.7319060442750116	-0.38753745394678774	-0.048368127526741335	-0.39379496399018094	0.08787662460264929	-0.21446653407626032	-0.2184678376494992	-0.23456075352839809	0.9378799605280432	-0.7210275026871915	-0.38486164490197655	0.8564873274832009	0.32252347384189584	0.1572360210919157	-0.05338893326280331	0.15557664969412624	-0.16983629680124976	-0.7108679645981935	-0.8826351487296598	-0.6688925818369771	0.3750609407103786	0.015340292098843775	0.21309946808162997	0.1840492287190154	-0.5360487696295408	-0.07842816218482301	0.7690977209584781	-0.6161713942828739	0.5985919499330934	0.18186046687978374	0.1766319837842252	0.04188070909169514	0.6139082692997189	-0.19010874773964584	-0.17470887455955036	0.034169994995288895	-0.04684641599253188	0.1664957513000123	-0.25856735005460874	0.22424444812345054	0.2733504392132034	0.5197167932179602	0.15340476427912778	0.22309522832495027	0.13000543252913177	0.2584925836177862	-0.5557416952315045	0.2982104994763812	-0.3628954746905704	0.2856155047989834	-0.7012785296717006	0.2885370608406706	-0.3265741081263024
DTXSID3047556	-0.5203677572529846	3.4581842242452803	-1.6460314965862712	-1.5979166923706796	2.699056327097223	1.0772295279008832	0.3364564007658943	-1.8838518847520604	1.5172289935559549	-0.8961851088195324	1.7306300872783722	0.9935205261907702	0.03611088117501171	1.247461718465805	0.6460582218045194	-0.49017795319409635	-0.8634815789230572	1.6823934333649038	0.11316642735472913	0.9245370545628375	-0.43034561638000146	0.5096585268645539	-0.9848843059789911	0.6043751277066717	-0.21905178327226665	0.06903028188751824	0.39981435647172825	0.1810934987244349	0.007513743994576305	1.2406461408024696	0.5784233399600583	0.8356582936127024	0.39692720546617666	-0.3077193745227472	0.2993141180382699	-0.49082902716795346	0.2559213612338404	-0.6663662782567485	0.5119736593445003	-0.8295226038704541	-0.23664073629447993	-0.9650858116677022	0.06995174917072106	-0.10854148523897725	0.5041430132381738	-0.3413529811460438	0.38377544413809805	0.6356413656525532	-0.11152546170020863	0.04488756452995995	0.49961078470069187	0.03504092991305994	-0.06905649182529411	-1.6356397321852414	-0.09492267593212951	-0.3595665914300181	-0.5249189156723296	0.36981676232784344	0.41644173956970215	0.4248781056329272	0.9228228576797156	-0.22766083030389325	-0.32881724218460273	-0.1188491602000954	0.11045025564021727	-0.1912917748815254	-0.4086137364570552	-0.2834169528762987	-0.1411574276226016	1.07796660575895	-0.7436574757590664	-0.17352722911950835	0.43158499384611554	-0.1956738531694605	0.23562367206010273	-0.27182861048904416	-0.33509121579858164	0.4047979397226421	0.6112938803979043	-0.003323864575217958	0.20673226129722716	0.2791622069387759	0.040361256217887824	-0.08450322709888629	0.14366240903664507	-0.10650206912453249	-0.05196647946182072	-0.02860337762396222	-0.1249105936342444	-0.4801537358001485	0.3654876616877261	0.30694225521020996	-0.09449625953844679	-0.10951883104070362	-0.65968389415186	0.04382139068960819	0.5183285800834647	-0.14227110078702018	0.194082969502139	-0.09234673509221247
DTXSID6020014	-1.9678691292069486	3.1731817377648017	-4.293916869994548	4.683596690564156	-2.5485034454674387	1.0160996690213386	1.1168504135437067	-4.220256074887067	1.1335355373366176	-0.2279336353249913	1.4167010450348696	0.623408818454972	3.9407201679521706	2.142927297688052	-2.103807606410131	0.5104885629931181	-0.8797078903733658	1.7141594343582784	-1.0783919492476586	2.127308075020691	-2.566665908130631	0.6195985062528624	-0.3934381579897186	-2.806649520620941	2.857920614508869	-0.10340439401842946	0.48240897432448165	0.36711429180207006	-0.13553374663237697	-0.08619126363047501	-0.7525393594796501	-1.8263708642432779	-1.723431189999963	-1.097246647409218	0.8162557967528254	-2.3575424260818116	0.17978366790474046	0.026475299915304257	3.701517926630889	3.418684221983342	-4.263918847603262	2.4566182213666727	-1.1329672227806502	0.20449348638799789	1.039834320559765	4.556229384803747	1.5930943617563351	-1.018097359688738	-2.617850038499657	-1.5681063664325081	0.7974393398709327	0.2876007014049887	0.19404593607738074	-0.6965375028441919	-0.2391001352945162	-2.380576311522596	2.549850331333914	-0.7505345729320759	-0.015086102426815566	0.4335612477307707	-0.3277655012463028	0.5526369566809693	1.441604583991931	0.35057473989618476	0.42614483530487457	-1.1996158126393006	-0.08479617643569821	0.7034125609154687	0.4154027692565091	1.0669485071236453	0.07185176190480103	-0.1327568079060543	-1.3222284327002354	-0.9586600361104851	0.21357954018457984	1.209916586442064	-1.0627466426230512	-0.12819964885574278	-0.1784319086260136	-0.6206281250273185	-0.23847985163259852	-0.9519670788376197	0.2845675363875169	0.15178437116675655	-0.07588114832204729	0.4224020969403512	-0.17756896069451938	-0.3798798449742941	0.12278273610929433	-0.20811249493327152	-0.36258878597090133	-0.16107844257689505	-0.03201777677319681	0.6788581237514432	-1.0561722293260227	0.5388197158849163	1.056829863345366	0.4940989671230331	-0.4182605471139159	-1.3104664702422144
DTXSID5021338	3.8248223994421386	-1.901504455531089	-4.103792746894982	3.5613549346150677	-0.225361043153872	-1.5054204581465294	-2.3753519209095817	-0.7919133436804535	-1.2701413215047277	-0.8076708439244273	-2.136749105673983	0.8355213274309782	-0.23702983811206615	-1.3368450962727092	-3.252989461018001	-0.9543508386726552	0.15242944609694464	-0.37780028422116996	-1.8429321183509484	-0.35745070298968046	-1.4508412981472416	1.0079375764369618	1.461432844894542	-0.4904767579585612	-0.19822722974668727	0.9817191915742788	-3.4800177064874114	-1.799888265037132	0.3762500554179715	3.811009319261112	0.06714540749676207	0.8784845634201789	1.2505261084743693	-0.010066510025384121	-0.47406428537886686	0.48466346638952446	-0.6974225190232413	1.6221283224047434	0.017203426050962728	-1.434380579600057	1.9533752541297218	-1.574552351345576	-1.7194565101129538	0.7438839341719805	-0.5792354247163642	1.7518656409309976	0.09695381027303727	-0.2609063092884482	1.0134756279876114	-0.18038286593369912	-1.4211154063763014	-1.0849623372204256	-0.5621029375710642	1.600920599235599	-0.21094699742085163	-0.5420740411644426	-0.3517031349884927	0.15909081502243475	0.9173883413785955	0.08091045244450308	-1.6069234293909476	-0.3372279646771922	-0.046025248823412336	0.1457396968301479	0.35580398528652435	-0.4903033674920894	0.8407650855349635	0.24302742611168526	1.7243050042703296	0.10295851864648053	-0.6431939852844379	-1.9573723602499025	1.0213674978146916	-0.7823974626274548	-1.0249462901953919	0.09309028165071757	-0.8200045248836192	-0.9253021018677955	-0.029839275618206495	0.395705336633707	-0.3696536263767579	-2.4108509359275048	-0.9331572837491641	1.1765110782974704	-0.7287637104683802	-0.4998338637673199	-0.6903047307141751	-0.18479551649922804	-0.18032934401875347	0.6967282983026735	1.0465982365319433	0.7727205898557492	-0.3829398235951087	0.1120706666776051	-0.9697746231482418	0.23639321770933935	0.26173491354378103	0.6514147477525428	1.2408159486363142	0.1861970287736505
DTXSID6020983	-1.05832364121658	-2.923399899592525	4.904677556796992	-0.19388781505918912	-1.6544220081484846	1.6620171728020603	-0.03182667114113149	-1.066171213935052	5.714391185136313	3.187228871727097	-5.4469946949848564	-4.304094138542004	1.4634437920456782	-1.8193032783113061	1.477683470415781	-0.4398330573087504	0.7667528089367591	0.5045087670506064	-2.5967427286187457	2.1196792638819923	-0.38831865021739476	0.05954720869218429	0.6291571317464965	-0.46445213947977226	0.6640971789039946	0.9205937469792528	-0.4262378125571486	0.8879057051645062	-0.29454161154967406	-0.7164158732748626	0.09291382360155115	-0.44041212164038673	-0.06140145801025799	0.21950624973788685	-0.2533245760960992	1.061632698443175	1.4754758872913445	0.49521880097254645	-0.2175560961587391	-1.3001079353468024	0.19867924010504298	-0.6043301247264461	-0.10089109545148427	-1.8947901197961898	-0.38883948273727265	0.15322843206880601	0.2100607439471405	-0.0061120515862349515	0.1842431669191696	0.6267087892189506	0.1688675023773569	-0.39976352526323733	-0.7354052425016825	-0.3566127929880943	-0.7646901029803715	-0.16753583134065322	1.0777282437751665	-1.1518565169137678	0.6865095082018147	-0.6121477820871047	0.9162979290414003	-1.4135645833825354	-0.2970636082807923	0.4559433072493691	-0.23457020842116624	0.506570125370376	-0.5435401555054257	0.3401285981622406	0.3561726708435011	-0.281080277748878	-0.090601632868177	-0.3193160933738999	-0.46043195103623197	-0.9308011294616366	0.1893407462791177	0.34230553002633984	0.6462408891093031	-0.32234839322924125	0.5054525393582037	-0.02304784101942983	0.780496499543407	0.28027821896759847	-0.2304217490770884	-0.34568865512253527	0.6185635423618818	-1.1678441725523538	-0.6592385170220139	-0.5879333386924422	-0.7110112933523922	-1.2157512031023876	0.07055097168365866	1.088043898127645	0.852827470466404	-0.8883212369421595	0.4967023512090421	0.19241693488220418	0.6419667951061325	-0.13391868369537557	-1.1750873011501666	0.25228442964444886
DTXSID7046461	7.8299008216826	-1.8550750544087466	-0.19178769360950376	-1.7463073639105833	0.8697488015782695	3.469741353838654	3.0774305952888517	-1.2878799866729247	-0.14234301276130842	1.4565849140678375	1.9579402672226405	-1.7587533752570443	0.8889960035877229	1.3856590966568842	-0.9388980685907641	3.309576380656195	-0.03531656698842255	-3.0404540179277335	-0.6170112868828067	-0.28173482156906565	-3.061072063507932	0.9375948502438278	1.3564213226698627	1.5632765698717739	1.8289781492529322	1.0909599130234429	-1.342640535747449	2.5521443001755113	-1.8247766530654534	-1.7387936861606597	1.1632418129509154	3.6846801006478995	1.3691070167122994	0.6500775093386468	-1.4011888640066512	0.3277121637106049	1.5981765450030072	-1.319218570988343	-0.010098127613799142	0.21571812774096563	-0.15965002506179718	0.12482751795399538	-0.12596262914007098	0.6687386162977907	1.565744839432878	0.9277413355026706	2.10578699104908	-1.7226535460813317	-1.2370436208946494	-0.8986734275554421	-1.3227936856376517	1.792489534599021	0.9030312592060424	-1.0718334493969242	-0.7404642595363012	0.21453249751220133	-0.43864055773871813	1.006125673505145	-0.31049666771431156	1.206206777599307	0.2556954099164505	1.463535393736837	-0.2894708949019735	1.0655983999452359	0.1154517326738224	-1.2555302449250558	-0.8541362632688159	0.13787001969958385	0.3593985558526354	0.513146409369646	-0.2659525683046729	1.1499066050814162	0.38455922466978326	1.1558971975667527	-0.828076164836763	0.17804163344008256	-0.6256705780913486	-0.8273836690604949	-0.025446497980253457	-0.45981193806317044	0.6297463109332081	0.030844835771479458	0.8647888672171935	-0.5055240501903259	-2.6799106705669162	0.4264167497321809	0.12576830604971806	0.11150097058445418	-0.5918962580346878	0.40666915153099437	-0.5520103898295434	0.00467474732983382	0.1251820696309933	-0.6144725749751431	-0.4146114065206486	-0.4825366440803622	-0.076076750231983	-0.20296350881605318	-0.6940067170084512	-0.04956485379690747
DTXSID6047949	0.4433131512123848	-0.7223959234926316	-2.793346124477426	-3.2891567264661177	1.5552698619876517	-1.3525578786643035	-1.6438257993148797	-1.4134719583016306	1.019036940784027	-3.2200735755534096	-3.1108873617476727	2.887902451193415	-0.5326117216084717	-3.936511317186967	-0.5334937379782377	-0.2171761157793221	-1.2800403725447034	0.3283578244945168	1.3201715681409456	4.19180810743844	-0.41602736040723026	1.4245495971120659	-2.300190615289781	-0.6991801049682225	0.45068345223066253	0.7040919229327571	-0.6704177142065258	-0.7087693386577637	0.648650015805957	1.053603901925404	-0.8443788114590687	1.75137972934264	0.691882407567931	3.7025193527858717	1.743674384065245	-1.947642319691274	-4.456744742235775	5.921641643396376	-0.23521358909159207	-3.188287141066058	-5.629845471760293	4.3126491855246405	5.4540576110409935	8.64594669238586	-1.3605175276180896	-5.485954985593669	-1.1312569765606773	-2.890761816676583	1.8630930958731258	-2.058602855444629	-2.8336132275528194	1.8713709923624067	-0.22072206414945858	-0.46577498246531607	-2.8770043856318743	-0.9422630170110783	-0.8610938073500333	-0.5716985760635056	0.4886158671056156	1.8766817151294666	-0.2955851299323576	0.24314766409641125	0.09110911624355901	-2.1109068639321626	2.181335606806346	1.2288388491850522	-2.3918990292941085	1.1659755333447945	0.07569266038621209	1.9614858397322144	-1.7170342515525978	0.8782495557311153	-2.736518580975407	-1.5362573751994633	-0.00931368258242548	0.7859410068690523	0.21840456770929928	-0.2022545453386964	0.8102867675474824	-0.42834794527396364	0.15410474704039978	1.511234917117565	-0.37138196528432754	-1.271001623931025	-1.1899836663618013	1.475463883851257	-0.759290537546848	-0.29388466227861243	-0.31010783349133103	0.258051311358183	-1.638488893886369	0.3967107092150668	-0.5367030597681597	-1.2304683095158295	2.442277665965624	0.36115621526749614	0.0408941734411763	-0.15793516688059175	-1.0738701015424	-0.10051216944602935
DTXSID0027721	5.511658659168704	-3.01370899671382	9.017234199031384	-5.7432244475179886	4.371749254206234	4.29035799520339	-1.257549540502247	0.07657062070313611	-0.49604199218841116	-0.09691986718879018	-3.4978735672448296	-0.17348423425002635	2.343684252719148	-1.980216121119893	0.6990611775043416	-0.9842013484195569	-1.2885345313162553	1.5190752670418408	-2.1834650636975956	1.0842029030331641	0.030492346516070426	-1.091080276184865	0.014487365514958842	-0.17067594866190736	-1.1992445904648659	1.3029927214062433	1.0758690554373145	0.5368500448109489	0.1964517446301023	1.5179523659349077	-0.7233835269968687	-0.43914878223659093	-0.37928234401125466	0.42324695639634274	0.9658450344519756	-1.0823616892218202	-0.43917013123956516	-0.9870511291764651	1.7396590683032387	0.057694690849147225	-0.26178454551987507	-0.6053128938736615	0.3885963934964753	0.52749719403151	0.8082943790742536	-0.22729438412120037	0.9833487870044404	0.49466142249355577	1.2004893385426967	0.3337173773414342	-0.12614710263129195	0.6133763332725927	-0.11885332664516687	-0.713522615092207	0.43832032210399985	0.4037053531080759	-0.7410570864110182	-0.5851368947894537	0.04902525552374063	-0.6656550788889343	-1.093201214990837	1.2259510676332033	0.5194615681320833	0.8414088395818576	0.6665788043876483	-1.7292991394478425	0.4065959213273279	-1.3318832744976148	0.6527681046906626	-0.37696650331620574	1.9436096688618028	0.1018118807518293	2.2137694841307276	2.9315184943931114	-0.15437241825141576	-0.5522034052789063	0.50758980775676	0.866656270868153	-1.2545068714479881	-0.44537664316205466	-0.34138590649728784	-0.9494221898701375	0.5088602626610498	0.2755512198915155	0.7998706914260764	0.15096556220388152	-0.14809957781703137	0.3625820983811817	1.4626840262001894	1.0122942303841416	0.7336113680775893	0.18713189879981756	-0.42896587234394407	0.8165198259979154	0.04647854348871508	0.5852603988862701	-0.7568441451840469	0.1257362146845081	0.8094003598358667	0.39643747970313303
DTXSID9046237	4.556219446477109	-3.5805044465764864	1.8540018381292713	-4.821967986309962	0.9593049387513728	-1.1616002980096836	1.197325905179869	1.6920518846558774	0.07151882822211249	0.6972389773904937	-0.43849647268145614	-0.36693486537931497	1.7314878621598815	0.5855057463971517	0.09449359515465408	-1.9518553212554433	0.8938397023437277	-1.7687410011357447	0.011933456662057291	-1.4951859033836303	0.2273920972205421	-1.0402109373585038	-1.3212270566610094	0.8073651379239798	1.6149892949009979	-0.026029839514433516	0.5065685602675776	-2.80541275903989	-0.5776492839254742	0.029170746133020908	0.9544508278986286	0.6310271182432676	1.1060462308036312	0.16786571888702334	-0.4466533616300058	-1.83550516790268	1.3678665235053853	-0.9350685575317651	0.41934837351882764	-1.2896946576815438	0.7299358451058351	-0.785498187495435	0.27781247573300805	-0.7871994957819501	0.7814400021360465	0.6921761292922575	0.18110395724377654	-0.04991866837585315	-1.9968599237402351	-1.1654407728218799	1.530388573097949	-1.4718478963027568	-0.7430108348386282	1.040154702049312	-1.9760951283560477	0.03021775481869331	-0.21243035538341906	-2.029568688153892	0.6926299237561576	-0.08397858972939601	0.39692277488768907	0.22275721022582054	-1.630693278824219	-1.9095827523530786	0.9335691362058177	-0.3451159425738775	-2.327459724527547	0.3720698089075557	-0.3533496617975565	-0.24939621911550724	0.08236209641292061	-0.1838858733580332	-0.838461377993794	0.021044592895202146	0.28340049691553054	1.2988830711704702	0.5121406328590496	-0.8355771905111504	1.0972729143025148	0.5688537056766586	0.7290619320128726	1.9502501376353711	-0.6880168394261206	-0.11467242524478433	-0.3954964466013748	-0.03814048102004487	0.8162414885942347	-0.35628474820543204	-0.37224064921159955	0.47178071511544634	0.016093182500637945	0.1863723089425226	-0.021197315047536306	-0.6009432476216718	-1.0537906865617521	-0.1958297705352406	-0.29274327074552736	0.05068721324590363	-1.1520988302528803	0.15661517791081717
DTXSID9046865	-2.8325126766895083	-2.0921282035838837	-1.5926131592961121	-3.3662291132306597	-0.8641433803456222	-2.197973731065326	-2.142651309856325	-0.5596404902723445	-1.7504950487439461	4.301713464330868	0.571756104244618	-1.147820343317958	-0.20981506897938437	1.8834106858685078	0.5720465834348987	0.07459198282723975	1.2882027080591063	0.24155803372666398	1.1900302707725305	-0.6509258048730783	0.7654035904043747	0.3889365335521055	-0.5981716514238065	0.48766300048805544	-0.16720108424198069	0.15097464102446803	0.5127300950871023	-0.5381308384126315	-0.16411632388793654	0.7247102639597995	0.8766301190879198	0.0055064656364032715	0.9752855008566914	0.06720909749552206	0.12829476908328294	0.6038964110555252	-0.7684874293559761	-0.31183631988516075	0.6277987047355255	0.41226386706522344	0.7124048655812869	0.36602470122649455	0.12178979657182872	-0.19908930768931057	0.07679252672143282	-0.007771736977511924	-0.29393755910260877	-0.772015947738759	0.5868182624214329	-1.5538136187547948	-0.31024412927266803	0.09266188386423911	-0.2530308886532537	0.6846330279550712	0.49422676665108334	-0.6359155127661903	0.4091215538416113	-0.9706223057684138	-0.9332651311887208	0.4948657031079105	0.27194815890863383	-0.9251419139843725	0.12510857568287867	-1.3482021830829736	1.8327210764527049	-0.0040220337663685705	-0.3181474464328585	-0.575044646306947	0.2682139873144092	-0.11712532382274253	-1.2834794323525796	-0.3410300233604528	-0.022244578715313944	-0.22252077631798817	-0.0956607813996627	-0.08416748929240507	-0.5249629836061243	0.5595669437184503	-0.7172902422490457	-0.24384588436125862	-0.25144051173366033	-0.24809330680365071	-0.5745042822125972	-0.14918216301440335	0.5495440798769169	-0.7235915562950794	0.4979250882399197	-0.361841810178969	-0.027290968425292467	1.054581462955738	0.21618057735087787	-0.5958551632767599	-0.7982742234347465	-0.012813136086432373	0.1611978543797293	-0.5885732721701046	-0.48847165860727776	0.09579324994398813	0.05106925903952131	0.42831992482438785
DTXSID8041327	-3.5700506677440207	-1.8624591771336991	-1.422276866528451	5.153594726578854	0.3887758023704481	-2.9736403591042277	1.4271941557183947	-1.700863005465051	-1.7494216643827065	-7.1955578845960035	-3.244186046214819	-4.053354808541311	1.561017811251532	7.479845922397521	-2.141198853828718	-0.9602766224287307	-1.0311564521011094	-0.8902747163715713	5.306982403074971	2.771560591517315	2.317891993032445	0.6778562867497795	0.8323241429981739	-0.7144743996538153	0.9311786261874947	1.8115625202635255	-0.8086337394129707	5.370054430090463	3.7786177253504363	-2.261814722370996	-0.4108869813957095	1.3570308275038119	-4.64687524669327	6.996352981945848	4.41368459858058	1.4069509926633537	12.115594563220164	-1.9811901097794524	-6.062543839923215	-1.725684338987294	-1.2284534686991193	-4.99765893710622	-1.4359099589786286	9.275171090285847	-3.115348903721606	3.384991555095942	-5.209569958200269	5.423957594814233	4.009653434946104	-3.303079236118083	5.452487268537537	-0.12810504834264674	-5.789042195553825	3.105576019505654	4.402779974493489	-2.529593346483069	2.984935005724045	-1.4458515733695736	-0.693986121041342	1.1544206936482384	-0.8135308053636593	3.2744114323051168	1.8601758567870421	-0.4264382711874865	2.291088137248854	0.6233927007822143	0.21412097688107828	-1.3020847354094347	-1.3801515580625832	2.2016503198958666	-1.041672220944041	1.6286475378328114	0.09224484866315104	0.08550556862660419	0.7388217775724223	0.4417812791355692	-2.9532023939786725	0.08274650904280442	0.9595316309808755	0.24047494965416072	-1.2052869989501596	-0.5024796887333821	0.020785935738794146	0.5065241487025984	-0.7241565164375173	1.7072722882444766	0.3962114165053309	0.010005534933812616	0.41809263174938227	-0.4994736133129882	-0.8070703900421414	-0.4983436499245981	-0.3253013399515857	0.8427308170041724	-1.222946201146609	1.4298228174294054	1.2090624547109659	0.5721326839604117	-0.1140447872000475	-0.38849810878325264
DTXSID7041209	-4.393189092552724	5.539842484622862	-0.5349231709664651	0.3223632210133342	-0.028716184384584828	-0.16499162711796583	0.02933665925985619	-0.003999058172308501	-0.10403010968093156	-0.7031962190765053	-0.3486169224625287	0.7240977475595339	-0.1947850340375038	0.15247856874066296	0.1851031843218551	-0.7963950107840122	-0.43426126321392317	0.02617437151203062	0.5764331059210446	-0.22989901977043306	-0.4833725768209723	0.42812785094519357	-0.04449123193055227	0.5165182214579088	-0.8492611592472925	0.7594013451763602	0.008882022746723454	-0.49170920773165405	-0.10791364451296585	0.1607348705136717	0.2648592070205779	0.4061990242601583	-0.09032898428543604	-0.24026932986764676	0.47088926974232453	-0.38395994550399476	0.16247318119194995	0.3754219875596195	-0.13589974471180544	-0.8030326859120946	0.0971328769886389	-0.36568995884637984	0.01120509600810826	-0.27796673563673585	0.616231511287595	-0.026284939089146673	-0.22060573983446938	0.44217206111438423	0.13709284310934686	0.12696238425612116	-0.13870580913605954	-0.9289149296943533	-0.18356319480248412	-0.6100171344658802	0.07153087658849833	-0.4333504976063564	0.02632593076786157	-0.5005701911775929	-0.3001030051392121	0.15387000550030316	-0.0871185885055368	-0.24834436619007783	-0.6305968783852332	0.11462217391651953	-0.19921579187628635	0.00036217916336633507	-0.3989530541216764	0.05526084699138876	0.4527095631519911	0.7038184132453796	-0.06842486390667603	0.06631403557512103	0.3592023941649426	0.031029664192954783	0.5064225539506386	-0.06952195378861964	0.01106828328100773	-0.05427928992648931	-0.11415521929810674	0.31951277766172137	0.4465843636352854	-0.6244820492801373	0.575543650328618	-0.13615944200378408	0.37554961099124107	-0.35651719539729926	0.12253707230294524	-0.6986856098155046	-0.5063689143759076	-0.027590047821883273	-0.6954793109432892	0.19679557119677593	-0.04112532087156236	0.3731103432059139	-0.10009820346873913	0.38602186046297937	0.46374243830752293	-0.6210020180160054	-0.8463682371991865	0.2479859545660736
DTXSID5045831	2.2544585774589394	-1.9343872126548425	1.4837360195790097	1.2653734979532272	-0.7772631796678172	2.6558248762298753	1.3670385495696522	-1.4628645174800838	0.01886387654786961	-2.9887513456598636	-1.4822979648490595	-2.679783489661275	1.1172271200777253	4.2856931903695745	-0.6949023592995398	-0.9703224306084004	-1.3039478463756669	0.5931148982379325	2.1337916338389076	0.18690977739251627	0.3976752974244686	-0.27593685404793483	0.6870971584817407	-0.7249100021759621	-0.43949351365926514	-0.29779628030578836	-0.11089392049776672	0.8989790345819544	0.6199079542909476	0.1601034091929942	0.6581330700568746	-0.8487566042037022	-1.7649302092836856	-0.07446778522595081	0.3850210250489592	0.45075927255938725	0.9164498393551331	2.129571120277907	-1.0757062869147975	0.17000949707268628	0.20637338442458142	0.4396530968351361	-0.7767169208522186	-0.42287735185622466	0.24173747943960638	0.11599550483506846	0.655992649876355	-1.0151360053245329	-0.034019535906328176	0.2972548239498393	-1.0573461637425177	-1.1668946667450921	0.8745082246279112	-0.4549478350468982	-0.21503923236971026	1.8311232905695516	-0.27678905042196783	0.8372094835092588	0.03382416454512262	-0.4705841763536356	-0.5837370347111686	-0.4051132578622289	-0.4508801433694353	1.525605575605044	-0.18413626697731264	0.6909458507026084	0.8283534865806114	-0.2909785905803092	0.8898481245370076	-0.471169087546212	0.48587572846336136	-0.5329745021569493	0.14208408403844563	-0.8032397567512476	-0.6419555487608105	-0.5647322650890773	1.919582296009623	0.24628626100895196	0.9270256039413884	-0.5563708333096646	-0.20359841734528852	0.6065933396488274	0.8687233731240428	-0.8279416575042389	0.37089386407457586	0.868934647807161	0.4417470956041992	-0.2035166292083823	0.282860125818573	0.5629184182716535	0.2134475503863847	-0.2640063372015156	0.42535073429171566	0.4311890587477128	-0.28250315827906297	0.12354152129784025	-0.18639515125138212	0.12662088740094848	-0.6429028281542446	-0.5335235645612803
DTXSID8022959	10.58203602594782	0.17619806173333777	-6.510334426288678	0.15534463886073646	6.9982978677906615	0.8886046736008144	-2.846055418115836	-3.6910689846153675	3.5007008877184336	-1.8668017259223566	3.444679965882522	2.123779421138121	-0.9503763688938651	-0.05127821214134983	-0.05411879739956373	1.5136793805186506	-1.6398100881015971	1.220712713693976	-1.1977628207285491	3.192234288016795	-2.30955676531757	1.0408826497843988	-1.8636085980510562	-0.1747241543635966	2.3757937661186412	-2.0987318911835677	0.18503264815205067	-0.9459841039499003	-0.0019518681937179395	-1.8819381401742492	-0.09608467887036379	1.1472341680601021	-0.6217812392775343	-0.862634286134853	1.044302213842911	0.4916042725208753	1.0102250046285404	0.6082830522943239	0.49198693394685544	-0.9611201041771532	-0.37690833248957173	-2.3793447929681424	0.09039753850652855	0.033352541681931365	0.45561800622652937	-1.748067648627363	-0.08708957896613663	0.8053804047681457	1.055656180953969	0.6302243622087913	-0.1165261043905134	0.6965063380823211	0.2439115666117042	-0.20036977759567853	-1.2806156451920752	0.7759248248563656	1.02270401926748	-1.3290648260823672	-0.8988125082314485	-1.6371774931264511	0.06750014868188428	-0.9399920214584452	-1.197043829927768	-0.4826937523047263	1.6224034154263065	-1.3746389854095247	-0.06722526764309542	-0.325023527502754	-0.0643154893828202	0.850747191733895	0.4920077814252453	-1.4803936203704164	-0.6784925719322585	0.5077072732138449	-0.5521791279787356	-0.264955103037284	1.8578195979378178	-2.5673077524417063	0.5804780199397382	1.6342834626516034	0.2185168744462948	-0.9343533373714014	-1.0687521818424925	-1.5087231951814326	0.5569236332208788	0.8605226967208663	-1.1962210939123799	-0.041785044190126755	-0.23238474454323502	0.4065365793432974	0.4501293681412872	-0.04594032150783919	-0.22089950265033897	0.5889580997758227	0.22162095946846194	0.2747034685958852	-0.33974418637994214	0.42869572495885805	0.4672418986294617	-0.8686510964773474
DTXSID8047894	-2.369088540762213	-1.3540534415282697	2.4069540551585114	1.2044160718115453	-1.2340634165823674	-0.898785851241575	-0.0031160960049559975	-2.371223320493963	-0.8527415890187561	0.7463006380757538	0.4970859395838695	-0.9017632251528606	1.187190994991954	0.42028701699632703	-0.7017645656021181	0.6544277139454818	0.8994279793482856	1.131867403849134	-0.40440771626135935	-0.37792261722719706	0.05474838302820745	0.1501384848319979	-0.23287971392694076	0.2991229583245871	0.39770696459127963	0.4793436301991302	0.679266242779792	1.160517313519959	0.35222082532410753	0.8338272280610909	-0.022811666963458196	0.20478664153513362	0.2590935016453671	0.4957164830027234	0.17924328722587718	-0.03578474267335533	0.015223446817939188	0.13218518866670245	0.07285575113471224	0.9026008669963307	0.1476545309232887	0.16116210340932902	-0.34603605532353987	0.08029867219876409	0.11619064062072715	-0.08021080770309554	0.9889639597416038	-0.3618052533165836	-0.5271551978564896	-0.46097174300199695	-0.43938730854879426	0.06871653840177049	1.0122745647083502	0.321571046984443	-0.282692260726639	0.4239727085697132	-0.03064831136716722	0.5943675875671536	0.05269903933029189	-0.29724957026108434	0.010948302114496001	0.5139976361462625	0.13210089898704486	0.2684996283070042	-0.39895626816088314	-0.06627870490564877	0.5250316783823047	-0.19621732633968533	-0.0818360315251627	-0.7939576997600322	0.3026077866782258	0.2865322659807418	-0.17230718764843192	0.4585332036182	-0.7724804979471143	-0.21199847428244606	-0.11822279424484837	-0.5016588086089074	-0.6019229212335379	0.20275913979071702	0.009828297296304096	-0.3973022154841469	0.05854630838891702	-0.4025309995731621	-0.9585376328914249	-0.15282480178322402	0.7248413477006401	-0.17583659138873872	-0.10147083020799681	0.26095720918764714	0.011754199177647041	0.05469935959901828	0.22462545463369224	-0.02132589316109215	-0.040948219281431365	0.2645024042530283	-0.41194259556235463	-0.28025097627250745	0.02288538240093481	-0.09253153557763218
DTXSID1045370	0.1431307685645056	-1.4546808357269594	-0.3578950274327725	5.524520769389148	1.2815389634886905	-1.9103934367422768	-0.28538044423277414	-0.39644481477413324	-0.5626152668094765	0.16573378788221316	2.578229277639585	-0.09918238128943062	-1.8913917345481734	1.393674762237752	-0.22708864090832498	0.43851324243772033	0.11957896249037342	0.32381163791847195	-0.7685269760001698	0.12092268294909071	-1.1884454352856084	0.37584234625236	-1.1846933659106373	0.5897896412678989	1.4094718662486325	0.18945168075305957	0.4285749830345677	-0.8371313818638795	-0.13784179313077782	-0.4591367041793388	-0.27653442641884224	0.6382743794771275	0.6402255700848074	-0.5012888701704601	-0.7285685317671813	-0.5484393871647393	0.18671336779645	-0.15853644689968202	0.9555933879261747	-0.09864161797664053	-0.6853108226843476	-0.553208820132694	0.439250691242799	0.23334110015612797	-0.24771936349667126	-0.6536122798290177	1.025414572790275	0.4822597253402137	-0.13515518358924203	0.8013843528455848	0.80529445563643	0.371108345348987	0.439949113416499	0.05969806141328618	-0.28754146051932894	0.20092380575560254	-1.2932745102989822	-0.8694570438268935	1.0507619078571337	0.05159689312902176	-0.5641790999694982	1.3666057293167864	-0.20677628492361577	-0.015851433517801362	-1.2484929703344712	-0.6391430477664927	0.18902635478312507	-0.3691908360308119	-0.32327501450645635	-0.3266813230074151	-0.7911369975043473	0.31548196773649323	-0.033675787716838546	0.5094650610367801	-0.5221494188564061	0.5353414585432956	0.23381703924066344	-0.08321471463598765	-0.37364922408884926	0.005485114911708321	0.46153937383684257	-0.34188578994542296	-0.026428723296192454	-0.09486964404354165	-0.6009444165668313	0.16282960525067697	-0.4169939565061455	0.34598221355519404	-0.2888957198805812	0.17589770846014616	0.15169702860572867	0.11444289450176752	-0.2662584260269963	-0.15508915793903702	-0.36715887033766187	-0.45207008068403387	-0.4061753371667311	0.23187958914812887	-0.34530992011993794	0.06919809604537236
DTXSID5045596	25.881210637055347	-6.443407560754704	-1.0158650775282734	17.66698122582372	-0.1785052905992993	-3.916672914937236	-3.670719887131303	-1.354521735903043	-1.6126250792208472	-4.648360721021938	-7.102069260659495	-0.4988539788259499	3.527036666436072	3.962515860281044	-4.105158184740096	-0.20068598969955753	1.2394987740265908	-0.32540535728539083	-5.636955147313874	-5.636663300222976	-0.8557556567253021	2.4147835354959715	1.7476662426022864	1.8735601449973407	-1.1574639090935628	-1.0729738166984357	-2.33245561207713	-1.148986379981841	-0.024301229462811758	-0.43934871616949617	-0.8039059480774086	-1.8190309790571062	1.99372483010302	2.277007141858186	3.212451046696454	-4.201200334558632	7.669975481064135	-0.5450563623540716	-3.876447835264364	-0.7259791863791273	0.07579634894747585	-2.2551198706747044	0.32375943075970426	3.6342935050611787	-3.5067617561850115	2.0583326372896296	-1.2912823463293326	1.8579778370329803	2.311443551718194	-3.9669901696902468	1.0733586484393267	1.4675621379284676	-1.0421878456603824	3.061729732679791	3.9196642391860346	-4.1710890122609285	2.892012706320754	-0.37501837860615167	-0.4363576417955205	1.1917396011945278	0.38548256557157606	1.6265978153769498	0.13978070655209332	-2.5327856265112496	1.770190069886441	-0.47433137608642645	0.8523749350557742	0.6887643321757827	-0.16872059912240758	2.5603708431426537	0.02833724689905658	-0.305052767305665	-0.4288766322385542	0.02399639899427367	1.1518453483315398	-0.711371073159244	0.23385579254029715	0.566060735574491	0.7723627891434017	1.4303536537134112	0.5701138880208851	-0.21339953264726902	-1.7972862006870998	1.6916013957815141	1.1158203170498537	0.7745348464019098	0.0640779424143228	0.9844372749575675	-0.377602578015245	0.42651370837612884	-0.4461518174934939	0.422355522700287	0.27166102801226816	0.9402542474096559	-0.6263072171928825	-0.08742190532086268	-0.5303976966873111	0.875525419602624	-0.9152668074782583	0.2979534289160458
DTXSID5047322	9.79787210242884	-6.906599713706942	-2.507204687970106	-2.941947662992554	-5.203393454362783	1.3835779343177013	0.8753570408411737	2.2010465048374255	-0.8212268913705755	-3.1379809887523757	-1.2279427519216177	1.2085389659301695	-2.442594604819889	-2.056150880279824	0.4419102911307475	-0.41961391177137985	0.24230965481399377	-1.1172308753036555	1.3100452277794707	0.3207222848191815	1.7500807035911388	-0.49340851385295786	-3.834492662886194	-1.3670580460730253	3.636200849907883	4.0071859596340795	4.706512424400618	0.8495416974229741	0.37412349848336746	-0.3484413513154067	-0.7603906668629026	0.04801624088486501	0.7654231003262536	-1.2046680341945395	-1.004643338775711	0.7407187260240657	-0.6420630979108901	0.6051607069266391	-1.1840683535667313	0.6225850144382449	1.1797752662900505	0.31581641909345615	-3.655299533968416	4.950020152596863	-1.4245787823994216	3.6432033189083532	-1.4936208776291673	4.935990559457884	2.2194003085270007	1.0330085539034688	2.1045440710857037	1.718517852246118	-4.429269552936007	-5.249365742688761	-3.563259194571861	4.013353416225147	0.915677721885243	1.5485110274265006	0.15983837950864657	1.6394327309156087	-1.2018944839763688	2.4985072936294466	0.30418643477632806	0.23845684686369056	0.13740335110014198	0.17787167962504785	-1.1172106030503979	0.8564058341582201	0.028908507616380353	1.3184406957533057	0.8929719678435676	2.633092959167516	-1.111454886237727	-1.9531280039587962	-1.7768671417418016	-1.0654505947719983	-0.2540022880028457	1.1648802828241223	0.14406163051240517	-1.8781209950902105	-1.7625955020327406	-0.08251074936521263	1.792557221838612	-0.9251517294080862	-0.27579475560310335	1.1253926275689217	-0.2640293544488756	-0.153329633808535	1.4832222368111911	0.016819285973918643	0.8125769259100769	0.04444770808556516	-0.06546950043591974	-1.1452697244393995	1.1289563093805437	-0.0009045778031207895	0.11455110890768715	-0.21314075201821542	-1.526925186790224	-0.5014840086003022
DTXSID9047467	-6.054396704576743	2.0736084722658563	-3.9921565316195724	2.7017841896827686	3.9898872131608374	-0.06850338293783208	1.8816269975673958	0.8861786028028146	-0.05074378751386583	0.1772707278266109	-1.5056870554540571	2.585992145542866	3.1106351484975976	0.5300140030879145	0.8486966996354521	0.09364467224978183	3.2837775211668268	-3.6761547234034153	-0.8603323246676293	-3.049582983762195	0.17380865919247285	0.7796223261510735	2.7863651733481025	2.392601838669246	-0.6679407312631946	-0.5472830317611964	3.4472373880163447	-4.20590158121453	2.703228631230314	-0.004344646108505025	-1.4547330006610897	1.9077441894476017	-1.596639138623311	0.48833470881387575	-1.4569687141330976	-1.9387051263122994	1.524037219831825	0.08377032223353863	1.022219890723543	-1.0449530051283522	0.9074996482677753	1.0234170050234583	0.4788261115044621	-0.040551502094396306	2.3013030644129353	1.6005394300821882	-1.0835149585745896	2.0842082652360734	-0.028666763976804073	-0.6190192001939053	-0.2504361282201895	-1.4623905937866102	0.3945211950794615	3.2857312172034088	-1.8709879038093318	0.48637561918181355	0.26313748142125143	-0.8169565098830754	-0.24557147708531823	1.4465664888726084	1.025223920072305	-2.560837394225802	1.1588333783900953	0.5952937010530729	-0.838936092390984	1.7230253059491019	1.6051888619041028	0.2777228901307222	1.9823141240344575	1.7680514676773673	-1.484956662146298	0.5932075005282482	-0.05954393243205711	-1.0629993870729146	-1.6822722094813196	0.8922901289801185	-0.9945191748249934	-0.7112168171310921	0.7998836052680071	0.2795817651514258	0.5213373449521027	0.9632808598028483	0.5893728851507475	0.5746498051861478	-0.45520785345529124	0.2214355680646835	-0.13933239316864815	0.6076138163271654	0.16601069509252464	-0.031427057749923	0.9097350885730726	0.7847636568637559	0.4108068698267728	-0.5623977228248372	0.7892460065653556	0.6503220196187709	-0.23511521077253428	0.04357299630934992	-0.9436433891037146	-0.17774748825258715
DTXSID0049024	-4.019301789825977	0.39606009908984	-5.246934728963956	4.355722790208842	-3.436802766050222	5.793159976531161	0.43521021426605955	-1.6482268147158063	-2.391995197847053	-2.915424921409262	-0.8901485904755506	-0.46228611855827106	0.3303742416752718	-0.22451661348425375	0.5830083543012027	0.50849275882584	-0.2638873151667237	0.7793588805940463	-0.21254444473162132	-2.2162557282805433	-0.18137778980290115	0.681788368800862	-0.7148243570884356	-0.004454704482299049	-1.3633298335948336	-3.5595186410027058	0.10905075694012942	-1.284294677855434	-0.14550394739762895	1.6589025618858266	-0.26014007888433444	-1.534354129059648	2.476767194274053	-0.6969514882528928	1.0686409804749288	-1.4769708645856208	0.060881696491135784	0.5283156081977506	-1.0974751085171206	-1.6742554948912614	0.4009037075096245	-0.24254575355315008	-0.2508821513097094	0.9484127418261047	-2.2766530227686412	-1.5352825795013985	1.3815901514677404	0.8773953100582214	-0.5853470907242	0.09623956018968731	2.392991426077083	1.5006520612936889	-1.3048913810890552	-3.1658655153407227	1.6579283638691595	1.0481720741209033	1.1517240237934516	-1.3786548256495252	-0.8600044517234587	-0.5889542460306424	1.3359547533838358	-2.118166838190436	-0.5661997914240807	0.5330944353972302	-1.0751461249412442	-0.12138363073465565	0.8722354684984295	0.93892226076313	-1.1515500342824918	0.021281704191786165	-0.6380290629004417	0.43281723182876797	-0.039680279890916	0.6563401307656896	-0.35577903652737236	1.098292036190068	-0.39017212954024155	-0.3195980021658318	-0.30506289435530487	-0.18470238175936035	1.4274250320310167	-0.44971431780426496	0.19652253904640632	0.5590178629440677	-0.12320130595773866	0.008189320748472478	0.6482279390542591	1.1708883373840715	0.13224880739817696	-0.3905507593171073	0.1409316245380525	-0.45299028859044743	-0.4397436694222254	-0.28826138616226543	-0.08870612967238058	-0.6586154474457756	0.09621579520474786	-0.42410444812905096	0.37717742970087054	0.5153581360242563
DTXSID2048585	11.151414317271207	1.7526933470944581	0.41040164751144315	4.03164197231443	2.3235445906943806	-1.4709078292449211	-1.9891600165680319	1.9588360640067883	1.052733511518819	-2.607640824181797	1.3643371722265754	-2.0663530363127913	1.2126950768330669	2.5603107895583515	1.5235167436006918	1.1004145255742466	-0.6983073164679665	-1.384192852226053	3.7666902185818394	-0.5303360308939743	-0.2660974331225984	1.4018336348211125	-0.2388626583919615	0.7579585635461716	0.10745449942418335	-0.4660307907078803	-0.785140199848996	-1.2115713136989412	0.4764182579071507	-0.7699243016015613	2.0736957894517136	-1.4648594723636577	-1.9198509668315402	-1.4147362470375078	0.5400717729828689	2.749773591721749	0.15948383316331866	1.4328320432625643	-0.2942887170425328	-1.632091027320894	1.0874853807727025	0.8889954903669564	-0.6744640065714801	0.9695189481998301	0.08784012386722206	0.9554972711654587	0.5149945279773156	-0.4181097340934573	1.1769427022817605	0.16042000775584714	-1.8972385806368455	0.29905602721237146	-1.929295587303858	-0.5958985229047625	-1.0398985608962374	1.633426357321474	-1.3721366550366043	-2.6322868397766115	-0.03143256055702811	0.9527113867843193	-0.2037733931801502	-1.0054057761292219	0.24175596440849914	-1.5000216835558748	1.3255990704703233	1.3736377438742842	-0.5287277751742105	-1.5854230858015472	-0.12612673171016875	0.851959310990147	-0.9334024126885915	-2.7480956041096016	0.8557000589598086	-0.019595309587950253	-2.731090977658288	-0.09840723605944247	3.220989389340057	-2.131439617347585	-1.6642233587167052	0.3552342101359945	-1.4932268322070286	-1.0755214747066109	-0.23567251286146612	-2.11016011513796	1.0515385893884819	-0.8885582176410933	-0.7003037435155712	-0.46861319700746634	0.7100846060700514	1.1067471640017903	2.8015876088557112	-0.1742720977359409	0.2596439711995274	0.6117325950191501	0.6818567964923815	0.5731925677807269	-0.08440235456298731	-0.34434951039887174	1.0517688308287736	1.079799849520128
DTXSID4049371	0.3785825279418886	-3.728659101587339	-4.558315191518339	7.5044387817021025	-1.9042527946303098	-0.4137189884407805	-1.5099636312421556	0.17613367872409721	10.786752928045217	2.171250113282775	-7.051883058472141	-5.206965935564081	-3.203281104997363	-2.090882391752307	2.196524492497142	1.4380818586952773	0.14635185187218566	1.0922043620343544	-3.0193238339067467	3.2392292171824066	-1.1491426234553574	0.4196316223083574	0.5270736610743807	-0.5466264886916056	-1.3998626784275554	1.7114441801911646	-0.5930013730030562	0.24031992866164956	0.2080120598544706	-0.23041093354682832	0.642425077100204	0.17281678566151637	-0.28169049816366715	1.3718484320489255	0.270669723102893	0.36067227210170516	0.967029431061594	1.3527425150466683	0.0008954811289488352	-1.6256449185983273	0.04212255136329416	0.5914637422144003	0.1609056314467362	-1.8972943225581724	-0.08638895159791991	0.6861085391314251	0.5492309995360637	1.0093245064099978	0.07652639357415046	0.5396799980627812	-0.6768937843936205	0.31020570945661247	-0.26424990430615936	-0.7971294779245447	-0.6837440785622456	-0.1680294216439741	1.8492994159995155	0.4254085099339894	0.24732524287780294	-0.9720474521163267	0.989794243789422	-0.4022054008809469	-0.5176244121766019	-0.12018398377924724	-0.3138998425854901	0.2418678788954589	0.024133151314088105	0.47651944214223946	0.8390399472875668	0.2859737454906399	-0.5503693979983836	0.5252865905304537	-0.8425920574268775	0.3502571484726731	-1.2724138263467466	1.087706356295289	-0.9616008225484303	-0.726882561973137	0.9295481073426091	0.9752130586552525	0.21608776334217436	-0.8090921261312697	-1.5934607687731235	-0.3318067648204542	0.5262943878539654	-0.0014518056567662577	-1.1709686921736118	0.46769428221777654	-0.4337233475795415	-0.1775475856026939	-0.46365346118580214	-1.235956092653247	-0.2364946254721633	-0.16284467797611576	0.07107043677622242	-0.5919578622713823	-0.5581138319934944	0.5345018176281786	-1.7765329528833944	-1.1944401183444342
DTXSID7025346	-5.193488782889813	1.0374499686271808	-2.519506668267188	1.131577633563321	-2.233267452737912	-0.5619072573198064	1.5906639224258767	-1.0378214330180824	1.5278320634440068	-1.6435112860040861	1.5933080909179052	-0.34751789406398553	0.289270799071991	-0.8892304312209351	-0.5296962014365271	-2.940780858856171	-0.4640656654713661	3.4889062183019894	1.788434279578027	-0.7095946842159181	0.7593848134736594	5.673670261090708	2.2727853505596256	-0.9857308019843204	2.8249465498709925	-0.6079625200538893	1.8288549156255356	-0.9083298937035634	-1.7966946186139892	-0.9185101334237185	1.9101239026459071	1.9555467193500513	-1.6331889181663757	-0.14364502420767963	-0.3739679863959041	0.2780160489146	2.3069980292388843	-0.587196493310095	1.0029297452317796	0.22877618728904156	-0.1631445428353711	1.307766112093881	-0.08108941934587176	0.6090986435476432	0.3791586063027298	-0.7797320861314865	0.7815967223137151	1.0273061099325702	-0.07329068073598377	-0.3212257217468351	-1.2766013724797896	-0.20567755839433327	2.0504875696568834	-0.5270709812247235	-1.1113928867955778	-0.02626527789656476	-1.8952632992752851	-0.49934572168343155	0.14376969329987743	1.1093505639272732	-1.3884384713257336	-2.169967433485341	-0.9263049035422323	-0.6790430521483097	-0.04731292292504377	0.05463260538358875	-1.817881811882312	0.4546385584705977	-1.9935405706915552	-1.9233432206652412	-0.4446297606746743	2.9896417082815385	4.251168656478236	-1.888542222108178	2.198806216283222	1.9230335409801165	-2.2455650713847968	-1.6210019013045696	-1.7012993475757379	-1.121147025416627	-0.21222960819721678	-0.7600151905138104	0.10331325544427843	-2.001075886694557	0.4373292902618609	2.518913544421013	0.4309043802585204	1.7349608486287538	0.2973886617565071	0.37861259885669807	0.663365767299959	0.6325941697509944	-0.013777756220671615	0.9849517325196976	-0.5031955916045572	-0.07453974062869222	-0.0136638151888721	0.972401942760476	0.7180001704487237	-0.5670981784288712
DTXSID6024676	-6.126034755592431	2.7612771547115385	-3.3719538759154712	0.8225643459157246	0.5496109990497956	0.4402104012158956	1.3032049105062602	-2.0966673623150016	1.4650736537740074	-0.6659664676349588	1.4180726951106855	0.7946461500738304	1.3861872352227862	1.010869437627991	0.5767149040049089	-0.7772636491182651	-0.34656464493452394	0.47493838672619815	0.8680693592069808	0.8009817729658021	-0.6816295715166648	1.4166430743523266	-0.3727513255655462	0.04506648699566814	0.9497079859937476	0.15475840854751385	0.12708701935054076	-0.15025899185861707	-0.4309507958749588	0.004290626890168234	-0.05240643923875738	0.26964659349451364	0.7379716466061228	0.17783446624683538	-0.36291177676423403	-0.5076894399105882	0.37171722550785785	0.5735140076447885	0.32563746831037704	-0.5569400443954534	0.030877384546415643	-0.9545450186186408	-0.16308417013205923	-0.1502238067836348	0.4549963517556183	-0.5441085700150793	-0.13103204213760866	0.1848516806406082	0.41222563056085054	-0.029424089530923455	-0.07028965623362267	-0.322449128572667	-0.1796847961951705	-0.2555122787254433	-0.3158486515026395	-0.11568928869334374	-0.30900816169820117	-0.7644005902602158	-0.07657226534476289	0.534681339703109	0.33274805630112436	0.11482038791658519	0.28868303363804904	-0.28756044884212845	-0.4311585847762417	-0.6935480607745951	-0.9034740689728502	-0.39414272230278685	0.07881419957054227	0.3387849690087481	-0.3485043105488969	-0.19014686623540947	0.3361907605000113	0.2853007381480867	0.2545053292231615	-0.12219836338115608	-0.2095423648687827	0.36441781129368384	-0.3894206409856351	-0.13220082723142285	-0.05991963914699812	-0.09415476465218961	0.012992048912817012	0.021718457427151738	0.028072594519443692	-0.23033147731288156	0.40693774689288115	-0.1286905320900403	0.07427601698598023	0.3196878143562667	0.36440269218628857	0.3191006445536131	-0.4694475515064076	-0.037167713682001016	-0.26574372336872204	0.13162106260589893	-0.1575191048207456	0.005894942101211721	0.108626462082185	0.3696110080213373
DTXSID5046695	10.134333609557236	-1.7063335002182292	-1.5292814516182212	2.345108944882945	-0.9709882208603892	-0.7000685651867619	2.2114794986223973	2.9528948692260757	-0.5440380053911432	-3.7796793390175996	-0.7978761989323495	-2.6791608112319603	2.601777466521863	2.5286409963758096	-2.615405380300911	2.5804040393051433	0.33490727744551035	-5.214642830027291	4.358481288491957	-0.24924766837925597	-1.086359005414327	0.6488254057146449	1.862103721711527	0.24689180875194233	2.2553258046947615	3.972347709833696	2.534192116381016	3.755344342603407	0.13707289866991795	-0.9373947121084906	-0.829672151571995	1.6016985550687353	-3.1973821456330054	1.7042974047935167	2.1573877167443194	3.137581625113608	5.564027879096978	-2.60847393879609	-1.6637955376264995	-2.8919683162823917	-0.031705522594375694	-2.989996695463971	-0.15320512689794796	5.923304103011003	1.3837496110790508	3.594665343975114	-2.778401890308385	1.3762413007127992	5.063115796102396	-2.3015306310031183	5.71548651239301	-2.013294298231721	-4.354615174933397	3.041696809841218	0.3408239622985452	1.7309026447959075	-1.228920780036781	0.8010443099349898	-2.000773479757705	-2.4032968813043625	-0.10628454681876753	1.5201545765368634	1.3559689476352497	1.289724628893319	4.828587388728346	-0.17357042526147365	-2.3897176354141503	0.2643326626931964	-4.433177115640999	-0.22260853405356143	1.0996968594712027	1.1168781851797762	-2.1809390949448275	0.6229049493989434	0.8343698224665311	2.4837326032817377	-4.650243949424776	2.3707308412988426	3.4368097272313713	0.3526919922167145	2.8826275239249397	3.3660163991082115	2.5821007822892557	0.4776880037074423	-0.08123718685468169	1.0948029546715912	2.878682802289281	1.132039811450732	0.00810251809210761	-0.07126680562858595	-0.32894402974498504	0.4028548727030039	1.1603471991538783	-1.4190341226252958	-0.18271485470434928	-0.8590853086970378	1.1569038817263455	0.614908267546676	-2.155662351909063	-0.06420716070464139
DTXSID3057777	-1.0056999925211025	2.1421554640672738	0.11100169376422797	0.38707500941748096	-2.90608352879811	-1.153925162252683	-1.0213332298006341	-1.7664578089754082	0.895134489335968	-0.70025211309665	-0.3662214842539275	1.8085175248672891	0.8942202846054996	0.8593254433311421	2.2334737889000214	1.4911974361304108	-1.3646521698194425	0.04758748858251206	-1.9564213314140664	-1.3458443991865654	0.42520890269460226	0.7627761383139793	1.561792740742159	-2.2309100713238	-0.07306370463177186	-1.1524645444388646	0.7092851698306034	2.0898989693939845	0.8197715493463492	0.1547419653236259	-0.25263966595697845	-0.10874970142587946	-0.17344974936393504	1.8118806371037843	0.38753175794127	0.3435773142252959	-0.5707966660033709	-0.4979665086174775	-1.3458093023893927	1.3143238244135789	0.3599897306277696	0.11306171184645482	-0.10368420966127422	-0.3976129813671291	0.5762854712562558	0.12491105926200077	-0.028512632330210456	-1.602312424441207	-2.3042554775469224	-1.1214046130324222	-0.31915390512119013	-0.2684931097935099	0.12704077843980435	0.0544618066354009	-1.6897093530526914	0.6014253693382322	0.2288499234218609	-0.12271462061644324	-0.8139591959065818	0.9742856528632963	-0.8889631765583108	1.50502727657122	0.5436981174799455	0.1899826281962352	-0.13070995703760083	0.13180471970538002	-0.6466700248338403	-0.5346446647631742	-0.3032779504412019	0.7754344339676663	-0.2568291315407291	0.8015867232806657	-0.02173979799434032	0.46778829154864504	0.9102599595350763	-0.08813199287039962	-0.46222885491694615	0.6152589296414482	0.4357089020471253	0.1674115973604865	-0.24175041867943478	-0.26692150422077093	1.1049758343648173	-0.7025959678797606	0.5379097414100882	-0.6000203832028497	-0.27088782138851464	0.1559358930805228	0.5773569948354422	-0.456622587132737	0.3200813140878105	0.31117965239080003	0.36439575182228073	0.08828371303721458	0.7209232029472348	0.211441873183743	0.2880018934069014	0.18810374396561366	0.048603790825893924	0.34949359766650345
DTXSID5049360	-0.7316164195872862	-0.5860273111798884	-2.436109467637883	-2.0587069686492705	0.2539327259735482	-1.1688303356003105	-2.585024206688245	-1.5801810444826339	0.3167032892325015	-1.788227934364234	-2.215596726465487	2.3705506699551617	-1.5870463845196392	-2.6891156115669816	0.17186360664457043	-0.7384981748589181	-2.767059603400676	0.16586093097318896	1.813598576899346	2.5508240876504655	-0.4811646213218717	0.6235763583357011	-3.2654180730722175	-1.1936574370692843	2.2050487036226474	3.2978998872819334	2.432644274642591	-0.022378103375653442	0.5093972877435791	0.4395474946857724	0.024411163799593755	0.0744938907562471	0.6623556173796739	-0.9125081793330194	-0.6058445921341341	0.8097071737414263	-1.1705238904204334	1.078112534743095	-1.263031907773708	0.8101349294204393	0.2441296998931239	-0.7555523952354937	-2.3837754489741787	3.013302926282938	-0.3583285684230698	1.9096226848590458	-0.5901880096984916	2.5589164780719496	2.0330854888671257	-1.1863682518581313	0.3507381931930114	1.4815561192612599	-1.1143548948034387	-1.8060156042582016	-1.9073659749044178	0.7702488637943452	1.7893804320821267	0.1202800217448934	-1.4466140610894795	1.3924362717835443	-0.6584740572190447	0.13936536700561386	-1.1917831547746962	0.1908815739857208	1.8741995640423104	-0.4200500903416105	-1.7977473888219675	-0.22337950560006017	0.6709495452843576	1.2384593148310432	-0.1848493238808045	1.7362345659406662	-0.9631965229643682	1.1056721548566013	-1.0270084389966279	0.28327993527730766	-0.35569478512593916	-0.4016185755930098	0.9371031715767558	-1.1191960139944448	-0.35460724235139635	0.4383446981567999	-0.5708325137840103	-1.6128270677436467	-0.537229539166515	1.0963520924600234	-0.32985329485674914	-0.19020347907193372	0.45808223401181547	0.4277236686355389	-0.5396568773442735	0.6313046050040861	-1.298186862668377	0.6314759175548816	1.728080411032351	0.06115911553377867	-1.2628522438992942	-0.2983826966505023	-0.3662585930832824	0.576763122033627
DTXSID6024591	-1.251254867462661	-2.463973131647214	1.3123328723857606	0.21154243712950976	-0.2392451683436589	1.729339036124943	-0.28863144473652985	-3.3860758520568983	0.11290412303975354	-0.9385787354858761	0.7148872141438596	0.31060848280528564	2.6639352126949634	-0.23883598761748837	-1.9873184312749554	0.39010478331470094	-0.2492848660550518	1.0330447971965895	-0.6660771534767818	1.8048274616339997	0.8682489967005568	0.4122163425679783	1.5860543209828515	0.15138724987592914	0.330232110455213	-0.3356019213108146	-1.4652272887048834	1.1939848714500596	1.6293804394098705	0.039600190066227656	-0.09241317449506194	0.15294532539072586	0.052340148294262985	1.9365052736906767	0.950603037965275	-0.19516720237075932	0.5865105188329114	-0.37676517321845915	-0.30984083073171415	-0.7156536532356604	0.2447029698205239	0.3924794253717714	-0.22620955811922022	-0.49017550841677127	0.44862572469975337	0.43500141371242806	0.5509723521357479	0.18835539172439772	-0.7904937047783684	0.7072218499150554	-0.23214054377306154	1.1702552281011396	0.6507491757497115	-1.1517410308160267	-0.8398185049493739	0.9525562579442346	0.035404893801082735	1.885102143075485	-0.733657190944572	-0.0644469107878245	0.4787519251412362	-0.14284009253111932	-1.7336693419078406	1.3886680594373395	-1.1828081059792215	-0.28963881984573775	-0.18398740655093385	-0.3685273651688253	0.45577511208957544	-0.11092161553652301	-0.25155590996451993	0.4664034156266111	0.4266361619379222	0.5502197503297596	-0.19374058200763347	-1.0221411751481213	-0.23311267132675523	-0.7347252881522113	0.34650155599750504	1.0008265900613489	-1.2678097812793632	1.3094848851936631	0.4246279748286681	0.16911379648957522	-0.5706813884338053	-0.18315948471453158	-0.45674890352578473	-0.3515433879825806	1.2867359545109245	-0.20838298154183046	-0.0720790472515785	-0.5042530594271147	-0.10126971453942914	-1.0079763589493105	0.11723472220380969	0.9284830336290273	-0.509749433248528	0.762984238903711	0.034241940373741495	0.1470373927247537
DTXSID0026258	-2.669127537365397	-1.14081409201684	-6.157860704300628	-2.4425916673718264	2.949364775085591	-1.6734608704017944	-3.137632048960274	0.5544143628326711	-1.9706301574620062	3.4298260301056454	0.007643606826022869	0.8935938498459948	-1.6400902382456022	1.3296397039657095	-0.9862304118663789	-1.061289830877855	0.8762078242117528	-2.066570394006724	-1.0113130180751018	-0.5161513475984678	-0.11726920515285356	-1.266806608429633	-0.7397002359671628	0.6717058412306958	1.0187304209056	0.6898084965042087	-1.3592536379653244	-1.1178664886490473	-0.43328580437470704	-0.37988103105854254	3.4035131333951414	0.04695410448584737	-0.23130382332027957	2.243955051736672	-0.7643082291647262	0.35777963359324916	1.408352994456961	0.8183604599681228	-0.538075020976708	-0.2307610950632912	-0.9228663515469533	1.4695475261993367	0.11939962726938093	-1.4047888357844849	-0.1900147088503453	0.4416789944582017	0.19985166600743492	-0.1437230179947775	-1.4756672848800907	-1.1996386032093118	0.5797976250949047	-0.7960538200980907	-1.2515056561739524	-1.173510410062136	-1.4336178739230143	1.8125008204469644	-1.198224346437554	-0.2864887155745491	0.983833989723479	-0.5498698029862931	1.047527778846653	-0.03353436949062866	0.5634636291610201	-0.8325568691022365	0.7305068406410119	0.41535283992388866	0.563983550014581	0.6466247039408136	-1.1744751302778638	1.445927175554291	-0.5973150472076856	-0.0053778278349192075	0.7171400962214969	0.5428561249388072	0.029541056796056155	0.7311532445202572	-0.7811808419032878	0.615466533663309	0.43351684428899306	-0.06688728402040268	-1.2020758947141152	-0.5356479027944024	-0.25775776078905144	0.21176785141553717	-0.9412201679454949	-0.37348119838777816	-0.9556803052984526	0.4547709478827431	0.2557322996613687	-0.09770517274797269	0.46748270596967895	0.04274528378781197	0.14945741093413786	0.037675810188567485	-0.8994957349841466	-0.24203721138289855	-1.2908997031168388	-0.6936933619167431	0.3498087869576781	0.4127203574880811
DTXSID8026563	6.731276264967467	3.820139454315956	-3.3614409151520053	-1.3000135910496031	9.540091516480487	0.9438996882692557	1.0788105711300437	-0.5808302022464269	-0.07490394916117407	-2.0816485104277334	-3.498242345496098	1.5703779226671448	-1.5425326683918605	-1.0535264615732005	-1.1125033810527865	3.7052686562184536	3.3659264738994104	2.019900365467465	-1.2042178715175742	-2.392770690691823	1.217964607956052	1.0144394466319526	-0.47185611366607033	0.4819848203780277	1.1611881917317683	-0.4203072967387586	-2.487307479614465	1.629092562734584	-0.961333574640738	1.8713308691237285	1.0493030438087922	-1.594594476214978	2.104162740977104	-0.8884021647023828	0.607741671329197	0.5319089645398554	-0.9468769914150816	-0.3733782214073478	-0.3392912396222417	-0.5443028436365105	0.5158073786731853	-0.7461941247408013	-1.224728298054348	0.921006130815619	-0.7876595552151772	0.07705421451186559	0.568599169677994	0.27475540426745765	1.0400056785395002	-0.3413763638425155	0.03884279239410593	-0.646250619924418	-0.7111499199505854	-0.09538298892060158	-0.3904079978554881	-0.3704767191140318	-2.250652427374444	1.2232611273493803	1.6353251133214755	1.1690069090205022	1.176198144491384	-0.09213299844227356	0.4522394115719157	-1.6851627028212568	0.9482910422515525	-0.07696715185638948	0.023628349026869406	0.12768162293421417	0.1320845442667456	-0.012764560483408936	-0.8244801127504915	-0.756655814838946	-0.2096250394193344	-0.3724064412638422	-0.6984877444559018	0.35087254237272936	0.3584851712859975	-0.3135714677023358	-0.9504389552232978	-0.30700341652612856	-0.7892426646585531	-0.7040309559964611	-1.0994982360288337	-0.1954373160235275	0.2556302439594493	-0.7997592870845893	-0.9382084279679669	-1.464187645459653	0.9609107388023289	-0.3302274908335582	0.7126926965908231	1.2607535669809071	0.9705737958372661	0.6220685857021111	0.34823484454558784	0.17906070351955689	-0.5230521528091102	0.3772920734364836	0.6431525533529616	0.08823256203838237
DTXSID1025724	-4.156337762946476	0.9655329327596842	-1.860247723833103	4.132478397842855	-2.278472845598539	0.9174499266441839	0.29798221864604374	-1.5484267381507424	6.609064693541174	2.1049303028959327	-4.546142834773641	-3.307215035126645	0.9537744990665199	-0.5023411416121973	0.8225578872033217	0.7030510576819669	1.2032459417431367	1.5801387281547798	-2.2587375690118883	1.26948654219132	-0.6628332893664917	-0.3484691855843638	-0.10889554540242492	-0.4049141301409771	-0.16609993803364947	1.3199093362392242	0.5378152962778335	1.034777785177143	0.0414981645896863	-0.012438281450401394	0.3378866216085269	0.2186191991543239	-0.31380690030517744	0.971791621371297	-0.03466113507212703	0.31231809812876277	0.21203096418410408	-0.11221275360865014	-0.02664914312570482	0.7581851061878585	0.34992252354731207	0.8938150117264139	-0.24241419295241945	-0.5122174594642319	-0.04899359769151268	0.11883852304136705	0.7878096994420751	0.12075108849827237	-1.6262912267813932	-1.1271863611197201	-0.16832508169625282	1.3927342989934857	-0.18029190441352144	0.010518278585649481	-0.4901620280008742	0.1562066337891661	1.2185464990741757	-0.18513499055671825	-0.39294905518269263	0.23250450280590715	0.22306851056059615	1.3197202722617314	0.7297074258150763	0.044882820945657736	0.15472064759929743	-0.18655866783929653	-0.6478851751477867	0.02206718863843898	0.2357159745871507	-0.37751381902470993	-0.4200607606796904	0.23311535393324948	0.15687475990619654	-0.3872479448938748	0.43051392080095674	0.37649805107528445	-0.1307707456137038	-0.314855120107566	0.6196255021458106	-0.33210818668297326	0.2930283653526276	0.025052068967415467	0.0999910964742838	-0.6931167714160852	0.06423631903693902	-0.44765848056191987	0.1383233575454681	-0.2531646721042569	0.7091231805942839	-0.49694551224891165	0.19737716462601626	0.3387410627012794	-0.3703015475361021	0.023966392118421272	-0.5280629863903953	0.22442355282365073	0.4646434373090139	0.16624846499527088	0.04011163800822801	0.1221621147848474
DTXSID5022986	-3.0688675008467823	-0.2398950770707249	0.6181150708434169	6.6832947373781595	1.3282442580591023	-2.793428793346992	1.5996520365097169	0.7785496876092053	-1.6926814627258364	-0.5648177295462936	0.27471039120075325	0.022843052460438985	0.5383555391371702	-0.41465632184034895	0.1468008126392522	-0.16345348736946758	1.2267177103062943	-0.8885798318542631	-0.06628325941671187	-2.3079319217933647	-0.4627408763180776	0.5008093264963508	0.511073768120809	1.1964522908687818	-0.8425849246923416	1.0442568861650199	0.33100631130756747	-1.4892265610856474	-1.1485604405481586	1.0384895957834204	-0.85922547417949	0.22841805152624067	1.3351513423309176	0.01934761562893451	-0.25760245500826395	-1.4178511216959115	-0.5141736261741324	0.10026266505072721	1.668538675485506	-0.9461790505402207	0.6331675449361567	-0.19022411547974724	-0.03607974034363633	-0.7038467889165092	1.0989086859532586	0.7307397002494971	-0.2702461422475433	1.7095680311971209	0.3845480788630419	-0.9884617984580165	0.9805906512373945	-1.0884681464709283	-0.07037490799850268	2.139400471533605	-1.5836174248737567	-0.6700804403420989	-0.7581273680453207	0.5407034047048546	1.0890148013117653	-0.5217995817980222	-0.396069651651565	1.1119271968985043	-0.8405968199054067	-0.427261480352283	0.42158486008515406	0.2843426600017064	-0.7359324826072271	0.256575409368842	-1.438527650774407	0.9584490844786715	-0.09642549095234543	0.6085360004382622	-0.24233417597622794	-0.37316628267690855	-1.4090164769071674	0.6185555366239839	0.4727465040603852	-1.3971067864586078	0.5108531513440115	0.4991198519528191	0.39149886452420596	0.666439065514016	-0.061702564042279154	0.783849954277629	-0.1287407610064891	-0.10203327684887219	-0.1773645803642667	0.6284811920190175	0.5156565408627662	0.21325004664781677	1.325845445742997	-0.0993138467044534	0.3769449919139165	-0.5184393782794791	0.059149019061190564	0.39889413201491497	0.21216118768742745	-0.5492462358702019	-0.1589061731987294	0.3747131913576681
DTXSID1044489	-4.306461472035698	1.9106883223794147	-5.316833227890923	2.4987613876417	-1.4237890468555323	0.6249943775785689	0.45731675559551294	-1.6684356327186507	-0.5660474439731749	0.002328618897202927	0.10004655726123063	0.19703993773560988	2.8663843757950063	1.4137378528871931	-1.2640685912121894	0.00251460060758285	0.7151540224052914	-0.06371273604051869	-1.81968281811644	-0.8567287932431907	-0.2788173878556973	-1.6913422909431823	-0.8982731364409821	-0.3837382115365566	0.8947457475738521	-0.2816094960136363	0.7153679090513028	0.004887131355776615	-0.71411938590139	-0.6794375091928767	0.7709184287260892	0.9429858717646903	-0.7298340023222925	0.9448969201558461	-0.4580499166272638	0.4281079518909972	0.5487657534760759	-0.0919835193094669	0.14228606131193913	1.5059125642653863	-0.4925992737786343	1.1602657227989457	-0.1920344846174791	-0.15587080392357724	-0.3534377698213861	-0.08200889544735844	0.5958136554033664	0.4229456306246918	-1.6336017212054241	-1.4817016139871568	0.7098116057480733	1.6056836855313765	0.34963103049987443	0.5806137606706205	-0.9175078381113057	0.12621172336004857	-0.2686403634646661	-0.00876183102934634	0.6966604101644334	-0.452182311721603	-0.38566024955782835	1.3111477999392187	0.2169687384947401	0.724256702096184	-0.30091110791312725	-0.40826542819246464	0.040750739112259564	0.7831062936443927	0.4993414480614036	-0.29054104525864016	-0.35822218312017473	-0.946348644813989	0.29783961926330316	-1.0032162582229234	0.6070736288996978	0.2254390300180522	-0.04481848113046459	0.5359896234795687	-0.23234074138131672	-0.4380710439530568	-0.0028108376082041342	-0.28170731814494576	0.11083006078920797	-0.6507886217471417	0.006646260689947266	-0.6278493581526488	-0.3306968373389595	-0.8992373510245057	0.34692685674220186	-0.5281245741700299	0.07392078522440154	0.6419580939386498	-0.3774742863635325	0.07583304915275806	-0.4473715388889581	0.1954748092577826	0.15455072997485356	0.9063436774984753	0.695293532651657	-0.18963674585651627
DTXSID7020899	-6.624160990709512	-0.39166149083158613	-11.798936916852043	0.6112260481590193	20.07911448945971	-0.35074126340069917	-5.2663473055876295	1.8837008310624	-3.6219954468536097	-2.272546288655745	0.8174359152085852	0.37884044406881656	3.706607839181753	-6.191962341686141	10.87575605512587	6.813197991038073	0.24188140686871118	1.3907481531249701	0.026535381744020085	6.57113366171536	-1.3330138238812	8.471070403668445	-6.743366621120295	2.849872677253713	3.59806392150375	-6.190547442730907	1.7954140654884874	0.47636583509680264	0.9677270400859074	6.64067774325318	8.067087204265594	-6.9658473791342095	-0.6684932253420214	3.6551792366015325	-3.333492845740881	2.576527506569755	2.8725711322058727	5.027087396124754	-6.381640672990944	-1.8203307639958204	5.013449378179366	3.6418376320780115	-5.901893409033126	2.1049433493938197	-1.5176533283094273	0.6320206640439517	0.492983063417202	1.1952310159219688	-4.598513993537842	5.680174356681779	-5.325543710052772	-0.5071416843626269	5.821284407479544	-0.13473322740052468	-4.936983786578111	-7.474674995767869	7.085625105925801	1.8947155249396588	4.936710631700464	-1.340108638518352	7.657792704464499	1.6638673082699709	0.5357356039672695	2.393199887430139	0.5102249908104899	3.178402397132773	1.3552048900795937	0.6574179901764026	4.9715372079955555	-1.553870065366748	0.48662929348468553	2.2061660052520513	0.9221827294300974	0.11159698976757901	1.36508476782108	2.1783449049980743	-5.931291155977352	8.417896131899793	1.4274565486668582	-4.078435787517936	0.9201259723364569	6.5038073453196805	3.079468537243406	7.433894562546876	-2.016226549052575	9.152180517767064	4.8188457103141324	-2.004460402711859	-0.3264782936404848	-3.2200185188387596	-2.596645714633742	0.03308855781542147	-0.33852239112922966	2.4734495474203015	5.464960986409755	1.6167080886912002	3.7153675964698083	-5.173304206774314	1.4289392871621973	8.496080592914227
DTXSID1022479	-7.210282163766279	1.3425393488457704	1.5590133183248784	1.4365267194225881	-0.4353055900401275	-0.7530425714472267	1.033022888274834	-1.1197434905219132	-0.10590801236585466	-0.2406477777913323	1.2449395919721555	0.001989976876945052	0.24564821245065774	-0.4509678201686551	0.4150874808413182	-0.35142137207185437	-0.7059150466945693	0.3981892527786196	0.7486686271527665	-0.7736168761982057	-0.41798408530464815	0.4800669343110962	-0.41761304670088706	0.4816972905765958	-0.6447127314133219	0.35719843406159296	-0.3294619908842287	-0.5988662547797566	-0.46297887873315013	-0.30125223169404775	-0.09269860431388886	0.127833425616511	-0.5537929803405799	-0.25176046737703306	-0.5251827810285403	0.21740041572037436	-0.12427279206056423	1.1762094108347616	-0.7278746264214836	0.040777269139958154	0.1206121511964349	0.40465927702052934	-0.17552010198445064	-0.08443491419112446	0.2759305407912109	0.34000421610999937	-0.1966788638715116	0.3659529964621745	0.2520855877251869	-0.07656987799700112	-0.29548333637824575	-0.2789529759284397	-0.09679588022318487	0.17006150435069137	0.275975464515842	0.4420135047370381	0.09401266745353723	-0.27771346733328106	0.251679044826555	0.28458116102666653	0.30144763767791055	-0.1678371744746083	0.7326195879709391	-0.2941654499262012	-0.31157802141177177	-0.40277337428194715	-0.5078858876937855	0.34590526202100214	-0.10284447478398409	0.2850789868421213	0.4736727527135747	-0.27249076523890864	-0.305364800144503	0.3637754192064043	0.13271698771133852	0.25099248031979987	-0.14460960252247923	0.11981039168774794	-0.07865510807727398	0.4713371117099838	0.1447537754456176	-0.03910559736396013	-0.1672873194892554	-0.17334508514630942	0.18640074966847042	-0.14738186029516837	-0.10460290412398406	0.1273217382620892	0.2980843152727064	-0.023737538274000474	-0.007889667972856174	0.01793893986909674	-0.007308307423099945	-0.2052977292926449	0.19085299374415565	-0.012245893668637405	0.14636043945809107	0.09340573991850674	-0.0022158382468405436	0.13825855624895828
DTXSID4045682	0.3944679325897305	-0.7518266207626657	-2.4075870472009373	-0.37021614589754515	-1.0123054719540674	-2.448181251675377	1.977182405933773	4.312175986060293	0.0789029564689519	-3.4189805068594366	-0.7846778824806513	0.9751083568855521	0.40667105431473494	0.8188764356377726	3.384114762440545	3.556200347348245	-3.5089912132210475	1.1285586520730733	-2.4435664327519806	-0.7056763283183065	3.5557500809577016	-0.39873624847949746	-0.7990413881673737	-1.0914364055697996	1.1796203363740214	0.6963400015452361	2.6851718256492325	0.791340526383653	-0.911864773404017	0.28175778476492225	-1.363176489525458	0.6491760226757837	-0.6426546995227614	-0.681587529208667	0.4031861685824659	0.830969966067259	-0.4816294464193919	-0.11582082870697756	0.2663826243326822	-0.5131676020889856	0.4119152443440538	-0.2267966452314861	-1.937099586704231	2.1511366892540287	-0.2253023676100415	1.161298918334997	-0.09348226506413375	2.2248062458404947	1.0575882345181344	1.295253574757689	1.6903067584663303	0.25533548625191105	-2.662189784790713	-1.5070153437984004	-3.391914127281627	0.5444837830819542	-1.028760892605197	-0.04860379124029705	0.012349299210223102	-0.07568626803970613	-1.7450543730625534	0.8088030174523922	-0.29826033871348834	1.0621928376553997	0.408122355826437	-0.8430636258609309	-0.48561861980771853	-0.3552651781157204	1.2968867131366042	1.5063225705479828	0.12111327555437316	0.9603176801457274	-0.20545361057416123	1.0664482705062492	0.975443233474542	-2.1317381374443047	-0.14578298278560012	0.021398288237357406	-0.09820729716641165	-1.4263188752022924	0.05416948184842641	-0.9456474699933528	-1.0238249542550082	0.6714492223326495	0.3821428351098221	-0.6306264355760904	0.016851746862686815	2.422419564380191	-0.518632124083611	-0.5041067991451519	0.08060163927634692	-0.08822101269025746	0.03626886191153819	0.3701365596578582	-0.3328358592144817	0.921230402122593	0.7542492398089456	0.1653327607401265	-1.1508943528581943	0.03884502862402046
DTXSID6024961	16.3509945252237	4.213857239046946	-5.900531565229147	-7.373286848601441	16.897551994980173	1.6238740628920492	-4.311262060335776	-4.419868883398433	0.7021691973684746	-1.466695967984343	-1.8423128939128592	0.5801340489459414	-3.661341885845841	-3.6375449327463434	0.5605702186570329	-1.1050194956226955	0.4944836720440863	-0.04993852725749704	2.078819751923644	0.9219147297859143	0.8858239275068621	1.0075552205175422	-2.3244287274501145	1.747537297169873	3.3567803475839617	-3.397226627113552	-2.763968129721871	6.783140264954962	0.43043276009121434	-5.313626399399601	-7.53612287342896	-2.2580319785443916	-1.1764278216497717	-4.563383661394839	7.146114379112465	0.7340206737604069	-3.3708731362332	-2.0510428169668526	-2.497869691078429	-1.108711887283889	-0.3153839305018848	-1.3891634373960013	-0.15929855493475248	-0.07799203382521228	-4.870378500929334	-0.7282150527188219	6.049579178688023	1.5065663508399791	-1.2171821767657256	0.28861216168703835	-3.0046213270686812	2.781386780132415	0.16957561659327278	-0.8483779631271877	-2.0882386106283533	1.8063696848203161	1.4218045786656313	-0.2696228018070178	-0.5274764032738366	-1.6362811993772863	1.5126302807412204	1.2389904307864155	-0.2350195352308266	-2.131543375919624	-0.1125118469677583	2.5559043677367805	-5.898701775702201	-5.684764645144282	-3.640394010556935	0.5095106009160039	1.291170523053388	-1.0143599594686712	-0.4085716943235427	-1.7214397010952498	-1.4537167140949976	1.1585901278178996	1.9355798150178436	-0.6866687353875657	2.668505462216205	-0.4326439571419152	2.598895944315602	-1.9641726629381515	-7.396190237592209	0.9198207023084186	-0.8538459825153647	3.5246569299335384	-0.1304803426283738	-3.005282732519233	4.0021458604783335	0.5605971654522262	-2.611354694875706	2.907809947225028	0.9427238757088612	0.6159919230387647	0.32506847933308586	-0.711792684243355	-1.8070874588184271	-1.0573875548854703	-0.9342657086020494	-0.9992781584863245
DTXSID2021864	-7.2107939864483885	1.7355833423962432	1.7273861392979704	1.6241087314568614	-0.4977655879733509	-0.5895589090048293	0.8731630361580379	-0.7676153157132034	-0.06732915307595418	-0.15790821666054058	0.7271470521038345	0.35585603412318023	-0.1745443469411094	-0.3528187137843053	0.40727556695181216	-0.9116495859075965	-0.9647176198050537	0.33011413630882025	0.4065647118441508	-0.45399860495998845	-0.6689339257653629	0.4037043969358961	-0.5059531927507313	0.7010473534969259	-0.7673941131256325	0.2946124664680811	0.24928587776153963	-0.652930980756457	0.34315946182553736	-1.0784606331661382	0.42572622805355526	-0.10936024697353515	0.126201272497453	0.031029913012528828	-0.5419822149224776	0.5234514425378248	-0.800289326745814	0.5339224694453074	-0.8071519908693294	0.1684037349513691	-0.16012202180711582	-0.09832065371427653	-0.18413870372699256	0.38037852686440393	0.5522085843674164	0.651941472542048	-0.26586976245575916	-0.3495079612416991	0.4232035960020564	-0.2862631962915346	0.24143671437942876	0.49907550460368505	-0.33270029929180556	0.36734539713159764	-0.4330142677409542	-0.11536056603008786	0.18047335723668972	0.2168149798627789	0.04884100876836684	0.09343529094566666	0.757084442074224	-0.31991396381323184	0.05708041889291356	-0.13464830042002526	-0.09032444697208553	-0.11873432461170176	-0.05612921454645645	0.2858770655537314	-0.1912414930509092	0.09134387484968993	0.20714100911555486	0.34155015602882244	-0.0983402412959944	-0.5350300618257379	0.16557515952353896	0.05191875326247868	0.20429025646217983	0.17972599994631536	-0.2945988963137811	-0.232062074322917	0.033480501261759034	-0.2090170364003491	-0.25505076519177466	0.35582063656805246	-0.17985660259692957	-0.357957896525943	0.12953049096868663	0.23130662766356316	0.09406564555611993	0.23185321244517132	0.1676767919591122	-0.3731542930348839	-0.1431844317098606	-0.17163685284867855	0.21971241190184906	0.09880000495865708	-0.07855393884020859	-0.09140208061992819	-0.1284995434465332	-0.07855899417928222
DTXSID4048725	2.801858665325375	-2.049001873616409	-4.798367071918613	2.861291365002234	-0.5061780767863892	1.0040428106595236	2.279073279179498	4.982244311963863	0.6722603158966615	-4.207919874433008	0.8013465534311217	1.0759233869134521	2.0852517445465786	-0.327252570932932	-0.5878388325888956	-0.03412051195853465	1.2212287054647837	1.1448112937149377	0.4082269002074154	-1.3759151076617353	0.08837983815734055	-0.9420565347186266	0.008664630288608114	-0.07576282011828207	-1.7964583258126325	1.2930407637331716	-0.8738970219913746	-3.1016628312275905	1.2049352833561515	1.2314256311829328	-1.290013929692232	1.536266473145251	4.897888622019084	0.8535074678346711	2.4251499683743725	1.4483799344824126	1.8844798981015844	-0.5714849775147343	2.59769346731199	-0.9928925056567157	-0.023201212660849752	0.2592860679271716	-0.9851332186735147	-1.3189654960180552	1.3299999521193064	1.701659699257049	0.2276322064131938	1.3679030839588253	-0.36466478885975545	-1.1996884715913796	1.1507968228399106	-1.1483092629527512	-0.17056347737666577	1.3265898031822125	-2.7924442266751983	0.6140810420964803	-1.1703001953306258	-0.23989515837087427	3.048304491590813	-0.3079221768179991	-0.4951753366515426	0.3457800401661261	-0.17270129344141327	-0.6076274866534063	1.3683646445059163	0.993910503031319	-1.6449719011404058	-0.43917635473648714	-1.5168654893620022	1.737582648975752	0.4995834696986375	1.2336453466473996	-0.36190390395004735	0.21608696804695313	-1.173022229088583	0.17349128081069468	0.8423104497444178	-0.020382505329941986	1.9418324798019322	0.22242025170807783	-0.2956226261145611	1.588018067149444	0.6469522030630381	-0.14755807403175739	-0.8000373272336866	1.0640596267967637	-1.4670315738287563	0.13627292567055044	0.32597860594753864	1.2973603822728874	0.24181236842306217	0.3133111542180577	-1.0317850385392013	-0.9220990978301571	-0.22556863145959705	0.5595321017627463	-0.4295308270774602	-1.0767091960844362	1.071432806555366	-0.6713278769697643
DTXSID4045686	6.792564396350818	0.00426148844336775	-3.0538628040476756	-0.5403526275764766	-3.6799989260841555	5.716646308922977	6.992595076396455	5.316926873571876	-5.144801853654756	5.065765794887489	0.1124750553541998	-2.666551176730525	-2.0751095785954004	2.2656556343353373	-0.34206107385342377	6.366560004331163	-3.0492535215519605	-5.172287798957003	2.2682375191214357	0.940701114259522	-6.370941684876779	2.505733296674378	2.761096876483477	2.4649084882737484	-1.317889422733185	0.67979085780205	-0.27787498930368126	1.4744440414820479	-2.802315552579549	-2.4823343149074866	1.4536585264015296	3.0502845981398563	0.7659672557278452	-1.4856367961365005	-3.271092779057956	1.158791745597517	2.3537972508174363	-0.9734644919005638	-0.6039875310972004	-0.9012840007623356	-0.04316447406488272	1.5124309612454414	0.7646833677096606	1.6917033228132743	0.32244522661867553	1.1716437505970265	0.7881590680061111	-0.6210268998333603	0.4140200820230628	-1.3480405400393503	-4.177077711332264	-0.47253067051693853	0.24879773256838514	-0.7730683474584588	-2.568746139268561	-1.2610464172979747	-3.254663781990906	-0.6758053233771074	-2.121246110633631	1.7226101898569584	2.474408079138559	1.4775015999554604	2.2566470564526986	7.116491102760117	3.9099064204428133	-3.4592254434955785	0.29263554544307313	-2.8059707026877634	-5.452362975654922	-2.6894977393347426	1.197631321523807	-0.9007023030133963	-1.4006794683408204	-0.18148249088510812	-0.06444179779383592	1.6989443517802105	-2.618345363580302	-0.3087809040911955	2.8985030068037063	2.696118595957546	-0.29819856403319944	1.3921492328965412	1.6248628479465679	1.843676134244931	-1.4314472550207966	-0.6695985058827325	-0.4874825707213059	0.15059683063786444	-3.3901510627055935	2.8197531385679038	0.0421726992320027	1.8137878702713848	-0.4294393351151258	0.8331501801439993	0.15459451177231226	-3.2574385980208516	0.0005171121039221806	0.859750529761327	-1.9108580268714424	-2.180444687414502
DTXSID0040755	4.569552097125413	-4.881444525101551	0.67412025808407	-1.572792854871232	-0.8553417436063745	-2.5473069166132967	0.4025753706252956	-0.34985318990388387	2.0275814479520466	0.25073289275732114	4.6433148952378485	-0.3675340993133559	0.3406639051191996	0.6826864873178655	-1.9336892512372075	-1.8999583843223953	1.4838332523806572	-0.3527617515977588	1.3906391974948102	0.223160210489539	0.26176369824299117	1.4003226756323646	1.7980667616766703	-1.10577649140401	0.8477637563422081	-0.8063020931526798	1.1912162016807502	3.0825758590235037	-0.31705820488446546	3.363055266062017	-1.452093718796258	-4.384384135204265	5.430343895579034	-2.2950970439384966	-1.9414367335580935	3.8130937899640607	2.712653572470186	0.7671827745909914	-2.9613004526996245	-1.349249594347382	-5.128231126681026	0.7992623447919046	4.311848367043065	-0.1439975776541544	7.645146549450099	-1.0611942596033985	1.5243290102039044	6.179546459274072	-5.379922590654332	1.872490603753261	-1.1927796584822046	3.190033964602753	-4.2602471219068905	1.0177631547977963	-0.029921804333538964	-0.013061701506597877	0.4149665737488768	1.7049316416558782	-1.9764801517297224	1.2367399382218836	-1.166781923608288	0.7904626778840201	-2.271912768720771	-0.4821777155751718	0.4633076883023845	-0.5479462557825376	-0.0017382581540156105	0.13464577415625434	1.3988891569160937	-1.157022132304047	-1.0549291426298235	-1.2454823853389403	1.3028194177070755	-0.952767911597018	-0.8213318712049472	0.8311984645384596	-0.12687497150332067	0.1734431821614342	-0.025040112340857876	-1.227126252483762	1.2680000301586514	-0.04399395980458709	-0.41478068162033177	0.5415517918936434	-0.5126003280127367	0.12972549455244112	-0.46280911085572896	0.30082623070859627	-1.4411114293642968	1.4382101656293242	-0.06742361274551209	0.3238775188559639	-0.20620777515337893	-0.13412195388605322	-0.25766451374055993	-1.0466292785093632	-0.5499736241576847	-0.20705967692027774	0.3636362808529945	-0.0660427812940496
DTXSID8046450	16.658726023029974	-4.412379172238324	4.334025089919822	-4.955161530192306	3.558978057605761	-0.5885774981301216	-2.6402551475497003	1.8480302948655214	0.3065755509229473	-3.625487103542561	-2.5551972286561297	-4.103345558930385	1.9255938726890132	2.83486261851792	0.7358891898245059	-1.7999779540336625	-2.68780183803897	-0.4633398158141695	1.2569440791483906	-0.5873907075309612	0.7857568872552785	0.9190997974777071	-3.2592288983831734	-0.002201516757792747	3.9533125916844836	1.794174358682906	1.3075828707036379	1.0617945760296041	1.4188956567871782	-1.7539782439456353	-0.6189205977924798	-0.2324352449900132	-0.3431560935049452	-3.139940958329918	0.023701191884167704	1.0753534921264378	0.2322540912025556	1.7813867817847289	0.11542169246663635	-0.6567661430003806	1.3211397689060456	-1.3508366771028137	-1.7084286200074235	2.079333101492079	-0.3671733261873893	0.34239080166901587	-0.08683445087533075	0.09462876547350063	3.244441747082289	3.1305146854411405	0.5386781094575499	-1.018789498759262	-2.009503955468647	-0.9457221436569526	-1.4791890820979559	2.223221107339413	4.029400015314581	-0.6715130125417134	-2.051329418688681	1.7138546778889565	0.14994699273795287	-0.12426115976162215	0.017911328753234885	0.21670711055331188	-0.2608498846598226	0.7367310289155623	-0.7889219296289838	-0.2084754002072924	-1.435113709741214	-1.2692093160820554	0.06476291495054291	-0.7325894717381743	0.015594551000220466	-0.46515862872741714	-0.4016791479923393	-1.8708692285206745	1.9810305040026526	-2.4546150761681007	-0.46787662772940247	1.3665249693891461	1.0862007540996121	-1.3100512760173297	0.3668862187612761	-1.6025671019611987	2.1805171810497925	-1.2604194602676841	-1.5554129232235507	-1.5307483360146616	0.24496549197253045	-0.5468975221768928	0.15226073033938597	1.3051375835764747	0.8766141358667792	-0.30023091667405677	-0.011464490035698075	1.1992318630729364	0.36099853894488615	-1.0091560603681922	0.22650092584408532	1.580167642081417
DTXSID4025292	-4.238225013443371	4.379579184858388	-2.251829254366115	2.280408945840886	0.9717305851372435	-1.397422320673951	0.5892745624504997	0.3672905457165936	-0.05827936328308015	-0.8744882872618974	-0.7750005232341658	1.7217434923800488	0.8988486630946861	0.24522863443118703	-0.7396656989007087	0.9585654011101132	0.5701224714517198	0.7595021294668228	-0.5170374048695193	-1.3022783519448873	-1.2302270246722522	1.4064717077032385	-0.42176905599803227	1.5789135869309	-0.9425550276144318	0.08513546701889747	-1.478453953582847	-1.2027000772033294	-0.9705599043362696	0.11231437729516185	0.9869895119101487	-0.22125463035149262	-0.6082724534294118	-0.6177466259850677	0.7644702522280244	0.6870040692835366	0.13775523376395485	0.9586546413123794	0.09033208580073358	-0.9353190135593822	0.3304742878189078	-1.466591012352741	-0.6999779207845346	-0.11451343575073125	0.45450662262245567	0.20426666558965753	-1.2870316632832375	1.0874006861242898	1.0536666893123605	-0.19963801536119702	-0.3715801132711935	-0.6816329506840924	-0.31639251465972196	-0.3072874767059817	-1.2969778973422648	-1.0018805520429654	-0.8049581972774353	-0.22174354279923714	0.6650051670077698	-0.018172151073186586	-0.9091729120835735	-1.0828005475948839	0.22807259619183787	0.152396691466726	1.9232611795668522	1.1773279153641196	0.9242168866166344	-0.5472745560736234	1.32613910414427	1.0671210848115238	-0.5949612185995077	-2.20488992802947	0.94931946822391	-0.24042272426358224	-1.0426419441718255	0.5736684946499232	1.14976888060258	-1.4797844854585698	-0.3440960699961499	-0.09450508041189913	-0.1397969106268483	-0.34559059044709706	0.6187753326712134	-0.7412164818387951	0.06341106698849036	-0.6865453111360059	-0.033066901719173085	0.2681875475863339	-0.3170466365597544	0.08089302102047434	1.0386772193946374	1.2468200585194944	0.8658242723724636	0.26465576188910944	-0.3119831287568126	0.711930326556729	-0.3112557676361378	-0.004090087958153887	0.12824757320437125	0.19998907771477145
DTXSID0029761	-1.6577419570372625	-3.7365760396152603	-6.728888265914903	3.278661543677223	-0.6105505492188725	-2.5083404520359505	-0.9658301947669233	3.1845555183361625	0.19418370959277684	-2.44631680938161	0.05015182383987049	-0.7935351129549709	2.986267422914702	-1.3726784468854698	-1.8565181262403432	3.2499014295552833	-0.01369517373265965	-0.5544472356602188	0.0753085296521629	2.966387190910692	-0.44140736317048634	-1.145374530071199	-0.8026561800885806	-1.630033199844644	0.8787228231071432	-2.4040372102251113	2.6848608980058777	-0.5760539308487502	0.753220082871311	-2.7728579327109206	0.8967591255562423	1.1076378433908916	-0.8868080042245312	-0.7258758930277653	0.48384446685343396	1.4769143685277653	0.3246919765858277	-0.4892637914947505	0.3355711184079878	-1.5969803403391145	-0.08770239171604567	1.5886596225233531	0.24400214801171055	1.048344202155554	0.04449957539984172	-0.8408724167894639	1.321562407351535	-0.34505755668265325	0.22623834943469234	1.3613407902664183	-0.859164241911323	0.6959311763064999	-0.019966095709123444	1.585598651743333	0.560275134491157	0.13357756732606013	0.7882985739795626	-0.40393229364073363	-1.4101762996613691	-1.6872039634712301	2.5559522421935505	-0.2693790219445686	-2.4282965749222636	-1.3433782705678754	0.6904438520606709	-1.8175430099364054	-0.2097458870838279	-0.010348960008717581	0.796799942462039	0.20387584470993297	0.32201286492711456	-0.06132479417092823	-0.8762015351764346	0.29465162026842817	-0.6638840669483378	-1.2993300908564274	1.5585297875326756	-2.625387916120531	-0.9646293132737779	1.9616489854567578	-2.444117417294437	-2.9513374615609664	-0.5048701159372672	-0.49670858411167396	0.41068901251041756	1.2942672042335588	-0.9150868399843844	0.4839554485541873	1.1697438989018838	-1.7844498574830947	0.6658737687415788	0.13876074867441285	-1.3782495820135099	-0.37233171828637796	0.6408585401448799	0.31150438982738293	1.005305438224746	0.6509565310732313	-0.8113173448188878	0.020668419972076007
DTXSID5045205	9.821504436608816	-0.05172334909104996	0.038410613787895315	-1.7472453244041866	-2.380801508830642	5.756159352891813	4.751036232852712	0.9954240687549123	-1.9879609509059422	0.06300458129970415	0.4133491863265958	-2.8757079030803743	0.925803045958782	-0.0729114561943953	-1.3403312083276395	4.072510458438589	-3.078904477624555	-2.641412777127866	-0.4631350892602365	0.5087024920834455	-5.228941987269434	1.335496985201143	1.5855736912261778	1.102536741754586	-0.6981804280406404	2.747628663273188	0.6864529729038474	3.4679634085008644	-2.186519678820256	-2.115240716585194	-1.6794320171472847	1.4388801539074951	1.6775055840257003	0.5204621043491403	-4.316176207706071	0.13238399115210556	2.0743245069497553	-0.6240796848182084	-0.6067280354802405	-0.9635995139784876	1.2207324994740716	3.5043370978241564	-0.27743965971509055	0.8723761302335251	-1.548694597470727	1.256107042883262	1.8824705773243169	-0.9681627841817038	-2.6486799466839086	-1.91834721750276	0.08484307638736512	0.013050467191781483	2.241579116564487	1.279693598423132	-0.7638572257720818	0.3585395112027079	-0.1688978250063559	1.4169338568663186	-0.8701459752974884	0.5790589931192272	-1.1090472808625818	1.1976188791543607	2.9059000331231055	-0.4677734024905807	2.353711880749349	-0.5751975350384723	-0.8001208261596636	0.41020904747967146	2.2235048962974866	0.043696946775994616	1.595409481576789	0.3249287530222156	-0.33740278462417134	0.878994186182378	1.8382024116715385	-0.08573415117523486	-0.5013706317468629	-0.5667311818344609	0.5577086485622719	0.773468657483958	-0.1138820704676065	0.2316820740008491	-0.361882272170189	-1.3881333391862407	-0.5578634363828385	0.37633122162049487	-0.714262803230645	-0.32155322622415167	0.4384231964299557	-1.007841727123194	0.4187493161632748	-0.1497773505991573	1.3072904919792339	0.33650378823949617	0.04149150644688418	0.9077359621275959	-0.8852802776979203	-0.22866679541487103	0.7476898433196636	0.9920582935087455
DTXSID3046879	13.70829405766945	11.812390435403657	1.634465681126399	-0.05839276523577912	-1.769692043942292	0.28897909667666455	-3.32547822779414	0.49812554255511876	0.46810886345428737	0.21494450693305503	1.2295516388323169	-0.7677292307669842	-0.6710574297926034	1.0073251270315253	0.1004688183541239	0.40883522412041956	1.5903596264608033	0.6048103371275569	-0.8785725057423164	0.5947547335889564	0.5618611694376062	0.24134965225836474	-0.20829287477984137	-0.5951618653358681	1.297798982527885	-0.020841966857740903	0.007094238395665812	1.5754548583022272	-0.3767078283322377	-0.7535541924926569	-1.236243261006147	-0.32155496675394346	0.6846066802325729	1.2428224914868122	0.02043269752996949	-0.8281846025406602	-0.0640214572561983	0.3036561283805949	0.12596856712034601	1.5378534945363378	0.44548039239720993	0.1926137018229842	-0.48428530926595914	-0.7604141380645268	-0.07773950714025006	-0.835491046997124	-1.5411973568328472	-0.00059721250532454	-0.6657569834089992	0.3691643734899839	-0.7404586721013966	-0.06710014521180765	-0.4262322865047761	0.4129918902303716	0.42540938311950216	0.7785755346498788	1.2079351756323577	-0.8795804715089983	0.7439796197278248	0.6514792111563397	0.03969955036403559	0.032722102830560734	-1.316266589953669	-0.5050443281236314	-0.4573402238981632	-0.021192006817614337	-0.6606078396571393	0.05353208220730319	-0.4409260858439773	0.467367653313069	-0.7767903509485942	-0.15675389633777456	0.25708399947589006	0.23443107766025642	-0.4595849368649168	1.3803102745234686	0.23127818708593578	0.04512771360394941	1.0660018529987934	-0.5125835297962292	0.7689155789657429	-0.8962465485110094	0.5732876777523904	-0.38803007019887387	-0.12100152312709561	-0.3434744397247294	-0.060524976422582526	0.04678114632361873	0.36162509953540084	0.19594518661879043	0.675288300142282	0.8930211743189564	0.058046268478632694	-0.17160134531367593	0.4274229790249629	0.0867522576386512	0.556474950804755	0.4033289550599054	0.5665759668217153	-0.31229628918687313
DTXSID7021231	10.734468101402733	-6.758018406729053	0.2310331228149582	3.9909388544144013	1.9471241368134626	-1.4844905362648668	-5.9605883434656235	0.3932000639435788	3.0571388610965133	-2.380182599696266	2.784964063667413	1.0618259321955625	-0.7336423741261653	-5.822742828255463	-0.013013547196848834	-0.6097926475342863	-4.681350327651317	-3.2437290443319036	0.5572981345469461	3.824768147601929	-1.2645134442904475	1.7829862858602503	-0.8537662141413646	1.3263165736385147	1.5561117297862535	-1.1255279250548857	0.9514124559695645	1.5238299108432425	5.949928965954265	-3.714454173610574	3.3217009726115396	1.0958337147683332	1.1791380141173606	-3.612408227365106	0.6336410023849096	0.19085136021977483	-1.1600961977086206	1.6022983802688928	-0.37567241410744684	-0.5801363352260249	-0.1636144849561313	-1.1274112350604975	-0.45857080126307065	1.1358523945634693	0.27664166860251743	-0.23829209118520653	1.0225610530388534	-0.4914993510521212	0.9340107151583735	-0.7442864336936001	0.37654413875352394	1.7184665504574375	0.08375690095518937	1.3474549281317818	-0.6566871091277056	1.0190318745068312	0.7695539923454623	-3.2404298190442327	-1.750858811396056	-0.1877919553325858	0.7795158305804571	-0.5158508207583418	-2.272366817382782	-2.0367894487547296	0.9232527341109739	-1.29554949149631	-0.3029452166493125	-0.30594119150851495	-0.7521329802990195	1.3222242416453343	0.6039270491857698	-0.9124368613267859	-1.6952307822875337	0.6948602987482205	-0.07595019322694203	-0.5809406804659176	2.4096367096458975	-4.2574690647424065	-0.03736207888694857	2.566179114355965	-1.124565550435073	-0.655284031790869	-1.9586079961364036	-1.984210592503652	0.18688296034586854	-0.15808737375774462	-3.097170851167982	-0.43404793454308754	-0.49680321447331927	-0.43635523328637404	0.5571148675174948	0.33696087880753295	0.01785753027308712	0.17571125005245694	1.8496499457926143	0.7169385137119895	-1.2732928002503163	0.09196855368814154	-0.5372311312564162	0.3493055458869757
DTXSID2021448	-6.655118102936862	0.9459125290589775	0.6696389234322466	0.39612659602402667	-0.5106924815297551	2.0560852306048254	-1.313815760415262	2.1007641982352494	0.07049283036733762	0.5538656850230563	-0.5854530901021623	1.5209507237571565	0.07692713345240956	1.2017269588852386	-0.2394052024818764	-0.7551995903489854	-1.4342642964403707	0.637412284271676	0.38580717266895026	-0.0015089061303804534	-0.7511136492234072	0.13412344211871116	-1.132098589256041	0.869461937960023	0.2710379202795827	0.1559150982929017	0.211174902098386	-1.164598783538407	0.5275013069293781	-1.0549453050249682	0.7641086775763073	-0.15687222106283735	-0.381931875431875	-0.17785356824265386	-0.8368281862882807	0.24995702428900055	-0.3606498995058065	0.06681007709370666	-0.7186723373256445	0.18028543849088663	-0.4735411408419146	-0.6612527907376833	-0.030445215111181256	1.0035559307027304	0.3378832608587091	0.5247627696324699	0.4190056479345864	-0.3600205527293536	0.020345813579459377	-0.0870249071619634	0.31491597466744997	0.49456432093072394	-0.27840522195757195	0.7169022393671379	-0.5507557436068264	-0.056761396567220714	-0.49233450432609094	-0.4540729306622361	0.7105228750113206	0.29597316203727253	0.13766640429553711	0.13113677595770928	-0.005918650587377529	-0.21770278632109186	-0.1943775589389586	-0.4876955302688088	-0.3878589584351269	-0.3371974344817541	0.016610327497782337	-0.07335911559700996	0.16677640136113134	0.06850709136660998	-0.27913000550072103	0.21297996729542754	-0.14713184576520047	0.5614904875873794	0.3804735654179275	0.020433008408431437	-0.3675443024311966	-0.10363405368451162	-0.09765275691212322	-0.24606064619939516	0.05022478010131292	-0.20222648295814402	-0.19338423270758348	-0.3879174949286386	0.3729543308836914	0.3580998013492833	-0.1789557307689312	0.15712768043865247	0.11172616272448681	-0.32130623759460863	-0.06774233548096775	-0.11835263000964447	0.2632092231648633	-0.15997842055671962	-0.44997898292374533	0.013139141319383346	0.06918017871202277	-0.005579691323017739
DTXSID7023350	5.128124238302919	10.863115452653195	1.6800187029116256	0.44938691831916266	-2.6545369525784985	-0.14521539784729975	-2.1593369599217023	1.330378000818293	-0.4087894607811564	0.14729020303974139	-0.3325332350424394	-0.33546515419414685	-0.2639611502635827	0.07723510009183364	0.2663764210193395	-0.16968533318470203	1.0399228216148588	-0.6244149256183604	0.3002080030909167	0.23392426804689243	0.9121604711229909	0.19117008841922367	0.37905628634464417	-0.16601892031594626	0.14498850777077626	-0.013323617986037766	-0.5555528467396915	0.615750622270955	-0.23106506515991615	-0.1721422229183893	-0.42600051371849973	0.10495170788968344	0.0069514458709582045	0.2587138027067376	0.05622683047936962	-0.37305802919914216	-0.03732089474628186	0.6559092505683755	0.0018993768643311175	0.6086413443810677	0.38707869895004515	0.00723613955120717	-0.666568991876432	-0.21049868419850087	0.3184654081533411	-0.44507202887003366	-1.308210560084287	0.014287441025700152	-0.13889487585174798	1.1541127736639405	-0.4443535319395261	-0.9634595668678718	-0.31378317325165944	0.42091235960851703	0.5179735959731973	0.5102106778484473	0.8093608379696252	-0.25588126357818575	1.0943597831567968	0.5281467268901208	0.15506726800003734	-0.1282997192662997	-1.1891384790005464	0.132213814162714	-0.005182400156095841	0.14956141650713095	0.32134558793559254	-0.07747116643839945	-0.013962762175592943	0.3376217246863547	-0.5099393116225938	-0.1427715077798904	0.041760993344853024	-0.19085792342042152	-0.751373820779149	0.4759639300463127	0.12506505094728657	-0.7424533782079826	-0.37426446256682233	0.22614503829372673	0.03182983090526869	-0.017207434746472357	0.11158340874752852	-0.18807868486329457	-0.9853755736272484	0.2945556643271944	0.8019110627068019	-0.3399290455888603	-0.4029107615451905	0.1940865919260352	-0.23028314493902652	0.5068391748289809	0.13311025557279937	-0.29674739350493523	-0.20997623708182145	0.9171179686210105	0.0898529298861307	0.2510512897106684	-0.230490549649476	-0.17905214671084038
DTXSID5020310	-1.1265716054489063	-2.9158659035993075	1.117486348499226	-1.9654899384498365	-0.46305427961089113	-1.58547193428514	-2.404976581318084	-1.339791607004787	-0.6227514303696418	1.348776612355923	-0.6361373965137767	-0.05058417769729116	-0.4037163387991463	-0.890674262221985	-1.0528143595952808	-0.3870508025058021	-0.3775505340294632	-0.20229417057010732	0.4836075539677686	0.664022929882535	0.34731989013323844	0.3149160680002654	0.19124420281924848	-0.33329464658397856	-0.5360739318849952	-0.4553894665787457	-0.2094939750693168	0.7910393154402632	0.24127381003816417	0.6137715170464806	0.494429351393603	-0.39573403057234613	0.23748857843714785	0.01015625474049982	0.14628955787568912	-0.04408382321785844	-0.29150180181945734	-0.15860963047632592	0.5044097803601597	0.658429567078594	0.7656432596668827	0.42536609441045437	-0.6395320789023253	0.00943398065348144	-0.06817913519132655	-0.0221011629441869	-0.14544817840924593	-0.8475328782014567	0.03742146644500867	-0.120280588309851	-0.7697912412190573	0.7059383743721701	0.38786199062331994	0.3925574535589945	0.6967320393941836	0.1005140374909246	0.029953333795642655	0.8732944900432809	-1.6263866093649737	0.1910787946900646	0.3275061501592119	0.8581094765462004	0.10905703354560418	-0.8424466636732686	0.63605831175063	0.02915312167923777	1.0138028124236034	-0.0819368957368532	0.049612810575162404	0.4923179772859502	-0.7133526343245243	0.6311511172069522	0.09731764021593318	0.8036394455887544	-0.6032584871735089	0.7281181864256597	0.4800323433010678	-0.9774315638773613	0.3066056307858697	0.25460492356553666	0.6363221604191553	-0.02818798437498151	-0.5606808092978317	-0.9241735045915895	-0.15899368064792468	0.586391876425556	0.03678825331354281	-0.7886282348562437	-0.7832880786632644	0.3330735977481788	-0.05778275612612108	-0.1677568089348997	0.1949433014534192	0.7065997003484565	-0.6358609526168001	-0.5409339585166032	-0.4311026463208721	0.5346691887396975	-0.4205853663009947	0.1137072505242086
DTXSID3040691	0.8728188939303138	1.9107838413769385	0.934489950811121	0.0941450632331908	0.2502757885130984	-0.47619720862200815	3.4252552778124796	1.7421038828112894	-0.6180228577173762	-1.1723486704520578	0.5186314628458338	-0.8478989478673967	-2.0869645559491086	-0.208675247741185	1.6534780665985407	0.5774280633608081	-4.610427859936281	-0.46379136454227443	-1.47993165147834	-0.12286687383786307	1.5558229879802132	0.19413484451228208	-0.37206495282735386	1.2600145670779181	2.204191491645147	4.713140663700872	1.1555424974854496	-2.5904353917351957	1.483763992591456	0.4177653399990754	-1.8130063221531796	-1.8958497116358388	-0.2893767890856279	-1.3357164697135597	2.01796381561466	-1.700133007299678	-0.3504027425481984	-0.11391005090579957	-1.1718826355830765	0.09046131118115532	1.0236466818014622	-1.5325112413775202	0.08545518617290507	0.011753319330402133	1.6416951844443892	-1.2306633540565475	-1.6440136312469276	-0.5600228770586269	-1.9902015909134585	-1.2488296956035598	-2.1037208128195353	1.9062057320056616	0.37223232786091187	0.49171360660604196	1.937951999026643	0.012828121349446279	-2.5715153931077284	-0.35196086164773643	0.9843157570680471	-3.4785824602685844	1.3533178410567013	-1.1044105699603672	1.4739282292181	0.4653836606697303	0.3477628221430107	0.17054109771137443	-0.36868667852347803	0.6658865408602529	0.5188790943793018	0.6217059575690709	0.07269031671431085	-0.3940748569616476	-0.5607996658019958	0.08429044216957544	1.408737708135261	0.7472799272740627	0.06267630652042429	-1.543070802381102	-0.7947039366935357	-1.3821236507565984	-0.5835624506107912	-0.6855377641384436	1.0935137738264162	0.8573498029237119	-0.16311131415421012	0.554721326238191	-0.4046454548244836	-0.6213281608779513	-0.06901680408054421	0.7240044009576625	-0.24684992778078266	-1.1727493913192473	0.07045817015852007	0.48168706101926817	-1.3314762087253644	-0.2988493321842163	0.4811825377958215	-0.4324032952998176	-0.8643052199331405	-0.17049762411756933
DTXSID7023019	-3.6178052957909057	3.0004394153451646	-4.9975148070636735	2.2289251415488596	-3.5879998824361934	3.2259707257233345	3.4589301874508727	-1.6315201952207354	-1.619465858028025	-1.3009403399814503	0.4008849863481505	-1.4456330892713247	0.5564674126128161	-0.07331593500115156	-0.5719089619438178	1.4087849640420367	-1.355574506459891	-0.008712303776875124	-0.27841218001416723	0.7109021640193215	-1.155747999717857	-1.2678700795457536	-0.10863737698505059	-1.4914010416763768	-0.8464545044767819	-2.02643145273982	0.8988498343370754	-0.8084185900308078	-0.323475349252513	-0.2270526090262033	0.7276801285213496	-1.1261716116688825	-0.8549013107396598	-1.0935046176339707	0.11802274188387933	0.23615550769539773	0.6962503626264261	0.4715444541117827	0.07258283145182193	0.13416246424881262	-0.555053006815312	0.3977979622952015	0.35759255284700386	0.15383484549720305	-0.6091337042554392	-0.9648262660520117	-0.9619742746974559	0.8584549397024313	1.331741588056684	-0.766388582841465	-0.4908172065820645	-0.452613135425868	-0.9005214723848506	0.4528116290758623	-1.2872104712911494	-0.14631316462891863	-1.2044215620863594	0.006593041768849351	0.24586947706665058	-0.3574903105737733	0.8544116277051998	-0.4118573382697221	-0.6650778273803097	0.4114515874301169	-0.5441411603029669	0.7760972033896133	-0.42003235247751963	-0.4372118366414377	0.7572078932788446	-0.7602456732302781	0.42325438897935225	0.7101030905265564	-0.17772544831939044	0.33248669322620217	-0.08922924679838086	-0.4312855226589319	-0.4123393310431999	-0.05176797025983853	-1.3858069273772988	0.43961661158660376	1.7881670209052372	-0.9255261186096014	-0.541060691632403	-0.509678202859185	0.6023751487127353	-0.4492689421281752	0.30559692633974306	-0.2056067058126145	0.47518884040942666	-0.8608836466352695	0.7397554488104718	-0.23961954220909085	-0.13284956201917256	-0.1759443631687056	-0.4168939406404642	0.4289379099310868	0.18955383021683492	-0.03510697346421799	0.2696025408190072	0.2457527006599509
DTXSID5024554	-0.5254867118711392	-3.643313319195286	2.3244518822131752	0.4105072229665151	0.3006994364068356	0.46490200005700394	0.6087924292297396	0.9394640226054538	2.2116928009880095	0.5008423571677458	3.2760023957228164	1.3312781372478686	0.7309803933156904	-0.5617980351225439	0.7994830982242978	0.6875679129761244	1.9757138119957496	-2.926872115469807	0.3240743429444121	-0.4175230234972435	2.107758127912929	0.28817397478459017	2.382048528030774	0.6228938742857472	-0.7935097981819079	0.5235791879656055	-0.883309304661047	3.488210600752802	2.0003614036409676	-0.8359114503741185	3.7268425635660387	0.8802307603332571	1.0302766310006544	-1.0038637952622307	1.555703524468801	-1.3181536356274206	0.06442868741169645	0.47213413247282066	0.9084282690189536	0.38724884025102096	0.22759135007246528	2.1791165000861845	-1.0115150596755627	0.06203961151167546	0.15085639232356063	-0.6543892990481522	-0.7328137148693239	0.6098285727435334	-0.2715374822310848	-1.8668232146586856	0.3836171622111961	1.1139057915197552	-0.27415805457267445	-0.8599738366623304	-0.4116020706941514	-0.8618226541244706	-0.49094898984365565	1.155625141598952	-0.013997638642865705	-0.3657265167290676	-0.3927692192654714	-1.090075183873514	-1.3439124992657545	1.3628718516398555	-0.5141040819528038	-0.3252918360371075	-0.6319930646066689	1.038151396307098	1.127789000111499	-0.27405807699420526	0.01814167466278602	-0.5523607226219353	0.7600541822010471	0.22592431384812064	-0.5533892072488591	-0.33915570130008815	-0.08500888384618575	1.003803427899918	0.008160058798966134	-0.7493677812053209	0.008834718895870713	0.4436652444801682	0.2953698199446229	-0.38655373013746885	0.07967433340946214	-0.47721501667966787	0.5279204369464279	0.48207085640557806	0.14194230691697354	-0.5689771311723688	-0.2948824706078575	0.7206266777351947	-0.26064050292378527	0.5916727450438882	0.09248350268516367	-0.3091140460995009	0.8336250640369726	-0.5787420670019272	-0.14454837213533991	0.059943622759149086
DTXSID6044802	8.474695966248389	0.9224948809135052	-5.147307591160776	-2.7097496462365487	10.34787078708312	2.7842697436907224	0.4995477284589715	-2.420063986147993	2.661569042101557	-0.6608836695024964	2.9937764889828147	1.783972400665963	-2.5463656570909055	1.3742106940922478	0.30962043041080684	1.5377530711788878	1.6260321312729535	1.5269440685020745	-1.5942837944410508	0.26634630616924254	-0.8046195736235096	1.1463817378525043	-0.9689805452456921	-0.5620974387810901	3.340770940036479	-0.2222105175801827	-0.012733929202310649	1.4192082026018662	-1.3847159412928158	-0.9952975300752048	-0.10321209910571555	-0.5924281104998899	1.9537416250124409	2.892398716330223	0.7671598854686903	-1.3711763393450385	0.5189113332870287	0.7087052967394911	-0.8372826447251558	0.0022509769205177324	0.2829201863358248	-0.46734306227812455	-0.1766259608987198	-1.98327851429884	0.8071039948360886	-0.3087678112845092	-1.2309954031799497	0.19024464414762973	0.214477489982693	-0.5618715685914221	-0.3190673775809795	-0.5058101948949593	-0.519124800398081	-1.5585999601189826	-1.0610856653833565	1.2566417806931236	0.08127676739992692	8.618437167292268e-05	0.5757868190545862	-0.08987215078835649	1.582045589198131	-1.4798439609023464	-0.4490545642256303	-2.1683406038163224	1.0278363720542094	-1.120154703782815	-0.5585190934100518	-0.16703494316712625	0.4297972677703571	-0.1805685205468184	-0.14621600940984592	-0.9686328621761614	-0.003331608501472357	0.7143395597858597	0.03536819190622495	1.5277794448519717	-0.8378461103302185	1.0217592530101125	1.0710991969791948	-0.18847797963105917	0.11573258629212074	-0.8701979279957606	-1.3760657358901032	-0.5492144220213947	0.4778673081794301	-0.041775577631855416	-0.4266924852401737	0.2417194161002851	-0.7229173267704874	-0.19829100727319834	-0.3406870997209159	0.891703995944147	-0.054707391175336795	0.38757168784949	-0.3373289944357735	-1.0610391648839423	0.9501253688584891	-0.4803658335618513	0.5430116201827928	0.4591612965440379
DTXSID5041190	-4.898647434823295	5.114183125775053	-1.1716781631180582	0.053277599324733874	-0.777405628019639	0.812741774681087	0.7368833826787488	-1.792153709742151	1.3177922647705662	-1.166999411943075	0.2465596957568831	0.21432336565845328	1.4181844147763516	1.2058736323775094	1.3152294010952046	-1.0030418556667484	-1.1374944103999087	1.1924870850054414	1.6799412190309706	0.3249686480170948	-0.24675487530141998	0.8997966887307992	-2.329818409648529	-0.006391868696160375	1.1345054263081091	0.08145831902004053	0.6751543919678568	0.8714196068633501	-0.7455383957287279	3.872910033077669	2.074638213730736	3.4865297368778063	1.959437515546059	-3.3324215764007667	0.24560305375419442	-3.3657897208927414	0.4176691105408143	-3.807857174051406	-3.8903933831117836	-2.0719785718203156	-2.272480126503594	2.9361539226523066	2.2598609478162754	-2.6878986617979015	-1.8144521372737907	3.1557380165707563	-3.5194437491649095	-1.507267951486432	1.688543867704216	2.01952305191257	-0.9295503890717911	1.1161823158640498	0.12406511117892434	1.7689418510685384	-0.4034929143565188	0.9669551418489308	0.7996903656746416	-1.1309919855751813	0.30872628472368385	-1.1396364567399926	-1.2481251684167431	0.3212322703560899	0.24313720093718297	0.4413207609127619	-0.338826624731727	0.48365916339567505	0.19161438105356923	-0.07207240242711513	-0.1025394225869655	-0.1718184911473309	-0.14141224362694987	-0.3555402338778406	-0.2188281292933139	0.20265799469216708	0.18629072688158468	-0.2931970089278438	0.3394370572667395	-0.2118936293848819	-0.3859824990523125	0.09064497610557218	-0.2943553871234977	-0.5810999742126465	-0.02988461429471643	-0.18396073851748543	-0.4582135556937137	0.10986775485270456	0.2884140110623217	0.047610243851715216	0.20362799756734248	0.6369935623334755	0.10220078189572954	0.06211193333723865	0.10348457153505221	-0.19575137434145987	-0.17783936843009815	-0.24705661602204795	0.29576376619893135	0.124861865369634	-0.6866690101168916	0.23847167471852068
DTXSID6048705	15.048634869452192	-2.43833560303199	-1.0537008377955748	2.1196858011259607	-0.5666634165059238	2.9427361654006803	3.002709497473728	-1.706760419326333	-1.4277685237646807	-3.9021122921600173	-0.03768749853744916	-4.008773501265166	0.7259489698072471	4.072332604071	-1.4618027021932494	-0.7695665089234944	-4.280759275129488	-1.4987695467120274	1.1232428411949762	0.3750952777235354	-0.8780405418613719	0.06327032547169235	0.8141815502745733	-1.1380569442251536	0.5318075614365706	0.534050017607292	-3.082616485612535	-0.44516004146309396	0.8053214648682955	-1.5387448678007574	0.606352357784582	-2.7941200875261196	-1.7180302529212261	-0.37965299286243004	-1.2977693088077535	0.17225533162311304	1.8411855077875037	-0.5810644224276567	0.9269778004526562	0.1867640179288588	-1.1661312511222055	1.6760751874336388	0.21532193323910062	-0.4156708719467767	-0.8157200224425933	-0.6663769813392892	0.37751011367510046	-1.8416051485844576	1.3453758816381234	0.7420966730451758	-0.9878808501658869	3.498553863408987	-0.7761340826387626	0.33860087594727983	-1.8054099335146339	1.6071689422342537	0.33934392493117616	1.858250099750237	-0.0877214252263753	1.1464177652509069	0.5382265642165478	-0.035667096508907835	-2.2010857552409595	-0.023629436512208696	-2.355378449736469	0.026905917252817376	0.07738262675411131	-0.7083610463926099	0.9205486921606479	-2.478617783459136	2.8556382893396854	1.4091190881853783	-1.9947200002354175	-1.7363076473686552	-1.3486976615693342	-2.748673054196202	-0.032464600626308106	2.0119123571095368	-0.6252006591955191	0.45652599328072957	1.981637123085053	0.4150795143921944	-1.3954599750101992	-1.4886875254824594	0.7337871322282534	0.7799201366250614	0.07834232822269273	-0.9203040764057928	-0.2552917716574886	-0.29538875117459285	1.2544897079519806	0.8217789126197066	-1.0133439473015815	0.646857686908712	-0.25376475002088505	-0.03312752673181468	0.8989580996988257	2.347503327098162	1.0536882836702066	-0.9471330472817561
DTXSID9024980	-5.202351588013277	-1.0678682761454694	-0.8299799288675048	1.275658526394417	-0.3424005595382164	-1.6482517642803907	-0.999236729842244	-2.336987344683503	-2.106131229297931	-1.1052843000668429	-1.7726584825498162	-2.3489886853728814	0.7516769168090816	4.844845490256143	-1.0499292988565319	-0.7956610165912036	0.14590486975646605	0.05963021686475108	3.029245997043067	1.280477196549301	1.28417746465019	0.7786879675488861	1.4584516548599256	0.5800172135042276	-1.1880859014813185	0.3518296289882224	-0.7716501101140961	2.5641722844634556	2.074925517243498	-0.8349252622162882	0.8082073081081544	0.3991098999856098	-2.0358761456571473	3.49942522119403	2.1449644153924834	0.5241669520777621	6.007576205845825	-1.2473325524286292	-2.532152957334671	-0.9025368477018079	-0.7217062061001438	-2.847189515537697	-0.03308937635124626	3.848724506684991	-1.0561357473017365	0.7068412525595337	-1.8839366221592455	1.00387948049168	1.820446570810658	-2.043769006279636	1.3216355777210493	-0.6681834340700025	-1.969583200757638	3.1335750741887236	3.171578333501885	-1.9610039231491239	1.2705036207909508	-1.1805849431858881	-0.050907106220882035	0.12320815488919651	0.11553893727003776	1.5054312248978312	1.6061976557679127	-1.147370150928727	1.332013213714155	0.41046442730487354	0.8695326602941235	-1.0896215720992646	-1.1370953718647208	0.7939383829464884	-0.8033976596801717	0.2140701892055592	-0.22386854814313342	0.11057552971698259	0.65662713844809	0.6691169496415671	-0.7763842063097911	-0.1871292356223618	0.03427792848507767	0.35908408340516534	-0.2099751328220558	-0.5487876419366227	-0.07719806788847748	0.3139381416960237	-0.06229642190573333	0.8688836999986955	0.7913662014295335	-0.4159612483657303	0.10913404038883352	-0.10534102811753386	-0.43719280690567347	-0.37827526626077235	-0.10339654296106876	0.5260621495049622	-0.7003628961057159	0.7100948789431643	0.6695172759535429	0.4051268782507939	-0.175507909531283	-0.2356522647681217
DTXSID2047353	20.27687221264811	-2.952792102930793	-2.743788434682401	-7.824510230976816	0.15119993160883108	7.353647771957535	9.717587712517368	2.274522990727299	-4.532139551794029	4.3853899745535925	-1.2490760790828195	-6.870050896096644	-0.07532403968317215	2.487891759060388	-1.2652299841828987	6.463733010609065	-2.755340252290921	-9.061182925820727	-1.486858009920716	-3.5952895632238833	-8.405181453134265	1.4673295355485247	3.138654566570838	4.155058951359863	-1.0280604920569307	2.745361250122626	1.4262668676523993	0.5707115995674875	-6.292096271544648	-0.8174801956385163	3.8195217384451685	5.253959050284874	2.09149998248234	2.2834408736799365	0.16014714454335305	0.6360369764926839	0.7298415278084424	1.3453091754357254	-1.0982446158488075	2.208783006538409	-2.4637027211030347	-1.5891142742357536	-0.5535353733519274	-1.7106364078669256	-1.877127729110091	2.959099721412596	3.0858318981612114	-0.07907303053156571	-0.1764066032432458	2.5023666127866235	-0.533834958825746	0.5574052526030228	2.604802203408046	5.3326850203919	-1.3109865086664374	-0.012744787430112578	-1.1943478897258082	1.2362013611762845	-3.382101516487618	3.175649163561528	1.981029418803089	0.5332590785184883	-0.5921908859750522	-2.1071887572463446	0.5465243463422653	-0.30989428635553407	-4.077399184047118	0.1821848231071166	-1.8092199529960442	3.014664856371022	0.5988473311651012	0.9280750003039888	-0.7434178924003947	-0.2855331411762058	0.0035505172410760576	1.5360271234841114	-1.0340627338402966	-0.2126742480962514	1.0977094477179241	-0.31154887645151225	0.04998922644543353	1.5893443112178456	0.5487378403747726	1.267694038442677	-1.199372080947294	0.6524767380994014	-1.0339068668380778	0.4189851715291334	-1.4404723264812693	0.5162643751789106	-0.8338510245468762	-0.9165367684831274	-0.5094883550948237	-1.3854364200752078	1.0683279504626413	-0.5480487887838944	0.31206070434243377	0.24319995912872175	-1.1008748477495367	-0.888167118196341
DTXSID4057847	9.007213458709531	1.9419274655296206	-0.8998899684827009	2.2647381869437604	1.7037673317329571	0.048008145591099935	-3.566302895530463	-0.34265306145194085	1.334914503809354	-3.3739972827209783	-0.5664298824454279	-2.355564581199018	-0.9838090006784957	1.6720226249504797	0.3328016881021228	-2.130645303102474	-3.513276396346237	-0.696810141360437	2.641678777917315	1.2808863267931692	-0.4779520509873963	0.05220702211568582	-0.17002152595966144	-0.528283566547479	-0.12973121613119654	-0.6701906227028452	1.6475007078750625	0.8084337311773216	1.664694091320869	-1.5191859469094244	0.7437227171400158	-0.688341241123583	-1.3948793091594245	-0.9768564669367181	1.012729934551311	1.5658141719871994	0.6305534503005088	2.0659322597277128	-1.274277328731205	-0.25531289101473764	0.6957861542502033	0.22959328679941418	-0.2043766950537292	0.5349684319868971	0.6159918246862163	-0.2429637297532458	0.8500873038656812	-1.9591199839659676	1.3818566297231893	0.748666656203699	-1.6701028894138235	-1.3131275258560196	0.40258632438725817	-0.08208667177907344	0.5087663483156475	1.7023488695731233	1.0535388111650708	-1.4427033884028804	-2.2613829441316917	-0.5846149228161008	0.17284609521716887	-0.06237042759350674	-1.3733010101622027	0.44739728770514203	-1.032275449213925	-0.6069449134683611	-0.4123648684343691	0.6133153021045572	-1.034373526997417	1.5223497188881552	-0.851901164279097	-1.056380394073243	-0.41183080490215035	-0.1139214932359311	-1.5369486673099308	-0.6518963488690722	3.8114833049401438	-1.4617740677139146	-0.2766689856320773	1.4212693769944025	-0.16943259352336626	-0.18800580399848968	-0.2697614782387438	-1.632010402420593	1.168053613944344	-0.01843720056326115	-0.7705448048594031	0.9164493320033746	-1.5984637621987932	0.791182373279896	0.2560849352511317	0.04927226603995964	-0.11334261934769185	0.4456866627436761	0.9024290019046095	-0.12730400014304133	-0.5329612318066275	0.19585744442554806	0.308538893150931	0.7704511053658207
DTXSID0047618	-6.393836412628874	3.8685562340491266	-3.7031392586949825	1.465722491003464	-2.1653981586196536	0.5320400475697022	3.2735971550173124	-2.0731462876516304	0.3376704610183975	0.5362051735045765	1.777550253174787	0.06902904624448208	0.9053369910781561	1.5403655412310282	-0.31480826841989806	0.8114646136523517	-1.482275291697582	-0.3739936919729892	1.6795582336552934	2.582837526953745	-2.6910488082882815	2.2617276396634214	0.6832830633999522	-1.311458048193823	1.3628221697662681	-0.43387801619374927	-0.6771799804075985	-0.8474014070632614	-0.33879729399483194	-0.7276194656529604	-0.22169185306723427	-2.838278904522575	-1.9042628086543592	-1.5728622462439488	1.1474021588966021	-2.505133466129091	1.0685370634913471	0.4638526161796268	4.1878225372627265	1.6514861541623687	-4.340267720544247	1.2839316297789645	-1.4078486608034533	0.7518470850849704	1.5145346018344308	4.152915666998372	0.49265670796122074	-0.9522810780741328	-0.7125687647549002	0.5710655008697937	-0.030166262657157765	-1.5000121197933856	-0.7697990851481207	-1.1214229733175232	-0.7100164219439783	-1.4200743480829667	1.092413511206167	-1.5940073127626355	-0.3043258086116035	-0.45043616643296197	-0.7127469341359122	-0.5421925239820257	0.9451166884146787	-0.35045111514806404	0.6803208585247034	-0.5240142557775127	-0.2899840293952274	0.29202627763006994	-0.31550802787579085	1.2611994879223327	-0.7486114880282428	-0.06019914738795226	-0.8215993209010467	-1.1554240917367213	-0.4633316041694772	0.6267769346875229	-0.2664824444383264	0.41015137452438577	-0.9041208285315564	0.22033009286177418	0.46422267981042337	-0.46198710554019357	0.4052465256125863	0.3854155180515794	0.41061016564728386	-0.19663750638491123	0.22223390445543462	0.2346796153560726	-0.20382350512471395	0.05029182861026903	0.4904216230632478	0.8281180882618344	0.17988464961597894	0.1582674668006641	0.2513786729036959	0.5343338064830031	0.1542410115992044	-0.16073661686922613	0.024222067788214417	-0.18837035314534453
DTXSID4047042	-1.3626140169182255	5.865684836072556	-0.4189271119056051	-0.7582822049386179	-0.38755089465430836	0.3809173623118399	-0.06470457895175126	-1.6061759505766204	1.1171614428570371	-0.6326079884508692	0.6627977155436304	0.1825088113418729	1.467439835452927	1.2739964783624138	0.7458411130766812	-0.3080882601915367	-1.205087159631764	1.7049628754203994	-0.05134437335337485	0.48375560474193147	-0.19834810261915214	-0.7257217795503648	-1.2653001190770585	0.13407732468336336	-0.9234223841264242	0.01801272124695201	1.3894683445088074	0.12034675792143532	0.09106867179636675	2.161269684530883	0.7325739550738164	1.5462687245876074	-0.5457270419857477	-1.1473597093700711	0.2477397572163894	0.29488085374856793	0.14930451412737517	-0.9153847849099744	0.8691283415218187	0.3982459869212372	-0.7881461799588884	-0.671862351232895	0.2626267278300761	0.5337449474040181	0.03513000079672568	-0.5821285002714671	1.0705957218867261	0.9746369570103028	-0.43946023719326166	-1.3183151917920675	0.7933551741499673	0.4759940027551136	0.7075611071829098	-1.1769629487799242	5.009573373399309e-05	-0.6145202482122846	-0.301936606711332	0.3494518768771385	0.8258193453468108	0.11706069129540311	0.22214478947027963	-0.3733636298377348	-0.19680768408119811	0.8569063313120954	0.4760075771517531	-0.11308489169818704	0.14278531717841794	0.05869815147699418	-0.3167090572492168	0.7008228417357223	0.4272000001296008	-0.6753275356304439	-0.08886957468546186	-0.2942057837114983	-0.757794007750286	-0.3132188645709254	-0.33449870333865506	0.2740710107508273	-0.5541212962476917	0.004270588384975358	-0.3046869389753794	-0.16372115555685798	-0.31796111208523414	-0.1103582724977075	-0.31297493675857163	-0.022757150537940984	0.3259772586302953	-0.15310107701425235	-0.6479991066340207	0.1873400692827434	0.24043626656064235	-0.2569940155412852	0.33211333226236994	-0.23803920188313657	-0.35954089932841266	0.5871277702974574	0.23932464511747306	-0.18854992382600455	-0.37994777886171993	-0.3366933609256366
DTXSID5022308	0.3987454633795159	-4.000204806020471	5.3798754718529604	5.739399789628091	-0.31677920472687093	-4.415793142155595	2.1905824434371777	-0.6150345398075978	-1.1457059268804075	-0.6925880158450749	0.9971268336563976	-1.3520942318236784	-1.7668566704158306	-2.248501371409981	0.09335534675079445	0.8348285999912498	1.3512916512941677	-1.236083322400694	-0.7760989152927685	0.373893217166652	-0.24473762705376895	-0.4520374726459588	-0.9055918440602937	-0.6193922766068758	1.954166887554008	-1.2656391897364105	1.5429864946965364	-0.023386100896751246	-0.6916267466068422	-0.6189083159625652	-0.40226744214252375	-0.03548313696265264	0.5998119227065221	-1.1219906867370395	-0.9389502745965387	-0.15648060834374572	0.3595742401467686	-1.65315225544307	-0.08399409639169164	0.31958106213442405	-0.3509753225163425	-0.2642541793661647	0.5950801105122068	0.5748497264972321	-0.6491926421910772	-0.7825603612985975	-0.25119656617337055	-0.6164372418750197	-0.2011509331004784	0.3919843095796279	-0.45735602624858573	-0.06340848416750118	0.44752610826190514	-0.4957578283309437	-0.7060021127726634	-0.33606250450256214	-1.3207489834967752	-0.6234981400865542	-0.4336204592669286	0.8339048319991484	0.10389002819198001	-1.2726235544287188	-0.08622032023383817	-1.6473229133321758	0.36747539753921676	0.5201717496123721	-0.2846277349921014	0.3253085720390259	0.3126673738411382	-0.1532622695257666	1.310410813882658	-0.14294705290104984	-0.49281931105614507	-0.2787935917475407	0.24640790699163237	-0.31666708397328824	-0.06423014140364937	0.20915206083288565	0.3978712394982674	0.28571899840305626	-0.16242836819401202	-0.015154155784272944	0.2886225132996933	0.3201217834922153	-0.11173850841090181	-0.297854295103862	0.4502560284105834	-0.28448709295064734	-0.011726183255095	-0.14410851563493854	-0.29595554897798637	0.10533677040566487	-0.16659547596585395	0.2816273935906343	-0.000821807655178664	0.08714985525499333	-0.22996742773441955	0.11113274210734127	0.03222362087763711	0.009556258007546874
DTXSID2022967	1.8131713466651214	-0.11982315226465863	-4.646771125632087	4.268255463166782	-4.28687299572362	-4.25169907790575	2.282954887806153	2.659415207831782	-0.0018201013602993196	-4.185630739892472	-2.8413530599726236	2.424859162601478	1.1009099928591586	-1.3843092282321117	1.4135423064172576	0.8054587707533021	0.44803750161690814	2.961837624942068	2.490264250675173	0.07831245701890391	-8.369524040806715	-4.551508068920552	8.18983930547115	3.7537878060686065	4.43767260566191	0.24818174461965173	-2.2926978664347657	-1.0440545586980385	-0.2952191622989409	0.5733313770247749	0.5031791591901702	-1.7100798760387668	0.15704668384378684	-0.7690672090399716	0.5842914436874905	-0.3868017400178632	0.002173677655559068	0.9631058087535179	0.13810974619932764	-1.0115417111408274	0.9198699439122038	1.590322424708215	-0.03923647591322532	-0.4617586962552029	-0.23165804578877117	0.44019969192067004	-1.6665409035168486	2.1478685532802966	2.2215588646557625	-0.18406839496356556	-1.740935660988977	0.6191244038860287	-0.404216281694679	-0.72448413022039	0.08393703031813139	-1.8773865055604704	-0.3011516181478081	0.993953349028577	-0.08979078739552668	0.6869052508724571	0.5714026038179765	-0.2922131889811205	-0.6998423374251856	-0.9209215031186903	0.4284313490713191	0.5958522724073394	0.7212863648340777	-0.9524861543336659	1.5230824646488055	0.012550738507793886	0.5577056277400688	0.8145757419337568	-0.06345874730193304	0.2474145989901733	-0.7423390920554628	-0.5727355840613945	1.1832934405858297	0.6876533956749125	-0.3167314131536352	0.8749997155810472	-1.1649776960052756	-1.570955329031615	-0.551106484056127	0.04569090058431089	-0.6388525407724088	0.9890607437642345	0.43393426916800615	0.8733205148005826	-0.14302135939708155	-0.7859938011509086	1.390885507716978	0.8145958729743333	-0.5491882391030702	0.06266328257041869	0.6030745733084185	0.5590063173905438	0.08047846820239991	1.1791151125864194	-0.18799859953152706	0.15380458386257267
DTXSID5037527	0.601111663561795	-1.4524811901826624	-1.810417845159414	1.238260175248889	0.5033138494255924	2.1886825074716483	0.3194142626156493	-0.05037949883350428	1.040517011684573	-0.6607167933898772	3.9616362681587645	0.7283862461877108	-1.0308978061082508	0.06302930359809195	-0.09540445587454852	-0.2617012509341617	0.9731148249793187	0.2066647656524151	0.7430489933038763	-0.8974098221139565	0.06562871468968158	-0.6998390808853597	0.6832344820298498	-0.4112086325958638	-0.5795210476853477	1.4696928968006073	0.8241876161343491	0.9077222790888974	-0.013397451960904564	1.754972463945434	0.21228993794314063	-0.8325392416370277	0.4789700249085926	0.7202860345640677	0.43269890026061547	0.8645973482473859	0.24323498142558544	0.15229358977026614	0.48338207564743274	-0.840389785109915	0.6264920976987907	0.28896375856343093	-0.14853610316791183	-0.6438482274305549	0.517963137815881	0.054560166450585146	0.5972337648793992	-0.01784549485817524	0.32824116474465165	-1.2212271741009002	-0.049489386937467156	0.05329539251722667	-0.533513756742303	-1.143690646028581	-1.0231009521770738	0.26467797061555126	-0.164968535454444	-0.8979369482298399	0.42079541816193644	-0.47851384851572076	-0.6850671802968342	0.9403789136978157	-1.064469995038771	0.41985350925357445	0.5625924369112126	0.3721801105364637	1.1045601294763847	-0.7052180298516219	0.045091802531241156	0.48258493419560283	-1.1496214879360969	0.8530456195189128	-0.1444151402501682	-0.4613846655618143	0.46078816141071155	0.237607544145747	0.06554386805667832	-0.5429334633365573	0.5709964762188953	-0.4686954570977004	-0.3478232493776923	0.009886584539438945	0.21225912145636755	0.6374874843895577	-0.9783741150826307	0.5030810949900252	-0.454529767875176	-0.7129409411885719	-0.2587778811876536	0.23523215653041635	-0.6978040877329693	-0.08366771267754204	-0.601975354619309	-0.6575650570426461	0.3357003286576763	0.03969944040381103	-0.19291226422493207	-0.36579412285079776	0.20937303056936085	0.2413714103223262
DTXSID6024460	-3.9132024166902997	-2.438657559679336	3.4793257792141117	-0.26572143491761674	-0.6878897451182571	2.6295254953426324	-1.2711034307361941	2.574975693351599	1.1155948473146313	-0.540105434253076	-1.0555312197113376	2.5340071734690786	0.8321999910832505	-0.013913772917160908	-0.32146122549013995	0.7513016641550712	-1.0489079677437616	-0.7125907159151308	-0.6904265123527975	0.7907039956403832	0.6058918474459958	0.7722879668471372	-0.12770225964040666	0.8597664922265061	-0.4183660723225538	-0.19873907301324562	-0.773296223291345	3.069620773969131	2.123939058231315	-1.1097979754469203	1.886004873900223	1.006651284954749	0.5060937751804648	-1.598806369337554	0.5329709393867951	-1.7798814284525115	0.14765105566505543	2.9824737222676396	0.8999906575099748	0.7126582960717419	-0.16484758096844693	0.8688218541289984	-0.9276806619459061	-1.627593573200265	-0.03902609335068234	-0.6536147240250448	-0.5490244109188009	1.889582333899885	0.3226262359979913	-0.40227223849366467	0.9323673174003281	-0.6039723271811729	0.6887946921730114	0.6670844862300744	0.5933302338384814	-0.4986609765466227	-0.35391969609437096	-0.0280083541926313	-0.2394505701397741	-0.010334472773774648	-0.46114704143970564	-0.06962546097188478	0.09464774273687208	0.08534820348621737	-0.43429247956998607	0.4285027415891321	0.29337384260098504	-0.3875442070233264	0.3115242377523618	-0.46362236891630704	-0.010617996973810134	-0.26380903119262505	0.17181014343320744	-0.27224145028708685	0.07963611323766977	0.1441234321780847	-0.4285154561058455	0.20229706796798932	0.3999890601322867	-0.1283311438174836	0.1009315280204943	0.3536124380504576	0.35426542258704635	0.3703398535942706	0.29563798935610625	0.23931274088428234	0.5644540293995478	0.07213965545402627	0.2160921915398914	-0.12128096353868556	-0.27790279021672043	-0.0886019788218988	-0.044625231415242925	0.23059079486429532	-0.3669507826541751	0.10782667528739635	-0.012657307645921037	0.04670123342356214	0.21628858713455712	0.06224666102848007
DTXSID9025534	-4.500917899032962	4.306834985253525	-0.32732550579788405	-1.0488496287003004	-1.8574491439063154	-0.350873863746705	1.2325975807352438	0.6393944708291476	0.8259574946037751	-1.538824394925006	-0.3208803504577728	-0.22844163017048172	-1.2792624917199846	-1.8324459047226345	-0.16183497607924402	-3.656719019039786	-1.114439268008556	3.0761555286214515	1.988375279621173	-1.0902851847568626	1.2775112075474433	4.994046485927841	2.131739637648974	-0.6187756988287901	1.7235822775084322	-0.5973390822665335	1.6944464172205287	-1.812574155720361	-1.832983467414276	-1.0086943143684797	2.160793593374659	1.8959870188443289	-1.9373967866907336	-0.9706615659491238	-0.5863891293366265	1.1502491706856	1.222647574879646	-0.5483699782003525	0.7356713116258641	0.7975611107169629	-0.6474043053199167	0.9131447321654438	-0.1031508948573067	1.3194941225481909	0.2759403728514025	-0.3818962634492006	0.5321274562351963	1.0391597016177563	0.1221721636610691	-0.9716820200443895	-0.6437251221032178	0.18517666663558088	1.817962825071605	0.22191524602472085	-0.8189840741356601	0.07579596708135491	-0.9145870569696457	-0.767499882023536	0.9083807654393226	0.7877260295156646	-1.313313496416974	-2.018373053874483	-0.9542714045675688	-0.12397832242554144	0.8830073101364714	0.35317362654360474	-1.224610965576279	0.7308085534937487	-2.6142660613042676	-1.2752192381731204	0.06040184076394148	2.1619857813527212	4.202311623719947	-2.5174245029036904	2.8985783593452004	1.291315644570748	-1.9125293409714252	-1.826685745155453	-1.8702752339202222	-0.9187253795651775	-0.250549929433497	-0.1358153356845755	0.22665843516669118	-2.1241333540764105	0.9075832408694937	2.4553500226297476	0.9523678673429111	1.6778161803469474	0.43262054380126846	0.33697266389752223	0.38827187967720944	0.42219570449227195	0.05645722199527912	0.6057728677785751	-0.685496268734107	0.0946825613012908	0.1309838737204743	1.2932527710796315	0.4563935915645031	-0.3232331282229477
DTXSID8040222	10.135967514139494	-9.917051687420848	-8.749871833292731	2.8294170351676007	-2.8840738814456692	0.3895448104112642	-0.9836383759807269	3.104406364547214	0.800195300539515	-7.802618752410203	1.3107485266822168	3.131390629961269	-3.5715510457262614	-6.9811915724867	-1.3727411739907325	-2.3879679404153937	0.3915425218847973	-1.8737503834904328	1.847732978700579	0.44128085572061326	2.5339263668969356	4.432718294668987	1.494653728617456	-4.406482487919972	5.568423098958794	1.6732830828658707	6.482706775388748	-0.5950854176150258	-4.870523967012007	-2.1924692222637265	1.9435835383281765	5.603971267580039	-2.4078338573515627	-1.6832941353312914	-0.05346838140060009	2.7125000673614905	-0.4940969376512349	-0.8379356844644965	3.116998017088339	-0.16707519211453387	0.3858068872705768	2.1907123125479604	-0.8399473033395355	2.4168900318107833	-1.3471410995019495	-1.134739063971594	-1.1488248118203657	3.5138336769050222	-0.030293871176571893	-0.044358486422181674	2.922304180587245	1.0367497673702746	-4.9384022480406236	-0.6881674703154292	0.2921941165248118	-1.057585566517835	4.31301259874439	0.36864168826444355	-2.1513177232222	-1.7753527356378624	2.4831633303947758	4.833565737192626	0.955259656329837	2.1193825731419684	1.016841252063105	0.21832962064359523	-1.3364141083665868	-0.05709991939289755	2.6787734860926196	-0.7082035393801219	-1.20847591513015	-2.306387585603231	-5.798588631681271	2.9392329487816866	-5.408295938162025	-2.660646437889476	3.595944437800385	0.4723131172691665	1.3628014811689722	-0.8897438878182494	-0.9301552803186448	-1.902055651494072	0.29979776746717407	2.0374381423846812	-3.292059301438011	-2.267364570569706	-1.5175406423018238	-3.4030484882872	0.9276066040809879	-1.6448620459558831	0.7397842874304824	0.2332359047688175	-1.0042361313672996	-0.11395729944456562	0.9086247925784554	1.0765088762844257	-1.7418632393301534	-1.499530341163266	0.6056509447630002	-0.8639700121112159
DTXSID0027432	-7.8234825546297175	2.1413363367560754	-3.2121709460008057	0.4528816135143344	-0.6343337289515414	-1.456237375459722	1.6379800022843802	0.30749209204057903	0.8039773376589204	-0.6464662014091341	-0.2552036823881249	2.03307604925889	1.0817385293629656	1.4356819072746485	3.555125596013815	0.9918156875740952	-1.5664739390095048	-1.6823332640475552	-0.7360669907584008	-2.353322145637876	0.31310048215537234	1.016228693981518	1.2198321699888428	-1.598232058086776	-0.25370889321390905	-1.1182729973900303	0.298645062899671	1.014405579545687	-0.3760462612453763	-0.616979676985134	-0.44705532771970513	0.8502381400859005	-0.6133606277869383	1.337617972507121	0.31373824907176107	0.7635009731309771	-1.1570087129332498	0.3401536021255745	-0.7514676371287008	-0.5840910226044157	0.2062715838874021	-0.08997470496226342	0.030311954557452576	-0.8020737073563051	1.0690243382132831	0.6745399248040789	-0.38259866786704805	-0.2904876580296215	-1.0646150521358644	0.3164886077278188	1.491667785968233	-1.0954237595032672	-0.16553482334210506	0.30060700546927094	-1.055769924094397	-0.4464746710855829	-0.3119819906070082	-0.4878805574466348	0.8719121763539586	0.5043825023329968	-0.5459196344898664	0.40732181446041726	0.07540357242169707	0.2098682937749638	0.20695731862721475	0.04624284860559198	-0.02138187156951853	-0.2979792816595964	-0.1485519038032401	0.536694387487944	-0.8482906462250109	-0.26703553924254314	0.4138271129307111	-0.4610778875403592	1.0223718290881108	-0.426527828657497	-0.11201079813632214	0.800873070966224	-0.8604050173243386	0.31936541669276913	-0.1640514150766332	-0.3439215340207789	0.5492838002571084	0.2554780418931492	-0.1381952010651596	-0.7133440333273733	-0.10760766136173316	0.4241046749560474	-0.32102702687322104	-0.5188961715040826	0.22773582882212956	0.3585412508182815	0.093760902500486	0.33127837300848606	-0.2615007975033218	-0.11430489715001779	0.07485619987619384	-0.29637163263912586	-0.021796735676955906	0.2922040107533458
DTXSID1030606	-2.582856370599916	-0.6505839486934069	-6.396571383397913	4.662954788419502	-0.8493747006735071	0.6281192507279675	-1.2841307718870818	-0.7385857633840232	0.9498213358031763	-0.5926533391213655	1.7487290318960937	-0.7161031914003224	2.1818302010677755	-2.7525704767662784	0.3772366738401971	0.21968515209428893	-2.5478850415937484	-1.8431282645846232	2.5183521952142587	2.61800762630335	-1.7627250975104725	1.2874447883316915	-0.4193593309013458	-1.0729326042775886	2.3611326273432733	-1.7450982835979691	2.0230135790881083	-0.6493982853375146	2.237564158350686	-0.8539295145796697	0.9428834610586753	0.26437916539006145	-1.2922207574881228	-2.074386422404579	1.1304043876655248	0.9192928419147182	0.026451969843425918	0.08998311756556512	-0.6090984857068936	-1.86880361811987	0.8831497764380002	-0.02876721924435895	0.3859649662990112	1.4895873139202966	0.21601075696417849	-0.7154097612536049	1.631377481726127	-0.6451032044428233	0.44767403203877826	0.13970968459536903	-0.6264831689015521	-0.7256923732329462	0.200049045756919	0.27885927291802165	1.4358227731873028	1.0975550151771165	0.010755420099942962	-1.3566557955239544	-2.7039929503592868	0.4196401099499421	0.26016465582836756	0.7024082475741608	-1.7346629943384124	-0.8312437455942474	0.29970234696669157	-0.8175591760001055	-0.19989219673236522	-0.8567366682530538	-0.9998867545501186	1.7549185248102952	0.14490580265694944	-1.2637049188275946	-0.07951787313596304	-0.4446078421998803	-0.8158581088208986	-0.4013233671741089	3.1448405348211472	-2.3803640584197	0.46266948745108677	1.3925057238280996	-1.8740069340879968	-0.8917369968496783	-1.3250638827987449	-1.4540818765347259	1.2301345472207075	-0.0033813801491193916	-2.3595380471399814	0.2530619033775542	0.012073835582937491	0.5380381553590283	0.7881904350343304	-0.15636114988699576	0.3324765148826209	0.7594227416631155	0.9406036912288548	1.631595818416304	-0.7105003212985945	-0.4126165507192917	-0.32588196424758303	-0.1961604045503366
DTXSID5032361	-5.901895323043437	-0.13123625308330872	-4.40190518908569	2.1540040075374027	-3.5122150739294917	-0.7735050582864635	-1.7993331106619153	-0.24352750450982844	-1.3457065558456929	-0.5654809768384788	-1.905329501141474	2.1822587711387325	0.1099329329842274	2.478787207024812	3.7207280151750077	0.7991233697106692	-2.8831823744552483	-0.7336679284257265	-2.457515717794627	-3.4797758720569827	0.2392871778363402	1.1602398328518733	1.1736022408686861	-1.8611359135018402	-1.485264709593778	-3.124669413937346	0.4328896887564889	-1.0438304226686665	-1.2862731609953282	0.31597798703540875	-0.5368966730126683	-0.7683365760048806	1.7722686682009194	-0.5773886590845195	0.6511864805178724	-1.8220796450811916	0.8955047118630657	0.30390710784376973	-1.1805899236964992	-0.9068367306980682	-0.4110108049298552	0.17089399747505396	-0.3853670083468893	1.4333885360507457	-1.2395531118231786	-0.6788596460982315	2.556854201188784	-1.860499616185626	-0.1374564502211389	0.6028020118514897	2.068843585329641	0.8031912241530595	-0.39935219521103527	-1.120207680700346	2.439519288279245	1.502043461570412	0.6805593129807816	-0.9847143113445722	-0.5995273482213652	-0.07204170484205696	0.07134367963086935	-0.6070514896278133	-1.3661494365960503	0.921389287453296	0.8295514192723884	-0.7478922507858152	-0.35156271732973393	-0.3945470888778011	0.6326248875581776	-0.6917537075402271	-0.7975716901152332	-0.36064957408598575	0.6798979778320963	-0.10653247029951939	-0.02599311688145802	0.4484541485071667	-1.357221943777829	0.29770506326734875	0.7115519023883446	-0.0669654807005267	0.2607445799756439	0.04931416721332843	-0.3905157560842786	0.2621278656539001	-0.8332127263854692	-0.34046756360884667	-0.4219419842379415	0.8007864281993115	-0.5396225635871721	-0.27605686002295216	-0.09329816610486162	0.28342376501767114	-0.3913534254504087	0.21030478421509405	-0.16254894340020692	0.4234978059249233	-0.14278695085905838	-0.13002700360372269	0.0025895641264921964	-0.203721971646624
DTXSID4044379	-8.006478293430312	0.6233372592431041	-4.272030352680668	-0.44546657187595184	1.8086885595504076	-0.7624917250290504	-1.887383846999896	-0.841122551109318	-2.2131612547277406	2.567538143233298	-0.3499332992154574	0.35018587700274917	2.091339650171805	0.692691853966662	0.9736213160474998	-2.396148766954568	1.2619977822926491	-2.5526796983684905	0.2524827579838326	-0.052887404272394065	-0.21522409370625126	-0.20199394701815737	-0.058385241165289606	1.225625557701492	-0.4648991590557818	-1.090566818480924	0.423046563330855	0.26331399513959336	-0.34767240632212537	-2.9974535976957517	-2.0563112351832724	0.27024457319002626	-2.326310480041006	-0.5548799304655331	2.357307903609715	0.5793053196630875	-1.3798325800073008	-1.2047029471103445	-0.8662441464265901	-0.032267541911754995	0.5512246707963312	2.1368378315798724	0.0450628702067105	-0.0324784665241775	-0.25741610108140034	0.3317083343066515	0.5475419290359194	1.3756568347388582	-0.860837263147705	1.0081222335660764	-0.12879157418921122	1.0727257673939607	1.1531299302163545	0.030463717038085345	0.8062318146843366	-1.2865376797522126	0.12452196335692849	1.2184797627266137	0.01624106697010705	-0.5674364105046891	0.13601160305918278	-0.5667768511746986	-0.21547163658400995	1.1007610822569676	0.4028246238587179	1.4750547950381645	-1.2281174307934226	-2.981974761867923	0.3760035518202644	-0.40761920594270085	-0.6066671001672127	-0.17328887883697808	0.8101634887220898	-1.6682819488131602	-1.068805677347626	0.8127229157478266	-0.11325487052332078	1.4054070920906256	0.4377690469830786	0.5894180999685742	-0.700479297513778	-1.5235206364271143	0.4472087838631745	0.3317294365348841	0.5498081587978726	0.18859792354730645	-0.06727739196009926	0.9443073940915808	1.233719567266771	-0.5063611227111691	-2.7943972272684023	-0.9838193136639081	1.3980962881644565	-1.723252877380213	0.5951155274140417	-0.08978988202929943	2.7395442904885634	0.9716232459369406	0.9735630935947863	0.23454154140110564
DTXSID1027633	53463.29033503164	-18117.332513189427	-4704.934242886361	79756.92288958226	20874.113644745947	-18998.996475638054	145388.11203723887	26646.10712807523	-35184.454138503635	169882.56696209774	-55394.95200238454	146501.3359189538	35026.6126629545	-12571.37219986065	45358.32818867008	-75113.37812469501	-47799.10776205325	78687.59796365455	97469.05156120587	26430.94077507189	74389.47756600493	-36464.160878318085	-49109.55091466725	12237.01967498083	-28527.850080786346	-48860.184546756325	-24143.98188300094	25213.44873009051	5923.380038464709	21454.261408027425	6998.685417613834	33714.821053194486	-4865.477590522326	20234.819150916555	2985.8113624959124	41593.18254633986	-11267.96686638182	29074.215424387028	-23880.124559415453	8195.746222497914	-2169.3402339333047	5078.684349818958	-10375.929283958818	-8636.140268357434	-3440.3541462199555	-2822.1794090079143	5481.2448654840955	-19965.73514170407	-2731.5177707020225	13320.25415458645	-1853.6975015225971	-33139.90802529264	-29160.997151681782	-4450.37914094264	-7103.323231806166	-11409.352429538787	41565.289933322194	6655.742227675683	-61445.54002232997	-22283.49273902289	44536.757101758696	-42719.39782544992	23640.787935919427	5183.570961742299	-36252.20982041236	-116230.68538623655	-10266.754993504488	-46230.72984659743	-37153.11767687514	13809.541277822793	-40931.75069520295	-69617.34962905032	-13261.206549406117	-17343.00340553906	17463.136940571683	24726.72132803245	-71852.47292190904	6083.328326447665	4454.462654678305	-70316.14349678707	73946.93154636155	-65604.83773238084	93196.40018117879	-115009.72471183687	-89708.0208028582	92258.9992649682	-28532.37618403743	-40942.28063371931	-10998.398247120607	-27442.447096470558	9687.149892521831	-75342.87451541466	26394.676587549162	-22332.77713649987	3105.4391088979387	163912.36067368745	-16020.383646251823	-5383.812224555629	18247.2931923299	72339.8305862848
DTXSID3023556	1.4729650359485242	5.153044356907697	1.818060525060122	-2.101152815353633	2.8630739258202555	0.35743667083386127	-0.34995818718518484	-0.5755573060271234	0.6904299291178142	-1.0546844782939537	-1.6301692104448566	1.122369789747277	0.8285553973292312	0.6543875807582173	0.2655335619729127	-0.2709857265795556	-0.4732175601159069	1.8954546175496347	0.628414542281166	-0.6423927448396368	-0.06610220747130736	0.4640759653475835	-1.357351154184118	0.8326256994454888	-1.3080352284414452	1.2861113168276825	0.024140097863568306	0.15096187405585157	0.12509609752156486	4.185031024704687	1.2437638322805826	2.0003345252495195	-0.15102664647292063	-2.8184887807306795	0.6564961565124573	-0.5496806087857029	-1.1576339997117315	-1.91729925192049	0.2862124985479734	-1.2620694021832402	0.014219804886216993	-0.8407895477852165	-0.02313828893699342	1.2436895787048985	-0.0450259648114506	0.05970013577565285	1.5856258778701406	0.530265850454855	-0.6084362334899965	0.1530740209239252	0.8035886037612042	-1.776148125984628	-0.8823976812960374	-2.054243848821171	2.184230599231365	-2.646298926409282	-2.1009975515506065	1.940415024675296	0.8787208077202386	1.9721434715528758	1.8330259600230365	-0.3446196078407848	0.10943596961912037	-0.784996875000428	-0.42378841521030725	0.9600989507975194	1.4197447367780818	-0.40531252482571967	-0.1395957520752736	0.9642814597000804	0.5213326496991717	0.20436038456124175	-0.39001773347947105	-0.14435333165729172	0.25859068288727904	-0.6175345216494915	-0.3776401198846105	-0.7667795158689183	0.44985984609926744	-0.023376279153718087	-0.3435145366329054	-0.7566342710335144	-0.25316996185417723	0.045115412854404784	0.2408613234557625	-0.012333895333778993	-1.0174991062147283	0.26463016646684645	0.1312779374995023	-0.5862683847353685	0.35283755573501185	0.06072881002945353	-0.11020388123434338	-0.06919075940930702	0.1438149943571121	-0.5727907539856032	-0.4803310492687696	0.12439187143528993	0.10088803546042477	-0.36977608757466773
DTXSID5025863	-6.580458227929047	-0.013839666888897295	0.5536276473746632	1.2484809816826463	-0.756459933443455	1.7361570318898853	-0.3023405462442576	1.6174457043713588	1.4348086422595205	0.23747747009680792	2.052060646122849	1.4320648344958253	0.5097382850339105	0.8650413563778835	-0.045738554655606084	0.517999336671213	-0.4530852615840636	0.1654236422513287	1.6240119955960863	-1.0390633760430639	-0.286736954744618	0.39000395301633867	0.15850430176971841	-0.020777190021393204	-0.5712246594364949	0.08717192480201776	-0.611141747535803	-0.8776475560580628	-1.1269743975216486	0.8006658918803546	-0.5886842618397206	-0.18905778609111465	-1.351266568244337	-0.912541121732454	-0.7613379316595551	0.47047579062315936	0.6537932788879405	1.2243208930417593	-0.5324603005428711	-0.3753587485040679	0.6349716626904547	0.709905348814937	0.1372577005994737	-0.19219139204409644	0.037573015183064794	-0.054771538048449635	-0.24205188455162477	1.112371388316922	0.3999033284179192	-0.1543233286576482	-1.0839424977255225	-0.704021599132347	0.16527780751946616	-0.029652206605711	0.9285942823305979	0.6680580225864974	0.047195074569694954	-1.1881223132732572	0.4573699257782132	0.9460318914891399	-0.5715620742895833	0.23721463168076445	1.4532432680632776	-1.0608160325537677	-0.025468390128528914	-0.7512618075357561	-0.8768381411451627	0.3283268360796276	-0.6225619832988224	0.8208580451982204	0.03425170352658231	-0.3018113253787834	-0.9526164092026135	0.6189838708150092	0.40542754161931566	-0.04993909561267305	-0.7721195691514185	-0.09439644644375307	0.10265392112758642	0.7627328632560963	-0.4593128870078765	-0.07591514853507977	0.12395061937810083	-0.046567182007862896	-0.11043704172848522	-0.08334247479493659	0.1675767356732186	-0.29735237828040895	0.21643431069652527	-0.3655105070760905	-0.18984765417849037	0.24711973436599402	0.13528436870090857	-0.11718035437480326	0.042143505928672345	-0.31620116832217576	-0.1777261379009916	-0.4710367574247285	0.03722545161536744	0.38246808551635236
DTXSID7047439	-4.383049002886524	2.057203608912444	0.5553391103949648	-1.6984522751816329	1.269883973352673	0.7763578937524039	0.7066182731292057	-0.9890166618230705	0.8274825460166954	-0.2176453845584343	0.12516900374304296	0.6653759146131657	0.8655974662481611	0.035142171422530795	0.5536390373208958	-0.7870230099212778	-0.5728973100710802	0.07406482715635178	0.29002840090032306	0.018406280366624762	-0.5974086445495589	0.595249188659554	-0.30478509517410646	0.1659020413201715	-0.2228452492742242	0.45370456902396394	0.31239994818133915	-0.3638000462560829	-0.5131738623783336	0.5527766321548206	0.19230472058620338	0.2130196302948584	-0.026030467983174748	0.3262830103657867	0.23913315574316035	-0.1759311371332881	0.20481617280986777	0.9605188338607137	-0.03283391078141463	-0.006851130521938542	0.15066166928932412	-0.38208607489019913	-0.39614340217355604	-0.10145198372436712	0.6219796242154105	-0.2787863143574358	-0.38831151910170325	0.1947724954622335	0.36158009581005474	-0.2419247193779585	-0.11870453759173107	-0.8734927949650537	-0.28847729822888213	-0.30134360270058513	-0.08417716035460136	-0.1489938820164324	0.052129013116179186	-0.5742845239671571	-0.23987766737195443	-0.43838922985739864	0.04623616831613365	0.16837830017075645	0.14247696789084832	0.2888174240915408	-0.20424249168750333	-0.29814937372202055	0.43188707260183656	-0.2955448430768577	0.3934290037304121	-0.6673667712157119	0.21220167853017943	-0.30846162693149365	0.38538131430708644	0.9106553902273452	0.48444841774473896	0.5913639585856084	0.42267551631338235	-0.2440869989083467	0.06890235277385424	-0.14341765720665117	-0.3863976929960418	-0.5106004758781775	0.004516217268118255	-0.2412509276631067	0.23891059339931647	0.042507982043039	0.4370052706277836	0.24933586296137675	0.0705237648306667	0.10875944580452854	-0.36947326330685243	0.04139715921491399	-0.11657806543534588	-0.08581750037043794	-0.4400127367733846	0.1941642424114521	-0.11372356499832338	-0.06918892540587081	0.03785898113140631	0.34687989680567693
DTXSID5057626	7.727453591415529	1.9178954625841302	-0.9098444950299922	-4.373414650278506	1.251259973329732	3.4764635332753913	5.129904485427538	-0.37905280622642207	-2.0344562370637123	0.42268021322824256	-0.7007157961813089	-1.3703370715835288	-1.1581357793104414	0.09046493513042168	-0.5296810704298052	3.3889925594709185	-1.8867032645050479	-2.851363524997304	0.6455168271059469	1.8000786758138227	-3.8008200898250677	1.496106817034185	0.20441459029713932	0.17295393825292743	1.2557701007345397	0.49908991259698066	-2.028838896297517	-0.568744040617505	-0.6861900186030325	-0.7401586980772854	0.8508932609584364	-1.3818605379024005	-1.8339608780296839	-1.9819171848228925	0.6392489266160425	-2.239619826878766	0.7397553577711246	-0.47881986957788353	3.7338369348663494	1.8380024173513065	-4.496056699156422	0.580713013082202	-1.5971731992468179	1.6389651043552647	2.2803664381989233	4.568265863501116	2.5229091698499593	-2.0873400011368766	-1.7301865148718512	0.7659093414667885	0.4028385169857706	-1.4083269687783477	-0.8686125408273562	-0.8475579580090613	1.010564031005988	-0.9931766646911185	2.2333981469912896	-1.7141524121215916	0.34406820566519813	-0.780564134315709	-2.2964193571314255	0.830971024335634	0.4031911684951088	-2.972240476755015	-0.47620650380641405	0.7856133492376465	-0.5312717994568789	0.275222598269241	0.936627294235671	0.5959277947305699	-0.6990861246635236	1.8316705042939316	-0.8077036427595966	-0.12437030665845601	0.7487552962646613	0.5311698880130292	0.4250637593300767	-0.12908742533590503	-0.8311060846226695	-0.5581074360046187	-0.7452158786474011	0.28672126181809554	-0.7225447307365039	-0.5589304811825705	-1.8237860721100712	-0.9930621495743633	-0.29749502633036407	0.3182512065530167	0.29353118523934985	-0.274234322280945	-0.22576041958688986	-0.5039959219901206	0.9887840264836277	-0.5976382754166762	0.14196336583014388	0.5979800402073578	-0.15248706385189845	-0.15895452514769676	1.1765689110035122	-0.6374798956633
DTXSID4059833	1.0921665428067786	-7.488646736534299	-7.0080262637046715	7.018536387806622	1.5870356147193367	-1.285603582194787	-6.205469682431711	-8.511308165906195	-2.5457765586363723	-9.395728968357208	-9.706784167421818	7.0448953086091475	-1.3861972739192856	6.256876202403526	-0.8013358601816896	-4.596065363274336	-3.2571024386677516	-4.881353650660526	3.7375484232148968	4.948041866499712	-1.6776193118906964	-1.0744334749198632	-0.6631651804002258	-0.23537114113456128	-2.873170544961096	4.371836885550771	0.8707086067292455	2.5752454438727517	-3.0665086628562475	-3.4287588400979407	1.2385493073643128	-1.2492314105110425	-4.932281756253524	0.9786106841464526	-2.2834811033447315	1.5149155874396207	0.43808192388415135	2.4594513867067276	-2.6478190540819275	1.50912265053799	-1.5860266430892387	1.8611664742110792	-0.3095973944758288	-1.7135903111438224	0.4485737709199979	-0.34574571900321516	-0.9996307273863474	-0.7872569900937444	0.05470622084225682	-0.6719223813225111	-3.1465723150832043	-0.37563357727805197	1.078702406252574	0.31532523974279775	0.9269904802652418	-0.3319440513255159	0.34645572694692683	2.686239277680689	-2.3623667640730273	0.5480506319658109	-0.3537776827396805	-2.277717557645988	-1.6518175500393821	2.4928741105818384	-1.4901822962988263	1.2851176639843904	-1.0768375591246524	0.3974660054463442	-0.7082847543176202	1.4117730626992155	-0.435228958235549	0.4916914610988162	-4.408239612630357	-1.201019379546554	0.511013470025121	-1.462319302712805	1.8182818771678408	0.5564231329103645	2.089543504324741	0.21637485803993337	0.8650190450990102	2.171476345115142	2.1654586976254704	-1.6504695517170833	1.246874575691504	-1.3892214928021056	-2.3564323323717034	3.898120836370196	-0.665964891474079	0.10004416037305285	-2.795437555150426	3.9643528540210076	3.2291632190857116	1.6351190551289474	-5.024589311464232	0.6987724406351927	-2.432159681186602	-2.4161934652801853	3.398959798775261	-1.8901998567044975
DTXSID00379884	1.9848027885668824	-5.398999023933296	-7.545528193093291	-0.05360158414117426	-4.395147590442259	-1.205921195311429	-4.933259794810104	-7.064312621891594	-0.9667842171921109	-3.590034101040787	-5.735882076060516	12.143128992212679	-3.569949421411003	-4.050327826338201	1.9652967017565635	-1.7842037458511222	-2.0835611697401557	-8.636952795990638	2.6029255098849338	6.705491799436029	-5.118473286432151	1.7708562659657725	-1.7441073007294885	0.20422313753534227	-2.4521039518448453	5.95019050356235	-0.502718165741386	-0.8802737633067854	-2.1297441359598976	-0.9085992190373025	-0.13133689126247453	-1.1582108958333495	-3.151756560157152	3.700934139094728	-1.6528568163681385	-1.4423182024331214	3.249282166826097	-2.587886229700785	-4.86246605617299	10.538530277164208	0.8978700257376002	5.826029221667717	2.0759637753926867	-2.892001986395537	2.8745659175228138	-3.6061706410076906	5.155615963635588	2.3915317737837944	6.150513912802865	0.8034010156613167	-0.29847692090151773	-1.7275639445980404	-1.1649358266329883	-0.9060719564359379	-1.2571694215880662	-1.3432276585225436	-0.7249304047866307	2.04292206501109	1.4169080372439362	-2.2744574395092068	-1.28005509895103	0.22880952903621637	1.5022974057079626	1.146864086376954	1.583369731854838	3.811388660844948	-0.8627754628760748	2.2844020390845032	-0.8156911021269985	1.9896221096958628	-2.4958429736329153	-2.58363607160061	-0.1970445649610514	-2.5785314567774726	-1.2885933970587518	-1.5316147465686956	0.520059567282	-0.6151793894787002	1.223109643764896	0.45384344388443115	1.6537688586466426	-0.039822903807787816	0.2536039349064311	-0.6914203930619289	1.7588621990949078	-0.29481933567521273	-1.0015391808747787	0.5830540899091322	-0.8819040219155366	-0.23884999564451392	-0.4869547226321758	0.8404830189884224	0.31691246784210314	0.7255666239593362	-1.9162666896020126	0.49373201471939887	-1.9305840176911957	-2.2420826733026167	0.17423193838078363	-1.2247955293079238
DTXSID2049343	-5.700392055283567	0.9305301147402825	-2.29408947710901	-0.4861848171530638	-0.960794547433081	-1.6213727074797628	1.7634888055953777	1.6707291378086753	1.2787436227117501	-2.556591290915533	0.09066935699760638	0.5614645373962872	3.4649239103444627	-1.522465299559716	-0.30106975292660487	-0.11510274056386494	-0.18899524048403643	-0.09564101614292024	1.1052189527549312	2.1607924034996397	-1.0231804632351935	1.9184876525217083	-1.2178554596492395	-0.21431789964862502	0.6346258650185265	-0.5094071675484314	0.5788853358653624	-2.1565693672325326	0.7905345337282942	-0.12269529952690923	-0.6435159686030258	2.727981639176745	-0.3604041858319015	3.8394663118374734	1.7565466354904953	-1.7664895067671655	-4.566521474781779	6.206727686398613	-0.17743466389355333	-4.059233923319318	-4.861972263665263	5.207645860537229	6.0034250964001	9.080634187705915	-0.18871063277577696	-5.123925241440404	-1.4108005421406633	-3.120201175439998	1.5650064792448233	-0.9502609809390854	-1.270713280698697	1.2532409681243957	-0.8277859139928622	0.16469197615826434	-2.1098446690690476	-0.2801113290063706	-1.2286176763355785	-1.157989498215419	0.8231105535869755	1.379602214687979	-0.3822312985787338	0.1764056447740515	0.1495040777580761	-1.0957235360335964	0.6522539904087832	1.2947159960991739	-1.3198931390095572	1.1255677313326684	-0.40297312516442385	1.4245386688907373	-0.6135136436144228	-0.08636557790221376	-1.7034795595760512	-2.5269039513064233	0.275221783929751	0.1362825632322021	0.7093344570129742	-0.6543984789083702	0.19064540536657193	0.5927247352220913	-0.539431217230415	0.2815902416662978	0.684122189542273	-0.38819899317070133	-0.6419385059838458	-0.2972460828446014	-1.4234337206853227	-0.07427467134670097	-1.3128411057212093	-0.3346129282967325	-1.0335603499040071	-0.11090679143961733	0.49694828253592643	-1.1772534488817312	0.25676778883398366	1.3165877143071942	1.1114098849679552	0.8983482145415059	-0.5476529001413201	0.38767585520667447
DTXSID0020444	1.9379653618654435	-1.0119596662112806	-2.4736583560533947	-3.054324351017988	3.0477906337963083	-0.35523987684292974	-0.8226955682334186	-2.70220128612421	0.12073222323757912	1.3966522863699862	1.6729647104995544	0.3148194789261259	-0.5059043999866554	1.9574406417839927	0.11690260843045198	0.7571666365681222	2.2486545344580144	1.1756885942550221	1.146788135470534	0.09822869154451584	0.610396582702793	1.5369874075330199	0.020299323239441502	0.3254885365157861	0.8851834034255742	0.5006956366654055	0.11608830257878708	0.6050222117364926	-0.331049263018457	0.3055967073426742	-0.49364017970007507	-0.6210284892829966	1.4755032628578322	0.07077802434733929	0.27041983823594523	-0.020834692689150336	-0.7801284523136276	-0.6495650076443982	0.9786488873866543	-0.4189104166725019	0.6899992022784956	-0.49247803897092	-0.1334409912450217	0.005594172117065837	0.12452315842875496	-0.31440078832532925	0.5688179865711652	0.20159333930988402	0.6300622365354421	-0.7118085630928382	-0.6179060489133394	0.7847792617907907	0.2443337886317738	0.3645281934197689	0.1420519442411512	0.11064058550457241	0.4431075180692295	-0.2832578470061162	0.39079806354365065	0.2205529557625404	0.3422436144431107	0.6359504084383761	-0.22319200010443632	-0.9403911199782709	-0.29907354505175804	-0.078896514578142	-0.39197290080542246	-0.7968651322533828	-0.8155520808218611	-0.5896700649309927	-0.44277323112784295	-0.8746335216427675	-0.1348776890383851	0.05341630645204163	0.495606481231963	0.704854496894444	0.12574353921657627	0.6816438775143178	-0.4511228721153998	0.2950114070636929	0.5396035242483953	-0.22345717155170622	-0.197191690510534	0.446315370558707	-0.39408901205357777	-0.09150931515856493	-0.3088090081674045	-0.09527253767716548	-0.6172503391346661	-0.20559754191362875	0.14866218154937363	-0.0014799084091838034	-0.7796060353525381	0.08354845484513357	-0.06553340277435336	0.14429122902501718	-0.20705467871951164	0.07573758445155594	0.01963538198829402	-0.21407686737032938
DTXSID9035206	-7.014113706410843	1.9363597838917848	-1.854396251954505	-1.351460697879499	2.0669609015459427	0.06089022439529612	0.1690386920767201	-0.3037148582038303	-0.6696409896489945	1.3586017903119065	-0.2738417649819937	0.31596390246079414	1.3209940641982543	0.35023058656454265	0.15378445388077577	-0.576509903212691	-0.13214944847185667	-0.6397264731916897	-0.19841448511201706	-0.5628181426245055	0.22358194933560677	-0.5682296404449276	-0.7318201910315199	0.617791369060198	0.44590393441510523	0.04340242750402472	-0.7827953150906768	-0.038722677844252346	0.0762585276602039	-0.17359789399772588	0.7521111670512747	0.8718324390281434	-0.7041779236675526	0.6561696775170569	0.8235224285671917	0.08165441037301671	0.6734379948887239	-0.0688304309917056	-0.07018402493492185	-0.41447282409537917	0.0711289579506436	1.060160240047773	-0.006572095807627877	-0.22945691985394093	0.21662642926333697	0.11458118821327147	0.44930323737529876	0.9208372821118803	-0.8077897161708162	-0.029044943254564918	0.7872170857492441	5.433890220912099e-05	0.11482270123066059	-0.9298585778784368	-0.9127631230634778	-0.6121800091857701	-0.26295861792397207	-0.1449223064959854	0.5483177012974743	0.004255847913221051	0.4496743053973042	-0.7223929027004173	-0.2637928641260177	0.2639310039324924	0.1510551322205054	-0.3029865481668762	-0.44848835107969504	-0.1766155791717149	0.8216710700502268	-0.1861322508699058	0.32286464540683246	-0.006825640697690832	0.4982878140249455	0.43861280277404524	0.030031358412988617	0.704056525324987	0.6770891924892586	0.5605593681402972	-0.20979111089563993	-0.40579595739227586	-0.3974380400388145	0.08078924032698064	0.027882816836059424	-0.5583659695455266	-0.1725044224261435	-0.9296724681944223	0.9329335853727478	-0.05580830213353961	-0.04327839155615855	0.27880927892266544	0.17502081030980468	-1.0531254937722994	-0.6995136866592981	-0.6184135500365942	-0.30637571066957	-0.2527077265074319	-0.22588762536854698	0.34360198049200313	0.6849603947114546	0.5943489533320921
DTXSID4026501	-3.9387601276531723	7.702027938034693	0.40962588514020887	-0.533799690032918	-1.5801096152878495	-0.09359070829378648	0.8944269884010163	-0.1241083969472814	-0.009190368180788265	1.2184818913237807	-0.2435715794641271	1.3059665441964317	0.7734402082358324	0.5110008888785414	1.517049694971821	-1.0394862175990849	-1.46076757695559	0.3360843554934469	1.856095198922929	1.6137176590722482	0.46845568778830715	-0.3347139911187066	-0.4313566282240108	0.018748681130688616	-1.693316042285743	-1.0840503759267075	0.24431208325578344	-0.5055746358396772	-0.42742944225818574	0.8197388028172636	0.6484241837441449	0.9766319488136322	-1.0970203368293872	-0.9731122136727334	-0.43690653083309494	0.6657869741974537	0.6300779437452252	-0.2749359732322541	1.0870804734979793	0.0561952937456993	-0.7618115313122638	-0.26358887701219513	0.0037529327430968424	0.721701799906595	-0.34261345535125015	-1.5173001905295405	-0.5936854657170332	1.2037567328933758	-0.13323779842762426	-1.0139789959697585	0.674016026553894	-0.20906819566932175	0.0606304243728208	-0.5734383908645724	-0.35062420385276233	0.8795342425434468	1.1873390360696194	1.0515714563640324	0.5101024373726563	-1.0788612423700774	-0.240081156364656	-0.9196035893218647	0.03392559661430299	0.4096363984765271	0.009145506140583988	-0.19545375004743223	0.06045960379812356	-0.6360783277765265	-0.18977364571947436	0.884596019718755	0.1418978477619864	-0.17286027499622084	0.8644988908636853	-0.04912516114184018	0.26503933315231	0.1495061619122332	0.4301799157930325	-0.35115310077518846	-0.5392323447817791	0.8804310441109656	-0.5336660929796241	0.7514310848556585	1.3030017183553926	1.759572957505086	0.43902581009184244	-1.369226769826232	-0.19395631782457798	-0.33489214202810297	-0.740134545199537	1.6333335278243049	-0.20617757131190678	1.489035366802578	-0.8950607034657487	0.7246454535952603	0.47918059641496424	-1.3587676100539399	0.45417938996341906	0.404750448549512	-1.3758976057204024	-0.22813260755758857
DTXSID0024395	-7.104666031540503	1.9718561236710308	-4.161916584482314	3.0594878683464724	0.5116511240819996	1.0773757731613913	0.45891173897474674	-2.8599130809390365	0.7085659852898221	0.1926840202827268	0.8494517808600541	1.0822441515317056	2.0832476895302734	0.9306420035488401	-0.5769910000565498	-0.5516484063637394	-0.5547615763038828	0.8570496908562939	-0.764360076610385	1.8493830098740374	-0.9763550690649512	0.1848011928398708	-0.015180489320140789	-1.4768026397889773	1.3218512857563571	-0.463097429997181	0.10137147955965459	0.1914785335441454	-0.4785923290536038	-2.4378065312536346	-0.332838974918577	0.367432408824662	-0.0826773837800685	1.2645783314416912	-0.09300868388365412	-0.600517143329765	0.4316331427079695	0.32174095769021555	0.2250141992279665	-0.3240217588136403	0.021459058880171494	0.42226701760539265	-0.2454716061601433	-1.1506469700120325	0.487143971916503	-0.32241282683569583	-0.6267751031459646	0.28970768939525493	-0.013180106290114096	0.917322828942422	-0.03679623802880885	1.3054478638719784	-0.27594883879797405	-0.4083976886168631	0.016673194862234588	-0.39061349582429833	-0.9129918942422832	0.6027736403980353	-1.220253403505832	0.43327551325404595	0.02164532198327547	-0.6748658961140188	-0.46329684439590024	-0.3647668399927273	-0.09933803683219569	-0.6370112673216636	-0.3634492400797188	-0.4180025846930587	0.7110913569587314	1.2497768601768724	-0.9660549798767735	0.4303608400094732	0.7132089281839987	0.420824038427813	-0.9407432347058015	-0.13718388922731456	-0.8129085228988912	0.5818868736301156	-0.032766948262946224	-0.09189338085393176	0.44216463586998306	-0.36798819090609775	0.030218683382324227	-0.07318213698044836	0.4791386422219107	1.2667656689456663	0.398157020726495	-0.3560067577210825	-0.4368880559426973	0.29644294477983396	0.8037865100991362	0.3298085466013387	-1.1931079067487809	0.25366872780545496	-0.14494535851839999	-0.500701715312751	0.6426682655467084	0.07576192387272754	-0.05355801257142857	-0.36418699718374975
DTXSID6023862	-1.777065242902162	0.48878018224074354	-5.488321785058232	2.883406954572548	-0.002764107269472492	0.47148802288969327	0.45023437200815086	-0.7624027056205702	1.0283370660355031	-2.2927210211774782	0.5643414171645398	0.18077997582675037	0.5646864853642195	-1.2074878680014363	-1.6192547887844508	-1.9673532079089309	-2.278036755326852	-1.4273172120681255	-1.2026673433602344	0.1449981898941937	-0.28771311228349966	-0.3718794657489905	0.6068243974979239	-1.6173502798023778	0.8898434966991763	-0.04164492151566361	-3.0809219528740717	0.1705128062521769	2.3355287255742527	2.221764481647358	-0.1224900885601432	2.2365987112574115	1.4505242794578408	2.6791791058112118	-3.0894204355129746	0.7684024120324057	-3.139023698160476	-1.2601188817169693	1.7088371509415141	0.3906000745276815	0.21456516267727382	-1.4401269729611659	-0.32221247559143934	1.599141523322513	-2.115935995248316	1.6129067740405314	0.2513248599781095	2.6627997986691	-0.22403394350990163	0.33748624122217113	-2.4704188328273426	-1.5703909296878686	-0.4812614913274015	0.7586173486791987	1.281356927516601	0.5723275268113177	0.08107880438819519	-2.095929578479464	-0.9185912070969482	-2.3072311083201735	-1.0573622715506605	-0.8646421955432485	-0.9260792616377916	0.4944484787898033	0.5767991428540212	-0.6081354720133945	-0.9765156170644285	-0.18302924751170843	1.4660148499270318	-0.02557095147903732	-0.1701118238538773	-0.676877552216915	0.3338458165855189	-0.7482213913998481	0.8197298405939539	-0.014089356528598487	-0.5836363910431284	-0.07808319360287021	0.06394996188669799	0.7060701505823614	0.90932412467703	-0.13025525636861904	-0.6146917488174561	0.8063530905100067	-0.008800547642105607	0.20483190997758716	0.0107749157255691	-0.4119885528506124	-0.7172433774063218	0.6671024131851933	-0.005336831066060941	-0.3152123224564321	-0.4403255812943475	-0.5144904458143235	-0.8039448101822498	0.011489611334128088	0.08856536765237381	0.09946633794141722	0.08800074629038962	0.002939820410503206
DTXSID3044750	-4.796651524914125	-1.3965305454101373	-1.504462989227306	4.2516945550991645	-1.7960723987503655	1.5655441054438253	0.07031172497892386	1.9356785657991182	5.900058843249279	1.7455291062976293	-1.6404658696017014	-0.9463555500468148	-0.8670733892535069	0.8363050771621517	1.446422209833828	0.5939581870515618	1.643989329772658	-0.5915672351952642	0.2531868807207319	0.7254678392563373	-0.2424919914208392	0.7308339564213064	0.8938515117390142	-0.06141536381680312	-0.08784902344907954	0.391278958166043	-0.21921516806856153	-0.3989636410333915	-0.23747627507411148	0.05978550730455656	0.25719887974328065	0.19028248781177623	-0.10397222889485513	-0.829829035906202	0.023111361699599278	-0.05228010678477051	0.20338722422382172	-0.7571844755269407	0.06773462659500139	-0.37356645941443684	0.09874323563018007	-0.3048563865653045	0.5049323464386307	0.7020127707620266	0.03506380569877708	-0.5195136244893088	-0.20695564969551122	-0.01862623183204853	0.06549695752233764	-0.2927692287342692	-0.5535585670960917	-0.3306585550184379	0.03617391838746693	-0.19682491827162488	-0.006006589213147785	-0.23958506284084288	0.4019493837842838	0.21560215542066788	0.19308909767756074	0.32320710801544045	-0.3303359874399238	0.17930000397499507	0.2993141245105886	0.24174941427544427	-0.2171995191393789	-0.6479410634399442	-0.555587583471521	0.6182966675094829	-0.07706734414826068	-0.010970650486801573	0.4600045894846003	0.07748330733001327	-0.13883776800460412	-0.0678072739385339	-0.09126236035791487	0.08316250053886212	0.04785520609332147	0.2760895653966827	-0.48147888164586766	-0.14054045950667135	0.07625916489492283	-0.5088167797920037	0.008964640754897352	0.4528837658009732	-0.17309937983644144	-0.07963294456413321	0.1399227515963373	0.12674346575269244	-0.12490164103974735	0.21178149303454666	0.023517974610854184	-0.18395914042076147	0.2923485579221642	-0.33375456758460864	0.2923541472734659	-0.2707275290605895	0.2506766636975508	-0.6065351574173947	0.14544739037560267	-1.0431546865053969
DTXSID6045953	22.735092539197886	-3.1542477246076577	-2.065105036759996	-5.136107553356411	-3.107182922721433	2.3799332839354617	10.897276302393484	3.849397414010363	-3.485113812649588	1.0828767410489297	-0.40997609424842735	-5.8389686266532195	-1.7359627952806524	0.27699123860547137	-3.051378644914302	6.915152898534478	-3.2836843060494085	-5.431031674668087	0.5000875296971368	2.354520719020392	-7.16548697758543	4.331750185431118	0.08761376626405214	-0.9527847916657707	7.4114629132403325	2.4705866582996516	0.8543202936061952	2.333093658235894	-3.1718360477999346	-4.687593379876059	-1.1805122148224894	1.6671576509491017	1.7084108314535855	-3.9361020944935516	-3.023653659104299	-0.0011617018383209027	1.7776653639437732	-0.2558258644672381	1.1744971080190931	0.3297417845976337	-2.8816353594561073	0.8418365724920184	-4.329846313643573	5.635381546258543	1.8521878738850426	10.67737864534982	1.8162348232045118	1.1809635435599224	2.565735212385988	-0.026378823787324205	-0.34091902493544385	1.0556378016933796	-3.048398572898485	-6.724934733069078	-2.616200515970946	1.739980980751713	1.9421392414458591	-0.34229430063738964	-3.266835964416105	4.3843643053950805	-1.7706871164324982	2.331422664608286	-0.4915011750101669	1.5844788713805287	-0.27822025505263875	0.8583734256714208	-3.5071811486069224	0.47064161061557447	-1.8107582896262686	5.6314989336509385	-0.9617576374657568	1.2498807743810523	-1.6429618245432671	-0.6791850370085553	-0.8400505913472466	-0.5458373773896136	-3.6485992727986147	-0.04400156732951659	1.8183007951832064	-2.272571271072001	-2.947995916502673	1.968205911425139	2.634451760450791	0.8271457523339785	-2.2512724049077377	1.036009597999367	-2.6764764822983107	1.359276642109106	-0.8104458192743499	0.24956748447332097	-1.8346344145726838	-2.4089819580486806	0.29245916671878586	-0.9491564260149272	0.780721797113357	-1.0196110119614097	2.3043665617418454	-0.5038616974897155	-1.8778162381489636	-0.9002802531616986
DTXSID7046542	-2.20450932540854	-1.2676646332252077	0.32091855582934536	-1.396225875383893	-1.6664943733024513	-0.6563499015291439	1.994131701285317	-0.8247899249743471	1.388399142862863	-1.2533965942085883	0.578021249663189	-0.13542401614066055	2.424388024810164	0.7118979586371177	-0.7371868217306897	0.3288370020531049	0.22953813225981534	1.2048919011329986	0.300020338288469	0.8543370627721786	-0.0672034655281692	1.1933900373910347	-1.7656221837551487	-1.1698151737317517	2.930133673595089	0.9311827320279362	1.2056161836806671	0.26735429126771054	-0.0233348725204203	-0.5156557856561726	-1.120400573395577	0.7703393857136103	0.03156064807841659	-0.37336847391054223	0.020628261469266093	-0.48947797228510265	0.3264650554643054	1.265330911285549	-0.7013802492275072	0.29390332285114595	1.243317453696816	-0.25625253020755273	-2.600651421417658	2.075143846228304	-0.3539738576770809	1.0695487089447486	-1.174324658140697	2.2526526850172592	0.9744447872294437	1.6587977932465225	0.7380659144170438	-0.03513029924770697	-1.642283298821307	-1.9777748687880143	-1.3479769726310875	1.7058787440921404	0.0670078824245734	1.7042170213913161	-1.865578000654135	0.7996110797995254	-0.6036628111139629	0.62095930672202	-0.19111936341778357	0.8379501323137831	-0.6586100931892808	0.00815753131547532	-0.29020399099844074	-0.4162816470092647	0.3235721354007494	0.07963008129629218	0.11588347923401134	1.5340531009095963	0.14569507342239374	0.3335468902254956	-0.7433839479476373	-0.43188970825424805	-0.7938212873785536	-0.16150726101808374	0.44681557533702515	-0.4475921457150508	-0.5226753364329138	-0.11380643060868065	0.5520234806091344	-0.31058493779430596	-0.6188061343325703	0.4178527305305271	-0.18015556670605512	0.6115204288910537	0.3202966264246485	-0.32503392562276434	0.11969630327020837	-0.03165338639102239	-0.260323504918777	0.14455506380711441	-0.05748228240029026	-0.197013163350848	0.030314154483040756	-0.22700116736245654	0.0049391564500775465	0.2248387650869765
DTXSID2037186	6.8262102858045655	-7.823659399952693	2.158852069515255	-2.6107745396535478	-1.2282814246329197	2.2627022239065817	-0.816015221508714	4.1197421789202044	0.23666550443545456	-1.57982440648501	0.10275418497043481	-0.2811201094569422	-1.3045059059159978	-4.177670385823935	-2.1970504815055882	-3.5057782365091437	-0.6138837796499186	3.1357391426793795	0.012356696085098843	-1.8079131887247775	4.339366274988828	4.558972933293796	2.646222062178545	-2.43587139446835	5.469785131660171	1.7672026490008752	1.4045333426354158	-1.033531285272681	-3.7005647769998617	-1.3630417048655403	1.3866400668806504	4.453395464224281	-3.3253500190114074	-1.5227919085934112	-0.7245225654599484	0.8011259794613222	2.9086989918668675	0.5794528892725592	0.9572899262931431	0.628998962638868	0.39696146358156886	1.2767870038351499	-1.6449689673004488	0.7671546058787765	-1.314868455828207	-0.3947388680636311	-1.2829204936287948	3.0921426795973845	0.2009614649975658	1.0423707747925048	0.6428093428362031	-1.4289195830649746	-3.90678176575337	-1.0259545628001816	-1.6902153726631353	0.9379051414507943	1.944814062102295	-0.04420399870998086	-0.9091911006301793	0.17455752150490006	1.4992350420869398	1.4386465044229917	2.3425892827244486	1.8625089711403267	2.7223993336352357	-0.2765744248764139	-1.6802075933115046	-1.6273570102646064	3.3159692966990173	1.4704972525055175	0.40818847317420265	-1.8544172244310766	-5.796886765792768	5.2207367421938615	-1.893836659564332	-3.8606246827122392	2.398142196206825	3.550016174270839	1.4730861544563423	0.7584691252521492	0.38972237384053465	1.1521351505584791	0.28764615949420397	2.8847034905425124	-4.106648067965897	-4.3443468408002195	-1.3519222174777492	-2.336100762582687	1.7799642182949011	-1.864852575722229	0.6059024542070142	-0.8433274233434748	0.5450599146975547	-3.321271217709325	1.607952202747917	-0.6951602919130633	-0.5810376300011351	-1.7659466215794817	-1.0289706423886842	0.6877750748434315
DTXSID6025145	-7.1868357182527625	1.7547805460624804	1.7558584703000335	1.6210144200787422	-0.5864249254741845	-0.5254512471744477	0.8360797303699308	-0.6844731093319892	-0.07937780300513936	-0.19964610971713082	0.8671773956116462	0.323262437501733	-0.25032542512465633	-0.3034213015467326	0.44399592774456015	-0.9747479283997291	-1.0450298088680081	0.2990108156149181	0.3997563059232162	-0.48967447560600164	-0.710346940277497	0.42141581319117705	-0.5582618009310237	0.7927817761774095	-0.7230239353787454	0.32388703051651313	0.2991292591238722	-0.65377418802963	0.34620887946736945	-1.1344006269715967	0.42325104750973	-0.012713184224317726	0.1502608837234703	0.10681633248437879	-0.48686718646464316	0.4030974770471855	-0.7570546851292107	0.6134635725285319	-0.8858286726183653	0.12046905215175802	-0.17345207629950551	-0.105842883102021	-0.13889585813553723	0.258823221740811	0.630121153992956	0.7292676643818558	-0.3239274705114942	-0.33628248982627995	0.4036332898639904	-0.2709216909872542	0.24895320001340565	0.41573139991221986	-0.33224583139855846	0.2903732106724997	-0.4901917356216487	-0.04788135956464232	0.30015775356249497	0.21538205828910026	0.12284808617026663	0.1073729257447095	0.8642591390061155	-0.3709096078079939	-0.03389055503330283	-0.1239965521841607	-0.010686474219854303	-0.17465505461474376	-0.15064701834268826	0.22277508801705598	-0.016666132038994474	0.07609206372310104	0.17275225372911257	0.26001493565780964	-0.08208005545782167	-0.6194057945673375	0.2251290972227149	0.17539057941787312	0.25925318214382603	0.1427747670258354	-0.2329331821759849	-0.1444285603810368	0.12731144077378867	-0.1631575720574322	-0.27092534547242225	0.37261132924100376	-0.09246061211608701	-0.34787967874123155	0.10104524401234287	0.18648749129562286	0.02911563484247067	0.1178700460631566	0.1470709896327762	-0.2638560743536625	-0.017298368586101516	-0.09021978293931665	0.12049809525269116	0.19498499835318245	0.04914462395828784	-0.09810107000902837	-0.18511243812587821	-0.04830445197384927
DTXSID6024331	-5.8724702505986	0.24899450322713604	-8.655230028387482	2.7464882565714954	11.698313574207374	-0.6678301492278883	-2.7840155101994073	0.4787661349337343	-2.8639354889486435	-3.4816076103273463	-0.49278837792268165	-2.382049961497882	3.6196279592273783	1.6868366889581243	6.223371038727695	2.6019134572447467	-0.7259655164908418	0.3589355980127983	2.562287954735288	3.9888548213808095	-0.3464975393990831	4.1497419773743545	-3.6422364024577787	1.4852270165774886	1.6455020393767847	-3.2622673061736087	1.802190556087208	0.5510948751909032	0.7743850261057499	2.4458770544746953	5.60480759302003	-3.378278429230363	-1.4815924706841477	1.3323145049151213	-2.010847815813122	1.9210011212608002	1.3634454573205916	3.576855444922245	-3.540378469685735	-1.2643935041867815	3.3089969747643924	1.8554831113176387	-3.389294620469075	1.1938170822352094	-0.33268035305827365	0.0047650215181260095	1.06759770360042	-0.42016464594355385	-2.736027886066106	3.513627609807546	-3.2631308096314666	-0.7628478429218416	2.7764183097337596	0.10805094388425433	-2.6113323717303447	-3.23354184150077	3.928173384980992	-0.27633894195897213	2.1948722186950085	-0.36044429368572783	3.574066620470172	0.41420673231492383	0.5656713308580339	1.0999003686309738	1.035836067492227	1.505895692266928	-0.6199776847647489	0.06673485920629413	3.150872915271816	-1.0644971738099978	-0.7006142100927975	0.5861247127655802	0.6697339950466695	-1.0423538846351934	0.13847158594621703	0.6393741353633384	-2.3899927637376344	3.781524842008847	0.68018313692697	-2.6144742191850905	0.7211879876440594	3.0499556968565997	1.6983179274275482	3.1046402137169182	-2.0294522355835682	3.7270390558845983	2.6254265839384483	-1.5132867238167698	-0.49480552353258705	-1.063342629680705	-1.5972628535291338	1.0721643667250347	0.37686384573494275	1.6049762230196645	2.9723526297107528	0.35839957390451166	1.1755507571191344	-2.3756075482085204	1.2367588196889603	4.322451850034655
DTXSID2024955	-5.882610540599166	2.8726809667236366	-1.960787704535813	-0.33704073911845667	2.4926648085869205	0.5134075955727816	0.17741417283978247	-0.909178481749957	-0.1316044922823121	-0.3184765761301718	0.05364111641739912	1.5662771748772861	-0.43769009274675263	-0.43602737569988503	-1.4964893495833458	-0.08527640599675279	-1.216420827223997	0.7507233524372251	-1.0899947546794908	0.8905748375569035	-0.9087264090347534	-1.0237272955641297	-0.14123246765453953	-0.186356339050168	-1.0435203741998946	0.17739851327838868	0.13538013046361838	-0.7928343024129454	0.8797104782513347	-1.2967092542729421	0.635898543042917	0.7593389859086596	-0.8035648693989507	0.5769493678872414	0.7050970557851796	0.7005432355017975	0.027469916115016403	0.3696986380895169	-0.8462981498128725	-0.7281459257216109	0.6289401494621055	0.49406791871915556	0.18615437853324054	-0.9815147470562083	0.8424760945684361	0.08591682764328416	-0.3700543217730096	0.6048948136040587	-0.4016208790852921	0.4447556169185949	0.3290488497272506	-0.0969194498422985	-0.6639410806582651	-0.9876568012314139	0.007594462295330269	-0.9765508281949226	0.25282550606212684	-1.1422990373736623	-1.9247764269806824	-0.1959948230498319	-0.08330386382572716	-0.30752246953452317	-0.8720339246994855	0.22360550846258836	0.42202239420050186	0.35903533613971567	0.4254024912928022	0.1954132506277277	-0.14183992053877723	1.1417609833975255	-1.1076144831672632	0.36400586539730595	0.8345255356800619	-0.42912446382399366	0.32986686732417597	-0.4557745495106664	0.2862376063191603	0.01992063723005389	-0.916982323221714	0.16813457062013562	-0.16181584010664524	2.0571733086916097	0.9020910050567421	0.6139724179196789	0.08586297992010632	0.004809294637688378	-0.3031098741623264	-0.07991467804122168	0.18860418959082986	-1.3024876729009915	-1.0824477341691194	0.4526474619378711	-0.049480990558122974	-0.6875985251814236	-0.0016120396358372206	1.0114523094039054	0.6968940039831695	0.3733611052293075	-0.29144868826685716	0.34888473264637804
DTXSID5046720	24.354836739151565	1.151208736360566	-6.884097179462842	-6.9222368020997465	22.453423859887664	2.623375979343997	-0.5683593518522321	-6.380954831386568	6.208241782728233	-1.2115841348176721	-3.7246247672902957	3.0652714983508824	-4.5203192205016824	-2.9544614898374197	-0.7258226893812231	7.72793962079856	4.31467346508337	2.5161337599634552	1.8643039301135795	-4.90157251481241	2.89680793411214	-0.6255145520413551	-0.4533993600225623	0.47451060434894654	4.820998970368204	-2.8848698390916536	0.8601593176398302	-1.89925579371902	0.9856886495886128	0.11998874818291323	-4.255010195273109	-1.6825221789737947	3.195357062256496	-1.047475471631629	-2.203398292911305	-2.670360248195727	1.717635997542793	-0.4526377306777192	0.7418325720139604	1.7941852923516834	-0.8255307070961243	-2.014120991090712	-0.7750421495663734	1.3050191172005714	-1.392433021589319	-1.2023300372450383	1.4656441271615657	-0.045487355792842035	0.10107138883407889	-1.5179285530777304	1.000746144761301	-1.2781342423627962	1.0670020411696235	5.682084285410772	-1.3238021479912365	1.8776677463962157	-1.0462901399670506	-0.6985466376264294	-0.041821072897529926	1.8334037065000641	1.456465636945063	-1.3738813163575165	2.47056969294353	0.7377570052522824	-1.7527186540966255	-0.7142749607575878	-0.3246944090841158	0.809218915389568	-0.4147412276437976	-0.8677069825420165	-0.586378175291381	1.4216526379956198	-0.08887289507052928	-1.8000797360467842	-3.2344513186825865	-0.15090082452340595	-0.5742200147755839	1.909055825801745	1.9445367122883985	0.6252053752893187	0.7941415362407458	0.4793872911504473	-2.27602919498243	1.056248074858564	-0.8521230767512735	1.3417842612616024	0.8893818636870363	0.5081219610910802	-0.3256167738274675	0.7833953969574835	-0.0685732412816706	-1.5321138038035493	-0.11481987970991706	1.1733664271219864	2.833577517130626	-1.0013594865856932	1.158571167698684	1.1826044870579746	-0.04027183113610691	-1.4152980964612483
DTXSID1046766	1.7694782572705567	2.001315086425017	-0.898111510242347	-2.1565127792942183	-0.4362461151175994	2.738171524169685	4.398400706215828	-0.3645072756398389	-0.3816139211365183	0.6649049971959292	0.593806773386031	-1.8796520942253485	1.2422225882101294	0.9635947215570172	0.2534651351564332	1.9067539468086852	-1.9252115998911568	-2.792832479872696	0.22455611640495665	-0.05588586915819489	-4.328815338463698	1.8785424923866498	0.035389021517160314	1.9535292100330588	0.08813348515928623	0.5307330512235571	-0.19599099129307873	1.7971785933132858	-3.0845236599321098	-1.5598273060909227	-0.5977436246311664	2.8807942953938297	0.5253850485037751	0.7453197520870225	-1.676592562107211	0.5823434724468124	0.8239957052783304	0.5455339607972315	0.06883427299778419	0.14861016877264732	-0.29861870000906154	-0.4778520277509718	-0.5766358635430676	0.036685686956301006	1.7844896309526896	0.8907577725358942	0.6720415786395999	-1.0669564340728352	0.4135004139958168	-0.46035522831976255	-1.2268664085119974	0.6926181670652426	0.6370133834696962	-0.19227378938001888	0.1783360354565419	-0.6104132731787799	-1.2114665331352832	-0.44001931226999513	-1.4035367910070726	0.537062362144871	-0.3520866109743216	-0.03111384904086803	0.5275362528507125	0.8428602752386971	-0.07210925571960354	0.40528975265760375	-0.7647559154115627	-0.8274175313207501	-0.05944553470835211	0.1367302552766368	-0.300384627941067	0.005703960484684319	0.8173902487809329	1.9195209303341698	-0.484288229589856	0.37186774283497154	-1.132758135868933	0.23137796414878095	0.7624987551364671	-0.18676657890826673	-0.7437806062601899	-0.71726474401475	0.6282884909265233	0.40637896078940333	-0.7000556186923168	1.2112782988262132	-0.47515725644608725	0.9805500842957892	-0.8618959634355088	0.5733081219852219	0.04458408207912879	-0.9459679696635297	-0.11898939562472301	0.12618714665663489	-0.14904978060018703	-0.7571758363485561	-0.10353012977779821	-0.3210950446748192	-0.242286788262963	0.071569554358631
DTXSID4046991	13.708391285463218	-6.07575341223621	-9.752015248768465	7.432785747147127	-0.14054319009075336	2.523532926933336	2.1422995145843458	2.962150745943421	0.9382456278840453	-4.192989540004682	-0.02939197555638715	-4.2787996198994875	2.94151005563358	4.6055740298671095	-0.5873684378701772	0.36094430518216375	-3.0704708359097115	-2.533126039848969	0.7008549174776325	0.05973388256532433	-1.6545638321604486	-0.43697160244520145	-1.705243416657624	-3.2088418385805655	5.665443137034095	-0.7964039288969984	-2.2266672560274414	-1.3647921482251264	3.949176614942322	-3.764433831582262	1.5279780292133667	-0.8450101485763436	-1.728637339744837	-0.020985861873972684	-3.204646660935176	0.8159748969844989	-0.9241486358766344	-2.89594678872477	1.7151444207176285	-0.13514740364779668	-1.5558051513126048	1.04213107973825	2.768499843022126	1.4233856798153164	-2.4070980039647196	-1.0836683326064624	1.7240303982286929	1.19927833924623	0.35700650368214765	2.1048249629973133	-2.398689355623235	-1.2969231626076583	0.8286834875579023	0.6990160547123533	2.3753266268929707	2.5822695207795014	-0.3010978011187765	-1.8018498287058313	-2.231838960439647	0.8660916738591199	-1.448584185277962	-0.07184122482737329	-1.9781708201262793	-1.5600225666794607	-0.2913088864122263	-0.9582070029024111	0.181741250129895	-1.6505434854441958	-0.5686152297185927	-1.3812211920704098	2.597905999675048	0.20225575593778453	-0.9212780549728694	-1.025456630303101	-1.9694345689517863	-0.38258791256619684	1.8949301649938843	-0.19765385043495462	0.5100420441675858	-0.08655924967525212	-0.9389398656752014	-0.42818297210179745	-1.1915405861635198	-0.996847149838863	0.40035626322619705	0.6760350167202658	-0.4247635655607147	-0.5189925680697237	-1.0410313914120477	0.8653029816214267	1.8343834943660278	-0.1283910400581577	-0.4833770857042517	1.4275157464543027	-0.7705799998915568	0.4640670039700062	-0.42146272818275804	-0.14495864162346214	1.4679581549264082	-0.7871223097693596
DTXSID4046076	25.301800827879738	-11.284775958838424	-4.898677112817935	7.134594529957876	5.210789963696279	-5.477456337107384	7.087157018859324	6.237479944523687	-0.15250097321503994	-11.404254320935092	-7.96138208654232	-2.7881759049770087	-0.6083176648851233	7.686903549310855	0.00044554353217732506	-8.851831285344893	-4.988444931819444	5.427945284331042	9.854855996907512	-0.05241051231239219	-1.363353662521645	-3.3002308061398513	12.322545552751405	0.3859351328102767	5.173068575661152	-3.097379020572059	1.133613636560431	-0.8982240087007487	-2.190964471978394	-2.623744796413244	4.438038351318198	2.482924777490438	-2.3142204409977225	2.1188204272080498	-1.2065150735686212	2.291338760421186	-0.2341997418047049	2.2599296133668503	0.5735394547979122	0.9712851077166342	0.8436004101698326	4.438504420683874	-0.045199831884903695	-4.252315652430258	0.019868108204830773	0.27614428815431313	-1.8792961685690315	0.5355438326078097	-1.352112645773377	-1.8906064793927841	0.20897921727103091	-9.018225296995161e-05	-2.2111105099958888	-0.44995619079397275	-1.4208255519668533	-0.15346535400359854	2.7313176655117832	0.6424607867373432	-3.866675293919694	-1.607620746136206	4.767977060427422	-1.1616946272722481	0.5886081404489316	-0.5498307938448608	0.3255500256492664	0.15409482611181158	-1.8288695480515214	-0.9036668880139639	-0.762268579183643	0.42194488414021214	-3.681469826962654	-3.2651061219463937	-7.492683284693147	1.9621378628163353	-3.55077133988788	-3.0890313392856013	1.143081555609822	5.116281550876333	1.8882468592757948	-2.1702724753881775	2.2215314476345123	0.1080104437547755	2.0024033572881366	0.8866483631135618	-6.344703481350916	-2.288370806710876	-1.084482088761903	-3.9369204733487897	0.6750508720547631	-1.3194502355764266	1.8480023861415211	-3.161062734575018	0.7943110330158779	-2.9755823144262954	2.414843357855799	3.2929811091983745	-0.30202704994992924	-2.223073938994359	1.3117646873226563	1.961268753630093
DTXSID3027328	-6.069749863381586	0.826045142656764	-5.723078895890513	5.154374053578369	1.2596181932792088	-1.8257736266042863	-2.118014944906758	0.014094018559381487	0.5233151674219949	-1.153292510517137	0.716951369488791	1.4245187623152222	2.15115957997941	-2.158978983138224	-0.6371970527494266	0.66620088522377	-1.356536346156946	-1.8288170711122325	1.4121990399705306	1.468950694594417	-1.7827845536021982	2.020112970817367	-0.07581265848506005	0.1887931214965386	0.7814972030640727	-0.9975103559512069	-0.3253614210912149	-1.0626093879368521	0.9226489152894655	-0.6216882676308795	1.1972786781949312	0.01660279439915966	-0.6194206190810129	-0.41716282474920846	0.6072433667228159	0.8514936789037296	0.06520098685820107	0.30037778144142213	-0.39951503174664116	-1.4971367518892245	0.9635752996593365	-0.2453064337852747	0.015454625476464338	0.4001630860946482	0.5004275443375718	-0.23664797273726682	-0.5423972475608211	0.18343369608777968	0.3952879348884904	-0.06022801091941952	-0.9347008612895114	-0.10368234212350581	-0.021270962707385453	-0.1427345332709174	-0.7140660104431282	-0.18275969492257443	0.3143362950589597	-1.095401065975866	-2.0948117975099128	0.3256903690697623	0.3877894030845984	-0.5239635836152744	-1.0824658095948902	-0.9375191713735	1.33241017450428	-0.5576990918270708	-0.17949066194190724	0.04523718069588103	0.62308247534777	1.6736529121003947	0.08661575708535704	-0.6617015908279771	0.015115159681809537	0.5518069738425696	-0.686497237897257	-0.06643806613508463	1.1982860873503685	-2.0039534742610776	-1.2067353947755894	0.9712310962907318	-0.9961405543099845	-0.8743573804765477	-0.1795730685699708	-0.8643065553779558	-0.08131673683213629	-0.12856551480837206	-2.627902572159109	0.3292652713629012	-0.44755869797276987	0.01327970603140755	0.6917701564411828	1.1037899550081058	-0.19973085013904493	0.3063328569776535	0.5359748359799111	0.9968165070682734	-1.0771515103040332	0.23246151419059177	-0.21914065107533462	0.6776875552834288
DTXSID0023909	-0.9121083301461688	-1.2509416820340924	9.265858244211676	-3.097306735630691	0.7511972121447587	1.4663156621765219	-0.5799692512153639	-1.0909095747286863	-1.2033088223552622	1.6393156224414291	-3.413779424187241	-0.569357202110467	3.7831017243049816	-2.3618318890112824	0.2906757147604121	-1.8031049053541508	0.053654795556268	-1.4401075518868238	-1.1254151413053104	1.8646282705873523	0.8132745226967588	-0.9733540032007817	1.9035466679594788	-2.745208704983523	1.6895107241848302	-0.8868717542390663	0.2376357077495215	0.018098251998296642	-0.8186960183408363	-0.25960653689239804	0.3715902937278761	-1.5391403469635965	0.766163492443465	-0.7049143011454516	-1.092210016354093	1.0628134280916273	0.8691016147611913	-1.4473416369024585	0.8365860451553321	-0.6835326367248473	-0.0007008577672133763	-0.9622445462973731	-0.06354553978705713	-0.49058404033586755	-0.5459389968960134	-0.7013842765780751	-0.3098595204280864	-0.37356547422094544	0.5248543521300683	0.29325881499403555	0.1796741002538032	0.9045032826259717	0.19582503374599625	-1.1371274551590536	0.175245628763077	-0.3747509523523498	-0.12011972040417088	-0.692316075321708	0.6845405963077223	0.1597906765837011	0.024177700839683455	0.7153919695356811	-0.03980446857740378	0.1779237011462519	-0.22956858655344983	0.2698651385410196	0.25147333236968233	0.27055683706737993	0.10972415897082599	0.37508341423046043	-0.7630775727777424	-0.9328945114582236	-0.6831746728273539	-0.3039913635950897	0.407287426039146	-0.4154051219762953	-0.43345521937191717	-0.12218391797574785	-0.17802249495374503	0.25341195391405646	0.5960498709485167	0.6420612816517568	-0.06146615571921832	0.009991028899932341	0.12101870599647287	0.5599060287883552	-0.4687982034518507	0.029242983055423718	0.292406129653286	1.0279734226092645	-0.30798975705551584	0.4803999482001588	-0.17137850543205402	0.31523877121369087	-0.356219988033613	0.3756136072870535	0.25792610293477547	0.06256213055247577	-0.24380294470622924	0.31909853659063325
DTXSID2020509	-2.382395308756188	0.43792890979664173	-7.040939897720245	4.57201845750421	-4.935902605749042	7.351207059430462	3.1386823073063677	-2.9761950608527585	-4.804009406150638	-2.9550217043122253	-1.0597443106374103	-2.2701365849440314	0.07013307472182444	-2.3867854987136132	-1.2747673659713175	1.7915153791375613	-0.6611203578494628	-0.3386651768828092	-0.5796268236395407	0.8714985781533947	-0.6025258682356678	-2.17057221637218	-0.05889648615442094	-2.1649624633240734	-1.4956630757690734	-3.837316925776721	0.06725703081796379	-0.939714019577993	0.9152478664522656	-0.7574805013148758	0.5914133315436975	-1.8555920874658032	-0.7005518912516538	-0.7405329648951756	0.7413300199088904	0.49107656498029767	-1.2652892185383975	-0.5388191910233417	-0.2212636714603983	-0.7889647472675758	0.3637451886719354	0.9831499116122244	1.1650476273154573	-0.8932135274489201	-1.0279594836446706	-1.3633832891352362	-2.5935285333926514	1.9583012807257083	0.13315046953116705	-0.30404336321133013	1.0363026017270964	0.47405345377465097	-2.4132619984857597	-0.5086853089856042	-1.7729656684284536	-0.7195874938193207	-0.7264899679358223	0.07657878532698682	-0.2560822717487905	0.3524738893297359	1.6673388938329479	-0.7111806491309648	-0.11401064158140597	-0.1527162522039005	-1.7149000827675895	0.184335200541136	-0.2128847395262728	0.6469343257840491	1.2188923486442182	-0.6964875165954628	0.47532547503130085	2.2731123426281847	-0.4128475083212597	0.5480229811200351	-0.22630739452074838	0.05681053047002777	-0.8808697296485278	-0.9492957477731444	-1.685280096593499	0.2807060507290525	2.3566117833897122	-1.6711498000849738	-0.6051351189393028	-0.21773794588266857	0.4787396851311711	0.27925336986827715	0.2995921772240204	0.12833127386721913	0.7142338233538541	-1.6267670817003284	0.10914464582789375	-0.8157613405602906	-0.7633260805584221	-0.20617468531381164	-1.1649848529688311	-0.18718801288157333	1.0228836269512886	-0.09646310305302047	0.3342678194311035	0.3831653035398597
DTXSID7022968	2.808129795743647	-1.7781116154380254	-3.985947138032231	-0.9003685406200117	-3.1473332164266536	-2.572439086523087	5.816026765702552	3.6175340709891235	2.3831446040422706	-2.5698388372606353	-0.11576025523560858	-0.8507028314345697	3.2455227709853607	-1.107114485360318	-2.632969939384701	0.6483676825388401	0.8575203021384292	-0.9462122356032088	0.7644336815280397	3.2284411649247717	-2.0530693348412394	1.455053809340804	0.9214637921286811	-3.4923357607679217	2.1415584779272936	1.0593388508608328	0.4447519152577055	-1.6010067225920939	0.607116878229374	-0.33292510173013484	-1.8497922026229063	2.0415285435668147	0.28370501389428515	4.680980105939262	1.5737826798170729	-1.21549971678127	-4.360973946219499	6.668248447419533	-0.7461462632311263	-3.7400886410173753	-5.71316566524847	5.660349510490257	6.435755829258405	6.984584123854468	-1.463728438385603	-4.520221637570406	-1.421985007655737	-1.8463323774403635	0.4887202969505888	-1.9140854635517257	-1.1717166564242256	1.2426913885542281	1.0432833742211163	-1.3859258599671322	-1.3508715130570335	-0.13789007054598762	-1.3589965478872965	-0.8514180214888128	3.0463569354965707	1.2013979851393293	-1.7392382464585163	0.7884855693588594	-0.9803979778048334	-0.8249091231267085	0.21412953417652475	1.7456925447618403	1.2241573223946132	1.0015366717491303	-1.9865296715731944	0.7854536478789601	-1.8069354240587623	1.0722209836791305	-2.174501685226418	-2.613647211371087	-1.269119161190419	1.326821805022529	-0.09071951924536095	0.6348799988262072	2.5191494922491073	0.9951670325069014	-0.5876926794790889	0.09231136545588994	0.3846770205885256	0.6772009650784335	-1.9614732469867322	1.0530278504006938	-0.1487847692150362	0.47630960421959717	-1.200828284073428	-0.7892217352073301	-0.5382315361290654	-0.4106979446134471	-0.740538689409325	-2.445244269309738	0.8678881777757376	0.546143616856705	1.9570312508562575	-0.0019460761958172374	-0.2525971172422506	0.31826980601890337
DTXSID1047368	17.614139594240637	-5.621580155130952	-3.0263465187895835	-2.2166838378849025	-2.1668259601592617	1.7624026404960245	7.509914396553445	3.1692845810421755	1.796932908338476	-2.8027283260140727	-0.7009891238264147	-3.4866012276922653	-4.483640326050546	-4.675078061326569	-2.92538135300386	0.24868994942730557	-2.1972542739921694	-1.1764004459525006	0.4899015813858731	-2.0384735218071333	-1.413089834350972	5.680993038316182	3.1944009809423837	-3.7497669517081644	6.799163132951585	0.7933788613597029	3.0482858502965793	-0.9044800579596741	-4.631017021788845	-2.779904849341511	2.106135407713026	6.5993531119631585	-0.678380831451083	-2.2245991903983717	-0.5413683121840968	2.747137168867139	2.032059608648995	-0.619770669267886	0.16102070060500615	0.3574171017622916	0.8927975771468223	2.718402689645513	-0.37416005557358095	2.2479231196675933	-0.18027715018713397	1.4311457621858112	0.23448738064883115	1.909813257547499	0.5901379550713838	-2.227458161712611	0.9177055492756379	-0.06235638294382776	-0.2126240719678252	-1.8360643067518154	1.4060969832718542	0.2305354125331761	2.878861814500817	2.2096383245263778	-4.328019893350789	1.76936800708335	1.3737346655794147	5.56422217579962	-1.903853485686656	2.3751970393637056	1.8649885446291383	-0.754632771051058	-0.5802141638089953	0.008260459849294662	2.0046417009726474	1.8942996302905872	-1.882021196865358	-2.0612980449887757	-4.879079850324513	3.442473480704684	-4.127200191966719	-2.3506701902131892	2.2413699215447274	3.8724002809409948	3.053513596232737	-2.475462826318657	-0.2725448660359512	-0.20740380970157796	0.8714109562349246	4.817787159717479	-6.161983163377675	-2.782505403967851	-0.3052380185405983	-1.4389364907106739	-1.0391335877865375	-0.8854795438375724	0.05681857501956392	-1.6474027210136195	-1.1021593812143453	-0.30875126790124136	0.6105196500808947	-1.1063464289664242	-1.051066538666788	-1.7759854716946277	-0.7010446965630212	-0.6493632541997103
DTXSID6045795	-0.4343934755669423	-0.04006602325463758	-2.2315615434383176	0.01324863153965597	-4.250854562316576	1.2510297620452293	3.326482046280566	1.3510899220625228	-0.7277650813349889	-0.07962163587425566	0.329540036705251	-1.1607241328596043	0.8294721454332019	0.32941750739263714	0.03159175788048353	0.4992787879120635	-1.616116601147791	0.0490428402325546	0.13657454900926597	1.0050589321481973	1.507532812920221	0.14778136409851161	0.2389941347920867	0.6830794730437978	0.960802241265942	0.6067936370060527	1.0027754421129702	-0.38874076084238735	-0.461927833975924	0.5848934376348415	-0.3693537226111645	-1.2336263038313005	-0.2558184915367819	-0.46830775900523286	-0.14777966951213384	-0.327644721207025	0.3420927330615473	1.436217450526014	-0.5778568010644195	-0.02858412770694877	0.5168190321686219	0.5557920358433801	-0.08101580250481437	-0.370197125012869	-0.229877850477988	0.3345503918464338	0.49364686354744813	-0.6838444171673816	0.4985822755260512	-0.24464376700597362	-0.9013984440509154	-1.63589471296027	0.22845284064767288	1.0740150616220057	1.5867673443670904	0.6613694292021616	-1.083170339707712	-0.8146337111183493	0.5834852143638077	0.004266352580219363	-0.19308785449595217	0.17573560387323792	0.45454517123318156	-0.5864314938542853	0.29732721322650163	0.44826979873521666	0.48645552115713125	-0.842521702205137	0.21510407956741553	-0.4020408826410854	0.537430489822015	-0.29930325366687943	-0.6966874403961874	-0.0780387341416441	-0.24194742100507155	-1.1109000085915464	0.9572135347378866	0.5340741024924618	-0.3292145552110018	-2.6071039586733784	0.4429515111138452	-0.031590730085638376	-0.8459958791145067	0.6829093145065396	1.5391403053043262	0.036634911003354725	-0.268681422753772	1.3187784420283037	-0.2560563116295069	0.43998830986374415	0.39035133782326786	-0.9025965841252829	0.5548713953841014	1.2922855089510081	-0.527377820848664	0.5899805800684479	0.6026272251108705	0.9518470333248653	-1.468312071635007	-1.0467171325662072
DTXSID5044780	-6.426246001133373	1.0532885962312402	0.29879987371842576	-2.166487694873183	-0.5569179910721016	0.10223632131277166	-1.2221075468484806	-0.7741149942172544	-1.395755399809273	1.8662538717473576	-0.8582825626227929	0.32931936042647736	0.0749558658574661	0.7092015278077779	-0.5571412666289077	-0.8533940904825845	-0.8329391534671434	1.1545028872991454	0.1723315634882612	-0.15454467634525934	-0.219390723160065	0.03557612400620678	-0.48618862612645725	0.5618030606850293	-0.904839125062155	0.5697743057271195	0.37989013017840545	-0.651490040906897	0.43909597668564726	-1.7531297957301837	0.679798959022588	0.2600165623829088	-0.09079456892751903	0.5752320446717165	-0.0813766467546617	0.5092757905469902	-1.3030112768383257	0.48630328266864753	-0.9148234635956485	0.33067247344900114	0.20926949896930433	0.2421964797572102	-0.37344741465396325	0.06290506460220434	0.9185144340506832	1.0330572451185065	-0.5010120234404243	-0.47639913644375126	0.4237896834871225	-0.2798759367958424	0.18440756035777833	0.9673103988124034	-0.4858262035831583	0.9421611805001349	0.2156971964066552	-0.6403625382390886	0.8672344423236615	0.23405656529912336	-0.3007086303853076	-0.09059206007996223	0.8909173091954652	-1.0381534277341093	-0.6541937072542663	-0.4701441954235562	0.6855252445072297	-0.0800555066478297	0.3630958045849026	-0.08857454616993318	0.28117056527683093	0.032968945267271135	-0.10374254979400396	-0.3541941775969772	-0.02668798092597537	-0.3207151319387046	0.2266663769287879	0.5768534059839747	0.4774485186336783	-0.18476023857917234	-0.027867876167322465	0.13035109980651322	0.39138382891509943	0.2949986256786677	-0.4901422087881575	-0.13970548283995612	0.4299653329245184	-0.30724774138374605	0.3638805708374256	-0.10466443996183168	-0.3949678593737273	-0.2632962821657642	-0.06300377959808998	0.04733462539068005	-0.3707766486847311	0.1399196082501243	-0.28651291361781184	0.21646179594638776	0.5180768183149232	0.007701374521986075	-0.39790847201227486	0.14611065655577876
DTXSID0052839	-3.1570427159358285	0.4932432603035128	-3.4862325646089873	-0.9929294799260296	-2.0533163904057656	-3.4798036621657897	2.7303407771842765	3.0415517645290766	0.17326401071730652	-3.8317092458346624	-1.8306060788461143	0.2846278720593393	0.4929405580006421	-0.7077970834189445	2.6944368495395774	-0.9118246065623159	-0.46144491111683067	4.778145500696898	1.4817889604435668	-1.319061737348537	-6.6479244835863485	-7.972265192711175	4.753342399008174	3.384099583082944	5.826487265788764	0.16736227241715004	-1.7274418843167954	0.04038978261459124	1.4734859051275302	0.23043682629770226	0.6123748852734501	-0.36092453464888347	-0.5586219761368797	0.09062129492701061	-0.24837487519699009	-0.6249439193583091	0.2227933774826489	0.1693705318210869	1.0442740134574515	-0.8110637098168939	0.5901292356627927	0.9760119411026615	0.41945492552333363	-0.7355220979103282	-0.3471957474723134	-1.5728470991683134	0.4806637081155344	0.9022290918423586	0.50816235724602	0.34956277047891565	0.41540063118655995	0.37521196843266447	-0.13309111079122513	0.11295888277292743	0.2551946349060969	-0.6475939749992812	2.0875786256192383	0.5015923272716303	-1.2425328505389315	0.9588927582501978	-0.11611375114898739	-0.44406435871636046	-0.40293579457771384	-0.20475940396759754	-0.5577357824262114	-0.04894733178171002	0.946183805382444	0.43999612770432767	-1.6752166676053182	-0.6236409943251352	-0.10418814516835259	-0.29369995285411604	-0.5790000840771768	1.4177156035047531	-0.23436980023671522	0.2768290853874311	0.16034345860033733	0.6374475025910983	-0.7738645075082357	-0.5511854524487956	-0.6967934924272919	-0.9613863365561126	0.13186916428498843	0.056532859962651484	-0.30188270473471895	1.080826031670672	0.3777666084752997	0.8560218803076876	-0.13677860630212654	-0.3752411326093232	0.07606872779473726	0.5403675752050859	-0.6972733540947185	-0.40186424310875035	0.8314404116593191	-0.8082088040381374	0.4639637223375645	0.09183478541294224	0.5438842987904942	-0.7456422060398752
DTXSID4044456	-7.260746958210616	-0.33361850729937703	-2.9060982795322876	2.102252767249779	-3.9195342869844283	-1.573493838324961	1.103827473716854	4.259091354499914	0.5697585215575466	-3.8439418227617517	-1.4725747615067766	1.6558167863042306	1.167620519420786	0.41055086164140014	2.651981623309021	-0.3401058755950317	0.08789796053419183	4.239412642836381	4.241058710067167	1.020541616170275	-6.4091824698644455	-5.4778830066505675	6.362388687861018	4.096634285069964	5.893312687506731	-1.70583415527396	-0.9056813150714295	0.3207929511581576	0.22735939091722632	1.1726522240829196	-0.9347684815341711	0.07333111862713464	0.7039612659854297	-0.2411682143877294	-0.3519470796244186	-1.0970155390406533	-0.8523540241327855	0.017937196024257807	0.7419574223329805	0.018830902693524124	0.45158400976725666	0.17499373561397621	0.11702942880241114	0.24313955643255875	-0.30311897809309624	-0.8835049846280751	-0.723625626132744	1.689545897837829	0.48227882485556545	0.017475546667677835	0.07455206283580942	0.7864492052845401	0.1692107828984656	-0.09193138365688223	0.227059015284686	-0.1623211470270507	0.3702040577138229	-0.20223366256317413	-0.6219179174147509	0.44816481645072814	0.7537624902488402	-0.1861092840579912	0.14920717580547574	-0.5012801208217441	-0.17130104780315092	-0.8752359867633837	-0.5984146946187756	-0.1859046877199772	-0.3801110752916646	0.5457216598170731	0.674323389172574	0.2927368180127055	-0.05686801854803846	0.93157358364331	1.0106385501166621	-0.5647927842717844	-0.31766365634107285	0.4062919761879744	-0.5349540634027418	-0.11950135666420898	-0.9336207531692129	-0.2556465108561268	-0.5659720448486744	0.5633354292323152	-0.7846620437317228	0.45595979973671724	0.2577453823929346	-0.18129048921712126	0.9808621641830764	-0.39777564913595637	0.4976313069490527	-0.18824411411504466	-0.36848455723044204	-0.24112746333917232	0.6392587649600695	-0.20125133408948917	0.20225644937273363	0.5418312394145728	0.43919108135297374	-0.23664442908345154
DTXSID6047280	-0.5454499150074971	-2.9959114659540402	0.9168515043462246	-1.9659102434517866	-0.9766725773846539	-1.0347126610091522	-1.0628506896967642	-0.2332851143306687	-0.6421508221601469	1.3013360401211234	1.7017778534385208	-0.49105139439723094	-0.4010306378836151	0.24727933459044402	0.6405646243726903	-0.26232063449690046	1.7227021619107459	-0.13216289878718707	1.6827241270776336	-0.48971887315701634	0.6749092444085892	0.72467238606362	0.17888959886813513	0.9723641335749841	-0.8556502821377756	0.5640310629795631	0.1556759771870963	0.39960928560939657	0.04119510937273787	1.6473404451200848	0.03866433677344552	-0.7627555149664752	0.7514244336567064	0.6894389628703117	0.3630746055827901	0.27887603283519	-0.181599904990681	-1.0010765568672637	0.5015892379749802	0.4040914187782143	0.8199243558586662	0.34532555952913324	-0.5001595061784269	0.23153397066008558	0.27427433793157574	0.08518261793325935	-0.07215835696082509	-0.897476054530872	-0.16396709498164494	-1.1194423026048272	-1.0613862375395642	0.43447551081224217	0.251874525494149	0.11811174561362414	-0.2633297101947111	0.37408281324898085	-0.3051514219605309	0.4492968530608824	-0.638964652294825	0.10075715822984074	-0.19863778752240252	0.17903314734909737	-0.6470213073053058	-0.204068778444546	0.5343314484809917	0.04965996830887709	0.7197337717709517	-0.759960431275833	0.0905658175911798	0.038991942968594304	-0.4042535483276791	0.2149453380009162	-0.6219713178990786	0.1523797327989251	0.6656473070036996	0.4691524936603463	-0.1401964479809301	-0.005184140231151288	-0.38602333106897635	0.2410642911574466	-0.038793208613295625	-0.03856971366368066	0.5227824568744258	0.14524743696790154	-0.3138351851417762	-0.40480673629594915	0.11558152900351833	0.35646600388330724	-0.6092910818132504	-0.0625698073009978	0.40441413306265434	-0.4859675346537955	0.77618324121421	0.1413518620289531	-0.3278981746123195	-0.6199911355587807	0.5871891869041002	0.015854262232994326	-0.03148967230063373	0.7544681190892321
DTXSID6021292	0.09675962793125129	-2.649966162791297	-1.0299332532159928	1.1473308675345093	-2.235470879615983	1.9590367106056117	-0.4431859311629748	4.607713074834383	1.3211153297558678	-3.4664332889851304	-1.1907224543696961	0.5079650030399473	-4.021342109678376	-3.753750766629158	-3.1307299447384653	-4.170000417216752	-2.350427783713491	4.279010208577657	1.0332364634776523	-0.4579159045685873	1.8728108086614759	6.015775165868021	3.197903398064042	-1.3172711204587284	2.570046693722464	-1.364647327957148	1.5507199123360664	-1.5698400056791018	-1.6383694796379742	-0.4862123583405037	1.7507066726999316	2.4626861871162355	-2.2845817533704347	0.3174017883402678	-0.1287186085770326	0.7591935084559116	0.939862154519798	-1.1012859575706893	1.4249932356825399	0.7974678642790942	-0.6714438028194216	0.631446525821265	0.15984905811043604	0.2182802431536013	-0.054805855048054256	-1.1840021031745123	-0.2326292227132031	0.03965732406439091	-1.1416711828629291	-0.4900303605038528	0.75374922428033	-0.36479404182084785	0.30320448122125887	1.2047630293046017	0.5397645780379557	-0.2502456960455061	0.34971844930937496	1.3016334218003505	-2.271940525707178	-0.20478654756954578	2.0203534562804273	2.967065484104377	0.6605380379742858	1.13738488205113	1.4803229951484649	0.23718892587847673	0.1947382298437729	-1.9370838488679754	1.8905617863825264	0.7396188787420159	-1.612507079452061	-2.3363010277241005	-4.404235583581542	4.667119459129392	-3.0603083704525944	-2.383523351078763	2.484755810984432	3.4700534053454266	2.539471172181461	-0.25963953434820236	-0.9310813017042154	0.6441553782039964	0.30870599893827316	4.112014930492149	-4.563252360111244	-4.006756633357688	-0.1989498781513752	-1.4772567828957774	0.7396801176020932	-0.8279971038434536	0.8881981267657336	-1.4359231979143576	-0.41373771425605865	-1.3395929889593403	0.7587190600364875	0.5240619001765215	-1.0173157145413583	-2.6987684880458387	-0.2288298854427964	-0.1787421904654022
DTXSID7025972	-3.6128895078579206	1.2888973266714192	0.25555160302281554	-0.26887510109792656	-1.6318850078882308	1.1341166313382336	2.123547578036019	-2.4060567160049984	0.4996389382114689	0.20722530410790907	1.6429455916666604	0.28364936240461935	1.440754278149923	0.9005090318243423	-0.7194427268956807	0.11663002336760482	-0.607742639325055	0.6555703052936174	1.2688979735394028	2.408022652327247	-1.5843427122639642	1.9880268211479175	0.3252663697519815	-1.4081994750226157	1.9320490466367473	-0.3925302674289898	-1.0336106030541297	0.002449169387046065	0.2441722791506512	0.0682588587760604	-0.7637913239458862	-2.838615199195204	-1.2724696718399064	-1.0614553730487943	1.3238719966956658	-2.4383665303985094	0.6385041747800891	0.3945300163404594	3.640173060461171	0.9677031305562728	-3.57193651995704	1.3907433543167456	-1.6632895179149387	0.4743174572334465	1.4562769905636757	4.620860333556926	1.0627184297270742	-1.6404341640696745	-1.1983241637975723	0.9369647535792354	0.23942705614147164	-2.2934954705577075	-1.1733088603018298	-0.9801025383632226	0.07431199634006763	-1.5903624854767386	1.377363071906376	-1.2120773668241327	-0.4640945137996988	-0.018138113525591047	0.37224559562973586	-1.1197557957971502	0.8671810283641229	-0.36802987580019425	-0.07266105595749378	0.11288015653961835	-0.3741049958898664	0.19303802857206245	-0.4208907911087345	1.2524556240135005	-0.6353053917209364	-0.3990094785564673	-0.8987235689431012	-0.6509522581323746	-0.0638634302398325	0.6810348491540392	-0.4884886823885886	-0.5880569896505848	-0.42445580236990954	-0.9330108317583469	-0.9330932591993621	-0.08471100695861852	0.754016514803449	0.5061536994177848	0.27936283499290415	-0.47554476958231784	-0.25728715809074304	0.5002270917922773	0.6030657665715583	-0.35244889936219503	-0.11472140476486717	-0.3550967052632568	0.6002645090101826	0.3816335883110569	-0.2588121994981774	-0.39850910671170114	0.15023101261076355	0.002506576375892132	-0.49414254886642195	-0.486347950351785
DTXSID6044436	-4.010559272751913	3.781435849799006	-4.352302698759534	3.0511164219040396	-2.7321971312401554	0.6738323238805434	2.7609429662818883	-2.757802810211699	0.842984471356769	0.4887970702369423	1.8338089833763145	0.19036057324326283	2.675354667141393	1.8440771018996809	-0.9812720840711373	1.1664288915775025	-1.0306855813952547	0.09219266433125473	0.16040783246953969	2.2538796048582546	-2.8903050410613473	1.8472792734312562	0.5678024567976823	-1.6737693833645289	1.7211725530782551	-0.9044251480602038	-0.11712530633253354	-0.41289909255611623	0.002550275267065382	-0.9021005385200852	-0.001993900597839569	-2.983427522805771	-1.801106063608505	-1.051696326633716	1.0036162839483105	-2.809329691232919	1.2211281915261383	-0.17247921885067508	3.756243248123166	3.287120915197616	-4.209685864722421	1.7795356598573084	-1.2463997579238604	0.6836639180737997	1.2101072251560623	3.8434691166293655	0.29357721166865786	-1.3569243718696407	-2.0239545855186343	-0.8034870520258924	-0.6602779783247099	-0.4412206056201925	-0.2907158426485696	-1.2563678569161687	-1.190075161008553	-1.3725289292551246	1.8179423311986105	-1.2687780246061124	-0.9898617257652662	0.08538762769278968	-0.9177579450299863	0.09562894244019009	2.1697064270362016	-0.7404733651751456	0.9459542526664718	-0.8101045911302758	-0.6506529330535752	0.836739230135848	-0.21813238645484506	0.7729561165486256	-0.4122874282719301	0.2918017171555039	-1.1822534097897417	-1.2190201703818981	0.569260676880175	0.7996223514647506	-0.7180004287212095	1.0193957786656507	-0.42335611563794856	-0.13715579672532643	-0.06776925394433031	-0.7191899607066259	0.1523188117082555	0.2246789543101064	0.34650278500928516	-0.4507622150370155	-0.4027111303010258	0.3179842774318108	0.21988237853666198	0.21609849406611414	0.7452735398076629	0.36607046265850596	0.21263731522085103	-0.14783727707672645	-0.3773238675159323	0.47729324382359634	0.08666180557090639	-0.0902248974522687	0.214971001288749	-0.260668391950446
DTXSID0048971	5.598711213752921	-6.1113777504153415	-0.5538301740296915	2.0017455583552715	-2.1519219856960445	1.9293241032886979	-0.19791145594090775	1.5786055028911066	0.9342589860704146	-3.780076395520908	1.7254651888097117	-1.2421790510246036	-2.180386500975843	-5.071768451425234	-2.4526637822706863	-2.831464292733886	-1.1662305212476094	3.3689072059265066	0.09816806842268823	-1.3023783615249847	3.5596594375173645	4.135240834746839	3.749115842196416	-2.7565108669667553	3.2432585190526497	-1.905888858883129	2.3935502252815937	-0.27509748537997886	-3.9723208591917745	0.3630809438122987	1.7366139887167635	2.852229947119422	-2.559136863826865	-0.3971050666007647	-0.9107093060866319	0.7365527019026405	3.017852821655598	-1.4868462892283734	2.7231128804085145	0.9395683069076703	-0.2781704178418828	2.348333778482412	-0.0029794579494724816	-0.08676358478343399	-0.869717060158461	-2.1111789691516383	-0.09442273149201935	0.1336555341270925	0.12951804187739366	-0.586473667156537	-0.7690103942243587	0.07667157963607986	-1.745491504652977	1.3244973898666699	-0.793885209794814	-0.365320565553238	-0.5539946148819566	0.16896496204912034	-1.6523637112806266	-0.49709155053088	2.918037938703835	1.5278893023360915	0.5930245646430918	-0.4837952751148686	2.29558914502979	0.05046727918479089	-0.3718865120475499	-1.8332401587057887	4.41234289664243	-0.17608918318487993	0.9868652493687498	-2.244868753259004	-6.111101110124666	4.756282739141548	-2.685238527629142	-2.196043672501717	2.6601595676268657	2.7556174530574817	0.9058962192717714	-0.14241208972234864	0.009931745357643736	-0.5763350541303272	0.8562627744519752	3.769206294876839	-4.597831387620931	-3.535020034241921	-0.8319819475491962	-3.5251357389272733	1.2138950164748512	-2.174292106286896	0.028920342661381365	-0.7408494332585853	-0.6997834908632099	-1.4400477827184421	0.8074553269069114	0.19973371308394217	-0.8469354153173907	-0.552721441201905	-0.07784206291071862	-0.2921218612798424
DTXSID7027253	-3.5420665969491973	0.6738626044431961	-4.140006594667804	1.804332211998814	1.5395976222598338	1.3473682239766331	0.5301626949437184	-2.6513143629890163	1.1372929345787084	-0.38298504256024934	2.631902548205319	1.6091417025190307	1.2971833799398977	1.171358158696247	-0.9520374191870058	-0.6113117594691118	-0.08173975660456675	0.6421507993983785	-0.7007580571267252	2.035463371049321	-0.6866432044462008	0.9546016028243041	0.7261014316826826	-0.7209322518462362	1.3115725494305148	-0.10562332734891748	-0.362381347668305	0.2706931451751099	-0.0994018395109621	-1.49348627186447	-0.14150342964943433	0.41893123677145505	0.2982998784851545	2.1504157273924114	0.10398071540454165	-1.0591415708589949	0.37723596877457155	0.2518224283946997	0.21512371361252025	-1.0510835163854237	0.2313243490848844	-0.2504617882322994	-0.12199067511353817	-1.4248639890132886	0.9904009519920164	-0.09582986945684932	-0.7370082689404848	0.2256589136991068	-0.27760787406130805	0.8393480034615713	0.1201726848453023	0.9303315272032979	-0.5843239401440222	-1.090297779190518	-0.17869408990756785	0.26292242115432485	-0.3960496209463481	0.828335944934804	-0.5203411936366793	0.6091682735650643	0.39597471506999227	-0.6034124704569251	-0.46700677423055365	-0.15645011132349854	-0.32499247006869436	-0.26009623616558497	-0.41596285876753974	-0.7034886899758298	0.43048309470301604	0.8098718283228535	-1.2173046474148812	0.28443996369687574	0.572825889274511	0.357681640688307	-0.07138345063992042	-0.32025993695788185	-1.0372085066825607	0.11643843268991665	1.0226961846616276	0.17277423057466346	-0.5779423407000025	0.5814421786292571	0.16626158338509686	-0.2995584791788725	0.25458109915651855	0.271178359703115	-0.17860347602917506	-0.09920950267981099	-0.2991643360398763	0.17221442743453738	0.30448972212073716	0.06645540054518988	-0.7888743918398127	-0.06038634091627819	-0.4164746076509917	0.03536324377101764	0.03203751466703412	0.08692173643201227	0.1579561414291321	0.5088908704860743
DTXSID6047444	-5.258857202227707	2.515016676365854	0.3186443737670798	0.0890246902154789	-1.0490865731020484	1.4722598708442338	1.638236316890373	1.081748209884523	0.0013797348323588868	-0.10244211774373292	-0.5885980108050266	0.36307842412810076	0.7477873136933482	-0.6097329042383663	0.6488233263261547	-1.7344939814606344	-1.3278102694902492	0.1038129095656284	1.622121208655423	0.25648176246501875	-0.3534636842934526	0.7169609774506557	0.3182545913770804	-0.11574339715534457	-0.15569255162642284	1.0770653621739106	0.5157949683652963	-0.11875147285022421	0.11077348930935978	-0.08681579518231555	0.04991583877203324	-0.9565134730707934	0.027312555490027795	-0.2542253793773144	-1.0156468960757947	-0.09960231409291202	-0.6489007978059934	0.17739243556852005	-0.1139677857286382	0.40370538224586555	-0.25663244635840216	-0.5877476221892538	-0.5015644352640642	1.15969663139328	0.6807385373016873	0.6316540592546367	0.11518887614411173	-0.8900642566741399	0.8012798853720134	-0.43268809726172935	-0.11947057886013114	0.6121638964830998	-0.10386278247412559	0.8116977732443649	0.20152942949879932	0.5456251790278228	-0.861096879228214	-0.5127459973519644	1.0863908908004392	0.7042127484517994	-0.16425275968155179	0.6747810117817261	0.3617633552776823	-0.22335533293882986	0.5299714720010983	-0.4536125931839509	0.6761837054933826	-0.6611421649371437	0.18657352013256576	0.11072752298658226	1.5848072416579997	0.13060910444274126	-0.0039458925234952605	-0.191635636276132	0.042431432375448726	-0.3494438486173593	0.5162659051380463	0.11741061366722703	-0.1805756696092492	-0.5980730490796411	0.6968515934540306	-0.0006976771763176854	0.4466702158080223	-0.09366196442273002	0.02946210625998646	-0.13779555612003522	-0.28525476339489103	0.7058345059555599	0.8408441335092284	0.45586008404221895	0.5482694401099067	-0.819741531875307	-0.22721218167361618	0.47578639250300686	-0.35261396119047367	-0.1405682472160379	0.02893421478679699	-0.228215701933859	-0.6743122264657156	-0.1637706607375878
DTXSID9044405	-8.28549041639151	0.6207456454973235	-3.540763027470952	4.642614931401584	-0.2384725576542135	0.4845892061796323	-2.1287176860217287	4.293915961503312	-1.2674179164571613	-0.7957156320263652	-0.14181125945777207	0.272985187350596	0.8910233614778873	1.0949383411633895	2.750991677988411	2.397666735117605	-2.272980738112733	1.2167037410383905	0.11086214385268525	0.4355152544615989	-0.2257633232998029	0.024536792109557334	-0.1350454502441863	-2.1418446474232535	0.31549862408167323	-0.7497704491626669	-1.4449865147606447	-3.5074022348535436	1.880986581967958	-0.41939210695728363	-1.2898488153635033	3.117275823582335	5.055258841282269	-0.0754010603991455	2.6570061612254197	3.683109554417578	2.1685514149593055	-0.6168834009580048	1.9721405062837427	0.6107197759459642	-0.6150682453071538	1.4300377359441065	-0.7454046556063647	-0.16454352642588246	-0.019219716063856248	-0.5036773043230038	0.38332527849922315	0.4283718369006936	-0.2917977782256859	0.7810046837392244	0.015333563752874684	-0.3806891725423863	-0.12031565719998843	0.5763150300287101	-1.6357031524223304	-0.4805255243411476	-0.3436024433184652	-1.3262941302157802	1.5475339977980547	0.19451411402454452	0.2848199866318065	0.5094239860809928	0.5262486360832427	-0.28898694813183157	0.10216946873854585	-0.8044381484216477	-0.011505373481177436	-1.0394076651433672	0.29827987747608514	1.0256353452161684	0.5561211611747107	0.4364390257802343	-0.21015974490901834	0.6670261220882564	-0.25007983290669406	1.4483057106562653	-0.4634175130681117	0.41897374389635955	-0.888549382680607	0.17698394192459357	0.011714855075733829	-0.47980083776645427	-0.3952070961024578	-0.007828662332537142	0.030183931280144665	-0.9486645263152874	-0.12702561489215716	1.0535873593677831	0.546061332539722	-0.5160154052868096	-0.09046245862938432	-0.8486493558205483	-0.15294272637310918	-0.47463168176930975	0.20093342816980786	-0.1898218019115916	0.13655869483307825	0.48808641465573316	-0.27841996279219994	0.9530490113660554
DTXSID4042123	148.2747605706529	-89.35511468589483	-471.3679851751227	-97.34376249935751	1076.4686939735013	18.992736895956565	-226.4918840622472	160.10090433226628	-197.62651144626741	-155.9686185859502	41.59368104716676	-42.28340630087635	136.6613422603652	-277.7904724528456	646.4153996505445	431.74202496905417	100.43031190393101	153.401178509933	-16.914108633585954	288.13271391116	-27.46369214594429	450.6708530256672	-406.5683117147736	213.69033345443225	196.57049889482286	-298.49361876708815	96.46197649867993	26.293748374515168	54.00032553533269	454.4633168964015	459.0825407490499	-418.7082882810452	13.730224462519965	161.60487822352414	-225.64723040455067	136.5089154691753	178.38468975694784	255.85659686692185	-325.16704717610156	-86.49481328365502	278.05357009645036	148.5373907852843	-321.50130706354787	171.25604783253283	-89.16912847552426	30.496846354107436	59.840038632287694	6.814466799068048	-262.8697764951231	330.83371870360185	-272.166223391089	-61.487310930580314	332.1592075803598	46.77004995025312	-265.3890301721463	-396.4126956354962	385.35535534634175	59.88961250120783	364.8673063854863	-68.64058031873105	390.91639774481945	115.51602896388	46.34075651036563	123.65124635150548	19.382650016698594	186.81637038411705	66.89602036247176	64.57232139236466	265.6079448797088	-150.68431100820217	63.43480163176909	115.49850288541128	20.079473195396208	-21.290732937821566	124.00432091322111	55.851427290710355	-360.6113799018806	475.843092565385	63.056192190912185	-264.9338768869729	79.97348730925465	368.7069892167	224.2740822614065	451.3869917677592	-159.78627631933577	472.90292513752695	295.90915890703064	-119.9669245739845	-55.85647069312273	-184.87364738196865	-58.09809493953844	53.088119143152916	-25.68578190808886	144.30031107712256	250.71082258521912	61.36212463547824	152.0387731641667	-325.44332309638764	66.44139598787855	517.0064187487455
DTXSID8027084	-6.181906774494656	1.1823020945896445	-5.576490587046005	1.8607130900566895	2.94948023369984	-0.8420931810810048	-2.165740577959262	1.1646657136489609	-0.6663488787065361	0.939191918918892	2.367806435995062	-0.600618974156972	2.7981739808686235	-1.2969597017479153	2.3141043320933434	-0.10246663204981692	-1.194518734371088	-0.5612884261931811	0.9730990975521496	2.206298420166843	-1.6179504990863345	1.5355949601267316	-0.7250597717066203	0.11693807180781238	0.33640217621230833	-0.7453960104486184	1.647421958143445	-0.7683388025274838	0.41797723939533193	-0.5568394935164794	1.172286265512171	0.03373150375566772	-1.0859311854105103	-0.79379947076026	0.1603371510501274	0.545402915425705	0.15075022603902852	0.4838782246974882	-0.29533746324876353	-0.6981272507162295	0.3343614946393312	-0.10428495284558309	0.1464782972077619	0.7771770246150064	0.6277567253139512	-0.22399455919017044	0.3641255874880331	-0.17251987551240935	0.32254641668805417	-0.5452190925657026	0.06518299944053679	-0.3852660128905396	-0.5433744920410438	-0.04722220550564397	0.6093717530328654	0.3214614418015689	-0.15385262938019165	-1.3921459701938792	-1.6144994736946008	0.5304064750913396	-0.3866172575785346	0.24312045913756775	-0.4199742085931228	-0.14581161162813416	-0.04492981393344613	-0.34622859970318826	-0.9505252529791651	-0.38636888630776456	-0.6674273358762012	0.1790004960708831	-0.1548387873177907	-0.5935250734379408	0.48413210268563384	-0.5415824129603175	-0.32231929036288515	-0.4990141545748093	2.4556901257109947	-1.4651545771604022	-0.8321601888968139	0.2412912114369578	-0.12631482469585684	-0.7235099522142262	0.12636667645301972	-0.3389104706058868	0.22077964953808574	0.24326893083518925	-0.40777454182957873	-0.51587568834021	-0.3379138838693196	-0.22699124187928318	-0.28774051602694284	1.166853166169653	-0.4604406745753899	-0.09229537053978865	0.5557278351143584	1.045198986805956	-0.14500512233457116	-0.4552935697982755	-0.16322606794549785	0.12521524583553975
DTXSID4027361	-1.2901110901398143	2.3705015426986953	-3.7286795415235727	3.5212796716489305	1.4250768975359607	-0.9750257971677938	0.214760803886656	-0.631236817149433	0.47637716081555503	-0.09259015867494227	0.4231609665502007	2.234536223473966	1.2171353907195248	0.9812811375760067	-1.6055351834349512	0.43040988714317147	0.9105100632502396	0.8405030778280334	-1.2725535181761995	-1.2011525280818112	-0.988767052067061	1.4423392356742128	1.2257221540006933	0.8650039752675311	-0.8265408135143005	0.7243293869452123	-1.1685412413523197	-0.6181776605232214	-0.012438763647311621	-0.9848447217609242	0.7436978533866521	-0.18216665141343832	-0.07360880083587332	0.2625399309087599	0.9550110255922775	-0.18880523120648132	0.5872067881066594	0.5159999919310932	-0.0209141439030631	-1.651259865572543	0.7049362798253185	-0.7942626341775068	-0.5185105734310174	-0.32627486774978515	1.0777427587571493	0.46547453208291434	-0.8766740047545271	0.8824556470464164	1.2352179676184616	0.979618423156769	-0.853768410959943	-0.2650976725538616	-0.3758436721478726	-1.427399726137575	-1.027546293576353	-1.3485451839148987	-1.9206128830033697	0.2890429207032035	0.324049785730387	0.7124712206672974	-0.9497724976041352	-0.7857018434636404	-0.13419357050223124	-0.5929982426105659	-0.07116628804113051	0.6562169286314804	1.2793576921332257	0.028378234185614044	1.5651912669894403	0.03839843069106848	-1.3110549058167917	-0.6636165540812619	0.5883278690771796	0.14783150606049986	-0.904908017491452	0.2289068432775137	1.0497260449139754	-1.5086094187972348	-0.21956175998814437	-0.3866324463401409	-0.6846928160788635	-0.5961080814499105	0.7491350549295481	0.4645056915545844	-0.6265299032244978	0.2069188731964638	-0.7397253472915315	-0.19663619550900638	-0.04384984492605916	0.5904088370212034	0.6666587447623531	0.7076736420436791	0.6872723684773097	-0.5801744006471586	-0.49584748826811387	0.36891448682630157	-0.5377073186809844	-0.3461182529911143	-0.49681718646344275	0.5783138506742002
DTXSID9042382	-0.025811515996254305	1.8974805918544893	-3.1904315155736334	-1.9294147994238589	5.8238084404633765	0.22980307716910733	-0.39935981263051085	0.2360010645379318	0.34217695843098844	0.19954009618764262	0.31860458272607595	0.8118779909869004	-1.7459758887891903	-0.9221026837949099	-1.2858687389526087	-0.6815725791065769	-1.2946359243272347	-0.24144927853515238	-0.9611779715873396	-0.2172258007052241	-0.7807463453323285	-0.6565232480213088	-0.2215602399643155	-0.22594052345237123	-0.28812250739434514	0.1312901937271546	0.5197314511684454	0.8138300390567785	-0.39910759493748627	0.3624685017224472	0.51988194066162	-0.33925734599501933	-0.03816330357472372	2.2575727450274528	0.9400524335681455	-0.003420310918529484	-0.2593216663771293	0.5456297300385369	-0.6507060634113313	-0.06147906002749134	0.10414192728288768	0.3794894656037614	-0.020718634463817345	-1.285460987481965	0.9418046045601018	0.33681872036178145	-1.018723264285631	0.4512770261095785	0.09067858442032717	-1.029151919588157	0.5172315991556004	-0.045724981100880704	0.053437614131695274	-1.9190028098302514	-0.3817911711566189	0.16123869467476587	0.015603184221501296	-0.6416229700769478	-0.6899325620571919	-0.8224321369334363	0.11001225595239993	-0.9739798373759321	-0.5129301583205151	-0.6201922503461939	0.8056303077402271	0.19939903830948622	0.4136752791978514	0.6118792308973452	-0.2425966645816816	1.2769458374157456	-0.581120949079903	-0.4076075684907736	0.3825677941513795	1.6749127018491217	0.29452676840862246	0.3825146268083379	-0.08077543511588138	-0.20242533815126793	0.89145039321931	0.1734266845599662	-0.21388657956891458	0.2604568301866844	-0.8094178278794686	-0.898291965683948	0.10986221178300004	-0.24748550846841158	-0.7418218750887859	0.3513291750004104	-0.1810555568550016	0.14500953824654222	-0.2416433708934163	0.5116542200899186	0.41898688020412284	0.724526436571649	-0.9309371099965201	-0.23704531386673572	-0.8184025955801962	-0.504200211138208	0.182850650522875	-0.20073396866339016
DTXSID1024338	3.2968068230692498	-6.515864577850449	-5.732763346451014	3.8426345016057257	1.082094234912066	5.684000476823985	-3.004326299212707	3.9919305675868486	-3.972806111474908	-0.882284630071743	5.037081840459675	-1.8922143363571122	3.082888285268946	-2.8132953792642046	3.610279770069921	0.7979139193335433	4.061657052079956	4.114025289713076	-1.4026316704194741	1.5716550955585098	3.475327991979862	-3.577814668758257	5.520727033027187	-5.236332156836537	-4.746031157271225	6.994111481147578	-6.8697188711890655	0.1223195023497074	-1.840787493149514	0.11405872341736	-3.0577150637219566	3.0548250601005416	-2.4469511616443573	-4.303852947144831	-3.4488628855244583	-2.8471561983134364	0.20682097539408087	0.2717585529550232	-3.413545463737211	1.969906527828512	-2.046816409271965	-2.0840240552021783	0.7188984588170019	2.699704746617405	1.2189118222135957	0.7769492155054173	-1.1579749038400233	0.373100381833367	-0.30715317003667225	-0.06570406011215518	2.480406267801922	-0.10523684268830556	3.406291898940154	-0.7597482080663108	-2.3203002777657056	0.6880315956380401	0.216498021685735	-1.5314931621788044	-2.254899237883359	-0.8526751685624568	3.22601558083996	0.7639280875384483	-0.6501248002605187	-1.577987269818814	0.020881839411063308	0.9849088395753531	0.10335969566977028	-0.27372443040465644	-0.09233975595999766	-0.5274225659320168	-0.7570091927511623	-0.3898852419734273	0.442150957270118	-0.14843495826153866	-0.24515706781447366	0.058389440150982554	0.1720407185497209	0.3008014963036059	-0.09976099805323806	-0.14913348291529985	-0.21891062433826794	-0.24567536260532408	0.1299382599922368	-0.17619648166327498	0.2814525516256148	-0.0042335029210266075	0.056941490500280925	0.1411312755541131	-0.2976309529817979	0.07159792495707776	-0.056723000588692195	-0.009000337274476813	0.058790506747652384	0.08921379915038088	-0.031232100079674283	-0.005258740198030544	-0.09183899540252953	0.02917274585041754	0.020445183523375605	-0.0015677259317345056
DTXSID7057606	-6.5119398654503104	2.653066739217703	-2.528213593941802	1.3210177146790012	2.125933702278547	1.0075642980213666	1.5204695333366227	1.765354679239984	0.1728715656054659	-0.41959888289403036	-0.8044128530458325	1.559088059539817	1.4934260159791723	1.005957662202596	-0.14157648694834457	-0.7220574468356329	-0.8100435212833139	-1.165113483298669	0.420436974561356	-1.2631682433777576	-0.5685407518887517	-0.4107015420546735	-0.07807967602192259	0.658369697244393	-0.6411159269011097	-0.2775866463637257	1.3001505809173632	-1.9171006376802842	-0.9499399755897964	0.1386853599493993	-0.25644135337400004	0.9370095715381491	0.3602555007911576	1.2028564389505532	0.445359819868457	-1.8508890395833748	0.31291008923740926	0.19951021390963444	0.6773934229865757	-0.4074557159867067	0.7635976711349545	-0.22326251240284642	-0.15771856504768814	-0.5898665965401685	1.6880263385120025	0.3713953760808243	-0.77997569240335	1.4161382168580259	-0.8670690706599369	-0.9459416837250025	1.0357978776828174	-1.2276111255681041	0.09484829424165932	1.5186307571004873	-1.043892490758725	-0.22160249693852485	-0.1673877053922214	-0.402175903979364	-0.35654826354371205	-1.1874075433369824	-0.42169920601939576	0.03445109363964978	-1.6216135624118078	-1.1724611941715368	0.6182743277801692	-0.009960300470789864	-1.0918437145869324	1.6505581021531421	-1.2574038665523286	0.2107112393708366	-0.012931127149110265	-0.3729942021150095	-0.5598641416135424	0.5888307273510582	-0.6298082199982339	0.45778628008379374	-0.2595639967816106	-1.0952670437720746	0.967262098300945	0.400643614338398	0.12780928934471125	1.0603156464906025	-0.44639358671068424	-0.04593186135133772	-0.09076727935701323	0.08178482850344775	-0.0037093230057121678	0.554928094731251	-0.5208707584888879	0.12596652435639322	0.5623549241032434	0.20655516130347382	-0.3035719597617915	-0.38856411044738376	-1.0390438499180146	-0.2532502300444168	-0.4134188340141079	-0.1689485642963737	-1.514166772068175	0.596514517718514
DTXSID4041529	-2.4767826992811965	-1.1075864339271622	-2.689689229577778	3.069339376603178	-1.8471113832061816	2.399578197536926	-0.6429798908535627	1.348515698026578	-0.4745042244377923	-3.496535563238473	-0.6643848424151867	-0.41391866201003125	-2.4759845919291	-3.7961153579539473	-3.039413119724225	-3.621071019324698	-2.3007365694771464	3.4493170881745994	-0.041537685383617	-0.4712718248415993	2.608904798701595	5.22067813973888	3.4667892731364214	-1.421384331364208	2.1682760887299137	-2.1540152953465834	1.4947729146312467	-1.0164203871231323	-3.020278483653665	-0.14945565181908035	2.010588565707864	3.0549167756387035	-1.8985347134291424	0.35816478588409584	-0.3591032872411087	0.5331592684358333	1.3873503619428642	-0.8069801736656992	2.863098261364152	1.231696915013789	-0.5326332189064273	1.1904918508389113	-0.6612326320976647	-0.2176650969403254	-0.5462719610036814	-2.3448073980906576	-0.47693697209530067	-0.11370255146642351	-0.7389091791397383	0.2186978537776647	0.6958093429618883	0.019778597302595603	-1.5960679366729589	2.271435012537613	-0.026747713553331158	-0.5835729509852821	-0.24169182623874833	0.847066250556736	-2.894187926554249	-1.4218616307631244	2.905749870904221	2.8146282340894384	0.8864100769285223	1.0244111207196462	1.5725902859702363	1.1092132499405387	0.02396671076937883	-2.6318901134793937	3.147438450383864	0.34813474398749433	-1.5656892290822073	-2.300762476133747	-4.936053518236462	5.318896894592805	-2.527988850820356	-2.821017381865786	1.6380602361408343	2.937668819888399	0.7754723458316426	-0.43489798547677977	-0.7462909079844882	-0.012276499482088341	-0.10738980964223656	2.535603520964104	-3.925193155499903	-3.7303873829248575	-1.0073200687916168	-3.188182166816311	0.9751912636500019	-1.972100827350909	0.5916610959522319	-0.8346277656341808	-0.23404306238786832	-1.1586599059114462	0.470895007107452	0.2662925280442021	-0.4079364378055944	-1.1995517486390574	-0.6020370844294144	-0.23076908842688162
DTXSID9023386	20.73878786393713	-7.573573854527863	-1.7412044793238162	8.190785671564942	1.5870590285215518	1.5723860223072905	-1.0632805139063868	2.2731592294775753	1.0362846839231636	-2.607080440376316	2.852730852207342	0.5188042360480873	-0.46286961623106626	-1.9424618228023567	0.4868207012535485	1.4487161810753963	-0.041922962681122264	-2.602188656417087	-0.1323297443095754	-1.2558941852534506	-2.520464681262925	2.2790785560747127	0.30285119192355686	-0.4132773548064465	1.257146384162262	-0.8958532041487313	1.1703984331940653	-1.9485265992363763	-1.006310972349006	0.22189782232748914	-0.847765208701112	-2.424712837217886	2.057426442777958	-4.20018581001743	0.8094221707126059	-0.3303089833945609	-0.14385058570978715	-1.9299230365030016	-0.06817378199410654	-2.0179958832856375	0.22944504819164355	0.38715108289200023	-0.015210770919087188	3.8633913125141257	-2.3549376949120795	-0.5670677741127526	3.241174174142481	-1.380180451456328	2.010524205460461	0.8325751147149845	0.7245266631636957	3.9770376580448956	-2.1791614583480214	-1.6573517923459722	3.064385803317155	-0.3325013774457689	-0.20539580687517106	-3.181649622849561	-1.2604292670298507	-0.12498243120963329	0.8499082405544066	-0.8418407666458022	-2.8086042803938054	-1.2909327893632647	1.046775494590252	-0.3496885250701563	1.7649675266241638	-1.452114459048617	-1.1194359913435905	0.016711603808135318	1.3645480641139685	0.628498469516933	2.0458271319773593	-0.41434186436384324	-0.47879488005830567	-1.7203994592310448	2.558670947506872	-0.5930989315085825	0.04721410359044425	1.0812255814871805	0.1597016508030596	-0.08841447100012127	-2.3530758802354304	-0.34138942949290746	-0.3962152836656492	-0.8218887518738833	-1.343910595182778	-0.14655938095928014	-0.6049103323922782	-1.133782776202634	0.10469104483106342	0.9330588388321053	-1.4387182418322113	-0.6678329359880251	0.9766652594245809	0.9497376858265287	0.7340924424575406	-0.3965603166743334	0.824002141803529	-0.27614605581786456
DTXSID6034712	12.939947745124298	-9.550114381749186	-8.33226818419757	3.3414529502409245	-1.4288486380754615	4.507548040280874	0.9766290777053638	2.985156104922457	1.0733091936758803	-8.734736855627162	1.643349326595964	-0.12055426044344415	-6.543477155276027	-9.287045371608412	-4.307748903961084	-7.239881833440733	-0.754489866433839	4.794575764598034	-0.33336799196843087	-0.8045634827702853	5.6626310060984935	10.433334025030378	8.316639445637058	-3.9495710927923744	5.707291122590729	-2.6749652853229517	2.32619389023075	-3.2697593527328355	-5.977315455026487	-3.5908799192222025	4.51251027501867	9.077923814224127	-3.321526042424272	0.4033900891711607	1.1273576535887837	0.5376007127799416	1.3576355921426668	-3.366729181531036	4.9342361452861265	0.4547784142265799	-0.3589188476464346	1.2595843867274206	1.06239215598184	-0.6266702080639046	-1.0091062767432017	-5.1225844888411585	-2.2057852737280745	-0.48426619641105684	-3.1337865740380724	0.7899558484337917	1.9377820831341328	-0.07605440662302122	-5.5623098150523385	1.8198751264537802	1.2630433209384246	-3.4783168724062357	3.4401962589224175	2.240252906686768	-4.8762963557379315	-2.6434346020689055	5.58528023005531	5.39889074974875	2.645629272131738	3.056269211828985	1.7890137581218641	-1.0131068249405142	-0.758248466904207	-2.470372927952374	6.283263246828655	0.36567580188126103	-2.453951145560047	-5.699019037577632	-10.450620249235435	8.475372217083757	-6.125645648860684	-5.439708148290587	4.609590269290718	5.805654731854832	1.54901756494082	-0.7180797927573024	-0.31022990204937306	0.9416507847397335	-0.3547139827761428	6.8538604188223	-6.30817798151315	-7.419259922381703	-0.41824544672502956	-3.8741432964700477	2.8187996443064076	-3.1237721668124605	1.9994686581567052	-1.2393198099333682	-0.13857499380557692	-1.3238245706288434	2.2502393123884947	0.30398729084991527	-1.854290884464595	-2.6660706498684132	-0.20008581554509147	0.028762752026707052
DTXSID7023986	1553.7604202138216	-758.9827591555104	-2259.772432678674	-598.50445509735	5196.80601885231	75.40349477279267	-1172.1097186942911	790.8684686368465	-691.2649692228063	-375.6017089488897	638.5823828058634	-158.89800645144123	789.1674442748684	-943.9071312701275	2943.591628719586	2318.9820628357274	437.8178267761486	560.9275214896027	-46.59689509686736	1313.5205524301061	-330.40131229219116	2223.0039632584717	-2328.6937468119604	1146.0394158985337	1722.2935804548613	-1582.0169806988813	147.9355483011924	311.63444411567843	-90.15258866992184	1609.7820335830784	3328.4100810343575	-1804.0481801950073	345.7692468774109	893.7872681281124	-702.1208431411789	1221.9449387656534	531.3145053176177	1335.7543327989852	-1634.370151427865	-1045.1056621543028	2028.3709175080448	579.4349927695822	-1842.8745140613892	1858.4108894515743	248.45003996804257	-91.77052610444142	818.6898201333777	342.65412560449306	-1848.2538556905668	2924.9933226543308	-1533.9907804163756	-897.4134011305674	2216.062193107259	146.75434045418632	-2354.622309916419	-2531.9789743044253	3452.6562007986654	-43.949699333836435	3632.2420849844834	-2043.60936399995	3605.726308105028	2498.9895012593	-1219.3101194818407	-1455.4871366234286	1789.817519837842	462.36053442230474	660.1713638170694	671.4296958313308	1185.4595131931383	121.13574538922066	624.4997222159376	1198.8991146353358	297.6714806374584	1762.4834783657893	258.34857171429167	-334.2023423476274	-2337.6415989594943	1549.862980003895	1767.2030201338423	-374.5371411604154	834.9218939406386	978.1957476495252	1296.5274058620014	-248.98370324369395	679.2767345902165	939.9462229875322	876.7103498497526	-594.1687367219174	279.8576399449462	913.4373496088056	-441.5667975373368	2.9381442547788748	599.414315157894	419.34429437116614	292.00488319063584	-926.813313810426	-299.34807797791603	577.1194495366734	1942.5863777152774	-1303.12211714931
DTXSID8029234	-6.029791859757887	4.641216925957551	-0.7282279533381197	-1.2550637795219652	1.0828532026469324	0.1337492492628788	0.6329159390438036	-1.0765975605285603	0.6913130719037752	-0.6787079688389626	-0.22708554689277077	0.8834918352984279	0.6946822705706849	0.4848290773456636	0.9333872876544215	-0.6731484614541058	-0.9256783563845159	0.8224239478324197	0.8013335740621949	0.34042463874002055	-0.28568519190317904	-0.17179203461615183	-1.224441385062389	0.43109062952399096	-0.9766229705368593	0.24181288791611624	0.3303602590705188	-0.6147331447364162	-0.09417219654579875	1.7581462120245896	1.3221784653972393	0.7795216700025288	-0.34751143860412814	-1.3076709001983742	-0.0611030710203099	0.1495674933326291	0.17922698987116917	-0.6284828852914346	0.5328518092204628	-0.5436064358576662	-0.40689375049004534	-0.5795579715136748	-0.06521302608774136	0.6378806060900254	0.06476975750436074	-0.5127644567819682	0.8617259868371537	0.6159121349653477	-0.39129444911094624	-0.5290432995913019	0.5319819884709652	-0.2025870294337377	-0.19255053537046818	-0.9884097218751157	-0.0931519369130527	-0.6964166902834271	-0.7403042822288763	0.10175963115683612	0.25843059194323126	0.32046983852421784	0.4232213929982977	0.21446745995551658	0.15059190984067242	0.257866100060125	0.2848916768377094	-0.015814233992582805	-0.05825173153757101	-0.2783958831660965	-0.31532049829982806	0.95482074918359	-0.09230427107627251	0.12022039073797963	0.23438139794750198	0.15700099736894335	0.3798262083179046	0.11584735591181873	0.06767075691101727	0.5657764864250657	0.1066998931430676	-0.1329377239547973	-0.049948051240530505	-0.23116649516570748	0.012388742672389739	-0.02961343380927926	-0.11532619503221218	0.16985202240054398	0.3632310192773511	-0.037155820087084686	-0.3333300711518625	-0.352766127994668	0.09935095702652497	-0.262672662102732	-0.05316889319697759	0.22260509856068036	-0.6123062346798441	0.10500004132280379	-0.027912264973548314	0.024640011761525096	0.005113018476966243	-0.1260278655286272
DTXSID7049390	0.7183432939012324	0.8162212054583038	-5.672511219966755	-0.8534643846701356	1.6993614007016677	0.19646447668812772	1.0563817380232643	-1.7605619751350974	-0.29248831721957896	-0.36698446162668247	-2.6044273458452993	3.4391168655275064	-2.2985619396246944	-2.039296626564537	0.28179373862687973	1.2482712673782879	-0.4607079406656815	-5.946989948953187	0.711912024579879	0.7852719846053829	-2.0357140555989273	0.9583316925663494	2.189703963581491	0.7793398045073143	0.18909771547683424	2.1018541400367017	2.0808137027106253	-1.4049857366303278	1.461180721109224	0.7046082211419574	-0.9788321864443519	3.2108460015224423	-1.1285119257040257	0.06066176507918518	-3.5740766979897804	1.3293067200513804	2.3135630344455036	0.8955150958865383	1.2664863007262581	0.998581028691366	-1.9361359847699362	0.6511120843228001	0.3816620250302237	0.1946074011612856	1.7513413758663245	0.9247840271492077	0.4855038830584496	-0.020445648353259408	0.8588547784461158	-2.1098570421495184	-1.007382956197393	0.7920383424882461	1.7100195388966406	1.4541717984611124	0.9559044824764533	1.4407720871317464	1.7196068522052206	-1.6267070265770258	-1.0436118533699648	1.871320447599673	-0.23149667784556485	-1.2409681933441559	1.8246444460100748	-0.1937106113979388	-2.6153929019923634	2.344706294724562	2.6937280435183	0.7997164270494028	3.6893727036454877	3.2344992615343817	-2.2504103929201045	2.709787679259039	1.1166761975521522	0.2845619258184221	-1.1241438194734183	-0.737096526604016	-1.1295168631768284	-0.9572219115357505	1.1759641574188933	-0.520167144642484	1.0396031405368396	1.2672772701964443	-0.9707114245418421	-0.629184537389236	-1.1619473809119822	0.5761579546843673	-0.4393443560215886	-0.42680726396253255	0.8337315139979674	-0.09748202261373426	0.6440165105398226	-0.3143842675778996	0.03629334038559581	-0.5285965573830127	0.9731775229439876	1.0030785649112552	-2.0432728211343707	0.010469697649373602	-0.5403228594055918	-0.11158271528388353
DTXSID9021552	-4.305182384528212	5.758762529653928	0.2756352028606163	-2.24395075916357	4.6527863698589025	0.7379141498082442	-0.2772505031836002	-1.4004607096155903	-1.6870675423245918	0.38916286196238264	-3.212214740045181	1.6523523050303504	-1.3855451996899224	-1.5254523453944568	-1.074976248316677	1.6050724695783438	1.1194199009797925	0.5872445728089912	-0.32530494151197425	1.3173278223388873	0.8643225651782712	-1.0620880206166319	0.4984907771704205	-1.9083377762361107	0.19530727007970533	-0.17764978012838378	-1.362011201655316	0.5461515683900329	-0.2500532681960767	-1.2325212666334482	0.22882065868052026	-0.2663777244881777	-0.9639663011060883	0.5226260133119061	0.5515782622436355	0.6882433768736588	-0.68674161625584	-0.6284722594558476	-0.2163707874356064	0.15583457520184762	0.524566428249511	1.1142474732350256	-0.4802279426052857	0.04627575815601094	-0.0777752670180699	-0.8122806552458652	-0.07446503163795207	0.2970928256990645	-0.7038947773297483	0.15342658485770866	0.04922926239169627	0.4861365248736577	-0.5458696940361469	0.4631337060171291	1.2503048016303175	-0.25991696094864697	-0.05925854440047814	0.7406001882546834	-1.929149255271044	-0.2768395040807788	-0.7253740323511539	-0.22694328682457368	-1.4602685218867226	-0.04423789840541212	-0.11203878789030987	0.31081296891351173	1.0140648123055076	0.7014673570936354	-0.9232298398723436	1.3296295975405177	0.8302949589102886	0.6019868047240511	-0.11834048646542843	0.5347607104803223	-0.2462479837802372	-0.46307459289852737	-0.3404677322578416	-0.4188360572845932	0.536130914562212	-0.4944425980853558	0.7772309663531	-0.2244813784492993	1.7057554583246781	-1.2967224822430024	0.3880992447924796	-0.6094371071476942	0.3026317701382732	0.3202413819503688	0.16622463263159304	0.5356520850567843	-0.6687578061756866	0.3372038441474218	-1.076801123175644	-1.4619328347607605	0.9211003519461561	-0.16318394359559701	-0.15959397265114234	0.7403659537157671	0.9760000809224633	-1.1967302294755524
DTXSID6023155	-2.16623839905935	-1.4173737901016656	0.5008121615518175	-1.2645809134815014	-2.1823740466400516	-3.46769094228297	0.3947090819613976	1.1736850072435483	-2.060665080214794	0.9545609898877686	-0.9243704403740084	-1.9994160550185844	0.6546826146640049	0.15407142209737892	0.09500237812170614	-1.3431403712878607	-0.12926467684622533	-0.04559402205473843	-0.26324220745081184	-0.10557881002978332	0.3245767134033753	-0.37320524735282284	-2.1983907919929377	-0.6074994945596616	2.238826622675483	1.5730773823175142	2.3147799486726033	-0.34580667458842973	-0.0963871324448537	-0.18151269247475119	-0.7811177453673168	0.5618361265397553	0.7170600619039659	-2.0593919425271663	-0.22612719090529915	-0.4274482456792623	-0.21766595791417656	0.5081877389915828	-0.53067459363159	0.5728009691701768	0.6331452791427299	-0.7186923518163285	-1.4237669026541253	2.0965269151954904	-0.6374881348252018	1.0567739798380111	-1.0144442010308379	1.696516869192589	1.4726112218808343	0.7617693713395025	1.8359771159468956	-0.45629318034612476	-0.6142679330941255	-1.7184115240009672	-0.7390481210294917	1.4023907226943544	1.2544514414480357	0.2231947726248487	-0.03503742590040545	1.3766216280860022	-1.2380973891311204	0.42680624460577976	-0.21523139626274768	1.3448196630847093	1.7013392909631768	-0.8751806924189148	-2.398774388889104	-0.8053823036795971	1.9549697119495173	-0.35376812511838795	-1.1758184739704751	1.583450694399187	-0.7867521877259839	-0.9047372313485224	-0.8274267296291056	-0.39576659317729723	-1.5661695951169001	0.04760955084487265	1.0550830596949996	-0.12853345164826893	-0.3642687406505903	-0.17151649652954826	0.06846088784384112	-0.6446770478773889	-0.22773744486284686	0.06484841543806165	-0.725015303981684	0.060693715349517334	-0.3674851324546397	-0.6028480141039424	-0.4761815566604757	-0.223654810199735	0.020755577406538397	0.031105140049771825	-0.27067120464537076	-0.4639138916031165	-0.3877013920959025	-0.41147930145418615	-0.39053515435521696	-0.22654116716185307
DTXSID8027797	11.077631639949898	0.042824844907110665	-5.639746698151086	-2.495404144535151	9.650157067414376	2.1307281504759885	0.034191452670084534	-2.4538663617968934	3.8622498969915275	0.16742973758304366	4.803317788291039	2.435390745878213	-2.2296321998667605	2.474315762587755	0.17286811683170747	1.523433202913218	1.3217240399847638	1.191665790689557	-3.2238891599079977	0.9985158580169002	-1.4778280733220535	0.6620394622256971	0.3508624981486135	-0.43491543640588537	1.4680283399479135	-1.150611999040272	0.5221899338617753	-0.5336541532809373	-0.9618639276599372	-1.4367021813381555	1.248826483421238	0.6941050082898751	0.7825997926270652	1.666594887543126	0.3648880590855126	-1.1505349557550368	1.373226801501752	0.6046467050302048	-0.04068339373655307	-0.6224568056560172	0.03958415299243983	-1.6345520254426604	0.33331239092596876	-1.542392193021251	1.2632633256607428	-1.2011464732559654	-1.7024674117469978	1.312647572843798	1.148082788790748	0.07919866463610588	-0.621059820457405	-0.7830087907199854	-0.6409529630490219	-2.2852342694565215	-1.5279121532678333	1.2039200013220819	0.509450381514143	0.30350251163769765	1.1674768466020817	-0.7122941123016473	0.4398625359729027	-1.2970479972824764	0.6562360672680168	-1.8485118318701634	1.6442845407281392	-0.6675179422853852	1.337862085389861	0.08728132706095859	-1.1668317044956875	0.5211682013186361	-0.3131639708247754	-0.5035041953109662	-0.8000530277776282	-0.519617487882581	0.5455959346633008	1.0958332107107394	0.12114171852243004	0.18308726081879265	0.8288095313730861	-1.0771999505625809	-0.5474069823325508	-0.9087914798268234	-0.4776911771888364	-0.51020882082183	-0.23279411717675522	-0.9545454489700654	0.1640062542304903	0.09339770397646713	-0.1228629321285046	0.28770730983704507	-1.2229990659135968	-0.011363526651322321	-0.03163369125000265	-0.40110110924811926	-0.17937197903212637	-0.48227096465143293	0.32306599542624753	-0.46911012459653495	0.9934605442538688	0.08723443712132718
DTXSID2021816	-6.477553840856074	2.036201791128064	-2.7607951122407077	1.240726693971005	-0.04268212594712782	0.22422805923160818	1.1888720822918049	-2.163007297258845	1.4029540080985352	-0.5509780506973262	1.5729668727112793	0.6681246131571134	2.021313144877678	0.9293166885324401	0.5379093649564016	-0.8206394416599058	-0.7162042962591236	0.50121002538338	0.7047209639100942	1.0513140385912731	-0.7911049891706159	1.158201866266637	-0.3016769468375708	0.012587571754379695	0.4275667175001103	0.011885267852990636	0.43341173687769563	-0.37968369736215124	-0.05153179234585489	0.12087507625805345	0.12754871604847073	0.39844866647192506	0.4251231793449816	0.20859175868182694	-0.2867114294665535	-0.6108720629748854	0.3679045970935685	-0.16471989151053865	0.6235922150922091	-0.5741111170911251	0.15835051084750193	-0.7707427491331911	-0.0604325539542589	0.12666945594361656	0.5880721102673154	-0.5422605317555975	-0.013845246992980361	0.335443865694803	0.2764531572627892	0.07253984049019557	-0.04176191543252911	0.2538184178775596	-0.03080607688965481	-0.5039527417820654	-0.24911183872930415	-0.3384727969619195	-0.7312944419373905	-0.5838950746885175	-0.5078691368984449	0.7384678232882518	0.0940011434183431	0.028061805447744215	0.17803978953381308	-0.5002252511850022	-0.4400318612631775	-0.798060520491716	-0.755206358578883	-0.1617754934908197	0.1891525783909699	0.3589031936332592	-0.2678004410096851	0.012805569145778798	0.5349345347297304	0.5773607711785236	-0.04938080246631079	-0.07831509261389548	-0.09756965353159197	0.5617360882691613	-0.5103285367313503	-0.6330263376761016	-0.3323745533771561	0.02921286524436073	-0.14597257426927104	-0.16836625618163925	-0.5939051776067619	-0.37750244754477813	0.3106405495703317	-0.19345042810405552	0.04374217308726439	0.4570173350559059	0.09764424274477582	0.058344104252822146	-0.48506491930920037	0.17541898069811998	-0.44256845514292464	-0.03685152321574324	0.013673947676959968	0.16795523647149752	0.42274530027809915	0.5739200972925135
DTXSID4046107	-0.10763206306448722	-0.9087565971939009	-1.2905366087423142	1.1768425841505434	0.322424117431195	-0.614352060514649	3.5407251476822825	1.7410170057152077	-0.7559330408192175	2.1289461504443765	4.14454338582259	-0.9321570409604172	-0.41768848661717006	0.7718218068644538	0.6544073850441856	0.5757609024164645	1.0272505843346762	-3.9602990526798187	0.8443513389017444	-0.2377619224163682	-2.441806204096352	1.0024232808195959	3.8508720676264034	-1.1927331869306383	-0.8394438591215628	4.714839583049416	2.3643515078625827	-1.4319467114889908	-2.141339870424481	2.599367626551639	3.395538242575685	-0.5900228310609192	-0.15216426415684278	2.069498018990871	3.5625675756992363	0.7863285710420848	-1.6809843303414203	1.5766063591384867	-0.9331227766444744	2.8140432822530026	-3.0805278259160653	-2.3823835532975677	-0.2279574007143057	-1.4099576513484802	-4.694796668476622	-0.0788180552978228	0.2675532746533196	1.0730388322987412	-0.8114213013688103	2.8268773337900597	1.6585771073799769	0.4422047061227527	1.4243587483291689	2.5745023845768293	-0.2737954983848828	0.39691308235178785	0.08324046328511375	0.5313476955227638	-0.7101224580103971	2.929077513655745	0.27988044081977387	-0.4041812809335743	0.31445480649271096	-0.5300344512172469	-0.8173703745273828	-0.33443658435634077	-1.114663374164337	0.4228817032988556	0.4097311084515666	-0.3474180596998005	1.2512509412503061	-0.4530835633265535	-0.012994806758180077	-0.7334100818097208	0.6427003484648851	0.17851530195809912	0.4299644648456233	-1.5175591811752067	0.7953904875336839	-0.09330898519662881	0.5413004781461962	0.18793352470313904	0.6694569826339603	0.7092006362033789	-1.0023144729321423	0.04210712237918189	0.6628911345417658	0.03037549859142717	-0.5801480086714571	0.8155125828749535	0.34178976993740723	0.18038143836631332	0.19361837758917916	-0.1251357941546871	0.48561524804320944	-0.3404997355024983	-0.6647768397543762	-0.4282725759247458	-0.6302269766052712	-0.0987889423084807
DTXSID9023201	0.2004202020868668	-2.924194790103403	-1.8379428386540255	0.43073199038630694	-3.578699484630805	0.8987414488872287	-0.5059628420040873	-0.6659942538179291	0.5504573087406204	-3.1031632602442243	-1.46080899414118	2.3597915053365663	-1.0104220556656323	-2.0620155001816425	1.1724409644020872	-1.4151310909785053	0.28180318293289763	-0.44465923549137687	0.625052875870288	0.6974642378553242	-0.4518541181606192	-0.4090923335997656	-1.0812455531816427	-0.5020049217787528	-0.3252064838467921	1.1476074135303973	1.2448318218087195	0.3928250364110617	-0.19947306673673917	-0.503817511131283	0.15701895111302985	-0.4869544978380678	-0.044072095253228805	0.33000778025938127	-0.4930677986323042	-0.18056837844055076	0.9526885377027485	0.3301869652159844	-0.8633490794286977	0.6150865848189719	-0.4042748757508023	0.35506315444888903	-0.5106742872339227	0.868541775101272	0.5880738351524712	0.5397261950018606	0.16215977805285442	-0.7442955413951966	0.19201707533612208	0.37482590225401297	-1.5704133871835846	-0.7966576937621858	1.0722360761698992	-0.08070331398216578	0.3292993946497782	0.5371955111287501	-0.832075379726834	1.2652501428517098	0.06850783413232912	0.36468830161623444	-0.5099526944000784	0.33568222899050326	0.49194880437344807	-0.20734305879780165	0.055902485183720894	0.048331979571456136	0.6769735687574334	0.1317183273404882	-0.02709625566184276	0.2768434065518631	0.5658351248708768	0.1792481507957288	0.6906660632626946	-0.6905270335047073	-0.8818496739504814	0.8877567009182089	0.012611946245130234	-0.3836087049086619	0.9517493445414393	-0.32536042703976886	-0.2565496530933257	-0.03324592497952265	-0.044764110803234086	0.4923482204119867	0.2988849188302415	-0.16689785898004006	0.5666462805101947	-0.6070344711430165	-0.1996663666388499	0.5546562589101812	-0.006720854161304256	-0.5211451356509029	-0.1880365514676581	-0.24114092987399813	-0.6742824983805721	0.7720540260222165	-0.11734918339681841	-0.29792129598327494	0.07033396953486336	-0.4327455733374467
DTXSID8045646	18.847713963055874	7.159579721890643	-4.259266588184508	6.971515061772398	-3.9230426238226794	-1.2452453410064646	-8.014508273129215	-4.55795120614147	2.2009873435685487	-0.9016361231369839	0.39856474185175467	3.0975507911599327	6.857518399931271	-0.9550967711208214	-5.648279179470265	1.8534827643617362	0.43619708256719325	-1.4618540210962452	-0.6831962454930235	0.1428670619633323	-2.897992451243917	0.45362988474383625	-0.12964413546033243	-0.37515425761781457	3.653121776889066	4.766951781150386	1.6013971525449737	2.6873505120260726	0.028677954100180342	0.623049781212848	-0.781893072240448	0.7992461565218025	-3.968201805618564	-0.5540782575339561	2.070373745230459	6.243375458414126	-2.1788610553948415	-1.3566843723155024	2.17007125240424	-2.154800643841501	-1.241080915668951	-0.18101296861346444	2.2777047714905914	-1.2249358148259468	4.685893764320675	0.5360385060542134	0.30493268248536615	-4.309544879829176	4.639035285937689	1.9336734123853012	6.64306132035539	-0.17675831794076627	-0.45204908659409093	0.13126468703110658	1.4211991114121996	4.541758320566923	-3.63179348335189	3.5190633382795347	-1.4676326108873308	-5.15485497593404	1.136569035218894	-0.5814372675721294	1.5283803500319804	-1.9186061449762304	-0.2044752987235982	-1.8514443737915651	-1.1558741449857564	0.9490899649976668	1.4841302629716457	-3.6154525937532567	-0.3452313003635599	-0.6417759596620718	-0.5213430435873659	2.6035920216183115	3.1732184224263835	3.992776299723634	-5.257170004960456	5.35282862795529	2.241882201136403	-1.7299645445856302	4.473355637405374	5.150205388031026	0.29652139390216425	1.357388459964818	0.289309635869843	1.7333843826997073	5.801783849608615	0.9941912784789734	1.8805689521477802	-0.407679601843591	-0.9613073722962269	0.5972904096384271	0.3310721191696301	-1.0970092789017074	-0.24371211668660947	-2.2779069261638476	0.8337727163938227	1.6644056288510898	-1.2292024069182916	-0.6470435377239122
DTXSID2046042	1.510955745329094	3.4430343648799706	-3.725286535557268	-2.9278019131882447	8.720522974890558	-0.15787045470967442	0.7179037915778844	-0.04645845358000348	0.3050785805021799	-0.8351110747149246	-2.2508687957054883	2.4149236965929597	-2.2307475440778606	-1.0557094304326105	0.16585198057384704	1.8381534487191742	1.54541909049025	0.1415726858208863	-0.737652138330798	-2.456308804008214	1.003188173651268	0.7563270206644732	-0.8886440961420337	-0.013267112502484621	1.6369349682843826	0.9471627664038277	-3.1147167958857103	1.3579452640049703	-0.19053039267593694	0.9618692739035298	0.9581997169004985	-1.85441305420043	1.0064961596708226	-0.353892097993905	0.00705809013464648	0.6153142420431434	0.5213887797918669	0.05699054382953945	1.0004852082622866	-0.29527237490052166	0.7745987847109608	-0.5520651565277277	-0.6506070860036776	0.23960512205493667	-0.08921863790994175	-1.3752816834108696	0.15497314127483858	-0.37629786498288764	1.2054279239011587	0.3260123472319029	-0.3559846405834788	-0.7122777568734915	0.18294624421252126	0.42570735160470685	-0.8554645427310338	-0.38391408394197574	1.4148453794314495	0.9711912129630583	0.5066527907637544	2.2212345694493636	0.20049802537744446	0.4105285576477969	1.5976405076429696	-1.5002089089197637	1.2402055326366832	0.635920115839747	1.1267869213683188	0.6572883957055502	-1.5305843687446425	-1.9967326168465318	-0.3178888489069482	-0.7821988840739009	-0.0466783098258844	-0.04398933609431298	-1.0315176923319285	0.1497124800091319	0.1327012983678755	-0.7312816214146469	-0.1136790015742855	-0.5643694016004606	0.040817402829163574	-0.36759497219801074	-0.30222630606382866	0.11013534948727961	0.3578714201380524	-0.13312392984135685	0.04123818711235279	-1.0062596114983595	0.5391625717500749	0.399837756422587	-0.2894562433289606	0.013021840324549212	0.3816565289346244	-0.41698976532423787	0.2613648026598877	-0.39228855508084504	-0.8248485806178254	0.3672922846247379	0.045840093647835464	1.2928368676823656
DTXSID8027452	-6.242938421839582	-0.577597602429685	-1.040517868483585	-1.0302558043524714	-1.4161153165850913	-1.0272296059169548	-0.2636991352730573	-0.7857797646961244	-0.593150142543991	2.4633105974688148	1.3827291948896925	0.0263628170745349	0.7714844201106079	1.474489721126635	0.1483150578016085	-0.19271444442221947	1.6963813915591128	-0.41664732217787454	1.6638496446871764	-0.5829959557630435	0.66993354679132	0.7243417715094296	1.0289870957070155	0.26156251467973624	-0.5074444297618428	0.7954561312116696	0.21241178075031283	0.13613119646545754	-0.18729319306185402	0.3980861992046168	1.005341093344936	0.1766714163740735	0.41349891428420754	0.030850659293410947	0.49588540339911863	0.22368391301880106	-0.2789075170256701	-0.38129490543072964	0.15506187584336062	0.007715294117660685	0.4688644757225473	0.26291923508085824	-0.14674450682204837	0.5246143477408528	0.3676020112443085	-0.2575202953772178	-0.22593876784693645	-0.5645555944283903	0.093653290612178	-0.9955520335652192	-0.7608141776893239	-0.08234909722498143	-0.019257816075135867	-0.10522918267197566	-0.030741445131276253	-0.4156760409860512	0.5234125956924157	0.32763044878484093	-0.3391877650644582	-0.1689330286490697	0.036900982915197264	-0.46859970144808843	-0.15452507475807306	0.5465681572685407	0.06850258238567832	-0.1729370297794651	-0.09314636833694033	0.3083769272138062	-0.04496694679357832	0.042129987718374215	-0.2455060350461649	-0.28840471252594735	0.16038120384827553	0.3569110644039599	-0.2615592732833406	-0.013470963083538338	0.4193179985915392	0.36500152444745027	-0.24522317602012217	-0.14228438929381756	0.3231900199998065	-0.06381221954555269	-0.1329011082050185	0.04052841671146335	0.26035020096252853	-0.1378437379698688	0.19270129618806003	0.06147444342331127	-0.12266889595827854	0.008084039693704753	0.16407048186247958	-0.12368261273577134	0.012318826034306726	0.25984395159887874	-0.2401187141609614	-0.2819968723526179	0.09373632594537169	-0.15319336637790654	-0.10376788672091321	0.215262338101211
DTXSID5023871	0.8626055948770233	-0.3769515958413087	2.885313875910873	-3.1718161000644356	1.286204460495243	2.1647582178564853	0.9051975421351839	0.43700959303491205	1.4016777979830302	-1.409953257454627	-0.7864072724775457	1.2636895335481946	0.9898116690980029	-0.41330827579078033	0.1102931361346554	-0.3603832466908649	-3.0424844091497065	0.22724867041292274	-2.710357174488476	2.1040678333329885	4.201062558656762	-0.8330284928154554	1.4527753123108518	4.3669971454682095	-0.31366166816236973	1.845648231946235	0.028208556265700395	-1.9370342626950623	1.0663175505681495	-1.9703177654886057	0.6111885566126309	-0.5651904047273458	0.3288823953099509	0.4009437386228865	-0.014559818600403627	0.8688353620314078	-2.6164418967875354	-0.12769710828100517	-2.1802261193530885	0.321384071002931	0.0032942629976781706	-0.22119898768526855	-0.27031790097381564	1.2793658462815862	1.1564634976240669	2.1176385072108967	0.21192761351043635	-0.41804398283411176	-0.930826119291417	0.18934224386074244	0.8589938830804329	1.9510322363595902	0.027187861859067103	-0.07996288332781808	0.5862960284190877	0.34376738992523853	-0.4445558512293766	0.6485777374978157	2.09556207063857	-0.03654588825350084	-0.23642478533228362	-0.8497293057443154	0.576219396682232	-0.09144581927304514	1.1354773851175841	-0.6821429040911531	0.7845624739309853	-0.027321207055319218	-0.7089586412688504	-1.2004671214845486	-1.5950134145815913	1.1780287877818187	-1.799040363835821	1.1923391287891103	1.503301800147028	-1.928745009550616	0.08639635137432829	-1.67847742897343	0.10242000861558931	-2.810737228463453	0.30068062127603784	-0.8372099908341161	-1.039229595038909	3.0118793524558716	1.3359982843689822	-0.48027910720344735	0.7155624857069395	0.9771087388699075	-0.670283191759966	0.8135140783832574	-0.5877129115308053	-0.6678022354458742	-0.35482230796693637	-0.6162989670737175	0.8336000550231054	2.433564272657601	0.3426661356587015	1.4098988278424414	-0.11733795849705721	-0.32995404111703336
DTXSID2045442	1.96349634900275	0.5265877172691674	-0.6001838833781155	-0.49035346934174856	0.4692135486276269	0.611380049345862	-3.2682712300894923	4.498993786498056	-2.20937326772466	0.9527964457634908	-1.3089943962274269	0.04035936564754077	-1.0661068970711522	1.2519277018995072	-0.22938390529450486	-0.47294855883967407	0.19614206943247295	0.563767598245375	-0.2579805099079706	-0.8504315331785423	-0.5707473669267453	0.7996529713366872	-1.2829973868072233	2.101619854421951	0.6416529383279712	0.9431339369986534	-0.8930974704343257	-0.8194495716127478	-0.26029409960657385	0.40567720755833686	-0.034435702270454414	-0.1832532301426497	0.33972633626546955	-0.5795731984293643	0.34025016432269123	-1.282551047686131	0.3170937524563958	0.09418005153920317	0.07351179862642739	-0.28529729495161277	-0.199842306759575	-1.3563194630045958	0.2778102974304037	-0.04409230214580032	0.035444903090169524	-0.13416601218646543	-0.06663206263811813	-0.674674510224312	0.07943492926909147	0.43898426497144155	-0.17028802476391877	-1.8404842635599004	-0.2753560777356557	0.5630601521273483	0.06318409199927247	0.3036531088401243	-0.6296796782368604	-1.2170202710925493	1.1627079361698933	0.6369719273640313	-0.8712443660708117	0.20282810010277652	-0.46362064906791906	0.13263107762518378	0.8490121807385278	-0.9642934089784251	-1.0464719227587156	-1.745795633313602	2.2103933928125663	0.2950123467169001	-0.4447312202323897	-0.4852865451338677	-0.393106569861704	0.13519020311659752	-0.27249337640988713	0.55640625846488	-0.26722808117779934	-1.0712018573328959	0.005482744133125319	0.7852050966981861	0.7860626057136856	-0.8528840159972515	0.6151186143604066	-1.1016395025540373	1.0469044884843857	-1.1049404326524883	0.13692705444388414	0.1715633882394121	-0.11714214499470019	-0.0004768714124940857	0.4107439399638494	0.7745711916057028	0.5760458363874268	0.10305224715315778	-0.11245271306617256	-0.20734757205642224	-0.24739803732413818	0.2162646986742884	0.07231082772000913	0.47223482409343276
DTXSID6042315	-5.9068027025987355	0.5485614137885717	-6.812596869637345	2.753637561572629	3.228306243788138	-0.8051111315340693	-3.10176729819515	1.5875763740086828	-0.3544014731181033	0.901519548193809	3.4911254384578245	-0.9436489411601754	3.8017380786122636	-1.9504459128834666	3.1657855863257223	0.22136367584745828	-1.1865951001627573	-1.4271948637519896	2.123552000352164	2.643059531472193	-1.8618923522468542	2.1090208842998	-0.8506027623003953	0.38242072469550675	0.9855075003443267	-1.163659421956386	2.6275937539546184	-0.3641462924090342	0.8565614268775087	-0.7297544160368576	1.3662680286185054	-0.169208292617514	-1.3751876783428976	-1.4519197799684564	0.5305136203508236	0.9678723002908491	0.041532868159140646	0.2551837738393072	-0.13224214781652197	-1.2036118984720767	0.47002268785132884	-0.3363244385202376	0.2101872649917746	1.4741393526890252	0.6058891142840509	-0.5714710968066593	1.140856798388171	-0.3975898950583892	0.37560257898009675	-0.5346242452053366	-0.3557124000778154	-0.4953046301059589	-0.4908441698854372	0.18212490281647747	0.48662990912253534	1.0895528774408956	0.1875308760166004	-1.7046387178161133	-1.7136056254164982	0.24662758829787584	-0.12526238010313662	0.5035827061991553	-0.6181700247063854	-0.5516413003766358	0.4623210163049712	-0.30249846062571123	-1.3038195326967934	-0.8325344944848936	-1.3442179940428585	0.2903353395156152	-0.07134186622223944	-0.8227958851934234	0.1002004679082972	-0.4967690711538554	-0.38657218807327026	-0.722147623207151	3.395090002016118	-2.329706635101026	-0.8448715792492657	0.8315350758112354	-0.6715666989584648	-1.8768286122537206	0.06811545192245329	-0.8529135172327238	0.32369239706385877	0.5553292447398611	-1.333959052802955	-0.49708837180780047	-0.187497520215445	0.03404310869269221	0.26814257001311137	1.152342263161691	-0.31898621661416604	-0.22842064522135527	0.5168048578019419	1.2521578807248062	-0.5747502498810858	-1.0740314132019444	0.16029118851449678	0.3976222350920142
DTXSID8021937	-6.570627033494157	4.352678258553056	-2.192163008025862	0.5947117896378987	2.839074967361907	-0.37926051788499293	0.8293857242971486	-0.5580376209021304	-0.42569931729274135	-0.6141532583676279	-1.6303773321300452	1.6481212304477328	0.20102068400936077	-0.48841292817105747	-0.5953626663609235	0.8609858035413681	1.0505282649416443	0.4902115386395102	0.4345080716656239	-0.7097090166967303	-0.16359031760037918	0.8970555301389341	0.044903726960752	0.062470036755387016	0.07639097775956469	0.39478200932892976	-1.1905882361776021	0.2078125630564124	-0.6322389680092515	0.1905560946503342	0.5346349016214477	-0.968018203415019	0.3117140242831566	-0.024929320541780767	0.3980036855073245	0.565548965172605	-0.2307127308118859	0.49293447487541014	-0.3191710058182315	-0.4154344750733538	0.47242725741845326	-0.22104150670065953	-0.6072420476299718	-0.07746214937674785	0.0871219984732657	-0.004494268418376674	-0.3589508832091292	0.3243422924869485	0.4248402140932637	-0.6480950041049692	-0.377340613540408	-0.44398505857668413	-0.2643189446506967	-0.08767077347760448	-0.46336050923719846	-0.36518790388974604	-0.6512846213489479	-0.09316107123272384	-0.0692233574698678	0.4005539815569121	-0.08555607928471942	-0.16886641458843044	0.036758711268582135	-0.29132249561098755	0.6628835030089719	0.27745957231568025	0.004204250314019237	0.03440918628756124	0.46569969265518674	0.30654739361055966	-0.28041418977202925	-0.6030682909719293	0.33625301806149943	0.19606697826582956	-0.5432099924852972	0.4661455131396829	0.17483097052912608	-0.2562834822412715	-0.3211323978143858	-0.06890056401089568	-0.34002076666061876	-0.24770657598614687	0.37797361000243607	0.045097489048606436	-0.057457429803584925	0.026530349660934045	-0.4180183013340898	0.3441772453668378	-0.27153647905385847	-0.01619301631513954	0.6041666886541283	0.6512065375275945	0.13527554843506107	0.06125533642264946	-0.21537809836800628	0.26065623809749733	-0.30615345829040785	-0.12822420876552793	-0.08963609590013087	0.22331059164416178
DTXSID2021238	-7.859940962425755	0.10907285172455178	1.9607838171483305	4.483875930106636	0.201391767765684	-2.2412223584537636	1.187850353075572	-1.0207413145400317	-1.5664423449746625	0.32371988852174954	0.4988015066667582	-0.2086561329799415	-0.7958283970830811	-0.8688029708467834	0.041176250990126534	0.5247873821366267	0.28242234119504905	-0.7069430388365813	-0.0555369497844862	0.22084134014185422	-0.3432444890995195	0.006765754282792482	-0.3327487556076901	-0.020015250504364274	0.03957968168974074	-0.2696481596385224	0.18384085186594173	-0.2611090292627797	-0.20454204642766405	-0.5941219993867011	0.00044877349388842996	0.67834396964834	-0.10934087277565302	0.11466400725929514	-0.13532956882401945	-0.3103266105684375	-0.5064508988401204	-0.18560324008190923	0.3081619513963446	0.20601906892487368	-0.04803382699801368	0.46151491416754514	0.18819796724869067	-0.26627931254263193	0.2787218494936537	-0.44447869632349685	-0.4819527667411823	0.3948773536568482	-0.187957554941357	0.1308214203337295	0.22513602578081354	0.07789120417764482	0.015399696202919403	-0.021206168766718134	-0.04645663187720376	0.12032554980106126	-0.26640043436760236	0.36396010517399213	-0.7396937754517561	0.3069324514571089	0.23841940990730232	0.017464119679912606	0.16637880783853085	-0.3071915370786205	0.3779648582995822	-0.3558755306267321	0.31037121742558055	0.014101802111246719	-0.004759736816957869	0.43437161962886034	0.3078481179173604	0.19171708880898752	0.5974966459310188	0.03497229459409538	0.23806938354667076	0.041407032768504194	0.16973393076928095	0.10420078977885854	-0.03951055844836513	-0.3928909246229379	-0.2257060972710828	0.18888318753057068	-0.49339706660878113	0.07917754120770333	-0.014868102110461436	-0.06018591852912659	0.1706358701215412	-0.013595461874993107	0.2050876551862051	0.44621018532323475	0.04289576353506046	-0.18368433598360256	0.48372725308430176	0.12925120977994256	0.2362133730343631	-0.023238570832528206	0.017749089172437775	-0.13581841931874275	0.24853708673027847	-0.09029819710940568
DTXSID8045985	19.5871907724616	6.18517248436317	-2.531985278524705	-0.8116001181851636	-6.031458297547285	1.8511990053205798	6.286987036671332	-1.2942534873552007	-0.9122559436465255	2.8219683441629426	3.912837027492583	-0.7483943194293702	-1.967425441511951	1.4491431673265311	-4.565995752102387	2.5979259708895586	-5.100928196354251	-0.06393727921046974	3.5655942716502973	9.681739463925227	-8.77930328423713	12.456644086148449	7.4581057189367135	-5.462396523685232	2.936585032908786	3.2358841709676693	-0.6210669846319605	-3.069453961249599	1.841836649020981	-6.103118096171699	-2.7305704798920623	-7.896246952083812	-4.294904556238033	-0.5419846014459085	-1.9868457861085225	-7.422675162431024	4.717771216185713	-6.397828988331522	3.5545500242439796	8.570212901903053	-1.9401146116757222	15.69542612935052	0.6306810754520757	1.3377576330913532	-1.1841646139945508	3.8878442600686305	8.701246100294277	0.5616019221989531	-0.9022415959908713	2.8700192212188633	6.19927842918364	-5.118286500173763	-1.8083446098067248	-0.893226452786943	-5.406239472522187	-6.0498434516633885	2.13819585637428	-1.4773113537327807	-0.30338167064543403	-2.765272462199928	-5.353522661773226	-4.400533766178672	4.0476070772355275	-2.729598077672092	4.127981576627271	1.0583396731954997	-0.823079209941857	4.659358976085842	0.18223061456997341	-0.6888839618626371	-1.1878936378984681	2.369358514202131	2.7222564658970843	-4.509278977769555	4.242397283248956	1.0341190614067817	-1.4016313422522346	-1.0642932268838163	-2.0414483330026947	0.3073493795619043	-1.0236262585378029	-1.0276319242260619	-2.4401879999722027	-0.9966858749723057	2.065142030846315	2.855251516182992	1.4611313709027034	1.795186927581753	0.41353492203243897	-1.0993493436086839	-0.06364392604250435	-0.8161177194499514	1.7613809653155283	1.7112548856134813	1.4102671722383053	2.3300358099635607	-1.952450123033847	-0.16150197452983678	2.9047567819838225	0.023624773566893388
DTXSID3057696	-5.976955085078575	-0.24254605990091177	1.4111354805429908	1.203121493159864	-2.9930906539402247	-3.34519510744672	1.9439289050771191	1.5332828060380315	-1.2557782695593165	-2.3934839594088317	-0.9050289566183581	0.22972068728125677	0.6573702090013653	-1.045581581174408	3.655946653458068	-1.1267065002226224	0.4311096192219271	4.029102598323834	3.092524263865533	0.01561940523886934	-6.393961891279834	-5.832771006315141	6.159669798050808	4.182610002215681	6.2449576343951545	-1.0406031076049649	-0.5452874613722615	1.0880761615557109	-0.5741063219786859	1.059006346002347	-0.27134396699180763	-0.19901473336965153	0.5207744783568438	0.10314912916272123	-0.5362770924733118	-0.8855959357054484	-0.39707380876446835	0.9358115991226893	0.45870842080403484	0.2543138685618159	0.547425595530458	0.6843359177034233	-0.38493148945441114	-0.494545514990407	-0.27377218870466835	-0.7159264113570895	-1.1044729739007506	1.1863910891534846	0.6801392420026484	0.11869559417161063	0.36715804355823844	0.3026451394981279	-0.7415668795748183	-0.394931509557463	-0.04890882038147768	-0.42746338578054366	0.26968455293428745	-0.2739369186957621	-0.23624947807127417	0.079424535265229	1.0252141880966197	-1.1098369817234912	0.4542050486132498	-0.17390106649527198	-0.1589172783854966	0.35888698418010373	-0.11869189736235476	-0.18199691970923412	-0.09858789194587556	0.03815970669512603	0.3686592755772114	0.169460430358722	0.18792953141366303	0.200631400563112	0.7963946198526516	-0.10534039172300985	0.36742501174216413	0.4656420856881132	0.2084364395232394	-0.4261098845944694	-0.18587145000797187	0.49117120916321394	-0.6676740348579866	0.01335525648401995	0.5267571846552057	0.02324527103839301	0.2878932611315902	0.03859544278956325	0.3595736122243129	-0.4009208363835527	0.11288494013977143	0.22155204966593567	0.17742484314122337	-0.3257360630031191	-0.40127162086295187	-0.20594223360685238	-0.4733747778256384	-0.26861815982321885	0.20480919360493408	-0.0494198488159592
DTXSID2045943	7.538064518631574	-7.388441524239173	-0.42227284897927037	-5.694231607113302	-0.8934613208591261	-3.8956016197149776	-0.21927707709094071	1.4915570180060314	0.012246445117926719	1.3121649969369844	-1.5947881901252687	-2.8529241070411846	2.522422369201191	1.9251638588601339	-0.9530390491696284	1.1874605569269956	1.260317538368785	2.79277322175684	-0.5130205936647257	-0.8330295847275258	1.5654707695313572	2.874999298116073	-2.0562265391372225	0.9772698435979098	1.1919556102936215	0.3974158224797294	-3.2461995489315747	0.019575917098374078	2.8324279265993795	1.482353810272459	0.19584021786605765	1.9960596766654632	2.462250115975357	7.06451754242022	0.08680118140689509	-1.7405019926197485	-6.919635444363298	3.9442780304098086	2.1723972110645664	-2.7159612052997475	-6.321687819400065	5.329965130671397	7.056405033727197	8.102767192198787	-3.198675875239517	-3.7175920461763536	-0.7463210821281833	0.05760610234835212	1.5253357360576778	-0.8727366152167165	-3.5352303254145974	-0.3695594463176537	0.8041449510204985	-0.824081909818882	-0.48124836864385984	-0.046084088316392643	-1.887748809473906	-1.3108039916041534	0.3907472500596151	-1.0417605349729775	0.36257777338063585	0.10199884380897487	-0.8355735883534341	-1.723715023865983	0.07218965475118973	0.9072828576682086	-0.5669728267274803	1.6604352392380846	-0.14269688017628526	2.123973329651619	-1.7615807269740629	-0.2965347456637891	-0.10673707375338166	-1.3221628565882382	0.24799592940905138	0.20433579670225288	0.9014833724281428	1.0953872515430092	1.7902991165407924	0.8763127084369667	0.9355553717672486	1.527835939984428	-0.8273904103676567	0.3498691644335543	-0.9833369773447495	-0.23752047606736645	0.14187163223931784	0.3749250231189125	-2.04608422441818	0.31003554433604263	-0.6688028830376166	-0.28697941165281843	0.6036826486369159	-0.9181067016254576	-0.21517895375108373	-0.22603309100283916	1.127405524145893	-0.8816525763704883	-1.2858091712711077	0.015722311344255762
DTXSID1024176	-9.680737956567143	2.5348231523250773	-2.0402986788340667	0.9447086190613044	-1.959471285286083	-1.7223410559346475	0.7286764408783967	-0.9848715376698464	0.7691058273505662	-0.3828693497611822	-0.3671001880261263	2.040195026947513	1.0624468319131324	1.482778519714391	3.5187012356173395	1.0284539082813553	-2.863921068900345	-0.2557133199103963	-0.17706215398919317	-1.5522903497906737	0.2305745409440779	1.3948129119155248	1.2195816144602079	-1.9675306597314492	-0.7096211484401076	-0.9106290496375338	0.5506134326132194	0.8291924979037802	0.19105137959585294	0.4297820396864226	0.12008683175819529	0.8636311341908317	-0.24024468062565496	0.33166265190502997	0.22444913480342377	0.7384194572214948	-0.7604662150267505	-0.0186037080054631	-0.45526790988679294	-0.8897577694760491	-0.061258136997952274	-0.3156959892382515	0.1989710811157576	-0.30167111467778446	0.8230474861772074	0.25311229350228426	0.2945286957327854	-0.21852132624968482	-0.49373502839268224	-0.29163669043252227	0.9853320316135032	-0.9369188416953922	-0.4882213752684017	-0.3588335192439621	-1.412778414070163	-0.8199599529850934	-0.44484694022176646	-0.6355313224911996	0.07127920082982354	0.9475303304697806	-0.018402619516208665	0.46141678275871456	-0.11880106868335043	0.13284429838935757	-0.3087422786469177	-0.5207663818244029	-0.5119566982048607	-0.3836983888893535	0.10916615496671994	1.1872683198303227	-0.35285569623712953	0.13429651559686742	0.5672979611746157	0.16932055809881474	0.32735913238179326	-0.34797403764153584	0.09061885968481335	0.4904597511128222	-0.38472446676503713	-0.03804544108070642	-0.32678249654787933	-0.2547383554786324	-0.3052428404440723	0.11996242026937835	0.10019734038031225	-0.30512442895327896	0.6185532761063823	-0.1623447826767079	0.13607429551199068	0.01824006585091004	0.07764448520572279	0.053832654814091746	-0.04477266911625178	0.2410549103438612	0.06888903142076508	0.1377080016789193	0.35256235845699324	0.13020813715425475	-0.17626747196085527	0.2108347236555775
DTXSID6045371	9.981421114952642	11.39163440702507	1.2667372254163962	1.2860095370294107	-3.447610383994746	-0.21337372374197275	-2.9363617929354056	0.7656415580346934	0.1308793037980233	0.2974999924136835	0.7632791132579413	-0.5639355132171316	1.2375402868337315	0.8957565926425454	-0.16201272390207813	0.24486780360714097	0.8173985120692414	0.8719681224670149	-1.6455378056947458	-0.24627866535344292	0.24922240218925812	-0.6629065500740449	-0.3214319716601521	0.2161941436109291	-0.48551338730127225	-0.16637452747358303	1.3177324548908345	1.2193448768702957	0.638787930223441	-0.11803952591729344	-0.05384815416143473	-0.10321016733726635	-0.14585453280548116	0.8275408522529759	0.3896788649689908	-0.28761835542294134	0.46089210898215754	0.15700537533878933	-0.5233754170682133	1.8907667248694744	0.5911190556936182	0.15184179179745577	-0.37975473744310917	0.006263762237129483	0.18884605371109867	-0.7406801709943484	-0.7623844862039054	-0.14317990679794595	-0.999524110313637	0.004722296881679129	-1.3115375336744788	-0.14436847027806007	0.20371109157876985	-0.3059623571184095	-0.5169455146546137	0.14511191314858857	1.255011078967027	-1.2408006695766656	0.4208646708404954	0.41589309373083355	-0.3837449714479476	0.19844881505057588	-0.2656035284563953	-0.043749597124292494	-0.11999823793838231	0.09606564669207142	-0.5472168683120948	0.42086535915383144	-0.3188272268930194	-0.5013680948268691	-0.9779071689710829	-0.1612648031164995	-0.2286095309522154	0.11101943836308731	-0.5608437599244106	0.6960314838496415	0.315885665661287	0.10610208692744587	-0.38231108193782354	-0.25866942323192793	-0.9789972820393881	0.114218333865436	-0.2938287892766644	0.11326151273197622	-1.1860527382696262	-0.2718110051540917	0.0993971035852239	0.13987130439745865	0.045590638519156325	0.1535110205830746	0.2721139788444039	0.08384672489132665	0.7258321623840382	-0.30734016962147137	-0.24960371867595238	0.8534239034418413	0.3752835800073908	-0.12986679383177663	0.08032109301004361	-0.12470250146358265
DTXSID7023510	-0.614262419829631	0.10984017925101966	-2.127835838263138	1.644617405735598	-1.9974990390522844	3.134980414396923	2.605518444905754	-0.1676105391840986	-2.0293679987418654	-1.6046568011081321	0.5496089954794197	-1.561105876812725	1.599729111694839	-0.8460738885282136	-0.7297623506131686	1.3029738895946723	-1.024422281407484	0.4930048403986187	-0.9611632884638164	0.21187154780293077	-1.243554768989757	-0.8152139155852932	0.5544890821784099	-1.5626383534271213	-0.47165610967629024	0.0026726349073802756	0.6419757253994547	-0.066024734668268	-0.7167420861954171	0.0802730014836553	-0.23504263064291783	-0.2639995400899874	-0.500323730885433	-0.09733413524981235	-0.31261394457917907	0.09638464894790975	1.0267758538845448	1.001763696198672	0.24876148362857323	-0.02798355396320095	-0.10379513425782827	0.6457298518400405	-0.432923622825215	-0.3660141005799533	-0.430646536684162	-0.6697235574275887	0.45691511006028296	-0.24428594342731477	1.3043123223286648	0.5717299769853648	-0.8264767208121055	-0.5025388029545566	-1.6207289746731166	1.1027701960659133	-0.11702339006231173	-0.34661392561095855	-1.0413689487858386	0.26041610503791396	-0.3804082205036369	-1.5503024550254942	0.005968274468975447	0.3125894804013829	-0.5703657023478689	0.2827765592978399	-1.2333047075402241	0.29927474090502426	0.9225402824102582	-0.9287157961181619	0.658761135774611	-0.9768222813385452	1.311222528768349	1.577192782176905	-1.6153749297242836	-0.9687051269938416	-0.1859772594857382	0.013826710032247704	-0.35452587689053955	0.015792019098828637	-1.2212194278113522	0.37492912645191145	-0.010113913894636615	-0.4706340747092648	-0.7437101635365503	-0.5052410689966104	0.612174500910189	-0.6843626596201561	-0.36761083146337	-0.4308357760754845	0.5140220819760204	-0.8482985771977211	0.9262636612914966	-0.2264479442778728	0.007825049779708406	0.7423020702027625	0.04141123402513676	0.857401154979638	0.1634835534168968	0.9702982522892053	0.7653188912091331	-0.19640717842456692
DTXSID6044773	-2.745851297538762	-0.6216481955344715	-0.17935355163660613	0.24569958645515322	0.5933030204428974	0.6334697793077569	0.6899987371838805	-2.094075629123807	2.0701607945293845	-0.38232938240918046	3.2187611570424597	0.6200930788114635	1.798424691712744	0.4166297703179159	0.48703378640168116	-0.048605826721748915	-0.2010879860471894	0.22550833565029874	0.6032872455548938	0.19674508548712535	-0.7214225769700059	0.8096625507755209	-0.3153526049693553	-0.15793432143829755	0.3697053944594075	-0.20717286799326987	-0.567570475303387	-0.6492182798154527	-0.6268770668183812	0.1333627298170609	-0.14515706458658448	0.1557095739426174	-0.4479248439352272	0.32050668155018613	-0.38467317825001135	-0.08806331350941217	0.5777776338826615	0.42825970454082857	0.16260634506711058	-0.4940873753771499	0.9962904537140742	0.4745569718118846	-0.14712118616307188	-0.5288638230519336	0.4509922805385539	-0.22486154380418943	-0.5719085350102305	0.37673801944003765	0.05520607806986666	0.217196528308908	-0.39594344557291744	0.27369683858828636	-0.5540179155614778	-0.29475910117680365	0.4310432825051741	0.19631592749106047	-0.3399091753633159	-0.6974933935428018	-0.7480442543773768	0.9012030034839378	0.2358037477191896	-0.1531830318441519	0.6514730676715058	-1.2794546864562264	0.08239841232069772	-0.7445438320152112	-0.5734836241963449	-0.007865447159054939	0.07248495845221084	0.3666134878310797	-0.032232150508271065	0.0464954983503703	0.2253532032675071	0.5152308504187865	0.08342808639613224	0.2634733516303665	-0.5087843511010453	0.32594345831285165	-0.4663883396023746	-0.353972393369472	-0.417739551166912	0.12148954747040361	-0.17711061917177268	-0.19784963259365343	-0.7414704273091445	-0.4329705015558617	-0.26170744401701507	0.06945980160030106	-0.19102216146109594	-0.003923172151525123	-0.05579152793601585	0.32900521673676175	-0.3167888569993683	0.2187715023725547	-0.3844977260722987	-0.382149487839026	-0.054628990727835225	-0.057229224325174737	0.40624924174762905	0.6681147347678652
DTXSID5045594	3.8226773329181176	-3.0678664374092994	-1.9977767336870738	4.330772761983582	2.3553332238838545	-0.27203621062238376	-1.0871790092713403	1.1026316015247242	0.824284753915323	-4.319412883044797	0.4968363564785949	-2.8119000986108715	3.662805428845507	3.0888924401676094	-0.5395643663043171	0.8097072477038061	-1.4494578119799566	0.020279788955894537	2.150025822016793	1.498639002788746	-0.29094851768688684	0.34184241094793744	-0.32433231155066944	-0.4961111712054715	1.2520796861825343	-1.430706412933376	2.9239129085908537	1.8743111815441604	1.3081549769520564	-1.8477907145511767	1.3425100067010864	-0.1252291753729	-1.7262690569817847	0.6279911747122887	0.15400291389134624	1.801066930644867	-0.014090384266513078	0.8734920645869187	-0.9526137026151208	0.11516250212779472	0.26991261844147957	1.80114006852408	-0.7360256281188746	1.2165983516584393	0.49513855835115034	0.1810697739453926	1.584078835270284	-1.2154967042888614	-0.425499682991461	0.6632958400676193	-1.1689429147304886	1.1489611588134065	0.18139517904279834	-0.296831387525551	-0.8368379941656678	1.5325213926158825	-0.12079940817919799	-0.3393504490836622	-1.1562477770138724	-0.7616926343647537	1.100844187804047	-0.9366116118153058	-0.7414137926980439	0.004764783991676939	-1.032204675600607	-0.08960194942095057	0.012304178733858327	-0.27886687417583533	-0.663510684306912	-0.2560808368167521	-0.16329471865530573	-0.36343418640337366	0.28896585476974335	-0.14874799315512793	-2.1822624284630634	-0.7744846827277229	1.994036059240346	-1.7891267758620337	-1.102396834761983	0.8068302515238441	-1.6815882153276809	-0.9632877539071928	-0.12287454714722422	-1.9767438913468998	1.1932998830819712	-1.3610122919902734	-0.11291540527750316	0.05993942764297982	0.6085241738814134	0.26497347104425634	0.48688778216076684	0.5221194846112944	-0.46082573086193845	-1.0309281324606163	-1.075658215488327	1.469472263183364	-0.20748260172191516	-0.9102167248189925	0.1559215044798174	0.21682088033597488
DTXSID8025830	-5.234867054019462	0.17766183640840538	-4.108822722417161	-3.975565706586594	1.0081304178508486	-2.2048195533584565	-4.06444056287701	-1.5888758393224893	-4.631382984864703	3.315205483480074	-2.952101993730059	0.5200249895286532	0.1419744028007591	0.5314738287613009	0.6273199004770179	-1.8727299706518163	-0.4304204529777158	-0.5784846366368701	-1.2860255056542151	0.7487227013971534	-0.5687657983573995	-1.8566560537444743	-1.1594441608863542	0.6720908422395572	-1.2586028213190497	0.8372591095875052	0.23378509405695644	-1.482291722166278	-0.575339279050082	-0.45967795829073976	0.8727839526704771	0.2535069041523647	-0.8409793880154962	-0.49845513741296843	0.8432461801365709	0.12715559647784655	0.6832749972901213	-0.5494046798660623	0.21707521866049162	0.43831035713888733	-0.4651111055058073	0.7436286849774546	0.9344251113800294	0.21046679329205312	0.038814724109880065	-0.7453168762204483	0.3468010131654373	-0.6612033909593671	0.18309968988429703	-0.5320594602406762	0.362841101701646	-1.0166471357321418	0.6673819058798683	0.1292562187858878	1.8762271151746546	0.23206113324948896	0.151547217658921	-0.8639126558823108	-0.21492298676412777	-0.34395197784384046	-1.0569189904852034	-0.5416885168032578	-0.19451119660492255	0.9428156326764978	1.7863378817251248	-1.286667225530107	-2.4046955053024517	0.3614134742438716	2.4653619653720913	-1.7314938397956334	0.16850833428033835	-1.0511035868426868	0.27171851440364486	-1.0903415295442127	-2.49650899147214	-0.4520210101809591	-3.1241398961210383	-0.5938520062909811	0.29676363069972816	-1.0839520596453882	-1.0553265477271285	-1.1910461796065193	0.2041818657539506	-0.060317152467381965	-0.11139635996461687	-1.2214895433470618	-1.484238653669118	0.9168444443774526	-0.12459529332930663	0.0018094872156790283	0.6107639032185017	-0.0692497219043063	-2.474068088314134	-0.7499795027231875	0.1946459570233647	0.38014295639228246	-0.8935620930363316	-0.2581090821701252	0.5766962484653315	-0.7814487933578518
DTXSID6046000	9.819202222893646	11.954299444793453	2.2232064813667325	-4.787031410851983	-0.8211863017353814	1.9141650837287232	1.9245666451898236	3.807833096221006	-1.39727200105289	1.5654798407330477	-0.8034419131878918	-1.7265529597879556	-1.5984543733955257	0.40878838324405814	1.8654447427297103	0.11032519893794658	-0.7230339209707278	-4.834627261373674	1.6377067341591307	1.6420251576682485	-1.3515125804928736	0.6161112858164822	1.8375005492022314	0.9278850430980071	-1.7182764395104542	1.1884934362763573	-0.16660945105130734	1.4129477227122897	-1.407157312868518	-2.9282337010769557	-2.421526610327696	0.7754052883007445	0.963490222096403	-0.004310184239995185	-2.7912566603430973	-0.053403372717279816	0.23531258621696022	-1.93665721956478	1.113568299683684	-1.6720890636810188	0.8164205253597908	2.587810400499223	-0.3902432327815135	1.6553431644250665	-1.5020018578463596	-0.440982622734104	-0.2374222233626315	0.1484394629844872	-2.4448332252266716	1.3363905849323372	3.215788934000129	-0.5971846194692143	2.0088796578380452	1.4678159306860683	1.6973820463549358	0.9411558302307823	1.1673331397663265	2.2388189524069135	1.1689482358829097	-0.5123056677512684	-2.597236105210096	-0.05477578224604201	-0.1975737297134869	-1.857935870669668	0.12544435648274146	0.9606644182030506	-0.029386844649662125	1.574625340088912	1.7561928699231888	1.0462502504541817	-0.907447342363581	0.5567271203173306	1.1410738373651534	-0.12360849906329775	1.4081314777800804	-0.9211803553645507	0.9856674917320652	0.9981372324254562	-1.134607691334884	-0.2484428880352347	-0.42913531713023456	0.29813318301986813	-0.6893321787058848	-0.006693613068922318	-0.848046559063772	0.31976422504361424	0.5217280177640671	0.447169815179605	0.25603051150111683	-0.8860208397056969	-0.6356862565318592	-1.9603494394266439	0.7621547308831964	-0.267070186671157	-0.3079014538758006	0.8592531998150316	-0.4210492252312496	-0.7164090443160063	1.1643315729738113	0.940356150180082
DTXSID6026294	8.798315270287993	10.704376440002402	3.632508694967956	-3.9037479301111357	2.1682380264705055	0.35020605209119554	-1.8579343344964028	0.7295184848161372	0.20823294791634503	-0.6498239209671207	-1.9475664360390268	0.42258758863464774	-1.9186171663812313	-0.09152658738884083	1.4378014223985116	-0.07773096354966215	0.1518339946003439	0.5833709652430531	0.6966808722856113	0.05717333269535995	1.023295876806942	0.30966128747792177	-0.5709451982481001	1.003025883166615	-1.6181102101821063	0.7558073484729868	-0.8100645695384361	-0.11321167965110006	0.0085158960883702	1.786550121197505	-0.1536626295459092	0.5831431983320329	0.3006462368014008	-1.947549299869534	0.777340301743249	-0.6466800212151066	-0.6681159199159374	-1.3736639749602364	0.9148024332820885	-0.4973173847502282	0.05211500280825408	-0.9452283063589516	-0.29265044731086265	1.3666571766820312	0.11031717205613646	-0.8418879672809927	-0.10050743895327305	0.7118093198849397	0.3239388573747222	1.3745074418087593	0.1730807532612338	-1.1753496767948284	-0.749927445709399	-0.6744345709928057	1.3512567338963313	-1.1352851203683474	-0.628131669261211	-0.14223484397653607	0.703070415572497	0.9529086179604522	0.19557167962507785	-0.11360355968021926	-1.4208120671688753	-0.49275922424967383	-0.6379635513069208	-0.19788534435922048	0.25998944573304467	0.575717011232107	-0.19381898759091049	0.3064991925753554	0.04281870455239543	0.14918433835859257	0.33771422344399177	0.7547359827670123	0.770542874304568	-0.07998898269671183	0.5792543191078438	-0.21600828953424273	0.845456940886293	-0.2142770722911918	0.18841401865405238	-1.2429880051430258	-0.03199963940735257	-0.38388052390280514	-0.49291151763214003	-0.6908899032990993	0.8422214725336532	-0.8741114857819899	0.6921579094989123	0.682536744766337	0.3540485060052264	0.22400527649188082	-0.25249972509716717	-0.7740926350656961	0.09152595376878811	0.2560712427398358	0.10838904972448152	0.3042718840599384	-0.13000530770831836	-0.45552809375047787
DTXSID2048167	-1.4350474212846347	0.3393790824840949	-4.679804801897898	5.404087498927334	-1.4435778187589556	0.919799424507745	0.6633390482527243	0.32082502536216667	3.400988637610715	-1.5726776176624793	-1.8217174422854054	-0.829979805107853	0.9022082621223843	1.638097314151004	1.3211288253093467	0.8322898973242191	-1.2708982296346791	0.5405779226931017	-2.811742884604273	-2.948568336348427	-0.07290923304286658	1.0331832647221622	-0.5273272028216982	-0.19878387422417226	-0.5549690176481401	-1.7456971457360726	-1.409543766878261	-0.7048985914899274	-0.45105924960214233	0.5359654902570242	0.5281511466937308	-1.0139679670038375	3.250313159941313	1.3568258539310674	-2.333916844222677	-0.7486258425416189	-0.6065302905207752	-0.8381536985514717	1.2926338245967632	0.1709291930785256	-2.2445909170592877	0.14212209003790285	0.15120338118768842	2.1670718750953157	-3.8848060843648096	0.03812550301781318	2.3147883548549353	3.0963387196350367	1.4084394900099848	0.33472554624961776	-0.5798477221504726	0.6298217001446981	-0.0035394026099683415	-1.9100762826946414	3.913745332613744	1.7037310618517505	0.6202498542702176	-1.8830877688348715	-0.9757278971658405	-3.5557318031578515	1.556210055740775	-2.232158653942337	-2.1806799295139485	0.9953046707422342	0.8670215364554796	0.1368765519323322	0.06242038381163031	0.02525511222367668	0.1849146481380269	-0.05237839846610614	-0.2298139668132418	-0.21684162039754107	0.3275570332818036	0.40778530588403605	0.11232948136312713	0.39452024265274077	0.26197283273553346	0.31182903689947183	0.7200308704835227	0.3503385356316499	1.2074856871528175	0.14590549930000582	-0.2177715124270718	-0.005098742533118814	-0.2642301332030543	0.03177523510843923	1.0573632178210748	0.6017738859833687	-0.6046018589574574	-0.07068269014155631	0.023950848729608565	0.07852926764804097	-0.17329657680109203	0.35201284937413496	0.16952556376299704	-0.18790683460470664	-0.032822242357509725	-0.9799702339909065	-0.40489643569016653	-0.14346361547816225
DTXSID0020105	-0.49629875897893255	0.5082472731685144	-5.466807786970689	8.66063617154464	-0.15862062750468914	-2.202945756987463	-0.4703941181438202	0.07441794601093293	-0.13288918588154155	-1.0646610031260775	0.8246445358499654	2.0822931542937684	3.993075637906994	-0.44057408481212146	-2.0045707975702913	1.8230939322180186	0.44969717115608043	-1.1001533774845351	1.2165370222850236	1.0910930219465813	-3.5701728175069136	5.113799768590833	1.521768623730446	0.08907758037261941	1.5588173618616263	-0.08161715045740887	-2.682129167932818	-1.9403501310378009	0.4209971680904905	-1.3596042608872916	-0.00753516102430787	-4.167877841817907	-1.8846583187882708	-2.772418624202268	2.4229158160990907	-1.5902031696432346	-0.6297544759928833	0.29805517515766994	4.167625240688183	-1.7556157972518767	-2.738357685948199	1.099441667077766	-1.3387314423429388	1.0734217941526438	1.9156651746841373	5.530918556403483	0.24178807865748428	-0.45300001585795496	0.8963224621622792	1.2573292366632227	-0.513844470223494	-1.5473412382354081	-1.6772141435485737	-0.6243076309981581	-0.5914744143675168	-2.583553452497079	0.6627694795226642	-1.5112314711919679	-0.5171283068917454	0.9453198043231994	-0.310422718317521	-0.8527276037082444	0.24057866374794587	-1.2793335409826279	1.1231717175632414	0.23363491150900761	0.20729897417358004	-0.7244501798978394	1.3137690250657286	2.5639541580366187	-0.6243177446235166	-1.948599096676656	-0.10709163312638724	-0.3640645416351996	-1.1895698234527277	0.4690711829362585	1.8636473856220177	-3.177545686987177	-1.470265512738448	0.10355659946615321	-2.4373155337474848	-2.7738218202218508	0.34680494859716693	-0.015962670838386643	0.18796162483962284	-0.018264672782885353	-3.2980215883394193	0.4073853532174125	0.35285287454578784	0.5597715504880286	1.3068846218886185	1.2282259225055896	0.9688229092901859	0.976111507751797	-1.2815965414559776	1.227168699088208	0.009157771424190957	-0.28437062803033974	0.05454208376029688	-0.00751446530649565
DTXSID5048184	11.7645903593724	9.170434464641628	0.529448778031915	0.7382307868716602	-1.817910375368675	1.4158527461901818	-2.748012611306291	-1.845821588055033	1.3978006334781377	0.293885563896322	1.2289751939156592	-0.5739282148593859	2.1225375248611753	1.7280614028729984	-0.516782645868055	-0.9558770545513016	-0.422460659594515	1.8219425596679117	-1.9550599705758858	1.1361213201390283	-0.25844062184613426	-1.563023795454302	-1.084848324209192	-1.598679174463458	1.0989470681574183	0.519635866383162	2.4061475129615735	1.6302297520786202	0.18422257674117282	0.45933862717978335	-0.892514315533508	1.4392104833941108	-0.06882650187538492	0.3180636805233065	-0.17378094030695868	-0.4922462036401107	-0.2936017809379153	-0.6414104509868958	0.3780938270422204	2.065754295466588	-0.16750587885468737	0.6163159903372851	0.155568501976802	-0.28501390702603946	-0.023604666499767956	-0.7689859287262344	0.660551002510355	0.11657307644849726	-1.5376007515735457	-0.3600225842423772	0.40100426117369553	1.2442629243515135	0.1775034977770508	-0.4765921226621947	1.0794401051324873	-0.7043116527501186	0.8236800601693965	-0.7819934671739749	0.6898272199779023	0.8359057987282985	0.548434674333896	1.142833696743051	-0.47573886705861274	-0.03228518484213376	-1.0320016729368031	-0.8016510062422092	0.07573160040151003	0.0757791962309749	-0.7620848080326161	0.08811393797827471	-0.38508910902234966	0.675037752857485	-0.05659926949207344	0.15183129434792564	-0.4039408990053913	-0.34894045626540693	-0.40575142562603095	0.4941712391878494	-0.10917574991257084	-0.3049217615270232	-0.0867710138350456	0.3694156960238602	-0.9491441168484733	0.23575840506459142	-0.6105313749853711	1.1595416774487022	0.4108189802273459	-0.3220582860750049	-0.26096868054730155	-0.2457546425937535	-0.28091631240334747	-0.06829432067967887	-0.8410828144715902	0.22299275238826902	-0.5993099912272882	-0.2443824681810027	0.6738174998737707	0.287105096265399	0.11989038431423997	-0.2979861163211651
DTXSID1040372	3.3857557485264156	-3.240749259766376	1.5618076567052228	-4.6417905852826875	-3.607946183415631	-2.7987293042918275	3.772722197691023	0.9006958076847053	1.0542346733534593	-2.3034696060142217	-0.7678562361098069	0.40227926694345373	1.6084885326651455	-1.1555253185969625	-1.5487883770921826	1.98473560020704	0.24247076357595376	-1.808412428841213	3.4256070146019324	4.241678805647701	-2.4147842354588307	4.6751425957547665	-0.0012092462526460779	-0.7661905027848936	-0.6152552413275817	0.409566022625588	-3.159014731860205	-2.4861966724851228	2.6226932331584027	1.0495550337155835	-0.8037513391807755	-0.7985227365002031	-0.4183516156214229	2.270179225861994	-1.1243724266519692	-3.2883270357163616	-0.136969699574134	-4.238014168788855	-5.057230992735489	8.734708251243047	3.604297975135268	3.457959206662068	2.312849926110246	-1.8974756519928142	1.9151383156565098	-3.9201571099033274	6.155940796384168	0.9266123898588184	4.6751162335765715	1.4609942066051194	2.557188505955593	-0.7012796466763973	-2.3386141658613386	-0.09306300374097669	-1.4508236625637263	-0.8402624165400001	0.08992791946623074	0.019382585374122917	1.1501855489510435	-0.9046161789340045	-0.33291967327279626	-0.17583180760052955	0.47573251861300986	0.3160926716992874	0.3931068075266606	0.5600648843240537	-0.3197860777768037	0.5498202225344064	0.17247522493879994	0.7313909513580188	-0.6372731592122808	-0.7168387537382005	0.012836627683364792	-0.1421261456027563	0.1974858301026753	-0.014706734395602819	0.011265831090992322	-0.25553660570291464	0.10563462136963436	0.07047728747934391	0.022703510143234625	-0.24615871010285495	0.11371283783609414	0.11140841965458463	0.01113313575216406	0.14213065944275782	0.015804963036939023	-0.07062935004211919	-0.0821244754794696	0.016219076792326235	-0.05101526335468588	-0.02858730737548925	-0.03473874338718341	0.04577959687372738	-0.03856915103321757	-0.028092528372346295	-0.009472584809656704	-0.033433710661371595	-0.028005077774726758	-0.015165043998444446
DTXSID0057679	-0.3342372874745036	-0.36012454382585457	0.14283370371706527	-2.4316156437757375	-3.3830893903678074	-0.556045704153058	3.974598264807872	3.6483134498257375	-1.718577758352377	-3.316454998302567	-1.680672138971738	-1.0820149156751906	2.677933945729394	-2.0209160748929036	2.5790725199433333	1.6907947178818667	-1.1030898772224513	3.7402706720563215	3.3598456630773157	1.0137934244868452	-8.629710200118257	-4.96817814617523	7.044979798441362	4.088427219838923	5.202188490498658	0.3402941006687144	-2.6537437713361043	0.5556712396949568	-1.6474086664827168	0.5145375386636477	-2.7332853279108114	3.526200005468594	-0.6317001375032234	3.4718346659985655	0.8307800355962495	-2.6106512744395034	-3.2476585940756726	7.839477696084361	0.019584388556398775	-4.15333078289407	-3.500513029310249	6.828839787652068	5.539418903616382	6.804853942029134	-0.9742889299204694	-4.995988201042784	-1.6786683830812075	-0.7504323286356751	1.8692997943562475	0.4606389897627354	-3.494060629745209	1.179963085852841	-1.1859273898796685	-0.8094633294840071	-1.8646961384755634	-1.3346431472130824	-1.9611917233453546	-2.1483872486730657	0.8703327959790513	2.059349378115418	0.2084370835681875	0.6298738763247426	2.019070631728575	0.3141856890206047	2.2754422169464137	0.35841209955375825	-0.7767556109688007	1.1388414976895576	-2.1486507498168823	1.1433122627133316	-0.4260806178646365	-0.8511075837598057	-3.529911099674767	-1.291687311547031	1.5888653932085526	0.5348544788762633	-1.4182075488897523	-1.0149058861758482	2.4992285978656525	2.4351581272600322	0.9743608287708356	1.5969497633351217	0.31430546429272	-0.5533482347976962	-2.285191870424698	0.9595199179261175	-0.8619731193191057	0.25162547153999115	-1.7199956412259418	-0.595060054868648	-0.34019779424797875	0.5593910292292892	1.3012712063936998	-1.3300897862820147	0.03181665906347273	-1.377514260184619	1.6716729612409362	-0.35496142517460083	-1.4608580562373736	-0.3029774258018303
DTXSID0021620	-8.669141709026519	3.255471219055054	-2.2380116038072626	0.2928294199287888	-1.2260481632626226	-1.6867510406124966	0.6825182241150405	-0.7725997424409835	0.6765988557994781	-0.4551762476194283	-0.3145132469458089	2.1970341754021407	0.25196906213637965	1.2869241705972683	3.451397188106357	1.2095087365065362	-2.5591674755188563	-0.2255865274468008	-0.5279291973867418	-1.6781498257973089	0.26854370547774575	1.0278141178297726	1.1285054507488745	-2.036904132112515	-0.8703496656595334	-1.0001402407661357	0.4673380471137895	0.8962363902225645	0.10406839241142439	-0.1429051863576453	0.016850787745676336	0.2978741324722881	-0.2379668142633188	0.6424064910024367	0.2848651625788531	1.107022468462497	-0.7738114508388143	0.42727137338088145	-0.657192350123067	-0.7184353558281996	0.09869749016737782	-0.28376421482845116	0.16323052214037215	-0.5756123037314853	0.7357028280171337	0.2028734707374027	0.05790579668223655	-0.36661074529043575	-0.351444997476715	-0.3500088280159139	0.8418479412215296	-1.000869139506567	-0.6090580009718001	-0.05195002141640336	-1.5510231001485955	-0.6478530577255985	-0.23345031058728344	-1.1661498071671283	-0.1832891831380927	0.4120657915533516	-0.48954785274411533	0.30524325860374624	-0.1418733631821388	0.1935214307940634	-0.05440086565597084	-0.07038161016313463	-0.6363209051004316	-0.347944234187129	-0.227476791967747	1.1088134989755558	-0.6489655619778434	0.14304619746316538	0.505899050959481	0.2986427413480695	0.22550497771978045	-0.1726921293602244	-0.11897893266658034	0.6037712384780956	-0.5617791795906549	-0.020908684314292422	-0.4040138402168665	-0.4476217864224214	0.30196496318852767	0.3450803203952648	-0.010633640080078104	-0.3450687927775023	0.1998288923030526	0.4123721507531858	-0.18223767734390653	-0.15109957622647363	0.4345401881909345	0.31864847812156116	-0.10261124306666179	-0.03211031045119044	-0.008394365545580769	0.27644355474163784	0.09130683020552857	-0.1714519032788911	-0.2752550864680543	0.05485819285961533
DTXSID8044595	-2.8347972148054073	1.341371439393301	0.3630359204839134	-1.4237671142705641	-0.4893026780742342	0.46129604560902077	-0.410636851893438	-1.9155889632205934	-0.03246166332535068	0.6033854102172471	-0.005181192756193798	-0.18884156043960795	1.9131509753221627	1.0085647404604716	-0.5833834495138565	-0.04302193458853171	-0.24632433111370655	1.8637330567857204	-0.49324397371287554	-0.43407248219104444	-0.5124541257953391	-0.3635903332239013	-1.37763140996517	-0.053544882108731075	0.2486094727616372	0.6122008621438612	0.850667193020451	0.5928235507519157	0.02955697415071809	0.7237718630343316	0.09388693477115355	0.6057705363302835	-0.09539215376061486	-0.09973583092490058	0.13780891743400303	0.7676670878397452	-0.028451086810541336	0.8086518176891613	-0.4248126775262736	0.561962319168471	0.3274634814628507	0.020303503864396732	-0.45827688587909216	-0.48753641619485266	-0.012033038158941741	-0.07244867796449782	0.8834599696623975	-0.2853722198694979	-0.41280987853230244	-0.5061864708253067	0.2695901890135604	-0.5154177676791131	0.16951009736813477	0.38209762550637616	0.33739967444630947	-1.2550292797604747	0.19731058342819568	-0.6007408775493283	-0.6374871681839551	-0.4296678468590627	0.33820129921903835	-0.4437444898349943	0.1304308824196633	0.23435166610241986	-0.2148468796431831	0.4900933139692352	0.34050658052541366	-0.07853924026462755	-0.12020691400016459	-0.5619841124173994	-0.3135483310199156	0.2188171530292192	-0.09713997582546942	0.12941471675990476	-0.5332821632816219	0.04634240269575828	-0.10362980684246663	-0.13643880457732205	-0.9005670221101845	0.3466091675783862	0.20786165735214487	-0.10552680937614065	-0.27594171383292626	-0.29811171788041096	-0.692299246071807	-0.3386662278609294	0.24999784774884823	-0.16172696509967746	-0.3780004797198832	-0.36833756656287836	-0.5283444929481346	0.0809659645518173	0.11191453526765478	-0.46975880511230755	-0.2026302118200543	0.7011106474082685	0.18714418465421018	0.05957937209055902	-0.16111715827380532	-0.2923074504013331
DTXSID4023678	-4.495179861750949	0.40338032305962357	-5.276827767742527	4.413703287601083	0.5882007474759771	-0.33087483013359464	0.4176867186000414	-0.8474373339058294	-1.1601354902120184	-4.61726671844507	-1.7318130118644512	-1.3652012531045672	1.4711164326218775	4.010985683033933	0.9719982182531857	-1.0062398530595706	-1.4700424575135405	-0.024470526071408844	2.3981323530252356	0.5962251836200277	0.881488790924109	-0.6388420398210681	-0.22906708356917888	-1.4503471171529643	-1.6497664505018883	-0.505319209144364	0.16815450562557824	1.489422149399687	-1.9355589194957514	-1.1169772254825603	2.406582361394332	-0.2979294096912743	0.4910801166902801	-1.8988737132778817	-0.14454306215869195	0.6818793204370792	4.025902235630663	5.145488357634652	4.799466216537978	4.839830640390663	7.319316959850563	-2.4194357759418588	11.917125487206954	1.6157510508995256	-1.952693721348968	4.527898005883966	-0.7787446991530385	-1.6370095189815281	-1.0721926365677565	2.29975263905876	-0.6897407820602149	1.4483727114813016	-1.0142833481098492	-0.3671160016470509	-1.4090928902591127	0.8113610238775552	-0.5680287749387425	1.0527187089811547	-0.18523973125195367	-1.2087670243036481	-0.4862234242931499	-1.7099145809906662	-0.33309668980358487	0.8820985823544651	-0.7173624612483455	0.5713273504091364	0.7543366380815907	-0.5599917387932827	0.9641710785398386	0.5567655507782836	0.21184661123989393	-0.35627756516069575	-1.1037209423239798	-0.7867856348742054	0.3856292393507059	-0.14644351487372909	0.07080247310791722	-0.15683852805094914	-0.3139880070211752	-0.30952196667128856	-0.26313892223559554	-0.1610214055216773	-0.38435815158617104	-0.46255248194982607	-0.0066395355968561255	-0.26215134487646263	0.05313783888091349	-0.36081112152407024	0.1504969857609146	0.03898238501419452	-0.1270237535730471	-0.09681496447135696	0.6354205480416331	0.7232108813609002	-0.08874303823382432	0.11162590779130012	0.1111712221753137	0.3826216112389277	0.6713037934234608	-0.026791181417540826
DTXSID4048640	11.326920484377473	9.594148385570026	2.7412028151373646	-0.35161089446489696	1.7221905953293513	-1.5632769369377038	-2.7038057857354714	2.105707489385791	-0.3422064946697634	-0.7484388392407308	-1.9010451109391149	0.9251343977027616	-1.0318696755748733	-0.26707509954910086	0.06286487094275395	0.5339456038910914	1.3187745074955255	0.787387950420591	-0.5231180088378352	-1.0766565912089632	0.3331440438792781	1.3138428205388957	0.755693415045333	1.7681269578459444	-2.9733363248474913	1.1957781037465864	-1.9526423777892894	-0.3320021129970169	0.27400593024794645	2.39544423130631	0.9409188252794023	-1.0444084739896813	0.662247909142927	-1.414482788962815	0.8868477169632131	0.11643727165206143	-0.6879887301493266	-0.7418012242250207	0.6265979490989081	-1.9276274056993916	0.3775117755859208	-0.7669905273250437	-0.23262699895490246	0.3267066040528354	-0.0897186692835626	0.21705503457734315	-0.5279749959752723	1.1058937491454128	1.3464664113328668	1.1186834803572379	-0.5255098048197727	-1.2161779010572924	-0.9911343759367027	-1.514880578199773	0.5201894997952582	-1.5169524411223203	-1.4489513891991734	0.7326057983297669	0.8331092144861667	1.3279713372203448	-0.07656691249865942	-1.060625635148347	-0.7091468828656519	-0.34319836211237964	-0.1293122149127212	1.2901043079752306	0.13059968916057665	-0.23849080752724286	-0.8403660766696804	1.9811579910087012	-1.740774429403318	1.0654996686643206	0.47549749528429464	0.4266098391799104	-0.793971311333769	-0.6613215661390496	0.06713381705558918	0.60895522877215	-0.05956732445244466	-0.06097692073097134	-1.0215535415652008	-2.143981958282631	0.31409356065245636	0.20009602243030994	-0.0162252700181762	-1.2523131668106118	-0.7077727731115819	-0.6414622384476777	0.5485055601257557	0.16615743727639964	0.49816895520890164	-0.06683737022633833	-0.07325457253515855	0.12755033618156822	0.5457673125887835	0.53618753538379	-0.02610491304569251	-0.7735310233965192	0.07538333173056876	-0.11578344930935403
DTXSID4047547	-1.3277112520820515	2.8317494550349065	-2.754266361820134	0.22133856974519733	3.0085146617064966	0.09834619610750464	1.016715925793907	0.3998083938032665	1.1690495341229903	-0.24590101661936883	2.013292730874336	1.6163663756374498	-0.5214680623468405	0.7821835770978103	0.49939547914672866	-0.3058032163780293	1.5991721319820533	-0.6534414404468945	0.3566272643837435	-1.1162493227434942	-0.4279962808387746	0.30392229571836454	0.548513199713388	0.37883720894151107	-0.23585021291127897	1.441314531894931	-0.4017762400135644	-0.2848487568602427	-1.2283698024674	-0.13121747406172604	0.9233748246405451	0.7079229228208849	-0.2356545608463138	0.007609861625369996	1.1202130767950205	0.4493294647515405	-0.45870262770498227	0.25431592603270997	-0.36598737036298795	-0.04176591743027972	0.04321284030488979	-0.5763926077495191	-0.3510177393696995	0.7016966427668557	0.5811040972033941	-0.2136005588685204	-0.7251612933484353	0.012252051746718017	-0.15096881935557888	-0.5077631693671599	0.3013945159200909	-0.2815641603921794	-0.272522986269602	-0.6040149751933485	-0.4041727599978326	-1.7451849335276297	0.506563346083238	-0.18802413505103002	0.8360600970470045	-1.3506421047935615	-1.1003641161382092	-1.0960178218455239	-0.08211111737067067	2.3573311578772196	0.25597091663720467	0.0882972905549471	0.15212083283047828	0.6991354819509468	0.4076464636248896	0.018264224335844254	-0.1880177363880762	-0.8841023884529343	1.4748834023803552	1.0050298856212456	-1.036521280216516	0.2887976910308705	0.6061547206729022	0.061987028024466324	0.10363114785687627	-0.11032612824705973	1.0214411516551283	0.22537513556195538	-0.18911741174331564	-1.0223006701612491	0.7853981969413132	-0.8080764503764739	-0.20384548727823512	0.4567263891742578	-0.4289276124461027	-0.8884695469854526	-1.1045434083104482	0.5621139785652202	0.08403985338854496	0.8016614566757085	-0.4267225931152553	0.03042719489271613	0.7469261640117453	-1.0785315349132916	-0.24301812019353822	0.42626788514880415
DTXSID3021982	-6.5875848320091315	3.227422757413111	-3.7284400375915596	1.156538364765136	0.7551738058267254	0.46203981392175464	1.214772244392455	-1.8784795163212045	1.1996280190398598	-0.349284483141442	1.135253494786281	0.7844055103214368	1.0793750647801468	0.920624190840281	0.4681377859625589	-0.6734446017188017	-0.21654243740065895	0.40782005201410454	0.5387364111570129	0.5971546674958961	-0.7471637710155691	0.8414377310694948	-0.23511395718060316	-0.3509945122574587	0.8498173883637252	0.10028785735189642	0.4798607831575284	0.035534839724302276	-0.5536239119997268	-0.5762416512610058	0.07604644273330961	0.11582541171238434	0.47885578744018636	0.3570039787209589	-0.19518387798334974	-0.49879636893596935	0.5714068332078491	0.5919125900722539	0.10988177366352411	-0.28793698645004867	0.011291880357734244	-0.5859887353062462	-0.17110957682824754	-0.28295646551914116	0.4825947102889959	-0.496142654184643	-0.24382199412707337	0.1267003366805636	0.35470951057226285	-0.03195407995731314	-0.3539388016311569	-0.2954857283970636	-0.012345056266764418	-0.41896420038394017	-0.38694084822756847	0.06994262145272112	-0.5063661075610643	-0.5770830024052781	-0.12843707993526132	0.2742542819039154	-0.04425892746475902	0.03985317682581395	0.06384524194841557	-0.34253833170805387	-0.16240483459083063	-0.6017555190078471	-0.5902676369976021	-0.22308973358266537	0.2776966099255867	0.40606722782422755	-0.4500569642559419	-0.23769677412139537	0.16250368141062402	0.21811403872273025	-0.15855948377003581	0.18386413834847598	-0.30132313216026346	0.3451071316450124	-0.41393337375323097	-0.11472402090810303	0.38855393775963254	-0.521372918162842	0.3092234908955217	0.08193401160463368	0.19034004467685106	0.3257156053137595	0.27006249195760557	-0.02016953460230005	-0.35150140234281235	0.19003258863880604	0.4459943542001095	0.5711607903079571	-0.6059409876031737	0.0465558200931007	-0.10267115734836134	-0.12857928542072966	-0.061915178010031456	-0.2046127172437181	-0.17757127633996314	0.02098999718340987
DTXSID2028985	8.519907392683384	-4.877835088046642	9.701241541136131	-5.124042564547414	2.1270539794264858	-1.1868024932333354	2.15495969257559	1.0036975478712356	0.3942211734436381	-2.046385906731222	-2.4109604788752503	-0.8289356573772744	2.007180111007495	-2.2249336641499915	-0.0798901728831033	-0.2987036562440119	-0.011360398638969444	0.36015393688356045	-2.2049892594842606	0.3671849062998442	-1.0917192808245157	-0.6456848619315162	-1.9893376164352097	-0.2038452306144728	0.5816970130180356	0.17728466984368818	-0.16996294974039572	-1.1469493249938367	0.29187710388643473	-0.7181472121469352	-0.4035906561991953	0.22296277110153787	0.0848926727996476	0.03631835583384834	0.2877213408723271	-0.22489438119056424	0.3024139168362037	-0.501632459330401	-0.1468128236823228	-0.8716136965918958	-0.7577882004129132	-0.7212432047280649	0.8769752679728889	-0.8641337422041849	-0.7989897573743675	0.21308788695074718	0.8949484554855593	0.334385116829757	-0.7753404444015916	0.1304953287500455	0.6191321054328155	-0.30633856728294734	-0.3182002939699508	-1.002512665294113	-0.1469851779124715	0.1987248753134565	-0.23973338237997996	-1.6503887793970093	-0.14910265822950383	-0.6897275893189058	0.25628726609531427	0.04953792339212381	-0.23605250347095105	0.2574210997448666	-1.6144780477181226	-1.2099585900998842	-0.44870633452160613	-0.12487689594255694	-0.05408271064823772	-0.504262543906769	1.058608672032321	-0.4274050996281542	0.7741202191297856	1.658813975686587	0.2006707684157178	-0.029402197301359255	-0.048633422319329794	1.093873464306066	-1.750996474699539	-0.6837250535417011	-0.22590528568143434	-0.5678198727481945	-0.5553761130597805	-0.07106296510089305	1.0420562151062955	-0.4338157575120396	0.2109984855142527	0.0657347326244023	0.4973005783370084	0.5593901840870372	0.5387969001528424	0.27398973347086286	-0.46972152596713046	0.10975144114292354	0.09734760497490613	-0.5066480606849666	-0.42828387149739566	-0.051798160299114195	0.6954427223014477	-0.6110255126094746
DTXSID5045758	2.5828996419306196	-3.57822784001833	1.0163248967040825	3.3140982930516736	2.6095869358201282	-0.08887669874864064	1.7082616862872082	0.2912828133342094	-1.9419562685360574	-6.241557896393075	-4.429409595790712	-5.183933023090199	2.579220888303463	8.119961114563425	0.15480491212513559	-0.8592079578593955	-5.562038417727501	-2.1912153016402174	2.899428801940282	2.7031271081229935	3.872259329236235	-0.08232647814792197	2.428708249524401	-1.6621262393362082	2.2649947978605676	4.190377099539053	-0.7176166353239015	-1.4698580892815463	1.2567863743167136	-0.21672619831472045	-0.3082083722639874	-2.4360434251569685	-1.8278000888819996	-1.0506951331647991	0.7546804739385586	-0.07398474626393257	-0.12952511120546273	1.7491593364210483	-0.596261200656397	-0.08925204220289067	1.8934612245859765	-0.12306957326731335	-0.8541685422579585	-1.8170220801879686	1.422808262461462	-2.209469083909993	-2.357864572300334	-1.5559023399061427	-2.2695905454866208	-0.516997280305319	-3.324363755543882	2.210991290400495	-0.1540972350035081	0.01376737412090052	1.642069125843055	0.8551210322683788	-1.666751000229221	-0.05082290655944176	-0.05105929373191372	-3.006428784000354	1.6884577343606668	-2.1823996273397723	2.3962106093969417	1.629279906416167	0.2716262989567114	0.6216267938312394	-0.13606757317042933	0.23788883740071604	1.1804256039197851	0.7650295129712433	-0.3093213020756684	-0.5262543420456088	-0.18365896105151855	-0.4370855467777633	1.6075480729295055	0.4528017503202947	0.4842302329572654	-1.8797258783529638	-0.09687818074478587	-1.8203563737037702	-1.297498898188165	0.35455607700728237	1.4653824245761085	0.7788536465565403	-0.6049922456948356	0.22804799530101416	-0.5108900131358577	0.05558944519363975	0.4305265783338663	0.7615766352756196	-0.20775219159084485	-1.2344917187006461	1.0495816684974348	0.6151205093118126	-0.9820132084962998	0.3751473229597295	-0.4988116095622292	-0.5385245449046087	-0.026528552312551357	-0.0990934954867654
DTXSID5027019	-0.343900995866777	3.9761844752244073	-2.8617829359703655	-2.2417409278093063	7.714446533088156	1.5762629086434057	1.0088533150594494	-2.8384918255781084	0.9562957482060327	-0.6441520674471801	-1.3221311436407774	2.1237642612575827	-1.552470665331253	-0.3121225324224431	0.11641802644484905	1.9144825241621615	2.7299944018857496	1.4786621060757585	0.029095796441837775	0.47359200798849993	0.8426791814064677	0.22795414933495406	0.05421295868465589	-1.468774092595442	2.041594397012054	-0.18177907511170424	-1.5404215299690895	1.423812881742442	-0.8643164938924662	-0.8795642360633635	-0.03260779381137456	-0.9096086170975081	1.071698261671244	-0.6694428133858052	0.3955852278084257	0.43521348838802393	-0.4408998512629384	-0.409717296109685	-0.3670135182683131	0.6509668507444286	0.05145405368776035	-0.37519092109863394	-0.8196016331696505	1.0468134030457847	-0.7327920601231822	-1.3536553916481882	0.5919998803057883	-0.5783998474331384	-0.1777319204983059	-0.21141700648481213	-0.19382401817631795	0.32792025368180844	-0.41316608023221957	0.47672529552795595	0.2540539255642605	-0.09558687238570329	-0.5950526907504642	0.6204375174858388	-0.2055600640276969	0.07564223167817181	-0.11131908500642403	0.07642853947306377	0.5145926188214304	0.30823245925342574	-0.024376634145645563	-0.8920823628944881	-0.9839398520904068	0.47483953831885045	-0.8295663493380325	-0.5780578316866872	0.022303043914583816	0.3731354166836322	0.07585438816182176	0.4794723952250885	-1.2245040206896125	0.16976347411583315	-0.1943570704791617	0.7333418259237924	-0.4034274907310828	0.0473635978100202	0.3802132709269406	0.16117666257600832	-0.4306955188780198	-0.03463456783126293	0.6853284796167359	0.6530123941588821	0.20300642799131732	-0.13744633707212203	0.34427295916639905	-0.05249614709443137	0.2578882089176557	-0.12020266704134214	-0.5546728357174021	-0.03301852158920804	0.1691385629490013	-0.254902857909342	0.2691418208821798	-0.0422478418260835	-0.1431840736784914	-0.2523007768353383
DTXSID2027418	-7.453128528516792	1.5542773932127734	-1.8804330647758596	0.1214625559040006	-2.419315990996228	-3.12703977971922	0.43229675407980234	-0.7417089846346143	1.205032577535352	-0.8776125456839395	-0.7805038468467909	3.4043010287630446	-0.12754924304974563	2.422418373955439	6.27058507960826	3.027600257531017	-4.308517142581623	-0.3795744602998097	-1.8664333225848437	-3.3480199920453226	1.0964520619946778	2.0105172219220213	2.6640315509818975	-4.209651754793522	-0.867908076864885	-2.1623269339523614	0.5013750080937602	2.251357661364029	0.33971747241269257	0.30166298013182385	-0.2963508346984209	0.7009907886733439	-0.3458150665568253	1.0808741642982056	0.44654297818387406	1.5006749412712546	-2.026117415844795	-0.04259476742292635	-1.167500709126595	-1.1324263175028624	-0.07264565407474258	-0.6108663150363263	0.4029720556600166	-1.036804336618548	1.1159922931645259	0.7068062616829347	0.22900719753107898	-1.3088788569676284	-1.2130992382147385	-0.22557269970419866	1.9018648418328798	-1.7832376559599852	-1.2979595043762218	0.06882398846125791	-2.415543265403779	-0.7456927962756675	-0.6521073853735374	-0.8182376424507014	0.6250983000546294	1.2552240115343822	-0.4317692352635573	1.0164537658723	0.14363139850812548	0.04414618053862854	-0.24982061202714664	0.2103991623463957	-0.2654827027081144	-1.204472153197286	-0.41613166575053573	1.8495873222186554	-0.5920997559539777	0.460179712782337	0.5381544396752115	0.42945040596235284	0.6492594906713324	-0.48501491172144806	-0.42691903813009424	0.5278882166666641	0.08903732188081018	0.23820911027069808	-0.7402210829690721	-0.49049468976860383	-0.3017282239198027	0.2594185095402892	0.3175585246336982	-0.051701822178125155	0.32999310815378896	0.5357079990713254	0.12161426521323374	-0.43151664911048676	0.6000374747169652	0.2820706760807663	0.13918199114704163	0.3910055335318865	-0.27797530649389285	0.037921113800909324	0.0475812595534967	-0.46585085009479665	0.05023311166690964	0.10890832370234815
DTXSID3037208	1.3264551777145244	-5.001781825120034	-0.8330054120151581	1.3082187483582646	1.2603399953733838	0.6300517339796001	-3.8192781833754292	0.1254403394050377	-1.3943867870307198	-1.0805146251842281	0.8747994975037277	-2.738282881168229	2.1832727178243885	3.402276642444252	0.027732506523309535	0.5601503237787397	-0.4070372569137285	0.9677876919034345	3.9771750666951124	0.45097324337256034	1.7470848867836761	0.032315973395420576	1.0653584922555592	0.009186473382859021	-1.4188378129748933	0.53804942266292	1.0024854272926138	2.203154327777743	0.8658148583201555	0.009169431002881076	0.7657219781711577	-0.900498546702988	-3.0200434473214273	-0.798549268130896	-0.019127275027609143	1.4225741875992082	0.27158716685690343	1.201464165501887	-0.16508259423676705	-0.6971723474272556	1.1338392512807833	1.565448734636469	-0.5547650368834192	0.33597889751117294	0.6563388780000236	0.026287982324595546	2.0566586758407848	-0.5908069132745225	0.5924168628284693	0.6050339415206719	-2.5916469066163472	0.14067350800515824	0.29094582600337715	0.29328498273407655	0.42510042087027283	2.6286816919370963	-0.011250998766678965	-1.0331761792331222	-0.19291506754920268	0.09852098365046821	-0.7213934871804931	-1.044859547018118	1.0599243662421514	-0.5133154279871098	0.5981730553638722	-0.4060508123532492	-0.6583147611228602	-0.36312711287739974	-0.9639334569816367	0.9576151429791114	0.6674128269368595	-0.5033879119687744	-0.8590462281489253	1.2277208875930221	-0.7321113986553764	-0.7498951340848453	2.6238561465148798	-1.3579870117771016	0.7919727923810532	2.0730521366865675	-0.9039596077461829	-0.32719519274719844	0.6471231225272955	-1.789648289887096	0.24731452016525718	0.26830316839768675	-1.8134822214564283	-0.2526139411215865	-0.09703470527799886	0.7063735507467267	1.2605217839726064	0.21564225147533436	0.07658838970221517	-0.7145607016785085	0.07987989748531761	0.1739475654034751	0.3352318613517445	-1.2601320546739103	0.9782271251415448	1.2954941553065276
DTXSID6020771	0.2603928473088084	-1.4708953275454035	2.1686347056272792	1.635001617533724	0.7108790389225652	0.6370884016716103	-0.28296944755833026	-2.8970722757783602	0.12679176473393247	-2.9307440779468883	-1.0451640302499339	-2.22091988402286	2.6637012795530173	4.739197146804888	-1.292753301259591	-0.36876408167929087	-0.7010946447907745	1.3165764783466478	1.5207369859643776	0.14577635988818372	0.6814669840123634	-0.4905356208756465	0.9543502180749452	-0.4612261493977554	-0.8056961214575886	0.33620143110457884	-0.0164568093886277	2.025782127487158	0.5101269040543107	0.7152894435720388	0.8006533031027468	-0.4138349463768209	-1.2211208313618636	1.0199077489113821	0.49407103299556726	1.2013860450897902	0.927805694484172	1.2646745741551255	-0.35542075844381	0.9271137947217929	0.02314449768907681	0.8284360476158411	-0.9172457962223757	-0.641757923987602	0.1700265051901894	0.029328954126057592	1.1085503905396341	-0.5665884997352134	-0.7002638491035627	-0.7615129637070766	-1.0982487012244513	0.5321010174648815	1.187914079811456	-1.09938600787742	-1.5914644843908752	1.4426790182679525	-0.04582546347848884	1.2374775547909116	-0.23562076126536435	-0.9156104906906855	-0.3583220979770103	-0.5391155964749337	-0.23295364952599515	1.8611083791580953	-0.6873693085272842	0.3912746723521793	0.5535082567042101	0.22068572167799066	0.4925059346246267	-0.6060646944012614	-0.009463138092064824	0.10062159858531643	-0.2522840732613339	0.05002315052020203	-1.5646839666679477	-0.5838829369810271	0.6648175584331932	-0.5156728035913182	0.021453167091899355	0.04914544852764642	0.07364077474540545	-0.21784240862306975	0.8459126249577198	-0.9038156947649162	-1.004563770194424	0.08839889596707028	1.0517750852034	0.06925830760992079	-0.0005085297004830806	0.3308780381035601	-0.06952027758588991	-0.14482197782665643	0.3810479151234045	-0.017140247799369335	-0.1268004470071691	0.19224259986665837	-0.2923705297908148	-0.14457618888022036	0.2184079883402114	-0.005359822063425352
DTXSID9047542	4.575269777885101	-5.571567548425312	-2.073905231096559	-1.2896465021689267	-0.7073063772033312	-1.0340457903956761	-0.059081272927715256	-1.7509543587881984	2.5747366536355294	-1.6955032528274743	1.4868718163540564	3.513076422829458	0.20471029887711886	-0.21357197934917171	0.8376272561926352	-0.8408514546448866	1.993032167061623	-2.691405831008857	0.5661333596389773	1.8591197373557717	0.44374411170899586	0.8846713592611227	-0.3581322214622639	-1.6820160317967683	2.6964456327036026	2.4827303964280496	1.6505489754066485	0.2583084334243558	-1.6502354473166998	-1.0861574981947024	-0.27644149068460494	0.9913531258123219	0.7340246570603204	-0.964620750879794	-0.08226769159529847	-0.39851926252759917	0.6936228064058532	-0.658487174232928	-0.1454937606021419	1.0505212316229238	0.749555950150716	0.08704206260563911	-2.1518620087185965	3.615000928047683	-0.4211411474905063	0.5925841355015303	-2.0625585599810825	1.5669364907009997	1.4668131786280838	1.066490156373198	-0.7294733172248644	0.19349944557483115	-2.2214217119835906	-2.67631173833424	-0.7533195981250236	0.5333849556510638	0.31295234186134874	2.721269347997086	-1.3963147085104222	0.802756019438028	-0.5151239209646948	1.1781743360780546	0.8395543451368702	1.573743092655764	-1.3121373071507976	-0.03265114648214444	-1.204504006226626	1.4707465506903683	-0.16461357271793534	0.20202652681996197	0.4232822917818529	0.6821877903694397	1.1045630914176217	0.5513192013155264	-1.233905379530719	-1.0862386094487089	-0.7365783650718716	0.3199791423929403	-0.05328435255838889	-1.1329183372675136	-0.18962133867422873	0.5446530437406839	0.11364960163563924	-1.1345977222752612	-0.20998087578889024	-0.6414762830625949	-0.25532516680985634	0.4254734802473843	0.6004884824678172	-0.6024484911536679	-0.17154941091479253	0.35061955334439343	-0.03774073958333349	-0.47216738822126336	0.2777752754934464	-0.03945493842637465	0.6446477334542481	0.2893151716666885	0.06347425697833443	0.4968835737847679
DTXSID7020766	-4.0616961562925376	-0.19467852141064645	-0.9854992430731695	0.8688563850429997	-1.1596772120527101	2.671274357835122	0.3460871450693585	-0.8752792496905286	0.34621022583107325	-1.2014686184516232	1.140373419500999	0.3295320098397627	1.300377826617145	-0.4240578369673529	0.24508639510182176	-0.38405472399515195	-0.2658927789586031	1.094095475651609	0.5269925483491286	-0.47564293647381095	-0.09735281648610683	-0.39040355161414153	-0.5628926008559957	-0.08595763964613316	-0.6346115157324769	0.5833812558538436	-0.5196788668625921	0.03734097762993056	-0.45189645929906563	0.38562553354250967	-0.5097538440896947	0.032828148459227005	-0.9214979291691765	-0.3497773384895468	-0.30957795810687144	0.21265675479068355	0.441579494310046	1.4567304586708525	-0.3786816765183056	-0.27239583921219435	0.6419787737603618	0.0981292658359838	-0.6764133455048604	-0.35319968685208586	0.23843004718960123	-0.2383034111821982	0.1552430065389525	0.16111536512621644	0.21530620477915835	0.8788923170233489	-0.5673965094154275	-0.8128595184999498	-0.5227718289087466	0.4511125265924361	0.08774658473251587	-0.1621559320326104	-0.3631510157511262	-0.9087684085349881	-0.061790199153235865	-0.10306202607016585	-0.5882186737534773	-0.019764703544109308	0.7553229840577111	-0.04265890677922775	0.4318563745286121	-0.18828313385369863	0.22575961948342693	-0.8046151257909414	0.33487353817108706	0.522708050138104	0.12364464235621493	0.4626186320005637	-0.1196495120305527	0.36826168381088953	0.567187403960615	0.180666987233667	-0.19789162022559512	-0.1353272831126817	-0.14100568886112946	0.413820742336041	-0.1107655571461802	0.5451284225707131	-0.3350773315347018	0.08523375786317408	-0.16504239072293272	0.3036694456812785	-0.4713522886979422	-0.3223977781420486	0.6519985279238435	-0.2621833390939416	-0.61695706086034	0.12223624920755748	-0.42323919636000856	-0.3463352378060406	0.2962636441251885	0.35397952987939374	0.037746608266368435	-0.22851633804038304	0.06115574433204598	0.012180178912904387
DTXSID5024134	-3.171125715943852	-0.40068594845283273	-5.0151076073677725	-4.292231682999821	-0.7726948457422977	-2.8158997123755802	-6.395028688122257	-0.6116735024842085	-5.863610749080939	5.659304577439699	-3.322176562818961	2.3269650992579853	-2.7987874676017497	2.868334574231382	-1.852295897586586	-1.8611861072571116	1.9535458886866934	-2.5153712689409264	-1.9489358996172366	0.2075459781568435	0.18446345565487707	-3.550540974923124	-1.6808021795116506	0.9620789119568666	1.0426547010355738	2.2124283677152894	-3.6760132195262347	-4.326891702596499	-0.10531541083354054	-3.3079926300973184	4.783382976002184	1.4112592547955352	-2.3366182347422693	1.0135656853250095	-0.8002459596973872	0.5162639525123087	2.9200974917323026	0.2456573158255278	-0.5309976859407392	-0.9466512886480095	-2.0776945226013512	2.9800690163569166	0.7152792149064798	-1.1260105539683984	-0.8637363644747679	0.16886467571191957	1.8883171460518202	-0.6249466922785987	-3.2565984073013863	-0.265373872457529	0.8746299837708919	-0.7081825971236346	-3.275406516261351	0.01300511274031223	-1.3578205877249268	2.407791587287627	-2.3369966868171543	-1.2130695737394028	0.3258818452162744	-0.811281592847233	0.662821649096935	1.1030744059966093	-0.7307669977534458	0.2843415640250817	-1.2498653723978919	-0.0807139585148347	0.3471256774856191	0.32849997221953386	-0.28463264807069444	1.2068890118683555	1.4031528404514504	-0.07220024800300921	1.3650671428535113	-0.16258852253155504	-0.10290866804016104	0.026984583844451362	-0.9268537964427301	0.11568800623284335	0.6918220580420053	-0.14456746897690487	-0.592824061966463	-0.45262154228394885	0.1252632035024839	1.5491821790537919	-0.5250991696828181	0.44003909442858397	-0.23425940067816411	-0.13414470722249766	-0.14681434880895167	-0.20860148204535897	0.20696248663891603	0.11963572607081475	-0.10205535555988238	0.16455358835945133	-0.6154935984258751	0.3338353375773936	-0.7356144008683472	0.3536421632372385	0.05754759620547526	0.2574613203569541
DTXSID2045101	9.762583816079596	1.0789711821139478	-2.0185259903826656	0.23585734690888538	-0.5180046747444346	0.33253076078639177	8.446885243115048	0.37520998712748116	-1.866689294623036	4.1682530276336385	-0.9172334056263922	1.3048369079974609	2.7379234589172037	1.4109865414345737	-0.20516879708764035	5.891652764781309	1.1600888311615367	-7.801191451616671	2.9614726879941586	1.1856688203710446	-5.979717860139719	6.75963008200191	6.698526008659152	2.5463250637327963	-1.472547848508292	1.5322741067048982	3.187639351733515	-8.258148470800315	7.781707419997448	2.7413186513976626	-0.6279924695511345	0.7510626169278081	-4.8427449002803336	1.8823313607118113	-4.9913936245198425	-1.9065906633776928	4.746178918806011	-0.716626493115796	-3.8816998692831506	11.627707764478805	-1.4926761016493255	2.9838056258843215	2.635475548526059	-5.04603863921049	-5.338306480866917	-3.299947007990354	5.353079255965606	0.9888432307175704	5.944981833282723	6.210049023305877	2.244666671202272	1.435452924953822	-3.548468307353868	2.922714640652308	-6.090724052097327	-2.2544011293664235	-2.9455269888624125	0.9795158272480653	-1.5808316438339107	1.547484071323003	1.203389538139315	-0.8077138083841916	1.4449873830230493	-0.7911679848427778	2.1648339747744467	0.6338049578479703	-4.1531402405687725	-2.295163073185879	0.10550276244960342	2.1870452123496937	0.9599195537478697	-1.2341051466303168	1.180125020273913	-0.38758155909320463	-4.136769034900273	2.6974638436323723	-0.25951352589895904	-4.020088302330079	1.6512209069088644	1.082439565549932	1.8388631363060166	2.537491229055043	0.6557515292455155	1.6487748747369377	-0.7354303236663461	-0.23010967434746052	-1.4354688258346882	2.3367077000409844	-3.2977233774913026	2.225412174548552	0.029262490561953142	1.8587605953255113	-1.500091949650526	0.640008548382311	0.777031096596323	-2.528315358617799	-0.2072618386923982	0.43492571568391736	-0.6841589012359452	-2.9334964740282827
DTXSID9020956	-2.4935351343968044	-1.8488628276244774	-2.439962775181011	5.668537137091934	-0.14398222762771237	-1.8229072030513995	-1.5466733268782513	-0.585972397883869	3.441946891216226	0.5972849361557119	-1.671460734292407	-2.0858307855914138	-0.3247350170413829	-1.6753669851903301	1.4504957129152862	-1.4209609819265006	-0.5755382006999231	-1.9358271866227674	0.7199475507823757	1.752520064049899	-0.9723501846426518	1.3863826729361504	-0.09905183690428788	1.2450071227248116	-0.4141609877327084	0.22901835246189592	-0.8362864847725195	1.1714702073278682	-0.24046989285790335	-2.1753477251407505	-2.6705067761241446	0.3674942103512911	-1.149905943184435	-0.7471583471442905	1.8154448987922007	0.1519521970869437	-1.1010932331584968	-0.041171651289917	0.3050678613544121	-1.7176760271828597	-0.596052628384624	-0.3473939592958214	0.42431066188491984	-1.381589376102539	-1.1648006309264318	0.1271627582212199	1.280280421630547	1.4746091933791734	-0.1540209377516913	0.5640570707838691	-0.8651303840259028	1.3373344116005468	-0.5120104296132058	-0.35964905510955203	-1.122561631538643	0.19195993230136826	1.1359324379367473	-0.053442266803022276	-0.14906501978528233	-1.142014395230185	1.3285718626800993	-0.14875389580939738	-0.014872280935666404	-0.435685590823317	-0.41373736768421976	0.975273401762547	-1.7330055084434972	-1.892918082572103	-0.30531763753520286	0.6136274349728568	0.059241295731060434	-0.12528270670134176	0.03421086073284225	-0.3267076434095897	-0.14922843345163864	-0.1954380994326871	0.06084705446032816	-0.6969114625593618	1.031386680734003	0.8233562833835759	0.12804568492419338	-2.0811332470538404	-2.783302982603307	-0.08334940247952803	0.15809562126406249	0.5570841044111934	-1.3853077633693416	0.27323569503486206	1.4600561335611053	0.5740023279595728	-1.0602259308121804	-0.38774836447413963	0.6719796937873843	-0.8201537159369137	0.34806723388909994	-0.9814438256594982	-0.4865252753837149	-0.9269913480264891	-0.622853082416605	-1.4025808421072379
DTXSID3049255	-5.633333650952441	3.9524009264445836	-2.358834693395015	-2.368503825510773	4.305531982948059	0.10056720141457207	-0.07146669192166415	-1.5604840929300285	-0.953012303144488	0.342240645220013	-2.379271846364211	1.6447896324379057	-1.2287865777615554	-0.3053384476605997	-0.022446102599565466	0.8721830985166928	1.2057454961000873	0.31518971675397944	0.5052971630520737	0.05555103526985788	0.5796408749365644	-0.37941491605648997	-0.9375206168242202	-0.3700410320503234	1.1315924177419872	0.20814239066457887	-1.474752752648755	0.12193963253123087	-0.5811354380889152	-0.24219706712496078	0.885079512389898	-0.43730591721848017	0.14139579048719547	-0.0984120414728847	-0.040529522701900356	0.7589011387784308	0.2755000434596843	0.05040975413161115	-0.1621770530645576	0.30780253866735025	-0.19849056614715044	0.4536337991424381	-0.5148022541136579	0.28332248680123034	-0.4694861226723275	-0.5443776448740606	0.7020623179525686	-0.03353649075749315	-0.5708540723822553	-0.7759434112783059	0.28472962161265086	-0.024095062224288644	-0.4979003540387066	0.43183857533036407	-0.3799670085922744	0.5124789737282469	-0.7786928483086359	-0.4665458218753414	-0.17228151283880216	0.07352349067048106	0.2717640068649485	0.4486707063297433	-0.06613182305319402	-0.2281821808029895	0.3186885237030913	-0.6075903839922344	-0.3638560942856782	0.46950389115690033	-0.31392798790310256	-0.1678171829188246	0.34802993994395026	-0.1928109211741947	0.39584726751734073	0.052339590332359666	-0.2390149743898936	0.3668378300442554	0.0777196719485498	0.2844394651356378	-0.2940061982745046	-0.11269390627144459	-0.03728760723669198	0.22418462562348998	-0.04109961282866555	0.19226370001903684	-0.009404338113559261	0.10639635841781381	0.04590483802182227	0.03816808380306951	-0.09122362470287985	-0.09006269380875524	0.17874198053083462	0.0966323986686288	-0.3961549798005649	-0.13678565281404212	-0.12524339009315105	-0.023159787674146413	-0.1934377353129943	-0.0586936543611331	-0.03917740261652021	0.08930141072783677
DTXSID2027096	-5.9171691614926845	2.9723819094925426	-0.8600821037623445	2.1327290816088835	1.7017257148193712	-1.1372782927812395	-0.19329671754155714	0.5441025834338706	-1.0708624249034073	-0.3929396465052542	-0.17273934461569204	1.2337334977796484	-0.06461018958478211	-0.6660349310314438	-0.15235411532314524	0.7236445490771395	0.03956300342796431	0.14551770243912035	-0.20154989547761845	-0.6659677485380031	-0.10721782039459662	-0.0821803649733674	0.5504817482976043	-0.07731404691725118	-1.2465479395994872	0.0579671668932075	-0.853003878296156	-1.0367324603507815	0.45059574788129975	-0.6838506248301914	0.9393225626598615	0.05471739824438781	-0.37595452393779877	0.9856305953109586	1.3307032738635698	0.48528324647065163	0.4158682315404447	-0.33026262274923496	0.029939724598612744	-1.3849779022957511	0.7169719483508752	0.8238970540490657	0.05009349359440195	-0.902370443725592	0.8710898607745959	0.9273921381575346	-0.2269256557915521	1.0507829876972319	0.11792108789442517	-0.04907570269543545	-0.31977984814646787	0.8838808273154941	-0.0008927691546788938	-1.6668336903480985	-0.9647338220706907	-1.171680176145363	-0.5693130964861308	0.048648802556484606	-1.2827340667490597	0.03620408971440322	-0.5700629160701278	-0.7364722729118405	-0.5336777532467282	-0.2682857997123173	0.33180594836284055	0.4287928486662972	0.24936090803028374	0.9996966473188422	1.6977322415283809	0.28528228944046213	-0.3763958426601375	-0.33072709439876175	1.6239949559552422	-0.2309342188183861	-0.6978616606150305	0.051732230715635576	-0.30772828744002967	-0.3894002004063618	-0.8021055137232957	-0.1378998945962092	-0.055054765546208195	0.23087342503480004	-0.04585487542539636	0.16449977478004388	-0.2459572064366483	-0.2442272029159854	-0.8009324922954391	-0.984553148425045	-0.821237639215095	0.7147130524163738	-1.0101104423361484	-1.1500357320343846	-0.3875498463865947	0.4533266145380176	0.5512060693154277	0.33125404220599847	1.2867610573043824	-0.7030530843321623	-1.0593013783847902	0.49284598991684014
DTXSID0029189	-2.916768733669934	-3.417619655470831	-4.4902972165292	9.489128533667163	7.654501585599059	1.2011834390735223	-5.408300719674526	7.152080651489904	-3.0933452520636484	-3.9166370023772403	-2.295200480786809	0.8946527650064419	-0.05862632914765688	4.583330099063857	5.106329690022838	6.060550455007334	-3.896781363685255	1.8858134011008447	-0.4808839830899627	1.176630716731787	-0.1832792950931539	3.0419205966492013	0.024735677650135623	-2.3237390945078227	0.7540391496879845	-2.7611846889461753	-0.23384365280936997	-0.6340922979547946	0.7775897002774537	1.2262780879736959	0.4672320474890607	-1.078058109832728	0.9576090508571461	1.1875122742537738	-0.6449106417940645	2.1380705177403825	0.23516073519389902	0.8832867969943821	-0.8325950920934394	-0.8672837035910476	0.7215227249329677	0.8249457084405584	-0.834613450187692	0.12402605225251809	-0.6869901926105129	-1.1441656636993733	-0.0694547704450604	1.4366875416025437	-1.1535351647164662	2.4280077454978355	-0.8750166692817201	0.42163424137209565	1.6155608624915971	0.49692777146795847	-2.4818833528164155	-3.4073525027889517	2.2013760914701805	-0.8877216237916346	1.9612830401663688	-1.1075949911873002	0.546113892520841	0.6081317678215944	-1.1029784456861835	1.0597331143188844	-0.4507699965733971	-0.5151902717020916	2.235968224093499	-0.2532307078734638	1.2879621561108392	1.5342157777299998	0.26443567624906944	0.3807449041225959	-0.008620045274280926	0.23615679157087008	0.14426439197661303	2.0767687241913393	-4.304795204417739	1.3199997463191184	-0.18915671740960763	-0.5654642121460899	-0.33324868213565334	0.3633462768871977	-1.2731681811883302	3.244093107700448	-0.9856691703361797	-0.44765633338126953	0.6037022820099274	2.0151317619173503	1.3535641024159202	-2.4198490512702207	-0.23120655934056245	-1.3933173211362628	-0.6158602768452623	-0.36831588444374	0.03319124726294515	0.5763012705187364	0.6260760914438128	-0.37408519937451234	-1.6080357531539935	3.013675759932368
DTXSID5023376	3.103033872228896	-2.242386589338281	-5.600358522093361	0.0033705644789617183	0.07727548614990493	-1.507781452528279	3.0205195633670052	4.805294769972234	3.046687240607818	-1.8143229523346216	-0.8037384166542432	-2.542758104380255	0.3589034676649677	-0.6599281672397697	2.1340448490108996	-1.058229893899313	0.3568976396395282	-0.9099434658327203	-0.6523493805845757	-2.2391245979034693	0.4956100662997276	-0.3685304219230451	-1.9479525062068506	0.8891870672629022	1.314901624649677	2.245806754791383	-1.5097210696738803	0.7845368710956682	0.615786804997423	0.10337319941436561	-0.8972917054118816	0.6913583450935004	0.3356935745190943	1.7592052471128812	0.03631597455970938	-0.5009115159444435	1.2917777460661144	-0.5414576905979905	1.3793290254512285	-0.7183691549483187	-0.601884608111549	0.4165362016223603	0.6899973787830285	-1.0227440158220547	0.25544794581021246	0.20325089508649677	0.649454502593318	0.042465685466568086	-0.606336982381007	0.5757113588289572	1.0829932978231793	0.041715744703276	1.2817477736198342	-0.30578427695160953	-1.116329712607803	0.12386404144000797	1.2069360955307606	0.7599975065373327	1.8186239911044848	1.7591678445650591	-0.6057474589498284	-0.8659717085206871	-0.5826020086728186	0.4221573353776772	-0.359312515895105	-0.8582660217498623	0.7474163274507803	-0.14322713189682498	-0.5009827096751113	-1.3813918592132959	0.10882270561098016	-1.091270850553992	-0.19225168797296233	-0.08863431061713649	-0.04258648673968713	0.5703353354715444	-0.31231233057876945	0.16123066597867827	-0.32474725829813267	0.9847122479836092	0.705834116628799	-0.913436613577951	0.10361990590764354	1.0294952089006968	0.9266778057590452	-1.6155034927824494	0.8580669601411615	0.4577326495853762	0.516451996849133	-0.158156681809254	0.9841191439112398	-0.9861306418070298	0.08541105399398563	-0.25089875647848947	-1.3348137959160968	-1.1307261145500873	0.2573888147849495	-0.12139668311203365	0.49535602417111163	1.5842328769813567
DTXSID9044451	-3.663457961929138	1.066763272806362	-4.054221218734836	3.792169692155208	2.7522339619671703	0.34737070450801155	0.41713505986059546	-1.7777406304482948	0.7930678305845232	-2.7877243412034276	0.0764375796682685	-1.458627826068714	1.1129574463880663	5.15201639593352	-0.09330240503869698	-1.24461187056954	0.028489998078942542	-0.31952899592822515	2.1309831297330675	1.1064268011802483	0.2291472265478523	-0.23393987570965266	1.169758659695499	-1.673018389224061	0.2174298695663904	0.09886539235691057	0.2238822991911154	0.8925508160559953	-0.48460656233149585	-1.7646181228370612	1.2105164366727181	-0.06771914551616107	-0.2856989905756837	0.4363857434502841	-0.31206713157506644	0.34306834770801464	0.04098531063197174	1.112575178803169	-0.5993340251722429	0.3425764023518121	0.22555742209105048	0.38318453727294416	-0.4972867139666143	-0.530419215265137	0.3159783829608257	-0.7238677408383359	-0.5873732935245767	-1.0905881983326422	-0.18787347995851186	0.21083000445038352	-1.1828553900186014	-0.19057256472124084	-0.44633134583709017	-0.9435938928011528	-0.44938427935375885	0.2955026204413209	-0.17634118531938792	0.4452575502247909	-0.5530988993388376	0.06198270167630542	-0.2774854182628171	-1.1181328003359923	0.8134185725773576	0.7816809517227475	0.13592376187405275	0.30180664686617625	-0.7969791795113882	-0.05932448386840778	-0.03328653256532094	0.6838947328473814	-1.1984064680193671	0.15088689521037318	0.25631249578700044	0.2549678116389158	-1.240252375618408	0.48593482603476107	-0.09631683822743255	0.7679175336012983	-0.4212651769423796	-0.5023309765328072	0.4972229563489053	0.033861984406154615	0.5569342777724977	-0.2832950685283804	0.35689257586041695	0.5315331291136719	-0.00515582090794177	0.3520161183759147	-0.06525895909479296	-0.22357786215858697	0.7789169297054608	0.7670948943822943	-0.14562218630018758	0.5489742245454022	-0.07031421014435471	-0.10772041410402339	0.29063268124736635	-0.7207104702476402	0.31742588213686995	0.14325427909909438
DTXSID7023691	1.7379664741967111	1.8167133033949316	0.03240872290294363	-0.9692394997483336	0.55987342695477	-0.08888148427159263	0.48550050076708373	1.6498905726954394	0.47134418423174806	0.05788681853936949	1.330320695279435	0.23322410527582743	0.25572940548382034	0.7814828076237825	1.1352506850229993	-0.9346293939154473	2.478471185437135	-2.37661567551744	0.3926437997149547	-1.7652664681539993	0.09639107276214468	0.2188388434234332	0.054669882408549524	1.4273864333151367	0.41005962363742565	0.9943233196993639	-0.7342263531101606	-0.8288862927523558	-0.8081718403897764	-0.502162910481163	0.5679415746521052	0.7303442589231283	-0.4929621361157132	0.17277032673020884	0.6494776959312744	-0.5742290495305691	-0.038091442406471374	0.21721453447528308	-0.3345355529309729	-0.318997477633677	0.3544391158714457	-0.41244105549737325	-0.4048400779463038	0.5372082582136641	0.4795052593168594	0.013500942264710889	-0.21091881653336855	-0.7008816411703546	-1.1034804525595063	0.9001278996494966	0.18897679199542644	-1.4524939866060564	-0.5998540501746853	0.30543750730487695	0.22792541440771824	-0.18761773299170956	-0.1002413060783521	-0.11165292215205828	1.2298283736080524	-0.4520820306718517	-0.8386736763658624	0.04507726737701743	0.12942648414079602	1.1534948732555164	-0.10217273160095396	0.18400626806580808	-0.017690795520553488	-0.31159812268993126	0.5036687708189124	-1.0871514628409313	-0.2768331090463313	-0.33855043855192823	0.36786767703792644	0.4304678471795393	0.6666762613554997	0.29989373917841466	0.5860913840569886	0.12169221765866776	-0.7119687215744434	0.8984123616653606	0.3375590386636322	-1.0498492171046117	0.8543324674040166	-0.767503336649248	0.11255975375504532	-0.8678301243531077	-0.01374795148327527	0.04830453066299047	-0.6381481138243607	-0.16517811687354328	-0.6942976523825604	-0.5327111768263804	0.7487817991860449	0.5720426445137908	0.07720999482092804	-0.5034911272000646	0.16090731397780975	-0.465871003463343	-0.3140883699180975	0.13589486682376858
DTXSID8047898	159.3263807048303	-30.935294502950047	-13.426717128653419	183.32136868067835	43.39642869584567	-49.72554381799139	294.68545991019386	63.74817752036143	-75.41589817470872	345.9522795627555	-116.56386596137656	306.9135023481453	73.07479168018627	-26.65832510302958	84.17103253796296	-146.57173739496648	-93.73045630499901	153.92879268276997	193.61013732271982	49.21741506784212	139.37672026783807	-59.442843241409086	-90.1724871870908	30.045316895242884	-66.30349634993881	-91.77910143017746	-62.51018167507286	41.88573725276419	9.36366635195361	42.18982578798369	15.730548481855289	56.42458443401473	-7.807217910390241	38.85381507203706	7.1423273971265	85.30756877935958	-22.2406091257389	58.60498022240138	-48.07612755978037	6.806788793725129	0.8675938317456012	13.137244486913973	-21.142876421828174	-20.267768577594456	-9.585611612707307	-0.6609528506782185	-0.055884204165996584	-35.231190827524564	1.9906187648006084	27.71575700741116	-8.099071731267118	-69.41184684633772	-62.61995379274771	-12.482094546388995	-19.094533872838728	-30.350977963923505	79.50423252291009	16.548190843627424	-122.61109978615089	-40.74917761994431	86.50480411492548	-90.44526890486408	50.45715712155511	3.6071708450990094	-69.03394224672441	-230.4015290622257	-17.19206192693599	-98.56751989146692	-64.39961269545492	28.669056994456717	-83.33881302843378	-142.4573814215143	-20.597434931117007	-35.19496692413589	27.558586500569735	49.54287777276274	-143.98020004942148	12.377027647333135	6.385171282459527	-142.12510780293547	145.74674321579099	-138.4744007151423	184.85414793912943	-235.21326120911655	-186.10346187308048	183.8847860805305	-62.83513932121087	-82.60406803758795	-25.492646946558654	-55.19742945453825	23.03276827028718	-148.48064245480768	53.283045066911235	-41.314880539038384	9.780799061347595	334.768502619073	-30.75255698025233	-6.943014710314693	39.51601977610329	146.2582390405003
DTXSID0023743	11.923374192450837	-5.99959778100974	-3.8145378641395022	2.8155595471918784	0.13391524478043862	-5.863700023976578	6.004516397049045	5.439375477992671	2.1068975908907612	-7.708407912221893	-5.327063551254641	-2.878397885234566	6.446307236171469	2.4559052400698578	-3.6814623667767274	0.6211757173207724	2.5778453546095395	-0.25609650079436597	1.2317224522964592	0.425285775640493	1.0108805708950688	1.7047871726676247	-0.5537542935852499	-0.8168786075647576	2.628403463547252	1.1375540002618638	-0.4508834381726133	-0.05481860772505649	1.9994082202185806	-1.0622394109178968	-2.6604894917961834	3.369966499094838	-0.6912538605998992	7.4593909866969215	4.854770114952127	-2.166815005186507	1.5602014094545145	5.011935648394866	-3.0345812138093295	-5.382325594090383	-4.807442631343661	2.0009544523804106	3.9322433490835187	13.351860036610875	-2.541220180252445	-0.5314541592642906	-5.088961752491668	3.3296673622111417	2.9894098959932958	-2.2851611802352885	2.892574526942052	0.6340996456615128	-2.2139029249479245	0.8941688785363057	-2.173680938656373	-1.7043561224739938	-1.299006034102148	0.7057180886212524	3.1463238711814356	2.006666725003595	-2.9279699909060586	1.994367586064361	-0.7586713405806296	-2.070713659940558	3.01316665556963	2.252718706100922	-0.10880970735920749	2.091909962288394	-2.6117025925717794	4.073779111370697	-3.412505521903084	0.48412077283030014	-1.5174808895399854	-2.579693993112407	-2.399449252116547	0.867402203165287	-0.7480990571709322	-1.039951118183739	2.4733669261724427	1.0688555156089283	-0.779924087902737	0.30221412905300493	0.494109215223451	1.2479867364111532	-2.33257591464295	1.9961157103675138	0.21010268702557935	-0.46494652746537224	0.07635563878943753	-0.8243685481013264	0.4339931085521647	0.1067029865085987	-0.6288168758320767	-2.532709600091888	0.17522947609675443	0.543615547808127	2.648086051055891	0.2631381669403691	-0.9762866576944906	0.42788532844932453
DTXSID0048680	-0.18379144872211906	-2.1791298567472657	-0.2684169439408439	3.5752448686527067	1.2994720422931378	-2.0152213471383806	-2.4729932600884625	0.8007780373678675	-1.8123891274489974	-1.5347514857100695	-0.7462218819452239	-2.8972208880930994	-1.0836905144300242	5.317538419676806	-0.27161691506839886	-1.6640454619241394	-1.5616105601185153	-0.283867945065121	1.708555758092525	-0.2538405368922482	-0.17805945289142103	-0.11800041640990883	-0.5452680510073212	0.9052150937664913	-1.1250580204312828	-0.8483278587467	-0.4953533958674116	-0.5153943810603856	0.3422693358010702	-0.510935765366054	0.368085348699238	0.00358213389966009	-0.31989681610381593	-1.501859758226508	-0.24040994968051904	0.2846716564123229	0.0820185305688615	1.1069437050024178	-0.5362065972349072	0.7352993563290446	0.15357797646224622	0.26882495714057386	0.15257691087454625	-0.408658740968547	-0.27706618392180843	-0.6737453216756148	-0.1707657844775562	-1.4601023144495664	0.08418407564688614	0.761721077232686	-0.08921628427687839	-1.0517501223987158	0.6425984308687376	0.04015521949463069	0.38349972586142367	0.5021946867637904	0.45659613521877834	-0.35230045716225494	-0.7252785609026511	0.5471116599961714	-0.16921856617420558	-0.7105312478076006	0.6261181717396517	0.6762024567221213	0.9657174854667054	-0.3991304541149151	-1.5544716491107258	-0.5506741479796642	1.3671452982172692	-0.7876042307344646	-1.7947276022236602	1.1617127344787659	-0.936078990989645	-1.6955834654467998	-0.7270193213784656	-0.027366386984422734	-0.11412391175971012	-0.16864596946940968	-0.3579042784679929	-0.07621994795068174	0.043401238441870056	0.24436127944462196	0.022821251266118395	-0.934643458749406	-0.02808973236202358	-0.8066341885684902	-0.6094817313916528	0.20910909585045767	-0.121610911015432	-0.24922239304308771	-0.7390543572928242	-0.2472217129753825	-0.3638735025960989	-0.4336167217183232	-0.6969901028543221	-0.13887494768176378	-0.041785726573842594	0.41409356906364087	-0.6792432758839002	-0.11736261295411604
DTXSID0048842	37.58515146170132	-11.83054526696786	-3.541449527277057	6.175448209281371	5.938971247496258	3.0724850025687958	22.99505849751086	3.624102192485751	-0.6700475734441709	20.682163986467415	-2.6231411867994487	13.576176870744812	5.164424541590877	-0.007967567489556234	5.0229233905936495	-7.629453788247751	-4.500629477510957	11.03750437229679	8.199508912417574	1.4952426767566627	8.162201651961865	-5.781945746701426	-6.54913404051887	1.2784517330753875	-0.1778628384700534	-6.710325041848957	-1.2118838389302324	5.255317308118436	0.9272967944831516	1.7617260316586987	0.6482230076818543	4.100610687423591	1.558666684806703	5.170490256862738	1.971864684675927	4.0182110145158285	0.3296064381373302	2.6787205022436718	-3.8302572609397574	1.6192858422531284	-0.512778670575105	0.24378789164538267	-1.178966433278174	-1.817329277670631	-0.45667614929834255	0.665631568397965	1.1832043833755017	-3.6250941654386915	-0.34515314786633167	2.9932578265703493	-0.2281759714701496	-3.5165540884240425	-2.018335568151786	-2.6116433808202966	-1.5665403182776707	0.20934982879536856	2.5013675695879374	2.000356140712983	-5.867657060687691	-3.7498083160150926	5.245240245877048	-7.0403019410633165	0.3028109698198094	-1.259181015892098	-4.186066510698275	-16.915960493469456	0.07544062414989432	-4.003515804949629	-4.989768920421705	2.2620009525282074	-7.617520920870835	-8.52187313382889	-1.5666993615171338	-3.082631269592576	1.1394310188790566	1.0865972135382254	-8.106839724079505	4.002829253679922	-0.21567428741760902	-8.978021618907226	10.926821476749815	-8.973937984775715	8.521926338162936	-14.910821402580325	-11.743528586942922	9.198455447351723	-2.770392558060828	-6.653904903322979	-0.6593327366915174	-4.113115065340876	3.180178063310306	-6.735922277812666	3.126380714166798	-0.6396741164494111	-0.2517295229785673	17.580926468865037	-1.8230844051943307	-1.0160522584785967	3.079784282724293	9.45994784627928
DTXSID1057793	-1.8263047825140377	0.8814764121846274	-1.4940345866864324	1.2232868337880944	-0.24640644132029155	1.270797978592094	0.27275463419473306	-2.646890545562171	1.6233189466740894	-0.7156302874397196	1.549634746054811	0.7156499358603521	3.148420177996237	0.9625141454622965	-1.3947180834059631	-0.5848762654830819	-0.433330038993432	1.6365886752626642	-1.703861654492736	0.2431329261443841	-0.9691323118881384	0.48651196094221366	-0.45357317243798545	-0.12549856230606138	1.0030537407457436	-0.39981119087254535	0.6856889181432892	0.6776930110110745	-0.23542682009959706	-0.8102969330766424	0.0804911795569246	0.01824755494320337	0.13103883418192158	1.0649796275573558	-0.4302857857194452	-0.37392844076966536	0.4882870083840657	0.7515240273746218	-0.4577211685675433	1.1568663674367148	0.21684499672849894	0.03054763387030573	-0.6299017167052915	-0.2015203216593596	0.24844107578600183	-0.12945094891835368	-0.07005399184006592	-0.9345097828769504	-0.5172006235526594	-0.5310000074969587	-0.6138238211008844	0.9716169164465792	-0.5284941042101764	0.24182443951715754	-0.5536675644492451	-0.060374735494070665	0.20326173093323435	0.35383482761854645	-0.6578828117618483	0.1461334388585405	0.9139911770533237	1.2254627875331183	1.435366845079416	-0.0983302758317721	-0.9720219286077492	-0.23138022312774112	-0.6150142628263005	-0.16499887478181516	0.44935444507867445	-0.784255270245692	-0.20534952792855068	0.18958444236153657	0.04948956992137591	-0.15371364807477292	0.8499623714799359	-0.16456416821560738	0.018435886854848222	-0.030426903681468817	0.18341347751579667	0.11573912687774411	0.11948212157500342	-0.16123667251706245	0.15341274864302265	-0.4805602849338318	0.5674252010443402	-0.23269763931089663	-0.4334611441372115	0.4748200216635993	0.9395130470530823	-0.4316398496459903	0.14287334185238695	0.11984694727136518	-0.7087062391918476	0.05334453461171499	0.3765259700761496	0.42781704171661333	-0.19907361395365292	0.4435794098473133	0.1883639711131421	0.16596041588457314
DTXSID80891559	-2.76215472408731	0.04908854403781055	4.116766526281749	-2.7949773601687293	-0.3053737183833146	0.7236284606062112	2.145837417315432	-0.9931674730831785	-0.5712735717319901	0.20796160106520403	-1.3873131869316155	0.4842140236933068	2.40309585614379	-1.1875753368894038	-0.9892181565431375	1.9968054473694765	-0.8995851278323903	-1.6537216238095134	1.5723828500904582	3.879728618694823	-2.7542419568922187	3.0962727194636357	1.231957590034707	-1.8067967856798854	-0.6403613359463305	0.5276682252508329	-2.4367092700992017	-2.582791257268109	1.7820042311289845	0.7218717750633563	0.00012197093952694855	-1.1299006595572463	-1.7138880232514335	2.2076151715904095	-0.6181811249996578	-3.1046019357362393	0.22682846906614507	-3.793274284432533	-4.3726369945025825	8.593118836592344	3.7000180378143863	4.262941852165181	2.2265413488934795	-1.9944938927259324	2.383445892479038	-4.717685276126067	6.137616471681821	1.4450006948891003	5.6724950105898015	1.7043576553647164	2.4755273869228813	-0.6988754184560806	-3.700586051734512	-0.41508762275153804	-1.4094917986786688	-0.9984908552912348	-0.19764198429888852	0.5240901546527501	0.9089714153541432	-1.869329292251192	-1.0004984335715155	0.26178547955746084	0.9384751435417531	0.6141432707684591	1.1123733266563802	1.5502619940821702	0.3001199153471676	0.20826049105583308	0.6631734112801495	0.3807532403199035	-0.38026495115687925	-1.1195913356622198	0.42911614648884866	0.09632783262461761	-0.46406947712076735	0.35131394757973	-0.010362903188486334	-0.7868088845547558	0.4538602184568139	0.18869128816561317	-0.2282857948111138	-1.4264881272619745	0.4793707895239046	0.11780421237646617	0.49418350398195837	0.8333713029884898	-0.03254763997388251	0.6909986306310908	-0.2617080881644113	0.28757356175887255	-0.11847051170927643	-0.4822721866727804	-0.19949819073007063	0.882566881424931	-0.48863381708331555	0.5868732543602097	-0.9336671482921792	-0.6375632028566369	0.17936969199372102	-0.3390768330590079
DTXSID9027603	-1.3516510986324237	-2.61782922060776	-3.777148881769085	-0.5942960636666689	-1.0949848992682762	-5.67552216015514	0.4428389621570243	0.7799102606565834	1.9864406441701137	-1.1747189929431	-2.4105186645213035	6.841625448236406	-1.777875881433424	4.013639190662063	10.588369890752272	8.506577478303376	-7.011199750850944	-2.163365028530591	-7.609575866602242	-7.005603086176255	2.695896856380227	1.7084434613741044	6.871783647558605	-9.181674475681373	-1.276794875737079	-5.283816193016471	0.32355572905313956	4.1553222262004965	1.5373043064049263	-2.595675595621551	-0.5318354828429873	2.8923158401529228	-1.716327622082253	3.7966693791339825	1.6779887048676168	2.5770779661183987	-3.8285038129337186	-0.18839680057936298	-2.9782057878963077	-1.9985772175946128	0.1374215662104997	-0.9968986960764854	1.0713359038997543	-2.807772632413453	2.77047044260949	1.8772634362515814	-0.2570548469560147	-2.184370169587194	-3.320859352022249	1.6924918502254152	4.080595769262874	-3.439427749652028	-2.1453561433871435	0.15820844808014006	-4.683713251695112	-0.6115726950448416	-0.6691870657243197	-0.47022443898270755	2.374022248874127	1.5957391638570744	-2.1547090717036723	1.756853797397484	-0.06959180201599804	-0.5501468104641681	0.6989121241219216	0.18955795736157255	2.0950925121747126	-0.7686730924416472	-0.8301819853292476	1.8599463100899722	-1.3891461209582365	0.9566911232441677	-0.5881897040748366	-0.1835157429208412	2.188090968083898	-0.9948655469178274	-0.009265060444026151	-0.5098815273620055	-0.40714549657295007	0.30801893721189433	-1.293738384792635	-0.3851565629940697	-0.5177962411347957	0.5821235321901989	-0.6421229369677582	0.04574408534738532	-0.2340625438363563	0.2594787062080334	0.8398697555027967	-0.8055641711311872	0.636784130786248	0.40855798469080745	0.3677619785584149	0.6523405518682323	0.2704052880000531	-0.8021922884338849	-0.9806775257146629	-0.976118388069814	-0.07608084578572806	0.6995347632508228
DTXSID0027858	-5.4564046345294885	2.123740071715453	1.0175112637013601	-2.0811452779310518	1.7922629651113955	0.7941154613549176	0.12986539990108126	-1.3990667651163697	-0.47125201927084737	-0.1059920910417362	-0.8375724485455673	0.6892202754530804	1.3226217080306144	-0.5520723078563969	0.37716584770294487	-0.44500008157921334	-0.7416561018630309	0.7139985825785362	0.24705960311826278	0.6624196963743213	-0.4666591630630332	-0.10378294708657079	-0.12620276788473064	-0.021797569161787284	-1.1796690002049726	0.6535155087981132	0.9513251004910093	-0.11917752163340524	0.24609334598194174	-0.2621409581479873	0.03592898730131009	-0.1509347162457829	-0.44371421532592253	0.15122692368352836	1.1429757023938576	-0.020335673658217226	-0.32376192795689734	-0.18638992687520214	0.16494938528346906	-0.8006937180837431	0.2557074798474357	-0.2566972370443475	0.042744357914325466	-0.17912067474599794	0.4034222179351229	-0.1375548121983436	0.7276006860134023	0.8073814098569254	0.03896949242466581	-0.2715882635960168	-0.9298947432645959	0.17683888050540617	-0.14820038498678365	-0.8332437080850693	-0.09771521637684318	-0.22365234604130355	0.38492271000933753	-0.31179440610328335	-0.868047575644125	-0.610427423195696	-0.38774420713075297	0.2910721191327883	-0.27213796615525393	0.02340019465076358	-0.08466863093278544	0.5374076729252759	-0.3942209069061095	-0.7745954299842146	-0.24276448263245853	0.2054639207881367	-0.07515775489236413	-0.6152112797705471	0.5213748079122388	1.060197430318837	0.09919101474257551	0.28710105340205183	0.1366426850283748	0.42143004117850724	-0.2615234553789031	-0.12341932947634464	0.07430997395513132	-0.6211494790004273	-0.07502585746351846	0.03847345507367567	-0.05101578143153544	0.5623145723635765	0.2508934828093449	0.05654869864561259	0.2874147962184728	-0.11970933183779703	-0.29278615716669887	0.07436601854659201	-0.3965966148408661	0.2938500711314652	-0.32052621373444484	0.2671216344220586	-0.7638896894214271	0.03916307933351321	0.03450518632650196	-0.39109913455470074
DTXSID8057807	2.96025151363675	-1.3895893942108977	-4.332674815954111	3.6730925466065645	-3.3097440989701314	-2.3720249256049697	0.5652981280876392	4.637764485400742	0.15889861637425765	-1.82113944581902	-1.462619885569096	2.7322783209640757	0.684533049424185	0.6278380771019226	-2.3637485770945026	1.1678289226417775	0.25492477339051706	-1.8527024857731114	1.3156131936860342	0.181629061509924	-3.0134138130430954	2.8256688899370217	0.17110675742896977	0.42421432761436173	-0.0120170024429075	1.5707348925138938	-1.9522412114583274	-2.356043070889865	-0.5826193725450679	0.24097907551873624	-0.6728105815808308	-1.0756293714525962	0.10661583296724766	-1.2273691847711947	-0.08591814487596773	0.43462225700440793	-0.22057820849527845	0.33248377955141867	-0.20176157642314127	-0.8798930316498551	-0.13515581200073137	-0.45870113535742163	0.6169805840586313	-0.31331325536022386	-0.175849101018382	1.0114236256959537	-1.2634180208940686	0.9245324904886555	0.8007630102171404	-0.31183434393136167	-0.46105408222964184	-0.5807553689596014	1.1375555722930792	0.026662344365787165	0.4615744506722474	-1.2747197694820112	-0.6120859526393828	-1.0416334177159152	1.0225749141417002	1.6309370704363426	-0.914606314088122	0.17531120410039	-0.08230541756218235	-0.7050414603783778	1.1706001464751454	0.11180204600367694	-0.20414090843511748	-1.2646718254608555	1.6479900811599333	-1.031900082063539	-0.0333271613892103	0.6845932216789626	0.565754585117321	-0.854873787964916	-2.100603231973064	-0.5413304784188454	-0.4192930229322372	-0.45741804102401423	-0.06983968150196988	0.43146030297054133	-0.6268300829302594	-0.7190791925312019	-0.625384382480726	0.11147076855058262	-1.0392737593549646	-0.268654998830071	-0.800127129646631	-0.10166535088281269	0.2860062952253351	-0.40133312712660957	1.0169101351103864	0.39672183548353346	-0.8563263197992459	-0.002136262018076028	0.13624499418531097	0.7601191829766193	-0.4103169079943867	0.9112179651819993	0.2783104286891498	-0.35158196992806157
DTXSID2021650	-7.274278407897607	1.9435739448696643	-3.4615164943443024	5.26296703228169	0.21461284171596573	-0.1574280313557015	-0.06887918365120059	-1.8846259927550353	-0.47966128951583853	-3.1639755153199176	-1.8000272895905338	-1.157304253755142	2.9977570307350714	4.6845077704548705	-1.7431331645515329	-1.1591600587252846	-1.3708023204605284	-0.05859378710614443	1.221293744217688	0.7899372532840211	0.16920191310799795	-0.7577829444773655	0.49757668782638426	-1.373009043740006	-0.3863336696512438	-0.2069313092173448	0.7584602209197157	0.7265005117074758	-0.3051180744111857	-1.2879891747523478	0.9146926630932238	0.3780884429063412	-1.0685212932991328	0.9439900347615668	-0.32947783157205124	0.4570299782638486	0.20121227569522704	1.0801004196358013	-0.6187381897732336	1.2714255882057013	0.31440536253515616	1.3555949475755176	-0.401280363784712	-1.0411406079141152	0.2496110452378692	-0.47310345158657674	-0.42585322949706744	-0.7166633963332698	-0.9957343984718663	-1.4344253298246321	-1.2649467167514832	0.90510585752791	-0.46657894941355654	-0.4559593377401943	-0.9408628185817769	-0.056704628741305683	1.0533391129553074	-0.11708379808658619	-1.7785824471761587	0.49841872279632465	0.5216909774366152	0.0077731158242187815	1.0362515260326102	0.5045182303176894	-0.10421001320062798	-0.14260828030225112	-1.1815376615905926	0.1839620516289205	1.2699123074085383	0.018426806903884946	-0.24201590654031072	-0.6310641091382063	0.26596749005245934	-0.37398491348816526	1.1836835025589945	-0.0752796475366278	0.3070803091347998	0.12363480942117154	0.4958079718644068	-0.0717848220242197	-0.45060446760368383	0.4781031766050984	0.2103810529397945	-0.901708538312421	0.5832728068439139	-0.5458882311425789	0.26307546790056247	0.1796050995721626	0.5274427261168424	-0.20100522522738737	-0.04108922792643703	0.27232496536188777	0.24058831622930119	0.10748397013116034	0.4264727121864594	0.6639062977592286	0.36439105161586544	0.5107545390864552	0.24739394963751943	0.18097432451371498
DTXSID2042062	0.49744406606400104	7.021751998940054	-0.9985542142648458	-0.021191996022158443	-0.819780624939203	0.1592730803012252	0.8754653326798782	-0.7429328154365331	0.5410005053296211	1.3059755819156387	0.9710990068414324	1.2343055652218315	0.0208772880610969	0.7506984260959375	0.9790315230226156	-1.2062672706420117	-0.7327264072020433	0.721130883781649	1.1757453535906608	1.7043673633605911	-0.012439610409818811	-0.39346659453636385	-0.4463086227937284	-0.4890363653490868	-0.8058136919176269	-0.7559859372961668	0.6546109711500896	0.19816225594602	-0.2952189912134905	-1.0163511514005317	-0.3835136868515712	-0.05722324697311178	-0.6010281336892381	0.31043027171550047	-0.32599777885844294	0.14125421743369432	0.6445868584620644	0.1430523945143848	0.4274150178873389	0.2532920981106239	-0.003129372321003286	-0.1192427662743602	-0.3441336496984086	0.4168540996798716	0.05342111545762242	-1.6937979460888954	-0.9619048668506099	0.01905364964806269	0.04493285698280365	0.3981043148553826	-0.10334601530841998	-0.3849070318010522	-0.48639776963187253	-0.10266010092076237	-0.1700771082929624	0.8171709914358918	0.3347040953048992	-0.38974691680769824	-0.7067711448343436	-1.3221786935066338	-1.1571424830963564	-0.9346002608743429	-0.22482244654438996	-0.6948453056290148	-1.3032112998868262	-0.15961610443828947	-0.2961869423464249	-0.8755623933323778	-0.2728800535796658	-0.3175424004415403	-0.8869736807387153	0.8508966756685973	0.9825849167689913	1.4386790169932036	-0.18825183002747595	0.8572013929377643	-0.13474094226797162	-0.2510360006291569	-0.2823228772054139	0.6369064569923694	-0.5482076011752569	0.3353745918944422	1.1646934236956479	1.8252174518686795	-0.1936891375290299	-1.1042958375336929	-0.4446096217578952	-0.2133554418801714	-1.0178192719096382	1.4825057584339987	-0.22451514825974778	2.0931356968000303	-0.8820843456599928	0.7596257683343025	0.27362078542422197	-1.68564425232694	0.2408704662752024	0.14781184060536653	-0.8135403889179168	-0.5894508559807127
DTXSID0021961	-4.2364445961999575	-0.28095478183395584	3.288344833382276	-0.769302575337486	-0.17803461642951923	1.8047825906418213	-0.09503948036878018	-2.151760514450942	0.1278802423040819	0.147720498075669	-0.7545446648855566	0.21078357526098168	3.177374794469346	-0.19652515162371723	-1.2129670033474964	0.6570453346352734	-0.16751316493556956	1.0835880598704695	-1.4044349163766485	0.030853100849428893	-0.8415379809870861	-0.5291541864319589	-0.6717369608471341	-0.8489148793611346	0.9400135910314368	0.3062367205377998	-0.09719243912961772	0.6940123774948034	-0.1885191721459429	-0.09429881228604538	-0.22379465499397536	0.7970620603919849	-0.7872678179127406	1.22160580722464	0.44986260646216886	0.7535811940734612	0.05319233142606434	1.7349119949039706	-0.6622799468033511	0.723187839911597	0.41375965059888875	0.9874689374035209	-0.6040436994283128	-1.1903297812755969	0.10259179845949774	0.09856257208909648	0.26505829596136854	0.057933206767768725	-0.6379793758312721	-0.2706859550711542	0.19709828310193445	-0.4649624953794908	-0.31488999429058556	0.6251820504602399	0.23579881544177228	-0.39114593623956617	0.7987332532016228	0.4945107491170503	-1.099902935411566	-0.8852859984960911	0.5688882215889055	-0.48072906648611236	0.2654034565274179	0.739685628123809	0.061163390251442684	0.3458176641502754	0.8510668582423212	-0.5784789307153024	-0.02672738657194662	-0.6535464998683771	0.4845752598326759	0.6022923192092672	0.3588761804713159	0.42785199236084137	-1.0080792266563856	0.11821525618662522	-0.10447640400990395	-0.7196135606538304	-1.091200479692667	0.07961555554792649	-0.4981513244240558	-0.5055130568197761	-0.16482626914129336	-0.5980559897732475	-0.1891190307904173	-0.3697672752546593	0.9729705336422643	0.11701862841485017	0.37170797080319656	-0.022777206321454246	-0.19267045748805442	-0.09885658540325688	-0.17733399857105522	0.06395390807756203	-0.03759507654644446	0.6872740276157651	-0.41142332895594463	0.24507530227082996	0.23513848974986445	-0.1802051848041518
DTXSID8044759	1.5630265792089553	1.995527884566387	-3.6522969748876015	-3.5273092427872537	3.035611710415272	-2.6149073695945013	-3.2075562040050136	-0.5235533381058791	-1.9429635451222211	2.5087828963486847	-0.5949384386712365	-0.46999772152677777	-1.9457231823556975	-0.6248058841633258	-4.400360169705599	-2.6085443766398937	-2.23693580750442	-0.2499543191331497	-0.6712504179595153	-0.32659554139875624	-0.5994750762201645	-0.9606527637938455	0.9453741608907945	-0.30362521123609065	-2.7826993013273316	0.08781973607287892	1.2023946272170656	0.6990974139789645	1.258793920674494	0.16078209215378442	-1.966583946424943	0.20586772098865394	-0.7418272139220968	-0.4026068178110769	2.656603760778882	0.3279491921934521	-2.160763504934286	-0.5577553428124558	0.1585623612075058	-1.759739971257797	1.781230921200887	0.4710660210928673	0.3458909237158446	-0.29111508809094866	0.9150704761166226	0.6149529048729496	0.8301239718003607	1.7565189841340743	1.0755310756502428	0.5405485583920533	-0.567285193582995	2.3184193900882235	2.8039559348231906	-1.3074166887507908	-0.28532004148304285	-2.475849756640722	3.571614416511853	-2.00405205959393	-0.7260995415507902	-1.6713496745168621	-0.9775657363553901	0.6334360256110526	0.1146415196474244	-0.05957308776901664	-0.9635308625616086	2.318198587812351	-0.1272773065729297	-1.9892828207627342	-1.4090251249652856	2.1124943942868044	1.8156108500520294	-0.5670593367507342	-1.5841390569839726	2.0781829125194804	1.7683616179129458	2.61577307298206	1.0881642095545279	0.08045738783717404	0.19183566925069462	-1.452408796259832	2.467426965449495	2.700936478953907	-3.8947577649104628	-0.4376668801256369	-1.651486700938587	1.1079087794844165	-0.5484103950918259	-2.7340758006676196	-3.7302151093721254	-0.6560517113855695	1.4935452167524135	-0.3049683922490569	-3.4916426329003696	5.59329262899375	-0.7564262496323348	1.6606795837225872	-2.153472147294542	1.1714969023275719	-1.7791250099767995	-0.4783684385146355
DTXSID9043938	-0.13866302839323608	-2.721419133640815	2.074273443744643	1.8281575765379199	1.222520298060854	0.44958144764482916	-0.14259853395179306	-3.7251660676010694	0.10913454845174596	-3.3805547035882	-0.13562648456857734	-1.5553175905007992	1.9165628139099353	3.9961777697441954	-1.308308151065475	-0.6710835004976469	-0.35898155024574757	0.5011866592489258	1.7023579859918199	2.1231262184113047	0.38072455964508006	1.042994909215963	1.1702756134762753	0.28092346957789205	0.016674949262247492	-0.2355418277554311	-1.8441996020925593	3.0235964028712945	2.0702393531433536	-1.3267208740401053	-0.12327725779299742	0.3671029992436839	-2.6955728229379434	4.438330032169523	2.4354144042305816	0.2674708816541557	6.7490117121309	-0.7399327112883701	-2.8069874474316165	-1.1334349897709013	-0.5048166743399611	-2.8726025172487337	-0.4081491449501393	3.3336354910299653	-1.063971207921903	0.6829730664733075	-1.9238875817751229	0.8047138971724168	1.2678868971833372	-0.7232386039172282	1.6530144015731771	-0.468577659381961	-2.5864942300854468	2.7246118272167434	3.013535866948443	-1.7388949246243608	0.5040680683963993	-0.5372142584934433	-0.6549793591126521	-0.14751132804599756	0.1850677064640205	1.4534464605327926	1.4736281454755293	-0.5541981340772352	0.2884439717056671	0.5306944589373522	1.0247325170884736	-1.3682786197494679	-0.7194225107626272	0.07127025502410843	-0.47549150012738817	0.9686142920029767	0.33538223089435565	0.4428929530061041	-0.05354980752641771	0.4571231179706873	-0.9437597751054628	-0.7010517614713748	0.23280517389310568	0.22529008435888848	-0.5277132508710523	-0.38433089721289404	0.4105825321329884	0.149434336903606	-0.21179805678702038	0.985297546991331	0.34529724707674353	0.18093696490229264	0.24347711981152512	-0.19112143216859293	-0.3912175900679942	-0.3478554789229441	-0.27178032228326043	0.4677293949953844	-0.418481014372989	0.6423624902113168	0.2795586069191913	0.6709753104143893	0.0785879955226033	-0.1733111693219024
DTXSID0040208	29.625083513370548	-3.9615217937247493	-1.2168813295126695	13.32106018393356	2.208212612830388	-0.85635656518774	3.425971667855224	0.0898727897918108	-0.8570445997908177	5.506429516846773	0.014830005351799692	3.6698803799596345	1.2459276247674007	-2.150799692845368	0.9364129701913341	0.2979364949264654	-0.03077645646196042	0.7343724895889578	0.8088703460914299	1.1903437435679503	-1.10170340023446	0.884438032598941	-0.2672571218949076	-0.9453472835402161	1.756750131797942	-0.22409030626275758	1.015581996732355	0.24517497990535245	0.5326340701283813	-1.111155131603346	0.5777956499051585	-1.8649473908131653	-1.413642574689023	-3.4920731389363637	0.5819871216341757	2.308909729402839	0.2379221076527123	-1.1720421817481337	-0.7156644916863532	-0.8971968535229938	-0.014923283823514261	0.7953262810334041	0.45762709336176316	3.0381234618045982	-1.627590486168564	-1.47900921740013	0.733932134645786	-0.5735791448709977	1.2585876886893812	-1.0991717141671813	-1.5129459566400811	0.9221111073788857	-0.470941822225696	-1.1683664592435565	-0.39263532773979554	-0.8038857680588907	0.5798702020631141	0.37707610657527985	0.760353714965119	-1.1498991273637709	-1.9524640389518098	-0.5713792019701655	-0.31808150817624276	-2.1159482506526124	-2.1865837103950874	-1.5194790705856471	2.141629885088294	-4.576711771755579	1.4001041425399645	-0.31654808566386866	-0.10375745080935339	-0.48656220739424594	2.2579509207900768	0.3872101884805836	-0.4123853858140729	-2.9701664688203917	4.973747899410863	-2.9308714936082	0.26399399801614415	2.329224213470164	-3.64298152838375	2.1384922963926964	-1.04064388866618	3.5357478568990226	2.720097888142916	-1.9094914008013695	-2.4687356754554335	1.164374963253042	-0.27380557057452953	1.7049390885655404	-0.4476890504518702	2.8432149252734824	-1.7004521030039836	1.4699127615727656	-1.065319400211062	-5.977265135846252	1.0917165939529643	0.2353693001611261	-1.391064063265865	-3.509397948590066
DTXSID4024692	-5.0748417659779275	3.3869666177084206	-2.9751564935939645	-0.5087373464199105	-0.6413589879612386	-0.44898236173627404	3.644665750750164	-0.05548904372671327	0.6709347165640129	-0.0809695186047213	1.1565622456261575	1.1892415220467416	0.511934941593536	0.411522894511253	-0.5447639052391395	0.8008982854233664	-1.1624989531850916	-2.371025921977662	2.668945687080877	2.941969323035647	-3.26479323838568	3.5842890229318107	1.2970472039391678	-0.8782371093995655	-1.0231587809981701	1.0130754890040088	-1.6075673881970023	-3.350375733659804	1.3419109316702236	0.7085040479286722	0.5377684944933964	-0.7200243104775194	-1.2818881451561492	1.577137590213502	-0.9513931757672202	-3.1961827953560986	0.7836219095615256	-3.4907841032545694	-4.406058466840839	8.07223724355936	3.1611791543987473	3.075791143327916	2.6811274318391103	-2.2373155071597024	2.792554847086491	-4.751848602983892	5.69911185366973	1.7442616533687625	6.0009069697254205	0.7412620844566337	2.590251450649139	-1.2232194254081392	-3.4821706466144273	-1.2489642406599522	-2.4356384254739663	-0.9069054521854304	-0.09304541255926894	-0.9408612001945522	1.9660562177701515	-1.6065389889579031	-1.4000612705325601	0.23255595784835678	0.9736544177057196	0.40900973121769246	1.5392653150287972	1.4461677227504923	0.0821916782473496	0.8695907564276995	0.6161084188415844	1.7640571459233962	-1.2942067859841964	-2.0734529575929357	0.07597986860356569	-1.47355685038014	0.8059345760180578	-0.370426916705247	0.07320185956921742	-0.3437875687249771	0.7210435216677644	0.42129387995697365	0.5933748719681132	-1.0153771327028973	0.5721475567923252	0.23234635362053488	0.47732541707095644	0.5921956345808691	0.25247985588198907	-0.14073122827406315	-1.1906504557958324	0.02816838865834873	-0.8714464306871916	0.17213078527220352	-0.18328059517608813	0.19373259377590688	-0.7095087269666022	0.6166043965882636	-0.5671981586687711	-0.958086608558486	-0.881202549988004	0.2626420496409
DTXSID5023322	11.254955949452818	6.986396097063397	4.506766127657888	-1.98291646679256	-0.8338113820275548	1.7797839387516132	-1.9816280855587662	2.848916070763537	0.6073338132172491	0.19474436112386279	0.09107630631799192	-1.3446024154454568	0.29115818786488185	0.28977835044621253	1.779106575214405	-1.017271592878193	1.0037142780534118	-1.1801444205945548	0.020465281728752956	-0.6402098588382437	1.4634181852555999	-1.2420277579902863	-0.9301641862639853	0.21758406236875255	0.7799824271096066	0.318084619591102	0.9588894233120155	1.1407497646551048	-0.030922171808962392	1.436397569400591	-0.8059661048350162	1.308517056174562	-0.20088778996890969	0.8053579338629446	0.7189113118429041	-0.7066188024594415	-0.7451068159954728	-1.15497362482292	0.8062860228516402	0.6792015788411447	-0.024778500148988126	0.3947663101969623	-0.035536195294184725	0.07054354694523	0.45590740410589947	0.7201924054583168	0.5717441205377909	0.005188859980844877	-1.331110291537249	0.8303691283983231	0.8947531244647394	-0.22745154662218406	-0.026264407404006117	-0.7259084945795774	1.1143286842981532	0.3142682094833341	-0.7343112470856938	-0.19739145242016468	2.06628882245068	0.8245557997919399	0.5130315032220913	-0.06279771259620745	-0.201398698587724	-0.2861467331558956	0.7264507348851221	0.5515471662931478	0.31944233038372655	-0.613506102088779	-0.24936620175088287	-0.047568944644341825	-0.060179615246843475	-0.7698990140074263	1.7233383226235692	0.3366268057145444	-0.6398204709260067	-0.8752787545693179	-0.6332711369930741	0.6780179188618692	-1.642844660046367	0.8284607968176738	-0.18468880481571676	-0.12381791368035475	-0.2135693037450988	-0.06078570883777272	-0.3019867757674893	0.025714079872161386	0.10163900840276933	-0.8190681708988794	-0.36369333068715354	1.0160525027364098	-0.12704068358920748	-0.8421580057996401	-0.3566407927231051	0.9599677112964979	1.2074665025237172	-0.022536679269325687	0.39689006863871107	-0.19612109738745295	-0.464511379137654	0.37082468326430973
DTXSID0047327	18.6369629112313	-0.5458191915351396	3.3540564607248684	-5.095160249667013	3.20349813103007	1.91907252085876	4.414695825975874	2.4831938174088766	0.366343597672217	-4.547513885408657	-4.640694647170731	-4.339461734470051	0.5924902134402777	3.433014615950804	0.6669750074823199	0.7008820553449783	-3.2580619482267132	-4.351705473230221	1.8041521781945908	-0.4772263441150316	-2.9787065831767388	0.36297051310272044	-0.08904001727314854	2.473688011711334	-1.7376533695459724	0.361898890715923	0.48005572709470357	0.6039511188897815	-2.3501738442165676	-2.2812103107869626	-0.6171139327334617	3.9122373452448667	1.2242162961067813	0.7156973831876243	-1.726048175014269	-0.8761578936845634	0.4366950259040455	0.31908965109128234	-0.2257310153746291	0.7526181554709955	-0.026052897549011595	-0.1349312453013261	-0.4564673499561731	0.22541462132610912	2.829331202585933	2.4247786084555156	0.33459519596918086	-0.4032753821556226	-0.5255846143769153	-0.6175903523461127	-0.8849209511908465	-0.14695467578687607	1.5600169657800507	0.9383538027790801	-1.1479957194909458	0.5370969604132335	-0.1714241095265913	-0.23659777723550313	-0.5870637874243032	0.3119040473086603	0.25553176064042366	0.17010906037974724	-1.618815241235694	-0.19013608131432758	0.7819463491655085	-1.1671082947238542	-2.5224138000196836	0.9870080424888734	-1.46048283192258	0.11587698967035188	-0.07648483114940022	0.7931984355248092	-0.16128179138039936	1.3858736942918937	-1.1245420584268602	1.2045422415613063	0.8067532959131941	-0.4528755985055349	0.5382103642913455	-0.5442280656651868	1.1331061393993365	1.1950369023879048	0.3406336975017962	0.2984822817698477	-0.30270638579769865	0.6483836695099711	0.8063240523924449	-0.26497445555927546	1.1842882085557358	0.6054804687691382	0.11731322508609676	0.257089817129442	-0.08283268171007264	-0.45849323233205114	0.47672395551916835	-0.5322575825544361	0.9839921076184545	-0.5209808402356065	-0.42108520170792063	0.33093062802209683
DTXSID9046239	2.6438656765859485	-4.585724756791111	-4.544485971125619	1.8604113682291181	-2.307972692961472	2.542577642186614	3.441563956436766	5.4466359498511165	-1.1626657354196448	-4.5602702948019775	-2.5091263810059377	-3.755607618876375	2.518395714427266	-2.1173999821935072	0.1355545006811806	2.9514177132570967	0.1260843669268226	4.630680847928779	-0.592755624062185	0.7253441090105404	1.5071686100596329	-3.047089043635491	-3.3230356203918037	-5.376191560046589	3.724518867381414	1.9194536449026118	1.192794189602402	-4.231620029174455	3.693246033029604	-1.9919820762120588	-4.4285799167228275	5.634010429837847	8.969912610560595	-1.0727152073566246	6.492613726880463	5.498254506638948	3.346334241034851	-0.5609147580652701	0.9087926442110856	3.240291302277208	1.2411391250395465	3.4384936686645213	-5.750596312626345	4.397873719971253	-0.9443480005052375	3.0106208568042834	-2.3941530501832604	4.362594917596069	2.4556542397513437	3.1142545663243655	1.3962520312426439	0.06479596351646817	-2.720401385293697	-3.6260172994490922	-2.9535890896042947	3.8948452849039916	-0.13608024520667264	4.49034858741949	-1.0079045373323832	1.7350901314581944	-1.746055447079399	1.1323892740869161	-1.4018104034340055	0.886189595984922	0.18481141360225195	-0.8137389161685595	0.3577097693397216	-0.4089877950518105	0.4284186296777987	2.704399373440673	1.0965332255663063	2.5681162178686163	-2.46355786806559	-0.27451544601575373	0.5137082709055913	-1.097287629908018	-1.4863445055929874	1.3635814472079892	1.8718353029175305	-0.07789334758077834	-0.6387247518517143	0.3250494368848212	0.40717764955209695	-0.4998550999061433	0.27553542605546977	0.4803089706062948	-1.0086062982304556	2.298587203652777	0.7727728193391531	0.6592653787001488	-0.13264809251444523	1.3820811838319362	0.33751333330268235	1.1115446725814413	-1.8816138061973369	-0.48972099755689064	-0.6428628310144816	-2.2930636834674796	2.2149529631078537	0.9434899032481141
DTXSID0026418	-7.991710134613729	2.4556261250648173	-7.853089342648187	-1.1397920209322647	13.16141123271398	-0.250346854335763	-2.2342437067077157	1.0252073515377327	-3.572752765816753	-1.7002205343039953	-1.2615055105753432	1.8182975051768522	2.1295931234354173	-3.77614637519975	7.678159085137609	4.4244327165606485	-0.09854661810921254	1.838969586706154	-0.0949130711269735	3.8882994696298216	-0.4713230431071635	4.338783308034629	-5.127248308362526	1.3937576519947503	0.8647966585555873	-2.4553272215851507	1.7251704692331191	1.4930517736429851	-0.676122612277562	3.6254938732787907	7.02658788591593	-4.582828396857012	0.8581867869752411	0.8341613354374161	-1.2926171248482377	1.8936963298496188	5.284928097618555	6.970205631555695	0.7957159878822168	3.2286624265939685	10.667136925421508	-0.47661377859389453	9.12482434777616	3.3532272839085793	-2.425059269091091	5.74948038287762	0.2044642054057268	-0.2227708205846205	-4.539929948440864	5.419603306355888	-2.6743791515840267	1.0421869722317991	2.7711778710701145	-0.5454640078160894	-3.17602672322858	-4.724228703838086	4.089329849363007	0.772065588529106	3.106777288854951	-1.6577218559748412	3.754211089724783	-0.2174397439983943	-0.6948436165687807	1.7874179203524778	-0.10197108969911932	2.4532233618551684	1.1999828029466093	0.27715433116481425	3.134757486688295	-0.8066922206267113	0.49321326868265297	1.0331116167507635	0.586799186455506	0.3116137638576053	1.073889262210081	0.2618428136610951	-4.127759506652462	5.427982133676412	0.6423860620589997	-3.0661095802176295	0.30487697690119914	3.9852835266183253	2.582451359796048	4.97110201779555	-1.648439384769602	4.916343272171255	3.4106532299146566	-1.0946536529366264	-0.7648075615333898	-2.25573400531664	-0.9421045024646898	0.6412411339496906	-0.21336498333135906	1.7472253290016806	3.3601995905935387	0.7054767947699768	2.1722790374871646	-3.3053119328004406	0.8985358180738604	5.744417915484156
DTXSID7025053	-0.3415647239662486	5.121135198691241	-1.0473378000020594	-3.1779017194802868	6.278228456512504	0.8696086136060361	0.5768600565916548	-0.2766217253402944	-0.1378864674012946	-1.3872161508353018	-1.5751304209986015	1.478538976433509	-1.7348038605883815	-1.1466302401875625	0.7585186725992027	1.0737325819046224	0.3282898167914111	1.5395169029310911	-0.45901754208581247	0.33527989581264794	0.33064591989605635	-1.0392029779646152	-0.8100050290185105	-0.09109741030078794	-1.2700925156579874	-0.40813444760509265	-0.8408492616752754	-0.27360460035402023	-0.649089856459841	0.38993772014380873	0.2832705413252944	-0.2776315311962747	-0.26788519213794637	-0.7888298746648195	0.5996117824764396	0.9404835272174977	0.038108664296571435	-0.797884976254403	1.0241695836928006	0.15125135129782186	-0.2071615499020164	-0.9080539226855873	-0.5975039799894559	0.609836157163968	0.07238579226809487	-1.2151568224182092	0.16824508908131774	0.7460590641841081	0.1387140671970749	-0.26423373240015857	0.49720517426411703	0.8479736512589053	0.09942077292409744	0.024333637700879148	-0.47714703618485815	-0.052639330781071386	-0.00044666666377581087	-0.02795833612607069	-0.054250027251189645	-1.0954044163467291	-1.1085896764197505	0.32483467123840726	-0.10476743186586948	0.46228321141347767	1.5582209929127597	-0.527098187747704	0.9191895437102325	0.6397620224329464	-0.43238324576466597	0.641328245854869	0.2931841187566869	-0.2895694890178424	0.028747721642086423	0.05266660508548377	0.7641725938966599	-0.09886543693779982	0.2743265783231813	-0.5263882387377035	0.43829846706775116	-0.1182730642710326	0.34949708001317803	0.10705541117999921	-0.05284174073309917	-0.7243793413083721	-0.6871823928984824	-0.47686615319872494	0.7423453319596685	0.08418044853461948	-0.14814186944041788	0.2641342636673142	0.14239913280414757	-0.8714278748831337	-0.14445096582431668	-0.2267551649059377	-1.244256288504852	-0.21130928315912004	0.5237804916997375	-0.001441863587077909	0.2547933845250887	-0.37486900333004813
DTXSID3047267	7.712594563858852	-1.2986328172438428	-2.5098728333894877	-0.3884712078694423	-2.2351923862842535	-2.5792625218685825	9.587430500885427	8.004609767156943	0.5180872926488814	-1.844895637526898	-2.2278427076592036	5.268909970670457	1.0576491398169312	-2.18450390234613	-1.2965545071358795	-0.13472973236348992	-1.3246442360958215	1.386294455286876	2.6854664777606074	1.7175221082940202	0.519366716969437	-0.9305427040587518	-2.2698243199321295	-0.048867254094069563	-2.0153593387342688	0.27922320962487107	0.34175942780880963	0.026751844298056743	1.3550183490299572	-1.923196533773105	0.16164741571484456	0.7665404236918753	-0.7239821780253437	2.0238287821722216	0.357833934861638	0.5845197220407761	-1.624501995183982	0.05643198042440253	-1.7106235985863694	-0.9829294899064891	-0.20194226787712277	-0.10266239247624476	0.31033291402489266	-0.5856801612949596	1.24543006821823	2.624909760338609	-0.1652574139659269	-0.46859965155591465	-1.1645202233090037	0.7141981069189206	0.6361414388051385	0.4856773682511643	-0.3242445874599609	-0.689770886991115	0.5964506407930457	-0.4619837283720029	1.0897127918600094	-1.26561381704647	0.09750875538079905	0.7442015044212532	1.2718712653732798	-2.0822855129413513	-0.13200134961929427	-1.3108764287151544	0.8058894457834104	-3.111902490336442	-0.8524291321557204	-1.2752316979032146	0.6143373545373293	-1.246959039859204	-0.10092067092090858	-1.5787345064843337	1.4965074524551016	-0.708394599253731	-0.6495678714855049	-0.2774983576270545	-1.4616738195096601	0.19075481477672007	1.0557017747557556	-1.626887753645813	1.1413643551492954	-0.5063696546118465	1.2951918760781365	-2.4401408484604796	-3.620320790141261	2.0665131750585544	-0.8731364919042388	-2.0156551436186643	-0.47690672879045704	-0.2903126514304963	1.9353136511385423	-1.7020458219931267	0.3993581234899875	-0.6052995201775089	1.0466293627907888	4.252940689319999	-0.4250035039030984	0.9297469938848035	0.7296313836676027	1.4243408552091987
DTXSID9049326	-6.583730056909563	2.372709562725803	-4.507939561927739	3.6141769734759985	-0.7809329528271636	0.8832420038209386	0.7022658431354286	-2.175728827227507	1.0302230798536847	-0.1225853628444192	1.3346261759014824	1.3914543358814415	3.2590774486326093	1.2474640723406722	-1.2755530695187303	-0.6029045509016319	0.44686533210013646	0.1756175359964882	-1.2279344553774232	0.6966619800021688	-0.5446023375019757	-0.01666634380353885	0.6336442787655081	-1.1735617186333511	1.1373569625113369	-0.028432820617250727	0.6021651120624656	0.39985117375272067	-0.7115799956800912	-1.7175104612636471	0.324452762972427	0.9058023707498204	0.06777424655771716	0.8547479078652583	-0.021868183718472635	-0.7342727512769763	0.28806417501964476	-0.09322690829044683	-0.22142044559593	0.9674694011034615	0.024618115275501187	0.35487210288474186	-0.04156727088722825	-0.21646588088812674	0.2194943092975598	-0.7512571103935534	-0.6437795545510523	-0.5602314961809431	-0.9699955738371566	-0.8758918567564855	-0.712629437059638	1.1710379988369382	-0.6651044113410661	-0.17812891018860696	-0.34027267904087827	-0.9515930635269132	0.8311884739834966	0.525548122377721	-0.9512642128287679	0.3476515603266078	0.3802469367766151	0.5803901879069653	1.1460345762644524	0.6832987819571761	-0.5635664177692185	-0.8387351542971139	-1.3739289871849703	0.4290947543627809	0.8828093694381924	0.18161591641207275	-0.21141296768362994	-0.21607165990412242	0.7022796134996603	0.248153612155414	0.7578423859341378	-0.4620700779290404	-0.4109527073390183	0.5109079244850195	0.22753148750131236	0.07321277606989549	0.10373587861011482	0.17866967031731287	-0.18313012850455493	-0.7032077436279296	1.033001514048078	-0.13174188177473847	-0.017412761864162445	0.16946679820973667	0.7891592859245644	-0.37979139882624235	0.41049662297157297	0.5083456466871064	-0.47246531400311403	0.06302649127417305	-0.1221013913205709	0.4464183593978875	0.32256457566256236	0.4360980187982065	-0.21605545736768986	0.01809568741447674
DTXSID9041152	10.002342333206219	-3.8908046842113997	1.9580533120781354	-1.908166139885695	4.930037718338994	0.6963779717681738	1.3016202802797612	1.480930535242909	3.8533101022575242	0.7970464394267741	4.857584908790644	3.304920354500717	-0.5808298998112396	2.3159569133980007	4.948883357197154	0.5469651994748158	2.283286406235484	-4.953877269410478	-1.3759092165680304	-5.076605163337456	1.396048061817136	-0.8433745788073744	4.692110902005044	-2.474379013629887	-0.24907605819663764	1.2641380278512406	0.8831049367505077	-1.001585130544413	-2.083978474958593	0.006355697606220166	0.10685250740819024	2.9479179833873626	0.7464901952503602	-0.42171089259687544	2.3093063332051913	-0.04070967243910353	-2.451922570673419	-1.3994626462405015	0.42510501532268546	-1.096399982399634	0.9420296765749601	-0.10581964595842006	1.006232284087661	0.7495491632922398	1.873429086035225	0.7233694923265335	-0.47425874217154956	-0.18676652633867172	-1.4498634542948965	-2.032256337127016	2.8064217114941683	-1.5344697927849444	-2.2564366400090288	1.0565002191699697	-1.242953012793196	-2.5554212629808415	2.958901149278449	0.7314040407197294	3.0206952893408534	-1.8634800287941309	-1.4437113025282313	1.824839448340167	-1.4006316847563662	3.5716618821745723	0.7438366642462502	-0.749658485001083	-1.2136158740358254	1.830438743565681	-1.4474018550769017	-0.5949229258307727	-0.3389912690172975	0.07863795040307664	0.9699963649003267	0.13131451756220217	-1.3158572731434617	0.5231067482294148	1.6871975262122496	-1.2925350027230473	0.2345297665095749	0.3744900703030997	1.6650710656119556	1.0422198532769802	-0.20668321697625083	0.10354001588007362	0.8929897992699686	0.23075225693629287	1.0007818268322213	-0.7746239907278583	0.511710213384746	-1.1538452987116898	0.3253440729073887	0.2978023924523258	-0.009182078489512392	0.11880351714903714	-0.44208339345966396	0.43225409605113674	1.5292376511162922	0.35813770252137156	-0.28695015456253775	0.07918409517335835
DTXSID7023148	24.56368375935152	-12.648895489398527	-7.257127800321672	3.2332386526452592	3.3354269145907005	3.933848970985972	-6.463870987997581	-0.5670019595332837	-7.556096978715996	-2.8402287906136134	-2.8845158223887863	-10.160948591464619	-2.254256019308766	7.334284144782074	-1.3900761904726304	-2.659432941282109	-0.5180749014308557	3.127825184808867	-1.791445315005295	-1.3268857080840732	3.992400491525073	-4.822547197393729	0.2381362147114705	2.8891919092297402	-1.5113738366765614	-1.5653791865371411	-2.529564341080716	7.754023850779435	5.789085730353717	-2.1627325471804015	-0.2666222599450471	0.038964982105271266	-3.714435179773591	5.14346898627521	5.796386170685463	0.5709443255725054	14.210536139447989	-3.9318306665030547	-5.955734521433359	-1.2743587367364106	-1.6317584440468043	-4.741763610538903	1.7699244894888766	7.831247151756361	-3.8812327281005277	1.4185465718663903	-1.5019395955089772	-1.1044591757576712	5.640248556948844	-0.7643438195833051	5.3890143235645755	-1.885371962491802	-3.8480184323189808	7.13842408737645	6.502679498412925	-4.320443853604685	1.0165825355251572	-2.1002966101810445	2.141829684386283	0.5255521808526187	-1.5182500403410648	1.0582480714835323	1.0156689188565442	-0.4384852788313851	5.787554862534636	-3.3636811805819153	-2.5499864414911326	-3.5872667566436887	2.3675216269388777	2.2217616112513623	-4.914374480616225	4.8224869025056085	-3.0045114012474823	-6.243064605705303	-0.4465610043901451	-0.8679825659835496	-2.165086814678653	0.5669691103665239	-1.4046320703228623	0.16947778182182172	-0.48714700790929205	0.7337164212930856	-0.9822429258153048	-0.4496870900409335	2.2097819331081254	-3.052031725560819	-0.281563181511689	-2.002891499673882	0.9792929477840273	-0.3479214075764844	-1.5776228318007552	-0.15597229482863115	-2.7220170139656825	-0.8194718224748335	-1.3543466707537448	1.0390937174870565	-0.01461162294926125	1.1298944434731897	0.10935238160186235	-1.008345462702769
DTXSID1029338	-5.99841966184812	0.8203743897848582	0.11374102921393492	-0.6153618049051532	-0.7896336387526202	0.13029339244400903	0.31449446677814674	-0.33698202835782665	0.574269377509041	0.8418407156235894	1.3406475335051282	0.4750787343570331	0.9055856300513464	0.4300337647782159	0.8676800825700606	-1.4320422585050674	0.38033535688761966	-0.8094595888557832	1.0771797126459035	-0.6882752019104709	-0.1943582606610841	0.2370282302019407	0.27690086255731816	0.3785106563198667	-0.370403118432958	0.669234749978814	0.028443982660531976	-0.6825118420470777	-0.2602820427177096	-0.3898976576054034	0.8461358112158041	0.32057983106360993	0.02286514805065971	-0.6625080722196044	0.16847233570629516	0.2733212292177923	-0.4392338050484539	0.08876185065728504	-0.5035753985749003	0.20088746063985416	0.316769383929161	-0.15222551105194843	-0.24060756052419424	1.0268435721379119	0.47924435505610685	-0.07388153033865066	-0.36996655785440563	-1.1647336131378614	0.004764381228428551	-0.367710798040314	0.01316931497663774	-0.24279696768210815	-0.5669905349563213	0.2725153190392023	0.31494676901409824	-0.685125868452999	0.5791847550531452	0.0753429656516418	0.02557826619973032	0.08319168823164438	0.009058773105682831	-0.1023396165148205	0.22780966255371413	0.9044727340636644	0.5429606012338245	-0.5468656504310508	-0.5471030405429854	0.015860788529349728	0.7943914568328017	-0.6392582780092023	-0.27301389039394186	0.2629598376517184	0.14838647885061051	-0.2730627766673856	-0.3311522190555325	0.07896815645339576	0.12917986944783236	-0.2550634670900992	-0.33591040061035554	-0.1381488448254039	0.27549186077263743	-0.23349748931804587	0.011696819072989108	-0.14056386921107944	0.22645559623615616	-0.21972872678189992	0.35620463689132037	0.08579818149718178	0.012499088474370711	-0.0006959886479576695	-0.18212312545344786	-0.23701782435132876	-0.15175684931289954	0.16023774769441884	-0.16515462583358945	-0.03193783807622244	-0.10982930980137173	0.034103614173389855	-0.24957797257024164	0.01108372033697191
DTXSID3041619	3.474863104696885	-1.8902734529063183	0.9135538565018664	-1.2438640719638139	-0.09490419872392701	3.874582178588475	0.5197745406618995	-2.07996263781083	2.371166842534207	-1.1548729075687993	2.4999467753704283	0.7546494163140358	1.3190873860134567	0.587534417193475	-0.5023703141858135	-0.5381788360615699	-0.2091091055511057	1.7254971709345162	-1.5908757968321297	-0.5636532367024484	-0.14973592751211606	-0.5308059602230104	-0.03564062338361347	0.19835700073050902	-0.5118776083963831	-0.4617613032680626	-0.5598689194156651	-0.5185517174800726	-0.22281708456796373	-1.930000625571589	0.13277994488122596	0.3707805306213082	-1.155347872208343	-0.6062845810766396	-0.4399335337509409	0.169654172606439	-0.12844855030161315	1.2741168361853963	-1.420140405124306	0.24380740752384747	0.09419037563561358	-0.6230615656690844	-0.7808072142709521	0.94589825555987	0.38029896968782273	0.37616761592718145	-0.017373887017306865	-0.8915327404832522	0.5160326418044607	1.6989824032371108	-0.3363748429583439	0.37495352550366245	-0.9892105629952203	1.0557011243558336	0.2319334027086711	-0.10917552535299002	0.00015952448049740304	0.9849707368279044	1.120274236778194	-0.8655373480304269	0.23842811625246257	-0.9471631000058719	0.987136580547409	0.5914687478388275	-0.36167718765020973	-0.11307998789911712	-0.03314619965619524	0.5416331993442406	0.17901654008629359	-0.39182269806232295	0.8094091449921293	0.2769875759310972	-0.4665237708555203	0.397102162676844	-0.17101753931908814	-0.7013390761278718	0.24717568322303107	0.1388874267865166	-0.2591132292574176	0.5620168806810151	0.09689098853933346	0.026692814248973292	-0.12684582803780373	-0.6824336480879301	0.03960457912591306	0.7349243469393207	-0.24673424151501383	-1.0217397985187822	0.80581657036776	-0.3973461870526251	-0.1393142147593614	0.35504969838648825	-0.6346770684128523	-0.14735880707728366	0.389650887592866	0.13144840871116886	0.09211512908112546	1.138445958734052	-0.16447520356061232	-0.2091722270058358
DTXSID3047057	-5.8838761080135065	3.1439410826281047	-3.406674605079742	0.8400574023108097	0.39232557415807867	0.37366644059975074	0.9493282369452124	-1.5860881110485199	1.3269787933194626	-0.15301004945399144	1.8998706650656265	0.7876307104512095	0.8125971276738744	1.1084952269936663	0.2097258232151969	-0.701077944769204	-0.3589614224962495	0.7353210528910687	0.1683433251894799	0.3551644190424441	-0.9515357439828335	0.4419533796321023	-0.36129415559021605	-0.18973089812372132	0.03973145059612841	0.0549411174158536	0.6581006417875237	0.09108377049734047	-0.2771619642200781	-0.5002991488701006	0.2518567263544206	-0.13711427332825032	0.2868259294166311	0.5246405629692029	-0.15456932543859925	0.05748529405959753	0.5973731451616714	0.876514533727987	-0.11702680921495613	-0.39583280603449666	0.21662001305645848	-0.31547568184733205	-0.27350410308155226	-0.5989509435028222	0.4055069105219579	-0.36948637750945407	-0.17683456799196481	0.09590750162008939	0.32535651976527	0.06448954925947717	-0.31018285975717796	-0.38986200169739	-0.18404577856542276	-0.5301460657336062	-0.41092009656390877	-0.23482194470092363	-0.5158572934093807	-0.6078331167596145	-0.5873123650039085	-0.13860524389144976	-0.004359300927934713	-0.3313801551104299	0.1732287319450108	-0.2986826630500504	-0.1349572296397315	0.17944849098029358	-0.43742498009312486	-0.08775150728647202	-0.40511047470772354	0.6580305551148973	-1.1990049729426933	0.4030806065590542	0.14474034100926625	0.16347305948235766	-0.3792140847121322	0.1058691055568182	-0.33704623083517343	0.6518115240277569	-0.45731000560363066	-0.29865932682077206	-0.06810121556428494	-0.5361972283535784	0.46679664961589973	0.24166062147080572	-0.3267409384475041	0.22899422356007554	-0.020682084420290913	0.232382925695479	-0.3551790194365557	-0.01989089299965674	0.407524322786287	0.306595227517003	-0.4877962747339365	-0.15215472133828128	-0.18525181041018945	-0.1887041312417699	0.15336578239530252	-0.3668596108387514	-0.19886699349707052	0.014540027471918276
DTXSID2020426	-4.835094540458179	-2.1957861326928896	-2.4615360823405346	2.373608813375421	-2.4180421194992414	0.9712283443979115	-1.812890027788076	1.4644900644833339	4.968111414476274	4.334915462858006	-4.903658353035757	-2.7718611958301436	-1.7326268722234723	1.5921352392809076	0.84534477425358	1.4717125715570882	1.299819047878441	1.6035168472637058	-0.8679686701330235	1.727575590871277	-0.2647878038941456	0.7559657769286497	-0.05169628978333051	0.6365847391515852	-0.6813836952907125	0.9152633256931776	0.4193801253783033	-0.2242049419215586	-0.0035708095626948095	-0.2650188564234878	-0.114923047173358	0.6258712541063134	-0.5590623037090883	0.1592728354202869	0.2150912530310751	-0.22645067270468053	-0.03395813903845448	-0.18948125004080774	0.3828148850012236	-0.6904275421380607	0.08793531935323765	-0.4242655223411584	0.4988535530335818	-0.3484611295211723	0.33785466435478195	-0.07052002436908594	0.3294501192246685	0.73977503918393	0.3815766383212473	0.1010224327509278	-0.5638944393887696	-0.24198807855763954	-0.16842441185979357	0.44637095621097583	0.05977973182498498	-0.1178567139512013	0.8988016815223592	-0.5628957297430526	0.17461330660724772	-0.11922468073227077	0.11838383039085493	-0.6735623930302841	-0.12960712358554358	-0.643963695674729	-0.16505712594109706	0.046538186652264876	-0.4106191481121389	-0.149489877556628	0.09686654783985542	-0.7053632881275367	0.5287018104030818	-0.9350455134925162	-0.6738630772627098	-0.005072911438866417	0.11872456171104377	0.29079135362147934	0.0758823603430459	-0.442948611781558	0.03598253508712666	0.0540044745414458	0.04432675214142081	0.29931860590981324	-0.26124929427597965	0.10234423086791673	0.34937988919142415	-0.24232597332500083	0.01843680962486591	-0.21527647610372383	-0.1431573750766428	-0.17746751174772102	-0.06682218644255108	-0.15825042654757315	-0.026641461832431212	-0.009218873315103286	0.3220535221654915	0.12521167775696396	-0.06657157104114501	0.13328844347941726	-0.024202032424129133	0.07520374905082441
DTXSID6029127	-6.081308835957606	2.7617436088515097	-4.025690400991565	3.113010342483737	-0.5068702725397805	-0.8219006753524475	0.9812456972431394	-1.3343608975959536	1.0266287303680828	-0.9756443422924865	1.3349127556766025	1.5455965776792577	1.7904623135418725	1.0329897990915033	-0.4668647241585968	-0.6703499549817863	0.19042392290647928	0.2865005966993454	0.3949851583209271	0.14758507109055297	-1.1304607239915427	1.870809372053714	0.4147278228306859	0.6123170533716098	-0.2783528119089602	-0.05144502683199006	-1.1096409175548407	-1.0431538999836951	-0.578978432368192	-0.2216095376918005	0.3490030700015057	-0.43445748776664855	0.19195619117914245	-0.10476188333516037	-0.06690572474643013	-0.19563336935339773	0.43748671957656277	0.3109068741628956	0.5640961641781326	-1.0990016226309525	0.2537686202088355	-1.1531072454154343	-0.2945598576619695	-0.32990886714784995	0.5473921436371756	-0.15261360662017637	-0.9389384951309042	0.42632144192785804	0.6581653882178408	0.06403410022913894	-0.3279766142386823	0.23539391317236047	-0.07324171613551425	-0.5196623038179962	-0.797718652879895	-0.23456245159757624	-0.7908779823679919	0.06162011875244099	-0.030655878893164536	0.6152915063616708	-0.4253917747459765	0.045027014370472754	0.32319081423114693	0.018172201285287057	0.30746537956600495	0.10236899364195588	-0.27661955419827733	-0.37569848830561015	0.8651711659635564	1.1661665567484674	-0.7113214109177781	-0.7243228923738559	0.8415042851211655	-0.20782545795762686	-0.4058547306350319	-0.34105200851458195	-0.37937560163932604	-0.1050539887180451	-0.23158334345613513	0.007356165432896843	-0.08246214967254889	-0.30674245325577326	0.4361318509221006	-0.14188319937212446	-0.48591478826189527	0.018507253504969026	-0.38715781443906794	0.018572950993474346	-0.5677042335592744	0.3511919851023474	0.5379395162967603	0.5214296070298711	-0.1307273252694263	0.17937375661288785	-0.25822411477418067	0.3928265738242449	-0.07900843154480035	0.4615524172605325	-0.3523478083285794	0.042800300896302025
DTXSID9027310	-8.524645434518408	1.6825969811058792	-2.8530124737961198	-0.9788029954444064	0.3388088220202016	-0.6446007222321243	-1.4105420239245279	-0.5797692678281668	-1.7382493970312374	1.9311111592984092	-0.9276268641919139	0.9538144969975246	0.5420582012415783	1.0462053496301829	-0.09115684759346229	-0.3931051080702144	0.23557954972930423	-0.8022282712909626	0.18483089492840218	0.16553097946111053	-0.06607491828842203	-0.9311051024116769	-1.352381954358753	0.1305362637479251	0.8250040377327883	0.7193000735049753	-0.9351555602243062	-0.8756436693295307	-0.3831234784596578	-0.0012797094308553843	2.3314964648076733	1.1836627523209857	-0.6389254427444155	0.8818254132954692	-0.4383696351438764	0.4447604264658996	0.7912542845085475	0.21449511650224065	-0.16953510171664357	-0.3730231376217803	-0.590182904478668	1.349841046570716	-0.002557595779717012	-0.7897961201424115	-0.17195381044630142	0.21803856575510072	0.6257899899345725	0.23150965659391193	-1.379281544975312	-0.722392079940484	0.7505973654643753	-0.5605815352649997	-1.245816491822694	-0.4808569373752018	-0.41702397213006936	0.2908886240767127	-1.0357046925660338	0.2233110724293976	0.14284945676496388	0.2058161014785245	1.3898854219583485	-0.515081091654692	-0.06092500672112695	-0.35113213376942615	0.46122804496238556	-0.005804471888581127	0.15444536471625453	0.2224198954863012	-0.32019403826682963	1.0689770072060367	0.022275295737762577	-0.07247321854070475	0.83115987392755	-0.00972791703484198	-0.311380058973015	0.6136394359285566	-0.33027177673750346	0.5328205621854507	-0.016412047318890528	-0.38824864489543814	-0.5808382469910238	-0.2602971809809971	-0.34161667335403006	0.08799466972879438	-0.20753924309462743	-0.4840090324486189	-0.44536022418652793	0.3188055572688285	-0.08195175482187911	-0.4551879376283536	0.5485974750280718	0.03417580373727344	-0.26183055851003056	0.11674005206632801	-0.06767642010939497	-0.24759674846145505	-0.1287169755301056	-0.03594990951629345	0.47527800202227205	0.22917767157892535
DTXSID3021932	-6.429072301594201	2.326525258983116	-3.7560061242688763	4.232383323572179	1.9608044014719241	-1.093972629529581	0.39076717548551226	2.168652365442292	-1.1694602669608773	-0.32665002693715384	-0.897498752281095	1.435011705587569	1.9639941894127846	-0.6072503198239271	-1.1373155845258227	1.0039905819780475	1.1246355380650586	-0.3042599208851184	-0.7024634052038738	-1.3330562797541665	-0.9732197792271866	1.2607729794865579	1.1502141594532094	0.5019771723567807	-0.5778205581105225	0.8515789924173258	-1.2994811461274587	-0.5664873995954626	-0.5488478116277012	-0.18997690848906362	1.208563497807695	-0.2660789345038614	0.20691843854014608	0.974150937654181	0.4937051782422959	0.3132576598746073	-0.018734610565307695	0.7274399909283658	-0.03632526465286975	-1.4733353193118213	0.8347215850207683	-0.21064384389492963	-0.3291913301833502	-1.0150840446467606	0.8258055512145315	0.6807971928152173	-1.469692151729569	1.056991628427987	1.0220514194064938	-0.07868369190878172	-0.7926611033757595	-0.7866195379669774	-0.827632706504245	-0.8928044063075297	-1.1038671152104549	-0.925510018999969	-0.9078408702259019	0.3228607481249861	0.5448476782554749	0.6915651257443151	-0.33649888805127975	-0.9168526731397654	0.2841968900538637	-0.7994541352416352	1.5293313215109727	0.5085838250361916	1.5052233219835593	-0.1311861827382766	0.9062673874893932	1.6429456791205277	-0.7631044471001601	-0.8273474557999789	0.357238560540173	-0.30086422718771955	-0.41870660955604466	0.6932638007214734	0.33216693300300587	-1.1565392446587566	-1.105319005190941	-0.48503168892769705	-0.6991134274200564	-0.5805984483233965	0.4819083629825827	0.3243436012149594	-0.3191144943597019	-1.2749962021565193	-0.9429165280297899	0.5958250258136941	0.09850340657159137	0.08688757032483992	1.5658266908586125	0.9624964027120877	0.6316468020390015	0.36725077809183837	-0.5351478977376539	0.3787748014377374	-0.6228803253424735	-0.436919242536785	0.2552263256817234	1.372191810766584
DTXSID1049013	17.792375682576683	-6.818309539112572	1.3937889173916134	-6.3691915043190015	-3.2308532132195324	-2.80988177564219	7.057267945609402	7.378012240661925	0.8035121460876751	-1.9578824546457454	-0.7184144664458657	-1.844137083397494	0.403549010307505	-1.6140614175846013	2.476933560123381	1.029954968531017	1.8609788724658742	-0.2606502433918983	3.6380459725805165	0.8112910798463324	-7.896741240939106	-6.427869413964596	6.819987264483718	2.5878087619405536	10.52429583586919	-1.0403843204092584	-1.7036876315935348	0.06551749828254186	-0.9805869489380312	-1.1456354438436853	0.9513807166341292	1.075304093444567	1.7402235449603765	-0.7292864186181157	-1.201321758992234	0.7414407917321261	1.1077679370793856	-0.7438548588658308	-1.3304074202043932	-0.6897895304325332	-0.4229659215586191	0.3349851572304684	1.0210958882603804	-0.23529159411572959	-1.0375781526064976	0.13867830363606043	0.6054975104513071	-0.7626114270449048	-1.1933298831091024	-1.7092469746915933	-0.0963197059610472	0.7016674958080886	-0.7856761321707669	-2.4663758763917274	0.8050234139719733	0.9514227646895541	1.9767624121091965	-2.081293341168135	1.0708483453558073	0.9617878076162002	0.43797841979544705	-1.8905819624522282	-1.541377801085469	-3.201708639621752	-0.5782539356769534	0.5384682016962683	-1.4211128435301004	-0.3225945354421714	0.45096307609233666	1.503934437747207	0.7041069760053623	0.8739687591701634	0.3072773287216759	0.12151793190752366	0.14850215718175433	-0.8556732306116611	0.8165321755733266	1.2539533551263145	-0.06270878516445572	-0.5425467408092925	-1.8226379614781347	1.1577990175756725	-1.2837930340172174	1.0440852411438126	-0.567127401073884	-0.09933778749102172	1.6609950974270173	1.22231460491277	1.9077654426136805	-1.434337692142907	1.2152742719075986	-1.9103051837498028	-0.5600134222214364	-1.3815571291517532	-0.45716443319742567	-0.47229843662679616	0.11349071520793011	0.7635098914878935	-0.4032514444205411	0.31142479954423735
DTXSID9020299	1.2425604426571402	-2.7971123275258325	0.4450511670136975	-1.556093668859179	-0.21203428841607086	-0.7187354279457616	-1.2694675736546077	-2.0366797269382895	-0.9790055937504694	1.2062777204344601	1.1419767318045093	-0.1802303689950321	0.9340216749040331	1.320513138354557	-1.828714677798774	0.07921936539947103	0.8741517641136872	1.7626101963712122	-0.47762452920766063	0.04543407605346917	0.5574771621017829	1.2689770669345686	1.1384560168027005	1.0260839254750604	-0.8083796324703029	0.21920266173045164	-0.5577205719095412	1.1294018908724928	0.27918980941263727	0.5879539311614946	0.13203440851010295	-0.75274138953954	0.3305278036732936	1.406293611246051	0.6811050448254744	-0.5199116051621393	0.5228745165929534	-0.1867876345855767	0.8312340638411215	-0.7454409455841643	0.47569737672811885	-0.007190798370104682	-0.7579033382700775	-0.31997350011624703	0.5906078007046389	0.49675695809300835	0.5330151420327526	-0.34535922968530536	0.6548897680221866	0.6719325171172142	-0.7432135454168153	1.0071852777686798	0.37533417714243106	-0.24526785730114234	-0.39288447312176755	0.210799894133399	-0.9497953690825052	1.6467003164498648	-0.16674616770268288	-0.5348235210776414	0.4705381765917476	-0.12771677942587176	-0.6920112518414009	0.2417647596686826	-1.3484521055668315	0.21023624995898038	0.15881685249489325	-0.07707418309357796	0.773439301081399	-0.5399934002169791	-0.6914951432326204	0.16014456597957294	0.46708053339880623	0.8147042028776621	-0.5430672398275794	-0.5853931226924702	0.47304597157784845	-0.25174116195592744	0.3819445864297785	0.5676440508756709	-0.16401114798454303	-0.19449455472557423	0.3981031330594531	-0.9323970317587292	-0.23791764791309575	-0.05759738560128922	-0.719310507058095	-0.11531094444826459	-0.4668444651727595	-0.4205473612365099	-0.5483574077837969	-0.13641517083799842	-0.388417034811437	0.46364930436716917	0.13266311358648808	-0.2861184185151684	0.4221593388614513	-0.4025821981151317	-0.8502018296332643	0.6028468667051368
DTXSID1044431	-6.4825798065961635	3.2764141308938552	-2.990670576406412	2.286216762326579	1.2133695206586743	-0.5564646154789458	0.8415125640821015	1.333193991814703	-0.7250275589460549	-0.7616076059316037	-0.34775095696160185	0.9469818744451146	1.1397038525873442	-0.4780556923960457	-0.17376207216494732	-0.22730320369566367	-0.014238158577211186	0.27337960309638115	-0.0284830676996156	-0.75571870618773	-0.965060039943145	0.3440983519545473	0.26695934805502747	0.522177063923429	-1.1922162337885753	1.0545337744296743	0.1143122606639578	-0.5866993680600204	-0.18258850991422326	0.07099575171458947	0.6602676403078228	-0.11614722848244481	-0.014155547254634148	0.3292077676853322	0.5156221806934066	0.12369237609411997	0.16065795334360314	0.1754752838177359	0.18672186476566305	-1.052089620013458	0.50688551906814	-0.47307225133422404	-0.17162375056006712	-0.2805121498037306	0.8519579694373002	0.1727008617542203	-0.3936666098682639	0.47221782822442077	0.5571197142423627	-0.04793438415748424	-0.5121740623246347	-0.43336405802800765	-0.4229109132793866	-0.7647928232657906	-0.6659019765197206	-0.7375460491057455	-0.9324906827739817	-0.8212768903531221	-0.1710163893437092	0.22885905090893446	-0.9018513520662319	-0.08013831401439853	-0.08263914091825009	-0.16886825435354597	0.7323128899048502	-0.02321205901833666	0.6058794758730596	-0.2438380650785008	0.7599505766763985	1.1241838881255675	-0.7370113272030722	-0.5807944828498407	0.37406413955131435	-0.050477923616416676	-0.10691849907006747	0.1588436173903788	0.03399071360446459	-0.5933229769717855	-0.9800921759335514	-0.16589590069466648	0.007508589667333932	-0.1749027916317715	0.5122634279969444	0.4616594303745862	-0.19888971997715363	-0.7084534474371069	-0.4472755902229613	0.3892296099664318	-0.2975483136494863	-0.21299563599911522	0.7123023554477148	0.5993366250930952	0.5351883830168441	0.6098589146342934	-0.5299312448589946	0.2315054426113064	-0.09937998603917256	-0.41340311191649437	-0.08758901615203234	1.012166728753794
DTXSID6046343	3.07236206260211	-0.6071759252545557	-2.6728819034099307	-0.542878310618415	-2.224884774376779	-3.3255279773552426	4.14690449345572	3.631546864090481	2.5416244686870457	-4.37496382036549	-1.2317875116153785	-0.5897634700866098	3.158454985697809	-1.6526993992485024	-2.5069986628360863	0.32500179502718796	1.777487989121239	1.7978547863394871	-0.09297457551235563	1.2848611652482334	-0.8266455643025284	1.1465883026284378	-0.8416584743521228	-1.0277332676605875	1.0974771992702133	0.11113432628170883	-0.4102293922824367	-0.9314238456709408	0.9907660909377678	-0.38846287309550626	-1.79295356777135	1.5321532639194348	0.8031154458761981	4.142893111803632	2.280097425854422	-0.7139577447652967	-4.712557592121498	6.122898382322454	-1.0836335664665435	-4.037481646921252	-5.51523490681232	4.408110964688498	5.702628749196574	8.001750012590213	-1.5090308599375382	-3.8466688719673985	-1.056138519883103	-2.381424549558437	0.6645392584946199	-1.3746875666991274	-1.0424092472685813	1.699044694533707	1.4381779142680533	-1.2019010255002698	-2.576120792598454	-0.07664065740906381	-2.1091640172707042	-0.10377323659042757	3.374904760026892	1.283808155626556	-1.870756098097429	-0.17399437970579637	-0.9803681789116017	-0.32329605580984955	0.942582375323275	2.029843870897862	0.1290767434227695	1.3474020479706237	-1.0832386944382697	2.2676903587781454	-3.0012796159524626	-1.017366564768986	-1.673739554126064	-2.5780707146853383	-1.9463571279923535	1.6459686772382625	0.4312613373661217	-0.5089563647206169	1.8738483874011844	1.0598918001720241	-0.24405059501788404	-0.01698479023519478	1.079704869217277	0.856608465111969	-2.0119637761326334	0.9789846835369231	-0.38186905665189097	0.20581220639310724	-1.290193798227953	-0.9947060192319898	0.0942185385296542	0.12823648487550746	-0.2861162433070872	-1.8541615028164684	0.5616314895362873	0.274185275854031	2.436589356651238	0.30123638043030126	-0.2515464121268664	0.07364022061373288
DTXSID5047617	-5.107033173494694	1.9594594384599926	0.8509179172794015	-0.7664853876847679	0.5896084277018864	0.7532708074612406	0.9087776029481599	-0.41996685260302413	0.9620629037519361	0.04058906398633905	1.14766358728127	0.9659491933752048	0.49130686236751825	0.009841970104842997	0.9227849962949611	-1.242312577073663	0.31078152251554736	-0.550948612244358	0.8294460593188525	-0.38720417744778407	-0.13974126464120049	-0.13511857112666487	0.8537430811714066	-0.0781363409110999	-0.9867762329250293	0.9276323062995501	0.6674269665815981	-0.7462212887429593	-0.0170554017559915	-0.37804527242418745	0.9361495403522738	-0.04222139197232052	0.17735767787120857	-0.3973049754604733	0.492181704792576	0.19670560270998286	-0.47244983577407756	-0.6578593743103376	-0.24469849791413867	-0.13635561258945864	0.2217589754401602	-0.2878527624935708	0.01839671037225726	1.2646876493328854	0.7499418608875251	-0.082715343552519	-0.10988039880990266	-0.6549776114488569	0.1279877753015896	-0.6331984797516057	-0.41648461766720385	0.2636469739062236	-0.5155806703830405	-0.6163421760030089	0.01978752717315926	-0.4033102702132893	0.33671537677787267	-0.06165058030529855	-0.010413944895865133	-0.1751594922679147	-0.37469269290559887	0.44174344879555105	0.07319003341501432	0.7492930816233254	0.010717889834578697	-0.36107880268851245	-0.3528790321680913	0.32439638565149914	0.2121751756930334	-0.26403732822278836	0.07645068265938049	-0.24019368805356167	0.44790673062082353	0.48340868323244784	-0.19185361859386627	0.017834192529115528	-0.10300807977085398	-0.03693038673285689	-0.44438940200866983	-0.29547467846476544	0.12373227883666629	-0.38376691113333156	0.25090337630308435	0.25001297203064	-0.02190269458264522	0.10089355842290171	0.3225613355010493	0.11378747029282205	-0.023416739624414665	0.06583908802672314	0.11043013310787737	-0.1937686515056764	0.03399720790417374	0.2814738041407573	-0.16195750798014125	0.0556796295267192	-0.022781701434930166	-0.05489875091874007	-0.09493320881460922	-0.0414776586120127
DTXSID0050423	15.401790696535159	-5.923456715564466	2.5422562148826238	14.550448233764588	4.868675010866802	-5.2165009182023905	-0.8585407878223793	-3.3178975463089406	-2.2809882731217033	-4.870760394570327	-0.11354027705712087	-1.817662044004024	-2.126563640812348	2.8413989432217215	-2.426410396416057	-0.46970260572478073	1.1617408574803314	-1.014752332232988	-1.6993874024583575	1.1820445526993322	-1.0834970839507132	1.6818338969536475	0.3948586477753241	0.012211696902398683	1.6073804763027684	1.565457930363674	-2.418733360321453	-0.4164046315373515	-1.928231257041054	-1.6685962161799557	-2.0360095096217568	-0.7295461120849891	1.2781891140433228	-0.2407821716243962	-1.3305182668494744	-0.02378844817998384	-2.227901436604778	0.6068702488823309	1.754054093025248	-1.358099056908413	-0.3526846137056935	-0.6844378704247921	0.44040471484192056	-2.4067404426262318	-0.4094002171858716	0.4058614498404878	-1.4154829055347848	0.32515796667005076	1.617555641846961	1.8419390500853934	0.8803086974063419	1.8288287121144127	-1.0641343608001337	0.6246331993306613	-0.010256886032168842	-1.6245779877751427	-0.6760192445283483	0.13602652531994583	1.526317772005598	1.6576944740441468	0.13892353685841055	-0.3489125027283125	-0.2569093575648463	0.18169934004118132	-0.7401778806543237	0.6256468147014623	-0.8139495926391065	-1.4676362220316927	1.7491727267402262	1.1054358847196823	-1.2922080742270092	-0.40129648124280626	1.695433617627398	0.38273248790280695	0.2633762076599963	-1.9218421665217629	-0.355886336156531	0.1708363628376861	1.022137854919449	0.7495271140565687	-0.375644210399508	-0.39461506384330214	-0.18718097067747752	-0.7790466492426664	-0.16972146206727917	-0.07834683542553185	-0.01824625250060952	-1.0892126010294225	-0.5186777364289866	0.1550538710018728	1.3230604071421184	1.6961881054904349	-1.1052392858544302	0.7793816922020032	1.1761497265546923	0.26164150788677054	-0.2504875580259493	0.6437543124159955	0.9602699714805273	0.4751382074427425
DTXSID0041357	-2.8435180592656946	2.981731834568617	-2.4550917788760964	-0.7171671664214527	3.2195459028767135	0.7843980811542967	0.7183752854532061	-2.594024719394863	1.3413563234448487	-0.7661058780206742	0.5425784473972494	1.1123820986573365	0.7369486609419026	0.7811196666850596	0.4672570015270978	0.3068029588787379	0.18776264130658604	1.3169762299889995	0.9070192738220136	0.9535164336926909	0.14165342888548269	1.2177251329338565	-0.7440387526654157	-0.15763206971516783	1.3082297811987116	0.019547575416274134	-0.5580899162471863	0.8140628448945685	-0.2546398024647606	1.2332275760694198	0.3368903782557217	0.6885838735288736	0.7477552233952124	-0.3848003656253057	-0.1768214367529466	-0.3711669692405089	0.02902487264194106	-0.4160443141943666	0.37025719497262516	-0.5393440074396821	-0.008852551657400107	-0.5122448663689082	-0.3070815673339796	0.2139993532922145	0.08077031429681497	-0.5192465312130263	0.592271767911154	0.23986787954865904	-0.14367866583252434	0.0960512390171501	0.41838815051550743	-0.12092164600039142	-0.2731216217312084	-0.7591017993608301	0.2871025682780972	-0.5132588812925635	-0.9779371488013783	0.6055329046851391	0.24186093761445474	1.118560358335568	1.2845186409362117	-0.020860124129726064	0.04149018267656369	-0.5404331265190058	-0.5479560947890685	-0.7024994837745226	-0.3156522321160636	-0.1802282584196202	-0.27788136670906594	0.3771613212512492	-0.04973373569810494	0.3892677245437623	0.06928061916539076	-0.21433906869913538	0.10788350629439426	-0.19699870383540377	-0.21631457957214867	0.2731708193561148	0.19894003334617363	-0.06563906273607198	0.20385056297770282	0.2221621333841058	-0.27608966052622347	0.22806542372798486	0.3566844087096088	-0.12570245468631897	-0.2455447225714448	-0.07122186739169836	0.12362848913937442	-0.2624958499589754	0.33517563635504877	0.09366298204728676	-0.6007219403409503	-0.21954153963368409	0.11790628646451977	-0.12670356868489094	-0.21220652469884793	-0.05027603892979171	0.3284174295764686	0.05757921925074455
DTXSID7059933	-0.2827715176764495	-4.405223776297188	-7.2542688080341975	-0.09972115927703305	-4.482473848810602	-0.14907712194344497	-5.177284429319047	-4.667010289373161	-1.2581372835195963	-2.7495745408258503	-4.042150188795507	11.092966492960997	-4.7571859737342015	-3.8161594830740584	3.211888090925437	-1.8767555201299164	-2.4046799993286463	-9.385358718062191	1.5387046702304619	4.4675086687161025	-4.225361277900908	-1.4909028645880056	-0.08501881769582367	-0.7583068119403679	-3.2524118362075893	7.844453303564359	4.096081410953685	-0.10530705736765128	-4.213968864113007	-0.37415993046278473	3.2817787758735197	-0.7113125985199538	-1.7301938067456448	4.106623639675747	3.735016338338389	2.444848955056158	2.195221716995228	1.9130665529580375	-0.36125913058009035	4.632043646529627	-4.549176439881299	1.0958948674394084	-0.6544803237704306	-2.538136666207884	-4.356383862397128	0.7235885664788766	-0.33333776162531753	2.928043199711966	-0.40554786274261334	4.1700955296594175	-2.675876719373285	0.1296996880992735	3.350634835860631	1.4203587269271205	0.3799137053434716	0.03220370938424679	-0.8385213793000751	2.1428009348750447	-2.928291786462798	2.2458422039062707	1.1350696446374273	0.5959569147334762	1.9214705748877756	-1.8448006185440335	0.13371874792994443	2.0950162894928077	-2.0796968961388265	1.7390532641430625	-0.20238886728181193	0.7858804299308837	-0.7646125509126112	-2.215080801294464	1.7067630300707868	-2.7258824816773544	-2.8455821765566833	0.78968640103089	-0.6630689000721558	-1.8429910850922966	-0.5094700166029605	-0.775983162587406	1.215517243478199	1.7147977705673376	-0.6815670683984353	-0.21809759346192803	0.8878537372876374	-0.9484341980826404	-1.0846453575118475	0.17027491435323622	-0.8158297414730874	0.09655302784365229	1.1268898495240773	-0.5911392701266045	-1.1407143295786535	-1.8332324335194863	1.2533227708117483	0.44101380207045227	-0.3838317419184251	-0.6313338998881503	-0.3469642257898233	-0.4929965810748024
DTXSID6024622	-2.366224350620302	-0.6239555026656948	-2.1294392676934715	1.7281440678136457	-1.2330008166009696	-0.5943773782479761	-0.49243798024305807	-1.2819194542401495	-0.1303975840418626	0.6280663079321823	1.7806870209017558	-0.4561834062835086	2.3755810784850118	-0.9042774947523935	-0.10514825400946362	-1.8072823320789133	-1.6352910369189628	-1.7417565393169596	2.390012433475891	0.5931233949918947	-0.434562359924805	0.7751253799208307	0.7866063925025956	0.05381779966048369	0.23590330173315044	-0.5534898408237111	-0.9178862799489723	1.2019617651502514	0.06754688441392362	-1.4378662166280547	-2.2625549843067816	-0.656841759371293	-2.0182200815736	-1.204505950538041	1.7960187237652347	0.3371767284260869	-0.011449518222509008	0.41518039562870523	-0.7092147788963359	-1.2318884595429969	0.2396392897035228	0.9016053002689123	0.000195369502330284	-0.5926271793237241	-1.2865333156849457	0.47625232568923437	1.7687773424561797	0.9492214099939152	-0.28671994150858865	0.2571507383961759	-1.8205341761151888	1.1146787158243325	0.6759227572903316	-0.6903998228132648	0.22413233096491494	1.0333417894405963	0.07451697003164504	0.08422318970306769	0.029164471162362152	0.052057768729784425	0.1041489129897284	0.49630917556656257	-0.07348949001849747	-0.5394128425568359	-0.2902163889155772	0.7487057413940089	-1.9652434161019299	-2.1678108467110127	-0.008992451050136362	0.5731564681085274	-0.13067588643764225	-0.10206396188074267	-0.6162151509536302	-0.6035804062056989	-1.5403435946058894	-0.5229545366971265	0.047833194930747655	-0.734572016022743	1.4370741328397638	0.25206118367606184	0.27806202222543036	-1.4316223224532503	-2.110048019522791	-0.32585868279490154	-0.6317958860311781	1.1979633299907688	-0.680715127257751	0.023068860402636334	2.451340710773451	0.5505923077551809	-1.184100469192796	-0.5863243839896526	0.6294382399612442	0.2843048531405128	-0.00516558091179937	-1.411207376871963	-1.3707106459011298	-0.21501095894462535	-1.2562499153118778	-1.2489192592607992
DTXSID4020296	-7.305884199049993	-0.6839960678377276	-0.21343076856012622	0.25044738160956015	-1.0279630341900028	1.0295509761890342	-1.967847096111897	1.6937259067249608	-1.3657506046605883	1.8748414900273567	-0.7117148882625153	0.9145143451577002	0.3684765298979959	1.7732284430568854	-0.8554109069480563	0.4295950105562733	-0.2398065740495956	0.3699263895661805	0.7496894937116427	0.24941734187266895	0.06065077916552123	0.3477244955674482	-0.6751635107550036	0.7591607029358913	0.6959156161888271	-0.04634589944504329	-0.22740130375852202	-0.14763452432053992	0.28969799588699263	0.12723325850851094	0.5772961750860562	0.29692809524869973	-0.4731642784260951	0.31711179154955926	-0.08721275252737219	-0.3210433309357126	0.528209504187736	-0.29765558276978066	0.22037803275840123	-0.041643073002424764	-0.15509972182015863	0.04567680353165023	-0.027132382134962413	0.19132217942377847	0.17321080480913165	-0.08395627052090758	0.5142463151122888	0.2819179188314901	-0.4651371457085044	0.05596502140110357	0.02082056683705434	0.03593446857609598	0.5487919914269824	0.1781545026122647	-0.5553967678800491	0.22010428982625596	-0.581733522039699	-0.055135109010000974	0.16221864660783483	0.24979320782210224	-0.03319339916576736	0.10609427516036139	-0.5369754700864401	0.029384909680368124	-0.1575162652256923	-0.7041789122772207	-0.2999652041203421	-0.32743484076585905	0.6012134417404301	-0.02262666387784987	-0.15272314859375052	-0.16512615525965374	0.1353188433669841	0.5118867437387086	-0.27408585735219715	0.6247236279420486	0.9211473393638991	0.012511250901817296	0.058787399903817095	0.014495990262973319	0.14974734011992968	0.32258596625968117	-0.010534501703489997	-0.6520089751976847	-0.10517339550810388	-0.1720398338363982	0.2658630638364697	0.024557051635161985	-0.27325800966836034	0.005104330072626505	-0.13576487449446073	-0.10853068847557924	0.15377355219339098	0.03858572028635637	-0.057365781420498536	-0.3200760880381655	0.03275662178412259	0.08611039181879869	0.06715050187243651	0.09160000464557205
DTXSID6025804	-7.34592884334962	4.51334183466758	-1.592171287526671	-0.9509296775375992	2.431475535840148	0.16452071571407953	0.9677589037606091	-1.590230220534818	0.30561215857688157	-0.5633356256415858	-1.2936565392222652	1.24272969300415	0.21334942278819377	-0.16787319632954406	0.4219532177797952	0.15237417415262688	0.16848688588886762	0.5399918640416681	1.1013809129595062	0.10328686798239849	0.11121944818461148	0.2856011234203949	-0.8156264257452657	-0.17407144318997883	0.4600695238361293	0.2601206233421666	-0.6285097958301805	0.07457255476833884	-0.29489235994470364	0.7019096641164612	0.719839439327207	-0.05937771766758237	0.20088894874083518	-0.8614941565496502	-0.1873098328786284	0.3936135782180461	0.17129967859484674	-0.00606135624733867	0.014231337925885051	-0.1889370219169278	-0.10280060566010397	-0.1317307872158307	-0.3249558579038535	0.5119182195048377	-0.24537227518038518	-0.5748743095088471	0.7893140151602299	0.23049329435870838	-0.1648013361040051	-0.674846461534684	0.1851202981430033	-0.27577023247725	-0.29933969062811866	-0.06306036638996834	-0.2923572733527306	-0.22890788340084273	-0.6709014032545465	-0.4400601584808555	-0.16408151635959206	0.5175275536320663	0.3851029435063621	0.5069067773970032	0.13740390699487803	-0.0720822465670952	-0.18309622848271428	-0.5954615676695831	-0.548898848527296	-0.013769615300729942	-0.34106370282314985	0.2570581589946485	0.23891981677148308	0.33879556457758575	0.001997362348413238	0.09006346057679973	0.20148264799475396	0.26071781639285346	0.4532159819316287	0.5572759895287543	-0.5474172231652458	-0.1331715825204089	0.12588371893036368	0.0882461997050821	0.009130630574114552	0.22686571507974324	0.07553070626746142	0.1255692218467582	0.32651475845264705	-0.05442942782064837	-0.1516853173742655	-0.16010923264788468	-0.013463576883443488	-0.015211896259764355	-0.3394374241172362	0.08543274059339744	-0.2851005801726674	0.10268889112340786	-0.2451114392812936	0.02296706248020888	-0.05653194306734809	0.03684577181258919
DTXSID8045149	-0.6155491322266823	1.458351360590222	-0.0033721346762100885	-0.7108018035520787	-1.984331307853424	-0.0010423407631141993	4.284479477156342	1.518666906689615	0.05722700650922355	-0.38645860715583646	1.485662200636672	-0.775474592252423	0.27811424683196967	0.10576408826628102	1.4952226359795588	1.9017982460892073	-4.279050594487949	-1.5534304927687221	0.4223208618949328	0.444810395756611	1.6498149023356408	0.7393300191350605	0.5220801132092344	-0.34358570257958376	3.448653837681824	4.4870761791013605	-0.2844094999051785	-2.9685638645941244	0.13347081275270606	1.5572478534483065	-1.943414005708406	-1.785903995891533	-1.7729227247270216	-1.8269713135874186	1.5277366354452366	-0.9955875460313885	0.8090524296485323	1.1596588972533444	-0.5157716019656163	-0.2431107048698315	1.630333222764282	-0.06191202376307737	-0.22145627616508534	-0.5498217411723069	1.1221781319141497	-1.5229085145016241	-1.9265963164183835	0.5240849855033438	-1.993778388822229	-1.8363584781062077	-2.4648468397388794	1.8278454025183684	0.46455892116092734	1.015482194109393	2.8640222371159116	0.8845971856138816	-2.1675133087748604	-0.8947806704078081	1.5999602689898547	-3.019810278511415	1.1242753465692301	-0.7301917631403894	1.7141826171731138	0.4448718572469213	1.1414379038438653	-0.05231443750226548	0.03481329339524594	0.0274029885510564	0.7917776969606968	0.6921759236892413	1.1732373639242688	-1.0645385840557606	-0.7802966338854256	-0.43855918096556173	0.5035634158750366	1.1587437624419976	0.3699242641447637	-2.225227937945457	-0.44723990321767915	-1.716693973491049	-0.22764816007950925	-0.49174670580215346	1.3889320169049215	0.30307483269940605	0.2756827777800478	0.529494716175613	-0.2975770843657671	-0.3594994746216121	0.5182052728116031	0.3315811364343976	-0.08505684755955654	-1.5739361162602876	0.11972341628265475	1.4356153472929543	-1.4150056088630334	-0.3516043532254101	0.40988511329028227	-0.2960805561093104	-1.3401062556819485	-0.5096753508158599
DTXSID8057855	-2.883678291225221	0.5721877722300437	-0.457115776783139	1.6981190573066682	0.04910159837712376	1.6314871777318258	6.1618995764643865	2.622692369924038	-1.7914718267463892	4.368669431078096	-1.6898923414911107	3.4208458253334717	2.5633347659744063	-1.18783883464855	1.234900315963452	-1.2893169706898742	-2.4726238534614877	0.3757216907651927	3.434522282536037	0.8478406543370604	0.8581850787978331	-0.8431973295996618	-0.41764729950037277	-0.28220275267701067	-0.8533732922874144	0.6126133898502263	-0.3621344731885524	0.6255649590388133	-0.6982971982075292	0.7268239524919694	-0.06987364875687388	0.9702595278935385	-1.8093785806503333	1.4794534304722349	-0.024777293653127138	0.4805484770961566	-0.05515621921174191	1.4698734229950365	-0.3853841657064675	0.3707993643040459	-0.07729523164440522	0.7939700745590914	-0.4540237900253642	-0.8823475644276536	0.8781706491191286	0.31060611959215756	-0.28707367787129495	0.13919990544182423	-0.3057812576099414	0.3729744959438618	-0.30620768053364417	-0.6983835335415037	-0.7402252328497972	-0.09998310562611089	0.6658686658700044	0.3585026395400726	0.3415188350818831	-0.8332262352074995	-0.6301907665306689	-0.21111576113990013	0.09701262876478456	-1.4149006857381545	1.004423720328136	-0.6197664330141769	0.6830734700435624	-3.493271878057166	0.45893442983070054	-1.585209164053648	-0.19480105287114396	-0.20761660703343462	0.413996625254969	-1.4314207418809979	-0.23739262031789068	0.4648235328050758	0.8955178772019223	-0.22077723784065353	-1.5415687383795587	0.632785967346156	0.8819421699591867	-0.3331582388055461	1.9405770373033935	-1.3939518297949727	1.5414048834250007	-3.6472722954877366	-2.157063024467469	1.8622622487371105	-0.7604129789994228	-0.6998546631347998	-0.1597167114254617	-0.33507404941078306	1.7251386286431725	-1.770527738356491	1.181707381737909	0.2608492191168148	-0.508540915931824	3.6124874661442257	-0.9185362658449457	-0.8479286707883438	0.513605359737122	2.820150209411119
DTXSID7049005	18.770296101185387	8.099535531245895	-2.7848865804776057	6.521612311373798	-4.095318963797348	-2.7283931985888086	-8.084213274655724	-3.585582014036702	1.7300575445304107	-1.6059483437981057	-0.19150621571909593	3.4885930441567097	6.289771476971214	-1.3922800831842748	-5.224174769419797	2.750106189030746	0.35541606013185073	-1.1657440305456344	-0.8433135088726215	-0.516392816882191	-2.626986467605094	0.549334808580928	0.10047391881753477	1.3827927662030366	1.191501915818064	3.633684544837272	0.47612838816159914	1.410834538334272	0.47473158278908734	1.7316201926270938	0.5464947989228391	0.6537491613380823	-5.0400009799584415	-2.2249700892140285	2.494607069940601	7.06499728956993	-1.3002498082316272	-2.0793479821456184	2.821744482740694	-2.5735256640874127	-1.7215682239484211	-1.271883263514725	2.3784835259366495	-0.5067617090240856	4.4709014193621375	0.2785596481856483	0.28517936443740904	-3.3631244524257817	4.919846123844477	1.3177157233206964	6.532128077346703	0.2615582152329724	0.5174460911124249	-0.3337143758920405	0.0331009743692246	5.036146065191666	-3.295047778332794	4.356925659493145	-1.044946706953949	-5.80214122413702	0.24271435137286507	-0.8924475083282307	1.9414310456941284	-0.717846360528149	1.156940139685566	-1.4364962526508491	-0.8929849283366	1.7694902076399883	1.4660458992656809	-2.6780771827138223	0.2596703540899481	-1.368056623776196	-0.45333996394649045	0.8960528770379342	3.3730751607270624	3.1587778010245935	-4.325751243867981	5.361250470393791	1.8000263083960282	-1.6855761213667964	4.683791086903895	5.708909749263291	1.0219712278572255	0.9322282048660138	0.21959269084511232	0.7968452351286399	5.674198409912996	0.5256561641842502	1.6258211997342475	-0.5280346174644669	-2.0058286943720174	-0.6006848391869185	1.1049759651181787	-1.166344245408168	-0.2178183785858533	-1.619778131677502	1.0965158391560912	1.0624336807035102	-1.8263184283343257	-0.698739889704794
DTXSID8029600	-8.598245343260272	2.0192120561740525	-3.150683067934057	3.567598990362544	-1.8186532664051775	1.5417959493641165	0.16141222801915087	-0.18807598320343638	-0.40636234945339733	-1.0196121421641642	-0.4521722632959072	1.2747200931291665	1.63750447953866	1.327026762477432	0.09667394430526062	0.10546821785408327	-1.316501457959209	-0.1838035919057453	-0.716448866195361	-1.548122216217743	-0.4544583100436548	0.8841898148845738	0.31389838710351137	-0.2794108617239685	-1.1656746198551864	-1.862350569174906	0.9581033091707929	-1.1225417290006654	-1.6731689472687477	0.7241370509577107	-0.2281009601989771	-0.6562092671632788	2.2212223070597594	-0.240434976574577	0.085768808075114	-2.108527841231535	1.6773066328304702	0.8729631939941128	-0.4284966790585699	-0.782523936083389	-0.4555288588352629	0.49413384413164463	-0.9809623016424319	1.5302128916034246	-1.6292141725478733	-0.9523915888567345	2.3327020560805964	0.0964078061190509	0.8100153117235624	-0.012588255658744746	0.8567987323709318	2.1595913144290115	-0.7591008820827586	-1.975077558318797	2.030891081044583	1.1092277904148562	0.7038622936818206	-1.1208711663885322	-1.2254035791563012	-0.9716141656582195	1.3392862735103337	-2.0737004815874958	-1.4177681915290863	0.4164018564676272	0.12039431712649971	-0.12031512326363743	0.2219346772619621	-0.030166375078810793	-0.5254251992850071	-0.274142261324421	-0.31553298142024877	-0.06423538713434412	0.22084363857300043	0.9697654904497832	0.2973308249362932	0.4020748333557817	-0.09199522301355466	0.5336831300352134	-0.5498914763451014	-0.4347587977014093	0.4042484057870386	0.22904806554248086	-0.03963819039515234	-0.17219861679653992	-0.2933312977134913	-0.3574060037252897	0.7255461034549003	-0.29524255229066226	0.2945122951037026	-0.028870707926559432	-0.05331160995387304	0.06071043803870413	-0.04921372939248717	-0.04490368267960144	0.1396394302413187	-0.026981799601950726	0.24904226251190262	0.3435173450921923	0.24508180531089588	0.38096561583211597
DTXSID7023271	-3.100493427892491	1.43212071021408	-5.105080655120801	1.820218419804881	4.101896668020362	0.8784263934044911	1.6492094708490148	-0.7663939169252504	1.453024255406597	0.07036028744556336	0.8253728285922748	2.1052712851030138	3.269256205219452	1.0519422038162631	2.0823390142408535	-0.1429365164002113	2.6625342483165886	-3.189090496374544	-0.5217681985535734	-1.4147577132617035	-0.4138932839345521	0.5283532615214749	1.5504080896034351	1.9741436149846676	0.3988948651293054	-1.611574323576919	4.80670653210425	-4.258581174371028	2.6737071070658125	-0.5239270321312939	-1.8655875002558324	2.158271372765292	-2.0332736813358294	0.1919068377648737	-1.8419601363697826	-1.8022915053622433	2.030732629313664	-0.45051165673421034	1.7047200131058724	-0.42846459046096996	0.5020349090577372	0.8446428542277746	0.5631184024055536	0.5046976004073499	2.3701364392504662	0.7075691486667921	-0.5943927789862187	1.4170128945024687	-0.27740618663642497	-0.43105819823705993	0.2714176002162425	-0.4261254493236991	0.6548061301158746	4.034616160796941	-1.510209742058914	1.579915974555404	0.0007446438256531493	-1.3826197512378142	-1.2716712172246112	0.9590293571236416	0.807757440218787	-2.4902312362004673	0.9745949024911702	0.7395614063347343	-0.9233136337492404	0.8928959660387445	1.0204149157340545	0.10605675225099723	1.1587531186824405	2.0320276905277965	-1.2872602662041372	0.8955105807661152	-0.18273126912539747	-1.3108435429635412	-1.8970643991369003	0.07529528057697446	-0.5339513560414819	-0.29196019589371586	0.8139867229710689	0.3483009846042782	0.980371865573193	0.911586442867445	0.13561457207614633	-0.19364606161781903	-0.10744587544502066	0.8882115499551432	0.015659155290976483	0.3031761754336319	-0.4403832713714969	-0.010229686782183386	0.9305256177487342	0.6652170875145343	-0.18492912448660193	-0.11041386429086418	0.4803214000871	0.07108648231699995	0.5551041261279775	0.1112174064883045	-0.5810655718562829	-0.10163289392894936
DTXSID0047749	-7.463533765144154	5.844352391800385	-0.8204599380678212	-0.4750904686465588	0.6568087616521328	0.09591545392183357	0.28646985746338044	-0.9319070313465281	-0.5388357504760453	0.1629438368928723	-1.2365013501038413	0.912431035330819	0.10123595271854997	-0.4153987777308086	0.01271372263250858	0.05298754812923729	0.04247247074985366	-0.27568530641339617	0.7504100914002028	0.7845977885065915	0.2244027191975818	-0.22732123531483986	0.25394717630729113	-0.8660178588021054	-0.1619326368295696	0.07669376287500275	-0.3653687574590058	-0.03533360690425235	-0.30055942854767115	-0.6944160389823516	0.07709067667028967	0.19155312468721666	-0.4983584656803343	0.17375518187750574	0.1414997950127863	0.290934830433341	-0.010114809281096862	0.07977359852172994	0.17190824631674043	0.0037359898139501116	0.17967338309196604	0.3923621665589782	-0.14063933877367235	-0.0556257771142324	0.22550140678202704	-0.6496740306846563	-0.41485779941565293	0.4370867040852302	0.008563169898432369	-0.17597623058967563	-0.06053762208688188	-0.09997290216506677	-0.33151837370517556	0.17663504103641264	0.3783171465019351	-0.10406996330505291	-0.006110580783861675	-0.37985025783104975	-1.0471025393319264	-0.00793945117291798	-0.4732828234335512	-0.22688864033462045	-0.8412112901599489	0.09046314061738962	-0.19196766475254076	-0.22352893440185714	0.02170387068003354	0.6071591742413458	-0.32462548429976856	0.6885271929616438	0.37663871320868986	0.12717550650938866	0.17198055134775042	0.2552506318806489	0.08450220597363163	0.014297069755106591	0.06874239594374783	0.08940707900203655	-0.22070698048267362	-0.3848923178056896	0.4046204178030704	-0.4018644374853901	1.0725732532134526	-0.2013043541131608	0.14331538977999092	-0.4429110908442595	0.2517232833183677	0.13663062139572957	-0.12663895786232632	0.4589218430447302	0.04273659926796603	0.31243295113002517	-0.6968466573338264	-0.6731555137958728	0.49974775545751354	0.23742750684052488	-0.3157942472086605	0.14910433600373563	-0.05545794124566057	-0.22502261886074806
DTXSID4046785	1.5807286929833533	1.3500112605823233	-0.16934143316154315	-0.49121554375440374	-0.3222851740863369	2.036030899061126	0.25823405537618904	1.523807833199501	0.003950647560008867	-0.536601218984268	0.12485471368345882	-0.22130207171581642	1.2257730464867844	1.4743123167907872	-0.27489025441257514	-0.47026157314639233	-0.20076282098968126	-0.49763984948560075	-0.7273422575639331	-1.6160602618094912	-0.11770375022624788	-1.1090873786413344	-0.8678212060409687	1.0510140698241712	-0.3378612215468052	-1.2274314384128162	1.076331215730265	-1.9748560153445172	-0.7583869484966552	0.5583023859597295	0.15176810467023516	0.4491979962412897	0.1764440823060173	0.6544437211366111	-0.2974255610786126	-1.9798837726496	1.0256071276468364	0.7708400510972396	0.6744958399827079	-0.06697523833435085	0.6577218760154746	-0.3080233251844839	-0.7700317961413178	0.052364624196219414	0.6992489889169506	-0.1830419717025049	0.0807332705977703	0.25432024149807153	-0.9752166074013187	0.3187999303600069	0.9157774456671798	-2.121732617540501	-1.0528632812565422	2.865031410517257	-1.0668800405050758	0.5240226297792329	-1.1200324656002834	-0.13492128126667843	0.04604629807679058	-1.915835146903904	-0.10366619642753608	0.6075218189527911	-1.4534602023394785	-0.8092921199749612	-0.634870734698331	0.9131888845920704	-1.2569763553391744	0.6914533247033131	-1.792861822394119	-0.6453661351187998	-0.6071754229984798	0.7090796704332111	-1.2348748466841613	0.8800376843785572	-1.066826816669375	1.169800512989183	0.04195916546998236	-0.7485561538499893	0.385904603460939	0.362113317660843	-0.450994058767553	0.6194116916219753	-0.3695817921833898	-0.775556086156656	0.19223243798660414	0.1573029847260874	-0.03338474658306736	0.017560150669231594	0.23047553357394823	0.12055543514989277	0.16221326071654824	0.2035378426911083	0.11949205452060162	-0.44281672641026787	-0.660811067125708	0.13720938015142778	-1.048806248110586	0.3148717574028955	-1.3998658082944435	0.42008098245013514
DTXSID0020369	-2.690439180465845	-1.5170604526448732	-4.559066411148843	2.034648554366274	-4.140971945570424	-1.4578464619894613	2.8878747513962657	3.6835709253207605	0.3001516827682926	-5.251700544761105	-3.3870940511868164	1.1098865753932614	3.397530164011339	0.41090487727176295	3.156846396978356	0.507532287287548	0.9484114963539234	4.045626913427422	1.0118643114185086	-0.8935939305691564	-5.767696678916885	-5.122436362506113	5.855536228181243	3.5535595822386394	5.531702173492965	-2.6309191418100175	-1.4604258288922005	-0.9476380373999772	-1.0555536056442256	2.0839215710293266	-2.364027897202599	2.1666293574251996	2.5672207941497893	3.9630683461903087	2.321538513244972	-5.547848953190549	-3.511046062728533	7.391291887782359	1.0771883195423486	-3.9683867775506525	-4.709211712065517	6.270842514524041	4.6918559175583905	8.898342859093164	-3.263571494849435	-6.716729790292462	0.7054754100735057	-0.7087665185281017	1.813992600051403	0.1541963099182598	0.5958317304119453	3.735635554057905	-0.8997656069935441	-1.8878186876682488	0.9335603198030911	-0.04735747781968052	-0.43687155171295305	-1.2019573177595004	1.6782599184725635	-0.273555704573632	-0.027873781604813196	-0.7702526664450712	-0.804572874570713	-0.6039712773390239	0.5317769651660197	1.7698265302487133	0.6155996987422618	1.6978151503431267	-1.3164824785906206	0.1724379722310907	-2.1442446457487954	-0.5762521490064575	-1.2610768822520109	-0.8876659216192377	1.9859677093848995	0.8191054586555189	0.17912221168018583	0.9810646007293835	0.20818248251203555	-0.3991526876051019	0.592353853096822	1.0830378010751855	-0.006905701383236617	0.2641488822407753	-2.937012581504935	0.29347568476140956	0.09549491662310022	0.8298639128011537	-1.2070295391021069	0.28381889750869066	-0.17623790790418709	0.04878881394625753	1.1661413355812031	-1.7443011997086224	1.1406800758280975	-0.9372778655959748	0.3929806842300848	-0.5835335317754959	-0.18518879679764175	-0.5867616733120369
DTXSID5041803	-10.090856788263997	1.4057907365779476	-3.807398916816933	3.2473736261649764	1.840692042959921	-0.37898581528907427	-2.157965049110365	-0.08978612596782214	-1.269761965301626	1.1128259661354443	0.7367523917815194	0.5438695498917098	2.349224652855514	-1.3710520473940662	0.4726437756314145	0.8564657127012942	-1.1583035549238498	-1.3202797943477589	0.5003732794104908	2.0807155015715573	-1.453153956054236	0.48161152206981334	-0.13851287497775897	-0.49143185556919805	0.8203048246625825	-1.1464008313815952	2.102528362559234	-0.3985556362638781	0.7061484363235562	-1.6153785666363583	1.563400199977736	0.8056924317980347	-1.486324673682132	0.38406319137766554	0.47583492091481877	0.8158256031624002	-0.07436597469434197	0.21100041065806271	-0.49008890126364313	-0.8740832756628386	0.7417531628714926	1.0698030794616755	0.026490755964327786	0.40885698019104394	1.0188080854537716	-0.23602578363339713	0.37758783677692115	0.5243344961970744	0.2743002971203639	0.2868501312772307	-0.22607401123856694	0.035834853926497746	-0.3728253303930486	-0.13055702448331213	0.3127945029417094	0.29090645824781936	0.49114871013886335	-0.3412194643595548	-1.9664154073175564	0.027668015830446438	0.43563735326864944	-0.5194832768918648	-0.6249669039170292	-0.21381526562241243	1.0781545380029398	-1.021654965482038	-0.3447545677738427	-0.38878947861374696	-0.3145726163745974	1.18723181592331	-0.499332136367656	0.05248817269012413	0.31308021321608354	-0.29302856530874655	-1.3691808552795917	0.38533485098431475	2.3101509325335385	-1.3791632485853502	-0.5312772892603552	0.4368238013184632	-1.2702301509869793	-0.40034394659047756	-0.43978256605805527	-1.6998788658664503	0.879948783312091	-0.5823949284895795	-0.8887702428831868	-0.31401451794317564	0.03481512431195231	0.09391320826888477	-0.7065039913638897	-0.30929675730344675	0.23636920403999542	0.4993035555116301	0.7886192421045367	0.6854868864834986	1.5301667825516387	0.9372013215481381	0.8183843379441093	-0.17779360305331696
DTXSID6045581	16.37134339619802	-5.312978971182794	-9.965570971597561	6.286018402765827	-4.007678004118463	9.21998365934695	4.773208538357239	-0.8476030814199186	-7.615072316764658	-6.545492154365744	-0.8952238791626129	-6.636071426364196	1.4343582459673752	-0.23726354850178222	-0.7785061017764583	2.5284671140113666	-3.3679501694979233	-4.173399380284893	3.520359009714295	0.9670715026142696	-0.9937433282162522	0.22726234318892108	0.9219075268300168	-0.732172165412022	-0.4501971428841149	-1.8170550903294869	-1.7280722654072405	-0.21988506247466588	3.4437196610029477	-0.628764060369632	1.2910723500976642	-2.8597674411180276	-2.7072590420817835	-0.7144851379095377	0.5968606323156753	1.3389032349589005	-0.43474167582973333	-2.0395099756070554	1.6176686221070933	-2.5729413455676706	0.3772634077812258	1.091631293141059	1.473096753538349	-0.7710261808373403	-1.2892429009728277	-2.961596607645897	-0.04058512426582501	0.04745522441165563	-0.9854562380456874	2.0507542821216447	0.8471767482131802	3.258089768662397	-3.5900135231543193	-1.607309350987012	-2.688442370205697	1.7047886073429757	0.5768520832722578	-1.8428684314060697	-1.558754260258358	0.20744196191564654	-0.33047182492128047	-0.26773667878711666	-0.19652596060498911	-1.776204672220091	-3.6947001597994027	-0.36297906428249666	0.4790891155947737	0.11107646697175401	-0.6125753818655972	-3.3421583730104847	3.0308905074296946	2.7801994466667863	-3.1356800885488165	-2.6163899169064218	-2.6207092189243135	-3.511447766560753	1.0894493321507457	-0.23158403737820163	-1.0964123318772523	1.7040567462667777	-0.3876461924428192	-1.3140001553977645	-2.229776420739853	-2.6390566264113	1.9971150499187784	0.07584727666690755	-0.49216554303679333	-0.6965888164296441	0.7500068639424177	-0.6752004624767832	3.063247833773125	0.3805256599244736	0.2321010472682999	0.9591699617698773	-0.3265272940903914	0.8019095186717703	-0.03917069600981394	0.5332027564904609	1.8991328456806778	-0.3086208408393291
DTXSID5025447	-6.504648983532575	1.1613236527674329	0.2244115634412828	-1.7518573543314444	0.33143108585528946	0.024184367351554895	-0.44376806638116323	-1.2259087123690264	-0.8435394158557512	0.7726379367037193	-1.4425714513963568	0.14870565635709226	1.7979379196273413	-0.2321736996997283	0.5184484023914705	-1.363492088919983	-0.6691089968011744	-0.08945163980710041	0.14358132950496505	0.39676808555849635	-0.22891292348041403	0.14414500420350831	0.026265243917922496	0.12753898462657232	-0.3923660800311844	0.37225228097319535	0.15864158961304778	-0.5909212717485333	-0.21960695793879378	0.12760051811893763	0.6691277526285695	-0.18221422836070608	0.01804473662338021	-0.027294485702574145	-0.2191853662697083	-0.06700414010174355	-0.2207532917686307	0.11851993505051625	0.18094235738602252	0.35021745466012016	-0.1810092573757256	-0.19940334292135867	-0.18377637449270762	0.6905222648634058	0.4423830220558225	-0.09367673675636623	-0.0399161385287547	-0.4503589636435116	0.4971412022313921	-0.3823793864155464	0.14013009109263663	0.01604588074506872	0.13873597345377944	0.2711575105697397	0.5700711062586891	0.48980426390995874	-0.19383032251988855	0.1713566664725997	0.20414248207034927	0.13494684613340505	-0.1311235292589196	0.35255182896022985	0.4533079999898792	0.3879743996029953	0.49625493736874765	-0.864140139657933	-0.4718551615704279	-0.26439629830201083	0.6708422733304265	-0.6957470177300514	0.2316308630816819	-0.08650609071279579	0.04764342188530949	0.29995837667861686	-0.7064756580434862	0.14784790146389265	-0.6484550722268212	-0.20811952058482006	-0.08129944154042289	-0.27741679852303386	-0.3206678715235469	-0.9672859294000228	0.06171506567594357	-0.2551527244545349	0.1419649549848204	-0.3263992709267827	-0.3153137369543608	0.3987021077571247	0.5368675069297947	0.41105763942701706	0.05814720866109663	-0.4468411565836771	-0.9342437195735249	0.24417887567726063	0.08802014064033684	0.07429021389043866	-0.7864898542181666	0.2331901645851107	0.6370665768664842	-0.1991147442521213
DTXSID2050403	-7.327698764105674	2.709924992494873	1.0879992297222851	-0.7848633287851096	0.022642648285433244	0.7657029240428903	0.5231721881498923	-0.9830389305239121	0.33374841184862714	-0.2734424576278163	-0.6404129575313787	0.6012543415917286	1.323773241581061	-0.3651712230276267	0.4321151560891763	-1.5300570329851615	-1.3499297939719619	0.4626832947860955	0.4427183615803809	0.2603599294827816	-0.48294399547444633	0.4036741704054524	0.1842724684957668	0.14318083017474564	-0.7744636495958568	0.4389839851115403	0.5537299872944322	-0.7466959733817294	0.3031239658971571	-0.6975742765900927	0.7085212228407111	-0.2780016993900974	0.09754039298434881	0.07053099630609243	-0.40642090969739725	0.12942101426180885	-0.6586325705116648	0.16992418186643224	-0.4475517265794061	0.13437604391436558	-0.18624947616608012	-0.4238136730925029	-0.27340661683503037	0.9434317811115495	0.8045950136771164	0.5286831244515875	-0.09858601756019426	-0.30172469039419153	0.6370927525391683	-0.44610464410675593	-0.01829003953968573	0.7648312343170343	-0.2027329865567791	0.0805772946616842	-0.12028188194085451	0.21048284839565767	-0.059194641914204586	0.1440966237730014	0.3054201597141037	0.15424568914423276	0.2393287541127787	0.3666815432313465	0.02691725613628636	0.12733794434545373	-0.20800463112336848	-0.578626329158053	-0.02239966807816249	-0.07291637271981027	0.1369034484984795	-0.15528335232115004	0.4896140429956776	-0.13525017312789445	-0.053978918958464094	0.3102326314564338	-0.11921588554064598	0.43519145563156447	0.039756117380074736	-0.08887364301993494	-0.30134537949689916	-0.16837538292262988	0.09020059057661681	-0.5355417114555436	0.17656525703063275	0.16544656321761378	0.20727375047571892	-0.033715577965704464	0.1392006600909448	0.16487115491335388	0.1578443045602853	0.2959819866844439	0.08209505240907355	-0.18049781548006033	-0.37971703658534417	0.2704672773183771	0.024323573199954065	0.3616132373047812	-0.1342720137189141	0.21716152086060156	0.2059611403047461	0.09981537612486607
DTXSID1042360	1.1155399145997587	-3.919669719430208	-2.9151585133336884	2.5897520319159946	-3.989198587553556	3.045613228965496	1.9919894807365646	1.727665724346384	4.320874352601476	-0.9047819135174913	-4.968226992297021	-5.3044441117992855	-0.6926190425452404	-2.4663370992664126	2.0737520330439994	1.0543108814374913	2.0102021178672693	2.2167722801986023	-0.3233785523582782	0.7826588953642407	1.1917350692156252	0.4866982797358787	-2.007230805870273	-0.009186726822093467	0.773909854573833	2.0470903084471552	1.3019997383389665	1.6763729024527223	0.2165413372308002	1.0579166603970043	-1.4285814428686578	0.2967616286807661	0.005225409486676236	0.3909934492424521	0.21484964276717938	0.06648927807299478	-0.8712179008661957	0.07960919533505809	0.15732982005852475	-0.6036214943317346	1.4388416622617566	-0.5760454870884693	-2.4237180735760253	1.4799225739914441	-0.8732580459898467	0.9636989549236825	-0.7401966672663014	2.7840143682924485	-0.16727321278571383	1.9295248040726634	2.0529665382791995	1.3229230162019803	-3.4239742167509024	-2.857346471237447	-2.4406779289885594	1.9624963072688022	0.5137642873477776	0.5510720425407433	-0.7812346999615135	-0.20894488602237468	-1.452091754322293	0.22040314871206	0.40293251345204356	0.5711934173748772	-0.5333126375113985	-0.5335776615117356	0.09343177331450478	0.30416431120698517	0.7332176221379628	0.718333119391439	0.8408076443788133	1.749617281763373	-1.1308561153839243	-0.7664131409735779	-1.1177273821346794	0.2007331941257421	-0.8966976374709924	0.01702497428689857	0.9323334135735689	-0.32271727259249505	-0.9923407356481536	-0.1540192496937859	0.38882066480111244	-0.5975683871615102	0.16768492737034837	0.604879088726849	-0.4247082682017577	0.6662598552056449	0.555250196445201	-0.43368917961022824	0.36208251510045936	0.40910202588702504	-0.21542985397229475	0.37975824220944104	-0.4185631031733844	0.0840365376359602	0.3581697656909917	-0.3570449624212386	-0.2961116885813963	0.3420363289424859
DTXSID3048998	-3.204614257203182	-1.5459419123369047	0.42558152457603293	-1.142355735653846	-2.5828571047578204	-3.526516984810198	0.9051762953543913	0.4680996965778918	-1.7454817882087648	0.8100309951488746	-0.484512029117463	-1.0304551476345107	-0.037100619560143426	0.7237683031952991	-0.8544622184702996	-0.23431955984434763	0.7234904196024359	0.8458411920542039	0.484941915303083	0.08005143343279233	0.44655569271920165	0.5437717367728578	-1.781372969582798	-0.7015256002169009	1.8555007379342399	1.933377251205953	2.4844377754437987	-0.5623143862856584	0.18422694756806418	-0.8750329920886896	-0.6160719282842683	0.33855309330872785	0.9456876674385485	-1.3879353740095925	-0.7349819895962162	0.5101295244373957	-1.2178000245366953	0.7069465390418442	-0.9001559013894703	0.3665605903042585	0.9373953648477418	-0.9222622691444149	-1.8807084692241498	2.196403832415938	-0.4342518885065083	1.5604592310862702	-1.172986181968798	2.0244424506434187	1.6805970598524802	0.3603279343168926	1.001876803848356	0.1660496638015931	-1.4179720601147512	-1.1036428893998373	-1.1740809314135574	1.0317513078961866	1.5353889676619896	0.2296914358372202	-0.5244217105698639	0.7801250288326237	-0.602265167516459	0.15544036081739504	-0.0958010287144842	0.3808912361769023	0.26682384552716093	0.7411216022107294	-0.6784744513575155	-0.026595078928171718	-0.5601604928270261	0.4988508933833594	-0.12114311898062631	0.5266299259272026	-0.6468611342932967	-0.32906320264701944	0.2780384100691962	-0.5509384248700594	-1.1778588593885988	0.2639924638135088	0.6849964100450716	-0.043567463908196956	-0.5358686457399314	0.3960173617650165	-0.003202144348815276	0.2051153567025532	-0.7773090991738422	-0.08669936461527439	-0.45671151194279525	0.28044919083107583	-0.5457803088930065	-0.6226880253737325	0.11002893815987956	-0.29521467561879805	0.2266028976460713	-0.13085111263926044	0.3261832651056513	-0.1555384797633464	0.0102002887630695	-0.34133142520167153	-0.3413969446976569	0.17154408597575574
DTXSID5047249	15.14624108129148	-8.6943700156532	-1.1761888346274056	2.73470550561315	0.4222360822438844	1.5650882940708417	-4.679667459670434	-1.2424773199221395	1.7823106826307256	-4.477248742395999	0.22818221706766778	-0.641635103595474	-2.872221689916825	-3.9209315354171035	-0.7057827687468893	-4.609446263238603	-4.5722888631663094	-1.3915735407211567	4.972670635737813	2.662832936509358	0.8226882809910718	5.831782039555749	4.257803972138878	-3.295528463521866	4.117449357084685	-0.07393289532448817	4.301981868894107	-0.778004335016759	-1.4104090688615203	-2.0216708524997915	3.4831263514810877	1.8521531888276612	-5.0636424852504085	-2.1002453178322122	0.30532959120405334	4.01137442757316	1.564034090095041	0.7793875228825047	1.5303922038182585	-0.12757194658020982	0.39575136040278563	3.649499534212208	0.3236984675180156	0.7099636693736268	-0.062132694842695756	-1.044027628328694	2.3071881741444966	-0.8881862259152362	0.09743556583240097	-1.1402517629028917	-1.7646428225457629	-0.6927752614989983	-0.8788826873872343	1.8034488284166714	3.0019039409005077	2.781784176173323	1.5892731643529907	-1.2767076642438921	-3.3974507606347997	-0.24755557768050737	3.0539134864310804	4.994583713368933	0.5583159890029653	-0.2639418413458603	2.439407825506411	1.5851461875876809	-0.1745480258943861	-3.0893870061938875	-0.14053864725934823	0.6783969597123485	-1.1630498079208376	-4.123197174499639	-5.234928036504892	3.248982286204629	-5.071090898680426	-4.007164579429861	7.372367823541494	0.06942176180913535	1.0655285789848339	-0.40146155281876833	-1.6207508705036135	-0.7984376252741484	1.22121088744741	0.5445961894544447	-2.5921704185084202	-3.550681805023248	-2.237767293831149	-3.092729663133059	0.7986590120923459	-1.0546552901227895	2.8372889000037844	-1.157372265426197	0.3041630021176725	-1.3087086054182295	1.8829457262555154	0.7433116623177868	-0.44280410004372805	-3.295438169917465	-0.07362028304469505	0.37972254489683677
DTXSID9027520	7.357568124817971	-7.795013439850533	-7.836565448191273	0.06580463925468118	4.195908654732487	0.6885800229504708	4.448932170241034	7.591249370039638	5.226074502969998	-1.2415885815429868	5.690230974189081	3.961621846404311	0.7063564254972174	0.49239890767912914	-0.75099557016001	1.984378271495692	6.308731745423525	-5.626977213900497	-1.1532673782143557	-1.0772579475298667	2.088069044157261	-3.0801768724666716	3.074004824907548	-2.867605421965739	0.06024510584887504	0.8647423723914959	1.4862531762547075	2.620748111573248	-2.129381824924177	-3.567136877198678	2.764919554943136	2.8635072143061917	-1.3150725002483703	2.0761612180163285	1.6203515785636058	-1.3349475918218063	-0.8642154381240508	-3.6778415064784653	-0.1483864296246622	1.4673346687575783	0.2848986053520701	1.5817481156421918	0.854951502952827	2.0289804162405756	1.389793305500202	-0.5032913022390919	-2.7698655283405347	-1.7069344789987222	-1.4224179840507778	0.10026552852615496	0.07070374630540421	0.558674555821215	-1.009172461665175	-1.4960484570304255	1.0465012369412878	-3.0186498154626373	0.2732184509559628	2.962615373353436	2.1375367408115005	-1.328683727726069	-0.19371706523438098	-3.6466851750684377	1.0801447444318157	2.056207571313112	1.5861171155555136	-2.064223219365367	-0.23849421979585614	5.31180989621481	0.6973597406568793	-1.3484302489807103	1.5105830007554506	-0.26209663654093796	2.7994500091333006	2.6074446754535496	-2.4844046263254134	0.17054006244748302	3.068285001482084	3.219180067979492	-1.6072287691316327	-2.9746368052100625	1.4433551236294029	0.9757341463158105	-1.7219296612388646	-2.3857797561311203	-1.067361646753774	-1.161821028659062	-3.3675726908070187	1.97264574132568	0.38530134595217014	-0.98665650058342	-1.7836744356754726	2.0036365929060804	-0.3934223081161217	0.4939162549455367	1.0110081163832731	-1.7865735800698186	-0.09901472251032867	-0.39965186660695956	0.3884358284958532	1.032030910606883
DTXSID2026527	-3.725082989429593	-1.2162383467217917	-1.7201083198367304	1.7956084054146304	-1.7434099982610325	0.4941431667001356	-1.9613255255982491	1.5784322171139893	0.968385881139318	0.5792336515431742	-1.0166350665991615	0.8240768352534118	-1.4435224677404634	0.5087677575222362	-0.8072787013448284	-0.7388785218644575	-1.820974292233493	0.7301572858610353	0.6771864795602572	0.1230364060620754	-0.5330330533137874	0.8549803642192979	-0.1735748811977285	-0.2423575998684038	0.02162655362676715	-0.4901269913288724	0.24040550698431437	-0.5404825247641699	0.6599319495470789	0.46131739407822014	0.21020597695367738	-0.5724053398590725	0.7436000106524666	-0.6208820817474844	-0.23855209623407603	-0.045528475555624996	0.34023759962352523	0.4821288034587706	-0.29925921901083546	0.47164613168525826	0.09545244789699278	-0.6745271058211428	0.19772315724311085	0.5496387680228032	0.11704513556007412	0.07548637504068577	-0.1662349375418301	-0.47588584463723144	1.3791472772238602	-0.5231000493308015	-0.9714747079740428	-0.5002397400941562	1.740005883827272	0.3486205109635718	0.4864554150382834	-0.24402329041214335	-0.014718172672314223	0.4569449596365804	-0.5613013247931217	0.6016419726938276	-0.17400961643970575	0.7842817676901499	0.1817312867308092	-0.5879594128665189	-0.40691964123045404	-1.1950457398672372	0.4633786605598216	0.9992236255283609	-0.3325959875131761	1.3407899952927607	-0.4339101303558963	-0.2472935227729481	-0.06770930511917081	0.26002138944349384	-0.7243898147489576	0.6360345574306214	0.4313760883237492	0.3506961948065254	0.4833015832633298	0.21848825279533238	0.32191462533647497	-0.36711295073102423	-1.076757172227429	0.21775785580064985	-0.13006436839047683	-0.5029063423289278	0.25832904692786474	0.6987539713776614	-1.004549216912295	0.7873391271411827	0.0008010361902451769	-0.3783680390241895	0.1957704344164814	0.6305898316924545	0.8988513272778718	-0.2572771970138708	-1.1040824873508948	0.49000911673855085	-0.8041430799684892	0.42566558867240756
DTXSID0034695	5.9934329543529365	-6.192411783439252	-11.215149946719862	0.42832790437692425	13.259522097318365	-2.411767151768147	-7.060388811973379	9.503139288870834	-7.9207476586613685	2.1684557158710533	4.181121569093768	-6.319217998826415	4.567212576349309	-5.116722484944814	7.674638358900127	-0.07286321818343258	-1.0795525494269977	3.1082813730114665	-3.771377615966728	5.740822425673031	-2.0252165978123426	3.119417639833971	-1.2435351645228665	-0.16642249739746592	-1.4342293738485146	-0.6439494072664443	0.848737606341161	-1.0003981904731019	-0.7847661762595347	2.427651141339381	1.539653771224084	-2.632500266132018	-0.1223528009259195	3.150248985022949	-1.815425185443941	-1.3652106897216534	-0.13835605783427	0.9108008612797777	-0.9560948421750378	1.1794692192000742	-0.7733401637793986	-0.8421009083177604	-0.13312700810257083	-1.5516318297332825	0.061919854561198785	1.469933973297859	-1.6168705310587501	-1.2499023839033463	-0.10134895147907472	-2.947173667287607	1.0831066304526988	-0.2748339829593895	-1.6553561888474184	-0.7838565257860769	2.512583617368508	0.30127792030205236	-1.614055448653964	2.1484549778727757	-0.6136225038541445	2.1687746343664602	-3.1258920588372603	-1.5074908341228284	0.9421283363991013	1.669396545470318	-1.6550958548002275	0.8298731909148405	-1.5529457440470422	-0.37102856981984483	-0.5052168939466328	-0.663489291155088	0.5062974955208189	-0.4413371158469313	-0.4932002882242219	-0.3331226491401468	0.5100203891548757	0.26214834342315335	0.6589748183883917	-0.09473281139262012	0.029118872649780924	-0.2312573647562641	0.09233152296401166	0.3464199422037791	-0.6582169391866132	0.47935110058270564	-0.8381774187479956	0.5050903425388031	0.6339646580446501	-0.20334333578683775	0.28814797635117456	-0.16873283608842538	-0.0007942480603264176	0.13107394661803623	0.037370343209675014	0.031087267856882605	-0.08840122868063108	-0.037466324170709914	-0.08581592551812657	-0.08980173835881558	-0.22209604932868285	-0.06138045190394263
DTXSID0021886	-6.5225820105922	3.982523564800008	-1.118435917673043	0.39700374465886323	2.1810509025263713	0.9909367910550925	-0.2661807794198559	0.9987230675380101	-0.6479623606891045	-0.17438678117803105	-0.6021836719961929	1.5812553897200654	-0.4327150401374771	0.3665848169441475	-0.2599156501034705	-0.02659425913064713	-1.3692114051527593	0.6728776442618366	-0.28338759505164757	0.4145883972499932	-0.8527927882209582	-0.6607512150411444	-0.37048649567135156	0.09496689148183794	-1.3386333422119612	0.14593659829530273	1.1920545505194862	-0.7500896119819234	0.28600627582135946	-0.4505648449528058	0.23623094960483573	0.0601018185452134	-0.31897365851508525	0.18546750941067047	0.8939480966159996	0.2624048128732462	0.11589614911781035	-0.27447422758917617	-0.13544076861655813	-0.444100821050493	0.16043794234960915	0.14550317818537242	0.29844630675276895	0.07425407819694835	0.5056004459030353	-0.3482871751384984	0.17377485369336482	0.8642331719172416	0.03920292252288053	-0.06596115117381063	-0.13479273844427775	0.2647166441491397	0.21854542058183132	-1.0204967612345253	-0.009463629658056928	-0.6615092742323436	-0.07400891862032034	-1.3447849026224186	-1.1606839744939603	-0.5123760880855813	-0.741083166844217	-0.2755008464519431	-1.0008807384569305	0.21988431713328233	-0.11083252055321648	-0.0859762640411959	-0.23647081863759414	0.2986809369077827	0.08207534781210465	0.5031485505738175	-0.6222864328590636	-0.5761895085220704	0.3245123885626543	0.634508967804204	-0.2845159675992486	0.01650884744986888	-0.5631045824086655	0.19946531458104913	-0.3233833224871588	-0.17872711255200824	-0.38941609397486565	-0.0011624980869923925	0.4266209479037419	0.4396282980912473	-0.043835705921111176	-0.2411021655225685	-0.08966205108741049	0.6233769008269101	-0.5325781721855014	-0.5570656468391783	-0.025119977123087486	0.1853614495050192	-0.07937816019515487	0.07301318394924129	-0.649126315450909	0.21472797626928888	0.45099589791462014	0.06735886299009897	-0.6448809988053341	0.2807196618188278
DTXSID3029289	-3.550700255177165	3.450497628867645	-3.3375428083174743	-0.2033026871736005	-1.062232684320462	0.5329563308536089	4.898539249753399	0.6818515627532898	-0.5635291441903103	1.0604731252055297	0.7452080011762163	0.903968526006599	-0.01799090251890231	0.49586687401873414	-0.7770192610019009	1.0665011092200625	-1.807185443788858	-3.6520542798371785	1.7392610647782303	1.7303488981530626	-2.8642933854229398	1.7806111934079054	2.3072480622168805	-1.2286256945147218	0.21121587822256752	1.4524696550149414	-0.17663838484828726	-1.9925771941853894	-0.19524792140610198	-0.97854020101462	0.7849112451607575	0.21489321019810767	-1.2765193079684576	0.44602870874450107	0.19558220726014805	-0.9993086488963039	0.7780619433699877	0.38557148795922275	-0.4927324120805632	0.05611755102289469	-0.19121553786299492	0.32616114724193757	0.6432488143981551	-0.9217411911666471	0.9661651566346479	-0.15532542330546759	-1.627451874228984	0.7208034390177048	-0.23997147088042636	-0.8437950704753026	-0.8833208011176645	-0.6558539493575548	-0.40295537520240693	-1.1056293995061948	0.4932701962660051	0.4108682639357764	0.05185284896998555	-1.1454300923986782	-0.017579392326865832	0.4190213913227749	-0.41293906804304653	0.3062024717675145	-0.5760763531159135	-1.2936654078536278	0.6377234863848823	0.11309841797685076	1.2028283757652485	-0.6057635695481054	0.564235311990083	-2.114860892697407	2.1157338981327105	1.0528056363850102	-0.5778106789409485	-1.199361403059425	0.34629383918347556	-0.7482497787395574	-0.09387633487083516	0.9139152265725103	0.3941361609723848	0.6118071601075146	0.5694539864336023	0.9120106789701077	-0.8200163268221637	-0.9294681530867132	-0.1811234679006885	-0.7466754372236788	-0.22897579585142244	0.7017162936757515	-0.5202252410165328	-0.1612743097704445	0.44760042237718994	0.3372666747855245	0.4981417377338176	-0.43764784685018193	0.21902914504809087	0.7722075098226249	-0.6687674803020428	-0.07233241866007326	-0.26669031461708526	0.45818107876542824
DTXSID8048812	9.336930753810957	-5.214052399865986	-4.715490685246694	1.3962540623985522	-0.19774933008006834	2.199599485005461	-1.3432364701350104	-1.9145430153505523	0.041017439015283104	0.5454640991318348	3.065905101120019	1.8015679361294208	0.7498469335786365	3.9070445123915043	-0.7879938376056692	0.5838633651852951	0.9212184690696879	1.4586353768541096	-1.3422174212030922	0.5852547782052503	-0.5805745133763105	2.7111275561879054	2.0498380381509365	0.08153219544609801	-0.10400152338047451	-0.9661112524183693	-0.49920283448347674	-1.4556077755170242	-0.5820748801556487	-0.39841851069106454	-0.882077481473382	0.03737840751852068	2.6888360989609144	-0.8284078562944391	0.5836668839718963	-3.3853595991057013	1.4711077858806905	-0.5854655811106448	0.41564285256585703	-1.6538499491110545	-0.15923172548379144	-1.3587054159107739	-0.5882026408505452	1.9964761078100837	-1.3413320725424542	-1.4887673978658924	2.697752033386948	-0.6510616724434369	0.6467883617308569	1.8272598401632176	0.07586593586634273	2.9846353443270313	-1.2199980509017632	-2.2999711842443302	2.8599721937473706	1.153153495806759	0.35223216414461883	-0.568969879837312	-0.5703864960526863	-0.532954876974293	0.31692596430457237	-1.6114406520600055	-1.1706255942704396	0.4705044253362116	-0.8454675532312331	-0.17589115087548693	1.7574607844591754	-1.134186567279327	-1.5581885445170964	-0.47485833867035776	0.41781124465590413	0.11161280894069768	0.11638791446596226	0.007625167264443862	0.16021338097305574	-1.475039064729547	-0.34387068938220605	-0.40183440182659935	0.2206117053645983	-0.5127898600652392	1.1557119443158803	2.2874887470001606	0.1352026023671446	0.5426908829928336	0.2025995780977287	-0.8037969094796492	0.10053684289728036	0.26025638200723417	1.2781285602294443	-0.22500126401822643	0.6832794800654485	-1.443715941992633	-0.09413404624769343	0.004839854482471864	0.18398868992060308	-0.4532977148252904	0.46069262432345504	-0.2402029484787894	-0.430855424074935	0.17224284571862677
DTXSID3048944	7.669326870015324	-5.666445483662291	-2.7161713388032074	0.16306312963090727	-2.5870817181509533	-0.3749767858699471	-1.524853517392935	2.318825542212736	0.016761469482432068	-1.491124670682499	-2.435263498422999	-0.5419271353742783	5.1059089406326015	-2.0020976998307707	-2.9199120287585973	1.451160027680541	2.7011647652609776	1.2317333369031125	0.47317076479091963	-0.2106923157971974	-0.017464301031186794	2.4213993560950478	0.8640392625707584	0.7474773415112745	1.6918409880533212	2.7390755249975887	0.07132187629778831	-0.6069534641886202	3.782312791622696	2.2722188192744235	-2.2931257319212057	2.2585833634457724	-0.24151972226058577	2.0130610769930524	1.7930813330039381	1.0380099944885712	-4.689317793305632	5.8278401017268555	1.2649035941610336	-5.8213105795958855	-6.192168060329268	2.172517379641672	7.7777252569910225	7.031007686610697	0.24020551932323694	-4.651729639776056	-0.8225690614765903	-6.001559617208068	5.661644665181425	0.612081131095275	1.0721338523470192	-0.7596051528186195	0.015757595732384156	-1.5440103489923527	-2.289192975576262	1.2837643412226833	-3.733242870685495	1.642685256552225	2.8236394178965822	-1.4684107013968293	-2.1980975887455454	0.8503832148468148	1.229590253599239	-2.6483166787708643	3.019227874297146	-0.3670816813459308	-1.4063639128557832	1.0595665346325338	-0.19731957909359626	0.6131122760961062	-0.9536008801489253	-1.004956807689957	-2.304892574774064	-1.5669575551274388	2.435885184184506	3.0737486031956665	-1.8943918384115186	1.6641659531284505	1.0084624680338152	-0.8358778227006949	2.4310933474879257	3.5279269205581554	1.1972424972750035	2.181897784449184	-1.5047948888705585	-0.9574733548541141	1.6792807832491308	0.6363677158511706	0.9939718783741484	1.170854545492785	-0.4019605300174199	-0.20897760930326387	2.0911742727296168	-3.75185619625567	0.5802323812468455	-0.5318029785263988	1.050442965937766	0.7103939017831714	-0.7965721277077796	0.49694796401198793
DTXSID2047193	-4.51932436598942	4.650344633824106	-1.5856054400044755	0.040853577089838417	1.5791288179502525	-0.48075129651918064	0.6476849968074238	0.020362758315035635	0.3249696230657913	-0.8298255409616216	-0.44689646550061685	1.1258226647391754	0.3283831922594373	0.31387034135723835	0.237612460045333	-0.2593586981120254	0.018978862432097236	0.6006272815671279	0.37059756917371267	-0.8287369123487597	-0.5215912497180559	0.7242244784719386	-0.7184828490557057	1.1518115455852433	-0.9373929088014678	0.45357956253812604	-0.5953697777981699	-0.7171374805960403	-0.46086988766389114	1.2099909024181672	1.2455478076129236	-0.4197805286123705	0.159774721590672	-0.6982695961275028	0.2359341508440919	0.25436834750780796	0.10188964274278856	0.05840920654827158	0.2226265122983726	-0.8010051829450772	0.022417311494023207	-0.9058373348520049	-0.4408105861501947	0.26505856125022426	0.20394349798779787	0.017530546529695296	-0.005904413959168302	0.6157444596544448	0.1957759485231108	-0.5510166830291432	-0.012966935601960383	-0.4082539295923513	-0.15578289492989003	-0.7884653139931165	-0.8926434945498823	-0.5164199789692341	-0.7835605650620765	-0.2072708322360752	0.6679784117053703	0.2137478175456378	-0.013000037331916998	0.10439317391225983	0.21085224197030064	-0.018830685351672545	0.8650189984337788	0.5030405170851738	0.09289602647405967	-0.3895225522475157	0.44013813605426216	1.1907721318743987	-0.5554743946195555	-0.7761353004114269	0.6987262508097356	0.4839263870009997	0.0206967622530461	0.4370282555422933	0.28870244275993584	-0.010303845321149491	0.059563336815754535	-0.12833883946467742	-0.16556770969733942	-0.6131048576379129	0.30853788985773606	-0.37757723939371196	-0.5936831355372401	-0.07595346677413967	0.22931688620147075	0.08939005601731277	-0.2893382312849292	-0.06440105455409702	0.6575443042454577	0.6221178654404724	0.5360830727338834	0.2778806890256155	-0.9211520848960272	0.257067019756277	0.1326681620420565	-0.030497075732532374	0.018958206484205896	0.1287460587359119
DTXSID7023693	3.481886735344833	-4.956163767386993	0.9548387761050565	3.6121862227170896	1.4810967976103577	2.0612090883191945	0.22028720652224473	-1.0758140969128323	0.03692556077550079	-2.8325334027515963	2.4815218362487403	-2.038983849902368	0.7255639206064012	3.5421622612998984	-0.2142479528055723	-0.2115070420925441	2.105928290138937	-1.16025523560974	2.7647286450755018	-0.4660678160427375	2.757499758706149	-0.9631804118028826	3.47546245455552	-0.7847123153889265	-0.5461734758113866	1.4805731861686848	-1.3333836427500756	3.993916305462966	0.7877567230728443	0.06836418642021393	0.707916711969906	0.3965216564029293	-2.4548373504128245	2.914174778574006	2.368636360307851	1.1493134501740638	6.51818629417001	-1.9373669395231807	-2.474014473164516	-1.2001873244806827	-0.6349115647406006	-1.779568464983429	-0.009150223117960371	4.96579221658735	-1.6031646673377293	0.6518298224805985	-1.142880927072593	0.7224586747705096	1.7817997483900447	-1.9663266741630507	1.3616473345806246	0.08575109291882478	-2.9765065756070963	2.2391435565909568	2.986861699560273	-2.553903016439186	1.0912740810858277	-0.38264158982022584	2.354278837002985	-0.429420865247141	-0.7352295412706421	1.6161024588810227	1.2650095024698593	1.0561919537597468	0.5353459552511013	-0.5013082989596739	0.6498606854889374	0.33526810193743345	-0.3188637710150662	0.5795565444858388	-0.3079897213580398	0.7664618407830064	-0.31783000538328615	0.5537875911454926	0.023536880654614768	0.4291066590745702	-0.4352480014304343	-0.4895826433626578	0.5369977222858998	0.5338138945203847	0.44524980542370995	-0.5255475989885604	0.04985776928011099	0.01061754977265266	-0.10334449750928634	0.7565068186940754	0.30127665475519716	-1.1881458993721552	0.9216793852322559	-0.4939201383076212	-0.46317464625270127	0.356768181435183	-0.25933782033311287	0.12522212508955038	-0.7323647169824766	0.8211293444151421	0.6787746053787271	0.605137051657595	0.0387927370846571	0.1801893894755602
DTXSID4023333	17.461207306952627	5.682355225525872	-1.3727994020363605	0.7417437195470762	-4.10241420298257	-1.5295191276486872	-4.783036358369259	-0.804804792598545	-0.4003862217134294	0.5806704204866154	-0.05335007555074796	-0.2603664104747807	0.7092492721111053	1.0172754577337888	-3.053903240166405	-2.4818377275930725	1.2732081180240973	3.828329121889018	-2.1711417666096193	-0.9736165788596407	1.3399993047523913	3.235586387341244	1.109945875399723	-0.7317349878394922	3.7510084602035896	0.8463199247058748	1.1710928466293586	-0.5382198189412635	-1.8828003795335184	-0.7681989957532864	2.5856674273418343	3.321392443802599	-2.6593460793591617	-0.3395685920036994	-1.0544698299323383	1.1822228569421736	2.409811321717878	-0.7516388539014383	1.321398560905421	1.2319988235071504	-0.8215419958796956	2.7398312637650295	0.21355780362182175	0.15008755379344688	-0.8002500348846875	-0.8350250129925764	2.045175605142432	1.0621971554729903	-1.457531929039556	-0.052284482372951434	-0.46709101620979543	0.3807647197364355	0.1639785561233237	0.4935291848488575	-0.7355733329566068	-1.0842697062036823	-1.2057709258837737	-1.3800526894484626	2.3519584951876116	1.4832315189323744	0.15060349449053775	-1.1542326466009576	-1.3402477584246142	-0.48900534058501927	-1.4738430625008674	0.04197438225172316	-1.4117815419804547	0.8464684381423078	-3.3407096426108924	-1.9000696050577064	-0.5258699453595114	3.643583378741766	4.3026548373680225	-2.6900810568653033	2.507056903557467	0.3327607185009179	-1.7511818406723052	-1.743268712803332	-1.80298935219997	-0.9044650468540604	-1.405769802590412	-0.44148679645714745	-0.7433114036926319	-1.1392908134568016	-0.7253839875982298	1.821756731297196	0.6024716396391969	1.8910823838829705	1.1790384626538741	-0.6012126586662462	0.6359279226556872	0.8593429721266503	0.018674385636935513	1.3719675141513195	0.21277598294319258	0.5430867939141383	-0.8589020486771423	1.1940519196640835	1.1628946575613963	-0.9376576512695792
DTXSID1027390	-5.162488610277979	-0.7871978822806861	-0.9499336767314926	2.1563590809535857	-0.8974663261633629	-0.10759934608991135	-0.7038183469704204	-0.4953216751154976	0.8222062719711867	-0.33864328035536634	-1.1311036179088938	0.5002925714610122	0.039459302367726906	-0.8795201836999607	-0.625629913280734	-0.41535419797129164	-1.7517885636842447	0.1036740266198073	0.19280517046391912	0.5501090023365203	-0.4111902219024962	0.5833654587585902	0.4609448424954417	-0.9278287149111707	0.19403090513876403	-0.4268673515554015	-0.49963809786852603	-0.2663075555118171	0.5026236494078902	0.34393365638377715	0.4619142495077032	0.1550244334576837	0.2159599238328262	0.03663376385461712	0.4399639957262167	-0.15188067531180566	1.0168412753536291	1.0033920570325843	-0.18264870505563005	0.01770422689455345	0.2792929662319879	0.16912483464164718	-0.2625314491532404	-0.060615802333679136	-0.002082001632334517	-0.1659871097258825	-0.062490325664390584	0.15962392398827804	0.5376249612391736	0.1139791626466707	-0.9394849249916347	-0.7489802426693103	1.350017537588113	-0.47284841849591447	0.4068434696416242	-0.1934580639443857	0.02716818638161763	1.4024801394713058	-0.980989238814924	0.06356205661793543	0.15155577711003465	0.9808531254250304	-0.264510182231255	0.2770997428833509	-0.71215634454156	-0.993069799748247	1.2291708349328674	0.8592416140309121	0.22234199237384952	0.9950265696251819	-0.7106732177960569	-0.2657761949341902	0.28514346894941417	0.34748251430172483	-1.050423190364997	0.8944741682640585	0.5476440318403845	-0.4460584048644936	0.8494948778623147	0.5744059927640904	0.11915453317855523	-0.36691242557016684	-1.1569250035630616	-0.1637358388080869	0.0567684249170654	-0.27721275567908243	0.3452199237581163	1.2823333201390534	0.0689170233104874	1.228443858736936	-0.4577664024515504	-0.5456076718335937	0.06383994115234495	0.5462822373305074	0.3737326766341764	-0.01764204801915149	-1.3500324974725044	0.6456685745702847	-0.8782978437300776	0.7376825868939185
DTXSID4020614	10.598693557345909	9.781295107701718	0.9844981645503708	-1.1378431697046727	-1.3235169802368572	0.8962173987672605	-2.538557342510863	-0.021589811293696172	1.4083854221747696	0.9872287928594331	3.085044907309056	-1.1312169194730695	-2.210173062665813	1.5097944444112084	2.5190559292914965	-0.8452460771745628	1.1334152703292601	-0.8455387087782327	0.9462688722847662	2.3267725912502337	1.875539786508075	-0.8516715092344002	-0.711414928204469	-2.3413223463103523	2.5593747814653653	-1.9127819240757313	-0.4565845607962417	-0.5689267921848853	-0.28058286880585265	-1.8153313542068925	-0.6287562181417903	0.6087901921632902	0.7477992361355816	2.093476229588911	-0.40989551859927115	-1.4707882409888187	0.12145094572137642	0.8007807488633648	0.6674272237823261	-0.9504453138718267	-0.36505547625050405	-0.5861094102967346	0.11331317778513095	-1.218214134960487	0.634057231482879	0.38268585442057407	0.6815573513805823	0.8569629160502031	1.3014157987193884	1.4614630965081585	0.24009206510937758	1.9128221432446444	0.009218525593025858	-0.10515265218469617	0.2811365049980496	-0.6473780840936079	-0.9813004126947326	0.09244896898452304	-1.2366414503073044	-0.332053604385661	0.13556950954958227	-0.3034949686355906	-0.010912699340002167	-1.052063351634619	-0.42817443077520256	-0.9585148852169229	-0.2604429349790026	-0.23302173842942595	-0.11611057957609668	0.2592867803133827	-1.0276858631434274	0.6243993327702758	0.3083727527950932	0.39654719617108336	-0.8128199563985975	0.19055902701940816	-0.17920270963181456	0.40976823662335077	0.4707876444509267	-0.5317830154683795	0.5334945058588095	-0.11890680076773386	-0.4566365959587401	-0.005672018376663428	-0.21504516982087468	0.8635441152316463	0.3783585983514979	0.11452878651940593	-0.06754063796101047	-0.11468749045286931	0.6833874847113163	0.9058631772380806	-0.821749716598328	-0.2091906251082605	-0.035080775703127044	-0.8447250495885605	0.5824022333913457	0.49505158154582635	0.48240358425967583	-0.333747039057669
DTXSID3022821	6.15760749747382	-2.0788194997999496	5.4227817217678105	-3.6802942779172367	3.142173960765013	2.424917711759573	6.524841052213794	0.8279011604282599	-1.0321406070045165	4.563369630561715	-4.508569688035494	2.2730460361373677	4.1222381405213975	-1.3647138452303351	1.2435652415273313	-1.2992498844121991	-2.333554543538257	0.3153019965228038	1.1695089483204686	1.3202001766286222	0.691931061345289	-1.1320482325291252	-0.2308288107044057	-0.3593154787210687	-0.5663695298854082	0.2584651697091787	0.03824496941435627	0.26410774337630155	-0.1245049120007771	1.4049633001591446	0.3659133506607934	1.035540415431238	-0.22548448384791306	1.9203388489488713	1.0296813387502906	0.011471229572423141	-0.3820069163409896	0.8488442752592181	-0.07929624449019193	0.6223669803144651	-0.567851953953181	-0.23582430997341933	-0.27501060709445385	-0.4869604844786881	0.5459847906020672	0.21191443048289396	0.2330212383990188	0.10722196745354995	-0.4128890652999278	0.3449540619902682	-0.005356013529618803	-1.0063867882181878	0.011900222781782021	-0.9747346539433807	0.5524873087090529	0.5631314987515043	0.5310584095340543	0.2949814316435222	-0.46386456005217414	-1.4689297198132205	0.5739640623386933	-0.6930351610544588	0.25005810696923425	-0.1888022504347518	0.17696883688386306	-3.705519976451858	1.0767474608514218	-1.6375703762592846	-0.2417328764331657	-1.8933067259037797	0.13663826212249458	-1.412017685560112	-0.3987013250067091	1.6201390297944864	0.692014918787756	-0.4494734271548552	-2.172286600265817	1.1081022729805323	-0.12293413961019209	-0.9953999068396976	1.7734055374652413	-3.8903933531790598	1.386585555648145	-3.3704025483030273	-2.283376636886852	2.042678988963418	-0.32961428671064524	-0.933761015428793	1.222353917650272	-0.4106440131160926	2.007811095795722	-1.8148785069855724	0.9668542555614423	1.153190484835541	0.17462559553173143	3.150699538253072	-2.1154882592394886	-0.10158945275849311	1.1028286518801655	2.4502720691902096
DTXSID4036229	-0.22779359268924687	1.6821724846359924	-5.536038908470516	0.2766571684538674	6.457066858849213	-0.2918221201554592	-1.8116642034323995	-1.0702003935853905	1.1573636421973983	-1.7339279358982673	-0.12055390188918559	1.3828397035090016	-0.9432218156329358	-2.838567630100189	-0.5757781624422069	2.1392956117026714	-0.8162821623311823	-0.5891656564195009	0.7918142102260421	2.0067815647702205	-0.12149361945538707	0.615614843825425	-0.5860428574026507	-0.7915361290587694	1.7404474676939845	-1.6394571108662563	0.44855919237255243	0.869454882497085	0.2651846759267405	0.05123184547079049	0.7460184707910957	-0.5100881915992289	0.27193668394484705	-0.8237445889227478	0.47094691103746616	1.2699388592500955	0.42207708045052394	0.24142851897436773	-0.028862801129892496	-0.5250103236831863	0.22520900991599918	-0.19171608128552434	-0.5177399280195589	1.2295595221425273	-0.39984040211589916	-1.2043396124013708	0.9333700595050008	-0.295728356519613	0.9632324083415582	-0.4594699316724515	-1.000750038318859	-0.09984944385113796	-0.36892295378274176	0.63131376884864	-0.7033543046418178	0.6328276582814879	0.29003028515782053	-0.9890724429738795	-1.196345055790298	-0.7526115525175333	1.708559651306226	0.38530283276883615	-0.9097646045686527	-0.8727507648636464	0.6158095150752448	-1.063164970106732	-1.140116703115949	0.3150865081170228	-0.31941893134811583	0.05842433094145136	0.18875423136835565	-0.5066116940887382	-0.9963373194473691	0.8041321915601614	-0.19588843041262188	-0.2956830579246577	1.7468147679677075	-1.6545923517383938	-1.0766320702428942	1.7483690965179857	-1.1237387822715568	-0.6673113302878528	-0.6852375660450543	-1.1834950107330933	0.7396193080508325	0.5032685108604112	-1.535130346409299	0.31029298097470337	0.8125821202730772	-0.7477573136169163	0.12312328861082811	0.5084552148963944	-0.339565029680576	0.280648209401416	1.5952571024059974	0.8942016413272365	-1.2427598506230042	0.026349867433443187	-0.5557359109143741	0.4709458917569989
DTXSID1047239	-1.7949126103937005	4.181438789782515	0.030288842787446767	-1.3633822412047891	2.7371749538347765	0.2130445531545888	0.22458778169837085	-0.7549050532602264	0.3199075563749021	-1.430066792090937	-0.7376871362465292	1.196732240402258	-0.19895888858226937	0.4387868630621641	0.47418023128557146	-0.3963866977561436	-0.6794369138320482	1.4345926402401141	0.2984522310893166	-0.3686364257395949	-0.3252987662883917	0.18482127665665452	-1.24988322279752	1.2015184544156563	-0.973573406473048	0.8460340222965925	-0.13179671216404193	-0.5726062633680336	-0.024568822131471203	2.1348710282810437	1.3266912964828865	1.150499391074059	-0.3530881892153876	-1.3554582903278356	0.7915274477677864	-0.5998784349106732	0.23041697682378698	-0.834795393447647	0.1952461042229796	-1.163492546502418	-0.4518200327863689	-0.9470188876648006	0.020097537390786676	0.44393146930799704	0.38944421307940474	0.04329331597471381	1.1411409854066714	0.7404585067223841	-0.5589572077078702	-0.19430502548762932	0.4478277767125064	-0.6520481063599295	-0.08819222512306721	-1.7544516484253756	-0.14574093582920075	-0.8966335729761087	-0.8834349867680524	0.6389697441358171	0.7615949215302358	0.3832704526845611	0.512739371296303	0.01655606700561906	-0.3009349810691829	0.33259222224788876	0.00329623956218361	0.06798209120397292	0.26073017506548274	-0.4574010806312547	0.8125733097693693	0.7469164746506217	0.49544258673493985	-0.3391389735961068	0.271908670215915	0.109747834339535	0.6283134615111318	-0.08935810209534682	0.09076290405041047	-0.40433822009417264	0.7574264098721979	0.6246605893982112	0.6170911064101526	-0.30714726009570303	-0.06931231754578777	-0.41819835422698703	0.5171975934922207	0.15548086185600268	0.11588132135638328	-0.4945216255159933	-0.6741103661577864	-0.7199781610450328	-0.7615054164929999	-0.2732248795006473	0.08029848276763762	0.7503244032892384	-0.6868416398514656	-0.012083137098859416	0.3814321174011387	-0.4427143953876904	-0.18210182384921156	-0.12387541241875417
DTXSID5027805	-3.5614802545490036	0.8187593869335329	-1.2251511963570774	1.4645218406163305	-1.9720656842955229	2.020729815125231	2.2676987803190505	-4.196916430917915	0.22155735716678948	0.18960391219766626	2.3607386721863977	0.8589537007498835	1.5438337330264489	1.34788583999403	-1.7866771565514512	0.40454692668284203	-1.0174960026989135	1.2593898862823438	0.9035705132116157	4.535287158280609	-2.146028889108932	2.996290393208391	1.6305853983942413	-2.158147123232449	2.695634842240415	-0.9718199010228115	-2.23094604204408	-0.13339816770370283	1.2024843070783953	-1.925273935933119	-1.4652689182134857	-5.850498231351241	-2.4225474530611453	-1.3121900040301793	2.7217308294842013	-4.949389931853907	0.44506473262128193	-0.09309543283007982	7.49359918774919	2.1052624583044084	-7.703904356392897	3.0034790631211012	-2.81916680237219	1.5296437403433478	3.318426834236107	9.89584221935457	1.9627368092152537	-2.8758418654702402	-1.9161648370560223	2.281931609135062	0.690880906689306	-2.0541508134793314	-1.9067038505486216	-1.7555091011018285	-0.8382384022826883	-2.760045470608547	3.600800721880461	-1.2644917681300247	-0.1356930717543391	-0.27162875298730316	0.10717033861540141	-1.8812380578588868	1.2302928585726887	-0.23125806389694578	-0.16149243225035773	-1.1856941502111054	-1.2211107994160286	1.3556703188363906	-0.592198256292711	2.8025026079678335	-1.8317979804904814	-0.6810115604561593	-2.055151216963166	-1.0487158047711473	0.48192874550736886	0.9920508364780484	-1.0762368238052917	-1.0274671616102038	-0.8819034597765033	-1.0408263131670565	-2.073878763291667	-0.2100966565700981	1.3835069511636306	1.834236224576118	0.11021821180596528	-0.2566784710771096	-0.10658723048933513	0.3611612643795549	0.8621333388361755	0.21497673014355978	0.04893427071051736	-0.4349792789730045	0.4433164093880225	0.4838766606682712	-0.5383347976948735	-0.5481848482582525	0.05071754797219693	-0.03515176155506607	-0.3088737162330804	-0.5480207717367571
DTXSID5048710	-2.8554876347978184	-0.003247707806386091	-0.06518866607595372	6.907412686447871	0.46741201998896587	-1.8243754561441365	1.4537460719923148	-0.5723309077442962	-1.0691230823810898	-0.35062655752535005	0.8874469968109432	-0.5467617264073976	1.8288157182690583	0.29723040488292535	-0.15492949254744645	-0.06267434214617483	1.0410034232355883	-0.24085203499547095	-0.9877600315804634	-1.8828089586179138	-0.5501505127095706	-0.8363050663092475	-0.21019780542129188	0.0703226296182751	0.4643668185108086	0.786943470942258	2.103995791245809	-0.7213546997969027	-0.8301978110161369	0.6502999219269822	-1.0429349609121743	1.265482569638312	1.2361497686634952	0.24280716287005238	-0.7599963767871625	-1.5960228992953804	-0.4066124191203317	-0.14298988352800435	1.4621470640128176	1.0583079599583303	0.5466835619650454	0.35353827164676194	0.14144112927689567	-0.5249633279383332	0.8363430427315662	0.03471353849810624	0.5842313415050318	1.2316520599931169	-1.3656042616911346	-2.1269618586669305	1.0385137075623094	-0.1222805650736342	0.5115341202881893	2.6698787029379494	-1.4866539776566452	-0.41542240214232407	0.6086537950702455	-0.126622019964689	0.618781300748981	-0.5374505355352276	-0.4623748472708066	2.8288663140093635	0.1886461245619128	-0.45179785658393556	0.3074028289098835	-0.5881544863728719	-0.9482746026267197	0.7199920570525071	-1.9561933812803138	0.037004412011981874	0.2719164027835183	1.0968205772105453	-0.5755833674790722	-0.9509030839021058	-0.1560254706796584	0.8758496109858296	0.29292368252563084	-1.3846149879603853	1.080643010304637	0.28824589700389514	1.0656054700091968	0.9880007322938081	-0.15345577263978671	0.7920848870635565	-0.02018952926432684	-0.3564310272513868	-0.02736055114391173	0.342216603686687	1.1751961464589726	-0.037765735981469005	0.9482631140252655	-0.41170734246822943	0.2877718500936253	-0.5369901162620777	0.09668733079737607	0.5215952247362827	0.25478683499140026	-0.470212649347054	-0.014993235051533394	0.21819911156082203
DTXSID2057784	3.5766797908575705	-1.3870895556851939	-4.806777255676728	0.27943374229847473	-3.3651974659394397	1.7754424986714372	4.312324236461333	3.6166285157402465	0.8999081011449568	-2.3836769688074946	2.2421031991920946	-0.7774257238011413	-0.6062779280881299	1.5215192496152703	-2.251009686940018	1.2498545813652884	-1.766471229963443	-0.018525361067072324	1.0692997774044848	1.2922210104100684	-1.254133573129391	1.3550991402672614	-0.6179583646941202	-0.8437956473461322	1.877575818066409	-0.18771610943013875	-1.0130568463745362	0.38628484222634385	1.8845156627285113	0.7058559634550005	-0.6130640304702466	-4.1975522956994755	-0.81242571546859	-0.2758815323248837	0.511957735992078	-3.01154813763909	0.2965465455052462	-1.8121238993560558	3.9447404825813055	1.3769837783479688	-4.762136847263109	1.1195014326510464	-0.5585163392819796	1.2444557678006056	1.1555982908510276	4.40777416719714	1.1737705005132808	-2.2820004647127248	-1.0917919806322793	0.5747609952913231	0.2181451748800795	-0.8222211215793689	0.0669783749587773	-1.2679009953892901	-1.1148297763472685	-0.8166734453297194	2.430103635736096	-0.23162546125471872	0.24862596398376952	1.6743236451165209	-0.012135820945935924	-1.6940394975646849	-0.013755636014875294	-1.4887929315762913	-0.35885632020676284	0.048074107307603586	-0.701270783640876	0.40415910733518495	-2.0297950176782074	-0.1796737681425692	-0.7974765970670404	-0.3496730713526732	-1.8738994764574364	-0.03687192955166775	-0.4307821784922121	-0.257118494763906	-2.6922848362732634	0.6218583027710615	0.041404992791499666	-0.3342462942837001	-2.164293787675674	-0.14566016618181082	-0.5340370443572214	0.6421450186998824	0.19025866805838568	-0.6306569960331956	0.06435630501153393	-0.9658977267766886	1.2452189774105076	-0.741969185742721	0.3378576842504742	1.1812548273274728	0.20859059093204757	-0.5907077391486445	1.071029116037434	0.2915618832780101	0.4175342062273254	0.039720348991215175	1.095692149109134	-0.3769242757209359
DTXSID3026564	8.795589178746082	0.9393156365045005	-4.809850403885351	-2.1888876258351333	8.20584547579911	1.998226715835771	0.057698858694945176	-2.773474996468373	3.305953910003983	-0.17141733041950774	3.942096053418553	2.194959793286093	-1.829572146866927	2.230543196429595	0.2291638220697488	1.4443800387616808	0.895672850135884	1.575834094303637	-2.8423127832764594	1.1626679847530368	-1.3811282750645046	0.4289345263209531	-0.2697985395249684	-0.41496473439728143	1.4583364122956595	-1.2357385468546735	0.3635627150792023	-0.5171239789039642	-0.899262938681418	-1.764260185942786	0.7665786811016678	0.8333001844960832	0.4143482407503625	1.1936131941781416	0.46219046450092666	-1.0579052696929827	1.2653957748325109	0.4531359899387898	0.04469718076361802	-0.43149638632008547	-0.02789743197007054	-1.5787685349786107	0.22760339768422821	-1.2633091409002637	1.0745072948492191	-1.2399112949152629	-1.4173379057837925	1.1610961733067484	0.9329406167459572	0.32872632500960813	-0.4400613263810161	-0.44424915289390676	-0.5200936776532815	-1.7254928100876643	-1.2691936458348638	0.880111266735524	0.3027334908439814	0.13818819035321242	0.7106382566778428	-0.6907486448284917	0.19421487876323593	-1.315014304606389	0.31755686530513616	-1.513901391758405	1.453302855976828	-0.6821467369466833	0.8858993175230235	0.012784077603341536	-0.5771368996306907	0.2749175884455111	-0.0491111996092961	-0.7485196234837094	-0.5380444946266714	-0.4046859634810005	0.1998917154742277	1.1200032266881417	0.25106522599322956	-0.06852160648490498	0.651925078762453	-0.8195454673564572	-0.09294447345485413	-0.6467512885727063	-0.3669604812838805	-0.4969760163190837	-0.11743373717617576	-0.5657394776748549	0.1642713847930727	0.1055053252318795	-0.30281001586201256	0.2755736148572378	-0.7866966609540333	0.12410157960104752	0.05866640542739563	-0.26638646280083045	-0.3240126812064621	-0.3656391732311469	0.4595634670907195	-0.2516257610351814	0.8226848615787999	-0.2590243871293024
DTXSID7025689	0.47871891072183526	-1.0749101770692535	-2.398656416906528	3.4212177562922688	-0.8620243331098905	0.4800054757680039	0.8579475008689283	-0.3454308144323388	9.577313360503103	2.4544532670145602	-4.314553333112033	-3.7060356447401923	-2.6007809548722673	-1.0158187193579145	2.2720261069435885	0.851100055475448	2.1015584764341315	0.6217840643999383	-2.543449104106681	1.5647541961774207	-0.3247265680858629	-1.1053469535690015	0.4412994879893464	-0.045152548993332535	-2.103562291224171	1.6696331950870746	0.3963793663890833	0.3221817021592276	-0.36589870511831474	-1.1519101489508647	0.5429651979531508	0.27362434681527104	-1.2306612922381266	0.08362367740025928	0.7447373370492607	0.7897849521899267	-0.008301259389026294	-0.5309700581413467	-0.25789589072492686	-0.8419724274662931	0.2838291054378423	0.3682801808388327	-0.0620368670368782	0.07724862236252719	0.04067491019295665	0.14968553953718922	0.6266368945832097	-0.3328846837215494	-0.3353377486841451	0.3036032550656238	-0.38303588439339764	0.6346034755652447	-1.8855362396602007	-0.13994103661955964	-0.19346725882408702	-1.1926013821443433	0.3434129323848462	-0.23407748311724158	-0.2254495358624602	-1.1187073170081163	0.12939453227779232	-0.905146460182888	-0.5207432937208054	0.2944971657063597	-0.156701060485239	0.9660834671280115	-0.5543693169027964	0.40212590457945613	0.4745333969562078	-0.9712823747590495	-0.16064372029826596	0.14602834485951083	-0.39842821880820034	0.6118785673509199	-0.3267953359931989	-0.0961759066539767	0.11815988886579455	-0.14897470934360663	-0.5976169742950939	0.4627959142032182	-0.0807511032293525	-0.3041592244702666	0.41475058653115193	-0.35201501058171586	0.20716230375499659	0.56725790578913	-0.16863770185670546	0.3646455834859694	-0.11901395907805248	-0.5891051152549112	-0.4952647847313269	-0.12647392315985206	0.4949950942115487	-0.934553072179937	0.7226428242392365	-0.8431817623123026	0.8059869348811831	-1.2027306872293562	-0.170404789928501	-2.001047715353588
DTXSID0021836	-4.691720798617967	-1.4854256746823136	-2.197665313923467	5.050488585641601	-2.5012908423373474	1.4195207749630936	0.3941168472254069	-0.4496152470574949	11.548822188428794	4.3955295913891685	-8.621590560161271	-6.425046180343828	-2.5739793628872696	-1.8377282805906745	2.94496695105552	1.8060419367057226	1.9287584244302163	1.5992591579479014	-3.4464409235170392	3.350461121588864	-0.647606655278337	-0.45553681813778385	0.24131325925798958	0.07170066321877731	-1.5753155567218111	2.181707147616216	-0.3841296294746163	0.606417255953002	-0.14883503336772472	-1.1035829114761466	0.42831354512253916	0.7541959039446998	-1.8706086163455227	2.3273066808977703	1.0063574240597448	0.15220918159801508	0.4601827614582924	0.27080786829863296	-0.24397921717548615	-1.6113805998787916	0.40350675751114373	1.1800053760786766	0.05281990035265846	-1.8876847033322177	0.5874019157875244	0.9331565781722625	0.4174550261632587	0.9710156742567007	-1.147549335982901	0.5380663000094117	0.18430069698485052	0.6681780206012785	-1.775992727443971	-0.581527052531858	-0.4059984420312462	0.4700569262386682	1.554987219016198	0.5535399509250162	-0.07508434282326142	-0.6999568321483551	0.9242115971122042	-1.6984234690880138	-1.255598531235702	0.23305203835945676	0.32525368433922475	0.8457369916404082	-0.7362156304377275	-0.23874067746814476	1.290246455088189	-1.0526121228307228	0.22138871637272464	-0.5964656345537674	-0.45492544254375955	-0.06738843903643378	-0.4865640206679482	1.1119087889930201	-0.29519085597548433	-0.8445473045895258	1.3183857666498002	0.19346306968704602	-0.2839274279935432	0.6736130452646671	-0.1833728405835358	-0.7659916315736649	0.48047602922981036	0.005141457841482703	-0.416541822673603	0.30770265946250974	-0.45707641249100567	-0.723960936919311	-0.2476393235286344	0.012920050406693277	-0.03872269628302086	0.28466231977225437	-0.3643374227315964	0.2161773437217627	0.5138908827903681	0.31227339971740087	-0.17468009608247934	0.4393329831056877
DTXSID5047089	-8.440111525256937	2.9458991917296893	-3.3920180224096117	-0.8890975340623389	1.059612068411177	-1.380866349584765	-0.06404031727151295	-0.38193948355293333	-1.674926771930716	-0.4024837522434046	-1.934754234586697	3.2026701025079767	0.14642821874072265	-0.6507448398848895	1.152548262103589	0.10979710173447872	-1.2723223878973144	0.40758029893470465	0.17539312005338062	0.9835205108548858	0.21110480986865293	-0.5024512868624991	-1.5100957467425606	-1.176676224461947	-1.8924608783188304	0.2845258761300747	-0.29640108833657325	2.7398265764026246	-3.1386927376737974	-1.6611099396052804	3.605110813746445	-0.604575252685326	1.4978515031992299	-2.5405790629127676	1.5382786249686893	1.2235162317142227	6.642865346714328	8.695030876068849	9.194476418060479	9.254065225445036	14.458621232727808	-5.004622143827592	24.80837055047807	2.90367766033984	-3.980335269836522	10.700332135210893	-1.505915155677283	-1.2428929385372438	-3.54829364218078	3.476098661601356	1.1721149484773214	3.6431615508464867	-1.410562186219041	-0.954172426231297	-0.914640719021253	0.6667052160029612	0.06113812740000347	1.9341471932281613	-0.15133010870895489	-2.4119486577979186	-0.6811369735832401	-3.0346548189399374	-1.4178422207301298	1.4166687426617113	0.14256778000407877	1.9892056445979955	1.8755401315916098	-1.2774917568937911	-0.5300202848536631	1.8445242109565927	-0.336504406520676	-0.39326468148887656	0.10075058285303873	0.06719485987364589	-0.48181213114628746	-0.951422119725954	-0.2093966986461628	0.17064155815066814	1.191756448618406	0.1498159047013571	-1.0252362594133588	0.08402052653074905	-0.5187263935051559	-0.9658305761964766	0.5502624820806807	-0.2805527058199932	0.36805117612001653	0.41911745159353797	0.12194209988895971	-0.18032453099431828	-0.25632815227261596	-0.3381585785872268	0.6845471450912417	0.2738757897765884	0.09758087630011	-0.1443077608488815	0.5537146723498606	0.17217038048097272	0.4075854819111163	-0.18328898099662883
DTXSID8046113	-2.203684330643466	-0.5016893972179817	-2.7416379322811752	1.1721211232874718	-2.578537492450609	-0.2888020627797226	4.778073370620888	1.0241541086179984	0.18931020525724715	-0.027159257663537068	-1.1747534348879078	1.0745548423812792	2.5138978061760753	0.32930366001784206	0.6185197948883592	-0.4069467847103659	-0.7936740640020871	3.2125956615967786	2.5327719719691917	0.7798014266481158	2.327006600127645	0.012621088825374207	-2.9457663235186873	-0.8630038129031093	1.905656175266989	0.4885606006498095	0.9722127174673043	1.384681679245262	1.198509574798504	1.038929175650863	-0.5532483708526343	2.092188302448283	0.6155711388081798	-0.326016740931992	0.44637796048993006	-0.13764167607572525	0.13965445658984368	0.9600930988920934	0.05892004959690089	-0.4834505185806534	1.19588330261808	-0.9954264391820518	-2.5256289200000297	1.7051638563939715	0.132857740406923	1.2210474073766482	0.40948138219315977	2.0278810152350846	0.9195569286177022	2.8383031820202977	1.4547491724409043	0.7809066452826346	-0.3117951792312644	-2.3424431545854056	0.23805097370762685	2.9755946118033947	-0.8767966932092051	0.6020036313949287	-1.877972731672665	3.195594769137647	0.42054313248332525	3.1674789497062252	-1.884017039557704	4.692027987981668	2.1704428476985274	4.363506281542365	-1.1690670331549704	5.022521441271326	2.110237618844246	1.8846660209863206	1.217936230856914	2.510193605585759	-1.6897589482192272	0.03724568135847739	0.4341439793104086	2.40848206184236	-0.9400996187495612	0.0478722603297573	-0.9011643614216106	0.8909252804709634	-1.2857192124530283	-1.6921242251624524	-2.658679865827655	1.3335954997859445	1.42948140430359	-1.4741956800179365	1.601648100707768	1.245528624680702	0.4097025583467968	-0.7676377393499701	-0.15506739588617863	0.9965407585214724	-0.16871577315511102	0.1229853861782211	-0.36472072633996927	-0.2746916977053956	-0.3182734997773761	-0.5878199331455621	1.3235927835323655	0.7132600618716854
DTXSID7027122	-7.367896037441936	1.2159839307358384	-3.7052727948891744	1.8791128242429458	2.3236241838745615	1.1745823248831273	1.55775082517858	0.4142624910118975	1.0734398581303974	1.2344954958860868	1.370418371512913	1.751124110945295	0.9977083794655779	-0.12217049062724598	0.2783783203806538	-0.9217326951629657	2.2453644713279792	-2.599022744315104	0.22785451106825655	0.04156118474771329	-0.07374091014019982	-0.6786793262343356	2.2015474754228794	-1.8898105808441832	0.5980371120239464	1.1019326522307333	-0.45496229483263545	-0.5186300043531871	-1.2634749817286846	-1.8239555088830355	1.6306438721955332	1.049056843037908	-0.7764629642012506	0.5407272941405434	1.103725948080703	0.10204969302981494	-0.9951486492784649	-0.570954667757559	-0.7081090529878679	0.46463225937588143	0.4943026257482165	0.849856246511349	-0.018857594176780304	1.0304930848223242	0.6435327975237831	-0.6458563774558114	-1.691544887377871	-0.8920090360658797	-0.799002325050028	-0.3327733342348621	0.051871678911434	-0.03907752010535751	-1.047153701354707	-0.5380576654122798	1.3110502053496698	-2.017842190212129	0.7130783477673907	1.7561879015176496	-0.35814174500292617	-0.5278487948037733	-1.1843427996618892	-0.8465821876547385	0.1149165087314593	2.6691124834668627	0.3684310589397745	-0.7922775437803417	0.38594140192143894	1.3405644866638657	-0.032466481609833314	0.7374878689765707	-0.6090819706993053	-0.5543033510987536	2.0675158376035765	1.342877013804228	-1.3159108908017765	0.7023228503332262	0.40056155767402424	1.3473223559639302	0.21131318010667416	-0.6294411837505036	0.16422038263029756	0.7995222371860206	-0.7328846500075885	-1.164279601185521	1.1359328436490612	-0.6738273518120147	-0.07612605512568381	2.000953363672702	-0.6129658235279166	-0.7407122289280076	-0.6328859870356132	1.0126707774267205	-1.055325601508519	0.669843169280874	-0.048567109025871885	0.26786795119810836	-0.011255720607626083	-0.7856767833125862	-0.38299729729503723	0.8152209193399778
DTXSID3047342	4.721124652939408	-1.0490352908569425	2.492266944668196	-5.2873015476870835	1.6819307298633686	1.6745913370707086	2.47832580830216	0.47902958420134545	-1.0999685566889028	2.3808083870139147	-0.9755640445672865	-1.4860228467468073	0.04889682150237923	0.4698026855349332	0.8640910823699318	1.3028808737722686	0.42901999862803547	-3.194547212948843	0.8177992954331532	-0.7292385434415787	-1.3285611133509359	0.22107115678718492	0.043168469328216885	0.5029582928235204	1.8440648703582712	1.088341558652574	-1.124052485149821	-0.21010578585403672	-2.1847577499954225	-0.35718221362723807	1.5580030840970953	1.8866563302015087	0.7372207607544999	-1.5301513236843876	-0.9486043878321392	0.6959593940621515	0.501919859162081	-0.9776273459363944	0.15749630504816092	0.3630435386514511	-0.6111911894207154	-1.3947657770489774	-0.3106907073412905	1.0232554244509122	0.4495652933045331	-0.3403381491571101	1.3971418199285488	-1.9312612093668962	-0.7769428872954018	-0.8723474460631563	-0.0070799832932867506	0.15042557487659583	0.10277793093753032	-0.07646940102511936	1.2325070826870368	-0.6078900925601666	0.9451155557662889	-0.1774543341398484	0.8485292197152424	-0.18969632348247936	-1.3769348512857225	0.8358611463705073	-0.3927967789823948	-1.940480173172682	-0.4533736686233651	1.117662141171285	-0.4555703057339123	0.2285355476947764	2.2473636894836764	0.15756850451282114	-0.40541560657808656	0.9308963355783703	0.037257708466450115	0.8924231960429152	0.6607594727433701	-0.10066027942925616	0.677568194542018	0.048036092003570015	-0.30565275382890766	0.3604331222728204	1.6602444164299432	-0.2705391800790058	-0.37066263851149317	-0.9104385081875178	-0.862054960114273	0.08695920217428423	-0.09427770844160308	0.45586668973261635	0.6745750816501762	0.05700293653406832	0.1462663139000847	-0.5075675355024295	0.33815983384929893	-0.19198003595014945	-0.24539168580934834	0.4096923803813957	0.06259481812462278	-0.16637791105388666	0.04402694149656965	0.45595878031678916
DTXSID8046327	5.306203550064985	3.5868894958352366	0.928723845358285	1.3998337230648958	-2.2903549625450763	0.6337228643895338	4.381020356586805	3.2336781008559394	-1.4989220764333293	2.5733222840939582	2.0189860873056027	-0.12151537601169915	-0.36808033219654124	0.24598091585072054	0.5742851571370506	1.2235795321805678	-1.2703556790192598	-3.045873135566337	3.2716434918418202	1.2722034456484053	-3.96946315578158	3.054540460810093	2.8984135265494952	-0.08877870140860596	-1.2992103600168194	2.9612039566369774	-0.10237672738442954	0.5584372918365156	-1.7821660872123026	-1.3850341476748933	-1.5222707468206549	-0.5155175293591607	1.8083231064768643	-0.8821624713720938	-3.024735611252151	1.0111379167363181	0.7894608439400309	-0.6607066394014177	0.26520257503566685	-3.2631541920398415	1.9963792600270993	3.795824791333036	0.06462108925122417	1.8511165195844517	-3.2227997005798277	0.34608842294331865	-0.24244779150021964	0.04499979414106454	-1.2778983851591705	-2.152620322288821	1.079817216485861	-2.138001209277138	0.1008743094391059	0.9362004896659268	-1.3355259212398696	-0.9992473497450616	-0.68181890819933	1.373645953850398	-0.7926803202878769	-0.12559288665982746	-0.5291543101108168	0.10693911513318934	2.1305439030098765	2.5277019110825134	2.3296736540588214	-0.5994383717437795	1.6401029333771646	-1.4743726822547187	1.0008718877097345	-1.2028656336226624	1.923285372207367	-1.6528182264843103	0.5708798453313599	0.740372959020305	-0.6206907134810876	1.2295632293791596	0.21019758174734612	-2.343820495012695	-1.005920560455878	0.69099552809795	-0.6223396166660915	0.4932507297345723	0.6546878367850898	0.8347423069456195	0.7687214044001027	-0.8858854791600328	-0.8466469468282182	0.1661510886525042	-0.8935772360405555	1.6667185952882373	0.21481398409743135	1.6494820847420948	-0.08225259160755206	1.926793147640565	0.22955762123784698	-1.826723144717601	0.33529054152039056	0.6284413450782276	-0.6925695027931517	0.24080923067671636
DTXSID1029629	-4.927888711252047	2.274889497110615	-3.503924776545499	2.6992428764462133	-0.16531396664967707	-0.6926314988368835	0.9508583048348612	-1.420963416488638	1.1267304718102245	-0.9105738715434674	1.4245470935473847	1.413823016214087	1.9657762897266953	1.0755422144443434	-0.27088318456227617	-0.4841413562393437	-0.07106072366136086	0.6667493660202475	0.2609810535213742	0.1415592449559328	-1.1366978447374005	1.8547696025558063	0.12928661421004214	0.868697802551806	-0.33098205038510264	0.05640317593736312	-0.809458450735541	-0.9619285213156592	-0.36989857575241936	0.11814415149732911	0.4262591722395533	-0.2523131695062597	0.17159248113795386	-0.03626729914694106	0.13461318513006126	-0.24944960357046145	0.5090118849829848	0.1219215085334476	0.6526140787359809	-1.1393574553818322	0.22949444348593692	-1.18353732350877	-0.2892232897248042	-0.15192744759875387	0.6330155673939815	-0.09712935789661808	-0.6781265469341636	0.6038828700868045	0.6689922777840407	0.09105551096345209	-0.28502984551266236	0.3560230643917838	0.000519156132211612	-0.7885468125916534	-0.9518364958699252	-0.4539333652722901	-1.0377118274613322	-0.11296377613871479	-0.001603779451142019	0.647503040854523	-0.38056552040219177	-0.15677386482946318	0.20115268176934278	-0.05829895955877584	0.18717921393716855	-0.023743677758759088	-0.2529081180465651	-0.36694071440445397	1.010773080726038	0.9336994812585806	-0.6831323007830375	-0.81343418358577	0.9863399894629983	0.03937691308209021	-0.5388301187126165	-0.3708664543092923	-0.04131167685858462	-0.016361571338606593	-0.24039988792471778	-0.21050610887937413	-0.16469444933833893	-0.1096347488223999	0.17331344469894944	-0.11012655365603613	-0.4719328869118792	-0.08825043167485357	-0.14435110809435064	-0.12520491090892336	-0.26220618250553085	0.3854924795416049	0.41583655947729764	0.35572661454726984	-0.006305436163978274	0.31060046581654344	-0.36123242906963493	0.3059867027488924	-0.08606810539036108	0.37229774362769164	-0.024309825323619402	0.4232097091305352
DTXSID1047366	7.153014723621966	-6.04220922057505	3.7093360806500715	-2.921421739571023	-3.985631509602772	-0.1717597158083612	1.0082402789507632	2.2991924410734375	0.015513392432074	-3.808376145986646	-2.4151838883777437	-0.576426112612449	1.3906955042030793	-2.8925050908555208	3.492806826525535	-1.6039393291362056	0.9886116556438898	4.9968672119678414	2.6635317500468805	1.0053813445868702	-5.695475642171762	-6.3448586255580635	5.799133183003806	3.6175317364046644	7.447523390430088	-1.4051576111226824	-0.4412669502652223	2.4768694727488114	0.5641337770744204	2.142982362718564	-0.7622667983947068	-1.5088980996630859	1.289355374139248	0.4248971810392519	-0.9543190217478675	-0.5001177966261944	0.12137101221406774	-0.4211272643924302	-0.09804843499027657	0.7414144968886093	0.8483724235198105	0.4185293543831042	-0.718954724843372	0.4643467301068243	-0.7184035919635811	-0.197136609499441	-0.4099511193678683	0.3807345633978001	0.682186431170451	0.539799560936842	-0.04649648361726295	1.033466603054995	0.5303436608074852	-0.4870058338015211	-0.3218603492037185	-0.001361337267287824	-0.8356562767989714	-0.0024576891536852914	0.08175302830252318	0.8273007398600339	0.4722208415122693	-1.7475723447638907	-0.6559747430423761	-0.34914117744181217	0.3836537131064429	-0.7314024991600947	0.2741266238137589	-0.37171064195695297	-0.8411281426342658	1.3461126048368914	0.0029758845767928403	1.3314617767103996	0.6161094298889145	0.2317457967459329	0.2753376051713309	0.2157317078017455	1.2414709029409452	1.5323819577889195	-0.08003203693436838	-1.1793075801638109	-0.6783989971569105	1.813689647783871	-0.09731179291470303	-0.07699728690528432	0.10839594489239848	-1.532049873606862	0.3155820926786205	0.07948363066904036	0.9371849954921139	-0.8946432635623703	0.07707092039185974	1.754375559374271	0.37291544237154445	-0.6988634516554317	-0.6766407451572923	0.2742279219212616	-0.055741799581143406	-0.29585175361949667	0.17961365259261589	0.4732688622778176
DTXSID9026423	-5.065969039411088	0.6881934753176207	-13.82253676823407	-3.3773272012363402	28.38894588090758	0.27280294748264733	-5.705231899275138	2.898359253913198	-6.772216660035575	-2.3327890275661245	-0.455774729063713	0.14139105745726152	4.0088721383299895	-7.269742691962054	14.747953740760085	10.994283470931869	1.880971802418665	4.361519452518015	-0.6446459219707765	7.602333610666007	-0.9071906042606728	10.530806193369823	-9.923775715829555	4.927148856133894	3.2865767943192252	-6.959577195947377	3.7339730974451504	0.4205267106800802	1.8429002512629251	10.215320188942771	11.544589213183896	-9.844957517756868	-0.4228467098657247	4.91725237774266	-4.187646585891427	3.571262812425125	3.6882272394303346	5.817240418426978	-7.9755691849992205	-3.122316127977721	7.846412623099507	4.355534163300778	-7.790796300572648	3.612690240745749	-1.3309391139356423	0.9919316347077964	1.4968401254816834	1.6976879002458922	-6.341947694537356	8.08167934410078	-7.6755089485671055	-0.2644312943975985	8.670716147033739	0.33918710849348166	-6.804574309750837	-11.338855516690565	10.657100626178012	0.9785286529840946	7.294105978708421	-2.2086648275888128	9.095526373449644	1.7706305409652012	0.4285763743192946	2.744798265303399	0.6455834935459225	5.484511745349807	1.7857589976510255	1.0697770651461544	6.15117647395918	-2.2902679298392727	1.7802404691008278	1.5090813400518375	0.6541269080148031	0.45861294071565145	3.9248902146342735	2.3906124978988137	-8.483342637711248	13.307842463594977	0.6330762186556181	-6.890508388971574	2.7947484878101556	9.784254603213663	4.6812885771136115	11.267111367701624	-3.888216139459693	11.747516713903233	7.498879948068268	-3.376000909722829	-3.09695490566888	-5.278600317785504	-1.1629595727282243	1.1870876483248847	-2.4976006942958873	4.863231165314154	6.415391194415008	2.13089631663662	3.372627772413287	-7.422114355438526	0.878911069281379	13.0778923916537
DTXSID9023176	-0.45805260224510075	2.338958168525777	-4.35366785469729	4.0715315089904	-2.1332381295815	-1.370412493136167	3.7644819783270207	0.7906616842362248	0.06324029718860559	0.7092299992424946	-0.1154619565207289	0.9811127116189007	0.7120609364754961	0.37252158895192417	-1.075903526705093	1.5500590605231261	-1.2426495874670684	-3.57420305100715	1.049370797351814	0.9305901678323616	-3.231572791486286	2.6026762370220577	2.165912883109693	-1.0622807047680531	0.6090236670745498	1.444121819857906	-1.7712901000627148	-2.9014547192801943	-0.20082894722704422	-0.7865884571991897	1.6311157668318421	-1.0311226860297544	-1.289145372803668	-0.28111624568418025	-0.45059702009046143	-0.2479948741091534	0.9811595268813127	0.7384596509050229	-0.22692753373788638	-0.6402138790507084	-0.1439819423908382	0.8874314376199212	0.513731295181861	-0.687895915436206	0.3095203713899726	0.4912656275917232	-1.480653507916465	0.9599434360711898	0.6899700577346335	-0.5828119090706576	-0.9461719646135357	-0.043905850994814984	-0.4055611632450528	-0.735266662512282	0.08846415043558045	-0.6260438161533536	-1.2255917551742161	-0.8223676835766851	0.43727216046258	1.077748400909004	-0.8404964707663821	0.8086789897936061	-0.11182624588359215	-1.1774944062663115	0.12525413989890435	0.31009742856309636	1.3316189728089773	-1.1484301239577335	0.7816690440986195	-1.5045051266858775	1.5412337927241375	1.10412127546352	0.5913516056200331	-0.9858298540235838	-1.4239613459476121	-0.03101470801217099	0.7216789434080308	1.5218526402779966	0.10770648509787856	1.1301295230490445	-0.10565954661470406	0.05155518658405021	-1.1742542946509102	-0.28899260224146195	-0.4386897388761217	-0.6093647023986037	-0.4204419380890626	1.7043813500047045	-1.7110488860796516	0.01737699393750228	0.8635212862000662	-0.04403322127529305	-0.602396024604638	0.44798236439927414	0.5222534351038806	1.3028809938410986	-0.9333090666366206	0.004857863554929452	0.0673843045672361	-0.09130148883656275
DTXSID4023541	-3.202418557859472	1.0853949071056128	-1.833727712856124	3.6476068944244298	-1.2134368617169233	-3.855135090837643	1.7590743502859905	2.4279139026543026	-0.12101014224082764	-1.167323749936667	-1.0818522386280571	0.44096786627060197	0.9261281069887635	0.00541441242617274	-1.3605868143210305	0.9038629327976764	0.9743475688002403	0.8327212022309415	-0.23452421224429912	-1.5656558667004903	-0.47408564228293804	2.0756060978232576	-0.710098070228701	-0.1292327673183976	1.258925197904554	1.796459760059206	0.8462949463155656	-1.066216032424413	-0.01800053864008837	-0.8462920990445268	0.30008996338601773	-0.396740140304785	0.7567245290901682	-1.160364370289325	0.16304527912312977	0.11392505552738151	-0.8018413085715814	1.078514752814514	-1.445878640136948	-0.4480749467872472	1.195379656680455	-0.6817562429882531	-2.222528616429809	2.4424446752898654	-0.23233696224300518	2.396085239379439	-2.311181177981177	2.869817686185234	2.5498852298944152	0.24592600073890114	-0.10923515747685517	-0.23924415844111607	-2.230414424665979	-2.853105742700492	-2.2633235833198087	0.6854454906820144	-0.7508303353132881	1.4904513179808294	-0.5558952786268793	1.9269080755711891	-1.2238561190953783	0.03672440620643255	0.1665431445773025	0.011298392675748425	0.442034095307605	1.093105657663778	0.3241872987319805	-0.4691478843150139	0.9918473859115666	1.6436758612154676	-0.35321665973158933	0.01702397708141855	0.165210122688951	0.077571946344002	-1.461481034576014	0.3247988244351613	-0.6002311679363749	-0.8694742366462497	-0.4391264841414838	-0.6407687529254312	-1.133338951507636	-0.7976257675578825	0.6246814681537446	0.09378070314165356	0.10625549555185806	-0.053446975426964013	-0.6020953848149361	0.17246100266197886	0.361104579277872	0.30502105883033337	0.9770533236512834	0.7828968385813136	0.9766246255010519	-0.4212109876105991	0.31740981991627615	0.46701591934664916	0.11496388036294011	-0.4579854767456976	-0.001549180679250998	0.454303275835882
DTXSID6049010	5.593854957586923	-3.469916378610205	2.1324696079057333	-3.174139086836279	1.312180582664546	0.6781121756267793	3.4938141553409445	1.9762547241631232	3.0952051118169788	-1.554355732870316	1.1009234999048823	-0.24445593528205434	2.8462776633415485	-0.8314414210353237	0.18127688986789772	-0.7129534721122887	0.8707373801226624	-0.6652375562750894	0.16049248736866226	-2.1992073308032043	0.08912569067803078	-1.0602154763007248	0.2683753247041305	-0.25693121413676745	-0.19544220937817586	0.19911469471489404	0.4792400829123053	-2.249434508947719	-1.1825229321125645	-0.017809268223720098	-0.5673501246863111	0.8901216584922171	-0.2298921446348607	-0.013943178250776731	0.12001901022976498	-1.2138648111333514	0.6930496027236689	0.9265373507716402	-1.3024102217561582	-0.9189091668877031	1.4615793595560045	0.5465944221860418	0.026030551635338035	-0.5137962252797137	0.9980949182522475	1.222366117638876	-0.31311515048539396	0.8745331433219773	-1.4260071216335124	-0.4239290632137727	0.06507129973652467	-2.1784506321086985	0.07194244980903974	1.130958711483298	0.7762588771014253	0.4077933407548714	0.6774244634601329	-0.620062446905682	0.6837574718189953	-0.29831521385331267	-0.3762540217412214	-0.45615480313297424	-0.3289072707019306	-1.1156566872965428	0.31772499486417033	-1.4288850574006469	-2.217888611474599	2.0390082083512753	-2.218734654442543	0.9363559748313987	-0.03546056035279216	-0.37899405460092783	-0.8261209256574827	1.1401079476722957	-1.0363527847231464	0.3437596929654039	-0.03131520901157435	-0.5195781402034141	1.4351276267139312	1.623001815955998	-0.07400274279672875	1.6150000348229474	-0.7351560431354125	0.18830015530748437	0.3948098659097696	0.13630872905135086	1.0158992409316896	-0.032538173451393364	0.6990576387608195	-1.0708166259845606	0.2417342730540278	0.7959827146638003	-0.15116141196496619	-0.45094420086003106	-0.2613796144931994	-0.4530924568326168	0.6938058591314952	-0.0020367650544421433	-0.728779093418624	0.8748240243143425
DTXSID7046120	7.639218831424459	1.1754012575521817	0.834095353016073	-0.7350927063884457	-1.2779925903766034	3.6784399792338256	1.4302342104658832	-1.7654177668775317	-0.6083738427763934	0.0005243597340492465	-1.0058965751954427	-1.3585185310643384	1.764336764272977	-0.09877812853554206	-2.032489548498408	3.306479077074535	-1.1726124337925317	-2.1483740678006225	-2.1076165327055945	-0.058296593180110545	-3.959792472166221	0.24035218514812362	-0.2131863380305788	1.559002447773865	1.2593219357068	0.9704964847176606	0.6088030410791091	3.589859579793162	-1.4586990491270222	-0.8236352165225096	0.1624619163646394	3.4780268770827787	1.4799408902192022	1.3697934391051028	-2.0292816520384642	0.6654572752471535	0.554455686604846	-0.9372650396836112	-1.1152259828405184	3.361675279917665	0.24345752932907974	0.6162115362063112	-0.6604479352034545	0.532938454596545	1.473594081328753	1.2064473830929532	1.59461308459502	-1.6303234711923802	-2.8408127510421193	-3.0592656623441776	-1.9475871221330665	2.867566470563146	2.4643203595540197	0.08875466748402719	-0.6857479163653476	-0.24652512794773576	1.7134625144249203	0.3109354572432661	-1.450210817642994	1.9606634816307773	0.05105768846941471	3.1691140431734888	1.5510054111309408	0.5281792998156036	1.8575516955098295	-0.7922255391241029	-1.200468538033534	-0.2463397227437371	0.1331471641088259	-0.08558235291729131	-0.9449960659719931	1.2168380916137806	0.23965625594037868	0.4720527931865758	1.9046835748648547	1.5040719971667067	-0.1888532393810616	-1.2215632996489503	1.9510133636712332	-0.5784364499195898	-0.20504757269745486	0.7444147832299951	1.4516080212894202	-0.9885323397815026	-1.7297571530080613	-0.5939074192524705	-0.5160579734153292	0.07700630531610594	0.7514476982194015	-0.9517910821880124	0.01666801167590526	0.4294017547836519	1.0630915961749918	0.008879565396530674	-0.5369694979482795	0.3963968826373418	1.1933417154138528	-0.10314262166688214	-0.45234365238109137	0.41735244794640836
DTXSID8045800	3.0178918335826377	-2.798782287257647	2.3959916539050266	3.12013914342305	2.338028273863798	-0.6434867491616642	0.6907045295254461	1.6419280902612257	0.4588073487371211	-0.1364360231288032	3.7011177835679185	0.5701987288882253	-0.5277927934540751	-0.47035126706152164	0.5513394750291322	0.389933560778922	3.0134451312188997	-1.7031346531471994	0.11601194602315225	-2.4540849464328054	-0.21048474987530424	0.7546276038433862	1.848537486369195	0.6502267099867701	-0.10899304230654798	2.2888624936967137	-0.9921559277879792	0.03400444503643338	-0.9897053651839219	0.858181558930995	0.3959759116681699	0.5224000307081282	0.9818313182492852	-0.19916185781676396	1.2831704415232992	0.32470651662589417	-0.5154508416145108	-0.1539566153277304	0.16005784536589682	-0.8426331442032131	0.40432221350073094	-0.0862327177790658	0.1507561092179776	0.23374615985697889	0.32999021118257266	0.2841237896599068	-0.45390198590638103	-0.21658258622967744	0.3186311716611206	-0.6001833333783715	-0.20841491680052437	-0.8142146985316421	-0.890579347899482	-1.0653956525897443	-0.4643597922612658	-1.0391445304501148	0.8708382728611872	1.096358678295288	1.6125167990333056	-0.5062677137893593	-0.4468464299435566	0.25456799679123915	-0.11488200315498423	2.194977270958601	0.04027030132222364	-0.32988175705742173	0.6484870524033949	0.5136104860907061	0.8411308915044854	-0.3267425024802404	-0.3969016585861277	-0.19398000054464531	0.43192152842071474	-0.07812738834997059	-0.45026830713061894	0.3600450587483142	1.1100197079796008	-1.1597039518555623	-0.6649683390156331	0.13027361124346254	0.6469908590612148	-0.6041368374573863	-0.018792643275078937	-0.047656209862625934	-0.08574037660108422	-0.6738741679944316	-0.2164719304598012	0.03816750479350688	0.35186631731418905	-0.46082153497538664	1.0140796179969118	0.19409362739803657	0.17099046311219449	0.4711076494491268	-0.5560198737627163	-0.10097160797603608	0.44853490707802895	0.0038023778498172175	0.20276235403175288	0.8192342722515765
DTXSID5052125	-5.649243759629783	2.8890450923245345	0.6014639532849221	0.014622147160431892	-0.11436287962781501	1.9624068955173684	0.34871951813471536	-1.628186690927059	0.93770099558013	-0.723188010672116	-0.11034361440485914	0.9978391771339465	0.9723016969272466	0.28632053226361365	0.13107200868711977	-1.2437543930152346	-1.9304588081630245	2.0307433116452316	0.17236903008855373	-0.024453041067946	-0.78958491825423	0.045892012132828654	-1.851584103371818	-0.1441088619349589	0.7130851769600731	0.6118206072687769	0.6454887327832003	0.37725438735103595	0.06364082487446163	0.5276045985621562	2.3155195958966934	2.3507579149798485	1.6228882910643339	-1.8799657527390476	-0.23736365782846852	-1.6333121047812398	-0.9577211985540808	-2.7306866637358924	-5.4221773515746925	-1.513619300325029	-2.2081871621856157	3.3732394342107996	1.648145875524784	-2.405518016105266	-1.1794694876847136	4.9113572020777205	-3.7498299192326545	-2.2447587423968596	2.281819509293777	2.0273320655241482	-0.4969894129899294	3.5415477459764975	-0.465129084508551	3.3096832154639664	-1.1316653844282243	0.8900673323336249	1.6967984987848401	-1.0377404786113218	0.7396617695386445	-2.0914902023405397	-1.5244292165262623	-0.1585762666507001	-0.16792284192217907	0.7482113918358352	0.008568382819482122	0.7955956371541877	0.9738371599681395	0.14547608538538906	-0.3965694409932201	-0.855899073855237	-0.6055345937903238	0.14622973390716185	-0.31182945828358544	-0.23139963859132212	-0.5939518034702047	0.10133774643590254	0.6214781341846551	-1.0221623675054432	-0.04246561240781547	-0.08363703278137294	-0.23528169223210835	-0.4264380710277669	0.15335854841483507	-0.13773037827593823	-0.8228998173752161	-0.3849448932008933	0.9443695835984368	0.0034078491128398066	0.4264847508201878	0.5195202175581998	-0.009147585026955096	-0.4409582554265241	-0.23476788456447395	-0.17570218944188196	0.44552020401134995	0.039845215726153016	-0.08117496546960214	0.11312975412726002	-0.4381467124068657	0.3195905577159531
DTXSID3026851	-8.363321661339894	1.9960156913353557	-3.56258287670669	1.1045342590222738	-1.1928409701737295	-1.6555422867658995	1.3062154716814938	-0.3346121768053469	1.4925764598644087	-0.07293268315965092	0.995233937982228	2.3688708660380255	0.7348793846688991	1.820749324815278	3.746217790524412	0.888782306710552	-1.2145229395872739	-1.514620703866894	-0.04353010226008344	-2.051023947865138	0.47900268446243477	1.6757087898679814	2.424243309833083	-2.1351366919541994	-0.22739971057107716	-0.5831040943965019	0.21508688156018704	0.932750355547678	-0.3396681213907056	-0.09611645875870728	0.5778824248522257	0.6979403550286997	0.05016319950994531	0.5214879601811204	0.21070503285332004	0.641199946465937	-0.8205924054825889	0.2657410017221863	-0.8217198103526052	-0.6153815833508453	0.024692044914391163	-0.6672753435619504	0.19262320408381978	0.09912754713675634	0.8775620675429424	-0.02639556694036613	-0.3782210879576523	-0.8846771424210061	-0.5222864790258493	-0.35570232142338365	0.543127997692802	-1.5401342303404346	-0.6873364415631265	-0.2926100809731074	-1.595797103396689	-0.6538455473284261	0.05476725673298658	-0.44349040722491634	0.8766179183583632	0.4458371308213538	-0.6282542205049945	0.45094968092125126	0.5087100000227666	0.9375952127081121	-0.267533875574086	-0.3689489707215702	-0.4479331790512317	-0.019845265113871257	-0.37414595060841643	0.9434550772744359	-0.41238882593146176	0.1320579979759007	0.41822311864770473	0.34366324765812484	0.17550231097090765	-0.2986623970382469	-0.03452178350034131	0.7123779165161909	-0.5546007712862936	-0.09249216412201967	0.020616982904023497	-0.32442798672842493	0.17838249126414432	0.0716060247582787	0.3875971407664618	-0.5788271667502398	0.09953593375630289	0.5247655660648104	0.20662632947654952	-0.28848191287264724	0.13427667769212714	0.49876180682683807	-0.21364420252331717	0.23610068945511628	-0.03238080195647947	0.22903932834116783	-0.3524379645260003	-0.3918076590936609	-0.22064773236567778	0.3552487302875436
DTXSID1029124	-6.604569528595585	3.040815918470202	2.0551738559356907	-0.92350946755913	1.2568893641525896	1.6557369868403586	-0.40835551064174624	-0.3729642712953741	-0.1186201733365999	0.06730524568368985	-1.1898435981578215	1.5432104831924418	0.06619631594686815	-1.026355070657645	-0.22294702780378184	-1.7304129427367292	-2.229796042656032	1.038685844848755	-0.7780286536821153	0.5387070176526018	-0.5047510548891284	-0.9420383792881583	0.5809891961032485	-0.11893665444571247	-1.8735801714034381	0.4613321074875237	0.8369894206532318	-1.2331994453819726	1.3818397146156043	-2.9917608049920035	1.491740040413145	-0.5139400372322935	-0.33047503447614907	0.7085966217090904	-0.5372301391588359	0.8237139495032061	-1.8008025260238263	-0.6200467873364784	-1.4206741250646717	0.2841954145703068	-0.2107791799229782	0.20795368809443252	-0.23288789280586725	1.3951558801911712	1.4184986162747912	1.685299960107464	-0.32159288267682334	-0.5618941979404513	0.5106328721877447	-0.22488422576741637	0.45889983539548507	2.931156987488708	-0.7659710247026295	0.06997482711425548	-0.15529661899806532	-0.15239627346134846	0.18943848319126055	1.092684728338907	0.43899397773554855	0.3623031180247268	0.5068900693739198	-0.3029842740580735	-0.7798221886233853	-0.3025025580433235	0.5490141330903705	-0.47313323861396456	0.4755340836516596	0.30188730720083373	-0.11414286536178239	0.23753527318475293	-0.03936438753001361	0.4395629474071634	-0.25428068687898453	-0.44441623371118893	-0.3251549867722412	0.5923282532965742	-0.1185421077037125	-0.28962966824818187	0.13010121359124543	-0.45660050604993224	-0.20408780432954834	0.043057468846204074	0.00587717474270381	0.3341535830578399	0.005394529526336746	-0.25939645384613413	0.27771748658080314	-0.008084070579806741	-0.05604630176498892	0.18219543368100288	-0.05303031596523897	-0.33557779533882837	-0.508715887045734	0.05092443467265428	-0.11563818500452845	0.524598933736002	0.09967154918298309	-0.15832194518388432	-0.1322877494184845	0.258049020806453
DTXSID7046172	112.34549551704245	-25.577224557967227	-11.337627792369208	120.36454262062658	32.12365443416683	-33.206380305651926	181.02877070200665	38.479764708571764	-45.950434571595785	207.94110004693923	-73.5722194504504	191.75083347932323	48.97347694554147	-16.087746763573662	47.049225394374815	-84.77192514679412	-55.89248612609444	94.70473150804675	116.25286984842053	26.9969215125471	82.2193046105813	-30.23316631152004	-55.10105683542742	21.355400335039334	-39.94687151334808	-54.08732168028957	-45.06214249702844	22.963883615147218	4.450905441470861	31.300660636821853	12.500117886457977	35.75033768380268	-6.08187633912485	21.116632664786724	8.18835310126327	50.54579138224174	-14.89699306791051	32.74926687038962	-28.592835237578818	2.104703323425177	0.9861252619463327	6.216661380598781	-13.548657685463041	-12.942404636980365	-3.766740565057702	3.2273201210941607	-1.1785003088145651	-19.93225313477174	3.3149391517987166	18.65690838403171	-7.355697121353559	-40.6553069630928	-41.34169663829999	-12.222110535609106	-10.053046426032385	-25.759893948427802	41.67073633912557	13.94819390122755	-72.9086320970958	-18.82032467769677	56.37130169394654	-56.76417332017666	29.885798245550845	-0.9399039758058955	-42.3095298848766	-138.34146529116126	-7.189432656886983	-62.34343852313409	-33.787556695998	16.394772569166914	-48.5468704185731	-88.59977555672927	-10.653891055610266	-22.869930339686945	13.299650567930605	28.30788336785517	-88.46036695688113	5.83328806075155	6.1827999567208725	-86.575186592796	88.45365908423805	-86.2146383804879	109.19475938677091	-147.1860081222409	-114.7027050145257	111.99050901382697	-41.2167374505407	-49.39979664310417	-16.601039853742265	-35.24368137109697	17.381715914039834	-90.37604321025646	31.443653589735703	-25.982645411155396	7.352073867559456	204.8024556710949	-18.636129369762905	-1.571506300113359	24.407697446420272	89.18417904282002
DTXSID9034365	9.826016283034802	-6.170946834965956	-4.83599742389977	-0.562041423922069	-1.7005918174317338	-0.8341396731494221	-0.7992365898248717	-3.64893896249803	2.986042251035524	-3.2458825303180388	0.21757373696170199	2.4800843272296262	0.2342327921818805	-0.4548604975328577	-0.4182013583660715	-1.318791380858148	0.6120535541298825	-0.5031095330983514	-0.748666854329472	3.6762189859988266	-0.8940530945040556	0.18596487005894413	-1.3051808572350816	-0.8466936526787147	1.7060123716716866	0.20401435679169846	1.0232178883636986	-0.26017506656560463	-0.49852765150582384	-2.2736885649285603	-1.3648418459162026	0.7407949226200699	0.94588367850428	0.4327679335010147	-0.1299169101555927	-0.5856632836593019	0.9920240383364727	-0.6722279858225118	0.4492284293011432	-0.3448954196597387	-0.2884173299947668	-0.36661205577207706	0.02428127843777281	-0.030114028621782005	0.34420668064201143	-0.04044552032235205	0.20390749471731429	-0.6548337753767901	0.09714615035893379	1.7772261936780929	-1.365265163365016	0.5774062980066421	0.7438165724185515	0.07577846466816689	1.3758024566755112	-0.31808587689061	-1.0359772523958506	0.4117561580660137	-1.1166118372587728	0.7885556939340771	0.7161729972664906	0.5320651977217001	-0.231313133274276	-1.4580563824168564	-0.8174408752224045	-0.7552821332395255	-0.46504234615980405	-0.374123308670171	-0.019078968180906042	0.22504892776214053	-0.8187358094468102	-0.5472480237394439	1.1615656851839096	0.4199310947522175	-0.11051783171569386	-0.8995586379912375	-0.04296921377560069	-0.21575067953520408	0.30988020057148	0.8505314955692599	-0.8245973175956623	0.025610170104430546	0.03416539630991546	0.5254074506217903	-0.3730914451000488	0.5969144364859109	1.0957244635098256	-0.6095569486313015	-0.017170460726402017	-0.7350928948570933	0.5443473305945761	0.23714559217100886	-1.1861657098969431	-0.01196665984286508	0.2641878291607513	0.34182716317270706	1.2802079613996975	0.9527676617944237	-0.27722908474864066	0.5994033265653581
DTXSID7026108	-2.584563192005327	-0.3452563390260899	-4.154689201246015	3.6577656069819784	5.534267301941564	2.6200064084446852	-0.2683707101132604	7.258290052038866	-1.5068105432067107	-0.9980845188003291	-0.08738611373317469	0.7985182605228368	-0.019424093870345965	-0.41123818305323157	0.19763948948677953	1.5702484110879937	-0.5540865007835402	-0.3292076523304632	-0.24968071994126345	-0.6638683192138735	-0.9038267589455924	-0.22705292552475456	-0.6349036279138022	0.2708192625452342	0.7623127129963216	0.39989668630571995	0.10665936899316401	0.19945071823000526	-1.1533860647374312	0.08509518384850241	-0.9796283921194813	1.0281983182337513	0.7139353860399178	3.0137279069550846	0.7238593260131736	0.15245585220411645	0.1175433565698619	0.14332787000295416	0.7605728545821286	0.20088339107470088	-0.22937416942047087	0.39040988169900137	-0.10918077411558509	-1.507290160834118	0.64449998369867	-0.19236863869290383	-1.3624250213931426	1.0437208746150903	-0.4020693787889187	0.0039458684970115005	0.610530787217499	0.3910628358747201	-0.2839430124669598	-0.41646349157928453	-0.881288326381091	-0.04175136091193021	-0.2426542352177525	-0.6823837198126804	0.1995282624241389	-1.1951289093668362	-0.454332058187495	-1.8399737907323537	-1.2888173999011168	-0.5805316897652737	1.237915567353609	-1.3685265187559126	2.5825713936615156	0.7694803987845542	0.003994667498777169	1.523934925396375	0.06414576307809242	-0.975503528015621	-0.7279921309887973	0.49568905731382806	1.7264426771170398	0.17149354390426977	-1.2560208290018253	-0.9155958483700156	-0.19212016708409974	0.45995773693373204	-0.09897621372264942	-0.4568100883486113	-1.758784067116678	0.037354606127239655	0.41153568230226106	-2.848455814213203	-0.3551322607376719	1.9133493523337284	-0.007266870963687887	-0.27107097256817847	1.9492977166232268	-0.6642738915780487	-0.009103285663592864	0.9355638234301801	-3.2151799288884746	-1.5487464246748757	-0.5239071041216721	-0.8975488953139256	-0.7666060673564414	3.0211820079349128
DTXSID1052298	-5.1397929940611435	0.4721853169221942	-1.512607153683075	4.095249514023851	-1.7894695620482934	-0.2584059130322635	0.44958377884975415	-0.10081766148588354	6.11311984786498	1.963977624937164	-4.83719356259829	-2.9582906397003774	-0.15300578770488898	-0.9596117465610317	1.1621651754941882	0.6423645440535077	1.4563368505937908	0.8623392459966989	-1.3583285424202571	1.0650656259455247	-0.6662850847901322	1.2104876861969107	0.7596840089113412	0.5366445115111006	-1.1943384752072044	1.2097918124761893	-0.9817749899568613	-0.07366156808617623	-0.21577795389174392	0.176556428209976	0.7195467366000279	-0.4145131428250053	-0.3433363545357099	0.3163619769261886	0.15692184878934146	0.17964168702814812	0.08727397929586778	0.3291723991922226	0.10141089662357396	-1.1846694341541382	0.5280575167748538	-0.001952250190159933	-0.4794169307616629	-0.4003360752629416	0.2710488454058007	0.5552203393063434	-0.05351905142054611	0.4653438984649852	0.16545160956976762	0.3334319277203165	-0.4045686697968364	-0.034359298711113685	-0.9276175698020496	-0.27711333273308064	-0.34618290754560377	0.005350721898899891	-0.2282397632898981	0.48327765878854767	0.23167471933558895	0.39119665788496827	0.2882227163556605	0.05366136924426634	0.20383092011839607	-0.09008126290493566	0.16030948921321003	0.6724325470199587	0.10586941541144416	-0.5955927429153067	0.6555934324728148	0.15984307412923382	-0.5196444645794639	-0.2034069816623503	0.240425480261106	0.050107481294047046	-0.7440887950305956	0.7317037071056022	0.2281143348732224	-0.8651167207219099	-0.03858605952958667	-0.2034028846502264	-0.30808109571530645	-0.13763711693962097	0.36660553559972137	-0.4749512624651864	-0.054524681946645205	-0.06546426812329849	-0.2430226937347662	-0.09795429160139854	0.2299209001028633	-0.1633844823517065	0.22367593373334804	0.6717432377230265	0.34104089592697034	0.09461705272295609	-0.39109112599590223	0.5885889800121767	0.3797641296063171	0.2677134834281361	-0.024949759768076812	0.4322266666515363
DTXSID2043874	-6.46943957322616	0.6014903817037677	1.361740878404639	2.731908889307727	0.061975914150498995	-0.389484569550149	0.2740373481597417	0.91508919679011	-0.42700850797706535	-0.14390788521403736	0.8792142592345936	0.2665746236228229	-0.3793096744741033	0.42509850706695007	-0.17678027347710779	0.19060629891152242	-0.32571195443775836	-0.2681318544510619	0.5186479107142492	-0.2825308139310004	-0.5856871920070427	0.8166089457040556	-0.10377006597052964	0.5291955647568392	-0.157120576988692	-0.4796564700588832	-0.04696282744943808	-0.28569418474733876	-0.21118981392046274	0.4164638262729117	-0.2745999700735488	0.03538561564421334	0.4453774442265457	0.07255124899601592	-0.014510136106443814	-0.17132492071221175	0.050587196396871016	0.32551994689024255	0.11619222655957752	0.10825757187356387	-0.15979163744918698	0.021780593392479775	0.030089401620543087	-0.20967093600924777	-0.0009571692317680247	-0.35761380894448946	-0.31169798989913444	0.34857477592802466	0.02229303181079475	-0.03503707497968292	0.07082584737483318	-0.4339223886313192	0.48648335049301766	-0.2798314297014321	-0.051200625519092414	0.5958352643892099	-0.10139715552665364	0.33676532901394146	-0.34262423979468526	-0.18061017626245068	0.31403643567265876	0.2677034318359547	0.049679284388316446	0.15632178256141444	-0.4502318462441779	-0.09717069373695528	0.23534822643294487	0.30726414249586087	-0.3612405231647857	0.14031216178366854	-0.23311958417690265	0.08226262544387497	-0.056750581941629165	0.09792608489579205	0.13674621148814473	0.22874443254819565	-0.21979954733205745	0.03489576530914593	-0.12210751880480755	0.09852536263581883	-0.23280966373386733	-0.42319048935371845	-0.2004865299159305	-0.010798981916456946	-0.23068465539153085	-0.3051902278487134	-0.595858230802126	0.6198874457218417	0.16925025081916162	-0.1028295504765265	0.14307311256236493	-0.17037036027784314	0.08299723874032001	-0.05870394144779051	-0.8474541317443152	0.11326490653590186	0.11620467457371425	0.24213644285663494	-0.5599750443591988	0.161417636395257
DTXSID4048802	6.237812084816426	-2.6761226986546913	-1.7661727739598263	-0.5337510082932615	-1.044393943913269	3.4080669421198615	4.583981418430108	6.065565210321883	0.8966620678410782	-1.1716588015445772	-1.09117540934601	-2.2912236132399704	-1.1998576274509039	0.20060927420378102	-1.13613539698791	4.150858819460501	-1.421469738242482	-2.507258932515935	0.7624882033147349	-0.744282692757287	-2.8285675633983227	0.9459742683749316	-1.656771520841036	0.26690892264791816	3.036025094543778	0.6437719551347928	1.067447140505839	1.6255261836874606	-2.581868629410327	-0.5578634011458173	-1.6760444187177486	2.879054017323454	1.0713109835159493	-1.9778697678750463	-1.5324934983738663	0.8117345211688334	1.031308327313336	-0.29961543544061214	-0.545372383567001	0.41200698822494447	0.6338951819171397	-0.03821697005933385	-1.3848868202806357	2.784695070178076	0.5101531833658256	2.0313650002639254	0.043933173082062967	0.9306521752772449	2.275270763924592	-0.6201763886922309	-0.681022174810556	0.18369855277529815	0.003107468615506806	-1.6392471661924455	-0.6378831810100121	1.3148285602885732	-0.11843051550803524	1.576802658732934	-2.866165395599676	2.32402176784396	-0.8082058497071436	1.5435893499810514	-0.5561855334064936	0.4816923997483832	1.4499899355117964	-1.1774391607420207	-0.9310063595970672	0.629410207445427	0.19710939353263923	2.4816032327745496	1.3396649777790086	1.4428239240724254	0.10951004862368946	0.637227799434668	0.9611807231613809	-0.6880281125755825	-0.7232639130292995	0.7523185010649323	1.3958050033052485	0.12487500516950265	-0.972847700512561	-0.9652022722857573	0.9960803923044261	1.2059468283166517	-2.799260802127354	1.0224231346121508	-0.9250993556706752	2.0694385770447337	-1.4291698088731104	-0.3937315820444421	-0.4030305561621983	-0.5899685895482228	-0.8659652889942571	0.24694975366210534	0.5890589774589502	-0.24759517981255497	0.0972061590304541	0.023407781208204588	-0.7565377792355863	0.959094446693093
DTXSID4024193	-2.1378754392106973	-0.49331615269425105	-0.6961236875058614	1.2899005284644658	0.8370989599237477	-0.6890475579879902	-0.3164257786841329	-0.9415204697400847	0.3363195894173061	-2.269057684076559	0.050339344948569134	-2.2674552448139216	0.10061860171240498	5.076052885254317	0.2378113392308213	-1.7830238866685593	-0.6800075963006579	-0.17084872099409762	3.472594456296132	-0.42657717821054697	0.48961805819255605	0.27091807053199485	0.3213583124794488	0.07913116880471721	-1.1711657944059035	0.4076438976032919	0.5109914829180544	0.2685992905499048	0.0008401668072007056	-0.10888832952560754	1.2789569731679649	-0.7408004330279111	-0.15667802268955017	0.06624790965699622	-0.439654314435474	0.9704816768353979	-0.3305437201376795	1.2616141840853712	-0.5991561187623692	0.41016985459510336	0.5807171678103505	0.33198621371682896	-0.7797914860381839	-0.0711210170984944	0.6133351429640302	0.20451316486538437	-0.20760737497155438	-1.569237499739683	0.220834729565545	-0.6730593474640105	-1.09857820213084	-0.14651531550231411	-0.23409445516606955	-0.3239558966652809	-0.6942342548321373	0.7622531818929436	0.19083875019693286	-0.32274031922276686	-0.43417695010671475	0.13693526945937426	0.3129412990717105	-0.43424734775014984	0.29371131654294347	-0.1443360801356439	0.38363897197751995	0.5081347495291234	-0.005047131885269949	-0.2912329301597044	0.39989460593836906	-0.29588552661272893	-0.7806332640220597	-0.24684268674457896	-0.35242362314629644	-0.44103867665565394	0.21072437359753107	0.49597906441292583	0.5102446502353328	-0.20409877392814355	0.04072389164661473	-0.19294973013505676	0.3502347309598618	-0.34420752936798116	0.3646931272155493	-0.07468545602246286	-0.45855951728151545	0.05075088916684113	0.33024165408900874	0.009329547999120615	-0.6084986421748922	0.1012023605724674	0.0954893773522549	0.13377821098349635	0.22013389029017533	0.4203487572552455	0.11914911459616438	-0.13764312732529135	-0.030413316338000537	-0.4840660960380432	0.013330747366551503	0.3321336147004115
DTXSID3027370	-6.467554274911415	1.370767923508992	-3.6479967253783423	0.7248477851225842	1.7448245231614479	-0.4172582789708983	0.27056262065235537	0.054713881435268424	-0.2535156204764161	1.221217589949694	0.17495270928786366	0.7189779503531009	0.8264904397500382	-0.18910580409920244	-1.21010254541909	-0.8248001575404477	-0.26487353630425287	-1.60462877925454	0.20978697114980854	-0.3895968530772063	-0.21453371435311722	-0.2771787901770063	0.4853028526372906	-0.012829066872738206	0.009172560613950874	-0.3081476949244518	0.007513276252621676	0.7925761845022018	-0.3894510592459711	-0.9061849264990687	-0.45311453951023295	0.6393484458829995	-1.3026661290657446	1.9869025072472226	0.9535148761302116	0.27042373738101866	-0.3907575771036033	0.084345767425961	-0.2001054344751287	0.2351830639380645	0.3572957994893914	1.3256389416105352	-0.3614053326791822	-0.635710275051834	0.7802267581001907	0.5761934760808001	-0.9854667979842597	0.8287663280071129	-0.4998820428238646	0.0010253094197471195	0.5290916970872743	0.9790999513026751	0.5482415151879528	-0.876331471412299	-0.18065760902342415	-0.4901923092704454	-0.7446029793530385	0.3371025745395349	-0.6475137464781303	-0.39029101664296895	-0.5717228099001753	-1.2456157131007262	-0.7100000176346342	0.20278260472634715	0.031070292799235687	0.6001751105588911	1.161236278792715	0.2607434886991773	-0.10409904765484235	0.4294797956638801	-0.41162189222186774	-0.7869377265838439	0.7420102586789814	0.4123737710200865	0.030992652354823826	0.401332587273723	0.6453030489945888	0.27509508975178615	-0.168283792636421	0.35734699473954573	0.0837878344363497	0.6556428690604581	-0.16261967535855365	-0.38146881590195575	0.6234625709530554	-0.5558789948167423	-0.6977322697700143	0.3486377991042443	-0.5800204995797487	-0.06801306160045906	-0.285383151263898	0.02303844874807317	-0.41895285614959316	0.16652286002173852	-0.3412510890923454	0.14851598153623616	-0.9464102681604607	-0.2071515798194196	-0.5542780060668894	0.33234481853482856
DTXSID6062599	-1.2611062802298139	-5.863144812765653	-6.704533177427498	4.1472546204453975	-1.1818338393633685	-1.0310118254469753	-6.268714605201245	-7.4858663018435285	-1.8165708606566913	-6.479620310679655	-7.54756845692378	9.116867362837924	-2.308402882478539	1.6064797417711887	0.9195735741322452	-3.87269610149793	-2.334123765223993	-5.253777118014979	2.232396537499611	4.1032651290321	-2.1362841661353036	-1.1224068656204642	-1.7027241005702656	0.4309576230718138	-2.498684408818875	4.633718770552647	1.6499160869260072	2.1912981608711792	-3.2475802569218732	-2.514720336003628	0.789001317413674	-0.8182258766603117	-3.526639741458628	1.3093841037454654	-1.5719348455618618	1.2106016235408577	1.515183882041167	1.8164656414401292	-1.7285764750312822	1.762154489463705	-1.700778892922358	1.8393279290099562	-0.3659588237335951	-1.1002805641762854	0.5709850384884856	0.12427736578561585	-0.8145923903057428	-0.0893623908428983	0.12348610818393362	-0.5571217153290895	-3.17686403190474	-0.9474707454651788	1.56776425051769	0.1132126584688484	1.0177108404403519	-0.3756681803019566	-0.20205028472605485	2.372705056279448	-1.6080193068572781	0.04140056175552639	-0.3344742194408556	-0.9177903560835786	-0.6534171285031117	1.5176119549851568	-0.8776441509300517	1.6883182870478828	-0.8692863138695779	0.9788916381138477	-0.9053716637657686	0.8670570996282765	-0.8156462219181757	-0.20830428865866904	-2.6508146829417	-1.2563930074266383	-0.686507563200465	-0.9439261735371451	1.0208297034118547	0.1411032030002901	1.3010844765082852	-0.021512126978253297	1.0484615183518815	1.3368006263892231	1.387656843523023	-1.2889482345765997	1.0285707674221303	-1.1271800716727773	-1.8989172699251753	2.6429377723405207	-0.7261425253451083	0.004033345074327204	-1.6128220866978302	2.7640738633381807	2.0032728120954193	1.0929580973140576	-3.7158989148340535	0.35629049857965933	-1.9483488138698484	-1.8854663721981424	2.2358606761521216	-1.4150922729420887
DTXSID8022377	3.524583449122611	7.1780269047789504	4.138501814505041	1.2433236915160322	-1.4142979633051198	-1.48999169488907	-0.9499231748091798	1.4896802472421335	-0.8766326635038796	-0.0653854690632151	0.0539906822912322	-0.4038129715200022	-1.728854241086233	-1.0274889386551753	0.6033721697749435	-0.8507597571200249	0.7743887126702338	-0.8128786207667079	0.38207702821206946	-0.2879400253289222	0.3032243365253877	0.9683247565592399	0.5232196261672114	0.9852506165517011	-0.894852851216976	-0.11149998417732553	-0.7673241839410176	-0.3205463872780235	-0.031637843307519606	-0.48934229494860565	-0.1836026534075328	-1.0339471780615443	0.42068814738604676	-0.32881093185525817	-0.25256014419774664	-0.35373630217727703	-0.4325747721749486	0.4277446702924339	-0.15424047906716998	0.042141703903461315	0.257931698982804	-0.7308724706390678	-0.5124101994724873	0.45870732390083413	0.36838651703638403	-0.041794538710398794	-1.402850283650033	-0.4464310390558251	0.728496820309421	1.3688300661154627	-0.6839892168087776	-0.9055355473399734	-0.43197451959296024	0.37899324275572466	0.19769515854074296	1.0609165830444698	0.24853222318788545	-0.13658533347796453	1.126860054634392	0.4443893193117291	0.0942976933291991	0.4472281563080988	-0.3713628732501271	-0.07918508282801646	-0.07752515882232246	0.4514011770358949	0.03629864142652342	-0.2767193671583408	-0.41255368273109905	0.6340590236860233	-0.6209273932294341	-0.24868664006880195	0.05783639559736618	-0.4286408186695914	-0.44550503845626577	-0.018120745260082977	0.47486307680871986	-0.30260499530120766	-0.6344917972491956	-0.13255456837315233	0.10300137293966762	0.23587295738842637	0.4240226994771819	0.0561727823180943	-0.33288757038780586	0.4373559345239821	-0.0006469499610868921	0.28145322165391573	-0.08707596605488173	-0.11129593263905889	0.03429227540491339	0.28707756465928785	-0.24525466409093455	0.03512537144692078	0.11948347110901443	-0.011910037131464242	-0.1391645522668607	0.23270098254640148	0.10948409118271228	0.0010420665723418303
DTXSID7032630	-0.5265695411869097	-2.0938832222871504	0.5165537740420054	-2.031039599280448	-3.411108694950991	-1.981637853382679	4.166483029551209	3.934294267637751	-0.6017732479927088	-4.60067311099936	-2.164820039021729	0.6742316655548206	3.0038954343011772	-1.8763475352161518	2.623995598521549	0.4889976877784462	0.48313215867939296	4.39104233571289	3.4386752071313853	2.8650626667039547	-6.586763537974404	-5.220675092653849	6.166952937908222	2.41738499011967	6.192861143145751	-0.3254213945476137	-2.8580344866408733	-0.5203280762929542	0.6162510021880779	2.6067868844897997	-2.4705144269679082	1.913620524575422	0.32261647749569394	4.868858996062651	2.022058540246394	-3.5197094238541187	-4.8918523342644535	6.6066019002681635	1.4139986992201639	-4.063405411122683	-3.83318135282426	5.399347342936603	5.895699289203946	5.879355147642788	-1.5136867028198793	-5.762554514829249	-1.790836038630114	-1.3694111972031608	1.0840995373014992	-1.1778574558192514	-0.9873138538368961	1.312067694341366	-1.2218967247993837	-0.2666037413111525	-0.9397050540311371	-0.9881645946412981	-0.7304624935716482	-1.0694082282023882	1.5148891778019655	1.0031223170634143	-0.537141234160487	1.1787656436548795	0.5842826044363978	-1.1724908439358235	0.8441338041032483	2.4625989547294003	0.087196904549976	0.7149046586729751	0.29216925378350334	0.6524518204708625	0.1499278662007159	-0.22894712075681517	-2.3637833665648618	-1.6924394960817701	1.5819758233850207	-0.18659508508615397	-0.7098975435523938	0.20827489395970208	0.5027208809651413	-0.895747671537888	0.3953195468141839	1.9918933872894	-0.33847831804715667	-0.6730934155066091	-2.619005682179553	0.6176192564323897	-2.1656703694007797	1.0811170782231618	-0.11989383807178933	1.2876601755975443	0.9200633934045365	-1.9125885458604748	2.0739349884302714	-0.16554076073910648	1.1604383375325968	-0.7046577454292269	2.015813669542962	0.5282271783251126	-1.2947670681229226	-0.9796654031839851
DTXSID6025513	84.83627254412988	-33.211975473486625	1.9667628604742067	83.0097469905494	38.87048425009882	-14.393645795890123	136.39601744772088	25.715665910043914	-35.19436793266299	145.51287703314986	-66.04348444411265	127.94293726057458	42.334392444807165	13.35486651982009	43.913233881807834	-79.92099321032893	-49.61247790168983	70.1901377458093	104.11191586014158	29.8869529404702	78.01052648992425	-38.559811418327094	-44.12123406370511	8.145895514913047	-29.878676298648934	-45.44324393038018	-22.816674155459463	26.92507319841995	6.396511093760333	22.140764289106716	9.585744600973861	34.3769836852078	-9.8123647017248	19.104954630565725	0.49554978433153174	42.052762593087536	-17.888051975179366	27.311964711681657	-21.41831492035576	8.657676390880939	-0.5931919154181553	8.755620068983198	-10.174357572873088	-9.639181063436933	-1.8156847452233429	-1.7355756580086807	6.719799085195548	-21.780600392633414	-6.233188786974533	15.198624086471236	-0.0772535387332321	-29.234881228928813	-28.232957637514573	-6.796295561730078	-2.615340392405506	-10.517184838676243	39.87543781679941	8.17118129833504	-57.11470564082483	-17.564397884514634	44.15821524548652	-43.915194569235716	24.425172621720684	7.614032289803715	-33.64016370155362	-110.66787440175257	-8.118296671407178	-46.2915788477188	-34.59283997697474	12.51039716218754	-38.46667577597127	-68.60913403195472	-9.539391346821377	-17.128759945672346	19.636956098019894	19.793904255544188	-70.43692229045105	9.70956871385632	4.584877148221111	-67.72527642992551	68.70496323750187	-62.13776354887473	93.40832676744184	-110.96749312739271	-87.47235188238578	86.51073311620956	-31.057410695559323	-38.900930157023794	-10.578203696039164	-26.356227352997564	9.425311969626442	-72.48170639627187	28.234923696392364	-19.93100931171559	3.7663464342851762	159.26006455800223	-17.92585362729623	-3.458284071345122	22.44988155721971	70.35228712034812
DTXSID4044618	-6.750760259295391	0.42888064563427364	-0.09634858920440044	-0.3834822797100218	-1.0301944438855564	-0.11065050788077731	0.45601276315332434	-0.5801084137278777	0.4036442035431786	0.9343367636260242	1.30030155067422	0.27256330579569354	1.5199509356390073	0.5400420391668123	0.8940062770267309	-0.9942340886996451	0.7843146460298027	-1.111024156710654	1.210425315058356	-0.5286916354889443	-0.1409947349249649	0.44278869106298163	0.2977243046979392	0.1730937396075314	0.017569709758159347	0.581208043495528	-0.12140007519218934	-0.457867692700823	-0.6152705716783865	0.28345302792284727	0.6411756181794593	0.5641169677558805	-0.023770652822596706	-0.6183474346663151	0.36858026856921566	0.05239063234629083	0.040030732778380235	0.3041407140732922	-0.0890678437551933	0.020689444351192774	0.4031055021985654	-0.04916136514789802	-0.1735134293745826	0.5625728615967402	0.2864324023875986	-0.5449852465669732	-0.36880980555570975	-0.8087547919996422	-0.05912113510295606	-0.38351383205384265	-0.14662422989905682	-0.9222991839520739	-0.41606623271408333	0.12609535580884204	0.35949086778096806	-0.636517606044721	0.6163666143166182	-0.06124511428644344	-0.28235101493618653	-0.007224731697248059	-0.06889926204462415	-0.09761666071214356	0.38815370677371536	1.08486625963399	0.48280105315639305	-0.5865291655128771	-0.6843737020124473	-0.14639380383391715	0.9093438444044926	-0.6477822987919236	-0.17155428589660074	0.1610558230073542	0.3142206874154953	-0.004065165231797205	-0.3599648678733507	0.060064902451411724	0.19427390542549888	-0.16126217577802093	-0.4286225491410015	-0.12411055943970366	0.14090368398254	-0.34410799655367313	0.013682944759434958	-0.2032364722366143	0.316123858745727	-0.16516633155960808	0.343655999603576	0.1400471267656564	0.13676470040903696	0.009740797810775128	-0.1614240682726452	-0.2674127378525412	-0.05313691315289173	0.3121737662874591	-0.09618641774083726	-0.08232879859679987	-0.13548041290096086	0.12836503709577243	-0.037449076322433474	-0.03848641937975913
DTXSID9046443	1.7459886519239425	-2.234062408378829	2.871885891019093	-3.2944873107913155	0.6571417569930751	-0.5118812031555909	0.2972415415064809	1.2671341888714749	-0.5834401157760994	0.11666549051847534	-0.4318021038924754	-0.9258187051419102	1.774745721462378	-0.8126598612160855	0.996160964356712	-1.3386032408208324	1.0822854496369307	-0.7836098221393666	0.25457706307031674	-0.22143856269164938	0.13192349407417187	-0.5420493055919385	-1.0088565638424751	0.08357822643490417	1.70473886641346	0.6157136250395496	-0.35305557090653583	-0.8054804615404685	-0.4014271198765202	0.4014972202825341	0.7587601004619486	-0.20680833841846152	-0.10461328238127665	-0.4155022122819758	-0.32638699262951115	-0.28459891004709786	1.2751022746887308	-1.0283331292687032	0.8010827535119527	-0.43295963914485075	-0.11174093254600931	-0.15958756694820714	-0.10751484624707759	0.8484316800492933	-0.1961918688381402	-0.4506051807611856	0.9289373373388573	-0.7864930622816738	-0.8872966977603332	0.1823048992023977	0.2933935564850303	-0.010905971275514608	-0.681279804847475	-0.3911111158312421	-0.9455430312413073	0.6917197642099613	-1.4031782278844962	-1.404877093884717	0.9426275533297164	0.4455227582051059	-0.6682089049391716	0.750306000706799	-0.04464763851077242	0.017081373404440117	0.28157399927986626	-1.0448398949177473	-0.06473416019907444	-1.629867536732398	1.0991463638118688	-0.8518595476466966	1.0128719098801136	0.08394495464631746	0.42805376895940034	0.8095486354281638	0.20481143314075476	1.4331239738727315	0.458995529259058	-0.4833222270805638	-0.0955986906980514	0.14583386876381557	-0.018135626255163278	-0.503609442477231	0.4537126411134952	-0.00029604926606697493	-0.007589330448063662	-0.7935425236435049	0.5950454940057858	0.8054862209238134	-0.2754208521373916	-0.2639232021303398	0.10098428374105567	-0.8739346036038769	0.02019437674816072	0.3568649386939897	-1.2360332468083957	-0.25352962635796	-1.039927672096088	-0.3038774286033435	0.35905589613434524	0.06465052265030823
DTXSID4027521	-6.672898076133255	1.2431762026165876	-0.6904732706287329	-0.1116583863580217	-1.4332409222464402	0.3882860991492953	0.45114966142374796	-2.1418488304489753	0.13962110122941215	0.07040289603635584	-0.15589304403899112	-0.22645423101289988	2.461709679924056	0.8373367010113045	0.6413541160777972	-0.6401119607549807	-0.4585364823193826	1.1548085621020507	1.0573048830793481	0.2338807464268038	-0.1102680059578708	0.7960615627366171	-1.7327143698497876	0.05420863865454114	1.2533382643523703	-0.024023538212078012	0.192011730212956	1.1955248390135549	-0.6285896771329426	3.1551992447270614	2.0376960322702304	2.3555604661774865	1.806790209119541	-2.286829654691849	0.3970237080760656	-2.8270963349898937	0.7215905157068516	-3.1808300603333453	-3.896915822794797	-1.6760493320019378	-1.9245852840157847	3.2876303944670635	1.8038002081101614	-2.88488062420442	-1.8266019424240467	3.22362298318622	-3.615587367063188	-2.1223359923910663	1.9064603387174397	2.0507024992162126	-1.2901532354061294	1.7180490718602488	0.5540307090422455	2.695956781041613	-0.947535269259808	1.5991340134192642	0.9185726421818311	-1.2805017601847348	-0.1840555839916405	-1.8326142295995074	-2.235738406953037	0.22096246791372243	0.4963485988684752	1.0176683239699826	0.20119436270831537	0.31973427520738895	-0.05505617320499045	-0.41656830343360396	0.44199183434315353	-1.0538123143564195	-0.8391718563155559	0.10391154667540616	0.004912152336041111	0.565343495452939	-0.8632676540993717	-0.43307730608713574	0.22263867576611845	-0.4407795555037045	-0.12925570387740928	-0.05053941181178854	-0.6355238872340262	-0.7718715544200621	0.3229629876415122	-0.5776298614716773	-0.6601907346356862	-0.21930447854172824	0.6102557463485511	0.29694486497611594	0.6374899778035981	0.8030055480589309	-0.043405738726079	-0.5885722048471771	0.19650083577201588	0.08504870468799736	0.2688963594632536	-0.4844987219152259	-0.48691620881753334	0.040332441927870714	-0.11359838610258251	0.17172040372326555
DTXSID9044742	-5.032744427370442	0.37715792488279054	-3.6951077973115405	2.5656501109568883	3.689273923504935	1.4326412014642527	-0.6090906641729814	3.5739177381820864	0.5768649735571694	0.9008298351325843	1.5795065397939005	2.154101473943896	-0.6266189525073732	1.6380504092115378	-1.2569409901277173	1.073175916233778	0.153483472882903	-1.1816701381605412	-0.34336416009952003	0.019853539233143237	-0.977055582850773	0.6866954597654463	1.5286458741112179	-0.41270134515085205	0.14883978463364889	-0.6312320399662756	0.49052399295913507	-0.5238388652184203	-0.47125702133372666	0.2565733668586436	0.9387606229480514	-0.16516460030597777	0.7026926966518895	1.9093118739552581	0.06167478639408538	0.24324071192230082	0.323312822173707	0.594963281557781	-0.15424939782842031	-0.23544725504625494	0.03363727861631472	0.4695657242130089	0.3394437558734664	-1.0061176509371819	0.40868027653845335	-0.3625189812951478	-1.3932661542470235	1.1965143121380653	0.19005752757029087	-0.8082245504761193	-0.30062175630782906	-0.4620388154094607	0.08129569559876389	-1.5796488713052577	-0.45854717431629977	0.868812647330093	0.23731112341866398	0.1429926216859749	0.22443268488072593	-0.5212576224357035	0.18098506910269205	-0.6858408095650603	-0.04251694940478424	-0.7705882878181016	0.3527057518664815	0.4158997980732828	1.7499274649634955	0.7330747339668476	-1.9326501176044009	1.161259221258863	-1.1891079070700705	-0.0002036883548809258	-0.7745955800101687	0.18445196379930315	0.34878154808635664	0.3393221350914682	-1.3809327443233592	0.3063832015843754	0.27387870238064893	-0.5438267059437497	-1.7693439677273632	-0.9408525338913428	-0.1002576218351829	0.11363464193644383	0.0419790009633126	-1.486821967868277	-0.821842505350594	1.4352358559467915	-0.05068860083713432	-0.3820787784972581	-0.13696813553128398	-0.1210921621879578	-0.7338495873705893	-0.4934346826458842	-1.3668948161393022	-0.20784824670922167	-1.09968470706255	-0.6021020491802503	-0.9129555869389079	1.5851151969079793
DTXSID6024177	-6.791186430595077	2.0823736346794885	-4.051710318066133	1.7140491972611245	-0.2807251388454924	-0.4568213697594815	-0.3343736700248858	0.8681642281658184	0.7174933986128271	0.4209602396652612	0.07219151937504552	0.1315278731195394	0.5582645097920321	1.0369926458916325	-0.1502840763619918	-1.0467759602693405	-0.8292756391614434	-1.1317848565406505	0.9528719069771184	-0.4130399011132804	-0.6040722619812288	0.41990887225875484	-0.3129959997639313	0.453224563561495	0.22614829358498462	-1.2691192845856705	-0.5022874250888445	-0.4948751093701127	-0.7992649460642358	0.11499148749125639	-0.7844494556646845	0.44659935518653254	-0.1650403743067626	-0.6234505669014374	0.36539609080778956	0.06635571979587929	0.522249364169546	0.40052928624700523	0.17748554654084028	0.8859573658349047	-0.45503745954689184	-0.32989763682111717	-0.17039957409895923	0.4458452591518612	-0.36240572706694246	-0.7343310614344929	-0.7475110091589424	0.4334995594160208	0.05770259028769635	-0.2068422002228682	0.1894471154906353	-0.19735788689574674	1.6511751551803655	-0.10458921748434376	-0.3677842602220499	0.021833242876427256	-0.3026119556326197	-0.00922473142412438	0.3877331392367263	-0.5767990304542303	-0.7089287540901763	-0.31910996069193603	-0.34354862169707273	0.6864829227091838	0.6002425876073174	-0.39538695830763126	0.22908309104162744	-0.04268149707502632	0.6873962143997678	0.09257510353366785	-0.02457115294089979	-0.8988509957651314	-0.6210230993806944	0.07802648303304026	-0.34995317687667915	0.6130827571167101	-0.6128043428989942	-0.21303451351884434	-0.5842828024495462	0.7923849418477602	0.5364510544345484	-1.2679234162744102	0.3413062569480655	-0.3765503240629731	0.21798146359041834	-0.06973629478834206	-0.31714192323588986	0.9481615305712215	-0.021983581808339786	-0.1045887427945583	0.4653212117636654	-0.08386396628488522	-0.7965543002389139	-0.4956571970549879	-0.006685650261446236	0.041935472508092736	-0.6259673340819383	0.23850151878599785	-1.3037336935221284	-0.07644455713982537
DTXSID3052648	-8.749169689250571	1.86887223387898	-0.7582716120311356	-0.04459700816600686	-1.386255396521789	-0.7562515919623496	1.9157159007699671	0.7556432482422786	0.3448320922508813	-0.6176144977930856	-0.45266639289262206	0.5751709108801083	2.0139879530075646	-0.47490593718321766	-0.42728712204039354	-0.5205300514372181	-0.3087707002683591	-0.1487799502860786	0.8091597390646064	0.4278485412429504	-0.6559739467552569	0.34356660793432675	-0.5983138857976283	-0.5264301798002134	0.46459106569829967	-0.16872715383988793	0.24716058443968406	-0.13550591812088392	-0.26299105949656193	-1.1848414127785951	0.1043734664087126	0.6900952861021606	-0.6477462351775448	0.7419789707334585	-0.358157843742158	0.5238716796688225	-0.4663775472283869	0.8834966782296589	-0.8782967047323315	0.064040989939753	-0.135356995624228	1.0600642809151795	-0.39065042359718544	-0.060363274261723054	0.27474864809937266	0.6374383140256419	-0.616725731978156	0.41323962132811953	-0.357659047724366	-0.1346574981195986	0.6826802987780966	0.3990149007387457	-0.2397994949458456	-0.07314850694998892	0.19610657379174937	-0.2890478692481386	-0.2727591559731604	0.24039487228090275	-0.5562777060658365	0.5759962415016163	0.5108583150893363	-1.3182731148079374	-0.3011416772062834	0.27670408657914336	0.18802086969839088	-0.1958297216512744	0.15902471984301073	-0.4407301322981877	-0.29371654083522636	0.29503844795118594	-0.22318620763509164	0.5683323519840578	0.6824066826840474	-0.47579542288242177	-0.7550338476856616	0.7424185877137961	0.570198031691287	0.33536379598262006	-0.17101155791697814	-0.4121329930419447	-0.2777477830710473	0.3401572092151048	0.21306625369260687	0.31170658731039835	1.3056340489168148	-0.6130620968847988	0.6628369772756098	-0.09795865850558474	0.8326123654839286	-0.35845652370310077	-0.42932267637737065	-0.14702299607749728	-0.8845650061527741	-0.09346585531335085	-0.5955614227108083	0.8362126339837246	0.3209071882025139	-0.12487384049404777	0.45446429889707046	0.13571605428604952
DTXSID1032642	9.17312008138619	-7.856174849628553	-7.528826886658522	1.7084834331748828	-3.152431164546717	0.4004408976101931	1.9898292382799498	3.7198334181267247	0.8994181764582216	-7.529797420900679	-0.24189229189988912	0.6154627782665202	-5.118694780937204	-7.13145773315912	-4.931078503983838	-3.7479313113224304	-1.135277849131529	0.9790850680822966	-0.3394672412992424	0.4539103936974713	3.2560622389185183	4.157867858502727	3.678678707882616	-5.603686725174721	4.646196633614313	-0.19411376081130283	2.471100556230332	-1.4244003777355077	-2.3674664258798432	0.811848874392711	1.2571160131329777	7.24738785885643	-1.5033900942420029	-0.9069270342076824	-0.12430470590274753	0.7431873274528132	-0.6904264359050323	-0.4342099303281113	2.2693878699037966	-0.3312989106351067	2.64442385179231	-0.019552889321904347	-2.1162242235593682	2.912224571778849	-2.0739049319681135	-0.3527842679347193	-1.4706649442744026	2.435846313654588	-0.8881459227156274	0.6732404647757559	1.6459284318986815	0.41908874435931887	-5.308146673371041	-0.48822612563993417	-0.4680906308557922	-1.0903107426955656	4.313379138394816	1.39331846327079	-3.028617881637854	-1.0202286869556665	0.8626727866188842	3.6061339888434722	1.578534124947959	2.2778053615706697	0.385510793239215	-1.37507915879705	-1.0617976237850086	0.5955165493513578	3.5190321526695496	0.15461639648516948	-0.9296446769190394	-2.5406458637168168	-5.2848584796487925	3.0124938478625625	-4.292073098466752	-2.351480879016176	2.030219493860606	3.379650800080547	1.7897724491667977	-0.8319645683827627	0.06491507375694516	-0.6532612075077009	-0.3944601687478751	4.126868508367743	-3.3765874540893064	-2.9789773838919595	0.2804046489009968	-1.4931355043437684	0.5498030256398293	-0.3050170575942689	0.6844777224136409	-0.8061615909597684	-0.41039147255572805	-0.6364681746766042	0.6063045888932485	-0.07718466931320866	-1.6771389755973798	-1.0847414407279556	0.2399920655905956	-0.1494125081765412
DTXSID5044493	0.8130800635575148	-0.30917391626540214	-5.7915786002022855	1.9886962189458957	1.5079375171538962	3.21085844339069	-0.9804618370275021	1.4018599999326427	-1.4681820180114353	-1.708721805816827	0.2641721782867111	0.3080740720936669	-1.1182283706009728	-0.5735729451547746	-0.46407328100786144	-0.561208699247179	-0.9792248525147331	-0.6549000313424841	-0.4630392859340869	-2.7949387206703413	-0.5521151815417269	1.4394154631911942	-0.2164064932152259	1.0553045357411288	-1.4179074082840808	-2.1612668413528944	0.22059593887106344	0.10998969556955156	-1.2989775822832401	1.8436868563091295	-1.0514477947775007	-1.2105934028964587	2.923933685159104	1.5468098561260968	0.6820453397641143	-1.41190570495211	-0.1762668738122582	0.9498242630439934	-0.6048873745973145	-1.1669867718086686	0.4081142271646087	-0.35238411291081234	-1.0046876298533152	-0.058134353293231106	-1.6798111211733109	-0.9933914495732357	1.0095730433893344	0.2571013562179701	-0.5288947769761687	0.248626070228337	2.5704908303493093	2.8378325933768704	-1.5151262708638562	-3.7312659270364357	1.4725049087878015	1.2967910339875224	1.5280499035519821	-2.9814196039711796	-1.3249615093418874	-2.090184952840468	0.6125719455795445	-2.5897379440047406	0.23268384725909816	-0.8327421044681992	0.3098836294237982	0.2937742290571975	1.5478776768746532	0.6308243529651036	-2.2822797651171824	1.305580070175887	-0.6856266375344069	0.34649769806179614	-0.6375943432620009	0.5886924581579186	0.12699003284925153	0.9523538294624736	-0.21592591205435216	0.39899215790812337	-0.042935026629177954	-0.39392844200288807	0.18719129023750677	0.8564290719200289	-0.7711928528624876	-0.45203120045371054	0.00956016901468513	-0.4315252777791172	-0.137593325437449	0.6931187184094251	0.05703202598226246	-0.2266130903339853	0.7628492068498525	0.6801656648267284	0.04572343517757381	1.2996987748577553	-0.5393857595275664	-0.41125984722357617	-1.1881553201078094	-0.8624870084336067	-0.24232719957634052	0.2668782638469618
DTXSID5023582	59.23350846138857	-2.676709883898741	-6.498059456994936	31.47732170216791	8.71099003014425	-3.1095433572995095	51.52119529900489	8.032157896578049	-10.529400920349454	59.0090861093625	-16.160905643333496	49.738985533314775	14.318119597401623	-0.8443781929668329	11.81579243192899	-20.2912742808991	-15.2319174295825	27.15605857967433	27.94221932294847	7.748925179873527	18.8104722923273	-9.350984361996614	-15.447192499694111	5.041503889812128	-9.032344825235308	-14.518342400213996	-9.232710842597816	10.104880139472654	1.5737795319188503	7.460214513046329	4.308054577830234	8.49061868090506	-2.7900711658859105	4.391376615195111	3.266341481922136	12.136376760451935	-3.4236428736308286	7.1431955569307615	-7.308189812786242	6.750265509238093	-3.3639372055705303	5.735227113226577	-4.555347178299199	0.2604195707751977	-1.2014602101328624	4.55201692922998	2.7742142155054275	-9.426490507244013	-4.070949939424142	2.9498758276104105	-3.3211558102508736	-10.929260577195667	-10.672879545468053	-5.14252230765231	-3.334229757086111	-11.38403117059614	14.786158440292592	2.76874149122063	-22.170786503648902	-6.121164933321731	15.280554674422893	-14.362668335229484	11.018822283495714	3.8447903448276697	-12.506380008837082	-40.55736475346534	-4.061284928752633	-14.44513079140595	-14.010287738842484	4.186242056528525	-15.555496255754456	-22.287002472108394	-3.618823810472558	-6.271802399353498	5.545674207048581	6.776216304064631	-23.07157932954335	5.814973570757078	3.552118143011289	-22.310806855926465	22.745009647269736	-20.850976003737042	28.489363531631756	-37.350557428214415	-28.335488100843563	25.750009580559233	-12.892562189983309	-10.879970175529891	-2.7974946235709104	-10.11115357596924	2.036703361009766	-22.210204218310764	8.370213481882223	-5.199412095963798	1.7533938221015068	51.33069095538237	-1.7183089476399251	-0.8296783542198052	6.692861493448685	20.32213993945634
DTXSID1041920	-3.374774707722209	3.9789527866051815	-2.908958452353221	0.17546195402064926	2.7872446015006873	-0.6452687398110291	1.0342780693013245	-0.12300282145719776	0.8178044177316438	-0.4903100743919379	-0.04273925748748027	1.5009615417713424	0.07335058704542909	0.2978818036114357	0.015935582848278024	0.31667393135014427	0.9022188273789976	0.14020056851331483	0.2586750486585904	-0.8668450838458248	-0.4737611411321046	1.1642295848635495	0.234724693873839	0.6680528404246261	-0.6024471673979491	0.20765728832817149	-0.6881866819983572	-0.5710379140564247	-0.8526414754965681	0.9083420009775317	1.048851525109415	-0.6809864138420996	0.3225792149713489	-0.31318029399697456	0.13801041971616537	0.4382679663395706	0.08410940548637186	0.4947457207682264	0.29496313375232225	-0.5072224884848764	0.28084060143034084	-1.159871330017525	-0.579334038850723	0.3006125800698124	0.43681144790071874	-0.3177384755965261	-0.730298623561893	0.5825010301027364	0.856586512263605	-0.6252194858950931	-0.35534176655534105	-0.6721728457074713	-0.059523654113223974	-0.5047965911031698	-0.8627626992239037	-0.22412870084793202	-0.5983834356657554	-0.34374055618372024	0.7876714854108976	-0.004715295524169869	-0.517348827604775	0.107370331186959	0.6344366919591399	-0.32055008309463123	1.0674168176402732	0.4161028428201776	0.8661872752964505	0.037236720579648004	-0.044845622612877674	0.5530933140904207	-0.4775522756032073	-0.874763971243084	0.31469815035331555	0.2167700235199014	0.05582058000335796	0.2608212959696709	0.34523898169814615	-0.4551556692056655	-0.009779087490984084	-0.4360142274932839	-0.4806596678163908	-0.6750075954325975	0.4174515168564568	-0.33739234921745365	-0.5220326726484646	-0.5105062756418786	-0.032369355284645816	0.2817978177697633	-0.0657242686554219	0.33768758316653874	0.22074621698143218	0.4778391274865218	0.23584845476002747	-0.1560517698237557	-0.3716745292917794	0.20439259154359335	-0.6476049051274819	-0.3714133754082021	0.1285121299998235	0.30048715682344235
DTXSID5047295	4.102845079262177	-2.018075339009016	0.7303660610055712	-2.1353540276793814	-1.2427430608350565	0.44114636821778064	-2.526760192522421	1.958950141191699	-1.5031728116154914	-1.2127274240796622	-0.6228386996443992	-1.161955968108048	-3.350300945434137	-2.4238959037043113	-2.6910775165041243	-3.7462042906926576	-1.4901637763622615	3.9013242441395257	0.630631119982927	-1.2654782754592144	2.4806783788251225	6.520020276805439	3.2210784948115934	0.5199073473433867	1.8666717675370752	-1.0507575877089317	1.015089207914538	-1.379847312755383	-2.5335721254665295	-0.23344087695216562	1.3200160675365107	3.729289781301377	-1.5706732437306756	0.48979179631087033	0.8391511398900173	0.42728174599399643	1.1892580183724455	-0.5442127736580807	2.494235155445005	1.0935323244024973	-0.22052095095364974	0.7154976048582941	-0.3875973043954009	-0.5622988009559784	-0.245056952274725	-1.7460181175511287	-0.2553286010590398	-0.05635094745121507	-1.0357241185412454	0.3694112332010159	0.325606212560765	-0.9996724193853332	-0.870206076297734	2.221050730035554	0.4243748500084849	-0.23218906042787807	1.2224479527296983	0.36219523724102537	-2.451070393351783	-1.8373602359006853	3.157813697623181	2.808093551256659	0.15095790039379628	1.2640033754392486	1.1041806215248529	0.9797848724094307	0.37169623011945474	-2.7553592885942972	2.690928642309549	-0.5992286763982986	-1.755301877623772	-3.5156135698140094	-5.565214871213607	4.594947743975919	-2.3821535541623517	-3.2036831053452715	2.392848200152052	2.092414054342623	0.09802413583785799	0.589543103736281	0.5828708580115863	0.5927385747515072	0.3183664472491972	3.1196756019626926	-3.406357934722612	-4.539518559766583	-0.8826075632086986	-1.7723018904661054	0.7901394190479658	-2.8312369096772048	0.7070739602528863	-1.1818127510398575	0.15000938755868137	-0.70338323519579	0.19373220666458832	-0.4749855885317026	-0.013886881789554469	-1.5220138222579458	-0.8942336433144543	0.13733374788611227
DTXSID9022734	5.030965439593768	1.136778061838786	-0.5905529026112124	-2.2732693657216254	3.5165980884413277	1.713770713747968	1.4195980022102914	-0.8884058918675447	2.2089707846388675	-0.3408237394521335	1.3258018829061569	0.7533183414699484	1.3323369240650684	1.3458104562385163	0.08575548900537794	-1.331111344577883	0.32851239620482636	-0.8164750702974541	-0.8391682775965325	-1.1754347072531095	-0.8280783875935877	0.33591802100196627	0.43602816412313544	0.41762983350849114	0.3338043835552726	0.04892890586802413	0.773845931909176	-1.4360260325703413	-1.283141115567259	-0.029871958853263575	-0.7469528776134527	0.7651145858530433	0.8409983747061122	1.8124733477548758	0.29444389202044724	-2.852782934232306	0.7643368605234055	0.9778757091018176	0.5840389811608364	-0.6065403518230101	0.8854002836788973	-0.8201777606608894	-0.15565440983178824	-1.6592992340328492	1.940202179064374	0.19362864558183066	-1.3403869028189872	0.7839697553846318	-0.2523298217219997	-0.49325210640510647	0.6344742455914315	-2.4851829020258074	-0.7751605939502935	1.4337681295181584	-0.8231862637159277	0.8041588246079261	0.0651101224315539	0.18022837106393183	-0.15939290056165314	-1.2409837752880788	0.23467203987552143	0.043908434930152514	-0.9897053331071214	-1.6760215244248233	-0.13582462855275235	-0.06002417330177163	-0.9769112608123469	1.2390680766867175	-1.8048686567770427	0.08491289552986048	0.649562673473603	0.6130115555238589	-0.8896150467616665	0.5209707473198834	-0.16580310066696444	0.3138773797203107	0.09172276135141809	-0.54047923393828	1.0347329094866562	0.07305920388865964	0.6617374486082783	0.060137554068295095	-0.23227790047257524	-0.4260321401481102	0.08216343124808008	0.18975918671012615	0.038001197085456434	-0.03206571244900271	0.11172063782067095	0.6445945999148041	-0.1460410680850541	0.273895449497526	-0.5019495062625636	-0.5488360284120744	-0.025392000432923147	-0.6112806908484402	-0.3269878237071948	-0.08955804796356506	-0.5733648083733157	0.25836732166582216
DTXSID8034538	5.047154355622694	-5.9018248508989055	-2.7865704006100502	4.034372900935095	-2.140137205074648	1.5135629192999032	2.3480330110048735	-0.4880743700197617	-2.323110737483664	-4.854090486614453	-3.271702700574974	0.21202513134511924	0.6275594262209547	1.8031984488822712	0.16579995068427017	-1.6072911897454838	-0.398224099023286	1.325768947039164	4.792298567549444	3.208674090428685	3.5238885686861914	0.6256803512334475	-1.7826840770505632	0.45435020435545004	0.5055602310859848	0.6091239065224172	-0.40918826900738764	3.7842866480928805	3.5319733044234756	-0.4466864844083022	-1.495943185211458	1.9750291948054783	-1.274682858128986	4.145545963014056	2.0225441050243957	0.41511005260718936	4.733918707885813	-1.5949640518566024	-2.2505857019616116	-1.3752579127977724	0.6049322382581568	-5.210722516425957	-1.873633367413459	4.946686785059092	-1.100575451004869	1.3871772343049373	-3.073358152536857	3.4795002174751457	1.7628763161619843	1.4814005876594223	3.716728376601487	1.9251047011712703	-3.895174780966423	0.32521713584955025	2.0513818364319656	0.9232402712006051	1.2536381971646848	-2.9219283931533973	-1.8281750626350706	2.993959312810744	-0.6575851564738383	3.9664052137989074	1.2222004223638376	2.6735190819325205	4.401132346751397	4.252923876419048	-0.9389832693499273	3.9239544430082667	1.2180706064255122	2.890852718718521	2.269614343412748	3.86970853400122	-2.687383296826064	0.21911255439304697	1.2277158165527773	2.9492455068475354	-2.003468201755863	0.13492405037987407	-1.7873171816090103	0.9561040270937228	-3.1613172511140037	-1.5951355017970879	-1.2604286715165074	1.127795714195773	1.271909479993691	-0.3199939395913931	2.1207313220024417	1.3286152264657294	1.1350659953318256	-0.9378124905417006	-0.8372709423209307	1.4424736008286179	0.9410795565029082	0.47140363196501756	-0.4219223873540746	0.8455797267821766	0.7621285142245048	0.2865651205989435	0.8179884528176323	0.2380117049722218
DTXSID4051900	-3.503742772394234	1.7838920366867523	-3.565128459330416	0.658882260652804	2.0817927247115318	0.6536650697210844	2.3072659924855974	-1.1236220531770327	1.4949551669546775	-0.8578157890344261	0.8694459879023246	1.0930986493457149	2.4989431792698458	1.1310859095362997	0.39605857320648674	-1.4720857734963024	-0.39284873814913435	-0.603284274422066	0.24898526080847586	-0.40299733768106955	-0.595837161950834	0.2735150096120269	-0.1621137591374611	0.49209725225657663	-0.023500315190811007	-0.1845013433682393	1.1620615728766706	-1.6738596635313872	-0.8556939941395695	0.1711581153893812	-0.2350859063845959	0.7472979190612481	0.8281303873599914	1.3590781118654962	-0.09648479457473995	-2.46833460471261	0.3203452942328098	-0.10912679517172517	1.102614020858989	-0.7781773800514795	1.009596513770267	-0.8555865473734525	-0.2893744154558129	-0.7118696036973872	1.919280108229131	0.2613330561810009	-0.7282955315434062	0.9437444608049604	-0.7036994323052083	-0.6389289088430762	1.0052908634526942	-0.8392621947336669	-0.2843359291605996	1.5500705929436451	-1.089699295565436	-0.254026619475447	-0.6222355180075629	-0.24642179354571997	-0.3876257625883026	-0.44955073589648137	-0.042453500906842134	0.2779699125452415	-0.937394140469625	-1.6929382653177785	0.45485321258480094	-0.2795507960812952	-1.8101851950083736	1.0621085157947072	-1.2090775923547805	0.42144787836503755	-0.03365110908477892	0.1963767125105871	-0.1128127990201832	0.7617387102109752	-0.6330056488073769	0.21386044282934977	-0.39115605223594324	-0.41106239063757144	0.9786190909357675	-0.06729602308957361	0.04351645332701553	1.3034018627777446	-0.5830029254985059	-0.14073922409114953	-0.651877411492004	0.3725224444210033	0.09985691746551074	0.016720732172495822	-0.40490281336816525	0.5317022365541554	0.5527593573803825	0.2124692610886327	-0.35361209255031245	-0.21127955126759154	-0.6094853098836358	-0.452559593774938	-0.13051548873420335	-0.2109260125195151	-0.42268547865416956	0.5467160179127225
DTXSID7026235	-1.5801153038209128	-0.9820341537649394	-1.731641048215029	4.631979757477406	-0.7436651723242255	1.106372499786241	2.0287876621118666	-5.3532234118420865	-0.7912215701661677	-2.8660028649439897	0.7561041752966954	-1.4896436210948525	1.5908049674365292	5.020532786935548	-2.528707239698797	0.21557161549362094	-1.009906884685422	0.3673674346430807	2.8720653921345365	6.045470542523319	-1.203847479408171	2.9290154231663057	2.589038257509572	-2.1868479590073697	2.6718914624810797	-1.1977155875170644	-3.250645564733114	2.532719260861471	2.7774098345715332	-2.7917989408124204	-1.4712914631567966	-5.077770745037719	-4.974634950087685	2.0363408271888117	5.004374932768338	-4.818368690066892	6.860658662999221	-1.5945364642636484	5.163543418083494	1.2485572450814708	-8.61015985744872	0.20977152590825254	-2.505491727163919	5.135969480942516	1.8016561291553865	10.208847122822863	-0.06398747813734525	-1.614865837346732	-0.703287269262279	0.9651227778891716	2.6295490402294086	-2.9472274309246873	-4.152997098569819	1.0410610702359735	2.5347014196452324	-4.803551902082166	4.409933877670919	-2.889575622961725	-0.1395989315154056	-0.06822319770913422	-0.32783260017478855	-0.09233121439801523	2.8846832636534367	-1.2574948128932713	1.3475863941843416	-0.8246905164200076	-0.41864058664335074	0.17227700297485316	-1.3283371629324552	3.4509296479618827	-2.4335670106962333	-0.5310355186189952	-1.8589290358075294	-0.8323071591574095	1.1315009759130714	1.6244880433486835	-2.0776442675105105	-1.4699091093769892	-0.8508435559050416	-0.6994088522647017	-2.2609056434513093	-0.3770053481368661	1.3036159674203092	2.0124438673640968	0.2413509163012459	0.7709346786742195	0.37911279544024096	-0.05586695376762399	0.9716629136321507	-0.02837696171246835	-0.5574054437163124	-0.2480147203996005	0.7524259817022806	1.134904909296455	-1.154672569870899	0.26527078030342766	0.5372506757213984	0.22478577110903164	-0.3090163003686857	-0.8130937608798696
DTXSID4046230	4.630707599696471	-3.3506493533187163	0.9817630499795237	3.040532657129779	0.5910506036175289	1.555475924821773	-0.38608403291883714	1.9875715215487404	1.2784570925065792	-2.1452264436338004	2.6076891048961417	1.1051626585704935	1.1030904671842028	0.09850318680381334	0.7731160869720088	1.4495644806274417	0.3441091843188817	-0.3041128201483374	-0.9436763552409572	-4.217444348653893	-0.5874768326438858	1.530549503273963	0.17525206536391183	1.2646618723369067	-1.8169923877118792	-1.848922360123001	-1.1933992181932673	-1.7253730620905012	-2.4144921077917334	1.963282370920024	-0.17705467192184315	-2.227544693026161	2.151258808969685	-0.12563682661252054	0.16242052101624146	-1.1670762025302226	1.750196781514593	0.5612776253848286	-0.39928316421522797	-0.8925699212904341	0.6843734983421049	0.8885359164946406	-1.350738116356212	1.3740367468774273	-1.7052732488403848	0.09152816450828387	1.213831873352785	-0.43198437411117985	1.1260150441054797	-0.4418949794966966	0.19039158759559918	3.0203967167516694	-1.444467014176436	-1.853265490352637	1.521293352884169	2.042805900798019	0.37589748668581374	-0.7182833358352433	-0.31259807038030507	-0.5598867543189001	1.1482991561868365	-2.4936575825311453	-0.8718074639589273	-1.0771443647967227	1.9490680601848365	-0.03935490376012081	1.3035201566441474	0.051738684126945454	-0.055955602263642754	0.17366798618256907	0.17796273784073913	-0.541357948884759	-0.39534667804149093	0.23395720804770478	0.5313316747573642	0.5978104549041308	-0.5803971525595353	-0.27058079023292053	-0.8587996253015064	-0.4765047408271073	0.5673915386096848	-0.6893773596723051	-0.37608756729030357	-0.2471220942979607	-1.441607897976968	-1.6685588488676633	-0.3775898026398278	0.4638436571886308	-0.47220904633198363	-0.38584745616168725	0.9055909519943538	0.32362161243654597	0.41823597008333646	0.6714952591136479	-0.4284493762979176	-1.1647138120383143	-0.4518272068702456	-0.30197580760021364	0.45934919575909733	1.2959619559863338
DTXSID2044892	-2.052338488766269	-3.3566090062301703	2.6227407108721863	-1.4379888829146574	0.09213238001229469	-0.6031765692550604	-1.6308406862993061	-1.5869407704909386	-0.003117047370254242	1.2750819198183554	1.91221235239407	-0.28456244909191436	0.8777042270529382	-1.2402482760624673	-0.4396909677699149	0.6916118654111189	-0.16589236425370646	-0.09178924702036045	1.2021508713184887	-0.8036496390632906	1.094509855317567	-0.25809950787610253	0.5647625071493718	0.13728350160564928	-0.8443913761886469	-0.3820108733884011	-2.018177858421422	0.49853031264553604	-0.3636061383700427	1.056255513949802	-0.35447954953907296	-0.33134551244831234	-1.7810077823070785	0.42233982947921944	0.4034571042008974	0.9727162558402336	0.7452803296867103	0.41974416526934877	-0.4829219710072787	0.04365684229328807	1.1996313209050133	2.7211482345182567	-0.5703166325307429	-0.08969659418655496	-0.12796119829712993	0.5936795870450361	-0.013535188062777972	0.6974920213926463	-0.5486723793206875	-0.037934124029578964	-0.7202453855310706	1.2415802650024883	0.6294031852338714	-0.6968060518403287	0.8014855491312765	0.7769569475962563	-0.23924471948770257	0.4374605252605852	-0.4022021227907357	0.6370018235651073	-0.12159049741829028	-0.4090126814173333	-0.3670658252454019	-0.21832513712909923	0.07648112334946143	-0.922604492733876	-0.6242476083928157	0.47034202208203796	0.8298280998013999	0.1315764583979411	-0.054749061938634054	-0.12319861169328779	-0.5196420151538025	1.1350781293647092	-0.8076349666154194	0.34413307918247976	-0.36539316762392376	-1.0164634322822825	0.6876265745032746	1.5463114020312887	-0.30375687103205523	0.5321543334941418	0.4060893011926612	-0.31489453917849514	0.05845113704072132	0.08600444679424239	-0.2346824957272083	0.04128776705987643	0.6962037620409243	-0.0029950526552066873	0.20655054113084353	-0.23078424340878437	0.50701470253281	-0.2811066757671714	0.4378054398802015	-0.32746679702585973	-0.13242654827976985	0.0019745075917318154	0.04211135001857312	0.23333262481907155
DTXSID7020342	5.851281646790584	-3.088642336021816	1.7234732442619287	0.9794050352079701	1.6389285008752505	1.5822603732058753	1.0514895091169822	3.232450626196309	2.3697695926098286	1.0701493599888843	6.8900236096442935	0.837916151637467	-0.9237714539141092	0.23432936390487427	1.073204345552888	-0.720593778274581	4.766091419767188	-4.036012431534759	0.8893178088716668	-2.2349185682158996	1.4205246146719297	-1.8524758118352986	3.7330427921408353	-2.0130678679408307	1.114426730841205	2.2333860939031465	1.284993167959861	0.44959458305007827	-2.4422464191830375	-0.8175492764023132	0.9478491579476398	0.9373530200172434	0.6928739724755066	-0.8454099083654105	1.1150612653869354	1.5558273214574354	-1.0381195900782105	-1.5991657005143929	-0.2014693360803222	-0.30032240890205625	0.3765399899764408	0.8474579758679267	0.1721950288358348	1.9456224050630009	-0.03980027541491801	-0.2903391725539435	-0.26803523750823105	-2.264297886722175	-0.05052777360892361	-1.3469110739481889	-0.3890995750033561	0.21892513862576118	-2.7098477679934696	-0.5781518166439559	0.635726415832664	-2.232574329827529	2.0992588927173927	1.1830112067864293	2.4550566692980986	-1.729110734961766	0.3034907755952862	0.24756111840492137	-1.1399079874317706	3.5345002396203427	-0.5938791582151998	0.2274547995979111	0.2807124157027638	1.2750236701864628	0.550254000097061	-0.8654181830366887	-0.4734531118567843	-1.0766622010805142	-0.6564406223422817	-0.5236782309393675	-0.6707481009587822	-0.3337878254298545	0.9954271062263053	-1.413738217028931	-0.8448081632463625	0.9574117929961595	1.3591001434071592	0.004627753941197165	0.49389033575940494	-0.15295819525877463	0.5867938290823347	0.3304948280466869	0.7996897887536292	0.9948027166999748	0.512547510631733	-1.2658887432744568	-0.2757644228880403	0.14709765427242755	-0.1884694960702289	1.0763452900280115	-0.2846934689164783	-0.24374732912152938	1.3519121873931532	0.7998965433108902	0.025654656786117197	0.9115434446447241
DTXSID8042052	-7.135578399098823	2.846695931819295	1.602603679569011	-0.643970384493378	-0.9629458903753062	0.3884530978933718	0.44737865000314975	-1.0494316999649829	-0.04512498930572515	0.10641931358769292	-1.0319325873590208	0.024383512100610922	2.3187013137014754	-0.18600821953950308	0.5032446068536605	-1.0162052982192764	-0.40094498603199147	-0.24515880535446885	0.9268753300321614	0.9058509580535157	0.06176443860350015	0.7148516488606869	0.3731876191044631	-0.7340136586738992	0.46144938842319166	0.04739301162758665	0.175106699758642	-0.11704513961370633	-0.415642829500982	0.760886195583132	0.24641651264352926	0.23764189710878242	0.08044926518933905	-0.3026108766620246	-0.4348534322805021	-0.33057434149734755	0.14254778972050677	0.06860874106197659	0.35269955005043885	-0.1447302020256252	-0.18184037979700257	-0.4355563427866384	-0.11952280712528551	0.1104901327653948	0.160720619355609	-0.4724610993363852	-0.12220683369866592	0.10884320398722211	0.2560376149312074	-0.3907412531856909	-0.051561509908873315	-0.5509529688503041	0.0323862754785805	-0.14657321166374843	0.5277368250744989	0.20751490367390507	-0.20632888960360637	0.2342043759991633	0.20351935659369955	0.5044750887518101	0.44386444446721274	0.3079742243391679	0.15174896214708924	0.3643030832947484	-0.48592255440943477	-0.3551568305395612	0.06129263942528531	-0.3619546754766216	0.050362495334898845	0.18587525989673523	0.6763038784653979	-0.31174271233391987	-0.2626476389733171	0.2866742370757767	-0.01984272524590818	0.11477483890386704	0.1049849989771178	-0.12139720464320025	-0.3089221212694326	-0.14129837120343394	0.031481643963494135	-0.13582822430676122	0.22123834495378433	0.07678759622888547	0.6248442469747503	0.36002866081556345	-0.3002547242798765	0.4744586943665567	0.2545632027330578	0.2507210635402161	-0.13566414063378912	0.01421196392853393	-0.009909693271310489	0.20557115027138553	-0.25329175430963163	0.01212660626076256	-0.40623930682027914	0.08238264608227118	0.442612477136751	0.17879394152756053
DTXSID2025347	-7.32416228255175	1.8888121153408095	-1.4361661955607987	1.8620616285832237	-2.500255565690454	-1.7072682026054322	1.2540236976204644	0.5731591721304451	0.25791988786853365	-1.657844499925381	-0.29670270438545293	0.0754257508010738	0.45480485546202254	-1.6584282176249936	-1.11310880034459	-2.398520736433804	0.026083228207180016	2.9217377147870245	1.9105548746314587	-1.9596976675335904	0.8336404941452826	6.202949010927044	2.79098322240698	-0.2713612378564825	1.7853288520362272	-0.14775219714729249	0.7876100036517415	-1.5465388884818205	-1.8070867433278799	-0.2333533591447279	2.534483649557869	1.5757573322490757	-1.6155548728097016	-0.71114560527971	-0.07944238320133504	0.8577615943308526	1.780688779796995	-0.3737810898539656	0.6877604294817864	-0.3516997140400727	0.1529431594969338	1.378438514825175	-0.07707893038261704	0.6027795444068166	0.3326481196730452	-0.20123455319492814	0.3470875214946143	1.537082011559478	0.4327042248667808	-0.9045826623890579	-1.4861942732922966	-0.8749593531773332	1.8279410009092376	-0.5134244949350966	-1.3279969664288398	-0.586059151354856	-1.516712465069561	-0.3670617244875043	0.4241957560940744	1.4429536769530051	-1.1870365152054843	-2.35509644964221	-0.7056252142221712	-0.666652675372836	0.644036524207373	0.6067683516489315	-1.5159286658238451	0.500647744001638	-1.6208781235791445	-1.4636521381490881	-0.2037700450474669	2.461319533482727	4.490822068981678	-2.127873028566943	2.2583575752323073	2.127094277633408	-1.7088387982477653	-2.196564057673377	-2.01231783488042	-1.1798850706812396	-0.8302944079286279	-0.9179391019277713	0.19316847729020764	-1.9231875210758866	0.21225074830222784	1.8241326491853886	0.1785158982003314	1.7589462651176522	0.6209417335123397	0.350664996590899	0.8300028075825808	0.8576489647546564	0.8830993281195982	0.9983379013569248	-0.5722958122872898	0.5685730956328203	0.07790231298040472	1.32355363353164	0.8566481566649499	-0.42696098533477767
DTXSID2046123	4.9258617788676515	-0.9794673296290788	1.203480775320424	-0.8345295544367377	-0.6875086162147379	1.126347986130175	9.034997398538973	2.5116222272094237	-1.401961079515191	4.387471915554749	-3.2690977921591546	3.1301086121119748	2.7772976934877445	-0.06339229535860919	1.9938446540438717	-0.8045283957836846	-5.683116599258247	-2.680450163151295	2.05148088883512	1.4165705494222391	3.5998789288931614	0.13280181042589054	-0.08434755509110078	1.51424332504913	2.95430450311496	3.3712965300487117	0.06559713286977574	-2.6577910943532905	0.9543495029813097	1.904134977250313	-1.9265360598811214	-0.4787052222799698	-0.7976622147517274	1.0294790209692513	2.042037393046981	-2.6682330112954338	-0.364159317262135	0.6935994572726563	-0.8925357097986429	0.643600682207579	2.0985491377875234	-0.3433728610403503	-0.9666465467343138	-1.0100998936553063	2.675735845439538	-0.2284177652408371	-2.5297740419984764	0.32992303682483015	-3.8106543846868695	-1.3205429260204946	-1.1952624161896481	0.6111967184940458	0.22362932851433115	2.8068377386970345	1.7716311749228606	-0.018806924469684072	-1.7842578848488237	0.5848712111061474	-0.27649363320289444	-4.191188975973432	2.889197586136602	-1.908089611962052	0.728794304816469	-0.6751402769763201	0.7764101609612865	-2.1658415089563037	-1.633126622000729	-0.5531227011476432	-1.8987440486574552	-0.09112837853797502	-0.47087885075392527	-1.0362791046530289	-0.4285753727511039	-0.3778272335971327	0.10759986038260454	0.4674098831170554	-0.9930012771444509	-1.3496968686099946	0.47643666468613466	-2.35507537160242	1.0932656265320424	0.39277021472842616	2.9404143142491224	-2.8495769348094973	-2.3664523264124315	2.574301779676737	-0.36666830348552254	-1.2111119759005349	0.32954007128926127	-0.4365002926601906	0.7693679212213125	-2.607549851253379	1.4675066702671506	-0.2795021184856766	-0.15618279793577408	3.6146821684492823	-0.22942602964723113	-0.029859439623899246	-0.3492235162659359	1.66917652876516
DTXSID1048914	31.47602151803051	-1.608634294243394	3.1021692094057824	8.813508655544656	3.214844739955492	-0.5655488392436514	7.574819036214623	8.395306555927514	-6.285373007574313	4.65462025992625	-0.7140706651773991	-2.969474001751244	-2.9300560818584787	0.05802439966254466	-0.2775152112179567	7.199325266268624	-6.737566144451049	-8.135957188985198	1.5849909401854445	1.3863456849626323	-10.55165655947573	5.3922342659739755	3.9825369442674035	3.129973764630641	-2.705874411615596	2.007533675927938	0.5884485247401411	-0.20937007110198128	-5.403399878209949	-4.355312751288133	-3.4244284208509272	3.1147650987930184	6.364714152737392	-0.28963452357782354	-9.006828855494156	-0.37117216265971753	2.07402779306039	-1.751212803971649	2.900792908234296	-6.598498696459216	3.7699559918954435	7.275705275213597	0.5025379684643336	2.091819022378927	-3.6314680314170635	2.8415237562899582	1.2222147183578973	2.9131872126858913	-2.781847616483048	-4.4990319826037535	3.8676673790342884	-2.7814771996275054	3.529231827653322	5.259001086233192	-3.5111758634975065	-1.831816335454857	0.43003644690814774	5.288295325938932	-1.8259238808999154	-2.2555162853199637	-2.0694836168214255	1.424684535126724	1.5855919961669132	-3.285229963007584	2.978347294669568	1.6138622017402677	-0.11392052763282705	0.38380899422474163	0.759340463675454	3.821908101038367	1.1807475219667491	-0.3114578069128247	2.5419842069692815	2.728421155093224	-5.82457952928683	3.2663270676821323	-0.7671934412978357	-5.608844492691812	-1.4694947746325189	0.6290443270557649	-1.8672378369097398	3.182597259879342	-1.4614229638892735	2.6461226596959455	1.6617333382568749	-1.6588268282301313	-4.322656079382401	1.6517901625626406	-0.03153498057700987	2.6859423240316875	-1.6266045530317121	0.665005242612682	-1.164864034907482	-0.4603475894450944	2.344045144102017	-2.7621744600635383	-0.18055651325818942	1.7017688648208364	-5.150638830632208	-0.8606747166468705
DTXSID1040661	-2.9952853386154645	-0.8569203885922515	-0.4179710344651587	1.7220454896445705	0.8323250055655215	-1.1208766113783633	-0.54829548289671	-1.616792630804067	-0.5945727274358948	-2.4905564817569803	-0.3958858472210229	-1.824362248374525	0.37278586272233777	4.603817693184258	-0.6995260464358886	-1.4560104229966087	-0.4015694682092868	-0.3776235900232111	3.4335000273040768	0.4046314616916658	0.7766935169583477	0.015304048124141168	0.9814372278483191	-0.5243127027747226	-1.3926633171270286	0.6626374150945264	-0.20907466510528952	0.3924451144605194	0.10669694766171879	0.41746227624096177	0.8194043275125393	-0.6408367427774518	-0.6226444044317117	0.10997521098321923	-0.0802831219071921	1.1233366697360165	-0.34530337531641275	0.636318347373586	0.2372009771072801	-0.09735590761211008	0.8293164928899198	0.839416751352894	-0.6688599835416997	-0.4598538025210826	0.49610179699175816	-0.0825950935261511	0.15727491351347173	-0.9742000733792038	-0.23420789674032033	-0.5695987120479833	-0.6342381151845018	0.5397826060520224	-0.008977789738570352	-0.3848021723467055	-0.2101001761483338	0.4827098641562649	0.2752458584421445	-0.2159723984337408	-1.077099883859127	0.17086628887223015	-0.24352906984443995	0.1824243901222381	-0.3455160400103334	0.7044270610831843	-0.09913224903741645	0.4544343518090587	0.04607885645398762	-0.23247249162539707	0.6834592234693038	-0.23262623976054472	-0.8282017032805152	0.013885977773157084	0.30321089165961573	-0.14514771504097712	0.08413785386246285	0.14820201802249833	0.4918930342741274	-0.4223763762701339	0.5894255638877806	-0.2154342700122432	-0.048214401715561635	0.44619819581289366	0.6410182130658941	-0.3927953967638538	-0.9499905948530262	0.24096984806461935	0.11421053567440577	-0.21226322364916989	-0.9502865461971087	0.022533463266295326	-0.3782333491475185	-0.005736362851836601	0.11144494700923897	0.27705612741156666	-0.13271466626908354	0.06283289692054864	0.3439108084345812	0.14755164316376737	0.009686115769856661	0.28865952371877834
DTXSID4047096	-4.385291516106871	0.9817769520044553	-4.21079821273245	2.657326758188335	2.052165188967182	0.1870097708516141	4.407880899488206	3.4899534577755786	-4.584422864478524	5.354283682876419	-2.1581737193680604	3.6754134552816344	1.18922381088361	-0.963229977655143	0.9500489146382453	-0.44313833241489126	-2.02058239862212	0.3958699813957506	2.0644960570984616	1.6454123386485524	0.24682512183778121	-1.9935521538167391	-1.7533352469442955	-0.19432962190918462	0.5052427540696836	0.574440946189441	-1.0232195716151995	-0.6315776014477111	0.18450837824705651	-1.1829559065916764	2.2152251940470933	1.7302822185686635	-1.8177727780082542	2.238788731262432	0.06487927625419979	0.8029909100705677	0.9898757633031106	0.7752095681949505	-0.6314947759682057	-0.18212754313667828	-0.26653574261499263	1.2219753638236062	-0.24194157095266394	-1.294571804340065	0.3313797677584874	-0.0615914381181294	0.5308012537012643	-0.19178953321740086	-1.8580866116885053	0.556294059323146	-0.006367390866677442	-0.6827953070110334	-2.307586833906546	-0.21180603028160735	-1.1790350519093467	-0.37958123374753927	0.06760341386837038	-0.8665512719561301	-1.1489272830733497	-0.8645093400520745	0.4573361106331857	-1.4317324709114052	-0.6504020931329412	-0.42679845241106773	0.6983497806282785	-3.2828710474127343	0.9329050965594519	-2.2549850677846885	0.24130772152321203	0.4861198452797309	-0.26706763829067465	-0.7371088902566844	-0.8769532608138415	-0.43631075011761616	0.5583586435426633	1.499579873333852	-1.238821682458487	0.36782113838755187	-0.13503231072056449	-0.8130166892529984	2.3264009649355577	-0.7615509102974841	1.9533014690050123	-4.178114248612153	-1.9306743897676866	0.6984598860044546	-0.42839130109208423	0.5592155321803597	-1.2422944373632474	-0.7711665188448679	1.7810492677456642	-2.4029246913972617	1.1672682263292475	-0.4641188003279817	-0.617551148722091	3.1550791222961627	-0.7958495008235501	-0.46867451816519423	0.47503219635689814	3.116189741022421
DTXSID1044487	6.356115195983628	5.271412946327056	-2.4387406280671695	-6.223841192408618	15.921942226878867	2.087182597654276	0.7644949230701256	-2.0026517650216986	0.539121419950873	-1.1121072363611486	-5.085352994228052	3.731892458949753	-3.9539588979596667	-2.575964555367407	1.0135995150763686	4.227721914123577	5.359581819247526	-0.00947855259673401	-0.5583978632900064	-1.3625868192716075	2.133109021982847	0.24255993476611976	1.0730243242129662	0.5988563760604932	1.771864067569282	-0.9338577805490244	1.1623025251339145	-0.38255436846329816	3.344465202588623	1.1816533828003555	-1.6080615912961203	-0.7440464407607742	-0.3023406527709997	-2.290561170100902	-1.3986546465575398	1.6090597307015408	0.36448471750548245	-1.3356208010091475	0.5035820172618904	0.6650955703351317	-0.3294523824264316	0.5839627035834908	-0.35247691310197604	2.840212834739654	-0.3587334859283778	-0.7770599937899836	2.200525115784247	-0.06576762574925409	0.3442974983320635	-0.7648296728785491	0.2729016456818513	0.706054382846076	0.724513429548084	3.036727499409035	0.25595932939399163	2.374999502526358	-0.02261862641161984	-1.7162399478218169	-0.9247451784077011	2.191873980721539	1.3928540300893144	-0.7532966687637453	2.2822182556567654	1.061578207660772	-1.3073732080610951	-0.7960638562567245	1.9297971690286835	0.5437379318988479	0.541831467732643	0.39030073938841575	-1.4722904218765351	2.014561527285039	-0.745236272904526	-0.9828892786043818	0.04384305768783272	-1.1358003928540097	0.36976418941330735	0.12263464388246799	0.22500859943353863	0.2270851072607452	0.32630243241883655	0.6491609240712276	-1.086282326390224	-0.6685644856815204	-0.5154245015001546	0.5049609062254407	0.6504702143270122	-1.5141377375006762	1.0469973885850379	0.3032014139597623	-0.331723036768809	-0.023289333821288113	-0.15174889642005632	0.1255821002572985	0.0512636176306918	-0.2828004745190606	0.07556258707952662	0.35357603566031687	-0.24824030403579064	-0.44701524683408733
DTXSID3049207	-4.510467189454397	0.8433339067649612	-2.5043614370734364	-0.6111599793152132	-0.15337989083046508	-1.6232938862285002	1.4107210275077429	1.799331894667608	1.1985117904731533	-2.5710273326014086	0.07984099465695196	0.45621018923213497	3.3838812861149017	-1.7926624026465607	-0.0008357033377104997	0.10092963691496289	-0.05973555113706194	-0.14413251988862372	1.2436337754466438	2.335831942782805	-0.9731349703158613	1.9458355061295263	-1.2302988655492044	-0.20080280646082288	0.755852107876895	-0.5430236865926252	0.9896960542520685	-2.1655596138403808	0.8820592248922523	0.04495487567805338	-0.43853230692687295	2.52979422012579	-0.3263421564755036	3.6021755943122775	1.7695455081631148	-1.7715991591642866	-4.626416327092426	5.846336426881285	0.05360732488470688	-4.112146989012106	-4.829635813973023	5.131058755515492	6.084525985411949	9.57472358224334	-0.03980249403725804	-5.305660879835934	-1.2040418237707171	-3.298558120662877	1.7248603590198386	-1.0137308005644716	-1.2539842303811861	1.355217657112943	-0.7828259108231894	0.19371257099179914	-1.8543900492155765	-0.029884360025473723	-1.3746908970237537	-1.3947488957642373	0.7490918411053722	1.4628915153726922	-0.6880478735920611	0.3856213021451587	0.0945614718284543	-1.1620251759395714	0.7028880260562643	1.0415143683508132	-1.4609081457341613	0.9852517991785823	-0.4565279928457099	1.37190213558871	-0.46038259623315525	-0.235997675875318	-1.7830636293805961	-2.4423026378879986	0.24103671917006791	-0.008575247365860676	0.9475758131820292	-1.0870544976806369	0.23326087271628415	0.7793985051518273	-0.6845950862727106	-0.04010617368021789	0.7842326821872274	-0.5654768855274502	-0.5669701658517258	-0.3458736234717662	-1.5913960839021088	-0.023955831844311236	-1.3853896445247693	-0.28756054703731526	-0.9093614347135475	-0.1111229729075217	0.505768299008857	-1.148745848968997	0.17406509117103425	1.424178177934898	0.9394902048112271	0.8414530884072191	-0.3847328931557181	0.23714058322107887
DTXSID4023414	-1.813532922955445	-0.34574921709285833	-4.735240444237114	6.251590017458196	1.336165050457476	-0.9851375183735525	-2.88353618379862	2.164120257195168	-0.29716550671387376	-0.5699467638011312	-1.2758690416372398	-0.003020856027533701	-1.3049453621345362	-0.03397519274744585	-2.760769007235463	0.2464924531999241	-2.7685683736574975	0.595160607175071	-0.3121852788571297	0.17555169123427714	-1.428977761790467	0.4358492540399125	0.2165315821226976	-0.7498813270384566	0.5553979404633329	-0.9858018773775625	-1.603556110436177	-1.2108829194307522	-0.15782793457783412	-0.23265569598329158	-0.2425308590797827	-0.10844010182631879	0.8124272182496487	0.019282688944862462	0.5041894184974817	0.16346937159908956	0.8643687907797004	1.493351232758018	0.00328842874571847	-0.4090135724139503	-0.32759081376304017	-0.10233858991018427	0.41291274089944063	-1.0121693862924441	-0.3293016856107319	-0.5708983972008935	-0.9596866506711456	0.16350338973302683	1.4344665816838458	0.11905328894818476	-0.41306496917309227	-0.023045515623162382	0.7684156511797969	-0.7892361197452658	-0.32120187319492866	-0.5188717684006575	0.03555982144772245	-0.5258689661965928	-1.9726709611096236	-0.597089581359566	-0.38032618246393163	-0.3890302440574388	-0.5069856938251286	-0.7654264084684561	-0.10737577380934356	-1.4729906792745853	0.865663998489361	1.0783027351928614	0.910351157852893	2.06747457845927	0.1288474697980451	0.058471456828318724	0.1589987674916142	0.4777080828349913	-0.8642119969131965	-0.10343300626593917	-0.999366224914181	-1.689626787378175	0.2639908606449159	0.5733748598597154	-0.031588524881025364	-0.9676515061189382	-2.8019504249461913	0.6745129060508243	-0.0032071112039208554	-0.0473177510729165	-1.177744944679524	0.9917844544916062	-0.49596073052056894	0.5235082804347346	0.04126415468304307	-0.38843826910639356	-1.6447232771611868	1.531160485187026	-0.2703390465482122	0.08804277355361213	-1.78871585055658	-0.31851510765909696	-3.756258384096045	0.346434036248376
DTXSID1048881	-1.4069133854792855	-1.2368976714051922	-0.6022629023130517	-0.12324129907384418	0.8635419193503635	0.4563853624864325	-1.0169580790475772	2.3311086700797534	0.36399620226072116	1.5350590596392364	3.067761031148872	1.0414928606856246	-1.0564776970806098	1.7417061514273646	0.8177715303960275	-0.47844783670131397	1.9213231113328757	-1.8577578970242026	0.8100135834331111	-1.160590043762309	-0.09096798585166208	-0.3144633175481473	0.264591099067895	0.6851530652061409	0.5195623910771593	0.5742474158590753	-0.1649596835305033	-1.581220410790168	-0.4473197104687669	-0.5725334524229667	1.61846033507529	1.0583148442844807	-0.07356701432650667	-1.2221485384747166	1.0067595595934016	-0.34320939983735926	0.18183945029675827	-0.8130105759260636	-0.5151615697414214	0.08567547422323744	0.4125431158277489	-0.1417632464308748	0.15299688918606089	1.6419672267933385	0.06022917747689407	-0.9420323345071973	-0.01679163464795663	-1.5592901595133295	-1.3194344756021321	0.13661724223417912	-0.2412964907434662	-1.0496318676020229	-1.1028473475443852	-0.4241078064503948	0.40800184371798054	-0.7073519488614419	0.5610967347412976	-0.3568423267235586	0.2402611123202495	-0.37203996654128896	-0.7437824153711139	0.42431548675419345	-0.037325474431722495	1.5604057577385173	0.425680395204031	-0.493667525725261	-0.4298647598489043	-0.10507820269085741	1.1621637921244012	-1.1597937023330127	-0.7331001640189072	-0.2861149001338679	0.14908629402468604	0.4012540060861202	-0.6021867012637623	0.8867792088587342	0.08173213818394788	-0.8730109162798421	-0.26610193826870965	0.34021842703558824	0.4842871431013688	0.09438377361149322	-0.058320765489052975	-0.7256643866892399	0.4421840674979498	-0.21493574496462164	0.10218186362351546	0.5868320005539317	-0.4600998781442455	-0.530962788483355	-0.5171543025286017	-0.13052928856372714	0.5105579120412547	0.007422725014635768	-0.9660337111869306	-0.2118766481114504	0.10966765945139459	0.5845318260440048	-0.9272818686190907	0.19491354191443042
DTXSID0049026	-2.892811793210242	-3.6266165347247106	-1.2312787567406318	-0.3449961289333381	-3.0897356908758296	0.319963966323942	0.8216467362766962	6.196540576657752	0.06640828649525413	-2.784162835016827	-0.6538013638478027	1.3744703131124805	0.39605896300725857	0.37963119288073915	-2.1011093632012976	1.1157737569453003	0.7813379614358107	0.9636356740513243	0.7547912727739987	1.351753746518423	0.8904251131477287	-0.18070301077885859	-0.8720756805679409	-0.3643084314096347	-0.6556495753539197	-0.44723581351960495	0.7594366344601237	1.19316707241201	-0.3120253943984357	0.3918562935790256	-1.1782221235907588	-0.19950976512474608	-0.15955287798697693	0.43879103159739735	-0.7142883369501928	-0.7774437249068787	-0.05610992626124492	-0.7123499003967888	1.0072833726759907	-0.4862718888372048	-0.334263831975454	-0.4976907169290742	0.2119578022595302	-0.3622375171019152	0.017993569083085595	-0.02709359539438502	0.22139805990908215	-0.15665080906900902	0.3159207700262809	0.29582799335730114	-0.348485733166347	0.04998571596337916	0.41476718296497295	1.0094957082367906	0.3389055050217	0.01934207237424997	-0.11850657789569152	0.18343373396473805	0.701563500699706	0.2338887376009713	0.8048346688976616	0.044671603921509845	0.42873812057143795	-0.22316554574091546	0.05507883273674726	-0.8102060609571177	-0.9129548516115777	-0.41126887012720087	0.5731510363915328	-0.020234848510963747	0.8941686532179131	0.354674656011366	0.4362614629852038	0.3323449359389798	0.6390352359626181	-0.49961608347669445	0.1330811796392602	0.29597716117598005	0.3262958146759735	-0.1223579720862898	-0.5789328912537877	0.4446122174680788	-0.08893658502974192	0.3815802955067297	-0.9442984646610852	0.24117588027901893	-0.32542781833575346	0.4362653651872097	0.5760441179926497	-0.008865228530081558	0.26863957876759037	0.05811393686375811	-0.05457694745827311	-0.0458883003490189	0.8797243145192878	0.27205887961973735	-0.07152496023063125	0.14758119020218716	0.06582699421478086	-0.19473731262071817
DTXSID8046618	4.136576877088127	-0.3769236120785111	-6.661631504379601	4.426932373144113	3.93176352647803	-1.6712371002128161	-2.9712044457882874	1.5170237131692883	0.8359799237487556	-1.8095273254611557	1.3008714281598779	-0.20223521543964917	-0.2693682221226769	-1.4655163390251953	-1.6668498996580483	1.6199544982981338	-2.3340365831261796	-0.3940051509811503	0.177096923269386	0.6916297974240866	-1.6693523702259303	0.5340391061802453	-0.8295147541393201	0.3827728525448973	1.2969842686817938	-1.5201149734210408	0.05546493902744113	0.029890238012459016	-0.177413467454416	-0.05497035900867864	0.2876199756347203	0.2582916129932253	-0.4967014923223674	-0.8108032395550694	0.8125468153327986	1.5026062891249294	0.7318870858964734	1.090251037837144	0.896819566593231	-1.1364188725986166	-0.6017764640162097	-0.9935146201277463	0.23885838616472277	-0.07862881878552506	-0.06112634141139841	-0.7599589153233679	0.4501699730707417	0.23199057829363162	1.599420167148379	-0.29758486628878944	0.35970958330227387	0.6208649931411101	0.5679784221453946	0.32421815831180084	-1.152688545949073	0.9329481594568731	0.6651125515211309	-1.5548236889343938	-0.9307258434898485	-1.8199255366694258	0.09482524718990794	-0.6142884055522629	-0.8871435215532363	-0.49120549698152355	1.376720171673936	-1.3740982797451007	-0.11034452374333567	0.7687649552594409	0.1430327110189185	1.6883670038999292	0.49384013215127903	-1.1271211386916802	-0.45991831783307363	-0.5612149249904271	-1.125166226756103	-1.4588888251695888	2.047747960935148	-3.399572137833861	-0.257686924062407	1.6652690621971482	-0.31332783693797467	-1.7166972181514832	-2.2670101054214045	-1.613944346059808	0.2565910581897595	-0.23177521627082157	-1.9352307594828844	-0.3740967834786175	-0.852321980920138	0.13092413589444366	0.6756140085718279	-0.2125105627883214	-1.3221898097624643	2.0927100395412617	-0.16552125312717683	0.022446426498778215	-1.3837849556068347	-0.5084109776157189	-1.8921451730825694	0.4457049875265479
DTXSID7027170	1.2209458468490342	0.23602250607519593	-5.304977835828384	12.214478018187062	3.4797010318583643	-4.257775629341508	-2.917635805351678	2.385407295233582	-1.302369118185982	-4.25457363939015	-3.0189503111411216	1.1261520661581328	4.795149528967413	2.5780637264103965	-2.614184426684676	1.5471743664040043	1.3608959855668108	-1.69215705469796	1.2907811712457857	-2.1808156684594384	-2.1094763027065686	4.212962848210226	2.075662488537988	1.7269411412604683	-1.6611983012923757	0.2829827878573188	-3.4416135238868786	-2.339989101445219	0.05573924118660643	-1.9005939852507168	2.6950836994380083	-2.334277078407361	-1.2008290307960718	-1.731284463245575	1.627645061011992	1.8000091403336684	-0.913488171533381	1.1935645450218857	-0.5024202843164953	-3.6180444114220007	2.3114122044742973	0.1273566931329302	-0.5166482916042926	-0.5968147010951372	1.1116829082593829	1.3153080251661222	-2.5088900058382957	0.5721349964074985	2.640429220858056	0.7372557265261589	-2.667491198895415	-0.8273847450553059	-1.6831410793800738	-1.1049538283880405	-1.7125085861626594	-1.3830035323264738	-1.3278874269381284	-0.12991216491584964	-1.1327677809710488	1.9356370265137401	-0.33902311469333485	-1.6049997659825692	0.5615517467585285	-1.6963298669269886	2.067504261484897	2.0350714015963214	1.0263101360863383	-1.1151780099559856	3.2352726224717627	2.0228663395633264	-0.5614682235794761	-2.828630017894029	1.915710794263017	-0.3892875080234306	-2.3550497149074223	0.09129500306958548	2.740220271189051	-3.6723549641479547	-1.6184971992779331	0.0973202896243719	-2.588038933838937	-2.5073849005429305	-0.20909535062944518	-0.8768700616332933	-0.5336438237345694	-0.2139108808805945	-3.2235799675200885	0.032640904492615794	-0.8218323412834524	1.1381815067996643	2.820256384097967	2.311322744348478	1.4103832745615459	0.42053392514747095	-1.2061220407177287	1.790694664066235	-0.36283203435113653	0.32634290145152944	1.211821068252558	0.5094415473138966
DTXSID7044558	9.615720994069669	-0.09907292379324203	-8.739077953906342	-3.026702302382094	-2.7810342173993554	-1.470079235449289	-5.669770728714016	-3.797193228799921	-6.015118668184544	6.303135383603651	-0.7426618732076489	-1.3486462744670515	1.0406006445461422	0.67146151228902	0.3930640052531653	-3.57321872712445	-3.0654759532293903	-3.0555066544775347	2.226945282928625	4.100622186068924	-1.7147184388642382	-0.3020763342534628	-1.8076946772872586	1.5735026580530747	-1.6735841809689922	-5.569132074873064	-1.5342610062112665	-0.11569761188104428	-0.29722886209423727	-4.367889315378832	-2.7272342918430796	-0.4066680004306245	-5.965998886117975	-4.96786800636651	3.641057657424114	1.9581742255144832	-1.8060013748078922	-0.9546499990098241	-0.05724617933824291	-0.020279090794125328	-2.3629494478849815	0.051068556954022876	1.5803990487012936	-0.4102606476447911	-3.9311415415228965	-1.7697914820541338	0.39539760025612136	2.460338170317609	-0.01845143140669067	-0.7437707078720441	-0.12858816202898568	1.7084555496073262	-0.33429181563136084	0.28400633222260074	-0.31795438351485306	2.372978824612837	1.6273154221200765	1.6014466975150121	0.3981469311119414	-3.1211429341975547	1.168188175879328	-1.024644335174296	0.014789639939258147	-0.05791179227284597	-0.2649941157824446	3.05800267694126	-1.8548090563823831	-3.6098462683319896	-1.7971758481635884	-0.00029805488288285283	1.2086399262889091	-1.0134156268794652	1.9899244510884155	-3.064537973777764	-2.4899390861704735	-1.9982222646999532	0.21375893423092118	-2.3489857847197837	2.059314264176694	0.00046900753011666787	1.560924783142408	-0.4409497305641049	-5.081201753843295	2.232556043072221	-0.13944046211553154	2.00468580429801	-3.1325075671168383	-1.2615978031583213	2.7339902496963364	1.5482732603195455	-2.1567944810149617	3.246454757594173	-1.2743659863208205	-0.012458957117993228	-0.7751904559046904	-2.216311764087736	-0.548849486785441	-1.3809592494393674	0.6123213722070621	-0.4527384560760225
DTXSID5048421	3.2629895781493317	-3.47556538994391	0.5139503673182643	-1.5660914372269086	-0.5222896953999914	5.077448516572391	2.2005018385427073	1.8571124420692813	0.48111274938063914	0.8943137876150694	0.1786830974756061	0.23110525544134652	2.987171923989622	0.19505065776464775	0.2934375268217314	-0.27935533048600436	0.8192904806829535	-1.0033764393322178	-0.4629047508447105	-3.2345555142529636	1.1383860554705933	-2.49393945675783	-0.252700605008685	0.4348940519956539	-0.14825698402141266	0.47797350812145717	-0.0008627310441447171	-1.5176279912097534	-1.03256095420566	-0.4240770240375521	-0.6983190797881201	0.6657272482363195	-3.3843970827964993	-0.01408544537680576	-0.8290332167604189	-1.9113511929563094	0.9305170273039006	2.326414489233359	-1.2043304939211605	-0.9105250654881449	1.8739106989879375	1.9629990105125636	-0.38118171233769327	-0.8510594224308607	1.425241918707514	1.926735600971041	1.0421915846909553	1.8205976725259507	-1.4718803504176632	1.3586345693862096	0.33164256438469364	-2.6904806665963057	0.21420019095398948	3.2170304865707484	1.804161928468026	1.556959244859291	-0.7071520061803662	-0.6734341166552137	3.193181046635013	0.4928517686329808	-1.3351187572800751	-0.03276697088209016	1.3276564162861548	-1.9908553811974654	2.0344740729521864	-0.056855764070974556	-1.970457630420322	0.21965092096003463	-2.1221055149450128	0.529123120717679	0.9244119063319843	0.0001982531646301085	-0.784410461328304	0.3318283709316056	-0.690699264136322	-0.2510798269360328	1.2068170037972157	0.8127517302192989	1.1759814095364431	1.6407831119197926	-0.8204800811959796	2.346624276304054	0.9091028274807634	-0.7606695503427505	0.020875824938601472	0.4708365113672676	-0.33758747493645236	-0.1640222641697665	0.8101614322645166	-0.061267081140627795	0.08572903450524932	-0.14651530004355806	0.5186616119703451	-1.1593119281041318	0.3829561998861664	-0.4602944905590489	-0.16462737806028635	-0.2937009545989207	-0.9944433101673009	-0.2550130303827105
DTXSID0024507	-1.570991826541428	-3.347334006658501	-0.9959348178938254	7.808653244537996	0.2619846870853103	-0.7110198861283493	-1.5985563653382717	0.245594381982894	-0.008907732542360868	-3.55408192523168	-2.0651531351129866	-1.0944019196665815	-1.661945656214053	3.42315221731075	-1.3178793550917665	-0.8036366839271879	-2.555420516192147	-0.7545349070999245	2.3773655712303436	1.3015768261458245	-0.10714994294807237	0.9260018359412145	0.34470075947718143	-0.2870767437528575	0.47180481948141145	-0.21151703183692108	-1.4487678101830086	2.1414320647110956	1.7434050275323627	-0.3193773644603246	-0.5254483881021428	0.31055462144866075	-1.7386767736394033	3.4649493578495196	2.2195813333710683	0.31153907388396895	6.847089387449653	-0.6129517342210747	-2.7004694659179833	-0.7607924740578778	-1.4099778903099323	-2.7916395162185625	1.2504732542501231	2.8806665914531764	-1.5972036923841622	0.879728855061081	-2.6250009076138086	1.74007176084047	2.803012112700931	-2.8133306605511126	1.8154995030277328	-0.9582085000511251	-0.45288383464939763	2.5426734214477738	3.2353961613169737	-2.5847338407008853	1.4439378933234055	-1.187855205832932	-0.4089212345095788	0.767533258989164	-0.1192442259744774	1.6939447936340841	0.8189352261313811	-0.8857079704196545	0.6466623083243417	-1.3974448707300302	0.32610379267090855	0.36827067162448673	-0.231898598502094	2.2520221649790066	-0.3232969442697413	-0.12075775780135552	0.24323535715992145	0.40848358259997725	0.11145432149629649	0.9030173009054576	-0.6652650005380459	0.7328492659023997	0.5738064954453024	0.5783429025525396	0.2828473775129243	-0.7243456435105842	-1.6425462233719765	0.6802718078932409	0.44627296687495094	0.4879671478524327	0.28188014760967517	0.5026227685892917	-1.029906797456018	0.7553229672305248	-0.4636354661653154	-0.2815416485072514	0.07182054934670809	1.2825529426109161	0.08791716680758949	0.3235776133326355	-0.7920912534321043	0.9458674503014531	-0.5554705499918088	-0.14760609226248436
DTXSID2045157	-1.432560928484143	-2.628688324157044	-3.2935435452729753	1.1047107799728657	-1.8989273147436723	-0.12499309409503136	-2.3863647972884556	1.0119397921763884	-2.5401197904262136	0.9636530874031346	-0.5491061155309113	-1.0385886161428923	0.2114692616482982	2.3125359806921537	1.0137480574131625	1.5006336334312194	-0.7478624753814894	2.0857084346736663	-0.9362202941689483	-1.3527499954275701	0.716427172002859	-0.049235595301298826	0.09978265401820675	-0.9212333853216932	-0.24606925975848049	-0.319585444584833	0.11860579259021806	-0.13103363272318622	0.21942020255466146	0.6015130126033293	-0.007846137220137826	0.0794921557981206	1.0966932979656328	-0.11494338929746148	-0.24157105422590508	0.34647252670968676	0.28093971654496186	-0.304450109934584	0.636798367180275	0.08557930939355912	-0.43419705310967427	-0.12123501071749071	-0.1507109516547712	0.14625299146795517	-0.5400155585835162	-0.6625069446351248	1.1705928376001962	-0.5462806396910846	0.3678396186818889	0.051026751891985384	-0.4019629962034587	-0.05344125644278685	-0.22504348982279163	1.306912811190042	-1.545390610994272	-0.39179530851975153	-1.1799641805142596	-0.23653747596135138	0.7062519946728626	-1.0508540256816878	-0.2992195664526541	0.44735769808434467	-1.1839827326063208	0.2744341351391889	-0.9622872591938785	-1.0793346667450394	0.9157225200642581	-0.9372925201683149	0.5618918873714954	0.9632630532908721	0.10644734519771559	0.3568178165049461	-1.444805984174876	0.6728927091112101	0.08785432068823944	1.4263520521786637	-0.5763491265727627	0.3131873790456978	-1.3103494497855546	0.6568436201071732	0.39515186559777155	-1.3476196487925645	-0.9366398133301472	0.3424662349464808	0.019067718632590415	-0.39068524943690713	-0.4233001204724486	0.6884694323742544	0.7186795660885864	-1.1186954532900748	0.2631883556003239	-0.332478238936713	-0.21846695227437382	0.0035998790794492864	-0.40757533558520986	-0.5727248385299797	0.24070486089945473	0.7051978929793902	-0.39740942202390833	0.9442633439451029
DTXSID7024538	-1.1366045940910479	-0.4734508023982113	4.0245175533012425	3.977195355453785	-0.37732736397941996	-1.258003938522093	0.5643214438017513	-1.5040759556156111	-1.2473791630828213	-0.0021934680537366376	0.9137727962157157	-0.775888923487113	-0.4498726801616646	-0.8464649319628721	-0.8164432983813678	0.6311653926508167	0.6461354428950957	0.10109706046828049	-1.8574057121361975	0.10738881750266768	-0.12184734424587952	-0.49485258393454046	0.06389656376223521	-0.1833593392498895	0.41412059498784975	-0.5155468300483037	1.0516182473791118	0.7974528738671439	-0.018555684791002783	-0.4653935997076193	-0.1459865691949708	0.3249571954549608	0.14924874302320176	0.6102413334821881	0.01315175286756849	-0.7548005081531399	0.23714770842081415	0.0010372434059161867	-0.2714168604453458	0.7370001764334907	-0.2380660019236982	0.4606620458569836	0.35628809942656303	-0.6090773584430473	-0.0039023092455143585	-0.351936915136635	0.1220992997919003	-0.31574065786628686	-0.22236511591468588	-0.16929523086222986	-0.8580625268184613	-0.4381502066496284	0.007126220056525668	-0.1119980590690856	-0.17643120333600087	1.0233035282935337	0.39016708774289655	1.1699625657065702	-0.1397674077389176	-0.14209649327185075	1.074894219521218	0.3394637190106659	0.34041794400371955	-0.09763175188962746	-0.41008797059462804	0.08905474656688506	-0.23932074173235915	-0.29337053288584497	-0.18998876517659205	0.2982088699275142	0.7788536209615421	0.06267478168481497	-0.5149407126727972	-0.24648972594594748	-0.2461460931034043	-0.9895753621279622	-0.45682414236017127	-0.06946859228764504	-1.4960690166286619	0.14882165741299846	-0.593484044345512	0.10887850183442707	0.12466224970446944	-0.5638094962899189	-0.08359256076580644	0.1314659137738412	0.7700562630572715	0.2266623137569089	0.058974559666989466	-0.0857138561517482	-0.5028779379261707	0.3836209904923104	0.3921810330870058	-0.34843316748106096	0.3471839738015558	0.20809470821609702	-0.17740139180295214	0.05858551813516554	-0.005129884946429518	-0.1952088261635952
DTXSID8032548	3.085925140691693	-3.379737651060416	2.6448185433173057	-5.134586903848196	-2.2596872509104147	-3.358807930663781	1.6638383313820837	0.8320582709805953	2.0062242250692583	-2.988918273889513	-1.334315236509791	1.335174236948824	0.9489302236699988	0.40792928974538695	2.3349336917770884	1.921659809353064	-1.5075197790317918	0.8421914904435869	-1.4099426735573142	-1.3474870040186198	0.09942196950341545	1.8782913077800034	0.2360193025456625	-1.7292928686895621	-0.9205311637675679	-1.9105406533642224	-0.8828342010423628	0.39825809962635517	0.6023870886340494	-0.5442656726342991	-0.6232551431263493	0.5747935932705377	-0.1347284207212676	0.5847852878901851	0.1625374278939104	0.528628950065874	-1.305534215749335	0.6049769757879571	-1.3278565042183914	-0.19658976724120245	-0.37956026082746125	-0.9875160920557173	0.14392213522903016	-0.7575832121748682	0.17363606071526835	1.0360146959330137	-0.22957924410220407	-1.0631492884528468	-1.1648247066777817	0.06879332961781234	1.0997566599243078	-0.9888267666354325	0.12067707245935344	0.6904477456742235	-0.7526688131523768	0.6660562969297786	0.6242531424213922	0.5825125551850386	0.4805173115253804	0.13478153685034824	0.2296119951203933	0.3762156326706545	0.17978616873335615	0.625942348739205	-0.5677991152046762	-0.5649639701658812	0.45219100567958637	-0.6337333752556985	-0.34918980220708007	0.07994241552086681	0.7568222441201597	0.5102546533265441	-0.2350070695131201	0.03023768393908153	0.15401748092483944	0.3114556054536119	-0.11627887615052054	0.24100803469128748	-0.658941045339676	-0.04594436376234068	0.3312870394851887	-0.5660213359996036	-0.2508788033996322	-0.017921948013655195	0.7958619239228886	0.1934960170604323	-0.06337132347434793	-0.13687184091350282	0.4953680404103114	-0.37539927489978236	0.30052287085099616	0.08372639462408511	-0.79978601797456	-0.04291998980336486	-0.31835432960464183	-0.0289273147963857	0.13430284361135048	0.5428694182205568	0.35029179998577853	-0.10484111742315572
DTXSID1044934	-2.3344920320144693	1.774473864488541	-4.946989159095623	5.280075087120199	-1.4747312508086832	1.691855355809105	4.0217514699714165	0.03074191349585517	-2.5860442850852006	-1.1160683983034898	-3.2413534959097556	0.9348474967047085	4.207008110198604	0.0008780717189662847	-1.4520543629607696	0.6878727844650829	0.7177953806554462	-2.611423542247783	0.2076393526487417	-2.6937449363079	-1.1423495373204782	0.6857660314442583	1.6777459246906867	0.9739867532348846	-1.969476376279038	-0.8066097018116246	-0.7004724515033592	-4.512474891329765	-1.4785660040201025	0.29130837513127034	-0.048745432027659845	0.35417664916064373	0.11103064967613128	0.6421774246100168	0.4772388442317401	-1.9692104651818683	-1.200575709974002	-0.030161522190277432	1.9634216968700875	-1.5420080051962175	1.9300821549809983	-0.2060014319938519	-0.5867641025688665	-1.9085798070318614	1.5686639104899571	1.354071351297345	-2.498753466638932	4.187589814581985	-1.7285267414361283	-1.817166389033495	2.7863945891920365	0.023421294272425442	-1.1923902215785194	3.168737551960944	-2.823406695488033	-1.5242665227006031	-0.8678780730273665	0.6721578418970263	0.8115032442660649	-2.0452439998577345	-1.5154671512777493	0.33051783341813223	-1.8013175158598362	-2.0907012780100827	2.116129413404804	1.6093671998990866	-0.7998428368971678	1.4827347733549598	-1.7503460481457198	1.1884215010517167	0.5804034824176222	0.6143384289269458	-0.8638144182630325	-1.9012250406105273	-5.708010208989298	1.5895547179648442	0.4075624634830057	-1.400299296108948	1.6552581087411549	0.5642591165904145	0.16395454253062422	1.5860546620722464	-0.1715298906021459	-0.5956336072708257	0.8937678970848066	2.0281811624439925	0.4225138042159277	-0.03212252074162687	0.5149308354629254	-0.0022092896014059703	2.1091873413278233	1.6509625554370817	0.4434545210359618	-0.9444788810427655	1.1274866746590364	1.4710571240408903	0.41958110775303964	0.6185984971216425	-1.148734191786653	-0.5761940892570684
DTXSID4045680	2.7933049440842943	-4.530689083108611	1.738498493599409	0.4280396938587025	-2.621138980187083	0.7343403938781996	2.3350548410049945	0.1822646148152229	0.824933201099086	-0.7301278025348665	0.2560879968958899	-1.8260876729652304	2.1719964268359293	-1.1946192695735764	-0.04315614336575999	0.7161017407061282	0.7458183805592771	1.201569951601252	0.04240892504339144	-2.0096736036201484	1.9300109797270617	-0.653022382107383	-1.013284481367351	-0.918801984467174	2.1564038990277226	0.7953972321230263	1.0494340460860232	0.8203293289531504	0.3923181230062972	-0.37882468810233744	-1.0888108710806372	-0.6431958493482874	-1.5747871317924835	-1.0566607994125397	0.09616991075321016	0.7028910960589962	0.9987047759879358	0.9158882559174769	-2.1291875011097074	0.259909829878196	1.7214691299035887	1.7391138477583956	-2.3273010893390302	3.0046516846031137	-0.6305049719927	2.4809381009661977	-0.16603503958593308	2.820227454623653	1.1729781730255242	1.7437128575670684	0.13717318441957219	0.7534973701889425	0.5121233780017057	-2.301927084635175	-0.36925837687935575	2.666907646338011	-0.5638894565475023	2.0161657437612788	0.4197495559302021	1.5204850384861894	-2.2473238329811984	-0.20236673099019925	-0.7407921527584215	0.6243527550499524	-0.9293911611804935	-1.0563325551462086	-0.660670689731414	1.957592528917302	0.12959106757696656	1.1034790265564813	0.3148225668305996	-0.09754743715563631	-0.5123011925232704	0.2844774515337784	-0.7188123190403866	-0.8864329757547649	-0.07599248767373315	1.4648889363771083	1.8378272520875096	1.0663016635496425	-1.216495428289529	0.10235003557078667	0.44185632455131235	0.0029421339097343772	-0.7730323015211791	-0.1767624750912862	-0.4475595130458058	0.36937387079737344	-1.1186367657466367	0.09241777658768538	0.006117465881449616	0.140377137050498	-0.2867697625175073	-0.8923581661811083	0.4777763761044821	-0.7119487892404338	-0.00829868087131746	-0.4090964375734587	-0.5049922541491632	0.7222285190724113
DTXSID4023381	8.563144537716227	10.543034299258524	1.2524341269273231	-0.7915767848535624	-2.8309109033793343	0.8446634280920542	-2.5990052680256928	0.45249966931273583	0.8696881082907131	0.8658635360099343	2.764065915094734	-1.610629249995919	-1.5240322894201943	1.443988961501476	2.028617967756664	-0.7017465129980233	1.2645148124927448	-0.7490407386265586	0.9044433801348867	1.2836278302141857	2.0664257412652725	-1.3287580776979513	-0.7224173215580774	-2.345600955463224	2.4453280587136694	-1.2176088170259467	0.11284783844511516	0.12462850359320832	-0.12043308564458541	-0.5459272607062604	-0.3753394258891265	0.5203036280355534	0.9196176807549508	2.480335386980824	-0.3714233699132894	-0.731086596011833	-0.05477367410780637	1.5649400398883244	0.00351169725654961	-0.35979054154371354	-0.5384128825804045	-0.10456026839849134	0.22427537996360375	-1.6960349536502772	0.3892609729831054	0.8841919785625095	1.3336562718288123	0.8043861300414217	0.774663372885436	-0.20507418318811907	0.3267524253919637	1.4242514386235772	0.549785099637846	-0.04625839594717001	-0.04255495610197122	-0.4369536867884491	0.190244879273569	0.10454614716827682	-0.6534727363982406	-0.7521007590809557	0.4746453322113817	-0.17265767592568182	0.2400123565172849	-0.19077694857229852	-0.3213286271942496	-0.4112113911094453	-0.47426434680514534	-0.14409853062959488	-0.4256208614414688	0.10703150460999755	-0.7735698175382737	0.6733076568504686	-0.18625736173340537	0.3242164549873855	-0.9658605950760355	0.13145575835600695	-0.8731268134502363	0.4077702785718614	-0.024619802825372416	0.11381937870188506	0.1003912502058755	-0.3785694973692114	-0.3313880930861094	-0.06349108480450774	-0.7121497138837741	0.5334396648597106	0.6451378028192993	-0.04739796644102277	-0.17523556337576768	-0.17327825516016582	0.5032701269187199	0.7430631807686141	-0.28040014399321844	-0.5387483910339009	-0.12794632620696447	0.19240870111691602	0.43695432532002304	0.5172548831802529	0.3079666822534242	-0.27960123600515574
DTXSID7045815	2.2475216140239067	-2.990004263991731	-0.31220160113175527	-3.9611617131531776	1.6251854070499572	-1.1802726377435062	0.9520475839526612	2.572217386315432	-1.4004477372193511	0.4143211497588814	-2.86268003502072	-1.1516175833196614	3.3642233509370874	1.2457025558644221	0.9036912629573349	-0.756777734271064	0.8854776795537503	-0.9269799859300986	-0.7100750220187089	-1.25768389011835	0.8952998727440427	-1.2559121511399995	-3.2397509239653077	0.7415017446248197	2.9686962192685775	1.3262869347636204	2.5358902549618505	-2.554285978049486	-0.3799983742221499	0.06740209297126873	0.717552697821167	1.4081486894693414	0.18095651828991627	-0.5196720338460314	-0.2960458619709658	-2.522260805251242	0.47460611675728237	-0.16690782807463916	0.3676925866215036	-0.0014840624927229189	1.5299308727336172	-0.20374309671363022	-2.4964785506706932	3.1362035420797216	0.3155913828498028	1.8086608303909426	0.33833803614119695	2.7853967805858186	-1.2200789903402787	1.349461441973391	2.559938823259832	-1.0692136212309094	-1.5254169693893962	0.45488475593443783	-2.3016045726277827	1.379050844066576	-0.7174932857651792	1.0205423583396758	0.5587152448131832	-0.013524123278915104	-1.355939415389994	1.9543259102428205	-1.2547450910546065	-0.035706263343099856	1.2951733932450773	-0.3379585468966991	-2.42524210245998	-0.6011057883116815	-0.10210458935326663	-0.5182653226631493	-0.6544904999954853	1.5574236131789654	-0.5372241370546909	1.0122171448065354	-1.8057100533118582	0.8196388128704757	-0.9311927155192098	-0.07714721526200365	0.959431858871294	0.6878486668380722	-0.18780109291929442	0.3267022522274488	0.5331383690926688	-1.2008551539167622	-0.2577027385801926	-0.29427072245345415	-0.050047670433113235	1.368897645835431	0.12467569734236698	-0.4401378547971008	-0.14402380018146393	-0.7678982638691795	0.2893474251436539	-0.5028438453203342	-0.24772108755106043	-0.7111456798770948	-0.6569258704505493	-0.16845855914030278	-0.7409609869007495	0.15103329155699155
DTXSID8045141	0.24275297153115358	-2.4237594584951	-2.7401802319167823	-0.3589606820336893	1.3367261824229104	-0.3503613852105441	0.5123625671744152	-0.6167285380835044	0.5932308730819361	0.9945829545835544	2.8070937800828566	0.3145146991733372	2.242476688898746	2.184355423374164	0.2162252332401648	-0.8521472988427918	1.7753264189711302	-1.3129232378055005	0.28716098676837853	-1.282151395531915	0.014003965792229239	-0.009115168645661986	-0.26856342815872525	1.202695057469045	0.620421715138684	-0.2355717129417063	0.5817329034020868	-1.4663380881676311	-0.5429931882665061	0.4327443639895491	0.4385796138286354	0.3010811476914149	0.5046978840128413	1.6161633730798148	-0.41320880464412496	-1.7212161437049915	0.43034201355765694	-0.5659494084017647	1.2941120559881487	-0.7576590210642655	1.6885156378934407	0.33392448484367326	-0.6138716281814133	-0.5983210713857936	1.4147954834718068	0.7600600247522231	0.2330627975913588	0.4017881021999188	-1.6745448711286468	-0.4008103093526264	1.3165590149388429	-0.3496028127209426	-0.1777483191369758	2.3548063958889127	-1.0858115912596962	0.1899782686849253	-0.9332620604181652	0.49691225993607147	0.48391293634509575	-0.5017270604440806	0.08277309650246707	1.01649325830957	-1.1516412026959038	-1.3959934754686174	0.6131560092175347	0.5469785751658109	-1.3847085289225067	0.19361226621080882	-1.702134161155392	-0.32852990481875055	-1.1892214875462899	0.9433660239060606	-0.404986622235735	-0.2351668096469272	-1.4313871198389863	1.3350761352422083	0.11831360996707847	-0.141873837411218	0.5107619197524627	0.13034271516776705	0.2543978534669536	1.2093752778260334	0.6081880674926703	-0.19653573151748666	-1.5392392593783093	-0.13318983208369028	-0.8894247410734276	0.8134525513372773	-1.1383964255472918	-0.20439224133985037	0.08494069130923837	-0.31246586375142726	-0.06860636835755607	-0.3964694518876683	0.1370759245720729	-0.6615152466337171	0.17477520268610702	-0.051467618190427895	-0.164610429150431	0.42693573420399106
DTXSID5020605	-5.661603303046167	4.756238401767428	-2.0366206983832793	0.37601226171421115	1.5908051849422808	-0.6925979188628453	0.8916304524236774	-0.29813653242203114	0.07619895888724866	-0.7061292934407903	-0.7100102304165795	1.2941831162878958	0.354229060557257	0.03341103020678251	-0.09065863366691028	0.3025472368041894	0.503384259800117	0.5772000854909378	0.41596529974546714	-0.7080444406570195	-0.4020933152495092	0.8373380141604946	-0.1646315459446618	0.6205683513025296	-0.8543439836383108	0.1790116320563367	-0.799218266441188	-0.3737599475127652	-0.7076533600357198	0.6315649729501808	0.7178432437089769	-0.8350826559305465	0.09412708635530148	-0.3293755616991276	0.3426519125030357	0.636155823695337	-0.035705798082073525	0.4163478622406599	0.19251488864777952	-0.4850535195937789	0.18027658139814487	-0.8206048576912143	-0.5198262581405783	0.0936325230855106	0.189084681261516	-0.1682601262692396	-0.5041944530835173	0.5749469749263156	0.6476707409195981	-0.7620198600514811	-0.2571009768111767	-0.29872543551742936	0.025752147028019166	-0.2909833335121867	-0.7592229314836895	-0.3268011494113855	-0.5310555051476449	-0.21719642159969374	0.2307357895868197	-0.10228898221646582	-0.5104793589159595	-0.2811099472205782	0.15303791657401974	0.09688471674950705	1.0028600981212374	0.5777328364952006	0.11872190092030148	-0.029868308451479055	0.29364875820808106	0.8061629089231357	-0.4476282002204245	-0.9566286564305205	0.5037602692247395	0.34940946024163205	-0.44517003490963597	0.26997053127250487	0.13853560802601228	-0.2180222922325299	-0.10197810714397865	-0.1493063248425179	-0.3162704403861805	-0.6626192958291092	0.5715180695308151	-0.3032791589971735	-0.3344832445144023	-0.23110051426043227	-0.18215401250143567	0.42677579423773443	-0.2983546015321964	0.21642839469218894	0.7925603398219874	0.5666246722387315	0.3400110140350378	-0.03823740826845175	-0.5151234698792473	0.3077100366488214	-0.24280681271276408	-0.10960242525690425	0.009351278112884333	-0.04734050160505599
DTXSID1020516	-7.9295351743283335	1.5612653396711953	-10.037359975744502	1.0745026528962662	15.567958257399336	0.9064051702423215	-2.3554210070904116	4.341345134450828	-2.7576542044535963	-1.974474384409594	0.5260213229575715	-0.40278548220026983	3.6576156122037147	-3.781019817889939	9.796372876791716	6.8064988270549245	1.1964476114600868	1.44650365383291	0.4249867450732575	4.0958724782180225	-0.46897433911784436	5.490896591840514	-5.645152861293557	2.0577948502048136	2.3675574416578615	-4.907967780186546	0.607252024537963	-1.9354434915526793	1.9456839438718672	5.1239735936084925	5.314131565563802	-2.912318448116082	4.09861306362734	3.3909752965220488	0.34564949439895076	5.2676549313987024	4.542662569660355	3.3034971642081423	-3.2094616804997833	0.15116553900091792	3.74555854975386	4.767635163409665	-5.603772641887204	1.9785230457880427	-0.6108876748164465	1.0937714899840705	0.06367128302727838	1.0554271631367222	-4.058720762739972	5.226257596162282	-3.7635230071727035	-0.7767165450318774	5.692546753272368	0.09764708095943975	-4.1859848916998414	-5.515019021409127	4.7619261360470855	0.8161723397135392	6.139737998642594	-0.8953534365656532	5.842828970895931	0.9362765452651258	1.1341570219754797	1.0735112933387376	0.8605537490119801	3.0453241205600436	1.0437350135487087	1.5792161922235237	3.926493730059394	-2.255729311740357	0.6761423448650673	1.2485717234318552	0.9575824292467369	-0.15419990420335403	1.4171922359997624	0.7017451997935472	-4.778951053135404	8.072195091763724	0.1433085661758256	-3.9624048919317456	1.362192124061509	4.558912674510895	4.2371178990511424	6.073824319534599	-1.9652247924970356	6.810476262540925	3.920640262331039	-1.9172052122271472	-1.5364275326296362	-2.9402204835935644	-0.9769876261570432	1.2022540939375832	-1.1238877339183984	1.6481285856444015	4.162089061606016	0.42738023438628675	2.355966804840079	-4.794046046002009	0.5442098925835506	7.573966668580581
DTXSID1046716	4.1657876681207675	-5.418190911110476	3.7472100775845636	0.8808752858514236	1.825931880302018	-0.9804093293310618	1.2223952912475442	1.0705879188636958	1.9547518135442798	-3.0404470658404645	1.81659490110244	-1.6313551788435592	0.8357439532108383	3.7842764556864674	0.18255712745102035	-1.1249549309524702	2.101892666231382	-2.8059657776954583	2.583496552447789	-0.4106990984734728	0.3740627966815741	-0.9390064303081084	1.887575179255722	-2.7960265507323503	0.8476572242205633	0.14762461802813007	0.19268978156515223	-0.19819808077934536	-1.1550762094339388	-1.136274328696036	1.4460199631885304	-0.05526187166043585	-0.25811641125686974	-0.7635059022952098	-0.09276522967756305	1.843554092034234	-0.10392481905893906	0.08340048744210943	-1.4647248460759474	-0.35942879148709084	0.7208810789412189	0.8221223770133407	0.11290759388933076	-0.4801895938112736	-0.5294480168132467	-0.36145101169285304	-0.9284936668029842	-1.8168766965476348	-0.9901580830767844	-0.9171702666577632	-0.8242773292863692	-0.7467006538198759	-1.1836894564682858	-2.241691421254041	-0.24448557783238373	-1.1413032019116633	1.2177228613368176	-0.09127664358124654	-0.825749910053688	-0.09460880940231475	-0.14417277126528238	-1.6140437292988834	0.3935268936581407	1.3843201539815335	0.0342798046859742	1.4349616708285358	-0.17530078688580222	1.0253763875908093	0.32501672435653745	-0.5779537683831104	-0.7801406518313084	0.02326782974188481	-0.35288454901665667	-0.844277420944507	-0.5562328248257483	0.9109513332664952	0.02520964929075604	0.09213778671894667	-0.05086761736289821	-0.16120168015034034	0.6309903623763351	0.44955225222473005	0.4533871234533405	0.061172360187379725	0.2344986922365159	-0.036614302357650175	0.13299754452266965	-0.2224115250403343	0.6210688472329943	0.7799370966468526	-0.3868923469145364	0.17785448338048496	-0.10929270340942998	0.7137056664955719	-0.7083834437936016	0.9712784753593123	1.170143853216305	-0.09232068197905025	0.13970034794541086	-0.07733347741366692
DTXSID1037511	-3.290822829457343	1.3043010696350141	-5.106773033009493	-2.1939493224919375	1.6443718328851336	-2.1255759012512283	-1.3734327297758258	0.14544120815040204	-0.48461771761882866	2.2897518553724634	0.5243932149885799	-0.18429880400184306	-1.1001722680429775	0.8112986785659837	-1.4949337828749047	-2.5057669436380596	-0.42614023266942713	-1.311754108710939	-0.9512789620858154	-0.9260961028133727	-0.19193647321676166	-0.52068804252861	0.13321970347486908	0.6124134144258259	-0.6104118222333853	-0.6790664746245759	-0.71344209365454	-0.14707865361297448	-0.5327513284608583	0.3374193414929026	0.8809685829655081	-0.23833570890521372	-0.21758082226451972	-0.3403718021082399	-0.19901522763069313	0.12480702040875356	0.8839106593267987	0.68301369705025	-0.271842318768383	0.03315678505529728	-0.11509083054496788	0.6955924422487277	0.08827756213370556	-0.18776990906251728	-0.07548382611376418	-0.3185763176833086	-0.32409712664830936	-0.45732029386862405	0.6526397283218494	-0.33605921059707294	0.47540843519478126	-0.9320420619132704	-0.04056953839036415	-0.48830224293875785	-0.43302124396586117	-0.03322457741875132	-0.4200683016928013	-0.8415111532607602	0.40724805863512636	-0.4970175608568535	0.7997374952584034	0.5660213010723147	0.9490028435891631	-0.03458016317001221	-0.4874148868736349	-0.002217733646835123	-0.40613569901135144	0.4033045816580216	-0.12016486163798099	0.7236925771047368	0.530379509657535	0.6461505246916194	-0.23313562258376472	-0.07556181536179225	0.4487377287248733	-0.10606050340250746	-0.21596821029789842	0.010906466424878823	-0.2743939572730222	-0.3233033858523338	-0.5152364592974785	0.15110969886942907	0.45210434133843447	0.057464235735015544	-0.47031430949716146	-0.27003238826632603	-0.1254215672344947	-0.016700720431737235	-0.2572549870977938	-0.09744770914449025	0.3040651588573836	0.14534906963640537	-0.09027210308113581	-0.01216588699737343	-0.15795716800426268	0.48022485347665456	-0.1831846974874301	0.015909302426463448	-0.09130765523576996	0.02914947843648045
DTXSID9022817	17.059518654263016	-4.188665825444871	1.7435619424038453	19.94898344934651	1.3842853402923818	-7.536570748153202	0.29353235261706795	-2.5268430532439305	-3.9710405397855153	-4.48341930710999	-2.6775871036165197	-0.3658371385811505	-0.38554802595525206	2.1409470740108425	-3.948732015482018	1.818156468436501	1.9541303590865216	-2.016986426890815	-2.210280915615036	-2.106713265918448	-3.2574875321425676	3.450339372666954	1.846388941108526	2.052021322038862	-0.30701249499015665	3.5852088560008166	-4.246375073775128	0.4140996898083801	0.7135182635449272	-1.5808696860019948	-0.7142365207515919	-1.7381555318770456	-1.342726904603957	3.1054142892688685	2.9818876162351255	0.48075845969543424	4.926722533107931	-1.2266690431059863	-3.4962102565567212	-1.836606331841364	-1.3825702131569397	-2.4096910835523824	2.2369448153951343	1.0943058543088202	-1.5744183998119807	3.2042421263939764	-4.106975300222372	2.7918946653165504	3.5128714062182493	-3.7096874463993097	0.9032458465728477	0.5621299361725245	-1.7601091636926571	1.9226437195940191	1.3439203257238843	-4.78002117580423	0.8927947494628801	-1.236108714246027	2.070161182252224	2.4871677594964097	-0.8130095347592268	0.5659002676253564	1.0083493663466014	-1.767539584586829	2.132101980539988	1.0647523214653885	0.3182999565176943	-2.4814741953654544	2.6659311503919985	1.3336021074135267	1.6850813866501926	0.29348238898464507	0.40125005641742856	-0.4297406869308385	-1.2611787313954483	-2.7519031138394445	-2.192116306765166	0.6964589490397626	-2.4696808283879434	1.5427459792550107	-0.6734873785753657	-1.7675557384290117	-1.4344222148838575	0.5883019196601387	-0.6629874549140483	0.8611394398984382	-0.11748913690339226	-0.7160748930183375	-2.103948367012843	0.3453386922742914	0.45046144199272314	1.308235452150386	0.37279465481382695	1.2425338773185755	-0.7590123218258232	1.6318874958968175	-0.3758149231708358	0.7645295495760865	0.6067901485954362	-1.8001313945375672
DTXSID2025925	-2.356840030710525	0.18919837892054894	-1.1931728818528302	1.7120430545767078	-1.2912080938605455	0.035156865879723706	1.7944036545580706	-1.0703379194532106	1.699345100353324	0.19892128463053732	3.8000338903724677	0.3110500705676152	0.6109075550799207	0.7682552454389314	-0.12765917344689034	-0.18543153035995313	-0.18508777240409818	-0.8105788411103586	1.1802496098206623	0.9651474641087593	-1.0889834240505394	0.6951991422977156	0.37004257431724397	-1.8416126675859261	1.5440270063512687	0.10522681282921084	1.0166779422021033	-0.33212994742065094	-1.3060347182415069	0.22529754822672507	-0.31231329901469423	-0.42867531284156535	-0.06622007435379942	0.07410787650665229	-0.660287033719983	0.15443368612627842	0.4172406723592181	0.5392598341933365	1.0039685051045648	-0.31726816788167816	0.4888290303740378	0.7773464649788479	-0.2692115968758116	-0.2553576307858755	0.13864928993024397	-0.27381170828047713	-0.200179139027825	-0.27613325355010765	0.8121375799706997	-0.8699759265389604	-0.14767953430133426	0.5336118343052378	-0.9831199564617489	0.4977083060382685	0.763407331919676	-0.022008149600714885	-0.5842476684757727	-0.7499612593254819	0.14337783054775102	0.3303997560693661	0.5627528634708713	1.4919789868035267	-0.737264367969879	-0.49809936565268215	-0.46725710547260246	0.20431635374068952	0.5313390040630611	-1.0720564739277678	0.9589900403389094	-1.0390753476461094	0.23619507497579656	-0.30269314998336205	0.12434193236889779	-0.33897482488049685	-0.7368832398764493	0.8199938368306302	0.40185281713794996	-0.7916684948152973	-0.15664009757557062	-1.2249735581604242	0.09270459237853416	-0.38537104952582446	0.5807315133681109	-0.5570364255991559	-0.04932327328126558	0.9845972977568762	0.11927024363106724	0.3164926671575332	-0.19496258903025676	-0.16016238531728536	-0.019967509610468406	0.1707954964749762	-0.188012414528899	0.6402043558781624	0.0768559495179258	-0.18058282779612103	0.12170200527872221	0.0030235187707408065	-0.7071649478512498	-0.2817775977429472
DTXSID5052595	-6.204668873311783	1.0378615367459652	-0.36862623822744267	0.013112325490457738	-1.5363983600845486	0.8600331357338251	0.0794481374033991	-1.6296318332557154	0.20320970035867192	0.5908504738628064	-0.21033868695749247	-0.2550503599998142	1.26573114631698	0.5647588349295324	-0.08197308918201773	-0.9227251690642441	-0.6876743869331876	1.0412266622873545	0.09249801943446988	-0.2734308652142016	-0.2664776912529501	0.06575268114215957	-0.32656111465359433	0.11974335081654866	0.007661018748084783	0.03378679136243136	0.02450607182372349	-0.24801008298848265	0.3952295406853661	-0.4640271277351722	0.5885672532236983	-0.13062378040451797	0.14657966606794437	0.1987734332950977	0.03698352434539948	0.3429299698630062	0.18282153162082593	0.7569313390543296	-0.797953753631655	0.13066654988137813	0.15851278569496421	0.3557892293223114	-0.33860175113435403	0.10324728146629053	0.46038760676888696	0.47859316277791086	0.10955466612366956	-0.5871570617723667	0.40065043961626795	-0.15064983809410754	0.012053625160185499	-0.03872978999820186	0.4731637707164555	0.402675781468569	0.12402935772934082	-0.010349142264157604	0.06955326564503067	0.739968721450955	-0.3505160342631235	0.11292853961195595	0.5305833721299575	-0.05261964362907217	-0.5735360670298594	0.23396610752862912	0.007421152660638232	-0.7345848332155249	-0.09746067963393885	0.20686316307573818	0.4150166596972883	0.2367401470271148	-0.5946267393943458	0.12955420023165698	0.3440796326270246	-0.48457721928497344	-0.44091143773981556	0.0776521749638996	0.27779160068760933	0.2404163543178706	0.11170271543342543	0.18818096359496972	-0.05154545046232273	-0.33434747791195946	-0.17271342083879146	0.3382410924997143	-0.2563490705849229	-0.16226174126153753	0.5512585068630654	0.29385181957732454	-0.12256369829559188	0.23996707595923125	-0.0015266285147316858	0.045354723843145	-0.09487689898215636	0.2321478091321553	-0.046186391260004074	0.1903821652475058	0.22050464270258152	0.018099105331167303	-0.12872255520923104	0.13438704413241595
DTXSID7046839	-3.809477503098523	0.6758110124943674	-2.373739346865051	0.020190519348693536	-1.9624267933755257	-2.0340698470135425	2.7538170391660324	0.9255796346312174	3.3984502115920767	-2.257580428458095	-2.0632062149757178	-0.659252992926451	2.2613509507353107	-0.9450466481217508	-0.19850307399015485	0.27463704028322344	0.8778545207756121	0.6962586254986028	0.41518467371288315	2.4483389310712895	-0.6598134998386517	1.5241796668141057	-1.4042913985126801	-0.3942898128758401	0.26646953584089533	0.8165715395816915	-0.9251648685936469	-0.8308446928026656	0.34869073960765523	0.5132223533147513	-2.3909092287379794	3.129241581194111	-0.20315467599228573	4.499479815959153	2.2016253429731445	-1.9626095628786973	-4.516319917457536	6.248534879570685	0.5109978903388961	-4.21744022881323	-4.959900978255733	4.665138665372844	5.958610628826434	7.307958892750049	-0.9679233004478156	-5.161871718067528	-1.081878625456252	-1.768224299425143	0.5035645915817378	-0.6660371635770224	-0.6761134528684138	1.2136648789281772	-0.3047818854457402	-0.5287445783314634	-2.279349477657115	-1.259776439379431	-1.226732501364366	-1.7724482583039798	1.348319852688175	1.1042665487067478	-1.5600884553028718	0.40063526491339424	0.15780215975309467	-0.769401687596933	0.16859935285970173	1.946492847722166	-1.3989759824213333	1.3028254554567664	-0.49556875918598264	0.8911093792716152	-1.6923210296402809	-0.28214209423767705	-0.8223062254947877	-1.9022247471149742	0.043133782510409314	0.43431563219697994	-0.23781748416935508	-0.5067398536389666	0.5575790173397899	0.2329302503410891	-0.07363936419318498	1.4475610611696004	0.729325825884683	-0.0005796103475102662	-1.9641401616884768	-0.05081472655275093	-0.4955890747573119	-0.3211870640131689	-1.4164928826143943	0.15421777764194958	-0.8208266466926383	-0.437333210389625	0.46123592914917744	-1.917964064149097	0.45604872139004915	-0.07354887418054235	1.6406251437440365	-0.3125204249318483	-0.4205576783222105	-1.1472717012228202
DTXSID4026422	6.46154260456906	-7.091063064468065	-51.31771901748337	-7.564047285953167	107.47060795443575	1.443234575819411	-22.54630573372105	15.606460655324508	-19.20073598867004	-15.367290682881555	3.442441280658399	-2.990665998125688	13.547175049112907	-29.663727008963374	64.8601343229028	42.93438510461606	8.756700028478171	14.98756404638448	-2.0338225455535532	29.172920827977123	-3.5411493396219633	45.484811419158525	-40.75179904350794	20.550829982400742	19.92386855006397	-30.16239286771029	9.67497752197912	1.9853435859300343	5.5495481001324345	45.83261733333434	46.97630270554096	-41.824522413950305	1.7518108093618774	16.65927901907771	-22.403320054793745	13.68029137603259	19.14995245242562	26.987103497208633	-33.16407916513662	-9.010751821154095	28.34425254062719	15.234383351501592	-32.07809954915258	16.593395271507934	-8.771219845464088	3.141488418922637	5.592710830144368	1.163027684002366	-25.68702802631338	32.78388797816672	-28.056744837366296	-7.230269017441619	34.55808346204622	4.126004493800068	-26.477423957262758	-40.48079616577789	39.24582944151804	6.579592997145101	35.75301695506902	-6.590264594036074	39.28649526064515	11.911670245149615	4.349934163750059	12.562218218394028	2.169001411253058	17.607998416548817	7.050766192322436	7.72683412522789	26.87965826296036	-13.313893164908837	5.567993034333211	11.342062526546297	2.355716371870483	-2.353109488282075	11.838929263155709	6.336769878538868	-36.24705852388272	48.706635527937635	6.306839674762682	-26.224623097948538	8.378158276608941	36.512473017412994	22.325695937984207	46.14989717852859	-16.03045052748889	46.993220525087565	29.933556221720224	-10.999705452109593	-6.80652423111192	-18.231992315612803	-5.855750760570968	5.333479557428908	-3.0956385079502757	15.195927685033325	26.511731928714916	6.26406380691562	14.266727178553648	-31.887999986143402	5.426319163526088	53.063457243503976
DTXSID4032536	6.7293882184755205	-0.5003765133309843	4.031600023016609	-2.5571945172778534	-0.7099964921152232	-0.9574620329610484	-0.780714581197009	-2.395382064522322	3.26518414870993	-0.9958053100872002	3.051038551851913	1.597041629822098	0.4458154153855619	1.5866968916302786	4.27666104238882	2.6604462061556604	-2.6408572872318157	1.0961779537076115	-2.1225848512936	-0.9733654366189595	0.3902789984846736	0.30787812480841115	0.220528082791242	-1.7665485854392473	-1.6399606254782566	-2.9869133567159367	-0.48211447213725883	0.150695663060539	-1.0511709807528282	0.9307603245859144	-0.4469531261384576	0.47875403355445445	-2.15960104455239	-1.0390462608644275	0.012315331326481728	1.5024259237138813	0.2528410676023633	-0.5725096842087283	1.1907127398549877	-0.40346277578499073	-0.030821403623196776	-0.1601002758969612	0.030405586126380547	-0.19112163453468997	-0.1906014119576944	-0.7385689096445346	-0.2522263129785018	0.17998506992205796	0.05958908593148865	0.46376970269983775	0.7767211336722488	0.8352487416984293	-1.4464058341561594	0.23112801834031782	-0.9412788116742552	-0.25155230788607813	-0.8752052593692564	0.23137591915502873	0.3774780233604274	0.21339522115667534	-0.3815310306278109	0.21840981736531173	0.052394410437130966	0.044047850906715966	0.4227020886326365	-0.10942346833965001	-0.1460978092146223	-0.3411990146861063	-0.13631812988958586	0.975111475042927	-0.12597724942646157	-0.06790927134443792	0.27205622372924837	-0.19210961129009813	-0.037648406901596286	-0.5274352671570045	0.07755906390207681	0.9114309002431609	-0.4193371162867501	-0.08253877852865192	-0.24345199651257535	-0.5112583587440003	0.2327565755804212	-0.2568969460959866	0.17444831769073676	0.3028859736806859	0.7705362683136294	0.21414893785399827	-0.07820189096991764	-0.2798077516471735	0.4574200269194538	0.061310564340576995	-0.1483659133047087	0.336977957699163	0.27761492389962694	-0.015682466339090113	-0.5299659966683559	-0.4490685400533312	-0.39868828266310863	-0.08175648672937313
DTXSID2020131	-1.4607894512416075	-3.3652373761416343	-15.114719876411158	3.222151960329381	24.623501191230474	-0.8220383292248417	-9.085086694020784	5.426251004997172	-6.33503635393094	-0.2196462707017895	3.6615041225964093	-1.0434305028924067	6.767525656400568	-5.78678568668174	13.479129762109425	11.806786753841086	0.3253933148036219	0.507119199880631	-0.5560448838552924	9.465394092593309	-4.05756177754731	10.082371593591663	-10.590856228154557	5.03471846149562	8.55036810001907	-8.953597263628195	4.802220832809913	-0.1104188228919415	1.9010441830220708	3.75557169463985	16.646143533286907	-6.711189330210298	-1.8666807138679262	4.18876379343395	-2.3224481837168898	6.7528011002057	2.1921503763428043	5.959107669305018	-7.9059796428978375	-6.771515109869667	10.369193649827565	3.5306074095156683	-8.359273290686497	9.441293196353774	2.2096006456663275	-0.9550241337055981	5.575590584448059	2.0653750332555045	-9.127802439513115	15.530852302348	-7.643598721003585	-3.540233024533562	10.465324831419347	1.5319082214789914	-9.754480687064571	-12.476865822583404	17.141018184932054	-1.9827750835733036	14.323606356510922	-10.456108622532767	16.39170106744594	10.762947927938436	-6.84511267824223	-6.55317864314192	9.412783789588481	1.9730178944886294	3.5324360567735034	2.75669576778651	5.61821006354715	2.533239705262925	1.972182560546994	5.289478439300989	2.7186099669574344	6.617412557521185	-2.003566061143304	-3.4848494077637433	-10.026578423355177	5.016673492344979	6.831120774762507	-1.5840217283881999	2.1977280336271914	3.588288414559848	4.784714951944576	-2.072589210659458	4.749096489676796	3.5806739726571655	2.4000222116390617	-2.93718585790558	1.2848327070823968	4.316278240514181	-3.8475313447433765	0.4562208376227173	4.830017355929437	1.7347249512486813	3.3231646425345693	-6.157335303712671	0.844799328709167	3.61148218873614	6.365851937383019	-5.2509159638132115
DTXSID2037502	4.241909607049591	-2.6366974578248192	3.861971010484661	-2.71791721387918	-0.6400729615912022	-2.569521067742276	2.5405742698195453	1.5359498513890126	1.9323956156987605	-4.005329535118369	-0.11684940226874015	1.52584408799959	1.869048281568217	-1.4692532805115452	-0.9780172987780269	1.3560819390012935	1.0575329702705496	0.39448738101688946	-0.6843177978340867	0.1961631430136174	-0.9024189328748533	0.43052080343647153	-1.3258250094684616	0.11834323223247331	-1.2535397534497097	-1.1780437901445555	-1.5358931872811354	-1.6655306318417922	-0.7691869059993088	0.2735092103739899	0.06881475259188	-0.48161961629865324	-0.6146357051247112	-0.7481243720195179	0.33532904876012765	1.2869623539111694	0.48540607803684466	-0.16010181540266658	0.379199240836013	-1.3747065764188364	0.33781060174412897	-0.868538105195454	-0.19874781539963654	-0.6416122451673688	-0.6498474127239288	0.04815266365228679	-0.7704580057676622	0.32710447136410087	-0.11277156023066445	-0.24258565149608824	0.1724971240525204	0.2645207726517834	-0.3605474358308689	-0.21992782632703875	-0.27783033842488347	-1.1110823439285842	0.25498526580927783	-0.002852021345334291	-0.6776280533311733	-0.4544350575013178	0.3213672679334641	-0.5262438297612289	-0.266147625921096	0.5200496337982585	0.2514714689287724	0.829373555325655	0.06558208778124683	-0.11767853706850255	1.1074645070161109	-0.3149411697006142	-0.08633839184199059	-1.0097615587351336	0.16725278386991432	-0.6456665489350495	-0.0021047811162366527	-0.29546899923876024	-0.06250489136750575	-0.5803387573641398	-0.5504311117712858	-0.3396100874966414	-0.6090781425669695	-0.11820068375292819	-0.005996054984084708	-0.25228758983688165	-0.44402029417430955	-0.19271711755317034	0.06817644058631626	0.3350334976819684	0.313696496035444	0.5718899452349587	0.20900128408173468	0.09321597459329815	0.003227456432374943	0.12638832134960462	0.08351926400413388	0.51071144604053	-0.22693143366296956	0.5870801418659533	0.11043702068392944	-0.22060869025183447
DTXSID5049289	-1.8970799206078761	3.830144025929434	-3.7460277871040355	-1.0608047788709865	3.9023260211730855	2.2865844062955034	3.240633940294928	0.6709944731054674	-1.7062034578125576	1.2960660726783586	-1.4811430369309466	0.07889545233244123	-0.20312954738775998	-1.0226288073781307	0.7759889947503564	4.04129699548623	0.8007028093874775	-5.613836960611881	0.6937593828521333	-0.6367091828435774	-3.258297885826022	1.9033364583694325	3.004826019706606	2.662157958122509	0.0611465794509063	-0.17530050364927435	3.107541313100249	-0.7318548939356067	1.4784547903736651	-1.0913395586351184	-0.6061999341733417	3.96885929678813	-1.521447430965062	-1.8060900424225261	-3.9882723620343072	1.6494377569899816	2.070663549436615	-0.6772983351144729	0.8457062542160126	-0.43758339986262246	-0.6508764291557227	0.8938071988228695	0.635383015785228	2.2801003048276796	2.4859137242891887	0.8906143748689355	1.6755437230519028	-0.9796168608534689	1.0972922277963841	-1.2219274820107726	-1.5301228179944872	0.7917572603511177	1.0597521609280591	2.125120831509031	0.5779744788156249	1.6731208549510717	0.12714301156646426	-2.0685947171140993	-2.791043663764503	3.187011365115371	0.635137476534741	-1.0381304432564884	2.2514494190683374	2.497327998750629	-1.3719439268859344	0.5705306128644475	1.787657975321943	-0.5112501007419554	1.4161137588144892	2.6634520011783116	-1.6640890574726235	1.9167075674624674	-0.3675353726091069	-0.6445534406332651	-0.07022633671263852	-0.5988927540195949	-0.12534365292868357	-1.7992172265772357	1.1853198693290596	-0.026357481149965372	-0.20381745734509465	0.05909834700410525	1.2316169218383677	-0.5631732901831643	-1.271045796380594	1.1908172526026763	-0.6617939472631621	0.12249769562604662	-0.42440979122770284	0.5935592307661743	-0.13140462837119832	0.06347333959397106	-0.47341808365683735	-0.4703158227878867	-0.28741232506628006	0.49052643226397635	-0.6095483074304096	-0.34063514357149677	-0.836131975224558	-0.3921557457781342
DTXSID2041208	5.9176721879887175	3.7703071694915895	-2.994194248863431	4.305761279494739	4.909541691003234	-2.633160600781056	1.2068083324283778	1.0849182421747698	-0.9214528476339169	-1.2224306110730816	-3.284381711726536	3.755205048416258	-0.13846507829865445	-1.002783652548679	-2.635141155023058	3.1590110792856265	2.5856036754234357	-0.7304933173184984	-0.4350623331060224	-2.589684764629348	-2.531494673073743	4.264901750924422	1.7865733940442234	1.0146339024572788	-0.5840805100658656	2.146363482383804	-5.002149314152314	-2.088189296766885	-1.4897963127758136	0.6190679742097904	0.728933403213778	-3.367419597681138	0.753902561620949	-1.0510906345476998	1.2979887295683112	0.7533117367751392	-0.6680496872101583	0.31457031036932603	-0.22907080105797722	-1.544201567548457	1.1349913469464425	-0.42937127447152956	-0.6409939408876995	-0.595953550760194	-0.06232535031767306	1.246504703694804	-2.4304527534822107	1.271241294607394	2.36912661795386	-1.1177443285501774	-1.459270559098902	-0.3137570674412299	-1.118815038268208	-0.6758306640252347	-0.8770741309578649	-1.9495480143770225	-2.245493286702961	-0.10296563063865706	0.5910721184827273	1.9944253284493456	-0.9901090539573983	-0.466914484010311	0.4964754513201482	-1.7009095457275594	1.644951860872587	1.3221897346532716	1.0063155063636364	-1.1866663932048036	2.6806239677836508	-0.6854237039724854	0.5390376424999068	-1.1166904978295986	1.4409555848456863	-0.15373719753199036	-2.615095069713393	0.3590158233111498	0.6821247560743728	-0.5467174971875116	-0.4927563164575812	0.14515015859505775	-1.0599728428599262	-1.3672518303017627	-1.5996064296123913	-0.7509877615044992	-0.7558917862632769	-0.6425647563622087	-1.6139724368825044	0.5146151489614297	-0.8156852324745235	0.17022981796291461	1.2620471762346186	1.0805678827883873	0.21249775428496404	0.5269096465812834	0.27967318462425833	0.6979670933965126	0.07361321156330318	1.0090569204844464	0.30808061796151576	0.004330163132894721
DTXSID4034287	-2.1627785187805975	4.616024503178695	-2.834511944859731	-0.8232444375389151	1.2976249936551345	0.9528228169200383	3.2358394758042603	-2.716644006327718	0.29412051717369536	-0.1363127532029861	0.4564174424266524	0.5599405236906402	-0.8509168969591765	0.8325392981383021	-0.4408413125289343	1.9397911515434572	-0.3564511350898155	0.43685556750388854	1.5815374675752094	2.4540285767945647	-1.9690883078663546	2.048541680499527	0.2954209604145421	-1.61876837564457	1.9253289292932803	-0.670386005100313	-1.5749427882530689	-0.1683705649439624	-0.5043608502398503	-0.49507036922287245	-0.6451543417149797	-3.6654784818259816	-1.5387399575410818	-1.9792005525815548	1.413927285844542	-2.3451775273811064	0.6615980142495358	-0.2204279316049127	4.134160199999312	2.2192341317454454	-4.3068352669921675	1.1769577676891214	-1.6889058043770755	1.2091423628806197	1.0346565778887897	3.7773903436826615	0.8398225468143586	-1.3545042884938807	-0.9166918083649177	0.2371837364901283	0.08383854592151248	-1.1744334160972325	-0.7497196711386834	-0.6291034248820581	-0.4027189235792311	-1.00046419163922	0.7324249809095704	-1.3788254950286511	-0.4698127384297268	-0.377701985036053	-0.8512813291463412	-0.36434808531787477	0.934473252265164	-0.6355669984261274	0.7947009976673861	-0.6106716148708038	-0.41991587545571724	0.42378342334813257	-0.5103923419775385	0.5669997753684811	-0.11133325863916997	-0.039576241581148884	-1.0761331558284446	-0.9147330360611085	-0.5878834910775729	0.8594187079885149	-0.3573735765196137	0.3272106132393069	-0.5286269674508339	0.2669385257526808	0.5423613499885774	-0.3245707272695424	0.13075802783003168	0.22271639186985887	0.298754122731114	0.06496538940660233	-0.10871700396531897	0.39716532900710877	-0.3402922695740906	0.024712835126519634	0.33227760065792217	0.6872554847081415	0.3453879401642686	0.15899510082111573	-0.04023068127694085	0.2661115492912152	0.15851315574809333	-0.13388738942775338	0.19922813454575217	-0.4914937334204653
DTXSID3047554	-2.856111830863624	0.9559363155459459	-0.10663088293040407	-0.8766637378964193	0.8268749055235013	1.1078628758469906	0.5991117582053106	-2.396438099602084	1.394538743717004	-0.45461083985230133	1.3668450523222675	0.6092297818756932	1.630233520559973	0.9658153022081338	0.16589821164979532	-0.364459949658046	-0.08875058985382542	0.9145641363881388	0.3112996837115302	0.7174527971615166	-0.3934201345375872	1.249815055963838	-0.09790628778253004	0.17385588011955255	0.7712797215688376	0.2133768674727529	-0.3589165390190125	0.3387192350227986	-0.07700957047312232	0.5226303670017292	0.06370691696107064	0.5599152164840538	0.6044160178099783	0.2598395340703483	-0.02895370390484794	-0.5488049543956295	0.4986603331396028	0.5716462877059486	0.22976991894402793	-0.8263261332164045	0.1405436424588522	-0.6240797581444771	-0.18768660417981592	-0.42249750192726876	0.43416033508835844	-0.3173923837709577	0.22253122993209648	0.17199185319467816	0.2697107727922792	0.3957918508386197	-0.0667245163967127	-0.6508132809074189	-0.27406159322067175	-0.5837886351413744	-0.05097300297121394	0.11558186678453435	-0.14018349305693284	0.36588291616289387	-0.02928653831322719	0.3511195174402391	0.9394823092104103	0.050009736063292044	0.20822928479302097	-0.07898060351166317	-0.6411411441848424	-0.4285946526779856	-0.3995977445062295	-0.5999713990197658	-0.1931209934871556	0.2347756558386715	-0.2432290242867354	0.4690601468367309	0.1320464078042202	-0.11771656297623535	0.12219916236167903	-0.26367218676828064	0.001119753896831145	-0.15612876636631817	-0.09831787326189297	-0.050623779707550436	0.0733341000120016	-0.3735621867920604	0.31694066641187635	0.16063647156194025	0.06555606429831448	-0.49237916106216295	0.09623239917015199	0.1659119629719731	0.516804708934127	-0.1566638675978511	0.3522318802605922	0.1580036274541751	-0.28583466466829094	0.009811468723429312	-0.12728186308688044	0.16238561682736075	-0.31274697947108415	0.008784097451104539	0.36689938868167293	-0.07490989138708559
DTXSID0051497	-3.2991382583456548	1.8319621283216618	1.0675307129125435	-1.6674995083758	-1.0163698957264213	0.1038332051929379	0.8838322063299558	-0.4843563923966878	0.4278561547641883	0.5212209042028342	-0.027128783945161387	-0.08966335920597315	0.8977216107533893	-0.47112067917766787	-0.38903605743410263	-0.8526401465851189	-1.6195345158157235	-0.6028609039210677	0.877115771824271	0.347115023250682	-1.1353516673028747	0.5544392744342566	-0.48763872603298514	-0.20138407814981288	0.2770304583576325	-0.37056273280450863	-0.6939982894436694	-0.3268104315431362	-0.2722820258760823	1.2502175679803889	-0.22218304988231374	0.337172364619585	-0.8873935385309902	-0.5701582366715128	0.36740193130108423	0.297926383781511	0.5218500811451086	1.0397679604759016	-0.1226136216956502	0.13675377362011285	0.10587747277461543	0.11735964104374755	-0.36921979378269604	-0.03447392251419804	-0.050264402325962104	-0.18494452101570233	-0.24631986213629406	-0.16162211138062316	0.04684876132486089	-0.39783923850397584	0.301680440732349	-0.8441338645925133	0.336449428884988	0.11690664849770235	0.37731149591243224	0.10230135092136534	0.02062602969937071	-0.4680620321219141	-0.537675732386897	-0.13615484491113122	0.322525805401554	-0.39879131353680547	0.2676593587668248	0.3157971250649155	0.7761681744773623	0.45489952721625676	0.32952859406457236	-0.6190848378129051	0.4717773622250193	0.0424364553885439	1.5826248042921516	-0.05487600904770115	0.10996953280042097	-0.17728914867831239	-0.6441746846061914	-0.32738594088427414	0.4444566235642394	-0.49197963044171555	0.014658063743079422	-0.875407851032092	-0.0641725159331985	0.21778030854242697	-0.07062844655065763	-1.1818223330872912	0.7870089136299903	-0.32990764593118793	0.2246384641975119	-0.11776302785730047	0.2864887054741719	0.06815250181646187	1.156025506377118	-1.0824887828310688	-0.2595171939251695	1.144901098159174	-0.035354104402169455	-0.22748827097727833	-0.2554706330249424	0.17629883274347719	-1.019845248587797	-0.22039066545020522
DTXSID4020244	-7.8468996986220265	0.0880341104562099	-5.098282352273559	5.2624487301259935	-1.9508224933185772	3.9665243288220373	-1.9099489712789108	2.2692982446903853	-2.9347696742876934	-2.1104578831631846	-0.6806107866144887	0.31480757534431625	1.2194435259222467	0.07347753315438824	1.655434262403911	1.439919592391831	-0.9139776455698811	0.16915204580350568	0.33999584195465443	-0.5547541043887302	0.10230510687131274	1.1345109302870429	-0.5227409730243863	-0.16538860860686036	-0.7810716331656641	-2.8077136891655035	-1.4071530828917997	-4.398985326522502	0.958139552875741	0.30004079782241233	-1.0376667285607724	2.0719501551984565	7.058161420199271	0.036479325758761616	2.905150487323541	1.3004498964238644	2.6825325335569357	-0.25490112558067257	1.3630968344633136	-0.5468336018468117	-0.18954892758393377	1.2346859507663817	-1.6503937601675713	1.0863727010366775	-1.9672869996059614	-1.4349735982697402	1.9457251044518156	0.6204176211806027	-1.1419581618024508	1.587217216039509	1.9395518812709793	2.658029288529383	-1.6888779952811517	-2.764963428614902	1.1602948170101586	1.3904273347769611	1.5919525707333437	-2.7842316368974527	0.40889493757865064	-0.8150326852763329	1.5023212457749104	-1.665983613040473	0.9424952341629912	-0.829126978511498	0.11433389050961824	-0.31774285988329937	0.15279632362829668	-0.12141213420354063	-0.6842254380527102	-0.4460618399623196	0.40464583110024505	0.3650175662481417	-0.4505846573887547	0.5274070676255874	-0.7556895261556424	1.5571613951784258	0.017501271109976266	0.7447494840312654	-0.2895437007948248	-0.5678948061832905	-0.40126780960588154	0.7128138102253001	0.7613569054758469	-0.8313926151252135	0.48151777865262174	0.2069212618206097	0.6782798919588864	0.489587194744388	0.23809452761159336	0.2148390414774922	-0.07022944632376772	-0.2246527594821771	0.09289418222922101	-0.5133107007560836	0.9762552119699934	-0.031942298899372966	-0.2828408568298231	0.24875370496710192	0.22333001307086897	-0.1005515987108372
DTXSID6044488	-6.068245543149156	3.800762031935138	-0.9884619619376918	0.8535024284901945	-1.048413819575721	-0.9954447092849021	-0.5827154407288635	0.903213915749848	-0.02449525970524101	-0.7028172923817039	-1.1174517415564915	2.5486193575121994	-0.9057080245955588	1.6711735354506791	2.8146864377808902	1.9874707318755591	-2.2145374696390445	-0.6933363249518459	-0.3953872886813565	-1.2964437660497932	0.4040852347044639	1.3363058693860905	1.5042112600025623	-2.3278934755590313	-0.05015317017494542	-1.4769412018141161	-0.3304205450968272	0.4077274180132604	-0.17343435755806774	-0.910898708994377	-0.9410146059145805	0.6247415917698423	-0.4136285846977857	0.5587738265544371	0.6026907276589056	0.3455118822684787	-0.8365311154223283	-0.0005447679552807931	-0.5495144749668999	-0.46731164451631674	-0.07390126885007955	-0.2296978385513461	0.4540878216592274	-0.5729165932756547	0.6250892774051874	-0.26819316817206024	-0.602735862160597	-0.33493449756245897	-0.6951001380843801	0.19708802385656668	0.7667888609682347	-1.1356259047251098	-0.5510920565274458	0.38598162715882484	-0.7478384590398648	0.043539293985696434	0.10683724150706886	-0.9319732215995202	-0.3929356234092639	0.3902291918285775	-0.780202703034788	0.4022531917018021	-1.1191523929017746	0.10503686109925368	-0.8320968694714871	-0.3101033388357293	-0.07172192385746601	-0.03018265299112368	0.17844455459141056	0.8719280991199864	0.6972347560622517	-0.4562513373703179	0.02280128140726921	0.26817450355435746	0.6225123857216092	-0.09062372882567434	-0.6853586563542793	-0.28873313947597296	0.12196319772708535	0.4447417587620816	0.4666381008178849	-0.8171374041367189	0.47309294426631027	0.1150638003549773	0.5414687433460359	-0.5293574131307578	-0.18691776850145683	0.7637551753405478	-0.32944894961792814	-0.06707867968223516	0.08729116216074723	0.4909590244952627	-0.18094439916505362	-0.10240162430034981	-0.21888978822413094	0.4051994642063786	-0.25868164932874105	0.43063164025735756	-0.8245004183550788	-0.19179505933780142
DTXSID4041490	-7.325477048406753	4.038762937514659	-1.9394488281085869	1.84705110240098	-0.719811641614432	0.4248493747434601	0.08681211048280124	-1.6832449422801763	0.4201488030183594	-0.23912139207971403	0.21728235783041835	0.8531131040677785	2.542434034399812	0.7804135358505576	-0.8709361032680673	-0.19219317646883827	-0.7252074343299797	1.2009315044438875	-0.5576250230913672	-0.29829707680401896	-0.9701003235644841	-0.4537424575975944	-0.8850690237569617	-0.46169331742528913	0.22857627699510058	0.48470915855444585	1.067265393938923	0.49159244464647467	0.16431019173625624	0.3678935968380843	0.531898412458996	1.2521857266561862	-0.3255967725922958	0.08448761648624291	0.1927203865680544	0.10637087000625893	0.2506796744696133	0.1075478711800526	-0.5846957814530581	0.9168310026357792	0.2007077036481706	0.6976382531226781	0.021223995140298598	-0.43342497023749543	0.1557143843522483	-0.12123732484905046	0.5034791274988709	0.29643582473819596	-1.4460832508986488	-1.49437405206342	-0.010127731696918746	0.22316918881488018	0.18662086633560404	-0.768846468648816	-0.19130826657421898	-0.9557622820694467	0.7473422098638989	-0.16087863870471533	-0.7945924333045872	0.6164442402138663	0.4487016719017773	0.965641507740403	0.6383853111797707	0.17916992634127316	-0.03402260145938924	-0.36033029950482065	-0.29640091346329495	0.45726579608781853	0.41836708001976874	0.016836803572892262	-0.323711441876679	0.17300631710892622	0.22542000880156804	-0.7931440635983874	0.6980947821237197	0.4648133140880179	0.25540157479162984	-0.10791476160073425	0.21096280942671924	-0.15962453037762755	0.4644573772918059	0.28634917952564287	0.0380749488643802	-0.22567425439761418	0.40707755593000117	-0.3481075053447012	-0.3161004807284435	-0.2735463671470848	0.29676891907310343	-0.6443084872826289	-0.027432126985880316	0.12588907831342816	-0.46679668694826254	-0.2119381272614831	-0.08947528914458722	0.4341360571696587	0.579718477639245	0.4197766648365773	-0.054899484597355594	-0.18480583022055355
DTXSID2046171	-3.660548699709614	0.39448332858725454	-4.2043082342173745	5.685273644284665	1.726832355599187	0.4112313819575878	-0.12423394314372677	-0.40231011958111695	1.0865541493870958	-3.136293704791288	-0.035440389310266836	-0.9434210376855854	1.3460515168370557	6.049967741030486	-0.1249479842671374	-1.2307285010837978	-0.4897795354991938	-0.6363866494589323	2.6179522412730094	1.0077506701863495	-0.22527437658025187	0.39749215032985297	0.9150239743166982	-1.2789715963201984	0.21049847475681566	-0.3910247880200493	-0.07289163224394157	-0.3181247553764409	-0.6639652302172572	-1.821701211804744	0.573583426249775	0.3567994088093286	-0.3560320250314549	-0.45108728337798754	-0.36207919901980656	0.11442890046369321	0.17633598997516595	0.8952768901887556	-0.20213078547599145	0.44653824219940924	0.06500181208607142	-0.013110672076303818	-0.3771519258278355	0.16758049954435683	0.1869542077039134	-1.183518912755148	-0.758845161438217	-0.9407445225374449	-0.07380701934403218	0.8236656525648226	-1.1199029900570678	-0.09032967689318876	-0.071453414394967	-0.5651324048134638	-0.13394083383314415	-0.1523397163708227	-0.35161997254906374	-0.015069530084277414	-0.7548888850880737	0.0126657302507466	-0.7674118021976185	-0.8189756958239394	0.74202684096551	0.7533677440255081	-0.6460872541410903	-0.10848051445348005	-0.34067782494575566	0.25915385842204003	0.36032285627260474	-0.04160852378701712	-0.5729569788564586	-0.2466653713888802	0.08221490637297854	0.44547627910074084	-0.889311173155419	0.20848546078361813	-0.3616306283416972	0.15077257355155885	-0.5049101246158328	-0.2507087987956634	0.596708434944274	-0.34925051707498195	0.0035185806993955036	-0.10311267127196995	0.0775539002718249	0.39521506816121027	-0.16453894685302023	0.6309027503463595	-0.21363505571454275	-0.01407628308751607	0.4884780182154587	0.3207404994518902	-0.37865736395981275	0.5275306083171344	-0.686518968796481	-0.12388037037081684	-0.09793619067683612	-0.02706534794627874	-0.46709419497542876	0.012538091330897488
DTXSID1048835	1.7389528214363421	0.4571190166462802	0.8940627516981104	-4.36422094966481	-0.27518613541426445	2.199674774987475	4.331789045856093	2.2442759320578904	-1.5026285341744503	0.4268875877671121	-1.4995995904895518	-2.01979140281343	0.9110719524248533	-0.6591360896105461	-0.4797158825674894	1.80288230053726	-1.3649128593987363	-3.486223250574772	0.44152213308377847	-0.450101022333204	-3.032445078436642	0.6456181246074952	0.8536674155401887	1.5015720158695836	-0.4261897881524666	0.8920637320148374	-0.9566759357778889	1.4419563796811194	-2.7733997957610494	-0.9729487898417254	0.35442124075718584	2.554046890579813	-0.6821685087566278	-0.9056756294713213	-2.6460402931640563	0.4599106270364033	0.8252122764426622	-0.15841181784681746	-0.051258790616399555	-0.40505144844128027	-0.43375752368259013	0.4404831292621494	-0.21662774254417821	1.1922220259467549	1.5264877825692087	1.3051565640958798	1.7609559794094551	-0.6792064044002244	-0.36760812001470244	-0.14754979108545083	-0.9184088845476062	0.9228240579179541	1.016386841171014	-0.4374441769019515	1.0556417199914856	0.7280469177399856	-1.2740360009982523	-0.33867453001878656	0.33719695514600195	2.030979328283924	-0.932756836630506	1.575576683415136	1.6955672658257617	0.6772353940303724	0.9192568213092726	-0.2920460516367957	-1.1640788626376715	-0.9579259449028241	-0.43905082323158945	0.6480693288917044	0.6017185813809078	1.1499522418183803	0.7680106251799247	1.9674969625704843	0.18302551394419378	0.5461499726872621	-0.7269728488789012	0.04346308264081098	1.5615990748053064	0.3636742979543066	-0.8973385431228448	0.21093709628983298	1.9798090218362052	0.39804081604126607	-1.13936652806961	1.470102314480573	-0.4274934370907821	0.1188789174790478	0.1368349009381013	0.3306307430610011	-0.8287700476035607	-0.8930863870953081	-0.7176152352065893	0.027336096973294696	-1.2447426367633139	0.4956623871129241	-0.714875487871171	-0.6912171201177716	-0.1775618889257791	-0.16651733591377618
DTXSID3047504	11.150581725409388	-4.7047967226157485	-5.542712846640821	4.257519413052215	4.937677223094878	-1.342613658617724	3.614214581175097	5.068956896633119	0.02198104877568119	-7.211728674609317	-1.4332850114743836	-3.6872105892235187	-0.28228395832166436	7.874079876343701	-1.5172507159337385	-0.6845702377525373	-1.205994675719032	-4.086401423882158	4.040967564045584	0.5855771948321221	-1.2464771304901798	0.05705200328201219	3.8509262543083125	-2.203732019132959	-2.4547677895346323	4.0373477161067575	2.287896896412385	-1.093226059107769	-1.3741901446746314	1.1526490518996053	5.198760865438988	-2.2202840992166895	-1.363137657191314	2.7809074488867496	3.313937044765193	1.6061287950456733	-1.2720268150703178	2.5567866557570924	-0.8821528072737619	1.1174205308986482	-2.0253875106506	-1.1319247025002548	-0.16964797002658413	-3.3664736029900273	-4.172016966081065	0.03619523129691877	-0.3809738493540303	0.2745654522861512	-0.04170690983988539	3.8012933989306026	-0.6964096304350984	0.5355504230877093	0.5270391144254412	0.6286578623004777	-1.4905208293288952	1.0651385128164204	0.023691019413927282	-0.7094486765604359	-1.7762386706717075	4.233545210758408	1.0012213643662267	-2.086588592472326	1.2042845663158979	-2.0462227658724155	0.746684960560293	-0.48776243621184484	-1.6597806259661696	-0.8649498009401733	2.1430838568236674	2.0429629464788626	0.37634250776642064	-1.5438114835230212	0.9214608349085773	-1.284509849311128	1.2356368716252082	0.31105558615210593	0.5227702274397091	-0.4788208634132501	0.8426295972894974	-0.47621523558996626	-1.5821210881592633	1.1854886353503458	0.5098396160657197	0.4201914341604625	-0.2400185991336779	-1.455141670083645	0.509863377452381	1.2686469254871366	-0.883781144821069	1.7254249117969878	0.9899061429390887	0.08424003321199312	0.5450590527079412	-0.7553339219274333	0.4722288427994815	0.534155644198754	-1.26349064884613	-0.9144982863469803	0.8577062345176629	0.9835874458177974
DTXSID6022844	1.7469652576824466	-0.647815050482469	2.1225958110474132	-3.8701466658341745	0.5082759290803113	2.6621428041348194	1.2983912855418727	2.110903692706245	-0.15132907803401993	0.6831525559645771	-0.8237350446988582	-0.05027111905639907	0.9385147049325985	-0.1703213989242564	0.334676527856577	-1.7316054119742743	-0.30687340297536486	-0.6465581710526213	0.6440898006106694	-0.775842732869765	0.47562995244675943	-0.038284489603671874	0.11185483489961862	0.7133470036847778	-0.3616033605796417	1.1460190423975578	0.6432921981038388	0.13010550842975996	-0.40205018598388853	-0.5529580647486826	-0.6300956310696768	-0.5153475432682261	-1.14729725871826	0.42708725093800093	-0.5847182658689656	-0.9819196311467795	-1.5331331361338614	0.3203822808892931	-0.578574972142639	0.5791378954485217	0.0763061388847372	-0.02997032204583171	-0.40084926723153186	0.7207591552103537	1.2887140806038988	1.726301531578374	-0.02298899777453695	-0.35517492196345146	0.019391602769228484	0.5750138050196525	0.3616964133547935	0.5265854859365658	0.7694141853106667	1.0283337595879618	2.071811865550232	1.5441671964504653	-0.3039654608860623	-0.15637906207159671	3.0688658128433044	0.7877395440400836	-0.29816115003231214	0.6132335185789526	0.9778023200879595	-0.7611117821748269	1.3761501507391232	-0.5204033052843413	0.4258525936205298	-0.5301347417798392	0.45523307388887574	-1.1125643164678134	1.3758867059778837	-1.2697533463803812	0.2529437921141108	0.5641674669847	0.8565176557037614	-0.5099328982034395	0.5968283901244745	0.7263770338194286	0.19656197297623212	0.5805643957741429	0.5200828168813432	0.18534849593368063	0.6437670360027217	-0.8432845180959336	-0.10861542390330836	0.511870714777428	-1.0853788565603582	0.01782285480601292	0.48192259204165727	-0.1340424357055168	0.09139052132354625	-0.13507946572591203	0.09611117069548715	0.6056355671721387	-0.5469825459193424	-0.4590723142247644	0.49070308049277606	0.10851973640329253	-0.40971067418733265	-0.23764465992599879
DTXSID1045665	4.168818247913629	-4.790849018745531	0.4171245973125276	-0.2137181565098521	-0.7286276283349163	-1.8695365970948585	0.513817244987669	-0.46435351672993286	0.7191357386071039	-3.870869658411847	-2.7140816006746884	-2.724550582146375	1.895104980571617	3.2409245489336906	-0.7837643425149405	-1.46570552503684	-0.3045236060126266	0.024518181785629742	2.0761523229944596	1.7418711977618155	0.8161876436097899	-0.07626880204201024	0.9004498729440222	-1.1679552990872544	-0.19009495656384762	-0.03205993074896356	0.600851131699343	0.8210211751975832	1.2539886745617284	-0.28787909341401263	0.8687691241953287	-0.312882054136718	-0.0763757523108517	0.07518369190493396	-0.13864283510156294	0.7183102604987748	0.9086154244913335	0.7596249077695602	-1.0648260070291256	0.07580309709584439	0.04982121065740983	-0.18073570201175604	-0.20448795427725477	-0.038555178912708966	0.011166853213560137	0.08716211218006117	0.7282723954361113	-1.2438632943100167	-0.25852589262768294	0.10269959695188753	-1.5523374191755643	-0.8845401682543925	1.653262490744999	-1.2687288586171173	-0.23155227636443912	1.2221446631945345	-0.21898670847534019	0.1700115209723957	-0.03987711979473706	0.6022083342495942	-0.4468071372561759	-0.9794021543044321	-0.2529373081354466	0.991394924411395	-0.5628696257880187	-0.7619005598011419	-0.26636409918905	-0.14183620021395374	0.07942721722029347	-0.24827705481549384	-0.9343264003638565	0.1979574847360765	-0.6660492978536526	0.09456428591510463	-1.150308980630257	0.11810983469915827	1.031177108227075	-0.1068609360792305	0.4827743374091	0.05243727020924245	-1.0003249354793493	0.14639562971290407	1.1332944092223323	0.09549102064492036	0.2494444853345163	-0.29179622823948026	0.8764834949643978	0.2270492702025584	0.38097548517935376	0.06746433753999284	0.13936900171090782	-0.19997664752778402	0.3338055420331733	-0.6087899279220713	1.088002097572539	-0.30965349035143397	-0.2967168000853619	0.2910487441470794	0.3699139322449043	1.0294981225879793
DTXSID4021634	-6.887719823936019	4.614653217130561	-2.6122902098991214	1.481330241769407	-1.0632352713038846	-0.007543416777281688	0.6592249727990451	-1.5895581782141168	0.8412092871362985	-0.3768673738744895	0.6491253548860756	0.7886394811622038	2.142505955337891	0.8718328378790786	-0.28610420303469725	-0.07202140858563702	-0.4549753810321382	1.1719257510949062	-0.4009194764206297	-0.4444341190692136	-0.9059469740804017	-0.20906274418395338	-1.0705152362711612	0.1920498459522175	-0.21792058396145272	-0.35815712039300357	0.8627955490778221	0.11523860950722364	-0.06514070144170851	-0.06686840971347004	0.5311570513860998	0.3521309052478844	-0.4235588486547172	0.22770597471232298	0.24675301968262753	0.30127308421015697	0.7882656693158432	0.2743294932888529	-0.39890899794510554	1.3817086277900719	0.07827423690594291	0.0462186104097772	-0.19102725834463852	-0.09615465807548222	0.051114083229726576	-0.6062433682358369	-0.07318561939857812	0.08694456614988576	-1.167174343444517	-1.7681235016892283	-0.5470714469169873	0.5572331061111552	0.5450835318440388	-0.4353213894068428	-1.2072767418686652	-0.18936655057192206	0.6563716303841816	-0.7915290691709005	-1.1601507714162225	-0.09913229556050991	-0.4852357973076641	0.5695924587395742	0.864653333516857	0.31532358724469345	0.5386832057868723	-0.2825064389121461	-0.6768411690668561	0.6226133058956255	0.3526478003425921	0.11401422670908223	-0.214750502574787	-0.5712469659344519	0.38448107255589303	-0.47950386355721697	0.6393055835652997	0.17823401171592312	0.20056331220091816	0.3707277737276482	0.0032783551446067998	-0.18850429678105737	0.3332598636021004	0.02230317971339532	0.261119218591881	-0.3812969714442708	0.3178548410407846	-0.5797083344055427	-0.02389184699737773	0.07332066741238046	0.09941952375037699	-0.1020261781656144	0.2944798939534402	0.06436508953944851	-0.10318891077999096	-0.39428546454162133	-0.28402185689734816	0.404567773717698	0.32483126801052836	0.2416975799066252	-0.25757088015427715	-0.10050810122952569
DTXSID8042343	-7.579264771039287	3.4127358101371006	-2.423824588046986	-0.11387874366912308	2.231962268136894	0.5694495992720146	0.9139564400635115	-0.5596907878492623	-0.01987303552831328	-0.025853980440233824	0.019885720120762236	1.2816520266665736	0.22796799097386414	-0.08795317649782601	0.011726052071231837	-0.33993296553051877	-0.46363846548396237	-0.37043219176014563	0.2979619551120362	0.19784007408086934	-0.6141358268166516	-0.027769136905268752	-0.2709785372531505	-0.25410712016353854	0.14111584104587158	0.46186121852031564	0.43603854439704254	-0.11239256545206051	-0.6503222187145093	-0.3604684764624651	0.5690825755171125	0.423352560144451	-0.4006989041253806	1.2039360507541488	0.4671038050706282	-0.11382422953928746	0.12272444812933428	0.5461479403627786	-0.3221726908270778	-0.1901434999992669	0.2718834521988203	0.22534926432307792	-0.11900987131497956	-0.6450456589129447	0.9298121111835943	-0.009646819353768455	-0.775066754889496	0.5144880201635333	-0.13309611620308223	-0.5038289077404444	0.07518621588758162	-0.3146530034067604	-0.2606203932026716	-0.7181886521770912	-0.3648740036802972	-0.2572546810010193	0.2078466081147337	-0.6048668116314116	-0.31297092604877813	-0.20740146674149895	0.05143790501056732	-0.4451953422147012	-0.7662533825616225	-0.18478421591058053	0.6728433641362391	-0.32892047167276267	0.3478175530526456	0.22354658694624324	0.7298418348427721	0.25837092652061117	-0.06092778336654258	-0.7121550845040359	0.4495470969451085	0.4894963894456645	0.4990094733349054	0.5452761622864827	0.1343898255877952	-0.07028504641778374	0.3025536376322021	-0.2361301245501707	0.11671316235977075	0.23160580522755117	0.22445170183260318	-0.4267455497677898	0.3205983405913877	-0.18844779773645143	0.0828102848891518	0.36143828740195927	-0.6890471300531207	-0.19524672333899407	-0.40284177213134303	0.8116294116686769	-0.34878971427693733	0.08879614616046735	-0.4475069768275536	0.025990733679365812	-0.1421180467057337	-0.3746343691647765	-0.009514730298781955	0.4675878181881351
DTXSID6023317	3.0101088286474873	0.3361687787551834	2.736918270278815	-0.5830099956124024	0.3038142709334946	2.174239959612831	7.824031032790273	2.4522803588345603	-1.4718089850703442	5.442129901071634	-3.073051976342092	3.568312215053766	4.017803564684848	-0.6477957579456094	1.403345837204401	-2.2345357963003827	-2.524931333388545	-0.7901364925476879	3.4622154507145373	0.6762378339482151	1.201818407171299	-0.8851744234909187	0.6015947364794073	-0.1388352282679769	-1.2595866965765887	-0.5538863293596468	0.4618991221430344	-1.1460273957243836	-0.9990537048262607	1.3403946233592041	-0.28909714629101085	0.27881352717159813	-1.7123940584246107	1.0633467150941776	-0.19129688366969164	-1.2844699411454346	0.08792717923516151	1.1442333328159278	0.23764055280811536	0.33660918877547763	0.45367898962703046	0.6113595707720502	-0.5835439989406943	-0.45073811857178897	1.5321685690598883	1.0432414966119217	-0.27844383692469005	1.0339994095374536	-0.7679619124737653	-0.3654217188110356	0.07471709162885727	-1.3801881055442329	-0.1586405499959942	1.8777995753352013	0.48509006388215015	1.5077741284428172	0.3114665946180416	-0.06370582574639447	0.39112290564897045	-1.0405657448282881	0.2096438133308547	0.1395156259470666	0.2590356106343237	-1.1684998625090246	0.9094266195616606	-2.585702379914229	-0.9853482372902231	-1.5153975793578423	-2.4668248089300295	-0.39440394828498393	1.0488327766532564	-1.5945377155150104	-0.5432421905270745	-0.0031830486306527977	-1.5527442733524057	-0.8573352267083155	-1.3739821770871725	0.5091555893978187	1.4255128552140732	-0.6361475891921116	2.046464928689332	0.6008594095885111	2.196112525314214	-3.8663550742501465	-1.5897486681833761	3.533383509017252	-0.4131947786476121	-0.009080991797817213	0.765178593706981	-1.1010487535884605	1.4874649746575581	-2.705924714317978	1.229780443303383	-0.16626643990429915	-0.4431940445251784	3.3541069683633795	-0.6756593509908367	-0.19975140150267198	-0.009394820350258083	1.438915504274777
DTXSID2047644	-6.54090988849796	0.34236112075655734	1.3028573223011541	-1.4857415462169603	-1.9197207859826533	-1.0475589432752725	2.04092853409994	0.4277379620808973	-0.021806736287421163	-0.38635773953264535	-1.9587828389235662	-0.34610612295994003	2.971968209022073	-0.4479129306065392	-0.5501074861305061	-0.12586117202483194	-0.06476685238025473	0.08005881189868706	0.37358728210451964	0.5508169194016395	0.3019565908134296	0.15084518705034045	-1.52045455209161	-1.930176948806296	2.6509850015377623	1.1664667286417079	1.5371630841623094	0.04951448135083812	-0.4517017567423322	-0.537513032480367	-0.5676791690476154	0.5869052584999968	-0.03001364537444755	-0.9975620703060438	-0.3531647560540984	0.46386139361663903	0.21356572208828054	1.2930478462452566	-0.7659986122768913	0.30386099566194197	0.9539350228501196	0.04244404288037816	-2.389262158807855	1.760260465073226	-0.5801500861422412	1.0668156006299778	-1.5352749846993736	2.5438506871402944	1.3484090040407617	0.920235851071331	1.1440557883208564	-0.1923980979712655	-1.5604306651758486	-1.924532369071469	-1.3100377840964532	1.1459035066283025	0.6837974334654536	0.9416440314423784	-1.5266932194129652	0.7582321587610151	-0.6289249778800692	0.17629922973891127	-0.07436605490372838	1.0187908698260744	0.21625563927590297	0.01663556294862163	-0.3299423433793043	-0.009076636450754473	0.20228374377822234	0.7458554804051397	0.0554750307489594	1.2605162640653662	-0.10389284897986369	-0.14593791837938247	-0.24157716858945266	-0.4294310758970437	-0.42064798668358055	0.20400173175044353	0.3168693076072509	-0.5046718810700452	-0.3510191816108265	-0.0927183631889762	0.010878028637817363	-0.14064258929201676	-0.19036020109106117	0.3396095434217736	-0.17525128332817594	0.357255690261521	0.11970975333905545	-0.7647447452466054	-0.1436861912747377	-0.09947141474551525	-0.0735977601335051	0.06426835003789554	-0.12470037621322154	-0.1906566626479371	0.09643640886445706	-0.5037073922429033	-0.049550580060051405	-0.020516969866342348
DTXSID8032386	3.2483498958371855	-4.058634752135389	-4.167847883712781	3.594119917278636	-1.9061022723785341	1.0944596000927027	-1.0276891765449117	-1.50148092403061	9.540956311412206	1.6688774027766087	-7.4936924031678895	-1.264710637068806	-2.4627168551796355	-1.9054003430338184	3.4531859916991015	-0.7307172935014523	0.9859261243892345	-0.8432035844371928	-2.248151519029687	1.2763988836018019	-0.3343772896797029	-1.4804330741004446	-0.550670308779451	0.9390650704399605	-2.5414068631887914	3.126837963237121	1.6687456013583433	0.2834613542124107	-0.7965625630507072	0.7127320582085745	0.09408917798014894	0.06624126921111927	-0.392582795751078	2.1101919405998304	0.4321468234785544	-0.7387928500723415	1.4819893794224	0.30667226296739164	0.816943274391426	-0.7051458286414352	0.24625224593559816	1.3079068571298451	-0.15117672460552933	-1.3745886242933492	1.646494205699042	2.0056359182104275	0.8711864937872916	1.580815247241648	-0.5259946896001472	-1.127010386131182	0.20541697801366707	-0.7422399662648301	0.500880990101645	1.0654597899601819	-1.176802645671081	-0.09945240708841387	-0.3181885761052782	0.7264248825486145	0.5016304420132786	-1.2546424200111195	-0.005983899968272295	-0.21203703126333054	-1.1342535048670652	-0.8930215244381198	0.9564499910095287	1.2650254466747821	-2.0949656606330525	1.7516404875750908	-1.6450006724002046	0.13073484940522656	-0.45297042564671625	0.5706917327910606	0.2698530443464436	0.31613839832512725	-2.4829365694391154	0.32870615543976334	0.876577456794429	0.05730911615118759	1.524693048095949	0.8492431311469635	0.32732960270717776	0.9886642125084765	-0.01093088413724902	0.2563773452359593	0.246490730522405	0.7859812415394406	-0.32075601143073934	-0.048521460188571584	-0.6731756299966325	0.4014263199261371	0.5596261893626019	-0.8817576986445765	-0.16766566223112966	-1.615265586247594	1.1231050716515145	-0.4718453289458645	0.7160960962065106	-1.3395439276831347	-0.47899846073780794	-1.2828557202925903
DTXSID3021221	11.344168112361693	-3.8135471953194973	-0.7110636292065853	1.0271748525406803	2.467001011030264	1.87223757437668	0.43054662343165157	-1.6101678505923371	0.4202284841067462	-4.002495060532635	-0.2752202169955978	-3.051306875092251	1.4063734730001223	4.386860903366436	-0.7727877825124021	-1.16319708479339	-1.643299677043784	1.0594290632094812	0.2366068233423434	0.8198271221178782	-0.6307493501226921	-0.41052083599967437	-0.6327315722317058	-0.47851727798135746	0.41877557182137304	-0.47589199319404635	-0.6507296671049365	-0.3330790469271712	0.3970475085819369	-1.497530785244137	0.722552640167005	-0.4006615297730568	-0.6173769521067499	0.28950357807678556	-0.7459616656221671	0.14946334520687518	0.970086010825127	1.7509544311225231	-0.8720373338683437	0.2411046876545552	0.10473704142494081	0.18167000750449927	-0.8158842382006655	-0.4375549661365241	-0.3052397736585415	0.10190568837547041	0.7696487838031124	-1.7680558631510594	0.16705097160978513	1.631381267719542	-0.9810889884514303	-0.329976448868514	-1.2942986910391996	0.2768744347134013	-0.6736848965442583	1.233688626241693	-1.6976318421128216	-0.21985898569953455	-0.2435116906907967	-0.48882924106217424	0.3097281963388661	-0.1785309880206398	0.043850740491924604	-0.010412831271538595	-1.394475437805626	-0.06381041981237633	0.22393507780217695	-1.0971143496906306	0.6363705296471712	-0.7353030578054687	0.25216119194532527	0.6532195776738081	-1.2299963860071377	-0.2700279651418721	-0.6385248045145789	-0.16490755675391577	0.91044156282582	0.5449819083013437	-1.996491695169289	-0.7815088773054362	0.4338144507284752	-0.03689612330401906	-0.09488875677573251	-1.2096639083105758	0.2516651557706288	-0.2024060183362604	-0.477675062623179	0.04215914586892656	0.8665422503480718	-0.6954366437715009	0.3218158659675576	-0.4628169146953325	-0.5659467586492104	0.9687799980783136	0.30338137863139514	-1.1464634978076687	0.6580452277547998	1.4537135348278678	0.32104839355065734	-0.24864304268160875
DTXSID2020345	-2.343550948172676	-1.5841062153399579	-6.644263692279952	-0.5523514251491756	6.524939695175315	-1.1290784414820516	-1.5758864896340081	3.682203967878651	-3.1799081367571476	2.150040237081764	1.5438631538290357	-2.0987874418087626	3.980968498597399	-1.4030354010985147	3.3817062195442165	-0.4918976958105231	0.2949824802991689	-0.7382812254391068	-2.1686992654134416	2.145170741052919	-1.0132461497121015	1.223072771687968	-0.8747568978838434	0.545534399179646	-0.22273194406227576	-0.912949440681992	0.49895891566314865	-0.5312462907538479	-0.7241358267626465	-0.41680802673320594	0.633740813980926	-0.21886329697072482	-1.625982432849127	2.6461389305487333	-0.3717109374499704	-0.40479927119004183	-0.8649800596365567	0.707794194182507	-1.384266607679997	0.9154570821393174	-0.01159978298870827	0.7781284250629508	-0.3519066710166645	-0.8687798586241089	0.5908613824529094	1.7109679611872166	-1.3782812083076823	0.26002807373603987	-1.4637352780510495	-0.7167136226553578	1.8899243238162053	0.0998008937352833	0.15103443553535556	-0.298787161552955	2.291268765931413	-0.5391538318629071	-1.1125158714528185	1.5875964152772315	0.18500872245229183	1.2774044898680335	-1.6471124358533438	-1.5554026818986704	0.10596838689281755	1.154216211588958	-0.8043170609573878	1.500321647514207	-0.7653152725848301	0.3076949582247427	-0.32831130612699466	-1.6648392917886214	-1.0708726816048106	-1.1705588267901261	0.9469287637207559	-0.7734307013110028	0.16336639263171995	-0.5730745785676925	0.8863859582652099	1.3351949598035455	-0.666023870791268	-0.228059896210675	-0.40034368695132383	0.585988015408208	0.9486109908790201	-0.15187237304333678	-0.17537890993732644	0.03944206927935984	0.5452885035240833	-0.6950639532503254	-0.19705205773268544	-0.4153361807946891	-1.0771449890056335	0.6454592232565088	-0.04636522209169445	-0.6954028920803059	0.5418718650933106	-0.13367610408386052	-0.27598489767400625	0.3687900554464755	-0.07630258490186	-0.5690265094186991
DTXSID9021710	-2.631460611732088	1.4112575426970893	-0.2400296511464881	-1.5056730164825622	4.278292040197824	0.9730884800825802	0.5516270081385116	-0.3584529202056215	0.42429295873200595	-0.12051455641201361	-1.20489330709956	1.693815849345753	1.2192482890800704	-1.327565478035259	0.7556516572180437	0.34418748685808054	1.5424945915298904	-1.9303579641957687	-0.8186602639873732	-0.49425099175361065	-0.2374257920526126	0.1653067537480238	1.973065314818541	1.03572273804782	-0.6318984345784059	-0.16593984833943504	4.040577947887453	-2.602881844056702	3.9072125454079427	0.8737449416850857	-0.8828775491021428	1.124977148451035	-2.1393430846694357	-0.2887453126394375	-1.6075328418049148	0.07265052931066505	1.2776710470858805	-0.3121930845781039	0.9330740941803134	-0.17512690405452494	-0.3295025008186892	0.5907773054073382	0.6368946530900357	1.1781426297555124	1.442915194949831	0.23846133172175127	0.33003474460875537	0.06212442603649991	0.42571962300584953	-0.36767581136956584	-0.3474957271544246	0.0459612834801176	0.4002341223526776	1.630698489015115	0.1014569931129674	2.1218266202552094	0.3837679615274561	-2.0518293916718564	-1.6890501640876978	1.5221388365016124	0.6288940942387781	-1.6895314288838081	1.9905011506228338	1.7556927531356104	-1.7187291495925117	0.361998019124209	3.0098286225971322	-0.14741568407802447	2.3252002875351736	1.3412076041315268	-1.4892084166418351	1.345980591280325	-0.026698803704659522	0.5588381680396172	0.06559964133930082	-0.627571991643198	-0.23364353610957478	-0.6373241555755506	0.5912002787406626	-0.3811843339037876	-0.31244005386182067	-0.1277817548105085	-0.3828219123615206	-1.0718760404313865	-0.8210394198960916	0.9713203355511103	0.09238463338489931	-0.49601790395267265	0.15128580023396385	0.6143177587102673	0.5513378283109629	0.749614201276027	-0.1328171996996055	1.0984346615168443	-0.8729889620387622	-0.24039416292405175	-0.929500983582981	0.10160469314698564	-0.18521380137272728	0.13958021912261842
DTXSID2046545	-3.28805664185957	-1.5844771016909636	5.852502622880601	-1.6613564796024827	-0.0736428389339914	1.4931496873931487	0.01877886492013814	-1.2931477998290188	0.22551789488486518	0.4381756074868454	-0.8943388742406694	0.009713284670848943	2.4634745556035975	-0.9794392027694921	-0.5499858381705335	0.22882321999032182	-0.10862181066805798	-0.2355734103765699	-0.8666580373744092	0.30059000712963363	-0.6227458528355246	-0.7960819242520327	-0.2484349234979943	-1.6606325870566216	1.8982622820856734	-0.33882121852032093	-0.07787401790231244	0.07522876489618971	-0.9224539886355818	-0.33619246885837434	-0.30213152259715764	0.14565361914068775	-0.4214102681030616	0.38060672406332446	-0.11124944762916536	1.6768700263745424	0.46660747031441946	1.093437654361753	-0.6505208209812947	-0.28248418245329737	0.20526540010892277	0.24303431524355892	-0.4049308178210001	-1.3345208327519797	-0.4691872632698322	-0.04367118095323181	-0.1103624143437002	-0.12227624502723791	-0.2689598501053008	-0.10619388091641124	0.5805484488454157	-0.5973210387648972	-0.4544937694438663	-0.011098759426280682	0.06168726863427735	-1.1698909459372038	0.35600535353310714	-0.36446074322156735	-0.7941618409064332	-0.9069176494479534	0.4479230207608161	-1.133681944709413	-0.597206534329007	0.45422980390790496	-0.016571340194993452	1.4338477783130013	0.8757073433780562	-0.03411425203679489	0.23978730990318264	-0.6929545132580963	-0.2969509570191524	-0.296856276198801	-0.9192511566508654	-0.07580397086683359	-0.030515646715569576	0.44096640517972024	0.373436440759069	-0.7902217418439876	-0.07990357168936456	0.8341931064992664	0.057812385958647954	-0.2660193610893414	0.19620671565811004	-0.3597693917474761	0.4443386836174335	0.2152697709854014	0.2218363585968142	0.06615720686661757	0.6933990711042642	1.0597236557441603	0.28358617069030667	0.22328502558972954	-0.70543285661165	0.42083309530152213	-0.43620313086332363	0.6332023109861894	0.3693282518945461	0.4699734804976463	-0.22782591307228464	0.7827264736273777
DTXSID1047944	12.186667713117474	6.178265513286243	-1.683417317223344	-9.236696654733864	18.200762800375188	1.5880337285398742	-0.4836438348280142	-2.7023728720968268	0.09587986700451137	-0.4729600458799337	-4.986064380160533	2.7814626354744676	-6.300026461217754	-2.6517405176178896	-0.39046711431405967	4.399156387708367	3.6188336712884652	2.603622824774662	0.07894974687788947	-1.4461495132002928	2.816377210272028	0.05025040517279645	-0.6679549660039219	0.2890696485116259	2.34055042793407	-1.2373814404921302	-3.5189788189335087	3.648824108630821	0.4095659024555366	2.074861053124944	-0.3352301776226094	-2.3271542608732356	1.612025859529928	-2.2056334093332737	2.027346430113443	1.9613153122611027	-0.1569863050298218	-1.6400963440370058	-0.808457785197099	0.4538045549652689	0.4090315547415744	-0.019134969079021517	-1.2633393428396673	3.354110028821625	-1.2238669193932894	-1.5363848122989756	3.5207521559024166	-0.427921662958942	0.19934812112402364	-0.3747346882712475	0.9367757301818349	0.6933117752252079	1.710824391649832	0.12099909781633605	-0.7148411618384026	1.1995987608394518	-0.8585232937779913	-0.48588058538545437	0.39108559143228644	0.27522937003558573	0.3954745659309501	1.1449816225742235	-0.3937609469585003	-0.1767653745099728	0.03518175329813681	-2.6957624156371174	-1.6650414663792592	1.4001898951005312	-1.7187399324616555	-1.7850636552519605	1.4047187000077042	1.5951997455430507	-1.690435182552369	-0.9574655664784655	-0.6259118478094172	-1.536093685041495	2.087293640563507	-0.4157383694891488	-0.029442232636935576	-0.22399726443300186	0.6728126122266122	1.5464425101699772	-1.1671356982592653	-0.12691614897918446	0.5185770142995935	-1.1412999899733078	-0.14437131178005913	-2.247213377609088	0.9776419512723423	0.5309028438150741	-0.6538338150602503	-1.1952281094519122	-0.14580993656237828	0.5636740117810088	0.6700978132065858	-0.10242362967913549	-0.3509739041088265	0.7048693527381282	0.17764898160113307	0.4287096728933857
DTXSID3044465	-4.665092984729216	-1.9855797922863627	-1.1380151528503302	4.167161272989751	-1.252034071832236	2.5760234297095157	-2.434380756252634	4.251831520869977	1.5016495079962993	0.05404475798212906	-1.4497146186169851	1.9786257574169728	-1.5681698596683862	0.9068130669617308	-1.4340126115759217	0.15499357221429028	-2.0657499750666664	0.11759928211927159	0.5189797838789568	0.6186595823069517	-0.9323753777549216	0.9147121679700209	-0.24654506157271444	-0.7058936198413415	1.1155880615749716	-1.1988997608545964	-0.002443123920709954	-0.38175255425769855	0.16205308699446916	0.8950231291156062	-0.7916113322188515	-0.28917141629880616	0.37259180031926703	-0.6905946676596767	-0.12271153582458515	-0.5162546155476039	0.8020323670943718	0.3743650699329269	0.05478918042305939	0.4359813327882225	-0.18835655770641047	-0.7716255463655389	0.7236054909510377	-0.01796704950282858	-0.17865334529844693	-0.5176970297348904	-0.5380287229427066	0.34639649781061466	1.287223872200263	-0.30732611536232196	-0.8527370069733128	-1.1739605165764688	2.1048749630775387	0.03530517111075261	0.5718819989202889	-0.07944191241578127	-0.23481222215433004	0.3315889834719307	-0.7756036861710142	0.799355794376787	-0.5507708595114179	0.9486619286015008	0.40681925605852814	-0.4942601448695782	-0.49474369511492433	-1.5087883321220994	0.3111214386072449	0.9463133937312337	-0.2816845463708205	1.6704946045853157	-0.07758112777095981	-0.26479699418899755	0.22660485425639343	0.43420708135522584	-0.6734552571028931	0.4164050139287067	0.31997615955520303	0.31648603647210044	0.563255155142697	0.08576749868369767	-0.023450293254833107	-0.3482654972143956	-1.159740398068341	0.18516874979895478	0.05284454809104155	-0.36961855905934876	0.3183886953687023	0.5328005986071355	-0.7842311882867757	0.6847084185372752	0.001986934023448051	-0.24549511508325336	0.3902284764634814	0.6675177814883979	0.9421975653574237	-0.2911757753376219	-1.0539691988590019	0.49196692011318893	-0.3902040219132004	0.2779603646919234
DTXSID4044404	-5.324176338138487	2.134320440276056	-3.650137497952417	2.2402902265997846	2.5808881671198503	-1.462035740137516	-0.16056025741792984	1.2708606291663176	-1.3715609597814988	1.155744271078444	-1.063203978836659	1.197064518728589	1.721260106801316	0.09030220601016814	-1.465179840836269	0.5823686450722205	1.387022016855645	-0.8422105248058517	-1.068281632552583	-1.97261774263339	-0.34062795431061754	1.0908034288311765	1.0070098423314457	1.2159638530780208	-0.20733271981799056	0.16138598371748764	-1.8993502377254146	-0.1600220876213361	-0.36610610933521615	-0.5496515541804222	0.8202755150456917	-0.012055979436116991	-0.36973036605504284	0.5897519175096783	1.3889783683148702	0.1603400102838129	0.0826369865331612	0.3906497074043573	-0.34723597524336486	-1.1063476669053902	1.0985298769261325	0.3052266572519056	-0.3310598766060037	-0.4556702479995645	0.8230550301524746	0.8323711169388144	-1.4059537770066337	1.1802921962880446	0.6487199465253134	0.5489942894992824	-0.2549431696951536	-0.771152796276506	0.2184927398244174	-1.1522892854700302	-0.9050278446409592	-1.354238034334384	-0.680917220103898	0.4996199560178055	1.337524281615968	0.6793392699134592	-0.23770968377403995	-1.1416435226949417	0.08151176431651792	-0.5041576821622803	1.4291322878067112	0.7901385902888761	0.9254736252285378	-0.010801019843703902	2.042543570981264	0.014958912052222485	-0.4348043581043804	-1.364899279006751	0.7808477318715557	-0.37331498297639104	-0.9685980797560976	0.8224228379080984	0.5887741676846312	-1.4372142790626956	-0.5404941583816182	-0.5297329203013892	-0.6668397086114506	-0.28157316120644704	0.9451620112138474	-0.2513141427741181	-0.35701536077049206	-1.2511937855309916	-0.6117340710737258	0.2669241904438736	-0.07545402468486115	0.44165130179384754	1.2794953646969258	0.6344837732095822	0.08933633931511635	-0.8037485761971808	0.1297519195859491	0.39983792182552474	-0.857078463689371	-0.08007527178025922	0.26039625361710284	0.8143813408195463
DTXSID8024739	-1.6320745112600934	7.59322571745375	1.3511837385925698	-2.098081119724129	0.055167261652881217	0.4169330774587135	-0.31442194306334525	-0.31668612093696114	0.32884577899619033	-0.1301527152211557	-0.7397812453682141	0.39573122582716314	-0.2160672695707195	0.14973489823333716	1.1083474493125791	-1.1217102310821703	-0.8506610897083317	0.20190738923376264	1.2278468201684896	0.6050793115258821	0.4707263698096559	-0.20261310595676446	-0.3879058851842705	0.08323671402257948	-1.2308694671600509	0.4302341100741806	0.49249506234015017	-0.016987051064341015	0.1763731197149347	1.3107040279925022	0.17331869395648222	0.6894496988665121	-0.1070596955946907	-1.2154754437431092	0.10649065956113014	-0.23125372527594149	-0.2348859229363798	-1.005529309551387	0.6382468676743737	-0.17888034756699747	-0.10172604439761587	-0.27862119102702787	-0.026912421093459565	0.9546029233387457	0.20466653891148812	-0.6865128707964453	0.3827165300434756	0.41907727596489996	-0.13174112898226384	0.28615437619284556	0.3584772750504431	-0.3869788327783011	-0.11640532201300827	-0.6704236178845462	0.9989258970970912	-0.6569437179222216	-0.4886460845962644	-0.261409901273299	0.01276552261742883	0.6841290572516822	0.31244487190425063	0.23355520833667978	-0.8538206609389858	-0.012624069220920485	-0.5848226957531363	-0.33194515999644514	-0.08545849333971896	0.4070433181891309	-0.5286528943832075	0.6402090120204245	0.02263759028823154	0.3066194103681	0.020206960219549822	0.17023903937320722	0.4849676736079021	-0.5506759743430494	0.21076983921736106	0.4423481765341519	-0.07665464435430862	-0.4250291244804723	-0.07156537894135917	-0.05852935827163211	0.178388814168895	0.14297590121477602	-0.25237844110412866	0.16455402729831053	0.3764948990593436	-0.09385012947510438	0.039557049557499314	0.31971588576940513	-0.04709144101715113	-0.017615161290417937	-0.4769340127876096	-0.39884280233129504	-0.430873019998534	-0.27911519096671794	0.11056828168733132	-0.1021685786957205	-0.44484194403916494	-0.05148462718111165
DTXSID3042500	1.5432066501393795	-2.343385262767275	3.5322657223077276	-2.807274464636477	1.7465031888502693	0.6241330085158833	-4.980167289822831	-1.4232954507935944	0.17565210242860105	1.2136665311717105	-0.13315200428670015	-0.3251237905478984	5.027061483940003	-3.917427744889983	-1.9624968570466037	-2.5755665735912427	-2.213154861394314	-3.6292867787239036	0.8148120239256731	0.32999901198293574	-2.2831233510654836	0.42175752350521006	-0.182449168709128	1.4630873548566539	0.8365848483151807	-1.0635539711553317	-1.5535397693206792	2.9600049446556667	1.1056256762108523	-2.757294858312095	-3.922199056649368	0.316434972322348	-4.821670198961497	-2.3896086460846258	5.193587039080054	3.442722463204647	-1.8695241890409968	0.8090104193953661	-1.1095857553388768	-2.622069719815133	0.39266253514790733	0.5743801310201063	0.6484098756601901	-1.5793933971885734	-0.558105776208	0.468302095000401	2.6264818064923947	-0.6046387797812561	0.8100011899398749	2.3281575152702434	1.0347543719933179	-0.41709859495525947	-0.37314001895243104	-0.11878799893713878	-0.16586998104303752	2.2755219616083435	0.9058153052483391	1.842485979790677	-2.6309895733849835	-4.304694020934272	1.4736777321506511	-0.5192692080501571	1.378580140368343	-0.01660289929637649	0.6709663360658005	2.3424839285439885	-2.045070000303595	-3.8957512965634735	-1.5219518870587851	-0.22822695021945064	1.0466235261817363	1.4372558087229674	-0.4092778266893916	-0.7739796111248854	-0.005940251176298338	1.7212087466278234	0.49475461279129124	0.13317309269274313	1.3382983213822133	-2.366078449470166	1.699159934207597	-0.43367780167466974	-2.674110225836897	0.23641293051348514	-0.19853684441687638	1.4919317530495388	1.6891612179077586	-0.34105455433374754	3.2897858080654307	0.0890667569588075	-0.7453403422535205	1.6628618214102773	0.28574199712549037	0.11475505811016137	-0.0035157372395482212	-1.3457023732064786	-1.8331283053802714	-0.09273903802687003	-1.2069063457049891	0.984956811957097
DTXSID4046444	3.8332775269541424	-0.05824456004379201	-0.8831389932604968	0.05337653636509067	-3.2255290679263293	-1.6994648172369393	2.043169054052128	8.442594166219644	0.671704904419457	-4.7474375428868285	-2.1777114939127356	1.3515668818342013	2.0890284944578075	-0.5688530546094881	-2.397232920672143	1.71966196191745	1.7767427568790346	0.9696121043872622	0.5707094956244037	1.8103488516709516	-0.3498894941890025	1.352808534066339	-1.6253934751476284	-1.8087850078991037	1.884051325442767	1.2090305954844225	0.024215774066032834	0.20566501891560376	-0.949214185186853	1.1157258644215478	-3.420542457399804	2.9841614344405305	0.19522140138125074	4.137509467654246	1.5486625427913259	-2.6264216528399222	-4.28915361103471	6.381941843632037	1.205519195494541	-4.731748483500457	-5.504892866878402	3.7259422449738975	6.5620854992109585	6.659475688688915	-1.3411163889537243	-4.9617005401390575	-1.2691134180966697	-1.4440325581424227	1.5939388649394997	-0.4124208868867251	-0.8368595669317819	-0.2030147438619349	0.09731697719603892	-0.16975710592369417	-1.6248019439210462	-1.530928951837741	-1.3733999915598067	-1.797756364387281	4.112686441368539	1.929359518886453	-1.5007584829172669	0.1487538924003502	-0.03133582109789374	-1.1543754703129678	0.2824616949872517	1.6812684828183262	-0.5644881911081906	1.4035555440140761	0.03990414076740653	1.333653648140192	-1.0245091755296003	-0.9134851314610771	-1.2945771008144171	-2.465007653808621	-0.9059002731535052	0.9927438916932688	0.23902197026329364	-1.6483611303192844	2.0295122415955706	0.08962344696606728	1.0883189657093264	0.46990709894870436	0.6420659055307371	0.6022763030131254	-1.8061488919473776	-0.27182897018422014	-0.9021335421723936	-0.3240643901263948	-1.337617909443996	0.6862708782173058	-0.21683615757400215	0.36721366790382665	0.9384603918517664	-0.8985509553970012	0.828620785221389	-0.01843500390331611	0.06778843624671593	0.12995977250348995	0.024293473641120597	0.02896779720501256
DTXSID9046576	6.181185357809881	-2.7720929824957645	4.011835763756073	-3.9729906355804365	1.7892284152210225	0.9731282912992566	1.403054551990916	3.036195201607862	0.2534754196521725	-0.3736138645415151	-2.199318817121942	-0.5494319662817205	4.698392642267088	-2.109090883476282	1.1346489646089988	-0.3622592975924334	-1.9728118824720267	-0.7000930183954317	1.0368286440163004	0.14935266318440635	1.543682303711558	-1.0022931654635094	-1.44462774589251	-1.7216933940103416	2.064733991417275	1.0461665495838675	4.993976860882128	-1.1190212174220533	-1.3509151243154154	1.8468586035836367	-0.039131847456062484	0.0638861718685725	-1.103812379816807	-2.81721288363673	-1.4177095108555529	-1.5184781648340833	0.08120873080772528	-0.7905752882315534	0.9346233494909766	-0.44073866379893595	1.8294346581111474	1.1337606493204553	-2.0523950937501936	4.386247716819776	0.7930966801497994	2.3426962987385536	0.24874620683728102	2.8948593633125377	1.7587455413588606	0.4109768284720889	1.5997220463261457	0.5734439997926254	-2.3065358538313743	0.26545212488799175	0.6631980905440398	2.0134965493464367	-1.4657471873806314	-0.23515471275440897	0.3749412640216024	1.8780144334674258	-0.2580323056564022	0.917296503132634	-0.38890308134513824	-1.9295723234847	1.2245215858551015	-0.8122016650282381	-3.29898508349352	0.5183692480751112	-1.0590078068272366	1.2562805480977137	2.210853931717663	0.3848513920427703	-0.6345587415373948	1.4089969861387508	-1.9752325281590943	-1.9086170128335176	0.005458897832027881	-1.0468389502371753	2.6169083411764102	1.3614736459214836	-0.637584506123925	0.5365234244935956	-0.25345736053609685	-1.9796983737480116	1.9402898314749712	0.0660391672677295	-1.7493150140576343	0.05304264966845267	0.6195835924266777	-1.3227148527553583	0.607205917155812	0.509348502342566	0.660182041157636	0.634715276190689	-0.20327175234227107	0.578974564585053	-0.7819493913257505	-0.1396476286315462	-1.56461107772273	1.0227290732251164
DTXSID1044437	-5.575146552951805	-1.8944070752921387	0.398277584802184	5.532719333016712	0.621423298318439	2.5841093485199895	-1.9325417704884957	3.459304544944112	-0.5121405070598214	-2.3471209705675897	-1.8908638173405388	-0.09210090043959127	-0.28635876579543257	5.587364821467609	-2.0190510565692015	0.1253029261769652	-1.1753215702406732	-0.30146743515532826	3.098850353888707	1.5530186587279784	0.4872665751651197	0.866140029184273	1.0373309324737776	0.46614858438904383	0.0468227065030293	-0.7442608295525855	-0.9086904739161922	3.0566481830815917	1.7475292490778631	-0.31971622081015244	-0.8161468445328098	-0.2623747325821209	-2.3998114936927593	3.821227221401531	1.9673013495354121	0.44518009159108507	6.150700126863109	-1.8891802782069502	-2.449883185405842	-0.5865290710034473	-1.54027015765927	-3.0754262870102846	0.7844480042677916	3.652982626794457	-1.4832810613721465	0.6374494864624799	-2.3416392544939097	1.8888286901081637	1.85596863093369	-2.2275014964078923	1.9176924804053463	-0.3545314827621362	-1.1183154042127883	2.5778254515414583	2.7873238005510705	-1.5891816459059742	0.3491949225237284	-1.2913326562287715	0.14575922413551454	0.47136677978204455	-0.45264879108346967	1.4329283653178688	1.4868241147017867	-1.0870390335183095	0.9164316866788734	-0.036223565421694026	0.19547246580711783	-0.6056350712240446	-1.5132330278623558	1.6748433780349072	-0.5886830468787158	0.3465957939123306	0.15468884483334802	0.37220265223575605	0.21668163776722701	-0.02168379822718757	-1.3724003536311224	0.44028099487451244	0.14235845268362668	-0.029793927322086525	-0.6807280977638036	-0.6579878711279791	-0.2750575035828163	0.3567259116900883	-0.023231661663155517	0.6669348553066093	0.41810722191322525	-0.3775459678256694	0.2802133592212464	-0.17423256948839616	-0.05273846786032749	-0.07857936208181406	-0.07031222812163716	0.31590582187107097	-0.34232051301994615	0.38778736015095316	0.5501377455650768	0.05285458281739597	0.313395755530966	-0.31987803150720284
DTXSID8046458	10.371340781658317	4.049126526340446	0.33965002810650124	-2.2632204818910693	-1.6237602236751127	0.2277903977096654	-2.5925148768160056	2.0729574016627446	-1.161698880463488	1.0867136165295306	0.9577311506519018	-0.6394933256299735	-1.8921950974678166	0.5898791047989268	0.5703521391670483	-1.5190277504750829	1.8066055338146472	-1.809744983151972	0.22663646856460973	-1.3188109800281023	0.8854214670790219	-0.16130397501872062	-0.5698552589253462	1.8886084361079942	0.1489352208582888	0.5783208834062108	-1.5732569327117356	-0.7216752030540305	-0.1400313485774671	-0.16828336435513963	1.3529349794310723	-1.2551768541152288	0.9105394994494026	1.4299194708499614	-0.38255098388444425	0.03626088578641251	0.17829152165814038	0.3469202410229346	-0.21912719452007348	-0.3606799729698448	-0.19623624066769366	-0.058097255953946554	-0.413068919184986	-0.36946993416775414	-0.03754307419372517	0.7265417590113807	-0.6832181979006465	-0.993047976412434	-0.39369962723577134	0.2429537189817323	0.23870403834969656	-0.7093244726694977	-1.7073743269548187	0.03641932889614416	-0.6417735149099323	2.5640331575117874	-0.6883528200746065	-1.0079269596013067	1.8425306320602495	0.0876569436330897	0.787562353765086	0.23204566968151877	-1.0680524690035222	-0.7709018514016308	0.029041128295009936	0.37905298925099895	-0.458462194697364	-0.2128009419723985	-0.8160421886323718	1.2882349355377405	-1.5198047106628565	-1.2451570104019556	0.6488295573249696	-0.3438557400904282	-0.16345135842584577	-0.0987934005571451	-0.360026878169968	0.3200290331321607	-0.686723903917285	-0.5438358800885145	-1.0553394498940052	-0.28035518432143164	-0.8186294070885071	0.09035315312304307	-1.2119203955031186	-0.40238588695406674	-0.6572270765139215	-0.3705081445466125	-0.03618758240945074	-0.009462400887479926	0.6880023846125903	0.7888876669664517	0.1672753759704319	0.2150317221601378	-0.2274998435285807	-0.7874137729927222	-0.2585760117982193	0.19694763131915075	0.857733545138608	0.10655900196677442
DTXSID7043908	-2.511920405863584	1.5686868196692856	-0.4185802270617509	0.7078580508786295	-1.1999417712406628	0.4272612457028786	1.974370492836954	-0.8584425279819086	1.4119714231337603	-0.5623420920561123	3.004781481728412	0.4454540557536804	0.6369885455653398	0.7346179460877337	0.5117529159511581	0.06967144810893139	-0.6504428431634159	-0.23674593760281407	1.6004106506956353	0.6108056854441716	-0.8070809380233173	0.765211505855271	-1.4661410908499757	-1.3226970964732687	1.9366206112077329	-0.20343704454568515	0.8195308837659805	0.33132266721003933	-2.1049170724111983	3.5754132795744393	1.7569043861614224	1.9951852654907027	1.1329684260755102	-2.6226072376098553	-0.22501839578263683	-1.937101477799367	0.5263374126884556	-2.6071609004528424	-3.0373882869196915	-2.1066758194026622	-1.8775430283644212	3.9736154801033696	1.9426446395190509	-3.3324484616998276	-2.073199826129754	3.3142538015819256	-4.116282504508887	-1.6677374887660488	2.6845212548309267	0.7648188882213651	-0.7908265726293126	2.4343360113423396	-0.9018947889830561	3.2821777678724504	-0.3557506561868814	1.5090081052556288	1.5730860049386683	-2.0434965162140646	0.607610056366564	-2.196398974763694	-1.6723508354389962	1.4196545363146185	-0.12036212555313493	1.056879816612405	0.14013670533613512	1.4879727552087876	1.0350589676798923	-0.822792890215062	0.3984510772936872	-1.6841140012441145	-0.04341912523114629	-1.0425590090088561	0.15068297628111454	-0.49342630999891135	-0.36586907154848536	0.1925723132915718	1.0907382107825243	-1.1783100235436188	0.17515812033921266	-0.7792076938910792	-0.8996062306067352	-0.2741782911061603	0.6831504688371578	-1.015662474807391	-0.42142401292383536	0.2764885348386126	0.6614640394498348	0.42191944144768145	0.06990912701364978	0.3552098204524798	-0.1252559484338692	-0.6191776137476772	0.5467517848930935	0.43757876791208655	-0.12044727676623514	0.24510527341062888	-0.1290336218851645	0.1992324627341824	-1.0349399602165559	-0.03468722432201965
DTXSID3044627	-5.743804422278205	-0.5896570964246649	0.118678939335151	0.12504151302083275	-2.8180188846026324	-2.618052853619552	2.78948560919162	1.9540426222992457	0.6749877791563484	-2.2203365507440576	-0.3037628788867561	-0.024992346655547035	2.853187744858853	-0.7339834744689041	-0.5107163442414592	0.2112248037517102	0.5262908802089717	-0.006483784368904091	1.1326537437439248	0.40163881420286146	-0.12250706839144632	0.5541291254635538	-0.07448749080920969	-1.0479894393757256	-0.07563514526594685	-0.09121717961267456	-0.7200281768935587	-0.5480156763883615	-0.15592433133353562	-0.8428532761736125	0.18516117191814316	0.04073204498992583	-0.30726088056202044	0.014930638051252372	-1.1264805174342094	0.09406103592353621	0.7986268634373986	0.48029409177153903	-0.5549437215832903	-1.1329281271252414	-0.17601807874198802	0.17699047483959401	0.0579808307930036	-0.8643150645150242	-0.29482314303072765	0.2442243441561315	-0.17657171501501065	0.817202076739208	-0.6040603777030176	0.0405273209386514	-0.24292340752092764	-0.11007227313585045	0.7092300887972455	-0.5131795008643363	0.26725544450851657	0.7017334867411514	0.09137805656110504	-0.6901825622168416	0.84737495445002	0.6466188194258121	0.24724991758712422	-0.33328865616441117	0.4442535513674458	-0.24886472160665776	-1.1364102010798065	-1.4619748626951923	-0.79094584833696	0.5145130801019532	-0.2303943007609245	0.7665808275381026	-0.022784214995333358	-0.18911675150091864	-0.5525255031439806	0.16882141992125393	-0.19629889093025796	0.7674441749929544	-0.5776333828342388	-0.012686153849558113	0.112632124084918	-0.10566404725579909	-0.26715762175179936	0.0957700116041556	-0.7512974755353938	-0.003208468481144052	0.06885059451714888	-0.27551332192779127	-0.15177203821050517	0.19022811347337323	0.03485529996370123	-0.008599347687051943	0.03409233629140543	0.0181378409612901	0.08632515288343957	-0.3199282700715079	-0.27352152319177647	-0.5282839191612816	0.5401832244723811	-1.2444529418025936	0.2035635135595851	-0.7757561166552353
DTXSID4020458	0.6635197773220456	-3.039998128408819	-5.0836206060119915	-4.066835262649809	-0.5028116681082775	-4.546202376363054	-1.206985450493744	0.8203250189179901	-1.1579723543071347	2.7223431037066748	-0.40024257197357416	-1.3041338721095994	-0.8789948192225073	1.9314984984907493	-1.8044384351033838	0.19626131486281054	0.6071224640941726	0.4395196298210905	0.12729259021161662	-0.6291767039678827	1.1244201081249057	0.013444351520758282	-1.4643048179401483	-1.0330673474950487	1.2506559695713644	0.8211395496148365	2.7112962179868294	0.13714620181679654	-0.4000579207709108	-0.34986328165653463	-0.54095367394132	0.8520610785375616	0.5416565091567743	-1.5418853975504587	0.23322681028826286	0.04639077116611343	-0.6204668746856242	0.3885547349713433	-0.016635116926780283	1.0485869811956354	1.2095518130096727	0.5451854946456427	-1.662015218603325	2.346210388697112	-0.5669621415637403	1.2020677524244339	-1.479979306965896	2.571624228185852	2.6404585225935464	-0.08859400606416276	0.5144842395072527	0.28290381296471057	-0.9750646958063144	-1.720753746055764	-0.8526188280373517	0.6056980305770002	0.9338600977336753	0.622400048686086	-1.1990669288632607	0.3941027501424784	-0.3264921753871029	0.8785961239015978	-0.4265812475801522	-0.4804304221736992	0.11615147533286956	0.06699981147864095	0.1389960997478276	0.8224149097176608	0.19425560343104067	0.1589175248707419	0.21587496523317637	0.3050316980409841	-0.7978965539572285	0.27370823090601537	0.033489867863898105	0.022529079334853597	-0.23111253298409823	-0.09587860606107311	-0.34644890692316493	0.1894508056267128	0.38746560960985815	-0.16182162028651176	0.1704531328563495	0.3258297879599869	-0.4928546483915845	0.792043162410719	-0.771187571394532	0.1020220714762132	0.15056540305200009	-0.041190128547298026	-0.30315565442027914	-0.10741300298826449	0.29336981780857074	0.008146266788060815	0.22191246803566864	-0.08893525782556513	-0.24212279238574624	0.2262057048794501	-0.17867240998528097	-0.1771819083474328
DTXSID7048821	13.793078763645871	-6.36467885742222	-7.419734674315627	3.6581431670690145	-2.941686000064378	-1.065981782039558	5.984908401324212	6.970947837346258	0.6292363534158236	-7.634810233206347	-2.9420017751765797	-3.994796720440191	1.372764000038373	4.31478795193041	-1.9918954719572366	-0.09466532823868562	-2.3501642415826782	-1.8085069003383294	0.3301817810546903	-0.7212999870720231	-0.7867610070778721	-1.2221289316792543	-1.9096746704302012	-3.5049246202351463	3.143417554071895	0.651633129149089	-4.179096922127505	-2.275956790596063	4.251810132956236	-3.4544243061113904	1.8280605424694794	-0.9325304755816095	-0.36848524441109654	1.3024794087729756	-4.474924026156096	0.5791097658716273	-1.5268487836864104	-2.7011439686359293	0.9538618159957565	-0.3508479257896073	-2.70494539377915	0.9140874929600489	3.244565503850576	-0.04277848240750486	-3.2477234611220003	0.7654025529649213	1.4928736646806222	2.218631119084751	-0.8292806581595911	0.6817564176106597	-1.3125618941946806	-0.9309837948376651	1.5117392397431735	-0.1650001593416181	2.1652803417245483	2.340152168730336	0.7747054503857269	-0.921304338584446	0.5850017733666724	1.2677222330635154	-0.8545229139455683	0.5392928688613389	-1.7229437306218895	-0.22490948291261526	-1.8331463561934738	-1.5776964260380009	-0.3138746198945708	-0.6749464061017196	-0.6709812014252039	-1.4105867132899825	2.003610786277127	0.7578585665288575	-1.167942172207704	-1.1937661140395956	-1.5706896781689395	1.2944931472743848	-0.2074266447336319	1.7399305033467434	0.5297297962223815	-1.5288744823693463	-0.6172935115226134	0.8862347031846959	-1.432665115510928	0.31007727935528734	-0.4040964983007915	0.00017966598678855115	0.7950794439837818	-0.33851194022654574	-0.714198906980443	0.9783958087965064	1.636338770635439	-0.7933649411691246	-0.5726999711296437	0.8393139372136602	0.02823918084128853	-0.10029374735156907	0.20527722204070536	0.17098034286922262	1.293663010921419	-1.6070985453744582
DTXSID3043734	1.0870220558721704	-2.543969718527441	-4.870417435274772	4.609830191599902	-0.6046276495241201	-1.72542718824267	-0.1086564511059823	4.519948698907242	2.083986612793688	-2.705488408444474	-0.7710622684947214	1.6523980993107132	0.5357615574337685	0.5260184594140067	-2.244829011656304	0.8589124758751987	-0.06325479408667761	-0.19323519794804597	0.7653140166039952	0.3040769765065855	-1.410899417056472	1.9401133442762317	-0.0696695997007686	-0.22627257938657772	0.8105196801760565	-0.7078821588480151	-0.9115283408518345	-1.2028658515474884	-0.3188018958830393	-0.16466904859857853	-0.5756119823858491	-0.0027498347676236864	0.8196049031608835	-0.5682012758212942	-0.23660107279506526	-0.5105679624800233	0.2680560200819597	0.44393421796049043	-0.11930957902396673	-0.6732827886241067	-0.34707549722739145	-1.2266303645411498	0.5113290017487191	-0.06704278461397231	-0.0930861726120641	-0.050289891937076746	-1.1152886969067572	0.39525933920281064	0.779471194472544	0.3170280634982091	-0.8326672398121053	-0.7045066255817708	0.9474511342461179	-0.7012000675950104	-0.37785828621126505	-0.18991747618702304	-0.7683635857964858	-0.5247311239610926	-0.22710009336575704	0.955121083512702	-0.34558389363489644	0.07783777182350785	0.4926974478002138	-1.4462133605419216	-0.023899472061446356	-1.3098608313427282	0.7674760617751252	0.07044142954998536	0.6494591119728378	0.7077607014360323	0.4488248886957474	-0.0020564798812802185	0.049478730583711036	0.3429510483548896	-0.5391308548944798	-0.08903100308310376	-0.27751000698941186	-1.4074351576778674	-0.12819304998156955	0.1557017552030265	-0.48709256712984467	-1.2876271838965667	-1.3301266436932426	1.1422371077254905	-0.38160499076513393	0.5944953583410212	-0.46566230612255727	-0.5136176470132856	0.6574044037610836	0.24534166450080241	-0.09729868557121571	-0.17646786946629195	-1.0482288828096626	0.2933826672930293	0.0565993303429512	-0.06544109079449188	-0.9790571322835075	0.5337487425549279	-0.7826774007680896	0.20284062712735154
DTXSID5063235	7.472762466450902	-11.465392151158353	-10.843825508364501	2.9180419272924025	-2.506426346283968	-0.681804751805504	-10.377198240368593	-13.694281362964041	-0.7071236945202475	-5.993083922959389	-9.764742108721252	18.913044538551368	-3.8247443869036872	-3.417532688000292	2.26453854865092	-5.3732769993552	-2.7421147891540776	-7.445753319041599	-0.6564128618415763	6.11351067715562	-5.340866953044457	0.0704820648520406	-4.3889344874649865	2.3687109569943776	-1.487151487322461	8.307837795798331	2.8126815945126986	3.7011715616669987	-6.221514295581161	-2.697044491811671	-0.6483649031273749	-1.569623203225424	-3.651530796794753	1.6095360749548708	-3.179034007173035	0.4625138149636882	2.353102019891353	1.2255767511048388	-2.0287250767022313	2.3609720196215056	-3.9940592603734184	1.5467979105388503	0.5149492064910891	-0.9441047496672555	0.22137737636798233	0.40874035919347285	-0.7862601050971201	1.4134653907657564	1.6441630157777432	-1.4864934168463357	-3.3510433683306777	-0.358160279281906	3.5326087406174236	1.3091211699547651	2.2457176984446745	-1.865619228959654	-0.8923579514217032	4.063259690651829	-0.7655117127531218	0.5833343280229207	0.18766347383476115	-0.4555783793888501	-2.703292156568763	1.8509460753002613	-2.575901670039825	0.08308394173329477	-2.098761792113716	1.240754684030736	-2.606105904128613	2.5442023582281648	-0.8519680458916422	1.1524569475059008	-5.5805962811222	-1.3988725985763844	-0.4919407918102356	-2.723428146487084	1.9246479590036587	1.9544015509986483	1.6514042159626474	0.29699974415295455	3.2193570930580524	0.9500539905837497	1.7514360644814457	-1.61225799994418	2.562320238017036	-2.5203397024404715	-3.58317455514008	4.867485921663767	-0.17844030862815127	0.016407261151263928	-3.5615314026815192	6.039560864752979	3.243005405420275	2.682143598171035	-8.079892952238252	0.1812612040067905	-3.4232598042553355	-3.441712016682548	4.653860662506535	-3.5261628390975943
DTXSID7046386	6.027921133204681	-1.5500730041744202	4.657513672161624	4.174046781027167	1.374655014583733	-0.6920668319277888	-0.36068578591532835	-0.556143151377367	-0.2546591228439733	0.8044217382442423	4.329698876857295	-0.482836294213608	-1.0873238101743152	0.21958614790115996	-0.5719928194224495	0.779931497938178	3.0914312962613186	-1.022321023204627	-1.3498120529275555	-1.3818180576795898	0.013405421993185526	-1.453013078318896	0.964743887584363	-1.3191508701435373	1.9462006135353038	2.591128891198795	1.4327040377952196	1.6251461752194534	-0.7927094459999754	0.922218304505804	0.13667230012035136	1.5520977998749756	0.8898442411673324	-0.239854501535258	0.4535750179704275	0.5810267295189377	-1.3934634230863154	-0.9489921688689931	-0.17279566787880055	1.0685592499077843	-0.06290063493131687	0.8579490893148096	0.6870847984517661	-0.08370328713644616	-0.5732333408978747	-0.1279029862655442	0.9947805705815917	-0.4057574220519244	-2.224669755854499	-1.9825476028216822	1.0007383079013457	0.43088043176620566	-0.12118832756633785	-0.8253522988990561	0.6913527529056758	-1.3907258413071686	2.428784079611855	0.7685821731309387	2.0443167873032193	-0.26941953448588674	-0.05616560173760023	1.4925162894488653	-0.4323913204452225	2.575658917541342	-0.4146241478921943	0.15915697415527272	0.11952836870783574	1.1725050307532157	-0.2404262125637523	-0.7671194234903289	-0.8683185163079374	0.4403885237328974	0.1463959015275936	-0.6179221544608332	0.048215664672103066	0.69300887402957	0.24772051679160195	-0.6248382869098791	1.8608245262755403	0.34422137814004417	1.7358248970396073	-0.44551936479243814	0.47673659129165497	-0.4925629525909735	0.3103282976461763	-0.4683537904387036	-0.44691864286068156	-0.923825312501586	0.5154267891204868	-1.0462481083894515	0.23604813449101072	0.5986143202080187	-0.08168375433789206	-0.01677052164487991	0.8409930271985708	0.3644815667609079	0.45304901084345595	0.3330852279058564	0.26761381432468034	0.21941435816734742
DTXSID1045748	2.812456116799785	-1.7845794542103084	-3.4842164442718273	1.1755838113545976	1.0407646520892804	4.022823960934832	1.6437861752868423	1.1518932863200217	-1.1947487719203873	-1.4947860175242031	-0.11188177544134338	-1.3643521125740332	1.4495289794336512	-0.3170401301958743	0.5063196864108408	-0.5976626489191396	0.4163445542449761	1.0258497698697744	-1.3496189890515513	-2.4488059717145036	0.8842269686871392	-2.5645047934909044	-1.0056184103511625	0.7220569533235289	-0.3745779711807586	-0.17879862294830456	1.7149362934157395	-0.4044630810523022	-0.17104073025875652	1.2504350959928132	0.6197921574598849	-0.1588967733413995	0.5994186967971057	1.5533938471599709	0.19673389889973344	-2.278544295255061	1.3729523405800639	-0.3714971339524677	0.8779848924570257	-0.5455700474181032	0.9963943472799306	-0.15239075732475235	-0.8322555400371171	-0.029428810103076495	1.281977948997349	0.40179211307516455	1.2344375002646122	-0.23293879857241237	-0.8035055133385643	0.021619009309087903	0.6544869919270322	-1.3635730659351168	-0.5511276110289716	2.246805526505947	-2.0766502832848106	0.47417238756095764	-2.113952723414295	0.5693025963488365	0.585116615696713	-1.6901176297977984	-0.8983474691370428	0.6162733054714672	-1.9938474460287192	-0.8574769251823418	0.5209276531230295	-0.48164027265477055	-0.882052890986571	0.5849994067601193	-0.4871393721266518	1.04533164082632	-0.3144519442370226	0.5548165600940071	-0.8143265263356734	0.4355582802614765	-0.706184391454216	0.9464983717997808	0.36449449914149706	-0.2690794506429935	1.0505471513189766	0.2398788316205555	-0.05535214955743707	1.2240334875024688	-1.0122024185587692	-0.45045336779991313	-0.4536838624328305	-0.14963274280309716	0.03325925855303215	-0.00983297570655453	-0.4815755663212125	0.5207909095682222	0.7599468701548484	0.16777785539640108	0.20415956034876964	0.09557576981226446	-0.5883286062379262	-0.6101078760339339	-0.4298264144201419	-0.24473012496737714	-0.22439566254209717	0.5498742352176107
DTXSID7026528	-3.703437913326946	-1.2211770562621875	-1.6970989930869347	1.817384255825472	-1.7812531503644333	0.556847419127233	-1.9962443010734143	1.565503299038114	0.9395609006140316	0.5584052295998094	-0.9949382507420735	0.8308109914358023	-1.43177369461373	0.5688705582778346	-0.7491792417037033	-0.6737032982205817	-1.9391454464133868	0.7456258312479603	0.6384244739098452	0.15507539544473453	-0.6128616285345501	0.8545571068203519	-0.3413374054810653	-0.17780276135272144	0.18027290960178682	-0.49551648727204745	0.3430216135825025	-0.6333859468089084	0.6543175862827825	0.29659205522640286	0.16807565624764353	-0.28876490828022083	0.6217719142314118	-0.6265781319525593	-0.15425082538152607	-0.17473794849111238	0.40318241761305057	0.5499160769523215	-0.35197667152008477	0.46284112083976947	0.10850148043699134	-0.7651588355427217	0.22134648021147812	0.5836589207989404	0.22679717521084408	0.06909755886773343	-0.18355682858193767	-0.4283767641960616	1.3745742997101393	-0.37927428953721803	-0.9694423192019547	-0.6217583487330571	1.713958264300867	0.36670092728509956	0.4722244643661023	-0.33178371620337166	0.0362589574124667	0.3013267449538592	-0.50988358310374	0.5909068535917825	-0.1750026017094903	0.7112735377545968	0.08731879560688811	-0.6177085979737624	-0.4062217163338528	-1.298082510996059	0.4833984856814934	0.9730299497760464	-0.07421258138390895	1.0816484605123178	-0.2749904330199717	-0.4990182356203085	-0.061944902003591894	0.23918512569667202	-0.6968204235111917	0.8005729589052732	0.6329038614013979	0.10505552255519722	0.45718739900203714	0.2526659271167057	0.4433473320747685	-0.23230074662081296	-1.117377880749864	0.2257154344794263	-0.04426822614418934	-0.5246041443873575	0.2778904535964927	0.6857140317219877	-1.0307359656618043	0.77566205948439	-0.04681525743960652	-0.293345243515421	0.31439220990135314	0.6998642882661665	0.9687764968119592	-0.18784697778578122	-1.1144404529522554	0.5040581776204636	-0.8100498558435449	0.4845085062334399
DTXSID3029233	6.2290459152184585	-2.3875107962080784	-1.9566562220100785	3.378044433692255	-1.6930287543943858	4.490155154565177	3.2337494790094214	-8.610436637387732	-0.051659479556925465	0.33976806167599144	3.0217038860065655	0.7646857350116896	2.5913666520720433	2.2408413834470515	-5.1006827527391145	2.7747841403732103	-0.24878895137594204	2.7532220334311934	-1.1147770199091394	9.75787633474779	-4.158148276970973	3.8829668568818168	2.699162506905372	-5.987713775913411	7.326006571554905	-2.562020976667379	-3.9829381479963386	0.38001355111783613	1.9615462184662582	-3.873107574245972	-3.871253385598794	-10.833241745636117	-5.4281938331092965	-3.0707696722665268	5.763411091639039	-10.406983315812854	0.4455970126940808	-1.1098834679276308	15.760778622980453	5.487427776866537	-14.977358283533947	6.3300933694537305	-5.556356548287644	3.0395530616727453	5.883031835339166	18.74816435239426	4.705910019454827	-6.102885153668945	-5.264422263253858	5.717496395494406	1.6690536600376382	-3.886360863732147	-3.731155095644244	-2.502698445064561	-0.06110518442982427	-6.036718844226127	6.898543449165031	-2.8178887816099647	-0.8550827068529924	-0.7326611372040926	-1.1009937548021007	-2.3526547242802383	3.176774075535006	-1.0432535081570449	0.734888285442153	-2.100281071716824	-0.8655888294681049	1.730445248195315	-1.450629690743028	5.081552613780047	-3.553454345248263	-1.1357584854012714	-3.509038271354331	-1.1316049062017173	0.5515848461513292	1.7202634235781638	-3.199599190925838	-3.297374915491836	-2.3672180127345825	-1.6817617859147873	-4.152480931409741	-0.046153489827817015	2.773488779140982	2.84148034538506	-0.36908022883196917	-0.026712457730146823	0.6151317716903748	-0.21049283944824182	1.2937991920098642	0.1647288175140835	-0.6952846011757421	0.10178340559877513	1.6001700525196256	1.365073348996829	-1.0941310860106062	-0.45920015449490065	-0.013264389375384203	-0.13135158639998773	-0.632174132323837	-1.296232426466786
DTXSID1046841	3.5475276057595133	-3.493873358029922	2.6748248979883673	-2.4773356775742026	0.04615933103894515	-0.1543212621801423	1.2138496742607425	1.453528085729156	1.7187781523904464	0.6220310739633269	2.0992887742151223	-0.34582412137501634	1.5368908348054693	0.19669979300272705	0.49785171420038976	-0.8617248247998243	2.2824955063081718	-1.833726492860797	-0.12425028230305873	-1.2241525684981978	-0.34116647856280946	-0.7137865797394036	-0.18070210368318038	-0.4911513284986517	2.2059505801245476	0.36147530158584407	0.7048724820714695	-0.2936755333522676	-0.556413197793368	-0.4601662372389858	0.7137644398210952	0.04101123098141227	0.3114776327715807	-0.32123565657155	-0.2618269454542514	1.3963793667443505	0.6088136139382132	-0.3148490572471113	-1.3234660303077657	-0.3616304308750518	0.20572784309342537	0.1269220969066084	0.07083476430842134	0.14254688773890248	-0.6440435621171476	0.27450857625549624	0.4677229952355746	-0.9026755244860711	-1.2434776409469217	-0.30682234355841986	0.2923157184964491	-1.0325684351429165	-0.38446218077525657	-0.9128099393150453	-0.5059280466726894	-0.831889050532142	-0.34843135376474427	-1.146164239601296	0.6348651973857546	-0.16998256362452616	-0.16279209820696924	-1.4708137298453177	0.026823191837615546	0.372567746988431	0.13725888178027273	1.0961413206092456	-0.16263038249061645	0.0878648504532339	-0.8213427201503082	-0.3325239864185404	-0.7412857860012275	0.3634992975427251	-0.2914392335339199	-0.4806333084928681	-0.5227504312190742	0.36439495837299063	0.5334677162762075	0.845607859425154	-0.7110304959889577	0.6415904279297947	-0.15697337896036717	-0.501302693907014	1.1507238222172669	0.2070230715212168	-0.22915974391993954	-1.1573400159675	0.5024724175680436	0.0415253350223472	0.25013004850458975	-0.8290152396728753	-0.44163638962818436	-0.5230176678058894	-0.003971928840728286	-0.13224411518612064	-0.8559493132171875	-0.1740437659750639	0.7177304710634773	0.811985281637656	0.07960680141085401	0.12815474193286114
DTXSID4023591	4.710440584995393	8.11850660988662	-1.413500788848288	-3.1061081224237443	-2.092564123451718	4.731949599560136	11.083025837826609	3.365437586428549	-6.495379488511332	5.2764925611003815	-4.071686905743867	-3.106828250600612	-1.7479356507367954	-0.8198306642887644	-1.6330045439785423	7.802938370020834	-6.174024183702631	-8.214874670741445	2.4549484589215553	2.8419888761212118	-8.220695048092479	2.634674951643283	4.23258040045253	1.627025432062098	-2.671549958449099	0.8896316808168767	-1.397392810796839	3.521374996730267	-3.889593900497896	-4.705912098412716	0.40812481696675534	4.355942405197173	0.3686626284945323	-0.41913572953743927	-4.152886161691121	2.112839647368903	2.0486562639944244	-0.7891665142148858	-0.8292787533777642	-0.30411583953873883	0.3015602037002704	3.959760952669107	-0.21631017128097496	1.035490528361691	1.2257184024212393	2.73928156551711	-0.17649750097783787	0.2873303082361572	0.20600800241821227	-0.3718494543728376	-4.262560181153957	1.547770496221191	0.7745014618629602	-1.3077460314012455	-2.425472935122118	-2.379995550354612	-5.062959749436907	-1.303950427977369	-4.388674280155874	3.2710523489408616	4.470660859947671	1.8622732747675512	1.9852695666628084	8.572423720925439	6.251279384756805	-4.332422074559933	1.445160058567334	-2.6779084904938393	-6.8975510321546665	-4.222011984880329	1.2469196583323705	0.03294274329374857	-1.2504743034133603	0.17020233786275268	-0.38297452918092045	1.1793466449001286	-2.9879485757061475	-0.904021345721331	3.804193717570809	2.5146213381961777	0.38565196026140836	2.780669467204531	2.055294963832607	1.1877790000805297	-2.7082571887753377	1.4268909077469414	-0.8212776758503619	-0.21936363522558133	-3.177060673060517	2.7449060240898806	-0.8513454709972378	2.6551804812153352	-2.270929335900792	0.2791436353942474	-0.23158189787021485	-4.40817762485007	0.7429147756784408	1.3708105399893018	-2.432041915443328	-3.2694495743108005
DTXSID7044396	-1.0701976100304154	-1.222082367391627	-5.793605054699411	0.1264198681420061	6.458605802240178	1.0909115316715023	1.107680041805094	1.282301383114614	2.0315929401532777	2.2681429105218918	4.502556788417651	2.6532041728451956	-0.3959312929889282	1.1336932936868376	-0.5898060139496374	0.06529948202820024	3.1706217722648184	-3.1216622672754273	-1.073461565160649	-0.5441076336889089	-0.33282554917125473	0.24915995726642698	4.090674492362143	-1.194190648860957	0.0029174142853870978	1.1804151091145854	0.42052111285288485	0.18079063619468713	-0.9310421960305629	-0.25879311899142193	3.1707101373359574	0.4660681575192464	0.3318672817759199	2.8647013277101756	0.5302688166627255	-0.11547860881248641	0.012197195289803746	0.3730359929114995	-1.1069966366845103	-0.49572386597729706	0.5600734675345793	0.5593404850252244	0.22647124127459645	-0.7250307846199167	1.4354423128272942	-0.17973106474317288	-2.274715977108679	0.2708301931207083	-0.1863160165624548	-1.1433772574753067	-0.7926294677667971	-1.288486366090014	-1.1667455920312504	-2.8580775332582427	-0.870121225343866	0.009217066985796028	1.1945635459806014	1.7949349599253075	1.5233269574520247	-0.8609958436758118	0.22184835782467618	-1.2863676876294827	1.0007495134185762	0.6646880670336903	0.9772544618809016	0.31669472792148995	2.11538722073625	1.470625770367493	-2.117632482112092	1.0778458905392814	-1.231444585581892	0.7873878442928337	-0.1642019947168368	0.4202247626502286	0.2641051566278324	0.34692903266835673	-0.23305548445496915	1.4109557232474836	0.6957186469912249	-1.4623348648917904	-1.5689169363545106	-0.009661699821261641	-0.1374207974321547	-0.6444854747453417	0.3145934843263765	-1.4812807101810683	-0.6423964128775034	1.0105277811621622	0.4254716622565882	-0.6631671419089377	-1.7349679763822354	0.1544589408837696	-0.6296255226156257	-0.3431816088892866	-0.20065865994870874	-0.4342071364576732	-0.6964370771799404	-1.5703172345158158	0.430928762213331	2.0763744369278054
DTXSID8046535	-6.295978066461664	4.184976796804469	-1.44078243431427	0.12346586063498113	1.9948092406174023	0.6401002916246193	0.0958463709616681	0.7899129561616315	-0.019078473857804215	-0.5301845187878433	-0.43080718887939007	1.4200194773936383	-0.4995734812387517	0.5251895468700916	0.13726885232732952	0.39780369432279866	-0.6687007289861167	0.6619513610863542	0.4210369927537325	0.38128906824415476	-0.4666718922396758	-0.020586366716144253	-0.5911076867555808	0.22373178070545513	-0.843850509428334	-0.5362065007549873	0.23858248875374774	-0.6696150126503605	-0.3440056045176939	0.256999050501312	0.28185861718019795	-0.23684402723154718	-0.15824143681935005	-0.3085158681461352	0.39049837836626816	0.5863685967530503	0.1960374428733822	-0.03531011907339021	0.32185937746634885	0.043558624154023944	-0.12376248163990483	-0.3406750063817971	-0.20598560584206785	0.3841150830777981	0.046781211405932575	-0.7300396880941536	-0.09348115662210688	0.7195179387418541	0.011247985866931764	-0.3267557481446344	0.01525696344714372	0.32253104544552896	0.46749373292766283	-0.3557018547454839	-0.27316401934926293	-0.09837827190614859	-0.10691526526222547	-0.6931917264376379	-0.48954495858908603	-0.7400391905188252	-0.7125427728478979	-0.010732397305095271	-0.41948168358454085	0.4334834037953797	0.35986311772315305	0.14557824074241982	0.24231483619045333	0.2701779456634877	-0.30866615407854125	0.6090847103922524	-0.38950492488273053	-0.676882945862588	0.25805623479506834	0.4201014491143097	-0.18414233332084526	0.02496432024136795	-0.5873385033098387	-0.04300814485307114	0.18242673896990919	-0.02048619214552994	-0.04829550910871989	-0.3300969585061888	0.3856226433807221	-0.0172720275625457	-0.08177207039602574	-0.21677469271684116	0.19572126518788718	0.7043897249615646	-0.408924616938836	-0.2380902170211346	0.2515522606803952	-0.011663386048716534	-0.234866757177691	-0.08888743404458437	-0.9127448134857542	0.1810215253920207	0.016911478996154083	0.10056232665063505	-0.5492017117059329	0.005950287398277294
DTXSID9029225	5.156187978348932	-4.840161938957863	-5.659190397026507	10.582939549853984	9.862865788078864	-0.8417659731683569	-1.0373349767835123	-1.4978602877399791	-0.8607020143255858	-11.331769628352617	-8.066368964087971	-7.801564349626206	1.9494366003219534	16.81629677517004	-2.372890376219846	-2.879255893934968	-3.0442603898505176	-3.059439628233506	6.180179304832856	1.955745155766873	2.1852132038378005	-3.305227431823208	3.216998886746583	-4.2334939605971575	-2.3383459870904515	-0.377857376020299	-0.5018816129986652	1.0653650007786257	0.04099554692276879	-4.412676054510839	3.2735838500499783	1.0029163277852504	-3.431783820210313	1.3759208315896796	-0.9520393881325827	2.3963588552176622	-0.23150157187753165	4.271781969490591	-1.8078990916099296	1.212310759062893	0.5166748880002733	2.752730754494528	-1.0147091595168383	-3.3114625761717282	1.0875119979083947	-0.36545681711699013	-1.6125870065672308	-1.7139516693104564	-0.7592261388289137	1.0197464091317405	-2.452758773895601	-0.6285489605188892	-0.09973686200051285	-2.5172354414211635	-1.4084857227162486	2.0003811793056805	0.6868479955474048	0.9696177399756983	-1.3788582972089387	0.2225209027447769	-0.6748146480979769	-3.4842510441274084	1.3610236445061559	0.6065356529277325	1.4698839200700453	0.9112200737486732	1.3042497925957715	1.057248279258657	1.2374247623666674	-0.2825058558261451	-1.544936564511791	-0.09958093692186394	-1.7563546916285389	-1.3714487307287775	0.932848922709372	0.045451894548612905	1.8592058355880687	0.013123070006883404	-0.8006400952043308	-1.2326184828881896	0.14596837599964016	0.3327960730462514	0.9173341938632282	-0.5084244876380645	-0.9656929260569653	1.0791787252473184	0.39804525442461147	-0.7070734052067842	0.3515823038952781	0.46825314332844603	0.16988860577356538	0.22604116762954998	0.19333689295764978	1.0526775100358896	0.908334257332403	-1.106088078297632	-0.7209950954200866	-0.9600015260797052	1.2073493942504083	1.0508910068977046
DTXSID2025391	-8.037283027853212	3.2451524208043705	-1.7706741192648787	1.066043463495078	0.4922391738841754	0.6730795592801656	0.53599154501666	-2.3942876922198284	0.661412383643091	-0.6549183759117064	-0.29216748961153416	0.73386051200812	2.484262920521149	0.7257219973698091	0.6827119240748792	0.27743795624066725	-0.8862937898480969	1.3786251036951174	1.2399787403149027	0.8727026081383062	-0.04345767837373961	0.7080751175296041	-2.1710302490683544	-0.6582902009528893	1.562239361027482	-0.30078416187799334	0.022230877740841377	1.3742341476898565	-0.5737394691371305	3.838637408276455	2.8086954391157404	3.8866667412993317	1.3894030225452247	-2.838555473103225	0.2563562916195069	-2.777240552377687	0.45758464198039966	-3.9723914049079934	-4.055463303501096	-2.238742054779095	-2.047127120519247	3.9595939082699783	2.0782080851572635	-3.103920207798928	-1.8852725637873495	3.352675124447509	-3.5166529559834903	-1.1211597825924695	1.3653663715956772	2.1630386767495806	-0.7612769160027855	1.6806970910460892	-0.054113889579295436	1.4965255008383642	-0.5101812494026137	0.36248720312728294	0.5865011508998053	0.06760710811874608	-0.07118155589020146	-0.9411618935010071	-0.7183883169921614	-0.33564877220676426	0.2571406746298591	0.37789051438647414	-0.19603645408970588	0.5259210621156792	0.9578917348195917	0.25850033824778756	-0.20236568240426095	0.056306277677860055	-0.10828789181344967	0.4803065645984232	-0.20139922902976895	-0.19698288825222482	-0.2188839631762563	-0.0816282865069357	0.49740934884837357	-0.18756841179631908	-0.000699441016532807	-0.30483574054019086	-0.31002707638028687	-0.06720395601666602	-0.21839133374983768	-0.13976931759271244	-0.2754117817641366	-0.08623311584561043	-0.019324730403775525	0.0532207431764812	0.31803578910508673	0.08101605482865322	-0.02139588733836494	-0.5245486351184898	-0.29538961594605245	-0.29964448139107697	0.5200965830624145	-0.30574633477785873	0.0066461359202012234	0.16162842897345867	0.14750181452447497	-0.01511513063179811
DTXSID9041289	0.7794838388716514	4.005367538014286	-3.1939731877784086	-3.6267845298849504	11.680341252027164	1.708288946346911	0.9615762291069784	-1.1614627857561082	0.0020067060027665093	-0.5148452114868326	-3.450141676880592	3.219699077052131	-1.4064973854494962	-1.6174918421519808	1.5234909165996635	3.208243423020809	5.314907691632557	-1.6239740302510357	-0.4509611618194693	-1.2816810069019828	1.584661178506937	0.4632992428974324	1.5526488118048434	0.92954240592102	1.6151440592445754	-0.9037236925792689	2.152968892978853	-1.0278233703415398	3.1842529294864255	0.27097691449978367	-1.7712812275405692	0.18888596322835072	-1.4203661797051672	-1.123254849884019	-1.3271181314716656	1.1671094863101306	0.6317319093828817	-0.7468850014303489	0.26530744835155823	0.3632033775131842	-0.24001816080408644	1.218775222399993	0.010393119053875367	2.022725487403809	0.20225677338990575	-0.17907793409305856	1.3381477801923956	0.42084429005471063	0.03695513023375745	-0.4216827204448975	-0.0900691672940575	0.27443340227276475	0.8886673590365152	2.8734567110751468	0.1975487971992248	2.113059925853936	0.34749083974877826	-1.1902875185280148	-0.4054870835818226	1.917483324487414	1.2920178581268549	-1.8149705847403266	2.1538577847936633	1.8475614324835234	-1.5388754077779456	0.19872026172709054	2.1938210400592717	-0.13418501887012718	1.298251852076229	0.009854330422633142	-1.3136081535563187	1.1117178135383343	-0.6480751890888613	-1.3905046153648608	-0.07895615611359866	-0.5605597591887111	-0.1738936557906757	0.4824388903578376	-0.021911034555906247	0.6224495538039272	-0.21836577077435185	0.1461755746055138	0.06786574406509571	0.051478647079711205	0.06442918486549744	0.42230754363925666	0.1329147589932365	-0.42106058904820426	0.5303760932783729	-0.12979622606161037	0.07808502590648356	-0.24486055347633778	0.19811913628760702	-0.0699169315712538	0.45488392919100434	0.13256380631237488	0.09987464283346707	0.15640954157905881	-0.094487266948032	0.05142249040355983
DTXSID3051381	8.579236577051683	-0.3106984685086988	2.0548591224762704	0.5274593821907367	0.023941835053081294	-0.1815188432114373	2.4158844346212693	0.7990695709360228	0.3754296686509633	0.5510922604225034	0.6210916068115953	2.3786247294873855	0.7407836523606357	0.0421051760078674	-1.7473339521762805	1.5715719157963448	-1.3584470274945948	-1.692821481335069	-0.07423828354785411	-0.3312814421575459	-4.841540588474747	3.8268711909297983	1.6201664472564195	0.4914027581350878	-1.247035956471606	2.2587749179938017	-2.884524982266026	-3.6825523493717993	-1.1847537862704762	0.021777073081040443	1.071032777212223	-2.429046178999537	-1.6859865043428548	-0.2833417303215316	0.16622237099051196	1.4711514952958111	-0.4580264947351723	1.836899241865518	-0.6931744371730643	-0.03530468908740981	0.1593431547043793	0.05404864138137934	-0.687701294991352	-0.6471202243166723	0.4090020769896628	1.6984841008334342	-2.4973761910125027	0.7467969859395313	1.7706621124382906	-1.2249556578196084	-0.7821325672694227	0.9683999950535628	-1.3920354899120544	0.15379672070994996	-0.5168788378194846	-1.4135602732483972	-0.4903299068270174	-0.004283009465797646	0.8840603138410742	-0.35786238264203735	-0.5348430713382967	-0.4559229493893691	0.08627792257273605	-0.3416586871642465	1.4159285951792036	1.987857556323302	3.198159267879558	-2.049420719392124	1.325296241017918	-2.068552401104059	2.1082964100667345	0.7249434716121	0.9503969539486518	-1.1835105390955125	-2.5627622907852605	-0.6348399636933716	0.5928566200798356	0.3423820598484859	1.0145462824970801	0.5786339373675355	0.052826547886954775	-0.9521389161171558	-1.6876136079260626	-1.6931867683303232	-0.2676302936398886	-0.8744569731423798	0.031143276687432327	1.5761551665875533	-0.9082750156480923	-0.5379839225205375	0.09349236886355514	-0.6609293793682828	-0.5268992937572906	0.5887738911035747	1.385599611483675	0.8549570993540133	-0.3471820171836954	1.12735995988463	0.5841826896986212	-0.09113134196144757
DTXSID3022405	-1.587847974264842	-1.6992453480246337	2.5888775857297723	2.5171312357484776	-0.5345316022103846	-0.35341589656034633	0.9980859906323215	-1.780053745276033	0.5865198327370441	0.28888852948509003	2.306532508468689	-0.18961194199858436	1.0785061949235522	0.10798599036787983	-0.08431843023074273	0.6373144810679697	1.857946291884957	-0.26069274197286135	-0.11343919519704244	-0.8133101060846936	0.09116324699534686	-0.10244147939877435	0.6213255222892957	-0.1377652580254216	0.7168430221650413	0.6878936213832247	0.5194151289104825	1.0496367370083701	0.01875787640260278	0.6071367086507885	0.3898261756400462	0.49989397778976524	0.12369428106494137	0.30134915204991053	0.5997599179107457	0.1005999162094698	0.0687249181304968	-0.3401886844079508	-0.21759020965241627	0.8551649620561315	0.27242811666896144	0.37815884700613406	-0.19330778511428645	0.6833719898837194	0.1239691004818877	-0.3613707567698292	0.6505767587204673	-0.7852812024376088	-0.9749029155243165	-0.6953363012510146	-0.5405206804188398	-0.011679484831687733	0.40054072163131355	-0.3668015865326909	-0.3974606535750494	0.06990391239855202	0.13948098140167192	0.8640397581826554	0.07307445673583728	-0.3765140925536031	-0.33550726644954715	0.41608918738129125	0.19658485109804827	1.1059736238370057	-0.4274255718883322	-0.18960922125969043	0.39862713071586275	0.2711744076390559	0.005036935748518493	-0.8670671598018794	0.4539332961069716	0.413693065333714	0.08891276799077975	0.5081266842935213	-1.0785830924406146	-0.3612296945946753	-0.13492094887262343	-0.5785284214356461	-0.7476927176614812	-0.06746656228823708	0.07857427095690932	-0.4035610167650856	0.0911000327207252	-0.3214656552873568	-0.7583623588184518	-0.21686968286532962	0.8480357090374534	-0.1587742865921508	0.02079752247251001	0.35303812354065917	-0.012637443802754585	0.05002055858672674	0.4630118106807263	-0.0270447280233323	0.04710081443222559	0.17515096761688242	-0.5453081484123373	-0.3131204281765576	0.04745223837949694	0.005028868876484754
DTXSID7025429	2.4412095402575513	-4.246416706178222	8.56075118356589	-0.26207291284839324	1.7854006933404698	-1.2347738150610206	-0.21016579222111711	-1.0810618462490105	-2.2654371692268622	1.6946138663256736	-0.2788507584176179	-1.8804636776793646	0.3968537334495171	-1.8749099321920621	-0.012060407680750387	-1.0466492314216427	0.49844205539687814	-0.8754375063972795	-1.8283117556228532	-0.4494301354633938	0.6113290184652747	-0.4679532981217144	0.22101047456997222	0.8919999292259544	0.5820666885654816	-0.4840820553267042	-0.8180915150099864	1.4461407867075684	0.1264583101580239	-0.12762826130606797	-0.8877201433389283	-0.577142130713069	0.519300495926968	-0.13489810147855288	0.6203637480300662	-0.052129280363130547	0.6933451332760765	-0.9195274586593309	0.28021054042459204	0.007674945084650956	-0.1149329898939828	0.377966279885473	0.36467726415866547	-0.9245496685920863	-0.32911558752170506	-0.0012196874668286364	-0.1132400033491057	-0.07338360405878497	-0.06467421802114627	0.9168579539493026	0.6987658365556556	0.275417286911109	1.2707211220677925	-1.0734834449099715	-0.5690435216653444	0.2876944210626658	0.13674720526868608	0.45050166700662175	1.016068678527435	-0.19870257919736495	0.49616256551636495	-0.5948368367895414	-0.4484427110185627	0.8578406727468	-0.05310824120745912	-0.43567721828240097	-0.7650869099844937	0.010822552268116488	1.0319246892701368	-0.4142103138840042	-0.04441370306316492	0.23800058771293756	0.36047855734337647	-0.7946140057922423	0.025812469099159997	-0.4118523651771071	0.4182601908899319	0.433501756098544	0.3040048854335555	0.12359265014732135	0.5726604102231695	0.31540813058262496	-0.09182726791037885	-0.33384083202328374	0.4186791375270769	-0.9595623882508264	-0.25945839343251764	-0.2916618513435103	-0.672510648233602	-0.9028767468601866	0.3364181976422694	-0.06182392831541166	-0.020237012870339032	-1.2606950957615821	0.1399325051883344	-0.30039383367644584	0.28005153071855576	-0.2229865018485846	-0.25584652974455474	-0.2717264205234138
DTXSID9027528	-8.070153229495011	3.062375239843957	-4.303325713146913	0.7630801392857331	-0.3953549624174784	-0.27774458293349696	1.3040998133494714	-0.9126539455744975	0.5855219381325676	-0.9053517289655173	0.714670325044207	0.5813299217038569	1.4667734273565016	0.6854132528020765	1.4250621099442207	-1.0059901939166884	-1.694883479472242	-0.11963623050663176	1.0485616339812562	-1.0918522841847036	0.22778671969840447	0.7988083114198692	-2.6443501534395364	0.03942550700989864	2.0818005470407934	0.6719788216886119	-0.7794818356951875	1.875009141658117	-0.24973308322303295	2.9958674182840506	2.451242502905416	2.001148340294327	1.6008127894858906	-1.842478334278725	-0.3486130039062199	-3.0280908591329725	1.652986211857484	-3.538653578264722	-2.527048337936486	-2.2647362615706053	-1.8569124037139966	3.3561982742814114	2.474324455951633	-3.409608939792374	-1.4841577492873765	2.456841264666637	-3.80415558135384	-2.164302776489303	2.6295095862697324	2.623309944059948	-1.1708905125046218	2.064152755551202	0.891620508289179	2.591747767357925	-1.7259977154554706	1.3026217146016288	2.9373882367712505	-0.6601868037708621	-0.3317632801612571	0.1313257909593746	-2.2478348459097397	0.21685469817392242	0.9790901791440223	0.20994739926024836	-0.0264038131825383	1.0991271536208478	0.3548903938124924	0.6872179174171202	-1.2723531295516073	-1.6654436223417033	-0.9732060034713016	-0.9458201829108424	0.17956537869119307	0.22849890737970815	-1.2579875387068078	-0.5367485568418466	0.18426044118146834	-0.34735705431954045	-0.38869690927289763	-0.3446682080417453	0.49863348610861524	-0.4956023585569627	0.6762700072949812	-0.26645405251738813	-0.037498290528023066	-0.6164577805397349	-0.016096870953295327	-0.33368035545807617	-0.010463288718213436	0.9722657857632157	-0.06582792225046023	0.2574463576835524	0.4908789331270569	-0.2555194648767397	-0.060812235017796375	-0.32415113804369133	-0.6355891824493436	0.5502231139836264	-0.21144227048382705	0.993886615413634
DTXSID8021062	-6.609314643286986	3.5834534377443923	-2.8224317002321437	0.6926238518130301	-1.3403514233518294	0.2493456374126399	3.262165888398679	0.41888668427202375	-0.142234208565834	0.14705789099044786	-0.7127217868529434	0.32998641567635567	0.6462043506028685	0.32400406439780405	-0.43208072887075877	0.7680549077484256	-1.2876829442509747	-1.8855440694632344	0.9234127710714172	0.718410043183952	-1.0931689957520612	0.32940312336670374	0.6053381819243306	-0.6510233703996402	0.4524177754701019	0.7793506277409841	-0.2754966083900168	-0.4616103570635625	-0.06749210805056721	-1.179565918665788	0.6880577098923861	0.7291598700403694	-0.6625185593410094	0.7451552229655513	0.0638551033954498	-0.48984137606978634	0.551305394251536	0.7604021441150539	-0.4289335142018861	0.10109682185146754	-0.5989930751992645	0.5853061233396019	0.14782846282195491	-0.9262811656264842	0.36647778411806475	0.18987883639428557	-0.6443644027157058	0.7606883197607532	-0.7023768176374707	-0.44267666346050005	0.0012029216272823708	-0.22706999012745177	0.08633391370520185	-0.5937975489201283	-0.08552305254987193	0.2577832589345448	-0.344800325348958	-0.44080161407800367	0.2576884482977582	0.06581931716621048	-0.10122031315225759	-0.319871711683879	-1.0065093053727738	-0.4355956927559709	0.6327948000095774	-0.2511988910249774	0.30862360600701655	-0.1510567008303834	0.6727058622898229	-0.6962308428547935	0.37645932676167754	0.476326381124483	-0.336905045055433	-0.34755593720179556	0.13649950415567053	-0.027157141002810897	0.28569936203259605	0.6664609011597632	-0.19280289308770568	0.8326326099760963	0.7237386305813133	-0.04581495681111222	-0.052057386248475015	-0.3234010478016154	0.29658879714495257	-0.06482995732282969	0.2872825669605054	0.1819427737335843	-0.3548611695613662	-0.11982557009279055	1.299947116890749	0.6881774045846862	-0.0741348743917479	-0.16406144087589966	-0.40412258530384304	0.33844104245663464	-0.30847329505631504	-0.5049048282777651	-0.5645346192576721	0.09888794556117247
DTXSID3022164	-6.6480295700326195	1.1346901354178187	1.7313602914519748	1.438118171985807	-0.6050926748992256	-0.8839524131165916	0.9856491853794608	-1.3361076559887917	-0.04685969597410764	-0.3393041357485336	1.164193433061601	-0.11497116570614715	0.5912612350787675	-0.2598904287181656	0.6427159937709128	-0.24304196663241445	-0.5121640070686537	0.17489733731778395	0.842546747824593	-0.6346167531726236	-0.22943957390759487	0.3818726481548697	-0.7215250870773229	0.5882540005018723	-0.3391984802623956	0.5117808498158344	-0.48209832544526404	-0.49383050922555827	-0.48349760536234204	0.8410219481657086	0.15039657244579074	0.6381052949069367	-0.6581619109578054	-0.5151475052584924	-0.4079601675339933	-0.2375894237315089	0.464378755403985	0.7670835952961409	-0.2902044227289023	-0.3224749118547653	-0.0743861205542357	0.36528845741717725	-0.03746396271123843	-0.15605289316118642	-0.015899062170007163	0.034882638640343876	0.46298160361169505	0.6746238618470873	-0.30111598486036445	-0.03266507707407977	-0.23149516841884993	-0.7362359597162514	-0.08037322171083386	-0.3647520878938581	0.15602647167336212	0.3564015016249941	-0.41518410172514825	-0.08174596747693613	0.43668330847652675	0.5772099434250914	0.3627380887121138	-0.02060491627735929	0.7755619952568107	-0.11565301924210505	-0.6156065441740789	-0.49247638434110913	-0.6950681484525163	-0.00408971342562186	0.012115629219352112	0.3404372582019246	0.5046762704009768	-0.09182480615574719	-0.3311006786954994	0.8324268273911221	0.3546500940609675	0.41857394015516736	0.1297148980410226	0.36067093393983124	0.050294504421306355	0.5711749642935158	-0.19833493364433805	-0.11117830344103793	-0.25936584921280015	-0.45134439143805083	0.055205835435695495	0.03607488122787392	0.100452767848292	-0.08436585943417547	0.12462638847535472	-0.1888824575667756	0.09543298568400267	-0.09057303673188376	0.04223155446686415	0.012743047461772348	-0.1544015125110475	-0.2557881306581324	0.054718025645177866	0.12273906978108108	0.08870837192029961	0.33658669269513564
DTXSID1045615	3.4276605087131613	-1.9106654022615104	-2.2179410049064825	-2.425142426681456	-2.99208933546831	-1.0581693298745383	3.2145450132487423	3.968020843687236	-1.2100799334735841	-2.236144731127469	-1.1146960274173896	-1.7303182180841703	-1.8143563612836764	-3.7639165846294844	-2.897119761376221	-3.125869528564292	-2.624301137372707	1.5617270952821147	1.080546332949242	-0.9913496001428916	1.9925100406643308	5.8864278250941195	1.9914197897412895	-1.782969298777597	5.27325846594325	1.3402758569680817	2.9022228575631313	-0.6369072800921205	-2.826571260336777	-0.6447734461813804	2.3317496356161342	3.470115491179118	-2.5326783631275016	0.8722147888746343	0.1659886740633246	0.5204520855623872	2.4885260718527884	0.11801170470718178	1.3155557237670703	1.5634055656040007	-0.19118326507677888	1.3987428387705798	-2.415115321754845	0.911344534956615	-1.0704089188838906	0.23665349986549095	-1.1680125131555668	2.3451452493817753	-1.2616546706100622	0.19739435508340442	1.8997130895854546	-0.34665938956776	-2.415430597636442	-1.2611034075410386	-2.0245098568892903	1.5853855633964615	0.1273239341994775	1.227347713147235	-2.437993841473225	-0.751428098521988	1.7717041223171286	2.6882585175244635	-0.2079251385543887	1.5302313331476145	1.6004178140772671	1.641507124466798	-0.5085899579534605	-2.143183162655552	3.363622896649768	-0.6673392821720834	-1.6164261605399521	-1.187958256022186	-6.317093275498481	4.57404102345432	-3.442866101826546	-3.8228695252976634	1.7466713485116507	3.9307005143795393	2.1513330704767126	0.18949576303202154	0.6019027948769344	0.26673186516998176	-0.28703531766829415	1.3631125493606646	-4.478815794714246	-4.451090467583394	-1.3142995778048265	-1.7580183636232436	-0.050004980305903425	-2.0889575020709614	2.1321539381367534	-1.3262314363632721	1.0895233061448757	-0.9349751012754535	0.2886752316356097	-1.7496674209204643	-1.2940883113160047	-2.4974570789680484	-0.45080077362497867	0.9387031067250599
DTXSID3047928	-5.649281017289386	0.8185200292778325	-1.7582643112906913	-0.7469508996560739	-1.3558893222657202	-1.816174601157313	2.1552162231987158	1.177511702747162	1.769994317012104	-2.76348064465216	0.05528300840349869	0.4238514327338455	4.030376426105377	-1.1300212688333533	-0.09173606113501098	0.17513993153285212	-0.09804404360356812	-0.018386891011698294	1.4220779112700268	1.9833114982153945	-1.0558860303427804	2.242474845428538	-1.9782217163378069	-0.16008492121490597	0.90098057340321	-0.6561173091991236	-0.011400258166787906	-1.9529255025889185	0.39836472236057185	1.0829702538296389	-1.0885392546278343	3.244883981140882	-0.3371587530629393	3.4323588879913087	1.8080315470686368	-1.8396148127682146	-4.308148434334236	6.242167195712398	0.07461444944329254	-4.053476836657968	-4.789262050967082	5.231396185637219	6.004951028777726	8.58376480041835	-0.7146011643182169	-5.493184883619288	-1.3363962567132226	-2.7206587454062627	1.3026215269327428	-0.9960891155556558	-1.1206847453698419	0.5303387651117611	-0.7729843688786386	0.14904989754323847	-2.0173307725057374	-1.0228036461107872	-1.3659111179552594	-1.116255185496241	0.42073747314051796	1.5190311001094519	0.15969989944515528	-0.21714543107095333	0.4080358298802768	-1.275198840065998	0.42368005956417587	1.3725784561252428	-1.3275713291902291	1.322184397836146	-0.46697021742882056	1.5172286759022087	-0.23818337719643443	0.23469446204979688	-1.5387381811447627	-2.3006623329020983	0.5379710003526461	0.08861133034087207	0.7374979286495864	0.04786370212873715	-0.07640415916490821	0.1590256609408487	-0.5600310330366132	0.3606329798158801	0.2243599324473696	-0.4829351423467394	-1.05012593881495	-0.4661225254382739	-1.3800454552422714	-0.04358725611693773	-1.2588724702932912	-0.4321315541157234	-1.083305147670567	-0.1110122282618609	0.5139040696996965	-1.161183069305045	0.02687687807143903	0.8422934916196502	1.328984851522963	1.102167069033664	-0.32371388191675027	0.39434731662816314
DTXSID0045965	11.612126961299818	0.7434666343048936	-0.7748827142917041	-3.4220434962584183	-3.4780785374076326	3.0066108949501906	9.699655896041884	3.5208743138228558	-2.083398440684516	3.4845746780746074	0.4080198762341111	-2.461039507319868	0.0029022564461336827	1.2363965197579183	-0.08814781816067904	5.138427079893563	-3.775263116919443	-6.611126959332497	2.563940654433591	1.7309105004390728	-6.009563900848602	3.2017158348761843	1.6440706057834633	1.0670001110495944	1.0857326315802507	2.556248601592782	0.9932319003531783	1.8114767934654588	-3.292232294512349	-3.4249743787840727	0.22399603355573183	4.225112733256401	1.4618143247173792	-2.11276607138539	-3.102996906440649	0.982808042232913	2.4962143940285717	0.05415418618040976	-1.5803809308940138	-0.5059668404759065	0.8992091182159944	1.9603073688890467	-1.4995248670949892	3.3509263436625845	0.14406256515631824	2.9676899440028848	-1.5107698633627222	2.2808804317772595	1.7699951004200682	-0.0040160699299249605	-2.9017334912210453	0.15151473180086333	-1.927835366295467	-4.427961841475243	-4.6754114052521025	-0.8027842221119839	-2.228304813632265	-0.7515141557850196	-3.3481575477849095	3.0334398003589778	3.0262075792226875	1.6250201909749549	1.7294655856487844	7.448629587048993	3.8862896170061427	-3.768646288969139	-0.44888409392184375	-2.605988219927401	-4.286332190759475	-3.707602805908148	1.2142380861710358	0.570751118730696	-0.5318468469777303	0.2570861838180326	0.3136422120185035	0.9440307820585232	-2.596970517769697	-0.2759385736186799	3.1446776755814505	2.185729408876594	-0.4565682441617996	2.067627172494376	0.6710326177399504	1.9857697057590735	-2.1717133081306343	0.2608969095895184	-0.571007041466708	-0.2801122820419172	-2.4522361794637484	1.6110379131509225	-1.418768853386174	2.3053522422606263	-1.1723425707952269	0.016619518125594358	0.24270909991880107	-2.9316457485079344	1.0882929389083988	0.564377022543987	-2.654165335561031	-2.1938981555720636
DTXSID0047907	-0.17178701076729289	-0.808366847325972	-2.681984249712371	-2.712322388965469	-0.20292509863430902	-1.08083440842752	-1.4825771198252735	-1.268958937635956	1.358915467362379	-2.6696904549145968	-2.827030915173079	2.358254653212305	-0.48266404844447713	-3.7252168295883545	-0.10055265275052372	-1.1407160118333386	-1.745606395968395	0.3770404512098013	1.473891806953224	3.79563306712316	-0.9827359679240684	1.2523932972001666	-2.423674738017004	-0.6566175740947808	0.35817885552343337	1.2199996876860386	-0.3837268422343775	-1.4730523394505983	1.312577778968364	0.6686108929756263	-0.9592417345277741	2.14778110728366	0.45083720152081735	4.043404838914826	2.431153932506088	-1.9298699756111146	-4.534561086388647	6.209013196155304	-0.710460520107046	-3.328097031410151	-5.393510693464898	4.131948571136792	5.750938530566821	8.364694709121368	-0.8158925283282783	-5.07437045894442	-1.2191984158503577	-2.9021930250505497	1.5661501954172268	-2.103912810568839	-2.7160983825430653	1.3386667530368104	0.33884604675018065	-0.9642609029002182	-2.4729978505086607	-0.9597974649670176	-0.6424410054475548	-0.8125586308698712	0.08741904502082459	1.9285224820149616	-1.3027764023572446	0.06509998602953933	-0.15233979574864828	-1.909440202963603	2.393547360545267	1.145849288941598	-1.8409489923694453	1.2561761236125608	-0.09105177695574516	2.436144367672697	-2.2030646743782323	0.22699230139735735	-1.944698947837061	-1.2830720407966845	-0.24460217989264227	1.1793185921927474	0.36835545770128725	-0.2269224585262915	1.5725015785774383	-0.24223544755158874	-0.2039971280807349	1.45113868351497	-0.7234125871313929	-1.0930300692003656	-1.3721520240587353	1.200891742437969	-0.4160173475940378	0.13145837294537033	-1.0200202806750631	1.0863136590048046	-1.2214876525207403	0.008946088544838403	-0.3848157517688584	-1.3080640189477335	2.5180711775883964	0.1603540229942307	-0.053988929906844285	-0.20876669787715552	-1.1949022959770847	-0.01286593544525789
DTXSID1057795	0.34059440494647114	-0.3435955808121174	-3.838170529114012	-0.578768652138402	-1.7180359493598665	-1.073453809485816	5.997690389500823	2.6612781659843403	3.579080774707589	-1.2722129993318803	-1.0245996126431238	-1.2043636989269553	1.9299076437553564	-0.47028834627655924	-0.9472128213840709	1.2540665432998355	0.42371594895398285	-3.0184451323831927	0.6964399201431952	2.3294763372876273	-2.9787873116338317	2.0797299982406843	1.7944624628736068	-1.6063794489136924	0.11057479548549128	3.967855621886553	1.1065576664521717	-2.060788259616408	-1.2824484672284278	2.452263909053568	1.0242971371808942	2.1385019644265593	-0.603319072174768	7.266066271835324	5.619788809084831	-1.8245037007391753	-5.634146043102702	7.562064190225899	-0.4563105470950601	-1.4359150788312292	-7.9187288513556275	2.476014928771746	5.703116313295111	5.254704295047605	-5.663259428074338	-5.269343327034079	-1.318403537009417	-0.4915347930560175	-0.2783242330988194	3.386292307100984	0.4262733562181533	2.195475953590626	1.4573285563920124	2.0341809207391495	-3.248227286519676	-0.08767078546819451	-1.3369395232740962	-0.9362633956136661	0.3708082821256228	4.081041330302727	-0.3784156835711459	-0.4240256189144902	0.43181154687065354	-3.108463137086573	0.6260693476010734	0.7934947078858131	-1.7144378527015103	1.4013779593344708	0.7463828838180039	1.5503123662299567	0.17037946151439717	-0.4884008014133455	-1.654778754264229	-2.4929367942139002	1.363651007240113	1.235939247476565	-0.576943014972462	-1.4367629091602543	1.441700274887513	0.34779367658909643	0.35556489733844265	1.7733933543047256	0.325475754867508	0.2533439760636618	-2.4297296644683093	0.2884945661090102	-1.1584758397639539	0.05399591203051115	-2.0427515321503558	0.7911623642547037	-0.6982070864562341	-0.19538518764750437	0.43815951743514675	-1.7725157083429919	0.1838009436750685	-0.5125445319968571	0.8631219210502681	-0.8072487545097441	-0.7011073193856063	-0.8969030827634453
DTXSID3029310	5.997311566478343	1.558501577838718	5.080341305042213	-5.644847881073753	5.609135706216105	3.5913124473368705	-1.0424268859484924	0.6580156817129834	-0.5480834963398125	-0.6373458088375179	-2.295729862766539	0.9708567297525121	-0.9788583568200616	-1.4153012021744906	0.6036194184942737	-1.3444992006589045	-1.7425346961974055	2.599249999090339	-2.2927108454334983	0.5319118829627201	-0.19404664146564932	-2.1477801628235555	-0.604539226401673	0.29464821943489117	-3.049681486709477	1.8003269339349093	2.1770833038958384	0.24039356384828195	0.8156785007589376	0.9498763070563857	-0.5108430122459784	-0.9179485215036138	-0.46231680365485883	-0.3418559801229277	1.423638350182917	-0.5701256786548258	-0.41787338548480785	-1.663706599050368	1.0429872954757653	-0.499955483195655	-0.1369700875758064	-1.0045560655447001	0.6840351073538511	0.5912339434568001	1.0374257966983484	-0.42071342360449926	1.423180817537352	0.554120822945315	1.1486599027613766	0.05264446264498082	-0.11108912071816911	0.5363334252098604	-0.041853421650024	-1.4306876531714348	0.2978507624597168	-0.6596691233350233	-0.6880835846235032	-2.0735630706548918	-0.5609503687794939	-0.8036678845307219	-1.8037094445587276	0.7374215410753783	-0.12140707508873429	0.5971558664239777	0.4922895327410534	-0.8161631927358385	-0.3868542250550771	-0.5679584933807341	0.32591853670665966	0.23184909274830034	0.899855644399467	0.15678012010419706	1.5564504959834233	2.515032956463002	0.3315001025672455	-0.8247859528223525	0.562970241163579	1.252020147855578	-0.6266824134740792	-0.6538290681723172	-0.5112641423059924	0.12857690439235933	0.6173618490084969	0.30147482395750363	-0.3393739205107232	0.5238450481598937	-0.30071520246761435	0.15644489837175854	0.5595732598671146	0.7504032700453933	-0.13443605075464377	-0.003792240319493609	0.22958498490167875	-0.27756254241510436	-0.6615350046556775	0.25467495355769254	0.7847233834157425	-0.15529617794073372	0.5513225523630616	-0.15818590300695504
DTXSID0020575	-6.025016844199695	1.0417738050749836	0.8392371074047368	-0.3357438026823212	-0.0839725549244198	0.5419627007996337	0.8449521237349817	-0.5862278313903057	1.193329452694365	0.1769959791250785	1.4225834719905515	0.769767592883373	1.2870957498162614	0.3881244381249406	0.6920610858601104	-0.7868269462232083	0.5497114420033005	-0.9794693107832497	1.0328127145866575	-0.513650782306906	-0.2880746545529038	0.312529146294899	0.062495665631315186	0.0032272160014043144	0.21359611439101445	0.5762071709899625	-0.40161358892162236	-0.6148125658091066	-0.4893424791935496	0.44400961981134845	0.9854798842419537	0.9898588962723557	-0.2709001263862264	-0.6385755051915815	0.2851733625729744	0.026651256851647192	0.1329245556285404	0.17216608959287674	-0.2769605764001393	-0.27939384654653715	0.19681090677464652	0.13650943101115795	-0.1893735115874505	0.4644697078735303	0.15353446100225399	-0.37363638464645993	-0.005304625196668485	-0.40276568039393723	-0.557628843734054	-0.30639344107748023	0.04439265763889898	-0.9015881408179035	-1.0027753912275912	-0.456802751240594	0.09811596586949012	-0.7240112680545436	0.15512549787799793	0.3764820377988041	-0.3120254274685931	0.02066650212181317	0.46059174564877753	0.1473951324732573	0.38899741777323776	0.9762281352750503	-0.3163582187667284	-0.22608575585604393	0.024575493136383155	-0.02822342929572875	0.18640625625735455	-0.08303811892877004	0.2743823663075814	0.34896602352952016	0.42667784102084405	0.2928147132288959	0.17554952441681518	0.4824774075042418	0.7552631860905106	0.057796780243516095	-0.5908017163177961	-0.1478109665559439	0.2354096977445373	-0.1133620365564263	-0.17355158028987797	-0.21004514046228429	0.24538819161007008	0.08735220602287429	0.3565327450528004	-0.1048805654548126	0.06995095099908659	-0.27811704194846637	-0.22401629367229672	-0.11267729140908973	0.0045959137503300464	0.2660512365128714	-0.45705411745627944	0.12416393295253954	0.18213780963771434	0.4059550720809305	-0.039177592575682006	0.19898650123679862
DTXSID3027037	-6.256835621412274	3.0477882027108723	-2.9635087101887034	0.7521485998078012	-0.5368688327078615	-0.3459318675275243	1.3183097407485695	-0.4615645069768604	-0.6024367111739122	0.5997658587077951	0.012255663198571796	1.0552869564133076	-1.08340354876452	-1.1829003396117155	-3.0233977252733655	-0.36693941318566187	-2.6979040507748406	-2.962552632475817	0.10919671021592181	2.6186457969698345	-1.9199995700354773	0.25097883908183255	2.5127618964228597	-2.02255838839248	0.11932666790044925	-0.2533143935464233	-1.5224428764450828	-0.7595740475722528	1.2371290024957173	1.6623061378709072	0.30715786138609885	1.9220198666887685	-0.7455199881817373	1.2969794879339462	-0.32566060159386917	-0.45186853398432364	0.11048090102973061	0.8833703150820585	-0.6928547821231864	-0.4857056649704872	1.5995683201579787	-0.16268314701788197	-0.8275465835047431	0.037838672642251436	-0.05679075706592915	1.0902420616038244	-0.5192895706652754	0.22741655537766592	-0.8308817285578661	-0.6521730351232575	-1.7518047792968099	-0.1966207181755014	-0.7484227258656191	-0.16367390366372797	-0.6082697722542532	0.7920980627732184	0.7574290452122227	-0.5415518381470295	-0.8543942243331106	0.062434382958333604	-0.7130801252278444	-1.398507593690988	-0.32327125673686075	-0.6999792776233287	0.9704712001031899	0.11352555685863379	-0.7161346844220556	-0.014038546414872488	0.3237850808405935	-0.510032070218961	0.6355260525795172	-0.03687028023856336	0.17125047814758707	-1.262731238542987	-0.35587258063150157	-0.17904970897216493	-0.5099027785226602	1.4910086414551809	-0.40428108146629055	0.773790536047688	0.9850994048491346	-0.14818682159411814	-0.056378375206629694	0.2790211590072729	0.5244116422872103	-0.5752200932068385	-0.46782552965666363	0.6857577047900725	-0.5982152418864283	0.22691558533393522	0.9725228662293399	0.2556684929689724	-0.08973101702281912	-0.7554204422097288	-0.15246223799216732	0.6181306442994662	0.1523058702034682	-0.08182878567927789	0.0814476792339251	0.006496537694176167
DTXSID7025055	9.815000783707308	3.9801061556244806	-3.0202365764647063	-4.862374692620271	10.184079565544339	2.720677774497274	0.04124470580494738	-3.4437110150265102	2.249941758805111	-1.1040231780654024	1.252723608632855	1.6698924765603023	-3.292469507768511	1.282737191568123	0.7524834839739317	2.156846631755229	1.1440018950112327	3.5445729325263375	-1.960633432896856	0.9185992742895412	-0.08360132464352162	0.25097893976745567	-1.5489456096703034	-0.26778561137340695	1.8489550815917701	-0.9332011250900616	-0.4536510531013882	1.1635637801059973	-1.0780779326634582	-0.8562657113072989	-0.29433057655679223	-0.7599150666972013	1.6702943817778453	0.6951449370362023	0.9705107073260453	-0.26248775630289634	0.6071916836148293	0.2383889379633989	0.12658005076229062	-0.011330215610709462	-0.6480921197621462	-1.4152049059990945	-0.20765398171213867	-0.9607158237498571	-0.09554296817553516	-1.1326990494918991	-0.009855175120652345	0.8903391780054188	0.8415000608213957	-0.5968291801570155	-0.02841897440436424	0.426420619691406	-0.03182750528700966	-1.125896537414878	-1.246461257362056	1.2477754639651255	0.22450641308749228	0.10330404909293128	0.6790426321781564	-0.961586042335956	0.7311133640078891	-1.1936276360372555	-0.32131394041210637	-0.692625844735784	1.205164523528687	-0.8961256406202684	-1.336613736636078	-0.30715438546514007	-0.4900330256945551	0.5571993360287413	-0.3506251500188171	-1.181984788457362	0.07593888137516008	0.3870904112452632	-0.6789358613330978	0.6838588692845015	-0.29002476153663487	0.7988730108009495	0.9339164685040543	0.30005345266526107	0.4126984571653663	-1.027688450086422	-0.812889316035733	-0.4680786259280751	0.7994477548772195	0.23514073487439763	0.7497875705728024	-0.19088120387093463	0.0879639281455144	0.1740167301771625	0.8563731591578169	0.06598321466669001	0.21273521692811181	-0.24694073006190737	-0.40604292101881106	-0.44118339911758897	1.5680806736050539	0.03561008664667822	0.592506970431717	-0.9298657860260489
DTXSID9034816	-1.5415729860560772	-0.2819753046732778	-5.58134130698618	2.7890338302989535	1.774392430924565	0.3592592432372914	-0.602682314161724	-1.0894123034176506	2.215196025151588	-0.055981447428029255	-0.5886497261513267	-1.2244008153491857	2.8184269610347075	-3.0458880583393544	-1.9528640342770296	1.2059632961631814	-3.201553077416852	-0.8895543342636882	4.091616101150681	-2.906915127821997	1.2426024361632777	-2.8019334988484674	0.13460938694190897	-0.44083617677797154	-0.36357172280559463	-1.448517915383397	1.7037828127390735	-2.11506278055782	-1.7944045341554995	-0.5482028627870802	-0.8819018685570922	0.748463580312783	1.953531857909926	1.5788036566712966	-1.1582107310604797	-4.145480555167137	0.503367657277702	-0.5317294783441745	0.951750372168392	0.9499938526325034	-0.3631037778741619	-1.0731910468065775	-0.7169925472156974	-0.20968822501731363	0.25957468339118583	-0.2748159733397853	-1.3533664053625414	0.3171255035343926	-1.3357779392231541	-0.23070784972158595	0.9426226364364787	-1.3967012128203815	-0.5917747426384943	2.115566645220397	-1.4677790282174752	-1.4395932604207582	-1.9105322557603706	1.0524945091379132	0.19785984058376185	-0.4796094516744297	-0.3950104776156232	0.15129461937109367	-1.0204159001855686	0.19532718571929286	0.20374984391619008	0.8207027812066439	-0.140810975880168	-0.1959656918294629	-0.358498029163935	0.8164904489610499	0.2946297621677027	0.7531870661557254	0.13773515278762077	-0.06822748292682394	-0.8538492642662393	0.36420173996973615	-0.9586139628390278	-0.039789351954307675	0.2920112968239353	-0.41631437066167104	-0.21714656026977072	0.6987197625743069	-0.1906493339292927	-0.16976184009249531	0.6883000493112772	0.2676661317073567	0.1356628882227041	0.3551976497786667	0.19977762670448557	-0.2474238860787286	0.2684798897608064	0.16783959008016477	-0.10991682444418094	-0.34542750593440025	0.1476054251025393	0.04268763153734583	0.3650962630002049	-0.026659971109771738	-0.042130041764085344	0.1045506352518287
DTXSID0027856	-4.655615069407797	1.43403892604533	-4.780745642144325	2.553314415781332	3.9281696594725997	-1.2338405556550434	-0.14811243457938633	1.0830378888541368	-0.9282845161418467	0.2940556544498469	-0.19642800442602368	1.9015050394851534	2.1309268989446886	0.20540034671096236	-0.11876498265538937	1.519238589808501	2.535938334594852	-0.7003891755947976	-0.31342276270162	-1.0601030649558432	-0.6529170435440814	2.5141529929800748	1.2188487811250888	1.2625117708768525	-0.5667400251694591	0.3400237417407712	-0.49579150170678127	-0.7191611364253063	-0.4357856847680561	-0.42852479730728954	1.713964053660607	-0.8888679271286182	0.06539163481547886	0.7867574780859863	0.8376353241517787	0.006839752447348229	-0.657262459214341	0.4463414658961704	-0.5522897657069017	-2.070210522638342	1.6707491178967906	-0.18032420793275705	-0.6922040583622373	-0.22674074492440607	0.9359371884538796	0.8868930993303525	-1.1091274017126829	1.817722782999261	0.434560270167546	0.8423183250620547	-2.254539187014844	-0.7612127593381656	0.08220761387994388	-1.252634142709244	-1.2471128917122587	-1.6046531154476475	0.40493353227871687	1.2379725293914865	1.9170861038142544	0.4450972656237604	0.12204876697172928	-0.04340108851192101	0.680353969069472	-1.2566207296670406	1.2518077674914796	2.4074094488310727	1.6406068571004808	-1.303866196451338	0.2232195007777623	0.66447273210965	-1.0378851577416708	-1.582062861606897	0.2907192167435506	0.08841841114468679	0.5042409927703924	1.858317876292119	0.29114249381727153	0.3248736854312777	-0.787477980147307	-0.24957355355257962	-0.31305140286052024	-0.40320318837807184	0.9030886257167203	0.43135035520204307	-0.2598558909868686	-0.3794631444419049	-0.6329206428932364	0.11517759118893098	-0.225191369986564	-0.5422612085508722	0.20266663758043565	0.8400022008832932	-0.18905823993272938	0.09734752808478878	-0.2560266106198155	1.5956809033660084	-1.4638185190637742	-0.3881649816270402	0.31611728198466327	0.40352270099185883
DTXSID7020841	24.187359231216636	-4.188072419164004	-0.3104531693177002	13.951218823940938	1.6385589609704392	-5.762657670394189	2.155123647664277	3.4239737254806473	-0.06197125915426983	0.6861753361825923	2.3595788488344103	4.482426526561108	0.9810076609616327	-0.8619565446336734	-3.727140729735107	4.774624777330339	4.730297955597844	-5.5853822709638274	-1.9095538300541977	-4.055833823598059	-5.826246914603569	5.822811112888499	4.969214596953266	0.47398806603412186	-0.750496872689473	4.476572056848235	-4.964001902456976	-5.123299222217278	-2.346743037452071	0.4051093896853553	2.2288191672871167	-4.23725075122763	0.4445657281471031	-2.460682288525033	2.0983701946218534	0.9656196231453286	-0.9294173139193758	-1.860319059392791	0.12731130723937983	-1.6140861501047878	2.554799923845497	1.8661483275536084	0.9300290513188105	-0.05805046836827091	-0.2833441383573267	2.1086516677758538	-4.542061114823823	1.0012996957148668	2.6505161954861616	-3.1645786633191775	-3.8498226441912378	1.6537465430483549	-2.8042944432861625	-2.13329828239367	-1.029357404042045	-4.970522122754522	-1.115886857623877	-0.783321750788052	0.893357227644183	3.4703658548482585	-1.767079772793216	1.6914941145086906	0.6280707057701728	-2.242747770690661	2.644542049083744	1.9172114225941594	1.9767740185399434	-2.008619565730111	5.330699253780747	-1.5489665712015053	1.9299328915930178	-0.9017647567773809	3.0338639860080807	-1.403762579723001	-3.7263336821044155	-1.094668272186142	1.292255815286751	-0.38493619253286715	-1.2246924856495824	-1.6334955631892527	-0.5883512748912425	-2.0969657472807075	-2.2682554454988915	-1.5526512385528477	-0.8502642002396131	-1.6455211521508506	-1.3232453137213416	0.7138886867371748	-0.5430078318947326	-0.43715195208325125	2.27662752780661	1.7676521556727225	0.21871583974634226	1.6804470761831394	1.1795777471453806	0.6357153919563575	0.9157443779172043	1.832041928482997	0.6896170087553612	-1.0841557418739898
DTXSID9020409	0.061394940179962935	-2.3027766105194476	9.758675716554814	-3.920002010720163	1.3905791716482727	1.6770980591864806	-0.6898170687404735	-1.5977337893515244	-1.5590138154303355	1.913872004196884	-4.416538075059671	-0.9577638511706457	5.057942861416872	-2.8370775412786333	0.016614890922083764	-2.2073630828691795	-0.15698743246041297	-0.9252247589095547	-1.7703855950134895	2.274218194806812	0.9181886839929346	-0.7683712975783071	2.1354253782739456	-2.4427080275671162	1.3129896996904908	-0.49194582543647913	-0.03680685323021385	0.5037515440317448	-0.31671902130507423	-0.3336251868570268	0.477603509351406	-1.6582855747730383	0.9759113287082877	-0.6744496930969164	-0.9709556378355098	0.8549055547463621	1.091485507869252	-1.106586599326735	1.0962962180726754	-0.5884369390702741	-0.05071786258024294	-1.11477289547884	-0.18606817517198784	-0.6090767774576615	-0.23210273796585676	-0.7713044831752591	-0.3552525108936487	-0.3384919646416661	1.0910481354436683	0.7482508092735012	-0.034470918214663096	0.9427644694836319	0.38939680578890035	-0.7736330234957316	0.024044037605100425	0.14853435893878647	0.15246913087257782	-0.9137456525169636	1.0969767416689125	-0.17356382472529527	-0.011848476422807027	0.3842398540580586	0.3561205753735348	0.4907939950036378	-0.06856232988411991	-0.9181193685857907	0.19765225938333192	0.017468297272807683	-0.005152966373932074	0.5148755910281986	-0.2165553322584404	-0.39947148032269447	0.4680621691329656	0.17281627412540423	-0.013529271274253372	-0.32725671308182486	0.06333748189837254	-0.05333255096462458	-0.1027433152913864	-0.3795520786134288	0.24428216160373084	0.1338240956620693	-0.4784641264617229	0.11901581924242492	0.2137765970352387	0.10611758296437798	-0.5212981308378937	-0.3277505947124338	-0.7823369691124925	-1.4500984121900091	-0.33054138414063877	0.3167899622965154	0.4703090027863388	-0.5937321543242875	0.003970725092940488	-0.26999096815281337	-0.24577781691220973	0.17615655617286416	-0.1226342885337585	-0.2911788840994817
DTXSID2025634	-5.690127253072918	-0.2272530783195823	-0.8671681903175843	3.5779481246382474	-2.229992189041804	1.8530603178527396	-0.29735757401014146	1.6382258419643114	5.279714615645397	1.3112076216436583	-2.953351189275392	-1.2577233644191974	-0.6326150367251187	0.5953967367448507	1.168591441098121	0.26176598004092033	-0.3389898308629426	0.8997014755396797	-0.0706437292891627	0.8679436385262919	-0.5944114609080491	0.8489377517919116	-0.34100382743895785	0.7449855421895023	-0.37524330221210156	0.27284307675780156	-0.014187499127598681	-0.16277825788223596	0.36335238072469955	-0.22337507086511402	-0.1783745870533328	-0.09573412038137705	-0.2983639766306109	-0.05877053240660042	-0.2910700956512	0.12783503201775917	0.1599814628858638	-0.13497597903039543	-0.2616322394999753	-0.21725953987385827	-0.19864174948511829	-0.38009131680615854	0.17752182796566188	0.41641400683045005	0.3096049418316199	0.4447817778359812	0.17354097886984216	0.3269214348265382	0.37742696359839656	-0.006240267066489857	-0.03688395669151394	0.4057760391311508	0.5382831401549956	0.16571055685225777	-0.4975873360003522	0.031800155142639	-0.09884803419954871	-0.05177135679329958	0.4677499116902236	0.358501286886686	0.16424307844530478	-0.24743729766574457	-0.34806495050253083	-0.30363326750652825	-0.43028763761630967	-0.7255182433583368	-0.5625630211792615	0.4805597718196752	0.28264808402894587	-0.2389148722065644	0.41913628653868595	-0.15199993758217079	-0.24859509482034323	-0.2482968647069208	-0.1984767929075362	0.2557703437016345	0.34681423454839205	0.2200597388765099	-0.23976462654503417	0.050016258007096345	0.19827857640944277	-0.3316820432810949	-0.10290548207547377	0.4057966389196736	-0.26453261824250923	-0.37527309574779216	0.004732284752751849	0.24838170774069	-0.17986515846489942	0.20419754792405997	0.06792422642446412	-0.19358869042393412	0.05754834902231947	-0.3280120183127814	0.5689889997216049	-0.22289608666163957	0.21809291008667497	-0.5875807255146065	0.10217518102876955	-0.9023569828740124
DTXSID1027269	-1.839193542742861	5.36662113699454	-0.8779051772252556	-4.042298104391411	8.758405325146795	1.0448628466716101	0.616388270672421	-2.623981208212358	-0.054426294722005754	-0.9824016279785783	-3.7959956051593946	2.3231865909927385	-2.2237191818415614	-1.3666432880381385	-0.0005855566580560265	2.5487416573019646	1.887844976362209	1.8954723134581895	0.5121486662042048	0.1363774124021046	1.2239382310661264	-0.07992121722326472	-1.1269415564136414	-0.9262906716419385	1.5173098812473298	-0.25444568418776375	-2.207856101454172	1.1937148142827492	-0.42018596376279926	0.7352590167970892	0.40030773612093623	-1.1130478447062557	0.7311610000417786	-1.3345777806054382	0.19905048380470466	1.162940531944076	-0.3928586736493368	-0.5689029873999152	-0.23224462902498552	0.3982673662461765	-0.07119828143067475	0.15382752222627452	-0.8273418176360776	1.0663794224109773	-1.1814278977729042	-1.0887484351438668	1.6026205356207008	0.13020471607299353	-0.37546144770215933	-0.9884577520201019	0.446590335899104	0.3674757210911933	-0.4626912193474379	0.5645716457748355	-0.026699395560774157	0.05536467710644683	-0.9103023952418768	0.13662362396526817	-0.39464896125808413	0.583153364727573	0.6275766541245856	0.630820538134052	0.11150391712337378	-0.2983814975166673	0.06441157298609736	-1.0136230694354367	-0.7507239173948644	0.3217075765101025	-1.0834656413224477	-0.5150312992483519	0.6224203569568959	0.7157399162643627	-0.2724790677046851	-0.013972701526872725	-0.26644046088296025	0.314100710140258	0.5459367996558527	0.7717085235854374	-0.4714159442745942	0.012076107477987862	-0.12580300920890314	0.5164763880555193	-0.6439495807418616	0.21163504194706814	0.42415766151054923	0.2761544010631279	0.4050575861344852	-0.43899726256046656	0.20826563727136962	-0.11646268293629715	-0.35564541907941977	-0.6025436556472529	-0.4191514741387827	-0.2150911849449972	0.13622138324381855	0.02438623024658373	-0.05385268700636343	0.26591504236771785	-0.09185794764573073	-0.0323005920775479
DTXSID2021789	-6.244797652241233	-0.8060262739683394	-0.7235817118115245	4.117578218027819	-2.2775148103856533	3.7437441044563657	-1.2245455051339698	1.85662248340581	-0.0041508335639600345	-0.3209046477173075	-0.591247432925749	1.595250777520589	1.0740386388107948	1.894543368072802	-0.2888447925502889	1.1421267458812636	-0.9870113503367914	0.6134484006713005	-0.228477942480564	-2.087089032977975	-0.11883008165407243	1.3039567970511037	0.7219344549167501	-0.19228975123502698	-0.5366427032877495	-2.027714563362291	-0.24876907414089805	-1.078082335293743	-1.2776813383218628	1.1613952042474118	-1.1167781648974158	-1.2423151929737655	1.536430463077786	-0.5812765968489451	0.14733051536469902	-2.012202358374205	2.009496105596178	1.119692419356064	-1.0767641575726574	-0.7343818699484184	-0.19000515144206712	0.6947447263442291	-0.6510487960395768	1.560040817285539	-1.8375344019049746	-0.6829281106325161	2.564015434316865	0.6261259296392909	0.6567623174373678	0.3731693385546598	0.3004971532902386	1.759979715285952	0.8233949270778945	-1.9744545372215583	2.918119046779665	2.1932381408912573	0.7972988963169623	-0.6288648117545459	-0.41363303824384373	-0.30984066957037687	0.22355808358515566	-1.7230154958089334	-1.0331979201635053	0.3520861720478427	-0.3447375302776994	-0.807962480821613	0.42972730825589084	0.4757196212335821	-1.3863185556082893	0.19101100652020253	-0.15795060457191762	-0.4150296566627696	-0.1836331348144594	1.0594330471421927	-0.0720483519448862	0.41996660881966874	-0.25692810338881245	0.4971335737090029	0.6892760224976049	0.13821502810572228	0.25063631067842124	0.5517098121321431	-0.07058992302699756	0.34358543830035443	-0.46990828729360323	-0.4211078531624577	0.5761927801056538	0.3928512814171353	0.2012656634540306	0.20516004423470205	0.4105232972464239	0.0023688735728134777	0.2278799889142679	-0.3134056624604891	0.3487176043590978	-0.4548315531642675	-0.30734768356918446	-0.500958753475964	0.41770719412876445	0.45001184436549746
DTXSID3036525	6.860572254117422	12.378610621838693	1.7676899187984763	0.2646488007442186	-2.8067071663661216	-0.30070408187790815	-2.559503053650651	1.6898396694530404	-0.599340254550345	0.4367369464781586	-0.3762136675818414	-0.16618636233215728	-0.22562637721272452	-0.019151808583193417	0.22357390478260353	0.023157561087917687	1.2410197934807348	-0.5731168900710262	-0.4035437379096505	0.04519195373551727	0.8135510451583803	-0.08301311747748026	0.26456028316640784	0.2595535814863902	-0.4417565623669028	-0.3481127689475976	-0.26347015911820626	0.6681063936643399	-0.008836902193327606	-1.0293007206240041	-0.37837264530033193	-0.4897030203781781	-0.19868581047593578	0.936049708356072	0.44446679693387875	-0.5794558052985047	0.3553944397328194	0.3453605293384409	-0.31502867301681414	1.4854868890578563	0.6665222092668477	0.2404014254506105	-0.6724609650533305	-0.189102936218199	0.3522445191000074	-0.8948342831112468	-2.0993360592683015	-0.2675034116687299	-0.828518777488485	0.7422375182369989	-1.3436945432744476	-0.3856267796433234	-0.41862149881188876	0.24088182862832513	-0.30005938326427745	0.6985067558890462	1.4393090749836535	-1.1485214708089833	-0.11346292250564102	0.4011379175443875	-0.5544354541392763	0.07625444860446635	-0.7896394523473036	-0.16372420815566038	0.1163989741443473	-0.0774730681088641	-0.49128748296797037	0.6184269418340754	0.1861382551295747	0.02066587573564223	-0.8134928513346505	-0.25271956054029737	0.4535622892758475	-0.0032551338306184177	0.7121873598919742	0.7454054222960448	0.5782505554312314	0.101882859346572	1.0809669351324516	-0.1957795311779809	0.0050106661483948186	-0.15099792086680058	0.27505253330241924	-0.12221206891597564	-0.09910883228547424	-0.2414350588040432	0.3882814069987152	-0.231823429514159	0.27400101586108455	0.011030091140316172	0.40293521333591437	0.14466890549094996	0.280995466851897	-0.3378243735635362	0.02917655853287782	0.5105760164129679	0.10377731793098596	0.24696366895275457	-0.10277731094293104	-0.03911193504456336
DTXSID1022130	-6.17232108071937	0.5415323671282076	-1.6219777847105834	-0.7039650383078234	-1.7078096162745435	-0.37093100092437115	-0.4975213226771077	-2.242997703323217	-0.8310225746677814	1.4544741371699965	-0.1249052743943332	-0.5133903795175019	1.6025706208873345	1.7548340515241012	-0.2893442984079897	-0.09790247115237587	0.3986041620979746	1.7582553048716818	1.2107387596241728	0.2633785237488727	0.37685710899561453	0.8094996570823909	-1.027403847400846	-0.3213407767311186	0.8554059528502765	0.5267908471869233	0.6673172811260741	1.515526521918948	-0.45372225388614223	3.2604785530066405	2.2396924489697607	2.0890529936273787	2.425524474615341	-2.0465277007729163	0.1250157178022782	-2.3273314081275194	-0.06635023039288752	-3.324469678079888	-3.5468195103289957	-1.8162423877006186	-1.8631754463766614	3.5479733688351422	1.8670312789147638	-3.2148814302146222	-1.868461295339872	3.5684948076414305	-3.321742486689602	-1.7160864688268598	2.2761916821675774	1.4566927484648569	-1.4582579159395246	2.3802266939207946	0.7417114824518095	2.996129532630856	-0.8217494699153159	1.5384146590242513	1.4168793880649029	-1.1186503073206817	0.17986059038669472	-2.083696214855281	-2.026910175657064	0.4847902201134097	0.32527887122051113	0.6933199105465528	0.04411911845547232	0.9444711146664823	0.6659325123580032	-0.3404615220279938	-0.9389194946594953	-0.2346090331545758	-1.3638154739257977	0.03751662887066852	-0.09678555803316106	0.6626633291932902	-0.7097232353113877	-0.18892661523025345	0.37947712502299785	-0.08568643969310306	-0.05202752682934595	0.007566057994105995	-0.4476525532232269	-0.6564179950005776	0.33314791621710516	-0.2641204727270922	-0.9504944585977532	-0.003309833008726356	0.5743179995882491	-0.03619697693177287	0.39657380231611417	0.4190886066041178	0.2358506068705781	-0.3783907832919048	0.0755744335349176	0.26400109799925653	0.06556803384110581	-0.3135533398306424	0.04958898806359389	-0.09129827229404774	-0.13199103717892666	0.28507708194828363
DTXSID6049309	-4.709977457862142	0.9768140439872576	-0.373894400679774	0.895810045974944	0.39009011044413167	0.7871823554001094	0.972476487035481	1.435339700343375	0.2577777178009622	-0.07661848666119693	-0.7885336861324135	0.8520697726773352	2.1509292038724808	-0.026139568851456282	-0.41415684633815875	-0.5651572799975305	0.9533205802608058	-0.9861469285473108	-0.06107984803257194	-1.3593818134217284	-0.36433064737031556	0.6057883533418317	-0.07003388002636769	0.9246386142792934	0.009181723854919237	0.4666904807215709	-0.3208834065887788	0.37249816484374	-0.7445237151934072	0.14884793582203076	-0.21027872570724893	-0.09414649481590376	-0.7172297131662927	0.6849088060133615	0.33741527225623724	-0.009284684664886333	-0.7582642323611565	0.5893642314732063	-0.024063651791126316	-0.11671354634289983	0.5628940130650794	-0.07112429420670575	-0.7718701047781075	-0.16706949557395195	0.8109546763258731	0.7274992938624145	-0.7028198745170572	0.13680090092913127	0.014160573203447963	0.5379373063617051	0.4987968114500875	-0.5702047738534504	0.05123680758719323	0.3432224712944259	0.3421735744144233	-0.4466352754326613	-1.2300130414521926	0.1666383297682139	0.6447455020915591	0.3941846606466222	-0.4737858242766419	-0.3894674342499446	0.7752304062053657	0.07248812615785415	1.318182518530358	0.8010616704217475	1.015660916878934	-0.7456810193074874	0.5645791909516805	-0.09005514954163442	-0.5290335141665622	-0.5925939943187547	1.4107967166785251	0.3963321888825551	-0.06353457715300866	-0.03383473745647003	1.0005965418655287	0.017420479645423127	-0.589526421492437	0.20292203370946552	-0.4920302194889276	-0.38359245486406685	0.8554025678611027	-0.39902808171456927	-0.20071778376597482	-0.27088120185189135	-0.7909582090902584	0.1317721202560487	0.06744511595454779	0.13781995075263734	0.27219122826551495	0.6182460343123699	0.5209204294282016	0.2468614907362737	-0.23218254993835544	0.293447475200348	-0.13125598235304048	0.012750622909038695	0.340783866923631	0.49510514438225117
DTXSID9034997	8.122066999666814	5.488382479257661	-1.950073238145227	-7.189619469263336	14.658915814174048	1.212920896030458	-0.4328726063868842	-2.0728005927720217	-0.046621259260543634	0.02543971386005026	-4.1745747247526	2.3290373768587425	-4.628628346847558	-2.2600602027282912	-0.5597305316494982	3.0309071685304927	2.622376894590075	1.5149401808902396	-0.2496325867141029	-0.9358324384271902	1.9074080877165684	-0.23680248293084805	-0.2778703399658449	-0.05360801905666439	1.7033374688161949	-1.007778375430727	-2.4776265158774153	2.522502072590702	0.28584591248591124	1.3565801287000712	-0.11621835392079916	-1.5320319689193063	0.9042493466671202	-1.7128392170059807	1.6917278988539606	1.6224173738673684	-0.23558267399999464	-1.2601245747564607	-0.6465074964813032	0.21276396399398984	0.43527729064955856	0.048359193393888764	-0.8302945051216227	2.6563006445701953	-0.6617502976596934	-1.3838272050343108	2.5237597565904766	-0.2372506941848669	0.27604116950641394	-0.21621703320018376	0.7760674582516537	0.35737232038022654	1.296253478661398	0.038109030502998416	-0.3376506145242076	0.7358120497924007	-0.46325044965070256	-0.733214496365387	0.07482239317934579	0.03151010474622392	0.06258776498145559	0.7966378753011083	-0.15589258945497156	-0.26465994975465085	0.16217086430450225	-1.9363471287185376	-0.9501117898201574	1.044415633031456	-1.6324787456251861	-0.9095051982424934	1.516954540117121	1.3346113567267228	-1.4836622343263928	-0.49156261604399365	-0.1970672516142227	-1.5234005520796579	1.5415333197511032	-0.6634814048604099	-0.07539960295938175	-0.5676534173145458	0.20300620474258496	1.0239969757058627	-0.7013219177839444	-0.3946206073253956	0.4518053464379117	-1.1007931619761526	0.06646804986853434	-1.775509746062248	0.6935456465010392	0.7533171985796439	-0.16840484248167065	-0.8310310222397672	-0.3897039137682953	0.36067225727583707	0.2743251392267268	-0.20764916466471514	-0.6522850548462624	0.5229751753108752	0.37284915504499117	0.4683514924843724
DTXSID3044918	-3.0947029454980126	-0.6736741928565415	-0.22664873560770318	-2.9094564582618907	0.05936715310714025	-0.9153108137210124	-1.447129605770183	-0.5686078468029334	-1.2106483564422648	1.9196436667473173	0.3579014860504237	-0.5108916013670493	0.43464516066397435	0.5672530244358033	0.6411094815237478	-1.5400066204113607	-0.08114657452609808	-0.33415616232485335	0.13223221022830497	-0.2775309898895459	-0.12227613779041052	-0.16778461920403118	-0.36874337302896404	0.8069499461419057	-0.723711282046016	0.3152687730890477	0.2859383281215322	-0.8152533536269324	-0.01922603891547098	0.9241157819589905	0.7711863612250986	0.08730141227066822	0.20946547241478425	-0.6821738786243986	0.5949314396352416	-0.6958660829753501	0.14379186949686334	-0.3626027918561511	0.249357884912171	-0.021030728620768525	0.4416504765949946	-0.10932676514746456	0.42432699163428667	0.10022804839610577	0.451228700699702	-0.46843046548678396	-0.10390867433993108	-0.9252137168788148	0.14677858333172025	-0.694522689604076	0.14910946613242543	-0.7953572329540332	0.12232818585561155	-0.17088212797435876	0.7888916095725657	0.09853014911418191	0.6751768141209683	-0.4922527679042557	-0.22123341203549707	0.7068634803617928	-0.15603843946265378	-0.016731121881689293	-0.04672589017793722	0.051569931613040125	1.924982005247863	-1.1705431156853694	-1.4608088855492443	-1.0236923910321476	2.2166561477932447	-1.0012608780350205	-0.6074749940363854	0.616466087437323	-0.5068566044945249	-0.4777478498973943	-0.22400619542839423	0.16168172318998134	-0.8375697203232035	-0.4227427597994679	0.4096384410613048	-0.2650841681280114	-0.5993853241713598	-0.6336940296107583	0.0800223480655367	-0.6011122791978696	0.07852564561352465	-0.27815168877313823	0.22227129321643999	-0.26281051977389236	-0.4403049904312209	0.23431106836326113	-0.6795591502495658	-0.5411539756550949	-0.3681042318828129	0.12384750074345469	-0.5648123565567819	-0.32528434455580285	-0.3646851987592753	0.33049778076564135	0.07809970407190117	0.1469139982865659
DTXSID4049244	6.306812342399867	2.0029182186825585	-4.3665870225329835	-3.235496123311654	9.018781134831602	-0.11175270237946555	-2.193121360826652	-1.6086832766889243	2.658125031452609	1.7074516613129216	-1.5738588663198756	-0.026146860249833596	-2.4991662858647077	-3.960547419197951	-3.1355029162264825	2.428798435874954	-3.1168167580239965	0.7732160103117525	2.29269786658588	-2.8955696945321026	1.2673486877539484	-2.599506321387363	0.8334767326092464	-0.019333373397386836	-0.15685330619954857	-0.7958676047544199	0.04552650925003763	-0.4136141915753007	0.4002015847753877	-0.24822057984828041	0.7367100566247263	-0.3386768926548299	1.4017484857739837	0.35235784702617945	0.7151252296575757	-2.0751390557683242	1.3328454693829253	-0.20916315660603288	-1.1341330570865813	-0.3687533082869664	-0.48054658640962833	-1.643049817803597	0.15306269921753216	0.9041058277374613	0.10553515519771631	-0.8959554921156017	0.5395185405204326	-0.3017019965563929	-0.27646785505178917	0.9533568560441126	0.39801419566158797	-1.77825534129837	1.7401216818191927	-2.0199676300397744	-0.46870022413969065	-0.8006624806975005	0.2350104141664898	-0.3399511119067015	1.0704137649638958	0.36438479772364496	-1.0653040374801095	0.981981055528546	0.09275924653979524	1.3072191150794235	-0.36085120359661343	-0.5924404071710646	0.6067728082217161	0.8114138663601853	0.16070113280653298	0.2467136642684658	0.29578729121043507	0.8373732840953682	0.03862213637271769	-0.9439379191570125	0.6110447883137208	-1.7074382666212184	0.7129372112754233	0.10426222053031856	1.1817367952413542	-1.5360535450604853	-0.24541713472714863	0.8438710270720677	0.7153994829550299	0.218111553976095	-0.5225311429139087	-1.0383694337541998	0.9970011609721576	-0.5025466526930304	-0.8612042870191978	1.1224447496509593	-0.4360129776715342	-0.3665429918456173	-0.5527608768407708	1.0182592420839534	0.07854177421624475	0.08470416330938753	-1.3870010118637994	0.12113699837339935	0.4490756008829341	0.3718722165302387
DTXSID7025215	10.845276822929241	1.9390198127246154	-1.1125644430297141	-5.821640721267859	12.269638396585684	3.0769355519220034	0.41411758660758513	-5.546355058899742	1.9045772872784146	-1.5311914594111242	-1.4457047782692916	3.065716541567633	-3.4313523225766325	0.0372775967265313	-0.9477777499292402	3.0549238037541753	3.3982316650469406	3.6302822954100296	-0.7455033395354356	0.8184580327020194	1.5500321729363769	1.3278317073203214	0.21256087588740535	-0.8226308212827758	3.060351211694303	-0.15502783162650263	-3.1882909583128574	2.5623032486724973	-0.28666279476981965	-0.21400016943259925	-1.4585644588135704	-1.9489270737463646	2.778785587565798	-0.13998679257293187	0.8330904796496568	0.19497540469014535	-0.07189407034555559	-0.6926684355737979	0.212713460917924	-0.1948130239333295	-0.09055375030785878	-1.1414375631649816	-0.7335455019346986	0.27211150399454836	-0.9265459975793299	-1.2900236423289615	1.6893895623996689	-0.19371360260895665	0.6032194343289379	-0.33870677645053904	0.02655505087412921	1.0256994853656953	-0.40431610420076375	0.02198647102564396	-0.2972323135272122	1.6161308184005683	-0.8113135933975486	0.6556574750147192	-0.15926026989747827	0.6234542413347713	0.9831452307841853	0.5469386403720594	0.08095436097860616	-0.665330380669541	-0.9813159999858484	-1.955069793589749	-2.0600457911713486	-0.05300363754306581	-1.4831737620978749	-0.9925119480155451	-0.010557486278025156	0.5407595183406392	-0.13025814256843746	-0.18373767307854544	-0.5220867141681488	-1.2368377249037352	-0.264747032944134	0.38780890079046654	0.2890193618705461	0.8247545235440581	-0.5601100928154799	0.016486515338338024	-0.9186770521917975	0.4721878042260803	0.30961741595955283	-0.19424706251199028	0.5767924739571637	-0.6956948313539321	1.0263103066846184	0.41712492331110407	0.20941620486256418	-1.0416492835525075	-0.347662877352725	-0.6079520574324043	0.799913359194275	-0.4299541639056548	0.3271294899406872	0.6399702800588427	-0.36528788574956855	-0.3967999904613021
DTXSID0046434	10.328472451856749	-2.4215143058188175	-3.2217620985418605	-3.4669075266519647	-0.8261975898801679	0.8849552767671516	6.1340293441393925	3.6959336928896023	-0.10196756206864642	-2.9060857923306163	0.08707457805187507	-4.1565176615857515	-2.0188475049849433	-2.515824700655108	-2.0014549623569002	1.5941632167523776	-1.9602026798566607	0.17751559880205472	0.6066579098640341	-2.1275432540830588	-1.169434572387585	5.282795393362585	0.9644051215696975	-0.21686416918524276	4.067317682675697	-0.39382882933594393	2.3735091791532126	0.9812816345007115	-4.987570192774757	-0.6888663413298097	1.3570372575064686	5.308935563325978	-0.42290470615961817	-1.4679635325465386	-2.1198889618582784	1.74744841988953	2.751655283063666	-0.6183779494503522	0.6041174388875111	1.2765943553997763	0.061020091468479795	1.60563756269627	-2.267844647616422	3.4124008144579223	0.12608501375522455	1.6532949571738207	0.39344342853103886	2.2808117064546933	1.99116558317779	-0.9632963228175702	-1.0798338599837396	1.0493428604684285	0.5174292103081818	-2.3079670719372793	-2.8880552816122163	1.2745538140343626	-1.5250235902270854	1.5076274991602978	-1.5782792288724001	1.723254761505361	-1.212735576820943	-1.0621650345266824	-1.5098496838400233	0.5544578168184868	1.5534637571043113	0.23969744272315943	-2.0905606570540707	1.036545086866823	-1.8313204242694343	0.03230712617997494	0.042227450978202005	4.429830428169063	3.0169866065477158	-1.5448307075412586	3.6006579436430406	1.211430295077606	-3.9700086595229878	-1.829869911809173	-1.014403282567101	-1.5063701192502545	-1.0659524241305933	-0.6944971507708333	0.20234748759469134	-2.5887500340529845	-0.830856337505238	2.7586151727491446	-0.719938181116976	1.8987909778634797	0.8393740268001626	-0.6472146849385355	-0.21035720388912504	0.16828916754112389	-0.033375639456669354	1.304873699819417	-0.18778103915119454	-0.33945001624371407	-0.18582886102129315	1.307839171928874	0.5942745985401194	0.3145601199997142
DTXSID0049028	-3.1472507754821706	-0.0282939921623803	-0.7551343127532987	2.2577315827549174	-0.5451308120394089	-2.3986507412797664	-0.26396463367438144	0.42630422697892184	-0.32539043499092946	0.35166613525806334	0.6032240080114818	1.0226182256489438	1.529622191961602	0.5850371277625374	-0.9087089353089945	0.9802894893380277	1.821711747454447	-0.05550467941615383	0.46260220769451693	-1.813032409927824	-0.5974930038754367	2.186484567364272	0.744009568431466	1.5641581105010856	-1.1540135029322844	0.0698030988288748	-1.731753004399722	-1.1186745060053114	-0.46202619541704815	1.0578855424831477	1.352610784964101	-1.031966340779109	0.04056508327396762	-0.27412998363746144	0.6817465948194004	0.31909807342813656	0.09965472601261621	-0.10799628653520744	0.4631529119468094	-1.0702069595128951	1.15453008555932	-0.5006655081770426	-0.6480175158771253	0.011874309994003815	0.5866110008122397	0.48707795114140817	-1.3355374556606507	0.31289527353231533	0.8827823708228418	-0.5320060661078856	-1.0165124649222739	-0.15896942985043988	-0.05771846329397675	-0.5068774071370101	-1.0338514676585007	-0.41914474644097843	-0.9640779581363241	0.7124138536891019	0.11621309796241636	0.771688092657884	-0.36537474919231183	-0.27697096105183266	0.20624602014707485	-0.7226526761814314	1.5056888530865349	0.8669688848290371	1.2363876769776563	-0.3453406706462898	1.6982534024829494	0.45023640341180865	-0.3576651181423763	-1.34842160099492	0.7631173398717196	-0.3613119523203014	-0.875973087490968	0.7724821026996894	0.7303855509594208	-1.2099041816457865	-0.33255048047110836	-0.5307069639736317	-0.3041925845617945	-0.7564572576071386	0.23793467080529532	-0.12769095858044602	-1.0777849048689032	-0.3204293208996072	-0.965628558659054	0.12236743556353585	-0.694066211812768	0.3169376149901751	0.4894780807788112	0.6482797441263145	1.0153921744170098	0.6604069665087104	-0.32096888879891156	0.32593852537940576	-0.31297943900394415	0.2628384005544421	0.05104752640766422	0.43124329979852344
DTXSID5046564	-4.719480746699978	0.708320496005001	0.7985150337862668	1.7733451143222287	0.9166478175204574	-0.1500686046161409	0.39086439677033236	-2.0234340372456168	-0.49839520549393423	-3.3253275992082676	-0.9330901022269061	-1.7043392342046848	0.7855772124783783	3.70260377123145	-0.5793341577590265	-1.4380349628790452	-1.160222685420853	0.0661290235272514	2.8990348291163115	0.7968964428296231	0.6892028321743522	0.7701237987101498	1.1072168584542221	0.8886715595846486	-1.0791828517205968	0.44167836580862607	-1.113969357703152	2.841715877309859	2.0790970916458567	-0.9017742385431193	0.5642710946022521	0.014591939758816102	-2.2873870290034826	4.151586189322054	2.3714973212898793	0.7006804075014447	6.34989967967075	-0.7709660440614842	-3.338498755969061	-0.9167297514327708	-1.0844136484450206	-2.774883407966199	-0.14526656865132517	3.8432242020716743	-0.9205547793276924	1.3539210822518524	-1.8998328402037197	0.9526574749748482	1.6119955046735244	-2.238849290626911	1.8546753770475175	-0.5110522514622527	-2.149914493283155	2.285238901222907	2.488085836418261	-1.486864887062131	0.9364915331979395	-0.979843752379066	0.28010996569339525	-0.14694468642078723	0.309078780207682	1.3268178924445266	1.0750125646395763	-0.36441478750584244	0.6606605967046632	0.3320851981852034	0.4089652243411946	-0.6409217389925672	-0.6232550127878573	0.5526595734596977	-0.4367016335485687	0.24218489978616553	-0.14498175797377347	0.10314249738703406	0.2547908243073116	0.7458919991516911	-0.7802294834721117	-0.215812604424256	0.1845781182746431	0.43765366630728497	0.11704790829762465	-0.7777114384187988	0.175486444762585	0.15947596070458972	0.12552540172828475	0.7076475916869438	0.29241280228767447	0.0009767061690120744	0.2275865904079658	-0.0910390977310846	-0.46546799675605266	-0.22097689975435214	-0.3348599979158941	0.2576691266515379	-0.5457279845552668	0.8170361503032976	0.6010521072196361	0.7250919960316546	-0.08605347142809665	-0.20701642458582467
DTXSID20337446	6.546431055051275	-12.483447435173298	-11.814412510176775	2.007228223331208	-2.75725316617563	-1.821521071355348	-12.071941072409517	-13.993456248312445	-2.454707638529194	-6.531550933591507	-13.897396092810904	22.438416211739085	-5.352366560973008	-4.997460462202474	3.398474436354595	-5.780342023445513	-3.526197519311641	-8.93249134608518	-0.3195389032912673	6.074328208170052	-5.280418670568949	-0.5462409344199806	-5.743417721405127	2.7804801035355236	-3.120595498120006	9.582431437188566	3.2421532348366022	5.93863457000768	-8.261092427575262	-3.643285689728567	1.3206693879823939	-2.3656335060136287	-3.556996924074585	-0.1817290095509382	-2.7423682945782026	0.982247469197094	6.003879006759295	5.4006336963863255	1.392632646001404	7.883505301650865	2.832911218511915	-0.4251061445125292	12.938918648194663	1.3724881587712927	-1.9048183082848502	5.936967501759918	-1.5289412678274874	0.3038985008724884	-0.09141852893712188	0.304790052739919	-3.7685576065180735	0.4266014061640839	3.536930409272385	1.1946214903077423	2.1596164575188435	-1.8253504498359656	-1.0418510992472207	5.4747627162686365	-0.8703068530297	-0.45032945548256614	-0.026715575342830044	-1.8063820090769789	-3.8074170492109127	2.3145210278915913	-3.0772196125243703	1.017149194493864	-1.137793773332467	1.2458031035516381	-3.113418925852951	3.009550559410481	-0.4733185008472815	1.3256031339706476	-7.263757613347754	-1.6273123435015602	0.08694106410010831	-3.4967175187595365	2.94095035666591	1.8974035016906017	2.2167628003361415	0.48057511004592324	3.5086602721615514	1.3514354785591294	1.6069134528238336	-2.1068853605662965	3.2754385741150536	-3.055298240023985	-3.890227670438998	5.912379829050331	0.2906780741830011	0.020006660260191104	-4.724994465188352	7.130538335029063	4.9212381101853	3.026003014556139	-9.469858630079322	-0.06283653564488374	-3.987225923034098	-4.520697808688417	5.191773730472723	-4.313252441546924
DTXSID8049335	1.1102340860171083	-1.2467873096907047	-3.5253588162566816	-1.6864424821812634	0.9763422398329061	-2.470198810597465	-1.5241201692191857	-1.7372137411954198	0.7201328242703652	-3.021437838037555	-2.5056245228739225	3.115947352375271	-1.5574064400593797	-2.5831157598277796	-0.39815290708446227	-0.10561702180599379	-1.4850052449831193	-0.9199838003774926	1.158617922803553	2.302613491510542	-0.02444140678256685	0.37168763746100236	-2.4150722134501956	-2.412546137388514	2.8006577752555293	3.593662513008861	1.4023533451503156	-0.033848329913375025	-0.47413600804042694	1.098635943069406	-0.39491154229293374	0.5645696218945644	1.2222673308665368	-0.23937905784651742	-0.9906083985113755	1.3690675982295895	-0.7881380613178722	1.5945034952398538	-0.10235362732013138	1.0400369526787268	0.30076840687809847	0.47845505603883426	-2.2358009502415666	2.4192098913603624	-0.35473923076385944	1.9198096979008903	-0.83326976672212	3.0578393290991297	1.8638343981871333	-0.9938002309387132	1.5404839634786258	1.236747857935623	-0.7681233666781183	-1.5560619700083205	-0.8634094317842014	1.0983062404429955	1.2692112161222298	-0.030583952125778836	-1.1211259052711635	1.0647736170605728	-0.6838143059943507	1.5599156405508177	-0.565267689282209	1.1594856605699346	0.5277647194648981	-0.5553797205530754	-0.36516275220812966	0.9986569013980717	-0.073663292674163	0.8312451279925451	0.5129977123486267	1.1629179011997393	0.9788882557371095	1.1170606700132921	-1.7821171606889432	0.08999657108908671	-1.3825631275300496	-0.7537530682454703	0.918181335818401	-0.4880527184974936	-0.23359384042707823	0.5334745762690417	-0.5509038319977322	-0.33731257222673394	-0.4195833752060899	-0.27944259098831137	-1.5044109139139654	-0.7994669906939273	0.09392935209428983	-0.4996102873750153	-0.19818913055306892	-0.2748094842729128	-0.5033257280306607	0.5728594408938531	0.7141030829233265	1.0724643139846115	-1.4374110759215353	1.3013025725241893	0.10565299622012064	0.24766132739086422
DTXSID8035186	-6.656341153123828	4.666851068554221	-1.7197537113805998	1.3174610000587101	-1.4149522976173208	0.4762014280218215	0.41461011338676196	-1.3834642006377682	0.5063445945014493	-0.35907438162565564	0.32160077291195854	0.128075238245573	1.6452427071550433	0.8327342696090756	-0.21291054808862392	-0.6813414163644067	-0.47454368837640326	0.49279955644691564	0.7021840717860369	-0.09835886508236304	-0.3323977132484792	0.13040027786190111	-0.5575609270473767	-0.47068444713419183	0.8560461497193442	0.6267996811554146	0.7468403331992137	0.7289154948301055	-0.2068526751381632	0.7962746562805311	0.08216661573166115	1.092472204818747	0.17531397400531437	0.08916743525183249	-0.022034468258512473	-0.2059780078707871	0.06592006768950617	0.30726430663953047	-0.32310862305339016	0.4528292887765629	-0.12356859923206395	0.3050519584467831	0.04587109759571059	-0.4654125647491739	0.21789933943680836	0.05729395575485571	0.4737635745713281	0.09671116309335266	-0.6845532986279256	-1.1488804272151787	0.2641877322512771	-0.48616962218874343	0.35235207989050793	-0.44446534680901767	0.225721518945391	-0.11346888625411557	0.16716132322792243	0.06723674721727464	0.08371915963534371	0.6498886449846182	0.810460427413745	0.18190007809874165	-0.29005494384139413	0.2224632638057773	-0.19121553736880934	-0.35905998241022025	-0.20763321186585726	-0.1562868956904928	0.25958941742439134	0.7761709290655319	0.4425054222526211	-0.19073662202815758	-0.13234909918323573	-0.40379129817134396	-0.4342114819346552	-0.12347494636161534	-0.5320768605833175	-0.21362663701647064	-0.8769506363193104	0.36509217947357203	0.6808988897716713	-0.13307047761588786	0.05067095982945637	-0.2975202614530953	-0.08579660107898074	-0.09123242347179018	0.36621234948316217	-0.2419659359055425	-0.5028545100086597	0.043467481056092	-0.2522237445902938	0.7948281307410447	-0.09661469666916693	-0.1314390016465543	-0.10941427680675817	0.5674517851864606	0.5123892563029939	0.18015023700161903	-0.307740990676319	-0.2930356393939574
DTXSID0046727	13.979640483857615	-8.476624123544857	-5.190102444867935	9.310637636277423	5.162768044988463	3.754428860971554	-4.313764295020449	0.3680153132314398	1.0921365186050638	-6.556756348855236	-0.1538381130196182	-3.955286776577983	-1.408481658297559	-1.5864723766672453	-0.4232159454196877	-2.3194239530260914	-3.1154030306744835	3.9649371548486374	1.5330494110404926	0.6786424179434644	1.739006931476542	5.689148099222782	3.743445665793299	-2.4501661152064766	4.214257941791562	-2.8331016968001825	1.7206580940983212	-2.27521116649145	-0.3631748850189687	-2.836414638553933	3.648012524004984	3.107374513085553	-3.676505872457856	-1.7549624482066526	0.3760096012641826	1.9244158129442281	2.2776608066486967	0.18929313286276292	1.6996532442483467	-0.8194956620580492	1.247843263748193	2.3754952373121885	-0.182209833424195	0.6615544809225148	0.28542802486110275	-2.992349819073025	1.5468332070741466	-0.45501160547705144	-0.8121689880151713	3.375627537605894	-1.343660827339808	-0.392973058033921	0.235355438112227	1.3061465014290172	1.0865625042038085	0.5797641331367417	1.2540208865141804	0.3598488384073792	-3.973164703262171	-0.8668558766161792	1.1326607378066682	4.395389746386067	0.407394084620226	0.07754226058502381	1.4067410061997305	-1.875135695671908	1.7914654033017667	-1.9264464443234297	2.038095439917921	2.6030125132602677	-2.38278165630249	-2.3073820754906094	-5.139449381923774	3.3795400025218156	-3.206960666747619	-3.3327150965977035	3.9607397896437044	1.3609669559529707	0.9450759269174661	1.0242624624204042	-0.5484886296116196	-0.9373881452501897	-1.1168359593520516	3.186165477249015	-3.5681320699770955	-4.577023986671331	-1.2911849874612498	-2.5769874722213126	-0.252076456067272	0.06010136611409655	1.9500168669617486	-1.3053410660532205	-1.0795369883383932	-1.9879839402088795	-0.808874473623645	0.3455586684297147	-0.7736675425754292	-2.3374896261763047	-1.0982702195026957	-0.3030082580157545
DTXSID6020777	3.919217268888858	1.733673691463616	-0.71981510687159	1.6457978149995898	0.29914661165765477	-0.3349467057085256	-0.42534693401854806	1.2029323096085094	0.10094594017866847	-0.8513931123131752	1.031214775204798	0.07566111826725047	1.3208104498924274	0.11499818877824675	-0.3216903656016225	-0.15895041765865717	1.1321451276474817	0.9074626637362463	-1.0810567215068678	-2.092967145299937	-1.2853207745371915	-0.14108205555421835	-1.7470718804659242	1.033742055031151	0.7388290090846547	1.40775027226492	0.5398977273510372	-0.38428122218148725	-0.17575930390523858	0.694384545491098	0.6394984255422708	-0.34300398014693934	0.23520164363112142	0.6415459365610431	0.5720436562446839	-0.2550587754755853	0.41919809412251646	-0.18799539996719747	-0.36066306593779085	0.8360253524466872	0.8594457470704373	-0.271634615924613	-0.40034022999959096	-0.12085761321376445	0.15893815131154013	0.1347540612157848	0.4561189641374688	-1.1881425782019057	-1.7060080185314352	-1.5062847842345821	-0.8135051204294488	-0.16208606885576593	-0.6877768215845134	-0.04278979261953931	-0.9596510236852751	-0.159265717878405	-0.46455276745393453	-2.0025732059097767	-0.35866138888692084	0.5179525993792954	-1.0044916067281178	1.4970703054453907	0.7220456920087556	-0.574069338660383	0.9235799876000214	0.06408392933754085	0.13257967757385142	-1.249681916274266	1.5967937339659273	-0.052523013560600094	-0.2313266610060714	-1.1272128396597574	0.3229315046688256	0.3415903863400194	0.3748194818329891	0.7709662706775352	0.05891013403616298	-1.0784661302749325	-0.4914943267017314	-0.01897177730910623	0.46624761523167324	-0.46693734211686166	0.18214696052566343	-0.7794278851709845	-0.1272370303372631	-0.7783581573520744	-0.5045869754175907	0.7331031458012573	-0.6227741453263533	-0.30636273889502647	0.3548359143068865	0.3707567359307594	0.9393087890815828	0.8629226569667239	-0.5383677750858616	-0.9587220332001507	-0.05086761154208072	0.42619879608559486	0.4799451939481727	0.7739075689343704
DTXSID8035180	4.810524311091843	5.518010106719019	-0.796194401570331	-0.12993884140318668	-0.8412889361981017	0.6731893603328803	-0.9588273110526145	-2.5277867293779988	2.3399400818916174	-0.6347256097646258	2.1376894981830343	0.6022622226903553	1.9631806422886957	2.4888260701310645	-0.016196859941065175	0.08457790776754129	-0.7996752834357068	2.56832447256897	-1.8766774499684054	1.049274955546877	-1.301279570499188	-0.8902074481555472	-1.938538018524433	0.07857682364679079	-0.1077926254794354	-0.724271703916096	1.3349795833759928	-0.5909541223185568	0.005111954791320643	0.6660081509258905	0.7641454325992749	2.0375078097028285	-1.4831219060715104	-1.354280264036469	-0.08202876579282496	-0.24331581063214083	0.9059411056344218	-0.8912745065350482	0.9170439180131295	1.1662467006537887	-0.7960613763623908	-1.0469187836153462	0.11117749009977569	0.3739771034618186	-0.31069033426156856	-1.4548267660292455	0.6589340473995123	0.7560167088153228	-1.6178547860412027	-0.7985645348443915	0.349824093061098	0.9682109939802553	-0.12347031773657408	-0.8304128950195608	-0.3880352370985592	-0.4931276197954528	-0.34473655628917205	0.11650927959673812	0.23176187494777528	0.17272474225186102	-0.34223590456471475	0.48569811932343604	0.7771589807914776	0.4824261277616268	0.2876214968791762	0.20757219961396337	0.664724964296523	-0.056800925438112	-0.585388214921232	0.5910228485028585	0.24112851764693113	-0.35644891121020295	-0.004098068783936211	-0.8971603762762821	0.3497740035177998	0.04469107454244801	0.47146308139820303	0.3760047367633209	0.7181650432298514	-0.3763860354133712	0.41302052500328085	0.017508976342742306	0.06235811588187163	-0.17157532049933655	0.554622085417707	0.337719888287767	0.3255025128853664	-0.26097670323373023	0.17027637921789027	0.12487137989122458	0.18710544689160805	-0.6090781817060786	0.034808463872181936	0.2737921571902102	-0.14411786034435536	0.10394162617443088	-0.15747012808348765	0.03136320467464983	-0.26363907629065003	0.12384004157187467
DTXSID6021246	1.788422552124772	-2.3858803131773656	5.211309088715266	-0.623674976070461	-0.048407972898769955	4.23669509343828	-3.850477877886414	5.568071479968172	0.12257503816286577	0.3074833138604079	-1.0474639338735903	1.9718453315701447	-0.8654813034980388	2.9927551717435006	0.5781622264991662	0.8700833276796509	-2.5491169221729324	1.7688388939764548	-0.4572141761325627	-1.158064965484956	-0.2569298374084068	0.8043681858309473	-1.4652072535448422	0.4228029527952014	1.2693083521055206	-0.3402580516475922	-0.52767682542868	0.5318635026482098	0.4617540190724614	1.9246572115152898	-0.8115115233970968	1.320470610964763	-0.6358317050116499	-1.0556289256965392	-0.24139835588352948	-0.5380345856475545	-0.680355895206783	-0.9500219266444714	-0.6543585274108011	-0.19949166370704238	-0.8743709940849054	-1.292489468028608	0.4721641478619553	0.08184035657783098	-0.3219081458899218	0.38960314521963463	1.1724959226044815	-0.5908522675369329	-1.2325152205510643	0.853384564210575	1.2353877681777006	-1.65019260083769	-0.6732276083814692	0.12135363164749777	0.13241817355551677	-0.9146320137294955	-1.4425144208859206	1.1103344989570538	1.6446283468882243	0.9760160071482028	1.2295568990731722	-0.20618499701614093	-0.1996783922244988	-0.10509810756837545	-0.8679948524643767	-0.1919858859343653	0.9042571812753403	-0.9356291396230061	-0.0049564463897075325	0.9524333054728923	0.9845688140950574	0.5473361283007872	-0.6182236927131513	-0.7123488233789702	0.5270178484867355	0.16197355894960472	-0.20419939498877843	-0.4584355564270489	0.5050140202141521	1.0507968483733958	0.3590219742422459	-0.2540769475442939	-0.7787270698774572	0.05832243240825164	0.4755086037002044	-0.8678577536841999	-0.5214362600562571	0.8817047695930168	0.11807022326455313	-1.3870674093163362	-0.009241764139101447	-0.1709881728243281	0.13491942279206515	-0.2551734720149653	0.6038031537765038	-0.7770043233565999	-0.4376238506547948	-0.23957569761860184	-0.34663361344846194	0.6714875564509464
DTXSID4042206	1.2116477354815383	4.995933993994972	-2.812395762397181	-3.336374722246638	4.5366556991625	3.0216972042872374	4.452214324177581	-1.5193492961580755	-1.1975674593839851	-0.8377924139013712	-2.8293435587916447	-0.12069820564150427	-2.257957242332011	-0.8462671658502845	-0.7345505925439513	3.660817559660702	0.2957013756091193	-0.7763232819247968	0.6418369873846717	-0.5153961173233101	-0.8524274851741367	0.26615687817017103	-0.23363432133072518	-0.4268196203616892	1.533287314771966	-0.2644456792908028	-1.668517706311636	2.0435991938835993	-2.381932410396497	-0.33505731498325314	-0.07892743049552613	0.45935257128814894	0.8279655295648602	-0.6501923581004774	-0.6974662853839007	1.0898006448340707	0.11812991762334918	0.026688652072110835	-0.22773224405092035	1.2455736200035268	-0.9588368099095645	-0.4889364243779244	-0.9372599480910465	0.6850406340264016	0.024148589493908728	-0.610514246984591	1.3871740974085456	-1.1486429633145332	0.3349559991471734	-1.8059995862220186	-0.052223661596762894	0.8567591424539015	-0.017678052590676854	0.9267761440881432	0.9934166072731185	1.008948998191525	-0.084795155282941	0.5681127040345233	-0.17704880148290847	-0.2552917490163735	-1.0061606776010208	0.20150819434397227	-0.6763170652202047	-2.268700798709651	-1.165507909772293	1.0300545658786342	-1.3625309107870418	0.32583426678714655	1.3511886643035662	0.09659687678762752	0.2820951204690885	1.1035339687885704	0.03889069711262735	0.3218563315976586	-0.4245329354792	-0.27286311458427853	0.05514905631459145	0.3575999337701543	-0.14582490309814977	-0.09704407527792087	-0.3234967436194067	0.20679406756345878	-1.1336314168968342	-0.438849294019805	0.40757280265901086	0.5694162625974121	-0.15801583844351194	-0.41093860023903717	0.37917437138438354	-0.3868669848441002	0.14486941204071427	-0.6139744318174494	0.24539781401094585	-0.4239363633735354	0.10667003565512662	0.6712986047303804	-0.3122007318193398	-0.08186792319920651	-0.053842504390440596	0.24197866325479395
DTXSID5046148	5.83292123010402	-3.876906479353386	-2.650001351204753	1.354398747946201	0.5162427970400474	1.698418567992439	-0.13753464186108963	-2.5504362201183834	1.771795640496821	-0.5269548861460386	3.403276991838661	3.2860540771506423	0.2693311991651824	0.20459495332654742	0.39794704132369413	-0.5623132247633957	1.6351556709736113	-0.9878401405363351	0.6161574195131189	2.163922372065776	-0.4615303714234886	0.3065335861898075	1.7856788409253126	-1.437698096936657	0.785789409589138	2.119915681505936	-0.6095433175290046	0.4483250906500196	-1.0812222669393288	-1.1639489995725925	-0.13110961073470778	1.0131495571106992	-0.732546142046495	-0.10138518722129591	0.15383942708048956	-0.721598376089761	0.3904586782171798	-0.8661833658641446	-0.016827686968871637	-0.3373642464003423	0.2873114138533278	0.48778109965395194	-0.36637904132327254	1.0307035624474	0.3121015902293679	-0.44433037072024284	0.2690443805598319	-0.9079872457762223	-0.9068727400030744	1.5667577486932802	-1.643604427703795	0.4763277539600629	-1.1715815277198804	-0.8223228354957243	2.158280103858472	-0.6446427154740303	-1.3770785321370074	1.79252729581603	0.13015650354530175	0.8708849713864847	-0.6887431737963012	0.21139737428559932	0.9255462915618416	0.6247370878045703	-1.0263598547902655	-0.0503186494421786	0.19568736118897878	-0.426266149200584	-0.7128403560802341	0.6265948552353072	0.0422518700523955	0.5104088647290183	0.11858938587629445	0.6841843099546695	-1.6497994447682585	-1.2905286705242927	-1.1507292358584535	-0.8743479584070972	0.9502723242503808	0.15866775118460216	0.4780594875276391	0.9135071862883237	0.112207309549255	-0.7501243608390089	1.2158505189321414	-0.29916858597357665	-0.12138102312337562	0.4247214089432846	1.2229862751161447	-0.5464314136679079	1.1671451133759452	-0.740045528244308	0.36649667651141477	0.9482999793589022	-0.3004322329674535	-0.8579656597319382	0.5101351379635385	-0.5092898903932734	-0.6081389492376755	0.17722955769933066
DTXSID0044993	1.46015804208336	7.659852993768957	0.7294341899196192	0.6794468619604455	1.4733859905414946	-0.6149095631645336	-1.5169476932672719	1.4230877568222264	-1.5070120294153124	-0.563386664078988	-1.8767423180738214	1.484112737730271	-1.5301443675876918	-0.8848637676458315	-1.192851072895164	0.6966664730167647	1.1546025092401957	-0.028537330333243474	-1.1717343219941665	-0.587025244009307	-0.16263059304491947	0.35157161035241574	1.078167441895972	0.630848504263057	-1.392039857775746	0.7179584393600412	-1.5870735541664385	-0.5610268057947063	0.054490872449617846	-1.2479243571539538	0.42105677997854	-0.4656541215709028	-0.33265732950438365	0.10748893858333146	1.2950124175237334	-0.34993350575417825	-0.3220529830861421	0.20942072261274894	-0.5182730967560774	-1.251949215022591	0.9476246781314825	-0.19648803398919565	-0.4854526217905357	-0.3542857192066753	0.7908018319056829	0.3141489634410567	-1.427431912254326	0.585351572712046	0.36838336620217027	1.2577442145707503	-0.7990953806052631	-1.021458363980349	-0.9133478071635045	-0.5169324449900791	0.25833348147012486	-0.6003070969972725	-0.2130151818672764	0.2532369460183223	-0.12557254448360933	0.605255001161055	-0.8642150976343989	-0.6417096564658039	-1.3367556373447633	-0.2529926228852324	0.8140370603505428	1.1505481835303806	0.4982982409177624	-0.2751548342497125	1.2926125588619155	0.9179384114050976	-0.8673310704581775	-0.5052136644847031	0.5466379669997227	0.12839964123562053	-0.4934300368662568	1.0698940704998323	0.5637092080622348	-1.5943735699164179	0.5510915896751231	-0.06062939796018906	0.05429697108559627	-0.7378888401564029	1.5731135161937715	-0.6348412941975989	-0.027068106333684804	-0.6264863850720231	-0.15672350369394186	-0.8434340544533793	-0.27238283683291376	0.2122030365595203	0.32887094406182554	1.481692251748139	0.7967029375684864	-0.21575663679752885	0.18347242416152804	1.2593518065985378	0.4584930634608394	0.1129561713587	-0.4586324147839141	0.0628459379786127
DTXSID4041153	-5.83907927432739	1.5734269854733869	-2.5903387834984914	4.080068429655661	1.0459158762984424	-0.335365326352043	-0.03112080570312132	0.3671092209394635	0.34812662832611074	-3.2946129854735746	-1.0887139809181392	-1.6005339577846727	1.008797629000321	5.619236177399888	0.2258608631833048	-0.8794352285220784	-1.627333383958576	-0.1130701398636624	3.3242806495240784	0.5141498342281365	-0.032018851719071914	0.32243131238382056	-0.3382172776657981	-0.040201535343085244	-0.569315851036606	-0.536684106419302	0.07206197795551611	-0.4901306927579	-0.35388321056471433	0.1849931992090145	1.121063457320528	-0.0006583040981084018	-0.6929262710942681	-0.5732287790000522	-0.5611656275715323	0.9127925928829315	0.5926696275245745	1.1847177625895788	0.2434353742198712	0.30493216573649057	-0.33295939455193685	-0.08751252515954713	-0.5494332982502472	0.1752089860340357	-0.14119089267362195	-0.848429440386687	0.18432544067469808	-0.11590773108214854	-0.13373486458869452	-0.3484227616586845	-0.6578298249721917	-0.06819291647691858	0.32165740998493936	-0.606347645978427	-1.196931557566481	0.6816337513727265	-0.6285450358494612	-0.8715013191882611	-0.34466520761493463	-0.1803949420040185	-0.469819418747885	-0.48888880079067754	0.4291997339001185	0.6762178057913356	-0.17977454455570738	0.19760152631995068	-0.14663339396805383	-0.20370916593209817	0.00037945663289301905	0.5030564303082912	-0.5031907610592189	-0.8943779885311016	0.05653096458854452	0.17363928238606313	-0.4203478649551729	0.37134712285120847	0.41466239740365946	0.17467253899263965	-0.356445708890794	-0.20939361711459858	0.15247224895423941	-0.2851073919509955	0.15209640682666442	-0.3471880589405954	-0.11304968025007996	-0.3973807838112462	0.6291198111998458	0.49371506186142483	-0.09061882010273478	0.13536810774608857	0.34411813346407083	-0.035241626057930166	0.21853592886698522	0.5032345063280947	-0.4757911929886878	0.13913718166106315	-0.35165104206275033	0.03515834413280575	-0.15499247306593023	0.5599746677678793
DTXSID2026496	-2.1932152458709733	4.555303135006856	-1.7211523488835747	-0.21902399868590222	0.1372697634107002	0.5169035350602998	0.6378860711505341	-1.6291380575890877	1.5722235319225826	-0.589492907630629	1.3971533310906652	0.45719895210048506	0.3421174319343282	1.2054733205057064	0.6017667524310095	-1.0076565579301149	-0.7810230600651706	1.024933841922356	0.4872195097601026	0.6712416874396382	-0.7953903906148329	0.3332808112057388	-1.156994309335899	0.09384710116095547	0.19443413140025972	-0.20962219344924146	0.5183281989621558	-0.16231960835444492	-0.46908821913474474	0.10095852522489172	-0.12071811453530606	0.7932437217218029	-0.1543104786208118	-0.5823094040902348	0.0346030004083914	-0.4779847860899568	0.2712805656973908	-0.23287601640158004	0.45169727289266776	-0.055765282019059025	-0.1740229111368199	-0.7659670422562482	-0.16427908381411727	0.0708119977154469	0.28807653231487057	-0.6049959066372833	-0.04386383363272532	0.07354484806197029	-0.14324067854699962	0.17821255197270505	0.33187005407281134	-0.020516468373111215	-0.09528353809180591	-0.4663144525059863	0.2859747459217498	-0.2637458808715639	-0.9638589250715187	-0.32487827933933877	-0.36533258470062135	0.37111285182853765	0.10491882822173419	-0.26003076128540153	-0.2942108777959022	-0.2134218571827529	0.18883237559431634	-0.13043652462178673	-0.10317382972052143	-0.4775638838605156	0.09969515612910507	1.1762896652394692	-0.19229404250555135	-0.44601939078176617	0.43442510113975646	-0.23288537272398052	-0.38420247758919596	-0.29987986179154696	-0.12685515283979545	0.21624287583427274	-0.20675378219895316	-0.2103021559396447	0.8231373659690309	-0.03454067958389021	0.10405020561490606	-0.2904587500472563	0.44613578425571304	0.3412258537686831	0.1685555318908011	-0.019632847299245047	-0.626294851666642	-0.003946954888068255	0.1313766534565954	0.7362989640018478	-0.19783504619848552	0.28634277086564175	-0.30979555526179936	-0.4540658438295511	0.5703497323405834	-0.09325336443627485	-0.3796191537004676	-0.22641920647966066
DTXSID8020200	-8.90674589519135	2.8685434952150755	-3.588245127937953	1.7878532205824156	-0.17648395324753635	-1.3101521034239358	0.054837498592054806	-0.13030135389871614	-0.9567395521849702	0.5358127487286893	-0.8359760035586118	1.0496025682156813	1.6400872701112974	0.3843556386352087	-0.1642668432821102	-0.401147640824537	0.2722335422159514	-0.5884522924993386	0.33652186837903914	-0.6239919596848237	-0.7748889443550403	0.8500430541805354	0.2261356053536389	0.6104482538357808	-0.45362305377820955	0.5907846470070652	-0.40564298035657576	-0.8035893853510917	-0.5949092573699556	0.036744533347673594	1.0403358738285375	-0.05334220385668867	-0.008995607388489452	0.10504948153718177	0.1614419883143582	0.12260322760366478	0.2615776222868779	0.6464435091307075	-0.04184023677310034	-0.6715229059076522	0.3045918856358815	-0.2837291793985345	-0.10814385543179543	-0.11005945229495925	0.5089023123553423	0.11100656258319215	-0.5978388364461602	0.3672358790424811	0.6019930816342143	-0.3647102295717725	-0.4157155441922948	-0.9713638785570097	-0.05679083317728691	-0.3865000084031633	-0.27671633031614645	-0.3743380967909293	-0.5167826190469196	-0.2973192373876336	0.2613230185531583	0.4789320395951546	-0.3257957256875138	-0.34089804329448525	0.20274164789350382	-0.1988344013793752	1.0726194964668194	-0.05339931567406391	-0.2524560275531964	0.1080584691199882	1.0225164361299175	0.32736275619503236	-0.6712615999736149	-0.8418582287264605	0.4909036511054124	-0.21454121663659947	-0.8058649108472284	0.21633116832206165	-0.3717193039460133	-0.46848734191212194	-0.7255646541265568	-0.3169957186880065	-0.4503244920583482	-0.8372631128280885	0.6485573404542472	0.00030416249624232736	-0.26208799035610364	-0.8111732882012653	-0.7094277731229838	0.23383058819497268	-0.06635131908452277	0.2207905623180179	0.6387127600925724	0.8524610932465637	-0.2905263526463309	0.009840017985799155	0.09128611242096657	0.5107533927607462	-0.7759677811298584	0.03187871720550063	-0.11792524771936934	0.3195285801561624
DTXSID9047881	-2.4538453356111076	-0.5009380889574483	3.3102675278823392	1.6607379267151263	-0.9782887272693209	-0.10240301748027293	0.5619755038394705	-2.218775768711036	0.026498480088477647	-0.22322890146091642	1.1493037375766928	-0.3541971054970392	1.2116506381065881	-0.023141525667020463	-0.4060189605831178	0.28466062337739334	0.0346397979583739	1.2497533932677476	-0.5199605728750106	-0.6648597991333896	-0.2341376481515435	0.1659608478282408	-0.17145549361708384	0.5835794248323202	0.16183197423942208	0.6154033481817254	0.5862721915543967	1.109808613400526	0.7275826688945746	0.3589579507857614	0.08490078189399215	0.0671544466986903	0.12375258288267005	0.8388155951471634	0.22059699822159626	0.22064355543701306	0.19213575865148863	0.36626921027673154	-0.6037253121286631	0.7315101110562977	-0.0994880943854718	0.17726507190094476	-0.31370094763863904	0.21855956597634407	0.3428543271271725	0.5039655224180484	1.0324736595833384	-0.3274951984099781	-0.44315514663908695	-0.5815717251370142	-0.2843915730724418	0.3865271100282545	0.8850525023857088	-0.19420784666662838	-0.9337640694712731	0.5672945939238379	0.02616230813550443	0.8481204456727784	0.49037989663746323	-0.3699440140154089	0.2864521796461068	0.1493743163636855	-0.24792659524852514	0.6323755391383232	-0.8843635080756994	-0.18812055381713919	0.2539154758354081	0.24886882586980813	0.13978410537292751	-1.0189020091371255	0.5791374543362503	0.41305601645051515	-0.4278943682492646	0.0651724526400489	-0.9591670652805102	-0.2392049192375375	0.027617184568306027	-0.5782089665480679	-0.505510200122064	0.1425309975027046	-0.0035661380563577322	-0.4924856512126709	0.13223585648110622	-0.18269078222953886	-0.9901262128292713	-0.404199714396805	0.6423894186922405	-0.018322790965371274	0.03900449359496348	0.4089824846074518	0.05158778204054689	-0.18970001292784466	0.1328573218255427	-0.3599433598628115	0.18350914654462866	0.3294865265745134	-0.5414586863247272	-0.17870684762935396	-0.0324466497841038	-0.08352796444096804
DTXSID7021364	-7.3841211069737	0.362108158490271	0.6249962464688698	0.611607738812678	-0.7716445056127701	1.9339872000293326	-1.3228647742297392	1.7728819038122863	0.02189127628680948	0.7198891717881645	-0.07988187562795097	1.3468499471291293	0.6681836269966179	1.0825861881716745	-0.3291908108438049	0.06085444737807039	-1.2100740707821314	0.6517057502808824	0.6237607327019759	-0.2992686863364603	-0.5365347876953799	0.02596890403526277	-1.1164997344663647	0.5767118943065113	0.34443153726777614	0.11567019182428304	-0.5763051586853765	-1.097049373611672	-0.14708943690670884	-0.5864903200541096	0.3430521244672253	0.20006359595144133	-1.2324076510721957	-0.38666977570291183	-0.9421249785080145	0.3503896502196295	0.296164591840075	0.8525744169978331	-0.7702144061014682	-0.034313912558506944	-0.06673081203219282	0.1858292940114029	-0.08859106680723738	0.3652605455488119	0.029275496496804103	0.31979442866748564	0.4277273985638242	0.45501124253687414	-0.1902544645288691	0.3050849012864819	-0.061961410803927384	-0.07179849588492031	-0.16425970897195336	0.7220837258832177	0.07355733878420764	0.12976420816227238	-0.4052089414972455	-0.8061190350870647	0.688183354160514	0.5514457990626032	-0.06943976576142673	-0.09045053309502743	0.6125655850121218	-0.45494169494653885	-0.173748350973497	-0.7377850110500217	-0.8138374499992387	-0.21937906747461322	-0.10611303193970692	0.3423650802490078	0.11630738415953602	-0.08035497962692194	-0.4561979923018294	0.6671124875717058	-0.20790933974154513	0.6119233641173393	0.2513749293269443	0.058727829404583744	-0.2854320305233448	0.4015287811966112	-0.16869815843857272	0.10466720049333593	0.0085999323607082	-0.6113471100141702	-0.02585100863689191	-0.4625420615449532	0.3574854281422764	0.2199213790285392	0.13104873631858543	-0.17494662526059326	-0.04703171309157804	-0.03323011760316878	0.07421633903855215	-0.15518646115154333	0.23297319789508544	-0.29960023376859185	-0.2279524218625398	-0.037223018807570514	0.11895290483177964	0.1778220895282375
DTXSID3020336	-1.719304519203856	-0.5470545675296301	-1.2719831015153817	-0.37000961260531395	-0.1441990062430029	-0.29596452243435967	-0.0767154674469442	-2.106694892139019	0.6680483195260669	0.543195626900601	3.18514394923875	0.526886466961867	0.2581502608299936	1.335461001337915	-0.5817425192680978	-0.4833659696277011	0.49922745732649376	0.7540290857968936	0.8523488841321946	0.1965217093530811	-0.1008222976326086	0.8426462145822723	0.6277099518037043	0.3221956190034005	-0.22983699536651603	0.5780842571994568	0.060132959654861776	0.5055891590063363	0.2619276778225572	0.572662059295285	0.08877951411314076	-0.4112572847730801	0.39659927214663926	0.8381586515093147	0.4091836601087572	-0.027237165318971367	0.47884677914995855	-0.3815514040513219	0.701741658046933	-0.7752747767916567	0.6522051654982278	0.09665780065028656	-0.29076777350973665	-0.29699573634390847	0.7388269777803078	0.08816330527315709	0.3665318755943869	-0.18533507143432287	0.017648142583747996	-0.1606144212809165	-0.09288030285151473	0.9369684620312904	0.29603186142501126	-0.8040163415358335	-0.349155175452384	0.33787669921177094	-0.43904563621923876	0.04310903941941074	-0.35845427067285884	0.12159759516080035	-0.07871296897443297	0.7121067329861624	-1.0407317338916733	0.12876353298960408	-0.7275685247784767	-0.23688118687695334	0.0161031908369422	-0.03143144299021656	0.4691848937671149	-0.20766102476482637	-1.1608241859931483	0.2875145261164189	0.34490737470185706	-0.09597898634294903	-0.30701769317357885	-0.0371922025463039	0.19438316815004456	-0.3143794932101288	0.590108076011528	-0.0995596181621958	0.34357719726881636	0.3065691750963363	0.4515376252740552	0.05074560963901998	-0.951262218720318	0.29738357817725547	-0.4427129115168623	-0.21600618120900753	-0.879624407093128	-0.044682667404768485	-0.2828403546302739	0.12801486743478924	-0.390663506729228	0.056952627185374506	-0.29026439878191806	-0.20283304554362105	0.3113480627970624	0.07098742608160184	-0.29188101155754104	0.22818361721366429
DTXSID2041250	4.206200562863647	-0.6198378229642133	1.5629673941567608	1.0459368706919	0.016637923752425243	3.5188018336669966	-1.085115957468849	0.864920189521968	-0.24860510176657322	-0.2749039085752233	0.8564504847581099	-0.19981617320620038	1.501269695846402	-0.1665170470118041	-1.6694864744677764	0.43769657480431384	0.5335533333897797	3.1384137844737805	-2.248732910457758	-0.7287535583845166	-0.020254924204852226	-2.1840127732579027	-0.3657847994656067	-0.7929869329762294	0.4375953236806496	1.965664936356192	1.8949256589867836	3.3433477875863384	0.7744269386669772	0.8810576347456021	-0.7720187334778229	-0.24653674171505052	-0.26168824645717	2.051432018647444	0.6397743155964364	0.4963381938871378	0.43225522804658106	0.3835200733919915	-0.23400442035446728	1.127719791792684	0.14361694258283542	0.6754278772149711	-0.14380057249447678	-1.5761563673491783	0.48477917065851844	0.3860650919250366	1.8450461355467498	-0.6623356072541087	-0.7132148351404821	-1.1388730273211904	-0.4321357779455939	0.23313734479436166	0.22589655342192647	-0.3059264814304706	-0.8357689764819499	0.5906482533576041	-0.09397327495382672	-0.6863531752409249	0.10292389017321876	-0.7454856351688199	-0.6789485592032168	-0.21094667207606685	0.3040646009136576	0.7252445388280471	1.059637426236135	0.14533509958388574	1.0411650630632958	-1.0704993594225494	-0.6596003797390265	1.367904180451073	0.5270416406045046	1.3386367325888713	0.3874169459182502	0.08085907983184387	-1.719959353060205	-1.444916777405107	-0.38293456465017117	-0.4107099342614379	-1.8043164650383454	0.411673349004819	0.40966143745500544	0.6790150124271109	0.22818780022200977	-0.0064533937334526935	-1.4857341168386684	-0.6161733384726878	0.5982526474795137	0.4257614003219822	-0.12770368591758427	0.31553010657374303	-0.6130740759911759	0.1479458862747114	0.5442638678764927	-0.3784313748683433	-0.4107922080987485	0.6472419395952774	0.11362800453088923	-0.4599851951615983	0.0025000272558654995	0.12310788394206454
DTXSID9044582	0.6224429075459968	-0.13439294121162113	-1.4884309355010523	2.6552803221148915	-1.001528479379841	0.8378338958704558	0.25949766917497274	-0.8722380315575368	8.625112953788948	2.8110393583976188	-5.54460687492096	-4.04438762206192	-3.2247263328298823	-1.280388452426019	1.9319795425140913	1.0980528422734568	0.7223318588918998	2.496883579976718	-3.063288230999523	1.6583589999985002	-0.240765694016783	-1.2124504336138913	0.22505582765678336	0.512250527789204	-2.724059358536021	1.6615523666279766	0.22925264119403158	0.9109752775620117	1.4546720412756047	-0.8334774649200807	0.5203550571534225	-0.355905647449419	-1.4368856610008487	1.755079100786554	1.5287669629873957	0.8444668671666186	0.7560349732837178	-0.7023850236941211	-0.9291249594319786	-1.1710102626438665	0.2810607011741086	0.925377367065717	0.20251724889674483	-0.722594580557442	0.6266768220145296	1.2614143531132624	1.2782835557414778	0.5922451799825897	-0.6058833656655987	0.10963537679721679	-0.11689800365263187	1.29358871894587	0.09872547191153777	-1.4893058151855874	-0.9080345644267862	-0.19390226708604497	-0.10982898631666425	0.41161866967462873	-0.3907502034589133	-0.7627165566308223	-0.3432021002642288	-1.6149278717511115	-2.328534171199599	0.3999577056858633	-0.5682385392160465	0.3835210281885386	-0.411418850932391	1.1052077980557604	0.583111973986471	-0.4254408012568244	-0.733055042940529	0.05034823441080561	-0.3069084111400829	0.38870493614215773	-1.0100822195015182	0.3012338155656426	0.6289822490095008	0.5582290389579702	0.7038062464490231	0.4621676203934811	-0.5402572081833944	0.5169808257569214	0.6509080069512058	0.02084083760213034	-0.18924625008369403	0.022026794724409673	-0.5360982453544194	0.854502035531192	-1.008927902713263	0.04379197886399436	-0.2546631352574696	-0.3847027303017688	0.7316282153615201	-1.272944798114073	0.44367030135359864	-0.9547595719186444	1.1098570603904188	-1.3696355425567623	-0.19182870714177877	-1.5219235274009704
DTXSID7025506	1.4847276763117734	3.4521033642879404	-0.3178501737081332	-1.499278461366156	8.134808090454678	1.0801872103821422	-0.5669676974855048	-2.1935841801359643	-0.10936444578318179	-4.267140646735688	-3.486374659712581	-1.2213581334153123	-0.5266409925489894	4.143521049701022	1.0459107991209926	0.44755391213097795	-0.627828803196942	1.4874481862615176	2.922916653874579	0.7697616871085048	1.3847616426496818	-0.06180127676341919	-1.5449205689808214	-0.7918111954987024	0.6121117810883355	0.3581569833842973	-0.456209111748688	1.643713832849169	-0.5034121762546737	2.1769971756861484	1.5145512806087942	1.2085961360138657	-0.03484963799198823	-1.049374893673655	0.3784121296235632	0.021313722993054427	-0.6820743756285429	0.2371722459384876	-0.7527582862293071	-0.13848860010090458	-0.16751795826902643	0.4809498612479821	-0.30964581841005007	-0.3270203168474981	-0.10708011055351147	-0.37269541598172445	1.0494181019669926	-0.17229106524762505	-0.7841784968163444	-0.6143941864516052	-0.0512872586771345	-1.3944119861558	-0.5286609459726392	-1.8195839939085938	0.5106821555981145	-0.3976458610901359	0.012637887505494879	1.472641398699671	0.5547824990020088	1.1739838665233604	2.4934176084233397	-1.5013927606316526	-0.12578245018160658	-0.19584722670017754	0.4302379437450313	-0.2792631490170938	-0.5925780307248678	-0.5247109481966311	0.8742037313483614	-0.21275545940696147	1.042732580218141	-0.317237283957681	-0.6348502808536579	-0.344841786717526	0.4173277121709184	1.067419692696514	-0.08265101389576707	0.09469620845481298	1.1447297771896394	0.4043546414180641	0.6750173541224426	-0.25255331415633586	-0.576152403291404	0.15114421587644353	1.4989107069324314	0.24014102133407494	-0.464969984157955	0.011860378101709217	-0.3508721962843749	-1.1546404764472809	0.3512069402532759	0.17237245866756656	0.3548260081623306	0.5157733329257668	0.431976322772267	0.15257140744474573	0.184986564631807	-0.01845745983980462	0.8244916752741306	-0.3394599229802022
DTXSID1046390	0.7071917389439774	-3.0624337792408713	-0.8976420413477696	0.8215716296496888	-2.4902610905410945	1.9697706880233947	0.07031769518427572	4.828303464071904	1.719632404705452	-4.217849824122807	-1.3137595521400152	0.356106181359728	-3.5196474137690354	-4.080284345565618	-2.9753056969258456	-4.107843399412817	-2.3043852844023607	4.611703606087752	1.3074581772674785	-0.2944034709228363	1.7028400012995526	5.906622306248308	2.659295631689164	-1.0322282911430294	2.5494404931005206	-1.3169757032428573	1.0540511381490385	-2.0558124364982535	-0.6168459749768667	-1.2349393904515156	1.8081885689793489	2.6297297583418895	-2.0357000448875446	0.9233082603711658	0.10313048597193228	0.9294065002090505	0.35350738890349814	-1.5376153052785901	0.5997689307655043	1.149587855029985	-0.4849181797742472	0.4984828926222977	0.2272745548960723	0.26730578087995	0.19474430401147028	-0.5214641737257837	-0.35338225907135895	-0.28681458985567376	-2.2100806707514287	-0.5131384567764822	1.0880973130284637	0.2739117934420806	0.9481278043607729	1.0654610228082295	0.44428016083598915	0.20144476277577528	0.5338399179555878	1.3037872316430064	-2.416149312573973	0.14344713295236172	1.688685787072445	2.47467145190217	0.2224399054250231	0.9592168289104079	2.187114267921457	-0.2872973017944491	0.32060423597286053	-1.794810692011062	1.9058151293963288	0.8568468099377888	-1.5159430638539648	-2.213243650325726	-4.555524927271584	4.62987665909838	-3.382946540498165	-2.1054775432275514	1.8829530570776607	3.7231318992581297	2.2789625274695067	-0.6112234261085563	-0.5177789958077397	0.8147748374384945	-0.1246556705320813	4.711627511751899	-5.319673313923302	-3.830319952677646	-0.7408520668760052	-1.6633643330768277	0.601117317578494	-0.7606685806016393	1.353402694508777	-1.737753886195572	-0.794436856255233	-1.2781259805928464	1.3688292289549693	-0.08528422221077932	-0.6502150986687272	-2.1985041477444427	0.09577150467448103	0.10501707598366872
DTXSID3026190	-4.045532178732101	0.03849125985418503	-2.3259320899166487	-0.874970599961067	-2.3062037769274037	-1.1372614403601464	-1.970111741340187	-1.9022765510829547	-1.5264751944917754	2.7656416157176187	-0.4707193397703116	-0.3775457935544675	1.987921657145949	2.3824661932745714	-1.1989549350141133	-0.1718356207517547	1.1924990824264854	1.1373495737822081	-0.42427853274342026	-0.7235716701660617	0.08106873523855312	-0.13237945149415428	-0.5807124378949068	0.4168580587382878	0.559135027017484	0.9961857642308688	0.7191480989762846	0.2205519096989893	0.24204703027367835	0.28067488757051023	1.2716272887897277	0.354290327529794	0.5831166864697074	0.4503295785060517	-0.4036775774931958	0.04956578487021047	0.32424280983557696	0.05297686762189801	-0.007438190910182681	1.366067596566418	-0.023609440142293537	0.5185344493828634	-0.1411360868257338	-0.07480114546326151	-0.17072754572556204	-0.14112027896260274	1.0005329603688815	-0.5234673747928739	-1.227961247540946	-1.9440810025687152	-0.6784167172788733	0.4511444640858631	0.4595676106819123	0.5437160405199079	-0.6306648944091358	0.37238680396238655	0.6455256060736492	-0.589423662077863	-0.02575399304584799	0.2144012367272551	0.28975011349681334	1.5180164874360937	1.1313620902911592	-0.3532066470440141	0.044139619289815434	-0.4863557053152175	-0.1867567965191876	0.06077548314654647	-0.2796263340781932	-0.23011520817313688	-0.3136692061785647	-0.2909164798963167	0.14302289187811568	-0.17154204038834162	0.7237589554588263	0.36649389406822974	0.2144349076063951	0.08700385923180926	0.2536164767742415	-0.13769496447091706	0.25761434583075016	-0.41062022675087545	-0.0802316803655884	-0.04023341945657354	-0.20418815135068136	-0.5807008523977916	0.031314744055721315	-0.17702832852429753	0.6998220154032733	-0.3295702405129755	0.5140063308971016	0.09292606634595672	-0.02040307617817465	0.16812909509658772	-0.4639894957254487	0.017731898293083366	0.09377895425837886	-0.03586101253933013	0.24571764516545427	0.059363629923333196
DTXSID2027543	-8.351076007193726	2.85002441390456	-3.021509109162198	1.0507960085751953	0.9075615310477424	-0.16751048662138024	1.71498158185312	0.04439781236183858	-0.20966212258138844	-0.6230191554763759	-0.8821913031176595	1.3395032837707208	0.6286293920869596	-0.098086701290426	-0.16675741047778767	0.2989580756120247	0.5658697375446536	-0.8391613038847913	0.43978229084556475	-0.8950851450655958	-0.11318141090637027	0.565550061754066	0.6609087472484501	0.6445835772439621	-0.45054505863832167	0.2472127846839395	1.3316638361826483	-0.8073069420830651	2.8677629107322913	-0.03791038907403091	-1.5412427486443474	1.4832491193244404	-1.4007538819024743	0.6550636248031539	-2.2785839833447508	0.9672790957369053	1.1791758537035428	2.6743354424596175	-0.1078193068182139	0.6162498473767504	-1.359410340094069	-0.06552428051027505	-0.014578335545253946	-2.742804150762589	-1.4333339446759314	0.3691996222542307	-1.4849069976140623	-1.235644583192343	0.036487863957776576	0.7508536209219476	0.3504319232067791	0.41999098108697397	-0.9971444527862064	-2.2716948272374626	0.38352317462529967	-2.40638973512998	-0.27194021101685245	0.894302691869342	-0.2483385641607197	-1.3176072125375653	-0.7476538284090544	1.1622431781704132	-1.7915157209053738	-1.1021723637666054	1.7693162864700094	-0.2859181955548847	-1.476962745472546	0.6891871481473898	-0.8098081112104467	0.3766517395545055	0.45123701991147513	-1.2918069993286558	1.1061067338109964	1.0003705427078962	0.23228462906578126	-0.03221497907340437	0.11479259012964864	-0.9051208775842877	-0.5361925235331779	-0.5914842028756774	0.4102953560552743	-0.1712053413190396	-0.06217107467778274	-0.45867102697987167	0.31130875964689214	-1.1197828063683164	-0.2004737354255309	0.2669494178433789	-1.091819646956348	0.3545197406242498	-0.16718328654697298	0.011325049242599384	-0.1132025790415567	0.14244798924875451	-0.780534639736743	-0.7380135267142878	-0.46351474110621504	-0.22398972338179554	-0.22250465927716626	0.7301121082962222
DTXSID3045227	11.987043176073412	-5.887666127502013	0.468715371647432	3.606855106748821	3.406344918137904	-0.2735132241310428	7.317476616056808	1.8237523851462492	-1.9349998115432072	-0.17921633990006378	-3.546195327121341	-1.9819061655247885	2.327802466324544	9.13052684101352	1.7103040465315393	-1.0203587356901567	-6.851886937985036	-2.483837956861207	6.1752261016224805	0.3515747943494363	5.171025617616769	-1.7190419952941984	0.83471248311421	-0.45915564310612533	0.9847546520962841	3.6831783500649173	-0.7559756158475089	-3.0652614771850715	-0.024830428679126795	0.223364021109395	-0.734668923741436	-0.6048511153489997	-3.4444940551040966	-0.4496020279039655	1.012057138686017	-0.5090993215945727	-0.3173138499090819	3.8253522433458875	-1.9794592785859408	0.5818878899040812	3.5075190187992673	2.6245505458323986	-1.1188186903065431	-3.015329765221685	2.2962992112861698	-0.14552710272510166	-2.648089908370767	-0.04337961097013471	-3.7235000441209345	-1.0527704633544266	-3.3560781888643048	0.3552153104951097	-1.0218190345283198	2.0570184813620633	2.491677006310933	0.6548158591588248	-0.27575391716476877	-0.8425148880690668	-0.5666322438104231	-3.401610406469781	2.5377094547221684	-3.1092470391698632	2.4251422093323254	-1.655057750507437	1.2800274350936733	-1.5474634148960027	-2.291276753306978	-0.033770414133044685	-1.188174186474132	0.015279571399904133	-1.2110279547301468	-1.9275393392354039	-1.5290146037792784	-1.452732127535434	0.23042565128612316	1.182614305766003	-1.1401809656314736	-1.6801896045272473	0.650482319711447	-1.9037074551255535	1.9095545523971837	0.8373241270633083	3.121861083023192	-2.718542583949647	-2.6250495995011014	3.253875117577424	0.30404532163393905	-2.24853900455615	-0.09398884033557497	-0.6543435727210437	0.4991574055780878	-2.3603966668947924	1.4097023291469475	-0.627895186792011	0.34637651287432125	3.4608467736638224	-0.0740705626276476	-0.4081848421010767	0.0391726735196683	1.4943314336663513
DTXSID4049402	20.917668564113676	-15.057305281411624	-57.74503196752796	-3.714695715807426	122.61471249584233	0.09988521470628611	-30.597832513208182	22.224934807175256	-22.97954658069981	-13.545147888790085	9.031754695215275	-4.857612428397613	18.263519745544407	-28.42147078978224	71.72071059976166	50.7520649484512	9.252584712152636	13.040425409033853	-3.061268610569714	34.26337330414455	-7.975436934724127	52.29825891654449	-49.10773132554927	26.178835145780244	29.254094190667455	-37.28804632303178	11.690451134041352	1.521090609802408	4.627530382914289	42.69869987968329	61.618378483785065	-44.77776727933072	1.143877632557016	19.750802196177446	-21.320939257902165	21.607481228965383	16.440118299688073	29.457797204338554	-37.63385222558148	-17.28850757310355	38.491760676653286	17.596928047548193	-39.381663900103426	30.728786930631877	-3.1385557450076287	0.45653324848541926	12.882867328634797	5.204657387217811	-36.30825695559913	54.104759477387304	-33.56598156288512	-11.083605746080881	46.446204567685506	4.990223102347464	-39.30250621773269	-55.450241266675874	60.94515704678878	1.9509753069196885	58.59999985718343	-26.862951627182042	60.701774465426816	32.09949314095135	-9.949397059667756	-3.2328504256678636	16.733231735952142	18.48210755734283	13.067122912118082	9.729468031933099	31.238810634989964	-6.348993620211411	9.93347196902743	19.025317115871623	7.659024540425022	14.482393049838407	7.2505064154538745	-2.468342240161177	-51.72129795288851	48.019243488531096	18.697996019651864	-20.04082787483871	11.484095129225782	33.359136654479336	27.238726282618327	28.72660909399484	1.4654098594045573	39.972222124083636	27.27551441065091	-12.276030478873395	-0.6348353455784933	-3.995353378675335	-11.126474048279707	1.9430307545393448	6.412252742866331	10.292353404496685	21.100935337403286	-7.1392765006872985	12.172782763818738	-14.65117721164736	15.519813236025554	22.12805018791802
DTXSID3023057	1.7225034224556555	-0.32614584149409254	-5.0187581466483975	3.9669094747574074	-4.433610842866456	-4.105220985303326	2.6773330539543236	2.849046955406544	0.3014218694782913	-4.013544639498785	-2.843872005877513	2.269364538767577	1.196284321051493	-1.0362073644413834	1.7632425965672156	0.7957382459125585	0.5705911702554228	2.7603504977928703	2.8676275936660742	-0.21250021793056548	-8.166365427800685	-4.164081404260903	7.934841011224424	4.179402400375647	4.950244102587647	-0.11000404713855315	-2.3282151323235127	-1.1066083740559927	-0.45537864763347313	0.39885571915436746	0.511380801029457	-1.2004351446639052	0.0808373836534841	-0.7870291899494032	0.6907898184612162	-0.9308684982649319	0.23159439720853398	1.137194129048144	0.0007762172659696179	-0.8217009029922726	0.9124768357269066	1.1935323509714217	-0.2224847847605299	-0.09152812426333409	0.011597645581477361	0.24184843905271683	-1.9339930178525513	1.7882070245222002	2.1368941216815007	0.21500856332044463	-1.9417145813462648	0.06973412085386459	-0.5258717742411378	-0.7074105946506888	-0.028240249632824004	-1.7433108407436304	-0.6562301987296697	0.873202301483283	-0.10633061628881274	0.8029858223072662	0.715641310710385	-0.5020668123562625	-0.4417564128977001	-1.3278786582427942	0.45933756135054477	0.3652520755310824	1.011723370158636	-1.0178116448198995	1.9419925183315545	-0.4553908095967223	1.011660976552423	0.28788388862800374	-0.04982704841719037	0.2873089682322488	-0.16400404539412727	-0.667014898054341	1.4078517356535112	0.18810628933536583	-0.31870296503746387	1.0874729735393385	-0.8547593096257494	-1.4531191056987551	-0.6652100382445503	0.21838921056450025	-0.11345105514421164	0.8525581461245675	0.5026153389067823	0.8808679960181464	0.21425805265313308	-0.49518022471897866	1.3329701886470615	0.8692558538866227	0.13145674843969765	0.049274589340628	0.7794309149540601	0.6790198214119417	-0.5043004174431168	0.9010272764523304	-0.424573820102986	0.41291292271480284
DTXSID5044528	3.120926086959621	-4.1044433459957945	6.097958625438945	2.859123912062061	-0.6344729455005216	0.8750568681714386	1.4707641798521878	-0.8922252550339629	-2.1003658757594814	-0.4373558269548984	1.4002057950310423	-1.4679430804648548	-0.5894836262988534	-1.942747221995748	-0.10371073027712746	1.3553088695644333	-0.3534202458078073	0.5979975652582245	-0.801594625989424	-0.6234031976336242	0.24601592082309737	-0.4824014658804562	-0.25444278089117317	0.2912635265531202	-0.04207877796959942	-0.15257203351733462	-0.44739429142365067	0.9542373086649197	-0.21001140688928685	0.4435923673000709	-1.2633981033700636	-0.02628582342664167	-1.2744565029583907	0.23640488296497286	0.1568259094375387	-0.8860123396697784	0.9259478962574118	0.3570825133183894	-0.03733275835792069	0.2313828269190923	0.07224583650309846	1.2988448276640583	0.0061243358768390274	-0.10752286102430267	-0.1187327798706569	0.26504694858608746	0.5826000304242596	0.3164670100681859	0.309190960855086	1.2107100916718085	-0.7686775923526123	-0.0807492938039521	0.19073990477083147	0.1764068049787417	0.00788451680701918	1.133657917538211	-1.081318350031144	0.6994228258993666	0.7211722555961907	-0.08682382461055754	0.1037869447896832	-0.3526074357264896	-0.436251125229274	-0.11630012891183844	-0.535213007624063	-0.5753377919346901	0.1227838429229789	0.07399053860765586	1.4629079829194247	-0.8511458617660194	2.3774570687674172	0.031885388186636804	-0.21230425584191687	0.25046232579318967	-0.22337573984121595	-0.48858047837016083	0.8563861479933407	0.23470305890763735	-0.36160126531036785	-0.365700994583715	0.09360752547022498	0.8735573530643453	0.007551938701039286	-0.9686100419004195	0.7268798136585228	-0.21070133342338032	-0.8699587985470016	-0.353014060450869	1.1176490308908975	-0.2166556568735882	0.40715655979412346	-0.0749643936887876	-0.05779401586752343	0.11376584523263075	0.001977815414940876	-0.306859194460074	-0.06391657514919773	0.14440235077687444	-0.8082876859853617	-0.05903916570663671
DTXSID7024160	8.957154210634906	-6.658436217456882	-3.4136088125787936	1.884500243804063	-1.3471129567595437	0.39490541818860786	-2.7558791821472837	-5.273734591282213	6.491507690770365	0.45518618674446604	-0.5204926444132486	1.0462955346980787	-2.3412568273636882	0.3433445606495051	2.238781738593863	-0.9206260154454668	1.1097222840645629	-0.4632624054064284	-1.3570800242888847	3.2320795429901255	-1.3406391602897205	1.0260044090238003	-1.0456030961108573	0.38093143951135117	0.692340104181192	1.7008534828663957	-0.04923602258811083	-0.2741261134133024	-1.4148716056795236	-1.1616894548865209	-0.7124567279148831	0.29300373844704997	0.3665357587721806	0.9342924981199396	-0.11058912411959007	-0.3195967018072756	1.0957952899112164	-0.15558707468464206	1.174042035479582	-0.36114298206604756	-0.14708295091324694	-0.06601175186641893	0.2028965539177468	-1.1639699935881112	0.6045628536937923	0.25813173361636643	-0.4926435090082543	0.11176492321731527	0.5358559175018022	0.3312492577660541	-0.8977106641327849	1.3433462431373926	-0.16168195566020854	-0.2110164459962102	0.2808243007688158	0.04390493209048531	0.2858179246561751	0.38755570161220887	-0.14026956281312947	0.4111343278525896	0.5696104115067799	0.7416570420408974	-0.35458653247713123	-0.7952722833122775	0.023440719231076775	-0.23285810680537025	-0.5115367779870286	-0.5930138778241585	0.8306198911543698	-0.01908470165686033	-0.6078927817414571	-1.0030617960279247	0.9741778875109183	-0.6871859687080353	-0.18536340856462544	-0.29006540456067864	-0.4953761861265394	-0.36179399685085006	0.3974218273581689	0.41974835246170533	0.8909080729536223	0.17161557817783443	-0.07579731821431471	0.3010923435412874	0.4238384304748003	0.55775617398057	0.4887019494602551	-0.6633879588833044	-1.3132266715689902	0.26333095745887086	0.37495211616671104	0.14161596760445697	0.12875284076114094	-0.13754799960575895	0.07897482477533153	-0.386840995136549	0.7090547807460715	-0.027262396200188596	0.058246403881823165	-1.0265826827986526
DTXSID0026125	-5.783128594678377	1.8995771914116795	-1.1768410355170784	-0.3229624028928719	-1.0548929268003355	-2.8529399802663367	-0.42710685910964474	-1.0077336042914349	0.16960329677829414	-0.40789080311584536	-1.487327952465357	4.629077791781299	-1.331277747887644	1.8401296390714925	5.245025415986194	3.4004510653421525	-4.571444600106598	-0.32883339083935764	-3.3170639830920026	-2.979000113699321	1.507409589190094	0.6346901230748042	3.8125825361505274	-4.494725042000573	-2.0886349573041203	-2.2022495320865443	0.11826785423428718	2.022150736309025	1.2378947931661815	-1.6047427867534934	-0.27920437477573734	1.1281557575432084	-1.444025427845884	1.5451361939942203	1.5071222776576496	1.484581201623121	-1.5396214013131058	-0.6735514278504013	-1.2734581069135356	-1.5089219338649429	0.016531066864486313	0.11671118920616318	0.720048755038046	-1.1678208803489527	1.729901352187056	0.8492871402956899	0.16176554656265862	-0.6469835079029865	-1.3039880726937823	0.5641446307224417	1.918335462074355	-0.5986527276571127	-1.1578018280472158	-0.7562178691522998	-2.733373483130167	-0.8857194606648533	-0.5141344179321155	-0.4722059050061452	0.03501926977422959	0.8920331702508748	-1.5170024999538247	0.7552312723319324	-1.296195330239937	0.7214222423160451	-0.49350726374630116	-0.21125174696862317	0.22892737992641118	-0.33397970367472757	0.4978996734655697	1.0543906428286878	-0.7205621679533871	0.6804855735174631	0.5576974001063678	0.0733086084965269	0.7267347177589581	-0.5014474405279122	0.497936566780207	-0.21840348616619495	0.5017392650156148	0.19656036775835017	-0.8287359382474452	0.5198931450359148	0.346355883605356	0.6265633302254944	0.31876536419683493	0.3149600426264074	0.12055372825776887	0.06809240207606841	-0.31612360620957564	-0.3596102718666851	-0.10435221331748071	0.055778416713736054	0.20147021578203983	-0.44741648955288577	-0.8319221552955942	0.5988474140710943	0.2773460944119128	-0.4549232230762207	-0.8100711773723833	0.04271535974955657
DTXSID0024977	-5.228036083548921	-0.9982347462398521	-0.8918412527050423	1.330781725503093	-0.47477965403468575	-1.679056098635032	-0.899640904303092	-2.2842048934219763	-2.0539046167443886	-1.1490804048693204	-1.7547618983027145	-2.50425830858878	0.8478177729981577	4.840741568169088	-0.9347975532644773	-0.8926093889630502	0.05442784000271394	0.055770921683273515	3.2184959149172805	1.1868097161684856	1.2722243464898557	0.8216763272377664	1.2048680742903681	0.694962247071844	-1.1016273012223	0.3752504629906601	-0.7297900348796522	2.680377141484068	1.9682896474478246	-0.6730380553225467	0.6978800477303005	0.3176657762014198	-1.9976079338987662	3.56926878271131	2.11904674147215	0.5792407580450387	5.930990515968542	-1.2604235904662535	-2.4601089513252283	-0.7806852752860524	-0.7145175412673659	-2.8433461068227226	-0.1283542443549554	3.919180984314929	-1.0853980344995375	0.7537954468561897	-1.8642391103681488	0.9162860313233055	1.7870587901667812	-2.079419369491928	1.44779574646763	-0.5402666780782547	-1.9040274852959076	3.2486535973428454	3.1658725202826994	-2.030926807963448	1.1196613337435966	-1.3357544843121718	-0.08687192360725284	0.11937505765154696	0.11608472187806539	1.4657646227173593	1.555024393049405	-1.1691953890481985	1.3807100103187444	0.3567919622749771	0.7707781349390146	-1.1058543256395559	-1.060830326248563	0.816500053493586	-0.8751967358569863	0.10917800766728511	-0.05320239578676101	0.2737360706740829	0.5782581833837934	0.6413542713164443	-0.771465810760891	-0.0712059218476073	0.007003706362802946	0.3652867565115133	-0.1169682099281812	-0.5585852539796515	-0.1955619997345917	0.20110448675975984	-0.11451222724401114	0.8100833133053887	0.7637584791507149	-0.3537890493907649	0.05052934314140695	-0.12750416478621981	-0.36187728853395645	-0.28216487522784767	-0.12003927699723743	0.6812131504515887	-0.6465402810384958	0.5915372794062582	0.7069015950282763	0.36371484264664056	-0.1556362716247101	-0.20435537039908502
DTXSID8047187	-1.6578979440045294	3.778650699099744	-2.3727018200735475	-1.0836021843634247	2.4877198705267727	0.8530863746901023	0.6058700089039245	-1.744516643500585	1.6094590820471653	-0.7055910668397256	1.4532993988200504	0.789927871487283	0.08461082533804752	1.1752076130595281	0.8155190363151575	-0.46710890023771884	-0.49712095477092483	1.4993375669326097	-0.0186971515238282	0.6614116816433274	-0.6520030122303926	0.3001238341954609	-0.9677077823264519	0.14126967729988493	-0.15002037594924666	-0.12185188093957557	0.6973692980829302	0.04823770486093029	-0.41004765487247347	0.7319028350155686	0.6087427644646664	0.25525293431151475	0.38779077492472624	-0.344736954189748	0.04058219847963028	-0.29133510587410844	0.37710105282168344	-0.1472522107250665	0.39519797418915126	-0.4166991203452901	-0.22482477388395775	-0.9125823204499784	-0.1404750675122289	-0.0789342374317988	0.3532714072879828	-0.584188113261724	0.148362901121141	0.3823417747200504	0.13243424646542087	-0.052429040080913585	0.09597666779979605	-0.15742243386912624	0.05059758318294786	-1.1348502731279706	-0.18490573343188876	-0.18314241904402287	-0.5925219166769794	0.10640468001334308	0.3131536262033536	0.01057155121936287	0.38199965866145347	-0.05104266525743823	0.1274873495823051	-0.2543942053019834	0.4109976767576602	0.015284036503356486	-0.18975231996397882	-0.34955660395332555	-0.3008899294183405	1.0117741170074088	-0.7819229362577168	-0.05572455485958336	0.2053354615570372	0.07508000995574605	-0.05388867322261739	0.03448046103850152	-0.5485294857942882	0.5472775599266047	0.3278660779716212	-0.1234260383778444	0.39949533575889284	-0.5192178106353188	0.20018181714584796	-0.01212169446176726	0.06784528312927296	0.44387041688901935	0.13441387107035857	0.05896044085755583	-0.27193065216126	-0.28052865890396583	0.4378991362274533	0.32437009967821673	-0.2209235790131144	0.09582808409375568	-0.577471991811726	-0.17734296395013427	0.35439600191671866	-0.3777895035184258	0.16231370770882836	-0.347826427769124
DTXSID7037478	-3.3081795504471248	-0.41055380411842995	0.3641628196398955	-2.290796404856806	-3.4116647468734707	-3.048647689732788	3.393187589404924	2.4433512739335446	0.8440645257264595	-1.879657830976038	-1.253581272349631	-0.1882998438037725	2.8427274559861746	-1.1643764488785882	-0.7958772851875461	-1.046780077889302	0.2734696688432067	0.11595239643772717	1.055642099720895	0.6398381192253616	0.41998689286120217	-0.13913947783572744	-0.0019252388247044355	-1.5364066460985297	0.40663276877212196	-0.18347157861839147	0.11803375742283811	-0.8284819190868495	-0.1547460780297245	-1.489104294343012	0.46141056081464243	-0.21327790535337815	-0.2886013569315155	-1.039538835522114	-1.6265647162316104	0.21680267953572768	1.0931328430059062	-0.14898057003965562	-0.8962541474347989	-0.9580802787473524	-0.768323768194651	-0.05539818158293331	0.10381000450075249	0.7902989335008505	-0.4489857795154726	0.4110532976860432	0.40007058395363926	0.2424195021978218	-0.2045044506795757	0.12879147728677806	-0.39544250265372527	0.5531036610072745	0.6622717688100079	-0.6958067303063417	-0.1724911727768057	0.7042396797359671	-0.2994600462114011	-1.1216708582700168	2.2173045193769494	1.1499561879090534	0.40813497646955155	-0.3461799950160054	0.12883264189119112	-0.4407346649381596	-1.345870223900084	-1.9168148091022386	-1.2636961579547257	0.3483250498319006	0.2417871559783912	-0.05863400692120751	0.756387473542272	-0.14249514510022043	-1.0257605086849473	0.13403693755068738	-0.3319305136722774	0.5776938718845894	-0.23448110973535996	-0.3268937797909935	0.5410540897516689	-0.216904617065143	-0.2886535306861349	0.297661690280513	-0.11042913661804275	0.4162714211342581	0.2284190010025471	0.38337411748497396	1.127279269806505	-0.11391643019536998	0.8998954127048592	-0.4955624499997325	-0.34792003433495183	-0.016879915921249676	-0.8938303223743101	-0.7381867027573003	-0.5040852379480188	-0.2899563689911006	-0.7234718536340486	-0.7724697437140289	0.15344944189839102	-0.9082507251609871
DTXSID6032352	-0.9210042372011633	-3.22518095489856	-5.022614032828262	-3.384054458080716	-0.8149942646856686	-4.577189273528199	-0.8943812495766954	1.2933304095657814	-1.683218295080035	2.6999013629902637	-0.8453729628451382	-1.3274229814151952	-0.022352570979818936	1.7391947862724004	-1.3603740792306047	-0.0811600855877152	1.169953854852676	-0.4412997974497467	0.6216321815701389	-0.4728668196798377	1.2533991698765936	0.3855947005634264	-1.9062000652113371	-0.9708050020596932	2.039846819658371	0.6271943525571343	2.539873951720253	0.1491563071226029	-1.1945497018522797	-0.6345658934115133	-1.2294666585989675	0.8821583900991049	-0.07218594958969742	-1.2698715319357898	-0.1523405623849009	0.06942170009573728	-1.5695153971802154	0.17019027400094477	0.4555013412832168	1.4270632351785877	1.411935001142576	0.8295252912189068	-2.102584038816435	2.685999916988889	-0.5648997136978189	1.2741142179794522	-1.8335389385512804	2.3163198781056327	2.2424550081025463	0.33539080842470587	1.2628582212697692	1.0148306725959881	-1.3998541187526465	-0.46433833832212107	0.18295862379568242	0.1051701212739402	0.4819574379682367	0.6837273179177898	-1.318654298872763	0.7015859108502835	-0.606326426901729	0.8492910280558419	0.02758866114997301	-0.34402237547809283	-0.022681210273452105	0.4324490410640134	0.378535408507495	0.21817695801477094	0.2115019902398146	-0.3203272844740659	0.39736930513265384	-0.45309106740798044	0.322419218939697	0.3630479894947511	0.027426992335822763	-0.032066918271040475	-0.44196889596280026	-0.16604211569940155	0.00026791941112178926	0.4149461639080905	-0.1371644133630244	0.08192318012233696	0.10907052904280183	-0.19638088926577568	0.00721118460872986	0.10895163343842093	-0.5244792612482602	0.45994316401906804	-0.46065944272144044	0.22016770527652094	-0.3750977274746782	-0.41116480035839453	0.5439612375655387	0.09094549347840614	0.04626010009107716	-0.01988462098454441	-0.1894905303217127	0.21647962927584044	0.16520773344306985	-0.16417152805275312
DTXSID8020175	3.1426557555026586	-7.17788329031236	0.22223145521682974	-6.2179077220731065	-1.8570083246577127	-5.520289270106091	0.19477137861771046	1.810542616519977	-2.109950533048308	1.9072346554511297	0.41195304471570915	-1.3111089304411687	-0.9579470884170856	1.4456727403824747	-2.157269969743528	2.858230034839617	2.541008175147723	0.7378499878970403	0.876098633502577	0.21756071237166497	2.937693000307977	-0.084222568831561	-2.540077586885625	-2.161240644207954	2.853739470393171	1.7611055072425466	3.675084126018199	-0.48372208145983014	-0.3546138702044194	-0.12064745662916215	-0.6952858662155772	0.550854544360353	0.7979842588896245	-1.6685271434615188	0.701247807512133	0.3895287712782723	-1.0355114242327108	-1.1463076248388422	0.2818080041456637	0.25154554944333557	3.027304530730928	1.9455706257306127	-3.2712894437951956	4.331732669096464	-1.4041711505675503	2.6100222925986527	-2.748020682133994	4.832350848406261	3.3028873736872706	-0.26597917603257804	0.9250190273652745	2.377936336624591	-4.474403031509143	-3.913582154618719	-2.161463536493829	2.369662201310545	2.705281563291865	2.97044732554619	-3.91248355461254	1.8765246531904507	0.08502485771782169	1.4617203685755613	-2.4167308946330106	-0.23613861898072672	0.684623005449655	0.24170793055324039	-1.690473677963547	0.5558211390250021	1.250577610937625	0.7514975465579267	0.276581992822359	0.9511431894508904	-0.4725515217115559	-0.619058509777818	0.9885793431564507	-1.1892630321255957	-1.9130273000657911	0.706159049432087	0.1332194689127766	-1.0149312373915078	-1.498519031102477	0.5911953613241809	0.3875623330346289	-0.04286738611064888	-1.3076342026975536	0.22421267563450986	-0.2607470367391077	0.6229469020757677	-0.5173553539100638	-0.5281774320092257	-0.11813995792974945	0.21940473014766101	-0.35423752292397875	-0.5032101771429913	0.7746826192473457	-0.018078452890666286	0.4385410998351019	0.06194618816857217	-0.6925278650042336	0.12621507132949036
DTXSID5020815	1.5938322225201667	4.087112114217906	-3.678361418402792	-2.700135886370293	-2.0707346922880276	0.5205867987900398	6.688625043668203	1.5442026209493729	-1.3828056251638137	1.054678634099418	-0.8596282047960433	-0.3304534091366726	-0.9288009307666667	-0.45329734316697	-2.169467971918954	2.757052792714943	-4.3942162447836735	-3.2320067694134185	0.24262995604065854	3.781223188770541	-4.2141264138019805	0.08164769930882304	1.5665828684300922	-1.0021458676112511	-1.5910814028120686	-0.460334776135701	-1.6945587148863546	-3.323136904838936	-0.22267376688992027	-0.16540490196634838	1.2599321019138723	-0.20450084219858833	-3.795062516058487	0.10835546276852083	1.3652380143300156	1.2009428287433686	1.1272531580016603	0.16493588870614426	0.6901063856769195	0.9548509572587399	-1.8708376019135216	-0.3020591588451389	0.49754800771001406	-1.6229969038570442	-0.10432328044680582	-0.33140884369469176	-2.110482948526315	2.1843704587772463	-0.965924844149835	-2.1345654547756445	0.812344783115469	2.3494652938473632	1.7610836346210792	-1.129380273804531	-0.3038774086318589	1.5973624548387615	0.5553228679406361	0.29662504481408597	0.6419149163882396	-1.7612550084767409	-1.991534944681126	-0.549996689849324	-1.455422637063887	1.516844117496651	4.801038526185157	1.125356684039661	1.849057451610771	-1.1825519563101679	-0.18121206283295488	0.6965757493595688	1.0890444111739692	-0.08926409646274953	0.2656090345173049	-2.385936359248943	-1.334977418939563	-2.74456065162083	-0.16386105117689329	3.071676284054843	2.186517255667459	1.8233640514904939	1.1380623074735006	2.844840639395649	-2.2667980633009845	-2.7142550390232008	0.5832947097532548	-0.6584948147562049	1.1544139598106211	1.300643128496662	-0.40594828015242695	-0.06627998756119739	3.6096455344779494	-0.048149263485681854	1.5063826646438974	1.7933354914525181	1.0879321882866082	1.1742874144860287	-1.0533295001279113	-0.17685015753426647	-0.444721182284675	1.0276543363029438
DTXSID6048597	11.964611249189373	-3.5846948674743655	-0.33002338956491567	0.7742543810460829	3.298073793326146	1.96890456305043	-0.7837054036338732	-1.5162515072634013	0.984011170871042	-4.195525554578217	0.004439729309272677	-3.4602574898770553	1.3072922570952374	4.516954778618461	-0.5190366114870726	-1.3189318954337466	-0.9459268342398429	1.217350383019715	-0.5276568546399708	0.02300384461145309	-0.2283067356902198	-0.8475397989487768	-0.5490160902765895	-0.3663263861971431	0.18816055858827424	-0.8680728935569965	-0.4560723081831923	0.11979546887125112	0.18602985384821297	-1.4978025395278156	0.9328529629112375	-0.30660930945522286	-0.1804735278664175	0.5105568935111336	-0.839516864083354	0.0015060316421877937	1.1224811988320609	1.6335678492272672	-0.7938990896984769	0.4542337430565059	-0.059062922482581444	0.06524597818349877	-0.7108553930039886	-0.7492819405214406	-0.3258395831498345	-0.16604770749940476	0.49423422159145636	-1.7364296216326627	0.23917511370345806	1.5075193294018763	-1.007021070817819	-0.6768827561338369	-1.1237439138049274	-0.006511516234589603	-0.9725000162688177	1.7020133910556465	-1.3699242597413586	0.6525424962522994	0.012790619121237424	-0.7991179520534574	0.523464488370796	-0.2815703600620636	0.31943769510102815	-0.08420056066678144	-1.3817709471840227	-0.24989798571322122	0.21306688016649747	-0.4444438652428791	0.11711754084074984	-0.02788638112549469	-0.3184101949071521	0.9512833666008617	-1.8699582173849412	-0.3341756634426282	-0.40457167874446154	0.28992290263660264	0.7531988797343477	0.657654598046114	-2.6403738886632104	-0.536724187923727	0.7288631537453869	-0.81435540836245	-0.09946940154681032	-0.9611631819031804	-0.14232899605731497	0.1114818132255253	-0.7647153341904032	-0.02178071922443605	0.31238092796936723	-0.2910199618752228	-0.0937556373966299	0.4780501769340437	-0.984237591221516	0.5567543250193655	0.0192706127731446	-1.3615116155141667	0.34263034440643475	1.2331237708187703	0.9724044399596905	0.2637616118747971
DTXSID8022870	-6.366334215079136	2.1616365519809664	-4.834976734055308	4.073180468856223	-3.073797687992705	1.965981644231786	2.637052625249387	1.087496290483801	-0.27425633892247653	-0.6213566087209078	0.0916962748912339	-0.6537530476872233	1.1267770706262663	0.8225360705909284	0.2639553104990449	0.8576839885209366	-1.0415295022486477	-0.9034998201768424	1.8019465656594826	0.29361995868464436	-1.4360448382836053	1.5696087030346406	1.177890756987848	-0.4134254228750028	0.3850320996596835	-0.4151945773955842	0.5012312154695584	-2.286003015195281	1.8657414252918114	0.5270944307474309	-0.9776181421825989	0.1577927526402048	0.03022003532957945	-0.9631915753520879	-1.476699898419896	0.22339756131064153	1.519909202080168	1.2717037197713315	-0.08590948782921805	0.5681598308621802	-1.064179434438699	-0.19707249662054163	0.4629531378699337	-0.6225634383622292	-1.3251936554256905	-0.7102256676202934	-0.819960691771738	-0.5613064910922391	0.663368772915265	0.15286498362267634	-0.8144020862612446	-0.2421637476022112	0.2809860768054053	-1.1364046219389452	0.31915110367036104	-0.7010761827851826	-0.7695677690622176	0.2420604682929869	-0.3540813088407872	-0.3847721096729339	-0.9861356867234563	1.4860480458191545	-1.5513295972932755	-0.6314677545585179	0.24355277700315683	-1.0146005147269654	-0.42676299837761217	-0.26474422527428154	-0.5420219641059935	-0.0036908420608189087	1.0244810222246092	-0.05442753056581942	-0.4542463473004035	-0.27028600610706666	-0.13921642087779695	0.07239921166379128	-0.9579268900154335	0.7656742684792535	-0.8984906411605418	0.737144751623235	0.2471936047014081	-0.5162667366249827	-1.0832659125733306	0.7113214390188031	0.10113412171046968	-1.0284044829869325	-0.6292648224750758	1.1481371790838513	0.13792268192523127	0.18157726997704324	1.2648104582366884	-0.23663052185021125	-0.15661693413337296	0.005987206384141372	-0.4481958546798634	1.0101184486229615	-0.4392086223002451	0.6936326919190003	-0.45021295980278814	0.5479996111489414
DTXSID2044476	-4.895227983278567	4.606595906163722	-1.9141651020045365	-0.39680897817574323	1.511402623873696	0.7951975894817007	0.7284993606699828	-1.6748638264415665	0.7888659238144802	-1.1733913698067215	0.175049725435584	0.6945951314949863	0.8961366249079483	0.7142784008425145	1.2758781642312405	-0.4810760270591078	-0.888045560039752	1.5196308330694817	1.1297817898394376	0.4821671750212016	-0.18878370365830027	0.6642882149926762	-2.3406394970213205	0.06885495810794054	0.8461634222511185	0.03413441055268969	0.8148406991783819	1.1620354396430905	-0.688127430374347	3.7282231754882362	2.5027085700625253	2.606114879844287	1.9660471111312172	-2.6184739794341483	0.38810534483916753	-2.970055931395847	0.314435449068665	-3.9040539128922336	-3.9428775689910514	-2.2332484859907735	-2.0178022904598927	3.157386691081244	2.1797133483998175	-2.7843713566717567	-1.633023457170568	3.2671834671111966	-3.5134034405695753	-1.4757284525980507	1.812938262558037	1.9057702484960672	-1.0045011193340572	1.800091953291608	0.07627084215696435	1.5562410301303211	-0.8107823356504701	0.9898622858577479	0.8027388479448229	-1.5438237556205676	0.03938851619386549	-1.4985858084500978	-1.752505672147842	0.32180870625979974	0.35751641239112314	0.4998509550713439	-0.10001968955395073	0.6671514471781206	-0.1098889022358326	-0.09918641566742772	-0.36215139219654247	-0.16378830638016068	-0.7797744785491949	-0.25109936123388765	0.31892773679855424	0.5707545603914146	-0.07904596273716953	-0.16898369553332332	-0.02484252671689878	0.06965188521270586	0.10626684534469971	-0.07347553140948741	-0.5220420273390357	-0.2922065018923856	0.27091652142095235	-0.07063928034538203	-0.46667950765450705	-0.3067933014554782	0.1978002731363332	0.22864572109656492	-0.13545110916721392	0.35346045671563897	0.19115807938665466	0.008414940036100207	0.3445395412191677	0.015794117328132493	-0.3404114657447679	0.09352058096130575	0.09924717134991433	-0.12817898575650968	-0.017966500519907835	0.046699612909647185
DTXSID7052109	-7.475137368510091	1.6800728686276867	-4.511731601400522	-0.5979693268720048	1.1346789768584495	-0.5063510839489866	0.04692852271230476	0.6923418220051952	-1.204399927015434	1.1208169451676746	-0.22335521521349944	0.6702941756545273	1.0743315584318882	1.0390958550838003	0.762847924681758	-0.7148257037851963	0.8134043173288154	-1.9225768074059868	-0.0005768042488713672	-0.6729175537998178	-0.375415484634436	-0.6656206041234186	-1.7568661117150692	1.2512852092248605	1.1441185874988102	0.4312628021630415	-0.505106856571049	-1.1970498109365932	-0.45802392915211937	-1.0268175663504417	1.8589116354225865	1.010417289678887	-0.9529300691927045	1.0801818387312523	-0.4320305667322253	0.1724809051836634	0.8215124940926267	0.5513822134344017	-0.4552467898558396	-0.3790862935719008	0.030156070114250165	0.7437130209713073	-0.3499582125802052	-0.22458446179412636	0.2585312039934076	0.379993543981666	0.5788605089671899	0.20042646469001119	-1.8673610538032248	0.5853300444988647	0.8530560702006452	-0.7309455940515645	-0.29293043232545063	0.29507623460139804	-0.7150839949846919	-0.00085150674594309	-0.6236923147819619	-0.7385987276062932	1.2846550955118998	-0.18267184613660223	0.34818816519273665	0.2727431248593665	-0.03222114058626347	-0.08992131598151837	0.6337155854353484	-0.10854925372946538	-0.11555942989476616	0.055835382980769906	0.34895659554332953	-0.1103169651258352	-0.7161755633875394	-0.4955177214579916	0.5749784414553948	-0.284065580245399	0.5986650033649673	0.6267651843261726	0.21348656939541796	0.9760299066972997	-1.1116576131559286	0.05510570776204801	0.013701375808923711	-0.009574768148285801	0.8728981758542083	-0.2451555370269298	-0.8405563965467714	-0.8420515581387912	-0.01700564197043813	0.3896421659228119	-0.7830896438402442	-0.484942177230771	0.09541844748590031	0.18895376763607846	0.026246236124825396	0.054803169233860034	-0.11307703589717223	-0.5322606886367905	-0.08086461582334657	0.07135648912575243	0.06557835424887012	0.5329589674939432
DTXSID0059829	4.676285443256739	-10.943095131464622	-10.95809823109288	3.3054429245175507	-3.6133140844738794	-0.7292452234613077	-10.735645082317633	-13.256663697480986	-1.5962055506327473	-6.0441477114786695	-11.238012063479797	19.13671977001568	-4.368032379678063	-4.129024117351211	2.3430188779767485	-4.872694100773728	-2.7994517604400633	-7.767733639042194	-0.7450246124112103	5.817482579689584	-4.983874375744021	-0.9404624320519536	-4.630102480528763	2.3019337160163	-2.1861349203794456	7.905416001817009	3.3389444925924927	4.055226004643393	-6.040427649117197	-3.353586860134285	-0.039229168753705704	-1.5167555381030229	-4.372332444610835	1.3099567218244723	-2.7938724332808866	0.544110173066169	2.7952422439895805	1.2481980549590095	-2.925076888865594	3.1020267292890416	-4.040219736565632	2.0798215047390602	0.4372176102569694	-0.7385949812197858	0.052416499917227334	0.3734233984062018	-0.8997683977580265	1.1797379653526592	1.3029518614542617	-1.498212657001253	-4.305272149069435	-1.0688087530597943	3.820531924882914	1.2880723291756402	2.1077382783377714	-1.8950692444061563	-0.798856568257731	4.641349240216047	-1.3106240820988604	0.2824474144746973	-0.03941706038737059	-0.8519337285083096	-2.7262740846148783	1.6988614009386969	-2.067737543739767	0.7723970435850032	-1.6423982272434825	1.6185741073497062	-2.4352940986865805	2.4658137781019445	-0.6492079364045934	0.9687564597454509	-6.363574568093176	-1.796017099587166	-0.6197017343565959	-2.2284156516514533	2.2324902803377578	1.5932214638563005	1.298794891641941	0.4213852341731015	3.3471667712183395	1.0899418566080106	1.6012979194199795	-1.8820535638153837	2.9057619007155746	-2.0974113330368933	-3.4760824505930694	4.597722123964982	-0.46435986974567406	0.04981115400426144	-3.7815811507210086	6.104361938964006	3.651651855589225	1.9077899592021719	-8.17084614133476	0.06531619532057235	-3.49953602944761	-3.629484318411507	4.27522580073449	-3.661761372733387
DTXSID7024164	8.252388831081245	-7.6203341991375515	-6.214706645941605	2.3844248965601382	-1.431292859731655	3.423372892535166	1.8856751240587752	1.848443705294019	0.8710838880735068	-6.205926730180463	2.4890256219414035	1.092276484271096	-2.8209288553997487	-5.008629962601589	-3.0190735484953506	-3.2501495778570613	1.7590779878142624	1.5369949587667924	-0.4627919984788373	0.012302976401284488	4.029905629568767	4.562955627049329	5.632739754024466	-2.9406589628850903	2.1611894219635555	-1.7007691965758986	1.7772824622645704	-0.6971464928236258	-4.098217630828209	-2.5054576491219867	2.5987790769592114	5.008712561481902	-1.6125505397442643	-0.36458625018231755	0.24584662301180724	0.172282768936097	0.2220398316428021	-2.7811449804470088	3.45273707248423	-0.29662604144831567	-0.07637726520407462	0.3641546553648237	0.3050898655665629	0.820944254954978	-0.9063044718665203	-3.766933083504965	-1.2630938330197108	-0.9560154438942043	-1.551411465996479	1.5327419313733974	0.7527317411907481	0.9664737928193186	-5.08903819188559	0.7718883463947782	0.5502776746167047	-3.056579844337473	1.6853197294789926	1.7209211505126376	-1.8240896983954729	-2.2616898269838437	3.32562182831979	3.100804560774343	2.6016077880065827	2.04937644732653	-0.4683727231293995	-0.6522337321090295	-0.7335746957860286	-0.652518434561683	3.4486958152068623	-0.5657525678557288	-0.8376457677528144	-1.8194959719646258	-5.789159026892598	4.304220274676606	-3.7061769475196935	-3.585839559117123	2.411688085688284	2.3348003292835697	0.18472491314813236	-0.7330202877494143	-0.5881865325263378	0.1468212404469973	0.5017355892025789	2.910179785623571	-2.5674254731234574	-2.7492644639276977	0.5132398397654568	-2.2868822743508312	2.9264327288488237	-2.0170857494042633	0.7099889560391105	-0.21652020500875635	-0.347995862343088	-0.4872930632231451	1.515191785066472	0.3435547409013448	-1.496327992297285	-0.9543699797500907	-0.3095430700732563	-0.49834186924459173
DTXSID1042574	5.951270854485423	-1.134002246350534	-3.5383921844788433	1.53748127211681	-0.7990631471228736	3.363368887067546	3.7429981366802183	2.2689923812651287	0.1445892364883903	-2.91173706371771	-0.05837319748189701	-1.7153225815969801	-2.7147201735031827	-2.90269250929665	-1.7655522725647457	-2.3316127419205768	-2.2310567614572445	0.15206633904699296	0.8792981545460129	-2.3926871319345135	0.26438017511412437	5.655418941182279	4.620691013925942	-0.28188470885817635	2.111627456464269	-1.7924344851667817	1.1667595900628345	-3.3673033696686825	-4.769825940261245	-0.4424966096353268	2.7682877583333196	5.2857473724131765	-0.9187508683215732	-0.6232085523761076	-0.2914194193180976	-0.37887701629838455	2.2227460443681166	-1.2595757012778006	2.9876766512038797	1.1773618251236877	-0.43530463699070493	-0.1623250656923056	-0.3260104011764064	0.15401546691761284	1.2345594704952632	-2.0172078066482526	-0.21878494312121208	-0.4837878032088463	-1.7575948205328973	-2.173998510782033	0.7099497279568934	-1.0950677308523067	-0.7052714127704899	3.46477048121279	0.13397077969453677	-0.05548228591907984	1.8427817148498882	2.1092861068197775	-2.635202186291075	-2.7602378368751106	0.6424598272878197	3.9084003506667977	-0.865514567659785	-0.9917155357390838	1.3688934483983364	2.306223461256655	-1.6690416837634279	-1.0712091098453846	2.617115380573257	1.8929671893222768	-1.6664427590456967	-1.2212735990602877	-5.596301710644884	4.9335188376147325	-4.086204828182731	-2.497372976198261	1.581573152440109	2.17016213659605	2.0059609296068115	-0.02489649135160744	0.441053617437391	1.0950084533638607	-1.0645083109526383	3.4648206725752186	-4.107347789699287	-3.0297345883861233	-0.7807496459520478	-1.6622749692418393	0.7749666678549979	-2.3518319972875714	1.713330268340892	-1.9523931467193538	0.7051061078835908	-1.5764170023881865	0.4298948829044007	0.6839814508273369	-0.4622577740954675	-2.399920425645634	-1.2143495125439276	0.3700778759904796
DTXSID0020107	2.9761495002952336	-2.9732716617352595	-3.100923861484781	5.288997199195514	2.0212090823653766	2.1992726778442555	-0.32727218131999125	-0.6465178191868843	0.5151799344680684	-4.375538962467558	0.007653995880408684	-1.4708132833037346	1.9100891141925533	5.393644870445193	-0.6788183030814509	-0.9311973476883644	-0.2690782077312441	0.21555289626189036	1.3370827906223848	0.7786419295144076	0.23428739009040736	0.2419240201174379	1.1958034102517194	-1.1113878742204282	-0.11842205798614074	-0.67504895911025	-0.7707119842107025	-0.11809115051759948	-0.7684283095122655	-1.2065875617086737	-0.015191126759969352	0.17004511722134658	-0.12328616587248732	-0.18837769523549958	-0.23438838413320612	0.05598548928208065	0.45759590667968814	1.1375108932628022	0.0021365236174569298	0.16246105064947042	-0.03620997253328352	-0.028973644450832742	-0.6239318700476918	0.045122862242758445	-0.17726146651590977	-1.2533239932626372	-0.44617104156053666	-1.2638644024724413	0.5457776565693462	1.5227239245474253	-1.2792207140112362	-0.028194202205134144	-0.9474419909708476	-0.09420820129878955	-0.47550224993596824	-0.13175234012791656	-0.5679668724675443	0.799596413539131	-0.791985144371195	-0.8788480578108995	-0.3601193373262734	-0.8512181697030256	0.454189147718048	1.5198957323847686	-2.0843785857595414	-0.28696559229893953	0.0789602098308762	-0.028677733372372956	0.7069105438506098	-0.38458407945329653	0.1426538600270771	0.18646833452802894	-0.6197328616999317	0.45952588138497813	-0.07270656170924357	-0.6962246509918414	-0.6614861104115959	-0.09981025939235287	-0.5337705356049547	0.20600169428428644	-0.16437696881209268	-0.437840017756518	-0.7221229941228692	-0.04651907892324821	0.7091926229079671	0.08491836733618548	-0.18409278050658232	0.17664357883646725	0.5715158554576879	-0.16389530532540358	0.41437700335712035	-0.3925146555693188	-0.5218486959186618	0.6693377194900291	-0.8835237025450687	-0.04514635446417955	-0.19317656951673448	1.0605712783552006	0.003174074607273316	0.2446922712140512
DTXSID0040676	10.849667826683367	-3.1215311987382366	-3.9251754648470047	0.4227924572865331	-2.2621762928090363	5.012965284541135	1.5034731008987265	1.4552801996946423	-1.2200800723726144	-7.18333225748035	-1.9517224075423825	-3.389383350220379	-3.754985980963306	-6.843553314948026	-1.2444371822065627	-3.6400403346348043	-0.7936156330353445	5.512308955914844	0.6488504463880235	-1.1754898732707566	2.5859172076155117	5.781891277891796	2.2694250325354512	-1.0094389527350518	3.127582127076029	-1.7831353835639623	0.2343449425438778	-2.2009188405255813	-0.4546174602219357	-1.0667065141126122	1.2479109349775745	3.8774173519474795	-0.674446207856621	1.3983851250929928	1.2142077459456868	0.4352222874714871	0.06145429684905651	-1.2012964502367136	0.7163812643575876	-0.12814227351266433	0.28375686093951724	-0.2200562252353728	0.2943176176618791	-0.7618054407406918	-0.4617739511653832	-1.9281345314532097	-0.48719736446913375	0.01893303528450859	-3.127369156835757	0.9499038292873097	1.91323149728027	-0.5629655610606583	-1.1288358115414918	0.3063082301946457	0.5352976781406288	0.501711259496734	1.4992281267078083	0.6432869909070814	-2.9435837428772245	-1.2770116048434663	1.129544159693656	2.7624816524947415	-0.7722070628558916	1.0111242264545122	-0.14842654494564658	-2.3782076136759667	1.4293137531873454	-1.1861402115410231	2.3873369752202405	1.7823069194379224	-1.1058958859776689	-2.96626634077144	-6.558949960784039	2.863896581769324	-3.0454038199595264	-1.1729434339203126	1.560313389281701	2.760543243900131	2.031552125979488	-0.040523987706743876	-0.3777067965273365	-0.17842987712853214	-0.42583330025026617	4.61172023959634	-2.9451060386356	-4.809148953703589	0.5585771194195897	-1.8605107765992563	1.281650599161377	-0.7991010204471347	1.6142245395783659	-0.6621563020417838	-0.39851416466420597	-0.4571887022439131	1.2743529455499523	0.39327185571564055	-0.6114406189944661	-1.435722293065883	0.6931467502731486	-0.07224668983389566
DTXSID7023277	6.158930738499428	-2.615284994038113	1.4361790106139447	-0.8994359239561441	4.033768147271819	2.0979848683769697	1.6967738611598295	-0.8278568556039853	2.251474499377943	0.6864634900887064	2.7475020237652896	1.4968142768081156	2.493730195957047	-0.34771900545435314	1.9792545332566363	0.714008687427645	1.721267344060507	-3.0108518976546965	0.24567327253739438	-2.6042759831876436	-0.5929483154756472	0.2594349030979344	1.505389718524074	1.1651517906199556	0.6212410232994737	-0.7294324620579445	3.7325629646508935	-4.888031992193044	2.0754212591321335	0.22746900193190336	-2.7493144537365968	1.5956298305069054	-3.0511897298633213	-0.19355466211848024	-1.8714666537370621	-1.7029153383800808	2.421669331705488	0.8871696576389895	0.5616896553215647	-0.6646210483146034	1.607065785841911	2.6000895794499326	0.7995430780278278	-0.2173609738184288	2.145047981072586	1.5048870849258749	-0.5537728020143708	1.191250804483144	-0.15109626146341312	-0.8032862315791478	-0.744393552527341	-1.0329183409622933	-0.54331068028323	4.036496909172072	0.6287875554799878	2.747582989009705	0.638090059878711	-2.828343260666077	-1.6778240935117197	2.0495105332912287	1.1872229455511871	-2.5956549583078736	1.2376870068503405	-1.2999158224949356	-0.8412749315229154	0.10964087712902369	0.25279546026201166	0.0790716047695549	1.7759531030369564	1.364532640943418	0.14777034889279017	0.6442354513444449	-1.24817091977213	-0.07497138257428342	-1.715707023293886	-0.030809395800863067	-0.7341606139612988	-1.4416771083872357	1.2033231665072854	0.5369494626008807	0.5327882689034301	1.1619352311675204	-0.8271991536341191	-1.3306610398021674	0.08391513230342555	1.2262425550883531	-0.06290102612434091	-0.04833147067898989	0.3857779215562433	-0.10126089464828267	1.0023927400229926	0.512477048999759	0.3647408283294225	0.43532461294266067	-0.48742368311473894	-1.1610252710007951	0.11383097313254598	0.28299314783624957	-1.6095841199588832	-0.46795147761451883
DTXSID8024159	4.273831145068625	-2.578686278450622	-0.8407974903393114	-0.3985409381257134	0.28845733016009617	1.5508417939544261	2.5800104602485034	1.5872149384820986	1.9670331575854845	-1.4968164996571902	2.6400063313637556	0.08063738871206513	-0.9539990190501894	-0.42821933929736955	0.4057957409821722	0.029976346855463618	2.9803778613983605	-0.19209922165141136	0.28072987988869713	-1.3985674286408734	0.7086610048902762	-1.3199781942015976	1.112436962933325	-1.4155524849052812	-0.16348548770775548	0.6603745703055497	1.18377869639156	0.25392024005569364	-0.4522960156883588	-0.004901982029687654	0.6358936254624185	-0.17218060818931613	0.3529872497135398	-0.7532555183647931	1.2784046470745052	-0.3197810244720682	0.2081406650831033	-1.4431669462737873	-0.5738647276522978	-0.24134162877466786	0.3141728702607942	0.16039734928504687	0.36466099351750003	1.6587115942504926	0.10395592697086	-0.8313888552349533	0.07915757099704435	-1.4167288494747914	0.07294246779314478	-0.758658302191594	-1.304828134528506	-0.896962501899068	-0.6142205001904245	-1.2009538282299514	0.0619802799798154	-0.5378738825148758	-0.008745240429983243	0.6403744679413325	-0.04748107451116156	-0.6781247635646157	-0.9520196256134612	-0.31043426043518263	-0.6662952140193632	1.1820783161821184	-0.16162544032326354	-0.7707144013757923	0.006335767882240079	0.7692202887889689	0.5897362146667496	0.2153137351656345	1.0291524346610144	-0.10156660280442785	0.5869739505597894	0.8690584591104271	-0.34594147048876384	0.26007915096739215	0.09505208339895754	0.49535595148997363	0.15203916344163612	-0.4456109932415361	-0.16872779689471834	-0.5647348457990363	0.024076199726308794	0.4315322341909292	0.4377360673977038	0.1640553947242946	0.5711922044519484	0.38972649490803096	0.505535755091189	0.2602482429428409	-0.18327624856668345	0.44539593803261446	-0.019523592909813613	-0.03983988036304058	-0.5858899378673226	0.21195900499183118	-0.14402682722295748	-0.35329706289392915	0.01800303804141712	-0.737283446052292
DTXSID4044822	-3.803845488344806	2.790448572763213	0.923791585173561	-0.5178593407356941	0.8435798644645922	-0.03420390807619285	0.4291180686352288	-0.11363804415651146	0.2609503797512619	-0.7119540524881022	-0.5655283054348623	0.6763288747869635	1.1916130584946667	-0.21935291568064358	-0.03949215773024757	-0.43268172956753265	-0.051767696737286775	0.6384295992434581	-0.052181338813320786	-0.7131868148683864	-0.5483768010959281	1.08101430441092	0.08885888397345457	0.9611547224932872	-1.0450598470657222	0.1839860964701519	-0.6682605306827443	-0.6166624645953896	-0.42213668702348406	0.5724462801281164	0.841763335689088	-0.8957429584146633	0.15535304602917377	-0.054551521712283196	0.11682988532759458	0.31870934481498275	-0.4084504793864044	0.6640073879709205	-0.007800225804506578	-0.257517268421425	0.09903672270277199	-0.932065587243468	-0.7399954394783996	0.33680524718322574	0.47070002955065465	0.41986016246791436	-0.6419556990472405	0.11069894744140887	0.7987886007660073	-0.41481183258407656	-0.18858661507529292	-0.016272362668913926	-0.09887603376641452	-0.10347980416868179	-0.5659475342510638	0.19276681271901452	-0.41144999914025787	0.6024601824054104	0.714150572120565	-0.1618199021328425	-0.08150152503293621	-0.005069104938701045	0.518295030167763	0.31550866540475664	0.8993373714765673	0.5531314702082611	0.5582426627301726	-0.5138951876683769	0.5013737021695543	0.31474664688249226	-0.19300859449267568	-0.8173122904066306	0.5013937088740342	0.49041618975364676	-0.5740509821236859	0.7158625986006957	0.17688767385864412	-0.5042297535574521	0.11334777420222543	0.00410225464643082	-0.33447765388366174	-1.0907622536458716	0.3617254041592735	-0.33664220520631544	-0.20530480135899223	-0.06565473464971434	-0.3170854936653176	0.414952787446768	0.08158342051370293	0.10713693096626757	0.755907506467269	0.22933787197334937	0.41344578645578356	0.4624261205087003	-0.45234300057878385	0.5388129412337145	-0.08411512611096275	0.1442575209126024	0.2826802052457791	0.17043034058882842
DTXSID1023605	1.6198198038564702	1.5919498137012988	-5.043409425365376	4.062449458156357	-1.5443608966081817	-0.2897207701811209	2.9425772306636957	-1.3618309105449218	-1.5004958629878111	-3.2350767643329434	-1.6355593928225574	-1.9397997680831425	-0.8373179735756814	3.1534735335433695	-4.14736716810548	-0.8457346673956716	-4.747903513289151	-3.9878617477103284	2.5225071085250477	3.7874679882571396	-2.2666686803731992	0.2625621703547531	3.4162323659387708	-3.364650923072085	-0.7000306710582936	0.0930395291286262	-1.6994140236719089	-1.1791962885920777	1.1034979472682418	1.6303137689532625	0.41476889960373736	0.967246731234215	-1.7007917813212463	-0.12322432813371423	-1.3086398383869935	0.4014663731264531	-0.13975730868607003	1.8399497776010099	-0.6176021215252352	-0.11520874376354308	1.4041170034357975	0.264210339951504	-1.245200442305591	0.2922459483605628	-0.6397869945606991	0.802368465533654	0.05911549219708132	-0.6181802444831076	-0.3407061117858865	-0.17824311641654036	-2.237627078623747	0.5695613967320502	-0.9641609029057413	0.5188600035915378	-0.37781273819610584	0.5159814516775071	0.41840228808204843	-1.6495957205423863	-0.6405387498762724	-0.1576162138301862	-1.120345401691356	-0.5784802737164457	-0.3763041825624285	-0.1705182968300221	-0.5549950786782185	0.6426448510114001	-0.9701911543011044	-0.6612835811953824	1.0405780422816757	-2.2831397285540076	1.2313832733229606	0.8832509625030059	-0.40984265371230255	-1.745359236538687	-0.6785475975198567	-1.5515049709370492	-0.44716790970783526	1.9341726057865867	-0.05762055853621723	0.8958819862038954	1.1975989038149988	0.7876810976557774	-1.2251385839573605	-0.4098380370541886	-0.1609145894309525	0.06083049135320326	0.10346965355465058	-0.34806440053170296	-0.7189168423629186	0.2749053228169446	1.207665554113314	0.31559787767669023	0.16431478987906656	0.22697805996162948	0.27460566751261484	0.9746131189397687	-0.062033808627664354	0.9416818742184877	0.8178119861583808	-0.7001525473459288
DTXSID5049025	41.976863389008706	5.533524860179615	-1.526788716148578	15.576902821474942	4.987575304865496	-5.0077632635406735	-4.771487581284045	2.751715887698821	-2.5381381118218855	-6.511659226446312	-4.994643550874507	-1.992084131315147	2.1898336167931873	11.07552312382902	-2.230905319444095	-0.6683703972381658	-3.3160487666388256	-4.117180519008839	4.980468022974241	2.313928759532374	-2.731883346617801	2.6273400957252204	3.8543665470103523	-0.3487239096714457	-5.108475317170048	1.9521915772402556	-3.2723799622107914	-2.4272144410100336	0.5697785791909425	-2.4779659485790657	2.354274881913254	-3.6904329471667783	-4.351807613186923	-2.294491046105609	1.0802124953305963	4.424576968068937	-0.9797655043792777	2.620543943129366	-0.5413287612271449	-1.9074432171309132	1.9412052284760408	2.0927336641076613	0.06324808930228515	-2.491665338096126	0.6998519601642181	0.6409834275002065	-3.653923078434698	0.41435291432574173	3.8843280756718785	1.686795330117154	-4.146257917742097	0.2815077150605691	-2.7744628277971226	-2.2279788944345107	-1.3709049991752933	-1.3576254375542547	1.181725164808289	-3.4378412883564025	-1.4529091205490703	1.5388192161349978	-1.2059414636454984	-3.7634048952113033	-1.3439693226997969	-0.38260489276440257	0.8386297031990838	1.1488606140660556	0.06706106910569545	-2.672016395624288	1.5079767576455358	0.035183366844447825	-0.7952814631427848	-0.9571406477139827	1.1056259443386804	-1.8825593657965245	-4.725847785711035	-1.843419643844019	3.5995884615167286	0.44991723988953974	-1.355345422019897	-0.6591470516097389	-2.3041371098925416	-1.434812417067104	-1.0615921864478524	-3.7582397816575477	-3.5877546343589737	0.25927412817622897	-1.923202205494942	0.0781787303449137	-3.0981464184748844	-0.0986280196840082	1.3445273086324157	-0.45220080200124685	0.22905154854625256	1.3332591526212274	1.5002136848437089	3.8500704267265946	1.652697308015102	0.6165608732522078	3.293706494005341	-0.1192211934170776
DTXSID0026967	2.7491596010391466	-3.7753310972483485	0.24759403956570414	-0.2192941666476794	2.3200660052082105	1.7370636451226122	-0.1136567087865912	-3.5111400682618332	1.896135581509007	0.23065679650313436	3.530094999512716	1.280321217787288	2.0540546228640872	1.1954258052613809	-1.3270885018133722	0.7833986451445634	0.8550140642247098	0.7769406893716811	-1.5080522654871564	1.8769201968884823	-0.5048166492962157	1.159497003940215	1.4967517773405459	-0.3110593255877602	1.4624833708642804	-0.6934062847830738	-0.7971806010238912	0.7008154101107527	0.7604484683411417	-1.075042854558013	0.162932756133939	0.7922606551706188	-0.12185306056309488	2.175797673453862	0.3747764650216883	-1.165920224441503	1.2657681348134293	-0.3296074414595662	0.5416290206125025	-0.9238695492724636	0.9919016306894364	-0.27978605341741974	-0.39401457787798255	-0.5645859458361915	1.2355431512589716	-0.3507753587447572	-0.24996073248032372	0.17656305525708418	-0.19413446392211653	1.9664307345521421	-0.4464662197419871	0.7018404362586385	-0.2227012362454107	-1.2033707587309992	-0.481762836865468	0.9441232987534374	-0.9311067689234543	1.4694154574922815	-0.4156199674314012	0.36506895230441044	0.26804610923036293	-0.08158036515441741	-0.1899093860145952	-0.6687248346794139	-0.8081394926466273	-0.6540100388045088	0.9831777891591635	-0.18421635442930478	-0.1323087770596115	-0.7339456818983011	-0.4345884829595905	0.7992303288570053	0.38276357456833293	-0.25472087297063495	-0.7558755166790712	0.015700728686496822	0.36577547366469587	-1.087696552974963	0.18391198312969048	-0.945674181517439	-0.588365534836475	0.5936498729934959	0.6477464164773047	-0.147170296692675	-1.1742803361039373	-1.055421147278056	-0.5929394387363391	0.38467915740980724	0.2862192131294964	0.17596260155207455	-0.30662513161521365	0.040660021003044555	-0.33939534949592043	0.028063809009890802	0.5174648197814439	-0.2202236763318368	-0.7989980313264893	-0.14764349086386588	0.3440677989158963	0.8090753634369555
DTXSID1024629	6.618799996856704	-0.07726801956170136	1.571064487552908	-1.2294693088325652	7.515907443168017	2.4206577215304517	-1.4601429942077224	-3.2349110888096133	1.7137972270813555	-4.08434331247604	-1.0149440054387517	-0.5884897940365877	2.5047754902222192	5.950913408847302	0.3357370868780931	0.09458961642437468	-1.6090902609635165	2.52531189021363	2.3555823915093153	1.665196465599361	0.6500538793308552	-0.055138210250484807	-2.9490736572676304	-0.5980789128643473	0.7941013804362657	1.022384009469304	-1.0203632992030238	1.780398265335359	-0.03949361730709753	4.474772466982211	2.124827414335886	5.785600831935884	-1.6436975002249519	-2.599539224809894	0.5711313387247314	-0.07857513684062388	-1.9694406691298887	-1.1161023433472652	-0.769968616963151	-1.1103568176946594	-0.04677770672517133	0.7307858841564704	-0.1602605582919237	-0.42838698338321046	-0.5390260848351167	-0.06950505408391444	1.8786510705521322	-0.157729454160365	-2.8652677925494046	1.3531497721411698	1.8883761767150251	-2.4802643776568045	-2.9945763679725212	-3.1839366084104435	3.509005933597679	-4.844190464591508	-1.149875401338583	4.75156279434662	0.17744875860968132	2.4457101780047723	5.258825485506046	-4.0792452033507605	0.44012545426166505	0.05646166330013952	-1.0767254023626343	1.529070986253676	1.6810310381390905	-0.2172308871649237	-0.33445189527043334	0.9425932709254308	1.137649919717296	1.3276141530606174	-0.14853465005397604	-1.111088459453792	0.5706361201077889	-0.7697354910204179	-0.7401938272944133	-0.021747451722746183	1.6203008728582906	0.22059460571937528	-0.22577150966701662	0.8549536828776148	-1.902608235112268	-0.5856149349022084	2.002887104257496	-0.679606911668466	-1.1473569407572743	0.4622200631071096	0.1662907632881832	-2.4394330057975613	0.8812495800488354	-0.7379399535207998	-1.4858276793413203	-0.7616285881748788	1.4166217050514307	-0.9885335815527467	-0.4325174438307059	0.6302146226822194	0.8145464942650952	-0.1410170033899835
DTXSID4021139	-6.668008509169441	-1.8397352785871766	-0.06351447451166921	1.783791272820651	-0.16617996538374305	2.7823150712342963	-3.306359439159359	4.788678027643	-1.2286558162625518	1.8578973642502223	-0.7378198564018191	2.0774364034954256	-0.470851886574717	2.4497022635412944	-1.5070489399264042	1.19094215423945	-0.4585465980951875	0.3406316467841564	0.08566081822863676	0.5257612445862526	-0.3970372661129961	-0.22978498330009287	-1.3568363422124952	0.8076959053877494	1.5637728321889366	-0.5349760350121628	-0.38287512038298405	-0.4966758709687926	0.5661961840058504	0.09867651694559416	0.9589830505872572	-0.12375025238164251	-0.9617916417902795	0.29294051667980253	-0.5255106506694988	-0.21225167348858823	0.9847614130105536	-0.6550830343656507	0.04207846319461104	-0.1871152532113304	-0.5375619256173019	-0.08605086185369898	0.4192000827167323	0.2505431021857226	-0.39253279821936543	-0.28005918080525405	1.1474477011023925	0.4636024139367893	-1.0454842900951615	0.16048218663262617	0.1915267174464872	-0.18216627979188865	0.40513442826204266	0.05301428761959573	-1.0245238722162324	0.5406778850547368	-1.3311510997065306	-0.3714485716374415	0.5413957045083688	0.328843361554998	-0.4017813567734151	0.3963669341125835	-0.21461564395899124	-0.06904131078788728	-0.26813424009024694	-0.48049425084479885	-0.7810496778661185	-0.6436672032628853	-0.08158766956087272	0.5252319588889713	-0.4021473876609655	0.4465831063830835	-0.10651578752282341	0.909515288408561	-0.829619574958205	0.7970108679257415	0.6365944158498424	0.53593809467053	-0.15172535876090598	-0.21244070154138756	-0.5399781616272409	0.19370453968789947	0.3679176586737903	-0.9159021690821845	-0.4268407627952458	-0.36936288587050653	0.040971157986718146	0.5147864493914983	-0.38658003040990613	-0.04981057387936386	-0.004670960585288357	-0.4534339384782787	0.35352340778263597	-0.25787222572731516	0.4758483701104539	-0.7329039168679731	-0.3932498263015668	0.07397528758792452	0.5595764444307915	-0.07683415678996175
DTXSID6027133	-5.59104746376781	2.1251099787486205	-4.473124628216207	-0.9299069207175468	1.8847536120059805	-1.5400892789571508	-0.39047649539282037	-0.04707017303339817	-0.5787842080142932	1.082035742768422	0.16790464674812722	0.5080679750562603	-0.2684470101514685	0.0711671264249833	-0.6953586698575759	-1.659179940681502	-0.8759098064156129	-0.4701202412140944	-0.18558149495817935	-0.2646059692775711	-0.11926439314698449	0.02837290545765712	-0.03697780897363669	-0.32535393608648	-1.1289885783965161	-0.35890459798865726	-0.1521407424247206	1.2190117955999595	-1.7091032010305927	-0.06595779899838171	1.7323272533989316	-0.6370275727151845	1.083663897200063	-1.3900554898898496	0.5483227778692092	0.34354345358981336	3.359998175654393	4.697352242003845	3.9883745881104486	4.379159339420798	7.438699411593311	-2.1861680284338045	12.209092478199338	1.648452925640575	-1.740844012803938	5.177010861840967	-1.1704933717796806	-1.1213806745889496	-0.9141577428269605	1.7043920567132125	0.6178623135717038	0.9793499914219898	-0.8284961149455397	-0.8561793971024908	-0.4844688517089501	0.03649776852427424	-0.3799249534850226	0.3982675563937475	-0.018123104480317807	-1.390040944162615	0.3944339199678686	-1.2104119713715895	-0.5113756809360805	0.4406786742114565	-0.8379163198570806	0.59419928550535	0.7128564508971083	-0.3979731490292174	0.09614329676104974	0.6889513347101247	0.11970897595744408	0.559158264066895	-0.4159319144833512	0.4363167828948561	0.9438991879713889	-0.45646597964677305	-0.12208769928827438	0.07417971393261091	0.191798179690848	0.22908543913783352	-1.4736447162760824	0.11604797135697398	0.1458314082384725	-0.21809047619555122	-0.3278036720552557	0.122573186559846	-0.28361699144653807	0.38453760673845	0.504800602161387	-0.833939104891892	-0.7590782552557277	0.30600764503114714	0.07628337821695233	0.22733622587941646	0.6301798599357588	0.869162301616221	0.9474073765403316	-0.1574926966622736	-0.12618310433311397	-0.6631883003690427
DTXSID2029325	0.8865255433757021	5.311655144962289	-3.16186423805943	0.7619645202546842	0.02422127510252301	0.8069906152961298	0.4471029686773428	-2.0036214676182444	2.124419900771918	-0.34562646385025125	2.017844110690928	0.4691460886701626	1.4127681165281192	1.7679355373319787	0.28521902571131447	0.39498373816957116	1.4745963574076943	1.182126388047606	-0.8286360385607399	0.33691110347826425	-0.31677016593569995	-0.0627193131997882	-0.46422711179121795	-0.4769564796905107	1.1980471754823976	-0.7707201195144764	0.46246004752189107	0.6882537286130079	-0.8539918260841293	-0.9257442452368928	0.22176022840187218	0.2680847502495524	0.05442904331143113	0.05785039967459851	0.05570713245573164	-0.28525418003992165	0.5003269678140414	-0.19338654438178232	0.10047403545121282	2.1648555104318588	-0.4202896234446954	-0.9039110415590322	-0.3968928953657968	0.5033629880617349	-0.3356231809292969	-1.631326248545126	-0.7281110854778954	-0.676213678273138	-1.2672525061100353	-1.2703100581586573	-0.6733330023272657	0.8808316601617304	0.20961854315713974	0.15079466520106324	-0.8199984053727901	0.48267215681004627	0.47455924798316035	0.0645480323329366	-0.24079511574033446	-0.3648207405116389	-1.0384525741137869	0.11301211780865447	1.340270926947147	0.9003856276166222	0.7014690577008404	-0.33373703214299594	-0.9036256513194088	0.4651891530509359	-0.44759118145418014	0.2973319471645745	-0.18078704890338557	-0.6983709280069654	0.44248445111454393	0.06110433248854858	-0.1851005042382072	0.25286596810303463	-0.24818000235052268	0.9095820824602048	0.5397254660932773	-0.06562297091792203	0.941575266697899	-0.5179567166981506	0.14252699002524452	-0.7100726065151337	1.0522490173832115	-0.16791510771168264	0.09818744874439035	0.1765280417146228	0.5791201703617449	0.13701389734136493	1.0910058691020295	0.20119128349469229	0.17690673802060186	0.09356161749483828	-0.21251609189496806	0.17395546919238414	0.08791568579119953	-0.3228822473762978	-0.10902462227834724	-0.17448273048459584
DTXSID4021268	-3.2600791704166734	-1.4032163754228602	-4.215988723161665	-0.7573617526103953	-1.2224376662698127	-0.9979120946114495	1.9849741058814971	5.550339224106949	-0.8285753815911466	-3.367448123011416	-0.47332103968310785	1.4438865900048086	-0.19234398756435528	-1.0278078572209586	-1.2937292269124698	0.7063406556672099	0.48147008282308135	0.6732669374054121	-0.6535762724400346	0.4580946474412029	0.9527985069567957	-1.9523137755060178	-0.7756756934485421	-1.1600813257933726	-1.865174159648523	0.5318504361431226	2.2103714036512963	1.9624568048368756	-1.2731457230174617	-0.9714013821008067	-0.28406285229678946	0.27296422550605315	-0.4843682036390324	1.1457709596363435	-0.4074948956161664	-0.7740535098021385	0.5284921884227011	-0.07684407794946366	1.4506475034533655	-0.7441731106736016	-0.21167834262579696	0.5193251317190171	0.20977083024288934	-1.4014521680798229	0.5700930108129232	0.21921149293943304	0.12698043585336824	-0.15574874189550536	1.013197186727098	0.31861874866588924	-0.531264949841999	0.016540221711116	-1.0210685858945903	0.6526782484838982	0.34841899059616055	-0.6100028779893085	0.049979675793371696	0.16728743237600308	0.6326494261081567	-0.3934282611000841	1.1467418078987321	-0.28936811572902416	0.7002869230111263	-0.7160245204529934	0.6989900792187042	-0.3533226935022479	-0.4597614030769129	0.14223944866984176	0.9977514642292824	0.41045641976261893	0.34183186210002214	0.1223177962297641	0.4178339582651266	-0.4463485361115905	0.6597901560437097	-0.06503041491716902	0.6823068654807335	0.04145213734204196	0.1507300149705518	0.06926717844874895	0.3683477816051027	0.017979564416244282	-0.14343975177349172	0.03167391445450044	-0.2170084743747897	-0.27756557261915266	-0.1996897427134844	0.6126996961336796	-0.45614070256218114	0.21146912336999144	0.19440308690636018	-0.17289667595465913	0.034825575497063124	0.29334401190703197	-0.3528826659081818	-0.07980314508280212	-0.2600649281655846	0.23367301598480283	-0.42701747003108276	0.5244470538819023
DTXSID9026841	3.848992922959753	2.497589641032845	-4.035375727528568	-2.0250910642366553	7.857479799282158	2.157653773722761	0.31876936792471894	-3.1563252659207848	1.637671594361737	-0.5967780775336833	1.2948923259782694	1.5495151835223997	-1.869932987349202	0.8967695376879853	-0.3222851642721327	1.5282919171365565	1.533565427555424	2.579598305480939	-1.4147633497596666	0.9317290197347654	-0.25526315281227613	0.38209052780620006	-0.36591020312007955	-1.1704034172015068	2.1683453953805363	-0.3912903886010955	-0.1740059670161869	1.6998576977256576	-0.5911602840502284	-1.1460678533807807	-0.09018207656624888	-1.217177952650663	1.646490666598511	1.3952160639313427	0.4035015721312869	-0.415411065654091	0.4200412208712206	0.3223538439513989	-0.4333915960453852	-0.1754041312004196	0.0642155134901718	-0.310974882066361	-0.35086475980234444	-1.1243467475381348	0.030085610743250776	-0.6626195136870895	0.11803983668092122	0.008539290568046948	0.30668194475204225	-0.14631412374499464	-0.47729194627856136	0.17941818824615932	-0.33806567116712566	-1.007376939724204	-0.5159972587926477	1.101466993422101	-0.6539601301897828	0.43373537221463926	-0.08673293486111532	-0.031272185931230774	0.7857558965564252	-0.4129529301678463	-0.03516277830805976	-1.1823091670746688	0.24826104962184456	-0.4195178325415126	-1.043943662996698	-0.44585617616426987	-0.7885272794427006	0.5106680124706133	-1.1321767614238465	0.3037531874655692	-0.20103881213774938	0.35656183818293674	-1.0562481613936094	0.6469264536625173	-0.9601603483996485	0.957992552684159	0.3269936749376123	0.08365060341877298	0.13818244045804	-0.6764687769734281	-0.21586066205978974	0.16936218094346328	0.5389232239854445	0.7858932119159581	-0.1912978500706862	0.03187240630386592	-0.0650733905112628	-0.14056350302382814	0.5819860359962632	0.40838790977450423	-0.3229773843876578	0.06607186067682437	-0.07105733684100965	-0.5327867527366217	0.8213619363181157	-0.4532614671062634	0.3544498266921544	-0.2458119384783194
DTXSID4020820	-7.4168399004139856	0.995598132242046	-2.350441051591883	-1.0540718130788598	-3.6042142771867645	-3.5019497235919688	2.048019814067534	2.4997722004521576	-0.17948621273239737	-2.761957993620753	-1.7791439918143794	0.2637372634547587	3.04737821432199	-0.30438627964196996	3.318145385577407	-1.5180857841142754	0.21272727642689931	4.993528504372636	3.5353094772673996	0.6147646565301642	-6.714632166535191	-4.75773068089797	5.007431771055719	4.1912035704363895	6.008292939781977	-0.5930510086396741	-1.5575804838081393	-0.07447148953559221	-0.3405252247098908	1.7478035220816737	-1.824643079401776	2.5287616801251604	0.2778852807459192	4.299832210965708	1.665193408532582	-2.865075899852534	-5.418802896080554	7.5713157451930435	0.9900426819330614	-2.8422905700578958	-4.279199889493478	6.059587712960135	5.287947164802042	7.586571199267829	-1.1607708707889908	-5.556508642769236	-2.2572362393154983	-1.2899698056000286	2.145520850121089	-0.9357496144722247	-0.2767170479664172	2.027693246571305	-1.2555735740776865	0.12164327657334248	-1.8300732629780339	-1.844065138297084	-1.160116466509662	-0.7877466541805036	1.3153174544412052	0.9736115477389921	-0.2667419261501264	0.1037300951848773	0.8140631149705198	-1.0562514188498733	0.5106769948692423	1.6349070610700047	-0.4848315888258326	1.452903300070003	-0.3590846848188327	1.1486337408236718	-1.6422138279426088	0.10889718385691292	-0.9661588897342966	-1.8345670483999381	0.5272093620169594	0.5560746964625911	0.30161620117216625	0.36285815969029833	0.5114798753219647	-0.0872465958503502	0.6395926850922729	0.717883781331522	-0.166054404504841	-0.10041778521702055	-1.2972423736808902	0.1635791723074722	-0.28282130717803217	-0.022325524418622116	-1.4209724336448109	0.13919730731344296	-0.6811645475507773	-0.12450300061999868	0.9839337029682461	-1.1921568405239031	0.33354412314549564	-0.22635178244434115	1.4230096953248323	-0.08822366093906264	-0.10269060950418878	-0.4879843035907049
DTXSID6021793	-6.175063589459706	-0.23743763233524479	3.7926426555248076	1.068803230709697	-0.6624171697530616	-0.5514886640686335	0.8392387622892025	-1.2605818532243596	-0.7830237355225946	0.3641648667362019	-0.08484898631989461	-0.24746762344510193	1.3269366925990629	-0.8938375691144459	0.021549089266236863	-0.3383364263743039	0.029033618862026718	-0.34976338833984066	-0.13051416571071095	0.1248088286332903	-0.4074333971228574	0.31159291543335493	-0.27538916811697994	-0.12582637638824867	0.5368407622678278	0.023390775096685777	-0.19044045896847334	0.24869273080342585	-0.42740136381942817	-0.037481235835411894	-0.13036550568230015	-0.01383106570267039	0.008582097155730519	0.19082444083459013	-0.195254998779816	0.4331233389783776	0.375889435987915	0.9000353816539408	-0.2091232820873515	-0.09857219111396251	0.060411653989514744	-0.09378587539915006	-0.26120456295274996	-0.9717050679500965	-0.04760174137767849	-0.24351698619028087	-0.4156013311942856	-0.07718859128127153	0.11833653253528222	0.036253365092362426	0.018700119152920594	-0.8438290250851472	-0.11051206100602512	0.11213967021615681	-0.2669234639991551	-0.10652516206237639	0.23751049991880827	-0.16956660638420085	-0.37232852159263896	-0.31270937004939403	0.4808623269027901	-0.7662712351222116	0.33206120792391297	0.37059997367936964	-0.0903167855132523	0.3583802502072192	-0.002142572213592172	-0.09735533391748337	0.004259557749088597	0.018087484092526907	0.1602894080731871	0.08711835835383486	0.06018913950955743	-0.11653357212718109	0.0890893639001644	-0.05057840214455992	0.3773329956643931	0.08873220849294985	-0.007802642095774185	-0.07624498389539276	-0.18200456319939112	-0.07676355618389671	-0.2779248387181727	-0.1087753732457081	0.22912093494798716	-0.15293995253297088	-0.015092592428550962	0.23422736731793822	-0.18578703858535978	-0.33429704237414803	0.16791344431150573	-0.2564817958469896	0.08985655458014867	-0.17469718375055027	0.22120799705758895	-0.33551583525776973	-0.1982707695107077	-0.06711625795734169	0.10633623706137857	-0.07954100973305778
DTXSID8024105	-4.861173407909813	1.1658954794454564	4.767760488619323	-1.5397588831788058	0.2881862884454435	1.1540001395414397	-0.20082714039836197	-0.9260090150477186	-0.7572297283412359	0.7750709746485746	-1.9357599272352797	0.2500937827832735	2.308234151020775	-1.1781942982838267	0.02977880560283804	-0.7787988323707488	-0.2987811113103989	-0.6381127496652956	-0.3072867146422747	1.3182876000555228	0.1939594109767803	-0.251491362894406	1.0912455754532104	-1.5986971119218065	0.5481263058920472	-0.4445916132844787	0.13152632762876862	-0.24100303467284623	-0.4398776451128792	-0.1564858666039785	0.22870341437635378	-0.28987352122213744	-0.190969813829927	0.3984946962549472	-0.2003943113796589	0.09068540374122323	0.16412015935239715	-0.25958724585644966	0.3039870695418959	-0.18310002848172613	0.019282589571414988	0.017731499211241546	-0.07556065436477082	-0.27958518537588356	0.17620803237536564	-0.3507900878737093	-0.4291754195726732	0.20281735232992765	0.17633423557637679	-0.07925708050510721	-0.12042134521184779	0.24209331578138915	-0.11508905990043042	-0.5837936519838784	0.48540688572654156	0.3495815918305204	0.16823063377590713	0.4336509329523461	-0.15167512310309597	-0.0002275504688719989	0.22545315698198745	0.5580062080561394	-0.21854130763093646	0.433113105857375	-0.30757979906966804	-0.048917832912237565	0.3988501487806094	-0.29452461938682095	0.12136541366191712	0.1041186584831764	0.14208745986049504	-0.6366547402301226	-0.27452520498654204	0.3694741323356593	-0.19028390766643502	0.02144004120703607	-0.12683484209339915	-0.2986435507411696	-0.601002261826732	-0.04249291083922101	-0.23216247876736942	0.4654095286074445	0.28050203601758145	-0.15942000398876566	0.5099956142205674	0.8813426476981417	-0.0633045644743488	0.6760451610554574	0.6643003241534938	0.8865181517062874	-0.34443421411584196	-0.008165285128169573	-0.4480096789028656	0.531235377867453	-0.6641977472911349	0.1629667802402905	-0.1348040978843985	0.39525536848079523	0.533882324235448	0.36125164256543985
DTXSID9047673	-2.25115133943626	-0.1907979823395918	0.4143896099289097	-2.688114770773207	-1.3141089089057563	-0.3954211557666566	0.5301019748236996	1.6083985455278216	-0.3607964973293978	-1.5353276674944663	-0.2276095547704305	-0.469979041483341	-2.987350746380118	-3.736217107281313	-2.6153368400916657	-5.568939253729125	-1.0231806157647783	6.294561934540272	1.072061135110922	-3.4990221418452268	2.9450662414913977	8.231269454719925	5.120070619508444	-0.7722180433320555	3.3347918674316577	-0.6304381467603314	2.57054805344937	-1.9562083777234622	-2.1813232848514716	-3.566143067441902	4.167430871901128	4.268920632272228	-4.59164535073476	-0.3932495203539328	0.7922113065095728	2.144681192666999	2.8516757363990552	-1.5052373353039463	-0.03412851632523498	0.4504086197096937	-0.29110363809463724	4.428120650359405	0.4992762609564595	1.1432523641631724	0.8699928362462633	0.46818221196951215	1.6911999721139366	2.274807269096344	-0.6342315495646732	-0.5346799582623927	-1.2306160299845461	0.25440397166123535	3.6416050875105026	-0.9385734944327296	-1.9546276635198414	-0.9204018027242449	-0.86228030647676	0.07044832731672375	1.7147496252727135	1.3049653852985568	-1.8265998793686697	-5.832794527865317	-2.8601842921845266	-0.5139383162216175	1.5858429637752267	1.1452715465308239	-3.0199237604476212	1.3947588935488857	-3.7528089376987728	-4.651504134112207	-0.1589629753611554	6.288240701795716	7.6656792347308755	-5.8429960276177795	5.562779006363	3.44800177630594	-4.011691279222395	-4.44635084095802	-2.0574091614182226	-1.4561901296786142	-1.1692668442137848	-0.37528153556896515	0.21751848225123607	-3.6240493633468827	1.376637585926505	3.44667025575731	1.6292655507483345	3.2206081420437997	0.7608007057400874	-0.19647027752646956	0.8628765183105016	-0.2834995785323826	0.2845384086759451	0.8507705932694403	-0.7544328216751506	0.6668315995781662	0.14563522945415186	2.0407868892621206	1.1486317821567107	-1.3385242675642863
DTXSID3047845	4.251951078258384	-3.999176993040629	1.68778181499203	0.5174726774877854	3.1660701165910834	1.4566597280537013	-3.7908113835081374	2.174440511798586	1.2184932859178323	-1.085937917512096	-0.9766864583425886	1.7165516333394997	-1.029086969544357	-0.2427090772727632	-0.7958381167759749	1.0355057867500492	-2.509270645268562	0.5324207809907971	0.16787338017079148	0.27793131641667346	-1.5667667772313654	1.5321990504611036	-1.5079086468268759	0.005260936980532679	0.46298121950980403	-0.8001574754227414	-1.196575480507994	-0.36515819450339837	-0.874127738860127	1.5735450035915446	-0.7472874748513659	-0.44310244345071725	1.3059906766234524	0.7846880052485056	0.1635686633480258	0.8492848118252646	0.6028173912339304	2.359907995458395	-0.10011223422336052	1.1722934712639372	-0.14169099412382216	0.46797926156948744	-1.0159205592729978	-0.6585482484214948	-1.0109104082655729	-0.19359342194581064	-0.8546479861789997	0.5341366265152089	0.6548360944477722	0.501427880813736	-0.7919666005106945	-0.47538760220419585	0.8198058107981014	-0.1820234600367006	-0.07055949841642022	-0.6290517967393073	-0.19155295039202014	0.4550589908681526	-1.7407264275082694	-1.6184884229523673	1.0939922648915636	0.22538733859622806	-0.19260984781203916	0.007763789867606767	-0.7829417161398585	-0.1333612803051691	2.2526474635540463	0.49715315452499903	-0.6304601423736886	0.5329324021599003	-1.5610829147517826	0.4677696083990675	0.20778998766094073	1.9298843791629179	-1.0841959177199252	0.5781164653150405	-0.6565104256237285	-0.3643649863506622	-0.8628260394998735	1.5182517634652326	1.0409683060555084	-1.430695119655307	-1.6895874671610491	0.04298219849712894	1.2452558978047759	-0.22283025109281418	-1.08042010552789	1.8157987838872611	1.7082749149887464	-0.9054036697354964	-0.5037651720270007	-0.7975197717801153	0.1304873115015144	0.4968382485816909	-0.08446335612796667	0.024458372357226223	-1.1700777838888639	1.1444496854134165	-1.7915859923694046	0.026802271843974414
DTXSID6046505	10.893761001463924	0.9618417833998889	-3.2381990857514102	-1.6147068767930586	-1.3262568032776363	6.0529459651014665	4.044351060704172	1.7578390005586355	-4.518114736972862	0.8579806959589193	-2.3905450783415896	-3.18229238644489	-0.7527204095865816	1.8733798484753557	-1.573565578442883	7.064869713605142	-3.626091511599505	-6.1205383474138	-2.8716717315020817	-2.2949696988627384	-7.1194542739146085	1.6262350283242224	-0.255941805664737	3.897533939219626	0.9854400774345903	-0.6201754160084976	-0.8822178574488057	2.319392543113839	-5.416976742560083	-2.899793895999022	1.256368907502234	6.013794576381731	3.747026275160661	-0.1591058162364537	-3.9910691975256456	-1.1987330555035858	3.7783792463419723	-0.4870878696926071	-1.5650085281655952	0.8315193727960515	-1.310040080967793	0.3533003574389794	-1.017650139037	2.409746970355686	0.5132249779400576	1.382167316414892	5.742610287850664	-2.8482920866508996	-1.7080678062007768	-2.119434581284637	-1.5622088585038507	4.239782742696828	0.9458082542306198	-1.757083987317339	1.411575680564084	1.2505514954591286	0.9023234086617022	-1.5299945987828483	-1.907103966881038	1.4811558575882264	1.4127317631806533	0.9226248596221723	-0.5298064785568111	1.1154486988149117	1.950122117027494	-0.3463662983062547	-1.7457495099196294	-0.9959290212816438	0.011354842864505464	0.1552690073008467	-0.22642278903935292	0.7474399043663977	-0.35782567285424993	2.370704846547902	1.5847222750836227	2.948455770784575	-0.7396444446671624	-1.2306184852007285	1.7144480811897909	-0.7645263602580086	0.9806438530570217	1.1679438599551735	1.9497424915876949	-0.9802422900010737	-2.979544335460184	0.7024993872176662	-0.9039784740732697	1.0540150404578663	-0.8106192601191489	-0.3024638970857821	-0.8358849149447474	-0.4291470557560826	0.9634439007318578	-0.9096522356471357	0.24451792314949994	-1.0005972988051737	0.30989886219933854	0.12824815894432556	-0.6484176873591349	0.08443405724974795
DTXSID3047425	-5.86171262787415	1.7602445816676888	1.6390770887669084	0.8156278730059834	0.7353830500203539	-0.7411511537736155	1.0733964337171193	-1.0735693885323592	-0.28871242641041533	-0.45783773649473414	0.39055671533741665	0.21892358154847769	-0.6340356423589282	-0.5439719151097636	0.1459675058328142	-0.4078778400246379	-0.10816973370710105	0.3497595442664926	0.5377860139417686	-0.4192123541119382	-0.2545202262802551	0.5010619626786268	-0.3192936960942401	0.5210107043262623	-0.3931121378146912	0.12533405717183138	-0.12936541404547572	-0.016677336630814672	-0.015476540319337427	-0.045979460282395926	0.14863689757655899	-0.3385144714674262	0.2198220290781229	-0.12788622309309883	-0.13820826232335312	0.0438060304575999	-0.39134485659561563	0.27508054318109054	-0.3374495121493762	0.2686576816987343	-0.06928192863220478	-0.15452140320879576	-0.33170409985794486	0.35063184291294786	0.2684172556782905	0.05842953152837632	0.014752055176891859	-0.35830069136919046	0.0584381611983341	-0.23874488703648022	0.08240462091447207	-0.054304389920016696	0.04960270140733635	0.06687801057459408	-0.16806447851137363	0.5055809992745112	-0.29551469803573716	0.3647231295589521	-0.137751273964598	-0.016868547270840015	0.27742696779331333	0.4445292417033968	0.14191352256671733	0.15783159438792074	-0.2788595219813833	-0.0661491572447708	0.041424562120067204	0.1393572326068314	-0.06208591307243909	-0.17191843773996587	0.24425402437360447	0.2361698840397094	0.0008430642112587368	-0.0478206342706899	0.0737948046638937	0.1823967671114882	0.1243161704587724	-0.012937256092198734	0.0184277998369369	0.05612081142857903	0.3621246325907622	-0.1668927744779432	0.09482389052626848	0.02595607377656909	-0.07892099339832057	0.1432666732608283	-0.24752817113524164	0.18492388359495715	0.02560845094493331	0.09847798588461987	-0.11272712346337678	-0.1341481094296769	-0.0842792014197073	-0.06878731508728293	0.005431493418934084	0.15598651238767366	0.012114393461813784	0.16150486100725542	-0.042057116804806116	-0.09762068945425612
DTXSID2057659	2.5097527322774624	-0.06433091971488981	-4.649477794361462	4.127484768434561	-4.287302330593626	-3.813974309847734	2.144768218230619	2.640875951035586	0.26584951374139815	-4.16536122133183	-2.6743872251022176	2.2317374131071395	1.0414028042603758	-1.2056591291811662	1.691909976174614	0.20041137403794568	0.29518823531477845	2.8344220137394673	3.1886466330801344	-0.18447935862222056	-8.862157512579056	-4.3537884678751	7.494895504221268	4.133471860137611	5.3036357542149934	0.9996708702207754	-2.6648629026206057	-1.853059573769835	-0.11990721513438889	0.3688402130614823	0.12184173828238938	-1.2091461660892489	0.3522280589730238	-0.39202505699624124	0.3810389683831365	0.1304856993408857	-0.9721899602294911	1.2612390827847815	-0.3177123994255214	-0.522455209242941	0.8377855106373748	1.1754842074751517	-0.365686705713388	-0.03589956547718468	0.15431190643716336	1.049709445800469	-1.7788937409078884	1.9336661606101049	1.5868316275703553	-0.2341295088836987	-0.750892930469332	0.9361353360882834	-0.16399455000508156	-0.26828186488675915	0.24486320321977562	-1.7077831275044886	-0.270459454396795	0.1543828733184856	0.5982381424734124	0.6876149238686379	0.1493511753717903	-0.31220197763017243	-0.8877325126794163	-0.8621297082856435	1.0121940382428452	0.4313120905708618	1.5989733315034147	-0.8743307419620617	1.462528714970497	-0.5788341538096057	0.8430754962302383	0.08176061823202337	0.6416709576009365	0.3524162795188411	-0.7890593001784815	-0.1594124948610511	0.7448245048995377	-0.11070286303622824	-0.06601233209463206	0.8387029771390828	-0.8973662841513361	-1.2016675366817302	-1.111435039052502	0.504772810002996	-1.3524218879417829	0.7978707619065202	0.04948260582933073	0.6701345367764463	0.20244711022726822	-0.8047332460760431	1.7303852716427133	0.8019392337047035	-0.8854203482261935	0.31403325910121505	0.9556437611740628	0.8277554956956888	0.03129007485584078	1.061041579698764	-0.10275659523167764	0.25394941683301475
DTXSID5022774	11.373330688947519	-5.071543669389563	-7.415542589296005	7.051628225680922	-2.384117430093529	3.2775907984962163	3.482232630912883	1.0431747660442634	-0.8551457270941876	-6.4808436399327904	-2.3280886329253985	-4.330101535667328	0.8737914122145187	2.942579380779113	-0.766200251725641	-2.4067646368255287	-3.766822542292946	0.1538892441897208	-0.19552746489741882	-4.070338141777971	1.163941834934404	4.342365076972679	2.355887111338067	-3.453498601638471	3.9560891508955076	-1.8507884563436228	-2.1578120462545423	-3.130533809425336	-0.04500320790860676	-1.7797088489161317	3.0468976041325595	-0.2709487674452033	-0.5284743459760103	0.31021474057214604	-3.3087238001640844	-0.6235154938725133	1.759002056337823	-2.5408814799375308	2.214752245478907	0.47803510890504913	-1.6639267182662674	3.1952349936862987	1.2129957877424433	2.577077096701633	-4.179661101615144	-1.7921170177689112	3.460222005537585	2.2617623373005538	1.0397589259095832	1.563444983703601	-2.555117652133912	0.4434290754008861	1.3919058189820106	-1.3734629819999575	4.003444933437182	2.3412367859601324	0.5644560232184351	-1.5696742391448075	-1.8049874957470626	0.31889883921325846	-1.2320379219742839	-4.145021945494417	-3.2901213492887287	-0.8118572138347414	0.9253624035007816	1.0688091858244086	-0.09821806105299159	-0.4166696603763291	-2.8217002894092973	-4.799796649041992	1.6784980967016063	2.9166584789701133	3.3722597370599012	-3.0313691462816212	2.768264952522836	1.65847312071498	-1.9991409951790051	-0.354787097497051	-1.0328592614986873	-2.1028157435127275	-0.5173418781757796	1.57566216874693	-1.36936734050535	-2.4180553175620045	-0.32543694827497366	1.500100480937912	0.927075349737855	2.250349476698386	-0.010525810464697792	0.22980722886426538	1.0771305431756948	0.11925601238410684	0.43753531198190837	2.0765157121395874	0.2395552767985278	0.3603615154240754	-0.56504405437775	1.374656844932889	1.2821392658445978	-0.8621794535400225
DTXSID0025812	-4.144360391035984	1.17264908218032	2.2440748181160894	2.958424899076517	1.8166793934419008	-1.7902498939607097	1.3571428790994111	-1.2374979903054797	-1.0937065416772853	-0.7210611262560347	0.5450909394313979	0.031520698042972355	-2.4622346306147103	-1.1637127459341445	0.34282312760729583	0.2312088619069437	0.2680505566599588	0.12556078084762953	-0.012780750083096683	-0.4353271719762707	-0.28975499436838287	0.18342507613981468	-0.9016708858091371	0.7892459573242318	0.10766384033690389	0.08093496503920829	0.1836960869062209	0.014825150851999815	-0.08390439060842825	-0.5814063162315837	-0.21418373013001626	0.096230909802021	0.2895662652307664	-0.11263154629532687	0.054474227605856594	-0.45021948994074934	-0.6491238867800789	-0.18724297314851443	-0.3994386498550309	0.5672467529300527	-0.28822523245905407	-0.3266626469454881	0.0031050222451246374	0.4190130858627909	0.29404296253957246	-0.026701288354733194	-0.07967799647663708	-0.3549610209740711	-0.1778005897022521	-0.07166020283721437	0.1531589027447797	-0.026842257158060077	0.12135436953367414	0.06509700662882752	-0.22194415295074177	0.5727974570293086	-0.42132179113986007	0.23116078062874817	0.03443827241789606	0.21427707029235496	0.031582943820095105	0.09629569152586308	-0.0301862685117566	-0.15345965405619055	0.09024162457215673	-0.18569007628111234	-0.22339500079052232	0.06155430570839094	0.31452385294136753	-0.5105464305332437	0.5790882252911649	-0.34214286868493954	-0.07331185032671551	-0.05569933491352433	0.1956993536515538	0.3023843842137067	0.14287891278744494	-0.16219394413964472	0.12205747185933695	0.2465045031626951	0.41225773464403026	0.18777085731118953	-0.13645478519515603	-0.10969897070451017	0.30322293549159346	0.12972969147510546	-0.16429978414849516	-0.04319095060839191	-0.3750429648419024	0.07449478335864429	0.06612134639247559	-0.009133695456884562	-0.04636998904443472	0.0015535991071921242	0.398644921300725	-0.05444894254279784	-0.06880476306567264	-0.05880367004930656	0.011570022164668502	0.06327530695831307
DTXSID4031980	-2.352956341906181	-2.593640798065216	5.836721457342519	4.594381653895315	1.2967190180738473	-2.9164234958901893	1.101493582863411	-1.294142288726543	-2.388313765487307	0.19945311644397115	1.2740225389885576	-0.896251639974325	-2.057923951455958	-1.531641459086923	0.11045061745665105	1.1316407917217561	0.7599263868365713	-0.2381619131031327	-0.8639931566405978	-0.19877341046264735	0.05061136686948191	-0.15947581487730328	-0.571046965078003	0.7373925127755018	0.321045945258148	-0.28412295402262966	0.07861890666836815	0.6114644215926158	0.15071515886990416	-0.1328340354357044	-0.2319638376823572	0.3083130831590144	0.18025133527816528	0.20298576194183687	0.230671339228566	-0.4374875372348023	0.12701065129054515	-0.8454863989948136	0.12687879701345903	0.07121982576116112	-0.2264660475549201	0.07542675630033494	0.3245201701867686	-0.38986039045913395	-0.03285525582982671	-0.2708484623369143	0.07017978182944308	0.1601376955460485	-0.5658303728965868	0.5428826143995494	0.2671355103711921	-0.04439143740175471	0.6945443769888539	-0.8119446637314122	-0.6237206468486425	0.2852941047712146	-0.62735187004667	0.7866111009495403	-0.060922493948523955	0.05733721112491173	0.13461607203424425	-0.5575082869305189	-0.50322288866615	0.009860884938672317	-0.19056952191303864	0.10883369029655816	0.0743540044076929	0.6879839115728726	0.4177970123696677	-0.43099585231443943	0.16903194838326588	0.059702832583234305	-0.056232009314321645	-0.32901577839650525	0.15992970511026072	-0.12047679740576898	0.4610052067878844	-0.010278997251116046	0.6902794876066087	0.008272314726239337	0.39319140426102483	0.5160384233635374	-0.26705561294977886	-0.08352592542061876	-0.18953262577160296	-0.43126024897337467	-0.7162778709155416	0.05132097223852653	-0.11389857423648643	0.06265548220771582	0.03366234750540788	-0.12586594608897148	0.47062692427130315	-0.49032501076675244	0.5524845930173787	-0.20531092001447368	-0.2907937665350822	-0.421208162022866	0.16650888025592653	0.09421124545636028
DTXSID5045546	10.15920082573572	-2.988934284740806	-5.776470406800801	5.27349120038268	0.16929069509256173	2.174518454317117	1.0670480087027367	-0.20129021856287863	-1.4227758172488856	-2.968214097416351	1.9678836149910495	-4.137916402325349	2.5042245262788647	1.791553748839842	0.18796429599169187	1.7678958094851518	-3.988468872448862	-3.5782851864617693	3.8041544633294864	0.6236478460875335	-1.5933821824850358	-0.5053370350223302	0.6121025596594738	-1.5439164301392996	0.7732803891933447	0.02973459982903332	-0.7060809696080019	-0.7595534999413713	2.2627287934810365	-1.7379193337831815	1.8469853537796956	-2.03309636318841	-4.7161251185355	-3.0124382051113257	0.6497241919563088	2.3640890928957985	2.3547711251537113	-0.5454793953591933	1.1107419368287124	-1.882356651501422	0.2587159866155505	2.9129859546440087	0.7407610138392051	0.9186999046502513	-0.3803540903049294	-1.897297421784936	2.7280727578432558	-1.0510992316234813	0.951022203671363	1.1056720210745155	-1.906033883594357	2.111052289685703	-0.3917179821573547	0.28537414830116187	-0.632699434274813	2.727660372242527	0.9191580303190862	-0.7367033892984981	-2.422884162358206	0.6327546120520771	-1.252035449301515	0.8253071219700805	-2.1980454181430633	-0.7041467717381464	-0.7385425483398296	-0.23396928552042082	0.2313020948086255	-1.153938541333525	-1.3327941543387978	-1.6180888463005512	1.7870001375167697	0.43493789472171424	-1.8327727163130374	-1.825795847724267	-1.9344983819731416	-2.781569006968843	3.242348342574484	-1.1073840088822038	0.239935442113613	2.4338608971641866	-0.30535270023795624	-1.2601470686658625	-2.099383867679978	-2.4261593031742126	1.0661550527784023	0.8551119084505553	-1.516951316697908	-1.1893502233528421	-0.9342675191627318	0.15229733186710293	2.1587423244956923	0.5839818774848969	-0.1506716432186474	0.40331518241110426	-0.31996271707016755	1.2722438336970059	0.1821380249153418	-0.09213612554837132	1.8550395747507156	0.03334377286876953
DTXSID8027240	-3.9593267808528836	-0.522628405962893	-1.8971480403215109	3.9833300728011323	-2.199235979900228	0.43344289877500763	0.07869851541964379	-0.7649827272595401	8.543167201849181	2.2669373452930808	-5.587712496694962	-3.7651962983833602	-1.103934093168413	-1.1377966893266316	2.114315121591013	0.47283212447801426	0.8959432497607114	0.8558301392095761	-1.7056476934621054	2.2656886321088403	-0.27418731039986144	0.010084354021384951	0.430599617746174	0.4933998229535689	-1.9107771318589009	1.6902164470394034	-0.4090555561215157	0.8878784385502265	0.12975680952459315	-1.3635111715669024	0.22656628333950904	0.05853597770865076	-0.7890445353532652	1.387027656624506	0.02970234879017145	0.513994330477416	-0.28578897173202433	0.09817279723762902	-0.3395575317003935	-0.6948715764703574	-0.4045231229467437	0.4462570174179134	-0.3663713756588682	-0.8370788188728818	0.27005714025895877	1.1627688125352846	0.30095498853155855	0.4755733744005893	-0.6427211251975341	0.17626819085639372	0.08311233748894181	1.8033749180496703	-1.1491595404890063	-0.3518648968402665	-1.2925967075134306	0.27578187983523134	0.38816453589620775	0.4237905909893847	0.6547120376772995	-0.6125490793067491	0.9162156188975221	-1.4574803995517627	-0.7016004219909104	-0.25546064148092423	0.31236167675216797	0.799149590201762	-0.47198942548680983	-0.3420955223534118	0.75274359663029	-0.853241235716822	0.08125449688742467	0.6766666326877114	-0.9606968685566031	0.31943452904498437	-0.2906261665987715	0.3408208064280842	-0.5302519199741641	-0.6217072181366091	0.16840916739863745	0.7886518969476528	0.15301187706766556	-0.8727995287390592	-0.09551719195545658	-0.12467910994758871	0.3247965053869923	0.9601800592951154	-0.5534860915785624	-0.5193901240885522	0.3951888838053804	-0.28824988797837375	0.06689603080336265	-0.8636111222275156	-0.08724710572631601	-1.1288532073649236	0.09947514116875814	-0.9395550232830754	0.9599052576113232	-1.3622637307012397	-0.008997236825321967	-2.056359095421872
DTXSID1049067	8.367295276807553	0.4968567282435404	-1.3252134105707136	-1.1026052751608812	-2.407097386844876	-0.4155487132719503	0.20518579210437274	-0.7697306440296394	1.1473855273957432	0.5182587059379844	1.3954682592372034	-0.7540874043633651	0.9817596098161856	1.1633724153248413	-1.272079336390921	-0.19493831571256945	0.5606213417616043	0.575862001126509	-0.8199630284737163	0.9789697418769214	-1.0127018532950196	-0.6111214042511446	-1.6356337892968664	-0.9394374913850619	3.3728580083517246	0.3837607854420768	0.5966599251617177	0.20321628881305565	0.2276319856467698	-0.38941280253996335	0.34390833704012563	-0.08940188267312989	-0.2930842567084817	0.730873444586155	-0.8432716949933017	-0.15664660784798495	1.0318811404765658	-0.09655304376256067	-0.3704482517393797	1.8593182107352038	-0.6483721892515262	0.5389767541169722	-0.3046004622783621	0.3874109843805324	-0.9650102449518956	-0.1215563720571625	1.2591852110511934	-0.7576409597219808	-2.7089789391377734	-1.500376958631031	0.12109021409109197	1.384203258264705	0.447654344563838	0.21259159675825798	-0.7909876226284939	1.4397630523837617	-0.9520860414564641	-1.168190204271776	0.8570641902164975	0.8405870418818838	-0.7334851577747792	1.444981241800525	-0.481860872913906	-0.010836432000279464	0.2822561836895096	-0.2851756150054317	-0.2023474824406122	-1.455590429548745	0.04022734891017658	-0.33784554664165756	0.038495423177397604	0.7335504646617464	-0.09998166305374452	0.805739282979122	-0.6005177460633453	1.1231143734745155	0.733727380001454	0.48655410680036243	0.6885631057072122	-0.6240022195866388	0.40177023038395426	-0.0520117706315804	1.6319156377648427	-1.6043523656825815	0.5245257926511239	0.24453066009108848	0.9996780535905492	-0.09411646499908355	1.6238010659213462	-0.02867625827343313	1.0018954868447398	-0.26977717002523155	0.01832958426844971	0.10838484263885206	-0.6974451070525358	-0.628821686333794	-0.19954897293468266	0.21380723018596628	-0.5209659058017313	-0.22876821902882308
DTXSID2027884	-8.832538043840563	2.9463861816766195	-2.0038035831041343	0.46693271300085537	-1.631320517141779	-1.6938711657117211	0.8151294654708577	-1.1015393559272204	1.0564395175978607	-0.7117873613229047	-0.5447874938667852	1.9983836853597206	0.9102686074892614	1.5414459389448756	3.7516650696312195	1.175424031710296	-2.5406977662510486	-0.19528197332462768	0.20097175064273312	-1.7039479025601962	0.3541216456567448	1.6824811810510376	0.5955295465759266	-1.9125425516505943	-0.06874095706211224	-0.9805271164499378	0.10774256811117942	0.996175071151156	-0.19021909712017918	0.8399160333457956	0.02861568524598968	1.149202145786842	-0.21931134871300206	-0.15534940743630318	-0.0011964123494889703	0.7454578724447178	-0.9522542231038016	0.267866030686602	-0.5854173731013431	-0.7105772627072648	-0.023917303004343905	-0.5109916529534738	-0.02769128494055377	-0.1954219231714265	0.6194022470224819	0.1370095047491193	0.28514921051225134	-0.5529946254441951	-0.6715970190517486	-0.07906689936742156	1.181739142419028	-1.5362830867525439	-0.6904317319975405	0.11652730096839825	-1.0130631424214724	-1.086190866061251	-0.48061017744685514	-0.5097517379140711	0.32804052021760555	1.0488666844978367	0.34758990109335214	0.4906599147481322	0.13942801167563088	-0.017418246485341495	-0.29948287585666133	-0.276831383003199	-0.18284462633137497	-0.6064250624256162	0.04126915881721631	0.9968313605711917	0.03992844073210407	0.2111899670588812	0.31561061625856107	-0.04044037438475358	0.6430589276496705	-0.2654587504861483	0.03981740997818941	0.11889630636052466	-0.19440027058834233	0.16853483671431008	0.12528464227963088	-0.34274301676185803	-0.24260507591982144	0.10021138404907272	0.37080943154819257	-0.2694647765263468	0.35616167915233354	0.11350053224993867	0.021506451414053208	-0.2531277452227142	0.21487994261499865	0.24388532214074174	-0.139547033177344	0.16116141401482342	0.1343643160877684	0.08190423895633957	-0.07174333613665658	0.04573449277995223	-0.057964855786235406	-0.17427138096707465
DTXSID4047545	-0.649554289294191	2.7819542163440043	-3.145287528611781	-0.7969957026180744	7.648760182075405	-0.20739159352989447	0.3137327869314042	-1.602370585859299	-0.3866680774643116	-3.8543017365065455	-4.071315729279917	-0.49487912204172385	-1.7596349944503746	3.1526824545490215	0.29254604807877455	0.10775240596152466	-0.44246065909249926	-0.05424893701770977	1.94645580171742	-0.7708418045613592	1.88631067542868	-0.8392173466190835	-0.7341025208940996	-1.49889840278699	0.7587133285379367	0.5970787567471921	-2.2558655158178036	1.929126562814291	0.22108064952347287	-0.2668282959242607	0.9227137265216042	-1.616807202843571	-0.36214938522182316	-0.7857614176116833	-0.5849380125637323	1.1436602654120007	0.5470660779218155	0.42799999218281737	0.9058212808753707	0.6430684004499369	0.4412399423359077	0.333720458724531	-0.6566106755225575	0.03389333355930814	-0.3079032545448282	-2.012556568912837	0.7437666207947339	-1.4100475062485638	0.542424376405569	0.4223910855746317	-0.8448893659332952	-0.04172122361781015	0.44792045425903554	0.5445557635016285	-0.6377970296021181	0.44709503411811957	1.7284545640948472	0.8890920262723836	-0.9106208674850951	1.98935639768795	-0.3064466412723181	-0.038170915454603216	1.4018565100451443	-0.4316244442340755	0.5333289827570455	0.6375554987088996	0.1373147843947427	0.7223562584762445	-1.3839964264532643	-2.222328365947635	-0.12754400352940923	-0.49081633371551364	-0.5151249562523245	-0.14939472056568415	-1.1538862132277368	0.08190054154225479	0.22764779968607357	-0.2986166426459115	-0.03984642855524724	-0.4538064769868566	0.5566473977573246	0.06831553036672994	0.2875500733950646	-0.10608738243799577	0.3593542251736844	0.6848931192277383	0.4917162652556984	-0.8347688700703242	0.0319251030767526	0.4774956171915672	-0.18955482311720223	-0.2107200383130504	0.2510845393189476	-0.3005489287615398	0.24862012818324408	-0.522494271631895	-0.3450247504792981	0.3712231099122595	0.05684885528972066	0.7559778711273648
DTXSID1027558	-3.466884085899423	-0.07624630785671675	-1.5425073059018513	1.043770554619609	-1.8944171969409123	1.2531961845778532	0.1977258032978464	-1.2142674918156087	1.5799792073011447	-2.639285792600584	-1.5033767829843994	-0.15160815878502384	-1.9711667543866254	-4.043957737768351	-1.5031143918138836	-4.171154163715097	-4.039302700111012	3.5103788707041095	-0.950678754705438	0.44322045079556965	4.093054471960971	5.809191153818332	4.007041448274022	0.7955138165933388	3.570762080649082	-1.355598978191268	1.1986155532292109	-2.71108309285761	-2.5627587735072774	-1.6878243269890292	3.0570683469421307	3.0718765282715155	-1.8530918458125039	0.31165260139828405	0.6187720807343686	1.3153040373957539	1.0048102674468808	0.34194004139743267	0.5292224790972901	0.9182582105148784	-0.18317654904172034	1.7154944776214198	0.6199871704823763	-0.8100372269916086	-0.12477582776481617	-0.6521024593179009	0.00649891620414532	-0.2668347660879267	-0.416086549778771	-0.6894354583359209	1.227033862298505	-2.082197660832407	0.26390456107677374	1.007721633108447	1.4871631271038344	-1.2387863074543566	2.3942668398246654	1.8787978911028254	-4.14062328670721	0.4090803216798736	2.0786792630426616	3.9360783344222954	0.2028151419902587	1.2255713859863058	0.4803812114929943	-0.018247418120398637	0.8858645553234153	-1.1588718746346605	2.3378386688627595	0.6062245437935234	-1.3280902378824389	-3.617690382036472	-3.2028852576131817	2.7391987385116683	-4.632731765872601	-0.034815047988233795	3.1279183469225655	4.617864836229041	2.1552785253772404	1.1478025608060143	-0.003431052852213135	0.08541750509988091	-0.3268801374072121	2.803727565093508	-4.56268010445663	-4.098044141129072	-0.13080250145114364	-2.416652579859608	-0.39838533687592254	0.14708854797048154	1.2192190171260662	-1.8037941581946484	-0.4574810862301813	-1.072368317154544	0.026384822885176743	-1.480354293305823	-1.4952667920572362	-2.5908181536492547	0.22587211597242715	0.22647308414859776
DTXSID0048763	30.319478945961496	-17.529170824606346	-0.4634514862030336	7.826095912894601	-1.875679783411193	-1.6456071609467573	0.2451233375146085	0.9108713481112792	1.8392308718663204	-2.593361594413008	-8.183426339761443	-2.1172077059987453	-5.982447661216741	-8.32560148322594	-1.1754665609787707	-2.297465599236718	-5.031851152180025	2.896669379062706	-4.498561545144841	0.6753312236724134	0.8904881919635816	-2.7971462738846555	-5.5556817086028785	-7.175330423001716	8.455735395545183	0.9453769639267701	2.4489467823714484	-0.06656728562139706	1.3739146580338824	0.6916874522118427	-2.1766896680542853	0.34737785597354404	3.8739719819097598	-4.087017823840003	0.7735715663839763	-0.5962110522414368	3.340308825247904	3.8875529422957804	-2.9452567857965266	1.5701377103500267	1.9781804488122219	-1.283200417896134	-2.0628196708181394	2.345269203553517	-3.1626588499334383	2.5048576955232456	-1.986136521999673	2.71440941778038	6.876753524301475	1.9564571310310783	-0.4418207855774536	-3.6182279296593034	1.7864209876986032	-4.338142442944931	-0.6412497329139965	0.9037877877836669	3.1069911815959665	4.337857995416038	-4.468645165736875	2.633050931914009	-2.6359424947405476	1.9963891991878997	-1.8488873713832001	0.6227241359867649	0.16579350052515365	-7.009106393026375	1.4643066581099398	3.892738298517294	1.7577156357693042	7.697870988745368	-0.8019405454359709	0.3668988254980157	-0.04242749589209519	0.13165796430853655	-1.3429913574284602	1.514546775798493	-0.2840155258484851	2.5988028085846726	4.639547737899515	0.7564236622748746	2.3304137994257776	-1.6673289526864479	-4.065425358081595	-1.191482796945097	-0.976144311906059	-0.15869428760695717	-0.2311676676317248	1.9422553947832881	-5.747049180202812	1.7683233078908092	0.053763923678937175	-0.7324316701196749	0.36498356700830964	2.1301052178361086	3.739840996924997	0.8198862641648408	-4.402899343481306	2.275412189605758	-3.62556223782352	2.5742823293515897
DTXSID4052267	3.657144089529015	0.14001738190657628	-5.286730722120501	1.2837065995582737	4.396190411915813	1.5838130183612316	0.0022878314522406934	-3.644181417579494	2.540747102747916	-0.35664266351349827	4.171925292889254	1.0236427644638333	0.2658851081492232	2.0007319471789975	-0.8464781934695428	0.5162648328810814	0.4005676930520437	2.4817003276145844	-2.2787468318968314	1.7830227352545716	-1.8766637658372651	0.04724328431713363	-0.8883021346462492	-1.6441644997347118	2.2152780203065188	-0.6931417985107865	0.7987093322544647	0.8696734076993252	-0.5239199157026438	-2.3668099551426867	-0.3492367458014248	-0.33524274569686274	0.5002862510414909	2.100709968512827	-0.0938355050525193	-0.6375602774038728	0.5926733369706243	0.20768718494969265	0.05128767575951177	-0.2478618977866533	0.6152811226120504	0.03657407357485779	-0.24601490918353514	-1.6832198473583189	0.6000211192809917	-0.4912448630666385	-0.5149560679494314	-0.04901626343818604	0.07420698928659532	1.099413178845197	-0.10718189568344091	1.0292074847730512	-0.43678364748387805	-0.8089787146014589	0.006181014951103651	-0.009303658724454725	-1.546032372730335	0.056311358229528895	-1.0193629587644157	-0.10402053503912913	-0.042774928681639186	-0.7269989278849975	-0.25759683261365973	-1.6601538123417434	0.0006122354910922287	0.28499422099634475	-0.016930073085776143	-0.6446180751444756	-0.5003217108343648	0.956759227483361	-1.6410301136145915	0.8529155356594801	0.4165581868202995	0.7220729729465684	-2.0594010227356603	0.9860497004888071	-1.2502592547880125	0.7169336622764034	-0.07840531220048297	-0.973669676849018	0.8992817692588839	-0.6280616725454243	0.37028185646609485	-0.18777878051352434	-0.6164995923416106	0.812180827637104	-1.1640461411017968	0.6698117568151901	-0.8745175256083807	-0.2008956432506022	0.33508674536604044	1.142025497536212	-0.9189673943287506	0.6591965977033625	-0.11582831458818914	-1.033894847436628	0.6229857807053165	-0.3932084679224111	1.0728003144247253	-0.5736602664770115
DTXSID2047064	-5.264482990335331	0.437264464998421	0.3686160628009494	1.9263022567628203	0.9647854631987638	0.12223570925685848	0.1413494726490047	-1.4275223067059848	0.15843814365295428	-3.1022997752658803	-1.5004114277554181	-1.9885121371688033	1.7167900997414849	4.181688997743502	-0.241341670215352	-1.6475747891705905	-1.4965482225673412	0.04672409817560145	2.549809207229486	0.34840429148992574	-0.029666567824772633	0.1316526108541896	0.2177267408872632	-0.6026208935203976	-0.7379349102174505	0.0941784915394395	-0.03893473222306905	0.286558728217172	-0.104806514916271	-0.6971029738051189	0.9415661205083169	-0.279998442878457	-0.9332611347699598	0.239023522517397	-0.5824860973508148	1.0564274152414914	-0.2124691770253788	2.1503272152827635	-0.9352910392365321	0.5491520038453044	0.3132460849511287	0.4626023587989976	-0.9824232899415825	-0.44924610440706936	0.3643322975446425	0.06787724024849401	-0.272602944612145	-1.096039842136421	0.1351694302270119	-0.04708568484203376	-0.8028646283062727	-0.5796176354794057	-0.457331873698716	0.00785809756698379	-0.40143228792502433	0.55962862776457	0.044124925590502954	0.12931691552424807	-0.7890094932105102	-0.19840260945937596	0.29773069459505663	-0.8211274066943092	0.8171980400821961	0.6212923475196117	-0.17135839215932303	0.7317807006487337	0.16281802315601782	-0.3364753032500363	0.16631518342488744	-0.3259746726280406	-0.13755191788231774	0.06338341553816543	-0.16873045353443805	-0.058165810541235374	-0.4814076337539899	0.6154275652952211	0.6761489113719336	-0.16149316056121477	-0.3072230523547574	-0.2777185170767907	0.05086397979945351	-0.25973488335590045	0.4746129794023441	-0.3903521838437847	0.055272343040104095	0.08400585828491362	0.19464497638832332	0.3884177639484336	0.11589616009056614	0.06550838911477229	0.08805899981808246	-0.15131796486215915	-0.10336453561149808	0.3433300501607496	0.46051310536257456	0.11190500733566973	-0.059386674548152496	0.055445097064733904	0.512620371446756	0.24485581039982843
DTXSID0024896	-1.2742423188023126	-2.825470575097928	-2.4733619515005616	1.9892748861818255	2.8853771137678246	-0.5391019962870154	-0.9819776705785696	-0.30606202896264456	-0.49365449942125794	-1.3170713449749483	-0.8841132943457982	-0.9164705482901229	1.0195863683614628	5.613831404447932	0.6892893443716211	0.05461118482599651	2.8378824479055296	-2.3200942453739795	2.5985277122507866	-1.3131693989904913	1.0757406263341183	1.126739247731146	2.109087824964354	1.2646695038515727	-0.4363473540574689	-0.6681555038358508	3.1505813010060923	-2.372365530723274	3.1723441604810487	0.5234662732095524	-0.902304747452825	0.769002100062639	-2.129627595363673	-0.8033820100122299	-2.3318612354333523	0.8809223698941151	1.0857902834217241	0.83436590197403	0.6838196614113209	0.3433718279493171	0.4109073105062688	1.5624568573834392	0.1167368734268158	0.5563122881306881	0.8922366708092423	0.14370573302194434	-0.16123084185045328	-1.2382057658004018	0.463907683966912	-0.18983447673390008	-1.5150762367796669	-0.2618755786497669	0.5081029131732228	2.528538287111629	-0.06791434691923622	1.728489697258633	1.250997433063244	-1.6557235827543086	-1.801495093720165	1.9357072504276236	1.2764601025481177	-2.681213963597579	2.472130731499128	1.6664226773382171	-2.0836759961878277	1.5531638641342145	2.855857391409121	-0.7671633791669996	2.932536757337808	0.42329938385344035	-1.9186148430575727	0.5993399585372031	-0.6104698343584499	-1.0192986802534183	0.36237215744342893	-0.0373170948756092	-0.8109324764796734	-0.26019544358807634	0.47785832168125236	0.33054987494404403	0.3248694621571077	0.00707333479024805	0.42122176289295593	-0.6776578214344734	-0.6391259658378131	0.2214292980451414	0.312557786772498	-0.07565902881098273	-1.1866709978920864	-0.058140834196431436	0.5956615821406314	-0.237463989904567	-0.2626525190379975	0.4155669762693476	0.05988525680007793	-0.0737180699021802	-0.4321473124386407	-0.01537650688753965	0.06301799600978641	-0.5086322460270972
DTXSID0023660	2.1812254852724844	-0.8821625747172853	1.9256629817627589	-3.800097634270372	2.411054558967171	1.9137701366288578	1.238592436393437	-0.5685177022176676	0.7977490728715327	-0.5223419590403371	-0.35690310865135183	-0.655337463513849	1.6333906289919544	-0.08787103488227056	-0.5729682305773899	-0.5644801542734106	-1.374155663938209	0.13952569274078983	-2.3992852116877397	-2.0149767977933553	-0.3846168719823277	-1.109209953079161	-1.8332774586402043	0.48069952325065135	0.8636261648342425	0.9329945098534579	-0.9203029938256799	0.5131369114745837	0.14024765158059688	0.462649028338735	-0.2182008200145608	0.2197923266613339	-0.6791134517422476	0.8709764107819381	0.16410370169955826	-0.20988480993732342	0.9365316352756226	0.7951943864029234	0.7953029069816342	-0.22036786154766003	0.21531276865833837	-0.36092530988141225	-0.32974665064063224	-0.6679879380923422	0.5513623967292397	-1.062455855995759	0.2753253124468816	-0.8550684684330002	0.7204975124625816	1.458055617681932	0.3039052705578869	-1.1963045437625281	-0.0776770981639607	0.9509215138668556	-0.1655710890223705	-0.3430800528201258	2.003918397645463	0.8304407895555554	-0.5865378976523342	0.1911289669676044	0.3017337692998763	-0.6596930707820939	0.4268307265148911	-0.3481091491217124	0.048552631832987095	0.5543135287092577	1.0584602418343718	0.29476320150169616	-0.6456443515316331	-2.621977960528969	0.23364505422212029	-0.7425471762275077	-0.26328056302186353	1.2075838518217912	0.23521892936879746	-0.9754076280456527	0.20092834604004606	-0.8431221989625896	-0.8511901644315969	-0.09417253721970721	-0.526260797075653	-1.1858694571644282	-0.1240601777446363	-1.0957026224365838	-0.27320931546213556	-0.11178719026999161	0.8860493731876777	-0.46251572677519054	0.9610253999850218	-0.30246558035451987	-0.09150288272788316	0.5453389713124792	-0.4081209068490544	0.591892491893684	-0.08174326500889681	-0.7514642453896321	-0.36323766061136803	0.5258034489272955	0.09770955916472025	-0.014929510796173792
DTXSID7029247	-3.253614389471952	1.4694966085723964	1.1448011274246552	1.006604966799553	1.453639479238353	-0.237499516107378	-0.32260752524978703	-0.28004949315984573	-0.8041304198700222	-0.5997550308030866	-0.8856133974322745	1.3573904238618377	0.19535292560019302	-0.6714958156971473	-1.5041415363792539	0.009907023338997144	-0.21881297653535423	0.9611081189552861	-1.1034615433689705	-0.777575571037345	-0.780221726923565	0.46879064750966515	0.8107888716876404	0.6428516281630607	-1.3180923169682457	0.691758111071514	-0.9944965647954638	-0.3128887221709678	0.39312224120572237	-0.3683778216595045	0.40561131054357147	-0.051634251059932065	-0.7460175000781742	0.6657764373732433	1.3359831074177362	0.021776597974249686	0.5293647360451862	0.7651007589643799	-0.6546594707922861	-1.0925983107315316	0.3746086466618417	0.1572788294538589	-0.33432038128981234	-0.8809909729192994	0.7619017438249257	0.783772090532852	-0.017047936165402854	0.6050097408516417	0.24844904852656022	0.44375109874382995	-0.37931101221848823	-0.31933374814320054	-0.042034558137306964	-1.141600114930751	-0.49768309101996244	-0.6387474096894832	-0.5014475912700338	0.6227710244866088	-0.9468407276750966	-0.48906845328735754	-0.6812884009052936	-0.571532309104361	-0.4990930059506092	0.9391401708774378	-0.6180333234236411	0.580449584416878	0.7174379502952294	0.047693953797656514	1.0674820872230688	0.1258978082556491	-0.15838757106190254	0.3276337350077333	0.7486933372979178	0.19703819842485634	-0.5110315067823964	-0.20689249562754936	0.700037802195738	-1.0217572025803727	-0.3194570614987879	0.547111725260888	-0.07393456319361588	0.12583086476093022	0.6709505325752583	-0.7184536541639148	0.8586989785169175	-0.0708428129943027	-0.40969915806885426	-0.8425899483045549	-0.6228723991622357	-0.33735183835721866	-1.6937481343119591	-0.6266425722499103	-0.23216774487588004	0.1491716673801126	-0.09044630398846135	0.2073216182917075	1.0176359490915572	-0.928650734767478	-0.8807475864929619	0.39673548197133224
DTXSID3046619	3.39402656308082	-4.052527351779451	-0.3805876381066738	-7.261687524613404	-1.9079937653592667	-3.861500503833375	0.940798897226876	1.554263043078548	-0.13555389861509085	0.9211705177363434	-1.225044386765835	-1.541544293553507	1.731700768548595	1.062355918612285	-1.850190466600871	0.05565193543617842	1.8673700227196166	2.2022950236564593	0.9716975510150121	1.1149327003322718	-0.10493010851510995	2.31039108654742	-2.157865618970208	0.32003365882538787	1.2941818084950831	0.31604008491481195	-1.1815980812752223	-1.0907539073122319	0.05298602011068957	1.871796775832687	-1.2654296644961915	2.4816868651297876	0.5591307528199757	4.012839275821025	2.0071518018136225	-2.2683945527224156	-4.284937187289399	6.481892765446003	0.4341908836959548	-3.2084026139723525	-5.396009616741457	4.705476105994274	5.83260919975325	7.736966793197147	-1.7286458275757333	-5.207439256633717	-1.1231179839855656	-2.866070076253764	0.8222830381937305	-1.7318844663335595	-1.2200488361906534	0.7202720948725696	-0.17669423364702153	-0.3925033052901918	-2.7399001377594563	-0.16052341877848947	-1.6673199411907103	-1.2165426531107737	1.3757162192634482	1.2294655764855897	-0.8408270438913472	-0.09094687646841884	0.443437936391915	-1.3292654926238399	0.9022289958318733	1.614030434490908	-0.1861702010753518	0.2842531646728698	-1.1894310198278502	1.9807878390435552	-1.3034581568713133	-0.09710095307633305	-0.728323629366307	-1.5419835022889834	-0.166363881611844	0.5753215763175795	0.37357719775500636	0.5210864191669161	1.4378166026308175	0.15825154330413427	0.5611724023160708	1.3664857981283391	0.2188979033692521	-0.46940060062052696	-0.16629076915499238	-0.11366344405544951	0.9181066830152579	-0.29929503207095504	-0.49791244693782516	-0.31202728494754317	-1.0185474496221174	-0.08203505840164763	-0.4228335250257218	-1.206563022173498	-0.7937255717249648	-0.01278984765031622	0.8741058929180714	-0.5100274307780198	-0.24755357983984497	-0.10250401172614858
DTXSID9047916	4.330054876573479	-0.6766987975322076	-3.6400394410043195	-3.8669620906624074	3.4294355861255195	-2.3043410549093655	-0.55148555558603	-1.6622343347371025	1.7907810796779704	-4.799514430655393	-3.694242086076955	3.9182548791470464	-1.548203768749059	-3.8994900885140775	-0.8879773531422456	0.33512634416365866	-0.04327988741013249	-0.08460122711044972	0.8020514232960267	3.541120202881849	0.20691637231082188	1.255995578447978	-1.7433399562418455	-1.5970240235820221	1.0015379346526592	1.1487123497943101	-1.7687759764109257	-0.7537975990938238	-0.12212045617899407	1.3425515423328584	-1.3199207832127218	1.8034672102235643	1.6646686024110329	3.997012186354483	1.2267743608070987	-1.124901217011793	-4.624147999978327	6.243370242949093	0.4899626819097505	-2.673641593733688	-5.76453833191455	5.102239708539554	5.427722437048624	8.786184930444726	-1.4104820108007905	-5.183297656076145	-1.0177131916106357	-2.8355103135764548	1.9029263236122729	-2.105539712655784	-1.5230196858734204	2.1153847656896416	0.004388684336433821	0.17629099607790047	-1.9108939021381939	-0.5668773293290805	-1.4570344436359535	-0.7607250795049137	1.2436673186021152	1.6521415958342967	-0.14058234940514203	1.6610915692400139	0.6791902139651761	-1.372267395080466	0.7228099130918405	0.8689365735752065	-1.1734535236527204	2.5755714114485837	-0.8388958070154228	1.1479170837175101	-0.8192164412992902	0.18494713511101968	-1.1176670780619955	-1.6741449033029607	-0.7685431211949711	0.5800289167254997	-0.7850536148030295	-0.6369842701717415	0.8928095270395208	0.396077679010154	0.3752936671173995	1.4818394989666528	-0.6917523784216035	0.03496677650427405	-1.151364719863495	-0.050000322886447464	-1.7885341398186185	-1.043611226837248	-0.6327584245160266	-0.510783655112092	-1.3816145996269842	-0.7787222608029776	0.3346640374959028	-1.451413641540457	1.6625588979071797	1.2975165029250715	-0.020800734404237877	1.5998233514268068	-0.7715879699465238	-0.5080705055139756
DTXSID7023936	-2.1539523566551115	2.9631083414893022	-3.357534286273544	-1.3256621713492138	1.5332933645458822	1.806736369530735	1.5976213941614374	-0.3577949646069092	-0.09635061505504357	-0.5959282471033216	-0.15095519174328728	-0.34988146198896214	-0.28013100502051336	-0.20278983773190218	0.5709292761171523	-0.8505352584379449	-1.3179736286979156	0.3377419888209295	-1.427539401812221	-1.8869087649466296	0.06712560065789035	-1.8959242098519768	-1.844494434800764	-0.02418843292734105	-0.22954923056007143	1.0309769014263315	-0.09385101991281428	-0.05186953997061763	1.0822025560924162	0.10709339676956935	0.6849140980200973	-0.5744472303050567	-0.41166950687800674	0.7538929313160389	0.40078792465410956	0.14893629732625122	0.656113190819131	-0.20421845264522415	0.6232916225054675	-0.6672483941843105	0.3688249121732502	-0.24490848283624353	0.1875774307097554	-0.36375583918468435	0.7685178008800717	-1.226305668695988	0.26845000542948233	-0.28722211038173656	0.5272269196103863	0.5744165460654379	0.32821119287461303	-0.45066578121578094	0.7017528720594293	-0.11248553666755871	-0.27809206826352856	-0.6948651055676036	1.7843841745535416	0.19496371965707793	-0.7858223983983391	0.7838617158153519	-1.1776223455838353	-0.9655812718898061	-0.614081777066722	-0.44754002881181376	0.49611465464981824	0.5697399645529488	0.48786286845879234	0.9398930777164429	-0.911157405972319	-1.2801506926025679	-1.1452383898449534	-1.3489336786550794	-0.03093783577554617	1.002609304003549	-0.017850890800957926	-0.05636467068080924	-0.5960580868507405	0.46527909986410115	0.2750089767363684	-0.7487416653560369	-1.4164168176025063	-0.530819768142454	-0.35948400863727004	-0.07876942208627274	-0.525655027840961	0.28708988861141255	0.42986006016926287	-0.3782986129011543	-0.48753713037821345	0.45028017345583626	0.2352262629933326	0.41867491146694585	-0.19033368062095962	-0.2752791523850179	-0.3352172705965425	-0.5059905472419203	0.04786699915321713	-0.27628050335300675	0.07413917549245198	-0.19269809513566613
DTXSID4020901	-8.566775183841655	1.2672005879367012	-3.7192838442217995	3.481274322848449	0.1664907693591117	-1.275280402567148	-0.3965457741643646	-1.3302818614614171	-0.7851675149034515	-2.2618797837527715	-1.7717687569741614	-1.5285749276673513	1.454848118465979	5.163268023836348	0.18608763772588313	-1.8336918596992557	-1.0662721218935143	-1.2651169917616998	3.0855661720716716	0.5397160283593234	0.1109117280154381	-0.24734501284542207	-0.04979916630990285	-0.5354636384982862	-0.35884705955256985	0.22380825030733056	-0.3292767329473192	-0.7656406173905798	-0.32837296814961126	-0.9674058810690006	1.7479291250093156	0.356394839074283	-1.0336545616082253	-0.06385553824419407	-0.8899598863977078	0.6165055635038001	0.6998224291137036	1.2894051666089954	-0.3379998607533473	0.08064218825827357	-0.06058003599014689	0.7256611167013142	-0.3344034060483428	-0.45377088157290824	0.1847444099333111	-0.4525874498070103	0.03657617371961706	-0.584043938180805	-0.42864911864858224	-0.36548077321366057	-0.7471042499817181	-0.5858901308495257	-0.3616969459343526	-0.3446483494278583	-0.9211782476486164	0.6442559562608332	-0.3712325062733747	-0.6495414058285195	-0.6688454457867907	0.39245830194128	0.08276083216002468	-0.5131491202564368	0.47262000423025535	0.21494026893891754	0.051626423118906875	-0.25515453444336444	-0.6241417822880211	0.232241534761497	0.6543671587126986	0.24873952987976972	0.018705690531144455	-0.42865951184142076	0.2261064617153391	-0.24629586071568277	-0.12033697912627912	0.5968762342580709	0.3611197009767537	0.37183989377053184	-0.6661376974797569	-0.5302440039698683	0.014954383061318816	-0.1908893740443893	0.39565451522516215	-0.10156697358122058	-0.7370727479733445	-0.2312462109394173	0.10233556662456243	0.04117738514475736	-0.35951673095045183	0.308443520313141	-0.011187875991984121	0.283221418545072	0.21337428860378302	0.4025661225952694	0.15453451863617332	0.16097055441992705	0.02103670350941548	0.1676653039513891	0.23731484077832027	0.11800923398428975
DTXSID5025659	-5.240332736174754	-0.22825497671979894	-0.2707192549494909	3.2136313431120995	-0.5630080798760159	-0.5757770207536621	1.3337530617360869	-2.2227401399641034	0.6594980770444261	-0.20936497820522493	2.540913766614071	0.4904956530919409	1.076369176155345	0.34390134522515303	0.3904728670327175	-0.19212171798871422	0.9944756226524266	-0.26878375940989674	0.6801937614158171	0.368884039766211	-0.011872578222380113	0.7221789577399521	0.7801998708940189	-0.2824966362646433	0.33493241459255685	0.28950407649960014	-0.780578016628637	-0.44854490467809915	-0.6066863148590618	-0.9403725745921475	-0.21157742070301994	0.7084584621012215	-0.3405879036851409	-0.5637129395790325	-0.45041254124008046	-0.6755487161800643	-0.012424559161564782	-0.09558006774710524	0.0669943781981533	-0.2176242244680503	0.36829123500339483	-0.19133851742564975	-0.13117863459096268	0.646305622787998	0.3279833736935655	-0.688855945739253	-0.24593319437700908	-0.06312484321851847	-0.30834691728052693	1.0859117042489157	-0.6038705697733135	0.23546330480339417	-0.07593519349542802	0.14883431663604127	0.7234321993675791	-0.06317229781130115	-0.246028936273854	0.35875773156082547	0.24927617531468105	0.71308062605872	-0.4781081481263781	0.0975612043801646	1.1491968192682354	0.14409853082043214	-0.5808761266564416	-0.9313639776970004	-0.9050813819251963	0.2956634973815135	-0.03590719158111723	0.2611159709682957	0.2345848184388433	0.03274684436188458	0.30566717138671695	0.9751888036467331	-0.2625422793968021	-0.4048267516030878	-0.6409375607994786	0.03458160283182731	0.14018143596168045	0.2542158353485684	0.09656202958080753	0.42359978585544006	-0.11805280667057151	-0.3256255471516586	-0.3189233740814354	0.028164512591263083	0.019802898350725146	0.06748989977551108	0.42049054237294553	0.10958317087004263	0.28777105373286765	0.17712829686876183	0.31967447499026225	0.26190486265665275	-0.14654744263724498	-0.2993965391240089	-0.09202308709740194	-0.18108396618229475	-0.08110521368290342	0.039886795721012315
DTXSID0020020	-2.6413196301273	-1.0801685285548872	-1.6834600236704027	3.8036391805101353	0.33891726642357084	1.6643613516205749	0.09810323609451137	-0.7327512312086109	-0.7732858070623914	-3.6349052951031817	-1.0036703778286744	-2.588418090796939	1.2810784397060517	4.009002248659899	-0.517417404073606	-1.0814095481200787	-0.9031549181066105	0.5715810351990203	1.9176987251436848	0.2627552944728606	1.1430662804258593	-0.9246392310513544	0.8603174027472723	-1.013749496050341	-1.1047589634931598	-0.2364650654966706	0.685640235393638	1.6343016881831844	-0.07742453616397334	0.16136780040346313	0.7484148984882093	-0.6088660006826956	-0.8640815193104102	0.4645930810795139	-0.4647563857471071	0.31386396129396343	0.6610991874488173	1.0942710361541073	-0.020128121881695892	0.42913789312112594	0.18274708989300462	0.6037225676218206	-0.9349521838506877	-0.2721387199846707	0.27377707484356184	-0.4621284871854257	0.327448798834977	-1.0918222391663797	0.5497644833509313	0.36705617192359535	-1.3518335625934212	-0.2636456763920344	-0.34363165351166103	-0.39296825388058004	-1.1680425876119565	0.8475998691498499	-1.1728833818615831	0.5010663924116032	-0.3925939401621359	-0.3907049288882956	-0.3057652146002291	-0.7624114222260828	0.29691593701980257	0.7716647275521612	-0.34981786803568476	0.3735160985407219	0.25341702909737085	-0.3025663005092652	0.9609108321081206	0.15087861569056266	0.0739076883370571	0.2897444159847863	-0.24694793749768576	0.07657919867868339	-0.27487820758906006	0.2566018221377031	0.8077253852819662	0.10187273319170607	-0.12002620425112864	-0.4317644059681724	-0.2470872661552028	0.08269559375165987	0.4604304895923632	-0.585224418002965	-0.06406408679922598	0.32971968050298045	-0.13154427113138126	-0.47774638389293433	0.2690740198150093	0.3593520920163184	-0.002143737207329753	0.23330639574764508	0.10650949096253444	0.02322009903976954	0.22553875813474286	0.2158559632888542	0.1397085755296032	0.20530963690617704	0.47116432339980396	0.2860558860374766
DTXSID9044740	-1.9751456290812364	1.263764738160572	-4.174472568638654	1.5625069188393335	2.3297352027196028	0.978871472051693	0.1393446978348812	-2.997512262366171	1.173980150301264	0.1304562453879537	2.657520923313243	1.5385125685632468	0.21612696074666227	1.459608217436958	-1.0321671596537816	0.35863444876207407	-0.04499542244770561	1.9187464909000695	-1.6375026770926024	1.6914502770015694	-1.0651432056248955	-0.16800955104013984	0.5333176567027756	-0.9572138972536772	0.6259509217777504	-0.41956531951041415	0.8522275500465726	0.2959011101933763	0.5203713701880186	-2.5413700036357563	0.4763541191153351	0.676413253229449	-0.5265489301346014	0.9919112187973327	0.5518081769479191	-0.9254826659697074	1.3836915245399484	-0.053526510162535464	-0.16762445360537143	-0.8058348929001414	0.4857067948543132	-0.10822058616432073	-0.2595210155381753	-0.46125666938167853	1.1110825278661698	-0.5604603169991927	0.08713630061126747	0.2593627743641384	-0.10632438777585165	1.8219066798133825	-0.8311455205632489	0.48031318350267577	-0.21660912980411473	-1.5742750217357917	-0.4281411689740189	0.017587206365574416	-1.4031306934245076	0.29376429511707675	-0.7719889100011192	0.030143728640297948	-0.6740675471553916	0.1528880360598907	-0.6316644514126728	-0.5385549027791364	-0.7736814816379008	-0.17190783085406133	0.6657278356287881	-0.24264077597514289	0.4212488693955958	0.08940234310574528	-1.354227449761865	0.5044976809927902	0.016289015785096454	-0.32178677285236706	-1.287111013857509	0.4853006270948506	0.1780217036813567	-0.954580977259743	0.2559156237957872	-0.407321052349369	0.862389494679904	0.6249880413751804	0.8367564788984152	0.3014609460094642	0.02269240420236408	1.0501471957921342	0.055500454479963296	-0.3090446994366864	-0.3820090848587181	-0.05611050599998894	-0.4495191015269953	0.6228799407077101	-0.5057392837517143	-0.19658421575154802	0.21428423408335648	-0.050228245673380106	0.449588008191493	-0.34817251158964396	-0.04279576787552963	-0.11379967561709448
DTXSID2047191	-0.2133940292250425	1.3123778415050402	0.9365066319050255	-1.8860209315641954	1.2617118721895726	1.1238390077634302	0.4989966233165125	-2.641285796408954	1.670318201604894	-1.1117513744540837	1.4148775200470238	0.8305040992450483	1.1715218833149712	0.9713629820016966	0.27045027049212933	-0.6508431801548833	-0.7253607385675988	1.7150542642541655	0.07033798149628999	0.7208277021119662	-0.6950898756342406	0.7463544341875479	-0.8596395488697385	0.7896440687257231	-0.3374954096432118	0.08710913809143521	-0.2503181152839886	-0.13096781952388625	0.06378089016525829	1.1621149158824984	0.10036205467157903	0.6683885705698334	-0.03000883417161265	-0.6463329036950257	0.4265528121542505	-0.49036727629493143	0.5161001161405381	-0.3472249875626363	0.6176649214184456	-0.8079222360663814	-0.014716284606656983	-0.9882584881447178	-0.18600573961451744	0.08773053928430127	0.4337618017278298	-0.4256423104511222	0.6082141630106054	0.2326581215744663	-0.10405145438876798	0.532626725815771	0.3005036136677432	0.012568565452679308	-0.05425105750533021	-0.9525352822452446	-0.03519719116876876	-0.23016212801404762	-0.5742222676819706	0.42674420619632364	-0.24402424299004677	0.1740753482903718	0.5468044337682707	0.24901882559997252	-0.06822813505444045	0.2597584553603632	-0.3365424562515369	-0.328338662604053	-0.205723567212771	-0.5444851623293113	0.2748506568592089	0.380205099873061	-0.16015800679507824	0.2815806487431143	0.607119532992785	-0.20825526382436466	0.08307466063412135	-0.6901151250926576	0.02395597188852046	-0.019315145474431472	0.310987883919532	0.02556063100194626	0.4311363879550983	0.07713660350020485	0.08552707452297961	-0.08268431822162271	-0.16862970874195923	-0.016343247730274752	0.2839159258941212	-0.15853960843183681	-0.0499316734831014	-0.5257269621266737	-0.10531672295621268	-0.0043719506331534545	-0.22433183297051806	0.448636522463881	-0.6088608532480606	0.08810312429897912	0.1722038377382104	0.28285397799556133	0.0356331294063743	-0.1432696736155181
DTXSID2020634	-6.169614278824002	-0.8329979288013845	-4.165934756307467	1.605708407806592	-5.203873489531299	-4.03689025553831	1.0163806651473886	2.417238657889341	-0.44741369544439596	-5.575300375230916	-2.8585050799701346	1.9617589235957582	0.8771659776029073	-1.3662520136191816	6.675343317019121	-1.187175089543275	0.06958549798073027	8.452740699432496	5.219417924599218	0.6449499343945042	-12.101631062405714	-13.074659830360652	13.338874926385902	7.962200032103537	10.630139533145842	-2.3762940370362426	-1.2749976148275841	1.7216083197349377	-0.02557004554886109	1.584143872097186	0.025868935844706564	-0.1691713578325134	0.41868860746215725	0.2652571969884595	0.09675679896676997	-1.575816595879541	-0.715090984968832	1.2863495804487777	1.1659038536331852	0.2576343618630765	1.5023985742139716	2.5107985941179125	-0.4996266718208125	-0.22226931623123095	-0.3082667057320981	-1.13337710957139	-1.1080742742586194	2.6611605450745732	2.0344847530125554	0.23701304927165912	-0.36180850377452295	1.6541399788324334	-1.265528618846147	-0.009039546232166329	0.6923745593112121	-1.310218701044954	1.0827369357426544	1.4326175422957976	-1.2819149112159134	-0.41346224040267304	2.2421629126296456	-0.8797411781195357	-0.20759753679674775	-0.40858617202998265	-0.3517475767720793	-0.3118357647623051	-0.11230560001531971	0.12569694190309447	0.004002230732022858	0.5730893510493652	0.5326977061896419	0.5599200346502656	-0.5143678417880683	1.0775640655795984	1.6609831252694305	-0.511217539205253	1.3893933306553738	0.9766444901907148	-0.5066151264867327	0.21566703366895848	-1.2545522116796664	-0.5573130535803723	-0.6408538466082647	0.030569036502657763	-0.23651566284624223	0.7738228885258647	0.8965576157536574	0.8504667563597944	0.24680870713123695	-0.6707449932668891	0.39081181868594217	0.01437380327900859	0.049718995369929186	-0.12153902469642833	0.8121517555706861	-0.38120226194576945	-0.03404695532806869	1.0138734304520547	0.033316183772667284	0.2936866641517727
DTXSID5057628	10.359136532150412	-1.0233680936412584	-7.808364765077888	-2.5820067918441088	1.591357580755233	8.39007540892927	8.138565705449134	1.1727314240168631	-3.1233921169366834	-0.31425525456854675	2.5647100425954785	-1.6132857116977743	-2.0591777090291155	-0.6554386274788149	-1.6746412455528066	2.5546333602666236	0.7063917732162527	-6.214216065368326	-0.03911640768660187	-1.808069456373601	-3.8416603969015406	0.6917936915928505	5.633319013471342	-0.4843699601495986	-2.437803389236341	5.032586777938136	5.212280070653413	-0.9394906386274177	-1.9004908241395886	4.403919372121748	7.036245636313578	-2.2950283320271976	-0.1765015370971029	7.8954797598717965	8.008747061525323	2.2152387498850965	-5.0142762719220055	2.3851389355876185	-2.29834373993162	3.4215321896244317	-4.430288589703942	-5.341604665897444	-0.41619521811006077	-5.633595808120596	-9.775207926109475	-1.034093295767332	-0.44724643115407964	4.3424184012327744	-3.6327045672844394	8.923233055986548	5.284970822922987	3.055741814032456	0.5719468294641892	2.1188487288513307	-2.3159615025269082	2.0977468416015306	0.12102422161040106	-1.3101866716246144	-2.7224922746530695	3.8475511173123262	1.220142549558704	-2.92541309076018	2.6362956453841457	-5.647156008228039	-1.3319427332625073	-1.3889473165201836	-1.5817474145490287	1.8657488281729546	-0.7383574263730639	2.366538941505732	0.7183110587746652	-0.5106555070690204	-2.3834401345022656	-3.4432161374820653	-0.30017638384354217	1.1766273079935186	-0.8496993544906739	-0.3042756119654123	0.6716545966049909	-0.9560389319170014	-3.332214106131581	0.7053075377778995	0.34859028916618573	-0.11739560549239073	0.8833961291332991	-0.34772615900205134	-0.348739280503863	0.15655262895333494	-0.4485279702429877	1.2548133118873839	0.051167876766390355	1.2835826849274448	0.6245802037231158	0.050973579477646684	0.9893908071695827	-0.519491593264374	-1.6326486432922023	-0.6326548570375714	-0.004611847623558555	-1.0507220063641853
DTXSID9025536	-5.673568563197497	-1.4211214512543906	0.4026684597170869	-2.30697145810409	-3.6160224528990663	-3.9402631018969836	0.39652003177811396	2.898430272644383	-2.13238944786575	-3.6933644196544577	-2.882183824424393	1.212904158569658	2.935063098326356	-1.5664229354098473	6.042701688596823	-0.8640844602084315	0.3644150406361203	10.069337904841216	4.522873114250922	0.6123090078102683	-11.990271891744053	-12.616696432996617	13.407200792302364	7.234932882097967	10.499476689288834	-1.4676743479611047	-3.5583380725611047	0.45776003503028945	-0.7247838688343796	2.4384373362634824	-1.780877043729838	2.1012023320555158	-0.9421107985907712	3.815877183888693	1.4169462272507913	-3.5881394677530523	-4.814286969698206	8.4542185783172	1.2162842354110637	-3.345384100043851	-2.691988662933819	7.869734239465134	5.35609888117103	6.296743619906028	-1.4994205089328831	-6.347920706223079	-2.852172315619607	1.2168473447106904	3.043895551198092	0.2077070158546358	-1.479946114283278	2.620328614127397	-2.3445554399714834	-0.6925225435670777	-0.5915091922619694	-1.5669453901386048	0.18787418341116363	-0.8028409295920101	1.7381032567934684	0.9738136870389634	-0.11344072758894971	-0.25456308761690877	2.164502275784526	-2.1275492613853757	0.6018366742674669	1.6890886092869162	-0.7722204361734192	2.261770428047108	-0.7649800487221624	1.9261870016653908	-1.2129113407323149	-0.10315407074914797	-2.4208318988365085	-0.7857286903931943	1.5876070717579414	0.38492404840241495	-0.36204868739057894	-0.10821060962149302	1.4201908090462592	0.647910415678258	0.06025347027651664	1.818348283161683	-0.6291455075262179	-0.8207395833163541	-1.8145653604913803	0.7670470185549496	-0.6835523080409267	-0.11856396721955786	-1.163765706766192	-0.6558720866691926	-0.8744224985861099	0.43849494626619456	2.0500836214071696	-1.7419070561822585	0.3089629389688459	-0.9129788491977784	1.4578191630123816	-0.09135291603871334	-0.2368020954223898	-0.3140273546008747
DTXSID9020615	3.2016057531683835	-0.13605424839717783	0.15005422710632896	-0.3540669805477617	-0.30288048097863923	-2.211814025954924	1.9814199468563432	1.3684853615543273	-0.30365659681733753	-5.223051271567055	-2.1078509947792603	-1.3164774593490163	0.1313988911334345	3.4484577616599776	3.1675500792259457	-2.9123600374586154	-1.3212628533045192	4.449532598116302	5.2293628750467	0.6836308516951615	-6.160230797136664	-6.248559803291277	8.117033656243748	2.8186147867292872	4.528818776921011	-0.7453649132396706	-0.37544375862010443	0.16694911038903398	-0.6350848409245111	0.3464029227786444	0.5585731007747239	-1.5597323987953668	-1.2494545152255772	-0.8299271136633708	-1.1119108742657249	-0.3669140166974179	-0.2176603770354397	2.033327193815387	-0.683594839018628	0.7516746500873865	0.6710012820638089	0.5709585365350826	-0.776993988025966	0.15537439008515885	-0.021375656636764603	-0.43877581358779416	-0.9636496982392684	0.362088571660715	1.1449417219150764	-0.15489445539339994	-1.6000796143940734	0.4322953538756425	-0.8420780110026295	-1.1845176556814225	0.5824081151838512	1.4937605088875405	0.0349634536493237	-0.9971000530381773	0.8270242068749754	0.20935192170147252	-0.3964321016740185	-0.8784580371515298	1.482333651153484	-0.17190821480896393	-0.37424740870237355	1.0438030093557886	0.4249202250377931	-0.4380889373401529	-0.2436054231426648	-0.29099182071626717	1.3990493187455502	-1.2511280970779877	-1.1067815913514805	0.5739172831535829	0.07388464547584332	-0.13973824558608333	0.11389017960390817	0.02529018104080214	0.9030626081612372	-0.4555174205237245	-0.20888301706774234	0.9434994793657863	0.5657063582024274	-1.3804626156799535	0.9237498029976766	0.7600783452239461	0.36031022233327553	0.2224440248601345	0.5625043847620871	-0.7152126236987837	-0.6890343604032769	-0.4734836839006493	0.42167894570039094	-0.22061008274666183	-0.164876540408292	-0.6322614927969403	0.159195677369788	0.2972753245924844	-0.22616100413072235	-0.2192321880185897
DTXSID0021254	-4.5174939000815	1.2813840567418093	0.6565389594127319	0.20875996958008392	-1.233373066776215	0.047536282817242384	1.7148459774623328	-0.02867081035354873	0.8882880184206197	0.20103189389898268	2.2892999342745206	0.4256238105191357	0.45317125394531826	0.20072288269143537	0.00179849009592018	-0.4676611076689612	-0.5219928326543252	-1.424489600452874	1.6084758871612328	0.18363465794494888	-0.7128691852292108	0.2764319912570298	0.10792131894825562	-1.3045917945235819	0.8406964231716035	0.8355444509564782	0.5432238083342692	-0.7271940809751447	-1.22540304694803	1.470426131461072	0.38713689561010634	-0.02238309353345418	-0.21997645800409557	-0.47288867866544887	-0.5846960394180148	0.5851549769701404	0.1960969107027125	0.7826349823575107	0.7516305543165716	-0.7478247361114534	0.13143168355741242	1.0534968887915348	-0.028962237851633918	-0.3915661150597659	-0.14100459534545684	0.09180715892541266	0.34394607478392447	0.12928644274325873	0.5013069011956204	-1.661958414462723	0.36791432789753664	-0.24022833332435942	-1.392858929728683	0.2764786947325746	0.6802541559372971	-0.21108827264590002	0.158339002933471	-0.6468682098094668	0.6365246477467404	0.3118709610256913	1.3384366902795943	1.5061150261244207	-0.6256667092401662	0.07592406742917147	-0.357757586231123	0.3902616669637117	0.38858566469644545	-1.0692104938236517	0.6698566386259248	-0.6763714954951199	0.6275252308083112	-0.11594544220068248	-0.0656369124073396	-0.46135257276089287	0.2999337891051917	0.731889262834546	0.847446123654082	-0.5011233954719843	-0.09112986575495206	-0.8966991100616913	-0.36526790042812757	-0.4474902995459193	0.30231653784905793	-0.5613610783045375	0.08909663246048205	0.6082718439047144	0.449776372865243	0.18328635292250642	0.07747224456108351	-0.5086472277694966	-0.10505030369036523	-0.30519218040815427	-0.08906876680371704	0.625073296163607	-0.3148854705817437	0.10534294078913971	-0.022565320743780797	0.3186255504026748	-0.7802921520152849	-0.13697756930232716
DTXSID3022409	-1.6486114925788762	-2.4057822976997096	3.249715908480924	3.4649881716170303	0.9468034245008738	-2.643440763687799	-0.1688999232489958	-1.1062286605615816	-1.0617007304746104	-0.5831830688620141	0.3191730337555811	0.0013505337877800186	-3.0742147167778704	-2.878292703465905	-3.473638833672654	-0.32057123704932516	-1.1848047237319665	-1.7304477247453809	-2.2025942342849842	2.238517232121827	-0.3046594591187239	-1.1108632347354048	1.38191428825384	-1.3715585480630401	-0.4363489460195033	-1.690842183480643	-0.9778609580741482	-0.04076872939474548	0.7999558147505634	2.2363038760986456	-0.12737581878866353	2.0641977609659827	-0.1463197665966498	0.2643764823500698	-1.102259991751202	-0.8467384885415566	-0.8707599217296486	-0.01031145161170208	0.641460825391148	-0.1083358929484236	1.7041204067841187	-0.5177196136977248	-1.657058920669572	1.3445275355128696	-0.500068637833338	0.35108379098122944	0.23866626426583323	-0.8643664546812306	-0.6212225284762405	1.1832885826454382	-1.3721264995499867	0.42935272908193434	-1.3462977144943427	1.4417577552632326	-0.1374954648048445	0.6364846369621385	-0.05536517313216432	1.0801433743265605	-0.746874300755223	-0.2811894004991282	0.2267574531133976	0.35240753036452765	0.6333195374981867	-0.6679814265526818	0.3583293202971509	-0.08830801328420582	0.06669535071765463	-0.18200824605637703	0.4261672651476089	-0.3739893107647713	-0.1968678685243618	-0.002328626804796561	0.7063911712286409	-0.18576157269811303	0.8459848837370691	-0.2325561255181964	0.02694608858734174	-0.05046448238127711	0.12566537427696414	0.2609348138047521	-0.01914172380211351	-0.36234657964626643	-0.4426747194741189	-0.19687170536620333	-0.09347785060377681	0.46267111990137627	0.6863661266515984	0.010772858776865702	0.2029472303854486	-0.04157840990246709	-0.5143967527790015	0.44980438317424576	0.6879498175065032	0.0031817705052236884	-0.06792022215087704	0.2672153764712599	0.14110248529730285	-0.1242749110213565	-0.21508968001224135	-0.09607665506073798
DTXSID0045171	0.9603608315201758	-1.0529518721117634	-5.580954253397094	0.43714595452973126	-2.303529179088837	0.35872618376033427	5.914566776685977	2.4000219785105594	1.9668788540252544	-1.236922223390855	1.8883609359338251	0.10004343052671988	0.4054277471926563	0.4322992274146814	-1.2187852052291581	0.9342746565274836	0.4570093038402775	-3.7924483336266803	0.20971366969429095	0.026424085605105545	-1.9511836884900584	0.40693959308713307	3.6058050274728717	-2.1664204764318624	-0.5152743966522508	2.3601701543428266	3.523521996724621	-1.6493067672958046	-1.3939570569628226	1.4542244889339115	4.6589045677438055	-1.2467656163865741	-0.48352447334012244	1.3627093001952755	2.6998218884623744	0.11797456641823388	0.12906130578512756	1.650263402218822	-0.8204959839731266	1.1902784064497918	-3.0207813613248136	-2.064558748158357	-0.20113254144386125	-1.0340055514215756	-4.68718623490172	-0.8557936639036391	0.5877554477949342	1.3710825990439055	0.35192413842389386	4.3960283566598415	0.4320367763439621	-0.19740465651965908	1.441327985445932	2.2394145605573192	-0.7322685460695874	0.9519279756513417	-0.812341490361528	0.21014800075868223	-0.652836688071359	3.021214349699701	1.3985769652174351	0.07674898382698178	0.6143760840962748	-2.255546147362917	-1.5100615981391061	-1.1580498380239217	-0.8991280060217217	0.09482315972289154	0.773189482993211	0.7024351881923057	1.458662601199576	-0.3415494334260399	-0.5523835092058503	-1.5106353534650543	1.7109604227212716	0.6727392882167832	0.45948264098340125	-0.8885810685693544	0.7670331420487672	-0.12192853196449348	-1.499011325736487	0.005814797964231027	0.47207462155940977	0.7231969403661924	0.20408977025804673	-0.11200619577858668	0.38124266855093314	0.316413877415621	-0.7060922975402205	0.9756061665648358	-0.9041140488920761	0.052203692876879954	-0.9649014760969493	-1.1540495764288017	0.7940308421013175	1.5586300039125471	-1.4810491883982357	-0.8430241796025194	-0.7592007845405652	-1.0845783469261547
DTXSID5047744	-5.389382940709238	-0.6768868866685487	3.7606053283921796	-1.351976239885822	-0.6739962899111415	0.7677460045095694	-0.17402015910270346	-1.9116467959058172	0.07454590566672607	0.2406239229698382	-0.6693734028066319	0.7638721080961005	1.9259673870854108	-0.9449810810105239	-0.07576497919281253	-0.13022776612387946	-0.1016674220466328	-0.44844261090517884	0.1745245421932252	0.7452212239480529	-0.2696999897751467	0.10186198594537366	-0.09690671024849386	-0.48519832251489603	0.5440868568276681	-0.0766293258078798	-0.42925960053775297	0.1737202641589366	-0.22211130854669783	0.3908150856062464	0.12003285153921443	-0.031065353506945264	-0.3039373468817639	0.5980327476829895	-0.13338298369372492	0.9973452368646125	0.4434074329787806	0.47121514250042307	-0.39804891080801535	-0.06780657117796661	0.42694413732000575	0.12230208459211316	-0.6183141038283873	-0.4892258008850816	0.013265082446833271	-0.055794958282427316	-0.20752299638008642	-0.01874678629660109	-0.14798801413514712	-0.11733604719624527	-0.11320321999562666	-0.31287432009677674	0.004925101254741829	-0.04019126721738794	-0.2991658970622276	-0.6654502796445207	-0.016340519069148508	0.2143433381868386	-0.954735338732526	-0.19039927292258835	0.35365438523821713	-0.8352919094175631	-0.18974462222523827	0.37585029767609485	0.0309807551334462	0.6631614511956779	0.2284477821736477	-0.121425421905687	-0.012463089154100545	-0.22224264451596956	-0.26456699959295715	0.35121630166168105	-0.48214254890385133	0.1853526752785434	0.021044730443911648	0.25037343153137454	0.5791614816608633	-0.07517387289540486	-0.3211162840639914	0.00795195063062098	-0.48445775654068574	0.34392796678373105	0.38176670851030603	-0.534351893655049	-0.20596474763139885	-0.4847639759436869	0.11347127675403963	0.543774189388978	0.6566517680613858	0.523361452564291	0.07987828530863014	-0.10923182803871913	0.03118137311576952	0.25520312292928893	0.27581163042639356	0.21897467715588903	0.2293640694698829	0.24004467467945456	0.15704116563232282	0.37499973319289653
DTXSID5048760	13.36303146538139	-5.399808683944104	-1.7150992628252955	4.73754185856179	8.839300917630705	-2.22375389121955	1.2751290812046063	0.48074733375889034	0.23519975589370967	-12.164397301651922	-7.030673990499419	-5.562475320246412	2.501300861763491	12.367127900009105	-1.5600712965534214	-3.043814524238358	-2.74196283140911	-1.2522989056265779	4.6309334979442704	0.6010405766551196	1.4322430298803899	-1.7034203723461798	1.3833687335195015	-2.161956715566225	-2.8160588610485093	0.5895414161408302	0.8216095004200856	-1.0645696740247357	-1.314510889533183	-1.557583529976472	1.1478682535590903	0.47662566082426777	-1.3172053325372848	0.6966429799107271	-0.7129909222171855	-0.06406000120033042	-0.5629692271833545	3.1685040238468583	0.749055266728616	-0.49824569150738446	0.48217441507461184	0.8900533166803382	-0.5230983850553362	-2.6557626387369937	1.6681246292561216	0.7336756308489367	-0.6473253181934667	0.24395724026664442	0.03207866128694749	-0.794678942433177	-0.5378926195048656	-0.6867110168296802	-0.44384211834620574	0.2754415964319925	-1.877813861124786	0.6364352675623125	1.1744878202397973	-0.5982806089332579	-0.04863225972246379	-1.255014985485455	-0.2032218395865829	-1.1914728096239644	-0.12105483049909001	0.4686243279333518	-0.13294352672409757	0.3452664462782324	-1.6232834140858579	0.9770208069212578	0.34215907113940464	-0.43800906239555176	0.3626251311468961	-0.994181322431052	0.4768865956157982	0.25446461484489435	-0.8999421801055549	0.012210705927661845	1.1977420507557868	-1.3974820468606899	1.2393070439221703	-0.15798436407785776	0.24067526641686598	1.2248856747512615	0.1126762406254787	-0.675018764377007	0.7294451598906326	0.5158563028434108	1.7634984490170478	-0.8321157831613195	0.3746575672341615	0.6793813640492072	-0.13304074103874808	-0.17687950276813208	0.35375180843358217	0.4075641633776883	0.0953401177469303	0.17376548308199535	-0.3825625679825785	-0.7517176467709223	0.4285757996870434	-0.24292486804477023
DTXSID2020717	-3.757711666926436	-1.4806579337421342	4.265707618201723	0.7125607959636133	0.07137728693204903	-0.7802855583164333	0.6228139127757326	-1.1109943074531026	0.06020273303838447	-0.12069118440242393	1.8595464771894852	-0.04003616517984589	0.06827625132325257	-0.6701045193811137	0.25917182249308746	0.34642595566776146	0.36168800153097214	-0.31141345263339254	0.37560425595247715	-0.4149686231084538	-0.4691357630994177	0.570184863636891	-0.3931369505951019	0.43055513473610757	-0.16301486265820528	-0.30702769685414527	-0.37023680618344024	-0.0446511356217948	-0.15220495102505593	0.6570332826484087	0.06814799959090183	-0.07351918609102957	-0.34839552993215	0.32932654003540884	0.4089530564077947	0.003174684661041371	0.2963375657444256	0.3481596692936304	-0.07599546528290677	0.06999097026859223	0.5878711696579595	0.6326890694494343	-0.2777179904140682	-0.37465547330576704	0.22334487025896807	-0.17198191082845662	-0.35085972965445866	-0.25835597352503503	-0.33151341101984855	-0.13110422062360122	-0.22833237845009058	-0.49664082439364743	-0.22077432533609112	-0.29207299437087003	-0.21951186829055347	0.44435034380603367	-0.03381740121161383	0.567594390566555	-1.0986442362898736	-0.23244639093704708	0.44831834082613886	0.2728872990454228	-0.16571058687840046	0.17028159698907236	-0.13952635427591834	0.11421148366513828	0.5495657736531409	-0.09125093817993753	0.5855346410202201	-0.7406094655649225	0.5107075495678368	0.45167039325493175	0.2575308115619591	-0.016076097463608902	0.054172455102216265	0.5850875204713393	0.4410091809010151	-0.3196991602152808	-0.028303046561087463	-0.31516563221423555	-0.08135861972635855	-0.16287144672117643	0.06975729456054412	0.03626092309536804	-0.28842548168325727	0.26581228076908964	-0.3112175457255133	0.33620905296815473	-0.335905801365806	0.06672206636426563	-0.27928969429644634	-0.2623471168476434	0.17035140907850446	0.10121017468987553	-0.040243228555996026	-0.004521544638425027	-0.050240517391393	0.18997745466523333	0.11162470279743206	0.049351457828420826
DTXSID5021124	-8.694213576375951	0.5896303445597956	1.652863451681195	2.189043656328125	-0.47205481119948844	-0.9295137064402023	0.7184154315929447	-1.3705057403784102	-0.8749319894650998	0.38176418351416924	0.8673029615822482	0.1425648977915964	0.8659403943017764	-0.6432011419155744	0.010368796721701018	0.5646762551828749	-0.27890140027077187	0.006902564793907821	0.554264737738867	-0.16780538112988722	0.10790816839057225	0.09739344614271706	0.3619517341344269	-0.0652549169919658	-0.6458443580583028	0.12917487719263063	-0.5905803420148985	-0.022831257395840417	-0.26483499721650605	-0.0688195421897641	0.06917863669475412	0.4062857662003238	-0.8921225207998665	0.33283009486185894	-0.09587454383754608	0.13375644283687557	0.42931478204226514	0.5717421807198791	-0.169335417074522	-0.2925149891847029	0.26530994506718153	1.2058564476696363	-0.03522654817227998	-0.4925927651074834	0.29696077719731606	0.09187585217628984	-0.113369237510689	1.0979987619004346	-0.042357693249472105	0.057612696874109304	-0.39401169245817924	0.1770687170693481	0.3227077499302317	-0.49254366845327696	0.0420027224251659	0.5461602654692366	-0.03263972187659798	0.403673317730901	-0.11949770825374204	0.4357884671029603	0.1659532286533055	-0.3836500270933962	0.20040860724624984	-0.08245651352520708	-0.1720202687501314	-0.7788218133523661	-0.4495262694248867	0.541837321291517	0.1106677987178325	0.518016221016512	0.2125334611797304	0.01955567770932585	-0.06083626330624176	0.3874354534113822	-0.230950291055934	0.18496039676157788	0.17218648401091147	0.15576543605075027	0.221543515125054	0.17111340777138054	-0.2566060037749191	0.2893165472027172	-0.16605976962085034	-0.18574170431029746	-0.0149268756369829	-0.2242563153661333	-0.026435525448392533	0.038938184701418334	0.45609583090656286	0.06748585538502072	-0.004426114810647862	-0.1529609597509715	0.15642615283057829	-0.059475416249658006	0.10392579554834681	-0.11196038265145841	0.22771295445285614	-0.10005940071890458	0.17727708344092769	0.18092195234822148
DTXSID1024837	-1.7222984389394476	3.0565381958933786	-1.3678867974618911	-1.6439662913461504	3.920505089932435	0.762790844568808	0.37153257861296796	-0.5168265052545906	1.1436999025862813	-0.4832318473958782	0.8858007391770487	1.1373843284032112	-0.3523742652492082	0.38971252747858887	0.3310336824097244	-0.7050472458115128	-0.8225174444041866	0.5555781992397224	0.324127673135849	0.017979676645253774	-0.8524533060930853	-0.06521163323577966	-0.8973728819934207	-0.04203579403411497	-0.37901997993497943	1.1404598103669112	1.011272993609922	0.048222770137833396	-0.4657588460519775	2.000444979009552	0.9431943958253198	0.6639163449547898	0.19321982635991633	-0.0016138430105493032	0.17810388759904974	-0.026780267517495942	-0.5216646008474273	-0.4037343087671532	0.18945334532920674	-0.4693571116259024	0.17708719928885885	0.01768705492994765	0.025631482479528938	-0.11342767220426733	0.7057345877707618	0.09522691535912461	0.23391389130763343	0.5936578567223642	-0.189582030796849	-0.74433744511184	0.9022467725396418	-0.3939067474502134	-0.38127805874358156	-1.4499162658362246	0.5783553497185069	-0.9993537800533869	-0.469304820368148	-0.3366881176671191	0.4099142454702796	0.407043991028292	0.7766208857996213	0.4518607897950842	-0.48431856395764733	-0.4105475066401823	0.3667434031831836	-0.1843462190221656	0.7382020093639045	-0.24018776552303603	-0.2009090678416987	0.6389924148566387	-0.7716794842056771	0.22430532796353841	0.45497051062696653	0.2559443723268272	0.3934319524657148	0.5309962396633843	-0.09289735529076723	0.23033118116532095	0.5520946865986411	-0.5605328527455606	0.26867350502165793	0.13490154415291955	-0.29182719169683013	-0.4130753402802283	0.009361688004568413	-0.3506054265748271	-0.34540714797118044	0.2591556636059859	-0.4355595169643053	-0.9627135917522875	-1.15819351202889	0.8073243680232353	-0.5422392643917062	0.4834652467451409	-0.5129379383390014	-0.05510600569882626	0.17447605385765652	-0.5034530294661321	0.4650594466444083	0.281598358406672
DTXSID6020648	2.9984513600335347	-4.681927509532575	-1.636987786376326	2.9555042131391183	-1.1652527532170447	-0.6991857036241211	-1.7103928494399916	1.4689034507344145	-1.1739287501098725	-6.453031758940426	-1.7224264280577313	-2.8833425269473167	-4.633137494967545	-0.9772947502265473	-4.294500963492267	-6.184215604523964	-2.6171522604052795	6.2878001924738545	3.677059709024222	-0.8235538871385346	4.8415784424535655	11.109753724979585	7.10469546028705	-0.8262800406693489	3.5267620105384734	-1.5905922541948478	1.494557954336484	0.1822960503499615	-1.9821388113791765	-1.7294158880777277	4.148049607861945	5.73701506943499	-5.957441534984012	3.34893255063495	2.308370816193034	1.745157367210871	9.429716185359762	-3.0025086854447727	0.6892125416903074	0.22094695283078242	-1.907151628663757	-0.3897434098801149	0.6234501941950842	3.721515320628284	-1.6625872110400017	-1.5469528003495348	-1.3967886795933016	2.630796684123499	0.641243941293122	-2.6122505384083192	1.3002332977765436	-1.349011369896623	-1.4251617313234215	3.971812038116491	1.919909638709093	-2.6472127986913163	0.8929058866192189	-1.5245945013932778	-1.7091901302618742	-0.3995427188448103	1.4711812656516392	1.5551937035222334	1.44586977339808	-0.44559008934584265	3.2227735727161315	1.7324824697707715	-0.9248657476573893	-2.3219016502500622	-0.42203502348707744	-1.5625180990469785	-1.42394706408479	0.6096029022800686	-1.3654454693306946	2.8611527838351685	1.0696872733289695	-0.8351264370928583	-0.9528463882856435	0.7963685614269218	-0.6145427572622554	-0.6179855776620866	-0.8506677252437986	-0.5390260918938367	-0.0026470063616384244	2.0119190824460897	-3.4116963296420475	-1.1598350849004821	-0.5650171249566013	-0.9366602893618582	1.5120395859557318	-1.793505567032922	0.8559843868862129	-1.331934582569549	0.24525444207373653	-0.301181165392613	-0.17638036003869909	1.0664519260344818	-0.3549386884756147	-0.08445608950549592	-0.2627446247061051	-0.758627149501784
DTXSID0025440	-5.981545306232798	1.9318943373045832	-2.371892089598649	2.619204902763578	3.111992824835976	1.9723000200436722	-0.8115092494496506	4.141943781817205	-0.7169751791960652	-0.9369508073288988	-0.07627356268085626	1.530041860039628	-0.5904683966539666	0.7597968071372354	-0.1921291571146245	0.9290232720180026	-0.8533486609888883	-0.34663669681550374	0.2662499458807169	-0.11473291972595559	-0.8820475931001606	0.4607085846732734	-0.2617007928754369	0.3059764001308356	0.3908611599024818	-0.4906672561760185	-0.17474388166513993	-0.7795525380011458	-0.6301460894168193	-0.42556136114083276	-0.462048471639616	0.802771887005458	0.5304621551730943	0.665858975380695	0.44377643262037564	-0.3575715549074166	0.42928774254894386	0.27915830384290824	0.12488702049348953	-0.24936529103384236	-0.08792786204197266	-0.056644155863681385	0.20628726596878844	-0.6249973592502184	0.4289407494592731	-0.494077880729754	-0.9119929643044599	1.0430326026783003	-0.07620707431905624	0.42971602151103355	0.1555211987822108	-0.4138755342070802	0.3632860798018854	-0.45479204323426636	-0.16866991030546274	0.16717789906129377	0.7433523999248708	-0.2143278609017116	0.17732126768613754	-0.5598902108196309	0.15906376381692613	-0.14848917010914273	-0.9696708773075674	-0.2985721653727343	0.2392009619490672	-0.9693428701863164	0.9903608160951894	0.878971898464304	0.42334760762714735	0.3308717199382436	0.05434625509581342	-0.8227446461490041	-0.7400799511554792	-0.30015802392259944	1.2745312135083846	0.8268169607200189	-0.6229408987336291	-1.1089981626086978	-0.08867262088218385	0.5243650437446807	0.3162337872705313	-0.33979499804032753	-0.4161288574442799	0.08410248312572327	-0.27331762831376716	-1.2725071056581059	-0.69682131783761	1.252944453187216	-0.41754027265977217	-0.6966824025027641	0.601092150487999	0.13991973251625933	-0.28445322227199993	0.08647371682985905	-2.4747363100490958	0.10634592575796174	0.28021888038285386	0.056757930497551866	-1.3366431033335908	0.8719461769508258
DTXSID7024875	5.764028756352389	2.143604040471881	-4.175495566646281	-0.5554397434470632	-1.2199214514033103	-0.15331726281907065	4.576698940201868	-1.1563271098268606	1.7527832685181117	0.3769477238473246	4.311752985977501	1.141856601299831	0.5926033657606081	1.8718308387497316	-2.0218847855222686	4.667348319484515	-0.6179454448712386	-3.106678521217997	2.2556083262783075	8.035552168191584	-6.020280426996375	6.480524624053554	2.3985980818242654	-2.989542698627682	-0.06953264138902142	-1.0557055012351095	-4.573890656679903	-5.444723504344997	2.6779569950240583	-0.8954058662391106	0.16037921059009136	-1.794065471896337	-3.098267836386174	4.335017506805864	-2.4429297126633056	-6.469497047085302	1.6914111182080886	-7.719169404075875	-8.27236283301205	17.149506494600022	6.03642459453835	6.394308821945575	5.139060455349205	-5.603669166358971	4.2948924777015325	-10.132381820282127	10.595399594614461	3.4146605000162364	11.564156766333577	3.069093738158118	5.340448352412766	-0.36265700988149113	-7.032774457050916	-1.2986725306345601	-4.72477311157937	-0.458349970446987	-0.45257286176194583	1.3792514775927147	3.8113848341327685	-3.7376237660205334	-2.486857753260312	-1.9888007797053304	1.9201909871806386	0.19048555145881899	4.129568735192337	3.8965118888992007	0.48218791627794455	1.6884675792417905	-0.28152559557100393	4.415910641597611	-2.4798650359032393	-3.249042172972937	-0.6539578125861366	-3.2489131661468194	-0.6520641179814672	-0.0780094225971213	-0.5824784278763255	0.008772585705852314	2.5055913699944496	0.6949370691099404	1.0367315292519124	-2.8907352532741317	0.9927949712943633	-0.23448129231850762	0.21474278058436086	1.438510677949527	-0.3965728931575518	0.33026446342423194	-2.2183996080032164	0.7323377566970434	-0.10899023968612609	-0.6892407407563418	-0.009794085232064532	0.8606881234174266	-0.5874273408263069	0.2956966090436775	-0.46611594093733033	-1.549063128809909	-0.5078060323764835	-0.6922331884062706
DTXSID2024452	-0.8571111383106721	-4.7466064653911495	-4.880526999523024	5.406123399557655	-2.805183765631867	1.8690201029730877	-2.3962637811308505	7.30950068315085	-1.0366617221896446	-1.771414622850652	-1.6134758074801583	1.3170682601973784	-0.6144029478701403	3.4709870278514323	-0.9710636201235874	3.328890348534718	-0.9673040900183584	2.4507635806084918	-0.4660900986000145	0.1254907822677507	-0.8146802792180172	-0.1521899716763786	-0.9829271145271867	-2.7667658678775764	2.1866903429732205	-0.1136302871126099	0.13993450634613022	-1.661019335644239	0.6651018048991711	0.05550137926106011	-2.4413607054598554	1.1043129015067439	0.8933951738376921	-1.033887710434657	-0.9066644070355823	0.9634137298286218	-1.0199928842613109	-0.705083258739145	0.547556490238595	-0.687462393042779	-1.0123475690346468	-1.102815306699305	1.6739197622869721	-0.16357583045770996	-0.9380841425901086	-0.5488968754240993	1.6044850081273279	1.540964359476882	0.045354729399716895	-0.3351596454006834	1.469295147789345	-0.031111478381395562	1.7843630718056194	2.0092027508121992	-0.0822940450965564	-1.2818300226829569	0.18598578961811135	-1.846121212126532	2.0838080343854326	0.07360253792054067	-1.9451384549091046	1.2109685031212314	-2.090767698231258	0.8110912121761963	-1.4065175476783414	-2.604527002145051	0.7467010430400317	-0.5585484556387726	-0.45656423145915115	1.0316544089477588	0.6491972645067541	0.13100536047698433	-1.1527223427658793	0.08885985647461217	-0.42794268461243956	2.1284504045865074	-1.0447413110950596	-0.27097284731621907	-0.6270719485277946	-0.030155224619388115	-0.30023158466151123	-0.5411840225387111	-0.974704980773557	2.1304775134027	-1.6017791903153138	-0.7045439123820966	-0.37722646096223716	0.9490982687315231	0.8596685575489399	-0.9820923784433262	0.35545591122172715	-0.4619136586682335	-0.888775198278752	0.0568762673518892	0.37087853328038195	0.013917266962786157	-0.3835978101788337	0.7298331953320992	0.8929307724122195	0.04095917997160479
DTXSID9027449	-5.07441842535101	3.8402428288605064	-1.7770995227098352	-1.938345371208286	3.4773161209871146	-0.9544986558217673	0.6782547644362718	-1.6939035700513665	0.2079073032916311	-1.1261806628030184	-2.544207562875876	3.065183488145015	-1.614441614002881	0.28148494938406693	3.108993871599462	3.001485324206992	-0.9094966683398807	0.6225271124473477	-0.6600829571354516	-1.5679709438526273	1.2458146428579129	1.0251913725246167	0.9313193646789403	-2.6686747584551056	0.5756727253059699	-1.2876030885889729	-0.8631754199760179	1.824205743677886	-0.2734597752934814	-0.17051300148768328	-0.3668799933633413	-0.4472651923077563	0.07314767985003191	0.21111770995328905	0.5686530043596536	1.1972849120876348	-1.1858419383557095	0.011940883913436666	-0.9012526934637249	-0.10213467254017428	0.08715069482798993	-0.3858735502806803	-0.35741352019644723	0.0021848169536448233	0.1890785256409014	-0.2432535101947563	0.5114252174316535	-0.7695013340259339	-0.7228141022177965	-0.45325836809782305	0.8860960221212498	-0.7368939377628397	-0.6422366131053322	0.6822758855379332	-1.302283983698547	-0.07357059081966794	-0.44292166773634584	-0.6282924041308529	0.14443186432549449	0.6139142507545852	-0.392683136210844	0.8535066897817061	-0.15140615407148691	0.05448244904886416	0.11206112753589184	-0.48267368157584384	-0.5128244367208721	-0.34149761244663834	-0.049075086440308516	-0.10621674661725036	0.2656890998416042	-0.07332229535384016	0.10820323904164365	0.20755477343212966	0.16472266108743955	0.11392173317612335	-0.04161919262657517	0.1360164892571479	0.07752557278732665	0.43505459664353563	-0.19984763503088587	0.22137672616500756	-0.14856283019407937	0.3697149079718318	0.5622407829893575	0.4804979134586406	0.22416927778088455	0.22368719843454163	-0.17506634255557993	-0.24840270811104	0.14267567098503148	0.06294484261140944	-0.007227350615372943	0.1778086447506746	0.01857020420226646	0.19351318971881815	-0.14297925130229958	-0.22122671465451607	-0.27132150169509717	0.02528024869099146
DTXSID2029290	-4.066763126071263	7.687538682827875	0.4611529776772584	-0.3069386222001066	-1.4242870875362237	0.04789597903641614	0.738416595486134	0.05833382740091084	-0.24782252009173592	1.4186244831861283	-0.5596831657364981	1.2297375384313902	0.7253463568392674	0.2445294283202661	1.4101261882564884	-1.3835846320628107	-1.355066465216334	0.012998234750930801	2.1235319905245085	1.2963065749292648	0.6238095104772692	-0.23613551464803634	-0.1930287506739786	-0.2239326941983991	-1.381409971566347	-0.34980739207128214	0.5243056225079914	0.004852442157276124	-0.057303744169715065	0.6380236428438778	0.3924592988842475	0.8511049935045389	-0.48012001642730767	-0.5208191772334531	-0.3807849718709157	0.2679707031307581	0.38978816300503916	-0.21244098202730954	0.5312243666281924	-0.1305391723963583	-0.2736130125311317	0.3421386782952092	0.048646196892516105	0.7096678442248361	-0.13853577713695656	-1.1919677471432462	-0.33965985596662984	0.8016271310276618	-0.13566927967782982	-0.5687849515998685	0.39048286563380863	-0.7946038000536383	-0.22542396127654155	-0.7342840069740931	0.13396837906253506	0.4200126685741687	0.9802278777800515	0.5905487069032609	0.15828381735754962	-0.5365363364918665	0.1287885208923727	-0.6607974989543955	-0.16833902989905017	-0.2557244425995182	-0.9521879433550422	-0.4533234867345905	-0.30354268413149	-0.6034029031760901	-0.08587173625254099	0.1663753257078459	-0.12683490517924917	0.5417579850742016	0.7180326702361484	0.5850686137205299	0.4335581467359231	0.42131697029382353	0.3415060308438114	-0.40357875669257565	-0.833076935135142	0.7949903199390265	-0.8233292009750747	0.6165452880889193	1.0918180536661228	2.172729008210221	0.18197193656678037	-1.4215102354399602	-0.5234415599793686	-0.27182515141428587	-0.5840041879074894	1.6619419952954155	-0.23308241017235304	1.8032302561250115	-1.090497087612354	0.5258475578447545	0.4183086287869528	-1.4907449414972982	0.46922966789263704	0.30861131640055567	-1.373956311576885	-0.17447774313103842
DTXSID2047434	16.36604661542759	9.36505892203218	-1.5148017084075203	5.44614799114331	-4.332741039113719	-2.3121914258330696	-4.302981882179349	0.02533530244796803	-0.08266469352719522	0.48743002729098006	0.31671577677550383	1.9543866441311628	3.5992394294800225	-0.6783888874432059	-4.033306058754031	2.154260477826682	0.6990858612819904	-2.150691404081516	-0.35774510998768916	-0.7414127732791704	-3.1413574847265777	1.6495187738490988	1.8725893784288503	-0.05561091927392201	0.45676790274712925	3.8749340723477443	0.15206094908402137	0.5512632379019561	0.5181522032198129	1.2016780572185786	0.520190821622437	-1.7629415438915632	-2.3048999787080406	-0.34135086267733006	1.1488164762470034	4.078929723935762	-0.8496798385673394	-0.04472787479913833	0.3707416216343794	-0.7283855838710662	0.07584800707909957	0.4797723951145864	1.267359009624036	-1.0116877535131672	2.3333534749331646	0.6682272640766551	-0.8781097588155413	-1.511445007906388	2.688694227398346	-0.4026257552839317	1.9438778922262867	-0.439636741959519	0.051655689511098904	-0.5536246628896792	0.15583284409716083	2.3352737497044793	-0.8450839628924621	0.19469694120363673	-0.010773858249768418	-2.1098145392948613	-0.4998250489514137	0.8764977205671574	0.7572983689973897	-0.9498756359844401	0.2044371426442444	0.11225181466085855	-0.09837820866730813	0.09626519749406048	0.09286875067783619	-2.393534702912316	-0.49012128757881684	0.7042518120263134	-0.5176158072587622	0.1679627441843524	-0.046126141655295265	1.9988043796878658	-1.997442097068423	3.3232992703094264	0.3897429301318218	-1.1768146515133668	1.956254578350424	3.2544317969650614	0.048487383491054185	0.5318347820158968	-1.290878625065294	-0.13717452777243438	1.9548796780620168	1.40691639887688	0.8220699251539426	-0.7048002443518564	-1.0704558712835692	0.3495111232542445	0.5885668231426858	-0.6072010680964783	0.10856454592506508	0.1677133496772596	0.4101510842547524	1.0381108032694326	0.3571366592124022	-0.3593556487109427
DTXSID1045536	4.398978645821497	-1.0883794550296422	0.45642205951594095	-2.29527276200225	-0.34544074493862004	1.2130404004848447	1.7796376560573988	1.9787472439650524	0.8733106580179939	-2.7807212147076252	-1.1847677952280637	0.029419772293118148	1.1766611236642923	1.0646604316426767	-0.7989230102358114	0.8950586234896889	-0.8803164641577131	1.1511381507212892	-2.6126276460515077	-2.5248219844445146	-0.4839752207220933	-0.15805989336670065	-2.240510357035436	-0.49784558357175496	0.09168075037928976	-0.7745321435809671	2.5937852905164474	-1.00181698147085	-1.6117001839641416	0.884269278159337	-1.3768979182016812	-0.4961808384133591	2.0430926665814115	-1.0294336364622154	0.9371166240155435	-1.9247665151259532	1.4643102489061026	1.8996087420710688	-1.5552088115235276	0.1320430228353582	0.3180691894405149	-0.06007690133929896	-3.1052849115121695	3.3817222820061184	-2.4506200014948467	0.6817762555577627	1.3580237346142061	2.1538325548110078	1.4638301065360053	1.294229428162419	2.1744182263442235	1.6779224430792805	-1.969263134396417	-4.123094118080587	0.7719714658625372	3.533366030780524	1.3916436925123594	0.10567446543712464	-2.11940034829243	-1.705462633032323	-0.05093486662817596	-1.3786215463639786	-1.4730704808746908	1.4955396025853689	1.0031070652317176	0.8458958650548936	0.5718170593243118	-0.06708908150449884	-1.0388871066153103	-0.07175153396185936	-0.5362146332623408	1.2437266293263345	-0.2873313388295481	1.1330561255090725	0.14181451877591894	-0.7772067418645551	-1.1212461731067742	1.0525920959657293	-0.3738018910578641	-0.5529701167443164	0.4264603241617387	-0.25724212243963773	0.24280647523936708	-0.4562142133016483	-0.9190064037544264	0.4378475410696763	-0.026950557184930703	0.21050201039308525	0.6203811560189438	-1.262851763931928	0.08399260004592607	0.37171005699032245	0.15261997314620426	0.9963379447675383	-0.42485011574816894	-0.9632775021802182	0.07677582180203352	-0.13499976261415864	0.13278873642715927	0.28191901775200434
DTXSID9023966	-9.08195249438953	3.585967993218314	-2.9903339494662253	-0.2810813024992233	-0.3441006378782154	-0.6990326205302586	0.1576154929865341	-0.9114880113058835	-0.5177810096217671	0.48113994718805086	-0.19318132341394695	0.9328591341909128	0.43310917743684196	0.8554746031266358	0.40370613250660614	-0.8360531440487831	-0.4803003872329959	-0.17136716813523759	0.7092282310830511	0.07885993495270131	-0.6521429747169227	-0.16333669168735915	-1.0651695274207824	0.6175583270981957	-0.26663505324553255	0.2887323340508038	-0.28023627749308894	-1.1311179161628695	-0.5348729918246368	-0.15133555411702415	1.2625610735487567	0.3127100838031936	-0.5791087100202567	-0.08526594349109187	-0.19511404562267215	0.4715771720712875	0.8720952127729794	0.4719215879986126	0.1399482828638174	-0.2920385067858183	-0.5043170735745574	-0.018032602019355515	-0.001231233288268595	-0.16208164425526117	0.047617760286596096	-0.2822219438707209	0.22767986353563882	0.40101266603460284	-0.32781583694482	-0.8339503114513301	0.24844833213586198	-0.16933562544166006	-0.24085513980760428	-0.21342311641881365	-0.9422460934125725	0.3388219029087248	-0.38832933855393204	-0.9223107894270973	-0.15158590563490018	-0.36625894032036355	-0.06994593608606037	0.08785076878706173	-0.29038370091993254	0.4991638324673634	0.48508101394757425	-0.36129700559262734	-0.5543858525881181	0.13690755666902318	0.12009524769879633	1.1207110931961588	-0.15100880037210265	-0.7547831653441215	0.7891264971075884	-0.22495551183991302	-0.18505666943773216	0.009495071566614575	-0.0066356492380033865	0.5855202239282258	-0.5378675093444307	-0.04855084771512117	0.4095056443319288	-0.16357596578246184	0.46709904971159766	0.0047234141701674795	0.012963213506092202	-0.31975710070504587	0.26261892011835475	0.16100860604721948	-0.4720392215665837	-0.19261475595453148	0.16850454557272576	0.6474835293655231	-0.15071999099266623	0.18300065373773197	-0.26608352771247296	0.36849554861315154	0.1404841873131914	0.1429641759456097	-0.21912744271739618	0.04407571767561964
DTXSID7029661	-5.007152431606748	4.947839952206955	-1.6231937077431837	0.2387014871378822	1.3526704488749586	-0.5382665001980999	0.595089230810505	0.08509999008503248	-0.12626675610005048	-0.5541108732613163	-0.33472873668798064	1.2893366322255484	0.2950708947913066	0.09409405809505397	-0.029872603527630985	-0.17659137010943454	-0.18132789264195845	0.688358954518693	-0.1737656821033305	-0.6313050032074959	-0.6746897051088233	0.28658552128170006	-0.12585662882468743	0.843601755199228	-1.8379358507463306	0.44182415138970443	0.006880285422703778	-0.6806628063449095	-0.2816850425681531	0.4676339264585323	0.8704168339016366	-0.777016940069901	-0.10434402472780593	-0.1258965437783514	0.6430755041592172	0.591181847617264	-0.004048225843877248	0.22172964203415918	0.14899362272201103	-0.7924991164191003	0.22559195864937598	-0.7495887222371707	-0.23476064846592942	-0.09478360363048871	0.4732172124754307	0.01745696131075135	-0.43006943257804886	0.8131313578453443	0.7151218237328415	-0.6676945129943264	-0.2995729228192103	-0.09796780342949676	0.04024454507268907	-0.8314887277618035	-0.8099519004635175	-0.6446883130811167	-0.38570906318191667	-0.5746524139623599	-0.03143116076306767	-0.26778928813116565	-0.7149418994945649	-0.5790679280524108	-0.11589701264115972	0.2514788759581414	1.0575381478240171	0.7099940674714943	-0.1031634597827903	-0.027174343617251687	0.4324689568827539	1.0096249961968455	-0.887597523149483	-0.9802800064235566	0.6805853353148045	0.4874365398563624	-0.47506282283604423	0.18633292547658709	0.038779853239443836	0.16925356584470172	-0.13456414260992078	-0.29392635332968736	-0.7758609503941774	-0.6128986440447562	0.6363985698300921	-0.050904594964481284	-0.5882623750794266	-0.12865612074253918	-0.19343853014693044	0.39256395177174125	-0.4735337290900407	-0.010065836721746265	0.7727155010680765	0.45009501076241076	0.5939576330860058	0.0050986493937210855	-0.6327624461135173	0.326913647824241	0.25869176403031086	-0.21740663701843982	-0.10369832970687783	0.1282179978944396
DTXSID8045939	9.313509662933626	-6.144244867572992	-0.2311311382237094	2.6002955400887906	-0.7903665966928396	-1.3327714052297162	5.215378156998196	2.65796634325246	-1.9514824884416149	0.6765684351881038	-3.798902451797706	0.9894239789296171	1.4008711754700336	1.935121653047185	-0.3803771557615559	-2.1166880454245804	-1.4587359647549152	-1.1579694748250293	5.049547265115587	2.977339893791413	2.7717674238269345	-1.012693684796977	-1.290738998924239	-0.5836987498324714	1.9477026283494707	1.4438987717496665	0.26283607948514603	4.03440145840225	2.0886923285238614	0.11543509235562659	0.29442042153596476	-0.004326128443199101	-2.11134066343102	4.321528386633929	1.2125794189355832	2.1005662205005784	6.745034245221412	-1.273384533951872	-4.044471291948613	0.018202007684605677	-0.7961020675853707	-2.464772374540887	-2.0747945317939327	5.383526975666147	-2.3753941299840284	2.705852468023898	-2.601597277784426	2.062215851284177	1.966675679081196	-1.4997873939810868	2.4727358870404608	-0.25681879651227085	-4.271101548510025	0.606586334505674	0.546099639311942	-0.29901833830793234	1.1017060100687597	-0.7155417040614129	-1.6432999052571329	0.8345521736580879	0.08746535012826506	-0.3425982819975196	1.2145995376607959	-1.083257040397734	2.225706027937338	-1.7985491751842413	-0.7285523502835132	-2.6308899546407414	-2.1524964860110973	2.4298599493558823	-1.3569656499485758	1.7248148833018013	-1.5966454968879926	-0.05049077743473229	1.4367815074008814	-1.3846025615894384	-3.041077680423861	2.5250301380121254	0.5574737522251749	-0.356465045717274	0.35311573549148373	-1.938715032246031	2.6889950367455517	-4.370617781638976	-3.638716622772134	1.7553873132696327	-0.5931896085340486	-0.3319811959067639	-0.7955318619116555	-1.59423527365661	1.3432758655668355	-1.9577590591222171	1.5587085097905256	0.0006528300181015674	-0.18183989735539868	3.4865851114310824	0.47813320540208487	0.10309540335587462	-0.3894948183477426	2.8181744005742497
DTXSID6041844	-0.18145352385534314	3.2006581398607734	-4.184191395598177	6.762166506187152	-1.85373501632744	-1.966375296815959	2.6046874751695883	0.6737788283039406	-1.772218367523836	0.25619091485517265	-0.36302934523464664	2.2846111484633704	2.6719456463192612	0.5590591177222087	-2.898190660718359	2.0182795137817617	-0.666199894286442	-2.25018800726415	0.4903255829984527	0.7644277955362795	-4.325601074192098	4.417417956864747	3.0000548248794754	-0.9435680070346546	-0.021738726719502756	2.774258924125574	-3.359826924221951	-3.0131695698799588	-1.1454629466222654	-0.7545014579440217	0.4357773004613477	-2.2081753342802672	-0.5739276569425623	-0.40120628292720145	0.06487568944154966	0.3802929132927405	-0.3232930245337403	1.031239879412885	0.6629104147974832	-1.8653732071086753	0.5025892238778534	0.6116323868501908	0.20195641626038746	-1.8470006144181705	0.36014493827222227	1.2971329976702766	-2.4611067705192187	2.1168164569775922	2.0927861053899726	-0.5242495400408271	-0.8138991111792381	1.1380306796304556	-1.0069428562638185	-0.6463799255019819	0.04995251196615639	-2.2118715621649288	-1.2011254293268838	-0.5962681114231327	1.0504983874221863	1.6656324044745654	-0.8028853412536587	0.5616089786223862	-0.42734209807916523	-0.7900497858018446	0.5588264809477375	1.4342609269307123	1.2889855321616548	-2.139510222990001	2.594639936122661	-1.0122243094126848	0.6613747104438832	0.6407832517673824	1.7826460553328896	-0.754342107576858	-3.1554495313753685	-0.054121225589340134	-0.043393691512805976	0.20522510730560298	0.22841787105506267	0.41446652232822523	0.030007110675419054	-0.21981267799234952	-1.3387576928395548	-0.4068629189444941	-0.8934783340522481	0.22625086257273808	-1.5864142676836264	1.0552007153435539	-0.7750417405346077	0.04365231530387086	2.340356617687025	1.2581000508819187	-0.07913690435645387	0.46768389798048465	-0.15890066020586713	1.8516813954554343	-0.15442497724738957	1.0505095674771963	0.4487774383873041	-0.2746711892613519
DTXSID1042499	5.302745108196652	-2.432502466580573	2.867680207185185	-6.076394238623674	3.271424754271563	0.046771490528162665	-4.726099728731359	-0.5356407002870229	-0.7464095565207363	4.006005115464005	-0.217931507782884	-2.436697753598146	3.9315180012566917	-2.090997003231243	-1.044834719281866	-7.285719891060305	-0.737141782623697	-6.040236907351922	-0.9732510699422487	-1.2740917810983727	-1.2910479054861628	-0.8555342497703965	0.11557553189245323	2.9802592843786617	-0.20379489916141666	-4.195632068132389	-2.9378753065462013	3.620284814413437	0.481329233080894	-4.609836463074272	-8.23847471509311	0.5260863807859717	-5.450964546427595	-3.5855532569634825	6.9202917071138605	1.9580595919550816	-2.0983082910041952	-0.46201301363612374	-2.2565434877537895	-0.875712961437079	1.3514581928239475	3.0523566015090906	0.2416646790594187	-0.19412862321260008	-2.693865498630689	0.24879558971100676	2.677407318088943	1.539648102986082	-1.0665495432702625	3.842111601965849	-0.13955554207703094	1.2058330424665487	2.3567963378896173	0.08625379388721137	-0.08730173245705976	-1.3093431452491717	2.307773111721667	0.26664276124802366	-0.2340798090261717	-3.3830115357368933	1.2090389193641535	-0.1547704132690121	1.1346331498168916	2.1949239774390334	-1.2291786358360652	4.116865814326672	-2.95297245749885	-6.900758739262909	-2.000119497176536	0.4866890711739252	3.7181130590855305	1.8652421666463226	-0.19980773705561752	-3.133473566365111	-1.525978090704281	-0.11317837452884101	1.1996858253224398	-0.5352730953747158	0.31102793812532986	-3.1583058472650585	-0.31638873744650037	-2.280044702261217	-2.500028819546634	1.1141677788000848	-0.19845645184729707	0.16104848188315807	0.7169803900346193	-0.2008614074361231	2.5299343407902426	0.06359855542239318	0.8939856391807652	1.2267392561605375	0.3506620152082369	0.3025361082704383	0.41381473181878653	-0.35944061117958787	0.011980089090144476	-0.6439702282880492	-0.19695695693642748	2.124198757223744
DTXSID1024881	-7.330512611150367	4.558648996134132	-1.9516367895768265	1.6545168065391453	-1.7864226184578151	0.2795606117780734	0.4871991599626711	-1.5268534602668447	0.5329433625485444	-0.35832917506285067	0.3427592355201173	0.0003369503160936419	2.033957229876041	0.8871188687499079	-0.0212758050233636	-0.48926719436030464	-0.39239760761757614	0.3856037051311506	0.9060391486286741	0.01694498015612648	-0.27133661698288325	0.3368760011769315	-0.6585073825186157	-0.5246930042357282	1.2285336613550066	0.48049791809824294	0.6719647419289335	0.6725378312343183	-0.2927735973504294	0.7842374172171032	0.10721568816639636	1.3901059300213952	0.09518935463657584	0.04020173935581071	-0.1357656639831803	-0.3055180145023732	0.1453173054400889	0.4474990122236032	-0.24021257362002552	0.4622866382179749	-0.13376169129198465	0.23423617382261303	3.680323626374829e-05	-0.3447392399574615	0.24841313621111794	-0.03925778354852973	0.4569297214293119	0.11328917188254053	-0.6214952519630164	-1.0360130509349725	0.2787368444815138	-0.5749126987599744	0.35650940959566274	-0.247268240008408	0.22585390421673052	-0.1731669439041834	0.12660938909300212	0.06938048856591823	0.20450995795882349	0.7610530864432274	0.8430041595818077	0.10400121525003492	-0.2094791830910024	0.20669705072425099	-0.21324985291998605	-0.5472850810723915	-0.15221504422916224	-0.246697990796599	0.43491815751947416	0.4612562531779337	0.6980613285749276	-0.29281543489951745	-0.195031628807916	-0.4437643795335304	-0.4828581336973699	0.12732219160837138	-0.3084041623210056	-0.44379790338383324	-0.9662983277591624	0.34699808435603413	0.8053935561408399	-0.1308953852628713	-0.005865343635910948	-0.20730888004476777	0.06408243792334187	-0.21126603897157228	0.26577613488200125	-0.2477299836482098	-0.47871423320763845	0.08001483428505844	-0.26996561037247796	0.7578871246885863	0.03173155598836775	-0.055832595609506715	0.1299525541567078	0.7281417187695706	0.2823963103760398	0.16772965844735724	-0.1882615943596824	-0.23986127835609608
DTXSID1057797	-4.042844358238925	-1.208103780967615	1.026853876121887	-3.2285932809988935	-3.197649682679176	-2.6439619881344987	1.6127489015872898	1.9872888756178162	-0.7068342997236675	-2.6349471310557315	-2.4579230063399193	0.5612884234232458	2.4405133727886765	-0.6459811594132318	2.665666175908287	-0.922218058535405	0.632731129748938	5.532237216206444	2.8928365609999105	0.9268532983701268	-6.393127920532309	-5.230028132434921	5.401827212221533	3.976120786390606	6.139614049695025	-0.5632590524715347	-1.5196699696507707	-0.26331661172395626	0.011356471798852272	1.4694193988703717	-1.6014523684384125	2.3280241820098624	0.4443844112413606	4.534724024341774	2.089399856703166	-2.702270594328205	-5.131931353038104	7.1740203255005035	0.44256956033370665	-3.4085873465971366	-4.005709166768744	5.215016934194082	5.210366996281102	7.269252546094108	-1.0661960332221088	-5.541237001220779	-2.112355372630343	-1.8695205717384047	1.7257539040457277	-0.5129253377740697	-0.9912060889921896	1.6540621915458484	-1.5268608259096355	-0.47724650894918236	-2.216121464261081	-1.9446060303781976	-0.6117881840720995	-0.7296146424420238	0.9914138896389333	0.5314920250462152	-0.1384248230870211	-0.1849058713624726	0.5250000318709012	-1.3981242848432471	0.5425832660236727	2.7313996617170058	-0.1554108058351231	1.380044722484495	-0.134471602971225	0.830688734815992	-1.7771373117924405	-0.5379590949144692	-2.0100561882292856	-1.7924674120534303	1.5786321265640488	0.13327771458626836	-0.06862366028041221	-0.36314540205505097	1.2993376854880785	0.6445609839474721	0.6614332247826588	1.4172974085768546	-0.484805179587422	-0.3059337602955018	-1.4651631733995347	0.6004942274890731	-0.11763616889517564	-0.02582516068481327	-0.9176749762610381	0.785781088061994	-0.5153527257908438	-0.13134869802385865	0.9671408777094617	-0.8805369492044652	0.32813539139670594	-0.16329415787951085	1.110313324523036	-0.07153209608335373	-0.7500109770651189	-0.07197022286916177
DTXSID8047890	-0.707313151601252	-0.3059353804858251	5.7330615680469466	1.2399118676388705	1.5696176949092355	-0.7320008359641537	0.6608375197794987	-0.7418988768951023	-0.9376651277273164	-0.5578412185890534	1.0966606695542147	-0.031136322757595546	-2.4164743812372493	-1.2994824092945725	0.11149746500167071	-0.5442479159539608	-0.886234012885187	0.9109300974360015	-1.3011436434306276	-0.8451074343248117	-1.041157249983412	-0.4458677104635731	-1.0981442412637992	1.338948422928404	-1.2921387925603756	0.5259394262290268	0.6702082661025618	-0.4999150545682415	0.6480674331107652	-1.2225384224698714	-0.1194199814395267	-0.1368351661240468	-0.12957990932600463	0.5018396087107538	0.3783249451610942	0.08924169295757561	-1.0955609278917777	0.24715452083896428	-1.231624250547282	0.32578674981149175	-0.22288612368407332	-0.1963489202682616	0.09244141145507698	0.071428978019499	0.6135590397813695	0.9203525965200025	0.017545207998734675	-0.5832293146164401	-0.09404753206819022	0.15645919150721382	0.26002680579305765	0.23855404831025667	-0.3963767674132215	-0.08224250037620097	-0.24635467817867784	0.11029858809452471	0.23721800150714303	0.5054099702557987	-0.141939659194516	-0.5775624786791926	0.41787654178445355	-0.5924258344979431	-0.2970215147845169	0.1027695245997287	-0.05316253248141074	0.6074793156220566	0.05518004876711246	0.12839506296041248	0.049600401384675495	-0.537956569789849	0.2698609685747568	0.1190687973438439	-0.05296230946162502	0.057394321669078444	0.11893581604371943	-0.05611133151871699	-0.09051055772945317	0.09110551536211624	0.04308818369185292	0.13468814669895726	-0.24456058728307975	-0.054699630561382856	-0.10899299926001897	-0.19131138405667233	0.15612963946631242	-0.10681266761199433	-0.08811533070276939	0.13586371543690398	-0.2751484586068991	-0.07595236493251883	0.14668006474553835	-0.37442304302750107	-0.10847978402990201	-0.2297788594867797	0.290841485585177	-0.18558664700974814	-0.015569809293854868	-0.04730938199897187	-0.20772483515784848	0.08651790865028261
DTXSID8024151	0.28547166997514406	-2.347058783939684	-0.45750784322293275	-4.996558491940809	-1.631501929070542	-2.6395462923813215	1.7809265168641615	0.7545353277158904	0.6980432780972804	-0.17353745949738347	-0.18509769195780035	-0.7680596485634222	2.4003297817863674	0.8476285132608843	-1.1642766200131336	0.37210472412729806	1.53796706515707	1.8344437509926792	1.1808824061768088	0.9499098452074302	-0.07732678173995192	2.1562588578496458	-1.560906621841942	0.6188360793963374	0.2841603020171211	0.5004521910219547	-0.9330639469203914	-0.7719763948858432	0.23004339332735588	2.6081681218552664	-0.980250760416902	2.425120927340162	0.3151046940727035	4.734798182218084	2.3769404804599414	-2.2923862542762277	-3.9673885185167315	6.3832452320114506	0.7405599313364721	-3.555767847566469	-5.176794908434924	4.306028078396475	5.527309916368402	7.667024334984477	-1.1415794549555596	-5.328723379982086	-0.8876041818721586	-2.690595292007575	0.6860622507625794	-1.6884900272788763	-1.4438693955449258	0.7747680655555974	0.11230392981032004	-0.7581232886994022	-3.067740387806995	-0.07777720542525007	-1.9336531019459098	-0.6924290744979565	1.5182327311426653	0.6892345466287794	-1.223517159155078	0.26182911369877626	0.40110220704328153	-0.9078596509169938	0.5277557600633755	1.8459362991654416	0.07328833355926201	0.910007713490418	-1.0447313114838108	1.6572156463725811	-1.8195500757883403	-0.36147804861725064	-1.2793680163344434	-1.3390242092218227	0.1463303189307231	0.24220886403329908	0.34102657673079123	0.3790170504197632	1.4859712545409856	0.11408100189391011	0.4304466505803371	0.9507839161060685	-0.04962550091958978	-0.5653276874003296	-1.2658616598510803	0.05566972869979549	0.11020074090587069	-0.11833805924930009	-1.2441021071927854	-0.010031972034931138	-0.9465713773275836	-0.32222152506298135	0.5839998684880552	-0.7026987993550882	-0.2082496575417201	-0.550834471972613	0.5669443692267206	-0.501630654138015	-0.2618310428959883	0.4533790452679076
DTXSID6032437	1.7079082378182269	-4.133743871214737	3.7478949661506475	2.0585589034315426	0.09055206688176322	2.750672198395704	-0.07698062823151562	-2.319140708631252	-1.1855261209365513	-3.174395541047934	-2.201753920093523	-3.076030280657447	2.1826719188024506	2.499367488449582	-0.6616412194098106	-0.9720699330955256	-0.15621034198219438	0.7592543267633391	1.2936789269787614	0.6993464805579956	1.3348435335163837	-0.29906320484829046	1.0661829979033768	0.024863032825341816	0.15872710361491754	0.1250212011906645	-1.466471217932176	3.9804713803738667	2.1859023236516086	-0.30524427078334	-0.07143334906623267	-0.4398615485986065	-2.4229417727918703	3.9421917482730167	2.5312798464298094	0.9417349528339103	7.342538500066005	-0.5077229500888819	-3.1159719433500492	-1.0968791568008822	-0.6872544885340812	-2.8870944242550403	-0.34241811795296856	3.2021654922055482	-1.5277804543512936	0.8353671114219351	-1.3125728894648936	0.4852288125625554	1.971264847896634	-1.0909530557178084	1.5522482067018009	-1.3980528897194153	-1.9801660531117835	2.870335988697098	2.5643739621293755	-1.7775295438927738	0.583765455243868	-0.7520512851877271	0.2942267965378143	-0.561107372813851	-0.4094700226574049	0.8355736291585824	1.122611574745343	0.057420763871121494	0.8780704751302431	0.20656087369742876	1.3621125981275666	-0.9234405655939449	-0.6064868930077029	1.0517998912557263	-0.27620657186350694	0.6928279991068276	0.15000630617775826	-0.26727214285179063	0.3915956730288363	0.28609081278281207	-0.1113564289653612	0.139447220458483	0.44818122763303525	0.3650421010851387	-0.42066817067011103	-0.5918512010854015	-0.24467148858824816	0.5207220587575843	0.10749825708484761	0.3994439932227127	0.4760403342836979	-0.05787036702794871	-0.13593755065019672	-0.02281870501676428	-0.07349967150202828	-0.19761491557489547	-0.47351698226317607	0.0994720085757772	-0.2966331106079884	0.6149151250178424	-0.08790397689153799	0.3995569252590878	-0.07159037316077603	-0.12237401142826139
DTXSID9044112	2.964930282705294	-4.84696863507833	-0.19632078108405546	-1.7150038809626735	-3.4989893315683656	-0.2601775821741955	1.4882758205672335	2.3536662462019042	0.3758619446083933	-4.288091186850396	-0.8965356294113503	0.3730651918821486	3.053149756331991	-1.7356178262800583	2.0022036613534406	-1.4817748130580324	1.4510839955044406	4.875067387090269	1.6589722154495228	1.736435785089827	-5.580598598061399	-5.841751392444883	7.049224954087062	3.4580085949174872	5.887506985238202	-1.0583969027989004	-2.4992804378876876	0.768298378224879	-0.0717880456569231	2.7080773536528686	-1.8759312616620365	2.2021023949712495	0.5649539212384586	3.8056723428109334	2.262555778226119	-3.26866790902402	-3.9771077621974467	6.914944319047559	1.36909587744921	-3.3958951813572797	-4.336222243754035	4.3229615190892705	5.103851048982361	7.548464345954529	-1.624877861278888	-6.81216183666456	-2.2140507443200375	-2.251968022702931	2.283149441252971	0.32034355444676377	-1.7156811562743264	1.1085963610199854	-1.6798385738973587	-0.7429595416113778	-3.0999064134878744	-1.3526095136859515	-0.8012475737412929	0.12354462951196177	2.0094000123174043	-0.41117996026628334	-0.7772320147968949	0.15137796120128433	1.552561842311325	0.548484368390387	0.7734655385230808	2.2698486647246736	-0.1354930495625728	0.9933212931479329	-0.06850795275784151	1.763871178976589	-1.0471610081100409	0.5080951090262749	-1.5116527648480997	-1.361604774916092	1.416308010507531	-0.6854596541139173	0.022149146428642425	-0.04456780289300928	1.0514804719235682	0.3352601174774255	0.023835155869642837	1.9928760573826187	-0.7478561478002033	-0.6163302273085125	-1.5044346385593386	0.9146368248357456	-0.95446904831301	-0.42836657768528524	-0.22465362930152086	-0.6608593363649673	-0.7910936396218561	-0.32966421440258353	1.0500402294747408	-1.5740757539492363	1.434612084247244	0.06098698770804962	0.4923581962980001	0.6112120393044082	-0.9246995336558415	-0.3658212617417809
DTXSID7021948	-2.4454202039103614	-0.9689720777594583	-0.9548599844140209	1.6417981200170124	-0.3376654546704669	1.522124927381561	0.5224009903380507	-0.8452582983154975	0.33862331135258006	-1.0986207736378102	3.638094719230084	0.19400017925701743	0.8112418929125463	-0.8264602256840046	0.5907133929219156	0.43053563057551597	0.6106439065523994	0.33150909354711294	1.476869618020648	-1.1890662322712557	0.3598322816178837	-0.8315370518307263	0.41477723736884303	-0.7231665793859938	-0.8686785746863287	1.242979615836094	-0.5991880208207596	-0.31485814805468787	-1.0642181393481012	0.9779077830403343	-0.6766152682990627	-0.24474424405870154	-1.2414987425742186	-0.25793638176690575	-0.34213155125708167	1.4162118318030779	0.10572085874128653	0.8919333135284302	0.12035129002749216	-0.9224608495455022	1.2221976404455508	1.6438993940927205	-0.44263649007976996	-0.2341475604862026	0.06793023510292888	0.26626508884503686	0.7075031397671024	1.025600459980876	-0.08363288068909508	-0.11447728146444958	-0.3347038398547479	0.858595470948611	-0.604890063544639	0.14407512038718362	0.9518494207290306	0.177121188179797	0.009274828520194085	-1.2375561199114125	0.7896556370621852	0.2813245536637929	-1.2029874455125644	0.9950912704950611	-0.15369036281954332	-0.04414733616917857	-0.3075263018860286	-0.506406074786828	0.06626010614659435	-0.39736883142498614	-0.04256187466586403	0.5044314925365452	-0.7844539982349861	-0.2882959876683183	-0.9186710785360974	0.16763049831434074	0.33345052619309645	0.5359737248734052	-1.09216540175114	-1.2117966409451848	0.5115800584011306	0.84010309871666	-0.5089012565137536	0.39944007337811177	0.029301318740161297	0.07972009643407264	-0.3773955054715376	-0.1312186816978957	-0.020088199704218563	-0.7379120580306913	-0.11641524442039411	-0.3179362601761233	-0.1950491163124305	-0.0346491287930802	-0.16450382904669542	-0.2923639907391961	-0.050834658521308765	-0.16315988606392384	0.171449947297662	-0.3028671903968078	0.49028443725790494	0.5196287417816553
DTXSID3044590	10.253185007971247	-5.128902725535706	4.245781438170411	0.15079607374415988	-0.3176028273310032	-2.968481879198317	-0.9575533122776195	-1.40433582076853	-3.4831652758235627	4.7209967477854615	3.3390275916798626	-2.0786420799454435	-2.6130716352989762	0.6794187382948742	-0.18789014053636502	-1.176264680065996	-0.7504361191934679	-0.36775579824057975	-0.7812098834293452	2.7479559641062417	-1.8926477514160223	0.8446260891258864	1.8301036774118504	-0.8297404778640405	0.1459901636220523	2.273219960900769	1.3404784357378334	-0.10276308917404317	1.178672200779947	-1.090508299918584	-1.6907489337935406	-2.2472083329376	2.935756642415153	-1.0429262773096	-2.2520958862985703	-0.856437494440607	0.3754823542370918	-1.6942889463417472	1.0489717707356006	-3.230962178780659	1.305111888924194	3.3172949341849245	2.3700415736840417	-0.109475306151711	-3.381525929468204	0.03875660347863961	1.0790132657488176	-0.19523038670910028	-0.6285978407634659	-1.6644769311376222	2.841016655897727	-0.9706208884235304	1.5651487150505052	0.5268627772657123	0.9378372844779757	1.361121881603141	1.009734575436227	0.7324814153821722	1.2160139549438465	1.1644542437071623	-0.6147406405936018	0.8124897784290408	0.41946364461978186	-0.27866766302229384	2.6641941604394472	-1.283939472898268	-2.1091970411635423	-1.6328540663791196	2.8469494337260395	-0.24242640429078546	-0.3188424359484941	0.335517350052384	-0.4830846479790224	-2.1555565517186857	-1.9431309490632676	-1.3123250404784559	-0.9726782546954391	0.04818201952115531	-1.9391784814295596	-2.212192425060039	-0.8508318685089219	0.9308018451913345	0.7379646688678888	-0.49912538134599804	1.6904897888713157	0.6387047908476149	-0.26314292618598756	0.1885714371777728	0.9391036992895528	-1.3064297312037747	-0.2945273438656721	-1.7414703262342377	-0.04085372336962386	0.16283924431008914	-0.2901404811652881	-0.5386823994358939	-1.7627959856738136	0.1939395246962974	0.49454445577350203	-0.5976089502196863
DTXSID2020846	-5.158971750495373	-0.03329287654582943	-5.169395540273187	4.4535095829402405	-2.4370745910178258	-0.8486431143304108	1.283703491520723	1.4942943949344856	2.953241381287346	-2.011908027271761	-1.8348310864104642	-0.7755026597304298	0.8627079218687618	0.03032203409952173	3.1737315726331925	1.074790143618099	-1.2979582672658514	0.6974762408107285	-0.46168194835332244	0.3153439053392981	0.48932378971118057	0.3653642872512772	0.6834078677142593	-1.8359211863708704	-0.6499447194254906	0.579956984226951	-1.9852802875375035	-2.076033568984834	1.7197541773729625	-0.8625397704835412	-1.8029358919731993	3.0152505114248114	4.5879604223690285	0.7489120025787291	2.3497466974460615	3.213664858331913	1.1134048356258688	-0.2107644947754805	1.6349743110922552	0.013779443095015423	-0.6417441411024273	0.8912913223118482	-0.5310702861637874	-1.177581101535197	0.5596570092202559	0.6157332825210834	-0.17099609866430185	0.04285393912789195	-0.15994473171686863	0.35654699212551005	0.7795305052572972	-0.2787674161432441	-0.2766771257141047	1.0169086159481413	-0.7672550099773219	-0.5504815575914096	-0.03134909274010383	-0.4819648175931002	1.879041276180461	0.6260505291730426	0.4701489132206054	0.2681624143248219	0.26949619011539716	0.050770144499335944	-0.6526133649283116	-0.8400745277199233	-0.6265443744797897	-0.5260323413231883	0.03646507315751378	1.1528505741207224	0.511801850900183	-0.02721092993915246	-0.35691697546083795	-0.014438354144488868	1.2113314834719053	-0.07804913955226216	-0.02994531340746728	1.113860232430391	0.07684770241519062	1.54300315587562	-0.28333565751831946	-0.30811333633848387	0.36210017280234086	0.6088304487889605	0.07132466541021165	-1.127788891387066	-0.22692029949006473	1.7175589554643558	-0.5102997553967716	0.5023515453219689	0.010466128857064742	-0.08568155688899998	0.37572356511391675	-0.10847630569892841	-0.3300170466107541	-0.35313533409864	-0.45090509870319007	-0.8759984705756336	0.9782896627708694	0.37748817822290925
DTXSID3022877	1.8924031067481661	-0.1977048689181521	-3.3752843642410992	6.313968713619246	-2.3824110382340766	-2.602562259710171	1.9223634460280132	5.514512241782506	0.43181117082308584	-2.6110345221123175	-2.2476119523021554	2.9665320518303115	1.9665059110875023	0.10745180881945658	-2.9059038252913205	2.391897410575079	0.8671278243897482	-1.5255127852137491	0.9240902861923314	-0.5072675702963322	-3.0375650989078125	3.8790033101495407	1.0558159173127966	0.3100154236209861	-0.15634975933057002	1.0038060844116399	-2.7875392565106565	-2.506449030045666	-0.6572792092375034	-0.2685922081220544	-0.27655750510724764	-1.6108112466725164	0.06494121152237159	-1.1157635742550418	0.3725415427155742	-0.03227113876219275	-0.317765607838126	-0.04467323054218607	-0.11175576491804609	-1.5990206578627593	0.2884018632672082	-0.5085292612082688	0.49566207876451684	-0.3988445443302655	-0.033881062932723596	1.2702738798166027	-2.112033625371209	1.5191396055186241	1.2423785355805852	-0.10275329141706266	-1.2778846784749043	-0.20042931992270868	0.5207483693340366	-0.6941662237260137	-0.24674678771442426	-1.6052707709600782	-1.4870655315892534	-0.3328492821249592	0.6315690958457071	2.138736455156982	-0.9159567499540393	-0.13528583141140565	0.07301674067620326	-1.6479920270720443	0.7863963992978813	0.48388335349836875	0.7561476460779338	-1.1042429307524668	2.1151186899639103	-0.17237813755139597	0.9217560061012045	-0.28867311946781377	1.206355463006933	-0.2014560894704146	-2.164019994690633	-0.18647618814175176	0.1304317234870455	-0.6105344231738044	-0.4373173600357764	0.12023808038661418	-0.6815398586487236	-1.3469825169586815	-0.8246740414552062	0.31170813074909365	-0.8284469399351945	0.035054086368744464	-0.7942735702068189	-0.16652380991770668	-0.12016559010767	0.07596680756594416	1.7984128990233033	0.9030507280489691	-0.4278244990764856	0.20022636545570052	-0.18804180998484427	0.7571617544299847	-0.22725948375190003	0.8335116999587739	0.5372585816773942	-0.07348770859594064
DTXSID2044218	7.523315187980105	0.06949182316598214	-0.5171424481835033	-3.3589633686583213	1.083466807843964	0.23803756326193357	2.9870544680930307	2.5998737246083237	-2.6420299255743513	-1.7345577847575007	-3.457527050014912	-4.621271756863779	-1.1850162967826587	4.375992475935511	-0.8851685873985699	-0.2023431946156103	-3.20703871819031	-3.051111668448977	2.1502230230914097	-0.025449345713993193	-2.623144179146024	-0.24166379169381616	-0.2953610462476695	1.7791097827081033	0.7218769302968829	1.2108767539216587	-0.8280077363861176	0.9185574063428312	-1.266452349730217	-3.4575393536270504	2.851726111571199	2.6873719572670645	-0.2436384995598627	-0.9299596933222348	-3.283659361638402	1.1535834323468863	1.2012179406155994	-0.3714350573659856	-1.5389414053351695	-0.09551170681674459	-1.4880351265785852	0.23517164260948506	-0.28766577114412784	2.150876616982132	1.1531660022067123	2.024664333116469	2.749758271252328	-2.4763852507155124	-1.2479351399863792	-0.5193516113967048	-0.7409337983305874	2.009701336484972	0.08360073363436524	-1.6307167652048726	-1.9167366470377316	0.7906566992980771	-1.8070187270600961	-0.8929476344353933	0.8657884506291441	2.6873653033428266	-0.09320501661407318	-0.3834817000591386	-0.154585387118942	0.6358918002128622	0.612783507673414	-0.28059744238174217	-2.120444961543296	-1.2994009589571505	0.8320298118955537	0.11140604785644768	0.18634629182304094	1.1095321036224104	0.18625813951059847	1.092018417134291	-0.7052752006654527	2.2051697120259974	0.6602660615786947	-0.5450953890938578	2.3407974676383976	-0.4123355009415965	-0.5049364883222536	0.8422198782145235	1.8480683364950146	-0.2555157881854765	-1.1190089229375637	0.19865735647081284	1.4444440037616464	0.1071138307274686	0.07393379134685077	0.4654937358205323	-0.7122200145922569	-1.2708595484504013	-1.1286789831880142	-0.4055181902030647	-1.8233581164057238	0.39348365334413477	-1.1528335040693225	-0.9765773001937671	-0.23066996951188753	-0.0046684054618395705
DTXSID4044373	-4.69186751179547	1.5854492924758927	-3.723155339172185	5.893432037024056	1.8359124678007341	-1.7547689576171974	-1.6251970405557226	3.0306712681462757	-1.7486851394696765	0.43305872258929173	-2.3860457234365424	2.9342850419814894	1.5375829953212419	0.7570726855376236	-2.651285454565181	1.5224822825126278	1.5016798155151008	-0.5897909522025548	-1.5014536063588018	-1.9969146745251949	-1.2825937421657148	2.005871458437188	1.3540319894058432	1.2293579154623704	-0.31480839676200706	0.6763806351083723	-3.124346857843163	-2.563704801581078	-0.3733152296447679	-0.9588174337121703	1.982929477251522	-0.35660433943150377	0.1669202567192199	-0.17919443816020808	0.7098926525154521	0.2272727823600887	0.20638122202593448	0.8307534196300713	-0.17632673026025522	-2.3312205478400707	0.6200420681321047	-0.18987446254948384	-0.05241499721561379	-0.6797201951972233	0.3972624194038598	0.8903969013528813	-1.4160956884771816	1.5547948190743002	1.1037487032275786	0.41290229973819215	-0.7867452340947768	-0.8671772606895746	-1.1118683099544715	-1.1114777803540794	-1.1517574708719542	-1.4380389424694557	-1.3490208474669991	0.37636334387184656	0.9162229897970191	1.215708349928051	-0.38902445675731534	-0.5373937708181065	0.2810644072718236	-0.8456468531884959	0.9082979545385451	0.99014799586275	1.4408428252726586	-0.6229036210728716	1.8233554277094337	1.3644607858996678	-0.9971356937175605	-1.2747764018259857	0.8158698881064684	0.042837424860826145	-0.9322404731834563	0.8320988174901157	0.4775171650923786	-1.8091365915486604	-1.1697539006217497	-0.06703902386730536	-1.244776732098392	-1.2723542360353328	0.6352153570691822	0.21096815898300453	0.06263681863894877	-0.8775299918790841	-1.1657307292055743	0.39628184980988984	0.058442307962421815	0.3006077163771472	1.2740072380166672	0.9140171243882214	0.7162481038473549	-0.5388114788659324	-0.6748887781993478	1.046524107994967	-1.1989096342624097	0.7171961176309849	-0.9128576988672197	0.8495828973513663
DTXSID2052447	-4.505412707444422	-1.6347172785173485	3.621327655381485	-1.7941307192187428	-0.4857051457849867	0.12084425250101788	-0.530620975417261	-1.2813838207449737	-0.08890831587482079	1.1378980266886587	1.3580562254947794	-0.023642166876847562	1.0306606241240817	-0.3507326802388456	0.08179442422247066	0.5060996304473393	0.28682484495811017	0.0776429609931295	0.7949892444490816	-0.6588629294666791	0.14882559506924783	-0.07890049602645605	-0.210159639779536	-0.11928517488815893	-0.511502048904545	-0.005221075969040261	-0.9019672450616106	-0.38752561053988976	-0.6806848421124809	0.43405234377774665	0.14340743216494425	0.04613745993453547	-1.0344501035194358	0.1276537477063643	0.19965800422220806	0.6698624656946581	0.2162403549714171	0.8768358032413905	-0.22021328934778123	-0.10485144962745044	1.198080160372771	1.6635443577593376	-0.4692226611893197	-0.718275450872821	0.1351320226381471	0.24648972676151967	-0.4377693387231677	0.15735819392521194	-0.21389720198463774	-0.16522608109568165	-0.5494350825820565	0.08477102253318831	-0.6399799241788247	0.16215239895273806	0.7936950990130537	0.10959279974265214	0.5943463335499806	0.12151777558717969	-1.0134374351259259	0.3017476542052953	0.4268710736324032	0.0301747271282652	0.11627179042113449	-0.5061248979071631	0.6897064376530745	-0.15935748948616965	0.15343889364117907	-0.22589440049018017	0.6310502241578541	-0.15841146908170006	-0.17739943809145503	0.06539697532792418	0.042269294416145166	0.10914323048382885	0.14097914902514871	0.7891829972363312	0.08259470138338279	-0.40360536813528325	-0.14400883172020212	0.24547223461759546	0.08015830927841626	0.2434818564270407	-0.02884427550251812	-0.0943422884010869	0.08482038144237915	0.35795326067192745	0.27364562712374774	-0.25903089554356035	-0.23045574738671373	-0.3149889762873391	-0.14190509664013218	0.03840469509917076	-0.11354743957532104	0.23862901172703324	-0.2037857708267524	-0.08557376680597069	0.21366015775110628	0.015450136519059254	-0.0687099991225346	0.15526726917632547
DTXSID5029182	-7.255463916110817	2.6204101098672052	-2.689108477633846	3.1934364904717	1.3148665267213924	-0.5456419205979355	0.35973012330058735	-1.3070721255978481	-0.07593922712626852	-3.0153474669773934	-1.4899288315435302	-1.5131670749656838	1.1773652518823938	4.512206265143727	0.18591285191299653	-1.3493537679082708	-1.584142453878353	-0.27058819163497294	2.8391092343493143	0.5802801022334431	0.008947661262996166	-0.3690508367368509	-0.08383672246694873	-0.6958865673781568	-1.0473553990433164	0.07083399801848352	0.5044298980883539	0.08744653404220894	-0.12930672013347802	-0.7944387219399194	1.0061283971121873	0.1890096439862425	-1.0993253175539912	-0.09800813548829153	-0.29122351295738175	1.0532120198643327	0.2408027999190557	1.6082763135719698	-0.4857230109724146	0.18333915762298197	0.44121158078975	0.48512204404814535	-0.6093220414453726	-0.35978893763472625	0.4263041390395783	-0.46520554205866377	-0.0894244490613702	-0.3866756892884044	0.06414760283816885	0.027426822577339825	-0.8513533843442044	-0.5317859722897763	-0.14619068400084448	-0.5086708052459042	-0.6608862624299235	-0.25301138329688466	-0.11132749953634982	-1.0300094967260427	-1.1774366674523775	-0.02368522950622075	-0.3753087891639695	-0.959059650857029	0.27805472560833555	0.4264479142862601	0.14461965167708601	0.29739234765237116	-0.42692703348099154	0.12461623892061832	0.45367646964365443	-0.016210258322501506	-0.6900426232276784	-0.2904738482972457	0.2038261915535418	-0.0733027365053636	-0.3062184179731101	0.4086935385714907	0.7171868854134663	0.1347544442811447	-0.7121203193993771	-0.4926064129730016	0.04810881224556174	0.15476006275442694	0.7407906286056858	-0.03952850787683036	-0.3508402627280234	-0.12668130676215647	0.4052319958532456	0.14694824512435992	-0.386943820522006	0.11005507095795493	0.10191930031270058	0.2693345263586614	0.031048217272443824	0.14221141347611918	0.5137171550654321	0.22542755324642716	0.06265573771007599	-0.20486298195855154	0.014192873658462059	0.2712800715846517
DTXSID7049263	-2.1325879129421166	0.10304483625644664	-1.937341133394867	-1.406773653160005	0.3315581980457318	-1.022853690755849	-0.6798438595268027	-0.58955589116858	0.40675757317338596	-1.6707551107063567	-1.807797736898871	1.8086966717853816	-0.446357692946485	-1.7842322775490655	0.2928409389702361	-0.37873203137033307	-1.7351813022640894	0.2475771391405119	1.3723604895825932	1.642623528524877	-0.3786851029982528	0.7868335460711475	-2.8000347912778993	-1.1989360720420192	2.3908691848981793	3.1303145442946647	2.5654210602509213	-0.4758483611098074	0.0495694423839684	0.5475221348188275	0.23197875569211268	0.007912572451658498	0.6093096759258092	-0.19027887946955008	-1.0606962491365253	0.8515170715803023	-1.2423920542386098	1.1473035518771615	-1.0989423866220054	0.9346021100316683	0.4603700162399164	-0.2774848919663738	-2.4533003121690844	3.2981865873709406	0.2062118304581852	2.1275117750287205	-1.1594354378284217	2.491076825438603	1.914416125197752	-1.0083526242403391	1.1625947794939946	1.475280254186573	-1.2995324716369314	-1.556615944371836	-1.5478365221605526	0.8409634560155652	1.122298559093912	0.06926259567322046	-0.9804284852651836	1.3578540555831928	-1.1151429903882317	-0.013764738410676774	-0.8790253345184658	0.6343917956624284	0.9976786101703515	-0.3896088527941281	-1.134461201611635	0.08759073902067878	0.38273700292276397	0.8067169932400186	0.46661188040220136	1.2317078896085931	-0.29405020668951654	1.2207774633266695	-0.7191819492324495	-0.1361761509087747	-0.5442323708670395	-0.05603466310043085	0.72030416336453	-0.8773897760340801	-0.7670644801991344	0.36055184299336235	-0.15159438597706637	-1.15622160067791	-0.19684950538519783	0.1610710713306151	0.020719467474303973	-0.08345311285346796	-0.1260508794099796	0.3854612566052921	-0.13124000722764464	0.16448141912490954	-0.9910494697973758	0.7685108710293039	0.8651624878265805	0.20295270431945178	-1.1986491027788457	0.192470558563792	-0.17476006028673494	0.4532006589324077
DTXSID6024880	-5.884026402878852	5.3483337934028645	-1.5350876079676004	-0.6478303772025807	-1.3667146900912874	-0.582637895924117	2.7902925697255836	-0.18800539701017202	-0.4893094945814048	0.4244733731403766	-0.3307505861564588	0.9570342988204972	0.46435121140161345	-0.21009788736038054	-1.1447691086244822	1.9959854636962386	-0.4461358958775015	-2.256278260929619	2.7430778317362194	4.00174384437858	-2.3413214426670588	3.2088972142419085	1.6943419397133703	-1.7924063617244796	-0.5977808808770845	0.03613071663639715	-2.9905681307512393	-2.6522749488307125	1.0733275883244544	0.18852860020770573	0.3810425948309005	-1.0643374896211082	-1.8919040247785635	1.6398145496281702	-1.2447183900710874	-2.378032395054984	0.5934147798609909	-3.489719038451123	-4.071617595211756	8.508987565434692	2.8485300638716806	3.7681637618977515	2.3941417376433964	-2.5579398427731164	1.992135765330045	-5.1281477386832535	5.373446218382856	1.975203074414535	5.769516905008964	0.7645436644064555	2.831815047525084	-0.438674153638985	-3.6073194643457605	-0.3615658416791892	-2.1516988714195833	-0.1684877397086759	0.20519754119685285	0.34460643542969926	1.6669265067903116	-1.8852013975876054	-1.3141597022809977	-0.2231571490746543	0.45768781123785	1.095710210249118	1.7850357461925273	1.842994647486844	0.2844413557087134	1.008482051481563	-0.468811575264166	3.2053115464528505	-1.1297310611220535	-1.596351656092972	-0.06263514874976503	-2.0011500637258193	0.03845539379732294	-0.7780231094446988	0.05613520133956787	-0.17607617822145114	0.9950314261071663	0.5462429553869669	1.2154344610751853	-0.9560269952713112	1.2395386395269339	-0.17176017292356702	1.1004473603275402	0.5628243417417955	0.5074061338396076	0.12983347707339246	-0.7698610093512254	0.13490920781565802	-0.29680648404938664	0.011865432677789592	-0.7112664288252089	-0.030466961881623917	-0.0679928143842243	0.6990656004574248	-0.7541123172398276	-0.6489524869898177	-0.3452049920474334	-0.3577060645426118
DTXSID0024509	-4.878811471207236	-0.7070684709601328	-3.0864932208597518	3.713534726818349	-1.0199601719331524	-0.9176222121499429	0.3537611350892719	2.6859896179973974	0.4887622946868263	-3.658532575272443	-1.557742563576342	-1.3668125443181054	0.7320277813901231	5.762170470437957	-1.4373175513479965	-1.4190382185841868	-0.7502538898577692	-0.38154564124356855	3.589080777455126	0.9312763171699727	0.09166868451074517	0.44246162349914875	0.22628152080729147	-1.0232312795168288	0.4311894972887742	-0.01919856803510276	0.00804281169172157	-0.3210620475896732	0.09458446469752328	-0.1933594023454086	0.3511588673467185	-0.14576783648210598	-0.5239668665547509	-0.6824574161339614	-1.2500984849893741	0.4665853135391027	0.19181729111330928	0.999796327396287	-0.4044608555830994	-0.05725698407620187	-0.5986899745309704	-0.30544948056829047	0.12988224033305065	0.014041739407736259	-0.35236712883742377	-0.4121622199149947	0.4499551146307368	-0.36630520004210965	-0.41150723796913447	-0.5526631492579004	-0.5119766154562894	-0.7000489024511926	0.6001637287131146	-0.5567290097387461	-0.7806613126205424	0.9815852197564414	-0.45649268785535424	-1.0361573206058214	0.3997612059927775	0.8934702577527373	-0.6239224208625845	-0.1446262492686752	0.6996097251037482	0.6629616093527887	-0.9178241264285395	-0.12226989293188976	-0.859736193292416	-0.6432125356755433	-0.23984233425747287	0.12758577212641017	0.155744450055713	0.1891394489963839	-0.2502179919652346	0.35292204374900876	-0.37414954242805315	0.5402327509340444	0.07440528715895936	0.016904847105247874	0.24164889555536972	-0.33522308011428026	-0.7544696599371924	0.02766691083387532	0.8395792785878378	0.13544613864025637	-0.39012820669974524	0.2613320875146744	0.8999703242635957	-0.30335998731774205	0.5510786590203095	0.37584675167964215	0.14808441943194975	-0.3580770852974813	-0.24071631844324093	-0.24860287960936953	0.12546121995836232	0.2331949684771425	-0.5283032366112402	-0.02505725644331934	0.571693178475425	-0.15960658799140773
DTXSID6022636	2.8294139089910826	1.4591003267057308	2.4079699503035736	-4.876141606776404	-0.971753732933898	2.120360164526361	5.062622272810692	2.780385062916073	-1.661311266192767	0.2506333797528856	-2.8259375599363197	-2.441458480990019	0.9385978859527451	-0.23713367154401516	-0.5491872337292207	1.7325483177731411	-2.2180684435596905	-2.9913473074930903	0.4047463585123656	-0.1524169505298021	-2.842335001475948	1.6621778240875014	-0.3482753825480048	0.7186140958216877	2.135817937826625	1.8750173767095797	1.3893849102484925	1.285402531743595	-2.4210508418582974	-2.8177095213543346	-0.6638073018137812	3.3952106266807753	0.7892476964742487	-0.7589803464846645	-2.1327153580414007	0.3832459576097458	-0.41930497086406837	0.3154204661568722	-1.5350741327852073	1.0027015662102559	0.12183999490822989	-0.49444038726854034	-2.4422732293145484	3.539518335575023	1.3348381508141982	3.295914883039629	-0.5115436634034772	1.1357309963487041	1.3594851533809453	0.20233377332548222	-0.02085454338128776	1.5377379923237529	-0.722379073336057	-2.1309574124902584	-0.5955330128698084	1.8233848239208073	0.32973685895691257	1.9671562700777545	-0.8601652995677423	1.8571258924049296	-0.4261251055991085	1.583974111786298	-0.40931817541825477	1.5788108120053739	0.015938364771631932	0.11391110839674652	-0.3351006714675604	-0.04705563115074492	0.1985926817341207	0.8464130996557413	0.9535124970624383	0.26090258018617407	-0.3190763786951262	0.6184381470275495	-0.10310379463438958	-0.36168238150360343	-1.7850604163069623	-0.6931506744115286	1.301423555308653	-0.15355422485222522	-0.07003218558765312	0.0760920655229997	1.341042217649854	0.2106555599095118	-0.6944007513358653	1.598332692100769	-0.7003422648422161	1.1949038688868308	0.04086841030529309	0.16838480888342305	-1.0787846587694265	-0.8125017999142828	-0.4376767577510553	-0.29419611206242635	-0.18404184274105811	-0.5106230265095778	0.10776024908120665	-0.06597824994698871	-0.2592780186377334	0.6071767814396218
DTXSID7042356	-3.475051970452046	0.3832007214390115	2.2088365393405027	-3.096084551869981	-0.22098147287162426	-0.24501727307610482	1.7320211564785417	0.5978198833420626	0.4918801113617547	-1.2928510355453957	-1.7566530354981154	-0.2695361750698353	1.7055763914604445	-0.6399595257824394	-0.39791634287958677	-0.5771464266004254	-0.7224942795832561	0.9177690447404353	0.09924602043481204	0.07767462436046937	0.11784419809280545	0.3975066546599451	-1.6918799646451248	-1.0295727871427938	1.874854446278293	1.3728744162859754	1.7127276245423144	-0.37748108223510246	0.008070950553698835	-0.8944792859474298	-0.2988408586590617	0.29174523320626095	0.02902730157629747	-0.6251503218421357	-0.25413006854222586	-0.11209662056640228	-0.9480858598472405	1.263183887116015	-1.400719144336037	0.9896716934851203	0.7701716148538257	-0.05534820258832605	-2.6164084419899556	2.990523544687923	-0.03884146434415582	2.01431350129173	-1.4157641657881517	1.914982088926541	1.3736441645608737	0.8795906306410698	1.1615269947546178	0.582271314785259	-1.7767166094944018	-1.7160821171827476	-1.0825671975011277	2.0649634975820317	0.573098716132567	2.070046191830663	-0.8767977348950907	0.6251122946432712	-0.4445712152416153	1.0561516813512217	-0.10274565524655671	0.9908032680905716	0.08338629736865617	-0.13885133652452103	0.1438292645111108	-0.23699827117308214	0.4201691014947058	-0.056198600548435916	0.7821176549587369	1.1821347649469574	-0.24432117396162037	0.4213062390923116	-0.4213468466928324	0.27494816187609394	-0.8413978096870985	-0.15936369835533434	0.4900804992175742	-0.14353242618009726	0.026504502293145712	-0.7508825440163008	0.4068038488422154	-0.2077616284595497	0.0611940496346978	0.6690709256298749	-0.41609338237507215	0.6111431566971902	0.4696894740264832	-0.4437067056003977	-0.04598790197790587	-0.16178855432310651	-0.6863830354527525	0.5504676112235577	-0.07392370813269389	0.31448745731633815	0.06438514010045944	-0.039225262881942106	0.24016808154613822	0.21115188023492854
DTXSID1046508	8.479602385201316	-0.6214008847630706	2.210705662210424	-4.758234409428925	-4.744419080697695	1.600709383635751	7.9739841295781675	4.188060456743641	-5.0607013939725025	2.371996098423609	-2.4857369172634765	-2.08311361104715	-0.06379050586829745	-1.182271021454295	3.3523808252693112	4.3712547965124635	-4.24371771493002	-2.2249237770668295	4.7762538336809115	2.0306795347960973	-12.522443014713994	-4.116068646382517	8.630822194111804	5.8829538369742425	5.2632182532162055	-0.06964708743256237	-1.5738445350947252	2.5140757132597527	-3.53541063999309	-1.8146905781910545	0.854790066687205	2.796105722861669	0.5427466437639545	-1.0110973210006	-4.5602337252301846	0.7527217069315817	2.3748315917201253	0.11481992973480937	-0.6536597202204888	-0.3324849580952621	1.2703099042353927	3.300169427567953	-0.2423426723500569	0.677971052559192	0.0934471119446648	1.426058107701298	-0.6019619748702371	1.0531977650918418	0.43349532230119153	-0.49890401400304657	-3.724962788250535	0.8731709055117017	-0.8558523077009639	-1.488991038275254	-1.9943989894665788	-1.7857565932857165	-3.0998599604784767	-2.6639137593749553	-2.115254921510963	2.914833814729437	4.412939102467608	0.09208036559587077	2.797037609277137	4.89456953227095	4.812345110256729	-3.0924178112818317	-0.11097817455129115	-3.1601215929380526	-4.726007862778607	-3.8041029421968466	1.5955938102988547	-0.48344309805860586	-1.5232365348265098	1.3049348125732263	1.0135632140521154	2.313766323194861	-2.296737510787165	-0.6089385814695674	2.7297737015231007	2.5558011890987915	-0.29955432073692767	2.7601738363942667	1.6996093265324852	0.8817048599979163	-1.872480392228722	-0.19780858370421464	-0.8410149060412231	0.10337092747049037	-2.5886409413529163	1.377738016734947	-1.2443105758683017	2.9842811529128443	-0.12673330479399517	-0.11691619827731588	0.22054858227104807	-3.746479890255974	-0.21169575445493224	1.181490121784871	-2.160941233747346	-1.7438806184391213
DTXSID2020391	-1.6246350313131739	0.8529490122537865	-4.191606520169879	-1.9849647908604668	0.19203290423073768	0.510411548577852	0.5287932799783779	-0.5049647227840969	-0.9077307936433062	0.8928512603616708	-0.3637094377570708	-1.2694193717040416	-0.49286357648377815	0.7460626558931592	-0.07595458894446266	-0.9252579055832755	-0.8014490228663208	1.0793185364427733	-0.9263779999426253	-2.2166944366056907	-0.005172494553952629	-1.4616579209401661	-2.649423230563162	0.5704419170992316	0.2309924479571996	0.8988432503097215	-0.6159021504478468	0.15909905890381684	0.931413790583835	0.5851737888605536	0.7544840724730263	-0.8208599994467971	-0.4136007116593331	-0.0036733038825247245	-0.06872348468745645	0.5646671062319014	0.34005598380787616	-0.044902039408878075	0.5364554057218877	-0.003717244932996984	0.5466438118308928	-0.01707092748501753	-0.228323996523202	0.0827703153342355	0.23812243717139342	-1.2414338756286896	0.5501244699050193	-1.3665434403695174	0.31648674661782844	0.7427003550185541	0.6900655651697754	-0.607003370853819	0.688080373275099	1.079004588165404	0.33747264463519594	-0.8910514149020711	0.9621656164464816	-0.20665086700652824	-1.2622906480936056	0.9949050486193615	-0.9454171739831337	-0.4799522288935124	-0.4939816035674153	-0.6700587866865804	0.6158703405179506	0.6096869422628386	0.7494491720483869	0.500016685880266	-1.0873851441414057	-0.9244848510340926	-1.7535797969786122	-0.7270863475974967	0.1568553826498822	0.31444865974175695	-0.9307043178099305	-0.9508330889951364	-0.74575725951563	0.2138456070014179	0.09402472559161622	-0.6601976470696305	-0.42002695830515685	0.055052597470589555	-0.18491726970595976	-0.16557878667299736	0.038467636833952046	0.14486742025379684	0.4608735609727707	-0.22295468879317953	0.05553715384217368	0.21658771890239656	-0.3478686382578724	1.209425540662898	-0.16887265331381046	0.1756081873420204	0.00949426419127174	-0.8186372005849358	0.29626159884201675	-0.3937987692578893	0.5952912754437819	0.03429295147526663
DTXSID9020376	7.50128601075096	-5.491186107483915	-0.4946833150533466	-9.538509533154487	2.25397859526773	-2.6830510189597847	-8.502926295386253	0.5379620106118415	-6.738639959965006	7.912791735483514	-1.9426324602574028	-3.3490049403177795	-2.1923870216291967	1.3427007584019524	0.07291313232550742	-4.371709137500212	-0.6991685498815317	-0.5396398467743548	-3.3591273833930964	0.29175594707771463	0.8293324421781748	-2.7982002648454203	0.21994214551365637	1.4687536667744563	-1.3229686528045295	1.001503810468842	0.42940239806736225	-1.5125868405879586	0.8469319653272429	0.39061210557588555	1.285272542536118	0.6999826288056209	1.4655567740117887	-2.54959958858065	1.343502509854536	-2.0022695971432993	-0.8460638323151239	-1.8823809502766928	1.123729013167423	0.25928688901349417	-0.05288245442642009	0.4529616586023323	2.7766424141408867	-0.4061106215398715	0.277779653735683	-0.306372881343036	0.18483917839176156	-1.8217458761057734	1.1157972157864369	-1.0445393674694992	2.126070155582741	-0.2567314502504132	0.9087582918445278	-0.22887558936257327	3.3574922004016394	0.4391232391697482	3.2721186397576028	-0.9615929275727749	2.331746959661023	2.395427653962116	-0.5321998765024184	0.9780051942385164	-1.0203080556994908	1.2400129948454737	6.155481267573592	-4.257907190928022	-5.02727410145006	-3.584809945093462	5.90222388015685	-1.653139348979406	-3.7175429540330387	2.2307227562100245	-1.3254770959833484	-3.1510992885810354	-1.723962652760141	0.1315001754827678	-2.857537553564997	-1.312588289526533	1.0025016347796278	-0.2540082280449857	-0.5109232630379277	-0.030514817421615374	0.8418031634126685	-1.2981225324494563	2.7604516418216294	-0.7288605538366826	0.6798952662712475	-1.9646431523922003	-0.05933222057031657	0.03119593835702323	-0.8965314709371252	0.14185154177524417	-1.3889362798631208	-0.5780701351881627	-1.505975667840686	0.3610223547348881	-0.2744112958479694	0.4709889666609553	-0.4503587268977914	-0.29828243291683854
DTXSID7048615	2.258841023872412	-0.8527256327703959	-5.857848599955047	0.7854180178582328	-2.9553717452973904	-1.853999259853718	1.5506601763377952	2.4508256868509832	-0.37543276475750287	-4.180075998797183	-0.10823985531341936	-0.7134768307152793	3.4726697349154563	-0.9122692063353676	2.6183269909484737	-1.1466203000546207	-1.6991266085723615	3.003412314525911	4.712490130950983	2.4611720844208023	-8.312804890994897	-3.376946895033966	5.967385587364662	4.228018847855243	6.709641944862973	-2.822409581286397	-1.7283244977854184	1.3357876308856766	0.603434636076687	-0.4762402489498469	-4.643854463432227	1.500837370175142	-1.4347283853537391	2.5658353533449167	4.629065047246753	-3.7661937362673457	-5.426568754772798	6.533845278734257	0.42318387956653924	-3.8177204058669085	-4.971258140463628	5.087510417258364	5.962024907551232	7.129831437839374	-3.4223714986358784	-6.297652521089038	-0.039468996496343445	-0.30673646141669564	1.4799295270255821	0.4199532525409571	-2.868262619046109	2.602035407774021	-0.8255194753212165	-1.5154767132196663	-2.3492868995172076	0.04474687133159032	-1.5222292381464662	-0.0014218687481593834	0.6326806730936545	-0.7431076178158794	-0.5383947723440827	1.918596380506357	0.4587740324713004	-2.154586078737497	-1.4864328804530638	4.066612577026848	-1.359429454888823	-0.5393826481765072	-1.9512284107175188	0.338018562892743	-1.2333271510613373	0.21069058096693405	-2.236415412000825	-2.203444723309223	-0.7373902031209884	0.34058940239987834	0.04604138478087733	0.09739313417808902	1.7896901623189234	0.6152248436714555	0.9644239824690547	-0.6575950588138296	-3.6146362105605716	-1.0857777352835143	-2.0265897813773273	2.5891276492283897	-3.149743731410999	-0.31472266820684297	0.37117487084868933	1.1453279272745474	-0.8544603771979508	0.8289105896913977	0.9916405709088457	-2.094760767669071	0.12419283048434553	-0.305656872830848	0.04829578168482982	-0.5610515081406084	-0.2600287238546187	-1.244642517922699
DTXSID5044029	16.160973181569812	-5.450977008190064	1.9922727995939684	-6.2658625638840455	-4.164467748661506	4.851855644418457	9.337173860326196	3.9151194369418896	-1.5489455750912098	-1.255913079992946	-3.7389900687246445	-6.74854673450619	2.7792476332377065	-2.5957658850604024	-1.0518876394058336	3.460456297805758	-2.1930864359452693	-0.9151622518799701	-0.8950749915448438	-0.6021761197552322	-3.4186851833965917	-0.6030160150654839	-2.5441456007227075	-2.478867368989054	5.235353056935295	0.05149194113700242	1.7270826715118461	1.0871927609979433	-2.70388045391224	-3.4462344396833973	-1.9068356443668433	2.4060743903380555	0.18907116787642017	-1.786504166451558	-2.044347670311653	1.681547703516144	0.7903137815456518	2.4647930978996624	-4.286891868375933	0.35406824580678004	0.20733918075756735	1.3001697354362654	-1.4005360209267772	2.0174996698817544	-0.8327455946945681	4.012924179751571	-0.8354014045324295	2.780852567732786	1.4394864256769957	0.06516681136810361	-0.07593120430208995	-0.3404564699616018	-0.0019274008916530016	-2.9674587652908917	-0.010993383672845523	1.7362188105220815	-0.5783202978626201	-0.2931729906996561	0.3131410309946315	3.549412857185632	-0.39146419165996144	-2.023213928873075	-1.1570083792361976	0.922387501911691	-0.13761874249557043	-0.8988784834039435	-1.1791877241957025	0.1873390261267449	-0.2756010555036814	2.291445587482215	0.07972894843102389	-0.36354949912571044	0.49566141199486674	2.114666562200793	-1.039396143328316	0.7385008223894602	-2.342474257242728	0.22330155637326102	2.5384315625293095	0.18205242683554623	0.9661418346897436	-0.014878799011343025	-0.5585845682660732	0.8863909596244272	2.298722214983344	-0.55931408500951	0.8807491441267674	0.21125958810432016	2.0149879963380513	-1.5092388706782383	-0.12117568343540276	-0.2004026160343479	-0.7328953841551595	-0.8168856457982407	-1.2564910192360064	-0.6320016248429017	0.7055740100434617	-1.775205957087982	-0.833750310398844	1.504158223382193
DTXSID5025578	-8.717311009020978	2.896728714411628	-2.0888100188932404	0.6175092599474825	-2.337582747306512	-2.039571067969895	0.7185981866342506	-1.1474181168579516	1.1316160803770765	-0.5095691402230551	-0.030520765674307258	2.223894281365108	0.9098100702122618	1.914726925179811	3.773228112559497	1.2255873652819345	-2.7496611119840946	-0.20463168101685944	-0.24499112061576028	-1.4866059709674702	0.3783580324263123	1.3039159413120223	0.9556689180232429	-1.5592606126766553	-0.7487620149895027	-1.2927796100216822	0.035819054807638785	0.2519266430633873	0.19256698567972502	0.41302609188614636	0.6089978282110325	1.1963807547036018	-0.7272663758510911	-0.3010105987104621	-0.0013242985463466886	0.8198452398215869	-0.21672459718149326	-0.031004236175331962	-0.0756877588123703	-0.9263669337856633	-0.484617615008684	-0.8642533478438592	0.16337095827202947	0.08435060879631616	0.6133055320248874	-0.11061089851683133	0.5249118312190607	0.013322659060225898	-0.6022908227228438	-0.23298601198759628	1.136653359251826	-0.7824710983463302	-0.526231539454963	-0.24476318900419317	-2.0625166458557174	-0.5094667252328743	-0.6681220696132579	-0.5831888988442171	0.698818508868617	0.7061443386508005	-0.4112928302579932	0.5827704815737731	0.02421020218904878	0.5920281740541687	-0.2565609282587921	-0.5115555193868995	-0.22353844629866218	-0.4865839026423914	-0.0205697147388908	1.038492652588748	-0.06443161786497428	-0.06669962026815145	0.325197845525873	-0.09548354573701341	0.49266165543259494	-0.06716856448442626	0.7615900945129769	0.28081141147489197	-0.2986884899836595	0.05861654868948873	-0.2680748997481727	-0.17870510432965908	-0.12369678204000849	0.11961766971453124	-0.0003955116388211162	-0.2611336455096031	0.7897615499481624	-0.07658856675877382	0.0003555499239667552	0.14609908050430828	0.14849901608671703	-0.2213230320476581	0.23867725703111078	0.07654757169531322	-0.2501803662927295	0.40312667865129365	-0.153936165831707	0.1027336453192072	-0.33246651033513186	0.11854659611021912
DTXSID0047377	21.25164579065453	-7.252097925198071	-3.375566773030998	-4.989966152443268	-0.41455167724135605	0.6410499773948404	5.045441462631026	2.8736791327401083	-0.6835805983955731	-0.7518982577681234	0.9591218965831066	-3.7728567611754182	-0.46752486127691417	0.38625932796425383	-1.945689731283553	2.1885613779093096	-0.15077639264017942	-1.3602053585643596	-1.157718032910037	0.9247280650212617	-3.477514476886165	0.7785082718439377	-0.6591190906571439	0.3330708040628887	3.774835762951183	0.4192870495956441	0.18196235207408934	1.514894191085197	-2.1352276789009417	-2.611239700314593	0.37070038240612385	2.4570135835554443	2.5291901513395874	-0.14241443602394072	-2.926672539001276	0.5209449808845295	2.4183474619747525	-1.8963324175450325	-0.10869811833962459	-1.8125014086064346	-1.1214309019462676	-0.37421558477613026	0.7189174396690475	0.5202725204793045	0.34255052078331666	1.4976238295124555	2.549273126997743	-1.3746283658373413	0.06882037008122259	-0.34913731085181415	-0.7515997700686461	2.0457565128381923	0.22179541789282758	-2.2496291005500404	-1.2132801929640546	-0.22460370443901284	-2.423746545681308	-2.353926916328145	0.1892692183016612	2.445830136215568	0.20044262544321215	0.3668218233211244	-1.5721149247442934	-0.7781214352975474	-1.5226281392637606	-1.601479780588871	-1.7421700585675735	-1.2490463392121218	-0.18987578653066384	1.9993146821411085	-1.018716924710545	0.2717912048506679	1.3934188152805267	0.08971028906174139	-0.5342405365082208	0.6608951790535028	-0.7994459917179986	0.09457052225408523	2.0846232381817464	-0.6587839392467869	-0.6584965623302156	1.7232018377616376	-0.09770875487431267	1.002718453506285	-0.2559013365525564	-1.1619445399855752	1.8181187582379854	-0.2247812063027321	0.7166412353414423	0.3345286967222308	-1.4681703350189736	0.07616147054820374	-2.004100959225377	-0.7203893380109304	-1.0794475246903814	0.6334932209939422	-0.011431184780964583	-0.8320329980128698	-0.07006717108514625	-0.5786580887079776
DTXSID2021731	-11.116017729156065	3.764226471673787	-1.9886751512285723	3.0887579943532026	-1.7866040131254748	-0.6282341017237744	1.0244915816911726	-0.25344361526816983	-0.3825943289914895	0.42138848715048927	-0.9844236133505327	1.3963538900164993	1.6766278176676503	0.41673787888806835	-1.7725848791420287	-0.802762967570838	-0.09804774048520716	-1.0392135157476683	0.32101191937119805	-0.8887313244960887	-0.6856650639639336	-0.03434355745217169	1.1947427108692579	-0.3067277689930162	-0.525832541999367	0.78317158559813	-0.8242548247919627	-0.5639592915378286	-0.6656056225269312	-1.5540324596881614	-0.19473743864109638	0.9551902162347381	-0.3998214873852533	0.3769998103120038	0.8100440411989639	-0.021596716841822707	-0.354136032357314	0.19793135303689893	0.3146792319372986	-0.5876975935018084	0.008602724484463186	0.17188921796172515	0.40991247511573725	-0.9553196352607763	0.7421237947503184	0.3853621887918421	-1.136300302623729	0.9491001750124682	0.8403595730391309	-0.8581673326871208	0.21036562418763152	-0.10422035491210309	-0.8947087796218954	-0.6161521441272605	-0.07750363321607202	-0.07621456711189209	-0.953046566358611	-0.015281304731547983	-0.9173001445696037	0.6479343430356571	-0.6784770537447856	-0.9745092511479758	-0.44611438373391954	-0.338070163361834	0.840329066059815	-0.2951103999685433	0.07010689125309069	-0.05788141100550472	0.5595661461384437	1.27110515807767	-0.5318036701410964	-1.044520754058907	0.8473646002503513	-0.08854441544780263	-0.7171533651584837	0.47283950518926615	0.8675250515942686	-1.029497061864339	-0.949650749085406	0.24996157701943447	-0.41258703023556675	-0.9634963570791624	0.2663473330413045	-0.7747135412390322	0.4210551561595173	-1.436564056598895	-0.7631284765606157	0.3665375818706388	-0.3595349623338338	0.2604621590275893	0.7759172306896349	0.9387025358439065	-0.08356154310572551	-0.17242451953774476	-0.3352903839235367	0.5325340460148682	-0.157012025963485	0.8292288893205225	-0.40746171119659913	-0.3765323128220721
DTXSID8046820	2.817142209020191	4.247468356426324	-1.7725379148352318	-3.593425179812904	8.445498781814086	1.7499520183153434	0.23910115562101056	-2.9116841990332714	1.3723519732137448	-1.2393246191972374	-1.1525812166602567	1.4420873347565715	-1.4387349535182303	0.1371604910307985	0.7878681049695636	1.6873894120710444	1.194267185033606	2.4930691300932524	0.23079594242713464	0.6016325763217938	0.6771664773154276	0.6266801728385312	-1.5659414569464978	-0.6109317742074855	2.003773997623672	-0.22831963516015205	-0.931705875089094	1.6677978107328062	-0.5979819884362056	1.6226318888473497	0.4362985642464199	0.08311003738475216	1.4538744656221212	-1.0391277901340077	0.1664898493170552	-0.2832269278261515	-0.35703156237647926	-0.7380058250029884	-0.05962804647089656	-0.1332973063248286	-0.1346765032330886	-0.36402571823423463	-0.46452918829015805	0.4266865079252972	-0.4970585436424789	-0.7711510139836724	1.2305466067263038	0.0749675353769916	-0.23892380436319177	-0.16624056872303952	0.5052367230215047	-0.3126856980851977	-0.32625766710061227	-0.8005844489374158	0.6203644870550576	-0.24285330476170133	-1.0190235867098245	1.1552700046957896	0.5787598972852316	1.1701690469067036	1.9029939736998314	0.17894378280182252	0.14112890157762611	-1.063735550786839	0.23940349428833738	-1.0344825451942319	-0.592582042606076	-0.3623777858725114	-0.5825219902883569	0.14260569927898814	0.04068841662665871	0.7685665251410748	-0.33587737793810685	-0.343053016535534	-0.1261153299463228	0.4181135043987111	-0.44391989992449093	0.619510631089103	0.35905365936766215	0.22937902822108514	0.8024952581884394	-0.2529600206956239	-0.7404503472865986	0.42974983328265165	0.9735999675228222	0.41088269419966367	-0.3912349532086247	-0.41782115225972716	0.11052836991773843	-0.8701328132338914	0.13662871553570205	0.16069949494974625	-0.4065193546406384	0.235576271378629	0.15124719872246448	-0.12688825295364783	0.32084319523237637	-0.11953047810903544	0.4014645626745508	-0.49280982312284743
DTXSID6034928	7.7306597658680305	1.0039994668061618	-1.2867767927361375	-3.2336000916862524	-0.6066864603174325	0.3623384051911342	-0.8622279483664201	-2.944074704727287	0.08948947414597358	2.07342610360288	3.4450477230903416	-0.4997663512407144	-1.1286204385528664	3.296711723480428	-1.1223651462519153	-0.8891646223041639	-0.3582607895532141	2.4975804180366747	0.37640003155794866	2.5320093945676736	-1.8569029451035552	2.0538283852384644	1.0990307588290928	-0.7531615480665143	0.12491323156810193	2.469189840427705	1.0125397331509407	1.1529742944340133	0.517397823703803	-1.9944205442932834	-2.511382188504943	-2.2839959787157644	2.9323784976268814	0.4300662145762235	-2.248091168861916	-0.4554342923958206	0.7012584045408742	-0.49824021089046766	0.6110642603057173	-3.413139386603029	1.7058833352831884	2.214725693036425	0.27219789492384133	-0.4295608886217726	-2.930522621235976	-0.09546248875972786	0.8910323650813141	-0.03971246894040445	-1.0705619317623212	-0.3570162443020109	2.269841341089054	-1.0749804207578313	1.2465739218057894	1.2837387042323583	-0.10579868421292789	0.13216653024433062	-0.29031225142728156	0.8481788354783876	-0.6596741018658704	-0.5866571755392963	-0.5817734451174306	-0.5742334169821963	0.17869638916885913	-0.9205280524913794	-0.13829716253734814	0.4925955497603713	-0.4309536171110014	0.25260839283565634	0.9181942972113505	0.9068265320302322	-0.25575511061376416	-0.4257850643631252	0.26257670689955614	0.36130394057325	-0.4196646743303183	-0.37012323073063164	-0.1671426448843882	0.649881565464588	-0.3558419685109303	-0.5004723682917748	0.9717622800909501	-0.677296944346005	0.45030419424705137	-0.5826381689902798	0.38798880221525744	0.49416863703573605	-0.3526822762967408	-0.24227090648877092	0.013394972496711118	-0.878356695007725	-0.03833667400175296	-0.19934951160630934	0.21837195069839285	0.4012042232000447	-0.03279315592052017	0.3487385781683745	0.1170768794954842	0.04131891972862465	0.0423976743807186	-0.16591377186385395
DTXSID9047679	-5.739720437645773	2.800167088134072	-0.7318103077544139	-1.2792836950867446	-0.429667254247429	-0.21389309311120905	1.6350003662781118	-0.19506569011917005	0.6751085602236284	-1.8357854664013011	-0.6201817013026518	0.1096986680417486	-1.1580915380593602	-1.9984725742549334	-0.6731483307076349	-2.790489087953005	-0.4540641016859258	3.447691402160511	2.0878835104358373	-1.6875289990818483	1.3043631018447537	5.1582113744264	1.9834406626925607	-0.6081806848325051	2.3480050421037317	-0.03681270639367668	1.2665216835556807	-0.9982341264161604	-1.8353336951891537	-0.7887875610933217	2.096776804838307	1.7683019640430218	-1.6306902706218223	-0.6057372942926582	-0.20582018089046472	1.174359825169172	1.366179955159468	-0.17163190817674054	0.2936577555161162	0.5595985862932811	-0.3400334774652998	1.4103887994100788	-0.2197141187316751	1.004437225214049	0.2622568423094075	-0.25935994285149905	0.9351446565028415	0.8552805438487181	0.0226483157640377	-1.0917812141562957	-0.7798069775354431	-0.4135985193773492	1.6299173958794635	0.09905747200900715	-0.9651618663301358	-0.03764913211681378	-1.1000434560966543	-0.7776902193217886	0.5096031650820902	0.8165468879940014	-1.0156603262550568	-2.233417394216065	-0.9281027913920269	-0.4166959120032809	0.4580077968297719	0.2716814869508168	-1.6674544663001527	0.7290268775012771	-2.3402612302742214	-2.2050940822742287	0.16446399506866038	2.69712245424113	4.043725676787898	-2.304257415792689	2.869470794395153	1.7761707536607034	-1.8954736276690176	-1.9813731486993635	-1.6230012655565427	-0.6820918681373448	-0.12498542183190993	-0.5940471443237468	-0.007004455709480364	-1.8045908562860578	0.9462612906161615	2.071095818322221	0.6296627393030916	1.7315775508575448	0.5665545573749637	0.05853689705600053	0.5199412593143842	0.40147625228050043	0.0014589215178508546	0.8360773636955091	-0.4015279572772497	0.3181453138664304	-0.2951612667216905	1.1270569015295675	0.5725860331493944	-0.4357089233837532
DTXSID6042280	1.7102545170989214	-0.899643134401851	-2.8464796341846723	-1.8123620257783353	1.8335692477976346	-0.6699709034192551	-0.23976922397196793	-1.2905652603715423	1.5762891550731783	1.3206895664106983	1.6206282100709293	-0.7792092327849364	0.961061480444317	1.0215058972610926	-1.0286435704818266	-2.181340266937327	-0.11342979554575178	-0.5479001166036028	-1.2683637342169751	-0.4861929756319928	-0.47515472188791424	0.4432730178191891	-0.1231991764176644	0.4498992509031866	0.3593580784611147	-1.8137508054690468	-0.8953665974313968	0.5696466809574775	-1.3112297715239087	0.13182352916690485	-1.1602276834867649	-0.19727025826531028	-0.4692323998150463	-0.2602146908788681	0.025396288549724935	-0.14678521953475465	0.37450281244993927	0.48560887444628675	0.6310952334475357	0.8715461725286057	0.12154699014072351	0.1416044678927907	-0.6968482854606782	0.06855898889920377	-0.06616242768955953	-0.6144077504288662	-1.0180009429556474	-0.4833780602367919	0.9330720584709173	0.8423137915212858	0.7932373646560528	0.2935653298886832	0.6012854771673752	0.459941207444022	0.22404778581216175	-0.43153438126697263	-1.0456938474035984	0.41039312171137127	0.18890485933621237	-0.7174263795206577	0.35177652952123767	0.1230116680538733	1.19816574392366	0.21610782130107875	-0.5026395291718828	-0.02597309327462441	0.5128156281900351	-0.272608641118985	0.3357197708746195	-0.1228692523143775	0.6417093153146939	0.2606235713286084	0.46385256829278787	0.16604868077875853	-0.1245711170323738	-0.46442811746633406	0.02734475952167761	0.0923675597429084	-0.21395220181593155	-0.016699677569183658	-0.07920686374098748	-0.40840274607248694	0.2032705486086989	-0.7974551665600759	-0.055712983696686445	-0.012163546149224927	0.34368573620631965	0.19005709966852188	-0.09499182804341495	0.1585226156188053	0.1873029915101048	-0.4552718312350887	-0.3294616596593848	0.05139894635972716	0.05509267670333057	-0.1714665583002198	0.21574738455688156	0.37132515678256406	0.17928621697535016	-0.3356545791302076
DTXSID5021758	7.001437733972446	-0.7254095170336962	-6.274210329277712	-2.6931578889111867	10.076128735417019	0.37091430911708656	-2.15158876632622	-1.1618074560729614	4.0859044301984175	1.623080363592338	1.5521538321331456	0.8024185653221834	-2.3008086469524223	-2.587878226422533	-2.9996904621769147	3.2585834494544144	-2.4912543554598754	-0.39019154694153485	2.3532678542819454	-2.2032301443297233	0.14593945195297278	-1.7477049324505065	1.1048419817901778	-0.771883237171716	0.5742055429936392	0.05167709684031774	1.2207234459934742	-0.8308579053288648	-1.0782682690632142	-0.6605780062419137	1.2761228420996809	0.1494705133601319	2.6494483382727156	3.2993305968571303	-0.1798551848411984	-2.571271229028821	0.8175855790457379	1.0833276711094681	-1.137377015289551	0.3299076823185139	-1.0006274811320515	-1.9507090598186534	0.2705772564182192	-1.739864599406666	0.4939414360203605	-0.4975519764718408	-2.0263359000547188	0.7244546699829346	-0.11378359097526125	-1.0459602511187418	-0.2337982394983017	-2.4813088619425065	-0.2080587496129069	-2.834937271453673	-1.7041625511222476	0.22996176404325944	0.593750497416944	-0.3377425974636346	1.773759770799263	-0.26506514715658125	0.5705137536450667	-0.6209903220009061	0.3371326438013949	-0.21268550246480356	1.3992648791059912	0.10406564942060502	1.9837828770029928	0.03404468327492453	-0.41362948788899945	0.28998887083227093	-0.7492384437804629	-0.07687375658239565	-0.1478251945076249	0.4083305871453404	1.331499815376386	0.5321790930971662	-0.14848663300989973	0.8110155800448342	0.44892429005376194	-1.2857241717312067	-1.1551212881346027	-0.7649059740798162	-0.3387736927429639	-0.19554688507204784	-0.1785499077514912	-0.6740993843731006	-0.41950170099486606	0.6835807936179681	0.7197954263525206	-0.17563752864838988	-1.5781713850888017	0.5051407120439975	0.36729677900893737	0.10767742961484411	0.6758927564179978	-0.48301290781144274	-0.4906096412233656	-1.044530820218678	0.8035089011226232	1.04702904755974
DTXSID2027381	5.078194967751691	3.8714751268573835	-3.4552746379422294	-2.9772393065423945	11.421688323372436	0.8603228314535144	0.38713390899024347	-2.922781745192233	0.6149500197170323	-1.2582094076787695	-2.8224397811513704	2.4802167834239714	-2.131370012140111	-0.536397964853339	0.13485597454318377	3.837144470272098	3.8539205438741266	2.6085926718189545	-0.09341843184176075	-0.4935915121815597	0.9458129213061436	1.755028366354777	-0.9624436271912256	-0.261098481526228	2.53053627359745	-0.6732933096403643	-2.4566386778851466	1.5881309773253596	-0.9435096250918328	-0.2895518129820317	-0.48114221542587976	-2.1238330510710686	1.7721219148926912	-0.948220849950868	0.6973344748101038	0.6047457016054377	-0.8392302179858809	-0.5849056931881216	-0.21784546384425924	0.11214539131472391	0.7619988435252047	-0.7530532513078796	-1.3282074036458085	1.1071179172650165	-0.9702827123302599	-0.9087702228929689	0.8858187501847548	0.3199951810958429	0.458429821692861	-0.0007867349538838846	-0.8436679284163245	0.4583051906136546	0.018150511013937325	0.7269429049324696	-0.38065377280163193	-0.22517438693873215	-1.2055107687344961	0.42637991025406846	0.44196126551719644	0.7751338185731589	0.36512778813678043	0.39028779439697003	0.6587613934715557	-1.6432594099469016	0.46008510212139664	-0.31520225305677924	-0.6069840811215291	-0.39135796960574526	-0.6825634399640024	-1.0803037102011024	0.20652859314798525	-0.7482778439694241	7.961018171108404e-05	0.16977175314049392	-0.8586119388502458	1.1008471094941232	0.35938428345155526	0.7074141473912519	-0.9382361120073817	0.16852275658430768	0.3884831019900206	-0.19493931805262954	-0.8304291404790594	0.34721294505330513	0.10695369849054581	0.22453622520196864	-0.23484915450391664	-0.4430829975960027	0.27208301093090004	0.026503304034441573	0.1323933689504045	-0.06589804112526103	-0.16399021040979356	0.0775740800019803	0.5829411555376726	0.19355799082226202	-0.10401471874758506	0.2583139655534732	0.18816790535599276	-0.45003382472485615
DTXSID4047838	-0.8828590712362595	1.446042276064668	-0.6055144364711639	-0.5433910653308917	0.7731139546822704	0.7763412998608649	0.7449314500000807	-1.290579347021611	0.6084685103373113	-0.1502741198404488	-0.7603438901461792	0.6361355077463394	3.6365374322173927	1.2898967597496858	-0.7239366301114376	-0.2634871359557003	0.013523836885554464	0.8180501424177589	-1.9501144836538884	-1.7216703617845825	-0.949412096835161	-1.765393807055335	-1.5383165517584583	0.6587703507321523	0.011711614322733448	0.0966505118653036	1.4376622534295231	-1.8490549014235584	-0.298965463594315	0.21551354694218008	0.8819789659370233	1.2976072234025244	-0.30013544322986807	0.5239704938566978	0.18109731006213223	-1.3810389730751456	1.1562600304787538	0.6436613430016296	0.2318129740664467	0.8724080117213941	0.8112325947321023	-0.24619374801230967	-0.5543409139809851	-0.470984763785267	0.9136087361690609	0.04430182692562226	0.8739560834031161	0.6486944528027926	-2.5416689617507906	-1.8028608549280214	0.6085246924251173	-1.1355398777922252	-0.055934884667544614	2.234204811679925	-2.0306317772910667	-0.22585219542514676	0.5901776568651231	-0.6073505414535091	-0.26536836200668235	-1.5386931235327963	-0.59896363550238	1.8630444607002725	0.16884530958521707	-0.47545410121100035	1.1431906525744797	0.18303372866039982	-1.3668172155621763	0.6712590444194149	-1.1330361879071988	-0.6002200317457491	0.005255772614497796	0.4624800692870138	-0.7263310874040991	0.07717762013783551	-0.5844648554132212	1.0055335157707121	0.8157895189643993	-1.2014308089899872	0.8880813243539439	0.31574805619960183	0.7351045185708114	0.9053128444513219	-0.05763759520443232	-0.6939647852610394	-0.1770660747848716	0.4089659533891436	0.5783534411672866	0.27592119909810103	0.6468799485326036	-0.24936276118517012	0.37131329558681425	-0.5080009860907599	-0.09316631247187313	-0.4163276315879044	0.22017492652023027	-0.295893816174071	-0.33231370342709504	0.32755306746809926	-0.4616684424914536	-0.22786313639548159
DTXSID8057805	13.9733203566403	-4.514018768050686	0.2642368719385222	-1.165063664089465	3.2052148652542654	0.745401658185294	-3.856744160600515	0.43273827878056276	3.747647994395675	-2.179946905763329	2.0156009660887193	0.524976088888637	-0.43835303075756626	-3.222919001749337	-1.6328537239639924	-0.9579078236666662	-3.7904227986972305	-2.0410520503783536	0.8262046687990383	1.8446013873505287	-1.2894285151006648	0.9944837601891521	-1.7461737633384131	0.9695915291040812	2.016336529520936	-0.05185658719462103	-0.13720233078513383	0.9213249001206691	2.3623541496586244	3.2156254858962185	0.1717130990997303	2.702130894073092	0.3713206013913921	0.015104189664584105	1.1518771616019814	-0.15662859502933518	-0.4879755329931708	-0.6292151099174227	-0.704181963500251	-0.881884127650129	0.37200953003879333	-1.2691367565874787	0.3767113950769547	-0.410646966273898	0.5501832517965318	0.7443921035230097	0.5616783716842467	-0.7467207790531991	-1.2802939943634868	-0.3179896631783165	1.1529511335771714	-1.1293016133848384	0.33228820402733955	-1.4426810570193678	0.46617840296860796	0.3527528264574935	0.3236721792672744	-1.356336860143623	-1.5577066319521322	1.1154530777629088	2.3883109623926777	-1.9989951018441054	-1.8239453732849302	-1.5848959206849573	2.334887110635978	-1.328322511584156	0.48835330390997883	0.6218737478343375	-0.043622662520504535	2.4812330200798316	0.41659977006381677	0.5825034630432327	-0.15763385265956453	1.3056783600694284	0.9297619123959981	-2.0522829409467667	1.9627381366076182	-2.2892017071481585	-0.010728682880904306	1.7364838560567286	-0.6116703312239077	0.8201547397397237	-2.2280070084727157	-2.565522539348491	-0.09984189751266993	-1.3071635676833637	-3.217647558032994	-1.4443518048232138	-0.1736547208342177	-0.9790844987922473	-0.02798330896846156	1.144122500924185	-0.006075331375633306	1.3448294105816125	1.073780744986898	-0.7654866707769279	-1.798615543484963	1.408077696482188	-1.1619335464196985	0.9031318894818048
DTXSID2044424	-7.384618937748507	1.1809137241192162	-1.4336963099614877	0.6042955188022152	-2.4950685429009742	-1.1361037981549988	1.853884095906019	2.3679252070120604	0.7203816664138795	-0.9725431549392322	-0.5137653215123253	-0.08686844571994266	1.609393436844779	1.174147560551316	-0.2722876659503659	0.32318837939581707	-0.6169925077473054	0.4037429696354003	1.6862272517721806	-0.13791203891090417	-0.02483403355011611	1.3031990855050921	-1.9848158996331489	-0.7453064504876767	2.3967615259792154	0.933496551381965	1.8357696254377154	-0.2190819124350071	-0.3870498077379172	0.3186434508088581	-1.0593854889238528	0.714135078144444	0.5164608062253054	-0.9728585054128123	-0.06821488340757806	-0.027438213702460346	0.15694458428578115	1.2407441123011587	-0.6593190048136066	0.6611642202709442	0.560834528791417	-0.05736287373661637	-2.2385894887478943	2.563837124135906	-0.7067977083280742	1.053326586017377	-1.2837486870764	2.8712495981690984	1.292977382016059	0.45483521728412385	0.9813176394376608	-0.18199792903236608	-0.9132639235094951	-2.1801714550413824	-1.5519096251082192	1.6274053705095368	0.18609018355071466	0.83457867094426	-1.437663835211894	0.748794069861698	-0.7712841974824672	0.5002582585697306	-0.5607542321712672	1.0325327317528352	-0.6159618008269744	-0.33515188444239846	-0.5399602210311025	0.19665170157965817	0.10825017142752363	0.6246391592492646	-0.06772422027132555	0.710846208993818	-0.19820365138293713	0.42644541836169936	-0.509069057630771	-0.3107170371374857	-0.8780040312937258	0.22265684977829506	0.17089655169730789	-0.1687498189452759	-0.3787703583370862	-0.5842911518500028	-0.03836462441710299	-0.18538549450986946	-0.020690724334694165	-0.05721771074522122	-0.15644826392551744	0.7510460634842984	0.44825785159191067	-0.3061447083245794	0.1821500075723842	-0.04298656516831856	-0.14703244850627628	0.03744040592094347	-0.7774481074259648	-0.06019548498235133	0.17394921677847264	-0.16542090151490693	-0.6925477270528276	0.45097727223975537
DTXSID1040324	-3.317999509704788	0.29602330753670836	-0.7602169443698354	0.6708684475986623	-0.7466356353383549	1.7014349468589356	1.0415839299317213	-0.5762423126260342	0.09662819444016067	-1.5152623473761673	1.521861049968832	-0.054302307072825316	1.0540168669986507	-0.4383001452656573	0.9243945887196673	-0.7546180489255089	0.5324534614210985	0.1065992507021676	1.082764704376416	-0.5069437691539692	-0.1502945250448357	0.05422767925547133	-0.3728744085452479	0.2620766150037287	-0.5263200965694126	0.37539837871472537	0.08236458966526358	-0.02272982748786468	-0.2647989287738041	0.8336881464144679	-0.4388329209833117	-0.5231116218608796	0.2838711153405617	0.12998695883422307	0.35838418593858373	0.30812306668989226	0.011093584212051642	-0.008786150386466726	0.3399489321769479	-0.44819510483323355	0.5749541832097219	-0.2127969445384054	-0.4396032776452103	0.05352184112700807	0.20426885336425368	-0.38130256597175666	0.1929784847395728	-0.46356701995314153	-0.05395382013387739	-0.13013135077883106	-0.22098876472385443	-0.19829573394825106	-0.5656013700550188	0.09654660372071255	-0.23574890552302355	0.007619313758033323	-0.35601861558049247	-0.5086307569595789	-0.7332788041820472	-0.44672352774347424	-0.5042152606878538	0.6060172063359105	-0.3256011456027314	0.3195680325169313	-0.28396915491639274	0.1928102880144433	0.06028265151615527	-0.8500947605726492	0.28269318756918804	0.12335950752073446	-0.25519199813452087	-0.09982883217004677	-0.00644699934184647	-0.18431408067573965	0.739542299318653	-0.1367223606282059	-0.8545061231730994	-0.320929022902934	-0.4588473876406818	0.023753943356219703	-0.5573455804808608	-0.27534453345163584	-0.11752253473222272	0.3296368358265881	-0.21999478340136364	-0.2459990005250048	-0.11485020143637081	-0.09276869787124634	-0.21394276819368355	0.13520738197095603	0.2880473193310201	-0.5821986063838226	-0.01729967526812804	-0.07484295359647097	-0.28390011843658053	-0.10681608156989181	0.037808847764760185	-0.01352430253255779	0.38274289933325145	-0.16658627618662342
DTXSID3027536	0.5147779456761782	5.0177711896018735	-1.847869677062129	-5.702639975508837	10.925377724638357	0.901175746690221	-0.2573105023646763	-2.767369938495188	-0.9809685866172648	-0.23885305766161027	-4.961080896987325	2.6006300646625693	-3.7202916161286645	-1.4104627921046335	-0.018051004754400805	3.3130173285842983	3.0732202464007674	1.8101770152033507	0.32874251143247524	-0.0960551130008518	1.8177623880189253	-0.307647628322748	-1.4912841357742814	-0.8878428039777833	2.4334429802353585	-0.32455086235730196	-3.175472444785209	1.322645132704381	-0.8019057247895814	0.24813402234617524	0.4682764563458575	-1.6916657301657672	1.0941070616071207	-0.9786344543488045	0.16030296960592355	1.57706639361542	-0.2855360741612185	-0.5038686879419028	-0.3099798934848327	0.9668056687066824	-0.22263359219475656	0.45728832555342414	-1.145470100112962	1.2108009491740828	-1.5924337723086088	-1.1950462079123996	1.7647351730944976	-0.22969482944534006	-0.6062071851357639	-1.1798426319283486	0.5471337596278685	0.5213338157550068	-0.4801190271016187	1.272656992211027	-0.19860517484251822	0.7977633660253938	-1.0939299674550256	-0.1167656777167536	-0.18622550382947176	0.2843850108415974	0.6664421395934875	0.8267324630469568	0.14409088605912926	-0.5175383327895386	0.4125088690070818	-1.3403182505602595	-0.8914701505747814	0.793953680190149	-1.1633496867366362	-1.067165519419502	0.8146876303267001	0.1697694576108054	0.1118147462071041	-0.06059449331367514	-0.657820529876266	0.2806458845386959	0.25959712189826945	0.6876363411630558	-0.40310526574543726	0.058406979973482355	-0.15327434326590697	0.5134288736107857	-0.9202651143166325	0.24551706191828138	0.2618199669058941	0.14176850364721003	0.33247930393693453	-0.5375795917639097	0.5096708862219251	0.08880200311493958	-0.20779339648541337	-0.6154066869818827	-0.3922093162670371	-0.36691490520537184	0.4908674230331496	-0.1511103757536017	0.1008340162584101	0.28377640421830747	-0.024074954244337102	-0.04420274048182261
DTXSID6032516	-3.511610639538599	3.7984172486440384	-3.091396868268998	-1.2136500753408703	4.391181967239267	-0.6699203888467649	0.7732968924535476	0.26284612615882724	-0.2983412671182516	-0.8284647823660553	-1.801283353789278	1.759874845381398	-0.813006429552205	-0.8289408973764723	0.026076859529582427	0.6512765507771514	0.41329212737378457	-0.08728385036148054	-0.3695620975578259	-2.261269557693156	0.5864079372884721	0.4100697264232114	-0.9741933137063864	0.13875598787614332	0.7438172049727726	1.1539535092111906	-2.5202106159685878	1.0457557601141574	0.04211867875987371	0.6006206686880259	0.7911357494971715	-1.5858059227502666	0.38654928668330735	-0.17526322418804594	-0.002658180137906299	0.519376128145471	0.6027941916606779	0.12502834341497626	1.0866772136351113	-0.4868794376290174	0.6778836506315725	-0.30026704075243205	-0.3826098853582427	-0.19818280260696472	0.09027859490202697	-1.0224548292907727	-0.021526902766952554	-0.4246851157041748	1.0317571348028838	0.3723500277633142	-0.35817768428381963	-0.518862204152178	0.2819076296992999	0.3950953571338816	-0.7443560355239578	-0.5856833296370285	1.4021880335623111	0.9355398246651224	-0.061628991711731904	2.085857294905714	-0.11821820194043146	0.06333816932406869	1.1743666171860683	-0.9716318869620556	1.0602299182917025	1.1857472303618701	0.71856600790094	0.4413900759846466	-1.008820591737662	-1.3349441103507411	-0.5750137560438139	-0.8664866011388491	0.22731468621531392	0.1540867661775442	-1.3544237798838707	0.07938474408146041	-0.16113286016546016	-0.6836479695534791	-0.17885470864391742	-0.3901552891103346	0.251704947346096	-0.5046689557920335	0.296180177765315	0.11053295172945346	0.30713018924903607	0.18076442244257976	-0.2784068897131163	-0.5611879805832186	0.08085887113443452	0.23820962958252845	0.44119228454577597	0.3789710977812881	0.4297709144779632	-0.22328741475025982	-0.23857316719132676	-0.2984901302709109	-0.7115943280912259	0.41298882336404646	-0.06133869658475653	0.9455751498511059
DTXSID9020164	-4.12315044510487	1.7536627086963408	-3.643389942265764	1.3741799260160046	1.197590210453673	-2.1074551313149055	-1.403506647815094	0.8544955454715867	-2.3750164593239713	1.4212527764496237	-1.9353080277032304	1.4413480912136392	1.0649795680302385	0.23233854814435537	-1.3507110134641782	0.07185024699382081	1.238382902573798	-0.5787066631802149	-1.4347541221847062	-1.4095914285166689	-0.8408064165343573	0.31583432755269397	0.6624130033069786	1.0863859196683041	-1.0914738050912123	0.9092788407189074	-1.054492332285693	-0.9556190277562042	-0.6073945356589787	-0.2589066561944827	1.412177648472009	-0.31959736058119104	-0.34813491729339197	0.49787428073613227	0.9032447716334709	0.19758268953181715	-0.09363806737045392	0.5108433740244748	-0.2127077427018978	-0.8363285236376866	0.5775196206422398	-0.28068746406783623	-0.22266795663536781	-0.30940229993583357	0.7286556675263391	0.4958179952945091	-1.121690715831445	0.22670720810347228	0.8292907703366369	-0.003988229094270299	-0.42025298429321023	-1.2949367159840577	-0.37763799334382003	-0.603041668155616	0.08583011974472263	-0.6093049419809362	-1.1686314649209468	0.17674032732307074	0.6975774936014343	0.5198576395493861	-0.941331993978105	-1.2197636523993585	0.4944683642348631	-0.44603423696507116	2.1941801615589984	0.913247200113426	0.4877083237839727	-0.17579678416911515	1.6899377051705418	-0.18837851132985534	-1.1638011953054666	-1.3170050223961391	0.573968116932174	-0.042643911779348675	-1.7722589191349762	0.5376968406812626	-0.7100476878657456	-1.7192864017944283	-0.11657863987107278	-0.7377172895404324	-1.7175158241434585	-1.038237004343062	0.5390241896057743	-0.2918399008965141	-0.5089986115253684	-1.1875814613136573	-1.6215160049870243	0.47153778201637314	0.11572660722597125	0.38683447470981414	1.3217519450281054	0.9566072725166388	0.16991264098790948	0.05091054941595897	-0.2787018006188174	0.5687064457513398	-1.4799186698482483	-0.557756913571916	0.20735412840237863	0.5586983210470384
DTXSID8057857	9.234548417700609	9.639886676652141	1.386596831135282	-0.7374503580563647	-1.2353246032133764	1.1731789915275432	-2.3469330366778203	-0.7021199789642977	0.8747893022105044	0.49049921258322926	1.2185264403031166	-0.41888628867863714	0.5245051509863994	1.240580797082929	0.3484663272252678	-0.476403234656418	-0.03212166870904749	1.0230649340742348	-0.8316966543891744	1.2953328453346962	0.3853501116428657	-0.7674473008536533	-0.7772724001455961	-0.917540414951692	0.919695364559665	-0.42757806737825776	1.3880410477633187	1.2972875132643147	0.19642640475860795	-0.4016913152977566	-0.7048392777657475	1.1728039509537185	-0.10637983608238855	0.5705130414788808	0.17226391755410045	-1.1514687554568765	0.21098283568694487	-0.7727122655657056	0.18406817237603515	1.6013175991926172	0.09272337213581587	0.3055231458501501	-0.017872708236298974	-0.07340048687067087	0.163511601343268	-1.0361645414266807	-0.3740848557636444	0.002321712517480072	-1.324117386090529	0.3718607304866152	-0.2858479602206951	0.45288604305231345	-0.15433198810337614	-0.6083943174778327	0.7679791142175852	0.26134703529644066	0.70550689463173	-0.5073650106524017	0.19266845079770278	0.8368573463994826	0.5887629068581031	0.3506293020225902	-0.8181980736119787	-0.48698120222566815	-0.6823742173437166	-0.7631730588644564	-0.29404945445874514	0.23118073367995245	-0.3872366418398271	0.07936690519146977	-0.18267863757924127	-0.2041882435951262	-0.09728514952155047	-0.20544590244759603	0.013715259955231832	0.3573156593711897	0.30726762406828106	0.13908112109466902	0.5413647526698441	-0.6072370201355093	0.25770407905513004	0.5811783002847971	-0.5185276115112797	0.029910623419665827	0.25742209625928997	0.5465288861553927	-0.23635884611685556	0.4505428230587481	0.08023053516678091	-0.16505914232308205	0.13613950018953433	0.1531537317900182	-0.5182853900163373	-0.08447325128910739	-0.2982511094488628	-0.772741841043701	0.6561386624332031	0.2408160730698668	0.24818185580722582	-0.227175071510091
DTXSID0020573	3.5245834491226113	7.178026904778951	4.138501814505041	1.243323691516032	-1.41429796330512	-1.48999169488907	-0.94992317480918	1.4896802472421335	-0.8766326635038797	-0.06538546906321499	0.053990682291231926	-0.4038129715200023	-1.7288542410862333	-1.0274889386551753	0.6033721697749435	-0.8507597571200253	0.7743887126702336	-0.8128786207667081	0.38207702821206946	-0.2879400253289222	0.3032243365253877	0.9683247565592397	0.5232196261672115	0.9852506165517013	-0.8948528512169759	-0.11149998417732561	-0.7673241839410179	-0.3205463872780235	-0.03163784330751966	-0.4893422949486057	-0.1836026534075329	-1.0339471780615443	0.4206881473860468	-0.32881093185525834	-0.2525601441977468	-0.35373630217727714	-0.43257477217494855	0.42774467029243374	-0.15424047906716987	0.042141703903461454	0.257931698982804	-0.7308724706390679	-0.5124101994724873	0.45870732390083413	0.3683865170363841	-0.041794538710398906	-1.4028502836500332	-0.44643103905582515	0.7284968203094211	1.3688300661154624	-0.6839892168087774	-0.9055355473399732	-0.43197451959296024	0.37899324275572444	0.19769515854074296	1.0609165830444698	0.24853222318788545	-0.1365853334779646	1.1268600546343923	0.4443893193117292	0.0942976933291991	0.44722815630809926	-0.3713628732501269	-0.07918508282801652	-0.07752515882232229	0.4514011770358948	0.036298641426523365	-0.2767193671583406	-0.41255368273109916	0.6340590236860235	-0.6209273932294342	-0.24868664006880173	0.057836395597366294	-0.42864081866959153	-0.4455050384562659	-0.018120745260082977	0.4748630768087201	-0.3026049953012075	-0.6344917972491959	-0.13255456837315244	0.10300137293966778	0.2358729573884268	0.42402269947718213	0.05617278231809413	-0.3328875703878057	0.4373559345239821	-0.0006469499610866701	0.2814532216539154	-0.08707596605488178	-0.111295932639059	0.0342922754049135	0.2870775646592881	-0.24525466409093488	0.03512537144692078	0.11948347110901421	-0.011910037131464187	-0.13916455226686003	0.23270098254640104	0.10948409118271217	0.0010420665723412752
DTXSID2045107	-6.022115792814406	0.22985731776251905	-4.066872190794054	5.72864179714981	1.4474026817673773	-1.1399177993549046	-0.9408714136990192	-0.9133928712697837	-0.42859740460518486	-3.1678326692622765	-1.859283814955476	-1.8702911919608405	1.0694664801656977	4.239591528385843	-0.9400223859468776	-1.300692772631512	-2.279492672943206	-0.6368701447731502	2.558871144566166	0.976092861069969	-0.24785801768253246	-0.13184382487692448	0.6128135124845447	-1.2784196556903387	-0.5743670914087072	-0.30657010138175866	-0.3162419504149531	-0.19724156751291896	-0.2053130037437342	-0.9313077073840044	0.9391769102423665	0.09371333578094264	-0.6318902217660627	0.1863987309305642	-0.46826650414921467	0.5943312588546841	0.45815783224084533	1.7372549346618646	-0.4871107860757802	0.14862596200010142	0.1346003617261691	0.52786494380967	-0.25468063043421524	-1.1084818489294115	0.22315085247180846	-0.566129903874968	-0.7451457532347876	-0.5219940290050716	0.38345644651986116	-0.1103842261501835	-1.1601495197473661	-0.2582030460690806	0.10694726766414535	-0.78581802048303	-0.8919565252925201	0.14559818923547008	0.3106627192809139	-0.3220098997232942	-1.6508253137644042	0.11051925928416934	-0.05190351363208789	-1.2051033206929205	0.29532742265579714	-0.09735865943288889	0.4375087122417934	-0.5241841878237423	-0.15444243867988325	0.49148672872604476	1.1168418344392137	0.8577813292292189	-0.016644907707516587	0.129943512620889	-0.26936084554852413	-0.11889968911663777	-0.3511952201407992	0.2245197999204424	-0.005412987804669285	-0.24590122254128352	-0.18570162597741685	-0.20368693000728477	0.06863130370858146	-0.3649119979206138	-0.7051280128898514	0.02197573020674702	-0.6237294703041459	0.331665020599134	-0.19664927019543735	0.09960413354964545	-0.26625362385157975	0.30750093473167833	-0.26243022069297367	-0.24114350643162483	-0.5206727975731955	0.8836224067129619	0.3584790006856025	-0.17326855293950177	-0.3704428161494076	0.34223559278031535	-0.878007444806155	-0.02274427834609518
DTXSID8046248	-4.022317854664231	4.325931594103804	-1.5631885928152771	-1.3579292898933029	3.133841964514873	0.35069473093163517	0.8450198683970571	0.1877877805149875	-0.49399593900917727	-1.0943730938353475	-0.44777713010730785	0.9089323113006592	-0.43148392808031666	-0.7533838795834927	0.6249101516194876	-0.0029636383448636574	-0.3751686579528964	1.3186822997390146	-0.07320155607288484	0.23643839946858317	-0.36999080024575454	-0.8257370280941798	-0.6611343403555469	0.09237688008642285	-1.6383733226874564	0.5539822563596216	0.5034019641950227	-0.19782521733897582	-0.26363621832236095	0.41493408057846565	0.3701159746967571	-0.4174563880127256	-0.3253676448151852	0.1792160731091322	0.7102938719225298	0.6743035968479424	0.19882317589253667	-0.2691327788254942	0.48630890648501746	-0.3092497779720172	-0.01391948288001736	-0.4367734478770569	-0.24287803241656464	-0.057142798494469016	0.4195371747696625	-0.5868567060160453	0.21697914349540084	0.4363519528869365	0.0882376115097308	-0.6010698103054536	-0.12094385020268714	0.3239083044920214	-0.12556130035848984	-0.5571274148945203	-0.6043250714569567	-0.20832000016702598	-0.302238074935991	-0.9338520985488951	-0.647427956733117	-1.041899213947013	-1.1406601155150915	-0.13312261750099336	-0.41523037854692874	0.6017537794180239	0.6912023031994448	-0.011107409243635326	0.2844718607916304	-0.047123583276158114	-0.1215568074601468	1.0562417435780938	-0.13117448030900286	-0.3320303119675944	0.14563822000871096	0.5577428985957371	0.13741713516463513	-0.21962021052054176	-0.4474398260262366	0.02603766625767307	0.18139015337351527	-0.05239039633171979	0.1679565121494318	-0.1697110711580377	0.24977385053845877	0.03136201821787183	-0.06598372389901377	-0.30189898655767905	0.34097875812579687	0.7042535764915961	-0.4767431529349138	-0.10455499584970805	0.429808837926345	-0.39793463386134714	0.07927485510698812	0.35291425319169184	-0.7938806813497631	-0.33865889306002284	0.296033513728634	-0.2943110637951681	0.35632363632035474	0.11055027119624666
DTXSID6022842	-6.029306316676726	1.5633897485218293	-2.858602104606465	-1.6485565888745752	-2.505283546443174	-1.7378348424391385	1.0408261802949126	1.0419659847203329	0.2990380754995356	-0.18687145387888118	0.10299967620947281	0.34095341961774633	0.2403490607999958	0.9101221014409225	-0.3335716890055673	-2.1150657551263685	-0.2523794812134099	-0.11949686756143114	1.3520928109345995	-0.36433289348746156	-0.2779367491472834	0.350986274822477	-1.1504693789775255	0.9405175818110671	0.789970663022519	0.7821291299312328	-0.5623949858348769	-1.5103494050474087	0.4961818147932658	-1.173993130648228	1.511788574518175	0.25291118745032215	0.20112359221053022	0.048660935268374554	-1.1793939114180916	0.21024394947676675	0.3115651945614594	0.44584426182929815	-1.16776978598967	-0.17214642816960862	-1.0139748418187065	-0.2863524998937263	-0.14843313418331672	1.0765601950603507	0.00965334949167245	0.9277924362856953	0.7343410071838803	-0.8878198928444538	-0.9641316577014057	-0.672950689506703	0.6704374096335478	0.12494081385979022	-0.5625863259773897	-0.05932382163688276	-1.166192044360804	1.032656442407221	-0.9092621610210838	-0.9092288404343674	1.4021874993316892	0.7205640719713442	0.6695615253986583	0.09573743174518148	-0.06069308163164789	0.034676673851143744	-0.693204170137267	-0.6187101983312466	-0.6631098028193915	-0.3607076860986897	-0.14092536247204027	0.018162169306508536	0.518026088034264	-0.0733807729165682	0.1126083546936226	-0.06917432890627172	-0.1103311860527715	0.6633623369299299	-0.05640426762173949	-0.1797433902843781	0.14688817267315885	0.046957586149202146	-0.19144459356762408	0.03521020517085597	0.24350673149196597	0.531261004449243	-0.10035709108434049	-0.3984317956557209	0.789333217255235	-0.033243822105725934	0.7481580424235863	0.25034116068008877	0.3476775403356895	-0.2455128784640355	-0.759594137566518	-0.43959630927887494	-0.3160464153051642	0.3659843896431176	-0.7499526719509885	0.0783343826664982	-0.12310512400870562	0.230095946349371
DTXSID9040683	11.354305318072255	9.45344071879652	0.37635416954781586	0.6436362998135842	-2.0230970516801747	1.304285689898245	-2.765020829660615	-1.4752028515710436	1.1419105969182965	0.3475818004223334	1.8919996945848045	-0.7573426322249922	1.602722817672961	1.7699421307220469	-0.730259781723734	-0.6188938809683499	0.03076696810425273	1.888467773723492	-1.8744026780488896	1.0252705279193344	-0.025872062615861	-1.6275207950101622	-0.7935321811854621	-1.6479313982247699	1.1313884007039414	0.369105404707442	2.3847006364003605	2.1924871936915986	0.309920206355599	0.41801943780834383	-0.7906064548517757	1.1194881449467893	-0.024362317392930117	0.8674242313244425	-0.07175371432542238	-0.4368990037914274	-0.16051966733506348	-0.5340393769586562	0.08200496671003069	2.104538200465518	-0.04560571978225933	0.7872799143424456	0.060648496323308036	-0.5952177168685661	-0.0561219368438573	-0.6643392824993029	0.6098331030883646	-0.09550957872876283	-1.764355008649703	-0.5335713927633793	0.20014153446357227	1.0251512524264028	0.26447053464616954	-0.6235088367593591	0.9367215241274659	-0.08109628802709981	0.9115489437940599	-0.41290006673385443	0.7807800565574183	0.6544151525880126	0.5584830995468881	0.896446933449014	-0.5891388364482913	0.13162379162758747	-0.9053624727752893	-0.3128978571539364	-0.005567707566324602	0.020343502203911897	-1.0226822546907117	0.19895937602682412	-0.6969576004110355	0.6237319189020267	-0.316801684647978	-0.07475592881733333	-0.9067532137335322	0.08666431420061446	-0.6894049081265742	0.322242298936485	0.19540181595056688	-0.22297394905535964	-0.07596013005979357	0.3783003182457894	-0.6062162822790262	0.10637175070139436	-0.593268202299507	0.963798243510151	-0.15360825635043648	0.08977683416985356	-0.4492652828307024	-0.40068324305023356	-0.07975168311854489	0.07910797056556278	-0.505589557414208	0.10083156031624166	-0.29982659904399156	-0.23735423663415217	0.7248103362703009	0.15184982976046127	0.1617218606462683	-0.5708997511681971
DTXSID1032511	-3.051695333744421	2.981306877968138	-3.0928544418286017	-1.27110856487477	1.782913694738793	1.2615939004740262	3.958002022605048	1.2501908266346426	-0.4749478587727992	0.04352210779616353	-1.284224069176049	0.9177161840690705	0.32783255101936803	-0.1527327842861518	-1.353158599641733	0.9504653704150503	-1.271907153947098	-2.028250362707156	-1.2574859515193004	0.44561414823884904	-1.8237675168152174	-1.4246118955050362	1.3812110391361545	-1.1840578402853994	-1.0923033953447987	1.3486789607504945	0.8417921347085572	-1.3373423066314731	0.3266344413133789	-2.1449595930000114	0.9168930820013946	1.5338398157281983	-1.1034187380085931	1.4602951443113463	1.2750368247698183	-0.8341737689495662	0.47535844886039064	0.466704172173939	-1.0060635624221466	-0.35869470363981604	-0.41432733270896055	0.14816177444983245	0.6954571037773193	-1.7644020752677878	1.3737208191950314	0.3730592568030672	-0.9313167297277626	1.3422996982276523	-0.9694577430264795	-0.1095375581874469	-0.12081135001639333	-0.9980869907316917	0.40587939980118654	-1.7210798095215878	0.3728389905067426	0.3438258737544994	0.5799650933944605	-0.019745539084574507	0.5030609132448853	-0.6935003642745129	-0.7853814199751558	-0.46950718125579	-1.2148870240629566	-0.8342787241428962	1.482887488316699	-0.327098649951418	1.4737588251398819	1.0349036889848862	0.8402922459314326	-1.270851103639818	0.22047727330100308	0.3758633503314623	-1.6379441752135464	-0.3860054379216402	1.428711756857216	-0.6411096796034947	0.10380025118433403	0.3577163841037215	-0.23090692148609188	0.5619829569333761	0.2932330213668233	-0.3879223738417097	-0.5850741617739124	-0.41136622044989535	-1.060843923656871	0.8899502268878188	0.16959998315576727	-0.6467591045252763	0.0023979270921188366	-0.2131574416610074	0.7672350008423539	0.1810070316168767	0.2771854498652565	0.12396004196281549	-0.536795179409928	-0.9072714654331622	-0.29492446173329656	-0.07576756665396131	-0.5884151530373047	0.22011374729735209
DTXSID2049214	-3.5813508835354924	1.2643241032143626	-1.9833730201739659	-0.4954055655165235	0.6650836795094582	-1.2390146653687313	0.571006338125995	1.2406083805235828	0.49594814354645317	-1.268237671837839	-0.09478660227081259	0.22063622155537282	1.615181782506592	-1.0478359207172054	0.6390939643726891	0.2579788641971193	-0.8259592027430109	0.09268792951661332	1.6978386145764786	0.6886361258729901	-0.5471540162262678	1.0251695584977851	-2.252755661359984	-0.953303571092601	2.861327551966245	1.9298770351776637	3.6484264817005543	-0.9467942156904484	0.6203281695921271	-0.32074875683926285	0.2603579653578497	0.20051067133844014	-0.13253164120166114	-1.1885367530783015	-0.5472745934821739	1.3229401078522305	-1.6074985320447006	0.6285493786338847	-0.8299036308492028	0.3577469964830981	1.0223696490429504	0.07396696909620458	-2.0668593106258015	4.43933273426428	0.5998864342562835	1.8337602784574525	-0.4030493598919525	1.9176563434329774	1.8174261032669667	-0.3297404297848493	1.98243851299348	1.4011810496673285	-1.6619481614938558	-0.8310959281143161	-0.8110597429168447	1.888325000693681	0.7157624753834829	-0.7065239156631857	-1.2175656049481607	1.0151007596026527	-1.3075717628776486	0.5279896479357027	-1.0237030997494687	1.0441959318010203	0.43834121959053274	-0.6631299408590301	-0.7881185388269821	-0.3673891285363898	-0.2588482451126946	0.3170760947849248	1.1547149886225159	0.6859511645129638	0.06460440044678009	0.491974948482112	-1.0187877569623711	-0.7009758714227223	0.22532793213265534	-1.1023576090578577	0.38220927898614154	0.08452451434761737	-1.3953088085390308	-0.9827386553404595	0.4147513921549018	-0.7920016983643248	0.2802029852184078	-0.4750641788058926	-1.0502557092516942	0.10850535044388304	-0.4414272250586757	0.08293534744679877	0.3266553590696583	-0.06864401342212165	-0.34704998996236147	0.7480296144739939	-0.47938607612801554	0.8948046445858819	-0.7579462268058366	0.44172571489992035	0.2810272659920042	1.0427862040590008
DTXSID1048910	21.901358544203926	-0.24133221417060324	5.475569931140512	3.4355265102492667	6.701839614404545	2.1584630983508193	8.445474862814343	2.7629626812444394	-6.437437851052887	-0.9767990100852046	-6.141142097376145	-7.013799933435072	-0.2538757711579558	7.3300850610901165	0.7964752518416729	0.7933179449308334	-6.396722222383269	-7.917932989728433	4.73159878983273	0.6352382347500507	-3.945406252023803	-0.17400011434711932	3.105189407896988	3.512786138049286	-5.5161935539504645	-1.706466197859756	0.21546035978742	1.435890180663884	-5.007767100718655	-2.6678149200771024	0.5824853934644633	5.066620884947705	1.3237489972557728	-0.18638936993158306	-5.328356574987752	0.47943836762850817	0.6393719150577889	-0.4104122764343286	1.4205619352203107	0.21648164481544535	0.5869860792389899	1.5656358916700583	-0.4286089129332821	-0.03439265578772994	3.578046504988013	1.7716289542413108	0.8811843647811392	-0.9811456074145652	-0.7272740427473967	-3.2464947996487417	-1.7160149356034187	0.19554973934110456	0.5091167884116335	1.5979460717233354	-2.3550169982377405	1.9490117569922512	1.691561727918174	2.821042953713119	-2.9501520879780463	-1.2684527702011292	-0.15461971797288063	1.0356752600133405	1.2904589692439976	-0.18889101693969026	-0.04354896754816028	1.9186551360846384	-5.390349711776778	-1.6211523315877616	-4.641936555404833	2.6693936371602223	-1.8878192018962345	2.755663942481419	1.787080268393676	2.0316809921124763	-2.7876254973691483	1.0184350534481785	-1.225189774460425	-1.8715590324441984	1.3400321967730486	1.8311920860872468	-3.047142828244003	7.211473502802268	2.6176830278647256	4.290949279228792	-1.51022266196993	0.4843646780719692	-2.2548159314222	1.550179993021605	-1.6649161082677657	1.7016771703432383	-1.667871201732284	1.0029051809925156	-2.0650566855844357	-1.3654656777752017	1.1848194717865037	-3.5387686565493177	3.110802642994624	1.1547334337686623	-1.0422457407952141	-1.1023438642477867
DTXSID1029679	-6.552623472008119	0.3932966245484478	-4.936358129638786	-1.7647266828270913	3.378028166423827	-0.8016577887645503	-2.2524280727037533	-0.28518576557879133	-3.033360733463612	3.463223718369832	-0.7884485971038312	-0.024443864140741057	2.182606680771077	0.864955033638193	1.2163407260828947	-3.1844644919034493	2.062612876066932	-3.4173584702299027	-0.41944897577149237	-0.7070538744422286	0.09952541325392825	-0.7440319371422147	-0.3007038492444407	2.070863751797005	-0.7282426152761979	-1.7735526263483143	0.12436594546104947	0.7815156387275185	-0.21802779901488623	-3.5251858807033987	-3.2909423685174444	0.06699370891731433	-3.1564943002366723	-1.2331195351867938	3.5072658413666034	1.0486499124194266	-1.60743009355411	-1.912136098378122	-1.2681281063809953	-0.21721854360625475	1.1773532587449436	3.056737479502288	0.005510511384487119	0.30322126415174877	-0.6355941847078269	0.33605297051313404	1.0314211670775097	1.8415495728534197	-1.403004762723908	2.140260996860469	-0.036058000894639904	1.6485465196098434	2.504366775124286	0.2937279098080185	0.8564796469149183	-2.396498826250429	0.6092128778636857	1.0324013306955258	0.7602991607314412	-1.1818736348146834	0.27902050812689166	-0.7510526383337451	-0.17088237049216437	1.616660976321619	0.19187537048386108	2.395457266118626	-1.72545922427367	-4.141651464740348	0.4960389866224468	-0.5586632258742704	0.3362574277883655	-0.44745876916221755	0.8876442367536844	-2.833276420414848	-1.165737452077806	0.6741499861587257	-0.9333168726887474	2.112244425231307	0.6160882086222197	-0.3832154441081901	-0.5333609955947127	-2.049591429040664	0.6473631510626959	1.7926208726128257	-0.298284168512602	-0.02378377613027621	0.6794587310946782	1.535940151757606	1.2260103181502626	-0.8137635591560475	-2.5260732389452705	-0.8402366163308481	2.2685377517318237	-2.182509663761694	1.1678296754132462	-0.6099679670317931	3.7174053629503234	0.4963114094532587	1.2194552930899611	1.590422325715293
DTXSID9041233	15.84727033060134	-11.661433667082777	-5.519016930532644	6.341609849789386	3.6747682548918483	-2.4264974379646613	-11.892362349035915	-0.5467495393571956	3.457324300426899	-1.857178431855242	3.6285330054210427	0.41689673792951737	2.0778719872134497	-10.196531745221634	-3.1782212551054916	0.07338855864617486	-6.495456404070691	-6.249647830009274	2.8171601938822013	8.420212873903768	-3.67345415968584	2.473462431774555	0.3225168062505472	-2.122562669233505	5.508704598303287	-3.995667713303492	1.6195385659299035	-0.46848831890439474	5.331803458233449	-1.7408745472021152	1.0814241101829931	0.45426516894590424	-0.6102131049076025	-2.1334771350420736	2.3345505799827504	3.5619818718695595	0.8684543481999134	-0.9121592289351735	-0.7335970267801635	-3.048740954089167	1.1838929317699272	-2.318828757914138	0.6162708955484131	1.4867499262228356	-0.037276386053444924	-1.8543089760319118	1.310929934387014	-2.908503999933359	0.5074674375790663	0.12702839795336057	-2.2023975465695256	0.9463882057299897	0.1450461347179337	-0.10076254953092702	-1.1044249574640828	2.942806026039661	2.048730465848593	-5.462168291221081	-7.7024225164176645	-1.3913091640438324	1.4379234455134038	-1.7479994395795868	-3.5389351776908122	-2.7056101649012425	3.0192051181736113	-2.0546813492217177	-0.4503688710622729	-0.49706569609388507	-1.9173916384454162	4.518737234988868	0.4115427975310037	-0.6369407718086705	-2.2326468394128023	3.4082092857434723	-1.261931835517829	-2.6253343304818113	5.156525749524123	-9.257128307776991	0.4156714355079481	5.597632137494183	-3.4142533648395537	-2.246647729323905	-4.68487493712831	-5.328181833660294	1.9996945635475964	0.24727055660763048	-7.7070761598718365	-1.7159752771858	-0.7791382516546749	-0.6251506698926028	1.728925775827197	0.5304337809039054	0.8940410532349666	0.531407870232298	3.9688200852398974	1.000675418286639	-3.277436444442706	0.5974132341712071	-1.8652833909696103	1.695627506862644
DTXSID90558000	5.879063597665332	-10.273300991969434	-10.73964149338831	3.586658311822039	-1.7144775436750708	-2.032383782415861	-11.699281250739931	-10.878467484586219	0.359514476775103	-4.428508419086965	-9.312892653381645	14.935936425564481	-4.013637618767604	-6.37917989238899	-0.5245900729773888	-1.4531645290824726	-5.831387685692794	-6.35411721795714	3.863968019148827	3.0303694575986295	-3.464373284911304	-2.1221714296497294	-3.4536434362341435	1.9100448117403945	-2.136967934872817	6.5388548684450845	2.7974695455969396	1.6460774678519468	-5.637516222887666	-3.4227536399329392	-0.2294900605649667	-1.3459570342862026	-1.6838362710523118	2.277512334464373	-3.203306024026182	-1.5150371532461246	2.98878239388514	1.6853527893195335	-2.121962128336594	2.6763900344092733	-4.54913045855498	-0.22314168783917845	0.3788083126154197	-1.1727644374268096	-0.4877436341023706	-0.15382606773982396	-1.5342175065278545	0.5843213332844066	0.5650163668129143	-0.8101811991547783	-3.5032823261655675	-2.067421036883663	2.8097951888575725	0.5646815225850669	1.108785659549226	-1.838047024075195	-0.59733111504817	3.1585447219249696	-0.6342508573288577	0.22885753545714513	-0.37657097800699313	-0.2933668765210651	-1.3176357328939505	2.5228099361558995	-1.84217644852992	1.2046983636027295	-0.8124550096243272	1.1640690395707172	-1.3967462420375165	2.012717732173908	-0.6366485567162558	0.7143586105684843	-3.575619036548781	-1.9894101857280244	-0.5632454077590668	-2.990281018468795	0.865671496736555	1.0798201254509785	1.5944112040009912	-0.46206039514184444	2.17770954172214	0.45584362210297974	0.9565396119142767	-0.8446134469661487	1.8788201854303261	-2.0198184405032045	-3.066060781325635	4.3594855491026845	-0.361718570116529	0.23146335763946713	-2.928479400373762	4.532942648351831	2.7398259244872953	2.5482616109099925	-6.043973672912893	0.032315932472959046	-3.303478586585457	-2.770190965204399	2.6030934348943755	-2.7404580759330464
DTXSID6020145	-6.373852341333558	3.3542542679923364	-1.556645203247017	3.2430207397256043	-0.9093099618713033	1.0334283297647506	-0.9174350159235763	-2.308768043407184	-0.18022788055253489	0.02809540249618575	-0.5340205635924564	0.30373641324104533	3.22900348515144	0.531859672771431	-1.8077292184764207	0.5676438921967283	-0.20625863507528733	0.9667102995753756	-1.3741915393479534	1.0922385307672786	-0.27572698102026155	-1.3872519778436074	-0.019770459445669755	-2.466158226379584	1.5304239627318852	0.17216504225058582	1.0795102335529199	1.1478339149907935	0.2542443222092101	0.3258776253441644	0.7143046407350513	2.3390755943281727	-0.580726273321212	0.5051993230506935	-0.17437172563919806	-0.14416780675554702	-0.50873439486323	-0.5159805646839198	-0.333850842858513	1.0514796537733284	-0.04733430673869085	1.6261636731391453	0.20782292914842496	-1.0546531886770192	0.19832292388292536	0.08928212444502887	0.7027858013526453	0.4610990965603969	-1.7099870733020281	-1.1626055253442265	0.7710421895492054	0.667513914542998	0.1213508505585976	-0.636878876936785	1.2217070047675977	-0.6296520136589123	0.370809630579094	2.1439274249149407	-0.11218520746672392	1.262424122743625	1.3852211881649583	0.20662437557859026	0.04619135202280882	0.03600811876728097	0.3829941041233256	-0.3056109730240208	1.2392010598948935	-0.2818383765261872	-0.025222492952785946	0.912156034026916	0.7227019371113419	0.8562358234560936	-0.40704191425329195	-0.7119712677868649	-1.2576429018668733	0.5624630548241943	-1.2666702494386803	-0.8854987938809058	-0.9793797715355564	0.2438999395472085	-0.1856472967611611	0.2378760243287533	-0.7969313626206742	-0.6907654866990267	-0.7062289637699707	0.2728114642529065	0.4370844765234878	-0.8461225942385117	-0.7337850089445379	-0.053539329323627684	-0.8683757982646844	0.2948992095106885	-0.0798242575601972	-0.3514663486365649	-0.08916642504545369	1.3647554789633873	0.9870054614312936	0.2631202625268663	0.05281468794504541	-0.5795741707025113
DTXSID2020971	-2.404647053192497	-0.20779904978958336	2.6878824393682486	1.1972863869584476	-2.2308283869854626	1.1611931889207079	0.32987030213788054	-0.5268489399378082	6.13499323111961	2.5854022107996277	-4.540729562530177	-3.7533036576945285	0.05187241230524317	-1.2697896071240176	2.1199739123434735	-0.08746698651131282	0.7816797326146546	0.41881724854377334	-1.104011305663568	1.7960138747871495	-0.08392357788912681	0.34178839091951013	0.3403566693256549	-0.2198442044013222	0.11779796052033854	0.6636465615152781	-0.18257582449455906	0.4994539125883266	-0.4463503998031907	0.07451191271693702	-0.017806679140907306	-0.12340622639511396	-0.5661707044798961	0.6236098060268519	-0.06617760551851239	0.3242578422310294	0.779817100884888	0.16240067472871317	0.014955665406124816	-0.7899835996759103	0.1750363280715989	-0.11927848633502891	-0.22537299407324402	-0.7478208550409745	-0.010291056884193813	0.2510040124108902	0.2687641839316399	0.09490374840228284	-0.2840877227473403	0.3956166448462157	0.005506537491654053	-0.07405320091253992	-0.6608786872274826	-0.46714351592259834	-0.19589169142468896	0.48179849381042633	0.5885582132101755	-0.1624275295802598	0.5328591510130112	-0.2252118909758735	0.8305609426008838	-0.0301870683541976	-0.6176140378030078	0.35921028984273395	-0.7385946437779368	0.49676390148289973	-0.27663580599206367	-0.007591497012676554	0.5562942400465152	-0.7122451423241842	-0.13514556038182474	-0.8784920958486278	-0.8036185274358583	-0.5217756824993145	-0.2079464880692588	0.10997461742845377	0.34219954231768235	-0.6194247908112949	-0.34467634981155515	0.17009762643756257	0.5808431883981434	1.2606997545459468	0.2168059516556789	-0.39107318885623454	0.267462940974814	0.5062045315322893	-0.39421716417705766	0.719479217417298	0.3846913566404981	0.20455207234171002	-0.521470560946885	0.43484974071500326	-0.4163417519080234	0.3226095859906001	-0.7354809070763878	0.03887964426783245	0.12329497037470721	0.29908123975972084	0.046093131773524094	0.5502699577389581
DTXSID2022707	12.320392038510553	1.9403333537207768	-5.0425734908561495	-1.5474455178013902	-2.487679081986172	5.282426294219619	12.355978318673333	3.866114228946992	-3.3016172857160204	2.252368656652236	-2.2858057171859274	-0.7099324407335291	-0.879588326735807	-0.6346742746256934	-1.8611753162332214	3.64943060333832	-3.68962681444897	-2.2229325305127885	1.9658803023795888	2.6651861047188077	-2.266732280322282	-1.2176729593748896	-0.27021356849723793	-0.05782555015247473	-0.7328519976171316	-1.490695680001245	0.7839025846734239	4.075174485320943	-1.951261240010207	-3.327586098737422	-1.186292257144752	2.1901996671237844	1.8729558312135928	1.8820363234068396	-3.4722370063032173	0.8615879327339682	0.5203213351967753	-0.47410577354805433	-1.1254191054242477	-2.18249881757214	0.19917795788840847	3.5195016417302267	0.20887122978055225	0.4390344206731429	-1.8498005496254155	1.3025413666938779	0.1477190824129699	-0.5332114977334366	-1.9966862534687193	-0.9781067325970912	2.258300984782462	-1.6759307983042522	0.7276702917371781	1.0314184303157707	-1.1385531609371098	0.22913872948321862	-0.47786248603475207	2.115004643298634	-1.392698816822622	0.17423027241028483	2.490981110086379	-2.650400995984153	0.12411452984154793	-0.4361787040250575	0.8802003179643797	-2.594649976079819	-1.6215885245304718	0.1960041036936888	1.6247924439074446	0.07079660516932687	-0.5070509646034641	-2.1967534925213235	0.6929766369734346	2.017231645593607	2.0303556096811644	-0.1853985387014816	-2.108009066845542	-0.45410712994676383	-0.11655660257103609	-1.677138510837459	2.55436153056072	-1.9503236267126831	1.2916664248483984	-4.131443154766549	-2.669929273944531	3.1580933286506347	-0.5371269528038464	-2.1239833786410087	1.011739000885992	-1.7289739350108853	0.03017050733202948	-1.238028377777627	0.6869235336483659	-0.9281497258906692	0.8535076921311965	4.038893215861257	-1.8423033793272188	-0.8103802880027683	1.2976899030883773	3.1306462049787833
DTXSID8046878	-3.2996521079961667	-0.5706752899295715	-3.977374535984834	4.886241179440831	0.20227936567758945	-0.7937127569268101	-2.4952961528861675	0.9866656733046772	0.4528297311553993	-2.215112966577806	0.05340357290950386	-1.6639034819543377	2.997109178082888	2.2343624628685004	0.23017413097375625	-4.572429002446341	-3.322968815434369	-2.749877317804978	3.2836677540103762	1.8193132387283877	-1.0772064752512038	1.7024092108424824	0.6249229882835182	-0.1913538301371567	0.6667757857250934	-2.4515621132321432	-0.1742102678223919	1.0372154115767998	-0.034199346539795394	-3.3577363451500912	-5.183419535886191	0.8676040618148549	-1.6208962764919177	-4.260336271774597	3.5521407910913507	0.22266311044337747	-1.7725169916026735	0.6593189823479687	-0.7954611075859228	-0.34959613648512583	-1.3925554777060452	-2.4234461019478304	1.056035867814948	-2.4876724156844015	-5.071580093334475	-0.017354314399330054	4.132202643706424	0.8493089963638568	0.8053495677891546	-2.443047720972211	-5.353926308297831	-0.323645526797385	-2.6614884613329446	1.064754490624565	-2.1526439170012797	1.4376677712035644	-0.20797423864874706	0.6311663146278921	0.029230273112319672	0.6549367983319107	1.225140814074456	0.5865589683805125	-0.6775269428938322	-1.3446476830048184	0.46761235411395735	-0.6759322758368981	3.400102557769853	4.240582824394127	0.7505712661444821	-0.8903549748263191	-2.8147338557287926	1.004314743001389	1.0197973510527139	2.4801689289794466	-1.5346484764692543	-0.006438789668534514	-1.548065038203937	0.19585983245432306	0.31288485498616364	-0.028661417947973004	-2.2523637018309954	1.7105258180821896	1.377088286397986	-1.2644949552851568	0.9442883116223737	-0.8040297776118257	-0.3537632576462201	0.007062240663041718	-1.927754135974703	-0.17401705582100646	0.03849700254133145	-1.3465054615186767	-0.20346179483984736	0.7960349764627279	-0.09771722413297766	1.1803832112307793	-0.9621889549555529	0.7276038738467181	-1.0143659986210192	-0.7293670555181201
DTXSID4048981	15.036570981487385	-6.335821562145636	-9.503630888137938	7.3413985983089525	3.7962665774789603	-2.8256218759623555	-3.3897486754668527	3.9371991710787047	6.791288457221714	-0.6591367487554248	-1.1385918166150977	0.8618412621043561	3.465738773866506	-6.887824750132917	-5.501977575759011	8.496273896232655	-4.502427253532748	-3.987071837087157	7.883264355972553	-4.836531948279011	-1.1132848309565393	-0.48153524686956617	2.8025542447768133	1.3430552000044147	0.6971531571551057	-3.0191328366887626	3.6949284798042257	-8.587293726430433	3.1778123347362723	-2.4752344729747295	-2.180378166897167	0.18828538228722158	0.028101717346918704	-0.6002560183980398	-2.0047061977164096	-5.268681424314952	3.3486079170021155	-0.588271524180062	0.930346034162485	-1.4678457128019953	-1.8275814073003926	-2.7528033372909406	2.3823176215598236	-0.09777444872390431	0.12410824790396917	0.7444430560939255	-2.0801033890889875	1.4333687949145568	-0.1849068451098703	-0.6329261573708679	-0.5683890807248415	-2.7606032844416823	2.2753512062942596	3.0320606232107727	-1.633173825866535	0.8044730647398974	0.5964995170511164	-0.7982475298880725	-0.4746612815241272	2.87749205719174	-0.6401400045405955	-1.8718151498135134	0.5094239642934975	2.354822546968487	-0.44458302305078135	1.2879332719067835	2.322705182163116	-0.43803092357677026	2.8677874741178173	2.3321855607639295	0.047602624511207094	0.32022736843270455	1.9064751346825481	-3.3702318170696075	-4.099855110025155	-1.9041928497766996	1.3962193549307484	-0.6746538502679956	3.047532796878866	0.35448512909691915	-1.6569961270906899	-1.0473527629771968	-1.3801978385559779	-0.11805069330877843	-1.6401504380987069	0.7281453464988583	-1.006157849728105	2.351928381687445	-2.3744988028080702	1.091231661028389	2.8524809816986383	0.41242788499969707	-1.0938404713230026	1.3744769339281646	1.6146286109197645	1.3003746629729929	-0.5908352588014725	0.6878524846208258	0.5276352883079927	-0.2317328326205023
DTXSID6035152	-2.332411934577628	1.2328916217422932	-6.1893203619784725	4.528139433567465	-4.4245949361892825	4.367386725690568	3.485145664763165	-1.8055366555697023	-3.044289467337042	-2.2928653073582987	-1.2794526734557743	-1.5398100959952807	0.7906454799279046	-1.5316600945338228	-0.607461225532537	1.209997498796904	-0.06544678438238911	-0.599769440765913	0.6959789773894017	-0.7420884093909397	-1.3413539659960039	0.5751238775560563	0.28432542124186605	-0.32033386581055895	-1.0075679884575754	-1.673173893064901	-1.2031303055554867	-1.7222552486044016	1.2442314658498244	-0.20859422422642296	0.6872151581470692	-1.2701822375625238	-0.17554985034742834	-0.5953678314336295	1.2587851057435033	0.13644361658971427	-0.8736660440451408	-0.23741344746982487	-0.7042862548906584	-1.3412670062785788	0.8787982093983269	-0.20633724907989104	0.8387022863219282	-0.7943809291677978	-0.2685645925103212	-0.43653515820251193	-1.992482971279504	1.6440646181239063	-0.44202453509995443	-0.12406363898538698	0.6562229740402683	-0.26466200223112724	-0.6313275211641497	-1.5958893657273925	-1.0039476317878457	-0.5172248762016253	-0.7165904341339868	-0.42064005747324335	-0.038908883334933905	0.7694230816399154	-0.3848315139659031	-0.10595861853213531	-0.026301683856490492	-0.7372031857782811	-0.9510089554201933	-0.3964091494439821	0.49586175071359806	0.9815940750975282	1.4997386769691936	-0.287713652645506	0.3128401445545821	0.6304551526510733	-0.16989707417096583	-0.7060034884237415	-1.2657733345883846	0.5816038074782286	-0.10138468339908632	-0.03764534399054947	-1.0228828575306816	0.045434510565363344	1.2328814099964587	-1.2277115356569437	-0.5631214789068939	0.2172671684004272	-0.21873918577105547	0.2872234080317693	-0.3738701000456612	0.321530494826708	-0.1552278882550279	-0.17276277026074527	0.8385739938374944	0.5796768714006871	0.15288691524580067	0.2895779064874107	-0.2212284304701498	0.29718102912496824	0.088733938504399	0.18216076400248876	-0.030384060420242113	0.03399244122144238
DTXSID7041097	3.8665042393003715	-2.9768673208549874	2.146903731718381	-4.567216295829988	-1.7669808083109786	0.34122964909143777	2.495283349921234	-0.10946810965404348	0.21894161159600564	-0.4365289604150861	-1.2760335240632286	-1.857258161130312	2.208094496883655	0.3983720268168022	-0.16338093028554446	-0.05578188545261853	0.8188261952048002	1.0810667907598823	-0.6343271213995175	-1.0268338821076706	0.31681827819658204	-0.25273443337237134	-3.06439733837182	-0.71211757283473	3.2263300878679786	0.5203898149331383	1.669312748281882	-0.41194882462881416	-0.5332517129031507	-0.2499417904048933	-1.182815476827468	0.3309963998541377	0.35641353638522133	-1.3881868507604653	0.2757928360040262	1.181679374267558	0.15112379335732543	1.3471488505784985	-1.2990696249739313	0.15129166915114517	1.2982009266675083	-1.2017225901112056	-2.3575032200064965	1.5885664105013027	-1.097452350834896	1.3022549396005831	-1.0672041246394495	2.0133945666595237	1.2618952495408964	1.121888862833151	1.6174415372438784	-0.953541604122059	-1.1618929774892535	-1.491507480460922	-1.22454924173355	0.7117372169127096	0.9051994915195569	-0.02265954649569317	-1.2248411339809142	-0.28099404367699243	-1.0587468837957448	-0.35659699327368843	-0.6682736522672198	0.9770053208495391	-0.05814604529507818	0.9313438493489081	-0.2469896170655688	0.549793928395589	-0.16771185241139222	0.666207666215936	-0.8466524004350311	-0.8563505471740492	-0.09161873259715583	-1.045812934227511	0.6371788322293804	-1.3744823734228584	-0.7274541628501726	0.9811067365487176	0.2933532459258789	0.26639731607355754	-0.24884213493667753	0.4041173114753826	-0.5663562648744044	-0.19155410373492093	-0.33234743759409524	-0.9345607427501905	0.16177778685673708	0.17262125935144682	-0.23518217977911357	0.052546305623837296	0.06099356815458811	0.47486753015017047	0.3355485144783405	0.4013815014734351	0.10486008422603844	-0.1724469860327938	0.19345901416159272	0.16713812255668806	-0.15903349212370987	-0.004303616680807549
DTXSID3047003	-6.886391864364653	-1.0731125690194492	-6.963469208198612	4.81452396295372	3.685883651689377	-0.2708057213767793	-5.163013096986769	0.8208214109707589	-0.23190583012883428	-0.7885528588760841	2.098726395546484	1.32173486441165	2.422320749282213	-3.7946696449345163	0.4027761372531333	2.8432032885589904	-2.0145195667107383	-2.3771787804685296	2.546846925353153	4.547408409443865	-1.352439816165807	1.2870807906201684	-0.9472822731299002	-0.5866067736575271	2.2136429513492537	-2.1578571485355487	1.480012229896914	-0.9099169276093044	2.9904458237996794	-1.5925211178868783	2.73672629274241	0.47306011392191877	-1.5631040113895054	-0.1012805200237748	0.9568959482029616	2.6968228062314274	-0.008158580270791976	0.21789041405046386	-0.6929214827098636	-2.654712312506167	1.4731259895366753	1.1765442431664113	-0.44640538797560136	1.2711957651495829	0.7288248598653244	-0.8163778012492562	1.5629811924118204	-0.008208531619477337	-1.0517489671399098	1.1103097433247253	-0.8555238674670048	0.9121899443824611	-0.3282504051972011	0.5309890465676512	-1.1833331259272795	0.5454630945630047	2.3317973431840135	-1.8321432987693433	-3.2421235697385087	-1.0640806392242026	2.63301425598491	0.16765456623175887	-2.4638098272219473	-0.5273439098435632	1.9856840701345404	-1.0036728356248161	0.18513507915912286	-0.8247109353417815	-0.6746276407482567	2.2824603471892826	-0.13575283591212256	-0.013271136432495955	0.0867091316824339	1.0874925146237782	-0.05233361491220625	-0.4744657698527157	2.5092049963620693	-3.4137824018772482	-0.04085682296280702	2.4157601332835528	-2.7809891563335065	-0.38209497127941494	-1.020460695987722	-0.6779897629411474	-0.0358229424705344	1.3564347542043198	-2.60554952765292	0.4057898322663772	0.684007057366096	-0.6697015481143987	1.117838167673664	-0.5808386069105436	0.7497895331055545	0.52509452486263	1.800977554328685	1.7967315283913448	0.3234483709945815	-0.9543901701964644	0.41625755559732874	1.722959031881465
DTXSID0047872	-4.8891551362200945	0.6531851165089466	-2.637727683234192	1.0280906510356873	-1.308524441692764	-2.661947327625686	1.9416307540474949	2.2233565811776907	1.3282073830636623	-2.7198814759518486	-0.09359551999061151	0.8305272330785088	4.009489677818962	-1.2362343526115211	-1.0715381787307445	0.7345697989872515	0.9406072816311151	-0.22958324937923655	0.8086065677275815	1.11415752938954	-1.295237349246361	2.868550205037607	-1.0924348145739553	0.217860694338457	0.6519090374317011	-0.5939869912563814	-0.8657904970974801	-2.1741854150818014	0.34093910419480594	0.5834102022757336	-0.7592258209055338	2.3887040513080935	-0.16893186962415513	3.6800640110315004	1.9436118983319113	-1.6406694505666601	-4.364871548655383	6.655834107943437	-0.16780580225211084	-4.49673244877983	-4.298459914425939	5.013177457345109	5.735527926991078	8.345308153781566	-0.6097879108335573	-5.060724406018315	-1.9991772132894887	-2.711182571550565	1.7885783989859567	-0.7674817304502661	-1.6969006060657628	0.2631444496418718	-0.9250689021182893	0.16039361495747703	-2.4627727821567933	-0.974365257044684	-1.738728499472083	-0.9335715613143007	0.7431333221810137	1.699843463503498	-0.3348369288554171	-0.20539997923202852	0.7487121618361984	-1.548696382723911	0.9730659237421815	2.1773259753942864	-0.8047909104491789	1.145840995167227	-0.2084645459187736	1.8509373003600067	-0.9524982975730771	-0.16057775017163523	-1.3422013416427239	-2.5001881214001513	-0.11129793303707826	0.3670272886865343	0.8434652375844655	-0.652078825725997	-0.3690839454308411	0.08800394081660796	-0.8583785270468007	0.14920247062338474	0.827062279655389	-0.45922751919747545	-1.4444786377934644	-0.6596500075313225	-2.0085743805145646	0.16598649852960354	-1.2046742662043297	-0.33794265782127764	-0.636636924828377	0.4928077658076662	1.0713794572539976	-1.1563818581585286	0.1607658185446995	1.185392386494612	1.1005333078120445	0.9927204200920846	-0.36956649917701917	0.5271671029385587
DTXSID2046464	-4.106730337421861	0.09342678474199194	-0.7839861960928708	1.6003641520878742	-0.8804533834659395	2.5265778682013162	-0.3669389783079666	-0.32235783001435686	0.36460187534483957	-1.5650218788484727	0.18329156799644694	1.503488561643246	1.3258801203877404	0.9449191599001324	0.31835020892673876	-0.3698697845792699	-0.7224277456259693	-0.2094457324420847	-0.5019808244362872	-1.5759618391005534	-0.722596147910237	1.949704353251856	0.23593287829354126	0.30997133592901827	-0.534801293255074	-1.5044689010529118	-0.23049846458596362	-1.2786905645594653	-1.4289344895061773	0.6213207624897589	-0.5196000879981623	-1.0946470186110004	2.3629574916392837	-0.1427660877850754	-0.15868364448588562	-2.008234594202245	0.9182520407357649	1.8061479379855405	-1.1464756275776784	-0.5475400576971857	-0.11251191272828155	-0.3522777923155335	-1.451853670709305	1.4685304164504727	-1.5034413870396626	-0.5985230314149753	1.9183481473821353	-0.7092697101249315	0.44445261913480344	0.4271254249201715	1.0310012727406817	1.512361293932955	-1.1016122318483001	-1.3829193744125452	2.4819683216810193	1.734692480772308	1.4384908532143938	-0.9366144231866302	-0.6864159697271219	-1.0775501854306366	1.2536433679280927	-1.533234864898746	-0.5052757081492055	0.5957224586205588	0.14850980652830692	0.6710571528852761	1.2312829484087262	-0.8153769974493444	-1.2603417091710785	-1.1129625601842519	0.06665580298142708	0.13989836778873643	-0.017812988929944363	0.6019906939469156	0.7377689792218844	0.8651154739584153	-0.37249060463502853	-0.4098552652045532	0.03613047261025164	-0.2632584373444294	0.3821114341030809	0.4947478062415097	-0.007334486044878707	-0.013906183385798724	-0.44499927285092244	-0.35205120072589413	0.011061273219271965	0.3993551153885981	0.31761656991170945	-0.008296254484826147	-0.10887814988456344	-0.4224414006047825	-0.5478777234394336	-0.6755142187372791	0.5529590881164432	0.10814490876073769	-0.3854352498931997	-0.07711203996166215	0.4803228662913772	0.1903002736520334
DTXSID8021690	-2.948162749295071	3.3099726733255093	-2.065299128296264	0.42021425985886685	6.3598491442456675	0.271028367974242	0.3402838694080656	-2.120868490698184	-0.48302534507265804	-3.6747479701819104	-3.4875370721069965	-0.7056752418658443	-1.0501039614805479	3.537397413245978	-0.24670010841822113	0.3793360144078423	0.23483753225986986	0.719049487891077	2.687089812630579	0.4887112124015646	1.0968129904994472	-0.3423254979351495	-0.010064175151033477	-1.35990401444817	0.10401210327692043	-0.053177081203884126	-0.9262934050653789	1.2946876379357464	-0.500027603678853	-0.4626529598078191	0.6421635922812071	-1.1256175253804732	-0.32006244322089095	-0.19617874660280354	0.0552014435359372	1.3100808675624864	-0.22783928378808435	1.216183858032587	-0.7940889372133296	0.6798005077170789	0.27596877320944246	0.56353777893269	-0.9452376329351244	-0.2714248616237154	-0.30833886783268394	-0.7709531679558727	0.3313041903463353	-0.7304852623686824	-0.18714112791916135	-0.7584388921775127	-0.8736873500278723	-0.28793618208054356	-0.18676960059868505	-0.12535569932551177	-0.5466750605133717	0.7283220719226043	-0.0884181524836562	-0.22661596639645432	-0.8913251959020448	0.03445680499088704	-0.011414751921651143	-0.6743063190423609	0.26971879040393254	0.34639812036643175	0.29059714709512113	0.14945475283065066	-0.7314622858972206	0.1600165345485059	0.12789740461798105	-0.5855623558827342	0.004426108572742276	-0.2911143080590688	-0.2825659772376474	-0.053512314470067116	-0.4304729128321957	0.4990615540103096	0.29999724538718525	0.285309282465191	0.042151471716720575	-0.012017696381177403	-0.06541305361054622	0.30931592694772364	0.27104926991603984	-0.07425573663861229	0.27334219613492033	0.567127556055424	0.3175851773776255	0.10120257077530548	-0.31110824299403256	0.03480768376637947	0.10195355958555338	-0.06818044793602894	0.04019176966426133	0.0846889161685196	0.33078776540063787	-0.0026546405284074283	0.05106477923833173	-0.20625811741469421	0.06532800870787651	0.12661914030431212
DTXSID2024038	-7.661077407109132	2.1917612555293093	-4.386326993269964	0.8989981502881011	-0.9386484532853354	-2.045378195744899	-0.8827914410787682	0.029500046009697876	-1.3737253809422518	1.3680332718573927	-0.6945272646887731	1.2641460594499592	0.6715527720106603	1.5507727507443867	-0.3776482163589938	-0.49967712268253184	0.9412007239425355	-0.9068346156187379	0.12707466751569194	-0.845032135321001	-0.6598100762497754	0.2515815857526871	-0.6861887699591617	1.2965679056340549	0.14227006842649084	0.6728419150289242	-1.5729377597371117	-2.0784261104570185	-0.7096957384459512	-0.3347067136838382	2.4317480843866113	0.30013431626754783	-0.5813791712494449	-0.1426662079869688	-0.49274619803884	0.406018153755791	1.1996040889392219	0.6740801267047738	0.20186118094384028	-0.7525844320829924	-0.5376774263298458	-0.22113802825258635	-0.19849491730200322	-0.07913170842077223	-0.061268156906049996	0.05859814633425377	0.10480839028740398	0.28142099034196066	-0.3679014640796507	-0.5666939796997453	-0.02951368140607711	-0.8261688545567727	-0.9001947984590154	-0.11217412782354776	-1.4124656701446754	0.5921134240835061	-1.4928229578573484	-0.6149280236939918	0.9655994197268624	0.0692742998239832	-0.12679365107556428	0.3032714319570852	0.5248409733130155	-0.07317951539385976	0.7720004622820821	0.2681929679493401	0.42475018326903013	-0.06463654507983971	0.36262878314440805	1.0312006325953293	-0.18394719676002075	-1.3480558368192668	1.019887135185656	-0.320441382843335	-0.6312295913410056	0.534785775159399	0.1417639458289761	-0.39856169620190995	-0.6305584611956743	-0.20576087210664223	-0.3450494917514968	-0.6918112129894163	0.49833304751232194	0.21780293836651823	-0.6723655090488355	-0.5206314905485115	-0.3549044529151498	0.26543758431150594	-0.1614781899517334	0.03769826080006295	0.8981133157020382	0.872006402288143	0.47837809053126834	0.21911610734877826	-0.28265892558793854	0.5256490450624691	-0.6755197471239116	0.016191411307931516	-0.051030101311461254	0.47932577334946047
DTXSID8045642	10.12361530771111	10.295880057371864	0.7401210142642356	2.9577890720449513	-2.999732641997378	-0.6929629055328023	-2.969685957531553	0.8789285545016264	-0.2811747574330943	-0.5053429323886655	-0.004025397548339001	-0.1433430852080381	1.3557932848634668	0.5424577487587905	-1.1440538680481331	0.03011409140219816	1.581055713682852	0.3370019020634414	-1.6700725295182024	-1.0703726257337094	-0.0953750449421892	0.007748295007974213	0.06373027068816328	-0.016943800939243536	0.17472100615859304	0.49535055193496635	-0.04776950013409484	0.9980598306582827	-0.12420229257015603	0.120256739380233	-0.5179449944002391	-0.5326706430023914	0.0992582415873045	1.2724859088134033	0.45323069908017166	-0.3344609392639988	-0.016896606410111127	0.6208523985337897	-0.7010874544028782	1.4879119713823792	0.5489697578186766	0.4273304817261324	-0.2414610932711556	-1.1229910600085689	0.1262575124695113	0.026868757796382217	-1.1593683468335523	-0.15962592987639082	-1.0228764992494699	-0.7586547493427568	-0.9244292381028553	-0.05001660631553954	0.34212388618630923	0.053715981957661196	-0.3077549436567656	0.11632848301484842	1.6280012622417073	-0.5495005528428191	0.5324534490619041	0.5100985914751122	-0.28452990704236447	-0.009712848154850419	-0.28682768153262733	0.15775761441234382	-0.03280391685106361	0.41033256277797026	-0.5219105213517722	0.2529515147242279	0.4306779138846071	0.07869369932703574	-0.016655702650355264	0.02949453632048778	-0.025823701383239393	0.15097276068309762	-0.2992679127174785	0.2808011230434492	-0.6430032697752207	0.08456575295280447	-0.055846927496130315	0.3734451878395995	-0.26090378776348344	-0.7951036722930425	-0.006401672899149437	-0.25290136608445235	-0.8112069130592694	-0.12870087791667256	-0.8168706083497445	-0.19521382682171282	-0.8368124279973896	-0.1220785620077105	-0.5639378560502205	-0.1502136678891501	0.30391547569903143	0.7181680687034472	-0.2932161945832685	0.594372292910114	0.3831517918590806	-0.10029257103648397	-0.052661085255900394	-0.23240359679400516
DTXSID7047279	15.551419745172405	-7.577384615677423	-4.837806012893308	-1.789231176937565	-3.5593503946911444	3.0831099441314644	-5.730246501377677	-5.962241995773453	0.44632519378414043	-3.6112708872521075	-3.333385400422424	7.969272493221808	-4.967323953291568	-3.720566342155493	2.8913014532618035	-3.158608443961358	-1.7396607825653991	-4.818440758989801	-0.5034436708614702	2.840975428989412	-1.3268872606075313	-1.52335478688566	-2.383477592410032	0.8001284337458211	-1.2813944500514236	3.8228605300776954	2.874010830739943	2.1333370497948816	-1.9030893454800994	-0.39699336968026794	-0.16018597460298512	-0.26187504714609894	0.28082888305154735	1.7085273143203372	0.16047205730961578	0.13315592037338667	3.4343536807809416	1.1652194547925807	-0.35791763650336617	1.8525524286172241	-1.8357516363157602	1.9187136553127797	-0.35746086718369335	-0.05296794300209434	0.8866039950405612	1.5886952430118926	0.2864965443497496	0.43957921600974015	1.548916805559993	0.6418484893930763	-3.4897825228660455	-1.618668641337612	1.971825758933002	-1.586283176378442	0.3478302918966794	0.9993193234148461	-1.8441452998902481	0.6591759223133761	0.5632791679400686	-0.5936310810302847	0.46402017741712515	1.8749888161838983	0.6007627960590968	-0.4749505432136117	-0.7042100194742302	1.3975584024442655	-0.7598825104224004	0.6369636714689206	-0.3443827769609384	0.03353009603492525	-1.1759776684827896	-1.3660772309041993	1.5706327959522008	-1.393137336131068	-1.9488323178249867	-1.6030357393607213	1.6217411337813712	0.178667871239054	-1.4307989753686017	-1.399527141412659	1.0229641912382077	1.4499842871392867	-0.5188736639255423	-1.1966424741125299	2.771328049695391	0.010194143575290747	0.1665106856529158	-3.8448152055795375	1.0444812327633748	-0.9594613925911228	0.1202483794525767	0.34017429218980394	0.35747822025594295	-0.710615796994375	0.9343897566261291	0.09959343669160102	1.6512023638267073	0.9299346248919161	-0.3317323542615556	-1.1087737850822592
DTXSID5057757	-2.2363880798814484	-2.1545220417269184	-1.84994937161868	-0.7401532663781477	-3.8184889530193398	-2.7240867206017048	0.8734109680823663	1.6757926931496834	-0.13505836175409905	-2.3402120138156257	-1.1986780241288169	-0.07149625651941667	1.6188961716118504	-0.6980071285284494	2.896476792189619	-0.748340946916402	0.725274339086883	4.638037419680887	2.8532846490648036	0.12762065092019875	-5.707546327631991	-7.148564643084889	6.672700227235354	3.826286438836706	6.187238412470822	-1.0064899141878392	-1.0562904006244807	0.36905898385512126	0.3618219431176799	0.47720836215724616	0.6425314062763385	-0.04319373521479883	-0.4354174979775923	-0.038485277354945356	-0.2803502594923727	-0.42401460179984524	0.9293147520723934	0.883007894588206	-0.31770199345944666	-0.2986781990946548	0.6723904134051986	1.3792961629395428	-0.3921235788620492	0.11653795238373149	-0.4235533538961915	-0.2898226173218524	0.5404660818274059	1.1356678580492823	-0.1543385913198706	0.6621687649450768	-0.5874053477485632	0.29818414681816413	-0.03599193610264188	-0.6780734279473315	0.4776570382074263	0.9190805157525221	-0.5250215140685492	-0.21208025933134764	0.4952311829185376	0.0713333889706777	0.3857383098788766	-0.347113329748845	0.009217364062756497	-0.44961503205228626	-0.6774247466636789	-0.8664175926562355	0.19142735696654578	0.5360974748121375	-0.49769085240372724	0.3892509892651818	0.13399900060155895	-0.5737177394330052	-0.5117651553647729	1.0757030652673694	0.193208467608261	0.2099476723131216	0.7275223558736604	-0.1939271974903492	0.7216115836592091	1.014693663687473	-0.9599298943574454	-0.12877178962588492	-0.20226911177135354	0.5501052688267813	-0.7840750734279799	0.7265656234643014	0.3377064370807692	0.35960340838134697	0.2493864023580976	-1.0237165208606147	0.46106911282598606	0.29687806986058624	-0.026531188883443725	-0.346209793284573	0.47247130304275187	-0.4892614141172906	0.05617282315383893	0.2185377631845049	-0.018458691495584448	0.7967323069569093
DTXSID3057854	-2.8369450752050875	-1.307452964955525	1.9438365593166358	-1.8869631822470188	-1.8154217570292153	1.504300158704927	-0.17679923488839494	0.8708817071623246	-1.4571341767156596	1.9278975624615173	-0.7255779492322542	-0.23468392971169574	1.3476406381746517	-0.1890716925388147	-0.11864719771154236	-0.4762744141165618	-0.4284550658460922	0.7104268732348653	1.110873437962864	0.13518668542645465	0.6059922738590724	0.22102536321499677	0.3187187234577481	-0.20885611215484925	-0.2285914677349049	1.1920264861954513	-0.5351281905100254	0.76880604856872	-0.31861681892626875	0.7359154254630239	-0.6743265314428531	-0.40420298129584264	-1.1635558708952183	-0.5675511931082831	-0.4524475929209575	-0.4106423382739362	0.4197765112228469	1.0724165320672965	0.1689513526527584	-0.03786038550514314	0.32802830638026453	0.5265579444047942	-0.22592549834997377	-0.37064081375044183	0.284082430006273	0.18302208563373662	0.31501218468059855	0.09576593508419774	0.788187568419953	0.26784480198093963	-0.8473635520952483	-0.5977949886123024	0.20247556745453713	0.7497791797453888	0.8980569892093597	0.5524094212291989	-0.022846994939690685	-0.9635160323238067	1.13454608262283	0.7792854634547677	-0.26674760601672515	-0.1235591052587637	1.01341112594946	-0.24520248798135877	1.1749523205059214	-0.8373208001640864	0.03740847609609657	-1.142149862741907	0.769378867123333	0.15988833683206227	1.8689719231498765	0.27338653321368994	0.18376939379145305	0.29669802051410366	-0.0481892522148362	-0.6590263430777146	0.9328111527298194	0.1556368847061884	0.29252329753093037	-0.050856575075335766	0.4128084921614713	0.9560225624689684	0.3459762482056304	-0.25119352364528647	0.4677913004199975	0.26399261934244767	0.03871730657822779	0.34580730819242	1.084082422994092	0.12221490264873591	0.45831216728743585	-0.7612450952188082	-0.1141918903685048	0.10346523342891706	-0.38951653495166616	-0.21045622487724056	0.054214252819250235	-0.3995891853656503	-0.6190978217226021	-0.4392463388897784
DTXSID8045432	16.212002106618133	0.09791466107971457	-4.860584871315333	3.7497784456338965	2.843309998079914	0.2650276233710257	-1.0913444383485615	7.630817806187692	-1.5891817056813462	0.21853161672482366	1.7496093867662492	0.6490932072794584	-5.842221785623878	2.413248085721223	2.3565849394826803	5.6486577862284255	-6.1872430579579225	-0.13799450356487933	0.16518311266172483	3.089450667423991	-5.040607025616042	3.7039383797648604	4.6933285144193055	-5.501256805779539	-0.8648419987076309	3.8327246792174856	0.30298589500470735	0.07290626640834101	-0.36302549339138124	-2.3603428608420542	-4.686439946574597	-2.7523607869422455	3.7950574339417704	0.582000086271799	-4.467838711094789	0.8665262141324528	1.0640629943107374	-1.9090871404797285	2.328814884065065	-3.8319582383010204	1.5439061731451855	5.175818392901927	0.7337869471575839	-0.09653928162439707	-6.563599296449022	-1.873110996632075	-1.008873910552877	1.578652231061976	-3.20395606214823	-1.5510846479693787	4.792997097334591	-1.847113873048443	1.53840301950586	2.8067334933587187	-3.0691401427730978	-0.9613954430581338	-1.5164858271769333	1.443343648066175	-0.5153845454533159	-2.9660135906409533	-4.3924316156760135	0.35017421189762443	0.2978594565733833	-1.4127277505820044	2.8615236101915005	-1.7955959066652138	6.9485314548892925	1.0408346978946972	2.254102995785815	3.7124773788431984	3.0093091044193625	0.0015551427805497	-0.46221655129460265	-0.5006076813576116	-0.361292632847721	1.2692713677623124	-1.452924551499369	-0.7636091046690432	-1.2795279853812942	1.3351627181680468	3.708168198963768	-2.130200070443274	-4.809847104822768	-1.4282661069510263	1.3647673733776458	-2.6088273848614834	-0.3169402198815728	3.0757742364687775	1.9393233896921325	-2.42168197730377	-1.7466468106054107	-1.1133201725958595	1.379465451727812	-0.5029868063041458	1.7342779926810874	0.7012505361243497	-3.3765221657027866	-0.13799987360450922	0.9229079109525011	3.6190273618998003
DTXSID7042146	-4.49779791241264	-0.6775115709913934	-2.089106910086688	-0.7276902062677073	-0.925133611939855	-0.09674877163178926	-0.4767186447550145	-1.9193054823259932	-0.4659016339085646	1.9104910541647098	0.9879290042827714	0.2965097489702882	1.1916058794002278	1.809256130163789	-0.6433109970240103	-0.6887991323117565	1.6164142737764151	0.39413133371481585	0.5338841328367898	0.7618160238560016	0.3645509248618571	0.8403881486900943	1.1844193624855517	-0.26584413177769256	0.10735506994320111	0.6612795296506396	-0.13407179349011764	0.12704780476764715	-0.14312891290391372	-0.7454936663478051	0.4224524835197475	0.21643762921640533	0.7372697170544334	0.2752860215573301	0.06587523365418685	-0.4341428781899073	-0.6704377171812356	-0.27540058099896586	0.32571724349870684	-0.15882157998716542	0.3568045413691449	-0.4835989314225695	-0.3345665145914175	0.20091684838766824	0.42717656267656934	-0.45500605145736034	-0.24910774529223065	-0.7991427891092526	-0.021625526575375094	0.2754791946365325	-0.5587566690485691	0.33353225086771254	-0.2264350535040389	0.452587987688262	0.6425780904108512	-0.44432546703439724	0.4056791615450239	0.8540594781674132	-0.3290154274149594	-0.014875398635520913	0.04674510377902535	-0.2836612609539029	0.4656351909642424	0.43109725737942534	-0.061970230799194934	-0.028277556538645374	-0.32868109746490426	-0.4005880439377224	-0.43966359428410895	0.5514117925967641	-0.806708516407114	0.14369054920730567	0.5314781844907607	0.7890127807474662	-0.32734305737556585	-0.4867539764363199	-0.5544789395744599	0.3653108874481821	0.19419538285938948	0.18650794341011512	0.0021941924786577954	0.044969142610852164	-0.12048673147761767	-0.3772592911910752	0.08842869495803721	0.1619294311797359	0.3426452794224908	-0.020667043097225314	0.06648832241539336	-0.14671639182277993	0.5293797985462678	-0.03769630478441034	-0.258646923215328	0.41324988915070304	-0.46098493587801675	-0.24460315514377365	0.30562583818067546	-0.04565801136200084	-0.2587413502094787	0.034372927690394524
DTXSID9032113	2.196642865304469	-0.5669996809840522	0.17686357389940918	-3.2444789013168633	-0.9704168468186751	-2.881439500970905	2.0694143935569644	1.659216093119043	1.1328525342289815	-2.9045584420683896	-0.7149605146356218	0.549078805814844	0.35090334413830543	-0.3353235717285078	-1.1501365927793146	0.28250849015761026	0.7356461992322988	1.6515489235849505	-0.10049141858929474	-0.18639069872984068	-0.7535027494272732	0.7580773387306095	-1.0508800306714399	0.6399008076189672	-1.688517199073111	-0.15967376178555773	-0.5585741893147919	-0.98544596535188	0.5734844886984191	-0.6363786791908036	0.2503589823889566	-0.0002521095795859829	-0.09673859330819463	-0.19129581767219722	0.15736698435686883	0.25055711880168346	-0.3767835551533375	0.6761060651059857	-0.8681454358046514	-0.37706808160925515	-0.15863914230904763	-1.044890969531155	-0.292967834258739	-0.13077198857380815	0.007175747109788415	0.6714961663339722	-0.05622737006087665	-0.17240518227725637	-0.4531103795948068	0.027769563484685796	0.0029410277986244467	-0.24655388382482887	0.7228446533867158	0.1315148474854972	0.2236385604896946	0.047384910593519874	0.23404887792477283	0.23752469562866338	-0.07100172919174967	-0.5480140651565739	-0.25218763931660326	-0.4985928485222842	0.12213307591419358	0.5042005629741758	-0.4128119051892671	0.16893889001732762	0.721372611891257	-0.026049745672739457	-0.37977025442077106	-0.17936606327978344	0.05118936461374679	0.30708752977208015	-0.3363659140235043	-0.034712903778175444	-0.29645894973271597	0.2144100399552442	-0.17854382357401724	-0.30585561076940254	-0.43370951771956295	-0.08933751518648855	0.1824484997644522	-0.35512639806221835	-0.02999179647135059	-0.031368499983301476	0.39265876339184635	0.1747969985090919	-0.2355892303561549	-0.5377397397577338	-0.07208131374037464	-0.013842261229292187	-0.626945271843108	-0.5250827319512065	-0.34172328618000475	-0.2269319694425664	-0.30557059893998473	-0.21813582518946215	0.3020426249556145	-0.535464915632144	-0.21841614823194203	-0.09644252155269978
DTXSID3047429	18.843084254179345	5.337705180422038	-5.722638929133975	9.523171282685203	-0.8582665867953451	-3.2842028486450654	-12.01773350284397	-0.8241552446370564	2.8954471554251087	-0.14833610695263133	1.481505729006148	0.1641345065695949	7.092950778227916	-6.193553701558198	-4.643681121452539	5.8570542843982425	-3.1266438235761087	-2.41436966592626	5.379255216110559	-0.8554532025795576	-1.7491921723268775	-0.21261335749590263	0.19340247962121332	0.3490458122739959	2.6296082580800033	1.0908250535079547	3.549179146946382	1.0291369924941174	2.1138523013009327	-1.1495587357147643	0.8656374462591103	0.26288979675719204	-2.408141239472194	-1.855742481732431	1.582561605998742	3.0924052799683315	-0.9794905756604735	-1.3190958695145414	0.8998275874970124	-2.3221834807230968	-1.105175736101999	-1.2586638474201368	2.08478645856398	0.7531941052117819	1.8136477967243678	-0.8575492058005499	1.7694457355175133	-2.8315464184522825	1.6304241870244482	1.0755741020301233	2.5267264571099455	-0.9878498548032915	-0.4026414764556647	0.29070868909588415	0.5426477037919711	3.348323758785453	-0.274458506744121	-0.06403546521458016	-2.261713183358709	-2.40524627324333	0.4704513331349728	0.08690549820614334	0.06924124662588527	-0.4117006776241077	0.1719329973254776	-0.8393259988046236	-0.7709400476574043	0.015134704003722391	-1.1590503212604681	-0.4803285746259107	0.47879240248290766	0.12935472621173208	-0.4021373730480691	-0.2776371659139788	0.5268404028263673	-0.6676903428342726	1.0538865029438638	-0.5836532685549065	0.3073343523968538	0.5018626034021766	-0.38957763310578336	-0.6354989971729972	-0.26795173709105674	-0.4994365703814567	0.5633063138663704	0.2952889131983738	-0.7646967977056284	0.2474944313145803	-0.39491872193657834	0.26593642716449317	0.11829111257108081	-0.39893211942361445	-0.1699535175776509	-0.08523487766820474	-0.43081066178523053	0.17231068524317777	0.06757054582942613	-0.543317950148767	0.2642769895488645	0.06692186420411438
DTXSID9047469	-6.3646337311306524	2.450432332433654	-3.083375646536089	-0.195418244955771	3.284742594113639	0.7302168170641451	2.001579345517885	1.2004309574310943	-0.419081206507078	-0.388905030790364	-0.695935805810438	1.1201084172968723	1.8350755831217538	-0.19515597803010018	0.22911150328597393	-0.7547263614786479	1.3254494728304531	-2.647648412438799	-0.8818456120650464	-0.4843511111594767	-0.07818146027866271	-1.1881056267494645	0.743000269267015	0.18390571399488861	-0.6951029568605709	-0.1109886199229191	0.41705404948633695	-0.2494151851318081	-0.4969971005089305	-1.6162961253964145	0.004411145759119296	0.9180536966190231	-1.1061691178630053	1.4680733976543097	0.5515099157306113	-0.2818311078317474	-0.6887459656896892	-0.8203021684114751	0.0022069880057729264	-0.3966585547479365	0.5167035287169697	0.862434308585034	0.04393790920508286	-0.5037548577360248	1.2532999375929126	0.5900337130065679	-0.7267775454663569	1.1353779932826942	-1.1390357874717187	1.051229278953492	1.086147183964447	0.4238635337752989	0.885082906923351	-0.4139564392531241	0.9646203486961116	-0.01575712897083697	-0.05192740830079381	1.2082531267476466	1.1295192026994203	0.056784757369020125	-0.6714612901994328	0.34706398112445574	-0.034616212789907126	0.19713201275183137	0.9912569660828808	-0.003503545703936694	0.7050474154060121	0.6043654936138353	-0.14169688421027984	-0.4813399896509929	-1.23056783558986	-0.3507683770626163	0.1277700469078395	-1.2262929611484403	1.4055066325414183	-0.0780499790827461	-0.1650541899297269	1.0327794696168069	-1.0847823758580084	0.1575968216080052	-0.3152397787208191	-0.022668583597775252	1.4208971054827644	0.2673177261923659	-1.0611609225128336	-0.7671953232760209	-0.8576280957625014	0.2634141858158956	-0.804876845197616	-0.9410928547472407	-0.4307111685666535	-0.13785541471242896	0.0438948117727975	0.36371408407276196	-0.823830598466195	-0.20775588101745548	0.7294056836403413	-0.23212927720736462	0.39632947504514	0.15413974688873325
DTXSID5023293	-0.6087263735826781	0.6828100518816845	-2.27876390534988	0.44934509857074123	-2.8272122158234563	4.42617153521234	4.9424195274210785	-2.3361646016453825	-1.5542019182652909	-0.46224212063134285	-0.977094306537866	-2.0998796141165963	2.574360377125169	0.27133088626373913	-1.025882197304486	1.9852690424110035	-1.4896641065401452	-2.019184456650491	-0.9269307874604249	-0.7575810469267954	-1.9368637171798377	-1.2790886835361988	-0.012935842573481926	-0.016404365807764273	-0.5970882044694351	-3.139004721623543	0.6841269750571389	-0.9931101065889363	-2.0749927592209803	-0.28927712366968233	0.6634676215951401	1.1400800861348683	-0.6491983693873942	-0.6839992262067808	-0.7503678087006521	-0.6343788645674012	0.9527766509631502	0.58717723870926	0.5523287081462787	0.43051939028994757	0.022870862330784295	0.11037175773450698	-0.46153844094701507	0.26404569019092694	1.2193283793807195	0.10838273300089439	-0.25302236550193946	0.6546190652449075	0.4315476597420288	-1.628168207351354	0.4141787896114047	-0.7099724866018038	-0.34985730610062205	2.8464398492401353	-1.103935456498732	0.11069329161731255	-0.38637721213900245	1.9012446637025218	-0.04665911662139404	-1.2886711175878012	0.003375308400287966	0.2059828430949551	-1.458293500632485	-1.861258439582436	-1.6035893197074418	2.9311358134635888	-2.1913533034248176	0.6301156574904779	0.5187060082838326	0.5106212737527657	0.01574529482485127	2.0980591376486757	0.6181282091163594	1.2348375613382379	-2.0840138060284437	0.05038820398584407	0.38700515330423485	-1.3013262999474835	-0.5253459721400296	-0.2264963892981108	1.478287257710714	0.786491556652814	-0.31041313163616113	-0.2562791525126985	0.5917084505726777	1.0763079216468416	0.20240289145888016	0.023469045110385913	1.051366713765748	-1.2699484355812911	-0.1326515726142791	-1.291894490326657	-0.3670332426439419	-1.1655551844007899	0.581748507027864	0.9196143907822196	0.21440958555469383	-0.19692879506546493	0.1343787623026168	0.6887811226283208
DTXSID2024793	-4.664585078802324	-1.7250607137490006	-1.124412876730412	-0.8195753159559032	0.22859037799800608	-0.6649729752303368	-0.3418849722631172	-0.1672339774776648	-0.4452532284565461	3.1387189397136064	2.1959727370915827	0.8748255249794099	-0.19705516777513057	1.263124232441463	-0.16039073503557866	0.283853441013867	3.314961922158472	-1.4906366856715187	1.0292158286072244	-0.6041527697521065	0.8400724530259152	-0.26690870091587554	2.1672422925619204	-0.865764663184246	-0.520584420915158	0.973987295780277	0.19337481241989582	-0.31980484386146585	-0.504519113276009	-0.6955748907635174	1.6430610461135227	0.48441618717697443	0.1070070174399462	0.04402179238790357	1.0372626271749728	0.46354436262277887	-0.9877665176701897	-1.038133755218462	-0.2583459294133638	0.0905175950893191	0.7947735119282477	0.797608394906335	0.14424161264348767	0.6793481371216236	0.37248755532891653	-0.6155962384654311	-0.8835124127104801	-1.0533571442200567	-0.44732382969156254	-1.3068308675877864	-1.0130323530503458	0.0022785207940167057	-1.1393327180365016	-0.3644399299541819	0.6208437509213974	-1.000385317959798	1.2317864891980077	0.9275742201947688	-0.8955535333206847	-0.47768064029293333	-0.394450054062589	-0.965786342427571	0.03347322240157279	0.915880467183697	0.7481186233658346	0.3627360381243933	0.3831249635024875	0.498902447148399	-0.4901319955571126	0.365710860518106	-0.14570150463026998	-0.16543642310037426	0.2625382683738231	0.6380433263768194	-0.4233140334337722	0.004195188728390205	-0.2117807096914022	0.21584020700253673	-0.12090096912849144	-0.33265130814161664	-0.15139666812704083	-0.10922755285024191	-0.1888696478294824	-0.08666502522810485	0.6741616040037308	0.03880373899494807	0.4172185827184218	0.04485391363245895	-0.28207732892903936	0.022109858061483374	0.11756971942336954	-0.286078260141425	0.1311654023505866	0.08566103393450042	-0.25178925915744627	-0.40307653233965984	0.1502661061444161	-0.08227126137419435	-0.08230278567080022	0.23265642847095838
DTXSID9046817	2.9508523560496407	-4.773187864556495	2.6959255499773733	-7.175683010344446	-3.5927531776574644	-3.969911791888128	2.5959065538619868	3.7184823561418208	-0.4293843060480104	-3.9421607228832736	-4.42146805312327	-0.45761789158971633	5.073883880669529	-1.1596362049803766	1.5929649162216941	-0.04875220719924506	1.887600220690716	6.4647738741375855	2.0272023489473217	3.0916900996959296	-6.404370614921796	-4.334480177549228	3.958212647141191	3.8957824515353665	7.624139822529504	-0.5850902316114641	-3.1479624302702627	-1.4407323010470492	0.6289275703858699	2.891876231664799	-2.8322594211783922	5.557139502249895	0.4342982118815712	8.11384770754007	4.366274623183372	-5.790190245071434	-8.22125905172002	13.180042981543629	1.6255054258344237	-7.411176509343801	-9.545566989448703	9.409501184261167	11.554564780931475	14.809610622836498	-2.775030175334417	-11.504280310100324	-2.515037622455834	-4.002173694788749	2.1181153875882557	-0.5085322586774237	-2.190607747780608	1.9429493638512216	-1.6295451727128871	-1.0993312913996556	-4.870836110822056	-1.354314351885476	-1.9605449339351761	-1.5837115023122268	3.4136348351947703	1.5351809424231697	-1.5613152226785727	1.2764075843519134	1.3063730939091922	-1.8493401587552527	1.5312665329223176	3.338090796545679	-0.9295013179771198	1.7940766576226597	-0.8047513763817802	2.616374668228128	-3.2679330960091435	-0.43667915929817025	-2.7994110292922647	-3.8952420722574725	1.4477065306208066	0.2891104996695479	0.4795448222029992	-0.6820781912023153	1.915816667108564	0.6583694152608046	1.2269897475814102	2.5842813065202295	0.09335008180822954	-0.5835018819198379	-2.5795552528191896	0.6643911324334336	-0.06513868859962048	-0.27845085928271374	-2.084941014039899	-0.4878077351616443	-1.2023602124018273	-0.10279564291055308	2.216608272107695	-2.1282085564216597	0.6496190257864761	-0.602981839984071	1.3549596342552748	-0.243201604568461	-1.0022463563317223	-0.6740678385229578
DTXSID0020151	-5.454785836140618	0.9006015602057	-0.5535934405199552	0.45101419725756664	-0.5275275304526953	0.6099328492532288	0.744731071545601	-2.1391563667717626	1.3678191748247097	-0.21873706360498812	1.255159041486134	0.2999354509063389	2.0554943979911027	0.6900489294863137	0.0841196646317588	-0.6424656192412616	-0.3140445676505909	0.7069890205415912	0.18267863633589873	0.6468040163246186	-1.0351383694505683	1.0494138263292132	-0.4672716324072561	-0.39858680680050873	0.7488938995461082	-0.31161739298429697	-0.06340367094076788	0.0034029012654881404	-0.4986590474780083	-0.31478475690435703	-0.24628982593329643	-0.04253237488568667	0.019249783888104176	0.4237909966434535	-0.3001271806393549	-0.23182369788660603	0.4340779638670154	1.000468105351607	-0.030706389114585148	0.1014171763115995	0.27338889435397157	-0.19615883475160947	-0.6027870692653422	-0.4933947279678116	0.18203211594320248	-0.4363755299999331	-0.39221185455239854	-0.27324885475470023	0.16786086426642735	0.3244685054137673	-0.28756089726779777	-0.3852000090435311	-0.3003326510222701	0.23243829801878674	0.07296419835686296	-0.041390219123693464	-0.6658959352371033	0.0894024318242435	-1.0060046354401098	-0.06789172448532037	0.2215792690461489	-0.09815285074502819	0.4736345079018642	-0.08081037710590816	-0.5542820732018247	-0.012879515080056324	0.09744035752990357	-0.5501123062463084	0.041892812251702716	0.08524012226327925	-0.10139421631446957	0.4457979188437717	0.35055254646032935	0.56009753027392	-0.6295841813560428	0.3973762628073517	-0.12816002428728884	0.2525366047983312	-0.4287519236741879	-0.3054386489470163	0.04391864204678506	-0.6333056864675365	0.08578814130660095	-0.2919796996925199	0.04901985938440295	0.4821561245219714	0.10247707284212838	0.2609903648371885	-0.05522113883227155	0.1598393464008618	0.1505568716302602	0.11285079169565464	-0.4715450203423367	0.1558009447770848	-0.13803679775246136	-0.2745918399877773	0.22888279239628204	0.22667773721634057	0.24093469373888768	-0.09925314670580651
DTXSID4026975	-2.78420283887891	-0.9556842770418972	-2.70381700202306	3.922566164018803	-2.5174076101867553	-0.016714124907988685	-0.12429420109648873	-0.9223581732834217	7.564313847993868	1.4530969546837307	-5.135411327290471	-3.2185885771797405	-2.1166902908464507	-1.9994631635966686	1.7477263414017536	-0.5371986237831666	-0.8786547761214312	0.9351069727944473	-1.294689283875844	1.6106888600426799	-0.7861612314520688	0.3717328800778377	-0.13729938583193121	-0.44353907944766613	-0.7344801480219475	0.8722720359840668	-0.415718726375222	-0.3892497173140653	0.41912575954419273	-0.1720492636696444	0.6951300834003629	-0.11611168151144809	-0.08768328873873313	0.26166716588906175	0.10097292075858415	0.2652507966453904	0.7250957969064946	0.9005906254332773	-0.4201800637936591	-0.3846372156035846	0.3688722974234038	0.10605897891809916	-0.13688053173845802	-0.1605372388061005	0.24649158379797131	0.6132052481279101	0.1824920406720062	-0.3479144622977969	0.6094475958384055	-0.012291187118502332	-0.5267714823263967	0.024732573834570122	0.2765903835127294	0.0721550652586402	0.24249249786805122	-0.18207551822107973	0.6683685438615851	0.6039039597406521	-0.5223150652018498	0.25420753790119555	0.45007744548090445	0.2924789443761288	-0.28714044606512384	-0.21750967443602762	-0.30036747528249474	-0.849704845260138	0.12910337375564324	0.9024945862928931	0.5772311700984725	0.5912947241413281	-0.22443829481528335	-0.25166725252224537	-0.08345827020005543	0.10818336626055917	-0.8120321358865764	1.0569006349862549	0.38631062343651745	-0.15013394850359912	0.907453490633888	0.2926692034010032	0.4347545624454723	-0.11468278868602463	-1.1264921787375073	-0.2058204604417851	0.020500582503656575	-0.43570405518191996	0.1985599029657632	0.9121293438556193	-1.047488767397472	0.6276276458568272	-0.16954072553536054	-0.3500777919193088	-0.0634445904505978	0.7804810535353418	0.6603519622833957	-0.13022275962981952	-1.0239605678165615	0.7803564978056691	-1.0146153268041231	0.6405944543384245
DTXSID5047324	8.069269485329105	-6.419304421955469	3.6020871206981515	-1.2430270613537104	-1.1933602010848363	-4.170992502339807	2.941501882934441	3.0905738358694603	2.148268226784973	-3.6948253566534714	-0.982675933637342	1.1944781002790212	3.56535511781314	-2.8718548334087144	-2.060077994336417	2.069828031527152	3.3458492532339696	-0.22711105519581667	0.029158758114816545	0.5745471950132025	-0.10881129142029632	2.115587309349475	0.48911987681428265	-0.8999130091280744	1.0183919566275825	0.3975643536045661	-2.554305890729198	-1.3443838933589995	-0.07652069476290434	1.3640070691187547	-1.19443284159151	1.580778228299444	0.9095414890337105	3.83494425430806	2.195139726494338	-1.071304884262821	-3.4683571496298997	5.477174638866327	-0.40073866955114185	-6.229806646085719	-3.9935511166738427	4.509241399691521	6.082281847352146	7.076698502216592	-1.7094072057441156	-3.8695289178422225	-1.5895328494699874	-1.594525125197713	1.0505025345996297	-0.6239412639205755	-2.5580077933449457	0.9194595562657233	-0.13866443340739437	-3.362656781441908	-2.8898706577527804	-1.4646487885785202	-2.205205869917918	-0.4894646246079238	2.6401412012473373	3.5054633012880076	-1.3745956965330037	0.46067504092394895	0.4723460198471047	-2.5066958132882573	1.043761715500756	2.415438770015979	-0.7596525973964586	1.2694452885949348	0.04292164643717249	2.3005436286712295	-4.18957691439599	-0.7947564543260491	-2.5747962557478146	-3.025506467656555	-0.20212882051458222	0.4127797487626778	-0.13609202287219108	-1.8935430371548065	0.750815035130825	0.7234721829720068	-0.3196803626629954	1.4080616323216495	1.1794267896029247	0.44588376026162857	-1.9619326208334333	-0.5209520317698473	-0.1367073352238422	-1.3095525098027556	0.9487477333662895	1.7914214318602097	0.471505309989748	1.0816992923750512	0.9631083317286055	-1.4269835468034104	0.7990655417508052	0.7033639579864505	1.1284610548277494	-0.5871288452862062	-0.218388695321986	0.659824774008534
DTXSID7027259	-6.725484542680073	-0.34639770792197455	0.5650685974769373	-0.19502326130984526	-2.695507627290032	-2.697030538464061	-0.1615330716973247	-1.0312332641327542	0.6433061674764423	-0.3020872551120536	-1.0539315158101796	3.571321460267687	0.15145905950704563	2.0227605248317384	5.502441964507877	3.5077363167968185	-4.026624168912012	-0.5295093135418167	-2.62507623797644	-3.052174513863862	1.49507934100246	1.9409792811945843	3.999165200159769	-4.4140645605194315	-0.9701463536400763	-2.40438054282807	-0.2146442532855892	2.4115139523405777	0.9688169577765394	-0.5701470947553944	-0.30051226864112024	0.8280667293183062	-0.7168625073031085	1.567906582553378	0.8277397122892868	1.3311486271668367	-1.4993586977429558	-0.021174152006460792	-1.2928476795740196	-1.3136806298267658	0.029790810716044308	-0.16986648089618647	0.3801986959171126	-1.2307415664284187	1.3154516259792144	0.8776058846887783	0.22839487129146305	-1.0992978717547133	-1.2121268710416693	0.3749361551168579	1.5471552987639179	-1.445288868859828	-1.0687709936678724	-0.11458049320272028	-2.6950695559622395	-0.031484346519975254	-0.26367470970973794	0.22708150218001863	0.5598926129435735	1.0883289649243237	-0.5691751312518396	1.2351131889880764	-0.2669337184703986	0.6285887599800305	-0.6458524007240558	-0.1473032651288585	0.27639383042987054	-0.9548945869972986	-0.11708071892674687	1.3549259425142717	-0.42205967218473345	0.8665555645936166	0.35109034011332135	-0.15264749354287196	0.41995588778011955	-0.5166957244501619	0.3734540481853941	-0.25508946559888196	0.20536557362682034	0.16309736118169305	-0.7439935125771202	-0.07067223018026783	0.10485118054437827	0.2109563357306538	0.3514362543345278	-0.04800529501919545	0.5043292560599271	0.15514016815847206	0.553238633148734	-0.358819993561386	0.16248537181753894	0.018175829249747817	0.2804306157988019	0.0048026436087447565	-0.25006164077529397	0.29945951751568034	0.20788213464258465	-0.18783061964816386	-0.13199203882612492	0.0881448190585582
DTXSID7023225	2.257490691103969	-2.9427357840373154	-0.4772663726129746	-0.06264311473506924	-3.446923139327249	0.5957074515525108	0.6152436180098414	0.2769332940217966	-1.905212418135277	0.85527780519954	-0.2425807608157497	-1.163916010941102	1.3717780825831964	0.7441623657198568	-1.4232133405139453	1.2324666719398873	0.11130428307769033	1.5543188781411783	-0.7826003937045689	0.09043658760501225	2.6696018667103596	0.8169152419073815	1.5472660161194922	2.4148618165296787	-0.41914691991849623	0.8906017605093868	-0.6343547479667564	0.1866547007213056	-0.057467149988882915	2.091376049454105	0.23130035328848156	-2.2968443826369462	0.32036274774116225	0.11493618759515799	0.7588969660002166	0.33133106819944824	0.21348935168909436	0.3931974904702947	0.12486330187804774	-0.6383024031942538	0.5092859653400076	0.10135901901756779	-0.5298885344413997	-0.15601995338147953	-0.27031759062138006	0.7908473451296398	0.5919942654991536	-0.2773267463782239	0.972914887235449	-0.645507090618922	-1.399539447807239	-0.2580923250011921	0.8541318240875638	0.30381876276562975	-0.18813462376075074	0.7453186703860837	-1.3967948442963098	1.2826037275897348	1.196011975447506	-0.45596579191805336	-0.35351223978740903	-0.6766118874413553	-0.28574811253362725	0.40473525356341866	0.706792025069756	0.7382592152695566	0.8474143069913026	-0.76018815689219	0.7296586201540657	0.6827591882623374	-0.5086101192785213	-0.6861626858658847	-0.30792121513013365	0.7730649926059827	-0.5527234395269477	-1.664718969426048	0.9155483731368436	0.27360995695919804	0.6117071626868407	-1.5246846966826002	-0.4721391202893302	-0.7075409413643073	-0.3826216119734309	0.620989899103603	0.8424388111156311	0.018255253958199893	-0.3575875877256653	1.4820319862383506	-0.18302302834527576	0.3635296918977779	0.8990245316489535	-0.25292649876070283	0.0818304162388815	0.7608105892609726	0.04039135841580284	1.0056278993488426	0.27968011159340117	0.8004382465347247	-0.9385295116414978	-0.23312113618943622
DTXSID7024457	-2.0980732134293594	-3.6421813208304537	2.998794247424061	-1.3290402179217065	-1.1017352962747498	0.9915043815180985	-0.6180087139519643	3.555794226689079	-0.716332127159166	0.47563575178461726	-1.4020828720452665	0.5982093752191503	2.0842084765727678	0.4778796747203344	-1.5350115909916466	1.2224440258088907	-0.43083025545689546	0.7606824732565892	-0.2719151202908633	0.3097188980638243	0.4973902635787757	-0.3008546960079956	-1.7458490693175717	-1.5796184333788341	3.5354391403794225	1.1127303726098368	0.4143471367144007	-1.270439474001052	-0.6912643778335136	-1.3455865096188098	-0.9490802429440327	0.7893632015655558	-1.5810687267066743	-1.7136773849076772	-1.2382791070164474	0.6477930283412565	1.17452844195721	1.8779674587212425	-1.7463303604623417	-0.33836596151256454	1.1385839480668583	0.0434860706183431	-1.9295602056271057	1.5579544181637743	-1.1129731490157655	1.1879670747028621	-0.9372847678692435	3.581405344562376	0.7398174947116233	2.255126090397863	0.3698663546049423	-0.6923675389655249	-1.6662739225266026	-1.7680452634048316	-0.7112697369146134	1.5953209777341821	0.9456263290729652	-0.9420487612125961	0.38155230995416983	1.1618040494867874	-1.3942535069430135	-0.2707321724768993	0.9067825758314846	0.09658895305824759	-0.45213159045000434	-0.33796714009943357	-1.2866663608986895	0.23136227979125612	-0.19488830139521232	1.1614671509356347	0.29964515866818975	-0.10558889823589558	-1.1384515204263947	0.8257470954312713	-0.05248324501171891	-0.39820007865989904	-1.5230525759940106	-0.513949892350146	1.1421730523359517	1.1142822771001915	-1.0609948620295584	1.0022040213191983	-0.29383848227067993	-1.0534471715682696	0.07578325889744844	-0.7866484618083387	-0.18799701021073287	0.3854216974110225	0.20731818739567034	-1.2246833609698995	-0.47649987793504855	0.0729196752281907	0.8139668203252425	-1.3433900769555183	0.32342587394472005	-0.663901932227602	-0.36591129995167476	-0.008525902018747774	-1.0078904205726935	0.46680943886373627
DTXSID3029607	2.1567284433521103	-1.5916829547198934	-4.978903981501871	0.7720748179876562	4.655862437579307	1.3657892899176531	0.4041242676178147	-2.3272306883501286	2.4256541547986217	0.14207827990243782	4.424276287974443	2.113748092363812	0.5668210836703659	1.6155093665858697	-1.1681650231704066	-0.2679574050926627	0.47300993596785523	0.26210780726963706	-1.7233564605369545	1.7339586603139157	-1.2216744877469274	0.9549550035686337	1.4191132344329076	-0.7723908734078	0.7899980865844264	-0.15505393772365933	0.21245675622974505	-0.1677613675951241	0.054283737187849075	-0.8299260551283465	0.7443797880694722	0.10354997955061065	0.6216065344701347	2.8062634572218634	0.07058176934210798	-1.1175874149916734	0.4901340252616808	-0.33931583490520645	0.3446037877500201	-1.1802670785221032	0.6141030415368887	-0.2704884111221551	0.28679999814331897	-1.671634695513306	1.3945009124836762	-0.19439006464612657	-1.2909724207565518	0.5780024317166559	0.09609527357235767	0.27875458188466	-0.13606259562266892	0.7936994687875484	-0.8583086498301851	-2.1894754843413122	-0.5278870325062144	0.46910975677267536	-0.6404241992077252	0.6244845826112704	-0.49552064411921376	0.5826376242317267	0.5004622570162561	-0.711617394474696	0.16444205077250987	-1.4631692791048392	0.007971559048386902	-0.14067840815353988	0.6538170612065495	-0.04250896140106804	-0.789815833520641	1.0439971304954412	-1.2072379575285639	0.7349937575389709	0.41727323557438645	0.4819101471999299	0.31955525345450486	-0.23275044163891623	-1.174849329345553	0.986326409148512	0.7575492611055336	-1.0845647749257274	-1.68972838782566	0.31631107059182545	-0.23878141730559976	-0.19721220816403517	-0.8777004515206881	-0.5498899515267469	-0.7232184691108784	0.21667613750730338	-0.291984264357855	0.18613592702119516	-0.7581553821573319	-0.1521676109313519	-0.8861671457126846	-0.15865545025607347	-0.5495437063854092	-0.508433150244701	-0.18524187279336665	-0.3679750210032527	0.7147511070452988	1.5448065048950865
DTXSID8021515	-7.956383982033728	2.5609688952470124	-2.882288104723281	3.320973373797764	0.9301354486538821	-0.5586816243572144	0.6258417244963737	-1.2678875943358099	-0.014523090229465812	-3.14164491727481	-1.4019701819648769	-1.6591320043923683	1.1872859806898424	4.6164942350868055	0.12499097502519951	-1.6802400399646362	-1.3800740246074243	-0.48985662200043073	3.280288825565712	0.37258674210753534	0.09000269687426216	0.028701942946096484	0.21042639919775616	-0.684377684905835	-0.8159540981949399	0.2600269857099586	0.2578728078056607	0.2537185737689595	-0.3731904658095184	-0.48989307063335036	0.8943859449580933	-0.08452543120564537	-0.6868038892589684	0.044619639369197335	-0.3498936977945294	0.8090112343988781	0.2157740941315431	1.6649181415748115	-0.505269803430717	0.13442068784723232	0.2543123148081644	0.4456231045123307	-0.5039090954441132	-0.6389344800183581	0.3741715817176309	-0.3386277856839167	-0.2252219887105221	-0.5223118212532978	0.06802089007586258	-0.45542990018112595	-0.919223353184716	-0.6885810488227233	-0.04953093912202949	-0.6314770829013333	-0.7480812174215674	0.3007720355485865	0.0717065080596051	-0.7361829112661901	-0.9439180471997967	0.09271888583076343	-0.114052392531687	-0.7876442458398247	0.2915761032405475	0.48000954321137596	0.10350195917543274	0.21002277573494296	-0.7119674238913493	-0.01402422299546881	0.5151143612137218	0.4444354346934865	-0.531805452108563	-0.37326599494470375	0.12887082505183875	-0.10963148545125813	-0.13933213838720765	0.23209701335336758	0.33390030818660515	0.2905721082965881	-0.442310484276285	-0.20781718923646875	0.31229374875551125	-0.18240998846994225	0.7123764635675184	-0.23845451259257383	-0.07337783043999781	-0.08776677800752035	0.4064106132774913	0.11189798776117088	-0.39272749681184366	0.11411015140772687	0.19946155133706536	0.44780995572336146	-0.04741478077899801	0.252639293745816	0.3202453812307267	0.15829768167886693	0.1132360339193891	-0.01802853000612681	0.04930513589384029	0.08925785559533675
DTXSID8020917	-2.490101212714821	-1.8552196845858946	1.3222128060820606	-0.5667667967574845	0.3847548336858565	1.4816026801452304	-1.568711299372317	2.6681266064626055	-1.6571933039100186	1.0004788969792084	-1.2086062132180302	-0.004934467606429701	1.3273460169679876	0.4156063984292632	0.2181296011983786	-0.5441223358107309	0.2593720186399345	-0.0922330793851229	-0.352059400899857	0.196603937257611	0.1660860096742515	-0.7658637718983948	-1.1055507398517552	0.39011291241018903	1.4625639592460378	0.7038503403519223	0.08866909929193753	-0.4476729961798961	-0.1008602322856114	0.4812604370917416	1.222203257251945	-0.302282513273748	-0.15415838623268843	0.22185709437115872	-0.7712471224244714	-0.29178575713939864	1.0653113811412889	-0.25441886610045994	0.799993955758147	-0.11763253009092293	-0.39560032858370414	-0.9483356005313471	-0.44035043665238177	0.3640163156042635	-0.20448302398687768	-0.6892969672986232	1.288759670454534	-0.7772707102855958	-0.8890234524922587	0.47741570692873525	0.184618581910713	-0.45213194197377826	-0.5508120531550492	0.4684007943071293	-0.789378338484376	0.5994561746147904	-1.5462825989144695	-1.5248856981198733	1.3444395527074438	-0.30956880201378545	-0.8897590571831387	0.2939898788824877	0.6287496617217709	0.15534498568400987	0.5901276846395752	-0.23201247482063228	0.39572465008238883	-1.492863503219944	0.3718177428959819	-0.1530802000796161	0.13997820873163072	-0.13831293262019626	0.01465602415251261	1.8423301206601765	0.019048471318280337	1.1042501066386148	0.25044580257092225	-0.23335516791299346	0.24964174707306294	0.5199400164973016	-0.49623850708389666	-0.6842653928161208	0.005112356961885621	-0.8380353268615689	-0.5496385306663102	-0.5657352011188903	-0.38581281488814084	1.5472339164948032	-0.6092844454903888	0.24781718795304417	0.4843002542671388	-0.8904322094325752	0.7549065772719258	0.05299584178280222	-0.6104350993397223	-0.8812111271654681	-1.3562478456697646	-0.0012950660720450224	-0.444141329068308	0.6278582586207341
DTXSID6047076	20.89600621782217	-17.078580245150015	-87.7241026891713	-15.597418622355404	196.0487142584163	4.111408682692088	-44.59756549769057	28.529231802126038	-37.180824129190164	-28.10588242247119	4.786985004982338	-2.6920978311494603	22.820304724122877	-54.51250005165115	117.28397884596966	80.33601081581317	19.652818943260005	25.263630769945355	-3.521310487437559	52.75597078626522	-5.366612701941682	81.72422195172946	-71.98169188123802	40.21314204211794	35.45528411088806	-53.42729298107019	22.818500392053494	1.0315995350640095	16.675705359059307	83.27154801553264	78.68618142825096	-72.85289685117706	0.0450443206249603	28.961980175464205	-44.22231404928746	25.105134892661592	35.66482436146102	46.26639011479684	-56.97108498354678	-15.493616332600547	48.23583618439988	28.22197539314902	-56.787164966007424	30.470836278691554	-15.87219931474849	6.170881728712405	10.975997323248501	2.589825374467873	-45.84333275308185	57.91709317379408	-51.23603797574472	-10.089761054083745	60.78478036771918	12.133954029399684	-49.3487493508609	-69.68482185335485	71.89634795121111	8.022124136038913	61.789173870388	-9.015502797999337	73.73734202807815	15.266314912926164	10.683084737960248	25.003547815022003	0.90607123627498	33.96334344469466	15.71759960776414	10.825812853418677	54.050060754339384	-22.269824249617532	6.817192707484943	23.808591857897706	2.122987169960226	-4.076493263532861	20.41764061343217	11.476883777489286	-66.5402921851551	84.30689852923832	12.947222645613351	-48.663744038156786	16.114230092356223	67.59255629264926	36.88987987259755	79.1892038832304	-30.148647306571096	86.56750215787554	53.95135280320267	-20.525517009079735	-9.04244349743724	-33.39788030724468	-8.78517965168653	10.52144369049395	-5.762843269227049	27.298230378475782	47.98650554303263	9.449051795804495	27.55434607830908	-58.92982766785653	10.00544952211016	91.44054139585711
DTXSID9048851	-1.2158860280788697	-1.1126181848208017	-2.752293661397765	1.6401323889731303	-0.3872865556251709	2.864902735942557	2.662763801123296	-0.5574510171176478	-0.33828265577978245	-1.6033207604235309	0.28558048184527157	-0.9405068753289229	3.4511431660027903	0.15691024453734845	-0.1089590020609181	-0.27707304927053317	0.8152254380787497	-0.24249817043569563	-1.2882717807365052	-2.068546467460209	0.6664161575981175	-1.4630494902027904	0.20130915616338135	0.17265022107509764	-0.6314809900666654	-1.6465218640363102	1.5976916364609979	-0.5490340609543333	-1.2282434103909003	0.5661735701903119	-0.36718368667358	0.5212268582887987	0.22032438212611966	1.1333971764958093	-0.19331181966315458	-1.801853187950202	0.8998269251179498	0.5393154475867561	0.6836399626570084	-0.027136511254741223	1.0606337751289667	0.41559949438172045	-1.225683439347774	0.0716310339903709	0.8526966626066813	0.18995523405212145	0.07376302445271618	0.2714037072423803	-0.07612236886419566	0.3909829699862308	0.313583165205069	-1.510430574181836	-1.0320865697714972	3.059852623159596	-1.4390723292130672	-0.11028873462131353	-1.831395069856158	1.6089188417945721	0.008717411968808996	-2.1634270992311677	0.11776644815826612	0.1619557000708535	-1.2080028736263608	-0.486216697477117	-0.9926889671746927	0.8283422544910087	-0.5846081141865334	0.5845567041472884	-1.1374476347014675	-0.4587376161316419	0.14409090331030316	0.6566217958894373	-1.6697032371153182	-0.39915998975272887	-1.0101464125527175	0.5293010818079744	-0.22312002932446917	-0.779097113513888	-0.30891442158728144	0.17357635884904501	-0.5221371871208133	0.5395769454266086	-0.18972129975144736	-0.22179519663297126	0.8501461893330797	-0.02806820837470401	-0.08211720003931117	-0.7051398530410562	0.7391471420333724	-0.45368464107848455	0.1382903517972863	-0.010165939593028576	-0.07002488101532854	-0.30841181310090326	0.3070538440581883	0.15312256270268548	-0.15182560308176027	0.6972555753387606	0.24337960141869935	0.19311246811246938
DTXSID2020058	-2.498907619889372	-2.9666904873847777	-2.1179589486811485	2.9774547132501876	-3.560282770324438	-1.0947918023281904	1.5646017592322257	4.433123204590385	3.518260116379577	-2.3909226827109475	-2.932622066690712	-0.7311321161738091	-1.1276179572342215	-1.7954463085356722	-1.3660975084360896	-1.2863279172958513	0.4292235720188411	2.9537675180261957	0.9349881054507682	0.09817534988816085	0.7211547245248514	4.3161561040485354	1.7673244574198395	-2.479879954268412	3.3025080940409457	-0.6202771753890548	1.958406161570225	-1.605535453857671	-1.7328185085741086	-2.0579768802568617	1.379712334721308	2.059316931935545	-2.2668461812039116	-0.9601889921196506	-0.7850471939183008	1.3343173630490544	1.6347103181270102	-1.1044390490652984	0.48417163897346305	-0.9047292657747265	-0.9737145362658508	1.1935262224543637	0.9512218820168165	-0.044083607803029896	-0.6415426402224877	-0.24249957462296398	1.3594607046128968	2.247649493203455	-0.5231966658301455	-0.6384239649718885	-0.4934849232397782	-0.12749207885394695	2.7850309632363692	-0.5695884835160766	-0.5646401633601973	-1.0623694149969185	-0.7984104681691383	-0.969828832906391	1.3521051289952186	1.021994027597993	-1.5879953474597663	-2.2072425532161866	-1.5734509776330183	-0.8368414824230896	-0.20562870840916023	0.14063632505334828	-1.752736172297974	1.0302991691611114	-2.4689798809575434	-2.0346555080173334	-0.5516056138283987	2.3520907766282315	3.3802930305328367	-2.336915546019232	2.8797595844981716	2.5780913897516142	-2.1850174820161823	-1.9519840506056954	-0.7562078282290936	-0.30042506956786214	-0.9787019213610028	-0.9063425222927186	-0.6672044598920609	-1.0496349217250218	-0.08776103332694438	2.9891576946326874	0.7683163264389098	2.278273142386676	0.8381078954101948	1.0624209879107644	0.4292877376696598	0.0930818835672098	-0.3436178716092698	0.7784377092304778	0.24045563942910012	0.30130018247011153	0.17540985092279043	-0.59751687804114	0.9417667384634323	-2.345829560386009
DTXSID4046862	16.568747751882682	2.8172320594965434	-2.6235154215751675	0.28574745487786624	-1.2730931230958444	-1.4274564723747087	4.040425179370967	0.3827488312061382	0.1770254103396558	-0.14797656449677338	-0.13628999404144157	1.5737669363788047	0.8540993875944908	1.1629136215062732	-3.6014698560338236	2.9882093601221613	-0.9265292749798785	0.15009431029445905	-0.019065526081658322	2.884937590093067	-5.571037125415653	5.767641519425031	0.9763037005812654	-0.0922708947827336	0.546230292389617	2.0106017622070884	-4.062078256415089	-3.7317224023387263	3.2429169405865648	-1.5489583818046682	0.061278863167939256	-4.684945496383344	-2.067963007634904	-0.3299149752486743	1.4850532464169481	-5.512542402249823	1.4338462240309096	-3.9736274342435225	-2.810712867628734	9.586127489719276	-0.6389208733618563	4.621700260294664	1.1448854280511662	-0.5726135295796219	3.3727957312294343	1.5539698307163365	7.472285046034452	-0.054863936156285285	4.355364147072393	2.7336013286457486	1.6284941136583457	-1.7806851204263712	-4.547179053036924	-3.361491995525108	-4.427958794869386	-4.843001505018385	0.6613235592260234	-3.2586604742205902	2.3798702132870604	-0.5733924652997119	-2.0015676394870963	-1.0084883883016869	1.7208522351741533	-0.8819947134926989	0.6821204706058394	1.0830485202535307	-0.9261096811192698	0.8663068749618185	2.045251933842492	1.1670785950251046	-2.396215540916922	-1.69456014348088	-0.7467031937503344	-2.0102153189802747	0.14150306346662445	-0.5930085232149896	1.1698148057188746	-1.200349423683955	1.1052718142838822	1.2385610106952287	-0.36606522897588517	-1.0600291957072667	-0.24552407741437077	1.2059681749358273	0.8480058297983577	-0.27774036878637465	1.0560522971463915	-0.6334158181896922	0.8219284611957434	-0.08922724974736321	0.41119195900206695	0.01286367459765021	0.11589567504041658	-1.1323321418906955	-0.5617523564235114	0.7211131096929483	0.533607345627835	-0.08704530722053241	0.12280459083923938	-1.497709732686901
DTXSID9048190	5.38538555320848	7.722772538263734	0.9882299739634621	-2.105353907747631	0.024031517147993977	1.0371165430673754	-0.9744995838057778	-0.5327772938347741	1.2730209615502264	0.5123833633430851	1.6702429938042431	0.3341986093849609	-0.3246108696708508	1.4395703163866902	1.4207491761688518	-1.2097780054266591	0.3410057679335808	0.3092901773865783	0.5419478335826431	1.0039035668562801	0.8714345155933353	-0.3359265179728301	0.4743772570446026	-0.2797412544307458	-0.6892117769050021	0.28602278884553994	0.7980590511812448	0.6229284809681997	0.23650111680984628	0.2982090051391331	0.17834412955579526	1.4170074472163523	0.00034334070944588765	-1.0415783644136865	0.5049140451888116	-0.9703380069780223	0.009021612199672914	-1.3070937982623732	0.38867302806642806	-0.2765715046958349	-0.194685418710937	-0.7173752602912189	0.09625222921645173	1.2857976861530693	0.32376736702918757	-1.1034684161309678	0.3163942469007268	-0.027286457883065593	-0.14411853642850317	1.394011808063539	-0.08997208941786908	-0.6883380467394052	-0.42032621089503036	-1.3686167487422312	1.220512802794225	-0.7578450628501731	-0.40904428199621734	0.6764779223993111	0.971875658219905	0.44060415611475023	0.41167741367594307	-0.7446556971959554	-0.7871701392188297	0.6777812725383039	-1.1932329270970796	-0.3533167790971142	-0.38653459305912546	0.4684169289704319	-0.92091026161149	0.23532474084254426	-0.2725284677958482	0.2802822425634354	-0.3713269409776463	0.34597644950675954	-0.8231085085864948	-0.4738556226530467	0.32214206861665073	0.40028602982807215	-0.16501799444237542	-0.38682031575047093	-0.15604953397446114	0.24890066664528668	-0.14927676016834834	0.5610084913640715	-0.02482691662417878	0.6994822455541175	-0.35313496785830084	0.6478187658252182	0.06095142978954824	0.02077654202887175	0.29038657078421487	-0.31591473320443125	-0.17584107866971105	-0.09013000138134192	-0.2750018699856584	-0.8421804348433407	0.37735795356205565	-0.24489351074488017	-0.3602378059526061	-0.4489004555887255
DTXSID1021089	1.5663766865200144	-2.6722651824631933	-0.3629754098933409	2.3997734534950594	-1.5364593811292406	-2.6301238492253085	2.917144977892091	1.003087111157204	0.1571295859273695	-3.3763996873231545	1.1257639695315402	-2.536693393072456	0.46338334538798764	3.490889802397236	-1.9584344865835404	-0.37463489896675256	-0.40740862052193993	-1.3009649318000094	3.3096414466200956	1.2408518660726315	1.315364680169126	-0.048234529208168744	0.7178801294373439	-2.3001698379564446	2.006237119718515	1.6021237600627545	2.327704029686956	3.151244568439141	0.9837511974265913	-0.6585447861166465	-0.08418363269313914	-0.92036154605711	-2.128423927040487	3.0607023103118762	1.5520760549001436	1.9723384141181388	6.5516490915840455	-0.779647858435974	-3.165799195515433	-0.989552176079808	-0.11323189059998302	-1.3893853059040542	-1.7887304649780253	5.980380420859209	-2.2424004978896197	2.839361561475206	-2.8280436132032833	2.9407165607487005	3.7196588881390955	-3.066079770876002	2.5861935153270723	0.8556839227159974	-4.689693679051888	0.6062705904583839	1.4909805187729666	-0.21540240830604637	1.2577226063985432	-0.9163984234819036	0.08748217111139746	0.643186868757607	0.13562563699710484	2.2466032250146664	-0.3522339201891567	-0.42586217017512035	0.7005662324667934	1.6315239076010832	0.032092081469574804	-0.756905001664637	-0.3794654167590573	0.7302786866277164	-0.12512711544494712	0.8666581372989177	-1.0271552567781985	-0.6853251510318226	-0.3918875151640054	-0.400397815092874	-1.58540163286156	-0.13165021849928724	1.077357653346297	-0.6771889098242614	-1.271079095739442	-1.0902205960084894	0.9116738129044092	-0.20541018529836647	-0.30762221801281076	1.3214512013765622	0.15031859501309155	0.47482829274577204	-0.39702329385424506	-1.342699052396812	-0.5576213154483227	-0.47258488309242214	-0.02016167635487856	0.6817092228800399	-0.006699737980334198	0.20689031025134746	0.38162771143354973	0.36455273761065576	-1.3692409558412362	-0.01945447454977852
DTXSID1033664	6.446064254421404	10.814185137738974	2.0838821039544513	-0.4402248821356257	-1.8753022199992935	0.22648786149011127	-2.2691615529885922	1.0919134034650324	-0.5276408084421835	0.07961523091926881	-0.3347308842917983	-0.40676972356905255	-0.8894329558605606	0.06843779629894434	0.3533862431519961	-0.6166247441095002	0.4358389407878175	-0.39220975971810346	-0.030419741296806444	0.529061560145748	0.8195731257919039	-0.5452818564597276	0.24459888179055764	-0.3115228378691679	-0.20209211632589955	0.1148466422179239	0.14835999416800985	0.5608751590296779	-0.009424338876876265	-0.41030713654814444	-0.6499736369614248	0.3692180276249705	-0.31857214755401936	0.4241004133957137	0.3082457620839453	-0.4924509777240304	0.03873337737001482	0.4391419139813047	0.004496347282392795	0.5689961183159755	0.1324883539125345	0.0505365715358189	-0.28179767332669803	-0.3273896671779356	0.4943121863110452	-0.5580214939660676	-0.8051341658493035	0.09678880204060215	-0.24377054549441018	1.1323982267516752	-0.1818314541111032	-0.6243068618282145	-0.08150685084308507	0.196558499799562	0.5850577674401634	0.5190844189609678	1.1035725240504104	-0.7831334304481994	0.6676943346033104	-0.04344066763853201	-0.12668588780635104	-0.1922011260078523	-1.50494219589575	0.44136922202486956	-0.4446717340790424	-0.2383842262588757	0.03157041668988791	0.17319042651479666	-0.30354958771267754	0.24307515399752158	-0.059818841890251294	0.25533719015352274	0.013316045836110464	0.08142638346264594	-0.2966036668775879	-0.15279130471418995	-0.13316023885227493	-0.2584618459916193	-0.41172611398892	0.4430153350001129	0.18508400323041138	0.21820276046153037	-0.030586469478938887	-0.10251658527890417	-0.5545888480047262	0.29530607947775667	0.7495682449780384	-0.5674165430283086	-0.781825044907472	0.12820187494610652	-1.3337773819734016	-0.21263580419317205	0.028684922212974976	0.2540490719233287	-0.2413535207052979	0.6030188777466216	0.3936286077554695	-0.5613624079517128	-0.5441102718776852	-0.28831635096343955
DTXSID2051716	-8.087244417008149	0.6225644069498479	-2.0856776183241013	0.3729652793550912	-3.596181064539841	-2.9926902808799136	1.8221820383847174	1.6656355805218042	-0.571674197791013	-2.5683822354508616	-1.6643041940544236	0.44558128823028637	1.89741937861593	-0.08825838638954846	3.1257203070474846	-0.1527418571322461	-0.21278578845569027	4.412045931726145	3.2009892830313995	0.055031537606974296	-5.307473125304997	-6.0493590117822	5.5148359794694395	3.300520245584035	7.325557713104492	-0.06532856396577398	1.139281686003083	1.2446061530141583	-0.3762881555828753	1.0142196079265378	-0.44100869060268955	0.6231034686292769	0.10465404119351016	-0.787066567596037	-0.044318650271576214	-1.0166823876777031	-0.16209359293662545	1.2006430308076828	0.5220758056383378	0.6748644802626501	1.716233798263804	1.4073712500752458	-2.615562102104011	2.588343717575941	-0.5086355973756828	0.4631753543342203	-1.701027162396058	3.9804404372992135	2.5703570462688283	0.9611028340147305	0.7702943487690268	1.17396794492177	-2.5300567470380266	-2.007294624578906	-1.548509509728506	0.9065498207285307	0.6157637020236668	1.7462632849900228	-1.7924291460070456	0.467719407651492	0.3998601620104553	0.2903644746648535	-0.26696449901717567	0.5501981542968567	-0.3786993578414529	-0.1319818280511807	-0.6286164073282813	0.4173644818424611	0.6817846049101589	0.4373371295261338	0.8352565283591071	1.0342723885548584	-0.20353621624790483	0.5960279695296705	0.5212850003066836	-0.9715556785474578	0.2891373837218214	0.3278138943215514	-0.14989088008819929	-0.46790210789742553	-0.824984265361224	-0.3220480762923199	0.044870587798641996	-0.7061109801412668	-0.6137182440150626	0.20249974573145135	0.3166641785605761	0.44931562260191216	0.22284480114088814	-0.5654081509127882	0.1210076989357771	0.05877034187773947	0.07007198123828626	0.20942882880430366	0.32248165522016686	-0.2798238206896667	0.17835875058670708	0.30258126433499394	-0.1114686040869861	0.36203148005731234
DTXSID0048927	10.807860149994806	-3.4276061692895015	-3.6984788652841516	-4.321927837263374	-0.41907067482414523	1.9482903340392126	6.48239303799582	4.889106496705217	0.6012001593792092	-2.526048080507404	0.48705590426058576	-1.8576041568589685	0.31101419379890044	-0.6839968346663814	-1.4304307655500346	3.5958808369049606	-0.7307151250575744	-3.2071599668279323	-0.8532315919928423	-0.8579155502309314	-3.1643892347841542	-0.09642116393724152	-0.45049239142625436	1.4563500780934682	-0.11997317093242292	0.6866523035967731	-0.262199114120919	2.2181925556208317	-2.39715048009715	-3.4301750762277217	1.0325584268464163	4.032923796038494	0.13836958307596994	0.6691910557214042	-2.4823048108937074	0.6583663812618418	0.3670927932676989	0.762920606001347	-1.3866549018234202	-0.5440255841087712	-0.8425944927309662	0.05996006341707652	0.07561956125033836	0.15149262068305458	1.2410343348073656	2.2121930477282303	1.6182429593570327	-1.315420720233138	-0.8146312631171622	-0.001454657272913666	-0.568129745897921	0.48067643747869987	-0.10066132717299944	-0.12589656515539574	1.1291432895307647	0.3420474433780867	-0.4214887453169128	-0.6946829758237196	1.0386525259181545	0.7237101070798783	0.6149683134162148	0.20401491634441443	1.1066101658434642	0.5826410112227944	-0.37231650406188965	-1.084193356227458	-1.4279170887507806	0.37289031512599824	-1.259725535445349	1.3258018476981412	-1.112234517868241	0.13095009387737208	0.06436916576965353	1.7069278803967616	-0.3624253748788417	0.37641099976252185	-0.1638990257897253	-0.05433342229091477	0.028121226285961577	-0.20802038381121768	-0.5173005175537605	0.5214401908635541	-0.3459169058075823	-0.8567670415721632	0.38404030349377627	0.2924290198323722	-0.6648463806045245	-0.8267243469887519	0.09341751132656309	0.48545894076665896	-0.056766660972896725	0.37897289089325825	-0.5480269663602473	-1.0073472462859694	0.47350543625293595	-1.1174738383205147	-0.25263337859111756	-0.6014249927088546	0.3704367863692916	0.3391478337092706
DTXSID2046177	3.2755482268340503	0.47556517594356046	2.2053224966405716	-4.287188751322628	-0.5499080672729633	4.053796969659554	4.318566487959939	2.147399049206774	-1.779190204225909	1.9036106202513834	-1.5307868211224718	-1.7669223918093964	1.178506462559245	-0.8686958592173871	-0.13036984398217638	2.5591123314134863	-2.182031311920901	-3.656829928994143	0.6233726791515162	-0.07399574229596718	-2.4774287704462012	0.272595543276465	1.6262910747495387	1.2451281487665895	-1.3873480731362096	0.7299592677090919	-1.4327895364558185	1.6609051082919475	-3.1580118412717026	-0.7896333535951466	-0.33777837790521215	2.4375785439976334	-1.9117542552086413	-1.3501047276235805	-2.7245802726352966	0.708292919180163	0.7483681505846462	0.36326052237812917	0.3159937413386875	0.002315806704985935	-0.05859806672508457	0.678658107770257	-0.3574548223504033	0.903706171097317	1.7237861394403569	1.3464004970163406	1.3479204222709464	0.05905333879085896	0.3863347217199666	0.17558401307973148	-1.3873758806557235	1.4307568302319864	1.6766834188108068	0.3697169949846321	2.2806515947206942	1.003501910059862	-0.6650904172402664	-0.6166894941403092	1.4410398290364015	2.1105080355446293	-1.412323174174692	1.2630318174472148	2.389521898980117	0.34215634480113705	2.504587985728783	-0.6824104141835468	-0.8721646901317703	-0.720918711903204	-0.2715170633629404	0.8784512090102955	1.1780098446631115	0.15446967574760886	0.5325658098712378	1.5800863458763976	0.04347051820302132	-0.8722812398512952	-0.573723393741691	0.09362000043542339	1.6983849742046395	0.05121935744980778	-0.8104611070482917	0.9312664416118586	1.6443710309013848	-0.43456578234717674	-1.237506563603024	1.5428540181920294	-0.5358553897793141	-0.03403253386867103	0.4684788709194632	0.4828012387739274	-0.1828692108287061	-1.4227280820733714	0.06749304974557373	0.062404300386603766	-0.3463108322147087	-0.37016472767460995	-0.30866121188737605	-0.746175836637939	-1.0202537216207264	-0.4449835775556856
DTXSID6047941	-4.055347131397196	3.1968094143807715	-4.102927214420492	0.2076715549131346	2.8338711639570477	1.4562488596724394	2.848995359410994	0.8545484883942617	-1.0344622319498193	1.5292468434755584	-0.936923856026313	0.7711923161449178	0.8120144546835869	-0.8905219801671073	0.8635337113493571	2.628158789746046	0.8393171318827736	-5.137392517266089	0.8597094607393287	-0.3525877638916326	-2.243933247525151	1.3309327733318037	2.708813431319161	1.5161585156579227	0.7167918099269522	0.023009167123353134	3.60899896495616	-1.9487491519087756	2.4066764430492205	-0.5495271152314598	-0.425437299676662	3.0452473121862997	-2.5251342137585078	-0.9819712689743226	-2.870959548626511	1.2098331875196675	1.8332950412996571	-0.23537339507230806	0.9466352104463912	0.10605629729670474	-1.1298532637714034	0.8157611907360843	0.7980925575340393	1.5559574803767482	2.3125833523602912	0.35845918934415066	0.9587054365930713	-0.5663433739080506	0.6976563639973256	-1.4401265214499717	-0.4795227526447045	0.8343036826435449	0.8213780579278782	1.9446662264748233	1.2428355681498517	2.4374164616995877	1.297352976472677	-1.882257611957594	-1.6633366203593227	2.0503226243961596	-0.769659145733553	-2.1091289750462945	1.3164123472767177	-0.1839477750576495	-2.416694419740587	1.86173233493703	2.1131944596980783	-0.4890807956655911	3.389696204661637	2.9606788022069663	-1.791098052033454	2.6373890441615897	0.36114837370975966	-0.758602006502711	-0.5183512987060892	-1.3685415989009353	0.7039940904319142	-1.0227210565178966	0.22354381126127273	-0.047595735560192746	-0.1943725147727429	0.11528266116443883	0.048750238545749426	-0.9774181606716171	-0.23095927996784538	0.43893238497410286	-0.3096729308189756	0.23118868916272425	0.319266211169273	0.06572672178596574	0.9942227621759955	0.0522635835381773	0.049889695153017374	-0.3774596143795258	-0.3361725195622881	1.2208861957832686	-1.032410525461828	-0.7511728284415681	-0.44072829675589736	0.7154605398776389
DTXSID4047549	-1.7907737783215048	2.5026881965489944	-4.637886093013391	1.0454590757607944	-0.6368197408613597	0.01920364948040857	2.7562038424927655	-1.533567084541516	1.5869617907393279	0.5501617138886279	3.4118309614562348	1.083304385664876	0.22278071188634002	2.0943713557250647	-0.4440960519050066	0.24171182282955303	-0.926426105693116	-0.5135023299734859	0.6825205475523818	1.4380467868823574	-2.509793371049051	1.576705987946263	1.398454697783972	-0.6315373393231803	-0.052212629011557744	0.46666152910259334	0.3567444910339949	-1.2916312711895137	-0.7275378271841139	-0.16750742985360026	0.8231648643714156	-0.23917251826174996	-0.9357137120577682	-0.4236965511049218	-0.4557775721698599	-0.09362967744642207	1.346531407637505	0.7060682716402642	0.7252925386631356	-0.24327716051776282	-0.5702119330073304	-0.8729449875905902	0.01833411333506493	-0.3499088399977297	0.5047742112037895	-0.7873663744342411	-0.6172399648233581	0.7747119388060405	0.7212636894334715	-0.5701276715392929	-0.4832173239565778	0.2885421297671577	0.09329335085479325	-0.9272925471601847	-0.6260192566466393	0.5885382556115317	-0.7966552048889171	-0.5253778330091436	0.6613302838127213	-0.3513278304779187	-1.0691901155133765	0.879898521937545	0.12896806258287072	0.19319881498896482	0.19201154001938722	0.3020651225899261	1.3132838067330934	-0.8170405330024718	-0.4641111757015786	-0.19887492710125823	-0.06639647219097335	0.6419288017366879	-0.22686206041749798	-1.4770196906319333	-0.9661889554628991	-0.5510263660790757	0.3543992315874005	0.5161569976633301	0.6647390404890465	0.2054514580810419	1.0145903616510317	0.18041090660003892	0.1841240793409729	-0.5991418823275109	0.055456721992167175	0.1513065919915329	0.28316282119488523	0.3752184022488202	-0.513962826349602	-0.1119658596888025	-0.30715945936552796	0.17576133318700413	-0.26921483055343565	-0.06154687121379186	0.3366106378168389	0.6463447400533338	-0.19500252916291583	-0.4585097496560878	-0.15370030366400922	0.011004032903882393
DTXSID0037231	-1.0139928014359862	-1.708131751741356	2.8145981913437934	0.7304829228092383	0.4157656589237399	0.09446603378119262	-0.35414941334083677	-2.463746234523482	0.36374589071195335	-3.2381814675486633	-1.6487447937579356	-1.3761693382215106	1.4544325642178249	3.886861056692525	-0.2001017890559519	-1.5914751151891988	-0.8420067484563116	-0.40574989657846333	2.4858284586659063	0.717644019998756	0.2665117279276068	-0.14543453938488476	0.3948602449426821	-0.4615876568293348	-0.8746030015648197	-0.0692497388331981	-0.5400019569308481	0.3395009926448191	-0.3655649998161428	0.47634570384302954	0.674583504577296	-0.7680050676437251	-1.0737216557306029	-0.12896512845635733	-0.3910577143795822	1.681216844878402	0.6057342509760724	1.330738504444437	-0.576846171083839	0.25841285300099176	0.1834495877470663	-0.22771256158458184	-1.032674229035727	-0.5775339762101968	-0.07774764383832779	-0.33614654749395007	-0.004297918519673459	-0.998957509955258	-0.20430226439387972	-0.24607861071582932	-0.9539433080415116	-0.3435630910504702	0.4024196306993649	-0.5442091503186302	-1.1175365941310518	0.199770679190411	-0.022164168062990753	0.2867542045755237	-0.8757473173409156	-0.5440571817727672	-0.313197895642205	-1.1638194055541342	0.25650178133859647	1.337390093057246	0.05960634013436416	1.3689986104137908	0.08148778443601695	-0.20673756706244992	0.3530574537059113	-0.19319333166427435	-0.6408735358182007	-0.00450301942912035	-0.882169274224037	-0.1602619823584424	0.1728785508668657	-0.4213011119695034	0.7221054313949554	0.056941556352561686	0.35876901441491565	0.4199301452036342	-0.1279368871105449	0.26932078715585167	0.9912380531678595	-0.865452086791774	-0.44572941765385554	0.18176719583727421	0.4981428750304507	0.40406791559356203	0.2269115041262154	0.6062004744770246	-0.11443553703511818	-0.322042474104239	0.5453719281385203	0.5721212062759994	0.21476864642405583	0.11046183560748414	0.2185399339412401	0.20811764363153618	-0.019316534758821197	0.230681042712332
DTXSID7044217	12.83187148752811	-6.801941851409607	0.2547941104238168	0.02692971775724949	3.799587127621285	-2.6334442797809956	1.046247543960726	0.43321435797604535	1.1560618032015924	-8.62383785641863	-4.677859804588976	-5.359769749489849	0.5062221538003309	5.783711293000651	-2.1897995986714838	-2.255887810505527	-2.1786666261438654	0.9781025174375608	3.887213537833425	2.5719517081221444	1.3206368056912794	1.6712432971570246	-0.363537343107426	-0.6250988890680733	1.4608175841860755	0.5102379192459608	-2.9518302181750036	2.6654250140345597	3.206272138003902	0.11361781918727071	-0.5771723002348328	2.2670845096882712	-1.318391180401366	8.609903838352055	4.629579405482419	-1.419956176856039	3.170138378066698	6.48516280026132	-4.009102832082018	-4.3230636912322975	-6.4457205488925755	2.590100073553912	6.273608243852513	10.544982084876258	-3.0512548003919324	-3.191301804865497	-2.7323758772394653	-2.475470584372646	2.3634535967671675	-3.0969660331386635	0.02791309707344919	-0.2203443129745784	-1.5487864234394288	-0.20371584788393376	-0.5223488443899181	-1.3530331901962422	-0.47235038399900553	-1.6926789631645074	1.5869711125825274	2.1763873141163472	-0.42560420553312184	0.9656255371754656	1.2191146115728948	-1.5843842869097238	0.8789773359779905	1.003980442810493	-0.7259847911113879	1.4987337087549528	-0.7458170374372476	3.3079019381218595	-2.668385870341787	-0.23968982525045526	-0.4339919696097204	-1.7864331549894432	-0.4610350816608512	1.4267969147626007	-0.04521758722495829	0.782263955836264	2.4109126175283375	1.1471956501953837	0.6608087214140588	1.0577025782364304	-0.24560744798589593	-0.308999436327612	-0.31097628114946135	-0.3906668859708108	1.0753094903340066	-0.1373127277255047	-0.5162940212973107	0.47164782151898144	-1.1836304062853762	-0.44796725309142954	-0.22034268001801932	-1.2882455577024132	0.04101041188837997	0.582005775137496	0.5814126098046948	1.2801464195897494	-0.6212963779239923	0.5835050287372098
DTXSID3048946	11.067526186312493	3.9181139286913607	-4.558963762837296	-6.143055960350373	12.676222891248266	2.9984178057719637	2.216623273425896	-2.6596065700354448	1.5823062733800706	1.3398275645620106	-5.269456930651886	-0.04308297621656846	-4.275619424711708	-3.955611422861416	-1.6492416700207297	9.02964459902697	-0.1377648412739369	-2.656871440119405	3.381125952353956	-3.85031956502517	-0.6393052386819317	0.31202419671393045	2.2155411935280704	2.05156212275438	2.2586486864635025	-0.995649897654699	0.6986118962268064	-0.4824904481846737	-0.09978314680817667	-1.727806877790564	-2.4813295985010115	2.960029032074548	1.653200249518861	-1.6806633436722647	-3.8944573013923534	-0.39325553441308	2.4142708709401113	-0.04898177306314843	-0.0276935381143032	1.2017720671504744	-2.64948935806483	-1.557765263095847	0.40895118925579926	1.696167455950269	0.021801296965178334	-0.04614656786740388	1.671091206226446	-0.802748345485328	1.1055361261470886	-2.4160452528533454	-1.2752695943308054	-0.5213504050327218	1.535936933587069	2.3141926603422522	-0.25245491395746755	1.4513892212204464	0.3006701856637581	-1.3302140966709441	-0.952150039194941	3.574436798872932	1.0043978001239071	-1.4687459123190594	3.056923519089777	3.965740190111858	-1.814932931588337	-0.22220259679377016	1.2901008652456103	-0.33860613662760025	1.7239003630431287	1.1742936698577708	-0.3723527936537501	0.1702749439937629	0.6856226287729196	-1.5033463004965024	-0.4841768968891706	-0.4740538721385757	-0.4879015284037469	0.5523773507359998	2.1665486101706444	0.045970838292067204	-0.4959037740476125	0.19540894530395184	-0.3185496418620105	1.0341578364575628	-0.20617187635322867	0.9070322611526433	1.3878041160297212	0.6978254393357429	-0.4612886076605659	1.2996479682506594	-0.4637563803173409	-1.317200284063542	0.32969853770553853	0.24869433886630452	1.8556640977919805	0.24792547582121488	-0.09747596597001526	0.3754328785140472	-0.6882004426936665	-0.648166353671981
DTXSID5045120	2.0208471131122865	-0.8055925353396772	-2.6952179337367026	2.2908668557821366	0.4499888754560492	-4.519395544024372	0.3578456046644731	3.490671166956941	-1.5806412029187094	-1.7365797864048904	-0.7648872047977198	0.5018076271589906	0.10775696790979279	-0.021075389312245285	-0.933947220396104	1.5471821675394	1.5275048028467029	1.1756546069536165	-1.306484999464738	-1.4721646446063776	-0.8833850515748687	0.8829416928702392	-3.0048380690858982	1.343211215135401	1.5511291037767272	2.0602274737538138	-0.3549598298828903	-2.6410277313882458	0.4447658109081746	-0.5104738568778541	1.5319600610163766	0.0892242301218478	-0.18766025790723953	-1.979128252945176	0.11839894813360938	0.0783152134246006	0.6701799453680828	0.11183919661733904	-0.5931266007177253	-1.3132963230099368	1.3844125244300154	-1.3415285388284803	-2.0925096778472345	2.5190450345477986	-0.7603507489610475	1.5768735226602588	-0.7843728181043208	2.6188770170648907	0.8685781779796004	1.2505752726732469	0.3896622389980463	-0.6323856681716815	-2.994504682201688	-2.344574232369162	-3.117142676655065	0.6260976289893891	-1.3262416129735173	-0.051731554559758794	-0.5318978276084253	1.6162264955625059	-2.174766275218204	0.939987204321787	0.2382409574910265	0.27615737741630947	1.2522630900823757	0.939915026684106	-0.3447422530551059	-1.4872128984634847	1.55586648852058	1.9954597287416802	-0.5945656530693547	0.1921028761842464	0.27166270531083725	-0.07790837758860338	-0.9988130278649148	0.5582249408549094	-0.1214868243747196	-0.7683136893621803	-1.3939348514698477	-0.36898558979187446	-0.7960925982953007	0.3779812653614862	1.1585749992575136	-0.9451295232567911	-1.1302408657771987	-1.1262815086463065	-0.6977593737874981	1.0988591113604655	-0.6925005264105359	-0.28070192755868034	0.6333128335544648	0.04981353300137159	1.5064154584046376	-0.08530033288102865	-0.13043213398918407	-0.23300655567394216	-0.005790101851188635	-0.01645312807140036	0.10720977512801413	0.5515257913497847
DTXSID6038875	0.9390134140311786	-3.352500975325381	2.8246980817626772	5.399480904928363	1.326232422086468	-1.322330723249797	1.2218776031333445	-1.1131030443525287	0.32794147248520333	0.6364372230530597	3.405594551914957	0.30882128581067064	-1.3891829291089772	-0.5250352310255471	-0.05466224248706766	0.9249181704912403	3.6117553354801233	-1.9257300034255316	-0.983610549891178	-0.8999718397885627	0.042494397034579176	-1.140343757721098	1.3087047207387363	-0.9371445125107383	0.8612939055004468	0.7192344062227443	0.681739668409464	0.15542340421229817	-0.4511064744736848	-0.8345728233540534	0.8213710246172831	1.0414988290889764	0.1896212048425543	-0.41812708807303195	0.7034574030010324	-0.17375205166971497	-1.092506096006484	-1.4445582304664957	-0.4403440273882784	1.0948009520994952	0.3799847257365904	0.6346292371946682	0.45384013418630803	1.0243853482824787	0.10874224819206116	-0.8873894364095205	-0.24110821111092842	-1.4359051212164404	-1.5250024507841384	-0.6377827700467735	-0.5040488853057095	0.2013172663468373	-0.6233221669225829	-0.3811602629205529	0.4460068138344114	-0.5321460120944314	0.7858642440889353	1.3259785655782588	-0.31221466316705065	-0.10249398959616879	-0.759690370265603	0.49591691666982707	0.6716542604336162	1.040225640193939	0.7379180002212749	-0.0382316032474381	0.6278793112466026	0.21691082753484553	-0.36581113729714076	-0.18321064548219296	0.40828561844182476	0.7548935761660133	0.2905250568310458	0.3951537348639376	-0.5379813807678504	-0.5422969256267305	-0.8351671453516301	-0.5161706979915429	-0.7668914838512907	-0.13168324509021304	0.03208903325269693	-0.13656916815011566	-0.17783421078543318	-0.31098791952712435	-0.2743999823221328	0.12771620252117022	1.1050224920165137	-0.6560008430764461	-0.34531459690852795	0.18907733982885522	-0.2695373522510687	0.2517037788389423	0.8044374670887673	0.11495574930989652	-0.17559330631884038	0.22259065563632446	-0.2622999060931629	-0.5269348579621596	-0.03084372077427812	-0.12115043050401443
DTXSID8052693	3.54015109827879	-3.9818743970340864	0.7807199671158753	-6.770463916338553	1.0444132483000603	-1.7508055204523874	-5.540909645033489	0.21441151931362168	-4.128557683160222	5.370389901932463	-0.8681099014807714	-2.6530030780721043	-0.7681094974189265	0.7456610678549415	0.7375100431314946	-3.276790141139304	-0.7026999986496336	-0.5677223821898186	-1.5729930630851585	-0.03126884667711236	0.42881676998979823	-1.5627793200748559	-0.6601934058867374	1.3752706112546775	-0.6517174626332611	0.571665008585335	0.18998540394317087	-0.9614898155715543	0.23546189834200118	0.8329283050501043	0.8833810969995807	0.20476624490475023	1.2115027583016875	-1.7129782022910678	0.7700318000393122	-1.1920010820682636	-0.5800363567259433	-1.1892653359145309	1.011012425577685	0.4488880988446666	0.18747126681127574	0.526753802475175	1.6667656801013337	-0.4331219353450175	0.08124421652813475	-0.15115097676405123	-0.15782777642877036	-1.621148808745254	0.7449589733339308	-1.0145005728549503	1.593138470613455	-0.049878164322940025	0.3710069085977615	0.10172891957899476	2.3160806996820673	0.302431255345919	1.9223771642462126	-0.9112778557801893	0.9798738564208707	1.9663484110113125	0.025029135373605068	0.7534808709582105	-0.6938989322384321	0.5645160937460905	4.741048838229347	-3.1833356254732523	-3.7024508042949735	-2.6453694686089473	4.392443057964942	-0.9794874473387054	-3.0959069863299606	1.6276844170631457	-0.2867384990136493	-2.2470887954613366	-1.188393562241487	0.11773993614735805	-1.774963551683324	-0.373539491573086	0.1094810642544658	-0.3251505246460766	-0.005027208206227066	-0.022200285397134673	0.3882307668490562	-0.9091629021470953	1.9265091264894405	-0.5701633712031554	0.37298791792211555	-1.1229609137856171	-0.061154273303422234	-0.263401689186607	-0.5942353750412558	0.4479239221925766	-0.9940708759216723	-0.10028003165885725	-1.2530456181666316	0.03944908748779356	-0.10731608494512479	0.06256046018928087	-0.1901637554517641	-0.16984133803828302
DTXSID2052283	-9.032769482136304	3.4386226550659247	-2.393700474204508	2.310887352592069	-0.4384245179899963	-0.9684040404244327	0.8135194829151582	-0.4072717765384032	0.11814060968146256	-0.22132946403654033	-0.2449538826964141	1.0150933031760738	2.033946581623448	0.44424631582218194	0.008504781223355394	-0.00805982951301232	0.014090776599280073	0.041064250438629914	1.0391005338840738	-0.7235354342556898	-0.5788298474169559	1.581926274771424	0.09298800164704335	0.7301701865350062	-0.3097760671768453	0.4566103580721215	-0.6029653043574226	-0.41290786805015217	-0.26854349843946296	0.8327076228643134	0.9494280678955561	0.3361163381290107	0.12741120387456695	-0.4451376551327952	0.12116679344776551	0.08777507728498198	0.28402637098251854	0.5519285353270221	-0.07978225168266588	-1.0263038302779997	0.40961893966256097	-0.4041466638220685	-0.3724346900661422	0.18839879537499318	0.4539735252366336	0.1691184908485603	-0.17021751042689473	0.7020494849758596	0.5796323225098758	-0.13736264156622785	-0.3921052841358989	-0.9464738342705581	-0.021456841993619545	-0.6789096768108428	-0.5871148372153471	-0.9801594265209443	-0.6654466498746925	0.08176315199034861	0.2690414045865859	0.841094772069471	0.36802975919862074	-0.23424775026642383	0.13514513481715026	-0.2265149507555164	0.11248126833685207	-0.09791760791097043	0.11782173965206884	0.05359969191662576	0.7823432364428365	0.557082657268176	-0.27632541209328043	-0.4069342979748293	0.32465768292691927	-0.23439697886536276	-0.3520449983408815	0.26801275964026483	0.7012022344893464	-0.48098852858184366	-0.6641318857917892	-0.28815209790849877	0.0032636594922613696	-0.4148907628705549	0.3402247074515573	0.09660142042636476	-0.2675294496526176	-0.6481691031796322	-0.13964382773886028	-0.14139110073375336	0.1682174401265188	0.15177385522577536	0.30277077024490956	0.4671797688620173	0.17074215950320584	0.07427928684246106	0.2335199375404298	0.4769871368644705	-0.18516719271273108	0.3130243516678073	0.09122039294299315	0.23117372058098465
DTXSID8038857	1.9720937587253429	1.4715915193679814	-1.9438938185497696	-1.2478333246400979	-0.20902966315757604	1.534309805393662	3.319725524980119	0.6262720961232969	0.6059681326663627	1.5628757902449733	1.462732138770009	-0.4859106254613805	1.7994144159796102	1.4348064810087142	-1.7714885126784856	-0.07338486646905729	-1.504184090658094	-2.6442389938674555	-1.68387305419538	-2.5424027395286943	-2.8581060500152877	-0.9582737198161095	1.2643539963727541	-0.6924239799345059	0.6327718800555604	4.949711676842241	1.3350412239411236	-0.5996755836045465	-0.24577614132950637	2.039593228365659	3.959975470800645	-1.0265952499282727	-1.1615241342347697	2.9527695635631135	3.409110912139679	0.925314848383219	0.36554236605705925	1.4917756901137875	-0.4293811355448241	3.173451620097825	-2.8640842243409663	-1.4319945137246792	-0.2670966533268485	-2.4146433821627693	-4.914909066971672	-1.2595306011534992	1.5363314777931911	0.6358050405888287	-1.7735673600692368	3.6727777989247072	1.07352360234857	1.4123249568529754	1.9354142392373763	2.632496327913605	-2.438523242367461	0.4960121431496069	1.8924765379513282	0.3241163585882441	-2.2891555921428606	4.196833285906367	0.5679129734788241	0.337894200085313	1.3932790671198958	-1.7128750117038791	-0.11847005378929658	-0.45892893396928286	-0.28888768192295794	-0.16606398252700647	-0.3685466599578822	-0.8116879771698804	0.5695395219139937	-0.01773831811094456	-0.33254883602194435	-0.5928981874388898	1.11908448473936	0.16946323940631208	0.33534750143643133	-0.9900898717619262	0.2867773013664004	-0.04694559084456994	0.699536974056235	0.18491549438951085	0.47253429378885253	0.24844612455429485	0.43005143619341185	-0.11033798075366384	0.08307759800259405	-0.02822249749880742	0.7853913974440789	-0.25493737068261646	-0.2239458844276164	0.20163884161314305	-0.23592419834800915	-0.388666337692847	0.1451554867265898	-0.1245676726240984	-0.30311567330045514	-0.13631445047392296	-0.45025058110097144	-0.1266576772471354
DTXSID4024195	-3.5893017612523868	-0.7423238401365142	-0.7581582492141294	2.0416243875815416	0.051024036870724404	-1.014992414308177	-0.4298743355808522	-1.2325456299535558	-0.04871309411036482	-2.542938092774697	0.26765843874365	-2.046491976728198	0.6646009692429956	5.025009855431584	-0.09467331127232201	-1.813345842258971	-0.7836768328316291	-0.4142641152904598	3.787688573873526	0.1075790028791636	0.5434213085765701	0.5044675609692223	0.6235753924892556	-0.13341897249067486	-1.0429602244924847	0.6819885017905317	0.20260844471788383	0.05103719200174475	0.13308544334688524	0.10461620252909161	0.9822905021689904	-0.5013247330306475	-0.3257388562806556	0.10027453887880455	-0.6779296568188373	1.1976100400355065	-0.7147618295877868	1.0710153954683965	-0.18366634527485806	0.12011868556254404	0.68974290450053	0.27429764787354854	-0.7138816329380494	-0.01608098440641841	0.6570699926890693	0.29839803537543946	0.03014896387017878	-1.2472044184623161	0.15141783331863515	-0.7367855629460819	-0.5490054896437384	0.45694112444839113	-0.12001617811587914	0.12228131312683475	-0.428215965224393	0.4388100804599256	0.5589440384993405	-0.41884874711262465	-0.14769311883432054	0.3291405398362166	0.19866134784132333	-0.13331387435498748	-0.012857510388884979	0.3974656090163331	0.007649785436613505	0.3722078751066679	-0.07340840929478434	-0.19587713438327528	0.5390993114094073	-0.7096791149072904	-0.5387965583625689	-0.3480392980095772	-0.174965794127303	-0.4422847418221651	0.12149980652924969	0.5966451203432096	0.5316897693484648	-0.5345474966325201	0.2957545104916114	-0.2620193095343209	-0.029097411336366837	0.22389697655966784	0.4680697225461624	-0.13034504380810175	-1.1094259730329354	-0.21472758455281296	-0.03954557948433508	0.04258374334062071	-0.7872719193446536	0.19536409895657786	-0.06687514137080126	-0.11908835683405998	0.21331305337029885	0.47658175979944434	0.3132425192647793	0.13634849812906744	-0.10718927270220428	0.017598828615196342	0.19585814653300263	0.47552833781183323
DTXSID3027534	-4.345246856276085	1.2488063099912394	-4.926126956863107	1.7685162483489283	3.4302535045093188	-0.8676901471382248	0.5012459028330258	1.0138809465857832	-0.2470638717882502	0.904800866937548	-0.6797885920664704	2.5875886142639972	2.943844780172864	0.9931821384346892	1.3203227001030098	0.34948830732655234	3.749274789909326	-4.062156780811519	-0.5424381328875975	-3.1862741172841194	-0.29560954643891063	0.8197572268260257	1.6684482887155538	3.2310840806058088	-0.3086261422825995	-0.8725585425875223	3.000672500970416	-5.189465605870948	2.6909517173182067	0.2143324497224627	-0.3866249114790832	1.710143155823959	-2.095361627681736	-0.10784360732030539	-1.9122726412155884	-0.8860863420555526	2.205930233121327	0.15200247223180102	1.1892640326994979	-1.098814376016782	0.4589569414860161	1.2388843817436186	0.59790008281073	0.17211014732343544	1.8621357368540612	1.4319202961478796	-0.5536729154540379	1.6464230520491399	-0.3017967126150822	-1.306656033982308	0.18106273747618096	-1.6358154463280588	-0.019328664117353102	4.077266957995313	-2.232916071214961	1.6837102258953065	-0.08142492203706471	-1.2536892253767515	-0.5751652257031371	1.0537398640408675	1.2971594274824452	-2.721352329011075	1.4105227384874954	0.7816886818973446	-0.46358833017439716	1.8600557248408323	1.2787483903090724	0.3893317244047492	0.9287954496075526	2.6226030665391318	-1.240374357480407	0.5962531812637938	-0.04991439813857413	-1.8477271323777646	-2.0245775387390523	0.2798519869236293	-0.14439447180824147	-0.5614106780628194	0.2729654127129523	0.22161921334911538	0.12573492350906118	0.4958020316750079	0.39579566581455067	-0.0008901792051018583	-0.6813730102426059	-0.13587102585397204	-0.6893913528063044	0.6168384082733203	-0.026568533574212405	-0.11102130355202129	1.4111579735619075	0.9322232791459166	0.5039858869155669	-0.4756441861818588	0.2884749360902874	0.6061609094689031	0.10017545967005892	0.31177706997572396	-0.5399825586276034	0.20852855765677483
DTXSID9045847	-1.450458983809541	-1.7039429128158927	-2.9188815289367294	5.248491031802092	0.3620736743275428	0.2953100057415786	-1.5969170904077266	-0.5498576639606924	-1.0513333506356366	-1.322999200793844	0.9968730643612687	-0.6447089884359357	0.727744208969756	-1.697785755927132	0.8188256617062079	-1.8782085680652014	-1.1588114380336325	-1.5640637701420725	1.3928843103264739	0.605204339192049	-0.6984323892028177	0.6344010856710163	-0.6352701810836204	0.6950266708069937	0.7218819457112272	-0.6947806090571115	-0.041690058790124856	1.3436280902069213	0.016344739565105227	-2.2006546651981527	-3.1765940462173563	0.4906029858642058	-0.9093627566003017	-1.7070660223609777	1.9139976888266261	-0.3896371109805864	-0.9120945073350599	-0.1369691307445807	0.21545514042666541	-1.0357504933508423	-0.48901100897774524	-1.134698278411005	0.33573796908007486	-0.5874245315345309	-1.293187257887183	-0.6621223162341405	1.5958621286905794	0.9715056987714756	0.36877461354953384	1.0379080359704222	-1.5252522930716317	0.3475939097606169	-0.0825897147272695	0.11595615499246964	-1.1439667801245406	0.1885608014847816	0.24400912001973626	-0.25502164678386025	-0.16971167763179648	-1.081955436468487	0.1566704377011849	0.3174486405876713	0.16415544648296013	-0.5093308677325684	0.05087116477264915	0.43092224895799813	-0.8488241846726965	-2.3055649399951204	-0.29442891142652305	1.3503896995687878	0.5944517662412497	-0.26343643665228045	0.08779779228276664	-0.5444628671552348	-0.004633749311369735	0.21030596003685842	0.671681320521934	-0.680367122025143	0.5220668688884096	0.21118636666012014	0.410888021495918	-1.9761854880821563	-3.061048329801461	0.07024591417701613	-0.09740268107508758	0.65982995768084	-1.2940990972022832	-0.2894446358797234	1.818779054139392	1.0828974027674345	-0.9594561324126902	0.4449622817417263	0.188333144954343	-0.8295200470650625	0.46734142013303187	-0.5920481040707576	-1.0202771103664745	-0.36589906463001354	-0.4625838930594474	-0.43023473829555353
DTXSID2024797	-7.235854728469683	2.3865413077605435	-4.2909843181915885	1.9131506656718094	-1.715278826488787	-0.9923329217614039	0.71837689240196	-1.2728734396131847	2.7976842629142444	0.8490011221023572	-1.7643102053588888	-1.0421112099221674	0.2118813747147944	0.6007527944444762	1.3225302701069315	-0.36584023914146946	-0.24947987832205704	0.2512899570424823	0.4236026997873996	0.28795357744423333	-0.512732098358152	0.27727223006986706	-0.6953414504827999	0.48065565725242887	-0.548027369722547	0.1696886161121906	-0.3014799324983359	-0.6916025444256271	-0.49145146841918874	0.10122132532332064	0.6441433157509295	0.19891699565027035	-0.09751504939223779	-0.043220744592087086	-0.058769433506239574	0.6866109261435971	0.8198782720108261	0.5583582467713268	0.2311920372756967	-0.1294818134543475	-0.518982968023274	0.1011976764918654	0.09038820795294514	-0.15520958883503208	0.08640476362498403	-0.003103040189357012	-0.16983873568292499	0.49903289720907623	0.32976791666118266	-0.8110920096536813	0.23214360016877544	0.05482105293191338	0.790995039739132	-0.16794927072096036	-0.5920634368602773	0.14734657749512053	-0.18173402663817764	-0.3289449034557298	0.05873241005942704	-0.3255541164177979	-0.006891641178658493	-0.29117250852527543	-0.768430861939127	0.38737132337925007	0.5920982681018775	-0.955131734621134	-0.6078693292198002	0.8352083375836488	0.42473234565581425	0.9150678701534727	-0.4630748044311008	-0.9286282499651511	0.6444256127032782	-0.5920588419671005	-0.4315579867525745	-0.3075172775559206	-0.05901585747535848	0.8824139564168226	-0.5552115517560844	0.4115026048605754	0.5931056944603424	-0.7574716851142883	0.15737180859076638	0.5810273606716331	0.15737180555274977	-0.2946320521594721	0.0883839201297843	0.5616289916990835	-0.3368349172946131	-0.09145287311655168	0.5086473919735444	0.7646998033545399	-0.7797203400769731	0.006461893681775103	0.10525648016600338	0.19319649170675623	0.13497581427892844	-0.7000178070280193	-0.49369091802629617	-0.29663641546948594
DTXSID2024458	-4.126324548790285	-1.3889404478791991	5.3654945453151095	-0.6760785147864101	0.09674914282824841	2.650013027691364	-1.157001221166738	1.5328363589122525	-0.5200865263415746	1.0463591040941147	-2.4089506516308195	0.5852622284802438	2.436156964366577	-0.3914072289797565	-0.6932022759644466	-0.8913162233911464	-0.5860801173975189	-0.38140943225146434	-0.4129737540238533	1.2415618531466948	-0.021064390383688455	0.04606886359324664	0.7381425040190331	-0.9731757057970616	1.0425133366153148	-0.593474935547633	0.004535501135814028	0.28549007354894823	-0.3528708547830219	0.12188304203054133	-0.3935479536317517	-0.8687948865088574	0.25467166221253884	-0.44111972267189453	-0.6074316361478037	0.25229111758991407	0.4849364912031934	-0.4716143107095022	0.5416198746972886	-0.11662661209127324	-0.18037062840457319	-0.8515191741286188	0.03806214473048727	-0.4110502554024822	-0.11439151364754623	-0.49675139491685416	-0.42941613749071805	0.05294821781093012	0.5995240804570658	0.4042485201289136	0.06532877692701644	0.15743219218495422	0.6413215928574556	-0.12989634298381902	0.06393722314784493	0.08652925325075543	-0.18083839248353692	-0.4620426583170537	0.4096504473635092	0.11742899633725767	-0.1600072130485069	0.32518304097792955	0.3138267326622096	0.24090457656040704	-0.030935030957506684	-0.5237441976313308	0.08984060465780455	-0.059445414833959195	-0.0007674941907458541	0.37590594335359934	-0.12895707661736724	-0.06156912250842295	0.3175283279063926	0.1161835522406981	0.10499192368545693	-0.185377295415815	0.03913043520495508	0.002897436148535283	0.16907943373939802	-0.18878978174054883	0.12575951984034925	0.06515348342943413	-0.20639326213681702	0.10912242157843842	0.17899897278924912	0.09847459683354336	-0.31809313421786656	-0.3024458939679736	-0.34877430893773725	-0.869213797812029	-0.06134284752028917	0.3525846563299327	0.3894563037748533	-0.010153995721432177	-0.11199142529776472	-0.00391529494671666	-0.05485841138998236	-0.24530060645183624	-0.019919001843835077	-0.1392666937502414
DTXSID2045078	14.582821020002383	-2.4375698828052395	-7.968962219393745	20.95106473461014	6.459372709127243	-6.5802710986200506	-5.247867331288331	1.662832520994844	-2.783801115390926	-7.7075604560989985	-6.82352877071661	0.5018311460335136	9.370314478682827	7.870452389038351	-6.937811725214325	2.396323333898541	2.9044866641485885	0.26735488473718416	-2.9143154378881673	-4.751787529667777	-3.1519829577260587	4.8366017720697565	2.617469698814564	1.8310225598207108	-2.015004041317047	1.0264932767490682	-5.926987221093257	-2.380603726067172	-0.2847373283944937	-3.075706159971044	4.053431819171929	-3.840615389112253	-1.427777563039128	-0.7506133339893961	1.660346736837303	1.608021156884592	-1.789956735031383	1.7757087083937984	-2.1707499568402384	-1.9116704536351317	3.863929701265094	1.0160993536796632	-0.8926085349363914	-2.9598222688040967	0.51083024239586	2.711586716879988	-4.336532475425073	0.5193381774962295	1.0166971939871075	-1.0382152046223507	-4.639722775461015	0.9790643659371311	-1.6143278049579926	-2.1345888067603993	-3.272543790703656	-3.8209640690815596	-0.29687919381938666	0.8796241649018911	-0.828551866260913	4.336220225369551	-1.3288388462995027	-1.0381032706010909	3.734397830304962	-2.6385960105448305	3.08591758990909	3.343374844127027	0.9331693800935814	-0.7392148034406809	6.973483687675356	1.172925082069402	-1.1060538558830706	-4.09798176998725	3.0381541554277667	-1.4247372312103146	-2.282875139146834	1.2987249502146374	1.9414306697510195	-3.5880528631064688	-0.4212129167751742	-1.6707279075933958	-2.525144541407365	-2.5345319231266856	-1.2446130528639883	-1.3354578285617964	-2.2932126040264595	-1.2216530919361774	-4.75627696641995	-0.26123215854085996	-0.06260767375937308	1.4374234491044633	2.619040284677873	3.6496171425802193	2.507937315473067	0.5226474861189824	-1.6769639586920686	1.5545783338974264	-0.6981963560609133	2.0267797999242267	2.882233070792357	-0.7053629392550181
DTXSID70880230	-3.0466005631835507	-0.26292012044677493	-5.262557216522121	0.4287556702528399	-2.345701582962914	-0.8580119424881643	0.8176765524605781	-2.5907134824851847	0.7058575136523163	-1.4902251994594213	-0.4657689455474638	4.6044693862874055	-0.24217034068174526	-0.9641553448140681	0.3426015492158754	0.1387721250954131	-0.8706988676964712	-5.234871004354534	3.4186999991055287	4.651169143209504	-3.8509519840628044	3.6898345659913985	0.26655820642711003	-0.303342514476495	-0.596922211780163	2.078153270344306	-2.065421572390568	-3.012708589066175	0.20877065045257756	0.74721436459815	0.1393731312773582	-0.7408565229158741	-1.643397018189751	2.462799913141421	-1.646722782799222	-2.5937608883346854	1.449918072044407	-3.5340537869890642	-4.562503324515014	9.083346992266366	2.4716512241920725	3.548017942098281	2.356916718726855	-2.06870856974632	2.634572846050342	-4.596508583808944	5.184028709995276	1.7861302286326763	5.722711492322685	0.5521844485339568	1.741691403962655	-1.4869688314156708	-2.5412271373677044	-0.7255260768664573	-2.176124517413332	-0.5423385098891096	-0.5042692337620753	0.2286396572058191	2.0099401456292716	-1.4366990375684243	-1.3152791906079455	-0.0625896519660065	1.2709057782747273	0.4949440060430272	2.0038447744646932	2.107017386211154	-0.44996101568859453	1.1670932174949298	-0.17780394996485743	1.4957054409908757	-1.308309914948508	-2.3375880738235737	-0.37995542403309124	-1.7694552164886463	0.4483009382487618	-0.5234776639282661	-0.195528620175154	-0.40751999890706725	0.3813005650654702	0.20839513837458734	0.3938088441473134	-0.5230471682975497	0.4729562029339352	-0.1571739506846518	-0.04419241308144582	-0.34481831324373985	-1.148368153505797	0.8334841342714375	-0.4919239447531735	-0.2685879586113858	-0.6807055986357011	0.6952381157664297	-0.46256724365607366	0.5825255647216213	-0.3202982936882621	0.9056333351626841	-1.5769261296661725	-1.4676217957246498	-0.32967544938913673	-0.07588538612527948
DTXSID9029275	-7.917274342282013	3.431825439836691	-2.797311043429368	3.339453982661878	-0.08271309260115199	-0.4808194479997409	0.2963166245363947	1.541006225329202	0.14233422383910896	-0.40101529112075784	-0.3090590177664606	1.381470587753452	1.019337912224343	1.0435544192088217	-0.44317441323294876	0.314247277449839	-0.1844995386049259	-0.08521927260793173	0.8769114664591021	-0.8594820129467883	-1.0871816319488417	1.5682564926051232	-0.050191444557570485	0.8472659855126079	-0.1671495631357009	0.02301650963985942	-0.4740478620715939	-1.054324752183982	-0.5314400582213323	0.13056567941467706	0.2597851743695456	0.04401847109328913	0.3266173745747663	-0.4901096576727101	0.20764720896256067	0.1811572919017587	0.22232394444393977	0.7113487841138254	0.06955556991799396	-0.6290212470973395	0.2644032858807513	-0.6529059352962222	-0.1982783998371461	0.300386433343981	0.26447263735156196	-0.1853589914683557	-0.6194690087473491	0.7396112144659196	0.7525621389952277	0.032052420248448614	-0.4173242838962823	-0.8319782275461571	0.06833839828676812	-0.30917531039774077	-0.4441016867501162	-0.6718231082572982	-0.7283406702567958	-0.9643828646414583	0.008891859962407083	0.28674327904275737	-0.4421792792414079	-0.040938753442017556	-0.0088496383421721	-0.3147624928802609	-0.019571904689322652	0.0632857282181161	0.35277481632800034	0.03546279428270551	0.4117403851953888	0.43080060928581565	-0.5899819121364935	-1.1279119612183859	0.3828333795877715	0.09268062215855641	-0.47413206710215644	0.34743114864554825	0.08664024077814331	-0.8669090266816535	-1.0408570212322146	-0.021141591141598026	-0.08291495985369868	-0.7090009457470728	0.2641971094506721	0.20645130555770297	-0.02701220046189958	-0.9566276280168143	-0.38725911656170026	0.5778047636480459	-0.028799015126222967	0.07042729615314153	0.6787070224061822	0.9683181404717345	0.10539771282439793	-0.0755506384997821	-0.5678390632895303	0.6250695301533374	-0.5861129143761246	0.26301582573581517	-0.8462275292970928	0.4579670123370125
DTXSID4047624	-0.38979396853503767	3.8123604993467235	-2.68283955212068	-2.1740640426613833	5.751716133415402	1.3932618470729297	0.7071845058702001	-2.4909135624824854	1.3081294884927344	-0.9501766682860805	-0.08293799029086932	1.353388604123268	-1.131198563294724	0.5667646677003593	0.5571066239401861	0.9070457047450793	0.8788967888884562	1.688681760356525	0.19811011120105596	0.21856825445516628	0.03664251049662938	0.7283441753965193	-1.312081825111936	-0.22535313268108137	2.0219660254824174	0.05698437390543194	-0.724703869336246	0.8575230468356859	-0.6059411947342732	0.1500786826722341	0.26166143538130476	-0.2925476645861002	1.2033627834310532	-0.15076861831285615	0.08546248017223661	-0.30589822142913303	0.4322893926653716	0.33784268942817697	-0.3096434370098579	-0.20801562534918355	-0.22271263802317723	-0.5313449605572643	-0.3801969297289852	-0.16148463883076125	-0.25356691421472594	-0.6328682976817377	0.7399399862413282	0.0896406485940795	-0.058663568748155544	-0.4160531686561232	0.025330191685583807	-0.47123889488088927	-0.4253973282210804	-0.44643147295198876	-0.5960032835719946	0.40576191437941267	-0.6131791228533037	-0.21418788023844607	0.41117620990135645	0.4516903341025158	1.1163825133417498	0.10975630705003019	0.06070116990908896	-0.6956875239658478	-0.1461520338325761	-0.9111424691369925	-1.097060640228638	-0.3996250721522426	-0.12279253618671236	-0.05554467681887823	0.028198733523500236	0.015754530256246416	-0.14085155410762928	0.12688794081670196	0.0009626471652878429	0.7531819738361615	0.11728815156576423	0.7053620165742173	-0.0803143877306035	0.2448162510899494	0.4437123893697668	-0.26436814494698524	-0.5453634105197951	0.2790873113635035	0.5353480192673971	0.5344745454848819	0.31368174159055484	-0.2754102293195785	-0.12846054181389113	-0.2952354894198713	0.30124343076059606	0.27566012982466714	-0.1296579180298178	0.1784389907609502	-0.3357203270694768	-0.14078273761512444	0.3558629688741047	-0.10996372216280947	-0.04551583689978296	0.04564255072733983
DTXSID6046187	5.340758881252548	2.6032290599188093	3.572036586053703	-3.1969438458838306	-1.8736137612908614	3.7152824394580644	7.821082340600539	1.8744757956779714	-4.72247483839805	3.462393089855208	-2.7846006605902205	-2.2539221200301998	0.6896263347573958	-0.7153377331763919	-0.9709457232179349	5.8927323515829295	-4.8857280594225685	-5.234476275694351	0.995803347643478	1.9465978412008698	-7.176360044934629	3.194669970310015	2.8517729175336504	2.297208097196408	-2.7748781736539923	0.36838381489641314	-1.5583497948697054	1.9507825857689636	-3.1952725263047546	-2.1980262950200142	0.5538457625215937	2.802939787908822	-0.39642210592035115	-0.5559475066816818	-3.204075173934503	1.7679192044741252	1.7672750410150306	0.5521362860618172	-0.32831180344216315	-0.6865883917844293	0.38402255267493257	2.2285119824066624	-0.5256324017251872	0.7198432788239151	0.7097560615658254	1.9842338406972397	-0.012162487859725157	0.2913636296083383	0.6866616471346773	-0.333601723730651	-3.337493657418142	0.4757749092923257	0.18854634238561685	-0.5096406965000059	-2.009104041002349	-1.8471826764492036	-3.3584124534004904	0.030308977595849627	-3.4592058342444805	1.3552268721321123	3.2462373034413896	1.052888068052633	3.096701870731753	7.240734698915513	4.375143281407972	-2.246237364024547	1.273771236646724	-3.086290608760508	-5.009173906708711	-4.22539381452761	1.836983980682781	0.3819762618416942	-0.07214481435601558	0.9183812406334285	-0.5872217327404554	1.4049239636229043	-2.3014878250402826	-1.1160313190539901	2.600505027471001	2.5408913927934034	-0.9344144376051058	1.0540532786863341	2.3840022478125453	0.9809209427419014	-1.6318531344666733	-0.08267378212964875	-1.2354531392887291	-0.12897799158077683	-2.742699177927598	2.644414822608209	-1.0517721476107234	1.208164040346397	-1.27037212239287	1.493819326867382	0.20940838188277328	-2.7536094547959156	0.22682044876659294	0.49882852406683725	-2.2616157535441728	-2.1538295164585888
DTXSID9047411	-0.364902010082599	-1.050212594926035	2.7388738565688917	-2.2365304728263937	1.4915647151383227	1.9108311336526584	0.19281274808739643	-2.3319170036775008	1.454325322605999	-0.2792187214907738	0.6830537639066983	0.17278563055983598	2.2602366618545426	0.19814417520402794	-0.10481941549090426	-0.7551807851701889	-0.45975732439885053	1.0018897969401428	-0.5194387403928509	0.6916207687443037	-0.6106005044117078	1.3215184971484224	-0.24842300855470167	0.1013109868999988	1.3056763004260512	-0.1649739478857614	-0.8337293693839812	0.1806737749943409	-0.24248765235700334	-0.25014939075147397	-0.22151967433766157	0.025888369603125495	0.5556730764103371	0.5363767624922362	-0.44615247406347347	-0.11816139700890067	0.030940574722881392	1.156424730985427	-0.15919455553014256	-0.1458606577889661	0.19245380832517706	-0.6594538282340611	-0.7256491828103497	-0.3542837574064164	0.22354032898591145	0.10121814585208315	-0.18233538826218418	-0.44220967294390257	0.40615052037516947	0.8117256951234918	0.30510449573921716	-0.14537010784359378	-0.620933914948813	0.3111412969920155	0.15324144033482184	0.1610632401100081	-0.14436538141554636	0.5470361775845066	-0.07804120886044362	-0.07559971145960784	1.0647442011792208	-0.013228261576000084	0.5144942098500324	0.04748468986692166	-0.7102892197086313	-0.23579949518057478	0.290965110077427	-0.5274873775095222	-0.22777187701812762	-0.28777741055511613	-0.01869094819332042	0.5082322969363098	0.27778889670484386	0.1327327183837146	-0.06148161516585673	0.07652484564417672	0.1824782030956053	-0.232346243765923	-0.20417623469785742	0.06761777956852931	0.2820658577217922	-0.5408109086012259	0.06192091679394065	-0.28598643341848845	0.20894851246878868	-0.6051324760264821	-0.07065808881528587	0.18639916135415832	0.7767542082632671	-0.10632122865833503	0.24042111751697018	0.11983295613797111	-0.7735652706862313	-0.1211462022347286	0.1149385808461026	0.3161662453881412	-0.14068959652923452	0.4888206741891982	0.4841131378574762	0.30358631449403595
DTXSID6045169	1.73348466686617	-2.362034819402998	-2.784821860760769	1.1486449951507254	1.2139937902490234	3.181959739007521	1.1394295015193203	3.190234332752133	0.6337886628245133	0.33164395508222594	0.7871946774312043	0.3901438775936808	0.3085932742134236	1.8847120254180707	0.3132227333993883	-0.5354554834920316	1.8413191974916023	-0.4443679110152719	0.4392750026511043	-2.6941223881719982	0.3290076982751353	-0.6835148024321703	0.7889788382334686	0.5809015810201007	-0.5852398260214838	0.10998904722267969	1.6932997728633683	-1.5767989338230919	-0.6748671730394217	1.249527678510654	-0.13973046060931138	-0.01949645108705281	1.4393111663239453	0.23375233909583776	0.658945651291789	-2.024475372194017	-0.03464379151428814	-0.7646463075089324	0.557624834422907	-0.3937540350414653	1.037120610270188	-1.0890579973477945	0.2186377075069113	0.34469583531531583	1.2898837161257506	-0.07726736373540186	-0.20424417048682078	-0.07268170443016087	-0.2991489965976137	-1.4207597949070394	-0.04854399948489974	-2.2252278272829638	0.13341148689440657	1.9113555572702947	-0.7094220730325009	-0.0537723552431044	-0.16247318580403952	0.5104454111809946	0.11663090701487214	-1.3670825334781718	-1.383090337450708	0.58206159278754	-0.9673812261534604	-0.7864739547817264	0.25927262780629473	-0.27644535062797704	-0.9890174820774442	1.5379290622728825	-2.305148440242603	1.0690264305002266	-0.09469259585244329	-0.07206348476303719	-1.1627870951924089	0.3044179960482297	-0.3918393846873556	-0.1489833611679556	-0.739064181009976	-0.29092755506997303	1.082394057669494	0.30792434053575113	-0.15511122364849467	0.38107689081944723	-1.126650605716712	0.6692484027907697	-0.13611561212099624	-0.0648555789079533	0.5499442759003667	0.049975748188589054	-0.44266020103853165	0.5377856219699624	1.050170891377925	-0.2505601580342394	0.34571652863664476	0.02885016285558836	-0.4972738812744836	-0.8377563614199727	-0.49276884859588027	-0.5828854178626268	-0.3815600086565446	0.3486434268741507
DTXSID5038888	10.789840514005938	-2.041860462215064	5.633235700781112	-4.436910900071001	5.0741462363982235	4.075107871513032	-0.8476958845793992	2.854120696766588	0.7122269492540061	-0.8576602312976074	-2.255682814573735	-0.3691038425352372	2.1571987915462687	-1.8061472007167716	1.2854660150727344	-1.8064789718410208	-0.8850877985657485	-0.6435480642025264	-0.5941269197097915	0.5152737152825506	0.49612442865162854	-1.1902565101506704	-1.0164166269098238	0.30858603325985534	0.6194299443178503	1.6886186379684431	2.238982646500055	1.1070955713722488	0.26496733345198203	3.504742601586721	0.10852026853442205	1.1144381867561413	0.2341679997007606	-0.6082210118012188	0.1543386397095811	-1.1392236161602713	-1.4561100729819207	-2.8714092921641154	1.7630938517982448	-0.3961149936837499	-0.2512011692508482	-1.5953974891294997	0.43422170594591086	0.9275237499693921	1.2220083350645319	0.29551195084927945	1.4630898331260265	-0.5049026646472069	-0.7097004649053986	0.3799246671307572	2.08122499421403	0.11652448811698238	0.2534578699300273	-0.9014015538878086	1.9227321195552842	-0.027646830950608898	-1.5471215627187855	-1.1422043594226154	1.9721690675524732	1.3032592356441202	0.00535350774038577	0.06559581147435962	0.04751126697574031	-0.7688090629422841	2.5996011651795223	-1.5078737569119578	1.297455696598966	-0.3663603396529309	0.2982550852744518	0.9203406470355835	1.1167353320933953	-0.046362182513396535	1.3999225200929677	1.4150193316556647	1.852829765143591	-2.295777302180249	0.4957582455057766	0.050052360256041324	0.5039185868957199	0.3872642868132494	0.023011455609343433	-0.4456189620559548	-0.9513495306377391	-0.7243601239351165	-0.45957080490817837	-0.6086672136042478	-1.8466726137644451	-1.0740651550721587	-0.4221730217398483	0.02241405894540305	0.24085719082388526	0.9805674959554457	0.4192723386682492	1.7630211922001695	-1.1828502579493922	-0.839547853396997	-1.2851241227197365	0.3312089620502207	-0.28326143737970455	1.2815592513940524
DTXSID0024923	-7.475581032286774	-0.3406099512590045	-0.7391536997063415	3.3245290830873944	-1.7777739875738834	-2.4084364866477963	-1.749474588469066	2.117990392492008	0.5343372339975996	-1.0592746200461933	-1.5692033832766583	4.520630725061736	-0.563497309664848	3.0579287121566363	5.403896688257541	4.957011762234354	-4.775135390747113	-0.6363538695115759	-2.2411882781591315	-2.4075258040887686	0.7565694614611296	2.041543227177719	2.5695895919857668	-4.867183069075944	-0.3934520137717212	-4.030360715571187	-0.22118293703730438	0.8997030722479206	0.6466245792508665	-0.7258920703045687	-1.0118716609616716	1.5348228239942021	-0.646812412986964	0.5162111230021245	0.6909503562128805	1.1672449090313328	-2.224480343066788	-1.7760526310374563	-0.7533651612094359	-0.5750683184724493	0.02547416792141486	0.17232986509270162	0.938583238881453	-0.5967432335666212	0.6806984678846071	-0.01542391329482934	-0.5197074310223597	-0.6161018169774025	-1.769433506935381	0.46877402031256576	2.0377982623198942	-0.6118707774320394	-0.9979213223795421	0.27110281037785716	-1.3708915480516668	-1.1068487220693028	-0.8600129529218339	-0.16893011457693874	-0.6875858439156359	1.7115273752372513	-0.6298223427788794	0.41257991136231753	-0.539351143053223	-0.8466360633745614	-0.5455064397686035	-0.2534375261932174	0.7584072453437858	-0.4238241370314839	-0.18100573245437634	1.5511612896273594	0.8137194563113028	0.04138034670804111	0.393115330286985	0.36877416968690097	0.1596923398209757	0.4278610783536921	-1.3568883205291413	-0.34343507293001435	-0.027559377534063793	-0.2756539235811394	-1.225327524912413	-0.4484814657213518	-1.2863617589941367	0.19787282527148825	-0.09066191392065046	-0.8552760636535461	-0.6275248824033575	1.3258086799013535	-0.5621818899307915	-0.6788346798244006	0.33666156555976723	-0.38432297094815954	0.1425124806075405	0.05635038732314517	-1.2325604923476543	-0.04912646557378382	0.46063669346668146	0.6912396400430916	-0.9266109106634342	-0.23232274809963852
DTXSID2049426	-5.342488937475156	1.302396195885109	-0.555729084942749	0.25900652265173013	-1.3433301261159754	0.3178027897454411	-0.4923156012709392	-2.0323927187620665	-0.10399024802669303	0.6560137180673303	-0.4933226359258012	0.24244384749412878	3.391017574035155	0.8023917562163253	-0.5595452020315954	-0.2407766356615781	0.09695623859579067	0.7633716184549035	-0.9668433708643361	-0.4716295885523759	-0.8652990217456281	-0.17409344656739997	-0.7261992694385816	-0.2133731510249781	0.6916055139725147	0.6427219095015098	0.6938281697860057	0.3283846691811322	-0.27879434989781177	0.3695464776275576	0.27969978563998726	0.5430169073939283	0.036888519977654334	0.4733327073594943	-0.04009375083100431	0.26909135336684004	0.45094122293918765	0.9978254348080432	-0.37987984846346895	1.3795725026991532	0.09831270496551807	0.41033473788729885	-0.18390300534765502	-0.42944779054841725	-0.08725219192056434	-0.39909912011937243	0.36188518608733394	-0.2745228841512899	-0.9165429946418304	-1.6190246826290025	-0.35589263095700474	-0.3705259270047044	0.3493803108034942	0.3619231991233138	-0.10523512793775132	-0.06802071645617234	1.1568625987891383	-0.48300500265010654	-0.5147218045007881	-0.011498947556603448	0.057621095719495974	0.948671774404891	1.5067781260554762	0.43564470657797943	0.32431803248941976	-0.48098513414283656	-0.6340516445036254	0.06665418252152777	0.372474694263421	-1.0176596991014553	-0.02709810411944568	0.032273174347867896	0.1256791529327158	-0.440371547211784	0.22925908808713535	0.062342337269154065	-0.2760417840391552	-0.3705026636013906	0.1295196368265249	-0.36617365440807836	-0.28428239876553657	-0.8728984378773725	-0.029840943325980432	-0.28772054746974923	0.2097707216041356	-0.8767443841321362	-0.0565411399984682	0.15505255065664525	1.242591103715079	-0.05894899546169156	0.4047066310976763	-0.378222486623165	-0.6502273683541843	-0.044194772489404496	0.010541327799402731	0.15940544766741416	-0.5492653466718519	0.2121801464502203	0.5602764353506152	-0.27546619958133417
DTXSID4036514	5.295539956088583	12.595502209966298	2.808361445337391	-1.4405736406406286	-1.342260627542751	-0.5229460771206523	-2.3169094008583992	2.1263201847793964	-0.9959882058557543	0.4917183158176446	-1.2112987020148513	0.17859498138685445	-2.04877180497055	-0.7695601297176107	0.8007335273786689	-0.21453150472977084	1.1214631835190665	-1.3741896631959212	0.8613755464750172	0.7313492320465559	1.41395792550265	0.17754539997308494	1.0177208118252006	0.1399517612625924	-1.1885286032584326	-0.3353202744815917	-1.4623367221438293	0.03277018948643212	-0.1751228240972068	-0.8394301069326517	-0.43826700850895756	-0.7185306970203348	-0.24626510144787941	-0.12314134822697084	0.185073753952166	-0.16689650359548983	-0.021485838885623325	0.16957514092301956	0.4727385383948902	-0.03794964573700862	0.5388237364371088	-0.14214289509982855	-0.7677581430475057	0.3097406636751398	0.4164549298484845	-0.9425625626221887	-1.9991398353464764	0.23711707636226956	0.5635662716933034	2.150413523508228	-0.5680537342285121	-0.7680225352463312	-0.7016563098014832	0.5689206130861054	0.5343817811850956	0.6149871560132538	0.6124698405837931	-0.7010821664749151	0.45315263331347116	0.28293367054051183	-0.5819757706941985	-0.22393914155702313	-1.7837899116883986	0.07271928632653933	-0.10071746907232108	0.007114700127186081	0.10121632471781711	0.5103417241809299	-0.49523717244546894	0.6305107388449553	-0.9938032040426777	0.3715029448311702	0.35188895197337317	0.0039378472880895925	0.06043798548463647	0.4003533713118539	0.94399535858586	-0.16229684426764004	0.5020936746066579	-0.3817156955300088	0.11629849044022447	0.036530115989499685	0.6741079333920316	-0.04458772515809436	-0.7622723707717503	0.03148940557764353	0.7299876795061897	-0.36108722921270064	-0.009354015182862703	0.23364155467680486	-0.06662537626778496	0.26112738829256205	-0.09289636805576518	-0.42946460308481693	-0.08551981400712767	0.513012361883078	-0.04275743035473175	0.1311723309103085	-0.16286383648516356	-0.23106694121700513
DTXSID7022910	-1.3825664686947332	2.596482953200319	-3.9212582081054475	9.131110432046713	1.2020209985241437	-3.6831036346693624	-0.7723696025655642	1.4553012682864241	-1.0795744161580585	-1.7603369480236717	-2.6319900559223406	3.3170466297018772	3.9141728919344123	0.015836121578613638	-2.8439167662861777	1.8494144277700364	2.2635323675794874	0.7345522038394443	-1.4202080299548425	-3.160977657992016	-2.174151140851679	4.378039526699542	0.3401201142468696	1.646185403622173	-0.4258182192927411	1.0750956206268818	-4.5698458751868305	-1.8064564937505314	-1.5657828948354946	2.294560610069907	3.248828572216207	0.22068728991908684	2.2026101541283913	-2.953262814467137	1.3921565670624108	-2.1024723448036755	-0.5329711335701081	-2.9682579320271865	-3.854354806167858	-4.831374300801088	-0.2735588492995748	2.9331027544568635	1.752494130093198	-4.170610704502491	-1.2987276213855492	5.424262048238398	-7.012062305549672	0.20537532449492973	4.619496154846443	2.406976376307917	-2.4485464630921028	1.7776402749005307	-1.1562682527989159	1.4306603565256073	-2.281950928147153	-1.4883634146339784	-0.8718826551186102	-0.7198347154375512	0.8289910216419656	0.3395013823669067	-3.0219974291788376	-0.5247785660543351	1.320458043922385	-0.7941444184862357	1.4574349406930451	2.7107141197470743	2.124423519765139	-0.6112186189014586	3.1735376286610855	0.9791496799568778	-1.2501319540318103	-2.4768314340356166	2.5719700697774	0.3188521016860471	-2.6832043800701784	0.6611288196081669	1.0205388221008564	-2.4951499521849487	-1.5345201338095975	-0.9787828139444575	-2.1030052570563353	-1.6083894849021192	-0.15762067802393487	0.21031544462735663	-1.9239580251319999	-0.7032108080870955	-1.952878264261984	0.3519525241048933	-0.06541313103875177	1.3287423573618653	1.8901179298809467	1.8048299168035442	1.4246298970109366	0.42048938572024835	-0.6181094796254315	1.2602133948482628	-0.5094363803812703	1.1916971908241265	0.1164336853190646	0.44003023842546096
DTXSID5067348	9.580685474676438	-13.728154987760412	-12.242254441795843	3.167227036896793	-2.6652060438617826	-0.7700662889912858	-11.731216446154967	-15.597394291022857	-0.6781145633904879	-6.530420269274306	-11.705000572417275	21.733419805991584	-4.4032223729537705	-3.8021658573144523	2.585674563487794	-6.02084862596207	-3.112436052579864	-8.47812933033855	-0.9853506822265778	6.860751762839694	-6.084063033395684	0.2719512028950408	-4.900516786885519	3.2007544676810027	-1.84676015552667	9.091985982113497	3.2518853661602587	4.061454442835455	-6.934328383812252	-3.4090564782584956	-0.4463263743979259	-1.6528196609212782	-4.462090789740618	1.375204737265503	-3.589281885989541	0.1633464360170497	2.987321575864771	1.268336922179806	-2.7120335092224037	2.7695409963960307	-4.593895930250926	1.391262898256882	0.5928076370655546	-0.5288703357393505	0.3120627136176804	0.13408664654381985	-1.098360043081041	1.3954642688141012	1.9670784507360413	-1.271131896248259	-4.329462304684519	-0.8694425500149903	3.8883768644378107	1.3194089359441006	2.298836662302075	-2.119686843419558	-1.2802722931514572	4.61130444707901	-1.0610810541655593	0.7830890624606198	0.1598677383703207	-0.6804294812983178	-2.927526731856505	1.8659674896571536	-3.0862767845817896	-0.17412913597023502	-2.1839308426509345	1.3353203837274787	-3.0579061766111524	2.883691104299593	-0.6353681752271878	1.3332725121797007	-6.9604181119799655	-1.691053738435068	0.0849494219201158	-3.6057014958927267	2.63485160561264	2.0729060105297026	1.716578963334581	0.48133095849929175	3.69182326782461	1.3810093079689616	1.9795326435233873	-1.6241747670175752	3.4968745315975047	-3.000708721818372	-3.6013063024033722	5.70932300012404	0.3185768342634259	0.3380599457634924	-4.40095242659992	7.046021466349303	4.164998969097089	3.0349395317697057	-9.349488111731791	0.20966924025815636	-4.387216153939584	-4.373843746847354	5.281649481173085	-4.08516425344445
DTXSID9047415	-4.364879214142202	4.052211834421294	-0.9850460471008318	-0.1948315872530707	1.0773847019473581	-0.3458326771200204	0.7257646889002978	-0.7800994828871779	0.42562373768182793	-1.2260931806234179	-0.30099837102468197	1.034222469800164	0.27908511803106667	0.560015842076483	0.4562280050807432	-0.5717768057143258	-0.4887268998358693	0.9156648373150121	0.6926189976215116	-0.5299879107144829	-0.4673800492435173	0.590892876026705	-0.8385978646270981	1.1698115852997497	-0.8096409156501714	0.7054303583107475	-0.2911890781587259	-0.7968514970055828	-0.20121383211899213	1.4557759356460367	1.0307133411528808	0.6480858504019078	-0.27775076310218905	-1.0221237514644625	0.5040228114545227	-0.3397031716986799	0.5518382524345044	-0.15890257841408656	0.26698912535033203	-1.0090667476478332	-0.43228913757223086	-1.0609489128845386	-0.09192404669773827	0.3822964541161221	0.35896805210435073	-0.09172692276796009	0.7862069024724028	0.6438391264803924	-0.13665502643828725	-0.404400369176576	0.14271255804761585	-0.582302421554451	0.0924060093891685	-1.1432009911132466	-0.6809969642395332	-0.4868128102051388	-0.7396558541627137	-0.03170228393683318	0.5468133603331323	0.07338434870815186	-0.08627685767662648	0.07362837640839937	-0.10858046654202169	0.5284635130107799	-0.16256967117021054	-0.048894721491202685	-0.07040053180576625	-0.3190291146703873	0.7399611024578325	0.5732993879385508	0.4302019607847124	-0.52684411392902	0.3129630520520738	0.20746016082335275	0.42066970790208735	-0.12899245459526207	0.31394023093876844	-0.30361366770342074	0.22536437519445546	0.5344181536902944	0.5002463865818313	-0.4790599940197097	0.11595281611956	-0.41989762047653567	0.3272063458219154	-0.05383866095218539	0.2951075275049045	-0.4438583750132198	-0.6215546241872041	-0.1942264437447429	-0.6693087891546278	-0.3087645305362592	0.06255331790192797	0.6105278419167889	-0.555526329968135	0.07633752654027423	0.13380168913856239	-0.3924093272804191	-0.35446851252323885	-0.0036610002578492014
DTXSID9026849	-7.806786079790346	2.697425234099517	-2.263015637864247	3.63322203137949	1.2226468804752544	-1.1852862401461954	0.10060203916539161	0.49350947581807325	-0.9693911870838569	0.09967009164682572	-1.6485003114899393	1.8026805808966266	2.0186354797088084	-0.2817534465257972	-1.476001573146147	1.137763672216054	1.0585433799362722	-0.19539090504334375	-0.6547987579979881	-0.832235258506754	-0.7246370441624511	1.4708071791022308	1.221477782553822	0.21172384836982605	-0.37788546326286626	0.371273640810235	-1.5862862085878695	-0.918670167461097	-0.3557436128208167	-0.4446936857519902	1.3917149433904232	-0.0380772918620342	-0.07566898197122368	0.1450290147508637	0.48710561396128615	0.1363386361373466	-0.24676280698375405	0.6640819846777981	-0.27703434827819423	-1.4298070210159475	0.8824963693249698	-0.13282535749324476	-0.45862218446997977	-0.44720216491115555	0.663395111637937	0.534574623188139	-1.2170418198488588	1.1498365485352033	0.9206347733975435	0.19531230440056116	-0.7822023234978484	-0.7733118907441731	-0.7049834959384608	-0.6888297930398368	-0.519236672607883	-1.1871776608229618	-0.7062003589005394	0.8669569688818287	0.20984061041224	1.0724004984056519	0.010545546290971592	-0.6144062804722125	0.38103162277492736	-0.7776928843647406	1.1690049838484322	0.662810136426996	1.2877846996892153	-0.24805755644138489	1.1464854748494628	1.011480791822218	-0.5205732537365505	-0.7530113969682248	0.6384500156830063	-0.09232722674129469	-0.8240578396693158	0.873955279230472	0.7582525292883225	-1.4481409465557915	-0.5710506395432114	-0.6012141055127495	-0.910292765510071	-0.538646714056332	0.5274597579517053	-0.16215401467362	-0.35660862507896457	-0.6642421813172181	-0.3532330107649496	-0.10897973730900984	0.41048735817668225	0.30946630405939407	0.679774867662287	0.8344415681675004	0.5451400350367074	-0.035781797997016966	-0.08041118580467516	0.8654199792208519	-0.2545812613833726	0.3100604423743837	0.5051831662163937	0.5254474529273258
DTXSID4022571	-0.8767246575720102	-1.3098234673735585	-1.5946673757488363	-2.2043925874927544	-1.7161999268558576	0.08757778620413217	1.0975882670094104	1.634988943324594	-0.7405868935518862	1.1738097266808525	0.8363402661922256	-0.5635327683117769	0.7698111203783542	1.2512391650358379	-0.3198216501185443	0.8884952335824126	-0.4327177284467184	0.2553914526620082	0.2671808005626262	-0.07783822626006197	2.0794181839545725	-0.19583056220470196	0.725379902671203	1.579121743279109	0.12972507746897116	2.4918510242601197	0.12106034583520547	-0.8517207357730889	-0.5998349427671816	0.9732847129794505	-0.1593872562293017	0.041810907517487894	-0.5402507630175971	-0.17785977844476303	-0.21118356288230122	-0.008618124014082355	-0.14725493968013847	1.5397899832548176	-0.4393162685082461	-0.46116225305704145	0.26657582979749195	0.41821669619266716	0.02408146222902679	-0.8240421453034944	0.23269857066465352	0.5989660059517129	0.9319401269356961	0.4819319471574424	-0.48120961054703826	-0.6449426205601284	-0.5801703098042462	-1.398894339076954	0.3640758572751587	0.5652832967848221	1.19352666565886	0.8548134701848129	-0.20044643850839344	-1.2851869210423326	1.892376265607794	-0.07580588050541698	-0.8730508381465683	-0.6400403614505027	1.1795329109687345	-0.8107479704001035	1.2078727215460872	-0.02567103729477839	0.8610522831904786	-0.3904253717579487	-0.40856049604150557	-0.34209880165168194	0.4869840127796806	0.1709766524943338	-1.8630481279468842	1.53834947171048	1.2881142725362815	-0.8456476758176578	0.6053895375511424	-0.5510950428085102	0.3686533523219103	-0.9200111843812129	0.32330661288320484	-1.0467948160067102	-0.524845980605327	0.7135556363490448	0.3616791106992448	0.2915027197253044	0.09290595627043786	0.3340268742911789	-0.13577391080906517	0.4285716502890834	0.6023861989207308	-1.0404940047788984	0.07388399895431064	0.5175284016023708	-0.9722566650140883	0.24359362415025154	0.3844707923842291	0.2865940922330131	-1.276964703301525	0.18944091389212203
DTXSID4046818	-4.586439856711709	2.585619243301052	0.931822471301691	-0.2587674146113282	0.40544944835933455	-0.0868536259222026	0.6419601051113415	-0.9609151247172133	0.24299870327638393	-0.8908085822457749	-0.8028485795055785	1.0922088402650623	1.2293903349896895	0.017497420216495276	-0.25223245375307946	0.3692945848510006	0.3330512378383384	0.9316625122622559	0.009958593193574389	-0.8024700727515597	-0.9085790177815429	1.3064795792250172	-0.46362286563229205	0.9549486420281794	-0.3716906869236981	0.35368251298204245	-1.0886372754923928	-0.5828056111734171	-0.7086824737142617	0.5459099735023053	0.2448193427173893	-0.19449598096924808	-0.26738951977637876	-0.5881847796179253	0.5767227782811709	0.324810840464116	0.32244885069010254	1.3404495322696868	-0.23715588561415568	-0.5831946442180832	0.2271021112171049	-1.098381883817606	-0.6562653527029649	-0.16283370014498474	0.19598339597478642	-0.09880620736068332	-0.38091486575931566	0.364672857201283	0.7129428164223273	-0.20817450690960987	-0.5099711059415094	-1.3861239200551208	-0.30915566215843526	0.1465021391643832	-0.5570424979561094	-0.330340991203402	-0.054269938159996756	-0.024200252935028685	0.05999522035735976	-0.3453923205290639	-0.18979071531174943	-0.36570441724043634	0.44237045247186874	0.5932730692048931	0.47397074996319977	0.6612469866882055	0.2078096549113659	-0.752166985071169	0.8353298910577185	-0.07876084608174506	0.2710994054296897	-1.0955179159882413	0.29898142828421936	0.03895410990473682	-0.5198530195450521	0.3565699813012824	0.8009555524208256	-1.1206917358414439	-0.29650384996510787	0.2887047084023689	-0.10181117560923236	-0.7054654932216772	0.541371040114138	-0.4964808239442541	0.28624007567765003	-0.19651327627193504	0.39773429263116433	0.33105245685878176	0.11039640237349455	-0.04234954635362253	0.4772583484387562	0.28071592288127817	0.36233533649647526	0.25455194445295143	-0.02256912976089465	0.4476071211062689	-0.21326614910217542	0.31434957433081007	0.18417546403749174	-0.21260201860542932
DTXSID8044200	-3.2993057951364935	-0.473529195740251	-4.109608779363084	4.794826331238176	4.422159579750316	-1.052577520903494	-0.5813874863085008	-0.7358476523259319	-1.0906625997214463	-5.554509669251864	-3.542056053079988	-3.5283228467355414	0.5462921979105293	8.208562226996392	-0.4802267063797481	-2.1781834918868688	-2.797831342425389	-1.6403874654104857	3.2423850254248525	0.20034269586744274	1.4652837405300814	-1.811099420709454	0.6526047199362222	-2.2623950228039984	-0.8573864631149769	0.7718109817101124	-0.7039693970152012	1.5789186101028891	0.7068964481596441	-1.7647585880564562	2.2644403780295157	-0.5877524755912306	-2.074940243629401	0.8459045485953587	-0.899389999315993	1.2683650381377913	0.8541867009354329	1.8645501770298294	0.3886689747524446	0.3865319426482768	0.6507349644535273	1.622687501093186	-0.29847025418139894	-1.8159998770958012	0.7117348823778558	-1.3814480455043752	-0.48942998112958974	-1.604047012377984	0.3369929613091214	0.7767228920826653	-1.8425854942744413	-0.2652591574522099	0.09939184720411631	-1.0445560092068626	-1.2981466231636674	0.7141182923476801	2.232596548277551	1.0457922860793307	-1.6383128713033706	1.8467866937693642	-0.5181372354046165	-1.9283915022357305	1.4266033350491585	0.05146040282528671	0.8935774276301851	1.9499539039919802	0.7126519342433172	0.17937863426594947	-0.7904930436168913	-0.8816467186978815	-1.0868796923858604	-0.6700264584713178	-0.3694507075543621	-0.24120741756076225	-1.4327514198946665	0.36029508383865705	0.2673504349929956	-0.35875727934165624	0.1786625011393053	-1.1117266372961565	0.24207245461048166	0.12583217868554844	1.1718464851690815	-0.3722702170474252	0.5915833565503852	0.44428952646746406	0.6222496102533238	-0.4790171074016971	-0.16867036858764214	0.46796751468917497	0.2032463329533885	0.3762529011102404	0.6738180406786092	0.06914048384610946	0.30201610024183556	-0.4370060102691729	-0.45207641557749295	-0.13819191347878945	0.738893130678023	1.3238872489190594
DTXSID3045198	9.193664220234421	-1.341669125048048	1.2030853719234456	-2.158967637499838	-2.345960240764284	5.153464099961081	6.65169524618917	2.3292310508149976	-1.6796007073090733	1.0386233965893685	3.379667854814673	-3.000973198380227	-0.12132569972700778	-0.5986026439283535	-0.21501244529387462	5.191319679161642	-3.6772208133611013	-4.041324551814552	1.7092136469505181	0.10638900038284807	-5.5069960870544605	1.02750256674532	2.38560007722042	-0.4396796324036918	-1.438343101349898	2.9332428428657407	-0.6518942144981127	0.821628702752694	-4.045514514686652	-2.149395316780676	-2.0185753836579403	1.3404274243412295	-0.8428597885663611	-1.0038195078691157	-4.829380238574286	1.4652692415329442	2.346354348667473	0.984686009799299	-0.27113114333681765	-2.8332144393523118	1.8707158577852017	5.064731190094139	0.06907152276853053	0.20753381390548412	-1.8001066074820091	1.636632282088474	1.2907497115468058	0.7621225594999138	-1.2345865687806759	-1.5086753159528454	0.07025221379030878	-0.34054819475401527	1.1251767121137033	1.6793542818221499	1.3036996167595505	0.8828296849433303	-0.25379140650110454	0.009641983983813945	0.4602619907378836	0.6843453619704596	-1.7192932114790926	0.20592672496496892	2.364288354377195	-1.3554269070822185	3.282821837847017	-0.4044957344885472	0.08686070841267464	0.3652475736277955	2.410065274086993	0.42507286025158636	3.0316854801002115	-1.101729751958213	-1.2142296729030264	1.0684938899349445	0.4677094929680944	0.23422772679563547	-1.2176330812632268	-0.8349721270136996	0.536059113798688	0.8216548680600019	-0.26755991753309416	0.07369496375049257	-0.6159047607984045	-1.4753903808405968	-0.559471210111554	1.598018059625346	-0.7085287511463738	-0.3101376575642725	-0.1210465518221748	-1.0237304333893722	0.04942778057010889	-1.0109689451043389	0.9808897191108829	0.8412966717702396	0.3983932426147361	-0.07188454743662076	-1.090924064445527	-0.2806763346939557	0.06387450320567435	0.883122078295164
DTXSID7027386	-1.8527397147839024	2.8720857307022363	-3.2789714343133163	-1.7231810715527163	5.203485038761677	0.9698880667225771	0.8451691666739747	-2.7617047836422706	0.8449979502578229	-0.7739087566203057	-0.18234456642481453	1.445820630820952	-0.07058089363533758	0.4097449019432158	0.6385717565776262	0.9211014231773114	1.3653484007072731	1.3023853401694567	0.7123393463205767	0.8455124869458277	0.2944699429319842	1.3263944485670076	-0.5957877657908945	-0.13998429966351164	1.4145702432961067	-0.1512648448253866	-0.4427162634964279	0.7066497901777535	-0.48759565928858223	-0.2747265349867853	-0.44949815599705567	-0.6135841335119538	0.9514409681608409	-0.028758634941462833	0.20845141858724694	-0.11018387855690703	-0.43561546549773295	-0.2340979205000538	0.22836151938976945	-0.3229636375930942	0.3347819818322633	-0.6779348171365401	-0.58983872904078	0.38965829989007084	-0.06553416834122484	-0.708261844847723	0.5511429274564708	0.4382629962632159	0.017308944287158803	0.1139232654152438	-0.4801210049331896	0.4878418653607178	0.028006075552167407	0.11076477156853429	-0.19404154798479187	-0.20390069827711518	-0.20875287465915232	-0.11005019740089252	0.1475197154239535	0.32599772553533146	0.3779865665341615	0.4090465215528803	0.24735247673524355	-0.6422320359662862	-0.369334296287794	-0.16278157756657224	-0.7785037852259349	-0.7059502711077729	-0.6821412403806288	-0.3169174984612835	-0.0835406459520019	-0.5007484036543763	0.18761156044803537	0.46596477514488843	0.4303237581535754	0.3885649474413442	-0.1673416104127759	1.0301533425647875	-0.3006438973305369	0.27724426745835723	0.12750425541737623	0.2390932450323695	-0.31425980395474057	0.27666993807191304	0.2349109076670032	0.2165290692006657	0.3873278154012219	-0.2271283963915912	0.02837758156819217	-0.0860949875849387	0.09714155333523071	-0.13759310388203053	-0.7074156891385343	-0.08502798347421665	-0.24140057346210947	0.37171071740825357	-0.27458833774285213	-0.003823001639990237	0.12198951708473142	0.0439243579079981
DTXSID4022993	38.52310137802665	-0.8313075827714238	-8.877575317756827	8.295141037542283	5.756058383373179	-0.7672855577196489	4.993004124227724	-1.7497169372814712	1.9834044751612385	3.8086126865631353	2.153767202677553	6.487916818563105	1.4952572572874545	3.885337851978686	-3.5509094716587355	1.1909513161288496	0.006628443713884549	-1.2702104130402225	-2.653768128212561	0.1546180686114441	-6.415139225063868	4.614447704234551	4.160452973791399	0.3581044500552203	-0.6617535489531575	2.9506070273030716	-3.281535807719692	-4.2146287737162345	-1.0621719684304325	-2.3470578968229843	-0.5997790101001793	-4.621903933442339	-1.7870232739869318	-1.1761241512595981	3.1146893302440484	-3.7716251937268686	1.3609023012341683	-0.2344244718822767	4.1566668284023365	0.7703967651648445	-2.7659052769271075	2.429155343908143	-1.5956183519969336	0.0504195992974634	3.1776298830121554	6.375957760539185	-1.2202184552303665	0.9122971322995298	0.49406360993701387	2.162303837271782	-0.9466840286018202	0.6436596485896616	-1.5189631214627193	-1.811923072185244	-2.8535773236498403	-6.621669340201846	-0.9512154989569969	-2.332829199029497	-0.3315212435306055	-0.7947104938836178	-3.2596164621592263	0.7701857917569769	0.18769301418538373	-1.9199045532809373	-1.3786999844803332	-2.0538789496442367	0.9601917428716062	-0.44879511284512774	-0.5655906091712017	-1.5325323281075733	-1.9160115766994807	3.2674026381734587	0.25940320253600335	-1.5641668788939307	-3.1961048360202997	-2.985065867750923	1.0426520172586307	1.4503263597636291	1.824085564409147	0.9443890261055288	1.9481821143406153	-0.20456930664546774	-2.7921024934824628	-1.223446310137595	-0.5198298538244537	1.0032512513940357	-0.2990107533110992	-0.5695910873759751	-0.2572657013675448	-0.6777967760023361	-1.7753418108905474	-1.75793992489795	-0.8777466365964007	0.2791224444320677	0.9076586077457621	1.4803594101419464	3.511681610461279	-0.7987443101608206	0.45234966150455197	-1.4501373163548987
DTXSID8023630	1.274586348373412	0.9706785405113071	-6.554181529732786	3.0428424647047	-4.636926455090091	7.166475884033612	3.147374816301375	-3.26482657222804	-4.03418170364494	-3.4055829296642153	-0.503210414380571	-2.4679551370575514	-0.09661880268851221	-1.7020573377936803	-0.575771166431809	1.8463876412890319	-0.8084350680765346	0.4311805775867976	-0.6649270794923852	0.682684923862373	-0.7092106676460431	-2.326738759810733	-1.1022292684502275	-1.362195125823949	-1.8568033439876697	-3.9228925952736944	0.2694649496158426	-1.3604764464294508	0.883693353114857	0.3578353108030197	1.0664399984405506	-1.6520397242062983	-0.9293624067481534	-1.6309800154050773	0.6650880596068793	0.6236218442383972	-0.9312864597386338	-0.8017871549777297	0.233787400691834	-0.9198313244112573	-0.1350756922513866	0.026421402950706392	1.2203049042059473	-0.1958357562441431	-1.3409088413829804	-1.7815757042938152	-1.777940593571685	2.119389260426925	0.14361818871031462	-0.5553575547971386	1.2799440741753938	0.25562752451727744	-2.4766941297421607	-0.7113882662099456	-2.256994910894913	-0.7404100352829159	-1.2094442687152787	-0.29492819636146594	0.5092756866126537	-0.03158522220376358	1.506539478064051	-0.7838229932513364	0.2835745862339349	0.09728303650500554	-1.7850963893857852	0.4402632558246977	-0.38841251267122046	0.33626271313160894	0.695378827988699	-0.8792861503123437	0.854804306197664	1.9303438765447385	-0.6680168786781802	0.9932322012782656	-0.2147355642368382	0.22862947250629673	-0.5180652558192661	-0.7284182294860242	-1.695504969674498	0.3181304044467581	2.079106954926148	-2.0327326748609438	-0.7909045596963127	-0.2223479015811319	0.2058852307430068	0.12342590610056373	0.3875338703170347	0.42821386994279254	0.6243891163451187	-1.5116648896741363	0.4299120237402127	-1.294822019592738	-0.33558143860728773	0.13746663922400695	-1.190982254168904	-0.2705667020174675	0.5407356653236219	-0.15935295729745932	0.5000014098708184	0.2860025763886296
DTXSID8042264	6.0048514867251575	-3.302717075106649	-5.128962035138374	2.1702316251532396	4.166951817037348	2.307008694070589	-0.04459214865844291	-5.3174031758906155	2.9953128232716955	-1.3149700906461548	4.615600273547902	2.314596932104687	2.2291089838147853	2.1368886484263947	-1.3202606181957324	-0.28032798288138355	-0.07726959049261889	1.4507644374968667	-2.583735793398924	4.023452787653066	-1.6636472588920945	1.396658873635041	-0.5460389696728036	-1.243127004194132	3.127059493523477	-1.2895008464892472	-0.9177275582940793	-0.7000575199400019	-0.26345250922147584	-3.105121154106836	-1.2635378172379728	1.3315312738557565	0.10544508249021795	3.1304889544374763	0.07415592208405201	-2.527668643029678	-0.1606689190905153	-1.0465126128017743	0.9872980451892159	-0.9742013656544833	0.818643569894299	-0.7419242527958867	0.09484182426413303	-1.8055415141303595	1.5306446025124372	-0.6517410309136915	-1.8037241684392895	0.08311956686165588	-0.6414281712017895	2.389879942623139	0.8134708582986784	2.7824295400739145	-1.4460812562362069	-0.6939968273331742	0.5677504674838697	-0.7998098987393769	-1.3857107288950914	0.7370057971567701	-2.0430348799783884	1.3847635115665196	0.5634093663962435	-1.919948774657361	-0.46482349178716814	-2.0966533866119583	-0.3035019083199583	-0.9324564143588612	-0.22345499255081738	-1.0750049930634458	1.369501352461248	-0.0048451025058018115	0.21633087139410762	0.2760342796826377	1.6063211206805124	1.8505758792592022	0.13236140038214153	-0.0015867288110173407	-1.9948629978349128	0.5210288269785438	1.3712927959217234	-0.6863572083847731	-1.5347692455577306	0.9163713442168886	-1.1341122159926191	-0.3315174700772558	-0.94616923333116	0.2464201264581833	-1.0587517403760356	0.02495769468040859	-1.1741750095577068	0.5621712568934464	0.154072092879107	-0.06439853864141823	-0.7328980813261361	0.8076202230890872	-1.3880393149562738	-0.5004435132205994	0.11764776370152438	0.6764080695661657	1.0750433503199903	1.4508200552281125
DTXSID3046243	-2.6748426955614266	1.1840949614986758	4.549535409850513	-3.145799508897945	2.2465813091812254	1.8472518888777898	-0.17214201726548908	-1.1839228677211209	-0.2355347115655493	-0.03000252732568111	-1.9637408361927247	0.791681717210704	1.254337829148787	-1.1658296783583502	-0.03678386829921218	-1.1141413563036815	-1.4952447746898323	1.2259643026632159	-1.2090466331416478	0.697927544553151	-0.5020848582679713	-0.8045772303979735	0.4058108168254039	-0.26548775093643767	-1.648751688072722	0.6238402850949002	0.963262905137305	-0.8374601108664186	0.7736060340353655	-0.8905386608390935	0.6969128735276302	-0.5227678425549319	-0.5281533647269362	0.5561587182513293	0.3172589570246846	0.2868676886105131	-1.087861094313601	-0.5166621001617795	-0.3088919574614228	0.18135907810387064	-0.03584586359588486	-0.21955469846559236	-0.23177491889767332	1.2213241478503105	0.9817263164249079	0.5784032047336279	0.3589772920079516	-0.21144749080642783	0.44952586326459903	-0.04880390821432746	-0.014999944146403026	1.5021960660425784	-0.4107684643821709	-0.1871016502122985	0.34347358269839473	-0.023784133407646055	-0.28653178473326735	0.42104296158473203	-0.19816938029604075	-0.5040373904870333	-0.4143977742942619	0.36782454914970053	-0.26003178732144167	0.3495981004989315	-0.19695387110148282	-0.27742032474903655	0.6300213386552562	-0.2324412373446975	-0.026151532589121673	-0.703441899675152	0.6097592636839186	-0.07939626608641351	0.2930465894506328	1.416723826222659	-0.5631786836647932	0.17695577469537477	-0.3368551724270315	-0.21853359807908157	-0.18352874183737522	-0.36266469686148933	-0.8015147262449885	-0.7342833904661179	0.34133178826950444	0.037662525748495275	0.2089992815823585	0.16368204455890145	0.24359890199398018	0.3934532133365333	0.4201223313104865	0.4934578448965922	0.12777865303483996	-0.5499849870357748	-0.30344318620595373	0.4121693145179833	0.09435206073506014	0.1483634303905524	-0.6462377929965263	0.1429823215097884	0.39411761569572	0.2454154794332302
DTXSID6046507	7.507659327737943	-2.9510174570095673	5.297514846244662	-4.364268579844248	3.626058189438067	1.0277018137935707	0.2976121442498093	0.11260025239514189	1.4539761319134874	-0.09121140811953776	-0.1780980882558557	0.02406247072966113	1.6852925503986516	0.21015047832397402	0.45239883190742025	-1.0872916012939264	-0.3888340377780603	0.05561435580821216	-0.9769795841103068	-2.860530237759051	-1.0375631162082124	0.5616493632184667	-1.2398979874909335	2.374932211870223	-1.1556178072362795	-0.14531918969906307	-0.13352863767876919	-2.3483636258809018	-0.9841236937959654	1.1498636014090766	-0.30599662874780414	0.07934768859569269	0.7387706112176918	0.7514594260139379	0.6063465615303908	-1.2131767144466263	-0.38449726547307594	1.0162430488710885	0.4239867041422093	-0.1557934194766534	1.1666130395906538	-0.6087059866197536	-0.49059872280387895	-1.1667842994355975	1.33730237412976	1.5037456921439767	-0.9777129444420057	0.4980239614998507	0.14787655114151288	-1.4019333617002856	1.1873027991964549	-1.267568782739509	-0.8597080053735054	2.5048351711266004	-1.1820989623496372	-0.2428208944918245	0.5937400798019722	0.20240379206198766	-0.7293111557099706	-1.7311066413602019	0.7955266026075908	-0.3911113160797671	-0.6792755176256446	-1.3023849120505029	1.3910507262411003	0.21239319734124856	-0.735436365539482	0.9261646934198596	-1.3286919318034454	0.15760358956188134	0.8822840309394512	0.27610259555759004	0.2637184735454719	0.13480568854926475	-0.47603448183512015	0.03276075702457284	0.7838570741530708	-0.3797872143013078	-0.49077365687728663	0.2447301463525173	0.6351513101023055	0.20691836422332982	-1.0281320914400784	-0.7598078288430212	0.33140343222142415	-0.6354805233312634	0.1504556473173867	-0.29323858916955997	-0.3818851500185244	-0.21743358217195927	-0.19979201406187536	-0.18853901701266054	-0.5734556442498813	0.2566673401444153	-0.297046954920867	-0.5664437935535785	0.5855439135314434	-0.1909014833838234	-0.827390479269978	0.37976736909749964
DTXSID5041772	10.964495514744758	-11.054421047679636	-4.909040855618394	-1.429395118689921	-5.779403590014169	3.026644745740537	-3.7297805736588985	-4.019118551533558	-3.7677846183427914	-2.424907902255667	-2.85352973042136	0.9728442589265471	-2.8684129593190115	-2.1128734926906243	0.7551528130054026	0.0063841977451845715	1.8078113070578894	-0.6863367805847848	0.7124284189909414	1.3184713526787837	1.2100735491371242	-0.5862289405445155	-3.817416744123422	-0.4448327396254926	1.1432449886001823	1.3101946519681622	2.3500566601064055	-0.6341228832618789	-0.04396089968117396	0.6120977589056976	-1.381373877531582	-0.19777506861025565	1.1754817848287453	-1.0263404963714693	0.35132641459107955	0.5446673414916311	-1.6368064681468293	-0.7094390922614408	-0.11974111850474181	0.23849411527904157	1.4887218344159145	0.04148160100594945	-0.6742568029259167	1.8305538702488207	-0.8184706454147742	0.8155954934364464	-2.6884773558996584	3.4202951940108153	2.1474642995070585	-0.34455599095182193	0.35983202574023315	0.5089181053764567	-2.115873978152711	-1.480011796666566	-1.6745840174300461	-0.032058162106818756	2.2367351096670602	0.8107977047674485	-1.296561198114553	1.40005539645626	0.1905560550168745	0.24289592757364173	-0.47689007139343326	-0.2649102736835305	-0.19716158282048843	-0.8933059431164894	-1.1825586193979223	0.5811138111138069	1.0009563121320308	0.8414436003962054	1.137384416175319	0.640059131174709	-0.7277687146444185	-0.03977725350227115	0.9778528213583525	-0.24430259691340306	-0.494155128146987	0.04762310815881494	-1.0052928899116582	-0.1859269705152279	0.016021861321559867	-0.13386472878091293	0.3065388816558737	0.4698114350135237	0.15519218350195157	-0.2036031849383517	0.4027628622243609	0.6959942924081771	-0.27223391527205665	-0.6863822784065935	-0.10519830242437175	0.17762119697687417	0.46539780740802306	-0.017855392273415108	0.25812735032281053	0.05777620707782745	0.4937183525979875	0.3546430648411979	-0.11751062316619271	0.31025286768777716
DTXSID7031458	-4.930966465811046	0.39210211742022233	0.44444356376329197	0.18358699131126444	-2.917035806677569	-2.69765185817866	1.3478174542156698	2.0774293705081566	-0.6935745342292547	-2.3771736309374005	-1.7339410520426182	0.8755477689570423	2.3250330001374393	-0.8818505702542347	2.960021945369213	-0.7287064796756654	0.4776125572599814	4.9196484746347835	3.0440827783456217	-0.8790674175893253	-6.4645120591323595	-5.143863857133971	6.7428679502580176	4.238942968345482	5.817950268171641	-0.5788037257161337	-1.7084923742848632	0.488350441984165	-1.0835131820796535	1.123147018983708	-0.11812595406293375	-0.5390991052433957	-0.2751215396053649	-0.344435592059909	-0.5338867216789079	-0.5108311671626201	-0.3251416316636219	1.915898806926913	-0.09946319519846478	-0.21153541144696208	1.2133302526649101	0.761157190529035	-0.9817646568653854	-0.29900460657933486	-0.22092389345934868	-0.12731977740157094	-1.3462090605502919	1.7593620778257044	1.249108518352852	0.4897405155515127	-0.45487472963079667	0.028649479518221173	-1.2301766940195227	-0.2989998841493178	0.4864444608179705	-0.910764664590512	-0.40148453776478776	-0.7640071391654631	0.4191266752079908	0.6330577520335385	0.44717497269235007	-1.3370722425603234	1.1704567319384167	-0.6609002438773213	-0.186828394455688	0.540270956751519	0.37705989248047905	-0.46250314931852615	0.36427827452485767	0.3440381811488044	0.29452442218064534	-0.849796035389717	0.21342260326025433	1.167836764628295	0.0525206100155969	0.4335336676253734	0.45238740241142955	-0.6582620879735195	0.21023524898186402	0.04886001294996835	-0.49794755725221657	0.41284868010648423	-0.39995074835106287	-0.4246786377648344	0.8678746429211146	-0.06331464434399137	0.2822654143180995	-0.06415873652281612	0.9011338426400265	-0.4523670234230434	0.2634380436943301	1.0904360563420517	0.8424965351818596	-0.49257917852176947	-0.4379483830677587	0.08905681740942908	-0.4471635649195878	-0.08145944760551911	0.23956194943533807	0.5542182119311237
DTXSID7024247	-5.3899959354065965	-1.9512778665473214	-2.115542958391017	-4.161619199147875	-0.826664047716279	-2.248562822229542	-3.3805310581525196	-1.812436724229837	-4.027962241747963	5.3326830083507915	-1.9364732855359055	-0.5510694294268369	-0.11824437148390897	2.5627811096767936	-1.5797455166150425	0.8652308455293493	1.5748847297638093	1.5963102112535084	0.008202388589125404	0.5906544507859487	0.9221666144850582	0.3103590658654196	0.7036362123616805	-0.03346015142421158	-1.1114893510571597	0.463038472156632	0.6773960529389077	-0.6901752833909846	0.5091219702226053	-0.9550425598967692	1.0677505857125011	0.742864908728741	0.419424200750213	-0.1710440977645696	0.25011133742069425	-0.0025647961478539173	-1.0471798099330425	-0.2947142178359092	0.466888399556887	-0.04614390361383867	0.5890655495780329	0.19010670609989253	0.3013283716280106	-0.3585637011704017	0.5201210154398855	-0.31069828160909635	-0.18929229204781395	0.2628408923125537	1.0666615144685294	-0.6036912516090294	-1.1538364770365717	-0.045999057027848234	0.022197332758855604	1.068274071000127	0.9532351404143675	-0.702237447353809	1.4203081450070472	0.012099845351534242	-0.8335034889984467	-0.11865424198225213	0.3714544095291354	-0.8355088565598258	0.02515592977622021	-1.2218498858866218	0.6987034691548588	0.13279292254118824	0.8077228533926889	-0.33351362211864327	-0.7945796294485539	0.273291847871708	0.08149602757968463	-0.7231007101538579	-0.6270362504851862	0.010054181190960609	0.4743256859787602	0.3696315869515322	0.4593976507613537	0.013422099070767031	-0.5264980625214569	-0.06467490378266458	-0.04189512215130318	0.37997949795737235	-0.35806849498376836	0.23523445684886143	0.6473449969940305	-0.1940994929232067	0.4515682030264525	-0.3604404995125764	-0.1755514669325657	0.010196041950220646	0.01713637149076047	-0.4239625477605882	-0.4505456646759191	-0.19103305624758066	-0.03863741859004108	0.11708692546982515	0.2782543442688791	0.12352377375414492	0.013657141208512207	-0.07523439304950108
DTXSID3036496	6.9775555413809505	11.368988751472225	2.562263336460051	-0.619300071386374	-3.082623342697815	-0.2362686577292204	-2.5470759010928536	1.919089910703494	-0.10233061444673693	0.24325912027627883	1.0999019137827932	-1.4277032274239052	-2.0243291612343257	0.46096748060895376	2.073022091592359	-0.44729815064925166	1.7736477064564604	-1.3606116056402904	1.426958500786493	0.14831314948641455	2.4437645401170776	-0.9732206530557215	-0.540886322551738	-1.3220344050477222	1.3728248479863425	-1.2808602582325048	-0.7723885187166456	-0.36355809285872104	0.0521741465657326	0.18622735644759159	0.17881362069142187	0.19484612102647755	0.6088318653854385	1.879257900183665	-0.01741553219862032	-0.7016783247880551	-0.10208353607276237	1.4581143794279925	-0.4287835404340296	-0.5272762653145292	-0.2708428968070852	-0.36725433843773536	0.020036596600837345	-1.163347163776993	0.41455860557389607	1.0995226768155495	1.19215612386962	0.5721539076968667	0.6117241015765497	-0.24996290744520805	-0.06424554493384059	0.6460045750260064	0.7370018119688062	0.06264386005925662	-0.243301640925513	-0.5218965038523155	0.2794165580419494	0.3351877939173837	-0.7912417530423648	-0.7230986433577348	0.15872119951259098	-0.2800570656022145	0.6619340986163093	-0.07056592592468748	0.1193129604080356	0.07368377571356857	-0.34109025095645146	0.04818119651347939	-0.024520000088666588	-0.1474967669635712	-0.04842189786688835	0.5589052644072605	-0.2795213568344216	0.21534204079038854	-0.3478768882463386	-0.05385846555762532	-0.7939487829534612	-0.16576539323914735	-0.19343547641058592	0.5073066609343396	-0.09151389905348778	-0.3344472433015575	-0.1860329775131072	-0.3539071225893369	-0.6878609403305064	-0.11175670941122678	0.21681827241470597	-0.15671984915646514	-0.4760855103908042	-0.18173939454047394	-0.3769072135271485	0.21285130291268356	0.22961100267443565	-0.1456814795907633	-0.16802170320444768	0.4020088894388399	0.27596427339636326	-0.16328245629522986	-0.1236057630441582	-0.19795352796296664
DTXSID2044719	3.3015936904030965	-3.368608246487108	-4.59008807385906	-3.1467918788736107	1.7129231600366746	-0.5692608887214662	-2.8403105658660945	-4.069100950975537	-1.3707790432267937	3.829767632006848	1.2426594516094787	0.6586650457285091	-0.409744923557304	3.791662015367371	-2.1920309392032196	0.7689844716813936	1.8436161965054947	2.780394290365702	-1.604389037204869	1.9502887210069568	-0.043331795576313156	0.7505065853491325	0.7313041962457268	-0.24549145383560625	0.5254435135860879	0.2556138496936607	0.5362364356556342	-0.6551501494060001	0.6562331328472061	-2.530284935679428	0.24048897889669968	1.1587975742431085	0.8304779251048687	0.380162914279369	0.20438430473908975	-0.8560140354154789	-0.4392840001246031	-0.35721473879896726	0.7360820288416449	-1.0492780414005998	0.7967103982964262	-1.179869607533733	0.46938233129605117	-0.6774036209438589	1.0644464482797085	-0.7925249305068147	-0.013083740262061763	-0.03021195901687974	1.2141657025616126	1.2044132104971883	-1.040136166653704	0.26236864401120724	-0.7925505239200701	0.47884966365962595	0.9529639882572799	-0.6673736778776265	0.563570022918287	-0.5704730811803844	-0.8201165258269492	0.21258434986770938	0.13707155116205005	-0.48008347631130777	0.24676852165151256	-1.9076009974189994	-0.19190998605816664	0.00727768187798263	0.4178207281419999	-0.9989231823548206	-1.2885304065582461	0.23213406595891076	-0.8441875536046762	-0.40129645436858347	-0.3068144070521292	-0.22534873100505898	0.4318308153412512	-0.7804118725611358	-0.22534557092482216	-0.7667413981456007	-0.5439019836925264	0.04149088094646049	-0.02533431575279207	0.9667865113662644	0.35378157991562925	0.7580834470858114	0.32882981693349717	-0.5031549662739567	0.20653849944016248	-0.20144528118224025	0.03221692363498408	0.06614885637982591	0.1740791111567112	0.005934304006912486	-0.4083269595342322	-0.35697011096134323	0.5686160305069835	0.11581641080634035	-0.4997201634971861	-0.15824303779519514	0.0777250424146161	-0.17873917156071853
DTXSID8024101	7.775069927266146	-6.6320365474188	-6.021164205543535	1.5538408351257005	-2.8754209521157184	3.3781625378946107	2.526817587779088	1.309776886796292	1.7827260892589174	-6.879581344925814	0.40374386916309574	0.6070431701622079	-2.4025711305106716	-5.422543172209504	-1.901773958724677	-4.128657718423175	0.842312735792902	2.2275582023022107	0.44644461668717245	-0.20356262620746463	2.8706038048440656	5.508140181943904	3.694923635891657	-2.239366867559568	2.915260883455434	-1.6868662843816344	0.9766956309311967	-1.6466426801783403	-1.7518994885844352	-3.8070305699243767	2.2575540380807295	4.733421625725054	-1.6970620013420583	0.36670302086746615	0.8215501602448136	0.22888218219120043	-0.8338780217247743	-2.0366907895171407	1.5562078900696812	-0.17583132780069372	0.4208367706944522	-0.23186818235678605	0.6803135013671324	-0.1159065442617868	-0.25469091038761654	-2.201427721163888	-1.1556949756370083	-0.672328245601659	-3.3822468013674265	1.5640888669583521	1.9890245029845621	0.6936866047364889	-2.107165981656134	0.5859883044414701	1.9125628521216105	-1.7272995713112809	2.4169551316976214	1.473039234234132	-2.241028765594186	-0.91598762705818	1.8710099538976876	3.1395961443086566	2.2142419758205856	1.2639742695050673	0.3407327895179646	-1.1799790863268156	-0.011642734451591983	-0.2524169406794625	2.299638201412933	0.12221269137506238	-1.8257011153457485	-2.6305976042865042	-4.921269322258779	3.59863648344555	-4.340964643973083	-2.440657912872025	2.2280730192993965	3.1733952961107654	1.563812928378929	-0.8217724027195538	-0.5235454875737642	0.2066735023679125	-0.43227287887475635	3.8727495938310006	-3.6157539160680856	-2.672200605438594	-0.041455280347620735	-2.3066750667166436	0.47935866837686214	-0.17485449410645093	1.5573372275286221	-0.8173999961155527	-0.2880396204169273	-0.9523568131857757	1.1808162280348506	-0.5426914103101451	-1.5540237088132909	-1.356646551716695	0.035881932962477325	-0.6683913790412611
DTXSID3034165	4.198687643362672	-3.9214937907032907	-6.403095206239967	3.721047659849327	-6.423060336030383	5.98978401297182	0.6023076918206156	-3.5645657022213375	1.6309728502106289	-1.8844472476094245	-4.736653281354379	-1.4522979236867775	-3.0725676102162134	-3.591715534581785	2.1384577082268144	0.13880213965692786	0.29389717327582554	-1.6863403248135336	-0.2616387042644111	2.257201729442695	-1.1087662753055836	-0.3796394127492813	-0.5749817153137331	-0.21013321795591358	-1.7377453162529903	0.2610451015695371	0.05549409390143941	-0.10955237328174637	0.9411620351393568	0.15646363502602803	0.3788387097936062	-1.8102812918933449	-0.551181183999615	0.28955524532845234	0.6914215608001664	0.491374431586043	-0.23393162100100456	-0.19642493310453352	-0.47193778953588766	-0.8201012863098472	0.1775893716359331	0.5641550465694949	1.0167833394630748	-1.2470265194546257	-0.19687384501419833	-0.02178279143746845	-1.0665458745944134	1.16093886585828	-0.6357785460435741	-0.11791916137574389	0.05992380292737471	-0.24498878240502409	-0.44499691546187387	-1.324699677729851	-0.12333843225515696	0.46320210535363415	0.1508569758286561	-0.11367047023831243	0.024335773851458176	0.42559979843696005	0.2150889336666993	0.3418554401928693	1.115884590967662	-0.5261671256850161	-0.7801613700059681	0.6175632350727011	-0.6475865285169805	0.9132321099723235	-0.12275357220600926	-0.17182363455965363	0.3658790025649737	1.2143698044953382	0.634099059571219	-0.7682332639228018	-1.323517802222402	-0.22353909110196768	-0.28585438761376797	0.9227514460378105	0.1500015080513624	0.6642194974870685	0.625357431182051	-0.49528539221616075	-0.3375106181273207	-0.03245631428602901	0.457222437198473	0.1996952823122106	-0.25484324247291007	0.04052931332452163	-0.7615511765589497	-0.1273908400769227	0.7808667152624967	-0.5713831537411473	0.27497473658030946	-0.7560941213996942	0.2827700925771561	0.3884828633098793	0.8066074215394978	-0.3284107419699979	0.2366449118191637	-0.9531059332516783
DTXSID8042266	-4.792726331244048	4.064157512501268	-2.3281376609047553	-2.747325938779229	4.849465420987306	0.13649688762642925	0.5329191986928395	-0.503100740214236	-0.5740993593749443	-0.6021278465359795	-1.8690830881017195	1.536750879195653	-1.2780285220226077	-1.2188771073927565	0.47374553310972817	0.23634940389448061	-0.5269857298336398	-0.0909838482667708	-0.49418405630766754	-0.883512026442458	0.886839559183902	-1.0009668658531254	-1.1018886693758352	-0.7930622077080223	0.502005038899196	0.7660420427298906	-1.5428620620364937	1.0848380661991046	0.4419902860262969	0.07324327154033908	0.7082105295147795	-1.0228227647431862	-0.11860719625000253	0.030166956708085068	0.042341874540661635	0.34378516858654995	0.7225402808098346	-0.7237348652815182	1.4092536331367096	-0.11076433470916662	0.4493851073952805	0.2975444731156647	0.003579117914272625	0.01030706932240287	0.2580343300115394	-1.4538654421218484	0.4505843846414396	-0.36045264659178544	0.46917864666445636	0.5104939703374249	0.010083555241152991	0.39771007590960095	0.5438637700525769	0.17456930581138466	-0.2694332819000165	-0.25209922001946933	1.8447163607500412	0.8954105620493299	-0.7347089447723337	1.7199752420177281	-0.3132400696841635	0.5560712118866006	0.6100349197993886	-0.6720883263922822	0.9066914824763106	0.5093673123365927	0.3919382154486402	0.7439409770526063	-1.3210981897931324	-1.4513943888618162	-0.33869700811080566	-0.36982125810107686	0.24908864072986261	0.3197094413962817	-1.1020928967711892	0.045479154806788644	-0.4741518536514312	-0.2833206578181937	-0.012199193915453401	-0.542154585990312	0.6687913668429454	0.09895261936786462	0.4167206006087299	0.049171817666739163	0.4399805439297631	0.45445165220201456	-0.0013528157127823234	-0.7201437916376253	-0.16729856582051209	0.10795902974774928	-0.1447255838698336	0.003103166880819821	-0.17372197954909557	-0.2202635370537203	-0.19635270455939777	-0.27980915079325125	-0.3071243067403016	0.454824266008676	-0.0006710725297506147	0.6306071352260803
DTXSID8026068	-1.0017482704422138	-2.851635395079326	-1.510584625414187	1.2050649667613262	-2.584740740556854	1.6741688293218178	-0.5796738787992293	4.2962456223946885	0.7885200543102905	-2.764242787531852	-2.0999916057090284	-0.19909475707939053	-3.240553686423883	-3.5344706265969084	-3.245011007957572	-4.345104695318316	-1.539306336746085	3.6871302799572536	1.2870700822391676	-0.48755952444655737	1.8721440706956634	5.780585369850917	2.6532600440176872	-1.7657166796345578	4.1407798352958665	-1.0170371829323692	0.2758099240796735	-1.8431787153322392	-1.8463099778557892	0.024425027975334437	1.6343091676355466	2.8817172073327297	-2.315356567992317	-0.0604639537978844	-0.18034282501590865	0.6428188449141071	1.1451997831699279	-0.8782925820422318	1.7096976514780913	1.0313136977092925	-0.7871142666927282	0.8019396409136816	0.22642455826203592	-0.30341998749910604	-0.7561012242676827	-1.6699408139824825	0.2046583151088287	0.14545707578788988	-2.4096718715399854	-0.6445652455672984	1.53001922949938	-0.9341769650165606	0.687202100812281	1.504142909026285	0.7609527629844652	0.11149200665515112	0.21152277654822166	0.8394274089511603	-2.14690993316616	0.11020701771044523	1.2458695856982385	3.5021288264933528	0.8767717352231081	1.6406097047739872	1.9903714120663352	0.04983434652209918	0.4610938840938358	-2.8503567311753994	1.9039899623072922	1.076298832611457	-1.385073419052147	-1.892509482548234	-4.279921815637075	5.3388912941647675	-3.237157068230626	-1.701660695384971	2.3219818713548945	3.5741508093906957	2.592296753912166	-0.35267944832467885	-0.5370756085047068	0.38434786242570557	0.20714605248335258	3.8250679158930216	-4.8697744313249585	-3.2312802004324785	0.031956899272590655	-1.8962232766783718	0.5909576974929119	-0.5825812118171629	1.2054333362497676	-1.5703777298782147	-0.8952083831324033	-1.2959007215262326	0.21012555787704376	-0.03181025835039542	-1.1530632619008496	-2.2823764988296085	0.1474367495710098	-0.09291788799299605
DTXSID3029237	-0.4279656118555008	0.112000515129343	-4.811902522141034	0.31482544136866747	2.6457963321679174	-0.04941543541707139	0.3017897134835856	-0.8983581219290314	1.4581446335383397	0.902869946914981	2.3893438467047283	0.23732579869666176	0.767981702726869	0.9129563903155026	-0.8525622311709272	-1.3752559135447093	-0.2388555843950425	-0.8321566264975252	0.10863807872368167	-0.027716257217132872	-0.32598630655807687	0.897349155657615	0.5668210080573054	0.5117783886902227	0.6825976360837497	-0.33684312108247955	0.13069794571460558	1.291888873538761	-0.23031189821440387	-0.07261467895128319	-0.7394444845966062	0.09062281406585505	0.22942282967122127	2.1295800323165874	0.5493656859855138	-0.3132681459275817	-0.15104538869297687	-0.20130824908098188	0.3562887238683063	-0.19322471470286662	0.20962855207284184	0.3688190377778927	-0.2366748496355341	-0.6051400022528203	0.7728062470211801	0.4083630775227479	-0.7281408555187076	0.6682228962874581	0.10860355564308569	0.10771634746968795	0.4860259055037156	1.1697688407448736	0.7707418114444635	-1.501340195237169	-0.5959571570820954	0.04247801678427028	-1.1273735193605625	0.02795299284276518	0.034912763733054034	0.033008470045999126	0.05881205512340017	-0.790529042662034	-0.13657025707973036	-0.3913840055656804	-0.6683338047026516	0.16200562050548192	0.19875149379801377	-0.12266279987842016	-0.8412254310563944	1.0934121945074637	-0.9962109526136892	-0.4373035736149843	0.7994521263309583	0.7415020279481511	0.052592590803517844	-0.2129450755133543	0.1871033327218819	0.9295321436414719	-0.1384913015808949	0.03222645403082418	-0.1145936356913718	0.5036064958651049	-0.5776949580885361	-0.3387962577292508	0.15354407035507406	-0.9561036497403522	-0.5867320070813044	0.15503331976856619	0.10286891397523404	0.2636509311556423	0.384481534830377	0.1249607668458647	-0.45869409765394253	0.29722491765713094	-0.5193287514578971	-0.1806861386774854	-0.6762254309404492	-0.46460463099784377	0.06813146639737794	0.5371994563014647
DTXSID9048196	-6.10968660487317	2.2482785575660205	0.526160445883967	-1.577070029527848	1.0889407726897578	0.26690572446278493	-0.004100674160075629	-0.806162839174025	-1.0481216861853262	0.3367601340107516	-1.5229814072421999	0.9332523053185653	1.049906761730726	-0.3448824776635212	0.28090922290054837	-1.0377298043425613	-0.9062214144905035	0.4270710285962944	-0.022122757629095564	0.4460413695421673	-0.23617716049185	-0.5082958580285927	-0.9501701466413854	-0.38279395633641855	-0.5367600576315482	0.9288288235529962	-0.2747167804158782	0.3296153540052311	-0.9618837142671055	-0.5988927395216224	2.1452338187942126	-0.25245869499622103	0.7189785224565683	-1.337832464034045	0.7568965159167353	0.19667935687253263	3.3415477885118667	4.0129773905478485	4.246771505614872	3.998977495148642	7.162348556885132	-2.5815364486140724	12.225722783372943	2.011496689463877	-1.815241168314854	5.231197216820494	0.20126962739099696	-0.9092522966434319	-2.2574355849135173	1.9195328615985114	0.6394680664936098	1.4944315283010265	-1.4120921701088038	-0.7214744283045648	-0.6400764139354256	0.485237142742519	-0.8488832620826461	0.05564666896791009	-0.3455626051972825	-1.1203671289797255	-0.4363643286167296	-0.7258340305666452	-1.090734170519988	0.849279457773534	-0.9351693103391645	0.287993040458189	0.7086627492070662	-1.4906386934143245	0.15653616471953144	0.4643858489013129	0.20984557993694905	0.1229517947019321	0.28148592581788007	1.555031947966057	0.5283459896297683	-0.013616854408805744	0.2970922736829078	0.22514634087322374	-0.054934238533397274	0.06222309440496749	-1.407452258166029	-0.009983464766481865	0.002319674539840732	-0.5745722106802233	-0.18907861355963818	0.41102951534463167	0.5084937643799539	0.4503620672264072	0.6110945297259827	-0.5472945750310497	-0.45809771356856543	0.014370944775931002	0.06538835947722005	0.529132710324517	0.23523933673439537	0.32725404456892776	0.8400569814375954	-0.19286970579648005	0.35792592146538865	-0.8150526556176593
DTXSID2046254	1.2316297889449532	1.8113283240834508	1.3476813302719406	-2.5487080776027486	-1.7926530800393434	-0.7990229928340079	-0.20026227305553632	0.7156107190435896	-0.8201381583948705	0.14652637621356485	-1.0925738772582936	-0.7192025464142907	2.0461233769794855	0.28615027011345756	-1.913730704904552	-0.8562245977197956	0.4766442677968048	1.0832445059050746	-0.8248701549117975	-0.09453484208375647	-0.1278766317796563	-1.1897111738012558	-1.639397991088049	-1.019676140109425	3.086435642294819	0.6356653038057333	0.2926714091881753	0.8107222331562572	0.11080315525967836	-0.046006372402346896	0.726224595994624	0.9686232168354345	-0.7453511344460367	0.014107628330509247	-0.2582161076887681	-0.478630977727776	1.1069717372676928	-0.5613083316769064	-1.1042642015315212	0.8250503184837078	-0.5339289610804467	1.233985835798197	-0.009033152148294603	0.21267984484867658	-0.8051111734733631	0.1787010097154046	1.2689927968949253	-0.5175765376589126	-3.232735727413981	-0.7581807263645135	0.8660130793669519	0.3297716850650404	-0.1374904402477293	-1.4093347665157716	-0.7376798506534893	0.05651893027244287	-0.37337272700666385	-0.4458879176286715	0.3361169109546377	1.5838246081963676	0.3944035071271131	0.06467481713420671	-0.4135692033507616	0.20480152894055884	-0.14883903717883146	-0.16034852270512612	-0.7361013824813147	-0.6575331439082028	1.134886350815929	-0.5114643176307394	0.8754215108388345	0.9238678433613554	0.8055340559729344	-0.11674154517593506	-0.0023354672845931003	1.6704399571937019	0.4182586973159474	-0.3212164747848409	2.7954898684392813	0.49641206088273954	0.7405469735766868	0.44695989648874557	1.0498979981342789	-0.45875378400857747	1.2558605349913932	-0.6005544730375725	0.7799139974363247	-0.580480317479408	1.4165353328067962	-0.9245343576695625	-0.6426764404812138	-0.30535172355741236	-1.282136813113841	-0.23979616350399782	-1.2680211154214707	1.2425333222633952	-0.6222265534568124	0.11850880436977736	0.06046476564675211	-0.35785455282472806
DTXSID4022810	0.8668325907200412	-0.34023335064069266	2.4108060762334733	-4.262758592222825	0.5017287500359382	0.8013889317668842	1.334639343597166	0.4533961192620017	-0.938597070713775	1.6374451768392861	-1.7822433097084196	-1.068134097146704	2.059052097748361	0.21472395351258097	0.360703921765169	-1.6073906736824919	0.17477775195579442	-1.0900207812044882	0.34686237312680357	-0.1971958509711666	0.09841123531030066	0.17282269148920562	0.1021199114863174	0.4291474748061896	0.2932472256891547	0.4964280549013914	0.24778575715705362	0.05734746963209757	-0.42774161136051037	0.5224168895911743	-0.6061090162731357	-0.25394040844506915	0.07903595030457782	-0.18439534028097462	0.1820446546987525	-0.59337171551008	-0.6629735032236834	-0.2239961253660809	0.4496735065331148	0.25314220192707393	0.2388701937023204	-0.1836052588328152	-0.2984200481811209	0.39129004191583044	0.32940259239236536	0.35617182128913155	0.1995628119756221	-0.37313146250009877	-0.14076354046421202	0.5314683240593026	0.5631107921153321	-0.1703024622463526	0.9030470029166306	0.6352579154469234	1.5752832563049646	0.3469538759389596	-0.34369249455786377	-0.28540757919097803	1.2475974564973802	0.2707082359703259	-0.09328792385302463	0.8956055095119758	0.1510676860160242	-0.07523124223128137	0.704001229353156	-0.285683635589282	0.36915081103858677	-1.0324416206775817	0.45890298341804897	-1.2385891448319697	-0.01178858769757924	-0.6179008192043339	0.35660318222903	-0.08689899908107977	0.3797892790856171	-0.821285126552257	0.04391769361557742	0.44467361858080484	-0.4773516651512703	-0.1060618160253374	0.35512483748248697	-0.2174049704630118	0.5818436251683735	-0.5145053666041988	0.1349523037648126	-0.5033507348234735	-0.007533388887675915	0.3244968884618873	0.6877716490198016	-0.874723466946779	0.23569229425767954	-0.6349796974126266	0.2717290227962251	1.300822791692845	-1.1435945873259947	-0.5156362969456956	0.03351847090370714	-0.13728188048863457	-0.21948658868152962	-0.5268964954968679
DTXSID2021367	16.419161239577544	-9.047218669397378	3.428329372975766	3.1778361152326964	10.911128207662964	0.3426213476259927	-2.1264788571048103	-1.3786837103551626	-0.574182400705094	-8.40249029003485	-7.216592462621449	-6.31615213585023	3.9168452387049766	12.987269705618514	0.07694785080360973	-4.564417756774635	-1.4954074757446338	-3.30071634897064	4.3396602031546	-0.5242857392470065	1.969357713282739	-1.8245873755839093	1.9098266645697817	-0.9156986174773936	-1.898814645910363	0.6594978519825409	-0.8609076840009883	-1.6363907067530612	-1.1443263215167505	-0.40371454504023274	1.9071862032778746	-0.3482646807690081	-0.7868714449385423	0.018891424116410812	-0.9698069319033185	0.2282964096432813	-0.4278812600289797	1.7533779491031356	0.9791525462877169	-0.2023057389071593	1.2536284396906083	1.7009774546764937	-0.6193670912858067	-2.2247859621474935	1.0882237813062334	0.6563499435778912	-0.23926840956233544	-0.7726526689788976	-0.7174725826220483	-0.2996336292029709	-0.37221380245076097	-0.8520325315984835	-1.0131745978492863	0.2746630349062976	-1.6490738038782424	1.0245948998378	0.006963290729359531	0.21310630026901478	-0.24465669456349254	-0.45807700949199814	0.26456661453825603	-0.28950648923324457	0.631869467864504	-0.2017704183413578	0.5953746969426992	0.5517044578001735	-1.2872003087478747	0.5970754445596236	-0.3990554815109447	-0.34943812334998314	-0.044367667784568264	0.15569835296622456	0.6080658779299474	-0.39606875805915837	-0.0642777221621978	-0.33146711262332135	0.39254650318775586	0.10667343257297172	-0.05842472191658029	-0.05936555236970396	0.14397520270290173	-0.053268092754169494	0.5236884147498654	0.15192096273206027	-0.7298048905120837	-0.593655847351565	0.06431667637474939	-0.1465634495360097	0.4425214530313346	0.12957153244994524	-0.013105557446629447	-0.29440262158040575	0.3425346145254114	0.4977299329757935	0.44033750216206136	0.07899074797975944	-0.09425718588772672	-0.6202487773990071	0.7321384817634764	0.08658219717797605
DTXSID9045978	16.105242911450837	14.268837651256332	2.4865580205131272	-3.4536870538632893	-2.3207844042622994	0.9515643710828593	0.05849978541951162	4.993167311896853	-3.583970867742449	3.2173010109890754	-0.7461029538012209	-1.8646463125855832	-4.069576002657061	-0.03260547463283022	1.381452992734461	2.4933951112286104	-2.2099549080248244	-3.9061751308485517	1.4357673188105298	3.1006352254043326	-2.902444910391339	1.740617581943247	2.8293132948156003	0.6609868754616026	-2.7816124629934196	2.363548788911275	-0.9535943181626927	0.06177051831845388	-0.19224236641069864	-3.7853837942302926	-1.0538422918842592	-1.1174165694597704	1.5769133131991229	-0.7080021642623361	-2.9671178431519007	-0.056755806217864434	2.102075027213773	-1.3305845090018826	0.8485336089666696	-2.6824537363276866	1.5107603176509052	3.5088759351056	-0.11853995746239304	1.3891493115387386	-2.517573627357521	-0.5157061983614156	-1.3565096217218215	0.883156375758843	-0.7860003209634567	1.898419756516876	0.12893046802277966	-1.5864267870457542	-0.24182134605115355	0.7958078390432043	-1.911543194247087	-0.5019359670246589	-1.5034219393159864	-1.0343748661314616	-0.6162482602064698	0.5627609788223755	-0.4259374029510653	-0.284370095995355	-0.18327019519767165	1.3367431169536055	3.142970086304974	-1.8147133967871898	0.7587339220135968	-0.06064560536027195	-0.5862566070395593	-0.762858432989786	0.31437135701583785	0.1296194151475075	-0.17897131740766137	0.17291051915472572	-0.06932129896262886	1.0357262210070164	1.1313955582488806	0.5877754063704709	0.0590220917162405	0.28203105894806313	-0.25937202080698996	0.4808138363892661	-1.5642767665864885	-0.8479803187449647	-1.1498613626707603	0.24503091482650569	1.5937255310557676	0.5583037750478623	-0.40949318510830485	0.14102863379899416	0.3201784559271751	-0.9323001070621306	0.6109643890902619	-1.0733180868210919	0.07299469479090083	0.2684692041605204	-0.3600757127144557	-0.012194594153952859	0.4599921540565122	-0.0720939485635842
DTXSID3041661	-7.262908825864434	-0.07525559830714953	1.19746574412499	2.1772535393149948	-1.9727322826391713	-2.7928297884454003	0.7626849903803292	-1.3409212113404245	0.042247440705660604	-0.37236665637508504	0.5818578671510068	1.3999139988904366	0.08494589158700797	0.5935751256793147	3.4085028886844633	2.081486337376062	-2.03228274088437	-0.33631804248600206	-0.4830230108604653	-2.0457646666843137	0.7687639059305394	1.2478908844131076	1.5692716630590557	-1.9375647914648082	-0.8152868162318296	-1.2192151162891698	-0.46435560952194826	0.7463577948830884	-0.03571961682070079	-0.11268024397185365	-0.5056993184465951	0.5443123970723841	-0.8944390539470902	0.17886128860986397	-0.12490118493658799	0.5741333813212162	-0.7016615422304507	0.14621770545407392	-0.6462764312701009	-0.5300522652497333	0.25131756115935683	0.32712198077763605	0.22659857521920423	-0.39519135208446926	0.6210928576650068	0.27545764689898605	0.06586792023449677	-0.06343830920026222	-0.6361841012566426	0.3387726039755254	0.41207461782289645	-0.6708227370425283	-0.16562451434185121	0.2087881086695852	-0.9566232767882727	0.2854678033145406	-0.4299524760467041	-0.34902259051396867	0.4616591145044238	1.1630051961016086	-0.49886200110527884	0.6510462753631124	0.5642702285778683	-0.36921981631023404	-0.4132618944310404	-0.7564583493591848	-0.484609229011247	-0.036650971161366695	-0.0009733239688328979	0.8724913979911315	0.41028750322003327	0.08903085453900345	0.01865523064907759	0.5337994974435033	0.33985911833084476	-0.15689723075716	-0.1581556091696855	0.14560613128195532	0.10116789326029951	0.2973342636068009	-0.3308674656152576	0.06571363765876745	-0.25660944035431604	-0.05871155066856307	-0.23009041938491404	-0.1757496856581674	0.028118967660633754	0.17104036330548805	0.3386342947970668	-0.029634387520014665	0.07966501668471669	0.13514807313372312	0.5405739178960713	0.07858809386785238	-0.03860100966189673	-0.173605655341	0.09934108423792064	-0.2139128410856888	0.03269119718659462	0.0683656668162207
DTXSID1047578	-0.9202553797972632	-4.69341618148058	-6.8274854829433655	-0.027583360764211504	-1.8777236118917942	-0.8082057021803885	-6.889492363910145	-6.816518346556197	-1.9016325711977407	-2.182007973001561	-6.549536360767795	10.642347234094755	-3.1254230121839246	-2.486822556652122	2.1181457345858745	-3.2198025036145803	-1.6470404637789209	-5.28574589066028	0.09404205580562595	2.9330957127234303	-2.612782707073426	-1.022443186821958	-3.1161313578280505	1.5269839991668694	-1.182633916125876	4.858613596262464	1.699433822030931	1.7648689719583774	-3.6915900090501323	-1.8396105953120674	0.08604498263676884	-0.11622970771156722	-2.0785947846337742	1.4305291854046127	-0.757039516535889	0.6449333084837443	2.1520836630191624	1.0451111743253607	-1.0934316665916586	2.0244129542285636	-2.217569151189056	1.7487190434630269	0.19434740045855042	-0.7768138091312177	0.4765711880033632	0.45359712485948706	-0.8498975658062639	0.6625289376694348	0.5790530514805919	-1.0299631068862696	-2.2107010634269093	-1.3555891519980752	2.0378065467473694	0.2413057458820126	1.3364043089794524	-0.5229064912976754	-0.3335765480634577	1.6781022547976685	-0.7199130931140749	-0.18347369567362842	0.013267654395076833	-0.7162644615148364	-0.8161375327233785	0.6636032291134876	0.07398287766829202	0.5275629420170145	-1.5881674427528856	1.322434738584325	-0.37581721025338466	0.6756550450975366	-0.6222539514466827	-0.8163203327871283	-1.6642199739396066	-1.4438338390802832	-1.3446139781640842	-1.1144328966192858	0.5331784225369002	0.04851706630473405	0.6951702080426815	-0.2286192957517679	1.5843586435280683	0.1855475357974512	0.3345603974267785	-1.4543936271210094	1.64622431544218	-1.8255443073139572	-1.5159033992453734	1.8923776014258762	-0.2308617326066997	0.1348032072099402	-0.9352190992891936	2.6616536186632187	0.5890585667926674	0.3121899740844022	-3.4004165120096643	-0.30874405950884404	-1.7686810152662853	-1.4812201456816751	1.613292759028747	-1.320152696205665
DTXSID9022998	8.535824580302457	4.870332232937121	5.158913660634803	-1.309510794166938	-1.10779692365208	0.6089585024027907	-1.82466810398792	0.23194911556794456	0.7904631406650883	0.06485620737539032	1.3704159905556952	-0.232821636955135	0.039581582328708925	-0.22055134991193864	0.4099462638799959	-0.8074523153095644	0.8218739744020508	0.0030797900419204903	0.12162356106832707	0.504396359933475	0.35952031663206724	1.473488250604469	1.0132793080433211	0.7568040776695945	-0.15430781279534525	-0.35271321232007385	-1.2242896836265327	0.09643457984636739	0.343016829332759	-0.5099762852206178	-0.33577588394771457	-1.312313091912198	0.846240555459717	0.12513593532862952	-0.010043746510549631	-0.2872120578208219	0.09421560360354247	0.2746163182438898	0.2699426149098122	-0.6647846954653405	0.7460554405605804	-0.6629393204705546	-0.6036842044843136	0.19200027932733474	0.3895099623824989	0.0009779058503594097	-1.0397879375486725	-0.596905162196752	0.9805585611666564	1.7433251009965252	-0.9113425854336503	-0.15251495391284958	-0.8964932789740784	0.022628535429587465	0.14365968364019377	1.356393159281464	0.3168032349020237	0.06818139454046636	0.709922762488582	0.6092880615578627	0.6972601422801434	0.7187009064748633	-0.7673297399508489	-0.25770264687728683	-0.4804408871633906	-0.025964133603575412	-0.35663021904443803	-0.7774903970683241	-0.4732778932475812	0.8076453310722015	-1.1764305517210116	0.17736785749281067	0.41478761045800894	-0.601143044750685	-0.926844912079552	-0.4176478606332932	0.396769689504336	-0.5383632777475419	-1.021621886579152	-0.27067714269049137	0.026426867175643316	-0.006006304069743099	0.7627883273917936	0.4332915895543389	-0.5190106169528091	0.17147549812074997	0.2489588670971903	0.1796804619656888	0.28966139632559085	-0.031558137777559066	0.6552578530167429	0.42409088506139014	-0.29621127827481075	0.09952446086502428	0.1648558442290812	0.032468106885465066	-0.02869676502920927	0.5031097714512733	0.23993359280707818	-0.07054589523270649
DTXSID60400587	-1.4402126030280493	-5.534819745328079	-7.581003030631209	4.3833886466168845	-3.683767404561244	1.3311231772800889	-6.437321009588661	-6.512502940638932	-1.6986233468915621	-4.248814734644919	-6.99456810746081	11.492468505364462	-2.3650271056102867	-1.8620297830765895	1.773168709900656	-2.300562402677136	-1.8825644292116712	-4.734303676593139	-1.5257353735998858	1.4476612660295898	-3.075426266710987	-0.2057855713420343	-2.183964763743067	0.6802423594278015	-2.128442361554473	2.6131340769843603	2.1682490365612312	0.5823120082426367	-4.450056966897733	-1.4764139270431078	-0.304065722586493	-1.7164998128934175	-0.5546644064287751	0.7105333688914331	-0.8052260411804112	-1.5838483588625771	3.22704973259419	1.797085584321217	-2.4114585999797726	1.0719388172619322	-2.1558485149919884	1.7870559863234763	-0.7884680612777055	0.9156945656600038	-1.474966892655709	-0.44730010263404474	1.7422952946400503	0.18790363244087516	0.701329905880378	-0.1968490387289608	-1.603236855242752	0.7573473803688248	1.7061140823958962	-1.243900938186311	4.205650941230682	0.7303376574882807	0.6919044317003488	1.929429310800062	-1.8753628104203892	-1.0060087186073605	0.21914865297186553	-1.910157178449404	-2.293300580135656	1.6087790400424082	-0.46495530848461986	1.2036685977144166	0.4746598351303409	1.0862008118268962	-2.1815549269984875	0.46068783456339496	-0.8426638292835463	-0.16680846835217528	-2.481925802521211	-0.5439184821494876	-0.564595159904903	-0.0021688626440280897	0.6581243924319979	0.7384601241528344	1.4019304242997772	-0.04027680623689541	1.9308900088153467	1.2149671732715563	0.8576708489777749	-0.6072700985862868	0.9401281403177504	-1.0921592798257536	-1.6531186980181656	2.975291321887794	-1.0826799787321377	0.08800027943284955	-1.3744474815118926	2.6392809853325154	1.570229080563378	0.8446182385789239	-3.6380918529175426	0.08772008869811578	-2.1791534372747092	-2.0240316492648875	2.1499534412159695	-1.4593212522152503
DTXSID5020312	10.609330289821292	-2.0206117999920847	4.372953778310883	-7.952875091557253	-0.5262773281960851	-1.9240668309760287	3.0126000527420795	3.2820708540781225	1.2284860714086476	-1.3883645239666542	-1.68248436250437	-1.2691040290184392	0.4367900449401978	-0.37685380905736054	-0.3542667422456638	-0.6526864734289494	-1.9286935900009081	1.0563328583240181	-1.0265707807456494	1.0373505357311532	1.1306301966156211	-0.37034715182716016	-1.5492839485851095	1.3662689366371368	1.5620274961029335	0.9536748234491289	0.16248746464051556	-2.629085879754671	0.7117586537164092	-1.9693298092244065	0.419607641781248	-0.34805485374370326	0.6427872907895991	-0.5700151757896327	-0.4315850157977962	0.24045065422367518	-0.8565776352510532	-0.1338173906971472	-1.7986309957128928	0.2029031297537367	-1.4623645038227624	-0.13275623724738578	0.6805973210202511	0.8254270562264132	-0.6428782621390651	2.14554865253614	0.9837800542419615	-0.006662476083583996	-0.9733313217002204	-1.2636296776246723	0.828892765820342	1.2888855243637285	0.37811775517610574	-0.7559587025314884	-0.3256801410945027	1.6515670163859935	-0.3954010708584826	-1.557253142079553	2.6663192421881967	0.08807331451923617	0.7055919410730599	-0.513783907457659	-0.7137183812063467	-0.6975444107412252	0.08685617523435042	-1.729592427975426	0.12035023810809754	-0.5250504963560726	0.07563259715009704	-0.7322472019093268	1.437721739123284	-0.4753148518319623	-0.31152836471647616	1.308942411721647	-0.8199903248661006	0.6752363758736437	0.7131496866335496	0.03357883552226416	-0.827855094207936	-2.578608985492934	1.2571190899535152	-0.795593814467545	-0.9203245039460306	1.051200746149853	1.8201106784387575	0.4448648809648677	1.5314094059150762	0.45618980365416206	1.0173443446896513	0.1607655021992248	0.32561413862928434	-0.7943409401341905	-1.772503745745778	0.17521598898244128	-0.947587722039183	0.6955197801844439	1.1733862783565556	1.0243824911325645	-0.15242946521357764	-1.693856463913032
DTXSID9032535	3.850406139572152	4.932809361586286	-3.500829130551556	5.520756567215513	-2.1089657048862636	0.14078521989818119	-1.8877533910681903	-2.581968310821988	1.2988519677803907	-0.06220472400178445	0.7096874561931346	0.9069142081766597	4.2847669882142005	2.019605462939005	-2.226215793896317	0.8825055429613298	0.9235263270451898	1.8565735011093136	-3.021917472000857	-0.05343027560584261	-1.4653871229801065	0.13677438820900287	-0.37893227808230256	-1.1029538420904437	2.1448689732092427	0.4848389856094344	1.004991280909694	1.0008516904928204	-0.056038066111361653	-1.061740443926023	0.06373575325030853	1.2581104901690945	-0.30100536789451887	1.066839166979213	-0.1891066364874156	-0.8379193354140796	0.4203347965927962	0.05223185893119978	-0.47044456861330397	2.2868817487355164	0.30691151266121974	0.7680384894334855	-0.03795175738317498	-0.740046766290831	0.09820437640251428	-0.542448844277081	-0.7248141335243652	0.09160267182679012	-2.114173396229808	-1.5068815726434759	-0.8903159233473105	1.3239663139988644	-0.020060737108407306	-0.38343762257075853	-0.37945378808998353	-1.1756172550171526	0.412410473949528	-0.12841828740113678	-0.45494479289095746	1.6607425874931347	-0.5083265916848572	1.342076257953902	0.8679456077854922	-0.5658891405508635	-0.599994447968087	-0.37210533622292735	0.24478356182068287	0.25166402054144094	0.9521125762591774	-0.5508116751759253	-0.23094832998333478	0.25127444809049426	0.09977764896985494	-0.5091096183525593	1.0305676039417349	0.9469345431792398	0.1813343070318494	-0.40765164869082654	1.0344556293015224	-0.39630243380199787	0.9726906935561984	-0.6538889890681021	0.8473858836630375	0.21281675518122173	1.4901383965884825	-0.2751726832254971	-0.7883189690802349	-0.6986111600212805	1.2123749870872267	0.3293291334475374	0.6019457590076279	0.9195549695221039	-0.02923519530176513	-0.28864783876075095	0.28444088947404483	0.989973454787597	-0.9128537055896394	-0.24773452778904223	0.0848894966278544	0.5359762694810657
DTXSID6045400	-1.938899334701004	-1.577031302909896	-4.496614840082434	3.35340096806978	-3.546731929954127	-0.5695207992313494	1.6140272776200522	1.7531165206023154	3.212222764770426	-3.8231101230352498	-1.7498288561566417	0.07570843124534793	2.6748896939344267	0.0854135728779852	-0.06664421968390775	0.6966504058320269	0.5761140306074917	-0.14140230177702567	-0.7477692015930297	1.6212080507957916	-0.578629250162838	2.8864685563933103	-0.720324280980402	-0.7237254261404412	-0.0017105078980363519	-1.4828831428579834	-0.6512921034044178	-1.9683664086727424	-1.3870566713197137	1.2272043599489957	-3.1580142618697824	2.006874461752882	2.3062462929811125	3.8943832310932582	1.6387256324548516	-4.633609703572516	-3.4730201180503446	6.711809901037536	0.46941787391662715	-4.7485036666066325	-5.386869655942333	4.539555764053831	5.052381988443343	9.005561703301828	-3.0381372023149567	-6.1928877578596095	0.8800490813129889	-2.3074349294621688	1.2547566437986926	-0.06533128019057126	0.1965542647513129	3.6138289352372563	-1.4391453720374352	-1.6698166085202892	0.42939815951520255	0.33472132664275367	-0.11572455816069754	-2.406573654892247	1.2046682817549232	0.4122557606976196	-0.19211467849036862	-0.6897136259259188	-0.5146394557015216	-0.5712787705276055	0.2184326137068614	2.270173776869837	-0.7072691259156612	0.4142633080010133	-1.2435731927873397	-0.27909011433389064	-1.5407507306255923	-0.4903534352721496	-0.9425003848104313	-1.1806340846018613	0.8840828955115638	1.3876202353198865	-0.8049337609209317	-0.7115351474236734	0.8591450766002712	-0.013710481949069197	-0.03899449140908635	2.1958654055262588	0.39278218247240354	-0.15246103016650567	-2.4603503922566565	-0.04199851485726964	-0.6610118440550474	-0.0008033488731069205	-1.2361084280614725	-0.047599616078831085	-1.082192702675073	-0.3405891289296513	0.5918411587899847	-2.283984154183459	1.1485301969143376	0.27007929475009657	1.5044904565631354	-0.44160719646801744	-0.005380473882428847	-1.0068760988688663
DTXSID3021774	-5.35845656747568	1.6722705495823078	3.6417435663975253	-1.4760755825730012	0.050111910842035506	0.9704253070963644	-0.105237864345269	-0.8956032839434901	-0.3298178639805442	0.3151243372557533	-1.693993363117441	0.07134277394525441	1.8947202573480995	-1.2717799441352478	-0.31705360892607826	-1.6547802518486376	-0.7638553498868119	-0.043936773661137525	-0.2139123610009286	1.0111281565361419	-0.021846014595809215	0.23630217877898424	1.196153210700371	-0.9279383154268489	0.04217072027082396	-0.14714852194087408	-0.049729859952628686	-0.35760572528603723	0.17853320084130903	-1.0449377029687588	0.6122569301862797	-0.8094299252036731	0.04386387842719263	0.04958370980553974	-0.85421454881969	0.29117590864425874	-0.5781799603433987	-0.204759790170333	-0.26436820381792314	0.3794267633152955	-0.13308960289303046	-0.24386001459860376	-0.49975301687810275	0.6693190510455272	0.33368620089852713	0.2984749153729171	-0.42219109267752053	-0.6720921197849935	0.3642602063672119	-0.10347487037338912	0.1404534903755344	1.0649675876655003	-0.19918870482142	0.3401165105977078	0.47344911109169086	0.6288720734533456	-0.25220446225974114	0.7641745738083736	0.42141186309006123	0.28960374479369544	0.21883290703805391	0.6267624308727835	0.1159323774844848	0.31124731551635376	-0.30439171170121193	-0.08085395505598855	0.8098511423548679	0.01379165648823349	-0.28666958783074026	0.2721539127805416	0.6863060067257635	0.07918839377278017	-0.28146166117670157	0.08338223191450339	-0.30245888405128124	0.32995933714441067	-0.05246479022561309	-0.3136906982367776	-0.11531890711542914	-0.30747684448535917	0.3564858010492789	-0.13485511557531	0.37416944109718386	-0.22428534999423494	0.6473089758811716	0.20331123887265484	-0.41102181633583945	-0.023580343276695524	0.08581947862036862	0.45925277938991493	-0.23303849759219203	0.13729519169614762	-0.4156358568585809	-0.23921181984985943	0.28400644984807566	0.24331415388821404	0.019898111725226507	0.16368146966675692	-0.1210468619895473	0.40414186616671055
DTXSID0045838	-3.7191266797991407	-1.3915615256427205	1.663932483072179	7.008551178394367	1.5368055836363868	-3.200898227468622	-0.12403417310676756	1.0579679522687144	-2.5791587308115864	0.5352675027035828	1.7374071050633169	-0.6520124192080692	-3.269840808660824	0.2380838543797425	-0.13937023348161962	1.1263132910804263	0.2675799450357984	-0.7326313052356361	-0.8978982822182764	-0.19417515075311806	-0.9823305318789366	-0.20447231209139716	-1.3277992547012163	0.527888685161396	1.0911380298157771	0.27711098530171396	0.6842528202627789	-1.0079300112231153	-0.2906839929714457	-0.3457424791259017	0.02498689682056895	0.8152074252097665	0.7871526985911615	-0.2831460533062688	-0.896079993045562	-0.22299033600143417	-0.7992909370934573	-0.02134621408777628	0.6675888544000962	0.049177776166436794	-0.9458405535112026	0.03709511492147618	1.102980012444347	-0.5343626954849272	-0.4973608018625174	-0.4757897331437822	0.4716703578992082	0.9978913129598671	-0.19145749614929453	-0.36148238425998996	1.160830118943441	-0.15391133845252394	0.11516788708415532	0.22134317520403674	-0.12087240344256278	0.4236582025989043	-0.07256215324384445	-0.7345808923064701	1.1229547425561808	0.043605623656483065	0.17240820512747054	0.7543743298141331	-0.04453809003695982	-0.06315000631650117	-0.16166001236451263	-0.23678212947653673	-0.10416020828081952	-0.33351383302995113	-0.9747928469966634	0.542273319573879	-0.4500168547840931	0.014991500624682942	-0.13592447182848494	0.28704689442737175	0.10747295729593029	0.9078142403024068	-0.04574569059179888	0.4209642643344212	-0.48598922023071184	-0.07352828463444423	-0.3380222849880153	-0.22180743295269273	-0.2906815920915233	-0.059494702567234325	-0.1323345940737894	-0.5600803065915103	-0.6352125936513853	0.80119225481493	0.011580817977694776	0.07437012417360979	0.5544534224042527	0.12615495085694495	0.447695837495344	-0.3019895977375804	-0.32429309860707967	-0.06040988493084613	-0.43501556073897263	-0.1061195237152184	0.053774791383823545	0.10550562199683478
DTXSID3022875	-9.890576009415746	2.7275305751901366	-3.5802835448863	1.7880026899827541	0.03654887104926263	-0.2651596541248148	0.08202874971111665	1.4224809923196298	-0.5109511642571843	-0.1857525028999508	-0.7715738336992528	1.8776234169118617	0.6658920747050354	0.5322962809869982	0.8684661198481759	-0.1922653373281371	-1.0236628606609344	-0.6987496370561992	1.4372088068026327	0.11831885872955175	-0.13495481057650835	0.7404923933854272	-0.7219674831522878	-0.41488030230803113	-0.1691285847889609	0.099620334418317	0.1344112246437825	1.2242339128184612	-1.8328034888228555	-0.5100509080194798	1.5049105911217922	-0.05917120291623219	1.6827009926294232	-0.9839761708965804	0.5360703857576918	0.28974024286710504	3.4233415097006135	4.663593285229104	4.668654459981037	4.68387903166047	7.293264363703815	-2.4653610442883522	12.411249913074686	1.7826117580109262	-1.8648043763937967	5.235823325382646	-0.9133020829935724	-0.4882482171719463	-1.6921377269610889	1.7777864320761452	0.4915332129392065	1.3306261896505087	-0.29202471651655854	-0.5818498346204649	-0.3883855193996572	0.32131698145998516	-0.217951543003094	0.27455248685351646	0.07592532130664559	-0.837158442077263	-0.10912095198621102	-1.2753125462011345	-0.8194690425090427	0.10408759666250113	-0.4591699750961007	0.4025005212653996	0.751875239652467	-0.23848886044031758	-0.2807845401394151	0.6490627851783661	-0.47315999193166525	-0.4409350653868653	0.058273159743455955	0.5200950023826522	0.026596809173084483	-0.1556021684979934	-0.6536075894046605	-0.02159626790455431	-0.05737579173355809	0.15166864434348376	-0.6066727539252349	-0.6836445597806363	-0.3281808815971005	-0.19031126462393033	0.1099878306264048	-0.8929660454305014	-0.1932355742550874	0.46059483135824386	0.09027555184158467	0.003389751479952962	0.35541928715684906	0.16933627920290542	0.005981700158834919	0.06562423906062916	-0.41799390619167914	-0.006688589383894792	-0.2765032482279741	0.21162460578639186	-0.7729608729837235	0.5674389059922175
DTXSID4044743	-2.901954962098241	-2.13093148011112	1.1732090992251785	1.7833832083937955	-1.342336078580206	1.5104643656331431	-1.5698023525360214	1.5276707593002927	0.9171875588733921	0.2935088322066019	-1.5131142898501924	0.7866446491979593	-0.28703720594459065	-0.5088737875267221	-1.107478011540828	-0.7186159803639343	-1.7454407324859706	0.044858894123657206	0.1461688084130887	0.5853225815070365	-0.22239480818521326	0.6057571679242063	0.5032331754677278	-0.8760235650690994	1.0114106248650834	-0.6888317282495797	-0.3038819664050629	0.4342139936733803	0.35109353882533134	0.8788070950537844	-0.1441996072730193	-0.6169561204386487	0.563963409047678	-0.2741252456641987	0.07656509447826881	-0.07754786258959674	1.4908254761833128	0.568459124517154	-0.09575951038923834	0.12837238212505037	0.02717476192375591	-0.5527610365517609	0.02052643654304345	-0.3063970585113552	-0.13823705759696567	-0.18917288374161853	-0.1911120250254672	-0.15833858443525597	0.9713481551536839	0.01339940072895376	-0.8233587345196376	-0.883852997240434	2.023121140788618	-0.5262849205122969	0.15137657315141623	0.08780783790077039	-0.1757074648176759	0.7104337320253457	-0.28305931633745635	0.35949600583465297	-0.17471810935824028	0.7847826983380616	-0.22202819757475392	0.2529887417489826	-0.8046666712393051	-1.2522036049591811	0.7050744441395319	1.1727106675810592	0.2514394711040039	1.2344155931139709	-0.7053538444562436	-0.30302410785669476	0.151665824914153	0.14965327382166743	-0.7596055726848934	0.5043226365535718	0.9490938933257853	-0.1453726885483624	1.2550314580926902	0.42500227697882065	0.4449780853945637	0.024722299054322844	-1.0306941339499427	-0.13086271202463623	0.044647117811604714	-0.2346559652646087	0.23468726237099272	0.5637691240682063	-0.9733947479015739	0.33309666254523357	-0.20035605538376716	-0.08535898664486606	0.5501787030815016	0.23838661180426438	0.6443371078260954	-0.39738892678936166	-0.9050840519458041	0.47652169862945765	-0.9656462790208549	0.5577683925428921
DTXSID2023270	-6.175243311793008	0.2431976888076817	-3.8984166716410713	4.594552289389006	-0.5161139656560519	-0.5825700937038943	-0.028898737534471704	3.0931279377359253	-0.8423734442226304	-1.029539033496809	-0.8662903650666198	0.7315017888147236	1.1015208504024174	1.4471837628927187	3.5656095665204988	2.2296560623935764	-2.154602680309421	0.3500263427033316	-1.012983736750072	-2.0715663897797305	0.16118131002877523	0.271511255205683	1.5775142899799077	-2.7971315774097554	-0.08054713598607625	0.10780886039432999	-0.21079797535869652	0.47297148609432016	-0.037789928139119335	-0.31211627593598806	-2.1540778812394787	1.4478858294141062	0.4187855596887286	0.8864532615936018	0.39464065882775634	1.111008087944412	-0.6759211751150872	-0.5305656860896706	0.5707650328995753	-0.06354843079013058	-0.4461718129732661	0.025126962351050535	0.1830821738952715	-0.8962557366083189	0.3962101447324628	-0.2966222586168901	0.0941799051580459	0.6073247331380829	-0.42377768799833604	0.1485267678156384	0.8683396173525343	0.10155344265840399	0.3084066496477057	0.8770526628308619	-1.8025792549653425	-1.2605549478675915	-1.1267085047214789	-0.6087670657122944	1.1745756539734646	-0.5393007077590651	-1.751949131672256	0.10008027778066332	-1.4646178555894684	0.9885485657827867	-0.12783542610882187	-1.960968254938821	2.189488510263408	-0.35847136737783347	0.39098136165481756	1.8900500592080798	0.45993889455663617	0.2817832782106907	-0.6065504697718066	-0.6452940677445008	0.2647548370441548	1.3572792366941309	-0.7727278516462319	0.024589137223229647	-1.7668749656220284	0.6025965537684889	0.9513244108525133	-1.4483726987559757	-0.7993993924022926	1.6693347223241246	-0.7219374841141344	-1.6863258002441042	-0.35234359888083877	1.6820210154671402	1.2808908616290218	-1.5249800267363356	0.42540421141096957	-0.4820874115439011	-0.09473791752600881	-0.26501531565326625	0.051443675576443956	-1.034914825973858	0.6502220120132404	-0.010926454572819785	-0.3226897255764426	2.070739236098506
DTXSID2040284	-3.436978749357741	-1.6557229536712734	-1.998173467234793	-0.07680999761210903	0.13472473703890037	-1.8840929987288635	-1.9009774232512922	-1.673265575590944	-2.227942033909249	0.019543728331364585	-2.304761768797895	-2.8964304606420823	0.46399477576308595	5.988253765708078	-1.0490313012201156	-1.147953933502573	0.17029227906933503	0.6453603464401833	2.7021533220372875	0.5497605879249121	1.0273398572697894	0.1725810038497403	0.9159075814142897	-0.5188891740026227	-1.4434776288730542	0.36679966436331707	0.6761397741504511	0.21862962503303826	0.14820906050877816	-0.44479592351914127	1.2470300939358447	-0.23868856655152437	-0.2936131210829107	-0.18650490265175484	-0.3903193514599163	0.5761362699549859	-0.7685575448124892	1.134663148822146	-0.14131237731354815	0.6261162088318449	0.5439299638336474	0.20524538313635166	-0.6357277335344241	-0.3961928163406078	0.34092108307182256	-0.39356195792262594	-0.05239320635816115	-1.1759422436758356	0.4208933484740925	-0.37545231031045173	-1.6671113717485417	-0.5314418808708041	0.04973543250959799	0.44577067616655924	0.22453465605256506	0.3994290974811013	0.40108320814942355	-0.06851576009498894	-0.9112903769802391	-0.10439136584887916	-0.14105352746004665	-0.7643959455600596	0.8529501070267353	-0.2144769946902261	0.2869896606559207	0.9158209623664098	0.5918213982697411	-0.6106811181363035	-0.34217933583057136	-0.005296872083239927	-0.5518510557400801	-0.44791184731541417	-0.5094718686185139	0.36993247942936974	0.0477865573606519	0.4107222799591628	0.3944446440316824	0.049367512341022886	0.003683077524364688	-0.029318044680172347	-0.13230570678991543	0.004449726739983636	0.3221266004970173	-0.37580232570945316	0.13719605349398778	0.44004998543109913	0.5119009628054688	-0.221517141778454	-0.3435206585447797	0.10957954074345164	0.1072916179897416	-0.149108579147822	0.187497445329474	0.2879697525405775	0.03349410834771951	-0.13555380765334968	0.2198186347824297	-0.0748622480669329	0.1833064935117531	0.3223885877838273
DTXSID3025122	-3.849869588043409	1.0038019284428366	-4.725338472667321	2.5085567303831677	1.7908975815399752	1.5470344968990488	0.9161841956769764	-2.011945166048055	1.657553179007841	0.5447290114709655	2.9112979999239736	1.3257333313809834	1.48098008562035	1.4876702987462025	-0.19810672859730094	-0.27580852861830824	1.759704345364456	-0.06475716111023733	-1.0387068394350938	1.4517547587608626	-0.6118580564709748	-0.23806070081471614	1.4141358810893596	-1.8875206344824855	1.6309007135425975	0.08079777019675002	0.3575526595045644	0.361797547905206	-0.6942300942641166	-3.067810670986485	0.7399552063002849	1.150695641903836	-0.06169378105490989	0.6743680439543493	0.3286657863624251	-0.9861722797828651	-0.0022703797070340623	-0.27248138864298643	-0.3634307316912882	0.07117651431117265	0.22289324517602382	-0.3666686367847565	-0.2734658263493814	0.36385701516818386	0.6210298750905381	-1.041582136442797	-0.8455902344254722	-0.8530537714177235	-0.5963837840652442	1.459640015505148	-0.5896285735413043	0.24611367311897653	-0.9069549075783824	-0.614279914948096	0.5373783523868462	-0.9557568345989316	-0.4881967377745897	1.4074967654062847	-0.17517798491520806	-0.23916166076340342	-0.8284028263057137	-0.8238023499972152	0.6599962189450274	0.953045430251138	-0.04630765505628344	-0.1685707792083811	-0.18024693389191573	0.10484124105931142	-0.09934898089262531	0.46112185235871717	-1.0879312583040879	0.41412618014866504	0.7335374786656217	1.0553373661279268	-1.9505381387759435	0.5511272795139708	-0.5829164605157439	0.24557204871295954	-0.2985688729644667	-0.4034335957730605	0.8782826015021461	0.1251060265114884	0.23800278028108582	-0.5192431739847593	0.6863693757221322	0.8797115630214893	-0.2004508355321684	0.3379589850372198	0.09179425321270532	-0.35034668225211274	0.7573376689857105	0.8279119884845982	-0.6034442703911563	0.597018811860412	-0.28516920566481657	-0.2656464718734132	0.3125530033835367	-0.5618866715627564	0.08168060499405415	-0.12151563709209552
DTXSID5024637	-8.38321063525309	0.9747558308381049	0.6627845521052556	-0.8760231858642892	-0.6256790905154856	0.1331197368541846	-0.2319996583931019	-1.1874011926989148	-0.8146101336698839	0.9330240041538933	-0.8380792202541368	0.2120801832753891	2.0524848163033846	-0.07007956586563906	-0.11806284156002922	-0.5245770737535436	-0.5356418809922007	0.03526574506670725	0.06346166991150332	0.37142690124038263	-0.4519774308559974	0.09631714668145103	-0.2311416119290936	-0.10651814351672548	-0.1509801864597244	0.13827825353079287	-0.2102206459571855	-0.18788004985452061	-0.1964282630544155	0.005399449194075327	0.3447082283227448	0.42935948220184433	-0.4555677498391983	0.22029595663076845	0.14150903633110085	0.20912350766209042	0.1330648222236215	0.8929013115247908	-0.08594578742867404	-0.06368160355083101	0.26785673069395866	0.378093561358703	-0.2612851137500869	-0.5084426988079629	0.2778253038149998	-0.19871929847219902	-0.2145161397318712	0.055578344543052466	0.16580670612400306	-0.1037207497919147	0.179590809392066	-0.5807613099936533	-0.20009951980880739	0.32623314486424954	0.35143152885492623	-0.2590489061483498	0.35961869842756244	0.11440341765067538	-0.8051841820967297	0.004481719063763812	0.2961300997937411	-0.47942871532379383	0.12805056848011662	0.5180829902586559	0.6213024865779657	-0.4168002175290227	-0.364605828081718	-0.5438327986620126	0.6030779328830848	-0.1575716052156642	-0.28690266157600675	0.5136461545763169	0.19160799538035622	-0.03137039295271109	-0.5128479477058209	0.1964354060541184	0.2509399270422608	-0.0839910577780408	-0.2693319831914009	-0.1956567137792758	-0.4330292405800846	-0.2574506925540633	0.06551072648048867	-0.38720132160079695	0.37054229632243196	-0.32594988701933203	0.2989107424072486	0.2454564189720201	0.3401476293924424	0.021866342217872706	-0.22250639684306284	-0.41512658356650195	-0.322844069180121	0.2676391618409944	0.023308486863623534	0.021060466226530742	-0.05801281770911999	0.24977564097993496	0.3262172284653101	-0.09102330531734987
DTXSID3045803	8.910808593893801	-4.916204849920692	1.6947822268393036	2.9696148703608443	6.037665679697232	1.3369336813219859	1.7092324103330434	0.6415191719544335	0.2794993510903047	-5.006081429360907	-1.3022793947250528	-3.728065368724587	2.307133083178417	8.855557669314674	0.3483972614535595	-3.286592597785952	0.23325511947627853	-4.302399299391286	5.1144218699375115	-0.14765332312724175	1.7926128312847693	-1.211153331208424	3.6247049780577565	-1.759897585794606	-1.0018824936649728	1.7970018359543616	0.731626279381018	-0.8563237870914873	-1.1107816516045736	0.027153340598017824	1.1200449781661554	0.3496304115918164	-0.6155724510171889	0.9710636763286328	0.3221290992954949	-0.40105216926799875	-1.7515611768585322	0.9459916373691345	0.402994054372341	0.03892132295803457	1.587823829567965	1.4276540855497741	-0.6404546643856592	-0.3250822853318385	1.5944250223706857	0.7335374751019329	-0.44671608393555245	-1.1305965060643497	-1.7058275633815378	-1.276538200038341	-0.13098875268671922	-0.5988279916449598	-1.1958501662826506	0.7573854147336563	-0.18202033523371175	0.2699600596677958	1.3296262767808378	0.6316612291933775	0.5460142756295304	-0.8970504153853144	-0.6034489190568373	0.0560875625063073	-0.7727013379469791	1.954803289104673	0.6595059644425736	1.1834887012367334	-1.3304168501649194	0.32196805406810614	-0.7797839254113507	-1.0000471133110884	-0.24053579162557828	-0.6287191119327928	0.7617469295168013	0.6207029568706629	-1.8771456128660426	-0.21577062963541965	0.4819443236704015	-0.5367437801117143	1.2637509330841032	-0.3888529837261023	-0.17681107825645387	2.09636464206564	0.8156704934151484	-1.0381484682457114	0.561827388149685	0.20685259599807437	0.7223496834292569	0.3740196671154806	1.2175479756146805	-0.3037273260564023	1.0542145836095789	-0.566303875012596	0.9457904882946302	0.5524045190240117	-0.013129024846770932	-0.06243956808974016	0.3471388681011152	0.03898262554560964	-0.08927579640812279	0.6421953287040453
DTXSID5021126	-3.709548341456533	-0.8830367113206113	2.8680464820693667	-1.155975920119946	-0.5160270606768239	2.2629234275734	0.05892685764436065	0.7609395443173884	-1.240208645971468	1.2314474636339965	-1.0390299649246157	0.30279080965323457	2.0075154158152477	-1.4901912446186267	-0.16115483766270064	-0.0629252401578018	-0.8254280574150544	0.5683349744682507	0.3672426486258887	0.631754179025653	0.689448138086747	-0.8842405964940323	1.182705330301461	-1.4086948927719853	-0.8730799627787462	1.0603584578907614	-0.8329437835117212	0.22827058786645912	-0.5493102467742728	0.32746933829832175	-0.5193116068501382	-0.49752312853138553	-2.2510538788587393	-0.5570524929532114	-0.755216646007481	-0.27915863766946214	0.5251274120227508	0.9531695165327504	0.08533842485234318	-0.2979722509662048	0.5160798804765685	1.4538698916290458	-0.04490428715922121	-0.28107679134833613	0.3588846294190477	0.15525943464290473	0.2937264795750816	0.9432684599486186	0.6167637070761519	0.6654647747113084	-1.0804214401203942	0.1560131009279472	0.03954774197397179	0.2222880109373941	1.695154642605249	1.0104265427238663	-0.2602655806947227	-0.7628495977644322	1.3252136242533943	1.2420007575107879	-0.9926568128090264	0.14482184604755977	1.7091411368505929	-0.4474147583599103	1.4702695978070146	-1.243620840887259	-0.2845701141870674	-1.1299988587556677	0.37216938719755505	0.7610832952888953	1.9400083265232557	0.4533238599673633	-0.0015496254634990302	1.1216380916392175	-0.49058065406686807	-0.4431317277258982	-0.0761176370732632	0.16254775903542187	0.5007982997464047	0.15176278207595192	-0.3641674027959518	0.9036772802647847	0.5730296820382311	-0.35039605439820604	0.5847105094055266	0.39780052886149037	-0.13754069701085717	0.29823096643774155	1.511439136335064	0.1375719096343454	0.37721953280319487	-0.835004392978178	-0.009372272057283873	0.24496253793618586	-0.22418467854846752	-0.02809449108021928	-0.1421724999202726	-0.5206063054850613	-0.2985765481230877	-0.24499358871542848
DTXSID4057760	1.8900536937914332	0.24396784884500514	-0.6865289164860991	-0.1799973216069869	1.9450193493872427	2.8971322600529335	0.6788410087132586	0.5493695353175576	1.0593917454794541	-2.0255607010829846	0.7775620654727282	1.5743956530867773	-0.39262940002045765	1.3546815492052042	0.5879454612981615	1.1602027211926862	0.577878574545121	-0.5470489995648357	-1.6856317136933099	-2.773059725280232	-0.345701877497082	0.10870851496099959	-0.16477672032646476	0.19047841903142765	-0.6597570308401448	-1.9420327211105866	0.32839795051357884	-1.463998756306788	-2.318684518744633	0.17152653628345968	-0.3465407612792658	0.07590943491160611	2.11127735098168	-0.8678551588809919	1.2917810806259669	-2.4492661388171864	1.5451476210304889	0.6270358377716188	-1.0198335412355894	-0.2722619225345461	-0.3026389168625506	-0.5252203649855428	-0.934098277605342	1.8429452341960346	-1.5538020327946527	-1.3830937361087077	1.835862236362609	-0.6912610934887519	0.07120387500379152	0.25721059253492007	0.9207433682399597	1.0182412502469738	-1.0555337594633145	-1.8507772593501244	2.3171021970977725	1.4788051287731507	1.9357917622547132	-0.7842340753971176	-0.35404902407766053	-2.133847438321017	0.9794393949944069	-2.1134221872799324	-1.3847528616223095	0.9727417856542397	1.226509432701337	-0.1801450025503679	0.7100884340253691	0.5554369062567982	0.1479828098051202	-1.9210086632942411	0.5597575510387843	-1.190268655613198	-0.3101798408711128	0.6059276013121623	0.9810536844969651	0.8368321441684436	0.37158724808639626	-0.5001777621676907	-0.6478016313161655	-0.0011365354791704467	1.5316017931400594	0.2069129209991902	-0.2993086798720556	-0.5187854960295742	-0.5912299108071756	0.04653016131832649	0.38596495386718077	-0.09728829990930327	0.033058618463478705	-0.7547816703718554	-0.08413791796996925	0.4947631109689011	0.7583698455775371	0.49825146894685146	-0.31100128890278234	-0.5234950638669353	0.26020030642471803	0.4296977842317012	0.012440099829562	-0.1589244294995099
DTXSID3026223	-0.019002968939014243	-0.6197162899854043	-6.002034226757455	2.0479906407123685	4.543791030408009	1.216585480299946	0.5920925734715802	-1.89752489139728	2.3376967826070976	0.5740624113753244	3.7236406877346004	1.634537605872833	0.7800236281461678	1.320674735030893	-0.6903575171439541	0.22158928499246186	0.9252919647458041	-0.1741011630861211	-1.983281552786989	1.6146788148463491	-1.4226336622981273	0.41026462466570085	1.166120310794764	-1.6921287017881457	1.6288284700807196	-0.7643653927785568	0.7730461356397527	-0.00510258648753239	-0.5209603196318603	-1.8849063328594404	0.995502835633767	0.19984735317125282	0.1732266269599819	2.5461743710229534	-0.3187175888860796	-1.1810743625325668	0.7579684813981796	0.12315517153037125	0.012733203834251467	-0.3166778051077402	0.6804897135447143	0.028479505944380725	-0.09490577009090803	-1.4113673557369415	1.2013700065702555	-0.56015284991395	-1.6396410241857047	0.21044661865910275	-0.01517589138846337	0.710648592435255	-0.6334099352328186	0.3005215087609939	-0.6657902123927046	-1.5082085571733552	-0.3052299185551919	0.5682578433279271	-0.9755591316456165	0.841775312714088	-0.26257547492841027	0.4434392967722607	-0.1306835087877452	-0.6487455171446495	0.5257339850521092	-1.8050845949641598	0.7898178323019175	-0.0778614562737774	1.4982171012074417	-0.16263843273725237	-0.5652623395704486	0.7917325682899562	-1.1187301998353525	0.712972032223172	-0.13766640677721764	0.21626940879098663	-0.4120236359341719	0.8705931938793692	-1.137045831365302	0.5561022475686873	0.25295856628314656	-1.3902023988916008	-0.716342349445173	-0.4570210929105873	0.0885185021426634	-0.41562026505314154	-0.4403962053390485	0.176168910485438	-0.5696313517270197	0.2602185132938533	-0.7660901534098952	0.19556947903243957	-0.5603762562935815	0.4385804104146601	-1.2226536010796825	0.03309593479877203	-0.0208014946346978	-0.8608210060960328	-0.4994640314247099	-0.8967713727222075	0.482998370412133	0.8278142634234856
DTXSID6052295	-7.800092730186709	1.42241099794207	-1.180467334439104	1.335896088001932	-2.4001982949256786	-0.22935610833840644	0.7821152436487276	1.6931785467914338	0.612306274287456	-1.4403772219885962	0.2497517104961907	0.10678154897595157	-0.4270385424759976	-0.7618160414951022	-0.8534024731251014	-2.453895702574313	-0.8631119723077313	2.8923037268415945	2.1985052611832825	-1.3636164311006906	0.7856378961556991	5.745813874170328	2.447478626039041	-0.5558928235477707	2.194258324482856	-0.6299171368179582	1.6123328642298478	-1.6297963169737713	-1.8219299174511678	-0.29878592292345896	1.8866870398356934	2.1804084508620534	-1.432514344920291	-0.7147585237854452	-0.22739443603110487	0.9016678518477622	2.0136489644484286	-0.01366270251531964	0.7102172936126704	0.1332784690318336	-0.4358735421717167	1.4909867112053292	0.21938991256691737	0.5836775596059037	0.020253380440665204	-0.775628785054281	0.7195792446152522	1.61572853740443	0.12917349086215166	-0.8360359181919478	-1.1349719811994052	-1.0043534618675398	2.0807056802438084	-0.38895136132082975	-0.9423029338871327	-0.082701648921817	-0.7860515836521323	-0.8451292986286292	0.2510406397733333	0.6772840563151363	-1.0186153688223656	-2.2291252915439133	-0.8556904113173383	-0.22463250831755005	-0.056745183389364975	0.3029209470765646	-1.587165175804354	0.6678836885919716	-2.6867486627536494	-1.7582960979093567	-0.2993021025369315	2.7432104865324747	3.8701500875774464	-2.1996721041868943	2.855059469709563	1.74841251252591	-2.361150231141513	-1.9869242176357784	-1.7871106981202196	-0.6462202782329269	-0.8391326590837621	-0.9854933010602792	-0.13412337459774418	-1.6120913630511315	0.8633402923983111	1.6954323822804735	0.6322916589949374	2.026781662354004	0.8639719918572013	0.03462099902413128	0.614580762564189	0.08575241369499788	0.31796809786515895	0.7701679469895252	-1.0181314134726205	0.5017700545028858	-0.08851901162616471	1.3787485590349584	0.101503718710075	-0.36920137106696843
DTXSID9024065	-4.762264732099461	-1.3438671566448224	-2.4138819621173573	5.178373039501025	-2.739573572157145	1.0466203183375231	0.5083581864122979	-0.7044134108261243	11.923673546118646	4.266348032690804	-8.621999268124158	-6.40201545139786	-2.463070195514293	-1.7966068969243296	3.074305168414639	1.59641691208439	2.201918280449002	1.5447635182609674	-3.1979455460277375	3.3523629154878907	-0.5237629859955835	-0.2025870576468754	0.6639993688657398	0.05453034926810527	-1.9204129586230385	2.0561292659242487	-0.5717983502874787	0.40232943651403963	-0.0018481435518985863	-0.753498748940012	0.6027539431835052	0.4235962023681353	-1.6175133766284822	1.4247500227601648	0.5672469255275856	0.255895913898302	0.5641291522968946	0.046739927793384116	0.03326845755302585	-1.7032244417444995	0.4454788210905551	0.8483296506343225	-0.008967243267047871	-1.3335464099180332	0.3857844111687985	0.620998655815928	0.7142199062222866	0.8174304379405716	-0.893414307529022	0.7221810583923648	-0.017507063747726825	0.5812754782100277	-1.6116817287905794	-0.41211887004299813	-0.29741326076037194	0.535362416409077	1.363042715157243	0.6320604841149026	0.0830476476188281	-0.46036295453861875	0.725181177966047	-0.784341056027506	-0.6354989688398403	0.19487806314723058	0.020522035930051266	0.7916992220600055	-0.6356604687171988	-0.10221816491187698	0.731913941517189	-0.9884865985329543	0.09302650761709676	0.05584083351798423	-0.7337578704641372	-0.4251527958758184	-0.30911746058507283	0.7846558775643964	-0.29658408330729813	-0.7966187232990881	0.9836108532954164	0.02833832674777827	-0.23415961860984333	0.5685191996693915	0.14411948441962372	-0.4996475641186051	-0.07252074561310247	0.11473356970937268	-0.3981248552617364	0.1568114245341181	-0.2508670421884548	-0.6519486463459295	-0.40721112508889035	-0.23486832046655817	-0.2969477465430456	0.11189539696356171	-0.3373697061157531	0.3127576052250655	0.3855168289505953	0.3192623931580435	-0.1982115459827469	0.15853720914908584
DTXSID8047058	-4.400609368551809	2.818955559570196	-4.1027440279928955	2.620916256138031	0.189843631353538	0.5111072905963601	0.4391548969415329	-2.2252801192594616	1.1788555351871344	-0.20857642911743615	1.854218383649938	0.9262452222962544	2.279977920262067	1.2321879259974062	-0.8304890347330988	-0.09768836720663666	0.33183673702309757	1.310574421247352	-1.2340628785068477	0.3455227828505391	-1.0231926298078027	0.21711383631553488	-0.13220658704454186	-0.582024985030221	0.9766457795655709	-0.312716837084613	1.2886971350802878	0.7746315700895753	0.1088114244860648	-0.9132973122687621	0.5866314460772923	0.07465931844308761	0.12173496344264811	1.0808671843281956	-0.1041476816028766	-0.7359041378868506	0.852284969021913	0.03992991139962706	-0.478627702160876	0.97682832943725	0.47001335037800546	0.08390091492485749	-0.19009251658993365	-0.4027855984479156	0.4447453583087154	-0.5944005984440598	-0.08728385558014803	-0.4538541842216299	-1.1957765466226444	-0.8292517282138411	-1.0466030429267088	0.6063133479261682	0.12189505680879065	-0.8448949975272415	-0.6938883034352282	0.26090394977985903	0.020042522718780424	-0.26623435148063	-1.032381842405246	0.6559136418038487	-0.4054507895339322	1.1705833787854343	1.4219933356763885	-0.5687458258602991	-0.2207253076190685	-0.2132365849811166	-0.5305166204398644	0.05455069391698745	0.04952395229474774	0.10625165670001935	-0.7438697989838702	0.13762918982969224	0.17565430871734772	-0.4307840965925331	0.35163624085106787	0.29623485039516756	-0.4666120051671344	0.01018865861774717	0.4644786190590498	-0.3955666300489364	0.22171730847495302	0.08314672001945218	0.5241859671063539	-0.208732890972104	0.331665039030831	-0.2286463678574425	-0.26577566765527844	-0.00060488106437437	-0.051165083431712347	-0.023988746766489513	0.35208074710461373	0.24470400558175706	-0.385897501560131	-0.13349852608626225	-0.2609513042255725	0.1486250647815871	0.12186518469476582	-0.19406803028285213	0.24808694519999638	-0.1066301882091204
DTXSID6027050	-6.969614654560058	0.7360160787047094	-5.689521674593744	1.9010661689384245	2.696570765847879	-0.6099888067695745	-1.3968548557261844	1.9328407673983383	-1.15648130943289	1.0584098880345838	1.6705503509383195	-0.8568591634765976	3.933690351671956	-1.3055323048471226	2.3528562977940246	-0.045910215781991226	-0.4121244991398792	-1.6361773854079835	0.8178103101205931	1.652902369518343	-1.181785288185508	1.1338957337809261	-0.5568337925338059	0.3281492646880665	0.5234462311272668	-0.8304429033763804	1.3826089699682091	-0.30025406828338935	0.2044897941104363	-1.1076408298547935	0.4983402828635072	0.4323898483416984	-1.4188224955299764	0.1973697940434578	0.4326992698108066	0.6778020464112606	-0.36746476093113234	0.21575435886398578	-0.3051476630332686	-0.5059725559760361	0.16814129369929495	0.4848847156836598	0.16563381792226403	0.3254698997778003	0.6111509308848725	0.320757982361755	0.20232118998322096	0.24022548025437548	-0.3214062338156807	-0.5123804946974752	0.7428069347954253	0.04703001586518025	-0.05051464602259397	0.26039766089016225	0.9752801229324122	0.5309488106745663	-0.24178325416094174	-0.4387757133286295	-1.0803627588335332	0.4166960693945733	-0.49438993138344317	-0.6557274071797164	-0.6180180334563738	0.17417680451629974	0.11355428383484065	-0.08429867572588862	-1.0362367111296558	-0.07141588522343839	-0.9453960363715025	0.021177802913338654	-0.34572503079858224	-0.9572278118338872	0.43540016441993457	-0.7974383889932347	-0.12337632524208071	-0.9698033344895348	2.2247304510427224	-0.7014451072194684	-1.2327956192824505	0.5457481344001802	-0.5636044014624332	-1.2064569652233368	0.3390928404194631	-0.4554905401453219	0.22358823014858628	-0.36439636522049584	-0.684919562341614	-0.424568061668946	-0.22646005973538733	-0.037849699911134634	0.41503387244924544	0.7635796770191001	-0.16766274676347623	-0.18353677113128222	0.21345695895607522	0.44006251797876955	-0.13575187868597038	-0.14599764823738268	0.036202762515497186	0.18337069097516864
DTXSID5044154	-6.260114669083872	0.5898851394634907	-3.0558131843232497	0.07493044508564997	-0.35877344693705254	-2.939155106527764	0.08436756740384924	-0.424605671657164	1.0902261796790722	-0.27071157758950476	-0.20653151477941503	4.293002486298353	-1.0060674995905257	2.339640054498844	5.536212195927076	3.7049244125413097	-3.3348791870556105	-1.0600269303817094	-3.007301585988549	-3.123619698291405	1.0961448369975795	1.890925970353408	4.16310844847465	-4.813880859105908	-0.832298485415597	-2.3993140352725226	0.22566007062067497	1.9881313767591504	0.44905094122611355	-0.7122457786430587	0.42984707862126204	0.5738259626469361	-0.4651091851936864	1.9523500287637114	0.5106238071277855	1.41927848046459	-1.63556809983303	0.4867075462451371	-1.7061242632709577	-1.4941603051654129	0.2137574969127224	-0.3236387165303553	0.6067032030189249	-1.730823866242712	1.4659434728669596	0.6677039458076148	-0.4603553815830034	-1.0126821913830548	-1.0771930660913573	-0.11653629572600932	1.2761347811162853	-2.237389349819938	-1.582380929303176	-0.47748643791293205	-2.8203978040784743	-0.0705661769720588	0.18187957653973846	-0.3073572291021298	0.9004375874137206	0.9375694680260251	-0.5819747852911229	1.0429666105597706	0.3377094618245623	-0.059961423154489615	0.09213866136443667	0.4960815955910345	0.6152129720948825	-1.0128911331003698	-0.9638175769025914	1.921800252498466	-0.6656481887544994	0.8841270447380832	-0.14367585133914695	-0.21433468133927658	1.0140048358550937	-0.2597422989405536	-0.6093123187860466	0.2034261797560226	0.3773044816333746	0.026769721555769416	-1.1974171141918892	-0.43149113643856296	0.37980043635955985	0.5455426668956033	0.40294587675043886	-0.2094670917387128	0.18697293283888294	0.5710941063332889	0.1346065619202096	-0.4589692546388377	-0.04743233620088626	0.16276309455611168	-0.057018187638780055	-0.13152586712242662	-0.019293241877595586	0.39892853418763713	-0.35421376160347207	-0.5901074531573339	0.09473690771865446	0.3384428530781357
DTXSID9027360	-8.684543460760924	0.5668879464335718	-3.9294947701727816	5.979552933339819	0.9244319921768913	1.4046675635187078	-0.8138020922048991	1.3575178692551388	-1.2747284208664897	-2.3636716005065095	-1.5016430420036344	1.3858869026193665	1.9123870019792142	2.0136879432496055	1.6699422677076883	1.61712887615878	0.6284722035091325	-1.6841310121330453	0.2908597310952345	-1.8454527037013646	-0.04133574032906664	2.1174405657117177	1.4200367913187777	0.7354574321006361	-0.718736104195472	-2.4749733121927955	3.09971281269161	-3.3042636596183526	2.2066110147963953	0.8910079844678165	-1.7254319749013525	0.18157482667414016	0.6276963328620668	-0.5724888554912854	-2.1883874523220084	-1.5492098756367738	3.0031117167864707	1.2547185302246608	0.1512592853517043	-0.9502425832685352	-0.5772520012970549	1.5649269278490192	-0.45197015082778985	1.7734633745770743	-1.2599365870188206	-0.5993002385825779	2.0762729686330514	0.23120056142787299	0.9261324244939392	0.0883245132068981	0.4159063006143283	2.445696479893783	-0.2562262227592369	0.2584378042199274	1.6726179755551387	2.3136993492077047	2.5358994409542803	-3.208751583477055	-2.5353038024648145	0.9464457505807561	2.78564430509205	-4.294575001171596	0.6912707748093272	2.103252972852068	-1.6041004382694914	0.16757626362598319	2.729047746012657	-0.45793013716887154	2.3880621357631537	1.5328002176568676	-1.6181260527834243	0.9516003076773341	0.5537760227460994	0.128573216417914	-0.3155871759021087	1.0607085751313032	-1.5395468744001228	-0.08181638747341578	0.4084324710710759	-0.6918547335633912	1.2689954432473574	1.0922770979792509	-1.1200927072779594	-0.16387560787708644	-0.8156871099837183	-0.30212381403915745	0.7503698975219801	0.1747301600365439	-0.19308161246966138	0.28807727277332046	1.30346580592379	-0.4217732162941019	0.10457410208919095	0.25129672916088613	0.8902343330056568	-0.22513039273348667	0.8777675593414228	0.011266105587426514	0.08417880312869283	-1.1397896989161687
DTXSID1029201	-0.579627772583367	-2.9444855480873846	-0.25150867151796885	4.351252944852873	0.9641288357805362	-1.6831841264667982	-3.1636074031721666	-0.7007570781545147	0.43197671549661504	-0.4515054194882306	2.0827709161728176	-0.5017517518129899	1.31313716328502	-3.879629629775517	-0.0038567764062911775	0.34339444038716227	-1.2505781786925947	-2.5374498824196685	1.7714983552044967	2.8284116477812704	-1.230783819189792	1.0104291062721396	0.03593665623242273	-0.3196106096031369	1.7865367317378311	-1.705411808680372	1.529249750040611	0.3475802920646473	1.949426159785245	-1.0221263735820276	0.4545730403998616	0.0233262857023225	-0.5299672455121687	-1.9438900398009382	0.6759936356061838	1.2481724745503522	-0.013915670130211935	-0.9319879872122887	0.25826117287277994	-1.1034300576128337	0.5909749085478528	-0.83672146810498	0.07747285410601665	1.2888784750217408	-0.009013759149498082	-1.275112784754607	1.1667663186381625	-1.0343660405345039	0.0942245738877377	0.598976656238285	-1.0061010703477282	0.09395152163705821	0.1148037434972272	0.42010102217909184	-0.06086376383857734	1.7763590082867233	0.27759859556833305	-1.4385275073848147	-2.5428683625990542	-0.3224037750517998	0.42442293903401007	0.5480469246170081	-0.6827618699689069	-1.1658912324952322	1.1828837353335722	-0.46702196319465067	-0.11788386123342783	-0.7567584321215128	-1.6179012246076239	1.514666875807072	-0.14562181471395627	0.028763566380793745	-0.7026517865589895	0.293921312868545	-0.5504389615945565	-0.6703589398934017	2.804703115457394	-3.5081071460389643	-0.3387241726447351	1.6378538015862656	-1.3399297132668218	-1.3531107569420087	-0.9890292619017206	-1.9975532511414407	0.009467380379220935	0.33780033347724037	-2.6944365348080854	-0.33971237681236344	-0.0862942113656024	-0.3342505526542536	0.6806615664405696	0.3349428130507736	0.4568683050478001	-0.2889273205366739	0.7326612513119479	0.4958271517274133	-0.601474713012179	-0.6436450376178053	0.14950285747625283	0.4589107165426901
DTXSID0049238	-6.206714466475022	0.7814142288414437	-1.5700298403186623	0.11048446371591335	-0.30039133065644213	-1.3077292432813679	0.4929859532771369	1.0242706930964036	-0.05304528467395809	-1.0274595983343222	0.029268368245866816	0.38076419499418407	2.153355133937038	-0.8212443806838513	-0.1695334601223457	0.6254577668300382	-0.755978673583242	-0.2578997255299963	1.0320393801195122	1.001931019906499	-0.6895394922389231	0.7464124184805593	-1.8616789840263226	-1.5064106982636465	2.827833434147354	1.6593805353842186	2.897417227614002	-0.9486154660859192	0.45144981628280767	-0.5169869092060704	0.10513553173851017	1.0017729074303279	-0.5711499169230876	-0.7637898275318326	-0.24986835150165954	1.048731090743683	-0.9895513796125843	1.205515689618615	-0.8929639827513275	-0.14431834474754504	1.2151882035256738	0.7164631358589904	-1.8192097109239875	2.874690193204872	0.41211685425965416	1.7014217061648256	-0.840589333189881	2.7647405769924345	1.4936093203663363	0.040240790909143946	1.8931140463515994	0.6487334681548993	-1.740021462078163	-1.2815700040502058	-0.8319941664179876	1.6184813779934197	1.497535903785264	0.05097304852127355	-1.6898265743430363	0.8759231888955832	-0.7702510437042717	0.2373871925069298	-1.0568568467369186	1.3349275065067396	0.5523747908110564	-0.3406724299467178	-0.5981684040457811	-0.2269999830161562	-0.0178808686444634	0.6926696586960002	0.9167726377393338	1.1842718038185012	0.11874393331360622	0.009387002014335627	-0.9066787568687874	-0.22680552380834493	0.2681066976329174	-0.7804338654328306	0.27524682294038416	-0.21030062252071216	-1.3136374656726293	-0.3909962966648109	0.5289147066831542	-0.7547715368560309	0.11369100781120153	-0.37437072146144795	-1.2370833332557565	0.02988871550484851	-0.43543202869080144	-0.4107199864030798	-0.10394461331339519	0.0024128214506019575	-0.37740580911885335	0.6462812784447622	-0.5807820340307452	1.119515293527753	-0.009230811997168293	0.7387876379334153	0.33623163744440715	0.9252872456349491
DTXSID9032531	2.868985386278417	-2.126686894644858	-2.263294007823864	-5.387469987242099	-3.4030036772861103	-3.7681486950570986	2.720687267725778	1.4841286271893455	-0.6650856985790674	-0.04146124239271324	-0.1885928922672887	-0.5081546469694156	0.3912413225548095	1.0804029861290558	-0.8877521811071915	0.9190514742645256	0.48346856628345114	-0.3228661927492824	1.682141982018144	1.6594535843950584	-1.1544568432346465	1.8454747327132932	-0.23612269891452145	0.34709650952873583	-1.0635152245782158	0.07607361758739142	-0.4958641311089141	-1.4312882096741493	-0.01713808455929203	0.5843655754505518	0.4694484847136899	-0.28714851160577975	-0.31886822970892936	-0.11211241264946598	-0.09865144445640309	-0.231024209677706	0.06471521044945065	-0.2725521079036405	0.37761132961553545	0.4888051013030127	-0.7541024559881053	-0.775666797755514	0.3296539968053791	-0.18912695970718832	-0.2920272339298029	-0.0704939841929372	-0.5908854171251251	-0.12453865560923862	-0.6080292351666032	-1.3191150329650057	-0.2574884295283295	0.23430355292575317	1.2813196525892594	0.1334680510586307	0.6936011682684361	1.2473602709633607	0.26139810976313704	-0.26189166065793235	0.2935458221607069	-0.16431402876718001	-0.31639227928966085	-0.17297575889372338	-0.053868344695555744	0.18869495604473513	0.7577185542693511	-0.2792437719524762	0.33041802593162195	-0.7691241112300379	-0.28786765970805933	-0.841573633543043	0.9220454829223698	-0.06064791911839562	-0.07784907204514077	-0.6410376357980927	-0.9555989878073626	-0.7815254604342574	-1.039928270183558	1.063605724766086	0.6686966283657649	0.11919182565452553	0.36076822278012255	0.5485214534028022	-0.8531057880008716	-0.7306901632124553	0.6172013334346986	-0.5469643082929786	-0.22445721733937538	0.19962994066469023	0.17434264848134196	0.06090517108976444	0.7578283253178812	-0.17490336267674145	-0.12000392327178276	-0.2625594080134849	0.09902929136646879	0.20741062990661432	-0.3127011193193061	-0.012301202455984981	0.45958948093423235	0.095035477722579
DTXSID9025873	-5.141935442508887	-0.8213479003325803	-0.0007977847459040274	3.0434124638186355	0.6497267761080567	-0.5258648892833734	0.06901539605731798	-1.7381260419447995	0.24491616957028275	-3.0828392671709763	0.4180117172632005	-1.6728360682486048	1.8159539817447694	4.094484335281485	-0.15582658472938926	-0.7711890157478772	-0.8529890330325612	-0.7383066125654959	3.6153004172249905	0.32638134277387193	0.7497178448790757	0.07892295321366079	1.193589629533268	-1.0201138306782789	-0.8935888267825819	0.4875844083751475	-0.7421482603037212	0.13598770078627742	-0.42509204257097605	0.38514512118644323	0.6454460085399396	-0.06913649553468851	-1.5420100402193997	0.1254754517712842	-0.649261415157685	1.2621998760499584	0.25443666828796674	1.5388486908011787	-0.12018320028069672	-0.24637000569005013	0.9611888759366921	1.3525274332132422	-0.642881149749276	-0.5580448120742701	0.4256346911548841	-0.024993995569404178	0.03149375962319324	0.009232968497971544	-0.1346029949547025	-0.2876821256008775	-0.8986064191811347	0.23864265404446855	-0.03434594996589092	-0.4608131815283328	0.008105173867471017	0.8260235736576391	0.3648390863335854	-0.3994199313975406	-0.15940050162027827	0.6550108567325313	-0.27724578511081144	-0.21884671624884408	0.45229037435094543	0.4670309036050128	-0.2637613409847688	-0.1559246681064178	-0.3609802146386565	0.17840295339710116	0.5466406396318975	-0.38940973852343663	-0.1715091696012399	-0.36865851706917674	-0.31049082293020414	0.1606751574215121	-0.20471481440283382	0.6455559581988012	0.4279228095260969	-0.6985776641083233	0.4458053314458241	-0.08348707839482787	-0.47140600812108874	0.5241311312928633	0.6361941859945623	-0.46630946357003233	-0.9583133615123766	-0.22517026750234312	-0.0395319003061884	0.050092537845936085	-0.194681151595244	0.19216613362337406	-0.16580969735301143	-0.031238240872409798	0.2332294014150206	0.24211520485273988	0.3842466928088213	0.01338437654399096	-0.20260314101634122	-0.008924650036226006	0.5416728002918744	0.6857879524052334
DTXSID6021872	-8.217231630773542	0.9579399764238615	1.1027651351079855	1.113977399580775	-0.6235801479708029	2.2100480139227865	-0.6197562896601083	1.7271464044996658	0.4121026912851268	0.28056433551815985	-0.5988688505497205	1.5971192704457702	0.75741491457228	0.8133036887979326	-0.6665335407511088	-0.1976152332769737	-1.1868226139168376	0.3855299321463392	0.5771917814490226	0.138930725480841	-0.8076284770584746	0.5273720109608584	-0.4318700175579395	0.1965043358384492	0.08938047987613244	-0.2564378810081784	-0.019483883089491002	-0.3233359802284975	-0.049818909816192414	-0.3772265929106904	-0.31251705489134207	-0.021674242667301533	-0.41778592216674815	0.0814778774021065	-0.34850992688912674	0.40282295585878763	-0.33939142059643856	0.5399876215786727	-0.43821733479536995	0.20764351830683764	-0.13835181193758947	-0.16953095556582973	-0.0982951182812646	0.08636197120975636	0.3124267817812552	0.18759064380055984	-0.4027654407341726	0.2142836751799959	0.4017795959791651	-0.09617740098160255	0.21165956284551798	0.03746369551351964	0.11460657756583904	0.4876619280940458	-0.045595834914014706	-0.2799839144547755	-0.04381539267025178	0.03699916247566302	-0.3506693315330551	0.09867376495715402	0.21291969349833983	-0.2817819052841387	0.09321030394487549	0.03730466031357524	-0.13322117256279706	-0.25591789629334183	0.010117301447708754	0.04283809157742915	-0.23459600549163218	0.22476994551597584	0.1510033110896128	0.25032893237426945	0.07918257614431581	-0.12196538068447287	-0.10516940921446206	-0.05907366215256732	0.27396136866821924	0.019089943888697426	-0.32685792788027307	-0.24326670381468193	-0.14230600467137783	-0.11985649268407991	-0.1127199797675348	0.06000661531731268	0.07644919778791273	-0.28117411495849376	0.25228470818389764	0.058059500549706315	0.22164064952335943	-0.028091004891736476	0.004303921632359596	-0.14749219759397206	-0.29093392333162554	0.07548489456663403	0.12154067530464123	0.08346174293851313	-0.08178561357994972	-0.019118020837683575	0.16969507923564886	-0.045457719684871466
DTXSID4035592	-0.48780825604508965	3.957782244166888	-2.61746455608801	-1.992992572409887	6.404276210132128	1.2775577849951276	0.6512873168125292	-2.7356411418612976	1.1656309008568886	-0.9043572047913465	-0.898639644241179	1.4478712245940302	-0.8682667271104534	0.11353788236910572	0.49644652891848084	1.231058993020452	1.1266669327489065	1.790199720442511	0.32017628504466555	0.6928995880446597	0.39115695115346577	0.6959626854531294	-0.9347551561471027	-0.7726386097519827	1.8012067381686983	-0.2891237187334232	-0.7714854422620563	1.1887234019050976	-0.6331991777088134	0.5809593282975501	0.1842832700648832	-0.304298624728229	1.0866001651009336	-0.6090064195238327	-0.04815376918016372	-0.12732733591181103	-0.10641114348298296	-0.314376889713337	0.016923450112021437	0.08150565151482514	-0.011473285113752757	-0.39542131074790593	-0.6191120702225619	0.42305974573098243	-0.31993203502183004	-0.8528231839332855	0.7080640979832087	-0.0318641019281989	-0.0721374441776325	-0.06798962665192998	0.14005026842492066	0.012930421569168814	-0.15756732340588192	-0.23549384337396298	0.2575251125270617	-0.05549708009829561	-0.9763534092424082	0.516438675079653	0.1947449186272966	0.808803344409245	0.945278855251103	0.3601211993439417	0.19347136947619073	-0.7947479752244052	0.05576078705965604	-0.9055232263827291	-0.3833787224461973	-0.16416518198248015	-0.37611721627853884	-0.03054113101207814	-0.03964503538496805	0.4519345311183163	-0.15086415815814708	-0.10326734617126629	-0.20787958243281834	0.27005927112492556	-0.3381107629043953	0.474478980944915	0.10478214571409895	0.035678920391161315	0.5082495870281906	-0.12553262392910236	-0.3948004083691864	0.3210272406287032	0.5650985324278007	0.6622133010534311	0.05986188827720211	-0.3648917542767143	-0.00836100165092347	-0.30259877881894215	0.15798054911029089	0.17766603972959105	-0.5117108214184966	0.04486257991047655	0.049677826848769695	-0.22472939302717354	0.15672005017303656	-0.23598303988446037	0.08767212957499808	-0.1519179402406957
DTXSID9045429	11.01002163828178	1.2235338030169625	-6.11051102331634	7.9952152860606125	0.01988105387195539	-2.209273130618608	1.6855084926770754	3.6940035173959074	-3.062289284077412	1.2724377764274764	-2.2909920037291385	2.1507757392505225	4.278109843017967	0.9318649364602919	-1.9781005290604157	0.9985269121144028	0.7750755902978576	-3.500461584086637	-1.3660301872961151	-2.666933450495263	-3.208160866930526	1.4690319498970623	2.5697610409328315	1.2205296555634537	-1.0402913961019833	2.087389332292378	-1.6198641034651924	-6.285640560921719	-1.4451636935093044	-0.43078251680413643	1.6607261872510557	-1.444111580862337	-0.8818215778697892	0.26523093690750355	0.21771191124602998	-3.6080737529591618	2.8704554186676527	-0.7648815141973787	1.8194759099585187	-1.1797466105407743	1.9134584831208052	1.9116448106884008	-0.11985982032862738	-1.2105959036253948	1.7510948230555337	1.4773293767175057	-1.3920211677962795	2.107058027786339	-0.8493580167859824	-1.9917910554482519	-1.2014395984673611	-0.6812691244558453	-2.1465813557912097	3.5044321686491604	-3.704452302507854	-2.035289330901711	-2.506840568367895	-0.01931347688257986	-0.07094938163329172	-0.22775613071706877	-1.7626621772439015	3.0926482614416466	-2.0420286107391465	-2.4220758370186948	0.23436379359719134	0.13953427035691265	-1.5561062117684379	-0.714700379213148	-0.34251742771339716	-0.26849482711644196	1.9623959844772643	2.6422584876848565	-0.6461507129337332	-1.9557274205309696	-3.5602177766204375	0.2753890247405555	1.7534001162317472	-0.2704016140080757	2.018820903900898	2.4321617180911344	1.567485413243413	2.371653040709775	-2.222696877750354	-0.67322205586676	1.0429016009683385	-1.1670153141084199	-0.31303418522033755	3.540782202204638	-0.7748028664395541	-0.4761017612408193	0.3523419757506463	-1.2473322105827107	-0.5068612524290003	-0.7949333515257242	1.787440436817691	1.0310834415016694	0.5820976055842192	0.009857085251478234	-0.8513644006844837	0.37942691054064126
DTXSID9029192	-8.057820276210474	1.4072068359671137	-3.882334940578922	2.537672486073034	0.27530031638171515	0.9975683860285446	1.0050177533181532	-0.8504995166149616	0.9151375051046634	0.3013557776786494	1.5861904497786905	1.750259800815484	1.6818707384787164	0.5396656485311287	0.015823124878487027	-0.8662400563512701	1.39795228488529	-1.8165016938453469	0.4294514029385136	0.8336072049085604	0.0015627616775050108	0.0032801490888127783	2.0401994646474817	-1.3113019347075205	0.3714423998644334	0.8212250860013568	-0.3724915318370652	-0.437179092907942	-0.6162913866581574	-1.6053010361024163	1.1140573637844724	1.183689483964513	-0.11219600938008266	0.04757950882917757	0.32968095035593936	-0.31826680264020396	-0.45652592466523323	-0.28687456446200277	-0.3971397156445227	-0.11269269189619119	0.09242816985980601	-0.038840124114175166	0.16084243824443226	0.5562852604513023	0.5161578991158343	-0.7467755133800403	-1.0976067250369383	-0.3553485093975156	-0.3549526928738545	-0.09970520425646684	-0.3802553070288784	-0.14778443487468512	-0.9717618301178689	-0.5440745840731822	0.3293702442543516	-1.2507189508287457	0.8496742152471712	0.8653160291932803	-0.20176963180529112	-0.05788322070983476	-0.5893368713256572	-0.486097033700469	0.4634757543604842	1.6952400747716814	0.00806216524389099	-0.4851782070415473	-0.41594811896404754	0.4636664962534067	-0.03939854683437588	0.5399750320651144	-0.14665935609362518	-0.026569001607816015	0.9282832499076068	0.5601781933673021	-0.45859812244880266	-0.02724771226500781	-0.3067075730470038	0.3749486652490437	-0.5883397756169526	-0.402369539309339	-0.19611505389577735	0.7269492877309054	-0.3625167406857532	-0.5271318438247854	0.5416972457026191	-0.30846500620178885	0.05806122997514683	0.13260222281042341	0.2545523689562151	-0.30416279777137883	-0.38158636404450613	0.2694597818914121	-0.8135470846334508	-0.33538630924136204	0.12706723914478432	0.6165586126564442	0.11094094298442564	-0.16714739123765307	-0.234756024442027	-0.02677246619388348
DTXSID6029202	-0.3720162861660384	-2.0587734886312545	0.26196512008143336	0.5903044585281749	0.47115225921213577	2.2541330025228836	0.4992679538302123	-2.549732911177217	1.1343623488307957	0.601777899540338	3.11788665825611	1.3427929637725997	2.2449781490390444	1.0898637997670642	-1.0053230872261845	-0.8911582611770749	2.163383985808407	-0.14661186566142037	-1.0490345147277997	1.9036157334061892	0.3804071371470841	0.37191257840210024	3.0559512857511595	-1.2471130218391429	1.4379766169215353	0.493265544508831	-0.7175906675404192	0.9272652891400486	0.28894975798496014	-2.4346817442434943	0.43591310294887076	0.7384531912419591	0.4504611104431473	0.8031954628005447	0.6152592894942246	-1.0198431713722311	0.5135666410338999	-0.9256856968379455	-0.18774848679567377	-0.9354316788007492	0.3789331894108372	-1.103209549746356	-0.33275065034070533	0.19357380341173913	0.7211743754163028	-0.760758820502151	-0.2547718102776365	-1.1625710503596043	-0.8293993618875525	1.9942288305418856	-0.6555046976743946	0.5123000095218907	-0.6209865801450809	-1.1321315105371306	0.1734904466233988	-0.28105523199828636	0.25450422938344	1.980855613832133	0.48000873720521947	-0.15795545613078232	-0.3776511661707839	-0.6447131735588463	0.21339213826567274	1.9181555046319578	-1.0579159146429837	-0.17864758319320725	-0.5485334638000013	0.16608575856632296	0.03944652578145909	0.07063431307747704	-1.1575110296794777	0.4602400066844019	0.7289597912560083	0.4074491065029439	-1.3118519775348254	-0.6596160401246073	-0.3887019128763096	-0.700338641855146	1.0084742257259731	0.13523609495804653	0.15372790432356906	1.0476316490171393	0.3398291296964174	-0.6219121052113402	-0.04531792955245639	0.029054516904706854	-0.024902907271356203	-0.052494207990827796	0.2239817348230732	-0.6835540137382898	0.47752203865390047	0.21172664650087938	0.35657751848842284	-0.15327209041124865	-0.2928343567216112	-0.14279758188785466	0.3602135806902884	0.011865357617420013	-0.5852885209801668	0.08253582537080434
DTXSID7040289	-5.551768158046619	-0.9682373306728369	-1.8055733987237466	1.5502064980152348	-1.6655287027718086	-3.1513614508204486	1.3132630363338154	-0.9131956804496568	-1.1709256371830927	-3.5571294166833014	-1.9052924958122943	-2.3786825890411523	1.72338735916132	4.477297633145701	-0.9642613925909558	-0.3183037191556228	-0.24580842334673042	-0.1304915152960733	3.767834530394571	1.4988568698792597	1.4485404940386173	1.1944104460519158	-0.6718039731752793	-0.3902367148355664	1.1734226247264907	1.261556583655072	0.4479563685362268	2.152108230423593	2.0436704371514045	-1.164046756868826	-0.42236070119438557	1.0613829770159633	-2.12441300687973	2.5737964505956663	2.1234688416406273	0.39773613119511614	6.044330443794022	-1.0890894683890793	-3.160055660236406	-0.6454696504063856	0.1979619535062564	-2.8912749850350643	-1.756742251753497	6.261970003750816	-1.6732081537603354	2.01390195589894	-3.3070859909841497	3.8220681925249593	2.722408068588487	-1.2829256457612723	2.7233384529030027	-0.2180742767658268	-3.3495194569315654	0.8929541263200235	1.5433373090358382	-0.6092488062474313	1.9050249330649374	-0.4327446824032559	-1.4827031639913675	1.2730712722720505	-0.7618624462322822	1.9573000592011534	0.9893285199279356	-0.4004228085046803	1.1748493643752995	0.0361901206100579	-0.5927004599184956	-0.3515422933112708	-0.3876603049419516	1.0665101277417313	0.05349153485850652	0.8870794947732182	-0.024038283830369555	0.09226104984446554	0.49462081960433596	0.13484709503521178	-1.8344250408555134	0.3294231601361125	0.14866758305748914	-0.21382856369713654	-0.7576924223639264	-0.10674481548944822	-0.019301043550117372	0.1543081332961006	-1.2542354084812541	0.5950279546594492	-0.16677800705018028	0.3849236149757008	0.029673690695711248	-0.14258746684225673	-0.5108682667487944	-0.47175279973860196	-0.11413718261776176	0.551658848211934	-0.5130221680705178	0.6336998803218251	0.8488792285849682	0.41887233525130485	-0.1569845009189913	-0.36001583419260363
DTXSID1049011	3.9896983786231615	5.758928861709862	2.448203570018632	-0.8347831384362515	-1.4142689989575348	0.6985861661120842	4.921053365427545	1.5829636786864827	-2.147331362145101	1.9830293850348604	-0.8252787100165091	-1.8183361048873845	-1.6766396310428844	-0.8344561163166808	0.707555320775791	1.479638865114038	-2.1081843001541123	-3.272886335153372	1.6615321354852919	0.5924090998788105	-2.847271508099641	0.8631555079436782	0.6784013397478378	1.6422779882897676	-1.7487265943244976	-0.5762023265525527	-0.5065243100349821	1.7832689214792212	-2.51548107147588	-0.7534530754381724	-0.032407681790216546	2.2513763727965923	0.6795951814313401	-0.9001307770047225	-2.716046706908986	1.2787190325343425	0.7223127126248519	-0.24671552055159635	0.33079084742157955	0.7860478604910531	-0.7425707841914672	-0.3803805829520843	-0.5642375368808228	1.321965566311045	0.7930065507633636	-0.30340061122951467	0.44511513159098753	-1.340882354366395	0.0021843948462277256	-0.8177431504238183	-1.1324708694186105	0.06695336683787649	0.9698122303241445	-0.07534568587138696	0.2990131543212552	1.293492175374579	0.25429422863890994	0.8123595674758497	-0.6743094883687031	-0.26312531743664164	-0.7099427007223554	1.3846904686565211	1.2188253644260478	0.4952505184380786	-0.48304591705768196	0.4942547004562254	-0.21288605068156707	-1.0817597060981212	-1.1277353494341829	0.4817233271334762	-1.1048031577797763	1.5619439527419665	0.7119477124099592	1.8013619458245702	0.32695610388878704	0.6013266151610298	-0.9088970934144742	-0.8462121012520868	0.01328256984460951	0.5994839255492151	-1.038828043309928	1.2500466506776442	1.6268142465751807	2.041353820447154	-1.5413973248890875	0.9034469749255922	-1.3524730681136918	0.21846464126927653	-0.965398705923384	1.3916497472598974	-1.2133090399781463	0.971621548117505	-1.0828974173445716	0.2767967170163938	-0.2819814506262008	-2.2492413497913906	0.18196213726287774	0.09716786686777987	-1.222434661668696	-0.20841176749372195
DTXSID1048174	4.78899616954082	-3.8657056784630934	0.7627670495738265	-1.5067845230937715	-2.008614203327743	0.8376044935862758	-1.115866009992307	0.03311456711816212	-1.5748976948160167	0.2795687113160528	-0.37800044544499	-1.762315194503211	-1.1052043940249272	-1.626984266057762	-1.4779594513931604	-2.3527174172304033	0.390661407956873	5.933880792252784	0.39648022644889114	-3.038144610987649	2.496298901880785	4.413759361400796	3.3206649351977338	-0.2656423040222136	1.124790424752185	0.9292112600616217	1.4607094594525047	-0.5311031004372001	-0.6769698111693832	-0.37657726093614907	2.1460036932487023	0.7946854806099376	-1.6312166358455193	-0.8065162670651264	0.09237978022665752	1.5419620052223786	2.141993875679129	-0.5311887819454427	0.18493457514621886	-0.5326983969174945	0.19172986626053268	1.5350456938810713	0.26360670914724565	0.6251782483297664	0.28027520261604516	0.6656884290927955	2.2834092111196913	1.339637147189357	1.3986848634861833	-0.46543516013781633	-2.087537070360548	0.02393672508657333	2.824093112263958	-0.3261453323046622	-1.1202639459547117	-0.3130301133452484	-1.1131439949878286	-0.8595394813691146	2.1736603512545587	0.5945964210718895	-2.2641558017634336	-3.1369618793861576	-1.4550399446212439	-0.5633084981157905	-0.1952040061271594	-0.12559003935268884	-1.154057030742129	1.4627038040498466	-2.4471569538562137	-1.0319498356753607	0.03204738518767864	2.3614641353773904	3.566575079844305	-2.292485293213926	2.598162864880322	1.1672885342363235	-1.5738262484621603	-1.578334872015674	-1.0350403982239877	-0.1018699611706037	-0.2818833472745377	-0.1733755964202066	-0.2629964562214785	-1.3578545829186608	0.6602295472979827	1.2223389933847881	0.0989431397779509	0.9384302129481132	-0.04072986637939562	0.19983546415379475	0.136995560372216	0.2588265035276727	0.18726128669929157	0.3301143162913355	0.11311690693291339	-0.04801085232380933	0.009614030641506318	0.3281564151144166	0.05183479001886319	-0.0017593447965829252
DTXSID0029218	-6.8902693682507055	1.7434872604137666	0.5090210183837065	-1.470074348274348	-0.10637883834068362	0.22152028303223278	-0.08931175918620525	-0.9867041457605757	-0.6219135669212158	0.44754055352808136	-0.8662523605556309	0.07638515166099144	1.4360555172214546	-0.11652588178683597	0.34640601024327144	-1.417791940081128	-0.9054406794352755	0.30341474832047544	0.25771467399769854	0.3319964660641186	-0.3307293473750889	0.2211894745177609	-0.0198107633077136	0.2053379261428483	-0.5591275119682131	0.42916434155389543	0.45910923751683513	-0.5403163415184852	0.02309785906313622	-0.060173799491027156	0.5766915172187081	-0.07562948568928689	0.0062062404225193225	0.024904986646823283	-0.01626282213620665	-0.28610757198601927	-0.31734263795294626	0.20860460036141878	-0.07751150366968217	0.15380723227379237	-0.060893398285711615	-0.33544522431695434	-0.15118205598128878	0.48330032784537486	0.6258450310013777	0.07131332961432678	-0.060003164080738525	-0.39235343036084686	0.382893885803539	-0.39003893499878683	0.04482634500125712	0.048439426467886355	0.029073990911754485	0.09516823787393133	0.33786801960397256	0.2607643125492066	0.037268421851090076	0.0053018208833536095	0.08448381024435235	0.15685901657250162	-0.06173322081128515	0.2367600172117331	0.03741383373838574	0.4148832027856806	0.3952817153876372	-0.7113020072069104	-0.49227487759323413	-0.5577662097588336	0.9090332162338742	-0.4956635992245022	0.06913177977008278	-0.12602562318187724	0.01360636326952399	0.44242398829435103	-0.40689717774152057	0.42269081356290705	-0.29281647313066744	-0.18903397211951298	0.018826696300123243	0.0481533744179896	-0.1051671721721853	-0.6069058070986663	0.25185414351288465	-0.2650526540956512	0.4803958185055939	0.053614905522263015	0.03196706305523586	0.21430087624247787	0.08741247274617883	0.22662011779717128	-0.14183294026881108	-0.23218028848651553	-0.28186814699067886	0.30040733968888556	-0.060575567832665246	0.18121638979837762	-0.200659109452054	0.3224977616856036	0.2312235130907106	0.050645846982693844
DTXSID6047783	10.068312081240313	-4.266036564457468	0.42330708280776896	2.599494321396218	4.3476639710873375	2.427138516092241	0.001169064555232857	0.3031268027414717	-0.3565816788238029	-5.460442274501206	-3.375366445437477	-4.37183428680903	3.361939289253582	8.60959154632764	-1.3619905391224485	-2.333785125575554	-1.5049766486518177	-0.9193809400837855	2.949203632101979	0.32282077077484533	1.8596461476437642	-1.5666525140063738	1.1739082321147993	-1.0047903478716675	-0.5594800111963685	1.3437295934650033	0.2662338235781815	2.334761423148645	0.24355534279448066	-0.45386259681825564	0.21536328822026302	-0.26637636340769605	-2.255411737784018	1.0120276768513075	-0.5381414304471034	0.30850468569995676	-0.768661294406679	1.7930547828784833	-0.7898988980376372	1.4982440738500675	0.7612621661888164	1.8180946181410846	-0.3606421671444173	-1.4791431026022914	0.7336823132862241	0.7529606435229462	0.5714491652600452	-0.9487694735699358	-1.8097715770873744	-0.276872312368934	-1.0791506935945079	0.7903021419289876	1.0051717756898524	-0.9662268672684612	0.4950857339460717	1.8665917887790253	1.2859529432604504	-1.1963517533185073	1.4518925406006622	1.5569242569572677	-0.5926797480785224	0.1265473283840284	2.383986396737855	0.4135866303267187	1.4303747217725913	-0.2985119477291732	-1.156228781576676	-0.500823055653334	1.2887742719250832	-1.068391716060111	0.1408441779612687	-0.9757758717695166	0.8900170875772627	-0.3525255952433193	1.607120121462919	-1.705416167464454	1.020499445113792	0.9452661091425243	0.9749949053746254	-0.187152739406969	-0.49048745871036153	1.5410659973047691	1.4079995925436084	-1.3655220362279	-0.38050163094582545	-0.9065566927557627	-0.1331351328859202	-0.3707320189920046	1.64747670530486	-0.2109727336584328	0.8412044813340462	-0.2197349992676906	0.6569161802512343	0.0258138724630232	-0.20783418265483106	-0.14185389754161232	-0.025594507393811392	-0.1246036111613857	0.7146283457885856	-0.017432417071181504
DTXSID8027402	-2.716073203909949	-0.8511055280158671	-2.0997311941000505	1.6625193766070747	0.4025602074772635	1.8926318886019606	0.7922819698934076	-2.6367204883819335	1.5657950339004603	0.15877655226646772	3.0604224876950332	1.869482365465166	1.9444755437678434	1.4153160927674207	-0.8463290866452877	-0.907719271821728	2.093191261332145	-0.3215891602342904	-0.5454615629333414	1.7386450374500426	0.049554528252939684	0.665136994269793	2.740902211863082	-1.214968883582811	1.0027932622904137	0.6761006926898568	-0.9720920423036451	0.2935332886060393	-0.0373702152171595	-2.2323784942625586	0.3825293556535583	0.8701834025910283	0.4234137810385753	0.7157790164033828	0.4732676317161176	-1.0541035439673316	-0.09471998251933321	-0.542886428149282	-0.05928083850000979	-0.8401715824427404	0.25390275544503244	-0.7379997669245274	-0.20682509240493344	0.2698950121532446	0.7169949211254589	-0.7873996707788855	-0.48694746736147504	-0.9521749499614216	-0.6943417830113574	1.4988262493260156	-0.5331485941026323	0.5546014903526416	-0.9059179153519146	-0.6925152942736958	0.48579084523702487	-0.4710858816521061	0.36041716168031657	2.1548865046968926	-0.056766213672261624	0.03446964685445044	-0.3051402426938304	-0.35283710401650253	0.6170402258122297	1.8074848346569579	-0.871206871955862	-0.259569309896293	-0.7364482824885749	-0.14470503564048884	-0.2420947443419615	0.497870866095122	-0.9515545805481529	0.9350105450069013	0.9121292257154595	0.7517196771543233	-0.9862952828545617	-1.03356268671634	-0.920225155455513	-0.09674096747040643	0.6391525762186672	0.12114361253831543	-0.20902515061834157	0.5218650798996753	0.3317852225607703	-0.37149811279920325	0.18904117146132135	0.35795422123880793	0.2959029145544049	0.03280072353736253	0.5955575166553961	-0.1926653140586735	0.6584045551676176	-0.1545039644150188	-0.2246988429901648	0.278670314022723	-0.5485561595192434	-0.046352586932114914	0.09818365260297802	0.03244577122814305	-0.3363436088664222	-0.025124730559372015
DTXSID7044508	-8.279940876787181	0.18137714470965335	-6.042189333333849	3.184707103052511	5.104128309556241	-0.5635423087533282	-3.593633241459116	0.8425718076937488	-2.897613867872309	1.5298167115145374	0.9922837449649237	0.14478146315549603	3.602076590599285	-1.9706309758414526	1.8330242978666407	2.4746525510630164	-0.7272524109336054	-1.516200274560183	-0.0017839591153601248	3.486881140333164	-1.8231675166615493	0.9400280133789033	-1.4449930379879976	0.3320705754943721	1.9911986283218042	-2.218640295929086	2.6973510015298605	-0.06838180294569161	1.4139891565554044	-2.4311067582219756	3.202651403704552	0.547346196223629	-2.4615598046888576	0.4831497782863931	0.9816097810936835	1.5858758067372838	-0.0898353225305445	0.42950146219800905	-1.3988257975874003	-2.122317318976427	2.1410478579292036	0.9340644976353988	-0.7989176009446548	1.268436244083267	0.9530418902284508	-0.2825751510671021	1.9131499465034714	0.8519150179197518	-1.4025253619253752	2.7064758020192965	-1.3271483724787148	-0.1738259347077529	0.6559820344287679	0.5138991624426119	-0.5834215217299704	-0.7191939917690098	2.3924453454484516	-0.6721267170900709	-0.049180123767755705	-1.3479783444475504	1.8130733151773641	0.36155198511589215	-1.3159511251934204	-1.5973702546707527	2.95634514085767	-0.35540425519662217	-0.26608798226940744	-0.4295917559832427	-0.09610542264018984	1.081456479081434	-0.8640326845260954	0.47126862903080063	0.2840692431734038	-0.37845013705313124	-2.076582536001454	-0.20094900548578631	1.6102305100925647	-1.5242101784200248	0.684884113374443	-0.36575432258511203	-0.6647272171951368	-0.674988560275898	-0.9556318314341776	-1.8171765150975718	-0.17248004918476095	-0.5429405863543685	-1.1163885797185258	-0.5418354399726342	0.4453053959923237	0.5356915458667331	-1.7125998257484871	0.5454375977410979	1.2700798243491715	0.8239074183892674	1.397720144074306	-1.230065441584968	0.42793653390967523	1.1911417808864313	1.5352824455811176	-0.4007343864300404
DTXSID8048656	23.927994292572084	-6.791231686634321	-4.370300296800149	1.1833221538021303	2.9781089349543666	2.732593360461179	8.89793269561185	2.2860807178730105	-1.3771688029748035	-3.5893627288177887	-5.637976875567499	-1.3245657253435632	-1.1889970245222943	6.899358648184221	0.43278985445164314	-1.076358896439828	-5.233924204883606	-4.386244092775309	6.142136783434916	2.534837215166891	-1.8510132938833952	-0.9604177578570902	0.70628988046537	1.113126953900351	-2.634447281991116	1.9923939150715568	-0.0797556609227939	2.644286520190025	-0.9652291844192953	-3.6479208314659886	2.505345449244171	3.925868754485715	0.3744101077294607	2.670880801493762	-1.779234469591698	3.17899822041087	-0.4221453423497732	2.1151616674571327	-3.6372218394242064	1.2968483591951723	-1.1279069107405655	1.0116983674373652	-0.4475610039051506	-0.42165606116297644	2.2590791170320057	3.061993696969036	0.7852760738426271	-3.0674881124991455	-1.033746423013803	-0.37095693818653663	-3.2474226352580913	-0.04605617076258292	0.7365012834428148	-3.0002796281713437	-0.22575193450597086	0.8291334884761533	1.1759675824399174	0.5247115653522438	-1.7565171525104653	0.7293997908152251	1.2547396144631726	-2.610705173262622	0.5562913417951068	1.047670295575914	-0.019515354182504687	-2.2967700580918784	-1.1512091255246713	-0.5109125724439321	-2.197378154456916	1.212152341251889	-3.002261931313624	-1.7227857120214505	0.23085365508932568	-0.7404713741518403	-0.4619989832651478	-0.9897321585916741	-2.4746996040700373	1.7649664554049171	1.1935232262061006	-2.4291643471273714	0.944047134228324	0.21929265632428424	1.4118022701097845	-2.952253257712587	-2.8891501011255727	0.7343513631470093	0.3819099049804686	-1.6085311231357788	1.2155983873607827	-0.7547588526711116	1.474749415750758	-1.6905214408077638	1.4212536934559077	-0.5390236958236707	1.4558389312316093	3.3885483042627134	-0.5093823541009455	-0.6496006505545202	1.4854051354852396	2.9193979588390158
DTXSID7020843	2.1321229721181987	4.09864236286766	-1.8942127990048736	-3.1172279902860174	8.245603312554946	1.9156823706558224	0.484790663538652	-2.7297250539280205	1.4112505408337188	-1.0601721481623991	-1.0769969499017813	1.5985383730362681	-1.0036931978539654	0.14749286153273913	1.0990389280196182	1.568246706989594	2.038473027338444	1.803683129299297	0.41317328021460636	0.6351149109473224	1.003808828711182	0.5079643751662292	-0.9026404262611758	-0.9492395034133977	2.202252237061581	0.04890457381787414	-1.140403116069758	1.5977705843126029	-0.8080250721501244	1.095518600806618	0.6615889589632546	0.5433222748933044	1.355601130215155	-1.4832906441485436	0.3533751110670864	-0.4414857488413258	-0.7225916826039928	-1.1678056588854664	-0.18527651497652672	0.12023288075130835	-0.2018601890003834	-0.4944327335782859	-0.4648671711213646	1.2235959917160963	-0.5856770407095199	-1.0774118042957062	1.0931936952730477	-0.35407578262675815	-0.5759160469552036	0.052311215127362566	0.38854457633148476	-0.299521892716718	-0.500595816491657	-0.61818221634674	0.9766301479182359	-0.8347514541445966	-0.7301374245947576	1.717831582160735	0.8368643478962446	1.0218253024396904	1.4869935305528295	-0.043813673614430865	0.4334835293577487	-0.07604413001130499	0.11405279268954378	-1.2061302418310627	-0.8392967535273582	-0.04247928458522264	-0.4428188246022963	-0.0947273553537887	0.35122250993451515	0.6576506576570212	-0.0539739907748799	0.12320395913484214	-0.5886528547449351	0.41913696943025813	-0.4546658954542349	0.7116829649430211	0.2089373647869666	0.24424507583107485	1.083306671032187	-0.12743638522058334	-0.8313207292984461	0.19699444018418477	1.2873777640286306	0.48779816168115714	-0.32882407466971253	-0.30866598422207614	0.328025801132297	-0.9764319515794975	0.35917443635238855	0.202608730187166	-0.3931507997166701	0.40503706438257203	0.07260576489028576	-0.07385939401474796	0.37445844721625265	-0.05664751683447289	0.3067274843675132	-0.5356853937371052
DTXSID8041371	0.8662563797483566	-1.2271440994333467	-6.382327869110953	1.2505392481019282	6.883922822815483	0.1271815182209736	0.7392464746739422	1.7992715082668096	1.9819738937771398	1.856473471660049	3.9099282300223925	2.826327613064934	-0.27151839095820535	1.1503508977384	-1.2072910124248688	0.5967675346121816	3.236646688768241	-2.6693192928611107	-1.6667554988881454	-1.2254516224842327	-0.8701363396220285	1.460303418208341	4.203039774430794	-0.4510391983788983	-0.25609994563015126	1.0653131463231158	-0.08310862828458608	-0.421866609806766	-0.846751765170071	0.4593640546891389	3.4585979869889942	-0.290476268622055	0.9176852179562671	2.6973758759076834	0.22742410387609077	-0.22452993090474507	0.2666048865455575	1.0465641032161632	-0.9599841335648697	-1.4035383584382957	0.8996061525373892	-0.07973789943341808	0.1279072302025687	-1.2965202046523054	1.5918895695748958	0.256274898490361	-2.5628891843024904	0.8776338547821623	0.8436608396353295	-1.1007561891716	-1.316770517345597	-2.0601490226516033	-1.2020569879057141	-3.11935154750484	-1.3915813912848325	0.3367456639006774	0.6848331305323122	1.535863805350146	2.1412943709468646	-0.09161418810772963	0.4873715727543415	-0.800115488072772	1.5615205896867672	-0.7652674760575419	1.45015864000382	0.8492501911919449	2.855145155324219	0.7483571159359753	-1.8860960726328317	1.422802379946141	-1.556689812272258	0.4964985046004042	-0.5400873383796085	-0.16268495393696908	0.6292827593204394	0.6082767556657763	-0.2037145277067268	0.5085815531383099	0.550235659280574	-1.5795265667532339	-2.3305303526524583	-0.8303303435362931	0.16303975846456756	-0.2588307461758177	-0.27702089242869465	-1.721330048787782	-0.8237181767491295	0.6819719059721115	0.5593979505991771	-0.21565794118797352	-1.4652832905917255	0.3571208000047934	-0.20953472239796775	-0.5398679301241266	0.029010910631225285	-0.06880768288758288	-1.2103772107636823	-1.500959924109529	0.6050014075992046	2.2558909998286234
DTXSID5021201	-1.9944831875867446	-1.3066954634839751	0.5276004665233522	6.961653195664342	1.2672371875120574	-2.912050927018345	1.293126028211796	-2.405018727009445	-1.2226157752825684	-0.4132665285185592	2.888424525784168	0.12508902253874798	-2.459515431996191	0.44825070149123986	-0.5610209833708921	0.11950812907260856	0.6308430180884101	-0.10170758621081234	-0.9038939834031168	0.27310983728234056	-1.2429272720662834	0.48581660723472037	-0.49288106665866577	-0.15248228123539234	1.0758770691547943	1.29266888107064	0.4776627507291453	-0.5032579462550096	-0.8712927848799328	-0.7739176819308446	-1.2786068708408171	0.9822597704433519	0.8292151962963361	-0.038182053708775594	-0.729617286805786	-0.3623735264067038	-1.2574892790237784	0.8520298178844433	0.8207536338214813	-0.7695688287609774	-0.7187620613988366	-0.5186610003530503	0.9540556516247224	-1.3269057830536346	0.30392748349612525	-0.30391598533806985	0.09886174348682834	1.0293875591862833	0.6106442971848091	0.007320324646544804	1.3592600599294098	0.10744889008589117	-0.004325179570895681	0.3374310075998321	0.2457522826932306	-0.4068837667718621	0.7100378070991145	-0.5274223077946768	1.1578962607580863	-0.034694686917233035	0.3106237904212045	0.844240926459251	-0.22311099339139845	0.4609541931131658	-0.7803455839293948	-0.28727540042137717	-0.13251884891519577	-0.5900925253095884	-0.3574956076430545	0.0907675469179675	-0.20899953659854748	0.3106098496939741	0.22355009197150286	-0.11199395524397439	0.9111976612564753	-0.5650189648118701	-0.38228037399000836	-0.180155668089725	0.7169479922952413	0.40004844909369563	0.12909498116259774	-0.10443144949076608	-0.09503322117433786	0.9858240865603582	-0.12675513945876976	0.608619757311765	-0.23994905842735728	0.012649726772817631	0.15701253475027355	0.41835569264901057	0.18649315288055773	0.14067588929608876	0.41645057243087463	0.19181239692384872	0.06681188702902907	0.33993753023298284	-0.6821257803675403	-0.27684923856973603	0.23453314111881052	-0.38159517589810277
DTXSID6036467	12.156294771749156	-8.658158765008524	4.326824211110718	-1.3655784411535463	4.516499645331995	0.29775213393002414	-6.1061428158153275	-1.772592712433994	2.1046454797252716	-0.5829111835906564	1.2734731000235038	-0.4790365791703602	2.8108425571516795	-5.520919280971972	-0.885570733227011	1.0681738262350629	-2.8601900720923137	-2.101997113084353	0.8834314064985719	3.680566783249197	-1.154673616190578	1.6237428769557856	-0.020451037584457807	-0.5983393459764204	3.678236291206382	-2.484967915908992	-0.1476657570994531	0.9062056499895317	2.7542192490756237	0.36151154832855004	0.3908922515188644	-0.06071083587802516	0.09370671525806135	-1.753938335931054	1.3442089572631084	2.53269530298486	1.3737099832710835	-0.833428298707072	-0.29625137155548864	-1.8643638216084744	0.9302968143940265	-1.4802885822519887	-0.22754901728856036	1.0635845206623986	-0.9056552618306005	-1.0235824755527403	1.94710360351295	-1.1698317184399518	0.25278227533299086	0.8028957300825456	-0.9189391463207026	-0.08950189217627649	0.5219757944647523	-0.6783282123001249	-0.8942418251449492	0.9095217865530548	0.6476169089857512	-1.9545069642469863	-3.5702439279027756	-1.1846362628941185	1.4027223599792864	-0.8356208425049582	-2.2484181798348306	-1.0235815401614994	0.11853773242827086	-0.931035852865654	0.12470439802641937	0.9936789511367783	-1.1166713683935914	1.108596972807809	0.01209253602086299	-0.111691221025887	-1.794390276317823	0.938831491202466	-0.806081686330722	-1.3498828930542175	3.902070850720087	-4.840384016771488	-0.41014145015747383	2.9463003418947284	-0.740098113907872	-1.5221294139886117	-1.6117266038872247	-3.398197620837007	-0.05634476779317237	-1.719761719989331	-3.830945522052149	-0.3999221577648125	1.2966592861898896	0.2966841852224328	0.6942346485313985	0.39165697022326124	-0.6320201985201408	-0.9027681320933398	2.114510505005411	1.0461712377247003	-1.064406621918523	0.96263884039535	-0.2616055176143018	0.7183159934560585
DTXSID5045124	5.88717663875789	1.8896918366519424	-1.4601087708443972	-0.6087797999269322	8.921840493029656	2.2671654439433913	-0.5862930995652744	-1.9275945449727525	-0.5405053110737236	-5.5372465468371574	-3.3619275691385986	-2.197348232138886	0.046453411675063984	3.6487935043199977	1.3138388754412214	1.095496449495905	-0.4777125580215281	2.227767013362363	1.982238221778817	0.7118560415840905	1.8371330190833808	-1.0137327500957625	-1.9711105268431746	-1.2226224333681044	0.3619099003546069	-0.4202161642718907	-0.05978603798770193	1.863090742443239	-0.6293625260337996	3.1265710705180134	1.805527536795238	1.687017317186368	0.12373953040417551	-1.57686701379015	0.0417215421192473	-0.360912106520334	-0.6625088377109266	-0.9017185966287063	-0.1458428405500993	-0.18480789870904762	-0.13278047374098245	0.616538702622316	-0.3488250131125024	0.2927220136740979	-0.45597074135485527	-0.7922722145414731	1.5550711004687623	-0.44195088869215454	-0.5919584019324229	0.1164947913124572	-0.010116937052473629	-1.1562223022161269	-1.2092563405543086	-1.6669337702179494	0.8071049634951325	-0.963127262239238	-1.0903952649862179	2.562807166364804	0.743897452845133	1.1796605449562716	2.9051787091512478	-1.469160315075061	-0.2570310502822714	-0.7398319316943316	0.1092098483025846	-0.5692483221455229	0.12028164701080747	-0.528043049134295	1.0284298543640347	0.14600803740281101	1.543381815424866	0.2756000443713953	-1.4919971814203463	-0.6894507621542507	0.8484722926895752	1.13006331131446	-0.8872267504343242	0.041041537127047084	0.5695753851150469	0.03781197370164045	0.649827019553238	-0.648481300537813	-1.1274065801094495	0.13702539077336384	1.5159944896182596	-0.3761233285681923	-1.2135471994152642	-0.3509808885081091	-0.169772227348976	-1.6436493749053611	0.3826801123360849	0.16437974537939865	0.19476432176042022	0.9934874207483338	0.42125585901383195	0.08667059852174656	-0.06397275186965831	0.39066689488369494	1.5509516174883349	-0.531123075314185
DTXSID6046395	2.0393906283577015	0.008580579005832503	-2.163247128730481	0.8098294435957017	-2.5347542831731755	4.463309698063733	-0.4734265470018089	-0.45684817425627744	-1.8392806236245716	-4.72163476120184	-1.1407400757642971	-1.6797449843851886	-3.734200875896498	-5.836899006092612	-1.1841314152905762	-4.539948181227037	-1.7246599676126682	4.3170409796708125	1.4134458862981802	-1.3037922733560117	2.237848162765985	6.418939298069975	2.7367025675180616	-0.2129657005525916	2.283903957370965	-1.312903383809865	-0.12131362755280699	-2.093027428198173	-1.3123733842785503	-0.7444310884205041	1.5626769305798451	3.50082303045837	-2.0430645846528215	1.1565530272216797	0.9849707897000733	1.035509610167202	0.06069823679189129	-0.4432946921702278	1.2883722530739254	0.1940281514362237	0.5410921396567223	-0.002709099305522539	-0.3249775891310311	-0.9412478811257886	-0.0903312458287553	-2.195173205171485	-1.0461510302129025	-0.02982920518468505	-2.921952319900913	0.7044328185648312	2.025584819322381	-0.4681956971792216	-1.9080036802384825	0.9550971275488102	0.4385768388529222	-0.3210060623976248	1.681505370326465	0.22770532704524862	-3.2794990039806087	-1.734819782223649	1.3170436720792755	2.839011512167666	0.3568239909350726	1.4007754108785107	0.05983359499564442	-0.21730711051189622	1.1601222285913395	-1.2566883117363858	2.7321154276562876	0.45002560993414703	-1.0551239462881672	-2.952991998049096	-6.211206044992653	3.3293857716890156	-3.2286670837490243	-1.384092169265548	2.058743932134956	2.3297372274970884	2.2367121448238807	0.20195740308958715	-0.1934124523235285	0.15657117455532976	0.34542226535272863	3.613842213278182	-3.2285240914927016	-3.928407647446676	-0.21991565597701473	-1.384518500646984	0.2191715546351953	-0.6945912698987643	1.0100037065080092	-1.0487808116644695	0.10303100341744971	-0.6204917239876692	1.2303076525140564	0.4139822123261934	-1.172645562514326	-1.639146411998407	-0.22228460322593985	0.03471789698069233
DTXSID9047839	16.527654938566698	-12.421729635737776	-1.5353641532207105	-0.059477993928715674	-2.5683680792688244	4.5903016052723835	-2.773821411540002	-0.1310775015544915	-0.8244174699276966	-3.4305471123480014	-2.5495351038265563	-0.35787302487493855	-2.8076337851043043	-4.359799873002045	2.582114396878661	-0.7570440007946032	0.06947868510552864	0.3655201249020524	0.06193973726918724	-0.8760557779640133	1.6690301760962631	-0.41667965640690446	-3.203528880477029	-0.35314685239854454	1.7785861351396544	1.8546951410305388	1.7884285748794664	1.3760945762956678	0.522653793637161	1.3412257716458034	-1.2963711618562785	-0.3504936540084997	1.9489631182934355	-0.5952598552930699	0.5234206795523216	0.12376304371881372	0.4831609286706435	-0.19442802515379679	0.2489869533615689	0.9967004980462031	1.5616282593123119	0.41808073293662873	-1.834586334010512	2.3678024109328017	-0.9567902465034597	1.4645279480920912	-1.0311938215215926	2.006702639797288	2.2075569293282977	1.545906757633889	-0.14798881046611517	0.8752156942353889	-1.054553112666214	-3.1277890304074756	-1.6026605623876682	1.2283257945484516	0.2927516357567636	2.1552256200105635	-1.3688568213105365	0.7750641298586044	-1.5773966176022913	2.22482570728149	0.2931303989215938	-0.7001987475274525	-0.059450655054507556	-2.898479345571568	1.6845267000114212	2.2112340661593906	0.9401967723377784	2.886777715009625	0.6069006256534637	1.1920399019212895	0.43676573338042657	-2.2401930303330064	-1.2851998999851184	0.22134112069740738	0.49068506916778903	1.3053636560387547	-0.07296609955179449	-0.6343027862154021	0.22078609440045824	-0.5882861817196252	-1.0982111444464433	0.6963572708190257	0.5713333012666395	-0.7774398101008384	0.786907346573604	0.13283154914198295	-0.4289663658446863	1.3583799151169769	0.8795213433229702	0.09983866531511074	-0.5954226066923306	-0.3116641949005406	0.8939509079386234	0.029595980812783432	-0.744553691572744	0.6564363803635983	-1.014274045805756	0.40151637453605277
DTXSID4024983	-7.1010115947927	0.07113975125463617	-4.769395566013729	1.8844242617402547	3.102096668456493	-0.31050676143432815	-3.041318215790005	1.7477868420201217	-1.9305061634582759	1.3110344756529595	-0.1668843692753442	0.7686581676213764	1.3329449800903495	0.6339356091224705	1.1092693976741963	-0.8336634538590083	0.1620222894136286	-1.8026492253777207	0.5889722675202035	0.5054399121498269	-0.7598975070458135	1.04324727761064	-0.7123384992610021	1.3695948636528958	-0.09382033714240094	-2.162748900954794	0.21067714323954626	-0.16272746790576217	-0.127764662086296	-1.5142084808156882	-1.8604859497029052	-0.4422663870549525	-1.370504819612742	-0.7935153194413046	2.016302709959038	0.8543749508083481	-0.5449392276688976	-0.437971405081383	-0.911894931320269	-0.18098011771802155	0.6969311329471163	1.7908650192998041	-0.44443268570933814	0.3846660336033861	-0.8911829066028206	-0.3095906701514516	0.6713788374257201	1.450260597950165	-0.7912134915324681	1.6823292391317022	-0.855478100652063	0.9509559000510615	2.049872846884407	-0.05370057485640308	0.1873871398760517	-1.7122228776257158	0.754151358903163	0.5907378542937547	-0.0775827811547302	-1.0058906610386065	0.5509053203024233	-0.14554496115867002	-0.15972484958332264	1.059956665676503	-0.27258762463122094	1.2660841305401533	-0.6377412080750607	-2.309555472348436	0.5845924176453745	-0.3150193698929424	-0.5203575967728683	0.06721324103688307	0.4444848120155526	-0.8584055304766408	-1.0929259104830051	1.0868587528789106	-1.3733619486117434	1.280359100157296	0.6376941207211317	0.22447244043722586	-0.6638010510208872	-1.4288640640447718	-0.217808677772338	1.085836707228328	0.16658929480602813	0.5608905047278903	0.13453669815743785	1.0024206718405961	0.8076006394283698	-1.1695252929874298	-2.266841364886004	-1.4826760135272627	1.0413374289374882	-1.2538760633313655	0.8143099496078995	-0.003694380899399507	2.4207532520953428	0.7384621238294381	-0.49445580052674154	0.8824242592773371
DTXSID3047552	-2.30157221589772	3.674889433095687	-2.9561959233298247	-1.325502081113591	4.57971989145696	1.170936847351981	0.8527960957663728	-2.3651476534084885	0.9062714815753968	-0.6824222417275998	0.14766552658708845	1.3640746373420942	-0.8041629439056042	0.44393809516883886	0.15685898352825808	0.704454624708467	0.7500187845043087	1.4523928289809624	-0.012964535119235636	0.4635842494900576	-0.18634762651924847	0.5262218150289525	-0.5567753704346657	-0.6049603819982042	1.3576647878820478	0.028354664117839722	-0.17135209694780193	0.8047060965912388	-0.6302466694695014	-0.5575489126515698	-0.08959038030867908	-0.5170995784814018	0.8415334056236298	0.435847441727378	0.3051902061361947	-0.20196486198434127	0.33543712109475815	0.4727573663590873	-0.2925060110300819	-0.08707240808843102	0.02739620563578897	-0.4812278858938512	-0.3219552611156464	-0.4057990919826369	0.1495913603251039	-0.6305270438585331	0.08708524920474871	0.08277601769848436	0.2789704751712984	-0.3707855295092644	-0.34660384705546177	-0.3216960248784797	-0.1721065039673481	-0.36922626131892033	-0.39215155797635753	0.4351423491871545	-0.3354565255940321	-0.3487851234146605	-0.11194884616184729	-0.0019156225300798332	0.314919594383196	-0.13152118449950037	-0.12192985758495746	-0.5286687914139934	-0.004923983036979992	-0.5207063592538353	-0.7756944510007691	-0.1310544718762187	-0.008356460588077385	-0.10680414741884377	-0.11981699235177437	-0.3008558442469371	-0.1254207659364948	0.285400977174953	-0.31328729177507153	0.47152075606684896	-0.2614645884752432	0.30324331314548647	0.062287436807881714	0.1251211976061777	0.28801485095178386	-0.3202944291473786	0.018274870860404333	0.18767190126481817	0.4515074174719357	0.5585158313605133	0.0650218062212041	0.13696631687603153	-0.24269460800720327	-0.016635604844015234	0.35499460142858075	0.34517785540157275	-0.2535553956461074	-0.024402864354717543	-0.1613590645625711	-0.21795118205064667	0.19621641214530097	-0.23921851459617835	0.07156620560304096	-0.17097060734874145
DTXSID3029287	-5.547826180337888	2.5673809577695748	-3.905673069202721	0.9516266183714424	1.8297463872816488	0.8085290161467806	4.755269472877436	0.03480598472974094	0.19351546300095146	1.6620283839700192	0.09551783901892992	1.8330131620184578	1.7711869752865261	1.0268555942141124	0.5957597036394684	1.3013424435241754	3.0327708260953377	-6.153507806786873	0.8976292055222606	-2.871462153758057	-1.1296900993607248	1.9434287641112236	7.139131447295431	1.6166969868506271	-1.8035845757154598	1.9656320163106167	7.671189770278925	-5.860945504146699	6.868818786365523	3.6891877792958625	-0.9389925818249323	1.204257696981409	-3.2719395707139443	1.8654127006605687	-2.508536827373313	0.49147711831068946	2.724739497239115	3.782568164635899	0.463887671659187	3.258793755532287	-4.748443169501155	-0.9547907912850666	0.6960565630811854	-4.587583065328193	-6.413422802429065	1.1323651082511124	-1.5104959628182504	0.2417304822595692	0.18993604958849478	3.5530628524697385	0.8234729791870968	1.5544509584376216	0.4221199640383122	2.89057393853982	-2.2730922194250764	-0.761002027024923	-0.35856941431992423	1.4739509416045817	-2.978281449861048	2.7396146060081557	1.5543080421663933	-0.8427858421646094	-1.0621171552066864	-2.5567523899482745	0.47100436225468545	0.12714076122635629	-3.674002381325668	0.48801235895997536	-0.11658199858492904	3.1859522526749564	1.4841209516535243	0.6090367095278392	0.25448288471466024	-0.3732882161975719	-1.7013819284243779	1.5104842808793042	-0.7837797897155433	-1.829317322780674	1.1125161300371265	-0.9690628970541793	1.1811214663809435	1.8142759972197058	0.476586035097509	0.6092532175324178	-0.38207700893450747	-0.42878602939965943	-0.8293171107695241	1.6771648019879137	-1.1900986657502948	0.8109452946933847	0.5356631402150476	0.160756756033676	-0.8083461755465889	-1.0480373757315682	0.7476286313626579	0.22225868728682469	-0.11389920227212251	-0.8468389545044046	-0.6809576808341451	-0.4387392066336981
DTXSID9040712	-2.3734571170870757	3.4245904230844846	-3.499348273357544	-3.32914297735292	2.563227594824114	-1.844911397135312	-2.4769378663327632	-0.7714587752996067	-1.6279132208872824	2.516184281119346	-0.9725516509115891	-0.6134044201530096	-0.3680943230900456	-1.2559657797825892	-2.0677722075374234	-4.606711150801867	-1.658696088412272	-2.2493754661489525	-0.16690922702557465	-0.2704045057167291	-0.7508468777690162	-1.2304984695101135	0.3538777656535878	0.9112974340575604	-1.7172880247703053	-2.007178461883639	-0.6728064918990124	1.7030428160469204	0.6962923319583584	-2.046849087120551	-3.6537827667921583	0.0015653561201459465	-2.72364055707226	-2.0545269036521803	4.195257771723689	0.5194945010193597	-1.2011506924122588	-1.0519631030429155	-1.0442892578273006	-0.7995522118222592	1.0046298207800397	0.6145620684353333	0.3236780085833765	0.40523500857621103	-0.8462105442401339	-0.45191401772403667	1.3555935862724509	0.6448605383717209	-0.2116057156060943	1.2298329937890629	-0.5998323651407813	1.159478747579411	2.0602969644335514	-0.9993303423726795	-0.2772349742658322	-1.110396769834482	1.363826294136861	-0.9854584938383504	-0.8846540183626829	-1.7448199561161173	-0.8023214704190399	0.12150562752153644	0.05218060028003584	0.7119422225481968	-0.529850684647391	2.0821987006554354	-2.0845042007850156	-3.247938238610699	-0.4775311350287932	1.0099084056302574	2.2062700773645183	-0.22219791786090887	-0.9111457708657482	-0.10406446660192349	-0.5641414463133897	0.7582157964805153	-0.4618924818530165	-0.6146955895483149	1.0965613198227675	-2.231563800572008	0.4735253538934934	-0.5762373551502686	-2.0869498404314193	0.12161747368821878	-0.6423397536335257	0.9256902917286344	0.1353136340717651	-0.25948508844439444	-0.5119619155760184	1.329593808074669	1.0881562384356198	0.8800810457786771	-0.7263598222620273	1.491092843876134	0.07580646082076133	-0.05330237946316947	-1.3969425299653424	-0.4227129577666113	-1.2768809076324847	0.9460687753280707
DTXSID2027092	-5.149542304143746	2.7884046364508586	-4.202157512761241	3.132036436076815	-0.2934804680424633	0.4256415512456339	0.4494885827797676	-2.5841467485330596	1.4224172312811234	-0.3347005921086123	1.502920490008449	0.9289603374772624	2.7837421359000176	1.2389434848869387	-0.6576298146211716	-0.26437109704357115	0.05554772294691657	1.0635214731388256	-1.0846869397645291	0.31359540286793125	-1.150578353157643	0.23283109792129447	-0.30350684397515093	-0.6909512020791122	0.9619087205667554	-0.47065934952112504	0.9668772930168259	0.3352927919194403	0.07020473957536855	-1.1040535618400353	0.4120158006823159	0.2352652343484702	0.19436606892009042	0.755839858195984	-0.11993374958341656	-0.7848672718832087	0.982995510627064	-0.13524478839588933	-0.4474551948816462	1.1204072691136424	0.4065650658723204	0.21078436508986143	-0.02210728639507191	-0.4325854644755764	0.34150628448415704	-0.6515252945814514	-0.311563322546789	-0.295014704869507	-1.1294999576345193	-0.9136526070594263	-1.0549384085629447	0.7613193500229976	0.4404083191116398	-0.7680581932573353	-0.8385123708960323	0.04610670278353478	0.1425532004764181	-0.1940839466248707	-1.2493895438142069	0.7855187214977623	-0.250742409064506	1.0793713875726154	1.1574442527765787	-0.6979044701481968	-0.0552721306668494	-0.7814443145568017	-0.7006998008605085	0.38574666089818543	0.5966408834752547	0.11832605375175087	-0.2592443014275199	0.25788161567964685	0.05036772966985516	-0.421420645780445	0.5556046121590977	0.34710737211944814	-0.46202846541075454	0.473784004615101	-0.05182560456901344	-0.48636371601332024	0.5951672270960161	-0.23690520800730525	0.28975186113312384	-0.052753518042995245	-0.028408571388645453	0.10140997260969672	-0.5161581613262322	-0.04424597668827854	-0.01794123049637719	-0.0941037988276312	0.2172469054549646	0.27442067622235766	-0.6849861193127472	-0.08910243838964489	-0.23377676172538153	-0.011859695296787083	0.39613727030500456	0.15734214144363126	0.09120380845945973	-0.28274226345499154
DTXSID3040980	7.572720285660704	-3.3100293580653215	-2.748127729364402	2.2716790130320006	-0.01816234455270345	0.9987818023178102	2.2658199941764336	1.3454644952189265	0.27532019411228176	-4.767627766687334	-1.3325672825151447	-1.7290985532038246	1.4664777598913799	-1.8686859574476298	-0.31127956348112856	1.1339283996144933	0.4852708259436428	2.373268353823048	-1.4506969097993425	-0.25546934564849355	-0.5277269944599341	-0.5413440553746424	-1.6416333152410258	-0.7431059148868425	0.12542908579740747	-0.9152565458899536	-0.5471697173166127	-0.5093599284729387	0.15314399034176568	-0.08187731972650385	-0.7574569717588193	0.08600215725987213	0.847497044648318	-0.19659453875208494	0.008973341810823817	0.022427269862220416	0.5166719472706659	0.7452730629673039	-0.443279428782902	-0.6441251316323628	-0.16107291502940713	-0.4366952511366447	-0.25001376244422924	-0.037720257239275086	-0.853515592549082	-0.4508182168398356	0.560678900297743	-0.40763648539402886	0.6214563391875307	1.3237023398358154	-0.30111379872467003	-0.6092537206930141	-0.2690898354426167	0.788229451544473	-0.2127399999387092	-0.44838681127106295	-1.0181282993111789	0.2090421169041132	-0.969843016816361	-0.9642888410666336	-0.4727935932031171	-0.5504502850063605	-0.968657160298359	0.23595004147551252	-1.3549315092218872	-1.8688504219084394	0.846721349140221	-0.4888647376081075	0.1284495484191316	1.083816125034614	0.4028710734982028	1.0469203658863746	-0.9708899048411944	-0.19735487451849704	0.5182753279740683	-0.2844529169099068	-0.7739551597692468	-0.07408647909551876	-1.031310794112665	-0.014910629018334955	-0.6199009642283219	-1.1890932365941456	-2.2301984546020397	0.9451862868196788	0.7675992807291835	-1.053900668757556	0.2928398569907364	-0.28306176693587787	1.0006530187882305	-0.34049189080737213	0.06405494180287788	-0.2081387336672158	-1.3017812567619877	1.069009620990584	-0.7770066775511106	-0.23517017601505835	-0.29627638356931096	-0.06121218228227552	0.579814565855779	-0.2909794272153744
DTXSID4043850	-5.881034243009705	3.5843808141180706	-3.308549333313136	-1.2106835936295124	-0.4412346250876758	0.6393077492688087	3.131545576534706	0.5725811575205748	-1.7544571268221152	1.3245661490665828	-1.2470558235253197	-0.26201139608527835	-0.08388611587234658	0.4209958747915667	-0.3526109105146002	0.9327423064719252	-1.1814016461872028	-3.4307758774530432	1.1836075748828336	-0.00025087849202597823	-2.2185672014201403	0.3757800525626461	0.17331732949900666	0.5996456835170739	0.6333609257292037	0.9316273184613963	-1.2561179031513878	-0.14549175881444124	-1.8896365513511595	-1.0661604615377307	1.3741595766768027	2.0738999949683503	-0.41988509886594033	0.1462446947615926	-1.3419052709109371	0.5400662520112709	0.8962953721560609	0.16394567996232615	0.19256504611249137	0.38307802802657404	-1.040805914722362	-0.19849914876873212	-0.22027433970972216	-0.150026508912258	1.213815040467751	0.1856292980327589	0.6268784788341357	-0.7321453015106204	-0.6707935809841985	-1.1927868189321345	0.24658520569025044	0.5355383594591694	0.22838510644314122	-0.058151577584957155	0.8654025143191713	0.96850105633064	0.295415635632536	0.08193015970707043	0.30538923616197133	0.1649940890942017	-1.3784235715915045	0.7930095021917399	-0.33202859630754455	-2.241143590271068	-0.5102827686329814	1.0913083148947744	-0.2673345976138256	0.5527935918301937	1.6000649516483936	1.2851414972206014	-0.19050947066837345	1.2032212748885622	1.0087080608565526	0.11023969848690077	0.2277510035442287	-0.20982024387555404	0.2725636369005775	-0.012434725178977663	-0.10434135016545842	-0.46912784448288597	0.21023098578272686	0.3269968168114361	-0.02824388086233976	-0.14494675339680346	-1.1807228972230277	0.23205621281461225	-0.5137713463498349	0.5544690862136122	-0.2156004278527878	-0.40165742122165515	0.5470835768380167	-0.3129832349774446	0.03994114313762548	-0.28514457673588745	-0.7306691533191074	0.5747223763095478	-0.40678504069854005	-0.8401773562848429	-0.19457464452491433	0.832750670883857
DTXSID8041298	-5.604543010121985	4.009566323334246	-3.450443926790587	1.0545085760792472	-2.0508287538850136	0.46680112326305195	3.3753437782221227	-2.159275481360032	0.47792827245014213	0.19040611621405562	1.8826968634857155	0.02453471822146582	0.6658225818093403	1.5171893684915052	-0.14771097807255607	0.856456839295914	-1.3704881273282912	-0.2746867068179101	1.8806045742121416	2.4228986020321335	-2.7114185190196283	2.3753341096363965	0.30890736629373705	-1.1805707415093967	1.4650180607430738	-0.5075431145213998	-0.8172143129892967	-0.846756394925121	-0.44351504977666756	-0.5784942475470781	-0.4174864571094145	-2.995380331945847	-1.8960981300514141	-1.6106836699252893	1.2112730524336783	-2.6011114899346985	1.0330979165034526	0.3134371044034571	4.131307098287279	1.8209435382058843	-4.277825859364754	1.1731507901437064	-1.4366267083499564	0.8250907614763915	1.4728223998238428	4.083687803367856	0.41658149315935944	-1.14765633449973	-0.8461125491483835	0.434865856495673	-0.032732135887210516	-1.5778794907881315	-0.6858947019161347	-0.9493140095399503	-0.6640972197436364	-1.3753932376761717	1.055678645242091	-1.693081090091139	-0.42353896766889015	-0.49745947456289313	-0.7673350224570649	-0.6740187795149724	0.8566391869277918	-0.4943982281948192	0.6648098813761458	-0.4316874083033047	-0.4230931726569385	0.36151286236049573	-0.1090299673091581	1.0004790141475732	-0.31446508017989383	-0.23314999359662958	-0.8756526469179621	-0.9285525945578116	-0.42750366086671865	0.8124864008139745	-0.4040770516995497	0.4090159629712037	-0.808858062911229	0.15885545821421854	0.6064873976802866	-0.5471518353727817	0.36537090485338974	0.20162953895847902	0.20898910175031468	-0.21822390504201702	-0.057164568881752725	0.45622363878599814	-0.47866645283688597	0.1173790795075574	0.45916866545418	0.9476011078696214	0.3197189298783968	0.20300952233135647	-0.004791076444551486	0.3774919342674699	0.10099099071349757	-0.06708717680623917	0.09099817354287483	-0.33144246806285693
DTXSID1021116	-3.93716582084677	0.025653626264942952	-1.1182384116718413	1.330472834445339	-1.002659798285742	2.193712322640109	0.9066286903300081	0.21288638928108625	0.3903989493013372	-1.0055752761376104	1.6257438907424786	-0.034059214197602355	0.4777372312411871	-0.27593005244023927	0.22660960037710223	-0.46897453405050593	0.1847948455452069	0.17433739221264963	0.2316959229767404	-0.7974906025462998	-0.012493982455741976	-0.5815977754371826	-0.4870455486808835	-0.19995512671947965	-0.207925454873771	-0.12553585060988562	0.7466120367727483	0.46992120000959037	-0.7754271186477315	0.7791212530882001	0.059585985201675386	-0.2824215151679722	-0.07419881980870485	0.07424960798624274	-0.21674315740732147	-0.05745416822142554	0.4709605944435461	0.5966981451843932	0.24727688405236778	-0.05479937249688279	0.46927223100575294	0.11122389582095271	-0.6039652809573832	-0.13211557345095049	0.2975013312512147	-0.4295774690596265	-0.1303165486871469	-0.8106771462520753	0.5579630177742332	0.07260845470684212	-0.3309414139060221	-0.6843953736771897	-1.0906860545116182	0.45810604772877134	-0.44462157248833856	-0.08498806938378203	-0.6363495956952209	-0.3643063016316977	-0.4452994953514612	-0.3434494545246015	0.14436511000803653	0.17077912524381003	0.17066490833792639	-0.14757204463924703	0.6547654121258135	0.14390944935825645	0.40780832025827	-0.718578303182324	0.8574118544547198	0.29021219992609865	0.035324071235291576	0.4769436015350122	0.13700186461433952	-0.28080398548316204	0.7811183110236412	0.1302856052286102	0.14078992157921352	-0.14988778710712106	-0.38633980190405737	-0.17439111482895078	-0.16233089025410952	-0.1974567288145453	-0.11133399212795718	-0.10293112461228496	-0.023713943411450427	0.1946216495276965	0.028507765022895603	-0.6823167734505191	-0.16778253916719493	0.026928720254414267	-0.3252546328348617	0.29629463934496253	-0.10192984398427098	0.2886156631327036	-0.2363977593600422	0.34012391544634507	-0.08521271407820095	0.15428947940217944	-0.06115853002290504	0.01322904363345458
DTXSID4048983	62.521170488892814	-5.494888475429121	-8.676997659724568	31.042232777369726	13.834491502639203	-6.496057132478159	58.94755572177865	14.86479656430432	-12.997661142717133	62.724917604144906	-15.794945675507195	52.36460756220843	6.699475797409667	2.7547680374377395	13.636206996292739	-20.491150320992684	-18.329407859595474	16.148375810589837	37.865101910947985	12.296726599357125	15.393249512618102	-5.045089841302644	-5.656569215866679	2.571377905084161	-12.464383578744226	-6.9541821960353385	-6.991088656648955	2.633230089745499	3.711607417987287	5.394007317415292	2.6414066198382358	7.389508971369299	-5.33541853188832	4.543194498038089	-1.8051545109911835	16.07595659352096	-2.2320757881668944	9.84244543203384	-8.127579308465013	1.5830450381403247	-0.746047117693977	8.285309425756891	-2.1912851209550834	-0.6280359131387871	-3.5389092611834427	-0.2818414142431529	-1.269614999585317	-5.7381504708352065	0.8039523201994558	3.042561595011938	-1.4739880768860802	-10.017090193486602	-11.544346488717467	-2.106087778503451	-3.2217650444020194	-8.17050103756974	12.197398909816968	-2.488606578815708	-21.651967934135598	-7.472149471978656	11.613925721319058	-17.61945790157351	10.136023391631658	4.41482118171559	-14.112291851728608	-38.468006573856705	3.692999535809208	-19.111742148805256	-9.389425823033482	0.0992612378096623	-13.4695591971237	-17.319289309635366	-1.6959537067220267	-6.504022005110171	-1.1749912498098345	3.420952212143896	-21.617522772945282	7.6644411675648545	3.894875116678004	-22.05811462948457	28.492392430813805	-19.28699143353166	22.65981567656222	-45.289791907360936	-27.872108469245056	28.044780339211407	-8.372765801481952	-10.256565321277058	-3.335463020586804	-11.833140661043442	3.0300821862258127	-25.49668117662825	10.26350802844923	-5.287152270789195	3.967253220339312	58.7332046633763	-3.6463237320050146	-5.590838143303884	9.1020868249146	23.843695510743554
DTXSID7048166	12.81492690370264	-2.364486971630616	-6.502142247037703	5.087644615902039	-3.3344236041035993	5.279909550062151	6.316669780856568	-0.18126618730413122	0.5573013605365124	1.202981091382999	1.4837616287363056	1.954616962999878	0.9054143674234657	2.1958599670655916	-0.7737837654267636	1.9679936309760444	-0.6557803709733596	-2.192159764998522	1.0007944260538848	1.426345558460721	-1.3110312592947706	2.502907042175478	2.5495740501678856	-2.7050852775166856	1.7435805774054678	-2.2982002345439194	0.6405721746585129	-0.977453290049285	0.10709332183887103	2.2604921996414347	0.9122149169318332	-0.08467657875049789	2.870905818350101	-3.1600851764935562	-1.4177685503934057	-4.65237766339126	2.75901792295502	-2.8179427146712315	-5.104678648099995	-1.6441344651251788	-3.477708024707752	4.4338599994742465	1.9636006267844905	-2.025002637392371	-5.530003891249893	1.8489991078091468	-3.121208173618101	-3.8451904724916415	2.416340491381786	2.53772651121337	-1.3529309043792814	5.262554859235095	-1.5420389593926123	-0.9831500245258228	2.734224641026667	3.5737786450884665	1.8671267176621844	-0.9344481738622591	-0.1523002348561213	-3.7948392647337865	-2.342173757928217	-0.2870107229809303	-1.3158117941394534	-1.2402363272553414	0.4686362992067492	1.3652002696844956	1.2797345011019874	-2.712149267234013	-2.664792681466367	-2.535796920514602	0.8088483275109303	1.9277611943059136	1.1495738846816614	0.9510899067073412	-0.7577177122884768	-2.784862763769649	-0.39616152509894415	1.288643373881645	-0.2896833474476749	0.7442826062390724	-0.9960887403088675	3.030716676706218	-0.7941497809875558	1.048769402601365	-1.1587682055161648	-1.0744197240713658	-0.6611118686083519	0.9852397161842735	0.559551030482204	1.0732602592476956	0.8408233035227387	1.2208213909255947	0.05254232449294638	0.1993846077063044	0.8279157139682404	-2.1963880976069174	-0.37388619727709066	0.7658357830660957	-0.1292054192751194	-1.2698372393124127
DTXSID6021082	8.522466293270039	-8.037162855274051	-0.31737711087445564	4.58397093374439	1.3822297942878092	-2.436518237150013	-5.564392300695755	-0.23601811505831963	2.4135423629971107	-1.9295720613757714	2.715421340506073	0.5752363625927007	0.7421307270069574	-5.782691853793223	-0.2158205447854903	0.8936784564393149	-3.2167157230039867	-4.123877713951082	1.0222483903871613	4.4275949468861295	-0.6359297223250269	2.1681043827582753	-0.20942779638869968	0.7820186404960908	2.093020448638728	-1.9589453388858407	0.2641965414025372	2.5311871896646045	5.407096665759531	-1.6598569587933492	3.1467645821514854	1.2993618163304879	0.8787256188605256	-3.216077566108579	1.496602116553386	-0.618818404997205	0.6560143714434482	1.2499806123765889	0.9306259090224178	-0.9760935849651015	0.2430376274084222	-0.5163883275975072	-0.3391479834755708	0.19761256514833853	-0.23810488974404484	-1.7506439164478174	0.9594404637604992	0.2798459929719315	0.34740880529380286	-0.6339373585298326	-0.5073136482380283	0.2770902686723667	0.8402628476322694	0.2205882418166032	-0.7933450452794297	1.7105729336750866	0.08323225703506318	-2.945214634726276	-3.1928162752163907	-0.29136717571093623	0.21264781976573646	-0.46287670130813646	-1.9497438890433383	-1.7573166726829255	0.694794058334922	-1.2931889781114603	-0.5950948374614806	-0.35477947386529574	-0.5312849244309622	1.5471317953639052	0.7536578835941201	-0.951929400247559	-1.2583720838629036	1.5178015633476616	-0.40605464826801535	-0.8950628127362756	2.3840073300081044	-3.8007017482449856	-0.21553876726474383	2.3397998436252267	-1.6558561783610894	-0.6756647352422709	-1.7615885021621078	-2.252336614932999	0.21893011536160553	0.08833753152065525	-3.515861800631203	-0.1346356560277047	-0.310501912141137	-0.22225010364005535	0.7149101518368778	0.22212814868051908	0.22288096725495055	0.33118580464191333	1.8578481499211152	0.3608163229747121	-1.5513740888357015	0.12310108321016212	-0.2090278741223747	0.4031555680902302
DTXSID1021871	-7.862733153031013	0.14856429632270265	0.8346730503983084	1.531402931548552	-0.9329935304111778	-1.6140497957395397	0.16401669645204092	-1.1437053587379877	-1.5646673092042707	1.1697370144126593	0.40501288832477067	-0.2714978349986719	0.22145459441283352	0.1885800345059945	-0.17120640537686047	0.21872466055704445	0.1768539253528233	0.042262125363581524	0.6118900429605647	0.03857699396257248	0.08965365329402811	0.41971740183316747	0.026140855702030487	0.4075414339801586	-0.4246450473981266	0.06408319868665889	0.130939296214115	0.16783474094329345	0.1407498699591116	0.030137740694396477	0.33141608948239015	0.38230674638895	0.009074940946790674	0.4146517139479606	0.15078256337982454	-0.16813366368575955	-0.034998696323055675	-0.07833455820259645	0.2957064882192032	-0.05129794044318329	0.13604260584568087	0.46639305615695686	-0.059004331519655014	-0.22794853323113948	0.45579426076223034	-0.0753043887382814	-0.1268186217194555	0.3095881698362972	0.02163788074893034	-0.12369216621929144	-0.08665386979456782	0.16059000273653792	0.458575546487055	-0.19034944615935132	-0.2750967686825364	0.1831263320450048	-0.0500893440617659	0.48890759554181484	-0.486002767412453	0.1388547977599184	0.37051718332189854	-0.1508140013437367	-0.3429018212581263	0.00843629939658681	0.07988087286499862	-0.39993190145133034	0.018108960351352774	0.11443166438075134	0.2945207431651902	0.10680119124742729	-0.14218309820273778	0.016467349776904373	0.32103574075399954	-0.06785437773822374	-0.05910616066124862	0.22651361504800105	0.6034969218127131	0.14765938685942423	-0.006636611908480838	-0.16951870124299256	0.1667535674333331	0.3175399987346547	-0.2574008659582418	0.03174653384236043	-0.059697415379326144	-0.10421538670263453	-0.09810062991227576	-0.017981020439930065	0.02989299998530239	0.10501928530958989	-0.059756453428442206	-0.141075555346261	0.20745868756570318	0.23433574532570503	-0.04378471120438066	0.05624316717547754	0.23690665918243484	-0.10645818438435342	0.0134558054591874	0.048276715352418585
DTXSID3023342	4.49382633089041	1.5003779213988797	-0.32972654185961375	3.738874876937428	0.9744354545538887	-2.2146657988592464	0.24220491178472223	2.6860347554404393	0.48762800491625813	-1.6495609323576836	0.44539304901946314	1.4096902335710997	1.1511848949279706	-0.6939347426155549	-0.8067964474900167	0.6668224650036023	1.4510217314626177	0.6313134460483705	-1.1385899838352187	-2.661821012516214	-2.143214219176363	2.415132826653315	-0.10575911442084023	2.560380860837589	-1.8497020864943083	0.41607716081809104	-2.527902634247666	-2.0183727631478003	-1.3455760967415498	1.5224060883941526	0.7898423448384395	-1.6816464347577722	-0.22014645653545287	-0.537038962598823	1.0843301273452448	1.1725985107618158	0.1450511711189676	0.666929327525674	0.5214383534890014	-1.3176393702706375	0.6013076180899829	-1.7550832940998942	-0.757220718074482	-0.8658828279990228	0.10161683813641294	0.8087120095778608	-2.1344404784760767	0.5636796597558864	1.4741129577361851	-1.0003544938401485	-0.8798984379162815	-0.4815806609344136	-0.9777294021874624	-0.56532607512005	-1.702457293718966	-0.6032404571925629	-1.6151529886541032	-0.04924444988048596	0.2575723610614871	0.2029961367045011	-1.415467110283483	-1.2308117078839584	0.7463169383932412	0.21903351815615396	2.6457132634701224	1.9876143629396306	1.7647975797283557	-1.4899230299296589	1.4265483478304573	2.9787741674727046	-0.7085051922750434	-2.5065551933591577	1.1545056021315547	-0.819658125600326	-1.5778461176221366	-0.714779412926928	0.5725809799201379	-1.0347960440096373	-1.4742323623359028	-0.16118397594094458	-0.3278399400170102	-0.7907862294466738	0.235183210601096	-0.9172667539996792	0.4839421659182648	-0.7737082295929842	-0.42760666435838945	0.3028023456847788	-0.7546460195057748	-0.033146855360002926	1.0993848734945812	0.7262633251277143	0.889596565933072	1.0982257379473808	-0.42374054919131443	-0.4564984102350453	0.14877136066888036	0.6351799269115871	0.5698707332578844	1.2736405520433611
DTXSID2048618	12.638118207836776	-3.863438466381104	-7.8408205855232165	6.203754830856299	0.8286585888703287	1.2905968144019038	-0.6119073915537081	-0.18219549754064399	-1.3407686963141499	-4.253639520091144	0.754163074265265	-3.76295867645341	2.347161073854741	0.6009012635450945	-1.414045226884814	1.5203098820035312	-5.56620506553109	-4.763304338311981	2.989611704219366	3.013850052185108	-2.357614436986004	0.1731014207301649	0.376348428151854	-1.8675849033859515	1.9017166163504284	-0.9960710624789009	-0.32985244260919516	-0.6872483259238061	2.661700391767966	-1.9245111189993749	1.8433323855847528	-1.284528407289344	-3.7255325487189452	-2.5805907874168343	0.241002570139952	1.776748664516015	1.9281662012386027	-0.5792909197585157	1.3165132627213452	-1.5317222127099002	-0.3849989951428208	1.3630849795233455	0.6434692379921134	1.1282662576205504	-0.48001422535218013	-2.533880041610382	2.065782036415588	-1.885233270906452	1.3476238330704355	1.2577673225546653	-1.9270475385797314	1.8943922370863113	-0.9112747904993339	1.1876462359560498	-1.4629068484635779	2.4580386451214595	1.373948840442152	-1.114310492508085	-3.506146692022638	-0.12702247783147325	0.07477790745138001	0.022869047494795326	-2.4271151196908374	-1.0102854643173735	-0.3888852210461558	-0.19733234718157913	0.20704191213596207	-1.5396125240376901	-0.9756709848575211	-1.4835471863795753	2.8207983080202386	0.7799415162766576	-2.4381579670215348	-0.5710048646733227	-1.7014298829826957	-3.3607462910744497	3.2962662027783622	-2.554100659479206	-0.6874920555263091	2.7934872566178224	-1.1004270890514092	-1.5500105044230217	-2.6979660950604085	-3.999340575746913	1.4299333504890583	0.6005197957608023	-2.2233456172827646	-1.49686951892246	-0.2587903538677473	-0.22082748034546204	2.5258702145517056	0.6702921704380145	-0.15992365775426426	1.0149250214961933	0.18834862183731169	1.4271575224641933	-0.5255022348537228	1.0577664823913062	1.678337212031584	-0.40762671882893253
DTXSID0045832	1.3728482735129475	0.6370953906962629	-4.709626742273995	3.6688229898548324	-1.2724851544944533	-0.5910218906481152	3.4111621058156296	0.4901585013483429	0.5333063454934905	0.8208671952492007	-0.26119135521493625	0.5823387498686597	-0.3634544721230178	0.2199984913905193	-1.4934965639673539	1.747543591570305	-1.8130843540086594	-3.647028731015236	-0.2659480364942689	1.884270999026396	-2.7503889936247243	0.6880850808120047	2.0327297887318645	-2.4465131344010933	1.4997249732652145	1.2237831965355317	-1.4366823675325677	-2.8924933849746117	0.48531596406874894	-1.9455556098218358	1.9905169666875835	-0.2600412982389548	-1.909776132396501	0.7432570838912039	-0.6956770525327277	-0.09084048175774005	0.9681115661525621	0.8935348305575946	-0.44006435785249376	-0.6283269210270014	-0.6794466265856496	2.0354964628257086	0.9551582452721257	-1.3480755779692937	0.1978139316034212	0.6888737985876657	-0.6142578099729057	1.2090451446403734	-0.2266978659719383	-0.529293645182704	0.1680061616142397	0.7414692621504825	-0.3821074154728975	-0.7061318232155062	0.6815383318264544	-0.2968902703652973	-0.6596693066356638	-0.3345781500153435	0.4666734365113645	0.4551966267407256	-0.7623320077883751	1.1312776795817496	-0.9021482281824824	-0.4907641386044123	-0.4565313301975001	-0.2959983340187972	1.6082727791667173	-0.8920581080158702	-0.05879656325836703	-1.4060490351417185	1.304704621140713	1.5619701812215576	0.8081429523023869	-0.6702513183122542	-1.251112681116496	0.6204186811533342	0.8887621683953699	2.0925159213323834	1.0516016958681516	2.0620036871972696	-0.7622676748730444	0.36071981783687784	-1.3370971630821884	-0.05026731549566611	-0.3508068418674045	-0.4293124803474686	0.21645069531834307	2.2574234305219427	-2.615939533901298	0.004721051448093732	0.3402742563686107	-1.0900217073091047	-1.3391812834942871	0.7053771470352811	0.7495135548907801	1.546570141202263	-0.9401199209883487	-0.09053941468679597	-0.05661723046136406	-0.45281786024855825
DTXSID5029263	-4.891700749582825	0.23020311088297513	-6.575862940352693	3.855592893965951	1.9382853762007144	-0.7131947844595377	-1.588916529809984	0.8465353346798912	0.6377573279064442	-0.9690338419770719	1.7274553315676136	0.5339451119909441	1.7772428225994832	-2.1167871970650403	0.40425708269497584	0.229331075729623	-1.2764272537867607	-2.0632245626086685	1.6373963393601347	1.7119454656738033	-1.2412462101838795	1.077145542624852	0.10083889597545194	0.10135233051016358	1.1168525648745429	-0.701923979380817	0.93298326715736	-0.18654782454282873	1.0023353614162727	-0.4338240177068984	0.6652033523968054	1.0523812551265512	-0.6114895134259163	-0.03910205648839118	0.47300484747680227	0.8084398364284455	0.5526368231554983	0.3624063800539126	0.06618881438801658	-1.1651481612110333	0.560240339605495	-0.4824967116314889	-0.12388963120467031	0.802288530407637	0.7480126926461561	-0.6624475884443168	0.3917905910828303	0.028260703970759086	0.10278909354055857	0.6243464105100791	-0.6975793624664216	-0.41978086500577905	0.2582562169172735	-0.06364929168203215	-0.7782590720306045	0.497483116442525	0.3393087730356473	-1.3605828267592	-1.0517366994068487	-0.474221133954412	0.022750226336081855	0.1809210323955802	-0.7953347175073164	-0.29984820155944186	0.880182821678168	-1.1223367148912782	0.5077161942621019	-0.07870566471573884	-0.5613843124829201	1.1295889273072708	-0.23667397189224995	-0.25072697652165393	-0.8933352419744391	-0.09299968728807197	0.2739829998865682	-0.45238854651094285	1.5084761048976163	-2.4005896161630518	-1.3120880702355047	1.550461499988968	-0.5579156834206613	-0.46612429867237065	0.005750853504826649	-0.4557004706527799	0.34243768884355336	-0.7736575375757203	-1.8616756602714557	0.4037060568327936	0.25155457166055817	-0.14309187137081156	0.828370956966328	-0.01814954169657835	-0.31259768787205494	0.3017694878100958	0.7484899252557164	0.6032057711865698	-1.150635079674525	-0.5654485186162264	-0.1254847184551658	1.4474709934088927
DTXSID9044372	-3.3930650453995908	2.0925355841157884	-2.6513971949348853	-0.9138525838469428	3.7531743460678046	-0.24774495496620677	-0.7561673017964269	-0.4659648360671885	0.046877432185996215	0.29242695417638953	0.3934424233393036	1.4823111419694988	-1.2758550206471018	-0.5871731538107571	-1.3507106254246428	-0.40080769629489754	-1.2907509807370676	0.5532614455705143	-1.213087126594505	0.20379284312774962	-1.270063364089835	-0.8499491355582094	-0.3961732575492995	-0.03484784699117358	-1.1143872392553584	-0.12293300588952276	0.3672874821374203	-0.3158912490345919	0.4361663308797813	-0.9476798843125152	0.871013923074943	0.33929735098720476	-1.103212199694667	0.18397957699586232	0.7637586207510645	0.4816224336472094	0.33412046735651985	0.82598251464527	-1.0640158065702003	-0.5387245114185002	0.6214447590312048	0.5184483532041522	-0.12958574820062727	-0.6929547437364886	0.7109367605862795	-0.06680628750109814	-0.2918438012829116	0.377975398905549	-0.08045476723920836	0.52004934087956	0.011663266194564172	-0.5715921145470616	-0.5203098497809563	-1.3015576756861869	-0.042380223998819744	-0.9683995134870613	-0.02206091744942117	-0.9911786031060223	-1.535618738785773	-0.5175393279904121	-0.3539143564061468	-0.029407198296186515	-0.1577653526754653	-0.061932367746440925	0.2217306682988009	0.6137580540334199	0.709146695802265	0.07020305333928159	-0.22140600357164802	0.7205399368820498	-1.1585332157347	0.7995712198171944	0.24843364184543704	-0.3754732957517067	-0.06750114192076055	0.18891505272266057	0.7329059187270431	-0.7687284092967213	-0.15520875752947697	0.04800340213317246	0.44345848133646837	1.4588027822785532	0.33230462089987434	0.18515102430033958	0.2917023978246885	0.20511018026168032	-0.007760323514882824	-0.2054565107288688	-0.14812005394118966	-0.7156587311409016	-1.4907986220980687	0.21914987115694526	0.060850999883240504	0.009792614438703646	-0.30071919992563173	0.7695421888443107	-0.15146534315062288	-0.1827028577850502	-0.2861418929143196	-0.46188439624692235
DTXSID9026712	-3.9825388934092976	5.311048173952674	-1.083707529495917	2.208367342498777	0.7108453295512933	-0.82092301158831	-0.6117083638808557	1.7295776916336305	-1.286000960484179	-0.02346724604342387	-0.8920461643727361	1.2742801314861159	0.201283404862723	-0.32665083535542655	-1.4424143792807578	0.6737718059585429	1.0167951630741456	-0.43857974246944703	-0.5979158252994042	-1.1338258937826389	-0.4150832533479618	0.8626005392075721	1.053145069122368	0.49943308262975594	-0.8716915637448308	0.6126384263641248	-1.550047833601115	-0.12905120819330784	-0.44456402888493496	-0.6362596326520843	0.80364828232539	-0.7551912824114616	0.06655508761229445	1.348861874295632	0.8779033887872714	0.11365004719958506	-0.468768391427836	0.8041935965117578	-0.46214467882554683	-1.1458318454174343	0.7751214329038728	0.35297160617160817	-0.3735982846282217	-1.4251776335264965	0.6980482344468548	0.893441254501066	-1.919575336916467	0.8669370331154373	0.560906489662547	-0.14085985220400882	-0.42348599580687574	-0.6258523673599701	-0.8283891778780865	-0.8113936783672379	-0.43493342767470977	-0.37987709456701724	-0.33298056500396345	0.7675801000446326	0.05985394839129655	0.5908352786098644	0.07402742984017693	-1.512206790392735	-0.8856224436885293	-0.4978979500244967	1.4768697822469086	1.2321807789242627	0.49103530605372825	-0.1314033297828181	1.072351449643099	1.5643406334972778	-1.3218683372966942	-0.8041832943356069	0.8923128015629782	0.23036104293349788	-0.7814839321802362	1.2846789049738874	0.21481926278120136	-0.632920039720239	0.1804051917929368	-0.22201686186565023	-0.7658618847358081	-0.9724217836201982	0.8513539592180414	-0.4030299315934568	-0.13544554929591118	-0.7489542499194644	-1.1162410182428724	0.24306786395497867	-0.29554390862842345	0.06880616489763669	1.221424439254635	1.6215634257088567	1.03091669412816	-0.10655724234677415	-0.5523082989136182	0.9529307810207555	0.1636320116804696	-0.3018385481317995	-0.3721258278415701	0.6376824570707376
DTXSID8020597	-8.897098757161164	3.098938901326925	-2.8556913689776673	4.094336620285185	0.9418680597318305	-1.2237350654736334	0.08219059224522154	0.6661597260626381	-1.1534672899355491	0.20274323897656704	-1.4537102508123738	1.9929396833658712	1.9650366108344182	-0.25228239870012104	-1.7565318827213323	0.9341676798113113	0.8079975040242603	-0.4708951875334893	-0.8283161338473144	-0.8345298826614006	-0.9730608059358776	1.136212745869505	1.3698207878094406	0.1399491134022374	-0.553478583847005	0.4187982624465096	-1.4254577675926323	-1.0182569668676604	-0.338813980109224	-1.035161150611754	1.3525985250321342	0.06857474351553165	-0.35281000449763833	0.4318623225126828	0.6523761477473023	0.19536329331521718	-0.07537734222912898	0.7403049307940074	-0.35717789687255364	-1.486997711795915	0.8776582186804903	0.0647407507301706	-0.15394996884392767	-0.8201242297239557	0.8126082105187435	0.6673810814067617	-1.48833044940521	1.2835812784916008	0.9649254614037152	0.08643040659922208	-0.7929035763458107	-0.6885190768426475	-0.8068247406636526	-0.9531439098025837	-0.6918324761844437	-1.0941488990452857	-0.6327516833362762	0.5337279479120386	0.061879001730863865	0.9590654901894665	-0.23412596913925865	-0.8005340656797283	0.07392250229552508	-0.6667247426138855	1.2959092769172298	0.6774126117225949	1.111115118231295	-0.0712315225302263	1.2652115819170227	1.1764716767262207	-0.6860119592008317	-1.009880305545815	0.7709988244508558	-0.38032687306094864	-0.9376064035092811	0.9097457193003339	0.6576697642134123	-1.3371822649687746	-0.988656870415957	-0.5437601336268257	-0.7730660320434125	-0.3270020075496974	0.8720635733057008	0.16175122648314183	-0.109435912489474	-0.6675530878305632	-0.7930037144914872	0.1339167813126828	-0.0703146543229901	0.07817082638464477	0.9523990870007435	1.3160935290773963	0.3712635367789792	-0.06859330171961892	0.05617963306623759	1.0465285414459273	-0.486720592756318	0.15405093671570907	-0.04896382801806563	0.6292798471162463
DTXSID6035156	-3.9989211840763006	0.9003740061509502	-0.7549722440439165	-0.1989534162124756	0.17551669817696758	0.8539845687690668	0.9147631127545134	-1.981552169259082	1.4627201387639708	-0.05503666947303723	1.4285190888717783	0.28170015843368584	1.686236987508586	0.8451817467335595	-0.06261272646419062	-0.5694431514969157	-0.08554609561951865	0.8218865827783555	0.09154415344333057	0.2777909719951987	-0.8460516269661894	0.9775843062922325	-0.2758242454054985	-0.16614665970006257	0.7614958283835528	-0.030883378075772842	0.05598315868613283	0.4618028513308169	-0.5150281277789545	0.04140348727378587	-0.1789627215080623	-0.10613044750225503	0.1513834692819222	0.7647078567493054	-0.13407098669761042	-0.1418156469315841	0.5163122477251835	1.227802338333877	-0.08457449085008154	0.034249154431742916	0.17829026899608388	-0.3572088584794245	-0.7113344845286664	-0.5103053942457445	0.25136058536890293	-0.29879033284860573	-0.14817253547075238	-0.28223757652596526	0.18625778220008637	0.2920006598164743	-0.25267631374044947	-0.6166107695379806	-0.20401522293200944	-0.050711619696768816	-0.12953094481070268	0.20686553330356733	-0.7913974123406617	0.12221115565639842	-0.5232900803443999	-0.3324923819967403	0.16194390411667783	-0.13104965907691424	0.45891755071729284	0.04980197501853816	-0.630264099716316	0.2084386445293949	0.30891405837606956	-0.467963298513004	-0.29051219214946145	0.004376771628395132	-0.5019310990115736	0.40074082627401225	0.16987702954374698	0.6534455338061548	-0.5612480136321282	0.11104683586454803	-0.028509866761995097	0.13190469746456462	-0.18586158667493533	-0.10838670495042282	0.032960372944706814	-0.7539166797055699	0.25996869314658316	-0.3188317636748498	0.12476729649920855	0.3553880701716618	0.0972869021931028	0.2933006300741584	0.22808087200096305	0.21246597976296877	0.2982238496884847	0.12758986732355967	-0.4978307142273384	0.08229240050693251	-0.08547828635504223	-0.42863304849832823	-0.198376873240478	-0.010507189671384065	0.2392248181265623	0.14005235554971507
DTXSID5045706	0.30459576635958546	-1.4210428341732737	0.15688298099039186	-0.5964534207156614	-0.7494129960332749	0.6134134393517958	1.8696606023706575	4.572482481976346	1.390588175686912	-0.9767582357552416	0.8523612330782178	0.33225049524062616	0.34346610634511504	1.0879382343656565	0.4294501798590486	0.0693963749531901	1.0545896548217548	-0.2157074784797738	1.1838579499105268	-1.161556051647246	0.312633772034362	0.39753617005566094	-1.989638844662508	-0.5120424583309152	3.001383429219719	1.6337448641740744	1.8277372452272962	-0.13640333023856657	-1.3288289247122358	-0.02375468025701767	-1.2975286436106557	1.1402310751195237	0.3255091230784888	-1.886345181560981	0.4225619071248782	0.04863871256321416	0.33977560122729195	0.9385709754942813	-0.6281644362644411	0.7271537214565562	0.5792865071237597	-1.3720269760187291	-2.244634868659112	2.6124098170459025	-0.586698627886493	0.49692155839074714	-1.767456405992785	1.8353502508766053	1.157413378202686	0.8069905027542632	0.9285760263012688	-1.0445560963669305	-1.7846109194621669	-2.0919650060515456	-1.8978279761391306	1.0579577760771577	0.9246626317433272	-0.13202521702465525	-0.3398644948140354	-0.0925826204514934	-1.6464963990280301	-0.32355309553463385	0.10110663890539077	1.7580235874641252	1.0426114594646838	-0.058020262468091936	0.2405566734391136	0.14528960675188976	0.6658072948600502	0.6034146115757343	0.722545919498815	-0.10972330140680087	0.12442209504265556	-0.22801773055363989	0.46149696349545455	-0.9139239506947597	-0.43475545023482465	-0.6179777536311433	0.8340118191995154	0.484522619523599	0.8692609559123646	-0.14494908610404217	-0.44010506407132916	-0.09269247795388011	0.1080610315427398	-0.3140376199078977	0.0380656669560024	0.750488167770272	-0.006542877021761365	-0.6159220408101486	0.05964574155206965	-0.04771954062748256	0.669856729689049	0.05850139835785576	-0.9821435195768292	-0.2882025456488077	0.03286252280755998	-0.2949157089701789	-1.281886979848472	0.5027191509101624
DTXSID1025302	1.6174173012307722	0.6795274328569489	-0.1257685734993418	-1.8660278155314527	2.763250905653371	1.30846280881321	0.8786191834155815	-1.7588853643850657	2.267843698619037	-0.3169461364631389	2.655138474126993	0.984563230732405	0.1723568872666677	0.9860481813782705	0.9083169793540797	-0.19382429588848793	1.2904016639524107	0.22502871847578515	0.3265032738994936	0.21326546658614856	0.03462444340541103	0.7733803191993358	0.11509892235716787	0.07145751104856134	0.9279698801313374	-0.069265638075639	-0.663615347061082	-0.03288143817482974	-0.831685355102602	0.07669211413313529	0.23978765423717446	0.20284788978493595	0.7413666230897827	-0.4928610537690661	0.341907824278256	0.028363991941921785	0.26425663134945027	-0.18892171844449435	0.3520339020608308	-0.3003056777987551	0.1409678609441395	-1.1765180087947016	-0.3417548179201499	0.4106000378683663	0.09973893524295775	-0.9411284961678469	-0.3055257066486415	-0.4536705636736089	0.05504289387336388	0.029353694116252334	0.09163045205157375	-0.09369570478011037	-0.5427828133186797	-0.487709957022548	-0.2343464240912245	-0.31370997004678425	0.26313451197892174	0.07122363845365487	0.15798130375200564	-0.34196798313959337	0.06902792545903805	-0.19275187237280014	0.3043745827463525	0.75041840380079	0.13475804876650097	-0.3495559814264383	-0.44171593376080853	0.11513325253377354	-0.11393252004492475	-0.005561416930889859	-0.3880897802787752	-0.31735726729007246	0.5534797758459667	0.07544512129495935	0.049460035862392324	-0.23394290849220994	0.14287343477334474	-0.05479841389509655	0.24245696531440034	0.06033873514758222	0.5143457852994013	-0.14673426971868808	-0.08366279170163175	-0.32912556203493876	-0.010157896807405071	-0.46263333689868186	0.33798581931390353	-0.06662177578521265	0.21092012926579579	-0.056491936543324565	0.22309072630513524	0.0728958443666963	0.11104930610453434	-0.22934430284623314	-0.41874339852995984	0.12047579880221726	0.3184367760100098	0.15178322775057465	0.14346748295666015	-0.10728641093422364
DTXSID6023529	-1.2803969070501888	-0.08376631402946125	1.0450704582668084	-2.0951183243874376	-1.3403124821430272	-0.0697747340395846	2.442330826233501	0.7812907254674242	1.8022218855725185	-1.7331289667898884	-0.4254629333394533	-0.23750412383927275	1.5844701613175123	-0.9266681068876342	-0.3531375570723674	-0.021557015767416296	-0.1887045433452238	0.9401553019257577	0.07100088326001812	-0.12465833867476842	-0.6057303368161383	-0.9098576685873843	-1.1379237262664794	-0.7305075104078662	0.02352330027171583	-0.0371916824628864	0.3920732725646447	-0.7871915590142827	-0.024298230625967542	-0.8620697152409161	-0.7681741719188732	0.6728962982795391	-1.1385909061128854	-0.16876060927387043	0.36019501356357986	0.8342638031798744	0.3842863858150283	1.1082305875779688	-1.5798871520162048	-0.3129209699836077	0.3339396677673325	0.6103004151597787	-0.24193703602819444	0.014688901868631678	-0.01690312413288572	0.49251425723200526	0.41588688486493597	0.4371783824551725	-0.836869028010922	0.7252873098608716	-0.16963954164570785	-0.8161813890862105	0.8308184162518494	-0.2879533464241639	1.1705477604931693	-0.345560079224747	-0.16396165290021353	-0.7577070419591814	-0.2048508960504679	0.06387646863012311	-0.498943239033603	-0.6427365680097867	-0.5348021319475741	0.21061505726169522	-0.25015644326294745	-0.5877909620088777	0.140190641624591	0.0515130680584493	-0.18575056697357367	-0.1346659601022881	-0.8057741557248922	-0.522067790754791	-0.15872665597852845	0.7887490852273491	-0.16009427166162082	0.4881087716478165	0.3713779196745967	-0.007668013537407528	0.1515304835250533	1.0886836908371043	-0.7335434075380567	0.33314196103523547	0.4041926822754544	0.44931662746057766	0.38691335155580836	0.3867019559199968	1.1318235777472474	0.42312292567744525	1.0171145772206698	-0.34715834159729647	0.00206500727335921	0.4247898818333365	-0.44058602157463617	-0.06118883228550384	-0.12740119275320985	0.33451288205255014	0.46806947421212847	-0.31326296305490314	-0.25317672065996444	0.5379134444781896
DTXSID6047945	1.7374811152892742	3.8465573017471555	-2.407340904449609	-3.591870714402704	8.330289511782999	0.5290207845079588	-0.7965018390432833	-0.5147142008839793	-0.5897363758540497	0.8267918149822974	-1.5714579237730877	1.5211312995897495	-2.131585252974657	-1.5286509222446534	-0.938258974964857	0.8852731598308523	0.7822185298672873	-0.09964096196719496	-0.6558433659333769	-0.3838163722529401	0.3908606145734163	-0.8343882590956027	0.4220015801467051	0.06546419130980312	0.20222582533822492	-0.6389174611126012	-0.3944864372817631	1.0657392616367791	0.6410735451252346	0.3593038844413721	0.6088175834673428	-0.20397690405772217	-0.7027979406908491	-0.40017537196708647	1.6753506404312684	0.9022041130560658	0.16262065406190737	-0.7319392813801326	-0.6806596885414077	-0.5383247763097617	0.6850704958433171	0.45553651391194	-0.20882529087408924	1.596629359903358	0.7278696837564604	-0.7376627161423156	1.2738566851756097	-0.14126003651079785	-0.02768390280898922	0.4257027728162367	0.5483370281257013	-0.11386881583491033	0.998524373179061	-0.7936364904352838	-0.055632538169017115	0.37863926928296665	0.03363418794131345	-0.7661679622761677	-0.41941870708591206	-0.44680570481765014	-0.6227443473160154	0.09808243313973614	-0.5324595301689032	0.10355011025796136	0.41713484493269565	-0.6780241646241659	-0.013228181791389109	0.48662880672593073	-0.7588213375886551	0.006999056974642531	0.9767273014102005	1.0136524944592582	-1.2363135676539023	-0.21240803718523366	0.058005612933437166	-1.2930937530016082	1.167375136866278	-1.6010771184271972	0.4068852694456137	-0.6087418718405779	-0.26453133071418744	0.6521867739878252	0.33071547036525445	-0.8627501890840582	0.2764662421931641	-0.9532528226042876	-0.31790763806415817	-1.1352200703733966	-0.15237019242046332	0.6384313854376413	0.09351514572240424	-0.2650032564453131	-0.3514763347298472	0.49930052229032185	-0.4471887621896767	0.04159952703824535	-1.0199278322994383	0.22616217912299721	0.3278964018667846	0.6708854549266787
DTXSID1023572	0.1389288749025041	-3.797703787577332	3.0038619864216765	5.049102051447611	1.4762627893979232	-1.1351483526579331	0.10222806073219835	-4.153271983051074	-0.46724963355930565	-3.470675605234858	1.2176057995730427	-1.9780259955059214	0.7661945029867251	2.810834197318524	-0.47851214185479707	0.5535999341483567	-0.09150364468231001	0.1106991178884109	2.4741901859395683	1.425400254273738	1.2407508454773202	0.20335811712157253	1.1142760721549658	0.10082325243676649	-0.518651304814848	-0.29456305619484074	-2.542252665231549	2.3974059272814383	1.4060663189225189	-1.6519816967787775	-0.5857659811045766	0.29976063028083383	-3.7269724641038433	3.3588743484551933	1.6927268072644341	0.37371309890103177	6.667814346679587	-1.7553486756017231	-2.6807578210692107	-1.1450726255293933	-0.04141210436391971	-1.3943777676303257	0.1813674664673348	3.7830806456107493	-1.3478554108258591	0.7765662575684011	-1.9267700374656915	1.826525283041402	0.9759319707030442	-0.6096089214080388	1.0984335737095265	1.110120748713812	-2.097347372103559	2.7943939393960675	4.046290266599212	-1.1510961642745587	0.3358769222186331	-1.1809628807850958	0.03456693956393721	1.48559506505006	-0.5038044336332668	1.4843810848292511	1.8083859506350606	-2.280367373216815	0.9813640110831697	-0.9083073220701215	-0.4018782086444548	-0.4249856760540174	-0.5520632145301133	1.196358951699375	0.02932601146634878	0.22201728956341707	-0.3945505560248661	1.0395484738614538	0.3419785882596741	0.28255603104267174	-1.9655122400356213	-0.37313861560039735	0.479683204155977	0.819767448093019	-0.3711439830032217	0.14898803707900343	0.10088564681466498	-0.1622984077521847	-0.722915797527715	0.8538300335358441	0.24064931440655293	-0.2720888774983481	-0.017678526541626067	-0.06217967756405853	0.02574768353321101	0.4444571986763334	0.05038843795582794	0.32448669803343194	-0.7198893524907355	-0.12937735271094225	0.4374477244653994	0.03910314382586353	0.1491889304977846	-0.08397016296268743
DTXSID6029331	-4.122740154086289	5.611665092409056	-1.5283753844498904	0.37065605352802106	-0.18324010258665333	0.5326434519227983	0.4336320831442986	-1.7357418632835104	0.7358156491174761	-0.8109373677484257	-0.375429014127108	0.4590944272540124	1.4675214242840788	0.7483861449590955	-0.41087979383358353	-0.2542477331654522	0.30870377488294726	1.2056491970880858	0.32664418046245447	-0.5431114108966554	-0.22848105031433927	0.14091944723223815	-0.8905387447330755	-0.5334579392620067	1.1251061904315278	0.6404307047930119	0.7191702029861217	1.009778894118004	-0.3960337443021227	1.0871854568061043	-0.08404274585223545	0.5638915522148912	0.46506179823966437	-0.22216162552383412	0.012057099795147012	-0.33830279871535385	-0.07913847620842535	0.015749159267882232	-0.3921149401740935	1.4266323871166358	-0.1203492458439426	0.0452592581435655	-0.13317179526716624	0.034704384017971164	-0.22343512255402084	-0.45721807001102116	0.616973807514263	-0.3245619030069352	-1.4445142576169534	-2.1392525789712824	-0.1271750150634122	-0.16187798395913264	0.35230704706784527	-0.170894100105632	0.1710695351529728	0.02921287431766742	0.5619628280953562	-0.25756110553152456	-0.07711671241416532	0.7976201005416375	0.4012601426906814	1.422314441764192	0.7804787238301139	0.13368473379784648	-0.2471897044909244	-0.33473075152397985	-0.587289852131903	-0.013713259429795165	0.25942724162044034	-0.22525426100118867	0.5593812828094282	-0.47367983537704866	-0.23219182511222533	-0.3497538562810993	0.8824664815549262	0.3177751539042017	-0.2565947235073732	-0.3174796210825035	0.5636848434887554	0.2614342295823057	0.7122770988089632	-0.321112525420766	0.16226046876058195	-0.24152894790400184	0.9242544998347442	0.048873884842921364	-0.4014647348214166	0.07372338126419956	0.3123967231163438	-0.12776706552294886	0.32470284867405486	0.4431937561013988	-0.19308871899111596	-0.11326188477382682	-0.2737279306059669	0.10470130757671972	0.08285462253791001	0.19089631589514539	-0.17214100646861769	-0.09529422726746443
DTXSID4044874	-1.619899747484503	1.9856810800857843	-2.755791342985912	-1.2337624005975345	3.1822615736404765	0.049396476222597796	0.2914032737248099	-0.8037662028235386	0.7491868999678413	-1.2160574003453193	0.4202772506724323	1.887625900730448	-1.4041899337793213	-0.33135760587582436	-1.7508140237252388	-0.10649987805873345	-1.6949980755082836	1.1957426952480592	-1.5728368219693074	0.44130025832295594	-0.5629430031402222	-1.1527852457256678	-0.4797362889804741	0.07765148300880458	-1.5381889644328206	0.12150206723812697	0.6847986951248363	0.11472763050163434	0.42721024415534703	-1.0021566555250583	0.5482312264978069	0.2590662938536206	-0.4767591397867069	0.4930117640656432	0.608323346141663	0.683612833631971	0.2985767970284773	0.43617964291492595	-0.3712135210825348	-0.4747844209085272	0.4261757151784912	0.6523716378574379	0.2305792983769992	-0.9987746586521765	0.700071988297877	0.18003533455671458	-0.21009804246301295	0.3128691914673685	0.32532211478442097	0.387190577168943	0.3143155510048271	0.08547230654206804	-0.8395269267594487	-0.983055595829133	0.08884095170824491	-1.3015615396379836	-0.2868388167732263	-1.2575339954184324	-1.9695826783012047	-0.5238139236926661	0.5583479576793934	0.14191074146516156	-0.685428957897815	-0.07540164329581164	-0.5440638941871451	0.6651795643458523	0.2363465921211398	0.5731541458782338	-0.22162593535174835	1.0270860509079063	-1.3027453599636614	0.3114761025612582	1.0643971003270616	-0.09161219349746914	0.1750958646730607	-1.0056886923579058	0.6316446299874359	0.21209162937494366	-0.8385492551825219	0.7022538830406275	0.38287434197517595	1.8853560682365365	0.8058807460020939	0.490734002820898	0.6058933293445121	-0.0770714551923508	-0.5172643634421579	-0.010496020268109462	0.2142649639853918	-1.1855281551735035	-1.6332457715865523	0.39610270242063683	0.7155571440873081	-0.8367681079129433	-0.682362135330075	0.8815822282682797	0.21557480704623586	0.977969918823414	-0.23363394666442458	0.49117538755540857
DTXSID5021128	-5.847651316459199	0.30817079579219286	-0.07859255973781439	-0.27428773436163356	-0.43157331741989596	0.3730110865180167	1.6107655290102216	0.25581505889689155	0.9729571805807533	-0.2540665191303851	-0.7623254049317911	0.4487742349250605	2.5694115608956127	0.19944975401118645	0.3402692565543305	-0.11647022126876727	0.24039052917558007	-1.1397175029013218	-0.2633599927482241	-0.4256348343497526	0.0780283725509843	-0.04672380690725624	-0.5227745647914449	0.4316175023864321	0.028624241849978877	0.14710664896453116	-0.6073249099658317	0.1935194685026657	-0.05637565614177886	-0.6555936729457766	0.22892945456076727	1.1196708602359282	-0.4415037025765693	0.6467114352447332	0.01282431467770413	0.10044874229244624	-0.014790197703417293	1.1840136906013818	-0.06662606569189941	-0.012807144303324204	-0.08070651084996351	0.6035837769935055	-0.506697969208019	-0.9452174732644758	0.12411457315760181	0.2036811171192938	-0.34396606093100235	0.9423668970842028	-0.7082671203225126	0.3507935214950873	0.7785881342937094	-0.6711402222197539	0.1755014217409293	0.18565056212664546	0.11451047582023746	-0.282596341739558	-0.32108680227565384	0.06554015719165202	0.3916948769312142	-0.2921776676821129	0.2100478980365722	-0.4975983754211332	0.15140879345747807	0.5124770197633968	0.29516114633885354	-0.051218822689884334	0.47198523064842773	-0.23269770810098167	-0.03834711730035395	-0.3237081357935432	-0.7769057985141997	0.2886119971391392	0.20806910000315812	-0.05165077356377412	0.6365466217482393	0.16503128502855932	0.6969799811359007	0.8443327767406457	-1.3117611399121665	-0.09077867779857166	-0.23998769230270187	-0.5421331001013922	0.2098794992611368	0.24254425246947095	0.14755479821857606	-0.260369632705699	0.25349628836995547	0.26793774353618727	0.5069337397665524	-0.19025868060519568	0.07665651695277702	-0.29433269817798896	-0.16406644276753993	-0.3233062528202797	-0.03117885614459123	-0.22920046262934599	-0.024507441253469844	-0.44409893911289966	0.18004275525120447	-0.3299798027330288
DTXSID5026122	-6.381553450020033	1.830297636274366	-3.0161825199393593	0.7944737217893149	3.767893200253483	1.0407890644524844	3.0565928409000827	1.2548776166602937	-0.47340621732634136	0.12386027514341813	-1.8370632513515597	1.6391027997031244	4.267692018266939	0.6183547733868808	0.5060222705476564	-1.863266965709233	1.0382264502817953	-3.5713366343493123	-0.6158165074583583	-2.3381356145986754	0.3523153724773337	-2.0255918538484425	1.0374484353836382	0.8892891166382528	-1.3637362079690623	-0.7320626215371484	2.062854684608577	-2.8156543251482926	-1.4840944512528478	-0.9729701397317059	-0.6328323893286061	1.6391962988515822	-0.3522783761548407	2.6020279798893644	0.7305090684483794	-3.566980051279495	-0.1391636854195796	-0.8412840300291492	1.2833257843865833	-0.7501766001164565	2.0247163461323345	1.2966466213851393	-0.3195040080622478	-1.2930408938946836	3.178322678174487	1.754575603427624	-1.306494001145989	2.67261974238605	-2.2705755872353803	-0.9466278617966678	2.247618171227857	-1.2434940146993183	0.10866941852282606	3.600212943297942	-1.4566782629666408	-0.5093317563926849	-0.5707951523929179	1.7772428912527587	0.12549688918959814	-1.6187107514781276	-0.6002603868688693	0.25873129621615126	-2.4584339646654403	-1.532595062619346	1.8492460955994006	0.8185540065568153	-2.390750068851892	1.7988106000406223	-2.8570471949701908	0.23348684845440484	-0.290886393502026	0.5093683026327652	-0.5383388117066531	-0.7203443735194304	-1.9350683227908663	1.0571236693068595	-0.09280262574160456	-0.5281656081904612	1.2519639295344736	0.9369592622468138	0.3294594775139377	2.6335653036207063	0.7668519729611762	0.7257440216281673	0.3983659970709407	0.3466025819241854	-0.3289767627173257	0.8213319099686246	-0.6239144804087923	-0.6370767652435857	0.3119829660407983	-0.3569334849363921	-0.001347136490650145	-1.084837392658084	0.03715659269792983	0.22211845970544253	0.9556613523443439	-0.5355233856210395	-0.8506037881617422	0.4501690327557317
DTXSID2046173	8.160897785246554	0.3390418684171533	0.3828774535081477	-3.1453286659455695	-2.817310646663137	7.3747021450261725	6.31817297400995	-0.5265229509442445	-3.9946294194584	-0.34736015129512177	-1.262831755830952	-5.4369745543464845	0.2775958861208528	-0.7265298969578544	-1.2331173438571965	5.7819478462304845	-3.7368425074458433	-3.534997574656644	-1.827876939694087	0.39586455134333115	-5.941051982151813	0.33135852576285507	0.9219387375932614	1.5110320807254083	-1.5610145175740913	-1.9790959399647878	-0.2640427517056668	2.272424745146264	-3.494252465014081	-1.8339325428827464	0.35935962258154674	3.058399315649847	0.5454964089754624	-1.1021007062664958	-2.402191968946538	1.1427548686319235	1.575148736715054	0.5874181714700807	-0.3576332709976375	-0.03446204693315436	-0.502205168141087	0.5896822152040787	-0.028941825504381652	0.6483467542013258	0.9233715001956894	1.1794402311104983	0.6230546153237965	-0.5572649662703613	1.829059817056556	-0.7625696543053084	-2.797597814199379	-0.0454334650521039	-0.019688395797348185	0.34198019675386965	-1.6119809020751685	-0.7690122220213526	-2.3274709584122006	0.7978118413277647	-1.6969808241831899	0.9176655567008561	2.7945984798475894	1.0550074514352428	0.5791521196935919	4.239987362193694	1.0278284799657893	-0.21224293792856683	-0.5454567406022202	-1.1498645644108392	-1.0233864862296091	-1.1439122616783075	0.9572762727893612	0.42866216843567323	-0.5386865678557483	2.2521631919632608	0.052777961153302334	1.2502865842472093	-1.8708085624156328	-1.3746589900768063	0.3941553734694681	0.3772116235865027	1.1672136975952587	-1.413355222789896	1.1262406541593506	0.0688691397469094	-0.8752556225974222	1.6803479502993695	-0.7370162111123943	0.1570232935907994	-0.12818255161245312	-0.2929152160012143	-0.4770415476372574	-0.9204655449402463	-0.6012786676212787	0.19347678167605045	-0.07446678251030898	-0.5295807696644834	0.6389753354653672	0.4166287146902676	-0.3898116911298237	-0.17340187771406015
DTXSID1029122	-1.718669688258489	-2.1326166852993107	1.5193710446986621	0.08821669804477636	0.03783180356608423	1.8019626040000776	-0.26042829657123867	-4.017249479858538	0.4672339810697421	0.023274846639809416	1.782642412047984	1.1051817846460388	2.600416433510713	0.7924119160766241	-1.5413808351740421	0.2475226154031673	0.17705843651340006	1.5999638603919615	-0.7888045437107445	2.0176671834050235	0.169950145127442	1.0599830826076404	1.4959045769305013	-0.2334710899938562	0.7827495366897101	-0.17719575297528095	-1.4275648784154473	1.3797094337091034	0.919930230932659	-0.9752437779357188	-0.4203764509278743	0.07559111638151264	-0.032350889819797335	2.073553793429946	0.7186098976935937	-0.6694024639394511	1.165002658818674	-0.16543790748432055	0.4924099412070232	-1.2313987866861664	0.3473815545643655	0.3516426502401516	-0.4693874164939354	-0.9137754185909763	0.722977599438793	0.08561379458257337	0.42741604136498806	0.31442183882003355	-0.36943266353874066	1.5486930477551297	-0.2678167477474141	1.577473613598419	0.28751712731697315	-1.152773602850394	-0.6327965574370122	0.8199403655518064	-0.5384022853184485	2.213166441040956	-0.6420777409164193	0.07745524652089952	0.6020092332006054	-0.2720297130906008	-1.222761690663111	0.7956365172633207	-1.634310809632481	-0.5662623609555455	-0.3687617407920342	-0.26568865836619077	0.5974446407145566	-0.011233316834806276	-0.6461136941982119	0.984172752198921	0.5802801367468646	0.11290363407833917	-0.9930968022366757	-0.9863666005066409	-0.021056995106722844	-0.5707741603120253	0.974085128628025	0.14017446488933613	-0.34479405216546805	0.40015593534763993	0.751757774449206	0.04539789368020921	-0.34840955884047103	0.228597185714844	0.07408594589393162	0.024397434557192964	0.4732939408240644	0.34551924267576967	0.8427013069275676	-0.33885569399180976	-0.47646605305197354	-0.25883183602629894	-0.21677552865792016	-0.1750918998069888	-0.08782671552525773	0.27934404095318593	-0.13493726146978202	0.10905987106876058
DTXSID5051525	-2.9947030114354667	2.286617501443564	-2.988977835788162	-1.9912245646584088	1.455703131329269	-1.2834061375244157	-0.5605798780529707	-0.3842915773382673	-1.003172326976983	0.9932784697857292	-0.6252908312431512	0.1289024831082266	-0.49961045079537664	0.14715440636599375	-2.2228117247064767	-0.5787046310476583	-1.606805846801785	0.5723957765589155	-0.4356209920586021	-0.10105131052678805	0.09281099412198782	-0.9465263075318319	0.08545508905332277	-0.3581892248513448	-2.301159836807487	0.814302924780618	2.2758737926227615	0.013400945461120419	0.39462087201601775	0.17722940397178719	-0.4325994540198788	0.5964197850467212	0.20826032518893167	-0.04956116269444037	1.0987678028227983	0.11222905078914579	-1.2677448854076896	-0.4688569462132712	1.0932664376168815	-1.2348323606078377	0.9030690017097093	0.493334896342842	0.1839699112735196	-0.4517051946496556	0.7741357182768341	0.48474541210134126	0.6177157086016176	1.8116646229395976	1.1984015134552113	-0.31304129648701595	-0.6474163072984959	1.8664691855067876	1.1665117380009506	-0.36401814147893075	-0.07731223631328978	-2.263960660639162	1.8137678718071861	-1.4630884111297737	-0.44507989114233604	-0.9048604574951327	-0.1807602536347744	0.12100656248174858	-0.6811149872452	-0.3781054353374126	-0.41100813442808154	1.1529300246495613	-0.2953623451231161	-0.9828312233908356	-0.239311807290012	1.2894047438905718	0.020414823295461994	-1.391953784974292	-0.22575313293988783	1.462015039601428	1.6961923336527929	1.6770718308572246	1.1537993771443178	1.5998722399698133	-1.1150302396547749	-0.4919298152182104	1.9881700778001516	0.7482868559779366	-1.9951616131021597	-0.22434599673960953	-0.8119525347427425	0.5903765734208312	0.31189970549961693	-1.6538332601397463	-2.035443841631717	-1.547592687374296	-0.016943762440218207	0.4996047294938995	-2.2628834689154442	2.986956049215692	-0.4420660269589226	1.3216390136999334	-1.0826903702905202	1.4750356140804597	-1.6249375024752515	-0.21497097544182928
DTXSID2026448	-4.7319810129842415	3.2071257569458447	-2.781181142064394	4.553380624723801	1.5581002033930693	-1.9068001139632043	-0.1278578760947183	1.419123930740993	-0.9969113841630157	-0.008062780854304332	-1.7448026327841348	2.321893439883074	1.6747479722071812	-0.13426851866713105	-2.3171155828756915	1.2434507648666029	1.4974590941529025	-0.09182508377240922	-1.451071935486068	-2.0549383007393374	-1.1912564973467226	1.7285716799196118	1.5870797640719816	0.9507929361521412	-1.1286513780868828	0.8435631161200655	-2.1343286656317564	-1.2475236361836741	-0.3719485737952863	-0.6958565611004678	1.4610398622417677	-0.4463635070532084	-0.0177247524294153	0.1262637063741022	0.9758925862399775	0.36186379262925544	-0.33418994759383036	0.927431713496326	-0.38501124188777514	-1.9823949514720323	1.0916343446503698	-0.47672678270803337	-0.36658819188511543	-0.7661121154068564	0.8924904866549104	1.0241591326477184	-1.7938470552598622	1.358092475447164	1.6106395599695686	0.1985476313916228	-0.9225144611289193	-1.0902982553921756	-1.0580957132000275	-1.1439359030809255	-0.8756232070089904	-1.627504041640383	-1.3206033629156206	0.4568202470461809	0.4790172024494897	1.1797825666674118	-0.5518398773348091	-1.1271283741657718	0.4296150365431188	-0.9517264647215412	1.5019988753682982	1.4201529457457431	1.5152003476718279	-0.4082565161237056	1.4693775124705406	1.1988020223154492	-1.1999296882323023	-1.3289652640866032	1.0096788575232856	-0.12482780496233113	-1.2118206481200824	0.9543142674079793	1.02645369535428	-1.9315875304018322	-1.1286073109783288	-0.6400650533241995	-1.2956766766663341	-0.7939531467715415	0.8559376183003716	0.18323779547082175	-0.27301471845733255	-0.9621040107436235	-1.210098197944139	0.08982545613073008	0.2508848955727487	0.3387273318192653	1.3296757544273299	1.6304557287018155	1.2195371845771403	-0.20204128779759747	-0.29930841927415086	1.2255787981094302	-0.7541887934567387	-0.12419163907308862	-0.09474821268569382	0.7825912163344142
DTXSID4027577	-4.675079087883343	1.8474822871497503	-3.2500116682920908	6.3894321437129955	1.7678704333576738	-1.9290625438826101	-0.2706502914860786	-0.0480641281472891	-0.7169939826982701	-3.1726650362665065	-3.050999460815574	-0.2736209557852731	2.000500967301041	4.26920442887674	-1.607005066393075	-0.8135483493278727	-0.030713273561239453	-0.969321322327721	1.7255041591293796	-0.9418454865728756	-0.2482104038561641	1.096476290377879	1.7928874033347852	-0.20834361150184175	-1.602910350207476	0.5760735581729505	-1.9730495005419941	-0.9554423556857023	-0.48825924642046964	-1.1147101566282955	1.4571366777428478	-0.5265758822219608	-0.6615783263489956	-0.26664600413956885	0.1525939066895626	0.7830445479086826	-0.2321674608879871	1.6107287646979171	-0.4241512790722638	-1.06856640298831	0.7535812050337288	0.3077375167323886	-0.5025210338504663	-1.067198831635296	0.6919634077627786	0.43399652525147503	-1.6368546774517119	0.2494682441842879	1.1286980220284843	-0.00550644630284165	-1.3360071508535851	-0.6277666007324623	-0.660443193815671	-1.0897530901098575	-0.981636405257565	-0.7663439077912706	-0.6703674952408658	0.4276951680177378	-0.4312178768326075	1.1393155204096812	-0.48448489471931644	-1.3606168427747147	0.6614939667263839	-0.17757196715473045	0.8687082126421735	0.9198214827718132	0.6107542908268125	-0.12410848318195498	1.8278940437575606	0.7921039785528022	-0.6808637787322745	-0.8079956884859109	0.6223883108122954	-0.3139468010332909	-0.41967447039553196	0.464447500309659	0.8363621101125104	-0.900133391278482	-0.7241869852126858	-0.5153380847118273	-0.7899685892753795	-0.7877394317646856	0.7519657562933385	0.0797856800725109	-0.4034497908861597	-0.13437143087708803	-0.5941423022175213	-0.20663537436043386	-0.2304972600277244	0.5584928914382086	0.7832230386348816	0.8637334463957346	0.7535617867471609	-0.0497952471555971	-0.38986087498932537	0.8596469999951513	-0.38681748922363407	0.15938531019134364	-0.2131897785920466	0.4400579340448732
DTXSID3047423	-2.173904874038824	-1.2336648909792862	-3.4047610307750715	3.135085028489645	-1.9116690856992022	0.09120787433225516	-0.06600166796090969	-1.7828604602760982	7.028234252104983	2.967599578092999	-3.096515237939689	-3.382355489754946	-0.834398494867766	0.42854664949616844	2.301878974328185	-0.10855508268608074	1.3765578855783496	0.7126728476555377	-1.0180788253411865	1.8832950298435827	-0.611211503075824	0.39400688491883235	-0.7770278699990846	0.1971100538522203	0.5871803420945965	1.0328038935644392	-0.48623091358544174	-0.34403018523495743	-0.5716277991288023	-0.658864123930739	0.6272253802838998	0.06569058524046319	-0.1623496212474059	0.4278001728313536	-0.4952446157661987	0.04389200937618363	0.8890797212852027	-0.19347051487490718	0.6940876939520629	-0.6615417180318437	-0.16393696216775197	0.4208028446009904	-0.09353662268572271	-0.34792906988943734	-0.19293813918197047	-0.07908054318672708	0.7049628007427589	-0.26053290609062374	-0.527529423026122	0.14413784218128628	0.11092149591080971	0.8459069087074426	-1.3854621240291602	0.024204935877094675	-0.45832788287115145	0.6318230628413424	-0.9278066482785396	-0.7082438787060223	-0.17558812203766924	0.3152840622729155	0.5315423048110324	0.441953274769815	-0.20784846758728612	-0.6407256869888339	-0.47454405225075974	-0.39042549841111973	-0.7358074328177558	-0.5272560894321803	0.315864387664429	0.1892681445482365	-0.260200942689549	-0.07282966294252398	0.4178009486470383	0.1481359411130906	-0.4708273599115483	0.11632112348406463	-0.4331614909998456	0.05777917079121784	-0.35677649437287573	-0.283754992590546	0.4505708703644834	-0.35061279807268814	-0.04512612663866421	0.09097058571792713	0.09681924625784538	0.5174409722526592	0.28735915702076054	-0.3159435515996246	-0.08020283333361847	0.21470686767568248	0.6430650440864382	0.6131819739967782	-0.38429621422418925	0.04809656488262356	-0.4055444571808488	-0.35207555891468595	0.16881390962943402	0.007071126025633421	0.10137475314589386	0.05290658366072782
DTXSID0047086	-5.678245764685445	4.341445478293135	-2.298468705958372	-0.32475756911119436	2.6734992076583732	0.83070875695897	0.9850333430546633	-2.682252582949216	0.8724958761039966	-1.2725119604178923	-1.0097462192961282	1.0163649541333468	0.899363599244285	0.3415640916692801	0.871103917071688	0.6903908932123558	0.026138036361319318	1.7027397055316331	1.4177113426386119	0.4428303886317356	0.2867627781146216	0.8894200169505921	-2.2947486980652276	-0.5658738736663711	2.0414712581888277	-0.38263993669106783	-0.4830767001415228	1.6072407663778456	-0.8937080373290672	3.494723114291062	2.260100473115727	2.5864044490632354	2.0801798320382017	-3.167618115201437	0.2500314419985283	-2.5770984413338134	0.442196924849817	-3.7469856991078903	-4.1022825562309855	-1.771664526695932	-2.053422422650546	3.37374034778881	1.8286235684097263	-2.5953427408513123	-2.2207542723326674	2.9578956034086854	-3.336170111695184	-1.5828060984561791	1.700344001886826	1.8617965512684076	-1.01676877637182	1.7724431607826503	0.20975467210982832	2.268384838799023	-0.8789166586623659	1.1449912528177115	0.5968000451511261	-0.91856484320918	0.0552571670915585	-1.250896717257916	-1.4204340374316269	0.5032124422768406	0.4280011929795857	0.3918766810573871	-0.11424278862886546	0.17228179543012456	0.22080116923963686	0.2888267466004658	-0.3122106988155596	-0.6874408798052025	-0.10802319289876929	0.1394153769353425	-0.2647756809940788	-0.0364094706966844	-0.21661936257263048	-0.04739946435462168	0.4693336405153849	-0.04540082805318507	-0.3754992200242048	0.005882212466348086	-0.005151085727844705	-0.07376620315133087	0.0446353453649334	0.09238173383250307	-0.33111399459480656	0.17135184908962864	0.021794214419938684	0.04397468539631253	0.2559315611863447	0.21338194886409623	-0.017230967356789802	-0.20701348051640017	-0.1599913080089228	-0.21766491978206196	0.28966216647324156	-0.05588444502606122	-0.19019364919222995	0.019398452218402484	-0.22138711437192843	0.03614477692706914
DTXSID5046273	2.5305831098813107	0.16876062555490307	-2.1177470685714956	0.601166169335226	-2.0408448167654334	4.524557148749238	-0.5032289573990613	-0.5141438403590525	-1.957744189823952	-4.696293521384001	-1.413512722719795	-1.6508623406126481	-3.894792642600619	-5.927383665147596	-1.1581220151260647	-4.5195856545021735	-1.66222935647053	4.371749385728368	1.362722588006832	-1.2977362521517466	2.361384759432443	6.309991805424793	2.7475931459639713	-0.21000806228950344	2.2208826411249016	-1.2378257115100433	-0.05813128875091927	-2.0250665852009115	-1.2894078822547819	-0.7181929642394584	1.5722550303025526	3.442152195122772	-1.9500941359889392	1.0892024418973498	1.066879137627465	1.0093244982108631	-0.033114588247746546	-0.6267092185508887	1.3212207289098004	0.20063037940109535	0.596765768930239	-0.052458305615520555	-0.3360687940055037	-0.7955165329240739	-0.09381639306583438	-2.1941075698977306	-0.8723499928134159	-0.04667521672564848	-2.8887388449584024	0.7450854358822174	1.9757432283993956	-0.386369449220775	-1.8647845524730868	0.921012633862427	0.48123606067145164	-0.3331657801012913	1.6193738567498834	0.1539105641586416	-3.3515587118851613	-1.7188662505239292	1.2199732685447044	2.9302603069286164	0.33702975980468747	1.3365292132698643	0.10516427788106293	-0.37305161615066945	1.1146050966724743	-1.2413761276357407	2.720450955076607	0.5775747415790156	-0.9996254673982068	-3.00641712594888	-6.161121578104012	3.4371223587477875	-3.2762270598369425	-1.5179451731897537	2.01844434708327	2.3274944637098356	2.3102594502052787	0.26188206213848736	-0.11080837342375316	-0.0357989174570924	0.42497885676163416	3.5619887502303667	-3.3944752135461496	-4.026904843812049	-0.13190318227663306	-1.372810034067754	0.18998706727657755	-0.7713206643954048	0.9970336753869412	-1.1389045255408285	0.028316450202393303	-0.5206558692868094	1.5532878201230704	0.2816153037985342	-0.9637223560483251	-1.4228623084750072	-0.04497106229225911	-0.21527001821195807
DTXSID1020930	-3.394288034384572	2.7192851731631156	-1.7751412140983955	-2.1605871570051867	-2.5318659255860227	-0.3554013080150968	5.608070564194748	1.8285955571817485	-0.15269739127672646	-0.5122213231967006	-1.7707456126004142	-1.5584957976316174	1.516104923666907	0.3874847517522034	-0.1211083805545627	1.499614790795088	-0.9456729636667947	-2.3714492485282537	1.7929771991361483	-0.1952955899123945	-1.787417495183272	1.1086937219685475	-1.2865418841555458	-0.5353341856621141	2.2414727976620745	1.7189213536439236	1.0359553947461249	0.3931504731672723	-1.8427961054963116	-0.689018549976533	-0.5721746477324321	2.135092641471286	0.12470096143855677	-1.6780374814132053	-1.127892903964513	0.5293224575133351	0.24840263349458883	0.8384841707986372	-0.6053809388645649	1.1194633998433456	0.02215021743977092	-0.5008297584553315	-2.3938242093477338	2.793452532925351	0.3378043435460295	1.3768627340862811	-0.4748336625873262	1.8299862864928724	1.0471965194099424	-0.0068613272342895925	0.8070593769446145	0.5360304019712797	-0.271120695133849	-1.9330026935752604	-0.1580612670297914	1.9741591393621853	1.1424184825955925	1.7312435666231512	-0.8166224137756629	0.864194839861568	-2.3997678528665127	1.5516414300347792	-0.5030488582391663	-1.0316559324246217	-0.564924483252286	1.3277357356938415	-0.9851523963583797	-0.14152639829077923	1.5326096209989553	1.4597552791275705	-0.374545802904528	2.885084130028123	0.24843049876158343	0.16050537412601462	-0.3147625679335171	-0.9612246048106088	-0.7080136004892971	0.8295250514038115	-0.2683816487713603	-0.3993535221115784	0.1695721750147592	-0.36277456346768444	0.48891377342629844	0.11333469264377503	-1.0267902613997026	0.9362514316978855	-0.5670025526177962	1.1160834333869727	0.73361843260626	-1.0163222826417395	0.30423628465228525	-0.6772739547860872	0.14353808532962317	-0.12062215315731045	-0.32929498832977727	0.6105208093155419	0.12442579462555817	-1.2313830195145294	-0.09151520185493921	0.39998793085816337
DTXSID5059828	3.9716663347297025	-10.255881286043746	-10.12672950379421	1.309369606532556	-3.1680880781214418	-1.4070455324993698	-11.240771294921398	-11.407847852747313	-2.53959228398276	-4.160685197921291	-11.290623295747613	17.879054961037657	-4.928756377613983	-4.239529875728417	2.8657408113140557	-4.940501242480729	-2.678446149477305	-8.138966236773411	-0.3085459352813509	5.184213131902707	-4.349302523188473	-1.3850267794591795	-4.919339056905104	2.592238739028586	-2.0764646682044128	7.864796462680323	2.7444048995830825	3.4672545022295513	-5.86054970943404	-2.7059103573802226	0.18692516752210353	-1.086390849326485	-3.8481864802666155	1.7929880788336559	-2.1292324635990383	1.1455807139462453	2.8936489486766885	1.1378419223592973	-2.0734579805799247	3.23267511888035	-3.9182391963887997	2.851545490998219	0.3714523502999145	-0.7132114554283193	0.23125821107977607	0.723534374186752	-0.9321887754753083	0.9654363914011284	1.0028792162153883	-1.56666156304175	-3.3962368132824863	-0.9145254301517232	3.4884446771000213	0.8788406330270531	2.244488648519073	-1.4469382856848332	-1.2172173565302375	3.441730925781544	-1.3435162996344256	0.20918109976986768	-0.05217569256536384	-1.0308836870438842	-2.061509161685111	1.4869255287225016	-0.8407070181258366	0.6471542457334158	-2.1506683949816807	1.5958834682385037	-1.7669127157778162	2.1121394355399907	-1.1484418710335624	0.2938188084006951	-4.019936659125988	-2.164081094541111	-1.7004290995626197	-2.643304951105889	1.510207973514135	1.2469202516359106	1.3562852151557259	-0.2533261347638747	3.1023538643088373	0.9966950603925316	0.9706119952180976	-1.8351232015689871	3.3317766071758084	-2.8026073937958027	-2.9718103965537543	3.7009396210710763	-0.14145805104992507	-0.11181685990184546	-2.760186173142551	5.250245319008843	2.282674370156547	1.494928219525629	-6.884935570019413	-0.1402579221618827	-3.444632271116381	-3.2977093842688134	3.6013055199161164	-2.4525064441589586
DTXSID0046276	2.9220414851337426	-2.5074038640501053	-1.8827974074741873	-0.9942653265572708	-1.0538461514786344	-0.4440855779788721	1.2352734709181565	2.9698226858449686	1.5492501037100674	-3.4524165673871545	-0.3598154288554164	-0.5570637535581231	-3.4041481119446177	-4.507483766434844	-1.9049652779863113	-4.549075906298133	-0.3521834451053332	2.815760989797899	0.518102416270796	-1.2870624863244426	2.268540130740082	4.9218961507488945	3.183622921830708	-1.952241996568094	2.566469612139091	-0.7977700207089439	0.8418962203138028	-2.231456854298438	-2.130369838047008	-1.1012507701459466	2.951146688432627	3.3537567973005236	-2.4355234675101793	-0.36655789727005894	0.7687293807326643	0.35623993671300513	1.5084251332776357	-1.3839592424791678	1.49738345118147	0.5603436045003116	-0.41398838305339347	1.127946493146353	0.3083423527543731	0.08818313481088708	-0.5002272692281903	-1.9993125677858514	-0.10170182544104672	-0.5644148315752584	-2.2429869118627868	-0.7294394238616139	0.7222909120549449	-1.2473833055504064	-0.6173588060182394	0.6885638918610701	0.8295260664948683	-0.6102910007376218	0.8991511334701098	1.0702114934736877	-2.4073361910325843	-0.8057320347042946	1.632642527061153	3.249264789774792	0.8630903358261752	2.0905135521927933	1.5946976532845942	-0.3017292096555175	-0.06581828485829046	-1.8176969456304093	2.8404833040300743	0.12923845010101145	-1.2538737276246104	-2.4483930871816066	-4.42556249939424	5.499063130121963	-3.0624134535564647	-1.3219711667380016	2.6907972368383963	3.6249341953998457	1.7526970695007664	-0.7227289286040764	-0.3141032632772851	0.0015326914624033973	-0.02929645213667123	3.5482807955016624	-4.461098484018778	-3.184757237132522	-0.1671495879842325	-1.4257258083185291	0.0020668047211356787	-0.3904405910008263	1.1166195158392707	-1.4688514974151157	-0.5798670066144697	-1.4206966240817678	0.4118698341288197	-0.18171409717244724	-0.6368836219433615	-2.622693433461102	-0.10999380968157892	-0.6366458406281542
DTXSID6049278	-5.507136373766095	-0.666766986406968	-2.3390377149669526	2.1512137037035997	-3.3291282497453305	-0.08966654014202484	-0.2697618488900171	-1.5364195401119463	5.92571391167326	2.5847639470981463	-4.400838341268468	-3.046040057555403	-0.8062176690136459	-0.1900133311150052	2.0980435454263926	0.1395023751903578	1.0710739984960398	0.5498784063183082	-0.28376423283628366	1.9606681831156176	-0.35434215058844964	0.9375719305702181	-0.3006584256651135	0.7637952699920608	-0.798188286737881	1.5078830656861828	-0.05622903770390161	-0.21678643936519348	-0.12132852943565442	0.14532710008721286	0.18996610299123756	0.558827149087393	-0.30765168403100496	0.6280434600163771	0.013533436622862088	-0.033803617804595835	0.15527662143728663	0.20925912844953784	0.0014760216796633847	-0.6563261437526817	0.25062622514571453	-0.19617077059990998	-0.12260862308290271	-0.33981017905733335	0.5247578718949242	0.2426328833304656	0.14819319035174544	0.28829374010935366	-0.10914236959481752	-0.12128664955853535	-0.4148928333975503	-0.07763375473028417	-0.30893108740848435	0.4194482653512667	-0.32826941508355756	-0.12108147560035334	1.0084865416000501	-0.30573634025442414	0.024123853873488976	0.08892102968043622	0.6263371069310149	-0.8596626446348549	-0.450584712450761	-0.09601891334855457	0.215700058582253	-0.04997112362985632	-0.9194991683301262	-0.532539746836349	0.7223095407583223	-0.65739630100424	0.33757120807892693	-0.44075494023429945	-0.5941421121062981	0.24184937942680831	0.43201038762042676	0.5318941858880055	0.18494798182291633	-0.18532487318131818	0.053113619363986654	0.22540695042191378	-0.14723410473232337	0.40327644579940497	0.007852801000071869	-0.3598996788296022	0.03828231038168736	-0.3190094203230488	0.08228914699592413	0.16585354770140273	-0.14040849911371972	-0.309227916276644	-0.15804561499337313	0.05779737387832305	0.4293916563403453	0.3359267908967152	0.011974363663806071	0.17994781087877423	0.2736416293064181	0.3703268902643163	-0.23517385742523708	0.2830771452543652
DTXSID5045091	10.311676261340276	-2.8494150922463506	3.60380481405957	-5.768879364482908	3.531723167067971	1.179968165474731	4.349698446381681	1.016068008109534	-2.192011060794244	6.34133599132683	-4.50238411690226	1.7834015331992379	2.3445585173236427	0.12555814479617522	1.4299971475262496	-1.3498101222497758	-2.779075903313617	1.3949850191931683	0.3959394563234183	1.2338961417165246	0.3189227132603406	-1.793656768034294	-2.5978589796896885	1.2925883717748303	-0.2569901185195415	0.4109051633538219	-0.0950292105385272	-1.4891192985229291	0.5944450252026465	0.6222302134684676	1.9020779053487997	1.6161626507245286	-0.8405217430199631	0.6009335597447832	0.5750125233295181	0.0784905918004081	0.18364471925199982	0.24274922115909275	0.2785026997827061	0.8248369024129983	-1.0499865979147496	-0.7429802899266069	-0.014883748495646986	0.36563716442174526	-0.007347070065236501	-0.012721226409523155	1.626540228950033	-0.07939599981324864	-1.0700960638061887	0.5406790594685948	0.4162584846075396	-0.6959519590342426	-0.7150213349403799	-0.19484695309865976	-0.14462691462766347	0.49056792226225626	-0.32378426006943256	-1.549316369466974	-0.02848178868166606	-1.4808451310845703	0.15830437511581485	0.36215100963217245	0.18229917981732427	-0.33951253726491065	0.2888537069529897	-4.188135189383882	0.6661454047398541	-2.493674731104608	-0.24547795787464471	-1.2783706559122057	-0.38480701657680555	-1.9712541668014814	0.1154757173951134	1.768019567723967	0.44370075579344037	0.07757592684026587	-0.5355734174962118	1.766591690082568	-1.773585875268615	-1.1592676807379414	2.52439893947231	-2.4692138061893876	1.6241320553089165	-4.637560454233728	-2.017929978984407	1.9788398124734194	0.6433876577479962	-0.8929998919297732	0.8111857866645675	-0.4976488583941781	1.593199839958093	-1.4907497274810462	1.076600529901985	0.31376271482051876	0.16392636423212725	2.587491906499447	-1.53662075648293	0.32205109645996793	0.9174018517283027	2.346706395270712
DTXSID1032305	-9.37336955528918	1.9380056216011845	-3.1172552794578086	-0.37257577801481995	-0.8714368978099689	-1.0089817454672811	-0.6307292187403475	-0.8249213160947384	-1.091762338744398	1.6351697984974116	-0.5383620467457861	0.3606331803636316	1.0221708838934804	1.2930381621978924	0.4495726935037736	-0.6694493816129711	0.037200790079802544	-0.35306829283678404	1.229666697092449	0.0028004704543614163	0.0015196135251294752	0.2902878830003104	-0.9898348197430087	0.4953237862153288	0.4331297589759723	0.49804892990053873	-0.3556984518979829	-0.5526313833426326	-0.43371606572610727	0.6130111983098616	1.4504300977990012	0.6022224567024852	-0.007004742855979317	0.15670781314068838	-0.5050590346917874	0.2519427162495494	0.48202309134199817	0.25617118696321617	0.11220668879758249	-0.03200095815377541	-0.2969827189528105	0.4467432093362843	-0.25881316048622777	0.09799770795764198	-0.02059863733981215	-0.099709436300465	0.417848571733888	0.008071164360462433	-0.5130541112559067	-0.6946944251520804	0.3456165946063844	-0.4937021154673661	-0.236972283092499	0.044070221314614924	-0.3240461861002291	-0.040362082471292395	-0.7697791552087652	-0.29964052509021105	0.15125068853954263	0.2946828919673037	0.8668087076756396	-0.10064312334626258	-0.06290449118290764	-0.22794584240803353	0.22072329666836626	-0.5833037969218394	-0.2525492758551296	0.2542188024354776	0.18146925539650607	0.4523518179117385	-0.08608620115859285	-0.22129851993104582	0.5562690918808522	0.15205991620759127	-0.2987348502577203	0.08530904344548217	-0.20315943928143568	0.3366106134964188	-0.037370539626183044	-0.19472696066067774	-0.19337117635031234	-0.4362398691389695	-0.12426800529936026	0.04198372075399722	-0.2968891824140011	-0.3934772894044813	0.1347784563284269	0.19421258211729384	0.23736856918082033	0.22850238488744512	0.22347173165825318	0.036386100311357555	-0.07281298113249694	0.12563197027306203	0.07248298602141791	-0.3351549994550211	0.11585617858905511	0.08140704302731942	0.4084686823802275	0.3169371389760652
DTXSID8046242	-0.8830963443561443	-1.3013758614021278	2.8226771053722866	2.184802955678161	-0.31057975454901765	0.00881518959359498	0.8894999850157682	-1.4992810612137244	0.8502208736552102	0.10455921149382391	2.335776462423367	-0.003306373004481345	0.5644846700404933	0.07223739680279198	0.006745133036866941	0.164663516481789	1.3831604211811643	0.06546834251999427	-0.36787308484343484	-1.0272496809770755	-0.23708085582128177	-0.2700940786961728	0.24474706817831546	0.046921271559892876	0.47311119773158233	0.8259205770326818	0.7592116604929883	0.5664961690087624	0.16947653901271098	-0.1784852228956824	0.4984774580304604	0.38701805520233384	0.17774366804841654	0.1863658840977068	0.33419625594317803	0.3647433890681807	-0.5362690639837429	-0.12737293781769213	-0.7923012277669151	1.0120339812572263	0.20408299623205203	0.1470135340645838	-0.2283303787926272	0.8986893520325792	0.2701433145754128	0.06903843392269662	0.5244314831853412	-1.1727552776617043	-0.8097724511026311	-0.7157426328957778	-0.3641333229267844	0.2527604587251577	-0.04103788380120895	0.044527633675003536	-0.2891967448351973	-0.18706345453324744	0.399964043621611	0.718500570407644	0.24158887621467276	-0.39587501047834844	-0.09214680574998765	0.1905260192771192	0.2994751226571291	0.8478423890494555	-0.21010038097406786	0.0030776661232886048	0.43226207440730746	0.20559213910386553	-0.17003379942943572	-0.8597582554621223	0.4522172834199083	0.42024384797848685	-0.07806228709207977	0.2742800346549695	-0.9289083047686447	-0.28545935283764723	-0.3259587417599001	-0.6141747240577555	-0.8098215998273367	0.010972680806907187	0.09851000724950594	-0.4864915478188648	-0.05217150292406457	-0.22372762775321606	-0.7107855600019595	-0.3236019250491344	0.9372939216560754	-0.13682147355520224	-0.07100922099385402	0.26791993565404393	-0.028607309291061304	-0.003401337486074697	0.4318944542325748	-0.08040969798452208	0.12576483927636603	0.26076042705301744	-0.4947328179602383	-0.30803760376180217	-0.060585976501546276	-0.037205647302555
DTXSID1032309	1.473422227948421	-1.9394711622767908	-2.9790383837637076	-1.656461297407934	1.7582657974335891	-0.5754740583165773	-0.596908189357004	-1.9545084235316181	0.8359129610670025	1.5266997650198895	3.2275637402278172	0.29278776340068874	-0.1603396555669664	2.1730167651077235	-0.23628589625689428	-0.05249463955084225	1.4850057882294885	0.31519349267127894	0.7686255229802139	0.030025651702735193	-0.15948688866526511	1.4892617806422328	0.303358619435465	0.17725640173366392	0.7976285611855951	0.5577921730753339	0.2916476720821881	0.08219621622337081	-0.5201013126594357	0.8112179193279787	0.2194610682593522	-0.357764589240309	1.2894436054092404	1.0384430302327872	-0.13550367756416798	-0.27369910800943015	-0.22684194707546093	-0.16241527043000228	0.8825749633906991	-0.3608796525521607	0.7096558938764358	-0.42469178915922545	0.03848114829411374	-0.6223997986043521	0.691325989042558	-0.15843159666966677	-0.43659288238186844	-0.173380126445428	0.6923786704242286	-1.0215755852060076	-0.16324209714301266	0.34178419822714456	-0.028769972476203817	-0.12372569164928589	-0.040121964092480845	0.3676619868767789	0.20465952558842285	-0.539269951685699	0.20615494561090197	0.2785342949202011	0.44248428097020637	0.2070381941293481	-0.24392327074120232	-1.1479165025403877	0.15311199233892972	-0.44915445162003276	0.22708900291762799	-0.20413924714995546	-0.2632079166830261	-0.2706044848740237	-0.4947694905582572	-0.41514583625877494	-0.04518480373893705	0.22566189618543878	0.4307269309616934	0.4544938620112296	-0.2591721155840812	0.2993042366098167	0.13134924419809638	-0.40789547344933036	-0.04795460797550865	-0.4003906824422288	-0.17737093039139626	0.07892005008010114	-0.8956521058975647	-0.40453451966374526	-0.810822295143602	0.3021883581111425	-0.9288067250141919	0.07786592923288514	-0.1934810100072329	0.2917783098984605	-0.5060482587423992	0.3419779401231616	-0.15434022725601118	-0.5036820624661742	-0.2759073342104539	-0.2093634606130893	0.29098702266715026	0.553208084097411
DTXSID3021148	-7.296584588962799	-0.11468887973341829	0.17067795824888513	1.3562779024395277	-0.6831908990376716	2.187673699972042	-1.7052887863294899	3.131484299481855	-0.3840316775386631	0.4128144523796949	0.4020692036130292	0.12955391220141513	1.2196960124368619	0.30301914672604663	0.577215692768616	1.1092271818150565	-0.8829139514586042	1.1755036612333207	0.7244110020850933	0.18875166185735112	0.009654516666239763	-0.9977771775680588	-0.900464096103302	-0.8811900681883204	0.028260352672755635	-0.13023327034891424	-1.767887468384945	-2.823200608739097	1.0117025339435353	-0.3576469247341509	-1.0417503932733656	2.5624176532543284	3.0272647575489704	-0.26881413722276576	2.287136820027609	3.16271791139884	2.6775022559873247	0.46883523639885927	1.515182061351494	1.0766988316708674	-0.22216062815917684	2.2180703866376335	-1.073392500392432	-0.3862608637788372	0.128593022300126	0.13650827947495348	0.08779382992706204	0.5089466736033971	0.00905739527186571	0.924032896700404	-0.5382148698884266	-0.821118888462235	-0.2919819701808583	0.5538351698272914	-0.11496214808180998	0.5730257954186605	-0.8131663120048097	-0.8669624704217749	1.3192557809054026	0.6162932711899338	0.24764127955456128	-0.07235547382950558	2.263580883833614	-1.118378842100882	0.4496502199438847	0.07332914237382254	-0.770389476938915	-0.6626834804109669	0.08948822439988624	0.061560009658043965	0.7679352631339571	0.3588301315594375	0.0677916078390615	1.204943801844393	-0.4076892894236662	0.7537321073053121	0.7741223626582819	0.4325308808170646	0.14889647931300473	0.3432466472681984	-0.16124894724114508	-0.0013966662844161746	0.31463745552070166	-1.0696515290142308	0.3677804716916032	0.33217216597948535	0.012595032874899041	0.02903847216373037	-0.13737268509020525	0.10363902002989382	-0.3102454712918577	-0.3148535042246534	-0.018850791466246727	-0.19018241049705842	0.1931790402088682	-0.30604293074208905	-0.25423116095942044	-0.47490769924006443	0.6147909308059271	-0.032400635817974976
DTXSID2048741	-2.0805711905834117	1.0210953333186392	-4.125675946165901	0.676167970400849	3.2425052075166616	-0.012244293543760113	1.6869734725279653	2.668855895923855	0.3219970302189904	-2.313698108785233	-0.18458619491258366	0.5457388225960631	0.5721229728302875	-0.6405038260621254	0.8657766679771439	1.0894818008582257	-0.4151066204637939	0.8343764916160487	-0.8415673247218134	-0.16855246988251418	-0.3879275189325105	-1.1099840144050275	-0.8109825456649796	-0.5363445806402529	-1.4843289899536303	0.7508895693949947	-0.605064454117781	-1.9024559648905512	1.332715326398242	-0.891843585732445	0.04961983862708498	2.2798578683032664	4.229183113036269	1.5491982841328016	2.860212891081233	2.9188381714281557	1.7644592499854994	0.32806753429080016	1.137037233882459	0.37200050852902683	-0.3217857065618533	1.208518761599468	-1.0213725264035036	-1.3920277444477844	0.8592767939685455	0.5937650702008389	-0.43333968660935	0.4912100865605155	-0.49151676560453417	0.5242219178953732	0.1355316590571942	-0.8895369034139534	0.06126081791618026	-0.5181877195505954	-0.5335219647848378	-0.31888748634744285	-0.012612568329908636	-0.5242579814910203	1.6921400701123257	-0.7052830497392375	0.5281234140366763	-0.1740325044212189	0.6802290853743806	-1.131874202855578	0.32723820328615005	0.5036564908844846	0.23075093121670792	0.8052184274171785	-0.2508537385154532	0.3189162466760204	-0.3581070239282243	0.2796566708443722	-0.9322255169900301	0.9298694778548509	1.311574092031202	-0.6119221313591082	-0.06690005999533388	1.1703824145555732	0.13715400314308668	0.2897894221306475	0.02655795438089305	-0.48106211370841984	0.5156923508103172	-0.7205067110959147	-0.18319520751491702	0.004670671572486894	-0.42732778887151945	0.6226971390820484	-1.1357733650215098	0.8064440205538022	-0.2657237289111618	0.05629162329993491	0.2688869129534912	0.2091950131188631	-1.576202229934056	-1.479264784454876	-0.9591706403971808	-1.5045429140906332	0.9405478342988173	-0.35768680280151127
DTXSID2029244	-2.831509165762097	9.365947135649886	1.4071175936632598	-0.31409505217007855	-1.7454163086994088	-0.29010254541480884	-0.3542449705061211	0.8854939804496922	-1.3882772011255982	2.480385040981103	-0.5019425892650308	1.2537951115481794	-0.23996188560860465	-0.7302097674842614	0.8618086830421248	-0.065922384362607	-0.2067938061823489	-0.8510120299183316	2.2419558940740987	1.9428004256186433	2.1249694546912865	-0.8106123310839523	1.0566467754812399	-0.8850007586168397	-1.1089188502294225	-1.4760910159335212	-1.2196375591571034	1.0372500917334126	0.23923045162072246	-0.8417647556590728	0.20728990647773904	0.27887214163914287	-1.1735277327112232	1.0337207108548925	-0.12153935659503655	0.8398021001602811	1.150439010180342	-0.024592079650757437	0.6817078954639548	0.36473547604498224	0.06817424290369849	1.6648592322841524	-0.6098183679136651	0.2501349788305788	0.06540175650835212	-1.3202278039493025	-1.5572250592039591	0.7834959046568064	-0.3784233734868648	0.7611308265323123	0.20147640331954578	0.23752755818667148	-0.14768828786008956	-0.47377858958403724	-0.520948792157784	1.6896998063569388	1.25263756154032	1.2485355606246236	-0.06478937384434187	-1.0973699173300357	-0.5183863574393354	-1.0084137642991686	-1.3459106789976996	0.2062216360743462	-1.1405503335130245	-0.6041664170259242	0.3030305640107298	0.4559116307886964	-0.19059531199666208	-0.4540264664305508	-1.121055468053417	1.4595007825941975	1.1579996603781757	-0.12037812143106617	-0.2622429378184816	1.1070899599052946	1.133338179615681	-0.8319865907259075	-0.11049082878506528	0.4557760921723246	-0.08697422094698395	1.9263777339179748	1.4637132527785954	2.1395550960809864	-0.2541397493305354	-1.3261814879835028	-0.7003852553178777	-0.4731564808750562	-0.5604161702263111	0.9380893177499056	-0.7215274741808283	1.2785284094320462	-1.7505671178370774	-0.1392440746124733	0.6251703686598997	-0.982120077773233	-0.2890748432886939	0.4679076196646205	-0.9745923888184416	-0.17780727593437734
DTXSID4057849	6.371287300263794	5.620999447634935	1.6832461893468953	1.1898120904492127	-1.3947287413588632	0.6906995097252099	-1.7252713740354944	-1.069572154142934	0.03207457153052683	-0.49927951487859284	0.10678871278119906	0.16586216575144502	2.7567006859836205	0.8815334726201064	-2.281979695739045	0.690884096130349	0.7890097369124738	2.740758316492167	-2.9914919481763667	-1.5185718146935225	-0.22258624145537784	-0.9886998914880201	-0.37034360728098	0.048018812638349846	-0.34122080066756505	1.3091804511111627	1.8336746908761041	2.491177630184738	0.4181736235077392	1.362843660438561	0.2295978521250339	-0.5007664726995922	0.41619619340766795	1.3338224104276717	0.9502701429899394	-0.003754784632691188	0.2096628251337785	-0.39670524216253406	-0.6885670392416806	1.9209717617476463	0.43818661245617296	1.0784392931590974	-0.25379091356703054	-0.5394703500297278	-0.38977065880383494	0.2566598239431295	1.0332162812999348	-0.21057939239275755	-2.004117219387876	-2.855190933922016	-1.385097816017975	1.075623269615334	0.36339493392840705	-0.9097225565822417	-0.7850208476706918	-0.6413574344064616	1.2656277734257113	0.21688702757952902	-0.03255328500105705	0.3126276235898863	0.49935635895220676	1.367417551140157	0.41907085468013733	0.26569568489564444	-0.5531464249873418	0.747788882346175	-1.1114723861870208	0.27758761558298867	0.7738993673352924	-0.3097514221009706	-0.5664447468312848	-0.3668595805411991	0.04187115392835367	0.17702460417852484	0.5541249915300986	0.10699002734061275	-0.07809327205118277	-0.12913827778499828	1.5259051662623508	-0.21203062961505678	-0.5549580921223002	-1.358724349781581	1.0605476536025789	-0.6936415680335726	0.2467694848949622	-0.7876474615586229	-0.4818754531169555	0.46278911500569264	1.0336785597612033	-0.7843992059301529	1.1168261127948256	0.5989353289652719	0.6189412022107112	-0.21139367947775659	0.151594854264166	0.08576130308097922	0.3297609933439241	0.15290789726570464	-0.0558965080896764	-0.004061184383805223
DTXSID9045556	11.103603471609345	-6.3735082122819895	-1.6969414036089832	5.602283971305643	7.623089202916348	-2.6358767631149336	1.5972211086921473	0.9643074243987592	0.11909865305306239	-11.772849892244555	-6.459693505934172	-5.6042503000035895	2.8745415835963644	12.130698127239892	-2.0421496180634615	-3.0924001135809442	-2.405706738811633	-1.9860272879043024	4.629392345931211	0.24604080956192886	1.7724643270328402	-1.9416746575643504	1.6496306937801948	-2.714086836071575	-2.416980131480615	-0.0742860142989137	0.9487076463714854	-0.47330565808652736	-1.8111825076185666	-1.7818280097105756	1.396104048272777	-0.2891684070575843	-1.134488284413847	0.9610508329516211	-1.3265103693457385	0.5619083097672173	0.006684656804543384	3.3857472786658307	0.18669905118337332	-0.8652763889343751	0.8234323593893076	1.5271359807916711	-0.8166756734760732	-3.2975608220801895	1.0893993568460771	0.7866073852621224	-0.8901003711493548	-0.5862136787676381	0.1446844546599465	-0.6900622182101905	-0.93508763841755	-1.1493480050497054	-1.3096028584981854	0.2111882614288013	-2.014961101405567	-0.2618161300382275	0.650621802958419	-0.40953132201186104	-0.8258134172693231	-1.1657871341305044	0.9126131365492622	-1.979184284324627	0.07524369893038599	-0.2223245025020768	-0.9536239977709733	1.6505546876814698	-2.17683338719544	1.4428663479506325	0.2597584964834716	-0.4246010665903024	-0.5223094649652219	-0.5092784095570801	-0.5805007668325526	-0.266121552828706	-0.3301383062069123	-0.321213773700999	0.9175529522311756	-0.7542951917682519	1.113530485703308	0.17701260998998886	-0.16476843560726445	1.2486106375143686	-0.022975169981893202	-0.7475625907305413	0.5652985785351403	0.39393552574288954	1.2885629682146007	-0.3350730897159332	0.6558905832293251	1.0476368636933833	-0.2626817905641263	0.03654013151906382	0.1515695405325282	0.16849849992568763	0.4288137805671379	0.3472380237740864	-0.16865246017819102	-0.8854005412786549	-0.1193271990283042	0.13694487166802938
DTXSID2052310	-8.078141044204722	0.9059380715912954	-0.9188682794943516	1.3857215455531888	-1.700578630941186	-2.3059222513500393	2.310947075186391	0.853324297872116	-0.1750781306547236	-0.7431089167507817	-1.1439586324201165	-0.2356601621859111	1.2044617418676284	-0.1736149735057519	-0.35654038923920217	0.5426402446116386	0.21743243973332615	-0.27299322476661597	0.8895392702163224	0.3071864923529383	0.3176179521759465	0.27165706839959086	-1.567752890816348	-1.694444796277161	2.2859290986585457	0.985676542846236	1.666105400575344	-0.36434667147630134	-0.377857013648887	-0.7157398044734637	-0.539095782629978	1.0154514501265228	0.0044978686339380595	-0.9511522765664391	-0.20419376849032794	-0.1001395749077772	-0.3577646914614515	0.6262339184088722	-0.526227207784726	0.49202954710898134	0.9603273485663317	0.4369462508957547	-2.139045994683858	2.245939846974575	-0.45058506746593774	1.0502891598103345	-1.622852964656326	2.8393543813816775	1.0714746604026926	0.6283345543948599	1.0257452452842808	0.3403223554279043	-1.5550740026328747	-2.00483076671794	-1.2647272725788261	1.2948831628833666	0.4332777914110216	1.4059805522106874	-1.8839657664258538	1.2589826327991591	-0.8115915716462855	0.688905692793028	-0.273630008555119	0.4504704824503723	0.5404114541761037	-0.38059690694520415	-0.20924318131159486	0.0774377130663817	0.41290918018412026	1.1401941747706874	0.22328509639616945	1.1779980952102362	0.19656306332198434	0.004342987700336869	-0.1304908127668568	-0.20903554228223528	-0.8409112731061961	0.09623684971479328	0.20654506160828479	-0.615728734843258	-0.47477308523269107	-0.20742856465840315	-0.1006144290522233	-0.24268586180928406	-0.4339414833420276	0.31707007690597805	0.32661196276581234	-0.0022126620737577033	0.17432075301906338	0.1175175353672156	-0.13561647122924153	-0.182720114705631	0.11385079788442505	0.23562327465702618	-0.13856958983443138	-0.19839452754920056	0.5683551456126179	-0.43557003473216066	-0.15953009046958544	-0.0848189608126995
DTXSID4049327	-0.6968451390067749	0.037645429701928426	2.7378384551776844	3.5109901791604714	-1.3892067368387155	0.29896285118096466	-0.020677460867584877	-2.4236349702490574	-0.5906982701589907	0.3417019457095665	0.3801711879786034	-0.9721782907123302	2.1811846665109855	-0.20741795863030635	-1.488082591347984	0.8772671516499624	0.7824074603037394	1.1265249912422266	-1.6933646266187758	0.15885402375502414	-0.06020563081238056	-1.0278548940314534	-0.022366523399836667	-1.1860536449375028	1.725916302080308	0.42491677460794414	1.366876095572655	2.068494425347427	0.45859494899213626	0.12810786589541204	-0.27320036962363825	0.39888366665257685	0.13106334606760275	1.6796982841008317	0.16754857498458195	0.1553260793384095	-0.07609575445993613	0.025450611131798258	-0.2933604929574727	1.7004155703562487	0.002671391838199247	1.0618761840258488	-0.10195639883002482	-0.6841800859307499	0.06656165959125741	0.16942016057817766	1.065364562512723	-0.27712809501502306	-1.3200644948622993	-1.1300027621031505	-0.20663695949519173	0.9691684925781795	1.0791338743031447	0.060994027121220526	-0.2379689419597316	0.9017736784107374	0.3181563627562807	0.7197239169962293	0.17530366926325142	-0.08325546048696486	0.2142678608082114	0.5727150422846968	-0.21290048277749796	0.36054422898254107	-0.08054721387035046	-0.22979569228616267	0.6767708129865716	-0.40505216488735674	-0.3327086571866694	0.1341959925150444	0.3968982481804364	0.24981080187579607	0.025057262825700255	0.3426753433502427	-1.9867949375694898	-0.705749098152367	-1.0050099088413031	-0.7102886475846057	-1.6353091526927308	0.011979876574232886	-0.2594198426862652	0.19225424957002296	-0.059260498441228424	-0.7050978839247015	-1.1769709765120961	0.012833772038644579	1.36432836594152	-0.15168277135365077	-0.3548102944714374	0.25644813171958686	-0.37608053138307296	0.5733808872894921	0.4216003186062504	-0.17719393085180768	-0.2106289698191124	0.397274327652077	-0.33436329124565695	-0.3733698617917448	0.2832970917150861	-0.14118357853148833
DTXSID4047252	12.465578472138741	-3.9481222494039505	-1.4352087669852778	2.9196052871991367	-3.0580834810594597	-0.4949307038325072	2.769308255991419	2.7154303428068802	-3.40950806052416	-2.612564156224401	-4.765905869124101	-1.5627907190316639	2.7183726788837457	-1.4908599442876949	1.6285600044318977	2.292048841986154	1.1201701964809931	4.268501773985202	0.28266040086516625	-3.0729804720368907	-9.13014386024678	-3.601433435824883	7.619837795461357	5.872122123799051	6.033398376797261	-0.14223841042873375	-4.178824652705203	0.04718857605741589	-1.375473272545979	1.0020876785875494	0.6567136397956285	-0.33039895250044177	1.3921935660490772	-1.0642991923318945	0.08025684038687547	0.11367237957203592	0.16507987777973193	1.5003681995614682	0.06421665959735497	-1.2871324325706044	1.1572777078553953	-0.4516784665758221	-0.8319757654807832	-0.22382411714347392	0.39412716620564553	1.0999166395164968	-0.5751088364146292	1.065896804078205	3.3250676293493813	0.6400035987007363	-1.1195337684460651	0.3411368085183295	-0.052512666190555245	-0.4614257951281993	0.7615181024189899	-1.7835568374444752	-0.2606347648144669	1.705205663305616	1.125876168573978	0.5634341484026198	-1.9071168565532246	-0.6344712088433903	-0.8282739511255311	-2.212263180981545	-1.6239041552940503	1.6566299466469947	1.4445827613283562	-0.4107330582641466	3.440422508664102	1.8593847373740304	-0.8691244039398781	-0.28776959697202	1.4587957355611112	-0.1679820485590293	-1.183963000638149	0.09884406296110992	1.7149644087312212	-0.38192408107810505	-0.8197325122099313	-0.7185090031612665	-1.1450021211769341	-0.4854314184536456	-2.1272732167443706	0.681213389518919	-0.10744209732576677	-0.6627814777912877	-0.6265927606306776	-0.035255117881365816	0.20949640180887782	-0.12112874543217528	1.8187599444902407	0.8165484152218043	0.03375340144410642	0.16727257709240181	-0.20202325424646234	1.2965303455111123	-0.7924011059870469	0.5628142329961976	1.0038548735062054	0.9296080060276152
DTXSID7035305	-4.602898098785198	4.474543729177238	-1.5858916148133564	-0.2365078540513188	3.7927424089525448	-0.039813751502054705	0.4794888018791231	-0.569258424168358	-0.23213350383843742	-0.9116435702998893	-1.6680955398642028	1.4560829872195575	0.1657202896420891	-0.32929133709141967	-0.021025526876921954	0.9678903617568017	0.8294339625572257	0.8323938399890297	0.5814798639549535	-0.6406656098094835	0.008146473904857076	1.1176867751217472	-0.5643795870883426	0.3367502329733055	0.38206815553182966	0.4636660944185385	-1.124239612322165	0.4028604014910753	-0.6230983362409892	1.1991514535921208	0.8419398836360821	-0.27849576628824135	0.5892757061931024	-0.4120907085861796	0.45299731216980177	0.10233147194411073	-0.38679588511343127	0.1466864869948183	-0.3395347118249994	-0.674904381954292	0.31747195346600976	-0.2776581087443714	-0.46584821924835856	-0.011671452813934306	0.11447186594449239	0.1212990965905873	-0.05957041857420933	0.4681579690242693	0.20360624647925973	-0.564850438130646	-0.058482196050631444	-0.7913486357697248	-0.2936915210864824	-0.6179636498300295	-0.1427768871484605	-0.6748673160795833	-0.5714178020486408	0.5259116452865542	0.544484155890114	0.89707056179881	0.9252676622536091	-0.30073364137513087	-0.06964294189110196	-0.4934538108823244	0.7839227992974481	-0.005801786663437322	-0.08838376913378658	-0.2632800520409005	0.7551334700530102	0.3876103632264523	-0.03467442953601864	-0.5375350625946358	0.2390600850026761	-0.022996774732452176	-0.2126737888147252	0.7234737430087885	0.11186212566371144	-0.2554990981287759	0.06953403624195127	0.0980757746357184	0.022370744406519285	-0.29601865103403513	-0.032979979510917315	0.15203692073043296	0.3982532455275768	-0.03638602060772652	-0.6089168139931018	0.11294337817831035	-0.18654729647494447	-0.4703304267486226	0.5525500570366358	0.7605675035499914	0.4098969554527985	0.3046042270843182	-0.28292380320994276	0.41220151890800405	-0.07089788134378368	-0.09463971377438474	0.14323852075166532	0.11202713389414577
DTXSID4020379	6.214489438018913	11.126048345106312	1.826223926302565	0.2717324891673209	-2.5457766364300487	-0.1262709456603095	-2.2426265007110087	1.3281593368738431	-0.46968450802730405	0.3269679770798006	-0.3404955443709443	-0.11820796911646797	0.38734681150425204	0.25701266614189994	0.11597382130554387	-0.06486622641733306	0.9938200321600931	-0.08566086751181248	-0.44397505515824986	-0.12370548506871967	0.5536788599089297	0.1479440847823813	0.07355772874815011	0.2660666948755423	-0.24246512708895734	-0.0787021592787253	0.11156070132066946	0.7043193756418226	0.006955107962783915	-0.3459771666388048	-0.17813487152097485	-0.18070184865406713	-0.05344071276423894	0.8405315345942546	0.5447648845688404	-0.7717888437500431	0.26447875259215897	0.22848565173806523	-0.4916946612113463	1.194438559562617	0.4719702610159904	0.11045755340791225	-0.3491322619487727	-0.32450831365609933	0.24595753989641883	-0.6431016050517516	-1.588804370880321	-0.1116688141109129	-0.8591601279011034	0.015941550804888068	-1.3345724861090964	-0.7038155808315134	-0.40238241555839954	-0.2895060963488221	-0.14563146248162234	0.5601043430893822	1.324294385947299	-0.7446828323911824	0.10979719291454915	0.630891199249487	0.0332128461597143	-0.1688124067321767	-0.5954128185286086	-0.21252658964853832	-0.0055119666536627455	0.09334756766611586	-0.5942484969801729	0.25067960090152647	0.22273838758543987	0.31898076707551787	-0.3175925398929821	-0.7548137676986432	0.061570966501267164	-0.037787185177971416	0.45474873868655985	0.4492376865802732	0.33613155466179034	0.05339859836867434	0.6954743069436802	-0.14172012409253612	-0.27915192443578685	-0.1984978984867399	0.14320798882104577	-0.0897503144080249	0.36317324644624255	-0.16800551620953005	0.009563624889444067	0.31856565551457294	0.3094149830833428	0.004191817658885765	0.47694248720414806	0.1999699723144493	0.26892846309847684	-0.24810532215431544	-0.08125687394807701	0.1096187281036279	0.07378436515699423	0.3270993550509145	0.14776435887256512	0.06976191246147573
DTXSID5021885	-6.369949303637176	3.672656947236488	-2.711053378038141	2.857740246381441	0.5794887976427688	-1.54320705351078	0.5125946794304511	0.2610614062956543	-0.45075166861702615	-0.5161235389996842	-0.4637356555500906	1.5912919348385148	0.831879533687853	0.22732234019540928	-0.9427840275670589	0.14907688470776356	0.2463429801517548	0.4911159438219279	0.09652635814824924	-1.2179612075811668	-0.8126361666124045	1.2881264034836368	0.6401963799097466	1.2582795199242414	-1.4986294408521568	0.536110041788583	-1.1617838440445727	-0.8121063257934181	-0.21203230635879158	0.20522544513747207	1.0697465469961558	-0.5361614397457842	-0.2827217845966085	-0.10020764269406764	0.8538285898202362	0.5206332235302827	0.4991251247028766	0.5651600470221964	0.010803693704600716	-1.3665871541955867	0.3159794246505253	-0.41396388589827865	-0.33689402020030884	-0.3571041897996343	0.6040886960898386	0.5669488500415689	-0.4864680235087105	1.0341903246592647	0.7928998525519355	-0.30010015100774884	-0.5173521357419855	-0.007144125970785283	0.21960422626912257	-1.1898764845346754	-1.438626840144495	-0.6870145793440805	-0.8419716817640753	-0.14279355971102417	-0.05240158261718202	0.030468070835550462	-0.7320352361571353	-0.4464892143325993	-0.23689197034208453	0.48672054315562957	0.5161743895639141	0.4245505861062513	0.37945023722931714	0.05112411860491429	1.1068280295457609	1.5109188601488845	-0.6720208036654741	-0.7805428826869483	1.1517109369016958	-0.41065543795152415	-0.7752596225707965	-0.5252986701215279	0.4370089774972923	-0.5182061960382153	-0.44075721194287937	0.13451840090957867	0.3017091690119713	-0.33549506432346865	0.6124022530258101	0.09591603487551557	0.16699926452283995	-0.4112624532467218	-0.23442566585044425	-0.3889599651120161	-0.5085626439344454	-0.06491472147683137	-0.2812822421836761	0.41300405981365806	0.3434938270925028	0.4944701184277671	0.12765556858264257	0.4957133720161818	0.39857456044363154	-0.398282506231453	-0.7272364442194134	0.3840798639313587
DTXSID0029688	-5.103888362146743	-1.1649589174083463	-13.274597431501943	1.3430139573491853	21.051714148421148	-0.8699415268037948	-5.791832542168011	2.33345896475068	-3.3591618581595273	-2.0807227351867086	0.8604643095742046	-0.481488254030972	3.5563953582698127	-6.421920620599155	11.227237934671047	8.03792217952344	-0.5795449711078623	2.1408174833510554	-0.20345593729479536	7.137997880935646	-1.6522419803699366	8.909649616482577	-7.551480426199167	2.621427330133953	4.333589491727927	-6.518665164593059	2.27966589150091	0.14887263562073233	1.2191864774633432	7.7809847669616135	9.647136858063117	-7.0319076672433525	0.13811683596100002	4.0932402346909775	-4.374905112425134	2.6560846439737293	3.518889417926393	5.838935070609841	-6.521190075431313	-1.4863890699439974	5.1861557965663625	3.39079246815631	-6.342651260087354	2.4660407203382	-1.3909243422180737	0.44558455297380933	0.13477412074075582	0.8492567796489757	-4.4443208019576375	5.783509841404881	-5.467715048265264	-0.9143044482797358	6.262101132285436	-0.0802789198040102	-5.416050605153706	-7.810067275320163	7.090785970551768	1.0955437822484269	5.024934571224703	-1.2765053233991095	8.012010907574705	1.5955396613385986	0.4056614667831016	1.7251102458129794	1.0415789178906383	2.1643397501924966	2.0646828896676497	1.6824438917074047	5.4442548382135385	-1.1821268626479702	0.2877542299706629	2.272762358523065	0.8111045745926259	0.6955533235359006	1.1556302807968677	2.1857597483576128	-5.960302938931881	8.304026082515932	0.8070081696936645	-4.574028598159922	1.4611120580781567	6.899650640239753	2.3550232583981665	7.6192233305718755	-2.3751980999777245	9.450779269833665	5.054078901577099	-2.395659780536443	7.28791909586647e-05	-3.2364465991660936	-2.206069880607357	0.7619486564306396	-0.4605957798411082	3.121103084505683	6.129061699296182	1.3299419531837857	3.159592398616353	-5.6696702786536175	1.0476919313298219	8.80194638346466
DTXSID0022307	-6.807377438112349	0.7203741173942725	0.15820592111871998	-1.463995956479124	-0.6135965576786052	-0.09411237395734239	-0.3607349741992572	-1.2142362619192542	-0.10005125627616272	0.6680011846184422	-0.2379891058728132	0.26868155843012004	1.7593862746853484	0.38061991631776904	0.5609268635312231	-1.016565875417022	-0.5707351691498754	0.026855695143329097	0.6878628716569776	0.029718541756540966	-0.7030877279340256	0.4140822059780459	-1.2021205961872599	0.6594507819331304	0.0286284222865751	0.4787180291625801	-0.4660478086847692	-0.651157681800035	-0.23794355058574676	0.3665015830476265	0.7518602339089849	0.13295850418144517	-0.40121323577977847	-0.1258901074571707	-0.137876014333205	0.4758683051375187	0.4936064392625773	0.9819375324769936	-0.09141741036368017	-0.25188341199696207	-0.2207500569424636	0.18785235398561367	-0.4751153759153355	-0.17669714936025027	-0.33339849815690786	-0.10996310903559924	0.8020725931912781	0.06312435894657106	-0.4556536990242128	-0.2646397304125865	-0.05286193656489799	-0.703650701889077	-0.7253254369966258	0.1391916604708423	-0.3976260990550591	-0.00693159423501098	-0.5511654897005123	-0.4103304570419546	-0.5070369436469429	-0.38523708188367833	0.6242900111229561	0.4080992294266591	0.47756463492155615	0.1905700705941121	-0.4494494730960353	0.2304956995699233	-0.17904014948204652	-0.493742945563044	-0.3969771284119836	0.16739570944931345	-0.12472501604716935	0.29238959869452774	0.7956999612419687	0.5213500630682274	-0.2080346998602079	0.1890871214487111	0.4605863438242361	0.4675750383241993	-0.510927403632921	-0.3176338613852347	-0.33987058225368894	-0.6379798667276387	-0.3879828982349652	-0.085829068664224	-0.37537503050664717	0.1589898655177403	0.5632786562321614	-0.08730107304198602	0.8697228525102437	0.010310693397010328	-0.2339951034980679	-0.041356789893689266	-0.2668918503692906	-0.019241235647178875	-0.48374261508824945	0.05403058928059084	-0.2708782455881239	0.18743127850135927	0.2760554429054459	0.2652339437142425
DTXSID1048677	14.716600747061584	0.04897615385326711	-7.452782863662231	3.2195115723183934	1.3156130305011968	-1.2570382103778572	0.9761122040142243	2.191077298895626	-1.2437999924353824	0.7322633886146134	-1.8325533869574893	-1.3984606020793875	0.5811920295844694	-1.820412838937004	-3.2973628144965783	4.411510038065605	-5.176708874122837	-4.102673774225749	3.01247624080569	-5.339798638662719	-2.823199667755311	-0.3328391039541331	0.13636525596379429	2.5658517205823728	-0.45030959514957986	1.7436563355087389	-4.1292391100352885	-5.260165659294638	-2.069166233127699	-1.903281900165634	1.364762621754065	-0.006445572337492388	1.7171976100744526	0.06716504878657725	-1.8372137241122652	-3.923930614425576	3.6184962091299435	-0.8010195390237164	1.7297989137219736	-1.3470903991861458	-1.5268345681651392	-1.9317819578743862	0.6165057901209715	-1.3432879479133437	0.8017391178842418	-0.38682157506497133	-0.8670445133415117	-0.2612611962356448	0.5527795173673637	-0.16661703509038578	-0.9964268726646478	-1.1331260044176055	-0.9757756988865097	1.2981696893292525	-3.345228669091259	-1.2068912432546903	0.5466683058081244	0.6516109571464478	0.5451435386516112	1.3438905719149574	-2.1599169108772123	0.2112329718070208	-1.506942375521787	-3.210360729120348	-0.742389680179928	2.535382969914955	-1.0769376505554122	-0.6612988218947827	2.2999716180538234	-0.11161761406198191	1.7719975071991279	1.7099513422200048	0.7830540081254751	-0.5103076037061712	-2.882435467757593	-1.1582771056667673	-0.4280250744276952	0.12530488735786208	0.316390845199158	-0.3795923476356532	-0.13383667259148346	-0.1727490586471962	-3.110297115567323	0.5436347381615809	-0.976235658047732	0.2821578696543363	-1.149637226705097	1.274560035707585	0.02236325788865352	-0.7735591607825228	1.2264870614895986	-0.15609451877986558	0.5344699372386498	-0.023762020527944034	-0.020621625803110274	1.0229589931064913	1.539188399306656	1.2123381684548475	-0.41846019726597644	-0.496591596716028
DTXSID7020267	3.8432194498741743	1.8420047521492116	-4.161720662793633	-6.099784992332375	-4.156146104114702	-5.267005059649292	-6.662270916906183	-0.9695312317439976	-5.777451445974647	8.177906846142072	-2.309645462301492	1.503384994952906	-1.8537111997446376	4.77793617340965	0.3684225581445002	-1.3656664525493103	1.1727747788093157	-0.5273608087261552	-0.3572310147520696	2.1939795083603957	0.5928518108893027	-2.7500253355644557	-3.067276940600639	2.011293016111841	-1.079468990566522	-1.3358494372695606	-3.3004448805729005	-4.771134192653934	-1.7658772468745967	-0.6799676818763551	4.290494060724404	1.9730305317156303	-3.81683921997847	-2.079011852395812	-1.907212027866266	2.418795851694676	2.917223850274656	-0.3425433369898172	2.1724119189649365	1.14278221458896	-3.410220069616593	0.46398306066516415	0.5840151978843436	0.375768149613963	-1.9852772085122252	-2.415126089504699	-0.20274330717628958	0.41691334608394903	-1.430677018160877	-1.9978922943396111	2.011654200534605	-0.0037305605968061505	-1.4335609964184879	1.76710879994422	-1.439818199393386	3.6290816784926037	-0.10038540150193645	-0.016480573894367648	2.3071817723300034	-3.1248992507878226	-0.17789110774697933	-1.075357136589643	0.42311707029893014	1.1147117932964716	1.222573301858693	-0.39096860063896627	1.4629140336107331	0.29176981648042155	-0.8373103678927833	1.6828509230455908	2.3887429119868018	-2.211433652702785	2.0118695397603155	-2.3364677167196315	-1.5535315222590778	-1.2429959540175772	-0.5972379501431545	-0.8376998745355339	0.5188582068393073	0.18307436575948113	-0.8666437896392762	1.3663472973673843	0.5934496863134144	2.8586112571995748	-0.3551224014024555	-0.9655968931938835	-0.4868900866731188	0.4806669335941925	-0.7322378362857656	0.7885259737438067	0.05334198276219838	1.1628744305083702	-0.38059835834431394	1.4380320318384416	0.006008975394884585	-1.9210094401443338	0.0146565187650647	0.52180067384368	0.6803190461891612	-0.3415877769978046
DTXSID0047169	-6.937697232679319	2.5281473766531564	-1.9694680750936169	0.3153641536831954	-1.935385659078809	-0.27317659522519944	1.340324127029987	-1.0894392301629607	0.76646905919023	-0.7085714249873001	-0.16663626190241912	0.23018311457465807	1.590858123390373	0.7174981045205228	-0.08587766557907284	-1.3200537813990698	-0.6168274866283245	1.1045761180616056	1.207205715926649	0.1701381905655287	-0.5041106999133984	0.40951058004603513	-1.9770945367831727	-0.718363963426536	2.220292267308992	0.41456534577300136	0.18454514648881531	0.3881265415418604	-0.5564052382097899	1.8293442651795218	2.3282363563419315	2.592273763259148	1.6654406381381477	-2.941931002977058	-0.6108847530088065	-2.2623657693336177	0.3922309837535406	-2.9250545092552613	-4.539145402032586	-2.011851566204425	-2.4744483192967315	3.543477999536049	1.9179958020728851	-2.2708932435388585	-2.0378236638423326	3.825615288505747	-3.172680504091927	-1.9082432563287206	1.648040943823299	2.004512850024037	-0.5440205069291213	2.410880619773831	-0.08093754246187992	2.7431396078360657	-1.45791099638712	1.3886391675318666	0.8531453504726136	-1.841406476366978	0.7496682686533191	-1.2338454454731635	-2.0630109500045513	0.5209400507304783	0.43994854182451537	0.8016045517645244	-0.15809371036176523	0.5261818684668338	0.23841562181365092	-0.6675547621226695	-0.36685617243463264	-0.5862684107170951	-0.2617385512837662	0.7582378844983146	0.27564877902609003	0.2059024381596409	-0.7626721657229747	0.42042343524607306	0.7581173568311043	-0.6939274509669381	0.2382769792832094	-0.11280877834868794	-0.5546318180621271	-0.33961176251847874	0.7987685251352682	-0.03405991849428262	-0.7671943123210515	-0.13358555271635747	1.7075057048093565	-0.3377512233889588	1.0195857137231263	0.6071999353400409	-0.2541217218681621	-0.6903507916887495	-0.6685456162331315	-0.1575854120639564	-0.6007954047348383	0.4608499161884846	-0.5940847872139345	0.027177740494411143	-0.29398553395650906	-0.09008579245209614
DTXSID9020584	-10.280064893873304	3.835659864049879	-3.07893995428461	2.903190850917519	-0.47397103181480543	-0.9614004217794152	0.8859982591127129	-0.1188644828737335	-0.21196667823470722	-0.06512213235771583	-0.4246890684759439	1.0791604488308548	1.8549590418366946	0.18510842713771405	-0.3038535173833869	-0.26895984495274305	-0.2090102040273609	-0.3849021817510226	0.822916508488751	-0.6840593353428687	-0.807945793485564	1.1030060414086937	0.20240107391241102	0.5502481561797419	-0.40372521777188636	0.4135374698460435	-0.4328595018771754	-0.5085600305430674	-0.398448047125551	-0.06601092520769046	0.726193172411259	0.06327078660674094	-0.05078280594187526	0.11585188974256928	0.24504253159995878	0.22469925272310098	0.21609478684789798	0.5688045981730984	-0.035382869213597845	-0.8111068766275737	0.4874442734333911	-0.13259412865389741	-0.2625884928797457	-0.05309737314400127	0.5717933675703818	0.3012710971604528	-0.5317148707151551	0.7311146899970817	0.5947496458347632	-0.23779826825586609	-0.3330096979193609	-0.36299594199247487	-0.041123320612922974	-0.5818962961028621	-0.7588063187993602	-0.7866227888009408	-0.6791033022950282	-0.48924175593222746	-0.17969847412132026	0.6087308421232914	-0.18307629904381864	-0.25920691546894375	-0.24758242486169066	-0.22054658820853468	0.561858129924894	-0.26317661355682026	-0.1293819761947538	0.20372639691816577	0.9486322158892041	0.9029198771198921	-0.672275864364851	-0.7862845168147417	0.8606792005932423	-0.06168026855509856	-0.5957508822395685	0.30124613519135157	0.5274516675105126	-0.2564999281864588	-1.1100994281278596	-0.26026525236848075	0.1270686947077957	-0.3485225692404454	0.6249437988958992	-0.004663728781148378	-0.2778324350296108	-0.7593549370064373	-0.25586645791048174	-0.02340757735778117	-0.31458394173432913	0.09603459604088445	0.5235828618657838	1.1077776282241167	-0.05413465549920387	0.21805391393525284	0.32237290323703577	0.5706169136689715	-0.07308113894414407	0.3087930649292821	-0.3960767671282458	0.42565773480310815
DTXSID5023085	-3.433447381696978	0.5448226833336979	-1.0050248917394264	0.8183775398079504	-0.14490865064924982	-1.9709986944791833	2.121272928777671	-0.5391036005640911	-0.2792603039471337	-4.940330596882118	-1.423816064624327	-1.9812736208396267	0.6552703888990011	3.973815153902086	-0.7622132944126124	-0.791484202913558	-0.8905043436112979	0.35710056832374026	3.669702554921086	0.8827645959389372	1.2521264331352966	1.1875050156108302	-1.1047101133625428	0.12368308201026823	1.4445331110968047	1.6252379927696226	0.43960706622638723	2.5216687886553015	2.0237518097516323	-1.3603728479312471	-0.6117364163286291	0.8241043612009904	-2.0779972561395863	3.0257727861614816	2.4483312912563027	0.32943447437031637	5.998862291945377	-0.5054547591455154	-4.070978208275432	-0.5120518436005808	-0.19465815809127035	-3.2289374834865976	-1.9349988404271636	6.384095193223981	-1.4762331571365253	2.6429030042342125	-3.151677379107216	3.427704433751786	2.563544207563925	-1.4672125536693301	3.0469838864109775	-0.3441217189986874	-3.598645340676292	0.43762737655966405	1.1299032286207609	-0.10749884653114664	1.748214025356456	-0.4627197947348766	-0.7697308843709274	0.9609354696410449	-0.6012490478217903	1.776867223685591	0.5005755179694303	0.13811825817976275	0.7781793954880553	0.15329523459501007	-0.7737441834851706	-0.36575587169736984	0.08980235075478434	0.5413313558844668	0.23568131177710405	0.45734083179291357	-0.2315638733524055	0.07833251815212651	0.4167321712145696	0.3393365874850762	-1.8252352694482208	-0.1215180013295768	0.7324460685450825	0.37108539635095106	-0.26981459977758115	-0.17553801609075956	0.1773872576565656	0.12282736619114598	-0.5244888913262843	0.7479552794859284	-0.37920930744657405	0.49991850473044236	-0.03817577860232866	-0.400067608322939	-0.511053690026523	-0.1521035657429106	-0.009820237793394823	0.3349326774581514	-0.46666423288011916	0.866071792414927	0.7604825655681109	0.4888768071655099	-0.3542627678222928	-0.049115463542838585
DTXSID7044421	-5.927182963595289	2.105867133708856	-2.188484662321371	1.1125674626734086	-3.270195523972691	-1.3961573942317613	2.0987401457284736	-0.1552283426313287	0.8496194777242174	-0.9111532450255507	-0.4530842416589248	-0.36986188602877473	3.4183679407902177	0.9472908763862142	-0.9841563795590875	0.3809894541461979	0.10338950329633809	1.2218380416734984	0.3737582793461288	-0.59314263744158	0.1267661131542382	0.24255509797857283	-1.9768330806240173	-1.2897104970979525	2.7670316434828304	1.6907533444925804	2.645870257921772	0.9794139555730478	0.12131771464987155	0.1906207901766887	-0.5768927650355385	0.9392484082186334	0.4014418266462858	-0.4284377652694125	0.013677838375558683	-0.05166710162980615	0.3671289150868928	0.7416475391369826	-0.9297818651007258	1.7553229835499888	0.8948604093300443	0.5540093239116133	-2.28105096787224	2.469305566849036	-0.582580215554855	1.236473303941061	-0.5430560923960898	2.5529394496849087	-0.0832981122167679	-0.8410830954870775	0.6076246618790713	0.9689068340746237	-0.40885169314205366	-2.409166924030012	-2.287734377677274	1.4708677271169934	1.0945844892347034	0.8417107538601869	-1.4391875791122828	1.2675576158043085	-0.991311402912486	1.950680226249622	0.23090289273617184	1.0376443556105333	-0.1538887373168752	-0.8149605652348358	-1.0774625794819153	0.5831298136000315	0.7093943919506384	0.18941347221917984	-0.20959740046411512	1.0243245622225647	0.08527553126096643	-0.3058891342036078	0.17825472854689453	-0.36233980598151116	-0.404603758658775	0.15092006315276388	0.8065588758753326	-0.55262262646573	0.20698929173731004	-0.27438594916495657	0.2864657595953807	-0.41404339951621133	-0.36488451918814635	-0.14234180935852098	0.016042836403904418	-0.02011494287121096	0.9359105908916387	-0.38588222429164776	0.2590253032272883	0.13158610039737953	-0.21643918685774557	0.036166281193744876	-0.25047531943883866	-0.025224864457948304	0.3798480853686335	-0.34948278575863156	-0.10775963500412904	0.154556389711434
DTXSID2046830	15.02599465995343	2.7537696194536743	1.6920470683238313	-5.2903908182469195	-4.393030346055375	5.062770905963704	8.255427744716307	3.049366510725984	-4.2009501725875555	6.240293453742609	-0.752192165676432	-3.183259147732425	-0.5617432588414906	0.8246674140729825	-0.7459279628046795	4.76759640202866	-5.542810829485585	-5.114684975885673	2.3795780587741104	3.8055721797584097	-6.228136381525188	2.728569595422709	4.282587888491514	-0.21074075786962748	-2.164888939568821	2.3967268098319248	0.16971409913541197	1.65588694479145	-1.7113180954882545	-2.34101905604267	-0.2591064324968882	-0.9390077971493321	0.6337178536466165	-0.7983809374371857	-5.73445138300337	0.9195757628378798	3.0508039636812314	0.22728070614291945	-0.34666275328583607	-2.5814524751227337	0.8943167672740507	6.285462144710583	0.26787418346579633	1.892916061691733	-3.808313554159188	1.348316214180759	1.2718047788593587	0.7995729268332087	-0.8853593541152762	-0.9691905452505313	-0.8885528950670213	-1.7682323709433612	0.6166063285890774	0.5814009012764749	-1.2736769517137834	1.2273800268475692	-4.075909937375601	0.2658071060429717	-0.8019101258855873	0.7446350280440869	1.67979186938438	1.2569746151199583	3.6783956407476777	2.4718563693308	3.494383454519877	-1.6068142208594156	1.2051998949880613	-1.985019089483411	-3.470640947755515	-2.8542573158521787	2.81939968991845	0.7369173924669992	-0.2738420644341245	1.0112790013339594	-1.1194663055448921	-0.6937071756426948	-1.0343208296196953	1.9206783773641358	0.18480264686012196	0.941971649045195	-1.4626204334299606	0.6994814209036382	0.6645134764257156	-0.11865277166491797	0.30314892171763386	-0.6532079657218954	-0.8040548634204946	-0.7677510752926426	1.7193575921896536	1.6685852199393019	0.9218158157084386	1.4608582116265896	-0.7879506684450185	1.24577350286899	1.4501833341416284	-1.744223000792721	-0.6564535936210676	0.46035180778883533	-1.3621436977965482	-1.6130742667672808
DTXSID3022906	-0.6494493121618657	2.2001468126686414	-4.577271763134783	5.903782899554209	0.601854000242928	-1.1213941194983756	0.6495238636227936	1.5473124930397062	-0.9730207318457487	-1.7595475737921205	-1.013934753742114	1.0628633889533754	2.1420292408673225	-0.44564206492424063	-1.4404261083054049	1.0195789296073838	1.429410692951621	0.6310910389704198	-1.1476900384907285	-2.988673147985123	-0.8155728630662004	1.782587562859416	0.6979069378323522	1.5632383627565407	-1.3687138105441417	0.6888853345259198	-1.9385121579518902	-0.6698427067745967	-0.9224302052858109	0.6650799734837939	0.8200058777145198	-1.397148447058763	0.8777097805007221	0.08653329627895147	0.6954726803883601	0.33050203789604216	0.14115382347871178	0.44546254742032076	0.288669922613576	-1.7339087685657897	0.8243816578558761	-0.6823627827058845	-0.7010867413941888	-0.24505901178436895	0.3878298999738744	0.8795422600700374	-1.4424578051158934	0.74902388769245	2.2786751009550876	0.09305886481030207	-1.0673128338029672	-0.5317764324484663	-0.9910331296113158	-0.5709421753241267	-1.7004314644354248	-1.739080064961167	-2.4417617733102883	0.2550217029493226	0.739680047747824	0.6760125985148163	-0.5458610474202074	-1.170539117254005	-0.14139698336665207	-0.8658139531065738	0.4582368147081069	0.8316495647549146	0.7908647503685653	-0.274520058913659	2.3435403299246858	1.2725197018338916	-0.903693254184683	-1.567751852020089	0.5357908228918443	0.18944520009585367	-0.8653919631189058	0.3294798164435354	0.4702173351429655	-1.1014020307117884	-1.6478824727306507	-0.5803283434371214	-1.1010288652843823	-1.440596392821606	-0.1833531420980074	-0.07077646822280578	-0.3261883022058767	-1.219337263601047	-1.4272675268769308	-0.1091593685499721	0.19931352478401546	0.2587008159108066	1.75119654048713	1.659131541873203	0.8233990049191326	0.3320168900471372	-0.7910976866542301	0.44326434480836524	-0.6006923738464459	0.1774803689537551	0.3283582036640086	0.7171647184841556
DTXSID8037708	6.233990336761784	-12.394555385288372	-10.684679803823885	6.07687734903086	-0.3331409860484534	-1.2234239064541845	-10.60088135083779	-12.152628416693283	-2.3699308877219307	-9.428564658765255	-12.997575849387497	17.577707823766833	-3.98662834641652	-0.18205339217342056	2.4968248572849108	-4.451860924496133	-1.6318321641354032	-8.801873481231288	1.1234994370284523	5.102643039922698	-4.255847600692344	-0.3956981585323822	-2.768298295729547	3.1660762426196722	-2.9664651177346584	7.368878074916335	5.846536858447226	2.035218762989121	-2.487704151433462	-2.800483977205729	-1.2419895660470683	-1.2219187132024487	-6.930141202908718	0.5446945041279422	-5.468955571373654	1.3303399255536312	3.8296187248296953	1.966240342862761	-2.4581135746360685	3.1179483671492103	-4.263646465748006	3.1884723791815976	0.7696593279147753	-0.4358896265339619	0.44377195165339217	0.4267787865611887	-0.8441565949911065	0.07465983293840892	1.5170472261864143	-1.7432431593250621	-4.985761251088818	-0.8324789520804001	3.6637116025544203	3.5079864584792912	1.6330985211939377	-0.01564379083604859	0.20835300589437278	2.647827233767171	-3.1063699765171457	2.000701026325124	1.0779675754513063	-3.7029291985884853	-1.1364467716744362	4.246608214204663	-4.903486004497777	1.4758667831372703	0.5171430219035745	1.2766645748858165	0.8188810692705402	3.653772567333058	-1.8718894874996879	1.8874997906365525	-7.077988034312206	-2.298220901307018	-0.8044233016770538	-2.213239396521519	1.4018240713644066	1.071904528927435	2.702236546044104	0.37731398335730787	3.73989807325284	1.896468480987299	1.7846760203137724	-2.6980671713656905	2.2725015160362396	-2.0727096312151296	-3.426919096633278	5.876614285205371	-1.2042634941671302	-0.007886326140493304	-2.670426103223937	6.793030124761298	3.947566373793149	2.88576958763418	-8.624150014590729	-0.03089217377235707	-3.629517548257449	-4.244949783170495	4.507855105567679	-4.691596109856837
DTXSID4027109	-1.947466689001307	2.6458236031139593	-2.019525372367961	0.5955304439025003	7.420055116650788	2.2492685969521795	-0.8577068571794262	3.4042018245337045	-0.6126715764157705	-1.361466734825273	-1.989445011493748	2.2051602087389113	-2.3636058114250496	-0.25820099230743776	-0.47986341789423265	2.356440926047458	0.692306256891781	0.6231707992954417	0.20857067276541288	-0.15495653984220362	0.12609643821350303	0.24195273140037327	-0.3020762798006022	-0.2182677023287946	0.8117966663880761	-1.0334672296367102	-1.448435306180893	0.15208806875543424	-0.6238771853823328	0.1744841449718503	-0.5637575877297671	-0.5882136500716992	1.1060251809478285	-0.38514108222013305	0.22504803283688993	0.4835096701440656	-0.1399500510817671	-0.5569685516127516	0.2961808213503801	0.4309959214187679	0.07987833613940123	-0.014717965447450583	-0.5766076562690994	0.5505130895698506	-0.4843381534706202	-1.0746146465354474	0.005027543706161908	0.4801159303719949	-0.31758749769589967	0.5077420605612312	0.40956578523373854	0.43349826578822553	0.4873459727537244	0.37432304114411596	0.2555497782535973	0.40227370584809663	-0.1478532672876005	0.3013151053899894	0.009402530474270311	-0.22355789492942524	-0.03100292240363239	0.9653667089138496	-0.37980157313251517	-0.5256872888413109	0.4139989067061142	-1.1184579235830552	1.1581661204588942	1.0632424568705026	-0.7429217272567388	-0.064112296721293	-0.322061296797945	0.2542389700518555	-0.8634512983274366	-0.4644739842702699	0.8678552400390966	0.4671672733897799	-0.6695955714981673	-0.8218881434468868	-0.10037720234743354	0.4606222869293118	0.2244546452061317	0.13427499807068174	-0.708385182848309	0.11097789709840752	-0.6484239858976485	-0.884733282089186	-0.5892651104498763	0.7924785850210162	0.012891553193269201	-0.6847677184458969	0.11031724811910575	-0.4546163404522877	-0.4884020816830671	0.09557139715998207	-2.3113321553135515	-0.057981170787354486	0.2937934477575198	-0.008441070875272298	-1.3697940605367982	0.7345993643288279
DTXSID6037564	5.918662003315725	-3.1564107205760723	-4.158584205403904	-0.3806293200211099	-0.8791287611782105	-0.3704787022244583	2.219423875481281	-2.046249970645242	0.39731603637395535	3.3067245009057475	2.73442895117609	3.2440538765636386	0.684020813528955	3.08947446553076	-1.4206892923477557	-1.02449358937131	-0.06986295759801658	3.0069588946647277	1.4059960403430258	3.153230364385098	1.165028034972736	1.3624340607076726	0.4359399202850848	0.325456043733885	0.03133801755256978	-0.3284405334582312	-0.6824842065691712	1.183962070150055	1.5449038924983283	-0.6027226564918887	-0.45022290726581704	0.7299090377308264	0.11441004172288069	1.3604156616715355	-0.004181875317892058	-0.8588366004825104	0.09304973694300894	0.11914718882246661	2.0504178170970064	-1.628012629913142	0.5281559360858703	-2.3837273996823294	-0.1915425461908027	-1.4764274739859682	1.696428321188015	-0.06687659799519632	1.2164112212946152	-0.5523119299221124	0.42193213328998863	2.549643093786804	0.23711637488941445	2.2790268376510077	1.312334667904168	0.21097622621375942	1.9243388579553786	2.605103278253802	-1.269129098750677	-2.066286033689351	-0.006972594362759869	2.5451993717187817	0.4950510753245877	3.010518517689263	-0.691951011431452	3.1543092906880834	2.697702914664376	5.538330455293814	-0.829816567990583	4.1110898176115755	1.4341909155623682	0.306319102574208	1.4501535204206333	1.3835060493054332	-0.6961174288739099	0.4266787171599313	0.2197542679339556	1.2231693059726052	0.3997599072825346	-0.148911061488228	-0.7390436366598067	0.748825360505049	-0.8262015169292882	-0.3518973265857445	-1.0485980713445382	0.7326636616362165	0.8114095765349637	-0.662792526594935	0.6588218790964656	0.3517309684607227	0.07268659147889428	-0.07111854203726223	-0.1787471177385184	0.4342499993153044	-0.11098502076074611	0.05404703875400665	-0.002403217977046396	-0.3102959308175703	0.05648426615184241	-0.029357347277721706	0.12707424913806614	-0.09826743700917787
DTXSID6048599	739.1811520150969	-250.72162815188776	-75.87118914135668	1052.0153272433995	270.4156601154921	-230.07054530430258	1892.8962911474687	353.41625465511373	-465.86446846289255	2200.7216585179694	-722.0080009607727	1901.8529683706154	456.9604306191147	-161.89470479601962	588.033018106552	-968.8693956400385	-624.9308384680544	1025.1316306318688	1256.9459263857789	335.98076147113926	967.1745543726927	-475.9075801957304	-638.3165687570003	158.64460888502083	-374.1826297181113	-646.8639368200494	-313.28285430633116	327.342649642534	68.80582406297702	281.5603870111607	86.68563513785483	434.3894145942624	-54.241152840343396	261.4963500921359	37.97360355261912	533.9922708000412	-138.6699687161395	377.2955311202066	-310.3400002369967	106.49463885394992	-31.57012417412611	68.7404589466774	-137.6986343351366	-105.98560406859384	-53.43486243855282	-40.97970421972527	80.32889508657964	-263.40828213032586	-28.74061271930874	177.69253433379373	-23.851835538521584	-420.81624625058726	-383.8443918863142	-59.781529028548995	-87.27735455700928	-144.09806906584816	539.2605458347674	87.41426461171633	-801.0873586779261	-298.35317654516894	582.7704749450527	-562.0604738929928	298.7121013504104	65.61062384171802	-478.4605080663476	-1513.3517212541901	-131.63532635229657	-601.6962037499951	-480.22931142730465	177.47111105010327	-528.4983168442234	-902.7175500738629	-179.23967254583297	-225.18111034798926	230.22370334862646	318.8664336519429	-939.9572441529393	82.00537832439096	53.537795345432144	-914.9495330164787	963.7562730479577	-855.3315552386537	1207.3050861530778	-1496.5535693249426	-1166.1938527556395	1197.5731179521363	-373.90861664543024	-533.7523172193282	-140.92348348748996	-360.51305140820034	128.00688264942096	-981.3174654709276	342.87480079244676	-288.72872442114544	38.29261116475737	2132.414893392843	-207.99203052277568	-65.14852133808604	240.68597278142568	941.1699891889248
DTXSID0027983	-4.31662055433528	0.8446799054592556	-5.200865096345599	1.211974187815658	3.742289322193699	-0.45507862949120625	0.6848046006978806	0.8180942857095983	0.2417011366971598	0.7576023116692556	1.6783713002717318	1.6625044071233603	1.7266369301154783	0.8299882535767782	0.7699005472359944	0.536013719700882	2.9533817571303747	-1.5780367978064989	0.6048583917956909	-0.9543923348686152	-0.204295854611214	1.9861947342726818	1.580204803062264	0.8838870232223764	-0.279491438467462	0.7578641615088121	0.25623762795210914	-0.14206595307012748	-0.7357976687489153	-0.2825856910710533	1.670694489156812	-0.40940675081043626	0.16573039805437534	0.895870818322862	0.7878146983015553	-0.09209676542073698	-0.7437783359250016	0.04314514191114611	-0.5810515163735376	-1.241561340499146	1.2738831532766692	-0.1966439455326792	-0.5826047099518025	0.43377181792962344	0.9024916486625094	0.3536251966154832	-0.9499589571180594	1.000504928652139	-0.15973381872184575	0.42277743026145415	-1.9546806899246836	-0.7045455964983391	0.1409991273464077	-1.2666868720712818	-0.9947479995520713	-1.442877731799743	0.8074882966990238	1.232618052819153	2.027499379370625	-0.26761683134008074	-0.08614806060568883	-0.14423076514638802	0.8343798778359317	-0.14937076055687107	0.6318831415430242	1.874252870009048	1.161194620739477	-0.6534782963413277	-0.669604745556975	0.3169104753117535	-0.9072068145742883	-1.167482743786618	0.25083283430362846	0.6020501531931813	0.64667292161002	1.4159715615572648	0.22413664667166067	1.3690913177081938	-0.512406057043123	-0.2214649424052557	0.15874718072132785	-0.16223132303322574	0.48075968820750287	0.07877451352860533	0.024140693953973013	-0.4776883382420928	-0.5053996538872415	0.5548627590565527	-0.16777087107409236	-0.8899642321050233	-0.37425971116992035	0.49303457345429197	-0.5846604444749934	0.24461468769235858	-0.457566158659113	0.9708329283582391	-1.347555449888362	-0.7778787560586801	0.24471694557508702	0.44089188069348373
DTXSID9020110	10.742835409383453	-4.677199689568627	4.431553668518588	-6.426380145298176	0.3952253719486003	3.2815152923606763	4.772100303572818	3.727817588064202	0.33961970829096233	-1.160392726344078	-0.44279587107035034	-2.1753457869864694	2.0947351959697507	-2.2601613594795626	-0.35698481609482835	2.8932608503191375	-0.6751166326540113	-3.2874186769660882	0.34075057199733444	0.47120734450420765	-2.8265823169569626	1.8871435053861096	0.35595179548106637	0.9835442706316603	0.6267877658185849	1.6552192651114874	-2.5136439960877612	0.9133505079018551	-3.7431721883086384	-0.04097385950373536	-2.6172629367884332	6.053603470147837	0.3389335866600229	3.553202664387134	-0.1148763726042763	-1.5588137537700817	-2.9508599054589064	6.568834196723827	-0.12042968207974854	-3.819581620179395	-5.00145885613817	5.136447392553955	5.860676105265701	7.626278810161902	0.2587711821085421	-3.907229107861818	-0.8112620317120731	-3.149506602155322	1.6866749669802028	-0.9150537311440957	-3.5013264010387477	1.1647671068890837	-0.31245400277782	-0.8390879893371516	-1.2929843384620807	-0.8536830519568948	-0.7574688399954066	-1.470282016964883	2.1834004869996515	2.486753805189792	-0.7974909265061324	0.7274898583484277	2.172773606076899	-0.6397378370970541	1.6573206344255316	0.08533654397420437	-2.289473267800442	1.743977412480156	-0.26413365037051845	2.906919376201108	-0.5887460034758082	-0.3888283315890939	-1.098812195345145	-0.11651799170825984	1.5423826187659446	0.30784260428759275	-0.6833172291991485	-0.67738917987147	1.7554801420596247	1.1365299675579001	0.5783949444175881	1.8417668172329005	0.47698720304058434	-0.5517186925993267	-2.05321559863282	0.18855800931515446	-0.5345825386787572	-0.08908528366784217	-0.48485014447317143	-0.5442058388866056	-1.1446387562578462	0.5377141929267547	1.5659707790517663	-1.471961999677028	0.39233606728584414	-0.46850497822940995	2.025949568485736	-0.18733073307540526	-1.4889149410915232	0.7633793268425827
DTXSID1023281	-1.0672109570648283	-1.1705188342845345	-5.780723934153411	2.042516359659419	-3.7362748786302813	-0.36427064716076724	1.7827334592133879	2.455312622438651	0.941325661158925	-5.029356024820896	-1.4556213065073003	-0.8071410259899919	-2.1417680037335476	-3.87475238803307	-3.222924802567876	-4.0409773015163895	-2.53602274537918	3.1134880887731065	0.11401496985596098	-0.3618017342290241	2.344231494205566	5.561880649915738	2.3595420878387188	-1.7025296797367786	2.954188387844777	-2.924731188052608	1.343204942707696	-2.6203520619511487	-2.225502547726162	-2.111436445155716	2.2591697071971266	3.5503616032816505	-1.8759352847763238	0.006150330247171975	-0.05225130260226078	0.7496495493868666	1.0690293028784668	-0.384647524563147	1.7144268570329082	0.7471925038201772	-0.7698525667205943	1.479842611511585	0.05189801412344098	0.1289545456076659	-0.9007487786386885	-1.6084195380931106	-0.48973584820130805	0.08803497029742323	-1.344355269728877	-0.05981895706871788	1.5445328288914095	-0.048680466310960825	-0.46713478464882174	2.238530543438909	1.3059112094415974	-0.7530912966908261	0.625005050977878	0.7270515479162138	-2.4690421313586635	-0.9002850360958013	3.247958066704469	2.8786040412568323	-0.2513291520119391	1.3621876817962708	0.01033154208436	0.12939360775433317	-0.8106465827181155	-1.7216658096232729	3.111028577150593	-0.2154928643440834	-2.0616626256113055	-3.9919443000875634	-4.72488124968078	5.117069294712569	-2.916420031618404	-2.0009407648868542	1.5501856062764754	3.5166870775022523	1.4601242784635187	-0.2340446407661001	-1.6460812237166265	-0.09408443820213319	-0.6431224388774883	3.2932805539374077	-3.219418399917742	-3.9430364227417845	-0.33083823521398587	-2.0885670235855107	0.17638720245636264	-1.14750148330235	1.127544923305442	-1.0330297676584739	-0.9534621821848681	-1.984108110138667	0.8765143174881889	0.5429899114710462	-1.2555755470635888	-1.1777111443313057	-0.6168012151236583	-0.30689820109583843
DTXSID1046891	5.20790338094628	-3.1646391106972236	-2.863193062617958	4.468438601315389	3.5873794667787564	2.0471495946041536	-1.114170539637115	-0.19758282509280653	-0.7403472770381556	-6.362761868045907	-3.5496354583728826	-4.445922444952356	0.47386389602884466	8.599555798008936	-0.7476971241918733	-3.191717193302155	-2.498727952746538	0.052353659547093416	2.3618342660530653	-0.1994637572181145	1.2488245737601733	-2.3164156708493073	0.8379655342515364	-1.174029574824048	-2.2480197441060557	0.2530275239985305	0.634849163314888	0.4949863595246804	0.1890890059139066	-2.718264242493464	1.474584827697002	-0.2052062703897499	-1.3069731866610614	0.22567876202894419	-1.0263212898362364	1.0257048830223938	-0.6635353011132785	2.563316811292668	-1.6287292357330314	0.9188196819990612	-0.18236807408140393	0.40755705080020976	-0.7021159332237723	-0.9032217354147952	0.8286372738592516	0.449002433851653	-0.4053747814321176	-2.3847476296880297	0.9610814789363066	0.6099350319654437	-1.270808746907149	-0.1957698773381939	-0.933382748540704	-0.01535977006745006	-1.1084736983453902	0.7438715655619377	0.3131546966104137	0.5040532772876798	0.5387247075401868	-0.2994446408940098	0.11891339113066035	-2.429597817418513	0.6372246737371834	0.4017043629440713	0.9088416762302869	0.1256620215194106	0.08128091633783202	0.05845216614983776	1.870299821207407	-0.7243153485186555	-0.13231711791157258	0.3609967457372318	-1.8437051226172925	-1.152062733788533	1.0987916553170245	-0.25500217963500743	0.6247260386151706	0.000534118841859178	-0.26708183968188365	-0.21962440519425896	-0.2528435744343653	-0.558269271086401	0.05140096890683495	-0.32894106994081956	-0.3075717853188086	0.3758739594241408	0.07186739050932466	-0.7311645428281877	0.2485960364666666	0.5092596785715094	0.10488252381176805	-0.16201681209025798	-0.08837381964682246	0.1743805233212338	0.29808344914504586	-0.3677275259242524	-0.5020439322479103	-0.05472236001352394	0.2395652230216615	0.1476843259154692
DTXSID3049205	-4.522466133271464	1.8775111313760575	-1.4482571430585776	-0.8560347599371863	0.520206108956895	-1.1050720493578856	0.9988370593378074	0.9255530350028434	0.3632731909265609	-1.4871890768214955	-0.5599118939952374	0.537918306256151	1.2070833599975128	-0.8536812636806173	0.14178456830955427	0.05664501732215114	-0.79032488995056	0.3088644755212104	1.2721763066582077	0.6942913120327081	-0.2774654319623239	0.7142225822415098	-1.9093454028205465	-1.2537247997404994	2.4979754247468793	1.9805016511778588	2.9859928391539627	-0.9453245672078652	0.5734700016593667	-0.575533175252715	0.09726645851789577	0.35846369080155743	-0.023435686376491044	-0.971711714580316	-0.4807057780966562	1.0343172240247398	-1.6403197535974097	0.6337928953205336	-1.0249116694700018	0.3169928430478335	0.9333128972198869	0.09611081883259474	-2.04103537169318	3.8654362970109264	0.42775525422622235	2.0086042460344915	-0.54410618888263	2.286701525709813	1.5632191699186229	-0.2218277217994032	1.8833297743690223	1.5282253951661233	-1.5802416966650141	-1.111707269717466	-1.0433606039955754	1.703565112147227	0.997673288763557	-0.011780823518072308	-0.8805741798910564	0.9926148128307478	-0.971675459654115	0.6575627490627288	-1.066364516171088	1.0990003444500624	0.41442441134058405	-0.45915242214286583	-0.5373096209209173	-0.12678692362717772	-0.10719603127544529	0.40599546703709527	1.1004502056579397	0.9396372750232891	0.02478437433230055	0.4794478837579189	-0.8328362756495963	-0.256121377221627	-0.378688476137517	-0.5707473459704469	0.6122038130497053	-0.20479828852873821	-0.9790080206084079	-0.601860607972658	0.5344171581621777	-0.45779471287620005	-0.028678186787878736	-0.22139929679327122	-1.0310417870656325	0.017745364119683086	-0.493127730306317	-0.16074172608264065	0.05189809048538756	0.04236545796185835	-0.3096853344976872	0.6837973469463807	-0.4788637960157007	0.9188968705203271	-0.3182026798408685	0.5753025997616201	0.23091225046374855	1.0779278150085803
DTXSID2048791	-0.5403842206735391	-0.4411655523677237	-3.9652263039289117	3.2714008324331934	-2.7729099915752515	-1.2329995436876096	2.7803485585368013	4.434799367370448	1.5683971332905102	-1.8478782171753616	0.13207983150684743	1.8935623187283772	1.0607101097067793	1.1622315317214618	-1.9116337565509272	1.807263024942872	0.02954113300611568	-1.4508109503139663	1.8926739887627189	1.1591332754343227	-2.505508548421062	2.4650580332787726	0.8192402581222848	-1.067955609950438	0.7779829757131179	0.5732749004376313	-0.4688099143582558	-1.7409896872394062	-0.8090825329197756	0.2703840649176426	-0.407158060489442	-0.34227276163175624	-0.4536252161371637	-1.0938723805397317	-0.7137190621434664	0.21768266270379694	-0.10870711399968679	0.32854246125943004	0.6421129971649533	-0.4608826995654241	-0.5652512214373164	-0.8047945636771817	0.42958740158030045	0.19598033964445946	-0.09928708316072736	0.10163372731477859	-0.77622165948612	1.30634290951819	0.523789496467802	-0.5801705914903078	-0.1713591028080432	0.10572312698609332	1.00650405226679	0.018760310695674232	0.3526907649106974	-0.3254308945847327	-0.6996226851517301	-0.817937518493386	1.3785509204299071	0.8426007692141199	-1.0376111482230272	1.2045695045379707	0.12868402561103773	-0.5261189898938656	0.25255391031337904	-0.13228229077168402	1.5263694316074747	-0.9658510521125663	0.033135353809377266	-0.9107832921223091	0.8379611442442619	0.33642290098946925	0.3553089002189635	-0.6513788689735667	-1.4318940477637498	0.01470253849210696	0.27259203123157905	-0.6559583599327354	0.5159355094207245	0.18742779466087112	0.019291425548907195	-0.6126207646623137	-0.28895022402591686	0.18773634666233527	-0.5833395913231997	0.24523728111785992	0.11700778961768889	-0.10085937148660423	0.22744073047763752	-0.07311605175458827	0.49438685675676713	0.08989833138718849	-0.5325189789787734	-0.023548172988534715	0.3913708333421422	0.8836136219250286	-0.6891530191665698	0.04414266675031431	0.4591685255544685	0.17972192465967166
DTXSID0021917	-8.584748358724523	4.300219713709003	-1.561092757794975	-0.5932556622113722	2.8590043205817026	0.3732388895268167	0.6935952253938305	-1.5126715391697907	-0.6483080983889586	-0.13979110953344737	-1.6307238026179214	1.671588262599949	0.021176562118959418	-0.6768614228921611	-0.42744752629397464	0.614923861053373	0.134725022898301	0.4908903804787793	0.17635193321381937	0.5944284501127495	-0.04999926076820326	-0.44117616745809857	0.02221821001685268	-0.9339660768022094	-0.11542759869268875	0.09252241019585249	-0.28966942041852767	0.14574037547435736	-0.23021713027780022	-0.6214977075530074	0.4227585686527785	-0.14148314774665613	-0.4390621647477537	0.22170247236607263	0.45155009681981534	0.5734302302970332	-0.021489822612370736	0.04589506874251145	-0.23554904768465393	-0.11774702737626268	0.20458812926508047	0.4136375307123097	-0.14159588875380205	-0.14296855402111192	0.17712177815989585	-0.46179279150174535	0.05356633577422055	0.5266799122375999	-0.03795440410036128	-0.6356969748395382	-0.10461430758128794	0.1444615707678154	-0.27758302243059685	-0.23147564996170675	-0.05496827722327108	-0.21141713817841173	-0.10476212153170532	-0.20342972767005618	-0.9928829958938382	-0.07720920379179266	-0.28522806324640093	-0.21006439887225306	-0.5051025209963846	0.09833567616874558	0.2838154328185995	-0.23472677697248848	-0.1690097438017816	0.401039361636243	-0.10551507214816538	0.24402587188246277	0.14756774248522336	-0.03364636140883151	0.08976641733016887	0.19922394946336525	-0.30167396906852173	0.2118577475805199	0.03157171570768872	0.13295944205829593	-0.315752467844138	-0.21561962564717005	-0.18904471454769242	0.25313972467970225	0.5221844754453899	0.051301537100900664	0.3006214574180808	0.08296895839307318	0.017767150861204558	0.28022700202254064	-0.3881467171252103	0.0011491497940545711	-0.050072256692706596	0.08734587117743056	-0.5272865835172577	-0.23268508455225692	0.019955967219134483	0.18160913875867174	-0.16306729793741048	0.06961818656847506	-0.03642867722563125	-0.07528012663595506
DTXSID4049406	-4.166535624579733	0.0675948360164288	-1.3485512402116142	-0.32756859585455755	-0.4212060404124818	0.6501294408378835	0.06418025327271377	-1.907159146487728	0.49977392439219204	0.5885944670710089	1.331137794408243	0.651668514650886	1.7077015444247203	1.142710642618162	0.32049925784351246	-1.2178089327861914	0.6512287254904873	-0.13619234358291235	0.17628880023559781	0.7786115048049549	-0.2926952981981051	0.7874086990055658	0.6912775778953162	0.03494386104205058	0.622027998501478	0.5953972365657872	-0.29285166873796303	-0.07569233439408149	-0.34224236051649104	-0.6159515037217138	0.2533824760340185	0.6262362604827553	0.37640282156600197	0.10314200214575323	0.16965693596822673	-0.6777301535846183	0.2632722447071662	0.14959006693326213	0.036643854887820584	-0.14033854460561837	-0.05070290522857601	-0.725776561577038	-0.19072078749344754	0.4015858662146709	0.40690197873673234	-0.6093312334447788	-0.13499492728418852	-0.7612230090210843	-0.10178694720007816	0.5562934316732956	-0.24218914757795965	-0.5651318242672199	-0.2655092518988862	-0.12544500446631787	0.48236223006105783	-0.003598864428565853	0.02277386349197493	0.5675046285223161	0.13842667156349991	0.00496648942183606	-0.11436926200900643	-0.0656946428928192	0.5435553244157696	1.1873161200586282	-0.3446993685461414	-0.6523960651904571	-0.9999379960902264	-0.2055699722399437	0.4083154786214504	-0.3718343909010382	-0.4996996528050472	0.011207149005418745	0.64831736016894	0.33659206829732863	-0.9657379923785931	-0.41110628147894646	-0.5826402071472825	-0.26422793628381375	-0.020878440620015374	-0.07505146968336278	-0.0346084556172381	-0.056078758029924194	0.12741105523239368	-0.4639614579513722	0.3014120823044401	-0.31804366392570566	0.0756755551521882	0.12926757842770278	0.7420591494055798	0.02718787206938664	0.4112345687968677	0.17393331167716083	-0.38868806451372745	0.06759577172893601	-0.29970808946354616	0.10553673503887764	-0.11940846065827232	0.05626546768719598	0.0721454860825709	-0.10734138314446473
DTXSID4042208	-1.8964212207907156	-1.510107797919042	2.363371425888664	-0.5361431719702038	0.3031039961841906	2.6817347958352364	1.1882236218473183	-0.9927119282597003	-0.4689412321933856	-0.8513226765787554	-0.7619179186680074	-0.18470355838504837	3.46807672709331	-0.35292987215139227	-0.23269767829182864	-0.1879848651786147	0.18886090187047458	0.483580505976168	-1.0563626645419477	-1.5217069776120666	-0.04939876637009432	-1.0437585075174416	-0.1801420038933171	0.23546605277711286	-0.7058715847548785	-0.8044003691022689	0.5684156418741617	-0.857115557485017	-0.9573805248265634	0.6021081143706596	-0.6943833705695366	0.554325175590504	-0.3015239632133966	0.8539844695758924	0.3281846907621361	-1.266221372136887	0.8151505933226338	1.1686729703204315	0.4854851834496029	-0.1819062513672503	1.3268951091990278	0.5827243255327582	-1.233886872800009	-0.41250079179211896	0.8743737996134202	0.18078217504062005	0.15466737145970566	0.3454690159742366	-0.3063929673095098	0.3454656777568428	0.2934968167605769	-1.860358190914968	-1.2728496391315565	3.0857545341161066	-1.1299469899956356	-0.5153191325222621	-0.7238507567843165	1.3354878793274778	-1.1841687691549745	-2.3001097189756607	0.30177686591525116	0.028265573928936392	-1.0746417662499659	-0.05493276135320782	-0.42352583308129693	0.8955529416387172	-0.4458115135026049	0.03969489591379676	-1.2358653149750736	-0.48972835195876985	0.7600716035556213	1.2660063135795212	-0.9316732250932006	0.010764948659316062	-1.534967619802719	0.6595084936842637	0.2796561369239756	-1.5022793013423694	0.0579351118268257	0.41548224357913244	-0.157440428082304	0.6656625004029512	-0.01449853225749155	-0.11878709553319505	0.8765013973418522	-0.043215444335189826	0.3429576377347373	0.3802004350917909	0.8927269566286502	-0.42543622415442267	0.22592905587377954	-0.5414920989678383	-0.27000130205930506	-0.24147337864586413	0.3378791436920959	0.3781286450733441	-0.12122599297104944	0.46378734157561224	-0.159539568787801	0.10818359180682963
DTXSID3032129	11.981835576356541	-5.6024733218294775	-0.3571178406304036	-10.264531167830999	4.585101368117167	-1.9727709605113886	-6.458018065897249	-0.3983981369745241	-4.089770503148416	5.394256342204368	-1.226408034943285	-1.3418312912284964	-1.9747863013051319	1.3135034189905088	2.2225621840283756	-2.934338488889792	-0.11689117056396411	-1.0671611971767336	-2.909860293387847	-0.10032005964396783	-0.31314691992708116	-2.188860294458505	-1.4821718564463298	2.6858442284921336	-1.6091968786790556	0.36801962199845173	0.6569107370469744	-2.99699229733633	-0.653723037670019	1.1101134366158758	1.6707344639372148	0.5086964755465695	0.4538267838304546	-1.834340094922213	1.629915039891876	-1.4593431397321976	0.5951523202097434	-2.3848255538006278	1.6519275586456341	0.8395227937265681	-0.6867417496035992	-0.8012827813725154	2.2819998996903332	0.505112756867113	0.5097748070239314	-1.1036849645652267	-0.47523999801360395	-1.5289135934825455	0.9271387240750918	-1.5668631202859844	1.012368398164362	-0.8347445695568413	0.7222996042555209	-0.7280115379828922	2.06709250699423	2.0152360753294376	1.4755352287636339	-1.4297513516170317	1.2905172582738662	0.5972929795089106	-1.1988306698753266	0.1286741146724035	0.012746845344893964	0.25001571816198326	5.926824328666578	-3.58390658952414	-3.3659090308892026	-1.1806375331076588	4.510670035662103	-1.9719802906852537	-0.7882461768759098	-1.4250944963405991	0.15302622903392374	-2.3781700562684613	-1.435541638663182	-1.1013785768613389	-3.2985252736548447	-0.8362629048380442	0.46419682576360227	-0.9711167171413424	-0.7345557275291972	-1.5180290550698583	-0.48116508131927166	-1.180523964376762	1.1032949559202805	-1.9860728982748421	-0.5168594025279794	-0.770332602300626	0.12141855713837452	0.319349544141912	-0.6072129717115695	-0.03263224474731991	-1.5448495913502924	0.03276916207029203	-1.0030817412223563	-0.24688256579373027	-1.1091562864568845	0.3261132862758987	0.7281414844853361	-0.6087714749284411
DTXSID8045488	2.1898984070755154	-5.261664661900937	-3.4699850294911974	1.7405351264248365	-1.6088730162561569	0.8510476478647839	-5.559225562191912	4.3887489318166315	-1.611439163599559	-2.705472089729477	-2.144474250689424	0.508967119822448	-7.506279854538799	-4.333080849097867	-6.830143845962974	-6.200376283896745	-4.753171673673725	6.746746639343689	0.11591226292915204	-0.6280090179657055	4.113471106934227	12.078705048705686	6.316608526831811	-1.4729652232445434	4.904018339887776	-4.03710635461322	1.656680940026593	-4.471242865454457	-5.264165294634848	-1.1111426993186295	3.9567168963921286	6.876210707184446	-3.7171769536689045	0.09307361674906106	0.3123333835442388	1.5838823143626106	2.409256714789166	-1.9755543970048548	4.805570669320588	2.312597993676915	-1.4461329998367414	1.8707794349188085	0.7026790598419346	-1.341163295138868	-1.349162271914717	-4.214988705780687	-1.7189996452098353	0.7580660228627404	-1.8751972598693338	-1.0313083765534654	1.9732906728757935	-0.6291058335166351	-1.7618190501435689	3.6037006768402438	0.8910900980387113	-1.7734111148499025	1.673456489414264	0.14474015201298066	-6.080540836764118	-2.3451046757876806	5.9985526992342075	4.339546263570701	1.1454671306344586	1.2247197808039716	2.8578902278511866	1.8202696485352192	-1.054148430578349	-3.3368414047991335	5.959853257537884	-1.0859195941512882	-2.9207585204999207	-5.919473452968689	-10.52032355990005	10.225543194898888	-5.90698290116622	-6.391374033022858	2.537740251512033	5.455616111006262	2.3789771161532434	-0.6095439245429585	-1.31901307226801	0.18443304160183457	-0.25616461504402566	6.58598444930067	-7.741586961950899	-7.758560555832523	-2.7757172669481402	-4.938348337165561	1.4020278799987973	-4.012696963077725	1.0117223687348555	-2.67636442647076	0.33969508133732507	-3.0016872477149166	1.920710714912607	-0.6392698677007603	-1.0284692843788503	-2.802912219486901	-0.9427519505460316	-0.2632772302108205
DTXSID4048939	0.1760968482022674	2.1912100991206542	-2.0297126737041506	-2.671389643546846	-3.3755750360118126	-1.742049260199258	5.3463286822941045	3.191350496827556	-3.275905439791272	2.273128685240029	-1.8932072105002538	-0.39022194123580745	0.10624767825430499	0.42133068068402224	-0.3876645029105647	1.51485352892677	-1.4622257939929832	-0.7507134885446869	3.4086185977227657	2.0310645971879886	-0.9799646696264002	1.1018149724700768	-1.220791419252328	-1.4854802644914888	1.7324449029135132	2.4452561214556656	0.8600632444493522	-1.0452380964297252	0.04002293322352935	-0.14564476345731656	0.28164265748154665	-0.5005576421651682	-0.8679650727774247	-1.5971549368895352	-0.6845513632046086	0.32638573948679056	0.5614137965739936	0.5070848476781846	-0.4856959671636578	0.9269246285635985	0.29223094085894896	0.7634524444110711	-2.1672921096443196	2.7343750871706165	-1.438964513910179	0.49782487453931923	-0.9259885483357231	2.149457718598723	0.3058890539965148	-0.09774759093730728	0.4481141251766547	0.0021717240980329983	-2.2196205356189385	-1.7292743532518435	-1.3567481394516772	2.654515969257591	0.6677064208530019	0.7686108323312818	-1.1309416862179822	-0.2251942642215659	-1.6946743420685602	1.230641255088884	0.25860325750252877	-0.45899050665978963	0.15714240567361598	0.649939088003032	-0.15694755070406685	-3.119750280392133	0.0953354828538048	-1.1772125397222841	0.8173113820497959	3.5229503009241934	0.298372110061424	-0.017841081716040878	-0.8941141943702778	-0.6731126311941392	-1.0871821871912777	0.5134564642012275	0.3838897812884073	2.469748131999832	0.06582032828595907	1.701489813535468	-0.04571331714756828	0.21673035927726314	-0.43958670373620035	-2.078402546995359	-0.7871773228081527	1.535198047197363	-0.6077789408285234	0.0834050043345786	1.6067106240739308	1.3159856622870525	-0.046460019630244515	0.8739388510548967	-0.09667554061448318	-1.2168564582899752	0.7236957589449367	0.13560465095670973	-0.4129581756157805	-0.5259431848735073
DTXSID3021984	-3.636794695615437	4.396013846488935	-1.3412032675376235	-1.6573296556028576	6.995212344433313	1.3969079365754364	0.05365888336798092	-0.3145123700157586	-0.3763129050400596	-0.888012403106075	-2.829913852732994	2.4247976678931717	-2.2084012163898072	-0.5526294427003515	-0.5230843649894807	2.4845267615354816	1.345697017027269	1.2863782351678186	0.49583813142070793	0.13134460566914724	0.611698594818653	0.21492802464155739	-0.495964469959418	-0.7515429537168089	1.0761054772193746	-0.7533780267177612	-1.4978049401062863	0.7073781642500823	-0.5532737069277545	0.13237517287172235	-0.25881082216331486	-1.114155659961969	0.6428655625164853	-0.6645255885753941	0.4072237190085182	0.9357639769754001	-0.3307065045964737	-0.20758714531057676	-0.2676665509721238	0.5845552690301459	0.1026247559548308	0.03627872031750906	-0.7332810895097359	0.8243240222914548	-0.7839326987365633	-1.0974058344558464	0.6200632640328592	0.22419928140702025	-0.21733711988213217	-0.47263974682564985	0.09795148880474858	0.2514117063974895	0.20689284841763061	0.6008705871143496	0.22866880064537445	0.27644135799987696	-0.3638785706565363	0.01774092488747634	-0.5287416946027277	-0.08167706815421873	-0.02193680077341598	0.4323169784627487	-0.22953623937887416	-0.19235157398127214	0.0601448457952561	-0.5330371762905248	-0.056141025757988024	0.7016278545384278	-0.7932700987510015	-0.8021424788311229	0.22683521766284295	-0.009724892089504503	-0.4968011507889101	0.08927898884193963	-0.30509510343639834	0.348636340544144	-0.29656001288203043	-0.0989877331862166	-0.02902419860191879	0.27528008547422533	-0.2947657347877515	0.18709983334218852	-0.28745872949589985	0.1568581699692377	0.12185721617127464	0.07804737216654864	-0.16043386111652208	0.369228612285935	-0.0579157067545802	-0.18027335301535405	-0.16524838956218263	-0.4710016669906553	-0.40677440236696855	-0.271736389976944	-0.5095831411317662	0.062444800229900656	-0.16050071408690195	0.2307786922208422	-0.7865689745596098	0.09650783211010679
DTXSID7044471	-5.489512427300633	0.47170491675107007	-3.0019581833849687	0.6146471895394834	-2.4163959925450533	-1.0139810558708742	2.8131125321143142	-0.22269163011224333	1.5831714585524141	-0.8888344164221228	1.0927117321781787	0.18944636974338502	2.4541209516761247	1.3263208521033323	-0.12528778699281068	-0.3275164195240669	1.009129239511899	0.014046061954575882	1.2439642766722065	0.6892649450923969	0.4710229097049995	1.186019933700315	-0.5648735277365537	-1.4273236475952413	2.940246632616337	1.6304034586145948	1.5013450793420484	0.13827391211223544	-0.24187237995556982	-0.9702450555356884	-0.5568312030110406	1.2785452909098964	0.6311959371556172	-0.991811265132811	-0.07680354312479618	-0.7340521252554483	0.06499205153711722	0.5244186886647868	-0.5193191431010147	0.09953392787163737	0.8278247747750622	-0.7030072734876883	-2.2413336382701448	2.981599990483958	-0.21484757644377903	0.7477007533277157	-1.2771112374313538	2.1471665534546465	1.0011601874780496	1.3452310462926391	0.6676432787189206	0.1267929535692788	-1.4919867661721553	-2.351363695505779	-1.431487094187525	1.2492648279223795	0.4246166303060867	1.7666827023580163	-0.8953806197376223	1.1639021923446646	-1.0265491792339196	0.5977386841870282	0.0699243748916262	1.5561418049733193	-0.5670188886384586	-0.6488839525426461	-1.2282181301626756	0.15862484813152603	0.2090482614526762	0.737356044212509	-0.3041043122306441	1.228190082332597	0.2948304165549081	0.33146931230152904	-0.7441240111735276	-0.9741355895016021	-0.9263777327834769	0.27750666986387956	0.31529441861170227	-0.4090906907434336	-0.13542332898910825	-0.000745538833016051	0.2863937956346867	-0.2886400565600542	-0.39934887307017536	0.21975490894982175	0.21970901167274495	0.21567787398372515	0.6897781941260857	-0.14981536584504707	0.46606521771852255	0.11903624667134231	-0.1630816552239779	0.22051258806507942	-0.2706321681332303	-0.18303853159641065	0.09964258634478937	-0.5323679915344297	-0.32172965682398763	0.1556314373473879
DTXSID6052328	-6.791412980398017	1.2198029715856715	1.1426917630978028	0.2923678462685994	-0.03779697830283065	2.1763703102311536	-0.4459008596999501	1.4889275436685685	0.395897610683494	0.08163966331258084	-0.23448259820742012	1.362050813409298	0.643315009698106	0.7117418692830183	-0.4117429010032049	0.13927503046984274	-0.9954997139500551	0.7702611491770733	0.8134476199928555	-0.20589082634731018	-0.4637056292921457	0.13904191941563954	-0.26338927311968297	0.052051906222275755	-0.5295476672517619	0.15275189660663926	-0.030570834879206994	-0.3639566394768537	-0.5538259084731894	0.5388114358131882	-0.7577665959576979	-0.21439440724652897	-0.8944881642967424	-0.38638668403297444	-0.13684163693556844	0.18911754092767327	0.21057063316618804	0.5194831017035221	-0.15724235238470805	-0.07577662964499893	0.11488600540983196	0.032294420104552315	0.12003434604480757	0.03923034012286675	0.13562356635184541	-0.13893644026316787	0.09139430209674697	0.9117513933476308	0.3377793479537932	-0.04929296437138043	-0.5078329073804531	-0.37666088515231055	0.5116030021425139	-0.01431549212765233	0.5776466117334327	0.20237691523481202	-0.290148095753945	-0.8926071776809065	-0.025617618336338337	0.21325030489438132	-0.675192854253564	0.15756239935797	0.6525584387172538	-0.26026980429779567	-0.31780569992364627	-0.4953160035619318	-0.7355819589724018	0.193530863885209	-0.34353470801840874	0.48790425542832483	0.13795952589754887	-0.4540793256948322	-0.042702263286913074	1.082036696364787	-0.15370323240277198	-0.27649472980318557	-0.5133183258762747	0.1547842920977893	-0.11504506263613729	0.33368221347142096	-0.31722651658690193	-0.11379682166222871	0.20307718317248968	-0.21723317395177172	0.0254229651682893	-0.028283524332815	0.1506884619896878	0.07499568488686824	0.32220193974334427	-0.2171500467203297	0.11857028353906367	0.20711833501055596	-0.03500608539845622	0.10240868091105917	0.010887151482010585	-0.24017759593177512	-0.1073195879702381	-0.21358643285267565	0.17008332193794454	0.06823548299690929
DTXSID1020647	-7.604327217874643	2.0200793542156514	-2.089446129335709	1.4838791263177962	-2.603619067055027	-0.09901225262744949	1.5091020898382337	-1.2056069991461622	0.7038809987109167	-1.9013709201875468	0.19987341462716068	-0.3335861616933466	0.9115727646505813	-0.9694080113161204	-0.70848252404128	-2.5531323623467075	-0.6645896207765677	3.925594459904696	2.1889986181276235	-0.8645081013625983	1.1590557979229836	5.186592523014164	1.4729295926520143	-1.7904907503025909	3.6483238567845127	0.35976242598604397	2.0895284223238786	0.27078600264992336	-2.336212908427723	2.526248317202883	3.885300921729506	4.468977820130762	0.2657555713455262	-2.6899328112908454	-0.25667117371480386	-1.2768334585185221	1.929309537585113	-3.6270668097223444	-2.8277636114383644	-2.0172681822655556	-2.4937563582869533	5.2115984448383585	2.347131216621472	-2.732535032845344	-1.896697984266078	3.183228560687589	-2.2219770984887157	0.19749547779783075	2.052465910492655	0.951628391867388	-1.6483213388032563	1.96314673202484	2.478683017305564	2.3769716058121433	-1.854578659143096	1.1484906560667552	0.704195792329252	-1.797894587116206	1.4680787741711139	-1.2012522787406474	-3.4116114793081174	-1.342522897015311	-0.7765703289793187	1.0112610630603325	0.23561541793865987	1.0602243342358662	-1.2362568080250957	0.5400728724551368	-3.043737473392133	-2.387108303478463	-1.3956280065195905	3.183164537772558	3.9429507748172283	-1.945878695231583	2.007476508047414	1.5181965037054115	-1.6498756944808879	-2.3085817231009074	-1.5258856643224186	-0.9526305451971726	-1.1305612589226204	-1.2387134317209112	0.5146140330917709	-2.019767374590827	-0.639491539847154	2.0442596685853998	1.184280450643411	1.5732692122260665	1.3019792825601022	0.7149654368233249	0.6346013528725701	-0.03926701269751648	0.2683478110182173	1.0752440932716987	-0.1357325434468345	0.22666144700078295	-0.3090648011363787	1.0583943763107981	0.7511723465793472	-0.4416997084050434
DTXSID0025866	5.85851960821104	-4.368043877832454	-0.8879685154028996	1.8201337573092398	5.189130472450663	-1.0900270437408706	0.2648964967550932	0.8459060934263355	-0.7085666448791635	-8.56219879227464	-4.772071813013612	-2.662743729144149	2.7576874772136004	7.527631476903041	3.928036811410874	-1.3080027935426533	1.3919508067484239	2.1053193251544298	4.888609743595908	0.09693241794585036	-3.6279761210724812	-6.557740063958537	9.157950640365572	3.12642141429415	6.51613267026002	0.4688415067136812	4.031172103884216	-0.4495389156693396	3.5235047733855156	1.6686080115139525	-0.9851347849522238	1.1186953696413386	-2.773821651520096	-1.1308366996055066	-2.70928725730688	0.5508663105294656	-0.17413076800968122	3.1068626482946597	1.0747054191461811	0.8516492112190961	1.4465073920460463	2.897624201581091	-1.9453389016565783	2.025294788701129	0.4278731975964549	1.0175951613371572	-1.2828478785803208	2.941170509988487	2.79394314669591	0.5547454758149958	0.06381493119753383	1.189323928855312	-2.5118571379475045	-0.5702117028960425	-1.8649628343993985	4.26673222172139	3.175364974454511	0.09927072226674982	-2.2881442906500746	1.9748935833757097	0.7294326918936209	-2.7455567682462614	3.0389995975857187	4.639709299056497	-1.7393138986256453	2.162336405995379	2.3682043375233057	-1.3814697209023856	2.489357472084849	1.853289096078451	-0.7560633440834874	1.9496526168723698	-0.28464888054643456	-0.28403303685709763	0.42990428528524816	-1.6631492492486912	-1.27534327850113	0.16075792505187683	1.3298777740940422	0.21119385644096128	-1.6097668526381574	-0.12763734021885756	1.770512970688013	-1.6029004813310206	-0.45643040737983914	0.02180914489120124	0.6831909374586432	0.0757952535456602	0.0546229048653822	0.10732284727010574	2.0532186977353812	-0.38590266909207993	0.05834591564483183	0.8766937191485757	-0.34734194607239477	0.8655251877239556	-0.7812302042721961	0.3705797990605898	2.2344039778080855	0.4293405221480267
DTXSID7020970	-1.256926359644913	-3.432048663976854	0.47019180671455574	0.3000774308592101	-2.000979359701682	-0.7032322080412964	-0.799028364268756	-1.0375798074600195	5.497228877773369	4.157941703317539	-3.1979851218237094	-4.1269165295787165	-1.7127201961228213	-0.12719410676578952	1.7669234635326372	0.9431695351974891	2.389427785961604	0.9180943387180838	-0.38261093174932964	1.0218342891993522	0.48392900959905966	0.468722474821361	0.3452995835705822	0.5692002091530898	-1.411654178331832	1.0691932500047483	-0.2363142526703106	0.4035598599101294	-0.10065794891497916	0.9582186871037549	0.6914229359819299	-0.7547848633006903	-0.0036055504082302065	0.5795077631699213	0.3991598833493482	0.5009091997625804	-0.12149276406022681	-0.7757312977928246	0.7134594902095438	-0.5822849304894205	0.8930063137856472	0.9456340832139242	-0.14473193828856273	-0.471589739735459	-0.027593100467345907	0.326460757883962	0.36935915296273264	-0.30991467745018625	-0.2774652434213461	-0.7768806350423182	-0.557993569030494	0.9649264485594014	-0.7807987849810728	-0.020366210001691764	0.01857282537321908	0.4815941964627242	0.7788611596793185	0.4053848638834069	-0.6207374010435421	-0.004466439084577609	0.6863995087589371	0.19347818723622257	-0.7238361568102657	-0.6328739434071492	0.4292862732224976	0.43975219036795543	-0.12004543316143688	-0.27322885017896664	0.34129698040712036	-0.3996986849794103	-0.4308588794100087	0.025604912110854732	-0.32931549378548186	-0.16991236743928195	0.12693322431308982	0.44447263850826063	-0.3101941087607297	0.0187739685942808	0.16804495901309616	-0.22217337056896486	0.18134876522077628	-0.08487477897892243	0.053174424285943774	-0.04619996148214435	-0.3440289195519225	0.31704293753444396	0.04468182691479526	-0.16435188602458772	-0.6825090609437495	-0.05552611491935195	0.12678454480911153	0.02646586992479661	-0.334435957767376	0.05121319015891026	-0.42298217414287625	-0.31870794892737536	0.2634689258642083	0.05372331860251789	-0.2355181151047734	0.09477309756488395
DTXSID0046010	-3.540357952073038	0.6477016246818383	-3.8062885860877302	4.626337033092939	-0.46623896596075165	-1.421909693779666	0.5835995633902307	0.6877847447323197	0.1797811788722723	-2.932062895658607	-1.0018447778516526	-1.9251510286129474	1.7248688528236338	6.176931353310502	0.16451121022423826	-1.175727725725938	-2.2878878618037515	-0.9261064228432674	2.972091131462345	-0.47529773075461335	-0.22740369789179385	1.0438227464961716	0.0066970800348986025	-1.1255619898676703	0.1131090965484552	0.005271299330217826	-1.5531718064556632	-0.5381798265008253	1.028403399787927	-0.5777778620313563	1.293568714026552	-0.5970802845591553	0.060083137348872113	0.8725431544857408	-3.1724605077707215	1.5921240335047342	-2.1292169171062016	-0.5973652918764895	1.469263096801148	1.3961834372176039	-1.2960975200503906	0.43052879682764583	0.9353280041693668	0.9405244399461832	-1.8732591413884703	0.062106129462535395	-0.3567101286333798	2.2111620960966065	0.7749218772142765	-0.06944862500011223	-2.6897334114899825	-2.327992868615293	0.6439389175652727	-0.1379430834701712	2.4185825730512223	0.9248272570147407	-0.6846430503811792	-2.5395216840820547	-1.418222506744011	-1.5929302842101587	-0.30765368458105485	-0.3867412392704486	-0.2048718766156804	0.41722334173149317	0.017399690920398864	0.6145692469937815	-0.6953434801045059	-0.18948105231939372	1.4082390218062024	-1.2779673245926477	0.8168669439471725	-0.2542531974115615	-0.23545378354074356	-0.5292171957202485	-0.9738294170611312	0.0394311199289726	0.34329373893033477	-0.5338960428604367	0.5694368778755511	-0.6883568345665069	0.23398429329331183	0.2367925100604449	0.46810420846544826	-0.06810506226025322	-0.22470332678926147	0.28948965197897675	-0.2733874765208874	0.9668624452966103	-0.4982529036836388	0.5191385740132346	0.08789753344750528	-0.824258533678522	0.46204250168891836	0.9196750345534402	-0.714283569648847	0.10505876596085226	-0.26231366509840875	-0.058849301054391574	-1.560378242808898	-0.19996439429845422
DTXSID6046397	4.566899494857263	-3.6539166238778655	-4.574982620457928	1.0038782833195896	-0.09166394790064145	-2.3589238545174354	-1.6910340479269528	5.400009223900249	3.5856177529395006	-2.5706261662169316	0.8043567517109764	-0.005081050402219447	0.01440797485952635	-2.571941381664434	-4.232031063231791	3.650259176878216	-3.6447600380549248	0.9492221422932796	5.212546352801012	-0.20143458887089116	-0.23434001267635188	-0.4375453525888445	-0.6376373951808003	-0.8651827552360855	1.134167478729402	-0.8235572865473256	2.2878421557829483	-1.764382565361994	0.2670923936520167	-1.338220995073342	-0.9644735201323139	-0.13926899237834275	2.2593646109029044	0.9180626287044544	-1.850548919948037	-1.526916898078715	-0.42518322382699647	0.014991378567917761	-0.7999006634898121	-0.26637656368879764	-1.9755598101075593	-2.220833942475581	1.2292277873477264	0.5263738030946906	-0.7664593501094377	0.26287755568712656	0.03713575523609431	-0.11765938708442067	-0.4214316698935198	-0.5226624305729031	0.7028725927309831	-0.4744793009443997	0.9465983944948216	0.01449283657392614	-0.11997809423396188	0.02986042427333799	0.6556375043720986	-1.556995504959708	1.300507302709495	0.8970896160999411	0.26671476195257826	-0.6669012231924119	-0.36733863871690703	1.0364399466554586	-1.1620549165740297	-0.5019205887619049	-0.5853790637294503	-0.3571319384078818	-0.544177843614199	0.19055802274204894	0.8798351703298355	0.7215592879970604	0.7169029388984607	-0.3820667648529783	-1.1078076374138122	-1.1874595195418824	-0.8707285286705877	-0.430567921789643	0.7156261063276976	-1.1547432419099293	-2.4232817387002106	-0.7811749574098354	0.1827057747260342	0.5403429528273491	-0.08822587258149082	-1.037785192509733	-0.09877823634613572	-0.16090657851148904	0.954652751587911	0.2107394681953045	0.2548531610917562	0.02109516422416069	-0.9441332248552152	-0.12817452937677387	-0.6035846923094752	0.6906075023502856	-0.5522280042326848	1.184174322387188	0.09037252455408924	0.7628495605936344
DTXSID8051704	5.572480502380739	2.717164409384526	-4.913079493718242	4.229579958691042	1.542797781740986	1.2638171552708046	-2.531773052037135	-2.931149411308666	0.648381556401915	-0.350801997808202	0.9364961791601529	1.11499224336497	5.686973072135973	0.2745365885860591	-3.87658514712771	1.0382697556960734	0.6708114842079587	3.244619325314751	-4.938876046266537	-0.3040774466260607	-0.5709871979274145	-1.1403652788121814	-1.7542876192002306	-0.23644368347732272	2.478549493254918	-0.8476726469268413	1.8922918260508528	3.08443530223672	1.871727343915054	-0.11520960891524334	0.16949577428072243	0.290979835848361	0.07798180561685218	3.8263931140878826	1.0911071879057348	-0.1384474552065471	-0.6358801378186294	-2.019218799970553	-1.9797984056788314	5.566300887461154	1.348660029455911	2.1441585637659113	-0.31065958664525095	-0.8274300065696693	-0.1060125388441517	0.0529732684584575	0.8942168260860435	-1.7078671695528989	-6.378611810599071	-4.985268471805668	-0.9593667383290065	5.154409018365955	1.02191975963064	-1.2938906307662768	-1.6911070208615824	-0.4995582876486884	2.7559923023943114	-0.6531492362709386	-3.628777347301982	1.7717297890685475	0.1555128159388086	3.499766608324271	3.8998891946199175	-0.520950730808055	0.018492263629572903	-0.7510825572407706	-1.4908321016537105	0.5187646777969837	0.1623494449511524	-0.12060246647742427	0.12491415968398194	-0.14248041901850333	1.969693185235017	-0.5177462664965199	2.354738607494582	-1.4039860370313388	-2.535630620152518	-0.24588263987198059	1.0050288146051294	0.15538849860201773	-1.0219432946141294	2.768208377433715	-2.7122714019045744	-2.1532915868610925	-0.9381059841710333	-3.4131265610184234	0.09614065760898169	-0.4988622477112984	1.6769928966166332	0.22268701923532871	-0.9375011432472737	0.48171811000781833	2.075820115949859	-2.230023008269658	-0.5913462511853423	2.4989768131158967	0.2840023064150522	0.35397823875516116	0.0030909890927294675	0.037512761609058094
DTXSID8048575	1033.7585198649188	-350.6093377007064	-101.37891194201566	1492.8375027694844	385.59321225731054	-335.73978967825013	2692.4814778811146	500.12000097728134	-659.7000594021868	3134.191622721865	-1026.5360807621505	2706.758346545953	647.895307313799	-231.57583809079043	837.6311025198689	-1381.8744129782185	-887.229609645844	1457.0402721261994	1792.3067553048568	481.36334245381045	1375.7614142745865	-676.5931282645292	-908.7885865207785	225.79925581185975	-530.7689187950482	-915.673702592651	-445.68961470627767	465.32581331897075	100.98490320637885	399.0654167133608	124.9370785769937	619.7461846426314	-80.58173398713133	371.88934065493567	53.721281827753906	762.284925988091	-201.4615288267664	536.8535991562645	-441.4733450669998	151.91723787946384	-43.62000257658821	96.25807896939989	-194.48010968129324	-153.36073341274187	-72.5879821709117	-56.88220481071899	110.06774010018385	-373.52929337531896	-43.83506241573861	251.14875162325808	-33.857507227893024	-603.1773062622308	-544.4306391343939	-83.51469128616853	-125.68316724886695	-206.87722796099214	767.8206150012484	123.78822270552881	-1138.8850925019387	-420.4246386249431	827.5142509940274	-796.310733920056	429.5100459496348	93.43522803897955	-676.9375800390942	-2152.067347596311	-188.03474540672462	-856.3401104355016	-684.9593634271197	253.9521680268816	-753.5996624914617	-1285.1794413389887	-252.09468057862898	-320.6163666775191	326.9265691900693	454.72034493459375	-1335.5945216337632	115.64691750308604	77.87711870247779	-1301.42674640663	1370.1060125984488	-1216.047069519595	1719.4107942467544	-2128.827850388128	-1659.3552148992712	1704.9637743725248	-530.517002584421	-759.0668712017025	-201.61305716298077	-511.45931106277817	181.3430121069302	-1395.189072658918	488.12512197781945	-411.31262781135393	55.18070511895789	3033.459930954425	-295.9278498717632	-95.0560854379845	341.01467513911047	1338.635912178278
DTXSID2032421	8.58835686873317	-13.565046834445477	-13.066220495539765	4.3762988885378045	-3.007929177257719	-2.0812381013102828	-14.122654365353895	-13.635847993745301	-0.9655405297726255	-7.1812451924133684	-11.067346575408527	20.87066138062895	-5.639116346492411	-6.532500433618362	1.6831979754075697	-4.90515052761675	-5.071869333609503	-9.494262933912523	0.28270120102982044	7.89577197980609	-6.323369072882527	-0.3080241353921554	-4.999583726240106	1.9919647736346913	-1.5344273527208143	8.716613820807861	3.5875775636332135	3.8133474390979765	-5.626079926829655	-2.413465898847704	0.2934660260909763	-1.2071881876033361	-4.389190258341161	1.1623753777859092	-3.1447801054837927	1.6762494770927037	2.867407283928093	1.9116834918494543	-2.6648732328536724	2.5847688561210562	-4.30768582321145	1.6324295712585628	0.6090823850852078	-0.437483427935589	0.0544705567053874	0.2319364272277406	-0.4261667762797424	1.1937639804379003	1.7847929881334343	-2.2282454386666934	-4.325633285417913	-1.1039380879851095	4.039591244109878	1.595402519879489	2.2726743285987503	-1.4124654013026459	0.11856862818825971	3.278572545483148	-2.2148677156515544	-0.07249881481006695	0.32706974004587364	-0.2847733149332909	-3.6253767417859595	1.6999486827326626	-1.8336144799184693	-0.12877904461629963	-1.5881193686728114	2.432913308945653	-3.2318265674366713	3.3182770748936097	-0.7750848429425281	0.9323676465822294	-6.9426654007075	-1.1012153259051822	-1.3258566346921254	-2.64301450508737	3.393028839027365	-0.752099379705635	1.7196615076032782	1.0407874645091943	3.027044136230229	1.1800677860261928	0.7720063375512445	-2.9500991471005245	2.6460809874521765	-2.634844181607439	-5.212025449206012	4.9257127105415135	-0.11441049919217915	-0.0019510215420711088	-3.3785164534069487	6.875806797049009	3.2346814736127163	2.997044832444991	-7.891331400853267	0.6432273599867231	-5.2317887149025815	-3.4328598819476164	4.374622102535911	-3.582717287442774
DTXSID4022159	-6.1627237279960205	4.037458617442365	-0.6407186243378181	-1.6224477058447897	4.154927356880339	0.7126502049429969	0.22531341738869104	-1.486692648898048	-0.25041719749466085	-0.36376964938931333	-1.932776564578984	1.7100596888601616	-0.29900612331717424	-0.5737685807850933	-0.27429025099040194	0.801370361558164	0.28270891387226216	0.7428271381259021	0.14038503383702416	0.42925094073791936	0.2977615334577149	-0.636492978883049	-0.9623631633139564	-0.5856250753899213	0.6422875373973166	0.12223017055451238	-1.1788376269854328	0.12315398569940317	0.031054889063145685	0.398064543998463	1.3624815007571511	0.41371380426732757	-0.3070296211769166	-0.5576511118317685	0.04570753546837566	0.4000558271888005	0.07300209234396206	-0.4080488677178041	-0.24581715619643751	-0.39952577137383016	-0.13961131256251755	0.6739483812689322	-0.2958547153524145	0.097706873788101	-0.3818748498339504	-0.36011085359671974	1.0948417786509637	0.47057749282035993	-0.9947703127640417	-0.44346279370875014	0.6495824801003403	0.12629427868288956	-0.9550562333606021	-0.5126815780705598	-0.17146402626356444	-0.3130345774652783	-0.8257391062365914	0.5597375438882645	-0.3273188748061775	0.7337741807779151	0.963655417992868	0.21568033409440346	-0.11708230181392361	-0.1447888335691813	0.16794654489090602	-0.38959085551363265	-0.10168508628760703	-0.2582240715269827	-0.46629657492329296	0.6069752492626113	0.10785981265651857	0.9802903929275081	0.061002245458317055	-0.002750825576592414	0.17595133361538123	0.8199414881227631	0.6375991037145086	0.595687851735395	-0.1370025017742379	-0.14221773082957515	-0.21360869039753141	0.5782752295924405	-0.37496512806742927	0.023421155815212067	0.24912535473809672	0.3157911715443231	0.3378725205589848	-0.34325131257942715	-0.2712200309788997	-0.6121974853897347	-0.29765102396666815	-0.26145897047485206	-0.29131326863668494	0.22205714302713714	-0.586237313284479	0.22908789255348155	0.04330892679687165	0.1477738394685043	-0.05297431192615053	0.27167209621715716
DTXSID1047156	-3.8017109947102705	4.522658131348876	-2.5644911161464043	-1.6965542035099122	-0.9760931271826414	-0.7830320393605303	2.6546496450201538	0.2792281600260773	0.4944771894251194	-0.10686254782353179	0.5663628532259876	0.07185999975330903	0.20069779554767203	1.1093317834311827	0.3664868569196258	-0.3860010405150174	-3.0107035621071825	-0.40945162008544406	-0.8659125503340868	0.21527943087330986	1.162633665784256	-1.1814847235846504	-1.160782276861772	1.9960198501707738	0.3682117127643791	1.094259710372832	-1.3846793540606503	-1.9982628908608022	0.0343834505597386	0.7140822114484623	1.0086536964938406	-1.0649577395442467	-1.6358643142556062	-1.1879080341334605	-0.2657212360816996	0.8615433910873534	1.34625164981937	-0.24422728887573042	1.4137557823105322	-0.412134849628887	-0.9407401345731694	-0.6658653207427123	0.4057378112599871	0.015660600999326688	-0.36864790576238626	-1.6213223801726206	0.5014570231961237	0.2916476229342502	-0.1603448709249637	-0.8194874564494639	0.41200587214110423	0.5469097893392201	0.911524608887617	-0.06502054272806468	-1.3819733246241868	0.9180665136724269	0.8014548537158812	-0.3421245096857158	0.4060978282468344	0.5185127048504976	-1.7691167241548917	-0.6624764016790149	0.4154404390704611	0.7456447009918614	2.0411659664530615	1.0543524880927375	0.7060039667870773	-0.6307529723935154	-1.4789540899355766	-0.2259892670589644	-0.3264023051520963	-1.3042946378748208	-0.6772336338615399	1.0483289332349204	-0.7865752557565392	-1.4959090186891182	0.2490137671491479	0.1342048619012812	0.11948789565684921	-2.0785113244659104	0.6336480014494361	-0.7710005584360687	0.10805060018907296	0.22971654089193497	1.667058579377404	0.896170874273352	1.0103148723778277	0.9534135563623635	-0.22151773115027404	0.22546109625001517	0.31667247503522106	-0.3126246780171755	0.21059370292371568	0.7659471567195753	-0.6255697433322461	0.8639681342288444	0.722036187636207	0.2157667527798327	-1.1962242719332943	-1.1180474233740718
DTXSID3046875	-5.240207776840606	0.8394334258039312	-0.047709806342965566	1.4959651054497825	0.03001520771606597	0.8290966177712009	0.3468918009550049	1.1918182644999535	-0.08394905909770176	-0.5517630793045463	-0.11887337332797342	0.6563457344273759	1.8753473441480846	-0.560584865066692	-0.090361036638435	0.14958419314017393	0.16185547803701575	0.4977936574193942	0.5215344375747099	-1.5282623942444507	-0.29308614286397455	0.7625207041508947	-0.27088894799212143	0.6860069341744696	-0.2916960662219604	1.13382589236494	-1.2133957634463652	0.16673835359318007	-1.1435681167267588	0.6932338696982494	-0.31143122339982354	-0.049462157856320216	-0.8293649893157286	0.13354530693975947	-0.18384252278004504	0.09124916030373181	0.16485213438189403	1.5822785895317202	-0.11667329133524389	-0.4920315923377662	0.7121991920360966	-0.0030229201359734817	-0.8071501753145122	-0.6190931482385179	0.5902075416975459	0.48820881083659906	-0.6039504737654365	0.5251941608074772	0.6748803479870877	0.4886965381758625	-0.49353767934952897	-0.9851466004025434	-0.4802776243768345	0.4048486762738909	0.012359340973541199	-0.3670183475731185	-0.7286362096834419	-0.5982413820416337	0.7843089114301587	0.6286420997305703	-0.3724418395885904	-0.7124594739020075	1.2313387231750208	-0.5151769577334185	1.2910991011712025	-0.1969790531425243	0.5291519188625009	-0.5164246355528	0.9909571731153548	0.7210333189500796	0.34096843094942336	-0.5482677692850163	0.5456014940907993	0.7524674608973304	0.1140291774798866	0.4543862483128587	0.7397381464083531	-0.7916541828682834	-0.1084775471374419	0.5590891900203454	0.07372912331005169	-0.08373638598793769	0.008511534048211953	-0.37390176836501976	-0.3005719794232082	-0.5867617564374198	-0.49329647592601084	0.4491658170095966	0.4962658599472188	0.11056975448841035	0.6347631337834402	0.7101563738219703	0.5089720944287391	0.4160688809837965	-0.4731416635476164	0.1357998200340181	-0.22883018239615052	-0.4459404976113479	0.06807520530919339	0.8118704129758242
DTXSID4046492	16.94542902042701	-6.328866582438333	-3.802005045407478	6.019990045503316	2.959624682970548	1.5765793980683078	1.4930896713324968	2.7160334431436897	-1.6464646609682339	-10.053175764485832	-5.929735114079614	-4.400428754450073	1.0616442286684706	7.049947181430344	3.117047238901929	-3.7301232420316865	-1.5087220725283952	4.85722851813408	5.089942832144405	-1.383369752585551	-5.090717252966151	-8.03278104540537	8.038884089330542	3.0174117404891776	3.9690807419289946	-0.010524437729458115	-0.12038614879213147	-0.2800927123587219	0.5386052507468835	0.5973300574043003	0.6755573827106096	-2.100513983596906	1.0452878422727179	0.6069181536238151	-0.6952055482734021	-1.1473968700578767	-0.9737206142618933	1.9700109252951863	-0.2771474839562481	-0.5928765173416009	2.0569555832548634	1.0114521242255508	-0.6260159040225793	-1.4940883862529484	1.1480117079916803	1.1079990698126536	-0.7529148419860152	0.4643514959344967	1.6289288249827591	-0.583238983628268	-0.6406322272847749	-0.35415512356173906	-0.9957013711561783	0.5873873220047235	-1.6451786943212439	-0.1556345553036523	-0.22433677778690495	0.2996000504385464	0.3531671826592621	0.07814659597337081	-0.3856167135315167	-1.9842008837065217	-1.5135946486336262	-1.0551111817961372	0.7981947942069847	0.5382251236607555	-0.7692700544902247	0.7193989293787215	-0.7653661520510711	2.156556418961206	-0.20740542906372583	0.003833417763379167	-0.7462263692542712	-0.9817641118962851	-0.04790750234110327	-0.1565407453655651	1.149226249227593	0.8659162763717269	1.3753137271635711	-1.0583355562769756	-1.0707840184037154	2.376185175985042	-1.1650208029422227	0.2783273064964257	-0.34876751436130043	-1.209137714581654	0.4300951949585238	0.1876383035641572	1.075771440365892	0.8463781826541882	1.7035459403744406	0.3076778469678716	1.1598028761470365	-0.3780005557030482	-0.6163838785829542	0.23708722158430273	0.028042288155528616	-0.18564888852945688	-0.1350858528155041	0.15090687482057935
DTXSID4024062	-7.177309064312043	1.711892212469907	1.8121729718376636	1.703217440193877	-0.43937460985319265	-0.5394075887203366	0.7404052578086248	-0.6574797079804704	-0.19867234348848709	-0.10398339597058927	0.788207039687328	0.38800319159270014	-0.3526046442931059	-0.418451619769289	0.2767069390783346	-0.9223694885448759	-1.009817917843701	0.28627222738671704	0.3519046996000277	-0.38949533393297947	-0.5512148356892954	0.28829429992826033	-0.3093241072895983	0.7305066390634299	-0.8535999346474958	0.2515103491637123	0.23865274189073513	-0.5038201345263912	0.5027403493626199	-1.1478726539308455	0.5263833682391749	-0.10208137218874362	0.10513313901042307	0.15988629054521217	-0.4568438171927911	0.41063292821163383	-0.7384989219204413	0.30657754601698656	-0.8118811416198749	0.14193573731147927	-0.15080857044491783	0.049863057908514564	-0.16598070123474506	0.37706684519533806	0.6535952470132474	0.7680224622222169	-0.2651365649431496	-0.31570050008465284	0.2987699222879396	-0.19372739273904288	0.2716795941303761	0.7479931110840934	-0.20204621854340735	0.13335656644554	-0.5226241696572428	0.055849485163482926	0.12020852745312814	0.4620137301652449	0.12635583142207374	0.2066426318759211	0.7755476952313817	-0.21349278502164018	-0.17933206244561534	-0.10051742343946045	-0.003800617249256847	-0.235418551838633	-0.021726431113772097	0.3392828844677356	-0.047685403263078824	0.17305699659392923	0.0012941238749885112	0.4349735946133647	-0.05866471864159909	-0.6904392005543539	0.13251433168966717	0.13347569265975673	0.32239987607125636	0.12622561844339486	-0.1235086916617458	-0.23203474125271026	0.17630341925149406	0.042467039618289064	-0.1861564312948796	0.3438021845551434	-0.20095122350201153	-0.2910353331984742	0.06017702155944338	0.1110069313756929	0.03211695352669252	0.09623942165432631	0.0735674080943786	-0.2171078373155216	-0.07000844469229955	-0.09516563106670073	-0.0019309871838608158	0.18938098500793016	0.10485616075021625	-0.16772854507097892	-0.20787669840998177	0.00414504437960365
DTXSID0022854	4.405597536203239	-2.278683077461634	-0.7813562743406498	-2.2526438832279725	-3.39707304376254	1.6714151004982234	2.476748607727256	1.0809263870307986	-1.8772892846402127	2.419454399457899	0.6898987767984651	-1.8966089098802827	0.8078170340860741	1.0539516356643024	-1.153963064334032	0.9030722821390901	-0.41337163727536597	-0.24551068012489533	0.6577734458697136	0.25145884329419144	-0.9592048943491424	0.5698609303827677	0.8718274094556479	-0.7146120104457773	-0.053988470463708284	0.916198746624264	0.8178485308134117	0.4526373129540629	-0.5761616732935604	1.364502613851019	0.05384334823092347	-1.1365211783697688	-0.5419450552708753	0.556910054577957	-0.4266807526743527	0.1065069652990147	0.30303729796158546	1.3539339984512708	0.4176915297707296	0.8101137781970451	-0.31796760127428086	0.22696446230704329	-0.5306528221598473	-0.7201787328493426	-0.18037469915230633	0.2838088047878684	0.058152796124359384	-0.42610535019177714	0.9841266725504937	-0.7490620891793287	-0.8016497685358481	-0.39233119166510527	-0.027965139125704246	1.151840181342144	0.3337860084184688	0.8684141944893007	-0.7462939739100918	-0.34257689900523225	1.3164947146233017	-1.1390547646537243	0.0159069623401577	-0.16736751607136716	-0.18369123161520687	-0.34078827229131997	0.9410273858868022	1.093299250902087	2.0114013795687526	-1.4477709546819189	-0.21655253231108884	-0.9605317527780768	1.161679220574529	0.653997957532846	-0.6210675522405801	-0.5661640272832392	-0.7733926348041066	-1.225522285347844	0.5838557843563305	1.5245759488985071	-0.3740735415856924	-0.13066002316581732	0.32688376854533296	0.29198567887086824	-0.613333256598948	-1.178493243290194	0.4158437984339724	0.28725991554630487	-0.4609788223372467	0.3517945232909675	0.8407017073892706	-0.9418774357482417	0.8782117284499604	-0.6388229502845144	0.057380358947947165	0.9739312867734959	-0.03127383394408636	-0.5158149057871713	-0.3922329721516608	0.06886228773266748	-0.41323004676312836	-0.06447392155042811
DTXSID8049412	-5.322768675704546	-0.7900896275214639	-0.5178607888107651	-0.24357560729380723	-3.800756985372756	-2.2049401492193894	1.997075493633045	1.5366691976032425	0.2986848887624258	-3.018133947120278	-1.457735712968027	0.3468231808337397	2.2765161713643267	-1.0910760775041335	3.103548258775337	-0.6481307009264737	0.4568982773976552	4.783467997949203	2.9808285092577544	0.45681326994478916	-5.896279988398452	-6.338872967028145	7.319701760845549	3.240772741249975	5.752597395393362	-1.2028186178673443	-1.0628854464722333	0.20765442634054482	0.15161537687064358	0.6026993783215802	0.15583370568083885	0.0441636009141593	-0.07784476140784008	-0.59621303207359	-0.5729203639456387	-0.5724831814646666	0.2976242169878748	1.3796753417757648	-0.28595202887062915	-0.5943502962283416	1.1111916819930092	0.9923828869773301	-0.2985663466502951	-0.19653680029610765	-0.20307509422236814	-0.5978790534140582	-0.37238468792691487	1.6260129782559796	0.6956391841895502	0.7211115304496044	-0.6291544189393072	-0.07262682798745056	-0.13059029089367763	-0.4429147221449947	1.0946529220608534	0.07475221543072569	0.8387206264801872	-0.049765217809623785	0.21075838695799184	0.519463396009491	0.6243856936089981	-0.382911763473386	0.6811220978814909	-0.2901897893386495	-0.554569433756025	-0.913268199794482	-0.06322956045703924	0.2013884426417334	-0.6790279626985285	0.7195707374599289	0.1435856022585418	-0.058784565188937474	-0.7429184431063487	0.31403814259167956	0.869470941695791	-0.03993847590469847	0.36812035732933795	-0.03854943041255393	0.49956666432535085	0.5698114560060493	-0.9468169254975122	0.24801073002231475	-0.25414425496608267	0.63298403147679	-0.14795511054840746	0.20227660694174437	0.9858176692215324	0.21468120956078388	0.5683170261189513	-0.7002956883844392	0.13407353302739222	0.11389557957105063	0.09308473654497824	-0.4498825192805859	0.41216733644443065	0.04647832589104094	-0.054180905292325554	0.24773645207184214	0.05376421697295016	0.3025203615253032
DTXSID3049201	-6.04358027923926	-0.9980775668984111	-9.834930152120577	3.8956227183070804	11.6122255025802	-0.5283540952030225	-5.075301794385295	1.8805195921241158	-1.4106434905397056	-0.8854266936458965	1.383910288112531	0.05058658272562377	3.4685583124613997	-4.837027813393942	5.3871354250160906	5.261292269109707	-1.5348039652512522	-0.4154610332201274	1.0824182802843143	5.066802092019254	-1.8249228576683505	4.5343444955241266	-3.784027002812517	0.5014929967790724	3.243789445999928	-4.188469681919311	2.540943492597565	0.03611994436118825	1.7197295949290674	2.2970706679880095	5.741671973381198	-2.7629870003231414	-0.8981930646147013	1.6507854092045458	-1.2087528752578953	2.61970421605963	1.6541382755884946	2.972980792141523	-3.2011128548275374	-1.8924281649121553	3.0089544266333275	2.441813351553738	-3.015666335734866	1.732811214512086	-0.12180270455452387	-0.24770498133554805	0.809467751342835	0.5672584598981967	-2.0952924129162565	3.180289115028076	-3.1015884450124283	-0.1055237944458937	2.948263258202533	0.16417913055721628	-2.9244771658699795	-3.0321532467265753	4.231875342861397	-0.385717513548738	0.4894800233829249	-1.5277140210108626	4.912793356105034	0.6691128292369155	-1.1334050945515828	-0.1301549628929653	1.750461716843125	0.07730938542026654	1.5466728154637344	0.9313307001155376	1.9741187199748642	0.9388999078614022	0.051138243298224584	1.0149200022493252	0.3192534849144226	0.7548451810209376	-0.16538492087786114	0.5120758043088728	-0.855834567046059	1.7314859560730367	0.21544392936287915	-0.9650028637230896	-0.11659414387551374	1.718847100079173	-0.02748524706480982	2.6265785694453805	-0.5800139414610939	4.848856975143288	0.8855631018193791	-1.1968332209310477	0.15607826492114862	-1.4376255861762746	-0.3450292784261551	0.33063180952121723	-0.17395373597031455	1.9562760610682932	3.144977065036384	0.913563406284697	1.585489572325853	-2.960578669266566	0.7927024262233775	4.266295482057166
DTXSID4040686	-1.2601846868392124	-1.4285322259749376	2.307152790108961	1.3924447514370781	1.0546261972452797	0.4691472150728015	0.2512725704777744	-1.084141496722014	0.5174734103478963	-2.5143847592373816	-0.4032909629554183	-1.6138947450127594	1.5055776531094303	4.284347118125383	0.01780408082231577	-2.028641827197053	0.1403525933520507	-1.301404060928829	2.6015505319379764	-0.17315718574877362	0.4764069883551264	-0.28185505589409277	1.316377283575005	-0.895302286974031	-0.4573410411760564	0.5672366781819317	-0.36410025654157285	0.2860567937381824	-0.5572871882987729	-0.7950589877695179	0.9491573002337469	-0.04716380277021098	-0.854321268394874	-0.6898648361017766	0.18840033608579576	1.00617425624748	0.43287031289077477	1.411709405838361	-0.9484358727568131	0.042619488684113485	0.5935809582586701	0.07866171632657756	-0.7434882589712359	-0.41330959196405026	0.2598458816044618	-0.576225917083101	-0.45173476634806997	-1.6894901939673692	-0.27275580311144276	0.32443848732333974	-1.1640371665152696	-1.262362753715104	-0.667290149941134	-0.7058363356879725	-0.41765863827166705	-0.17367198151409305	0.8333300306521951	-0.11370697792700422	-0.557161933235667	-0.5448473776774788	-0.17963927804649799	-0.8634124675634134	0.5641222103817731	1.6185134554976612	-0.26487402472839283	0.6332625530889009	0.055287621242019074	0.2303842331978514	0.9214722542954427	-0.8327015911137872	-0.30897302278570166	-0.16472124772127006	-0.05774411126023909	-0.3780696734726144	0.10274747273839512	-0.03476531013314488	1.0321722530861879	-0.6382448710263333	0.23564040796863328	0.08352393553183121	0.5312745643301746	0.24490093436384927	0.25910884687615576	-0.3286763003647868	-0.028574025792372903	0.4867999435953429	0.43515502611983	-0.07037141959819511	-0.48857161658958287	-0.5511612105742759	-0.42172762699165484	-0.01769784041268349	0.6689397235513511	0.08930089979811756	-0.13452535554285014	-0.15812848691251843	0.25449749910745656	0.04348180890635164	-0.3038560197820187	-0.11063086106077276
DTXSID4042337	-6.55477174390667	2.9020855555643283	-3.5463002345148746	1.0707492988430958	0.3413433726806452	0.3424303203346549	1.11422463977758	-1.8101328772145444	1.1420479987623198	-0.17422029129479272	1.6611366801474186	0.8041601567329435	0.92587121747365	1.0951371070937423	0.057671655280371076	-0.578746915129041	-0.1686781649063777	0.6240459361666926	0.4325046095529894	0.4305866125608388	-0.7927072916096731	0.6752787418598475	-0.11320126165692825	-0.3087448854790359	0.4970630123193673	0.11477039685986545	0.44866280787911567	0.2247393232666379	-0.4027373410650654	-0.5524100919177076	0.17106566536677015	0.008433479315835653	0.24715190520546634	0.6605259556304415	-0.058796171511000375	-0.26304473790341903	0.6870898886464217	0.6836946411203411	-0.04658296892014843	-0.3700287971829064	0.10770070946024687	-0.35341562803498794	-0.22621932413998652	-0.53420091767846	0.514176918442333	-0.3669439814828312	-0.23409008078405333	0.1004168611148005	0.23863758160108967	-0.042408268841855896	-0.38521090878973296	-0.3510496207450549	-0.04310487410359808	-0.6093413910909994	-0.4692258932584963	0.08914015889691866	-0.5924802983416968	-0.3631183057099604	-0.35088513184738407	-0.02073935016045041	-0.045842861541526496	-0.17339706782160066	-0.08260982340385603	-0.2816169198649998	-0.337104642367151	-0.08017595600913555	-0.3080787192427251	-0.05010625975456481	-0.006001602249576672	0.5414155307436371	-0.6773076902953759	0.007999006360592063	0.05919150457477705	0.19684341992180696	-0.34651316486679656	0.12502318221885023	-0.2600247962533958	0.24781414521378248	-0.20678577230732395	-0.16858888679040385	0.34696843256103227	-0.4500943504338469	0.5239975679665926	0.013345445963881588	-0.016486123639880886	0.28021229682631954	-0.0243689915339394	0.2577159072821942	-0.34912371331644354	0.15051150090071796	0.36591740624891506	0.5299479599855412	-0.5344867217374856	-0.15059015334888612	-0.17751254605081224	-0.24630618984379385	-0.08782332947380339	-0.27561314385077335	-0.06835144077522858	-0.05036207277177942
DTXSID9036646	-4.555097213924292	4.299395058372255	-2.5891793668555585	1.9162008405862927	2.4466110200001885	-1.3244532475023152	0.6576993921951054	-0.062432596447412385	-0.2844631547466706	-0.9679410783065362	-1.7610169307581767	2.097706128707986	0.6346095085808825	-0.04793441327381418	-0.9192085081398975	1.1882355215904876	1.4902227686259872	0.6874469488817831	-0.059693764271261274	-1.429860156308263	-0.6555011926075331	1.9069132520387073	0.3749957833755726	0.9814134309246333	-0.4797436172517782	0.4129750458181681	-2.0725697243637615	-0.9153554259978618	-0.9006419435766183	0.29507739905205	0.9131236726303243	-0.9285944230611456	0.2223531681956334	-0.9363541467215742	0.6152464598666523	0.5108897969131309	-0.0338220198813051	0.7893944114740569	-0.05971209249061724	-1.1233180197825001	0.450251667763531	-1.2162763780988703	-0.6484187577692502	0.05371701790671742	0.2258261764649853	0.10378603764487049	-0.9106749646486434	0.8309720378403107	1.2112601828861644	-0.4274904857278229	-0.7722408086837694	-0.9061270294406023	-0.3513996171951387	-0.29644322145405777	-1.014797761845309	-0.7103032390498762	-0.8064603740837313	0.038071448851956624	0.7300677147133491	0.508300439525821	-0.48386253661805123	-0.14626798680925157	0.550429340628682	-0.17461385364540263	1.079976730358599	0.7033364342959244	0.6375475810102589	-0.3473297673856146	1.216446691221154	0.6208334956663285	-0.10775154071565266	-1.602691908400099	0.5934459293506621	-0.2631512514449103	-0.7060097646631363	0.3808579626321815	0.6430184907941153	-1.2774216576429962	-0.4053522549468827	0.05142278637267439	-0.24476124480419328	-0.6473216802180002	0.5027489518760064	0.07475289619916825	-0.010346732433109193	-0.08091142078763196	-0.29760138838906597	0.12287405412689817	-0.018331376216486707	0.24079119379972405	0.8605487477568496	0.8695606928565938	0.7317943113896509	0.07736086434328467	-0.13476061010077214	0.7780884396186685	-0.4708843704099775	0.21284714421437426	-0.06964177803371246	0.11322111105243816
DTXSID5027300	-8.362967953088585	2.0969468797624167	-2.141174704541263	0.025457259005657124	-2.8685297238854295	-1.4363075782902375	1.9822882591421862	0.7636922629017101	0.8821479743009091	-0.5343155061742988	-0.14529266752124997	0.1268500152910756	1.5867931679735998	0.5158618049620824	-0.042310956674537756	-1.2775498500607059	-0.5804893663079979	0.10896499803282093	1.4715428120971903	-0.1945038265701299	-0.5535949749794865	0.5007455182739752	-0.9413382659188287	0.1402608639040053	0.5821828705462656	0.3655065138620341	0.13075000769051048	-0.7631252259059628	0.20259502335482674	-0.7779111827172789	0.7420284764956588	0.453256050232311	0.033844505195579085	-0.20828733620415268	-0.7512940594761334	0.17315350455585127	0.42949350454061785	0.6105301652436183	-0.8346038619165573	-0.20203745571112053	-0.6566466486208564	-0.0529915786714649	-0.1265612986243016	0.7051596942791346	0.02164767763306658	0.4390493662066734	0.3540085359071952	-0.09560256626217088	-0.4158817998245088	-0.5236219241507044	0.34992015147815897	-0.046735300485542905	0.13116349334408173	-0.2934720298499576	-0.950137746176632	0.1225586887503675	-0.5870901001289827	-0.7113983062068072	0.5603857136576358	0.7312680423155027	0.3657664096653577	-0.4352472463019863	-0.335099793509125	0.12716230804274756	-0.3732852865288419	-0.969198308680668	-0.7089768082839865	-0.41254151517099463	0.2347474348653557	0.14910807354151512	0.16179466833487496	0.3203662614604403	-0.04273317880153971	-0.041536244754424634	-0.3807134615235088	0.6014318631165071	0.5146664468720246	0.1342459307439684	-0.3134128733720571	-0.17023118278259664	0.13783365939143452	-0.27481619657741013	0.10432072234165037	0.40212229374809105	0.3219933017717891	-0.1158704251326201	1.2674196058065192	-0.14346740261244426	0.8745197581226274	0.3263907207415435	0.0514948741357577	-0.17054004119858182	-0.8192711913270282	-0.0921720168469314	-0.3442182417152844	0.15527106680547934	-0.5338790125210685	-0.25307451215334625	-0.1315471931830524	-0.19099970439324715
DTXSID1046213	6.816811010080106	-5.1281035725183735	2.4649195894493667	-1.7610335458578885	2.2687533548152232	-0.4244669808022194	1.942231142303187	2.844969340547905	2.9439144432478908	1.2600629443638773	5.977529991256935	0.7485222781288923	-1.207475946282048	0.371744997412155	-0.24853383054246467	0.19062842626799797	3.4662672878935252	-3.272578348526422	0.22588934380290498	-1.9783610024891018	0.7025811716467123	-1.7503970198675747	1.2391554738652337	-3.6733427351519636	3.3928797365365533	3.378113112038483	3.185074684345111	-0.009023365066102787	-2.2072809315056796	0.3787372584063851	0.45204575147565235	0.4239188436482287	1.5786878727812348	-1.3030410733191449	0.5791645434140054	2.7038439869089657	-0.4726431750276053	0.19634390190735102	-0.39608974839545	-1.1355296117297013	1.5359010001630815	1.228745131689903	-1.0036911747898336	1.1338199834629006	-0.9380391753056545	1.4222767493910782	-1.4936313862267878	2.1152659919049563	1.9042829548490197	-2.3290885501982066	1.6174343647057454	0.21335519896001467	-4.007270521962132	-4.1585564669832875	-1.4154406279188338	-0.29266738081249843	3.2288557755666294	-0.043798548222133304	0.31012408111772355	-0.12160858607041763	-0.20507347428609712	1.1179345663726215	-1.474739548011757	2.1837254000700144	0.770478373052971	0.9747948787304177	-0.2044612146811614	1.0324023202009727	-0.39542979627959884	0.8377549945387355	-2.4174332805492287	0.9458415343718802	-0.6300385200926312	-1.6040170993811753	0.3642602638280855	-0.49600140177213264	-0.3717496342574384	-0.4506928972999349	0.5208826679445727	-0.5489532804054621	-0.030643590513141913	-0.6602757828632421	0.29255450096770214	0.28696444249867264	-0.42741319360962304	0.11733537346683068	0.605071020458684	-0.7165743291078549	-0.18637300651341468	-0.7035074166242511	-0.5244474754224889	0.6703885499171156	-0.25675661829219887	-0.13094896115767415	0.3052547834385058	0.0437377496254287	0.7417098258400778	-0.3744378363652002	-0.5221116694153509	0.6270251537611077
DTXSID7025716	-1.941864326578032	1.7211643225119158	-1.346901213435786	5.6428774628094995	-1.9319516750517551	0.0029888051728321693	-0.44833496235709236	-1.5114268095592194	-0.35635420746853086	-0.29619492986910345	-2.1159886545110487	0.6347396395618167	4.847160276538571	0.3447949820764762	-3.3555260730368883	0.927099352544093	0.702856387394922	1.8168372321977118	-3.4098099475651624	-1.0856843036163295	-0.48664045552331264	-0.30248983101287635	0.34328015801470546	-0.8676602912965435	0.8855023341141778	-0.40851449949247925	0.6722921746275012	0.97727325139375	-0.4363111042839449	-0.8397911306087015	0.6295586024787947	-0.3534840548519181	-0.6568920922528863	1.0955884185429332	0.2811480457496257	-0.34330425274033594	0.8148161778483756	0.13913912241584303	-0.5009882484938024	1.7964639413055943	0.44099927403367156	1.5966897929733972	-0.34045356217226397	-0.5150618720058591	-0.26734602341909164	-0.22712094051530904	0.039162416330911005	-0.40798687533786393	-1.0502401625610769	-2.2214029079390145	-1.7135512524942054	1.8379052192560403	0.2741400928400494	0.5106165212895927	-0.6555063365092619	-1.128353634382009	0.957758822945936	1.2180459294264634	-1.5030695174029254	0.4346764622722809	0.6642385416001527	1.978695605056147	1.3195988986587026	0.04527826642395072	-1.1261241321612878	-0.8523647268564332	-0.3148534476263714	0.6182019012833938	1.611047654702399	0.09934617481693962	0.776726559542322	-0.6212190475850226	0.5572305987157624	-0.4770285068264947	1.8357711953289992	-1.1312857750705414	0.7186185113366429	-0.18751873851332887	0.6288466071420797	0.20932740961516247	-0.4500807428929609	-0.5872078730854998	-0.28799410985913815	-0.8738359751059036	1.4845941327765484	-0.9620453386162883	-0.10326966935339343	1.3835545412033798	1.0976706557182916	-0.07238763522334316	-1.3416520386519886	0.3747123878931307	0.43708069017221296	0.888276929449752	0.07217073799046454	0.30466665848507873	-0.3987324306975568	-1.3938668252591477	-0.6289241087987824	0.15802661128535073
DTXSID0041987	1.4144115994967206	-1.871983979973225	-4.123116574641754	-1.4756823730878124	-4.454275195085726	0.7154993226677566	-1.354729701219193	-1.6882012618628164	-1.542179327673266	0.5172017691202306	-1.7093457325165644	2.470019152657611	-1.3597335587685362	0.3216911435091116	0.9495757507593222	-0.583982037989373	-0.6891242360371229	-3.376632701854563	0.3140939801250696	1.4103120434616614	-1.1557475872947602	-1.0439654589202556	-2.005282469971843	0.7738594957607751	0.22841515695974451	1.0304289969064213	0.13261883539322195	-0.9521476194357447	-1.7792898811074684	-0.1342078397828827	1.9297142971529109	-0.026844265050898677	-1.911538855582862	-0.07637970025477385	-1.2657262775850664	0.31086072960289335	2.3336975620075324	0.5164796381155408	0.772456738862225	1.680747950215004	-1.9204443041740673	0.6804798640022744	-0.6934705053727768	0.6332230831738567	-0.36902729304130827	-0.1859245180413948	0.41804768769642053	-0.3939740544309928	-0.4933473195734337	-0.14163635658957913	-0.5648914677589746	-0.13287102521295002	-0.034431536584795225	1.0811738173795462	-0.48500380526852066	1.420369610566942	-2.4881835874997935	-0.0020449966364594293	1.1820016974620133	-0.8832254380363126	-0.16392727380813893	0.8330014786450547	0.9928713549022052	-0.19701361864700484	1.1972652889430533	1.1129017626956235	0.6036270566420311	-0.18329737224929946	0.036160056745953975	-0.8236211454644145	1.0947816456061195	-0.540615560690196	1.2768860810406668	-0.6791326900466209	-1.2196355990351495	-0.6876571901822525	0.7873832593752672	0.847724590601541	0.29160057201556216	0.0892838563925192	0.24241924765540768	0.15823023859233165	-0.7222717782259777	-1.4417530895605215	-0.15240521185987332	0.15587950830777098	0.027510535630350896	-1.0988955728164966	-0.21305954131343294	0.13933845369456407	1.2878238306258385	0.47402844932942556	0.9094391184578084	0.3616378318708067	-0.273202143653507	0.5937406088581508	-0.47010171728841244	0.1952612959060258	0.32639874284034287	-0.07387781212517144
DTXSID9027314	-5.115233521611221	2.190688964887989	-3.0389250930287153	4.3855946865141275	0.9472893260750104	-0.19664976232307302	-0.16974916607646526	-2.238851127278167	-0.5856835429585161	-3.1894243253703034	-1.7455848302912604	-0.801120834261262	2.5159264358416547	4.607693734064928	-1.9012069659308524	-0.916591765488012	-1.4335273001877975	0.5267776472901592	0.9674076452863889	0.5803840893596265	0.4006934981656419	-1.1359177405195369	0.5149317594043645	-1.088712176205482	-1.1243559318343397	0.016175379893067485	0.6812759985645097	1.0008165086420147	0.09164395961114973	-1.1883384050699757	0.8737557517419345	0.11092094344560743	-1.44802717214613	1.0010957743715618	0.14489357954277857	0.8227985844385629	0.49886424519780936	0.746908831699049	-0.5670045013226802	1.162057058067687	0.3511733503199676	1.486914175533556	-0.41096596006062613	-0.8302489796451114	0.2741392563348386	-0.4449796705966343	-0.013041049196996895	-0.5863125050062984	-1.0236989687351044	-1.3405261408782703	-1.2920161557791539	1.2817920923462578	-0.22104008133328293	-0.8383003199244942	-1.176462324582217	-0.3731105748892435	0.6755060754520097	-0.22973258146291808	-1.978023406843514	0.09426303564313815	-0.00975886343475304	-0.22633105148807794	0.4129930467788439	0.8344675082986296	-0.7681139814528893	0.07752051619737453	-1.0475882452431542	0.8350068775077042	1.360228087441977	-0.5059981128917265	-0.23975118071128973	-0.5492988312086732	0.15310563687826978	-0.20863129101172134	1.0473022883693976	-0.4831541906800827	0.6316250899905984	0.2004183463434223	0.5849506684033273	-0.1979563208838868	-0.5827968187534411	0.6940996567169223	0.6084407215574267	-0.697522736254727	0.25186031014999294	-0.3774670345424491	-0.0515509728809677	0.466729662054886	0.3056691555947205	-0.11934897349631196	-0.039296108220922034	0.029990455924197253	-0.005124742385164347	-0.6013036481347726	0.29647726891724246	0.4345623810677481	0.07738536037434819	0.30629495150535807	-0.0342670749638812	0.19816412041341294
DTXSID1057664	7.561380148439048	-7.365333447555695	1.1221049364669198	0.7711082675631089	3.24138513362201	-1.2169005050384292	1.9409566153892597	1.1130902860184675	2.3778963519310423	-4.159239802298366	1.953084085387054	-0.1538776837188916	1.2160780300867995	3.466427411366136	-1.0353498022143002	0.0840185067453755	2.538098747111731	-3.261458169923609	2.006127193581894	0.4939717366066786	1.939852445169711	-1.2966677109403277	3.3727760055103015	-2.6217615735507858	-0.9425465188677266	0.7622930820077549	0.39512054596820845	1.4136739927895299	-1.9985698741957048	-1.140472936161866	1.58578725780343	0.676394955031144	-1.0942584931977457	-0.3946526832002278	0.6697057100004913	1.3485104433321708	-0.25026260329483757	-0.5732753021014787	0.8558532178367639	-0.39639337271733044	0.4511356349164985	2.026643158789144	-0.17439946988754357	1.4190025392862546	-0.31102417252380377	-0.6907144498041459	-0.04511324496577014	-1.5698257616362996	0.46792687748064926	-0.17044928272206683	-1.3478139905645106	1.06918354810253	-2.4811278486230326	-0.9807523475278469	0.5188806598777468	-1.5827857681023103	1.1714776796428084	2.0947582676227436	0.14873828721268878	-1.1310715401697615	1.075449851239224	0.20978283021972935	-0.0032855509543357436	2.8670210506183174	-2.3102040518053206	-0.5808134135695242	-0.6595058948867001	1.5292654831906853	0.6362300957011359	-1.7505819380596523	-0.12799868253042462	-0.14499003251173778	0.9270289360087756	0.4847380677464452	-1.1557509475422014	-0.8582883680012953	2.2225610381030303	-0.6125324024106942	-0.5053999333357114	-1.0539046536933918	-0.29065550662258927	-0.2070430636725481	0.08901706500336701	-1.2031338130990101	0.640580220406003	-0.5092409363042949	1.6179737217358108	0.5493620890472721	1.3327816624617694	-0.24366411950172054	-0.5282499516862682	0.5449003077487783	-0.8082704709454216	0.18135624164390196	0.9717683076795018	-0.24044862462630795	-0.6622103476933446	0.39217587568251744	0.3810248400178622	0.6227120394424811
DTXSID1040742	13.760070355796762	8.837809628501295	-1.5277423514979647	9.048093069730308	-3.787055986751064	-3.7665123317249067	-6.127422649831532	-0.1927238260321014	-0.4298111599412175	-1.1123817614541758	-2.450454789542738	2.348478634048086	5.749290316214172	-1.271391830113548	-4.624021305654553	2.0117835393804513	2.340243429609156	-0.9469525938591566	-1.3336893899442415	-2.510040768686997	-1.9879928177524246	2.0913801667542176	1.3512426539831215	1.0300879715000721	0.6289865383479665	4.071666533042359	-1.4581195178279127	0.9658619773065757	0.1947812665554154	2.2624433148147207	0.6214704125981491	-0.5491388555326843	-1.6523304296722687	-0.8999030004651224	1.506661861172791	3.9639353938486606	-1.725759994932015	-0.27030651065267997	0.7337754184121315	-1.95388650898023	0.12605110145468512	-0.2219789160338325	1.013499405363362	-1.0979612105714045	2.2313397666507946	1.541392144128959	-0.667917740658119	-1.0646706996573887	2.85567031577458	-0.019466118264684536	2.5378431271710142	-0.9196036672575463	-0.03031306382654045	-0.5538958359258368	0.13843271774715948	0.858937687836685	-1.6542689043767702	2.198387614459012	0.8852759518536961	-0.9720127209245761	-0.05623898227650014	-0.40869119787228053	1.3757126736821108	-0.6751392106500731	0.43373934219862015	0.37346078541797034	0.11483225069957717	0.3369118028251714	1.345198463477746	-0.5966384592854558	-0.45301094085562094	-0.5882978527986148	0.09229652596140502	0.74634294130985	0.36395739662553483	2.059002022495321	-2.2446988424860534	1.7120070733828474	-0.02686504023127659	-0.93101991672641	1.307145724710178	1.5581527591152446	0.5289902199862382	0.6893155025508915	-0.3813173565010575	-0.2750003918411524	1.6070184661827858	-0.09139893651028137	0.6941580754082628	-0.22695541070910522	-0.16812492936549464	0.42784492682298797	0.289832067408625	-0.16494636406548718	0.3574106941960654	-0.3442217930812251	0.0012636211728761855	0.6043494369935157	-0.3253264541642969	-0.05658676935530564
DTXSID7026867	-1.4553896055321651	1.0743047728481907	-2.2869832194684	3.677291824959933	7.081220514001097	0.3017113287812158	-0.7559527256317644	-1.9905524336715394	-1.31880272096388	-6.220180571490956	-4.489614014822891	-3.139477493402861	-0.6351341831657066	8.008578305845194	-0.8405317787225295	-0.5294448114862303	-1.3487928853946727	-0.02513477986595036	3.9135949173491	1.2235806765080777	1.2623666797738398	-1.3157900724232658	0.4192898901777216	-2.1337389545842074	-0.25337298551239706	-0.11248720875605901	-0.43805521301632605	1.437332029141598	-0.36929703373157347	-2.253510454396829	1.2755926787007514	-0.1153370731267703	-1.6943515845846833	0.7974322219155694	0.22245453727100442	1.3561044573948344	-0.1123094306277392	2.5421965540235414	-1.5242637778308272	0.8621659021746435	0.47261880119541977	1.550103250472969	-0.9136641793012549	-1.6989389447120986	0.38650751989964655	-0.4481169623765504	-0.5043626828583965	-1.0531780586672372	-0.5033071814540259	-0.19524125325956793	-1.5391290578686962	-0.5855608342353197	-0.5963936319560972	-1.0441235958877828	-1.0248160010489806	1.1251894297947376	0.6127335314913449	-0.14127384410631338	-1.3651729905172607	-0.03929778627032736	0.15643819700604938	-2.2967957763912934	0.009453248495966512	0.6237177095322926	0.8173525954064595	0.6068783648910263	-0.5877029966088115	-0.13808151268144367	1.5049707126176122	-0.8105378130385383	-0.16575696449653182	-1.1772617030913823	-0.16780801788707514	-0.44213538156581794	-0.5466021862074885	1.4412241458104882	1.065241921164082	-0.40483702546683575	0.3641924113884666	-0.10952548226410735	0.13572333221989713	0.9432378224880629	0.38852753021945696	-0.4555900174596822	0.7350681893411781	0.6261159229614596	0.43699283718668774	0.11049094036479182	-0.6270163093045221	-0.18479977321942906	0.1939620807488903	0.47662179613941	0.6554698496489659	0.48567679645155815	0.4975488740730248	0.2737284791711386	0.4878681733244069	-0.4467632508770149	0.32924275700160477	0.5154516768673818
DTXSID1045245	-5.264345764197137	-1.660853731306542	-0.7114541116453335	-0.10562766935053292	-3.419553633433159	-1.1150776069427921	0.1953643580951789	3.204920920106356	0.5726586069193066	0.412662727078105	-0.1494630119276891	-0.20010239182071665	0.768250142498651	1.244734276687977	-2.328127691881185	-1.8242118292004412	0.3569256170090247	0.2847412199622229	1.4856784681813853	0.1589933752849019	0.009143518962692183	1.452044487353301	1.0090718308315734	-0.958577591912898	0.8371033801553757	-1.3657209369745087	1.687110998190755	2.439706750372833	-0.061633735047744304	3.217830923364552	-1.6243532634415867	-3.9519388087415077	4.787856577289961	-3.520765898625256	-2.5312237692942055	3.3566751861414805	2.614526271329021	1.7139649297789183	-3.9469509923553634	-0.6058108896731301	-5.796244714367308	-0.40708770876438966	4.397061954422199	0.6934575365858564	7.568313691181881	-1.4984304755805695	1.5549972229622866	6.4230228691261155	-4.931305156243938	2.4844460633486127	-1.5029540534207382	0.7699644337238407	-2.6843050689233303	2.6465186199680097	0.8032386467849923	-0.3919484662771154	0.48009811811704967	1.7381929313470008	-1.5280351428501528	1.1732421793153125	-1.8099654061815638	0.15960734951622121	-0.7147175231602819	-0.19593846259081932	0.3985672047949142	-0.6357747818492123	-0.16344169892956856	0.6180236711141818	0.5906231071254124	-0.6736093329913312	0.17444259378802388	-2.023152658582464	1.0806030966299605	-0.5191035623009314	-0.8105461949749658	1.0348264833756708	0.2597408130279748	0.91799759325442	0.16372227542655457	-0.8891355249095141	0.6773695511504307	-0.14575374371225752	-0.5878836251151749	0.33407307242069134	-0.22312293168840924	-0.6172243727076007	-0.10952243456243428	1.3725154613481967	-1.227435847197706	1.1854294773910428	0.008189968669182658	-0.008573983117646518	0.5154403529112804	0.46519740378838165	0.16170563045174044	-0.5788655318417462	-0.7478477572897745	-0.3522182208442012	0.5388034912174458	-0.09535288770928067
DTXSID4046604	14.236084037496473	-7.665915203949456	-1.7371676340182363	4.323364622085067	3.4088845306397624	5.580133178106062	3.0642131071745218	3.8923309181723598	-3.9422957653023705	-8.080479557361535	-4.158236406787445	-7.115989667915878	-0.2560058873985177	7.026446137108452	2.2300273519813327	2.847862295651047	-8.962007208711425	-1.2850755018546152	0.8670641722474438	0.9017336093757561	6.662325993817489	-0.6202984209158219	0.2601895892869638	0.2946130153718149	5.831776573172054	8.244688783805564	-0.613137441389714	-1.270490009460473	2.7757486510262432	1.0167264221442793	-3.036150676883928	-3.121504633104096	-2.3783361168778727	-0.9716724267277889	3.5255210096780614	-1.4335655790009436	-0.3019931465207274	2.2248631368238447	-1.27386294385167	-0.0565092432724869	3.5997399893424116	-0.3303122859064053	-0.8375225442135656	-3.6223964539380225	2.184725233531167	-3.7506895880817654	-4.204877560764628	-0.7896120522405783	-5.081349398223762	-0.41603275980102566	-4.294369012946046	4.167397592631367	-1.379144943895821	-0.2361659392013193	2.1694096481435774	0.12813920766148015	-4.1225298222085005	-0.9729842178739727	0.8715659513423846	-7.372290588893446	3.0063392763495167	-5.471533259258885	4.672933012264146	0.7582260972546553	1.9245759213144584	-0.36229304936625184	0.5846196232012888	1.555131001361225	2.23130582274635	2.630514608874674	0.6705154126787627	0.3997517392809151	-0.6693600369830104	-2.5065233157148556	1.2922505462631602	1.714401038265257	2.700361101807658	-2.8916536965927353	-2.2128003648205143	-3.844389514186187	-0.9520682213469055	-0.6112419606274458	2.4181925291552284	1.3397496726518017	0.5005089946695143	0.18731785079905708	-0.028961157067648725	-0.9561855742451079	1.8645295195553333	1.6715983255298996	-0.11897947285821767	-1.491127755036518	-0.8161074016988344	0.841691447197787	-1.2665946700265995	0.11319568479657312	0.19504590768964486	-0.8774974978502476	-0.682303339037259	-0.8670263362094951
DTXSID5042613	7.162938253805407	-1.6826925343834065	-3.42326386780324	1.770660933548394	0.6540533772808294	3.72971304680856	2.866024564255159	2.791303783995303	0.9760456040368242	-0.23433784621311657	0.4362837788158601	-0.17942542969044856	-1.6339074134481288	0.2823360832251808	-2.276562281394476	0.8003860723697945	-1.741839727094317	-3.5339341753570452	-0.1793948581300906	-0.11694626127207883	-2.8111161879745126	-0.5178613951472805	2.2127304020633205	-0.731025875332153	0.7178309007030722	-0.5157007729463833	-0.5006912621008067	-1.6826030931969609	-0.9391504336591366	3.1752507357977477	-0.4206942182414358	4.107699885983132	0.9675760511798042	-0.6759787629880912	-1.3244387360141194	-1.238516364450277	0.2218830086967277	-0.04974115122031184	0.8088370564241282	-0.06850439554641591	1.4987346419949705	-3.1534165771270684	-1.159470215847099	2.048100217097801	1.2597317265639232	0.7115328474637562	1.2635775069431474	-0.6831905668975212	-0.7098953618127835	-2.04544398858296	-1.1312194896976882	-1.094400192443812	0.31555344801962243	3.0240027120644637	-0.5452571806672487	0.5991547849423686	1.3588807417224644	0.14325369283361722	0.7562963733402946	-1.6977498079897884	-3.9711782292927333	0.7150160693730235	-1.3665511095062235	-2.2338103784413144	-0.12477912377782167	0.6177603602253408	-1.4918521121543633	1.3056102614873093	-0.4528274332096395	1.5082209890219527	0.1689908143083959	0.5835124748740007	-0.36981119807328044	-0.1759196557065277	-1.5201672275497211	0.16304350436536513	-0.04257384485991712	-0.7428784194538122	0.7858414876057717	0.32539659253669795	1.4187863599759811	0.6311700004264941	-1.262225625641595	1.2405145121310683	-0.21439283336051052	0.6277843989671867	0.4919451703312084	0.6708665727165248	0.09189844458087035	0.40123715368231533	0.9686338655734812	-0.8316536638330562	0.8245968999177686	-0.717274473239338	0.09129758024579869	0.3936738962784474	-0.37398202705502975	-0.9896536480291628	0.2681454306256212	0.5247491311622923
DTXSID8040270	1.1382239146379438	-2.224296707725329	0.6727111260133951	-1.090261226457923	-3.707110137305155	-3.332852393828444	-0.4571519368588147	0.14141577612408507	0.12861226119302158	0.5358398120380711	-1.271325982098385	1.964639469482006	-0.08139294405086579	1.8411225851506579	4.542714328600596	3.8665185535185964	-4.395257387074381	-1.2991311882008953	-4.049679094030115	-2.604757419978805	1.810596970148002	-0.06350839323470275	2.7492665240711944	-5.187408061641671	1.1148164266139309	-3.5248654480555284	-0.16234777946953521	2.0720504422055512	1.0812046848481323	-1.8089512816504474	0.09933293799530477	0.6132625223205073	-1.6610220470743677	0.9473604147188237	0.5662544106996097	1.0710166530315934	-0.1750952545785805	-1.213920325944776	-1.5415503415332152	-1.0872015264671402	-0.22781617264992024	0.7316934638827459	0.7491393917892705	-0.7810475713472657	-0.01053574667462468	0.7480109947626743	1.4677160930612183	-2.3132636809608518	-2.0390145455149473	0.4105288220558013	1.2682262022277435	-1.1567619545222567	-2.0839844996965207	0.9283813244661209	-3.073836097156191	-0.07780369833545507	-1.7955200718756101	-0.8265273986492669	0.9063129706309961	1.2183173273217827	0.31183751728539294	0.09235516297079219	-1.4684864490527214	-0.8858796773328939	-0.4218362537756609	0.2460313601088821	-0.47932541512082666	-1.4650564821731673	1.477077120829061	0.6659416500543526	2.2730794773203855	0.346004850437789	-0.5906647224827437	0.9094664281178336	-0.3789630157493331	-0.07920829522590613	1.0711774666928309	-0.07998277146122684	-0.2596995654035973	-0.020185465454116713	-1.315351597830987	-0.5775007973228596	0.7625828102461494	-1.0871914945157741	-0.293374468627523	-0.3307633987175271	0.7469518395887682	1.1023018834935967	-0.32189175457400054	-1.1512440355039908	0.7315723853697429	-0.6974919767814437	0.547991144527275	0.9354219221705588	0.20417602788517075	-0.6825909567944927	0.11895332857683666	0.9271539094606099	-1.007819744199771	-0.1720562805262528
DTXSID1025853	-8.869394668675879	2.2924420819897433	-3.9144789618392517	3.19687715366649	-1.100987746573224	-0.4051831462185468	0.7610156992339471	-1.0549764527371346	0.3855082985667952	-0.9275467708783804	0.26092533565212955	0.5425464729510384	1.7119213356021514	0.4625623439233766	0.23136012177781654	-0.7349370527644342	-0.9658460473158633	-0.23714923509433058	0.8877233044381146	0.609829676784321	-0.4072363185931999	1.0136352353909022	-0.1399007736683365	-0.12259344100471009	0.4239848712718352	-0.09749231118426119	0.0762044471673569	-0.07620634231637685	-0.30667315457566313	-0.4710252081703415	0.021511730513517978	0.4240426144754989	0.359065020509852	0.35955545265031164	-0.29770638720480325	-0.2910359835283136	0.20165993783499875	0.701405517131999	0.1339171422071457	-0.23229633641721545	-0.0874187563439487	-0.1496011861281621	0.0454083222454718	-0.39963309550384857	0.289249963647215	-0.1082640383016213	-0.3990251832232999	0.3654235618718583	0.3523113525794415	-0.14924910954849585	-0.06000939389471117	0.03447059474022183	0.14011543866932807	-0.13420791285753036	-0.3160312570705546	-0.4290939567933551	-0.041504160110626874	-0.510306612247034	-0.564390369013787	0.3746818805986351	0.24467913931447804	0.03617652748608048	-0.02872624016826354	0.14248857799021425	-0.43730765017369544	-0.5883573070723999	-0.6272954737531747	-0.160211827741618	0.40324684898127466	0.8443981261891157	-0.15602112135587573	-0.508019213365298	0.8082420250833124	0.20533737921679804	-0.08999516354730659	-0.04595079236916343	-0.5014844463027814	0.15272474320577392	-0.710293980600918	0.5031747829636096	0.15214279445730913	0.05590852265912663	-0.38937084198967287	0.1229999503249651	0.5739540084143369	-0.5342440533682437	-0.03561101016505485	-0.4062002426788797	-0.15952082988197955	0.47758742966823003	-0.07083165022773798	-0.05039230300057821	0.0683641151767585	-0.2156920015296828	-0.056622019760068636	0.5388572317880761	-0.04845531142042856	0.33641785427703874	-0.28460416972599023	0.08080175754149291
DTXSID7048663	9.533960818979711	-8.434106352701544	-2.195554051436101	2.37054402607522	2.0948030455484328	-1.547915550158144	-3.917529280333439	0.40721301825243494	3.3811951159654208	-1.5884483395879205	1.3011357674167843	-1.4431172926546094	0.7120813379168823	-5.753573051930288	-0.9285681420447695	1.815940755389908	-2.944327058495796	-1.7367745672033563	1.5890991134290569	3.155009960154553	-0.8051313113242549	1.3458737822165459	-1.2999538434494242	-1.934795949178692	4.8271478219438135	-1.3887323506614553	2.2953188371993756	-0.5009762483973312	3.909458997534138	-0.014563885797865628	0.6192973723615349	0.3330644440930455	-0.5807395981341418	-2.421961907666225	2.610569817279744	1.8132679267433514	0.8024267733749192	0.04287346887299145	-1.0982228831112468	-1.8661416874776595	2.393872225335071	0.6786214289882629	-1.354106288560904	4.122465446922846	-0.4718666012435592	0.839220010320894	0.8634418550584372	1.5441040034537559	1.9309000556187776	0.7274215989289926	-0.4630912419009986	0.20809113634758455	0.03014165100153287	-2.832202771870743	-0.3176215678026936	3.640973613651634	2.0948386485060935	1.6658546633884084	-5.473363143452661	0.8335481271014749	-0.142841294820636	2.6494679977219313	-3.741877283800073	0.32639594966263813	0.596576940173776	-3.0971876501623297	-0.10975580942502701	1.0385752463809625	-1.0321689879413865	3.463973686638469	-1.1514945371877323	0.23715447086128585	-0.05088063324005029	0.46524153838270793	-1.05928779995579	-1.231852827007819	4.195452093373718	-3.511489030324874	0.8746144995099553	3.023679948422041	-2.7649372271747437	-1.2324683084427943	-1.4336871030454297	-1.7134324226827184	-0.3917742444549033	0.04794974746509022	-2.214521229807031	2.0651679502025244	-0.07819748457037633	0.824417696759787	1.0736681907745687	0.42479469580034884	-0.5279070885803125	0.6223503255408513	2.090697910666464	1.526125170854268	-2.3313530905926476	-0.43718714311673995	-0.7366492250009583	0.8846931119361663
DTXSID5026124	-5.201522873150984	-0.2671219452250747	-0.32817030543539844	-0.3629730438966456	1.3528477883145018	2.7343124551869065	1.1064403563657013	2.1804241404731988	0.04403698762631121	0.6668115550261967	-0.9263487222480238	1.196609100278048	2.1177698624117234	-0.2140876732148092	-0.21503656753855738	-0.7583413216654923	1.2355546561412898	-2.1263193300257734	-0.644601130807039	-0.6300937657153608	0.4101548654104473	-1.439558306317999	-0.03999506452766057	0.19496973117743807	0.1806624910187834	0.28549429843283713	0.8029566452394458	1.3544436365441137	-0.5680077237932529	-0.9813527596690377	-0.7490898636524286	0.6165016479089754	-1.9138815857119171	1.9340523276283181	0.5798525097273584	-0.013141306072461561	-1.1800125504546308	-0.24409573386475442	0.12047769413072552	0.378655552448615	0.3387188403659488	1.288753182211716	-0.3113363712135867	-0.6258861060485842	1.265052380741545	0.8458472536794088	-0.5532458153215082	0.45334681920043735	-1.029852064247696	0.7553985212770292	1.507459586986433	0.4872858681062257	0.43668121296398343	0.349022796691703	0.99937389146883	-0.021021768675863903	-0.9153741199865387	0.41436292247004824	0.664594665693584	0.10415996934410843	-0.7939727856895595	-1.15313878734791	0.4264142179960047	0.4601681296401738	2.294654650381287	0.7099147215300649	0.907743418114295	-0.7543454918682333	-0.1797430639926324	-0.12648724676390888	-0.3853043333744079	-0.02562254741760696	1.8797338085214	0.06642663286009338	0.5550093000476013	-0.8603536887673271	0.98212541416575	1.4757059627505682	-0.3948814038905767	0.405975620625767	-0.78966343694153	0.16309725579842588	1.3674920619013367	-0.09802461114076025	0.21089784306544204	-0.3008691909556621	-0.8190718153399774	0.08557760021239559	-0.23042790544303463	0.0792691067200305	-0.17767022130594054	-0.06776570554662965	0.07110777939815968	-0.024895671561860244	-0.16813432515169238	0.1309676880114778	-0.018317864190370424	-0.28120617431354145	0.530760715288204	0.37603767134484656
DTXSID2034382	5.014103618192859	1.6822772077849233	2.197660443118703	-2.8279261427847255	0.08991210572971152	0.7987049832674795	-0.1329947481328025	-0.9130272106206917	1.7419082136915829	-1.4249696802065657	0.49739798009036695	-0.6070574042569378	-0.21455677806294723	-1.1000263718064707	0.048113121598017124	-2.6706215127117847	-1.179838842419083	4.190884346505347	0.186229856390315	-0.13952928196403006	0.7340331365709859	4.7113546245402995	1.3614353071766299	-0.7842262552274363	2.198867595209832	-0.5674097127271684	2.3667623251017824	-1.2402386397757854	-1.533520372766762	-0.6425291972105132	1.5729445463516867	3.0093849801514154	-2.220530141258189	-0.7419423741535222	0.17682111355814478	0.06681369731081943	1.7527168119184007	-0.9383108136665945	1.275408013753374	0.46612477895418736	-0.22865369260479787	1.0610345071642935	0.15431473519047298	0.963466865750245	0.32981242252603693	-1.1186446468198485	0.9862343328504515	1.46984433428511	0.10757411219596585	0.7653027273112688	-0.8971993698183659	-0.5898389494795218	1.1338443436626977	-0.626428069681589	-0.0878142927553439	-0.9455166003613749	-1.9353376521126704	-0.8369253599733639	0.07640468751879433	0.7692317766659079	-1.2019866699186292	-2.674901738753221	-1.2865165822914175	-0.8104286180455937	-0.229378464890897	-0.07193758602743626	-1.006118045509427	0.47323303383579846	-2.505643574081041	-2.846969701005321	-0.05261197889221272	3.2065442062614418	4.538862469822193	-1.0140553139273263	2.5282451296621247	2.0779706140234135	-1.8397366080878852	-1.5046359593710346	-1.892146344138687	-1.2410133767185867	-0.8556105350194673	-1.1017545447059485	-0.15950483125177523	-1.516847777571589	0.865102554341846	2.290126269888521	0.6206425637006966	1.7196208620364075	0.909582681100154	0.36925971008823766	0.775813095345735	0.4067759087010676	0.2326029413601358	0.9928822200711133	-0.2213607366515761	0.20335240004482572	-0.3608494754242934	0.949691336971026	0.7547875770407484	-0.3158100667287107
DTXSID1040611	4.8639332646653335	0.9922590809566407	-4.3628345586077275	-4.146653979598797	4.804027178279819	-1.5529327342934969	-1.9915540801592637	0.09825077282417795	-0.38060884998964983	2.9472572554080942	1.217465988026767	-0.03996006939634472	-2.3914077207046307	0.43755507442260083	-3.3837704325028746	-2.38035565259974	-0.6468607940387086	-1.0885179208692959	-0.3743270205043133	-1.2612148070814657	-0.30285684414304165	-0.31028538763082986	1.745267111994791	-0.0033673354128220547	-2.0531093147463286	1.114754444323762	1.426264769956476	0.7804610843047552	0.5024689691224192	0.5831311498380118	-1.1911275021017758	0.658633938905188	0.3031888786434008	0.17334716499816447	2.4966214817494	-0.1450521717622686	-2.2123356059218886	-0.7526441434846696	0.1802411495937022	-1.4077118868398888	1.6024483087162615	0.042639649513921817	0.4414343969913917	-0.012110873525626823	1.3389188337735667	0.5055249751190207	-0.05989041576049711	1.508131273717035	1.186787783361106	-0.061341948795266894	-0.5752999872927036	1.6426845651802096	2.285386045968674	-1.8233557485085163	-0.5116038990557501	-2.5221201957445616	3.704937516025936	-1.741152725771792	0.4158319798216274	-1.583030057149411	-0.7403057734205837	0.14277506567348336	0.4062454717229063	0.1620205204166929	-0.817801912652017	1.6405992993254137	0.310436972062321	-1.2999044776267032	-1.779778191316466	2.061648371545257	1.4780821918392222	-1.1416418394235361	-1.0724276216561173	2.239086496719155	2.268234517212398	2.5392716866582568	1.4785253687274915	1.061173982315417	-0.1363543618747736	-1.8075562522790207	2.6632553935208176	2.610436406830154	-3.9746760064148408	-0.9007425195416321	-1.0533902914021893	-0.04244239931182911	-0.27046861676564704	-2.2721443394231726	-3.0520131316671284	-1.0443388754457974	0.9808433301164144	0.3487549085185832	-3.3553479047653183	4.956667972612247	-1.1607606785461269	1.355165742562455	-1.7029585237189064	0.29827569371093104	-1.4847692676815274	0.4228713332408745
DTXSID3021851	-4.980727462634753	2.113570443697558	1.018816914083369	-0.1471596606952409	0.5132912483508589	0.22647978620685003	0.4084655895159861	-0.6033911736683663	0.21307214897559723	-0.8362497455779058	-0.5561675478717815	0.7665964594315557	0.8770145436807663	-0.3657284806854323	-0.2862080373309809	-0.8799135423487265	-0.5156624518760329	0.6082464582182732	-0.020132091560160357	-0.6543343876829227	-0.8685296461252467	0.8046266117189996	-0.09723180391583981	0.6826872620558497	-0.6604600986061465	0.5482060053097075	-0.4456277544160447	-0.6379448462294902	-0.06839858243101124	-0.1671110585002728	0.39913009543794475	-0.20144331331646867	-0.1594961091038132	-0.05817220302988048	0.1669841936890752	0.16397247009535712	-0.11902001670516103	1.1920097468701025	-0.6733229851108542	-0.4072105833498178	0.22826604852322868	-0.44311809872860247	-0.5768192047437284	-0.021445457957580478	0.5707427874430904	0.509840597592804	-0.1072014333274878	-0.21827252872844405	0.4409646077108252	0.17828290357558566	-0.14356233119589143	-0.5665914941483439	-0.28730775001844494	0.11288137639195403	-0.1047674436466783	-0.272511599822572	-0.09350946516152857	0.04673987347050192	-0.2677775606978166	-0.29894837826224613	0.003544377552718273	0.07999798726708322	0.3929977183756023	0.43458213024418507	-0.2526249688142513	0.3258231231971272	0.3264166410704942	-0.3821867318816447	0.4076869317344121	-0.14711435321547606	0.16321775469520314	0.23545622276846714	0.2607797810820379	0.0741830938837252	-0.05657128030107283	0.11154208910657784	0.19998347222170476	-0.6027015087686926	-0.4594005268643041	0.3738313086677295	0.29953926638720163	-0.600431985889946	0.37037138424276445	-0.18648699374050068	0.42047003676979744	-0.12124939684093841	-0.17624624803743152	-0.173947156923904	-0.19459499029099914	-0.22640059949941263	-0.8045031878818473	-0.31043147154850004	-0.3425426301885897	0.5601656098573445	-0.0038294138423335903	0.32812294461421654	0.22521738557119367	-0.33736308069937393	-0.28874256407627824	0.14035729681396059
DTXSID8042189	-4.4004155120902535	1.6435530524074526	1.057569492215327	-1.5906431580835851	1.3284348784648121	1.499240846268377	0.43612646718216524	0.12210790887461315	-0.012254552174474563	-0.2603051723694161	-0.4103642716910798	0.756447923534774	1.0065373482361306	-0.8708418213592313	-0.1233236330735706	-0.547806673356109	-0.8073289499615179	0.5242551319654404	-0.2408396589166187	0.04147439420585134	0.045685712462589206	-1.2297823886983372	0.17140297929309642	-0.2363920136523706	-1.6311645120104181	0.9417308474851301	0.7965065294993822	0.21243140338455352	-0.09154079177246394	0.35142833344832297	0.33098716377752335	-0.40145410083461724	-1.2220149232183815	0.5114397246710355	0.26355628862850106	-0.05492770408435004	-0.08566770853063181	0.11455622144351779	0.024625516416921983	-0.4932842618121542	0.3474832428178305	0.6266729248908183	0.03752595251795985	-0.22745515415381654	0.9429143137006816	0.31201339072865514	0.33193940169261205	0.6448821388420793	-0.07813508417826887	-0.00032955593249534503	-0.1427969318730971	0.4294241905739867	0.20604717200007744	-0.8003619501838454	0.7187926348934673	0.6833121803233929	-0.4385203809469771	-0.989714193331779	0.09225645273188596	0.21811217602167718	-0.9768748509763014	0.1675481956279098	0.47398465186270405	-0.12025420709125934	1.0582650799746505	-0.48129169500805696	-0.6957724214343306	-0.25626262000652866	0.0064537192318382865	0.8511716162538414	-0.3747690911089525	-0.027238015070258484	0.6931378429115669	1.598329719345395	-0.09712054164779328	-0.3836582435739466	-0.22356256989015522	0.6458272735310241	0.39154176686674086	0.3435305037032671	-0.4442751958739845	0.1762325141463478	0.40280574946685777	-0.13075011602667358	-0.009700763110021174	0.5667329854455393	-0.397237485117768	-0.22568630962709138	-0.10606041961060317	-0.08201721463681502	0.03963771881609362	0.6123172608428309	0.14774572646247572	0.8811429476743542	-0.5780636032891225	0.05206516489448192	-0.12351953531230107	-0.4702237968571641	0.21086745510591323	0.24395945867743177
DTXSID2022125	-4.989125466421724	4.803868641432274	-2.3057804485859035	0.10947502811888024	2.3012998273422656	0.48025720129458827	0.5796738557703404	-1.8898189182059797	0.17314337873678093	-0.7248077086258895	-0.7011857224763918	1.3155156554708578	0.8861230965843432	0.007847937951404212	-0.5451103823004293	0.7289767083322031	0.761572647373942	1.4581318527362608	-0.2399235816311308	-0.4996532011969369	-0.1121584716234558	0.12042148889369908	-0.8507459765570452	-0.23508057651178815	0.8208162049844505	-0.019083741117273248	0.21347149475335891	1.1775711305096048	-0.1569142882531829	0.15028013264180018	0.2832996524019484	-0.5719686472073716	0.26698565953069137	0.44289819103229616	0.34146088817326026	0.10979746903778455	0.27870446746739497	-0.059036007904324055	-0.7543015948788486	1.4325533834859951	0.3703432364407328	0.3673363155770874	-0.4109652896127461	0.06429704679884353	-0.15443900840862476	-0.5613552691409853	0.3658492892819349	-0.43211428907671495	-1.357754933702434	-1.91607870780486	-0.6556958335181635	0.5470887966567808	0.2603305000308044	-0.19286010236803083	-0.6955297349195665	0.16716855255890925	0.52806384488677	-0.63406462852473	-1.161989531046377	0.44826825030138434	-0.11682906267636364	1.137992456305634	0.9909400026846598	-0.09733956813403201	-0.0636592963591621	-0.4822101097547051	-1.084766123728574	0.5694175289321219	0.2586621398394329	-0.5168626396184569	0.24899928199509516	-0.35968201418623935	0.2744569232905534	-0.33916122332951265	0.721578342835123	0.19838712082932533	-0.12468216058729269	0.2014657810454952	0.5748076591916752	-0.011697600725240991	0.2233824547210266	0.38482032341312994	0.10569046265256092	-0.20395620534810566	0.5996709708890533	-0.4271065767784753	-0.17095698113050664	0.0634997438965671	-0.07392844116330961	-0.175660340832953	0.18001143841386485	-0.007882373910503091	-0.1396479905528556	-0.25576142496733634	-0.30902103340777415	0.2794207375620024	0.25740327308740935	0.15604032875425097	0.03415972770776467	-0.14174468646939625
DTXSID1052539	-8.748512243073534	3.5233381966414705	-2.636600435193509	-0.46575076077128974	0.36148660076325434	-0.3420992174050794	0.029219293218126424	-0.8955843621297735	-0.8566907688634621	0.5562686246814058	-0.7067142547511176	0.8284996067973027	0.8107600599344216	0.23381171049355767	0.6938379091790888	-0.9036798806913467	-0.7277614973803043	-0.34085722991287515	0.4307763922133794	0.24392544280606765	-0.47516347288659305	-0.2718948035968646	-0.5282529562778988	0.19251208944665968	-0.6035977931468446	0.46733731477140544	0.5392063603510505	-0.6149531389008673	-0.371893033048968	-0.2149805526943906	0.5685614378526133	0.43424231653384776	-0.29422276456189206	0.2639514115566207	0.3201753024345406	0.08516394797468484	0.37421122381468136	0.34096984950988823	0.04584454774232131	-0.1324097724797133	-0.039388711309385246	0.04108226193610576	0.11465852470103614	-0.041983288682573054	0.5310947010737749	-0.28745510329418683	-0.14240633704456862	0.3446319338164193	0.14630165132420073	-0.4646588751705525	0.025662340408586545	-0.4655890556450149	0.1364891952377863	-0.3635843512538852	-0.004852922373785981	-0.283529264649025	0.08082642971307841	-0.8466947488299361	-0.30349213810540693	-0.14866141809742728	-0.34321975565998863	-0.4470433582502045	-0.386396901840738	0.25087758925188336	0.7069743187495996	-0.6357896599910227	-0.8492179343638301	0.40546319597901453	0.9012735849169395	-0.28167867074998504	-0.264572692040584	-0.6630097898936267	0.46787202582790527	0.17962957343540878	-0.2728711358769935	0.14605485026239431	-0.5506706113274517	0.11003169219697055	-0.3335643484191831	-0.26576887524897613	-0.3593404205870368	-0.48480207199902653	0.3494351745775763	0.04531984664943701	-0.04265363536191252	-0.4613745548963835	-0.1125984854568991	0.15141550559958908	-0.3489895656872631	0.20238199764720574	0.28495265071583376	0.24014840031388432	-0.6435296190582704	-0.20782840340650643	-0.14589617929619592	0.28714775322667285	-0.3215555594258209	-0.04980682114331129	-0.3219032748060438	0.1144246139280812
DTXSID1023283	13.186731788951318	-3.567789349851022	-1.415763595145705	4.512058126833669	2.6413210562877985	-1.40252012176091	2.095554782698927	3.38300555990573	-2.2229132257661277	-9.071284050717088	-6.2303336499133115	-4.71015828858722	3.2085391726164936	7.4769366800552834	2.583934438018213	-3.2192236893145165	-0.7839584273607025	2.8971229269859675	5.631943687181146	0.15526202145959797	-4.355086870601003	-7.377419359816132	9.002819005934887	2.847925548717037	4.326526638636127	-1.401439628898085	-0.06870911845929714	0.16564913778671314	-0.6994847939652135	0.6736188714976968	0.6329796096144304	-1.2198923375765576	0.4794924721798491	0.4439054627160379	-1.1257849493854313	-1.7885908575232337	-0.8445974767686352	1.527979764497589	1.0576867732298572	-0.1263160498731552	1.869973979589752	0.9595622267985158	-1.2507928745631784	-0.9779012069980105	0.4453810485708509	0.0072379398977036056	-1.2413026481415865	0.6150828797399798	0.7671120992573619	0.3889313604452502	-0.8283005633072453	-0.2826322338968543	-1.9680383703967694	0.7393638376249116	-1.2697535226547616	0.30342671206008714	-1.2346134595754201	-0.0772241768318506	0.2994096279158434	-0.045313181338561645	0.3075769764065851	-1.7336331461077228	-0.526160345457543	-1.0541360812745644	0.3910582531899759	1.81766858265646	-0.9166289480058663	-0.4756712089305334	-0.9547198540779117	0.7011635564076129	-0.25295739239381215	-0.6453842475334658	-1.1871204964551603	-0.158503462887025	-0.9597456643788023	-0.5713841610078649	0.4701314565937442	-0.32737857122781666	0.1162492452864187	-0.876357497419989	-1.001478589782107	2.1711258754795204	-0.2203909388729127	-0.7540297112718168	0.9956013294234981	-0.7841889526685929	0.041331257946513836	0.04580140133767393	2.2973481982534643	-0.43923139922028087	1.348089570889513	0.5931141712367811	1.2604892689247569	-0.34090140038272776	-0.09432636927883205	0.015428014745836108	0.0008242871339039094	0.037631257906770216	0.35771687133410235	0.7234260544195119
DTXSID5044360	-4.2522621725944285	4.972420820595126	-1.4919898077792382	-0.3166769524540236	2.4488437669713354	-0.39222964732011545	0.4995461109607038	-0.07873233385299001	-0.14918365220864424	-0.638120617287357	-0.7724069562348167	1.3785350333623085	-0.059673156899052296	-0.1664868811434464	0.026410484759874262	0.4259335400165732	0.28037716826590336	0.7488982826230518	-0.14306432717944642	-0.5368383667086092	-0.317087537105393	0.37788745807532265	-0.29510801929851443	0.6202223729587393	-1.2595101391499994	0.173938090880988	-0.5540270895337902	-0.4672782931609016	-0.4988458933949694	0.43096458439494706	0.8412498535235295	-0.7163531161104111	-0.024802214075230904	-0.09413818262196791	0.6399547713947419	0.6555021576553753	-0.07607616592786062	0.3017065359256318	0.1390915508917612	-0.5624871766416555	0.2966389349128648	-0.643471548699616	-0.49996322404481325	-0.0361274824048669	0.3576299368068648	-0.09244981781386462	-0.5570450569595516	0.7892493012597076	0.5826490035071249	-0.524838533080619	-0.2503466178837356	-0.15802271867363205	-0.03557525900747924	-0.5603939863836032	-0.7323169564683527	-0.627494366036187	-0.29448569601125746	-0.2523723951919448	0.13333886293396	-0.33876359518518456	-0.5278807764027122	-0.5486476385086894	-0.030302865463525685	0.07108229382999683	1.1850678506040138	0.7520501050576582	0.3035549242062694	0.05682634463493089	0.45954195643294904	0.7047142061910976	-0.5280881416274846	-0.9801035053750744	0.6846612583547531	0.617741746983302	-0.3461308237508407	0.465099737315616	0.11893337927604107	-0.3101865905284224	0.21942861273740727	-0.33158590289367834	-0.5744690373346002	-0.6329822360309337	0.5483270556486315	-0.2786219702960134	-0.5616296260431052	-0.1522239911192645	-0.035313597685220015	0.3941775156263813	-0.3423995742635021	0.14769197030159958	0.8433398013321685	0.39081741550699317	0.4081417626046524	-0.25109038579770243	-0.6492540469088914	0.2778542923743125	0.08802458824594012	-0.1669927067821396	0.1200691442607064	-0.04510077954749479
DTXSID4045975	5.880141594418722	-6.067558006647971	0.022304643573001146	-0.11318095503891583	-2.6362031705122986	-0.6067072129250581	-0.8798935522011588	0.7391484639169243	2.000761714221311	-4.903313468925088	-1.2781495783550723	2.2193263222804807	-4.206385199663588	-5.422208096469272	-2.688980700314728	-4.516107110257071	-0.3132535977091328	0.07431861033634558	1.0849809704578806	1.4339986011312444	1.9925425942333455	5.5215260974710025	3.948025818310618	-2.645840767468804	3.7750410339377067	-0.3543521931338281	0.8806456657218489	-2.896782530114562	-3.107818077299377	-0.2883974873357832	2.083521116937629	3.6949429490657226	-0.6628141195831304	-0.16364952084214968	-0.5505140811404687	2.1930133366020375	0.9642318748060017	-1.6975049669049922	1.8304721104691166	0.5878987615196682	-0.6699717239967327	0.6814522774411733	0.015565973600783193	0.22806271465750874	-0.8180687118642697	-1.6350256313958804	-0.6199025246889494	-0.09069326606519802	-2.107831884375398	-0.8543759012393933	0.9843506431627265	-0.23416920909638936	0.0031969958220747206	1.1536547820081748	1.3544018169684846	-1.6811587503245613	1.8514700652977563	0.7366709204070033	-1.969360791762284	-0.46861356919672154	2.7611789344704767	3.8460449967993613	0.14173941755139283	2.272101313718918	1.3870448321798743	1.1244082368223003	-0.3608780794816821	-1.8188710276849152	1.8228517983805548	-0.005933965960476494	-3.346390166047692	-2.940495822914533	-5.0559842508729975	4.914662349582542	-2.175723078149569	-2.6019374714689345	1.4056453128818762	2.316223389416595	1.6218162804068856	0.04729041406234123	-0.9747940359008386	1.5507063791434255	0.540754769894919	3.108587713623219	-4.594886946346904	-4.328819090648164	0.12826936228829047	-2.6666852797327607	2.005207517052412	-1.6373210340879392	0.807443475031841	-0.23001169843372146	0.03988429107219163	-0.8591890965978269	1.112132036003745	1.384681270011693	0.11665959683033325	-1.5511819139019454	-1.0379337204021	0.4172691802477526
DTXSID2045521	17.871905120235507	-5.718508168663359	-8.541332052550336	9.487617418667384	1.4464591649675338	0.06881424539532047	-3.2201865594727526	3.401936376741832	-3.5162573369204475	0.0012286518831478017	-4.409088018968691	-0.5931128165939399	2.2804092123419637	-0.6719643213054541	-3.124303675516352	1.7930158618437797	3.8230835160410015	2.3335163691121066	-6.6406696856916945	-6.764968843049899	-1.391908675402304	1.890439890816634	1.0205094830024315	3.825884400035143	-0.8943367915303162	-0.22838302594735974	-5.9661248269805975	-3.1508085715760865	0.4265159159581947	-0.02572452164974953	2.089193020302668	-1.710884317194257	1.0469741050266703	-2.725018109205432	2.546117399517619	0.045463043007646343	0.45322183793529247	1.2037572708093063	-0.9012613525962477	-3.5988397330056134	1.9320507968041938	-2.3627957664297337	0.04176897691312225	-0.4562273958187507	0.40267439679392364	1.9655606147067777	-2.0688397512959655	0.16815987202198554	4.556196731960461	2.378024552180331	-0.6066345423552576	-2.906364072610128	0.2658876509264991	-0.07807170025909434	-0.7189954992032147	-2.6318966078820787	-2.2697260548468394	2.657442503441971	3.143953396097156	2.730892897121154	-2.8266546128192047	-1.878957203221624	0.43761239150432096	-0.38832933598025215	4.785961997609846	-0.5686413415236556	1.643490452322083	-1.7724722687420178	5.643181793552283	3.168825062191072	-3.4504367485940994	-2.063374982446362	0.43217154947508396	-4.5152154352105045	-2.3197949611014654	-0.33816549709860755	1.9509473961475898	-2.8370914012761497	-1.332428013463918	-0.3892402005432728	-2.0913880879364113	-1.2783736258560607	-0.9515263963126586	-0.26413391431868416	0.3894049285611074	-3.3201684532321716	-1.6588448840166279	-1.5861641564725322	-0.12863626749693508	1.7258511854564107	2.3096497578415622	1.9331168037380995	0.30162944553906645	0.52305375634894	-0.11908352204960897	1.3159477169728369	-2.3554354670859143	0.931722357163447	0.8939246797861385	0.7304823286150293
DTXSID4057762	1.8391286909681104	-2.8227136742582033	-1.4648249436526948	-0.1331331264374124	-1.344105868314108	1.1080364997612002	0.05909242075831375	5.056083246415079	0.995461669455317	-3.5875090890172516	-2.4118607651417188	0.10275099191099558	-3.816490745244124	-3.8209367635768023	-3.4448204354278498	-4.0055446119173554	-1.9046392686762414	4.315207622122629	0.07154256627884545	-0.8959893633079483	1.3889175191401482	5.09295654928846	1.8402220873698072	-1.6121783715886644	2.9228360440854564	-1.432527383559013	0.9382877785053569	-2.1459761295739908	-1.9638642785364446	-0.8888146646006598	1.565512404780773	2.9377576052176493	-2.9952150070857515	-0.480610953818546	0.29798111018414725	0.4813263807183192	1.4886115699112215	-0.9619226138474802	1.5644975104974155	0.7863899967262262	-0.7349299587379509	0.6012832290736303	0.3939169687066306	-0.443217390163569	-0.8029280882068904	-1.91500352378822	0.24356615144974683	0.025908848045622625	-1.930644947725669	-0.21868316782266825	1.0635796835977054	-1.4770285566383474	0.10375720365493141	1.5541469929382121	1.062149623378576	-0.567935185192604	0.047630947863780145	0.23544360274957818	-2.8508040259211165	-0.7235087252027514	1.321938070775357	3.4400316560783644	1.0160040898560396	1.239740914321632	1.1367601481010983	0.09551065133982319	0.26482648690577965	-2.116649866703512	2.2828908446320875	0.5970129784390887	-1.129614065190781	-2.4581595817794533	-4.529953686548853	5.374396540778066	-3.014247559256427	-2.095317173179233	2.5166287260564326	3.676355481130449	1.5914735482109266	-0.7013937106127326	-0.4445154649991178	0.28546663171133174	0.11331699341763617	3.34621652492029	-4.528506695509539	-3.201570566625896	-0.10858769973700304	-1.4791518163614064	0.0406056505066708	-0.5110826290277117	0.9420327155672791	-1.3862703043660818	-0.9632416478167198	-1.6947948908352988	0.9189965533095494	-0.46574682907657555	-0.9172153273195959	-2.6105142308482443	0.10193602795593026	-0.8349068177962348
DTXSID1021243	9.795182438697749	-4.511816762886128	3.592476657120966	-2.273424546733252	2.7448949889894423	4.127324170493464	-0.9468214017816399	2.8463772895360573	0.8872026815157874	-0.522544735710368	0.849684012077224	0.366269692249789	0.8458979651056437	-1.2749362594448441	0.8259579614194977	-2.6234695821552574	-0.8211031885353615	0.6069434185591788	-0.9137704771634908	1.0986731821005875	-0.48404917342306814	0.011259029265048263	0.14173748023925997	-0.24009010365073322	2.48267926300705	1.3967196980655467	2.374886027780168	0.4214503579660267	0.1996338608601151	-1.9056531841148128	-0.8454477085222656	-0.3352358034562787	1.4121407083941515	0.14518539336850067	-0.659966021880677	-0.07392070776786759	0.13945565233074414	-0.6240259593796997	-0.4217667241052216	-1.4102259458054733	-0.598561542324053	-2.6898146027023584	0.48457632249574084	-0.27300620913770146	1.2139798921575078	0.696009629862662	0.18355851570688586	-1.0695569605258772	1.3390594491197467	0.7868553057626008	-0.034579899018751616	0.3311030442881847	-1.137324142567538	-1.2618399111896919	-1.351117778592049	0.08975069451217786	0.10514531393809567	-2.8475630083724015	1.8947294161715036	0.577834236168129	0.2559991757500512	-1.908865844269944	-0.10415166393489655	-1.080765167247292	1.5750011581112144	-0.8150164632580118	-0.019053669781030933	-1.14562926315665	0.28046963089332333	1.2597363725879107	0.6543095511801221	-0.6869140324799012	0.3115574768315149	-0.954502894194279	1.7758181050685953	-1.304141866060738	0.8672860580514234	-1.205705382234916	1.3219303270402838	1.6141627442977526	0.39580689352268317	0.32688619584312373	-0.699318641119947	0.8126031021853767	0.6543159608744652	-1.4985236200048706	0.1913164156717225	-0.6297986184227586	1.3576979431090268	0.45785741380080636	0.2653500030422549	0.39777558807478247	0.3052547766251313	-0.542901867979957	-1.0962723185336138	1.0901695201436035	0.22028497620978738	-0.1565369367365546	-1.0829254240354622	1.1831947461331105
DTXSID1044354	-3.5947968538893864	2.997587451840818	-3.441121919754182	2.236123292834925	2.746902262356308	-0.8904079677728401	1.141862074223141	1.4756363591990085	-0.20798369956178023	-0.5779975511924199	-1.1659166518896502	1.5413337732997627	1.143462002383473	-0.08172372274932599	-1.3891259785733416	0.9561908004983004	1.2725570263880022	-0.3656294542526163	-1.001734410596625	-1.9218894948468004	-0.9282357245748218	1.0340620820307522	0.7058299226838007	0.8802945242120757	-0.4937882213748984	0.8596040090570587	-1.019311450077422	-0.5483849415554313	-0.5060570689225035	-0.17263779796689704	1.2502254936730637	-0.17760587919496781	0.3876932729540024	0.9023591962118516	0.8952131106709457	-0.02261356845621951	-0.20989992598197107	0.9185537409137667	-0.6259162890048502	-1.2787514463514533	0.7268327688337394	-0.7771597467500728	-0.3839015184852758	-0.9010533058911515	0.9764075798423789	0.8858077519819438	-1.3248744773391363	0.9627997458920939	0.6375517310156884	-0.12025577281873663	-0.5286518157431706	-1.40279193028745	-0.19155979585776348	-1.0980843270729725	-0.8757392832966154	-0.5916848804752125	-0.7256948962195099	0.1704778546966212	1.1605977882904956	0.5093801536510049	-0.2228943342783744	-0.8284664985481691	0.16001810257293383	-1.07004624460648	1.7100771900307454	0.71306842132237	1.1635548600581493	0.21905516465492153	1.1709048595823337	0.6279073798724625	-1.073878850148	-1.3599103019353624	0.12487492256300024	0.22438480363911015	-0.11411591524671379	0.6684902419766231	0.5208631074952949	-1.0243850460742592	-0.7616905736079966	-0.34247814274124766	-0.6488348234966212	-0.9229321331043631	0.3158597274602195	-0.07383252077734816	-0.8548336328839456	-0.3871970895779442	-0.9636264280888223	-0.019688310845404667	0.11856203368826589	0.049020316810573866	1.1326948450409147	1.4592415241036758	0.978926271399384	0.5040766049620568	-0.4871882201460717	-0.06855703325546555	-0.7366090508072748	-0.29770549574917615	0.06807726729548373	0.9094832428186654
DTXSID4047383	16.565684149717878	-5.667162877695467	-1.6780262021038428	-1.8791531226862883	-0.7252600634630536	-1.1168854561856143	4.370636652237291	4.2039861075397305	-2.3531755140673583	-4.299687790312402	-2.550146754090456	-7.1685843542263195	2.7752275080401065	0.9235809091113277	-2.0212624917904667	3.673704315173568	-0.13561206890063995	-3.0853060036589515	2.9743760492177884	3.1163888348328195	-2.9794558051285467	1.9689731147449476	0.31250129392967124	-0.42809291280930584	3.6869502611997156	0.032635072411402725	-0.26484798566314843	4.26718239277772	0.9808595818197701	-2.9570782629114394	-1.1413762516341879	5.499456974272626	-1.1478743952106902	6.280346683131928	2.547473339355088	0.4336349713305242	3.599260740637392	3.502081134399861	-2.9076454148392106	-6.453232025079629	-6.678853426159687	2.3834681594403033	7.14076981898701	12.376418391206567	-2.1016881860965504	-3.3259444350155096	0.059404293984142174	-2.5784472009014254	2.616850448337858	-3.1537895282852304	-0.253076904210489	1.2558711380882615	-1.3103240828682556	1.1699064056223492	0.5608650350444552	-1.3905569477381705	-0.7692246908032828	-4.1719908785128546	0.8399921786839236	2.448169411116945	-1.566970116282678	2.5222369403436287	-0.41261518720268375	-2.095904783422688	1.2987600446564533	0.8063660311272619	-1.0387802085800684	0.6675143852186014	-3.189270366686837	4.5877873119352435	-2.2858669798797564	0.4195087791118455	-1.6652331717961497	-2.7734254547088226	-0.5506745627289161	1.4367493994425395	-0.019677594788063888	-2.3159051263378196	2.9345134587713915	1.2303193963108243	0.10304808914953636	-0.5058920574565937	0.888446303618069	0.6541738689348687	-1.4399608322176407	0.6815416570343367	-0.2368723581580888	-1.3566374474609848	-1.1513480609393132	1.1422932598246833	-0.7275283538418277	-0.45995616506334835	-0.9802594093431242	-0.856039867703039	-1.0924492433279454	1.5715395813002633	1.8360477553654204	-0.9952481114999456	0.25312044822837165	-0.9578676638766611
DTXSID9025037	-4.833464372288518	0.6934790662630135	0.7457455217509185	1.39340440330727	0.07202103935590844	0.040581293283065964	1.540317644387193	0.4298748047093334	0.004604535292958262	-0.35883101013083774	0.7346741261213426	0.2328695347240753	-0.23456804073699963	-0.3761973135233988	0.21728654812931877	-0.5949491199655523	-0.11842415453407854	-0.5590853612199427	0.3669780486340499	-0.7305529080023178	-0.2563058934281113	-0.09371907146499148	-0.826547921159587	0.8931232918225482	-0.15467351807910357	0.6993475835023935	0.8230154440204779	0.7348287604713393	-0.2840592127957303	0.5617501977380182	-0.1949809403852024	0.24512558122216382	-0.27365784377181007	0.8306018637996728	0.2797546041970409	-0.49105490555990466	-0.19645770578499958	0.38447593084473564	0.04856743186014654	0.07254278725625739	-0.10660229739128957	-0.3153042461788687	-0.09250568792201991	-0.4140338557662322	0.8461671555634857	0.19892897880144936	-0.13316379572629286	-0.13107856719517694	-0.3306710898914546	-0.16267097652230667	0.5139914339977407	-0.6088787555377019	0.3774388789343142	-0.27976771672795087	-0.26397583897752314	0.4206455367049811	-0.4202941140892525	-0.641291927382024	0.23210997102423206	-0.0043366882681681014	-0.27030367438126285	-0.4692850182575505	0.13990350158251216	0.020575431012403306	1.0006864042614718	-0.02513726440055472	-0.14873579290393016	0.013125303145572685	0.49563450216227073	-0.06535574366775769	0.017408930165624004	-0.2090531171552339	0.7990078182317552	0.6617610015961963	0.7124191007173303	-0.6481149803453508	0.674634658674258	0.43442854754650084	0.3523777070713274	0.14765768483211344	-0.1167467596940104	0.07334536373105442	-0.00742057024671921	-0.3190467036677263	-0.2834870601351464	0.26420090902292387	-0.17902395806845522	-0.32892001621907624	-0.4308320112411244	0.4611993660862058	0.29771410755980054	0.30147056595799476	0.0811368937597629	0.4597170490419373	-0.37331006591632965	-0.3864566405347472	-0.6199387541452948	-0.39094372807903566	-0.15722425744288232	0.330590141901343
DTXSID5047085	-5.670854403499114	2.0829339107202163	-2.9152282506646694	1.637771720988948	-2.8572933631022708	-1.3829913752495577	2.6455241103365004	0.09267018446590966	1.4321807852156312	-1.9001709575760022	-0.7785671648108178	0.1531903309504697	3.348071725110181	0.17065832072052906	-1.3925529666430703	0.3424789796996084	0.8512746970099662	0.8539423223620114	0.25479938834114846	0.4740009744931609	-0.5424169577178157	-0.07865210935552962	-0.7459861998837009	-1.350761632464882	1.1564250916144814	0.15829889308024386	1.0854892255540685	0.34781822071185164	0.23435263985908603	-0.256767844509899	0.04592013835586473	0.7768740141204826	0.5779981937872014	0.6053225546045408	-0.46576196640925527	-0.027446883904873192	-0.20268877578180416	-0.06775013498570831	-0.7139825617033767	1.2610935145569324	-0.13166502886266032	0.35094787651422643	-0.13661410605917124	0.15160461863514832	-0.21816971423000325	-0.14422504480804413	0.3259868660576641	-0.08813323459314892	-2.052086984073567	-1.7205957570758719	-0.22454477380787563	0.818298264874992	1.0610065280842482	-0.14921565495239458	-0.24242346685978292	0.06077758075530043	0.5949645839483456	-0.5923822463732737	-0.5835998004184818	0.9960859407453938	-0.13945310005188824	0.9721619641630692	0.6684648786210863	-0.11636213855985467	0.19410589165087863	-1.2358254915753144	-0.32886999757618207	-0.220003674228978	-0.12203291921303197	0.19376962004638537	-0.1794376937382115	0.3990977419954181	0.21586674928902588	0.031071750962656998	0.4789321227948304	0.2560458330094198	-0.537828974905891	-0.16071490644652361	0.5010613497119003	-0.5450575505773616	-0.15488879056187838	-0.369063790598398	-0.0093227480723364	0.19598483993098642	0.27817218712218605	-0.19048231095483711	1.0278920201970132	-0.5920299844516933	1.6605257357198	-0.18794644272662034	0.39049198450929085	0.20247253500222445	-0.5835381102323398	-0.06850429482684135	-0.2661762622193263	0.12409223523215053	0.12197444642485475	0.01523268177332538	0.5420411182623452	-0.1484900504591872
DTXSID8026981	-2.5408163947112827	-1.1379151257332174	-2.990728323683457	1.6014187537585143	-1.5597650622228278	1.7644914607100606	0.058672958882625026	-0.4300182613643717	-0.013266139281773353	-0.4134444900539221	-0.588652501244285	-0.8513853980099237	0.08409593728098493	-0.9891512926552883	-0.68953707603552	-1.5206362199322236	0.003596254193557458	0.06735479005475557	-0.366306729355402	0.10159831349825524	0.5882951911634797	-0.7505818211772789	0.03454409359600034	-0.5038960760144473	0.26601572291161574	-0.6637842248247797	0.05038130128108913	0.38329831121786506	0.07096400710537457	0.7876032856558376	-0.4666361135504851	-0.45042133430677866	0.047229423107602815	-0.05015281724907093	0.07341398588517582	-0.08887468294966043	0.04135169461569821	0.0005248678949597786	0.038363331349730426	0.4409240752389718	0.5384332912563508	0.19278827580568772	-0.7804114150101129	0.6521087593773256	0.06087236063011139	-0.31892905112937486	0.13033553812761026	-1.0473289854457386	0.44481972769508477	0.5837801163611468	-0.22726249886407965	-0.23241357880372623	0.5522333773101958	1.0231060950489004	0.6082358208924441	-0.3548921828429211	-1.1335777050458176	0.6515121637517891	-0.35174118125931625	0.04944567981241856	-0.3970387642681808	0.5624645682969255	-0.10088545774221655	0.601462941182206	0.387008287168476	-0.37423319400656324	0.6650452643766561	-0.9882998449716283	0.5545918942999405	1.2309159483362957	-0.47116924865131016	0.09259601006527088	0.8463690418299725	0.48464729240982946	0.2107535880670572	0.14752970136763136	-0.023966346147268072	0.4832859019335923	0.7059612029947904	0.6595947827813713	-1.1333224278986684	0.3396700996580958	-0.11777312365581245	-0.34848935567778355	0.039562675444363454	-0.413199063242387	0.5888654565639523	0.5173028907037531	-0.05467236601220677	0.15417788964131976	-0.31507786474019894	0.15130626803614824	0.4015440014237244	0.21379421089597736	0.8329428732511865	0.5464114323343278	-0.0033768261053340287	0.6424013572218996	-0.12852254360567297	0.6562803669668323
DTXSID9046283	5.372798205983911	0.25929526114388196	0.6768024799145661	-0.14690796590941732	-2.1652511917410315	1.769692063509772	2.1667567590256924	-1.0688970885838087	-0.5880296124719829	-0.2930490045549716	-1.249850544211974	-0.7195784006954077	1.4898397725119614	-0.39679281540455097	-1.4547261678653192	2.676416566625152	-0.5331443241597723	-3.281832202908788	-1.068575851727901	0.18598742633379145	-4.157735589701526	1.5382596058927231	0.7918595196853466	2.2536355041481086	-0.7538005185503159	0.08240092889291706	-1.409888409831823	1.7230770273010838	-2.3659994267418276	-0.14414127483363962	0.41015125566094435	2.1233868125971207	0.475609529129477	0.22211069895085636	-2.500195004561437	1.780665521989397	0.4088802353993637	-0.5703029098570537	-0.20175117608020618	1.8850991605601786	-0.31062235876495536	-0.37566578929468397	-0.9321855318590796	0.5544532183989967	1.038258861391204	1.076933820727361	0.6646736524078088	-1.1444007881224902	-1.1573705755430785	-2.4752764645475396	-1.7043430616406312	2.7283002397065457	2.303878751528501	0.7276934907882344	-0.7155416027366719	-0.22124125277646628	0.3349418056018122	1.625203521619304	-1.3411966343595012	1.0897316415236276	-0.8427687787709649	1.3422403691002742	1.9173331945111378	1.7105455047258344	2.194790763574474	0.8819062089105941	-0.2955932579874013	-0.881768990863526	-1.1233282298611686	1.703833142345526	-0.5137005172991735	1.6141841426976233	0.23645377474542398	0.5677376862387479	0.8883906525702541	-0.13899532249045504	-1.0038523828483223	0.2609211039131345	1.2008135765782153	-0.06733070790004408	-1.4800284045284966	-0.12220919900984423	1.9511858069618893	-0.9685910271118715	-1.4241200502804452	0.06802403237886835	-0.5754478867812578	0.3856752097050235	-0.4538130285740507	-0.47385976664416746	-0.7805838454704657	-1.4459899222465973	0.8999233871051198	0.4226803913781372	-0.2515780889396386	-0.1170222612159061	0.9755363539159948	-0.5193791159406798	-0.7164093193621751	0.4159823153293802
DTXSID1046217	6.534752943564866	-3.7446176432567966	0.1015340263843608	-3.3205486050924216	0.562500462449059	1.6545809248092864	1.9612737702565315	-0.6979349247384808	-1.543569519688702	2.6210330739278835	2.553921602332319	-2.0393351020833443	-0.19878450070189704	1.4014440370133459	-0.4400542625028645	3.0804681018181137	-0.5365696445237599	-3.277323366941283	1.0958786240556433	-0.06889940232080004	-3.133208733337164	2.4341840758426327	1.0039120850977192	2.5452618364449218	0.09439871277805358	0.23614272004288092	-1.3314467389081588	2.125123015099341	-2.4594543514187115	-1.3408961267574817	-0.03830787951391039	2.505543905521522	1.0732137620507716	1.1561213447306422	-1.0169009827981055	0.6621597401797388	0.7355127713914051	-1.3823955946778232	0.9056860971884317	-0.5842217280383698	0.6116724348951776	1.0638891073335794	-0.1219046695139574	-0.374037056304113	1.9416774800260128	1.4720589124014494	0.4819251383228711	-1.09942697423798	0.11331770286030432	-1.0454304845861775	-1.3414564005145646	2.7102808032669095	0.7061757462939298	-0.9133018407417667	0.0954602196930764	-0.010480635859735965	-0.2669862869518206	0.8175021217624021	-1.9780831207878171	1.3408697385011683	0.8750322100696374	0.8196057211384853	-1.3458254278818118	-0.051894839970517484	0.3302213471018721	-0.5172953297390127	-0.725519363023422	-0.44823412650279687	0.8206178684883189	0.5343880048366989	-0.7914170619273398	-0.006002557429290486	1.001301361682756	0.16674106740616265	0.30121803308292666	0.3970326634056753	-0.49651267579703184	-0.22313257315069687	1.0636652924025196	-0.34681500232629586	0.45008196612199103	0.25997835941344777	0.2854044645557645	0.5845019468470408	-1.3175718499163656	0.7795994315691225	-1.1501469044584336	0.47159296602633144	-1.604158651933613	0.24208081882972987	-0.7793668499949035	-0.23065070897888204	-0.6186324297502649	-0.28090646162271427	-0.1691631138886255	-0.5296701660752371	0.6922723751765508	-0.3789755020241542	-0.7278416955468021	0.23455718774390868
DTXSID4027490	-4.04783671579435	0.9749776153281724	-4.518360455890864	-0.6640501715747239	1.7083678172326249	-0.9125345384657451	-0.5170626951196192	0.2864531913504073	-0.44306025902637164	1.8316528088503352	0.21641915728323938	0.2585931973001538	0.019217201217244323	0.5709500527539553	-0.6818713537805257	-1.4920462386375288	0.17465400314309099	-2.157962473166086	0.5535827602337496	-1.0217018339465838	0.050610028771592264	-0.16950147880108526	-0.32815145799785356	0.8730384616146121	0.8031820928198108	0.025508185341852844	-0.5845938056338407	0.5367484430642827	-0.708256435705383	-0.3936586054039797	0.012920735167788133	0.5753569736462164	-0.7496089659785707	1.899787985984021	0.565688793380658	0.10220284779030579	0.11651997521323595	0.1707788150608954	-0.11892078802267116	0.3777001566782468	-0.1085149870608513	1.2065986605537076	-0.3961368631174425	-0.3858886810644133	0.481396009705789	0.6403399959481489	-0.5333083527471354	0.3745473800555683	-0.8026390310370882	-0.22250172444619087	0.774243983111382	0.4710943205665101	0.5218680791228884	-0.7243165547554773	-0.7193334453603475	0.2814841050555817	-1.1352523667371524	-0.2691843251317885	0.3764711257026979	-0.4451640587051919	-0.045285211348477496	-0.6799222408421904	-0.36253362002867795	-0.05009586024781364	-0.10074764013426588	0.29275234497539154	0.6920752863694988	0.19679297758108763	-0.11040215248774124	0.4338356011437931	-0.019142435767067124	-1.1551043800639516	0.9617027023355704	0.6004003895080802	0.25054532941469826	0.5292297772010636	0.5071840873495665	0.2987186206983516	-0.06960358040422443	0.31680702466944133	0.32344430315441874	0.32149528711115505	-0.46025263568481395	-0.3619262783295227	0.20220147743625386	-0.824170978671554	-0.6821199014659974	0.3265426832905415	-0.3941043219197364	-0.019742157208241545	0.33700632138637127	0.34039889297874826	-0.20203141019974905	0.49042918793687473	-0.5510834918205849	-0.06673161016514646	-0.9391736961535964	-0.3877055780407163	-0.31141777911432983	0.3412971690073299
DTXSID6047781	-5.083330297497118	2.210694539630339	1.0974421384376667	-0.14423592716270078	-0.8653595877620845	0.4802926202598111	-1.1067112719420271	1.2291121148478532	-0.6942179426114852	0.5817717499656998	-0.6150593829377564	0.25108048843625824	0.8814273520463185	0.7406181661959221	-0.09921956414439637	0.2096678448898706	-0.026690952111822392	-0.2560604934584409	0.5679531692559543	0.6363064890355442	-0.2777403982074429	0.18613970022298182	-0.2781510080571731	0.027009798424040873	0.40589741558121445	-0.15278609066518137	-0.3457226176341823	-0.7875915726316818	-0.08561831106289491	0.23125869185946704	0.6053403585572732	-0.20717832994077862	-0.30150215793608015	0.3301754771626953	-0.2925633410100864	0.041611783181237046	0.5081244369752094	0.20521987542971024	0.5373667301499652	0.09918450424426323	-0.20919140149546053	0.157794365566899	-0.2787704512645842	0.3316034755638659	-0.2640023675133212	-0.7811801237498656	0.1914952188080638	0.02990136936863178	-0.6126376123995935	0.1791465054272049	-0.032657162175308355	-0.2806962412565977	-0.3384720167932748	0.3838590000346126	0.062355262948224445	0.8820634460672809	-0.7180483785760848	-0.4488420701284126	-0.1915097793082397	-0.31046615770926594	-0.42241968287838494	0.5119705053437624	-0.3055188181586245	0.39260524766361826	-0.56835512605812	0.08393231946801247	0.1273584435848731	-0.6372133629720403	-0.6743409776300006	0.0987266952014287	-0.43524392653880634	0.18564364505552935	0.11185245592717666	1.1906140831579712	-0.6362367479002906	0.6349198135845042	-0.4101576722498061	0.19593566525057457	-0.31097386749194433	0.04250279461110558	-0.4198289981251301	-0.8895084996309194	0.3693487995578144	-0.4382643023837725	0.32819112160592	-0.48304794270068435	0.13681899170496975	1.0582385326643133	0.32349232602391303	0.4848153649401863	0.31517999199963426	-0.2520329854632182	-0.06350200056282386	0.12534798296626304	-0.41589953073307706	0.011725231678289963	-1.3009332794734685	0.07149286604502174	-0.45679166974740143	0.5136795434928602
DTXSID2032556	6.342027360779179	-3.023005879977436	-4.393370971651916	-2.370944702323056	-2.356162581526529	-1.2937049473142492	1.824046795138967	1.2886901521720835	1.5957825929683203	-0.586672088589489	1.3728373045744826	-0.7256877120824545	0.21844029112851684	0.7468633255720732	-1.220987986253736	-1.37032159540807	0.024407703895592596	-1.2504474526556448	-0.13682388400543932	0.9110760060309863	0.1412265426201827	-0.12271219493265724	-0.8536775032760611	-0.6703741279742058	2.539706899921802	1.0746317213452037	-1.1011908954034717	-0.09665777902327403	1.414498146690961	-1.4767677041428564	0.06913075728175201	0.08611076826318292	0.5497340770802026	0.05730982617266819	-0.6094153906934128	-1.3704403305702515	0.7906778618777899	-1.0965684930588695	0.27047956657266187	-0.49695729067386657	-0.7497665344743751	-0.5938667216120832	0.7406062244333496	0.17548719137864313	-0.18223162079015956	-1.078818695884147	0.3216379839188408	-1.5870291343165617	-0.4709888507540365	0.6218161956300327	-0.6408157340851575	0.02997549380759324	0.76245393356816	0.37426580120871994	-0.15111272000064974	0.616239386930541	1.67971804817903	0.5763336654915345	0.5229416315042537	2.1674610595875117	0.3987756683890049	-1.0928746945357444	-0.8574144264529674	-0.3532941017248324	0.28856076576419165	-0.5478061269871213	-0.6771183767147064	-1.1991120985960062	-0.5486549327089205	-1.1612740601673288	0.6540424456137555	-0.34804474794884305	-0.9012319368282751	1.8978268925270314	-0.7315453059704999	-0.17706841738170165	0.013868084007215203	0.31945760224083003	-0.4071206735842186	-0.16471775715611536	-0.48946593995818216	-0.05247684679927701	0.6904326553863892	-0.842255658713023	0.7711040319043507	1.3645793757753049	0.4991367362280062	0.008627573904515727	1.62883130347613	-1.4735565971450906	1.0161668365784577	0.8669260591633269	-0.03276293307513501	-0.07070022877701737	-0.19272211312540538	-0.4745362527088783	1.5101262490573495	0.4235593008616125	-1.2156945243162809	-0.7600560465570343
DTXSID2044210	5.723618203593074	-4.990395282281642	-4.960884640601567	1.0969666448406628	-2.221175727767343	-2.6277205413961093	1.2700605663500582	7.017752810687872	2.5683124512492537	-5.24612338158908	-1.5041978075922326	1.859590193425381	1.6503234373457911	1.277035001676547	1.0202951628391344	1.1638213093373833	0.9648885105791982	5.886682906917042	1.2080839178177092	2.5953491939610136	-7.751183227204916	-5.972591013502841	4.266609207027922	1.8824008579923484	8.382301612448773	-2.4590426694788565	-0.6130374124903578	-1.7262429946959514	0.043417722677378055	0.252936060170445	-2.356928169339364	2.6524879094461866	0.8587684853311314	3.0823108418050253	1.1976894648795366	-3.451234848763865	-3.449493758548933	5.795154065946735	1.5212780396322387	-3.531567754382555	-4.756715614222993	4.915529034197331	6.810647610737574	7.699136384938961	-2.207159352768849	-6.984344246433302	-1.479747701740743	-0.7190049296348339	2.046969883817783	0.3594501104797322	-1.1202874784353476	1.6346167404819876	0.03238667865303195	-0.5319295124051429	-1.58090065710608	-1.7000969807378208	-2.0977525463170026	-1.737042265899742	1.898523678017621	1.04870212014894	-1.223928510617043	1.078586134800738	0.2668989022336975	-2.7371782368079796	-0.7689919081040056	0.5097337472840074	-0.1802123283876749	2.1645054174867733	-0.9823869727087406	0.7959543875172815	-1.4631334664210547	0.06841781228246643	-2.4430916525788215	-1.1935923552933336	-0.01261694719267533	1.6242293749487773	-0.06714556293409395	0.37468147019930365	0.29864375171707247	-0.6104961183303879	0.11406900833214388	-0.26730440445167775	-0.5623039302234649	0.6639070430299957	-3.4052371891016042	1.0953346610733146	-1.09121464298213	1.2346851572116315	-1.9880990794529256	-0.5105883245178535	-1.0580617869383897	0.08152613586749892	-0.05819489490850042	-1.6488143613558488	0.5607483203706493	-1.1912543355263643	0.40913760925462844	0.8033680786788356	-0.6666289563708641	-0.5597954367933916
DTXSID9020118	-3.2537914707541025	-1.0048626944220311	-4.39547749487945	6.136725578390442	1.2747092636737156	-0.013281417128868577	-0.36666764386719286	0.12810017070360755	1.3834957884083017	-4.121439482255612	-0.5265321945002444	-0.6255726289218949	2.0222501084562405	6.178349577783006	-0.032921639020614124	-1.1272656392147726	-1.7246684493470288	-0.9167115235225426	2.8871983076283967	1.7219059446872123	-0.18077615044307296	1.519954792051661	0.4665771701676919	-0.9400443477133478	0.4220894975950798	-1.0850367830215988	-0.38229160588739985	-0.5522505589457413	-0.3783882137833388	-1.5969742330989662	0.12181488783281631	-0.057428490021134496	0.25025879395892175	-0.051187070310695006	-1.0326196468446567	-0.03432302298540118	0.04186637603361261	0.8623856088948781	0.3371587149345105	-0.15208887547770397	-0.13561694120089937	-0.16765839009684244	0.1098357061815994	-0.9906425196125105	-0.11903263070064492	-0.735354848816972	-0.9312505950118313	0.010232352432091623	0.10522576928184688	0.32457932227082603	-0.5742063772697062	0.5023423187063317	0.3219112858821857	-0.6142591425681354	-0.04981935893891055	0.38498376354995856	-0.13125827373159357	-0.4760584889411494	-0.7466684172006897	0.7052070121052478	0.23950727896568919	-0.6304303844704071	0.48321580309540263	-0.32009445564141015	-1.0876788912025406	-0.18480163460266052	-0.9631942539238202	0.31624257747443085	0.12650195567760497	0.41914670329024134	-0.6805194337106468	-0.836071148692522	-0.16036742116055058	-0.3786296335385393	-0.07378871486683843	-0.3663183765218078	-1.1132278983949715	0.6435119395853135	-0.28671080055608483	-0.20256425950106252	0.12937145318244672	-0.6240270299570071	-0.8543303643895775	0.3135087633336496	-0.4120719152241159	-0.2693310654683371	-0.953610555212419	0.7909866765646744	-0.1676719732791064	0.9842237164367789	0.2849071549902176	0.27647059499894844	-0.36247981110388766	0.05992305423472991	-0.9940801669732516	-0.2000901648366973	-0.6264096691217701	0.6332306502840568	-0.3507772596050979	0.2696093119175419
DTXSID0038881	3.5606733488988276	-5.209422266599031	2.7916703585525147	2.2026623267984307	0.5331338109803361	-1.349817154240699	-2.388475655937382	-0.18127334963514838	1.6270527947167166	-1.2847066678576302	0.7697705421319292	0.2929876170619789	0.9180373973952631	-3.810216249282977	0.3258395288591733	0.25404260097635806	-1.290752305490046	-2.872026809821401	-0.029527461437558734	2.5206094302222772	0.1189428150122075	1.3034978553443666	-0.2805149415768958	0.6292096745274651	1.1013693893237522	-1.1080536169069999	-0.36611241979884923	2.5234968834865983	3.592679136049797	-1.4112367993308652	2.711867734401923	0.7100973110908029	1.222514692473986	-3.1303356761108314	0.35926678454641287	-0.9552052243118277	0.050690909166995375	1.793151139656006	1.0990282078021647	0.07912508890074973	0.10904563644012899	-0.14304407271687167	-0.9155529900004964	-0.43187901941601664	-0.611221122524271	-1.5691600220369557	0.32780205478128743	0.43840194270368793	0.13104399601285704	-0.47201473947772293	0.30599656827405475	-0.18224379094302243	0.3589149515436449	1.0368008534149187	0.13490024795497696	0.681850802721571	-0.44560560084288003	-1.8418939425303857	-1.6615184536301388	-0.06999068515017712	-0.18454724073451653	0.08361790186853074	-0.21719611077575895	-1.170777547347754	0.4044128759738454	-0.10490657402672006	-0.012553473035504184	-0.6916175200494781	-0.7816203185368786	0.9385610281961362	0.3326770092013907	-0.3859542131188274	-0.4398457139013114	0.743542381763355	0.17398932359696806	-0.40453168059421374	0.593268519454664	-1.4349070334992386	-0.250319892451898	0.9607746335635499	-1.048724913955362	-0.5868848619095591	-0.7240076284102163	-1.3014893218933665	-0.2587919478665155	-0.0018835376555171915	-1.2256491355416543	0.010387253026787025	-0.20969989205232303	-0.2622499910049917	0.34129764640230037	0.20493454944600442	0.019893338039079715	-0.0237153524471977	0.7959711406700853	-0.0176810782205114	-0.5656545846351143	0.019152842262811415	-0.03481951622133949	-0.06339782798197863
DTXSID2023692	12.033138640097858	0.7260422912944504	-1.6456618832520955	1.0618985961831215	1.4436112748786731	2.632489223528235	2.081813839409107	-1.093014968078086	-0.44750735540437997	-4.20990628135148	-0.06256689786737653	-3.845979844789611	-0.0657335569261543	4.513061068463564	-0.44066105573631587	0.9576129494661605	-2.158989642556609	-0.9029248693896846	1.4151609177572841	0.9407350459909352	-1.7650861339211257	0.4297532296789942	0.64056967593244	0.09374086455345888	-0.38159120924006346	-0.3743927289529667	-1.0538107058829043	1.0604816600915137	-1.231227321808776	-2.219127107673897	0.3587074859373896	1.1382534340949142	-0.2518966183815582	0.09561742936158932	-1.2412871307048574	0.5995620838883561	1.305794000230969	1.2628570995848936	-0.5201459333867291	0.5918004113466175	-0.525935144542949	-0.5562367241083119	-0.7573373289887007	-0.4498764813351079	1.087208731595577	-0.33220324973190846	0.40875056444602065	-2.102117944520199	0.8901709021064991	0.8824046181311392	-1.7992487650846847	0.4620002814841601	-0.3518518689557575	-0.25054013318592105	-0.05999256728046235	1.6629449282446318	0.4518438737143709	0.6412585844844102	-0.37350956013630593	-0.7508853138474969	-1.1169815071902953	-0.6604377125457872	-0.971764987135715	-1.8283706527091896	-2.411537695413084	1.1825579076624557	-0.9474159091387285	-0.15312469816386384	2.0672556953947527	0.5910734013303394	-0.05230143525519596	1.9086218901160332	-0.9114997719524283	-0.3880402030538554	-0.5353033915336248	-0.29444048868990186	0.4534119106191441	0.1330751746756943	-0.7560699022725584	-0.3233648398240383	0.8830749027713487	-0.10476388942345807	-0.5547526896759117	-0.023513634385355014	-0.6416848880389658	0.1390879415569322	-0.7899041590204343	0.49626223316114676	0.41422148172882145	-0.7317363759978966	0.3114318767293512	-0.7147592192758473	-0.20194267105109967	0.253369007216912	0.7949693369239834	0.44908987378245235	0.5754629667523108	0.5336612949904391	1.1017617009786078	0.15938536259899366
DTXSID3048605	16.717052933754882	-4.549877134223308	-6.313377176688436	1.399095084258295	2.5048461104274753	3.608080872575806	4.277934913917339	2.6227821034878485	-0.4309530448404178	-0.004149865367825638	5.57915948293094	-1.2444112464273456	-0.660922132718087	0.13522977565983987	-0.11331656680246739	2.0065785239533556	0.4636825802808595	-3.8127354083693756	-0.03306719361377285	-1.2291865527909671	-4.880876009784082	2.6738579768549546	3.023742634279365	0.21634975282037042	-0.3020687277588476	3.6934113248035163	1.517224439775713	-2.411760714953343	-1.254370565288023	2.6299553060328744	4.592003000102478	-2.7726551436826186	0.6854569356325731	3.769466012075883	2.905107084089748	1.0436992322879388	-1.5684832988497128	0.5497638853493915	-0.18881809508030375	1.3395719781926054	-1.6580255204220207	-2.704558762622263	-0.11714875097623113	-2.9467286955318133	-4.981144046619729	-0.3776972765953396	-0.9347086545701567	1.5304527648119601	-0.674344506513391	4.21127450333908	1.6900302517679826	2.3014817776002636	-1.4183701905220203	0.8357489258300553	-2.2373641247587885	0.8763033726249718	-2.237606306401226	-1.789827488859203	-0.9696536236253918	2.954649978773457	0.2670864624767642	-0.4634929638721173	1.918658285261911	-4.99721697339398	-0.05290086402232866	-1.231627447695845	0.8331443555105398	-0.840217599987414	-0.2549587844715539	1.4990105199275365	0.9143055581772553	1.6895487068229758	-1.4622184140983085	-2.714438617446202	-1.4222029836074495	1.5981887178836693	-0.39296068034330683	0.690830984621258	-1.5020651477372342	-1.2126116253209396	-0.5065160207596947	-0.614445834037026	-0.8577511762126349	-0.38645331567924657	-0.6925048189206165	-2.410728695455698	-1.7026271107730786	1.914748840428948	-0.8627353511495783	0.39832110924660086	0.7177938312972371	0.6314719269849605	0.038789920226195526	0.49430782080552327	0.7212144917652057	-0.605006997298274	-0.5890593954236831	-0.5796758575915529	1.1186854085878577	0.536952694888965
DTXSID9044746	-4.812816630577381	0.8544975540504376	-0.39237669665942293	0.1348314335970885	-0.3308287820309963	0.798929888606736	0.5979092752169005	-2.231334579297388	1.0389194488042675	-0.29779496079609113	1.5814976406428392	0.8461917164545454	1.561944177741607	0.7721205377689294	-0.4563810025732681	-0.4899080388518429	-0.22444609575850175	0.8905668532275848	-0.007384375753073226	0.8500279199685128	-0.7721300218752635	0.7724648530239122	0.1176054297273196	0.015439471991459819	0.24375751258831485	0.08179440565348947	-0.17910807276196006	0.0630855499742194	0.19100623822021134	-0.45841726558446866	0.003532536226699128	0.2949925915260473	-0.05499630222763511	0.38430300518786864	0.04099893391014696	-0.14448210331171335	0.6348449678900869	0.7558754256902811	0.035128196489163224	-0.7323339185830876	0.4647473631500508	-0.3838759103110538	-0.4562378859810716	-0.410621357794403	0.5546689129975555	-0.3217914083118107	0.12639404566131018	-0.07079238552937553	0.06378940899156214	0.8817512477026674	-0.2333474614955957	-0.30817450855476325	-0.36415841941608834	-0.23738804644771097	-0.10723924421929583	-0.0006887721293153157	-0.3302814265676444	-0.053695082513811235	-0.7652630396276623	0.03337195025865291	0.20408948867529425	0.2859010958462898	0.181852759981223	0.1838432136296277	-0.6196172369479832	0.02093953094695249	-0.11844252572599413	-0.6344719517240491	-0.1617868537837472	0.11611854164102038	-0.8635111965217536	0.6356135416636908	0.41009725027339833	-0.2556481145327391	-0.3551627303094916	-0.29845727339633654	0.1560732109581481	-0.4434585458250758	-0.21045672735898754	-0.12835473277319975	-0.0430870986146434	0.3037228273954363	0.5026316795815355	0.14076105791030225	-0.20163631855753342	-0.11500928850494166	0.25287254383676755	0.07887734189077646	0.24127362763065674	-0.1625429234483386	-0.0670588136517654	0.07420655551490139	-0.15844054365292828	0.12523327268522313	0.027556295828033556	0.20793324493961535	-0.08414842888902754	-0.029062904212752462	-0.031557007292587806	0.00135444647145395
DTXSID1034260	16.080472199073835	0.3122944576399913	-1.999031127988946	15.502700356276884	-1.6491393796632305	-2.5073745450554723	-1.9150576741031786	-0.06130192542334873	-0.8930989389646086	-2.3257392491124653	-5.820227376722104	3.0140748178687695	6.050333863118862	0.7955043900325856	-3.862894462377195	0.6784275614359437	3.3763325247391425	-0.3872320861525739	-7.151326013166723	-6.584106303259052	-1.7565082008493704	2.7895144468629787	2.406989653771707	1.5263829017978843	-1.2565460323922397	-1.03314853739754	-1.883280371702739	-3.8396017420910065	-2.3205972423853263	-0.08128052112724632	-0.8904232643335994	-2.070531105143093	3.190439994550163	-1.4691417012617156	0.47882338373550337	-4.478696991216033	1.0739645688794321	0.8218832036538567	-1.054067003230881	-0.4253543846787595	1.1012974853144628	0.29673418716667194	-0.7328746483241999	0.543355619432959	-1.6435745948256584	0.8632170812641417	0.6449821146078492	1.2048302068428758	0.39036335400127153	-1.54579665587736	-0.6705107942704341	2.0473491620241444	0.04016939961847908	0.7335200221110839	0.5002781959230791	-1.6114450333730812	1.2451368547138113	1.0986705489507669	-0.04048092694265001	0.9908562015410841	-0.3664847745724789	0.35410537259743585	-0.1613664091248966	-0.6792803179295896	0.34388332412806455	0.4132254044042112	0.32331177268258243	0.11478687609646879	-0.004173799776474959	0.9062202541349256	1.2375913912222687	0.47381755270464176	-0.8042116798118465	-0.4887404583105226	0.6660838302572581	-1.5640999325188578	1.20030416964312	-0.8243750949778013	-0.34076260664742997	0.534358992202029	-0.28802051885994406	0.12587654953238758	0.2622660623704871	0.8238672806813327	1.0114565720732502	0.37711684844434773	-0.2594646472204507	-0.0014769456049938034	0.4346048983246408	0.186280066106113	-0.556098186161535	0.2087470297450772	-0.31293172297090094	-0.01777928413393399	-0.4966946478377481	-0.30404843984617846	0.4314119455112744	-0.6199163714406163	-0.05157875874927538	-0.015270336687970574
DTXSID1020982	-6.195549869347112	0.8891288361205604	-4.146584207798575	5.45504105512504	0.28071387858030517	-1.0330377587989958	0.7064770014811568	-1.1590253753980644	2.6086355266770065	-3.006368379050286	-3.0678254470554176	-2.774979116003005	1.0934734657991991	4.332456280701671	0.2997611889559688	-0.9706023592643545	-1.0607501849416292	-0.9217247850882834	2.039842586571636	0.9369533863871009	0.3609706823896362	-0.3598188110586472	0.4915171187968153	-0.9253024220998844	-1.1953284780589029	-0.11079182943613873	0.048813357249649934	0.21674728363143927	-0.7467550513510385	-0.912046091423061	0.9384847706960237	0.13799651727341705	-0.8790300859692233	0.3952802153025221	-0.7269021327736174	0.7191356442008687	0.4734026008976095	1.3226728337631994	-0.14317042329660473	0.10295037942492391	-0.033789626628729696	0.9667954949913515	-0.4605539181016782	-0.7425448819679529	0.24164241767209554	-0.13498843480344233	-0.5566655203604589	-0.36053192332989553	0.2627487126545272	-0.12346768616066511	-0.91902950893948	0.17557221071733867	-0.27733660371119795	-0.31328236603915655	-1.1374035512573095	0.0017784537805837814	-0.0755894987852641	-0.07110444297264262	-0.47258184995828595	-0.12258024999544442	0.6546603951073332	-1.306326575056117	0.00038514459971792915	0.043001777216721465	0.12325276631019556	0.10980739142510569	-0.9476287757591014	0.3493815209965966	1.4178680787759461	-0.2755663074688044	0.020761985993106802	-0.17529836979084948	-0.48808147790136314	0.03669976211848907	0.23703572237282958	0.04235777454881972	0.10587904650682733	0.5372933908067712	-0.945213177946996	0.12013386994320069	0.20025689702557295	-0.8370612674611169	0.6076661099123838	-0.1453664244489398	-0.25346285349343994	0.4283243938847495	-0.020785681753556492	0.158825400851392	-0.1804736186005072	-0.3232722016024925	-0.007922053418669094	0.3640006701574803	-0.3759213878580253	0.5636522523960191	0.4547746829641426	-0.15373380759877664	-0.10707055052182078	-0.28468018284019037	-0.23216843598180661	-0.29627632524504105
DTXSID3041663	-1.7783590950953747	-1.3516940782319558	2.8538373768354868	-1.7063869428760972	0.44135084182105105	1.4369698507655861	0.21232545812185608	-2.5088133296101858	1.2672435253681873	-0.31772717071472634	0.9341066687428133	0.1814863870267456	2.627020843280743	0.22350593440421504	-0.27643819708989914	-0.3158171778396821	-0.21095979815408425	1.0311718887990133	-0.4059621175338453	0.8806853166750638	-0.8225328508120134	1.2552389549770782	-0.6098534650908801	-0.16034076188393045	1.2333663905966312	-0.4475930664655615	-1.0136389749728312	0.2643816642162076	-0.3753532151158008	0.1085584972196894	-0.5193520275717617	-0.013076587339686356	0.038809456876933775	0.54709400913405	-0.22207242024555895	0.03821813517864458	0.3804574093060163	1.2487093402354856	-0.09407419298142668	-0.13517031163027074	0.5019333452208075	-0.31803774397178036	-0.8008112689238709	-0.8328073740700472	-0.0948688627540472	-0.3081107912106982	-0.21109580105859926	-0.3878168032722542	-0.006661960372388407	0.8370456705484112	0.13286485124857592	-0.5476931344033563	-0.6369457697737197	0.4615199874493552	0.2971799340694931	-0.22832363206596576	-0.3062913906672725	0.4047146529675956	-1.1217151278332098	-0.2628545861065249	0.7885907813183742	-0.3714999775396261	0.48377325080065386	0.25499882718407246	-0.799086124585743	0.262474886278413	0.2342871942183994	-0.636087973239027	-0.12961463940529452	-0.33993994987894005	-0.024089656359761905	0.7427907641109235	0.4734700051471361	0.42504180608993636	-0.4136104027685809	0.15565032935249462	0.08558037872379046	-0.016523489677855066	-0.22220367358602072	-0.07533630711483236	-0.13114550286233984	-0.2773394514484436	0.11090319230959132	-0.45462273249252244	0.008889786015640935	-0.33095665222716153	-0.2220531534972536	0.4460146379257833	0.3866101383797166	-0.20525140404666922	0.07211864600422342	-0.012176295268362716	-0.5006394498053132	-0.07776352866782357	-0.014809248564628494	0.13369112564718708	0.011929487131961682	0.5880522023163474	0.47475312132327546	0.16936807569642956
DTXSID1031462	-5.205614348801197	1.392406753389876	-1.5151941286403026	-0.7120389187163466	0.5455686637497172	-1.25642706896368	1.013839396951873	0.6921744308194101	0.07782046471553268	-1.3017964301446596	-0.6529655912016908	0.45468002038533256	1.7122259573865952	-0.8592294282115833	-0.06658011725381595	0.6782520749547745	-0.35087037851357283	0.02830606051595369	1.1842718469060307	0.8845835950767773	-0.2583699626893324	0.7717944902058931	-1.9129525602676534	-1.564396993218683	2.946299816137463	1.8104566101467372	2.656021072524987	-0.6378596381536322	0.22691173248270138	-0.12542737591033912	-0.10674145530822908	0.6517994088068407	-0.24225480041425962	-0.79171123084436	-0.22031366616806958	0.9641316420272299	-1.1667022554128863	0.974862150695579	-0.7599788017535462	0.16027469980496126	1.0928418471300216	0.4190120156944059	-2.0006323111608206	3.1779038220909417	0.19968046266557143	1.5907955107980738	-0.6608442399810048	2.6814475559600477	1.412726574800547	-0.1618880780384228	1.7782723976208048	0.8349285471886022	-1.5593686788269012	-1.2215054252952537	-0.9785764807074052	1.6741378238575082	1.1284391118988892	-0.034443107804344356	-1.332174074454226	0.8182189938064711	-0.9632302949384323	0.48404069180476483	-0.9772432651285824	1.2741594183391516	0.4223458636278174	-0.3248926351991997	-0.49443083545586813	-0.21506061732248297	-0.06926620990812725	0.46615149329374456	1.1845906178292813	0.9721547896218354	0.17328779786843007	0.6102146624416239	-0.8802866326512716	-0.24818022839221096	-0.2281902675234898	-0.5094846751719534	0.5205942301395509	-0.2623012662400444	-1.1339206905941246	-0.5145834056533124	0.5831773912263476	-0.5573599734621726	0.13172214409116942	-0.16885528019780885	-1.0826913285905841	0.14278276940176754	-0.4149635397307356	-0.25419805390162414	0.08779716556396013	0.05575203634022616	-0.33646328098636136	0.7210357904658062	-0.48255006161091013	0.8560373230210623	-0.34425815282740796	0.6121200633002464	0.43995527268916657	1.0253991383756884
DTXSID6025278	-7.99915827481586	2.5158293200487267	-4.331775160327819	0.5401148307635659	-1.4015178761427083	-0.0647383008710712	0.6248055748351171	-0.9876324213663078	-0.013157963360556075	0.5084537554804456	0.2059716652957992	-0.6952712055291748	0.872289404892223	1.102308120292566	0.7103112186784557	-1.4716773307336768	-1.3657299749725182	-0.05525686912302403	0.2361312486241292	-1.453021963349855	-0.09941798865941436	-0.14424863207665722	-1.693594578830959	0.24996186249425073	1.0880060901397166	0.9543654969759438	-0.7983764238344836	-0.26483194601362786	0.5537983228629059	0.20347690244448108	0.5227773199138881	-0.2243001057235068	-0.008008730488184203	-0.3660665957817295	-0.45594996708570623	-0.28462981718595	1.2454903871110474	0.19460375627707033	0.8341279779698381	-0.4355985799381768	0.13751138011139924	-0.26950105709639155	0.2918400474517368	-0.1604519700338248	0.5009093672559656	-1.3876652751582736	0.13224698252380504	-0.749672054940171	1.0264548981481005	0.3506561869825895	-0.1581779738744783	-0.8743716001981197	1.090399966070308	0.6563750490935867	-0.4505229071836597	-0.5253207363323593	2.122593346382736	0.289941661125894	-0.616137612507787	1.7543844511275903	-0.14928376047066008	-0.21458833592567078	-0.16202098625052103	-0.4075335261117174	0.5190390199284651	-0.4770556555609409	-0.2723752632702225	0.4034255896740678	-0.09957584953944233	-1.039077312588221	-0.33988551632118463	-1.2220133203489698	0.13276520303000544	0.065033262074537	-0.46123224230729515	-0.07325915768614204	-0.3643166106735664	0.07708166047781065	-0.2788444733450335	0.07353420997622892	0.1657248323158299	-0.65876002816988	0.21532456167033864	0.18625262331608333	-0.1694105631455706	0.20871670825132488	0.6012685446160217	0.04364971389280726	-0.23709011955494383	0.20763252258964968	-0.034852826541842366	0.8392407226297135	-0.3121284542047046	-0.14853610742078707	0.5339981801167552	0.20299958461555748	0.7934411067344214	0.12281505832529106	-0.25670213578529094	-0.22458087488117034
DTXSID7027544	-8.277280155142439	1.9735962672486635	-2.3948914336315665	3.5407594974909484	0.5464943159336833	-0.5821241916849789	0.46061191477127356	-1.5059792441976714	-0.14838472799777822	-3.212384190996304	-1.4931897288415852	-1.5708676899149139	1.7520083083728966	4.579641115306017	0.09291141854045187	-1.6548764912513632	-1.507057810032775	-0.6088494349341952	3.6588800921336646	0.95270427565287	0.4686726623589763	0.4776048569213884	0.372370737692045	-0.5582740728944965	-0.6087494235396317	0.24434753043083937	-0.12855290808422165	0.2305781679167819	-0.0937679005058705	0.10208706755217607	0.9305580965151866	0.5351269463223067	-0.6591593538447479	-0.08812922824851402	-0.4597728600286384	0.5978912983103386	-0.10149696312940416	1.1036365652620344	-0.18330555454314507	-0.13090594331238112	0.2670317390411838	0.34870563291467094	-0.551636326688353	-0.3497868058090933	0.45076151041796486	-0.29856640347251395	-0.05029439204603005	-0.37783781989000853	-0.19414130165282995	-0.22532457883465762	-0.5328538489897355	-0.3382668067608947	-0.1569414755883208	-0.6669263092565685	-0.43367041181497	0.010852968486464613	0.03822343583247972	-0.21392757306922114	-0.8099950914837978	0.7372941674693473	0.43461854340068656	-0.7982615899818772	0.2770047799079144	0.5350822017104389	-0.1313770289923945	-0.09734634433651476	-0.6283060805396984	-0.14973548017870927	0.6091820609700297	0.4374154058074656	-0.27506591742278413	-0.3551419349724207	0.3556226519840409	-0.16456004826270296	0.16478484905437005	-0.02158846255677504	0.4639322556823137	-0.0022472629988644233	0.0628533960447254	-0.19570720778520262	-0.19331632351435737	0.4574208422603739	0.21494529343848873	-0.43968504714466966	-0.13812013378799676	-0.4995962366369021	0.5876891186387976	-0.20407389597716208	-0.04452756110005225	0.24114796336256972	0.02955536510981793	-0.038760120171991645	0.19742301199323958	0.20451540401977095	0.46195352422468666	0.24238086211736976	0.2825862861027082	0.33144210229299764	0.3440082654217031	0.33233872914339935
DTXSID9047966	8.165765687201077	1.368121704397036	-1.2566061559463388	-4.397500621981841	9.66892489132039	2.798772458080259	0.3600024884054227	-4.98722285597089	1.7652375519193615	-1.2085310241404439	-0.4104837059780585	2.7111468978688134	-2.3604803484636445	0.41301074942120786	-1.0126543068032652	2.1622082707394346	2.5853284046641534	3.00485868220634	-0.8461795022192887	1.0261807263417635	1.0197637435800198	1.2199192807807653	0.49297796103907177	-0.7158805778863065	2.5177488376724555	0.0005476579525861197	-2.4889673736397224	2.0324822326879874	-0.1485703965261515	-0.53798449665491	-1.1803152292907222	-1.3778114097295093	2.2780984217294318	0.4030525343314807	0.7780893511517648	-0.13977754359499736	0.16184888219722945	-0.46872503996770853	0.22385972113762614	-0.5193260699009081	-0.053178183265429835	-0.9798602768825377	-0.44761797657005253	-0.22849332101671554	-0.40817555706266506	-0.985156673624325	1.1502171033148614	-0.01910911690927885	0.5438007086244897	-0.12043333520340521	-0.06830887534338059	0.8789967305856075	-0.4322161756079802	-0.40524943312334466	-0.3618679903297112	1.4438079933472252	-0.5658970961065054	0.6555476982853576	-0.18312651619975992	0.5100735864122388	0.8890744321806163	0.2897321771575147	-0.10613874300612529	-0.5331370099818837	-0.9559914720383516	-1.5878262899176692	-1.751437966137188	-0.18743270826971192	-1.0890709120390893	-0.5565676328002269	-0.20242703874838114	0.428550133436763	-0.0006720783761081377	-0.1385549304590266	-0.35773952454820923	-1.1324388914233199	-0.37625911340605345	0.2258888138821856	0.39369552197942476	0.6720287045940166	-0.558515097542934	0.011342876512498367	-0.5511003910854709	0.4287549033794408	0.2861738008433955	-0.1764178949980825	0.4511881056271933	-0.4761665099767899	0.8023862113357683	0.3507150549046447	0.3309229606619664	-0.7203695381244769	-0.3356020511526648	-0.5675540649676739	0.4738925763462072	-0.33102282580694226	0.22022816140626805	0.4531823193557467	-0.31143592672238685	-0.2848055591140522
DTXSID2046179	0.8238102780198451	-4.28934936787028	-2.1588463613340467	1.8663600163406895	-2.0455041864010903	2.1722748355594987	0.8801762210975318	5.1360294272033356	2.112308251066641	-3.6528936938689993	-1.316704917431624	0.18213560974982582	-3.467113358222504	-4.048115148156241	-3.0556269902400364	-3.5585326385021836	-0.4649601132411341	3.015701092866351	1.1676496218221761	-0.15999715660527095	2.263917272205757	5.34177472277084	3.422799780095941	-2.491579734826013	3.7997723695975236	-1.4967803277263139	1.0047538669334009	-2.2014145917349417	-2.2411933079202715	-0.607842635849493	1.7931249290551339	3.4683004880546306	-2.2831768967268267	-0.3540811488744747	0.5456088947852499	0.6302417784696459	0.6299355026612208	-1.4883205231836016	1.6039882645061951	0.7864840825846771	-0.17884003430046128	0.7586381690606387	0.33054741617861505	0.4450087335227085	-0.4222430178542481	-2.0509906208685336	-0.4358049597010391	-0.4807732651072487	-1.9972218193505995	-0.2454173113669849	0.8576147632930928	-1.1865256597603966	0.19367715903256996	1.6111603939160661	2.0577168154157484	-0.9038852581573984	0.998941398466563	1.7886422775124886	-2.7602703992527062	-0.08037522589061312	1.543596677862	3.7030075300166425	0.7245709799824642	1.9619168120827324	2.0381210428295913	-0.6398934107156701	0.5417220841700167	-1.9400331423772341	2.000697227984331	1.0621653911144864	-1.9700714586337866	-2.877054032856145	-3.8050659155105344	4.9997251906889995	-2.730969578900638	-2.405570969204486	2.612060983973776	3.6010809771784453	2.4617593789085483	-0.27283055569968123	-0.8131975649961543	0.7611015637292465	-0.3294862818492399	4.246776100474492	-4.714325033317162	-3.4579976920825306	0.3848752781311613	-1.0237337102730395	0.9037507966645335	-0.9166911150753698	1.067680504996668	-0.8444624305452015	-0.5500042221014914	-0.7503642450312513	1.5419936250196906	0.36908807549266354	-1.0152238450749063	-2.373192488586542	-0.014695049676175088	0.2679213458111893
DTXSID6023076	6.169424681488469	-3.045139905152222	-0.24538494778756842	-2.7459995657907346	0.28355896541461134	2.3713113790055904	2.2607150788455415	2.8248536784476896	0.603620567759303	-1.4423186047387646	-0.7638704558952457	0.0021655601891312974	-0.16809444572177734	-3.276791949017126	-2.3049039023645657	-5.283940077074562	-1.6621247283476204	0.6152621589465748	0.25321543550771297	-2.814074783341839	3.3283387078002336	4.536819294926313	4.144842185992727	0.7876802925324758	1.2226060073789926	-1.242811294408113	1.6182248202865106	-1.567348146942365	-3.4922660482725236	0.21865264712499013	0.8708677849706087	3.6913140296844382	-3.8741550506167037	1.6855234810421393	0.6729371365570006	-1.3447554556072558	1.4636879554018916	-0.8595191118408799	2.899697178882305	0.7698464368582103	0.3261558997013207	2.0450779245518715	-0.4302632124301317	-1.0844535924675356	1.3285985259054272	0.1860829836543409	-0.5122789514264744	1.9433954685996173	-2.686736148974875	-0.48104101973777297	2.3868672855324804	-0.7459294084738493	0.3518781133113207	3.2350854469293258	0.08609284718911116	0.7211873272643464	-0.19722645624113894	1.020000216683073	0.14690308179237532	-1.5774613186665045	1.9609047950851886	2.5375459207055386	0.2550881421202485	0.6526673322192253	3.3846317119056883	1.32586624773254	-1.9862278825552668	-1.5958534336030135	1.5608174781642605	-0.7073239857671383	-0.9610487783020988	-3.102095726032899	-5.0389510660075745	4.5601575785023005	-3.894488244739359	-4.517949289444715	3.085693847187052	3.703831056610036	2.199094981547915	0.3145411062729537	0.12499191266176411	2.427479558995064	1.189411616694958	2.345447580209054	-3.7116879498612154	-3.5479809608849675	-1.0707113026550796	-2.6241079591749843	1.5384282694270404	-1.8459122598781843	1.2083590736874033	-1.781474713018106	0.3428205227472158	-1.5534310255500574	0.916594099356113	-0.9937001270014044	-0.4629453428611599	-1.9644203420069268	-1.0157255751483731	-0.543532367079874
DTXSID1047106	-3.685277887244248	3.1496106004376205	-1.6337349698855586	1.580012345681005	2.4799167249439122	-0.1741356818313956	0.14795373714153717	-1.3748604669509206	0.26578543767550866	-3.6237154692297358	-1.554164893075919	-1.5323727162707708	0.5417911980132644	4.736725261404443	0.6065295990638088	-1.2995170858255876	-1.709581755131128	0.4419960095833435	2.747172076739647	0.7176253340333361	0.16861587888101218	-0.5050395842389486	-0.7086157238876585	-0.26369603421812104	-1.3189564480197842	-0.04178514574084009	0.5820271653782643	0.0644269344583795	-0.2782721470694146	0.3977201190786171	1.2909977249556903	0.5985474807721076	-1.194550477803196	-0.9483914973342779	-0.12808799094091206	0.731723837833452	0.07229730705846926	0.8563045387036758	-0.1257965823870785	0.19012024053779814	0.04417478335761208	-0.18229552890569695	-0.5804895549149461	0.03282525027836243	0.3995684532559182	-0.6292592832842611	0.18007465379391302	-0.31311463226336994	-0.2317538193428071	-0.01188962354645701	-0.4635947306289686	-0.5436251424499813	0.005251146659492489	-0.959532701090474	-0.4151771462538373	-0.17008022600997402	-0.23887508613526956	-0.31008035816026375	-0.3346278025084911	0.04185983106491774	-0.05432252933853098	-0.772126446971726	0.32646706709714923	0.5816420878600876	0.652399519476678	0.45930566566418557	-0.06617984250580197	-0.23338977991484583	0.5824495539808885	0.17006388461960087	-0.3940764226455316	-0.6791165118615619	0.11965399811400823	-0.28737008878038856	0.008501988957887112	0.38387129623998995	0.5692371641881151	-0.12420272081310964	0.21758653092032176	-0.17535706505718363	0.41359463891246623	0.26245706557040466	0.5137027372691255	-0.29306941438719475	-0.03923349378447946	0.2782208549947049	0.41408565624514676	0.10868659640807465	-0.4820388923642918	-0.27909845348097384	0.09875337378192808	0.21486983088868863	0.4046228704181699	0.4964723742635433	0.003750436865553408	0.18625041458571395	0.18244185910977634	-0.3188740511840331	0.22640828446787048	-0.04696288662098509
DTXSID6032192	3.5611571007365903	-4.072982398210252	6.371460951041273	-2.8700327803382657	2.4049106379563283	0.5532133652183135	-3.9526279194839464	-2.0346237828545193	3.4660179498125543	0.9406457954846745	2.731521344606964	-0.15582545541274978	0.3545226062420804	-5.2203014239214305	-1.6286816865487697	3.0131891278342997	-5.287764946577541	1.5713664979809467	4.226435285450359	-3.835307157217053	0.9549106631692403	-2.6787071888290765	-0.25997738886005795	-0.010853463600330874	-2.390565860506554	-0.09299955061727574	-1.1120548300322235	-2.1058073398083854	-0.8125752427312095	-2.3352986029293574	0.022588625009724528	-0.9557984678236481	-0.9188089373333986	0.4087292969902487	-1.6040650046879308	0.003599916713133557	0.09173036371049464	1.825953370374243	-2.252335667937044	0.13380371186078044	0.2543381201347776	1.5231243079350207	-0.16765000428733226	-0.4215249794387009	-0.5964320343139574	1.7329969135224277	-0.611440479665534	0.2754248765938764	-0.19997003851610476	0.1973711498280194	-0.6282074564027462	1.3242004042751456	-1.4783618262363183	-0.13348376739670503	1.1690063074651886	-0.2776469450166413	1.3186999003075717	-0.08774305272301798	0.5901516148406036	1.3547845374248748	0.6523494542187258	-0.6179394656581877	1.1079123318164967	-0.3852782083636653	-0.1570685610911881	-0.20050642150598477	-0.8419419474264149	0.7619373967015225	0.24441499623255883	0.6900551099879885	0.32009252686681966	0.43713511415286904	-0.4731498502476462	-0.3844346887618669	-0.2815934593982904	-0.10015543821954073	-0.6946304498504072	-0.29626245573964805	0.0028315393925917804	0.3648002505358821	-0.2621717674265748	-0.1417464037050634	0.07399683850769279	0.02755698945442478	0.042103330990924365	-0.6675390806340764	0.47268069005751795	-0.3680594117240435	-0.29042876201629075	0.23484642755745244	0.6589630045763283	-0.11090578760638632	0.3077386714076485	-0.2121896901321232	-0.021574312312543444	-0.3343136059389168	0.05487906416803701	0.12780725541940194	0.09529743300607758	0.02023040942860709
DTXSID0026549	-0.8057851505469912	2.6562629690527677	-4.355094253894717	8.073548750632769	-0.8754736910122825	-2.5032580903302435	1.428236984247821	0.3443410004759821	-1.6147967068508848	-0.48517812417489103	-1.0202177413442286	2.6545559785875583	3.067194452256294	0.6423328162503914	-3.6227638862616147	2.162744870357189	0.7752726556038084	-0.9008411558378412	-0.3373439008456621	-0.0729159124306059	-3.9600527206234246	5.236924578348623	2.7523599785424935	-0.09163761842450831	0.17396694963831683	1.6519641691773739	-4.979879382742548	-2.910884711256847	-0.8240020431000982	-0.6985951218440226	0.09578851176331604	-4.738020497607633	-1.1420267979207814	-1.6505708166574249	2.0628101244926387	-1.8958103567213667	-0.5703753640611957	0.7875251839132675	4.257496102090815	-1.0496887574414657	-2.840519291369039	1.3241075847360002	-1.4856697272384531	-0.5628933349966211	1.8919199797426904	6.4130478530051045	-1.6897972825292766	0.6333848576007579	1.3556670980555392	0.8476053078759392	-0.47260765643475455	-1.3082234988469383	-1.8789917440589545	-1.5551562488048534	-1.1060994889904652	-4.317315854172543	0.2981689550072778	-0.9071895325318461	0.9271877700051593	1.4762141362224848	-1.0408462407741317	-1.0637076671786183	1.0695035240379802	-1.0642746105556762	1.2675745465090116	1.007834617702378	0.9795164862476308	-0.34573213471588915	2.73129100512807	1.7496906425059326	-1.1279932948637355	-1.3656189931545077	0.9991321273640658	-0.5669291647250556	-1.9139937953416644	1.1169318873970904	-0.10105768518285076	-1.3880582652218783	-1.1766295826092503	-0.20052270757088836	-1.5642654226852644	-1.5014802376479321	-0.21366369505615168	0.936738846289053	-1.165749655590788	-0.3118335418596876	-1.9482027620329663	0.4642261682732014	-0.31764815632927834	0.5147761713872196	1.9017597710145564	1.9440250731112767	0.8344899762070839	0.6287985847200895	-0.43401530884629413	1.401588939985684	-0.1975100670826798	1.2485514357435124	0.485011330146469	0.0024722694133911772
DTXSID5040461	-7.878255480927208	2.8246076357718013	-4.707247154913405	1.3002412616874002	0.055182623299096484	-2.389483554938772	0.19168743436813304	0.579510883265144	-1.1774005204774698	-0.6455444251180422	-1.9198044739981273	2.8586057550012502	1.1123310440347385	-0.293314643316413	1.416171980638814	-0.09054602252839017	-0.41718903657134887	-0.36132098755583353	0.9622704298010798	-0.27233068019833745	0.21799771149183572	1.236856838992182	-0.9904485810442478	-0.378164621062916	-1.2318167583075281	0.7556896468988504	-0.7987719304241081	2.526976626702703	-3.307144181542355	-0.9331814394953104	3.7471406999220975	-0.8093667556163031	2.6578306944549053	-3.0375048742747186	1.1483403640475833	0.5744767040448764	6.558424373648752	8.935776425227038	9.335694864496935	8.7811185578147	14.876686789546788	-5.792391132483681	24.537925345671777	3.6643290606830337	-3.7357742506191385	11.053278091552913	-1.7427856881875143	-1.5012599158162383	-2.83856316385811	3.968375754554901	0.6355428964143096	2.641560334825276	-1.2938788128631906	-0.8911471607138468	-1.0530463726772763	0.3109546495345439	-0.7734684377405686	1.662015995445971	1.1333791509431137	-1.2616985104154814	-0.5457925024279598	-2.273784268669076	-0.5982405891140755	0.4234681485650284	-0.08543757769319446	1.8521605847095317	2.0151346768801086	-1.5205668636154115	0.20017550188000136	1.1880249731040788	-0.5485036861784534	-0.8119495643327339	0.2359823869885119	0.262433802791501	-0.4103455492539206	-0.4264032702305767	0.09443666442545122	-0.7299581873352614	0.4169449164978309	0.018226155545633647	-1.058357052331192	-0.5982815772936169	-0.4328735964046179	-0.5892496601672096	-0.018845570949472517	-0.6874362712100319	-0.19520719687564603	0.07847969767644357	0.6095921403099553	0.28437629382830826	0.40035531798881374	0.4338786405535894	1.2722654365211288	0.3950761196913614	0.20644322305414864	0.22686090854452906	-0.23320123175103907	0.005481547345990155	0.22510318856071937	0.3901386070374771
DTXSID5048849	5.460140073346556	-2.583786035610549	5.455265693149377	-3.1117301444378396	3.352319593633802	1.3694762057135321	0.9746284388470945	-0.5770669809000515	1.6296953649261718	-0.5108847905373377	-1.529696662847894	0.8598473513975633	3.924881389943429	0.038233299046708004	-0.2048745181110423	0.06293001379263169	0.4544659421765478	0.002611234695442336	-2.0665424092441573	-2.2118157711257855	-1.3115711992679444	0.3723230344482358	-0.4237446896559599	1.894230238173301	-1.234864777578823	-0.5350119016899061	-0.9625360608877607	-2.3711070397956355	-1.3430305398688556	1.3040900885627398	-0.2018377958005178	0.4668106022383039	-0.3583475798787485	0.3287334762021517	0.9823057744040309	-0.9294892013054971	0.5118328309166197	1.4916397230410032	0.8674978255306574	-0.4343459370058001	1.1171521585648858	-0.7322981302473764	-0.987458698520203	-0.8910040913536875	1.0715076049226109	0.7348430071030695	-1.0022073223713206	1.580861887121115	0.04980800013469014	-0.3252782070897376	0.7364517789592742	-2.060497491431524	-0.49991960329497964	2.199856366421129	-1.5320287250022355	-0.32309590645862124	-0.23046081920704625	1.2186750290986694	-0.11214624242171706	-2.184283704304818	-0.10926746477971197	-0.10245958853205687	-0.11344253519104382	-0.06431551963178372	1.720746800019722	0.9576756265971984	0.276104013273118	-0.1284065640673037	-1.4056580313326592	0.0768786839955314	0.43828151249674563	0.047014684921867916	0.3499877193427206	0.04084742342833038	-1.8508405267021526	0.10866271741993733	1.1799916511534914	-1.1007944819832844	-0.49121311568302223	0.20178625043388224	0.1080201329456166	-0.18692002905027783	0.06813727307718866	-0.522710393570924	0.5334679400940839	-0.3696100484072775	0.6733216738672289	0.7038757209987748	1.149650322824398	-0.4641723304949343	0.4149295300696217	-0.09196501351749832	-0.29209617863014153	0.1722983779398766	0.6194528201553571	0.12900001818949164	-0.42946869052271736	0.27803544621006726	-0.074880538738113	0.17711573472401024
DTXSID1021823	-3.9747867133460786	-2.1888720078777513	-2.397368006885417	6.0757104505305515	-3.0286731173309334	2.240575227833195	-0.4635472528084312	1.7320487317093556	10.751263482878056	3.3718794582999285	-7.260439658252121	-4.5670593096994585	-2.666986265669772	-0.22937244979216284	2.4130413551537506	1.6504228788483746	1.4563312453968087	1.382031360644984	-2.3664227764402	2.6351854951772222	-0.7535892401762516	0.39911948178995305	0.08557198399264218	0.40251266157819	-1.034215849018691	1.2735026607527604	-0.4093199226319437	0.005826840913086033	0.030051107556609974	-0.504792070805231	-0.24628478381180438	0.3266346348071944	-1.169127922936246	0.7450790030904471	0.4355419958659122	-0.2062176096240765	0.6781007811983462	-0.014689826648787103	-0.1442962517552323	-1.351051974050984	-0.005579032073395802	0.10398276816615995	0.6261710815665207	-1.1710071901284085	0.2674330188246702	0.4545541223831713	0.3231262716930586	0.9957754900923278	-0.24773125225033726	0.3683205315305507	-0.2441732693933117	-0.07177233592301122	-0.422346392803851	-0.2935967102420803	-0.39347376409209567	0.37497097316865724	1.142446571298045	0.23337479989064627	0.42855868971474614	-0.13508771229017372	0.42437366183239933	-0.8683355838112724	-0.5658503246904594	-0.18205537085661588	-0.24229035342011437	0.0809260949559729	-0.95011338514412	0.20231976984855268	0.9196358987621518	-0.8332832816459341	0.7606077424034977	-0.4020624577693838	-0.7648967066628826	-0.27458458881687126	0.034700687810922594	0.678541591084802	-0.2662510343235262	-0.20918023202618277	0.7558007203177226	0.45138731374553465	-0.221014314389984	-0.10428363732697526	-0.1127337688799021	0.25141247484002566	-0.0009691205014383194	0.21747338235053582	-0.4477582675422067	0.34918109219022647	-0.6191355072314633	-0.35838853364435025	-0.1542365034312853	-0.47514644301868336	0.1978844197457734	-0.2677360482335672	0.2697569035472664	-0.07841435470863559	0.5262917223847895	-0.3298995120364796	0.03834707771418436	-1.031653543966939
DTXSID9042592	9.779981700476645	-2.6598887754015212	-0.35808518954936364	-3.3448964604531244	-3.3756126200527214	-0.07281798253531559	2.33000932746927	2.3554492682701538	-1.505963054836286	-0.8750740719686714	-1.8567341187297306	-2.711887872028523	1.4687426223347604	-0.2838310553856448	2.07509063672652	2.633615757058307	-1.1739388033958884	2.526620530509957	0.7369264056897655	-0.5524491686144406	-9.45771687431381	-6.558656859750409	6.51419548792365	5.569978708133142	6.7010060888338625	-0.2764591861844848	-1.0869759927489295	2.9049454512635795	-1.3895755892920927	-0.5051033852356337	0.9185538173845678	3.0947943338637516	1.2254642726662575	-0.033761473688785376	-2.767657791046073	0.33856035623213965	1.1976238344488395	0.42732150910303385	-0.7285087914853229	1.409729901084753	0.48812837380416807	1.648422252625005	-0.07983964639862572	0.09774128030095272	0.4871298615705478	1.098997293919604	1.841885201613178	0.3821679083973471	-0.672368910801753	-1.6320124489527472	-1.4502017453172926	2.308728858959257	1.4571736851262542	-0.560961037215524	0.3137456862218089	-0.16985812462627575	1.0018928834562173	-0.4626152591986483	0.2047956251626507	1.8397361540800479	0.7553411198830862	1.389912897793345	0.9645038342302552	-0.016742546179407312	0.6767040040341901	-1.8071237042238761	-1.3299382019837933	0.5280462396191988	-0.6595782741705473	0.8969872207637902	-0.9763563358117364	1.0043509460738986	-0.625207923364302	1.1600249710844968	1.0757434083890263	1.5459916851492461	0.5534695028397622	0.05088065388298233	1.2555018693821718	-0.012436258602252446	-0.7072337828387694	0.4287704913876272	0.8623444458739042	0.06770315364065917	-1.7889803558102602	0.05895129196728317	-0.07993720903768013	0.6014030553089567	0.3386822160203889	-1.0618359391804417	0.14068977309493014	0.4367461983181712	0.6266914880072607	-0.9922628681827179	0.12534598421936105	-0.4370079536177075	0.7120422307955176	-0.12752202127328927	-0.363488163299219	0.5354459457249502
DTXSID9032329	4.958984956831113	-1.6510216644819886	-3.327742711804293	-2.5976166134542105	2.3901347986781056	-0.9573532932514555	-1.6817630441879414	0.8710964385298793	0.2937502136037659	-1.3888294851890577	0.480378662827289	-1.3600423006183102	-3.6850929380386757	-4.19727936792817	-3.711113867940426	-5.473696429325703	-3.4125115597361777	2.9131755807882462	-1.1076635124578558	-1.6149373276135681	2.1366762320975883	5.284476424347925	3.3506612076765356	0.1846417046057079	1.3148084106732876	-2.244095883057388	0.5462281397245361	-0.506320399976556	-2.604285555304571	0.5474559607911673	1.723098389439065	3.5453931305373083	-2.369832807404557	0.1334855186584095	0.862601439958742	0.9728442811163635	2.115989273967415	-0.6768613773638237	2.454958735211984	1.167572280298383	-0.10329606494567431	1.6995657588315507	-0.39886135141097206	-0.1784930328547186	-0.20129381880490935	-1.9217894394586426	-0.5732222598960813	-0.010156969994110553	-0.23055261143434158	0.36970718924052626	1.4548835530644741	-0.4110402171253804	-0.6764152028661993	0.7818962677192556	-0.41784697069619575	-1.4180141987356882	0.008927316793161902	-0.2579023479281215	-2.6818948803947626	-1.863613247733978	3.3889227101502364	3.115957173462411	1.0953703755108566	1.335724191676297	0.5308565739246796	0.45989540263228934	-0.31383694159847064	-1.7095979506467829	3.24448192949048	-0.3504123629684662	-1.2095586147906032	-1.9258457168324634	-5.3719727006947755	4.64070448743169	-2.5899629819046073	-3.3457878877845646	3.037977055588296	2.1347132355560485	0.044013856875595246	-0.8052531081622237	0.4563326508544594	1.5537588803834077	0.0983726857425498	2.902895112907155	-4.171010364828439	-4.8627627414616725	-0.7865434543059687	-2.743663572914633	1.3229293585246105	-1.9959623772699713	0.7502664491748734	-1.130446502838451	-0.0875858786958796	-0.6590578821837598	1.2269341647030478	0.14630131781959366	-0.6245032507488717	-1.4727898900086702	0.03361560656839168	0.4120678158743576
DTXSID1045112	6.192813161173958	-1.333221789544042	1.1548006975236467	-0.2259914727152748	0.20075578900206023	1.7665915928064069	0.4559447748882041	2.538956679707349	0.9977242208331094	-1.460069979310588	-1.406332357205317	-0.6164132227436219	-1.224366572261487	-2.329196176835519	0.3120797662825349	-0.9743704096421878	-2.9929824371843425	0.4941991407264631	-0.6963102781507103	0.9989777861667772	1.696159957242689	0.02503021041892715	1.1021006717980606	0.3870227378294268	0.9941137383832409	1.7080183200406467	-0.3229967213558937	-0.6001390582014259	0.31168141853539233	0.6629179284371931	-0.49790203067905403	-1.1119299207000048	0.876063918184995	-0.483971040001998	-0.3289406188955828	-0.23502428499036568	-0.2051197526116908	0.9918111184171422	-0.4731285593067631	0.8458896551522928	0.0591601579653807	-0.25893616135361247	-0.5068122672103512	0.6841161978167235	0.15047661269351037	0.925354020781626	0.5607692610043128	-1.199166523386711	0.5622509596374421	0.05721448273389387	-0.5970460783561641	-0.3425926478019075	1.2001906365592494	0.6846469292868418	1.5224826915858674	0.7476043945824554	-0.8591628831480224	0.8571558796083737	1.4488764459548333	0.2666429984341581	-0.8218517086603019	1.8302289859688026	0.23526226121858088	-0.02403021527733843	0.5545887998338268	-1.6221851774290241	3.071126578677965	0.3521778469108794	0.29243710958955943	0.7857311437540594	0.621558836724124	0.7181482049107145	-1.0251420929566437	0.68200344580982	0.0033610145188649808	-0.40715245971884506	1.1194148645916235	-1.339473701303994	0.507644822098609	-1.1015689432767934	2.171719338745717	-0.8628483544740851	-0.9608445724549791	0.7755600669205975	0.8972855731086238	-0.00506165254338036	0.2032611382610161	1.8652037606319098	-0.23767247250110593	1.5245904451895202	-0.05254501643969303	-1.2945060046071706	-0.4813360415789738	0.5394470929676854	0.04977393831692478	0.3318748839370036	-0.18734039417301965	1.3538747865829301	-1.9037948953996902	0.48120748137205194
DTXSID0044862	-0.7336468706451535	1.2052697493199123	-2.2307300392311107	3.2530712020770673	7.793109115102361	0.45254568191176403	-0.793713753661906	-2.0822907974635725	-1.3526695467603151	-6.331296076842876	-4.656022105569608	-3.048982661613905	-0.9437050492236215	7.943176480168398	-0.7665938000595452	-0.254237974632321	-1.1956951789991943	0.1480997082639958	3.8866149492816637	1.1754423638283786	1.3448125535125628	-1.2499960536357304	0.2627258509086771	-2.1032077443052866	-0.038760917583703834	-0.12756877453038937	-0.5585805121470341	1.5580781223766755	-0.4174135485380654	-2.230683507564128	1.2119019802905977	-0.17686808718074315	-1.5936933399264483	0.8093981357155177	0.32010526900225444	1.3590483120923136	-0.11436313174913089	2.611917855060693	-1.6454079121989447	0.8891962727030858	0.4602557879213956	1.5197069897978335	-0.9460913165355346	-1.7143988883959567	0.3189543788837636	-0.46654618943020915	-0.43614465207277525	-1.0426540122734136	-0.516739545218283	-0.2610482607160369	-1.554666655708051	-0.6715433708298401	-0.5973559787261552	-1.008015331275881	-1.0833340604630246	1.1687876965754336	0.7309389204849541	-0.15542499028243217	-1.284938695909214	-0.07534932597809268	0.2934047783604365	-2.3891144455733606	-0.05250425964000942	0.6203453482121388	0.8308218738892947	0.5291171174578381	-0.7303430167330175	-0.12644420843917104	1.5948162206864354	-1.008722018175364	-0.016823987232303775	-1.3088392457164864	-0.2228863981963021	-0.45375114094338065	-0.5410823313068911	1.5374809814414176	1.0915812996505725	-0.39036594635992455	0.4145385370172133	-0.019880943424101717	0.1433716766622404	0.9714917126280712	0.27583348457329887	-0.41544580509335766	0.8463529345404505	0.660097064129861	0.46875391404462846	0.07351399053657885	-0.6328874707876304	-0.2116493427704614	0.19272194777322177	0.4482605760591095	0.7386816230827875	0.4879516454203111	0.5605860821633449	0.288903060256133	0.5731824058511665	-0.4111728877438223	0.29519039882481324	0.556343899735113
DTXSID5047879	-3.1765731402087356	-1.0474392698999768	3.3475313574704	1.900553848496105	-0.7029992927322252	-0.18309314795492918	0.4135210617387636	-2.5577615627801955	-0.3566513846206039	0.05572632255549633	1.1234636663135484	-0.4186267121886615	1.7270610438674183	-0.43335547518480144	-0.6644515004478326	1.1601163508816015	0.3792898800300665	1.154689101132418	-0.5232109628248771	-0.560100355123059	0.22565642655414697	-0.2737096181566895	0.3223530386594981	-0.10518268201639461	0.06190586878979661	0.5313221098162094	-0.07949939877063439	1.1816076824063697	0.16928813851414332	0.6862480628131674	-0.17614992047050868	0.2843915248076986	-0.755255902627165	0.7264856469259029	0.15524939345704805	0.18538189952417214	0.6803233518440166	0.5660034604155251	-0.4064348947849866	0.5669932794224632	0.2712473794325286	1.1307127912524675	-0.27857099254403234	-0.22692017823161884	0.10423132671152528	0.23270393970638203	1.0414505181556237	0.5737524600602056	-0.715414269825653	-0.23078093969825256	-0.7316062317473212	0.34872442618199595	1.0704843568522264	-0.37910350091231193	-0.1786839057525167	0.9403461048152103	-0.07892188637352315	0.7822588723326788	0.4940555705805413	0.012181356615225191	-0.20257722325069633	0.1837929269998638	0.2794423432615745	0.32357964854639004	-0.7283790629747982	-0.5516126520573889	0.03530935032919122	0.3912887747402696	-0.015119174462117383	-0.46641948606903105	0.5589643518184104	0.2610906153562544	-0.5518385350212803	0.7878499792972206	-1.1007006559353085	-0.15626513919892762	-0.35626710673689765	-0.5772079699776574	-0.2041006517687807	0.5321056571096686	-0.2874713196954031	-0.15652804737399081	0.1936596920663427	-0.6156443074884473	-0.8777545518649759	-0.27245546811068894	0.622815742730752	-0.16553779396163595	0.2978125029542165	0.18639331191228903	-0.02514897612160153	0.091311020505286	0.22241083213028195	-0.3612345085611117	0.03716910811039713	0.15687933686751038	-0.36499012319505025	-0.31806491683704896	0.1118280178639251	0.14888298723284094
DTXSID6046262	8.229043240417823	-5.301890693522598	-5.90364723175195	1.7629190535341994	0.741099877318578	-3.3982646848697233	-3.9773311663937463	4.855663325921265	4.594493002341318	-2.7918834693125922	0.6612018159183455	-0.28932236659617355	-0.4800185407578258	-4.550387245649847	-5.914038833753885	5.203298855693346	-6.436844731549702	1.4105142200381462	6.678944551874101	-0.09885528803705816	-0.027068710623054635	-1.2475257244813107	-0.7649245547048762	-1.0677893867728332	1.0582147334043703	-1.6256382179990851	1.9500735577308759	-2.5329854680065056	0.040834116289461465	-1.8819494227282412	-1.0496545051325872	0.0660821464856078	2.8882152191511383	1.0409290601668864	-2.325229446552911	-2.6370955527855027	0.10445244907516896	0.275858837078664	-0.38528796544062477	-0.04002948023988618	-2.8538617598628404	-3.752246299193174	1.4611579801231673	0.10028289695995221	-1.400448014324955	-0.2779960205712564	-0.518747662392571	-0.1689026478110468	-0.3936995200310523	-0.25610706992716564	0.8409328809344772	-0.46083500278272604	0.903815396472233	-0.1472867773926201	-0.5774886485601242	-0.30405466239306106	1.1610266971862664	-1.6389238839892637	1.3421341943700753	0.9556983658052014	0.01451407912588067	-0.6222582004579833	0.06728511275400936	1.8138363120136567	-0.8097253921116706	-0.4664703713498877	-0.4168611146033328	-0.4879202135808156	0.023044536275569315	0.6838951768624197	1.007235828243457	0.5234634892806445	1.1612093791691283	-0.7827945447890037	-1.5501335474693896	-1.6596483609610306	-1.07060079813007	-1.0020068064705383	1.1525652976481513	-1.4954122133548804	-2.4458808581581217	-0.1877541301876877	-0.4754026389274337	0.18394859885544781	0.02366048495083808	-1.127946610904795	-0.11188528946958046	-0.18723522950342963	0.6342557803433043	0.560735559291855	0.42211681244270727	-0.38770701892880555	-1.2533055907701558	0.3747144073180839	-0.19009103363499613	0.7269345753278695	-1.235373825688435	1.49657423680305	-0.14039113308819068	0.8088815160180903
DTXSID5046356	-0.1989380885312927	4.940329886233072	-3.19994656502872	4.373870860441096	-1.7414850968359408	-0.8019519793562719	4.210545099857719	2.5866182552552317	-2.879174020776558	0.8299481400163192	-2.8079585816739123	0.7003092067865966	1.310319184493308	-0.2304219677540458	-2.5639921207762897	3.617836567856464	-0.9346455987974017	-3.5845437349074736	-0.05258258232787145	-0.8796978829893192	-4.794748241313948	3.995828474782415	3.296336400404337	1.5982770246859224	-1.4526288452416671	2.3145984902566	-2.866256320830067	-1.2164587857988653	-1.4243878872851155	-1.6175081428056177	1.3144211009041409	-0.08488298910437121	0.15329801169353588	-0.6558220893893346	-0.09816658105957732	0.28490691686985037	0.8604789303074946	1.1516142838206005	-0.8941261194907568	-2.1280677070757026	0.5149416846562825	0.3252279868216404	0.024364018154702443	-0.9687205980705701	0.8873609872321541	2.1988353866294212	-1.9379532487246658	1.416078423612965	1.881454018538725	-0.0005856757552347198	-2.905962406454168	-1.1004099946213977	-0.4887801568540777	-1.5701002272690547	-1.4462336424788265	-2.0838751951653003	-2.5607445174459325	-0.4706994640768212	0.073128452797821	2.4883029222104667	0.6408149905748495	0.010279727239718562	0.6883690589268232	1.3980695213791672	2.825152631108663	0.5012765465516007	1.0764643050592804	-1.7607653354436295	0.3022591321324895	-0.6488442870440259	0.12872912987426124	-0.8365253310716305	-0.22685779480248583	-1.138057060433195	-1.6510884034513265	-0.23732586981904052	0.07410219591190613	-0.6922263296235897	0.028851504423625485	1.014693871847048	0.006427838544898337	-0.4865907424788298	0.2666374134895871	-0.31527584960055516	-0.3172111266534787	0.24251543984090806	-0.5989319868723016	0.013610518600489343	-0.4659521157614181	0.44239637493177447	2.2813731150733267	1.8234408519941117	0.027612932216099107	-0.008149497030894876	0.09630813782985552	0.3831835706927746	-0.31761571183731846	0.3283866026824955	-0.4464644097739739	-0.30912390455170796
DTXSID3036105	-1.6134546751980479	5.338851331017096	-1.7811386312507707	-0.438980093617234	0.5219634552581682	0.2135325983527973	0.38218557223273225	-1.630867515252172	0.9752398170168841	-0.32455281882680564	1.044662977034133	0.7076178012343969	-0.07482765402888171	0.8037162477274274	0.44645011973830306	-0.16549870971962918	-0.2984965657609544	0.9726634853252089	-0.20290575202137648	1.4372184885065262	-0.586982036855101	-0.31957860355530104	-0.6185182162283812	-0.2963806200482954	-0.44892570847859786	-0.8095583625366632	0.33228205991602167	-0.5432141107473725	-0.5179050813061489	-0.9194609929768439	-0.01153986577378671	0.02742996023709624	-0.9153483772874568	-0.17485400715007615	0.06807349991841272	0.09846834142558708	0.4227576027660537	-0.36884145997063794	0.9651891036498248	0.2944548282692263	-0.16864628391005337	-0.888238204858315	-0.3741976085515679	0.25485726868885267	0.29060914351844985	-1.2151741389547641	-0.583767457534883	0.3224871061317333	0.036561481837369555	0.37256130746677885	0.050316955091157425	0.9824715243249319	0.036433882584155544	0.13460927054936989	-0.1787673386574115	0.20822358706212557	-0.8434722316735025	-0.6043734096966296	-0.7983121900683591	-0.5371515077600952	-1.381823857861584	-0.4004961721561185	-0.5649232280829027	0.23218056583305374	0.6126140221379862	0.06423813957388363	0.27418059452107546	-0.006207096722185492	-0.28951194473172615	1.1165147776157633	-0.28483591845125455	-0.5391513149443565	0.6273371268715029	0.2051152413715103	-0.7075940721068904	-0.20765679957925826	-0.1569297029325105	0.4836395341984345	0.27901207440386827	-0.45311839591973274	0.6053176646711479	-0.23271421708983614	0.7519430417412968	-0.5205125612003775	-0.02363301780786314	0.29340392166576756	0.5460140821531125	0.029534600891195608	-0.6449943622051754	0.42133936583954085	0.12412235259624305	0.21146623297273967	-0.10513537703982506	0.11807900443126099	0.1076338265488556	-0.16623242570232313	0.09959707792725218	-0.14693173291020367	-0.03577106294098482	-0.3253520188685702
DTXSID4046654	4.487572112836139	-1.8353669622813993	-5.475301025478534	6.24803147561393	-6.883343295613898	7.574068866911052	2.392710174114299	-1.5818034936482537	-3.621014078584296	-2.375836525299882	-0.4875125280053985	-1.6186459835879345	-0.448611818371116	-0.9051679337798502	0.6410124302517226	0.9754513959677442	-1.7907015732688014	-0.8370154002379262	0.8302638953747978	0.49355316563920326	-2.9678059906650676	1.8936208282439029	1.0676705716827037	-2.3445542761213454	-0.5927982012177649	-1.4448868956091985	0.7356440596378637	-2.438577223042299	0.10228930134842958	-0.22676457114240026	-2.5012427585314616	-3.800042493792957	3.6705864011148055	-1.3174821099419523	-1.5294498918548054	-1.459327863908789	0.7498572466511672	-0.06895720180980694	-0.9439591429254053	-3.822402577150588	1.9163247527155718	3.107234656185478	0.24306761802063526	1.954353102231126	-5.470702450889403	-1.5764777036330808	1.4154417762219094	0.8612155569698924	-1.6423098764867978	-0.5871260479857094	4.410797565643018	0.7775949828723021	-0.032157105052061895	-0.7138558385514101	1.877163669318953	1.0150045980528422	1.0708168443051351	-0.4327431856235744	-1.0505636033658823	-0.8983408430228004	-0.6534390632702676	-1.1495702391237905	-0.390266669828409	0.16958661206210907	0.21056943918104118	-0.8033551891778032	2.5125532068347765	0.2243860964012963	1.2743312697522406	-0.9874775209543125	1.6505587080527644	-0.09765591078329894	-0.31410388881116147	0.015028465601556327	-0.29156305402029165	1.436887579157727	0.2976687774654605	-0.446830818282568	-1.2292711974235728	-0.2769428760880488	1.265177343374545	0.34729828980780364	-1.3167364160843356	0.13568619593529946	0.7046439516524372	0.8212324371988954	1.0512976689832045	1.682468567295179	-0.1030777100738804	-1.0305495890185172	0.4583536760674753	-1.3393260059720387	0.9075347353411185	1.0106691726966732	-0.03714968307700175	0.45135433115728363	-0.748795731760299	-0.13180060348255807	1.251888309540219	0.914285599992885
DTXSID4021002	-4.019313386816065	-0.9027841973911995	-2.2504747549257322	3.0803552337068485	-2.1289341083009825	1.070779604290669	1.0329951843880638	0.2952241455796578	7.244274768331361	1.6699274654582126	-4.693311551537505	-2.903739662224	-0.4592726876137375	-0.682295321769639	1.6006518600993438	0.4810012097857681	1.509185321415895	-0.09340684047571271	-1.1987498009440143	1.8247666862048657	0.49469017134611176	0.053156401250780215	0.3794036453248789	0.31388899067791254	-0.49282575979642906	1.1105106509780254	-0.5816268271464522	0.6387847290034371	0.26536288595991553	-0.262817512708392	0.3736468392169408	0.4850891969974489	-0.4891960157697012	0.7977287344074706	-0.29577969928974185	-0.07569160780916552	-0.061292306831526006	-0.016417215378733564	0.40182194498498947	-0.8552030855025096	-0.05379078573559021	0.15678416971268147	-0.1292290202219807	-0.5544833872982541	0.29845342312706397	0.3433483749412162	0.4531149088919849	0.49981644460859903	-0.8079800435971103	0.4348623195572369	0.5379517495395003	0.34027497730207124	-0.5417662144809067	0.13107337722023593	-0.17571801333650172	0.6165067060359579	0.24686120143143284	-0.08547976095181521	0.8224797428204649	0.24330619686628285	0.4237634782513475	-0.2537151796116041	0.11780202226891744	0.020759711820218185	0.6933974324256222	0.02145793381957799	-0.4533721101855605	-0.463253845501777	-0.06952749721061542	0.009000078990104955	-0.04043071851569651	0.2988088702096737	0.25584675507753535	0.2706379803333495	0.6583458274169119	-0.1962544876379248	0.28460129329299155	0.24671498796063046	0.10839998603990356	0.35890401671098404	-0.7928248343497042	0.07483888058826244	0.5267343902982803	-0.1128414035454639	-0.4237076687214588	-0.06546604969156129	0.12325134389268523	-0.2516952083712705	0.1639947189343384	0.1707491076808411	0.31080379662470164	-0.0739406703646261	-0.3743635387379201	-0.5426259493203859	-0.18657495722383985	0.2829090269163653	0.12091333326725681	0.10197536121066332	-0.2025693578347512	0.17236019649302012
DTXSID2020761	-9.84382458508582	3.388088832435161	-1.1987514858170074	0.5061282881938526	-0.29095880331972085	0.0920286186385233	0.8360252779634636	-1.30180252666561	0.29148117769042037	-0.12838293885594562	-0.15766320283765164	0.8339733937287729	1.8168521275350051	0.4293341344892106	0.506764291302526	-0.6278448717387002	-1.2049167652853594	0.39231940733072634	1.0061745262878459	0.2984089345090131	-0.6274466604298266	0.38607233646149974	-0.5517331103345308	0.08130301500589598	-0.6266917678572014	0.51278344932944	0.682239740326814	-0.35441750347283596	-0.018845189821632347	0.9897494876175944	0.7031553297437241	1.0856552648691595	-0.2676785220064651	-0.4082299566178688	0.1979662084443601	-0.019092624280711453	0.19297821892531655	-0.019905431634808318	0.04344379219041516	-0.6515467848546882	-0.0487091453244535	-0.025544467361663537	0.028503593123870127	0.10240848004017902	0.45723046842340453	-0.1976847175915346	0.4061176730356202	0.7978646158496097	0.0008394495100669038	-0.5009084399461283	0.13959335637890405	-0.5331010270982398	-0.11658240855953181	-0.959473091869124	-0.008779038751678528	-1.0373213512072892	-0.22104909190893463	-0.04333544771658787	-0.4339705128153032	0.4690462402954627	0.7148843903708582	-0.4605568469627039	-0.2017797873577812	0.03038631389386255	-0.2362157872257942	-0.5109099887020965	-0.31692200995921294	0.17808933412288563	0.3032147721987717	0.4770541319326925	0.14681194865493555	0.010689960037040123	0.2294897173053632	0.20083582615706833	0.17441210373438223	0.01094776523346195	0.3199622863153462	0.33072521168358204	-0.23633905500339614	-0.2878701790547648	-0.32761495047631867	-0.1839406541032032	-0.3992404265106847	-0.04947972910775962	-0.013571227245628068	-0.22709652531487212	0.6494193384232848	-0.37123446665871873	0.02915724862640385	0.11745743393055924	-0.20630800833135443	-0.3232801597889576	-0.2564398523653593	0.10765429921020855	-0.0609568374083047	-0.0061300453038373925	0.3718010934415352	0.3926172539686292	0.0016524789599007014	0.2938042213201653
DTXSID6023602	-5.818959142941441	0.07701099746412174	-2.8782386136599665	6.138936141773707	3.643236506387652	-0.5927259830727288	-0.7350136198521575	-1.8032228146836193	-1.2026352799880344	-5.431129605259726	-3.7189942555719067	-3.2956957610501876	1.297712653350043	8.446401950181812	-1.1345735804849517	-1.6355271262652595	-1.9877308336585844	-0.9051147738269014	3.8051607338442364	1.7688511477810727	0.8055299871713822	-1.3507930913317456	1.7435872023721775	-2.45840133814806	-1.5046357746700174	-0.15673002586285192	0.1718449557526953	0.4189945479008252	0.13136710615569827	-2.459270241224999	1.9825455491248645	0.3330322478435836	-2.1903689189891047	0.417294136250426	-0.41934572187389213	1.320130619572258	0.13678849673865232	2.3035076288575027	-1.0659719191107029	0.31214291961184365	0.5328780602931912	1.6245420050821109	-0.5660516957886352	-1.552901060910743	0.6778687095272049	-0.5610885549549534	-0.6944020002522185	-0.7611843023632324	-0.18337799220838577	0.1805042319672621	-1.8741291858657492	-0.4567400816424654	-0.5924991940930348	-1.4106288066922292	-0.8598654018727312	0.76651118820601	0.4676765641662936	0.1644238822333394	-1.6593565100954994	0.2456257705680947	-0.3780771850052972	-1.8029430283416108	0.5926468575785615	0.7356312689806032	0.4345624667379991	0.8496795695599608	0.14791661476297271	-0.08715219723706312	0.7798143430745228	0.23594940723389124	-0.5872083388875258	-0.17586460634180193	-0.3694981664930248	-0.6996561806863357	-0.42383588118080595	0.7785590741820176	0.9025541249583334	-0.37621114553471097	-0.0755148054626441	-0.7341124692939326	-0.248132393208395	0.6650550940624562	1.0772118384572238	-0.25809098350438386	0.14513184198359147	0.39413788073463	0.6376975396315798	-0.011040395907949961	-0.23111207309101342	0.21972059599040938	-0.08880685392704916	0.1127630097173196	0.27338570264577206	0.20750507164310758	0.5660787635936085	0.3983371160073851	0.060122144561607326	-0.3103284297860129	0.6562020480303379	0.26202959302817325
DTXSID7040948	-3.162208870007672	-0.23908955568328144	-1.2257970423003175	2.94165507584234	2.6619539714255613	0.47968412872370514	-1.6503990343016774	-0.9985852971711089	0.5075004883440921	-3.2856829506337535	-0.0961914354066261	-2.026615815420285	2.8184797129633563	2.7372991762364816	0.5351037869898273	-0.6497299788872484	-1.8048783229502066	-0.9140072984745028	3.338635566020221	1.3663063485844484	-0.5256326344525633	0.6779908686064555	-0.20178039822658334	-0.3341290491695956	0.43793978456104726	-0.8583688725682875	1.306769410867364	0.6708236251017419	0.8872791333815785	-1.5234531500557174	1.4892781554622052	-0.2803533119878778	-1.7116894346976876	-0.7991712053576434	-0.000799103593816183	1.8785504917518274	-0.43913003480652424	1.6281560796471517	-0.783445697433236	-0.4607481713153992	0.745956382356074	0.7162624322319788	-0.7252316321185305	0.6411317701260818	0.64056475844177	-0.26278352033149677	0.8924348429842313	-1.4756110969137268	0.25868021413927583	0.48641262082959263	-0.799931027278609	-0.2810919944587903	-0.6958995132805069	0.5835511758922066	-0.0973053777208552	1.5431986461117513	0.5957222833545933	-0.7522723463254917	-1.8223895499254674	-0.48458798108438605	0.8222828619975312	-0.24891976157010165	0.11910682667255638	0.12686214423959732	0.17181631123154376	0.3243466900760525	-0.3578728167701588	-0.7007992622308803	-0.8220164479308943	0.17144430236951017	-0.09617273531679588	-0.2182821380656404	-0.20904858646394586	-0.4629953854368492	-0.7635698049862389	-0.15441251055026214	2.6070807769544153	-1.883938425982598	-0.7087104710154424	0.742210113668719	-0.6293818524937279	-1.0940366062494247	0.4923905317699116	-1.545653167608641	0.6948647189414623	-0.04904874835611463	-1.186874374837531	-0.038993751635906855	-0.3073135815262159	0.19475936531657306	0.953563435782712	0.2851364867121578	-0.3598146501621489	0.1882586767890099	0.015308330121852388	0.8812906290703126	0.10598200598235405	-0.6037765013693361	1.4611319769232363	0.48174559926091887
DTXSID3032337	2.0046384805322535	-0.8890990521097664	-2.2710695882664966	2.956922196034074	-0.5881229570329621	1.5134286701346324	0.4307319095509167	0.3343256214729815	8.967473675239338	1.7112083456695437	-5.52083666090892	-4.2636647823747635	-3.12298682223836	-1.389349583924441	2.209383068561928	0.9637310643168385	1.1214372350734916	2.975949556047714	-3.1629251116058836	1.4372057786157508	-0.8439756576712361	-1.311724427308671	-0.9216717106205115	0.3989232750755586	-2.255637873868818	2.1275431384206698	0.14635255940652206	0.5781828119166468	0.18640290745008115	0.0894570266639778	-0.14816291956596772	-0.2649574838011205	-1.5128638347331738	0.3423284017492445	0.6839102790753882	1.1360395683459006	0.4079230642195516	0.3894237166805065	0.10683295247042622	-0.9872915032592127	0.08108550259192424	-0.15609829560519684	-0.06493084574193832	-1.0903387027184674	0.18563363714796569	0.4773350059780411	1.2995799682177485	0.42405572481936704	-0.021922111529521726	0.1479922988358735	0.40877374505859154	0.212122985824607	-0.5650838675362921	0.056390903310637494	-0.3142747099188244	-0.421905699300829	0.16402553388108837	-0.7709113195532846	0.1860815017763511	-1.2694137946372257	-0.9405239123927257	-0.8184081177620708	-0.464080145329052	0.7188655787197206	0.8768591905304425	0.8709025920955651	0.3280438305836605	-0.11053520108367565	0.02928086544227204	0.30425673400250736	-0.11952498128702353	0.08507756640634014	0.20579833354934746	-0.010698532617798408	-0.5240460652698583	0.13604677167292484	0.5687345221339765	0.37191264472360785	0.2713586248264247	0.9342643604549058	0.3644847067945683	0.05584878641395506	0.5977353609087142	0.09582859778264056	-0.2847178031247802	0.11925571377614755	-0.4445003416844476	1.1310791503911635	-0.7874556129663717	-0.04467704840510751	-0.28439796218843605	-0.745982892854825	0.176133170213155	-0.8080987212326942	0.7240948394812771	-0.4683291340510999	1.0068018737663789	-1.0571022232445133	0.11384743052313138	-1.8153809565436279
DTXSID8046743	10.164990889982027	-4.048659568693785	1.573005454032654	-1.3407884773750447	-1.2049032359653922	3.9317135488205626	6.181209673853521	2.992458043742921	0.2899893489087971	3.4129450376673405	-3.6785359209230486	2.304156659767136	-1.7397280091798835	-4.993214533798439	-1.475305824182206	-5.971879620630015	-4.666836480336182	1.9312049299410412	2.9451333427648168	-0.12572067541677615	2.181063365444137	5.231345759216476	2.112958159243269	-0.9079863545247941	4.083290582066381	-0.7609375946901417	0.4123669015420604	-0.4134255587863629	-1.8062607391035508	0.08347170739202216	1.8624768265461276	4.07096849149318	-3.204279528212242	2.1754354589761005	1.0136310947528886	1.3030544694122879	1.1143001201657323	1.4608697376763473	-0.1538668397867944	1.8604572482895299	-0.5287313223282128	1.2918410614825044	-0.25123633067987416	-2.3323466900832006	0.3116699362040363	-0.2511542772182552	-0.8683588780809132	-0.4168097613090662	-2.4599093211882885	-0.2998555978359614	1.6423628610823013	-2.9532721771833366	0.3558562836020287	1.078869837294068	1.3374634505003957	0.0689105906998987	1.8966304627922712	-0.05591039856406091	-2.8541373512398667	-0.944279897676397	3.23857652040118	0.49816056628472105	0.6767932603933164	0.4676723363444352	3.721498906874643	-1.866741158898438	1.0718877646105411	-3.245915720337921	1.9912001605716252	-0.5512929205238258	-1.6302189922430947	-3.9499713659042426	-4.675562455324351	4.112574623558641	-1.6780472110365388	-3.493880053619277	2.8460787936541156	5.414006370144333	2.2251730322369005	-1.7849848366541075	2.3294002880043894	-0.7746215203667803	1.6310086903877277	-0.9721527067552775	-6.62099409021358	-2.076756968169039	-1.6197750820748955	-3.685924424345119	0.41523728095211254	-1.4033521198952623	2.9154663003607584	-2.083459343191673	1.51929851323334	-1.0296024060631963	1.2331827014747194	2.9596774708910822	-1.2603880651034611	-2.5560292589708378	-1.2371095550355946	2.000993802069003
DTXSID5024479	-3.2035192286396974	-2.986400894449928	-2.311431337804312	8.075450561158744	-2.407995145250878	0.6542834630729698	-0.28747793224845775	1.7968791939813389	9.88129930228812	3.2817183916749184	-6.615187332646807	-4.390772200655918	-3.5747082434068007	-0.2919219565868296	1.9730063212947435	1.7623668300446889	1.5882101425679311	0.8539036200840188	-2.6778208146124003	2.536736641009992	-0.5344338627113049	0.2885816169840691	0.276392279334985	0.6958662020660811	-1.7052619227726669	1.4178910740534632	-0.22172586832956534	0.40469810921867405	-0.7760692029789513	-0.5515328631104096	-0.6615898369479296	0.1537391963421614	-0.876240812755219	0.6363099584974791	0.008628291612916669	-0.09520426677969314	0.32397270210491574	-0.07729499518684663	0.5878867515140996	-1.5482737683679266	-0.8193617933712242	0.25967395559698925	0.8846081780142563	-1.5036949135824087	-0.1455331494321119	0.33695656732974394	0.32613675143531584	1.3223350470259367	0.36049723743061773	0.1687015330263524	-0.10813642116681724	0.6207123850342051	-1.1566676105182696	-0.31285158002030333	-1.037334040780805	0.17405692721742036	0.961806206878977	0.21087854238602455	0.8970972045825362	-0.6059685119585261	1.246675614634075	-0.9196985381425183	-0.32813651691733237	-0.1962409808600188	-0.7521481046686705	0.5243694850389563	-1.610219280255605	0.03025777675417644	0.7715766432103877	-0.7821836703400817	0.7536159715774082	0.14391615044598938	-1.162921774515481	-0.13433513686133378	0.7876530190376049	-0.7153660122217159	-0.6806115683074009	0.11526904552289492	0.4093023938702367	0.7276371832738409	-0.27432902363931994	-0.560737775000332	-0.33187203038780133	0.3851076145865199	0.5894236549202485	0.8000980140972253	-0.6626099428428865	-0.13489784396615356	0.37635841134186615	-0.5877203143913814	-0.19304492343025192	-0.6396974016038575	0.06803781977039192	-0.6176264206625754	0.46697305894033664	-0.18178454148825635	0.10162070443146592	-0.562387937700532	-0.1969070826002983	-1.4097677973539398
DTXSID2047856	6.884879094556842	5.5204576425132235	2.060863849233612	-3.6779648955228876	-0.325111101380498	1.2175257185859272	3.220098312670657	1.4646804707944376	-2.236006327332996	1.7866201265168675	-1.7200830359735895	-1.0604774064047022	-0.27189003961337005	0.3636597728819075	0.8087944386480583	2.8403629827461523	-1.9081868294768007	-2.45898945242814	0.5088695739128548	1.3896635340938799	-2.643621905568117	0.8291315047354612	0.234037994799162	2.397870783921857	-1.7398687975899265	-1.4725045771667398	-2.2495918873263565	0.34967294658201525	-3.0804175347462635	0.08473074192747783	2.0021249883182253	3.4459237066486423	-0.888204888943829	-1.6982310347998606	-2.718912674459958	1.488019871471464	1.5376882284632365	-0.5118593966049126	1.7002324997248786	-0.07472892110436799	-1.838644951004854	-1.542311435831888	-0.4884248720754387	1.1853924237260032	0.4369854631528278	-0.6018528906355259	0.7361619509000416	0.049626486191739885	-0.1506297379682606	-1.58837200613398	-0.1748604045390086	1.0086908894102011	0.6634929150846643	-0.14966756947881282	-0.6524965477938983	1.737964557245256	0.5450094431674668	2.6778021505047636	0.9476093743755868	-0.7840233958956297	-0.881035281574947	0.10088907533048987	1.5992379564198158	1.8635151351615789	1.5226147331839512	0.6206979017664905	0.3063473341295746	-1.9226851313273767	-0.6621339362574398	1.678700447995717	0.16433094622855546	0.3106788554856006	0.9066216126528129	0.8187905205095074	0.04904570028945741	1.1492465875169997	-0.24315268441546226	-1.488049870663684	1.173020609948636	1.2801862726392568	-1.1699057198410296	0.2994391411065792	2.0668460974343397	0.6994361735172077	-0.467004725882157	-0.41337454338349094	-1.0157798587710227	0.14337461653545533	-1.7641486356597262	1.526198909185624	-1.0594473990844886	-0.3767129116861795	-0.3062411867313116	1.0118067898495935	0.09431072736683437	-1.5771376273850155	0.13659291214450314	-0.36022525402820826	-1.337216934810171	-0.5329368268152007
DTXSID5046724	5.581081152419396	-3.133166206841767	3.4644409190459315	-4.895973149766741	0.09196455507807934	1.3807695696078295	-1.0940766309057075	-1.506343566516053	-0.3224060448489978	0.1822604061389418	-3.4343118157743864	1.5567258044894055	0.5859038325411331	-1.7169025035390595	1.585313468511964	-2.1142124412424095	-0.9799077215666915	-2.7175565082489124	-0.21466309127808506	1.2878528512227079	-0.6300124634435247	-0.3062700005882159	-0.9671079845480759	0.131858502832463	1.3636345265593734	2.0275738910651464	0.5752392489446174	0.2203793637473984	-0.9390664051648978	0.39770522583298096	0.5136347557684373	-0.12662565367452971	0.5454005207481253	0.47006446758028875	-0.46650769433248607	-0.356405739777564	1.6613382358981026	0.38827700580033364	0.15481153527838104	0.732707414670023	-0.9646998424911101	-0.29357945060313323	-0.3874204229925276	-0.04701347086024123	-0.05992439936329046	0.5738518632508187	0.7211485142669586	-0.22570656608071024	-0.28724370545150973	0.1362215081301782	-0.6965226391187201	-1.234008535646466	1.019139785735563	-0.3730995862240809	0.41804458175310183	1.066175427479924	-1.0415202430507091	-0.3614058684448439	1.6415673878589396	-0.011326961792329388	0.30932204789518064	1.1711811694092955	0.37797460493878726	-0.2878038699667559	0.2648862380900228	-0.1853412351858193	0.20659975817922152	-0.04055440516037534	0.30957131587188225	-0.7218035460580693	0.0977510809882397	-0.9692263042919971	0.23940535414736244	0.5379106655777833	-0.33820889160283213	0.045435566825152075	1.025824633389789	0.1814796936287437	-0.5013084838475995	-0.5312125402340101	0.9520721838518081	-0.7576805531058558	0.0653061996026378	-1.7710321439907664	0.46468506345376714	-0.7497428689281012	0.14255074904156395	-0.6323625438490957	0.8896035503326742	-0.4605174356347526	0.842110295362053	0.039329946653310494	0.7979750307818141	0.23301419284735017	-0.46257930245680434	-1.0663180744746243	0.211556465358867	0.3390072315455237	-0.7963876213350602	0.14027561637662034
DTXSID2034673	9.980932144575904	-7.586764432964989	-7.459921478734383	2.2644254073154277	-1.2936648380497695	2.3198575755828945	-0.9288211255462656	2.108035387389182	0.9277168376157157	-5.702462681255194	2.164197109502753	-0.07365539663963407	-1.3372749671498287	-5.571977061307622	-1.7165974055382736	-3.6279772864906037	-0.17723556031661383	1.5213471707681112	0.7856117722404595	0.7325632923324682	2.079422819707917	5.657563628595707	3.351051999142219	-2.095769460861415	3.6631901578873056	-1.7847763758770958	2.745245086123928	-1.2229028716551449	-1.564074523819111	-4.07245260160602	2.744123445350721	4.920012684301043	-1.7221771020640615	-1.3645878308078456	0.1147316621840354	1.3074073908880333	-1.3412765054405953	-2.177508377276892	2.4531082925271175	-0.9225400760137975	-0.040268647313054746	-0.21706321433263095	1.1955657094946	0.423155600647714	-0.5804340977297915	-2.681629833000146	0.010243944746934758	-0.5071977555755488	-2.283779903541981	1.3496904609297167	2.7254598398220407	1.4699094838282465	-3.017250146910146	1.3220603914230773	1.5513427992812354	-1.5759563557467535	3.0868663024736454	-0.8090313699367968	-1.758075872658298	-1.3448738832740486	2.6993759888812057	3.0734725931074993	1.9196216610681818	0.9017209346686481	1.4613171280610775	-1.5983765569260227	-1.5298521718608369	-1.4187397548737766	2.117577537956325	0.04406908295004927	-2.3831001506822878	-1.3711286913091072	-5.859007766427722	2.768106275155449	-5.335871868941659	-2.9272957668347823	3.57325729529903	1.1958736708528075	0.303285098880903	-0.5997616284291231	-0.4242507046829489	-1.0383078586161827	-0.403068396254092	2.565309579969744	-2.820980004765958	-2.6620727818614687	-1.6350197782506795	-3.8034086580054973	1.5030015303960864	-1.0531244072120163	1.3362952567909716	-0.006157549214211834	-1.113339033433038	-1.1886074674924747	0.5915953959957295	0.4564096365879167	-1.2755696812854085	-1.9357923796740326	0.3533990222376088	-1.3888958019365616
DTXSID6027218	-6.016884794485257	1.4767595365120554	1.2771466697979148	0.0005356773238177915	0.7791422097370979	2.5632197258766682	-0.6785667320280698	1.7381169185193435	0.35641834623238855	-0.1496715827765306	-0.4453136939288947	1.5353867807494606	-0.02286549603739471	0.3807082715932969	-0.514671637728507	-0.5721613243931626	-1.6564625951235934	1.1182780701636414	0.551851984391247	-0.13713790084080593	-0.4499301985983603	0.24349555526867062	-0.00825948491819528	0.16247493700215684	-0.5866736496650546	0.1553270097625529	0.19405587236230518	-0.8257159475620071	-0.2342901049466639	-0.6756316148199032	-0.3697623440345163	-0.43344347618259227	-0.8227508407683631	-0.11028474371822455	-0.477315742307966	-0.07392244520964415	-0.6834075243918956	0.2173078664514727	-0.8592922168040454	0.4492040384649209	-0.2451151737245949	-0.22736572127667024	0.027128684005409142	0.8414549752133288	0.5788278915882547	0.6336381917557079	-0.24189780054774665	0.34458700864872593	0.47869183527831777	-0.2302930253356446	-0.341237240885552	0.699825580222979	0.253453593439645	0.11688202969955855	0.6609769874513115	0.6467483970570705	-0.3502141545286637	-0.2288379722664577	0.8051012041651515	0.4045607666055109	-0.5117832297027413	0.17715806650501056	0.37949701079986514	-0.4112334737411109	-0.47910081894528306	-0.6932872164973166	-0.25777404885176536	0.356596136266652	-0.003611592355253503	0.1147921552627258	0.8953485370499278	-0.9741135991484842	-0.5218906868874362	1.1589181894673057	-0.17196648965128705	0.4062383573497476	-0.723829374398862	-0.3021430013483308	0.41490870820779924	0.5835919896333406	0.11217904975784404	-0.1513156928609251	0.04291406046526449	-0.3893321147426356	0.525002905727195	0.20554043500109337	-0.18511679986738244	0.001658187787340301	0.1309516754662416	0.030733549692763113	-0.09880110223577165	0.18452622615998687	-0.30373720406361476	-0.15655433087795334	0.1868104708550676	0.02201211011730136	0.05881210278712128	0.2565950474065827	0.2608094409372547	0.2940931453944593
DTXSID6023571	8.35646074218213	-0.49791316571102745	2.2674786290863715	0.729120293519965	6.169465418583076	-0.31246196260203174	0.2137246432166727	1.3619183856383055	0.24648755154090363	-1.8338766273680305	-0.8781980031992431	0.4773176135927564	-0.949658292711463	-1.3611775489081999	0.2084101069827066	0.8571883389335263	1.344313398752654	0.8639880119561774	-1.2175585701168659	-2.483383516100807	-0.711031279025108	2.543868516785924	-0.09877297767488735	2.479724828845092	0.27428297778881594	1.024048538912423	-2.0895389620127887	-0.09865941840417115	-1.07746921414093	1.3105734244227734	0.03614313224736768	-1.1046779860052935	1.9271038501758417	0.21120881951417303	0.8244654259071994	-0.5900424306852796	-0.4917046610705253	0.42892721535556655	0.1516588478439017	-0.4236166596774887	-0.15760353914191164	-1.8584839362361731	-0.5369131515187417	-0.09235844169937978	0.41538625883543223	1.0406533810609406	-1.1608783456426763	0.28738937400449166	1.7417434103011775	-0.6595405367915699	-0.3752680132801612	-0.553218947705222	-0.5013900322776231	-0.6852595910002549	-1.488460133116315	0.6727145209020835	-0.9994659074415858	0.7317660078832496	2.1627791297436816	0.5538535636115218	0.2326599167665105	-0.09925199339276185	0.491038251975164	-0.4276962711406977	1.425816509115662	-0.8123269391873943	0.8443641877395641	-0.9791553072818436	1.6272306151240121	0.45372732985480396	0.28546091453653155	-2.0144081819487902	0.5343171204626503	0.06982197891737371	-0.005928063289761934	0.8726085110270165	1.024884044870748	-1.2902730246577065	-0.6502371499851334	0.6090199782751875	0.34056025721193983	-1.3783636828531787	-0.7028112939591615	-0.7671635002026521	0.9280595640876239	-1.494997304114197	-0.19477326432274414	-0.0879024253417325	0.4300697977691721	-0.18203035204904877	1.2670628057183375	0.9570869944971657	0.6622549113958531	0.8242904022955817	-0.4149256975326893	0.1805215061390406	0.4513877534636353	-0.10398689678243399	0.44123454940296236	1.2470727839058784
DTXSID3023340	11.454360108431747	-1.7189028408094726	-2.476184275162643	1.076250577573472	1.9461169817605488	1.5202827164603288	5.649299101409662	-0.756970594347451	2.4457712564746865	1.3863909837630612	6.831553831183396	-0.3482496551510628	-1.9012721699049313	2.4696636712056934	-0.4266270335503353	1.1407043858372665	0.2603150333872228	-3.2085182856549426	0.4561754833582014	1.5482842462896567	-4.48881508602283	2.2713566033994597	2.973299344087972	-2.0749112948046506	2.0766793039508578	2.775085807714689	2.134734472247541	-1.2507681704978073	-1.6116535766082956	1.1052140177737786	2.190301147368345	-3.3749854117133604	-0.9535962127075293	1.6466561407830176	5.481878662478995	-2.952364627550029	-1.2643885281428928	0.12047979379595336	2.5604897081730544	4.249640619516119	-6.625566577286657	-0.9586733680634161	-1.0219287762793365	-1.076689539988295	-3.2634937385306153	4.271132499882621	0.5382935593751766	-0.8585934537253647	-2.0825422554457567	4.93723442177944	1.2472462301289098	-0.9291977221972226	-0.03981519764721012	0.5129337552670471	-0.6223809963107384	-0.9950910195849008	0.48472807329923534	-0.5023682557200037	-1.5906785674243753	3.019329824171616	1.2696096707636002	-2.6229477173277376	1.2234060076767892	-3.2044687824094304	0.24886002807047045	-1.1117601009721136	-1.2802963597504324	0.5775453541262338	0.008976865948888827	2.323485361671011	0.7479788271985763	-0.8586172648360445	-1.113075424986138	-0.5458640556785259	0.7097175541486399	1.091713060310342	-1.4249162540575004	-0.05547703972829743	-0.7178227316853316	-1.2252100361532496	-0.37594749945348144	0.18003834235764102	0.06764268102299505	0.7831548368641502	0.3757481340566617	-0.31238499199673264	-1.440642419164203	0.9891718225176206	-0.30615347982739494	0.32627718316260784	0.33192938100718	0.28749190352002457	0.8527838669829946	0.16174003200479783	-0.1466131183400022	-1.8020320551398676	0.28254686593077183	-0.64254446840859	-0.5073625789568704	-0.4067225698424242
DTXSID5047299	12.072366796588291	-1.1069805241611665	1.4888467781339032	-1.3275809421700928	2.522713054219699	2.0592344128472	5.034135084693667	2.8157406192005374	0.8313589243167482	4.136464480291779	-2.3487998138953667	2.623683349013404	-0.6269543130615651	-2.1819133963447572	1.7819377429778527	-1.8978060775980254	-3.310818411589955	-0.29541185742276854	2.1998757889117995	0.41605080112082193	1.1401069616014625	-1.375191938408053	-0.5675104572643616	-0.5763782771145407	-0.6919848881594949	0.18653290383497712	-0.1741106741114019	-0.034291011037179825	-0.13244819368987198	1.6041014659359993	0.3031710268027676	0.6135535702838713	-0.6053832177234797	0.8518322185624048	0.7224733916621735	-0.21360916542703048	0.22571312135244181	1.493532193250803	-0.4016641503196981	0.7902248435026005	0.3405052963470026	0.4969480044057983	-0.13899322471013892	-0.3130034224014099	0.7885712265145065	0.41245549264290576	-0.25004140892613813	-0.4589963226439579	0.07633382224159167	0.8233957524749661	-0.662980925723968	-1.5394559598656998	0.579796969342306	-0.8124796984159158	2.090279583437205	0.6977230475587127	0.7665643272309328	-0.6451042777675217	-0.7286457472192044	0.11626147460885874	-0.060364917978400844	0.6981596995545121	0.437831618873322	-1.4706119624412304	0.8566093005506682	-4.771958335462085	1.2175646569101755	-0.24515847247841246	-0.17529941953780664	0.23021476208743982	-0.970232518972237	-1.6489680314023685	0.49396061141721725	1.2021803907670174	1.0921153657997649	-0.23888560571105527	-1.3535956008977947	1.4860257086279036	1.3868490103455366	0.09292481341839198	2.8799228051757737	-2.5914192539204115	1.0303979331403441	-3.7173311954081636	-2.444565797258739	2.0940859044775646	-0.1419638237033404	-1.4479785617719851	-0.3388695704591919	0.5910395791897824	0.729380341603285	-1.376709493719342	1.2518792595218402	0.6637463478215901	1.0451249859959817	3.335772090073063	-2.3202122448973617	0.30191514455492974	-0.44671795633113537	2.8852940234439592
DTXSID7045948	13.432433341683753	-5.294927900108532	-4.73481819341725	2.651310366460598	-1.9935045688302186	-3.0184577486904396	2.729018098792347	4.873579434148493	1.577230874629629	-5.420451804780881	-2.2561046531217657	-2.6526032223215408	-0.31118936665424923	4.067238439647911	-1.8627898673630834	1.4882296542172109	-2.278892398372507	-2.543589400180839	1.3629045125793608	1.330889708101851	1.2325945659147475	1.0836120203892965	-1.5556896893773275	-3.0379093092827127	5.604755927978963	2.4690212861462535	1.3011985488819973	2.620994580679582	3.39316800584375	-1.656852640603104	-0.6102940868989623	0.8026476644685401	-1.0471898580054653	3.703505831353049	-0.6269017147984705	1.5582671606708807	4.793888694390832	-2.1918110255313255	-2.3823422084413854	1.298806275308273	-1.3553299602423483	-3.0668691099933936	-1.53753767952928	8.68889138882286	-4.685072130539003	4.263812571496163	-5.139382246941645	9.649906918634544	5.280339983849693	-0.5469901879098166	1.6111508058533963	-2.1683903369602557	-3.1889354377670904	-1.8220783828388198	2.963888326542029	1.7245799121303043	2.418412192724263	-0.6906782141382527	-1.6460064406838322	0.012498142876889547	-1.9568263888757191	1.5686535275664586	-0.65684519502438	-0.012371680082544259	2.517360899478669	0.6126944186027665	-0.6197673594226806	1.0750436217036388	-0.8422372818131488	2.0379231479729327	0.3912852598906875	2.5670850041258704	-0.726178975440239	-0.841177480282268	-0.29870300831621377	-1.691585942562226	-1.6606573699488443	1.7487123029752691	2.7022686340672597	1.354312126834773	-1.0153172517608477	-0.09032736589208061	0.3292581021741246	-0.4818346335946871	-1.7144365201931298	-0.5438409825255602	-0.44141590628285066	1.7289299077369338	-1.3239308870600817	-0.01290625988673166	-0.15558842038942297	-0.7309988636058574	1.0374468020812957	0.2999415262191012	0.6613524329724598	0.9875927014765495	-1.4311131734641445	0.8290304263023598	-2.1804552449094263	1.1426034495714712
DTXSID9047330	7.0126995498803275	-5.734462642289493	2.3989741195179377	-2.97060979939899	-3.806375333574299	-5.085570289405501	2.970500027455104	1.6662005503524346	2.6651726652155987	-4.896119861386478	-4.250898270992678	2.489444126356054	1.5799062944803384	-2.562773681050637	1.7384722777241863	1.4223761947525393	0.2124110575410113	-0.671971880353771	-1.2433411010676578	1.4311884472344458	0.6764426449569648	2.0637606475759216	0.8281467174149097	-4.1637571563289155	1.555851848334227	-1.258662726568769	-0.9254014481676924	-0.1872973701144317	1.1116370471975652	0.4317942431140276	-2.2085479397533403	2.0936658633904908	1.2683401020561962	4.049413310476691	1.7972851602667967	-0.8036281356922442	-4.700704728223551	4.511129457016442	-0.894471093574533	-5.080747201132636	-4.8332005054382075	2.9591337816833945	6.35826125935459	7.370690266643023	-1.2279966128954036	-4.385534439372701	-0.8212236672448663	-3.908994456787141	-0.19745391958481837	-0.13351255530077885	-0.871915100314307	0.4494537546042386	0.788673884105769	-1.325554364868156	-3.275042404057733	-2.043783180967587	-2.078405164471275	-1.3016371438937309	1.8215508157040285	3.2294354681088526	-2.29315669981572	1.5871733330262139	0.2642686096145957	-1.4630896591488665	0.16280241035504672	1.908940017993236	-0.7025478288323529	0.9682603919249788	-1.251431962329369	3.0887576070554044	-3.5341734907649514	0.47242813706740244	-1.7758909733753687	-2.381588663524825	1.0229127558094557	-0.6227361740532752	-0.53049995007674	-0.1904861456985091	1.3903127087913103	0.9698174162983528	-0.16987600567483135	2.262613494918842	0.8727956755223464	-0.054424744333351205	-1.51590881526787	-0.4925551935339085	0.6094330617147884	-0.734831434022891	-0.8293937136741306	1.256377666992306	-1.1550601627605521	0.10936754334159675	1.391959563842767	-0.9436219024578496	0.7992410041694661	0.1030850589302064	1.909878308895863	-0.8298109883005984	-1.0719395968718184	0.7891478919009697
DTXSID3021807	-8.079446657472966	2.3787702786500593	1.464602071240682	-0.44998008655647553	0.3735736077049916	1.0137186189194383	0.05760024157794874	-0.9081570272646377	-0.20756776846017633	0.14234533900383467	-1.0823794354812104	0.99291322668973	1.3647806058420175	-0.675223329040951	0.00591280839591232	-1.0632999856994236	-1.3925014095824022	0.3812022701706651	-0.2097465159304134	0.6782929670778777	-0.41591588126718115	-0.3135209422384225	0.5172431084834228	-0.35589924878688234	-1.0323828037405667	0.313130555485327	0.4950979535997485	-0.7741535640068367	0.5852562794849999	-1.4378523915130164	0.9669118363634257	-0.07249253358976204	-0.3057565684078761	0.5720771733977797	-0.24332527609107962	0.379137392422919	-0.7954940660633227	-0.0825093695826386	-0.5279722054361216	-0.028531245825659392	-0.074173813758704	0.2163644962277287	-0.14745562394644438	0.5993446692243817	0.9577869425491361	0.6948155252119147	-0.26254936625610154	0.0260367419103392	0.46576786808561027	-0.2925227623215602	0.12136755414162581	1.4086115920594655	-0.4068354391037638	-0.08173344683258602	-0.10526703401971631	-0.02337065927207503	0.16386933261628062	0.6527729675165914	-0.04637400004232758	0.19614730600792304	0.31958711462602096	-0.1431987757385918	-0.33422041369875594	0.06352974860676884	0.2977829689430265	-0.582613950271184	0.1411733682184606	-0.02162829684937997	0.09132962424326556	0.1252898202238772	0.18612700647504016	0.21273835791943055	0.06680759548429507	0.08613039622418858	-0.3122108698294709	0.5017621049830027	0.030533174581922656	-0.08642483725471144	-0.17343001174715628	-0.37517415934294923	-0.3654955796139406	-0.3032483727282929	0.08371080237624397	0.25059219132919397	0.1723180932453048	-0.19158170933074917	0.23857334274248068	0.13369005505378057	0.14522228720254918	0.24066026904256568	0.08973786966926034	-0.3403654221610815	-0.3193855753381251	0.3282580268103512	-0.013164230950137674	0.4431002309426169	-0.09362316342417819	0.0003287782704631246	0.17726072824505937	0.11648429833023477
DTXSID0025654	-2.837386868411835	-0.7889975292515428	6.805520809900676	-2.8509331564368217	0.5806142308110837	1.3304048133211654	-0.24967946506708089	-1.4544363206788218	-0.6999406536590936	0.9569108534289463	-3.0450679255808066	-0.5102350693687767	3.5505245985945497	-1.909448208281626	0.02973120731185085	-2.1066842665114	-0.5812369175869767	-0.40926732637230545	-1.0821792534065044	1.507213672524346	0.2502795010442719	-0.33341267992328677	1.5152053964199796	-1.445881725648134	0.5177578451324005	-0.03166272700412252	0.1750773563082404	-0.009296149155501301	0.03064147303634515	-0.7506207894440763	0.5423697463509315	-1.405985552090024	0.7790567173147487	-0.7684111637789416	-1.0103591795030862	0.8777867356156456	0.3274935480679237	-0.9056835434916745	0.4511717701678884	-0.3087586192694591	-0.11585438240078844	-1.1157622907763152	-0.26272316518682237	0.13589224906434075	-0.07022090629934423	-0.24816846673066514	-0.0836898884569449	-0.5845038993029091	0.8905613405180132	0.22828222389732694	0.13680230799693005	1.1521885523156556	0.24709950979905226	-0.1012967412485183	-0.11212155501827868	-0.2121372611759911	-0.17032684296466996	-0.6288596027559461	0.811379810947003	0.08418030695119944	-0.1318991916855335	0.3276824847927181	0.2889497289122158	0.3041076524112685	-0.037895908921432304	-0.5082204381418113	0.237707324306266	0.30319324159682154	-0.07811059171810013	0.2811113684721888	0.08883717103896416	0.04160875679498666	0.09423410648589431	0.13520903559272138	0.3071029868144689	0.0028919798202002704	0.02972497303940971	0.0070714243928367195	0.36421803685799176	-0.3648082094653912	0.3405208591467783	-0.5804349464017581	-0.11212597974778106	0.020991423601694634	0.15224616110676456	-0.5251302950814274	-0.32181540931137487	-0.7528286031804161	-0.5682432371851973	-0.3000525863936718	0.3043559926922339	0.5777964912606048	0.6297174706391803	-0.5439367150780652	0.4886947405311748	0.1485827421310459	0.15335862691531255	-0.435336818287904	-0.8179394639825243	-0.038857780823581864
DTXSID4027280	0.3891772315231254	4.783625300111643	-1.2840482683680716	-4.891678509926672	9.456455860980899	-0.2081147995490095	0.4752576450194606	-2.7848027633539694	0.15081258937065525	-1.5868885350601392	-4.917440205215638	3.952092045707868	-3.8295410302178077	-0.7302833684241337	3.0415097759718743	5.188482029609473	0.7061224164906851	1.9176776672774645	-0.8981843515129273	-1.6715350420085222	2.3433930773304517	1.0137386295099546	0.48869580676359026	-3.1905246745678246	1.7380945398887544	-1.7611180964180764	-2.409270624957861	2.8887386003637223	-0.4614794547172669	0.1457406967530861	-0.7570189058297287	-1.5001773184204188	0.9004324181899481	-0.5411195121099507	0.7835043536815838	1.9323424232950592	-1.6965664407585856	-0.5188107628674411	-1.0076643721436775	0.4773495664931267	0.039735499126874345	-0.31888938585887316	-0.842123400454614	0.7473437940673584	-0.8104238769947757	-0.804616366684125	1.413236871117959	-0.8645162275392554	-0.7177391573650519	-0.8529597060581668	1.1499451588955671	-0.18864612503352232	-0.6782493253938038	1.3803559354114494	-1.1420282910296793	0.1907773460987265	-0.7149045082094238	-0.31343492975038106	0.0807810180719861	0.8192782679944562	-0.040848560466937515	1.1376489709901496	-0.024806099660617045	-0.22908931114803585	0.22749342274186474	-1.1951764700845007	-0.984541445650162	-0.005768153808752661	-0.8258667215072644	-0.8202314913460114	0.679777928561455	0.24603380780993223	-0.10910721077837547	0.07050297730777268	-0.21981600738816565	0.02989984713243149	0.15960685281537493	0.5168318194492549	-0.1044703625486663	0.5573618514844217	-0.2983788426128607	0.4987759794807519	-0.924929622382645	0.4087034494844557	0.8699140397830096	0.43731646775316535	0.45342293379968096	-0.2769600934074208	0.36130395281160316	-0.09949930284368408	-0.16301760364691784	-0.5098324898184335	-0.07529445423165886	-0.07887036115285664	0.548512694507431	0.10248132738859482	0.11397566206287685	0.08551074067796914	-0.26989970717094935	-0.10452481441157667
DTXSID0046642	18.911347492412556	-8.447952723297231	-9.708911883424339	6.563953458428114	0.07202626125310312	-1.9607059920175276	1.4035498803369355	3.6119884912093845	0.2808391650008287	-7.030780272079278	-0.8240982956520818	-4.97835626809225	3.752109288128596	-0.4768549877284162	-1.9480800332164199	1.395760421848772	-4.38750234208058	-3.956792703388149	1.7057840726155977	0.9599815721551301	-2.072013885007897	0.3007193954882248	-1.601978773806325	-2.0902342281449666	3.622267890969035	-0.1367747607976207	-2.5709779072027055	-1.3338873501269095	5.178352353909874	-2.49220468879115	1.9950556003268631	-1.5499231585768911	-2.8125974509536755	-1.794040510833314	0.29399490666905226	1.0627705462525423	2.0340470962468506	-0.990581869496998	1.0585055884597372	-3.7997801963021813	0.11056499087595845	0.8857705566183497	1.7175385072906895	0.21372520951337812	-0.5702513396286698	-2.0975263338647845	2.5639244835500197	-2.045262437343511	1.2001057721257482	1.892155042222561	-1.5244212937809658	0.5986409477790243	1.0852864620439209	0.8089875615192628	-0.8256677455795209	2.6572476169035086	3.4091408538523438	0.43014885847320417	-2.7571609950696905	3.0754047216748686	-0.1793421702680049	-0.10241704285015536	-3.288953240076219	-1.3405401638566183	-0.9488162934551101	-1.8567526201091906	0.8568163346582152	-0.9416973613143821	-1.832868677345538	-1.5926675048846768	1.3098362502383367	-1.5061339174507786	-2.3836817074006773	0.2931940728725747	-2.706140947579551	-1.4051414317179383	3.512381295263684	-2.812097191359477	-1.1682079992283028	1.0905355626320536	-2.5498394277139615	-2.2530953491184453	-2.6691445448337374	-2.8893830134405234	1.5758662870643083	0.4557208112903747	-2.981368082354013	-0.1452049926928729	0.7026771261524462	0.6248678972595277	3.2191149768327145	1.4234092338368194	-0.45490617561350655	1.2578969241975313	1.1094580665837959	0.7916423778738508	0.03448685871348133	-0.6207512302752333	1.9644352769601803	-1.014132207486511
DTXSID6045791	11.980609412901364	-4.303353741678036	0.5414440288098689	1.8829585365238444	4.5326075690240435	0.24099248118993497	6.457267970261901	1.5698372309355502	-2.8368316616438976	0.17692050824595076	-6.428642311268699	-2.387073136853196	3.6514314343074274	8.692409608742203	0.23924740677692544	-4.482968423700065	-4.16308245041282	-1.290986206027731	7.041301895505546	1.5024718502931667	2.2200579571941543	-1.3473701490787466	0.48321909170062766	-0.18947398967387646	-2.1009556823836886	-0.4584702119358281	-0.17697441148763182	-0.24986929300440835	-0.46552243653104963	0.6893662368834497	0.7367917863391739	0.15294394215851595	-1.5501931245627603	1.8835198209181876	-0.18015136630171338	0.05868811866929795	-1.3310796894187307	2.578484699927652	-0.09736171949015072	1.3877823727089789	0.836358375640266	1.1698852463181941	-1.367497440042076	-1.9041326274755788	1.239632653800426	1.0661673466433976	-0.6926560715595377	-1.3471757373242008	-1.7440275358203425	-0.4009990020596474	-0.025064032544972453	-1.1436838430243308	-0.5607551122449536	1.6102206812429662	-0.420863334289705	1.2581771161093662	0.73669514467476	-0.11422464376980525	-1.5076625926532845	-1.2271028343157087	0.7701956277235552	-1.7722073136956629	-0.21769473490322197	-0.4315381229502575	1.4105207293784383	-1.2152021496852554	-0.940925761354402	-2.0192659045989125	-1.4230976280101455	-0.6585295012883777	-0.8067678959319236	-1.7611110871547637	-0.13766464049427388	-0.46382917474828694	-1.043984013800953	-1.1902002794370123	-1.4689982092885858	1.1297874085682462	1.6424521677567727	-1.1336000578391512	2.155756714619609	1.0455550041847936	2.0035203339847256	-4.851078952943755	-1.5443443215725783	2.232283552409477	0.33130800486301726	-0.4506116885997073	0.7555127858199933	-1.178910115774123	2.2928220599721234	-2.3117930609663473	1.7000892913678904	0.3088694684084565	-0.04471156212557007	3.260028846875063	-0.5298119380324462	-0.5469901274992485	0.28456390914477975	2.2629010180367195
DTXSID7024035	-2.0482777852821137	-1.6875087370459643	-1.5445646963461506	0.6748271751880571	0.6791404895244569	-1.590888641368131	-0.985698195005563	-1.2612632150470038	-0.7538011633579818	-1.0593060897710525	-0.18524682176286267	-2.6354157762503454	0.1254783354035	5.675899432344148	-0.2734186663761368	-1.0619173321938526	0.33607349326469077	-0.03608247262132542	3.494630882703474	-0.20053297540289233	0.997881205144915	0.3305021919250068	0.859162251453184	-0.15208459897631751	-1.3483684743094781	0.4021713089471387	0.5484583165296535	0.6587186001024776	-0.03140045336719018	0.5830257936738694	1.4071325760725069	-0.8752625693936246	-0.006032333760471402	0.18994331682584903	-0.1793188616436141	0.8327504002783155	-0.11484721267534	0.932374280857536	-0.032783705739874304	0.24927617996073936	0.7381949234720931	0.5568288827509075	-0.584607210838365	-0.48891979884793346	0.3769018521384788	-0.24970214135473282	-0.0582603615944009	-1.2717322974464416	0.25217286524272575	-0.9912809450327932	-1.5755495461624731	-0.4377099753153965	0.11079174059423416	-0.5139557786236642	-0.532016525477408	0.9379896255515943	0.23835536844589342	-0.16326489759452334	-0.7707658421649064	0.00651776158152163	0.07890485770329518	-0.49443408804603345	0.33111791873328866	-0.20000788968219446	0.3737956277014483	0.7483446357037729	0.045306802352905705	-0.34347433526939336	0.0044950209522154096	-0.02170418002045205	-0.9525969950061934	-0.2819536876518772	-0.5075203099018899	-0.09784640270293134	0.09136047754898574	0.3501612326555245	0.3161897432851002	0.15572780304503162	0.10730850373092471	-0.19991993318575857	0.05950445145040533	-0.40939929108724366	0.5040266547727549	-0.061571063779309154	-0.45858676310322777	0.18069998013201147	0.11313997848892964	0.1423742148517795	-0.6460978781598655	0.12576884696490112	0.19423774812902075	0.0023386465851400265	0.20208331686032305	0.39227066857423604	0.08227833510874095	-0.3249997951203562	-0.082193454325613	-0.5295429115899388	0.2013026750412056	0.2849669151423642
DTXSID6057665	-3.396622444674813	1.2765756626100868	-0.4369148851954713	-1.922281973285563	0.958301082416076	0.26668806820989377	-0.01424297339075858	0.3385689456944543	-0.5951436159006416	-0.26797746717299753	-0.4076205790229763	-0.09502280212809497	0.8141948573633854	0.12091041602599606	1.0730106120858742	-1.0067515274131609	-0.15904317460392833	-0.05208302511977416	0.3179100980917569	-0.18414795985944407	-0.3574491863642751	-0.009429069185505172	-0.9369385877716359	0.8730637336089824	-0.09813924977729364	0.6940045250789839	-0.4101904546366218	-0.8566540734638886	-0.8125552753031609	0.8547880919133765	0.674567638218122	0.29941686020721325	0.04614180348811033	0.30492460045763975	-0.10002871030937802	-0.23575340875356235	0.776376018807073	0.3262186012688055	0.8247675392367045	-0.061655395512015106	-0.6581436710103156	-0.660449300511019	-0.26300872715829565	-0.13255059415079906	0.2670737278764221	-0.3164150844162824	0.21940498917653736	-0.022567515101763396	-0.15139690181214463	-0.4721654146597533	0.2531098445759456	-0.4227785029681812	-0.29004432320574974	0.011605044928678193	-0.8053216732304014	1.1480514961660442	-0.5384001774353206	-0.41278430940040145	0.6743484675248776	-0.7093896641324561	-0.15340781669713277	0.7249527876401001	0.29024188123873473	0.6259945861453924	0.5227958824058179	-0.9607078437173294	0.31708104301632	-0.4109224237769405	0.45764330328329494	0.4161428029540944	0.5818855504957674	-0.8537307170363998	0.46403534346894726	0.4021599853116514	0.5312641053595383	0.396795603105974	-0.04223531555890825	-0.2070606126654833	-0.12827249497880208	0.37607791678294666	0.4236698116749314	-0.7947672653511043	-0.27752800517006443	-0.13256924274943405	-0.1024328552198548	-0.42590429581376127	0.04115240868839318	0.491706992457924	0.10082992305135291	-0.12636244120606574	0.7238546335432381	-0.12466217886502044	0.34264419211088937	1.088901730260862	-1.0829220446017216	-0.10694304282446765	0.17371687008291276	0.017505334385702988	0.4279322359351959	0.5232578925947726
DTXSID9023889	5.040182363286039	-4.903314839150753	0.6053394094725328	-2.0600936192286903	-0.9777842974287696	-1.842728272392381	1.4584542572009715	-0.1413747023268164	1.9625931811244612	-0.9058249887013761	4.231862758242916	0.26379557031291395	0.47172559558194327	0.6604410983128253	-1.4000760232497098	0.16745294823547535	1.8143419324852783	0.1501019027103718	0.8185795148164656	1.3018512068253014	0.6758826875181095	0.7223526731000646	1.2739986332394344	-0.5590990746479638	0.17219696907413035	-0.45955141091715107	-0.07045151158449733	0.1450411263326542	-0.00920717372663841	0.9193629014352298	0.2225104794484162	-0.9655110813673472	1.376759838056489	0.653383741462932	-0.11434903695263535	0.6540520324566227	0.8116696158724688	-1.4262261813416106	1.1850058765427425	-1.6503898605059435	0.22578102359365815	-0.03772780386779128	0.30078016772624666	-0.6977210020541	-0.15969033911735867	0.14821138855893756	0.08062785590539359	-0.08688533453456802	0.01294782960611457	-1.1378908307008575	-0.1097800645706994	1.965501652808745	0.06021051066418586	-1.7527316103568273	-0.8278866066615655	1.0788738607200437	0.3600964867035422	0.2723178384630034	0.48389282520217886	0.4526216399952784	1.0242103586167624	0.820281215172726	-1.6630656385717844	0.2200792168839628	-0.5701943290432704	-0.6808434103878692	-0.5963739813575099	-0.2008457017893389	0.1246348495477534	0.5374048287823416	-1.647873634797089	0.06114070560121744	0.004103101146425991	-1.2038125929338852	0.35041715391042205	-0.8438112088645457	-0.5731245593998062	-0.1870194264970182	0.9268002048905082	-0.10235677267458443	-0.40135450894439173	0.49176492253797344	0.43103000096397265	0.9724131840143262	-0.8122521315495312	0.3825180490117274	0.47013770871676597	-0.6025772939397439	0.10723084720927496	-0.38015572868649977	-0.015332704361879867	0.1505911475319439	-0.5734601881201525	-0.6131243381317171	0.3719886211999317	0.09567413985589018	0.17200252387651835	0.4342361517341997	-0.2618424065222856	0.043955343508463314
DTXSID0021337	-2.807701931735899	-2.5654469113250475	1.318829918962243	-3.3324918570191664	-4.448178021478548	-3.785069075865502	2.848810050469719	3.1495543126355	-0.07177727679547675	-3.9856357947784233	-1.6710475899065305	0.3552483809110244	3.7984274348500278	-1.6549877169981793	2.162287526727321	-0.5555480502948787	0.9758678160074348	5.162040433699941	3.244486831805175	1.1170396369750242	-5.908274800938728	-5.971794109878177	5.698960385639549	2.525160098775744	7.178054869867455	-0.4300641124721609	-2.9762116777841356	-1.1296999593071217	-0.5929585965157255	1.378452212385552	-2.028530190842252	2.595000994895574	-0.6870054116253994	3.389892798921034	0.8690315506300046	-2.3674280210204652	-3.5317840850868203	7.547173454495945	-0.07959815830221703	-4.438829294648755	-3.957441530364252	6.091787930400755	5.771734569303023	6.769936193792976	-2.038559585055151	-5.549398692979173	-1.511916713758662	-0.3793175864959798	0.7482722131759013	-0.03240885871077965	-1.17275622637964	1.42886783999964	-1.0864216040146755	-1.3446108691631122	-1.6651181009424993	-1.043548694941728	-0.6410635809437673	-2.49388756038213	2.857764172712011	1.9498245761745359	-0.882944232077151	-0.20792958954235138	1.4739664037038869	-1.7342867878133945	-0.02808334115899776	1.7021179383843508	-1.8355150561235054	1.6289880067744291	-0.3986975215513362	1.477535787320737	-1.2761805726174273	-0.8250181244153969	-2.704419446069309	-1.136224875119009	1.248772941591552	0.803142684429781	-1.022718154154479	-0.5939503080975559	2.155103873987917	1.4045694023795035	0.14619341595193347	2.456299100799966	-0.14460518166386482	-0.3086587344584908	-1.9249452137347849	0.5661998927033132	0.008812096888606201	-0.39185404874150065	-0.09993203847687505	0.11131577895389869	-0.8108258286192603	0.11606001180192933	0.9319418229610065	-1.665872471646712	0.03810415816032542	-0.22103088358196915	0.9300371422435852	0.025281446199465235	-0.6356951531936538	-0.029862002066715486
DTXSID5040625	3.300757879785243e+20	-1.1190183903658495e+20	-2.912773377740573e+19	4.928420759019117e+20	1.2888239457033575e+20	-1.1740540976382865e+20	8.983689483463239e+20	1.6469057741921665e+20	-2.174353591687958e+20	1.0497344015375172e+21	-3.423277958801538e+20	9.052420816856151e+20	2.1648705654370936e+20	-7.768038814614009e+19	2.8027188966952603e+20	-4.641157181142145e+20	-2.953298375567544e+20	4.8616910949923534e+20	6.023262552449801e+20	1.6333719066629852e+20	4.59698852503974e+20	-2.2531204037662825e+20	-3.0340085236596507e+20	7.558504275086356e+19	-1.762742361869431e+20	-3.019170625004111e+20	-1.4919861271236008e+20	1.558116279388425e+20	3.6597668273928905e+19	1.3260036828154066e+20	4.327571438207535e+19	2.0832679746037606e+20	-3.0069968595928183e+19	1.2504082221209872e+20	1.843567844602818e+19	2.5701101123460632e+20	-6.96153699566664e+19	1.7965047660060554e+20	-1.4754167842312792e+20	5.06363688389407e+19	-1.3403689519751455e+19	3.1400164988888445e+19	-6.411991952942959e+19	-5.335928277779197e+19	-2.1262108694423384e+19	-1.74471597547307e+19	3.3861785277094932e+19	-1.2335686170790655e+20	-1.6893301365207167e+19	8.228228457741848e+19	-1.1464326084823192e+19	-2.0477855108804818e+20	-1.8017503943577672e+20	-2.749749631968586e+19	-4.389793781138192e+19	-7.047601949519228e+19	2.5685260569129268e+20	4.115535718737055e+19	-3.796510226784334e+20	-1.3767867969251859e+20	2.7519646234174964e+20	-2.6395777858609336e+20	1.4607691886341261e+20	3.204761961576835e+19	-2.2398094995504762e+20	-7.181974277107194e+20	-6.343490471947224e+19	-2.8567161951407555e+20	-2.295732233343746e+20	8.533789618296976e+19	-2.5292858281583572e+20	-4.301717192577769e+20	-8.195577734392422e+19	-1.0717451983485244e+20	1.0790524335819262e+20	1.5281577836843116e+20	-4.4399025172025763e+20	3.7567952857930146e+19	2.755177165111717e+19	-4.344886727317656e+20	4.5690048218541975e+20	-4.053782896789642e+20	5.7587808132052635e+20	-7.106496542847228e+20	-5.5431540615598545e+20	5.700709668833948e+20	-1.76296490455997e+20	-2.529773818969129e+20	-6.795507322052888e+19	-1.6956272057914678e+20	5.987532200056545e+19	-4.6554325099502725e+20	1.6311261337473037e+20	-1.379859579511597e+20	1.916547310472976e+19	1.012851282106886e+21	-9.902065206544002e+19	-3.3290729992871666e+19	1.1274513494203849e+20	4.470077712872267e+20
DTXSID2022090	-4.619249992503886	3.0100760171715435	-4.108502164503124	1.5105866042312834	0.03209469771887982	0.35170172620770207	4.18942037119562	1.6235039798866542	0.011672020511345554	1.1304872274437443	0.529343587288256	0.7504477766606215	1.1943818307581529	0.9101071185280664	-1.0776798018526523	0.7305612341139343	-0.33771554024741035	-3.9267606818622807	0.5441868386935099	-0.9414661707835426	-3.06980100147618	1.3513772621573636	3.4971342440614066	-0.6034450168901536	-0.6865537597925745	3.821397547124094	1.87630582311008	-1.9120063568331698	-1.9932899008126244	1.3311809708616527	3.840871223244868	-0.4629302946532781	-0.7157958732363474	2.588484382084384	3.9815094017542227	0.47237191872192336	-0.872161285011705	2.246010663979499	-1.0820364784616079	1.969054224450233	-2.5263436117460163	-2.5152865411287055	-0.5823553462168839	-2.068381249430696	-4.00971729817563	0.008143917162867477	-0.7597465628690012	2.1438153984632473	-0.05076182363604175	4.2550102504552685	0.6509761094628942	-0.03127498879886217	1.3888804851552203	2.0729295704450026	-1.438953503853166	0.08594848597705655	-0.768765676809022	-0.035715124273135224	-0.9363299797650768	3.189005724269478	0.6446029509850124	-1.1489616640664368	0.42678641676405277	-2.294901923311591	0.6358375298732355	-0.7155781336002345	0.09387817567420337	-0.07108788081824327	1.8779022385631425	0.8524432364189689	1.138578077870969	-1.3030499302198517	-0.03236007722686658	-0.7709532001964176	0.9744009836938259	0.9599479643279268	0.5406055309935287	-1.8012241810100433	-0.23973669948699838	0.012714971361050252	0.08658636194173178	0.17541743279055472	0.4274587629366769	0.5671907541256945	-0.1596036662586701	-0.20051862629640899	-0.3158182768912711	0.3685779945799468	-0.4225179694673165	0.8105653731375686	0.6214110908723973	0.7501309720993659	0.17733996719265194	-0.4458468519773848	0.033331763763442455	0.183097784216469	-1.0200556618273224	-0.5311405681179382	-0.7017303048816871	0.6433052989072381
DTXSID9044798	-2.004440239098018	2.6550483432889043	-4.488480017533647	-1.510102458290426	3.944546181731079	-0.9201005257660768	-3.0364352669174774	1.033609976395225	-0.7831482684248962	1.641344830958445	1.1692753519549839	-0.19380206312125975	0.24113324480567533	-0.9441455247869865	0.3649973682669954	-1.3913500313694909	-1.6988337261793223	-1.53139500669131	-0.19652386510856115	0.625599932901581	-0.909644891286747	-0.405547651266578	-0.809409523196391	0.5419705916539097	-0.20178629863324102	-1.3765480480189822	1.2012321043606864	-0.03470836887475786	1.0089336726724687	-1.21810809323497	0.74191258345014	0.12876965991207892	-1.5586316395727329	-0.822544276574733	1.492013827815656	0.8719517924025798	0.21751798849362167	0.020010598219683415	-0.2628627692746068	-0.9147429574049838	0.4726175678743959	0.7328271956887857	0.5966398563147818	0.5380195482099561	0.34089909261723883	-0.40963810174916493	1.0429860086209053	0.24439098244882754	0.3135081086709233	0.25714882893591656	0.36144068376375027	0.06847787134570478	0.09726875981216933	-0.632032788516244	-0.25252666896396264	0.14599518927169602	0.4106052950231204	-1.994400189922822	-1.0971844363269523	-1.0897599116012369	0.37699566913727384	0.25936598477762	-0.3063968707291463	-0.15189329804904975	-0.21516537001438388	-0.11390830910428347	-0.7497320920131453	-0.0370588683671474	-0.7856408341880414	0.7436450082549919	1.0382673591760354	-0.32572171116509896	0.045722484708994905	0.6074195142085504	-0.4064481214390264	0.40450916793012903	1.9314532649266978	-1.0780061777074508	-0.47780841101212534	-0.044935865849467356	-1.0910947902764674	-0.8009045998878542	-0.43448362578125815	-0.20582299383348088	-0.22203862632404409	0.6146949005441525	-1.9158513488751467	-0.32332794679893156	-0.8062828588407438	0.6038392199225642	1.2249601383630837	0.07224581214229518	0.6824806091111832	-0.31165100331671364	-0.39966426628237417	0.5417145758842552	0.5496309884926177	0.17890153535107783	0.5099269115631624	1.338126953816221
DTXSID3042477	0.5376572623485213	-2.7495192689030765	4.548185533069813	-3.0052115761434943	0.3912383356258659	1.9053331880899913	-0.4971824315910407	0.8927411417330846	0.4361076924951623	1.0067249200074713	0.15431377014400924	-1.041467474629793	2.3304113456336215	-1.0253128970660992	1.5441126116437456	-1.7021856844803254	0.003008240998938833	0.05181653797515239	-0.43297893943924665	-0.0002180009569530056	-0.10751915689505162	0.263935839450887	-0.4972232495458871	0.0491650745342637	0.08069798179956685	0.2757507479466194	-0.36573204793677105	-0.31790964664022786	-0.2501387252451221	0.3822082466821452	-0.07325121382245595	-0.8552521791479049	-0.030172282664350295	-0.40891683868801315	-0.3527884706834834	0.5456481240570642	-0.2515755002561391	0.8017114017581333	-0.4858361981780199	0.25852359152558774	0.3205661618473213	-0.3334198647210451	-0.45629656679632996	-0.24850039130336526	0.29711332122799	0.8482744608693095	-0.34053089846169493	-1.2773499815194802	0.3846686320189458	-0.4682863909149369	0.8728197002179636	-0.5055005335452641	-0.23905843827650167	0.8109715457077042	1.17271058279206	0.02198747425379845	0.08569271020484348	0.014636674072803769	-0.02493267849695725	0.5815961365297548	0.270887417179299	0.27613682742082246	0.3173116424431085	0.21609615027884033	0.4158029737308222	0.07321358369824915	0.06269556418612245	-0.05723718352278442	0.04922817853748059	-0.6694797207637503	-0.04359428942806175	-0.09459990720162965	1.1607490302280143	-0.7664139020869021	0.9075503782710174	-0.6048780583427686	1.4580836469226996	0.31776333667306544	0.15891261144776633	0.04667435978130845	0.22510240668576892	-0.6095556585643964	0.3295890444904494	0.672531792385697	-0.96836488888431	0.03376088313506159	0.6365713551080483	0.22243576594450457	-0.7352708622577894	-0.11886314095585382	0.037261816786463245	0.6020362252727907	-0.03818793766921521	0.07973494135495215	0.5561609219287658	0.16413434231948756	-0.2663446345430662	-0.1506370686965823	-0.649265413645915	-0.30164630273426846
DTXSID5024976	-5.2057532958651125	-1.064527681115562	-0.9121083377686632	1.3193041954711036	-0.42374878615167105	-1.721860130503828	-0.9278437661600712	-2.482053718154641	-2.0373922133725353	-1.1160810455358938	-1.8461543015862578	-2.370290346717553	0.9029966745138338	4.895406083489176	-0.9534652237090959	-0.7400113969308884	0.12221108255452631	0.0843060615968569	3.101954719605936	1.2906540705686658	1.244898903694942	0.8420936834463083	1.320378759855928	0.6106488817728466	-1.0627451630507412	0.3278056732249959	-0.7278628807987843	2.473955732224222	2.0348330388435234	-0.8538990593096214	0.7372509392112051	0.5599947808855683	-2.133913856015251	3.3372689553584927	2.128536677744489	0.5170436799744279	6.043473435763488	-1.2363833420127777	-2.4664130401759237	-0.8571589381418884	-0.7042427922669338	-2.992632555260601	-0.07538199827213954	4.076223463848653	-1.0403362078613667	0.5954496873415311	-1.8099693125916407	1.0000528081565865	1.8794677088333662	-1.9210629990865433	1.3135261683504091	-0.7422523749628946	-1.9575571270210477	3.2753504404934763	3.198482787158996	-2.1135208242606494	1.1680452332113562	-1.3947790560242002	-0.03546564912364155	0.10804775468203429	-0.008583886877754373	1.5441252076862646	1.6586736651439626	-1.1825422221845725	1.2037871034184373	0.3215872583506584	0.9342990106523371	-1.064602886964641	-1.0681090331307082	0.5310698861444745	-0.5885608655987362	0.056716759632944924	-0.23503546768164355	0.19064094998703138	0.6440574411469594	0.676771143690886	-0.6170071715603881	-0.3750181337883348	-0.09935543433457769	0.3171072520532574	-0.15080151566540143	-0.522903765950506	-0.09517832464420535	0.31600177632471954	-0.08639629554206231	0.80168269765146	0.8553034748394103	-0.39974050974265585	0.14972544257293877	0.03148244005681637	-0.4456607286519821	-0.4110198361471866	-0.1042490585164702	0.5286750780327791	-0.5077996479811867	0.6875924310389182	0.5006005203362737	0.4405432188779422	-0.14047160285802227	-0.24525256643555654
DTXSID8033562	1.5312609314293621	-2.9806984838046726	-4.165226279864976	4.429803109188412	-3.380384673663846	1.629434212682418	-1.665228867298035	-1.6659008473197672	4.192398282455937	-1.2519549466677422	-4.237103424235359	-0.13565591739799096	-2.353419351158912	-2.2586719803872364	2.671106938505553	-1.0568217091324292	0.7315899189456708	-0.17246671010665413	-1.2672433200840323	0.6000383399342034	-0.8505941069190585	-0.34980485223894997	-1.2571211756361624	0.5412346560723498	-1.1368162486487046	2.1895046108593634	0.1890076870415506	0.5068534564220103	-0.706725027105371	0.047595270930937586	-0.05330855270656381	-0.7554973255928223	-0.24122142710470892	0.8714392093943281	0.41938773129953266	-0.04174781380496708	1.5328393350870602	0.9455954161441077	-0.47903980935651397	-0.19511319202134533	-0.1250877593589583	0.5547563297229158	-0.17986941634250553	-1.0390124732264046	0.5033446397601572	0.8605428930466106	0.12445297465819248	-0.20540287738206084	0.6582006156619872	0.18849268799832788	-1.504738148205028	-1.184663294234458	0.7405584931810268	-0.11278665111227483	-0.04077623785944676	-0.0515300346359663	-0.43816048716383343	0.9355047104841261	-0.27070265925034753	-0.28002466813608456	-0.5370869917272713	-0.4064133630052944	0.2507707339369514	0.0851025729135655	0.3207417489627051	0.533705240936727	-0.2558522105146403	0.2459654201278355	1.0077118060739862	0.8132209209335104	0.1925365851213415	-0.43932573189618757	0.8965094061892294	-0.3587870159313601	-0.5736782802897636	0.611241220056259	-0.04812334891509461	0.7044529202281503	0.25674978518641994	0.6403275722401407	0.1001429736294067	-0.6503786195549061	-0.5311166846541827	0.04813738879010366	0.5048919024698124	-0.17219231259566903	-0.8793910312991476	-0.2538384806906491	-1.7445585693114387	0.2768355060078985	-0.22902272758924347	-0.5184821054119246	0.2793736439792828	-0.024415840279796947	0.08121318430469272	0.007729408473085373	1.028481513080959	-0.8709304855109293	-0.2816068271888255	-0.8974925736868485
DTXSID0027486	-6.849580865277709	1.4921108080773378	-4.458773205424977	0.16840048905982002	0.7999291637911303	-0.9287129604401219	-0.09997759173439696	-0.18196426119122025	-0.4590673216196329	1.5428830773151976	-0.648400485705598	-0.25325830067649613	0.644268169935428	0.14036585038396637	-0.3478874754028599	-2.1919524596390456	-0.39692917088659213	-1.1183446410212423	-0.154171853920419	-0.30291562087508506	-0.4536369984679149	-0.0025902112399577583	0.062100960460237095	0.09141644100293546	-0.011018410369286953	-0.5806999146519894	-0.03835641955199026	-0.31172586202640584	-0.49105977830898434	-0.2678172954622095	0.022486302333858184	-0.10290985263930172	-0.8164463879841284	0.13560971823091475	0.16424832139563994	-0.20664484944323955	-0.2956423681785381	0.21798725182045617	-0.3078098745448647	0.5187145201039752	0.303083268613619	0.645090700219879	0.028344341629140648	0.05126300034539412	0.4275566717266472	-0.023603499628787623	-0.883113745591448	-0.22945915433283184	0.1572512398822146	-0.2059659262219967	0.8012768517614933	-0.11963498705075541	0.9616661540704633	0.11284024403411802	1.1857388346800266	-0.4873778939758369	-0.5708775841697884	0.37086796111827813	-0.24719007041628538	0.41183589804312043	-0.7223636047561101	0.20227681108217843	-0.3463852713116359	0.7327751576610958	0.2176076461984091	-0.7527626486539852	0.27969849452034745	0.14056957413996637	0.5856698980890839	0.3617052329998853	-0.5972818756758617	-0.4110627414721374	0.5729784997936682	-0.06621676026415323	0.0266827916811525	0.4439203039412204	-0.035918344126017056	0.8232983951361079	0.17465070773668936	0.6959024305493959	-0.27064679794366303	0.15897313068995594	0.8449564123044109	0.0710859656154497	0.5223372753064117	-0.24314421146330387	-0.4925287521488578	1.298602147029446	-0.9718649190474924	0.24152633009533675	-0.5965259399288589	0.509708488112179	0.02849175152998089	0.019188944498234297	-0.4048936476879802	0.7129038132745448	-0.1732205220288484	-0.08427224526515828	-0.1552819817574053	0.29687569172737327
DTXSID1020857	-4.146816815221079	-1.595784604578947	-2.4985172761360848	-0.9382471050603941	-4.426332734879368	-3.81961251199052	4.006040846621977	5.038585335565564	-0.18076486841804582	-6.075865395639891	-2.2751521796609637	0.9374809224197791	3.5781812611074826	-1.6442403145610103	2.0853888568128203	-0.4913763495997508	1.9678386579939966	4.761135615802201	3.746713023246456	2.39491329424055	-6.049135152605892	-5.306982094826046	5.8323691264729876	2.5407258972210713	6.907123042988347	-0.034133738896892016	-1.750993276422087	0.062355142414814664	0.19585100811301864	1.723800575821637	-2.9688745791776987	2.9277593214973447	0.6810566988421307	4.8013676927644395	1.6489605182646263	-3.2369206559819865	-5.004553413736136	6.077689472300788	1.3245448617064777	-4.110312357322921	-4.322496873691949	5.020106332887957	6.042348727781857	6.7289794433675425	-1.0756440984268103	-5.839702347930994	-2.0346746471426904	-0.7242286791754323	1.0627449005756866	-0.7635207598136501	-0.4026428764143647	1.8215056881227436	-0.39038670330358	-0.706600593215453	-2.1182860906907193	-1.3076199452392856	-0.2817294520919096	-1.4859591703882562	2.3691673268188365	1.4083730725159331	-1.0372759563269773	-0.19925450087130125	0.2902027345628261	-0.7251198925606581	0.7981451371867595	1.232760634105632	-0.6041914740248068	1.3301555936890648	-0.09064862278524113	1.22843634240118	-0.1744221162557676	-0.10113311324408085	-1.3305977052047264	-1.8830117500890913	1.4861394058693693	0.5321725398655188	-0.49087254193091595	-0.3600374364149156	1.6044577253475913	-0.13641281856958234	0.013014812147223404	1.9863750791774006	0.010342995161614538	0.7339338095517988	-2.9803841020851585	0.2797569162614805	-1.0418980466083176	0.23212960650544232	-0.985723388247563	0.057063500123632156	-0.492989827921478	-0.5442477954910542	0.8674756682747635	-1.7806260003659247	0.37492394714523547	-0.2560791300234876	1.1808994650880256	0.48639885070928324	0.026091170166357133	-0.5058786146305806
DTXSID8026935	0.9608924668753649	5.581073288605145	-1.4374578376651124	-3.515423074418764	11.090781490416523	0.6646788754499507	0.5202163038491269	-2.021376772525837	-0.5932020248469874	-1.2812187112166218	-4.870464352201442	2.902358381852435	-2.9161767670156293	-1.9269409043963586	-0.7481404870594073	3.939902698239157	3.3539673811066404	2.3352697708871193	0.039993265361050793	-0.8206616415699804	1.3540159852668516	0.8297132757432192	-0.5560517108675467	-0.6879665678429358	1.6284580700288045	-0.27277940958405145	-3.291086359898738	1.6954419920095023	-0.8671420400025586	0.6395350941372628	0.049908966693436654	-2.4810894735491127	1.3602402467225054	-0.9753416258714785	0.7169710090887009	1.5829113431712798	-0.9434455122264013	-0.2144214606093059	-0.5443866137425926	0.3861620844065278	0.4633812692041358	-0.10466993538545873	-1.3665490334937493	0.94939221957534	-1.2551616312653464	-0.7763266564034388	0.8815252684948034	0.11911244528043272	0.3161790519532637	-1.1192779093827343	-0.04427073809768422	0.28725874415251146	-0.3064111609415833	0.8935456668180431	-0.20173114623220934	-0.009243408339365912	-1.0106668471046134	0.45192983357871086	-0.16415648558000442	0.6163372312991144	0.3733642876015768	0.20853583246960705	0.22783555831584715	-0.6310887112041834	0.840435079460162	-0.5254161375991564	-0.539333908736446	0.4310279755076552	-0.5668226331867342	-0.7850239861241457	0.2767031605992071	-0.13271092568685508	-0.017449784485494408	0.06686944844578226	-1.0914448258270442	0.41847287059353877	0.38259867808444536	0.1777146872448889	-0.3658525794673021	0.1252765714694018	-0.5618634779288169	0.18732941316901477	-0.6870034425850278	0.07011498351496237	0.31624560797132995	0.1248493395693846	-0.10848420971293568	-0.32642715777358167	0.4296010065471147	0.18189108429389791	0.10829521280291692	-0.24177791964279943	0.14079711392305402	-0.2477498239854869	0.48470499932505423	0.10315597791746099	0.05547026786767497	0.255668541632934	-0.060344300629800854	0.0662142376328505
DTXSID3024603	217.32061701141697	-130.9801333964238	-687.3604844782705	-144.38872042450785	1568.0382901783748	27.46283630428109	-330.3349273444477	237.88804107013084	-287.0936330376878	-220.62905647740206	63.70643648299624	-55.983361299351415	197.30237450126995	-417.4875340456449	944.1938220056765	635.4081929434162	148.6888515734907	225.28032946779365	-30.934858077340795	419.21877591031716	-42.253329715333784	659.731678487527	-595.6415762959452	314.05632867112797	289.51006891998264	-435.8156886584883	139.58766139439723	36.289973921860216	78.6015168704272	666.9156425378679	669.7174556071201	-610.8096347831018	24.494988265515225	236.61028439511406	-329.59236501716646	198.40126337530333	261.88014263499684	371.8596368445223	-473.66491343957824	-127.53941705658971	405.7719628643664	214.89156471507994	-469.60729384487865	252.4335187626743	-130.75008594341534	44.284958323740625	87.60022466482333	13.024338767820035	-383.9824507132949	484.88061625173316	-396.71311297838446	-90.05027706265726	488.060469077311	69.352800632806	-389.0720648759712	-582.593694469428	563.9200209162816	86.94373150061789	537.0376845300308	-102.68101126742383	572.6900849404634	171.5573989063695	65.91097882380716	177.50433587120287	29.73524313516508	270.4862127370865	100.54126631256725	96.18495575991788	387.2883792836959	-217.91145484842957	93.54786511660984	170.60979991932098	29.129668593094433	-28.373197289448736	180.9320418778407	80.4300281009776	-530.5495106416256	694.9598136358543	91.94004114020379	-386.3710056341906	118.28983842219603	536.3432124851641	324.6115671924855	660.4430061629009	-233.3553514368113	688.0065120564271	432.4177669877498	-173.83266452299137	-79.8829676245197	-270.31118306050035	-84.81387763497688	76.06910447890444	-38.21367264972176	211.2367612733952	366.21762365983324	86.5861660290032	220.2924113610568	-473.20563276952475	93.02729656255694	751.8654297975593
DTXSID8026515	-2.2228121221404344	4.638251345757615	-2.9787658261046657	1.5465654517579264	-1.8064385798358713	1.7569218001362903	2.2999313106444683	-3.5615809465978807	-0.4438437711409386	1.0152484188289128	1.9892405108625653	0.22189359557806143	0.6306357513071685	1.8897312546937468	-1.1834371425967325	2.626203959740552	-1.3254971265415387	0.2781682419805205	0.0840947552016361	5.547510196586644	-3.111469029379637	2.1963710170054402	1.3022839351820972	-3.0547271708395876	2.822763632968042	-2.18348464205439	-1.8761525661379044	-0.906678430006605	-0.06550671178999459	-3.067206738928334	-1.046616987471027	-4.79859950924586	-4.290481538683541	-2.0838299764312254	2.8673680729915887	-5.246907020317298	1.4358928370536266	0.1385977481930631	8.212173764842836	3.3547600366147647	-8.482871315855382	2.9726556711646945	-2.6375624461485807	1.039323791241342	2.954097109939957	8.287735980620624	0.5818280729008779	-1.6846265099912399	-1.9567755020943622	2.6222106920733332	0.42118928525187654	-2.410259119621912	-1.941493547474218	-1.7204536485326676	-0.9501107306307006	-2.7120656989078267	3.5953828917712034	-1.2425242934348455	-0.31760855534871224	-1.363233265677331	-1.2746974591588667	-2.713725291045278	0.9929492902165353	-0.21770661723448842	1.437470324913284	-1.0826376662685573	-0.027188884199889664	1.5553717307328305	-0.4595464341357495	2.4662850278256734	-1.2313679350375089	-0.724598223037817	-2.4100879313453882	-1.605005302558437	-0.18666931448965454	2.2702447417802474	-0.42133542486892456	-0.49399853561745644	-0.7486258126076947	0.01240297669600099	-0.5162753591557481	-0.7515399791770337	1.1181278993919337	1.166827126465977	0.693751108689834	0.3577998251220305	0.3282450159183331	0.24486595850569612	-0.23751490373981923	0.4629086912336922	0.3396327595926879	0.602549711098369	0.5063866907415154	0.028275333542475353	0.032028403256888084	0.4995789789263868	0.028792282480953918	-0.08646019073422842	0.4875979959798923	-0.5692705106701144
DTXSID1048203	-4.971664820658724	1.6568433117183408	-0.6553247790565637	0.2776952967501227	-1.747694254392067	0.030001066184202327	-0.3067767529114693	-1.8057778401099802	-0.20522231112898887	0.8982177136618947	0.19727046576903626	-0.1599828036069389	2.505647580107225	1.1392722238062292	-1.0167790836647699	0.04417781356555082	0.2606014212025006	1.508934524157075	-0.15521341762584534	-0.7398791366804242	-0.214035346371833	0.08654205882046662	-0.47656101571723924	0.17701050255713	0.325064331153779	0.6809290441011401	0.974945578776443	1.28245987066687	0.2592457660962071	0.6967275012339371	0.27419854232839413	0.10853594659865476	0.3236462280139183	0.9471780257547482	0.2886090433705525	0.17880826348635206	0.2508854563010357	0.24498698431564675	-0.2624743402950828	1.4191378126810748	0.33006105808471764	0.619994224300699	-0.45508904695792446	-0.16208636983992883	0.13457229620054853	0.05145309964144516	0.6433155787217505	-0.26927277735757565	-1.221952388603785	-1.7454137034698227	-0.5238100288025986	0.7796653661139351	0.9330143483003589	-0.07432907354982818	-0.7446094626543526	0.002431850403015027	0.7012562652786987	-0.3266721427188316	-0.5619336037879032	0.058825725663072356	0.017994725484092526	1.0763235331754883	0.462375589377471	0.272103918585139	-0.05100748155980907	-0.3681160956435645	-0.35749955161411595	0.1340696156020028	0.3485269393288515	-0.4296355050950091	-0.5959714958880455	-0.13153015946595037	0.38322604844254127	-0.015425668680506129	0.32072869486165856	0.253506378623197	0.43033913797802054	-0.08452271727393115	0.5284238751833255	-0.07861756761192226	0.6051670152918411	-0.08556729167380295	0.13464070091750552	-0.41696873831559866	0.239458679077028	-0.5157706102983719	0.08269430966726453	-0.11449655981992296	0.6069374067955563	-0.32539864123521656	0.32501676347000474	0.24239011987622525	-0.0797123487638155	0.1860572473114587	-0.3580957811508123	0.048450939818817367	0.18292940838695287	0.010509698098876105	0.04557708985272058	0.16702462010427696
DTXSID70379270	-4.239944835828292	-2.026708908903003	-4.483439353012384	0.8132015648542171	-1.9995309582924299	-0.2890616478251167	-4.731975392256914	-5.220563525225992	-0.7651819071514515	-2.401662820854356	-4.302912737645625	8.318754232443831	-1.8325043534574388	-2.0647364807532864	1.7629455496356738	-2.2325518790492436	-1.448479032554507	-3.8245004013070854	0.6050766461348182	2.645012458401171	-1.9270134137207693	-0.777523983979291	-2.1228511616570676	0.5888743996011577	-1.3808439034653561	3.6110894282599624	1.6632494217729528	1.477484521668866	-2.4426825725718535	-0.6513575608634011	0.5842644968629865	0.48011528811600923	-1.525274701604085	0.9895645153379236	-0.5721105645629951	0.5521158406614805	1.6327926754583835	0.4834048510480632	-0.6436222579560628	1.0734576121595345	-1.4939221097358175	1.6302660960879443	0.026481835076353984	-0.6817426935182177	0.5454782367373477	0.5069990822509242	-0.40788694135744014	0.9589433634032236	0.13770884156562743	-0.6971478761152966	-1.873831463537156	-1.1106023171181962	1.2465485289044285	-0.7016076999549936	1.068206397006699	-0.7027978360470097	-0.5222057891351088	2.1397823399903757	-0.686303236867716	0.22675577157745794	0.7412733888786284	-0.28052497505635166	-0.17398384367385605	0.225667417804145	-0.16906792816242952	1.0683734350341774	-0.6323487948577352	0.9920002991623613	-0.9623492289561413	1.1360747798922382	-0.6422156661208126	-0.3140924345925693	-0.832905859523592	-1.2118554303061726	-1.0802860274817665	-0.3265120904400148	0.4278326504493855	0.1301809390957318	0.3778357306133171	-0.2357974924388516	0.9679442268317072	0.2747957288213695	0.1577976363775822	-0.6672999263964728	1.1426771871952945	-0.9061682578318259	-1.142219845707564	1.0404673999461231	-0.45699421606114127	-0.36166216728325085	-0.347036027246387	1.3891977318350712	0.577614117846419	0.43126731526976536	-1.9026621597395004	-0.03366660043525506	-0.6229848509012857	-0.9252829169620316	0.9900974562031832	-0.8292312002770296
DTXSID9024726	-7.300460760159234	-0.487804293586772	-5.169599932106426	7.102009136285947	0.3341936006023389	3.7827388997987024	-2.271934840859242	1.558722910987647	-3.0256360863986576	-2.334288407864457	-2.389787093140912	1.9076964384787292	1.3387391699161115	0.7551183720791862	1.5851266901840972	2.421544638701909	-1.0266947449944201	-0.6154726119226545	-1.6260228087314796	-2.3448847165548234	-0.5084690469758797	3.330207020530569	0.11505502526381789	0.191626753468675	-1.2830368932665241	-4.491613742830025	-0.003393019740182015	-2.6195473521791186	-2.157323796703067	1.1611559345596143	-0.06168299186802415	-1.5406639138765301	4.930916299110188	0.23367143876600038	0.18432266458273094	-3.571403090311478	1.783237566797206	1.685597944836528	-1.42186359362603	-2.077080220187354	0.2312261728760522	0.5650548562736848	-1.9384740701568361	2.0700208519889025	-3.720725566696961	-2.207403621113714	3.3894378045194573	1.193837265296805	-0.8704115031838628	1.913154357402703	2.5687818973374643	4.881591348839449	-1.2443477955601254	-5.0749075715312415	3.6521208655624133	1.4033165853416902	4.130604946982908	-2.847922041014712	-0.967774618050545	-2.4555306139539366	2.7148001406376645	-3.7506992656847933	-1.240497910520956	-0.1528609809760857	1.418888522087379	-0.44925497902834827	2.659036231419755	0.670830354794146	-1.2144971132467623	-0.6123258457952993	0.23674644664086653	0.6784278401209572	-0.002633573554112042	1.0003419437487344	-0.22872526954695532	2.1194636206131667	-1.1329271262961207	0.9693495808951154	-0.22322102643005579	-0.9896474568175003	1.071548528239804	1.1741820587262028	0.3163843372576917	0.8006239322609885	-0.29971915230475316	0.8144776823406203	1.3177186355081862	0.9339655922335043	1.1650270973948842	-0.3820809782786525	-0.1324668591921812	-0.28177669597291377	0.26535528791511725	-0.4403618063353106	1.4860485460920874	-0.16222121639289483	0.27044145846410256	-0.9057021907679044	-0.00838327401298933	0.011443944428612157
DTXSID2044472	-4.759640860457467	0.9027224780436817	-4.514708014799984	2.5256255869753934	1.2374628233539442	1.080085599509533	0.395153489486248	-2.974248569922993	0.9157945530968129	-0.31551865426755055	2.3670374432897265	1.9367540217218526	1.5974618392591495	1.1496531968109986	-1.1936289904861044	-0.5401161263123871	-0.2781655669559241	0.538095504466842	-0.9560513628402593	2.3876089567259844	-0.9272450363838344	0.6768368716472417	0.9351363369715942	-1.003167490672973	1.135825642252717	-0.2988658798122554	-0.29317053902405865	-0.20163286473924769	0.06854806172637884	-2.258929325461668	-0.10982455560752405	0.7599178219076207	-0.25362515667161206	1.6057724000987452	-0.023052416599137034	-1.0018250721896638	0.5550266664557504	-0.012664606752053359	0.38675038036578263	-1.1723665660180007	0.346439985650196	-0.3812084382754203	0.06615974507765261	-1.1019696429712045	1.1233575710628114	-0.38994263162864495	-0.7262237054556127	0.3733208998854246	-0.04228523006122562	1.309272831452686	0.09492518279687573	1.0527812752107044	-0.6152019985935337	-0.900247346716945	0.03158802932027573	-0.03743476685467097	-0.5047694147860722	0.5372658144424276	-0.7223728155906711	0.7164886649819019	-0.09352309832671955	-0.1835215501711076	-0.4788043425622368	-0.14196904016136916	-0.5672137568112753	-0.5276956626779352	-0.2661861771362187	-0.40671592193004624	0.4628734056334803	0.46696150528622316	-1.0472994381601668	0.22286391503031297	0.38992651771262443	-0.09961330110749393	-0.12808595772345052	-0.2713097609545483	-0.5712225446513781	-0.2762373380118895	0.3310136385207118	-0.03113897550097475	-0.3557038510483917	1.1029323832965747	0.513187834803944	-0.050995945134829704	0.03197258253852421	0.290625867022237	-0.6171364829094117	0.1242780404800273	-0.45158264706933615	0.2150673996762152	0.04538164507117725	0.19372064205430412	-0.8891435741323896	-0.19727835950425052	-0.03381532780820831	0.25427173394621705	-0.20970597511063332	-0.008177827502182647	-0.003655065142658285	0.13711139653221255
DTXSID2020054	-1.8142546734174634	-1.6595638218352504	3.152864379784037	-1.6718369839653018	-1.0156802376272938	1.1555317622378198	0.0040975505229714215	3.604786764397928	-0.178046646663461	0.44212944283856515	-1.8592321255288196	0.3016968622729133	1.821005835589744	-0.30504271799642246	-0.6723252747683246	-1.258370574532397	-0.6304308407107649	0.33389169881948927	0.5577204130456043	0.6131308006548739	0.004338810664588304	-0.3415677860852489	-0.7421516535794785	-0.7042935917598299	1.6831329884534227	0.031217420040710212	0.5152247162368054	-0.4828257921437362	-0.5987394153364165	-0.4689235459117643	0.006588033960559603	-0.9400384374604789	-0.5266833944789383	-0.516605621761619	-1.5776596649096422	0.3398368999347505	0.4209091611880634	-0.3783624475496417	-0.4598508523717374	0.19606580782087485	-0.614134039051699	-0.6815068310962008	-0.19478602367254078	0.8610440093587663	-0.31235743442199854	0.2945863832051596	0.2728290659297735	-0.2582410735614954	-0.4864997899428334	0.3581762410263248	0.18109811724021735	0.7721998370487687	0.4597999157817207	-0.14750522380716924	0.2271887375823509	0.6419071963923999	-1.5258209326777676	-2.100010330903891	1.878577204077312	0.9676591728872416	-0.9236414363018469	-0.1882492049191117	0.5432343052836193	-0.5518124547091725	-0.32729477748832425	-0.8304276678516566	-0.5658027401296302	-0.5024337686422544	-0.14317448800786706	0.33555039898324074	-0.18943408196103156	-0.9307917092636669	0.10308052884456423	1.3944218130152055	-0.6397354938340162	0.4446014334974943	-0.45770065905070706	-0.0760420452503703	1.0295695995639367	0.4086955319760086	0.008071448562571106	0.775212936109796	-0.3631614820880714	-0.4127537839593119	0.8225607893217002	0.19763370340793657	0.5191760957411905	-0.15886948591385883	0.0814128766789831	-0.7425542298730464	-0.3062742132421003	0.45931688910147855	0.06913661375374332	-0.18288158768712184	-0.5834269157312586	-0.6128276395299875	-0.9493032738608166	-0.5735610643990051	0.16896221943980194	0.36673070246981676
DTXSID6051778	13.029911831670976	10.035930873796067	1.0580197578059158	2.5268325056569667	-2.5014062922014877	-1.4154695273953715	-1.6409356199489453	1.8322244532435197	-1.1840709163188365	0.38307913077660544	0.655488458947942	0.5077232259561852	-1.0723043250008453	0.36751657307840657	-0.9688756349427559	1.0917159441117208	1.274139263471675	-0.9597972971164864	-0.06172360714264834	1.672222784069506	-1.1186574015702033	3.2079852682625924	2.0747566742490595	0.39813050468446054	0.10757825298293673	-0.28087270988154744	-3.130702166124237	-0.7223715351267974	0.2659277403788635	-1.3089543399218038	-0.9297556635731016	-4.138855608887461	-1.533315067529347	-0.4061533850197784	2.0773417099154683	-3.0608478357478273	0.43326231572974444	0.8243145174160318	3.838476878039473	-0.14132599045347002	-2.9701189384713476	0.888278787883248	-1.790783827917271	0.18820328354345103	2.0534198913262878	4.965685802739931	-1.7005099992537607	-0.5589207368893737	0.5569824819630191	3.3973541918425885	-0.905304239947853	-2.8260847586447326	-1.8601830878216046	-0.9854930441682997	-0.5896273451455265	-1.5308118385384801	1.625013910016466	-1.7659707085298335	1.0700361819763775	0.5175877377042917	-0.8467817677665131	-2.5738378589835045	-0.9855925638204375	-0.6462341490291068	0.2678481015001295	0.4128826683626139	-0.35897857883057416	0.435941024819169	0.07424291107423658	2.0576058758859204	-1.827397960537468	-0.8146843470103321	-0.5233692837881389	-0.29345387162730413	-0.754094112972091	1.0574744363477853	0.8562232037410424	-0.475100816323062	-0.6803908657919144	-0.9527623296073547	-1.8056598069851564	-0.5982812938122879	0.9796580633628158	0.6228706950022954	-0.07937843418239672	-1.1540809918959796	-0.790410772651481	0.027098313682948055	0.3160597440089248	0.2381341713389125	-0.10584995395976819	0.19339396627800726	1.0778911142267815	1.2364007520374427	0.09151093030897295	0.24340306557299118	0.3755079747789438	-0.9135006644377428	-0.4815633036479723	0.0408859705889538
DTXSID2044844	-3.3555245811167813	3.413484470886197	-2.3531842104073	-0.7651495932300357	5.524519766091243	1.3627058838351904	0.43206441963049586	0.6251426465957127	0.40731172663422915	-0.6925535399898365	-0.994094496468744	1.8919684638052896	-1.5555325820594892	0.1763952358502413	-0.015430718345084875	1.216632205674261	0.6164791646338478	0.25364201464772673	0.8017579352192815	-0.2768704542611903	-0.03441714265213924	0.7224408428362047	-0.7054290486171083	-0.038282747340953785	1.18747133305671	-0.3042660454827633	-0.636963386515335	0.3229158120133402	-0.994897109047124	0.5068861495933348	-0.1114435650095903	-0.5292635672364426	0.6658362653930654	0.19570695927475065	0.2554760270941659	0.2847965871602095	-0.1514376535904645	0.28621337981944356	-0.16916860447961324	0.518694640612319	0.14922438564333673	-0.25562901875439126	-0.6818992256731652	0.40596106762174194	-0.018544469955959847	-0.6844511691863795	-0.2575852923495229	0.1922762930853147	-0.17217946289335337	-0.3697728511575192	0.23515236121299227	-0.2334435088308236	0.24639417613897904	0.1629918140852281	-0.0685173136786031	0.1503480106264464	-0.2099231032123025	-0.5509725302770447	0.13996130286443667	-0.19411862800369997	0.15297152320390253	0.29146850518112677	-0.3215019865778377	-0.488874891834528	0.2834858285592087	-0.5731012436172858	0.5595550984568319	0.5534272431806797	-0.09270286337796727	-0.6605708693237117	0.030988615060608498	-0.6643383612742756	-0.12105403760534973	0.4601928258643268	0.5277220766485187	0.49858206741091826	-0.19618510650164886	-0.2650163526281687	0.4448582488762943	0.13619705157851505	-0.018884417968205888	0.0077988230029708405	-0.48016043379500895	-0.296878816821169	-0.0014936021842841222	-0.24644749686884249	-0.08132385590314409	0.6075803662221065	-0.3167862462957332	-0.2667011625983505	-0.38305633112488496	0.22333211346492643	-0.38648042172445374	-0.021151052032279946	-0.9583410057951336	-0.22565908578794197	-0.3569723408535359	-0.2800991545934066	-0.6704493276081789	0.5530619508276997
DTXSID5033468	4.893025534041105	0.9306184257744252	-0.3082761473863774	-3.68443955231344	10.868032438713673	1.8268842770889118	1.120687535721007	-1.1484401598646925	1.6344315288493965	-0.575765860120693	-1.6279429918096675	2.7852376143108444	0.20606834628307563	-1.5229199266510864	2.3411190741515755	2.5037415795907374	4.550045674471548	-2.4736154567752555	0.4734812172378214	-3.3003404344668734	1.3719155152173934	0.3379745077468516	1.122378258348609	1.734412089485655	0.9855255304815221	-1.2602772213668938	2.3664436345484168	-3.292505251827165	2.2006809445485533	1.4829774727416292	-2.373089053400798	0.6474333541702171	-1.4281924723179575	-1.5453604127743468	-1.6814539310528855	-0.4559249318369754	1.339824905527513	-0.40634579630704604	1.0684224782404625	0.12887157679913377	1.223367479133487	1.7744603224826074	-0.017104368052430537	1.6213034341624224	1.2080453599881111	0.4339624219033306	0.6631250689965318	0.9349695920924624	-0.19469324988186743	-1.4320015684900151	0.3084537501742521	-0.8946690952514683	0.054654483420287864	5.159404841141549	-0.20254546954340502	2.399965837146343	0.36892837917682175	-1.9094111405632501	-1.4482785312757536	1.7181455848000415	1.3331999887593466	-1.5553156826206624	1.7072238006172016	-0.26237132173683503	-0.7651270110423359	-0.34011714818833017	0.19093624069810683	0.8362889242687706	0.2696957669726724	0.45568070304799924	-0.2172256937310994	1.5747028812311927	-1.253706709726705	-0.9446113620748795	-1.1260686723559228	0.10449711686283557	0.15743255894196803	-1.0124781734503943	0.8251562696846917	1.0651013444784379	0.35255742862169204	0.9834761135217736	-1.032150094961552	-0.5125360077221396	-0.24955545314526723	0.4609526534829372	0.0584263109798351	-0.42364856109099175	0.4047355316707703	0.0300088838719966	0.22402735936570684	0.0911438920985329	-0.028635836891346064	-0.43616398851298094	0.3390266244486399	-0.10234272298831881	0.08274003967990165	0.2913323213651959	-0.8247049182151178	-0.03374376811792529
DTXSID3029152	-4.7415138161563215	0.12717895646812477	-1.2028655287008536	2.656621375240667	-1.512167799098714	0.2800132272005489	0.7300378402278741	-0.5181448740473278	5.369839226664722	1.4768577579033144	-0.9352822088318816	-1.513147160967796	-0.11692710993275406	-0.06320763833340796	1.7572673011250286	-0.25310123134551443	1.1958680068341687	-0.45019384461474443	0.30870853791653674	0.5862354798196937	-0.045546112698680266	0.3716336480236409	1.0900860578203888	0.12665607079409583	-0.7857925377101608	1.690052268076857	0.02870983188431358	0.32656747552449505	-0.1944975005598992	-0.5539670678516854	0.6877893891406013	0.37724526298076483	-0.03836546326246581	0.09358616681122081	-0.051829276853807664	0.6669838899965785	-0.47233446379531363	-0.18159124488561165	-0.14736918874939398	-0.38935430530941695	-0.12306053489563909	0.06272732063439158	-0.20298299783888446	0.6504568507091344	0.32537153226831383	0.4688326360544821	0.2565895684249383	-0.10471653252290102	-0.17746747481808992	-0.5183088430061592	0.0856055240386371	1.032199623419034	-0.7724575894486668	-0.257492784637274	-0.6987105371411907	-0.39018623750226267	0.6542313545366881	0.17919093564178118	1.0998149414934266	-0.3259451024476569	0.2983978791454832	-0.2718154910457611	-0.46433180055352097	0.8472490731482397	-0.1974474542273425	-0.1530171006561214	-0.3639938834601132	0.3394115158778524	0.2925838782714689	-0.7088795133179621	-0.050178333120442085	0.3081720386194817	-0.38935479945705787	0.05391266932844004	-0.5148914266592703	0.3608813240386952	0.3435878920188427	-0.5879266135037373	-0.33839462159623496	0.06043573235246704	0.6128701645238521	-0.5664602700104119	0.10191990705859456	0.0027892878897457364	-0.038247854488190264	0.20600245415212115	0.049363915786847484	-0.36005244983736157	0.435368857478187	-0.007440562401406734	0.1252451777630885	-0.1393975660541527	-0.09394792089458015	-0.528146348823487	-0.005076927266007921	-0.3901081204401901	0.4582587398999962	-0.7232543925907549	-0.01537503449582575	-0.9013234211618633
DTXSID2025715	5.549285177121159	-3.240102137180485	-3.1996176237763074	3.2062104157627553	0.08069312881614508	2.316887107351017	1.470262449074965	-1.7412244582798284	5.914132178219386	1.6225960937101098	0.25076093291910406	-1.2787261644802594	0.44056115807988144	0.5403896921429536	0.549719595871414	0.33458710829321664	1.936671412566473	1.2836561444773682	-1.4133375923324052	2.5433573847444566	-0.2654979989912603	0.3444898519085145	2.42528709335426	-1.3668794724823183	0.3865221240582518	2.0978216113906125	-1.2058902013007489	0.41631523343556975	-0.033661963913874896	-1.546832518723004	-0.1169917563896963	1.306486557476491	-0.8267160537806395	0.026118847644244266	0.3153762145166023	-0.825810575617954	0.051808799318655556	-0.7610906705273442	-0.24021622342335242	-1.1906393214959314	0.2847635408106544	0.18907226860066695	-0.04380265231277321	0.49662521324955017	0.24080869935245647	-0.08386330220891672	0.7001687636423396	-0.35998573999683414	-0.9043946405856034	2.002118925892621	-0.7508600588024533	0.9531733955751496	-1.4279855151382197	-0.857611321466893	1.6752606366889158	-0.81643250658283	-0.9458487805955998	1.5084840509561563	0.778484618562002	0.6870741964886674	-0.4424747090399816	-0.7727495150717005	0.3276446734670626	0.7724552588708965	-1.354791094113995	-0.5952088341904636	0.014319259124268156	-0.2160621835676217	-0.5253081957630797	0.872853015621685	0.27056848732692845	0.7258149785878444	0.033194261054037034	1.058300320059978	-1.2842018503832155	-1.458855414775632	-0.9487568679320625	0.020286853907296405	0.8734914623995764	0.6647675874779261	0.10188827670687485	0.9781896407805201	0.08450413461176053	-0.40240439226615327	1.3284646831076743	-0.20935600221935177	0.15772266739227242	0.687090052762308	1.590568366607251	-0.5412785350150722	1.3565113666795812	-0.8276333826665733	0.33718565758261	0.4181764110753142	-0.244337602269586	-1.0992789452405052	1.0964428527008483	-1.052233464850064	-0.8237979937422762	-0.3755534439229236
DTXSID4046286	0.4939173696300296	-2.8540134075927197	-1.6753827657110463	0.4583935755793656	-2.032696278548663	1.0957577683833672	0.0073151177985220535	5.192728598648895	1.161626254386413	-3.7711942243916425	-2.197344900626178	-0.009006536282321155	-3.648274143399905	-3.7780437670954603	-3.2215503494473747	-4.391267861311566	-1.9458921869268448	4.0123533956045145	0.5442682498291086	-0.8862933026640302	1.6127346444992134	5.6326569288429225	2.2202082968866423	-1.5169195195570297	3.2022225914748224	-1.5774113244994061	0.7202656305880207	-2.2797945333246115	-1.95084799722104	-1.2523228243394722	1.8858625721886184	2.797261470348587	-2.539220963062371	-0.40942829792628177	-0.24748033662345187	0.223952469455234	1.2091084625304742	-0.9105049605302284	1.3577077509738336	0.9529553044581505	-0.96183781179628	0.5035809418617765	0.3039123413860979	-0.13355269093254193	-0.6370583179234233	-1.5281663129596574	-0.10408566236799066	-0.2604861751214527	-1.7541906766856057	-0.39867982203765734	1.0804761305953134	-1.0798150232106873	0.1384878546245942	1.7413552450615875	0.8974053168080799	0.04400654437456386	0.3292399479513877	1.0121887285757722	-1.9888460568177246	-0.3466567450558885	1.8893482811067115	3.6195772821227195	1.1595683394576186	1.0953071310052762	1.27864272881626	-0.2635675330596714	0.17950504270140996	-2.153508290640396	2.4745168793580374	0.5046527867013074	-0.821210928266657	-2.4718434131649394	-4.896559985778168	4.991362601940332	-2.86396099471178	-1.5357973820131137	2.390501865140533	3.4273836612712416	1.9625088959641859	-0.48102203668466736	-0.14274188149801537	-0.07559705939268824	-0.12520392729857494	3.4663790820687654	-4.526312236973781	-3.2054943588645632	-0.245624132734746	-1.5380893638075277	0.03844653879975602	-0.41244158067783343	1.0528697962946396	-1.4633947528498679	-1.0778210488306585	-1.5172155892817372	0.9109768349068836	-0.17273424267710108	-0.8203664619239008	-2.4869862888224623	0.07854297247587537	-0.853869332033538
DTXSID9021843	-7.564897978204186	0.32785698057171875	-1.1675719845538037	-0.4837943722613294	-3.8435358134360196	-3.450803307631904	2.105598229346938	0.3101284154982789	0.7961424840998206	-1.6618818753251305	-0.8028429991740635	1.4924982757972611	1.598627759462634	1.279807164046108	2.8055731236391868	1.934069335824908	-2.0874935362959945	-0.23518264820918786	0.28752306249916887	-1.3639888391824935	1.1722461519733989	1.9808888334472299	-0.057757143289000334	-2.889220412321775	1.716138068976022	-0.09848051645488662	1.207693917563448	0.922900189680615	0.4477635081391699	-0.13784494952356274	-1.1253684606575005	1.0263908717701893	-0.1441722993606612	-0.2210315441800805	0.26641645437205175	0.5133837564086645	-0.8295940201251276	0.26399361575861	-1.1218141469211635	-0.30339636612237014	1.0582313137348782	-0.24937128094952374	-1.8041543021762263	1.9720167601661258	0.16577898686853712	1.6708740459433047	-1.225791388554003	2.0509318793405837	0.4352411141282718	0.6652504887113209	1.9079810676438134	-0.39010695985656046	-1.6350372074844703	-1.9626868629043959	-2.951278829089157	1.3995086168185944	0.45586941917005547	0.8675618168007946	-1.2531317973657332	1.8204032368917704	-1.0243090243020054	1.0915036691907982	-0.6528784673535497	0.9696131337605938	-0.44662232240221617	-0.5149286478418088	-1.2448954781119106	0.01067273629111891	0.5851286434865081	1.0719894207958132	0.5307289414147229	1.1196173338567839	0.33133379644921906	0.03967931684077461	0.1121402825042808	-0.7929299698057394	-0.7018452699621853	0.47680953006879784	0.2801951566428214	-0.49124597468361625	-0.7944927805504316	0.2790314670309681	0.11230020068842904	-0.09925782119788006	-0.9727055656402648	-0.3144412808077568	-0.4469810998165213	0.7305908970112459	0.15760360254721342	-0.2351436909449804	0.045060137197225396	-0.08657322901953522	0.19448354493127443	0.23439652561917493	-0.208161676300556	-0.004035648906184186	0.3220953714212368	-0.11121054869479466	-0.0524713528856242	0.08457413123210665
DTXSID50892417	-3.9279577214977133	-3.0584546425631634	-5.545131891799073	4.047135993456566	-0.6762454970823851	-0.7170203943615319	-3.920223879093055	-5.557329800518487	-1.2207095472010903	-5.4301044884825505	-5.012202424708824	5.040353993919638	-0.8970795399798704	2.587146873562739	0.11965567375193384	-3.237043795778324	-1.7883355701915205	-3.834751163519375	2.9858532213437665	3.4750394030355762	-1.2274026436560597	-0.5399029181952032	-0.7379131857399348	0.22745598188175842	-1.6791736303005678	2.9510908476181705	0.35517785867017476	0.7376961642310609	-1.797620711040153	-1.555027919103152	0.483946337633089	-0.2933012748365476	-2.3646066578736815	1.08758752460835	-1.0489221479599935	1.259985085704622	0.6972386125220644	1.367289558420509	-1.2851260825027782	0.886326768513611	-0.9645037298567783	1.0007541835999751	-0.5074713851596209	-0.7926470777878837	0.5832153830527619	-0.09066158951457587	-0.7383428014028354	-0.22729478201689104	-0.32891731513838635	-0.48254315661495034	-2.110451982082219	-0.5961469676974804	0.8660121690738863	-0.11309580234530382	0.25687825904533723	0.08727107150596179	0.01584547696702547	1.0819197498057558	-1.4125325152864674	0.13320254979538446	-0.2583213125204534	-0.9636327827336435	-0.6049868938416361	1.429255205045305	-0.23900285407429098	1.1577493132477081	-1.002116909872286	0.2540709315874806	-0.3747759184925465	0.6248907341487305	-0.6493016998857335	-0.5093610175281797	-1.3656404994152038	-0.577811805461956	0.20331521335592553	-0.7925445353873979	0.31902598934250265	-0.08052707011403883	0.6614366136041329	0.09462183780545334	-0.17999713625779296	1.5432706189486385	0.9879718200589966	-0.7897916899377542	-0.07648895518043113	-0.8168196822592655	-1.354425175945517	1.869012313316661	0.17441542750114553	-0.4417128623132739	-0.8885891424780968	2.010860834434124	0.9954033586159001	0.6644904436089613	-1.4200572968172855	0.8753020397711622	-1.068198864023588	-1.1854513391712855	1.174049153396157	-0.7475281504486894
DTXSID3021198	0.9585360445556876	-1.137187601202406	1.724058788047146	-0.45259462366602715	1.0291068048692757	-0.6449790750542066	0.13271260742059876	1.0374221658644458	-0.24252879731961544	-0.5392727329880386	0.3907037207859212	0.22133723550143677	1.716650393431904	-0.6884403567176766	0.4529356453654968	-0.17388498325233476	1.1394087084448923	0.019377152344734475	-0.4076941540964562	-1.2290002085442349	-0.9366102755034925	0.39796532576111493	-0.9526445969983528	1.0087260761421248	-0.06194326917613594	0.7064346323572771	-1.0171043912413733	-1.1775362435303267	-0.7824010477226824	1.1067308143195524	1.099303441244389	-1.1549239011949812	-0.021439230451634563	-0.04514793215410668	0.1936208704596608	0.7553380743483419	0.9196963786293842	0.1354110170973259	0.4525333446154897	-0.8497480448078761	0.49614369849339823	-1.0773142562515825	-0.5614640381174222	-0.5818570610160315	-0.09994333753635799	-0.18519622001677524	-0.22751092961810365	-0.6355378045686362	-0.02622686781766291	-0.6595352960646848	-0.43238176617263746	-0.7451194972752713	-1.0529173307839361	-0.0475418497219705	-1.2444881166859434	-0.10998389052698634	-0.9649692663518722	-1.1590033060247162	0.10722876072701497	-0.4600984856087823	-0.8093626882717252	-0.5612929144966592	0.5097738911018734	-0.04997143714059449	1.2177507374536105	0.7174476711480577	0.5217837329912434	-1.1237158749811635	1.0008166701267158	0.5306203046833469	0.09267133705748183	-0.8855012479366506	0.03741783459457119	0.5297503830308745	-0.1678788173590023	0.5761594878303328	-0.07813994835243779	-0.4967269949404401	-0.36130040770709315	0.03393212469536265	-0.3857422416619604	-1.3300304075288425	-0.228113507953996	-0.6565619016169988	-0.6781932452251017	-0.8553010415925028	-0.4247105189332899	1.0268122864284812	-1.3669525447993118	-0.11282288774910303	0.6756412373553025	-0.5442812584389162	0.9305281016761515	0.6383134766515304	-0.3064109327587611	-1.0959410391714957	-0.6958839273558156	0.2954232307818543	0.33377444177762544	0.4789158037136422
DTXSID9034650	9.56856917945302	-8.559435979500659	-8.894294380903064	1.9939406262754844	-3.4520499499797106	1.2353819009344842	2.872626133323029	3.7822882382089666	1.0844302239252275	-7.0269947174188525	1.032584908620485	1.1282290672448405	-3.329662964571926	-5.065011316421664	-2.357826478962688	-3.4570669272107692	2.031778649054236	2.1086512644824738	0.07287399900499548	-0.6112233683622493	3.3456439603955053	4.5106474618815815	4.306695417386019	-4.245656669433019	2.6398630760770754	-0.7295738098351139	2.4576236393072213	-1.3875664432133792	-3.750669028604913	-4.381442518837394	2.406861109212945	5.235481080634057	-1.4344152005150441	-0.33506809351756556	0.46422029208784044	0.42037067820043444	-0.6573811268251496	-2.039895407733058	2.5574685884162025	-0.19066392001401583	-0.22497643822429375	1.1127215455741069	1.3140688044802145	-0.03872654698853048	-0.8841719855210253	-2.4920577113188096	-1.3861028018646409	-0.348789095902875	-1.8397145410277138	0.5041775539450016	1.5167688093799048	1.0665234162919857	-3.202438653734216	0.7843816771502458	2.2440284706047926	-3.5236000923900903	3.1605359127020103	1.8565425346505853	-1.3023944381988357	-1.5272439652423673	2.4839460079074724	2.840540630769117	1.9301941810171235	1.9903381135576708	-0.5344438976879062	-1.5415807715972265	-0.16246229086848707	0.36016976735060935	3.0845258956596333	-0.25305903165695004	-1.0677218026295217	-2.6194742442548153	-5.293352225341218	3.538747511835159	-5.165732773607469	-1.512662247721126	2.430562586655053	3.32071473466833	1.5713188039285482	-1.0089864812101887	0.5520117878593873	-0.5554587697157531	-0.6819679344887106	4.305479779380836	-1.9286712511977258	-2.3891590808541605	0.6099933249805579	-1.9807417430322622	0.9231120163175367	-0.3319404566349138	1.1688284659125299	-1.0416694830698094	-1.131161140631596	-0.6174510264624918	0.3190404707508362	-0.15031856895457732	-1.7272584961057331	-1.0235784984726164	0.05038400042665314	-0.5587990935954142
DTXSID4046109	2.994038764140309	2.9087501534729503	-0.5112226105122026	-2.2181109197287006	-0.02686819486200121	4.313441694097589	3.4489262246245223	1.0263407276279866	-0.6280120568814948	-1.4610355614998911	-0.4977520454471331	-0.8853187352777137	-1.331243540915494	-0.2981785044523232	0.4402296399527985	0.5297750861511588	-2.5024358964738913	-0.1776949300225263	-0.2330829536686266	-0.6075301248793924	-2.0066985175873984	-0.33950070045332637	-0.11350169411199888	1.1824235852311924	-1.2317473698504435	0.5897612585680739	0.689698539605999	-0.04763228685080567	-1.1205586646395622	-1.752587577845852	0.8352939393953949	0.9435787358857233	0.06950516243036613	-0.8400263095907747	-1.422907563051023	0.2881301082363233	-0.21421839744643995	-0.21907836432690272	-0.5982036394641949	0.9117864331768909	-1.480196420527487	-2.2171553628233087	-0.5975927370855216	1.8302015794946882	1.8336838536523863	0.7692842502020987	1.0688219712313825	-1.9040846186942022	1.185046480862563	-0.7240601249118319	-0.47106415918380234	1.7365009684439354	0.09335810416577146	0.7504708411613319	0.09464948018778079	0.9296838155952009	0.6652425375594605	0.8546493543889484	2.1609315684099704	-0.8152796133420979	-1.3886701194452185	0.4061312721121367	-0.5748127973052283	-2.031327557838464	-0.17063857695104345	1.0161054088534487	-0.12782545962001657	-0.1488912959362122	2.7176866709135594	0.22183210230024147	1.237396437333908	0.8325373551790917	-0.5730625336686189	-0.0740347461440953	0.5116205630397034	0.09847574561625771	0.14028610793640175	-0.5886985596909298	0.4140270068214686	0.19669601608733564	0.5925591394465167	-0.42092957714998663	-0.6238785616612748	0.07149186271231299	-0.8006439105350992	0.8842040428170398	-0.40788869595769284	0.027891985746303864	0.23448543705456507	-0.13306508410466697	0.2997498594172517	-1.0006809233022278	0.5575868101395576	-0.053484669754009735	0.0386864131087487	1.1765099357538822	-0.08433343396934899	-0.2264211210192619	-0.226290604365027	0.18822431687352673
DTXSID9041861	-6.594802103064068	2.0633379556936053	-3.6887357190649577	1.1508335319492362	1.5581873482849846	-0.5299822676903262	-0.0012364300402751276	-0.0006951987189575659	0.16003509326177445	-0.009735766907440149	0.7039428842658618	0.7714924438406461	0.20214793153114427	-0.060601565556015195	-0.6905158802270187	-0.7213638919695217	-0.7725316374555027	-0.3854167116059388	0.04998105618154109	0.0501435115898318	-0.8178542912651694	0.15678414794712106	0.33803537699685793	-0.06698802253038788	-0.43521591600868653	-0.046433272039817355	0.16986650742672751	-0.08823395444378106	-0.14928759721867235	-0.13614454222542424	0.7275767624203898	-0.0999086712444047	-0.17685822011800897	0.5677367562965993	0.06789051173280447	0.04852495247584027	0.3872250256089551	0.9501467761552093	-0.45412792907913957	-0.4817554473655619	0.16098682524327182	-0.007898988721944236	0.05818387371006616	-0.7426527443133396	0.48191992898129266	-0.16891699990069645	-0.5182487502316269	0.21789883320795117	0.21266265961831365	-0.2676563257216754	-0.22249856224280323	-0.69678315503555	-0.0725903024383939	-0.98930313238691	-0.3654877783334689	-0.020566801799131937	0.17248032502212662	-0.29912034962170647	-0.48230734241253387	-0.1838742289628887	-0.1727737231433605	-0.1810287143358175	0.27652620274818906	-0.104449231478456	0.36826352526301753	0.1555078784815768	0.06868242261750371	0.1966166148139382	-0.19061762960859452	0.7818648417654129	-0.6922963760567818	0.4835505211181907	-0.13580425954914827	-0.09535212127890182	0.13530291613333753	0.07985671837716755	-0.2446586370723582	-0.19928280215566094	-0.005312928765790531	0.3392139868048889	-0.24763903564346249	-0.03999537339320518	0.22147093997258208	0.19823941479327362	-0.07594342731447823	-0.05734686553412343	-0.3857436885105214	0.25445012169685466	-0.3461911173911175	-0.09322623305185074	-0.4060933691684928	-0.21927731924588567	-0.4449750012511521	0.14655876684441776	-0.502310914492148	0.4192143482550873	-0.9650965411461583	-0.1623602801647473	-0.7750330793300572	-0.2132738622206233
DTXSID8024317	-2.5702523412696827	-0.06852412015016789	-3.1900100612137785	-0.6185510572374578	-2.885326990813031	-2.8260674466716917	1.124678173763791	1.6356148273188231	-0.1309589186867052	-3.0130669677906496	-1.40287571644144	0.574070645920703	0.07534057283748079	-0.5367478778179734	2.5997834111110114	-0.9404297509813058	-0.12696407766567097	5.726394458712975	2.9874893994842737	0.008416548210954368	-6.265737872899442	-6.848858561477259	6.261089520450259	4.416820764319825	4.569695842223748	-0.8856694889353544	-0.14393090640164796	0.4204582693601613	1.2627700949561338	-0.16003317148614393	0.09458932158234193	-0.24477867810425902	0.035313786646688154	0.31346665911139293	0.8815950833368118	-0.4544012061838509	-0.7317374590918758	0.01497428818178409	-0.3783850854285494	-0.0881025309269068	0.8879035330811305	1.2411981209145564	-0.13613302594006726	0.48801048676284003	0.38298192106924367	0.22753411168274218	0.03631785327409085	0.8410683892473582	0.3959140710546328	0.09534601691522487	-0.16126379993771683	1.5679806744773779	0.213854261805573	-0.5631263390983297	0.4080367368552203	-0.4892399730473735	0.27322693885228566	0.35366932040992516	-1.1759520306746	-0.2537916047289832	0.43590832287879416	-0.7788696703886606	-1.5852193685809557	-0.2879057277131845	-0.44001702501572687	-0.6435323367714698	0.2701871421340161	0.7071890721350027	0.26882695235894155	0.22952300335044934	0.1872551565902204	-0.1643771830199662	-0.06037161302642568	0.5992920505513293	0.4982234999848	-0.38553438194099604	0.9907212513393174	0.44606510767042024	0.18016895558056883	0.5545951096966573	-0.3746070016180003	0.05519248065804399	-0.08441426877392152	0.7577303034087081	-0.5554140422393298	1.010643514560477	0.40340504735923777	0.38670401453336506	-0.5588300337876302	-0.6789490243846781	0.18468505791814147	-0.10907881873037452	-1.0488799067521275	-0.30620061318827835	0.27815211033877907	-0.28667119842833483	0.5418172892469065	0.5964460733787903	-0.4604509985045789	0.19652887923121573
DTXSID8027537	-4.6164352486734455	-0.4525622689192123	4.353518016982755	-1.2647218954660548	-0.11581020356410539	0.8858264318248807	0.16044572817962519	-1.1194823217727838	1.0052972343550175	-0.021472461212009745	1.3820899825857809	0.41055290796556065	1.2119281555819839	-0.961361394073154	0.638662264420475	-0.2059471968333166	-0.503604724501738	-0.03929380519693846	0.6260775987305299	-0.6596877452112414	-0.31971292460339473	-0.16349210533664538	-0.3524736817504435	-0.17185399894621353	-0.6065969871958891	0.03137412062802951	-0.7322890096094629	-0.9720062814325862	-0.5897275924264447	-0.10149163828438426	0.2197075785115763	-0.1063359522327508	-1.0425614565071595	-0.23148750018689562	-0.22401162153837156	0.8579189720320203	-0.06391343729792935	1.0405228950321506	-0.6230003256785824	-0.0526092039126296	0.9973159146571353	1.2431851345748814	-0.5017694406693556	-0.1357115997412684	0.27193069562924227	0.4726135116084452	-0.4626368639391218	-0.08871931565934477	0.019016055484374534	-0.07145327429071585	-0.36599176415875956	0.3113644846676699	-1.022973611544004	0.29482596452414683	0.7122535002215318	0.03134646659281803	0.5261691970498541	-0.06950215050259649	-0.6219026655632721	0.43051541743789074	0.4436838250010027	0.3210333818975916	0.49351859373371215	-0.5033570139307254	0.5804724298362817	-0.27783171622319147	0.08643727161679392	-0.24302646671682288	0.5175712210341247	-0.3062882396348493	0.14213433833758563	0.25921541076333976	-0.0705338597987493	-0.03174509539847989	0.2114665077459524	0.7716137213174009	-0.13024154664519746	-0.5451380738419392	-0.35045218962974095	0.1170385870277972	-0.05534140915996437	-0.0907083260989918	0.04171937790589509	0.19505164746437875	-0.026960767202275082	0.3077659561537125	0.44533344794954927	-0.17899164682285737	-0.049264511738512984	-0.15393931728220928	-0.05957617168195319	-0.16190781477028676	-0.18300098554121288	0.24745974133341062	0.0262371096312503	0.0673420595048867	-0.08302892217167301	0.03534114361644746	0.022896871956592096	0.06813316884681181
DTXSID8047264	7.224144912108107	-0.8816875756906833	2.267721140019909	2.3325217794832476	-1.0767691793226932	-0.6869362055278878	4.227041809659001	1.394480364354485	-1.9677172208947404	0.6287276536643355	0.022819857812678222	-1.626270979358343	-1.4764648004124417	-1.3744988594558911	-0.9105140266042372	3.6987466583636035	-0.38755044384969206	-4.45320135597602	0.48347334395583846	-0.8035991846219261	-4.485832299602359	3.038117098760678	1.8548160054961502	2.5180421426557285	-0.8476286661757567	0.9353800732065539	-1.7914318087210022	1.1151558342442411	-1.9938357976228085	-0.05853647953972732	0.7162245645499103	1.0375346868212594	1.4397456363632992	0.10362221368717975	-1.5713649215589687	0.9499625836302237	0.6529158423186195	-0.6832344494229081	-0.4516985355713466	-0.5312064279813157	0.3110130187379402	-0.010104794657964794	-0.11513998675370204	0.25761621927252526	1.34163231925518	1.9552236265840495	0.25808182428338033	-1.0575946957806668	0.7280842442631649	-1.7582020855250948	-2.7591362590665693	0.5933924943238569	1.2443565068223914	-1.0129689306190535	-0.49719950160255766	0.14192546039520443	-1.633103452760174	0.5358891272595511	-1.1543963352017315	2.11055247434778	-0.3974959217680799	0.2652650522881592	0.19183344251804854	-0.2727605871160375	1.6440421905232927	1.3673705213791294	-0.29913783850181097	-1.256983931754937	-0.027383289155148982	1.784499313979434	0.15724774608637632	0.7452017690248747	0.19240502336227885	1.007065041552714	-1.2100412380441745	-0.05624734854007984	-0.9450868300185481	-0.004437801338517561	-0.2817261855102911	-1.358254017694702	-1.422670924330113	-0.5974512196979085	1.5302376786294547	-0.3492916876240603	-1.1722696737682792	0.262383819923519	-1.5068640950071925	0.6671347332075499	-0.4392694040822783	0.09656849381538081	0.07838430514828854	-0.9611408014267648	0.8755844984828252	0.6656161506404084	0.6250301662500417	-1.1138844869183013	0.46252125681607215	-1.0869646740836096	-1.1321721015487478	0.16266061687230693
DTXSID6044303	458293.7639215512	-155372.359396469	-40429.09412141608	684220.7487103954	178937.91886345999	-162993.01988322855	1247213.3260601654	228643.4182939252	-301867.4493882442	1457350.556864252	-475263.4716152877	1256753.3268024805	300554.7072020636	-107841.600689588	389103.4251120806	-644337.1800519192	-410009.09571028815	674957.6030032423	836215.4384880883	226759.54792885427	638205.6337235821	-312803.62249430263	-421216.0601571831	104936.78532280437	-244722.96691741658	-419154.56150577194	-207136.66450966336	216317.00842212464	50809.145725171424	184091.33509795755	60080.68976068429	289218.3488868564	-41747.22156628306	173593.01782379494	25594.96139956777	356815.95516155695	-96646.93235015927	249413.203389492	-204837.35449136473	70295.6691996022	-18605.79727398323	43592.59822957315	-89019.76241339538	-74080.15430121946	-29520.28218367459	-24218.94047294088	47013.050259666044	-171258.90838482065	-23450.38213774484	114237.06917247253	-15919.386154720734	-284298.33304169547	-250139.66938402105	-38178.52993186472	-60945.7605046864	-97844.75049089656	356588.1370899171	57133.89718784429	-527073.302416567	-191138.5742545798	382056.6083867627	-366459.4036023422	202801.79318266813	44490.19977934771	-310954.51098161354	-997080.3675968234	-88068.52070642376	-396602.6133801352	-318718.6771856401	118478.76887935853	-351148.8004462167	-597214.6009073124	-113779.52873856385	-148792.86668481646	149803.49297451734	212154.13113337808	-616393.0745222163	52155.606117712916	38248.93216879326	-603204.3906200486	634319.9319696106	-562790.9385885478	799498.8186124634	-986605.4617391399	-769563.26839363	791431.8974986048	-244754.01595051543	-351213.6425822234	-94338.96498376472	-235403.32129581118	83127.37114963139	-646315.0144795977	226450.2542987264	-191566.46988411504	26609.591874851372	1406155.720374416	-137470.12791578003	-46217.90841882225	156528.1221866297	620587.2486714122
DTXSID2047301	8.883240665876416	-1.0466738907862287	-1.4737364270133273	0.6022813716652574	-2.2900579451638436	4.733547019548826	-0.9177819660179786	2.509915575047753	-1.673648641356617	-6.128241052294484	-2.6333896674998103	-1.8062539457571187	-7.0695215445788815	-8.317443214145822	-2.59022015834924	-8.449310011090837	-2.827089174834524	7.393724633246983	1.0419954279794312	-3.5546720598182544	3.9592200733747713	11.161361261458474	5.48801038641009	-1.1633209420422148	4.558684433536847	-1.51891998210713	2.223206197133139	-2.3180046174655544	-3.8297076722625314	-2.138349366664901	3.3093701045757022	4.4895866282103585	-3.354234244105325	0.4595256359496421	0.43706872211914716	0.8603111749211727	0.9901141773910239	-0.9180086922725768	1.9582212405918928	1.1029146458754704	-0.5250153369535835	1.6072118738212768	0.27271162512872726	-0.7718185398271459	-0.20285195189127891	-1.3306972429644477	-0.3911852729233498	0.7180026994651608	-1.6078642408300867	-0.3224269990093091	1.036484209372092	-0.30278664040925474	-0.5997223128251167	0.7453673408839191	0.292635240665644	-0.2609700321700482	0.5465631264826923	0.4496388625209752	-1.3800767988252407	-0.506915377436517	1.100741176011964	1.1755248136358363	0.45853041759276586	0.4257653560104672	0.7469316243889044	0.5766996310439648	-0.042142811441876545	-0.7891329538796954	0.7839703601239406	-0.189382680221127	-0.5367663679864058	-0.8798236568295686	-1.4219995879486667	1.0990764447235313	-0.8582126494310444	-0.5924213236176253	0.5243066443569055	0.8217675578274761	0.19857169404626798	-0.17555690592713355	0.12023851581208761	-0.04910589951791932	0.07202596659693912	0.6083936975303471	-0.5840908943715069	-0.531271359888811	-0.11550338465750425	-0.39358694737321026	0.012881123530662585	-0.13189931649824072	0.09212688185591257	-0.13377486311797115	-0.031138506670355684	-0.14814007546932692	-0.03289484413086843	-0.034397874515865116	0.0026536714868372214	-0.18057084429766443	0.03758950477043954	-0.03708859287527248
DTXSID8038801	4.2295986495371585	-2.0791398359445306	0.6275916928307269	-4.040948203982403	-2.642106825433706	-1.4182481371015716	5.573294924293398	4.170272859275731	1.0256904943595715	-4.210789440980388	-1.164416729463638	-0.4068072114058581	2.83346452194578	-1.567172739381851	-2.0549765897637995	1.2925036311122706	0.6061362096913244	0.4050731464974593	1.320534801990143	3.320807416450128	-1.8251993702169664	1.629891780266523	-1.1501290446821182	-2.4758021615848818	1.9107983508626192	1.6058952667428117	-1.0642661194349154	-1.3901023332068845	-0.1719289312010584	1.3552750505696614	-3.025060407814136	2.5525564679843322	-0.029623510254766724	4.229629499975191	1.6993913162542094	-2.021951412421654	-4.26540904361874	6.4940887052500615	0.39839180777257927	-3.792573331386456	-5.611757177225688	4.004394560277819	6.192058405773392	6.468913307535096	-1.4195162086828426	-5.156098867912826	-1.3200500199789436	-1.9967256363987473	0.1945318604399673	-1.4643005448517878	-0.5509696506683273	0.7876583435330448	0.49086275282311165	-0.4798632499721844	-1.957141183375038	-0.48677248936068296	-0.6275427889624186	-2.1342739277072433	2.8248634635961634	0.9210767937908131	-1.8363987341987373	0.6679472842596407	-0.35059522908556584	-0.38483519976691827	1.6561718493409048	1.3464435002398798	0.3041283689605629	0.26046603177661803	-0.05817764039816818	0.31974814999964374	0.21690013088012638	0.7568473702304727	-1.1595757351702023	-2.378680922041804	-0.3364515702631313	0.7101816782879611	-0.5180445321665349	-0.32855027437262974	2.504334549359833	0.8022068429272031	1.3288729486947697	1.633146571830441	0.06159805108241636	-0.1564888044936987	-2.597050329112669	0.3685009589935949	-0.738453300525314	0.4094460225870964	-0.7122582161430069	-0.6007644759249047	-0.3347751558349088	-0.19902424463665447	0.46983532784675497	-1.1907918414690914	0.7092605498942738	0.6226461064636711	1.503430694703094	0.4098925722884784	0.11536798381875107	-0.8402069491144778
DTXSID8040723	-0.2049407003020092	-3.5885623694642192	-0.8007176960304023	2.1341803885499377	-2.950726351095882	2.662896066582353	-0.13780569930469205	-1.1732380687373338	5.412824300996018	2.485430524261701	-4.1501555813089706	-4.6123972594871345	-0.4575021462692467	-0.906769504331232	1.9690518876157763	1.0709911921200779	1.6603510983155227	2.701649657260532	-1.3322744530099104	0.44581338940460274	0.753600849768288	-0.3147515929400927	0.17193700375354876	0.3580966040161924	-1.2193445837926595	1.4140655929283243	-0.5748358170087955	0.8334326156888574	0.13164183753145148	0.7483002532934222	-0.04815295870167401	-0.29285815093185047	-1.2021197976490139	0.2232861006599792	0.24397931441143614	0.029820617463848505	0.899799278066526	0.6016438677410133	-0.0763946497405477	-0.8777487508043227	0.784730860142473	0.612587209690566	-0.4161333422006553	-0.13867962862530103	0.17858065904367437	0.3752149250307739	1.4121996472327765	0.22061559142701542	0.18370666944394415	1.0672255452297223	-0.9728338944391858	-0.15884127774165185	-0.05891123116007808	0.44863612463533303	0.24397606164585087	0.7323053803407699	0.0684029150309701	0.42669410431566357	0.8292230598557073	-0.1467649394956817	-0.5019081284724168	-0.254873824529201	-0.07201069258617154	-0.008850352546707532	-0.2762821585131376	-0.5817262125534018	0.017871178646667128	-0.003777112288059975	0.5256440229281644	-0.07267163959746002	0.49751739833158365	-0.23003372341432204	-0.5404250955835296	0.2416603525202555	-0.02151365559283338	0.3262086015809621	0.23342517102410704	-0.03398779577649618	0.9700978181910827	0.6520282509290238	-0.032709987863343455	0.3372815171498081	-0.1738606216025298	0.06304721379258521	-0.15366175538857535	-0.1642029546183093	-0.12338242923687054	0.05784370742786809	-0.031106807044834497	0.13072940768564303	0.10412634014089697	0.11652975494062758	-0.27345043496396	0.104914846595552	-0.1257142390584128	0.14007351524306305	-0.28911549293498684	-0.10990917517442259	-0.15393940404924425	0.4844943134805708
DTXSID1023150	5.840253352516599	-4.088181057887237	-4.420895199964913	1.91269758888985	0.5151639792126491	1.4312197591039246	-2.5969177944659303	0.1376075947231657	-3.7467882990853894	-1.8879519613678264	-0.8077121646541707	-4.991524617931973	-0.4535547532335804	3.6245711405182712	-1.0080308801296614	-1.9026539881678473	-1.1783804432035367	1.5131091467008047	-0.3980693606516603	-0.19646324363717277	1.5116104608713758	-2.262328482181535	-0.5610657896147595	1.1280681400816066	-1.1647794482597802	-0.9046825983004033	-0.48903492738282844	4.086379772682639	1.831834248161975	-0.6564575321904567	-0.08025150418804028	-0.23218676106713534	-1.8176986046297103	2.92662916810951	2.0269501524434332	0.5016332614418848	6.713403592137431	-1.1898523103034406	-2.7348096518317457	-0.06025815509007756	-1.0338101653063374	-2.4209980698072946	0.2628762368491005	3.509931918827242	-2.1878276892884774	0.4331112004530448	-1.4203707070507323	-1.0034387617834857	2.983751623191885	-1.032101015966305	2.694902480778116	-0.9663217099554023	-3.2750535432238204	4.310265995104218	3.0966731025852994	-2.5370994406268257	0.018386734104645856	-1.9471564230811111	0.3403811421826632	-0.1901579988186579	-0.045744192016887515	0.049781162321628394	1.1622520473648084	-0.41495287769642847	3.055720040427163	-0.6335337705395185	-1.5526864151264785	-2.4857580946900413	1.2569385910853774	1.4691622114603824	-2.5891266858139894	2.601603271772284	-1.4521172708880257	-1.9997147846136603	-0.36015156373265156	-0.3114708995758263	-1.859069932389119	0.3245624790152321	-1.2368312550839937	-0.21743356430131383	-0.6103435879950474	0.18133803980578236	-0.6684797718211521	-1.393457370452381	1.7336015879629227	-0.97681607420168	-0.08312314953333569	-1.3470535442159057	0.8355288457359451	-0.6639157545966384	-0.6570503200042389	0.4713375333122499	-1.4010442326969204	-0.32219763951360375	-1.0561762526811889	0.35247010269643875	0.23390699305196863	0.7231461297505999	0.20290664763149915	-0.4011466826601518
DTXSID7040449	-8.403138122945874	0.3721387702796932	-6.344787892828243	3.0925039865140906	7.771236850653249	-0.26116854919377896	-3.9248539866146763	1.1249592985665204	-2.4932536639763243	0.6817125246385587	1.2928673109019055	0.554982752376484	3.353521574454994	-2.731793455860415	3.566137824784246	3.802042747736271	-0.7835603007195029	-0.944311309915021	0.05342635757679461	4.074221156524537	-2.124067351942122	2.8299182942586647	-2.6469279316059358	0.5813762214127577	2.731386718667883	-3.0906470490835507	2.775068227328577	-0.48162903147055447	0.9679663362900702	-0.21731986200721654	5.627987766970842	-1.1138005520821441	-1.606204586672316	1.7998973096112418	-0.2943608440992046	2.5075575178403797	0.4962607367005757	1.7592163205919984	-2.510278789744894	-2.311676475244646	3.1468943232849607	2.1253735570089796	-2.0866645408127487	2.5816538412092185	1.5722269920409473	-0.2686327372983841	1.405345581916751	0.9732152975386048	-2.121017927887063	3.997574019043753	-2.03224204162729	-0.8130027072417291	2.349164436934073	0.21959171783644443	-2.3246021285678897	-2.904012953842706	4.868669534757243	-0.45544836982660675	1.935055227070527	-2.8138885286772335	4.833956513033896	2.2856306946806004	-2.451935187608208	-1.6429543865917995	3.054838719664774	-0.26141619685508893	1.0708496359520632	0.7511911683552409	1.14623059102768	1.7523776490871696	0.380815364359723	1.5188844840542994	0.9142250876645056	1.928848925982824	-1.305908657612454	-0.5747696423885432	-0.731640375766294	0.4248266806400549	1.315247313457978	0.13957909741215554	-0.7029764351501699	0.8519182973154054	1.2523052997046165	-2.0432695520374264	2.3508281007582035	0.7708340383849883	-0.12935937351574375	-0.9438795154402179	0.046752859892134686	1.1592379764314855	-1.0098699945184837	-0.30179117921174436	1.3012419954558196	0.7830741340220148	1.17126480601595	-0.7946166594735495	2.0246798908391233	1.7301115784639562	2.49578107415922	-1.2050488881941508
DTXSID3046297	7.766814527172094	-6.776470896193247	-4.292836889109569	4.978280206109182	-1.905735429559984	2.4894202236929814	-1.5732723776178834	1.8990874464905936	11.712681689203698	-1.5000235736376217	-9.773412102800059	-7.957095120264864	-8.986343221196487	-10.368413059992672	-1.5956332633577481	-5.663209995656099	-2.593460843020659	7.474874199456068	-3.7582504251613664	1.916435175879948	3.9405402442631554	10.716197230489625	6.70750301135446	-1.4212015659071158	3.474715584475932	-0.22922196297376649	1.051535651892255	-2.3254346748162913	-5.712559335966118	-1.6973255531178173	3.9721508062297306	8.0643399898365	-5.404813887600254	3.561140971826917	1.2694323257944997	1.434793775018948	2.962139580905995	-1.5834286075718076	4.92953865253872	0.520908763220013	-0.8871108309895285	3.1386504720735955	0.03775419885910596	-3.2372661394555684	-0.44105604119251896	-2.4160757429585678	-0.797714362327152	1.333718440721746	-3.4429901827714606	0.08281860310659644	2.2366272630995043	0.48095978694186	-4.644124040571437	2.661037174499221	-0.5351906970873327	-0.8129971134223725	3.0433875372832744	1.6513188245634485	-4.967743581589798	-3.2168799185744104	6.984423098273377	3.605625509286415	0.17487852152668829	2.11009768041371	3.4708479961081595	2.017078180309768	-1.0767693451271885	-4.4907670560257165	7.077296605708006	-1.4133376098025867	-2.428802877880019	-6.126312180504245	-11.25825696390291	9.578117881276857	-4.877124389347596	-5.096681305703491	3.540309256143896	4.6232281573159035	2.321793423652907	-0.08979169027568244	0.1407189510683302	1.2671382302123215	-0.5328548289795648	5.51155889529761	-7.2637866577586605	-8.505035950586214	-2.2837155634059125	-4.576338990007498	1.7334158606497156	-4.402241908545118	2.130882851297659	-2.168135787871201	-0.4280040620408593	-1.3183340709824083	1.2792049973254973	-0.42451395259416386	-1.168607517063447	-2.9114667461537023	-0.42670474271679987	1.1884114414649496
DTXSID3025049	-6.086741311613956	1.8510128938739774	-4.372590380557683	2.4191251768906956	1.7296524802941675	-0.5359863131981283	1.2529175231236676	0.7629135975551751	0.9542297774886521	0.5702685452382306	1.655370147846464	1.7245929297966778	1.3609479628074237	0.7297525261697325	-0.3044636740022033	-0.20839520795149427	1.776175239683126	-1.6831484939164034	0.23411328045411922	-1.0631339078745445	-0.626848731679423	1.3960160773851753	2.053524949428042	0.13744125665585005	-0.14637026783369964	0.9757890200467955	-0.39645648657094995	-0.44569254945157266	-0.8022660925664825	0.11359012236491024	1.8388239637228898	0.05420495863703472	0.3514229600055208	0.6683383009188183	0.2060247532685217	-0.08038021337491104	0.08103414340034673	0.6779996939121095	-0.4399102759339353	-0.8141526392615579	0.5604157314996198	-0.5005039802205224	-0.16573754783115452	-0.017333317954446027	0.8936350379488877	0.0375995527497471	-1.4518941829016323	0.2787874760759122	0.5736685214249432	-0.5106853050024212	-0.8451602153315926	-1.3535882804677166	-0.5839717282892842	-1.2818939425470839	-0.7963089851476371	-0.5896949297372688	-0.09240324308132394	0.4472532692851087	1.149756998316957	0.23780901863571494	-0.268981855254798	-0.47667121115815514	0.9029196772536224	0.21967349658695895	0.6414945058893229	0.3283135805431707	0.917938138964898	0.46086319937077486	-0.11463616823465708	0.6636461854168305	-0.7551530387509886	-0.37763477767694825	0.24887820176050135	0.14232755139173742	-0.2562444663246582	0.4174844061543168	0.2910539800411881	0.03848657477854934	-0.4685023585684682	-0.7430810231840954	-0.635557034764167	-0.4301115418327455	0.47050253436831263	-0.09591492627414618	-0.07818297685256889	-0.8513364622161297	-0.6521563924427893	0.6430399617439606	0.1223347426058746	-0.1920213359130264	0.038178507693045365	0.8223544056505263	-0.08891456112641943	0.04065914862454387	-0.1600800371778724	0.24631327587419188	-0.9085492613680711	-0.7464107041015876	0.03910853100578691	1.0836659693798019
DTXSID6046008	88845.57011800027	-30113.460242048233	-7845.698383639849	132587.77435799208	34672.49145172798	-31569.379725938834	241677.4275981421	44307.939081813194	-58499.87490492418	282382.54109412234	-92088.89997040866	243515.1668874822	58237.094269004636	-20899.6425728863	75395.0426878155	-124844.92080557015	-79450.4242791571	130790.50833799964	162025.25052506806	43938.00979256305	123663.99293484534	-60617.284504814146	-81620.19018893225	20332.11878139265	-47423.6481365255	-81224.724916588	-40134.59872192318	41915.8132753547	9844.141512631011	35671.92281738484	11639.79990467718	56038.610949014466	-8088.274528555287	33636.79724080999	4959.568262449769	69138.61218319861	-18722.990711375187	48324.28439129588	-39688.77793644841	13622.56978974345	-3606.743120255468	8449.80183058469	-17249.365305410523	-14351.85087352277	-5723.31898740073	-4695.920205271636	9111.784722198849	-33186.0959922525	-4539.059856304563	22140.338639976777	-3087.0080344011426	-55083.69484917114	-48472.938342006724	-7394.39632939674	-11811.853186957605	-18960.42467385999	69088.999327545	11072.708028262869	-102132.65271525191	-37043.56676394027	74031.39815232388	-71008.70255017327	39289.3687839877	8618.910021744165	-60261.13903494459	-193207.21216987685	-17064.170898222485	-76848.41390515146	-61754.32112398672	22954.13381864759	-68036.8791251212	-115717.54028907859	-22054.690189660818	-28834.3523640751	29028.771677680976	41104.34404394808	-119441.84589128882	10110.529196111851	7405.921840327351	-116882.60117550805	122912.37649819546	-109053.50022641817	154911.28945527357	-191174.88952607042	-149117.39438352702	153352.28762065124	-47429.98110100632	-68056.42038191238	-18279.425289030496	-45618.05807357683	16108.381724095925	-125236.97326716884	43879.583653961716	-37116.51829560377	5152.488392321776	272469.4921182169	-26635.332137105426	-8949.191149168755	30333.26583569206	120248.09592164306
DTXSID0057754	-5.434270908201606	-0.8400065846816529	-1.4732570898317463	3.8472513581804155	-1.0496629820612622	-3.114336744890731	2.296662388743034	0.009947225332327574	-0.965118768182652	-4.276574471879312	-1.513282156212634	-2.38604030733724	0.9815900843760523	3.857319465766813	-1.1973458989748083	-0.16439376756867072	-0.5179568984561804	-0.7236680098831703	3.1084097809888487	1.417594481951429	1.5616086469910124	0.6496286964200922	-0.539985135469555	-0.7097609792318551	1.530510702584723	1.1500019045563319	0.8703221148936541	2.5484897138835008	1.295829475440252	-1.2866852990528306	-0.564947116658882	1.2301223720730463	-2.179755128622996	2.9197969542598234	1.9645847133392482	0.43772955868256536	6.075154961659914	-0.6582001914624195	-2.9398757098304054	-0.7974927942899256	-0.24342580496063598	-2.5671039847082886	-1.8131012289547348	6.000893004118835	-1.8474538392771007	2.065770762929375	-3.4228237558301093	3.927101752099741	3.053536618552197	-1.2486226098476663	2.970511963064999	-0.07587736482911552	-4.223422210530154	0.7651612842299761	1.347446568202651	-0.8158368051270015	1.5318343406571913	-0.324964281893638	-1.0128580727735907	1.0580706484740254	-0.2060045864433292	2.0820158644790983	0.9210898226023013	-0.13103343141047946	0.9494263151980183	0.2474703363493768	-0.5573059380277114	-0.7552495550344209	-0.12553541737496507	1.3960040645982987	-0.3613660028287161	0.7024441337625963	0.1991584071129142	0.06660018928312705	0.8319647593957112	-0.3346423707343454	-1.8730326261465884	-0.019819485735326776	0.3880795149320187	0.09490111340302358	-1.125944521769453	-0.24970844387514418	-0.1454586030384644	0.06770986549284105	-0.27765320349839984	0.6709850838534421	0.6449491184655527	0.31171690786251194	0.6674007413731677	-0.2133436699364353	-0.42917917018727847	-0.06949801641559059	0.3964140619923094	0.5974355590301547	-0.1325143129203542	0.816488091349997	0.48697522169030555	-0.024181342516782525	-0.43064711682461027	-0.08235886254862833
DTXSID6045165	10.962913246464247	-3.0960703259188467	3.478826791757607	-4.876839215370093	1.5856926274991798	4.026186895683404	4.026522093297043	0.47650174245144383	-1.7654993656747122	0.8189660540119673	-2.1172665138496334	-3.3239498931945484	2.867641133944914	0.42755535121230803	-0.5792960506753556	2.1453443205815197	-1.16074056700942	-3.3307360717431487	-1.7129895517925862	-3.1104645630353303	-3.4441948188298284	1.189522686144684	0.36392013428235337	3.5611923835142134	-0.9500992898221454	-0.268521983702987	-0.49963215985184234	0.7821631593768156	-3.5030062980355843	-0.09546474805260634	-0.8190010332279952	3.059340894933994	1.4815930013639937	1.043290567907396	-1.3026712268329954	-0.8021111751908615	0.5992804356933026	0.9892807878811983	0.5018933191481991	-0.28708156701844717	0.7370603836853027	0.22283725949993388	-0.7772660644071592	-0.6709755861680067	2.146455186526943	2.473479300608996	0.8780818787269609	-0.22264434186699417	0.5847713512410383	-0.9271923331141286	-0.2718817212267303	-0.9023006226115134	0.19585932647038262	2.6712847486832856	-0.6136720761766336	-0.697498226997821	-0.8167761601994836	1.2022637405343024	-1.280565632566239	-1.1287231356532716	0.8832060624547722	0.30601131637755646	-0.3373339416116468	0.05196821169013385	0.07984153118214136	0.9683090712778718	-2.0149989557295687	0.17269944064014325	-1.8213830888645914	0.4887494280007235	0.3208161698953436	1.0535435602890866	0.31195985703774903	1.1349288053184867	-1.1254908759418933	-0.0032506507316323124	-0.5306963655004905	-0.022730429365557137	-0.35421994879855273	0.23051706231529634	-0.3069046624676254	-0.03369133047707072	0.42151932788502267	-0.054810386753020066	0.43452301387449865	0.05880036503160342	-0.9225693637858087	-0.27492270728635093	0.09380181441348004	-0.45540857085541314	-0.5446242485608861	-0.6213097073754155	-0.6074370894523679	0.10081501604997867	0.5456667539684724	-0.18996197338541057	0.43642911656141614	-0.14943077829173274	-0.7462946676058755	0.12719365417169737
DTXSID0052124	-6.315306169078944	2.8067396567548815	-3.5371539773487397	1.1694277670269841	0.18202006488350903	0.9147129968880994	3.2815362517437348	1.2470539700561754	-0.8907957737174538	1.0993510929700028	1.1910074970054985	0.35763927334835566	1.4133172405578998	0.30334350158317774	-0.13575180879071697	-0.2213012073949032	-0.8673860575024449	-3.896790340020104	1.0255721027183233	0.42944877814301385	-2.849089690369855	0.6363550363766696	3.8449196111769117	-1.5692878802289456	-0.7584523286617187	3.8131081713907196	2.238574736077946	-1.5135557654683982	-1.7620474747438444	0.9623242856045139	2.3799718225879367	-0.2617244577979795	-1.1237504505506775	1.516379073390249	3.9637877937073056	1.0100694273388577	-1.058638004155673	1.3634964369637517	-0.4042157051531137	1.9564707516509527	-2.9231892670819817	-2.084612180358631	0.09734257421293192	-2.314340953315498	-5.201223534807213	-0.36113158869849293	0.9939136676821463	2.5953196674086505	0.01603832307530313	3.560196175926892	0.36350910679478465	1.0666988369675108	0.8766949323309822	3.0027108546192767	-1.3480979642535464	0.2788591462288931	-0.09111880196362176	0.19378398530115376	-1.013018254565416	3.038656896477511	0.6821896012323101	-0.11438341365048532	-0.14546697194128305	-1.466636510588579	-0.025532451350921134	-1.6937905905963389	0.4706292980744173	0.9794069865440869	1.0269663898731145	0.933520606279576	1.349542009762844	0.33833178956046767	-0.046608386063371705	-1.322437545866967	0.8373543990161608	0.8376847276157796	-0.032117369577264576	-1.0328727923236787	-0.36922763314070184	-0.053731765587102985	0.24366987816456237	1.1518230731261792	1.4546018698500054	0.9669895120228256	-0.18351984818496397	-1.1411646263227633	-0.18956423536632772	0.7097430289833461	-1.2721512719073802	0.3311637403751578	0.11737900469686617	-0.5007085615004608	-0.6729785369668766	-0.55750316251791	-0.36949197277444557	0.7700115705865359	-0.005482846509148434	0.18335107925428684	-0.44846730616550595	0.3225291290262645
DTXSID5045833	9.886742111410129	1.502954803743536	-4.917334329824875	13.35119157356567	0.64158910472014	-6.171506625507432	1.2820867666942948	4.586075242676252	-2.5080809610829666	-1.1033708786856968	-3.845136920653013	5.078420727287154	3.1440690315452375	-0.9029803601788791	-5.28787040921316	3.8811993311825095	2.2867403281429723	-3.631143048017609	-2.1242402300382652	-3.8829980393679833	-5.75545722853883	7.835656937242071	4.7705747036463455	2.49085756159034	-2.7008303975777714	3.3318138680579708	-7.722913143649129	-5.654061992307617	-2.219102342985442	-0.13847062894475154	2.2402133845331007	-4.616328600434802	-0.23091786531910277	-1.2902195524241904	1.5729134579661699	0.07539549199889492	-0.20829619709822556	0.7612644549585269	-0.0004891232593378708	-3.98449084890556	1.8798463627193844	-0.078615408844114	-0.18827206028701865	-1.9391994806539965	0.7105363032096413	3.160119333021401	-5.826474143347734	2.766174170854076	4.774733446333353	-0.19979099244964083	-3.340981163516596	-0.33546999624825974	-2.2043766194378573	-1.8675287162668932	-1.7748746275076108	-4.611494859298125	-3.526395953219195	0.9146486825704354	1.412131304776453	3.4660309100225817	-1.341407098132575	-1.3075878258467422	0.7930533575502641	-2.960376695683114	2.3769534088629594	3.212160084746398	2.6502628172924068	-2.4538640483077883	6.091149701189076	-0.04011154398430657	1.088899000837482	-1.3634986995701956	2.63741644662736	-0.8350378530636908	-3.7442792847239335	-0.4734925831791603	1.0005100073334237	-1.0585315564187139	-1.3627996321777822	0.17355282398058067	-1.7599197384478158	-2.5304724045159106	-1.991026057372543	-1.4516572109977757	-0.9740516141173591	-1.5153435681259653	-3.08820542395789	1.1006194268110687	-1.273883506410044	0.1989417271126551	1.9851270688783342	2.5989703903197476	0.44991119846057037	1.3614721090333533	0.166454534600189	1.9328193798271789	-0.3096308814715424	0.745559123268643	0.32600296277792445	0.1829836612319408
DTXSID3029108	36.86053116896433	-24.355828691294086	-143.30761621204098	-29.739078605685986	324.7377922467211	6.877606609961866	-65.91093718876732	48.65056800880826	-59.399776650457696	-44.39216428616342	11.908807539756017	-9.181112293012625	42.191888192819434	-85.46280009436217	194.50308164128376	130.19458661158936	33.891594912821404	42.706280773217735	-7.631793482209678	84.49669742880496	-7.987469282094864	134.70551353268903	-119.19686577327307	65.65619672138186	58.82996304885567	-89.36844579752139	32.10733461364767	5.247270630564992	19.387619892003794	135.43929461328904	135.0974470048703	-122.95696448250627	2.2254430509912844	49.121440741098716	-68.68502456284044	40.34139849292027	54.835860565316906	75.80219890057978	-96.69437536126213	-26.350850288057806	82.70836430024299	45.92298915564888	-94.94212845511284	51.36646334066854	-25.60594502019756	10.216224532602723	17.476747358147676	4.18450868143129	-78.65096254191026	99.0816231559511	-81.48662553242728	-18.223257961202652	100.46381066049531	15.411913727677135	-79.73460716985731	-117.9362811168199	116.21194977539604	17.15758382434531	109.60374407579013	-18.84442158193689	117.97514736295557	31.727653750401632	15.483754329786027	39.12233996964657	4.330301779700821	56.75184946096805	22.99054449773132	18.986682306264935	81.92700114690808	-43.693177632560754	17.34449385862063	35.21944047630871	6.087052446357497	-7.829092638459897	37.44314739537544	16.589462342567963	-109.70064070702877	143.65117085578166	18.4933199089204	-79.14361379077205	24.286735994799006	110.06869454678501	68.18381089687061	136.46718393519606	-48.1875915819786	141.03635269495834	88.97160389618938	-35.23126552730725	-16.53054127503126	-56.319978023846524	-16.949870290902812	15.983795588176216	-8.02897392539171	43.24204469653512	75.91670249395597	18.456969992894933	45.5464732123568	-97.30683424986925	19.20365204785463	154.66241289831348
DTXSID2045527	8.631520220103436	-3.7508447867119834	-3.1512158735383626	4.1327585829161295	-1.5487911184023508	-2.7436985703284824	3.7291349505187683	2.3522756103926503	-1.5044848953648573	-0.056344531281204036	-2.786908770816768	1.8323260236445205	2.947544439515012	1.610424945251237	-2.0188578116015874	-0.3949864188688805	-2.537428384128047	-0.7090348804314639	6.19594877273276	2.0910510617688454	1.1167618738423826	-0.401376410846296	-1.8820299709041932	0.4710513373674541	2.3314841224275162	3.1717678626978443	1.5363757813103087	3.6844251303398536	3.0421418655991808	-0.30855924647480143	0.9329354990252443	0.7815970437054974	-4.866385408403752	2.5571217042343455	2.6164891578461087	5.3434972016616165	5.381353083732681	-1.5227110498034597	-3.428630561324982	-1.8467418773698014	-1.4918944751301064	-3.9096265870931117	-0.5512399610713373	6.070810167148126	0.3567469726953635	3.0718152811595463	-1.7932729365306888	0.19235948383654128	5.056777737843599	-0.8953075204705666	6.0642749655463675	-1.2481396417414594	-4.547460968675861	0.9790192331021653	0.7226020956586201	2.581183776927642	-0.39822836669541023	-0.018996693857721784	-2.160215307338464	-2.7058384526236035	-0.2701734560191789	-0.7340417657174919	2.371869236453457	-1.614820893199848	2.646363869958947	-2.5824619414689725	-1.1071567153675503	-2.078194916480561	-1.2747866620263708	-0.2392159375754586	-0.2044284955952591	-0.15197853431852146	-2.0853241817777874	0.4767474293425595	2.476827257515059	2.1104741192031304	-4.664289333574346	3.9846673673828636	1.2802540895703363	-1.5545231012524194	3.604424747691418	1.3793642904685413	3.4205667194484417	-3.361503602448059	-2.8787790753301166	1.9442171497813843	2.0026962143408062	0.5935304904444125	-0.1373416571526007	-1.5803068757073004	0.31995318579550486	-2.148120149760028	2.8604376028286755	-1.1341400663680723	0.2172265765039997	2.8190185565562564	0.4424871216222165	1.0131800159717879	-0.6145561077999967	2.438160324465152
DTXSID3044128	7.983843291540229	9.669312129841618	2.0793085480428273	-2.4686681995043265	-3.317258237105512	-3.439328444421588	-0.8205368055105386	5.002931139914022	-1.004227868884797	-2.924686177593374	-2.901126392757521	0.5980417351378163	-2.146995481680288	-1.5132076147556133	4.3496545106224165	-1.412356216526538	0.9611031712226261	3.1876454232278144	2.973436445355696	1.0625892484544575	-4.702001816751935	-6.574016191325016	7.549258649421268	3.7683104093789606	3.8572037905392063	-1.7238905564198779	-1.3428538947110118	0.6772921112924543	0.12042475979706714	-0.25494785950659055	-0.6940661075781346	-0.38373604464483774	0.01444068208103713	-0.16324578997034647	-0.07378406824003958	-1.7299454795953821	-0.6736917295312832	0.5314514114192944	1.1013694439580783	0.5649136524869008	0.7026131582001431	0.48002722537143144	-0.6847706781748312	0.45214738822302675	0.03451115068191576	-1.2878226851169268	-2.029492068953074	1.5674251395475443	0.9687353295493136	2.5527477578833833	-0.17918601098654807	0.47718423172839003	-0.7736742975545395	-0.016218503487081457	1.2010962505048883	0.40031745674745606	1.00961577948281	-0.37036935279971855	0.6180081542047832	-0.1892237892504143	-0.010809040094798926	0.21536351221000144	-1.0452055919740202	0.22610149087493142	-0.9338012840423241	-0.5280308077337301	0.7909990695682728	0.5579910486094419	-0.9701131631928459	0.08871920467465957	-0.3810933282261953	0.9129955531570642	-0.0043191453993184845	0.7923771268605279	0.7769464026582642	-0.07751233151134955	0.7388022576256494	0.23281983296007194	-0.3823832155787372	-0.6191502301124397	-0.02883330584713174	0.6870949778114367	-0.328374643355104	0.07539102872308458	0.12141664493576641	1.340449371035751	0.6266678592820646	-0.7070733353924898	0.2851822248587547	0.3797409417037972	-1.1809665826731333	-0.46231469888498666	-0.298058860628781	-0.48437339883911	-0.5020946130886046	-0.513103223289076	0.10607143758616802	-0.5677729125337212	-0.30997350550826736	-0.01975150846793906
DTXSID9046287	-1.5264416798954914	-3.3200306742485504	1.4276835636013017	1.2737773245493522	-1.4161389019828794	3.713227843281112	-1.9406159814859247	2.442692788208318	0.5757671384051049	-1.6235223183011342	-0.9616578708437576	0.03834453100333125	-2.6166979372251937	-3.707858196686247	-2.4703649704043387	-3.438249725779489	-2.4817958017903625	4.404759655195794	0.9975633014046288	-1.4054949875507743	2.2549068618363575	5.81670785463507	3.5550387930161262	-0.9044788506862761	2.5054556885812245	-1.054722773326064	0.04954728848854774	-0.9671227778030558	-1.9567266134627035	0.5410120117166013	1.485344567310974	2.7307335407078543	-3.3881959010214424	0.4933320712596043	0.6382560375898815	0.7630517815007378	2.0287736385574275	-0.25760447786671953	1.469994548198675	1.087872278263707	-0.024056889544641826	1.7343155257393708	-0.09012650072268572	-0.7144873620332041	-0.14810827776087435	-1.3313995265958793	0.011875574936957777	0.9195849643822767	-1.5981751440170189	-0.012027525543746507	0.2800146845007753	-0.913628853339822	1.0947631405961458	0.8577237226818248	0.8094908454495867	0.4211782001297303	0.2661921598223605	1.684497815716586	-2.356759425814264	-0.3767600343302675	1.2057556732691286	2.9542181756172248	0.9667162882612521	1.5150852575285105	1.7186833144153346	-0.20812991417806745	0.45209990621856166	-1.5219926878449124	2.3705948706659417	0.8411490236814407	-1.6167150155852763	-2.4870989130502403	-4.857466639107432	5.282761126704018	-3.5187559049066968	-2.171599435314132	2.8527104799009515	3.6523487296981263	2.4079143745007485	0.21749208278407828	0.10755054724177325	0.5518804475436359	0.12360162462085598	3.6020364819129784	-4.687278645612262	-3.4896934817349243	-0.9898303124855808	-1.6427958474302617	0.4109656712343593	-0.935735385572769	1.054529301612474	-1.289326321194194	-0.34107724455833066	-1.1209432453929615	0.8364572536165393	-0.3777363723014027	-0.6709806119739569	-2.3919137025094344	-0.07518752026407251	0.4846886055941969
DTXSID3023269	-0.5749878185731813	0.28271550303134885	-1.180530209381219	0.94012790511871	-1.8444210268684464	2.7680322240000974	2.4011222605542795	0.045750708949984745	-0.5314358678661708	-1.1093342797174495	3.779557596252004	-0.3081443924508919	0.22426808508598292	-0.4982454086297345	0.7526275458521786	0.7958154406271573	-0.38661523469010983	0.4042525338605532	1.2107126533738746	1.7965489359176388	-1.7441123029269738	0.5656300603827304	2.2285918380872722	-2.310700184940391	-1.2784806450705881	2.210239345655978	-2.9494909583266398	-1.6084030440059347	-0.2728423771052669	-0.3455395918635546	-0.9933355868613363	-2.4501539824793634	-2.81565216392631	-3.078796973497992	-0.47577630648392305	-2.7791437330327056	-0.2952017316556799	0.233090227623595	1.8720665878190808	2.648338810458045	-4.783333716993528	0.2131765426949053	-1.29137513302501	2.756474181561042	2.4794839128960855	5.526345544191734	-0.18036750422359707	-1.6894265565221713	-0.9854474411991525	-0.04780659762543655	1.9391546543523126	-0.7625980516627493	0.48675133035493323	-0.8369781195853552	-2.5414009830667768	-0.834707204175411	2.2893121753863523	-2.5027664639685288	-1.5150578750660484	-1.6956839542806081	2.4470745098530657	0.41499195181753973	-0.17646848708594026	-2.064340816504898	1.190279494934902	1.2621600734810654	1.228862412823353	-0.3025520362256069	-0.46336843488589313	-0.5246399792706179	-1.1440841682844756	-0.39355773564441565	-1.2214774037000313	-2.3225142903669944	0.1963146025557904	1.6896939447855264	-0.5707990493871228	-0.14268289584557645	-0.4715375682034995	-0.5293348170556345	-1.3041895014373652	-0.9236739852975305	-0.21547553937749053	0.18235241606113858	0.19534793330221698	-1.0433070017384547	-0.2413379485974182	0.5894328229672373	-1.7541908253763874	0.3259855884214392	-0.42349289322308	-0.4680024063115753	0.847122081096689	0.7377089097570152	-0.11967372120040559	0.6566719109143281	-0.8086960395475353	0.171259242240855	0.7377203254655692	0.18416568887650056
DTXSID5046728	26.961654743752092	-0.8089866701254296	-0.5204032481611038	0.8646336422009474	5.76089820831388	5.099518805620414	1.9052908215281263	1.0882416750502688	-3.418562903885732	-4.557265097024741	-3.6525484208885386	-9.356602179355312	0.7120362280865473	7.073387127272326	-0.33342501055087853	4.3673173769907745	-4.554362494530792	-4.9443474717262115	1.7145287908590554	2.275193833218163	-2.06649201391361	-0.432337970957808	0.18295626252240532	-0.04149101888031675	0.8426938685010442	-2.6577920213504687	-0.5875886689162355	3.985951018264156	-2.705745097668816	-3.2585991217554557	2.1145683849070473	2.1932683852477055	-2.3225692844148114	0.590992601418295	-2.857351697512548	3.12499443503503	0.026629252034395035	2.8848542950367557	-0.4930324425474497	2.032767385261815	-0.4954515437390871	1.0627032913814578	-2.1958407519370264	-0.21091745800002082	0.8871748586066168	-0.4578323212458685	1.5883821527900155	-3.280959289394216	0.5534981607033319	2.090663524860391	-1.2886539181021737	1.9660819376350447	-0.8127589102980024	1.3983449256973792	2.1637311495687492	1.861391896354833	1.7477995587309119	0.7338339825420943	-0.982273815321018	-1.9273180880004774	-1.8193519585431803	-2.2310787348162835	-1.3653075470272604	-4.191308863287664	-2.6071013006832007	4.011797358615606	-1.4489157058302446	-0.0682863147514017	1.709201945427764	1.3803459353959064	-2.7472359878854355	3.3145573467836846	1.3175843490190904	0.6203372064654454	-2.1358767016908256	-1.1995188600606173	2.2288794566024963	0.9065085854022024	-0.748679133588361	-1.6670532884620004	-1.8783314310429025	-0.33736342294775296	-2.2857817484614835	-3.1194788373519655	-0.6699635628803692	-1.670348678322514	-0.7693518343195227	-0.497099488847022	1.4070141385086177	-0.19887420212977808	0.4039110626287744	-0.430819052584306	0.4656258562014546	-1.1080795085190562	0.5546648154246828	1.0145226287898959	-1.1870462792703056	-0.5431599543198461	2.045330665068512	0.14291345888039342
DTXSID6047608	-2.9471617039671836	0.7327756864729759	0.1385837160462297	-0.7694821279889126	0.23501419825956088	0.8914694579854598	0.6968543068295355	-2.1759928725890774	1.6304912948357022	-0.31280646692764363	1.4560873808570074	0.4814167925088383	1.916341297404262	0.921706566465877	0.2637287049017005	-0.3759308811660222	-0.12272708829260254	1.0650121897603142	-0.24125175162580262	0.2644245836333821	-1.0349588286600482	0.7582093949590286	-0.877021915154951	-0.12944286969227106	0.6802776742173088	-0.27152155726214994	-0.052021799794297274	-0.08489902537936243	-0.42871611509965657	-0.20221891223888788	-0.11855541102173303	0.1092455756972186	0.008755637302999757	-0.08318431238006445	-0.30466531598065183	0.0874183805812479	0.7117824421116888	1.2817859422550697	-0.26996902755752056	-0.2630065230610492	0.42482228085845003	-0.7313411725794188	-0.6717291382293037	-0.489139631924456	0.05682146727645599	-0.63357415284125	-0.02629799178881313	-0.3156825666430401	0.22919948669520612	0.764106730205392	-0.17731905434473333	-1.0904599188299307	-0.38906140051152766	0.27971119654804866	0.054165969042929	-0.6627941007494551	-0.45298996437146055	-0.27896096119529085	-0.7970602862920285	-0.33725953285380167	0.22720462929405624	-0.6057582004180494	0.6449355480833059	-0.21062443412234072	-0.5016657352127082	0.4303528406017195	0.1182339383776785	-0.22460103595068967	-0.2143044252594547	-0.5835803859951695	-0.3834093623207912	0.7281113166928368	-0.27884124734310517	0.13915526719068816	-0.2465563336009412	0.31231286190654983	0.12409155123175007	0.04469569774784735	-0.32824440439537794	-0.21329807188449407	0.008226710751129549	-0.8116112391866509	0.18218008464433735	0.02013940552983274	-0.6007833630720477	-0.04644838422824128	-0.22303338783604357	0.37577339988613434	0.03562125077693929	-0.017336341095928853	-0.12319911310930333	-0.2400175596516154	-0.24964295090480715	-0.08837892983024298	-0.17948903383352555	-0.11673518643798858	-0.2509898672295725	0.10123276827228708	0.20154735826489542	-0.1992959610041138
DTXSID8020179	-4.997588488902315	2.8342890122048234	-3.32940186846111	3.6164972377640705	1.7306952317307818	-1.4579941910945589	0.44541475744246	1.863529026204017	-1.0031306002893932	-0.7632399663750202	-0.3954161027314244	1.5811279263759264	1.4735564984029466	-0.3355239721215578	-1.0066856599098426	1.2980545911384676	0.7851804386754195	0.7150808140477319	-0.8369881161185944	-1.1388076386468426	-1.1221349110969459	1.1278344304174066	0.7136153258371815	1.2329663560802449	-1.6345092335403826	0.3287833003551684	-1.5361642207184414	-0.9845671532085108	-0.5719742151008248	0.2041543969077921	1.4076044986491245	-0.501678291216573	-0.49696555026091355	0.2590759175744165	0.8060717745387974	0.8314498239744884	0.4491118394869024	0.3848154898206501	0.5047996132598256	-1.4222340161729534	0.3697720099654293	-0.7784225592233485	-0.47979484628151736	-0.7509105025236519	0.5965019749136352	0.40880327268671185	-1.3010415920262106	1.4204921043816723	0.9842477785702047	-0.3480660818538115	-0.6313056227743588	0.07355340032945244	-0.3603836271490629	-1.0786376356892553	-1.8361098523319366	-0.5567875150946562	-0.9889080764288131	0.49112436919687585	0.5951687632563795	-0.026868031097247575	-0.999097113938371	-0.9490051498269919	0.0349265104293227	0.3040199430487643	1.9882329946676451	0.7102342143321934	1.6080092932261825	-0.19239966508216744	1.0546474436314375	2.332178198693423	-0.8739605488270223	-1.5383454344976786	0.7545586306479971	-0.9447685166759612	-0.9947695737779279	0.13584343871204746	0.634258344029804	-1.0869583317760425	-0.5734807177552862	-0.24112152397449108	-0.12835558755632576	-0.1685743377114578	0.4252371721614025	-0.07365845889910551	-0.1296314532549599	-1.0187166614214722	-0.3294478258511553	0.4666286270522223	-0.14959210510062765	-0.08802105813904201	1.2856763312038542	0.6864665518617825	0.8215424288413428	0.4973899714515422	-0.48353774903938207	0.45920472397988626	0.02886613241761589	-0.14646348541949003	0.12567348055483663	1.038697188898266
DTXSID1022009	-3.481706197594953	4.165283211061649	-1.9444147877412394	-1.8764162823292654	6.625592418356428	0.8904656269012612	0.7813806425624644	-0.5265118691704613	-0.7098695483078631	-1.2712821919964945	-2.290272078592669	1.6918986264020883	-1.33943804119683	-1.6474751362367577	0.07362822586856511	1.3870729323943305	1.181525676249755	1.1777272601248294	0.13394689409820762	0.10267140773301724	0.47073751188749635	-0.47803828365393525	-0.29937880072933015	-0.7652651873160173	0.05892322895831368	0.16124588279579705	-1.0683895780150223	0.7428761864807841	-0.4413091634815758	0.19280070399996224	0.1358511604542369	-0.8641099066059403	0.28902581588258996	-0.25566038337505664	0.30830223529199574	0.7499584826267374	-0.1777718329624367	-0.4640951947218464	0.08289081086970232	0.09720874370023785	0.3465894965125832	-0.04741081920511928	-0.7437213481030143	0.4184866941053523	-0.10448956482657505	-0.8486395645971014	0.5630140962869219	0.0021993669456248114	-0.1959364045699279	-0.20133093117355302	0.05182227509031377	0.2610912427981056	-0.19918157824477928	0.34086159762108387	-0.034430619093302986	-0.03494817717502076	-0.4224720000556428	0.059862908825057876	-0.4556900630230356	-0.14011821591980933	-0.4040184508461627	0.7550606714378257	-0.09866872858546401	-0.14222433835590395	0.5918853706308473	-0.7747679730732064	0.44174233215870856	0.569953332320644	-0.4218971929515442	-0.0009272231507258683	0.18786455587805798	0.6457983970026012	-0.5097465691700438	-0.10457237381846389	0.5263877234656109	0.1046330109800584	-0.021654964169596284	-0.1987395052583472	-0.17110943821868554	0.038015680283017515	0.278800995276802	0.4611030446620398	0.010597784366215213	0.07263431354448288	-0.4390467042270155	-0.0724906849095705	-0.011707724778174357	0.21374516200547275	-0.16902301020478167	-0.12761353656087127	-0.13466838924974814	-0.5176436301440398	-0.35463490707956147	0.13577769763942668	-0.7262807914584254	-0.268101627555226	0.15110430151847326	-0.25518146506978984	0.051986094992300044	0.2284201892174727
DTXSID1045033	15.075394923753615	-0.3110218279787397	-1.8685484046809022	12.252280004568942	-1.9988499923838141	-0.0794305990566937	-1.077174792355745	1.255973040738757	-0.2572215834266278	-1.501765464331831	-3.039954235344998	1.7085581508231091	5.734778898521113	1.6704105025160512	-2.491288068342513	0.5515606258230915	2.788672015591746	-0.8171302933543385	-5.728175195130562	-6.494373813744376	-0.5292510711338666	0.9235992337806826	0.6110819122388674	1.893630649440301	-0.1865164152708692	-1.6094745521139497	0.5149416641562422	-1.1568352492571474	-1.9142745358735773	0.529910504858107	-1.8044158926018772	-0.8998372017446787	2.1813417619319	0.44764378063661825	0.940549670704495	-4.58082438726022	1.1181391666720735	-0.5027311653934063	-0.789052765294642	1.0733929341711776	1.0259724886709805	1.4371705664465404	-0.8448687258498226	0.9739623900513084	-1.143924283686333	1.1949317689473091	1.7046289675737722	0.870461246197672	-1.5695642095405404	-1.5143674824649633	0.8942112581611718	2.858575905564249	1.2608538360200197	0.40415515057861173	0.8489753933807447	-0.47685544840147653	0.4073445223807736	0.8305329043046279	0.6575172128304083	0.5782781842542462	-0.004930160923100451	-0.385839028992262	-1.2798953997407094	-0.5608927534304072	0.8641876593005839	0.26951040331746434	-0.10166063471017435	0.9952102555329088	-0.38542236302610644	-0.49014190323231976	0.832833998938242	-0.3981369434552685	-0.0735033683053166	-0.6591131206347827	0.25003249555256174	-1.0610846451943625	2.0779012950572446	0.409063929373979	0.010458407086485978	0.3447537809502527	0.7216233657795962	1.6702510573286957	0.6327433548422038	0.6237886465670095	0.2746883314085038	-0.12979078780565903	-1.5763737611041786	0.9360076157499032	0.22536295659933933	-0.08409657619323474	-0.1021956599452367	0.5701235313803	0.04876797425605581	-0.40835479181520806	0.3072792260941028	-0.8959485315017282	0.49969822385311036	-0.38375735148535634	0.2801020672005012	0.5195491515457201
DTXSID9045348	8.311154627266435	-3.0115969524776376	3.3942270746841885	-4.877425930020865	2.3058097197240253	1.1023934454779272	4.354993674896299	1.1944819370719577	-2.00449555142721	6.333821966046159	-4.23229800056039	1.8303142283304923	2.6167943682484522	0.16051111062037132	1.484442863280133	-1.4959678781946804	-2.6610091053458227	1.0820338160587746	0.9068047422992913	1.1126447934075432	0.5231908681724505	-1.4535698943704782	-2.4199426625527765	1.3540319054406313	0.020346711057056616	0.24355403685648958	-0.4921694630268881	-1.459861677544355	0.6205456739285282	0.08592270962378486	2.206816213416588	1.475434281239548	-0.7209493436850121	0.8618988025638993	-0.01909629416883462	0.30988261477981904	-0.162833933382236	0.5961884278244837	-0.14420892674801628	1.0711713458151608	-1.114423924002322	-0.6034146532411203	-0.3482786177230758	0.584288006983362	0.06871064204657096	0.4632486214555443	1.2753005559916921	-0.5126835813022854	-1.099148565472292	0.49858758512338186	0.5139007856711825	-0.2292739647712144	-0.8429216363992281	0.36781768804060083	-0.3896350699384857	0.7157872541260984	-0.09914699517393082	-0.7582135677907988	0.5916564581278332	-1.251909316706164	0.7103516710048666	0.024965735256297354	0.29637002258818573	-0.48872372719184326	0.6039621844538335	-4.132503594261193	0.8394599568052117	-2.5343052754742077	-0.2746269618850977	-1.3928403137684624	-0.2962241581204989	-1.6425858382904766	-0.293786644760068	1.2475894952743605	0.4692600256036113	0.44539119283869255	-0.6552068139198802	1.4601931450798349	-1.3088342628254093	-1.031578151512425	2.5386108190305188	-2.748529448183443	1.4139399710656473	-4.4507038235513	-2.168661867814304	1.8227229911905969	0.6674304867106098	-0.7574606722452493	0.7002900996865525	-0.4279747951576332	1.8999631155709493	-1.7022915901421354	0.9542661290346163	0.5082912437148801	0.24052208886192897	2.682673631342399	-1.8857665699747281	0.0983896757471098	0.7471370988855137	2.4188171848959508
DTXSID9041528	-7.515810359431963	0.4200906528814078	-1.3540819697209088	-0.3796490525342433	-3.3813211250566253	-3.061729320767506	1.9843460274308982	0.5688373204929004	0.6324489255567779	-0.9255291287969515	-1.300019218496615	1.4282215064946508	1.3916568833212117	1.3688743478263024	2.5270849894971312	2.1260993871765796	-2.0684988687658246	-0.051724579197324254	-0.3100732928577901	-1.5284331042810544	1.2410508503678506	1.3939790403502736	0.3231090731453143	-3.328952117651271	1.7646116234256988	0.08698470655062233	1.659086692122579	1.258396980009571	0.3513618434588406	-0.5517341524148316	-0.8367732154980468	1.3061835222118403	-0.26557524618592043	-0.042317837534500136	0.43845363637617557	0.5473620285120508	-0.6829589492459432	0.7304989809139475	-1.3253084404563753	-0.26077858377560853	0.7342103320229779	0.09302361089744869	-1.866234080069641	1.7762786411717608	0.18049285111090077	1.777424162988949	-1.0673614838405099	2.2732151025775145	0.5529422426347571	0.7657818737210477	1.8015032006365943	-0.5350603486072153	-1.708526087578791	-2.348802397150484	-3.0069796898031362	1.4321552077468769	0.308541255227368	1.2996475576239659	-0.9087045548345954	1.5595063716901039	-1.0848534973437476	0.9781381718006374	-0.7634735595822019	1.1271498056291072	-0.30614333936246174	-0.480540807994895	-0.5746412331570564	-0.145220667597925	0.44634227258846454	1.2829288144914708	-0.06612429857225974	1.3494356068047806	0.04671765126712402	-0.09071762640701213	-0.11556723433325956	-0.7440173250680088	-0.35713906970712533	0.200336631929057	0.4756961618545722	-0.3080856330808151	-0.5825526421438829	-0.1273438478757669	0.11538891709567985	-0.042867013045855086	-0.12879172318591567	0.1859545334480837	0.21774289897285973	0.2537922867326575	0.5575660446735757	-0.3075801751186503	0.04611698586177248	-0.02353270408376746	0.012108435669821855	0.09143856125075117	-0.18113554038934004	-0.00178426737563153	0.3044064018804379	-0.5040217155192	-0.22397547271929638	0.19954507655784587
DTXSID4044533	-4.555491000452538	-1.6315885236104808	3.1847188179414654	-3.3339027571931528	-0.24003948472599707	0.22490323782736907	-1.1282676828256821	-1.2835785501332286	-1.7845302512512358	2.4406925767580923	-1.5041190550917372	-0.2427833455490066	1.46136142070374	0.3268039152856849	-0.7812717756454907	0.159964195100122	0.291869076940604	0.546805531451831	-0.25800381363235486	-0.004471662916276584	-0.030329905599017052	-0.16787059243577473	-0.6342443100400429	-0.31753273466109466	0.49800062353337443	0.1321122181930136	-0.12802164011997627	0.06540132680518286	-0.6514494871700908	-0.32909619050199923	0.013034410141147715	0.33023076082523284	-0.34850393591744383	0.7242327665142129	0.31456587236593064	0.8516604389865198	-0.4027269249360143	0.8794603904967643	-0.2691175705927036	0.12343361227448732	0.5355158628743986	0.4151726565296258	-0.574943206716398	-1.127877052131717	0.02571205539031103	0.14745561046977715	-0.40210926316584605	-0.22725638928044245	-0.053804526527741765	-0.10977358028974021	0.18893534386846972	-0.299498399752112	-0.5168551650337815	0.6616991184562843	0.4592078609746076	-1.1557980680435922	0.5636839598149264	-0.17338185664916	-1.2411746915546962	-0.7092919679397622	0.601108208212144	-1.3550874142494007	-0.36173154038472266	-0.10219581815913664	0.49177873865229643	0.927648243115227	0.7757416164244951	-0.31957809292723377	0.3283295755322831	-0.34574780050448184	-0.36174152632320977	-0.6523270753236882	0.017005330717611084	0.3371367580364623	0.24780871259259243	0.2449212051642525	0.3517696238210088	-0.15935260181244337	0.0860752935516555	0.5245436232471387	0.19119434761015164	0.22008811823069557	-0.5134737460926101	-0.5944413159019161	0.7354312022123163	-0.15377258532256982	0.36926480844690845	0.1251246983652802	0.22895640453300986	0.4440412787141998	0.0830045717488534	0.0379537101334764	-0.4480310150088926	0.57189264326897	-0.21422501578082562	0.13683814739086914	0.32060486204774535	0.181288732188149	-0.11004523271046056	0.36496866015768
DTXSID4021397	7.034071943103138	1.911974790008981	0.8319497104396648	2.0687567046988122	2.0442168077460514	1.4358619244937747	-1.4660525118752177	-2.9039577208295833	1.0337110017034823	-3.1798176777225327	-1.1562576640681639	-2.433930980678889	3.355232463689083	5.656978049037518	-2.2035086514568376	-0.028068362406678104	-0.9117621564714449	3.095559480112476	-0.4799578117824059	-0.8115083182828647	-0.36554526536052595	-1.637408784308636	-1.5632098266842336	-0.8689263500551955	0.7768341702913467	0.7014495272836145	1.8616752775381413	3.1300247793803777	0.2795246218327055	1.474151897434476	0.6215208937986658	1.006785226360522	-0.8121914026508306	0.7286881705905315	0.468835245040312	1.0322922796809089	-0.04668703823421519	0.6919431223718289	-1.1945622317290256	3.4583723188193867	0.02483648160710889	1.4657938865818723	-0.4871143615484248	-1.1277590140145872	-0.726362928212797	-0.07787501810578591	1.4481739369034385	-0.9244820523950826	-3.1518465017140285	-3.264363222638461	-0.7049281462994188	0.8526204924426961	0.48527662862917736	-1.4594936761845414	-0.917804315896672	0.2594082231434537	0.9716579316379077	0.08095166846985398	-0.8390957328179359	0.4093531866234101	0.6971666212324489	0.668881134689988	1.784043624918451	0.7606336656915722	0.2069879487965852	0.6380950260263046	-0.15712420609232738	0.1375195355383706	-0.051526299110948956	-0.16012143107642968	-0.34753394792612297	-0.5897296151924674	0.23225955548630106	-1.0041092635609445	0.24006605227686842	0.058659743815808775	0.6582445000403848	0.1099376317622912	1.111437583418045	-0.20269482854329482	0.6168820560559831	0.2593916303384317	0.017352792732507078	-1.081115225112397	1.5104607183881342	-0.613777323695025	-0.24918350098471392	0.17988014716416792	1.215013888783663	-0.9535305669426322	1.0559837028704906	0.34108510694373995	-0.07358408889587974	0.368451484919958	0.45924298298344207	-0.5204016260391688	0.5988239680414964	0.09546942667972336	0.5824325425305965	0.3488463966729177
DTXSID2024953	-3.5950245487902173	3.670456929355467	-2.534822636148042	-0.14534826050612829	3.971674525070629	-0.05602740472339684	1.3166882799644344	0.5193609539071177	-0.18028049578493002	-0.901714333159805	-1.339279332678727	1.6672309596588086	-0.010573240473186326	-0.4799918643977853	-0.8285454823996012	0.5018252276104321	0.887730473691875	-0.09845038374583108	-0.4969775154442099	-1.113520949335555	-0.41298882915838886	0.33690936656083903	0.2539690668734398	0.4144450318952561	-0.49830111227543317	0.6710139384989685	-0.740895395761368	-0.13659402136164928	-0.5046646422659303	-0.05751989953699138	0.7590850691851132	-0.32668635003372126	0.1960070348423442	0.5917710671268724	0.6884004066324547	0.0072239553803385495	-0.3465182782783286	0.3432121705445294	-0.386410328548663	-0.808634900647832	0.49578330924150416	-0.5710213209939181	-0.3988364643627184	-0.4813515473523482	0.7817285433650355	0.325760268000461	-0.6106720483158649	0.5333347582578086	0.07177550564179178	-0.1746660820203899	0.04846206715444551	-0.7282062692216261	-0.11739626974761785	-0.6544321550983901	-0.18540192759936508	-0.2232995590773048	-0.28614430614969866	0.028480317176053607	0.5188652130645801	0.20049390031422143	-0.2992603801757219	-0.05254172203173087	0.009239231260371083	-0.6142413907340678	1.0162715758089795	0.19092063413943586	0.5727357088973596	0.5637623232874663	0.556879240124153	0.2122465672226208	-0.6870419864155588	-0.7189832447631348	0.07961980102408256	0.19957216048145274	0.5728223540566231	0.0965311149086914	0.22774645404976712	-0.6188621915118209	-0.035356973846591803	-0.13677520444889457	-0.366635728562371	-0.2854908004727664	0.17875052547632378	-0.3987435540126949	-0.8458610698576171	-0.20600488864280433	-0.36061952824671967	-0.2296079485946998	-0.3586687175465297	0.11415674115376026	0.31708020489493244	0.7570394353611831	0.39146899911889427	0.3407610651910002	-0.9664110232140186	-0.23313753699021078	-0.3771499881495284	-0.10845193027355679	-0.038187637623432254	0.2734462914725877
DTXSID5047033	4111371.8248780994	-1393797.1368758809	-362816.69566774037	6138667.339700321	1605290.527471647	-1462363.4331933241	11189739.907319408	2051339.7341586612	-2708308.973329172	13075060.10284527	-4263902.480784627	11275321.334512461	2696472.613482856	-967555.838181105	3490928.107702912	-5780790.367429248	-3678518.935549245	6055480.544983155	7502326.531700879	2034466.0370911225	5725765.649459089	-2806351.0024243714	-3779000.504306151	941452.2006683656	-2195607.760673473	-3760525.498096717	-1858380.4599509032	1940693.2523909414	455839.8903569161	1651612.1319947988	539038.4567145258	2594801.037212738	-374551.28222980903	1557443.7193420667	229629.07161649983	3201221.191122637	-867092.8139135133	2237650.508048879	-1837718.012791505	630698.7006598029	-166948.88004905902	391120.65722077864	-798648.201101891	-664625.9356596444	-264835.7916462129	-217305.21030737646	421745.4789066261	-1536464.9483428327	-210404.29743367987	1024864.4561135817	-142811.96335836526	-2550630.067637088	-2244190.030200791	-342510.59389732714	-546776.6673849112	-877830.924352701	3199238.085970646	512618.2876386664	-4728761.803877082	-1714861.221309692	3427718.619142615	-3287742.961129076	1819477.0348155764	399147.3948594667	-2789798.0727535547	-8945537.2716332	-790101.6481940565	-3558230.718994472	-2859440.3564921855	1062903.118932791	-3150353.4695616965	-5358008.5375008965	-1020789.6215791085	-1334927.2185533473	1343995.4986370527	1903402.4126146364	-5530147.80717665	467937.75801799755	343177.86810009583	-5411778.7657259125	5690956.230317864	-5049213.696486962	7172873.867266747	-8851545.168003269	-6904319.340892743	7100537.724387058	-2195884.82310219	-3150972.8502242947	-846425.8526768588	-2111994.3062862293	745799.2932487419	-5798588.71071004	2031659.561415818	-1718684.5126571506	238731.40544545595	12615641.42120347	-1233348.7195782342	-414644.4369129755	1404304.3191175347	5567724.963438702
DTXSID8041379	-1.4428548759293454	1.1062558921968682	1.9478654563107012	0.16599292215483943	2.638497323891906	-0.22510404544228835	1.1754834167129902	-0.4174526098007878	-0.3069663079628197	0.05329660157853884	1.5546761520407406	0.8036539667342669	-1.6632541818869258	-0.5616143071349378	0.4455587949868442	-0.48165451537822324	0.398039330665869	-0.13059060753936538	-0.7001484557258569	-0.5583474682960626	-0.7493907843049251	-1.1022703676040315	-0.05861623200146544	0.08366598553960879	-1.257732886070579	1.1543691150391662	1.401838388923071	-0.764788967205514	-0.08389928590160113	-0.5846742755685612	0.2515541029008495	0.4693898045297244	-0.537192384103865	-0.018710008146952187	1.5752795437132132	-0.13837181360664338	-0.5167722747800173	-0.8514964786699127	-0.392394587835512	-0.14111399573370612	0.24751624411696407	-0.18773904856350346	0.5426157060384579	0.40307004428275417	0.7177924348478016	-0.41501026765982024	-0.018531019257201495	-0.3346004037481424	-0.3963915405318876	-0.42844158985456365	-0.33333155461412034	-0.4296466349928587	-0.7288558389594767	-1.21519573235411	0.3465479673651795	-0.9292546365244898	0.062409593972683065	-0.9306810587804385	-1.178522406130998	-0.8036236126067711	-1.201171305893714	-0.2998742079161258	-0.38837778889927577	0.9116963222794592	-0.13469531525524933	0.4064263319321079	-0.18694242075504602	0.34089921211453456	0.47709097312697857	-0.32922959392341705	0.2065547987163988	-0.9315649095575999	0.8312105393351029	1.2677759995043314	-0.24005831314475096	-0.36394070827601593	-0.19867363258371837	0.27501019399372656	-0.43499965807084007	-0.18605501612065684	-0.21198431676535975	0.3636536222023263	0.25430503743906724	-0.25787422041679076	0.6869905092872801	0.4658102629257251	0.04136533804307582	0.042252284854987505	-0.46455188712209666	-0.09153618552005963	-0.3194371217605873	-0.12182982882307637	0.4031971524866562	-0.21298683888835487	0.15450662349778088	-0.3859757797608054	0.2943138751801494	0.15138300940351013	0.10496342650786927	0.07272114673730787
DTXSID3040770	-0.37409631034539775	-0.969892613585274	6.187842419763779	1.0667387557097074	2.298323540415465	-0.8041734783712986	0.3430119350739141	-1.2437983458814321	-1.50923616038805	-0.31662201732868056	0.19377941310733296	-0.15250572030697548	-1.633806914738749	-1.2249218637370363	-0.09108062662369903	0.30801540531937677	-0.08790349914805673	0.4136995565326682	-1.169495982394883	-0.18587477614528033	-0.4056766914613021	-0.6649172449982025	-0.9898002133747728	0.6271081339345432	-0.15949965963400375	0.14533780663417303	0.23024209827231537	0.3364100416330843	0.0924747606584226	0.3042237063050406	-0.20014377563231084	0.8124205512419764	-0.15461169022372193	-0.37701486284840746	0.6593995037893718	-0.46173437419738705	0.0010462432131599405	-0.8188227572384622	-0.20646239708226694	-0.14770827982062623	-0.06052473909413981	-0.17342407488838268	0.20010895325119027	-0.3034937690894933	0.1747622300088944	-0.1356286675880227	0.31538173426661265	0.047603059456885886	-0.8135097420315891	0.8307625680084092	0.5156035176491738	-0.741150364580134	0.160918161164954	-1.1018641343926199	0.2618529589396127	-0.3116708953395346	-0.3123887662995469	0.7985956763648984	-0.10321430073284829	-0.09097298443057478	0.4850184405246858	-0.2800439480141665	-0.48971198611161115	0.08306001374948781	-0.029622172997512287	0.4404468777398046	0.17428239520588457	0.2772728318871723	0.5234013351952709	-0.5087943729475692	0.09093231999854305	-0.048339784406584096	0.023922528643598392	-0.26916920485155726	0.44471367986106825	0.007407188138013866	0.17248794788370672	-0.5881393683528399	0.7166155740917454	0.40690356007874273	0.49667045278144567	0.39779837782484256	-0.20831904984479901	-0.4732409732035671	0.005623550241757771	-0.15545854848233492	-0.4958073842972427	-0.09214432923364674	-0.26813910122487944	-0.366573563025936	-0.13068457746688206	0.14693640623038337	0.1428364208419665	-0.18902132190173018	0.22698423529086262	-0.15292952548605007	0.0884638050930352	-0.04078122592046294	-0.3364071340242462	-0.2846734952530426
DTXSID2044975	0.17303466283179164	2.1925581977926765	-3.7013085846594844	-0.3507749248237907	5.17505974475539	0.4430350086747703	2.506602582003965	2.7840754887703913	0.10387961936007782	-1.520047571560723	-0.6102627463653638	1.358619697962259	1.4093693162406276	-0.03909840872061778	0.0730977970565759	-0.28447150140298333	1.8634509040719203	-2.6094315669257613	-1.940479368010705	-1.9600342215073474	-0.6627965878578171	-0.47855344000666006	0.2728024261076188	1.8500049537186554	-0.99369716422161	0.16675750409960466	-0.22887175647700414	-0.8390909111626598	-0.9448998908890367	-1.2078714936158752	0.24398350892332696	1.0458278722246213	-0.8620427449409949	1.453516014099611	1.09853883939994	-0.6540101505419799	-0.7553068207685839	-0.43440750434365527	-0.09002087296563238	-1.0409602517415588	0.5287735207918468	-0.5378113527098617	-0.18148384696232836	-0.8188908734320401	1.7088674775016193	1.1740787534685928	-1.354409247294265	1.4977174963038091	-0.9422324390215456	1.4292499726886545	1.3377086029023368	-0.35234093620611895	1.0761835689089112	-0.7257611736228773	0.5021349707107494	-0.0704330273265187	0.06835668796484434	1.255374594409515	2.69974156777744	-0.02695223855667624	-0.8535426568504801	0.06575313008922025	0.2962489858634949	-0.08085608837939681	2.1091278105041553	0.3159051327615505	1.209217859996829	0.6327707390399667	0.8310400715125708	-0.553957610978848	-1.6957866674732855	-1.812795055305354	0.18760719587943556	-1.597947843508252	1.9959959514295245	-0.21667466187698103	0.4633264898439159	0.1438414389205649	-0.8604421959595882	0.43339628896130633	-0.17296345391791232	-0.24652098019637958	0.8812126480954285	-0.5007917868566408	-1.6450261571913067	-1.1762067427901883	-0.7560245277456945	-0.4089954232116333	-0.904412476539494	-0.968890797659475	-0.13576212479970212	0.43387726793286086	0.8956196255718872	1.0160504135160737	-1.4699381020527036	-0.5374493409356655	0.8252754327796923	-0.14368014732016363	0.5106619683611383	0.36008132039178053
DTXSID6038798	-4.920886533559413	0.3000152288805746	0.7758327075761188	-0.008387546897544089	1.0967303750749398	0.6413956839094165	0.20881989993796893	-0.7682527603839788	1.0004575846660135	0.40512425465132595	3.0666816192655775	1.1007148756969993	0.24142264948385792	-0.49456333549931336	-0.2215082070499108	0.5685255896519797	0.005853612757490581	-0.2996191070348457	0.6399253153768815	-1.075785753297266	-0.3102281731625118	-0.9803884936926619	0.7430547623430654	-1.2835593360379938	-0.7335025072455933	1.2517273199365742	-0.4062039377580094	-0.9069218698129685	-1.3308035377393765	0.33242756084054176	0.09937297677297638	0.3729565559599689	-1.580212268351363	0.012866479728163687	-0.30531187153930334	1.4250104040061906	0.18579702012445476	1.7827058455621128	-0.47011280601896827	-0.9083235183942213	1.1483693256717313	2.0640053264918192	-0.010317694766932633	-1.1960069820477042	0.40661581025690263	0.507534242983014	-0.09495385251513146	1.479873041051517	0.11377518743026777	-0.7402645619251563	-0.24418194345544653	0.015612100069014652	-0.9053883124312901	-0.3741895026906362	1.3059997636127834	0.2336856313701951	1.131325523222047	-1.1581422817462315	0.5504031740684902	0.4657326766283487	-0.321450539635365	0.4016575564055013	0.43509889343727653	-0.5299279202646384	0.7579148891672355	-0.3313520944998934	0.09753986114135256	0.11505046047242601	-0.37044124913132803	0.5992169206553156	-0.8015759892774016	-0.08366751441605332	-0.6924189280321947	0.28330795133590947	0.2342967341254805	0.888567482217617	-0.38485095441892736	-1.0366214015701314	0.5764186350668563	0.6425591461910918	-0.5562655404997413	0.09060238228327613	0.3545487958185939	-0.2705395230959543	-0.20035855365429092	0.14026714359788237	0.44054695912643693	-0.660941484067159	-0.18468868983337877	-0.5081319808114777	-0.5644200182180962	0.3152627072279062	-0.2887103092169782	-0.08765159736978423	-0.10474596128232981	-0.03219952848964722	0.05531024469091154	-0.22350414270175212	0.02370066162261466	0.6954780058572751
DTXSID0024553	-6.176137853383018	-1.2186259045839778	-4.924755575108452	6.438556018921068	-3.6357578992936066	6.984723898095058	-1.468876164960533	-0.2575683166291863	-3.847004113768013	-3.857751839829236	-2.47639008998225	2.30510662203521	1.0857034953579647	-0.5781758752402338	0.7296250018480958	1.5508686118709298	-0.7806006773413524	-1.8681149829159087	-1.7384704661852917	-2.407899066573573	1.0317028652107112	3.01498073206396	0.8767586732036531	1.042514995947882	-2.5992645136753523	-5.050738492335341	-0.36530292175384915	-0.2516105955128906	0.47476239939534354	-0.27096605495134274	1.1573966650411407	-0.2199622445604681	5.4884834766597566	-1.3327956725785415	1.1196365307592193	-5.114676683500102	-0.2045372921102904	2.5264118430258495	-0.09034119388991885	-2.1730908206495907	0.2701503150056812	0.3035494957564706	-2.204229051571314	0.7635890954902422	-4.100060906232308	-3.4694820712051726	2.772717931679209	2.5039277836284044	-1.58668057346241	0.7862931459561504	5.508353615022306	6.206218962507424	-3.1862749254554905	-5.181255297737653	4.926812202003076	1.9122460680548712	3.2809726350077475	-4.339698084683787	-2.111466810289284	-2.4834331980297195	0.5321833668052598	-4.614683578347834	-0.5742075601717662	-0.6029075218746702	-0.30601966855475393	0.01975051013117875	1.857633155671011	0.9377322376839909	-1.6540435922321275	-1.3606778917919746	0.080017792319906	-0.7922356844607674	-1.0479311707007053	-0.21336272101278836	-1.2084969076023342	2.3069080253266416	-1.754103961067001	0.8017867661897563	0.7299591367852626	-1.0849009396402816	-1.4051220329926017	1.3218788660511405	1.1110848378801108	-0.07375348221852193	0.2615828998997181	1.2559955045978304	1.523436378457532	1.1580867863585917	0.6585171859417288	-0.22047010082925483	-0.20124645201963964	0.5724452547737783	-0.44286305079845567	0.3163104525921132	1.4130336206636454	0.35845561731600856	-0.008388131702586383	-0.21492732912821821	0.4309690277160026	-1.022582997787866
DTXSID6024204	-2.766818894010563	0.2954264182064145	-3.030566445961523	-0.42416905980067027	-1.0732109953034497	-1.6252602489316743	2.5613203337044363	4.781474351584459	1.4147061589209855	-2.3476257750515166	-0.4168456884117591	-0.06963966331700393	0.10247599446722858	-0.0630700551140334	-0.9898201314755015	0.41706835721507834	-0.8953301576751375	-0.08059455948877563	-0.3594163115808896	-1.1170729182480326	-0.24262705315709576	-1.1782411471478986	-2.0346849949158132	-0.9454089232044742	0.7969465379520888	0.09941846629843616	-0.7162858251733027	-0.7993460937997862	1.2311926795093613	-0.7515861007846573	0.10562102495993117	0.019049865634125744	-0.24999896562861845	0.13048090738624388	0.003273435477193068	0.1732875231699975	1.5198052407691438	-0.7504640745711783	1.2212126576905755	-1.2829280164070962	-0.4071545700438836	0.272974424893046	0.9676222869647167	-0.4927555856605179	-0.24478157593807612	-0.9724738894734996	0.8987240765138429	-0.18499990876515013	0.13154462866508346	0.4466655559402538	-0.07084321673997801	-0.3326283428215706	0.8627025760469447	-0.05884831052671114	-0.07243998880626384	0.09700541082535742	1.299765802359587	0.22689753120877032	-1.1373028567279528	1.3899542464159549	-0.2556178976684764	0.1727887017943995	-0.08499521046795887	-0.7611452985198868	-1.34948389916366	-0.47477092526033854	0.07817115839147723	1.0651391790469815	-1.4041159010710387	-0.7744978850891159	-0.5505665819866815	-1.3587399751037013	0.4769956704801656	0.5887999624153233	-1.338192718474128	0.1486747813153546	-0.3554803573181314	-0.11715110463151102	-0.7507244793697642	-0.472973095413819	-0.9045663423154523	-1.304398819937174	-0.22599486001930938	0.10905029726536826	0.35435669895640814	0.08906712340131977	1.172107067968224	-0.19001046107764172	-0.5346628742109364	-0.7165320264224732	0.700370531004075	-0.4507963873101251	-1.1690863279945154	-0.5214194765917669	1.4426613066685594	-0.7840465932686738	0.6275295451846992	0.25052682909611845	-0.059704999485105506	-0.2452870373682634
DTXSID1034266	-3.4530640798613463	-0.6361815529519759	-3.739267837547535	5.234698043110482	2.6053999839994324	-0.038393684667780405	-1.5977806613758772	2.413167532476064	0.23262070118210798	-2.5365142915729297	-0.9647332820487845	-1.0204268473332103	0.33337825380855884	6.446660115471483	-0.03369935937204492	-0.3583171803164085	-1.0891386151617268	-1.0202188964014758	3.080455127315424	0.4930223982691736	-0.08218209273183459	0.9416648206032405	0.05995941749792946	-0.1349566376945623	0.3648270180731733	-0.780566169240357	-0.4520410454731138	-1.2678019698097942	-0.2619039858255891	0.012775747358850315	1.6216796627178567	-0.13336752674355534	0.21611006714623654	-0.5020976788018688	-1.1191597419158255	0.5151695546370588	0.6422666566630942	1.0608213132834927	0.08772947313902536	0.23028636283944928	-0.18675344251520748	0.32011372265005256	-0.2447863152482403	0.19638389711015372	-0.41066486422834375	-1.0679764621190981	-0.09388200806822246	-0.16610791740102282	-0.27562224550816317	0.015387941926230775	-0.8455519514532669	-0.4834772758351813	0.11521260417987125	-0.6050976925356977	-0.8718990427422069	0.7284160199907365	-0.4611073832793636	-0.8858985081577496	-0.022033802522428498	0.29643370230739957	0.02732683064678634	-0.05342181865285	0.5902968126144407	-0.2927666878577424	-0.5499947282485713	-0.24949887832210974	0.29142622394036366	-0.1573177692079509	-0.41546867986778324	0.3946086856319491	-0.688319331731296	-0.08884810015445142	-0.6449192764742324	0.2707596379907943	0.10427008213557527	0.707418399091665	-0.3296833991732933	0.27638019528672786	-0.46722852355214195	-0.3823054103764582	-0.5708799038811838	-0.9159952298191574	-0.17684070184429332	-0.365476146163866	-0.312869899419805	-1.0819973264200706	0.25823215144798994	1.064580020604385	-0.05588702127919532	0.08093845775314944	-0.09227899463093056	-0.33953718227400814	-0.3149219400981673	-0.3720446153364964	-1.1617900185904273	-0.1609653479115699	-0.6965332087763839	0.27559690285859584	-0.5933320890087793	0.731612804080391
DTXSID3023007	-1.3368003814127525	-0.49002134890871585	-0.9158345897206225	2.9247004719718204	-0.24250537252011045	0.5125757257398669	2.3644683744655977	-0.6236507860414022	0.5017621929823084	-0.4012954209122305	2.643531461765339	-0.7765283896131311	-0.769208829963602	-0.06829429082675069	0.16952891000985962	-0.20909633220162166	1.6036945581714488	-0.610860138589911	-0.07545162762317326	-1.6486733742638477	-0.20617058068942232	-0.9141126947775096	0.2717172376728412	-0.35186730247324643	0.2218003407805616	0.9488462154597207	0.9291348720119029	0.3211650718285369	-0.21661365710968236	0.6783184933001192	0.4925149560345499	0.08628481705454352	0.5626379097162315	0.18189153028550029	0.3872270334811256	0.5899936343073952	-0.6899232618099068	0.32680311410984675	-0.39776158037104203	-0.17672358898678622	0.33082159742632733	0.023579203515612313	-0.03890524876046962	0.28529716438926156	0.14921944289514177	0.05592634390963579	0.59366459328955	-0.5117243927816056	-0.40026087565534313	-0.5160739936555306	0.70369133896772	-0.6521988596143441	0.38326855171395635	-0.07301565546927063	0.5643406277976936	-0.1849806866595252	0.17744912977847116	0.405916866982601	0.8294212856099954	-0.6051778362101501	-0.9213812889382247	0.6792036927291676	-0.5431703759277385	1.2897454911207014	-0.20470922654656742	0.15525141132951867	0.31515072947199707	0.6602166882784433	-0.815644812710531	0.32524624710748007	-1.851803665718891	0.011496845576370044	0.19774116816132425	-0.11621959502700326	-0.29969069380235147	0.0022655008815641157	0.08467446708960766	0.4783811538723877	0.241052875383221	-0.3806393818303978	-0.3199260433825521	-0.23597176257572378	-0.23976085083882964	-0.06465422609895316	-0.6988839192538155	-0.1002723457641774	0.27016244589903865	-0.5107304650816477	-0.5439459306494742	0.11812324341882169	0.30881646885390895	0.6547386750660285	0.05369396161686478	0.8818916243347009	-0.3202834512815548	-0.4681042790182732	-0.6435036990223548	-0.36533345129417977	0.28875576496380984	0.18452947706954492
DTXSID9046281	2.4631183217225034	-2.583672240310438	1.1646747204051369	-1.7169225911227928	-0.5029181968609736	-2.1878924294428397	3.6029549418344655	2.1708470318865585	1.6024169612588148	-5.564175087799031	-2.9515880463003885	-2.8245689387749615	3.651465451030344	2.608874979840706	-1.5597774260603745	-1.3791959030826062	-0.45165929739613764	1.3012283573766639	3.083635005200045	1.615867946744237	0.13757713562860022	0.9101096387819119	-1.0908017943306327	-1.7943186434135803	0.696448922319066	0.5560140854335108	-0.5814476573778522	-0.25647594407562463	-0.20993360845215267	-0.003905006817552647	-1.6970602453382888	2.2316505807508595	-1.1128040246956752	4.442466921523793	1.1708221542884505	-1.0919103315151644	-4.337267946316885	8.250243545495735	-1.440051664382571	-3.1441481926723234	-5.105080802213749	5.3273526018349395	4.965025974665196	7.466492506922971	-1.1864514359517386	-4.550457729766434	-1.3131039209556958	-3.477601867926643	0.29309789727351987	-0.3522153839731871	-1.9338624838621692	0.8689220020478835	-0.2213666347299815	-1.3433646650617654	-2.2891065126944925	0.1462981467990276	-2.110952672183642	-1.8103467176938197	1.8201777721859185	1.7601467220544087	-1.6550329118046851	-1.1751434341365623	1.1678181111386012	-0.9245265302887015	0.05831580444815495	1.8516198490158318	-0.5896515139215907	1.210356941420754	-0.661895305039836	1.355587434863986	-2.0769722235087147	-0.43661855752924744	-1.5289353598970072	-1.388951079459846	-0.4951087039346948	0.3753798741524778	-0.0748285828923718	-0.6434503949142829	2.340746187591834	0.4674967794186443	0.36073534352938225	1.8115363119602534	0.3123668456099724	-0.4613601188605709	-0.2849911809208957	0.3969912071889831	0.8342712641563128	-0.8175290050787206	-0.2246012371612113	-0.140876836851858	-0.8340220624926333	0.3763146231476193	0.6311616252596671	-1.1594967670321112	-0.0025027318525967877	-0.40574693896889746	0.5708279957594722	-1.0133839350795304	-0.14411151312922407	0.4177488147272999
DTXSID4046280	7.791467100183033	4.523251171711492	0.7939288898515668	-0.5781069209445145	-0.44937794215130233	0.08765563126414114	-0.10089262301298305	1.3771937893766755	-0.6943151886807561	3.041189451776073	2.0724130517349115	0.7344853454236223	-0.854608991879574	0.3237390826536277	1.3570570044403925	-0.6132082303145013	0.4802548278198566	-0.1872034416614176	2.7459981710296675	2.1895116761167936	1.636822567932324	-0.21436325931159445	0.4878086674538455	-0.4661330943781985	-0.5492024260871808	-1.0020268499733043	-0.8073538264885257	1.1801237686339576	-0.4191060570749237	-0.0015426247468042441	-0.7072805785450701	0.13768179194129426	0.10063768161875643	1.3198611074675723	-0.951744853186656	0.43040989263952323	0.35402933618328086	-0.6085414499276677	1.760752208190527	0.39029209022156947	0.4598056387986607	1.1835083047646193	-0.6439015872170204	0.15771240807193376	-0.4218317673807979	-1.984841499638542	-1.5863857968472592	-0.1727050569621171	-0.8001514507882818	0.04248960932403403	0.8180692825217787	0.21114040707390622	-0.8493157176229944	0.6031472134083498	0.00997796710411687	2.609572756589453	2.041480891888949	1.855946636611962	-0.26504413939088173	-1.8690682994600238	-0.8079875663146157	-0.5872128475309741	-0.5869761320020219	-1.4919610859255787	-1.3051757908879371	-1.063648545412418	0.7863561570920422	-1.3168504988938503	-0.12679266141450687	-0.19607383546189525	-1.1838864013263701	2.714536753670898	1.83455765942485	1.0159814138390508	1.4292402643077686	1.9872482552096298	-0.27722013033942905	-1.5747483125248667	0.3452675595474985	2.0896768771139196	0.350479502813796	0.2733649285367793	2.4484841167360005	3.258887949501707	-1.115263990383867	-4.4578101490977335	-1.5088265030064836	-1.8449934888533388	-1.3242500034728588	2.7056468049001006	-0.49057254038780584	3.7486683227248045	-1.6983915248808072	2.090235058357632	1.7558401806240922	-2.669363801624217	1.2305241587224252	0.8507402353735503	-1.8865615698622478	0.2142703852958043
DTXSID5025237	-7.443088811988578	3.1396435410574925	-3.7789485790059607	-0.47549212802961693	-2.3178778550226826	-1.079303824051727	3.036779089774836	-0.33347012984868096	-0.2166896104607122	0.7351929558808376	0.14004823556198523	0.5223402817792835	1.415973257742071	0.7619848948781537	-0.07708657490144642	0.5464784830328652	-1.1036537420910792	-2.766443379805226	3.3049585864526723	2.7902255820821056	-2.9208085473992385	3.86059577406051	0.8260816775586846	-0.5229490244788955	-0.3720960837063905	0.9859274218961838	-2.1219043962414768	-3.0779008251249858	0.8592329439411385	0.9843142794534646	0.28657155588180405	-0.5732755911500886	-0.9801976013938584	1.404385180548378	-1.3083506244300467	-2.965257589271703	0.8611726538417296	-3.061939521644159	-4.170438988716843	8.476701621340732	2.6816914132235397	3.1207940087984274	2.6481163244844605	-2.1091477889012054	2.2744258252697063	-4.782489215287369	5.890433920076039	1.5358249497155039	6.177477994067212	0.4824929496366631	2.9245988897537716	-1.5256439566490227	-3.123555310905807	-0.5051122952694675	-2.2278672889343496	-0.6457989317324502	-0.04349019036076634	-0.7603746039945262	2.491219369764174	-1.5493426927129788	-1.0980684006953065	-0.1661671543971158	1.167921173779453	0.7449181609714979	1.8334805624995407	0.9771704742798184	-0.903411446266275	1.044547210833892	0.8421705967490122	1.5317770180681456	-1.2757562486230298	-2.3455227821278233	0.0520011938500689	-1.6970254824370665	0.25806999169242023	-0.727888653245181	-0.34397750999301424	-0.3557526194717769	0.4304043461468231	0.6608347062952136	0.6135131655980982	-1.7269698770412496	0.4433737767549158	0.08060937614299317	0.6513063837748096	0.004238453155436516	0.16025752854319097	-0.08845788952120241	-0.6230422104386147	0.4730593621228054	0.2440622552346748	0.18092159670036922	-0.8405678304320805	0.05913077330953954	-0.4276426330844961	0.572951949346621	-1.070620439181458	-0.8528142519650259	-0.8653946298569478	0.02511347633914593
DTXSID8044886	4.2233715013428	-2.5798784473253558	-0.3975240525442924	2.072858263199302	-1.5297342963420777	3.9461082583314884	3.3904603777442945	-7.577010570240913	-0.5892552973450251	0.7022607857464237	3.595746522887309	1.0224621471959194	1.5483337472651129	1.7877142404366702	-4.459471620481507	2.4072974453734	-0.27798505367861415	1.8895291176612241	-0.3022090040757128	9.764819615719835	-3.819600107016922	4.111447487231829	3.4026939739871143	-5.805611884358942	6.555978803335069	-3.038649403809165	-4.373982417059655	-0.02516134930295192	1.8277330579766	-3.7219804910911103	-3.422610969836809	-11.66204591789189	-5.359147602369554	-3.259078362753605	5.7467584254053925	-10.081863472825606	1.0351650975072413	-1.5018281901941304	15.700050178656554	4.244291225169008	-14.877155630049451	5.960149615044473	-5.507455395043715	2.762131697107572	5.718372718730004	18.777429561038442	4.284217899185445	-6.010742855454717	-4.9145052613539555	5.980685005616354	1.52556670538637	-4.36727629484965	-3.9721130242017795	-3.6135853439401524	-0.46525871086142434	-6.101933418009576	6.643393172002407	-2.678151807799094	-0.9236419179970993	-0.824661968003023	-0.9821422172279118	-2.9734155525265726	2.7957868735259486	-1.0088374610268407	0.48436867153526525	-1.09830886865826	-1.340988596666077	2.3570786134019834	-1.370016603822483	5.257413557436981	-4.477640689300359	-1.5074366853844783	-4.238582697824664	-1.727957232549014	1.1586144906216698	2.0772012015888213	-2.8519452994429257	-2.802904104454596	-1.216580239649873	-1.5015903931691927	-4.1179098248274535	0.2763311127621165	3.0737694302743996	3.0127743435196153	-0.12627253388317625	0.13110980126144167	-0.5496185482658487	0.28606624711092343	1.5278305505709002	0.6701603531054947	-0.4302127785755379	-0.34692882019146815	1.32905867549459	1.483748481170395	-0.9347148021262861	-0.7631965373201105	0.6350393409889051	0.03133701614912883	-0.7756419046694107	-0.9450668604295801
DTXSID8051914	0.13818485735407168	-5.530194771684121	6.892093483629325	0.8455910602223019	0.7289053280873689	3.7295231594753195	-2.3664563352837162	4.828925239042936	1.5155335798487777	0.9232684485427929	2.5049844088933124	1.828877122110129	-1.5832242041693532	0.9383816133401912	-0.8837972874455509	1.5723660117774478	0.22001901044079586	-0.6279068965667229	0.8591082858008233	-0.7268570034264976	-0.5048178381828031	0.13708446415159353	-0.678990623378139	0.2639561577081744	0.7107562072265384	-1.4780128976087588	-0.5368607985598711	0.17614937019885163	-0.5338279558926784	1.6590487317358122	-0.9846590109486943	-1.1587955520684599	-0.43448197040780306	0.5296173532871767	0.7470733499314485	0.5765498297841116	0.10376445108507329	-0.8134619460740505	0.283635608857754	0.2911021382643795	0.8008898919067446	1.340744067377293	0.485608431582577	-0.8114742997298267	-0.389034069073301	0.07133163297165923	-0.9324977992145639	-0.10874985640677967	-0.3688527784154861	-1.0655805168939367	-0.09167269680927317	0.47645225965968635	-0.1941793874918524	-0.7775459648040882	-0.013872878474024292	0.4588918411704122	-0.06245569542868779	0.47615977558857214	-1.7472803522966684	0.36018288427478495	0.20512131320670118	0.6625438854356451	-0.8625363672839658	-0.5546798710634104	0.7391257943908264	0.17158252199448837	0.24875011956877682	-0.27479318628985	0.5716095508095826	0.01230228732922305	-0.45329731625590813	0.6021215185459321	0.5654793190335468	-0.5616650136154987	-0.003789050854727826	0.2770322174280361	-0.48181513695612826	-0.0030924864085378635	-0.39323553657455335	-0.6724682370667602	-0.08574057422855261	-0.14329199604753062	0.062109036285889645	0.6817614956416788	-0.09345877444144128	0.5864885018990522	-0.025836030829905626	-0.5402530884974786	-0.7970419143772337	-0.07502316407975901	0.20019286117040105	0.10837740242762618	-0.004851801298677281	0.057003916922538374	0.22827368108574284	-0.28092245986189	-0.16125202067300093	-0.06108491555001192	0.14049430701671742	-0.10326696093648835
DTXSID3034618	6.198874247884274	-5.769338375890306	-4.239820298477022	-0.3864251992137693	-2.8436474927985786	-1.9413463042066668	-1.3778819026010436	-2.502343535857533	2.359726506583871	-2.6674125608719335	-0.11576957195527389	4.0212432023565965	-1.0368612242626658	-0.8479220655148744	0.8756654679558135	-1.360070213152843	0.6846051831886263	-2.015234203141283	0.5646709106356411	2.226685048364482	-1.148192291792265	0.2899067677389439	-1.15455982132507	-1.1952444508298519	1.0372585555682547	2.1150507479009812	1.6053990221532621	-0.13325126682899155	-1.0024732338827038	-0.9120259439671387	-0.5323890347383922	0.5815192820349891	0.9019834528259163	0.8722164733108734	-0.44925877677039017	0.4304611016372341	0.869785203775441	0.45686337307042746	0.09212973030208531	-0.2676093844137101	-0.3867570388251031	0.2708864724977694	0.5486591103126206	-0.6525735415494719	0.6256994666520308	0.8848131757570434	0.12553883393623017	0.18257637580361782	0.5086218831726581	-0.47800762568895455	-0.9658592855744308	-0.02129511768603524	1.5928185521185783	-0.3384791959715049	1.0712779413330498	-0.7092043870139534	0.5397184327853864	0.06071399338768608	0.22777820976439994	0.9158283087674257	0.1492034890285798	0.6362241933199673	-0.3932428900793546	-0.4233094369570673	-0.4299763844993866	-0.539144969765075	-0.2939201922918131	0.0773571963781455	-0.2942778281904388	-0.10765848702918633	-1.1306889221935532	-0.3242282581904931	0.17568600592032738	-0.40496816068304897	-0.642816948348861	0.28033295362777116	0.28119990584325616	-0.2908442382099387	0.6414880747162585	0.3669190860866575	0.10115926652040999	-0.22290070898285883	0.34400034481519376	0.8326053450896004	0.4341159327132846	0.03262158150184474	0.7488949238051145	-0.8000907027880007	-1.0505670850864772	0.6633260424916012	0.3262479382932434	-0.4395697975327984	-0.23793258923022936	0.39357525423858597	0.04751613093973339	-0.005126502551020563	-0.13809186267503115	0.6605711488138574	0.22433253036488401	0.7015820971860797
DTXSID4057764	0.4595449143187848	-0.7338917106186063	-0.7939969648368261	-3.148560800255742	-3.815282214267711	-1.364636350369443	3.526037774051032	3.9733663202984952	-2.5680076238489917	-2.480610348270884	-2.467770094481339	-1.467035936918753	1.8940403201648088	-0.9586430280402269	2.279313645298906	1.0748916737452492	-0.3804295324692485	3.5293058000090696	3.314830080883778	1.4847215624590082	-8.763826206584808	-4.309841133994027	6.791715789813985	4.716610146425452	5.650675200811688	0.22068462964810023	-1.5763733567304727	1.1697113304986295	-0.8718839500009252	0.8523697787716815	-2.2811290922473244	3.250560464662843	1.0724310591359834	4.045366438720347	1.4901704033984915	-3.0101051125692173	-3.8139618834809372	6.77826714515151	0.7614484806923065	-3.9073158675420614	-3.918008485024404	5.620007295061823	5.5785832630918435	6.93990134566432	-0.8129565150099042	-5.275463959518679	-1.7063879831888888	-1.9763602495825876	1.9843197124807839	-0.26071309366706136	-2.947378865080778	1.0370351795828816	-1.0254628238646928	-0.7539613089998772	-2.908167795945558	-1.7822266200482844	-1.9264166171718795	-1.5780167949619939	0.06986145704918191	1.2912856151093925	0.7395601991274238	0.7995121070959864	0.8636817207125524	0.9229624662761449	2.369386080012563	1.1229829229177355	-0.015387175910786989	0.6454272823863434	-1.8752289907882216	0.5377698911623557	-0.767257573809015	-0.5802203690222112	-2.834224354034997	-2.0740190266143466	1.7158609415810007	0.3695557346093807	-0.7647387804655958	-0.808448371534707	2.2097598926284556	1.612941695040817	1.2727572318702343	1.154768760896669	0.2657425856343443	-0.12902020424183297	-2.4672959070624088	1.0856551763205733	-0.9066784903658615	0.3693617891087369	-2.3670565648384865	-0.24663546573763898	-0.1989571632609637	0.17497786278846955	1.1626674676689803	-1.0878970830979602	-0.03251093705429984	-1.2368322465151944	1.644454966051416	-0.10035152002148838	-1.5700594199251472	-0.7071001678436167
DTXSID5046778	14.103288349575553	-2.552027169179037	3.919683247108506	-0.03958195940560779	-4.024953492523805	-0.3544877946112509	6.862477388292916	4.322814785408812	-2.0986325729480217	1.872837318253255	-2.9757944740047355	-0.5023553662920045	3.8491442653446386	-3.1995075738582335	-1.0466954662836636	-0.41008391018543094	-0.9639168324806989	-0.46013590548797273	1.5343323632903616	1.2082900017398581	-1.679326727347932	1.6557534617670986	2.0178736566352398	-3.800685802834045	2.800016875417668	0.7811885770612126	-0.9400106463268953	-1.599291407077504	-1.4800034726703994	-1.2852567842413178	-0.8201902341928772	-2.391011418004672	-0.8757333058503769	-1.7553085984557233	-1.629500803619268	1.471326539353554	2.6132858821864127	2.3640862242980187	-2.6359032916361316	-1.7183088764104755	-0.17794279152485537	0.4513961584420341	0.19459029692793317	-1.1110034319531044	-1.4101184460158513	0.9664800862064856	-1.1820536312736538	1.0787309598324206	1.5693599919905126	-0.03455578993520645	-2.079586224279695	-1.6699724133865959	0.21424704881921933	-1.725268704131549	0.8017751380280527	0.970269585107215	0.3891354504829971	-3.1809451244704507	3.7595345833465452	0.7374309033876415	-1.226799333443002	-2.5815105845218316	0.6845516543732534	-2.0565405566791086	-1.381882955622812	-0.46604921057423726	0.7454750809519757	-2.4965507831935767	0.8746648353127863	-0.19378267701379573	1.91096051486922	-1.3297456220836066	0.27598567156684645	-0.9081085048648755	-2.191655874996254	-0.3317941121663043	0.037876399034807336	-1.3172168440671113	0.9844046619453595	1.4451590439282342	-0.7390536356635514	3.349857818514084	-1.113701098429292	1.3149303118315756	3.167502535363311	-2.171806043934974	0.20913528815482318	-0.567729082926362	0.41558767584433565	-1.9668683526162851	-0.7108332721629995	1.0667874780999806	-0.07683983148402145	0.71360992083185	-0.9042732075512967	-2.178563808631678	0.9140571194295097	0.1627596965797662	-1.529449965636464	-1.3152355401390168
DTXSID3045190	6.5708337225957925	-4.9933927693982145	-0.7631714413585929	4.170725970187684	2.7060953794472025	-0.38007294597739893	6.244528290811074	3.4901406179837777	-2.5842268211369657	-2.7702329107898933	-5.212964724694698	-1.5650495778966906	3.2077661223114133	7.173427439604608	-0.05676397628584594	-2.85234074179152	-3.6662743983770927	-0.14902719431784853	7.533060695177381	2.5848546368010465	3.139975058342283	-1.1967863361378446	-0.7256027802209032	-2.5928391867601532	0.5037312070422795	1.7936932753117436	0.491811269632086	1.1147716118671886	-0.22712864203349606	-0.6321645920098399	0.07880156253903678	0.8423872476275275	-2.3732912530209567	0.6743775791886287	-0.8279318535822875	1.800330011985918	-0.8265437634751293	3.4241289054126853	-1.73365894341066	0.8221192583611474	1.3757440149492577	1.0600819002649549	-2.869183791602532	-0.06320056573110369	0.19263843408764106	1.537571080021689	-1.8476898179418335	0.9639601468037321	0.2379195464341604	1.6889720503762047	-0.46904753031199575	-0.5274234045759927	-2.933237859901452	-3.0983051875607135	-1.3556674444729138	2.553531508049952	2.062425649277171	-0.4542184583252893	-2.46368675167365	1.004893664132642	-0.4813959963078794	-2.586464023962711	1.5155255163593961	0.618779657284843	0.719051769810107	-1.9716422045303776	-0.8471614288250687	-1.5494793723410687	0.44128097927888227	0.3406314117162855	-0.013431421530220049	-1.3741179243639798	-0.10600287071923663	-0.03801283903783567	1.4053250086571192	-1.4190224289833728	-2.783839583644191	0.9035758002199222	2.341562809754758	-0.529153933327655	0.542386049118465	0.20339071963352084	1.9863245882538774	-4.263777633916413	-3.298110438376593	1.401103802537383	-1.0120004371506441	-0.47461944630161557	-0.29910043083061855	-0.8318434129722199	1.7935820330768586	-2.077761368116781	2.267106652405402	-0.40339888667749446	0.30282033062432867	3.770501696348712	-0.6568443766471732	-0.7199750299801186	0.9205806375705182	3.548873468597133
DTXSID1027184	7.178871300825014	2.0136965141155314	-3.820747918817814	-5.5887060616257385	2.9586507258122734	-3.15990155349348	-3.6985603131539433	0.42846910758435786	-3.3923658292510313	4.86157884785084	-1.4222588121897397	-1.701488072098744	-3.498116476570489	-1.7845443241827557	-6.363752193887566	-3.395067123271856	-5.102364961348457	-1.8597538290272295	-0.6342745181626408	0.7518599284942618	-1.574977633511868	-0.690058386457335	2.242664992280349	-0.2762528962231618	-4.089886471900293	-1.2233672838227094	0.5179733701138242	1.0056790348525164	2.32217904313018	-1.169796314376882	-2.770175304379026	-0.5009369813086133	-2.0773931837967274	-1.043218236555575	4.476516608101159	-0.539927544340724	-1.8821920386302096	-1.3245117090935044	-0.5205861225102396	-1.999458551545566	2.0677145831489248	0.9464938965761698	0.6494980629498198	-0.2193495006257141	0.6893660361047003	0.31788164503873956	0.2631032407027768	1.46745792242852	1.3972224235035746	1.808270314469537	-2.3209311339953946	3.0152479267355443	3.126984229616815	-3.0417977874319266	-0.47277440867873677	-2.7720899461119077	4.000498460719468	-2.393804266905568	-2.900604830034568	-2.0277199270222126	-0.754107068906413	0.5345301276426522	0.6313437245449376	-1.5913091743575933	-1.3644858342536432	3.412930591084565	-0.6407719920206649	-3.1278309387966843	-1.6780991453982284	3.0588864481495084	3.92832396612734	0.05150279487725585	-2.4756600211698196	2.0144981408590437	2.11221000277255	1.6143412126876595	1.5000013974146662	0.3881439702463526	0.3874846935799613	-1.8226385787302366	3.28781821102469	4.9101415388936935	-7.022806225898647	-1.427412017347487	-1.257654070310873	1.6402583495696037	-0.36825844563238785	-3.264187429060553	-3.9024646039656714	-0.25828390419697544	3.7606565709473796	-0.481736295038678	-4.367338240906677	6.591402453841581	0.3490109694854517	2.250543546949197	-2.897542988826473	0.05681613122706749	-2.9636030930623183	-1.287080238388027
DTXSID2046703	20.04357122434692	-6.221157536799944	10.800695769428039	-6.552451141513122	4.023331075503285	-4.78595586745728	3.9298320701355767	4.234695246246079	0.4926553867750256	-3.9898103361046044	-2.244203094405384	-1.124039973447736	-1.5574024432114115	-2.885565398646176	-0.44398750415042176	0.09103223207821844	0.6848005438169921	0.9742116674894357	-3.886602778315793	0.26232072554558683	-1.5535834558677777	-2.350703903318296	-4.2183603940096805	-0.24274029019427293	0.42565689094846937	-0.11759649622444344	0.895709114259165	-2.3139413294823217	1.3170935536088113	-2.9169707826598583	-0.12408524732361864	0.28390278030729177	0.7301917332789144	-0.9018245022455945	-0.004947925582152454	-0.22235528178858174	0.36650574544104514	-2.5438851853105704	-0.9979243380480184	-1.9181420854459212	-1.4068669593128915	-1.661403942179157	2.1906119256382715	-1.342743197697338	-1.5659521289778755	0.30424307779301873	1.720131436306586	0.5160419028413226	-1.8560743109316054	0.23112448300260896	1.3527648025944912	-0.005795690829694649	-0.3271869228221165	-2.368870281399979	-0.6082657108118378	-0.3169950650178438	-0.6508988533798102	-4.515309037521776	-0.05004576734220225	-0.566480085366654	0.23572036857099649	-0.39978084323720064	-1.0328295451546727	-1.12758712697649	-2.5655815926533365	-1.676312206645211	-1.5055230617166961	0.7215759931494377	-0.9785146158718121	0.5493706544235583	0.5300646449902534	-1.0743974908046696	0.46878640582484327	1.4784007213565638	0.855691036608028	0.5349638089779611	-0.012872990599169291	2.032076166435732	-2.2419418932145736	-1.485049370997477	0.022177915034750386	0.4992487930412559	-1.4106409285325225	0.15099273447837067	0.20045328140622296	-0.8290816684103732	-0.1014511094196281	-0.45655143197197257	-0.23876909654995662	0.6707540301434858	0.04308780524292859	1.0522070492533846	0.945905745872011	-1.0031083066020319	0.03280984471861466	-1.1627163576795305	1.9132363544982953	-0.780675666026785	1.1966390323598388	-1.642205316774992
DTXSID0027191	-9.464801452429208	4.089578472823687	-0.26112021081220743	0.4099325938218611	-0.32082340459065656	0.21872308781241734	0.13767096082584226	-1.1861750151690853	-0.43218890531275894	0.10860499258642405	-0.9475917646028515	0.7462010205471392	1.9187610368356494	0.12747675536478412	0.0672876660177614	-0.12482117828797802	-0.5850614620699495	-0.013957114388506798	0.9099129272287734	1.082132442480169	0.035339689710387034	0.03487162397662243	-0.07232001987506173	-1.0044980729364088	0.1794831809723686	0.22179667345248535	0.18229761944737857	0.07541943956057243	-0.20323499064161132	0.8944402820187554	0.8003135335032238	1.834799278238806	-0.656097080229121	-0.1521013395418365	0.11609853347806592	-0.4176947134583891	-0.2555803831129318	-0.4227610818939989	0.12856679388664363	-0.5942030079239929	-0.19563938885776075	0.5775663184975312	0.2919927182921223	-0.3959448331252731	0.3356805400217858	-0.1987329873787918	0.06817571666812715	0.7919293744041221	-0.39962255982509565	-0.5991583383282524	0.4599168418941709	-0.5749453587138744	-0.599442081015561	-0.9571564988587208	1.036627461389546	-0.652364242600383	-0.2610412920511825	1.4092731480673837	-0.24723307353177948	1.1290939792492385	1.333736356170467	-0.9665501006058326	-0.4052233683566527	0.0018134327725718817	0.08746564978634484	-0.23047355688838303	0.2905681741413276	-0.3185273962526039	0.09625179521914394	0.9390041346973302	0.9017999831951781	0.047973228599657906	-0.3047240270800548	-0.3057978236806686	-0.11051564132388457	0.3376270597633953	-0.07917604796872571	-0.17615183080768584	0.12352816545036936	-0.15808283900268916	-0.22521356966498926	-0.10543937168991699	-0.17156722898298932	0.16199619336228652	1.1499737789519047	-0.05789751457389812	-0.5293514948381809	0.3461068228968964	-0.18130425893155253	-0.11675073617903563	0.03367963459715352	-0.22345019266014984	-0.1999497781305065	0.25201701380435765	0.44184502246949564	0.003548003477701709	-0.14915547842716992	0.1027278937910102	0.297536146468461	-0.050318725421481504
DTXSID2024666	-7.413257710947967	3.38606496961582	-2.531639810863976	3.3720553419258485	1.7981551128434075	-0.9209766199790338	0.1405017322789266	0.8371490200134694	-1.210752048324295	-0.1443713350498533	-1.6015699383191866	1.8072336368818898	1.3681135555714303	-0.47862210939951405	-1.6001282000262433	1.071105583404904	0.8080718582091893	-0.15717571646863807	-0.6517047751627388	-1.07955566239867	-0.881534480246617	1.0725656186017798	0.5499696822696785	0.40908795728502945	-0.13334642963111162	0.4721128892028374	-1.4878108569968331	-0.48015050519343244	-0.6111516354369898	-0.7732106375352689	1.047174980845528	-0.2360652240231135	-0.2521678321487767	0.7921448893718668	0.8269906083917185	0.23819169478778243	-0.3324364269388092	0.7274757294970138	-0.4455925037202643	-1.1126402283061516	0.9184370450053524	0.12444511339514504	-0.4804344236192945	-0.8479721235448995	0.7820052747061603	0.8481922942703058	-1.5127834041463672	0.9848102374196863	0.6449598921444628	0.03793205096836778	-0.42970219074442667	-0.4420128678029528	-0.7147391255639715	-0.6947445389220958	-0.6765501584162575	-1.0840551404904795	-0.8309380376850873	0.37031345056554077	0.10614012636757751	0.8429598699122605	-0.058183848746956125	-0.9521685993961692	-0.28794953250740085	-0.7335635448746869	1.6163432720634954	0.7061704236000688	0.9464575762343438	-0.21300485022547555	1.6957507040795816	0.9311060263181941	-0.8572952183905451	-1.3846482680907903	1.13501636631809	0.01526626259540317	-1.0181189066845981	1.1859113279074451	0.7164413239095322	-1.276853162146892	-0.5866118172364198	-0.35688717775310663	-0.46188974771820807	-0.047532820740340945	0.5096083439994672	-0.21500334675389654	-0.00889861326737886	-0.4987736055413284	-0.9338743192933003	0.30759633037499406	-0.3141549981871852	-0.16527637656343552	1.0092739335421883	1.6939879563343434	0.6376519527438453	0.31101042279922886	-0.2936261683288109	0.8238916077821262	-0.2273519904254374	-0.16571148976771818	-0.028404908097998782	0.7367434979006641
DTXSID3021643	-6.200991074926086	4.449489679197527	-2.7057940464317447	-0.3178981759105065	3.178774129220769	0.8437312739438642	1.1613726350913691	-2.4032481717936376	0.3421971207675993	-1.2110094695381306	-1.113075838029968	1.3415108082785998	0.3037453274410169	0.0033719433480147634	0.6183232856187028	0.7923129408154108	0.3573477586082589	1.4824450200266581	1.1694797665203052	0.4674485793492936	0.20650920545992127	0.8897197109386374	-2.0425139669808225	-0.6233955007106444	2.1931340491250246	-0.36669886649760336	-0.45414066365095845	1.5829239343317145	-1.1074931986548846	2.5551448810290767	1.9373222266721735	1.850916811613881	1.9476475233861437	-2.40388812582535	0.35079478600400066	-2.4544921207887986	0.35000731027383924	-3.3370684382802027	-4.220064382304553	-1.6501753279937768	-1.9026487571503272	3.3448799542771384	1.7342904576189733	-2.8015270235389873	-2.0802691422759825	2.9542110670173605	-3.682188481396302	-1.7332146186321469	1.8496170005485195	1.6740941006546777	-1.1933298302979292	2.112591899704986	0.001970459754272578	2.754295230172415	-1.113402881102857	1.5913399994626505	0.8694142796519044	-1.7285996610758114	-0.3335383527837971	-1.6514151003745923	-2.16820984336021	0.46049184025284906	0.44470282091486024	0.5644625290228783	-0.07386850805295885	0.33100954253017556	-0.13553715801843427	0.21458047893783794	-0.29207120409088494	-0.9455890080500607	-0.17063057803666745	-0.4699357420606098	0.16250178185250427	0.27123668252869754	-0.4021709354106621	-0.0919398614866337	0.3755105330630253	-0.16444111127888478	-0.22196598567823733	0.06536841381492489	-0.4116413616404329	0.24129508985485973	0.26590246983951604	-0.06194561434097026	-0.14854891947970927	-0.04654122977236228	0.38574652382513314	0.12860127889754222	-0.1380409888100426	0.6282222273470279	-0.0066808955589880365	-0.16412362096844219	0.10946690708088125	-0.07753903452606829	0.099595877847482	0.11384300107269132	-0.29848087369343246	-0.032887226543515516	-0.2789972047769771	0.27376652873352125
DTXSID7029611	5.023760427896309	-4.5787596461795355	-0.5127295977917896	-0.6867917845752386	3.652281773535252	1.90696641677888	-0.07605877929666309	-3.07988889867884	2.5054756609783713	0.6012052935782076	4.548536879266398	1.4960405804240957	1.5255246680269186	1.4947813467655033	-1.5217895604043628	0.6242304539471644	1.3522042448255316	0.3185438365837127	-1.8253461288953943	1.5262991121514549	-0.5238633782813543	1.4301833051474102	2.4344518552597862	-0.3682703922262013	1.2244416725201483	-0.4332193217486573	-0.7899081118314449	0.861608499839977	0.6497692921690094	-0.5461588045462837	0.5973255786138525	0.25406314247383255	0.5803809849856473	2.8952869650496935	0.2815370734572132	-1.1762337986142988	1.312533732738362	-0.12653763085723688	0.4415195873866541	-1.1888804827223685	0.8893983691734556	-0.16989426884122308	-0.0994621588093821	-1.3046804705443529	1.2790569673550438	-0.16779903803175475	-0.6665681345815532	0.36760390137928667	0.1276432133481782	1.1460153727657312	-0.6337450521721365	0.39471076343629385	-0.3793011797981144	-2.00719200224867	-0.833552456472132	1.6196209009414158	-0.5528400133522625	1.8736900192162957	-0.013886852234978063	0.2977600714093312	0.6897741673333819	-0.2769272364284718	0.12219562327165327	-0.899300227471043	-0.6338692272654297	-0.5071076189765933	1.1084066290873213	-0.07309563959026893	-1.0395932840174307	0.08366578927670738	-0.8702729064087396	1.2311409499594421	0.04860607935680143	-0.3750610307190439	-0.3749487243541928	-0.2222640428207765	-0.15470672419186884	-0.31879130394786703	0.4426074126750026	-1.1171879591952656	-1.2868788273808554	-0.09464113365395285	0.5237622901664125	-0.17389297940941503	-1.2123720184524476	-1.4985281777503248	-0.7212026246633129	0.5016575982619023	0.4387401999102064	0.15935281551496594	-0.46575095407514117	-0.09737706536418955	-0.604798491343772	-0.30152400276171154	0.37642272596045306	-0.4292895843821282	-0.8282636628008889	-0.3325470213231958	0.4292948618702609	1.068645792118703
DTXSID2045153	1.7576568946247857	-2.9559409202789717	-1.8832891149243502	-1.9907133727462911	-5.371592923280692	-4.52179138714741	4.179689559190351	4.690161433308084	1.730008937837289	-6.925597534586911	-2.465886733907325	-0.9290412456182149	1.733711917471579	-3.877832753583636	0.9898364868198437	-2.7414019135478944	1.116432621055153	8.476970961132267	3.5614621219429576	0.7120476081401753	-5.11760393433905	-1.4332678500126794	8.227633805068288	1.6763817063240494	8.699496202405966	-1.7200108869671236	0.6397930742176481	-1.3026909169835208	-0.24646704273689707	-0.07147756550562744	-0.06076909661064286	3.8632530656427475	-0.9638552982464781	3.890641415513231	2.151743919412632	-1.5543143325862219	-3.1789475386783232	5.344290442480951	0.5425256215681535	-3.2725490601588874	-4.597125975905521	7.474792790344651	6.235284032100104	8.163183668896037	-1.5890106227461218	-5.664165986538108	-0.6007455058832412	-0.34589087473394	0.8383848290367442	-1.1959230651329094	-2.2406629811955336	1.784175823370364	2.090938438581816	-1.394565168490266	-2.6845542201106762	-0.8719644445980768	-1.6464969850977926	-0.5936149061477485	1.9765270163923336	1.5942463119969177	-1.8584671998435527	-2.4240127882679103	-1.5148086637100364	-1.8802302794234977	1.0308603448610822	1.9868070768570611	-1.6950278508902463	2.7904852027212006	-3.5579815855228456	-0.23726305382882132	-1.6889520898519172	3.0888041347855384	2.0452960105313194	-3.804717684116774	3.150883425305023	2.349955202451594	-2.2197764097483197	-1.38475419590168	-0.07991617844456769	-0.37404570740193627	-1.2467213313332484	-0.16437186139615467	0.09767495999105295	-0.8942990450234315	-2.340029986847418	3.57478356201049	0.14302160815582338	2.061364017668301	-0.8640098070769902	-0.7064334111184599	0.33497174960961335	0.01860590430169428	0.39972532597292665	-1.0378657116189338	0.32532030201845363	-0.4873805937454393	1.857711027500286	1.555413835052651	0.1506180409410953	-0.8231257220868683
DTXSID6067331	5.182523746862062	-10.11240886420471	-10.40910611682695	3.2222772103482917	-2.9918801836243167	-1.4509180203512029	-9.563901346274497	-10.693560274295063	-0.4162162244746792	-5.204840463726089	-10.35710405205898	16.299505495119007	-5.420158693468083	-4.679555807128164	1.5966474196410794	-4.772965166875898	-3.8469930054131267	-6.776027360914348	-0.7639992990175818	4.573751517672914	-4.688704381738357	-0.6989170641052826	-3.8794134168408587	1.4084493840850751	-1.9109761230633726	6.7579488991662435	2.4009312297232737	2.793377074249987	-4.872265623890988	-1.919503746422897	0.4547824599666109	-1.4046320657973526	-3.2854907452259132	1.1390653558221273	-2.015246923228597	0.6730323043928691	3.2536318782591884	2.2157130499347697	-2.555469903037126	2.589480609236707	-3.097419706885911	1.6480465735232308	0.36749144322814636	-0.807492809867187	0.17809696748009715	0.40889643630265343	-1.0790080978872756	0.6458534699107186	1.8675993698969036	-1.5321253197829652	-4.003089495609679	-1.9639917827631028	4.0411911974027355	0.6414469015305698	2.155800805883771	-1.7214555616308045	-0.487415460515774	3.8673349675979978	-1.759884686818607	0.20846992955793428	-0.22713279966454689	0.0753170653084532	-2.1290672395735837	1.4156598669609288	-1.7969439590592289	-0.2076596786424549	-0.5978810706333878	2.608332236285922	-1.9618898126705036	3.0175470913906577	-1.1576567975922092	0.34766834214472875	-4.675670716696697	-1.1330392421097584	-0.9547060464886913	-1.6398582659720933	2.3014147365099276	1.2559459561449564	2.0636183093064098	0.7503712859549624	3.0630746108498172	0.8892476743638988	0.42228750895403955	-1.2350686480763746	2.540264662498581	-2.102694419921384	-2.7351511489593077	5.033473786403068	-1.0164914255839579	0.8994797107826185	-3.1137340190016163	4.77037110977736	3.0279922741364986	2.8137551550887454	-5.955430178116057	-0.156675538279328	-4.68450248960155	-2.7119511031603984	2.4830114227635662	-2.23524198338091
DTXSID90275806	-3.2996411187279597	-1.8547103012992696	-5.254340207598292	3.6434276592822767	-2.9599935442924457	-0.4021905623061264	-4.17020517092495	-4.0166896709588995	-0.38010466754305905	-2.205205033614665	-4.059098707396494	6.6463751041008265	-0.01630696532307543	-1.7538769707649526	0.7752036772030907	-1.462031728943146	-0.8802389405171019	-2.6584974429855532	-0.8047705523910436	1.2704466189558516	-1.6092391490097335	-0.6198904548348387	-1.7861303237553368	0.22956847475890624	-0.9145626921732799	2.796225116347555	1.2692572338159658	0.9297463309956658	-2.2601735655956166	-0.3114054695991546	0.890771474214732	0.17126074474834646	-0.8100680459314368	0.9902594054681826	-0.02290583998902523	0.6144726689207973	1.8538119326577323	0.6242931219443693	-0.298230832513707	1.0559290790099018	-0.8136162925435183	2.1166030872331754	-0.27391963260383645	-0.7946526672889307	0.5293393396934302	0.9519307488540979	-0.6471562920566278	0.6714026925602419	0.6284845477669958	-0.7917954789678557	-2.289371648283451	-0.9109002731116131	1.0043523065895703	-0.7914343762857547	0.8484221183561044	-1.5123197999631681	-0.8790536640927271	2.609656396685133	-0.4415409676551978	0.695668345704106	1.2162338674466275	0.3500606254960559	0.7825866425479755	-0.2532649155681551	-0.045231552960377605	1.1818793764150253	-0.3024425423959335	0.9287011476928017	0.6020591387704471	1.0423725197257496	-0.7965839982609909	-1.553113637997057	0.9882213961357238	-1.0821750860129227	-1.8188993244811402	-0.2607354837461449	-0.1552998921151092	-0.06086473933115164	-0.4564066444654443	0.008745321824389573	-0.09893205867738608	-0.12204249118039978	-0.8668983160719597	-0.5309107141596059	0.31874972552249625	-0.6836478489231185	0.17853510766316674	0.723402015629399	-0.6251616671584747	0.06398199384796811	0.25144787395431856	1.1469987163773097	0.60137588545929	0.1983384313331531	-0.3969506363227177	1.1358343314574055	-0.5126081504320936	-0.39271302439935574	0.0683156269371474	-0.3301515345710685
DTXSID3040699	-0.9105772652381843	-2.991958901258306	2.0308533766696066	-0.6039599494850576	0.8972268749482707	-0.7102045273126387	-1.8008683505109324	-2.150825403768961	-2.03286429188993	-1.0317645413230094	-2.0464917478029654	-2.5102324434393712	1.0237739206859866	4.842664280612353	-1.3462403054361565	-0.6304522919877078	-0.22966419841596897	0.8981094485187026	2.299060187136872	0.2786007515127106	1.242828129165587	-0.12538745254921463	1.172974710103469	0.015644120970756056	-1.8574461720100384	0.4010246054468046	-0.3042582377093177	1.4967760729813324	0.7303266674277422	0.2400510792480269	1.0532286498117893	-0.8199263228270143	-0.8946239723073737	1.1209892979777967	0.5870401987356461	0.705376860719591	0.12714368173912785	0.5898912700144882	-0.33504031518271193	0.3737704349680852	0.6317302971733317	1.196471986806529	-0.831861274321758	-0.620037550124376	0.41644009601538584	0.2802389778663215	0.45502464581570456	-0.933690837446264	-0.3508354542493007	-0.14627950784276775	-1.4087984269624463	0.4064289702386058	0.8219808929291702	-0.6873869249193814	-0.592319063493031	1.0170187803829271	0.053755288510647765	1.4641706211373438	-1.1142176158441504	-0.503384566958255	-0.027108810275967298	-1.236576145595034	-0.7188683829183716	0.7964079387921453	-0.30867076268594007	0.6417954563155872	0.1553439982277278	0.1482386178508251	0.6113438967209076	-0.5293585848157673	-0.5097095590776584	0.13530357377518237	-0.35021825542111557	0.425932211247372	-0.7856100891123327	0.116980960689673	0.9077596305057005	0.18505457263320974	0.5260359766652138	-0.08124437749133119	0.048282278590340635	0.018707224475863708	0.7614010357270057	-0.9075164507549356	-0.49176222855766016	0.15484336921295017	-0.12558995181169982	0.21498119685541375	-0.5177743859849827	-0.14377341592528994	-0.01992469854637907	-0.10514592401792118	-0.17834131208536924	0.41185558699101427	-0.2731109187261977	-0.5458586000865925	0.2726182220000748	-0.019607705651663754	0.05633379989783535	0.3744110838205881
DTXSID7047487	-0.89921486521874	1.5735812297395182	-5.651874522833852	0.650789425685413	5.799942111916581	-0.38693248658794854	-1.79873269774399	-0.9311551551894095	1.1724179696924304	-1.6756680862437727	0.1678402417088407	1.255386816921398	-0.6309526928343032	-2.7218176908185256	-0.4914104391386935	1.8934909713760049	-1.0299910941430563	-0.752052281141183	0.8376431664063084	2.040083030588686	-0.2572347662487223	0.6757948357812714	-0.5665080977603567	-0.7031288114142353	1.6344378855850714	-1.6043325356023455	0.6364751890957758	0.7313431325519647	0.28772677770499905	0.048816555770403364	0.8245820135968918	-0.39341447258602524	0.2015591938651661	-0.7378415019756853	0.4117676271417971	1.186830141167195	0.5031564940807614	0.3208891151735944	-0.017371236727027957	-0.6086578139826075	0.23583053184397085	-0.1893342190465528	-0.4570489933662086	1.1499106008966327	-0.28898092623681454	-1.1341846387601002	0.8199397920564603	-0.2572162542612203	0.9763742004263368	-0.4034301906332833	-1.0396483779599073	-0.1627502227177525	-0.33525248113988004	0.5417808051050447	-0.7540942203354525	0.5674435523174226	0.35702691128458675	-1.0505726426829636	-1.152646660111268	-0.7598256530274601	1.7137665236417674	0.3596008319380114	-0.9246118872612086	-0.8418290571438297	0.5944694001082373	-1.0133390406253193	-1.1111532252167258	0.28863518834192947	-0.2131342588527488	0.1706650664686045	0.15358069108398145	-0.5438388389383751	-0.9548822296620871	0.7970719203037913	-0.128525660857452	-0.29795963324158664	1.718047771920188	-1.6352706851664078	-1.1056839354779606	1.6959238386933626	-1.0786943585102446	-0.6846889037997755	-0.5838422834400988	-1.1432324485365226	0.7096852483444688	0.5022598939589972	-1.5360753497262514	0.351784553146124	0.7659811908867716	-0.7746770569550114	0.17273605585211602	0.6127099235749455	-0.35583122284882274	0.3051895771310532	1.549285933781505	0.9193989773225253	-1.2604660620345336	-0.031134010010777913	-0.5447623049980304	0.5242367810228041
DTXSID7057608	-4.687770827220646	-1.446734918893324	1.1701931769846246	1.5970072441238432	-2.332739931069543	-3.131480741910069	2.99598617846245	0.9786335023553958	0.3030319069590493	-1.627126326123699	0.6278373347379143	-0.4954245403836937	0.5498248326157619	-1.2555788141479258	-0.3223983123262394	0.5014380161861838	0.8214493819281117	-0.3427549726089294	0.5273590628157068	-0.11484040162373027	0.45133325051771067	-0.3255445650638878	-0.09275128389247125	-1.0621713314177303	0.371413600581329	-0.40792017956732496	-0.09949831146062182	-0.6214967309970847	-0.512195257411898	-0.2778651165959335	0.5695147050179717	-0.13166072978919036	-0.5203303731844263	-0.3582305735828671	-0.9810526326447903	0.13283860347795046	1.211189099436135	0.04622576168196827	-0.28188343287903417	-1.3255398118983506	-0.2738944720471517	0.7449757445420607	0.15536934092607624	-0.12242150212040134	-0.557256775311964	0.14805303491770977	0.6939070552448993	0.5554408309905868	-0.3649664321419294	-0.047163280010704696	-0.45968642267775295	-0.1226250680887125	0.45145327788298506	-0.8121109163094585	0.14670702244986117	0.4410542706589263	-0.6416303764155341	0.24175796290200666	1.01488948143705	0.7675085133988211	0.4048764625675964	0.4360202273792316	0.1620029184773172	-0.23651891393949062	-1.6416767858624217	-0.6761060829231599	-0.962530518015896	0.5880420663752209	-0.0015011575019041575	0.465148174470599	-0.3274054923712521	-0.7107583712078016	-0.6146605479542147	0.16857887116768855	0.30128432822837387	0.7167830205176642	0.1098629557344916	0.407623774758449	1.0568489143283228	0.7294135389381493	-0.7198717083844767	0.10072986837869764	-0.19679689500123357	-0.08206704933998196	-0.020769923578147626	-0.08832520842242161	0.9022245544238332	0.7259000094090621	0.45794753849638725	0.8716423015534378	0.04823761351383756	0.14706398224788372	-0.08910950292111243	0.20984801543283535	0.2805241381649282	0.4508287505832185	-0.20473204460986702	-0.932129946348832	-0.16171903807589977	-0.1327822389877624
DTXSID9021716	-5.336927884688543	-1.8265887169984503	-1.1385460944348982	-0.9197348681405685	-0.9174018153701197	-3.274119001248357	-2.1184272988994435	-1.7879579813765547	-3.687635623753358	3.968090322331418	-0.784425012840967	-0.8730161767254266	-0.8314831662202729	1.9746021259770037	-0.9257690802733626	0.908312862378156	1.3944408741268977	1.0791398102444496	0.19895991749125239	0.2875914916943161	0.3970517896492905	0.36952276197741746	-0.156682818623512	0.15354092422994933	-0.5326900325643825	0.5659858467791848	0.9271977860133473	-0.8477159672542761	0.13722022752102314	-0.6697325145840157	0.4330114733384835	1.0049792572713692	0.38602849286125535	-0.6909181839631627	-0.16981151096060507	-0.07364264590877194	-1.2817964598877196	-0.25448866136831305	0.746616851043327	0.14544807277704924	0.37973258245111086	-0.15501602918611618	0.39637711293981204	-0.025968893496737016	0.399073578332941	-0.4862191550863718	0.0301992752156553	0.34202950401695814	0.9189616560488499	-0.3922206718392582	-0.48641969380612127	-0.10116763258303152	0.26152824451531	1.4116560138271652	0.9194349093606539	-0.8881746588960868	1.0386469429291312	-0.5891060409972332	-0.26833215090347873	-0.014475843548792887	0.07671887798500239	-0.19419766453581483	0.11746394957042049	-1.0148524486790549	0.42545499885467386	-0.036126128405904984	0.754737562811448	-0.26089776028197376	-0.5065025616304086	-0.34554035577327685	0.41800127440022194	-0.7753152898060964	-0.40045374147621415	0.026858950499625934	0.46519263633062563	0.5638952262276248	0.5738002082037451	-0.22420823375313098	-0.5148835932597342	-0.19202947802539222	0.29990649787613693	0.44138182598359227	-0.42142216741037947	0.4143249831904349	0.05832141677030921	-0.06635287007310853	0.09616342067815511	-0.18532537204545485	-0.2576387502448121	0.15964598895150564	-0.06658887123172509	-0.25675883315483133	-0.04070986721432182	0.13184284142470962	0.18775532402686065	0.12289171419536297	-0.11444707753033233	0.05249730931511184	0.21927596653784867	-0.1996104146810346
DTXSID2041541	-3.3650135327473674	4.998972708474662	-1.5861214760313482	-0.4675096983371582	1.884883919980458	0.9424792767011935	-0.00699962918457561	-1.1408373712676236	0.10301734917435544	-0.4050786738725332	-0.046449541812835	0.949513482125321	0.6602604339398778	0.17118690399307268	-0.3531690537529312	0.1999978888163217	-0.26717898981817123	1.5540786576990588	-1.3956750698878129	-0.3170452858342492	-0.46979876586437563	-1.0878512566078073	-1.021001913611844	-0.22834232858219108	-0.39595593600128953	0.2087993259957198	1.4484752665287082	0.6607731424677985	0.28904944989759485	-0.34363000871303023	0.6163544287518742	-0.04438027747826819	0.09408321879331372	1.3389691297431567	0.9797992344165395	-0.06724704325404021	0.2996741930923909	-0.03773012576724384	-0.9417711332394408	1.2325844226682097	0.3414831740819106	0.6790558937491099	0.0042028517326299164	-0.6271415019084954	0.3998681444529205	-0.23273583496655179	-0.043538817280713724	0.05764354511258324	-1.445569701616566	-1.8392103365046328	-0.7443948721127409	0.5413089619321023	0.23425729061827744	-1.186610184182229	-0.8667041733586985	-0.2127426174558565	1.0172244790793297	-0.8220872423695132	-1.3258779221660095	-0.2576748636819245	-0.20657466414236395	0.17676904382446115	0.3290887287407952	-0.15187324083424242	0.7175601203098515	0.03879657439624179	-0.9223597456711993	0.3454024962233951	0.5940947761772614	-0.15726769435066318	-0.3833762330129284	-0.46265140742358435	0.48884802707435016	0.6605007712996035	0.8008699360089894	0.8190226432284646	-0.5847551421819602	0.39063558858306013	0.8804813394786338	-0.20661231384256143	-0.29716305446191427	-0.28845979643369535	0.19132576822944067	-0.17012128676435634	0.47549028551961725	-0.25942684387952536	-0.20824004711262448	0.16899117313123152	0.006346538238004797	-0.3117576409831384	0.5086765702277817	0.1488059099060096	0.31496076201491596	-0.4953583773870265	-0.8141610909920259	0.3245880393485076	0.7045177638516402	-0.041342832788044924	0.06989352020092687	0.007765071907043379
DTXSID3044598	-0.5854478129528201	2.2073914402720503	-4.603035309403308	5.790352365637803	0.5239427363671146	-1.1921374631634771	0.7275290600802349	1.4560913808656102	-0.8537046558902752	-1.8596188697232943	-0.8558789606059284	1.1009778918358957	2.1660761665656056	-0.31240633464510287	-1.3869643549477386	1.1916281368392474	1.376560137081993	0.7926340993416778	-1.2814084342915182	-2.8299676059136316	-0.8932497744106813	1.733298324624081	0.5787429990573361	1.6845790504210847	-1.5246668459038397	0.32176384259820723	-2.0785089275779933	-0.925056245773073	-1.1074930543300456	0.7559375534704872	0.9479883201444684	-1.3343849694042162	0.5692596202996826	-0.1396132219406887	0.6674119009072705	0.52941017342939	0.2612987138488047	0.4142150518178485	0.5665979760484696	-1.640541535494761	0.5802823984653106	-0.985226560359586	-0.7235333734688985	-0.23904203394348955	0.28579106086672734	0.7168760383768908	-1.5694706099910951	0.9500886886253066	2.2798908415801904	-0.12953815737464308	-0.925546253342924	-0.23900863025630784	-0.8480059367866348	-0.49051936726936657	-1.9427277558930733	-1.5093192779765277	-2.338206194165504	0.4855330776797082	0.9155893577553773	0.4048501455757107	-0.7302958860487218	-1.2999421624377394	-0.04026467010997554	-0.5331335325685517	0.9389035394559198	0.9605844330984932	0.972865894333372	-0.2908577712138771	2.2915893751912195	1.631630048839346	-0.7693268777140653	-1.9250609820552993	0.6090239332056128	-0.12765168733533144	-0.9496513699107124	0.19357441225274025	0.514554277617576	-1.075189202753095	-1.5009601775539692	-0.5376079813511518	-0.956197311286657	-1.3731534944382364	-0.07776130975337245	-0.2773544935753724	-0.1976613654433454	-1.193195530794183	-1.2625249057995354	-0.14069286385688068	0.12124834613799126	0.2443965821752513	1.764648959917353	1.502034097211986	0.9211171969924355	0.43141583792239024	-0.7606617028402245	0.5092530105300443	-0.6082175128110549	0.2255499350282334	0.32738755659224983	0.6903372862708802
DTXSID8044462	-1.6315035777379596	0.2491822461577464	-0.5333754390359834	-1.5243215101921002	2.2824917630840598	0.2102098425628068	-0.2669262175289758	0.052910241134197955	0.8422249514609038	0.4962330275516047	0.675003764441922	0.1717232596387274	0.3239887197264207	-0.8519182075539385	-1.455734767044159	-1.1259632838592015	-1.3067478222204045	-0.4389864232420377	-0.5027003271639814	-0.6412837676308599	-1.1423991143505565	-0.1918561706345424	-0.4084882625368858	0.11100875774183261	-0.24958088666168748	-0.12433843510116475	-0.1747703003239321	0.8050949441959662	-0.2688780502549909	0.6958085179395835	-0.03757289378393293	-0.22793533750771752	-0.5915291848082829	1.283779726002804	0.6000396561384809	0.8261395030117326	-0.0737902738712728	1.5746263011717208	-0.6562471716807617	0.04837144462587918	0.4048301919979418	0.46137482280492426	-0.6040921447528202	-1.096767974429564	0.38430957706617735	0.2435905013383897	-0.5794320114065542	-0.2589522670809155	0.10245213817081666	-0.2948004237241722	0.6745585283139853	-0.6137271641245955	-0.2177584678401204	-0.5178562267389804	-0.08605487869311314	-0.06973290175315773	-0.12078270198187332	-0.6529636312920322	-1.358687056393215	-1.008918957729067	0.313489828813702	-0.8567201622345181	0.36220993051165856	0.013528271629247341	0.3767761997206239	0.662717969517979	0.7114887562613769	0.15214292557407372	-0.7894374784383877	0.8783982703176147	-0.5799860046384113	0.7386630086491325	0.32298196583916255	0.9603145852744739	-0.0707393882352393	-0.3091515521990469	0.6252712219048763	-0.3765650447604563	0.13455637560037711	-0.04375602249060951	-0.584587806750214	0.057399556429479526	-0.9285682985269438	-0.8183602432998395	-0.1197338369397298	-0.2694001255061521	-0.5381279352020646	0.13385087544432106	0.012634158769714545	-0.026467647120301304	0.07202987448266353	-0.06318295550730145	-0.050213954802745826	0.9528375110627318	-0.5243319771884738	-0.42531536760679306	-1.0040989688872026	-0.30872338005699784	-0.14330140130543634	0.2141056910834955
DTXSID1046427	12.931255690470158	-6.589637169991913	1.507252775730942	-1.65612629147487	2.9925106167308146	1.5881678375177357	4.462864689131103	2.214204195902352	0.7655239440782416	6.564192426774502	1.5254894308835287	4.152389160442213	-0.17641375177129126	-0.06976243621276215	1.6031663727361107	-0.8774950503151022	1.3104633759046906	-3.524483125723315	2.033697628208169	0.31410184405477404	1.2614114355416117	-2.381624440446489	-0.12616003045610674	-0.14009751072854687	1.6758328816908212	1.8713474141626938	-0.9925735479037354	-0.7408428943472142	-0.4835258076108072	-0.24087768360725778	2.6528705789543032	3.021130818327249	-0.13901898700441423	0.774433636860197	0.8074840439244743	1.4586012504238823	-0.6073195629975393	-0.4595233991770768	-1.1187127413693916	1.013173641407279	-0.20303329030622688	1.0628981607443457	0.0018340555062004305	1.2261597949953	-0.21876364926940234	0.07375941342188566	0.4500618403803811	-1.513219583647484	-2.1126042563331757	-0.5055726994592495	0.23707721977236634	-0.9253339217992875	-2.5237751599847495	-0.19637706454616374	0.029816935072100606	-1.7607549917988812	1.7193952411188	0.017692699393871688	0.7063429420548898	-1.2795315908762896	1.1267759460054767	-0.8892746449205787	-0.48875527417030257	1.5859503513544515	0.7096770396206976	-3.846220922188133	0.008771478677732245	-1.4312626650394646	-0.6159140763474618	-1.240155681914628	-1.3653998301468875	-0.4338119028198672	-0.2470350413700105	0.9593449897569876	0.23183190130272419	0.640935503757289	0.5838379908507004	1.1052596572779312	-2.300097912363874	-1.6533268392798834	2.467830230754	-1.3204808341138559	1.9137431124840045	-5.389537822523954	-2.3379504979606036	0.7266567608053784	1.12048802026731	-0.8815461964738157	1.1530810876731847	-1.7924992055775384	1.3318070479056463	-0.4444083915996407	2.0238153707081303	-0.21209846560935572	1.1205851893158538	2.5930643137809035	-0.5536636077829247	0.5458199544752537	0.2466192132937731	2.910745117297517
DTXSID0021464	-2.177674468410741	-1.6275501499493168	-6.754301592583603	-0.5459994994359699	6.636516530042823	-1.183136539203274	-1.68220440554573	3.6687879185681402	-3.1735912798784875	2.1814656562515577	1.63846069952949	-2.1597716617037617	4.02202454835872	-1.4590567973298758	3.4183932993599684	-0.520823679754202	0.22045484184445907	-0.75915738940662	-2.1627156779900236	2.206021150078722	-1.0744250024206468	1.2721212535062254	-0.9072049412873797	0.5763692742694927	-0.18953773237805022	-0.982001047234321	0.5878290328825453	-0.5166652231954552	-0.6738255805215418	-0.48251894034347226	0.6304893416920374	-0.21035669404403623	-1.698305440483814	2.598996258931601	-0.33309949716656967	-0.4132134217430316	-0.9006977065696055	0.6985637569380467	-1.402940019598677	0.9213209637711307	-0.009466247594240126	0.733089028254668	-0.34790006702051185	-0.8303851258736588	0.5756799540569647	1.701576342141959	-1.3291474062171764	0.25183687471754607	-1.4560353374759454	-0.6893602137281867	1.8726429638799837	0.09677281014319213	0.1323327224031872	-0.3114230558720574	2.313286517818653	-0.5087957813646858	-1.1548527405700235	1.5796617659914831	0.1418312511279633	1.2533076909095453	-1.6741591056019807	-1.5236820377625797	0.1224940329811433	1.1425418049236933	-0.8338594096804572	1.5312688218278594	-0.7687656997371666	0.26397621742534977	-0.38312749223431036	-1.6905010786442427	-1.1060240066440503	-1.2044847605560474	0.9527507875551056	-0.7560630610204939	0.09478006730500681	-0.5286604743629637	0.9975835451437783	1.2972243721230177	-0.6977060345505786	-0.19287380270507903	-0.40924631320050775	0.5688768963479394	0.9066679540610229	-0.2422643852360795	-0.12890056519046586	0.10738548121406705	0.40663179304023256	-0.7105565667111777	-0.12628137490585728	-0.3797217246259699	-1.1739648324413925	0.6801923384853231	-0.007872782824977553	-0.7550469491280933	0.5743071016843143	-0.11109967692773098	-0.27462401662930086	0.3780063526993432	-0.03335669260580198	-0.5651432545354771
DTXSID7027334	-2.0477770161762354	1.0503036273286301	-3.5126611720395156	-1.0093867494947515	1.6955394055245896	-2.0278721662966106	-0.2642606470246016	0.34581999564320415	0.9899733058490214	0.2403055945370362	0.37895676978705584	1.704843615704227	-1.4336785828677685	0.6434108527662874	1.6159463106683976	0.7030665934925966	-2.904048178594223	-0.7021866507720831	-1.443229217114273	-2.314111198498343	0.01191125286313118	0.6058697529127249	1.3363039389048779	-1.9871420213763307	-0.8006031744818363	-1.2939612248968242	0.4616105052339125	2.087652111068626	0.02308448457902808	0.38411126069061313	-0.2165516320491811	-0.2953991319944286	-0.2522560798332894	2.154855517419855	0.7917896581273064	1.1297338172541105	-1.4152993644457836	0.5788163542994338	-1.045427521424705	-0.40473331492554654	0.30539219216269714	0.07033671179251708	-0.08189434371229501	-1.3916982977901085	0.9520607202762842	0.7920782853730012	-0.6220014615701602	-0.7196091273202008	-0.549142728885054	-0.5406987288082791	1.2475420122120862	-0.5893593256141982	-0.37469725240180957	-0.8955979056969066	-1.6267310511143556	-0.2342019481767336	-0.42089345772665965	-1.0631158645044874	-0.40256011792608376	-0.13662333172116287	-0.43096623306478127	-0.1165753882596737	0.16004182285470323	-0.4770329739564649	0.41396319859277414	0.9775354801034596	0.33946290506595295	-0.4495859335800989	-1.1933120782748352	2.20989070160823	-1.205528555131866	0.2864125437748961	0.4570368548041322	1.2612948097564927	0.48617586620648195	-0.0989033057102497	-0.12523527782499255	0.4862250441768832	0.28224912474091374	0.12659896957882463	-0.2384610626962718	0.3789069287042405	-1.0556899265444053	-0.5135478511025279	0.04440447255768641	-0.2406461915576643	-0.6120519947263885	0.31734524984829676	-0.3691832097768119	-0.2689446884950763	0.43340814126213517	0.5460366478699944	-0.11368122258168373	1.3524734901533098	-0.7082056137515461	-0.13170090264137194	-1.1137987221784205	-0.8207655094665554	-0.37030241005410347	0.07673613442111171
DTXSID9049299	5.675329065433356	-0.4069654489910089	-3.5235157544296913	-4.591811623058451	4.820811667732039	-2.137142066150894	-0.5644442901140726	-1.9411878755356375	1.812082673228837	-4.927592157590074	-4.265623083810074	4.122751354443236	-2.0975100692950894	-4.12351503445264	-0.9024514459321306	0.8281624454604372	0.3587052694573134	0.2261951280477641	0.7876175286474779	3.4809337414619197	0.4815691728203398	1.263666764441624	-1.8519139146566364	-1.7057251252382781	1.2819990227579146	1.053750204852265	-2.1439130182527686	-0.48816292350687923	-0.17782992771613954	1.4391407035575077	-1.453653522311713	1.5443244274530425	1.885851547526954	3.7675836405023473	1.2742276627175773	-0.953193417425504	-4.751928900659643	6.111509930760173	0.4813104381238641	-2.517309514852541	-5.791579453317535	5.078144839978701	5.313551730470986	8.984617936868293	-1.6690613440077915	-5.327477736086009	-0.7782071808905281	-2.8826374377723494	1.9284839179772404	-2.2278702731833406	-1.45799717702781	2.2326097023586273	-0.009266164834844786	0.3678476317520866	-1.863629164942974	-0.4818200980499929	-1.5611741362314402	-0.7183661973242764	1.222981924111595	1.717427027263154	-0.08295027108675868	1.7429727944654463	0.7341534781106948	-1.4372792627237934	0.7280005781063404	0.6815456436662661	-1.3042092762182471	2.6566960533181017	-1.0400914260978655	0.9631876434853672	-0.715651863553835	0.25112976063162584	-1.1766463421195972	-1.7177182888957236	-0.860509359857671	0.5401655673714791	-0.7227109486338612	-0.5509346225596345	0.8290341992002233	0.444742879233085	0.36196035899469237	1.5221221298161551	-0.8765793277183941	0.056391363998880194	-1.0898020896504403	-0.06787544579407614	-1.740653113048597	-1.1536437687008574	-0.5138168009580171	-0.4869930369964161	-1.4421553874174948	-0.9177094637494548	0.3143651649405747	-1.5055751383054436	1.8043089747897516	1.265285177843865	0.03767796064630787	1.6776238031719308	-0.790870648252677	-0.5468449521383967
DTXSID6025983	-6.858131757652706	-0.6021392296665949	2.4327484345316748	6.870017225417065	0.9722958132103594	-3.3004902123975692	0.9863687003288537	-1.4242771516145527	-2.5057693507769216	0.33079755916316556	1.3323897508202278	-0.39377264980290433	-1.9237082431723933	-1.0940238040761834	-0.3877672046695588	1.105954714338955	0.2072784466665924	-0.48323240802774453	-0.5322425144038849	-0.12254169719212091	-0.4840083883905068	-0.6496047744444908	-0.16805398153797715	-0.840600126491533	0.10262964156577038	1.077305097946488	0.1724363862930365	-0.6251423398530769	-1.0300336436252016	-0.5677923799561337	-0.849946959286947	1.1106173925890501	-0.4756508578220691	-0.4747683527863733	-1.0164898099564654	0.4141080268734869	-1.4124170152629847	0.7815349766326158	0.5645555810232404	-0.17342561746552684	-0.3975232134386427	1.1183827177830117	0.7711116156839303	-0.9354780013538445	-0.028021040582318663	-0.047129157956319424	0.1293298077751643	1.928958776594084	0.31495002181621257	-0.20681541129593473	1.0943391804839733	0.6151717379918105	0.2452128193342722	0.5967667780878615	0.9836176334588175	-0.22677147353643948	0.7212446689104234	-0.3263037428038038	1.2566222862132483	0.3676085625236042	-0.07932488250919889	0.692950018198813	0.21369099922200716	0.1583079047105824	-0.03483968510705852	-0.7165181422519749	0.17872546746623075	0.18617454414204826	-0.5985816380921539	0.579504222662754	0.15715318089215474	0.11736153825591056	0.012928756525578573	0.36080522813023314	0.29175141120748205	0.36350691013300357	-0.09772873953964226	-0.16396936149576266	0.6113372961977406	0.24852924735639423	-0.15954725332627306	0.30193494304309026	-0.41042569710733107	0.2467186900662314	-0.13620281414713892	0.3370391004033807	0.008679203215587232	-0.24110932952418956	0.5733163827645801	0.2477970957682557	0.02075036922914821	0.20353409138553827	0.3732704204552259	0.05118426913885086	0.14126762017560038	0.24891528180525907	-0.1175753216955415	-0.28805336934817055	0.5511807617327945	-0.08811109178663878
DTXSID0024397	-3.294913693512751	0.43756911939096965	-1.5228263875133172	2.4743693506629163	-1.8043214747089251	2.4071974340709272	0.13465964824102547	-1.3262357572058352	0.07433105476513359	-1.0045774402913572	0.9481701119612529	-0.2425763233391195	2.9677020974297066	-0.0957452314925215	-0.7833189271448276	0.6406014040512085	0.16900795048833891	2.0525123551045827	-1.2978030976049937	-1.0098421389402963	0.20737085159070767	-1.1130140677149432	-0.4147443483515968	-0.5733803809944429	-0.168743850256499	-0.36084332357272025	0.8482191162885854	1.205404062542162	-0.3196717280005536	0.3619334960769826	0.07174784516016036	-0.08731176798494823	-0.8853753675365975	0.15084127422184707	-0.5229015165816481	-0.30444221151677114	1.1536381670056486	0.5671198064462062	-0.5450336522617907	1.3924383002312715	0.6431902185561275	0.909104619214019	-0.6515262407117266	0.1381197661029003	-0.1169219061185069	-0.5353368797723724	0.5835623762875015	-0.36972438787931017	-0.6372819006294088	-0.3441187291932554	-1.5654858637112612	0.29543509029547754	-0.06354053351322807	0.387145068652274	-0.5365143602607945	0.27719139454755526	-0.24435594159055188	-0.18248773748734146	-0.323374821938555	0.2307419470371526	-0.41752276632939694	0.9698867646165775	1.8811058154610183	-0.4040503992353121	-0.03699947928750983	-0.6246179600323218	-0.4117270314804676	0.16734408690088765	0.7259265582129824	-0.05270325730162844	0.6501707826339749	0.3004193286313292	-0.5424125503028773	0.11371019653378145	0.864095190814024	0.3873035825089432	-0.0837090909369385	-0.010555413355855931	0.15327533947520836	0.18091681520075673	-0.041032963929479215	0.12272942535407158	0.03552400988113489	-0.5096575351544	0.20342207147776212	-0.27955340419460445	-0.6485061626689712	-0.42065818581959125	1.0898458149439474	-0.32826738062408606	-0.0009575122326952276	0.26436490667428236	-0.06911695245939295	-0.14219327455651432	0.01585618296051686	0.43376363211416513	0.20873736188307712	0.2565157831186509	0.39860225450302134	-0.01696910463928946
DTXSID2044131	2.1576106468216465	-5.25870221313269	1.7409333908979507	-0.3342837335887576	-2.3581596182326634	2.0616015154274887	-0.13789136294827106	4.331262965178829	1.7314396131845773	-3.731037926608509	-1.7294864117827755	0.2753523640744811	-2.3757025398223677	-4.4579552566372715	-2.759080791546401	-3.1844957184286815	-1.7563410163595263	4.086980853993439	1.0171170952439201	-0.8003761208796066	1.9984831215653411	5.971539096531747	2.995779949007017	-1.834100652865435	3.085222593261523	-1.366021508689116	-0.020176684550975415	-1.6096055173078434	-2.0318775530199344	-0.2121629657100876	1.1530313286696607	3.202410450185148	-2.8835906900879986	-0.02266754368080949	0.057000429631836505	0.7777441435343618	1.7886270729298557	-0.09614886316004491	1.1191588636793808	0.6670908393817875	-0.24805728830648682	1.24958798916091	0.3449484199572071	-1.0657285177186515	-0.6597126631758627	-1.217860693927641	-0.22878223660175248	0.9295396504984798	-2.042408475117979	0.13158772910338457	0.5370771577157872	-1.412959019079076	1.0123614350163486	0.7944266595987427	1.3914559236068884	0.18286883776745322	0.8564679759299748	1.1171821402747182	-2.2502105406917323	0.1776771865128262	1.550737265148829	2.967889530312299	1.472380712270995	1.0922853359614573	1.5872058593283962	-0.2829817171085369	0.39276748923582333	-1.6897160513015994	1.7330680227964335	0.9593344136188715	-1.6995454244197108	-2.1685412585721795	-5.048405024348128	4.7494919314745525	-3.1191733936268835	-2.20025288851033	2.178645556479141	3.533403574726653	2.164623908041085	0.05171488093637576	0.05785020084022707	0.7547273668744113	-0.06315549127683096	4.146598372426551	-4.0833937176340385	-3.68408194446292	-0.4667083930540722	-2.2573000076012844	1.3151672563357724	-0.407987829715332	1.1792425951014769	-1.2285360561999006	-0.6652931489455524	-1.5082659881871643	0.5020802850495519	-0.010096748236210765	-0.9988114374578007	-2.474352582697056	0.03875411517425042	0.46295902610820494
DTXSID7024328	1.003002520296617	-0.304146545097875	-5.219535273022375	-2.3316323719834453	4.506071854518942	-1.6522866471332187	-2.4085485541196117	0.6686673170934536	0.3223714583481884	2.2386170008040343	1.549284140679288	-0.1617817706212501	-2.0174699681938617	-0.01364075796216803	-2.5931064337565117	-2.567031399616882	-0.9953258521428817	-1.3121002728649387	-1.7023692244607145	-0.44570940210413085	-0.6837919384525873	-0.0963385417355517	1.1704636037542633	0.10364363238947091	-0.8412293713367	-1.5110144630431623	-0.9395630249340214	0.47613610617858293	0.10627709186711647	-0.1677703369320035	-0.10487576160574197	-0.19659144452859828	-0.2871057687428434	0.7065918292399425	0.6500817422763843	0.0005459764002341407	-0.25083789498440495	1.0257935582924969	-1.1989657366048858	0.2756769627849497	0.36162436014951527	0.8029488429790061	0.2119180840803898	-1.3127819788907547	0.3484058181308427	0.23111826819154552	-1.663244174788867	0.06526678936348243	0.6281360735595357	-0.13387608334413273	0.7106120317493175	-0.7352186860940626	0.3975264570088658	-1.8013665782251271	0.15963584585313342	0.025485646706559107	0.2178710062473307	0.031544625626856886	-0.4914703393921273	-0.5369539153183865	0.5278925606463488	0.06356600743161797	0.8701301874011272	0.0810685487353002	0.009164103791644495	0.6172523810719739	0.9213188033441015	0.3448306307292264	-0.9425157102714344	1.216606267801659	-0.41202343924837914	1.0707003003310303	-0.2062944604747987	-0.06345325878769083	0.3388079363073534	0.47851061301188796	-0.1978794322240906	-0.531090745883551	0.16917348424190268	0.6721608069758627	-0.45539769412486614	1.3624642221682455	0.23942533508325967	0.46988346922849283	0.24522679822173188	0.30366729341079796	-1.6362061559833585	0.020829621300829392	0.4697477168402998	-0.3647101648688939	-0.7125619961264905	-0.3724012467148565	0.5075162649000051	-0.24638099286483803	0.08165164526113271	1.2085091458635613	0.2815495116440491	0.11649881198336882	0.23677646033605834	-0.4369334358928517
DTXSID4047123	-3.106563340583403	3.63942644435663	-3.216627248031914	-0.8428242717669111	4.7406320661826316	0.9344116725110299	0.9513446099442519	-2.541266092317727	0.8962347602103641	-0.5558389642854943	-0.4805810036465499	1.5306016369739834	-0.5880625098297952	0.11322711208072671	-0.024611060528046253	0.9205041068432558	1.0834665237845944	1.325713916505831	0.12764158795290023	0.6545588324150241	0.029585464547491676	0.5092045808747371	-0.3363886365816515	-0.9464679841124147	1.412209670248109	-0.283763082314964	-0.5859484367678627	0.8301255826753348	-0.6147265762870404	-0.534085943871898	-0.06813417127315007	-0.7554497856139045	0.6822035969112468	0.038843649300986605	-0.03179400752704874	0.1553250458105447	0.15311883677961066	0.20202490106935414	-0.06538111879418254	0.1974894611550629	0.13792919027442935	-0.3223046935655525	-0.6690309014209899	0.12328724984376556	-0.14803845418996994	-0.8534036905219508	0.239206537596874	-0.0915835238639982	0.11210865341875399	-0.11313954181627194	-0.2316665909792574	0.1940555668174	-0.1353092631104483	0.12632581572235602	-0.13741965445230153	0.21622156393157543	-0.8290221955879523	-0.10085982715878837	-0.36264639237850493	0.2311605578344808	0.028214290378518195	0.27501917664530745	0.1738798155679549	-0.5228688321604053	-0.0513547607742242	-0.5359861538732426	-0.3074948017616187	0.04388944896866593	-0.3801450606107471	-0.11258651542040506	-0.25733092445553857	0.1970085917201979	-0.035328185893649625	0.16483320831832235	-0.46563456954381993	0.1624497483147047	-0.2918774560435043	0.3787964332896747	-0.14702934831279493	-0.0939896719722446	0.12258650224190017	-0.08767606794802135	0.006917963949215666	0.1737858585264018	0.18726923885765506	0.7385561653503485	0.26990430758642947	-0.12196708768668284	-0.15589838740657766	0.15572199290591016	0.20057699994266603	0.11527650482152983	-0.6133512716892398	-0.14679728033876396	0.043674460350833694	-0.31946909751953545	0.014302071346475684	-0.265435928761462	-0.13482971613418646	0.019261389609544162
DTXSID9020243	1.4564504285106168	0.9047665475843802	-5.721957657143169	-1.5698583592285367	-3.9777011145621843	1.4476245735999431	0.14624547836870525	-2.552060599011741	-3.47809893191628	1.9626794566927883	-0.8111612857517119	-1.7495808885024688	-0.4339637302557956	1.5766726105362947	-1.0162290526719937	1.6027425780142723	-0.7215303258306739	-0.18906861842450462	-1.2969751328657944	1.6952658123111917	-0.4106707960406201	-1.661644177587148	-0.7417602357230868	-0.9258732197895877	-0.756835185581157	-2.7561999354403985	0.21107459265726844	-1.3067285396944053	-0.35317180757168337	0.2373470983878986	2.0317659212564116	-0.5389640591712503	-1.2052964176245993	-1.4195694659751252	-0.19556570258812378	0.6762086657776867	0.40382770508656474	0.006825052226012291	0.19479015609461292	0.5628476276478243	-1.1698550672927954	1.044105422777385	0.9594264098660675	-0.0199317394817828	-1.1142435078100332	-1.004557473023987	-1.2022792741316695	0.8312358906436305	1.1678761299950327	-1.2846515557625462	0.6246600003622427	-0.7346797820239447	-0.5886108667678299	0.7661366610731353	0.5955406167838102	0.42700071555123414	-0.8971024280463992	1.0077695322927092	0.9693269190714533	-0.03278990553417553	2.3021054242877033	-1.2430011570503667	-0.7577433686855921	0.23107852550209235	0.25952575293378605	0.7272492346108225	-0.64814957478239	0.5460703043558992	-0.08306965135111075	-0.439074099584251	0.4065285660519226	-0.4203876165086296	0.4126535206414803	-1.294902922070054	-1.3096978042149923	-1.7528416902387343	-1.3363269201679089	0.03369711201567597	-0.35300833235188156	-0.36709969818165233	0.32531167003553296	-0.37227675004780175	-1.043420040037089	-0.02187056451501244	0.4953503773797972	-1.1332505031279112	-0.406008267126609	0.4440310292348206	0.9168237790926712	-0.8643497751306729	1.086676239676178	0.3722718308785316	-0.2093215970248995	-0.9216411368089181	-0.01678418777136583	0.4278654926823007	0.2267702519335366	-0.7188801454895342	1.3436616326259399	0.09367378872921706
DTXSID9023623	7.923653311969832	-6.341976516860742	-4.734870508930051	4.212407944761635	4.265507783306872	0.7220115349455342	-6.21505451476107	2.750456817351602	1.9285619890562955	-1.3622055853497184	2.1672868883593566	0.18581241519707492	0.34909459088514555	-5.549219543456264	-2.1377711652051836	0.04281445962500036	-3.1175367506431875	-3.4874271511191304	-0.6616281646721069	4.50225432971323	-1.3868161023675067	-0.576764910943263	1.3010463709531452	-1.3254033313744396	1.2912704613966546	-3.3467426729581597	1.0313039450866492	1.3093135035896422	2.102086179661518	1.9294543005399147	0.07919191308775161	2.0086760528624605	-2.0393868072256107	-1.582073363727519	-0.020241103422229324	1.0492033227982855	0.14726602303472788	-0.41611441768521007	1.83437387790342	-1.1834751261847356	1.483230544329935	-1.3252985896552059	-1.741577001920204	2.894901689279477	-0.31712825630724206	-0.5240995575647697	1.8199447886100446	-0.8654388940026251	0.8802651390480702	1.6100362123171075	-2.346212207490768	1.1269037361284502	-0.7146448903708833	1.9683695484428347	-1.2988202145704506	2.5348241096030035	0.11229759425511553	-0.1429713841684184	-1.1108669233366892	-1.8923518828209558	-0.2602404554950774	0.14966424736419592	0.3491143310612087	-0.6722607209993992	3.6081801213586515	-1.4666677151641583	0.9525599965408378	-1.6688173506957122	-1.1387782859095161	2.4844844629164022	0.22741745761220794	-0.12300320154685102	-0.07162896129240086	-0.6904195248786172	-0.10150613308085972	-1.0699157875023049	4.973013990486706	-2.864282700135552	-1.2431455788980617	3.3461490317124296	-0.12579310217893053	-3.005204204161614	-0.961934651137699	-2.441593237770104	1.1555575197454895	0.4806563356295342	-2.414309323857715	0.3626762599318121	0.925865997739331	-0.03899736548221933	0.45141424032949573	-0.10404972997926674	-0.24863413484199826	-0.5998393412688744	0.13530363369531037	1.238771465061102	0.41078057356573994	-0.7816120446531314	0.24786518079014622	0.5728707081582757
DTXSID5021627	-5.976038781278178	0.4624412721693072	-1.081924572965143	2.982358207222184	-1.295219339401906	-1.3255523174898223	1.114079922054986	-0.7508104086397347	-0.5233402613542549	-4.68040758445507	-0.8507930945308425	-2.2876449775973047	-0.3813001417531478	1.9472811312196865	-1.5287001143610894	-3.4694560631406675	-1.6276534579306436	2.600701943844171	3.959087176700446	-0.32323488975749526	2.3326019266692612	4.835488508667164	3.4489340046139727	-0.1779074429057556	0.8104787566561278	-0.27827761643044796	0.9416349702677904	1.7904091988935475	0.19521062307209708	-1.9447502051955685	2.642438486627602	1.9276321988043712	-4.270451989664529	3.676962709610406	1.8443545083882484	1.843072000200729	7.99969199923259	-2.1084469956648384	-2.02984191876195	-0.776402285861628	-1.3957767033481647	-0.6288793610900562	0.22657946418869396	4.594550517681278	-0.9872740095393931	0.9757362575888038	-1.0497752235552893	2.300774568416711	1.860142382102284	-2.828486016461211	1.0144525865481413	0.09981462970904105	-0.5899597789217855	2.5206203890794803	1.4930272653606247	-2.3618312658696308	-0.05353941314098579	-1.464362158992339	0.9501297426838932	0.7188528440279833	-0.3580649504904181	-1.19970208554089	-0.15100988283538982	-1.353312359543018	1.3956327130372415	0.6756421291546882	-1.8107649165102004	0.4486310733035735	-2.7009618801104818	-1.2637610376876685	-0.8224287299175571	2.952874213972837	4.047885108707777	-2.366482243007897	3.2065305733471505	2.0521480349293566	-2.875891034995098	-1.5666448507608806	-1.5559562966543605	-0.67538301529835	-0.9043299245542795	-1.140767006810228	-0.2140595372157648	-1.7735368149622979	0.11143082131677301	2.5023391352276763	0.913658764004179	1.9788625377809024	0.7192194586955808	-0.1437603026411742	0.12755912673191847	0.36312652641149756	0.14551939565736421	1.4784278356955758	-0.597126849231055	0.9213117407732878	0.4252397599226943	1.415988798482982	0.3325082145247106	-0.8128022734005657
DTXSID0046224	9.418063481739189	1.9652863915499563	-4.6491184293088645	14.0752787262592	0.20931978993457936	-6.461376214733157	1.0978858281553006	4.496335229066773	-2.766739033189952	-1.4166640730192506	-4.012483541215802	5.237557863270175	3.616308920786628	-1.2201608187081154	-5.5574421899725985	4.089588163852008	2.2276460412491943	-3.3122629197584397	-2.2662822079923775	-3.993463310503384	-6.131451626210938	7.967987971658252	4.487866473189341	2.47183020477607	-2.8155040046511113	3.822511621925601	-7.930185235519025	-5.622797959324118	-2.352276756861407	0.1407305600052681	2.062168454449959	-5.084298526737561	-0.13280641362591353	-1.4659847885935162	1.6086830228445839	0.5091177675920123	-0.5808058438329654	0.6745360533395195	0.09016140589906545	-4.096127277808128	2.1110594612185936	0.047530548295214366	-0.2827812172290166	-1.9977787268743488	0.5185206301095572	3.480655194738808	-5.902302584469042	3.0080537214943606	4.9380374317668	-0.5467415614867576	-3.2211762978554783	-0.09692294100760653	-2.31076437601267	-1.6599931661301506	-1.6550689417432964	-5.2022527185558864	-3.570836848794579	0.8338299390423463	1.7162933021964286	3.802124873395075	-1.4496073675938896	-1.2459229143066355	0.3763439059233929	-2.8066186077228172	2.634933029042966	3.605390028086181	2.426670235478393	-2.7109610357048446	6.721825832442892	0.010682762172451832	0.6692833742831225	-1.8907918575763416	2.884455602459802	-0.6610478581767883	-4.695874403966986	0.32871671105618594	1.2329692447220741	-1.2473788851724352	-1.342523654102306	-0.21262757890239428	-1.9321382213009974	-2.5533982303841163	-1.7191091770265083	-1.762476481090612	-1.6067497315975683	-1.335493453038911	-3.088361955030481	1.3489413999199322	-1.5100056983887908	-0.056481858796625546	3.024947274046976	3.4933972435058984	0.20882203216516743	1.122418578582803	0.04163532707153665	2.1474363896483672	-0.13475151657226406	1.6985679025130873	0.8453778070162631	0.02859911731200091
DTXSID0045096	8.29150748144766	-0.3133029588397831	1.6679478308249007	-2.820883512820562	0.9008735238071419	1.9703260530130908	4.762782687772884	0.9633129766224863	-1.3544934768176797	2.295986841491679	-2.7328912701542847	-0.5093131644386903	-0.4077169465297143	-1.603893853167659	-0.08514113473635453	1.7876643996188673	-3.210794607618343	-2.7610227227143085	0.6478433887224037	2.0556731066861995	-3.2216046163519425	1.3274134279937473	2.4178699501422414	-0.6946204872294088	-1.499587258468712	0.4315034728827326	-0.3404799965138455	0.2156126106704321	-0.714205175271451	0.32893919465743404	1.114395690357517	-0.39874220767924423	0.10264376888958754	-0.1232091306914729	-0.798114592016585	0.24489326919034518	1.3127567634688913	0.2777998279065343	-0.03926891389668055	0.11999664245190869	0.23361914424307675	1.472747802688002	0.035319957891009154	0.7328720453103171	0.019053319973891633	0.24326304918982797	0.023965239498518545	-0.09545728308558102	0.659582482682129	-0.5731487105899782	-2.255562205517518	-0.5444516398729169	1.2973654391204135	-1.2472443729148102	0.6301858757207895	0.5960540537559723	-0.8597571284930458	1.5387483144777636	-1.3917616836756057	-0.1645849165702624	0.2674588480364074	2.4181160998428384	1.6330268616691312	1.7724913597108336	0.8727417421132265	-1.5664082664433903	1.62774066316439	-2.216190043702996	-2.243465074929894	-1.728582172239475	-0.06337831589581075	1.4009225121035351	0.7568518805356895	1.0347147233575429	-1.4587275608096815	0.6007310353773205	-1.3581219095528239	0.5674367430059278	1.5618394681486407	2.751930446803794	-0.3641708367193755	-0.29380287279511935	0.33428482069829746	1.25334536172019	-0.278266766427301	-1.6898475997680478	-0.7681483666688287	1.6199365346259118	-1.3534962113407418	1.8223368916582954	-0.33596937746959826	1.2752173233807826	-0.4961690740025917	1.8786068682235064	1.261140164943622	-1.7890056795293259	-0.9579857504919503	1.575517301878749	-0.6961037821059698	-1.2467138424105253
DTXSID1046760	7.10042928655734	3.9254530805917263	1.1221067690390627	0.02692603253822191	-1.4457172291439402	1.226963295037047	5.992246374118756	2.6903801676997667	-1.438134924610239	2.778961283695009	0.7471712854274506	-0.5372141243603049	0.4051697182144275	0.9104379551820105	0.328712941474104	1.3596165431275349	-2.2214969649445675	-4.700458502743297	2.852330962349764	-0.17400838061941085	-5.035910242148021	2.8252934595238353	2.4485656982440775	1.595891840660001	-1.8584421074978401	1.7756277247359296	0.5422714485886849	-0.05859232360871906	-3.4152746093052837	-1.203111793156317	-1.6636669070151608	1.0817379458996401	2.5039048946139424	-0.4634617267267458	-4.216024366082552	0.06322786352352382	1.2460485639193055	-0.6231664001893877	1.0191282478424688	-3.4784184865047783	2.4337310402653096	3.243769208487856	-0.2938771765837788	1.3392140099071144	-1.1966849240569575	1.4586240385119829	0.5158726859231401	0.40988853945911524	-1.680380557895661	-3.76806184373825	1.97707740666143	-2.326459067273948	0.9430400491365147	2.871609960453749	-1.4891191825863261	-0.19268947380769258	0.06310363715165809	2.2163309667975932	-1.0593566605225877	-0.6317438236582518	-1.4087958525559288	0.9981664818370701	0.9887075780842631	-0.9175617055582665	1.8192775965484256	1.6550913157992246	-0.7861472814482606	-0.7816911316169664	0.6202870078993786	0.6628814972225393	0.8534849211702019	-0.4448764377202269	0.7715318648911512	1.1928990622278566	-1.7298914512692036	1.899309353511482	0.19627045895186965	-3.293601504731441	0.11720088890019255	0.18669090333130187	-1.4644257419926856	1.5804468493610284	1.1842301876075725	1.671624008494047	0.14759581705090336	0.6291675107678083	-1.1226182569533476	0.3836994928939513	-1.1250639355352001	1.4676477951544398	-0.6561020435971198	0.6376735484871662	-0.1578563342219474	0.6313404790568862	0.9065510688652744	-1.0983821414085797	0.37184824108650927	0.18363593085784932	-1.1228242990563095	0.3910399389014651
DTXSID0036508	9.691847153882392	11.050043903748575	1.358523819404262	0.824622566242332	-3.0460334907425244	0.017311190847017884	-2.8845318321890563	0.5664836065655431	-0.02961792604670878	0.06268011182470203	1.095858757185306	-0.8583145203491493	0.6766094479380252	0.8292637534145708	-0.3624972754566409	-0.16366663126945052	0.7364149983694003	0.8447175775426148	-1.4214367165445427	-0.15855968295135217	0.3437838032137984	-1.0640784143841266	-0.14422540491525862	-0.4198327784893901	-0.2624803250606495	0.2493579421055309	1.4454930104031005	1.6160378698685889	0.49259567782383307	0.23101395379141096	-0.4433181284238056	-0.2990222895046746	0.0716398776188482	1.4205732496824344	0.2984195055620882	-0.07881605415209018	0.2493605016040538	0.32436782014291565	-0.4548865966950326	1.9082455934548244	0.25661454332171396	0.654981143103797	-0.061558282338031185	-0.8200943121410029	0.027698812688757173	-0.501070912424398	-0.29752916474555563	-0.08287820148803779	-1.2724218097966868	-0.870776844938224	-0.7524643018426107	0.294834503993738	0.5658937510942497	-0.2380309296362548	-0.32415431060668753	0.6294536412870699	1.9364607166837529	-1.1446796020014716	0.3337714081981351	-0.1499496924254518	-0.2572462898008203	0.2690804336742172	-0.548287249360227	0.5067014538246132	-0.4995017916733473	0.05349106976757615	-0.9007016846758855	0.6303758607575687	-0.8697433355421618	-0.022992666967338874	-0.5704208761297269	0.5731522150591338	-0.2214252513180343	0.2048684528082199	-0.36320260894410894	0.26614886118037184	-0.5799157016422393	0.8068626373811235	-0.028886807645596733	0.07237181883860203	-0.5451045484417831	-0.2895627445241203	-0.19686925372552894	-0.05708357789131992	-0.9242451626980939	-0.22657259907090516	-0.24053222596928303	-0.09365617483870567	-0.5121792374583367	-0.11523036903613969	-0.6267575540953041	-0.5825105969902699	0.19333472188247952	0.1873809433023767	-0.28929343767150245	0.46527925873410897	0.7667516688476559	-0.517934788538378	-0.12437680796645413	-0.3000644988197133
DTXSID4045476	29.370679326245735	-5.810726866879616	-8.897462606856413	20.698145813661792	3.330046365736857	-4.728090477769076	-5.605030481692091	12.492752440473417	-1.3621761374748806	-3.8050117608680973	-3.124534320580299	5.809342782033407	-1.5541731921925845	0.23533679135058702	-5.92229282778291	6.678040437426587	-1.5966081694469911	-2.9315542471684273	-2.448982614706405	-3.02071541603808	-7.480074933863209	8.441384618599695	2.993236605892603	1.8057589622953703	-2.3411267926208854	1.0247930764374065	-7.8887780486825525	-7.55407380545586	-2.2330729904823996	0.6018668357764819	0.32424605575698023	-4.70266929521953	2.725045576986894	-2.0777210017879226	1.6362400504440548	0.10980745830416642	0.886388714161655	0.868754442511593	1.516697228504444	-2.0059368051784325	1.1723304482210122	-0.46809866679820467	0.10996380685648761	-1.4135222278169117	-1.37586321000756	1.4755105370514312	-6.723976966393473	3.595227048897744	5.7539521659963775	1.7269319604416915	-4.630546077875828	0.582828656301875	-0.45940424662438056	-2.2412566443312065	-2.058142778202186	-5.277724990601887	-4.174557999300115	-0.9001888157559383	0.06950393430572269	1.5122177843100688	-1.982376530567103	0.04374034641997952	-0.6031105756622228	-4.847263118758067	0.7582299063408001	1.400134924346166	6.06773262813222	-0.41446136057513894	5.715340577674599	0.8789560444333239	-0.24437216368340894	-1.5965011947638788	1.4156049912167838	0.9699337411389715	-5.6781806307460325	0.519083354094161	-2.1011411501082895	-2.2114361098843274	-1.8350562152147825	1.3405729034046847	0.21370545884204306	-4.7869481717483495	-7.739846214357716	-0.524177483931167	-1.09881551944916	-2.0188102606307643	-5.32075202217331	2.456871424462263	0.26340711180249715	0.11711682283582177	1.3314169600178778	0.6165251051301002	-0.2805784583377312	1.5348982183217732	-0.44539906946977503	0.17458368516389974	-2.345378566321717	4.230406932023403	-3.0351550050904508	0.07760827548663152
DTXSID5033096	-1.0716628289051537	-1.190530451740303	-3.3165093239947874	5.954406872663911	-0.46434798328775323	-0.3890197522500207	0.7039916838074592	0.06455397467359786	-0.695189218328884	-5.747309988944997	-2.4729243320059484	-2.974106104517778	0.5303658750877449	1.8293407263590717	-1.386948687601702	-2.9269542792873837	-0.4318092117751898	3.281611066021464	2.655389605481314	-1.82099253973172	1.2148149716715364	4.517571232644927	2.8966084885854113	-2.097894234250689	1.6073572165361707	-0.3662302169557059	0.6323474853691997	-1.7676162960042188	-1.7676985709674402	-1.3876506411475173	2.650340207882593	1.3477209577409586	-2.407357951929076	-0.9338557822499476	-0.31200994113580394	1.5825458906757424	1.439587845957259	0.4052738550748942	0.30201925084406334	0.012514272296769933	0.6139348475327747	2.0709423747562656	-0.18075571001284563	-0.08217855151438097	0.21050738399164512	-0.5378042797171244	0.3308450348127663	0.6080408368542319	0.532309411355754	-0.38035878210859986	-1.9568906843349865	-0.8935965538611661	1.6775194439687149	-0.011937886180929889	-0.9468720331786247	-0.5168930752495695	-1.3582233947121187	0.03986016261268436	-0.19929268681263057	1.2272204530632276	-2.2124964738202246	-2.753611017840579	-0.9645358802512645	-0.30405216478059915	0.6339307005397617	0.57214292590821	-0.6604736143278884	0.6019973534272334	-1.0082431933020701	-1.3481824343038178	-0.11235529906526757	2.212765558700673	3.9529499416663696	-2.7689078808126313	2.484587264549399	2.8949712467051723	-1.8721382580725305	-2.2457942235898396	-1.8847897700364422	-1.485075808819288	-0.9662000789021256	-0.8261814690156416	-0.15976749630760828	-1.660936126390671	-0.2975521285115692	1.9107666625353075	-0.09794785478459564	2.1299131623365755	-0.2605459716441613	0.6019849141858169	0.9991846949773707	0.8438242088812179	0.9617877810798112	1.8206635450044326	-0.9085722089754397	0.5157311700443247	-0.2037277862170905	1.280622373853727	1.593209007875164	-0.45814088000175174
DTXSID0048187	-2.8718934102304714	5.635689147772148	-0.9102344353157092	-1.5146164976106746	1.5240431098136102	0.441383010977646	0.5143777238189758	-0.032106759007971795	0.48122741963685145	0.18885559792686768	0.3845306506398848	1.04021130275878	-0.8746533526155683	0.1025019727158653	0.4170786391932495	-0.8395494513468325	0.848822333394967	-0.6699270833126949	0.6144348077727529	0.032281746429117145	0.2112639196195663	-0.5157574126361242	0.7822431904286427	-0.4237313054751156	-0.9210867645827818	0.7452427079955873	0.05868319970456962	-0.027798295922215936	-0.3926410887503454	-0.45706031079752196	0.408826322977426	0.01760655225841324	-0.19707423070564065	-0.2071361025721003	0.5016797595142666	0.17920731503588275	-0.4462438458186208	-0.35330767237183036	-0.1097759335876182	0.13001248015475017	0.21666837129483463	-0.05408190403277061	-0.21772328875235164	0.7806384416784402	0.3750587845568915	-0.798254128968705	-0.45591219602813543	-0.3327471738048295	-0.2528440352049215	0.0031656305824168344	-0.03825037935681088	-0.32943361625304757	-0.5097118014884503	-0.22873649676221755	0.5945254787318277	-0.5898808625881791	0.057853251807348065	-0.383474755168892	-0.5352798912060677	-0.4886280414422229	-0.9246448724458857	-0.08378778878893073	-0.40708008504548826	0.9661276216673041	-0.24779873226527613	0.06427859617649084	-0.1304734326220375	0.6642306207389053	-0.7692302481927423	0.4798867121380657	-0.45804011951007734	0.46620829292218235	0.501430893722912	0.8635902513153257	-0.06003101301886734	-0.0922574439075683	-0.03653272334155715	0.6154316808834818	0.0514804215708745	-0.43062988850920114	0.39553024836503176	-0.19801053801324842	0.7296583008751848	-0.3775070635533626	0.14353757629222053	-0.452045468642456	0.053481757883390976	0.21996977373656745	0.023329223372477788	-0.03827982195370425	-0.48498214284633373	0.4962898866000341	-0.07240108116168545	-0.2043196250643166	-0.30466970232890095	0.24813547800156527	0.08725536380609847	-0.3972278553878516	-0.31731016462536094	-0.06437630296471236
DTXSID1027768	-2.9436000622796104	-1.6705193588119365	-4.588879137032036	4.977216275890293	8.39098201595944	-0.22955354360201966	-2.3625146872447416	-1.4338602442641726	-1.509716317402966	-5.536400580996099	-2.065212211596461	-3.677326778768751	2.923981588443295	7.237101223220051	1.3903608652060924	-0.15581544240427841	-2.5098097418867353	-0.41543250343641	3.4940294112942087	3.407999942755081	0.5003249006460276	1.0539270275737178	0.14399932436804783	-1.558712678329032	-0.22855323431027927	-1.739366016418344	1.2857734514470807	0.3615445340379748	0.6986901447776996	-0.9151678439754434	4.359446977809687	-0.8941001931258541	-2.3729246893680043	0.8819163927265593	-1.190146385132713	1.450334584210564	-0.04534615547013307	2.986651596695938	-1.8995742888982206	-0.6759080018343547	1.5905298143108324	2.287455549823508	-1.4364551554780653	-0.6226828283144671	0.9288923470149302	-0.401809026754843	-0.14631097300412213	-0.7351928611809674	-0.8412851095499922	1.4868814464852238	-2.0569291051302634	-0.3668808392550461	-0.11987078131641918	-1.381553757895968	-1.1082421953177204	-0.3688203363616651	2.232764129890551	0.34795313082456164	-0.9277152881778322	0.03370434503880309	2.0005242625784683	-0.6483417201326632	0.5365885495312186	0.6709403361348266	-0.1197258005305299	0.8607265798737578	0.27337118538805166	0.08267818715038847	1.5244707496804628	-0.12690009510878592	-0.24311695406420622	0.020738868936991967	0.5221299830161209	-0.08887039945258816	0.14375924788065217	0.7911331143662147	0.6514874222756183	0.6432662100208487	0.8432738713209703	-0.8643406768491204	-1.185286561915848	1.9768125769996228	0.7802932332140796	-0.5752494373955671	0.46268649574475695	1.7004053239985557	1.0814025957740627	-1.3647413819316072	-0.23579235892560438	0.7711718877904423	-0.6695319332258695	-0.2366371022644244	0.7915652415459793	-0.07743204320833584	-0.14940098574931862	1.5217346161953569	1.1101212221738839	-0.7332466408339461	2.4293671222920192	1.103147640319505
DTXSID1043910	1.4786940538622524	3.7885581309309018	-3.047240924722581	-1.8690336735093551	-0.07595852061842799	-1.0931659093623862	2.3801302265648174	1.00614170546796	0.5613453580786922	1.0243919016644838	1.1104117842460777	0.06868805248171385	-0.3432439783343068	0.24324887205674958	-1.131636038440112	0.9152038355371305	-0.3912301126544978	-3.6041651052870396	2.8734337361819198	2.6842243057657904	-2.0315083024439526	3.549429291143914	1.412916866576688	-0.20486790793930088	-0.4259756315631372	-0.7463373190644925	-3.1808141890755843	-1.7947180440572323	0.5617022835198852	0.7617147108259464	-0.8609990112010595	-0.8251972111142778	-2.2506705137785574	2.3767125194438044	-0.5319583183614337	-2.5186663801361675	0.25156520496568097	-3.6962984984157106	-3.743407355622572	9.26784571953443	2.683299494809974	3.699069143125251	1.8433070782139453	-2.2085772665480263	2.2293248440371958	-4.602324104331169	4.72378419978491	2.1991038377918297	5.5627740180284455	1.2156814190714038	3.6182440806224605	0.4331281824937507	-2.2694003404931684	-0.7282492151829665	-2.6962841961247133	-0.023375123462206562	-0.2990908157828812	0.5773859859615026	2.8916765351424734	-2.5767228854886453	-1.6830979157090058	-0.8294941106646604	0.6065664463431415	1.4429875050479712	1.9394555804221547	2.3867894902200426	1.16633842898738	0.7955119763146065	-0.481341662763044	2.7989400624099514	-1.233604648478142	-2.870314492006148	0.4866489428189638	-1.7365049902980902	0.5666282115025625	-0.5655343567553995	0.9116666755089741	-0.17116262763004383	1.6611516795250094	1.3335393900225976	1.640677131736942	-0.48327973856789536	0.10812246861049997	-0.7515271895033667	1.2650323407834947	0.09699662542738403	0.34687011851228633	-0.09925822004196765	-0.8789640214605392	0.20695271451360772	-0.2936923606138761	-0.48129414516286084	-0.11523282620315531	0.6786143692863761	-0.6388018946843679	0.6552762160648284	-1.17432667508962	-0.9498922895138527	-0.8597602840634954	-0.2863826284924865
DTXSID8034376	9.586112993626655	-4.266175489180255	4.287327426727755	-0.5431970457792739	5.694759279704108	4.656385785816329	0.5002634116846123	-2.0409505145978506	0.6379897153889138	-3.662989968183678	-2.230796828047184	-1.8097752937136087	2.2617954162236917	2.376574088060253	1.2643569965816106	-0.9159216137165702	0.026714229643293834	0.12228004659335001	-0.030004153632542482	-2.778038072453702	1.7060372716035435	-0.6219206088665007	2.1114702997828227	2.497266213649352	-1.4341598905800483	0.2883107451110349	2.842169038486682	-0.4139652579982733	5.562073597153792	0.45693588838142984	-1.801639366252413	1.0299784478187681	-3.738778838017126	3.867568231266547	0.14489819000508866	-0.8887880758800805	7.8152765284413634	-0.35467081521206856	-2.465941552463899	-0.8604745842194977	-0.6488130530786353	-1.4879895971771033	0.5780855623650818	4.443767640629509	0.6109592948803944	3.4594274342954376	-1.0108941526559254	1.9308077282065712	2.5310537634081003	-2.7429693599227316	2.303304581609512	-0.8796372272295567	-1.9241470174892161	6.9449516702217675	1.7578199314642933	-0.06251836162244838	1.6602694084450336	-2.277170233598939	0.5420738398930912	0.7110350743077012	1.1933947366682827	-0.8429447679714882	1.9499119979607988	-0.015507009049488686	-1.025534791770308	-0.1620338440038617	1.7860153774540692	0.6824755926710917	0.7666532524638292	2.217153320740847	-0.4015501410327987	1.7614201847953521	-0.7497953577395129	0.4460508393814881	-1.2692331335185454	1.2393126555427472	-1.0859614837878178	-0.3355767264317049	2.0206726485333992	0.7838477131732382	0.7918770380870166	0.2939973514288171	-1.3441485446301769	-0.23126069056659504	-0.44522458785301744	1.3584140485844753	1.0831719704295417	-0.7350333898505833	0.43225974884263246	0.9942046178076387	1.2432613943386748	0.6834257437430651	-1.5360014700193527	-0.034500667630001154	-0.3437293574761118	0.6576807218847126	0.06114293268988368	0.6387246630936005	-0.1619048786035127	-0.5297220243693607
DTXSID0039229	-8.993403274711808	1.6389882492983578	-2.437816186075005	3.779328619779039	0.26975395646917083	-0.5637147576365161	0.5102829588955521	-1.4401077991038973	-0.20541939207076176	-3.126113612180271	-1.495545946733647	-1.612783062418437	2.023612733219663	4.5516743127977	0.13340754562986412	-1.73727432481615	-1.6391254870043732	-0.7076317238818725	3.418027792511256	1.0683979896095013	0.24423399404590992	0.47238528064578744	0.49955545765487247	-0.6738705094746967	-0.7029183849512285	0.21004080937121936	0.08026329289008828	-0.14307484968421202	-0.12582752541236442	-0.2645459636507336	0.8667987276335128	0.39793823639806564	-0.6290713942501345	0.12868342195006158	-0.4765545209237895	0.5737292613645217	-0.10231016328756477	1.3483429421323072	-0.17029656404739174	-0.1874959194752445	0.24319953554565796	0.2881194522926142	-0.4884781722856043	-0.47900721139113844	0.5337216830605637	-0.3724448708624183	-0.22839499452312967	-0.24900408235726534	0.030449608949051205	-0.33395978127309645	-0.6462286275590946	-0.2667357722881069	-0.20820534442592323	-0.5324314899156348	-0.5717351777593841	0.06294574863137735	0.3369554715466808	-0.5086490175173439	-0.9627606942868293	0.5860466405953241	0.28686834796442756	-0.8505254257647755	0.43656028772074096	0.5706464522714366	-0.0022098764595961697	-0.19595268172534677	-0.8369175952665205	-0.28329654831094203	0.6758117727035351	0.3295315284496969	-0.30161474617548717	-0.4562699212251617	0.4588511558250055	0.14778538286139029	0.1582660273419634	0.09556694307328102	0.43586678888077385	0.13774682172796293	-0.06456663694512357	-0.2977507263668991	-0.5654470171162688	0.3789390766781974	-0.027822176252807036	-0.4459586068184505	-0.1592154218533828	-0.5008235414037646	0.9050619265294834	-0.3868836376044079	0.1750385845105536	0.5355545870293922	-0.12189328534938389	-0.27775688125587866	0.40390391385908103	0.4078357157350931	0.3275607193166166	0.39423584661533384	0.3764062537247954	0.41210119884078494	0.4915937317506745	0.5199844270129078
DTXSID2044929	-2.7585519832143537	4.468987079749234	-2.2408507037411587	-3.8309944996993197	7.071782718837375	0.38198637246298184	0.6864472856108795	-1.2253899080870314	-0.41236469367554723	-0.9103993713973224	-2.924063202710638	2.048782843170292	-2.137691103026608	-1.4518679385030206	0.3627202680351939	1.449423543399009	0.48501449520221535	0.5562552274743199	-0.2336041300352719	-1.1486901748248546	1.3907749716557636	-0.6168901655127255	-1.4849606301490357	-0.9326625517471582	1.4822722778335125	0.5425247313869537	-2.6054294215525746	1.7599286156277436	0.15793708980235013	0.2759013724389084	0.34081182509713764	-1.5274778063486396	0.23934268552105922	-0.5017680534082009	-0.12397860680915293	0.7972637375287294	0.4578820488684247	-0.5413136604820319	1.150051513725316	0.26383043921910315	0.33338320830401597	0.16892045246969578	-0.3330536231349069	0.28367073095225326	-0.47190918701757006	-1.7830271549454446	0.9141108174400919	-0.5969453367392266	0.5265060188188798	0.1610462980478397	0.22226464748302777	0.36209313471277454	0.4158975571430522	1.0222404298613437	-0.14596032091199068	-0.08943637973464132	1.6416210540845808	1.1171340320612202	-0.8282053549739911	1.9383094221034594	-0.008345963601146063	0.37759813917717827	0.6826302777584383	-0.659790044432798	0.7637357351212689	0.12875048945365888	0.0667054094705493	0.8415596932983975	-1.8530914049887648	-1.9686010307884214	-0.08016525707379145	-0.0969154569449297	-0.30261189610321215	-0.10254498030925663	-1.2893858979557065	-0.043771374961159557	-0.08079190654500315	-0.0013255850511344849	-0.21986091414674847	-0.22659932362501495	0.663097103570535	0.1694398591370129	0.023877406964387695	0.14515339549308867	0.7712353224838516	0.3268002802676665	-0.2003009188451859	-0.664438484838757	0.1141657277374427	0.06585530046494045	-0.46839946301323654	-0.21851791690248626	-0.024459559761016977	-0.32287663911424364	0.02643703351944737	-0.33894251840844947	-0.3937162912893929	0.5877899674484842	-0.015431603159435611	0.5044173631232641
DTXSID1025805	-2.5405187078092193	2.4893499988464134	-1.9192062985978948	-2.1190357211563766	1.401375060730763	-0.5865452688943866	2.3087901936816855	-0.31051105386537736	1.3328929302859724	-1.3333993885526179	-2.0678036243737528	0.0534998200637322	-0.47596456073967985	-0.9351948328929699	-0.5283653584053505	0.17993345945033645	0.6606159037204556	1.4892895699715392	0.958548047990139	-0.3618505450935227	0.07654491576906658	0.04114352271026143	-1.0712670173974252	-0.817424195109062	1.3219964739089407	-0.19814177142048672	-0.22554662289690044	0.40559815420787865	-0.043238704515077636	-0.4083768629876539	-0.30340950468193056	-0.6905955203311057	0.3516306026128306	-0.8495498467494161	0.17708775072232455	0.7180702051896838	-0.21551300429366707	0.35196667871879506	-1.103219803578728	0.7730623608865397	-0.2438638793016433	-0.03753896152657088	-0.5605663921153946	1.3088198680313252	-0.3827980651022777	-0.09102981282206576	0.5621139939638962	-0.8671200353995103	-0.10421651742672364	-0.7219325434531666	0.18758870570505526	-0.2435891500654579	0.8096984105864593	0.5128282927858477	0.47308368424466823	0.41208408318092926	-0.8633485957171405	-0.16123293283285584	-0.2172854669079073	0.4622769501594305	-0.28700712896562564	-0.1788003010574156	-0.5582212560025446	-0.07540382378727485	0.06698382380534042	-1.072913859545841	-0.01939546443331485	0.20768582228863872	-0.07170038303895247	-0.5648575656895057	0.5753327168545829	-0.1288475356203096	-0.06781823804685844	0.2107149048506513	-0.9002121792733515	0.5818247409125753	0.6164812561399182	-0.11021161565873978	0.5190701476879583	0.490285220768179	-0.13356035564475574	-0.45817920057711814	0.037809704657376854	0.4334784109988407	0.5445345630080318	0.5691812638929841	1.1490882836127934	0.4401520240310018	0.1947783302100704	0.11377866297043536	0.19149826283175084	-0.12186397041885971	-1.5161372076469546	-0.2473717437917844	-0.07730126064646585	0.058320901005258115	-0.44787804622107863	-0.22680399559144365	-0.31864910661820206	0.1158207004122465
DTXSID6045749	-1.2550416940777402	-2.7694810907256575	-2.612548201924351	0.15885490765551544	-1.7445172997722214	1.0556402988669344	-1.2227691647101269	4.962848692366494	-2.152372239612898	1.9663011370276886	0.22380817387686971	0.0241358803022264	-0.5753768407063535	2.4081427927557986	-0.7782778232815944	1.374882506682656	-0.2240448067480645	0.6272252821617883	0.1764954157128489	0.7991989027312474	1.949338160433011	-0.011568481604322379	0.6883779965569127	1.6728685920486994	0.9664343664342141	2.118594263431112	0.43379407951472865	-0.5999427953267684	-0.051937737446491855	1.0497743103727581	-0.222892993094934	-0.5998002798435565	0.357518040344474	-0.08514210017061585	-0.37423156852362416	-0.2967189322758887	0.15154835251002383	0.038987051286048895	0.43366087731229636	-0.2713088634297424	-0.3697597284374893	-0.3190420277805448	0.6663004123836368	-0.6360420337207773	-0.16510686374536665	-0.03189630225351861	1.088595083519571	0.18188731894181012	-0.11101802853964252	-1.0642180345366836	-0.7459809231080659	-1.1415773908149667	0.5947673342832219	0.5400333568171896	0.01590765031907272	0.8780636127158105	-0.8409167520350446	-1.0782393455597952	1.8012931699014076	-0.15149885477178868	-1.2456433695082663	-0.27487052992593325	0.5919538885603055	-0.4923639383846638	1.1075421384885695	-0.23542001179439467	0.8295054931070399	-1.0087880483095708	-0.4466818287918327	0.28060051700083954	0.5585124917733719	0.6537680413866163	-1.9170552429605692	0.8927843395927179	0.6602926011705051	-0.5153440717419239	0.4323564084220466	-0.3016617399934576	-0.17508496142818536	-1.5187930587575516	0.600875213312721	-1.0987270467493957	-0.28512113172994147	1.1610048238248818	0.46534857022505827	-0.32628306901480814	-0.3647999194923131	1.4018113223679864	-0.30144709662201274	0.6709333076750787	0.9994333732005541	-1.5906318172749223	0.19376572378520357	0.01623479785528317	-0.46506299638555854	0.14818076786784498	0.4859123844391449	0.10534186481200897	-1.0448121369745058	-0.16914914181966395
DTXSID4041446	-3.285097447645572	3.8514943472678524	1.5155258642808194	-0.22587818340155835	-0.187900870793242	-0.3343673264929789	0.12304439208817007	-0.4296750647593406	-0.3093185250512351	-0.4767493869525127	-1.1699712166611487	0.6717914875240582	1.2765388656172507	-0.2629632050423813	-0.28005328108615796	0.48253516237180505	0.6510622023108785	0.3162879110103898	-0.1273587189110454	0.14341895473343272	-0.4618600351997877	0.8972106542566359	0.37643322040097227	0.4941979721385181	-0.7139981029315838	-0.12277742059669793	-1.192949031873764	-0.7125452146420701	-0.7837640247427977	0.481011625382308	0.49492107742056746	-0.42661759768802404	-0.7560304947153194	-0.3290236156438228	0.38636518095332534	0.3063142811618314	0.19001255637018513	0.5467957178197231	0.6065464588888152	-0.34728976294988273	0.01772740884244424	-0.9922812558923202	-0.617472120226906	0.02467673907111987	0.16271469247986978	-0.41264527709174015	-0.8560034949826074	0.5528264196233025	0.494617086808204	-0.09681517082626984	-0.45862327353675403	-0.40448765219006033	-0.11808485391010978	0.2328407188459768	-0.40301254498261135	0.5116381659254781	-0.21533589903756617	0.5400649850636411	0.19238871090635776	-0.38127683978408533	-0.8551944813675189	-0.14229615254782121	0.094665238410007	0.8686256696566089	1.0054051302723734	0.7170529860426935	0.7433936891724748	-0.6396610577785478	0.2981950727846123	1.0972964399336231	0.28790571184777164	-1.1129704365774704	0.6004744492374073	0.008583864335994484	-0.8171308483788027	-0.11481441487856396	0.2866151000321043	-0.6207819120247834	0.15389155471639607	0.08527088273230354	0.24165939800633174	-0.9311268739062971	1.1203939218516854	-0.7796179844228913	0.4843832798495905	-0.25587071066849154	0.5199339475019223	0.15837628607881768	0.19324206455937087	0.27663011342463123	0.5535311312631058	0.2694507094690373	0.19793802147079478	0.6276910413073203	0.5760815964587064	0.462939069153808	-0.5667410035802922	0.2897406683830601	0.43081353284018153	-0.11127251332855048
DTXSID9029695	-8.443312439630523	0.39153367375978565	-6.344597674146893	3.1043435229713827	7.775346442268717	-0.2547851731733528	-3.9150165726724646	1.1249424562753896	-2.486664112928503	0.6810009996581918	1.2920034201948072	0.5578930689929663	3.3660266562494363	-2.7351800232619734	3.5656957069055726	3.807440103576831	-0.7884120793643028	-0.9468396575852718	0.05609273359463909	4.078713491409669	-2.1232133795350614	2.8353049124004075	-2.6439818251262497	0.5750050122194277	2.7368599796687736	-3.0937089443222296	2.7728287634808604	-0.4787092355323965	0.9686054583592981	-0.22255872311415162	5.630269646801418	-1.1114982218713627	-1.6055024653117047	1.8013187252957303	-0.29769012816720763	2.512244543690248	0.4990160125287554	1.7605342628998326	-2.507225970853004	-2.3162825407446226	3.1457067729776083	2.1291975432152643	-2.0838048451346074	2.578516917934175	1.5738462805663274	-0.269983139909539	1.3993514135252187	0.9844299548197128	-2.1156026126179626	3.995075989256312	-2.0307683507848524	-0.8071190361701576	2.3478208149346527	0.21694966584890535	-2.3363394748743778	-2.9069979959342542	4.873184268062949	-0.4596665603930602	1.9368172442798874	-2.8169290762452226	4.8436943633702665	2.286223048916732	-2.45426723041619	-1.6475192908388667	3.042991277847016	-0.2640142789710313	1.0797238575598767	0.7660273648776181	1.1308344754027777	1.7640194953739416	0.40084252815665905	1.5099007538675362	0.9210332483088216	1.9347005432302593	-1.2938958258868487	-0.5777496042426603	-0.7193103334122284	0.43043286183294893	1.3015439343653274	0.13007590192973045	-0.6975289756971257	0.8604359945182201	1.2540558856891864	-2.032631036285882	2.3563486554252013	0.7722384290043496	-0.1299429803285502	-0.9477686594575284	0.03904142957388707	1.1619772521611584	-0.9857130854971115	-0.2932255690545658	1.303138568267906	0.7791898690537019	1.170825649344011	-0.7886361269533557	2.0333960330322602	1.7156845140439905	2.503062124612327	-1.197285494067536
DTXSID0041197	0.33142632389539295	3.785289194575193	-1.4296305326452217	-0.9873297819091537	8.725505327840706	0.6455611692214651	0.01772834525942952	-2.437342289092391	-0.12670358763276537	-4.047166945612603	-4.265444832561715	-0.7075927237357755	-1.5992987404629808	3.3634002335178237	0.23220221972773297	0.8512351179351224	0.4660299993410936	1.273183208921388	2.8922425544772987	0.5277210508297461	1.642423940617513	-0.1975300711905228	-0.5640964520750034	-1.2814328141517861	0.5685256939222867	-0.17282635885699382	-1.374064101781976	1.7986905568137983	-0.4999812287472729	0.726391120519933	0.8738504378456009	-0.8715285562046572	0.2652227176481947	-1.1064485071553112	-0.05516122256436468	1.1678882669818464	-0.5927042110722084	0.4726007193248874	-0.5869651304780538	0.6798717793604806	0.11758046927049381	0.5330656796915453	-0.9632668314267017	0.23895476473823443	-0.6453389743295558	-0.8620960572228732	0.9327383353034793	-0.7163106594165324	-0.33913184587428086	-0.7141346877675778	-0.3847053186114463	-0.21580296186646775	-0.18061080403873653	-0.37957567395478387	-0.07978333799551049	0.5272500697390651	-0.4311252966538134	0.4560153515823231	-0.372317722419471	0.7847366215930608	0.9007322908495023	-0.30752805298199404	0.3919457339381846	-0.016624456518733927	0.47163193237363654	-0.4042696324768945	-0.8432278210591304	0.003931963085860117	-0.13424963456777628	-0.4016715275565602	0.056365678801479246	0.2299712670137732	-0.33697497563613604	-0.46620858017813915	-0.22721714043519375	0.493160367103901	0.3279556516507037	0.507969725113303	0.12299776023283755	0.05316142969811798	0.40302789336962286	0.3911700025389286	-0.19675143354481003	0.08948017037821095	0.6237101783359126	0.4463335905102252	0.125947879253079	-0.30833458760656884	-0.02410799555383618	-0.4480583612568682	-0.02348603354838999	0.003818505222103457	0.045850046431084555	0.26764877530518133	0.301509379623904	0.12910918066640256	0.245731347097006	-0.19317360645179862	0.25695883767882505	-0.08508392563862925
DTXSID7021027	-4.953189720198749	1.9653269581666404	-4.127505646585982	4.113826674345581	0.9732276186236941	-1.6265456803770697	0.9104931204745464	1.3226010510542179	0.33844175997515746	-0.43774423591769	-1.3473712862038456	1.6463974007904363	1.9999778672865112	0.32991517636352397	-1.4835794822349277	1.3503232976898016	1.2459426208995008	-0.8771208219678988	-1.385198035982657	-1.2380026285076258	-0.6720911358795771	1.0894191002722908	1.3263670978402522	0.5148543067024128	-0.21455669249168965	0.34715334518299085	-1.410339266735621	-1.2768141826147077	0.053891808091503825	-1.2120488180914195	1.8391929611139641	0.8774815714728259	0.21147420282038526	0.22409927117811004	0.25302953899980213	-0.30815730878741926	0.2234664231881862	1.0120957503092423	-0.3934789983982935	-1.587536022686386	0.46936855661668814	-0.6845604025210541	-0.09637255046936137	-0.6408012195026282	0.7976314527677355	0.5863916342814182	-1.2763001737081388	1.441364843591168	0.7135452024111871	0.5228977750264693	-0.7282269949018456	-1.434195656454965	-0.4917703086763964	-1.0687256339961642	-0.9374234982429654	-0.7492713016893229	-0.8989923220245775	0.23177217295090405	1.339554102841027	0.9529873551569472	-0.33931434232718577	-0.5052893075603273	0.5140479094377938	-1.1088037972211775	1.2440400036220938	0.26089131296569157	1.440268376445625	0.013882912210043475	0.9235809510094084	0.6280778168693469	-0.9203220037070592	-0.9623871818354659	-0.10887048934495598	-0.3903457634087395	-0.15083243979153324	0.9609482067933277	0.9421441365153977	-1.5319240838256427	-1.623642288764735	-0.35310049001413596	-0.8665529633968461	-0.9451734344451936	0.7984625974957325	0.7311145887027835	-0.5335897195853622	-0.6295401018890199	-0.3802591621673213	-0.29335873679067587	0.3681167055657562	0.28790229994449873	1.222714699422273	1.122239422153991	0.5211410664443127	-0.055582764230525085	0.034494419760536306	0.6751898912349923	-1.0853425951332305	-0.2273631041234155	-0.1108018329106037	0.6648953931811558
DTXSID0044658	-4.806189043036574	-0.1826537964478213	-0.21654925355153462	1.1424670973924735	-2.3411136661558234	-1.0220329014267286	2.089950305791156	2.0562164035187114	-2.349533069104932	-0.14460094614563865	-1.7750666188138913	-0.4306823007590708	-0.19213826624182828	0.7546612225505884	4.644143970208934	4.084944152323573	-7.677839204910741	-0.17202786900579142	-2.6043774726520446	-2.2413237736714287	1.5841589075149491	1.7818410811753487	1.1840596841941724	-4.967322497808324	4.727673364990407	5.983750956524048	-1.1530360330353162	-1.3762959399715735	3.4578457963675002	1.0971801057166357	-3.594010363351647	-2.7868378364632056	-1.2726392228353567	-1.2082242843023308	3.5358101999427523	-1.8009857603283737	0.5895017286157556	-0.017393118706531673	-0.8764731382453911	-0.7178288103586261	2.4849124447108064	-1.3016485242151166	-0.37147076261581446	-2.264655660431778	2.4885873055252796	-3.74021064218786	-4.179827796412554	-0.7925968207978643	-3.2986524309556686	-1.9296443277728241	-3.9933163709612605	4.05305360326231	-0.8314625378611877	2.350201409939766	1.3225998011792137	-1.3548326811751858	-3.952093872073314	1.4434722864497005	0.09882558648214827	-6.466861006197314	4.231271772219979	-2.575706093243138	2.1241197558722664	2.1729739655089215	-0.02503779199251505	-0.5085256110642395	-0.5271466397507657	0.2677034288283699	0.6622150749830774	5.238554734597936	1.206321242182811	0.7170824856067428	0.9999716287375678	-2.810100113163126	0.6815946319775753	4.157414620014319	-0.1545375195960907	-1.5275311203202608	-2.3595749664798973	0.38059369162106815	-2.1710987340397527	-0.4893231666698082	2.3465217140598353	1.0601631508771432	-2.006372873985588	-0.6177136116236275	-0.9177250981678561	-0.7522806441794263	2.56687939910621	-0.849484792029836	-0.6980085153764644	-2.1785935410348434	-0.5642042889269654	0.5269395951061704	-1.0603846835761601	-2.10491865296602	-0.26039455129849376	-1.8673197168130136	0.3808459850363932	0.9762683964844191
DTXSID1020190	12.151673010527466	-5.503882348241363	-4.490118049209459	7.384967141507064	-0.6085690481577936	1.235445270346909	-5.172519777282508	1.1584192188705524	1.1510310277019928	-1.4483946068671087	1.9564180817201904	0.6816907335806737	3.652307259695968	-4.669514726740499	-3.38274922420245	2.045275206352164	-3.3427397525826117	-1.2452462256424988	-0.7498577115838279	4.518537599707737	-2.3629310703810646	-0.13409485476396682	-0.20011112489361488	-2.4370671932928967	3.535332426920443	-1.6345975760850844	3.084008065204127	1.5924625201283982	3.090300940847743	-0.8489615905419625	0.2958751624004345	1.1647211591118891	-1.8758270688858263	-1.0522622560152757	1.0458466196491132	-0.3021289830901357	1.2215109346377537	-1.4965003121095224	-0.28769728829650976	0.9793406979621762	0.8285206680197615	0.9468159046636123	0.6898228580108583	1.0327229869259795	-0.05142692993234818	-1.3667690864796267	1.742806478350236	-2.1615754730180305	-1.4037714565881525	-1.6559367833377865	-3.4501079186366606	1.4640674371038325	-0.7007330617727809	0.618741398656631	-0.29625018446210166	1.557808662015104	1.4504794653012751	-2.008716964487875	-4.154893412038791	0.9935215905490019	1.5931581950464333	1.8741456589833314	0.5261242092905467	-2.763441904283094	2.7679333104529067	-1.767480503765492	0.09550056747452919	-1.5401976351390232	0.8654744337002268	1.1375368772676002	4.007947744162795	0.4195181554642029	-0.962115117328014	-0.3272300798147461	1.2384793099995564	-1.9260399726208894	3.9214072214784506	-4.727385616032452	0.18531354412550344	1.402011742207722	-1.5159750799197902	-0.2156362497929261	-1.398723661090759	-3.27265569842403	2.1486235171327026	-0.661099472550272	-4.322594987766531	0.7136731514355813	2.824896889388023	-1.2737762172994456	1.5593851754843528	-1.1378762528808384	0.8834127940401397	0.9268710456384267	1.22201146643245	1.2482027823031645	-0.8856951498695654	0.2107465246229912	-2.1323432867839793	-0.2746070068675934
DTXSID7024455	-5.551263127585717	-0.5637642287891336	-1.0702142079646797	2.8808664509607795	-1.657769735197064	3.608853274897101	-0.34444547178424456	2.445777933304607	-0.2988559056386248	-0.5452470232877001	0.20855983354364507	0.5363400956107095	0.5690812068826475	0.7352563281829158	-0.6079520930515746	0.2196488279166788	-0.4857589896815608	0.8430852389577228	0.5479444800691716	-0.23671302628738858	0.3978924098255528	-0.07419168976138936	-0.23171781643962414	0.134106952624674	0.17252521950253782	-0.5518969926348533	0.6323999581970012	1.3208540379566192	-0.36089184579272837	1.0930303274286715	-0.7213727211011504	-0.49183015630786814	-0.10064859684572472	0.3131410629084501	-0.28691393934261983	-0.47099892130579546	0.6080016278418239	-0.26112938787636975	0.6258676466092061	0.26569859973693405	-0.27742136745281726	-0.19541280742714215	-0.27014394342432907	0.33489020725602153	0.1091440180746145	-0.36191770137339474	0.21183948805270306	-0.02482590058659835	0.762365083264243	0.2052743817181304	-0.3010169723592398	0.06501451889220371	0.3975729225774711	0.2957105131032797	-0.8781560326003912	0.24366060627725128	-1.4261183880997612	0.1710118588107587	0.2848098434075994	-0.1421048749135995	-0.27139938526345747	-0.07035548299558832	-0.309898961028805	0.19071374500405	-0.32886318735761977	-0.6002760914041624	-0.08704610984863977	-0.09068701588765418	0.8121285423607464	0.4970202627969466	0.45056926593776603	0.15546078779149428	0.1893223831285093	0.24997711112542412	0.039634212119866126	-0.2815335124073976	0.33249493101693745	0.30659775590165633	-0.09769096070880509	-0.2484302841527489	-0.029257269132581653	0.030866548072642136	-0.20135428479580153	-0.23041509321887832	0.04109683920858391	-0.03223939661884936	-0.23041687883204134	-0.6221024469844982	0.3091701380223254	0.1925150843971381	0.10783084707260182	0.43681018295066487	-0.09951361680082264	0.08175649882775402	-0.06304896037213294	0.13133185320938268	-0.008515099679049115	0.06232098135584885	0.19572019426350082	0.04333684896909249
DTXSID3022902	18.921819232962807	7.396411839938052	-3.187614209764355	4.967364682898886	-2.5647663966254166	-0.6321274373863616	-5.642479059261172	-3.800310748625001	2.0694228701011617	-0.20866844298025233	1.722120720395121	1.5905835486405087	4.720416037848376	0.8355862991483382	-4.070728733286386	1.1856549087302355	0.7418834566198383	0.8571761892185525	-1.8107061146139862	0.1629659067560045	-1.5351124522225428	-0.12514970236374945	-0.10664587617386877	-0.7560348615479522	2.3025915393814538	2.904263043575133	1.3726719556557228	3.1517820912290277	-0.09985764961550708	0.874623448896586	-0.9444562494431359	0.23897641425663585	-1.9308042926830364	0.5692762981113827	1.0737238805057328	3.5174040482905142	-0.772994280203494	-0.8123572849546872	1.5611927317183083	-0.5069599612753268	-0.6824855437907327	0.542832818987176	0.9269360080218312	-1.1081447502348922	2.146790204730999	0.20092663257966564	0.660318022041853	-1.9452408764974352	2.2863717777766146	0.7790846856957433	3.379404580417923	1.0832784188773696	-0.14355405801983925	-0.4297495389570361	0.5625428988852098	1.7087965002868173	-2.416984392276641	1.818165872383775	-0.12036025082417248	-2.4015619942187465	0.7496321094398957	-0.3077229111487952	0.04182832158870508	-0.7455448155284509	-1.5288130127784048	-0.9173106175791179	-0.6926964412822206	0.8035418788056164	0.15205189217330414	-1.6335191179346988	-1.1497641447256446	0.5234512905051678	-0.3594624968292449	1.570688687365644	0.38690032974917754	1.3058338067022068	-2.447055363672202	3.2511503708564184	1.2262377638952497	-1.0250136212065626	2.3520940450960612	2.164029126831402	0.09189221766418001	0.8113256854706563	-0.3391661523890775	1.1110565436008257	2.4935192747886434	0.6875846214241426	0.9974545556121776	-0.35013878673938065	-0.44636592214859727	0.28476558938328855	-0.4850994272413497	-0.35780903040741113	0.524257601554316	-1.510506775161324	0.17643431566334114	0.9584982757776154	-0.2673814937129429	-0.6901369788433852
DTXSID9022946	7.729882511732433	4.296336708010192	-1.039221133202737	4.162748233533143	4.749652834040758	-2.094046588153193	-1.5222378005382187	0.3458354036817262	-0.2869455297122464	-4.096673238650386	-3.773714442050041	-0.46533061251504304	0.35352863573611876	4.2114175744073	-0.856340608503936	0.9776910102040726	1.0702844161351965	0.9369121156450887	1.4955406449768702	-1.891969838757397	0.08260893043846276	2.4042596822000144	0.3566377699007199	1.5436632946428945	-1.2433420757344333	1.2779158535756463	-2.909550770631568	0.26557020675610665	-0.6282474187341667	1.0961113271929903	1.4666702669448215	-1.2551851383605988	0.49469382286468133	-0.9501671045340506	0.7778462221884487	0.962239912671465	-0.39807862879127626	1.8477482115244037	-0.7327589864959041	-1.4915674436908193	0.6309346116859849	-0.5638878234264875	-0.8616203124424919	-0.763828743509096	-0.060765638340112456	0.688210605584232	-1.0869409351927584	0.45301929802593194	1.854344622155738	0.08904459329063943	-1.632827937151468	-2.0256804922738882	-1.1211885899668148	-1.5234587402852946	-1.3285618635993448	-1.1805749760874584	-1.3609075123681396	0.2504798411974659	0.8723172364904738	1.5663636564841201	0.34288485838135374	-2.439557653151087	0.3563383753141742	-0.35505976857357	0.6955746033144846	1.4527607114920658	-0.3418813818327001	-1.1064986059942663	1.3715700690953676	0.8652722289597546	-1.3345898505368987	-1.2305258374219008	0.2992516776728915	-0.0629657359190258	-1.5378264552060623	0.6006274056817736	1.6501843544105335	-0.7007963963060507	-0.6054536699375255	-0.022074067646802305	-0.7026747804160568	-1.546023908393425	-0.0012184224440672904	-0.09802467354550667	0.7004154771908356	-1.1732742924355084	-0.3849831731536272	-0.018424125605536606	0.6383025263105226	0.11102750302744485	1.781921841126765	1.4599848721048214	0.7673032276577035	0.28243012696887226	0.44978013435957065	0.7417615290756151	-0.24905358467546207	-0.2005318973665445	0.9951069945738723	0.38939158972417315
DTXSID2020507	-7.34653756288099	0.6395276991351297	0.2719088631499062	-0.16952007719022624	-0.013425639066323875	1.5316616909880678	0.904514978930254	0.20178341318269044	0.3226436428199205	0.39450005609953104	-0.19447890422926822	0.7223532617573794	2.5241296668118904	-0.2966137533040143	0.15696908274175908	-0.3162836317113281	0.1793441895552507	-0.8397038722326079	0.33763102521236427	-0.5802763805791705	0.15956026795124142	-0.5026952522569318	-0.0399183266837442	-0.04051782736741363	-0.19331300352492234	0.35026074815043723	-0.1776288055003119	0.3643929539214139	-0.8230351475956589	-0.31617419427802035	-0.48742482149559274	0.5126956819621524	-1.738413780912679	0.6457690249582899	-0.16474044980076707	0.3665847063272425	-0.2367803791450074	0.8896111865278276	-0.2043213134855743	0.039675351912863116	0.49412387700448246	1.2219973927018262	-0.39860524066823	-0.4395013781551995	0.6310687528525767	0.4632020088768447	-0.275242722554792	0.8691627582058815	-0.3076900571723509	0.5273524152585449	0.3611684132408196	0.0071922283414300806	0.20702520917902884	0.4425107982507538	0.9741073390789003	0.09211072358941104	-0.39913325955360524	-0.21732418807278894	0.46804718873287565	0.40439065091394993	-0.42331223719499833	-0.7268663077410837	0.9463791844235367	0.008683694342265385	1.0003681924768641	-0.1671377029859851	-0.013440175568223271	-0.2258772680242902	-0.2819540152862918	0.25988478390714975	-0.01690386082860309	-0.10861479120654885	0.6839408948276432	0.5090847676986581	0.19762765296655888	-0.3360994853185004	0.4746651528741863	0.8093327412108587	-0.41690179759799817	0.5305511510375155	-0.5045512558378202	0.11415102059768363	0.6992154129421206	-0.24822199028553574	0.21584113519650422	-0.3721139955662978	-0.23604386039498765	0.09551971776977974	0.33287076688108824	-0.09984569792525524	-0.060480591355606204	0.09016284999508371	-0.06291403474169867	0.03740077119581493	-0.053258421609982586	-0.008909953653104598	-0.049733882571086664	-0.2509961637980388	0.39249116635920395	0.3913445352395377
DTXSID3026647	-5.993892149413706	-0.4929752754326206	1.1313346490862413	5.118152328471761	0.7759746527085344	-1.7152346766393496	0.5721470637479226	-2.0190418169980804	-1.5017592121827568	-2.909194307989395	-1.0188279023588678	-2.122016757335189	0.14472641995421687	3.2227211930217603	-0.6083487008201406	-0.6278374479964713	-0.4307797113567915	-0.9697819435071472	2.4976656105340687	1.3844060720543112	0.7441043108802152	0.3433978313958252	1.1361064147808462	0.3061732293701662	-0.6766090534437269	-0.1072474649000671	-1.0652301953949497	2.586725901869458	1.8549339942980148	-1.2079784647700116	0.4159725626740008	0.6216884463820123	-2.3226389713581024	3.705212389762704	2.0361282650414925	0.37037881670314077	6.106064158307577	-1.4053234459946675	-2.5542130153194256	-0.847182105447981	-1.0195658975958777	-2.420132730049538	0.20353917466937765	3.6129340190443213	-1.1152673750361932	0.6380670502836362	-2.250953304890809	1.3619669659591547	1.3638713222268213	-1.7033012945543873	2.029824822159926	-0.38071983949864335	-2.116757114310763	2.5469094556367566	2.871120651215076	-1.681211150755315	0.8017415659567653	-0.8829690263469014	-0.18219856850554658	0.3958953130132263	0.2014668689883325	1.7233722739824733	1.5362236604106285	-0.9394186586760338	1.403194497566507	0.05918259087775802	0.6989863786698806	-0.8477235674194049	-0.8793856207240713	1.131075575248431	-0.6390498063673656	0.6356945305186852	0.35058927851153704	-0.10975029653180464	0.6260549227785391	0.6132097632097451	-0.8188978930960192	-0.09369685608766781	0.018524540784705536	0.029794201179125648	-0.306256648181312	-0.36496945023788696	-0.2637934566740118	0.2923999053859986	-0.13635805032546275	0.8160578618113616	0.6074005631159782	-0.3487208333512161	0.3520508029600687	0.05742577222124105	-0.4230670489218848	-0.1546460035920561	0.1854969512992643	0.48156084525885845	-0.6526567737088398	0.8034860210727103	0.6973082305086062	0.26797486145243427	-0.02309793197359547	-0.28581944572210555
DTXSID0026208	-6.213741745221334	-1.0788843091248248	-0.5730847603559015	-0.13800400159265663	-1.1948190705650081	-2.8258130209999774	-0.9910938472536981	-1.3970597294868319	-2.747073876903985	2.875871602990933	-0.4814678971621736	-0.8543633378454385	-0.48282850740896965	1.2840219108019053	-0.4096882338386773	0.44531330304912004	1.142756953103111	0.6220307818110289	0.6803211215071138	0.03396332378847154	0.2993231048449606	0.535540525701325	-0.50637761830027	0.4555379588371095	-0.48418589615264956	0.17455442818449549	0.6592445520176425	-0.48133706737458426	-0.05252585404905532	-0.2540992312607427	0.33661766557560346	0.40839949504063067	0.34379779759324774	-0.2848154808444633	-0.13341306237645492	-0.18975285900106617	-1.0313733820899664	-0.3439901540497777	0.5189772288488445	0.45371366315629985	0.3972823221360291	-0.07708104702099083	0.0052094731850438345	0.09912405417829437	0.3073866274151656	-0.44995185327450743	-0.25639200762637615	-0.2074799774540183	0.37460137415258404	-0.36700135448229976	-0.504939056807212	-0.03722085880597648	0.23825660781193636	1.147070908449677	0.5848562339427474	-0.4581055564602749	0.2526837131388128	-0.35261913839621134	-0.8292249442798127	0.0995850750241048	0.11139885404487214	-0.4102731282867248	0.25782239087284614	-1.047517010783247	0.6029697304113621	0.05514697182357026	0.43921710434036676	-0.3140015046171464	-0.28450950432699224	0.04810250056604261	0.30218759419800334	-0.6028671800261608	0.04067800924716595	0.43828778362232973	0.3789989451040967	0.23063525053457418	0.1065150040256603	0.26497484162402385	-0.27520411742893924	-0.14775351552051724	0.11073743132787768	0.13996622033162154	-0.581813661988576	0.045964634606232437	0.007456617475206525	-0.07359742159337372	0.09779886230529362	0.053854447219102604	-0.3679435370587667	0.22370348885385435	0.05566625381092052	-0.20333364422429287	0.21108120757268165	0.3505105823282847	0.02833180633664582	-0.28593463130168506	-0.033729961583809365	-0.0762426105716118	0.1301252216561393	-0.08568471360574836
DTXSID3026560	-3.504830576951473	-1.6672024201823963	3.3103938404496605	3.7908097932264666	0.4747281531277904	-1.2755670590760073	0.37649325276082285	-2.2179922396498104	-1.4241696479146253	-2.9894472218034434	-1.2609334945398465	-2.355512954549606	1.0992055703726495	2.8930419667166762	-0.5316643516015824	-0.9286467718379473	-0.3971772873769074	-0.8519139022265647	2.2466551774638783	1.2650339271297204	0.7014342022199321	0.41831202060705647	0.9062172100055449	0.30747635809231877	-0.1618852060280635	-0.15797457153782432	-1.2873261701198535	2.877642585300066	1.70453633886057	-1.0932095673230815	0.14567136965554936	0.10285861977573812	-2.3757274100892967	3.6908725011743355	2.0830242037944724	0.7486105149660887	6.7274763401689	-1.2734102650769015	-2.892804594748595	-0.9509517312704613	-0.8565038092741919	-2.908861363531929	0.04158996393685761	3.228351570716528	-1.414071536604134	0.6682942435988344	-2.2835015688565616	0.9204294498896537	1.3951334834839504	-1.6789737161704799	1.8814535150147886	-0.7332493148233873	-2.080304089899428	2.6288038687249013	2.6638129517305833	-2.022618170736659	0.9511452801250346	-1.4266377691260914	-0.08480408322728046	0.03833750823213213	0.10052152279528427	0.923578871501647	1.3308427172605417	-0.7352410580228687	1.0993810952925445	0.47807173857948154	0.4952972563088226	-0.6214604099072133	-0.4312448915958912	0.5906457752085718	-0.2835333678678867	0.2149616340094482	-0.060936949755216734	-0.1382267474600389	0.52538273824362	0.6861308714470986	-0.8002197928915752	-0.19106289796359033	0.09036426202034431	0.18012293133518714	-0.07432246097991912	-0.35956067055967506	-0.2913370056273643	0.09179947254730966	-0.24519390439171768	0.6209264172412428	0.0951541419471027	-0.09997833940270733	-0.4968188423399043	-0.36857735022792065	-0.5602592878432735	-0.15408903855175898	0.30427187692563534	0.2574459923142758	-0.48360683305432195	0.32677999279679865	0.5618722866488663	0.39645434721776746	-0.20084359687272904	-0.48153460842457724
DTXSID4024012	-7.184074405765278	0.2984320192413746	0.5099047611959021	-1.8365859622894123	-0.02722066755243817	-0.0007864563514761306	-1.2097922845538374	-0.905173973537828	-1.950629986492127	1.6949815926978287	-1.3197228283943243	0.04279564385440942	1.4693094194224905	-0.12400470456813482	-0.4573516289959764	-0.6583176952594403	-0.5122239038017773	0.17767929501631216	-0.6373955230417406	0.5585751133804859	-0.286851383680733	-0.6218519772107673	-0.2080508371123883	-0.12531697954758225	-0.4248607970746244	0.18586317947315062	-0.08394479880462495	-0.22639134240376013	-0.018129371089233032	-0.3253639225756443	0.5342345564865937	0.4527555151378179	-0.6499163044701641	0.4238727636759082	0.5009119716369905	-0.06147439516580457	-0.0811295063455153	0.47874008730836093	-0.12518023960052616	0.07951918338065427	0.3022929723748935	0.5897842221866525	-0.08159522624646394	-0.6416456978399137	0.4060129495056811	-0.14305018759663907	-0.26169515501531926	-0.22060093261639588	-0.1071506584478035	-0.04056548923566656	0.4073895028174313	-0.339962663430786	-0.18115243950752585	0.25812559649411254	0.8281273380533851	-0.1965968148755521	0.4944346082785431	0.3547534549333226	-0.8192196193382082	0.09375373574776483	0.02103413039216021	-0.7423603152713887	-0.2202515937002124	0.6246396005931161	1.4560825753882345	-0.5282558425976667	-0.6140232278092115	-0.8677833056376514	1.3362722258394208	-0.41027388375139906	-0.7893719164977482	0.5858398102985416	0.12810285021250395	-0.07052084931897788	-0.8716597693794713	0.3223535410296688	-0.2474335335291019	-0.3268666342462019	0.30346295518300376	-0.04153933799344779	-0.6636570890366172	-0.11851494479797708	0.10999433988150227	-0.789085065195952	0.6618631982704319	-0.22341234140527727	0.14600884796500743	0.22403638151969638	0.131383622451975	-0.0530576310550964	-0.5049104610711918	-0.46874424515086766	-0.30080805683617684	0.18297144188631329	-0.15487077857531628	-0.06932792300492309	-0.0313149786934531	0.2674854803502524	0.2272655260481418	-0.05042838685541503
DTXSID3051836	-8.727428564491303	3.421427675962874	-3.725172018139756	1.7843238924902163	0.264527270418177	-1.3808481063570168	0.4546100267788355	0.40104572325081767	-0.7862579412264608	-0.5722360061777723	-1.2665440837767152	1.900396962982264	1.2067105270858491	-0.20912951276724467	0.7165978434883891	-0.2500340287660597	-0.20079409163497716	-0.535290794444339	0.9927381439162601	-0.6205161471678766	-0.18998859973364712	1.282604829411038	-0.5802545482382674	0.07951317325498572	-0.43436328224170634	0.7398111836867333	-0.6687974846316267	1.1657912014231402	-1.9458459691458132	-0.5288474410195474	2.1083829066329813	-0.37463916841362077	1.582620578522711	-1.291152727955489	0.7113198114669105	0.10955399712777937	3.282637858256805	4.924582496012584	4.405713346775654	3.9920905136374194	7.868383120150762	-2.899103658896375	12.051767352586419	1.6729074566258566	-1.4589820722754214	5.816011949508164	-1.2413666996449453	-0.5994598485863022	-1.249227049461523	2.0992845782685565	0.12287970970138076	0.753112623873179	-0.71251799892562	-0.628629716517809	-0.7074128304529091	-0.2949076531297165	-0.455071117166646	0.6030543127885911	0.6597706476983254	-0.22639125041057936	0.001380425267839751	-1.0837852795904217	-0.4334151565116603	-0.1781386609253012	0.20687280024845575	0.7770325348052904	0.8928226111102279	-0.6583844646924525	0.9719723231323041	0.6100200924019042	-0.48498194406374834	-0.7954906043896516	0.5012793996934124	0.24974126922856568	-0.11696348253247653	0.3089742318378007	0.24203542980250264	-0.7217965544593778	-0.12580390708066935	-0.010843178876879406	-0.32771180838457603	-0.48398961011922886	0.057147170052429315	-0.3037097796994425	-0.33706025080289553	-0.515860011792279	-0.3898173318423705	0.06576934835757657	0.051327007975381485	0.02546864848861947	0.4939115958906312	0.9255062357458497	0.6093741406063659	0.32400532291112183	0.04454254709124264	0.38414173406099	-0.008553592459337534	0.0540487330547256	-0.06688015496632994	0.3553870385155525
DTXSID6021874	-9.46072933596411	3.354517137677468	-2.9941059821337523	-0.08880447822281338	0.09470251810015361	-0.5245515298331174	0.2731809992478631	-1.0333883545962306	-0.7230476832925297	0.4857711817810928	-0.7518720997630298	0.7496853450761892	0.9707925464266582	0.27979942359367177	0.5633058990414528	-0.9547550781701237	-0.47803695430364407	-0.4370927631891233	0.817116875574834	0.14636094787739146	-0.4768329640999717	0.05876591182015995	-0.44764264437375234	0.1881107844806471	-0.25959421125431265	0.43196032304419957	0.278804810574457	-0.46336865804134447	-0.5433014673705149	-0.006046888242381171	0.571131159934901	0.27339478021996233	-0.17388177044974065	0.06428789744094023	0.07034911885375547	0.06426833571432003	0.3533070940407541	0.3328539677916657	0.05872204884940202	-0.07632471815824343	-0.03780263766592902	-0.044190233055344724	0.02771770526124843	0.10898882535792184	0.413125214861915	-0.32619085275219417	-0.06893218925005565	0.1167968796605193	0.10744795151803876	-0.5090371137002963	0.020401052169693762	-0.5510892820843929	0.22415880938177404	-0.15941506331738953	0.03577480623424285	-0.052548718673218774	-0.09569097226252733	-0.7188799817058191	-0.23038306671623326	0.03866699349697671	-0.2917726334666242	-0.03534040172992631	-0.25903217004793366	0.17941372467851968	0.6527395929742934	-0.7158793326703442	-0.8211255408806951	0.3157509127267288	0.6991081366366911	0.04236584995255532	-0.2476175726627131	-0.47392979132646995	0.34943915937174386	-0.02359753524712158	-0.28211544849282755	-0.08246059818603861	-0.5632014102301423	0.08224775814550636	-0.43540803571070813	-0.17363527462997597	0.14489765332791954	-0.4672518944834523	0.5439280818537388	-0.1311111154683432	0.03589207434795137	-0.5753287591660344	-0.19874990158874448	0.17842830336570606	-0.2536932523979313	0.14359625003734688	0.11046085364547396	0.540009911864436	-0.7764113977548406	-0.019306315314019523	-0.05923447812809631	0.250810544650587	-0.47930776915919676	0.03709341060333761	-0.14147776333443135	-0.068736248014246
DTXSID9027239	-2.9769844629416884	-1.3796591020267617	-1.5623618358299194	6.301196315709419	-1.9383704189312663	-0.4239787509987887	0.5383758446943446	-0.8527890095462665	7.945266606053529	2.1750855268400007	-5.4808029768930275	-4.2229556254682405	-2.7497460084941037	-1.6034037005867336	2.260588457162139	0.5025146512628204	1.0712139891748163	0.8024882139009858	-2.374525693175469	1.9212395067422845	-0.5755714177116295	-0.2740313089734931	-0.043906535404381726	0.5871247689712602	-1.7089175079763061	1.7135714264966435	-0.22141731710525012	0.3623949993026616	0.04939133910578448	-1.7463411432520326	-0.01277315320207885	0.1118699781959266	-0.8201269948825531	1.1915582531765614	0.26276964121574947	0.27908595842657735	-0.5328290993578361	0.2969025198991771	-0.6170250656733184	-0.8917253414147605	-0.5114139678579889	0.4682464219823192	0.09445962691543043	-1.1288870063989873	0.2709156689242136	1.159883714181696	0.26180557006747207	0.41582558427452254	-0.5380493617232156	0.23070181829574038	0.24007610166691828	1.3034644599613654	-0.9012603038349006	-0.2506391877630633	-0.7481028961765662	0.12362365914454178	0.794534254093328	0.8288613046205144	0.6508975629844029	-0.5491012319173102	0.8276659079877855	-1.336979888394386	-0.888061550180511	-0.07671874463626167	0.3064971002780291	0.6847788039158208	-0.6445913834118114	-0.3306755835721404	0.7919998819946673	-0.5538155754451112	-0.06520857064047168	0.18394319154417155	-0.8032733565684734	0.1195175985621506	0.21092884935989983	0.3191031578829964	-0.5015545975165387	-0.10258900091313676	0.869992351722296	1.3262133224250439	-0.12030810009712058	-0.8870865249385882	-0.4730235566201155	0.16358417551555723	0.5552469892042685	1.032410972347845	-0.3720735214485003	0.1302962850760454	-0.164661318165204	-0.008916177904743382	0.05073719908771743	-0.8147232329130852	0.09191534980256809	-0.9348451251873037	0.48317828475659885	-0.7163288575898829	0.6595117174016446	-1.5642494234813442	-0.18862420804901045	-2.0298947387711537
DTXSID8026640	-5.346328998407496	2.7529188571732894	1.672580725686842	-2.107956941824533	1.769801981320166	0.9822832710244968	0.38826695849937104	-1.0968410828247757	-0.39917001762902227	-0.13123385726990747	-1.0220216569525493	0.8144821378800857	0.6577358971229013	-0.5490935609850972	-0.11630226124706691	-0.5389853267185122	-0.6647860615807081	0.7981672442382008	-0.4537114585565885	0.49559848776976784	-0.43670333278312773	-0.7295870323867184	0.2986174463368175	-0.44512372128500444	-1.4012359001419825	0.6770672495497894	0.8394161954544678	-0.2878354264678953	0.25947850768578773	0.16811574550082065	0.41489798657088833	-0.34566132654020576	-0.18614409314149835	0.3700829171155094	0.8154691546647594	0.12924716564620628	0.02012370947737538	-0.31255860661075247	0.19394340304955687	-0.44827266818983386	0.16841983643254113	-0.025085837738829362	0.12772390019800775	-0.04464816292897836	0.6211975298304196	-0.22042962585662906	0.37010975357334913	0.43380340144893803	0.21103889001224857	-0.4856562279418168	-0.3501242575090582	-0.01623665101760129	-0.08372397686976948	-0.9488225606625038	0.1419288825047821	0.1070924417313434	-0.06969463150209386	-0.40082612420897606	-0.8761010421862934	-0.5230351028677053	-0.5398395272267891	0.4307081844105412	-0.1704120841903513	0.329623298710382	0.001068867039223997	0.10228910554834941	-0.27534860718637866	-0.14760855090733804	-0.13564420985355377	0.22830296908284392	-0.19006064269580256	-0.18909806362320103	0.5932432472568646	1.0607482444038903	-0.38597372005969394	-0.11203854256203898	-0.40014552141897614	0.16363345045834457	-0.33392776604547825	-0.33103191096611634	-0.5930229871619477	-0.42181969176675466	0.6192982522897543	-0.05344782959667285	-0.03270396393336516	0.21404361947140071	0.1982696092646553	0.30942084715261	0.12544220001835396	0.07117639403429994	0.10811027939301096	-0.20555302726656322	-0.12419965747226952	0.1705367917072019	-0.20817092281076252	0.005831768622887094	-0.031737494549707736	0.06670324351433789	0.23856347355904226	-0.15332842759493442
DTXSID9022526	-1.961950079126641	-1.5527307788479159	2.7726312957671206	1.2033922411556983	0.16115812617103847	-0.1383170395108749	0.6154011115504443	-2.3860495137926874	0.5526372441023203	-0.5864758934672057	1.5169529710434182	0.10424064092240204	0.6091524170004782	-0.05324244340989417	-0.34035223466605186	-0.24771361999719743	0.4949450902060206	0.45395277777592796	-0.4674734228380737	0.8541016621985356	-0.7936946579000657	0.9758884294028016	-0.2887187116116331	-0.006454464114525876	0.6266755235368974	-0.4737639287627459	-0.5980555916185069	-0.1575087100538896	-0.17776112070603448	-0.330885301062802	-0.5169366512333368	-0.00965977306050255	0.12609651281377723	0.09993989093603195	-0.32886213826501853	-0.5837410793931855	-0.13714006772271498	0.5132565229969972	0.18661342654902155	0.014935938850800677	0.4599817303519518	-0.4269416158746662	-0.5387077414067208	-0.3054359628030991	0.17580388613672016	-0.5596296174036719	-0.25457548016444415	-0.6198137005492445	-0.2575330936920996	1.179991182401312	-0.1393276444944373	-0.28342827758446826	-0.424232943959907	0.572569263554565	0.4751207731032179	0.3305157406487795	-0.4328580996747585	0.7165944057401817	-0.9609992467632856	0.023223923068962954	0.365446413753052	0.7328528095965442	0.8317878656720563	-0.1421791608851357	-0.43568130311134	0.2561214759243997	0.4815833154439073	-0.921311722242699	-0.22934041632785895	-0.20675671605934623	0.029819159159106556	0.9343127080287448	0.5815294190396135	0.373430670385949	0.06071009718867696	-0.07842126245013945	-0.4409981815923199	-0.34111338225964455	0.12326173731823033	-0.0565002115244607	-0.3539831941474228	-0.18701597427346614	0.23879135077351052	-0.1302583862277798	-0.45447532364426774	0.45909500592611646	0.04873058398922707	0.21950898308587002	0.05738313127473974	0.016860851168377756	0.07815017710291552	-0.10737485346072471	0.11170801833273965	0.2388737632566484	-0.13716056297501222	0.01503926427683748	-0.008120909254549303	0.20147588942960654	0.06144024600031007	-0.05123273093988726
DTXSID2044979	-4.977732722870237	-0.750914393776777	-1.4718452732753422	0.9110152374716738	-1.9430950172159058	-0.26682999658413764	-1.3696810927205516	0.16370459027834106	-0.6747238482461649	-1.6923836238691805	-0.9054617191518108	-0.018800421334512353	-2.0849625026245873	-2.766697905396777	-3.027853245731275	-3.410239228304815	-2.237971226897197	3.1340269143157315	0.8996967214743884	-0.23700739672543122	2.198364949104931	6.480972239485608	3.6013651509544062	-0.7499055543640167	2.0418372492218166	-1.846875537104839	0.8924591231098973	-1.9782285225213065	-2.4855808630000618	-0.4494142304942391	2.35571014468034	3.6704472257237644	-2.058968580194064	0.28767810627817003	0.22454580012544847	0.7742498147554624	1.2978553724957715	-0.7715454879497915	2.508718108657461	0.9835316324478038	-0.25365796676703184	1.194126901679028	-0.35183757173718583	-0.2891308971562383	-0.28596067702988154	-2.113284673448679	-0.6152707019071406	0.45484887341487024	-1.1764891136904132	-0.26041737374399937	0.594051027183436	-0.1602856002875505	-0.7430745025736804	1.8364210500519889	0.2682319199187292	-0.7428343297588474	0.8549228233259508	0.6972827387570206	-3.3337954909310556	-1.1586859783923629	3.061925826078773	2.566254596234613	0.649507630195375	0.9712402145604095	1.1776112346322654	0.9896163726008353	-0.20692326083070703	-2.051918259543694	2.9010582161290714	-0.6166519910101768	-1.4712503586907473	-2.9135652096578855	-5.155581713309952	5.297532070743134	-2.9195862936110033	-2.5100370403334162	2.050596684895174	2.621279623285524	0.8446655047325101	-0.4404991018985759	-0.44272958096310616	0.1619443765932697	-0.003193229871891943	2.827223351820437	-4.227519878158928	-3.981959427731459	-0.9481177797954606	-2.5569737870993907	0.5815707567417085	-1.9695302416244063	0.47068856597140324	-1.4880082032161055	-0.14389894531413686	-1.008500258418507	0.7346034868251448	-0.060413641870144426	-0.4993831713076147	-1.157286597857875	-0.6334027911285448	-0.22836238484065888
DTXSID3026306	-7.431996682318334	1.5159352319508037	1.1341715863988449	0.9045724608845817	-0.7541744865680282	2.3747090732926592	-0.5916731884438752	1.9781242073439362	0.7705633673184006	0.025513970396413926	-0.3568447647094655	1.612779316759525	0.284374757044938	0.9091491078272669	-0.2977269385867823	-0.872125808273646	-1.6600502190879687	0.6385011010654492	0.7806008967863536	-0.11922117380112343	-0.8613228225800534	0.649221763340169	-0.5705944172234287	0.6551153850811101	-0.20648762997122827	-0.03582652149059733	0.3340799126566503	-0.6013667645898785	0.22756939888013347	-0.7690778058150519	-0.16090977935504547	-0.28490332834944343	-0.12842447024536055	-0.11145800671380754	-0.6128401500689418	0.412394781561834	-0.7412804232595421	0.37111937309565834	-0.7769441341588311	0.353737856351874	-0.32039924624857924	-0.6090501456882339	-0.10906716972620194	0.6988024270897135	0.5332736103685438	0.6367685916381214	-0.3275537159689747	-0.18272483754321048	0.6156008117394266	-0.20584052328780506	0.23829952827076467	0.51480999499544	0.1050284181878896	0.6249834668252262	-0.235336013868895	-0.22972916912309058	-0.052321576686369296	-0.09219043081475686	0.2789149956366826	0.24580368028552368	0.3255187515201017	-0.15519946706915325	-0.005892550465136061	-0.15347154831100507	-0.19426251021038604	-0.4076406647862077	-0.10622931076344784	0.14686635221951808	-0.1498891507934743	0.06964190428754162	0.20952248896679931	0.07430036419981359	-0.1345406665163245	-0.280816315192292	0.04927913130596027	-0.023561794919527555	0.17938193189041549	-0.026318521051929673	-0.2365773303130303	-0.15917221723063268	0.09592223629303404	-0.19184282498664978	-0.1321020967187313	0.2524461419089766	-0.022874065967993996	-0.30485266821238055	0.28838498648110256	0.041962917762102404	0.0849233618215881	-0.005671492712281798	0.11122430791141334	-0.05956328856261534	-0.2592820985177355	0.07061737210684019	0.06778575058595776	0.12532516600850643	-0.10838352918878268	-0.14810177508766717	-0.01370757429096908	0.02034122419889282
DTXSID8047349	11.526465346359023	-5.816332458988459	1.993784964040345	-0.5127470461312198	-0.2805108923019616	-2.4787022558721263	7.1301197230079785	4.886745372403331	-0.4336293534675462	2.634433803312566	-2.35659919408997	1.5692512727186816	0.8521966770338248	-2.5930006185364425	-0.9853722430546306	-5.630629730017939	-1.4192156988945315	1.1401906632951506	3.0827980284539174	-1.1658853377276885	1.963500747833512	3.685190559429521	1.7161275768961954	-0.8711422227113543	3.4584748509307466	-2.250247046921801	3.173540544090749	-0.3444407078352529	-2.2824620851499966	1.8672592907798267	0.7773608941295854	0.05592404306951217	3.0422235692970516	-2.318001896877318	-2.737959601140011	3.579195624942294	4.203714509477398	1.4382718887238377	-3.7342715692990383	-0.08603951229161218	-5.790696805397878	1.6491028684991085	4.154178243802359	-0.06544814424205014	7.9296248467592925	-0.6239726394939814	2.474472198791339	7.902884659334435	-7.643112742957535	2.5327438106172946	-1.0570942197574955	-0.9502446066904437	-3.212660387672254	3.7830563056360558	-1.5703127582278682	-1.6465750117704965	-0.09509221369197689	0.38566036998532954	-1.5574218252552996	0.13645802074918492	-1.743551688041257	-3.1348197243686893	-2.5212182017043006	-2.6061178292665486	2.0772520146871094	-1.5770144305461875	-2.5753115333644034	-0.23074375159866675	-3.782630193462375	-3.4659625662701234	-1.2445702853037637	0.6635627336478106	3.559471331043099	-3.5058228758833385	1.8090710967299664	3.010609794047393	-3.723169801743856	-1.0800175565701688	-1.8961443885495595	-1.7521129506857176	3.0464659649572643	-0.5007018554333412	0.6035183233681944	-5.846475604016404	-1.1582268725923646	2.9629896145148735	0.27154858261356585	1.767226856214514	0.4806135031103916	0.6208466955812362	1.9639726837871245	-1.0331738655114286	2.092441578202919	-0.1728783010181089	0.310884375943598	3.077998510203694	-0.6821185692953408	0.5885104795879575	0.2666104213378796	1.2209559620416772
DTXSID3045356	6.6345310435380345	1.8233052157798595	-0.03215274602720634	-2.0994599560968927	2.2531493256699773	0.38301504179739976	-0.5682479287755118	-0.4066551534078998	1.029006796322162	-0.7355322308546145	1.6550504038501117	-0.20989620873988118	-0.0871840332044513	0.9924704617400226	0.772067069392678	0.20323919604799906	0.48941502659979086	0.19985768112604016	-1.308453064145787	-0.07064308941040075	-0.5989813963086502	-0.11991714967942871	-1.163443598323318	0.10809507918151168	1.3462405693880122	0.6320523480973249	-0.6736078333515684	-1.4388753426675447	-0.5062565396658437	-0.2319939669094014	0.025149278247071236	1.1473856426033306	0.41724897011968115	0.9261305613814376	0.19727468202642218	0.012819054242591268	0.31237864828690304	1.1433379130649797	0.8247894566035894	-1.0034227271132419	-0.16686626155034928	-1.432770320365312	-0.04167328556246645	-1.138994894081012	0.3394370877346052	0.2408111371319893	0.5676802312812372	0.743215924674436	-0.03334155127516326	0.4563557832557578	0.9808719225877054	-0.5887625361543379	-0.49171171378913503	0.1403581051825456	-0.3531750042330889	-0.11168961824932196	0.2997080244189431	-1.0742734738266628	1.565492050614687	-0.8681789971335532	-0.4019203145486817	0.08167171895486577	0.05278131371958566	0.06468024529139342	0.24590900264907692	0.1605180483680032	-0.0431949640987828	-0.10035598552554409	0.5294681698718853	-0.9646807212479522	-0.4624875738502853	-0.7773127995834597	0.5054330302673368	0.8814555656678603	0.07042115069030179	0.7634704514521905	0.03135607879575821	-0.3811604858339167	-0.7302280616567068	0.43216329511425894	0.04143374299590883	-1.4072893546306322	0.2949082793937853	-1.0336952418124412	-1.108020495036486	-0.3987142345880758	0.015773229854752668	-0.9465785808590155	-0.09389469643169523	1.1516031948562742	0.40118554240859305	-1.18798650634796	-0.6260694659455143	0.6450752328033935	1.3453629365048985	-0.4888414204069884	0.08634439501077901	0.6308206289511136	-0.06591937514736025	0.318515674839826
DTXSID8021561	-8.053985464614573	0.8208480887669843	-4.622398914241925	2.78719311922899	-2.079010785782015	0.8627545915784163	-1.584516476098755	-0.9158135290872859	-1.781754320096293	0.36990925934779384	-1.7545706240181234	1.2792415827574344	0.9085197696719315	1.7819060887783895	0.42263672095403165	-0.1368752903370793	-0.5746056552051637	-0.25882502929036233	-0.8088591199268584	-1.5382675081288106	-0.7636267276836407	0.71837007296853	-0.17085945628280821	-0.47586087676263233	-0.5899178146302133	-1.2936471281280495	0.19586413716205933	-2.207937891956268	-1.7718208286968182	0.3003733909526034	-0.05755846951257767	-0.6098749800135851	2.052328795389479	-0.4949262733476926	0.15336231113415436	-1.6067481021827603	1.6158881844396205	1.3930477874392877	-0.8264865041034744	-0.5411090457530328	-0.457986137996523	0.8023533311716072	-0.6708308933693856	1.239497971774242	-1.6991365816103383	-0.9085230876431043	2.307979313904618	-0.17368879589128294	0.6516683057060263	-0.23352833384755212	1.2204951556045358	1.3349663996227297	-0.05105081900765352	-1.284086730857539	3.3382869084731617	1.3598870749987244	1.2721440769137637	-1.080092571975947	-1.1441142021999384	-1.0412253897829626	0.7065866142986347	-1.663364738744906	-1.60350756548202	0.8077419955428681	0.518894932797891	-0.6102890522364379	0.8250855400490326	0.7835239455138997	-0.560687127418693	-0.6409704266670039	-0.15968002354732874	-0.7667722471740428	0.7528625053719132	0.0883302759240301	-0.38187733095636733	0.6713272988915513	-0.8470718845334015	0.1784827327802191	0.37569412682750974	-0.42721483114892583	0.4221925928193033	0.028628351250139357	-0.1683836823601935	0.8708435859812023	-0.8004553892565339	-0.4109859234409657	-0.12484768329616541	0.5470588821817858	-0.2919342380620603	0.23786267295946856	0.22850875592278827	0.22361176526212798	-0.5412450944784151	-0.2238133696270745	0.3022026306904991	0.2466221397636661	0.1706204154563708	0.01336135123954802	0.5630836939194235	0.07795515778470097
DTXSID7047518	-1.180431787686924	1.2478148415547075	-1.286849527553844	-2.442823891669885	-2.18386373699245	-0.44061184395470393	4.548868356896982	1.647904121858212	-1.5859098468929813	1.6447451530640482	-1.0635292987439633	-1.619503787929742	0.9852330242314056	0.9267281127466411	0.393111012337616	1.710570888179037	-5.436263736460571	-3.128175553384059	-1.0809555758866107	0.10189903899373545	1.5235805433597953	0.25502186641758917	-0.07197082588660622	-0.1082730016312485	4.701447915237361	5.855848655060232	-1.4267310977888192	-2.3888370035603934	2.005997491064154	1.3045651840736083	-0.18032030975310334	-2.674126336809841	-1.7397632957119962	-1.2137998280052844	0.7516969175579464	-1.1717682754204357	1.2220036987450145	0.10969706343218327	0.6651501974049064	-0.3008628889233944	0.9094881967173644	-0.1428672845535213	0.04532845884194627	-0.5278514918786711	0.9296629684335581	-2.591259314096289	-0.9925686534098921	-0.43508639031758595	-2.097228157070792	-0.8074884293194616	-1.6874699915092883	2.221175153664806	0.7748134258764413	1.3669341078501933	1.9826848457601087	0.203518149916375	-1.19340892473328	0.32658779285221756	1.2646812465377137	-1.691892156422378	1.2608647820507974	-0.6174130446326692	1.960036561334412	0.12982861216729666	0.8168444429574422	1.0098928769124758	0.299859468070435	-0.31406463492669373	-1.2475001577209852	-1.7167622135887783	-0.2543320911982503	0.6909042214085228	-0.5099479607133278	0.3498317994975059	-0.8308025147784349	0.08805770810988703	0.500280432066882	-0.9168364460629786	-0.7959584919349136	-1.5561498379999799	-0.7007215138306688	-0.9381333460638869	1.2090066829359682	0.05847917588881558	-0.35418718030020163	0.8886974064716728	0.21127534395325662	-0.14472311958759831	0.8916001473944015	0.5326865221257894	0.3803859452739526	-0.8720993044947729	-0.3715735221365529	0.855285394941444	-0.401240204113765	-0.2520328951742412	-0.6827404566049864	-0.5202637212225458	-0.08986542900705034	-0.8323736280934887
DTXSID2025505	1.5812291163058179	3.7784747394056923	-0.8704549923883214	-1.5554957452768887	9.096426093102986	0.89817215933216	-0.2604393059020679	-2.441446750898626	-0.03721849360278894	-4.237461543338521	-4.156774737689837	-0.8953074859552007	-1.322671752168994	3.627175522098672	0.6750374977450083	0.8383291559513995	0.1291852844117566	1.5137449775771425	2.9661144932682064	0.6146734129853656	1.6730861988191454	-0.09057380089222725	-1.099124703002998	-1.0656402880438531	0.7075212313318092	0.013975801721868157	-1.1237855833982362	1.863099695781522	-0.5163524004869522	1.584924241765441	1.1624887418419443	-0.03306729505154131	0.2836688394576416	-1.2978287932422232	0.09686602312307732	0.706565567133635	-0.7090965183516427	0.23384128516654368	-0.6174249524087068	0.3716016298638987	-0.024682411033452253	0.479744132814393	-0.7318904085582882	0.15414906818842303	-0.5312761837326255	-0.7082473005673557	1.1393224381225222	-0.5136339468842114	-0.5454916325193399	-0.6800769466613805	-0.16560001968869062	-0.6869072874505603	-0.3124423341960681	-0.9704550724017186	0.2479870455901294	0.11076997694177695	-0.33746329958538657	0.9821914461822093	0.10986690576239277	1.0774717553309732	1.7142578071604206	-0.7038304226904679	0.22931426124060214	-0.16191858177553828	0.46758629623589704	-0.4635776377067141	-0.7739464680775816	-0.22623580279357636	0.19773912661671028	-0.33815012605070527	0.49650919212895833	0.10450971005493262	-0.485659387168038	-0.47796229104622884	0.06324089460471044	0.7087228054235458	0.15812476326622876	0.3985183227141185	0.549411791354734	0.21671569629724857	0.5936628674253924	0.12756611985186625	-0.44982813504201197	0.15670776381803153	1.0298146050758406	0.3504517165558859	-0.13764680970078447	-0.25101313719129953	-0.09495670806500792	-0.812757167710552	0.10738228448262328	0.05241078882336207	0.16303947841838945	0.3918467145036859	0.38784701160697266	0.14227822576350446	0.24125718762782383	-0.11232679742119571	0.5242631985911409	-0.23063951360551443
DTXSID2044890	-3.60256371947397	-1.4224350809884947	4.890115274955127	2.395784504698368	0.314566507925153	-1.5681764325185001	0.9334723079210563	-1.2301618382972115	-1.0900754712309544	-0.07997518541043816	1.6954444858086326	-0.6920608081557267	-0.8027797696460223	-1.1340134457816113	0.1907509635832605	0.7139980144852996	0.12031170231323907	0.22858630583392348	-0.10971974450686933	-0.8015245619633792	-0.162635532235015	0.16532489334731895	-0.4738920414388879	0.7539742629598293	-0.5353871497229352	0.11225922242254317	-0.49073122652655293	0.17020955800520787	-0.36389341131822434	0.3626227258852846	-0.5021185765334132	0.17740434649088563	-0.7044139164325847	0.2619776515676746	0.019118007710025767	-0.19301488957143795	0.08177296143577102	0.8039198116551751	-0.4204910030898701	0.17632297159606225	0.1812698468379693	0.7830970295012581	-0.06409253080984008	-0.5408366006971264	0.02723257882737974	0.16952623295246852	0.013044885307302372	0.503689946706385	-0.35163594284158894	0.4168957745426788	-0.36325711103294805	-0.4757399466989946	0.31075228164989266	-0.2168135486567703	0.2140176275643731	0.9033121987317011	-0.1992156305873176	0.5094360923671455	0.06310560704955712	0.008410397073198	0.1590504013455145	-0.18966764013763274	0.535998848720425	-0.030169850343491074	-0.2755598606096865	-0.09126721962302312	-0.1893424629571261	0.24200798032783705	-0.0486403581660466	-0.05807187215130368	0.30053696600605945	0.02854682359083519	-0.10892984369083462	0.7113578587821626	-0.04057597391232017	0.10379920939221995	-0.0901365775892521	0.17020802947197314	0.3063710485738277	0.5153793536223532	-0.19868157762018537	0.1842992796174395	-0.043369045331879914	-0.396888128828921	0.1445644843486738	0.04855451571983757	-0.3850838033413434	0.25017131226103434	0.3426744501202696	-0.20169719663893002	0.1999568536098703	0.06876403805406145	0.3203461805387057	-0.051634149131213294	0.09912688365676972	-0.3238239572403494	-0.07266577293952174	-0.27142689699183564	0.1196350683167061	0.38825098250750584
DTXSID4048937	5.146662925820401	-0.6544758890254856	-0.5993744965157678	-4.565846413449208	-1.4226394955656232	3.359611839279223	4.074719040615581	1.7132186668331548	-1.7324769179681485	0.4574321737375755	-0.6566332103408338	-3.230278570239389	0.194758536315226	0.015321386692244098	-0.921705414885376	2.669554603067232	-1.9971605336322573	-2.1540216349801886	-0.4757035583712053	-1.4163077991418669	-3.226036891184828	-0.3050826810068968	-1.7455866233986892	1.9577136004436815	1.1152127630894788	0.536109539241291	-0.8391610540245539	1.706256243364734	-2.987581127641306	-1.2403437323625788	0.8954153687646924	3.021434676625926	-0.6030295984778333	-0.340534199866527	-2.684804683819226	0.8076642375001378	1.7050151008089818	1.267272031144734	-1.0258813310465948	0.023143213417408603	-0.707457720138667	0.7561262488649274	-0.5721123847084746	0.5807488826506283	0.6843026515941429	1.4457917725310052	2.333019441784138	-1.3214190058902693	-0.6449683392900424	-0.25794537862879174	-0.7435223613972317	-0.04654367771186879	-0.2552242150751368	0.30149211160299594	-0.1858835852548254	0.3597616022599035	-1.8612185936663812	-1.5200165005805404	0.11060263247458914	1.0320752181516228	0.1821964547962969	-0.049252359474240205	0.6417274624641787	0.24977284599871874	0.7241098189832381	0.11624822112647987	-1.8696547575130582	-1.4002798948221418	0.45214874985056125	0.8310282186749283	0.3771686413110026	0.6806771569794647	0.4446687421370507	2.6127049420479276	-0.31025116448239665	1.2103110359034086	-0.16777824107899456	0.36689695177874593	0.8361209962396722	0.22678710178420897	-0.7113280605126975	0.17154495898929362	0.9613473318491526	-0.8503165033098977	-0.1595065111733292	1.2914755707640984	0.030060519338619387	-0.32835130496289483	0.35872481425458475	-0.05771392892139134	-0.5972838367728225	0.24846172949772174	-0.7178225064884127	-0.2676516896242736	-0.673644939748462	-0.18091643705078045	-1.0521532290481788	-0.12456396123235368	-0.1902475342321198	-0.09679971220026107
DTXSID8052300	-6.330058010208948	1.3768683414067668	-4.598462485754811	2.637462683010394	0.36366672036643577	0.34378912683495116	-0.36656123094301063	0.18026541389066422	0.572875342657199	0.34308226946930576	1.705532178106193	0.9617075942725269	0.9787530548767728	2.0979287043456107	0.1698336630383577	0.02047810403933488	-0.20808394093205293	0.1287931719784818	0.15819501935269137	0.6976105910546833	-0.9764352912096824	0.792874355596866	-0.4864033714623737	0.1850836453809251	1.3069370197675627	-0.4982474173322712	0.3057257119972889	-1.0014295097297776	-0.008888000633584284	-0.7893836070021379	1.1217591324731473	0.42978664698027097	0.25291461111500924	0.1151146218902334	-0.6211017309879694	-0.5762934156137319	1.312119696948862	0.3807351838837701	0.18883622185234186	-0.5910974654933091	-0.046717137475232845	-0.5964409552913562	-0.12394660939491586	0.3483124537214914	0.16092697512736664	-0.8051534761275445	0.4722717964730201	0.1983047352930308	-0.3756859774929245	0.8710213525525103	-0.39232756681312214	-0.43052425933744526	0.08631136695675322	-0.4109680544532747	-0.7312095487145502	0.2273648430541119	-0.8626521229403324	-0.640768160468739	0.5781499904086475	0.15406838674221263	-0.1784144700676083	0.6313387329550866	0.10688151805495559	-0.48452224108434633	-0.5000746644991418	-0.48789894835805964	-0.17020208619861169	-0.3181950541548487	-0.015450501142600019	0.12505877458440134	-0.958368060618062	0.10405655804522405	-0.45355839193964287	0.33333940944184115	-0.424232556363291	0.8198167464186935	-0.37003304946943805	-0.010335885956901065	-0.6520987418872252	-0.04438901444258727	0.031248926854480535	-0.5673406607227718	0.567026836290979	-0.16558453731084183	-0.37147062748011106	-0.20381651878196858	-0.09771001127765991	0.5744042856623359	-0.4373728222227618	0.20439604985499898	0.30007078443355545	-0.029384734297136936	-0.47546290494267257	-0.25978140143063166	-0.34426325460069357	-0.21728385794054242	-0.7067010649685327	0.1297030889976859	-0.7296301664264814	0.20779420277734126
DTXSID1038822	2.5967532312761556	-2.5192536980317515	1.0669116982539537	-1.017889298892531	1.5080478788803535	1.9784604306939397	-0.06277077488926074	-3.6915813008051144	1.5086517001536934	0.062157239666997585	2.8105894681698227	1.2393723297169807	1.7670154882911489	1.1727802193245447	-1.396272445084667	0.3743739779072926	0.4005996352610656	1.7533925055043833	-1.4769399373484016	1.5701502987090208	-0.3683508546393775	0.7537240784322679	1.0114483036754633	0.06130531912257476	0.6933324012108114	-0.11126063915348024	-0.6572405947146954	1.0106128001644292	0.8730181372166474	-0.9101962902235768	-0.2848818779286213	0.48023073881641865	-0.2462253707492448	1.8062059103047317	0.7068340599812398	-0.5550537743737607	1.1339151162224068	0.2805719928324119	0.35133977743726424	-1.0766960672891543	0.7117112012681305	-0.3739553276714359	-0.6931539223563502	-0.5258600324691052	0.936585523731562	-0.22930667760114407	0.5198840545924636	0.040713328796159624	-0.2090440269569015	2.084168645918465	-0.30725325890988986	0.6488648942528653	-0.26002580338039555	-0.9696655109921647	-0.3990699029473961	0.3606939930937127	-0.9269178199452381	1.129613197535231	-0.6179780178516358	-0.27807366392571076	0.05976289533032128	-0.234491217219062	-0.4597934201961091	0.2682895087138502	-1.3923496132250681	-0.02383944684398792	0.5766068529953898	-0.45518451522186676	-0.16592381752596175	-0.7988068982228271	-1.1017161400214168	0.9425358774642391	0.4908313914928556	0.19199151224029923	-0.8227134225715426	-0.7443637205375114	0.3097068184479214	-1.0726178489994131	0.5654901647487499	-0.19562183138960132	-0.7780988773311095	0.4312830510076032	0.85658652427179	0.08967203900962414	-0.7165322870667573	-0.3510829937978734	0.10986381494064472	0.18662357462934384	0.5434931730110463	0.21653025914612894	0.24706810169264506	-0.3795757124965955	-0.20778443851177864	-0.35417839358915904	0.3203925747784572	-0.1805668437275688	-0.6734368694048489	-0.17774386517228796	-0.14212339175537808	0.577243671484448
DTXSID7049265	-5.7410934621384815	0.7100115226865703	-0.3637765865513571	2.17626248655018	-1.1022842189460698	-1.0768173003876043	0.7082537055128079	-1.9308980195041456	-0.5732055351946775	0.03464492486126096	0.6405841572770087	-0.7590573913279393	0.8424079431257044	0.6161398259971759	0.49864519925488426	-0.4311706735292909	0.07935158842275672	0.9720615287966685	0.7563080747179356	0.14875304042642865	-0.1691385394383202	0.437405185263891	-1.6641233748469713	-0.1728225980856543	1.1628352160625557	0.2505534531439863	0.7246974356496095	1.2037138612320293	-0.7050573993405777	3.3267665879149293	1.8774039485211769	2.1416074135816223	2.2590108565171576	-2.570775277481059	-0.0443152249766866	-2.7103988796934813	-0.024407625299422857	-3.463147738663951	-3.4973055921655853	-1.6050837314235717	-2.1564468031152777	3.2229156944593753	2.108019795444921	-2.902548995000585	-2.037826240708321	3.151447380449824	-3.324479363055269	-2.017677359803219	1.9346696820264337	1.8136116207138189	-0.899751640004609	2.002117808218669	0.7257951163214679	2.8858264436893344	-0.6838079408491411	1.7437584615770996	0.8976147904525873	-1.3387231175652197	0.42352835657439847	-1.8223499756905774	-2.4556692436883676	0.9136010222152339	0.7420775346481544	0.9868142681994548	0.328758232812916	0.6664332806984299	0.09614202670284126	-0.5537258693510926	-0.30135063850044463	-0.7327181896243742	-1.2882602366947131	0.40611878918994687	0.006184157345283443	0.6065986093170788	-0.9125900404741566	-0.3819781819044587	-0.262561174691633	-0.30194016599776613	0.15430099309617015	-0.09701777974390308	-0.8291037467440422	-0.9314526035391	0.3582070649479753	-0.39625552034768313	-1.0821198773288045	0.045793422435450606	0.389749047655557	0.21317015974331882	0.5637621377993816	0.8617507488469415	0.13856472628128366	-0.5754231196111804	0.4535308559454438	0.12461785352832036	0.3670987048165285	-0.45791733258731315	-0.5163919194457852	-0.17178710766786584	-0.018522299569046274	0.11996456706123959
DTXSID6045951	1.5682062902482654	2.5988517390420793	-0.333462493588487	-0.3197428523173444	-1.1418953458865748	1.8771870226357155	2.4011080120191983	1.0942214266012376	0.1951817275227688	-0.8214388402053816	1.36625303564336	-0.9519200764091329	-0.7464831411598661	-0.6637623265420929	0.42389333817202546	-1.207023323645495	-0.12982141235414757	-0.21806586862248808	1.3370406991044892	-0.5715579256339588	-0.028956265717127373	0.17148003987659946	0.18487751405544328	-0.6207895993589998	0.5109712506146431	-0.0647289491398205	0.8897188406394587	0.07073946847247511	-0.7727502797298279	0.606507787613062	-0.35519848016185146	-1.136669894092263	0.5310899629052884	0.24721176280329793	-0.34096835029192435	-0.37295911776347396	-0.050905487165533864	0.3160091469327008	-0.20937017305905067	0.6590721589585058	0.0908664811288675	-0.22312012007099005	-0.7976671297545365	0.8584369205619118	0.15895632764457385	0.07252928857206843	-0.20133389496676934	-1.6585971217063011	0.404679265861526	-0.48648748965445116	-0.5814113041966372	-0.33086883385998844	-0.9324650894202269	0.6773614703557168	0.41992519810522844	1.461256449923353	-1.1432868115087553	-0.5197380741548429	0.6473490034954272	-0.2066676732359173	0.1478479440705881	1.0970307081652024	-0.6105834161731265	-0.41627663013648675	-0.3530906774301905	0.43918025947453915	1.0702133205557516	-1.0888999679543019	0.4651896657114616	-0.11745790324781351	0.8693675885096174	-0.9824946621765172	-0.8053880372435427	-0.22140290309147304	0.11820320814611367	-0.299779013238427	-0.5526281581362095	-0.8965720462980217	-0.48086914136884157	-0.5429262513797811	0.3020125247932084	0.15689579960666694	-0.035615668899498805	-0.9055824619046738	1.099360726290481	0.48761443189247283	0.008735908882498047	0.030209409253785704	0.43420916687197053	-0.13242444981403992	0.04408633567745517	-0.11976096732862328	0.19415911196034158	0.7607256883786495	-0.9233276657609044	-0.8987255627243049	-0.05804966215224544	0.37966129662815246	-0.49985766077315363	0.1642551718393835
DTXSID3034583	-2.3329037796686896	-0.22230338192175664	1.569531873350266	-1.0380115505067917	-0.3549586787639098	1.2153735237243113	0.5753732005116353	-2.013633997396867	1.318144240171812	0.17462981146746961	1.2420015517405958	0.040988046240144786	2.250848800515165	0.6146090570108433	-0.26806733176366604	-1.1931203661042646	-0.030584639335132054	0.6397548810001724	-0.5820291817867991	0.4141433058953056	-0.9554183549284893	0.8570987381791858	0.11781214633670836	-0.4536049917321705	1.0148583541487646	-0.10397589066071167	0.032934063969845044	0.2755250231427612	-0.5179664790077834	-0.37451917119352685	-0.22962152082434514	-0.25270843852268465	0.34493678619677337	0.1670420197027267	-0.3964306328947879	-0.03227407135245274	0.9405806584914259	1.555420872004856	-0.36942552867232403	-0.33906217516238285	0.21435236220637535	-0.9699236799123484	-0.6287170490955069	-1.0761766637860426	0.10059626705448321	-0.41667500340692404	-0.2541331497214974	-0.5869536202012993	0.4705243194969511	0.7159329684868908	-0.41611150049286705	-1.3319259267726398	-0.4060146881696765	-0.030575046134790663	-0.0673114256275582	0.16588742116372845	-0.1779825516548863	-0.15921113491302494	-0.1770444828000826	-0.48795239324423156	0.40847638688067667	-0.20316474047784633	0.8899132034272567	0.15631973534639695	-0.7232724369836472	0.4972259243278928	0.32386014592196116	-0.5001303067399957	-0.3266516887642511	-0.12432847081254249	-0.534198671670937	0.4735194897359256	-0.2891179137082614	-0.033554413583728224	-0.1552021780821147	0.1477188025481766	0.13784199406666897	-0.19846501936225452	-0.04385667816708463	0.14370624585281702	0.07920090089440433	-0.6727551667938927	0.15499957551712146	-0.15245466226600873	-0.0214843570695523	0.4723586196172503	-0.11576198433297955	0.06861475162947224	-0.15837836693366927	-0.45154033814767963	0.0030166291817089654	0.017351162995309415	-0.10235082513978737	-0.20940414814745653	-0.030238303349492564	-0.3304769030138201	0.16368495190988486	0.19306081135249398	-0.12949654703274172	-0.12848867512280812
DTXSID0049072	9.716082478701301	-1.49171061565108	-0.7916715708965061	6.774944142246025	2.069795838495971	-1.4441525673012998	3.364195616981478	4.167116360739606	-3.551352237403131	-5.592413391833117	-6.357736867272018	-3.851635189600535	2.6518297948437097	7.070820954312327	-2.942290328903127	-0.047555148323912076	-2.30924229853486	-2.0849172498231647	4.7192427328270385	1.9140661867380628	-1.158752784205827	0.8891518480880477	3.355739694048983	-1.635791492881022	-2.148001947569464	1.4070965093525654	-1.925883729430627	0.9183042638703633	-1.2081535903522964	-2.487735396817363	1.0605370613000928	0.04430586180204109	-0.24961834017622905	0.3343768788613774	-1.8902706556310511	2.6043177069523487	-0.14437466512619487	1.781447200768904	-0.7417692928220521	-1.3472426576227965	0.28753978742028063	1.47915550598791	-0.559759059793218	-1.767393086606364	0.2600859051692597	1.2618562438129453	-1.4120824729052195	-0.1710904606577655	0.41327739002789754	-0.31168442882566944	-2.3235749150684555	0.24358095097395704	-0.2867751608748591	-2.359491867737901	-2.010765912874153	0.1749853026874692	-0.0680726773642354	-0.09634330728710234	0.12957525937866354	1.1113263528335724	0.6778820794468905	-1.6411714930220098	0.8545998353262294	2.9126340391258427	1.274721859415614	-0.5584045732913056	1.1417586868009733	-2.6047230606210516	0.3451360179439707	-0.13676501627549248	-1.2377346358344128	-1.377911604603887	0.7562053763952125	-0.2973602842298923	-1.0977239663619214	0.7538764651410236	-0.3223357634231346	-2.7268020084249422	0.7962992884507636	1.2659765575110078	-1.338071808646027	2.1775526290495866	0.9903196270218404	1.8467591246882746	-1.0286869253592104	-0.4368425561677373	-0.4354666681092187	0.07928636187724789	-0.3263451940622534	0.9641102206014438	0.3334929318260321	2.786719332731394	-0.5601328542328936	0.7798036644180651	-0.6288174382241819	-2.0927138075916916	0.6099376309097436	1.222335463919255	0.06995012519353984	-0.4231743526131357
DTXSID3026691	-0.6388440917603992	-0.00011001576813976063	-5.78704601546959	3.551838521487295	2.3689682430726426	1.3917546727964925	0.38262108537891626	-3.74773490000828	2.176682561838898	-0.31335753425578156	2.8204197174986647	1.488531482747693	1.798269082046735	1.5582441165716836	-0.8860267056735426	-0.49256026517417406	0.1251541357577791	1.0612142617816833	-1.691450245454508	2.2537869323118955	-1.666788186093059	0.3148869459680612	-0.17834706986955298	-2.1432745689925827	2.3988448229273605	-0.6040342987475661	0.119151441510057	0.07839819303454845	-0.9320614476804577	-2.8789280636098367	-0.754442759864754	0.17133832972974727	-0.0653841190499206	1.9389178898434531	-0.33246039836416086	-1.0764280296985576	0.3848026032893823	0.04495023828025393	0.5598397396419851	-0.0496598003954366	0.33442433506668884	0.22991010786842866	-0.4091409650069397	-1.389463364215255	0.7498717425945894	-0.4794491922952735	-1.0792121162704758	-0.08607791188415008	-0.24739702616902737	1.4363148515259672	0.18127406978191052	1.949918281502029	-0.32106149946106044	-0.2622259091977633	0.359027370993464	-0.4315332892248233	-1.6675868961995324	0.6698020730224994	-1.0238292550360455	0.4498651840777671	-0.5638342928226889	-0.48632594702172327	-0.3814454232937061	-1.0590468339722705	-0.16029748333285476	-0.4128734625063489	0.5488122860853532	-0.6240084294560633	0.9367002393096231	0.465843398087218	-0.9147070851150543	0.7109255430227231	0.746826909429743	0.9265329472193413	-1.3017786692110223	0.40460287199352163	-1.5280641886915378	0.4713943466737503	0.5419740844358526	-0.611574026398021	0.6491339034065887	-0.6242649786643196	-0.10660302196929157	-0.2914933591519266	-0.24698973810137417	1.9242169618715854	-0.43918678276964285	-0.11535000543445031	-1.3282461371457233	0.35197793969315044	0.2339091851822817	0.5157290333661108	-1.7298487664365487	0.7221169190961312	-0.4781927017182767	-1.1380486775762442	0.11821487813480924	-0.05407704686860449	0.15011596054075543	-0.18104912613801996
DTXSID4020325	-6.024519563992832	1.9758901729963076	-4.401110995057839	2.849820196470826	4.210568313624769	0.029159170595699904	1.2666180882965152	1.023948784904433	-0.1935752780252885	0.3569451639455399	-1.2208761620577022	2.622544894435511	3.5927979964241548	0.11001109518376245	1.2705220112327151	0.4007956027064605	3.299809572464467	-4.099859710391395	-0.5203703061293599	-2.730739169986433	-0.11492192429932492	0.9627184083286079	2.6695496552755755	2.421935010068964	-0.3590875965718153	-0.6816248679586281	4.057918991038933	-4.42338217375038	2.9123034357211948	-0.03261644460489153	-1.120422519764895	1.942948313827255	-1.8651217179496153	0.3192230998381584	-1.4086667869551979	-1.5493916691687541	1.559274178224339	-0.014303954794243127	1.0587458891629378	-1.2673347797867962	0.9830552210093421	1.2396889144807124	0.6381279526002479	0.35938247900769277	2.5884688382581302	1.5695750182268062	-0.836216915335231	1.8995751615306091	0.1399237545710868	-0.7658987320921096	-0.15839671197587032	-1.4882687787189322	0.3285383790587862	3.629892497390101	-1.6102334970916066	0.9783756395609671	0.3608369510289268	-1.0538712983284189	-0.6935428012377868	1.4761314327743498	1.1003554231561192	-2.6647062168892863	0.9440545490918917	0.6564607072448664	-0.6778193146974637	1.3888643751621965	1.370848067964984	0.2719173958115008	1.6961334940470312	1.888147224857667	-1.3334985712469858	0.6184182804083639	-0.2814410607643029	-1.2642641820832319	-1.6905602797700803	0.5115310266917195	-0.0753134062002357	-1.1304677689188602	0.5007744419982197	0.42822540356424027	0.07604651108508724	0.6340075421984548	0.6347815301344576	0.17965377744570035	-0.19931474766407226	0.21609481067076858	-0.5246209279904938	0.38765211714066544	-0.023036090219335115	0.01428207007531531	1.2838470040434913	0.9914387764806797	0.4358663625994395	-0.38666847966445306	0.5913810557468794	0.8511801759349256	0.0342094923628536	0.15125321126212127	-0.6839458606464827	0.4370120094393512
DTXSID40880025	6.5420869662047325	-12.633569441912423	-11.824550079127397	6.629680492317093	-0.8223584559666218	-1.3709244873652753	-12.207173390415962	-12.710371966580357	-1.8630918578186415	-8.767319850850406	-11.372760310396604	16.763378041780594	-2.6146697315715843	-1.0353835918455467	2.4064765108817365	-4.886933841990653	-3.8443942501394317	-9.077596205636352	2.3347510210929308	6.909263905109355	-5.166990325744299	-0.5421717368707674	-4.099402555205057	2.0744113945192892	-2.17412668829456	7.059139240201513	4.43319800492246	4.27991405761027	-4.976834367731155	-4.609250539657456	1.141477352741108	-1.8741316376945507	-6.5286649210287795	0.043625662647604126	-2.6545460703112993	1.9859118780772371	2.1482596838616903	1.585546721251666	-3.230252510010172	2.137572852774795	-3.3290459760750912	2.5739296735181174	0.45491929149261956	-0.03066594279246253	0.46383455929941586	-0.3391252011965616	-0.005440377327281924	-0.055251122905037954	1.2112635190215704	-1.1771205658923884	-4.797139339670169	-1.0191031431474118	3.058959705748404	1.7114980530357051	2.157648956750196	-0.3828839539536762	-0.18572089477815606	3.4195438163666543	-3.0956117710663977	0.03571079566113974	0.019229187844737237	-1.3613146903725983	-3.2932690689704125	1.8550521067649666	-2.0226699930375776	0.6751686678598338	-2.032871411997985	1.2740087106538864	-3.067553509469392	2.6695459382776976	-0.06948680073285561	0.5864777783173724	-6.971690676144716	-2.2304128761774944	-0.5943196641993377	-3.09691884230966	4.615481584743692	-0.09151627482534486	1.509136544166018	1.1123165314737773	2.2222121453967607	0.39006213168428755	2.2699969573818737	-3.103040911864177	3.1793159697420856	-2.3020981566286567	-4.944793432163016	5.193638286698474	-1.1422835633564126	0.32371563336311426	-3.2458262419222192	6.751218677798727	4.096027522245769	2.455042821942381	-8.959382499694465	0.79528845528945	-3.705877544407937	-4.6663726813387445	5.643330856742822	-3.5148275069774857
DTXSID6049016	3.9722282092886783	-2.560025222176269	-4.034502352928731	0.7591469900380751	1.0729715408920268	3.2008256690429593	0.5866526197628532	2.1283111847008085	-0.5813329600258419	-3.1303478651104464	-0.8063361724902649	-1.13675767688076	-1.7140819695414122	-3.6865390267846543	-1.5500010326849398	-4.5842796349868085	-1.8397879073167913	3.2209523773098128	-0.7540465076461159	-3.173057658231812	2.704077338344975	3.611416438474514	2.579279294895406	0.024651276090703216	2.1098043417077266	-0.9029113656692535	2.425373534726371	-2.3417809722018696	-2.807266630059248	0.3618167547053409	2.803935223559339	3.766234435137624	-1.6417625125427848	2.1048098076797874	0.532516644319078	-1.6415655104874112	2.6272019963360167	-0.9162896988701525	2.8385478800561876	0.3757528806017545	0.24933492861987425	1.003173075670519	-0.4447082479238231	-1.20719732579482	1.0869956574514257	-0.9820912852808644	0.30302165297392725	0.5774538803925283	-2.3684522192939044	-0.8676862619090012	1.655267109537563	-2.0142515976892206	-1.207020378799012	3.1189940339564965	-1.8902319692617446	-0.043983911906319284	-0.5332170795790903	1.3077068375976164	-1.815538892975318	-2.4359930199873703	2.086570117566248	2.891411246290453	-1.0071587497005694	0.1544451071634832	2.645836878176407	0.3432421443067921	-1.3091768312891985	-1.1902564138262033	2.148538074464996	0.6353801941492787	-1.8064560003696077	-2.23021281443509	-6.136088046037398	4.980384522641255	-3.381525996185546	-1.736615804641294	2.778411088507349	2.8637596784141652	1.9630576317389563	0.21358669514848638	0.4896977633948476	1.103605353761796	-0.6049055864497366	2.9981289367905837	-4.654207828776655	-3.771022320539958	-0.9654009004391538	-1.9672753901846791	0.31750445698998	-1.0668468616247537	1.4202033698189027	-1.234101980660218	0.026728432542716365	-1.1603877288448081	0.3191729996408066	-1.0035296226112347	-1.0156687782890192	-2.021746138721823	-0.5971809143077772	0.5091410640964547
DTXSID1045954	13.43742455123411	-2.867145216098644	-5.715023874785365	9.580789214307723	6.553985618291036	0.055091744189839434	-2.074664676378274	0.6256514147116683	-0.4997682809211822	-8.196801743944278	-1.2955708634950878	-2.606804818823524	0.6494340809226475	9.981179780779883	-2.7375891464870525	-0.2044057374763424	-1.1559723055005733	1.2860898302859942	1.8134145553540695	0.8969636857863159	-0.21023564153148538	1.098223094855571	1.696705655063284	-0.368311319975056	-1.6339287034217387	-0.04713992952074418	-2.1018597594498076	-1.083951414659082	-0.7846479462530914	-0.8827501595499488	1.042843372604644	-0.9859729357284164	-0.4135095691039075	-0.24268349199569023	-0.4801079486673289	1.774602340937011	-0.47655462019140554	1.9346915336616293	0.9984956538854218	-1.3824703458009127	0.5165141657654079	-0.543791091571026	-0.7106508675798575	-1.5899753801763623	0.10978033581269042	-0.36130336073758856	-1.2845740026505708	0.3649515028576177	1.8569234306294384	0.9539771340625377	-1.1902815309627004	1.014406923894668	-1.4744423869507188	-1.1456987935402572	-1.7698427278733655	-0.19787883634857942	-0.6418539150849127	-0.6433970985273704	0.4168079003738788	0.031887957247813396	-0.6736292762088847	-1.1011926487863888	-0.01961901817680507	0.9646651572508645	-0.36413139922048776	1.26679951773163	1.1928059121954344	-1.0972812112847476	1.217194723974297	2.1327539093770325	-1.7278562541215783	-2.34263358625937	0.6715627219377344	-1.1816612860117002	-0.9520115928264176	-0.9754716512336744	0.18150283469596404	-1.3865014498278623	-0.3035574264200613	-0.5514345082160976	-0.9775221705138543	0.8928894777138835	-0.36183157081253015	-0.8119158446737255	-0.1101126587734352	-1.5871242734242013	-0.1237708817309657	0.2023003586449367	0.7253395263195863	0.17076816483281365	0.4951603848184962	1.2386420747045024	0.42633603234139944	0.38676656525880654	-0.37916981705093183	0.8274591280043732	0.07527630864524053	1.2292483766599789	1.2102924234118817	0.6690320094173188
DTXSID6044357	-5.9812421257978245	0.8959021027266568	0.12751499113975912	1.6876759069551497	-0.36664630561901407	-0.33705145358286326	0.632591773751948	0.12726185902725143	0.6661592106340367	0.1722623516404639	1.0770558157485237	1.1555586601923564	1.5423003212387776	0.20927997807551668	-0.10543467578362312	-0.09654564489124048	1.3183938176699799	-0.8939432441424361	0.543891033054393	-1.063559853278327	-0.5775533029935926	1.2090037270723715	1.0437291338895982	0.20418049935848848	-0.18994542337617837	0.5990931630120001	-0.9303617843693437	-0.7980185860262632	-0.6199636808282677	-0.12979100744232794	0.928786594109058	0.28806447295412824	-0.05983744780497847	-0.48800479296590593	0.6291666038492402	0.1377192758583931	-0.08157974922067737	0.5943763680425876	-0.4636125380472098	-0.6379169370922558	0.7186144082609608	-0.12409158278225146	-0.39231932939869896	0.27468526396968457	0.4554899704790708	-0.05190132576494189	-0.9886448782862209	-0.23135511404781048	0.3233341092860874	-0.11257980165717041	-0.6915231098381421	-1.1340209435339865	-0.963067568243387	-0.44431460690414154	-0.07899338609997213	-1.010070217669708	0.09450324935880808	0.5054593284004422	-0.22799931036073695	0.20811964729349944	-0.056378480831657786	-0.11917178925559886	0.533098243640266	0.7802204140706307	0.20492395372478656	0.3178713530862518	0.4457573213390391	-0.19679442631280777	0.9130847735721905	-0.04368282007952084	-0.13425117130211608	-0.39183709659479155	0.7050780509646541	0.07570998127907252	-0.6200788396595625	0.6711608770620597	0.806321206274106	-0.9621209808985147	-0.7205059017560627	-0.2242849374640738	-0.05441165248159105	-0.2614713180276668	0.21381613338320402	-0.06824905911393273	0.3284226206339626	-0.03178620711235528	-0.020707862370993212	-0.03479262503380632	0.2731307763623074	-0.03774582852071987	0.16280163881365844	0.4320403854039867	0.6129795036304185	0.12597883505198834	-0.1658730900107115	0.6240574362654101	0.1996586694736597	0.30954029178851045	-0.004762079778975551	0.2117961034236693
DTXSID6047818	6.645278618282714	-4.46303792852022	0.017879108373539024	-0.09092137463144497	4.731203708705932	-0.9455862457348119	0.761611249735781	1.0889186385081897	-0.9171207077268629	-6.958895310516645	-4.690811371655596	-5.449820277775703	2.57632370017537	8.57836743773642	-0.14846959853884525	-2.5107598130853512	-1.202188275145272	-1.184803219410238	3.7311454439356635	0.9091705911639721	1.9299826223189742	-0.7529165020261962	-0.94626117671311	-1.2124555434994728	0.6002732986373241	1.7762207327177686	1.660277912965816	0.6552121000165786	-0.14818061462617144	-0.673199985799905	0.13558711925473288	0.3369674181601812	-0.9296475807833979	0.1460039370490485	-0.06038406102847797	0.4141184530946078	-1.4690981422580416	2.114928677689411	-0.9127309152242552	0.8782990552213326	1.4034441163966525	0.7775051866783993	-2.5771408682427737	1.2086773628703085	0.14714973114241994	1.6059494616147936	-1.4094048806337514	1.1870954859077607	0.2795783227860727	1.6178697910657687	0.5413456792175587	0.03030017613762343	-1.2783243578643126	-2.9658557842465405	-1.12489993225643	2.7108282858447232	1.374796378086089	1.3752143122987555	-0.9421308849514761	1.026703938896568	-0.9148401114827727	-0.39158600155680745	0.45015605499422506	1.8769056554500485	1.1964984226369555	0.42821790178376073	-1.5029795471948135	-0.9644187641725024	1.4588032781682565	-0.45907201218421134	-1.4648630428567848	0.16732228006899466	0.5114707751895873	0.1153622805558709	0.4744677884022929	-1.1083359649360367	-1.3350262031231244	1.1770560335981701	0.4896072868514056	0.026113002569725093	-1.4430492186476054	0.01361318941776408	1.179443426600725	-0.9521416466461523	-0.6577047365287081	-0.615579064284475	-0.0289418935694569	0.7678774986680108	0.5615763980280832	-0.6710510223388907	0.35649643252440416	-0.039940232508212645	0.6523126448888007	0.9053953325467038	-0.36876780443114204	-0.10398886111533498	-0.058446655856065385	-0.5308851006512337	1.1609654684181268	0.8152786710748782
DTXSID1057614	1.3239635038185757	1.012557425779697	-2.987745957908076	1.7565246189965542	4.082504876927143	-0.23402902229805864	0.9612423976843266	3.2005349228275763	0.1749591277597948	-1.987834269240149	0.5399257332444924	0.15027100614801162	0.9400270044180997	-0.14001769776489606	1.348629758213438	0.12857317120496253	-1.7708124985468778	1.1305502895829533	-2.7997331974440813	-3.2666277260688115	0.11106762355461595	-0.4088627963590357	-0.9747551855195046	0.3646451788112864	-0.8363020400917793	1.3269045160819752	-2.971777874996773	1.0063520173627543	3.0585260512848254	-1.1783685176066574	1.8551934895594675	0.24568650287424015	1.698040193424899	4.536140413347073	-3.7366245652258865	1.9005517688772162	-3.977672635217133	-4.151971110264345	3.5500856442329956	1.0062760199185103	-2.671456657800307	-0.3760135724059486	2.174548465566162	0.9454580492771962	-2.729421175866789	1.1678459486630979	-0.3242830073832731	6.21775261213263	1.3354007677686004	1.3812966544879546	-3.9607081858093043	-3.7960909502118345	-0.5321778201256523	-1.83112298795621	3.049150573342784	0.34096695070119765	-1.2390776930906209	-3.322145418610363	-2.2924994516755373	-4.880610469193116	-0.20789289254716037	-0.8714507426825872	-1.271784751226479	0.6473735316168376	1.0255939413928772	-0.3737395664537937	-0.09348518245046918	0.004661371522394718	1.6609126184753613	0.8120948577155865	-0.19366268099503273	0.7720905731953803	0.19349619462556522	-0.8580858025061467	0.7125308802111462	-0.4228789051770575	0.988121593447613	-1.7404460290004202	1.0291599686408177	0.20555392631518327	0.7859215654965457	1.6078860262097758	-1.0148647611112358	0.4674519892556888	0.20678153731876323	-1.0647584389150049	0.7656565100233329	1.0452235650125183	-1.048841954897742	0.20550185579714877	-0.07892860054363639	-1.1274214517561212	0.7665189878266507	0.6988054168861598	-1.2801145987907867	-0.34416986807043	0.3632206491434921	-2.2051903646303717	-1.1994650137921445	1.1227060065759298
DTXSID5045384	6.8494491913476185	1.7401681876251747	-2.108694305639617	0.13185730392055087	0.432664242390214	1.0879814161639547	5.536287358204528	-0.286613462780449	-1.53463355638765	3.2432185379789527	-1.2251478971156284	1.098709411249744	0.9152086857327515	1.263616388665639	0.3113863152583234	4.646551654378077	1.662655866190666	-3.4948403398283943	0.23553065615540697	-0.517076538303312	-2.9977376188506897	3.9074791477645463	3.5557500783388964	3.9808501053537158	0.1064929798937972	-0.7312813670544067	3.07908428252698	-3.5447644801380966	7.143155737818485	0.00026925710087090935	-3.2769997903169346	3.129889945252235	-4.229430092544193	-1.641085864483458	-7.267949088365631	1.9154646145273817	5.04041318518809	3.350506973724857	0.5723288589491139	1.0451125651931044	-3.4438415955938257	0.6099752592628932	0.5179077162946182	-1.9224013920415666	-3.089031856333141	1.1334974855431847	-1.5663461120883402	-2.044726014619542	1.157286517097164	0.7687478977129996	-1.9884137756502813	1.3130942133213988	-1.4947641393575253	-1.5372351351307796	-1.919486409339442	-1.2281524275146023	-2.0359268543300666	0.477434812706365	-0.7213070668602471	0.30241304470701746	0.7841655332546543	-0.670611239097178	1.3153568448815847	1.8301372008146164	2.150028153307865	0.39543644183795884	0.06558425569667542	-4.3528761747685865	-0.04939039718292061	-0.410635142327776	0.37597552214159496	-0.07884302238781228	1.6876054035319754	0.7775604029082158	-2.851229512474664	0.7846017346056218	-0.3815174104908226	-1.70209036015024	0.8669207193057835	1.2311803635784098	1.1136934730588868	0.9636993592697086	0.6434367937787749	-0.29893456019709386	-0.10761170027617534	-1.975602910465401	-0.2105603800659984	0.9294165112483318	-1.5927942522577907	1.5774816969658993	1.1762886746365349	2.770898553578254	-0.3926804395107211	1.7424700504001536	1.1279408930791577	-2.4558565881697354	0.0063657550755982974	0.6149516705801388	0.1094941700983143	-1.7847260338137505
DTXSID0057756	-2.5781948602686606	4.675928980293863	-1.2604703074583277	-1.9751942782214449	4.086276307948789	0.6544232428557187	0.5943963046091639	0.30099042323802355	-0.3640314861935796	-1.2102750941346	-0.6262526854776899	1.0391079100026284	-0.9679352740545993	-0.9085552513497424	0.8507808865721386	0.07897719263615197	-0.3612341426742737	1.2230856794722795	-0.28367759516959523	0.2306358769327833	-0.12086446130357782	-1.0004526903588122	-0.7297953105524038	0.14210256390703244	-1.6874984661548056	0.3371559622061859	0.295260713641261	-0.2872367956564468	-0.2114383484675694	0.3231793848859454	0.3991117371169938	-0.23749919321139573	-0.20910001910151335	-0.08460023465336129	0.6752053453803039	0.5623877532634322	0.15607285181655878	-0.4468742684514935	0.5902265280908754	-0.24006584995829527	0.0603246350073009	-0.5254123561824846	-0.3590901321224738	0.15073565315273824	0.5109622589902353	-0.6749040754554568	0.14305482911761408	0.5132154179912815	0.057433949549693455	-0.1623474380541819	0.08860352230838021	0.4094653944696661	-0.035249593674280905	-0.4906056382698825	-0.4727395567894601	-0.3564879598355998	-0.10084201619757338	-0.6985167875493008	-0.3687737892951215	-0.9558788173190157	-1.025151297601084	0.13025009196722714	-0.36383945814066243	0.41385876592665494	0.9739439534313185	-0.21662365761411048	0.519882357694788	0.22879132581092593	0.03006340726700757	0.6563013380398877	-0.23481298497394607	-0.15229167338262767	0.16884692624771458	0.4334021562633688	0.6417303595050484	0.07034734448445987	-0.13551725745550958	-0.2465891177148453	0.34027595993584	-0.13968545031933824	0.15548784150674214	-0.019985119534074947	0.18709887728124971	-0.06458343559343338	-0.5789502415511738	-0.22933370015889099	0.4277933790585261	0.376199658111083	-0.42567062569511865	-0.09988384211758561	0.29396145671819074	-0.4856460463337451	0.11586798451541817	0.06539986858166913	-1.2822395422938133	-0.18374905702104966	0.5619599000731075	-0.3701958367708591	0.1650050082364318	0.07861866305654988
DTXSID3023764	-1.1059988983807114	-2.158144853532786	8.964628149393752	-3.5847563882509212	1.1754902443083488	1.4995080071131464	-0.56212974331725	-1.713167064909757	-1.457990126613204	1.74711472564304	-4.210629888656353	-0.8900545330225217	4.775985734943512	-2.625419244031633	-0.20146797886351753	-1.9837200600054072	-0.07416143766188917	-0.911159284622555	-1.720244089635699	2.187019174508621	0.7006758983247775	-0.6609749807879257	2.0917972749284943	-2.400482159719903	1.325171098363286	-0.41365277600919553	-0.10613519075765515	0.4510543368884027	-0.33578433143670827	-0.5062524003587879	0.3896830766459905	-1.5930548806304867	0.8909213305153255	-0.7240381791342554	-0.9571628966891066	0.9834503733729526	1.0425071610644696	-1.0869507193098709	0.9929411517507684	-0.5661389698033813	-0.04825973187520474	-1.095802374128543	-0.16196641523198202	-0.6339507614798479	-0.3673506699296479	-0.8151298085554223	-0.2982583598368368	-0.3234341143733129	0.9966122061509594	0.5231801422451875	0.04246829206726417	0.8865026366788152	0.39348513510583233	-0.5481427254343035	-0.016507612031118054	-0.11140455181970346	0.04043039001679465	-0.9575811585971463	0.8259458852373379	-0.16587370397648227	-0.1821159606602152	0.1739559966993276	0.3376512031741916	0.5024989616934347	-0.08854435889700736	-0.6582568372489379	0.24629764209083602	0.2489849442575376	-0.09126589703908913	0.5375518973583047	0.03331633588782463	-0.28354479013858014	0.33264243465288457	0.23783874367478877	0.16431282738966302	-0.22603589422237486	0.0661691168114593	-0.019445122221261796	0.17747640378399981	-0.435860735698207	0.2672637789407199	-0.23923531140847543	-0.37136459793709087	-0.07925250063106885	0.31495154857909635	-0.33130254493108136	-0.5220346607754649	-0.6770169288413179	-0.8188313595864294	-0.8980019615137284	0.03642440838681481	0.6033221109972665	0.6943467986751578	-0.8468234275225165	0.4700489591165034	-0.16761772407626108	0.022102368374173884	-0.11345912317787105	-0.6255762567981233	-0.19717154925369645
DTXSID9042465	0.43240482485313314	-4.443620553393641	-11.547718133882267	9.049283829321832	7.5964615799078326	-1.1378689268143212	-11.298529391173366	1.8726492424222267	1.899482059635038	0.11343327827436996	5.1830203553846195	-1.130549852674894	5.0901705019254	-9.101006321462327	-0.41116036843047693	7.754840195144069	-6.040583814438717	-2.7533066231616474	7.311720013839221	4.016387723891887	-2.424587144628157	0.42887981392888214	-1.2602503885066823	-0.5769774354124609	3.9863378417299757	-4.483814411510972	6.561237773863647	-0.25328122119571794	3.8824571823619762	-4.836641151340759	3.6839878574503864	-0.2119148877333743	-2.4573912459880107	-1.9502567482586735	1.765817352714651	1.6161491832680785	0.5927926042521727	0.40823953926245793	-1.0499719731943784	-4.191893716598389	0.9182500140624286	-0.5341099849327394	0.19028147125701558	2.939437018924599	0.4628034915836367	-2.393702237497438	3.782234435022143	-1.793629930238101	-0.9329185138437796	2.9929853637184785	-2.1544469698416417	-0.8588202791806121	-0.8567294070585023	1.083922350451884	-0.40946985170697764	2.1734514779139973	3.3787649532749544	-3.0927669532627284	-4.659716976665796	-2.369881455184685	2.172597108108695	0.8900709637035135	-2.461089109079935	-1.0956307781927472	2.493689625955236	-0.16667666919255023	0.06957835514569964	-1.7950559363971885	-1.7839552768428746	2.145566212262137	0.36200575126532875	-0.07769666122071675	-0.49067922172525624	-0.7021418809773694	-2.461969003411984	-2.9459017481836804	6.0537237663209105	-7.880445861705823	1.159141327101788	3.5133271638003336	-4.311409953937484	-4.654873613942993	-1.1513374694319012	-3.1002914567196167	1.7456699500448956	2.604936399306305	-4.728496428027538	-0.8685538139861984	-1.7389411869418845	0.5200117753304586	2.1924830480380524	-0.6689124248403843	-1.0329429579589247	1.0243759656422726	0.14891533649705793	1.9099881990059449	0.0117918447947502	-1.7134004557411817	1.969353793428839	1.3394693505667787
DTXSID1041267	-7.031288229332738	3.3013581285545075	-3.5035011508193072	2.039700481842077	0.34949054641178595	-1.0871357085531075	1.1257330756821704	0.11504239879011928	0.6440060740407922	-0.2585969788574093	0.8895633545510025	1.3164086914291961	1.1104219943618479	0.6283760673640216	-0.26257092918592767	-0.1922691853274491	0.2839683960638511	-0.1676635072896402	0.5167167029481982	-0.8428590668848833	-1.0504446830905072	1.3866120835320177	0.42959501040324477	0.8920880659485277	-0.8642484243090232	0.294796575429124	-0.3987923082926421	-0.7913169363638809	-0.631975530905221	0.6642891791205454	1.228960703886859	-0.42763815513476156	-0.09072443908137624	0.008121728734672715	0.08248149162213424	0.4107518352762437	0.4833183832741226	0.8294327531348598	0.09391315497678644	-0.8350605447498155	0.3244490333156309	-0.7817019165590481	-0.39878635956717406	-0.17963377728616192	0.5900066872490976	0.05857644012188494	-0.8676674742632915	0.6655003422941169	0.71898437895212	-0.5976291146532965	-0.47756896516692515	-0.6711797274418437	-0.04215580850864519	-0.8248263154687929	-1.1665566965422969	-0.24288325739537905	-0.5813496012955749	-0.34524747169730624	0.4527129499481641	0.11391538587331601	-0.40503956832897037	-0.06394383307428755	0.3519591433936401	0.03304903348617634	0.8697645355533652	0.45798593699088164	0.6518201704826971	-0.031179177012317462	0.30720785442713644	1.1282144716007485	-0.9100209200007567	-0.8286131937174607	0.5256180377889763	-0.4304850384256838	-0.3213178432434765	0.08465453860344783	0.3832467075995391	-0.15712114920894638	-0.43083702563527654	-0.3635341919222221	-0.1686974447544186	-0.3182352333882821	0.5884808069567374	-0.12107797606866114	-0.2677617961745227	-0.5022327263031223	-0.1328696328134848	0.21088103857752347	-0.3445887010520731	-0.034617011205051514	0.049355739159306404	0.8326260564011536	0.10339962995852513	0.1158945330961964	-0.05144395016601169	0.43601875281215896	-0.3781918820622371	-0.26158318723888085	-0.2641034434411249	0.6641445237807434
DTXSID3057806	11.056461136348451	-6.0803019983902535	-0.0652177268576893	3.015082600518374	3.4262081061857685	1.1805161956537795	7.104645832900374	4.67023838707978	2.46964496663523	6.223412516763714	6.250189493415463	5.230907077457148	0.6995033167222584	0.008879382305854822	1.735758585705716	0.6432222814614382	3.3623979022131407	-4.032885686129477	3.667611336006772	-3.0710298875018522	1.9931544857179588	-1.5990624980819477	2.996547747062088	-0.7412028919596692	-0.7418498523192179	2.105309134272129	-1.6380195474047008	-0.29456114380827164	-2.8790427979031947	0.6588248915771051	1.9505554038089992	1.7233140849638973	-1.876038630092584	0.1976910982953272	1.8312839798956084	2.1532387662730383	-0.9977529501828595	-0.16363637273967974	-0.958247166107155	-0.1177908780347791	1.0780608894939394	2.341680246996578	0.31739511375689217	0.681928016995255	0.44296670055322646	0.55364052805802	-1.736287136407388	-0.42973204643734625	-0.6368961753214044	-1.6969361792588555	-1.0249647764870689	-0.19118845409353977	-2.7169080787902424	-1.7846811547761556	1.0464704040869388	-1.717595229055479	2.3183924406190437	0.2534638663820378	1.4944903247673194	-0.6228773556509747	-0.3737919639174738	-2.6012791282865764	1.108375939281907	1.1522391264951604	1.94561465527611	-3.2833302406357396	0.02894732922648084	0.8893529472327178	0.20328208676601728	-0.3638284872089311	-0.21262387219818185	-2.906551249735414	0.42957715894828064	0.7653047258713374	-0.48894641375795195	-0.7972909781735206	-0.9448183561462152	0.7901448714756212	0.06586904434298275	-1.0139860055965113	2.408508779769899	-2.0039375949723808	1.0761603042455443	-4.371642153160238	-2.2693800768027117	1.5163211834608574	-0.5119184639174121	-1.5782159964562346	0.10982020410567345	-1.0440009306976619	1.7246417635401006	-0.4382653965482642	1.6407266152228233	0.3951397950061498	0.5566404013957251	2.586156482857342	-0.9827109122471062	-0.39204733684631626	0.49005103215140194	3.188891419408662
DTXSID0027933	6.956658611930305	0.01790393077452343	-1.9821164589666973	-3.877463980833956	7.887217758332084	2.6035073938335667	-0.054466876397278936	-4.578585848360713	1.1298672190309929	-0.6364215107550505	0.6639165859846623	2.196826525153071	-0.8264960270045222	1.291039659673847	-0.155894388538212	1.6256817879303853	2.5357021061606044	2.310077369052899	-0.4383007211962067	1.1316657438939415	0.7587320118383628	1.5420719635286213	0.21431262571249554	0.246531386663414	2.033692325883732	0.20150836546908318	-0.8930330040339733	1.534610752173452	0.010311990132089107	-1.802989760481444	-1.6464682651418983	-0.3256897166665943	1.4480686502898903	0.8376625043818936	1.5156198069483435	-0.9095877667970074	-0.3610768017563267	-0.9085694137453696	0.3317601059474749	-1.1955948602615514	0.4346074364577278	-0.9124172431297886	-0.22480046024780462	-0.30227857862070007	0.3474834591015917	-0.399567487907424	1.0567898895034984	0.9643956606019215	0.1603591209962367	0.9626175907621218	-1.0458546116136342	1.170369024045651	0.005345074410756648	-0.7495278392243615	-0.448532622479463	0.49494091268655405	0.28919427593071245	0.8142774694091782	0.43178125690816893	0.13959123940095144	0.6306181800089841	0.07409368845425386	-0.4291731007578945	-0.7956804879928104	-1.138928937502442	-0.24593378998706436	-1.3972491042702353	-1.535641202288206	-0.8644346752571155	-0.8191604915924063	-0.19684959403619318	-1.1776260834604328	0.22723658004077565	0.10491706981893364	0.7189348988764632	0.11791557084118924	0.24387236904010456	0.7186874807977839	-0.008600870996244472	1.2365727965063047	0.5472376265841131	0.24267724533650617	-0.4160585294463782	0.5598578767476088	0.6238045839561784	-0.20853999974063087	0.4239865480643354	-0.3442710367699099	0.26829628496814384	-0.4697583608381081	0.05109322892964321	-0.5175654498027971	-0.6095513589259899	-0.21306671740670127	0.10154278486568326	0.5989895610730737	-0.2195655864102389	0.39460532108885393	-0.25536267507446553	-0.8671006880756612
DTXSID2045654	-2.712097370247237	-1.3919102090156328	-1.957964697079615	4.220372425431711	-2.099628957131168	2.7195277475517665	-1.8067947089826175	0.9805935792764648	0.5348804369654778	-1.1728634163289893	-1.4332028027602663	-0.19551524048650032	-0.14268041520220137	0.11577653009561249	-0.4903616409778891	0.26013146474004717	-1.5637165434261469	0.9529045671639348	0.3204928330686935	0.34780944960749033	-0.8512116063651909	-0.28328155726576354	-0.7854013955242035	-0.795278510299836	0.43106461978749	-1.1759552650577136	-0.46242922131856984	-1.2582303233106806	0.44209443446538876	0.2553707398773762	-0.8994428223476381	0.24776680000249773	1.3691625681936417	-0.8575844824285725	0.49453909998375606	0.13069199047715765	0.8697225506413185	0.48197933371640145	-0.5628472995870277	0.9610235056980454	-0.3017798955987425	-0.2632579427455357	-0.35323034816016785	0.45856979476518483	-0.7945069836060219	-1.049231368278931	-0.14157481983607229	-0.13633396561253816	0.23330124502144867	0.33476159464794486	-1.0140617040497903	-0.5412816426455505	1.6587178568438825	0.3450713814055077	-0.25385693849674146	-0.0900470392464149	-0.3032234308671238	0.6515306351473885	-1.1828657291958309	-0.6532418589446817	-0.426768057781726	0.018911533109006153	-1.7135073553740856	0.08612398733929931	0.27281067056915825	-1.5065342206279828	1.219990060483603	-0.28339467635828286	0.8113484257816465	1.0549536919253208	-0.5385821418329204	0.4874737161824606	-1.8051158576858122	0.8649874637858234	0.031630542812663955	1.3052679826462135	-0.9651380079668211	-0.5684416168880008	-0.4429040539476303	0.5351606036060581	0.043754638333709385	-1.5314252723713304	-1.6310947456192642	0.356819597590953	-0.22894576577021583	0.8294050620295095	0.01719495532554652	0.7837832744431599	1.060699356558103	-0.5742701648272868	0.4560760301273262	0.05713866344458353	-0.27431461150566466	0.37581581757423554	-0.6023387016675127	-0.3866858911604454	-0.0519423401498945	0.5923985645240925	-1.7772640452858939	0.35843273309097606
DTXSID7057787	-0.1969711309170917	-1.2527839862542232	-2.6175019594528757	1.907302474644934	0.6223096329699848	-0.06721407863451026	0.10354292440345252	-2.005170264594163	2.548718027452571	-0.3168957070128406	3.076432134720046	1.8160819055599462	-0.4290480052984791	-0.32687205094595867	-2.4008755869998133	-1.731114749895471	0.6566368476080017	-2.4422681938690234	-0.35541515703439674	2.25464015377517	-0.7436412030492678	0.026146817914124303	3.0313009573707244	-2.403183789899305	1.2024197788273145	0.30755567004227613	-1.5153157588936852	-0.6552954144039969	0.6783605092454871	1.6750315880576396	0.17082050158445145	2.8801091942765016	0.4496922238243859	-0.2312537275584189	-0.6871736115722678	-0.4448516973755518	-1.214904471031456	-0.1455324149140108	0.06197066288867535	-0.5777388017148324	2.172177969812735	-2.060174334209952	-1.477826914940042	2.4024820897157375	-0.11805161754729034	-0.026285369143367734	0.20152878523195258	-1.550359430688174	-1.130855383565088	0.5295643071500378	-1.335129017505304	0.10495026472973118	-1.484050293173635	1.0898970081548407	0.3650110575873207	-0.7639225036183263	1.060121696320689	-0.06170258997285971	0.0887502990308866	-0.10545512903794839	-1.7323057441181136	-0.16947061938406804	0.9599591034514807	1.167311701911811	-0.08647627911727265	-0.6226252414175782	-0.5119027240849133	0.3542988630504122	-0.2050369430952464	-0.6805229110806801	-0.43199408228658864	-0.2727367536190055	0.8906198367228471	0.44759812722644465	-0.5519932484586985	-0.20742116527427762	-0.4615388777857272	-0.2264510630454962	-0.37148203671410124	-0.01565003525346616	0.867701662938822	-0.24873651699325222	0.04912609834216967	0.24753927485926155	-0.43669848986920756	0.21569139716192265	0.3895239581798982	-0.004774990413281199	-0.11508865149106134	0.4048523991760532	-0.000824459004640627	0.13583512263750522	0.030204527887342843	0.1703055560979228	-0.5902443030517744	-0.315147582477452	-0.08712322831465331	0.09897556088694924	0.2901259255579034	-0.16897717033035412
DTXSID8040727	2.0404863746921484	-3.0282026184170046	1.4535096572293418	-1.4210810348541805	-2.2327337992100347	-2.820115110882182	1.5665441938953042	-0.048633244074203295	1.7943691762980603	-4.2494978480001695	-1.975661439338322	1.6162324557925747	1.2610382888038623	-2.2972586975654523	-1.0157773277432827	0.28177402178913635	1.45705151103436	-0.6802293066828957	0.7754537480879403	2.2958334557704503	-0.204670343159489	1.4534421066807155	-0.2079473160769068	-0.14870114767661602	-0.5186283619463877	-0.6673492226247435	-1.8925468058312513	-1.0035390349518896	0.7023283560020933	0.4451139501267706	-0.2316822810051354	0.0394023224998197	0.08583916099370112	0.2650100021001278	-0.5261688638573123	-0.08974245905579499	-0.4442043533359358	-0.946654704992462	-0.08297477572347355	0.17792482445811525	0.06673724674389969	-1.0663405426225414	-0.5308393911460979	0.6943439771862441	-0.000480277790102272	0.17022652401413313	-0.6003430543057888	-0.12668059612690036	-1.2068825560029657	0.12783127730373756	-0.275147662614538	0.8752878129566907	1.5315206128587342	0.62859458447871	0.28221032425251674	0.3857155925894744	-0.2826987535194011	1.2825237273550156	-0.5298819836407627	0.7962881282227393	-0.5464433829899403	0.02370519807427224	0.11657373229126337	0.5376021148484235	0.2136450726271438	-0.6708428489995706	0.6479743230802278	-0.7174143015323375	-0.3646927270435068	0.314485049983981	0.835379313420068	1.1478935306925107	0.05241709777842279	1.0870897440900955	0.18325092525448042	0.02375628895787412	-0.3772960138638729	-0.44371995773539985	-0.538861432908081	-0.49437674988952957	-1.317174225135593	0.6491566545892961	0.6866976120665231	-0.9773385616708822	-0.38514379632830614	-0.3923781537672251	0.1368348480747492	-0.4765756484961902	0.22949343985712944	0.17273868977239748	-0.4880153208908348	-0.3055107070412874	0.6855624143361039	-0.019884887126846454	0.22211550538385924	-0.2584703174515011	0.2623523579565984	-0.002915366699206253	0.01308685880714021	0.5795371058487813
DTXSID3020673	24.969425350739822	-10.987228676965355	2.24631520734355	1.5060475094417558	5.1075860647369895	-1.6302782464082446	-7.022278039848127	-0.2239757879671889	4.553584207885758	-2.3832406203689303	3.8834414918900637	-0.9641593411562943	-1.0752531486956056	-6.4225626760215695	-2.0737707134925407	0.02620302353866724	-4.296101076474052	-2.901373474736781	1.6013218137331326	3.8638844688906495	-1.2271457992894628	2.4023934962031563	-0.8920827471693555	1.0918077845160878	2.8962431515546463	-1.3743656362229482	-0.03466897749167547	2.4275240230097688	4.467690466296478	4.970621550782813	0.20893233699917868	1.3189598451273543	1.3013465266123327	-0.9821541988253444	1.162762360256369	1.0270908638460765	-0.9511051177159618	-1.983230489311632	0.13928560502333107	-0.8663460953090368	0.36145403637878276	-1.3707316280825004	0.4111372375610283	1.2615731581951373	-0.7395942209277715	0.4479933280942851	2.5400474634630408	-1.3834366085206498	-0.9893140082447851	-0.6291698665814301	0.3258589178059359	0.3572277926324342	1.3746888581984837	-1.378720414687695	0.07601383991434607	2.471047294720089	-0.4614596095517058	-0.9229756423852252	-2.5746284243982913	0.8503414868553119	2.6442516398126914	-0.3798724610088398	-2.437630384342546	-1.6982845191818303	1.721151084467059	-2.151382882813665	0.8228379251548986	0.5570789642132391	-2.61481374852146	4.148198933679792	-0.1743495671525647	2.0161258867642413	-0.5902810910391257	2.694347316650938	-0.9334211137411857	-2.98610332899464	3.099978290398436	-3.456471862060773	-0.6373254693482717	2.5304626531539345	-1.6617458391132804	-0.6303833823935129	-2.0310950126047076	-4.22650208575884	-0.41374791572447434	-1.4504114913075856	-5.1689911359032275	-1.5912648434395003	0.6417689054184859	-0.9458350044374696	1.1795172360058854	1.3249905633502042	-0.7610013777246917	0.8301843106246151	2.6514210435605077	-0.500286702014301	-2.2734144882704808	1.592267476558042	-0.6499524195114231	1.5463769590930754
DTXSID1024835	-6.744881274933179	1.4760687986465493	0.5552643820725542	0.10210740726656922	-0.3567170242994492	1.0898081587268795	0.6805700746273194	-2.420485761617749	0.6868354356893664	-0.48778450971439213	-0.5116896027181068	0.3017000714749646	2.8949550744475214	0.390633232301545	0.36553641548297355	-0.08285500795018091	-0.5794461568365337	1.1422825514916464	0.6788042131301109	0.6166420576219986	-0.24742963488156489	0.7688186236042549	-1.7343274643040336	-0.7309972048510711	1.8281811726967017	-0.4024025199004363	-0.267894857597797	1.1411249021447878	-0.8355463627785393	2.927826895398154	2.0773286227411325	2.882374134402262	1.5819746868267246	-2.51632259855617	0.11040611364592874	-2.5036381131500614	0.7479549703755416	-3.048454855344791	-4.107162029254946	-1.9437200401969519	-1.9250612045232556	3.478311253124964	1.7624783617625257	-3.375504955934773	-2.0322260700142634	3.190497776951933	-3.875998128320581	-1.626955350270692	1.8373687092224391	2.3522605811774784	-1.033458317617777	1.5245809620605952	0.006364432055396211	2.4575499909075407	-0.7913946022941802	1.0116743616586084	0.9649642772043254	-0.7604539964388771	-0.435182338586773	-1.7928949729754242	-1.5422502907394289	-0.0754013265374249	0.6578421811526667	0.7912755538218402	-0.31941428751769985	0.7536201663369206	0.8137129257145418	0.07733799654485629	-0.2345971561452877	-0.6544537679003631	-0.2684826387639826	0.2747048331202692	-0.13410492841103952	0.18827220894771685	-0.30783645225265105	-0.07542900746020001	0.7450575789331347	-0.4759506468028844	-0.24322289281932807	-0.10245748320797518	-0.3797933895011479	-0.5033391461684571	0.019332061268641215	-0.40568441061953475	-0.6008180953515483	-0.24866051936206868	0.2198227308686871	0.18537152080649857	0.6754110601372251	0.44494391482820905	-0.1251470922896713	-0.5188621838631803	-0.014207628797853984	-0.28036160996031073	0.31064441715376606	-0.09803797541090956	-0.10333474135894631	0.2826520131359951	0.05859927127285618	0.07096262088332511
DTXSID8051708	-6.601472105455383	0.2277994758150641	-0.1265913224762926	-1.1877811504280285	-2.102627992417132	-1.8282146567651538	-0.28855850761204405	-1.1028248089976074	-0.07432661162384681	0.618004409155525	-0.6287490393600451	1.4315549190791836	0.6525311820039293	1.6666818803432653	2.861889364910771	1.3195734559916437	-1.9494739134286718	0.06170224312268922	-0.6500529034643903	-1.65434794794798	0.7152928472213185	1.6268190108401233	1.770612491175944	-1.8516620757625981	-0.6683667548208061	-1.0055722908973461	0.12035901261437443	1.1409393480538823	0.2711604756916747	0.22516969039240173	-0.03634136587029453	0.32392216217632586	-0.07631979235514644	0.7477219141247347	0.2971151986456171	0.5993677959354138	-0.9246182634909011	0.39476760165039065	-0.5453341859470596	-0.5121377882378648	0.10916827749987443	-0.3500134997469386	-0.02832251718311324	-0.5991082925238959	0.7663032518469922	0.3713907820299942	0.08392951547545242	-0.7361214079541755	-0.30511503698552267	-0.15266547647533069	0.5604298448214311	-1.1062083865870702	-0.3887070092590624	0.3032952818495423	-1.218396487764877	-0.0029975306747721496	-0.06099375274246046	-0.08543762583067309	0.1385285943830854	0.43194301580774236	-0.12620447530482784	0.6636673596778097	0.07940883481635731	0.32085447330839073	-0.38241520944719637	-0.09183392008953131	0.07840962182259956	-0.7401395016368376	-0.09679935487244859	0.5914837334613015	-0.24079834354823146	0.17891000323816988	0.1830533664035219	0.3463961599277413	0.2952910529274955	0.005456988315132243	0.27457812387593655	0.14093440056890055	-0.08863452576323526	0.2734578833545482	-0.23453674055825732	-0.3255296586434787	0.028427827820324016	0.0010098815730126053	0.3330947552728008	0.045964664846559186	0.15648916242317523	0.16859430098760803	0.20598577183323014	-0.18733811452408786	0.13664426635189117	0.05433731113756726	0.06953833199908738	0.24558485589962173	-0.23454635608887325	0.20056369425366466	0.25162958378642875	0.08054044191510497	-0.001378038636833707	0.13423386730763195
DTXSID5027140	7.491227692266161	-13.137834304993168	-11.899865114525376	2.6582997396508654	-3.781814797474026	-1.9958778144160518	-13.44190913417142	-14.151685274791484	-1.2850132836929984	-6.9184628467068965	-12.590746770947751	21.708735398115387	-6.563687082106877	-6.085162309398963	2.229961814537927	-5.578897618365101	-5.046286899120732	-8.992921666698294	-0.2960213360728687	7.14871382825133	-5.790351740974025	-0.6481797369147336	-5.259325197328534	2.1835101258778047	-2.632457289735364	8.917993920640482	3.269656989133106	4.525554088919951	-6.5527222740265465	-2.564136461226136	0.39990565650179594	-1.6050014184826555	-4.260743792042646	1.4989298758555798	-3.2581724199846067	0.6669725265889275	3.6162196249773606	2.1071962850686137	-2.767901657298072	3.4227504069378623	-4.587330086312566	1.7364392647738176	0.47030463182576604	-1.0600754154958878	-0.13440645110654353	0.32376103137846407	-1.1714483095390014	1.0928970591030323	2.0341106796830135	-2.203890786523415	-5.082173505375806	-1.5248922895294506	3.974134537101254	0.9241188303496931	2.2031382045002688	-1.855052605681991	-0.497065331724324	4.443548836601598	-2.2355081281908213	0.38099526186024074	0.3165268610077348	-0.5342939494358647	-2.543335277339017	1.2752089241118147	-2.0730857337290387	0.2529352189188335	-1.8467940119149562	2.834235675446538	-2.6703841360577925	3.1940602601469776	-1.0369432924630388	1.133856631769373	-6.960214129047362	-1.4042764685775029	-1.3987252863568171	-2.3166054751855305	2.8573919338778264	0.6072995257167663	1.8670970956504216	0.20802338501586976	4.134527488265897	1.5285383231744707	0.6657748417459918	-2.724066525892359	3.242489225573321	-2.4917725281245544	-4.121419371528565	4.9097483042588435	-0.4420430664282523	0.7100753947408455	-3.776550818744228	6.571463644718524	3.557527167442334	2.705659404484179	-8.21180520252717	-0.2757663207678977	-5.3803712212939825	-3.4962474011298306	4.145979682984401	-3.7705209073805563
DTXSID3024316	-1.1359394849989426	-0.6205885666335941	-4.855729568282602	-0.1659245502644447	-2.0967866778350066	1.4831542969556482	3.1737884357684747	1.9873821561717777	-1.5084477774197975	-3.321594419172256	-0.8354523050980359	-0.6080901348126524	0.7500869237727481	-1.4328206259687193	-0.3864933753073193	-0.5113504868280323	1.5379808855447425	-0.02404074699761036	0.4439513982881193	-0.7552094186340764	0.6853196908912655	-0.8698275980085256	-1.0807470542553406	0.27584833672888714	-0.866034666179245	-0.46769353007344827	0.7417058694322972	0.3245903755528703	0.3794583154016967	-0.42922135360095054	-0.43726166539972655	0.3264261034253887	-0.5693177338275036	0.6772559519083139	0.2146064552431954	-0.11232261878142756	-0.919866517507918	-1.2488321623282368	0.3947400703785574	-1.0533093398462863	0.05773389614978513	-0.7790389989999255	0.1592524319026884	-0.04804456324045889	-0.20255940202354977	-0.6601395172918924	0.2667157503484043	0.4004685035768854	-1.8198096989691273	0.6659950033972489	1.5640914714571883	0.7984214322643218	-0.8799074393091116	-0.9760289202137897	-0.4957416619225785	-0.0507978432432652	-1.0097465241404013	-1.8010101711510043	0.7789771215295189	-0.8590875582389877	-1.2869106961027432	-0.2720327397374754	0.5380737585156204	-0.3131985230874708	-1.282999812656666	-0.9189492450440886	0.12547371715301184	0.5850315826398841	0.538753403217795	-0.22089221741843484	0.8711326695554364	-0.20154106077404899	-0.7393241295350765	-0.038189068488118226	-0.6011263977543322	0.43567016303657585	-0.06165933692526679	0.5522582857284448	-0.4681811586431221	-0.47715747737974873	-1.7417337881405561	-0.6283333809867361	1.0397720467618976	-0.5292192981327797	0.5175821140170763	0.8273971135918355	0.23348380898883142	0.3488511725480824	0.16263127295147334	0.5080326002419278	0.21868378068777514	0.4331375476991748	-0.42349680868050055	-0.5351286073133875	0.22429024670900755	-0.3277043806469994	-0.578911944949915	-0.4603641083092955	0.24168983356870544	-1.0252450045655095
DTXSID0051493	-7.694090350619817	-0.8930117821079332	-1.1667439868485576	2.1184883223882096	-2.5348933596177443	1.1858533431046097	0.04278291615411056	5.787080664543034	0.5577690858042089	-0.6650942894440577	-0.6842916059516784	1.9482134550123986	0.29763175389924645	2.3476523869845978	-1.6825344012956096	1.2420101211847514	-0.43666545964163506	0.4004114105184435	1.7503355260884292	0.5374793029944401	0.10141388525681619	1.4073679812876734	-1.4819526162592693	-0.6632766267462855	2.5505373929214445	0.43234816309955254	1.5984560468571882	-0.1207662520332	0.09459659948648087	0.4657126554560975	-1.8565197474698527	0.30880783336087475	0.04763485587841799	-1.0778681364980436	-0.17225492957863925	-0.42021178146339283	0.03963032543217804	-0.043735069429570984	-0.4190021875371347	0.2425047615112141	0.4578431051484396	-0.7519398296961051	-1.1962958296632344	2.3906617280656146	-0.5422879954852446	0.9602071892750677	-1.4903722631707228	3.4650552104862453	1.5562730142119772	0.34457654205068977	0.7704191015024026	-0.14273841445326088	-0.19913717655225782	-2.3304173773268753	-1.762625161035484	1.8592881284503726	0.4035979280638816	0.9724174113084204	-1.1757519291245921	1.425672117217637	-1.2896083093092225	0.6154356537070483	-0.23558668259868903	0.63604406617948	-0.623961730032779	-0.49476465051337953	-1.452123172499458	0.6393251949331489	-0.1705174781982486	0.9745438556804069	0.7203935289571195	0.8373682689078543	-0.24311459175001274	0.0329985811343231	-0.1464057615655993	-1.113064947665376	-1.2264308647495579	0.5886998646533877	0.5668967652823299	-0.5651637689194645	-1.077018787485819	0.1843101565351043	0.19747618507798195	0.262058989405283	-0.9327357828547445	-0.1460172218787699	-0.6192442461155185	0.2518032903088912	0.1386303318306822	-0.16948356877751383	0.13844761445547682	-0.48162266833502665	0.11762987682197852	-0.193860800215205	0.40270404073462535	-0.1295913785047216	0.08664105753714421	-0.2646220297944297	0.23626919864107554	-0.09596558786223053
DTXSID50379930	5.862821765308506	-12.569974629518486	-10.886317429874456	3.733935155601809	-3.0960759450437685	-0.7644061130074681	-12.270836103590558	-12.36844669447051	-2.0523416772572216	-6.437714373818616	-12.729515936355135	21.695140880395577	-5.443116484704033	-4.0880299904559205	2.297816116122866	-4.932204810612351	-2.9688081351645885	-8.961300050471207	-0.5149906299099696	6.017778571935288	-5.752155218543987	-0.404606733470077	-4.766447469426293	3.1798621118835575	-2.5791222284298625	8.583313718966549	3.274652497835504	3.878542489909099	-6.828287290290759	-3.107670002836897	-0.2642363999173029	-1.8220200767197279	-4.8444918958446275	1.1881835689480815	-3.149364187413052	0.7095874087846619	2.9641780613578015	1.343397728837436	-3.076528484168934	3.209585337715377	-4.545192628165989	2.002004784079305	0.520967694114334	-0.307861173333422	-0.05889277394534894	0.09583932822796501	-1.0295855047081934	1.4498591597150414	1.4234418745272308	-1.5164750586781446	-4.4976232732423505	-1.3981046725320132	4.323150529791604	1.5141400644030165	2.5683453970377386	-1.729502016894314	-0.8763597979084972	4.865510207640025	-1.1646023305282762	0.09261790129072903	-0.31609447941321844	-0.8068375708698803	-3.137136305237326	2.1965607600233126	-2.7069501392831	0.6435760193283978	-1.391957456130722	1.9470844006794659	-3.20657765075734	2.430761205584134	-0.4775904481946442	0.9680096289760379	-7.470500495819079	-1.93664132627941	-0.31012513061007096	-2.785060062843885	2.226400665444121	1.339379973606281	1.9250972751907525	0.655287315118769	3.497403975565011	0.8931053200300589	2.1443055751308453	-1.7354620495640407	3.2993381357288207	-3.2145468687946734	-4.258387955463339	6.249932089531571	-0.26400012254391086	-0.23472436004920622	-4.293246926538284	6.675034563797522	4.250225236176321	2.680978131753471	-9.657657941688745	0.345579016387394	-4.539101714141259	-4.122457886440796	4.295016121831154	-4.117085641809006
DTXSID1040792	-2.4195627065936933	0.49341431163551913	-2.2840583817398037	3.16124579771826	-1.0583080603228419	-4.160280516786408	1.023281626520752	2.6199988016481512	-0.7482279104545224	-0.6642514103876963	-1.1619419522543457	0.35270311245449687	0.6250764147414808	0.3123903336893797	-1.3540806589147927	1.0110677069623442	1.194013631827811	0.8472914361116702	-0.6098513165198329	-1.5466503274225467	-0.42129477424271844	1.58613259766767	-1.3846399469161508	0.1793820326978141	1.7638441943157914	1.9396083856272088	0.626676558420575	-1.5806340604522282	0.2851972353800859	-1.1383159760859027	1.2237522149757438	-0.26715685020853763	0.47553724243580536	-1.266397277959868	-0.10103873230953825	0.02685168360125303	-0.40026752401788057	0.9169367655213262	-1.5029079663757707	-0.6044377704404681	1.1066518045111715	-0.6878714900783612	-2.2342056339290894	2.68469498712647	-0.45968098260486606	2.3324748774563733	-1.5774980735120212	2.6123310030152114	1.876127065976101	0.4805843647785377	0.02084762673532261	-0.34778877974614414	-2.641451000712626	-2.6773881956967034	-2.5812614361450406	0.8151777724050244	-1.1634022399648762	1.1559792080766282	-0.16904173932938948	1.9726039248922334	-1.3105311006692233	0.3401606818231262	0.18868808547628393	-0.051532547656166175	0.4970158749934606	1.1095671656798491	0.09402676659214473	-0.9621684228907088	1.1192756205532175	1.547609914908104	-0.564711297327204	0.17406973701379605	0.027071683714609836	0.38917119833899894	-1.6279422782665571	0.9060342342717933	-0.3072610312755585	-0.8331305449481362	-0.5800160019205636	-0.563802147129694	-1.2111265588868125	-0.7166681335083184	0.8355805508774108	-0.3907173996311462	-0.10442943536991142	-0.1396405577067028	-0.5165784293332151	0.44036336653018154	0.08323273155263324	0.3355881649520928	0.8818335298755909	0.5914261668018235	1.1725316240076595	-0.6026072203263763	0.4354958489373968	0.21495162806463813	-0.129321593234358	-0.31225753824272423	0.014792328965420447	0.43525255304647986
DTXSID9046158	-0.24978634215162912	-1.250776954372091	1.114727055299758	-0.5144313983380366	-0.19934375230040244	-0.9906844868792082	0.5354341976940005	0.5390356237338539	0.12195687449169437	-3.2343153963786038	-1.6745371133269997	-2.4192488071977207	0.6217999869145365	4.441453862487926	-0.6619089540506001	-2.0773240921171157	-1.1540222950996386	0.5411156886998512	2.660247058842687	0.0618759908696821	-0.184625271196585	-0.14787253568702596	-0.6247820951527665	-0.5046788273681507	-0.622614438286029	0.2620594728288976	0.853507708153838	0.07699035735714999	-0.08369938514686123	-1.2462129500073758	0.5362966369169367	-0.17304366567120186	-0.8164690312371748	0.07755406675215198	-0.6933516770098644	1.0823807951659472	-0.718839519986704	1.9329473079246162	-1.6595612465929934	0.47760594411976565	0.16352948219765995	0.15416974183225807	-0.9627363860637742	-0.23456712062359808	0.3355453438706436	0.741103321288568	-0.15730461960501763	-1.5831929695400302	-0.3967535035500944	0.30940677650834975	-0.45284571118092976	-0.39163830037599584	-0.31116847020568533	-0.142728016163549	-0.15973003849843817	0.018188353006953446	0.10497374808881166	-0.4358362416928766	-0.5641555595417876	0.11741298225357025	0.30642559531355607	-1.3923790660915067	0.25504177896337044	0.22236402092154806	0.10354336175985454	0.9685505453008303	0.30786335784556085	-0.5373391416924561	0.3252082839347264	-0.7234320117671607	-0.9954605841134608	0.06043829805064847	-0.09363736357558299	-0.3961823052267781	-0.10549501537451812	0.656962411392245	0.7310746888589766	-0.37739322448008117	0.5950760778137963	0.1799445632571438	0.15003276951013939	0.650540357213197	0.3184327204884146	-0.25087657586986595	0.4527649520532608	0.2907090999793324	1.0122436952361116	-0.38262847890861956	0.4924520319290648	-0.017110782356354298	-0.29700826814426395	0.3151546417816665	-0.19638056571022547	0.7031380177625003	-0.8480197063396807	0.5651514611395728	0.3612534622193992	-0.5565614717234372	-0.12826745091322705	0.28455728591795654
DTXSID6020220	-4.860583242479288	0.8766578991045982	2.2347864849297947	3.5035616463677353	0.8420608372968883	-2.05548203855762	1.366479120906279	-1.1983313653215164	-1.102020850310586	-0.30190923113896967	0.8178208719319625	-0.1230056714596777	-1.6703034361448412	-0.9635159746945661	0.27742870638662953	0.09551780204715134	-0.18124402429858819	-0.05197281072725048	-0.4175510563533868	-0.2466851062793489	-0.893284465292672	-0.15252340479489612	-1.1197475856302774	0.6468028035499039	-0.36016568201569277	0.1559116467420197	0.6012460500939739	-0.3956750447685291	-0.06767369155772034	-0.39277197746432524	-0.36971334217504004	0.5699720678867943	-0.20680633827916983	-0.3302124895622529	0.20671152417734684	-0.20358942858440346	-0.2677561327011308	-0.04082302477780433	-0.030642940082388243	0.17191596177502508	-0.05715805239465606	-0.1837591970021859	0.28790913324262163	-0.10654705832992553	0.22617597896805725	-0.3934624662166324	-0.056392646570752394	0.13614000786238403	-0.11848967881429343	0.24097878866872657	0.126351997349145	-0.5624360961278978	0.008068019958117323	-0.08628799178619832	0.001563948414934259	-0.2951342366770098	-0.4114346212334495	-0.5991393655031779	-0.8795179038090798	-0.019150568501412106	-0.32723442697550265	0.009432348525695891	0.1086503358711277	-0.11021419251925205	-0.0742538673516593	0.15007889719386164	-0.10502481884891239	0.12244906245575884	-0.008797972882754707	0.0747024852354385	0.15075468560817556	-0.12075684849799591	0.4005129539911998	0.059961668113626396	0.24854558990120373	-0.34576358289332876	0.3489184191719382	0.2688544676737972	-0.7158768799271646	-0.26327355912349987	0.03678711616594799	0.4815814263965335	0.09650314046131019	-0.22881527196841464	0.13357557415048749	-0.040242063592148096	0.09841976633213854	-0.08063194060822204	-0.22084061448655298	0.054637978339361695	-0.019935291191405656	0.09834637405450944	-0.12423064007441745	-0.3407219018680943	0.34384957394810156	-0.271961065114835	0.013326177485422525	-0.13990780843680964	0.09605179373382877	-0.01203315747847141
DTXSID7037185	11.624686556984882	-3.2820425905885595	1.3933095424241109	-5.902821555174586	3.110423155075934	0.6147652983719449	-1.046775593746236	0.8310753702483475	0.04766110143698611	0.5661159894982177	-0.37880973055262573	-1.8313747287663675	0.02348951336235216	-0.9994408826892514	0.057120135140515324	-4.486826957276084	-0.8780057340496827	2.9829528897508406	-1.0486069500311068	-4.130815691123834	1.4787490375161478	2.511340267565602	0.6210724201340182	0.7473016607670567	2.986809738983511	0.40602881511831956	2.663958181939049	-3.3011987294419045	-2.126788784965133	-0.6386581466037722	2.2910946169644135	2.4922845952068857	-0.5041988527991325	-0.6135880409415126	-0.0936106268693003	-1.2114143942254603	2.0707964191954793	-1.171589449423538	0.6631018867081797	0.6766790821723827	0.564125335727253	1.4645156235997703	1.208483812998249	-0.31145000076158624	1.1198118212984653	0.8156098942791299	1.4313938049588826	0.980100679367405	-1.048234608300864	-2.580112214754263	0.6343206585559078	-1.2583685791560315	1.5265850088399462	1.7131181620477798	-1.2911561155956712	0.40534848253617517	0.24698273997939893	-2.8841058757897966	2.308319694314092	0.9268687133403348	-0.9689930418107652	-2.1544518348498056	-1.687835535302747	-2.763635858590708	3.369252743571005	-1.854593448998957	-5.845582719771991	0.9420589980113714	-1.8831595635041012	-2.301914415847763	-0.33383544948836263	2.868126630295854	2.6831650930556727	-2.326396558527805	1.532490074172769	2.12576032777749	-3.422213586470271	-2.617132289626224	-1.4942226674852295	0.14726101462275484	0.22990049700680787	0.30956824704140457	-1.5062694504676346	-3.268961147538335	0.48229533242506684	0.7465119673359978	1.192372541347049	0.991657070750361	-0.13975909313881044	-0.03280817107420166	0.06673609800728329	1.1495153739798065	0.7220896672013224	-0.4349814000018187	-0.9573652504896977	-0.46040089403344625	-0.3425154994678126	1.3410400655482062	-0.2655190243045427	-0.7770528428755528
DTXSID2027759	-7.124211726845673	2.619750616765554	-1.7621325516113002	1.250595976910258	-1.211911920347911	-1.4084160241823276	-0.05076811800954295	0.5630989952767416	0.814870090026613	-0.812006307024499	-0.1979724441114963	2.9074064463561005	-0.31706050484250375	2.069043550666693	2.965087178834014	1.937177357721539	-2.9718599235729615	0.0898227468700297	-0.75436041300009	-1.6372225779934868	-0.1764056360054621	1.0758781213137143	0.8662682352847864	-1.6233722876650596	-1.2078909504459037	-1.925011623926004	-0.02378012561935165	-0.10509842540988734	0.0764561507629397	-0.39518256320729345	-0.44279060085632704	0.654699950980706	-0.8005402019307778	-0.19206604549714443	0.553812396619888	1.2757327155467848	-0.4769051794297074	0.006244481669554498	-0.22227943378559345	-0.517987820118333	-0.1972498291741183	-0.6678092460712287	0.2766153242151969	-0.14440176818120873	0.48059855560179277	-0.31990794482417606	-0.11737583705399945	0.03315922256389637	-0.42523385424203897	0.06415021739347715	1.09279920474882	-0.4948452078798493	-0.21341759877248112	0.1309507214624888	-1.4988649693168006	-0.6394892655453766	-0.3685607305065093	-1.1636376915908002	-0.4308203151964477	-0.04591854625865143	-1.183091928195935	0.2751305141786015	-0.40968949304686975	0.5288348071400651	-0.25027282711454485	-0.043414316985213565	0.10690274821965597	0.09082479246124912	-0.16711101971680165	0.789453031528452	-0.2750836118532874	-0.4232839288236801	0.35757266756706996	-0.130236425714058	0.12829895456164855	-0.3727968125253514	-0.08933051512464221	-0.025338724658360574	-0.49545413412281486	0.13971645367413849	-0.25744932116488684	-0.2342282199087557	0.006860278287234063	0.22138320161934585	-0.08632694250527552	-0.5295993410518134	-0.03874415911650274	0.7379141692709279	-0.4445053844207641	-0.24935167775357656	0.08862817211080948	-0.12211957336121622	-0.11258280384576415	-0.19553071456650462	-0.7837438415990964	0.38017083204946606	-0.05022549051099116	0.30941413354673525	-1.131711159761726	-0.049079090494636234
DTXSID6046264	-0.4846201519750393	-1.4225344693937054	-2.823987383841624	2.2631018706782218	-0.6015428130158131	2.536726705867554	1.231791531262647	-0.6418374598917016	1.2677731335256288	-0.9468920593062644	3.6547967703835824	0.4563594869955535	0.6516520803933297	0.6053994362901055	0.010814103346003325	-0.627936889820417	1.642711412585946	0.19071918974130578	0.10958875763379142	-0.1919517330916707	0.42821911552057235	-0.22292066774973282	0.8830888767426768	-0.5357078664653672	0.23573975794313973	0.19840949133150868	0.49580830035225465	1.0687456585814392	-0.5904943872072014	0.18344410421611243	0.13545868764097918	-0.5865413415926348	0.5243372013385531	0.560840454316396	0.010077810482494006	-0.5581776434638318	0.32577568485206887	-0.604858526818017	0.4073153628394241	-0.2275667609594318	0.43708280180390924	-0.3732777012377558	-0.44856932858327836	0.3740490454064681	0.3214271114600042	-0.7314196685560892	-0.09757370518846326	-1.472718841475527	0.19552975318159527	0.24391070760801598	-0.750255094157316	0.21309438674158607	-1.1269959878981273	-0.09898929937665223	-0.5088368661595544	-0.06108526994230245	-1.0097772663921294	0.5143163001407992	-0.175760571868072	-0.2469871992434465	-0.36812131586122293	-0.30290301977758827	0.21330816227403207	0.44408831569888524	-0.0378039066462696	0.1048394061224665	-0.31319753052654903	-0.41540545524193284	0.41707176233759485	0.7011877675668422	-0.2441043597588363	0.6969070842447269	0.3585815919083125	0.5165364352066435	-0.06970780484311294	-0.7312769176296098	-0.8217112449083681	0.4729410829941701	0.0927102124309147	-0.2941989360713012	-0.3326489790238687	-0.11516137024772055	0.03363815138248722	-0.22819587922683246	-0.23002200904709652	0.1607201772967805	-0.3298073344387416	-0.26903334353725766	-0.12654451657171803	0.18037443064800093	0.2879054357551421	0.24905265351134617	-0.05281653207117792	0.3119671376847116	-0.35543168785639395	-0.2771706434456767	-0.2978286736756886	0.032435613507827823	0.02929265681598687	-0.01027038377956018
DTXSID2029167	-7.507872211930102	0.7412358762012987	-5.866922600101696	2.8005129445799777	2.417861647229388	-0.6936605171739225	-2.0050549604902566	2.2504466378703087	-1.6278276732075814	0.5448519716080165	1.9560096157460842	-1.1774126725278367	3.8082211513698403	-1.7166127652302212	3.028489726444719	0.053193707141773246	-0.6957381239189616	-0.7603107873292131	1.4347283243853577	1.996788839098203	-1.159858955737733	1.6115479902862038	-0.5055511768608282	0.2213575631297341	0.37398268430898424	-0.5760003321356382	1.3417929641196173	-0.353915597158254	0.25787922034543	-0.35799822761484307	0.583055469424003	0.04616804309312174	-0.8758265867269663	-0.288889040354131	0.19031333742955672	0.5802881424590711	0.1537406858185561	0.09906397264078486	0.10520714281610426	-0.7294170070092824	0.1224656000130166	0.07505845449845361	0.07311412271109388	0.6859714288362503	0.5009651933366686	-0.1706496803514256	0.5310387698020961	-0.013743944045215083	0.15833106658557836	-0.6050485538811453	0.02335372413573336	-0.03937161498390946	-0.19417091479602003	0.2702870529822563	0.3338275487910799	0.5345985971899784	-0.13763413145078854	-0.591124072652351	-1.103612444937592	0.3509048207153514	-0.44060990066408284	-0.16491566111886438	-0.635354664441039	0.2648834469168442	-0.04242325869664027	-0.7044918033927594	-1.0182143540656523	-0.32779055600444107	-0.5251158712438031	0.3910654081593478	0.3527712234615958	-0.6433504092988876	0.026036418903395427	-0.6072632710777331	-0.06171401819168006	-0.5970165279262926	2.0030765148793015	-1.259286789148467	-0.9873894137522369	0.697743200415887	-0.19194769820117538	-1.294601823947036	0.054391761374340826	-0.18975676919400203	0.21890566391582164	-0.36136708582297594	-0.568068764334201	-0.151606777977874	-0.06080163383535527	0.18455424450182475	0.7026737732995593	0.2878871371734625	-0.05073605986745254	0.008154394223485168	0.033798224332421474	0.6098275909536048	0.12399856179828492	-0.18483353135914515	0.04447232323054876	0.40298599891852227
DTXSID4045896	15.048653762941814	9.226031047774898	-0.9847384616309187	3.963129728805646	-2.2945223160985644	-0.5896035934227384	-3.1317186859645867	-0.30725569985904544	0.7029580138475349	-0.45376950064893645	0.8764159514557366	0.31848962597404545	1.962616667845416	1.3607309131851109	-1.972762168573898	0.3629331384718527	1.5571898282014496	1.3352552823415704	-3.0414592669473954	-0.870114669675521	-0.6114105424636526	0.24535567472536302	-0.15094823336519012	0.10747893318144527	0.5706975111992324	0.29344210757204714	0.11690101390937402	1.2825519342716478	-0.6470323210383074	-0.6337516534991177	-0.7916509919519602	-0.6515747733985255	0.16048849876176388	1.0374442450414951	0.39535773064893776	-0.42460641692246853	0.4838335693400654	0.615242348719117	-0.17791804960522237	1.0818534253969256	0.6315708029682519	0.18514123448636444	-0.5369722802643262	-0.8912833906697744	0.14711920978998452	-0.11186766503288605	-1.2000336830931913	-0.17930661269800552	0.14677556096377464	0.3153431890638972	-1.2697050413243849	0.36929199869000257	-0.42156420162431923	0.06749162703150796	-0.548492823458522	-0.728430583778962	0.28871418188623266	-0.628639191666634	0.7841928619705922	0.7331130707018586	0.09729584733708786	0.15043956274498665	-0.35039246293134524	-0.46042856961997247	-0.6936745355926147	0.3208143523462086	-0.6528975195674803	-0.16591800376654312	1.0341437985581594	-0.05813593417403184	-0.9531963864662137	-0.3491053874988231	0.1518181889478095	0.1982671592279636	-1.0189423774409718	-0.10180818134831494	0.3851207634954339	-0.2243586758596956	-0.5026341272252716	0.13136645000607167	-0.050115191758602504	-0.7890037674569806	-0.04599085454746525	-0.25422423375987063	-0.8794166849055347	0.19748723271126756	-0.43457306487899505	0.11237480691728904	-0.15734909992567006	-0.3077062532960037	0.08815631690274717	1.0270757889903674	0.2045922484568088	0.7782344380674161	0.343548171935781	0.6318702083575608	0.20926932265284828	0.5601585868301419	0.32071735645794547	-0.46200340468160583
DTXSID1046552	371.0790636146289	-124.18441046024992	-45.21963096106089	502.6373880795501	127.9039621666803	-100.24614256249063	884.9184186390413	166.68733757044464	-222.28253404821163	1018.6367325034823	-339.8045638420142	882.8771593192816	211.73050626158113	-71.38745573480385	274.2432531910295	-449.31549616880113	-294.08473185296583	478.9278095866153	581.6107638226335	152.97008341344818	451.0809467296608	-224.58200772233099	-298.82642298378073	72.60971977073216	-177.26976947556275	-307.3641129851887	-145.0287922245228	151.013371490157	27.44804254702076	130.74228917259944	39.09115785390844	200.5848628417016	-21.56394807583225	119.58558177527087	16.427329766534736	246.07055323381994	-61.564866732942214	176.68981295741395	-145.35273167053032	49.9130998348273	-15.987443702168116	33.65704522118085	-65.7700164882992	-46.44654233722543	-29.154856342493137	-22.025903358728236	41.65486615359077	-126.05010004681398	-9.697898281845127	85.9333812415691	-11.313880242254271	-191.64637318711303	-182.25834574079283	-28.15722160939381	-37.17042329987824	-66.6102739266346	251.62462057951217	39.96972245680393	-375.8445912235595	-143.2182348759881	273.1419006266331	-266.05001556809344	135.4959125232566	29.257431679382353	-225.8143838713422	-706.3542755395702	-60.45489283522269	-281.11406213813194	-221.7449894367472	82.14514104983665	-244.85766969918643	-419.9685800316303	-86.59094083249188	-105.12839417802759	110.6279065271583	147.09886471344043	-440.9578904347988	40.658526142622996	23.288031737046154	-427.3220027760744	450.3301044307625	-399.21876070163864	560.3980072851633	-698.3594547028895	-544.1557305019637	558.3095333186402	-174.24115462156897	-249.65377160845017	-65.6363754435968	-169.3465138431585	60.31708775144951	-458.4077434151674	160.55724351378817	-133.90517176899158	17.00352998022958	995.1603164743385	-96.67669593496551	-28.48899520074053	114.78516299735676	438.3358742942645
DTXSID8043814	2.913221257839106	0.8059620869475086	3.816308910160384	-1.0975297285226397	0.045805626375863065	-0.49287307184457	2.0948527918447137	0.880209204048096	-1.2172675066957748	1.3602192416690244	-0.997581848664335	-0.9072116416755436	0.720034868469095	-0.10133393346090262	0.497591839851127	-2.0141853362670443	0.22104403278642315	-1.358989496722795	0.7544501967819387	-1.0307694113378691	0.13832853452184743	0.33804642135340957	0.5564859632482919	0.8612603147557024	-0.5044601199003294	-0.07032483626023259	1.38707664904767	-1.5061799147802106	-0.4867102758082407	0.43569846192750883	-0.6980424115963678	-0.6499991262238909	0.8010390953179016	0.5319269260275611	-0.3544809184814785	-2.260014369456081	-0.8202977141348734	-0.03116390266554172	0.4375896370790854	0.4268801416780788	0.7547351545455152	-0.2693835079137668	-0.47398351985385967	0.3470661104191989	1.2771823988014352	1.1649575167684914	-0.30557375997756797	-0.15202423596879022	-0.5281028261737638	-0.578562299315908	0.3797273992977178	-1.1066462234972898	0.24883615738268464	2.728767739461593	0.2113344049024948	1.4471180698912762	-0.41047307798073	0.3781370476458362	0.9974003117556554	-0.6562291432775267	0.2550741685391045	1.5515476267830084	-0.8340599632562383	-1.1292923532853683	0.33176818873084823	0.7158189175445739	-0.8450594225868232	-0.270974082270554	-2.2827687442826172	0.03370422432423828	0.7420381784707921	-0.2547618217777802	-0.6597406354395098	-0.16534322988735686	-1.7747268650047034	-0.7216344162097472	-0.0550539049439947	-0.2600116283430278	0.015149738780469471	0.024381879786030205	0.5738814194034086	1.923409399912958	0.07323563892937564	-0.25855894216200836	0.8295623922988714	1.2007794155989577	-0.10385746709258074	1.140227629015468	0.6132168566049088	-0.6192097214605592	0.25947239747368456	-0.8194051680236122	-0.191064498570649	0.30338845915711055	-0.3073791902582718	-1.1462947293351249	0.30004345864315196	0.23678784228255353	-0.6725455970777164	-0.4003580041298649
DTXSID8048654	14.361217453533675	-4.609340702389607	-1.7571562262293665	0.0049592461441109745	0.09889495151112139	3.343031958974306	3.323541708293592	-0.5561890200533732	6.611271083553727	3.1644164338558385	-2.2043971873257173	-4.681603471054891	-0.419923705661805	0.6128559778535957	1.2307716968710278	2.2279424132313137	0.2857781488925411	-0.259169577928307	-2.0712168895232828	3.257994984175007	-3.160096376835417	1.5791556935435465	0.9036203490645585	0.6619705279843434	1.2332364854249762	2.5577161858736597	-1.7366962144269165	0.9795933522303185	-0.8776131650761426	-0.879438641071985	0.5814497726822417	2.110502716321843	-0.04815174470779494	0.5919676893190539	-0.7180136548016991	-0.41770968945555836	1.0940180323057522	-0.9988821213602214	0.6089384262124459	-0.8800924036767852	-0.9139491595808439	-0.8367754173247389	0.048960478817263606	-0.19233442576735096	0.5501898924386678	0.37576622386760417	2.370044984667802	-1.2692227158522933	-1.117688854493916	0.6987493035981825	-0.4187410050526777	1.5434483984175011	-1.387379654581222	-0.9908613716098879	1.1522325095395836	0.6915932291645334	-0.5550312696987041	1.0649049516445555	0.8758967195466677	0.17027926787539355	-0.7485125075606167	0.11878920687058256	-0.6780119728669476	-1.7886365603339573	-2.2336944519810764	1.1574573821433154	-0.709844102889787	-1.4314328322815262	1.05275526065417	1.1590314284393584	0.0444096930624338	2.7215195056493173	0.5022203380335907	1.2127531665431779	-1.5556253595715224	-1.5315349443810968	-0.4159199776249775	0.9306645949162147	-0.17603246718777452	-0.5224046295393187	0.1936801144626746	0.602610744885575	-0.28763903663748286	-0.6665437110875332	0.30517983651674985	-0.24631954659777908	-0.5944420788590473	1.6565285980644981	1.7396400383063728	-1.049060804414893	1.8969638964152251	-1.6167151885488524	0.12011966617173588	0.4367835963660966	-0.3247202947004451	-0.6656857419432723	0.45133754140578264	-0.38583516789939476	-0.4308662589918117	0.9784638588823983
DTXSID6047311	24.94182495734916	-4.35929027480055	1.3119977112158219	-8.36664694882053	-3.2409055258701995	4.687657889451892	7.975678661569291	2.8714183936997055	-2.822147666601686	-1.0947386175346243	-3.449145502847565	-4.509018471238529	-2.7852660465619836	-5.782050656385812	-3.0012491899079476	1.5734424767495863	-6.672899656100912	-0.9009103142897767	1.5250436852463478	2.0416963402762343	-3.7746618556359346	8.538687784377391	4.15782318472742	1.3587959903053488	1.1805757463399418	-0.6231382561754889	-2.034113528979079	-1.108140532253186	-5.539919530906364	-1.8357524059654429	0.13763780855330973	9.211408596077147	-1.2978508505522972	3.4701611010543187	-1.2682674668741547	0.5268117096485148	-0.9255801050572682	4.650294770111391	1.0105970743626864	-2.396752131644241	-6.34284034000964	6.873825623662931	6.4899411797505415	7.813492267559857	-0.7062907483443789	-4.433478525179761	-1.0170789823231081	-2.136489655759547	0.5452567911727774	-2.811406920278823	-3.879548823093932	2.7759050558266076	1.1794259549599695	0.065863565248074	-2.7259225256454744	0.0942833141294454	-0.4031869900557922	0.08044396266122641	-1.019994464100208	1.5292885005174766	2.695357355419156	3.274271342511719	2.1081903106445172	1.188460425375852	5.059905039789437	-0.1922539595738062	-2.8617098781586794	-2.3737834112946614	-0.13631833710699542	2.3406063669673336	-2.412287400153873	-2.7433989091898643	-7.631497843441296	3.2898111524243583	-2.0470918629332155	-2.4424383606355686	-0.544430680760376	3.642335384033582	3.5530126784716924	2.985279289013229	0.7517184595779741	3.8651591710961006	1.287988996308813	4.00163164950829	-6.723232014066709	-5.561044819099978	-2.319115730609431	-2.9144739370901735	-1.5899180120300587	-1.5103461984077275	0.4534216327257721	1.5423453479207048	1.5229655275999658	-0.8933576222973818	2.340070016557948	-2.5005928897537806	2.663386596326501	-0.7981809882414774	-1.8705196838804898	-1.5217596808350136
DTXSID6020484	1.6014665596839721	-3.8713211066541047	0.7833747009323029	0.3107990177085563	-0.37024082384984336	0.7064225866936445	1.7402972005854713	-0.05681965932430747	2.575696605790811	-2.0787290518115404	3.980748823160502	1.8915988883463513	0.9423686463482215	-0.021560240639209846	-0.8905139420183987	2.563879899700479	-1.0008888662831341	-3.3760804345402815	-4.190953771488626	5.088755278890488	10.60031191612879	-2.4212663287678917	5.1913007644118	6.196007600775108	2.685452276074378	0.47480084573062586	0.22896877441155708	-0.9210829508943101	-3.7804450513523182	-0.2530433323492418	0.5463091689223044	-1.3811981121031471	1.6496543800790324	-0.3195078205749931	0.7707210854277886	1.6878446208511075	-1.1295963877929893	-2.173892922345904	-1.2650226978235344	0.30935268720500536	0.6321759338047253	1.7516509796124955	1.2997412266661643	0.11172866725186403	-1.0965392042545266	0.36497048651309133	0.23662023414340613	-2.4455494140781955	0.08479961440252044	-1.094987612287175	-0.21036184437391067	-1.2766294438306325	-1.0247079289968783	-1.5637922663119936	0.5197370192440793	-2.162302912155915	1.6074974765496288	1.2985605730275227	-1.9521472312151917	0.7738398084654726	-0.3253811280665916	0.4709301050905244	-0.09486527914875753	0.252573243582096	-0.4114097544839085	0.5143299850471708	0.3049643886567523	1.144901537159385	0.4626660991726507	-0.28482979195851055	0.5120858534052359	0.4657661264467936	0.6360502363914428	-0.44586425342131847	-1.1711511162284225	1.1194610198950123	-0.4514084907123561	0.6457968201327545	-0.05368300830984377	0.12959016107989024	0.7613592793049591	-0.12371012099507234	-0.4928988863028234	-0.8878714346393601	-0.3150034167403107	0.19169360916507466	-0.6144202664542778	-0.279362016417618	-0.40490439609917145	0.7516625958430001	-0.05576045939877237	0.09549645459660393	0.16044571261380544	-0.04012602756673282	-0.9810740428692398	-0.8754480414600437	0.9547195517944808	0.3597347778663571	-0.006152379785976379	-0.05016575058929248
DTXSID1022768	7.972091369954133	-0.8415461287281804	-4.759032429984955	4.91241363841797	-0.8913046522867087	2.549323385366139	2.6105777126577787	1.3072021708802326	-0.9164578792361758	-3.6968007758916723	-0.8566813098966515	-3.446312395752523	0.5275876846911788	5.2537266780828595	-0.6109609394268448	-0.41927563788127903	-2.21221834460376	-2.343124826313441	2.206033088190095	-0.30675894510846397	-0.4763774714350499	-0.5986367907922449	0.34782216012674894	-2.406502963003716	1.3372091507381298	0.8026201022392544	-2.4035161697168066	-1.5894086597960357	0.807854477843613	0.2356163618821052	1.2650799425029366	-0.13542787842936654	-1.0993770029766352	-1.8541725546304253	-0.9255933186476153	-0.3222646859688728	1.0374038276427937	-0.37611047748906545	0.2476104940647497	-0.2716762531308265	-0.42015270464184057	1.2696331064418391	0.8614640289282633	-0.016835298366392904	-1.181271966412465	-1.8447872700601804	0.5592718619694674	-1.4696896778692463	0.10044752952616756	0.6029400264594517	-0.9421316877588695	-0.7877829320683349	-0.6298616401559342	0.08262141781418787	0.6099076547208314	-0.10596287979103378	0.8778046200638074	1.7456353068100443	-0.3791710234128547	2.1502732384906533	0.020916692922762384	-0.8992814311023648	-0.6435297873093518	0.042830203459460946	-1.4465121859271228	0.622655006812793	1.0150633095343595	-0.5445829473099393	-0.8109645673315683	-1.3107121398459491	2.4209835695253754	0.37686741391017603	-1.9959753985416548	-0.9842724609828822	-1.062577679961005	-0.8561251346257992	-1.005291441841195	1.715529758839802	-0.556639034115397	-0.6736690376618065	-0.07781250238189663	-0.38677540927669873	-1.7096932873727544	-0.6864991910621665	0.8305702608006473	-0.5447632480952285	-0.612187284188651	0.46851566715823345	0.49754764316127054	-0.9598145778550011	0.7850610206147288	-0.2840428319141341	-0.28964050068729047	1.4498675551733418	-0.2852019624322567	-0.19392311287169328	0.5196869475730829	1.6947089253117067	-0.15048417179734677	-0.7053445687401979
DTXSID7044922	-4.332119480409361	3.385253592022281	-4.482227779417276	2.133977078844028	-2.1758490296516415	1.1165455958354478	4.379568006726592	0.5139472958518932	-1.1888513828993243	-0.12704227931543952	-0.16931936117680954	-1.050833354826395	1.2815073722427492	0.46990677477862397	-0.8327325343323358	1.9237271135872034	-0.8799149320091779	-2.385516455945765	0.7117822660090704	-1.075118168109153	-2.3351395259490673	1.559435502318743	0.8126215664321979	0.8231992465194112	0.23351448269281128	0.2090202015238973	-0.5959620269774407	0.5625173971521467	-2.114977094773215	-0.24948321709486004	1.0868917554514315	1.246961163486911	0.3849102152621183	0.050436475961477795	-1.0992693310498967	0.40396625516512785	0.7734626086845238	0.7948522712650685	-0.03521042243076508	-0.10887858579983001	-0.5476201626389756	-0.8256525065177822	-0.5156799709010851	0.045650872808022144	1.1470609399629466	0.40057705236430025	0.07077751204740422	-0.556181177713592	1.0416973269018646	-1.1730729101157795	-0.828183672092742	-0.014897600004135692	0.1255837264167367	-0.1913981511491873	0.17714400357126642	0.2535672234434598	-0.23657699281854164	0.46143292515724516	0.7102662221208108	0.1488300127719779	-1.1748699700573684	-0.1754309069244859	-0.3817104850525942	-2.441565497409106	-1.007967058500004	1.9721053751987516	-0.6206490514478932	-0.10780478537967793	2.404667358199705	1.403541481691656	-0.6322136008880338	0.4492696521870968	0.5124754647952335	0.2111826856018448	-0.649281305656845	0.009607181998811214	0.17800203749161483	-0.18843772833048	-0.7913553354611317	-0.6784461172344514	-0.5018222374157079	-0.458731414211686	-0.11966804685321063	-0.20595002489007772	-0.2419173711754038	-0.06433594296859929	-0.839581156892393	0.03587344259495006	0.2944614472612529	-0.28690158701188173	1.0390420634396496	0.5228117986132576	0.775753995946248	-0.08210999154773835	0.0556574983601526	1.1449573769938288	-0.8310407348965805	-0.4571158264766173	0.18354900981159658	0.8378628583406736
DTXSID8044381	7.2522255472967885	-4.516334586737295	-1.750669957952538	1.2071496743854768	-4.738036903677065	10.270918658850102	3.6789562473903543	-3.702871049810128	-1.5025678694746718	-0.8185224754324405	-1.59897080886599	-3.731435745866636	-0.28254151772520025	-1.8603105403302882	-2.1606333667471347	1.8312960809224041	0.03186711928143216	1.543211051497785	-2.3961120753498184	0.8175909955486583	0.12804229030521566	-2.7054186064958907	-0.30175629000061654	-3.2907051288380558	2.2627496289635918	-4.540194453092553	-0.005777435840831328	-0.23478248433384805	3.5073832201420325	0.16366551702937326	1.1978128798641319	-2.8201965899299575	-1.4153566118911058	-0.35673184524334994	1.923135481160552	-0.5981655633761142	-0.9580475881987938	1.1296856657343486	-2.90292570877097	-0.7694791524636159	1.3415636272007094	1.5876230559793305	1.207259743707971	0.001227813347609579	-0.47286965132258335	0.7187754468135145	-0.32844745214448906	0.492785618252043	-0.022479334148302957	-0.17319330844086706	0.9640762543118052	-2.789135850529872	1.4289548560118623	0.44680698544199865	1.8012185595652026	2.001850555361264	-0.8897458146657693	3.0176994624347038	0.5808296512038453	2.4153510686051045	1.1455081551424373	0.2758657546824505	-1.9320076403033668	1.3620675645427724	-0.4676401622857118	0.9107924468262715	0.9864139390914997	-0.11122969679702246	-0.172967944358434	0.23432273134289114	-0.3922036972841914	-0.014322240158088995	2.7960483884410947	1.5007471888209338	-0.48665806706784237	0.3920414721512964	1.364640080454587	0.3153801951231775	1.0571733105694494	-1.1609532189507805	0.6582092867211985	0.16566193787710165	-0.10569493557191097	-0.3730839148527773	0.1757494496229289	-0.5398748304320015	-0.5654802160900385	-0.01986232316991573	0.7911445638815259	0.6993486469815203	0.207479710398506	-0.8432988825221323	-0.6762482033119569	-0.30419941677830925	-0.7597650424419345	0.5319830434467405	0.430187027178359	-0.09026608615165407	-0.1418954705334247	0.9049213779522781
DTXSID2046460	16.037985943395665	7.643025424764933	-2.6528199977813016	8.494460702239344	-4.40062651082683	-4.3601236665379846	-9.279215182401035	-1.2850256242871898	-0.35617069469229445	-0.8603419946374398	-2.596587035186376	3.0644089361827502	6.764742821200062	-2.135877503982586	-5.378224128983155	3.1988309053427066	1.4756262603826822	-2.295559801119464	0.01194358620691678	-2.0125628007572463	-2.9185811793291294	1.913063343292829	0.4226208037275098	1.8514273442900608	1.609878699124813	5.016268320960884	-0.11722002110932417	0.8937200758422544	1.1366472709402138	2.0823715386448303	1.036621734584353	0.29597056203312666	-3.9369964869135274	-2.0858578989018035	2.533583771181641	6.813555096825932	-2.44231570762627	-1.5616640348012587	1.4527671585574125	-2.971652907668733	-0.45878369014199755	-0.8177824731642547	2.5441622814234948	-0.3542145087757249	4.73210781045606	1.0359649842024106	-0.17934708663749924	-3.811698307762419	4.966466521387395	1.5156721195200717	5.780635123237084	-2.04198543193619	0.1930345596702374	-0.13041386784568382	0.911059891344345	3.9786988907539143	-3.1083996286163176	3.0488829276611176	-1.2444718654336986	-4.440206217938782	0.28958315978357846	-0.9005829073030627	2.494962153899547	-2.206534119681119	1.170556861103212	-1.2658699073629385	-0.7319724624827404	1.5316388601106616	1.7876897378316716	-3.3597205392513776	0.343076745461537	-1.230423285774338	-0.46941530229861306	1.6426361141340058	2.9190682816879225	4.285252787938654	-4.972492829685223	4.3924462008526906	0.5365676713825953	-2.01222666911873	3.595825588535288	5.2466299948517126	0.5492562715963127	1.6383343071635725	-0.02013625326384456	-0.5867746514446834	4.410614848828412	1.0698935300948689	1.9146930723216815	-0.11562709964693112	-1.3832976782309079	0.09729039623396651	1.3488576739794265	-1.4896065445742115	-0.2839812048951841	-1.5837698494389811	0.5687735831920494	1.0059114247995053	-1.6625039135703827	-0.40005243096398724
DTXSID6052291	-8.34543131733748	1.5136641805395297	-1.721461863742985	-0.5076988448668278	-2.6317770624422394	-1.7145829252462288	3.263232422918845	1.119822655467073	1.1808112107659074	-1.8277209931263498	-0.943257997458457	0.06973276493252471	3.9286645677090672	-0.5563492792314128	-0.530617097551058	-0.47130907168833797	0.2131663961723927	0.4232014967689577	1.5640980304032135	1.4106558851273079	-0.4967022687001062	1.8825790180097606	-1.366090032596035	-0.32868767061418064	0.9307406476787491	0.2530391051843405	-0.7892819526035648	-0.8194409191180321	0.09687407551915143	0.5486814146774142	-1.7183681288108377	3.0257976479181403	0.021890926952737182	4.729812333732351	1.9203856239338963	-1.9721535690837186	-4.397601854232698	6.821804035281756	0.021814860720521308	-3.5475153353809046	-5.159422637858122	5.152730530060012	5.523063714935954	7.810398354827594	-0.8461140927988589	-4.947815312330685	-1.5788211228782085	-2.351546614520439	0.83155625463084	-0.9683846736026801	-0.8146459361127791	1.2002203306669705	-0.08815525985907732	-0.49271963092278065	-2.540839279245464	-0.8890890044975063	-1.8173812848646953	-0.7309836908538517	1.330038040468307	1.509445417935636	-0.9238056018451372	0.0453370396719026	0.23231656560982197	-0.6626793164659716	0.3632649017266595	1.263997828976405	-0.8296849262628047	1.2238257435547213	-0.46068496929997754	1.5953015510364863	-1.9013832864621825	-0.10031755626517717	-1.005102790745706	-2.2668414773850194	-0.15459452777133334	0.4376665362980304	0.20551602682902168	0.14994264698138002	0.6969657300113545	0.09775169206238381	0.5373541273179595	1.0041534244845354	0.23042671113822452	0.18512621528076112	-0.8614743717192603	-0.18208143254806766	-0.0698404129491051	-0.1467763746119237	-0.8608451704573095	0.1716332276989455	-0.6904621559977588	-0.3493059505834082	0.3946463961396054	-1.1984789589698013	0.4650178014789195	0.07745836799089423	1.246899682604158	-0.25160222319155273	-0.23176840167404503	-0.07789397282639676
DTXSID0045208	4.471119996237525	-1.7325001790443664	-3.4972538044397274	-3.0598655216052872	-0.7219721682077378	-1.5523985715732211	2.9753345419396293	3.29802683467041	1.3270610740463675	-3.4212591686516256	0.706917022776304	1.184317992330994	-0.316344927478862	0.5403945645290171	-1.1826500211324125	-0.7122428221381207	0.5776331861214997	1.8092027777289346	-0.03836082647904989	0.9267361636582099	0.16701717755526305	0.4208339785408947	-2.2587662570020233	-1.1084954428684732	3.2872984521649893	2.7958655955379177	2.0815102965573935	-0.5120875102897491	0.9102755832735484	-2.719230664186084	-0.6731796983613036	0.9036714845453868	1.1755021313982283	-0.4085266485290623	-0.9095363565256864	-0.6013991033510505	-0.08480833935052753	0.5020591162309868	-1.5625308118146328	-0.9221213153733824	0.15533243222381304	-2.1777503683986916	-1.3949650548625572	1.884113122612452	0.05033032712232039	2.1318739738713184	-0.5063274910816749	1.9817062806805945	0.853415400470876	0.8374321283227416	1.4477107854256999	0.2178825034976561	-2.2788443489670764	-2.6391471372034028	-2.2450850471100843	2.004435290737957	0.9537576467780042	-0.7489013246822622	1.142833037837985	1.60019659834423	-0.7209005927072253	-0.052486807260832054	-0.42834164752759685	0.3853419536152949	-0.42293643125089364	-0.6306415591278223	-1.4203688600364326	-0.4134210670020149	-0.031224630496584298	0.7347702745223683	0.5165111223318037	0.7827437017859701	-0.6527831513809066	-0.5401881344015502	0.4694995469938622	-0.2969503330053536	-1.1208321737620919	-0.5565733210567926	1.3630060041049095	0.060042265055460946	-0.33609985690000294	1.05316375550749	0.3019047437511508	0.4156878071889278	-0.6567656033560566	-0.7535125865974112	-0.22623389827174015	0.2509926774187438	0.10194342535158134	0.36594103512704995	0.1296735015338962	-0.5368405002097791	0.22336094477517196	-1.6370131304807554	-0.060231914550325075	-0.23885789240804237	-0.3642288027224435	-0.037727696954117367	-0.31400295882187335	0.3638471629118443
DTXSID9048805	2.050636403165248	0.20922171804606315	-1.8324236408150316	3.0698947887247923	0.9782204296397832	0.6615047078091482	-0.35171145426682726	-2.412878856524515	0.6095558264741009	-3.0191722436854906	-1.0031062648135667	-2.5935291908614566	2.660512221237733	5.4135816097696186	-1.2812036972962584	-1.2276524878031008	-2.100893353340406	1.4536384838321008	-0.3633331997077531	-1.3532670582482729	0.030238319524860502	-1.7383669933148993	-1.4649262851333196	-0.8368545402907359	0.8855382010205906	1.1155898428829438	0.08158338565155965	1.3945010724730091	0.9259343576235277	-0.6872904873706599	0.9019231242619282	-0.3664780225901588	-1.41923995611008	0.7975206026457211	-0.8464875196979285	1.2537234309885825	0.4371426888608823	1.1352891291403147	-0.09462918472700056	2.081610343887334	-0.05529262185859083	0.43011177912958304	-0.6499199110487985	-0.37851129535246353	0.17747865702108892	-1.1181952207249637	0.6414782871347262	-1.730938110066251	-0.6343565635398469	-0.7951876676921755	-0.7241798452120057	1.4432220079888471	0.9751120877966506	0.6660401097334377	-1.8600284101820437	-0.013270555536550033	2.611395715116346	0.5257637235398146	-0.6364913903902577	0.9710309504888875	-0.9822743850558976	-0.7671735186302883	0.9803150582786546	0.7074063392055994	0.5430707677931815	0.9379057577680902	0.9586370753469862	0.054434280295121006	-0.4197209216137004	-2.420658527259181	-0.2266721415537597	-1.0275984257223512	-0.6247095927843197	0.3717676972627719	-0.7132626953328615	0.19646860649793652	0.17968519711385478	-0.9443554378472077	1.0028011496853102	-0.32428424043683246	0.04223177614425464	-0.6674378857809542	0.5461548333388394	-0.8044121667234838	0.30774094871472085	0.24367813086052176	0.8318840305915255	-0.3121946865982918	0.7928316347095988	-0.017493735351011078	0.4221217271319538	0.2103373533786207	0.13178616545600577	0.1507402365520964	0.14170474566876023	-0.14478723796021248	0.0014462596701633732	-0.06911556942894351	0.7899540589417295	0.04461234179889787
DTXSID4046232	-1.6240627096756683	-1.4886651314820127	-0.19671758540675377	-0.6743702306396985	-0.7530189284193183	-0.7520225756707057	2.8151590314913597	1.9206226319266784	1.7791273090135324	-1.0092385334086815	2.81036782282038	1.1808719591687091	0.8131472422430489	-0.12193916456858704	-0.574319026095251	-0.6354971486206821	2.604530574802391	-1.6872603585289068	1.290283200762455	0.1877100775037182	0.2131657275165305	-0.1896659351976408	1.8159493615486193	-1.6315957493509914	0.9120567450602215	1.5773504721521474	0.40202717790690445	-0.5942166850168039	-0.2549452254763809	-1.2119069515120078	0.7177298447746605	0.9810816933850898	0.6347124916109028	0.13966657953466752	0.3902338940463741	0.8769564545655055	-1.0390953470044737	-0.5503112370039738	-1.205519778746168	-0.7024989452042876	0.04287885480015088	-0.30119245268361244	0.3576005502118953	0.6538371262956975	0.3224751622543305	0.32475511933679907	-0.4356324440108691	-0.8047332387476629	-1.1005154351123059	-1.2098981679292358	0.33686357933586386	0.11492683294789166	-0.6893690471015712	-1.0703805521493024	0.31736225575359744	-0.8236008834135149	1.7412808043870807	-0.3036002274177186	1.3029787617464579	-0.16555373424623754	-0.24744539963778453	-0.7562219651201085	-0.8500298863545447	2.2051591187371917	-0.3319397574265619	-0.36630144314146174	-0.09611364747302294	0.5084020981606373	-0.09985233931088214	-0.4772092799315969	-0.10214914780814148	-0.43868071287702937	0.14696734317119128	0.09983409807095169	-0.5841477891616081	0.40747798022340925	-0.34803515469818946	-0.9592972667813069	0.7758978610238743	-0.0949186562709648	0.01327841821221296	0.6670095382430933	0.07500037383290048	0.7554653903993503	0.46130182585390966	0.07516499257532565	0.432488599781786	-0.3366287902328767	0.5441590977821213	-0.6633157850230788	-0.11624001429867378	-0.039848450006704936	-0.026794009962615124	-0.33879446439019734	0.2348119681190515	0.26261976115703944	0.0967977626037539	0.45866113599686414	0.1877365612296159	0.2648029579617905
DTXSID6041977	4.315546465487726	-3.1794912350663194	-0.7218033680537386	-1.040424589254422	-1.2564183481203475	2.4191428367772505	-0.4527264810907627	-3.5805575770533156	1.123768112246301	-0.30517780600318006	0.8508255841055864	0.24891907338892139	0.4472878689746948	0.7656271950082968	-0.6422483073250549	-0.28974607673629355	0.594677537561916	1.7156696607038338	-0.3309886111743446	0.5345139108097343	0.4500637930468768	0.27445938550142546	-0.2087115086930047	0.7237143641491365	-0.028037205592820698	-0.4431092128573149	-0.5800234844184545	0.5599623900415247	1.0432885368221645	0.5400547368341819	-0.04947929087362684	-0.577120825863819	0.08892202470941804	0.3156990900185935	0.6306413106158429	-0.3204909075198092	0.7876988327536241	-0.593894873201446	0.12836223340866065	-0.09813058805304808	0.3416311489233085	-0.6321877964707929	-0.5232885917913533	0.4687869591372184	0.5537076920593805	-0.045184861059973734	0.63171370493659	-0.48226680334673866	-0.013828966932311365	0.7908344009825569	-0.3741126539864544	0.7827015985408939	1.7352285569374049	-0.07521076263128956	-0.4949952868797761	0.7411715661748316	-0.8832776048365637	1.269309073667459	-0.19702596690801666	-0.12004505230336332	-0.6345218059846338	0.09543389680411789	-1.2932718805435408	0.46438860979099944	-0.013692028185699014	-0.8069287902368619	0.31445735107199896	0.06811970931013592	0.575573047695976	0.5341952955215548	-0.46796517141741645	0.3065275669848381	0.44104676321805575	0.18442231608857593	0.10428878494646962	-1.0412715154733185	0.9127817909987944	0.8892257597942005	0.7284660881150633	0.1521869453244816	0.004988844353985338	0.500122133161449	0.23666699875111427	-0.20477338353454513	-0.9978481427731098	0.7436388265450886	-0.06089371288639627	-0.558410131460062	-0.5131336744798486	0.4195090699683977	-0.11383803932338082	0.5404926319893792	-0.28766936769020823	0.030906154196723417	0.056854386562591175	-0.20534537977272552	0.09594853088488624	0.6675780735689507	-0.3537026177032712	-0.12752423935471996
DTXSID4049408	7.321098127349226	-4.195214155393835	4.936968870023758	3.1082864703090007	-0.039421970017517946	-1.8491335615990299	1.8645197553050359	-0.6532593273762848	-1.2878991935057162	2.2139045159585278	3.8427646041928463	-1.7917080112605506	-0.5608012561462217	-1.1154695240026369	1.1786478964780063	-0.07221503777656374	-0.7275851435349101	-0.6588346833568591	0.734610204983446	3.5689317256404327	-1.7271207835725524	2.2790634147555844	1.3116496316374116	-1.2925958936691946	0.6170424185678479	1.4449173443634298	0.25839001751616764	0.9190467152246575	0.5087949824777687	-1.6139307225192876	-2.7466082498432103	-2.6343340253046885	2.260687144245884	0.2893988064376913	-2.157954706093667	-0.5906110130996114	0.09027603285324515	-1.1625032944948284	0.5873953800042994	-2.6265777516789854	1.054381764831943	3.307752040486825	0.8397481720053015	-0.329843155566022	-3.9014932010180186	0.5741540432176705	0.3717882747944874	0.11011993734691361	-1.995929286119177	-1.7952505023977392	2.2753325971080263	-0.1757922764012308	0.6455390871269144	0.4311586704773362	0.14050837137720895	1.557046110214	-0.8703965943880974	1.823249932349397	-0.7035631436302825	0.8956493646951107	-0.34332801325007073	0.1236382865938771	0.45912619459012954	-1.1890482575552055	0.8247618683688216	0.7581900711462037	-0.6068657523821535	-0.8676404707915901	1.0481045435893594	0.36024898588618354	0.7399369809399878	-1.184596977970556	1.1846448120798068	-0.34050984344769686	-0.685305012329702	-1.8567098879404345	0.29957389617616037	0.3430014591088109	-1.6264781870795884	-2.0768973380781492	-0.40682683689167676	0.32362139687016633	-0.4685053815351898	-0.3696826144271406	0.7169190372658636	1.7391172299613173	1.0389334799245602	0.3512659131577705	1.3608782450337336	-0.8587346179813229	0.46916951178411703	-0.9533652049445975	0.18583491467948574	0.23507103002992488	0.0863368880807861	-1.1871305947396051	-2.138156860631608	-0.8052974747997302	-0.2005848264663125	-0.9055407819897258
DTXSID0020810	-4.84485923998977	-1.7365261929417914	-2.3935857198531414	-2.310777256754085	-5.280879727397734	-6.370150685905533	2.869584069187448	4.682438980427302	-1.5611272008756025	-6.122453302578031	-3.6404485476685196	1.4029267898047444	2.9909739961085777	-1.292106478256145	5.336461834173297	-0.8486474658375658	1.6187578534368454	9.567824836071471	5.330318488909269	2.27553997154904	-12.175921641732485	-11.59026377613353	12.936038702161099	7.060425146393291	11.583978763777898	-1.894556155884988	-2.798826412903005	0.43496245249896826	0.485855611011412	2.3304380402466256	-1.7778975098687062	2.4499937966847485	0.8980652256154338	4.550219291352137	1.8521862132740814	-4.213481255535619	-5.360037935245496	6.7745681570318235	1.5479942435553657	-3.729096866753359	-3.438661110474001	6.2170786495803245	5.894274324009181	6.666519931907259	-1.4743975133338985	-6.633905541439164	-2.943352624249028	0.43465469050715033	2.2747121801686823	-0.7027801428085941	-0.6814121687497626	2.5752285972005096	-1.7195686459193946	-1.247369195159987	-1.7323504016347335	-1.7815436170725958	0.3382214572952974	-0.6502547131413793	1.1360734778513708	0.9852150667613241	0.30715510897498627	-0.5426593024482714	0.4947998114259636	-1.4159357428587502	0.051480352848268005	1.569240565161415	-0.6061775485919036	2.014059583087573	-0.3873480366986529	1.0529380687550283	-0.5199823663543567	0.08614905649191985	-1.965625102597015	-1.4964503646074998	1.8007779456237334	0.17045616988183027	-0.41165861553006944	-0.19173677821255874	1.4418283615648848	-0.6075474808518452	-0.5092692860261152	1.8557209683523141	-0.6137628712753392	0.38613401769941974	-2.4344761609599876	0.7267192342842468	-0.65391034287669	0.18051846225301052	-0.9539701314678948	-0.02992433916105312	-0.6130892050732615	-0.3107252157314603	1.5521023209514138	-2.057963323288283	0.5716378087452005	-0.6659024426411131	1.0061382308093358	0.41348713484788324	0.31730618522412896	-1.0403402747475556
DTXSID4046288	1.1981442631362056	3.9209118111533012	-3.1599118273154194	1.511107950065706	0.6002008949529589	1.6790043392744367	7.729835472307782	1.7978819651694355	-1.9089549326138402	3.979741299216019	-2.332244824082986	3.0193525552588296	2.109985767205434	-0.02074253721340208	0.8614996237535828	-1.6735607943137831	-1.4184430877059868	-1.0227520506708156	2.629367122205294	-0.2583770786138674	1.5627464315980797	-1.8180792499257008	-0.33451525846206914	-0.008135661476522891	-0.8483621451685587	-1.2375286345701961	0.7645160388039213	-0.3902058543442107	-1.191911552928598	0.11050072579290994	-0.15054929573537024	1.0925426124561755	-0.3999866626291258	2.517368153701342	0.26873879781429694	-1.2657175826046951	-0.2012572020252653	0.8591442398531524	-0.08195438266788314	0.5232324590263461	0.5708101815773418	0.9836900373126036	-0.8137127709306766	-1.0896611105528677	1.3182690516791769	0.6418121014258789	-0.9932432513240281	0.3737230430471674	-1.2687575816382595	-0.27796112844233495	0.9298077515144465	-1.7013629672620794	-1.2382386059184434	2.2992302503267856	-0.4335121485485174	0.056838186551712966	-0.0038898713337740917	0.5382516099692851	-1.373969080834042	-1.833759090793312	0.7846373292637774	-1.326595697057901	-1.8387445876145503	-1.4905393957404727	-0.2424993554014033	-1.8568542475429362	-1.2892882356414217	-0.09633362204966588	-2.0784810173845654	-0.22650353358843475	-0.4900161629053496	-0.9561129102921426	-1.1190602523690596	-0.5621753822666505	-0.4016853041666426	0.11070463503303657	-2.1901816119964943	0.716504737373238	1.5179155342725201	-0.8635151623857947	2.373318602171082	-0.7883875160916235	1.724136269487051	-3.9189951284833784	-1.628879658960418	2.0231048384613306	-0.3688643336055704	-1.5575673572681874	-0.36401942139607946	-0.5041634004312036	1.4287034505552723	-1.0684283883105508	0.9559194845385414	-0.9519418451087334	0.4524486899018508	3.7946766932918945	-0.6756387443555057	-0.17225043633184356	-0.01394405297669933	1.740326502145074
DTXSID3025332	-3.66003020650766	-0.3297431165692536	-0.3982368575484408	3.658343904919851	0.5951799216728505	-0.009217777846363968	-0.9982492946112131	-0.46081331945092885	0.38847884840861097	-3.7367119288166553	-1.8634295699805508	-1.085785645162266	0.7382712102665446	4.657147670024411	-0.20999554804690576	-1.0492177219928822	-1.3058470864696186	-0.7213842464024456	2.97884142587288	1.4230613424969383	-0.056523442987834974	0.4832564527448488	0.2573691338166687	-0.4509736404478778	-0.7957366344772615	-0.966387874265153	-0.4584407341819648	-0.7385619500619125	-0.22099515381943877	-0.06666275862034071	0.46968924157150377	-0.113536556209849	-0.8030140701870017	-0.701185925037763	-0.7058353189935043	0.7436959824481434	0.052662990647631115	0.7428406338532713	0.009348855126593234	0.9578361369888198	0.05476029654072834	-0.2112993756574526	-0.7932325445291543	0.36263584863207093	0.03329852426214292	-0.9377006229052324	-0.602773337063632	-0.5774168751247302	-0.19024579810874037	0.14712828334418077	-0.9870061127515896	0.11675854748747944	0.7049834585947309	0.1981962651995662	-0.3205329825056595	0.743120131389757	-0.15141130596754937	0.27239768065438724	-0.9761669063440273	0.04243810822240353	-0.5992144193288554	-0.3829254773101593	0.5924257682553025	0.6526263679884571	0.3257613565449129	0.25814962294008625	0.46997125166244924	-0.3017718735343577	0.1373289471896652	0.0710710658333215	0.03598069578252251	-0.2936455783826007	-0.33824142352435616	0.16774977374846434	-0.06290918808237435	0.49656952428365664	0.24506961833728458	-0.37768168658356716	-0.17856557932249864	-0.1764741266747752	-0.4033273113346952	0.02507945325244935	0.455456724585338	-0.9489248538430671	-0.6245186779063261	-0.10452190125703263	0.29046587760054793	0.4633366221919679	-0.21205219269893108	-0.040063303133203866	-0.14647693143341145	-0.1114678729771804	0.6142517324606175	0.3413274040961345	-0.4598978613656302	0.1408838714542782	0.40641531024214295	0.6641851159470336	-0.3505134773398973	0.34822840452387166
DTXSID9048930	6.4817746491745565	-0.3261273765856498	1.2905278778702063	-4.616749894933624	0.39729134594615423	4.754177730391286	3.3786985303723087	0.8381596017494715	-1.7576958510507172	0.5693612578270878	-0.8324290760215584	-2.965281190017327	0.9565444301746212	-0.2502503267659838	0.16119516919594576	3.0321513628003136	-2.4075129286358896	-2.4144807460930244	-0.9693615248843982	-0.8973750715533934	-2.945153006981634	-0.07653001429134298	-0.8023019095837399	2.30888555728089	-0.23976025263482822	0.5072642962352691	-0.12751908277055318	1.8054792318004005	-2.924906904317233	-0.5342607111113858	0.7877249400243189	2.961486869332961	-0.3053949815216689	0.17557022945947934	-2.2912491228340865	0.4806674050139826	1.1820355995648242	0.7543305777331565	0.0013799232185726191	-0.027058565666196126	-0.36814671135443044	0.042172111068951385	-0.5217605245950279	0.757534520202742	1.4296532134959832	1.1869221579756788	2.0914920982146636	-0.8093588509731304	0.39306251275325066	-0.015507222590235108	-1.1068007767749903	0.4373656845702986	0.06110914298853697	0.32116758368463966	0.30412241128658096	0.3199637135691069	-1.3741736313228763	-1.2466391952592373	0.3053501436338733	0.5043739265130422	-0.14675369390216716	0.5214267984028257	0.9339860820881568	0.352017325384355	0.6243128040582275	-0.5076197497229609	-1.6203921671194832	-0.7713246970995127	0.31188528774371066	0.19089307091572494	0.08852565531822121	-0.2970656328629323	0.4853250380262563	3.0799603428092226	0.053528839404780086	0.6771292876379938	-0.24292120723629765	0.32492528809472876	0.43679849023797984	0.04460362447044597	-1.3399828684671535	-0.40121511618714395	0.2704130967599241	-0.8138641936628471	-0.7629465867829064	0.8576562021110161	-0.5802652808992159	-0.16946318823126785	-0.1307662793188697	0.5457838142538886	-0.016166764182554024	0.12816831290621872	0.0961535171246662	0.27629742436708277	0.013971701270130765	-0.4541826016291186	-0.8536096240921142	0.10498294636833758	0.1367854958059035	0.2423733710678613
DTXSID8025096	-3.093160110596688	1.1588041718538669	-4.613681007486227	1.9723664243544037	2.4518862144334372	1.7004321027549165	0.8304999955149869	-1.8951350708929007	1.6862342756920032	0.5530414424823201	3.0468677086201548	1.3307439646400692	1.0319416857411214	1.4453602517430355	-0.2848068793251326	-0.23489538831176693	1.986324442071417	0.042364425737061846	-1.0734742747294423	1.2735371779672549	-0.44416520864138415	-0.1830497942833751	1.6952884811006377	-1.922043275119555	1.4718546397201235	0.17441969189743844	0.13990590828059155	0.7517991746656506	-0.6755230019277626	-2.751371583386821	0.7938917926232663	0.5154036470568761	0.49980928833555	0.9931476501130334	0.3534226643825479	-0.8006115949361468	-0.06417233335763524	-0.25121958527878446	-0.4782659056708544	-0.03437331676371084	0.06455060375120947	-0.09709871790237956	-0.07675670742001393	-0.16644766732060884	0.380562125279802	-0.8652779748946637	-0.8849646078812405	-0.7636245000864039	-0.47786431531914764	0.7677414933321339	-0.614594420894589	0.3227886815045565	-0.8905600789185784	-0.9642197989666553	0.32480199693944534	-0.4577016702084228	-0.2112347333380191	1.7407674915606717	-0.1425436735733062	-0.2524827127727303	-0.4019805609074811	-1.0454803498437555	0.6264967595334074	0.9963644466208018	0.07161999238739022	-0.075869594419452	-0.7613581833901815	0.12114770233314345	-0.6011995833776148	1.1490094619269482	-1.4254115891398604	0.731430008279269	0.6377414408359326	0.9319256281976289	-2.0341303761134126	0.4165862809759726	-0.9947769328558733	1.0464900258558054	-0.2776933300049601	-0.34365904182930007	0.5942166012436804	-0.21477431944636008	0.15337930875089645	-0.43587280800598943	0.8396158669262703	0.7863445304994439	-0.3822934688664739	0.3991328059852318	0.1428593200258837	-0.5031456401700407	1.0351490233664362	0.8178934262955462	-0.6586639029452257	0.46533997361732127	-0.5648234156233837	-0.29957375918427626	0.6449886126459401	-0.576062349838574	0.04937329532594007	-0.15398869492607362
DTXSID7040657	1.8628665691320367	-0.3548151232182514	5.421250820606133	-4.622269833541692	2.7214787408037298	1.7126745000147707	0.7753988419388553	-0.8824569077331855	0.2566077738078297	-0.1458422685665681	-2.549316226308038	-0.6471751612218423	2.771179493815037	-1.1847565941884906	0.6710686313282852	-1.730560702815771	-0.6728124706086301	0.1645689018634766	-1.383607027280539	0.5154356937958454	-0.25836781058985353	-0.5143114519814812	0.25604800156876	-0.23967340076480811	-0.6318159605872685	0.4688171770025062	1.0839195355638807	-0.29653437976405245	-0.12736640402275523	0.5888404771730242	-0.3377710048988769	-0.4846141115901396	0.22153810000076796	-0.05766857717929008	0.5295694052424467	-0.3507391689265544	-0.15868260099881015	-0.6743660790100763	0.6485769012989996	0.22662313132425074	-0.1801671917704038	-1.0320661189290807	-0.11623723905309088	0.4945809765976073	0.38382416542649983	-0.2176297097504677	0.4111242094643929	0.07659510311636729	0.32266917430381103	0.2886469262024369	0.010270821381495519	0.08647465546797374	0.6205277751018149	-0.6249613126728271	0.6186506302882491	0.21447393505964052	-0.8394177905207035	-0.6608564861916574	0.440377555857492	-0.7597476363223866	-0.9622599038650489	1.2238838978742272	0.16530144163364682	0.7283907178610093	-0.5989559560665402	-0.7245774520781482	0.5678427396275563	-0.32328519725312777	0.2823659818390265	-0.9406591296614397	0.2120546282613148	-0.7823731931780314	0.5359250997506141	1.9950940478832888	0.22918763115658056	-0.20079750318373452	-0.1573282101365556	0.5705744916528112	-0.9313504042876393	0.04114717342818497	-0.14081559806203292	-1.0476252476787646	0.37771476317080527	-0.09957465349530972	0.292407381751592	0.6881443740100117	-0.0782587155127978	0.010657510752284079	0.4485236190927215	-0.2813960200615098	0.033257536806438996	0.1427879184592119	0.25898183870504776	0.28942911851350483	-0.18156647423027988	-0.4511062386822175	0.022578677565599517	0.39653865237241703	0.529336303413919	0.20330669191808312
DTXSID9046491	1.7009308824022136	-2.325377154648891	-3.2533579924090774	2.2470440275960706	-3.08151618462537	-4.6051223862409865	2.374945411959023	8.578614955135828	0.608404003163449	-5.815200917493909	-3.413598254275231	1.9631540420342808	3.154020793115816	-0.8423774547796389	0.22060463742507064	1.0790088085970422	1.7363081589448368	5.4836914788281845	2.082634891119736	0.4767029337765757	-7.144523826731764	-4.164735082459452	5.728965368666495	3.8134834639058792	6.369141950815161	-1.155184162194994	-1.616159706173545	-0.014510899751934972	-0.3663452281385243	1.2895536510747911	-1.9462502035963798	1.0709686816076822	1.0850392304362764	4.065799275100642	1.6984647357586935	-2.7365546331810715	-5.37280581508161	6.284596846384432	1.0553614538526195	-4.324500403648169	-4.28202352275534	4.609982062928129	5.81231296130741	7.609680513877328	-1.5199820593124047	-4.87898257054113	-2.7878064342274045	-0.7097795081380033	3.1008783853978703	-0.4948716052996575	-1.4209099800484613	2.0279250411572582	-0.857903565642797	-0.9277144000221679	-2.450678758852625	-2.16710020904232	-2.585226873088784	-0.8805183326642294	2.812977581883049	1.8550494297129336	-0.6696561733957719	-0.40779144264267037	0.9461569194717325	-2.819684119642255	0.6165657611141789	2.546178904164598	-0.25763860379963366	1.6253082843629125	-0.12561562565361983	1.8781185568204495	-2.052285473543225	-1.2987210944428988	-1.1813678492574249	-1.4284148977671434	-0.7230304940264336	0.7812546750327543	0.34925509029330637	-1.0810166174479823	0.48363724207109665	-0.6098050396095666	-0.515949884449171	-0.06294766257245063	-0.26167992788220173	0.2924357904624101	-2.463838642451094	0.12742998722655896	-1.5587169689931648	0.07596723664186071	-1.0238724503220924	-0.2120295733094146	0.6993643798613672	1.286105181641965	1.5072450462004638	-1.2794338927182438	0.6072568642872459	-0.3176969004041364	0.282157883233129	-0.16778597793786815	0.09043661673707666	-0.03298345052367395
DTXSID6057827	4.563018244205089	-0.6897292706604706	-4.401793745813531	4.4913106188800525	-3.0732145750037896	-5.046439957570001	1.8485785693473822	3.5948520028908164	-0.8707459526731144	-3.366973409636393	-3.9464749996349715	1.4846518981987364	2.176083324324076	-1.03759819332376	1.2109303414305264	0.9613265063106813	1.4203516339278288	3.3960553220904757	2.1050250964305497	-1.000027780828691	-8.564492157556632	-3.6990115002870274	8.17556871682498	4.387346696325789	5.091500317139716	0.33847106411271716	-3.7178756965876287	-2.1177691001119814	-0.20644975051653236	0.7003125624959099	0.6257190860108552	-1.9005298484734607	0.7238501809406046	-1.6299518336080587	0.9464486298853659	-0.6630085521298988	-0.6106775381823183	0.5659491081127254	0.18082877737215203	-1.34882721105511	1.344264579584564	0.5732871748425137	-0.05799773225316395	-0.3055938542652885	-0.2909190643033777	0.5331054627419021	-2.142819227618334	1.889328196770244	2.1469141859084218	0.17576307243901565	-1.2631664488061853	0.14101225015699884	-0.3933047552268562	-0.8265171919527621	0.47528167143906896	-2.2197099156984677	-0.8793305320239082	0.42111192787405977	0.35748135202931713	1.5725105437033033	-0.3347566908735562	-0.5370470568481427	-0.23429177433952036	-1.4885348178678983	1.673443233578781	0.42082854956531174	1.2183364595746402	-1.2741994423500913	2.772398689535614	-0.337045329400396	0.4604978882688332	-0.009920917624676676	0.5933923272783177	0.22224890755540314	-1.2599384962825912	-0.30245589457799815	0.6095396093565888	-0.34884522230986315	-0.11460321321306921	0.8554468324003408	-1.105748691720752	-2.027056876321241	-1.067330594953108	0.1391209510782342	-1.1375875020800692	0.688693809429473	-0.33181990780668014	0.5129612346246115	0.06626368918331733	-0.3496986362189577	1.6788766769471617	0.820333822243644	-0.7079342100655911	-0.08765607951919702	0.5177004161296358	0.6369681339986798	-0.10186135351799865	1.323659693661776	0.1554500008755429	0.01854939534274983
DTXSID6041925	-4.996141692540509	2.3745440589118165	-3.926494954085642	0.028115175513724725	0.18742327612210477	1.5975062535980025	1.9518001036499748	-0.43629468027932305	0.009769215330195756	-0.5375235950361199	-0.10331576877058328	-0.41082463495088134	0.30010183362192777	-0.09628737541490483	0.0670180010257186	-1.0332912617233578	-1.196744924245766	-0.2012920856928228	-0.8198565333604703	-2.082426353847535	-0.1993299291300541	-1.3314186289868897	-1.8375583228893804	-0.046566800595686596	0.7294800972175505	0.8620588522339577	-0.8072608745230686	0.018490119985152362	0.7135677208676157	-0.16092415495441212	0.4521687024432649	-0.15651864167978277	-0.6325991074666698	0.5604288854564301	0.05441648679663486	0.03613057455075631	0.7539164072134348	0.25763906146557075	0.39716725439077355	-0.5284163405817793	0.42181641656702185	-0.1210887467439454	0.018180290733687068	-0.5571627093626893	0.6886783146377753	-1.1018340813757481	-0.030766888863619005	-0.6030991159197802	0.30668392046431797	0.8150708586128123	0.517858628980132	-0.7926056369749224	0.6055599679838607	0.40826842919304657	-0.1924290675344547	-0.5185431160139408	1.7415285090259018	0.444520079435245	-0.8493169545317668	1.1879004062130645	-0.8590935341180752	-0.621687823957925	-0.49712483873563285	-0.4542677137530051	0.48547023359791047	0.39088510534516524	0.7979727226126315	0.8174816890713469	-0.7128401436080847	-0.9026514401463661	-0.9661706085613735	-1.2022172265385194	-0.04950548408206514	0.09608928333433546	0.10900558349044302	-0.27950114238771123	-0.19545811124705892	0.04900659123824009	-0.019691567515637862	-0.5460679591692758	-0.3692033893680675	0.055555862932016316	-0.25349485268872246	-0.3912471113608185	-0.067997652126298	0.1736521511467172	0.47759006484523076	-0.5820309034214121	-0.4798794641445767	0.14941808792012562	-0.12586389701527168	1.035239500617623	-0.5520479470276474	0.07275788139367262	-0.1947376636188754	-0.40430503976903825	-0.07007971552981224	-0.08848002063945944	-0.014511466547364972	-0.26100724228159944
DTXSID8043941	-5.44568961149687	3.8085071486978435	-3.5061922625556856	0.20906557848085044	-1.287136532363246	3.0013572662756927	4.630384645534307	-0.23107151659647776	-2.3109980693937002	0.26406646680939916	-1.1013359282176285	-1.7349152105206351	0.3287170868927433	-0.11368704040760168	-0.925668709115144	2.95455578802187	-2.098851783097155	-3.400894994781255	0.29409342457144316	0.038068699088141617	-3.224283712139738	0.7531171529783703	0.8348010991260884	0.797532274886372	-0.022471896028671674	-0.39180742617272696	-0.6000372695445785	1.8493244988989703	-3.0685226910631047	-2.00343181100081	0.555672347354654	3.2501699881263084	0.4904391673443798	0.11148464402574694	-2.2128223177129893	0.8131242382718369	0.9412348803666986	0.21348166334899127	-0.14006189952326745	-0.036998688900138445	-0.42687114385774483	0.47923797189875883	-0.32105403802805854	0.09425123613715197	1.4168044423071198	0.7784259783055532	0.47408929820698753	-0.7375227853590335	0.6705823166574679	-1.0073986756479731	-1.1395738059918992	0.9494501389365073	0.1119625223186778	0.12985670136956495	-0.022454408889868046	-0.4944052223356535	-0.6503091960197959	0.4313264294857111	-1.4642100801083382	0.9142323408983144	0.4826701958869012	0.3074937785276412	-0.38530774437240634	0.6563488369421138	0.15541317537564886	0.038827496465846996	-0.9348580622966844	0.11349061581381192	0.43741975428603236	1.3616968417482802	-0.08252954972594706	0.14731644063107086	0.00406287177527442	0.32262059946068616	0.30640381026520097	0.628320336328006	-0.866702965203436	-0.4125900074055383	0.4900778748186945	-0.730660234549617	-0.2806497980591832	0.2655538289240975	0.7370138865704629	-0.06663943409235955	-0.2931243731449933	0.8878593056429033	-0.5195991247572822	-0.279842902660808	-0.7187489186176736	0.10364105338095887	-0.5766103628672345	0.4606132098678168	-0.5607603020986506	-0.3475170086600651	-0.28414392759445284	0.337353727716781	-0.21601414439101835	-0.00938835427382465	-0.4126277495331521	-0.19602717763616176
DTXSID0044650	-2.6639549125581388	0.7670843742868441	-0.3736108134058296	1.9726125953068177	0.9143188064563386	0.1767756416484508	0.33826273037891547	2.0882282676315334	0.2681317134104825	-0.18470194949888835	-0.7949878568442723	1.645486133519218	1.625276742463189	-0.20375667854368038	-1.6655739119668496	0.31403246240126564	0.8937660400364323	0.03288518421803421	-0.9807477324717468	-2.1645983761038106	-0.9074461221263193	1.2249127561768833	0.5408148996753873	1.3079801161507532	-0.7702124368913168	0.9556439322705224	-1.0727996975034697	-0.172364081662952	-0.14493487685000336	-0.13467522358225487	1.0768573596798423	-0.7101795175690887	-0.1964226668221101	0.6578352977047937	0.24446627957035436	0.4812923592205865	-0.8794283240713194	1.330347359417452	-0.7661625867087143	-1.0246478540811514	0.8150036931451211	-0.7284584447891452	-0.8413070873768687	-0.4610572053962714	1.0429319523244813	1.416239311027362	-1.0963661520002876	0.09438055477382558	0.9794815067851445	0.24948000409390436	-0.09176917129775058	-0.9706778851965688	-0.8037417202219919	-0.06788907871883372	-0.4486845928274027	-0.7447919720681054	-1.001087721751189	0.372935637201359	0.9868318071841067	0.6769409344947531	-0.032081449211166714	-1.1086423769510902	1.1008192748802677	-0.8387544693049518	1.8271283847539057	1.3959359133125913	1.5097368127760615	-0.3340036476633812	0.5323835296722133	0.6122005614015905	-0.7887831264363788	-0.43337644590583174	0.8572917526864966	0.05587064217929812	-0.470407612126614	0.06645944166297027	1.3147913092373191	-1.0907030018755992	-0.4963495994983103	-0.35927031752337474	-1.1090113406329671	-0.783229934557934	0.39704231361777037	-0.28245130556188786	-0.9824409772335442	-0.6228231747174656	-0.9879394006298581	-0.04652465610499454	0.3310474714199539	0.5810015376619354	0.9828019711669894	0.8813474697987286	0.6890114519122388	0.18975647239933868	-0.04310420634547319	0.35006666716349544	-0.935214275823932	-0.17992115579956508	0.11532942199455486	0.721108007903014
DTXSID7041201	6.695744987836329	-2.3795871849660233	2.883670323480171	-2.974353620289897	-1.5197021011713965	-2.0288578913896624	-2.219232149084476	-2.465241653214004	1.763981900137177	0.8609612926989008	2.5916461188394564	1.0374648223827236	0.06848843102873334	2.1355244124300863	3.7860050468340205	2.400429122215087	-1.7176255158743143	0.7681646802179064	-1.4218209530374644	-1.800214024452953	1.002520148382157	0.93766485347785	0.45613182953302045	-1.6368674458034278	-1.0186700399408772	-2.082317412421437	-0.8846117129782308	0.8823095851063161	-0.6346364419841171	0.4738086708748559	-0.7978617901490679	-0.01368974087508152	-1.1728519961308952	-0.2931641721401979	-0.058885878945318756	1.11540543462608	0.039947300688255194	-0.1547305973181624	0.2976799224052428	-0.22831819389671937	0.7872737684646055	1.0276533001377213	-0.012363436137971176	-0.3267587213415396	-0.08966192103110228	-0.2846061906300901	-0.1611004422460315	-0.8899956806279657	0.24401225882123254	0.8974792085637572	0.39857030028225815	-0.06104496260908227	-1.5734265950236375	0.9178396498577883	-0.2523350145592529	-0.8659313747505016	-1.026880741573243	-0.4953431104078177	-0.3153742002514827	0.8379157405380249	0.30923742283789457	0.1505161241035608	-0.6074576807028039	-1.047503170985008	-0.9286717813182521	-0.8882933868278038	-0.7631914724932283	0.3016743643371352	0.6154847731877184	-0.7395983676143787	-0.29137399149796445	1.137768616070143	-0.18201552543262334	0.41646014410557014	-0.07606716626720712	-0.439503641005584	0.0013436578550663906	0.6807694016728784	-0.5659176299008527	-0.12719999262409623	-0.6043433363549042	-0.8474637331013467	0.07436438145097084	0.48004292408083177	-0.5412665365609067	0.16102067442116835	-0.038263827944398025	0.6482617608650667	0.20259071272126522	0.11466014520300256	0.13241439188497067	0.522655934061041	-0.27314687210774113	-0.41014974763681195	0.1608438115236	-0.605255037982253	-0.1475693929700032	-0.4814162580379757	-0.2680180612135626	0.20821079502158277
DTXSID60379269	-2.8119860742407354	-2.1863798830059267	-5.504336698678311	2.2667601698923416	-1.8527193053294198	-1.0985429985548698	-4.564149127068903	-4.262803218266436	-1.053767161306982	-2.6608868902713163	-4.87111461697229	8.840314523605995	-1.8729498809377838	-2.3305448436856233	0.9035633895313296	-2.0884780419585702	-0.5156430401087706	-4.03260105413145	0.2587929446042232	1.3837721572640296	-2.2330265161368543	-0.16949188881048316	-1.7909779881068706	1.268796025177775	-1.6277121756137225	3.894100016349043	0.6426237446829174	1.1314762185810694	-2.9282619572702515	-1.0784952406889685	0.3739498575232244	-0.7550500904518516	-1.5290431546490768	1.4324775581629827	-0.21318730495098465	0.8869661808234989	1.4847864664313513	1.1190101664535987	-0.7255354738621567	0.9592421179968644	-1.026234738128982	1.3063158481317967	-0.5783969156653676	-0.6131503073033046	0.7386758314086767	0.9750038971986028	-1.1233862975069142	0.6654939323326425	0.5737084713180169	-0.41157133551077524	-2.1974719692425744	-0.9607964473946276	1.2656771489422511	-0.2789685488588035	0.4916575479390085	-0.9309284447751067	-1.263119042042866	1.6223138551880854	-0.5628374630698066	0.026349370453348862	-0.37835653239451156	-0.14561480562285437	0.0043722710685005885	0.22572640075481326	0.30787892520290955	1.8387896563732185	-0.11211616867931802	0.7385335051990671	-0.04469135780693101	0.7528212715813614	-1.2768942743793	-1.027700823069165	-0.14566828577147875	-0.5664695975060247	-1.5597991118599126	-0.41291746335661966	0.47853360444294024	-0.5928130175551711	0.3297883925853597	-0.024393201747025854	0.9777799641168864	0.08790360062001357	0.6207692192486836	-0.638914411897423	0.8385330652029565	-0.6754117154008914	-1.606272069827605	1.254306936209746	-0.5270042646440263	-0.03978751692676583	-0.07276099657273974	1.8766731426168086	1.003960420643868	0.9338967416941213	-2.0289080370077217	0.20295221386117362	-1.4340695570907653	-1.0984117237841995	0.8060863739487782	-0.4382331598647745
DTXSID5024508	-8.475135355890016	0.7868722188898498	-2.319355401726707	1.5273557857598863	-2.9334724061876964	-0.48942772570510823	0.9815125147105923	3.0703159169912473	0.5922362221271025	-0.6737339289773772	-0.3210025117341698	0.8658757069741934	1.0528886639465842	1.3109525682281407	-1.0235279485162392	-0.39402907118982533	-0.07403584426599037	-0.12196097033741268	1.9722358504617783	0.481144204968885	-0.43112335359786313	0.9311940526106784	-0.8063765507117423	-0.20494229105808362	1.3512471098817294	0.05448197669887238	-0.20707491823496452	-0.5058094355014968	-0.1286132500278363	0.5356661311018438	-0.37625539643898864	0.1794765996804523	0.14743587387414145	-0.3931056971200165	-0.9289902516190532	0.04869652149376421	0.12302929739482277	0.025121015519430523	0.10907439176877613	-0.3638018551555146	-0.6946517058038351	-0.48683812169856977	0.2766090856586671	0.4354471514433303	-0.39356425170536935	-0.14544543014760644	0.502697598649089	0.4440428808963849	-0.45775776028027126	-0.7164348066526603	0.6823073953398865	-0.14178922041202788	0.7658854181916009	0.15182064745226065	-0.4076514771083722	0.18135497234046027	-0.57557551233906	-1.0532960428085412	0.5874906375013863	0.9649458849941109	-0.19459073818469372	0.1731283144385391	-0.04756850181426204	0.31270941344544817	-0.6241577084688906	-0.9098111279014389	-1.0111399864266257	-0.6214792933411372	-0.26366203776243663	0.4196271248246273	0.3364886755855888	0.2856861675807905	0.3354168813543442	0.5938629297956883	-0.3448279486587088	0.3153347900637771	-0.06311012944129593	0.17663510558477044	0.2375220500099321	-0.2186385679708639	-0.5753887566732366	-0.052009395181849896	0.13077036866651803	0.17292540042059484	-0.28975234128126637	-0.25864252380532077	0.8682536750115892	-0.2602527648429601	0.6568780573808428	0.19462874393644572	0.08425361382234145	-0.3587358803531985	-0.46819367286880764	-0.013830113727829598	-0.12756625068513597	0.11610225544599038	-0.4330583730231024	0.020849178450453486	0.4515816068717885	-0.34282663559968757
DTXSID7048958	8.72501747255377	-7.400536425576772	-1.6713180684075108	-0.25201015631874185	-3.9095774221914374	-3.2098019827779973	-1.6209638506114379	-0.14311285591747405	2.562502756663508	-6.687402011009965	-1.5009447452291156	2.967112511421918	-2.5963199533554913	-5.032836057919943	1.6520200836308763	-2.483164610806916	-1.4320063162313776	1.1529748761356093	2.5636143445530415	4.18614554683288	-6.617324484834849	-7.145750120893982	6.711829721569237	2.929345003107551	6.330305277167268	-1.477811560429807	-2.510508224601196	-0.06671248172891056	1.9552306069461358	2.3650686433298986	-0.8971426473682738	2.0408546306395285	1.1196484280792562	0.8966149800079186	-0.0012240528751679444	-0.2674592033615952	-0.8672253816609138	0.6179449774154488	-0.1937608046595555	-0.6422531511355408	2.472620748043292	0.07790165823623843	-1.3994281376858246	0.9101384152267323	-0.7296226840601776	1.4014178423365193	0.12332957976480717	-0.2198824930252708	-0.786745760254134	0.4892189721109684	-2.0330927475943197	1.2949657394830734	-0.863620837519496	0.47836639552296933	0.9648421234013683	0.4048295862191686	2.0934762328728027	0.7379621427205677	-1.713385471114069	0.38605841936705654	1.1127278401539746	0.165836225680561	-1.0863774110299422	-0.8064545798656046	0.5737964253012682	-1.11817255533525	-0.4544507751663411	0.34593468766873814	0.325694887771795	0.09566482100100016	-0.9468516442053233	-1.5994323345296502	0.8973281798328946	-0.4684298524722272	1.7502764660478431	-0.30114307547604346	0.6091311598582677	-0.5793983691682584	0.32200623586248467	1.7081023904758903	-0.7452730251998787	0.0659837979622843	-1.3841328926626668	1.5275224196612	-0.5957321867371779	0.7357909068416093	1.0045555582439323	-0.1520436690620948	-0.4675370604514463	-0.23988602219859612	1.1645042579340292	0.08937571277888517	-0.4233225477794258	-1.4954046347091983	1.2916567910044576	0.48076579267294417	1.0222909945500969	0.9476117636072842	-0.3927877766070337	0.5983772657051915
DTXSID2045650	-5.042699112087945	-0.22865951180148597	-3.1610033165314833	7.592636576974237	2.923506270833893	-0.5223179841865747	-1.0991528361181147	-0.28258977259141227	-0.6117526651422573	-5.9145018362901896	-3.5755864109159603	-3.095566316714716	1.3185878856891005	9.391112950336645	-0.8446577589255241	-1.8242424186461237	-2.3922427967630933	-1.1487122870795055	4.767798553120877	1.2958948916205557	0.5293408875708705	-0.34217655071924746	1.3321843101844562	-1.8031743304404677	-1.4438887167205472	-0.4896815676399996	-0.30426095698255745	-0.25517951234639463	-0.22984572934013717	-1.7641546153858696	1.231615960894069	-0.0475304712924151	-1.462705172611188	-0.26036882759658425	-0.6250692237688038	1.3350294126548627	0.15713807771171565	2.14879271736608	-0.6144037510869551	0.4799631462134384	0.1715884768509056	1.3365927088914542	-0.3780307948674609	-1.1879547589103994	0.20573249115799924	-0.8230190314596315	-0.8489082329323309	-0.678302354508469	0.12847449364106822	-0.010869179104760734	-1.7030960052559876	-0.21385813747119659	-0.035339262796524856	-1.1409642412710308	-0.8364562351208674	0.719239481529458	0.3426588285971037	-0.3332096334666134	-1.6971782781510938	0.262125514632927	-0.3793177824677389	-1.646975722546569	0.533004013558121	0.6927919678287155	-0.2869204130879791	0.35992522404637306	-0.1982912436176246	0.23446170460417054	0.7590989969853882	0.21343641082791617	-0.32300362491162143	-0.4158037407989513	-0.43772771237016284	-0.46263908782855295	-0.13853663860841003	0.24587029290281256	0.2793662544789128	0.07929558231791786	-0.2900612123713584	-0.4435528860304531	-0.1939941196978828	-0.13013479872368702	0.29823327594699267	-0.023859704556939153	-0.04431977318810573	0.09207618194037069	0.2927113163793039	0.4229143636923983	-0.3686510763359649	0.23855876991030955	0.08013672157177346	-0.15742703572315334	-0.05971022608973931	0.22028158948562795	-0.31757081953031924	0.17311427573537091	-0.025519695306826875	0.22098775033882426	-0.11385838728458529	0.14524851293954175
DTXSID0034851	-2.793800483804731	-1.4231359125772733	-1.3767453020556801	1.1595677738720782	0.1835294947206711	-1.782503633297938	-1.1158898694974657	-1.6071083680021905	-1.0302455146477119	-1.6325423834554058	-0.6869944017896232	-2.1818661871875493	0.27702334713542887	5.388607993023751	-0.6475873838506476	-1.4977510946215424	0.185385919977896	-0.27370818500027055	3.7040269191690847	0.40668829162886116	0.8363884432500694	0.42921408090911095	0.8540591049264237	-0.499684518543514	-1.3676789328646026	0.739363072981256	0.04127227786238386	-0.043687474114852555	-0.19031030167284985	0.5344944985020379	0.8756499620534793	-0.7923081817216517	-0.16245366189249716	-0.33328285423133625	-0.5249297898925545	1.1204627881233145	-0.876701951401234	0.8321614916334331	0.37342333377736303	0.11086769541010089	0.8459280445889413	0.3805253537678557	-0.6413450927911764	-0.36780521066379607	0.2989749654120308	-0.31935819924979664	-0.012554558827595692	-1.203316628373299	0.1488351905785767	-0.8376975253393757	-0.9396539069467302	0.15072674131999161	-0.12097294600747924	0.3954695553124237	0.16554973470696888	0.3136078252185865	0.7053130060321591	-0.534642971921476	-0.8732993322672536	0.13827404935185353	-0.14244492635751146	0.2213642079977595	0.2877461935398995	0.26463367139790644	0.1628892636878643	0.7193315593529818	0.11922690052793132	-0.6099738085109528	0.12140787766868218	-0.19336723627569505	-0.7417270614919897	-0.25924803937693497	-0.037418863002656365	0.08841152536068611	0.40725670289574645	0.1522864694553289	0.03189778315252268	-0.2220759680589015	0.505702013073456	-0.02606288133431729	-0.32524965947362616	0.018047178655783872	0.30681206141905293	-0.2838904743976231	-0.9676986040007336	0.3589099223012905	0.33766563619644346	-0.0510359348561077	-0.9333552042794673	0.208715594995113	-0.1068797300440309	-0.17367168834643057	0.015612983100783854	0.4331563093149623	-0.14231399407439518	-0.06785937404047584	0.18399797139916632	0.19298040336512498	0.15713537824874446	0.1483668801107188
DTXSID8044410	-2.0734154137170857	-2.8604348615455466	-2.0155617910032184	7.339273714277203	1.2582668967924127	-3.118106124472881	-2.6164169641031236	-0.5374512961677602	-0.030856732894058575	-0.6906003902883945	3.16772784607712	-0.35831242642595185	-0.1928404927158301	-3.257729475520691	0.40620690192366105	0.955083096264429	-1.5659800098165624	-2.698904695589872	1.9769910104745205	2.2302572662954008	-1.8264159672633873	1.4159153010525227	-1.0593373766544305	0.4259475877205575	1.6895277570921483	-1.4374536893205938	1.6740186633722318	-0.4123172580363136	1.5825485675217117	-1.3976837762928545	0.1095298868532146	0.9763967910774473	-0.6571565188678369	-1.5427752554491048	0.9687186803134141	0.6488069856112716	-0.6558110993120804	-0.4273535987059604	0.15156676742194458	-1.143901798879519	0.182807532586256	-0.37922457424271544	0.8416702270351878	0.7868549846029629	0.27863230957336826	-1.1709542649157214	0.6263110704169101	-0.3343423385643549	0.24143480793290595	0.01425040062849153	-0.648478198618115	-0.1047789911848606	-0.15043441666372234	0.3375701941696378	-0.30239889744234855	1.4952264867503144	0.7491304588708008	-1.7258729458035513	-2.911673453910747	-0.2531847714739451	0.947725658430501	-0.06868839566228906	-1.0686929387720432	-1.3834687194493605	1.2511426756210238	-1.0308147666028975	-0.6347131888271346	-0.8143427132297297	-1.025225418016508	1.6028405614423786	0.7355586251088325	-0.40210556858453117	-0.4173653262399844	0.5295531417830155	0.10118719757295551	-0.9117581528959157	2.564333226126358	-2.8758192467770973	-0.5133661710214925	1.7700192193720987	-1.3183381139581571	-1.408377969818554	-1.6950701384908748	-1.2600459734297145	0.8620570696870193	0.4032464601488221	-2.7913207875034822	0.004870876132479109	0.36445221416520107	0.3871991849195921	0.7972839713777982	0.24384022823411658	0.8385835799290513	0.20426569654899956	0.6760682310861089	0.7673841442847659	-1.0409231586821548	-0.743779671587487	0.41898439431848356	0.31796298510260457
DTXSID3045778	-0.5254130599693919	-0.6061433571413519	-1.6987461431624227	-3.197438666150725	0.021203312819322428	-1.266524458875617	-0.8284762435940527	0.6793517717898098	-0.32420214408004	2.606659823412062	1.8301829504461853	-1.1187931766458639	-1.0658648002062219	2.1529506553317175	1.7900983784980151	-0.10584987339003867	2.5853318262363794	-1.44237966453413	1.4867995689435765	-1.37426933303437	1.8663510828079366	-0.7219429716046241	-0.9761824151812033	0.17086771948314303	1.2484731081990599	-0.5044064493833259	-0.2981643350222524	-1.8069856879958406	0.3341360406578311	0.6166124206099116	2.404984875611769	0.5142962637351453	1.171035268460218	1.4896647623489199	-0.06448565747045697	-0.39449701774748885	0.19262135963604812	0.6946471515791794	-0.18555320469753858	-1.6269830075554406	-0.08103027472295443	-0.6426858913090161	0.40413515368594566	-0.6450471985899501	0.5475017469616098	1.6582872301333564	2.6515129612837782	0.520768600000327	0.5042960926312405	-1.535114494509109	-0.07100010594539403	0.6190331793014496	1.0118083582308646	-0.4199782128822096	-1.1647533025722876	-0.895797134248299	-0.7539063225920121	0.3916248775682756	-0.4582338027376733	-0.7753932146030732	0.24507172499344715	0.6931985639320437	1.8585684538494203	-1.1913895555385872	1.1179404836339346	-0.2666436138889666	0.17832856577861558	-0.25339783694203216	0.32712192543408547	-0.8079895201586379	-0.9555561200095888	-0.01988482109743993	-1.1033851595618793	0.007845931099125241	1.3547043053879513	0.2029902581394228	0.2727262364575924	0.400426467734368	-0.8088410078558106	0.1392308674378089	-0.028325006947822067	-0.9253488561968894	0.2517969980880414	-0.23710257132573112	-0.817979433062265	-0.5477803280021012	-0.03224648742437118	0.12777020842082912	0.09037804560882064	-0.33416875133517365	0.695929686954673	0.32546977878124195	0.18298848137259133	-0.5430764393709514	-0.27136099375841394	-1.0844151265814181	-0.5004065884781045	0.16465611679306769	0.2723946569009575	0.4671187051629291
DTXSID6041424	-5.447718021057858	4.528161253954974	-1.6130826693896942	0.14685012755603122	1.71970622252971	-0.18894344647813127	0.5915807137039584	-0.47772926162939533	-0.09169922462233096	-0.9378461376517085	-0.5813547839603973	1.2728033335635773	-0.31946978783075547	-0.12325698335445277	0.13159926810463707	-0.4073244981001089	-0.3242950093294586	0.5832254634453372	0.16390990262125057	-0.5423041210222901	-0.6386078837810091	0.2893325427321083	-0.46042760118275905	0.5920672212332683	-0.928619510532461	0.67465227738077	-0.004960310012613693	-0.5901377286705797	-0.16562767289743605	-0.08306379591293551	0.3808283005230624	-0.010444407382749186	-0.10577408680195327	-0.18297548778176165	0.6832102088499673	0.12200779260318355	0.27789237982969406	0.7115518281419798	-0.4075217891667274	-0.7811343278277914	0.31058028543731203	-0.46126960235783754	-0.21424252866436744	-0.19207296970702656	0.6016047562151874	0.01484247669851277	0.05090689608511884	0.4210599346197995	0.32601163493194907	-0.01607142909816873	-0.2926220952215068	-0.7570748241340113	-0.007504571480977413	-0.5203315607212122	-0.3815156409043717	-0.8716469576790815	0.01586131379363069	-0.9950134910377286	-0.5243201078288088	-0.35503889410678713	-0.5100012950078588	-0.24046939640939005	-0.1978734636599769	0.24403350334307006	0.019098178527620392	0.20137078316358129	-0.2968672221513921	0.03189710352484334	0.6997866648747668	0.12266713510785061	-0.13057697083441366	-0.2498591078056164	0.46850778404152765	0.31114659472771383	0.27561936703960543	-0.025939197790240617	0.025046809730825622	-0.3843869466105988	-0.32136846935978003	0.23828795165397715	0.20840266326646856	-0.3672381628073792	0.5834030469377653	0.022531052742597493	0.07678343919657218	-0.15644614770091061	0.06872826518591134	-0.27043239897186594	-0.7333800487466011	-0.20233745831644293	-0.6506142639607845	0.019137387523891596	-0.1073320764488978	0.16860577676426985	-0.2159656720670957	0.22593722126610205	0.4694320769251585	-0.6369336250097806	-0.5821445477964138	0.003899988724037444
DTXSID2020341	6.441559287565775	3.5946286198127386	0.9734329973753447	0.49101131578901897	-1.5820705686119905	1.3751350182504394	6.124184664887217	2.8236561487860694	-1.46653513460449	3.147608071376917	0.9631020811140024	-0.36649854996299747	0.8783784054600716	1.0670240442394736	0.609111336179631	1.4098380242013235	-1.3939737720390177	-5.342388157331075	3.0587831559546292	-0.2017494395304955	-4.63302980454348	2.7789068943508157	3.1353436184964494	1.3606570087591896	-1.6089809349729522	2.025175668766199	0.23031225553388684	-0.001167927402150248	-3.5646121951378507	-1.7804645357420714	-1.4241810322407544	1.6297814424053472	2.3815160518609035	-0.7412278385957761	-3.923306163491771	-0.027067714633389455	1.0082908898918355	-1.0597238374019515	0.8616749090359117	-3.289669709768645	2.3613776256248866	3.3187300869741785	-0.24049592783281132	2.035614615728079	-1.246499831624022	1.2552088014939389	0.36053048023855405	0.17643965074791337	-1.9699880781956036	-3.5639538446000363	1.8835698142989914	-2.215097112791966	0.8633691803742697	2.876308330226643	-1.3441377213333878	-0.8167913399093488	0.3797191411539077	2.817478345538089	-0.7584407963240268	-0.824568326448877	-1.6330459341202597	0.6200654162153483	1.0400438524994384	0.07705395141697699	1.5486796574837494	1.3651778924259803	-1.0400868308089182	-0.26593730986208286	0.8203284111765451	0.4325405762346192	1.2372683600005987	-0.6140732587588855	1.102581054242556	1.5047226047108324	-2.2550801784907124	1.8780197844208693	0.4107472682074879	-3.1351068346016993	-0.07923479960798539	0.16060073609780592	-1.0583347173500433	1.8514290105654343	1.0820534482293174	1.594766514616267	0.5250634765727515	0.58108637070089	-1.1627780528207488	0.5452458219898352	-0.8037798772519652	1.3308482509512	-0.4567898668349229	0.7163866820068151	-0.07968769268075938	0.7036473025842912	0.8746715491313356	-1.035669279060338	0.5331648733827703	0.24057972782997666	-1.1246583979946612	0.36649812726594394
DTXSID0045886	1.242593909751122	0.9816306004715867	-0.4734605977329675	-3.026047388184378	0.9995101323336171	1.1315242813587965	-2.161223872950315	3.0193227058925234	-1.204900806071784	1.568003024648172	-2.027667887769874	-0.17470813538913998	-0.9468597992767164	1.5647076898118408	0.018307418156253696	-0.9621199842995835	0.39144232103935683	-0.34815901888032325	0.0582332725213511	-0.2153994143332201	0.23774240624715917	-0.4450148014137097	-1.353435253521025	1.2353163269173184	0.8081462024781477	0.1017229913827166	-0.26042208229547653	-0.5377487053307738	-0.22069160935046764	0.20648346752220828	-0.26308778924557885	-0.005607456168359039	-0.10522924016783755	-0.7653478426104229	-0.017112666728628084	-1.0429848353476179	-0.20026388013892288	-0.7853976684874682	0.3149033432917376	0.8499930420354381	-0.4318228664634093	-0.8843695618267061	0.1681519842166592	0.9318360094287913	-0.2133020908378197	-0.610222708224119	0.5215775816739714	-0.8335433104035657	-0.909755115749731	0.5760729803170787	0.7085618643068243	-0.9179885382867313	0.824244628482023	1.0585545102737208	1.1026139743985917	0.7028216418641556	-0.9026907115295855	-0.9270646579969752	1.1085812821286802	0.352036378264527	-1.2278798751091111	1.0911886724366102	-0.4175620979321976	0.1908198894339865	0.5924048545561463	-1.1655312773237736	-0.8868279463553403	-0.9196244263986519	0.9348022037310775	-0.5534861628177422	-0.6176852218086818	0.22218226765930732	-0.5168885056687877	0.6383311428446322	0.17207264700066754	-0.2639318798286384	-0.6850531733345583	0.26017817251531916	-0.10679405753819315	0.4643769017514292	0.8899887171332534	-0.9665941444302824	1.0285987654191937	-1.219307488676402	0.30147748211039604	-0.25818818438103697	0.3016476760398107	-0.09190416155875707	0.17282968682395805	0.1836978671071433	-0.46999421705004685	0.41449984518622274	-0.13036908974485636	-0.21345182425244363	0.28990976302379523	-0.926845793126602	-0.7268654184238827	0.3203370362330543	0.19165851535583756	-0.25748813921088953
DTXSID7025764	-4.4454760913996845	0.33452386821831975	-1.5273812959393338	3.7749124944740804	-1.5288220286965932	-0.12887019258290253	0.6395631682817788	-0.012389394334845453	6.070508180640344	1.9644893796134124	-4.553979235430864	-3.048693029690931	-0.06438948650720062	-0.8355534239411851	1.2010382411822331	0.7808606574327228	1.390372627563696	0.8852275568682728	-1.2276940267569838	0.6706856625927269	-0.6103266196874771	1.216223846829394	0.47836337656495664	0.8934149407236742	-1.057004427258426	1.368014246504316	-0.967157135654694	0.2993353060742575	-0.31443904131395406	0.4355651036090049	0.5409634902035989	-0.35726011364795585	-0.4766672623639281	0.891907825066881	0.4627399383146829	0.2027837716607253	0.21439435165041168	0.3733251790375511	0.0921934462723077	-1.1289365991210965	0.5217138430562497	0.005656109109759764	-0.5307896169437955	-0.5164164069684987	0.38106701173967983	0.7689463821439697	-0.003257564344868004	0.5258489304468976	0.07156500433293027	0.21728823294333463	-0.2255452236328652	-0.011000898793427537	-0.7063086358403072	-0.43447975652577564	-0.607086538534381	0.03483250247583341	-0.3638861384309097	0.4097952984797759	0.4046752266967441	0.14725068795202542	0.27161819533015996	-0.44655927027226455	-0.19368771206685098	-0.019054851041794364	0.06503026156805856	0.6457801846893038	0.054096232933442935	-0.18996660460214085	0.9802294432892954	-0.2635918325142462	-0.405539656618411	-0.672812211736543	0.24473980477859136	0.294493059322112	-0.8393970448623764	0.7023560328067604	0.42374003537722604	-0.7972884229577115	0.05536921488049041	-0.14709736977024865	-0.20695872386275918	-0.1556761302273327	0.25075450388390563	-0.6553545172894475	-0.2529229008679687	-0.3080300440957234	-0.7016554527433964	0.2608102314034937	0.10492913451884245	-0.09632497130646178	0.37829153230320633	0.7084342155761855	0.2654073033658478	0.19181726012117536	-0.28136044209467553	0.23513527637599582	0.07013858960740676	0.20737889609437415	0.016389302011040018	0.6008652046364155
DTXSID9037745	0.1582033586045376	-1.4579154283542441	3.4375430201622486	0.930989250213436	1.0560416548337013	-0.1778532874131776	0.5566670024369783	-2.827779966972016	0.4729913222999574	-0.6134932919391627	2.245674811499052	0.21724785094249188	0.2105146796598736	-0.5635450491492575	0.2396435602808347	0.25578200101427323	0.000453436898484902	1.0129773222078329	-0.18347611460160523	0.2993413524549332	-0.32505035170271124	0.1117511608007127	-0.27405486152990827	0.23235310719980157	-0.4165921919666528	0.04493683470239288	-0.38950435350840384	-0.3503053135229782	-0.004124639399208257	-0.14199888817758202	-0.6966195142786282	-0.18784851292331134	-0.6374118155166106	-0.3508611982119992	0.1755535092776052	-0.24361503491113376	0.3653782078105638	-0.5341286658240578	0.3547202050422719	-0.49853368451772523	0.7320286278652759	0.25335069491439266	0.021969287935872748	0.22225119800974136	0.26014700843321703	-0.3327961521502609	0.5134254211190274	0.17656161281797092	-0.18220184149428387	0.9304841495360954	-0.6088105728499851	0.8314338913133817	0.029070714094449973	-0.3307590157803362	0.6436646760432941	0.34885455146997585	-0.7058799274717691	-0.333004921821161	-0.7840537675021161	0.5486504451958651	-0.5488419878701825	0.6772684192667194	0.09118560195816457	-0.5977571557781484	-0.7112814275094754	-0.6527656992619457	-0.7507572337802532	0.03791284342974691	0.30002215106580005	-0.04103320285083808	0.14543402642485545	-0.0031919486389906334	0.20632584741844026	0.8889496710209507	-0.13894848807718566	-0.6684253751710949	-0.5783612141719244	-0.11242630409643874	-0.20430247330343523	0.19599285679487286	-0.14182780182260846	0.2912598982992675	0.5592082293017971	-0.1403131410669771	-0.6238486286790681	0.34436656064250637	-0.06635774043555097	-0.09471038562494077	-0.158417501097082	0.17978219684356314	0.32935675700032235	0.14459766947967043	-0.03686454539730673	-0.173024249250155	0.024949729689224872	-0.5762136668563037	-0.04622363053359628	0.03411791242955219	0.12799302383105665	-0.023925320133295146
DTXSID7045811	19.921090290452593	-9.404923069047221	0.3008887193457622	3.968760009996273	10.056240431462205	1.5783556377470802	1.6584445078510268	1.1986661491797448	-2.5673905784015028	-12.38087858865618	-7.040236403978358	-11.18317363126892	1.0000440501034715	15.20362146288521	-1.5120152388007213	-0.8745071908990535	-4.860948095984591	-4.359762738014713	8.58330255111529	3.115415579128705	0.41000238547605106	-0.002752457999324555	3.5244280630570737	-1.6096450038086498	-1.9126394894223726	1.298556212816672	-2.4977416109685793	3.266550172204818	-2.219733711814441	-1.972980854031595	1.8999458578687705	1.680480318258039	-0.869906867485905	-0.10362706012282873	-4.037011227580247	3.4237198824131485	-0.5338966182326884	2.6140498296166856	-0.5482156131633169	0.08003845080336391	0.5265764649297074	1.6773358053832585	-0.7252307055575075	-2.1250610380035995	1.446008802823433	0.901745271851767	0.5546340960764734	-3.012409415907819	-0.2103985959903742	-0.5402545430784073	-3.406764808883029	1.677095357305854	0.04023121100366609	-2.7551172888302493	-0.6512554059296021	1.8107195371575031	1.447673094642524	-1.4377614046378784	-1.080823979899124	3.002226165964922	0.21032933093341957	-1.7935424595995468	1.892659377858801	1.5641947308183357	1.4729655764362632	-0.05406051732790724	-1.9499963921913772	-0.8251476131849341	0.9822632963488047	1.8495248680377985	-0.5169966626669587	-0.14274810712302696	0.6074502974101597	0.8065353724500408	1.5961777203171579	-0.5094935766426221	-0.8248902570214641	-0.015941436036382206	2.1915309180420537	-0.5287786816832359	-1.3264130115548256	2.597528175016424	1.9080804460593668	-0.3183333389241733	-1.7734422110087822	-0.38128763626829915	0.439234084681734	0.03147892442502049	1.1970217901364517	0.48672346473379313	0.08264287588780794	-0.22400684881010488	0.020104983596066862	-1.4519912494328164	0.3462630777842253	0.6381633716608693	-0.45753932797643626	-0.5590510698465865	1.6798844874271204	1.5286100700325875
DTXSID4041238	-4.822378426704559	4.882808536830148	-0.5445317638845332	1.4866300913161783	0.5547991051288506	1.2978446121457503	-1.2629048175741275	3.1701154797894016	-0.07476815479814085	-0.3147808698451526	-0.13302079213361861	1.4868658773645818	-1.204158954693972	1.421399312931782	-0.2764857296526237	1.032472761658604	-0.6789817973508152	-0.4734202028753695	0.5635422752478052	0.7063632324299957	-0.31388373574491224	0.19758460373015652	-0.08739681441383876	0.23474909159638913	-0.295411994518123	-1.7860456228317443	-0.736133698626706	-1.2847295791183357	-0.7731872579811264	-0.4518849778332976	-0.4327750377255016	0.5623442308738061	-0.43747647955548735	-0.4488367909085281	0.1377877358391814	0.2862763777606575	0.3061152984213418	-0.008452525104730855	0.9362786510739658	0.5619985794825171	-0.578869574964487	-0.4690911934529446	-0.1360654050017534	0.22211779103041374	-0.19118482015377994	-1.2300356732068973	-1.2619581921412433	1.1667382045108452	-0.16148658124866258	0.37952499924610505	0.5560993209267436	0.5345330488340775	0.6559501380582454	0.3215788026047457	0.12258222602341173	0.8057204965195611	0.46378653588810664	0.20436098604195413	-0.03932671357353903	-0.8344865012541695	-0.7377489383619134	-0.2834126461728909	-0.9134559495569662	0.572351835347917	0.7130981043751721	-0.06603504955241891	1.1387129896944175	0.9253955305351372	-0.5472287476764862	0.708637035294878	-0.26510418112191525	-1.0635858396426405	-0.06923596768024046	-0.5265516380717131	0.30880146424063604	0.39256250092098327	-0.4174855843577978	-0.6826907781964854	0.6024097278066827	0.3723545675780647	0.1485205028811326	-0.5192204520649577	0.2511078047492249	-0.5258603020409255	-0.11831176403572748	-0.8024917856319002	-0.01330634597968778	0.6964989766272572	-0.346309857905574	-0.14508263069310398	0.3706212943234751	-0.17510124254903456	-0.29460292713710406	-0.36667224532259474	-1.5710635577831116	0.6396105178798392	-0.07963343818350645	0.3453023863552148	-1.79534884400778	0.26329264533082875
DTXSID8020381	7.5453461998438875	-2.060114018625047	3.0133219240643996	-3.350063423503184	-0.9526501565024046	-1.6918968046243985	-2.480234288523358	-1.911688946705213	1.5805533882139224	0.769996028691712	2.400927292419305	0.5972939065692513	0.20299304250733494	1.6516501166127766	4.251617273882282	1.6208265396994157	-2.334564872224079	0.4420832458427483	-2.007865823555888	-1.5809902195337684	0.9545728228899502	0.4561860448990373	0.5842687995832428	-1.505760267993566	-1.1234551230884204	-2.037350758382618	-0.4151486820674306	0.7764286093403521	-0.37827702101122085	0.4741365339781952	-0.6924648002997744	0.11101395219002508	-0.9163689229858347	-0.6728300855520394	0.07121978763549054	0.5047266848914672	0.05225848558190862	-0.46028161455136435	0.5016969400183776	-0.43089939935937804	0.6782488195935874	0.7051421400967408	0.3818200463281257	-0.21290348247258223	0.020553786768673917	-0.3446053267145429	0.021460455619181848	-0.9810686697084637	0.33439734189120607	1.1558219036926936	0.6007664448997263	-0.14937146691206019	-1.4021734824647984	0.4821708061853253	0.0769943686820739	-0.5439050071659137	-0.6956435182744977	-0.553486259575537	0.2970563919710066	1.3857286470766381	-0.054355819060834414	0.5851426258627329	-0.31878887553419366	-0.6630396679300872	-0.011150974030269344	-1.4124762870270808	-1.8770250952410266	-0.7153852218807036	1.236432920742867	-0.7329596281331137	-1.285219441044081	1.418284429825615	-0.34678680029887593	-0.003574826638521839	-0.28155838295022795	-0.09042770768545343	-0.32501703897547235	0.7334582681665139	-0.7608297453416827	-0.08503915083925111	-0.5411888622135852	-0.7960429424439784	0.11928583822642026	0.03273770899556699	0.0206866540542909	-0.1594682344353135	0.056626830814187706	0.3208236421648704	0.31625609238172003	-0.12255516291217311	0.07154232388374886	0.533064449448609	-0.7378564527758121	-0.24342506904262182	0.011344868452022292	-0.14625417085080017	-0.6116726202030051	-0.5505269675828232	-0.4439028028738273	0.01929553705149804
DTXSID2046412	-5.8882978221321185	1.7156092674383936	-3.0510593604976273	6.399502825251371	1.2365401937361715	-1.0480564475672958	-0.5739152272474805	0.9028988728790575	-0.32906975708210423	-3.3453274792082595	-2.354303651823078	-0.5715827573951522	1.4040380292575707	5.122893388706256	-0.9316983691755315	-0.7964317987983488	-1.0627161330155932	-0.6864849116655561	2.760841176606474	-0.13864505956678372	-0.4107488680999917	1.0636725478779732	0.9546846849475618	-0.24598898104241498	-1.251019643728971	-0.10936110989318078	-1.0701179613201417	-1.0913599128452438	-0.43545467942251315	-0.7798367170550138	0.801789655343576	-0.4241635414180598	-0.3761945076682682	-0.7002008151994021	-0.1339405854309184	0.8087117353000454	0.06378963244039824	1.2638077376289483	-0.12201275011906217	-0.38383597467554403	0.31176636439612315	0.3265183929751271	-0.28459920697002367	-0.46927795381136383	0.1855065162370465	-0.32254408325481804	-1.0513208924692825	0.17362015485796053	0.755425725732659	0.016581239996753806	-1.2027907442778036	-0.327840881334075	-0.054762882105311626	-0.8374188677358021	-0.737949533257877	-0.23912961649633804	-0.4144295086870684	-0.4787957028892545	-0.8886449541980627	0.5815712420892567	-0.5005758101974109	-0.7304380925131967	0.3493505246866315	0.09074436922831224	-0.1015531709063066	0.2500037003491575	0.10662789963351346	0.09177206110458769	0.9608486515176626	0.682016864234	-0.5616869933428057	-0.8542461282567387	0.31604733628894366	-0.21343666917713422	-0.46792645159183893	0.13890205224151392	0.1276872887432549	-0.40007093862743903	-0.7842933226735828	-0.2550039563433677	-0.31903231447289254	-0.7103634680930829	0.004743574477213806	0.1045191469523279	-0.23661654756705391	-0.34608144653935397	-0.13358828108514306	0.35395036996127105	-0.2555554628485928	0.2712719121692962	0.5246186917879577	0.5259670253905928	-0.0036942315723930428	0.001566651856984685	-0.664853210932877	0.4844099605503803	-0.04513745646098386	0.5655521025084644	-0.6365965723667354	0.16822608836074907
DTXSID8044751	-1.6918656836208688	-2.842927254433381	-2.5632690884267713	4.011228707888904	-1.4111168441072686	0.8179439053189903	-2.5229739753043554	1.4575685888929142	1.971082961493348	-0.6468404434690314	-2.3019801880903166	1.495377915232474	-2.553299638794949	-1.287964633111978	-1.4991616570397033	-0.8986566219714003	-3.326031277305165	-0.028210478635030692	-0.5429860929336774	0.6939013726952304	-1.081401543115711	0.4808575211849276	0.029121997889415663	-1.865074575215332	0.9442582872134347	-0.8318355125181428	-0.6794629326591508	-0.9488920804624287	0.5238210388516518	0.6136591937917336	0.10536855462882741	0.05767703398325024	0.709819788995116	-0.35193995905286574	0.6437042752266598	-0.6211176055978107	1.7827001071568702	1.935112066738801	-0.6363013786843634	0.13244154672134345	0.16664086245776805	-0.1373453519031114	0.6608129447912338	-1.0024693185285969	-0.01833983734214722	-0.10528550812899128	-0.8420878328586577	-0.098647181640761	1.7906376339548147	-0.45307637266261286	-1.448086502065799	-1.9704207212930942	2.421686159644278	-0.5561861403281039	1.0741834907857355	-0.5041290484370484	0.8294892992724332	1.4384352291849958	-1.7139036720462024	0.7084030108554432	-0.06781017211869798	1.1374915086825694	-0.06172337126618122	-0.08974514973043336	-0.5077589343355761	-2.2027551385068755	1.1002433427376783	1.6929088363263993	0.754505900452553	2.4431982141482504	-0.5567035685390712	-0.43848354473994644	0.39993334607055864	0.5618690801699345	-0.937844165474493	1.2641537649231693	0.8292037414430572	0.12752252839106187	1.8614972937278051	1.047683823568671	0.32633044003028955	-0.43030734733845905	-2.321527992192792	0.2645228337752573	0.7740621739876012	-0.05012854627326716	0.6244677556312818	1.269797876358976	-1.7707898633832733	1.3617150029607572	-0.4041268915278533	-0.8900297482632881	0.5068002261622401	1.3671073747861033	1.3291574334716065	-0.2155758429122505	-2.056187250613071	1.435360834017207	-1.6218497679901684	0.8426156233087091
DTXSID2045575	7.807403106700637	-2.158233072698006	-2.7788241253468726	5.873319195899972	3.8630672832587027	-2.8917968072396913	2.411576754242672	2.483270634778395	-1.7654447052291478	-7.040452272972913	-5.588001461012747	-3.7328020223049934	2.797049500396543	9.134497139223505	-1.3435548569196798	-1.4376824255957186	-4.635448884143512	-2.7709700975622886	2.4560503297085985	-0.7067490809158158	3.35761256943091	0.4156373206593302	1.9308666514517498	0.3921458405774049	1.9113235829280193	5.05485163709477	-1.4621823262324252	-3.9307446516720317	0.7547034147933954	-0.18892662793490916	0.19268777683904678	-2.8906467671722984	-1.1009553212673544	-1.2214879579044293	0.8380373211683895	-1.1566636858385058	-1.1557126320557272	1.4053030492680836	-0.73364239752991	-1.4360619387329432	2.773248486887254	0.35142074283658103	-1.0697368680080817	-1.3007622331590343	2.335909365333745	0.6900891233337179	-2.52037341484859	0.1426950541707239	-2.780206015976274	-1.510539791871355	-1.4140475897748748	2.44762672279988	-0.19211760422194402	1.4281468074462869	-0.12767052570719198	-0.8536798290197722	-3.111187246476984	0.2612071767820551	1.920962509841298	-1.9063725502935964	1.4783179155820805	-2.2772635875766545	0.7350158917659749	0.17643524935023336	1.5568214920042196	1.954769786767722	-2.273441625447273	0.5233409586635354	1.093566854407355	1.125815179951837	-1.2431938658680188	-0.4406826443598881	0.8462551126825528	-0.5557952738602626	-1.7097090308322311	1.9108125002881604	1.3414184745909496	-2.7552442083148376	1.3826894920608872	-1.6470983208156573	-1.1674813582183248	1.4380539957478458	1.882337440825149	0.8002300131551238	-1.2879211827407617	0.3568608426526572	-0.3113330030668379	-0.7282453468041044	0.6582002521615554	0.5979376441605546	0.14864894681986923	-0.320709288318196	-0.12690770300980483	0.33298825517899083	-1.3784907560426818	1.5150083130669776	-0.18421917813445088	0.004898963446550662	-0.030380789636657593	-0.5130724091830128
DTXSID6045244	-0.630788988023706	-1.0005102382439954	-5.827332960084611	2.4615374183427137	-5.371558768700741	2.2446931983967797	3.7995191204327603	1.4508011227897686	0.7967897015608025	-1.984229089886913	-1.4049614178274408	-2.6526415638523715	0.07220055710305527	-1.2207343010344733	0.22071526717526999	0.8190172353361999	0.4396325860328227	-0.9034738302330683	1.5461024165243502	1.0804162945996236	-0.6735792722930906	0.9185086500132227	0.15378861485818013	-0.42139456457478125	-0.061300793481785125	0.42722770957525724	0.2989209916162555	0.3280907642969094	0.6207856408936454	0.053094256700642085	-0.5634120651131906	0.13219839562827967	0.23339286530325057	0.370110670663286	-0.47362945587716965	-0.14281354998231882	-1.0009977645857926	-0.15952627171528838	-0.143108263476058	-0.7241835329856721	-0.2531624445538458	-0.8930782104434805	0.5324156442891179	-0.998840241437292	-0.3707298089269024	-0.38792616562701454	-0.5161179496250957	0.792995092843885	-1.484488744932461	0.006685014062367856	1.1757774243974424	0.5275432917326816	-0.4687621387529251	-1.1046992673521656	-0.5631550971745896	0.42113759581605714	0.4006685305645035	-1.8844310602416303	1.2414892463446123	-0.12817188191119774	-0.5590865480266843	-0.884502899758343	0.4786707454850973	-1.3171417900436502	0.663568553453195	-0.6751454142091606	-0.1296488885039218	-0.2170728389108501	0.4486837483834949	-0.8043111033014201	1.5120904823191046	1.7229952313386665	-1.6707516605522226	-1.1914745384679313	-1.1923798491981668	0.5419273104692679	-0.4739328529739382	0.7004817144598988	0.21260694152008525	0.4817934741112679	-0.8993066224070618	-0.7429654795268241	0.14070946424397462	-0.11839558598447805	-0.10042665027534954	0.989114215152837	-0.12787492667287853	-0.24311707098142452	1.0674238957038802	-0.005337452729258328	1.32327968121068	0.6046513558380747	-0.3442275603785563	-0.43209253728580604	0.06951023340537961	0.5345998591822569	-0.15025013246711563	-0.7009735725712237	-0.006897961480335393	-1.3803180355305218
DTXSID4027781	610.2592642474046	-216.82487956636908	-61.18229193050313	854.3876469172515	227.11931763321076	-203.51711781508726	1528.4017295707336	299.4007903782211	-367.45434659685685	1785.8978699050165	-586.7909524281004	1555.149798153942	371.53594889482827	-146.81285298722472	474.18206105759214	-789.4927859477782	-507.46294019618614	827.8360076745987	1029.5605225768147	285.73239170826025	786.6229792795301	-384.43075500967257	-521.4846727587194	129.15122151405333	-298.6818370614785	-519.5106138041683	-252.5641426738718	271.94796852001355	65.6163220783111	225.77046714705625	73.82914433389043	357.10877846721695	-52.913227716272814	210.7832494494267	32.673672372635345	439.46009691109253	-118.89544570543707	305.4772336290841	-249.0378307461844	81.17762072948507	-21.677325528323948	49.1103940926811	-109.10852972567518	-89.55551905841746	-35.49419227993641	-29.553560596461846	60.407713661995736	-213.77585300362497	-23.413323189891294	145.46587593669696	-23.646417976081672	-351.41045659608466	-310.58283529783586	-44.54279232805799	-75.77299527071317	-120.13688329249051	438.54719124596033	66.61821128958347	-650.5312226229294	-234.15411690724613	473.9581655042772	-452.45720280991594	252.1699361895491	47.94532887019946	-375.5701903447141	-1234.0777653622156	-108.17113750379544	-491.0284751208292	-390.82423870858145	150.7353382745374	-429.84187383338013	-737.192329951118	-138.68797821110476	-180.7008069865953	184.18537086109515	257.86845084395713	-748.4552125349597	53.36387321482745	45.111244611378886	-739.5384537042848	779.6581368620034	-697.7777782438097	983.5156196380024	-1223.1948877120137	-951.010608317801	975.0352284211724	-310.9794392173191	-435.43685677074603	-115.14236508707833	-287.6003618067374	106.32496732835158	-794.2611728213351	280.4005944298934	-236.2366307795425	39.28738477902078	1737.3337361133326	-174.24233737184198	-55.67437670028978	192.9693734142347	767.7188909410264
DTXSID9046071	3.775129643016368	2.0820442954859826	-1.0831100277138708	-2.8201568202286986	0.13195650183487537	4.675531677234177	3.1748258623636714	0.9830524680994425	-2.1154910929718818	-0.47968848971059935	-0.6994358037564709	-2.103787376027299	-1.2598793809539262	-0.22972493901157592	0.35244620487236555	2.4071570215369102	-2.522809539753426	-1.17626558097069	-0.32695482550495647	-1.1951577913183002	-2.8467386761042324	-0.30192561989770517	-0.3463508121766708	2.203810114235527	-1.0121360959314696	1.026500747372544	-0.2780105439004766	0.8813569701224342	-2.3091114138095667	-2.349702710215603	1.0307043988001923	2.6593810482117872	0.1677385032917462	-1.2170826437357833	-2.856511913417169	0.49546676291040853	0.9623747239710841	0.03720392615819949	-0.8854205229761182	-0.03720009043090173	-0.6133048681452234	-0.8026068874378942	-0.5526145987633899	1.9346139116265662	1.7177627694831814	1.3786992014321582	2.3544089112224746	-1.6628090323061602	0.8191120861066362	0.014170250508847796	-1.8504152831597078	1.0129337262224403	-0.17881906137369338	0.7778681244069352	-0.26316146389731127	0.13079554357821055	-1.112077643319651	-0.6680918243252136	1.1636158421514262	0.9480139878408805	-0.2020988515363768	1.1262853260664591	0.6387943760633846	-0.016618975735325947	0.5527638675765608	-0.8717470707237751	-1.3463884824697194	-0.5643522359289657	0.9429815643043334	0.26579329068003854	1.012944920301427	0.019743608896162064	-1.2640830453248544	1.4512203845623084	0.6431195940312273	1.456906583240115	-0.6712906058453855	-0.9766572812541464	0.8468462519954648	0.5866320723888475	0.16000164538312517	-0.2562103595743183	0.5337444153280685	-0.08555518544130893	-1.4466325355917062	1.1266730159159764	-0.6549497047222113	0.12651794051143161	-0.35665828224750107	0.3319053170637195	-0.6556563869987199	-0.45841726769005886	0.141579423687313	-0.4131331381899041	0.2827921809491693	-0.09317381144647835	-0.10592717148241776	0.11417137217397462	-0.5679521231610624	-0.3066877120042199
DTXSID7040784	-0.584585632961991	3.8083132325960576	1.6530794359121543	-4.644674681818825	7.540309830443	1.4366162051028506	0.5325881530984029	-2.6380035328698943	0.1304404657047584	-0.9156942442963812	-3.837568147721292	1.6467934481008313	-1.3354605269952657	-1.690107668443316	-0.027595063941138264	1.5687353286316577	1.3680734678320299	1.8155660611798705	0.22498518113885804	0.16192333348147384	1.0831849306394719	0.22652812015880996	-0.21094126715388176	-0.8437038305142256	0.8757103935066605	-0.22421838999132832	-1.7394431536315529	0.9823125977170893	-0.3137373191818863	0.3205171847950095	-0.09565958081590134	-1.580667154451769	0.9202301001810116	-1.013010346023425	0.07522658869463526	0.9160162739457197	-0.929083796518626	-0.45277593648984793	-0.08646631617847325	0.8970562979727326	-0.10993773632572079	-0.2509940962433865	-0.9020474934590149	1.5191103517825657	-0.7244838551243289	-0.7116683300825003	1.0600367739855838	-0.3705919295076105	0.4432186406969974	-0.8920082560768907	0.23115923117697063	0.8765081506936735	-0.19566515088515468	0.9509294358678727	0.3860423217699155	0.7734121660563036	-0.7922838048435014	0.47483518694838345	-0.27942039112432454	0.2638296316404949	0.12028614970740996	1.019263865891974	0.4052932304873365	-0.009242259124827693	-0.1300787355687417	-1.1714461343394995	-0.3862592593904453	0.2049948117508421	-0.9780660283875454	-1.0756630526503212	0.9384896908719419	0.3975687652425864	-0.23854695816501872	0.3298813646964824	-0.6276177455453189	0.24269497280424238	0.26429658517914384	0.24340247968289339	-0.5630052623410947	0.07922305524367074	-0.005712790527981946	-0.2992928762876248	-0.32442577807590856	0.15703867000833296	0.5185716745356662	0.16537841890295757	0.06334007893293957	-0.10506611882227032	0.6572724858148827	0.24539656259784637	-0.17917404129404882	-0.6525358924149512	-0.6491488056319066	-0.031937971755338634	0.47520374521684533	0.20977131053161563	-0.20613215303794574	0.46867434895862914	0.19753436211508613	-0.1481772659905046
DTXSID6047078	-5.939892567446843	5.409752017826359	-0.22502352126218098	-0.7404856249299655	-0.26646101821836904	0.15171361377724632	0.5963476750145634	-0.9143015737956778	0.669167636644336	-0.45447034340491993	-0.44065249849233884	0.5232144476613225	0.792541279923517	0.4369903593456579	0.9077614442905871	-1.207425634834373	-0.9542094019332376	0.32102290782884174	1.5448591506452358	0.21473148796640473	-0.04277901014335507	0.34315768578541855	-0.58049918881876	0.23264487018242797	-0.7444632505769091	0.5240126229390776	0.5433043685855115	-0.14244489701767013	-0.0379271454468628	1.63524260419888	0.42054775726773025	0.9098967581291366	0.055533212682003376	-1.3212632610776511	-0.03550539251892044	-0.3172368465536599	-0.09699814426289143	-0.7338380764387769	0.4839597142590477	-0.3259805073377834	-0.14840806709239676	-0.44673631065203206	-0.027888111016651104	0.9154109613088138	0.24260921613678701	-0.4290304443035503	0.6538564625713346	0.3342762875654929	-0.13087660087559147	-0.21087155043608574	0.3622897406164365	-0.548197850881965	0.07698426218967679	-0.7827908716931026	0.6807769766005928	-0.7402159887643346	-0.764251769594306	-0.04404041463308403	0.09664884395864944	0.8973103205678336	0.5145365258088846	0.47605495984614177	-0.23283640635240113	-0.030289427629423674	-0.38389314757468657	-0.4366925672399006	-0.15111634576006786	0.03217630165046197	-0.07251486563100319	0.5780943153575516	0.12490914118620221	0.02709151582262569	0.0454886371113821	-0.01923645730329439	0.36382314918786274	-0.4152002703097093	0.16415644836586252	0.10993199090265986	-0.3253115390282209	-0.1850183934710472	0.17935814542568815	-0.10583166713480358	0.05006170824901086	0.08256896774765933	-0.005672285957129059	0.09244886823421376	0.2061925359942805	-0.07891086762844865	-0.028939720161504874	0.18960502604033366	-0.028094746455302702	0.21426845771684191	-0.40345546850871244	-0.00874416225555797	-0.41547756318983264	-0.1631182036717922	0.11503584761916943	-0.008626406350614476	-0.39711253342146713	0.006144217182960886
DTXSID9046526	-4.79824874925215	0.6684743270115777	-2.9803989549592638	0.15232026284530795	-2.3750619585389865	-1.278561490725458	2.657320772596027	-0.425006747240407	1.5253016496546938	-1.1316298245913938	1.163333495479564	0.01816605969152402	1.9571279812920936	1.366302196570389	-0.41394667507953614	-0.2262926960744838	0.27283814179593047	0.7165327201913886	1.2411675214470397	0.5747296562116114	0.267149206650836	1.3666401280470057	-1.1238492280170893	-0.9582982783805585	2.6587846820903356	1.3873744520907587	1.7347626878034113	0.34843475070328506	0.027909984565228085	-0.29307996450481333	-0.7796860753414347	0.7133222422351009	0.6903455837139848	-0.49709804217825426	-0.19177970144226103	-0.6435344449163848	0.5403036084305564	0.8314917428016764	-0.37018809522635215	-0.1350777832715714	0.89955350148371	-0.6207874837018301	-2.3090090283968596	2.3600235915055876	-0.09189809871573243	1.0758732266772713	-1.0180148209228161	2.5060540778852647	1.236964132135634	1.1452716960469185	0.6967478218702667	0.17271296558074492	-1.1266664944167342	-2.632404877343118	-1.894827342242087	1.9630106866202601	-0.03213801639863902	1.294182102897766	-1.0150477321215212	1.269932500089237	-0.7726522665967032	0.9033014143699404	-0.35953319552168433	0.6873719478931795	-0.6125966747980482	-0.4449202706146189	-0.9487141384772834	-0.07131821340369239	0.2067875202721193	0.7748317393171189	-0.5882716966089026	1.2476597860046723	-0.050820567993234055	-0.07949754336389535	-0.3373894052640803	-0.9679574718779317	-0.9313130863557785	0.09705315715984451	0.6293740902862416	-0.3438251701058736	-0.3554860485355094	-0.15245335577098107	0.5489606683287795	-0.04330751949637838	-0.8378372067013932	0.2381433200808027	0.07358021304355464	0.16959084259392107	0.3368864009330572	-0.014482297517943731	0.27116134787929075	0.09980993115542494	-0.16319597867523797	0.006966925354362543	-0.18250620884067276	-0.27344510234030306	-0.034218684221229985	-0.6300851863182284	-0.35610605463712663	0.28846393374165763
DTXSID8024781	-1.1203812460777185	-3.799313628892739	-4.4257163382341105	3.522398315406331	-3.908381062869865	-0.2734825439296011	-2.4973524530131197	-2.654812736520389	7.8372268691681395	2.55425691645771	-7.616267885714528	-1.8599325284181076	-3.1990387674275564	-1.8389355920510786	2.965680339831339	0.14843535096886853	1.3202280126716384	-0.20801286055215673	-2.2705560865999086	2.936263455507416	-0.6989326323999969	-0.8251752715090894	-0.5982674921849298	-0.03373443933173113	-1.8900298254558976	3.032106378587858	0.4686691701149583	0.45729039596457277	-0.5975286406745564	-0.8785380999554	0.41549531934617673	0.3836926654607845	-1.0675995408966654	1.5311759571339467	0.4498251316691706	0.8676907291079509	1.019133509259171	0.7630238361087135	-0.0978886725903478	-0.3034565304028565	-0.2677024566047382	1.5081021414030589	-0.11254571549886705	-1.1923677492728313	0.5444451024694781	1.161165012529563	0.5095498593013156	0.7186894978605486	-0.06078754034649158	0.10057757768640982	-0.9476736586860592	0.12108911175160239	0.3351119454318198	-0.14318951309634725	0.44657422620932047	-0.41993018121984393	0.6803320324604238	0.9454738262372193	0.13829321361689006	-0.6368643656302714	0.21694374003806682	-0.5345279263166625	-0.24808157766880443	0.10564370241617464	0.22963844719025223	1.1227869513565845	-0.12624841292499484	0.4301349746077759	0.4245087121326175	-0.8456736526514772	-0.603950621868558	-0.6236324449746092	0.2106575945703158	-0.06834585843139186	-1.2191216225254662	0.9642875407319159	0.028053799155699038	-0.14469183584903728	0.6533471244097344	0.863141862015368	0.05492453925764906	-0.20688045901303737	-0.1328493190487563	0.20919430400494665	0.689281747304324	0.4832753011610806	-0.24643427451492533	0.08520056015537252	-1.0103808264480645	-0.17230464884909724	0.04446412376632341	-1.2007686270435154	0.16133172066054394	-0.5649715064320305	1.0059442634573486	-0.2945515809681796	0.6271587181778467	-0.8695710560115699	0.006717178681638418	-1.5946791371855111
DTXSID6023735	9.898249826165658	-4.472805625879014	1.6885269917568417	-1.837299721147592	0.8662603536872259	-2.3687283115244715	2.6659429113324578	2.1498114063577503	0.2572368622077489	-9.054144974226551	-3.4621477231815594	-2.037699627301841	1.197087707428519	2.6009582221999206	2.4886156245397446	-0.7713641326484385	-0.026161980803755047	4.590250060063084	2.8009174664546808	0.39898071028189686	-5.669544056366866	-7.898962347121004	5.151081167088173	2.751995506980944	5.537444426949168	-1.884537248298767	-1.3073856932161259	0.8380069649242041	-0.3773024325960707	-0.16169646679671934	-0.14639463321181836	-0.19899559716856846	0.4193569879263357	0.21683124120888334	-0.8020796632784316	0.6613864772185412	-0.8655605176234237	1.7257221908560598	-0.13615813735313884	-0.6061696677680777	0.6592662893435434	0.12029755170088859	-0.5340622616052704	-2.000451530988726	-1.3715196974640287	-0.4543748180428395	-0.167886204013831	0.5685814467964552	0.19880267512365565	0.5791401061533105	1.008927033259598	0.3284584964255703	-1.7157467663056047	-0.5255303667048606	0.15713873634094527	-1.1067572161704196	0.8228327208566395	-1.5406213715606591	-0.2545010175164517	-1.2999604164486287	1.393337930621324	-1.0909943113346259	-0.1250282135178455	0.48663530525257803	-2.1085014093892696	0.8176578777525872	-0.9132186896127474	0.44774907677719494	0.15820578619078215	-1.1978355581423048	-1.523643188349693	-1.0521431989155843	-1.4403543597650166	0.24472425357955915	1.9109427549150064	0.03769034514208365	-0.032481585201113064	0.3379052768527834	-1.5328228895761948	-0.3388011761873987	-0.5609491196011119	0.8838457916113394	-1.4212777531256298	-1.1644888036911238	-0.05977000392619801	-0.3699513246023167	-0.17056966600939044	-0.6321490810642277	0.9315420894560532	1.3304137750840133	0.8419449109310679	1.2574737853849416	-0.21545688951410347	-0.05104779852042117	1.001626744502158	0.016817689190433166	0.8717529302582843	0.0810361245483157	1.0839255006595498	-0.6977170063538922
DTXSID1052294	-2.161236395787023	0.7923981330979765	-1.2251873615599955	0.4373065145266737	0.44129972944541535	0.6734915138580403	0.7022317062080241	-1.0874202504825325	1.3931111121774997	-0.13484814629257735	1.4120398945934924	0.6756517177795683	2.4431313046254193	0.5560407543886757	-1.616740402608217	0.06147379388840533	-0.08202540488320453	0.6186338106417284	-1.4954824128998498	-0.7645347427881899	-0.5526646890118769	-0.42663747100688443	-0.29380729347463974	-0.2555026260950051	-0.012067385777219707	-0.13186412956765683	1.2503633671337964	1.2710184563417575	-1.099307677289243	0.8169851472553894	0.5457908226162618	-0.4152492522250846	-0.09908435086936612	1.539552260754801	-0.04350483170832247	0.28651900364503347	0.8903623086831246	0.5513571355148228	0.19305552595298667	1.2950142513306542	0.3390734376367353	1.2205480060240648	-0.6953357942067729	-0.49127924208571716	0.056468914857621205	-0.2784274574408044	-0.24602372559446625	-0.5144226399944046	-0.23074868304119134	-1.6983808635268618	-0.7396544897988517	0.6922773280882011	-0.7853433019912324	-0.08340055917501775	-0.9102420197063035	-0.38524004555295777	0.014468886988896534	0.0461623969220074	-0.9206825760080343	-0.5757476824003335	1.2845814803184152	1.0593290556610981	1.024545116090461	-0.3188761485004074	-0.5168252504383162	-0.0024790317096297747	-0.2878424590996387	0.30800145950827346	0.4215084840542734	-0.5559931510695556	-0.5820314792300828	0.004342026578255806	0.47779459078290465	0.12778055803945765	1.1053469864172631	-0.4124206080663313	0.5444707673004554	0.4626074608608893	0.20985593282565002	-0.5594665129391435	-0.5747007850513697	-0.6172111577724206	-0.32490818826372897	-1.2709757352973088	0.3471531676271907	-1.050492130909556	0.10126360870525196	1.0683103680875008	0.9449232359437285	-0.990700964038459	-0.814652482700311	0.6938069688118766	-0.5806519330920548	0.25238860374681493	0.4433759071347835	0.006855828863195867	-0.5157956208190244	-0.2701585523456507	-0.1716857179701939	0.5107424148308511
DTXSID4027600	2.931104096144631	-5.351912070603536	-1.5123423511120422	6.40475897465727	0.17358187798996993	-0.5405548248803216	-4.082508616262872	1.7541361842695264	1.4748383732910155	-0.6241121457263995	0.07187806281861446	0.6177438089614328	-1.715459075602494	-2.9544320252299126	-1.242128310470723	-0.1129076527434575	-3.3042013978716014	-1.8076782294937093	0.5073929779236964	2.3870482510691065	-1.701803776165882	1.149665384994676	-0.7279486247521427	-0.9062146252731678	2.731328270714298	-1.6824744833051632	0.6508542687157441	-0.5330672602357214	1.3241767077016944	-0.1798079038382142	-0.31429837784378534	0.43361937286858293	0.4248973515312968	-1.0886994832545376	0.5557529185268736	0.16465529368303652	0.8916594898063772	0.42293841784047903	-0.257401550693696	-0.33335657104022814	0.010430938359851644	-1.274221198405116	0.8401445890671277	0.09545565638221953	-0.06749662150370629	-0.7941094152235013	-0.2873906112742488	-0.6838453049060674	1.1710673394887012	0.07489800824743292	-1.084215695831899	-0.9721120253824845	1.637428984180602	-0.07518893044435121	0.1956106802673969	0.4560372164056988	0.5115733761992826	-1.3250406939324462	-2.2761934335500937	0.321566606571132	0.16260636637933856	0.1058019002364543	-0.7965744587243497	-1.0941811457357928	0.4749042381354826	-1.9533353969600187	0.21074908840454518	0.5408309875447744	-0.1202079944780779	2.3273923143499737	-0.07063332083612375	-1.0223579971517465	-0.2366608813002075	1.0467774037388509	-0.570893737971519	-0.21051818452551446	1.9333681634639979	-2.1830135858060924	0.6993439873334407	1.907752803189694	-0.43924308245061733	-0.408123974912275	-2.653616126800117	-1.112709520248767	1.2023855194260145	-0.162324309013045	-1.5314380242227306	0.2241329449777846	-1.0817639439945503	0.37793037605368474	0.3459967426660591	0.13927609183255188	0.7988068759474427	0.7296707921855841	1.8090218584623945	-0.07407005926760239	-2.1592860591245295	0.3848519934794407	-0.9543708889809441	0.9376571114859891
DTXSID1047285	6.500396372802406	2.1461473303662015	-1.4663290386442533	0.2016363722762285	-3.6902180343451114	4.6784626925507835	9.97428855279457	3.0828994257055555	-4.605375097486627	3.726587083555471	0.9455230330263579	-3.3364819713915717	-1.1877562334009137	-0.6685568627027894	-0.31603404242536365	6.00048309279534	-4.161605651463011	-6.385276825747172	2.9841506779115505	1.4754709980823866	-7.228524039391126	2.2752639753501036	3.4483770623205907	0.2257938611718733	-1.397577816779784	1.1872687275613256	0.04616804380144265	2.0424647575768855	-3.031667453947191	-1.6104181929621233	0.5981624180907623	1.8419340670494821	0.7153930678939431	-0.3521920975974441	-3.5808528370259003	2.310648060308699	1.784191172358336	-0.19979615929408978	-0.40106821839604445	-1.1680335804355841	1.195229198658444	3.705031343700883	0.2231817158576528	0.4617639405673053	0.5882351363622774	2.164593248205912	0.48908603602350664	-0.3704410654348832	0.657307408177183	-2.060266257014557	-3.412078636552013	0.6301212487304945	0.038708078754174216	-0.7062964586940111	-1.2493574059790966	-1.134724517639286	-3.2562775187363875	-1.1174966754564106	-3.1155501023531627	2.4618579639299014	3.074416588304326	2.580686737042317	1.1670419750131322	6.135576655213892	4.518807986461759	-2.7547444763853135	1.5846197386189145	-3.1016354626381872	-5.276871931718976	-3.267171249802412	1.022847995264861	0.2203430536461134	-1.1036485258119553	-1.0981244679639877	-0.5514250365633384	2.0429449664955244	-2.924793480204842	-0.6864542477466472	3.1042712410715048	1.1695845171500234	-0.7862557774049508	1.4552091457130227	2.0250103456410233	1.954803311112872	-2.629359503790201	-0.2906947935267012	-1.4320580127757008	0.2627118038605508	-3.4686389071645944	2.636384878549298	-0.24655609063356124	1.402665016223233	-1.1527098021048936	1.785834017480079	-0.19335878406166804	-3.402121447744804	0.4446005537094842	0.8446387648120004	-2.267555334583635	-2.5125612783606934
DTXSID3044332	-5.01360514837763	0.801335569919355	-0.4320948074429504	-0.6444297052261514	2.933664518533517	0.9875033404318433	1.4050072690791127	-0.2571997132089193	0.2606977891503252	0.1528825072191352	-1.0841525977977462	1.3722080684560785	2.3806778423890194	-0.08635499179821211	1.3637457538654412	-0.07497772525718613	2.6336056885583417	-2.83756157842769	-0.8415871806066372	-1.1186535509616138	0.30283711858322415	0.5381076103744322	2.2441301017726154	1.440886004854388	-0.07946649536613419	-0.24177690366975527	3.520095336572353	-2.4015143317589676	3.2138993431140848	0.09242597915314911	-1.9759193186164141	1.7408904866677655	-2.181547147113622	0.40684606463841494	-1.4741616476179422	-0.5389088968347375	1.115628845880111	-0.07608955406024791	0.7435366545131633	0.07724937597561886	-0.44485197471860755	1.081793641905951	0.7263646848127171	0.4876831806485618	1.1772260736872378	0.6532332992756301	-0.27952467766829325	0.9184218608015743	0.18312347073051546	-0.0739985532274346	-0.5041612632411642	-0.12265085142399015	0.845725756978724	1.5839151922225485	-0.10062937927557082	1.5579143131778928	0.5316422812317294	-1.131770857759633	-0.36353727618746695	1.562777972403277	0.9124204517998645	-2.4674013182508117	2.2084384558169394	2.29895324242764	-2.1140942829287477	0.8858431731292161	2.8137181203824486	-0.9890131585294609	2.8923298423656267	0.5991109574500738	-1.1487381527145009	0.34119068146457604	0.3271979051618413	-0.0759980933730083	-0.12495563831640592	0.27940464707077106	-1.3206051946786972	0.5865126410585819	0.17716015839333896	0.18069307048595917	-0.03769700361554646	-0.6005283427295396	0.41882548403812864	0.09396118931533452	-0.06088790747536903	0.13196432273958528	0.1720484094256413	0.6119303031238219	0.4862972003617799	0.051512453603037404	0.33276501139788567	0.02120035527218913	0.3875801916052051	0.45364220977201214	0.21663879157387328	0.060283805121664945	-0.4355611077779155	0.3193254294380782	0.20826506177698612	-0.47967532721094497
DTXSID0046062	1.2589856587667212	-2.4550894739566167	2.57164498480498	-1.6220183473108032	0.9906421204982017	1.7525642079155557	0.7936860887383512	1.801665569911995	1.2044646936831231	-0.7650292666230978	2.3116761447519507	0.4690674291775674	-0.9630279083000254	-0.12648219837378527	1.2178904149147518	1.2994475353137969	-3.013179866299907	-1.3306402654075107	-1.5370039974809813	-0.39895946523369136	2.3886968723142874	0.06298759188898748	-0.3108162280566095	1.2886397884746594	2.844046912936125	4.142574236077947	-0.5373261694484042	-1.642455298020447	1.0014684055487477	1.5724045606523742	-1.2566065826216397	-1.592050281865815	-0.4048469866688859	-1.1189377121054414	2.173570247942506	-0.8621088175211283	0.397714360344629	0.618429538048826	-0.5877649085617609	-0.7112043720943934	2.382680004827048	-0.21161749157620552	-0.17410573992819595	-1.7356791204796307	1.6215909321208255	-1.6318085335519599	-2.486429029216767	-0.4568323457978011	-2.0214151512043865	-1.1258823567056306	-1.819442436574931	1.2571693259791974	-1.0627242195801179	0.17001157591533372	1.5500402419968433	-0.26460819196957863	-1.0830251754036193	-0.18451624603384165	-0.48981546696918127	-3.153374898083694	2.6407721500606067	-1.056638988610759	2.1906453769536838	0.3693295027907077	2.189704646089505	0.05873575658214658	-0.3785412938152973	0.01339579012255126	0.38432155664738543	1.8550835547488551	-1.3021122277263413	1.4111662916199894	0.7436156934048223	-1.507537468658794	2.3939840555482346	0.8507406724441609	0.9997396201686642	-1.8583420628438603	-1.2045555775751364	-1.3678279916020937	-0.6515289473438654	0.0512373677062476	1.1228398071408585	1.7479373823607705	-0.8867745852158978	0.13551965419427803	-0.19052828021608478	-1.2001390844301052	-0.645392082100039	0.2759946599433144	-1.4955652282777554	-0.4015384881769239	-0.8278886833428208	-0.17495879947838922	-0.7194705574473806	0.9254755532005309	0.39862876481200676	0.05770580808156282	-0.08594093309726404	-0.12821741453985055
DTXSID3048867	-4.276341294030474	0.9746699718863097	-0.4566174012284338	1.7839842752475057	-1.1379623989562055	0.6581113838835072	-1.1498872577299675	-0.17205508707789804	-0.08542714937413134	0.42793249602143435	0.09158137863301084	0.7422646815571489	2.4935100640176233	1.6346390688034012	-1.1933506029723735	0.7254772858930411	0.014318587866585287	1.2631072710235163	-0.7977650927059943	-0.5677897568695149	-0.7990850599471284	-0.1094574479530416	-0.9862107050993949	0.30024330172624575	0.9504839278605935	0.22877529481072414	0.36727685622913475	-0.058214939087098044	0.450531884268069	0.32151530027326686	0.7849470868725089	0.3650663550563909	-0.10245874790530339	0.325943066457697	0.005311696523567281	0.319724177909617	1.0443116612583578	0.4355864763749513	-0.32606748696725313	1.0879299075081377	0.024782187820394347	0.4732577860823701	-0.3336234103645448	0.2861171070392066	-0.46339840967074086	-0.5177049074516819	1.3281116793361434	-0.04474998687129472	-1.746415540556298	-1.0336149506437537	-0.4321890044557643	0.3231447484139058	0.4767261200102501	-0.00035361348096674507	-0.9697023872754075	0.02716146387689854	0.27677171497704517	-0.7724280695804857	-0.3426291055031945	-0.22763940641093197	-0.3285297042675706	1.5486671803841912	0.770913084474546	0.5483894148938885	-0.8692361547129368	-0.3012548185101924	-0.1717764550756853	-0.11486117230154548	0.03128801094818981	-0.9107460165587764	-0.4471506778805998	0.17285304345000924	-0.18658466109910757	0.27456103708197804	0.05074538825829814	0.5805544296323019	0.2920077368775693	-0.5171965434202467	0.1997833225830375	0.08442969026974925	-0.158368069185728	-0.6214328374243571	0.11400884107307978	-0.49777763234228434	-0.06963684720231383	-0.826161920786114	0.08723976185724801	0.7676602238902716	0.7165508967564432	-0.16611301237977588	0.2541569724802215	-0.7166116691240496	-0.18698647861058912	-0.323925280619656	-0.4298530650136604	-0.12228709622178562	-0.5429844510604911	0.6820155967965649	-0.34598101721111246	0.05997072316087155
DTXSID1049063	12.92847204478469	-1.3642295783313065	-2.0102745456698545	2.076545335436594	-1.8971287795651883	-0.7290896325033845	1.969384412411253	4.357452358477971	-2.2823043541102264	-2.581080072955345	-0.5801688766727121	-3.5673916133793737	0.608413942394368	2.402431925496866	-2.918797893995758	4.329819933157141	-0.891057146339234	-5.954998402402852	4.58419615424549	1.5678818325684851	-2.259043418611303	1.4745045846258467	1.8616738522464498	-0.4118573941205295	3.6061303634000375	5.326373198391115	1.6870124539004892	4.285975278086602	1.2403760197031988	-1.8817910624418872	0.6228877779768793	1.0845519703715032	-3.6529738847582345	1.5424676489124785	1.7872504085844638	4.258029981256159	5.942584371828557	-2.305553231996452	-2.698464688680583	-2.8392843158082197	-1.1021942405020868	-2.4762652443673	0.3812965977828751	5.997297787118877	0.25793240642286414	3.1955755103729664	-2.095767653309743	0.6612776135493609	5.271674053715523	-1.1252277215741857	4.659749888375126	-1.3457158756113794	-4.665141626632494	0.6474801263525963	1.3430226796574687	1.9558492391784696	-1.1194997809544835	-0.6923227829540344	-1.159461673262872	-1.318462829527987	0.2900756168875111	1.5663472408640076	1.9833996705025205	1.1420470059576304	4.256169516213921	-0.9198850915262639	-1.1735860586458464	-1.1119185949799244	-2.57617837442372	-1.5568277257858305	1.0289287829841665	1.712542670329222	-1.9457587971046957	0.7642198825799424	1.7396673034837917	2.2265957718484692	-4.466335413318738	3.828601603990344	2.3973627600260676	0.49588640834897973	2.4187981053127103	2.227805981993873	1.478321598745426	-0.5509364688678332	-0.8175069945155831	-0.0723446806128922	2.7851354411639733	1.4869693217163114	-0.1956588128022819	-0.18782551711586964	0.3169040197113718	0.40500497000998764	1.4413306496929095	-1.2228353052245102	-0.7648174893392775	-1.1428986775060008	0.8251727574776613	1.0070898932222452	-2.136309270426467	-0.3529231502631543
DTXSID9045186	-1.7787864153987893	-1.5449823116057362	-3.2810373104888906	-1.1975904950783873	-5.41820852915947	-5.3333370919817	3.5744906607376343	4.569840835445511	0.5643725071067142	-7.5407122457210916	-3.6708572353782487	0.6540085579181064	2.642280643072657	-2.123873862054947	5.370008304779159	-1.4657831766509208	1.1797866248290982	10.070818877665173	5.204156872814081	1.6616800092223105	-12.761346017771624	-12.316984708895514	12.451594346570799	6.81166421206085	11.825617895212632	-1.945961982931051	-2.067233031433569	0.3397804190959074	0.8094106013430097	2.0244946510207944	-1.970234538582706	1.5511626948112875	1.2876511158565636	4.078657534930892	2.1230030455447877	-3.3918209254350855	-5.453788035219479	7.186876231602124	0.6675850044292979	-3.3508924948970864	-3.597769626377514	6.250017114593816	5.65861148479113	7.233759599639444	-1.740587341919907	-6.223050691583203	-2.313372219201283	-0.5089950835541034	2.245864329946101	-0.800852047208141	-1.146264632662584	2.4174253651263418	-1.0895389878217088	-1.018540281579892	-1.5652477321942442	-1.3051410433497073	-0.09476230702204579	-0.33784850160180724	0.9564119577960563	0.4195918487587214	0.07303283348371958	-0.05952553148474573	0.1321920564649518	-1.5447964080424716	0.4164338492013403	1.9421349715835472	-0.20583858602217506	1.8317710483193197	-1.0935665331157582	1.9983858865876878	-1.0397531298236016	0.20046912035597347	-2.343078924815317	-0.9828114638581383	1.6004982431343384	0.23015764195837213	-0.22074955008173658	0.5357393147547854	1.1925880114280543	0.5209086638477568	-0.2673707353379161	0.20577273019663883	-0.4575347512074138	0.7301115874391296	-2.7185445317978	2.0245925121453014	-0.49432389684717776	0.6459872805960853	-1.432052253655138	-0.8392349127876793	-0.06409628698343361	-0.07039803519984898	0.14673477181412203	-1.7563226777211098	0.9991605339626709	-0.873586956580228	1.2100203737986437	0.7525464879111425	-0.49079551660960763	-0.4678748078361162
DTXSID9045843	-6.644708633579153	0.7899664116356407	0.7159595829322631	3.266608403187291	-0.5761640066306234	-1.7168399184706309	0.5765266699564024	-0.5340978183878627	-0.5917905093082844	0.09083565782663987	0.5800475666743035	0.3177321992011516	1.2532368809549637	-0.37700853573928667	-0.3277885478850445	0.7927468477783832	0.29745230387344684	0.354814707654369	0.5052614861604272	-1.0266353994241937	-0.16163762202360826	1.2273466441027652	0.6611487140054801	0.5564638589383911	-0.7466629501753451	0.3662555994183458	-1.1110625491900612	-0.3853775184081638	-0.3936603796732012	0.3250675405820477	0.3335085154870427	-0.1662160792917207	-0.5827126311791657	-0.12077330557976404	0.023493880832154097	0.11269208968715431	0.3405244029039536	0.6966827610522836	-0.2218475533958123	-0.6552246146378795	0.5516615075770297	0.4593584719891314	-0.32318370218417963	-0.06936603443574474	0.2791790534884091	0.3963957710412587	-0.4001674094767903	1.042467736757087	0.5986754523923621	0.04277296413194507	-0.9624167222759983	-0.233006626087152	0.0551589302312308	-0.6096954116340071	-0.1931506373246025	0.014605715980292294	-0.9768993885634919	0.09009918234916851	0.3826401301640648	0.8907364018007167	-0.3245764905066089	-0.23162533435948393	0.5632081004068283	-0.3918223426831868	-0.24933091324749643	-0.22025414090816312	0.11783996108181512	0.09658654420820226	0.6630277859606771	0.5907877333980465	0.031108059776641984	-0.7783150400383881	0.18684104924252692	0.7017662520825786	-0.8186311231675484	0.5518922089440714	0.3647484925225403	-0.6902945610172193	-0.19182954587845258	0.12816578825500444	-0.37578815946174593	0.0065926554751377115	0.13163525791316577	-0.1505638235898225	0.1320185369575561	-0.28110738819900116	-0.2932751273098372	0.004091228083077209	0.5360509348553579	0.3294177391288795	0.38372846326160714	0.49631751933263585	0.873494778860727	-0.18538309679311624	0.2071142817784176	0.15375239313589548	-0.004682945381461935	-0.1081632452948385	0.19234260183654375	0.45267636822337737
DTXSID2051895	-7.45254052989266	-0.432756397788339	-1.820089037876153	-2.1646137067803	-2.3557199462006335	-2.7071988195924237	0.4959699038732984	0.012618959472558382	-1.663470760481624	0.8056157049248412	-1.1414817537982334	-0.13426451349309643	1.456508904965497	1.0823169337798935	-1.0958401455737417	0.7621763602843928	0.5401920313934367	0.746284821152465	1.0693100993986582	0.5771864125164801	0.7949807807476986	0.7551755594822744	-1.2361133224820515	-0.958996583534028	1.2732930905337532	1.3333891640071274	1.5125668637400997	-0.4413986094553168	0.390123441257637	-0.5819368648503859	-0.3036375311157393	0.8362391227199929	0.1481669123805862	-0.5374163331212317	0.2714973271355447	-0.07744101940634955	-0.3950621388169729	0.1752920571590793	-0.4886216889819022	0.04329446478943073	1.3770868043487228	0.38334633593473344	-1.8011633317679414	1.9070918639618673	-0.13947345953094317	1.3004737100088797	-1.4749720093343874	3.0027306104146225	1.3569589558024615	0.22211711390301464	0.5579316833000108	0.44507492454956626	-1.1788638176291681	-1.9589131337879928	-1.307054040160415	1.33006965358833	1.515095387309332	1.4389862897558447	-2.123022140197393	1.021704994043482	-0.4436313548234054	-0.06241949928069226	-0.7909363258257538	0.40984770207782056	0.27395766265408394	-0.23361877017470314	-1.0192778604198636	0.508984126394814	0.3378464408707847	0.7239529101720921	0.49746345833733846	0.6483628693291061	-0.14227422957259522	0.005781011277697913	-0.06014565898801557	-0.2440674788109248	-0.7537650872640962	0.6488677738092716	0.24970105522741834	-0.48799512078977714	-0.744398956705984	0.4669193017586283	0.032045887873071825	-0.1831651665112235	-1.019390379303111	-0.26548418726566786	-0.642592648879321	0.5761509171995924	-0.23994434786314	-0.1829676732138756	-0.16344539017276816	-0.5521215523788296	-0.2621228998958769	0.1068863340488391	-0.05506622078594039	-0.023182340427814696	0.7398664567740806	0.2061197809337151	-0.02223411156038599	-0.14984387853228923
DTXSID6048672	-5.50973928222163	-0.24715007893277258	-1.7707401967753358	0.7984082549021084	-1.4564373233794385	1.6369670197361994	0.27414052032761393	-0.23275376115830335	-0.7346169914236488	-1.149680549131027	-0.12104481359068385	0.654682270830271	1.6823978653563856	-0.7126793247446962	1.0527017890606225	-0.009585136425377326	-0.5852866871012903	0.8081728634011275	0.3480170991950359	-0.49480358695729443	0.829631507338687	-0.43060936366244196	-0.8470841255126113	-0.8701374218418332	-0.7614411114658476	0.28313777491933956	-0.0372109366656766	1.9825319530731498	-2.2576545365205702	-0.057524366111803914	1.193509237767121	-0.21823012129621022	0.554435064236915	-1.7810670900265946	-0.27380617444925565	0.011750994282798846	3.931407655648475	5.483141215840832	4.532218702175592	4.580281440467575	7.72478949638432	-2.2284292396505947	11.772471702667488	1.8491250055765318	-1.9586789127202218	5.172512604704703	-0.2576430901908975	-0.9864822228691529	-0.8822530367528046	3.0119663338583265	-0.26487051895225155	0.7301693093556264	-1.290436544454376	0.6417240145292363	0.026160675165388458	0.38698902515559364	-0.7003659084460183	0.6853504371165072	0.8757859409150734	-0.7993596813703341	-0.07532106504615936	-1.2005202375965776	0.6112207470806085	-0.0019239470172489198	-0.5041936778104428	0.29951766486965564	0.6626337392954789	-1.0255818319121859	0.37435699238260667	0.3190732048912801	0.6270391631335812	0.3596170415143462	-0.6916179058603679	0.6179762000970829	0.47492849137743653	-0.047086753233886884	0.022541629108068544	-0.267753627224546	0.11032982689194148	0.4657634723210769	-0.7779018048559804	-0.11662662823972506	-0.6403906779334799	-0.5402845245062144	0.08382940875213339	-0.18776605378318048	-0.2228943741178187	-0.5044378079938967	1.141613921333747	-0.029284332341716356	-0.33490468464655604	0.03505678287334375	0.4656264073877988	0.3057364564060198	0.132183252483063	0.23288187499054297	-0.048933311858737644	0.16497873095002913	0.44686228495241886	0.03548274448167419
DTXSID9032327	-1.0080112558029437	-1.1953468094650872	-1.6042367309651033	2.369666809322166	-1.7532422476809209	0.9587877611525373	2.1500175793410374	0.1286337318184568	0.13272166405785113	-0.6528273758652683	4.222018713507395	0.14287718541704017	0.2056489196848206	-0.7067752451043826	0.03021020811200179	0.33832664243949806	0.3826430045751868	-0.9707597416032757	2.1781013989313087	-0.5173098161471954	0.5387830569762888	-0.619843895000237	0.9529323465170793	-1.3426503221885104	-0.34124587295834286	0.9952073173325012	0.5216347015161201	0.3508986764550964	-1.681783478260962	1.644943676572514	-0.6569112332585009	-1.3521653844727375	-0.7714168150404656	0.22803291280463892	-0.26149517317525267	1.4268625750170418	0.3505789387855343	-0.00907556799916314	1.2629882173313727	-0.972078298697952	0.7673028920602605	2.283752243337377	-0.4004331497613135	0.06721735091984288	-0.23788188695206905	0.22501004316644507	0.6381582097216807	0.21091234669965664	0.7932840933639231	-1.513448389376669	-0.4010673357896727	1.8135609913294142	-1.3555904481589451	0.38350951870524264	0.513398592004328	-0.02485670084201533	-0.7829090467060906	-1.0497149071282892	0.6599052285446614	-0.019251075505564756	0.0658855447012389	1.3639798748823826	-1.8521910434654714	0.04477717885809522	-0.9818782404249665	0.11318142997179406	-0.06576050846392859	-0.931749440095901	1.133995261487963	-0.2033290714426789	-0.02479550483128583	-0.8129579753390657	-0.6324503826781259	-0.3156281695797192	0.3058486723199351	-0.5641383202212338	-0.44012763310659764	-0.7588802104455723	0.5035735133808682	-0.32770803234570794	-0.8307624389983382	0.0722889552805243	0.22655692930163204	-0.4430003757489897	0.3409632859950474	0.08611850721829155	0.31391215435478526	0.15775209894287281	0.21979535253161286	-0.37982669003633224	-0.010359848076290699	-0.16868279781522416	0.06753886962746718	0.24841111785408262	0.14531111581190453	-0.43648504115980724	-0.27007520484812064	-0.3372652925836245	-0.5964390554389909	0.08966060191694897
DTXSID7045940	-4.639828709292555	0.8643272810980683	-1.6884509199034599	-0.931983524354143	-1.357914271191139	-1.130048835192143	1.0541321303403393	3.0157991743782326	-0.014676441050545249	-0.7986233021277699	-0.19857682629365692	-0.6953324124360424	1.1019345539968786	1.1224098197647217	0.5917266854758383	-0.12837657470080774	-0.6609703899797723	1.436624152808443	1.2211363778215578	0.026934138289331583	-0.1555052443511524	1.5085215136704557	-2.434186675147866	-0.46088572591828053	1.857101399840063	1.351425648200836	1.6119156932768404	-0.9227529025212141	-0.40520018706235805	-0.03566938821072692	-1.1986420463374474	0.47640650900702874	0.7485189081624591	-1.2602892286883205	-0.17181005434622304	-0.28714682115808104	-0.32934496094154686	1.3405683429644686	-1.4976128890471978	1.3017765784782132	0.2658797461328878	-0.8568845797344554	-2.278547226855549	2.8621745327059314	-0.603119860806365	1.6966266098396992	-1.5111068999299522	2.039176476094992	1.2570890131285704	-0.31738748510107034	1.2639794628546754	-0.39137651097974147	-1.243496911157157	-1.7353225084180008	-1.0572206756336244	1.8187215866104252	0.19521363474251924	0.7836328358994641	-1.4305025469056107	1.0476972355600294	-0.9548723826014694	0.19367717160210068	-0.6567050706868919	0.7101309432092162	-0.901842098225146	0.22295540368159344	-0.9738585618248214	0.5460034987983118	0.27526155993359774	-0.3340691520149316	0.7406310896153826	0.011968933067349464	-0.3841911849073067	0.3810196667168802	-0.1109278537058744	-0.5673059189030158	-0.9798681274770481	-0.4268722979059144	0.6807158007521668	-0.019905846855429944	0.22893377262381212	-1.0660992571725898	0.221659954656543	0.042589647326970646	-0.8451358582090106	0.1278767041988798	0.3725285917480305	0.7208295455704852	0.15530754450750886	-0.22758640733443677	0.20105713465905334	0.3319836815780863	-0.03839647917770431	0.08114753509468739	-0.4399055111314672	-0.34579024702488725	0.12009012984565495	0.13782799133034343	-1.1752049559582456	-0.053098950111011754
DTXSID9025746	-3.6534822059490333	-1.6832036570662499	2.6093937338791533	0.6857052870146859	-1.3844616094507378	1.0013016441139229	0.39609599679005136	-1.5030225125710808	4.579576644215729	1.8054110304966942	-2.82601380636797	-2.399176521133968	0.9702302345130197	-1.187034075868755	1.2497713641740207	0.9122566098793795	0.5314074548753119	0.8853528028880054	-1.115554091048397	0.7039369338261285	0.09907365414003455	-0.279337583647681	0.44893532048896784	-0.44868758114724505	-0.38308985069373164	0.5751459288259331	-0.7997190168543715	0.2935026323445054	-0.3402281492761298	0.0199892358790216	0.22339140148314607	0.022923263867626574	-1.2213409208159631	0.25224755558357503	-0.14325275845783472	0.9866931937943534	1.0562975008836515	0.9231943032149734	-0.6064465530525461	-0.8472585850585922	0.5567136148445673	0.8111821960244409	-0.40582138118151345	-0.7753462584973723	-0.17471160974371827	0.43489194029058104	0.553373528422151	0.7303337326689043	-0.18604521368540017	0.5295732912942929	-0.4413834485632946	-0.1223705524168578	-0.15272874081585175	-0.47405970581604534	0.11734125466220148	-0.01858274373369883	0.1439503174436718	0.09519785990855334	0.31451877793969124	-0.06426481540785721	0.1945323136995566	-0.7256284614021038	0.09526762237524088	-0.08884314067549565	-0.43266099035079164	0.2417443603552054	-0.16394490338981352	0.5145213345248723	0.1093477257203666	-0.3065283501599071	-0.3487147437970815	-0.2711248749832405	-1.0160149424003073	0.17967670219230372	-0.294083834043463	0.5199609632630287	0.22325333882967818	-0.21623869172177207	0.3620887225922291	1.0102264468655984	-0.09613375767658516	0.04135254489412985	0.20372066648187526	-0.2870995850416585	0.0706702567914208	-0.24977337281632375	0.11139566624028464	0.4681599593243442	0.7156841670168372	0.5545915307548586	0.08741415508542406	-0.07525507699370734	-0.05150298509883885	-0.30328920847762414	0.37575480971403924	-0.061242106888830555	0.48849362071975794	-0.6985922295151498	0.08938285085030065	-0.334483184186762
DTXSID6033825	3.7568141889576867	-1.1242354249042366	-5.602725131025378	-0.7644588738682351	6.14026843543259	-0.15806299314160094	-0.4408295051417984	2.3198200200814663	0.06940528767329839	1.4069688740956698	0.8967276388780824	-0.3123733046584708	-0.49876654394080916	-0.6441569380901493	-1.1611090437912301	-1.5952153324974137	0.022336040208983433	-3.008456572637747	-0.09583576963072879	-2.04216922335253	0.2079910198566174	-0.03216439219862107	0.3153524422744387	1.370493876556279	0.8539275013172961	-0.42271072974212975	-0.5121847366197382	2.2228546622442855	-1.008260935346803	-0.4643628169993288	-2.1190545338169904	1.115213832836577	-0.9177781542770589	3.41611265476637	1.9488626961747684	-0.37250690635395145	-0.7753152589684	-0.3558962121260776	-0.02978815746352024	0.665152466328368	0.41526992129257356	1.559168320468068	-0.6828641900012528	-0.7956545710744496	1.3244251551919957	1.2548883270669535	-1.6607426380998191	1.0657112048590371	-0.5532456444555195	0.7085495497247591	1.2986673885322242	1.4260136934785799	1.637538619680713	-1.517606219208756	-0.6988312000321173	-0.3840492260954273	-0.8471627369507684	0.48984710110835095	0.7468974289623255	-0.9801019788078067	-0.4267974232053079	-1.6975833492508243	-0.930454597367197	-0.09737810612060722	-0.013948717250263101	0.017676884000225362	2.1724754041019128	0.2906825223923306	0.23759277659059602	0.36285943252236597	0.3288216399179156	-1.7578409476556291	0.643363537060631	0.7058660486648591	1.5487093690570541	0.6982851889794387	1.4772549800999901	-0.3214478755037493	0.265629540718524	1.1580612398704775	1.2215114357169181	1.0560737956462634	-1.7397424776717445	-0.9969498938096645	0.6656875481369862	-1.9848625902252752	-1.0577620380433037	0.38346464165047606	-0.3736993142224893	-0.011303154034762338	0.04418792411616513	-0.32073217198092346	0.02052074878739136	1.1735321315350324	-1.2283576788530761	-0.3969478454545511	-0.8946737384565535	-0.5429677334738237	-0.42961880936310387	0.5190720628841065
DTXSID9020825	-2.20615774311831	-2.8111273707270543	3.2710698287196927	9.323864888077923e-05	-1.8848713869213467	1.8073975841694458	0.2135132347631513	3.205205792926794	0.8673250209136313	0.15566560339513544	0.8379706086766298	0.5442008860752089	0.12365395228870997	-1.310627531086189	-1.0505735900202164	-2.540243623977168	0.5447807789664538	2.02694378040161	1.9785492206678434	-1.8725742447593579	1.6335101542524124	4.697742731467344	3.100131497696221	-1.5016449789252075	3.465709045761568	-0.30413563559861156	1.2021007740657244	-0.9204568149230059	-2.8421672396917828	-0.8371448687434296	1.4555763507014081	1.386175757305706	-2.292844829952116	-1.0704744317944135	-0.4503082067873261	1.7407315871969948	2.241990716574486	-0.7394673532469992	-0.04946567687293491	0.32079526970571487	0.0054953121149474435	1.3914896921863065	0.3998127600066437	0.2574195240480402	-0.36957550611265066	-0.7403922146475875	0.025505380193187488	0.9727346300474866	-0.1978075469651608	-0.8149039385354729	-1.6045918658902667	-0.877940452224032	1.8790718281433845	-0.4707849373438638	-0.5981381070891563	-0.6887151865491634	-0.43147950176808436	-1.8242735166832547	1.355941661465778	0.7038039926524532	-1.6713733091785545	-3.796402226240453	-0.4641427002230212	-0.3014976290199914	0.3238978902334455	0.41627092144328565	-2.2024755931357634	1.613236840050923	-2.5666229110440937	-1.5064727577966333	0.1298242071180739	1.6809807229031326	3.6101269864289853	-1.721312088647591	2.7472833510338517	1.0351331639970467	-2.6834744963819337	-1.696364988137539	-0.9155125876130833	-0.4190906180726978	-0.3838207478147777	0.05679028714168917	-0.7711342057743886	-1.9884881400407914	0.8991741948691139	1.9155602027381606	0.2538287788136555	1.9990156739907983	0.04614593127940841	-0.9007286545067925	0.38429886784121736	0.8112217475228017	1.2558148123543103	0.379965840352517	-0.4637083335183417	-0.958640610392075	-0.445838497635956	0.7739393626511779	0.6079426447860494	-0.3467296075874846
DTXSID9022861	7.717467574413649	2.0582181417443413	-4.714777264278333	3.7167878334371456	-1.0609272896922468	2.1679425333649163	2.995052503749488	1.9969255458014294	-3.188721593355178	-3.923664716405919	-1.492266521221429	-3.6238995249999313	-1.0412946690863119	4.566120860363919	-1.6704615085463486	0.66784299734074	-3.535654817642783	-2.5170289579811165	1.6888231062589893	0.43941650826797635	-1.064829994608963	-0.9107019897582438	0.44986447422096487	-1.6591751439848716	-0.09143815568644117	0.46881932555165773	-1.9020795686439074	-1.0848097616961876	0.618739116552386	-1.2964336439067952	0.654018944640546	-1.9976783111384946	-2.0107693919152076	-0.7469718986243296	-0.9057910648528783	-0.05883486221060067	1.8901234679906214	-0.18763708895751735	0.7329858349939935	0.019982138102904366	-0.5444519749056125	1.4441350293300828	0.40276108848279346	-0.5989483336969957	-0.9089208713403915	-2.182110799953245	0.06187389557580341	-1.5362438373846645	0.6169928757463599	1.388023453071221	-1.718622545517757	0.4636895722379593	-1.238416510833943	0.6285869768423574	-0.7045506969904827	0.8245137609338521	0.41059113217238974	-0.4043028854457767	-1.622788046144211	0.7944468354349357	-0.7720300186873437	-0.5249068687963053	-1.2059199243389684	-0.8107100402009881	-1.8026291531903016	1.5754601018195387	-0.025192021047246414	-1.003140704717495	-0.4046260092263528	-2.430178016835543	1.9894443942397442	1.0681114306189998	-2.0273096694153248	-0.8677231315646744	-0.834082981731215	-1.8647184529785097	-1.4130738570455414	1.5950403194609977	-0.43119148822704	0.592201774288271	0.6371140890430061	0.12057947781230487	-1.2169480544170515	-1.476143323527671	0.6034551179252732	-0.7182921139298508	-0.06522845540893527	-0.23905789564274385	-0.14471500013058466	-0.8026764986806338	1.1848155834202585	0.7448935343977968	0.320088226398119	0.6743649644437089	0.3312191059881955	0.7061151698914461	0.14627788317331525	1.5887968355198985	0.47466590512851803	-0.8970676040721379
DTXSID7022837	-3.0404775380073836	-1.6544877843390535	0.21675052131027497	-0.9125270787851232	-3.1165477739320147	-3.824799401910092	0.89950963251472	0.7180319432336705	-1.5836655284284527	1.040960954244651	-0.1263424459264595	-1.7446651756256029	0.44870064545115657	0.809527476171688	-0.35636006951465393	-0.5105368833097909	0.6046386250452138	0.4597845085979269	0.5734118741918425	-0.5714572036608838	0.45792696024637036	0.4403138787599663	-2.0439878247800634	-0.3927311005387194	2.1639855751895296	1.6695560362183957	2.109009216610599	0.07561005685677316	-0.055778508200960246	0.12072336446661446	-0.7774642501157202	0.40046066394481294	0.8590098337365488	-1.8835439074430231	-0.3974354968507318	0.1404772332210781	-0.05678131389971616	0.9617958931022094	-0.7362123324062025	0.46570668413040545	0.800219484138826	-0.6388522889201182	-1.8525492158146402	1.9778545937157361	-0.8323876411470978	1.172687295727221	-0.8377281622060704	1.9096497666857384	1.4823988000255033	0.5607836369041558	1.2490464453840353	-0.722402779647696	-0.6230833743808298	-1.571409928698885	-1.273061336514871	1.316163309481551	1.1454746112569971	0.4259605680783871	-0.3487877726821466	0.9359706218573252	-0.8642550846491993	0.24372788888669578	-0.20193299175537477	1.0596220898031141	0.592071516359339	0.01134471811571598	-1.4857314874491152	-0.11119726111160572	0.6543201132960876	0.05556902685786307	-0.8745636405153807	1.432604804538708	-0.947859141408745	-0.9329677977359779	-0.45629486317706647	-0.612641650055274	-0.8822775962140563	0.28297478448128827	0.7723363085776279	-0.10535225790245013	-0.032631565110889375	-0.0737173599482265	0.11708790481832067	-0.3488875863040169	-0.6824550610811831	0.05582018502250409	-0.5487266748800363	0.03006430471776306	-0.36429533367812134	-0.6490295738473936	-0.37181792178766015	-0.21758050497332343	-0.007579678757517445	-0.28885086986187003	-0.07022765712259127	-0.5685207924938471	-0.046169405645412144	-0.337295810062693	-0.5590029390197384	-0.10305320270322299
DTXSID3023685	0.9274436119102757	-2.3897987848384177	1.8270617087978427	6.297002139083313	-0.871493486441258	-1.1367858490061993	0.6167075624431408	-2.203136249270238	3.498702862685486	0.6141582765608551	-1.8587184235979815	-2.6730152379374643	-1.1500999656361708	-0.8179198406700346	0.5223418669713027	0.7800809545834666	0.4315476570379489	0.9961244318114457	-2.4178870298057067	0.3497365975504455	-0.4450047416800101	-0.315139612733192	-0.7452221873129214	0.6990423138570754	-0.058018321876903416	1.7532605654581925	0.7298149421738933	1.3578184654217678	-0.47582057262388266	-0.45302699505492505	-0.8475357925136966	0.5065712859311204	0.18426412720727023	1.068465207953185	-0.1909120541492343	0.2921343352962928	-0.6058992522576301	0.418552575531184	0.06949773879746203	0.32040660638355406	-1.132463092436176	0.5577078703817063	0.3417543368043049	-0.8276899225586559	-0.08099998007441166	0.9861742718124324	1.0120857456147105	0.49148728052596763	0.05333946568975187	-0.7964524426543206	0.61550641325785	1.6718125891300002	-0.0992422155877509	0.32933412398814155	-1.2278978807110745	-0.2027804380498318	0.7199372841071107	0.44907410147497684	1.6429111026003613	-0.7663640464034444	1.3827329556095935	-0.5149760160027	-0.9395245632070539	0.4703269238519551	-0.8691990869824102	-0.2159579401018267	-0.8463663063132043	-0.0842175706915164	0.9600079663198051	-1.2098441543216463	0.8753278862788539	0.18528955920700768	-0.746514129202581	0.37016122579300575	0.00038470226302870353	-0.925990222718374	-0.33474966016903496	-0.19140344424509312	-0.5889424626719344	1.0307466297924621	0.2959206626677229	-1.0928746735310708	-0.46776991866031203	-0.2771744600256198	0.06325801511606687	0.2440431121650743	0.6228557593423967	-0.4160723522413433	0.3653652874517841	-0.006725468787536862	0.0840759224536989	0.17610450849338669	-0.08128445712633618	-0.6932370237993261	0.352603003969985	0.021733453055569892	-0.29793194024349406	-0.8794929226172497	-0.10742006096245026	-1.2702709172788031
DTXSID80382154	2.7204438778830813	-8.900763678816878	-9.636810228077069	2.2879804265781343	-3.381786183616054	-0.44519700230289794	-9.146362164191725	-10.979942809453725	-1.6833688847636523	-4.434720144754624	-9.544834794962105	15.284217991411099	-3.7344514977396717	-3.3437223458578633	2.128907576501456	-4.374958869096459	-2.3215782577624515	-6.243048445725196	-0.9072626734618461	4.686954469537818	-4.083682065218513	-1.2644567619888087	-3.938174607885425	1.7515672423387212	-1.8119040036700789	6.437649562664583	2.775446027849088	2.7072629079007324	-4.830101559944048	-2.7346590711193905	0.32701345478242416	-1.2751139948788957	-3.529922452181394	1.0656039694653558	-2.000971111303744	0.4546967171184637	2.683065267898296	1.1154731412376155	-2.418023393476524	2.549637258538701	-3.1491830571242465	2.0620368018887074	0.4707880161480444	-0.6091415676578501	0.24363487291881558	0.34805506631706673	-0.6997416663756846	0.628232556486405	1.112704315379693	-1.1728162067279255	-3.532203061349105	-1.3337283380258163	3.4812564078054455	1.0434529332531524	2.3589241993320744	-1.274207829420713	-0.5982033354499198	4.096987230877523	-1.2152274264371006	0.33028807778524044	-0.24800707659895246	-0.21997767668564658	-2.2311533948781355	1.5601616917202132	-1.3410175501700246	0.25969086480886683	-1.452902964049659	1.6843742681056229	-1.579021794034671	1.9219271475982649	-1.0481167833316198	0.35185108057640957	-4.4645352871846065	-1.8848485044226717	-0.894187897559401	-1.625561571364992	1.4968991216573415	1.4881428545818824	1.4378517950917271	0.41335272552199465	2.459861249629088	0.8961322814230336	1.2075165605626095	-1.1910378392072192	2.126284999028913	-1.7844622665773728	-2.778663759070153	4.125125623068563	-0.8151169534489411	0.08388218385297655	-2.8300629543372717	4.914267990669975	2.508674282015662	1.7791729266546088	-6.487675058654353	0.4625542937369314	-2.922822704668869	-2.846789407492958	3.254003518047034	-2.8243856102344695
DTXSID9045184	4.90168554187892	-0.8262197802005989	1.8776276099716331	0.5608935793378548	1.7468977908541505	0.5800099640020872	-0.15536906911123	-0.099740339690909	1.663954890816216	-1.3260751321182163	1.8833356435115758	0.20004091401858895	2.7246818462682367	-0.39193281989693735	-0.2827321568525471	0.9228824999133333	0.7383331455925837	1.7799044753035038	-1.2885689888872496	-2.6999566297999564	-1.1770555084736851	0.7185399202545798	-0.6651797293814158	1.1516889649522526	-0.36725671397228943	0.768447304446601	-0.8571622356210693	-0.06124961791755815	-0.6658057948221501	1.3794885813704432	0.2641990650580931	-0.829525076415806	0.17416314248145975	0.32693873690535813	0.07761450607310495	0.8464404326741013	0.4015571005377882	0.8370908092222112	-0.5685065664038375	0.8659430926029553	0.8482406505801806	0.2966039339973891	-0.43917341829875206	-0.5140569451460836	-0.08634696242004249	0.6698407391662201	-0.24943853856183248	0.090225302956451	-0.2739479790930716	-1.988542888165847	-1.126368825760765	0.5355623003236444	-0.11155985159386861	-0.21041900679780506	-1.0252807357251505	0.5342533838068668	0.6521853397490447	-0.3644765080928978	0.44220218951648843	0.32723687164667403	-0.19641542222849478	0.754431429794087	1.9258812447264468	-0.7105471123783553	1.100869108607016	-0.4970136520088511	0.10342852675443369	0.15536901793455063	0.2682784173101475	0.5658154752144517	0.3895304564650529	-0.5793861002306492	-0.4024233878570311	-0.36711012681547905	0.5413138254050723	0.46016930600482353	-0.11960135123602329	-0.5192788803629987	-0.42117486810619054	0.09933340526307098	0.4540475076350934	-1.3974522104586447	-0.07765123075960265	-0.5207316197767751	-0.3155546615583772	-1.8932483558824578	-0.7048292150013648	0.46185923868808354	0.7314901097424581	-0.5510530843230911	1.0715467994805303	0.1736528246379954	0.051250361260271965	0.5681200864365936	-0.4452222057644158	-0.35858248543269206	0.11205688805469727	0.33208692920543037	0.8593760186406967	0.777618067941591
DTXSID7046675	14.379105913568562	-9.890724423473637	3.0564884011931834	-4.1807259109561095	-0.61818721148157	-1.3273087899646203	-0.3399578226308538	4.163568570622496	2.1614723422373223	-3.308719792278308	1.0998379059209837	-1.0927482024808872	-2.271499114146646	-4.923703256139218	-2.6484607485689353	-3.3523873179702646	0.10089470752284035	1.6509400892358208	0.9326007105308933	0.8979428493424623	1.5655424576415862	4.87019694691977	2.8010862171297375	-1.8520859905995406	3.3881275736592045	-1.0895644011979608	-0.14872465167794385	-0.3654164228323577	0.0697251565723722	3.710120748174596	0.632776140082325	2.6624825508391248	0.5455929531828136	0.781298704253762	-1.5868236223288512	0.941342600595215	1.3962987856468774	-2.3148824396620515	1.0070260719547546	-0.3250333336265042	1.6680465330735845	-0.51066540116847	-0.34880662865048756	0.41506590945688143	-1.1337620875734384	0.9902033365722975	0.913136460528086	-0.20232532212154722	-0.8792833693157811	-1.730437662122114	-2.531647599466826	-0.08711491538705013	1.4309098907277127	-0.2691609732243995	-2.4596689590580434	0.8163242049937022	-0.5167923885436204	-2.3929881919101765	0.23253155302999737	1.7530512860111855	-1.4824862326491566	-4.64857865956476	-0.6978823119157175	-2.239559363655785	2.6582857116489733	-1.0303378669469652	-2.454161292292655	0.8457250413825447	-2.976930399883521	-0.4691948475314478	0.2371313543791504	3.114663703517256	4.321350806107136	-3.006518363502758	4.441720075122915	1.0275658769960527	-2.809863433998205	0.551122377029217	-3.197302663112621	-0.8107070952863359	0.14954464262440853	-0.11232166257644302	-0.6695785435989787	-0.38233520321392117	-0.49007208834911165	-0.24435886134108561	-0.8413743356024304	2.2417660663253995	1.2412890104494454	0.9147955928477406	1.2143589041748675	0.6383187549141087	0.3353173882973344	-0.2651908891413773	-0.3852380512097213	-0.15636328858312154	1.285478809389064	1.370804662686116	1.243258370617438	0.29346719598014737
DTXSID0048894	-2.0886050921729042	-0.5764537517767155	0.6682136172162553	0.5679311711286948	-1.0966455651545157	-2.882797802674504	3.357158218063573	2.8472373726362576	-0.8905877207236942	-2.847613164020422	-1.275651613885639	0.32316293120865913	1.4443550919275776	-0.46832388095617306	4.174799085459218	-2.4653961866066223	1.2324211190499372	2.5415169625761713	2.858801219681269	-1.8311285000452988	-6.000118689598697	-6.60987582151738	6.411535780239953	5.319329821880796	5.547454965645262	-1.3771703699506708	0.5827075834443105	-0.2051219938782048	-1.3019546093839827	1.2885716306580253	-1.0998725728531145	0.1633817094067786	0.8311900612655606	0.7880511586564019	-0.2338185043290783	-3.1033741494306524	-0.6788857738276932	0.20412148157764132	1.1218207753001375	0.24930480384367676	1.3899592721548555	0.5029875069036295	-0.6818096973924327	-0.4553942119247792	1.0329123243966989	0.22276360848325955	-1.2990831071274331	1.7581119230054496	-0.5769923901711084	-0.10785768673883123	1.5085251509896118	-0.5315790676567417	-0.4318468830843298	1.658862686763054	-0.5295980895829682	-0.2993005186551119	-0.408386753577533	0.5290804616420222	0.4656722917389012	-0.8272209915539065	0.42310267455001593	-0.24976759490967704	-0.4920739289627368	-0.9415175426965801	0.37708206706109754	0.9783221836250711	-1.2354290986971042	0.5636026401145637	-1.546628971469654	-0.45957770709258705	0.17567240152699676	0.24769885770396016	-0.31073614176078124	0.15188059210809005	0.06543640338796712	0.3252582634519007	0.08495839641749305	-0.07681652379117504	1.2565482453240402	0.5715507324309532	0.3411162441812428	1.589536690079918	-0.3227849135682719	0.054086111916882125	0.46132870693042927	0.4950325602834285	-0.09825508371893472	0.21815824496921407	-0.010829041594414798	-0.7119826042404905	0.049856349777260806	0.1778878480033716	0.5606028012240944	-0.8813773881630583	-0.5078101445415268	-0.20660139885886902	0.1538663154366518	-0.3092627133933351	-0.46866922098092373	0.16876219828431874
DTXSID8020092	-6.491760662774269	-1.0521784769564022	0.03872895017176863	1.280651755819264	-0.644474312478492	1.5882669772275548	-0.9992684889914896	1.894655699904635	0.6276192473601728	1.2282348093628324	2.1370306679961826	1.5590789103407057	0.6527987175484066	1.2789649957897753	0.12870217570474835	0.7976868732566875	0.56901027654987	-0.43043530427324844	1.3951792902966211	-0.9696080492495911	0.28858471288494175	-0.21785131457946919	0.36403448866282306	-0.0029812365152568055	0.12395045281920962	0.47443679638094355	-1.1641457679574636	-1.2293956591366788	-0.8497919773695095	-0.12660784204934766	0.6171269804952444	0.5401830646779857	-1.7869089073182334	-1.1289305517679515	-0.6021645941626728	0.24895196039014347	0.874372493293559	0.4328434719409622	-0.7071382946231334	-0.386681469783002	0.4470278195222609	0.9054905780498829	0.21480467980734408	0.7377712140793419	-0.17894726894841598	-0.2707583673858012	0.37989147252438293	0.7397789227361755	-0.5919771555688769	0.2494639397147329	-1.0519371975140812	-0.4880257308298046	-0.24770599124317247	-0.050309360574223756	0.670489498443991	0.258081850271585	-0.08842640594178316	-0.7304546666365629	1.1231636882421412	0.8353799931107432	-0.8900278704516523	0.07419012959989127	1.3229789201011675	-0.09440215760249172	-0.2838121750446541	-1.1656840001368116	-1.3534549820209836	0.47196074721656495	-0.1992091541118659	0.5123832429020387	0.21741931878672713	-0.34298880883873195	-0.7355662548154496	1.2760688959567859	-0.395739099536202	0.5287835130807425	-0.15743728962601547	0.037017203268946176	-0.10536663140012345	0.773295565824927	-0.15891384954939147	0.34789121817384155	0.1588444927258124	-0.6999365784509698	0.04327163795611137	-0.2785843126987322	0.24498024143102978	0.03671848592355179	0.3035008515869059	-0.37662699003645245	-0.14438629516238596	0.061026666220217476	0.4470194374841958	-0.27148256533529513	0.1752971057491357	-0.5367825122943625	-0.13791759326927033	-0.19754369167840513	0.07586811378053039	0.3466450120281218
DTXSID20379947	2.2914935694412244	-8.426673742168857	-9.364409334173992	1.2821662017121418	-2.38520604548677	-1.4781730688218768	-9.172927761739162	-10.135663994835905	-2.1087128718732555	-4.980771757720905	-10.326836834781167	17.164803668997227	-4.286155935085748	-4.098522403287448	2.960207404267056	-4.383449975727835	-2.6272759235299707	-7.032918318292867	0.06520210172965087	4.6250037664258095	-3.679274267262642	-0.8070238052548188	-4.425218560817024	1.6548300208319606	-2.649254265606541	7.282493922942307	2.5000856225245998	4.750654117788681	-6.48699749366849	-2.975322734328196	1.4693273595374705	-1.621025939582117	-2.2460001434161554	-0.018637139330573597	-1.5188326563940715	0.9509882595070916	5.593293904657222	5.246777703029129	2.4178904949873186	7.161222269120241	4.1572536315195565	-0.6025922872698191	12.595062944417535	1.2928164295881799	-1.6716465389182635	6.000403531092596	-1.362559075819047	-0.04566042516576583	-0.7641473332486347	0.9298373210527687	-2.8945331128413434	0.524182306717471	2.4004891928723984	0.4621962728965077	1.5736044017947246	-1.0733979892385548	-0.9169965520212319	4.279085967283709	-0.7394986952500261	-0.7527406656882738	-0.16397550140336478	-1.4333378820747016	-2.4168569362397885	1.6228818957045665	-2.0134208759986554	1.5988194178715467	-0.49004438967516767	0.9046485278600572	-2.191581931399756	1.9500718149271643	-0.7022045672574301	0.6038770263159725	-4.552575809750533	-1.2068952391509988	-0.4610817334936534	-2.332861752775407	1.7724210451172826	0.9242633722026365	1.7611721141423686	0.2747582879789066	2.289206057274621	0.9564621235646855	0.9436900372000877	-1.6123664313497454	2.2524583785866805	-2.025854444440227	-2.8382868279078717	3.8949033412357608	0.03839385667127072	-0.05773387798887739	-3.0129386527887956	4.592205127067241	3.278721848372692	2.0531190693091075	-6.310548990374065	-0.10774788706184016	-2.7853789632046895	-3.093183280258355	3.4284233246278317	-2.765602718771282
DTXSID9022780	6.440473087780762	-2.316527859936854	-2.808874090943967	4.192173707377217	-1.6359973753833505	2.457889096671459	2.7719275111719197	0.7567547171664786	-1.7770817820783065	-3.7601645231075844	-1.6251920568498976	-3.911489362053091	0.8614186653482301	4.351694150964211	-1.0681925320331076	-0.1426247301269833	-3.0729758895706847	-1.2887728355611976	1.9544389618282296	-0.47766800162187456	-0.32916358994651	-0.6026966572170566	0.1875605589342108	-1.3819636726386402	0.2638477560513738	0.07606367819016707	-2.519628162742452	-0.8365688336243049	1.6216761599665614	0.18511376848345779	0.7737829872673937	-2.2740792462203085	-1.264527286021217	-0.46323343270088335	-0.5171458102863195	0.19712799164122274	2.155531261780763	-0.18901104224495752	0.46765259066345805	-0.1050475296417352	-0.1310590719241393	1.553213222696509	0.18553663035203358	-0.15255292360571518	-1.0247301488588942	-1.4638103875429958	0.9494906587908064	-1.5272327944484898	0.3432564529803297	0.8736269582911683	-1.5961851176608801	0.4759230970600241	0.6185474548411596	0.06726604162258555	-0.9790059248706967	1.3453790883526422	0.03530383441123389	1.2620228433338758	-1.3752010931042484	1.340309940497549	-0.8717303919217442	-0.3706690592708263	-1.3267336934546805	-0.1428375901146843	-1.7103264632504902	0.6520709135908409	0.6418961318696205	-0.3565302836839627	-0.20594581617169574	-2.02556393141035	1.5537335387110185	0.3767911583442631	-1.6838346513145144	-0.33014556160780895	-1.3452069349629543	-1.169105964063784	-0.7296132044477799	1.8170955465873089	-0.3321716277620028	-0.5818853726417119	-0.5542069717202176	-0.38541512269125394	-1.096434927096745	-0.8528501017850164	-0.23131841958696223	-0.25532847893025945	-0.2881556065023256	0.4910602576017335	0.4628998116125615	-0.35085460477541164	1.2946864475068631	-0.6677120466463655	-0.13038670891982387	1.2003463869356632	-0.6086345537023404	-0.41228329068644304	0.32343566415658553	1.4811206756911597	-0.2831725109061051	-0.6758288784217586
DTXSID4022735	-1.0729764453034012	-1.3579159342757385	0.3103682488999478	8.334933679040383	2.205074890007638	-2.004027606537201	-0.17511577821780713	1.4165727336509586	-1.2363011503790027	-4.098817911908724	-0.2451089673014491	-3.619354909508025	-1.2472081969097542	3.4738694713738143	0.579731626689183	-0.05239593414125493	-1.1892638026876616	-0.01999794663072615	2.450998549145631	0.860701789710179	0.0790148917548284	-0.9099989665422452	0.017900784190388968	-1.7149505451929306	-0.823126346891958	0.14222985440602134	-0.887347585221944	-2.5859089906205197	1.1019645001842644	-0.6444001032486519	-1.8830441630407608	2.6571646193084777	4.74997009548088	-0.8470154063231362	2.114506366539807	3.795106669248534	0.8390470629676322	0.3185290520941685	2.4497747734483375	1.8133016938515594	-0.7588203125572253	1.7966518840866461	-0.656950201113354	-0.7361602573531263	0.006510282513778766	-0.3737174491397581	-0.30575100992808446	-0.1511984522238767	0.6432460201411969	0.3873621770676953	-0.13735087094490278	-0.08340711928376424	0.3182589896062902	0.1521201259487271	-0.35949208217681755	0.7577154488630982	-0.23117325829809704	-1.040824119520714	0.9893870896703376	0.30197467556161806	0.10924716710586026	0.4909166212631292	1.6971039368656458	-0.22173068488829317	-0.10467285302943384	0.4004384174206812	0.07938456027143018	-0.3271984428701446	-0.3276588690689019	-0.062285656326807846	0.3901897000261631	0.14643424527348053	0.27185780544677085	0.33859970786020005	0.1811319709674977	0.04566013677287426	0.4974127292193737	0.3390877123416358	-0.3959857970633657	-0.3054397164654868	0.24622561126387127	-0.14004411336979067	0.14859166696760306	-0.37571128087157635	-0.07193662506511002	0.366755719036193	-0.31841171020668824	-0.13577559400877562	0.007248357449379799	0.3207140982603474	0.41087008690429255	0.18624367159213798	-0.05241945126716341	-0.17188660175079895	0.11083795107745197	-0.06573691459108899	0.01936609509115305	-0.22051840681737161	0.4917725211544623	0.28341640721107964
DTXSID2025763	-4.295713232924306	0.25869211553853655	-1.4995493175887598	3.416922456089524	-1.717255965023962	-0.3739608352177803	0.8279407026782896	-0.292756252428713	4.655874866398842	1.3602905894014055	-2.8085506102231736	-2.280126801408313	0.8707808231096815	-0.6967716138112076	0.9129073439509893	0.8260526180087676	0.8856592497624998	1.0025908893543714	-0.4256995129786021	-0.33563199684436795	-0.13265152715067147	1.062035630393649	0.5042082105287334	0.7168352541551031	-0.9783372094650986	1.2060113063009288	-1.189601399755251	0.2725211989062684	-0.46784915345182077	0.6847875505291323	0.36558485574076766	-0.5062839090932503	-0.749781978414225	0.6082399102629348	0.09186773416557312	0.49617977461793233	0.4002313456231018	0.9380699705199372	-0.32148820526830524	-0.7622450959604329	0.5931364773770527	0.5342654519733477	-0.6608924415368143	-0.25452893573594243	0.22748289983188744	0.989146883817444	0.020448921050977828	0.8643749868987416	0.3103280654373973	0.06618827255689742	-0.682628968127592	0.07852739394942783	0.04398220939132647	-0.395022806709077	-0.17654884512320013	0.15450229424110648	-1.0281373279264021	0.06070717162106564	0.9347744358710779	0.6170966946501751	-0.24397694846124907	-0.7594627536848158	0.2680126446970722	-0.45929268653658545	0.04760686582006076	0.025135851399142633	-0.06584788020307517	0.0887567155176122	0.5956198692838981	0.45019092118105414	-0.5544076371488448	-1.017849447582265	0.1432288323959184	1.1869179597632713	-1.1331211762641247	0.6595895751363002	0.23848489085487484	-0.26502621655994757	0.13004946324176161	0.647897847617431	-0.479035118387191	-0.5034065481570557	0.1388285741737007	-0.4964589015283841	0.10730797670437972	-0.3957079009059814	-0.37442655467688574	0.507647877292034	0.3647150443929174	0.21888855118670245	0.7211829064504099	0.665262440793593	0.6726952300674784	-0.21136094647334452	0.33491645982982404	-0.4361691339875645	0.025892355523098473	-0.8394165619493082	0.27131737896953423	0.0862437499499518
DTXSID9026766	-7.544552809052706	4.379262312734515	-0.8126519103845655	-0.5936053841997895	1.6728897724065783	0.4894044402348673	0.3386245980859778	-1.0400055843562994	-0.3659089188097069	-0.06877428873844728	-0.8535425107687725	1.2627776163027138	0.810116055506319	-0.06904635384492284	0.28297458006457377	-0.5868372631830051	-1.3054984565873158	0.668532554107213	-0.018736680898220785	0.6553468075875821	-0.5307163438216277	-0.7064254179948727	-0.3717769852237949	-0.2610913725216637	-1.4282398347850562	0.685144145930704	1.143793066190686	-0.41901584900225836	0.2848669547798783	0.37546538627080933	0.8513226153662053	0.6677528339639074	-0.48345083015592455	-0.20834150295404583	0.5809600720500179	0.13151927711658573	-0.0842995833320489	-0.6190086814208543	0.038033649908048583	-0.7273644943735194	0.06243351189241793	0.17686754953997577	0.38896617322156163	-0.009918704542298257	0.5884883428725415	-0.18722845421363346	0.42626417952836965	0.9119666507591705	0.02969490792621825	-0.4743699283586599	0.08355156494229776	0.007383989763205277	-0.2199261599203792	-1.3500300019036844	0.2535169435886914	-1.1314173751653807	-0.21384479432336415	-0.42409540509174026	-0.8183058362334511	0.2194452693447442	0.06622237941858855	-0.44399237400189157	-0.6251795499292421	0.08775902893629271	0.06778395950205054	-0.25419252234520817	-0.39399964243479485	0.21592416635826278	0.0987566845770152	0.8035510775814177	-0.18967669917091623	-0.07761782848552268	0.3265048479262984	0.36787247105047194	2.1265617369182954e-05	-0.1473472416125638	-0.2399737372325693	0.67058396363382	-0.3440384931577337	-0.3844569621336608	-0.5071859694512194	-0.03607139081936686	0.2951377659785753	0.37131679784900984	0.0728722791407092	0.0313519519277954	0.046800521143768634	0.1656592168062648	-0.3571204425844469	-0.3021077273499203	0.008670932742879554	-0.05990336649786077	-0.2767701806719347	-0.04024404526222582	-0.018139538754109636	0.03987548788869058	0.35061449668726175	0.022048492986563785	0.04100617771005316	-0.07254937406665667
DTXSID2021070	-3.9065431230184138	-1.1342057374548142	1.2827841885021134	-2.5347390065073907	-3.668339221182099	-3.288852630839447	2.7639765662790423	2.9283537018723673	-0.8289801353811606	-2.4245454131455912	-3.2404661744441263	0.1276112330484212	3.033084250564596	-1.2909699489095365	2.8518031634300116	-0.7534482146497266	0.5109012255769806	4.6898057567868605	2.9391453489362864	0.4713962880058134	-5.1829850508302036	-6.535330396962656	5.689320449870584	1.6526429537972336	8.41155823212933	0.18961353996584246	0.8122902628398146	0.7698578716238386	-0.9220220878347375	0.10534273016993966	-0.8476821888426731	0.11154587916806132	-0.14784008658664088	-1.4409328435566722	-1.0376668488982175	-0.381344506855055	-0.020764149973289778	1.7048286974281421	-0.5759977777548928	0.4786133492569055	1.6640925118517387	0.97330741137483	-2.550740380655981	1.9350360015484074	-1.0340229317836664	0.6026071801892828	-2.2321874649122466	4.177235882030041	2.0442546830661747	1.4713711163002532	0.7741844948042871	0.8604238359711339	-2.2778861168748192	-2.6238846467621775	-0.6567496702390817	1.064325269358629	0.9471907842456144	0.18367011557753937	-0.5337779557543826	1.130740344671916	-0.49700117707344277	-0.6664299139005688	0.6881186273710732	0.15390186463193975	-0.14105672433210262	0.03372660205620383	-0.39931411697169855	0.2437659646130585	-0.2922947355356331	0.9181929403528082	0.5562731370473952	0.7349881089782003	-0.6901176244434626	0.6139845468837087	0.4582959513044681	-0.7504266977598303	-0.9711380740455776	0.17362520325191583	1.0697560232097811	-0.2880819620410015	-0.6764613249672645	0.8120285442047127	-0.4551011859053163	-0.0834826271038128	0.32718692439016434	0.6665217101378894	0.2835179113055068	0.13849507965013866	0.7300890682776768	-1.2155304714685822	-0.3737752304011671	0.3058854563844321	0.23871883786433692	-0.7522991184002944	-0.5410346197968251	-0.5860037111004794	-0.5689349186302667	-0.6039806996132309	-0.0038936588925786142	0.23445608194885179
DTXSID5020738	-3.3776859189469532	-1.0475301201478724	0.1476249428202327	1.2703315411075875	-1.5272170286933553	-2.3904059863797684	1.034588665013754	0.9134457256719286	-0.7101380686099651	-5.238098301529388	-2.6394791610432846	-1.760599882565669	2.025061984140082	3.537112752357231	3.234845086315153	-2.0995210348356914	-0.8399410661608516	4.388809091630866	5.421184073866153	0.261329088975837	-5.4911403856749645	-6.432584980073917	7.211533108437647	3.043373948560071	5.2537279791366345	-0.8871215872151386	-0.9582817738445673	1.207288256916841	-0.8050993002931411	0.4377027732415042	0.251666590279305	-0.30672349173555463	-1.222144579469547	-0.3013689503095539	-1.0073089843321938	-0.09346174120142832	-0.05810240165277701	2.5682329259876884	-0.3590631965919654	0.5768623603607662	1.0729771415158527	1.4288780963260634	-1.110416313979702	-0.5994237179035599	-0.1809480961429256	-0.6914964976302804	-0.8694784626002886	0.7873546442823098	0.6393231661029382	0.6665331570547842	-1.0211276022438263	0.11403262447040882	-0.9169948864367663	-0.6921537068085394	0.3027969331018611	0.23218560496909352	0.17965978891460466	-0.7380179423784189	-0.16098515407786027	0.27335009132016397	0.2924598551159162	-1.6719497703961144	1.3679681922305684	-0.01875057235509587	-0.585786556637292	0.48210905619480676	-0.040058349274648505	-0.035569870101211584	0.23121623864331528	-0.3345845274106134	0.3395862625567983	-0.48409259667502813	-0.49933865803797584	0.8207503754522377	0.44925156863667043	0.37101079619661087	0.6324047310182285	-0.2262905062917004	0.5800748256012208	0.008717320231393441	-0.1864127631587532	0.791896613034749	-0.0884763622984612	-0.661258939216128	0.5165586374743865	0.3706001071144872	0.6155269339551523	-0.16616718156824198	0.5725985631216371	-0.4116411358078567	-0.19265261742733628	0.5342975425158948	0.5735878845477832	-0.40908200465326633	-0.16292563075538155	-0.2386776449216378	-0.29104399085213456	-0.16798174050093084	0.30401556686308034	0.49290548924653266
DTXSID9020249	-1.0152333555098596	-0.030220935505891562	-0.9945060799890233	1.46154649587174	-1.63825467173954	1.4312936456772543	1.9612659217482078	-0.11804554056151803	0.2669867191055011	-0.7938312802412204	3.2181518491078327	-0.22476571757475275	0.5203438939959969	-0.5855345752233129	0.7105355637015194	-0.2626228655694179	0.1052134381273731	-0.471480153625811	2.1819140624928544	-0.5978595555711247	-0.5372070413493968	-0.0023053066718673894	-0.03409254763202847	-0.9691512845339355	0.2760425492713167	1.2477815068614868	-0.004365123662657798	-0.4743310419071748	-0.988716434211432	1.1171236255110994	-1.0891047168492096	-0.6577520294754794	-0.6650938188191597	-0.1729455338619165	-0.2676462467312576	1.1057899174432266	-0.24748192255782678	0.8675845858511892	0.14918232752760197	-0.4945515433951437	0.8820094271512469	1.1385858908911488	-0.30594552937599323	-0.22840891685590034	-0.11955260559029697	0.2674805514360989	0.4241263392562031	0.1977753122684466	-0.012235310786349582	-0.9097843144248466	-0.009931906658148151	0.3997356627409	-0.7154721443195404	0.6277317399178721	1.0535736495980705	0.13034804637613276	-0.2891965151234838	-1.9190584467492544	0.3168605602139508	0.23177178027491377	-0.9052989831665967	0.9835344835863612	-0.7670255010830619	0.007960999757384662	-0.2492079524155815	0.24793392522644875	0.4332617868207895	-1.2356867544762966	0.2255169993362131	0.009761128710986961	0.24863651338888446	-0.5922391238529053	-0.40049230308995143	-0.21299175265061493	-0.01542275763844344	0.18683416745195106	-0.8032262821264835	-0.6503462334966053	-0.07389829323794234	-0.3464070280235308	-0.3396825209587633	0.44934791768665616	0.08971315024798922	-0.21418315511611155	0.35785572626008466	-0.09730842977875133	-0.2526004922619317	-0.3072466565590156	0.12879128853452498	-0.21810127429169432	0.22266805123814837	-0.4885647924493155	0.18678072749912097	0.1835775728905633	-0.42673718414745776	-0.44003701187620925	0.30985669940980226	-0.06202880089178519	-0.20105623562303623	0.01077866680728055
DTXSID0034776	-1.4111188224267952	-1.6561512519338664	-2.387253978743881	-2.2879847717648834	0.5055642378178834	-1.7158321415902151	-1.8659241018051138	0.04350197808262228	-0.8650820093259389	3.199168534797354	0.7497421396643684	-0.9574176555617755	-0.572293899756344	1.1528484476612395	-0.8800845285426356	-1.6089770466058975	0.5711234452621946	-0.4687531068994939	0.5986330523605955	-1.0840497407513492	0.393807204582226	0.44333344869127317	0.26661417984071323	0.6345451761364727	-0.31905503441962607	0.01851932710822808	0.27169806236330946	0.4184556331721682	-0.30527826461279917	0.016701645195646084	-0.2428712818606054	-0.40841420617302376	0.14866086810321508	0.6190555658368604	0.04351637009313176	0.6418683144713694	-1.6142769092358817	0.1605059159800391	-0.16116708051734668	0.9542678732691451	0.29427969347614785	0.7919119751195622	-0.4948027688885023	0.19897466263687008	0.3195197544879135	0.8453808304701607	-0.5548051025119497	-0.5847199766426819	0.38867732110611725	-0.908491874846787	0.6256082903310879	1.0520650337738409	0.4514976839375145	0.6098948605165347	0.7189909881495492	-0.40214334675357716	-0.1861899873363043	0.17993590541484278	0.3082514810448434	-0.2628605048892004	0.14114733231186255	-0.19680025184551897	-0.18047796374200256	-0.07886819171002568	0.08271051853963425	0.5313823491462901	1.2522650570227258	-0.2686090802594827	-0.3727133895957416	-0.188759405621459	-0.4541991709197909	-0.4522126987516984	0.2169653107830487	0.3315096478455708	-0.023620323300722744	0.456737580843776	0.006410046944324954	-0.3006252548495983	0.3535135795391449	1.0122746982159854	0.032853426530723345	-0.2552940453375178	0.10357505172190991	0.21144062121157958	0.4405060333832323	0.14943662834618116	-0.1798725958390812	-0.1140830733760031	-0.19631918293922915	0.25291343976534086	-0.07117782234294996	-0.5786453268770017	0.4247860984023299	-0.15086317512142697	-0.09639632143894951	0.10910647917370796	0.1284803157978633	0.18644679667105102	0.11694495989306174	-0.1231846385296405
DTXSID4047254	3.878165733528392	-4.627496223077028	-1.0542589310325534	-1.8781266989464211	-3.852019456377577	-2.5118141661166815	3.420260262715374	3.5795879210480255	-0.04170418329078849	-4.64555934560018	-1.1800415494018643	-1.1520845260069654	1.5404336382944348	-0.9086560026169694	2.52948451926819	0.33716614979199216	0.9999848626803306	5.5655919703484615	1.6913029713940269	-0.7969580349825325	-4.724799477604202	-6.99639806168416	3.7269066290962116	1.7183527586521061	9.55114764907377	0.5979048617760742	3.030068388398325	0.9448774300067849	-0.5946634902705928	1.1386691133258808	-1.609347636609072	-0.22177990033648273	0.9018600002698123	-2.1453952591735845	0.16067609315407383	-0.4724829788238343	0.1723662179720734	1.7010082002426674	-0.4834489783985364	0.5900901871763632	3.1100613547353158	1.067048935369577	-4.375508828231708	4.383617757538063	-1.875982943276568	1.5213232061180633	-2.616283092041734	5.229379132079124	4.395004688748039	1.7924858268937318	1.1902598370372435	0.529609111399508	-5.110210213412394	-3.753216010658571	-2.666155801625178	2.3593852709854564	1.4048716556332195	2.715180655478845	-3.2741458613483303	0.33112568003101495	-0.4791679400738561	1.0555431693371218	-0.854418187503344	1.1182045379397396	-0.957959546830045	0.6282701972508421	-0.8742197577232089	0.57098913409302	0.448503076118218	1.2885784911301446	0.8414554271766843	1.8826396863187171	-1.163766191305898	-0.10791158862744789	1.4027209702076258	-2.06352306156211	-1.6802120070749398	0.8613594173961735	0.41290650312431354	-0.4022519124978277	-2.1901167186355415	-0.6967991745824627	-0.10081659447916998	-0.15139137375544065	-1.204909109192509	-0.04141119785206316	-0.3194183674876194	1.3926983338807604	-0.5831457067617736	-1.3817981512593676	0.08996231771052035	-0.04985193336461458	0.4151116376267439	0.11864097573877683	0.5308864181649376	-0.4639341238718334	-0.27602541724454027	0.4470152778993981	-0.4408974853726469	0.6380898397450792
DTXSID4046313	10.179776586379827	6.081505619188742	1.0013779891147516	2.760262644665965	-3.411670413209159	0.4183009235104902	4.375635942235018	1.6473886902462054	-2.641308065113967	2.51045049225122	1.1910443822700685	-2.089268604327857	-1.4209660112798486	0.7537687745085894	-1.21650551219684	2.67850473256262	-2.222629138226598	-3.225202762768592	0.9228960937930044	1.1318401971646292	-5.450196859932358	2.0545327523180976	1.9882669161484179	0.2871525246233454	-0.1460202055543511	2.820726482857665	0.8473630350261783	2.599761964156915	-2.6379081241585545	-2.4413664919400664	-2.168944752099772	1.7501072093612953	2.158857534197286	0.20806000531634541	-4.587870917609452	1.3659749092855913	1.1537395704465623	0.37270801598029796	-0.01887329975252006	-1.4078469264703382	0.7324921226373902	3.510440915688135	0.22729630399463954	0.5489252118483942	-2.449052515855772	0.6139397937538156	1.2213521404949177	-0.24813530243836687	-2.641880587610609	-3.5639851152795607	1.539765268457661	-0.9634865788057233	2.269449649904018	1.3899001828347115	-0.8463202734177246	0.689877633586612	2.0199498988610403	1.4433249701473567	-0.13522019815835715	-0.6503449992296835	-1.8349212205565155	1.8677496825906297	1.9729208050347524	0.8598668056248437	0.44248674963737966	0.644169104286567	0.47135048094694865	-0.3229453073733633	1.7078308855448916	-0.15359603186514031	0.7061400983819213	0.043974730318991094	0.8874080173318445	1.2345915710830866	1.0941739345861516	1.472025890848329	-0.16125057419020597	-2.2490557754566227	0.5760798319229841	0.5927317445671154	-0.07083974261164402	-0.10838514788336245	1.7091703409812566	1.194058850594068	0.6414839741717697	0.2920894069524844	-1.398194722759313	-1.1505847027665885	-0.2497112623630186	1.237768214326738	-1.4115969064586997	0.5353866803035865	-0.4755022739849993	1.5557395888814904	1.7376488255448053	-0.954471656274404	-0.16073902467282652	-0.5211361567297603	-1.2736357717439928	0.5727936938592817
DTXSID4046155	0.7981495277801391	-2.54019883954883	0.211241488311415	-0.30600348298185437	-2.673278068846277	1.8981156030520308	1.3143616378467198	0.3299342837164946	-0.774004965153254	0.25386079235980474	-0.12922182265858742	-1.1936331506494384	0.9421108396721252	-0.07242504877751992	-0.38768594475830526	0.4459150977297726	0.3417069125058189	0.5263351520763246	-0.5209886838758274	-0.6435086828542084	0.8619073870384476	0.30910779059476673	1.0548540045306978	0.050771414768396465	-0.36620987585848924	-0.2858375401793078	1.540297338243697	0.8886703417568419	1.7277261591011868	1.4025907316368182	-0.5846827431980687	-0.5941968658544723	-0.3897019313053668	0.032767759578432976	-1.6558263876300214	0.04166255807446837	1.4239406635265837	1.9860585856503594	0.3011568864335989	-0.0235580194669092	-0.5030137396723257	0.37824941802730916	-0.30513857060438393	-1.1847976405807787	-1.230419114430736	0.4592635151363004	0.44867661551362703	-1.5252937145249137	1.7866050655848056	0.6048383987905891	-1.1033532311017635	-0.6109634049958066	-0.6262315888360322	0.1226383786435105	0.5863568083284716	-0.48528039413225343	-0.7075792330790223	1.6839114169032983	0.8639583407996004	-0.9104165510401835	0.857649419561227	1.0265066754477197	-0.7376997370572119	-0.5649360091614279	0.30592380628550225	0.22093419635107966	-0.8546994207345796	-0.5003228246608095	-0.3540257892803843	0.2533813446115174	0.9157347543350769	-0.20600068134561536	0.2709168281614028	-0.2698012061425639	-0.26362176189062814	-0.6796649480162668	1.196644164894244	0.8125956425004672	-0.5124039917056538	-0.8806876965070471	-0.5545142910415609	-0.602629592137429	0.20354268952697424	-0.6032448350632961	0.43140106568408126	-1.1744143883774263	-0.23064587936260186	0.6922052486901487	0.5521848031517362	-0.2274824665915812	0.13175916753039513	-0.12165394675058515	0.3261970481433359	1.030370767799772	-0.1394503041269138	-0.06954661463043052	-0.48532874342326	0.12039718996902282	-0.7513919505612949	0.08474879217283438
DTXSID3029869	4.5041880756261445	-3.712611915705799	0.5790452490058203	1.2106372781082932	1.5877540243273465	1.2035979588679218	-0.518587365128849	-1.3332153493888794	-0.6745477575131466	-3.2153455089262173	-0.16787939862858262	-3.6238122752543664	0.25643289151938453	3.8845760288758524	-0.3131178740562375	-1.2026435919132354	-0.141302162286277	0.9238284634120115	2.3305065655572155	-0.545292490462543	0.9853219659985979	-0.49559507645588874	0.653674893870767	-0.36473688267146037	-1.1157780834593964	0.4121234996296343	-0.29284577664000316	1.0274416480782615	0.5716579559026057	1.2172478346131808	0.5523065511237943	-1.2557623955061537	0.12705983073385474	0.5526735920696209	0.3622535153916083	1.1106567574598332	-0.05579013427604623	0.7296966751662806	0.00961263501880986	-0.040565476892017845	1.01155104230266	0.9219168176334401	-0.7346778962002676	-0.6319081880857799	0.15357986778385935	0.15098958820891192	0.7496209529403518	-1.4424303268947887	0.04257745343374515	-0.25813479442513937	-0.7148707500840186	0.21080325695855098	0.2281991267781629	-0.39850312945903266	-0.2520700989985956	1.1335022715299579	-0.1338968004144136	0.6492664517095227	-0.99073238738919	-0.34314438258840707	-0.3940966933635829	0.4138952263774084	-0.9539389198999515	0.9717915036058283	-0.5280784673966401	-0.13045172357202744	0.6630692816779084	-0.16057933596822485	0.31283101673798325	0.5830480533923725	-1.374888665244788	0.15009696304724587	0.16330851424762188	-0.4987131695199105	0.0753696183267553	0.3054340954637431	0.4278482895854106	0.18022196635981155	0.4049626103510879	-0.19431351994683824	-0.130281606804807	0.14311755427601677	0.050166047862519846	-0.16463919392770188	-0.7727837930395999	-0.5817074840701196	-0.03227702653659525	0.0007926652706718841	-0.8635555979126105	-0.09493813770134485	0.24625057771498662	0.29852423194159633	0.0860139260145557	0.6617740075140971	-0.55095179664599	-0.07509854550811175	0.4685174641641439	0.06535107891356443	0.4411155341048881	0.7702804687930054
DTXSID3024815	-7.320613302513133	0.5878368970280494	0.09477184948077767	0.34162105419918465	-1.5704531397138	1.4116704846487438	-0.9669213490904157	1.702697379398985	-0.042486937567179466	0.9877315807329404	-0.4995772320853123	0.89416875840809	0.4672865898765892	1.7806770786979118	-0.36408961518769384	-0.27978258646696963	-0.6705956058065312	0.4329635291427731	1.2724317249860688	-0.13938902200465167	-0.5405039282583111	1.0066205701977078	-0.8487063773352594	0.6875712643070933	0.22094048246944453	-0.060507031845387214	0.22765281240142046	-0.21930865797220878	-0.38784897606876	0.4695892887627927	-0.6882150158374201	0.12778640854135564	0.00947511446026823	-0.28096900372964984	-0.20928332102409075	-0.05033474140837992	-0.23186149869725622	0.511271893200719	0.04805213226062916	0.2315500474972084	-0.08986484233416438	-0.6313810958362566	-0.029842865782103448	0.0077722619739204425	0.20515981201624792	-0.16531868973599337	-0.26978024997006583	0.1485777867777575	0.47940694695370883	-0.19334463899234494	-0.010428604690768145	-0.5987420109397968	0.5539233999708325	0.7577614581470408	0.08884711402510241	-0.42444968322976073	0.08024889119978557	-0.6083290070301713	-0.27505524579416174	0.07461992207511678	0.10913931713955523	-0.12117387704653106	0.09114976117621719	-0.10209666682356613	-0.10019440937455873	-0.4049614703901694	-0.2895682309046199	-0.19432211286754797	0.0947341462094702	0.012644335153483028	0.010696605914985332	-0.3219661998571199	0.1928632979127591	0.2547549321773262	0.36526960197270686	-0.11306131540394208	0.341656352206728	0.15655497767074292	-0.28468986273050667	0.09373827391439726	0.11452076233086438	-0.08529560343897812	-0.2793854668150529	-0.05409468312257784	0.1031032221752933	-0.11446053333464147	0.33469497763823763	-0.1276423490142101	-0.049399290409894686	-0.10357939628406086	0.09606103300516167	0.2197418965184554	0.09114536537954089	0.3171403547222383	-0.2911894771836828	-0.02868888642988666	0.07712530259639065	-0.13972724861157784	-0.09228848712549574	-0.06266638939150831
DTXSID2057811	-1.5202794758706382	-0.832857859227483	-1.6266289730536867	4.85783520049823	-0.28977970362678823	0.35277563254257693	-0.7672626305621731	1.4919109019916372	1.2057612945815432	-0.6155822760053424	0.7934953415164451	2.4219685279721475	2.147264995894801	1.7276338735386958	-1.6171178381453781	1.1690826256591136	0.8769512058495165	0.8262331875082982	0.1887267475731579	-0.9792399614607659	-0.9485251942644254	2.9227854205794723	0.8586784798326196	1.3298123905215526	-0.006403096272172131	-0.2749946591674854	-2.747604917250638	-1.2758365055896472	-0.9301196488946774	0.40091878441679407	-0.40664099347544785	-0.9082313997898973	-0.2886987756797307	-0.648892420941996	-0.18916396452065726	-0.2626643828118728	0.4361964652054727	0.24152547936602042	0.573529990084891	-1.3228653098672067	0.5955738112128158	-1.1760781750127345	-0.2497049514151645	-0.06381005315540415	0.34850023060995955	0.3270174276667334	-1.3256399957208989	1.3506420729168183	1.3438406397922011	0.7292435798391427	-1.0849832748823296	0.2560700869014719	0.4882067171840736	-0.3005255612872288	-0.533426782039359	-0.1768163535673811	-1.659969193289258	0.32119982059171615	1.1500059237848768	1.5785167713236388	-0.8578824592161269	-0.24512048833807804	1.2572875152038179	-1.1289584034185516	0.24961038661055865	-0.15353010744215045	0.08097245420615938	-0.22113684682854357	1.1095311003594124	1.2400712209406963	-0.028721001270706016	-1.456954829177559	0.7474452490654423	0.4247767336649606	-0.94017760104373	-0.48594721302470356	-0.31010067121862794	-0.9399026992195876	-0.07406789461978655	0.07973818678662321	-0.5574979204032754	-0.5566928418166393	0.14217351618405427	-0.10166762853221535	-0.851665344363908	-0.4227356722507641	-0.8166082920991893	-0.08888249599610497	0.2498390983810435	0.3542571293325249	1.0380026524087855	0.9060844393177864	0.8311721389694527	0.28967641526858845	-0.056457451531584775	0.05575749354519718	-0.6085903346103562	0.11667041398975896	0.1733109759069073	0.4386762769972344
DTXSID3052307	-5.9841336918647094	-0.20949579493789353	0.04689887018472625	-2.8197968325413436	0.35942188485228516	-0.36031541339857176	-1.9574953026235675	-0.8570688727857539	-2.81561181660481	2.4978447613078907	-1.8040395930456528	-0.3149269911525336	1.2535226084168014	0.01792494531402225	-0.45840785755620317	-0.9301697579337229	-0.5120042261460468	0.27578723177697423	-0.9835502680290686	0.5616054955092324	-0.12188137364264191	-0.9298947358643722	-0.36729218343604975	0.054067027023753635	-0.5413023161889565	0.3061599181765066	0.04928861438167672	-0.26660142566951056	0.00939835644219123	-0.2859823163547291	0.5195768978984284	0.4200819784052947	-0.6270584387675004	0.3358500645630815	0.770183469435388	-0.22073333904048234	-0.2145015772694683	0.21190361159355117	-0.05992978388781763	0.2471318308862478	0.28903183752142103	0.5239472252726062	0.12035218352728964	-0.5287177191528546	0.3847284574532831	-0.23579183155333636	-0.16739245064461203	-0.4600654240977973	-0.025261132422199947	-0.16631491840806223	0.5091714411410774	-0.36907762953087864	-0.015410400829023141	0.3323125665061998	1.1224940140723376	-0.32993266892442075	0.6615871454703091	0.060883634513531244	-0.6900886250262968	0.11551160945922717	-0.22713953491250805	-1.0641996289650861	-0.28183960543389563	0.6931173861577535	1.8977335033897733	-0.7947236514924194	-1.1518362478912239	-1.0857730585595489	1.941726123036935	-0.7115949195568196	-0.7334492202209887	0.455451099356726	-0.09088474541062178	0.07850206188687507	-1.1834875159395803	0.14683420874196032	-0.7127541655190335	-0.43886521796184774	0.5740834472966893	-0.07457253186063682	-0.9344177046821694	-0.2466169439026511	0.016605789312076107	-1.090604762448173	0.7907776372983155	-0.35842708578793636	0.22447387157452606	0.316160928154425	0.0492857176572894	0.13533924240539394	-0.3808836512559128	-0.7190039739847817	-0.5512015050899847	0.09343194994450374	0.16565628423778062	-0.44225382512988054	-0.19476419108313897	0.36823464470558304	0.3567774234307059	-0.10127759801366304
DTXSID7031903	-6.300922209984322	-0.23015276224945064	-1.3100744270615474	2.3938734310244647	-1.466769426225759	-2.4983403109174906	2.064782672224495	-0.683539946094834	-0.5269875838127169	-4.257471085054849	-1.7458539357361507	-2.1530683935141077	2.030707351482048	3.9028238998110956	-0.8871896655456517	-0.4712331526732791	-0.6125121392994376	-0.45368606631980235	3.781965924811599	1.5305873604035942	1.419917482725406	1.1180081380796472	-0.47798773936593303	-0.5357834551116992	1.4754053819329824	1.2852007323789616	0.24978731792973888	2.587568680576092	1.9740631570938345	-0.9639030671470903	-0.4758406787830917	1.0685071173634837	-2.240572751204384	2.9828722451391516	2.17168262477935	0.4902481580928744	6.307127893657465	-0.819346973464211	-3.2693548703098965	-0.7137694163002434	-0.020496889432004395	-2.666073576450958	-1.9086629068734644	6.166422871492912	-1.6752113497176917	2.1708137927615945	-3.263972751635118	3.9547313935127058	2.5038372661066584	-1.2453023113552275	3.026811456748382	-0.10440437090555103	-3.3774888963341927	0.4343761696710778	1.2355916986235715	-0.3717548218042255	1.5662016990855556	-0.1770458168722136	-1.2842365492189816	1.2961944003161525	-0.7097669271824368	1.970433914255553	0.8054158928927423	0.09785586410819462	0.999772035200529	-0.05385055448451342	-0.5653320172160252	-0.41269509051110104	-0.32835342365786946	1.2801135716666756	-0.2165129135431753	1.1535434227934256	0.17372711904920304	0.07632779623857536	0.29450490420124203	-0.05592369757770899	-1.7102704020004287	0.21596548653522865	0.434709763890547	-0.2078472784347715	-0.8465766315626608	-0.10059557323207334	0.07568873124227103	0.0700458409830574	-0.9090694161916072	0.5885617414745007	0.07853737043585604	0.2705082924024842	0.37105932327678004	-0.12892850207901052	-0.4146092524626096	-0.3531851682031758	-0.06937528595372382	0.4727551398939697	-0.5606606524239122	0.6798247186106832	0.7337392657846997	0.24273517998450286	-0.1240305179500467	-0.07163619123455467
DTXSID2022171	-5.0046721995748165	4.179551532088501	-1.4973441570532526	-0.9010115398201043	5.498707244455802	1.1994407705304286	0.11428909631720555	-0.05583442184948972	-0.3296917276550233	-0.7649923319206862	-2.241147061721261	2.1842910879069235	-1.6200984128958928	-0.2870809643844051	-0.46465629102750383	1.9182861791853014	0.9170273619802467	0.943634253170798	0.5844264519559623	0.15106458092187816	0.336215051668633	0.25421970104888825	-0.3974274205243267	-0.6020677654634238	0.8095168779236284	-0.6312682335617782	-1.1171464722700346	0.43582735879881057	-0.5142979723531045	0.06641020658037368	-0.1692186769081791	-0.8402422022033539	0.47552264194518146	-0.5082436221845958	0.33270925053361966	0.7528094668372574	-0.19399310936535247	-0.07533499253756769	-0.21632177303284472	0.4368117512597068	0.09954332844743308	0.008818710855544226	-0.5893401876313192	0.642081231682589	-0.5455592210461002	-0.9585773139616323	0.39238114507987576	0.2718628192763319	-0.17576922004086645	-0.3941966206464951	0.036851409205038946	0.11692377975319979	0.22305413116170422	0.4241391254007721	0.1672189868187598	0.20515147698158534	-0.2934604386250937	-0.10514939048720238	-0.4961730785532562	-0.10683773370709777	-0.08874516005465738	0.37174491831616663	-0.255344141582682	-0.13813981607837192	0.020841133804348842	-0.4146540422354107	0.023586830429677647	0.6357694724587596	-0.607487503596674	-0.5883339281760535	0.13379410634893943	-0.09694718229004898	-0.4250373005303603	0.10064686895313688	-0.1938591675962297	0.3452260476825947	-0.3206517920736935	-0.15271921661016744	-0.05056010224230811	0.22563120733129222	-0.2393749328126444	0.10821213546497485	-0.09926260990418703	0.1691481105992711	0.05686162417089322	0.049168908692182864	-0.20457057508234155	0.4862024588779154	-0.17321099490673342	-0.21870515355523304	-0.06370510799258025	-0.2975534061605514	-0.41909368995681395	-0.21750441675481286	-0.6320082135264317	0.08847957388243055	-0.22045946483493006	0.15228240816712413	-0.7839630981117761	0.1254627088501912
DTXSID5045382	15.39478342006865	-0.34311368047142227	-1.7848749888634836	13.58864854355048	-1.9877321084176143	-2.0281144976096424	-2.2591099671925563	-0.1182208624886967	-1.2784766094251185	-1.4552222578864114	-5.473730914464758	2.5148247275463307	6.237877714160488	1.3443928265939848	-3.339535916824154	0.535029933416159	3.015094169809895	-0.2846334274875399	-7.071403345344981	-6.17124609368568	-1.5864904040860632	1.6315256396456106	1.0115576013408334	1.548597883959798	-0.3852247200950909	-0.9738960823704992	-1.1660773511900935	-4.0475649631316335	-2.0331485698991414	-0.11917882654367033	-0.09075905818248715	-1.7571563506959529	2.9695103458383105	-1.5728023821110912	0.0534146123811578	-4.350879414649683	1.5444614042259828	0.17525209317982363	-0.8885733923229702	-0.20175201201970383	0.9653506929346936	0.24942492821679307	-0.7398226439460306	1.057384919848109	-1.9734555868770145	0.522584799746032	1.6658109790697457	0.7850486507204775	-0.6828609083495908	-1.554410636042257	-0.1639759935130791	2.1252892251701745	-0.3106761754773697	0.8950367612465214	0.32836475250598895	-1.5235067487249612	0.695053015729259	0.1619331946046288	0.30446382005088246	1.017839806856033	-0.2259487505994217	0.5311074997226617	-0.40629979570989994	-1.033655602673999	0.5492029156107212	0.3892403026665279	-0.2860217465715739	-0.09986843225041808	0.0024880897658017954	0.470445344155273	0.6926725066606093	0.16482744165727914	-0.9954553625376253	-0.07657657981656506	0.46503925877033403	-0.7105625665786783	1.5315574672986165	-0.47003841339168184	-0.2154638489986313	0.2644469987654706	-0.19075966195705554	0.4353960222386512	0.2015335451225477	0.4315985480320742	0.1340907143186848	0.18319979264334194	-0.027826205666368297	0.6677521224180086	0.4066155757008406	0.2209388749390446	-0.04211355206143818	0.39083678886742335	0.04891442978257102	-0.3547995367228628	-0.5089852774086275	-0.6425388492816397	-0.17548952712619284	0.049020967363902	0.19742939557532116	0.3097217745361396
DTXSID8021224	25.81583759769798	-14.80241816334281	6.441819520366646	0.9906674532843746	3.0335494264528715	-1.8410368560298802	-7.941292663037345	0.9330408998339816	5.6377648146811605	-3.069028354559901	2.7220858893115083	2.1665600596122485	-1.7470423080175475	-8.566073236903526	1.074087963078723	-1.1109891019734524	-6.136703782064209	-4.820013107878579	-0.2679444260503389	4.181067089230804	0.6495010637572162	2.446105613518822	-0.672663251010358	2.4962702724136463	0.7542995166639145	-2.187935699447721	-0.38952081922478143	5.7260018736384595	8.676647179277344	-3.431150239199737	5.6821606452251	0.6110947839161951	3.585237429084759	-6.080054655950071	1.3907326325207332	-1.3689132850208574	-0.15892953275127492	3.0836598974952394	0.9032375978930443	0.15479885506061286	-0.16909037388186243	-0.572274565997466	-1.170069967702084	-0.0925850539986029	-1.154781427972076	-0.4690170558246628	1.3749717650221804	0.019323930901392002	1.6047330391204349	-1.632859000874763	0.25795010376230093	2.222874576373731	0.9347702293709026	0.31407707218345887	-0.9734496753510776	0.913783843662392	0.044983480897238214	-3.130231966644656	-2.6251825055772056	0.17040454600154029	1.0876350056954678	0.24255851098785366	-2.1484959497667697	-3.284059369829332	0.10025438656495889	-1.5004732171383417	-0.5848522613049786	0.6592995527111339	-0.5103744833924131	1.6937845733043555	-0.3911315289721266	-0.9513809842490032	-2.1887047125257983	0.5048922651471607	-0.08891783149140571	-1.1460788776692137	1.4929452491385151	-3.6097315843122346	0.014023811379371027	2.9008371423840176	0.611622330742484	-1.0331925814031346	-1.9174653942824376	-2.3123680642115967	-0.34234186800081867	-0.013711776575804085	-3.1397163341917675	-1.4344100727364635	-0.7099896114267971	0.6964467259104186	0.8140641286858336	-0.015574097578912474	0.019927462319853227	0.4118873180777014	2.005693036614569	0.6838599084591515	-1.3942130844329792	1.1530909525320856	-1.3208694194927921	0.6545322936445173
DTXSID1029910	-9.4722255729252	2.07255559057847	-2.502053439818276	-0.4241765693399304	-0.610576745583756	-1.079834671498298	-0.5752099094686121	-1.3058421733960228	-1.1996952111112262	1.4769400298572928	-0.36675758766407635	0.3762798164500382	1.0503691159787003	1.0632877043710836	0.12715991064564525	-0.2486588664400649	-0.2410890460472741	0.4453100600953758	1.0205416217802763	0.2463012169801858	-0.07407145989802469	0.45014617955308917	-0.3735941856963378	0.18264338772002045	-0.5031557908763308	0.17385295857242894	-0.0028103154269541707	-0.30059652247136587	-0.060690783263576645	0.44897258193847633	0.8816136650425392	0.5240684732998679	-0.11768571305841506	-0.14955088112409268	0.04636237670873799	0.188072000085425	0.19272121306821544	-0.04045563016060404	0.03779258650007518	-0.15033110448757425	0.13506673914116374	0.4011886536325362	0.0279471551685205	-0.04897960743059164	0.28056456194259893	-0.2542312047077211	0.012156518888834374	0.27249455847943593	0.12024248353407117	-0.7110618283877218	0.08251337186567015	-0.312174383431238	0.1852220391010165	-0.15319606172908234	0.12249926650667892	-0.6150917578894363	-0.05617223365018182	-0.0441237415232454	-0.6152217881627369	0.3255056907171114	0.6140785962424735	-0.6161861995219277	-0.5631063539442462	-0.13764544707803344	0.26511836460429244	-0.7710652067631877	-0.4396744788015822	0.6081947447878194	0.6533486436111613	0.20085467078545424	0.03729617974201536	0.06266749089509387	0.13714549124824466	-0.24838843538042465	-0.4499814470452739	-0.11701132709123897	-0.11567780329745542	0.20746476483414963	-0.07740839040098918	-0.2552623408460593	-0.12889001486899265	-0.2037521283032813	0.19438923194649044	0.13323913892764958	-0.12295520942591323	-0.33183274994632983	-0.0892999553077895	0.2085345405533671	-0.023545506726469642	0.2903819892223049	-0.32354281730920875	-0.08508384647261977	0.009585924710688625	-0.3439546089806913	0.2218664062259175	-0.244109856807902	0.686888990842173	0.35375440188129537	0.22881420839160968	0.11154591053388857
DTXSID7044215	7.23902062584664	-6.797371451303118	-2.998091575232994	-0.7420913685329944	-0.3726191850131097	-3.298843991498978	0.32617223640946125	3.26659082925123	3.439013749248839	-2.0504178984456445	1.7952253614097213	1.2098325529085163	2.4926789609201987	-2.6586937127659094	0.6635414279359967	0.8332698143171814	3.056670595439824	-3.6412497940561344	2.178568146198057	2.660471692197439	-0.6350347341916713	0.7706976628327199	-1.2765819700190846	-3.705185786015206	4.60281616402763	1.9341740294950918	3.1908388691239025	-0.6541674171824294	-0.9067820520830787	-0.29093921510514453	-1.177670529373541	3.1850923467693666	0.028544137262197507	1.0093562770095368	2.8885907319473496	-0.05993510629976694	-4.317307065048878	5.7986158636558285	0.1408587261970128	-3.495707096241908	-4.339795021828585	5.210011338205514	4.46755978559907	11.65261643552447	-2.280291570159714	-5.1954992277123395	-1.9422472927893433	-0.9977037550201578	2.421786496486341	-1.2523038984998967	-1.4506222582530255	1.0917690921160472	-2.1890892190017106	-3.1396103230424925	-2.9607214158492017	1.332692596230198	0.564554800248984	0.23984762236082915	0.19087435817064635	0.7151216859057202	-2.712979715050643	2.5574531035401233	0.29969829683807414	0.7201866901028471	1.9384888919041905	1.6656132593861512	-0.79633957919431	1.8715889174395726	-2.420850890875324	3.040510581610413	-2.389141531284388	0.5298431710083086	-1.8965924279442807	-2.661954670521728	-1.9926942163963104	-0.42431469725668286	0.9164567351930503	-2.448263648063049	1.185237237874463	0.27313836937307584	0.27741668487167714	-1.2567034740497576	-0.2645706696575878	-1.259764332667226	-0.7703084231283435	1.5847894331835053	-1.5439994715982182	-0.6924530099427083	-1.3283887930492992	-0.19801381901316661	0.21063944062295814	0.1115547332775325	0.45550497810002427	-1.2046815631998056	0.4082173682929334	-0.2470225339870625	1.2436828616249922	-1.2060909193426224	-0.04861370538560726	-0.22032372375663722
DTXSID7040283	-2.0801468448184948	-1.5001881602096754	2.607417636267441	-2.4057277596212288	-0.1936137987861239	-0.6609926169890381	-1.505734568024441	-0.9758124881653426	-1.8190599118545103	1.4938902537033185	-0.8934388205544084	-0.19708085676184545	0.7146024947627352	0.3955810038464551	-1.2513931935497593	0.22591222755008358	0.5395207865776404	1.3235948573728218	-0.18227608609224702	-0.668678252884595	0.0674697123541486	0.7364876824332237	0.19275154969697933	1.0107573017095965	-1.1082449466779354	0.48224418049397466	-0.747884959034793	0.32850141811072786	0.3612145531548972	0.47414637210206867	0.29986706254685064	-0.3204277100379925	-0.24975353185585666	0.8607694048464047	0.9808494680993606	0.03086710932035319	-0.09312736864478814	0.39412581131816765	-0.13061098792333792	-0.19020914535294145	0.6502334790383024	0.4009637938927831	-0.6315966029999758	-0.5466560684655194	0.46830416358647237	0.6453880522450377	0.11637136379164754	-0.1343547419701588	0.04152734830402187	0.14829161803888413	-0.45107369930154767	0.028499623409225634	0.40764074222085805	0.11441077492900453	0.023707838952675607	-0.19649635655869832	-0.006180490183765653	0.9840366902460096	-0.926011657292456	-0.6496153671312077	0.07999112614738595	-0.6456687298488591	-0.5799188396737375	0.35550577175378956	-0.10573366573423783	0.45326160792022174	0.7031528134707412	-0.14072179224084608	0.6941215445850091	-0.38290413562118264	-0.09146198358080966	0.11960261809490738	0.5347696771980693	0.6196202045459007	-0.45639590984262257	0.16896960934495017	0.5996724067584166	-0.30321755387024074	-0.07975623461798513	0.3928389721787417	0.15579897558026856	-0.11002322160659994	0.14109635452231586	-0.802009268917438	0.23072553160681794	-0.1283799403671372	-0.4861608237033976	-0.24472109821735855	-0.6132924912103379	-0.4431876873622691	-0.7648487410383913	-0.27850195672968275	-0.23578343095106252	0.5731305601158941	-0.40789681488738255	-0.1694108801258146	0.6808028330434707	-0.3830584642560174	-0.626720778914616	0.36160683112546166
DTXSID4046949	1.2310443997252631	-1.5556666972523236	1.6584938731014247	-3.5158268859947954	0.9668551707998909	2.2457505816485193	0.8397448764511913	1.7807297380955802	-0.6414343006824099	1.321140844518687	-0.897081309835924	0.1215659004018668	1.8852473305415134	-0.5419508559021048	0.10596135410923876	-0.6916987881593019	0.2595808623075808	-1.1612177060559916	-0.3080357713321202	-0.5657159738254134	0.8623998199551313	-1.6401621368723178	0.3008460848874603	0.0035970204720944484	-0.3459014267828146	1.0937669420139395	-0.4845458008316103	-0.27003657609350656	-0.4885566832176652	-0.14114039686426266	0.051371766068612164	-0.005365135908310871	-2.6579756365852027	-0.35160621183931773	-0.6722832233600191	-0.8644389657269064	0.21133897849039227	0.406641462090373	-0.12372182197276253	-0.3870090076654801	0.47220243277853857	1.0637908276874213	-0.014673733852812608	0.28738476425357157	0.6581999583448529	0.7213090940798135	1.0464164047850173	0.7185298359938376	-0.8448381499511324	1.459671880749987	0.09810944214120826	-0.15814788615153444	0.6044655543249889	0.4065244408867499	2.2719043668025583	1.646118496214478	-0.8097326074397192	-1.0470755717248035	3.1333634642912376	1.3057342787709585	-1.3773055322665284	0.9426206011565043	1.9450474050685502	-0.7358494124370131	1.7633548899432308	-1.0591950638676302	-0.6392076156499947	-1.089961996798919	0.28619592892795437	-0.5889068201803142	0.8127032532817305	-0.20789272257571623	-0.032763286235844916	1.2511215913872922	0.4139386840731042	-0.5754755194858224	0.3763240461658919	0.7411691035154196	0.11483919137581658	0.6497597509737397	-0.6281064359682028	0.46830961572426477	1.2783980736426601	-1.1583585391556215	-0.554026546425189	0.19291713065226868	-0.45147196681980745	-0.03869730412798402	0.7136745833197085	-0.1337567959192927	0.07267545355644578	-0.6067414855526124	0.5173814871241139	0.45188474048027577	-0.4630819881783619	-0.7696297531714179	-0.4628641877779749	-0.3003809825579676	-0.25430538331962554	-0.42061237564667425
DTXSID6020193	2.65846420349744	-2.05655205675854	-3.621060856240418	6.822825342098804	0.7349559363173543	-0.1978324375697113	0.033951983690045956	4.097824247468105	4.289793717387341	0.9755722384818859	-3.9130932557691644	-0.965478207032155	0.7046833725155531	-0.8109697118548058	-0.4078859394547382	2.079565769392427	2.9738649713775316	0.41664999890957133	-2.423698399920749	-1.9772758100504801	-0.4311662867459733	1.785476237002286	1.2026905309662363	1.9491611733476213	-0.814396527240596	1.9055314756813189	-1.7957217541531845	0.6193688168244877	-0.10623301256864717	0.5895897716090505	1.0789587853490048	-0.5928276672103951	-0.07817927945898899	0.74435687589315	0.6343912705500957	-0.26445123222243344	-0.08274627778149726	0.279403125667912	0.455319450592986	-2.031560232845464	1.0572984810068828	-1.161229533017583	-0.4487081373714031	-0.6981078644952803	1.272965501023718	1.5502201335928847	-0.9904964715712941	0.944615775941151	1.7045952430834108	0.7647805690108397	-0.6309320154154222	-1.0951470053368693	-0.6125436198433968	-0.8279734161766973	-1.3322747935488022	-0.8084398261853858	-2.142111664479342	0.09423111423229996	2.3746712291319443	1.6140575104916224	-0.8354672251897469	-1.4682261873034395	1.2504307908006858	-1.7513266011278208	2.8380736167853997	0.7337014783578543	1.921532736575938	-0.2656752687666155	1.6947718119179511	0.9516692971629068	-0.24694264126514762	-1.2539698076990207	1.3728985383213101	-0.02161353600341136	-0.7609474021116321	0.48447299831098395	2.419283763451489	-1.5229151847536957	-1.0870680915887359	-0.39647378430281016	-0.7471576918096595	-0.7244180087793484	0.4863105272208376	0.21737855308220977	-1.511597362607708	-1.4836448301666785	-2.1256410218139647	0.35924444422437063	0.48155799558729556	1.316395138478984	1.7207822441553966	1.3969619731153395	1.5344757675098435	-0.21588055887054075	0.5406679581737094	0.30894474610087086	-0.9716253954786696	-1.1552076199041914	0.44297334593177495	0.4323632304625302
DTXSID2045941	0.6294697688980931	-1.0846706908672572	-5.214047513026232	0.5531662884331016	-2.729394073345742	-0.7422756133594022	1.8463429729994154	1.178181049164425	0.11367190249621398	-6.236243722630447	-1.5633138052612696	1.131657800758191	-0.23552624888667853	-1.6740688204388197	3.0899437386899318	-0.22591055157185902	1.0676332118736318	5.171666313773231	2.9734511723571972	0.4823444985586894	-5.6000328646813875	-6.941178206236995	6.025049682485777	3.8491563976315812	5.577863116173913	-0.876840702394652	-0.7470432068880009	1.3565199622169024	0.18480479858628882	0.8902383997596088	-0.9544159928862839	-0.39196090803813	1.0982368288805904	0.31482444008298893	0.6321726328310527	-0.7835166508070599	-0.3154252575673041	0.7584764794153139	0.06355142003388294	-0.4334081852743795	0.5881054987606477	0.42041103395194973	-0.25717555503660794	-0.17775913201441126	-0.3844315576412083	-0.701997058011118	0.2174868402000911	0.810543995279702	0.8604672943331138	0.008232398950767605	-0.6489397248902742	0.2474718307034317	-0.5559158521055841	0.27926656446649595	0.049872195937422766	-0.13790589885916477	0.7210934402153544	0.6709083885528554	-0.5829747482463996	-0.6608819585262362	1.099127821538026	-0.7333922173368485	-1.13282045261167	0.07479872931121478	-0.5151536319556618	-0.5361897488929886	-0.8281574509924854	-0.5175247605458811	0.23074070561603896	0.2324360559320609	0.49179393043595526	-0.13023076384652574	-1.2991669353986979	0.5840695374769643	1.7517549687227558	-0.46119255186653396	-0.04339947410390941	0.14230123611926762	0.13471092123104653	1.3839109588801142	-1.7407428116730326	-0.5632942292797927	-0.625584824632776	0.7920549368101727	-0.13520376447311083	0.553347444192846	0.2649623648565327	0.5415747717862399	0.2346447348792973	-0.8280590974601971	0.917791994248558	-0.39922747617146925	0.09001598301596611	-0.08804449217430926	0.44993460378546624	-0.07709271668574891	-0.1300645936869029	0.8977616543385465	-0.11748496445501859	0.3958220017187634
DTXSID9044790	-4.565244093242737	-0.5734843747205742	3.3979850069287743	-1.0646434781097331	-0.2669610563750297	2.7091722610212514	-0.45674255693036847	0.7295456926810956	-0.1487225037775933	-0.43067063497046637	-0.5367105919894914	0.5588576845163421	1.6523701011698588	-1.1048798539149443	0.481685971016912	-0.8041668583276326	-0.792279560420684	1.0700526422469114	0.19888187407481164	-0.017193554217412668	0.3097218572601388	-0.49980711398086997	-0.10420330157731554	-0.03823733037815773	-1.0204186764670125	1.1231667833968133	-0.030768666385561267	0.4409352445008109	-0.3286417715832132	0.27458231054563126	-0.2992446538373492	-0.3614674651129074	-1.2488289040083487	0.1653921887356169	-0.5729539765250015	-0.2116703574900404	-0.1837923538575076	0.7930227974416457	-0.03194497454068294	0.028923700699340027	0.2097596413007105	0.17178139468808734	-0.48086042765119963	0.020573555496221484	0.7913786493204398	0.48620327530782603	0.18386806541169226	0.04401376935627053	0.5404339265133293	0.48856514040673926	-0.4485737499158178	0.26441307249541307	-0.2979078053798076	0.5204620913692344	0.36756628916111755	0.4311032410724745	-0.21392902900998426	-0.11659871212913038	0.964933821020346	0.35152099453614905	-0.41432843193180147	-0.057037577413691164	1.235656366153523	0.07853634223198498	1.2401814426469062	-0.8455988125811488	0.05936527586165654	-0.8222292549674195	0.590428756653619	0.24127285499431214	1.2009414617268335	0.5265192851341606	0.45589034195593936	1.0931650099478982	0.2175325972792075	0.31088967723612987	0.34571306915463934	0.08173363814740536	0.4882934110620572	0.5735589764554487	0.028064331095469745	0.023136501459312425	0.22810997330799213	0.18194183711661308	-0.1204403568690636	0.3666838901647874	-0.34971374727712334	0.4287199258440356	0.5022255350774387	0.37336754266676897	0.29673950890432566	-0.1056769379855018	-0.008921286739835131	0.42126707873028585	-0.09880123700445567	0.41704816159135627	-0.1624789927511214	-0.5068437097739439	0.15238928551920333	0.3511178460578892
DTXSID0047589	-4.793799402622097	2.1368363216215305	-0.9664733200267915	-0.7768487194117497	-0.10534839494929431	-0.4534201912049031	1.6040392087323954	-0.5070802028065888	1.140236298065273	-1.5518966003592898	-0.1328922272974527	0.4028246962784062	0.4444842145962776	-0.5913636464415623	-0.10383586664334886	-0.4542952764088141	-0.10083647918395397	0.5104457950802843	1.7783304826287687	0.27213394811092684	-0.225540727694754	0.9929336047893251	-0.6442527098104152	-0.04706258137383978	1.081201279394148	0.08587472929422539	0.2505891554590862	0.14665703665184576	-0.04988484786638302	-0.10672255399042704	-0.2660930275509203	-0.10816468258333818	0.2981009242900493	-0.2119961666971074	-0.11148311825699046	0.2659855964546456	-0.31161137745457557	0.23316335653705753	-0.7379903110572065	0.2659124366353416	-0.0403902863732048	-0.231613298731922	-0.5405358471801209	1.1779621410426218	0.22822233394508337	0.2115167864555441	0.14974660654003938	-0.47331827600386905	-0.17413075140677745	-0.3762137739364521	-0.13412400917254888	0.06866426322775002	0.04219954353796605	-0.006981033628571252	-0.3350076831355715	0.41855243352654875	-0.6265833413072228	-0.6863525819714044	-0.49969111667971544	0.6064477707969685	0.18659281463208	-0.48584891082598514	-0.28674383148188537	-0.42034379792351845	0.10760182185987856	-0.2860734497189333	-0.2595727964069417	-0.37072931805441534	0.09803313973056517	-0.3361396403707965	1.0702909343987304	-0.2132579595463657	0.6591883904099222	0.3425515048125541	-0.5618711083083431	0.39288470635919076	0.3604827595358843	-0.6395213468780369	0.5110569240580227	0.6129396223663992	-0.23529173948879764	-0.09798659349012864	0.4913043563377401	0.42941032380223737	0.2765814887899742	-0.16158325043535812	0.7644256543155503	-0.04518639163209938	0.6303270752820698	-0.5464324587637458	-0.20166497602487987	-0.356514848749744	-0.9548310832116939	0.11219927674434602	-0.487289634255507	0.6361631912335014	-0.03746114698834363	0.44919628307728543	0.026647836460376093	0.09836661508550733
DTXSID3027293	-2.445453399329921	3.3670025035416526	-2.5757794901070827	-0.9919517517363916	2.097116967913615	0.6285038589025063	0.9915663344540807	-2.1501823335768857	1.4391883868699307	-0.7957238396670925	1.5441024053966692	1.0741601635094338	0.08915818864441388	1.043341345880978	0.4213256400222474	-0.3297147624231628	-0.2394820785381588	1.3472757870096577	0.18097411529018076	0.8328657662174108	-0.4649955771789855	0.6965637625582086	-0.41759182460433764	0.2652887157358129	-0.08574687747476067	-0.0700980292100008	0.18322213787759797	-0.09016334012494806	-0.28507449654896	0.24621741807259942	0.13293287462585163	-0.18658728674842695	0.4846992080625628	0.10948246176190737	0.12081057807687572	-0.11049047334743607	0.41024379618589224	0.025230191211842855	0.5914438756257973	-0.4919656675779323	-0.17295436788461757	-1.2308764427770382	-0.1587065301235615	-0.03834024946844558	0.38776902002518265	-0.7173925497488312	0.06482942470624438	0.4530531664101458	0.4133580461609835	-0.319959275844707	0.0004065747968526563	0.2538750769756995	0.037710836882921726	-0.6894084977194899	-0.6293214501659755	0.21066086554022462	-0.3503505894426299	-0.538722185174628	-0.017217536648482273	-0.203544349570201	-0.162391555160807	-0.0691956296961338	0.02834637131591457	0.04939943028853391	-0.012092299420242609	-0.20475675244695088	-0.6674144773434292	-0.14370423491225548	-0.3539356949049721	0.5834095134004292	-0.5457122804339462	-0.46138480205286975	0.374450013702943	0.46745295223257655	0.0015757249848111637	-0.27992562573851987	-0.2570014814018545	0.4239123911819759	0.2566920911594161	-0.10954667832437424	-0.3194893828119642	-0.12037721661469555	0.20719621333784577	-0.20767300662701282	-0.292896378387746	-0.1137715688286328	0.3925038609169295	0.10749440908629154	-0.058660018167380486	0.32771127325465466	0.43911300021285876	0.002363227195450932	-0.13762450570216986	-0.24926175156924738	-0.6080575999619932	0.0033703783180290504	0.1438684625985492	-0.059063193548366304	0.20064675614264063	0.10000585251644506
DTXSID0052542	-8.25543865483137	2.8487912086045175	-3.4066447208872797	1.0097160794121265	-0.8467956937040737	-0.2629240658498345	0.28863098978899576	-1.4313314675590814	-0.32811317868961076	0.4780194572524066	0.18906686199169603	0.27650560910367555	1.0795458017920252	0.8930490407297841	-0.329103689153087	-0.20859649438749914	-0.7144848614574102	0.4786011198129537	0.049234495180485796	0.28418642131979927	-0.021598621903050116	-0.4493378184280746	-0.30765647697106613	-0.15294096633945517	-0.34581302000526776	-0.37938837987782786	0.7577218688871814	0.10234888826513178	-0.2648301855424702	-0.4605279171513781	0.574478121027809	0.45156769015817283	-0.22554252635040264	0.17485627116903069	-0.02314818919803951	0.09703487037113931	0.6976574182995721	0.1548907082870168	0.12744792630384527	0.12219415986394347	0.004353304393966057	0.4652688128949166	-0.17022786728132605	0.17019832029776508	0.31176355300598024	-0.31165252027451784	0.030541425909607182	0.1344305103065065	0.5432277220810575	-0.14207880062092443	-0.16962651768163672	0.21115585143308654	0.04005416679824082	0.06079826763684171	-0.4026482753105624	-0.5562478717596587	-0.6449879375809772	-0.2986423484491694	-0.5865094011654612	-0.15226786409697093	0.24155000111706948	-0.4143172080164063	-0.8391268182546426	-0.04657545607838205	-0.07642349580513308	-0.6539238884319246	-0.6181520844675829	0.5502099021848054	0.8879102372359956	-0.09943749071805387	-0.5067948883377975	-0.20956034295428522	0.1874295088021787	0.07360720814745343	-0.4440314014645007	0.05025298776181355	0.2136325969450714	0.11350792831113175	-0.8125287344035427	-0.10892799098510936	-0.09201704401242489	-0.13332733734659205	0.3824810474421278	-0.09727688868810133	-0.18115068684541574	-0.22360835527970888	0.10109032615158779	-0.1264629986145782	-0.12057718009599602	0.014943677724473726	-0.1338935338786843	0.6739520920931898	-0.11511308992282374	-0.23434505078076004	0.09287963337266236	0.33302664846136043	0.2790655222406338	0.22866059209225234	-0.34200063730800745	0.1497572426933049
DTXSID5045544	7.570897401137799	-2.9340496182581104	5.49026956742881	-1.0086305294546567	6.210889389043513	1.1896455534890134	-1.0847673581110335	-0.0697001312307839	-0.8656063513683189	-4.344066865923841	-4.052087965086006	-2.3375343662662886	2.755160120084471	2.461396737083931	0.32630853174615726	-1.138152578146825	-0.9135438219880221	0.5377462344560772	0.6698123072304043	0.33935193536911007	0.17615496396644484	0.5806110460570473	0.904909201859161	0.26737229594721046	-1.9152631414254657	1.0713601985524326	-1.152757115820155	-0.3232054129878751	-0.13029857001928535	1.3072219575014827	0.6112228247100109	-1.2736320479366432	0.23974179034814883	0.3808331223415796	0.5888397069039848	0.03835915805566998	-0.6042878991229406	0.5320525510107005	0.9376542053054517	-0.5774279379354417	0.6327057037824492	-0.309258747272755	-0.5362972036360909	-0.2820302116990672	0.6253454902001614	0.0549955476839708	-0.1307262514836426	-0.27063041983397945	0.8904946077973881	0.6177087343299655	-1.185397605694078	0.02123418497781463	-0.4470946545937258	-1.0704126754014047	-0.4008374122809791	0.6228816985670427	-0.15322387572633878	0.23365949086194518	-0.22539608342556133	-0.2718106197163566	-0.3459621562164764	0.7475745873667101	0.7399675342490465	0.7036243159669874	0.24648384701313994	-0.6568299045432889	0.3544225339263935	-1.1722213237696277	1.366194714855245	-0.12250749570990442	0.3260669484428433	-0.67247034251126	1.3021649789009697	1.7780399888151766	0.022635490372926705	-0.09573898555559575	-0.26854732093051875	-0.23543029361323406	-0.8531050373597847	-0.0324522777472149	-0.6578489961123101	-1.445500661866631	0.08344407932388986	-0.2118834832538459	-0.2634079840546805	-0.7715236117198292	-0.15882315690222645	0.7476875775638678	1.0736260769675048	0.2594692422275077	1.2923965935889667	0.14574287090054405	0.43403533618753704	1.4414603467148608	-0.6716566920081661	0.3891177338978811	-0.3308415705118483	0.6148873687041673	1.265636315792449	0.5069142861890935
DTXSID7021657	-3.627151230041113	2.370169787064546	-0.3278023443573086	2.483351402313174	-0.8725588677615055	1.1686862357888959	-0.5956793315188998	-2.580703086292102	-0.03070657005510362	0.26872279149401374	-0.2428605238291779	0.6612913303140108	3.939333384133106	0.5777039586135028	-2.6009142629879625	1.0350734878543475	0.4612325938905606	2.2547158977307555	-2.607042084792238	-0.5413709007320939	-0.6827271905299429	-1.4407887140875928	-0.12914946803259994	-1.298130852724791	0.8747956039460008	0.6513600547773859	1.6002191973342728	1.9210242916676048	0.7103743742226932	-0.2121966009816173	0.3835431565613217	0.3827675994756538	-0.21406600347961985	1.8232709723224263	0.6081687765678447	0.38122755935008884	0.36555674060252197	-0.19826288439881218	-0.8297814821612959	2.641816010058066	0.4898389138564089	1.658969861776584	-0.2905646580532839	-0.6114936302761855	-0.07916371856237132	-0.08477821218302074	0.9775186008884269	-0.054581252979320614	-2.8363509022401456	-2.836093624440022	-0.7864041895863345	2.0597583905884016	1.0130915435451262	-0.569464034380566	-0.976605220611248	-0.1291804644657003	1.6270929974593682	0.11447844488779221	-1.274715311500602	0.12588010892100612	-0.4589607284717588	2.180367428851728	1.1649539805713438	0.5089542032107551	-0.005579598170485797	-0.3699686661392457	-0.10969716447973861	0.6841224722667518	0.3714406316803381	-0.7304992424081617	-0.46890351132041086	0.20709628230783966	0.3985192930797898	-0.3129926729862344	0.5756384493447583	0.5082517132314227	0.12805348954924012	-0.6473261954888485	1.3563871057519843	-0.4806702525920618	0.0856135629614527	-0.11129027468708116	0.34990987184904865	-0.8557988007293754	0.18038706425211826	-0.672276171935369	0.021860602126584788	-0.15209109185557412	1.2545489776847143	-0.40563517558408124	0.45912808601112565	-0.1205226080074819	-0.3174959931485879	-0.4272073753129316	-0.16511731511504796	0.12247011190196268	0.45636052283056094	0.3453739160532973	0.4157247449995643	-0.061203102558482894
DTXSID4023179	7.385150537313475	-3.0932264367856837	-1.7695749560906946	-0.5316326555344948	-0.997239131889291	-0.4892339746997317	3.0118750694683207	0.4015102338087286	2.0129944722203836	-2.1832968735536635	3.6390840344931297	1.0256934138227436	1.3315882911768537	0.9315660969864524	-1.7385683102801406	-0.5448299909720203	1.2138044566585016	1.4548872098145114	0.14025865357923892	2.5964533138388064	-0.7161014419654774	1.1836337631005784	1.8072029079580878	-1.1674712015907496	0.31570783220074616	0.5371601207930242	-0.41470657067081795	0.4605344716841809	0.9290373711297573	-0.6170730129740848	-0.20290394705552756	-0.145621944563327	0.6569073954292063	0.4248188521678538	0.14803379775571493	-0.789989626950958	0.7965859020130918	-1.6180026678391097	0.002326403387760699	-1.7957460713594953	-0.41566501987582805	-1.2673022938159444	0.2321995765744955	-0.3872298985308471	0.000842192853401762	-0.12680881839830882	0.3830256216086918	-0.5361984260575527	-1.1462058557276626	0.7288471863868974	-0.45057204799725104	0.9346966660075686	0.10575274027713241	-2.3458090927936217	0.042175574609298924	0.5427296788685494	-1.1583463743832383	1.0894986650329093	0.5609668538299767	0.44455746608363345	-0.014103430892154952	-0.5518240858587561	-0.8242983005977566	1.0526938066868974	-1.6320625147710985	-0.09311942576201498	0.0207732132719344	-0.46578840076956274	-0.7200788873810046	1.4156642692473795	-0.5164926307568124	0.8645052151664375	-0.0848660550150059	-0.47897643453286726	-1.143974880752125	-1.7115451152824972	-1.5796458669078692	0.1346336374228228	1.6398217224547336	-0.048707329658248054	-0.1798261086495226	1.329981983192558	0.3496251724655365	0.2720998089329883	0.5866812290354386	-0.06871623375411072	-0.531095525501854	0.699575677562925	0.9858156438093737	-0.8202570674861217	0.9985391893276528	-1.2152436830304088	0.3506603533872401	0.16930010239359422	-0.8647204700658455	-0.676955153658058	1.151832555135317	-0.7896154095176238	-0.9276629799676805	-0.6251887214088159
DTXSID7049392	-5.1807820665321875	-0.262137805007615	-1.601147007484538	1.563220921487904	-1.7894174276213524	0.19156069439008053	-0.06529700292986466	-1.0824611316384363	5.5362301505178095	2.7862528328050726	-4.8570966240761715	-3.389315619592165	-0.416261759496901	-0.6064454617981274	2.173199850035786	0.06426526181592745	0.7044582219516161	0.7484385680293538	-0.9872834447392771	1.6249361099743838	-0.3247975783979375	0.3675401195176188	-0.18251069265639122	0.6160192973555307	-0.8265954898266773	1.3575500199791863	-0.29877411185348124	0.24338338993045985	-0.3487655113569966	0.26884647084644736	0.30556231583521937	0.20535130183905567	-0.6309175162980679	0.7694605855247176	0.3173136669291373	0.0721956868253108	0.5665603587477359	0.13348118501431624	0.26221962249227154	-0.47090681234119264	-0.06680110357166268	0.3355586399426652	-0.12775774562142142	-0.332990075085213	0.22063650710145552	0.20446867225438703	0.4687798517701859	0.21485918930020742	-0.26656522439769087	-0.052848499969082204	0.12942314335296093	0.03727330256737233	-0.40529903470501966	-0.14373962237597687	-0.059479265814091	0.5273332762768742	0.25442071592362114	-0.004641729050439974	0.16175836233889138	-0.2173702176478424	0.31652504161363015	-0.4132999511571499	-0.47072518504833943	0.4775465703170471	-0.05823744939777953	-0.3384424946095481	-0.9347357834388209	0.04559564187090947	1.0391741111851405	-0.9723342692535457	0.10971392872587636	-0.47883127853988905	-0.004490245010718159	0.0527269875586067	-0.7005381494138888	0.19189553250316074	-0.29326650152890255	-0.41590589794180016	0.3826620966043657	-0.15229593180557463	-0.02511207238859085	-0.05978302684092811	-0.06380947280284725	-0.6366335550593643	0.24446275414991137	-0.3750650346438143	-0.20543290744612924	0.18117083721539048	0.3047464152508076	0.02872193241989918	-0.02426835029482846	0.12127177504791505	-0.6303596959693128	-0.10029236646790286	-0.2747347912843185	0.02500940163081059	-0.05656517747701588	0.20074156245032787	0.10706247468849117	0.11019991700935877
DTXSID3048657	14.316231307221337	-5.057617556447401	7.171368125375329	0.4362175830527504	4.59037765639137	-0.4165029719318263	4.547025025817448	1.6854936802288525	-0.6952056835394138	-2.908151737438132	-2.13456838062849	-5.034128017750706	-2.4980741892629785	1.9271243179422335	0.846174571981053	0.2039537515481239	-1.8735541960152875	-3.4135374102175837	1.5404004763032935	-0.5095859886313907	-1.72324198352136	-0.11994006635973087	-0.34067532407255535	-0.09744020397282512	1.3728191637963125	0.13030377969358678	0.015898370100061857	0.07140999942848318	-1.6409758182147554	-1.5099364608403716	0.6527505742100829	1.0798656714738903	1.0154248111670832	-1.0517266879521554	-1.4562886537495228	0.9158008313313769	0.023034434346447592	-0.510732845522366	-0.7099965746949304	0.8609282924178572	-0.7980953477938618	-0.45331175416288916	0.30949041870350186	-0.12876545032566866	0.9045215884619047	0.7603031390314652	0.23121595245792428	-2.067330875503484	-0.1878012542597252	-0.5798409860726833	-0.1304078548277983	0.9467616887820582	1.3075021679745866	-1.9374028586752072	0.7604878019655463	0.9040355940108092	1.038955445389191	-0.19811585358976855	0.4823708962234159	1.1021662597564048	-0.8472096950770865	0.16177126734851038	-0.9316025414391715	-3.0712015544290803	-0.18296024554520293	0.19581743681009303	-0.2612992344706493	1.1519459271999777	2.7468289895203664	0.9721532566647925	-0.5583519539905755	0.4712001720989912	1.0936693724851623	-0.8764388842176394	1.258164005424018	-0.49916942908215384	0.8638930072962274	0.9162174561248794	0.5499599120794384	-0.3253489386175341	1.515509907858171	0.5887262451537065	-0.9150322250165329	0.04627869448196605	-0.7406465216678845	-0.27989024500100446	0.8095655489748185	-0.17847265184442915	0.48318215834111466	0.27771119446540876	0.09102724749059309	0.2583511350752254	0.017163377565943938	-0.18635669667992266	0.040215304335512264	0.7994032272049947	0.4815552966816751	-0.6473784346260312	0.04333879701930016	0.5780730791690751
DTXSID2047773	3.5882824359611836	-1.805929032217946	1.6362205358719402	-2.0606783246051834	2.597709999553204	1.1239586348743205	5.805099391387488	1.7312529238673133	-2.581759425310106	5.6679101396283675	-4.060214929578571	3.1146206263095655	3.861448693084169	0.06291056374416708	1.1046571764314979	-1.8702460172607345	-1.5168797337499889	-0.7360498118076269	1.1115296085378346	0.23099594464432172	0.8729569736522843	-2.419580381470545	-1.0621090046550563	0.8507421216198507	-0.47691079740701914	0.008684368966315505	0.3162441659948136	-2.151558713965784	0.07294873015069722	0.34853588254493406	1.8708297333941115	1.5694473347124982	-1.0204906574289048	2.140240389599071	0.36942364442490905	-1.6209358308757795	0.5561272607465485	0.3691148563236608	0.2101116633406454	-0.03704040261735125	0.34295266506173605	0.501065208085015	-0.5411062676322695	-0.3831366447275882	1.3064658698693046	0.7621715073120724	1.1096638056561043	0.35506710750796144	-2.6027513467018095	0.11114879326943239	0.9054799091655032	-1.9009185332900125	-1.25008657276229	1.6840734488314608	-1.0067756313225915	0.5610975024353252	-0.4835183071731224	0.2576201950425362	-0.3617982979952642	-1.8526103494037998	0.24895766996004498	0.32109883375583664	-0.6272321301033025	-1.0345229811563594	0.5041325143991512	-2.598525008921675	-1.0459306852817125	-2.0262903242470784	-1.8258222797044796	-1.4185955172977076	-0.381571922523061	-0.36220381697428755	-0.9569634111511525	1.2014363174656744	-1.20368156150608	1.284779030376257	-1.3721110003793349	0.36369824280891844	0.7215884026154511	-0.5093036724107133	1.738645677536246	-1.329508227695688	2.0944758832732275	-4.074233041917777	-2.3614778145889095	2.438091235207589	0.012002718732400879	0.0006303142436637438	0.019390332683217926	-0.3869075588363037	1.669052423925092	-2.533979026297129	1.480460964037861	-0.30373958434541226	0.4714709884010182	3.063981651641551	-1.6273693547567687	-0.14824785906417345	0.30576936655299297	2.1480164334595226
DTXSID4046600	8.910060125583458	-4.731799915253967	-2.6691016357643824	4.415584884460576	-0.6513386815466182	-1.3294667986376276	9.005461155082656	3.293827955193611	-0.6353308415563844	0.8637192067716035	-2.5014319272239214	1.364756794954557	3.014746484464019	3.576973229189402	-0.8388892723057788	-1.720717023163376	-1.5028611897921926	-3.1497082217302994	5.68194530265032	0.9660673666217	2.0548376618198256	-1.6343633211858093	-0.3044662139729038	-1.4491004699268275	1.8358546267940943	1.6665209726134838	2.338720557366391	2.555269406087537	1.1309075709948273	-0.10223593925495293	-1.3704401067309822	1.346891678102026	-2.7774629872124588	4.8308246028776525	2.1334662439450858	0.8067610693562963	5.99132322696221	-0.5041935310567781	-3.5100235607151986	-0.2529563068356958	0.4015682872674171	-1.163029102307485	-1.7423502270211155	4.619712610378501	-0.8447695889831986	4.111683215759027	-2.98408502195879	4.337052569393929	1.462259372853592	-3.1183212887691836	4.2992696683492	-1.2498493877170478	-3.2050856394465557	2.9307173342471806	1.0605237183528542	-0.93776795511664	1.8418333364450372	-0.9375593818469234	-0.5604678327675515	-0.2749145823267054	-0.4687712228286786	0.13362783075388537	-1.2935441114348623	-1.6875549492098922	2.8948875582351166	-0.8765197582023586	-0.9117222626276611	-0.7800131246556177	-2.791986504790743	0.07479285332183655	0.18891584646316106	1.0301029591183213	-2.0626832532405217	-0.8873901522594594	-0.7681166110170184	-0.5646413287942028	-2.377808414065233	1.327114697854403	1.788275792245767	-0.9797771667275744	1.394089236012484	-1.5221138343546188	3.2886231730170774	-3.5328195496798998	-3.9949215595948733	3.3172531908127456	-1.6511144380799512	-0.7742742454918178	-0.7427772622314054	-1.8753696705413994	1.2959109338033425	-2.3344770412981464	1.079524850723016	-0.1451598924164313	0.8949026766899608	3.4666340790893226	0.6224449148561755	0.14499782561111543	-1.4501854943706114	1.7022921606708257
DTXSID5022722	11.229940162892815	9.556989202516867	2.6202238164263276	-0.51700415552917	1.57123743204072	-1.2357429504558686	-2.23453011745465	2.0756971839906697	-0.0979295130658485	-1.1074362702039777	-1.8796492700081722	0.8865152552575769	-1.499263195594257	-0.15031044789684447	0.13021634649733957	0.025946822339025663	1.143814020156642	0.6197598607019108	-0.19317824280416065	-1.6222953926202002	0.08422351370684761	1.7822688817848966	0.45220209270696593	2.2541501733166474	-2.45304120866238	1.5140488365623097	-2.093177301773139	-0.5308999433771912	-0.06412901886927418	2.033400410533026	0.33093397517336237	-0.9396887004176049	0.8934051829687125	-1.4918934014115905	1.1085199497009326	-0.29959065842579696	-0.515865911944173	-0.2841304637465122	0.37296981849436756	-1.8015269045363924	0.34528687198986435	-1.1737963410531542	-0.3379214073395509	0.25966841263383755	0.11266894965656923	0.3242819990391433	-0.7421785308995422	0.9048779894750799	1.3087038325197815	1.1539699961173806	-0.6124508111954867	-1.6886232322343881	-0.8675267676333229	-1.2449888085436778	0.2565048255822888	-1.326106453164602	-1.0095154433712912	0.06365327580857519	0.9845883813956765	1.1432023152213175	-0.07125597844950113	-0.6955341393674845	-0.8523132368422992	-0.379737141398099	-0.31204704282724965	0.9847064761542355	-0.01784242802266055	-0.1890166722501883	0.08892637037611813	1.696693205922013	-1.1683995903739692	0.33664223887214534	0.726199145417166	0.4664647662951295	-0.10791639842038488	-0.7889397718989478	0.35598888667937	0.04315390983118198	0.14210737645178861	0.24846439255228284	-0.25902207485324247	-2.015515103005475	0.20885501438469015	-0.2704527448146939	0.0029138985615097595	-1.087361749272706	0.15586124447007838	-1.184254603612911	0.5342159252578765	0.3329115014218954	0.24338835417141783	0.3903390176829648	-0.09330435126800639	0.16084157869829066	0.16322841469951865	0.43141549135272356	0.36743769205075627	-0.4424765684689924	-0.2674516296279873	0.037487682627101206
DTXSID9036515	8.668465527311193	9.897751286621164	0.8973546118599371	-1.0674056511866454	-1.7474779487357588	0.9876603888135095	-1.9439436512048873	-0.3035674790901911	0.9033762123303344	0.375411339794637	1.7085750135889624	-0.8257787476515137	-0.6337348350977143	1.0322967332753064	0.652007617073254	-0.564824216502793	0.42629968685302466	0.40982492983532365	-0.08021744228175245	1.3501978943619497	0.5508611248690992	-0.6097086878087854	-0.5243635344767081	-0.9151528237297765	0.9067398915521441	-0.4941400485377274	0.7971913447847806	1.2578110804824447	-0.17138043178175622	-0.8162424525162028	-1.1315462569061125	0.18744218199969773	-0.003635377063858394	0.9606727793736755	-0.08519662261645573	-0.6231731532024424	0.21160009452807324	0.19797184090946943	0.21515114943711705	1.2239697078783314	0.16804409388280164	0.11061790560267439	-0.4277714856160275	-0.40192459257217794	0.26824433028632183	-1.0660189560884195	-0.8190078929814739	-0.4283259270240394	-0.4655225123539316	1.239961699526011	-0.168533119934188	-0.14954044689176368	-0.2678129392185786	0.33168559145119314	0.7496720430293071	0.9191015544552178	0.32019990292347816	-0.9445553770878963	0.1255917956631305	0.005121990646513034	0.07645300494365571	-0.4146437787512825	-1.494616403828477	-0.2806537801306654	-0.6647757678112062	-0.28307471786329824	-0.19803386679357496	-0.015631778835397847	-0.9814117350744711	0.40474388338161604	-0.5709157842857979	0.4353987849048164	-0.01798559259896174	0.43514566811732114	-1.1190587383638742	0.10406274286507655	-0.5688013899075443	0.47833631775706725	-0.3900928506200651	-0.13371797425193607	0.4521113283925727	0.07913006070411074	-0.21742599340945742	-0.10414113687481827	-0.9263593024720315	0.5654127822050674	0.722177441232532	0.0650757813505022	-0.6258205670447836	0.2840280714483737	-0.5028405695106811	0.3480687349202599	-0.146797002557119	-0.021470032838143964	-0.13090979053819118	0.03574114260909743	0.2466942619550668	0.04276954338477168	0.07971101281232854	-0.5262781857344515
DTXSID6021957	-2.560856954113656	-2.2829222309826527	3.238610064760809	2.1249872682693085	-0.20412038930107607	-0.37674954806860994	0.44306491700556766	-3.067797495356167	0.3909494945741409	-0.26693959744664114	2.884112421733756	0.1184562874635536	1.1205832040818249	-0.6960862235592381	0.197680452357884	1.0555912441655408	0.2785314234525918	0.6937542751013461	0.5796814632690818	0.08342594331282913	0.38603982908087014	0.3326693600252683	0.3173303562456725	-0.04683128423168157	-0.11841362798879508	-0.1267777068388264	-1.5224312266382416	-0.07142100036400478	-0.4408325067510581	-0.20332066286290273	-0.7098494804774814	0.05002367830016822	-1.2939130944765724	-0.08169439063043882	-0.3638881649894978	-0.08698726670444813	0.809351243667115	0.1057312918175084	0.09305000514451638	-0.5324220900824523	0.9484928716655339	1.3691697526370041	-0.20354588212334826	-0.09042407910672705	0.14709014843403276	-0.0007777578372082419	0.23021978657203926	0.838742486684201	-0.3629309229961417	1.1228942207367352	-0.9529886711415992	1.1913327754297782	0.2794930964971604	-0.2014941470048976	0.7904887248948177	0.9821319574829552	-0.5247345879642823	0.3191118712614942	0.009960514812723307	1.1849011995780605	-0.2558227902505974	0.11946874767547636	0.435375525145471	-0.9506788469506904	-0.551789251231884	-1.247267054773119	-1.0664676381650189	0.3653261051937415	0.364417129253783	0.29063263351435425	0.32472658316520703	-0.016079702311255942	-0.35898016331827726	0.8954081069486596	-0.27913278423108734	-0.2582993111612482	-0.6590340164176491	-0.36946337293822756	0.48262758415818946	0.6906662044552885	-0.1765344727358902	0.47143538421970727	0.26994167845150213	-0.34826993112072835	-0.5855097003424762	0.08150205571397255	-0.05352914556672255	-0.14513376344850454	0.1317314989056276	0.0892789829965437	0.5515565788067154	0.2560707855514689	-0.02233580509455202	-0.1314641768969318	-0.004693775904385964	-0.6961893704011025	-0.11091822327526817	-0.28243116870450985	0.09948416514460379	0.31782160715951285
DTXSID6057619	25.52991739122046	-2.8127260856377734	-2.505688197334751	11.563212979383541	0.6947349857269561	-2.611981113075019	3.67320575652802	0.5345683901481348	0.6651021196610295	2.0006705145065697	2.3952292563392965	0.7615649442576711	1.40170528924295	0.9195356676568741	-3.978691745023163	2.5067412862842136	3.577650591650433	-5.233149125650972	-3.7425179208970505	-2.924283431930331	-5.146689773819578	1.9096772810895448	5.304538793963938	-1.7875408274704323	1.3584573312106454	6.578982201114409	1.6322613241089854	-1.6655863663854797	-3.303944838813731	1.5068512671742693	3.309275976703764	-1.8923214275072944	0.3107050519836767	2.0886411295868306	4.356251298718151	1.1510947215273983	-2.2210117716827678	0.9055921027419289	-1.2067387201712239	4.837737288924315	-2.9007860203065516	-0.8006295934042791	0.3880457041282752	-1.702901431723634	-5.3741085979893395	0.49254249819913276	-0.7418139190922572	0.8084064731295906	-0.3239703376644451	1.5734936695100485	-0.5457580690826884	3.165797182736227	1.2422625144120658	2.2315588101253057	-1.6341162279158121	-2.305339659810534	-0.36661757206341267	-0.43881133881234896	-0.09454128200832976	3.6076378409840464	-0.33769569293797436	1.184257456488021	2.0937526228791596	-1.3188310424205607	-0.34607884704890257	-1.17689823286562	0.45095141155482366	-1.1486433185858096	1.8468823696380472	0.31136053560462956	2.7755129340194085	0.309547534209824	1.3995506524100296	-0.16768245313703953	-1.3858917171814127	-3.686160053238695	-0.5514867777762443	-0.20191356688702353	-2.4274445939729317	0.8621341543372334	1.0270840102251593	-0.055024070593667374	-2.1479763651776245	-0.339474325970265	0.9200468593882849	-0.4565348292470817	0.6067570878713928	0.1108381342043924	-0.4295483363431598	0.2213220395718805	-1.3479329429822744	0.6837822468301125	-0.2298441265067314	0.9950303045361123	2.0246796786998056	0.16480752044791633	-0.5158442715342797	-0.6686777700473967	0.12152921688595322	-0.4710223431915367
DTXSID9044829	3.4260118677356846	0.03444969373784527	1.9904890742375518	0.5642818540810554	0.585756899065291	1.7716620127427187	-0.5709887731634543	-2.4258945500372167	1.2445296156320713	0.5072590734152247	1.7035213858694631	0.5163687991278987	3.5915456478034624	0.9240673104139345	-1.7117798999795757	0.8833713432991255	1.3023906141984647	2.0193533456327715	-2.7682511434171624	-1.45844383607461	-0.6089835340342924	-1.381427072872775	0.33023800046357926	-0.587628708906	0.6215270472834096	1.266162363770036	1.9508465888947397	1.8527242551537526	0.8505009970768215	0.3410728413177542	0.6976124045276141	0.546911411565587	0.06614700191128478	1.1055295991619973	1.4302604850081384	0.265847926281279	0.5368446396787772	-0.8227519996250894	-0.9261065411861269	2.483002906363304	0.6590436689317157	1.2440713400871837	0.09892247953115647	0.37408639297115837	-0.03480133585697351	-0.2606039010887569	1.4030727275454604	-0.595435100599278	-2.695714980710522	-2.869547876597395	-1.244704933302327	1.600768464910985	0.7481199499099341	-1.4047495840903643	-1.119733564426648	-0.4588862188211527	1.8658124227518669	-0.2109241908558832	-0.9165218710742574	-0.3091649504109491	-0.7791299147784584	2.5377391652120003	1.1850852157343152	1.3348609036885195	-0.6344236696250025	-0.7482827193135682	-0.39004069595381735	1.121941419665613	0.42468533073882386	-1.5104312912736912	-0.2600383649028913	0.07415307760871072	0.6084768238858965	-0.09835368448565539	0.3495644403831024	0.08207947993280992	0.6829726031556832	-0.4132938202013723	0.47362453759630224	-0.6549517659566565	0.6687449936840404	-0.07446128795156598	0.6596995744742841	-0.3736968702932709	0.4959762327874396	-0.8723578196796633	-0.1291211771595592	-0.1409026336612194	1.6529050058994144	-0.7130095542305098	0.3641471580191735	0.09429387274776914	-0.016646908841749877	-0.34866824395462326	-0.08186779131161426	0.17234850707028812	0.3263273301275405	0.3661146268725491	0.4852082885900075	0.1225278705057693
DTXSID7022546	-8.71078152954676	2.117453558226046	-4.597322125041024	3.764377929417383	-1.5319269624891396	0.8539551871319695	1.3852363429379784	-0.552625090956656	-0.40305489851946774	-1.4074305784515617	-0.32635224685069963	-0.2654205644268535	1.5668763062981603	-0.10290334912513148	0.10251665935110642	-0.05038566187279029	-0.041960757967615704	0.09652359576073818	0.7778433178068878	-0.18552900735845965	0.20319692671558304	0.28939457879241653	0.40463916785930915	-0.18414245025152362	-0.21085703889345542	-0.5221491513860783	0.5709969832008565	-0.8249737641002375	1.199967714954571	0.35563811463700523	-1.0306142342107891	0.7394698919668171	0.24911797888248402	-0.19351916866814053	-1.7040852299874336	0.5425328211661765	1.0183365698914535	1.1740478165364086	0.42471225126482254	0.3329122833930388	-0.899190518800527	-0.06915629790718701	-0.2787380739344623	-0.7920595606441685	-1.1565993175462144	-0.5044476531277852	-0.6956428641918021	-0.7006572451086692	0.7782713093367484	0.4244357316204062	-0.3050936810439678	0.5309297954090277	-0.7010303199714103	-0.5776192660527707	-0.7003473543773643	-1.4959816122089762	-0.798739305016873	0.505729120985816	-0.35587138052600137	-0.851322908759815	0.044842919816912144	0.8342952234664495	-1.568864560656589	-0.3117011340639067	0.4403192870451346	-1.1787164115541402	-1.0037025762296976	-0.11947937535925869	0.32551853383934626	1.1744294980883632	0.4990922294137314	-0.43416469003703373	0.0335313345918761	0.5355174281577934	0.5994361249434669	-0.007084278508238431	-0.7697050612855346	-0.17519575394524597	-1.4971180200821108	-0.15952819074758195	0.17169351801091254	-0.5229978154577946	-0.5724957414119459	0.09770758721219781	0.42335867713063186	-0.6632280208366599	0.01551712287158244	-0.23459848795149965	0.645282571340604	-0.16917617492711584	0.09385376057618663	0.25406021231203535	-0.35027509148447783	0.16426266146216661	0.07462181821604334	0.1763690730625633	0.38787915912430376	0.44303400843946733	-0.19592262434152716	0.42755192271244263
DTXSID9057711	6.525718513326493	-5.516325584686835	-0.7255423540031619	-0.2212634297112014	1.404573436629068	2.79754855389987	-4.145755196287499	1.8673745781195172	-1.5344585017105399	-0.01646585140152118	-2.454139323876848	-3.89528155871286	0.20420758005317313	5.71166416002063	-0.31367711880342697	-2.121360001744829	-1.6821301821435257	0.7828682665131138	0.5734996792813414	-0.6090167940155645	1.2632032512132052	-1.6747314072029833	0.10448832413432693	0.3998708572840484	-0.8840611342680536	-0.6839293614428054	0.14365789084548417	0.3904569238209221	0.8466968455010283	0.3512609744493479	0.48586242142419706	-0.7490771386828384	-0.7524427847255799	-1.8596581332258129	-0.2978420014822251	-0.3480847534946317	0.1253234675650478	0.7560292877183542	-0.49323587404848446	0.5216468718666154	0.27350883301880435	0.1506276478868215	0.9375384621052826	0.11206994498118208	0.015802201031925193	-0.2772467092649878	0.7917033561922373	-1.3500716534214052	1.122839716206403	0.8305081224770933	-0.26685385904899933	-1.1089106172202676	1.7770320609928012	-0.007938864055017395	1.5287701707299655	1.630084114904333	0.3003920532349836	-0.6585472024491327	1.3894526380943686	1.5710215470580249	-1.326994670289836	-0.3289414978671775	1.2170514302205975	0.22402432390692023	2.318961135582544	-2.330829753062058	-3.040754691408005	-0.9833860979921154	1.618738535050178	0.09356687781547314	-2.2075546137421242	1.0152977167868396	-0.8979348207509226	-1.1701126612688972	-1.039822350723515	-0.7630629472139242	-0.40274174765607856	0.829743014671459	0.22990011929316045	-0.14991977010305793	-0.9409899810343568	0.015410171649814593	0.2911587553666508	-0.8342144575894498	0.43981313659808324	-0.9019558477238745	-0.2634746421408873	-0.9622164297941553	0.4249415075937035	0.539576215474369	0.002185056912496617	0.7840804980122991	-0.4834011891632205	-0.15638049488765932	0.031023076065416415	-0.0969201568837276	-1.4095849659311206	-0.5772046682357894	0.4553984370504595	-0.20501541212520927
DTXSID1025641	-3.5925467376373583	-0.6125299605027938	-1.1980390539736439	5.002091562052233	-0.9025319501522212	-0.26235342565123276	0.5691794580864712	-1.8118851998325263	4.201467119152471	-1.7884039734567057	-4.156260940246906	-4.454370033150709	-0.27754864581195837	3.128169547335041	0.8996093279343242	-0.977350518448794	-0.29735385297231426	0.22484865092379855	1.7949738953645271	1.9672253660680818	0.762762262829066	0.47290671419305497	1.1991894150350666	0.7168769913790028	-1.3946734528167446	0.8748867109305277	-1.0618821854881277	2.8600041059567904	2.2918075727118414	-1.3584834077913954	0.7936736566458622	0.012896158883420768	-2.3673264960697544	4.118204551186453	1.934880445315794	1.0115759229955927	6.152866668434524	-1.1886178148973414	-3.1131188805305414	-1.1187975310209268	-1.0733590803471118	-2.5715278782857225	-0.1122129967833623	3.9786163464440754	-1.048665655264655	1.620825567612337	-1.654718143186047	0.9765178339063258	1.4840835622153492	-1.8993133823499684	2.019181575061943	0.3578028424223155	-2.3049343699394877	2.709849328912414	2.5470139818333757	-1.7247854404419571	0.8893554352851004	-0.9806098263177825	0.6932946737942483	0.2405404646450155	0.36490567392216694	1.1961885871979476	1.0595442456341346	-0.9553557766911818	1.2024633961349693	0.18411251552047037	0.36594033352456407	-0.7509706783369	-0.853495238761775	0.8733475202242362	-0.9697005647019717	0.45289639660397607	-0.08395137028454737	-0.054268452399280714	0.1953850791060477	0.7923141593012654	-0.9392257636857323	0.11699098893347797	0.20592744929715723	0.5571797573486272	-0.23580196000709994	-0.9216502510979057	-0.12440170853086042	0.42212490576769207	0.005649657843530872	0.6107769790299602	0.7969381646895017	0.011201850997593481	0.10797654657662996	0.10882529238286175	-0.1674684236090367	-0.2890018150686636	-0.011038801796371848	0.07290254366672574	-0.22898527884872502	0.4407778004616495	0.8036443274574755	-0.40664979224666575	-0.18021596261036224	-0.8735428918385828
DTXSID1046009	6.667682293232292e+20	-2.2604684678444594e+20	-5.8839358057437544e+19	9.955635955536447e+20	2.6034834770792605e+20	-2.371643120527503e+20	1.814746475760357e+21	3.326825192618365e+20	-4.3922939732456564e+20	2.120511632978028e+21	-6.915178471738883e+20	1.8286305203145125e+21	4.3731378253178175e+20	-1.5691794655569497e+20	5.661620706823368e+20	-9.375350354029238e+20	-5.965798159871271e+20	9.820838973913081e+20	1.2167266588808894e+21	3.2994861595326834e+20	9.286127643083521e+20	-4.5514065459688545e+20	-6.128836360465648e+20	1.526852527625955e+20	-3.560820412108502e+20	-6.098863124700547e+20	-3.0138804007695063e+20	3.147466341139545e+20	7.392896831910062e+19	2.6785882511456246e+20	8.741892771944715e+19	4.208296849457845e+20	-6.074271560268648e+19	2.525881953659269e+20	3.724091593967627e+19	5.1917402947658986e+20	-1.40626239943137e+20	3.629022016842191e+20	-2.9804095682403376e+20	1.0228778728930923e+20	-2.707606753653945e+19	6.34297733206066e+19	-1.2952517805325166e+20	-1.0778819832135236e+20	-4.2950434664359895e+19	-3.524406284879697e+19	6.840235919515844e+19	-2.4918651791934148e+20	-3.4125243501458326e+19	1.662139883944621e+20	-2.31584644568326e+19	-4.1366206454754555e+20	-3.639618426682425e+20	-5.5546203628518924e+19	-8.86758475824368e+19	-1.4236479148121013e+20	5.188540430144592e+20	8.31357089444364e+19	-7.669124769870188e+20	-2.7811724706119133e+20	5.55909474716042e+20	-5.332068181123101e+20	2.950820753380667e+20	6.473766135982241e+19	-4.524517909001511e+20	-1.4507917412298384e+21	-1.2814141672167177e+20	-5.77069772605352e+20	-4.637484395936563e+20	1.723864639710878e+20	-5.109273368464125e+20	-8.68966601007096e+20	-1.6555442880885454e+20	-2.1649744519734752e+20	2.1797354022620817e+20	3.086948805890583e+20	-8.968806703130618e+20	7.588898767700707e+19	5.5655842287131296e+19	-8.776870450043682e+20	9.229599279288038e+20	-8.18882736206353e+20	1.1633001346137166e+21	-1.4355448927608677e+21	-1.1197425418954396e+21	1.1515694971306199e+21	-3.5612699585494214e+20	-5.110259132281631e+20	-1.372723643932661e+20	-3.4252447188626604e+20	1.209508963834473e+20	-9.404187172902548e+20	3.2949495952496086e+20	-2.787379632357354e+20	3.8715134619368284e+19	2.0460060402313126e+21	-2.000262583585825e+20	-6.72488013318595e+19	2.2775034318785793e+20	9.029761982248124e+20
DTXSID4029195	-6.565929590918755	4.963211616150742	-2.586718612872809	0.32181577499262354	-1.1238431977026917	0.9328770396909002	3.3161659092348286	0.8593569023616219	-1.435145317967277	0.056549776531840734	-0.3339395357201977	-0.6717516606359513	0.38468465165750754	-0.12460928583722945	0.5182431435633745	1.337476660099622	-1.9065666736922549	-2.0796123409424916	1.5660027752218169	0.6502637407776903	-2.6898494850320125	1.2639208915068043	0.9432666976069698	0.7701672635276497	-1.2812183483890163	0.5752632358772116	-0.3865065041984326	0.14031791351119413	-1.4915441281928683	-0.6705061314382786	0.15207195878881247	1.241614052415821	0.09033638151195451	-0.8977904030115557	-1.3587162944078888	0.5925885009756591	0.9812861178497995	-0.13947639023818992	0.740991939146106	-0.4026861356875349	-0.061143893571400286	0.08466144382157394	-0.08900848589332178	0.40702785356184823	0.5989155541320795	0.14088405826087155	-0.07976346216730215	0.335939702504431	0.6497521450600582	-0.40789317007381654	-1.1717256087596752	0.4041732274553236	0.1924943439582387	-0.032754920722838414	-1.0834769372844928	-0.8454865191720414	-1.6748056654611523	-1.033682212648884	-1.2421906295467142	1.0321051364977556	0.5364206925434525	1.0724825414659764	0.6265822632348151	2.7677268557476475	2.0904801502879327	-1.6774598714792612	0.3366424056003836	-0.28698193620651624	-1.6817733988557082	-0.06834843325251257	0.7153187449448145	-0.2935996929466883	-0.5107189327292376	-0.8292149887977645	0.5119411959129029	0.17082366663511867	-0.6200353958580231	-0.043691079665640134	0.42883797548069696	0.46097710847854845	0.8113488469508423	0.17663640698389788	0.9539974014368404	0.04953881235507541	-0.8855000225919452	-0.1224196720722712	0.027273718525627513	0.35209492792921354	-1.0485857488128563	0.6696181592146323	0.47993663358166405	0.03825858819062493	-0.4868882809803862	-0.023931090298756133	-0.6516217126070374	-0.17721293748180603	0.2707406741704248	-0.12310944980688514	-1.0078191990417185	-0.307194670658601
DTXSID9044401	-6.522299131575215	-0.41452008775901483	0.10917293835460892	1.1104783356141978	-1.0982053635274909	0.12548816555152775	-0.7574515459344843	1.8193464302692741	-0.9363402015949573	0.6048572346747697	-1.3282531600186183	0.625884788779805	0.4254846413529896	2.0032688661821627	2.0554552985309567	2.5213822877377225	-4.195122563774815	0.057844251379752375	-1.349752345469314	-1.1754282393087727	0.3416976659869593	1.2106371416893813	-0.7092654750024542	-1.5590893746167818	3.320581304661946	2.2609632242906006	-0.945534122638773	-1.7071380717118267	1.7598962067058017	0.5496710173559795	-1.2124505408194144	-0.7918078520125452	-0.8536571980966625	-1.215573517884331	1.4054311048753294	-0.7533291137086109	0.7468570496644328	0.1175140612894118	-0.3699162474849023	-0.2908671180122069	1.0562730857867162	-1.0754379322824952	-0.1801064661776333	-0.47764651246599277	0.8414437307354017	-2.4601411062526397	-1.6011798270926922	-0.07264484674286119	-2.032897973583322	-0.5507239336953494	-1.7007862833789886	1.5851098366148515	-0.3678923502911466	1.625810269885945	0.24406226293626437	-0.9951398093848738	-2.454301511054353	0.1592842482166532	-0.13957688944407803	-3.3012725952992596	2.0792935617185706	-0.9313495635910128	1.2400693712977828	1.0856050937024462	-0.8423708911918278	-0.6919333012866293	-0.8183088737808667	0.029646050010749766	0.10922912489238756	2.252284213774423	-0.07243420768202281	0.3056956559102442	0.383429852218712	-0.7430289260262969	0.11493043143236563	2.8007038604046	0.24057467139920313	-0.9098945304057785	-1.8586955786013626	0.2935395757897801	-1.4237251359114962	-0.7207215979576435	1.0288692270847462	0.26566485131657985	-1.1945859956613127	-0.7873427004348494	0.09641533287211111	-0.34378095055081714	1.0340682707559814	-0.5269389213973208	-0.7038832683405294	-0.9284819838657744	-0.32514625248149465	0.12310272015491999	-0.25557003906086645	-1.1138986074725397	-0.8392764433660356	-0.5838017654629905	0.7488364188103842	0.6044917500493535
DTXSID20335700	1.4872085346018915	-7.495002501912294	-8.886574976853844	2.912901424649865	-2.522567262328767	-0.21689693401615603	-7.127828051772223	-9.625670477900314	-0.5019201563510123	-4.128087877350335	-5.993916967735717	14.158903587755525	-2.66593243615168	-2.3177066212061197	1.5819963370154606	-3.8000544801235145	-1.2132835823320909	-5.799948990320467	-0.4585722607479905	4.8586126280211275	-3.7005038439493654	-0.33586303524807054	-2.303651807208415	1.0907024098604103	-1.1747759431904419	5.9067823929036365	2.0312961077779934	2.396665621091111	-4.36733304690206	-3.237763994534131	0.3046663856114298	-0.4233367722717624	-2.9614791414129584	1.241526650857034	-1.8124466839600248	0.006227880043092271	1.9581052123823	0.8132069311274969	-1.79748419779646	1.7381558173608853	-2.607761182391096	0.841656248208522	0.18061072141643508	-0.27837477819525236	0.514910723765524	-0.18368615618858183	-1.0333119330806904	0.26081972613358234	0.5798133789395358	-0.2848841882061086	-3.1153764159531248	-0.8404027658148002	1.8400675959796071	0.6016404157767958	1.8278849955714478	-1.5759475566128092	-0.4700293524979243	3.420505641721815	-0.995728003099354	0.05978422972133575	-0.34626807768335116	-0.608608651323721	-1.138026888964091	1.866217061820419	-1.707442203072237	0.5925040675964627	-1.472253867647804	1.4452634113530725	-1.7024877963046205	1.5209965996729735	-0.764499442661462	0.4399580796422835	-3.4384480479354185	-0.8139313837159186	-1.1318338523959954	-1.7136997777440528	1.034812467387443	0.7338939413564826	1.163859337471072	0.09478982100063348	2.2194474525069934	1.315222496771846	1.054990549007816	-1.3787747294657835	1.908958541468536	-1.3252214626876004	-2.7380619266968567	3.434664123504885	-0.26494596486461774	-0.09101218168128461	-1.9562940835326028	4.132288754234524	2.1753420258627862	1.7407719297290143	-5.356038569207139	0.1680348470716979	-2.5341516916022653	-2.550020274010867	2.6573696931209425	-2.261144841499374
DTXSID4025371	-7.537053236299612	0.5465141713344142	-4.419949503863992	-0.4599548832753263	-1.6715368466654315	-1.218046892356906	-3.10202360587811	-2.3548702492573788	-1.8614235371936798	0.07702367961786621	-2.1605760897334214	3.7503577591972883	-0.5591470834197996	-0.3432833102907815	1.4690529726139185	-1.59587033040243	-0.6110900343553497	-2.304335167482436	0.2387100875448158	1.3919186062187872	-0.9908676711988775	-1.2776976147235226	-1.6531970787280967	0.4973211197856787	-0.7784798210550354	1.821440890317289	0.3060462232547866	-1.0268978543222627	-1.4284472515196351	-0.6615943997380025	1.359525099449935	0.5400189691107937	-1.0319890633922955	0.46635522070555524	-0.27340626837443527	0.7345714524226225	1.726330485416825	0.46265710873574284	0.53620944300492	0.4879330662389202	-1.2011472085469186	0.9137412674769462	0.17484566499488277	-0.3447318862167416	0.1026381014729051	-0.0014512390140223677	0.2635616112033509	0.5638282632279101	-0.331825643381602	-0.8297984599807838	-0.4738726019073817	-0.4828415540394062	0.44892752844318684	-0.19784593844639844	0.03819607268385203	0.5534386384436384	-0.3708708759083601	0.01925454571285493	0.18969732695445377	-0.44098942392238855	-0.5339920608411746	0.3560811508299781	0.3884118203776749	0.8849885763418031	1.065710560049148	0.24043214702675667	-1.0496650583067921	0.580050365973619	0.4233357730796223	0.15639595845650933	-0.5196175479525987	-1.291656261698845	0.9986486695572824	-0.9969632192683212	-1.7972565537045202	0.24067089688615786	-0.8630361244804117	-0.06491970584802645	-0.2361723120078233	-0.4131917647396184	0.19650004243990554	-0.4242783522195072	0.24278554808481564	-0.3690512764416507	0.006656247821601665	-0.6476236193619423	-0.4244737737526888	0.05812327601200717	-0.6663366601269893	-0.22209965663728817	0.5947910974817257	-0.025880765348315994	-1.1450743215941832	-0.03156044421692835	-0.023249726821619448	0.4348896545965164	-0.5843190086131538	0.27174595976006316	0.05595533383296197	-0.2134350008095057
DTXSID4021343	-8.920425960048991	0.9040073394159573	-5.095124036080379	2.6012242444591385	1.7025728414090406	-1.796948870958232	-2.007217877599292	0.12493131262115106	-0.204529481421728	-0.04324092208776837	0.7453835935891137	1.1644102890606676	2.6887540080114545	-0.4075862840635172	4.762739931216729	2.6167173349526545	-2.9213079969890927	-1.3120153009375821	0.3406664381952687	0.66553457131085	-0.40447678139394855	2.703966500118015	0.5563765580573291	-1.8195128003230014	1.1415771478638679	-2.846786851653026	1.2868991118299644	0.49570532657298194	1.0791467184684185	-0.6100004747746649	1.0963114076271896	0.19380318322072518	-1.0098782244360762	0.14036135572282732	0.45830648345785785	1.775248894584929	-1.2037605877278248	-0.012270012760164928	-0.9592868112859677	-1.783095039949466	0.8772202000322793	0.036740682006745906	-0.17006601477171934	0.7942375787023739	0.9405153391132448	-0.18445014779791774	0.8597487375735675	-0.31930240133756954	-0.8717829705529657	0.8430608248223388	0.5112342867331429	-0.5021883864497158	-0.2403794455871476	0.5910855003340881	-1.6370185712478689	-0.3827553967835139	1.084044112893112	-1.2063691302364852	-0.21571495785211778	0.1929419013122139	0.9450002720308688	1.1057735474198969	-0.9477681372171987	-0.27425570972514673	0.8324288440938261	-1.0319326652754726	-0.638443176994391	-0.7980512575010801	-0.11133259270803644	1.3948446647728792	0.2047720302077884	-0.13538900060924008	0.6579382415187123	0.6120631691145821	0.30058255599070954	-0.41415656621693564	1.2410250899497097	-0.6680130766923355	-0.3347565826303292	0.6779882201083494	-1.251403569748044	-0.46889252722217545	-0.5449419719120193	-0.6225463947312697	0.10901733584076773	0.5068455171870816	-0.8047478667629342	-0.27583753026946767	0.636190028866899	-0.18989603897732002	0.06937953420432948	0.3197332587384184	0.03209065843984012	0.17094579084111394	0.9977344625070051	0.9843737191082359	1.096703151715803	0.04007529206143443	0.9949813522064596	0.03272315816872271
DTXSID3025540	1.7953895673901215	-0.9649950337388897	-3.7744637359216076	1.9736779343703337	3.160880709851706	-1.9816246309974825	-4.258260529234462	-2.0621248513580492	-0.045364613985984355	-1.5129447914853895	1.4069226693730212	-3.763345678964007	3.100680341902928	1.195982870941164	-0.03711753281851149	-4.3625580273912785	-2.7987354863833187	-3.952094258265788	4.548293673661469	1.4412657039162726	-0.5037567743689337	1.501388219622288	0.5570340372799301	2.389114780156826	-0.005204213594137476	-2.934805346301594	-0.41378201140377363	5.702041646377513	3.333703173457026	-3.2558596129050628	-3.222066412987865	-0.22053224304669614	-5.535976659958481	0.5952820293935046	6.719890087769033	1.8850448479631474	5.499510454439546	-1.8909447465710956	-3.77599052963967	-2.3158898958366865	-0.551881057748877	-2.094454807430626	0.4862634466076616	4.885199243711802	-2.7539886250616834	0.5363974480218061	1.151812301769898	1.3707376652928036	1.590479998614577	-0.6475445155345096	0.7409211125412011	0.3783102552664775	-0.5484353427078829	1.910873987018815	1.9290956422286323	-0.8819443820452976	2.004415013144637	-2.094628556576591	-1.1117532435948236	-2.0788268000830423	0.7762504090526344	2.194228137719846	0.9477690713146554	-0.44241082677032645	0.09767135159692762	1.9601078190194732	-2.259508080717022	-4.249113379049079	-2.273130742428213	1.4152834480634813	0.9938813104300742	0.34534818559170805	-0.9861892379884761	-0.565939692780487	-1.2909284961826553	0.40325267565749007	1.9000770242148672	-2.161498325731595	0.8435418172741126	0.14796859079809083	-0.1958219365192038	-3.3780711672717683	-2.7505946339291487	-1.1600523128455693	0.24258360014229158	2.938532676867717	-1.7710427764957588	-0.9199081638574684	1.4234060309404621	1.4139969589665466	0.184497543874902	0.768578706696991	-0.7383508458178706	0.7097293936539643	-0.4382520832192695	0.747728472700224	-0.3896007722413726	-0.6595711495737413	0.4785244582681403	0.41703880178316527
DTXSID0052833	-5.15335812152925	1.2909810251636398	-3.8173643496926166	1.9321218007012282	1.7418846825214775	-0.8646576320957038	-1.3974609870586263	-1.4555017389672973	-0.8402137435802354	-1.8638399252289586	-1.3824998974312515	-1.809043405630819	1.5505934763825133	4.185579724360456	-1.0192785941360722	-2.4801255646854727	-1.6839079586226262	-1.3462152069411386	3.444436148714712	0.5773375019228423	0.21277489456043802	0.18778357550645244	0.4384213923334021	-0.010152928010485408	-1.2640443592952737	-0.8627295865773825	0.402603764682166	1.2833021014037522	0.5135806636161069	-2.235494350515822	-1.131936213002283	0.02025081867505444	-1.9812716157250938	-0.9002473535600337	1.7454889635828523	0.9153346644381908	-1.2557856561361957	0.7054779733053408	-0.7794209557157901	-0.8656343529740198	0.9880341216668727	0.5590096388680598	-0.2926829122438211	-0.7610075110906932	-0.3793033381883311	-0.016635602603289227	0.995519989155957	0.18895181435874717	-0.24443230197786386	0.5196753883910147	-1.9269051745905508	0.6939473058610114	0.6203465193503152	-0.5772233097521767	-0.5896174113917004	-0.09839979518068526	1.5280417860748194	-0.27964168781181586	-1.8182970080777032	-0.6633304240680491	-0.04681233325987872	-0.8565617949754797	0.3240795883569977	0.19844247694373288	-0.4561121991455385	2.3532354906409947	-1.5964283390352392	-2.145627789956457	-0.9780577345675254	1.0938574741334048	-0.12098677037403772	-1.429477945536239	-0.5622989976022016	-0.5207061219697552	0.1259847193034556	0.8714003206036842	0.8293692140823326	0.5044177281465885	-0.23881859587632587	-0.19415604886453475	1.1544960107686082	-0.51380338002291	-1.2793452213644023	-0.5579610104660482	-0.5999863484104003	0.5274050367567121	-0.41894667594812274	-0.28739667882227526	-0.5925070567706807	0.33534900590617883	0.24626683582462291	0.6178847044644705	-1.4614546507756407	1.265171090242361	0.539089106451445	0.41149431373829426	-1.0008045755126165	0.14846742618705044	-0.07609152496727108	0.15278381617508122
DTXSID5042326	-2.8713033021373366	-3.685064081141416	-6.018332340985815	0.6812413622422254	-2.663112886197942	-0.4110282784194208	-5.875175718838056	-4.794404885659585	-0.59004703300751	-2.553368331686669	-2.9089967562699077	9.21620645805711	-3.2941700749670995	-3.580575772647444	2.7338545034881716	-2.6258252999781626	-0.4657688782034378	-6.160788251527363	0.6630313390273268	3.199161692983806	-1.7709002673681924	-2.110729130878469	-1.5198054932010134	-0.09810691085725369	-1.8135561378233478	4.4788442239223505	1.769997571932867	0.9752665714181245	-2.7445136355852444	-1.8478139400723583	0.7463592586027237	0.7913766797107852	-1.2356020365127784	2.4681936875564907	0.41095674466899323	1.2830347676312943	2.4533584861850235	0.6752051406650246	0.022632474635018503	1.8766477626888345	-1.150557178546324	2.2672341555494295	-0.5676922245361179	-0.4947800496685786	1.1848899740148042	0.6340024740027532	-1.268043522585027	0.38311726129978063	-0.2830971329740303	-0.060209170300776625	-2.965484563940314	-1.2212587932716512	0.9398686482705464	-1.2089300593932486	0.8370066913302974	-0.4658371558367052	-0.3375978070228956	1.5387822543129974	-1.0054877054409523	-0.98803660157908	-0.5939037193165811	0.2288458836532173	1.605766411016514	0.5647631224493808	1.0603656558568089	2.278347987171725	-0.4843031565298754	2.029982553410671	-0.657092740013625	-0.09138822010000543	-1.690776737283929	-1.6699539415599367	2.16152414375993	-0.5677614707773155	-2.9195513474331043	0.3651080406812754	-0.1912652092153357	-0.8246578381857733	-0.33812895497327805	-1.0624563144361636	0.341783334110599	1.0980629538774598	-0.9316892744107519	-1.160872251447011	0.4236785035606054	-0.7527109003677332	-0.9000080454023326	-0.15525260344847552	-0.48239885163066437	-0.8099117699705737	0.8084115562309758	0.08808801252671179	-0.8203174038301748	-0.0583396212025629	0.5554612067562403	0.07295931648651305	-0.4144359039985352	-0.8330767070985655	-0.4257329976456336	0.0441013807432433
DTXSID2027098	-4.906006281443691	-0.6702352365859522	-3.8878179560352653	6.978977634247909	3.8870906264811147	-0.4200716906109685	-0.5118366743702047	-0.6367539365924153	-1.1804200243658107	-5.896078106705188	-3.612791370074147	-3.8491390230849603	1.8556772808222373	8.166993300573555	-0.6021839690040852	-1.5636317676410478	-1.8606262784179266	-1.0644257467471119	3.877293623381578	1.4608468229202107	0.7980926073519449	-1.4575946299897662	1.7788540496085075	-2.506910487560089	-1.448746123582451	0.0446693467640169	0.031117407355157826	0.3200508619833978	-0.0270098001926207	-2.2505374681341035	1.7107632673395148	0.675357413584821	-1.7734655249780416	0.48224318482971823	-0.5603749348516158	1.2383601695138942	0.40978604502983745	2.286793696693404	-0.6845248378118859	0.3636381011728171	0.3952980054331528	1.373403886997303	-0.5663294746727339	-1.7067000707573934	0.6571143401807279	-0.7151748167082662	-0.7804595456555413	-0.7437136786053399	-0.023797784633353122	0.3234257243364668	-1.9719204449159633	-0.6524491924584526	-0.4613876951499752	-1.2453745969850323	-1.206184120511198	0.8114307350807197	0.3922590816323617	0.30549802359389355	-1.222950789153677	0.10009526025412468	-0.4644323048588118	-1.7816212116472987	0.6458761535042252	0.6279851138699738	0.7974567230969584	0.09139740146548517	0.777355039524875	0.12709384470796756	0.9661951593299429	0.39633712226524764	-0.3086071013781392	0.046567705870029036	-1.1260955021545827	-0.961811180903178	0.21807965634084986	0.874793692555146	0.821901926738544	-0.440825204955426	-0.7508547774753723	-0.5639608719359652	0.15583114168334564	0.1472940695848275	0.6747947619916999	0.12080853738992979	-0.30732432626983563	0.15090093152209194	0.2845866210567776	0.30825827153599805	0.15309043056974034	0.08668503952420116	0.4170227766364167	-0.302800920104662	0.14667354245674077	0.4487339862599867	0.42185324149909664	-0.06576395064715829	0.10447455219204424	-0.4868553500476188	0.6456148146611728	0.8138490394185088
DTXSID4049323	-8.971253167485266	3.3587612056684537	-0.8026915218004468	-0.1797213935978726	1.2823373390771917	0.5019753401780005	0.21845029938417823	-1.0552176951158403	-0.34569652987305144	0.025735932075291682	-0.7778584074372	1.2607293772682482	1.0165269314113796	0.08541153548380137	-0.08822949040981612	-0.08191299641432763	-0.7250068065616407	0.1625889271929213	0.1507142421875441	0.5090034561742282	-0.34449135673281717	-0.4815330243573667	-0.8780062577895205	-0.30668880029027784	0.2962821226355237	0.4516121993590406	-0.3117260642717072	-0.5147749527465595	0.07010538510885726	0.05876502255923492	1.4424469477467305	1.3096147599609471	-0.6587571236263626	0.10032870337385955	0.16618852001423398	-0.07624773448165863	0.3814487128223842	0.05111460133875865	-0.3095926849441557	-0.8538715114659985	-0.23049879552607613	0.6623079790553988	0.14263150426381704	-0.5785068286328174	0.18642289623091723	-0.018653938634214797	0.5845077675191146	0.8707492463224275	-0.8069698014913902	-0.4838883132485588	0.48148565152003586	-0.34132671427516276	-1.029758924535626	-1.016414128491798	-0.4014751234728086	-0.5514371197694143	-0.28074966369968984	0.3044581993156779	-0.3133890793830036	0.5430469018762594	1.1144765153506213	-0.5228175541558306	-0.38453240766023933	-0.01590270785442706	0.0346731977207807	-0.3309707439243855	-0.18690193466932375	-0.39308029922545645	0.18190885617338984	0.9043642925126393	0.3211655038591551	0.35183147243963975	0.18747750207636782	0.23897779346501416	0.3423988349472346	0.9720321573427734	0.675864264461933	0.41457631906269465	-0.06333303331444924	-0.16146048610430533	-0.3232739433759961	0.20891276568966222	-0.3915549387163937	-0.12235842684048917	0.37036702912765584	-0.022654883300790966	0.4680235734400292	-0.1576843220422098	-0.335564547367608	-0.42202585570563533	-0.13310576673184335	-0.21055637936689325	-0.07004814707015636	0.27869784258037134	-0.48490838110993956	0.21333882685435698	0.20223685578291686	0.3573580627882311	0.1693055197636474	0.22379543886334577
DTXSID2027624	0.6054180445580132	-2.187536709953618	-6.097481897148654	5.57194541558308	2.750683252188151	-1.8205665471793775	-3.0810965443927874	0.8560983143895105	-0.21406708650715947	-1.0353004563967465	-0.8572964380658096	-0.28684548213931954	-1.192885775549793	-1.097332769949526	-3.064278378292916	0.7128345576781152	-3.02077696067653	0.16231461722470084	-1.2324959121887582	0.9921626623699787	-1.5802173411122515	-0.6563262243962715	-0.0072683405188951585	-1.4153346469943116	0.32089921124808357	-1.218508048965271	-1.4445404830946256	-0.80438310857215	0.1654756058516412	-0.7934917446986429	0.3570467083875417	0.16713033280505343	0.6377831693558951	1.1196793656273152	0.23849194547346556	-0.07325476168163941	1.1632547447347186	1.2988355141225423	-0.6152341082724267	0.13642222443450724	-0.23325590047304653	0.12097423733619896	0.4808822925093336	-1.941188831009841	-0.2190529251523753	-0.6373608838304854	-1.59196821120413	-0.17138616718460037	0.5994818492280943	0.06964536618132106	-0.8345083731618574	0.10159052779891858	0.7342072081580109	-1.2073203065811662	-1.0724435338711291	-0.17336192266277137	0.48358781213530905	-0.23325223236564752	-2.57487379626985	-0.8384191674246005	-0.0881172840325419	-1.4552120441128502	-0.5451129885334249	-1.8061378576234266	1.3847584840496816	-1.6469403898929553	0.9265771044281418	1.721496623975944	1.5068957875246756	2.0536015227472	0.6824634020161107	1.2421833696294422	-1.145358791878398	0.49483304648217497	-0.7333832640762916	-0.026185630350388785	-1.60438609880944	-1.3689637834884034	-0.06802122114293226	-0.015340009475047269	0.258650012763945	-1.0284603078022088	-3.3176791516579445	0.7570400021347518	-1.4746396939948239	1.2106677183832644	-1.8416437764021976	0.28629028089729924	-0.25075253994303526	0.15325898226921592	-0.22794361759386295	-0.6128933937671737	-2.003904021968955	1.8773390564630574	0.09089019006755916	-1.2623488550494226	-1.9336372430063495	0.6777753507529951	-3.4870792622906692	-0.08891433211786537
DTXSID9049291	-1.6325223362153454	-1.9832963915158914	-3.4910863901764815	-0.36493129950785946	-1.5174971258027028	-2.6022403846710804	-1.7288716268416888	-1.2921910690840797	0.5917317335293856	-2.727702417071511	-1.2670847608850506	2.958915351986583	-0.6585032583082261	-2.108672989581921	-0.6372718049481694	-0.6401835699070596	-2.2633760886659444	-1.3345837478464568	0.9348650441380632	2.3043755778074417	-0.7391790685698276	0.36838018944126716	-2.377989891216335	-2.2248987769117656	2.406956744091969	3.637649766444096	1.770058256720688	-0.5648929278883464	-0.3380067715397544	0.5421785551412396	-0.24294858399658129	1.2979848916847523	0.6294909880278379	0.26272915379420186	-0.9489200848963995	1.248587553504806	-0.4378692205236655	2.2989507231071062	-0.48327687524905666	0.6015556656877937	0.43294222182105635	0.7379881086550037	-2.0312564408705467	1.5820404512892543	0.03388193232280593	2.2608271479700606	-1.3414290928062242	3.2991936795242323	1.786174094937248	-0.6800100117897888	1.4842471445971641	0.6680531004400925	-0.9814160725110938	-1.8072237005267417	-0.966124043325275	0.7695006289195614	1.9390837671667198	0.11398086701389107	-1.3500263466470455	0.8089149054935137	-0.3458938696711445	0.9473985271463796	-0.7299009616146659	1.3387479484699745	0.5039598518056089	-0.10014716275981511	-0.21509805075944632	1.007886374886008	0.29986914479652277	1.062652709742866	0.3461894291577116	1.1612243361784214	0.9250299720809053	0.7505248762080201	-1.638548168552759	0.322840675404768	-1.1652895110738648	-0.9756157970212059	0.9134128724015408	-0.5126656352934948	-0.331224039574126	0.6635339161114515	-0.4713804966519268	-0.5066486558109023	-0.5358700554555992	-0.4134576202197575	-1.5805093231800007	-0.6954752323074694	-0.07573865092769981	-0.6259694566573817	-0.3315664816090359	-0.26271736054380873	-0.44335771306585603	0.4635100393943204	0.6266107658789741	1.2127839744746352	-1.0989316653241468	1.4548921653918578	0.018768282749893193	0.21629828943667898
DTXSID3040801	14.47438917961514	-8.54099053259085	-5.206564331950686	1.4014178415446483	-4.466845556883321	5.256393466144268	1.3014522971355924	-3.351621491532544	-0.8665179769985386	0.3912815975315863	2.137424956075985	4.559671395002086	-0.7597188252633506	-0.41107390038763353	1.039502214722827	-2.411603739084579	1.9637624744915905	-2.5915072112303923	1.8534934377807746	2.956210853390695	1.8851410251647491	0.03254122312364264	-0.25664865777294976	0.1768064982460358	0.34099015437581726	-1.3185529556279052	-0.8586176395897032	0.6535426349755323	0.3118799775319678	-1.048119134660032	1.1370480997970844	0.21651265201166964	0.024355978752143688	1.4332595718873296	0.3517691805145458	-0.8906789408357837	-1.1636701731931371	-0.6357501433363457	1.2706460517221718	-1.4606847749700995	0.19193393293106895	-1.6976327797945558	0.7124178156281599	-1.1353230213498988	0.5547930080004481	-0.7442372302237148	-1.320096819993915	-0.4157775735660958	-1.0676744928967985	1.887840215688522	0.48482284768583883	1.5350490823409533	-1.6008801499808152	-0.959066425654048	1.4294998727535329	2.5687814218255567	-0.02817567676063021	-1.4306571561198602	1.106954965713174	2.2450850443805024	2.2163323857433452	2.902815854190126	1.271486552257017	3.89326729861623	1.1593810007807765	5.505571330681495	-2.3489166461144846	5.564002642600799	1.6676317182352223	0.4463412807157075	2.184935240976066	0.1439833665514998	0.37013093143798714	1.046986307990099	-0.8865596899814423	1.5813897098515826	0.2905891551896607	0.012943319408793947	-2.4838229535967935	-0.39674044979152484	-0.9063978968425941	-1.2291366338466125	-2.5686761313557844	-0.997275281850024	2.7362815494064443	-0.35981287426867015	1.604768470470933	0.6619790503534495	0.0018234377033635606	-1.1947302378494564	-1.180372342053125	0.8795265435173927	-0.5136504116531795	0.27069007600799205	-0.1725985022515968	-1.1823485351886565	0.27388402323235106	0.06863632444838096	0.7196662149218017	-0.787069803967496
DTXSID5045417	4.652897186425092	3.015582420336026	-3.1385488946229394	-1.900166660532403	-2.310531828893011	-0.5765201252635337	3.5824146685798826	3.6094221883328705	-0.2500550466698309	-1.3378156746566228	0.09299408379557052	0.3891375634350622	-0.043357675983848785	1.1326313202259508	2.3075706978624093	-0.809723945959427	-0.6641416265275868	2.636115262725228	1.6204987304970317	-0.9584826499831693	-9.033297932923668	-6.884706164585149	8.0816225492414	3.7385121227609415	5.728385824244504	2.7601632615856273	3.0907387339400167	-0.8339879758246167	-1.211911559402107	1.3417176720120725	4.06103817980521	-0.7667494354172161	-0.7441222436062017	3.1373898456182645	3.1713239907377955	-0.5558746331356194	-2.124367035764564	1.8827179234404656	-1.4891906601122213	5.106631781779354	-2.73528308139589	-1.7328263241377633	-1.1400338248481008	-0.553917264961159	-4.7547519145607335	-0.2068435346784817	0.17343220510476093	1.7112039809539703	-1.8901051574012422	3.0882894402350636	1.408457045462033	3.2080612559459	0.700660294482597	2.714352893393535	-1.4392951865789767	0.8814626384988308	0.3916119131104201	-0.3162348779299033	-0.2602072449032787	2.6059204562206264	1.0897068810064798	-0.07204651998432768	1.1071731398775804	-2.0775816314091426	0.3847076815678523	-0.6695910092830828	-0.06622127560207591	-0.41222721133799367	1.2299150657649378	-0.3234945866040749	2.001491850899997	-1.3767966756843755	-0.5274884133700823	-0.061096864837561465	2.0308103092385426	1.2847065423890422	0.3675227208102327	-1.4796109684196193	1.3563899120540432	0.15059804383725184	0.41315617961070583	1.0030156569400124	-0.11263409837811732	-0.7155039704397048	0.5302504324632893	0.3239245236251338	0.6708097435479388	0.5897336113865499	0.26787932994565755	0.7530993587545401	0.03894508749115038	-0.23620413088244444	0.022616315613239596	-0.9894327318537501	-0.21041241328914573	-0.6686525722619768	-0.7589581358536012	0.1525533598226066	-0.3910346336388194	0.33684127926767193
DTXSID3034402	1.8655331032773175	0.02604782399814152	-1.688860984804136	-2.4269985533368383	1.9499240165712826	2.515163605753717	-0.04601773938287672	-0.8573101044378221	0.8252571422318217	-0.4791318541507813	0.6986544473793534	0.27706268303220966	-0.4934233881955293	0.40695873959583057	0.3409753284410521	-0.6999893127417075	-0.7154531550104243	0.7606235331849378	-0.7547336551244725	-1.3312718244340076	0.1631698402934897	-0.8653023724718539	-1.1335904946239743	0.5773823349808799	0.07312969517693882	0.22461808017459964	0.39457129521052897	-0.9513632662952461	-0.4700120286532365	-0.8687387054334977	1.0703845864978523	0.03031427997992195	-0.24107401928893135	0.06389868420390063	-0.7646121085605608	-0.6244269098405042	0.32246479595599586	0.37895051016620873	-1.029162874625195	0.49726003985932554	-0.43422175066324586	-0.0408004201019235	0.06998267159278569	0.7883405184023219	0.5825957165361608	0.6239672188895504	0.16713416873059903	-0.2551927570369942	0.6952270995600672	-0.42894684480075285	-0.2256792835538161	-0.14190226868988673	-0.735546147162389	0.16597025610039984	-0.2865877584917725	1.4388514333761535	-0.9454484575334869	-0.9840711951918197	1.852739099489278	0.06881512597050068	0.5796974759779902	-0.17418709441271799	0.21297287227369835	-1.5227165929746294	0.017957133532884566	-1.4083509213796563	-0.572063171199802	0.8570706552885061	0.7888276836239732	-0.4157870521610653	1.8459287347395528	-1.4436563132972322	-0.6357130389818477	1.0029814061312854	0.6306817401415515	0.896803051098576	0.17324045100195687	0.4688189887327729	-0.6602530168823657	-0.05696926496564036	0.16966049919092452	-0.7030514787674947	-0.5826739392455482	-0.6569452488189368	-0.1538224823996095	-0.06749839388765505	-1.0586725999676145	-0.7659159555112927	0.3382422550831819	0.016293604917183648	-0.6096653463695108	1.3835923959184144	-0.3411556846645852	-0.3559364757149066	0.21677675683812933	-0.014109142987454132	0.006777534297782948	0.7837918504689857	0.5748025609722437	0.010916932155974925
DTXSID4022785	7.090497899885021	0.08495877512917224	-3.920343202675601	4.332160759240423	-1.3658257888813043	2.450127005205175	2.5268008814288483	1.2635856064328848	-1.5397277610849796	-4.033397213940844	-1.6589754844124789	-4.0145431814778965	0.35770799203252573	4.818371566918155	-0.7007300529854655	-0.2852149984092475	-3.3107453633247115	-1.3564225591475179	2.2933630922009858	-0.2712233417132755	-0.4503524273626322	-0.7368404729117143	-0.7179317202381325	-1.6737295526885376	0.8639338622887839	0.09190629596269846	-2.1939527625009685	-1.0693916020501437	1.3194032301639016	0.6838972205066669	0.9713812808797402	-0.8976481057770558	-1.2277536540270109	-1.4013617032873684	-0.8578159475943159	-0.24842336429924314	1.4990150534945412	-0.5123744892253532	0.34992441068173313	-0.2827777016535328	-0.3243499206681747	1.4436791524875914	0.62801777933513	-0.3681203534406845	-1.2272894776146612	-1.5584595511672064	0.9260693972961291	-1.418469778972325	-0.020989532905967313	0.7610261420075821	-0.9565854761916328	-0.4350995728712913	-0.13554674614993864	-0.06917363469735227	0.2258029017638456	0.6667078618052655	0.049265288303754685	1.4948564078926183	-1.0964943687949895	2.3726341779934375	0.2742983223427835	-0.8686782068377054	-1.1423163493130022	-0.8893208920151332	-1.2011741363775934	0.8914302147608203	0.7161983442180708	-0.7599084065314682	-0.6395834529126406	-0.9706614694581728	1.8682354883347476	0.27063239427743363	-2.1059164299611646	-1.207025218332317	-0.9375014209138389	-1.107757076798165	-1.1242198806075308	1.8639282244158237	-0.5757116992884451	-0.5184599755731492	-0.20026998943283172	-0.22801614554500377	-1.530346919867665	-0.7401725223601227	0.542223779615284	-0.5013621020148455	-0.7973629955777631	0.5268073504367561	0.28057510274678527	-0.7404780978269666	1.2017363112502883	-0.20634769372135764	-0.19460191973377644	1.3458363866376013	-0.3737226503733175	-0.4422847702569686	0.5370524143385544	1.4751563506260752	-0.21203889066479717	-0.7804893002930844
DTXSID6047785	10.354999602700884	-3.583646936316751	1.6084076681894306	-0.8018129651047116	5.523535651008084	1.2715945384293172	1.42475230983972	-0.644062109960263	-1.6811005912278671	-5.045982490902555	-4.226174020306301	-5.826197443168803	1.0410784283151215	8.519605203725968	-0.4174496854753227	-1.0328190751072075	-2.7515544720908562	-3.047009105093095	4.5922880834104065	1.295164737738466	-0.747149407347083	0.884716126589922	1.450135163197008	0.20291478628805984	-1.4113942583063994	0.960243652042218	-1.3693412542612813	1.0459775374332025	-1.5799864177172225	-0.30166761438415696	1.2205110425376124	0.6849413680519375	-0.8387546854735431	0.34633980202426795	-1.3311253692839413	1.31206900434699	-0.9488593277804108	1.467885001734692	0.21310264010535163	1.0250172270581699	-0.03672845296521883	0.20287550209004962	-0.9123990332445353	-0.8316683285053319	1.4542784042431336	0.18129806338779927	0.28017652310199564	-2.266511790669783	-0.1433932996294187	-0.47474825229720946	-1.213049530206718	1.0164712846037864	0.22892376033259826	-0.732187604778511	1.1263260567394253	1.5015124297644438	1.4706066421929767	0.38062556277384013	-0.722122272242426	0.11817619465279036	-1.154465254042762	-0.13978930541900383	0.5690483184291212	-1.187359355950746	-0.7645003176752055	1.8591923054112593	-0.5857773532788938	-1.0442776144645691	2.0132539261567275	0.42483224109762835	-0.8161760812444432	0.8908832149277299	1.6124134691866678	1.0083345149266807	0.5372226129819332	-0.8531036254989364	0.3560529840035227	1.0473550687465054	0.11488450346837334	-0.2928757712059868	-0.5810596211915684	0.7191005364937656	0.11082850781017341	-0.9826230487153026	-0.5682704940336923	-0.48074888092272183	-0.1652468816375545	1.0351608788887827	0.4536310902386949	-0.6770643526768371	0.09260290493890577	-0.6194105597086761	0.6495421140848883	0.3564946798572579	-0.23335808782772396	1.0439572203296434	-0.0035408933835760522	-0.4737666855216425	1.340780646219895	1.1101844134740309
DTXSID1044645	-4.2334493135277524	-1.5274052849991808	-0.22286058612418594	0.1792990892776083	-2.4313174459849622	-0.1501664255950792	0.300977507519331	5.324015677009588	-0.16996717031781447	-1.526576071724689	-0.3543145295808788	0.22832470515168662	1.5661329595872884	0.006168575274548619	-0.06155475557642033	0.7101587804299437	0.2218689467711848	0.6807497503012976	1.0554766255878472	1.1955672590059512	0.13776920241635476	-0.4601159023015842	-1.098791417310994	-1.5361530625514295	1.1590659360552065	0.27523253005746656	-1.223201182297402	-2.4691612939149388	1.5579984670567457	-0.57207987969618	-1.0682844520606032	2.600773571299948	4.376203527864851	0.02058108350085751	1.9725960522453625	3.190132455491707	2.537427569340108	-0.08209678146155294	1.9087828314603004	0.24044750351864183	-0.9125359916453809	0.8545006243142219	-0.6660105280828207	-0.7477919866856609	-0.24561024038030568	0.3473468219255426	0.5933599274804459	0.14450339252516733	-0.44582789708355675	0.39601687568575356	0.3656945238814924	-0.923377818193921	-0.08945167631970402	0.17097966971099055	-0.6433594821771795	0.46507752507637995	-0.5173412762406545	-1.7702857648306327	2.1442590111427893	0.614204162971363	0.4945882001889661	-0.003978591449783678	1.7999009004722661	-0.35568557525554717	-0.6699362747194342	0.30452954034018	-0.8997770277909851	-0.9521490822098966	-0.33104603622975926	-0.3225246900781995	0.6690636211375194	0.1831987154315715	0.5440442182639098	0.6535461397900634	-0.6272715088659818	0.7846549509056576	0.7162041323377081	0.03180347767734205	0.778134451346395	-0.21764136779217233	-0.4170278655174519	0.13030096030748523	0.17915865859540753	-0.4522729303413466	0.453662342780827	-0.13979961915831712	0.11748836525909713	-0.21007046557172585	-0.48625644541707363	0.4453337630268712	0.005442775896595085	-0.9938861947493639	0.009674960380384453	-0.7963100221897348	0.45476021784624554	-0.39664243805332106	-0.7941556687714745	-0.3446913140948254	1.0399751093126648	-0.27363292585419685
DTXSID5045419	3.722944823480116	-2.986942777429591	3.669022356534275	5.686322539710149	2.508206023072046	-4.039630511733862	0.2059889376137436	0.7408027576731472	-2.4768847327029797	-0.6100749632996865	1.0596605971949298	-1.019737890773952	-2.710580578845167	-1.438661685063345	0.5369659328885441	1.4142180231375883	1.1884657648018804	0.19680431703723203	-2.1522123305496494	-1.140119382769407	-1.1480155492459634	0.10355430582988939	-2.1820529714675745	2.64622484241691	0.03193722922526571	-0.039859951391634174	-1.2487359934781788	-1.425092394988645	-0.32722457541146804	0.16933080358503508	0.7983911777892959	0.35926926407848964	-0.043737755834005874	-0.8811971856896725	-0.13912848737453531	-0.4014493341566738	0.24988717159408294	-0.5131949413251579	0.9792723263664183	-0.1236111113555325	-0.7674724538371709	-1.2133723907699312	0.27027590619778546	-0.09140476653549846	-0.4948343536920003	-0.341720218240908	0.11456566772813283	0.22442501097071704	-0.36327898575254636	0.5264977130994751	0.42610442709132484	-0.2572757086979145	-0.45024051448637215	0.12062426606119839	-1.5699656126842039	0.6599019458164435	-1.46697195365145	0.22457697913391142	1.0359857431115966	0.0188352853063623	-0.7969947743873428	0.21060184617309446	0.7911644841353596	0.19499917384708945	1.68461479315198	0.03792708555900348	0.3773371630743438	-1.367583792899859	0.47334854150160266	1.3578789732681427	-0.23343272967779782	-0.5787205496432032	0.42813819157944805	-0.46933109131760303	-0.0837851426102187	0.13106256011172424	0.9706138128641315	-0.11489208807006324	-1.0941945082091593	0.29850942508968725	0.3176262872221916	0.016104928249781894	-0.13587608978407845	-1.2138092183439986	0.29796594813417243	-1.0969120419452871	0.24908751938064114	0.36272236081653597	-0.19655205199475367	-0.05269572804114649	1.0717507866356624	-0.04773483341906648	0.579470805361488	0.306135059050136	0.04563731972880847	-0.5707037603989119	-0.3944114366795126	-0.2537376545232806	0.4940351740553204	0.5396780912573357
DTXSID1026661	-6.729919035279127	4.9482891695496285	-1.7719343632446725	0.6723032046876565	-0.8935337795747579	0.403748812564548	0.8011798112657783	-1.7496847288827926	0.746909803147652	-0.9066368977489659	0.2958301899713685	0.3810403825854559	1.7065603942111192	1.0103607854912255	1.1635783737125516	-0.38913297503301914	-0.7009689363101932	0.8492340243417497	1.586494031878502	0.8739177215110921	-0.0213285734692339	1.063287784223171	-1.9835204390135466	-0.26524381230309496	1.5697283367045445	-0.5370497130967782	0.14216030508671657	0.8962675178095344	-1.156104664466308	3.320298616790693	2.2316331052797223	3.2911284652730117	1.4339932475406045	-2.6887491336565255	0.03046628721682543	-3.0623633493079407	0.46132386925384533	-3.5447900223224638	-3.541955840480229	-1.9912377011089364	-2.435482674320379	3.050330392381304	2.236189408247429	-3.080882953444612	-1.851534484052242	3.0518459041550385	-4.095429796233917	-1.278770668086988	1.8475670394752397	1.5923799337725641	-0.7559854718487106	1.9012489816011462	0.038547145326220805	2.2313189863408365	-0.72102634064203	1.5938661057521673	1.0407586016013186	-0.8784440838677781	0.2370758367690957	-1.3356945335149855	-1.6876146416137776	-0.21145530249996483	0.3287079920406092	0.9550699935457649	0.19220177930055168	0.5676684896982696	0.23776474229258396	-0.22998767785118088	-0.28604549344559255	0.3361743794628797	0.10806645740804688	-0.8828253402318278	0.05848859662946716	-0.26001262919319557	-0.26877435544217354	-0.3274861654272387	0.4193151324263987	-0.28743905136666803	-0.0678853227672531	0.033423916869056366	-0.2785874817749818	-0.23976910800109558	0.36751279348298355	-0.3434894963368373	0.26549466486947976	-0.45036228214168	0.16706988115126184	0.36671870919839167	-0.1848632932618495	0.7637678152149407	0.25990702089439516	-0.07184377089546948	0.3659111895744624	-0.00880937561245166	0.05796372205526558	0.12026690244553374	-0.14170573705813164	0.02203749928586355	-0.23514030258292565	0.1319388775875076
DTXSID7027047	-1.379804187783575	5.980241982639753	-0.42133527383093977	-0.23056631112062484	-0.10822183685449949	0.5421930014877284	-0.23555775598956466	-1.6094726616748933	1.0039619709914835	-0.542545555014817	-0.029804052929024858	0.49121831156288576	1.9007704884599583	1.0634579900425754	-0.005055765640058881	-0.4915707221505627	-0.9659598122541994	1.8542408649896964	-0.5113270876324196	-0.05217215190606238	-0.5120284514028512	-0.7762683561005045	-1.3915752261540424	-0.03787918401541279	-0.5431842036538392	0.4056282328287892	1.5845826390671256	0.42526813403209046	0.22113925465982529	1.8060871218667656	0.5768222058545291	1.4191187093431932	-0.34704255825083946	-1.1215981204621812	0.19493414838689088	0.02742791070891126	-0.09010227148319037	-1.0764261125625656	0.29346867382946457	1.1336002720982288	-0.2915102938714569	-0.17252134803101618	0.13559290904153085	0.6684213812687567	-0.13579397814237937	-0.5881783735131672	1.128087082756285	0.4204555274856584	-1.4427876547283915	-1.657493728446489	0.3913091699629632	0.5968393707576372	0.45986945150453107	-1.0232356772727216	0.30462760354971063	-1.0790738442901289	0.08764151856004182	-0.1356746647952209	-0.04362155290274868	0.7351242997901762	0.199227756720691	1.0898279950112524	0.6270952077613682	0.34434926824391915	0.08245506780477455	-0.21448469405450518	-0.0630079889333842	0.2910634651347264	-0.16998599020096994	0.3381925299863884	0.05494485718440065	-0.2871345564296813	0.08758302149496518	-0.5459607918525636	0.7004159477482018	-0.20589605724471893	0.09399834698398994	0.13692554562889475	0.3955353733194752	-0.30466095150860495	0.20815697341023948	0.06794389243727704	0.034122341859045245	-0.14957359660993869	0.4995728862192344	-0.1613952884474661	-0.30026106163064603	-0.07010216779277709	0.33016271736709457	-0.3101656992782441	0.3337743664202211	-0.06883528329200177	-0.2175000034683255	-0.1857055832979219	-0.25941931794111606	-0.00857907384547994	0.33811434505776916	0.052982044688522176	-0.1517682406281006	-0.2034056091459673
DTXSID7021815	-7.230379521755203	-0.765472600902265	-0.5462554051092394	-0.22523208495845057	-1.556575830154239	0.5647680088052557	-1.8727875702135688	1.4129674692405756	-1.271339226140883	2.328404134308136	-0.48917104218216706	0.7139004784427274	0.20919165575561272	2.221591918505623	-1.1183691766725914	0.38733631946089203	0.24105740173751078	0.8027932504787483	1.1250278205014257	0.11714430498283661	0.2162285983673507	0.9873162908182278	0.3617391572042391	0.5224947616661596	-0.3792459666036645	-0.01614910358262409	0.3267011913149039	0.23271498982491143	0.18297161100980414	0.6421123578903458	-0.034658653394938115	-0.2537094959893583	0.2708555422035654	0.08768650856400623	0.015408384265561965	-0.10433285238417365	-0.11982994509402435	-0.17827800283627168	0.30973954491073374	-0.003387460106663089	-0.012749623265974718	-0.24076368230722703	0.1873587674744188	-0.11026749578825609	0.21705026382173426	-0.1466417848407844	-0.023604395521719498	0.35947857543902406	0.609041374425445	-0.6255656811290303	-0.6532356028952195	-0.20238363562389475	0.9391803576385441	0.19012591738120893	-0.08097067784242175	0.1897157811904467	0.13175275862855088	0.19481518019069088	-0.17401546305834828	0.0978091951951722	0.04233183430636733	-0.20680457282728368	-0.055186366541244425	-0.22868794906950993	-0.21230768944648234	-0.19533105844363333	-0.10153322565790991	0.033037563665478685	-0.4193440361947469	0.38123794351414036	-0.1322804120579345	-0.15222897188007956	-0.28375609367442667	0.17804044624419244	-0.026304815294149707	-0.1483474226415753	0.17599393883820097	0.3841633088976203	0.07584829034735119	-0.022972799742276225	-0.11611224473977962	-0.10843199728388436	-0.055000519519983276	0.1659202327401141	0.0008703259286066817	-0.0612680850797574	0.04390109001776571	-0.10647327027670107	-0.05785915559644934	-0.0662648864063372	0.14131712690196693	-0.2698073561676855	-0.07635469521892495	0.08279989751163858	-0.062609219748666	-0.1550044272557918	0.1601287207979262	-0.11696009082066486	0.12863028013956987	-0.046047318114376366
DTXSID8024448	-6.718283926676682	3.0404456720935844	-2.6923225968221405	-1.4237222630950959	1.523158617460408	-0.26577425558131423	0.7976431863469244	-0.2799115798470455	0.267394968506787	0.8058810023315214	-0.08574456221643557	-0.088201410850373	1.27084748982077	0.5240847440670854	0.8838750611014217	-1.3338853562121349	-0.03588876871377086	-0.744844413299059	0.6089352708675121	-0.9849518089448248	-0.10535998775567922	0.11253860684350983	-1.1902301412561265	0.8870746278129488	0.4232725176561236	-0.03725013948468968	-0.5011601747305559	-0.14621001032480802	-0.5040410098966837	0.4141043739290638	0.09051256711857188	0.36136413239287274	-0.06276656920755457	-0.4689075176940823	0.26585107076543313	0.3378105754694211	0.2891934866502146	0.390937169624237	0.09068216959536395	-0.009732590307031051	0.2474837913708818	0.22022411212705872	-0.2025770678095549	0.2938099290968964	0.03526118377306345	-0.2579091139845541	0.1835069961494546	0.2949873849895278	-0.15624502342337868	0.04499422768690014	0.7106034070683215	-0.7120246186650436	0.3765985565898878	-0.027255050341049167	-0.35637194734780897	-0.8866482677725404	-0.17398530687560074	-1.1634760040362193	0.6309089649756059	0.01676502138042232	0.21881640954333864	0.04013940034471409	0.6877002397364543	0.03087689886532892	0.3346548444700442	-0.12652145971794676	-0.7370103159508284	-0.37446360701658105	0.30765117288957056	-0.19481777647317725	0.09547693338070974	0.002781678750534987	0.536872371975193	0.10055864262608503	0.3234452805613657	0.11162909190110445	0.09604825282816079	0.6720275750539747	-0.9308997519425132	-0.35385880191930014	0.13709966042410598	-0.2580164001077921	0.37912937050793255	-0.19098146242321357	-0.1995660491229992	-0.960229535361263	0.7907370963625645	0.08342441549733505	-0.021687626058052793	0.15716995343820686	0.43803210898158557	-0.5911998042490137	-0.883880370550251	-0.5094315896936534	-0.08786248041083156	-0.1745049907112703	-0.5007223334787109	0.04364800465489934	0.49392659008417156	0.19197724393810747
DTXSID2047309	3.2574862984610364	-2.076046662761536	2.072599168622245	-1.7394548669286545	0.46451606801869266	-1.8492365166185316	2.9631531192431253	1.943013966841774	0.8052256808367378	-4.394507380427722	-3.48413279009216	-3.3147023886213525	2.070436205672609	3.094554674220852	-0.4010612429780484	-1.4721155857320434	-0.9658469340923345	0.5207599098637482	3.084506594692681	0.13908725154260315	1.303073695455695	-0.781374818757521	-1.8909346564855873	-2.8050540514043445	2.7277578444771398	1.4242397871946262	2.356815919609501	0.6494635582845558	-1.1015801389386692	-1.2065685399723152	-0.7213171067889061	-0.40194010765526145	-0.6383083283683917	-1.1387002229962198	-1.2294680027752396	1.4753920342631615	-0.4308796799400551	1.6767844357474289	-1.9977804383925215	1.1679912973215179	0.6739034750695152	0.3596039678380508	-2.9059954316777667	2.467486084006285	-0.9246482371809358	1.9855234657142298	-1.1522731472218894	1.4299079181533942	0.7347457525628468	0.7946180360580449	0.6226561828704599	0.9958326150188118	-1.2997551017517825	-3.0492596541786727	-1.4315883457488343	1.9045761070508953	-0.5740105184719126	-0.5327506252357079	-0.5051813171522689	1.5969909950730796	-1.483451683944811	-1.1124602488989985	0.11954778232617298	0.3707486508917998	0.09960266736599935	0.25569882642177594	-0.9412735541659786	0.19258606347007998	0.5079055531612385	0.3532831053720669	-0.7079049339287103	-0.21907749736800786	-0.45250333338183457	0.8071237985054519	-0.7224749813644297	-0.21441882803461426	-1.1086506599724162	0.2135611454398304	1.7046245743942419	0.36282418686715784	0.13855439953776882	0.5656768280696178	-0.038882999830621316	-0.627543258608219	0.6550058648922302	0.3913498125419199	0.668695622643403	-0.1877516823442712	1.038285460718643	0.09441267436747919	0.1494467949212483	0.9167857561770643	-0.1553512808615857	0.6433740726713032	-0.4849424772176317	-0.1377203421603889	0.054397287522994046	-1.3533345915881976	-0.043923791001895945	0.9402958564174185
DTXSID6045539	0.5104807690475811	3.063615537153432	-1.7625675620144277	-0.42474202067204364	-1.5138649677113714	-1.0088762419502135	0.37924576482743094	0.8742866032925937	-0.5802516547027686	-0.6695124851445787	-0.05482506148527351	-0.44544324303140215	2.338314778869656	1.0618524455347098	-0.338266764070324	-1.2446326108895083	0.7332575488058533	0.7316396177806848	-0.2560511981759533	-1.576705506885998	-0.348719918302828	-1.124110547880532	-1.6204208287936521	0.5967637005332643	1.080378598257956	0.36124242791804684	0.9423229921271811	-1.6278568929804893	-0.5463046413490075	0.5213154449072602	0.4145398648866912	0.5660916807865305	-0.2513331907285643	0.25642974021666276	-0.36040925127010615	-2.1928047720733983	1.7148625476126313	-0.20514406937078514	0.5078342640018392	0.9308244095949639	0.30613646127900235	-0.06788739155110594	-0.40034038035782693	0.20970747410571297	0.41673373064156316	-0.19315176878150014	1.041894491275185	-0.1731161449370413	-3.0490067789685096	-2.1281924063007462	0.44932222132816535	-0.8770235139289473	-0.4280677370596046	2.160599583360628	-2.6005677599141763	0.8726220135763121	-0.34535715191856947	-0.9983431786985135	-0.036241987148769826	-0.5861493584725699	-1.1372482838735043	1.8287567599556145	-0.5638076161099083	-0.14748654501280153	0.3116271024198651	-0.16187105166699767	-2.1381416295339397	-0.11497693355525758	-0.5315946219679509	-0.017915974737696436	1.6383631224762623	0.7468823476353542	-0.5447692210420629	0.3212221632217692	-0.9321198273222849	2.0889545353931305	0.373864737629162	-1.214868569231688	2.3287961273051816	0.9180685914365926	1.3808566304336298	1.1261728490912077	0.9553325925835319	-0.6858444725477678	0.6968165349567906	-0.011662842233096457	0.6683515738541193	0.6708771524431	0.3638315848217059	-0.0779886621280633	0.34428329544145186	-1.0110489678832246	-0.3449886933896781	-0.5471279221915492	-0.5515884274017446	0.5249627021468387	-0.19349745375678262	0.30697261965005623	-0.4406262169172945	-0.14176157946213666
DTXSID8044919	5.832973011561056	-1.9630763212865407	-8.436822014191995	0.06585610205967414	5.110394443292614	-0.355223588124822	-1.3081449305952437	-2.6817375619100394	1.0382921759030095	-0.403482923892242	1.1634005781841634	4.251186228253156	-0.20876151663505552	1.1649072336509163	1.7918787840724644	0.15735637430676103	-0.09204816433961155	1.0700593154490503	-1.995298266127634	2.1361761968287603	0.08000187013100934	0.4232900786064946	-1.653852580351608	-2.9930821687271427	1.0323523434009152	-0.11529758396885532	0.04267617741365327	5.18559207354957	-4.3291613146802215	-4.6339672998556205	4.22577737367039	-0.7173407542455374	4.879244120762347	-2.2928418464959415	1.5500049070691055	-1.0823548544006358	10.485130013280891	12.335457454595364	13.724847723157971	13.759212260715927	22.504477032739228	-7.845228167723655	37.344193924797814	4.137538457255191	-5.226524022228071	15.902658118373415	-2.551115257837735	-3.303184732349714	-4.914063278834928	8.230753516891884	0.9309106240659012	5.3821706584485876	-2.373977626880983	-2.0959466204101473	-0.5235347671763263	1.2408493147475246	-1.8053073611821475	3.4955412069093335	0.3763581015232231	-1.8292384821966028	-0.1645314845545948	-4.076386670527884	-0.9965106768060955	-1.6194421440104587	-1.4141255215897195	1.9606943654885527	2.7956825975478377	-2.40622353254101	-0.8144026562872558	0.7940925787585883	-1.0552158402225469	1.5032459247943257	-0.587162668127767	1.17208123459141	-0.6920771188932734	-0.5294896467854817	-1.4492293807688217	0.07135634902686624	1.5373696468042306	-0.5631882415679997	-1.1833593111987892	-1.1573361654566636	-1.4099651451769126	-0.3071376437060678	-0.46239496809180725	0.44096159324114365	-1.0372357377369184	-0.20037573287329635	0.7158233205078511	0.524865413547887	-0.31092321006331464	-0.3359859557797562	0.8838767182940628	0.7383273716374466	0.118737882926314	-1.482659781182197	0.45524634264088476	-0.25260539665823034	1.2133548385944226	-0.28979031394924115
DTXSID0022777	4.671362330575391	-5.448677320477518	1.0451964979376664	-1.503010082414229	-2.988241212681691	-0.9971957755274201	-1.7317089583924128	0.6233180846244407	0.8962118984489299	-5.303635908984259	-2.433550581979971	3.01991925442773	-3.662254531745705	-5.593917894401256	-2.0789631733602993	-4.36767884015086	-2.4883137085993448	1.294536382778434	0.5570211229199594	1.100050929808129	1.6966973499556979	5.647321740509854	2.7938689715715372	-1.643463670577464	2.5456699531442974	-0.41744586865662797	1.9642984641992038	-1.3175547884852068	-3.133210312094433	-1.2958696875317892	2.065777957204473	3.4438446990530274	-1.4651676041334438	0.8546593675560773	-0.5508548062819976	1.8947614112980566	2.164603362538436	-0.773833744468336	1.9015298407042405	1.108151153415246	-1.3770060615193895	1.126575729177107	-0.3069953973861523	-0.3642020973639484	-0.6372596734850213	-0.7358749161828451	-0.1479946650866581	0.5287943449646466	-1.5565576008859308	-0.1924308093888472	0.38259002919867774	0.08865912375252562	0.15287088626533826	0.510435082102384	0.3483172847118906	-0.9545755226219009	0.6632155757660702	0.9349121667345432	-1.8390640979030055	-1.0847973351880325	3.3537579487980014	3.270551755974551	0.6287097473557374	1.195805879224345	0.1598884091486444	1.9671230004599816	-0.10094235483180665	-1.0200319151663548	2.2518894277072454	-1.2256610209950385	-2.8168715270276854	-3.379238346496308	-5.445862874218457	4.269955945748332	-3.7554029740779913	-2.3632392388340993	1.8760592745729376	1.6849297879106535	1.4427486718176497	-0.28381674135645923	0.2672208475099275	0.7075629927243046	0.1793827620069198	2.8075934251212846	-3.5967764586161874	-4.301305937737747	-0.48270102540570653	-3.6095170965761327	1.7651797389516615	-0.8147929352688158	1.0317259916267159	-1.2540478825926733	-0.4641975560532116	-1.8909398161594186	0.6659946261926313	0.5190272747523714	-0.2886212799344554	-1.3779910577955026	-0.7770875921631143	0.36932105861328757
DTXSID3021518	-6.161332998680085	-0.6066224340684779	-2.3086763071040513	5.9763828330572775	3.1095371861380126	-0.5420532011616804	-0.7008765003989582	-1.6527462408637577	-1.4959870019104	-5.803250029906226	-3.353534835534943	-3.3693582868278114	1.7023598173009684	8.205091160660608	-1.3259395110858525	-1.9294590990917184	-2.1275640772853803	-1.075366754846245	4.4670113607544275	2.34512191030734	1.182635095866327	-0.6429727473275185	1.6860117450329952	-2.0382287981120673	-1.335204505717912	-0.008953535823545166	-0.5081186355896676	0.6662499083087882	0.24912870125682948	-1.5260243328997245	1.646532877523054	0.01704494443871695	-1.7403765110314382	1.242437672896096	-0.5881447152189199	1.4881756250003546	-0.6808808973871221	2.0354874350075147	-0.7572643267894715	0.03853606815745787	0.633285891095143	1.5952484554160533	-0.6860891724172021	-1.8854812698012382	0.5975990914371792	-0.21521387031725137	-0.8010546799171878	-0.8534143856676587	-0.5350208100411591	-0.23734444652606185	-1.1550414333101977	0.31496690489871776	-0.8573704197557581	-1.106621557722065	-0.6562054365506246	0.7691506100735137	0.7789689164257724	0.29148278513367715	-1.9425349777625998	0.6639846912872117	0.37130632600100283	-2.190409474926158	0.45419718339220866	1.0234980584162605	0.44562904084275246	0.9717938464385855	-0.5892941841750836	-0.517014639270697	0.5098654729172909	0.8689958959525783	-0.9042200294344278	-0.29311185081720487	0.38798621924025845	-0.16848157436278152	-0.14284936563039508	0.19006346762674836	0.3311059277969546	0.16774206281180612	0.6387017334382398	-0.5602286991286362	-1.3691890558559345	1.4490821034766532	0.49215543958317337	-0.7970593178001614	-0.017470368001089264	-0.5232554694784557	0.4836054458533459	0.2084538842380245	0.05415179614962352	0.2350281561476835	0.09640400701773885	-0.24104314294027576	0.6738789833503512	0.32828635926083966	0.41585716887655877	0.48611359379892405	0.3817435978654339	0.02044523841866206	1.236022904549796	0.7999527894249915
DTXSID5046069	-0.47710231637922246	-2.893054977702324	2.8279439898309024	-1.7392815287178414	-1.7664533336761594	-0.38369693425553336	1.5007872083465283	-1.0411544572064644	1.100622246681762	-0.459361034479462	1.2347121220331982	-0.49963463967206884	3.186623424591911	0.09858526620280816	-0.67333379024386	0.6899002857226855	0.2890699903595133	1.0698683820188275	0.4455648426326664	0.45590119169239146	0.6766306467811992	0.5294345805201025	-0.9984317892334086	-1.7782230440328428	3.065695083689236	1.4323072722691932	0.7931224401202788	0.636414218310496	-0.30493269493406977	-0.3115968497536589	-1.3163893877554693	0.29037484094821236	-0.10089966300987947	-0.639350145356512	-0.28749117369949545	0.6370712657328241	0.9054080263953593	1.236715056423707	-0.5959821780783205	-0.3737840044616851	1.4464879635614663	0.6832821657377703	-2.2377912244735314	1.4151787298218892	-0.7606537390960896	1.4973919330787275	-0.7770087102266413	3.099133442798618	1.2682110369718251	1.2177252021125713	0.6415110306793966	0.8321920835882541	-1.3340818958789358	-2.4877064077555935	-1.3176834006606424	1.9393102792578674	0.7177790212760383	0.9420499020586434	-0.725951392622887	1.1296182932530847	-0.5695688920217603	0.28481805262759763	-0.5860285803435951	0.6884414953068568	-0.6859266140240955	-0.5192812142732818	-1.1757815945863417	0.3489154603577999	0.19503055728334798	0.7630885176530819	-0.2603857370951593	1.166818416241956	-0.4025845024821725	0.04071528583824033	-0.8928374018664044	-0.761043142599271	-0.9723875203253978	-0.10554022711864466	0.7229463489814093	-0.06291312984636614	-0.31617749983015536	0.012737394378055109	0.5316364719134554	-0.013841781993396177	-0.8355920480783218	0.1604686183435436	-0.2352009080499304	0.17767394850051346	0.22883461855738765	-0.6330219329141352	0.674236885232772	0.30018247129151093	-0.1826870063562185	-0.3735709980355171	-0.0026288358956901934	-0.6354735638903283	0.009380963898357105	-0.3453560479407355	-0.18166450293219658	0.31442506208446447
DTXSID3024659	-7.650945608942797	1.738401794939197	0.3718830178406053	-0.9993779093678711	-0.954083121840968	0.06369679436895384	0.016657045508055926	-1.0482040840454254	-0.2919542652223299	0.5779436010079438	-0.6896934045716118	0.05853480278322517	1.8132036153325344	0.10420119467548403	0.5904588169159591	-1.4422256404446023	-0.9623419253666367	0.21589956494830773	0.5954754860436163	0.12754999635815767	-0.3842972701990205	0.40121871282642013	-0.24792591834648037	0.40510119010126167	-0.5633408789401677	0.44026214389712326	0.3476074001795842	-0.5662825134531424	0.048437494201951155	0.011374574571485857	0.5333917911758093	-0.037047745472506936	0.08071194198519442	-0.2334184222972418	-0.279064001489275	0.09688253653811921	-0.27628119510928395	0.42960435239975914	-0.08196172735875039	0.10209887276206145	0.0009208104046909822	-0.35375194440320157	-0.24780447470993572	0.5886030620773289	0.5102354031311255	0.0842280167350875	0.03758180999835393	-0.4030218844960454	0.5507066320178098	-0.3201857184751791	0.11683592813249358	0.03054402522499112	0.04292713230408331	0.43602923700469	0.15313216832505816	-0.1310468865648111	0.09952473114181937	-0.23160824368270366	0.04874434573385001	0.24982876669994541	0.13971539866087865	0.03302875727916084	0.21558208688180105	0.3164323137228103	0.3873397119899562	-0.80185570839493	-0.6829294254303014	-0.4945976174223379	0.6557226381700992	-0.38376285698257573	-0.08623012617514111	0.1930747679707372	-0.011864466460653917	0.09974440939298339	-0.35610793717142475	0.0953351462063924	-0.056698999418296106	-0.021643658591543602	-0.2817428806952917	-0.12371063943756426	-0.21517427224618305	-0.6775860560758947	0.0760818860941982	-0.07643410899290029	0.11899052646311904	-0.3191973938787569	0.3583701873311302	0.2161653559463658	0.24943055498720904	0.2800218050869647	0.02718805502294524	-0.4022143752092435	-0.312969831676322	0.3564783420561659	0.12670445585429244	0.018912436669643536	-0.315187722880211	0.1288623087615714	0.17139643437782928	-0.04063327675109401
DTXSID8027292	-1.343094514178924	3.186983747016855	-4.223397840788734	-3.7852300231623985	4.488342694080006	-1.0521827443905847	-2.0596448695268945	-0.9690293341908529	-1.5115423721438013	2.3619750763684078	-0.9606509283599352	-0.199313471271444	0.14798558672251652	-0.37755123201349	-0.20753954483267426	-4.288006536676919	0.9914225605086587	-3.262960577776705	0.6186256856638253	-0.9656813872832345	0.04941650772513097	-0.6973320357521338	-0.06725304161463148	1.9255201273224114	-0.7261389219386326	-2.0450088006929765	-0.874094313347767	2.216170481529445	-0.0727716492195627	-3.375738645796726	-4.949309440208582	-0.3099117143396765	-2.9987996327755204	-2.4922366110115983	4.60555990432094	0.8715566148289817	-1.951339125086853	-1.9254853767125732	-1.228318128305044	-0.4416888541251359	0.9220179190562565	1.4616340052127665	0.15190466217826365	0.7624598268716285	-1.3085089067964886	-0.16187946333876566	1.8612864240243627	1.3773387919440112	-0.9704224339578629	1.6860731164038587	-0.6873913198804927	1.547776691435112	2.296427063970906	-0.31346361916169024	-0.049894738059497054	-1.3158304952294186	0.88289178584768	-0.2171447936010992	0.44102052458867014	-1.745239833094682	-0.4289811632666012	0.25384316412250646	0.15077244507891296	0.8057031723974566	-0.6213795821413095	3.065658896682768	-2.3476944570918357	-4.329890208701101	-1.1211624225645234	0.205645108326363	1.876003710258519	-0.41808746393990304	-0.34828224002497826	-1.631127267999808	-0.33255258096894763	0.6655579939133733	-0.08132657642802853	0.4933172239138152	0.7769802123129731	-1.2917440482581757	0.7586875046642482	-1.1825766811434588	-0.9930469767757338	0.9706294392711905	-0.43999205416012754	0.6052467153394815	0.3094136238847279	0.3349831932649352	0.5777785715591385	0.015712954089466942	-0.3884780591498756	0.8276764488952592	0.4453593045960266	-0.32916768121211903	0.049885051713498066	-0.2508074691041891	0.3370946582065861	-0.42007935125699847	-0.26775317671863813	0.8141879684378736
DTXSID8041745	-0.8667871123863308	-1.6280896071179776	2.931235290653262	-2.48729613889844	0.5790232410799377	2.198618978630821	0.1818126836751762	1.358811409828509	1.4827557979157397	-1.1059069407864637	-1.0491264324967708	1.8629088005687906	1.0297805042958772	-1.1642746386930365	0.3889402954420334	-0.34352774939484076	-0.8657681162641447	-1.1390958494440495	-1.3132488385139491	0.30953864300722483	0.8089680902143533	-0.19652132931673783	-0.41825768876773983	0.9859045202566347	-1.0413666808805808	0.7628160005830651	0.08457468053819489	3.347183599552898	2.07967768217211	-1.0691065908970494	2.4657757261224185	1.1350049550886812	0.4424416954364478	-1.1949174836025118	0.727271921367436	-2.0394367537003424	-0.296831453410451	3.1176888799943256	0.9881699371890091	0.5715216187450053	0.036615519306742776	0.6525923052186676	-1.1716942387331	-1.704040033150865	0.6843545681131544	-0.34232865214691005	-0.3550485264125151	1.343388896820069	0.060215522460402945	-0.33527979968819616	1.4728541630227883	-0.6955237847829624	0.23389150000179074	0.5280412310679063	0.9164429537282361	-0.3848698393761578	-0.3610144978517696	-0.8437410267265328	0.15747204876517903	-0.09774324618755693	-0.7038815396635567	-0.07235636511417126	0.4672389938194465	-0.1274935565276748	0.9927034560556676	0.5350878082988885	0.4319568472059839	-0.6254148608589498	0.5592835795135407	-0.5529991094173566	-0.25158128062525936	-0.32400055890107976	0.878364410083316	0.33449070858209934	0.8553098229113326	-0.26145383006644746	-0.022673574538458304	0.47896569216266033	0.5184544487688449	0.049398232504169956	0.04663518389225566	0.36251936902465887	0.45807201706386913	0.1070232783872369	-0.10126941176671632	0.5837818327509696	0.41521896507209743	-0.3385208106994304	-0.09177535238457138	0.27071924664558256	-0.3011218709021198	0.2637173047041819	0.0548760608568037	0.7565817151830174	-0.8785260179158932	0.06089952635928413	-0.3487182901154855	-0.07130201429067637	-0.018264494003380816	0.2573074478951545
DTXSID2047141	-0.6496339283224162	6.263977402717606	-0.43938413300028284	-1.4448862171054278	3.582137628427734	1.1436116363840647	-0.4067780979186257	-1.5677863674524442	-0.9045119959182838	-0.04969801678823419	-2.3033160952050458	1.0234539448196722	-0.39884999078278965	-0.7418244121817651	-1.1166977818209978	1.4465941935297706	1.3375806026477741	1.494058877943175	-1.068928340562645	0.24952813158346676	0.5263395639039357	-0.9238815713444277	-0.6052965644426388	-1.3064521511716338	1.1335731202534391	-0.0681051182238815	-0.3658512092205663	1.3048621162091818	-0.1696015890687488	-0.8762538520450176	0.08249496965059709	-0.29036219212635356	-0.3032250014881005	1.101335828475495	0.7340093930718498	0.03769206488840293	-0.394216635570274	-0.5252056154975988	-0.9955185488330643	1.7895222364123948	0.631620250531246	1.1088429887469444	-0.5991657689117897	-0.06569832256892562	-0.21528663485156957	-0.7408132790968945	0.009801096562016694	-0.5893851427624971	-2.2032826795474545	-1.0910926931900478	-0.6789026621523934	0.6381375365272399	0.030544024367178263	0.2909975381538547	0.49093248095880127	-0.009948821610968231	0.7985129627032548	0.09177485626081766	-2.099122583963783	-0.02462246275903392	-0.5370862360108495	0.7517859605141378	-0.41298654733119194	-0.368897258913002	0.05485579979501294	0.12929117134693818	0.2442286474646199	0.6527714895607069	-0.054013930342237296	0.7680917819918835	0.9113185364149282	-0.08490071472146092	0.11407054249686058	0.4089708897442527	0.8063644760119849	-0.32490871308221747	-0.7868679960805774	-0.2584494608262116	1.3644480312959144	-0.1246020394434406	1.332643999630519	-0.41210659063219374	1.356788253293874	-1.610958824258165	1.0184930029467358	-0.7608743965712149	0.2371096840376035	0.07412268085270339	0.5868992377334808	0.17952028827042837	-0.2932184780944964	0.5424901629673543	-0.5853548982157191	-1.4708328098059724	0.6742883971923913	-0.20296828916902337	0.36445023377570845	0.9312918336540005	0.9812268040322921	-1.248491110014116
DTXSID2044266	-0.1528439376658209	-1.1840501474951854	2.952987248377709	-2.3405097119138953	1.570569008899173	1.0519300747085725	-0.2549836136481129	0.347545553330976	0.2059580840222145	-0.43484666751253453	0.8961407683846776	0.011331951305641854	1.1536030964573618	-0.7909851819946533	1.3722963366505199	-0.37286914566078855	0.20782507620913937	0.17413266222835574	0.19421094082135323	-1.0170629203925894	-0.2400727597547309	-0.5971176755210663	-1.0341004227894164	0.7169521937807545	-0.38550453848657723	0.7671506081688209	-0.6302347877615097	-1.3214900633242355	-0.4554706090050641	-0.016474768068952896	0.49145295039945475	0.021764744931841128	-1.0652997630990424	-0.19249643629812876	-0.29878076737582326	0.21745412397688377	0.27336693090453806	0.25417191817733237	-0.13467619433105546	-0.09918749035806265	0.7193615412589407	0.3980614980632223	-0.5934421257715093	0.7575324553210737	0.3908003043483288	0.18964312971905092	0.6199198030694336	-0.434947230900959	-0.5422394511058106	0.6523841832408813	-0.32642539700878453	0.06597368407721642	-1.0058412231027722	0.7014386649279172	0.3018958571602315	0.4552864208958874	-0.5143437378678133	-0.6329413737741605	0.6601195806484018	0.019213152956478807	-0.4874104475546133	0.8319931071024124	0.6745010052414621	-0.43750184239896933	0.47918869124877717	-0.8767849318237929	0.3242065396008144	-0.9557875006854306	0.5345364475762366	-0.7864102913191011	0.5674694482222296	-0.0324699146997305	-0.5391951805226516	0.8135895032703164	0.5053636775980839	1.1972053451763958	-0.11037144531122449	-0.787755658226828	-0.526385037293296	0.7354911860568563	-0.023189550682575468	-0.7124883295452563	0.22888849839700245	-0.3597261462113422	-0.5124240408168605	-0.8095951909682618	0.16513313639868504	1.0231453670403354	-0.2738251358932054	-0.27043320674743415	0.09758761855446133	-0.7418919264203461	0.3639982434105029	0.6259762340070963	-0.3427144097739886	-0.5376156865182197	-0.35979100138499603	-0.07086811963673094	0.36281809805028775	0.4665160536148617
DTXSID3046405	0.39340871491516144	-4.431007263871265	2.0316151374708458	1.6265437977508017	1.4014076595912524	1.3807978942666397	-0.5646330620478051	-1.8181134644242494	1.8344659329764608	1.1305895063008802	6.600880919623106	1.2857148588975107	1.0592027066550143	-0.7157311747756362	0.20217094299941085	2.047801289599242	2.2026553565996196	-1.0854077169381062	1.6774857255725701	-1.3841148707621824	1.6933362460585708	-1.819673042723884	3.2477867351163563	-2.6569157965396943	-0.4315241217087185	2.5340785070904164	-1.8128588713011902	-0.4831963472169578	-2.051655927694861	0.21082356498634616	0.09872182991782623	0.8027294728154036	-2.7119956634975524	-0.9415093816122098	-0.209886352704104	2.2466219408820294	-0.19737857867946995	0.438244966218505	-0.24734157718544153	-1.0265319126752865	1.7867211228010633	4.048427255822242	0.17563454917370236	0.5482791668663286	-0.048465560180013176	0.6382315176279608	0.6772515976098273	2.110411443687379	-0.4472222983700695	-0.6309345711154105	-0.8459804353243889	2.5154562953919544	-0.79483122550599	-0.6616539019557174	2.676316700093517	-0.3474393737497049	1.7410552483384556	-0.371433011763432	2.514837201258553	1.0267506313382375	-1.586324987461892	0.9639312236312291	0.05482106915020498	0.8919430108965377	-0.3285447544087092	-2.0039778523770746	-0.7919003436203798	1.4170629817242526	-0.10020425922729972	0.3044563521766256	-0.41640616212949627	-0.8052399817275595	-0.7104299656763964	1.7914309259324803	-1.2665433666009218	1.0178232863639516	-0.6391121393555469	-1.7470294406116473	1.161115699690571	1.2920137090984742	-0.17523436595208788	1.0744768418585804	0.17412712471489528	-0.7390610081330103	-0.4907615170301927	0.3348887936968044	0.43674325207560993	-1.0688257047364502	0.569487680228227	-0.6242567604735357	-0.28977303973238405	0.8963285150303751	-0.4509670447189255	-0.7488612413259613	0.45487234177343117	-0.2199682549799793	0.49469487390607875	-0.4863551921681447	0.3399081733624935	0.9420847394453252
DTXSID5023908	0.05786877536395726	-3.016363183986317	10.273082743196868	-4.167808668092504	1.3583499440477547	1.6473810106397644	-0.7536188433596851	-1.7745787238527955	-1.5979766018779014	1.905601726538366	-4.717816568536043	-1.2310266575213031	4.994468326365938	-2.999261195525832	-0.43260726857519755	-2.3323266464828123	0.033393555211736904	-1.0959023212108416	-2.163203052994871	2.391299638726808	0.7280693225023256	-0.8161367206094208	2.4299689652558834	-2.6742796764335304	1.626592719717543	-0.5099295952403239	-0.18796747733736135	0.5791559301869678	-0.3378994587153256	-0.7505501877895305	0.339633524122261	-2.0159906444465068	1.1635356330451678	-1.1298990498349533	-1.1974734055096488	1.2628041850120215	1.2053394363468721	-1.4932853599996607	1.0592574813089095	-0.6354676164035797	-0.04380063734110151	-1.4263190822652971	-0.1874442720696661	-0.7023009543777944	-0.6796157838112352	-0.9166092338265951	-0.18786746053796277	-0.5951041969292589	0.981712732569669	0.662130083700461	0.20676995242274956	1.127151181853268	0.5611478266224826	-0.48123124045158466	-0.05629452022770091	-0.3433541120215178	-0.11659654496080057	-1.2281313664873403	0.9601713285526651	-0.12914360824056012	-0.37926907529574544	0.22607717263401877	0.3468856387948682	0.5297079992062658	0.007377359679797385	-0.5240266537971103	0.33542370811074135	0.5549940300040049	-0.17070750579718624	0.7372460678253748	-0.10848671617375055	-0.13072564332722836	0.31746549171688876	0.1142532479864572	0.452388423487038	-0.24831119820232408	0.014402170183304565	0.025333780084665365	0.5796561244181153	-0.4158539936450191	0.6468748178615438	-0.4623920283476252	-0.32383170563090097	-0.3096285440687108	0.34813622306446973	-0.8054767997153649	-0.7195598635359778	-1.3918739708377523	-1.1797480435096908	-0.830046171349418	0.20059414243930526	1.2122037731925435	1.1714342421776713	-1.257580010671514	0.9240369570414598	-0.014118041497651806	0.4987452624864508	-0.3832350744020594	-1.479823834928566	-0.1193783979097112
DTXSID9057688	-0.014576076912283187	7.683557696397931	0.46874910163957995	-0.30030324574043965	-1.6941734053485706	0.23566649324885622	0.3519115205158952	-0.9272821993120907	0.46082390004817675	0.7658274583680628	0.2915723123268274	0.9319330212153929	1.2760799957088853	1.0615855703601687	0.9686380678074289	-0.39235826819280795	-1.0215330925145263	1.404379856625515	1.3520222399087005	1.3580648469138554	0.7257083843296492	-0.8324780238966829	-0.9699496559463241	-0.2572774424509524	-1.014248841270701	-0.9238157253893448	0.37693543193393764	0.5959079372431361	-0.21794024352850766	1.8709642009153478	0.5570582230891709	1.6035694055946372	-1.1752711297736826	-1.0892045143819005	-0.3760928039907149	0.6755608830924001	0.5422861675022027	-0.5705608295852652	0.9118582253977339	0.8164576685514955	-0.8960443723669692	-0.07990388408834265	-0.2145324896122101	0.7057845261176864	-0.4888100879875255	-1.5203258865318303	0.09978055519249078	0.7407433647427408	-1.04360294965387	-1.0539506856725636	0.9766781570899323	-0.15912401433921758	0.3382478743128258	-0.6405787944183399	-0.02428437453655589	0.6777906922447479	1.0232998695145186	1.9310801307682415	0.9634422117736883	-1.0567097501955263	-0.005380595245300242	-0.7353121495392465	0.06342914536011723	0.5573199243027572	-0.6126857791288189	-0.035199241680116275	0.7081115667738653	-0.4624178930562589	-0.2090134456161991	-0.0120863672259062	0.1967316571676748	0.6359097294536049	0.48921201769961903	-0.15089969219961238	-0.07021093198696561	0.612424237145527	-0.34166440458354835	-0.905666225139037	-0.012199814803518743	1.4187676036228458	-0.13880043057205144	0.5275385608229244	0.8512919429711421	1.3323086169876464	-0.4228431098738407	-1.278892666611516	-0.1904704421254941	-0.9277350482604414	-1.0681709592082278	0.9998008952556755	-0.5883533283240291	1.3385759498935337	-0.6713743350238542	0.2536430250984577	0.3959346616596789	-0.5071710222074065	0.16090791883105923	0.5314623472065324	-1.1110526028885108	-0.8481683093675005
DTXSID7042065	4.201662421611311	4.82419784169691	-1.0554427491129401	-4.02245925175707	-3.3908078848562258	-3.576123410926899	-4.879809572517069	0.19532234162310116	-5.485056307465578	8.735322958465051	-2.9777807082376175	1.8453377462111538	-0.5605960001402888	2.6588574560705327	1.0629152246975981	-2.3065541142859955	0.13764634341256277	-0.5739863229766674	1.8357000281282554	2.5447893397459844	2.0284851579074856	-2.0411549925994144	-1.3571065618079605	-0.06454106764309947	-1.3661527053757978	-0.6883150051952839	-1.479781911905381	-1.3848550059813474	-0.5824283957175754	0.10596594850477202	2.5726437736886187	1.669248763978246	-1.5015376910010643	-0.5919471552856618	-1.752244976026891	1.546748072297854	1.3590299828417596	-0.3224032917347183	0.6792000634809622	0.622524845223588	-1.6814660814779947	2.488639757393214	0.7658895250130101	0.19386716300575044	-1.4450503405156054	-2.0414299248916077	-0.8018549996392665	0.1947217446014701	-0.6592226868056964	-1.4538702945230688	1.300952223638971	-1.77217315038325	-1.683425839290537	0.1835964225940945	0.616131018604063	2.293917227239345	1.839093877292921	1.305687219206291	1.4744103974792206	-2.084903860798413	1.6956938378321516	-2.170418274693153	0.23653650002066465	-1.2828166995088741	-1.7462546810524264	-1.0971567988248685	0.2253140989078086	-0.7356035879532227	-0.6101924820236944	-0.4632235362299162	0.8873806367942316	0.8619775598768327	1.4957457399638034	-0.15791545060025314	-0.8499895250619119	0.31351297889601215	-0.941184639419824	-1.5960306026945654	-0.7969192519415764	0.9572169577137458	-3.2180208137211666	1.9498074948031183	0.29882899975022614	5.641646370850519	-0.4722929779046522	-2.074152338859298	-2.529289586476354	0.7814222481545042	-1.0651869739448492	1.476345779896268	-0.41711706610037114	3.144159742631098	-2.04625757676171	0.9855470876875184	-0.2570374104182295	-4.154971243342165	0.8923166948900577	0.8955308186717925	0.04152450084271834	-0.7252946523571581
DTXSID0041698	-1.5929854039145799	0.5090578122835879	-5.668328126378104	2.8340201094681525	-0.05551055448190162	0.3984133678330756	0.4109015715895252	-0.8431058626167742	1.1413869176537375	-2.2050318513137483	0.7283647060168424	0.26800745541455107	0.6616616336633512	-1.0311841868998868	-1.611959258925282	-1.6860641986583396	-2.2967118837093303	-1.2190555410072947	-1.4462234255522644	0.44741100992728594	-0.37695051460673906	-0.465504950209903	0.6475966933707344	-1.5369421008582937	0.676705901808122	-0.41076094830798954	-3.0725284869193477	-0.06566738384966012	2.1904544343600527	2.327726883604076	0.17824290316903796	2.325269295262889	1.0867303824558252	2.4150805804497826	-3.2044893770041782	1.0974051719550757	-2.9299076074537425	-1.1805927534108285	2.0457250351132275	0.4240874394322303	-0.03795359522807666	-1.7999165363034033	-0.4137079112404181	1.7746100019557571	-2.181262646093944	1.3822092839474194	0.21846946632324957	2.956630930921486	-0.09099251020067223	0.34935404401199704	-2.4136931330521465	-1.3406630563064286	-0.3526890559726547	0.7632865366635163	0.956840364480159	0.7665786203178623	0.13322296868403155	-1.9015060121055791	-0.49784748305802734	-2.639447155053754	-1.3086475156938622	-0.7582358991801152	-0.6730335483435788	0.9016811469825552	1.0299135962583426	-0.40819259949128106	-0.6174474226077591	-0.2770336646254492	1.1105960605933898	0.2725625198439191	-0.39124742496543513	-0.9360424712902171	0.3306201683444166	-1.1311712186928962	0.6376633290455455	-0.22985102463044343	-0.3241872797145412	-0.1886192541659498	0.1127435648324191	0.7710019273190772	0.9300397180221203	0.1754282064972714	-0.49326896125340447	0.7241375183555162	0.19201903414795984	0.2960380936831747	0.3748738354121856	-0.44823812865225754	-0.505035645694772	0.6820069726148786	0.06924440752163953	-0.5433875796986546	-0.43661908936790683	-0.3848357292897319	-0.6093929078528313	0.15923539700349915	-0.07831635622143758	-0.027973265348271853	0.1585978554104297	0.016400504600382653
DTXSID6025276	-7.609362394344343	3.7022211748224296	-2.703747177280366	0.39524743195662676	1.8837172953975085	0.23002772896840576	1.1755178037397804	0.12565583692279333	-0.2940124574137588	-1.0266919325914579	-0.37970135210859973	0.850677389325221	0.5634558559288176	-0.589770766881633	0.626380547324528	-0.35780140016139383	-0.12256333455778008	0.16415145304595055	0.8086126236836506	-0.06391423810870037	-0.38651025247580595	0.06202881183738571	-0.23619793115447432	-0.06033809395467929	-0.4726081200337098	0.6111073583017888	0.08593569907983335	-0.10246914810508587	-0.4582192991988999	0.24089752165628195	0.22171630787406982	-0.0015609754416086394	0.07098434832130265	0.026040576015800492	0.03492581664248362	0.13871256195158357	0.3333484438631116	0.14109183509786308	0.25730422526132823	-0.3499566274598636	0.20597429521049235	-0.42030582048995	-0.26501920071777507	-0.007927207773269199	0.5146912146427775	-0.48993777980798836	0.004544668202784852	0.16409993630736994	0.13991857813056807	-0.19208208363778162	-0.1790091731521916	-0.40874539805975524	-0.06512813319470433	-0.0921774568981082	-0.3995371575633763	-0.2127222012969307	-0.14634709565610443	-0.6424295407355486	-0.15144299113600704	-0.1717040775705821	-0.46011242400309993	0.48780297406037465	-0.10397525799069189	0.03472664353359284	0.28012671152849355	-0.7298386981523965	0.22364907103257117	0.38446544801213467	0.24972488861522382	0.3900763139459841	0.14326851210248795	0.0498562113490471	-0.34463362878898823	-0.0862233878123955	0.8776667148140738	0.07984085198121688	-0.012062873688423485	-0.2001351625314635	-0.5056089837044003	0.0402935446787062	0.46187266858685944	-0.019257237458001328	0.3459870139109738	0.2409710180809585	-0.5228079038531197	-0.3202845028103316	-0.06744753131873991	0.5007836368950054	-0.45957578713030695	-0.10594178850214198	0.30322853141910855	-0.05885407501903956	-0.3052000964005125	0.3349923158951217	-0.8347554940566669	-0.17565636144225807	-0.04740820082025521	-0.33251116567529854	-0.09633471487720843	0.38682287672452126
DTXSID8029159	-2.615138582863744	5.391230852569425	-0.7751360166292814	-0.7986951093160429	2.7703015836881026	-0.23868292937965382	-0.045642604856434024	-0.12729124366051967	-0.3204468789500534	-0.8212514425336895	-0.5524917986815648	1.7354476641454508	-0.6222474712729004	-0.22214272763383522	0.07102847201639811	0.6096241969068263	-0.2286409962230188	1.2232363874075327	-1.2088445339663696	-0.02294448893913138	-0.5916888230605734	-0.33870468596612013	-0.3250144599768672	0.8422303707803045	-2.236666160102428	-0.08904716600173262	-0.15955485770926497	-1.0731973034150752	-0.14009935043907418	-0.037747831850621166	1.188219102720323	-0.3639198945804219	-0.5916545368417612	-0.3397540471506438	1.0931395534267978	0.6810859713263507	0.28283011896513416	0.09542006164456587	0.2088712040996002	-0.8421994542108286	0.089470359811328	-0.9261334358789843	-0.2147347071045757	-0.1545699412191235	0.5610325639534868	-0.19478536472165991	-0.5875029336282168	1.3185684653630716	0.6655132385800185	-0.35248972861014477	-0.3351716611344935	0.13303735868063823	-0.01220029507909163	-1.09432780135522	-1.0906110077856912	-0.5610828640528145	0.16482655357691978	-0.20006412257951875	0.18568877969763048	-0.7314519162844527	-0.9484720643890221	-0.8857208214673231	-0.191315434399187	0.6096285688302003	1.8458483869561413	0.9151350764516215	0.14854786183990412	-0.1702303384383035	0.6710258397875475	0.824088100470486	-0.7616034454430253	-1.3156983403999793	0.6879801012519284	0.1556401196731633	-0.5985808442650971	0.6595024883863367	0.3968534348230522	-0.44378216435126167	0.42125848472871213	-0.25156375913115786	-0.8379274948485093	-0.22628181071038006	0.5907812861429901	-0.2450858301042145	-0.35159817236867547	0.03844959930773101	0.31170261263291205	0.051717412987151455	-0.6424840071601702	-0.20657284502167808	0.7157142237842877	0.04656820627706419	0.6158386333025196	-0.06508970714015444	-0.71365044246892	0.6432635407059083	0.6907302230451573	-0.10901492119597067	0.03374605465489505	-0.07677465516150528
DTXSID7041544	1.1741906217101838	5.149390366021728	1.579223271702971	-1.480392631447199	0.41403368311056876	1.2602661126307897	-0.2571295558599279	-1.2159643602736547	0.6213562579036458	-0.41983462874183675	-0.19966779084161826	0.4022926994493222	1.0138232943174381	0.28257520491232807	-0.38455502439493866	-1.3474537166657103	-1.3513847270164563	2.223736336988921	-1.6485610440242429	-0.19557588800485443	-0.8973327032384232	-1.170668388324838	-0.5961118654207812	0.1614996645884121	-1.2855797352663298	0.5901485260871838	2.2251985641793097	-0.19585977151870818	0.7672277586066006	-0.2242990853628126	0.18027650261811806	-0.22023704999223323	-0.2312631018847355	-0.21440411351573685	0.5026232030026027	0.17776440197638552	-0.21088184792152856	-0.8029695624020728	-0.26382580515985565	1.4691579198231717	-0.15461088438747866	-0.7465489186423954	0.03948413984236097	1.0780038062139161	0.4595395112895163	-0.10197376551902339	0.9743011738310281	-0.22898340178086907	-0.7515940026305925	-1.5158534053379256	-0.3507479076932418	1.5744272450382013	0.6857631459877848	-0.5201454358254709	-0.4222874765442838	0.04723983771209872	0.6361497359996588	-1.345637824930187	-0.0978299267831684	-0.29976815535724394	-1.0577146732250324	2.0481168647873904	0.47789013007386444	0.640507190740805	-0.1279751045927819	-0.34801168152884787	-0.24559736225349246	0.34465065371911824	0.056681027574119754	-0.27318356319537423	-0.029628278851378517	-1.016049226166859	0.3840522983017842	0.16855199089423697	0.262739072545348	-0.41062662565346564	0.25347398888711326	-0.12967007350418458	-0.08336505798428165	-0.4485439763469829	0.26134810386024043	0.5444537107197391	0.6154866635437684	-0.37100261284397407	0.12792673038563918	0.2695429202173244	0.2397176909905703	-0.11361206616559633	0.3962368552375987	-0.0804046860577308	-0.13835000833435843	-0.043377434102475645	0.04117586100590753	-0.006414337171760667	-0.38266540292113216	-0.059386865175477865	0.6303459944916349	0.3196936315442845	0.02933968235342662	-0.0011221165042367882
DTXSID2041545	-4.9796479743833215	-1.2444821951844471	-1.6096423064738956	-0.862836966617029	-4.294716848303869	-3.7550674560573545	0.5174431136408788	1.4319711377078286	-0.4802682108274263	-1.383018321474706	-0.6652693060188438	-0.48096129541434646	1.6238322970584156	0.1518022672937116	1.291957479642109	-2.91965454429868	0.7195192030234829	4.314382407124429	3.693436007324778	0.25904444892583744	-5.656376091295631	-5.305574881582669	8.436640087352183	3.597395709143868	5.781494388545257	-1.8093226995644291	0.41186433049279647	3.4979773408814725	0.07636741206028035	4.076243036954093	-1.2882660497922054	-3.7316948696246266	5.276081599490161	-2.9861283895696924	-2.3324121291270288	2.76153029032435	1.7167161008076977	2.4282340306077757	-3.318625047731687	-0.29096387763504783	-5.052851717806412	0.6788955933861511	3.5443139152863083	0.49938565793292417	7.4375488005879635	-2.0438630868072147	1.0022932147777597	7.437507537436218	-4.571313851283139	2.737897903576657	-1.3670965175656815	2.194992789958433	-4.616125204372549	2.374852675327378	0.23950022171540764	-0.7347276384976557	0.9546081401159197	1.8033024683745242	-1.9464251575974576	0.2713614606012587	-0.6359582134031083	-0.7476793500613527	-0.8814420485299477	-0.14946002515409823	0.9937928176218527	0.10188054239855937	0.3714872954824362	-0.16241169869937208	0.7469069232576222	-0.8218828032508295	0.4470173599524978	-1.3553301818422931	0.4591793013783613	0.5654447026389695	0.49828037786892687	0.2990732968249469	0.31248048699161285	0.5282646451072118	-0.6199048517014456	-0.4316787555853814	0.3170197601742272	-0.26474121811361073	-0.6703626089261234	-0.033186620414926475	-0.1039858047060073	0.2651947949018393	-0.12816484465707667	0.8880628002507794	-0.07042302035280298	0.3081806995673056	0.3054014689935057	0.1205203677391339	0.35642814683308816	0.014332910661545037	0.3242213738611853	-0.8082787376014882	-0.5150984462262764	-0.011620933685288657	0.3224419654445998	0.09450547682532667
DTXSID8057776	-4.835168016876158	-0.4286377126285393	-3.987547885777953	1.034539351738977	-3.8874848056345734	-3.1534608831051565	2.069002085994962	1.8818356557594438	1.085803338479732	-4.073240236805909	-0.6331409279785302	1.7094788609512108	0.3564519342987287	-0.7621711059391366	3.992167879057646	-0.944813685048789	0.313030799340551	3.6054721734949027	3.6442002674276357	0.0953199075164819	-6.261245708051659	-6.304284433968194	6.285247402572759	3.7079493317454255	5.2306989315780905	-0.9600450688305475	0.5682921663705993	0.8794229744954153	-0.6840266166087591	0.948225726735317	0.3054428834339293	-0.198679521451004	0.2061573236556014	-0.15090530662771343	-0.0658224474080789	-0.8890953896854904	0.11222901333301458	0.8994982624336209	0.7625213644051815	-0.2923374214401842	0.8367511506677918	1.2312512962991113	-0.1529844651318796	0.22689489262029783	0.06169815115817284	-0.5963097505325392	-0.37180123897348466	1.122266257921709	1.404284237321833	-0.3123439406960781	-0.6233620867859536	0.3763987331536741	-0.4776582543539646	-0.23570438865620078	0.6961964495168431	-0.7988375997219775	0.5478605120102936	0.5664914014124652	-0.46478381122522616	0.13796813712132985	1.2054533709432687	0.4165902586096159	-0.16650578851913236	-0.44261565369665695	-0.6539644075362797	-0.5778557520320468	-0.3101449415528489	0.10135462156104319	0.19285386542816713	-0.01148732552440088	-0.26895822046062506	-0.13624682904512675	-0.3977933700699409	0.0967410065301047	0.9676051775609497	0.023961357062675943	1.2233002035312115	0.2324605479365144	0.12735654662322024	0.13874035937884457	-0.5409448618244922	-0.8953395679589922	-0.18124205113277167	0.3622193569104531	0.06657412234791804	0.4694055209162405	1.2100152606157268	0.6765598191650326	-0.5119773610760074	0.36597462683444776	-0.014366367273988939	0.1211223212735509	0.22649723723338763	0.14426111178710202	0.2516871063917615	-0.2678093451858619	-0.820935133301522	0.22714278008157887	-0.12421476456415177	0.33933495886226706
DTXSID7047061	-0.9946564855314353	5.650772388057654	-0.8899545697871976	-4.729620050045015	10.734257799809296	1.3044838817346835	0.5673744559021447	-2.988396961250635	-0.604525348079969	-0.9540116165526048	-4.6869314067734775	2.8045174703652536	-3.0515936922571916	-1.9918927631604628	-0.39602386307008774	3.540475186762904	2.5079232068644894	2.341398852208141	0.07400940452465436	0.36302978884599696	1.4915994520377382	-0.2826139726458846	-0.6774742168421735	-1.528821906585059	1.497511595218663	-0.5172935964489483	-2.362685171415472	1.653079891872071	-0.5337275414532197	0.09985794255628846	-0.10842651324518665	-1.7729102251822892	0.7320564308740545	-0.9259043613894349	0.631280836138307	1.560146935421669	-0.6939583478887861	-0.5825848606176367	-0.41502183627041916	0.7370626209702936	0.17187227938728541	0.29828391571040047	-0.9800133704085316	1.043005170576601	-1.2022598379795406	-1.2979601402018413	1.3402988593556864	0.15375339949436473	-0.09519194819085142	-1.1277085572456815	0.1750466553149777	0.7023071794798005	-0.23302840804661004	0.8933016733680759	0.18860961502397294	0.18906857634251117	-0.557673911886244	0.19109522375072854	-0.9128393926960503	0.1590681558994562	0.13480880857915528	0.3384760220857447	-0.14825597352119305	-0.23270357594950633	0.31382817161340665	-0.972906396278307	-0.7344893375903212	0.7324355407935791	-1.15311039451595	-0.9942432137705101	0.7643598158780992	0.41083234137753943	-0.3714286888382958	0.08164660181678723	-0.7499290530809261	0.12509717660796169	0.24862247238123808	0.5448767074030874	-0.323769609027872	0.007874105940909712	-0.33992910131879434	0.63037802654983	-0.5049220484623554	0.1551334827230669	0.5946641904301484	0.30464571595457396	0.2997133237624747	-0.2978643982431813	0.30695279665458064	0.196451193316622	-0.47466883871701576	-0.7932456250410616	-0.47186802080911106	-0.5194389526142504	0.6040945108217728	-0.04188164429616823	0.035386095566932854	0.32879122744598077	0.008248988279005495	-0.2345807699494214
DTXSID2047060	-6.336532113566862	-0.2873912725410948	0.38245453781354977	0.8414840017513597	0.25491683675837856	0.6376996149781418	1.0452017774001647	-0.029546075130222386	1.2065726703076878	1.0045702241966028	2.7653804648949807	1.3797536326256945	0.9342885302469341	0.20973859845152099	0.6411222866074542	-0.12906106436772946	2.0781944655414666	-2.2876223335405075	1.0795252369609174	-0.6817262303756288	0.09241055838229748	-0.1928401741981895	1.4937888142356444	-0.8009624891907199	0.2739432734146641	0.6787311278977154	-0.39279574324056266	-0.4528517573632288	-0.8262992806930728	-0.8250019155361793	1.1245854431249669	1.161248756581392	-0.4911912312478804	-0.06275755987832282	1.0656788507642765	0.3862835048972883	-0.21108915444615825	-0.2773515787207277	-0.5154507748276086	-0.08907359330260962	0.7090841440807856	0.8688043647175411	-0.02192066504357107	0.55789023121295	0.4940454181183622	-0.5488625109494659	-1.0930241791891435	-0.7607309023988943	-0.6894941886975906	-0.5465073038562069	-0.3631818829114553	-0.4432773441458219	-1.3386449252477797	-0.6658284568960716	0.23531426359856344	-1.1401313321057982	1.0797183749868953	0.7495550823208642	-0.7985553994278441	-0.3417353165757335	-0.13788144948581701	-0.6651509977070127	0.0063514957458180145	1.5701807599097681	0.46758339993814013	-0.21158967865407816	0.10378908551573805	0.6275587703257774	0.5395493434451305	-0.28100279295218134	0.1503848437806536	0.017991658281621064	0.7995350113846373	0.05438695255757076	-0.40916568687752475	0.266544600289799	0.5580764017602704	-0.2770489478572702	-0.5149811191327323	-0.43037867576140865	0.3158824461353922	0.2623536309920541	-0.1621612839110328	-0.009046278198711453	0.6908836659006172	-0.04416063007308725	0.3704460853026625	0.03957975277707402	0.005788937015192572	-0.21785030816137899	-0.13882861627466736	-0.09747124156315684	0.13912495841152972	0.2971592237132686	-0.22638375744315178	0.04185335982230098	0.13900431973270427	0.016357946045492823	-0.08435241242181178	0.17374191655833382
DTXSID8057699	2.6122615813525027	-1.4386373324763124	1.5496587706831493	0.07485631153841864	0.14809574347251434	1.47752982088134	5.155391401379185	1.1528557429224795	-1.3069851556441605	3.559701066244967	-2.536471783773474	3.960033847950403	1.0376876688091583	-1.8870088682610549	0.7025380832996906	-1.2147479689475267	-1.9194467040021967	-0.10637121875561033	2.619260996905321	1.8923984772472866	0.1625250207894881	-0.8344905632291407	-1.0311591751271385	0.18515632056541584	-0.560835120632619	0.23167362670453395	-0.8135897745921011	0.2395181267828919	0.2944479248054503	0.502438818869978	-0.16282627268290267	1.4747655186120272	-0.920704524421087	1.939894953411946	0.45824706429985984	0.7209657842751582	-0.3143236345961768	0.9475664214409564	-1.2408872622172837	1.213242487896216	0.21644059036169883	0.08772503366015484	-1.1163132682905195	-0.419933700651364	0.7916959968169104	0.2253725998357179	-0.5031715505661329	-0.8322735261879826	-1.2974967301692213	0.9524520944932997	-0.4935996139564968	-1.1837446717037305	-0.4199147882362083	0.4874496803294421	0.26913903709911713	-0.28630159527292076	0.6236441348468189	0.45546033724201	-1.8578681901044174	-0.8346328346953268	0.49858828498327734	-1.5084583855192581	-0.10567142083423749	-0.30956134438885435	0.9779963664580865	-2.689094791025744	1.6010492221897303	-2.2684031163362923	-0.4611785756850313	-0.9106946073605664	-0.36120159122726897	-0.2299060215741358	-1.1126964903235075	0.0267173183706013	1.1817781083898653	0.3122042042018497	-1.302806160636833	-0.2985139946341872	-0.047306508169126286	-0.7839752633803055	1.6434808705945387	-0.9910935426500759	2.014715936800306	-4.360128756080574	-2.9501599910467333	1.2243696553624461	-0.01763947958130709	-0.5070138255026155	0.22998095619425607	-1.26662033100685	1.211246436944653	-1.7179560555245545	2.1852129410059886	0.40447423383832193	0.10359841440344748	3.3284752262049135	-0.2536279031483144	-0.11329813613928649	0.11622121950345071	2.948301661347543
DTXSID0043892	6.498571446452185	-2.0692096840990133	3.5270600361924513	-2.2228788210403696	0.8166012001107077	-0.922647878615975	2.5707167505260506	1.6023017856863107	-1.0368658952677712	-5.614554794163159	-3.7806026512362587	-2.3991783810489027	0.7106660373192721	2.5074194681985493	3.0131939196436908	-2.406979994439094	-1.0649515754004213	3.6363323505489644	4.966304370202294	0.7880116327599304	-5.284607099864723	-5.764968599724473	7.617095352028731	4.802138934844923	6.361961259393104	-0.23573234350719652	-1.5983347045648189	4.161061155179972	1.6910945216154634	0.30579690088977773	-0.3200146644233137	-0.33924794335785896	-1.1070855289397614	4.29725177086482	2.2714966242962027	-1.0661457078917147	5.714120835824523	-0.7448454755885321	-2.888814018119539	-0.38274544683381856	-0.9240661036717813	-2.648659141587333	-0.1972637108998873	3.742718144541726	-1.4941358703480367	1.470960758237042	-2.445464977178156	1.9788242355370873	1.973918360511457	-1.83521994162982	2.701234190555028	0.23363930841582226	-2.2675611604808905	1.6842564005124312	3.2777755261717867	-1.1821499788067746	0.988316054317666	-1.5247364295464119	1.9651314419500185	0.18044018061227698	1.1831531562290842	0.629730797279997	0.5879100997732024	-1.3880072048362817	1.3512642159728825	-0.05540860901052868	0.7722284309082268	-0.6656275781730615	-0.08448313450050401	-0.4183671176871224	0.40433288151314767	-0.4979797975239464	-0.45967898394511647	0.4165401882465986	1.5172750186100028	0.11420041684238895	-0.3684818113373033	0.3417840678036515	0.5412002622545321	-0.0282368211395608	0.8067123078976063	-0.713699082879289	-0.654729973128786	-0.6076760220040625	0.7586799074692813	0.35244986155462016	0.32383077167606106	-0.6668030372663524	1.5969240525557837	-0.9687440587681126	0.20340347006855553	0.5118753585680491	0.14278373303661482	0.8399269715256475	-1.5475457351664823	-0.02684318706119905	0.504304319955537	0.43108274454452983	-0.9918237499612661	-0.09088247288662532
DTXSID4020294	-2.358573629386772	-0.05930668081612796	-2.6223573158706492	2.141249972883127	-2.141088821765347	1.9434487768790278	-0.6975819803271867	-0.8783046200540553	-0.8533999698092246	0.08050677986043228	0.38521060625537595	-0.320819251337526	2.1959666256288353	0.8351346831526308	-1.0734265182428422	-0.021197466440550258	0.615955191858882	1.3341433240166507	-1.430794739760832	-0.940352854432313	0.3357764568077136	-1.4690694261974209	-0.7109480143034025	-0.1573681255469284	0.7764414469836164	0.4312045382645981	1.0316739590325843	1.4244600466077422	0.007687083660254576	0.5418763990905475	0.8528009978813813	0.07011769771422567	0.03604933669991548	0.9613756694384378	-0.4908097771624822	-0.24874926919378246	1.206206160935064	-0.0923374989116985	0.12314330603339853	1.4008639099341054	-0.23224098019070208	0.8155022648629124	-0.47385100408882197	0.0837470038355181	-0.21979316960442205	-0.27381019501554793	1.3003402641046884	-0.7438273092057907	-1.1212253008028754	-1.1471074103476597	-0.519058716419907	0.7252087972113037	-0.1386374153621084	0.24599409918274284	-1.5474725519170296	0.6098147797775183	-0.7878910207591364	-0.1855166180579907	0.3411389593706696	-0.11994006309372382	-0.021035771199223837	1.449408764728514	0.7770448397796419	0.1898326041275363	-0.09354360065409807	-0.6381197429526007	-0.06647947123107811	0.02656146056629381	0.7568608560882363	-0.044059581635796145	0.13382102501872178	0.2964219888173655	0.36675873870433856	-0.28163530909183176	0.5711651977130153	0.3006561631666121	0.35341830742822067	-0.002925920956903848	0.2659917141402993	-0.41252933477401654	0.07638218597347474	-0.15883954367756442	-0.025122431643989966	-0.28283870210689105	-0.17315388126027542	-0.5131198292882451	-0.4532823653185329	-0.6094944017475147	1.0755308398219088	-0.17414622977417188	0.37319637994694527	0.5025844328125075	0.016529184005597067	0.07103672689663314	-0.388659833140681	0.3771006992755484	-0.044804790991553926	0.14815483339811875	0.42725758803174924	0.10450654379455582
DTXSID0023030	3.711447445176904	-1.4609194846720586	1.1098764404552344	-4.947097886217341	-3.2576880588629926	-3.039372085470065	3.8331448977475047	3.434973164779067	0.6716527655827986	-1.3099487634047162	-0.9698676968863363	-0.9370574753331681	0.7999134620879341	0.022908771091723904	-1.0325561510602648	-0.4240409245880254	-0.9021063302865713	0.18633969714532037	0.1598873548891307	0.8054712331029473	1.120573482604438	-0.12186620683971347	-1.2868353916565753	0.748711822259735	2.1922575754334677	1.240697801970631	0.08628123066813548	-2.1027725272799778	0.37361614829238055	-1.9093961934912524	0.2652659389550315	-0.21162621656666936	0.19861015251430825	-0.0021539297167484806	-0.5154692257640809	0.14781483085664737	-0.4450249616941862	0.5604380451537191	-2.340747443675082	-0.05832796030343281	-0.8891941139590832	0.43772215987942004	0.3070985058161513	0.15855114717437274	-0.6018964664138996	1.9013806096815875	0.7953942869706917	-0.4668216257736518	-1.8276764212026113	-1.084859943336825	0.43108906932498736	0.06563147628983006	0.3270928081664598	-0.4599651325535003	-0.09692924447472177	1.1811238539623676	-0.5763279392068542	-1.6204329639148642	1.96555668889802	0.31971238266918	0.5452704537673028	-0.944022747975575	-0.66683532407263	-0.7818496372874576	-0.34491378320267546	-0.7811806218736904	0.2048140898077377	-0.6812607443923293	0.4347996277583565	-1.0939734760152795	1.2474476217368757	-0.0597958412390161	-0.8599024493637569	1.3705676036043195	-0.6885218102204999	0.8605229184194155	0.3223112142874706	-0.46532589695968907	0.00020623009919398255	-2.3078386639063675	0.8163230306127902	-0.5104965627436497	-0.8174692287912468	1.0626373458739715	1.424145197808227	1.0719601053369474	1.2866871036017502	0.6868214976644385	0.31123134152827125	0.23559171383609828	0.03583531207656285	-0.9995409180877518	-1.4527723626940265	0.2543880702297321	-0.9396580578820076	0.24870599161142182	0.7440394399579543	0.7391399795251254	-0.4410307280373044	-1.6526564931579861
DTXSID1034210	3.778172839615679	-4.5326753478013595	-4.465332260425061	4.31775133460045	-1.8175646463747075	1.9361963085789078	-2.947923883074906	0.899787629147955	9.439313469351832	1.3735338850663485	-6.791884831847534	-0.1643957021921455	-4.4958983840313795	-1.2077554591498383	2.5433083437012027	0.690931035621403	1.129700688113705	-0.5457977689740366	-1.9591952986200938	2.3728273629141814	-0.7886374275636198	-0.7627972719216993	-1.0668360408224191	0.8677014196475559	-1.6911673747320575	2.96956384303674	0.7192656370779801	1.8762807165756668	-0.689565137191037	-0.0468609780404365	-0.7407818679679179	-0.21788651261578743	-1.1141011827252207	1.5223296001571205	0.3129598745764979	0.7174134890588355	1.083696375778085	-0.11963820202328139	0.3174947621395476	-0.18827442897782237	-0.9092432558070577	0.5477220072796526	0.45515409875451673	-1.1061549841369827	0.5158123965981272	1.174706837531905	0.7827685437715506	1.1422587664195971	0.11657653985345486	-0.1333098862845337	-0.4888036710330186	0.23536783200362	0.9635256831594501	-0.7495995033731955	-0.4884497926632266	0.2627475634645053	-0.3376032448621621	-0.3785048950393609	1.0608159501365457	-0.5901427795947485	-0.49030706455897227	-0.7595685013742125	0.15028933626141652	-0.5140085133988183	0.42533935101795417	1.0845258551671608	-0.9381085145268034	1.1594831766719143	-0.19910165898733378	-0.7566020526827976	0.0647741924559074	-0.042455703969058484	0.12082157120941571	0.28621556617766913	-0.8903716826730759	-0.5010459379056195	0.45982842302801	0.2246938451652569	-0.05310808787814681	0.3796209218824719	0.5070684510697401	-0.36597692524303954	0.3838303145551149	0.08134587225675342	-0.28825737673414337	0.3779194974590973	-1.5799811980973713	-0.7076652223161386	-0.7803130581285594	0.012366518801299414	0.21493293258374913	-0.7696745272375785	0.034345376149816795	-1.2133625536327723	1.1509830454958436	-1.1086474185126671	0.3432991527379657	-1.22923827785623	0.3320571003215822	-2.2549371010294723
DTXSID8021195	-6.269833499541055	2.61566797096402	-4.258585054397179	1.5368119386608496	-1.7813765198679843	-0.34302487302954904	2.0456579872151037	-0.4191645387737287	0.5399094309786084	0.6940140947638214	-0.5468958399436927	0.2879149340967327	-0.3098800659492797	-0.7087813091875113	-0.5469773739578658	-0.3798058755888541	-2.4027364497786503	-1.9317730306170058	0.7249579809904537	0.9216245264002337	-1.7201919990340142	0.7921000463334926	1.3668436178224035	-1.5797773057476483	0.2792424490180106	0.28819985779374424	0.10615747935074017	-0.7508292187441498	0.2586051715835814	-0.10834836895854955	1.0717920570897201	-0.2048703260936201	-0.3425567774989275	-0.06588185174831754	0.1319987487632547	-0.20427862074751738	1.3766956817277087	1.3910914152578748	-0.5766632018018527	0.0611428109328565	0.03002155496315974	0.5696113341708965	0.5349381980792246	-0.6826975766751434	0.2543616953556401	0.011250682086322884	-0.6678037470293341	0.26612521279321816	0.89907575321854	-0.870381022496076	-1.0255379202839412	-1.2527571833479447	1.0723780897231698	-0.9732015403726931	0.6847304244414999	0.08130026965806382	0.07701695158241406	0.2185880407806133	-0.6698055122140824	0.5849100148306472	-0.28208947842972804	0.785589967194288	-0.007196589334147611	-0.2873944093079274	0.15156381122148216	-0.41407697967267554	0.4245352749410091	0.49751073034752996	-0.2692298078646829	0.6462527677641882	-0.12976872583323154	0.634185360938819	-0.10094260421923455	-0.7059633450610404	-1.0610612179704408	0.3133827481424397	0.5760426320000356	1.284175017980782	0.17536141014716253	0.9582942495216523	0.6429112457298126	-0.012894770002277827	-0.21180457523109497	-0.0670676998813789	0.48632796225598873	-0.5913247713649039	-0.08571234088446145	1.2472158262606936	-0.9551396267495306	0.6918025182043469	1.0195827117162464	0.08813263207303833	-0.016136837277970228	0.24836001982986652	0.9008340906541529	0.8471604967027511	-1.5821391809913894	0.2931011381933131	-0.6779975903009324	0.7167848275147208
DTXSID3023005	13.369008349512479	4.009714647265393	0.12256069691964953	2.707271358277952	-0.8955607025019479	0.46004777730820007	2.622902761168056	4.47285063959276	-1.322659783182833	3.603651239213386	-0.23959868848698446	2.2190974325090793	-0.07259296087963397	-2.0831145692475492	1.599068481690496	-1.8696002238625213	-3.397962188459742	0.5900431114705638	2.678598913593056	0.8946014101736983	0.6958965372722999	-0.6879015578407156	-1.2212056326906648	-0.1800076396517702	-0.10544398510315121	-0.16755165867650645	0.2580975478916974	1.7699393209841505	0.06514014223490572	0.07973901991731232	-0.6265129846341021	0.49039990581995874	0.29648783367750653	2.7217791743615605	0.48438751482958936	0.003258967407919928	0.6900947512903682	1.3016132626651225	-0.8804788814117938	2.7789754561777857	-0.25113483630813055	0.5513651371918261	-0.5632871734123857	-1.3427702649445012	0.16487493134921358	-0.0851904043567811	-1.4872645853884212	-1.6054678896898684	-1.051319590484912	-0.5049716595500343	-1.7762151192622921	-0.2084050108509344	-0.9749059223137665	-0.6306271361512868	-0.8271006488491567	0.9322513529202284	2.1457387243165216	-1.069102296294519	-1.8943388768416904	-0.7415198545427081	1.074167374308344	-0.46773613817673293	-0.3409185307542666	-0.9967870223719614	-0.2681247085252347	-4.0860988849837385	0.8011814584834485	-0.580419896631311	0.07579338510061565	0.3314489609437879	-0.3421888320938898	-1.4453053137852805	-1.2455137400121368	-0.770739712713857	1.1061321609363612	0.4308954710020127	-1.6233414245936204	-0.17719461994703659	0.5584129246488025	0.048894960507812404	4.049795291799593	-1.3141733088773393	-0.08193690701710313	-3.6527354571288706	-1.222049188295249	1.3919984482196908	-0.9083355741448306	-0.1759592232172627	0.12537216690130254	-0.5060873778559963	1.4934916911015377	-3.091403396801574	1.373315870711071	-0.206041513764495	-0.3956385654452534	2.5602060635017736	-1.0459261970750007	0.5433647423179269	-0.11321000933814408	2.5984865848170227
DTXSID9025409	8.770251573207975	-2.7153175795191182	0.6675763717662856	0.9075813486131966	-0.15053914554901784	1.7513721004316756	5.083920034372572	0.590415443084253	2.044356646582084	1.916187826692126	5.858939615483513	1.218145200805804	0.15616038384814201	1.4464366504432935	-0.6630083795803962	0.03949916437052862	1.9223557193135157	-4.502360577118769	2.265800722016518	0.7774233729090008	-1.7247305623262632	0.5026671105788081	3.3870904613674733	-3.7166427626415897	2.8304593508886833	1.0853665486218176	0.5039262878184656	-2.4922065834984433	-1.9474396211456608	-0.06594978859293946	-1.3359307073643947	-2.697643678849289	-1.0691468494232033	-1.2101491750674238	1.878417170951254	-3.139426494944714	-0.5275782493127152	-0.2965928484634872	4.749018928530573	0.6384222805940775	-2.1734125054799462	3.5669036213703906	-1.0464052001289073	0.9476476790638723	2.1845369221512736	5.673083362852895	0.522663060051432	-1.3794267703681184	-1.604554343399388	-1.6955818749159446	1.1359731744606398	-2.113655302776612	-2.758292023051057	1.6982776143782115	0.9726069918226821	-2.4449193351363974	3.0531559376816824	-1.2865552987618198	1.4307232137334516	-1.274908103501689	0.08599345188168113	1.4583828568495796	-1.8416087414963573	0.08193778638845582	1.032612679841286	0.6441725880684172	-0.6698289808952044	0.6730581536111208	-1.21767881629114	-0.45715635833984625	0.5426234175897369	-0.42313542070099197	-1.2997144316956226	-1.3093365642739327	-2.18218793147528	0.9574974372013347	0.3085304332900229	-1.8246938914717137	-0.048412388371444424	-2.111631184988361	-0.15337047153781508	1.271204878380726	1.3281661776295752	0.19931362491285298	0.7517897344217812	1.1712346401931422	0.23830735983922205	0.9103246374879949	1.486105952716127	-1.3032465241977707	0.12728087956157763	-0.9719701988497086	0.8207312452351185	1.2346277482887713	-0.0915080626902062	-0.9350279193457282	1.2339456211365443	0.25347289892526415	-2.5169686638999798	-1.3158498337732853
DTXSID1041847	3.9062196241347005	2.594932983232753	-3.837919065212089	-2.2165879916920823	7.711947856739189	2.5989705587335235	0.27672784295164216	-3.0787152727640095	1.4748779100734197	-0.7923446634467024	1.44221598507908	1.5891449471232721	-2.0194917402969708	1.1539139083712218	-0.05781414393127024	1.4931510368186003	1.138746427470397	2.4733344323026727	-1.4376969478040378	0.7886039705296669	-0.4565031386977165	0.5706700542281506	-0.876000397942543	-0.833692572817611	2.742402202884219	-0.15642491636682887	-0.06512775447970903	1.4437917507449745	-0.8217652837784497	-1.6859973111327495	-0.43447975147554246	-0.3258522813425947	1.4865379084317782	1.73108583317522	0.882986914193716	-1.0430394339171893	0.610483231936359	0.8602549119667953	-0.8083316362440461	-0.30307265678177236	-0.05258838995376905	-0.5080394339612059	-0.16376527736582702	-1.5915974184724684	0.42078602165327594	-0.462733727116171	-0.2221692967340593	0.22998184751627634	0.25462107138331586	-0.036302075322309224	-0.46935605936311503	-0.43305358419793244	-0.4742526659361018	-1.1177097557786249	-0.69855334527826	1.013515494633884	0.05706631055660814	0.14289439119102262	0.2104045699167255	-0.1933900540542849	1.1500294197163474	-1.0328784163710616	-0.5813886222766582	-1.1033938659224827	0.2857961131178285	-0.7943572207407219	-1.2516021217608346	-0.5464267639047764	0.49281434304678556	-0.2040046172903043	-0.3747675181332596	-0.758404740235688	-0.16033981741385955	0.3440739129636723	-0.6022544295933162	1.1881663389143238	-0.5901690708974835	0.30403819701330215	0.7197637471555506	0.5454201202605742	0.4655131710768075	-0.609953428526752	-0.5692976581698792	0.06899949170804133	1.0885902982632232	0.8252904984639582	0.03698960783243875	-0.10337479082937319	-0.3190874142534706	-0.2093646638541945	0.5704263399377985	0.6463495066437827	0.06066184653633929	0.11758703077356528	-0.17048983475071786	-0.3430185440548935	1.0961098309396915	-0.17941736040259176	0.13476490712863234	-0.17696557012298317
DTXSID6020309	-6.54204668677597	0.44129717427973447	-2.5552646673930726	-1.8014188207380322	-2.5984679925966447	-2.3790570447079484	0.7794388353752837	0.9145946480438227	-0.7140910446209928	0.43584671454080237	-0.9971080395440776	-0.43611974890438315	1.2675626319851885	1.2758792769757483	0.04222556957099178	-0.2570842214102167	0.17731021406163477	0.02005325073093489	1.012510713197757	-0.16418072461124536	0.3655547769774168	0.06159278222389459	-3.164622583287132	-0.300921996406916	3.17178408622085	1.8107927524525698	1.0590389454656872	-0.9897520467338872	-0.09539127466976112	-0.34129853605972316	0.9901231029183397	1.0492472646333137	-0.15941063290126123	-0.8008368877114957	-0.6368267647649681	-0.07792856355398846	1.0046326626059185	1.1312573259252325	-0.8229754288903802	0.31715598527224725	0.2805070437329733	0.3677496018189445	-2.277115917575366	2.520797321686175	-0.9231303349747052	1.3121582625005885	-0.08091945856482312	2.2564881237616983	0.0956693733585577	0.46700261284806344	1.3012129318292571	-0.46390914843174613	-2.028367898271039	-1.9226259375048378	-2.3242522458280606	2.0920151690433726	-0.5477184518521572	0.4476517048233868	-0.70639029682638	0.9177976483964435	-0.4462415589231739	1.052598349259301	-0.3590998870446101	0.9067806215421699	-0.21886708704071142	-0.4522205306661733	-1.1175600896824656	-0.3689868271198155	0.5401390025605548	0.6741151392025011	-0.029993044254809503	0.9440906194274042	0.24043077274500094	0.5759073576060978	-0.6601029059803494	0.42403692241298685	-0.2098648486737969	0.5898016545437448	-0.011537278355624203	-0.3344044080325765	-0.32049625993849085	-0.27548619113983736	0.2746151577400603	-0.6506782459568117	-0.5520725892770806	0.12789715035821556	0.0740701493376685	0.5631677359380094	0.15831874070160315	-0.2386822068193839	0.09499093023490085	-0.0045148843827438456	0.13267053947942922	-0.04618560415523135	-0.18872577178335698	-0.3540561173308315	0.10541922588535585	-0.18310656556230812	0.021018500852146925	0.26970774447442897
DTXSID5057832	-1.8601791251733788	-1.8369310542591861	1.0442161860616044	0.765376602785111	-1.7573263202186882	1.8195553563634446	-2.0035207133372164	-0.10133099685857842	0.3181557755878921	0.7269386348296283	-1.0780192126162238	0.8889658546912401	1.1256561763491117	1.333707264545082	-1.331635066642313	0.2556379781362643	0.3513750554965047	0.7613145626086258	0.36728895932582667	0.5446638107677674	-0.09227244073974776	0.5070461712889398	-0.37925684861377	0.0983513083322682	1.0111706551703288	0.14051442550783402	0.4281071753339602	0.7850811900721948	0.21592503458636	1.1736300050036104	-0.7105736555684349	-0.10185098565062627	0.35849053309980433	0.07584197994427595	-0.3940701796860229	0.06266448929056234	-0.3566600198983647	-0.46605544127131243	0.18987504833610958	1.3771685502702318	0.009938816623128186	-0.392411908346462	-0.30053652360846433	0.6887369226072099	0.09509218104287229	-0.17659097232933452	0.5739595551979946	-0.33482113255109575	-0.2847502305032319	-0.525571146591347	-0.4155705718222113	0.573927323905779	1.6009363294610357	1.054919976718608	0.06219000511394688	0.008039361646524138	-0.27366624721815425	0.18934993871528188	0.01041765955525503	0.3566567554032853	-0.3449319560049768	0.8379121903203525	0.2032346580237421	-0.12130944198727095	0.0006648021586135381	-0.5836513984748269	0.4247144374445816	-0.5538137774508299	-0.36843054289971794	-0.17274449719609808	0.25470653190098297	0.5917245078428089	-0.13714678406965453	0.8678312764105137	-0.27651317158221955	-0.5346195569621581	-0.27078040387105873	-0.34370204553618783	-0.8360362392545729	0.15052051436736738	-0.17414149943372584	-0.013900274685863977	0.20792920402106613	-0.5152407065822588	-1.0734988752193015	-0.15222948907663433	1.0026166409642596	-0.4728994483474872	-0.038988534492651016	-0.08632596091653799	-0.20279521369668527	0.509671305315584	0.60438127346086	0.1833673247088624	-0.1496123425439865	0.3639531939959288	-0.09488422689283908	-0.19275695737084184	-0.08380985138368884	0.019249996333222035
DTXSID5022481	11.988405805385863	13.642430726719402	4.4411894492310235	-4.337882711249493	1.2589055540725795	0.16712230344887413	-2.6600808015173265	1.9707853639029103	-0.13784688055658026	0.24891472404573525	-1.5554902356182183	0.19287551115629814	-3.0307644979479447	-0.5742223196062901	2.0237712088191837	-0.47853682409129755	0.18563483777169323	-0.32584530560187186	0.41693962564933185	0.2777228154316345	1.7839234658043326	-0.1928593100164795	0.0641139075890297	0.9232222081999495	-2.124800020615	-0.0591681437284322	-0.9446642114318715	-0.21684297784682616	0.19285874516320534	0.11171951828039951	-0.6927062723170675	-0.18010769499836962	0.5880840508252384	-1.0709142245992689	0.8879399515865349	-0.2645824788203734	-0.18814445578349004	-0.6496068030412545	1.0018690677745146	-0.206701390867865	0.16748533975065014	-0.7501229131186081	-0.39507433358446714	1.0899067386053203	0.38125859344088064	-1.001446164368994	-1.1243242737784365	0.9845568385955328	1.2507902902043964	1.9490981069307374	-0.14052197084670667	-0.582737994611402	-0.5099268546638253	-0.39938078423953716	0.45591329049637935	-0.2585564776151882	0.5880420349659369	-1.4394548420525328	1.0064663690294005	0.2629126187535061	-0.27021369033861514	-0.4609212709730622	-1.7462278632248185	-0.14223811789905186	-0.1339697129302351	-0.7245321082552292	-0.48235169861271404	0.7099600130319615	-0.36347652844689227	-0.08319435882469249	-0.8321774756862654	-0.31660494523146027	0.6886123175289015	0.7461973509661616	0.26577095253834543	0.20883345667406894	1.5663458652380022	-0.21187506183991478	0.10886762747146989	-0.7190988810778998	-0.8310862529330068	-0.11743299267734453	-0.721086544347977	0.07400136203153733	-1.1238348024086506	-0.33505193135315303	1.25073138445085	-0.6183549040489645	0.45913189015413663	0.7648231374778097	0.387223563207129	-0.31134758305173893	-0.08553546604415564	-1.0174539224974468	-0.8634774646722484	0.09242101263475519	0.8334800248254647	0.34474601941159394	-0.23069855399708836	-0.5618776254388771
DTXSID9044875	-4.336254494864672	1.7548509511392256	-3.6553407368851785	2.084776464581076	3.248508170663882	0.11620269605819802	3.2575393749134904	1.9681611286487348	0.1561452737230588	-0.22204051671765748	-1.634740189311925	1.7469713667341291	4.349127657587594	0.9153229111311478	-0.025056547711718006	-1.4353594891804722	1.4283781635068364	-3.154082978549122	-0.3987388824260562	-3.732455175438583	-0.14858217817573136	-0.5619457439192531	0.7094931568631745	1.9066450524726324	-1.107579795071215	-0.3489975509037797	1.036814880499626	-2.9913393320659045	-1.785255829172732	-0.17807027945409534	-0.39736181032064904	1.2838217432314625	0.2199928974838538	2.0322666880879354	0.5737116602652308	-3.32916101604909	-0.08384118796942042	0.2274511185665073	1.010112258296877	-1.104664331787557	2.3342650892285173	0.32863281242835524	-0.8724949939649643	-1.3047788124341706	3.0456493748635864	2.0389697641360143	-1.6838853592224674	2.3808165802847086	-1.6224539759048187	-0.8597554040568754	1.9490775254694903	-2.423240433592575	-0.297774018197306	3.9110999490928604	-1.9629531861110896	-1.0918750468463532	-1.073879183511654	1.2435411045921458	0.5439824180873949	-1.2911083165019348	-0.42909407174978254	0.04625700609466566	-1.789233537549494	-2.1525378972039104	1.9775397336650877	1.4025497816637678	-1.791208417711335	1.7776237709348783	-2.506079422641901	0.4037009291461905	-0.5426025289130014	0.16387100049686346	-0.47440841013869417	-0.7334581885587695	-2.043049726624957	0.9420242808385961	0.6040694018021038	-1.5388218563988851	1.0758098506422018	0.7408802901461672	0.37031969196679604	2.405894394434415	0.36649167876749833	0.4511372403301739	-0.0549606725253044	0.08072355752572795	-0.3247530539632152	0.605915595497761	-0.2489692775015646	-0.294209611713918	0.8362630516237465	0.32263106092886523	0.3817447946275848	-1.0595118342024914	-0.05382748789850275	0.06573811583127792	0.2616392312454241	-0.6158680187384556	-1.008193845279616	0.7556824887366295
DTXSID6032518	-6.309845712807003	0.06581668138639991	-2.861003007669079	-1.4473947142897872	-2.0822201681327495	-2.052397589807178	-0.37365026996434186	-0.373507943987691	-1.2713242144215402	2.0113217538099355	-1.0961609455886097	-1.017986590480086	0.6782022282040627	0.9461957151979855	-0.7758829238349058	-0.6724552303705411	0.747936620763842	0.42348221168514993	0.6386896557191079	0.06610166508356191	0.04889164642596247	0.07699720300569955	-0.2787091996003164	-0.48830068087145384	0.48023275051184117	-0.5405173348925786	0.5063015470687323	-0.5320956882065057	0.1528134169354569	-0.8605526807122916	-0.18044862122884547	0.22511575385745172	-0.13071416338816483	-1.0194408838436018	0.4258391960008777	-0.02494297851046063	-0.1402287193840064	-0.4323111473126841	-0.49055424487246657	0.15410676720193475	0.4843644105806865	0.6207007084128497	0.3486554218667848	0.5787367485364904	0.10366761795783407	-0.35371988398554555	-0.1765947183140949	-0.2062722453157108	0.28269189014899193	-0.2335318489485056	-0.3924573476878445	-0.5030224315272869	1.216010909191303	0.4905458543887417	0.8734819691857538	-0.5196877143841908	0.6236873620412906	-0.056978238600308345	-0.7164342308567547	0.6926105680686806	-0.008054088906198993	-0.916533910547025	-0.36499805487599557	-0.6626089951789681	0.8489307478973965	-0.5396135557308751	-0.5027574518909508	-0.37402255135427354	0.5286596217673476	-0.03361014640476146	1.0490388848321852	-0.28986971407405954	0.018245067634319188	-0.20957367473206762	-0.5812356504113213	0.9458081727133768	0.24048338082248838	0.1340313727357103	0.5416709502905819	0.08802609560023174	-0.5952856332727463	-0.19635755619048822	0.41255706452504537	0.226787662510568	-0.15254959058373624	-0.36147126619699815	1.08743207623388	0.5459319872744814	-0.45434032659776546	-0.026641304002216547	-0.05224405249556894	-0.7110806475842566	-1.1103303699464588	-0.16978165089455977	-0.6783945618326245	0.3126867909491637	0.5811148528924014	0.3108821300459171	0.19889212733556702	-0.4738017213436729
DTXSID3046324	7.189143180453914	-0.00639729825619872	-1.3599660363316202	-2.6114302855084124	-1.3589726014732115	0.9710484375889483	5.915806045054923	4.573907092680053	-0.8766354072281479	-0.6443830733969762	-3.098869488621252	-2.11234125967664	1.4044721671715377	-1.9290799784375379	0.6197404491478021	-0.20977790604600594	-1.9404201016125933	-5.1211957906523145	0.8418517476851293	-1.2161436309962284	-2.826067098425475	0.7925661094941564	0.8557975093151258	1.4536137597019019	-0.10565967388335178	0.058183177418679476	1.104055020852563	1.46335366200115	-3.2639719338870963	-1.3681764358814184	-1.1590627877051993	2.673224514378327	1.1741167317673562	1.2135265441195362	-1.6701466643283365	-0.6886955454463862	0.9170208706629422	-0.38072835132577787	0.5295116581913754	0.6708369695902502	0.4259402536554684	0.2533159598428294	-0.875888785115379	0.7476803747450378	2.3603693467062046	2.6529667752570023	0.6049262514000898	-0.9538109765649819	-0.5550895883150931	-1.1362815674782383	-0.38423883089240407	0.47032481443238117	2.2780903321808275	1.7623719772110755	0.43358795969156483	-0.38417325494308563	-1.8795916284842862	0.9002456999223807	-0.3149866057489525	0.6691799259037376	-0.9615514425239405	1.3677119020061062	-0.9105272575599416	0.6611326211139565	-0.03307811798099365	0.13148321200288765	-0.8612080510154188	0.6991554207109737	-2.3755327984805845	1.6882106388796878	-0.9878559357815692	-0.42843050935344396	0.4919162114774139	0.8070917190802557	-3.0949888127019265	1.0898913151840885	-0.6581312597086171	-0.5666316745400284	3.0183635708812178	0.9658005361398624	0.7033562724514864	1.9006476864715058	-0.12816195938189603	1.0040177312896894	1.2952691622919368	0.1834989809675803	-0.06158528367380456	2.211571497384259	-1.4253997825467246	1.3504652016629546	-0.11672070509442567	-1.8379452774032643	0.481257685019024	-0.26011935714798295	0.09371476353667103	-1.1782335005350988	-0.9848698251661143	0.2311093718402141	-0.7407420027823041	2.094673889904445
DTXSID1045661	0.7562530151990665	-0.5544399807074261	3.2717355053101045	-2.84995239778364	3.520314846264519	1.5317164008465323	1.5062089454439096	-0.20662741408840488	0.8951113951816776	-0.6988738084846859	-0.721656815483941	0.5880741719639148	2.2207719785362974	-0.44339383923088327	0.8685742252922288	-1.3306130716735887	-0.17529909181796013	-1.352766667003945	-0.3008021934984703	-1.1967134794274603	-0.22386461315452888	-0.5620539015491121	0.18411631061082395	0.5361621207193331	-0.9086267189855703	0.024293089360852546	1.2770119109525595	-2.0234367289229866	-0.9420985619343781	1.2363469202679178	-0.0573915818707856	0.4280437193288324	0.4629843613948327	1.0990887292895626	0.7610460806333991	-2.544573829562317	0.09278118554497758	-0.4173847951967946	1.1432857739517244	-0.415212457783364	1.2413547865640562	-0.3554673799190005	-0.2242425628656391	-0.3186211116738658	2.0021185903437013	0.4624051150971049	-0.6276405193917727	0.688540420443796	-0.7265064373915946	-1.045591144477505	0.7120680462571073	-1.2114798495219024	-0.3622560346021083	1.3655875353902343	-0.6281609595906196	0.49705801382220133	0.08367726434273287	0.32193305943911976	-0.4238863950078933	-1.0723684924507724	-0.1996430464880372	1.3145379197457387	-1.086941645468757	-1.1794195495391926	1.049905860351389	-0.527319276339405	-0.9546963240036238	0.7501464747791743	-0.38131212190843444	-0.9340971418132524	0.9888529894084211	-0.06774644876281836	-0.12468552704109694	1.2820904768613375	-0.2713296608499578	0.9110256876690501	-0.0902531340913919	-1.2517323527030022	1.06646779952013	0.16051369425979603	-0.0025544352639664514	0.3085455719760227	-0.4134542993690625	-0.11774371932218597	-0.3875556143631979	0.8991462339894958	0.1252369127797412	0.04508823422731311	-0.3816817337260972	0.40828420030676216	0.1666608585341248	-0.12102551987872041	0.10233114972230344	0.5049166019136797	-0.6168860204878072	-0.2390369803117381	-0.27717891980970355	0.13955668932353102	-0.31387053256699404	0.2530291808407935
DTXSID9037749	-1.6854319205310333	-2.700063909098867	1.6230459604081038	1.7427029738957194	-1.5895242004460803	1.109735850447265	0.18660065819846394	-1.2316717922964708	-1.2495702048160648	0.10751196870467197	0.3695540659369735	-1.4440931677260207	0.13668628712804506	-0.6830353125464287	0.35910899537443675	0.2752032460550332	0.8484832798299597	1.5345903759222546	0.006920290156767164	-1.1224357677772907	0.5887776984435166	-0.38012288142758976	-0.4460933269306327	0.19121160820421557	-0.44008619811745797	0.24200109319310523	-0.236345913890328	0.3369068711969214	-0.12111382837249308	0.8797659855391212	-0.37047700858657795	-0.5093935133638811	-0.4380235951714375	-0.617231265503699	-0.325268131119175	-0.16975134589453372	0.16009881963350187	0.7418356835043554	-0.14044070723380758	0.10250393982034302	0.6245308327694312	0.2816364000800712	-0.436667681223959	0.20884588089490824	-0.025202047101382307	-0.19887109071790843	0.7063582740402162	-0.34993501504512314	0.4010025424690009	0.8478061272022851	-0.8555314363422256	-0.7390421012579044	0.5493760273628154	1.014489657661339	0.7627755732865324	0.515325786219983	-0.520382979475487	0.5014728707699541	0.27500729370376353	0.16652533685989876	-0.7799178626137961	0.30902938184461004	0.7858683012187349	-0.21256619575064847	0.22986087323795143	-0.5535339427404801	0.41374821199032913	-0.3080787359460431	-0.1444296796103996	0.7571316320206205	0.25447780347244764	0.234253342656115	-0.12228775118463124	0.42856756805131246	0.37749821778560455	0.04481507237551597	0.0027642751755704922	0.5359259389141573	0.5181369100532511	0.6390025758642944	-0.28763671187673323	-0.04822487854949413	-0.30878799929242956	0.1303273264422244	-0.2786032831440328	0.04422042341141687	0.03603393573781434	0.04571922385413953	-0.08501970444755673	0.36249907337375137	0.29886153694560647	0.0511558328874121	-0.11532923399308447	0.27113989592533766	-0.0704973850560799	-0.025528337495676852	-0.3828698673716321	-0.43435713189068303	0.07278194899064523	0.20375732411200695
DTXSID7048291	10.145736554547339	-4.362718926021356	2.87241725327808	-0.5621664875471463	1.1809105648250602	-2.2832885120136184	-5.149124621078068	-1.7650247115877773	-3.67557917349003	0.39742650420941855	-0.8878836026504576	-4.992981468797156	0.7836022919360851	4.976411957859611	-1.3056518809951285	-2.336308596604337	-1.4488789284615864	1.2096050147702728	-1.115025843358224	-0.009069271394916359	1.2741081491225563	-1.3808584774235633	-0.44025479697242564	2.6422775469182445	-1.1417246868512594	-0.18706182458644566	-0.42412004000001874	4.185666491204962	3.2427457677259666	1.2607691149484541	1.2536943371696918	1.578830074876766	-1.570397876895065	1.5035838598996205	2.8129467387216667	-0.8784826765118107	6.879651094089122	-3.2519001169617545	-2.862254237186518	0.28241591538265487	-1.2780094839575198	-2.0761519139762634	1.6898719648320122	3.4695023072139204	-2.3233598907934514	0.9044591844206921	-0.34121147678923486	-0.6339467063219523	0.345453628917556	-2.2936696167376383	3.0302595118344513	-1.125174512129066	-1.4436081928655915	1.4495106479808009	4.467449895781098	-2.275785733248275	1.9908267331709362	0.3818671128713631	1.3812124143105509	2.335119434599193	2.119182955269623	1.863782726392715	2.149173743734289	-0.47239155324179943	3.3781555483885044	-1.4274317367605212	-3.2803093944256134	-1.669931263307226	1.9354772700992593	-0.05070745618645269	-3.2985466536533736	2.9515252357753705	-1.6236739532695519	-3.957668850475605	0.09095602218075109	-0.8395450222050749	-1.8231069654145335	0.3135719283469496	0.42874518329617645	0.5648455732783897	0.09775630205082737	-0.23319254877671697	-0.08846281037926577	-1.3452574506153931	1.6814214978659403	-1.192746089662395	-1.2248010640459046	-0.4262773461127388	1.2356747697958061	-1.69129225368714	-1.0849895343705986	-0.11036141138931145	-1.782748346787452	-0.8630464880727202	-0.24384922438881837	0.18276549048307744	0.1351530590386109	0.6356057979483125	-1.049850140516435	-0.68622456478048
DTXSID5023372	1.6121404338140712	-2.808061944843696	-0.49446848007482114	2.5460565644955606	-3.3407225106266707	2.8776140121961244	2.2512110974701907	0.3672944873040734	6.208811492456764	1.4466142696564048	-3.872114394930169	-4.456253818124108	0.08732857759855969	-0.9710831582580385	1.4257580872943143	1.7121248739740746	0.27415462790643375	0.9685068654762713	-2.6891313771543963	2.1970400901240876	1.653304250988945	-0.6265797560099273	0.7080338471799198	1.1005648428826658	0.16338101687564605	1.3803013311848549	0.3287136481445966	0.579171785804286	-0.6125601215984914	0.7895273734948867	-0.2960624946091429	-0.9391026946717661	-0.746008980689543	0.518121557972832	-0.02978315700832934	0.1425165441625182	0.47955830149696255	0.8844835188175951	-0.3884685562523363	-0.31465739340294646	0.4223504355678004	0.6220248884298922	-0.3849603525778386	-0.601833718772872	-0.4325030598626479	0.29159667730986866	0.9695812545282061	-0.33624046225656457	-0.25492606323058153	0.45786051073050643	-0.7782582708331083	-0.8208123189766836	-0.948494526939625	0.6523949235651685	0.1011142377988341	1.028339866937661	-0.8852136950225027	-0.008174743271816559	0.7695148581527784	-0.9050120051057781	0.13643463167493747	-0.9325107183845711	0.5012932641982861	-0.4266441137137523	0.720684972157859	0.9295519103952594	0.5214567685887722	-0.8425410151640981	0.1381203020620578	-0.8570512574544944	0.5909928560436976	0.977291581725354	-1.5065712595354845	0.7479219474243074	-0.16429006674557667	-1.0272931921900794	0.049322941674701845	-0.23046142997069508	-0.47277754571602437	-2.2939590203678235	-0.056144607414298775	-0.9310197404910346	-0.20991944000217405	0.49439188743028223	0.8895030226463723	0.19935294335910758	-0.5773891068817502	0.9227473134016102	0.46541017799958617	-0.11040110554454748	0.13445336741354605	-0.37385861311002055	-0.2423896457008753	0.6687728100212949	-0.196411866724837	0.6246374084312589	0.11289752184534513	0.7906771735553438	-0.662723890347197	-0.6263564836506755
DTXSID0034227	0.9956684216322872	3.6109573258656043	-3.7371933748478545	0.10647416995946585	-1.0859949045802786	2.061001804879039	4.461327600900885	0.2329031958768723	-1.415869906802329	-0.9474302642105745	0.5936490691290306	-1.2955819691648138	-0.38669112010464757	0.6599704906451171	-0.42898591685078924	3.345811718534291	-1.3512004768748223	-2.270994573825032	0.7281302461040657	-0.7924987590094533	-4.240418076712093	2.3436580638367728	-0.26154402794248416	3.082353405880894	-0.6544379544842507	-0.12216645609638481	-1.546511091248173	0.9283818350753326	-3.0207029477739775	-0.908410913034867	0.709600049160633	2.6170669715915715	0.265563258853917	-0.8048866323371768	-1.584086693124523	1.1126183069367273	0.8104058662035274	0.2864181402818769	0.010082782320650166	-0.5735136860708197	-0.09014378688522025	-1.7688038528432406	-0.7555779958965354	0.5509079091983282	1.619700128148905	0.8078164140089591	0.25848567501708614	-0.629445799024229	0.6224069388316321	-0.944847133128421	-1.2409641847014417	0.4802957416157158	0.531292296886009	-0.1635914882557847	-0.9062118521117383	-0.4550495780942816	-1.007629678008878	-0.5975743367566945	-0.7463244917518875	0.7234137198159228	-0.8618688736273973	0.3373832294954203	0.13972514108240144	0.8859664074937874	1.381776176257854	1.1687491667246013	-0.36734039560540394	-0.9358124009237888	0.6641606523570188	1.6198379706248718	-0.47255367117752317	-1.6891116416315288	0.8433768358186123	-0.0575174856527029	-0.4839258044497557	0.8129173723186623	-0.5025097386057618	-1.506139203205312	1.115276128855701	-0.5940779650026551	0.004515618279008334	0.8475232510198281	0.5947259589070077	-0.3657786739989068	-0.998697081911361	0.35399076104945615	-1.0505790092824658	0.22693594066054387	-1.1778786848917406	0.22085661024846204	-0.6532795355395891	0.5349849570472295	0.7688624450136381	-0.06093151257183104	0.1695089114548379	0.5438617024299589	-0.06658690274912067	-0.2340510226392236	0.03730963324567107	-0.5149337291742425
DTXSID3027116	-3.020235846744257	-0.9470960722955388	2.635646879140989	-3.4175454638719227	0.34126801846022514	-0.0544597588663848	-1.339587001621204	-0.8541356601699899	-1.0349954095645475	0.9083589501559743	-1.74307336268319	0.27609974277059013	1.7296881827190942	-1.025255329286488	-1.1724506216391177	-0.5415881268526798	-1.1121855438444415	-0.16418391583737799	-1.1834513351448532	0.3755549719089056	0.05229170205959249	-0.5552709132944451	0.21106318444931482	-0.4697780900115436	-1.1819480640367832	-0.56328214384551	-0.02394715643960357	0.6590304924067034	-0.26502379186895136	0.1767829076870195	-0.0050006220733700936	0.08281631700999677	-0.790412302646027	-0.3341820149000056	0.7211358545697406	0.4897996371006658	0.33009960530175037	0.828960625288846	0.7927129060494077	-0.27487702101807965	0.6540074426937975	0.9777600553029228	-0.1748338864010022	-0.2474392034289496	0.12629805839050506	-0.30177344481891294	0.25410920102241463	-0.17494149753631916	1.198332217001257	0.5522957765006595	-0.1211879523338856	0.01187136242134907	-0.18437698008154307	0.8561445955559847	0.6899594498843625	-0.5875030344055028	0.8948819060270108	0.20151164460632393	-1.27212529456302	-1.0049748758857149	1.1281844152714933	0.34472266565824833	0.5782764175080802	0.3693676275361129	-0.4138457046821878	0.11889667839345525	-0.2671289226970409	-0.3388568170844796	0.19521147972127778	-0.14485820484632111	1.1733786698291633	0.6065822675817979	0.03728696638600428	0.47049714070775533	-0.33510210456958356	-0.41089084062184755	0.7912666345096117	-0.5311663021338414	-0.4919013558592236	-0.6682847584823677	-0.14273713415991007	-0.8335164213791593	-0.5976048047832645	-0.44794369355823943	0.43718335405168945	-0.19681634071167328	-0.04878909379953517	-0.35837192727953054	-0.2914790672112707	0.2932704053972372	0.7798628020716553	-0.2543049183490164	-0.19397488709802707	1.1576420767791276	-0.23143294002188328	-0.030059362436653067	-1.156839139027098	1.1679130322985458	-0.13698536748204157	1.0782107504587202
DTXSID6046925	9.091401515126345	3.067126341433162	-0.6693176962266625	-3.2882683064436518	4.0390015524372656	2.7429884149809816	4.408232689739162	1.0854605092166243	-1.3115835151354647	2.186961049563185	-1.3480965514720111	-0.473528765067939	0.4385051791604508	-0.45838505999246887	1.3069178826446357	4.537701008837411	0.17988867134304828	-7.477789607041043	1.1007697228663842	-0.1485203100849061	-4.210421736330673	2.7132350035687276	4.071757959640769	2.5278736401957578	-0.20350753857841286	-0.5982358327567976	3.0542981745711186	-3.2293114789328583	0.20655363618386255	0.26993173457112274	-1.1111893217919127	3.5076058296449197	-2.0427767824705643	-1.810680441123138	-4.318991328015591	-0.11996172398672561	2.348363621351955	-1.1171501901506322	2.741267893972279	0.40702608085325287	-0.45846971946463083	0.9195827989029969	0.4424138695260368	2.22411323183837	3.0137176425594694	0.832843975834222	0.4550450177204388	0.16788179371040363	0.8364853173243617	-2.721519241324459	-0.8593032918596043	0.9536943090111609	0.7884318612185874	4.699285235754946	-0.041652995557915753	2.3050662338008605	-0.2177698704878422	-1.5686898368693625	-2.7399309480242917	1.8556855777997132	-0.09826795075483488	-0.3320751563319079	0.8416095425312976	1.8524751531975066	-0.4620588054550795	1.0753347873235222	1.8361455706973733	-0.6489404003754051	-0.41266369630370653	2.209448196562255	0.7454159691137396	3.0233662110558077	-0.40275738282300394	-0.5192786663460257	-2.418429826861967	-0.3747271280508077	-0.08661910893244025	-1.5814636129718822	3.4191741906525475	0.3810508469056908	1.0449805738799243	0.8112669775299884	0.5245494888930714	-1.7954223338015534	-0.4773490181994746	1.0220033612544515	-0.2114599381101234	0.8252254743590783	-0.13105169157909866	1.1215869354571453	-0.1531209396182324	-0.39523114686496275	-0.27336315379289355	-0.8865310060988639	1.070718750696982	1.2784023304381675	-0.6530217726025684	-0.08394590174505781	-0.729067922165329	-0.5973513302697075
DTXSID8041901	0.8968982535661262	0.6009456332982206	-5.652047239519072	-1.4301557254001347	2.9016278286299806	-2.3408236565552345	-1.3970979481218269	-0.031141405104859028	0.8771745998519977	1.2134371393898882	1.4869586587028065	-0.1251973756732777	-2.3408628090383883	-0.9050464768602792	-4.192266244414953	-2.9987079831088783	-2.30065204285868	-2.1557455398914196	-1.8688275086100166	0.46315982804278816	-0.8529587528234469	-0.7790514253794952	1.6626624644938945	-0.913408249393954	-0.3367287698488724	-1.1746794264763072	-1.1993884760668485	0.7277181988477166	0.6999899434842176	3.7747709412573727	-0.5699627635724158	1.8095475922901412	0.031121105475492263	0.8300438191107271	-0.46637392724456816	0.28238060960120676	-0.3718400617158606	1.3723790144553443	-0.1612621856815157	-0.18233477614259427	1.9281273830146943	-0.7329751394221075	-1.3777452574216627	0.8106457190748357	-0.23091855664409924	1.0283156060508731	0.0426809924438589	-0.4211301952853095	0.40320307903911373	-0.31801020481209397	-0.14624402087619573	-0.4830514150794927	0.1373247400198918	0.2983099923326435	-0.7022988318633029	-0.24755901096514907	0.538444766291955	-1.5408118887337836	0.7694377337444406	-0.9168064155062813	-0.5000229874687119	-0.6533739722488131	0.8376626496213847	0.019116172605785985	-0.08795777572496084	0.03370244664543761	-0.5090538514986926	0.7987846388628336	-0.06727037619151814	-0.35909003601796596	-0.13557353859532487	-0.3008141606327107	-0.0622210130548552	-0.06811082259950545	0.1439219533387132	-0.04919922540244808	-0.13228619322134583	0.12121664469987815	-0.3433628561370614	-0.05405258920489336	0.18640928897329073	-0.027714161780864784	0.15202643868019688	0.28705340025734033	-0.5730585153660068	-0.5228217937893308	-0.3992854909954255	0.054228796380651	-0.4269298167050976	0.4656161793645498	0.20772078186205148	-0.1015509095501973	-0.3039952097007106	-0.09418991535299072	0.0456733159045197	-0.01967770089345059	-0.49410281852517207	-0.022296928677412536	0.4355740643093514	0.381764462832029
DTXSID3041827	-2.325913437518605	0.5260844740718921	-1.581983431314263	-0.901166252632605	-2.965353659975384	0.8922770619301474	-1.1327762521111604	-0.12173981926474986	-1.8698811675180134	0.9099921327542386	0.49796725498230454	-1.1858664505855445	0.04735006117360244	1.055927717150892	-0.19218559665588095	0.15043852631802354	1.0372652199705414	1.213613041976623	0.5783714065894711	-0.18067425349685493	1.236399748450448	-0.08638566467610187	0.17018435585378897	0.1538488511695807	-0.6620523210749065	-0.009376324379324895	0.7638858775164729	1.0698153285269498	-0.19654983944334634	0.6481482368396121	0.0622595046221928	-0.3978149036158387	0.14488923451547317	0.33416360845792165	-0.30945237744107773	-0.5826006776851166	0.29375054862877725	0.19562007420956637	0.6918189993829028	0.24050926410529952	0.12196498180251089	-0.15084236388886235	-0.5310800774191362	0.09768232268236837	0.23464418017028657	-0.6202634600110968	0.0032285810832143975	-0.6819019078869437	0.8213796182659076	0.1830001252550084	-0.9214778175834386	-0.5225243707486109	-0.28919933489333066	1.1309712683059636	-0.20888058258059164	0.45398215528286723	-0.41975393463660926	0.3097079076089492	0.34339128821869946	-0.5803754680215245	0.002640010665033426	-0.4597480815417528	-0.5897617678362164	-0.06065693000898113	-0.17120982348328803	0.27010035256682524	0.31997955942852185	-0.3055367825870173	0.4028943445630626	-0.13938961140851658	0.3226357007698583	0.1612336896120715	-0.5586610974259296	0.2697725149103083	0.5941682294814152	0.5014969041255978	0.22324694930003852	0.28739142370831666	0.13430282291622667	0.13461693593915244	0.2538381395549766	-0.28609320682648753	0.328484841320974	0.017830131668751435	0.3388768020365119	0.09531648233622543	-0.4998312137791407	-0.4596732259351847	0.0941610346107132	0.4861844412010983	0.03437550422986824	0.3900977214514808	0.16181141904719348	-0.11794072559501648	-0.3182053799462227	0.7156573143389168	-0.6150723421979851	-0.2524575866579394	-0.40953878400810706	0.3410696353665512
DTXSID1047312	1.8901373588656074	-5.371581513872029	-4.742760068581574	1.9899070014153035	-4.791326616767422	0.3722193631646628	-4.937712660121076	-2.012867109287576	0.41529817781948164	-3.689058377305627	-3.4561625380199636	8.56723253910126	-2.746451383275767	-0.07781060521702307	4.995731496753968	0.1514137944820892	-2.41016373840032	-4.768411660680692	-2.2760219747942663	-2.0186292578854195	-0.07011856848123564	0.9221615126721769	0.5781830612885015	-1.6870207005246836	-2.0310737665713954	-0.46924564637062255	1.8512991912246104	1.3955939538188191	-3.1945295521295156	0.2902578548004331	-0.9476176920211299	-0.7821150659245409	1.640711825928278	1.422167377843921	-0.060916091521947935	-1.3864773587336139	2.277433968498566	1.523002435346849	-1.108970931204351	0.41293360152948194	-1.4909503019786872	0.9474265473064718	-1.1471316787949717	0.7285979708381698	-0.6470061572278757	0.3659132735476676	1.9929761504343666	-1.3077982475247507	0.2433878712620967	0.7307031065377589	-0.33180241109653874	-0.17189942102368994	0.11097033518197684	-1.512228958650609	1.8683208205794561	1.8822582062995914	0.2568509845341456	0.15080456322370703	0.10104676982981739	-0.8101671467873174	0.7531797555108475	-0.5047498165694021	0.8595082556159903	0.13076560216668778	0.7597384986540783	2.015653498875144	0.6234278404387291	0.23467767603484946	-1.3574350207600099	-0.5939646149474663	-0.3817584104540933	-0.2916566477559185	0.8619386501925815	0.2753586256730307	0.06361635446391377	-0.5451350052069941	-0.1794728676207731	-0.17027849628710692	0.2148631527923397	-0.000871821527407073	0.6495928768184607	-0.05081548260916749	0.17369332292962028	-0.3708545658169474	-0.06478132547074637	0.17621768716734312	-0.2441113118427399	-0.9515409200871835	-0.4194443837171982	-0.22428548499560072	0.6820371676740214	-0.4020112188025918	0.533677926766243	-0.22295426228200135	0.3563667048159085	-0.30477380993344	-0.3538999661047842	0.14913607449406446	-0.0037642351245626405	0.09285491904179055
DTXSID6021953	0.5734848568585721	-1.0694143679363837	-2.3056892162263436	-1.04766126508895	1.0827453237199098	-1.1424676751275058	-0.6945758899264202	-0.0992966271866033	1.639556479543224	1.5257718324107825	1.5561347724967431	-0.9374325930366662	-0.4853124111804592	-0.10977240678089532	-1.052321407757422	-1.6124765236666097	-0.9304832255809758	-0.9011182754028135	-0.03595326728164591	-1.0500892578807248	-0.26029483565235256	-0.09094738483888476	0.04854367429337072	0.502800761075134	-0.14631824020107528	-1.167502487308488	-0.4821112625065937	0.8594544183341097	-0.25391243619120507	1.3715744586798053	0.025698925653536292	-0.1183474014110641	-0.1350767308183269	0.8054398691460396	0.787938013532033	0.4089330965662684	0.5972770434486685	0.7267442471301793	-0.44888069440517864	1.2584368636407832	-0.17816596265223023	0.5247209913027314	-0.6501012465783709	-0.3361675818477374	0.008351996474163228	0.2654433762583829	-0.964620864856468	-0.3630355836172505	-0.0645042215190984	-0.882660704715689	0.3625289720859025	0.15061361976592888	1.4022088185907036	-1.3837721005975039	-1.0530656726793002	0.6683186151916629	-1.1782330004930255	0.4128968659050558	-0.3188248761198765	-0.7073368162327416	-0.14590277764809945	-0.5522227022358157	-0.43760061459608296	0.5152701258663219	1.0666158054500816	-0.13393425280603974	1.399526504967209	0.25297632985631946	0.5118679347166707	0.797406128839938	-0.7662764419619386	0.3413256447898247	-0.1277098892061003	0.7958437519930337	-0.5544140507772662	0.21960846180895036	0.4924183576416374	-0.11324792319303403	0.12669885640836262	0.92921937492196	0.7940199084625098	-0.23290860422405485	-0.16878558892060308	-0.22798975878793593	0.5431441211475706	1.1630241779358381	-0.5275352167416814	-0.5688363118902022	0.6101655235062009	-0.09217463492705186	-0.2386293486319221	-0.2226350413026284	0.5367550527505386	0.4604074350710164	0.23534862154071487	-0.3934899673438609	-0.33650902385086884	0.37672903879139025	-0.21290290484651012	0.19296032150261816
DTXSID7044475	-3.4251931761215753	6.686457588279557	-1.3875508832649401	0.4511616255822638	-1.2325009894261918	0.21263740173512702	-0.17317400107869993	-0.69031390754629	0.450322944601904	-0.038885307214248356	0.49053566243990876	0.243464808754783	1.3258467814293067	0.5800340655911306	0.134950083938552	-0.35436301388613767	-0.10314579879787177	0.651503160046058	-0.3579768273794142	-0.16982717716727694	-0.21324316538085258	-0.5526221189072326	-0.5508816334758547	-0.1381865736231546	-0.5309170070487271	0.09258795709967811	1.2816317920450506	0.6138229554704637	0.2009678220740604	-0.07148125342142832	0.31358941575516464	-0.24551267999438509	0.19587560320228084	0.9490222584693713	0.2607423960015089	0.007482146247367299	0.37786303561231666	0.06703044636175498	-0.3583173122543745	1.4734964274344502	0.2266353863280292	0.48610657744505337	-0.07164617521129638	-0.2732924869411449	0.11015370675883916	-0.5984760210099938	-0.3452154432784393	-0.12647957754656153	-1.1039329381178562	-1.5985302187554342	-0.8208990405627667	0.44313235824160696	0.24884187259597296	-0.515047792303841	-0.7499600235708778	0.11845191564269696	0.7655974299000351	-1.109845932500409	-1.2179023527352888	0.0685197201161864	-0.45081288392032987	0.3480896188542003	0.43271119369071503	-0.057500653737644125	0.23032307689138992	-0.17094447204855973	-1.13752990224218	0.6054995708673712	-0.17443858700810105	0.11329810725965905	-0.6054761646814734	0.01617661374978827	0.36819253101973914	0.4103657371961113	0.7587917534434384	0.4223903354879133	-0.41296327951090805	1.1082787567343166	0.4673826275546146	-0.29333755138918105	-0.4120833084100542	-0.784635894451948	0.2726786112071003	0.0726738152405328	0.1506428342146986	-0.5511866430944993	-0.14276777448385083	0.14267640830205267	0.2283425595040085	0.13487620129641525	0.8396343661172742	-0.06958291434015156	0.03807999338163409	-0.5133575233349847	-0.23786751246252047	0.3116381510934611	0.3309344828889459	-0.12867664651998745	-0.24349404821810192	0.041076933130625194
DTXSID8047347	8.086627729272172	-4.051588492866086	-0.36840428136886294	-0.7260071826392016	1.2700256904162248	2.417898105113069	2.177131371519822	3.5283377317785196	0.6591478121750092	-0.6408496787693004	1.2072390323073936	-1.4882218573394246	2.2000833437783203	-0.4317606119671773	0.3624665443095125	-2.1721233638563575	1.244559608306414	-1.0357140189795937	-0.5207905320295515	-2.626033963883137	0.9506473964833839	-1.9438111713728983	0.23063732449490784	-0.20816424031520556	1.5022761967099412	0.7103372264210714	1.8421417213014262	0.19787795579566478	-1.515970168109375	0.9941721998192815	-0.46690066315005546	0.012347605550742182	1.9479721390177107	0.5418244204220579	-0.17159512160179569	-1.4775306217974227	1.4535901787820162	-0.7069890061246435	0.7724516200287563	-0.5398984010851875	0.10759454940067767	-0.5261461827476266	0.0006903202471866075	-0.5363739109724279	0.5438075489587906	0.46580109579885565	0.268136866177613	-0.4882183891486859	-0.20533366940833486	-1.435241501131562	0.9476152356003534	-1.418870045716193	-1.1240857314115082	1.1125626710837226	-2.778383420766398	-0.07891901913540443	-1.0365525965002238	-1.30621689634834	1.627167511401007	-1.4036777550800603	-0.10042450310749462	-1.2680861000539947	-1.6229454041590692	-0.4545712721760441	0.7350491298810864	-0.826332179921681	-1.8041327889824887	1.0305930733754352	-0.8049036498371536	1.272634929588891	1.070277752151282	0.5684825761495343	-0.686675193963077	0.35183284663691794	-0.7904618203869095	0.2975743096319114	0.7979650306475419	-0.464887647825872	0.9426439959360617	0.6749538951857139	0.8500805107177023	0.8890713817799933	-1.0815492164749552	0.1930644101855222	0.45395948464758923	-0.5841626376988256	0.5651844114880268	-0.7005588294173694	0.16047496371539213	-1.0191764922474713	0.9923592011965112	0.09874319588576136	-0.42886832147941206	-0.546663753584306	-1.3320679977516963	-0.6754108915556982	0.46880691935475666	0.2843459576440068	-0.6221347253194848	0.6196266331905252
DTXSID5046693	5.980637011556828	-5.006730885986591	-0.2323645872333343	0.35665588848205587	2.536387062050106	2.4462366381694998	1.6568617434495903	1.5016504100586103	1.5755628375206376	0.48562415139843895	4.317426687903916	-0.3565430236115486	1.4255470372630985	0.7281103197056826	1.7861204168217317	-0.7084735456510894	3.6867365524303795	-2.7496448156568665	0.08011207429602286	-3.7238538553362255	0.5400535731671353	-1.6854923550217744	0.8811310456402971	0.31761455176811426	0.6687866852168952	0.9133868119304911	0.572285086949666	-1.6695917086288903	-1.0312349856442669	0.8661707506984414	1.0013588900705208	0.7447935455189438	0.8381008783026215	0.6313863708907823	1.0502129033276173	-0.8279158206088867	0.11643298798712357	-0.812543903014312	0.424803640056246	-0.6751446839215166	1.8004184906385763	1.2388455956905144	-0.11235692984353671	0.3256774402841503	0.9065692305991172	0.6137961493142795	0.3875674681226109	-0.38125439123137017	-1.7541533443489983	-1.442072373040365	1.1914760922491268	-1.3969472522612172	-1.2606842200543757	1.6986248579393206	-0.7900874049111896	-0.6858796828556115	0.308192275977674	1.3318551212282244	0.8754281176178171	-1.6400527501181172	-0.714003972721934	1.2001369490555847	-1.8375804302600705	1.1431032536457029	0.40780707058903043	-0.26425582709944667	-0.8112645798378637	1.0427896977337534	-1.6333933957103863	0.09623824849337938	-1.0376530521761251	0.837079680721626	-0.1893876595920033	-0.6319448553897711	-1.5839366640198027	1.5962005720402241	0.7179028238812221	-0.1311987954530414	-0.03549687595455944	0.0538669489733294	0.5935996824415034	0.6819170281860658	-0.20544220914508093	0.3217819139271941	-0.18455429383186928	-0.6984402711738954	0.1762857566856003	0.6501654234597681	-0.6819612527089147	-0.4284119795726165	0.4198684708448766	-0.29105409793951786	0.2421658433410647	-0.15642818725245464	-0.2603392417138755	-0.4838854112696108	0.47271744631323837	0.04968639433436892	0.10977352612413296	0.571683379195573
DTXSID8048606	3.7404058219404224	-6.311725257092628	-1.7057258021053414	7.201131766972625	4.0338153490262725	0.6367090239637583	-4.7402370665660145	-0.7290795923405333	-1.7200898457895153	-4.778303700196112	-0.23167884437207076	-4.901419478354436	3.5014346011942146	4.418819503136312	0.13124244211788536	1.2080249737836115	-1.0367316032194311	-1.478839784826696	6.240221120203296	3.446890208509675	1.7555149722971095	0.32161707475218754	1.312698589378691	0.7602108424696671	0.4692339482149805	-0.7251178445396445	1.1207108918768351	7.8401950179715145	5.247324694657369	-3.250374538631956	1.1330278812895471	0.2323352944632196	-7.668588701990731	5.692128014769184	5.427406201216471	2.7621730377281306	12.405938584855766	-3.2933214666118	-4.921585079259898	-2.916150964104381	-1.2077346169399172	-3.9770273301488395	0.40817221522925085	9.364060141252468	-2.055369862362135	1.3349212435244853	-1.1101301452356913	1.5912074730049208	3.59215652611913	-2.548932361654604	2.8336608575830273	-0.0445160216574931	-4.652776232139746	6.8998455845791735	6.661660879349218	-1.4914844410972528	1.5315723433371644	-4.3301113438644245	-1.0358719851404197	-0.4537649288355747	-0.32127029394980633	2.739815878306121	2.306027377223531	-3.2850403125628627	4.204366040525891	-0.4134827084524482	1.2130446632200578	-2.4987237706467322	-3.5209343964078	2.9567130189841246	-0.12602723162926843	0.3968136778965003	-0.1231029824308202	0.7341788086766803	-0.4100162187260441	-0.3445578361613419	2.7261112707143504	-3.2674024419087435	-0.15243849648676594	2.881631092895602	-1.5010710598657468	-3.3313716109933824	-0.405271786911938	-2.0578136274138576	1.345589487506072	2.2366745635198697	-1.7965350337507549	-1.1849296832362861	-0.41127139520478745	0.7168844166572488	1.4648946922430102	0.520646046785845	-0.9122274669426708	0.18911587114800485	-1.8023591779703516	1.8037710087570133	1.228432740674232	-1.5719017248876372	1.5096912438930419	0.38459829786984356
DTXSID8022086	-4.596090859175166	-0.8122973857739126	-2.4942459398959	5.394979663487133	-3.000527068796612	2.2977986620865725	-0.014608328402015935	-0.08354394400464099	5.678039252046407	1.0595683787988541	-5.2136942840791365	-2.5735439567429945	-0.2054675746047506	0.09492688326499013	1.542304658815512	1.271225575184813	0.514991351262924	0.5191728851810106	-2.6327437160255274	0.045858172162144946	-0.27429747476276106	0.6459899573468343	0.4825488228308793	-0.24196695611044663	-1.4259261856333594	-1.085822933737621	0.23806430911226367	-0.5222926361017217	-1.7738699887571119	0.4206833250748015	-0.35045388139402095	-0.8006325213099494	1.5561777227598155	0.208681502690544	0.05353492187780812	-1.9448568093130056	1.5836816489928178	0.6376817282811371	-0.21160144648025445	-1.0337458676328644	-0.15985621499722127	0.7879410276814003	-1.3017086682808883	1.3222547913861664	-1.7865151820610203	-0.6572367510099354	2.7037125732485103	-0.20859529475188743	0.12015447392947533	0.9698483532736805	1.0236204713191028	2.73343642464573	-1.5264938560151664	-1.2645911570089734	2.3531459056811133	1.605249743470288	1.131319006802871	-0.6100035292400924	-0.7646741139033766	-1.2354745708057777	1.5638681515341082	-1.9471245119411	-1.41852468707434	0.2805086088541626	0.30989399789491845	0.5667975812282412	0.5091142173615865	-0.4937284055389538	-0.4592362847336126	-1.1428629457251058	-0.1958927622369827	0.09426980118675947	-0.11776551499300202	0.7249309753692549	0.19200372604183433	0.5898285822477037	-0.34446390593082893	-0.3847303176183721	0.140924893866829	-0.3846843211111226	0.5764548236105876	0.5964058246720124	0.06379188851556176	-0.5237745848211808	-0.34997444341365086	-0.13975498099001296	0.5318227327111764	-0.016983008796628576	0.3052793307969651	-0.4945244382188048	0.00793354519587664	0.3081505091855852	0.03840614444792401	0.13393357579524962	-0.10086844626376694	-0.17835673758890652	-0.09489327539948059	-0.05364298907183478	0.09065589265266388	0.33334736793795444
DTXSID3021192	1.6935635965826272	-1.6411805492744957	1.7699116481421666	-3.221114359249893	1.0708402732917375	2.0830016381268375	1.3745245648475461	1.7075146753288475	-0.5367995097422448	1.4294168104579574	-1.2495343578169154	0.3651398316083323	3.1266401802928074	-0.06427535443068948	0.3681927997468735	-1.1438338344055363	0.056559248426821584	-1.189234086490079	-0.300519223787532	-1.2176423205436553	0.9666069603558444	-2.1628471115069874	0.38526523869135265	0.5075626620309708	-1.3302315995332077	0.41146300638041305	0.3198030607389333	-1.8401666413127669	-0.9913652520279561	0.530623285447993	0.0146999531341806	-0.04255324729411589	-2.525540057664791	-0.23561185384141667	-0.6711646736616289	-2.0791674839746914	0.6036237638296776	0.16233656134452615	0.9170600312006519	-0.5536762141493149	1.0169246033926038	1.0110841212230262	-0.22942684703523547	0.10529171946730675	1.3813278035588477	1.062727680294906	0.8572509385679297	1.6419035437959066	-1.3216380710267346	0.23165138764478357	0.6872612307645106	-0.4864820757024012	0.41894754786068744	2.3860637692114626	0.7808655267718722	1.6178388350917305	-1.1765358574747202	-0.6678442735611895	2.659893269132037	0.15171763311212247	-1.7136843278088325	1.0897232874163907	0.9441877189729482	-1.1387746944799289	2.5338951603354434	-0.3928765745877929	-2.1660884948555887	-0.6399552416026361	-1.4907645240112488	0.37239507804999933	1.0422800583653085	0.16579134864314304	-0.2028237695946564	1.260572601745579	-1.679202448933693	-0.35945373916804435	0.2389844581117817	0.3666464958629695	1.2996685218261925	0.9872188210781176	-0.2889139494347634	1.8543021106824147	1.0502038937064337	-0.9370332088414918	0.25207669429110424	0.8842994360565916	-0.030381636291962284	0.30025127694837	0.7602838344816825	-0.04352234476388512	0.4633741313433879	-0.9614298351748326	0.5092905760913018	-0.09521568507400754	0.03167612827668368	-0.4687265130426679	-0.26284360915341815	-0.4365728126976755	-0.7749205362341702	-0.4693878236550598
DTXSID1048885	-1.8928838106711716	-0.40174546117657184	0.12403153376049844	0.48366067377400057	1.014587354367637	1.120564408247608	-0.4086018915310835	2.3870381676471952	1.1944437335525548	0.8056588537356575	3.3702765281290965	1.5697222814054863	-1.2186699247275685	1.4499913385192194	0.8024806426946807	-0.4060366337678075	1.45017669861086	-1.5816515239283335	0.9367871221585894	-1.325081183242881	-0.32467098224656554	-0.23510617129146122	0.15170794112625438	0.6390458875961985	0.4414387567099562	0.612245093838803	-0.10751218027899972	-1.660287920313316	-0.2685857257968769	-1.3172834225931367	1.6295480480738476	0.9260794222680736	-0.1671500362051787	-0.8260097665933881	0.7652453949758502	0.19417258493404296	-0.21128805551718663	-0.6330188950444636	-1.0454788709229261	0.15308269676181901	0.35009589118074375	-0.05332318276537993	-0.09434972549758147	1.8356737233463865	0.2493757971382805	-0.3635830764194423	-0.1497472335507656	-1.5020128462659421	-1.23659937947638	0.07308676000989323	-0.17907924621772747	-0.36667244390832526	-1.460394840787555	-0.3225899630302721	-0.013555915635057642	-0.8894315953609536	0.49832181150830906	-0.19564722374429003	0.24611276174272773	-0.5579762786286853	-0.3535544620887083	0.1291697252394517	-0.22111539480785694	1.3105991287730652	-0.08761043649536997	-0.15047656063481496	0.10251931926964263	0.3641168409925817	0.5475229579835081	-0.9288348870568002	-0.3395380147064807	-0.4704645559601973	0.21041656752824836	0.38483072381108646	-0.43660578891486557	1.0339284211110453	0.4719127946173378	-0.8180854359734249	-0.4391315505897936	0.21727905001531758	0.6419035282530267	0.1968285136758875	-0.28349651385777647	-0.5066661957215387	0.23667669992975274	-0.3336958206227366	0.16640698822714833	0.6819824292658292	-0.49803552742039153	-0.5324260249772723	-0.3187254818898146	-0.11148423344160861	0.47917448304003774	-0.059492563062181016	-0.8032836601086875	-0.16104395672726174	0.2902590990700097	0.5183685689933487	-0.9498440742355341	0.27747124371483417
DTXSID1048596	5.840434803880647	-7.565893864512006	7.238714362751681	3.70665271996691	0.8589557630876131	-4.6687487065687785	2.260218313834064	-0.7147494858201142	-1.1408848715579518	-4.8165116744613465	0.5266681836634827	-3.2012725188627997	0.01877648430969321	1.11836184890011	-1.2325385859889157	1.3117233479733525	1.062284286242333	-0.8487916123752697	1.8578449955039293	1.2619904448987769	1.9699391029232205	-0.8734232965717754	1.8671894743412412	-0.9454577224187171	0.04088207234712178	0.19870911841756872	-2.073156311678893	2.536536177393306	1.99984328172562	-1.0733415825753112	-0.26846048985601156	0.4768703352725513	-2.2744087805186677	3.4296478123882927	0.974581467709677	1.729913054866834	7.05214353407542	-2.354021170970304	-3.1056403306766316	-2.6773814650684695	-1.3224662579928235	-2.0390085459988043	1.254223805152985	2.727989082038829	-2.5308941748589944	1.8981392422673276	-0.5505256789539626	3.0366673984808377	0.24122261931918487	-1.6144081582041845	2.266890857530861	0.936849242481802	-0.7017911500109391	0.37529316786376254	2.863858108434247	-1.1682617323035276	0.9162197269990634	-1.9943155555993561	2.9606178667682217	1.292636277699328	-0.31932515995194694	1.684472655252497	0.922597279028419	-1.1158988008254382	-0.40837439242207335	-0.4886386169214935	-0.6288663621695212	0.7963636268107631	-1.6247923400349054	1.1424222138276712	-1.9131205442827237	-0.14996461078147008	-2.045277965983296	-0.1168054825241389	0.8041955379790107	0.5666822878708652	-1.9305316541828423	-0.11615932053760583	0.7412666793370821	1.4347224663167597	-0.07985060048107853	1.0520621428363819	0.11287078590101103	0.42815794421361486	-0.6675348096367196	0.21282965092179879	0.18126225444504884	-1.295878608492547	2.097177091650022	1.3698397105593736	0.40956119124168616	0.7243229918008792	-0.7215590192555036	-0.32920446440277196	0.26033482930220897	1.1705184417288905	1.2968626483329462	-0.35070770020791364	-0.10117684695593333	0.6084801216681797
DTXSID2021028	-7.433309892246174	2.828521269898157	-3.0982904882925655	0.933392960111067	0.10722197947078375	-0.24844554934653243	1.6404352430253593	0.06957451043002817	0.977500581958417	-0.4721942363914704	-0.2398719073771871	0.6727378185409847	1.0040693674291106	0.21557760555083325	-0.26477257090469913	-0.21142399228717326	-0.43864625503162563	-0.581363769737883	-0.011314143058350434	-0.13068612053381476	-0.3221495418278802	-0.535771146807535	-0.20701268403957584	-0.1536725507163349	-0.3028055392760422	0.17612813359477197	0.08263382415100323	-0.07289860157021569	0.07122679994790931	-0.6510988195075561	0.8648253717779063	0.6349426812201338	0.030033713044109855	0.8776905342556779	-0.11508400246196973	0.22656550564354905	0.2337371966883905	0.666769824045938	-0.2701218179891712	-0.25481032759958444	-0.20603732315604498	0.27670821872667223	-0.00037858232731310086	-0.8179149518272193	0.30189398504575804	0.1205869222741314	-0.2919863417695177	0.6379677654347083	-0.5053911388672588	-0.43696350074076734	0.39327897711378845	-0.25305088899839384	0.052220680894269664	-0.607000132201923	-0.47290926217480334	0.030727406049264733	-0.3473104623150766	-0.49534303395924467	-0.12047935235163548	-0.12146263757871364	-0.05358853036849847	-0.4366345146183981	-0.41570829925079844	-0.19763190070095663	0.614938328282903	-0.3330278677506662	-0.10322936950401242	0.45305692106076173	-0.37089477651919195	0.9528299223142787	-1.1831541445015608	0.27794380266249413	-0.10509110126764847	0.16659476604594212	0.37665359751034605	0.03991180864796449	0.036119965061029345	0.7921494225079885	-1.1058053611481917	-0.08680042036195146	-0.18251191528698302	-0.406191806727486	0.37002980144667885	0.23609843945483103	-0.2206944702642783	-0.18325378224321576	0.20586670162206788	-0.04286352960333762	-0.3140503367150965	-0.163043240114299	0.5136084933662504	0.5195869028081784	-0.6284552837536098	0.0682230703670154	-0.508878951653886	-0.29587621846032086	-0.2988091954916232	-0.4574465459492859	-0.43427762484054927	0.22101150777626918
DTXSID4044909	-4.499511183737857	0.32936001375020313	-0.38325850913186865	-0.8427324692057577	0.6145175688765283	0.02057050364193628	-0.011730523316739265	-0.4475944499402479	0.19571438475468683	0.8293076964129632	0.17276001051076706	0.12597229997154072	1.6361967012280072	-0.3079419829143975	-0.8590938622745896	-1.0315106420760731	-0.4279805498725295	-0.9937986207190077	0.30637443353573196	-0.5932037647700495	-0.48352044788335513	0.3040765617752036	0.04820117428482706	0.38264197597810146	-0.07441784312112683	-0.285647528877231	-0.33977293391849545	0.6250716761362743	-0.22487630097689057	-0.04138848635795234	-0.7198457872573537	0.39087930826233164	-1.032946599001406	0.7340660922618942	0.8545967948626088	0.49561331181949414	-0.16142464568421602	0.8497277484656862	-0.24518736118557471	-0.07695925985166285	0.5348466898839469	0.6598219580266269	-0.6301998926008207	-0.3790480066041093	0.433467758085315	0.22236567530168885	-0.30644417934327356	0.24631277958854678	-0.0590955938002467	0.39891579526619353	0.3120671444540967	-0.08824931850949129	0.4463597482297369	-0.014324650328375444	0.025078873142281348	-0.3822020390524895	-0.011658485797517933	0.08165201024691195	-0.7856551917493392	-0.7523503229803599	0.037389585980357035	-0.6226538350507743	0.09817244463361434	0.4907350474969722	-0.3614102375375211	0.5784172797603632	0.749020003562234	-0.26832236204397497	-0.267605660291755	-0.07936443270669018	0.24678773852594812	-0.07508549869417841	0.2525784205543255	0.3963409257156143	0.22486031437115897	0.13279638045075653	1.103304790220682	-0.21004022174453799	-0.2607321228155089	0.19847012424935392	-0.061193152180942026	0.0015878152256247522	-0.5621559970977108	-0.48360891998218924	0.1277375559251004	-0.352715194323377	-0.39129655791940177	0.09583126974256584	-0.22917569872055318	-0.04332965835639525	-0.0006466188618698229	-0.4774135528008916	-0.37799030472869716	0.5832150005845953	-0.25740808374967883	0.01891349897671975	-0.6880483100065168	0.14008494936022783	-0.2706003671734238	0.0678391301987865
DTXSID8020915	-3.5868058247898302	-0.7823968933932928	2.476046476189226	1.1470641774674817	0.5787933240277617	0.3287471677365152	-0.014380469578981436	-1.6639398400712901	-0.13909196182871716	-2.6969784739072056	-2.0658630412693695	-2.2551595272407217	2.500277060449514	3.971635242437146	-0.39389406389244846	-1.841736710633696	-1.1201357665851372	-0.32401491020285716	2.042450802367122	0.6357063384214938	0.09257656891017729	0.039296394883721504	0.5515188588648126	-1.0528070200001556	-0.15549771377052643	-0.01710547929132299	-0.20304503379771288	0.40611717779182177	-0.3684997650950233	-0.5708418105568057	0.5732715632849319	-0.17835976301017503	-0.9382786505391911	-0.2829475179670532	-0.536267623240146	1.024126278679167	0.5426215003572047	2.3259756248840855	-0.7917908327611143	0.21412566006546677	0.39628672676587073	-0.0799165390000478	-0.9536178204699758	-1.09220080568914	0.08125082928570028	-0.4610827768793165	-0.2776362267824381	-1.1030775561851929	0.18473540703583893	0.4683118187344275	-1.0012722252947428	-1.4910492510249747	-0.40348382247699827	-0.07973543706493527	-0.33898386319544094	0.307712536070243	0.34082203854500515	-0.3752321462222206	-0.7169851852991906	-0.43597308040050936	0.15525209969503365	-0.9201539626892871	1.03286303032371	0.9084871452312833	-0.4344709245315847	0.8737869138549393	0.3564803308633066	-0.32240990780029855	0.396917839284974	-0.6429664370469702	-0.05958354517653875	-0.0828662307161118	-0.34049056593572496	-0.2216893511351667	-0.031209601266911906	0.42645383238665435	1.015955211874495	-0.5767513904937993	-0.01772837687870767	-0.0720430374311276	-0.02402206325756467	-0.024094545513267562	0.3793585785287099	-0.4625893438508794	0.0001393373650466896	0.30750817236244155	0.24321730857651666	0.08842940048125421	-0.19494959077334412	-0.34538431476433396	-0.19704592982648325	-0.137046749149225	0.4328507342102315	-0.03684973668588685	0.3462687942737319	-0.049383406425889495	0.06361171073818879	0.20843647484505526	0.1848238435089864	0.0757817840776806
DTXSID3047471	-8.730426023052267	3.2373016931551097	-2.0128183517939604	1.7369206183075006	0.09559994215870372	-0.6873760826129905	0.6518904719622403	-0.4972493242266392	-0.26507685152054417	-0.22145233071174994	-0.42635325269331303	1.088850159043199	1.0361077758739585	0.2075308980362693	-0.25846355182685127	-0.4871339418772248	-0.4052213824895233	0.0375755533778267	0.5561976468745553	-0.34371278048232884	-0.48426908085295345	0.4729036174838078	0.19992299759519228	0.38017067831640394	-0.6490926799350466	0.5964595897396805	-0.40968667872393605	-0.7941652166200067	0.1265929061983291	-0.07438387700447513	0.9917519344145914	0.2832844126163076	-0.2780394956190268	0.019098648986439485	0.29236916220592885	0.016454427487353738	0.5771326464324718	0.2887715452596788	0.030741214612851564	-1.0428267384377614	0.03960784687819654	0.07033166256420877	-0.08641688621895532	-0.12515387252075405	0.47198147731379814	0.1316265269095964	0.3681728491818295	0.7623984127860626	0.0647400899274482	-0.24357005077940302	-0.12865887322019878	-0.008610200036690201	-0.09295527443237804	-0.8527070954849523	-0.8636937549896756	-0.503676688007823	-0.6348589717352578	-0.38147598453578135	-0.4809283469316232	0.18940743538682497	-0.2435748002292097	0.032578984187693935	-0.26872865351722974	0.2598522011410032	-0.4170185170678904	-0.41528343437118675	-0.1246622774840976	0.11114792844626079	0.5479484709894133	0.8042004575900793	-0.11810505684093044	0.14491966265969508	0.7054984429654098	0.24440064152455168	0.02358226224033228	-0.03815466742084121	0.48034886731562687	0.04020271251677927	-0.6175529042022683	-0.002238896925272549	0.052004087960263984	-0.28507820240553844	0.1837247975617286	-0.04082345851102744	-0.04623199606762353	-0.36615496246165113	0.2891213837768105	-0.5834529634998654	-0.35565627243295955	0.1795632720213818	-0.8522477832252597	-0.2511625198307779	-0.05544841243819534	0.30402899491613294	-0.17738976782099924	0.29092552499228613	0.3817565575289976	-0.26609517009452055	-0.5952858403772139	0.4044399802889578
DTXSID3045306	14.418466467139488	8.004279103488837	-2.3138856870430353	6.111624449139176	-3.6881289935629256	-1.8258641514336365	-5.390499821484296	-1.898731639726558	0.9873582505971392	-0.7914207171643939	0.34191464688341383	1.3312294144905836	4.71414216642977	-0.1770961822431305	-3.9353535486141724	1.275359074231596	1.3431567245158689	-0.2726587705014021	-1.1264698756240967	-0.6317678648245126	-1.2972379866622792	0.45219312362354613	0.5032449565583954	-0.18864640101661528	1.5744067796802348	2.676369330801713	0.7391143460053331	2.3820093793517683	0.0544842990421457	1.4901587382513652	-0.08235252299328072	-0.03489074254394093	-1.9215945593797485	-0.028715695133407597	0.9864356371694601	3.233645364870263	-0.929355981266203	-0.8583491785217884	1.2149136165867431	-0.7488637239855269	-0.3919492570443251	0.26627999662097773	0.9062761441983663	-0.8773922233228144	2.1462133300904656	0.4060423694532637	0.2277013913418525	-2.2233472963765353	2.0450141987258004	0.515181741492224	2.7758911703436806	0.06296373671438203	-0.09320088925834975	-0.22928561127935612	0.5896891271412462	2.082715327057882	-2.0266614352504217	2.298653551688211	-0.1085571923970842	-2.0251539934494582	0.7350961057334966	-0.017747292535932907	0.9899900550643543	-0.9151838112395602	-0.7149012310794042	-0.3372853564452389	-0.5934899311409465	0.6873488139853281	0.3817268909948966	-1.2088361966459062	-0.4728564430018662	0.3135677244971923	-0.3795581957333043	1.0417317352898225	0.9669394428726337	1.5276793805819988	-2.9682556308547627	2.8464380397738163	0.7014036845533781	-0.7880404065793092	2.084133554893712	1.9568506360208036	0.3971607883933469	0.45488455949956885	-0.19970755938905504	0.488682262246037	2.029210248864318	0.4063501761331826	0.6402920993945087	-0.5622923047670149	-1.0459185879167756	0.0905967962453552	0.015458892781085604	-0.03453777205185811	0.5937102721870308	-1.057544308383191	0.20367444932189258	0.23879096063565414	-0.7425219837265783	-0.30656128625429024
DTXSID8023004	7.632221833704836	6.553848306294882	3.300957889107675	-0.6877028836706041	-0.16568927778009632	-0.2525648751841534	-0.613723909113767	-0.13072124263693735	0.6097215891278631	-0.14553481579524982	2.0329697289672763	-0.9804726389486971	-2.6062237722143147	-0.0649195214128731	1.2603691800815395	-1.1888079192830867	0.5321698139809589	0.16700252298380935	0.4289931404527609	0.6021616431464436	0.2956854879717841	0.444616465996663	-0.4522194390945977	0.34300900808651674	0.2435546624314076	-0.600204788693921	0.26890980533544545	0.5300517248707785	-0.17595938763980312	-0.8805580271450802	-1.0525858962400725	-1.0644292155823982	0.8770740637559943	0.2955776439758395	-0.3965571765935396	-0.8294657691872461	-0.21580377714675908	0.03214589884796426	0.09581254391181902	0.8227208127707211	-0.054827683361429215	-0.7980446037611719	-0.41947791770290466	0.33356174419288936	0.23935877026872548	-0.6594730964398857	-0.9070682916632651	-1.0790900920119293	0.3479066327014134	1.3209813883576125	-0.4026384565240995	-0.22603838333826304	-0.29354994934362766	0.40253975124269076	0.4012470539756938	1.8883605839951603	-0.18987165561322836	-0.6314583537035025	0.47905235694413045	0.023175339254703105	0.19771259866192537	0.3462538165146401	-0.5805444487888104	-0.5308702288677913	-0.5887538138519377	-0.18251534582953804	-0.6989614547317122	-0.3347815790391929	-1.1409054272565424	0.4494675416826502	-0.6238007769900521	0.1322885568174943	0.041602610273679896	0.1651072151228361	-0.6745628634653492	-0.1248489675510707	-0.32926398142670205	0.7058413690752452	-0.32263722841649195	-0.11834042839432825	0.7427516895882066	0.001998144683962045	-0.0656085359979127	0.0726956686112614	-0.2589753570771987	0.7867315419914508	-0.025516818729079294	0.5163464473218238	-0.3554548956348811	-0.06315783160882146	-0.14108425901038582	0.12007729700676668	-0.41042770414998114	0.33343079614362736	0.16212628824719413	-0.791307694736213	0.20362754319196433	0.1983468777122979	0.21781036424166952	-0.37863653313369655
DTXSID4024018	-3.5726429415079846	-1.9745475486210413	-1.250155469123743	1.9202423750403643	0.170216020520768	-1.7748582122456658	-0.8074283310901302	-2.042481922176774	-1.4909453946243563	-0.8970170368309741	-0.23467792712221142	-1.940400370393654	0.3422351912904544	5.100055578771232	-0.7524464816189135	-0.5886757964343057	1.3450765521425083	-0.8603329590946149	3.299025569088544	0.8888267341494644	1.2660853185719942	0.37893910014496074	1.8965154223313618	0.02666159540195774	-0.8259941656488586	0.8909432848587588	-0.5890950822253557	2.1925957415969233	1.6204644589070551	-1.126390004835123	1.0448032282149484	0.8940326152699527	-2.2365097704722343	2.944016781023915	2.394640637770919	0.8336035036930456	5.469713808584868	-1.7843388647228637	-2.536060037175837	-0.805639721605049	-0.44075777706245406	-2.831131441608343	0.16428341961211085	4.605724972039339	-1.0603240460168133	0.37380318799636214	-1.9578533700025356	0.5739445621955673	1.5610681238441195	-2.340786103502089	1.4645309118790122	-0.5689969881909344	-2.4701184364501203	3.316859406093544	3.6325223462427467	-2.9009928279962467	1.7728128730910915	-1.430532037548418	0.165179542051459	-0.1150105873318687	-0.5029707118044454	1.5718470505419673	1.4892067429375992	-0.46478224839784754	1.4109775730174254	0.3722655711249773	0.9954911911090908	-0.6516423445697108	-1.030291006732568	0.1847257005176331	-0.5129082185001307	0.0027327554180798064	-0.11094267019644906	0.3556478412337373	0.2783921034591154	0.9711119586428986	-0.6547454301300737	-0.5695755625188074	-0.19575479198639037	0.09182280429615103	0.1695106928383045	-0.39516617735976284	-0.04199288331391227	0.3232116315410637	-0.27500180500525345	0.904571289642804	0.5852733466297511	-0.3236630906881696	-0.21001172012982142	-0.13107107249604424	-0.6134244619361666	-0.1835691898823302	0.03661749816295602	0.8313218796569595	-0.5793288111058547	0.6607171557025114	0.4825344515225534	0.49194317495882933	-0.07612530926515439	-0.27047744716365735
DTXSID4022070	-2.2318488759122768	5.209105500095774	-1.9307509916222496	-1.4366721836793213	5.41764284147159	0.917680484122927	0.4080987350291586	-2.4069533722704484	-0.0026614737380554064	-0.9433960574418121	-1.935369301548775	1.8487692919766436	-0.330606326482712	-0.5854729174875749	-0.7578098321866685	1.9187897316402334	1.6301652006396201	2.145673231566047	-0.5301686611470655	-0.4860496436336964	0.4426981075803519	-0.05901072813922694	-1.0033267697613173	-0.6093082805217209	1.3408850620712474	-0.2732888182476515	-0.5658134796167413	1.7379094091593181	-0.21843000036924212	0.1783345203452645	0.11672404042470746	-1.1093977890191675	0.5290558400051826	0.2048419231000513	0.5334153919883781	0.4928776043730774	-0.004535414650469041	-0.3388546946450863	-0.8800515007647285	1.7307183899616019	0.3870926836419568	0.49747787679152045	-0.677624211549145	0.3487411488090473	-0.6198565791873949	-0.8223285964446867	0.7756124723199653	-0.5008675721503356	-1.471461130280955	-2.0683234658215444	-0.5325412692139507	0.8583348250676115	0.1801190931549146	0.13222492191566843	-0.5557527292066463	0.3162802851147201	0.4028219668236247	-0.33332508424929413	-1.2719922880019527	0.4760658491667043	-0.00020360880585751668	1.2076521939441827	0.9960225401889868	-0.20542403681199947	0.054411373989874924	-0.6663651116183159	-1.1741174627640087	0.7247333972196186	-0.11036328075995377	-0.9316883459518397	0.4346193238749673	-0.17058247574143212	0.1328772089256586	-0.374308100235511	0.4847943879028573	0.23103220519656	-0.08367426481003262	0.28953536184979345	0.6447320689571141	0.06728139461446286	0.07325413353912366	0.6058783920528492	-0.2351407777903436	-0.2209059407152294	0.7618066385326036	-0.32714006865325684	-0.11881395043928293	-0.13276368638029637	0.11403870459798368	-0.1364603115211728	-0.0039152165756781475	-0.33624292178140774	-0.1510255019573002	-0.3946142219043185	-0.10994327579574191	0.23107282769668921	0.35757525963217246	0.2729181320843072	0.020867371434016777	-0.18058245709164172
DTXSID6049228	-0.6003448740015513	2.3162109576209944	-1.540322662188521	-3.6044468747051357	4.4819108858091425	-0.9810711223287268	1.9644082219618777	0.5602333256054054	1.1042403065454636	-3.268101097619822	-2.5036436011463183	1.4780478688506615	1.0707537971810501	-2.5373754652779397	-0.6474090443240959	1.5281701970920631	1.5975229058550653	1.1214844094265122	0.7792562492458746	2.1623009934325044	0.3416845895026844	1.5001363024375576	-1.1646423926313143	-0.9515283846657075	1.2470859345081373	-0.7786588365073056	-0.8499388199611946	-1.0643469622141344	0.5868836410979054	0.27312822156137173	-1.0389102087331785	1.4371133115171248	0.3815078094760442	3.1684779416632423	1.9868134154650032	-1.388858788883801	-5.185148005144943	5.252031687440939	-0.06936563838026781	-3.3476690183488906	-4.948683845856989	5.035580117214655	5.490188390589787	9.940073078603843	-1.0796030753751356	-5.689405766913582	-0.5676482558526099	-3.3888086524823544	1.3557101927876147	-1.2747963677542176	-1.2325416647057819	2.04978005391156	-0.7107548627689172	0.6671591223289155	-1.896108822827145	0.20354658463303213	-1.8971640280503337	-0.5881661935229283	1.0602434437658115	1.5202266177993826	-0.5778680900245673	1.0034913173016162	0.36454855232359756	-1.3136414938776046	0.7267679086819328	1.0008815634915063	-1.2901469766370968	1.3913831737810696	-1.0895265733261357	0.614095685828485	-0.23138593533126287	0.23507625141401506	-1.9652071125854353	-2.1856709140911086	0.010866479216690171	0.21382529506258036	0.2561792448060526	-0.32893958483621544	0.5401543362439678	0.6643388415426122	-0.5289835413766175	0.5494075245528466	0.453856155417907	-0.10668612193386695	-0.6550996785848149	0.26482880234070505	-1.4569820350263956	-0.21084366884531822	-1.1408805195995393	-0.32154049418469066	-1.167880172579132	-0.5149955739709275	0.4499166151235052	-1.2408328786137988	0.45113567540535715	1.114428552337384	0.9989480487318987	0.834239899798581	-0.5300926609869113	0.2842159304091899
DTXSID7024827	2.074677324146824	-1.9263356173972714	0.7690583746367303	-4.268167364493788	0.20442564496706497	1.5890670294646516	0.44087296153626004	1.9358805756445359	-1.041341888253684	2.088097423731562	-1.1317433816805131	-0.39147492121750044	1.3573416556213254	0.5334583709676144	0.17462382395095172	-1.1570623790790413	0.5939708295756082	-1.1603148301057855	0.06844425765685645	-0.6796355747192132	0.7463031353580207	-0.8411227380150738	-0.3874333318680277	0.7848378279816861	0.21408701485590767	1.1763861424877415	-0.005433250014318182	-0.04481942343742266	-0.30250704477623613	0.058074080892051363	0.03701519068891503	0.09515989393958112	-1.5037760838147214	-0.37890835851187765	-0.47316898659369017	-1.0908233090504267	-0.155225560861496	0.2639337496684209	0.19471877475798482	-0.14942539377470287	0.22944931388312637	0.20160423892910942	0.020535960372777787	0.1991574319178626	0.6468000352913843	0.637518327925647	0.9022111212879655	0.0025606503105895335	-0.5415776959411926	1.000500908735575	0.40367256121799777	-0.6328242482372958	0.6226754587932718	0.8887475602674233	1.7487740008643569	1.1779830208481417	-0.5031673722579314	-1.2710251745232477	2.8540467783381596	0.9777067103049878	-0.751800224096142	0.8400527538765828	1.4239196046073668	-0.6752313270197948	1.8100343891228348	-0.8102657425530576	-0.3827432755120457	-1.3365910460196857	0.545190260576703	-0.9212425743414019	0.737379668915223	-0.38274044942524665	0.3198722398227588	0.6064073834404536	0.8674012759616491	-0.7306357295567532	1.0265938948647233	0.9142075741881435	-0.2937872581146996	0.3496854523981112	-0.0594294184121973	0.3711361786317584	0.9914022128620592	-0.9222696190831108	-0.45649997816866	0.10626493317048752	-0.3085620412746549	-0.04215665804446911	0.37474003860713984	-0.12063187206306453	0.2250056136811422	-0.5215360658756772	0.3871482938597542	0.5019461176493277	-0.6379204653451002	-0.7631666368017015	-0.34206643790902913	-0.22368590520346	-0.418870256350168	-0.6609006073941414
DTXSID4057718	-0.7588713375988906	-1.9986626821547173	-2.8364276430180486	3.0387057545748832	-0.6709673173225372	1.1129567854226508	-0.18857756143201032	0.10429792028897415	1.8315446264723096	-2.5707551427663438	2.3430017521385573	1.24464877949762	-2.300160388483347	-2.3366878785118974	-2.526275434215737	-4.024332938636782	-0.22153140978822847	1.5346970526446222	0.6457725794363747	0.13007918817099504	2.029115461980419	6.366851811749783	5.059582329906168	-1.7758754863680104	3.276093014478762	-1.3753218947228838	0.5140518816609664	-2.4491368693423543	-3.159553759223694	-2.0514623577677353	2.6449651794695965	4.3745602258389695	-1.7084180292156772	-0.3071447864282496	0.4266528091210267	0.1464529172105516	0.785258671865721	-1.6256406998558157	2.2530636197542844	0.8137580403490665	-0.08847639932447562	0.40398213089408985	-0.10346904372408114	0.6358399599075083	-0.16422717113969124	-2.9406789539421614	-1.3823510271478485	-0.8999015551889828	-1.877850688805163	0.4553856100996403	0.43984399231767896	-0.13304476366028925	-2.1470829800107323	1.5488133162297255	0.9591920143735068	-1.6075877022588436	1.3162664592374467	1.3097052882706532	-3.116180301810104	-1.0558503827427865	2.445805193456263	2.670365678245113	1.4207005742492578	2.100126330918217	1.153789271172273	0.803659669846446	-0.7376127516546661	-1.895242137143238	2.8156408639360953	-0.4705558700108583	-1.7544279821160254	-2.629630862321682	-4.485145160591456	5.707433821297417	-3.187014591678626	-3.086538564447167	1.2328047796173274	2.461276781707588	0.8073051479856473	-0.4646570934101396	-0.17216705422373657	0.46264399709987486	0.004214569707109902	2.7323950282536957	-3.975592779609672	-3.6404647941123733	-0.8779644247004683	-2.4584499147370726	0.6805235421539111	-2.238517661722492	0.7835379428427891	-0.9981150749914361	0.16637846057241362	-0.731445099249019	0.32363554874160994	-0.1282107205519065	-0.5896863451356306	-1.4314948791829551	-0.8899887026409606	-0.32338648695438543
DTXSID7022253	5.14210661661095	1.696766462991741	2.1461333505816533	-3.0547872106175364	-0.06591042202191426	0.6572182959372768	0.02301564478207985	-1.0954694349688834	1.98054036560253	-1.6251122720689137	0.8135095663627379	-0.5308283984918966	-0.16646292666638246	-0.8335549112481958	0.1550366283133494	-2.326523098248057	-1.285539954158339	4.513970467247861	-0.08120693521126439	0.17788180217895247	0.5786793138820241	4.61277614806963	1.1231074296265977	-0.5415448798983485	1.8869615244904363	-1.3016526965825934	2.0867687858495745	-1.7506657177727392	-1.9036460708552327	-0.46081403723712744	1.8289094312115841	3.1349119354605093	-2.8374304616602677	-1.1942354105928024	0.12069955459596558	0.4646299683775149	1.9930065926585863	-1.0008058048715394	1.8312641206231612	0.652859245096245	-0.7168522113859302	0.45530695185688846	0.10942147104105364	0.9755008214320042	0.12573474431174297	-1.4439770902061426	0.7322087231000484	1.8719739361508232	0.11000559344617139	0.32010868294137834	-0.6136662088982807	-0.004303345095205188	1.41989872931206	-0.4655824535720681	-0.5724068756706411	-0.4859950263920959	-1.7282264938231024	-0.3759026105125933	0.42822330753390037	0.22690687078769659	-1.570856347175658	-2.93370782912069	-1.0842519557780648	-0.14506777696954895	0.7319549846047283	0.18593215065972196	-0.6421157575798127	0.4405576092353623	-2.6095454835479743	-2.1287490069944117	0.21612077404902263	2.49192594619102	4.6853286904497295	-1.6482490887896966	2.3597263160785116	1.806159805641825	-1.751062723138664	-1.4522103034536473	-1.598301753785324	-1.1555726525466476	-0.5659474270240166	-0.9668687479392093	0.051678833437494916	-1.9300038282767218	1.1221564278669085	2.3424097355022493	0.9501278058554867	1.6565538714225905	0.7534523238081061	0.3406512426171271	0.8027179342061812	0.09258101937863362	0.42803932550674123	1.1916801158216193	-0.16048876902356474	0.3353297314881839	-0.3758997533535115	1.0458304691199822	0.7528462828972309	-0.36946493115526097
DTXSID1027635	2.600262124180436	2.2259783076558803	-3.2324963774563207	-0.2541508456299381	2.7026880427849447	0.9954883040144712	0.17541285051046443	-3.333196950104841	2.266093262238537	-0.10437504229513937	2.872600838979045	1.8535959749778859	0.029073226591205256	1.880273835439074	-0.2228236005196893	0.4921215217147822	-0.6448832533179151	2.6514974861977394	-2.2517653249303096	1.2920134954705538	-1.5356686370739698	-0.6497371492688012	-1.144085862335848	-0.2899741396723985	-0.32243121183738066	-0.7341747154412316	0.9458754475650699	-0.48970198287057887	0.1928516048360387	-2.368785243396026	-0.07003434022682523	0.828433706390886	-1.1614425226369387	0.12812127339903237	0.5411191877904029	0.19728558534097854	1.1491947702310732	0.4099061003499141	0.1395860672844122	-0.3175857053636831	0.2842186999167336	-0.944878832771226	-0.4107868940298945	-0.20089330251547596	0.6604936651792408	-1.1992391246229082	-0.028551775250210482	0.5699504844660954	0.4773867183207618	1.6292494019619201	-0.23721528775208028	0.4688261122041091	-0.5531251884851623	-0.5797387124384604	-0.4368072183332755	-1.368364392971309	-1.3785342256965134	-0.9530981502267737	-1.3325070987330465	-0.9462785094881877	-1.286790446755822	-1.4341269950394115	-0.2582415353122435	-0.40103873253821304	-0.48243673565412515	0.42000824511500057	0.7815650827371304	0.2232318762189387	-0.30986873493335837	-0.7239205796875603	-1.0380846677228097	0.27772747601491077	-0.05193047803154965	0.3795747949223185	-0.9989103515455529	0.17723562989388023	0.7614704185772246	-0.2858272957190514	-0.19542648184131142	-0.8813067271690277	-0.5122761852455198	0.18977067974235	0.2461744475847513	0.27293797832070893	-0.7048839512951598	0.5900325333864971	0.22671555485838682	0.3205249176501209	-0.44601909133417617	0.5619254109201124	-0.13478325719444664	-0.469375889588665	-0.15105772361283937	-0.8423149077206528	-0.33828807247338316	-0.5530759835860571	-0.030571689119237657	-0.5354739689285477	-0.09976218266226257	-0.370822567262945
DTXSID7022413	-5.086449004496983	0.5390708010000401	1.2610523728764182	2.158034227880699	-0.14001046955538918	-0.8933809346543441	1.20610773809711	-0.7777316445007284	0.34160839326628273	0.07443835625389016	2.2709591234801008	0.2582300546983241	-0.03182964710533993	0.21359737508379303	0.568245198475072	-0.37562553137221905	1.104965537548638	-0.8654985919445686	0.9751412736973862	-0.6791979221791495	-0.2890969296733045	0.1361325159647208	0.19054067282330725	-0.3421334359293073	0.47796454837490615	1.3260164861897665	0.3803874682234763	0.007857058251442697	-0.8075865622115499	0.90736346847937	0.247810728076013	0.8388171329491035	0.37335684867227176	-1.035130165906924	-0.1095641968482235	0.6257914173616643	-0.5267996804190642	0.24496487482925328	0.09341801221360026	-0.3556141946286085	-0.004574408694736573	-0.2956319019590092	0.024823652067417525	0.31041372682667906	-0.07036376831540851	-0.3616834927821175	0.4575463441932226	-0.15503112687091103	-0.1402308694793418	-0.6055714981493305	0.6119781469184775	-0.8537585323118767	-0.27524576546166557	-0.06402688276977045	0.43953291203027217	-1.187967938659619	0.6042746091623984	-0.06125785562719194	0.8691209837887774	-0.17560153967444136	0.038830026482134336	0.3223398384450498	0.12309581464805218	1.4021868701256655	-0.3592781035591305	0.2396672129191839	-0.01676919642461071	0.23863131538767546	-0.22610576531377924	-0.4160056511081056	-0.38305828175231044	0.2814122179087954	-0.03956655848367275	-0.20591250328051514	-0.16141070746896427	0.23352793019709328	0.45344932235623686	-0.43577049629159775	0.17241358608726437	0.06318351085242094	0.5554520263582341	-0.24362639880683584	0.1213009363204642	0.020818414386387395	-0.2196590342943783	-0.02126796979037789	0.007772658757460984	-0.17586836772057454	-0.04917381141249544	-0.357120971341452	-0.041705804451281095	-0.059502693085821616	-0.033943185988100574	0.13399752535101758	0.19106746172126826	0.08254174464307835	-0.09912640229182024	0.05770354014157888	0.15067769162433625	-0.09529304048131923
DTXSID1047029	17.693889508789063	-13.861779524527472	-16.22722696626742	6.054108247459035	-8.59236326443174	-4.502699796462915	-19.46428981388018	-23.265059215474544	-2.54040349607985	-8.646352679043103	-19.161464413379992	28.29195318895577	-2.4781821130016835	-10.836819047092055	-0.3495484970307875	-4.86113512482476	-3.2200392056961697	-14.137057143717051	0.49442892624916074	9.114543734274193	-9.612612169015522	-0.003580323211245713	-5.447859095587984	4.7793135640288105	-1.4155616417281458	14.547334068343028	3.0118017480156496	4.7087671767631205	-7.906600854787213	-2.925278969432297	1.3127714818966987	-3.6314556587167037	-13.166754475156958	-1.1759153648485476	-2.08258134236163	8.680059421203074	2.338729598302666	0.9450073246911443	-2.845587576784266	-0.9428298259062176	-7.049387193232394	1.0220532245152751	3.7471371323950446	-1.4850765670813748	4.652074303146551	-0.32248570613217825	-1.5454569675530303	-2.613157437595597	8.319558446022084	-1.357313132079558	0.8650648733360451	-3.9864682087747267	6.493238211069989	4.110944518482557	4.911436598950385	4.411741504961727	-2.027937100333351	11.686370212322368	-4.580778007196017	-5.731368153883253	-0.7134751234701625	-3.026204290977005	-4.734132285708591	3.976604679688882	-1.2367074789369215	-3.1783879677376197	-3.1459050829416686	4.104473465518239	-4.136645777709567	5.285559532260764	1.2052039186731331	0.1150861434185652	-10.77080350812549	-2.404955112795421	5.739955605564093	-0.35468617276911324	1.7042918332161794	11.41690494933656	6.632465514982435	-0.828570585984658	9.184872970821115	9.019251241416036	5.356411279344618	-0.9303083936221093	5.560192225352783	-5.174708637327678	2.263088508502422	12.063051775468775	-0.23010634218621864	-1.265098570742162	-9.110730527159298	10.36186689015958	9.111867317244775	3.1394303840140503	-10.64996824495313	0.016777397982088407	-5.630162861134722	-5.2367338669370085	5.933249324503458	-7.468532767512461
DTXSID2045862	2.6289076430757605	-2.342086011629313	-2.4005674765072738	0.768126943189224	2.5564648064861317	1.8016233285297434	1.696919930212972	0.8890205929255847	0.5899101671200799	-0.2955974310533482	2.514662303879592	-0.18109039942765537	1.0682834088427444	0.27503353068971914	1.3509359228318214	-0.4426377541069898	1.778930895883786	-1.5247538599202102	-0.021886174364136844	-2.7099593819691714	0.30720920976118704	-1.6725939370365908	0.1045522438486849	0.3579427242902352	0.2647696122081288	0.442477913841237	1.051776756746186	-2.020268415916598	-0.48907846347803924	0.9382538856939946	1.4257620444875876	0.7913338797395331	0.5824782720436729	0.9632301386544139	0.802361204213118	-1.6861723277703775	0.9253117424833245	-0.8089084061714602	0.6728043919084326	-0.9356377451245249	1.6152978719941717	0.2934459754587055	-0.2006119896077086	0.2938613739471035	1.5630453247225995	0.33781858414902066	0.4491100313392079	-0.006607108178860311	-1.543850969689244	-1.072493645875226	0.9366198763131709	-1.4015382475210492	-0.670391827562943	1.338870195711682	-1.4057737493464513	-0.13250765659811223	-0.2777746061177289	0.4835901141628173	0.5640520610574867	-1.278805727154588	-0.9823585232581177	1.2915150819667824	-2.183435352339213	-0.27586402238953994	0.59530525023371	-0.8814657754258344	-0.7501790400655097	1.525050513553124	-0.5486471784560009	-0.13918693239572916	-0.3246850132466274	0.1528823706042313	-0.7449773272854546	0.022730983340010603	-0.8963104428573799	1.847241296468126	0.7469579032322873	-1.025362208795324	0.9434361913420231	-0.12251554094518162	0.4381148905541644	1.1609848001467777	-0.8604196935969505	-0.016607093485514944	-0.9836841374887447	-0.07910804600484256	0.04531462215825405	0.23836188739992983	-1.2484119019783069	0.5154623305078564	0.3375938602172241	-0.2280916832543752	0.1924259953730559	0.16807837739167103	-0.4397720420537887	-0.728852699466483	-0.3219471869185073	-0.08347687945985399	-0.2074548088884917	0.710763488774968
DTXSID3033307	3.399328912376525	2.848617712437533	-1.0614465707835326	-5.009051853904287	9.431416534097883	-0.31305858556368704	0.5997988848627678	-0.7191936923167364	0.01787875875280884	-2.0997174091495805	-3.982223825025377	1.6742990945243608	-1.7074019313632374	-2.5252327515208406	-0.10780344729361968	3.7902514068113886	2.217058966144581	1.8139907968859184	1.0606778443769909	0.715112042623927	1.3808077509883567	0.6609038202553875	-2.5021751927777607	-2.2517264406384347	4.540196994501849	1.0856127129189495	0.6614214558866714	0.9732906901652745	0.036406395031281395	0.5365579369312435	-0.5483834356778072	-1.2049239466405788	0.9008637779035488	-2.2264167853343992	0.028013075162177072	2.071989352091421	-1.970745897360147	-0.0620772710262139	-0.7522537138753965	1.0840395607003375	1.1178026502457676	0.38215274812282723	-2.7816884490339735	4.756823398888313	-1.212599361063827	0.6462570860507382	0.8926997973557875	2.1237498634634973	1.383479035382636	-0.6595089438465922	2.1733743566895725	1.7131365478543572	-1.559321539639161	-0.05649811862992297	-0.4858955817193477	2.3437357110532058	0.349853249881142	0.28503616930807996	-1.5052749626944506	1.2015231534384891	-0.920693510044769	1.3292461251930463	-0.695401772182311	0.8854598083121681	0.6998940810887313	-1.3342665889634175	-1.1671108539930954	0.1311450967255775	-1.3083567376454697	-0.7044317597479047	1.5617629863909699	1.5718918945468772	-0.23914137147131462	0.31665217789911926	-1.5370724522211505	-0.5088403437964863	0.11124255224577957	-0.28593640404608406	0.31293599904505764	0.17457419970733914	-1.3410371708967255	-0.27025732858255963	-0.2409112516899183	-0.5361146557551981	0.4307782017136287	-0.04155631050522098	-1.0779028426635753	-0.4943201680006552	0.078659803450496	-0.22210164871584714	-0.30959756224164947	-0.7081452306759004	-0.5192361832152586	0.5146168919083337	0.13441777246183806	0.8279560352080947	-0.2743967833872315	0.9195697028318005	0.24686353336371805	0.8200189088844094
DTXSID6047315	19.934674234068744	-9.350787559990573	1.2462185041408171	-2.021184122970289	2.917765613546562	0.16928279646252364	3.9074948207137585	3.1499927802430046	0.933151953427786	1.0881504028364737	-1.9924515695911946	2.409872083758543	-1.2538041190552867	2.540193446362749	1.8840602526442078	-5.211387878802025	-2.958486785851931	-4.2512915111014635	4.655302450197145	-0.23654958927391154	1.6487600342947435	-1.856640250680204	-2.3191199627590366	0.14083235662946053	1.9609917884035233	2.8566301829908087	-2.034314234090431	1.2740544243401561	-0.11205354169661826	0.23542939779623615	1.3822238616203286	-0.022214424311821367	-0.18245209700063045	1.9137360179430487	-0.7729302450851083	1.8337499640412924	0.7345096200571422	0.502684702802797	-0.35722670363571735	1.045100566999653	-1.434049193352249	1.605337499158279	0.41568892627597354	-1.3802104913987172	-0.2601312939312295	0.7208134455929505	0.16615460014241948	-2.5211367598978542	-1.0104309253653792	-0.8888346917792003	-0.13477532648545062	-0.2670895415265198	-0.8680919849864954	-2.0083071949686344	-1.5214884452121793	1.0301135248696172	2.4487586483438513	-0.4583917245278822	-0.311402818190016	1.694245143076492	1.7367774887477108	-1.725539043654014	0.7843900369520098	-0.2954854754027953	0.2388104283992656	-2.188935730005741	-0.19956457615052292	-1.0558439090831904	-1.739258890114067	-1.2722413298640594	-0.655190597281384	-2.303538128326828	1.0684700349276972	0.22197141080740493	-0.018026981424918785	-0.5615256577188852	-0.6995001425933375	1.7464783509438957	0.0031313472522913203	-1.567099771717136	2.949433701301023	-1.1499353595625157	1.5169081052475168	-4.392931427137191	-1.288350386392846	1.4433145713953073	0.7729884493953981	-2.8240536601470736	0.9975862493074859	-0.09607249485865305	2.077884500559678	-0.3885091164079976	0.5647142863062473	-0.8186403558041421	0.11130304452617727	3.657844041129469	0.540550149820991	0.536480421347945	0.7834226752173339	2.877250075946931
DTXSID5025653	-6.098276205264593	2.559356126305688	-2.109081089996169	-1.2492686940172741	-1.7155700449329487	-1.6102185426159772	2.1114178158575716	0.6140920338789778	0.5627215384744836	-0.9472385334410259	-0.1952605031069526	0.1214434323047354	0.9819454305163091	0.17813590980332622	-0.14718460956140983	-1.1021213893170876	-0.17503331395557378	0.09409199981783889	1.365081253997456	0.20745761047898734	-0.16705981174660325	0.4008685637400436	-1.0556047016199863	0.18522373073025022	0.5560052974651095	0.4117143724097753	-0.10004138689080863	-0.4933072055082378	0.0992899183777586	0.06776675326141891	0.3101767742191268	0.49510088873497365	-0.06458479004473192	0.011202657361983373	-0.19605064257018506	-0.059228207425418004	0.4637075857935447	0.4104199278246217	-0.3283862535023319	-0.36570597200117616	-0.4465070933982856	-0.29711880538250485	-0.12655898492670178	0.45489528966954124	-0.0060615864263626265	-0.009064234922363296	0.4690762100724444	0.0017997696962029168	-0.7637428985173922	-0.4011762080354262	0.4888411038761681	-0.3317532980237225	0.06748006734171887	-0.49912421890007724	-0.6554740078480604	0.05486401811807948	-0.7213709771635185	-1.3599217210393792	0.13188792742870112	0.4923741953215634	-0.19488870749316037	-0.32770200965571367	-0.39488072420736536	0.520360983135199	-0.5011237077380725	-0.6048824509529294	-0.7526223307797152	-0.6760610394403137	0.34460025777795816	-0.13620907955641504	0.18160378529732152	-0.007477010920484517	0.5493339206148594	0.8999092573230121	-0.04088224735584849	0.4922389594049007	0.2641958727007954	-0.0023043770651150087	0.16415112047850225	-0.04431733755366813	-0.484150340177208	0.32629170535719554	0.4040505127670413	0.19063094162874963	0.42564732327257143	-0.07199797327548638	0.9376886704498949	-0.14063495272471987	0.5135376135972168	0.16123284172154304	0.16380713929643706	-0.07054309123238589	-0.4109203136777833	-0.4227918582722083	-0.6209395611915695	0.34310064804282026	-0.6381933561179679	-0.18015588474096023	-0.11931034294483837	0.194777425580374
DTXSID4052186	-7.037234397770382	0.32925972480777255	1.0167197277241755	1.1211521476316966	-0.7031251975276824	-1.4000493451156832	-0.161794694844956	-0.5864686360944171	-1.6114784989543398	0.9171717590094932	0.3986980217957769	-0.49191836428795505	0.14139202269221374	-0.16631635449498178	0.15542276332062846	-0.7282207430683986	-0.2935427909711819	-0.2794402106043534	0.03465383404968465	-0.022231566489909507	-0.2226469557225001	-0.07485350037404567	-0.21131656136417867	0.5459540706811628	-0.5891430743983402	0.0022348128040057262	0.08707984608706591	-0.15448430989644368	0.12178953508464695	0.06977908281507916	0.37021429362305075	0.2128381004883208	-0.0047093284761741405	-0.0037309052233797865	0.12356649365366469	-0.4207493359797593	-0.0474773812932915	0.08453873888093989	0.09633419801649133	-0.031198738123496432	0.08688618199390065	0.2798752150945861	0.12328843529427337	-0.32967236274984363	0.4069231944013726	-0.13123816925688248	-0.16048606833423693	-0.24935772983652948	-0.09211524644908112	0.07663322394989135	0.3849221723395746	-0.22772551871706714	0.3638154491805265	-0.12322542691752587	0.2004829324325472	0.3427319079787336	0.1904740425735965	0.43863075511977623	-0.28579244718589586	0.40788810617331867	0.21983307332968957	0.056488723165095185	-0.013114486211667314	0.4313599402506309	1.0344853587315797	-0.6854201355443333	-0.8801844324040841	-0.581478251223925	1.0689917210072453	-0.13947920584545814	-0.9382792176087784	0.7828427605660985	0.17875882120903994	-0.5042873279207379	-0.3350757980599764	0.2097108580162796	-0.13238838979327897	0.06840832246735665	0.31371386662633877	0.03427519731384217	-0.1672470515880197	0.03091565726106852	-0.08279064642947166	-0.261685901948878	0.08446846337158255	-0.08682266663777609	-0.2911826515047538	-0.002559845689811558	0.0411352167702704	-0.057896515135351885	-0.4251611155912249	-0.30038372093527665	0.26123760074249125	0.3263201392817116	-0.34225997903355404	0.133907861940016	0.058649448270825584	-0.03003234982209297	-0.08009098863373819	-0.18233611783981538
DTXSID5024681	73.15716918492959	-44.9939119579891	-256.4811130993479	-54.411907978294096	585.4597962716699	11.49889634902274	-122.53259756798829	89.14341380063269	-107.6027524910796	-82.32706953675083	23.324039613234845	-19.347590151298917	73.66416458915825	-155.37200846131563	352.24114973834634	236.69321628322385	55.19343884570865	84.54367808578596	-11.280771208549142	156.10203555984407	-16.209813538546452	245.76059958171672	-222.62566390410433	117.59108843851848	106.85908759159933	-162.45212427793558	52.37782721969818	13.295570653321109	29.283706298555416	248.670296245022	249.2252921051049	-227.96589442595757	8.50870824848326	88.00826279634751	-122.39704790266143	74.30514269603657	98.02334469249942	138.7000586729184	-177.0773047956035	-47.5332101423746	151.4424181402612	80.57163591146254	-174.92324117619745	93.66468798786391	-48.9431762139917	16.593940532410574	32.66469642022211	5.2419627840035155	-143.32514856611158	180.24886019987386	-147.77893261472326	-33.48429687650912	181.70351671640674	25.588895916012806	-144.74862144400905	-217.4778446276345	209.8001686877091	31.928309377088944	198.92272990466526	-37.72356084204006	212.77490499933953	63.15382472142719	24.47717965817789	67.39544927807587	10.551449835330681	101.48002181770434	36.73665964579027	35.836509780388155	144.28299456374026	-81.52178477725408	34.414895462748916	63.29733762382148	10.953290842873338	-11.76980431275877	67.83737178397641	30.06921119354683	-197.79884085703534	260.1486803615064	33.29463928540973	-144.83219898096533	44.225769638893844	200.8702128931646	122.60547136666555	247.93629419605745	-87.69602157169524	257.1506380207178	161.80679991616466	-64.73176462807406	-30.758809787340706	-102.26245754253287	-31.44158437472351	29.159971929523685	-15.042549065575992	79.06578353251781	136.57388509819515	33.316321457233066	83.07011047412169	-177.37204869400975	34.3636459615434	282.8778559792598
DTXSID7052577	-1.5145844793550634	0.10638179540470694	-2.842323794535555	2.1196772070359247	-4.227636930883205	-3.906931144524622	-2.561781944473043	-2.6534524790276297	-0.04668675996034669	-0.22194194759081884	-2.1035108598106302	3.7695264967700077	2.8862533571445894	3.4018048117504125	3.180468323985161	4.031453050887259	-3.3912279107301684	0.9213416949271378	-5.594518162169881	-3.5413214467957754	1.2079434799198097	0.1183288374662205	1.6828774961291482	-5.493869659446052	-0.41986607837604545	-3.598112226356287	1.090519075691557	2.6843279423277266	0.12077483010402308	-0.4012917883766774	-0.05351495765704136	1.6696338533712927	-1.6304252691869778	1.115628109509057	0.5673514199923498	0.5116188845040814	-1.864149178877552	-2.4644725731519874	-1.5192638181118379	2.1905845272230424	0.3357320309652246	1.7819886197824626	0.8322107651443854	-1.2509417024606801	0.3064456212306419	0.05631366868291321	-0.12707843126689047	-2.764670310132342	-3.9452488667609362	-2.3727851924806598	0.9733830768393703	0.6595254070831915	-1.642064376683382	0.9402463252069446	-1.6439184815091294	-2.152567010251813	0.4042891380007386	1.0631300125496972	-1.6391448607101393	2.387223153539032	1.0405711520906689	2.0952531791776767	1.5300806708379877	-1.3107618549603082	-0.27477172415930967	-0.31708257044173993	-0.677565300132755	0.34747505655550986	2.201530812551557	0.19105518095342405	2.2483245870406456	0.5426877276035647	0.07389842640725033	-0.5554303675240058	2.77842618335759	-1.2348069659196526	-1.5543642752739728	0.6720373152723803	1.6191394858743569	0.030209639147419493	-1.0945406866017895	-0.6478125401435116	-1.0047195098081299	-0.46827472373213486	0.7230609874486875	0.4225636591629854	-1.5110010389565942	1.1969181807899352	0.12345923735706374	-1.054496299971544	-0.3785532541178128	-0.21080939937411924	0.18389293840282558	0.25036985254622296	0.041429446521956986	-0.6301636270649916	0.7616858282037818	1.1892266708776094	-0.26636214177255085	-0.43752610542889026
DTXSID6038326	3.4592104546199023	1.7985369865287595	-4.007139385182481	-5.419201788833941	-3.6886785208598227	-4.842544997658685	-7.130302095650831	-0.42220455869942086	-6.493347901707489	8.778334621729115	-3.2579802211186037	1.2746979776577823	-1.9979927539343325	3.978521791734826	0.04765203799850266	-2.397961695940495	1.4898781140270834	-1.4966191709537027	0.445079360052668	1.2417462559314456	1.0589132789561893	-2.4542899061524452	-2.352293307950543	1.2832488901245787	-0.14375077840833514	0.8668795142967151	-2.4604642628162767	-3.239852958663075	-0.6555001526091845	-1.2251131617965136	3.5225994061447112	1.5964496657883507	-1.9661382587722323	-0.7221327430779723	-1.7388473509797282	1.2253470384945893	2.1963545080540987	-0.15505836337498338	0.504843598355577	0.582578816162787	-1.9456245132731993	2.2811657265873784	0.7186949903326011	0.3396662825686866	-1.3730441738693442	-1.4391287593458173	0.5593335220749208	-0.789475459513191	-1.4379714619114932	-0.6623101612299406	1.1610547177743495	-1.7603373737497556	-2.291724153366574	1.2845719516156573	0.013959549352504135	2.2505169565847662	-0.7217188763706395	-1.3995488222766808	1.2517259122846853	-1.4979245331531879	0.9287179240241069	-0.2989388654872374	-0.1836768092411281	-0.8813707299316628	-1.661427046628186	-1.1645778107004414	0.37090716982189303	0.3897960902817306	-0.5256046394919827	-0.4718111589871359	1.5825446531630942	-0.06757887249151658	1.5724708778777037	-0.43388639213252095	-1.047975081508238	-0.42756352887280785	-0.8632596049908177	-0.9949768422876953	-0.3626755642207828	-0.07324780675633626	-1.7356331136256273	0.9616899070671676	-0.04010130775439514	4.098079409314969	-1.126284021977642	-1.1224472900350688	-1.4753458131374921	0.6698679054356435	-0.2638467644096212	0.8743513761571385	-0.027372533819140253	2.1054590984756714	-0.9669075107841318	0.8416383445869233	-0.17660692748915005	-2.3169414344744093	0.0598073525527193	0.23338327739681103	0.6861429286197137	-0.18062318371815403
DTXSID1047108	-8.10062966493974	4.9272050396594915	-2.085285415232816	-0.2751245358160464	0.06859352001752188	-0.7484936495621427	0.04012672122428184	-0.49890860212227534	-1.1416822587777138	-0.12118096584784718	-1.8812811175987385	1.6901635380424715	0.0737189126507629	-0.6476109530363755	0.5819580525788148	-0.32936390067638266	-0.27977618217367056	-0.5714299382067407	1.1731178905673205	0.815817419006633	0.5183565783903158	0.07180431702625968	-0.25746365456567183	-1.2220093403957513	-0.3402230128989734	0.43612468324450077	-0.5631998602484555	1.7097118534785236	-1.7381478373008545	-1.2316805848350274	1.475509708265433	-0.25509495961966466	0.8770189908939826	-1.1970879873837001	0.5270922267615308	0.21146324552128434	3.165834373930331	4.3199064492895545	4.59323339804764	4.724606352879926	7.480439657482365	-2.092958702806637	12.269029373661555	1.6700119819743735	-1.8250292916730333	5.025630541853831	-1.0359119781718524	-0.9126523645648368	-1.921620994763285	2.0313396354912854	0.48921748412894395	1.4282686180360473	-0.9088313917295657	-0.04964749517223233	0.258417279551351	0.48349078067824786	-0.19518006766782492	0.7377980358985926	-0.5434911170772857	-0.5839290330886059	-0.40573261245393794	-0.9776507339262207	-1.3508831891018591	0.3991962266950092	-0.7129349972172305	0.5258234488061692	0.8347697723391091	-0.3675789983948002	-0.31532425702948413	1.0435334632783275	0.15402258051269965	0.3963304485585356	-0.05051184832075261	0.24411706896536886	0.1864110085306141	-0.3635372755395001	-0.1494039505445284	-0.0898810012755008	0.40404193389125426	-0.07791308658132196	0.3350446525953479	-0.21052591672656473	0.5667629530262428	-0.49227519186795476	0.4659379179361013	-0.4062737247249184	0.10793273147709172	0.030711394673210376	0.1890262305518401	0.3161833165598993	-0.3226800719579405	0.6266304965454894	-0.061193941020234774	-0.12618606960854192	0.30902934065784504	0.24781937881254223	-0.2318775937677452	-0.020882442047710004	0.012123878089613878	-0.0722831926781452
DTXSID3020752	-5.912897662986171	-0.6324568937682934	-5.320965289523131	0.2979018283632337	-2.0045585888305286	-1.0598290754640338	-3.4046522949469096	-3.3176543292336484	-0.5823440224588652	-1.4420073382691467	-2.243514616628268	5.433309819058028	-1.2720556734057586	-1.525005335150462	2.04003313025268	-1.3958421249363135	-0.6654785841377491	-3.4851174124486106	0.5497503963334469	2.179089431367227	-0.9244361080163607	-1.0727204420569014	-1.4818506294272542	0.01717541954863412	-1.2301351484685852	1.6998223617984327	0.9833537121632796	0.11364681350212746	-2.59045604082248	-0.7108491690258136	0.7963966109108734	0.3327157027551315	-0.8432949872228593	1.003356934657129	-0.25464107317315804	0.8132256845660579	2.2754565861691076	0.7660398277972047	0.8467434424237482	1.1965118741335616	-1.2361586362351165	1.510995950702605	-0.28303017385348633	-0.4852354260539993	0.3479163846955218	-0.004233870802319487	-0.8454512593619014	0.665394698638182	0.6773993131171958	-0.6551930705069006	-1.8110010810602843	-0.6127852379794877	0.7503091095085249	-0.2651752760892285	0.13797821648118982	0.2998441853126543	-0.4550384627181941	1.240905727401608	-0.18053453926554033	-0.723227664776055	0.29086779484790914	0.3755505003251423	0.7583878861663634	0.2533143831528903	1.1132601938139515	0.7776024873312494	-0.6123918452181981	1.055389424915195	0.4003309342600005	0.027761186951876803	-0.6417168895560945	-1.5089710962988039	0.9357670102678761	-1.3137811582585817	-1.7958305205835918	0.16041952320472624	-0.47279319586958035	-0.2196922190830846	-0.39215027096079	-0.5954812586490058	0.6954657309055942	-0.5690387697504984	-0.12893562613942022	-0.6289603903222171	0.6679539572252068	-0.5300739352540673	-0.6159672466980446	0.22754173512260453	-0.39576710097532025	-0.8084270405234563	0.307410976934641	0.4259520771356612	-1.247202233781707	-0.09358984228679788	0.7306823003813866	0.5310244120940778	-0.49153200366540767	-0.15916734314611056	-0.10713657276710874	-0.119688012514252
DTXSID8048739	20.871848509974036	-2.4725162079546896	-5.269891824409235	17.733188128013836	2.6875736860528074	-3.700359112146184	-4.701143167169654	12.881709830872188	-1.261231877208499	-1.2836936761486586	-2.9303555535788934	6.515551576148228	-1.3028550310735592	2.048080575505002	-5.575166786465419	6.270623077647537	-1.1393826472963764	-3.6677733860720965	-0.9130582014668059	-2.1919470013986166	-7.2199435174745155	8.458199175270426	3.1743780905927097	2.08921060644375	-1.6466737541360168	1.049897259754159	-7.229126745960503	-7.650968205733531	-1.871331481179898	0.3063662951433309	-0.20542719944278898	-4.0805541430756085	1.6529076661792523	-1.7552059734724013	1.8118395797607802	0.5639304520769841	0.14837801578115453	0.2600748004771211	1.2058962642117583	-1.7050573862957854	0.8592990029933705	0.21313857774907846	0.559718334590544	-0.9736640998182741	-1.0460893135211984	1.3187473580896087	-6.211491508171894	3.977728144182633	4.223642435304634	0.9766550339738662	-3.1675170618430797	1.0437551146033275	0.02575183390692636	-2.212018884317834	-0.8725727489866729	-4.218924196273788	-3.358655709898352	-1.667409119881245	-0.17874322706347726	1.8065073281626949	-2.4005022951994244	-0.4594119542339958	-0.8905458103029864	-3.6794754342954894	0.3741388141186107	1.7163778282172832	5.04077025190132	-0.7618067925767854	3.7060656497284086	0.07901003259249643	0.06064721034821574	-1.852081400303774	2.003820070585983	0.733666200794769	-5.350531199092044	-0.34313850912928967	-1.9714629686017269	-1.3743607763852934	-0.8573342282203225	1.0778406786960986	-0.7369316226341635	-3.928656267373922	-6.125916361485246	-0.39587508741757815	-0.7558350266811722	-2.536698398895564	-3.9544543624642885	3.1846762382762317	-0.37779255083355917	0.00723628567028745	1.5927434800032125	0.43346095948505803	-1.0230354795346934	0.8951580641102999	-1.009406755804244	0.49447882341519944	-1.545602574800508	3.614410426501252	-2.9028215752306696	0.5235470483887791
DTXSID1024887	-3.682023032216097	0.36484413999479176	5.54290179613096	-2.2767588178695544	0.36269659861391607	1.1877481503491985	-0.38047425028535764	-1.209702099261252	-0.83636525278789	0.850417038771919	-2.6344541516492095	-0.37563064700457216	2.933230124325071	-1.4940637158617203	-0.2409551490706833	-1.3238342171017239	-0.29783409495246366	-0.6201653631020768	-0.7896124621767522	1.60382422924577	0.17660534083499524	-0.06309609303212	1.4423804789694106	-1.5868291102705363	0.7287472707815709	-0.2736830045358004	-0.13489522306696397	0.05845167494543925	-0.2613877296247664	-0.32694062876280844	0.14447307302471646	-0.6708385448863713	0.24319236188010937	-0.196303890463666	-0.5250340272950307	0.17647758083900525	0.41147584890704353	-0.5085694892984195	0.5548225300667579	-0.18505579183250803	-0.05072238223863315	-0.4139817217095961	-0.11893119223837775	-0.3271298722147307	-0.09796177696175422	-0.5343626385377946	-0.3439537634936586	-0.017629898168511095	0.381106141163745	0.12347200476380557	0.06922567045341277	0.3500398634899288	0.18519831266056486	-0.19748061823076235	0.4176379167133973	0.27289381185817035	-0.01281394998699208	0.030616615015321196	0.1722752183378771	0.12544176711939703	0.01775899238590978	0.5074824079106431	-0.016977064636953764	0.539097332173445	-0.16978118428180095	-0.3660675294206387	0.39197764907150945	0.019598396335205267	-0.045117025918913894	0.48299523959411583	0.3978809172840011	-0.09858568656568227	0.13650543350873445	0.3629502360479912	0.08356343904000228	0.026935106751689517	0.13690999647390448	-0.07788117626035958	-0.13611651647183381	-0.3619870798681338	0.18520673715202965	-0.09491223289675321	0.2795673091080363	-0.3288033333652333	0.6945617257529652	-0.0508551119154129	-0.3265480668154148	-0.3646955356944613	-0.00011298793320013588	0.25107557182619183	-0.06535818453121349	0.7348874696143466	0.33073145731904696	-0.3235512175383269	0.009463565353679888	0.1770839893524274	0.20155762817958106	-0.1723020207418493	-0.4616994896955739	0.3108851637567155
DTXSID1041681	4.178565731346116	-5.261739688225431	-0.9005262527126302	4.275623670366636	-1.5250507466945051	-1.3817730330370865	-0.7546227784538556	-0.1608199887529925	9.592251751457093	3.8332945799143237	-5.716997049278509	-6.871169299369367	-3.0417414187066316	-0.9434753682773895	3.5299367357810008	0.6593347121702454	1.5323270596728265	0.7381396546212371	-4.657564774480187	0.8239319754005385	0.5711147546145362	-0.2952131203913364	0.00447095736322834	1.4629722957130629	-1.8724145347076968	1.653231463754142	-1.6285254938579705	1.0352186089157458	1.3720754867178797	-0.5867812886486142	1.4724077426326854	-0.02778776804208324	0.6056869703344063	1.7661018665121968	-1.8357821089986488	0.17380443328820588	-1.737526553870513	-2.666294026618473	2.0720215348203297	-0.6268587089202838	-1.6465538250074598	0.30823185106001955	1.9850674076566264	-0.16297588227074192	-1.8822508891871128	1.1512521943797722	0.8742064664387071	2.699410838026025	0.4711714671267276	0.9177409960828841	-2.066937929284935	-1.4761577887706405	-1.2867544328436324	-0.9969708116790706	1.6349059461720805	1.4711624297370598	1.2406323990199986	-0.47811893930166743	0.41276279721505477	-2.093333357970125	1.88239506762453	-0.38160120218624377	-0.8518539014299314	0.1221375212048688	1.2939091207316498	0.18650642364932177	-3.12291980929343	-0.9528263948985457	2.9231596686006713	-1.8326259842140777	-0.3879430728432413	1.195442898001001	-1.5177045968730003	-1.4656583827333842	0.3509945555028169	-0.46233150474134277	-0.4137696939910625	-1.2336261716766754	1.265463764113291	1.1162025937478113	0.17786365002445884	-0.12427740005605414	0.5208633070641745	-0.1243474719088141	0.6096392803441321	0.9672422912716728	-0.04873830309215188	-0.6161337268530851	-0.31971520283641636	-0.6253208850695454	-0.44740214282499186	-0.5637532851224036	0.17285664464691639	-0.4664696199729417	-0.15280196702335172	0.09170748522032429	0.10501410149080245	-0.7457441863284981	-0.8798287788231167	-1.208931290150859
DTXSID9046104	2.6553907648265054	-3.5502531206963726	-1.061370905148138	1.3576138986563582	-4.16727748847592	-0.9296623600005559	0.47649400762500865	1.341730372257751	-1.2020858222256843	-1.6948321320432598	-0.8543712475287338	-0.11101620447907395	1.211197579080354	1.0924459026598718	-2.2309906152353745	0.3003560372659357	1.1731853313830174	0.48295575677068625	-1.4886411746609818	-1.0349546442861095	0.7815050991670098	0.5224481536808538	0.253725332028773	-0.8019713820795862	0.9366332165965853	-2.035841301631578	1.0344652198140323	-0.06566531336293165	-1.3357861367096355	0.3875287632750316	-0.6001478259128025	-1.3700704907245493	2.9612287332563625	-0.8419488458047343	-0.654448922308651	-2.1946217365424876	2.0782614448537258	-0.23029263168319988	-0.7283689494221053	-0.7528904528745605	-0.9818690419699785	0.1925015843036346	-0.8307958593192145	2.0832012897570773	-2.841710985160466	-0.7867885273611017	3.5098748316066484	-1.14464382036795	-0.2736520694281446	0.124130806020261	0.4498821527108038	2.7099931694556076	-0.5758570224099894	-2.0111719989052514	1.5564315214718418	1.8699431795089674	0.7028173706851619	-1.1561655012451613	0.22035434142025098	-0.23938058521424185	1.978048355907813	-1.7869378837475158	-1.2472295228701733	-0.06457431359376069	-0.5308365859158636	0.5562503518031464	-0.3483920006212082	-1.1054181131616756	-0.8936651641677278	-0.8708096720821974	0.4288967930438419	0.358911920076439	-0.053067878453749086	0.6074525948657596	0.3674347120232875	-0.26073447607601874	-0.9991959733832858	-0.3766896079177399	0.36313968139945346	0.321062519729099	-0.4867697731204664	1.1909757785940445	0.4220956455515148	-0.023608396159532443	-0.8216750298559111	-0.44131277963559845	2.1853041920758876	-0.44324246096143943	1.3950389939805596	-0.6099323492324046	-0.4242615964725452	0.20115978155130926	-0.3608969727641806	-1.4128549082918125	-0.5727534643336356	0.9547143629795851	-0.8363512132555239	-0.6779139444818847	-0.46731770642238707	-0.5876210036342545
DTXSID2045571	3.858094720788564	-1.5678098449931956	-0.6149007687559959	6.125664677133616	2.6671527273249764	-3.114512991977414	0.2042344897571344	0.33123958362097283	-0.47491862847667654	-1.7726593134281026	0.0070751881553276046	0.003655287710969776	-2.9462675469591444	-1.9582758171561856	0.0334498793664468	1.0957359458960128	-0.6081360223463845	1.1713798758812315	-1.9935845518233806	-0.9158187164657511	-1.6750440368939514	0.3925181246663865	-1.177954337343186	0.6030930588579477	-0.45387994024106554	0.8052391994330873	-0.5489982187984941	-1.2141556068626718	-0.4923013349654115	1.1050670447378461	0.19784949703990543	0.07688883747875434	0.677795648773463	-1.0033486128150857	0.35305597488413637	0.7824484759595621	0.35006990060305804	1.3306534165633035	0.8360942755035189	-0.5988803374996311	-0.37255635014760596	-1.2508440952322992	0.35889293569936365	-0.7621745450574486	-0.26489630045177803	-0.05444724449270929	-0.060601960033274574	1.1301658115338877	1.631608274119573	-0.39475585662771384	-0.031142746007944345	-0.9024482018797246	1.1347467576343677	-0.09648532188821628	-0.3798981825083661	-1.055662860704473	0.1949570013022684	0.2048189241768669	0.8120638605670586	-0.5163238642804624	-1.1259262295242205	0.7526847854641103	0.11492816938181998	0.9005194957356208	0.8560291959282755	-0.3740769913521048	1.5159878089834296	0.3750342735526905	0.04413358730034613	2.3881225608996863	-1.0858516368089348	-1.275487426319732	0.5522423099672061	-0.6542190690432387	-0.8760513072741559	-0.029212246784533234	0.9153629083387572	-0.31894081446117734	0.04773391556351448	0.8025402582490413	0.7804354126601353	-0.5253492879960977	-0.7729061727009159	-0.13289576724211952	0.37114789682483806	-1.0981842811801164	0.6346290942656486	0.9612932296524125	-0.44437529419066013	0.6496836516593293	0.7169585362660065	-0.3007749499758847	0.15552389923964008	0.6345123828716527	0.8709567681392374	-0.21469848316973172	-1.4137853343876456	0.4912308286368794	-0.0011576944105092782	0.7361941945414469
DTXSID1027924	9.431590846898533	2.4876223155647885	-4.5965143739338385	-5.158542120543944	13.246204405935723	2.602120451862087	-0.04517244522879806	-4.074687294121305	1.3702725693686033	-0.753212992763081	-0.3141793813555174	1.9091442009799462	-2.925597114270338	0.6074081914994576	0.8421547749929488	3.3070309514417464	3.7082433958350935	3.4567168391182386	-0.7286940209040337	0.6204724011642192	0.9678087522412909	1.1765142077490953	-1.1389239337378334	-0.5703588368085343	2.8751253147469615	-0.6966758080703863	-0.5676215716687453	2.724127524326567	-0.7534504214903546	-1.1317836019347423	-0.9372225198166254	-2.3059649371699917	2.439942052859253	0.5625046363845941	0.9910257205659709	0.010768776515232044	-0.758309534332967	-0.7683686962462993	-0.3132944398519814	-0.08422600331124261	0.5013990437516161	-0.3382600799590045	-0.9299680695274374	0.0026133580888339568	-0.7703076021151728	-0.8162339939282132	1.3612733700820872	0.6067924220338468	0.06479873153875051	0.1645150145470241	-1.284465630667555	1.132787751928437	0.35080989922165406	-0.3814357451979234	-0.5812968620644512	0.6068427071795053	-0.2755834473236331	0.9224757752093004	0.6811989044687696	-0.09500034886808757	1.0699257244803082	0.22714701721781977	0.2663541335810365	-1.7969063079590144	0.05688669641910803	0.1403659332941913	-1.552795964714553	-1.322359848752275	-2.0684930573487397	-0.1926734878349106	-0.9409278303972693	-0.43375164641324016	-0.27391963099279115	0.5192638944901874	-0.3706617445992892	1.2786031045949051	-0.5412110418540041	2.640289484293076	-0.3452668439922846	0.768695973912144	1.0336150364029795	-0.5499526046129911	-0.9486673121505482	0.49630911613843826	0.7873935696495201	0.79772942817186	0.2054741752480174	-0.42646476465793787	0.16469276106917394	-0.7322923799841684	0.12257303126769398	-0.3044252670252279	-0.954048059056618	0.1453781473076301	0.18853765516808296	0.0053014046712074	0.6987313504080941	-0.15241463093656465	0.4477632169124154	-1.1433847795603107
DTXSID2048907	7.02351607585563	4.75293299618025	0.8123082324078111	0.324062048192355	-1.7348661072392255	1.5162214632462778	5.751993336174953	3.1838016277249053	-1.692639855249503	3.2006168362925065	1.2622962452855708	-0.4641674457312064	0.04653434372741158	1.2046899701861495	0.557647684095123	1.4254811635056024	-1.295674494344861	-5.526279371557614	2.978467090287418	-0.05452779471080711	-4.609983893799797	2.6213729248807804	3.474662149387031	1.4596990194862318	-1.6942629076488798	2.1429696988572187	0.4637203546828689	0.10689266822607543	-3.4785838518666257	-2.276276465409902	-1.4266572747841444	1.7316674377831536	2.3478917378584785	-0.7464984124665335	-3.8800788083460267	-0.232884758050485	1.224205219644181	-0.922481861681977	0.7723534227976461	-3.389101219087482	2.4021876485763847	3.109314796960057	-0.2641638972592694	1.9801497382461792	-0.9638197566093636	1.1143012036363404	0.1356237591806393	0.1313228326446401	-1.9485469830873898	-2.9866243385477516	1.6740305747125173	-2.6608054619002646	0.7651420423270012	2.822467022550643	-1.3962400944200928	-0.4218356025904926	0.7387045327429105	2.5925746857272394	-0.4260520363669084	-1.0236971110448234	-1.7922845795820666	1.0286150913180283	0.7663974142289508	0.13540017947294025	1.4067919580404584	1.3098266133299101	-1.0753587833397484	-0.11898100320688139	0.7563680392510802	0.3630293349942556	0.7901546278234056	-0.5755176899305527	1.0945653211149347	1.2027699606396758	-1.8888781283446199	2.2985575467569266	0.5824513973825803	-3.486203324029824	0.40404784332647575	0.45673953308034265	-0.5260757059579074	1.8454396034820555	1.4960951136041105	1.5259767154773207	0.4693402253215082	0.4947750621468468	-0.824245051249179	0.1033610984581537	-0.72831762584874	1.1484412692823116	-0.47755294244452245	1.0323880247941921	0.22903625505560346	0.5827651620174743	1.3296912835056849	-0.5532175534786163	0.7230354494645141	0.08581452634314887	-1.4245706739427424	0.16928151304922862
DTXSID1023231	5.2667393962170586	0.6893952940796368	-0.34799187647513874	-2.2912141729724205	-2.1145937364140073	-0.22851925049619645	4.549982249193336	3.4707126814852054	-0.7190943813204436	-2.7826128246664745	-2.795740105154376	-0.5827483638272463	2.44509395774234	-0.5206986134168236	3.4358021261208376	-2.528885089521606	0.38124800840471457	2.8237720361865315	2.1723431645380007	-1.0677779973596608	-5.609581225747303	-7.900250714146387	7.085957040736992	3.763257387215023	5.627353269295002	-1.8212495610278003	1.771868580835867	-0.1531686271620524	-1.1524613637061594	1.467117150787378	-0.7127720624582454	-0.4487931317270282	0.8140666375435546	0.7924107948043689	-0.41192497275112755	-3.3129130671017246	-0.43081342298944475	-0.04571262764235051	1.1578605611724095	0.47574450934432855	1.3347340997897832	0.21978010281677215	-1.1158208925272817	0.4945580771641434	0.7157506285065446	0.13269314500304882	-0.6715889758000178	1.2626134868988224	-0.32205515444708316	0.27622511830375296	1.2280503991073786	-0.2222759672947799	-0.596079329868814	1.9107042917675154	0.11286170320526422	0.04751968838988177	-1.625751690571608	-0.14384160173178645	1.1634505950644165	-1.1176178317242347	0.024077105460791347	0.11523086039554949	-1.4813486244527914	-1.534671727663701	0.3343062139637165	1.1134247200921856	-0.44529585347930306	0.4819873682026797	-1.3490824722562833	-0.8785351590439099	0.18257174381066876	-0.2530197730102911	-1.2018702181405265	0.8733520979321002	-0.5161075142808071	-0.5137129644293414	-0.1669739901805933	-0.11577254290953345	1.0449661937184926	-0.4847798473457651	-0.1978500727273503	1.5434986540680486	-0.805979713561327	-0.681469224834379	0.6426242135377258	1.1190532935368944	0.03787738503462998	-0.6506749631471511	1.2585289031039641	-0.5210780870186927	0.1441358195348289	0.3994616895355297	0.824492248207146	0.39919061318454213	-0.8049973179372207	-1.0279287658226106	-0.27634545672049216	-0.037939938902493454	-1.1766875419251361	-0.08565999987209844
DTXSID1024625	-2.9022852364153646	-0.6870611130469841	2.364690927310697	-3.6890956754541535	1.7104963576603767	0.8760989186365722	-0.2487586188724381	0.43994384716186113	-1.098662704613818	1.2434737768297979	-1.2983730317795308	-1.0109970796454004	1.786170157468221	-0.7027754865163535	-0.1403414452631234	-1.8593566586044348	-2.2479491481155596	-1.4780139109851724	-2.2891423771528263	-2.1514166681339377	0.5461005996777001	-2.168713753567542	-2.2365593113560474	0.04168804237774875	2.1041364886900067	2.1913247194450802	-3.4225410810437964	-0.18891417501595795	1.703543056887389	0.36132078083202596	1.5261426534418827	-0.5460615016587329	-1.4510043793048233	1.4371972112916032	-0.5981101148833424	-0.3920082258612063	1.821524332463099	-0.8953456643133121	2.6720536073294276	-1.119266781920866	-0.30423015042957113	0.9060869691890356	0.4230029446649235	-0.8881255656847267	0.36002534168410627	-1.9439607173946052	0.934988845609321	-0.9959719524186386	0.009549770159637962	1.328035825626999	0.7673892222252845	0.8624792800050007	-0.44783503855968027	0.2925164432011697	-1.7935837407578834	0.5569470222477426	2.94134802689568	1.7089112804188584	-0.9152627028446217	2.8166399009110434	-0.26219207893506097	-0.38923874704807565	0.44271410692002666	-0.024083571628026906	0.8190784506988077	0.6283427796129513	1.168721662825814	-1.3829345720709436	-1.6986064351272616	-2.3438907575610455	0.161117779566715	-0.7301157196128746	0.8949872188009561	2.531840319546351	-1.277056132565976	0.5081052458147371	-0.243353230260217	-0.14725346245951948	-0.19518788139556015	-0.44420533199217443	-0.7023286490651489	-0.9883514920169104	0.15773756280543685	-0.3891864738860686	1.3006966661600605	0.7280831368237056	0.8050620744782863	-0.23532823690580043	0.8621151534821381	-0.6000656594835466	0.25580595815872004	0.3920795490890527	-0.10120269892644863	1.2817306327895583	0.07182744387617312	0.07394147847784643	-0.3247669219724164	0.11836503091333424	0.3562989636616731	0.3314488136759207
DTXSID7026441	-7.594663708321476	2.0551705841767327	-2.841497973117823	1.1925430264764194	1.5672273239056278	0.5155416229645444	1.0122209124444999	-0.1354096413548033	0.5017382489456493	0.8411556035542125	1.6449297677079646	1.9063933009381835	0.7905183053363595	0.43194033177161933	-0.37330057769288605	-0.6767407789742147	1.0573677088554452	-1.5019719810643994	0.3997927348378497	-0.19295432513941677	-0.44863558542678295	-0.5644381830135001	1.3880630253794253	-1.0363341258506387	-0.13869970152581593	1.4000159123967653	-0.15921794115425442	-0.07571009674854422	-0.8709487977951779	-1.2309872639640518	0.9236002662082509	1.0861365842909865	-0.8213568992450966	0.6421939688041927	0.8421856502027971	0.532820680074077	-0.6144774848019496	-0.12185796695856514	-0.4969246194152416	0.09996163331607434	0.23845799183103036	0.8253603607404042	0.023934672813753204	0.24835050286226446	0.6450424837712145	-0.18323939807079018	-0.9519735536655821	-0.0037250182116945153	-0.5593425174702668	-0.5270238174541814	0.471603720868509	0.3099881127857952	-0.7876052485994288	-0.685911779055457	0.27779531504307753	-1.7626526864384195	0.46473227790445987	0.3581997536888682	-0.31553271115608617	-0.7352516746911473	-0.7724137769628734	-0.9516427412452012	-0.594419373008577	2.161969637563204	-0.08331688388604044	-0.32816403061902283	0.21816379826465215	1.1720554905173348	0.14410921301684204	0.28157599263819555	-0.5075930183059935	-0.012106278104439084	1.2996134009074223	0.6939246344707396	-1.1522336299895768	0.3249632949973169	0.5974647090126372	0.6357788268820189	-0.36139002196398606	-0.6088995142286021	0.6816253193749079	0.9333885716720396	0.02892859553158997	-0.6152839558305753	0.6713644765121775	-0.4279515788528216	-0.5388235679102186	0.8299587776515926	-0.32485458301223696	-0.9849512095178516	-0.8369684940559114	0.9196625883249208	-0.653272252680562	0.2990836746569346	-0.4413954173127156	0.21614574572954298	0.38107663882711307	-0.3711230217515151	-0.27267710043638926	0.5197375747846601
DTXSID2042191	-8.331786285740298	1.453808644524997	-3.6633393386415163	2.092318910254958	0.8534578074689572	-0.04042332842798087	0.13643423540052746	2.262925804999371	-2.25206130399863	-0.062377194134486946	0.4780792156511987	-0.4666478461097584	2.4170889121808417	-0.9236425634561786	1.574460486793278	-0.4501520864476505	0.30918972655372934	0.0381363326313549	0.3108731381575867	0.5956958736257	-0.2369773596766034	-0.1321386019070751	0.45323005045104087	-0.45714580983544734	-0.769324235326949	1.191077389878372	-0.3017810270336801	-0.04912161012027492	-0.5181105454397087	-0.10430455538598934	-0.6118161187954899	0.6915808315896661	-0.2180991247033406	1.1327835093420568	0.07860187916492671	0.17897032451445116	0.1651752281671021	-0.09738569999012085	0.43517778893705866	-0.02662969859885774	-0.2271204624996803	0.42304002920929396	-0.04045286964707892	-0.789539268862084	0.49213163175821906	0.3821117964987092	-0.2699543205859476	0.4860225993894262	-0.22535058235940209	-0.9173973626391925	0.5962229503678234	0.3439257924513934	-0.1496706035805823	0.052501846338835825	-0.0018864647927579858	-0.12846380865032628	-0.6008804054133183	0.41647089728099823	-0.1289953302198989	0.3499731020659617	-1.1452393995276982	-0.6451377628744498	-0.882671300921711	1.0456583138942879	0.005715460661177521	-0.5383261424366478	0.07124238349863571	-0.06790519368555284	0.229861011093952	0.3774097350173178	0.003922010637679015	-0.015633782232257584	-0.2674268645097901	-0.9749734709655189	0.3793157034261155	0.0283764731475459	0.13369524753014939	-0.2967420433342439	-0.7567467061017257	0.13737989465574457	0.6603301122728938	-0.23442814553573466	0.7786423803160198	0.5998495716276141	-0.24025150562930842	-1.4560630411199742	0.3195712054462916	0.6386537005255531	-0.288582999220123	-0.3004572662810704	0.7748093786453616	-0.3401699192821039	-0.14702049279250107	0.3989444024367871	-0.5164998100190699	-0.23743271004998218	0.48001051265160616	-0.08743848851999728	-0.1991946411298939	0.7107126376384137
DTXSID9021762	-8.706388407566056	4.129278372935007	-2.597644179276275	2.0095465152905794	-0.08719807058434008	-0.9855857919880238	0.8357413231150661	-0.3688592383816442	-0.07101094691471456	-0.44304003823591886	-0.24798578317605202	1.358966298474297	1.2297856664092883	0.3267609726271177	-0.30021273414267574	0.05076831040005259	-0.14413726557142728	0.2882856100864259	0.4613795305469371	-0.5391940653002625	-0.9469664777272014	1.0524939294323894	0.023198566662115002	0.7762267412398988	-0.8741238567497058	0.15611324039069704	-0.6683046963221311	-0.9301561501337038	-0.44217277559931234	-0.02660448647643611	0.8652038262232097	-0.003762024724541381	-0.4134113689478822	-0.45124009960676564	0.3908895792306077	0.4134486135904404	0.4585174594695051	0.6586363604149942	0.018682229183831466	-0.8915031415233794	0.2385461696782679	-0.5982487840444461	-0.2623571801429877	-0.09077683649627356	0.4449356213138141	0.009330040775323171	-0.5654094459547296	0.8899997739583991	0.6277461213119837	-0.3480334626942362	-0.40449072742195746	-0.4403340016526089	-0.02682845888002141	-0.5884319884516224	-0.9723716665919114	-0.5753339691135868	-0.357667991804048	-0.3427271271557149	-0.053228141491948565	0.12141257254066293	-0.44613213722568223	-0.23971371915960357	-0.15221255139505094	0.3193721784982503	0.7189985410273334	0.16216022615326606	0.10130453232663922	0.015571386312003022	0.8759822447522608	1.0559411980642976	-0.4455805114783561	-1.0615988827070748	0.7010659556130298	-0.4982316767413707	-0.5698552778252066	0.1399436818232547	0.5823086644798984	-0.4801660192996715	-0.7137653255427391	-0.10687101545048242	0.31308884941162884	-0.1717400193156499	0.7463724225061529	-0.08750164187213218	0.028058655197100307	-0.433227279862734	0.09276455462004464	-0.028912839650454623	-0.33216120488132833	0.034240606072594174	0.3090990232104542	0.9167904975642169	0.1728790718807925	-4.4825818191098076e-05	0.0280340691308547	0.7721853622092899	0.045112147821885794	0.3595168289181939	-0.3776498496271461	0.13883920266571045
DTXSID5026623	-3.9254699855245363	6.111322126147409	-0.511053707847165	0.42086588973248396	0.8150226270980574	-0.3091710851023087	-0.26860981445519416	0.1733624239176081	-0.7822209588839322	-0.318829434628578	-1.1097830505849584	1.2584258583766417	-0.2533773941719838	-0.38437455327704945	-0.3636584624903342	-0.07857817746034115	0.03591942653559569	0.09257322204128861	-0.29689624277395466	-0.09975707682885006	-0.3823292909034678	0.11125021531190418	0.4640822339514939	0.24721699583783363	-1.2228506928472025	0.6901231291902893	-0.33755134636900774	-0.5760607865896701	0.03903054893977891	-0.7126192796601335	0.4428659950935973	-0.17948377328381585	-0.2797767268651595	0.010675799822114676	0.7594240737611472	-0.027697106360791184	-0.025709104542238702	0.15585464032225171	-0.1829000996133536	-0.8813642624921331	0.47278751461785107	-0.17618313942551034	-0.07277555787697151	-0.21413769280094525	0.6530421963729272	-0.018650444782599116	-0.7040625729277331	0.6567644431141477	0.44649988630703835	0.24259605649119576	-0.5196561261815321	-0.5600908624351705	-0.46323863799245396	-0.5829362715733536	-0.01160204831492847	-0.6107343252291539	-0.15722876311235054	-0.5331486596741103	-0.46970245730497767	0.27352044524331565	-0.6971651055198749	-0.426900984264179	-0.9141958404721219	-0.020663503751412113	0.2874214531868806	0.3920307117918596	-0.11645563187834525	0.03700696083210516	0.6930660445518936	0.7442423182729427	-0.5029679332446503	-0.4687981648022911	0.4173737739623501	0.23046523356699514	-0.2314406730211903	0.4311264666452524	0.30771891456848244	-0.41178753925181655	-0.19141849324695318	-0.25723888606436496	-0.1311026528124339	-0.4701645306587553	1.1465128484612512	-0.07727756129877356	0.008762780038290804	-0.3435039666163007	-0.03643646990831972	-0.20158892469734432	-0.31540739900431636	0.14023925270721382	0.31080569525737595	0.8916025335495074	0.23237193626765443	-0.34815597474618704	-0.0765972012260718	0.7078473983247767	0.1639276728804671	-0.03627132941713002	-0.3008868958342387	0.0584378488931828
DTXSID2025133	-5.624497928962309	0.9970124861227625	-0.6189945538898863	2.257305053303263	-2.0009487674614825	1.0206314909018428	0.593769878218161	-0.5731023590131399	6.655878320913019	1.985248660871705	-3.864999241277798	-2.9708131507226914	-0.9135387329734127	-0.8058657573709218	2.0749115763826684	-0.24205762059726837	-0.19042782954510212	1.430103220871979	-0.9675869057252945	1.2256466253472365	-0.6118063022717871	0.32250315482689296	-0.15841748518602414	0.9090134106570658	-1.3843895884768362	1.3757192513596528	0.10805400822134638	-0.031180913103985138	0.5416930292811649	-1.1801664957673825	0.7196090345597296	0.03978696936579108	-0.6752554160086669	0.8161129193064973	-0.15502327658332243	0.6337842717511337	-0.22555099046654212	0.2611819416732936	-0.7642410259065501	-0.5611411546881463	0.07350924017406571	0.0913594055234281	-0.34975686407292056	0.2554881665781594	0.734982362763726	1.2196720686852343	0.422025662560968	-0.0796728029698023	-0.03188753673396331	0.1570779447533043	0.23496137458349053	1.1574035844097996	-0.9058345609758093	0.10674305328993296	-0.720342368113988	0.12024035539242316	0.5410858050423715	0.14804953461205256	0.6308221025958337	-0.06521628660121258	0.8608197600929773	-0.7116498257881348	-0.7371824500596685	-0.019819958195725344	-0.22935002297737966	-0.007895223786023215	-0.44800452244738936	0.2889999323714623	0.4489252790792544	-0.7099623624499313	0.06264617479996962	-0.09634296044857914	-0.5117003170422463	-0.6749972057227618	-0.3469838226892907	0.575502815814764	0.4186845329729165	-0.47152192065273446	0.13479801579637343	-0.19209871659412545	0.37786172397498674	0.35917566706291465	0.018817018245436416	-0.09795206199115315	-0.09953896482549088	-0.5669608225693906	-0.016193523654302506	0.22420302795566674	-0.05562251050964407	-0.22997234160144586	-0.029219295146864083	0.0878814299619619	-0.33978333068137917	-0.04414397524833702	-0.05607595224264665	0.229039695775663	0.08972465880623443	-0.04408665213914963	-0.2825677025374536	0.32336425383459727
DTXSID4047915	1.7778827455771358	0.7046691127609058	-2.0817090006803896	-4.124924103391202	4.6001932732572	-0.8773105211917239	0.0984998521556154	-0.9183123410580739	1.0849226545771065	-3.5440880014340435	-3.715515293106955	2.783333955880262	-0.7110381247850007	-3.511199023392906	-0.4072289591020305	1.1664810256831948	0.6127473718607476	1.0724930434402296	0.8266536338213002	3.2484021293627996	0.27229720433916993	1.619550314746598	-1.999567536103469	-0.9295770962506436	1.1275690578971174	0.25290550939358103	-1.3581777786528235	-0.7126001967430936	0.17612877026756193	1.3750349099289074	-0.7471046890672444	1.1268655270088181	1.1226489740914982	3.7756920270630223	1.3127080384731107	-1.66468279039228	-4.7387139753008185	5.689920009766227	-0.16973339434665363	-2.9179936477501256	-5.412606432392003	4.708849801080733	5.193137129956221	9.330789823536485	-1.312978606066645	-5.564924700519878	-1.1299779132552457	-3.0560453938245993	1.7398504848654497	-1.975540426702652	-1.9195927931828158	2.038476583156104	-0.34412260152431706	0.13632592589192982	-2.3556593387072446	-0.6799820530048968	-1.5103645655684454	-0.3087114552688225	1.0682155270957652	2.0621856722879994	-0.5066737414056882	0.5141780615899244	0.4950210316811133	-1.7635671755839877	1.3538997141232294	0.8774396808189299	-2.0230804918561156	1.664911932708216	-0.5361714536994331	1.1349680223734773	-0.9283154836102159	0.7187758579366533	-2.386382917129431	-1.8197208742580577	0.24578165846729236	0.4697033749355242	0.15198984691792444	0.26635491421049545	0.5312488701885965	-0.07278481444148663	-0.11426770982577535	1.6240417440728874	-0.1402548541900185	-0.6893211858062226	-0.9313884827292388	0.6516156790206925	-0.5209281834106735	-0.5076637462540563	-0.8154254281238038	-0.026191586197224916	-1.5400085278755475	-0.24946302497007455	-0.23858596646400332	-1.2360540425932482	1.7186925988489046	0.6764276052989844	0.4525196176741105	0.5141457360152334	-0.965156796203499	-0.3328645090268074
DTXSID3041617	-2.0912818942213445	-1.6365341542135237	-2.323209969489025	-0.3259745306566095	-2.0080493084728803	1.0855207201277346	-1.2953310481845632	-0.2865428693114925	-0.9891515404022071	0.8952100617200658	1.3896457700778004	-0.7436016102415743	0.3655769176894161	1.0349632144709495	1.2189268641480058	-0.3909907424279426	1.0494510262001409	0.10927675603726499	1.131589859080733	-0.47717721933678725	1.070706446408131	-0.44043967645998094	-0.5971857349509155	0.09299778444770516	0.4428945650970479	0.8356035824046044	-0.09675508221451679	-0.12573900132325133	0.035254201500752716	1.2621494968871856	0.5941250024811006	0.19079498595570396	0.7962328061220348	0.5427829905657131	-0.3630455848699865	0.29268167618908225	0.4934870729817893	0.04760943054801701	1.0627521717432944	-0.2313652115951246	-0.04455437827628064	-0.24412545163074648	-0.37008575067029864	0.07368273365700134	0.08802167721251958	0.1343111171676107	1.1591772661258508	-0.19334469255342904	0.09835980747713863	-0.31785497081622455	-0.04384960632873711	-0.07193085629691597	-0.17010626698942866	0.14447231861722817	-1.1542644662538983	0.19005559732714283	-0.9128425106640077	-0.6979113946365987	1.1978774726487271	-0.2723927423662195	-0.18428962041937852	0.7004696549938266	0.29433355652575943	-0.24726311164267553	0.4510087301155367	-0.014814509634892455	0.5122729687275962	-0.24347571487426034	0.6438327009449035	-0.6666157447454202	-0.1599338308858908	-0.4216242927429184	0.6967101912324634	0.18978412230057726	0.06553018888894228	0.8214265089210763	-0.18670532437312976	-0.019418279758000326	-0.42521786116850213	-0.2727041653856032	-0.3849740583537246	-0.13498675668330537	-0.6506900606317537	0.5671819690985892	-1.5149907120403676	0.2221870732485105	-0.7192720381337433	-0.8034485935446753	0.7096569180366777	1.1607797124214927	0.6965874457695042	-0.9042819257710774	-0.9906559922479935	-0.22063619420571262	0.9902087299460883	0.2853379991878355	0.0033179202247857905	0.2440373295761769	0.22554393306358692	0.450740859401197
DTXSID6044642	9.625647946752332	-6.6677731744378175	-2.5034432032064515	2.54574593423734	-0.34578284601199655	0.8600566868080044	-0.0500175611924672	-0.6595312921737327	10.466914705357192	0.8777880029314927	-2.0998678471744445	-0.8107434156262733	-1.284102975054444	0.8762342294069617	5.105582079239099	2.9759504159590375	-0.34798771061421635	0.06608798034933411	-5.235638294680684	0.9724221623715033	1.1293391691095114	1.4621867684375824	1.3519058781630016	-1.1906567986375909	0.25704067655789825	-0.8211605463886187	-0.42842008813460847	4.963712157524359	2.8477823708224155	-2.8849421777899376	1.9085199630377698	1.3217588451735676	0.6047830007176881	0.3249869037035423	0.5432591393126799	-2.500630323315088	-0.14257908840406158	0.9495532565604449	1.0820750301700728	-0.43631439427806623	0.13562715150036328	0.03199606947292103	-0.5675070540150343	-2.304763959901836	0.8434364269716931	-0.10210459555363034	0.2620503142269275	0.4886203987437711	-1.0344830334988553	1.0443453431186158	1.8255897545525106	0.4862474401225107	-0.7798105238805959	0.16903210101482097	-1.2685772828483688	0.4935046902356462	-2.150714686368206	-0.7650669518857338	1.0389921264951592	1.276291878308307	-1.2288776323902328	-0.25310944089521004	0.1240123523042279	-2.184817357678554	0.04818009818392131	-0.05175584164638634	-0.15901052572468205	-0.6727960185542158	0.3872502329743481	0.07185255112227264	-0.09044651531890906	0.10262304803869404	0.3934333268308975	0.2666703480624638	0.019473759333688147	-0.1679056558785697	-0.8749574535362417	1.1678451561880063	0.11736353392116658	-0.8720967440385176	0.27025458510922096	-0.02261126783847172	0.379634902951038	-0.29344043180169055	-1.4539847173792297	0.2763928257960918	-0.4284154613022345	-0.1458271992036614	-0.806625357265518	0.14054193214050506	0.30593295853452623	1.1087671343762902	-0.9473454070009902	0.3896715112812797	-0.15361551978216623	-1.185104448945267	0.30430438674195703	-0.20559297490045406	0.16651690538606878	-0.023252666971995427
DTXSID0041850	-0.6290727268335172	-2.6828291235197637	-3.9704647914384936	1.628577917070845	-0.5825741028013466	-1.2729409112651313	-0.6553557002838555	0.017574765730073882	6.302867104786396	4.3151512562809256	-3.8048966465165854	-4.601485471673827	-1.3359375434860898	-0.2319220160559011	1.6691615583375992	-0.5182427245905229	1.6963401449233366	-0.5330947498931912	-0.6750063132358096	0.7351005798445528	0.08881109055456385	0.6484253433722182	-0.18872590077537718	0.7046143011577409	-0.16235781401775912	0.1983887206998262	-0.3309935671824837	0.5597978548912252	-0.8432175303500455	0.22904389910984965	-0.4957542698194567	0.04353287335447446	-0.6292120953452485	0.5167150110377918	0.1015220571359746	0.27987864721362293	-0.753486393931268	-0.33355328248070165	0.5637230369200098	0.4694954294787819	0.463806578102999	0.8088883126756872	-0.4440041584441046	0.11522992160268203	0.0012713779551798187	0.29967239967176	-0.3941477402743884	-0.24959370471903664	-0.2055197901660296	0.01921225589351958	0.6541403267468967	0.9652728213720456	-0.31121861770624887	0.5055344665446425	0.618800845473928	-0.2518922995966341	-0.569691066846274	-0.39043952558842504	-0.10326904523093935	0.020279529184360195	0.08076451464099886	-0.12797871685938444	0.13218439077883726	-0.5255510855198815	0.07187199814544275	0.2893088775215926	0.6579795386696055	-0.31142718444163	0.16632960109487652	-0.6542839951835693	0.03435843475865407	-0.7363497948735537	0.4815168334484823	0.41846691397707314	0.048611181697630436	0.32226524761122455	-0.060874056064336046	-0.41245531946385605	-0.10494054266638853	0.6834332716377455	0.22368510817481366	0.18325552300174625	-0.09212414174874195	-0.11781200574593598	0.5762724413645631	-0.06707276756001647	-0.2847292065884952	0.01095517026309162	0.026523505179257535	0.26139862562760163	-0.1848349190766983	-0.17796897917442198	0.42439554401568774	-0.05922490170149535	-0.06743859984499104	0.030827697005069186	-0.15391160453331107	0.10121849085287006	0.18425033610184396	-0.03026553187493932
DTXSID7029534	-4.32228448683367	-2.0483328494262696	-3.9409482157740827	-4.668449631934913	-2.5893270582059267	-4.07785006621039	-1.6782408309200176	-0.3323475292781154	-3.349609379858195	2.769957994952207	-2.5963186134107406	-0.37694171138813565	0.05736334348065328	2.3069400419409885	-0.9094420609750795	0.22689677334638356	1.1113535837787776	0.8962788152458218	0.7494987680685029	0.6145496123322275	0.964591258612263	0.2704157594190951	-2.372277405571917	-0.4535885410825304	1.2578262763063277	1.7827883846940662	1.7938531865777727	-1.197399438185446	-0.7091807404999955	-0.5179434118467452	-0.09822646090392054	0.875588419917844	0.379082603155414	-1.306472184962119	-0.2760714379145988	0.31698527035924096	-0.4967328528698634	0.25872283722697453	-0.024246862911692438	0.9672331630066019	0.6989143174968199	0.41228006950598667	-1.8860381269510829	2.5341883349941767	-0.5435216263744039	0.9281625584486579	-1.3312387103664198	2.0113151319190252	1.911166804066145	0.10788438720160146	0.6900618778485288	-0.1296972833817184	-1.6868157396365773	-0.5359114257268497	-0.07923007924722737	1.181681961468107	0.6874101931669935	0.5096660942657072	-1.925981543590067	0.4754566124059123	-0.06235683908543344	0.383952055034271	-0.37256920163262824	-0.1448465374264522	0.32615952038214535	-0.360458515783936	-0.7084719115937048	1.1831799771691336	0.4657586318465218	-0.08151846149578741	0.8308787882820471	-0.4685844212894845	0.6436530608339694	-0.3335594890574622	-0.41402140407111776	-1.514748763958882	-1.88221776980566	-0.07133646727067906	0.4738797307785058	-0.6881732136963978	-1.0203856476297364	-0.015560982766777625	-0.20490173860445693	0.3311681659365439	-0.9179484449672656	-0.26042153789955674	-0.7119831186961642	0.6023276342270953	0.616779692819396	-0.5684758584277689	0.11069460280134823	0.3770994267369997	-0.3923979037380525	-0.45194814032680036	0.004868286027355994	0.052596499317693175	0.9715326566726784	-0.43463971385868666	0.3448431374068626	0.03486782210949794
DTXSID0046646	135.05700034323618	-50.086288985759346	-22.53580803134947	142.1069153359105	34.832883574661636	-34.690736988693764	262.7571081246543	62.944857843237706	-62.115103270148055	281.2585764805576	-102.50034033396159	243.9708570939089	61.75710160417718	-13.944453289346521	73.08125884486802	-130.2794724323424	-88.34573292101199	132.00792732419353	165.86336118007242	42.13057672800552	129.8392904402818	-68.7592411051761	-90.88399744476689	15.457305289890524	-42.14457370440536	-83.27790998539328	-53.44047884380872	40.521025498036174	20.590376137655266	30.580914646073968	15.76337294900825	54.75811789682892	-10.281735301597307	39.09781001653996	-3.6006962875116835	73.20325645805903	-21.97467733132305	41.45358074433722	-36.93627273213699	13.415439826248791	-8.947323494209641	12.005123040298882	-11.380529744939517	-15.001395853924858	-13.140148101264868	-5.388348036634623	12.75615439660135	-32.021078578119784	-6.3191361605521	26.89572673850611	-5.46509204671103	-57.02847874499241	-47.69395487410431	-7.112597195735434	-8.810349329511114	-15.534383399697996	76.19719548802567	12.82957770617106	-106.73114314746633	-33.80728951288691	75.8514108318403	-75.38220332040879	36.61747908154852	7.503993759927951	-64.91276625522444	-203.2963625300594	-17.658676164918294	-81.56157398103919	-67.20610011834309	18.615420767919055	-67.98670948619231	-120.6306690115245	-25.316253151103666	-30.57611929590768	26.58604067110043	43.32402183858482	-126.65225030023554	14.7288646932652	9.430262704481233	-124.71783735101542	125.17094261807688	-112.03883437790923	158.97328876817875	-200.64171143471899	-156.09477113929046	159.7415017404072	-47.81890417713205	-70.4835423075776	-18.695991547223322	-47.73718626694287	19.339314744296747	-131.5072731134821	43.96490415659861	-37.87806250666444	7.597257975931478	283.58864821789683	-25.747858920766284	-8.939369547925281	34.20274394407059	121.80666045493541
DTXSID0042325	-5.825499352731514	1.4556010648949116	0.7388680140249394	-0.5187353102545879	0.6337591376510543	0.695847638870127	0.8856177411527423	-0.5877667544707021	0.9225015964866881	0.07640908216225462	1.0983439688499164	0.9313721071954698	0.7349153514334612	-0.07930374256253132	0.6026345509401875	-0.8891398943761708	0.5326766861617495	-0.7460613036332231	0.8820100070258681	-0.39292535115173116	-0.14313011405636147	0.2612938191488973	0.7217462415345633	-0.17822210761384524	-0.219903282532825	0.5561573459592222	-0.024694894165459582	-0.5504392336008301	-0.3593565674278077	-0.4863916585394494	0.825026149567983	0.26845692406811716	-0.04440197823617007	-0.27582851246540213	0.34426769788763584	0.14511193374672696	-0.414498965854328	-0.054937678792080606	-0.4816915950652742	0.09074210478807078	0.28080846551492195	-0.016235100825022	-0.245263490694553	0.9350225268387046	0.5712334932977948	-0.11681022959743172	-0.45642421086782714	-0.714471513827062	-0.03968797473409697	-0.4498414975291501	-0.23716968505805955	-0.1049616146194232	-0.6876112075251257	-0.2439374639334069	0.1780079855232717	-0.315482520213472	0.43310843222748446	0.3997047758330838	-0.16126744321580125	-0.1763638607532122	-0.03686256234296518	0.23284896265489327	0.14873385249808915	0.8728657040994032	-0.05286848874489755	-0.31515761883495086	0.06062044799391091	0.28441924509958566	0.3196336645224178	-0.36383878412221854	0.4266248134024267	-0.10780072386671984	0.2862146786100272	0.2574743561472799	-0.15591630790422095	0.3895308906882425	0.2577449199410061	-0.3224023409481367	-0.3599135175494347	-0.15242639450319465	0.5204269644180723	-0.25551198406351927	0.19017923660712846	-0.06114076238485043	0.342076747900089	0.06340967949721905	0.12442174448280287	0.1188248881490917	0.04414929950963193	-0.017569407962583133	-0.16295089031952373	-0.04721037888743658	-0.19827791276060228	0.1556031982280634	-0.09941859706644082	0.23372388954053622	0.11291203926488005	0.3093408655830109	0.08643033583092519	-0.01037729382155434
DTXSID9048512	11.593175838819768	-0.06031593294752091	4.064788647067795	-8.294896665895013	3.498034395670937	4.178173463099149	4.927155784140285	0.5472657570105433	-1.1060246555766304	-1.154049425456977	-4.312546917435483	-3.4649534986041117	0.3780077870135845	-0.9774030827047592	-0.05773804859102004	3.8878814972608033	-1.7218263532120004	-1.221549031165823	-0.7865628681583068	-0.5094063884188317	-1.802716537653103	1.0505445960472122	-1.6773404142616237	0.4255942240404489	2.8295665899704927	1.0471418687215628	0.6539562322977337	2.700672005703002	-2.959614059617059	-0.49411738214247475	-0.8455063190723662	2.8031991870781083	2.590741736278371	-1.6344969466392156	-1.873224795614612	0.5291473444370065	-0.22064573214164898	0.16330945402385788	-0.57970285267216	1.0760772953778575	-0.21106181033194624	-0.38453698755489957	-2.3877237618322207	3.61897560963225	-0.07871670544323603	2.4694654649367886	0.7450255038901232	1.3741449913467263	2.511878996798902	-0.3676500884031539	0.325194393128064	1.4948052579261852	-1.2638744640302157	-2.0035330640572444	-0.930921499520405	1.8846193531737983	-0.20755288262271976	2.1961714151605034	-1.2685566857116186	1.552644219718335	0.732242784034903	1.4372530503743972	-0.23804811716529015	1.1986120969642593	0.13766156739958407	-1.1852142452123005	-2.176595845816696	-0.24637208894538962	0.055356155856512164	0.5272972142703827	0.8008529275132742	1.1196806657996516	0.024638626268658793	1.391205981572515	-0.2520280542325414	0.0863906803391404	-2.012713839841475	0.6146743257585391	0.561690502647275	-0.42691261665000824	-0.7057511563029826	-1.7200416576480846	-0.17369005390187095	0.142004956314522	0.0038418538744486906	0.5588516350125547	-0.7935463080052652	-0.253458249791437	0.957598937345992	-0.379794012054031	0.13592585655967712	-0.1057642323528295	-0.620777894618862	0.3451482959716962	0.24246764551805655	0.35243243419650144	0.04496688304668143	0.21843049266674358	-0.16365263071049552	-0.12075766169294373
DTXSID8048866	-4.276341294030474	0.9746699718863097	-0.4566174012284338	1.7839842752475057	-1.1379623989562055	0.6581113838835072	-1.1498872577299675	-0.17205508707789804	-0.08542714937413134	0.42793249602143435	0.09158137863301084	0.7422646815571489	2.4935100640176233	1.6346390688034012	-1.1933506029723735	0.7254772858930411	0.014318587866585287	1.2631072710235163	-0.7977650927059943	-0.5677897568695149	-0.7990850599471284	-0.1094574479530416	-0.9862107050993949	0.30024330172624575	0.9504839278605934	0.22877529481072414	0.36727685622913475	-0.058214939087098044	0.450531884268069	0.32151530027326686	0.7849470868725089	0.3650663550563909	-0.10245874790530339	0.325943066457697	0.005311696523567281	0.319724177909617	1.0443116612583578	0.4355864763749513	-0.32606748696725313	1.0879299075081377	0.024782187820394347	0.4732577860823701	-0.3336234103645448	0.2861171070392066	-0.46339840967074086	-0.5177049074516819	1.3281116793361434	-0.04474998687129472	-1.746415540556298	-1.0336149506437537	-0.4321890044557643	0.3231447484139058	0.4767261200102501	-0.00035361348096674507	-0.9697023872754075	0.02716146387689854	0.27677171497704517	-0.7724280695804857	-0.3426291055031945	-0.22763940641093197	-0.3285297042675706	1.5486671803841912	0.770913084474546	0.5483894148938885	-0.8692361547129368	-0.3012548185101924	-0.1717764550756853	-0.11486117230154548	0.03128801094818981	-0.9107460165587764	-0.4471506778805998	0.17285304345000924	-0.18658466109910757	0.27456103708197804	0.05074538825829814	0.5805544296323019	0.2920077368775693	-0.5171965434202467	0.1997833225830375	0.08442969026974925	-0.158368069185728	-0.6214328374243571	0.11400884107307978	-0.49777763234228434	-0.06963684720231383	-0.826161920786114	0.08723976185724801	0.7676602238902716	0.7165508967564432	-0.16611301237977588	0.2541569724802215	-0.7166116691240496	-0.18698647861058912	-0.323925280619656	-0.4298530650136604	-0.12228709622178562	-0.5429844510604911	0.6820155967965649	-0.34598101721111246	0.05997072316087155
DTXSID7048875	-0.42873861376303835	-2.9110012159663192	2.388511286130037	-2.9017458914245284	-2.742411708149053	-0.8781723675094474	1.3130389681097456	0.19198085106357038	1.2511340309886954	-0.3060036979472964	0.31438705062105904	-1.020217764251379	2.3752176377576766	-0.8345204506863115	-0.7190071206526629	0.25777873788143724	0.38713427299089676	1.6205101879574175	0.4590062801318214	-0.28718172276186593	0.5095016028566843	-0.4540257791626809	0.6534440386996968	-0.9930728061332397	-0.5259781832974029	0.02602129834817701	-0.29740353735435193	-0.7188367391029797	0.5643491607982438	-0.6949098290958823	0.32440996706137304	-0.4934581801205186	-0.43480991132293706	-0.7285742081435416	-0.8299310283766773	1.3703580607122774	0.9870263444762128	1.0047807146633967	-1.9882392106821507	-0.9565492480381681	0.5442630102561092	0.7544162220662551	-0.00885073666740155	-0.10598577894403333	-0.3153534025349373	1.0147864051034063	0.7693527571712622	0.3564932362039688	-0.0966734279661165	0.33646878782907613	-1.4417622186666534	-0.261866570114161	1.2763766258725917	-0.6150649653378449	0.8846014036029468	0.9097391230104751	0.4945150908004234	-0.3231448751550489	1.1549974131315515	0.8600618986641512	0.08646376910723085	-0.9118016314187068	0.3771039450824138	-0.8752356331915296	-0.4029713424174605	-1.0765556538716121	-0.628622466165951	0.9444147638803194	-1.2200014578483693	1.0837481679312626	-0.6705424983141286	-0.06137260473235791	-1.705475406809744	0.016372446602790896	-0.3844936399300798	0.17759986278428697	-0.3822497921845727	0.3497991936223524	0.7005853507958535	1.3694921946134544	-0.575660005962266	-0.013675422548394014	0.21019388923137902	0.9717606583852791	-0.3958442608669821	-0.103724360988263	0.6578754142572162	-0.00707176188561867	0.9299713244092489	-0.8435158364242151	0.25394804424591666	0.1036262432306515	-0.6608964871205479	-0.41514586140074966	0.47010886878235797	-0.0026890497713469522	0.45578871221986406	-0.14763013082328208	-0.44559735641741766	0.6525156026875772
DTXSID8020250	-8.900886677746106	0.4397716938647238	-4.82706064468875	-1.8515872551663952	2.1851357788237182	-1.3278551415239208	-3.2873239185811345	-1.437499123077869	-3.9583790211928047	2.7992683677664583	-2.3415564868498846	1.2538260140210353	-0.12717068483441302	0.49481393033791415	0.8348990161528369	0.5538622491133421	0.44146935409804133	0.18993694933029584	-0.4566939861097999	1.2268403493283553	-0.39408273308263436	-0.2912920654323335	-1.4756169386567326	0.2537994850322883	-0.365267894700183	0.05874358128780175	-0.0766021199725952	-1.2134418751506568	-0.6356930620682257	-0.403341838950458	2.1223173391031382	-0.33635939872102055	-0.8158929316519036	0.8953442532769432	-0.030438232090540165	1.1396764291996406	0.9064913109640462	0.8768597503635425	-0.9125577543158997	0.09889835162618033	0.36357035433863616	1.9333109303078322	-0.3328887401026733	-0.45929791703153494	0.1351204162969707	-0.04731176635817964	-0.2750014810188561	0.05454895185133293	-0.37682532477154745	0.03771538183011386	-0.5030910071640812	-0.7296195876202555	0.4807078695063791	0.3657189559979265	0.6362692807032873	-0.795953885328772	0.7268107386760864	0.09111149164590054	-0.6657567768646865	-0.7532310737066336	1.1330033712984555	-0.35920477705437653	-0.7458653580050605	0.18151652189818956	0.8907658066781723	-0.4276954572380138	0.30110062239973207	2.043441869482135	1.2997730355934562	-0.26423787397348664	0.2988047063874702	-1.0223914799261642	1.4332711085761043	-1.2956437039699236	-1.013942072264225	-0.4371100469986265	-1.9633382117950495	0.5493210845931812	0.7355745308231803	-1.0177933202082758	-0.41904701798767424	0.33951408080749407	0.493891998369453	2.0523758734573123	-0.9357795148988016	0.4908229068843211	-0.30532792536784537	0.7190641674636801	-0.280510356356286	-0.9674749021632552	0.15563921455164023	0.8863881647867802	-1.1005297708313855	-0.24433633084920317	0.8381572743353061	0.5655382662397089	1.4173089055076993	-1.0402597424807922	0.5691672401893886	1.0097946125844812
DTXSID1024463	-5.324132915258944	-1.1362561508616202	-0.9786917252892411	2.892773398985722	-1.2402859992217583	1.0688283229860034	-1.404077550447753	1.1553516194586717	1.3409829755724347	-0.08094839720926258	-1.0480613058376125	1.1817520778835209	-0.3764576888990085	-0.4160389656991377	-0.780914731032923	0.08119130607404684	-1.9196928545781562	0.2707018223907103	0.5530506871036821	0.3260449533473971	-0.3896597651820887	0.45033326882166597	0.2456365901235387	-1.094444621751846	0.29181594865403043	-0.691879585006574	-0.6794357370092845	-0.6429677055129009	-0.023101097338105458	0.6136070398623048	-0.2390455845572055	0.007384625897713858	-0.4425258998031097	-0.8592890105740224	-0.3002063749583833	-0.1355764341078306	1.1505842037503027	0.9793950507145294	-0.24864346436377494	0.19436506065515213	0.3834068500072419	0.23371423452440857	0.19211281119496507	0.13179360594819375	-0.08528796152870212	-0.29046352211851123	-0.21821143018302488	0.6443764049742186	1.0318847019236705	0.1288572589663332	-1.2447917050163961	-0.8066792354607628	1.7544068595137743	0.01863606001167153	1.1150085154714868	0.05252805795720908	-0.16025708067412175	0.37936354943267103	-0.5444617169891611	1.033545762284105	-0.6411477733869525	0.9173316124892443	0.7833436451773307	-0.6105645890569391	-0.5062322535999583	-1.8166004594721	0.26089842568194505	1.2000283255876272	-0.17235539256691196	1.6173092441194952	-0.0513885436948426	-0.3209326594467391	-0.1027833055385362	0.8384196359945038	-0.8097088960510811	0.7187851804705029	0.32793711536244624	-0.006555423416067732	0.714704965152602	0.5279733013776642	-0.003259103104312292	-0.06452026471654364	-1.0009023263817405	-0.22674026468015251	-0.009567110878039645	-0.417281322180901	0.5014693899370927	0.4882549715802667	-0.44752862947127564	0.7259751995723525	-0.24812169909689594	-0.20737608051129927	0.31042072777409946	0.5443035673344617	0.8569451662568827	-0.327906476856282	-0.9856184154115387	0.5530358350931042	-0.5360971155671412	0.5986803559819505
DTXSID4045636	7.87414533692722	-3.0848432899627136	-0.8108285303024568	6.547934248995131	0.3637518965830546	1.629020379239838	-0.6544742060356161	-5.57893248196641	1.2787818491964005	-3.144591221641722	1.0983986270034718	-2.14041943361182	2.822904728636074	5.072954333837845	-2.229547622900381	-0.1951931498881912	0.37619956112623304	1.2132034456572038	-0.5981897999605479	2.308725373053812	0.3035995604790905	-0.9422130416188356	0.5374797346030264	-1.7137086617119524	2.9457622408024835	-0.4593555968848488	0.7559348533641793	4.313463791120462	1.2989285659564784	-3.3611812784136643	-0.7342479921820518	0.8426659080650464	-2.217164664332438	5.075853129092773	2.484607822826852	-0.2969192522979204	7.04151878799348	-1.658130872018104	-2.8098480936625947	0.250587543906175	-0.8545224893128491	-1.8617880963678028	0.3005996792438696	2.680165448991674	-1.1535351793630888	0.4737739561463602	-1.5303565297286101	-0.16709030608916806	0.8626085060032226	-1.8872363258841118	0.9622852975346602	1.5144456151786578	-2.747938199229541	2.8675926780507135	2.9683779783394213	-1.748006460103863	0.7271261768489301	-0.9003710874417173	-0.6462221349564947	0.4886432890048251	0.7113712439710314	1.7950702952106785	0.441306323432303	-1.9793852735334316	0.8098818668292936	-0.6279448555375228	0.4792487945283367	-2.12125086327657	0.6644692214929709	0.8455730771484353	-0.09370047639781919	0.17035871956138166	-0.4286583676003005	0.18528727688566096	-0.7035838411115368	-1.0074967321083101	-2.473423352769561	-1.327633128737318	-1.683525835199595	1.0030663281224208	0.32668056870845114	-1.0432408756778926	-0.09847037707863156	0.07080779551322545	-0.21901486613767157	2.562035541052094	2.700107506423018	-0.9071524242730632	-1.1618080620163882	0.2424913031265075	-0.44023395763334555	1.2915472929878042	0.1900258044441013	0.5515971066918173	-0.9809311506019431	0.6273590139615549	0.4121587973756503	0.16521924186291004	-0.23061432562336168	-1.2356570805606595
DTXSID4046999	-3.625463946787488	-1.839998974926349	0.00485369473005416	3.7464512177714635	1.3124850013705565	-0.5585934680422366	0.7996442515030222	-1.210269406192816	0.4260740254025319	-2.2452266258513793	1.9125443285176882	-0.8754100130752934	0.5120678649770741	3.983669639642515	-0.011206606153246394	-0.6337767541255482	1.904308423693827	-2.583467371432908	3.5109095275545577	0.428395122045296	1.2955774723447346	0.050949861008962365	2.94206873379726	-0.34974942304654394	-0.7701874988293537	0.6461239450048268	-1.3559653363334152	2.5191290254508067	1.4063956360255092	-1.3389168650876127	1.5503853699864787	0.6312450347791279	-2.5295583343106784	3.5792636240205775	3.157948692780558	0.8855205396156479	6.0819318493868835	-2.506953095351671	-3.14234226024681	-0.9656198335156436	-0.37701715327373975	-1.9913667471323686	0.38304313660003386	4.666110200954785	-1.0699491484037948	0.28745555152267427	-2.767520493475771	0.19872162183725675	0.7389884879015803	-2.772387293774561	1.3225506089144765	-0.3783780199356867	-3.0885547830785867	1.6750631089500083	2.962550417519339	-2.635614606780702	1.706275956812573	-0.29664891838441526	-0.4462143033103553	-0.14549060784101975	-0.4649424762500387	0.8975726601031246	1.1791913792363162	0.5356548404301785	1.3605975957420455	0.18126413845153175	0.29337078836520963	0.2581655503173197	-0.6456032371458275	0.6986003939201386	-0.3477768054572514	0.46003846747259436	0.3160633953440061	0.33750546529490205	-0.1663146789532763	0.6201568959600394	-0.9314008437912724	0.07136936188441118	-0.2183784296139841	-0.31152853562471144	-0.050849798945682353	-0.46289248272732253	-0.10962372187598556	0.2036860682967062	-0.06575751396044908	0.7403071462270169	0.20986141568286387	0.14935406554634248	-0.1454156419613189	-0.07667598614283475	-0.4871812716561858	-0.19327421987201904	0.21558635717986255	0.5761821717567172	-0.8515762963381097	0.36705117573249707	0.6605605680662786	0.35079186784029875	-0.08235943659876298	-0.27560146396017465
DTXSID4044791	-4.722454104057989	0.9076171407073355	-0.45897087998095903	0.029794463995330395	-0.32403441186727855	0.6018363938949249	0.7491958479359012	-2.188193893908637	1.3983411883346006	-0.28237920055120325	1.5772109616469883	0.2970112089003343	1.8169727969544078	0.7921450890371854	0.0559051425641766	-0.5127286453307277	-0.2379939609865781	0.9779372814974451	0.1966227226759247	0.46696825487860244	-0.9829593779512609	1.0532539108532486	-0.46462699167945243	-0.2326365824268318	0.5876040014606544	-0.21161506215651818	-0.028470360104156805	0.2403302211080479	-0.40337571144965656	-0.09102496311953855	-0.21490414858823784	-0.24226112493199792	0.08200705785776898	0.5956170767684354	-0.12575080725840343	-0.1694656947830985	0.5906338870892149	0.996810214774904	-0.10479048814950256	0.013146542267326101	0.255328931069777	-0.2084612769254704	-0.5552532737573336	-0.5736654944423113	0.17611107376807816	-0.37565353262836654	-0.2418876075986284	-0.25729392058350353	0.19395192623163407	0.13312124728047672	-0.3838027175277394	-0.4904925672995604	-0.20422414088280796	-0.03333253431122984	-0.12057526536068128	0.12890045769056815	-0.6963662039814216	0.10881775442477129	-0.9362753334816685	-0.24447573719230634	0.21074436291613824	-0.231682668448447	0.3240220819978027	0.003637724556021193	-0.7321890449335144	0.14592047335285585	-0.0748578828460992	-0.4370659380359784	-0.048644858366056684	0.010584805072779247	-0.150093673956116	0.41482238708439706	0.20189868191049176	0.6205065351869928	-0.7759691831400112	0.3978909310540858	-0.13154842787183704	0.321566665673314	-0.3578578730926807	-0.26749512035080336	0.06233441866136783	-0.7131371226421716	0.22303864223016498	-0.25642558462378845	-0.003761223629346059	0.4011689284838483	-0.14460785685829133	0.4884025367258273	-0.07726879876347854	0.14676455006997	0.2233078006209071	0.0941794329537712	-0.4404574384727304	0.06046151783573076	-0.1207822074628798	-0.32866404202098237	0.12860762232763162	0.18225809238269056	0.2879793193972219	-0.15665457436076535
DTXSID1045328	3.098196312402209	-2.2856158668214617	3.0804204318601016	1.3654026656973173	1.5385767593006667	-1.7588043911822244	-0.09719087059526493	0.4104788580768319	-0.24014266856057268	-0.8801607117974325	2.1430550190893713	0.15465776358875577	-0.04196359954815227	-0.8020035149713237	0.6421286199968778	1.73710462784173	0.7570728672268596	1.002585740770778	-0.8476208286298145	-1.5569416008745671	-0.9718057960726929	0.153911972183368	-1.660949971350067	2.2688779507244625	-1.1040323033551889	-0.18726604435967065	-2.212249126886487	-1.8541312521282654	-0.8950595681315998	1.0125403188520474	1.0015524320406535	0.02595491753827705	-1.709937702656981	-1.1322472040806464	0.23038651610551972	0.9090024805011951	1.3604402166188678	0.3698048139693052	0.8103709841364467	-0.6128617859291601	0.23395780286224163	-0.47281235069112315	-0.5109186627980283	-0.027568945189337026	-0.2719620435500742	-0.19596817168624314	-0.017007368177533958	0.7884350613101954	-0.2093349576167636	0.3064911314347976	-0.2964609753189105	0.1598126512243004	-0.5231500154730573	0.00975188870077045	-1.415893307379285	0.6205953705463538	-0.9386474585373097	-0.20470267062958208	0.8078927775180477	-0.38140006116427383	-1.2006998521769257	-0.08030748836168206	0.8102973201719128	0.3572215260234573	1.9461634146349072	-0.03184237112292783	0.7628356928522547	-0.8140903338618071	0.8982388023640943	1.139546851884927	0.06033257811744183	-1.170705943640151	0.1698427222659686	-0.592627213042255	-0.5070040718946002	0.23332369710038453	1.0181724495372546	-0.9209766635077893	-0.5713961065755296	0.5315440407474327	0.5024490095343638	0.1774107240780286	0.029247315178502962	-1.1828679903918313	-0.1587011170347358	-1.014183842849291	0.45118322549653395	0.45178714675730586	-0.4672172298629566	-0.3948645598056686	0.5276502333467429	-0.3474733368227536	0.5881079216019438	0.6808451461998009	-0.07338958758282939	-0.5232798136823027	-0.28510103643167195	-0.04016986723428367	0.2776078469399628	0.6339419135715175
DTXSID9040714	-6.555713389224187	0.8397124721734629	0.3763122452568211	-0.013677413764387828	-1.1709708710823528	1.6943841666779653	-1.306486537470527	1.8919809879962564	0.1771762882832232	0.9861731156769938	-0.1043322438833754	1.372592492726785	-0.32672119111660686	1.7253478602121608	-0.5762954948072448	-0.7600985316357587	-1.0868755630855236	1.0462695873161056	0.7935508450101882	-0.32547789594708754	-0.6455326222417819	0.860744880492719	-0.2605969666114661	0.9020067132812982	-0.6465260001291705	0.143972637421353	0.5516916193006157	-0.7140314930119931	0.46032023848943737	-0.7285821337503674	0.10189483577472011	-0.40305574380230724	0.24835872632240832	-0.30954128847668944	-0.6097790131406133	0.37204977952028684	-0.8189703605764331	0.41049509774984333	-0.8730129980472159	0.17396125703758225	-0.2665722726263424	-0.8069684416896272	0.09648743526307836	0.5636877109843482	0.520484557576207	0.6181949648664511	-0.2144255594470451	-0.26973769537120007	0.9161685289658796	-0.4770396871074371	-0.21969796059413968	0.12308875022859109	0.1751577767702281	0.6662220978746073	-0.20623042499468877	-0.13966900318530132	0.4251273668989607	-0.1163636344940354	0.4000121550722734	0.13967967918745597	0.4467222555510042	-0.3072179597850583	0.18273813684920395	-0.387858854215167	-0.22795648710481	-0.09033992298294441	-0.20478593978240853	0.07679864193235864	-0.6105868617648305	0.22545640626241573	0.14372658878216918	0.06940788826824942	-0.6602209321337237	-0.5142237643098093	0.25236801828315436	-0.0893348220502226	0.03363776685451706	0.11569603928771287	-0.24557020030087673	-0.008450134826200438	0.021785007014314555	-0.34064895192964034	-0.06889827276813403	0.4830222024907837	-0.022308576151072724	-0.3334320867220271	0.2510373137643993	-0.06709352057489587	-0.019663549960060946	-0.07734814944007387	0.13683625026504992	-0.2460401937236175	-0.2117522680156584	-0.13111967315500023	0.12724383181975438	0.14128562443984785	0.015106052613743967	-0.07489777710076975	-0.14074014633412726	-0.06574187112277924
DTXSID3046663	10.494783889811993	-1.8295575113716558	5.4212764925330506	-7.337974195999465	2.8950688613217177	0.41282719856699673	-1.9420143288381444	0.41661019554138645	-1.4931013029431361	2.224767113697351	-2.418930816467611	-1.060826939461381	-0.12494061381358824	0.985650384904991	-0.22918016130952512	-0.5736067389289926	0.9679525283477749	1.2155723736799822	-1.0337330377842446	-1.813441250078347	0.2523001272187064	1.0920320286452774	-1.003594960713247	1.8367917102029139	0.6229733897603926	0.775285129263976	-0.621899402141612	-0.15527637604717287	-1.1291017852505756	0.7209608449534757	-0.3307681475080379	-0.6202831014794442	2.1540844777466583	-0.5615788261158798	0.6038620619614253	0.05622742127484262	-0.4965531795540115	0.3048692903300161	0.11782119926906164	-0.6452571039676969	-0.08808395069716288	-2.236579570130585	0.07829371668840526	-1.54466868396768	-0.12486709603661743	0.788912793268132	-0.5988247270875889	-0.07013677457072533	1.3495800971509162	-0.6711515003922296	0.2917984272250227	-1.1659302053231184	0.10448982088414611	-0.04374575064105297	0.08506401491793195	-0.25994347206866014	1.3168160202481105	-1.1196470058941406	1.6107681803083793	-0.25932376285214465	1.355859082367491	-0.9167101292267876	-0.4550404762680417	-0.9090386309230805	1.3130706867306858	0.05209114607091128	-0.42335931173223595	-0.07314358417264014	0.8336595485803137	0.5365723946708124	-1.251297926616619	-3.077382552608546	-0.17085968456159653	-0.8221410812407267	1.4021426287741239	-0.8700562275048961	1.0559082768757118	-0.0897352159493343	-0.9909024980652037	1.329020009846738	1.6560741429950752	0.17927713666377848	-1.0878526831760507	-0.8601905587214277	0.5034585757177499	-0.7645580902298157	0.08098342798726074	-0.44048576613373075	0.16974382286970607	-0.5002971072510385	0.2661738677200053	1.7103547855176175	0.3216203175471225	0.9362968124661021	-1.6043308501881048	-0.23732741830729442	1.1981556728049176	0.3840071680790501	-0.4189650513985236	0.3539018746611358
DTXSID5057888	16.46331760134758	-3.541006374569002	-4.415448988972556	4.673372402864435	1.3518671222767278	3.463118819710213	1.1206485582622958	5.552238885470565	-3.0828644624687005	-7.012967778640906	-1.7753003297965437	-4.8071160348793445	-4.397846795796814	0.2681251415045876	-0.39573944431893676	0.69904716682843	-7.301686107215527	1.1109346273031206	1.3960431821279664	-1.2269425883335545	-0.5642943011529145	6.424915309538155	5.0880804732173806	-1.3813704461828082	0.39509690314112245	-1.2732713247030323	0.27054938586454297	0.9085095275293356	-5.176231842336603	-1.518860138911334	1.1185767270129927	5.508333208892104	-1.5555881700203789	-0.28070420042651756	-2.9886861244698357	2.703040707152498	2.475685207660698	-0.5286453743417906	2.8486274621608096	0.8440794709271491	-0.8802851919661456	1.7363687536486854	0.23821800875549975	-0.9913098791504488	0.3724331070730392	-1.328336743599377	0.9748696850123566	-0.7043370998612255	0.8025073821514305	-0.4145673544105758	-1.8775883346506412	0.8869999715652701	-1.0988215219958262	1.7512254338969175	-0.9424178277843186	-0.7545408417916232	-0.5428694664459717	-1.302819383549451	-2.950912712338185	-0.12315826099687072	1.8566604725835025	2.5162810177310853	1.4231623567510427	1.1919730352381264	1.422210937062561	-0.24575783734674014	-1.232335310436278	-2.4786587042864006	2.240804704165446	2.6714795498485095	-0.3314601005316536	-1.9553976773522421	-6.652641433984043	4.85839359322536	-3.098806937607001	-2.2530397606191546	0.7587270515332811	3.530279679094993	-0.35829685362659275	-1.2279325252121875	-0.14891227048541	0.4866747293531081	-0.5390639424126775	3.832255417052085	-5.2325893524386595	-6.05780436518752	-3.131723359715788	-0.45475863101638764	1.5657634758776557	-2.283643619881206	1.486203042931749	-2.6322628157833634	0.3861214829676241	-0.7463803822612757	-0.3348694074985292	-1.1931310890187756	0.4519036825388441	-1.4099044671350818	-0.9972619593236212	0.7014892597710732
DTXSID5044364	-7.425143999849583	2.264910798511127	-2.939679825179747	-1.547619932137632	1.9706340842960801	-0.394843845001669	-1.0747275055394623	-0.9546873204123464	-2.1672568869435094	1.3542088121157156	-1.8653561185215761	1.022203492228056	0.1616212425739071	-0.13386686955672275	0.09385364435311434	-0.46643589910363875	0.02505024850501298	-0.56563733300754	-0.27336915187412386	0.4367512549391009	-0.1665094314049138	-0.8224856464237056	-0.503384778750938	-0.03127303392086233	-0.012034901666659737	0.3653278059746446	-0.1412687591966672	-0.19818465651946227	-0.6509648868598759	-0.5187493075092205	0.8225298603147163	0.27586195954615805	-0.4935328270303631	0.6728794140698587	0.402103324133596	0.11311090902821214	0.2236164620276855	0.1481972101702861	-0.1804558061117347	0.28352869910043366	-0.0371300485097932	0.5865230663574975	0.0341151543299104	-0.3149292205602389	0.40043858166568874	-0.22560031869375013	-0.3199371127996749	-0.10580633252824605	-0.291622478001766	-0.35687698781335075	0.30061472077215873	-0.4618210592380907	0.1296377729616902	-0.05809883561797929	0.5357609904563536	0.30635820806719605	0.09110131796099126	-0.04920214801385493	-0.13661089441603017	-0.04923292708524319	-0.19539005707881058	-0.5067334055875891	-0.4243433649475232	0.16783075413699547	1.6677113597903874	-0.6566804085856723	-0.6629386424861622	0.40940671095280295	1.1370258014115997	-0.3986646880458574	-0.37850322760843086	-0.42877331474958486	0.2873418800155369	-0.38795412155952946	-0.7282233181480232	0.054319509164991904	-1.0919152871915088	-0.29709442684343007	0.3253963550978675	-0.326244989294759	-0.23107951697023987	-0.11950882086921996	0.334279099817392	-0.38429684183190205	0.18104631103994098	-0.5608308737478874	-0.6914845492574515	0.33198313829973974	-0.18464239148593603	-0.16311490915310495	0.12362403804053261	0.47860591644646755	-1.1641193467580324	0.0030065768910553605	-0.361149327852646	0.11680801715495015	-0.6199963471580614	-0.33116451308242056	0.22110744605213586	-0.09190476917595047
DTXSID5021831	-6.405576814493303	0.6767055799216812	-1.0015763886871194	2.570485547802717	-2.483697041689424	0.6437321907255259	0.8525128964588076	-0.8839289874289923	6.685299548092527	2.0101560746644576	-3.9568779157894856	-3.1662650288925893	-0.21688603353027316	-0.6521959509427949	2.177974313512599	-0.06665118206686431	0.24673322477635348	1.0534512442299653	-0.5684123428141566	1.2447414696583545	-0.522151501223033	0.6879248827291671	-0.11285068804977318	0.7811734945322425	-1.1021247275971886	1.329763018753581	-0.19701992499910453	0.14179125637201323	0.10484938871094875	-0.24053160959444972	0.4364737384019127	0.08737086325626649	-0.5865291617965069	0.6494121739491552	-0.0718497893395039	0.5024745942754602	0.22886591564249165	0.4515841879353931	-0.22311500495243713	-0.7185565513010868	0.10584667799924308	0.1337176326667489	-0.34944919796073753	-0.03843848931964242	0.4498527240020384	0.7191312283180096	0.4943368164483398	0.17407283823263467	-0.03945544840604603	0.08122755656300386	0.12897669510623158	0.5675099367679052	-0.6487727244470859	0.04689892806861801	-0.6636280389116114	0.13105957624304151	0.44319455932993196	-0.00885586516724513	0.3333790608348238	-0.11616013619655868	0.7296125321114727	-0.4869744019462301	-0.4485406800187767	0.2226476952998327	-0.4283329788567217	-0.08524703951114729	-0.656519472010612	0.14516839092549336	0.478260341171124	-0.664597996396187	0.11220227905671827	-0.03305541283704026	-0.3034722618836611	-0.34521026621258344	-0.27219922758224574	0.27137930635910157	0.3653468890292777	-0.21700415354308156	0.012664144077743458	-0.1134671667213216	0.2930237387129363	0.08521262761194887	0.0020185485162935897	-0.11708152650054748	-0.08461646836331446	-0.4252470868811986	0.01472166258961314	0.18925153533397268	0.09994590030785552	-0.11304344045762531	-0.032568766292354695	-0.07027406993578728	-0.3706912954682528	0.12019435724400857	-0.020179902832952932	0.1291751630009075	-0.024357634221517138	0.12368684786751395	-0.1849501131625442	0.23534638861844379
DTXSID60377826	-2.6096880584617095	-4.587398808857967	-6.180215984826516	2.498466255397121	-2.218097721090866	-0.08809165558223754	-6.47421660751927	-4.93803320732357	-1.2856482184007927	-3.294943529583378	-5.840021995521436	11.320688554877808	-3.0816747298109974	-2.2090819714836014	1.406440869357138	-2.251331709898103	-1.4019840437263824	-5.178855084808962	0.21482440471262343	3.1802865870000105	-2.725418366977074	-0.7487476352055012	-2.1678291144626245	1.036320241979538	-1.584810609826934	4.063234707403779	1.80559833538978	1.4927806755391877	-3.353189237575589	-1.8116819941926126	0.019127248888184685	-0.3542462674439976	-2.234949150069226	1.3591455886088748	-0.8847535177594497	0.6258706237667071	2.101731228008254	0.9874874065320124	-1.0735560709647476	1.7203092852696669	-2.0174679986331414	1.5894369074341361	-0.008954658060968896	-0.44285079761959867	0.35705994105948213	0.1626888355486638	-0.745079790190599	0.9147327719999362	0.28696396110027955	-0.4239436511881945	-2.6770662973975927	-1.0924530785165378	2.1129759223318274	0.08819383873209935	1.3329546500811684	-0.3842738582563814	-0.569496143053692	2.38205456192556	-0.8999546004044251	-0.36771547012673783	-0.49795423279706047	-0.1473890212041676	-0.6229623875216515	0.8514421662846224	-0.7344520083953423	1.4000726560270966	-0.28253710435078105	1.3088460507049002	-1.4405353134152155	0.6160104980407971	-0.8421524694994054	-0.3522686042143718	-2.3122433006610166	-1.1252331817882735	-1.179163288748063	-0.6616829678059477	0.13196762608357782	-0.29018024841298357	0.7970121003982823	0.19732261696830572	1.187918839545539	0.15931034917109632	0.8675876017228483	-0.7322654574055969	1.4016863348321469	-1.3840732241626896	-2.1089353283430228	2.3950140141750653	-0.6288777010855279	-0.3174611823619882	-1.0441940309434297	1.97759565381044	1.0654316984668686	0.7960724850633976	-3.6714867325302873	0.2897702349840816	-2.182226095533657	-1.3929205811022285	0.9263642452041698	-1.1719339512332214
DTXSID7021029	-9.035443746252765	2.480533269079707	-3.5419238377279187	1.7835527475033166	-0.3206568855529322	-0.31974089805799943	1.7984092213512577	-0.010984062050831881	0.651731411914726	-0.10811269176872516	-0.5233027223813862	0.6641700683477314	1.9819388269077165	0.4024676687362987	0.16560886403395483	-0.16810927711124055	0.09592314993286083	-1.402961381681635	0.34897336045605903	-0.13237196760906553	0.13122833688966348	-0.2901908362587895	0.141926049029592	0.00206561410941618	0.14405640037128825	-0.05342009657090536	-0.1410146664711043	-0.000734957388700155	-0.05914730122026213	-1.1123555981004412	0.4469793237806405	1.1111002914245354	-0.3779158303658322	1.058509703454935	0.057794496259122426	0.05500656630155792	0.26179427294577684	0.21763733519399406	-0.049165520166083394	-0.08882919083999456	-0.20248867210919677	0.7635967107377144	-0.05797953852095251	-0.38986991652688446	0.37316741607370063	0.2500185933596156	-0.326382019385405	1.0391315403377668	-0.732522639567576	-0.03816818128444256	0.4503537304065378	0.27833640924513964	0.5433921583124525	-0.4972581487251599	-0.4893529538214197	-0.13984601559002052	-0.6481684016745249	0.04506901602326476	0.3375451664189573	0.07368751223395498	-0.24411040124807448	-0.5823128341749285	-0.758683353671262	0.21078559780902828	0.2538948002043488	-0.6863087053224528	0.08747905257778263	0.4696183289654971	0.184959501210764	0.33564187224764946	-0.7138111171069983	-0.2774997286831011	0.15430579379326803	-0.1663496099203757	0.24796013855259133	0.10958524069066339	0.21343960891332275	0.8525987118759377	-1.3319234433768636	0.13825255619433727	-0.03964707527181816	-0.4905273019898843	0.7910006515973206	0.468211738561572	0.07871810786551037	-0.5237771004570342	0.28335169358607853	0.0732167044056503	-0.2762054191167888	-0.10924377565899761	0.45551382525309825	0.2579962736481039	-0.6914230388561368	-0.31447985449684135	0.06301475897015649	-0.15306842480904795	-0.08390110328952743	-0.17698650566861496	-0.3740888809036148	0.3511552014441184
DTXSID4048511	17.437026893523697	-4.9308623438527945	-4.93137266917752	-0.9501872220965201	-2.8111078938125535	6.521485971449843	5.263985276797712	5.169695748742228	-1.24220932968874	-2.959379100706953	-1.0502970624326724	-0.47533029235849295	-2.3021149877407447	-1.6535068331167182	0.49948936728551024	3.172223949860617	1.0803414281337491	-5.005448022600953	0.10406361876100886	-0.10780001260067049	-2.368577365624011	-0.5753569769339292	0.6245224092478552	0.31258383248250987	0.9812323406975042	2.0794016864463885	0.9694471234556075	3.710201333217878	-2.843075212623364	-2.2604794811831024	-0.9636136062395714	2.86118550338038	0.03206427050440093	-0.024901401480868758	-1.7703465157485452	-0.5265226024718375	1.1692864429146865	-0.9062724502506331	-0.4704640263407885	-0.7879907414797469	-0.7195369652583824	0.25531777751979867	1.0578041697938596	0.4622791319135823	1.8656363692777758	1.4555789680283167	1.8083427413515047	-1.4475671417762617	0.819974792792699	-0.242890475859803	-1.8926493867846006	-0.9439231332696637	1.8654160914326812	0.42466966724283295	2.094943774110299	0.5381399547997004	-0.03588824792754763	0.9015431886385745	1.5303770699186068	1.639719175594766	-0.9775919064580524	0.7461150834729596	-0.8703204705582369	1.2584181568457258	0.8314300842515797	-1.493619968953793	-0.8340227271793896	0.5728875678170093	-0.13291737473966292	1.817648864836631	2.2640426648997196	0.13424316762795793	0.395816776242313	-1.2675141026188008	0.8749489230261408	-0.8668582822292351	1.2781918260367735	1.3306206969178513	1.509719425899305	-0.9947685809293149	0.566615545531858	0.47472421349847205	1.3454128881537901	1.1628882017872555	-0.9118427513546555	-0.3928828214435361	-1.6034551975208087	0.24242432187535193	-0.12779927327463808	2.016570951191163	-0.33988204112838055	-0.05682258059796689	0.535382224572349	-0.24876815439757524	0.1731097538069701	0.39751286544897163	-0.14809749010538314	0.048959337460205726	0.03445839988418843	-1.4682467578184955
DTXSID2048583	-0.7765818427582432	0.43492530886300385	1.2164252989890099	-4.012930967979274	-2.019892908695345	-2.416697341503517	1.3255982766977308	2.4196080651125156	-0.8632958376735044	-3.255930201997138	-3.005802196390952	0.17820419160916495	1.977979932463066	-1.1088912091521397	2.5952640155508715	-1.1479491136938238	0.6541912124528129	5.380725559903583	2.391602118504418	1.6191148930221628	-6.3080865895159555	-5.561818551864027	5.233928502396237	3.9898143603146763	6.489396385969082	-0.6388369063079954	-1.8321603056668725	-0.3670230064675917	0.3424850986228694	2.1847769089105054	-1.3605553388877798	2.4627193226278834	-0.24021073931259868	4.624223063663299	2.3365747447340937	-4.044648808109773	-4.625251366252006	6.672550151975083	1.0245407487529141	-3.101282054105925	-4.310488068537182	5.236485828882359	5.318819076920135	8.023827470935888	-1.2554467490341785	-6.18611091574549	-1.1630649579582852	-1.8997832538893298	0.788651758296288	-0.09013152545017528	-0.9614584492305442	1.2218203528224327	-1.5835067635287083	-0.5733581375539529	-1.7230656569284453	-0.3042416231358581	-1.8055269463233472	-0.646316714573816	1.2394577476546824	0.6378053077033208	-0.9833488316676264	1.5117039698941002	0.5570087053141125	-0.6352088376440368	-0.06119663073494508	2.0184177869710758	-0.16405742897634223	0.3813298928125769	-0.2504854263262315	0.9456102057324779	-1.0656398310305586	-0.282855350129807	-1.4518919844240048	-0.1627003095524021	0.6141466793820526	0.604428909483353	0.2695557906057564	-0.3993935325726997	0.5036935487467877	0.1784797345607118	0.32152477031907556	1.6298412544871486	0.5660435727478892	-1.2947845893234258	-1.0773080584032761	1.2478632487018269	-0.6558066067423436	0.5004146151115784	-1.2288374650970129	0.35599069584510235	-1.0497396239715333	0.25392959328742554	1.3519239575581812	-1.0753219656932171	0.20113881871109007	-0.7888164433679187	0.5519825598108579	0.46743961721342553	-0.20841320246110642	0.17586499906502692
DTXSID8025969	-9.406532538059848	3.7836773885028485	-2.8153601467239073	1.176943320042005	-0.31048801180271646	0.5857190379937933	2.534061910124905	-0.11688897600617501	-0.9699621915691837	1.2874728157519313	-0.3080425284643348	0.8838579060097836	0.748299229385891	0.05716787223592822	-0.6746123544115084	0.36042079457811316	-1.507647709018473	-2.0712085115402954	1.1662036765525665	1.0334716481703765	-1.6321369041201772	0.4915757683127349	1.0555412245607754	-1.0404900597629854	0.24166617298992626	0.8362187688835443	0.13763991667899933	-0.530205021220099	-0.5366714017697217	-0.9590030472446043	0.6348238205214816	0.33183929192388406	-1.0227916461877409	0.8841966915538552	0.21637484197399065	-0.09145062137760666	0.2932505465844779	0.5091777113113808	-0.20495325747942547	0.1460204598389822	0.015162643747534428	1.0422432955569334	0.12138386302787606	-0.8685415371784034	0.6363694610787148	0.15370428473880549	-0.9332490265369734	0.774331780044427	-0.02047542734074917	-0.6836436438513803	-0.1323171525737801	0.27585605569935706	-0.4533260012407585	-0.707010441935923	0.0655716024788699	-0.15028561400434934	-0.29639981256269976	-0.5192128162594836	-0.832882654589996	0.3117708724157614	-0.06537941330867565	-0.35745782986965946	-0.7560084403102566	-0.5667062338551329	1.0151900465531851	-0.3737179052459328	0.5381114280413317	-0.1978334436915696	0.4499853068703043	-0.03168192610740795	0.37951022877335205	0.5291447288304597	0.5967887047229117	-0.5429922688638008	-0.4517138230481379	-0.14138116268411574	0.35638732578867194	0.794777283584711	0.0717102907417938	0.3513662865763942	0.5838504403300088	0.22833124658060897	-0.2014752674572291	-0.8179550029795492	0.2356575247352045	-0.8482077756154662	0.14110198586077893	0.42387550531160745	-0.5797978298479025	-0.3697114685257527	0.41875954146020095	0.6053279402236819	-0.441408577141893	0.12242995398361561	0.6290766476871323	0.5838313686386273	0.3209226005548561	-0.015731917485207438	-0.25684072466377433	0.32993517314224563
DTXSID9045845	3.1385331239251455	1.1169427263295644	-4.301668175246811	0.13720705128268632	10.599761363222607	0.8000631071086298	-2.941664212211221	2.92524113528334	-0.1432519810598027	-2.179470653418129	-1.7682261926910698	2.2996650870357818	-3.051242896898162	-0.7506888777551772	1.5747077434635064	4.038822308602481	-1.2765328314196633	2.6476428351586114	-0.1669524878036261	1.705412496143069	-0.6513830681337897	1.712639901752998	-2.7100877460654726	0.4206190067072479	0.2270539654146032	-2.4319361205051906	-0.5946053401460036	-0.5818782266733425	-0.4497472375318187	2.3754257459736956	1.8333103591246735	-2.4947152461988087	1.2840733903322568	-0.49681132739407885	-0.22700188315476938	1.639400204684816	0.8892479026050648	0.7691431712940225	-0.09612005058508745	0.551760164399769	0.22717733622787556	-0.32451202373331756	-1.4732317133487727	1.2236143783945934	-1.4538634219377913	-1.4047610361946588	0.2539107465238073	1.1836014420255263	-0.5222185702997129	0.7184732975690237	-1.25799693312618	0.9739320189080519	2.4561598993512543	-0.44254079533111157	-1.5406398683036429	-1.49270704304193	1.042133586209177	-0.3223271999860937	0.43466741597591857	-1.9029238088296092	0.841932386136575	1.3180001515949644	-0.4921219108711502	-0.030880987022498835	0.8556092449946494	0.09400084311143267	1.7228306726086435	1.3644702575913332	-0.007776830032616749	1.369758542787809	-0.7980819695361598	-0.30345783035083834	0.09626747920982852	1.0742923281565844	-0.8314329410289892	-0.05375247988268746	-2.7484186504863026	1.338882350500997	0.5345508146469119	0.07651362579606157	1.532687716002416	0.22751186677824659	-1.043970248422232	0.9954841693515696	0.14710764420751785	1.4393149210530716	0.46636882785624467	0.6507073150591299	0.7346395570994012	-0.5960344173824996	-0.7726285434657387	-0.7078502295284093	-0.05959098673830923	-0.04111204792594038	-0.3166377029263909	-0.38017465342457313	-0.7854184752892921	0.18612228059918837	-1.5073490458209426	0.8176754544513603
DTXSID5046516	-5.554061785614392	-1.6443493929012416	-4.789666776998696	0.9583498506737568	-1.0007228126415528	-0.36207121326629327	-3.960439361699788	-3.183584593522693	-0.5771701371561975	-1.853170073513487	-2.3948721226064937	6.939217001950704	-1.8442677760154365	-2.435108874568253	2.087830143011281	-1.3544375187795272	-0.416766845550099	-4.5224213375253415	0.49979434975517395	2.225001705432786	-1.3612312182203536	-0.936805032197174	-1.3602018613289804	-0.1711357623777355	-0.9523403639320124	2.231679242631195	1.0208517087951792	0.45155072969465154	-2.056041614521054	-1.1876042875155093	0.7793577687933393	0.30380886318473926	-1.0715414585532956	2.307742241502131	-0.05290070798975532	0.5997114905727803	2.036193254855414	0.6408263119553501	-0.13241219297302162	1.2965514551897868	-0.4197134916882064	2.162423295667044	-0.3155827493686677	-0.9087018181230822	0.970333203225522	0.6224508891711272	-1.3463779644591787	0.7054264106638762	-0.2604749422659619	-0.20635572442134323	-2.0571262853376178	-0.8157835925707991	1.067514466883413	-0.8619982051409489	0.45243109390144864	0.05231051737984699	-0.2689415289573761	1.4242052472592721	-0.9878582119659034	-0.13221628383940365	-0.016067902202606007	0.01639863389389968	0.921795583278124	-0.4187826034737522	1.0826398001378739	1.474014200117049	-0.043669355660399235	1.454621457144959	-0.07487164922322755	-0.11116953979558357	-0.5976748026024693	-1.0379258487546699	1.0275494967614023	-1.1433336332657782	-1.7591270498575007	0.6527305620928956	-0.7162173234425615	-0.15261881615145603	-0.2818672071850437	-0.9792750545503787	0.4403756567524921	0.2901974878328922	0.1046292889995513	-0.40101922294242753	0.12157039974455981	-0.7298240613390418	-1.2300751009538375	0.1809689937377892	-1.202309589611	-0.31768109111577225	0.06738555586785545	-0.1357096248224512	-0.8617823927021715	0.15952253592664203	0.2958132967726574	0.03839344173998557	-0.511091547834615	-0.10612570954937878	0.17016882729367167	0.4018852636979249
DTXSID5024394	-9.558397804746306	2.1555300470510512	-3.0696763486380783	4.169078028477444	0.24912890265040732	-0.32763704647324027	0.7750496431845548	-1.2133043659150786	-0.12321937611554977	-2.5038785602636424	-2.02363043876187	-1.9232613079701	1.4489433700270837	4.580948940011546	0.02074268676888213	-1.757975052201984	-1.6116291214447178	-0.5854123359154979	2.9911753261313123	0.3964849706160448	0.1407117953167505	-0.17822492142200053	0.49226740164686916	-1.1735488143779742	-0.5738406475360561	0.08714460042463364	0.24289749680512976	-0.3549466504998796	-0.13648924535370355	-0.8222005542987756	1.1206432226065817	0.27047485081542183	-0.812470964262686	0.07905638390737875	-0.1857196382655653	0.7440733035820353	0.27637717620250624	1.6627061150599298	-0.5309654465621535	-0.017370591293932324	0.45017487037676995	0.9173519122249322	-0.2975230793683514	-0.6719925567208549	0.6117726078993994	-0.2520639172078032	-0.33867261526107767	-0.34307189490415624	0.3325204465932079	-0.4569797901343541	-0.7567499951856566	-0.6692369296677112	0.21952280701922172	-0.6072144891338377	-0.21867311278001245	0.10735116075373345	0.25516645652214454	-0.2926461788339502	-1.314446832025434	0.4973363423179495	-0.08616037974774887	-0.689738301165555	-0.007542430081969402	0.5938687733713166	0.10188186189038691	-0.727109810907516	-0.40990793532216624	0.38779407753088896	0.7364807298286611	0.9831956119112726	-0.5482965155087522	-0.8053987466288781	0.805610548993325	-0.3477526929669178	-0.1501585019380084	0.4131357168471244	0.7943542219196265	0.6622934615156817	-0.041439897295966595	-0.19170264587554142	-0.07037475775397098	-0.03772626346452329	0.21637658069543345	-0.0028681787889262614	-0.09689746785248017	-0.5492963641182836	0.9975575344245831	0.4764208634617873	-0.7028176720152287	0.5562007344765854	0.038167631841509	0.2550818230828961	0.2620015267827574	0.6135916124438445	0.8304507293458332	0.4664818207980699	0.4157353565299376	0.4640495417815967	-0.06695403325289732	0.2942587702092032
DTXSID8022612	6.022246428851151	4.405203996140082	-3.7753882002568573	-1.2955445595453732	3.146453836549335	2.6286308212154994	5.27187754067345	0.5809789330941925	-1.5196309132508818	3.2298540837985596	-0.14553477829056463	1.0950283749572145	-0.5246983670339356	0.48694839624975583	1.3297421037813943	3.3741837295212447	-0.02464724899845683	-4.238439393253609	1.202412226763004	1.1875379958400134	-3.127793097717045	2.0606207375809644	2.8283898394718965	1.5816625576151595	0.4622102483530613	-0.00035530195524110354	4.155565946303986	-1.3355368335061588	2.4406054387072853	-1.9386769266609738	-1.6399210152547266	2.337935130579933	-2.288779663809964	-0.4361747126993512	-2.4968235134033088	0.31491790807021547	2.430849767583843	-0.1403580413521811	0.1473407362225867	-0.07491638110432035	-0.8287609422988997	2.1948274240793078	1.0409125099219563	1.3648481897652192	1.239907410113807	0.511032545261351	0.04047623774109627	0.36384680693220267	0.697853250581227	-0.6914707983125323	-1.9525318101869735	-0.09751249746098255	0.27208501222424875	1.042485509038142	-0.7361358126398773	2.188111968901971	-0.5768503914859997	-2.582492895670312	-2.177334559021394	1.6333639382326255	1.6643146404970806	-2.9041914757914515	2.467968080328049	2.9771064113396832	-0.9762743764142409	-0.10261651412014708	2.370543443146788	-3.7420692154559925	0.7726111592766687	-1.051526388098171	-0.6591551452570301	1.4127927243257279	0.07053198018442164	-0.31945307350916735	-1.3747690031326822	0.007824413121090716	-1.009084881939977	-1.109419439115013	1.8711443926028692	2.72881746929541	0.399413252514425	0.5536637454294149	0.5321415869486587	0.42861322834126164	0.5509018812297125	-1.0595564063946725	-0.4527205349195049	0.11267587175824717	-1.0647158917872008	1.576160299884261	1.2991277374139412	3.1651763383600904	-0.10897777727085631	0.8936952215325009	0.42056125717927884	-1.639970318972196	0.8061739716650009	0.9078162694681673	-0.5338233239509008	-2.017839536225597
DTXSID5027770	-2.6482381586744714	0.5624523763456447	-5.0824649109468005	2.9412530367591834	-0.5839875666374538	0.6436156550028377	0.4347190958787441	-0.8219871692317522	0.6648035656180992	-1.8761482874360085	-0.8412766760540263	0.0502082764272976	-0.3964355443209762	-1.3014938277575476	-0.18233316196789937	-1.221624255582166	-1.7167135981718564	0.3888127864406922	-0.5412980613790775	-0.30030022127346245	-0.462550743611855	-0.41614733411767524	-0.06484930311871917	-1.0337599674329736	-0.4834467275354165	-0.29608177847110134	0.22515200319157794	-0.6044216059772353	-0.21294595301476146	0.6547516365659134	0.3918302149521098	0.01611288536436819	0.6949644021298785	-0.5458414430066698	0.12971024986884683	-0.29761653634323804	1.3760964639421596	1.124037045147431	-0.004677066019482242	-0.34856964942600155	0.13041747658548528	-0.11891353947787922	-0.08087567148050713	-0.017260577803350535	0.06582996719111248	-0.4874937674946598	0.020634742013653562	-0.34377628534689453	1.5281909534724516	0.10264464385363671	-0.8998403809359863	-1.0401069951721742	0.594078985570948	-0.08910276838035032	0.03981368743529068	-0.76135611967826	-0.25809141953616	0.5162051279153324	-0.9022505468276387	-0.23048368132288355	-0.07949322964827232	1.001511148928498	-0.32728713737367787	0.18700238813693	-0.9657384513155968	-1.5094860510139587	0.536297095063493	0.855689544393549	0.9234534775032566	1.634827488878127	-0.36321365338043676	0.11998217177173576	-0.5486806108695864	-0.02928225126829497	0.495868875046878	0.2092622524396658	0.07868299430917877	0.22132312280178587	0.09401314349392664	0.5450849867867618	0.24722801260044464	-0.6446607883655309	-1.2945598726793743	0.281707275850548	0.4005334201395693	-0.20108590461897827	0.5579386144108693	0.02606543651206261	-0.7310973617250432	0.55102906364847	-0.2828715336971698	-0.29827256356538373	-0.196522559442709	1.137433580620595	-0.08850385646596881	0.057830672833682394	-0.9312951438013993	1.0642657538934017	-0.7951882952340843	0.7981821386418805
DTXSID5047908	-3.0159613884436833	1.2692466787746348	-2.4014987775687393	-1.1085535257738623	0.4465927288993553	-1.190282384736341	1.5328731340036852	1.5992349760421358	1.5587107181898816	-2.3195329069578534	-0.5792073645448405	0.17386446703628516	2.6405253480201	-2.0908775583036086	0.6303099191557666	-0.12473530453654903	0.16289000860792816	0.32038790794372746	1.4408000719736802	2.035626065631338	-1.028708181857027	1.8634099127572803	-1.4389525842441677	-0.334090284165833	1.0213814322072572	-0.2797895046604988	0.7787156922812202	-2.5312334912935577	1.5221986009225974	0.05494792149554767	-0.5535120452288058	2.234540876316422	-0.16473463445873668	3.4934364449346282	2.3184501230085846	-1.5174133117057218	-4.87764037089505	5.735668799316018	-0.31276703214850543	-3.976761728477049	-4.5915606142725105	4.912371329318682	6.132442563413262	9.853219579628949	0.09524213021068083	-5.166281377844671	-0.92025767599517	-3.467130593559974	1.398274764272182	-1.1366626685675074	-1.1074648383594132	1.2192955789666673	-0.03830757777246154	-0.023914438263686038	-1.3804106571712536	0.10166327569120957	-1.435718432359338	-1.5170859129925256	0.53082835637833	1.7436138617847712	-1.701481689482178	0.7341104694143554	0.03448625520747326	-1.0192732585424846	0.9367669161450888	0.7045538286471021	-1.019576642155174	1.1768282015469407	-0.926922886611452	1.577386733982683	-0.9066429707914347	-0.6296375161977599	-1.039919821916152	-2.281940833767289	-0.06479498534845697	0.30045885284771445	0.9715083644617301	-0.7800751619283599	0.8625021602772155	0.8843767227262016	-0.9912464289680442	0.1424409882260375	0.38629719790269373	-0.07635785522958295	-0.7386684768551967	-0.3112428742258766	-1.206564371068821	0.2067712848123173	-1.9688222259810653	0.47738403944318036	-0.5372784915210257	-0.5381758776617205	0.5674050774137331	-1.22553189251099	0.28826671185770886	1.2722072438041137	0.7982924230773788	0.554888416197944	-0.6015327055097772	0.5181318720901149
DTXSID4023125	-6.694765050892791	0.7665751801701215	-2.29037568859836	0.16382173560982569	-3.131396623379863	-2.5444521968354485	2.2276602306565065	3.844393765164826	0.21128410716707896	-3.81460675557433	-1.7208023984912262	0.8772490718420836	2.3713243368792916	0.10236910772294638	2.7977783376362124	-0.4513401064156981	0.24670599108213934	4.94314123839821	4.003088847697029	1.0273066800258628	-6.609813760300045	-4.200664900011509	5.596978166691658	4.338238105701172	6.316007349067139	-1.0274795256734757	-1.6666893879375841	-0.06462134252696979	-0.1395508975715235	2.7490981271449573	-2.1477760763427085	2.5073365219041	0.8979668982369517	4.595873418151721	2.2311182885158103	-3.5027722538178585	-4.590648548705581	7.0237867553700095	1.3036227034376449	-3.1686810713122835	-4.441697879147923	5.293544813006774	5.519931265539157	7.665061343610421	-1.2491696053908927	-6.24675842292436	-2.1547287521776632	-1.0104378995180674	1.7620385742326456	-0.7789774947195681	-1.0250313288874944	1.4265172644129211	-0.6235988485186296	-0.9182452056472762	-2.2929787404987514	-0.8142455500865264	-1.357399185892079	-0.8588234746197384	1.0823599867782059	0.7847087896146275	-0.6138651367697053	0.4596224709105528	0.5261632633754163	-1.1045478633590053	-0.07596083068792082	1.6203609132310266	-0.46620552177103997	1.5786960244493617	-0.6107795904201881	1.4421059057181147	-1.574282475835063	-0.5452337654469622	-1.5054937530644514	-1.0800602445545344	1.055904776668096	0.11586816460079848	-0.3333489527284781	-0.08362310288200092	0.7896833159793484	0.18919197074009292	0.2744431374837666	0.7813187109777149	-0.3738903355174371	-0.31875174507139853	-1.4881261299480926	0.09950739791496235	-0.6922694988262992	0.5088413470409383	-1.0014027523769018	0.11417973043462164	-0.19182661688532957	0.13954957758592892	1.070606834417475	-1.2078563175928974	-0.3211394831275179	-0.5068455593900923	0.6673332718943944	0.0645295381273279	-0.9453439406046207	0.17143220751598612
DTXSID3027584	4.275342161720966	3.179498993544519	1.6584047171612322	-5.426591848365825	0.8266602266076669	-1.1114532736844445	0.33768393369032806	1.0787738695869087	-0.4648222370608665	-0.46032755449896884	-2.374200693449542	-0.5767137557403617	-0.41343136781033357	-1.4205050114724207	-1.4410386605842591	-0.5576996825823685	1.2417219291648536	-0.29986230923938956	0.47583001408745523	0.8316159745893845	1.2680758054333028	-0.8708980877616408	0.06255136714173086	-1.2067531778397291	1.0481518655643298	0.24948370470675232	-2.468500178025116	-0.2295559005801917	-0.3471944485618977	-0.6256778612016234	-0.7773267259180588	-0.15915232520776196	-0.5551579133172452	-0.943145346061963	-0.7640759497516002	0.3403027270686607	-0.1391682886390526	-0.1382753896946028	-0.24363194360140938	-0.20975599734272643	0.16155153325956084	0.31239132104790196	-0.3185093422916837	0.3549259037923266	-0.7449098559496107	-0.5351912243880214	0.2545561555243209	-0.21371996873400426	-1.450564407578298	1.124754191884757	0.95462982847124	-0.023920169133313417	0.06593648561890793	0.8123277935534085	1.7563341176000273	0.92159341940735	0.02679234863528098	-1.652073349045363	0.7312968448131172	0.8522098655484338	-0.8349342443207601	0.8010315936214084	-0.7185506001984661	0.0747892037534414	-0.6495618883054046	-1.0601115905396437	-0.5257873644995081	-0.09688169721496537	-0.9111453984637704	1.0665361287459383	0.4857160297728639	0.9183193849482392	-0.4256493836289847	0.8460843418309143	0.6281858338349168	-0.5692925058850373	-1.048734130896718	-0.6671813929495503	1.1891144211039573	0.5795296171221644	1.3361876113675895	0.487671328971334	1.3531953449069503	-0.6753874804076694	0.04573575619205188	-0.8781168047148603	0.9686212675795641	-0.7729656734119478	1.2752175165815556	-0.006953574434104793	-0.6013457394117699	0.7512000427040691	-0.6539472544488494	-0.6149789390774969	0.7609950704774366	0.14529984589258982	-1.2121313641225768	0.32488877325678406	0.31502174198644833	-0.7795469291215089
DTXSID8026305	-7.42849514021935	1.5364903948060133	1.1079805069708963	0.8725937355500412	-0.661585853876383	2.3557663439497545	-0.5734444099787815	1.9184347661223304	0.6941160692307835	0.03206736911297195	-0.48533783153016635	1.6072387860613069	0.370743911510105	0.8922430983125749	-0.23105637000625512	-0.856621149041356	-1.635381568285417	0.6334576595118715	0.7709100121946773	-0.024014352704182906	-0.8042912297988857	0.6363377529670482	-0.47510568836642714	0.5763669316107457	-0.23573799574244067	0.009446656379897118	0.44019131529326644	-0.6426231442551185	0.22267357025960996	-0.7369055996661301	-0.14359865230320687	-0.3116387736749021	-0.10716237284384647	-0.07017091849827557	-0.5761936397734827	0.34032653876976376	-0.7591428267737081	0.24397170973521798	-0.6803751769172646	0.337201169844639	-0.36697722984547826	-0.6674539600532411	-0.04588749387309701	0.7797850896291766	0.5661359849546937	0.587243901721051	-0.30156495669220656	-0.12626426475059296	0.6705824238608	-0.2984570436611348	0.16656073813682035	0.582169868885548	0.14617070265805554	0.5537867950736005	-0.23974726660569132	-0.19427581907902947	-0.07424254731843273	-0.11569333672678332	0.34487934326638303	0.23168458344165813	0.22616050502017823	-0.15326031400815313	-0.019695773938077654	-0.15128400045352405	-0.24654660107508317	-0.47164431950799685	-0.14062458397928923	0.14880089832933113	-0.0995967794566919	-0.004581144216999043	0.3770950636528981	-0.08217780610545938	-0.15294514582358393	-0.08099008587598454	0.02168020193004134	-0.013506611692777455	0.0651943996895733	-0.023358375456812963	-0.188475151475008	-0.1700482206836516	-0.022085798543499163	-0.32442708217409344	-0.14387559429775643	0.2840942410734145	-0.003253510282528395	-0.269545646048378	0.2867693085425122	0.09912186645228097	0.08243159006960288	0.12036429862183033	0.20116139159419857	-0.14371232538113968	-0.2501662777030583	0.07988632608206823	0.14734926878004814	0.08218074874442255	-0.2140972484642127	-0.13908857783093534	0.058657496050437075	0.013401834434452236
DTXSID4020246	-2.2719062630096083	-2.2847817986980314	-3.9422709639966445	4.948476489957262	-1.2151228763589523	3.7407184625914334	-3.003812951961702	0.5066556799233082	-2.080550442780321	-2.0855018262378184	-1.0290016025384607	0.6300955008963637	1.3741837701317061	-1.386506129399067	0.6863426266029865	-1.4199488864523382	-1.0641715742528552	-1.9890692158778691	1.0802244078145813	-1.1416165925611503	-0.24420034644908883	2.018848157208168	0.4703471373859495	0.6986496688311891	-0.8382088404796304	-2.8192510542406186	-0.42936628255223874	0.5467056899578528	-0.8766430583326627	-0.735447370226181	-3.3043171256995008	-0.7964699152808171	1.3455397850632096	-1.5767564340183942	1.9481682741781257	-1.6856906419250728	-0.5332832421449242	-0.023565115095064457	-0.0030461594229157893	-1.8471057851520059	-0.06638694354362851	-0.878681453637587	-0.8243490987852549	0.5787072502523668	-3.3031188859819816	-1.8204330965888433	3.166773993049017	1.0236888644803341	-0.5719747039899777	1.5521562133949625	0.5860085389876776	3.5629403651702547	-1.4869311602122168	-2.632976728664707	1.4258752000304762	1.5212283370766244	1.7782205452257274	-1.7243564453945008	-1.1985654282756795	-2.2611992458289225	0.7283717667154386	-1.3918824632386442	0.7102189057316541	-0.768239770678702	0.3621365381460109	0.39625963263475694	0.9758473097706631	-1.4167143082744242	-1.8833373729543326	0.8853560555704956	0.5506539960475606	0.8470387987375078	-0.28380548421261653	-0.46333225581424753	-1.2741566613452568	1.149304255627324	0.5951264865088999	-0.5091090272865995	0.8879066400612402	-0.44300040326541273	0.2933472481284857	-2.004143385160082	-1.7541341593679665	-0.20049354249635884	-0.5042916608016824	1.1087270936122866	-0.23846925153132642	0.7539751760101534	1.961097765820483	0.8638902133661385	-1.005912588336812	0.37211076923345765	0.3249204729823481	-0.5783415029204234	0.7158345056581605	-0.8625234878985372	-0.9650356072354136	-0.3267552905165958	-0.759471185425359	-0.3720939179676296
DTXSID2048662	13.964268101505946	-4.324780270028111	-8.789376831758869	9.221174592310126	8.423951772458137	-0.9581864662018871	1.1133607021007432	1.6168244188935161	0.07562650979285392	-7.369904574917253	-3.6300978283452023	-6.8903875993333505	3.280296817875897	11.50518675139717	-1.4781635781848201	0.5283819312808795	-2.9353989467407184	-4.661597007534869	3.739384471370697	1.6800353581718241	-0.14340068200011596	-1.7412171186026215	2.3417097987694757	-1.7607850204182893	-0.8762912442571346	-0.4799222509338655	1.7303502687165402	2.054836266203813	1.3540782650565946	-3.783862591507547	4.317261427174155	0.23219707711025456	-3.9127318422595057	3.5109618524309036	-0.16980894929149942	2.8382926145986542	-0.9675126716292619	2.9790839570748635	-2.0703888389032845	0.5038238565275773	0.5328820861290887	1.8349571662521844	-1.063514889821817	-2.2488855052900862	1.63631480014274	1.4908398303843882	-0.8435791088475139	-1.3664326845619106	-1.1415015708375793	0.8142557368853592	-1.1948877199513086	0.6869520677932492	0.46007388456599874	-2.131710041931884	-1.4510295967244593	2.2251712580445586	-0.9851422499216178	0.3734153745171624	-0.13318716162777905	0.23052980098759054	-1.2463160564019737	-4.863751619761094	-0.01912977661253591	-1.0625731905652263	3.5748980186041797	1.7666826802363425	1.0745998615237682	0.3453020397657559	-0.5404252326250594	-0.22808826255972278	-4.02697138719667	-0.553583029155989	-1.4275794391486942	-1.4917624425631328	-1.5897547512552643	-1.880688886031439	3.0912801384881923	0.3431998254069449	-1.1099855754183048	-0.11718341293497887	-2.2219600091436056	-0.303882261655171	-0.25322411654437155	-3.9618082081194967	-1.111918630932169	-1.5561222459102524	-0.8918294409310481	-1.2876222366149088	0.1868235178542122	1.4147589721756655	3.125842556445823	1.3123422786341203	1.575780501063246	1.4947915543069796	0.9701244613776692	-1.977613799426406	-2.2178101681543447	-3.423067396045993	2.934528477325285	1.6348510618301961
DTXSID2046096	-4.735108824431349	0.502265315162861	0.767844695481146	1.4604093364984312	1.3118012448870149	-0.5303141851651487	2.3206180748930514	0.1501821611838559	-0.30629054666910055	-0.2689700642698789	0.1281635735669044	0.1851087347980418	1.606466702476279	0.18965707328418788	0.6299595839493191	-1.245979461638628	0.67887379628198	-1.809453224408126	0.17080949786962532	-1.7632379917733465	0.005065773923806143	-0.2915931578896328	0.13560079231045413	1.2275862924637013	-0.8252822341689419	-0.36387828405341394	0.9407733939485186	-1.3083342433719456	-0.8857252356098565	0.2945169752304096	-0.6363831159386985	0.6798802768681924	0.1924939116385284	1.0050085619612625	0.2374413873652142	-2.1245606102630306	-0.12052855461892027	-0.1246496595570402	0.7202207733934758	-0.17198394027134825	0.9087925386127655	0.28203524933892876	-0.3502040209297168	-0.5334576671639244	1.5578455416333252	0.734936804487949	-0.5442855385170479	1.0004754822388682	-1.1598129548985163	-0.38984185161040663	1.1526472489729636	-1.2334670261243392	0.3657358238047749	1.8863621369543535	-0.8188457504479367	0.260199467584317	-0.5532218917349366	1.1705995693048639	0.1075314414647946	-0.8954900757999827	-0.05649802493517548	0.7008906408956762	-0.8197397859736684	-0.5228195345021711	0.4652472413066889	0.42488450428864843	-1.1889022198864485	0.8047518189206075	-1.4176357645195587	-0.25587101247414684	-0.04033066422884153	0.485036403790208	-0.2067133906267234	-0.20936803170782142	-0.7107926715703521	0.5224809100421423	0.12885198520819027	-0.23272799226026952	0.7507882891229414	0.6611092262354886	0.3373578420064717	1.0626257632347258	0.229590924147306	0.24561823382420303	-0.04728563091850878	0.37445614017011636	-0.4074421645567658	0.4511363588969075	-0.07693510533606963	-0.16811643294815815	0.07706344925751789	-0.32658725271903566	0.39015699696736256	-0.463543870203516	-0.12471691156670398	0.08841737602905216	0.5490905180046208	-0.12681218729630067	-0.4376842826519191	0.12214745026978568
DTXSID8059970	-5.510621962726195	-2.090506631486253	-4.661505112980816	3.902322202463749	-0.5484998379299914	-0.7350745358060662	-3.4411738944287293	-4.201434403501512	-1.2816504481960365	-4.744842497071293	-4.511748986771493	4.062095706040409	-0.6720042084881027	2.6733355028928307	0.6164654566353894	-2.6511229949640573	-1.906405425425455	-3.4676762516736592	2.646542765282895	2.8078782462220944	-0.7931567701292199	-0.8994855950983894	-0.4578578527811519	-0.5023699759025569	-1.7598137289058846	2.4217268830362335	0.8422491702216759	0.9763356989176809	-1.6318704816519969	-1.8780656602766357	0.8964686588014272	-0.0019624547443585424	-2.0490869849068694	1.146085512016477	-0.760966599056881	1.1237566508628274	1.0291707982918892	1.5576199067301466	-0.6992617473013849	0.9327006661846634	-0.6533634510214233	1.6032713166002306	-0.3657806298275257	-1.1306370269593398	0.673534822613835	0.07728579098413768	-0.7506788455795705	-0.017155074322053702	-0.016433434469282138	-0.2874019878561151	-2.111752255760619	-0.5902713330019749	0.586425181824748	-0.5442800159349307	0.2853852184541901	0.087481560373438	0.09529703709830079	1.01702055813945	-1.4467792257153809	0.15816726866683245	-0.11420255180488573	-0.7355991235544811	0.27315504543124525	0.8406717081072604	-0.07814549741221781	1.221752378770219	-0.7392909987683879	0.7126644701881122	-0.15871494689407045	0.5281649397046607	-0.8439534527419865	-0.7023297514657542	-0.3428578925758829	-0.9792166669840591	-0.8429272398245384	-0.1745762785333338	0.41281966840877515	-0.14488135517508294	0.2581210819757622	-0.36911765112536665	0.17206777959208613	0.9810821962993831	0.6669889013648868	-0.7734625788353855	0.3920136424229421	-0.7797499021188845	-0.6756626136225369	0.8221308344617784	-0.5062446481804197	0.11517563111053633	-0.23678558604255404	0.8953788462072987	0.5666263738187591	0.2462241632869722	-0.980367228037158	0.4294809258667257	-0.6617044936572266	-0.5567799379061661	0.9074103003478591	-0.2506886008503427
DTXSID5020023	-10.127178315960847	3.1140814205278824	-2.6021855734076214	1.8773311270983994	-0.6767380257705351	0.32738756701938915	0.9211197803068533	-2.0035455993820377	0.6008877537719782	-0.34643724351836513	-0.026104277520774922	0.5176283711277402	2.5204191517612684	0.8080815094325715	0.5598988884959671	-0.3105162427924857	-0.8923277084527816	0.8825240941831568	1.158529795470581	0.8037627248268676	-0.3618566142178899	0.6951548575756769	-1.3971595754499722	-0.8404734751840861	1.068900908420093	-0.38367083365253174	0.46898204268442584	0.7052940488527137	-0.6108236127582046	2.7869977901190572	2.5487879926588106	2.9533469338868388	1.7436432700979265	-2.428462766550144	0.08987681204875399	-2.7179453316990987	0.46258008162617864	-3.6143411299278085	-3.837761188162003	-2.1680879676314277	-2.014259127768927	3.7128955736924567	2.1352684728260924	-3.1002404740970535	-1.7120888559020078	3.161938597206821	-3.861084663979061	-1.1556814350528708	1.967521505624458	1.828007196601044	-1.1589029219865652	2.150383448121206	0.11984906751815724	1.919170821331767	-1.0178986677741602	1.0956168497535723	0.89701055510476	-0.9710504708322897	-0.5251861729540463	-1.3828439923849107	-1.6016564551580172	0.25824658143944623	0.5816324990848956	0.4175867929011269	0.057624392682446686	0.19916206630323383	0.3765172063899741	0.14164084748857433	-0.39442409853719795	0.2411974332005024	-0.6330585076826707	0.251296847530499	0.2646737131748239	0.4436078208584753	-0.3983029402559089	-0.057797389041120834	0.3241207172673078	0.12444551322672102	-0.4582876549868047	-0.42703841968650064	-0.7554422716842578	-0.44969268191507605	-0.25409451484545065	-0.18683859984076814	-0.792198133766402	-0.20324833738990633	0.506195029209708	-0.2286299610882985	0.6378020320439569	0.8488844277514194	-0.2667104011591365	-0.6112388176178083	0.3386150429085886	0.061105930529174436	0.3248724227352869	0.04587145444719895	0.42751014657432745	0.3992313927857351	0.02031547158708031	0.16001177778823913
DTXSID9044532	11.35533821569501	-9.53171507130498	5.827422745102382	-3.736422346203938	-3.5895942495888224	-3.63834916957024	-2.118574205211527	2.0233862765836004	-2.854063297483682	0.44431460236597936	-4.720458132255739	-1.984612798496183	4.425044198941468	-1.6655708017803776	4.65069492490951	-0.717253080861828	2.225032707831394	9.848090134120177	1.8960323954960672	2.1455551819664582	-10.438070767876097	-14.812045194892752	16.280080533079584	5.244170784326391	14.675079901010863	-2.161329778706784	0.9346363349458255	4.2109461778650585	1.3090718206589618	0.961162834372029	0.5299646533836421	-1.3717107674024331	2.743963600740137	-0.5435618071087751	-1.056696668380776	1.0768795692604622	0.7002977058934265	-0.45761526928755575	1.381972115888851	0.13220244937829512	1.2233442796560767	0.5211098650015841	-0.0061213340269365936	-0.823328880153737	-1.5319184190089767	-1.437089552857979	0.7473209227450649	2.1225773683516995	2.7724643349478653	0.5128647416306187	-0.6171538678192202	2.5596786009416626	0.1141999680195109	-1.1484338454512748	-0.5508240143851106	-0.9717055417933194	0.8962261333431385	-2.7301730449764308	2.354687574648608	-1.58552987603472	0.8109953305690278	-2.9901472520973598	-1.3305533366236484	-0.9412524972855694	-0.7114974145366556	0.058659365785559664	2.2482803313594997	1.133423712495049	-2.407430753774116	0.5240447972803405	0.06506090745850068	-0.4761158970614039	-2.1641617454990123	0.2785525493239918	-0.8944594864489399	-1.0761015626391965	2.2536419122726525	-1.0917166195106733	-0.7708296992402577	-0.16491726622423786	0.12372210187513898	-0.045427572459791135	0.036174065351016894	1.3119145909915293	-0.29160700689941066	-0.042510004545171245	0.5897923730198266	-1.8730920062073957	-1.4432073766633495	-3.5285796364745647	0.7172818473612727	0.7722103255656306	0.3562076771428681	-2.5127611352468384	1.823584714467034	-1.9241976484954555	3.708313182680716e-05	2.2398177856387664	-0.17667625693915132	1.3252615257120242
DTXSID7041918	-3.2891244617368574	1.3756066809457588	-3.2929949381051156	2.9965951132348705	3.3450572974043173	-1.3408715799185518	0.04436006296121754	1.826972940850266	0.32468064206781916	0.46194058628498125	1.2182438821562391	1.8243138989000467	0.8444974077710908	-0.03223456815006485	-0.4107318971101641	1.4243102984429712	1.9682828068865068	-1.4485242267120435	-0.9685984776034424	-1.3836017678038468	-0.7298279716127424	1.5041223228102516	1.8938659766182915	-0.15615842546803965	-0.36037115012813686	-0.027080349802006458	-1.1640771240622516	-1.5586197638076091	-0.472032756973353	0.14953474138004783	2.2450025721898896	-0.4566777267327467	0.7492797515688822	1.507246351408571	0.5092489841757224	0.2424055827439383	0.0509769935090389	0.4657222598904148	-0.1932318996274433	-1.6883383066331032	1.3381927715059119	-0.05338751221862965	-0.07641104458249422	-1.1516762622418404	1.1010110207649837	0.9035743472024114	-2.0714002369421634	1.1858691889547281	1.0822699442103159	-0.5754400157175347	-1.2073643142771375	-1.0558428670682563	-1.0067379836519554	-2.0307542620977963	-1.237893863998144	-0.7300978316766289	-0.41440975474327635	0.7462963890671598	0.758469557400032	1.0203090978269427	0.2549524349533677	-0.709121152497023	1.2896151579656394	-2.0165322239709895	2.0613930107285583	1.4072315319291266	1.7297984772365027	0.35232241582501933	0.7553034607592051	0.6238644612398317	-1.0791264920733088	-1.0774602290507256	0.7057889642102418	-0.3410197599759606	-0.5283506879148262	1.4634772650583443	-0.40751018960975804	-0.7206999125446517	-0.8018486322387096	-1.3259818696431245	-2.00048066220648	-0.8867871744133181	0.10497045765151818	0.07079705585243669	-1.2031982347806593	-1.0565395259880592	-1.1382937272179774	-0.08772477904690329	0.16901186249726313	1.117490840997256	0.6446906498160417	0.04231964412081376	-0.006366464065371614	-0.1301037410169059	0.6736049172491314	0.6595713255656052	-0.4707242270584525	0.10699327565951208	0.4018467349965694	1.418163013545088
DTXSID6052538	-5.700627752235903	2.5934600721123413	-2.9302267169379705	-0.5526300725602051	1.853382423036026	-0.2989481854305749	-0.017135514368997278	-0.29047830238193767	-0.2717441288817511	0.5885916786335064	-0.04922475683290208	0.7375820396725777	-0.17289400666351717	-0.279853102446801	-1.211415445729133	-1.0397150549643195	-1.2097802715539852	-0.384713181308214	0.14978027700539837	-0.1774189434893572	-0.7187765633916793	-0.2801323287325546	-0.17335699481257558	0.08877366797570392	-0.8162681644796875	0.13695829615134789	0.6611414074390983	0.11588437752046021	-0.05860198661220056	-0.52052360037888	-0.0602870125688584	0.4366869555387976	-0.6535202339547747	0.8512828097311762	0.9266707231724496	-0.03041646905408991	-0.40678461297976637	0.38288253877755435	-0.3056115586342639	-0.4167185659930009	0.5623956599678624	0.19696090075477993	-0.16066699622289005	-0.6983695455131271	0.8757553208388439	0.24889858351292612	-0.5458247942073796	0.5824871342511763	0.017004551659375335	-0.010120080389984784	-0.09468528474950257	0.2792719700881913	0.2450945368568878	-0.8775582748856212	-0.24217975148186796	-0.7351149175445607	0.46205417884456695	-0.7522739341474276	-1.0782882558559264	-0.45187992015612866	-0.2878192701165175	-0.4898673175704965	-0.28332877918027066	-0.37954171458127683	0.3530706281289433	0.565678245232422	0.4019314763157897	-0.08041337606986022	-0.06749934961403002	0.9588265028462795	-0.31942603570736455	-0.6709927352627705	0.25429136549215764	0.6984084356394185	0.9290027093854788	0.6808331585056375	0.6989585095930555	0.1487598637482931	-0.12528747132267123	0.06671763749945066	0.7091003241969593	0.899780896887122	-0.9784454591738945	-0.4149953591604211	-0.12159309441159134	0.21492625213486244	-0.2604484392775491	-0.42504741779605526	-1.0885103452594305	-0.4007380482838065	-0.191820955160696	0.4150170458577238	-0.7886251155635177	1.237495956743921	-0.7506494521512802	0.3813414644787443	-0.7677743779806815	-0.04671544509356106	-0.9318962927663499	0.03061872224530774
DTXSID8049387	1.4869713311134949	1.166108995578997	-5.457300117126437	-1.3644942238664461	1.9124351952056664	0.9803880247220832	1.3090552517526268	-1.7346010991901002	-1.100498687377903	-0.3274856855880214	-2.8609212676219222	2.6685330749597806	-2.7841181447506704	-2.066130137186713	0.1289378951097144	2.4032823226829247	-0.9572532895394966	-6.752924736658539	0.38773023143273505	0.6712161679076626	-3.298209027161818	1.4312801297403797	2.6622249304884957	1.881884949724698	-0.615796822498612	1.906503683274272	1.8118764735694997	-0.43284558970054493	0.6332681530289562	-0.16730763399060855	-1.0304653519663673	4.497251940453995	-0.2968120712821975	-0.4561297835030319	-4.678630209939119	1.6613374104874667	2.663565881039554	0.5200544295808758	1.1877886892078273	0.2791647617533772	-1.4878229218322667	0.9657982445910337	0.4713808075130788	0.5803522045300297	2.1214551026278863	1.634296135637535	0.9297975879823069	-0.15796677124175593	1.3112796225936743	-1.8804502226306117	-2.024362866486678	0.8549724116771623	1.8867836401365476	1.3437257040909294	0.1835198196633151	0.6076391045422453	0.7361486989981275	-1.7986576137477208	-2.2623718040610137	3.070384730600394	1.2690715720326524	-0.41851449371220306	2.5755398544396026	2.514150328735573	-1.4446678220716245	0.9204824420432799	2.301227273925986	0.811377819404306	1.8948079117057481	3.252515717889798	-2.2609801631265936	1.9187412078839399	0.5699762898077415	0.24956754222007213	-0.7037676512092718	0.095304849195333	-1.9131177091196436	-1.5951844571645863	1.901174979488887	-0.5979531205966272	0.9763951779362122	1.2829845057866676	0.21285914366795508	-0.14463537623607425	-2.0503846188799018	1.1781567622104594	-0.8122621461024877	-0.6051336642006521	0.03517677759518631	0.3887574966681995	-0.4043400530047602	-0.1435774746452223	-0.5556323050794314	-0.5859218858831882	1.0134655222194973	0.4395186833494046	-1.5198356786336449	0.43396296037268534	-1.053619080786067	-1.0668908994957143
DTXSID9026922	-1.8226716940856353	0.35330922117559815	-5.063511327128201	2.9610063673476175	5.164267856955922	-0.854348636995138	0.06978624333390694	1.6966058999181426	0.395090681277438	1.0406457675547047	1.2236280589543773	2.7604037026581065	0.551552806555466	0.40674030161105723	-2.0954408824447723	1.2985757688432567	2.380780677483722	-1.4656620255599013	-2.055705893740837	-1.2965034657205112	-1.1998693466102657	1.765161480701675	3.2779169480306236	-0.016262037359204475	-0.5731917785311061	0.674619860013879	-0.9889085552712209	-0.9703776572848906	-0.5211807958209385	-0.001362493317284739	2.8667092776456906	-0.5741579916106135	0.5244147016003231	1.96172576832683	0.3508907866428562	-0.08478462153645373	0.22582606927182178	1.279469966621241	-0.7357221616542603	-1.990058203197237	1.143615029663664	-0.1579858269772198	-0.02751937437532563	-1.6728718303500936	1.4247533922227587	0.7312997112122293	-2.4310579123425815	1.4704669481202866	1.3595285187155852	-0.5451884916855835	-1.399431655865345	-1.8420430128354877	-1.189752430182347	-2.4859866696065365	-1.3398331947779134	-0.029636668810523698	-0.07302698734389328	1.2476661240786004	1.5428599254688111	0.7105825893540239	0.339682389840043	-0.6870321885648549	1.1636365430818232	-1.5521636439997328	1.7986777926966153	1.3048350041798245	2.8295072205555356	-0.009358830866936627	-0.4687538344889673	1.5359302931990788	-1.4042475201085929	-0.21615275064880562	-0.26634153540863886	-0.6005490314130693	0.15282073206903288	1.008986338247989	0.10929105204921455	-0.8756354316315487	0.04268798674357337	-1.2855346660571991	-2.3150161776258087	-0.9288323893633451	0.6669070651007322	0.09674923803560147	-0.46178964772131437	-1.3005887452274216	-1.0182085868594979	0.33832758319292294	0.32280838679472634	0.10649862549684481	-0.37378738315224375	0.8364767659579396	0.2691350775612382	-0.5338234292113286	0.05611362944133341	0.6094432265695369	-1.232756360252459	-0.9018583259750321	0.5002057511700235	1.7592307728439656
DTXSID9047253	8.331086838272922	1.840156354615009	1.6270169504787237	-2.0277276361651686	0.08673906635814373	-2.9021125792923184	0.35365522362474244	1.1349726095155623	0.933087953288423	-5.0859416711369345	-3.7292101150509547	-0.8842100627327033	-1.523636526641362	4.2595539398201705	2.546131465673727	-0.22121210759311907	-1.7652627382232273	-0.40955538017470833	0.6203840788742336	-0.4266330222890481	1.6841350581383314	0.367644033613654	2.9644769604928274	-3.814545045593928	-1.3324558904788555	-0.8314139527535953	0.7126444550476793	1.8371061976778722	0.626206312066618	-1.882215942406582	0.018285853155395385	-0.9001512959179153	-0.06023578817750206	0.12539327851911516	-0.4745624569067238	0.8401395130378109	-1.0622554975590461	0.6680955249093045	-1.7505098929180332	-0.25994249249232193	-0.5141503519208785	-0.9537471337376686	0.06475058182882587	-0.5285125030826914	0.3295592124616785	0.20272120253788978	0.01379188657031988	-2.221348976114814	-0.7595994968974591	0.5749328044405803	-0.5551685666445129	-1.7330169743664676	-0.3295914686780522	-0.6946353228171207	-0.8271447658244657	1.8023820904285808	0.14153714954983673	-0.7185851945828735	0.9560289903083496	0.6923818336681155	-1.0899218966419673	0.4296628736607952	-0.2525383108159583	0.5541758951856305	-1.4892336027001436	0.4167980045370005	-0.3399738835847313	-0.36948762177654054	-1.2842148755866927	1.1844735664444113	-0.46613159510285485	0.7817806762922155	-1.1799867406355828	0.05062588695811499	0.21827359555738002	-0.3359692859266891	-0.5747880414400705	0.1757148651629438	0.8833881722674395	0.256271914260339	1.0492590367833767	-1.353299937555854	1.8784016705793916	0.03535288489067568	1.1909677725450798	0.19685522854786508	0.9099595992663764	-0.913624233726225	0.70776015201894	0.3789060618252301	-0.21212529260602153	0.4402332464735599	0.03510959945854181	-0.5522436345327837	1.1178601604705105	0.07267805284483216	-0.2296322778019041	-0.35402769721035676	0.38911531806050115	-0.4751356779168047
DTXSID6048919	7.389224425868294	-3.988612404765655	1.2559693546030968	-2.3826384543302406	0.7987617632009416	0.1736128492358058	3.7436745047895377	2.438073832951726	8.493390449811695	0.17808950415697927	-4.552869717590202	-3.808458722166256	1.5640297806722536	-1.4765909354572961	1.2917289258552613	-0.26581908576917773	1.6421353597793538	0.5374381220143111	-1.7912534949677847	0.8632101719008731	-0.8308742102609553	0.6212724450792332	-1.2661549709571365	0.6351443283503388	-0.1677392009078671	1.1985384284428606	0.2595824073053495	-1.806436844400765	-0.5518895739666072	1.6921261000274213	-2.2026602086869898	2.930252883316522	0.8016548090565916	5.972976117922313	3.0260456808431497	-3.849558830251324	-3.2780207232289436	6.160078005366123	0.7923757866172741	-4.9421808831688505	-3.889902913014949	4.461695218309154	6.027378052450535	5.671221161090714	0.24851831591298862	-4.006781480504857	-1.544425410069849	-1.7007814792790898	-0.15122318948709584	-1.6516504259205753	-0.15703973965116655	-0.6087959455300186	-1.4330830473299485	0.04068117654338366	-3.92761294147608	-0.11640121877408156	-0.720554225974845	-1.7419739035555513	1.5299873529202637	-0.26346834975751116	-0.5313675725321589	0.40855130081269075	-1.1313175578065355	-2.6161946754132086	1.185514677658244	2.055334874294685	-2.456115098734808	2.8650769778300478	-1.5926438891541064	1.036745562578896	-1.824036636247722	-0.3637250555056902	-1.8441198900708191	-2.213196265668026	-0.30144240874562733	0.5941627116761655	-0.0014006893728536528	-1.2132149313449372	2.2055216010341323	0.3830948878483774	1.1037275748050097	2.723737839475598	-0.7395322492830321	-0.2189616937861607	-1.532543260627809	0.3470131625145801	-0.440868997608008	-0.5675806600748746	-1.5191032983519543	-0.34789381718064255	-0.641717230335773	0.3929943785630685	0.8696901458894418	-1.7440052905991001	-0.01366479582752348	-0.853119460517726	1.5756775778611707	-0.15886973506384255	-1.3658016844193965	0.20231940884974806
DTXSID4023670	2.0299916844876766	-3.4953119116149547	-1.436456306271155	0.6308345717325483	-0.3538437502688458	-2.2830109118843342	-1.164708837657947	-1.526387855787153	-1.0467232942321556	-1.7302259631141133	-0.9764417551706194	-2.7683341566287507	0.9628888122984278	5.623338165550205	-2.0684456216068874	-0.8030952739579608	0.8424236000766872	0.3202660914801162	2.171284974447412	0.44817511773348345	1.1696740085126178	-0.659535802129431	0.2812805618686284	-1.1680390935790448	0.4923433439673314	0.1130180317418554	0.5098436346466896	0.3789196363775361	0.012619208373462035	-0.22993112426530846	1.181918990685465	-0.02623678434990531	-0.7361587806801443	-0.5681567042285134	-0.7402912991160283	0.6084360377029296	0.017465263699593045	0.0882799475856263	0.1470877900230532	0.7448371690139384	0.5575507179880449	0.9524028608359024	-0.4468987640000621	0.46736672672350205	-0.10763717852952183	-0.46208150772780904	0.9849047803228363	-1.6735765299390253	-0.6235242332443454	-0.6469623696494224	-1.0850020184138949	0.5927688776781056	-0.2828390249335219	0.40914168839534326	-0.36830095294991555	0.5043459735940208	0.03948569167002496	-0.3486061513276576	-0.3689979523128384	0.6999500506192216	0.23113083163804485	0.30665405433580645	0.3933435189949465	-0.41078004033321214	-0.14617378238417394	0.38283361701164476	0.03699256632587846	-0.858654184784079	0.7314640775454326	-1.338871214688979	0.8275775954816769	0.04547546914805661	-0.19509113787920715	0.09755097061786419	-0.21419266818861227	0.5041851195378292	0.2504829590550604	-1.082851363289769	-0.13560741815618083	-0.1275686951735478	-0.5444576204634666	0.4857820265244184	0.8412591623847538	-0.637079633588243	-1.487719341674806	-0.1307757525529419	1.4394873425164083	-0.19345099587821657	-0.3376111843909116	0.10877745936591783	-0.8648784140478615	0.09034860991282569	-0.0534158598175004	0.12100971175945854	-0.6306030747504823	1.0428557213042584	-0.9097741104434838	-0.09935172957197334	0.06490367581441073	-0.18300007613476368
DTXSID1040320	2.2816273482053697	-4.504176859992657	-1.0575190291721146	0.9313195308580685	-1.3479999888969683	-0.1244741617282638	-0.5239248614796153	-2.1540249307214188	4.979750127991054	3.1746483448203886	-0.5599850558017475	-2.6116170633173557	-0.7043000411444933	1.0597932565670862	1.4929330486649368	0.41519701656993707	2.7838805174338868	0.4787142138635194	-0.4963746752952578	1.2626467966707458	0.3429991689966193	0.7912257185694569	0.5335144266793513	0.08407938668412673	0.3130564643899088	0.8356923868961726	-0.31768220630106475	-0.1110933963483962	-0.17277265663332866	-0.6999981885354596	0.41249813579483674	0.31391919433445176	0.5413349127889395	0.06122207348858444	0.4278396831247195	-0.4181088168919394	-0.3973872789040106	-1.065754323509751	0.5206910077525654	-0.39433556896300054	0.8340798092816059	-0.06266771322628552	0.10309446810963199	0.1874440523376549	0.2297572694492736	-0.24703540111931702	-0.19065837081125012	-0.977675496545425	-0.16282569199552924	0.06955101828982133	-0.7021334730637306	0.8890742066912001	-0.8479705723073538	0.27057753635169923	0.5400621694707458	-0.5334197606203727	0.6862924582953351	0.4066376818318641	-0.43896878068293477	0.3805788416893296	0.2710913228895574	-0.21503053541410785	-0.42248199601925795	-0.47943776092623697	0.2765459202426099	-0.540406933174301	-0.39661191254198874	-0.30409826053573924	0.6557073545379614	-0.3312468451928094	-0.20066762163991617	-0.3838615948590529	0.38922296075856605	0.39621794862273246	-0.020307135868226155	0.18383416692190221	-0.29468104189197014	0.14108059091460862	-0.2774008758341472	0.13098815593748853	0.517080967905992	-0.024084658987397832	-0.2332051065263871	0.25544212133543914	0.13340103376872853	0.22897335862459078	0.4317488300185205	0.07901336874523425	-0.6532697522534472	0.24297648340121147	0.5699174511585621	0.272353991102985	0.17459146352118182	0.023864159005685375	0.031595185192199955	-0.6382194934156298	0.3050401301649834	-0.643162412348617	-0.10787429449307644	-0.917874004457363
DTXSID1045742	8.463632227142337	-0.9081525445235117	0.07392631219018964	-0.8244274078045281	1.2070533398112393	0.8164251425509987	0.3336320127410453	0.8120715873953758	0.01358960091821626	-4.61136436802693	-2.0023281038484293	-3.3895497988606866	-0.1948740890595006	3.755018464567476	-0.8059237090754137	-1.475208985588376	0.03654777257001502	1.0752642940729253	1.6400338390991693	0.031238006860924053	1.4110865275191862	-1.431994132207345	-0.786422314907258	-0.8698606184687602	0.25884499939899186	-0.10120148185347508	-0.37932365772267607	1.524233835307558	-0.09232699559130747	-0.06160927731556971	0.10485255740205443	-1.0330688857704236	0.0164984611685737	-0.7041016598415655	-0.9455258212230789	0.8429104613583296	0.792458841106283	0.8443149392959417	-0.4994313788950201	0.08707470700736969	-0.2678924366455611	-0.024132166384488066	-0.5846163403157426	-0.31275705998207837	-0.9919458177567765	-0.617761809971624	0.9243132587315782	-1.7384233356981966	-0.04547750562913181	0.5479813537941665	-0.39837178521261585	-0.9547373508769719	-0.8820470033818658	-0.15819535201380447	-1.0907673022352975	0.719172695951833	-1.2298139642261567	-1.4610938409426821	-0.15660538145377048	0.02456414762901126	-0.05965990987152981	-1.4185845976653841	-0.06746509345917187	0.31152102748583793	-0.5237531602457316	0.4246271743176016	-1.0825136148466858	-0.5811162860655747	-0.2311457924301546	0.8477850334470305	-0.015452215257604948	1.287209790213009	-0.14733033486777478	-0.02506291033222015	0.29682906025146294	-0.37829542011743056	0.48553881678127536	0.8095279697857952	-0.09556408601621112	-0.26578235717598175	0.5565358374598796	0.008695765268057504	1.0809791270989213	-0.26062663817647225	0.20533589143313777	-1.1635216666891472	0.5128109852110121	-0.8663894703059408	1.2009002083133555	-0.03278285652880853	-0.17650749382231537	0.5424660602432368	-0.4275590971719001	-0.5626267171305973	0.3192707244168173	0.5905043909822889	-0.5174492041488744	-0.067093155088273	0.5393538565528362	-0.5342441973265092
DTXSID1049017	-2.7175427779927595	0.4218142591100987	-0.08032089341227132	0.8465483762174563	-0.987479412913387	0.1016000829987049	0.49765513425149477	1.9882180793441961	0.338419560119461	0.49493560173506745	2.57200527820186	0.6498740416571751	-0.726354593393583	1.1863913379251094	-0.33844824262789397	0.40551210848318303	-0.5046630362186976	-1.1055751178901552	1.2041546975309738	0.20895773139605636	-1.05780354386275	0.061065791512487304	-0.5739305383530653	-0.6116200130077045	1.047181906033567	-0.022751340606630262	0.4405615068682118	-1.587770401260624	-1.2351924893489707	0.9614608030536803	0.5513711822627336	-0.2894782574486163	-0.5177669100212071	-0.7792795733679279	-0.6300178346153439	0.9089022652376472	0.5942888436100549	0.6877916331375702	1.0180548915883134	-0.32624216631182923	-0.06681538126328009	0.554960942614725	-0.18297782484366093	0.18288681881488747	-0.5533984105472852	-0.3974853662949242	0.5225784375721835	0.029281671255258383	0.11271358584506999	-1.2096862231265124	0.4701290122009596	0.14369241805819835	-1.0230053245696806	0.8804078014612313	0.3875488154574058	0.34834771279476284	-0.1360576080250491	-1.3307136328880917	0.8310881577106698	-0.4235429118471094	0.34348302140795606	1.7766042055029805	-0.7734772356272651	0.3691767017862912	0.11081725691302707	0.6471492355551977	0.6645998540694449	-1.3065214451435982	0.5038969500513979	-0.7751240678769302	-0.10393441908588508	-0.8439338381264396	-0.16814349791499286	-0.4965107902880519	-0.4410424018420471	0.9466237734253681	0.6251688559025427	-1.0192255229747962	-0.10219672996345457	-0.5196092430926312	-0.1922439448040049	-0.34594729360396975	0.5593810501685367	-1.1710381787302317	0.012012327077173401	0.13444442655072789	0.3472389439597644	0.9977643231125152	-0.20254532355427596	-0.6311462759724528	-0.17198106199610563	-0.43917482715639766	0.20035510984726213	0.541263404061717	-0.5510917628661476	-0.0005263753889135239	-0.24201733170730544	0.5580203676840437	-1.427910478122886	-0.1130694903276585
DTXSID8023971	-6.343684975748731	-0.031586408977098114	2.601650902152537	-1.851743046098737	-0.9518819773788425	0.1676243299756019	-0.26882827359573264	-1.3861831608225654	-0.9113400985311205	1.3602193048975098	-1.3967624198085238	-0.23328546034704098	2.455142168418557	-0.1636590196991622	-0.26635738611235976	-0.73881306146329	-0.0035400487093839683	0.10039243171549682	0.1986045249524592	0.4753379772294071	-0.012689370923042027	0.35823916382930043	0.10491306928295359	-0.3952861287225243	0.2585732604690807	0.10961616832340687	-0.18434371440980268	0.09745071454238444	-0.3459204633107925	0.0453777935503373	0.21448977222569388	-0.14669578641462752	0.05655161681199767	-0.1360535999733024	-0.32049451354561864	0.5331751810931991	0.1613411368315531	0.6662992351906786	0.15746469557851475	-0.06269112199321233	0.3281281663676234	-0.17110142268600373	-0.5407969552883961	-0.5375290353063746	0.08728254442881496	-0.26252127199321384	-0.28331763717486463	-0.2289213852693801	0.4182660435049733	0.10813214933043137	-0.07871091395922547	-0.3771461990226964	-0.06269119126133935	0.5928001864831131	0.22783075858252508	-0.36620291997975235	0.3039646461152285	-0.2878784445119874	-0.4228123401673199	-0.20904786017901344	0.3977809904681485	-0.2395282197543174	0.33501262199180226	0.19608874344154328	0.11037963903680797	0.016229884677701627	0.3412876287482036	-0.2816226840488101	0.0004036709790597756	0.014919540580637231	-0.12008034281149531	0.054977638752146174	0.1926678943364358	0.03909984325253066	0.1309914110781245	0.11420835624489924	0.5660877847244071	-0.06096120474949109	-0.1794613375340577	-0.07939981284782718	0.13521362512430007	0.01656866915035474	-0.19853751757708746	-0.11303897202532101	0.14248787871190274	-0.015323882539538513	0.09441184534770228	0.07318794878041106	-0.14745872975679064	-0.5189910909096258	-0.08420740750203193	-0.04390528179284536	-0.04564399929810649	0.15825220782100868	-0.17583502688521285	-0.08067363435166247	0.038917737148969365	-0.03550397939098162	0.010118026165476081	-0.11046667312189373
DTXSID5047405	-0.9547404964125943	3.9216889191952022	-2.278335573823344	-1.4096320788406025	2.845590711785316	0.9749628839868169	0.5731160717137942	-1.7398185258353074	1.6614089869388362	-0.8031171500213206	1.4475164679989503	0.7768086169077745	-0.2035237667619562	1.1867782564133824	0.8863545560311923	-0.46970113893830173	-0.5017563311314992	1.5756434903391614	-0.018903221834872117	0.5687497256571105	-0.6200206726362684	0.3257855978238522	-1.100795732224063	0.2670208742279755	-0.06650784554381473	-0.0836542713983717	0.6741504980368491	0.1120749631987093	-0.4408981849267094	0.7587416946436077	0.5598998537952755	0.2796598817619616	0.5119234125273469	-0.38267389444253175	0.11459186613708279	-0.38286433386470203	0.37595983607062183	-0.14078289418301107	0.33359036396738345	-0.4234189569541485	-0.23126877960485367	-0.9781605168926012	-0.13027347150115062	-0.09229736678476934	0.38321454853117065	-0.5548850456087762	0.17194915921277798	0.3676539813180322	0.1404954201616809	-0.03669921953353404	0.12014543181482104	-0.25043477790871715	0.0760282756003473	-1.1777896220741455	-0.21250638760705068	-0.12756007590718774	-0.4998107613400379	0.04701814474210567	0.39481072224679664	0.005554101722841143	0.4838617507385802	-0.009933352698814705	0.05298060668004622	-0.30583784852096796	0.4617224584094261	-0.08042405091724789	-0.2886644400204136	-0.3867498079502855	-0.2064964613911225	1.0220070022274381	-0.7553910464269811	-0.12199724881021913	0.21535657986267562	0.055414127211315896	0.0540462216886647	0.08516977185490293	-0.47312278532806973	0.467562643747429	0.4126216619349577	-0.04537688919223243	0.6051707656144744	-0.5282940646299493	0.19126194785173153	-0.07474514331473263	0.09186008582172983	0.3801521340431554	0.17615719096112334	0.010426307455787267	-0.26350038324321107	-0.3636869971202887	0.3949638377598002	0.4601884882182297	-0.14041128914010545	0.12902653697864358	-0.659495349071397	-0.14811334604578588	0.5199492628640221	-0.32576704014249813	0.20634236412485382	-0.44099425566357564
DTXSID3047263	2.6498480625847196	-1.8919688916988435	-0.26637244569254537	1.5230534465442935	-3.2455422660521323	-0.693597507700549	4.31383768061835	2.025606659855785	0.2673056761572149	-3.194832894261982	1.2619238943933326	-0.8978246602284075	-0.6532053918624902	-1.1115607422866343	-0.23121359270188485	0.5024410496575337	-0.9691172336924762	0.8276926325156595	-0.6656546937792851	0.6492843777108837	1.2035234045463974	-0.29808949474222307	0.3293050021863774	1.186295069599766	0.2585907676844672	1.1653119105669725	1.0071312921493187	-0.7796113062280636	1.190254675100749	-0.9143525507830681	-0.11430187531894154	-0.7202824221706796	0.7844678584633364	0.18775527301158237	-0.023416825513602798	-0.05712627138058362	-0.4625573450560217	0.54629089974719	-2.057636740726849	-0.30583698450305546	-0.1463170841568535	0.038383022171856185	0.39886524481030916	0.17697001049634364	0.1256758797673502	1.4896432878797674	0.8255848046098878	-0.4318431932848519	-0.7466057992322412	-0.2662589461172697	-0.2588575750889966	-0.4264453337601401	1.2864444956481338	-0.5745010652905245	0.39054942882966764	1.4895303196928804	-0.39649647203750094	0.5219781608357741	1.7319638991121322	0.19934759840407254	-0.4322073696426402	-0.06872910809009859	-0.7516709327831151	0.021547327379342673	-0.2613742001739592	-0.5675252356009207	0.661147095407468	0.022552254716456905	-0.4150307007741176	-0.20047754958971345	-0.4577875140289565	0.7092700970424931	-1.8441590738689815	-0.6188743111049496	-0.3372067633525198	-0.15894363241082837	-0.1859175860378958	-0.5406858543832606	0.5159545783987117	-2.2039026350132285	0.39543478755819667	-0.33637337080614604	-0.6510594898745291	1.9628761388884752	0.874474913621293	-0.13717407191238637	0.07308728396076293	0.651180037610835	-0.015686241520684138	0.5257015034746407	0.4031484073160783	-0.9819921027680195	-0.12485380894363689	0.24237450585647088	-0.20079964655948884	0.6985351069897934	0.457430247784581	0.3927329761598162	-0.45981218130444085	-0.6823585087061921
DTXSID5057620	20.56836165857237	-9.773394301806626	-0.8856733789907365	3.1101737625246373	3.9857492417851375	0.9078452726124212	-1.0167545712202994	0.3699667059133507	5.1605540959722545	-1.9528295678765448	5.399215818904357	1.3706348185764812	0.1267020950476679	2.047110011277008	-2.7408481429868417	1.6925817777185437	1.3885892361020662	0.5089982644757184	-1.8386392651585794	2.664534315586827	-1.535545888287324	0.716151627291146	0.12294984557364716	-2.8225029416559178	5.555556516064259	-2.5658517450570453	1.5240601034983732	-0.19412963107991002	-1.093236477461417	-1.7658050095569227	-2.0435504733198373	-0.5981247112462869	2.389006496898857	-0.41996424561595286	-1.1187867758160404	-0.10051205146061139	1.504871021536848	-3.134831485264619	1.4856363489914812	-0.6885883469785058	0.46872681167292324	0.13339180637532982	0.9358993009757931	0.7221216652450914	-0.5661439019232979	-1.158862698054788	-0.28441739903058344	-0.1447094039177687	1.1954067525627374	1.3353961583231704	-0.228765420678853	3.301163311689738	0.16543445469627938	-1.0624521872770714	-0.18118729375493972	-0.04934744264349886	-2.0866236195889067	-1.7815138617386914	-0.7024465285754459	1.5137191330231896	0.7532956509154571	-0.8828845757908068	-2.2191983336590426	-3.9574308368090283	-0.6732934946332448	-1.890692653061202	0.0016964031932071699	0.23771504733353277	-0.07780732059637113	-0.23287470415388334	0.7842406360211011	0.5719566120455896	0.3858459423546532	-0.30616546743558276	-1.6623571538355466	-0.1169976707841674	-0.8369371943740517	-1.1269133489125227	0.3870044596396852	-0.3396698147554949	-0.18638537392302057	-1.492251159668718	0.6520044208475008	1.4925440597841637	-2.285810233656112	-1.4609097542157234	-0.25836933528045364	0.4466392466999253	-0.6545300520663242	-2.5230954558953935	-1.3328948998694687	0.7794121589389971	-1.7149643781737527	1.1466125977662642	-1.8483211131355652	-0.14213025586614114	0.16718955662086796	2.0132178403715058	-0.7426744108706148	-0.42986613950735775
DTXSID8024658	-7.600383185275639	1.1318478835383157	0.4246023605981777	-1.2261394414276325	-0.4360197315448735	0.024340669776519067	-0.26324579637098194	-1.3590297831667841	-0.7451765451294603	0.708802815513184	-1.116614880261611	0.3243479117405724	1.8520177822706818	-0.037112120920153306	0.2839465394153809	-0.7833672110560093	-0.4726080013744419	-0.06593425176529084	0.22259836880167355	0.42513835226236557	-0.4640354315700386	0.2325010931339751	-0.29087183610026307	-0.01879815112650057	-0.1570594651400928	0.30043897913705137	-0.055550790569217356	-0.3378280828549745	-0.45939217504015456	0.285955903488923	0.2983913504838986	0.19946032511906767	-0.3074506476014049	0.1835122338906563	0.049814726350067416	0.09702890645814757	0.22489636478428363	0.7126516069530254	0.06171600418603551	0.1589993133784952	-0.03917696230446964	0.121958033947292	-0.26247886197006753	-0.11541210357113016	0.23395200456047965	-0.3093772524494749	-0.12629804158466243	-0.06740557260676104	0.22345649730088307	-0.29355495100781154	0.010539214152177765	-0.707000685527168	-0.059740711763701736	0.2348633459793657	0.4409797007006886	0.14507372682439112	-0.048488606387842394	0.013936869472741153	-0.5229130979505774	-0.16747777510923592	0.04826972035310148	-0.06338311265468152	0.28039076561162546	0.591732073073933	0.23509439054523218	-0.4296606844177992	-0.3221018645463225	-0.2958083040264998	0.5120984379105598	-0.47954192200603785	0.11801620704384298	-0.06261835245222487	0.32881367107596077	0.3410167814608744	-0.6097040101024939	0.13965326004291992	-0.2139696920216488	-0.2100860197871048	-0.18442357908482596	-0.24093391020923424	-0.45561730940552286	-0.5411461056950556	0.05144248751305635	-0.31637642220916934	0.3297582962720288	-0.22203526826654874	0.0103406610908039	0.32296994587113514	0.5043473488285838	0.21022812374578712	0.03637415344047196	-0.22171396325572448	-0.5283040452532318	0.200638717926508	-0.09519917702550783	0.14265432618032006	-0.3003188514829484	0.15217856071066094	0.5058490057951824	-0.18333677660791328
DTXSID5021386	-6.220607719800294	-1.043675558165966	-0.5268942602078859	-0.12409769432687778	-0.8180224090231355	-2.5867670836648453	-1.356602313844705	-1.4220755088169714	-3.1279017306167907	3.0380924326787873	-0.5711664962501637	-0.6763918124289511	-0.688226456669155	1.296387372664538	-0.9365340715752654	0.5555921848983854	1.1146636050752425	0.7575866315111209	0.1943050125784693	0.21755726046624818	0.26939591575419963	0.14399787674596237	-0.0018424387196552465	-0.01564782301903696	-0.5396859344187285	0.6274771132067861	0.8070540158872018	-0.41136047898269823	-0.02680292450515939	-0.3714458339900933	0.3414263504671953	0.6399873071042573	0.27899478545728446	-0.21729332153464398	-0.1382539524926333	0.06921903066362327	-1.207885980581667	0.03725431479695759	0.5795570058881916	0.12046783471052042	0.2813531006714969	0.05644256628635109	0.07296331060224912	-0.1967981256468314	0.3527725613834315	-0.2810472247547557	0.09963986593901707	0.22937995384767706	0.5149686422056358	-0.33795339753069603	-0.20205316086769282	0.009063904216162467	0.1983483699911848	1.101993863068929	0.7905135470496707	-0.5682218507224074	0.7553873520942177	-0.13658442790469338	-0.23171588914659091	-0.15905589315609694	0.09421018231936248	-0.010792920461974302	0.06747827589087638	-0.4978050019011356	0.4780711808285009	0.184235347511549	0.7462801508637112	-0.4093771775345206	-0.48675384861117554	-0.05325502642232204	-0.15373783771148053	-0.3923476318024331	-0.1167722505918037	0.24555927759978027	0.24635779708744984	0.46318967128680866	0.29812962828637884	-0.23766792642741535	0.041022880078282496	0.04472266980657974	0.017692359382048942	0.16837783381608815	-0.32146525352379424	0.07415613630816233	-0.02064638059958335	0.15065065038506614	0.24665856670205064	-0.20437352901465583	-0.18809209772050267	0.08046378077725977	-0.026983102225499135	-0.28271880784571146	0.02295572495819717	0.2656911847665754	0.1378732324011064	0.06926209397871035	0.11536028444356783	0.005936141317718973	0.11500193125082406	-0.08088377843132477
DTXSID9021188	1.292864097421149	-0.9839322950011644	-1.2436678692650647	1.2653719392561842	1.7574292094697035	-0.14668750325372817	0.01298368102140445	-0.8342546870862142	-0.19244680106310694	-5.853378356537782	-1.915355675245155	-1.8698407605860272	-3.2351612087835275	-0.3278138804427634	-3.4700830880869784	-4.778400194381616	-2.790146464208118	2.144359462087897	2.011334563876355	-0.14616561844099477	2.9504014510465693	5.415544323108296	4.246509966841886	-0.3334470072780684	1.2394027210785608	-1.1349865485116077	0.2911204916877091	2.031434218400266	-0.9596810262143844	-1.5188552451573392	2.7519374047011835	3.671702581631308	-4.634221690516604	4.924523164145888	2.7193109286147803	1.3271393271986105	7.469807190753143	-1.6869333924191552	-0.8945596435403975	0.2376161255541111	-1.367622706798533	-1.3329094404751032	-0.17306481875248986	2.6821557215356546	-1.4260202164884612	-0.4335487882556551	-2.5766107756997507	1.3435261687664581	-0.2400708362306384	-2.1936871488816	3.207122674896979	-1.0220606453559975	-3.2341373707022627	3.7235992019126614	3.2369695776490155	-2.254989108144285	1.5928047169457877	-0.4521438936309805	-2.4967696241712627	-1.3848656993411248	3.01444070289642	4.106046334328293	2.253871949868951	-0.007011920662275827	2.8783277154443563	2.0060627977580583	0.26458088647897743	-2.521178033702033	1.4615560995206136	0.6364378262574109	-3.16040263956733	-2.2663013882771827	-5.206191509161524	4.956305973991034	-2.2612549008156435	-2.5493667855098914	1.2167957179833018	2.870776012448633	1.1109833353486274	-0.284656823665795	-0.015259002995421945	-0.3585129525778008	0.23242280921473615	2.497439297784529	-4.138243393682644	-3.1747184816276772	-0.26668449998133664	-3.231605897500754	0.5242675563813145	-1.7461657266934805	0.3362587782243714	-0.6884400942062419	0.03983604283306488	-0.28614648277669147	-0.46051777323195836	-0.1553024126779895	-0.3822715233824314	-1.334032290193939	-0.13886381421971175	-0.17767949621893556
DTXSID8020626	11.187981399328079	-6.253817764598525	-5.164152150725527	3.4374672934681576	0.4757759353771861	2.785365473479356	-1.8580986843854308	-1.9531675442866545	-1.558354361662646	-5.526420651947498	-2.9695071302186182	1.2387489845300612	-3.5913576258441466	1.3525875306661683	3.550434052654934	0.11075852846633526	-2.167888362437299	-5.526092877875958	2.719175208772981	1.4849807019025272	-3.2602802439959686	-0.7782100229411458	-1.2545325714523725	-0.2554647583359189	-0.5073815423320863	3.6591887481443397	1.2151242094797694	0.6803620303558506	-3.5921369479231524	-0.9752779216864955	0.5279777628316766	1.195845247722117	-0.3148502217443674	0.7584611737160648	-1.134960507190654	1.8929042807769179	2.5262908804006465	1.5815910092120846	0.26891416937184426	0.8762520550646912	-0.04081119244218208	2.7139686150768303	-0.21543063613551355	-0.8151684030504424	1.1680882626542262	1.0726888647055635	-0.2468065066942988	-0.4247785974693293	1.0269601234145846	-0.7676029550057262	-3.433468019965786	-1.0364124943659931	1.3393760181107064	-0.38747289513752464	0.04323170573015168	-0.6079458897356909	-0.7628323611727291	0.17707170132067448	-1.1774993689920619	0.7002846638935586	0.39015050456345535	1.7196761977368598	0.13322458305250828	2.9348887137940785	2.5819003052986007	-1.2775776335465099	1.1628851206347526	0.23488981255667468	-0.4880754333335604	-0.534820210896627	0.02542369954062414	-2.855402301296645	0.0716773949027133	-2.6738090337829425	-0.5219905854885603	1.439871335745902	-0.39560719127688987	-0.9825804225233805	1.6124840497882778	0.1602469079404363	1.8427019151204265	0.029611925637729006	-0.28921929917806943	0.08221706817914119	-0.15604019125893095	-1.288852431644716	0.5708970291576196	0.4891808933199942	-2.5447416043220983	1.2419809477541321	0.6731546445350204	0.11585939902914415	0.43600291099153615	1.4457737272674474	0.07349082797857458	-0.28019551095318534	-0.3907063707314132	0.16739424008958922	0.63655639465502	-0.07169908118754553
DTXSID1027429	-2.9497206273076984	5.780467940220886	-0.3127335979662395	-0.3904252725724357	3.3693667977174595	-0.15884295255811653	-0.23856126341592276	-0.5254410329633188	-1.443417130293811	-0.257997312052804	-2.7748525355159517	1.6433283618777401	-0.9287530402359585	-1.1594662671244231	-1.0695418215211958	1.3246139483354267	1.4352052810407778	0.5401083913061789	-0.3065630621031338	0.1774324447235124	0.2699394835557441	0.2271943957929201	0.563917269572072	-0.6208513934775598	-0.053683206610956415	0.3759486976042186	-1.6610208663634265	0.04359612002675829	-0.3553415488201503	-0.786838506797467	0.4062523392721528	-0.5808352365509352	-0.46116926979142914	0.018502789819711322	0.684309433122728	0.30091992508048493	-0.5042080504053946	-0.08863549455655845	-0.41340030218918883	-0.5168119693477179	0.748870799323198	0.16812765469465446	-0.6408675962263218	0.10636070139071169	0.14731539726076814	-0.29480971837439107	-0.4400243857262057	0.23782342350455202	-0.11279851616510764	0.4248147304063709	-0.5658521514973184	-0.4892870576901661	-0.5684790424564063	0.24404712202602918	0.7019713412578533	-0.561228350556754	-0.38746444591826723	0.4400872597377886	-0.9456780129846131	0.21338103467922723	-0.793459245449953	-0.11267005959593948	-0.9945761228155807	-0.2279310720175333	0.08520102852480424	0.7688457642566506	0.8926594386384558	0.10492582649595722	0.16632755725565765	1.174213049804282	0.38657027855204035	-0.24149009192323234	0.06387270934297867	0.3317341330667424	-0.4706818188173764	-0.10987581294561825	-0.033143972650472225	-1.1250989249880694	0.30989410053624206	-0.21350158503434108	0.6998366131552922	-0.5840243006279012	1.7756636456956643	-1.128623680661917	0.25419549971626	-0.5758350055593388	0.12973426600481897	0.10073019802001384	0.04234132505405119	0.37432116789281067	-0.15021620823620874	0.9649025353066927	-0.4379761387289055	-1.0181871209820186	0.8109241723529004	0.1807231582320342	-0.1472994434195954	0.6281249658818426	0.7279413350626555	-0.880252540182756
DTXSID1023526	-4.319165867659055	5.614554006989795	-1.3655961891128738	-0.6924739112576143	1.0571520785838746	0.1345403299437241	0.7772899846055454	0.4965156148362349	-0.3947355319136415	-0.9147492247969872	-0.5898385378237426	0.387374342644754	-0.11202663949867538	-0.4571520691447208	0.9284791348251266	-0.23813025364977994	0.6851626140463202	-0.1525276889949241	1.0264972931001892	0.1736110169829565	0.26267287388654315	-0.18204938415878802	-0.13999175350961054	-0.009482643462721927	-0.5606893158030472	0.08659223679821805	-0.5351162337829124	-0.10535183142443073	-0.8287961215756036	-0.015420173999689242	-0.4768556782291372	0.05300358571448618	-0.5147761213237609	-0.2170935658451635	0.1442329762246939	0.25364629805167227	0.04871063268010986	-0.23532337029400638	0.8150871604719471	0.18844916678881435	-0.025283116673373896	-0.39221881204688386	-0.5414164230236169	0.3683577065619454	0.21577713652658698	-0.895256080150144	-0.3157084410245396	0.1166044733524633	-0.17490204980865084	0.1771540503119213	0.12653818845096584	0.0036697940789498576	-0.01014505082773839	0.6658487640592783	0.12518207787381064	0.28616228482515993	-0.35481726124555274	-0.19948350861519262	-0.16500684495170995	-0.5395838302993297	-1.1729528644995515	0.278908625452559	-0.4738193777220052	0.6956396208653586	0.3124570225476779	-0.2449381152814791	0.6626015585532062	0.05891974261172076	-0.24768335350839263	0.7318781592419306	0.4419224532078378	-0.18713614773363732	-0.08296017736806459	-0.2543439801732719	0.6594383482148926	-0.1434941974189594	-0.17340791259557561	-0.25871554420637805	0.055252878485201724	0.35110299286861335	1.0527047472494873	-0.5975363998848818	1.0222540735086245	-0.24611198472368553	0.01849672872362968	-0.819314723797484	0.2747369034379869	0.5043204409418653	-0.26428850225731537	0.18727997902470256	0.17959948395178096	-0.30254314444594815	-0.08046863112838963	0.010942462876859417	-0.1558105403493368	0.04417406388667061	0.06664712112028941	-0.007764493922305797	0.06600612718444512	-0.0540471860580752
DTXSID3057852	12.436222626199148	11.868521364493663	1.9067305886177877	-2.409797837807411	-0.7174527104658834	1.2144484601905574	-2.628109784950365	-0.12433891457202709	0.8746536152850833	0.48684340780052193	0.7993303983403119	-1.2024329286714723	-1.7883808916743809	0.6596475160836753	1.0942680171669927	-0.05945593189040489	1.2019282540374738	0.024049707629706298	0.36897655052839	1.604516595764716	1.5986770287246184	-0.4318079925504445	-0.3512609357521043	-1.2160255973154075	1.5801801253217262	-0.8372409253625223	-0.24263166465159458	1.6848478869841255	-0.4212623873933443	-0.8330107304805232	-1.5835937096287644	0.072950614785055	0.534606306624734	0.7656175274993425	-0.286028439986501	-0.7207488628666311	-0.09819181641020013	-0.12782006668601217	0.6258252023365832	1.670784580818044	0.12578244790569945	0.3322413153608946	-0.6799032178003833	-0.1051175334485937	-0.10408074992031181	-1.4129588181268626	-1.065533182251842	-0.5016786440811312	-0.5179390753753265	1.5545522701206094	0.03405903725933959	0.024674377455110953	-0.3163798099059076	0.956167686939213	1.2740992183959954	1.366178666295567	0.47105352862727273	-0.5571202759713584	0.16932218826546244	0.2529723098059705	0.26816997341358906	-0.19055741023539485	-1.8658467463781787	-0.5538806162506582	-0.7563418509261016	-0.7681694056544306	-0.12120838569152693	0.3438437960456808	-1.426536221215622	0.7889248915832027	-0.20878212357501952	0.808334664772782	0.13621550558402223	0.4508581433752295	-0.7702383421827118	0.03476111769605431	-0.5675957136843697	0.4333225792628608	-0.04319916596282627	-0.15421030139071884	1.2320674433994085	-0.618082838750106	-0.00011711809382233842	-0.5492276155222541	-0.9601261470911285	-0.07098079992155604	1.181153591063158	-0.4314549079412724	-0.07613154420310057	0.7752334615182429	-0.5053263369836166	0.4277912184817582	-0.4690935146533166	-0.6215887137378738	0.4754227181768129	0.1300973811539949	0.4657671404973205	0.45366448983031604	0.1739809977400678	-0.9419650631346811
DTXSID4038924	-1.656239780217473	0.5865588228732467	0.1262047470080777	1.2337076052058629	1.6401290183694117	-0.24581407818588014	1.1610838475916254	-2.9193369661651247	0.6368228129250092	-0.9900633803686443	2.013754597732003	0.6545478826571617	-0.5158435507322302	0.19297276658111986	0.32787254925663495	0.5498974641196184	0.6131329585087232	0.9528577858690388	0.4874610819888589	-0.008023942810747692	-0.037646975235318035	0.9527281816529725	-0.3184525546560089	0.36597529795403533	0.7213257403919	0.2657764304203815	-0.8276233289284481	0.1270766518571236	-0.5692767806088855	-0.2883139432440044	-0.882507560332472	0.11713425978210162	0.09033630513800546	-0.06665669456727331	-0.08603861225363268	-0.7416879425243473	0.5213957131217667	0.3860665865047616	-0.0977244607005419	-0.36484088762957423	0.22436428470898462	-0.42694036910892125	-0.03949659936816042	-0.14813382329540506	0.29666400954244165	-0.39596968690755013	0.1823452780176306	0.36775909350489333	0.08520150969827682	0.4604092022830472	-0.6183073988030421	-0.1619041667734739	0.20568441879477453	-0.13992897278487929	0.10021135453703998	0.9196414659991045	-0.3655930557995478	-0.38866539196779637	0.4071510328440658	0.7029551658238766	-0.04399541537210518	-0.0730093474467376	0.452777677912004	-0.7037997867878772	-0.6193034671390442	-1.030874854646463	-1.3987413153223376	0.016166072403378823	0.3158748047527169	-0.41395089486686615	0.5337119595887136	-0.6633148038565739	-0.3539369188173798	0.5707643995045967	0.18164759530343838	-0.09445853303253572	-0.4686189328142392	-0.1908365803526506	0.4195933177802385	0.7796359844518318	-0.03375151005754337	0.13351736083003551	-0.05025179847474205	-0.058465285081746116	-0.16519925799044138	-0.045771107221131264	-0.16057336074948722	0.09302553473585641	-0.10400558969616203	0.05437893530761702	0.33243906678387924	0.2123575903218733	0.2752195714301001	0.00865910275565414	0.07183018561509506	-0.38841694265523913	-0.18852436406183584	-0.19188853343610776	-0.15377216002728392	0.15557228310641755
DTXSID9049322	-6.035086507344417	0.1933715010694836	0.15240411637486495	-0.990191121254207	-0.2840842939375323	0.04252844403477596	0.023846582229058198	-1.0515056540636776	0.16010360428501136	0.6446776680908688	0.9183892414051419	0.48460042256990365	1.299836392590195	-0.013798364615424288	0.7181211947227618	-0.3837644315636166	-0.0004205395225111878	-0.6246321266365292	0.8926127046609688	-0.6899639361661746	-0.2866647857958444	0.047870463940596596	-0.3183197955078551	0.11184353225949872	-0.19244340330541754	0.5255070361970388	-0.4778390656961507	-0.835383305824083	-1.1479575109506908	0.4432780795660741	0.2388862371504012	0.4073135543784668	-0.9098333586416302	-0.10733835333820724	-0.1444730958479234	0.29425323405116804	0.5698168648423467	1.2660565594352746	-0.2590022057582652	-0.0915028498700844	0.5840452211484206	0.7043927862143594	-0.3066690192366254	-0.31888156791584604	0.38167782026281366	-0.11583389173929125	-0.41565351842340303	0.09070594170415265	0.030125623606904506	-0.18389470172886246	-0.3655657107336464	-0.9829846694729235	-0.378442342357277	0.2167672093108644	0.8603924135544143	0.4255683796879642	0.3178120479632972	-0.6455029667446267	0.0035408293400142725	0.32196701641985764	-0.0430940987481331	-0.0955056891913445	0.7693588882257649	-0.36831266608242247	0.8475797463636178	-0.6568551711528081	-0.36993317506388734	-0.00017471383329082266	0.7655080287318329	-0.5596110514933204	0.06813703404061361	-0.48397020153885906	-0.22257720578374238	0.12666124699819833	0.1599172555582998	0.2601140529941818	-0.5278705784649412	-0.743374140394221	0.2511598692229246	0.30022526789952075	-0.4325848541970452	-0.48656876648953756	-0.1452581317768609	-0.3425904966033121	-0.06505371665934256	-0.2678336798764403	0.09073092264945376	-0.007080225045512622	0.15841244191228804	-0.01879067336547245	-0.19850781517720956	-0.0444523266078834	-0.3882990980598139	0.1274673944449958	-0.15835156632730812	-0.2221152657894282	-0.5468403508131982	-0.2252445417887136	0.144998957774622	0.20588927481947353
DTXSID0048840	-1.145792400959745	0.6068715382888279	-0.565070359702979	0.8654340665789132	-0.6185794402746667	0.7759329849365998	0.3465724785602239	3.684877270372775	0.5232959759365876	-0.30261517088180306	2.980457351796292	-0.7226499495993598	-0.8452442169520477	0.3180722877629971	0.9347660853379066	0.5445871563401199	-0.8586832131448617	-0.04182464217165462	1.4383540606043157	0.2097130430594925	-0.6258941228387909	-1.0638506251451048	-0.4228262495140608	-1.723083362498306	0.2615391143873508	0.1733857893337879	-0.4085392343809124	-3.843842661620108	0.39219406673741164	0.2311845693940691	-0.5734427892565125	1.694226854909338	4.539367712013007	-0.6003823445976395	2.364833799068969	3.841339816288328	2.3050728704092545	-0.03033687719294398	2.5618830462287177	1.113204277328567	-0.7307322076125715	2.1379410957228986	-1.0166929452321236	0.10049643136142428	-0.1249914821562224	0.3651050153234129	0.141452649606867	-0.4491893278811789	0.6535318960801789	-1.1971078519474536	0.0010547846019054554	0.30345420224259145	-1.0344689242224943	0.6530780676371034	-0.2900487368710672	1.2166691055134888	-0.3728909389671827	-1.1195045883552388	2.5356270474880813	-0.31598200936586596	1.0748596092412757	1.8412496649995973	0.36942638053606686	-0.6789723797946257	0.7687853596695641	0.8837110473640484	0.5006878973855052	-1.482161108406911	0.8425626883385617	-0.8848284986457184	0.8551952525553638	-0.6762208539023518	-0.4143446075989434	-0.22561912039184934	-0.43980223758707393	1.2323507912925222	0.6350066372224425	-0.5024496975823374	0.07372985356434253	-0.43269292681088606	0.5966256623966476	-1.2334353968903724	0.6584798464512818	-1.3102482524709123	0.5116852202036513	1.0031574790005493	0.025671868685869136	0.7086728013395082	-0.3183422376389076	-0.4325637625686243	0.10651879845136505	-0.5359945442144647	-0.1667259560734929	0.3729699963938399	-0.21274548101752505	-0.30556234753737227	-0.11164442025032985	0.10117579763028667	-1.0327703703240665	-0.20632305445045349
DTXSID8020044	-9.788313534070177	3.2617407164967194	-2.550957374840492	2.629526823007554	-0.7562557477332709	-0.9860262337748777	0.8335257152655184	-0.24487501794651448	0.03608643727524973	-0.08328665034383523	-0.5299340175197049	1.0114161514301878	2.0987099630290085	0.41156355392185384	-0.08836470032476239	-0.3426020027519752	0.029180979571398237	-0.37591738624147364	0.7417892267681352	-0.5944553239044293	-0.7113831997463806	1.2856485230827368	0.20364965138845223	0.5125123058126314	-0.17036403680435172	0.5117429719511161	-0.6402837812415144	-1.073339318160235	-0.2850006542328894	0.22064271828060608	1.149491279483597	0.21320077562000614	0.14755394241788414	-0.3612640559622683	-0.11822919721604695	-0.0344917095596153	0.305177058197722	0.5727905831233319	0.06596070790005137	-1.0810697467517494	0.23072649608366227	-0.450725513877424	-0.28786152842955115	0.172893372101475	0.37976611760500023	0.056831700884729136	-0.12563345411358554	0.7281059403118638	0.4995881298486487	-0.2765415496530259	-0.40068585722008077	-0.6951372374656575	-0.3858033143418119	-0.4558074725764092	-0.8247908659867975	-0.6694378521253983	-0.7112137018378355	-0.2949598219861082	0.19621575143931375	0.8187177268787594	0.09898698277924138	0.11328420865379317	0.4299221866195308	-0.3036237561706573	0.20010652439119322	-0.22725522038315968	-0.04380421452751224	-0.341451143502203	0.637045041717914	0.8123759634258989	-0.2690394176116965	-0.44373343359713274	0.5529376841466697	0.3361807101650696	-0.19901636881860055	0.5803376499218373	0.7044258109056669	-0.294490514008103	-0.8545535353241072	-0.32175821494389906	-0.44090700266082755	-0.6782303000266184	0.12748893092955058	-0.1287417743092532	-0.45000161340333883	-0.5822230811500232	0.4202248059151101	-0.3779093528074849	0.22772542827122916	0.5081631749342851	0.2663090791564381	0.28845359310475227	0.3913659151648395	0.2773326501603179	-0.04689478045690645	0.5526164327691861	-0.10744183102159632	0.5431969233813333	0.10391869375130279	0.3837940336460156
DTXSID4044616	1.3218472267471941	4.075024752877804	-2.2409047927544075	-3.7040006777895687	8.130866557050991	0.5568961616668933	-0.5144504577557324	-0.668708883936433	-0.543986872309096	0.7585660949688949	-1.7534162343386281	1.5962570718904527	-2.172191979612975	-1.4104496929948673	-1.0645384651401322	0.7562154190511616	0.7849227974443242	-0.036835628498142245	-0.7229774914673307	-0.44041050570088053	0.4852013834109603	-0.8713623657191011	0.4978826319727896	0.0021508432255636805	0.11308905678895181	-0.5763718791216029	-0.6235490725616479	1.1036357512140818	0.5600059657452924	0.33622173812494094	0.48045674219498297	-0.16804805545791168	-0.6286772333443453	-0.2991617579818492	1.6763905673965485	0.82815944820594	0.15881709342951175	-0.6825098839394719	-0.7163521106248271	-0.48510287122554235	0.6276289284807643	0.4144148479913581	-0.23572181731901862	1.4176584768264398	0.6426654974259195	-0.6821010240315512	1.1942807365932493	-0.017380122357077993	-0.08333272277422642	0.41148284247393085	0.48734485066899813	-0.08888591716135057	1.0318162353361122	-0.8590742993291735	-0.21557486991556388	0.29113067823129635	0.051334223012568396	-0.6406961899585518	-0.2733294154372113	-0.4881859398915305	-0.522946799085793	0.11276223700404611	-0.495360359114252	0.10463355713787716	0.3374872640091558	-0.5887004628191744	0.09492435340205337	0.5877600510052469	-0.7438693925018173	0.028660969758243112	1.0252601901863265	1.0161948590038785	-1.1898373112183072	-0.08971239255973157	0.132962937400314	-1.2020961522958111	0.9341955955383852	-1.342709209260498	0.4423348731173555	-0.7462182365283543	-0.12516135426942276	0.7645359529539681	0.3367641570627658	-0.7063907767770529	0.20027837460873033	-0.8764319245377856	-0.22121625185985583	-1.1151049061850953	-0.1323648408877541	0.6431923843097858	0.1184975480362639	-0.23162036453351914	-0.3546881879104412	0.49871977694277336	-0.3975987685100389	-0.04399806670066294	-0.9582453282457581	0.20993599966165669	0.3266758380553084	0.7206882762449973
DTXSID4027997	-4.106457867945008	0.24721560513782817	-4.057591135323682	-0.6285109119466222	-0.322254625988361	0.41295993832459693	0.01968282398918432	-1.5962748300258247	-1.1270609272601093	0.8497383591023152	-0.7884420208838054	-0.21400205905594505	0.6728983716239485	0.9585687211344961	0.09301395410383015	-0.4588141883292604	0.25870652923352183	0.25660002769297924	-0.4144551143240272	-0.6519474521794858	-0.1491768102321736	-0.9751945206781534	-1.1606801845107493	0.07746966421652467	0.24984837954812283	0.5691592409840529	-0.08680156546155361	-1.0232472469314802	-0.03995906407947744	0.45302139733287167	1.6165017040196061	0.3146595147256589	-0.027987909107212255	0.6555631831998083	-0.0454459948692821	0.3547837414273425	0.5907815391634387	0.4305240781181514	-0.2191422211863102	-0.33276913656051693	-0.39008894183059256	0.6049387830529384	0.03019162399072921	-0.16320217373242182	-0.02526633618712706	0.10892318673735947	0.9850705953494221	0.19682828485707296	-0.4544951704721816	-0.74417914439438	0.7816296928769308	-0.5929237746504766	0.16001914095577555	-0.06726191081344435	0.1342431584778333	0.348208387931713	-0.9702161971889576	0.0031134364379762614	0.2760278789445474	-0.37155617610160857	-0.06016184624547318	0.1660081861220444	-0.7559829229377762	0.09135346322223216	-0.6150954572324019	-0.7411387517712984	0.22269315357385824	1.1473156888373932	-0.10333127971397155	0.33154087323326076	-0.4481493480071908	-0.6098052301088598	0.4285208218049526	0.163475998915082	-0.23806196219210796	0.23593215785422195	-0.23795859665203942	0.8800438923485533	0.343069687124904	-0.7925936476835473	-1.0793073211381132	-0.6992919531581563	-1.0170410656518243	0.23835158559080974	-1.0938089077865834	-0.42197645603942296	-0.015321455672750681	-0.41262891660157486	-0.14718330848851538	0.4869951249502656	0.17817080467367094	0.345434284115889	-0.4740369799955842	0.3997743715084717	-0.86141488467755	-0.2734089167966704	-0.32923580476219755	0.17358441558135684	1.0836623644413468	0.45302702169508074
DTXSID7044976	-1.6512425947001614	1.5944636265313312	-2.800237334546833	0.4806244518394158	3.196531113814212	-0.3225051751255804	0.555130411597242	0.26745800952069343	1.0370072273502318	0.459528581081469	1.0550509466989335	1.8629606628943727	0.2747723687877385	0.7087523790898764	-0.7240631889166974	0.031342989012528175	0.8039674264646057	-0.59712202372956	-0.9286640025344897	-1.1399786704056654	-0.7590621180391492	0.7085946620820613	1.0539480153765621	0.7209221683836828	-0.4333179709890174	1.0964093160117367	-0.4973757898160203	-0.9472565511460915	0.00840529439484621	0.6260023909472832	2.235808170375094	0.1717787198660058	0.24477749396573548	0.9096590972174432	0.2751649177560079	-0.24709911085108702	0.797336424364632	0.6022967491843066	-0.24489648236973732	-1.5250478021054776	0.14038193487927467	-0.42955821329670774	0.056680962126291694	-0.5316191984324493	0.7720094106659546	0.2734779536735378	-0.26468859857538196	1.0795527590173895	0.4444086420583558	-0.7472375632171439	-0.46277116689680964	-1.2162274488087792	-1.063525043787448	-2.0296102586767306	-1.5734454899614634	-0.044569187561231	-0.8882809627197635	-0.0939593439275204	1.0082595149934572	0.44175406281752627	0.03770330351811893	-0.4318986880066561	0.5072845350083021	-0.6998459690637068	0.19893083655730204	0.3608103721344863	1.0910800747477991	-0.27082679825842215	-0.4858393907216585	0.8090386247719801	-0.7080957563204004	0.10650788308891554	-0.23896395130694328	0.5852013725313797	0.5187976734110976	0.8721364444651971	1.1052372824208228	-0.015054288608709963	-0.2183284565793581	-0.8754229128575649	-1.6819351923794337	-0.8434657760606394	0.12426354812291333	-0.38054982959409334	-0.5569620799490687	-1.2201267297840572	0.2522497558268788	-0.11081178476291524	0.1936811145889174	0.26025460546993745	-0.44663988664633164	0.09679980383894403	0.04893845116328095	-0.3557621465651279	-0.6920184551057668	0.14270597206304747	-0.9648638317389472	-0.41665140403635426	0.38598878666621567	1.4792293571186994
DTXSID1033402	-0.405504254243839	-2.3465363095531564	1.5553034776752601	-1.1752962900594834	1.5851269785628574	0.009360721418298225	-2.916262046473481	-2.416685127178137	2.4160658325900735	0.5922217598523507	-0.421038472523577	-0.7452594741166694	1.6359889255622826	-3.3774002507017795	-3.3357492934849002	2.7160174217269937	-3.8740182940293755	1.2063068230160985	2.9404630604685758	-1.2710741820717013	-0.22154369538192356	-1.3944425813095467	-0.044295291532939284	-0.5291904910093977	-0.15599673221257598	-0.6567721196944408	-0.09410287704788198	-1.387297991997827	-0.515350852568003	-1.0650651121329253	-0.2757037025559143	0.3204118037382884	0.7952896336914725	1.2440009370947305	-0.5649836561803613	-1.9189965754856442	0.8339590822475961	2.1660514941621054	-1.062160941837778	0.6007299523817938	-0.8381039216348762	-1.6611092141116761	-0.6497482372283201	-1.0929979943214303	-0.7351335898024262	-0.6659403052307156	-0.7568806136793577	-0.45104825974485624	-0.6948173305703725	1.0112371436597378	-0.3402357410272028	-2.4358017931164166	-0.6289877668869405	-0.035656973295398235	-0.15327973573412743	-0.8348322741788125	0.28180357444310666	0.6554866540983995	-0.6278376876429907	-0.7789533285772235	0.029045146211265065	-0.09205547282339907	0.9164064596315754	2.086506595175481	-0.7094794576636632	1.3373978936385906	1.6547219725741211	-1.1564222061298441	0.4612989463095475	-0.8478891465597533	0.22913494022140948	1.0839901056109673	0.5257804640590906	0.26041906855469954	-0.4322329987150222	0.13470509347571194	0.08986170272409243	-0.47170031297969395	-0.26127641467748225	-0.4667282013718744	-0.9223285336540082	-0.7031599000020414	0.4823220841070304	-0.12304545051550117	0.13906458056548468	0.577913229362628	0.04268161073628003	0.6940267642579344	0.5917868901480816	-0.2965064256379915	-0.6152562316834986	-0.4983424795902891	-0.1828956192222753	0.31113348465440016	0.7143326096350594	0.3435011230652199	0.011191808273185127	0.7827041810820777	0.10350375288911635	0.08674068122381917
DTXSID8023349	8.656858220338197	4.23900788412296	0.36808463116585755	3.051223892675403	-3.1257219551006137	0.22773988439921064	5.0479056994144935	1.3250750441291974	-2.3519211627028094	2.6689293963083403	1.4793978532882415	-1.9939590472211837	-0.5577038439612256	1.0423178382264793	-1.4081891467457957	2.4421750296444897	-2.486839830478072	-2.73100582923231	0.6852054418845213	0.6677957493008454	-5.85671217053378	1.9511652826728807	1.582449517228015	0.5844742218759109	-0.27980102366393483	3.2534289835856676	1.1690226741878262	2.446148075227545	-2.4207624926237177	-1.7367029843828279	-1.4723143448848537	1.528363526678695	2.337161632298759	0.27785191471333187	-4.64600744709489	1.7149478152012352	1.3149799703549137	0.39238090800055064	-0.1249875574416265	-1.793914135934394	0.5200555882497473	3.4653512166635787	0.4204782066719989	0.5061415722749224	-2.708741136826219	0.9217752870490071	2.1307531828562487	-0.1473627486380771	-2.6274200618340804	-4.391243140578176	1.5436376032903292	-0.8622415452621	2.1137854891523147	0.8092088854574585	-1.553377389432884	0.4705600116473863	1.3709549749983716	1.0621975102647891	-0.19569565030723446	-0.6942052591484988	-1.7468275524282226	1.693241377530194	2.636212186092101	0.856849519748857	0.2757617135873365	0.8963921533543672	0.12244634775016457	-0.8490703201695908	1.2067356647673142	0.4296311401858187	0.5552587847049993	0.08690822509041969	0.8784726485198596	1.7210538048860073	0.6421782624704548	1.198163577756602	-0.16303727478665456	-1.5303103663135715	-0.0157443714779435	0.3947655766839476	-0.876163938305103	-0.26453537795061555	1.2993989076890584	1.2559082888605626	0.5324057987185287	0.18933363067627323	-1.3206255875520696	-0.7627603103817275	-0.2659790498379838	0.928832424938608	-1.052701772963364	0.1707438539999393	-0.5989357625847846	1.8684106232227145	1.544355382028852	-1.4923506166975344	-0.2693937858050941	-0.39693953709259655	-0.6891008948598507	0.736277919081275
DTXSID7044897	-6.679260784928122	3.6751729741285635	-2.6606950670882488	3.3608214832121863	0.7941792957253954	-1.2657714205697033	0.42876355323420284	0.8691961154109368	-0.6042480240512332	-0.16657265202477656	-1.1568863528408486	1.4970094020845794	1.5916758817318526	-0.09990087652237804	-1.1325071706653913	0.6644308667608718	0.5563478438086716	-0.0515728978606071	-0.27364252564233255	-1.3846456779189655	-0.9927471944728717	1.2418786808687174	0.136848926291314	0.8453497329916774	-0.4249671691705363	0.5583294085806008	-1.141000501186687	-0.6154584357909125	-0.6029618209013332	-0.3263723184548816	0.902570492661155	-0.19589199964590065	-0.206757040941817	0.4134658605119923	0.6343015481997659	0.4025805322490875	-0.3354797429879345	0.8102838706692708	-0.2123231762279696	-0.9738243550184412	0.8727294402812488	-0.29743763676595275	-0.6383260505985067	-0.29898613707782906	0.7292274440726549	0.6820474548778034	-1.2857110630890844	0.8219252172986495	0.8255173219242407	0.11332865134422378	-0.32911133457268166	-0.5564597850638615	-0.6147289108550015	-0.4493571604626811	-0.6655310039853805	-1.471633761256031	-1.287114989538274	-0.2804777274774657	0.10480659341729266	0.7229883901737004	-0.43195635596253545	-0.9977101691943251	-0.08908717488157442	-0.7135299832690655	1.3119055321434605	0.8159545431847065	0.9203253494894602	-0.2619034566917626	1.4045092418406444	0.6660593437187475	-1.0500426110873293	-1.3829212637565151	1.1935761872444914	0.42861589457206045	-1.029379230815696	0.9876146521752659	0.8618420626669467	-1.2493383028941802	-0.8551099540023669	-0.4956491996596701	-0.596106266723647	-0.3559751613328848	0.49192187391487424	-0.22179349975821916	-0.241277139937701	-0.816559102558616	-0.7995366632292873	0.3508643159761222	-0.1445437825864847	0.21542786566234276	1.0918141423971082	1.637426314254814	0.8280898793694254	0.16883142657467184	-0.2910047614892687	0.7098767621696128	-0.5927678883888401	-0.3150882134571335	-0.11212552836663033	0.7872068365552928
DTXSID9049403	-4.555420629012404	2.261315135802071	0.7560429569863372	-1.0658387305639758	-0.912931877414106	0.8200346406522824	2.025341617828368	-0.5400731507429986	0.22107337187762563	0.20759951481949082	-0.5830761257306419	0.24582384166197357	1.6448447680147045	-0.23191354361552044	0.13766365054765023	0.14927964939250213	-2.293393142793723	-0.0934108365770786	-0.07816249617320323	1.4339509591725312	1.4523144609930603	-0.44746130468562495	0.8858439180568727	0.7768450848624249	0.07281832848872873	1.3284174517214042	0.39845042717801465	-1.0817006621998762	-0.6034864735489376	0.22287309691280846	-0.2700512906054409	-0.44804363652524226	-1.0440637800459847	-0.6522296296412672	0.05490492146963188	0.13091612610360717	0.07787465974936587	0.7885941014839876	-0.6944323256606072	0.07341054310823021	0.27055555974765777	0.7877994294467332	0.023012716430232477	0.16551666024555076	0.17386380444252852	0.19512077749265153	0.33271787343719367	0.8491611162278334	-0.2610632695300029	-0.27924408727397776	-0.7053936212571429	-0.30593469123676315	0.5923174124851982	-0.4614755269393545	1.3173447542658143	0.6256100253867392	-1.0573631796023586	-1.4129410615199376	0.5841491672625413	0.3639235190249361	-1.0947820736115859	0.10972955609152131	0.6806909370506942	-0.4664426781330785	0.5660977971651756	-0.5223131015950849	-0.029526828097178576	-0.38179952895330155	-0.006873622121995185	-0.20908158926119905	-0.05160223595920615	-0.19440686452794315	-0.8253851186965355	1.9694452277983825	-0.22174239451872035	-0.944554913051832	0.1483853581334787	-0.2918855467959974	-0.31385382755182056	-1.8405238351154392	0.33007611589421754	-0.10833590482857577	-0.05931320023085945	0.6298111668715172	1.4989128676285874	0.8021980603792265	0.3200695468867027	0.8425220577152743	0.43958373535931095	0.15750630955494918	-0.0813538547585625	-0.08569151398649255	0.11105555265387194	0.4860605336670052	-0.392968487029872	0.5845343557946729	0.5636534266115565	0.1615902309424327	-0.7059486979097147	-0.5471453730607014
DTXSID6034849	-1.952701633857792	0.4616893343689311	-5.605149421726287	0.5024404905126147	1.913130964463425	1.9921682372805773	0.8472205094896471	1.2828048567408525	-0.8767566161381347	-1.4657636332102142	2.3142963589377774	-0.14193274847188084	1.1962205889757522	-0.07279226182369451	1.8240274105496885	-0.3493434007419687	2.070510137159717	0.09888509411902681	-0.30046651813664094	-0.4902549230140767	0.5217554158188236	-1.1632334846408816	0.29702345070356195	-0.28813771561898416	-0.8141310376929696	2.447792846981022	-2.223139951608712	-0.36512592642044434	-0.9106902569765419	-0.09321377905198681	-0.29844389742464505	1.4829677310106544	-0.9705114847925956	-0.8401203921295085	-1.6761289578278817	-1.4957069302925674	0.43046806729999476	0.49746792253469274	-1.8690643414779051	0.16276557484147852	-0.49575940574206706	-1.575458919410746	-0.10389383273358725	1.185216928785489	1.1537703092956761	0.3323074740749005	-0.26676949505898845	0.1479880366251329	-1.2865598122983157	0.8783241588172052	2.002314538926613	-1.1806298348765811	2.0113453447874363	-0.3761971936577238	-2.3575097853315174	0.5894103171997321	-0.12974979326791508	-1.8917834459060296	-0.5160325309504965	-1.2256236194479657	2.8421397625460556	1.3602305571818858	-0.6822381226245781	-1.8264799391388042	0.2482728330483238	1.3080794252130565	0.34362277073865705	-1.0234801594953133	-0.09945772317319751	-0.8851237545638293	-2.1820507556131448	-0.8731288445020123	0.06745625309882396	-0.9661449802683852	1.1662132334103341	0.7911812562381435	-0.02941262739459009	0.9920332736193143	-1.0463899310739215	-0.254955299060238	-0.8829228090989867	-0.4274144462086894	0.7094940038003761	-0.7909439374018642	0.014765390625622881	-1.252344553586609	-0.4105567940169176	0.8274320839010239	-1.7076095965362603	-0.1648677692392052	-0.5104399167493571	-0.20659458381374154	0.5769483308488854	0.2264932934820705	-0.7029921719084021	-0.454301043958724	-0.6522385019676908	-0.12236129331770128	0.8194371469061947	0.20229890366595873
DTXSID30190948	-1.2187713694899907	-4.4483823988704145	-6.891335796524387	-0.4367621261461168	-1.5639264509901996	-1.3859531634075934	-7.158258066174673	-5.136362895326483	-2.8669287510919133	-0.10776894120116608	-5.952898005296103	8.31707479645053	-3.1417209736579514	-2.315189526356082	1.910831239576477	-1.9993953492977008	-1.3867445657231598	-4.3769179267446905	-0.4520877337549937	3.1607139378863027	-1.8849904119074754	-2.2737573084876317	-3.5891535797349863	1.1554963497883537	-0.28139328348755827	3.6748603178972146	2.280396072082636	1.976472941996284	-2.656767563474243	-2.0119277192028835	0.8358659422565133	0.7819724674720718	-2.197045466011007	1.6991403702916688	-0.33644960573616084	0.8451571124907838	1.8843059757064362	0.2956398831110637	-0.6304324700597389	2.5800803564647787	-1.7373078878220305	2.2461863989037774	0.006249371142178405	-0.06313471940856223	0.4406632387461918	0.37378271799238233	-0.1585449172689063	0.038068735649685694	-0.15044550475101678	-0.3373875644018449	-1.4151362825907725	-0.6904576304118822	1.5795301885949269	0.3040192318444921	1.7793675923283714	-0.3060421977702791	-1.8421852451405973	0.6394120423317344	-1.1451407863833631	0.2769154641172677	-0.7116569358353503	-1.2278026165378049	-0.4875354007857963	-0.00915685137039672	1.7645353303172833	0.5570634386033185	-1.3268465334561015	0.38621510755728417	-0.3311859466854805	0.5033095471365164	-1.967620525284545	-0.8498967834842964	-0.21285172994193385	-1.7845953863378619	-3.6502454631038526	-0.3895775007034724	0.305123196063533	-0.7760835206416566	0.20072218793258706	-1.3065864036015067	1.4269954171607713	0.9550545237025212	0.1605316145463761	-1.8025627361681358	2.231689516147277	-2.920896456656926	-1.434343546757428	0.9848390636997363	0.0010501877038981435	-0.38137918742924787	-0.5022603143135954	2.8024282790207984	0.2896094041320034	0.021922122932154866	-1.9128192472665508	-0.18548457584758174	-2.05109926624143	-1.7382226307996405	1.8093618388682238	0.2248920211236228
DTXSID1045089	-3.0605301014091935	-1.5239324880079794	-1.052249566927254	4.408693701136054	-0.25687283594601934	-0.04704480125435462	-1.1470078575864813	-0.4204848834053375	-0.8925664999630947	-5.614221831672966	-1.8592860847584152	-1.9174152803609834	-2.323708801411587	0.4195164226304252	-3.56840692616609	-4.1992425843377	-3.1891968979836456	2.2668985540538387	2.6628408401152965	0.9759005669544304	2.9013076162674722	6.344238418055618	4.767241420388615	-0.5800753186804056	1.7858357622735075	-1.7448605886850037	-0.18942099215113048	0.8268888986851406	-0.6546186851317708	-1.7483793766696774	2.524334024677531	4.0973577601537405	-4.3527053435187035	4.377150468469763	2.49074951089653	1.178969328467425	7.694033436130728	-1.8170840206630865	-0.5418218141547269	-0.089611367574335	-1.589155124035591	-1.3642361899855133	0.07852899811574551	2.9073845680166324	-1.6102563879757121	-0.9505440705510445	-2.829041006072407	1.80822181922201	0.121216940632476	-2.0217529484497985	2.8499538012365284	-0.6484208425310481	-3.2617726451209736	3.9138437526124488	3.0033288776417417	-2.360545949897816	1.9967345480210406	-0.43913863651521545	-2.767294636471462	-1.0265456782733238	3.290799522719821	3.9314011756926233	1.8416539136967283	0.3659182781777528	2.537543176635871	1.312555871083813	0.14962806349369584	-3.0062902976893504	2.201224776434255	0.4984794516873531	-2.416967807402264	-2.5727214747428215	-5.009342424808807	5.048110508076205	-2.318881647496714	-1.9653359706733324	0.9037194112561735	2.468903086832173	1.1682320822763008	0.07019819636026323	-0.7400022136620232	-0.28071640371564527	-0.12924812033362448	3.147478039657596	-3.742802334935455	-3.0940751621722145	-0.41103725851170697	-2.9203260382396405	0.94346674889499	-2.3157640179489345	0.1489451609091696	-1.2564112048567218	0.01376208122904007	-0.7784210375967937	-0.04731531504548775	0.8921186706900744	0.21865017087621705	-0.9827190106438293	-0.8431130046980025	-0.33094934236356055
DTXSID8020963	-3.725482859908169	-2.2309539333610005	-1.5731836628876223	6.814695593476286	-1.1889395805762841	1.2966806513928382	-0.5528279240213555	0.7421840239882351	5.806255289192943	-0.7203641487392337	-5.2742981824043635	-4.65653410408596	-1.168226505323137	4.324249063887725	0.9332297646828879	0.34616758448542956	-0.008952293366338921	0.37300118234793317	1.5554131491633594	2.6609739088319877	0.30725113572780227	1.0572029255676887	0.8995167798465202	1.0817952152448445	-0.7836937976392101	0.8988957171699062	-1.0135750497953648	2.917378425895433	1.7233198069861766	-0.8247708065945868	-0.21888503171290408	0.6589671910490229	-2.856045147171505	4.192795899250825	2.371210364903901	0.3141388096406439	6.8166712929608835	-1.2737800610331722	-2.588279105546472	-1.7138183944219307	-1.299136329233181	-3.0210575379506306	0.7560242338465724	3.149557912270632	-1.1609677537850807	1.079837413326731	-1.7235341223180232	2.043002054033133	1.6047233567763133	-1.7924140298273052	1.822324043477513	-0.6539716550649103	-2.3354422211137114	2.3291807660310573	2.2889603445772417	-1.572666651384505	1.497721187332578	-1.80556035100689	0.799865419627287	0.11745775440802306	0.2823274332931081	0.8359131562073648	1.0522297814676833	-0.9325942198389126	0.6805097095719721	0.07950066057851461	-0.4905936390054629	-0.7357650541327988	-0.3789972920510468	0.28731124282442133	-0.06812515131484209	-0.3421830408603736	-0.38732143406173686	-0.1280626669158037	0.4518498066834109	0.6144146706249103	-0.978323095176571	-0.2522367448592661	0.2135649224443693	0.27313500042529437	-0.1540635873022346	-0.3562244622981328	-0.29509000332168905	0.40272511622582224	0.32035300241031783	0.45343822204944667	0.3238539481350109	-0.2985029008614931	0.1971303635359947	-0.35446905975479703	-0.26592250938573175	0.009998663051799478	0.049283378176866136	0.35816418723580357	-0.3768886274355261	0.7928748886462269	0.4861794612947749	0.3665068625991899	-0.05850738446881214	-0.1409034425418636
DTXSID1045952	11.70583280460034	-4.559609579251283	-0.6411388574357827	-0.11415567670338048	-2.7573960790017993	-4.034366052975406	5.607907706482951	2.795302910227894	-0.31745352423488166	-0.1494270458577454	0.9648060798215464	-2.0560587567874724	0.1883006466150001	0.6283318082587703	-1.952365501273724	0.8773294906693848	0.9434952452322596	-0.4089917316574301	-0.26189727350449943	1.8585489531955874	-0.8813810943130296	2.0440062506317385	-1.9769064297581385	-3.4473898325262593	8.029934381995789	1.9639860172823749	2.7139130382741445	-0.9932974527594061	0.8418569637486059	-2.0350183884663524	-2.3993416647104313	-2.839937832233276	-0.5812319185836698	-2.930620880173352	1.12631343643469	-2.3713691123203704	0.8416310111157752	0.8123698586863047	1.4942831016371239	0.9042990420601127	-2.3829326190818567	1.163894999961615	-4.229302593111952	4.442851357739944	-0.43723625336454075	8.511849024653722	-0.5335279223378746	3.604602917526212	1.2759919446631511	2.5280657361765453	2.374466075666804	-1.9415441534638223	-3.321075600217202	-6.139238436572933	-2.824745970264031	2.2026106218998778	1.9227358308451863	-0.17620919543181626	-0.4484652272609352	1.995522260191211	-2.3561689025875676	0.45225462064760436	-0.3356036038451177	1.0182871182533924	-1.03783751781737	0.7607178275052622	-1.6147597494945893	0.7566655395496055	-1.00975446578092	2.649480401969329	-0.8959455485026651	0.2020449126020208	-1.7266632628572691	-1.7728909878922325	-0.6704102641380782	-1.25966254348016	-1.3201735806189308	1.4164096348165254	-0.4883964694826028	-0.8412182853266202	-2.3706136921115633	1.2554487801608571	1.994781149714759	0.07146916935522575	-0.11090821562110478	-0.7268925784373074	-1.5878766122507952	1.5285393447722642	0.19993663532864686	-0.9280799583338061	-0.686590990170684	-1.426935358888975	1.1274477502739315	0.1615638073416476	0.12800067216155092	-1.2108126944291562	2.0396180965613944	-0.42487148462518254	-1.4367284833285954	0.11774255026817626
DTXSID5025861	-1.408254842830722	-2.2800072066959634	1.9779530379903307	-0.021832999471001344	0.055429303085466175	2.8792302229580384	-0.714049889434942	0.30939000512910664	1.497878474446967	0.23714207083897915	1.8996348665271345	1.074373000232931	1.3756067969912287	1.4784106335557805	-1.0601765043550955	0.5030776185373104	-0.24216535717770382	1.3536440424221547	0.23790820368124302	0.27398779416349767	-0.3431645825059932	1.2391599548200098	0.3965164610321796	0.293844790762913	0.603615675205776	-0.225370035654022	-0.8151871806696253	0.7116563468781488	-0.3017095856168754	0.7104609774270956	-1.0744470171884763	-0.45089050784017815	-0.43669001939888796	0.7578195159064248	-0.29515406007830364	-0.18050256680702823	0.6661658127889494	0.9714052998783361	-0.11312549946500076	-0.2563260790272501	0.2514892986170683	-0.1431046759829734	-0.2667571819304873	-0.5270096782448517	0.03865318053608112	0.026663852111939897	0.16168336373829334	0.5587453380631008	0.23758479436740892	0.6791235518286326	-0.6827592001169188	-0.21473193458644688	0.44618773559580577	-0.19682010501619435	0.24316204609249528	1.0538127617236246	-0.7194659417267512	0.320191845853681	0.30814355144645716	0.181398863358118	-0.06729651850711955	-0.10587478707823776	0.8001841270817006	-0.17882993560524799	-1.1606277431496639	-0.28640840104117254	-0.37461892021348114	-0.16355490464801034	-0.9275965573411408	0.38566659221668337	-0.3400193735128239	0.2869550934967986	-0.19846324614904068	1.037278329606206	-0.6195210249630818	-0.5708567583463681	-0.5870522061010939	0.09183134002534869	0.36949343892500586	0.4189119073172706	-0.6795173227401153	-0.21997838348715892	0.4194009222088115	-0.3146734287257178	-0.07445755527279577	-0.2909236397413313	-0.17233097564877364	0.2940682761444648	0.7530176786083861	-0.1998861554072391	0.5791258208805428	0.1966355431537879	-0.13869974919758754	-0.15203806980893947	0.17275467498371205	-0.5067049748937739	-0.4109317364373996	-0.25779561343981205	0.33946627117892686	0.5753356694433606
DTXSID8026725	3.3350811151101856	4.013862057077417	-1.8676619029842358	-0.3558168335802887	9.897278503464454	0.11657521881853972	-0.05516255148171153	-2.0331064164627866	-0.42850600766358504	-4.504821987508523	-4.742967676731147	-0.01731716408853303	-2.3202341745195927	3.27975478645299	-0.3514331496493185	1.9270124553330001	1.3334534581887818	1.7544723053413753	1.9091677529206779	-0.38713942457034606	1.1461780177783032	0.6350219644374401	-0.4287027819869584	-0.381677216783135	0.4876256071423688	-0.15925694531684303	-2.45117363046155	1.167802249976967	-0.9566828184326235	-0.10387574945952159	0.7116433685968894	-1.6681332713750463	0.3154070839154816	-1.0375417666139728	0.6161040390642814	1.4479570976167075	-0.31552210866587055	1.2852738664773247	-0.8579535660976974	0.33249307674422374	0.20878596116919712	-0.3823868055075418	-1.1896349295653248	-0.10107059658784515	-0.6380631301111146	-0.6911355453572218	0.150635651860988	-0.24852359058638615	0.500059335292637	-0.9125819808090485	-1.05681695566084	-0.604277294683672	-0.21712770755640973	-0.15601233589935884	-1.190003633424232	0.683523804131114	-0.05879177995241608	-0.012716051246803929	0.08126687109945682	0.19693675044030337	0.13199359082542003	-0.9148668388633331	0.44982668439606754	0.20776599840142748	1.1438386614363756	0.1283374042513591	-0.8466974396695669	-0.18780699956243121	0.7631472645647578	-0.4030801285827272	0.285553384991183	-1.4983412770679068	-0.08085200321343702	-0.45512088705504056	-0.8111573564702285	0.7012615972938827	0.9439321984565303	-0.4069969753924772	0.04059131263521437	0.26902564681415614	0.2535888618577851	0.07274862970802273	-0.06805995109744635	-0.5093941127491554	0.682125625355851	0.10280992447076234	0.6330303318918329	-0.32577246651614883	0.036354233629694525	0.0240551850622798	0.42676665351221116	0.3883884198240865	0.576873249161734	0.12118435066808703	0.4833106982439133	0.31066192772795587	0.5465843420615131	0.1804759554058051	0.39548023061947496	-0.11857357642987193
DTXSID0048713	17.81355653193637	6.811590164673813	-3.737049060693481	7.38010462714715	-3.1416805514493	-1.2992857913684361	-5.6919984922374836	-3.268006123228314	1.6879493976270763	-0.9149556564758687	0.8829567729351779	1.7512513480180036	5.230487886897057	0.5100266135638677	-4.320908059304502	0.9199141076673624	1.1662592146295756	0.014703838671256263	-1.9808506135153503	0.01416598830802058	-2.0087284319069125	0.6007242664487012	0.1932403779673906	-0.8233779407099446	2.7296655531255696	2.922378835502487	0.6334676827719886	2.1339592904249303	-0.5818987351818691	0.3018482282921881	-0.9523082356402592	0.3925321644351087	-1.963270112931235	0.3274368193807384	0.8602669196065514	2.862709077306705	-1.0618575320552965	-0.50595474365361	1.5076453558358647	-0.7781102689731283	-0.5598161566225237	0.24194196124256648	0.9418717421695069	-1.5135439628016576	2.3223538904633023	0.4238265760889138	-0.13937695997149133	-2.049790654308758	2.2974656999629453	1.126263128387709	3.200807205973653	0.8378423963127368	-0.31895011367820475	0.11318042033175157	0.8274298140838457	1.4914068726647272	-2.151127608511152	2.1358539564362555	-0.04459256695266602	-2.0293909638174368	0.6502142757640985	-0.15613888689936842	0.5910099495799048	-1.0060002419138507	-1.0612482787867692	-0.9167360700202102	-0.340285580088614	0.3195956480481673	1.1724797476136908	-1.4376322360716556	-0.3453856333648338	0.2598694879594377	-0.013855419234775878	1.4436855211706723	0.8767514575633756	1.4344707913324357	-3.0916875099421635	2.7465680569081576	1.1545372537142768	-0.5438536333899635	2.464652054195966	1.664697478059516	-0.16211412777368794	0.50476437918251	0.023771349732517873	1.3991910845632838	2.3280785649501103	0.14631262630381686	0.22175887770753533	-0.4389478193465318	-1.0869806574482748	0.2295152141853568	-0.5457726264908742	0.4141438269426041	0.3790960755585603	-1.4408695815488446	0.5046550302181845	0.5374804295567417	-0.7394481564966333	-0.6006287823839788
DTXSID7044893	0.7620696312044325	4.058368026435682	-1.4041908063885178	-1.0671168066281869	8.241802327562606	0.6017773196354812	0.10348018410096173	-2.776567884588424	-0.17949515159813273	-4.020395282258922	-4.139403973878219	-0.23752663667920207	-2.0465733044643017	3.4718658041633206	0.016716017157228348	1.0394970949756261	0.32571484260263345	1.3274090932169196	2.039522414250032	0.6859408886623243	1.2751924600608602	-0.614213133005139	-0.33576227474658754	-1.1509003283273065	0.00935694752765336	-0.4188439535551872	-1.306893408095701	1.0030770185995614	-0.6183343140161213	-0.615883927385694	0.5408958524373769	-0.7953130734502889	-0.4429144564234204	-0.9916440671511983	0.32038705229901887	1.3968796347120715	-0.10217600381517743	0.915946740046646	-0.5184476852346489	0.7836044547048168	-0.103371269730072	-0.14067411683467723	-0.8472463389788474	0.13040963927788077	-0.4613243964701816	-1.2467424475488231	0.4611777041266329	-0.2866495845267131	0.14126038786354775	-0.7769490715833685	-0.7115720349465258	-0.14642997561901647	-0.09971215615913731	-0.04520364736814305	-0.7222377905730771	0.8119177769094433	0.2100036408330617	-0.19309361319064833	-0.5595073522378288	-0.25086402023596244	-0.3588687114483578	-0.8649659861757633	0.24267180912414268	0.5813528231904546	0.720178451178218	-0.19893956621053582	-0.7972108322804745	0.23160962180986722	0.020577908040378224	-0.8115272087252933	0.4922026266837201	-0.7678907891206775	-0.5491474546172604	-0.2882722269166774	-0.28306505191626613	0.4652686107062502	0.9234720568632546	-0.12092292666101852	0.15025530125960665	0.11124044045175158	0.017053423374012586	0.31332173173396066	0.1907698961520491	-0.47796526477161927	0.46462779361823076	0.23290520690215305	0.871109547999597	-0.19097042845767517	-0.15229782268424452	0.2408519590923176	-0.008775030998757543	-0.3736548000647977	0.048083906272487695	-0.19443324588660152	0.23130707965657069	0.11176088304721285	0.22840301596936607	0.08004753619580968	0.27707149555810173	-0.36259683242511404
DTXSID2025006	-7.127277675526017	-0.40237997868291164	0.2153798667423264	0.6296919634278896	-0.6777085896085194	-2.0261042721285802	-0.533514539736428	-1.1098016728319786	-2.389359769944582	2.0954079152852803	-0.29193996379538223	-0.5335507473788896	-0.301270766520305	0.5471587910213833	-0.5141178853887873	0.3063452768356126	0.6851956561625406	0.30893419505433606	0.4094327936227039	0.11257588473550995	0.2072131935760182	0.211814827875164	-0.16229021216125328	0.22085545724605882	-0.5607491460728536	0.1574159162441619	0.4044411428971948	-0.054998539705669744	-0.0373341071825449	-0.199683803281745	0.36214244738943885	0.20657756889837464	0.21715606107821162	0.30232219568336954	0.0181809989108355	-0.059932411751238555	-0.7695966395392702	-0.17057773496348658	0.35974492791531043	0.21769984529203637	0.2892851447406367	0.40688271994532244	-0.0749180577390539	-0.3150434606350344	0.3391715586352541	-0.16247576918596562	-0.2652401959315567	0.036439827521461875	0.11894010090792055	-0.29857744319393564	-0.186762901888277	0.21879171626332633	0.22053218851712855	0.4903615575626314	0.3165945123605308	-0.12258180038096123	0.23180494875454438	0.2799640041401286	-0.8108823737926634	0.029136094328143514	0.35015300204130095	-0.3277814702983006	-0.02669543723764207	-0.5040917855787007	0.6072630960136709	-0.01675851115964773	0.2475836582429252	-0.21052737759413293	-0.16197112161462465	0.4680239124622136	-0.20908170177278346	-0.16975095597355178	0.2967720526171735	0.2950588350922595	0.14039913372640048	0.20238358217904362	0.10920999244540597	0.3533242532083323	0.05062028961316628	-0.05913664782275611	-0.059948399322256735	0.0840647863259242	-0.49527400055803883	-0.14401114141709737	-0.06305529557787523	-0.0036556131217790103	0.08136813878602168	0.02720379015401424	-0.2188409225103532	0.02261489984741501	0.08265855133530443	-0.19676690247677514	0.09311863035285485	0.34445382905028266	0.014049143317846489	-0.18637859725812964	0.43545663594367007	-0.07795076736525697	0.08533365590596219	-0.06285343179762659
DTXSID9027233	-7.428649140978443	1.6565723322052164	-3.347904871077812	2.8428329799394803	0.4059498074759436	-1.3132569959145284	-0.24430251766897526	-1.6215307584213074	-0.7427865311876396	-2.661706938801401	-1.721331417590511	-1.5152610395010786	1.4164042479179542	4.9178968120423034	0.3574003344368734	-1.8432829019625285	-1.446832486226644	-0.6104845911854548	2.944712796927081	0.677453345781835	0.011453823857621398	-0.28054259080667027	0.12061442141106607	-0.3119424961072473	-1.4546985467994586	-0.059257116608653675	-0.04702230682957176	-0.6149770916343561	-0.49148632652400354	-0.466530909704132	1.193566811040874	0.06716871382903365	-1.2507720859902558	-0.5078714889601569	-0.2647313125966049	0.8300233978019232	0.6018776913879086	1.0976197263066239	0.05581347453586988	0.26946887372720224	-0.13490247708967543	0.20458834297832254	-0.2838360016810525	-0.3164741307597427	0.29370392468295514	-0.6781794344153916	-0.24571560986359745	-0.4669334762830411	0.07642644520894702	-0.5296663994031026	-0.7419217356639457	-0.2853440525478799	0.38216506363394487	-0.5416348091914144	-0.6347979296432967	0.655880240437926	0.047014248351219916	-0.34934094563930995	-0.7633743552285117	-0.05056307663963932	-0.6796897779750566	-0.8474918870538061	0.35924814434557023	0.9934867713567089	0.7870727660170327	-0.19298345723994162	-0.9218329893043616	0.28168231878956257	1.194031161511378	0.0573153132425883	-0.2807937828385663	-0.8254316727388704	0.19324789046800203	-0.7676455541498229	-0.6698363273250642	-0.14592529486742087	-0.10124046485989278	0.18991856636571564	-0.16594816171112778	-0.31101522960453115	0.1925251064194925	-0.3087446607833196	0.47643561837472187	-0.4579424714040596	-0.32486806305710747	-0.17971791375942917	0.09207162609982175	0.03606843678394111	-0.4791365882502869	0.30037372402255547	-0.08876691350681129	-0.08922132840141421	-0.39186193347325177	0.22344125620366653	0.2814077421734278	0.21286702112578412	-0.068290085832954	0.3292489324160778	0.034897385818031215	-0.1910527543419636
DTXSID1033876	-6.867990800671364	1.3160053102616889	0.3942461448257777	-1.509849491681305	-0.030101267904488117	0.23643314578849486	-0.18427785819718664	-1.1477298004200056	-0.6565428863987365	0.49629300735339366	-1.0452882511966932	0.295316432897383	1.62348058053117	-0.11660105538091496	0.44724468321589383	-1.2349210243293034	-0.6447128019915633	-0.0887111029224466	0.2395879289246491	0.2210840664459486	-0.3852254440945122	0.28508129454890796	-0.15925314062777624	0.25842548780902425	-0.23127671656165227	0.4662715766874071	0.18964442179741303	-0.492137779465018	-0.3212890209015314	-0.027808038472305285	0.5599457261719484	0.03636693925245325	-0.09712399214178788	0.3218239936356425	-0.1201458041780845	-0.08775336993051315	-0.14055599636781893	0.5541086843472891	-0.1594360492079463	0.29601808448094175	-0.15998497614735557	-0.19268740728892228	-0.29910606093997577	0.34752168685220236	0.5548859711959248	0.09901229586968212	-0.18292197620888118	-0.3999272187916488	0.3431765572663605	-0.35279716470154193	0.051979647398126286	-0.3127019076947793	-0.014289508149302835	0.26604888985583836	0.34801335421523116	0.49810337832722135	-0.019154914297706927	0.19172216155548988	0.1980004976027419	-0.07684756069617256	0.12990354900505674	0.03671948608095525	0.2961268760708202	0.3808772871143308	0.35908610388556367	-0.561236651017796	-0.2326492341850587	-0.1840992621060192	0.6912246738461997	-0.743186715100275	0.4227488631354159	-0.3666891475071203	0.06537473249807838	0.2952853051226102	-0.4714068972644216	0.3398408723225264	-0.41088535296465184	-0.35945670152389375	0.07061145649503658	-0.11908297955103021	-0.2240183598089661	-0.8307903160904982	0.03286858791033891	-0.20493162139957496	0.1919322940721793	-0.22307878023218194	-0.2627955127612	0.37985562532308514	0.3455285055288895	0.21684727140975218	0.13065737916150696	-0.2644307615429174	-0.6348661879404242	0.3814231440987692	0.01855198471482024	0.13772492933287148	-0.4647945829593873	0.17133397781749762	0.5309188720586622	-0.027814016963820097
DTXSID4057841	1.747120586909066	-0.36968853169623433	-0.5714532255655533	0.35716859979892673	1.2926570340967347	0.9611533455289888	3.2979644216336417	-0.34413015198031877	-2.3352910593306806	-1.8684160622294261	-0.8464972417693886	-3.7796183639099072	-0.7926743612711773	3.8493694922101724	-0.8937642429342966	2.3834057076973374	-1.5454421162357705	-4.326784386378176	3.1192406023580164	0.3707109036149227	-2.197696099825916	1.0344776357649141	1.7213313763226938	2.483345366660469	-0.7855081252228229	0.5397614489164684	-2.4664658012861533	4.1787745056932675	-0.1271762634886083	-1.8219723747208458	1.827585675181669	2.8869954414293706	-1.7960360368405694	3.7402555192707374	0.4032024313982279	1.4741877256498055	7.8832735343811935	-2.267513890694804	-2.8126993850784436	-1.1362147220074585	-1.0759231239948073	-2.346899426838588	-0.13610187704884524	4.325605393608457	0.06677045272058672	1.930988627996314	-0.42031679932258836	-0.23761855196294607	0.599798814196778	-2.9766638606808096	0.7071879948817711	0.5377872945135579	-1.4024769143679088	1.7742204184276413	2.272978081842045	-1.480320153863599	0.0063511232809015826	-0.9115548223057485	-0.6725335324697784	1.3124774926074825	-0.08004558698583095	2.8389164329355117	1.011061829410532	-0.43144042764398677	2.046820252508366	0.2933836924124399	0.059169332337415746	-0.6844645961246019	-0.4733132066925557	1.3682509430839132	-1.0774832719740557	1.3431269981693017	-0.3398378983710898	0.748822319387853	0.7465761182985359	1.5644896472129781	-1.3883533087153117	-0.5880816392110949	1.0515499154553916	-0.277349574326377	-0.08337406611591733	-0.5374009461950887	1.140521944246812	0.14194393455215062	-2.4263225520864626	1.9277294495127006	-0.4935662811820537	0.3928572413899321	-1.1031372488746396	0.27368832669875875	-1.3218009180802919	-0.8971113210095079	-0.20033222628407968	-0.12643692049810376	-0.7920680649232547	-0.24200457730407784	0.15953726182404565	0.13483851807353645	-0.7880365977614056	-0.15822090055279386
DTXSID3022582	14.987248128380573	-5.627393797155953	-3.0725059017917773	-2.6242176672167346	9.284605284755482	4.729331183452319	-0.39071096210299994	0.7749139384454836	-0.9156698437483073	0.08987535523807463	-1.5970372719450276	0.43895878567598623	2.8817762413648413	-0.42405092706130615	2.59985554377002	0.875489460046665	3.9903419356407452	-2.8975511750220626	-2.713148585485418	-5.436337139605085	0.3996061149779507	-0.012065107943820461	2.3497047012596393	4.580108340504283	-0.3405857524899338	-1.2798281926993633	8.85395790507135	-7.242463863848207	6.696110748462523	1.8202415009494806	-4.165955315067797	3.8422782102528363	-1.3526241160681787	0.47329258798264295	-2.6993520085032694	-3.886341919163397	3.078759915630606	0.6981045174943412	2.139871318042754	-0.8316580945069308	0.5477602282626589	0.938747522808937	1.521132427565959	-0.27679358464535386	3.6711218646640353	2.2499037703107017	0.1152584632402976	1.26851307460816	0.7142510100360037	-1.9086081256146796	0.258038287386741	-3.257343502891505	-0.7244474412110548	8.515991150575188	-3.093031456636081	3.844205870384568	2.146605838050658	-3.3369407559777913	-3.2377515618543526	0.15300378912555762	3.0249279714368744	-5.35008514266754	0.5239589452609638	0.8959490168293561	-3.08595071356931	0.6491825766901771	2.9329801271116778	0.7924517931511175	2.5112469404094364	3.92448023218188	-1.280361637937742	2.816655028407765	-2.937027279714632	-0.8525226835187913	-1.1082367310558847	0.10529717726147536	-0.4452400829540356	-2.8761094567325105	2.4055217808202336	1.2230461459377386	1.6080385951486331	1.7743944525832929	-4.181969706818106	-1.2042507643873246	0.9780826123408667	1.589827736611856	-0.03895247795150412	-2.0782722506100924	1.065899065241485	0.6903628902820304	2.5434741213401066	1.5672490682598037	-0.5350846592793778	0.0984667966644105	-1.5259426414803308	-0.41968603625719014	0.35623645185861436	0.7479443213535851	-1.2749654338552716	0.017934941758850336
DTXSID3026566	-1.1751853565053045	2.7373291840710743	-3.452233058301375	1.8050828850245795	1.0812969739848397	1.871811680462754	-0.01912652775118506	-1.68150059874129	1.3659833085502986	0.7185730590718485	2.8414784376512063	1.4501159237673988	0.5931885692961388	1.6323001016541971	-0.13265114345906953	-0.30336564324954146	1.8565384354083272	-0.6105015416259612	-1.4132846934498662	1.813184083664839	-0.2720356342728925	-0.502898483532575	2.013718349511343	-1.9795545231388532	1.4105126052537653	0.048143062227375924	0.12246575560435212	0.0031851786347991636	-0.4941137295894032	-4.097486521306351	0.4366744835872014	1.833946527509906	-0.4066635060866458	0.5631911673086563	0.5019693779888923	-1.5501482637032342	0.11674702439431797	-0.10846948211038249	-0.5127380874651222	-0.06426618119620332	0.14623037481280074	-0.3812888682442717	-0.0363866795820845	0.16599925950888406	0.8420113535800995	-1.305173295823908	-1.3433670887314162	-0.6231854115157558	-0.6185437703756465	2.165504139323692	-0.7203540178238539	-0.23747774372787173	-1.2326412722248765	-0.49015981909699385	0.8892777230328703	-0.7372306532944347	0.33483559542570024	1.6569087173363484	-0.07045502768639787	-0.2560351081529243	-0.8814772530655831	-1.1682183455015758	-0.05915569291103349	1.1448149063998976	-0.30797347389568225	-0.38483099726335673	-0.1014291561013116	0.36352730262425703	0.1297130025565961	0.034574399171688266	-0.6560403029626899	0.6165628885589672	0.23917636642934834	0.651928181784137	-1.219283642463147	0.898696477611966	-0.22939002090415678	-0.18804332583143354	0.23518728793468163	-0.12033098327648066	0.8478222570658186	-0.139010415278161	0.635624035274198	-0.33838365991962877	0.8181608247337043	0.7979863175888647	0.09563346767037947	-0.18377448644904848	0.14546924773254996	-0.016751196545692987	0.4412046561917583	0.6727143079884697	-0.22100670170220615	0.08838777564237754	-0.33010264916428317	0.3622879927667856	0.4450161644764579	-0.32648682230156145	-0.5541154314260175	-0.24871157152941803
DTXSID7022671	19.61602129339547	7.575806581568755	-3.1117712742967525	4.593070529086108	-2.276272513144693	-0.5131347285549105	-5.6723918521754255	-3.6826447527365054	2.314240991322168	-0.33151254549960807	1.7753766261815573	1.50147154946336	4.508536736270866	0.8610971533078366	-3.9933981963189726	1.0446649582951621	0.7293195255391278	0.9391910366987483	-1.9592749536797684	0.04206552887892898	-1.7734651170041582	-0.16165738992692555	-0.41699158067226993	-0.7451354030455032	2.316674641821526	2.905827549782592	1.4332275898437792	3.031323731085601	-0.24482808509589682	0.9331224487208527	-0.9833652008012059	0.10861533264467596	-1.695150796493376	0.3625481650843054	0.9074991173042967	3.6527016171967226	-0.9580320108885829	-0.5216714422479398	1.4408634921548324	-0.5118030548301087	-0.6585358544204845	0.4402056368116146	0.9827114740887201	-1.3280723868316548	2.0092862006316756	0.16844542371463722	0.5958157298407507	-2.0611922723995595	2.441049542977027	0.6785251938074766	3.453826085052567	0.7477884616289997	-0.3925926062805222	-0.2315178218229942	0.7437499734383327	1.6619295032740937	-2.2131506068768947	1.5493965499612707	-0.26168425460813355	-2.426020290447787	0.9585997216451113	-0.28018576041715854	0.423821625776664	-0.9107012366248589	-1.2562848701162672	-0.7179922629958453	-0.9166117188942486	0.5167413690043213	-0.2859871092992274	-1.2688243938488366	-1.3950456383123542	0.7491244622429333	-0.33918146973860064	1.4731370404306947	0.48403941190267485	1.2838974943235082	-2.6331553891336466	3.5236441778137912	0.9243651205315673	-1.015605045283078	2.356810056759088	1.9902940702382959	0.07967269094890309	0.8759370149914283	-0.2709149450879182	0.9701334398746181	2.4686929346440647	0.7440005513436388	1.0859483753923034	-0.5902177516520606	-0.42107338312476517	0.3940000104224459	-0.43771142747738867	-0.19830686975209327	0.4907077679385646	-1.4117369916484275	0.3324047575906009	0.9355515900251724	-0.1367462255864977	-0.8394748040299208
DTXSID7021994	-1.898349197918828	-3.0279253413106133	2.763360349738587	3.5683821318760187	-0.2542430834943201	1.0098101295310848	-0.3707358045011992	0.0027442158258569557	0.8456351532394879	-0.07517478861536209	2.213607906370004	0.7710152223122143	0.13429292785923755	0.6280852979709993	-0.23882991345553795	0.9658209914762698	0.16681740673497014	0.4241028727910778	0.7943704075644213	0.3650536759908938	-0.15005552626916033	0.9874298288147836	-0.3072199962854143	0.3280854352270014	0.8967450759580249	-0.666913258175991	-0.853579843055947	0.15190735079047046	-0.4188495055640921	0.2981618233946151	-1.3363646821529007	-0.3737795667355748	-0.2666234559822528	-0.17427769437446772	-0.487893477001802	-0.33520522015551385	0.25828360844237	-0.569030312214057	0.6030468790446264	-0.08025814840466132	0.31098441633901247	0.260469976473108	0.2421244861026374	0.06297369539324969	-0.11849804054015418	-0.35377630889434053	-0.08093721751848384	0.4457754762407435	-0.01922917663825255	0.5883694005261398	-0.4518623404498012	0.9768256320988192	0.6418121762881601	0.11033718734707251	0.35004698627810343	0.7214728374466656	-0.872093361143184	-0.003928931225912055	-0.2301206925776889	1.1048892979930067	-0.2432767369421847	0.3284909040618943	0.3010428531890679	-0.9790851248165223	-0.5213951097539098	-1.0506871646162887	-0.9982918484823007	-0.003484569995465971	-0.08333582582487939	0.6259735081993555	0.24371768629360982	0.12212567346445355	0.14971975561116058	0.6556500057404951	-0.09887699794751943	-0.854485427237791	-0.7937717581423988	0.21158484841464928	0.040296596435217616	0.10888427681623324	-0.17842655080946818	0.03607234468493495	0.04167546518338618	0.027243505847319258	-0.4203970254998805	-0.0246000349171708	0.06310436141870195	-0.21867082062952117	0.01289206515798558	0.2548565920072828	0.8941847480495425	0.36359424361237236	-0.03930869244601849	-0.02396574459021716	0.06758359685818242	-0.7600623700599726	-0.36399052346908517	-0.4084695872318333	0.29286625607546063	0.10016650160567925
DTXSID8029105	-5.089992105915919	0.25133585130421954	-0.6582389032084264	1.4125864991511747	-1.2881415123160893	0.7600391951228185	-0.837906548730495	0.4671034450001271	0.08504221548324005	-2.5838937354779423	-0.7552529360594177	0.5360270779675362	-2.2159655457203216	-3.4050548348376966	-2.8871041612287747	-3.8570898208974036	-3.058007448734777	3.1591205811580134	0.5495850857542441	-0.32858353583564354	1.8891014119692535	6.218240742986381	3.6522396432267468	-0.7492357105109833	1.9485066758720733	-1.6755966966462792	0.892772008585414	-2.0489689459569798	-2.298504585662081	-1.1645893508151999	2.4882332029481486	3.536432944126556	-2.1843333887945153	0.6272840780569365	0.07672267735482993	1.1043238833534412	1.1172276183602727	-0.4617267235887538	1.9055934255390805	0.9553879628993971	-0.5315880087685741	1.2710625760201137	-0.43097533023995255	-0.19513740144826472	-0.08132002718773608	-1.5319442323686034	-0.6948951963647066	0.409169547033733	-1.161903513785286	-0.23780507374535292	0.9621044903188889	0.32244091509781425	-1.1174037081554822	1.5946000526207231	-0.024783081154449486	-0.6799447794284365	0.8536481510606613	0.9967818121784109	-2.9263326338516693	-1.2001448545085782	3.3147594889143717	2.426985886870591	0.3918006989650776	1.2630966010553126	1.0445416809556698	0.9617963828409963	-0.18235448962690506	-1.9120444832281243	2.884089615599567	-0.5067740011278843	-1.6279110140575277	-2.7139249006196513	-5.177157953884744	4.962420107030332	-2.9706167913465844	-2.563329795543877	2.0987119986655065	2.4986524167368356	0.9823013487454478	-0.3583358236917908	-0.5158560490314468	0.040065450262065844	0.09688644371317671	2.902429153688	-4.017827204009715	-4.076449661842118	-0.754712544053673	-2.4983591537108207	0.8039888191450267	-1.9706876198737604	0.5332088710696049	-1.4601909157828006	-0.27989539109413325	-1.3716535957683273	0.78395027714613	0.08431551012518711	-0.4924120573780198	-1.2697118869474282	-0.7636798749346704	-0.10831672706762208
DTXSID8042509	1.342275462435748	3.483285011821264	-0.7940464890029401	3.626616783911571	-2.6521955556165464	0.9982316215092978	-1.12763129584385	-3.408870448225611	0.8363976311807038	0.026548820916698773	0.4679451543732521	0.3798372459209567	5.624615678120054	1.5123018413150642	-2.9072329144153612	1.2111629056550552	0.7070895264789158	3.309141074148138	-3.684550543445001	-1.2009074737496328	-1.1689958585258016	-1.618554954464549	-1.2239783672060365	-1.2216685709934036	1.6518358982248902	0.6690615588946717	2.7191594724213686	2.4853115169051487	0.8221679654103986	-0.024803869397171437	0.0330469432733955	0.48600111717095074	-0.4008448596530916	1.8339171975718618	0.26462198448283064	0.4779808995115297	0.5336666452131833	0.12353452766281833	-1.3500316826079253	4.326974880740631	0.6096558331405308	1.5987987610359504	-0.32766009104159044	-0.3042220911416972	-0.5265301746368549	-0.4978997418391974	1.4213401017498295	-0.5653136439957073	-3.8712481083172263	-4.014758328750484	-1.1661823747437703	2.4510966768318734	1.5145801211766177	0.09085382433833984	-1.2853129032363295	-0.6466161975798497	2.3428286031658856	-1.010297409041174	-1.3369269914953752	0.20345697161080004	-0.8760788966458783	2.8929330272619858	1.9967588634457285	0.6304082400544724	-0.5332228204193918	-0.3888208225834096	-0.4578066273616966	0.8759180157074788	0.3435241284624032	-2.053671424602927	0.011275595707694323	0.09725984346473564	-0.3040886102123471	-0.3443742021853826	1.1683948325574085	0.6051201495966896	0.4096597283176067	-0.6061896415521616	1.3304829729478926	-0.700654592353579	0.07703156075331327	-0.023669208539574188	0.5590112776458769	-0.40768620788631504	0.2365745800171051	-0.7928116009277097	-0.8016317164744639	0.5764082518257877	1.6006853838053776	-0.28616176429184337	0.39572509017322244	-0.16864292410782822	0.0798558680830638	-0.39950834244790845	-0.4831936468998592	0.05550463387907358	-0.2722772645275229	0.23116699928792997	0.6417610694757908	0.028470161599449907
DTXSID8034792	0.661933673921599	-1.7525944049877429	-1.9909184349796547	2.1111965631288223	-1.9012326526812078	1.235047925395819	0.3457263217440909	-1.2503220565339015	0.5288877870114074	-0.7061794704839706	1.7783109628313132	-0.09916915561136225	-0.17917827521751922	-1.5485292190851416	-2.507175842263434	-0.7370165310237058	-2.111660444934491	-0.2819551460259177	0.11590197396015013	1.2911388361822287	-0.837005835184703	-0.40572864803112835	1.6712569665504222	-2.360845913132818	0.4271803222246908	0.32450468638599705	-1.2722881333928333	-0.001431150474760513	1.3387102615812938	4.412952956292079	-0.6026090946503796	1.6819747409897092	-1.1258050639666757	0.3654566275042738	-1.1174936581275292	-0.17986526627386035	0.14250842728190957	1.2216213351436855	-0.2891227198019615	-0.7593454211433427	2.405908134332138	-0.2821355033550129	-1.4994134573021594	1.3217923132965104	-0.3036199225088287	1.4027600563919067	1.598702396407294	0.1105099982084563	-0.3364458583796925	-0.05453018786774543	-1.4562589025856836	-0.28329469905995747	0.31478286114678705	1.022958483256313	0.4619551621007865	0.6871480881013037	-0.4068245690308311	-0.5782900487538755	1.075601155515821	0.5725816054352765	-1.9199814210691408	-0.3502430445829096	-0.2842312934414067	-0.09860938801183038	-0.16282616325631316	-0.9748194095014332	0.45961914344171867	0.3195392463804553	0.6324648222454163	-0.5652320465083654	1.2251358624966888	-0.680201313875906	-0.1532340691018457	-0.1720875050797607	-0.9050637671008431	0.9470407637596018	0.3514698994145419	0.681082540178751	0.7854292822010523	-0.3072998903716129	0.3636975585775053	-0.015393374488007327	-0.07543805975766556	0.2468775611243678	-0.777953869583786	-0.37617795701826273	-1.1523992298724575	0.5758630976790672	-0.22196588182722043	0.7197564101457993	-0.32990829816418027	-0.5636609128864101	-0.1669153062194671	0.47850721068312146	-0.03635955051779631	-0.24059790524514493	0.029138331462582084	0.05521423648913079	-0.02741533830809134	-0.06713127221558218
DTXSID4022107	-8.281052185050324	1.5355165550495498	-1.8830145843463162	-0.625815741521589	-3.857435042808885	-3.129381239173232	2.743267445809536	2.001891290910405	0.2511139848246106	-3.8696910084474077	-1.7416440792994083	0.7356566666939774	2.9651503067369274	-0.8387981335986175	3.341540531759082	-1.0855161752977673	0.031037211314703043	5.134026319190112	4.008201682327193	1.0873014703046326	-6.51268107183156	-4.6672936354927055	5.363029661581384	4.234142121196246	5.767695083166743	-0.650356060109585	-1.7134649859655495	-0.2237203926180782	0.3292865159676974	1.8546034480049518	-1.5421025378009026	2.4995545169686517	0.49776538053709657	4.612008760838594	2.028535482304647	-3.1147713933126915	-4.897113405860161	6.869365337800888	0.9115005453114494	-3.2966644781508965	-4.144627397662428	5.581505428691373	5.36957121475748	7.880668337967392	-0.8041571311850799	-5.638014243045485	-2.089786431205143	-1.3978093087821875	1.8443190530980875	-0.8483760770051957	-0.9651123736984425	2.1398167219331974	-1.0774697000088889	-0.6198797509362123	-2.6021312501972393	-1.3018537538648343	-1.1222284820236892	-0.7030118248828761	0.9102178708255375	1.159314968673908	-0.2780037507595586	0.12643198356425178	0.5777400234425848	-1.3715398740497637	0.5087679259620617	1.4218065198556011	-0.9895326146849217	1.6522632187629367	-0.09791023432856416	1.4346958497233513	-1.1703702084854983	-0.11247721232831218	-1.1190221583963236	-1.635239426246913	0.8487068845932778	0.20834406001757502	0.11159863460801463	0.19881780601053559	0.5340747935998427	-0.30075370235606896	0.5643691288129377	1.0767204793802299	-0.43631199254667186	-0.17719726391274346	-1.9135481443867903	0.08332290364936347	-0.32514261549059537	-0.09679140398572089	-1.3255260320635465	0.272983139399073	-0.3911928039124502	-0.17615116267991154	0.935995086944726	-1.0384160459663634	0.772842793648034	-0.47491982390948745	0.997524499823066	0.12471009249331969	-0.4774695662415303	-0.24781818383128346
DTXSID8026309	-7.519506188337132	1.3809795922673782	1.3289619257497036	0.9515488129295847	-0.1671921822388041	2.5280863755249317	-0.8846501941430692	2.0665330034446	0.41253472113812567	0.23082936201724613	-0.6613407367409233	1.819207020905468	0.1030848870373824	0.6156888412357507	-0.7108339005561715	-0.6592049105101813	-1.6488024175017477	0.6187607163136613	0.30890332043057456	0.09877859992508199	-0.8105622311680646	0.18135459882279753	-0.33232756682637093	0.3655711343718353	-0.3964532635201575	-0.16774556927969803	0.2675808813364768	-0.5446190534983095	0.3843522768961644	-1.1218915027011083	0.009663688083134007	-0.26100738352785885	-0.35188574851475884	0.1377033712439834	-0.4900899679004252	0.5096547457454408	-0.8415712216112968	0.15711295770117714	-0.8389865751869005	0.3360491105063962	-0.1912034482363059	-0.19556463210914873	-0.10681693865013762	0.5554101913872942	0.6092421014309352	0.7246115101730479	-0.39226515112933197	-0.08947613973892758	0.43751207812594894	-0.013140552374799153	0.3524362569815015	0.8820971287651279	0.020207699434994068	0.4602800971207978	-0.1147908190974556	-0.2579601065685644	-0.044392503431019276	0.23279971937340602	-0.02843166350756454	0.2691742620855215	0.2904571824733753	-0.2133210391600899	-0.13400008988605228	-0.1621132889843716	0.10626571390634097	-0.3522813344657217	0.07592529549165214	0.15327061659056296	-0.24244094175843334	0.362684559112874	-0.040466932665926006	0.3626009033674624	-0.019059758439873144	-0.4106830630842654	-0.11159091729337552	0.01138189172497437	0.16502170898888494	-0.047389258780120694	-0.15225383528539893	-0.23889972099745518	0.029748818742183224	0.04351123145863584	-0.10558810795739638	0.18429889442045666	-0.07917219172270881	-0.2909876473628636	0.2487955864189166	-0.07722628888523855	0.04800840216171171	-0.19153996463862394	-0.057187398180536635	-0.08827926865235759	-0.3592518933705303	0.1664095205546018	0.13979836500600148	0.17604240199200294	0.15275233304450347	-0.0836930668802506	0.020612597120169884	0.02365448493006137
DTXSID7042352	5.61532035714764	-3.032047328387775	-4.796185622869585	-1.9379649879003256	-0.372242734374243	-3.115410383499633	2.596394401255823	2.1492965010932705	2.8797983430380323	-1.8141081460692943	2.2259406965074184	-0.04983981057185584	-0.06085371849402989	0.21424760890777148	-2.852926388999766	-1.2040694831498728	0.5048390055946872	0.22512542717999362	-0.12270968640096541	1.0174880957277177	-0.2667267321344046	0.03624653487829827	0.28537764066916577	-1.2139810174841712	1.028105656413219	-0.46571169155076214	0.5891499524524333	0.19008760034348807	0.47480811761735875	-1.3565734294156349	-0.42714892262650334	0.20527743603603668	1.1091337904515384	1.0044131416801467	-0.5497363995884039	0.3059020828320285	-0.08139073830191607	-0.16828772368699765	-0.7997981398843852	-0.836044984500393	-0.7462322197700811	-0.13654931490017333	0.28589085673027703	-0.1694528543455201	-0.0771664559577983	0.9349778379402183	-0.08233728040628595	-0.06809352308196004	-0.16162954006639876	-0.3649339769803024	0.7036076129812676	1.1662286195932459	0.3497800308742547	-1.7787555870567122	-0.6265074947635649	0.4848141160498272	-0.7627126378991494	-0.6719558714500644	1.1856272754153112	0.5849165200853023	1.0318010459719615	-0.4479923715565482	-1.070546207255269	-0.40677206177114733	-1.0351172109972557	-0.8518753563271291	-0.10141902394413473	-0.17892066860499756	-0.7877609558516888	0.6173146910778704	-1.1736352353221482	0.7190932357122684	-0.16697296000004913	0.1404394949274378	-0.2607748458830502	-0.22663444067357885	-0.5333905363245063	-0.5824084928323691	0.4919359712090798	0.34518758861643745	-0.7581759534762582	0.6088164759813778	0.3460068183385875	1.42696758365185	0.11135868659595677	0.5548406433743456	0.48085279098825223	-0.3539487306317081	2.4112047180020233	-0.3437181259945078	-0.028464578440578772	0.06327340999392682	-0.546989597944979	-0.6858836207066521	0.4173261995063128	0.3765886328522804	-0.7747373276456705	-0.41520178222015536	0.27460394853607134	-0.45152306347492993
DTXSID9044457	-4.693418046732159	2.7805899797615257	-3.0701312527806954	-0.14530545312503457	5.15818275786643	0.8878750589578226	0.2270089695061851	0.2431980811802047	-0.21594650935367943	0.30817286012685974	-0.7904964877518491	2.502325583138315	0.17645194067561346	-1.308967878533792	0.09139887420722623	0.7842076389060834	1.5144020754221281	-2.2846650866680362	-1.1791455534985704	-0.40981150834751534	-0.4186156005036044	-0.6497173960106859	2.3021920865518974	0.7448713935806386	-0.7557437587630175	-0.12180949417904961	4.368400033240929	-2.6675649232160232	4.159303909231746	-0.33902536954812995	-0.3228171009427123	1.6522142516598786	-2.6204183594114725	-0.014395366961061999	-1.3570095187190436	0.41096262325047306	1.4252478882102737	-0.2960889165286657	0.5453764263408365	-0.7496894176178627	-0.2088341875126098	1.0914291691962503	0.9808605567199096	0.6792170194135713	1.8606759992510402	0.36824977581466894	0.16502949405684922	0.4421239314945299	0.2727406461334838	-0.22825399542012517	-0.11136012025089732	0.06234004661102995	0.12699437570526115	1.1463052144732615	0.038141941318004684	1.8991114099443478	0.889354860803962	-2.168899638474269	-1.837252625040338	1.601142492977605	0.5955400510504739	-2.1874544077299	1.3570386488851747	1.5295215027775992	-1.0343726772634112	0.49182782105147926	3.017277950830915	0.3411788933854834	2.2056859747071083	2.0673735364861847	-2.3335840698829653	1.443747309177492	-0.3098670982259526	-0.5836343419063822	0.32573972662605055	-0.8657670445591706	0.21576134297106533	-1.111569685338237	0.6805616174803689	-0.22748448152087078	-0.3617383258634744	0.5797376065241922	-0.1397565196612323	-1.1809548809798804	-0.7494742197158659	0.7173489722819877	0.004078898668067057	-0.8221615902079157	-0.2722982856373072	0.29944003276883663	0.3476146707880608	1.0332795453961703	-0.3577663142288639	0.5891241912291952	-1.073335550541243	0.004266561278930537	-0.759423531675836	-0.19781843810594676	-0.7352980021992827	0.133614149513136
DTXSID8022531	-3.1046344191273656	-0.2556812676033714	3.6095723038980543	-1.2583532611711898	-0.1816300334527619	1.7160703302047604	-0.07977587528436617	-2.3330163111001188	0.5464755814561332	-0.027144292775252436	-0.6030148735663936	-0.06276192632876733	3.526616316892889	0.07524910318421694	-0.7193780979210744	0.408949609288158	-0.24373734651830453	1.248527726977743	-0.9478318809197873	-0.13556140420272497	-0.6575384654907012	-0.11671838857854636	-0.9828211541342711	-0.5826402939011077	1.2575678365810912	0.3120790667855586	-0.21440634784682774	0.8509149028869222	-0.26223535944688947	0.7391827732338354	-0.1470750216008238	0.8910132155612389	-0.33226681988103857	0.34582851217264876	0.11737845508183666	0.7553020946773397	0.3019599746394035	1.4813038507635294	-0.5184938941029049	0.5083045550060521	0.2713086030533831	0.4931447402096616	-0.5611659543958438	-0.9800441459648227	-0.1952802253452561	-0.00742599747973433	0.6155435544990585	-0.013553141340521123	-0.4945745552313564	-0.247927872682163	0.384834258414776	-0.8460505049017268	-0.1453166347153859	0.41321372166872916	0.2456430343517485	-0.7324495992440995	0.5771962134684232	0.4338938068851727	-0.5508141836153292	-0.5175554298690732	1.0094641329257092	-0.4158742795832074	0.4081131414676708	0.6237888872444154	-0.3126634056823685	0.19638337535001918	0.6285977308918566	-0.29396354900908583	-0.05253936500465099	-0.6966284680323184	0.5051142020533621	0.7109799875471186	0.0030261479917812503	-0.07556407282459511	-0.6921775316483115	0.027422911257487186	0.07626611860551039	-0.6019392166112038	-1.0539298894967806	0.20670227941850655	0.05995418429375926	-0.6021759747481241	-0.2878314861880265	-0.3968410653845459	-0.3678070075654923	-0.655580401481498	0.5759608961937417	0.07882742498383623	0.38750430731686175	-0.28712532168032756	-0.2107828394572499	-0.02264086862959077	-0.2556210772602983	-0.1824014653126912	0.04846328507092486	0.7687415450954515	-0.3905098971009757	0.2553504338635662	0.22331040926692075	-0.35662223762772705
DTXSID6048333	3604.9344239767897	-1222.0129366530077	-313.55015260119256	5319.143055331071	1407.6321011649009	-1261.809812956728	9705.647619678299	1782.6357032817969	-2338.034429674818	11341.865154048728	-3679.612492622972	9779.193972114237	2335.228006533543	-834.0420176960806	3030.313699230175	-5010.946784146728	-3173.4037587856133	5236.501703994052	6502.871863547629	1755.5826873625715	4966.909755118518	-2435.3505778768285	-3263.118287772837	815.1546045750401	-1900.2168955615984	-3255.9127276375475	-1601.9053963734038	1677.095706574845	396.8675075353473	1433.7927255030397	465.5169663661588	2255.3613966038497	-324.0934148026306	1348.4903253766308	199.10196645821668	2773.7707231240793	-752.035617772001	1935.375966085583	-1589.7964580209423	546.2381189548557	-144.20490822036564	342.9943140756155	-688.7221314603063	-572.5311501976014	-227.7960386862805	-186.36939962951126	365.15245228399584	-1332.4802110999253	-182.62095537935366	881.182344226553	-122.86661225066054	-2211.209083699996	-1950.4092657837912	-293.1625713784654	-474.65935380520705	-761.578441305206	2778.948479531851	445.18073086028636	-4095.3662235940083	-1487.171617439298	2974.477590723016	-2854.2803551789143	1578.3391699200447	355.29996173758803	-2420.8727933876316	-7753.284268413459	-683.0979863217722	-3081.9938294547323	-2479.4650535009023	925.065092292769	-2735.3294011917383	-4642.4089166309395	-883.4086027519176	-1158.0151577965678	1156.7626298533078	1649.3771833496617	-4794.086033356849	405.91603585505015	299.47260324578593	-4693.636300005631	4938.724452360115	-4375.313783642698	6217.11954566271	-7675.155855070147	-5982.700908438226	6156.557441590841	-1901.489434521726	-2731.944506518349	-729.1661148879825	-1833.6090626520072	649.7150587062589	-5025.031375504045	1762.0564806191162	-1487.998002710588	209.5348585219755	10935.181942387624	-1066.2971586897124	-358.6366685637295	1216.0840055309104	4825.597910836839
DTXSID9045976	-0.0014923877827162243	-2.1160157670535247	-1.5685284590227115	5.420279097524853	1.41757554509135	0.3170383937735441	-0.13538115010148405	-4.27583269709756	0.7852497955899	-3.1054739312184556	1.929610932939644	-1.5044463388537883	1.3110625159197082	4.551085880784635	-0.8882238591356325	-0.4142061144770932	-0.3941535754487941	0.42485847985355174	2.1489334098760002	1.9715789652788913	0.21645991682774013	-0.05551685032201008	0.8023951221153925	-1.4022624500693537	1.1119172010561267	0.3606618101923115	-1.0375521714008864	2.7379808398990377	0.6712835835115699	-2.5016818625695625	-0.8310252483216521	0.3884912611191617	-2.9236761567115606	4.131690062712226	1.8050446959986342	0.7178300884622457	6.328533766658895	-0.9483950615702074	-2.3300797178292036	-1.3004254879925177	-0.5033091855422238	-1.5996108486831382	0.11091080118608737	2.7457446834941295	-1.213627838824476	0.8456720257217465	-2.007034013082169	1.5789055642306011	1.456122128976964	-1.4943631283825345	2.045838554564714	1.50469189839308	-2.661394821336881	2.871881708268413	3.9007858706063163	-2.168094318511978	0.5154148878932444	-1.6916252353998413	0.05664849965417871	0.7726731687212217	-0.4006300763125052	1.5826587092797317	0.4986663740007669	-1.6130046511411456	0.9944472908620376	-0.4915055584652889	0.24927735095235412	-1.3433868925680776	0.10246395796359281	1.2070507354395932	-1.1901639785094178	0.22349404413392276	-0.14653838959789828	0.8411002268781126	-0.32686934682483526	0.9808443872149095	-1.8970239706026601	-0.7267914953591305	0.8032836328863154	0.7558097629194789	0.4091245234424796	-1.0607350676581762	0.09101722495017074	0.27058267708796657	-0.14295343056962623	2.6138550927369746	0.7723177201150186	-0.7051513235355196	-0.7132563635573689	0.24706377788171577	0.46005379489850506	0.7130880145003972	-0.5748112308440216	0.7875968029607253	-1.119575166941986	-0.21965049628117977	0.926568189417012	0.25409250133429706	0.25425463381094626	-0.6202731031177561
DTXSID5041518	-5.241734193133989	0.9203962078574299	0.07161198018532905	1.4367815635229646	-0.04057522049385603	-0.21347482533197523	0.7643775164833589	0.4226505112161389	0.7164393142521644	0.1232018480673058	1.2581479706162175	0.9663463180388407	1.4366867276881146	0.17961805759205696	-0.10037910282806273	-0.17940325017926112	1.377670558175636	-1.0220185288527528	0.599391540009564	-1.3305619936428277	-0.5654132322613521	1.105435529036445	0.8465300924688486	0.3743019610304499	-0.11886404983340192	0.6266580368444215	-0.852025656069044	-0.49269695670254354	-0.7514165795878179	0.1680782551853561	0.8713236246425781	0.0847362119777662	0.015129589895190155	-0.1360313561974737	0.6365245058828066	0.20103825605011263	-0.2224632823077796	0.5623788602116008	-0.44256836336755717	-0.4980102266999627	0.7709527203188661	-0.13760606280287532	-0.5047166349068096	0.1953866622880945	0.4556375496201377	0.11033032395958202	-0.991932881599533	-0.3799362094372349	0.18473557630915755	-0.18576141901584797	-0.4874529406561519	-1.0457073861818524	-0.8387574090336386	-0.389281178875953	-0.087852725387198	-0.8598932337638331	-0.0587982171848403	0.5312743042005853	-0.10742454901965784	0.13053095497779812	-0.015457820011423063	-0.22267318257763355	0.507613907788662	0.6489778141059627	0.49470352687043057	0.4504323278115855	0.45297466903742556	-0.06693176939667939	0.7989080245736104	0.018444952006012528	-0.44046226356132956	-0.4431276568354991	0.7825995103994616	0.25248931779187533	-0.641158538876308	0.660964757029087	0.7115225341698797	-0.6981361233112509	-0.6740255211398878	-0.2245733492169093	-0.03745425287817047	-0.34176778410698183	0.1830538912450809	-0.2963009713685536	0.009655138353834502	-0.1692041630653577	-0.4059760244215032	0.17513659653738012	0.12974595189498	-0.16253814265298816	0.30061546721378485	0.6222513192714089	0.619206232095924	0.4130741532636206	-0.29906101473950125	0.36071067327787776	0.15339306869677857	0.14572668783017828	0.04422224000153315	0.39323048188767795
DTXSID2048161	7.011326766697575	-1.8576872926940409	2.0109920652396176	-2.7916441059440817	1.5324665433651619	-0.30088018661267896	5.949382508283507	4.1433022039599505	-2.9271095349350853	4.914931846152311	-3.2246583494318473	2.0544429003803475	2.77594738929111	-2.361738564397696	0.9854817439255923	-2.087169813312239	-2.211430265100655	1.2181651798038884	2.2269030654242314	1.1114451718949843	1.2081493978534865	-2.4745905152611556	-1.4891864041853733	-0.634850901708428	0.1513211671429508	0.8995832317789864	-0.6028536983961673	-0.7334143669018615	-0.42419189613886255	-0.46102623034793283	1.537176679413607	-0.17653875316128628	-1.8304194274069514	0.7168446017901183	-1.492690695156803	1.378430088392588	0.711808814220446	0.31375277763305925	-1.038241203334117	0.08347783805796082	-0.5622565251092966	0.7027714645852376	-0.6395394805096136	0.25270176364746455	-0.2748850104222087	0.7957275685692217	1.2637326746236184	-0.47302355127585877	-1.6632776925916832	1.1467185730182199	0.04562213956738001	0.800972138700491	-1.2266040736439354	-0.6754970468356041	0.5804535459479921	1.0300787647434433	-1.3610610431369823	-2.976724392784219	1.3159885996078475	0.3439280730592614	-0.7507761927288219	-1.0069773795699954	1.1274792216177367	-1.3120933238505936	-0.22569651494030957	-4.1258065777659345	-0.4626161802746805	-2.201558563951372	-1.1434164971440417	0.4449217210181401	-1.203589089008464	-1.7821330808039535	-0.8400733114959205	1.521560040438548	-0.3564075188091079	0.6245046132457329	-2.318266075857077	0.8588669480280491	1.2783847602576954	0.0022418968625619335	2.142290370876195	-0.5731962667700817	0.7285890593729147	-4.634626712428229	-1.7750477352180425	1.1119114592200607	0.11520048905462961	-0.588258679172192	-0.13162177936915367	-1.4923192730331458	1.0807545556194122	-1.618812331264496	1.3179884146380965	-0.17914143478621966	-0.8885295486887965	2.291092749440754	-1.2136386905303722	-0.8298801431696208	0.8078984183919603	2.8133549686385875
DTXSID6042448	1.5432175715821308	-1.1571814937516298	-2.2659985047109616	-0.5230427153767279	2.8656874066137847	1.9747698443828767	1.1520963078692128	0.700922684546258	0.8530610231187962	-0.4915699593878167	1.1422395531674543	0.8647306222383219	1.883442765020554	1.3466459337748018	0.7397579123296443	-1.2928028341938553	1.1823046773658963	-0.6281821554535725	-0.22684589878096517	-1.5084024098748998	0.1062142378259366	-0.2960726546110582	-0.9231129582559576	1.69275316874508	0.868558211760603	0.28781891009703037	0.24994446805219397	-0.7923244809510545	-0.7027668557721999	0.06448384353628989	-0.45241180366722356	0.6353970267590451	0.49210578546658124	1.420193297027314	-0.22878426689559567	-2.5016796963279124	0.7818400246826132	-0.18236534702406937	1.072343751688893	-0.7009416617839206	1.0959857075014106	-0.5899921944648936	-0.6659403616256774	-0.7553190681277627	1.6165797849207337	0.5607409879597812	0.3089660538539988	0.31753959331197007	-1.4629605252423208	0.39661549305797306	1.2785920630066185	-1.3018101418677288	-0.5287591581019523	2.3608864728145647	-1.5620089776354955	0.249249230525248	-1.2769508929212259	0.007672517236345955	0.8451165741814647	-0.5196511754819869	-0.08067201282250536	0.44658437683297564	-0.4584897339161065	-1.2583503390160513	1.1543936223080025	-0.09798150641140718	-1.6669371048446158	-0.18717291423189686	-1.3014700870520708	0.24575983026583498	-0.17392390818128783	1.0479918454463908	0.05806186446231704	-0.17725262111079132	-0.49294254346625027	0.4128372269452779	0.5845863117343819	-0.15988070891463993	0.47939068515550015	0.7302605724722457	0.7459172140687739	1.4778079411736111	0.383007647359422	-0.13934478574502532	-0.8752360562725527	-0.5835685953796094	-0.3072578311066404	0.8864998981674395	-0.21800598013036443	0.07510494796280176	0.3635151125447488	-0.29467375621859	0.29375395602513693	-0.6666327980482688	-0.3245448820030223	-0.5067324106440995	0.20564092714314808	-0.2718148591804475	-0.5188243173612335	0.3694088027673186
DTXSID0023907	-0.8045834074119244	-1.0796161403188729	9.20090969902801	-3.0620998926152634	0.42797707937261686	1.3281882184120224	-0.3862357688010348	-1.1549704268840277	-1.033144385300113	1.6462165459590026	-3.3671440008969573	-0.6748244420210738	4.016545379171409	-2.280178705783992	0.5533113898589911	-1.9719398550549376	0.10334940056861172	-1.4692444555623552	-0.7957364871328796	1.796727132601369	0.9000486300759777	-0.6994946595709904	1.81533397637723	-2.663495985530416	1.8541852599732074	-0.8516164426657102	0.26460883610614333	0.06515184453751666	-0.9260255892697092	-0.038010705089934316	0.26890308710281874	-1.646051918399046	0.9282342127459713	-0.9075897674958404	-1.2290845836289488	1.0982017683511978	0.9319059949897426	-1.3349948975446349	0.903569757937114	-0.6317674293125636	-0.06959410885158765	-1.230444424209445	-0.09440159146518515	-0.39451803891527243	-0.6335986837385785	-0.7842415270688939	-0.28480717292589863	-0.4457408483307027	0.734250621264544	0.17741367926961335	0.027234246266387555	0.7174761086741211	0.21528099216190513	-1.0071775701509273	0.08691730150654814	-0.322884795016019	-0.13271883783035449	-0.9741592119106177	0.9301217915953884	0.164857386358241	0.07543378826161104	0.7773620859302028	0.13457669032443306	0.13013184623594637	-0.4592399018621912	0.19248626401537755	0.21154619379264003	0.2955471710255101	0.0363733661973428	0.28537369108619476	-0.6138034493670178	-1.1076455610569578	-0.7709262448249359	-0.2632869953464297	0.43529160354695895	-0.5879687501144453	-0.38239158077728697	-0.10709541768727487	-0.3420795673197458	0.19698848767696828	0.5731679721698537	0.6935537630322	-0.1270390476877902	0.13347553772738666	0.03856376119136075	0.7015825896336784	-0.4022651163665819	0.2842372062185996	0.285148342401262	0.9567155018319135	-0.25517806554362205	0.3428307156703158	-0.27157552935240725	0.2763182965986044	-0.4196573393412981	0.11259004866186469	-0.00748097235925156	0.06979525620235978	-0.020930522473800936	0.22424763313850657
DTXSID6042072	-3.307172818118065	0.03435087954675542	-0.5984667868147361	0.5957099645675056	-0.6663218317212729	1.7753966055009613	0.9106080015634122	-0.8106993505799556	0.016902669922987584	-1.391708561294799	1.9903828570940478	-0.012887039529918574	1.263733713116784	-0.6319254525324469	0.9188619555484937	-0.25611334833882965	0.3419652203378925	0.49761743823450655	1.1916304380747056	-0.8429801971107641	0.15946243400456006	-0.2545198188791864	-0.17426376850497957	0.14181747533846253	-0.9424330174336965	0.563695942130265	-0.35274331063045045	-0.14011842378151768	-0.5094194924906995	0.7190651102972345	-0.6149552231892778	-0.42234354283847864	-0.5458192876805997	0.09915366134669279	0.2549474423258787	0.49155405357193765	0.3019744503932787	0.32374557832683865	0.02192119554318813	-0.58856806157222	0.7915604513974493	0.4749212860160173	-0.4031601170714768	-0.03945186375232617	0.18953779367015117	-0.12973608890306285	0.3173101968579758	0.1888752583633578	-0.0829259317604736	0.05756479065399568	-0.6130302270804601	0.056487523122386495	-0.4587740384251337	-0.06054862641241226	0.16509901963723184	0.24263876293026226	-0.36542326671024106	-0.7422220863705485	-0.29318149649489783	-0.1614640996712291	-0.8081452298788492	0.2248032934408071	-0.07698780175017883	0.006475103516888662	-0.42643652305538754	-0.18482692039983195	-0.3570889234570004	-0.43530159569757504	0.27323365963751794	0.29191859210085247	-0.0781186240777386	-0.49890332949582156	-0.4353492635758781	0.3213001959203236	0.5546003355176957	-0.062010429631714846	-1.1233023643058415	-0.36794546361724484	-0.16628649188129296	0.5059827253703606	-0.6540856462711373	0.04370046138178111	-0.15919910960922234	0.11874779401114545	-0.09618078471356631	-0.3576621994287082	-0.2565577613332713	-0.08879532169166561	-0.02726983537143097	-0.009072890674137364	0.2561852012131917	-0.46846462124116295	0.03877513816281615	-0.24626808937628566	-0.14132077429068893	-0.2970360798207692	0.03336841144231407	-0.15400965833222705	0.3971703608930216	0.060793663514988265
DTXSID1046059	-4.009408497708761	-0.9219295848138214	0.24014550564201043	2.5046385557579502	1.0028095653892526	0.004608621105960352	0.4770235755663199	-1.1021606733876728	0.3263372687071923	-2.7538117659249957	0.02323884614924051	-1.5339255940929266	1.4166491436443285	4.4599210244766265	0.21455353350123485	-1.494614141099765	0.13662951078551222	-1.5095410729603533	3.6246249974650078	0.3448566445805089	1.1489923843234413	0.3033925608108652	1.6039643004415094	-0.6761333685019086	-0.2413031064553977	0.4815618423259648	-0.6231260739088538	0.5286673169634473	-0.247704242296371	-0.2037367740202066	1.1432421592316462	0.29348924825655837	-0.5838416363022688	-0.0596799762656787	0.17315871827797133	0.5955398775148949	0.10515334518237332	0.5145172495379371	-0.3800151441920703	-0.004025329595921269	0.5548444941311703	0.3590701674338847	-0.7018395745356576	0.17386730381232207	0.46541872985260946	-0.45282567226828424	-0.33997552463013925	-1.272461845844322	-0.6619709732777144	-0.08050050910511466	-0.8568174268879593	-0.25824292974509505	-0.31380605328453415	-0.9884606811993627	-0.5589203134759981	0.07367368408307516	0.4572225519735534	0.4471934535456132	-0.47273546555151197	0.18992973286116177	-0.04198558284497227	-0.7944158977500643	0.02457146125638725	1.5261540328623995	-0.36134384777470574	0.03214039703538037	-0.336557097006428	0.42480244297764846	1.1782741254296394	-0.6222944763489677	-0.1688575269996444	-0.49381457383095934	0.33838097884219825	-0.053973496749298744	0.018186413041001027	0.1131469420715784	0.8936243205447697	-0.6317866276696091	0.6614423155661396	-0.08689176469073238	0.269513360393147	0.6338262023951222	0.26007039240872165	-0.6281213726508228	-0.23125805563266938	-0.3048938675018685	0.4229921623469405	-0.1691626390455888	-0.023336874645700126	0.15500484366413636	-0.13615514163720083	-0.004240695313960855	0.6421383509771869	0.013967755595857069	-0.05111921148023192	0.17952624845574994	0.25481140917567574	0.1547321362961719	0.13597734733389	0.5519554773399512
DTXSID4045638	3.3996182486868793	2.645521737274281	-0.11365791181295584	-2.564700754804098	5.859450764892079	0.1714577435735112	0.35997767076439624	0.6228865780865994	-0.5413067987363482	-1.1691060202004069	-2.6284233505895633	0.6724606105834943	-0.5688604386084661	-1.2210744874920039	0.20553244514367278	-0.13540997823745593	-0.05176253083286225	1.1629404372707857	-1.1884711239031813	-2.4367386061605125	0.12168548953824174	-0.2479182626856199	-1.6712810308635393	1.051159794127962	0.3425369747704969	2.2892309528516583	-2.816112874999312	-0.02348602882996009	0.503668152368358	1.1598311796844365	0.4054828662908171	-1.7512295286939294	0.5467803359219106	-0.7654911550873658	0.2909461638403322	0.2547660099556273	0.6935394573660634	-0.9901606663921189	1.6519395152871998	-1.1385052155296191	-0.12151103755099692	-0.9316861691891434	-0.09774893753773453	0.34652096303924307	-0.12377752914054656	-1.317776910812994	1.1447984071208872	-0.4709368428460814	1.1841182855168573	0.24865300953614272	-0.06764621015989386	0.14495424433403997	-0.5295076654877889	0.11286861703065303	-1.4454386088560498	-0.31787458626210285	0.2849100517722532	-0.39815105781552057	-0.19790242844534334	1.7252387009854677	-0.9942025513793329	0.5239213571232696	0.3736657157737671	-0.2174896237920678	0.2979810596104873	-0.416602718614958	0.1833528105728863	-0.9964840529120855	-0.7157227006793271	-0.8113342016350094	-0.07778814213534335	-0.8365366962474022	0.2829285491586096	1.3704916602441881	-0.6043395859659402	-0.3853578415843718	0.2905063285572194	-0.43326676328053493	-1.0051697449362353	0.14331218034033327	-0.009577820678610566	-0.8035669867662057	-0.4350354717267766	0.12224246722344487	0.6598556115341798	-0.21286728956975642	0.627887128856077	0.0550750366587	0.7307213899338023	-0.30938219747377016	0.5698182831691003	0.38772210477466396	0.2968445691186203	0.8506157566948017	-0.5683337672953118	-0.22118886480749955	0.22151959952273434	-0.12011360480388732	0.3890798078409283	0.09006023088869501
DTXSID3021516	-8.58897331529807	4.057247238685249	-2.9168955686720706	2.2052109715581962	-0.8935475171719046	-0.10016988157572526	0.583070516661548	-1.4200351042064214	0.2988829739636784	-0.15748812892615918	0.49797986166450614	0.8196798363923443	2.504591667317257	0.5805133304976823	-0.4657641672240529	-0.2052363780868262	-0.28366759214945475	0.7719812836627981	-0.13777350473464187	-0.3579115166471353	-0.8423441686184102	0.18066896493603676	-0.6362148627725581	-0.04302081964851138	0.2097378253219757	-0.016865031741311837	0.979606447859652	0.46417265649862094	0.06733658563983952	-0.08471771193664773	0.5808003230495254	0.17399687095023816	-0.1846126151036271	0.7302895515766814	0.0991600152369063	0.008308035178907483	0.5714021446840172	0.16333660213763757	-0.5727777727924187	1.041884469864974	0.41469929136772155	0.5363084029165247	-0.10446548092629716	-0.1735638682996184	0.22091116259401172	-0.32346422195488245	0.07700738970053708	-0.10456039337079283	-1.2169389561289716	-1.6824434593058164	-0.6566983988827002	0.5115353266994794	0.2643685490964036	-0.5519699140980324	-0.807432748319768	-0.26022219357150295	0.5608477510099074	-0.8528027821683584	-1.4361969325655268	0.48226649606218763	-0.2051636997680541	0.8691530229796455	0.962906750907405	-0.02131521967221474	-0.12332921412192242	-0.4412644739271738	-1.0391818293753183	0.5609755182290042	0.2872057644315145	0.16708721221367473	-0.22899651236509944	-0.3036242075753452	0.6043598552964927	-0.42771060047535864	0.5699386672253527	0.0775617379571227	-0.06360629184942286	0.3504514280147264	-0.08820833711038403	-0.32265863706865716	0.22813533574111522	0.2278133099212816	0.3474984272758086	-0.27275626774715284	0.45557446184827083	-1.0246921906225306	-0.16432216277327719	0.0002076711782024439	-0.023929639264783087	-0.006850451863160004	0.1445955297437421	0.19530550763494653	-0.22099482318398406	-0.21188837182232254	0.03805128587898192	0.4824554702794525	0.27216661701279143	0.32206011418957897	-0.015068022513674948	0.015355058019677275
DTXSID0034930	1.6677332483471623	2.126088760282832	-5.68747185206908	-1.4682641560575223	-0.9549303071011517	0.22969009131712678	2.5326112628136634	-0.1751955795748523	0.45603102994121913	0.9985112985424599	0.3355303017435449	-2.0548010219399426	-0.9932014535767487	0.22436954785490987	-0.7044806505705715	-1.2708317675788325	-2.244263668557426	-1.5975718117934452	-0.40705490703745834	-1.71195717965294	-1.098298153964407	-0.8275589561440714	-0.8340463758941993	0.002419733184054399	0.3354839827182624	-0.27113234017173304	-1.8946038146707778	0.03995260574668384	0.5559309043404659	0.8965974857729103	-0.027296567376933027	-1.3422309264544638	-1.1516501773316916	-1.2041309331568997	0.22045578546697467	0.40073933834820497	1.479048953638014	-0.09946720352887242	0.770367581409052	0.7896246340217274	-0.5057589355805534	-0.36110013113339684	0.040185856750428094	0.2246516596301014	-0.48172954225496695	-1.8180463485041891	-0.35294050223572454	-0.6311390963280499	0.7904564327658624	0.14316062069915597	0.22005736734975812	-0.19142354648639492	2.41431574535284	0.017164337700481657	-0.7512108944357181	0.2532639413877872	1.1999780300104723	0.6911587288974516	0.2636091924471258	0.5063292727620687	-1.6080994643226982	-0.1066677872760605	0.1550423914195644	0.01495476241659929	1.4381134063036678	1.0977921901119856	1.0712197701734223	-0.3676257608864546	-1.2774901032503732	-0.8423925236960678	0.1713667219590546	-0.09302558491837681	-1.2278053262004238	-0.5317028623483778	-1.2970687722218635	-0.8555927183348915	-0.5836045872591239	0.665447334582127	0.3577278504876897	0.04771343073459762	0.6875355885523996	-0.046788435109523394	-0.6001066243141254	-1.305162875634643	0.09665470785337926	0.37478100212010956	0.8646578430086759	-0.10987470830450212	0.1122885873057641	0.4067342738777665	1.6854322057759674	0.46831037346947935	-0.5108870559290657	0.1400842786063137	0.804350288967398	-0.013015224618237814	-0.5037640915258639	-0.7047564524143942	-0.010302381878595388	-0.905455785015149
DTXSID7048908	6.441871781329841	4.869097086295107	1.5762114127179143	2.2605716545998575	-1.8338093180205988	0.017948195893660236	5.775324438352387	2.5464758716650593	-3.0170681909448747	2.7504053354526263	0.23890407698356503	-1.1417538450792644	-0.7100942301707314	0.5739161050013226	0.2469911796878713	1.6827516715221988	-2.2612106782221306	-4.708499067151995	2.323820337177112	0.3147163154267724	-4.926061870648188	2.7837324332417723	2.5761838565486315	1.9652268048303907	-1.9578503949360528	1.7836596933274649	0.5841401590801873	0.3144872469589171	-3.149415137015514	-1.9639531444564988	-1.9538018635397416	1.2496033926511578	2.569966177990084	-0.4555755007490201	-4.453207033104366	-0.40733583469617535	1.2729748631767734	-0.7014661576535198	1.089187226216428	-3.3991625884284518	1.925336324114011	3.034373699702633	-0.035614655606543005	1.2742802582984545	-1.153006453382222	1.3214566363250075	0.4099986247811296	0.7668800159618385	-1.6137808085734262	-2.879482892664509	1.9627876787194884	-2.4114242005621636	1.5084376586015074	2.946979388718461	-1.741682374711921	0.22176750544639473	0.16004794932354927	2.495105954330138	-0.38626652946617607	-0.7599005525472173	-1.5653618761004944	1.1032483195689446	0.7491578157603009	-0.5720812692010422	1.2716289240076266	1.4081048057742724	-1.3644777488402604	-0.38945617514539993	0.4074042198808104	0.8496126899803922	0.7123374132384613	-0.26320786677271657	0.8160811061185357	1.0971858006818644	-1.6277529854597823	1.949433181649462	0.2831572300824416	-2.844749025068172	0.45498441443132126	0.5259620168849833	-0.8361966814486197	1.7731845339599004	1.5270891505414217	1.6861593905069054	0.36082117735588604	0.5163904677076023	-1.1897932631689792	0.1695992407207728	-0.7740207021526835	1.3314608897618019	-0.24000766319333766	0.9525347550587291	-0.04653241018059279	0.48490654240672637	1.502442985931078	-0.6270734330545804	0.4191221649434228	-0.17226859348093898	-1.2620806207085353	0.11905851206681356
DTXSID0057627	1.3776318018506102	-1.712858732026639	4.94359235913099	-3.5491058732459733	2.1992971014851572	1.3904940787609557	1.0813740624201202	-0.20528323564049364	0.5754123640414408	0.2266745005101771	-0.8458634788749154	-0.47881113356757626	3.0495607349570664	-0.896600903872049	1.1722563011337355	-1.270053339056346	1.0865561524989307	-1.6535296337580316	-0.4693824593606233	-0.11070211386808113	0.25161585289612026	-0.20216740304819392	0.830802622235891	-0.12790780359784037	0.07532942801491647	0.32291330002164814	0.6462592058422889	0.02555290519996288	-0.7658285943045612	0.8787368850588149	-0.13590226576188497	-0.5558315821041004	0.3553989723911709	0.7068067042378434	0.4150584293862971	-0.1590370789819319	-0.17562100379235465	-0.647737673562478	0.9700348443772935	-0.1807615689457401	0.28764545729438423	-0.25038108561832395	-0.11132384527930828	0.0778116491270831	0.5639792801496528	-0.07696599810463854	-0.2121823903851057	-0.022597753617839347	0.14114899975859604	-0.06348649958570657	0.09518741144743598	0.12607939873131283	0.27736359284945855	-0.5823996797346523	0.44358585446657356	0.743876928397903	-0.277773704072279	-0.13677323705195668	0.9104771507675102	-0.3561859819145432	-0.4852807983562445	0.8339780676778403	0.45119085217215804	0.32608202063879155	0.3832747858551258	-0.4375235235914974	0.4145835092043209	-0.8414517553658674	0.04045857845013416	-0.9836161994212491	-0.09415646735031831	-0.7366391681324375	0.5838313279839873	0.8410063195060256	0.6067496065101782	-0.19632057228556915	-0.5836215571064541	0.369344465662268	-0.4713679637670714	0.11798147040770231	-0.7254790408240762	-1.6870206674290373	0.3542070129638975	0.46200953764371505	0.13866151065753687	-0.4235969992122892	0.006070525261855731	0.3459341172957614	-0.1413909896601488	-0.2163183743011927	0.46071052648420585	-0.38467649767308076	0.5028499815346421	0.8557874150926182	-0.0423303860804269	-0.41787251143627835	-0.736781059129841	-0.18765932003065794	0.6918706834477336	0.08750742717711549
DTXSID8024523	6.161143674347927	10.788247765537028	1.3193015453420267	-0.06126785059197416	-3.026502224689382	0.957708637631451	-2.3502140036329355	0.17625150310764248	0.011259731208886207	0.609186503398976	0.566299174203838	-0.8892211272623735	0.8976680231779672	0.6351141524661448	-0.21402659167915364	-0.12344978682453674	0.6588027862315237	0.4301015635938429	-0.9324374141155617	0.4840900891543507	0.7612123779236051	-1.3326726002295093	-0.4166754897780657	-1.0496283195081442	0.7512853373576298	-0.35709560953560865	1.3838002538558112	1.8559529033590045	0.23798551131596388	-0.3627564613414794	-0.5078913607090324	0.22329606737618793	-0.1284405409438484	1.6444838255119747	0.14583142636350938	-0.37902925202419063	0.20837015685005508	0.15448571366922415	-0.6036267224405598	2.6585178928437916	0.22648581354442143	1.1051069639461097	-0.23102845693756552	-0.7411561004545972	-0.0077150210218328505	-0.8465281667846556	-0.7939927348115204	-0.5658090365706784	-1.9752572135621058	-0.8465258923345861	-0.7243468314702026	0.2813649341594031	0.14817004418630514	0.042926202393676643	0.1215893266013578	1.0965202414357906	1.8642028890310662	-0.7444037072178099	-0.33037893240789107	0.17875330324866173	0.2522227852379344	0.32036850385042687	-0.5365792387210099	0.06317100361529544	-0.1603643925206718	-0.19609298915541964	-0.5486156471613982	0.5640493667760323	-0.754670105209124	0.21074723962636754	-0.1875465381979174	0.25000600664277683	-0.1530536639217097	-0.021290584336206595	0.13129607734815021	0.23574612815888496	-0.7425843952617138	0.6969086860023191	0.23211245200314684	-0.017245355860328295	0.012014112047862822	0.1822953474936109	-0.09117391571691617	-0.17666532265761015	-0.27177018967055244	0.06503990169308742	0.40954587531617986	0.07635540514606319	0.0017379952072197349	-0.06089097702333796	-0.18491019030039138	-0.06248482085927302	0.07111432885632754	-0.45189655664650574	-0.25561315362462905	0.5166082375566706	0.2529501287928194	0.15254677880788	0.07664697551750672	-0.1893092892309475
DTXSID4041284	13.796166543640274	-12.830135865049517	-12.885972780603442	4.874039950328297	2.1100047374985857	-0.3987217815840844	-8.752226313357045	-9.857160899046605	-0.2816990718098835	-10.169801161140194	-12.38729813923781	14.88453369324411	-5.51576237986715	-3.2132578622335797	0.5869151411110198	-9.080609543246355	-2.815580026927865	-7.483424564097855	1.110704186326934	1.63265055822016	-0.48781782231695114	4.787650710587652	2.1352740296614034	2.7724740123495497	-0.05271908530487494	4.812531016960689	7.1011298300125745	-1.251062514299929	-4.932824334227592	-2.172343906827949	0.39805828045450053	3.961565676172508	-7.142191264070668	1.6623017888940916	-4.87111347588476	0.31756791489343666	5.124388173815551	0.7296191695179051	1.5088084419695789	3.794398576536212	-3.562112849445185	3.9471358013193227	0.5396080059674183	-0.9517515315063008	1.5041532331825482	-0.24886862006388946	-1.8469536655933463	1.2538505197200525	-0.007288614272980346	-2.668638076819091	-2.375895083939646	-2.0921210892077076	1.899056065052367	6.358438138992964	-0.10807223714958385	-0.056562689441724774	0.20575589214366313	2.372895719726278	-4.813943160796302	0.547702587590991	4.021423582591634	-0.6950614788204561	0.46664402141987676	3.206384676146841	-1.7421548911975837	2.479482338422125	-0.8770660365303813	0.2053568568791696	1.4793487916097834	3.326008981781641	-3.350121483870226	-0.7569129723563157	-11.078924887431787	2.2912046738401908	-3.9487587788453617	-5.70499485814764	3.805465841974003	3.3032703526980725	3.0273212139913843	0.0888127330037026	3.8554568484816247	3.2820540531510805	1.2402085292539486	1.2787020206710324	-1.9629906770427563	-5.971349994175856	-3.1155869264253906	1.3185792575914619	1.1892602598412199	-0.7371456615575672	-0.8440007926775402	4.171278992374692	2.8650618994450445	1.3635367988589533	-4.794335042554472	-0.5130708442921142	-4.395534211479471	-5.204953190847617	3.636479435969336	-2.8509134060069026
DTXSID3047716	-4.82035170343958	5.59208762085456	-3.210368274158744	3.543674159206815	-2.9722999480055234	0.08294309181814469	-0.22808833580118623	-1.7979245697152286	0.5829886933683265	-0.1038926520811393	0.6457237749803221	0.2366832917644796	3.968517031523139	1.29748326450861	-1.6025347034687802	0.6075192690497141	-0.030075244772768805	1.3875840671388755	-1.9224337491533174	-0.15611362529025533	-0.7171924325257334	-0.8989502791175638	-0.7390663104867289	-0.8424525018668237	0.8606774728597734	-0.5183136719132603	1.948822348227194	1.1449731140940063	-0.3769002339530492	-0.42973594212705746	0.4013487520813541	0.6195029965822657	-0.621310183445811	1.0446355530350946	-0.25475844863056657	0.04082708951060287	0.9083704601203478	0.15135862191976068	-0.1483065812910959	2.943196980331999	-0.06223671003962101	0.9375255458430429	-0.19459952137086958	-0.2943161756856993	-0.32549780060149813	-0.933541701464471	-0.12616647198512207	-0.12892916667363039	-2.007451890335166	-2.8414643843081584	-0.999753530107663	1.704543223568289	0.43722044452817643	0.24782783169035036	-1.2907113450412875	-0.08141471337116407	1.4208891347638508	-0.5904526531375811	-1.0053286077010295	0.12789603583801054	-0.20265201477854528	1.8157431773315207	1.357319512181759	0.39857400805958376	-0.02409475913240115	-0.5485304973947803	-0.896180644322419	0.9242364078383923	0.5808353820207713	-0.3640158379623836	-0.0018896719976376091	-0.6854384517712753	0.18817907449313998	-0.7448769068400654	1.3867502955746196	0.3569210078527402	0.3122475079980165	0.40448660855497864	0.6853048789335956	-0.23517259502191531	0.5827160719717707	-0.2674116388423622	0.5492245866912511	-0.7918872507601986	1.0723035865918018	-0.8699964456030849	-0.10280532135894926	0.10743742757656938	1.2093043870361306	-0.2590689963642002	0.41107346891786606	0.4815506109648377	-0.10507687124727676	-0.279353509065826	0.5176295679704053	0.9177539682964985	-0.15627078091277147	0.25093503987861027	-0.037653777241007776	0.22866814441098873
DTXSID3048786	10.48374207016681	-6.037556771536943	1.8154567923782554	-1.927176999902854	-5.131303054492005	2.568856839827566	3.498743193225699	1.327522183924838	-0.442225620587196	-3.4267336346837967	-0.8865457989797814	-1.478878490700378	1.891267322214831	-2.269815321702531	3.0446508248028166	0.6802631817890767	-1.33119906555561	5.237091634494979	1.502275945255478	0.5805060507351897	-3.7879334874997412	-7.133173212587224	7.592437968832271	4.477655484447865	7.009871490287538	-0.6898437699038564	-1.6093980709115567	0.49482572852286	-0.18941349020329964	2.227250042755497	-1.3226612658830244	-2.22804843723933	-0.8171974762619091	-0.3079758821546128	-0.38794491958517113	-0.38654896387284093	0.5727953717006352	1.969331682973315	-1.3710758578687858	-0.16168029352233956	1.7155691017294155	2.7664621122945428	-0.25477511227501565	-0.14964654486538517	-1.174827751755307	0.6280907857773138	0.5972567416804486	1.548839147865784	1.0456000714077243	0.7590269755184682	-1.230578929167908	0.05079240957755934	0.39451340897291115	0.2905900516909334	2.3377763104396423	1.3495651678293354	-0.9406663123340978	-0.059578121964511954	1.3827252385873696	0.4859299910933008	0.07615730266265662	-1.2094761616913574	-0.08168252421189495	-0.9784429744305018	-0.3667770231249429	-0.8555823698966426	-0.1589611799766025	0.21524253903674267	-0.575183256604426	0.708112308888212	1.0563636522884994	0.0633103668246692	-1.5380120693120094	1.4569072182290064	0.7630841401232699	-2.0109630229517492	0.6340093846735718	1.7934284662314008	0.3423691931958055	-1.9750226861967233	-1.2902541854003458	0.6345420061150179	-0.9231169851069224	0.2028632498584791	1.6539701179452113	-1.1090238056928527	-0.21419531667021738	1.075001443215577	1.4318515684291666	-0.26977180437053516	0.8683652325033335	0.6292689721812984	0.6596699218086095	0.46933999260250386	0.045222360398334466	0.619339535138034	0.39030118129401137	0.8779143985944489	-1.5859468443718674	-0.38786729645443685
DTXSID8042507	-6.090236552694882	-0.9869672341577393	-1.404830442108101	3.2627211283742223	-2.9517158826590975	4.639142350864924	-0.7502398953799129	-0.03711269950406684	-2.069104291997661	-1.9450537090287867	-0.5409547368849245	0.8413526075756241	1.5299060732799592	-0.3577696413042703	0.7407104167083766	0.3875593047107031	-0.44080173938050166	0.20776193657661352	0.45711982579140703	-2.1808794707779793	0.4722638774028452	1.6377619691248777	0.20893648123291206	0.5996519888972041	-1.4314098746450417	-1.680087214815904	-0.6280681919848576	-0.5815156040298061	-1.4543258114586044	1.4358275791777169	-1.2877589322727734	-0.5703822583722253	1.4567783657077	-0.1099777808849316	-0.15122164999114107	-1.7537334257495938	0.6437298115922824	1.2328514736568021	-0.34430137380010123	-1.3338432786204908	0.4744219169156635	0.010354118661233263	-1.142883300254565	0.7242746030469663	-1.7953599697345854	-1.3041399635813926	1.8546894386202695	0.7726735571606683	-0.4772863664986897	1.2457465949333646	1.7403888231937432	2.5968166369248804	-1.6647303068462633	-2.4115677157049906	2.3384908545890837	1.494451118758525	1.4924861692314773	-2.3602640784213316	-0.43200167650777194	-0.9518485196607416	0.29283975026106995	-2.2351701908967554	0.9052183530193438	-0.17742657828904984	0.10603704028648094	-0.8939502954163256	0.9229887469332964	0.40883767600886545	-0.7755403498057337	-0.18558621754670307	0.9127448255701687	0.3482317014318699	-0.4779672014098924	0.3353451166828714	-0.47867241805724686	1.0071856514280015	0.2861955355579421	-0.03215390497460146	0.3348880833140922	0.1002658738655949	-0.1128422388128198	0.7023163211551762	0.511348238071099	-0.18516838692378249	-0.00024332265076284173	0.2651979714408779	0.47988146334328696	0.6036202772811934	0.8257106569767145	0.14593539111288376	0.1351466952734359	0.2080271452086806	0.18558887412643785	-0.1408779201825616	0.48707433927379784	0.056941513702555596	-0.1258109156918835	-0.19208463528727493	0.03539912565674008	0.0958116224781855
DTXSID2051764	-4.269197741105328	0.3346045331395029	-4.510456297648893	2.563895342623472	1.0216099336510085	1.329264148483433	0.16117710198901905	-1.9265891283587846	0.8716702856549253	-0.7109986769280148	1.9464187025133446	1.7085362104815947	1.2079228131309885	0.3439697561950677	-0.6786604684069475	-0.3942715176447702	-0.14028244679310867	-0.35403498935302263	-0.382163006267831	1.7440619621916291	-0.37111778429222947	0.08431436920364749	0.8369306568463807	-0.7695891908225732	0.47625919724974936	0.1097900133343207	0.039757598365113035	-0.10393393972477274	0.1004879662248757	-1.0154595839523102	0.5337181930447928	0.4234581387602902	-0.2543424959724162	1.291567173726567	0.18063680810572247	-0.5190980769041176	0.4126500437058316	-0.06214515534816039	0.05893893108008903	-0.6280755033903569	0.4047614584308404	0.13622626343719102	0.049038444362151906	-0.6927403601073839	0.9713971404199017	-0.20759822858947463	-0.7660651821544425	0.3826387137119943	-0.04112880958831034	0.22976226843827954	-0.2808369294849521	0.5046895715808032	-0.5073104864317303	-1.0619117408028007	-0.3294829315410049	-0.1901872676083504	-0.03295250424187641	0.02602795449153668	-0.5224858174228147	0.49453761445712235	-0.32283989814464165	0.3095214543381422	-0.517845346938544	-0.10186393416647876	0.03509568559629921	-0.19244751532700247	0.20978278633438527	-0.6871391297885105	0.5611793376084525	0.06045771304792748	-0.7293255797323178	-0.2706133079587192	0.563522790499805	-0.2625091733234702	0.40582119375114334	0.18000435300598078	-0.5024995473413408	-0.5066177001026309	0.07497534140800255	-0.3868057863046986	-1.027608948430534	1.410879659296316	-0.3268671583339217	-0.21034153573361566	-0.27910389411471515	-0.16038720474501586	-0.22950333927459562	-0.11683510003602596	-0.42729270868592767	-0.053431974990784316	-1.2449099326373072	-0.05737392142462378	-1.3516478467919382	-1.091679175745726	0.9428639569672079	0.8388129153065289	-0.3653255021631622	-0.5855322719056737	0.030934417022624935	-0.11834675083832136
DTXSID6046509	1.116426137717895	0.11761230972308154	-1.95096563418897	-0.23322987711527945	-0.3229649749342081	2.2153509366888096	0.03212253262623614	-0.3393905786900391	0.028750443785608006	-3.761607740566665	-0.2599823699631607	-0.41313073112585064	-2.652718691972226	-3.9112770276379023	-2.5727954375603783	-4.1333520061412425	-2.6340019122602976	4.038241837328254	-0.9347764041025229	-1.514096327752326	1.9531193126462532	4.769809433182851	2.926437087201647	-0.9650444765273654	1.2586527499685296	-1.5718961912582632	1.6740548646001998	-1.4698695761494054	-3.1839201795026746	-0.3947658267344657	2.1657475961992523	3.2906660317650327	-2.2724859247517766	0.5744752703903382	0.4869933587824534	0.6348696489810234	1.9233168673811971	0.12030373335955033	1.755914954026262	0.9870433817089369	-0.5743710522854358	1.128893918996463	-0.5584863225059953	-0.7362744219552281	-0.4054417288808363	-1.9800468031014138	-0.3446968224877824	-0.014005935820417781	-0.7055886984555529	0.031533066762564614	0.42417959663830623	-1.1152439995205476	-1.7733933528141366	1.5779920360628497	-0.33563794592108914	-0.9287962267568978	0.3584752522284708	1.1499948288296733	-3.0202499165863643	-2.4644787791769476	3.0767689437516395	2.39367823962428	0.20965066807315388	1.593011278038019	0.6853521720836162	1.318081395875465	-0.11627758839466727	-2.0221592444194845	3.6130849581249866	-0.8926205688164063	-1.7149372670491714	-2.4816913203161093	-6.2448234258322115	5.10552150858079	-2.209050648318874	-2.742165511749537	1.8752548258983888	2.929000493844181	0.5038765768882912	0.09091893708698137	-0.29612716318414656	-0.6729359797478504	0.15634860040971665	2.8622806667227985	-3.763783010008009	-3.0369079301699244	-0.9191812945955391	-2.905909929097419	1.0431549861511344	-2.1632711570543552	0.2756371121666569	-1.1406663607881335	-0.26087559076560585	-0.8708818472837151	0.12356969383839587	-0.13809556210645302	-0.46308394934766467	-0.8972917199948256	-0.05506791692237557	-0.45111068911158614
DTXSID3033989	3.1557473338585704	-2.5737289298118973	-2.17816484319972	2.1781073561995346	0.5652463275497022	-0.823625039113906	-1.1780596266068535	0.22741080652949888	0.3852853138471435	-3.0040818120360107	0.5428079715793066	-3.1595558738663616	3.1848268377198368	3.6216172231356687	-0.7774178783838847	-0.2744319368567114	-1.0282668318102515	0.1427742841324841	2.8670360236748396	1.0518572344919224	0.529960820548321	0.14328502211306315	0.039029062642010164	-0.09494180581713331	0.5311459986874957	-0.929794292433471	3.0294468095499667	2.5334052644997573	1.4647178595034052	-1.515691024094305	1.1901707645405482	-0.3319557525929109	-1.4001224340179113	0.5089876144239626	0.4395603787901554	1.4481205481668724	-0.16442964451535738	0.13308627265068468	-0.7602054250634774	0.41658246893988393	0.1441606811991532	1.7207495007618545	-0.5858309942170825	1.2327584814856123	0.6061661496546596	0.5958690174820265	1.7029939056919525	-1.6309578723071525	-0.36478340516272934	-0.20310183952710625	-1.1349820651981746	1.631809839441757	0.456089541750565	-0.4568544277113333	-0.847813041859962	2.178085650515311	-0.4568867093403751	0.017411046316361502	-1.0881473552621692	-0.1478005690631075	1.0552060263706706	-0.9356759814515818	-1.148583081828278	0.04395876078883576	-0.6642349785433378	-0.2752036510821818	-0.6591130049255843	-0.3657441299987274	-0.4663911159613318	-0.2962799893862356	-0.5469818524506959	-0.519999410316129	0.11206651795638531	-0.25248440753965984	-1.8016424324206468	-0.7406014284403409	2.602290194702958	-1.487830082179497	-0.6450170626530018	0.990363518859227	-1.0772348225084127	-0.5540712866597137	0.3782211115467762	-1.7986496118763597	0.899203887722351	-0.48744292080965335	0.0028369505914834117	-0.6469576609599471	0.21272871633128976	0.08916805890475367	0.6124983078532811	1.0300139006349456	-0.13216976421542848	-0.49053434526468254	-1.0230770474826396	1.5252152711071865	0.4435334982382772	-1.3607012386013402	0.7808983596424156	0.7697735950164052
DTXSID7046467	15.7876627180131	-3.055643206197112	-4.140064525572382	3.7606958357129234	0.781514366533141	3.483034699611057	1.4620491149232915	4.949485757566242	-2.854644473381333	-6.8898521401864805	-1.7124040404765637	-4.656462548025573	-4.284535833898205	0.33054744299851857	-0.3955410560363846	0.47187676183727434	-7.295365264205678	1.2274980450360526	1.358416946608803	-1.1624754612909398	-0.4995955014548583	6.199401784050897	5.034537133327235	-1.333315679866099	0.07509694338094537	-1.479407016508147	0.04664613529807894	0.8190749758590294	-5.416541674145639	-1.4098297103337558	1.114770478071479	5.56966301610939	-1.9333484925024773	-0.5575623824314301	-2.90682637704044	2.887734658622098	2.5905352675751527	-0.6125415934543027	3.078160570086404	1.0352706725634375	-1.1867373670845534	1.4334024873175513	0.27991566253474875	-1.11676536236313	0.2514566508932834	-1.3942647405474402	0.8081214565796309	-0.5764297027614902	0.8241342817964169	-1.0046336245703218	-1.6627430979471338	1.1698527351485082	-1.0831809446437584	1.7937513171861847	-1.154420064443942	-0.3727224085951707	-0.5183324701949761	-0.9437572289273196	-2.8930916960986854	-0.220208375854068	1.6779389341586854	2.2659073607222786	1.4969929197058243	1.6447307706887058	2.00541068057103	-0.07669930851742456	-1.3009110319887645	-2.543654585205893	2.192830988192244	2.9431024686943763	-0.12230191933384643	-2.2943916173385506	-6.684766837045267	4.540640364895391	-3.024500159281223	-2.3871041036931895	1.0461267004275672	3.649444473638964	-0.12209690306778395	-1.2073047835565283	0.04270759380894573	0.6204712115884473	-0.14887630135232405	3.727181048113741	-5.172496461868803	-5.627241551001084	-2.8305127531735583	-0.66662995911038	1.464851132689233	-2.2578413687014054	1.5896802855811587	-2.7033190637534505	0.5639281924779942	-0.5216920537305416	-0.12708819771492608	-1.1047803526199755	0.550165240314695	-1.503545967932922	-0.5047132142698351	0.87806521460137
DTXSID2020680	-6.488864524958487	4.240061634615783	-1.8067158477250795	0.15713913973633395	1.4740884690385936	0.8104818082481848	2.2534765877902965	0.5924709720557801	-1.9276441667021345	0.3169961666388732	-1.557329217246853	0.7950079236486273	-0.17933537096190028	-1.1219601197564872	-0.6557123899529413	1.0138176542465764	-0.7199160441382643	-1.0554192511373681	0.813865665952236	1.1646152819333042	-0.9958138600586377	-0.11574548718020616	1.2218078918537805	-1.4004612828403418	-0.31624403291949893	0.9105138703194158	-0.66126231509493	-0.2149951494175923	-0.21944984069740833	-0.8176892303003855	0.3682424178096361	-0.2550233315503481	-0.8878522938333206	0.057701388335092293	0.11664833638639405	0.18515926341899222	0.15164050701367618	-0.30046158393566674	0.1131415345237776	0.0655674274458666	0.11428199637301467	0.8114399445527695	-0.1463377197008772	-0.4089544670475267	0.270775174445976	-0.33839306892163	-0.2794331401784111	0.3143002089916638	-0.22995685348378164	-0.038780213955448214	-0.2951849620246698	0.4306109807288226	-0.41466080610023187	-0.06478380590857494	0.593793862149588	-0.11058468939441284	-0.4992420239377561	0.11126334809051922	-0.9649621082129202	0.11084835470208293	-0.7169530992107678	0.5630841791741225	-0.5882713125108824	-0.4153043153956227	0.7422569543022218	-0.13217327440304572	1.204993602431366	-0.10486324809271931	-0.13684676196146792	0.3040146586555987	0.7814377958024981	1.5254421679010615	-0.41411838632480763	-0.9715539352682767	0.03914750319364258	-0.5820074091027516	0.0753730988907565	0.07606013012238483	0.08108962031067346	0.45315429189106027	1.1342088701948538	0.44184312781722673	0.3675601250901998	-0.7532177243736022	-0.35066405459408995	-0.7088866920020398	-0.12378911859600625	0.7794467808548468	-0.26113382414126374	-0.4046318870059965	0.8520201288508579	0.0014942102102467533	-0.38404478363148187	-0.2552592071663923	-0.36863917637990046	0.22554920113298782	0.4752474651583781	-0.14214602580562222	0.2544105654983544	-0.2588285179257281
DTXSID3046166	-1.958289192635674	-1.0931256404165273	-0.23803785263017457	3.1333493856334926	-1.1563174018987168	-0.1676714774224327	0.4468304634018137	2.323414410975484	0.581040660043234	-0.45429677093931375	3.315109968198362	0.613267150052254	0.4386944810058014	0.6214855693096372	2.4502061241949042	2.3053580613792954	-1.5471385604780472	-0.08511472576250642	1.3964671142362373	-1.4619783907176331	-0.6799602165013948	0.5645877196024439	1.298855029239957	-2.5937961169235764	-0.1537059360302846	0.6744810261685704	-0.8494726967839195	-1.6538551257369087	-1.494514926511949	1.287254307548534	-1.4815079952172912	0.23395509268900466	-1.03005176634862	-1.0519055619883253	-0.9078424292030997	1.7320925286048006	0.23702628966948766	1.1166232512275034	0.6164903285583151	-0.6824675562695538	0.5455375296389585	1.2097540190836866	0.38103131133152573	-0.7843828427328753	-0.2664583361737461	-0.1983661672493674	0.05095172324723161	1.4768506020107002	0.5307918334388881	-1.137722688628406	-0.36003716856224205	0.2521770846224399	-0.3991245357939047	0.9701668515793936	0.5363306761785692	0.40442639257709895	0.41113074669321303	-2.2091404734658022	1.6558603594298011	0.4840632297617471	-1.4192263793615292	0.9479709146972991	0.10035449592806787	-0.3711841026979308	0.6004392040275522	-1.4769659310207728	1.1305196625602905	-0.5681480208869804	-0.20416523492674915	1.4209209661020092	1.5008680835495352	-0.6610118003768323	-1.4498557341639904	-0.5875973404701379	-0.231526970930852	1.2781785609932985	-1.1671161826085577	-0.9191171510324204	-0.4379606373556072	0.22307314857583332	0.2425939255636167	-0.802582656321599	-0.46898254477820067	0.4585837707657808	-0.507836519566228	-1.21795820095628	-0.2793139908708501	1.1468484365175673	0.8231765296770489	-1.2003260176996415	0.4035322748313621	-0.9373118252904792	0.22784012093639813	0.6239035103312136	-0.5501980859962597	-0.8142527892187895	0.3810070097643399	0.05825733228711374	-0.9073748321093346	1.1576552209765714
DTXSID9023205	3.99779454792365	5.2655076652781805	2.4509766282354644	-1.135758978314732	-1.0083750418718225	0.9096887461908	5.011994080148945	1.4379562964427948	-2.2027293280069697	1.8607657522276673	-1.1801262384778095	-2.0123455107624753	-1.6595524982128838	-0.5810812707851204	0.655249531943671	1.472864652793632	-2.0159099596291545	-3.43982367138449	1.7154475351254406	0.294709026400739	-2.8716397053749803	1.0592709010871173	0.32504031736417943	2.0328994251801706	-1.1079596657004644	-0.08361689874729819	-0.8814303190976351	1.709967772371983	-2.6628607732855603	-0.5373061560768	0.08214333473162491	2.574714499298731	0.8254509999684366	-0.8255679963595859	-2.6272657359712244	0.815996034247918	0.6533781092959486	-0.27895836448580025	0.22801574981717476	0.6188562467650466	-0.9531226208475742	-0.3535624826260879	-0.42963845774157017	1.3037794993858518	0.530348494501161	-0.07392140714467724	1.025950014661953	-1.3154772180139835	-0.37186529368667254	-1.143666274683586	-0.9509484697717752	-0.08199514536996017	0.7657164934927919	-0.060855282407228935	-0.00917956278842656	1.3657742564438222	-0.008715773684404694	0.8263316863498036	-0.712761670557037	0.0012700071703666755	-0.5174397524600695	1.3497324477283923	1.0886337222720248	0.48640733905987904	-0.5787460913836551	0.15484911472171475	-0.4681732003466674	-1.3702292232419568	-0.822185144855818	0.9899959520827232	-0.2975157725558897	1.5559511686655383	0.7165305509059391	2.2545292643629997	0.685978579236191	0.64694915711869	-0.8259326272741432	-0.5230876603292526	0.45162428959672873	0.9561884288955761	-0.5943334375404992	0.32409779239583353	1.6739169957091327	1.6341840880738034	-1.2644662029043996	0.20626289408463022	-0.9295085968074185	-0.18425867196623155	-0.82849382293836	1.6177507615389974	-0.8130101519608897	1.2530921000618749	-1.0973348347093503	0.8717031293090468	0.4244076366933709	-2.220616304259546	0.6195320314458254	0.452226950056405	-1.0420479717493119	-0.25211487279588574
DTXSID1049277	-4.9662768594585796	1.7251059617611908	-0.907842883899949	0.2609680660869662	-2.1195518067468195	-0.2244176108024776	-0.05208461159366928	-1.9487356243446816	0.08139791721447856	0.8420962527516556	0.4143751752286152	-0.3339394380714427	2.759860115745743	1.3411077911699687	-0.7486956685763213	-0.036408456420925404	0.3766779143717174	1.5991961325261532	0.2030000004775128	-0.8990690766411055	-0.21399239916359267	0.4225322215696835	-0.5475830185761474	0.3191424347741706	0.30296880764305667	0.7730948086596011	1.0664129690605648	1.3278922754087794	0.18750430406872004	1.1632045746824662	0.23881525339782708	-0.17411675356236822	0.5590066368781702	0.746704737932453	0.10985604518336174	0.32990846261523693	0.30169226983997643	0.33410486653924953	-0.14765736283825276	1.4314803962267706	0.27233294034805333	0.3488349491197384	-0.47820455366681036	0.028000083091638456	-0.040467653889986924	-0.07080878969244299	0.825171025216118	-0.3500951813126057	-0.995349666507112	-2.0212291731861614	-0.678126195578548	0.5736126135109595	1.030805569324285	0.04496252308515786	-0.8478421079366125	0.010619479090949544	0.5610401503554938	-0.5982583625409538	-0.44966877235048	-0.004181757926374372	-0.03806797725666068	1.1148488197495594	0.7368705062882198	0.26230730823382525	-0.3631743463039532	-0.2808610358157787	-0.5468058051111526	0.17722361755912586	0.016823036261470553	-0.43933908089132495	-0.47102766472243013	-0.16144045130344742	0.22839759858627734	0.175117162226156	0.2506770384371086	0.03584093856913006	0.31101302832131816	0.17569696161831003	0.32837942325872144	-0.15016496553365793	0.46274173725868734	-0.447276007824359	0.17140919176101507	-0.3149796428541458	0.07922263305426075	-0.6211969934897534	0.06457305992752592	0.11769026737900468	0.708994164363186	-0.13026691930617731	0.5558240708288519	0.07265921053605177	-0.15206587848335726	0.09769503829910167	-0.13157939307306202	-0.16604613061547135	-0.07072264516990254	-0.02148243440372466	0.18557407063848125	0.10900164785452288
DTXSID6021820	-7.720848616863161	4.02075952818922	-2.5818641185951394	1.6110661055566455	-0.3546784903661028	0.24081423389525278	0.5389382255014332	-1.3998287594388872	0.2801696465077439	0.0011970647246232753	0.19459201102987916	0.8234388994810737	2.090496994139756	0.42813124425182136	-0.9818874057918774	0.05285568544199699	-0.06752205182914707	1.0253757677205155	-0.6889861914608733	-0.4189894386601776	-0.8419565560211364	-0.47884523514468497	-0.5931759951493221	-0.5291234777075232	0.11629572147104704	0.06312998929236537	0.9516228364379021	0.6981314778804438	0.03846965474103974	-0.30264400482404485	0.5655770365598634	-0.04588016305943532	-0.12973879828697446	1.2105595008868313	0.3681763161769368	0.3115699707959025	0.39347846518696505	0.3395364701526541	-0.901925790870543	1.2975940738660985	0.33124416579005056	0.8856741082986358	-0.05196329232314529	-0.7799487904492173	0.051519709571831857	-0.24086691160246046	-0.14914231733657798	-0.13438124375001392	-1.3800633477006876	-2.1139997498700667	-0.7307148145676559	0.40412597411724405	0.10790483411135698	-0.6887856282972444	-0.8352090270942704	-0.07686882863686215	0.6160459201242541	-0.5879194923427429	-1.7141283475870257	0.08405439516795021	-0.1440401313905011	0.28436685812365353	0.7907259776963778	-0.10655013413909492	0.3922831815936452	0.12855994800524084	-0.7575895727760309	0.3923504975311137	-0.0964675872888302	0.6239089174860304	-0.40388391386103045	-0.01694050783285021	0.31977576899387716	-0.002201956230833173	0.38297562416993935	0.18337196556627872	-0.521764544517234	0.67582188560582	0.029663655548867362	-0.2994854595877601	-0.012070912535782267	-0.19228818071528148	0.34206033715725326	-0.3297122151616445	0.6964336484627194	-0.6401069933841409	-0.36769819512008334	0.3348283696747461	0.20566341170719624	-0.22765420523526989	0.42192695022465715	0.2509996979223225	-0.31130979027744715	-0.34338780768332605	-0.11086198235149027	0.1417112635476938	0.16262334175174714	0.15538369146610007	0.13647342646516425	0.001189442095365099
DTXSID1047813	0.37099972022109784	9.031128956965938	0.9568849714219076	0.0302685196227572	-1.2671124512706975	0.30214069165047697	-0.8401266480929883	3.2216283174745706	-1.9244310689027897	3.320670233301676	-0.9960559566744301	2.0361239808890916	-1.7597292466684133	0.6465062965198938	0.9363997377141978	-0.23143581283223624	-0.9239524545467183	-0.3496987146603625	2.114735630538054	2.5286316378894202	1.3578578769154832	-1.544771108008668	-0.38111951118505377	-0.1953051717437605	-1.3812861521601187	-2.080322960247363	-0.8253803540279158	-0.4694715136096225	-0.06864559185550216	-1.0334076765815767	0.7991811424325393	0.422370244129741	-1.3586134420226526	-0.06506779913327759	-1.0075640158451147	0.9774001584225259	0.9182506951684515	-0.186099126769136	0.8483136291429697	0.6599147434812642	-0.5524922357281228	1.154928174120029	-0.46926682873704156	1.0378263645826387	-1.1950891603509586	-2.528443782025875	-1.1262481518898035	0.574076385715604	-1.5993166106792496	0.17092366259375733	0.9416332551730239	-0.39390960506971934	-0.7681768999908309	0.49695112013588155	-0.33427223074542306	2.605453128061261	1.9529807660428415	1.5237424738453649	-0.23610021263273712	-2.500533735878632	-1.384277825938889	-0.9027442446187673	-0.3694081621382728	-0.5038140810897682	-0.9676587078391804	-0.04607955573911877	0.27666518435841747	-1.4501388951332133	-0.6514187352686454	0.2635866354014026	-1.5420701462273443	2.2500788875140842	1.660517698493588	1.3409057806610838	0.7134968860582517	2.3838686485166374	-0.09930368397593416	-1.2502191105559615	0.36214519702731324	2.442831749223672	-0.4933582463206882	0.37653410737493165	3.0551167711887333	2.700865715739289	-0.10293608004106805	-4.029878175449447	-0.7870250194883329	-1.2685608475978463	-1.1710723082154566	2.4744974672458855	-0.7720729703705422	3.5006184377993144	-1.3249054058437109	1.2292144115975612	1.3641835972096759	-1.9083857853786228	0.8069993355150077	1.1279586422394758	-2.924433809213672	-0.3960218366789158
DTXSID2045367	7.4131003148735	12.549740951064035	1.8323113542277432	-2.067085530261753	-2.778217318779641	-0.9518445216507432	-0.8189718889259614	3.355163840072576	-2.20619690259143	1.3401992238963751	-1.6637797908220708	-0.15497574864973168	-2.170207316784163	-0.9221984261555453	1.080859459481676	-0.0096561773582608	-1.2630284153915012	-3.2085497493944044	0.7230863161083251	0.443160034929656	0.6761354727371317	0.23228060596577843	0.6888613256988592	-0.2742970388948384	-0.612967434155845	1.0995262454222716	-2.3285163004014287	0.2531968925897924	0.4876026749348415	-1.1209248865198844	-0.14009943712228715	-1.4947709856831406	-1.3915674260367012	-0.11984934403098739	-0.13301832968242053	-0.5213338530297789	1.0853965883089847	-0.16822161902881516	1.8658091715448968	0.11248413858716237	0.281729423700002	0.4020633721201583	-0.10519695443360054	-0.13196661895651984	0.5394827822441279	-1.8253696573429972	-2.182754502243185	-0.08999635029419129	1.3160151332947447	2.934015799044915	-0.9295697407950573	-0.16083377416358238	-0.3059998499419447	0.7448310571517069	0.34276866907417786	0.20518255841447708	2.350542158937354	-0.34563511669408215	0.3198138564578522	2.0094938217609153	-0.9360047599310797	-0.3203609757412661	-1.4935480495590845	-0.5929529474376128	0.29541272105973215	0.9061311292244076	0.8412683253127131	-0.028962123288523486	-1.2856034965213943	-1.8646504854156856	-0.4182244367860041	0.4194912650744472	0.3557540897667653	-0.07475130706055048	-1.7329325716141546	-0.3588018954792852	0.790024822961304	0.1958593127556614	0.9107082962768274	-0.10791721412990095	1.0345013286362805	0.5060320018988855	-0.30192948511695494	-0.22825057822130226	0.3921703888663103	0.2731004219642605	0.9547966421677309	-0.4305637470840166	0.06527788594946844	0.393774721544622	0.6415674421750465	0.3917588598845824	0.6844132678994977	-0.2358157975206827	-0.21136116803624	0.5033871134204282	-0.5902770984065	0.2875756765225572	0.05070483319305309	0.4784178082640349
DTXSID0024890	-5.6980685831755595	2.0116527630781578	1.045243909366975	0.30620914036531904	0.19598873068224656	0.18251428423236035	0.22165998966151232	-0.6850598806525491	0.06270184110479259	-0.4043943428546092	-0.4962528177534454	1.031351485765063	0.888699821714955	-0.34381947854170214	-0.508094791685561	-0.6601076996205412	-0.7596986206942095	0.7843680478685534	-0.10975185277981533	-0.5515106721248527	-0.775652784491384	0.6070229952557789	0.1462611387638892	0.5944235006557047	-0.9709554320206799	0.5395656512880093	-0.4579823357113613	-0.49707578425131405	0.3024696540111396	-0.49819994995372013	0.45414739533277637	-0.14478284474271336	-0.40282388066915586	0.1892866209111217	0.29717040318611326	0.4873444254156521	-0.007783163609182221	0.8934777699752605	-0.738286681208705	-0.45095482058711234	0.20373870518707304	-0.11538249677576728	-0.5027823844213978	-0.02642046286761141	0.601020697866596	0.6723942862081609	-0.004080903481163749	0.048814797860711544	0.4448799261322549	0.10232970409217092	-0.12286718473122962	-0.023563950136810115	-0.2335331795554665	-0.13847786605233828	-0.3800338210475686	-0.5742669314554689	-0.23253175383822888	0.23018589463656627	-0.5002558661476889	-0.2541644737305189	-0.044596647463855214	-0.360056456390801	-0.09385776083754599	0.5138534190463052	-0.5040034172818441	0.21712437342878668	0.38874144327108395	0.09409876083323976	0.3419263040711328	-0.015134055066574562	0.018705320935703023	0.3807079094121599	0.277026313292769	-0.06525030759411672	-0.28206546166417457	-0.12615080245488408	0.591628572566006	-0.5020823055938347	-0.5304194384397345	0.12871096696817122	-0.004182187961874248	-0.19094087301550455	0.37510892845585125	-0.2599736399223018	0.2893077544295902	-0.2880230714189443	0.04894420527274107	-0.2572967300226096	-0.14998863985756522	-0.03595713681981639	-0.8002516085018416	-0.4985430680615278	-0.4140112303433456	0.0445332760327067	0.0889104079486959	0.13160332505684683	0.34452890900899247	-0.4103745445663092	-0.456209320859064	0.2036170311491078
DTXSID7023930	-8.550316539320592	0.7632497826544101	-4.87564931510657	-1.970190178824032	1.4453506835298715	-1.6515541226422474	-3.1339823608793522	-1.1314976273530037	-3.7532506203099087	2.3971601831506373	-1.846603599129186	1.033831981930694	0.04210229442923094	0.6453636858614618	0.9580026078205364	-0.19018155710747145	0.11099825363543483	-0.15391112588590822	-0.2482243330258886	1.0198340953361706	-0.3372796864944106	-0.35430865422062063	-1.4533878817503167	0.7211241595291139	-0.7642282100295275	0.13646201131985417	0.280362396391405	-1.0432814347783828	-0.8509598404391877	-0.02593407542866209	1.9017860441282153	-0.3340925043205924	-0.5506578714688335	0.4174690673099527	-0.23238397985449671	0.7149427655701698	0.9587640705405582	0.5578786269745395	-0.4396599375315598	0.16105884688687389	0.11165388053424313	1.4552531647160771	-0.3005856960683755	-0.04933448371746649	0.10249778985938113	-0.19197444895409824	-0.06577731587228952	-0.2874742849589085	-0.19239005205991294	0.10553385096024794	-0.4015535830279944	-0.6414063848189677	0.378911889227685	0.4112263477406592	0.5251969465324778	-0.5507690807367721	0.3993721692361367	-0.23430481189278662	-0.23475093467993546	-0.6052752295854693	1.046765040094187	-0.06317179398882544	-0.4404970562561626	0.2621477696101925	1.0876723138826943	-0.5546045796845891	-0.6507818778886776	1.4181620615608335	1.8004860993210732	-0.681980228314466	-0.058794820306581765	-0.7483056714397892	1.0918351282352705	-1.305055563925818	-1.0314448295062373	-0.5944175186268008	-2.1979807729965772	0.31626133779411586	0.34620573756828193	-0.8424328338660276	-0.17702911995386775	-0.009017041990526487	0.6288800256969425	1.4572071030307834	-0.8300866742776761	0.31115475087085687	-0.5124172574565556	0.28482973837554737	-0.05872560183193346	-1.2249961120961745	-0.02970999672096978	0.9576588492193363	-1.1640697245324971	-0.06453899494964105	0.6153001689157642	0.6655558097931206	1.1609703584873396	-0.8177157042143447	0.28113164075656427	0.6992303821739789
DTXSID0049230	-3.952738071636378	-0.9958693086255413	4.7839044146872975	-2.8055092941122783	-0.19569602966220392	0.550625520630331	-0.7235611938840661	-1.3344957041954626	-1.4480541339854829	1.7536574475787527	-2.4567605038908615	-0.6343957931660101	3.010024116438131	-0.90632071779348	-0.25281452588573544	-1.3142834312454612	0.0017718883161442656	-0.204860397856725	-0.496359503363869	1.121995827007862	0.40287890458031894	-0.11402359486620775	0.8576852757690998	-0.9852078854653125	0.44905026931134323	-0.029046924571486298	0.02343527869339048	0.20736457580995793	-0.24908948824152943	-0.13685138048345497	0.3834689439137111	-0.6392559718206836	0.45809611600546085	-0.3053870108944604	-0.4793703982440199	0.41621150384344435	0.3070796260243758	-0.20271069353393179	0.564730427694461	-0.21482136485965825	0.2139403470942364	-0.47934395450246103	-0.3599731792223901	-0.5193164015598901	0.07632516149710687	-0.3478959283550231	-0.30004779564491446	-0.3354504005050497	0.5628474968404117	0.3334058999870284	-0.060790196488672	0.28744071232341295	0.18795700671066043	0.12262066645236717	0.24979193619053547	-0.12250091265648297	0.24385094502202273	-0.3789983388684644	0.1452497364702029	-0.0636211600848342	0.21250514792154912	0.12646230771367545	0.21227654008860378	0.1891151095302723	0.3304876161142517	-0.35244096700992483	0.32145711572770647	-0.2616837585075781	0.18463532630585908	0.20823826438659432	-0.35112083210766054	-0.12679153187406375	0.3610970204632776	0.10502179413678814	0.2044869565383761	0.1312301735103295	0.30492220711945356	-0.0392946726324469	0.07848360038542185	-0.0609313601263068	0.3315091867351572	0.12063749423097901	-0.25650077345619243	-0.031804846909987486	0.24212829655362195	0.095477601352165	-0.19754713734233206	-0.28921921354070296	-0.49563889650056964	-0.9062990443603025	-0.14999032739386453	0.299674862292685	0.2903577747215597	0.1235059279091669	-0.29588300097969084	0.05801031241776037	0.16149539448002015	-0.12944173887962587	-0.22235700635707004	-0.07762703791738104
DTXSID1048883	-1.3429118862702398	-1.2296530438017834	-0.6280264485815766	-0.2366718329902498	0.7856306554745506	0.385642018821331	-0.9389528825901357	2.2398875579056563	0.48331227821619493	1.4349877637080626	3.225816824285059	1.079607363568145	-1.0324307713823273	1.8749418817065024	0.8712332837536937	-0.3063986294694504	1.8684725554632478	-1.6962148366529446	0.6762951876323213	-1.001884501690817	-0.16864489719614298	-0.3637525557834825	0.14542716029287914	0.8064937528706849	0.3636093557174613	0.20712592393136317	-0.3049564531566074	-1.8364339497886444	-0.6323825595130026	-0.4816758724362737	1.7464427775052385	1.1210783219390272	-0.3820171745275459	-1.4482950566943569	0.9786987801123119	-0.14430126430401152	0.3019843406668513	-0.8442580715285362	-0.2372335163065277	0.1790427072942662	0.16844385643718304	-0.44462702408457694	0.13055025711135126	1.6479842046342184	-0.04180966163025303	-1.1046985562003442	-0.1438044395231585	-1.3582253585804727	-1.3182187349770293	-0.08597977995076574	-0.0995299102834237	-0.7568640654098646	-0.9598201547197044	-0.34368499839563443	0.16570555226033207	-0.4775911618768024	0.6646523138860814	-0.1263309519931729	0.41617042232780266	-0.643202419480394	-0.928217253999628	0.29491244157045865	0.06380683882495386	1.8930861782765398	0.906347119951844	-0.36473265738168187	-0.2478636158840973	-0.12141591499107583	1.1102128373909346	-0.800683355327558	-0.5987337875482893	-0.6434240301690788	0.2223194043384544	0.08415711865493503	-0.6864461080555685	0.750873804667939	0.1260690806585584	-0.8467980883211483	-0.11917964309202816	0.382938789121558	0.6291186970990938	0.16182667199486284	0.047271066855582224	-0.9322424120418065	0.5707110042604807	-0.1887940121577573	0.266924484700911	0.5552985052470232	-0.5381650567902694	-0.5452670222189103	-0.5037018830983785	-0.2876267332249438	0.6082761041145577	0.10682167288988886	-0.935597727372925	-0.1458879823897712	0.10214252048678571	0.6326013921184829	-0.9282525156908494	0.16808610970115537
DTXSID3041613	1.4489779360503867	-2.704898032408114	-2.4101975761642347	-3.7948578251723695	-3.031547872752236	-3.321903984385146	3.4971085089354794	1.9254701101444227	-0.04984680521877095	-0.4832778658312723	0.7453501380371726	0.05521921754674038	0.34863523729419976	0.6962211062860248	-1.9883380322747457	1.064382784987678	0.7984953209381229	-0.9175597216104319	1.626671024351559	1.5433998792278751	-0.8228064586949471	2.042614482388215	1.2445538767464024	-0.6925849841087864	-1.0224651629250623	0.4056068191781258	0.03934008014569739	-0.5867320949174031	0.17341008595263996	0.3194218685150336	0.5458806780987526	-0.7204649535074608	0.1082299331954927	0.9156405416558523	-0.3484241939118268	-0.7574180468142134	-0.017217266262551982	-0.2621819704234956	-0.10303320105958663	-0.08791568040578988	-0.080270540592993	0.2418841139376134	0.2326469041373194	-0.5380280409706449	0.0380723168236395	0.2913575344930107	-0.7068743975767675	-0.2879404568998604	-0.33646827682191854	-1.1636386837713923	-1.024226365359276	0.07645503080064227	0.35731431015612575	-0.2717150369596875	0.7908637162783981	0.7116504165653916	0.005971037337984322	0.36943565619745583	-0.10344694734211374	0.24935124150196197	0.7374047183502075	0.1989375203493313	-0.43587421907361656	-0.6879870528822142	-0.9872830771000817	0.004119938266453713	0.6567430036099903	-0.5815944834368563	-0.4460109044970546	-1.261597832911007	0.8640796319854107	1.0816866513515229	-0.7819307380582101	0.12716022201299593	-0.012454044738202129	-0.2210102276187233	-0.6962300858242989	1.1673672564691653	0.6919378726402684	-0.017233389748349957	-0.4094621566737881	0.34622527234312633	-0.5405135472493878	-0.5983260182407139	0.19816094279523747	-0.31042376546046213	-0.5213412407642771	0.6639970537585427	0.07755466334750247	-0.19617158868519874	-0.20386412157618322	0.21130539460152795	0.12567617928731567	-0.5019901068624429	0.22474290497946428	0.2558234596460138	-0.3972303165306939	-0.10352013086641625	0.09795753567234494	0.5115137402337105
DTXSID1048704	-0.7711283131107126	2.8122985878107207	-4.065188513853145	9.88243508290695	0.29475619854517787	-3.8497168466993292	-1.1241440785497454	1.6337074543566787	-0.9128302004984897	-1.3273038682789082	-2.8574642604812643	3.322801510429739	4.905477282705495	0.12958668516757285	-3.86274864614325	1.7623146719252034	2.8011142885683307	0.3354186388463304	-2.623690218037592	-4.25088568276077	-2.4429451964218067	3.844189284006616	1.3991722171233194	1.8466915339930778	-1.0923457868832638	1.3126340445122964	-4.294554025690503	-2.3307186488330065	-0.9873105152643402	-0.20830331495048174	1.4157579500730753	-1.9764962737872112	0.7549695134134692	-0.2814680198093369	1.164920059019881	0.3041160536389071	-0.6472930435433023	0.6225869072639307	-0.5703608142169154	-1.47926568242176	1.7719510762126613	-0.16542974296495574	-0.3699635213477577	-1.3616464263991777	0.45879067069770973	1.8088223261215688	-3.231554286746992	1.4797014167400162	1.4552833787960728	-1.384822759624857	-1.8659994280514909	-0.012179684331329248	-0.6878617603913798	-1.1334481905507985	-1.9416018219149913	-2.9302962819218203	-1.0291609870983183	0.6360012614029809	0.27689707652150297	2.599120770164451	-0.6042068759585454	-0.06907552374499186	1.7602912873825274	-1.5900759098878339	1.7902897486718201	1.3954911625396191	1.1852535491094762	-0.2443881994447407	4.0857208592904115	1.2664529792529189	-0.30916100736640756	-2.28859553813396	2.1397318911367242	-0.2333863760117823	-1.0159216845742325	1.0362548473097422	0.48324547328506906	-1.8322444447787545	-0.9860855825264839	-0.816245965596985	-1.160829082844471	-1.9228622625508516	-0.35194216628998304	0.29330215043742913	-0.9463261477310663	-0.703539903009095	-2.7254209066510464	0.2908238472029704	0.27142900180809704	0.490759825470536	2.061538624082239	2.114833988229773	1.2026872365786254	0.3858981129349687	-1.1314124831761272	1.392085688117401	-0.29940188664605494	1.3526659030183177	0.31442617486790325	0.1328438796011072
DTXSID3047899	6.066041235423729	1.9485404794600631	-0.06321120957515458	-3.8964094683970893	4.860392824880943	0.2854648363765675	-1.283659932008373	-0.6728417858121089	1.311475884959205	0.2330773958088761	-0.7876112123173332	0.8499894534659621	-2.0879336980684924	-1.7195729102312982	-0.8409041007454658	-2.1299175330608855	-2.5854001945282388	-0.43716766262464873	-1.6496708609409465	0.11916025937536669	-0.2091667013200259	-0.8476147653167081	0.11887022588905966	0.7285592776297981	-1.4538882454207005	-0.0908657375871498	-0.3559650294285133	-0.5797228804376061	1.4486897879224698	0.6844560540702518	0.1775846499996402	0.5713051860107327	0.4054223302301486	0.2602604161326503	1.174175379727775	0.18904992358763392	-0.02367578823487706	-0.23905965477991648	-0.7011831618705825	-0.038225608551165684	0.4184576936284653	-0.8232680511380613	-0.147849692860498	1.17535897129382	0.9929392108969535	0.03834088391919415	-0.1755741661634172	-0.030837747657680114	0.4686463099632759	0.5711809325170144	0.30191893154094784	0.4248942309267905	1.060319692934362	-1.4557526280482842	-0.8479441497102305	-1.2246216291738463	0.6884694509323656	-1.8059004695692085	-0.20942972458903858	-0.459986125155316	-0.3194363333070859	-0.7645004817752392	-0.1763484966517004	-0.3469380035319597	0.4759137166653237	-0.8085235165243381	0.09325471531423707	0.8417652243616411	0.4742304223598965	-0.02869011319822257	0.9127742214726275	0.5358697189576882	-0.4256349763482225	1.7444349991625463	0.8810685720252365	-0.7369406571703985	-0.22928754220872394	-0.9084221999265051	0.18774161938163875	-1.119734651055207	-1.3499018028635499	0.912065954458896	-0.9911031979293742	-0.45497639968439435	-1.0712727519658272	-0.9976226802360871	0.9581320033683468	-1.5887985482318425	0.18775116759682042	0.9144988706164145	0.737871749417152	-1.0420960385480513	-0.49734958910830185	0.16611778577602287	0.37520851201680006	-0.5217613917469858	-1.3159779991210243	0.5364138782459275	-0.6995157512945767	1.0051260796995798
DTXSID8026488	-3.780717874544009	7.8238690264445525	0.42345860153323933	-0.6455582097745136	-1.404249349027506	-0.1302518342508173	0.9214570657990374	-0.09277689776294536	-0.03314083931276708	1.2742040096065643	-0.4413743151534331	1.3960218527936448	0.46476265483104107	0.2775056211186882	1.4101665365765184	-0.9152105826212323	-1.267085380633108	0.1842210415466113	1.718492982171958	1.7761870421170955	0.45915152805503934	-0.48476951999317475	-0.2884476736513717	-0.13081833915877605	-1.7879979102482408	-1.1854190737283936	-0.012486962327171412	-0.6132726060344567	-0.5127300409954311	0.35549495286004695	0.48909589731822645	0.579759426362407	-1.1646031011772136	-0.8832074343595017	-0.5399818888371888	0.8795164729381709	0.5834875807437645	-0.12360412566480404	1.1432597948586667	0.2670390941318908	-0.7591732853569985	-0.33667410421588145	-0.16724731945707783	0.6887914387321987	-0.30015214310144067	-1.7910710276770994	-1.0768732386826039	1.0656276767259336	-0.01930045505528477	-0.7336545350892918	0.5429058507491523	-0.05625073254054613	-0.10475095854462282	-0.133009712140467	-0.4716905110367783	0.9939191015499598	1.3113694107301128	0.7196971228176388	0.19783407472059006	-1.4802848751519393	-0.7580073092305208	-0.8637045398143215	0.02284147762322113	0.3284061794361429	-0.13709982908142684	-0.17335942525139728	0.17589671244782928	-0.4014620347867554	-0.41909461069324505	0.6481860616272982	-0.19542652903719016	0.2692922083365403	1.0789683496601268	0.27544222107692046	0.6122949396427124	0.4562186627951713	0.3493320202434636	-0.19130558657852334	-0.10211608946193128	0.7414405477919186	-0.6087704011366891	0.5816594269560431	1.3042846829030263	1.4718342546486713	0.10945065891661954	-1.3546705776286712	0.34831189044723954	-0.7411299709220183	-0.6352124801949738	1.4423153545164107	-0.22414277921175885	1.4439842356754522	-0.9230091826935909	0.40715658779494546	-0.010921838727820678	-1.045516261515024	0.17526605412947982	0.4027823171213598	-1.1326447078794135	-0.1738640174920308
DTXSID1035286	0.1879984201075358	4.078016930682901	-2.519558243008707	-2.361545088512327	7.116929098872431	1.3795343160261073	0.6202613134916729	-2.873552407057332	1.1462296342719822	-0.9437624093396247	-1.2077460244237201	1.5728842099938747	-1.168703297868097	-0.010578582930013462	0.4245190661245817	1.4911212175811783	1.323192753004059	1.9404723750738142	0.2629628989682897	0.6713311985012909	0.5269573190563122	0.6382519124808355	-0.9540072457879274	-0.8666488655448652	1.9221132183719327	-0.3397309183344436	-0.9725785222609824	1.3198828223481769	-0.653984407909444	0.5677623298093435	0.11103499791975863	-0.40436156881910135	1.1676760289514108	-0.6862897447450829	0.011907135523053716	-0.04020796593024154	-0.18331577023994283	-0.40044164544054645	0.01203226019959472	0.15662409624274232	-0.026044806486607088	-0.3723660482572994	-0.6595224373716517	0.49683882749992536	-0.43362414882843187	-0.9183914769294323	0.8148801968675846	-0.03914599466657734	-0.07356336663433438	-0.12692720809745708	0.19027656915335672	0.09587888064454175	-0.18790244051462532	-0.16493200802809288	0.29672208798578964	0.00010419742035337085	-1.0239125039776351	0.5716704406654972	0.14876733195645353	0.826197929004804	0.9603035369066608	0.3754139939522999	0.19191204632025938	-0.8331606649349949	0.08534649725624951	-0.9929541569269668	-0.4379592810257996	-0.12006310388975856	-0.4853099716812955	-0.10987563380668028	0.0024938261191669096	0.48854002724222534	-0.17210542448393742	-0.11345677864671012	-0.2781457915067076	0.26488004925395814	-0.3048148688934789	0.48397843822508724	0.08435323686011537	0.06920322650273769	0.4792083780640533	-0.102293604001302	-0.5016991311796886	0.2878218389413649	0.6147741285543565	0.6259197699936525	0.0692948580430096	-0.4314993335135371	0.049320165807717406	-0.27280726079559264	0.1207107873040214	0.0989155909573211	-0.5266050707388935	0.010198991565461541	0.11932009073944182	-0.23213566443242337	0.1883607531626038	-0.16530562941574675	0.06829823537422523	-0.19291570776775385
DTXSID0032493	1.7867855062019056	-1.4408980937519433	-0.20158403749985776	-1.7918018004309653	-1.8382531782836458	-3.966963486971614	2.2780323802478244	1.693065572279066	1.091108279683685	-3.3232218407969403	0.22169530432661796	1.3760672229328699	0.7498888315025677	-0.5379131904798737	-1.4535829045402142	1.3866410162193399	1.628014277351265	0.8076772375849789	0.3855217729339973	0.18500752914521035	-0.2613553877701977	0.8108955054691501	-0.8553785491691426	0.7140435563735679	-2.24689866609183	-0.8368442141297358	-1.2612914521741547	-1.25164930264915	-0.193803193595622	0.4628771530571113	0.4354832708192644	-0.6328309007176637	-0.4949029717846071	-0.4861133123259771	0.44812788165109985	0.6792655939010455	0.06721641407723941	-0.8434968033499296	0.7396458104886819	-0.9416971280093398	0.3724476164344507	-0.6410065605370695	-0.3715003348627965	0.1331471763952226	-0.18840232214447059	0.10994577202243329	-0.6421777572645894	0.13521851915404115	-0.3277419294630504	-0.4861472735895595	-0.2387030000110293	0.9837074059357708	0.3365345436481521	0.12451957320257258	-0.2079583326954855	-0.35664822186646666	-0.1516025155341905	0.5255955552089863	-0.45501899040816396	-0.11592630891181632	-0.13198691559969378	-0.1742405544741881	-0.5841567074148435	0.3187707707522396	0.4704908009639328	0.3900553835576935	0.226744604440263	-0.17330375769592232	0.9988365237673711	0.07609875633013946	-0.18551708941290607	-0.9084624506057005	0.48461767282329277	-0.25176886534033044	-0.32591563744098323	-0.22418270363959075	-0.07961388870253984	-0.6023744867626668	0.03668930342497777	-0.5760040633063717	-0.6613988224620153	0.05661013155489916	0.13193083966468105	-0.3993780370316051	-0.7653011399218008	0.15242259197392827	0.10610946586527602	0.11186852018243512	-0.5131562648055505	-0.010355110419448473	0.1177293189865297	0.15774437935752753	0.285710176461835	-0.08205700846173933	-0.24627446770410422	-0.04721256330853168	-0.26575749233206897	0.27865274001799645	-0.11224328316634478	-0.13972104943112432
DTXSID4022448	0.6028213155353724	-0.3051158691695543	-2.0244079348624675	-1.554207702090863	-0.18107405085582282	2.1838629770191713	0.43202994603852557	-0.199273367309419	1.1971855417193702	-0.11864797712900019	2.302594161840514	0.6177659418622171	-0.011325001419226025	1.1238081530350692	0.3987501386466251	-1.0894413176454458	0.24237896801276188	0.24872738418105786	-0.4145779334561359	-1.7201180535380223	0.21068866339259884	-0.858456461023984	-0.3535139784731414	1.0942307313239226	-0.738784184301534	0.39809987282738535	0.18401603692033344	-1.1023283519851341	-0.597759948497138	-0.9163188895023269	1.6895325388206446	0.31149224587857877	-1.0762309185003158	-0.6838570952744079	-0.851135599384578	0.04164495118193589	0.24396140235625033	0.63741560001846	-1.1520603038235873	0.3515482039835623	-0.44743825989236335	-0.5803660485979659	-0.4130113644485709	1.6680761045681494	0.48026911129552263	0.4089420041725831	0.3391135753109401	-0.8806926106935461	0.2567650311585003	0.21568944830862566	-0.19763527226435093	-0.21682739464026152	-0.9858825201657168	0.5955109263809958	-0.3408918410788424	0.7585512299050801	-0.6706980518872665	-0.30757434193197397	2.3535823875143276	-0.6196691822886055	-0.1240349472609095	-0.36662891646919255	1.1530213496275816	0.20992317583149683	-0.075177369365728	-0.4233163315941605	-0.24973494306427438	1.04478947340243	-0.022155446156165243	-0.2431499367649085	1.0429499305919914	-1.0529045128529542	-0.32465149941607613	0.3563820126492273	0.0662294682752735	-0.10802562654158877	0.45711909926948074	0.30579272431790233	-0.17442493063398637	0.15685793749463092	0.08797326518864602	-0.04892659055370342	-0.3294517836037371	-0.8100087178061192	-0.2242619244749823	-0.26431109182220774	-0.46418561411138537	-0.7738465638115014	0.3872209089638733	-0.22715907850814812	-0.5812634633092343	0.7842882455396468	0.028079101376974936	0.08619790779414735	0.0871642716894373	0.1007610633433961	-0.2567291216750694	0.49311445687077615	0.19093015613538986	0.061611578342930164
DTXSID1048679	10.123768289677203	2.5688772720587165	-2.0053405839886604	-4.89697483303881	-1.047855074847818	2.3764810397067935	4.791592365553615	1.0729054163834426	-2.4248231884790528	2.9005248338423026	-0.40433312471075883	-2.7577415941807235	-1.0136394538564464	2.4169436952721903	-0.8477088019774157	1.7123279080506493	-1.4713916624477412	-3.2319769887413563	1.307277393033243	-0.06319386603590002	-3.1468173763625096	1.728390694908681	2.439325343560632	1.1009949795930822	-1.2547502810932478	1.7222064594615403	1.2208727409661242	-0.0920276166331447	-1.8255218800302355	-1.6890597828449183	-1.1833981983903208	0.14585693810927894	2.3173654361286093	0.007197368994721761	-2.9204781611280826	-2.1069680523993677	1.3825424905834542	-0.743858016405359	0.7049737844317023	-1.710628913078597	1.4457771542645672	2.2566282758957406	-0.5602449756158346	0.7993176948478297	-1.0282517231006534	0.5471673999602162	0.5372908560099214	-0.30677677451519314	-2.035928640181077	-1.3843734395497374	2.0598041059315135	-2.4864825173184277	1.4825268386582486	3.6158745755371107	-0.30078002869083814	1.0026606634411852	0.11916265818078665	2.61508887607151	0.006573342136898484	-2.1457877697093073	-1.9633235233487139	0.90744070036544	-0.8072668939567894	-4.2027740195179035	0.2581540773698025	2.1131278961552287	-0.6443293692879307	1.3115462564210298	1.2762808249348077	0.593811309798877	0.556860445412448	1.611707064028216	-0.694483723266572	-0.2244055458902931	-0.6071662649710375	-0.6224479250361368	0.8578239078904023	-0.050631548162774195	0.04474585990525019	0.8615913336323318	1.7552624359414712	1.2140314710698372	-1.6910108410231168	-1.4197204137976076	0.8492464735881967	0.9749255601680096	0.36078614382077945	-0.34456777695489516	0.8377715439329256	-1.4729467244127292	-0.09460499925242577	0.030863033155373504	0.8490753367972177	-0.9345024082117631	0.9880612344372818	1.704567240304809	-0.4613073267400178	-0.5190590498114785	0.522698649349827	0.8431788353851168
DTXSID3049047	13.346697942014677	-8.129364752746973	-4.030234032251257	-3.414782734427484	-4.872557092732504	-4.385754625573932	-1.7667591854913183	0.49673180096449443	0.5121137148042797	-7.029716903780916	-3.966112992897676	7.434782813329503	-3.523335564036831	-3.623431859819321	8.226303446491002	-1.889198382797885	-0.29530500171953344	2.1631260496424267	5.021521250924958	3.5683322680752756	-15.589184861167421	-12.738995894919517	15.531391335246205	7.656263157612896	7.996241832669074	3.6833206438987225	1.3221235039387207	0.7772372182254265	-1.82158623905936	3.5909700620298435	3.0741222643476704	-1.4569174808111562	0.7406778305180668	2.974286489420755	3.23971036850011	-0.3658985288595879	-0.5253111239946288	2.0823521502221465	0.9644872195635878	4.567072614176926	-2.2686347625338024	0.6703894614067526	-0.8750429327655719	-1.4999898355082637	-5.035396531378586	-0.7905859388274243	-0.8151166698373509	4.744650242166607	1.5689886392356218	5.076053109904272	-1.459270127505214	2.337528211453728	1.80413501200389	1.3405176068009228	0.3504917828365972	0.1444265915025829	0.19085867501398218	1.9234066823848845	-2.0802278289996656	2.1355225926130275	2.406231635528409	1.5308609541196232	2.2173714895049077	-2.2061131507460585	-0.8739638222851493	0.007529538128376255	-0.181033835531376	0.08147353240609861	-1.652504902791009	0.735055096871482	0.43551898296732955	0.8911191650947314	0.18745503669259855	0.010465889298131683	0.5336389877954273	0.11775225286744383	0.7136371414403231	-0.8469033639684271	-2.128498305065201	-1.0408793274969947	-0.006928183186040518	1.4560098460813482	-0.2721542943154282	0.3952435384653669	0.3220125724890027	0.2930781819034647	0.013541673756667802	-0.5290938172974782	0.8316140750129531	-0.5206869282643941	0.5349143402373098	-0.24032775478441723	0.44559510058594076	-2.1525586548300217	2.341952294917191	-0.20782294682755859	0.4697176846492494	0.6345581712619447	0.1414634800828842	0.11515623105337147
DTXSID4038346	3.459210454619902	1.7985369865287595	-4.007139385182481	-5.419201788833941	-3.6886785208598227	-4.842544997658685	-7.13030209565083	-0.422204558699421	-6.493347901707489	8.778334621729114	-3.2579802211186037	1.2746979776577825	-1.997992753934333	3.978521791734826	0.04765203799850221	-2.3979616959404946	1.4898781140270836	-1.4966191709537024	0.445079360052668	1.2417462559314458	1.0589132789561893	-2.4542899061524452	-2.352293307950543	1.2832488901245787	-0.14375077840833528	0.8668795142967153	-2.4604642628162767	-3.239852958663075	-0.6555001526091845	-1.2251131617965134	3.5225994061447117	1.5964496657883507	-1.9661382587722323	-0.722132743077972	-1.7388473509797284	1.2253470384945893	2.196354508054099	-0.15505836337498322	0.5048435983555768	0.5825788161627868	-1.9456245132731993	2.281165726587378	0.7186949903326013	0.3396662825686866	-1.3730441738693444	-1.4391287593458175	0.5593335220749209	-0.789475459513191	-1.4379714619114934	-0.6623101612299406	1.161054717774349	-1.7603373737497559	-2.291724153366574	1.2845719516156577	0.013959549352504135	2.2505169565847662	-0.7217188763706396	-1.3995488222766808	1.2517259122846849	-1.497924533153188	0.9287179240241069	-0.29893886548723736	-0.1836768092411281	-0.8813707299316629	-1.661427046628186	-1.1645778107004412	0.3709071698218935	0.3897960902817306	-0.525604639491983	-0.4718111589871359	1.5825446531630938	-0.06757887249151658	1.5724708778777037	-0.43388639213252084	-1.047975081508238	-0.42756352887280796	-0.8632596049908177	-0.9949768422876956	-0.36267556422078245	-0.07324780675633592	-1.7356331136256273	0.9616899070671674	-0.04010130775439492	4.098079409314969	-1.126284021977642	-1.1224472900350686	-1.4753458131374921	0.6698679054356432	-0.26384676440962096	0.8743513761571385	-0.027372533819140586	2.105459098475671	-0.9669075107841316	0.8416383445869238	-0.17660692748915016	-2.3169414344744093	0.059807352552719024	0.23338327739681125	0.6861429286197137	-0.18062318371815403
DTXSID0047111	4.9705217003809645	8.208899843918617	1.2122865178224245	-0.8606914815841403	0.8309858664011709	-0.9058956511901324	-1.2348523564930511	1.075787198938268	-0.33055279223334083	-0.7604631051252423	-0.6438587248485181	0.6732041677744224	-1.961093707642644	-0.10501243869037706	0.21026992348769102	-0.6581079489023864	0.24171481033824316	0.2798359265480215	-0.31591327266673486	-0.7013052213351155	-0.05124407567846616	0.010769191042501484	0.14910172315916778	1.3878445558291272	-2.118857793278923	0.8794946384348323	-0.6453426061445665	-0.7471523345442209	0.39037871590445994	-0.015535617632526767	0.29794104654812803	-0.5699960316156099	-0.23205006359671973	-0.547702762110398	0.7803541369052517	-0.11526078007554959	0.4138055819384551	0.24635557515076573	0.09852149966455355	-1.218217894693273	0.1641228678075163	-0.8379744241884873	-0.17733551530807937	0.1918187273463254	0.45013760427537103	-0.2548842885742263	0.1552041009636041	0.5081148882845766	0.6682532420558177	1.1702891184580975	-0.34531117436108066	-0.7822910084776986	-0.34146949244322256	-0.5259343708176585	-0.5211164219368379	-0.4483803412460033	-0.3632756500991785	-1.5082150425507383	-0.09886506945366136	-0.3813256125607637	-1.209715866132859	-0.23977867948644008	-0.812411376939049	0.4243782047873243	-0.7735631546722512	0.26684721671618555	-0.48113759434116293	0.09180210604058175	-0.3984536281016071	0.5547022267989998	-0.608699253109017	0.8743231037276035	0.3736370259942173	0.7627555951416721	0.3372386680830364	-0.3863521081121113	0.8168976601833868	0.26864057290719756	-0.2556003243852525	0.237632262700873	-0.20509752687948338	-0.6915797820118962	0.38226705034921754	-0.13225141335878465	-0.3578226512541426	-0.7059212259475638	0.18719385286492607	-0.8755544761459815	-0.6239595577059305	0.1352688631238363	-1.3403261296013531	-0.6933459795893261	0.16756827708990654	0.7736655481313939	-0.20676322751661247	0.14210054571068564	0.7446668790219811	-1.5492835429112333	-0.7704963461598762	-0.0632869745148702
DTXSID0040705	-0.43671583537707753	-3.6113791285741095	4.073535505485905	-0.397175854066775	-0.7185810787781725	-1.3124269358980973	1.4671853580983645	-0.971370599609641	-0.5631011839281724	-3.369263924713565	-1.6744845246444011	-2.5602694985550234	2.9052756816137157	3.0182373844189545	-1.237067823616626	-0.30373529364374113	-0.32680714230523616	0.02561522060606687	2.3285858746692356	1.0356225507341998	1.6249627899127825	0.2026657715047916	0.004480800988367845	-1.20185493221308	1.9483310869395463	1.432815031590118	-0.01849215376366235	2.9265086491446315	1.402144496220968	-0.9564932593203889	-0.6910203575065267	0.2817151592501455	-2.6759714367533705	2.778842331103069	1.8004730666640898	1.8717632455905993	7.20895317097471	0.29280865652444954	-4.293452372082607	-1.2717706669753943	0.2415369078646368	-2.71951757707492	-2.029618978085072	5.004880964131594	-2.495136401806008	2.500023882246532	-2.896009803273934	3.954621719942837	2.636284768057977	-0.8363464510923109	2.4766984238153507	-0.9180062666025901	-3.822352340574667	-0.11114159354017115	1.4289708773578085	-0.6062137313915867	1.86217049577729	-1.0596589222528647	-0.49866932257078495	0.729791180510518	-0.8385446312666359	0.8486735034098687	1.6094075833622046	0.07728107921513132	0.6009209145342649	1.3749744050667034	-0.6916516570553126	-0.18910069190193002	-1.277681727787648	1.3629204810437006	-1.0885364983532408	0.7995736141451097	-1.2754065012228541	0.052314708533638565	0.2988547041613507	-0.5884573081706069	-2.3341614330794602	0.1806244645742829	0.9115753999240268	1.0299061654075388	-1.080811612772466	0.054038700696240706	0.35300370832252964	-0.01893088732234153	-0.29142925507439027	0.35849064203107295	-0.018925111492818985	0.32454378646886073	0.8710024468234969	-0.30482768430361773	-0.17046953161465267	-0.2967880525247767	-0.19291929044978187	-0.005822135947138575	-0.0004691355495725168	0.5509180085678071	0.5153565396577772	0.05347768290420278	-0.4067852923156094	0.5423148808587177
DTXSID4048191	1.3607119636555267	-0.16400180476926762	4.61586045870502	-1.8477325274712486	3.9127443717825674	5.671695920913073	-2.5024717123717903	5.125095083949551	0.6270511253051847	-0.37134590854983623	-1.7509139577760429	2.525719376215144	-2.889617389745641	0.9328573733304616	-1.634056422880469	-1.2003024558646143	-2.658160063661854	2.2350952607476224	-0.7366864084405192	-0.07099964330179996	-1.0157974168349888	0.39429918529561203	-0.48562459694887167	1.002244943185089	-0.31375113167657087	-0.27538209922293405	0.933698376664717	-0.8716888169525641	0.5749761788304615	-1.3293208687509361	-0.9451110196574979	-1.3191313514120222	0.07342195935720432	0.12520699522566703	-0.07448530613280507	-0.6561908808735747	-2.203341982923332	-1.0611944007438263	-1.4193581724472588	1.4991352484429652	-1.0481788451516136	-1.6402535094631354	0.2485850647223689	1.8443907799459776	0.7684824331577322	1.3209370094631043	-0.33403025502542827	-0.7612431537923772	0.6468659632064602	-0.35092023038592834	0.3458467378739295	1.4600652174013313	0.32587948905033476	0.16530593398631666	0.6622609628758858	0.9935376689465822	-0.6623356842364754	0.5990858990401999	1.1010518958688134	-0.16252612731572624	-0.39248979877036744	0.8959890507145983	-0.3846718431117735	-0.25718694674912324	-0.9934075401266845	-0.338805969097703	0.7880543991171925	0.37399452875882655	-0.06607821377533606	-0.5234619751016582	1.454360837790168	-1.2691393243354445	-0.3836973623687365	1.280221086275473	-0.09620193715984508	0.33717805854391436	-0.8553322390712645	-0.714014474738845	0.7425738463710381	0.458305499539866	0.7087469081307236	-0.35681491686563654	-0.09204434762394126	-0.8053085150917662	0.8445757516411921	0.5756810847117636	-0.45137382247018415	-0.17875688332292122	0.13167599094047913	0.1686255006048221	-0.4763510355043651	0.24416161009391427	-0.6998486437134067	-0.5742698009702885	0.25717411225665926	0.07837061409714893	0.5869763685330232	1.1386576355895297	0.49400043002455235	0.13404406852396147
DTXSID0020311	-3.8063972395021466	-1.5437876664728167	-2.6550988250021246	0.550882351131604	-2.3800789174450596	3.417223808826321	0.7117838861269091	-0.43543444962313893	-2.555746449277516	-0.5583818364755835	0.004745288472478214	-0.9083908653349416	1.1542357947528818	-0.4608504255582987	0.38579505244789064	-0.427203970254071	1.4161685973430127	-0.050457641528889575	1.392681516369116	-1.1707675376947315	1.3194012161968571	0.5596988565871199	-0.13180817167620218	1.628145837221264	-0.6675718587208409	-0.22675486366006997	0.09427901847515188	1.5424833698184974	0.39726229759505244	0.9487523530174362	-0.5156148821364935	0.27428907082456705	-0.09863107347729966	1.5329480876921433	0.41174047260627755	-0.035289555496332205	-1.1616869907952296	-0.7059673406452496	0.6436090908056596	-0.4381675230787708	0.797858625109966	-0.47980363066979614	-0.5855288897571022	-0.27944299192928856	0.42772816803548813	-0.22448836097854766	-0.22237480810306307	0.4539424077434525	-1.4022000748294698	0.973214449921928	1.3977154984825415	1.0884862291347337	-0.26372792549019963	-0.7277168275835075	-0.6784709623891957	0.06763811850239765	-0.565101223931564	-0.4399394687660762	0.6883223013178775	-0.6149202199712219	-0.9106944526879032	-0.5386576408993833	0.5659685290126236	-0.15722656444192962	-0.5402654208833232	-0.6504647009419288	0.8536161397281173	0.6957339537803978	0.492829163744975	-0.21535556776828868	-0.04602592045930457	-0.1368946718283207	-0.24899850404950002	-1.0330812698245588	-0.63562123290931	0.19072163468189138	0.8134799731030659	0.49303622570459404	0.06970500800230892	-0.10944483081766414	-0.7317390801313663	0.08717978651853786	0.6301765424322157	-0.4196148240263783	0.23208487757138768	0.02136514404785142	-0.06314291606172422	-0.08702121918349734	0.14807509926467055	0.2701445062901879	-0.1169756906362189	0.5551591629952769	0.20564275966184598	0.23204482043467675	-0.026093549709177172	-0.07978131205176678	-0.10859390628770485	0.008496250855120726	-0.09404461056965474	-0.0714415546008589
DTXSID7042273	-4.3862687967436145	2.1243852040439637	2.070760832306735	0.14085818852101806	1.284497922790823	-0.49084824580221853	0.9886020232274465	-0.9859491022315018	-0.6753402216763805	-0.49663365895442385	0.3590373605188263	0.2992802892350635	-0.9580309657672733	-0.5749667770707507	0.21206301626607135	-0.43993416957866555	-0.2573060938309776	0.6026599857301074	-0.24685025554288564	-0.1999935371029533	-0.5722141689252308	-0.40189457323933947	-0.3069974062430911	0.3651272571660498	-1.3253044443371294	0.7139801063014195	0.9004380409313151	-0.16047449400122685	0.16481307502429265	0.34669791988349763	0.04608200872514798	-0.3993520485099307	0.17823485346443346	0.11975045969278135	0.6988433575306935	-0.09098316971082208	-0.03290497843634873	-0.2150558230400557	0.0020140332417583366	-0.3315306408223078	0.0028652518509622534	-0.3111374776353189	0.28572616979049426	-0.19632888904771173	0.42321816878295476	-0.20518773990220154	0.36158663414150066	0.1529158021589349	0.0659225608955127	-0.4924621262363495	-0.35430868751790734	-0.5303017481481362	0.12354155198510942	-0.8664667756744228	-0.1381278873976023	0.27292896383472026	-0.0618391826834326	-0.4765489797641895	-0.6195469517064089	-0.47461376754913465	-0.39394908214578206	0.30200725112863264	-0.02562147352920292	0.2107734455364796	-0.09301535689395046	0.41007616209850345	-0.6206827071943347	-0.021526825093458102	-0.13188609412454919	0.18506904314083883	-0.2093902564016351	-0.20113218889499274	0.3373384713653247	0.7047873886612648	-0.035776672705724676	-0.3392321946433953	-0.49429196403367254	0.3863732887973788	-0.16178889499043345	-0.08194084531388461	-0.3987225064622669	-0.34991017172760636	0.48087261449552493	-0.0404038761618387	-0.21569885025419372	0.22349076998165918	0.012203430352973027	0.3145288596332511	-0.19835543102755837	-0.021895319064631436	0.23420817534789734	-0.22477143309877556	0.004521945120307567	0.00041119882472339373	-0.059245056841828306	-0.25989689658671167	0.009965765708438984	-0.11841783150502593	0.0789879171384496	-0.2900952939914853
DTXSID6049357	-1.8986774509775193	1.935449440857578	3.668686750737875	-0.1746795704935817	-1.2418558229442314	1.2463636731650913	-0.17712239463175608	-1.4926717608269344	0.28468790446472536	0.3197309938607639	-0.9275864654323365	-0.1417489387084593	3.3432711889074107	-0.18539074766762398	-0.48018393350053645	-0.8641134220654162	-0.00433691912562845	0.4901642996236246	-0.8091316835646555	0.05359993725519246	-0.20594704685441292	-0.27085135697983626	0.09026776408286664	-1.1663128070571087	1.384603230058831	-0.007154430814915643	0.9659596316281551	0.6473899730167925	-0.30795851805875235	0.36940182828226664	-0.14681821727691202	-0.23440353121843804	0.34912385078983427	0.19513956160155765	-0.33434967061098697	0.15219008662824268	0.390132351871322	-0.06445100178585744	-0.1664993103260022	1.36936161613034	0.1316588776030875	-0.09893303064353093	-0.3115199673832721	-0.08838600093767975	-0.24643679407619387	-0.36172275534395876	0.33029707840010397	-0.5060066193282319	-1.0852866902622078	-1.2813109005964267	-0.4399768269116279	0.5876692900833874	0.5445558873905547	-0.24564693791373324	-0.11597604328828003	0.10430584695446228	0.8456060621776382	-0.5149797693387401	-0.031152141418607195	0.24124788965558852	0.06773388170427377	2.1561516993384258	0.8728810744430814	0.4130264623684291	-0.5847447452253807	-0.1862217162059906	0.02254495566918471	0.04442560536110187	0.35967159347974526	-0.6355783302886958	-0.24544730140589163	-0.7042214552159479	-0.228085445883392	-0.28137038949902415	0.6937323090319477	-0.12626581144288168	0.0573772486743003	-0.5935278742050192	-0.11718085418081606	0.0725598690474187	0.6109211660325007	0.5423772133467013	0.2988291511101708	-0.35626736272636494	0.32993735883972974	0.5675390274855852	-0.0012264324623626481	0.3632270577996959	1.1551353107167672	0.4054531480731961	-0.15845526315086728	0.2390477304015217	-0.4475309569711658	0.32858041961938145	-0.7947860608658924	0.12086584630219095	0.05128623359538879	0.4318685158347697	0.34727060879635163	0.22823839105254476
DTXSID0021757	-5.858415424197849	5.7609721945791685	-0.41136643926858063	0.9572753851794219	-0.6882095498166454	-0.5871233202314649	-0.2912184568501255	0.3546858958726342	-0.5122623579968734	-0.2846939008748607	-0.12763123556020062	0.23611093664465832	-1.0227443561275098	0.03225244302459618	1.2564815206781665	-0.17783458883458392	1.0452407312984606	-1.300149884448025	1.5511278724843895	-0.024718262336724566	1.10957761770962	-0.2732811965234427	-0.3785637586797491	-1.1975902171399535	1.3052101578458037	-0.8542061659983986	-1.3711586351338363	-1.7809769149262151	-0.20477005772798992	-0.7315284568128767	0.8742493540684757	0.5683251071641313	0.09921814651272662	1.335355448846092	0.23174042831445443	-0.7096684670181665	0.04119762265024995	1.2879035046062344	-0.5614314537895638	-1.8193079471862292	-0.18227003363259595	-0.5387222044863136	0.39512324456700015	-1.1426240658454732	0.7498025241444869	1.427486984307162	1.3603557699920437	1.0927393343830147	1.0438848549287412	-0.8298704487488645	-0.054489632011458816	0.8049984320557578	0.5427772227597777	-0.24964362974028179	-0.5778835659873468	-1.5507711251765859	-0.6308738698598102	0.5540680110265335	-2.1956942456228807	-0.48223049385105465	-0.39253275767203105	-0.10098407809429488	1.1478279356539425	-0.2848998482244205	0.30766212784489366	-0.22452941423667092	-0.2512149443986098	0.12024819211897791	1.3634341532782015	0.04705562885011298	0.713475288936395	-0.04906687491291199	0.0816838648205618	-0.05698805801472247	0.4872191404143029	-0.002213456314874481	-0.21513037930963494	-0.6601327927300377	-0.09702311865898405	0.3005041295704546	0.724746862267773	-0.48791488381019094	0.7760695497025404	-0.49818405402509747	0.6272286537114016	-0.644476220354129	-0.37780275441434596	-0.1598893060025453	-0.23248754550053174	-0.16796974443222235	-0.21559764623983504	0.8758614833321322	-0.07070913602908031	-0.091622475413631	0.2653689552450891	0.355700925657871	0.07482898861524705	-0.08729625659618194	-0.1270718001573493	-0.05560266102463109
DTXSID7027596	-8.23550502565236	2.576527266347736	-3.2712317900413974	2.1130817607267973	0.5671542862533729	0.7332903336022998	0.8914985615900196	1.4981993707640848	0.8567185234830869	0.06433793968774724	1.2281417556549599	1.209784242486178	0.7009415453291931	1.3325975667281493	0.49849040568386227	-0.4841039500155713	0.17988694884798304	-1.370112566314658	1.5880138395703849	-0.5518439713649749	-0.5128291767649279	0.9828422037240496	0.23057113209591293	0.3171984405097922	0.6129398617710732	0.24671239268314807	0.0607195538505281	-0.36348255781058436	-1.0249915150194542	-0.025470072144972888	0.2694690510193272	0.7210407396096891	0.3106428215038892	0.1975513932424587	0.22476374622286602	-0.15309906164394005	0.03867847728782064	0.3287977777728087	-0.11088034172900432	0.2559038930081019	-0.020065812125168492	-0.2986958710725488	-0.16710687909400043	0.6436175855778468	0.4092028435045588	-0.48803060014037336	-0.8459460263909421	0.07035640638911472	-0.19553048343586296	-0.18134668511320703	0.07420586354589317	-0.5343092819406253	0.24211063081571932	-0.30698667071572	-0.1819927529857015	-0.5813353871715716	0.1640419120308273	-0.41758878341168676	0.38810193155052003	-0.37068849081304084	-0.1863770228251108	-0.3088497619899108	-0.22216170971921753	0.685367568760231	-0.15999477649152724	-0.6842506728654244	0.056251505787103744	0.9216119333986863	0.25843908332932414	-0.04156870288436625	-0.1966731955892495	-0.9153849059809376	0.48756900081525034	0.610541010399966	0.057500911480529805	0.30576746590391857	-0.04990917004547515	0.12308597233434819	-0.373113089138395	0.03369906895822666	0.5331171353322572	-0.20321356796460582	-0.16126578014815257	-0.3529807056565367	0.18250230772345524	-0.8393923059210824	-0.33608644035360274	0.89608720392394	-0.22782428591402512	-0.4354963630257582	0.11028979050420921	0.7936352949117853	-0.3665879754622779	0.20731209450049184	-0.9875760694318032	0.04867164029900682	-0.23689552922530696	-0.1986884957412934	-0.9753814424802894	0.6998457631894835
DTXSID6023658	10.632700401080392	-2.300569713616949	0.03235490215560137	-2.0316735994294857	1.4863442816081902	1.7958306667086137	8.277635767011208	3.672469044654565	-1.2618585586347155	3.299673152481684	-3.4648437955296543	2.0616744006732466	0.66891523331414	-3.7248312864848248	-1.2768666962412731	-6.837579201733807	-4.3468937739290885	0.5723463515577307	3.0151956212071545	-1.6209289092526185	3.40016715024864	4.855030541848006	3.1533260806044834	0.749551158856883	2.3114142571225598	-1.5528238332466708	1.3784681044803824	-1.4620668366545486	-3.3604055763631977	0.5830655546060162	1.1491255552540738	4.75944136370969	-2.518580456660098	3.169975397332633	1.2453595921943001	-0.9467843875908696	0.9125412110092275	-0.37998821196317045	2.114943637347499	1.516598376617208	-0.06358128264799824	1.8897865648840457	-0.7284937837550978	-1.5213701934285935	1.1848317443610104	0.380857049648078	-0.8497164778576611	0.8417398037839089	-3.2726241457358656	-0.4919323535859866	2.837609921593584	-1.6398014094114535	-0.6874149865935504	2.833467164656263	0.06343126315402121	-0.2789362050821855	0.5520820047189396	0.7752345945290376	-2.0450984403109778	-2.284982730987811	3.9189200912014437	1.6462714350005605	-0.9142823531040781	-0.19752235862359652	1.8426371847028573	-1.524428580684044	-1.4004888163422147	-2.7026069888128297	1.4551279543334148	-2.1973229748219074	-1.9939952360797035	-4.553096977264671	-5.587588862646255	3.956854591236626	-3.3167985344412876	-4.211327674624535	1.0149750495315297	3.7312391927485207	2.3299959498477962	-1.247288051892684	2.810652863916994	0.47616175740367556	1.7368910914784104	-1.3684904890395155	-5.713261905146494	-2.646263649910194	-0.9895890329794441	-3.53318844293208	1.4216546332781712	-2.8759440525228532	2.465734571057323	-3.172944075212396	1.468294154882359	-1.1007679314416858	0.39503242882396883	2.3874666120889794	-1.145933187407039	-2.0662366749001433	-0.5983306901539164	1.838881544571948
DTXSID5044445	-6.407108697143085	0.6512558196933972	-0.022968524789830563	-2.098764714668334	-0.37220155331888405	-0.3122133107001532	-0.9742818081050083	-1.112482212285113	-1.5030255845231424	1.3012274281432947	-1.3332754651044458	-0.07770488376347087	1.4496281165088387	0.13923816262188052	0.3602145088856685	-1.2189314424973263	-0.46613358803199256	0.03168232897841887	0.01732361324025468	0.388470906970296	-0.3100266941909895	-0.05699758396411305	-0.47003486513043147	0.29669423328689326	-0.3428517712139262	0.4305906466210189	0.14883421927992502	-0.3922523166181877	-0.381096446222677	0.3912820939337011	0.4046139605460598	0.10554098219159963	-0.20972278853450046	0.018831194687670538	0.19449330711876003	-0.21703280246267284	0.08923435689721963	0.4060526817028718	0.129082109205086	0.33743095212277874	-0.049876970652065644	-0.030011570093414975	-0.15378770688349686	0.03525542374519576	0.27850960162236216	-0.324204312174197	-0.030445052992111973	-0.49959903641150055	0.12322615939032931	-0.2821424036654529	0.1615696574054059	-0.6999716324597043	0.12770255108117526	0.33248112658453516	0.8020770600260435	0.20973462945558563	-0.018118076147237417	-0.08878951556388905	-0.27563955391945727	0.010578407814895687	-0.20394211319634262	-0.05570925898163787	0.17268653925975988	0.6721514728203378	0.87394195013038	-0.6831126818697879	-0.7775745566551517	-0.6472530022988151	1.2336828191875042	-0.8202942176288006	-0.3354423512070597	-0.05537715109904606	0.2318222359494741	0.30079164860702723	-0.8357877851839904	0.12116898657850826	-0.6687734392903725	-0.3387863817079613	0.2345645637904487	-0.0491523212970937	-0.5052797849564125	-0.5775816654364121	0.10173645424601303	-0.5941733460856101	0.46937087774278596	-0.14725039508135349	-0.05622781092485858	0.30174755923059043	0.3386038568616958	0.16037718089664277	-0.14969835810576837	-0.2466130993264893	-0.4901363409267853	0.21167999936753715	-0.2120063580170789	-0.013763894328704264	-0.34293011893813796	0.13574197789547893	0.3999076925653561	-0.17453541821680943
DTXSID4047416	-2.849179926108091	3.1320045247335155	-1.8701090204005504	-0.4231685151942372	1.5651848754956532	0.8113162389853106	0.8615037161127957	-2.172902146822397	1.5771639224561835	-0.8497452252784762	1.2283153467689827	0.7687568188684142	0.560026466107195	1.0852035726425744	0.5104316270024308	-0.8227451104533586	-0.9862412331671971	1.4653076431546757	0.30732004001294494	0.3467374495549037	-1.0219343495656188	0.45841731708648764	-1.3951063746080468	0.2581791882296765	0.20990058897220532	0.37743221674945554	0.7582847939393841	-0.04087208935906163	-0.21020007414330846	0.3317077134552374	0.020797780621787477	0.9029910600506467	0.11655019349941331	-0.47695477184980173	0.37166051594334937	-0.7461855936143311	0.3714402140219094	-0.20842365916733024	0.03844982708163083	-0.44679071366123535	0.08193999548815345	-0.6156982510424541	-0.12213559975358196	0.022270037173844362	0.5872872350268403	-0.3980966292796871	0.3461335556650094	0.13798294496150793	-0.12131439755821327	0.3692628820212694	0.11569632381571648	-0.4668803059526239	-0.2175529902529791	-0.9855259835720037	0.16691670534162628	-0.9266466152146318	-0.9315763939701475	-0.5094161419217333	-0.5141581249385736	0.4127309616250658	0.47499937242718215	-0.15191924642902258	-0.29816945387840277	-0.6551120534544447	-0.5171752699954313	-0.43847009022687083	-0.21095734013477108	-0.188752457340324	0.6932888130705848	0.29281363001975813	-0.02013357656897791	-0.029481457142254253	0.38643860919127443	0.3499494942254191	0.13508212065956163	0.11965597718150194	0.05323355260559731	0.041747729369023635	0.07261569518162386	-0.283270658430299	0.7180334840536884	-0.16268611608470304	-0.35718898642836666	-0.2102732412174895	-0.10656731010644596	0.4005053923427085	0.42092808228477213	-0.3464625133536419	-0.5042063312214295	-0.26804230904734105	-0.11521308219389662	0.6417642286660278	-0.41008563289705124	0.14614117767188384	-0.7041500862596481	-0.43306324269621926	0.6712741606278434	0.04869725799772646	-0.06581842150936766	-0.020068437948455663
DTXSID0047955	9.037797606217246	-3.9840686850037863	-5.802445197155816	-3.0680919099061716	0.5173076283535065	-1.9549765120279308	-4.020924060850219	-2.558349812697637	1.2069841627036018	-9.501663806043258	-5.91573294182029	5.285503807772634	-8.055186200729915	-11.759272010058487	-3.12725297430071	-7.716321479070642	-4.359739403000136	4.50674792393351	1.2826486378942477	2.2615312633789433	3.214170191056179	12.097246780926875	3.6228907021702064	-3.504265281139758	5.938207362003592	1.1048147503347483	1.264249280443273	-3.4880933755396053	-5.652238498526941	-0.8655502903963436	3.601637161318402	9.173255870296165	-3.161056703956421	5.7470507145850664	1.5463789220718411	0.7390858826713478	-1.848092269948054	5.62963843921144	4.179626261315908	-0.32093820871231316	-7.436030738528829	8.204848765555713	6.08608313812948	6.102927741096863	-1.681857939067784	-7.423922176809182	-2.107385182782108	-1.1727161252395282	-1.6585849911324202	-3.411258662158267	0.7647205670589775	0.8455316874009365	-0.8787503686046545	1.909834495993565	-0.8294070139261623	-1.5883244082889572	1.0994331691131574	0.39555671296832723	-3.56072268159315	-0.16460192395034637	3.992243176182029	6.367362735176768	2.774876365687485	0.8112718578396317	4.602667211616459	4.00502932432618	-1.8538871956563183	-0.6583387168451352	3.8258276371300712	0.49972445265217846	-4.68837951676545	-5.523698910849657	-10.993525238960752	6.587498845781526	-8.334255662910694	-3.8145615516364226	3.4383379917660997	5.249169961329724	3.345945942940086	-1.6923871257935212	1.8027613038445323	1.8159333368933441	-0.553175622171965	6.36440478432065	-8.996747379421189	-7.252492010996327	-4.0942373256926174	-8.041476310274817	-1.1712360347061097	-2.989039293070369	1.053548198680811	-3.2208068728831636	-1.2980560701526185	-4.0976409944205265	1.9524632100592751	0.4616083963647368	-0.8381604005459307	-2.6662347470440166	0.37580019422743316	-1.6415176148091402
DTXSID1027764	-2.5828053630801002	3.419818936279511	-3.2608714030541885	-1.2844431475762559	3.8985006053828797	1.8272228782511803	2.1735626613486314	-1.3999139164137697	-0.1201070457924746	-1.259550635865691	-1.4290053650594832	0.7078144590770057	-0.29653656378679166	-0.4487753808120267	-0.13324714728359519	1.1675916227424257	1.6213992020903487	0.3463718950195424	-0.2335614902172335	-0.9356470219826081	0.862055191022215	-0.7941887641357266	-0.8649262758633973	-0.32533407254971936	0.9105718834988593	-0.7475148771855546	-0.2837495979077285	1.231014889262606	-0.9965764343131679	-0.3107448787319213	-0.4304945310715847	-0.33506029845413776	0.05838569881121964	0.4127347216633476	0.40152880258211765	0.5183590838943956	-0.3368755866519473	0.0677646455499456	-0.3647601981131009	0.6622887368486965	0.15993504906005612	0.42842714748940763	-0.9123898428200977	0.49204425637019417	-0.3061581683028487	-0.33338743491797385	0.3641660512090445	-0.0832092727585282	-0.22735329678631555	0.002761448511123938	0.5009993044963332	0.08863231786955135	-0.1758012797160043	0.9097594426015005	0.06551918485583602	0.0056467798685792365	-1.230393453798583	0.1613866324875981	0.13739818564829412	-0.4778556380545601	0.002859160223357198	-0.3351164826872711	-0.45761534075536126	-0.022385769200470827	-0.2152430052951638	0.04269575359523868	-0.2787235451150082	0.26625753339299896	0.006667895349225614	-0.9963310421099225	-0.290491048019225	-0.6632014843615585	-0.1851927884832904	-0.28241743303144173	0.09836127069999455	-0.09431893125654282	-0.07982193277579197	0.6463769197847776	-0.8302383755540195	0.08556913542871426	-0.3560945898201756	0.02119143011727421	-0.07222016013890636	-0.27999950277279534	0.7071547413116677	-0.25938216981026135	0.015595759287801825	-0.6670243013527996	-0.0071164404054993345	-0.42767889827306593	-0.24752000148343464	0.34623519013384785	-0.04667573024474813	0.06242676501996048	0.11302467557549155	-0.23083717571784912	-0.1999756875069632	0.3301310454311724	0.25860659357851146	-0.09716332351953726
DTXSID7045786	-0.4370004939770514	-1.896175934658266	-2.380483607672595	4.813981030195736	2.2971014681584276	-1.1684509079803205	-2.814471032281845	-0.28350460131308225	-0.6715200432968627	-2.734573655163918	-0.46651337380086494	-1.9816110051039912	3.0062881584596757	3.692948207763823	0.08916346535119912	0.7029440739831363	-0.6692915977305296	-0.5425361950117505	3.1624979375679203	0.9418853713721294	-0.21695406400432374	1.9885054186715643	0.656115363982954	0.789445823754512	-0.18697645422150821	-0.7408931550385339	0.44028644090553787	0.24641662332362338	0.9122331078962366	-0.5180831268450178	2.113194042526083	-0.47376731516597886	-1.283525805580054	-1.1357768099311785	0.6046284047355784	1.480298562543735	0.04463536033873918	1.1031114058535019	0.09050174047796374	-1.5011056246987682	0.7379993968737355	0.18034008943947086	-0.6425806879026391	0.5963608136643778	0.6608728238382939	-0.27460581624687697	0.7478357886926603	-0.45808807139672997	0.7228172926124112	0.5961514796868228	-1.6403344411001646	-0.20203521784261766	0.16540755948633332	-0.17161818259981854	-1.0072329288166988	1.210985593976137	0.6455283794713971	0.011045849790023763	-0.8512716741267924	-0.3011983346998417	0.5155653303541983	-0.4881722602799582	-0.2645018108204867	0.18770104173934582	0.6629538314844315	0.3192006840054451	0.027495457553915633	-0.8545066454188448	0.3733455782868693	0.9174220816319716	-0.4902420964315157	-1.2910621230249806	0.15789013149003694	-0.6468978918524132	-1.1003304503764255	-0.5615349202655273	2.812461232937178	-2.3362516808660687	-0.22862246565884092	1.0909025370300054	-0.9949878093757186	-1.4122683431647716	0.2415030960671665	-1.9361222136234224	0.7866603447843065	-0.4023171493566346	-0.765784093387418	-0.550261262688176	-0.32242323181865457	0.3110535638719116	1.3481750223706543	0.33244034022117713	0.07763517467862845	-0.008259133423810912	-0.7827672998497185	1.030468002698383	0.2519281609481775	-0.3635152679947385	0.7360052957191985	0.4640386441260751
DTXSID3047891	-2.9176085157484857	-1.2806036434254946	5.290100831787268	2.2915894194471247	1.1212914893698345	-1.2625126272454323	0.7046050148809393	-1.2549621978074432	-1.551207890025722	-0.13468114821549057	0.7099850332371237	-0.23817430919164412	-1.278227551438736	-1.299088450225017	-0.18188064376640597	0.8120436948204777	0.11650975821285103	0.1384868597939675	-1.0213480999721958	-0.18680460186313805	-0.5679862760700786	-0.41029346394291266	-0.7450131860127497	0.7204856356713629	-0.33188059756497745	-0.015942567909904937	0.13249950888200318	0.19115759887831626	0.23261928501570137	-0.2663425221392866	-0.2859264354201822	0.6704804515221037	-0.5779715380569684	0.5846363481575401	0.7823950896740424	-0.37409950697940253	-0.006394118650183349	0.04346737396185688	-0.1683972924156406	0.1166514811967271	0.13968990432965941	0.3656898624876571	0.01987395671879546	-0.2994859902008563	0.40459127414297824	-0.06311090862860304	0.09579127889995494	0.1583982064977288	-0.6016770131326286	0.7749535835191221	0.08613380703685962	-0.4238822566668225	0.17024388367010976	-0.40982273037823824	-0.1361782076402517	0.2577413751630051	-0.17551100479770723	0.6874343749656988	-0.6928901908787368	-0.44786193202327146	-0.012037115921855706	-0.17455966711477372	-0.32545871423763995	0.32453628215381003	0.07283314604996523	0.2727819077925707	0.2746113778159143	-0.058404959874555684	0.4349447952457685	-0.7587566701017381	0.1620172049519488	0.10860047407461719	0.42314998647888025	0.15360744177887423	-0.20073814196819603	0.07378431294299122	0.501155944698338	-0.44110210294314955	-0.08403207333502495	-0.0487310222611819	-0.06753533759051189	0.402353636715697	0.1469828019472208	-0.3333226945462057	0.10243482255069036	-0.07764825332646619	-0.08107691163949039	0.0873080783658691	0.01851632223973599	-0.07286609628589974	0.015578459453123814	-0.12208914155094454	0.05818179968311087	0.1927599728969	0.3660450606005955	-0.09603774079867286	-0.33476450570751276	-0.16389623452574226	0.015311698316336548	0.16310762903794493
DTXSID9022603	-3.352990312119579	-2.5408370963986107	-0.7731094843472671	-0.2863085831796843	-4.372068835345294	-2.3416995901748736	2.0969401469381563	5.967108290969169	-0.08146485646612299	-2.9071631743665076	-2.8597064098905745	0.43274185687623745	0.7976986444434369	0.8204922973251015	2.3725941968488673	0.863050025711118	0.13852967981961964	5.18517159958057	3.1671154336894505	-0.3749720318319332	-5.110125118601137	-6.244043842248517	3.4039120679660706	2.004922854828385	10.785119980876946	0.645265461221498	2.867423805129922	0.8590111676180158	-0.14484971375412745	0.5310733205194952	-1.994044253849854	0.8686662788889494	0.059095046431838834	-2.200595749706179	0.3954722525873977	-0.9922176443170427	-0.2101941501955045	1.4360649762064313	-0.984972811112281	1.0003826076914069	2.5075571850693286	0.6522004518242029	-3.97667504312585	4.653081166909635	-1.4531077518282898	1.9240377694929462	-2.7211867455625494	6.4453618096830105	3.2664933201463704	2.0246385390377664	1.9664074238714104	0.607098938156896	-2.887845701667813	-4.7004007481447925	-2.4911717018481663	2.1000244787801066	1.2310647470847087	2.761527318156015	-2.738789947892164	1.4755299516570033	-1.5770196658763755	0.8447215106484731	-1.0206339842831034	1.1880103615192217	-0.3876412591663462	0.344227308040048	-0.592376527292862	1.1512457631891246	0.7665294596377703	0.8390262932750894	0.4322302702665467	1.236102653092163	-0.9024987445324771	0.02617224258335864	0.5433620281577065	-1.3149018552752636	-0.8120649938334265	0.5545723417739272	1.492662772104105	-0.004817302157230557	-0.858777912380813	0.17822866252038327	-0.010639207448197893	-0.2156827026203739	-1.1396950217799915	0.806768560443928	-0.266381614732427	1.0593783326596393	-0.19618483391929226	-0.05839623743942907	0.16403184396764225	0.043544345085486096	0.099086863308692	0.2182148577429279	0.36951020839005594	-0.11461151734286229	0.3715740564895748	-0.4958176281271347	-0.5301392727903136	0.688485959832465
DTXSID0047290	3.7072894547977944	-2.830184815037543	0.5657024803421788	-0.9807321233501096	0.09755375157602807	0.5871091833475861	-0.2608372831563312	2.706512332853518	1.3753383331588196	-2.451493062256949	1.9333688532062356	-0.7000638615111529	-3.4493667046928636	-3.1471025150233705	-2.0587913917422935	-5.124739027952071	-2.8238281863018755	1.326509297651035	-0.06424415785990442	-3.5929768981065657	2.2673840815274757	5.279351070018358	1.6820692808602615	0.804480881787006	3.0724507997725907	-0.8740552173892363	-0.883359244407995	-1.8666671566667967	-1.7761206397205698	-0.2594345217682041	2.5063582973682563	2.545493665165843	-2.404430189769741	1.0157468947641102	-0.16171934088964773	1.2613054769420786	1.6999139605285192	-1.5381391793282364	2.9295101148452947	0.6373770432778705	-0.2967666427682084	1.8678903111233347	-0.10063453813181913	-0.7290944157363438	-0.4818970152272521	-1.8362964985463694	-0.2284314764427798	-0.9516413960617303	-1.7863957577626628	0.08688998874855403	1.8541512352582499	0.7280239037295761	-1.3365460774226308	1.7191517545953963	-0.6887177340789589	-0.27583801281918047	1.9687185704286996	1.6060877785919196	-2.8780391797861307	0.5304693059183082	3.2373405618175672	2.813313356830327	0.3844961305787197	0.8103409975454681	1.4705455330304884	1.9421664631886908	0.37389898502742985	-2.2797796719745436	1.6174467124633007	-1.9293478622956397	-2.9779887678906505	-2.9272889906244424	-5.238555475259455	4.631359492670646	-2.6203094947345673	-2.8758880060247214	1.8952986228497288	3.2799258814519843	0.013719622362823003	-0.28993116919900613	-0.005740637454717879	-0.1523046731340418	0.6520226102230822	3.0235208963955316	-3.9813974687855826	-4.054860361979044	-1.0116342031110475	-2.821051043275729	0.44822138270846273	-2.815039550180409	0.19426010340002203	-0.837432626807867	0.23116163202388065	-1.2458464424177496	0.5981329504521784	-0.5646990326326771	-0.02685598592357821	-1.2642140869201604	-0.7240801832205342	-0.215283302368704
DTXSID4045551	12.135986854767543	-4.177404406435192	-4.680401214351342	2.6964548043098935	-1.5907087416959975	0.19367866567719094	2.856015275494264	0.9297048617089448	-2.106844884538035	-3.0480833215771166	-0.6852467697117175	-4.658008151971539	1.7514500439204221	2.6226946579517905	-0.5888655746486379	1.0624075323223972	-3.001250346731166	-2.577148911622536	2.962482740277404	0.5929601686985436	-1.1742132966717564	-0.2100689875537097	0.4041533171741821	-1.9014351400061649	1.2662097390464395	0.0006594707812935325	-0.15158394202241074	-0.7988802511457231	2.8359933689003487	-2.473111319815684	2.1859255603478487	-2.413554174376921	-2.6065429385680576	-2.022686766689736	-0.30910590850837005	1.4237307499243266	1.9774412418379816	-1.608052191795345	0.023497390044052147	-1.3963039810417386	-0.17475801936246343	1.7858633256115908	0.8581631460669122	1.2164192903978577	-0.43284467446117514	-1.2353245102960646	2.0602478708055827	-2.1695433850801185	0.8018537449534102	1.045177050510585	-1.9626875739513245	1.8464553717219765	0.12070054219321232	-0.31419230828666384	-1.2800213774777607	1.3310030360809615	0.24922628179217501	-0.5582986237020272	-2.1800765909392283	1.4458809463665412	-0.7784639362737891	-0.6783468971833692	-2.2502718182913886	-1.7003208811833275	-1.7255530119532037	0.2495174794592886	0.29519700548664835	-0.3381673760267853	-0.9763492484782	-2.5375529070783207	2.1415050211079616	0.7891442205315427	-2.0676289644496513	-2.016701435927528	-1.7972955931417072	-2.3917201930785392	1.7295567728745558	0.30732107847507467	0.10686766144689427	1.3476331966483597	-0.01732614246210022	-0.34385834336416626	-1.9475977266621527	-1.1426330712850041	0.8492238555020826	-0.3756475430711803	-0.5026467360060515	-0.9559870011495153	-0.429153648759236	1.069160294437824	2.0019257145553064	0.14147909208273793	-0.4880764009988748	0.557681612544396	-0.4391495658002605	1.3285355529988518	0.23929183852628527	-0.07432671911456823	1.5606929026030476	-0.853845316529588
DTXSID8049389	-0.7401455818859645	-0.8043465235664536	-2.36218786551462	-2.0702221198432125	0.16111450037741332	-1.1319866492414092	-2.4787121632388134	-1.6305123289716466	0.3147603641378552	-1.6019127422671284	-2.370829069542094	2.375101672484765	-1.4304742841038036	-2.702557852888142	0.044672152744724775	-0.7228570735531559	-2.7872771358683206	0.13827870625283598	1.7513249759269571	2.4943499050497553	-0.5134566349907332	0.5170841391795626	-3.287657730594073	-1.2433363209363166	2.2551547734338335	3.3842261837022973	2.48433831958946	0.07939166343649631	0.4172965629341794	0.3468672057723979	-0.11009017188848856	0.10499299460956521	0.5435289348489964	-0.6520295147135008	-0.4931852752500493	0.9244735758022812	-1.2283265537516084	1.1116328888020302	-1.2158338889239708	0.9837033865229942	0.2119733651885651	-0.6722710593705087	-2.428175892682365	2.966337388226283	-0.3391328197305018	1.925933180130654	-0.7125372526161529	2.5546891845198316	2.0282576842829	-1.3083482920670062	0.37530099382408505	1.5562967649833073	-1.234485161178404	-1.790311135422695	-1.9526098977139092	0.7610679945498944	1.5691671620087322	-0.04577352153162484	-1.623756497880732	1.2522898348379217	-0.8221407702206097	-0.1439358129343894	-1.215257621551124	0.16089799653463566	1.8713595901949376	-0.32176987302153853	-1.6859109067109341	-0.2490221311381651	0.5952830686377554	1.2373916291293856	-0.11935278206849043	1.5377972875724293	-0.7879450735311819	1.4343382108434422	-1.171001179502817	0.14253314239035053	-0.38217643524252454	-0.40589051768034107	0.9460991317658646	-1.124580573945068	-0.5591572678581215	0.36561552948377707	-0.7060792327248747	-1.7180995968402426	-0.31763030721120833	1.0057742794301678	-0.18167086525486822	-0.0374170402652944	0.5647967077460526	0.695952847553087	-0.34523379630148165	0.5438322443225019	-1.3426923101071528	0.6409517753251737	1.8096686132438997	-0.17588365153070992	-1.5522900455511905	-0.3526209320702782	-0.3291512521290733	0.6090943707596418
DTXSID9044536	0.2411120330948163	4.5880085660665	1.1389824736973388	-1.1632759468454632	0.5037593801617454	1.1998257947949234	0.008599019126656124	-1.3976617671715204	0.3742062462486204	-0.46913874316704585	-0.4800616018857942	0.2181287406938738	1.2133788115589001	0.25576223773236284	-0.6706294814314389	-1.2485806857125772	-0.914492854628389	1.8874531829079528	-1.3062640265128582	-0.2817936481422737	-0.9174174544894196	-0.723418530481755	-0.5393258224729507	-0.20287649159988197	-0.3567227346025143	0.8938310738277707	2.0950461385080343	0.22431026090340497	0.45574704163780055	0.2366985788010623	-0.3350332153330097	0.013035300864281434	-0.05743630944932341	-0.049459987027526436	0.7101751242594773	-0.5032570367661695	0.061471251439873	-0.5668166774315457	-0.3303986113707603	1.3610376887072206	0.09526216158080612	-0.5088097033828068	0.10181758302989163	0.5958644339568914	0.37118995288858514	-0.3648588684032253	1.040865478345017	-0.3368950574748236	-1.0616755137428928	-1.3608474578982803	-0.5812112406786579	0.4505373822884005	0.6565176101181831	-0.6183528777608214	0.15549098396949615	0.01365176646431068	0.3889605715475712	-1.5846495979626272	-0.6279824093495417	-0.040149435761514723	-1.0259091423920685	2.5260718759256124	0.40320557330586865	0.5315282624047348	-0.9425274286960795	-0.4224440533172998	-0.26692764370607525	0.17191200866707773	0.4665880061188298	-0.6336610137768566	0.13636767199067684	-1.003506809219007	0.40138736594867797	0.6737177757995959	0.5162461228231155	-0.2756759620680308	0.22727182198693058	-0.37342150833006804	-0.2867321486769641	-0.24179973348284198	0.6176664430233317	0.660695362744094	0.860079100124519	-0.6071904130647097	0.513457969452324	0.5648791361813263	-0.11442437239517883	-0.12287290972627311	0.5434051866852305	-0.10168334599875392	-0.5763183326122872	0.5934881219325905	0.10433576354873829	-0.2509510208817255	-0.5720908624792611	-0.05806805477868282	0.611869957278269	0.5560738978693921	0.1602720803436401	0.11365296448171558
DTXSID9045344	23.58952455176211	-1.9418844867663059	-2.8161190921819474	15.74335439618295	2.482041172235842	-1.7810600651927926	-1.7926408820049453	1.2357946059596956	-0.5467635153752883	-6.097005399211152	-5.681116280246473	-1.6495987301472936	4.732646167004171	4.03548087915292	-3.017506268098595	-0.14828728162606014	2.490799417804605	0.6742171071197743	-3.783394658358877	-4.622413954889545	-0.7494963865895844	-0.05920079040089972	1.1215833212920021	0.7498200503033581	-1.079381218769514	-0.313108776255094	-1.5301432517591531	-1.8955011270002777	-1.2719458449292729	-0.3738486344084232	-1.0197790049963258	-1.28392735666616	1.3007230757522632	-0.9585379883521585	0.0213245131508217	-1.3889050977455573	0.22038549376788616	0.05099465031277188	0.3834716450198538	1.581007480955219	0.8105253241373441	0.39094888029649405	-0.024855577762823818	-1.2824077680713395	-0.49716767094203673	0.5137833122492219	-1.097343831955286	0.5322444985744571	-0.08667405936801434	-2.1824262072156824	-1.8321053982007678	0.8594051584232149	1.060907394083833	2.4632909020889167	-2.858789452023237	-1.3549031595260101	-0.40952833088494134	1.754244075260065	-0.06806148913757097	0.6628146318182621	-1.917087674747045	1.3876986158892777	0.6389939293602727	-0.6447519455878369	0.32393058528186924	-0.9095099385921782	-0.5801828772886838	0.5935375881348056	0.3545980810605374	2.4064620572651294	1.1320756109679178	0.43576188806086763	-2.086077579825979	-1.7419377065834467	0.6478096753963959	-1.9242407328450934	0.6791009821477012	-0.16673096590101819	-1.3085309324928147	0.969515992351507	0.17017615730415875	-0.9369442863012797	-0.768724815157234	0.67202164201093	1.2128764917205366	-0.6256307695183387	-1.1020906292933441	0.6819708510184235	0.3968651210530537	-0.5047791341795366	0.016925172943577177	-0.6817967094802401	-0.5312765352115034	1.4868177985007336	-1.2536237991601442	-1.0408117192019064	1.388058562550139	-0.5830934110279028	-0.11220660389624391	0.3394210077241318
DTXSID8047846	3.620532386199442	-3.0456409257666714	2.3417802414424878	-5.027926109937888	-3.35339420422936	-1.3781142363605057	2.0628020706934436	1.2020331202126178	0.8004482777518656	-0.23286421855991526	-1.416168808634766	-0.6378509543373021	2.4124415779075976	-0.25613956562477974	-1.0359131639932484	0.36316722671583646	-0.4457627377393197	0.4124325337196193	-0.294431807373935	2.792208095471466	1.290090581753683	0.987795685170914	-1.0091001961128114	1.1807237651612634	2.1860192435937913	1.2777252424219214	-0.7980647019125467	-2.2136587852414347	0.9879006340027063	0.6436310747283693	-0.9598180110398398	2.1071190635021595	0.7389275378568961	4.185377513656421	1.9079914123587534	-1.8061977336624149	-4.009270250704774	6.8668699587910895	-1.4780695893022502	-3.368810607433099	-5.0040182197781995	4.84845884745419	5.877114426877448	7.584899574302806	-1.4737804015539395	-4.355367230047205	-0.5721718475487166	-3.2655979086050744	-0.10305093809811686	-1.1136722739074523	-2.0946149717213958	-0.029405313096617074	0.07873104768338662	-0.6680576727888601	-2.541812148682564	0.236541720131356	-1.8286543996347657	-1.4039281329663276	2.391880721986686	1.241427017432504	-0.7071766706828752	-0.003783771398972117	0.46929623509356805	-1.8266402639431494	1.6763857446028514	1.8741865780910316	-0.40866163132511074	0.1686848969473082	-0.9908213192004949	1.2314558906076791	-2.560545510777318	0.8574358787972843	-3.1324562816656067	-1.309696114717156	0.08141454057569765	-0.3140467792716483	0.5817466395905132	-0.2652896159571887	-0.13217412654411997	-1.5952384041025538	0.8246089858689605	0.9434896599008431	0.2350092671203329	0.5752237150746873	-0.5686891748394031	0.6656149903892379	0.3817766153597743	0.9460974060784594	-0.5449383896526657	-0.30153612478340186	-0.7345781117064085	-0.7597390630275096	0.9771569928241025	-0.8331429242134577	0.41125031977029225	-0.002972379909886082	1.8237877619315712	0.7369355896986549	-1.4608669590602228	-0.8102650957752188
DTXSID5044578	-3.1702863705777204	-0.08823492376408691	-1.9015902376743352	1.9765039376483815	0.23037795541151396	-0.42213450059365154	-2.3364890472373165	-0.7867871354384259	1.4384173109986504	-0.7389757905896852	1.704647275494945	0.6771015353461486	1.0367452713409107	-2.240082882584144	-0.15896828305966065	-0.6037957652396452	-2.602134865718427	-0.8978833807102716	1.7171681606436158	1.7231606435073563	-1.0367552444257546	1.2599280645729158	0.20240333339001318	0.46714014628717426	0.26874559681228927	-0.7518775864804299	0.6890202421304145	-0.28888877578063926	2.2343931431373987	-1.1579208852063556	1.0507006980977736	0.10588993718614725	-0.30357346421414416	-0.31096291690750877	0.32894506682799535	1.1173629453804717	-0.23718031809925463	-0.24034605309654417	-0.8253724093271189	-0.6524590130226335	0.2953877534652077	-0.4290342398822291	-0.2333126767310339	1.665324294642184	0.8395104436176499	0.3829259491465978	0.5878215438571254	-0.772922474690511	0.4378583351823893	-0.10521779536294742	-0.6085670457197144	1.2224702630594928	0.21682316795512074	0.013385549837110768	-0.9062191123553248	1.014978440999204	0.35785696663221556	-0.5389742268848641	-1.3564490397846922	-0.012279706455547405	0.8428608825507445	-0.2030046856903609	-1.336834892621527	-0.5952145369434513	0.2861525155334917	-1.156708117047605	-0.17371512126950836	0.26602985558815884	-0.4463406309234167	0.849437714362784	0.2323813956138368	0.13949662495861742	-0.7775421706593066	0.1886670864654983	-0.7448512123393795	-0.20282871657091944	2.04812029995409	-2.4265112185733044	-0.4086341643503444	0.9542960423621173	-0.7065590539840786	-0.5372664426176569	-0.7037363261197427	-1.144246323351443	-0.034054366536307494	-0.4886569421538575	-1.5807791661187522	-0.1381897263721837	0.18430136423046056	0.1701022451566701	0.44398604460700214	-0.10654721158229292	-0.27888679306636716	-0.06843895309509945	0.849282302369932	0.5253969287453832	-0.6158986569491167	0.05220606079346385	-0.19691353459689528	0.4602240056673351
DTXSID0038338	5.255748120786749	-1.2846619637489838	3.241439186957144	-3.154656667432869	-0.22539199432823584	-0.18025893051899528	-2.127804521906655	-2.3428640396964515	1.5256844061696049	1.4262908040492777	3.1020077285423984	-0.5984113526666632	0.6974095637026124	1.2538902965177572	1.1627714923995982	0.5193755627627137	0.1196779043377938	1.104089858847918	-0.06376150267802	0.08765927895084483	-0.4688196987447409	0.3108172959423199	-1.5322190121852222	0.19719178760720216	-0.07146787746583298	-0.9043066175508028	-0.8447931685163786	-1.0401460015043826	-0.7046492155589846	0.04277268347662053	-0.32959922674515796	0.5297403612566443	-1.0712448156493153	-1.210116773142975	-0.4652730210861633	0.27494317697161647	0.6340916034657023	0.7631391946525655	0.2556785240057381	0.40402236016024823	1.1098550852954805	0.8200706102637876	-0.237501768364409	-0.12224794531622404	-0.31481678460112855	-0.9149950802193716	-0.644335486422675	-0.14710665885581944	0.46682479672346494	1.0560587932913261	-0.34739915408094646	-0.4726272861889228	-1.2439488209122833	0.8517445578658112	1.5273183396717323	-0.6630985007089536	-0.3807952569532661	-0.8636861893363043	-1.1530233264228404	0.5315773309143951	0.3813014748501372	-0.3273396299062755	0.15539873884585867	-1.3588351044912312	-0.1306825360356849	-0.8258202160676192	0.08730538953526117	0.3330853205106121	0.21857174589490244	-1.302059319033545	-0.058840976575064784	0.9801687637386145	-0.2708937639587775	0.05745837630832923	-0.35782571061719604	0.8725754949346379	0.13113505266837377	0.0008430655781784657	-1.0211170915794126	-0.4671810576474879	-0.11354642216638287	-0.3424222960259447	0.14848414333762217	0.7225867506962226	-0.3779659945007814	0.19981328050384295	-0.2867804739491768	0.13800317172499796	0.19804223163044185	0.4350811466818003	-0.17258366208745643	0.3461071314680677	0.07789710856612071	-0.6860726893297036	0.04710085545637696	-0.18592035714972313	0.13428625902348484	-0.30126735133534455	0.054176708599407354	0.27237299411870053
DTXSID0049286	-2.5007823371668887	-1.08502187711265	-2.9001911425328295	0.3851379042815699	-1.0957612108368822	-2.4578632744129627	-0.01856668724207008	0.8113244468463656	1.0295203602368912	-2.990887928181341	-1.3543559349507373	2.311514925817812	1.9702339792533043	-2.3368685789247374	-1.2377434171674537	0.5109735976993677	0.10636069013963967	-0.19315755166804469	0.556736553741371	2.25760294008352	-1.3494174149327844	2.6138207441431143	-1.7802668331194476	0.03977188353241803	0.35720196161566703	0.4372645724047855	-1.370972983626714	-1.7551150741334514	-0.012345571585927912	1.4388207067834995	-0.43766865873857347	2.071170341203183	0.2597238686497352	4.539825239590457	1.4772274946345265	-1.9095569802601497	-4.002860585133991	7.066499520543134	-0.42072492322180083	-4.04835287242264	-4.669806445475136	4.8184389625193145	5.356628116672227	7.599767137081697	-0.7584185852907017	-4.896249485810789	-2.5830796642007483	-2.484260393091871	1.9145817531865104	-1.3542035088609372	-2.4015598100201228	0.28036190636207015	-0.6910979728164435	-0.39744504699823585	-2.77971948992717	-1.7901661049360447	-1.3769529859203664	-0.35457016133854785	0.5726607113068121	2.0610283824349986	-0.4333604660942983	-0.8190961531011779	0.7790818960181654	-1.930663716803448	1.7363174405886128	2.420828849016896	-1.241997044276849	1.3509787666758448	0.3794144767651882	2.21816986673877	-1.7242836975524591	0.38280885065562054	-1.8544497225248895	-2.0062891127837674	0.0018066428879950705	0.785505672790342	0.6166726419665074	-0.35559500736731753	0.0419389117248951	-0.519747005754966	-0.6516907094320925	1.2940558861657345	0.3121551779167737	-1.210425966020516	-1.760912906345915	-0.06942603619925965	-1.2270697376744393	-0.019662788782828906	-1.0662924652295638	-0.09719796745418774	-1.1198172247833862	0.5977616435755565	0.4924617257602828	-1.1096300871305091	1.3473810947905462	0.7186552808205376	0.5106731780747142	0.6944806118176884	-0.8170171649221466	-0.13719375614730397
DTXSID6049432	-6.257022470316691	-0.29665944123218096	0.9093273257290001	-0.8501789553766529	-1.718795705120538	-0.5174855326620184	2.0620695363670434	0.6168934662230213	0.4741359865995974	-0.7058219391391727	-0.7480524863175533	0.0925353598907257	2.969606767238136	-1.1485970047295422	-0.9636867312278825	0.8331800957076292	-0.08103234862792827	0.6701352518330405	0.4296911639419758	0.3842101065503573	0.25784216205170135	-0.9296994033489924	0.32655831592954526	-1.8577334557782021	0.08258351337950033	0.061820206910230734	-0.5093439037632339	-0.33388068816136407	-0.6262558651397748	-1.3408468839611638	-0.06595144750232096	0.8635375936119681	-1.5151302527331874	0.21688024656798205	-0.6744692321912585	0.5551722390853254	0.9621480897107543	1.30770075764352	-1.5071309632042753	-0.5109621182623141	0.13471021841029096	1.5648720662014088	-0.2017604010450308	-0.8155420873040076	-0.03920161572463528	0.560006424707723	-0.2059284152712524	1.459380982406009	-0.7831128603088023	0.6420590656997059	-0.6527867031127218	0.0632547014513818	0.7086382654328652	-0.8478909331188756	0.9148807797400105	0.606521325526908	0.08260577869205685	-0.3261749757601576	0.8204773100136825	0.8965337690856574	-0.15913996755165813	-1.483197340776467	0.124611815907455	-0.5342796543256934	0.13798115751669926	-1.530800320281282	-0.32633073513207	0.39542094923675963	-0.000275059779686945	0.8783777332897155	-0.24843796547362082	-0.1696481915273832	-1.102764722913491	0.605266849812325	-0.5852307195094127	0.7184212786145455	-0.3413792989869676	-0.44680747246037134	0.8133185689835082	0.7427798458161092	-0.03244123419178455	0.40503313953893455	-0.33845870566392156	0.049374172180855956	0.8538402303699111	0.49385696950858565	0.8025099093286407	-0.678567521020229	1.3954432493965618	-0.9510574024450764	-0.3113144006196266	0.6077020676703537	-0.31073297506134945	-0.38392941062591257	-0.25014865753044924	-0.30382895459095155	0.38398518314515506	-0.5428281572351432	0.04182300196592108	0.30141654380305555
DTXSID6045901	-5.311171631003988	0.09339057732412123	-0.1962371697213583	3.571002412630289	-0.7608751444886219	-1.0333638468809945	1.3003289727957397	-1.9858881879377628	0.7570438278488977	1.5654938963465848e-05	2.0701456090911936	-0.17291096517679874	0.5927172206152443	0.3625404976700123	0.6633581035285807	-0.33576131832112976	0.3055909085044407	-0.19102546573138687	0.8938364161932825	0.24926632364167622	-0.46431336467908074	0.8928997220183128	-0.48334122662587314	-0.08065454489822126	0.8739813749161413	-0.3001273884698059	0.15769977600851767	0.03834447177739851	-0.5558796382819999	-0.1984678519826155	-0.33509871876330594	-0.0641302049778713	0.5540023002142516	-0.02765828943651255	-0.335438059590738	-0.3178408746874081	0.1487918967148918	-0.13430233887446189	0.7050325953638078	0.02636318261543432	0.09229453370285425	0.07575669388301302	-0.1812545647860532	-0.03739070084766658	0.13521080641106242	-0.5532433303420934	-0.2800299290325971	-0.28061174345513173	0.07795027623940308	0.04280079820210431	-0.0824876130466152	0.5616965226442948	0.04496433089028625	-0.04754987865581014	-0.2264396838880106	0.14812982718828774	-0.9020221511727792	-0.06185505566738467	-0.7778604562859961	0.5571704191155971	0.19882316335645542	0.44835637936087325	-0.015946125972230312	-0.5457964252465177	-0.19774001338208408	-0.6524680437574174	-0.26940089326357364	-0.3290548193526257	0.4198380652579848	0.48837553923614413	-0.2385928712352823	0.2538471772897624	0.5627660522359967	0.17710247798227627	-0.02671881432355904	-0.35712570019599993	-0.25492817235279874	0.27884086792637147	-0.24153842940937809	-0.2420489149080042	0.3861804196561202	-0.659183200320818	-0.25632388927387423	0.2824866037220941	-0.1367532146099987	0.720520908254012	0.4791381884943245	-0.3048537520833816	-0.17155497667332392	0.7630876443675281	0.7200822251129892	0.1022273576942819	-0.12732518649571642	0.17982391404006107	-0.0856738458532261	-0.587286417947376	-0.0015974053149506134	-0.15880603865463103	0.031322588483452346	-0.2473936832408497
DTXSID7047647	-0.7249696201991274	-1.7717891374701076	3.3560266650189288	-2.1930131633279	1.1434036090934252	1.7361646288360129	0.18245698380218664	-2.466950018491021	1.1677962468835263	-0.215401334846542	0.6155144312049952	0.22653628336304255	2.814154578876654	0.15347107449084146	-0.3144735234507898	-0.034693357321115635	-0.0352773180887368	0.9984383805934494	-0.6900987719972409	0.7949707062644192	-0.7122405997604616	0.9145634486273441	-0.8570403735807186	-0.2313048717781894	1.6762188818336925	-0.5368099956881949	-1.139962451249432	0.2989452728779091	-0.45350296104898924	-0.017213015944983107	-0.4487305509874512	0.3185118263905029	-0.05124270651240831	0.3550095188507654	-0.24531167376756768	0.16873041503251063	0.48070027885136135	1.1706551929402844	-0.12662826590182552	-0.3036972864809687	0.6440096440335245	-0.5288241709699336	-0.9019219962422738	-0.816116076212049	-0.12901667024767652	-0.3780037166387952	-0.053016029466166195	-0.42420508388599654	-0.1662419277468458	1.308550724337406	0.43789684361847847	-0.6952885265759686	-0.6612120857285311	0.5630351190721541	0.39008743454175404	-0.6769291127494961	-0.31234150589866877	0.2865517583380482	-0.9784883357400531	-0.2127585439789884	0.8242545854409944	-0.7088522083486929	0.4580977197838823	-0.010220417749576757	-0.45082373973974227	0.33157581734633873	0.4355822694021556	-0.38067105603612433	-0.04047619588304882	-0.6531112028560566	-0.19779397173510047	0.7716333607907342	0.2838841539256318	0.025923619550399405	-0.20202082453247924	0.10502406278035492	0.32306639400406023	-0.3479453070583007	-0.08468046274240762	-0.03151713890692453	0.20826847880569604	-0.15867970272927837	0.03478759827226432	-0.4820137350937288	-0.3502133604713347	-0.8584245346864069	-0.43081447326984146	0.3391468375641357	0.4256986883404391	-0.416805871562492	-0.20100120582990127	-0.02227101249398821	-0.44787095491667983	0.017527475155017413	0.11388327432522848	0.21831208084227427	-0.2987531393057719	0.5227640479796525	0.5302806239052632	0.23404525795382267
DTXSID8033566	-7.845254731502703	0.907665941718846	-4.272958315204311	-0.7383980122664565	1.9038424834566345	-0.6826685825371086	-1.5876775848178502	-0.5708652931871991	-2.3896892694499576	2.747752537195912	-0.6834187019340922	0.29301661443013916	2.188254182177456	0.7483927199591696	0.6757539881529575	-2.68415962116494	1.3916969491501314	-2.828609059520504	0.026340415327821366	-0.40838890800717115	-0.0557482011613404	-0.6159438056555853	-0.018534165153192908	1.3738065414735794	-0.571268515152943	-1.1256911001527283	0.032840559904875145	0.5273273509623273	-0.2583438970955418	-3.140958812869164	-2.4653490384919885	0.3706709676065935	-2.507507037940921	-0.8399220029294341	2.7972496941163323	0.7711089401857885	-1.316327445244578	-1.3706649170946459	-0.8544107579907021	-0.3393049142842625	0.7638931085483981	2.2002835590882133	0.07834754602618169	-0.04843836147191316	-0.35205103048159664	0.2827442926080654	0.7966471766980857	1.517277083204327	-1.0089733523224413	1.3471594320715987	0.004811322422980654	1.2510282029241417	1.5738669806597356	0.1569807222723389	0.6772737358899502	-1.509852904264807	0.3740139821885652	0.9216193342858457	0.26521878082541844	-0.784726098697389	0.12371361958046206	-0.716777543100677	-0.2289000448828123	1.0492746843008902	0.5028029461452961	1.5729152167241234	-1.5338296239266207	-3.1465055889675155	0.2927791865365397	-0.21805873364472042	-0.1640871260583026	-0.2658216635456607	0.7085165524510414	-2.094734433956006	-1.0153907983034376	0.4186551188242272	-0.3477348765490643	1.2586626970341324	0.6702419248620051	0.02511042306089707	-0.39660122765769373	-1.9723226180421771	0.029887785496482484	0.9044894635114108	-0.27019124320126015	-0.2211761709192711	0.257882573376866	1.0068982540336835	1.1557456243990838	-0.33927577902718914	-2.4629125744037017	-0.7850543323105136	1.7474977548885173	-1.4174643751921343	0.8404700097432888	-0.7272348490758768	2.474338157327564	1.0286516790564475	0.932440194143535	0.512618591890239
DTXSID2021656	-6.006779998595021	0.21053529545482313	0.1299343942264834	2.3800628295796833	0.6708031283237769	-0.12094356662418394	0.12903408896917015	-1.7385731552843846	-0.0876218780457605	-2.82130932781232	-1.6429405508889998	-1.8735003409286524	2.0683397458904844	4.347551156753831	-0.2893974294829924	-1.2799538154149517	-1.247732080303144	-0.2860934066888952	2.5807031771766304	0.6444264819250558	0.21202108903028083	0.20150929060964776	0.7449428156452069	-0.8123420398257762	-0.7112337378170299	0.030031022244988523	-0.15022964763885338	0.35545798407695706	-0.06520696122146298	-0.38674397341504135	0.8341309707617719	0.1898495362714854	-1.1033154253746582	0.12231063002327393	-0.2526348810266779	0.6921896149189889	0.4064715351517314	1.891214625645733	-0.5178335474921205	0.22215474940357352	0.32083708332167693	0.5079762007650475	-0.7648303132977601	-0.608707279664859	0.36797452948111686	-0.3557168127566312	-0.11850025850763435	-0.538522413799718	0.09725498037117905	0.12273460707054382	-1.066947313568186	-0.8874293313313986	-0.12432551799533084	-0.472129776656301	-0.5404377539233305	0.5419350582980241	0.04016331777709558	0.21003928769622038	-0.9296038777478081	-0.10529450703886704	0.01796239063399279	-0.6791800297246777	0.6241989924832496	0.8785036038246243	-0.49594804597343434	0.3060331225014202	0.1865904842769584	-0.13182888776349022	0.49852865301300336	-0.4862700777186906	0.022254662651307117	0.021997936572664353	-0.1597334534930209	-0.021728878582303022	-0.33837029700330135	0.46182721602390675	1.0717837114533995	-0.3484354548185733	-0.24387247061898987	-0.3243513690401177	-0.1590344393810734	-0.06981975263608987	0.5653901975236082	-0.399408205251621	-0.03695337619813204	0.1890390484811637	0.4380152930050871	0.05980661326684377	0.23462005540287056	0.2805124209813374	-0.08551487059977782	-0.2610848761061781	0.08647019457716888	0.14985307959887656	0.3587561302241658	0.10347139337090765	0.034050179042095154	0.23370935491686962	0.4411353874143279	0.22306723610083765
DTXSID5020235	-8.999367405201548	0.5347809798711138	-5.7944444801885	3.282754508478679	5.295613711327538	-0.3377263967965913	-3.314651947649063	0.8713595010786861	-2.6855378530261254	1.2983389126147515	0.8540236564523552	0.38661736907063127	3.53944432886701	-2.0221626028174606	1.9635072866242127	2.734114739276406	-0.6884575135382051	-1.4130484128454106	0.034643380243652926	3.453134864022373	-1.7519897022839606	1.1924521195901936	-1.4844328908922533	0.20462142280728451	2.050929929879954	-2.2146406563726746	2.5138863509761746	-0.1685426899578702	1.2335068828690918	-1.976172993609387	3.5494999863592507	0.30911363683160104	-2.1429412744064917	0.807859764741589	0.6491102319068611	1.7683863772625434	0.0914802527104785	0.6609217672667235	-1.4682917001430063	-2.1408490562965223	2.2077688689621096	1.2675974350089323	-0.9343573598216838	1.332475386733487	1.114185689280885	-0.26552704953521655	1.5916085067926808	0.9897467442382494	-1.3805027521479891	2.7132020564331767	-1.329345045368228	-0.19181583449822973	0.8848451349248123	0.42385354131051756	-0.9707177028116744	-1.0780246770202775	2.792995617798692	-0.6378141887456048	0.2302427533263446	-1.5121059549725566	2.37653556547686	0.5640815173791629	-1.5203095163085099	-1.552947388249991	2.773823800539927	-0.46353405202879666	0.08610157636178609	0.019951363454064282	0.0020539418844193777	1.3646484053646264	-0.384381810553541	0.5773609315081107	0.44280461685497846	0.05638468981100233	-1.6635702499404843	-0.32723454910644956	1.2500861094840674	-1.0760423087859612	0.6119855715469172	-0.3693733793567772	-0.6527485052498937	-0.2983346336431243	-0.4865969475430574	-1.6158304664542529	0.2762649939720218	-0.4396777618400884	-0.7591169978076435	-0.5917636892275613	0.14834546617242492	0.5658009792222727	-1.1110916586957118	0.3719702313737775	1.160071945288819	0.8512088126775236	1.2399310378345432	-1.007884589474494	0.8686210482797614	1.1188019848831805	1.6621807461130964	-0.4233219217433192
DTXSID2038732	-3.200633401526696	1.1392591744899287	-4.53635251488447	1.942615000868056	2.030577519544912	1.1573859064968812	0.41382843224270754	-2.634861818724834	1.3469131836837216	0.1902349700426047	2.7231375274210072	1.3964300927162185	0.8656246973629979	1.4110946688414316	-0.86919562473932	0.05913699308782051	0.23537747614762977	1.1191257448423817	-1.6147965100580086	1.6599165403230403	-1.0609866476248302	0.027143133200720152	0.97538423358835	-1.290402216226545	0.9309693232118502	-0.43651301114778346	0.8026636721765084	0.3042121016425008	0.12643537747379052	-2.2838850346193285	0.5410764755163148	0.5075496659020505	-0.11659749674322399	1.430771327383164	0.161028169846417	-1.0771014474465832	1.1672241580371605	0.2933083954128513	-0.12378010971108237	-0.7834197175793813	0.297818210880975	-0.23907871478961237	-0.05752691697392471	-0.984482338773235	1.0086824391237579	-0.5434345294226581	-0.3787040832216848	0.2608075224210424	0.05663658469540747	1.2306052961109684	-0.8064348513898726	0.11364187465608566	-0.33703533099051475	-1.4864877901574778	-0.35519879302764845	0.48853427466618343	-0.9094248057833864	0.8128429736169401	-0.30025163128610866	0.20888655186675167	-0.4053661815725423	-0.220052499171401	-0.037649701334142534	-0.6291935510061843	-0.17272961498762532	-0.0251537842968116	0.3810479662452692	-0.402275247449377	-0.021388710246594445	0.42310147723646274	-1.3617426262982906	0.6641881664808027	-0.373535961002785	-0.16450754273064205	-0.9394220133600911	0.579345074595587	-0.47092511502862955	-0.36080242157492615	0.19730608463849186	-0.36514389215860715	0.12464264878336907	-0.09763629636511396	0.833545262932369	0.11406427020671107	0.07521167629004294	0.8733547374103725	-0.16357083529256364	-0.1283929251231384	-0.36779940433900676	0.11872861480446252	0.12748798886280813	0.3007523187933492	-0.8125328841662512	-0.08186644521514554	-0.005386528128176674	-0.13193212758853562	-0.12422970349280486	-0.4472017418468896	0.047036205151524214	-0.06716918719654286
DTXSID3031862	0.8671453741999587	-7.824294170154002	-7.83673471619665	4.39289543833949	-1.4281780886449769	-1.194156706111672	-7.696421612470309	-9.277543641059003	-2.044089143893679	-7.309242602259092	-9.203533533459114	11.707093931572286	-2.984072037915425	1.1177934411091381	1.1005054894559911	-4.525585783184033	-2.6585170830538	-6.165765153381083	2.0323163519107594	4.789630260393525	-2.876148647070524	-1.1057716397526038	-2.350020017890228	0.9547714169671627	-2.80328662453987	5.763150933292796	2.0408966305107477	2.7988223936845658	-4.097906779355614	-2.833637581269096	0.7305321008449939	-1.2212196614325304	-4.235824617174101	1.3062198843559887	-2.0864281534727445	1.2369259022076236	1.7344514959535768	1.9252795836949999	-2.2587070814999444	2.148751471347104	-2.290126770651604	1.9341764913310786	-0.2876014226142068	-1.065836248548102	0.4846369524040449	0.11787165538133809	-0.8640534556437257	-0.031938588342401104	0.31836553977168375	-0.7760791595213188	-3.665335408209474	-1.0666260587979732	2.101951912953536	0.4729673709188232	1.3494032218103142	-0.685979743543469	-0.3069790691400966	3.0184071150915868	-1.6792799786103603	0.08527011227787215	-0.3575328079994682	-1.0590555143778089	-1.2426598657365675	1.8697768010529987	-1.349840610674182	1.6643573702148378	-1.0581179288016447	1.1246080553761015	-1.319535054558202	1.212223484853517	-0.7462898883546908	0.10680922118353263	-3.930720465616879	-1.4246356439717103	-0.5022354922981577	-1.4308059462217426	1.4622672845412314	0.4581751197620813	1.69724470464668	0.12611180323702428	1.5756824418946012	1.525334792540151	1.7485565954248983	-1.5400426503147286	1.4373356750203816	-1.4617727027579055	-2.4744526897537518	3.6179276014040127	-0.7279911833885818	-0.011445731804072292	-2.401136607461883	3.874817391850105	2.788759708178919	1.563994930028869	-5.20190339390854	0.34888324999726045	-2.574678272606753	-2.5826615379595017	3.020058350574892	-2.09758034042476
DTXSID5020231	-3.792619427525911	-1.208450300398554	1.4033480915168948	6.630122028788305	1.8445784861102972	-2.573400839543947	0.6062936848818391	-1.5363062940576042	-1.7060206811465854	-3.0412772058564723	-0.8457324151605083	-2.7582073549601684	-0.6882514250779499	3.709004513791499	-0.2935320327720568	-0.9814179423155401	-0.5949859824435655	-0.98717377162661	2.2712397749877375	0.8739441941890222	0.3576413265548329	-0.04815807133103139	0.32087819597940237	-0.9800946345004006	0.1598478028583686	0.6422798888345245	0.15641392742637095	0.22972936466980234	-0.4940816892575093	-0.2899756179618114	0.07782212425580483	0.340375594235361	0.09863537375808266	-0.5412555940608829	-1.263959987184854	0.7756914813223282	-1.2653709186660975	1.0934824585620297	0.4796010195391689	0.15329083815949898	-0.22634714895921626	0.15753223540967728	-0.005823666224271971	-0.8962183245334444	-0.04280601961249943	-0.4568932376090415	0.015620537476271153	-0.09298641444263005	0.13098408381160204	-0.20915237113986057	0.42056666918359303	0.04224993622328738	0.020783441661396267	0.1728816152949134	-0.009591080251620863	0.1709882715303238	0.4973326503622189	-0.46834492596494426	0.33609225141538385	0.4783459929737406	0.25108590301693123	0.1452671869604353	0.512292769282949	0.6671781104692875	-0.12386425918351658	0.18121921910486127	-0.03984496756705197	-0.2993928574965501	-0.17320860563789545	0.30648780987044155	-0.4571597906125029	-0.03218724877741311	0.32433772148269635	-0.285381950216005	0.5402669756409328	0.11685385396727842	0.4493966111705197	-0.17881405321154042	0.5493633152238417	-0.24911504837582207	-0.11565409812739373	0.4475447764025687	0.012666696055389195	-0.17818871990115517	-0.5095431777033198	-0.22741818084081258	0.3219560656309073	-0.24244461300181439	0.34873803396652614	0.32613052155767636	0.22415248795621484	0.2968010557539145	0.7081017388010239	-0.0020076372904694064	0.15921498044840893	0.46558580001729694	0.01857840635949403	-0.18887713795123318	0.7418012012244168	0.2206174221537556
DTXSID5023532	19.599594090144347	7.673050917614383	2.090949942774054	2.848168328041499	-1.0045025511864696	-3.1316534703989416	-1.439396288061752	4.013526748838854	-0.8985477285400955	-0.7144879558542707	-1.5968892565446968	1.2904895814748074	-0.8772576268690918	-0.9153938540951986	-1.4374394849539016	1.4895200559432977	1.1418505054923682	-2.032059364596132	0.13501295812859238	-0.22362338921852223	-1.9920769937924723	3.9217655196335266	2.079770540416467	1.481803168617855	-0.6246463717333223	1.769668896022016	-2.990727565820483	-2.2105022392199642	-0.3515035583889263	-0.30434545368633203	-0.22236476741574618	-1.2740850771645604	-0.3714397208354659	-1.0058365244606755	1.331377872568354	-0.6526323973210834	0.08054302456194608	0.1784952504709461	-0.1474320218993999	-2.0410636130353317	0.8439857224983183	-0.4622673245986805	-0.07375450486986629	0.1905542991149002	0.7137474250038696	0.9787443220883796	-2.7872882723335977	1.669148404505083	2.123106300261037	2.2350878285235165	-1.8680480469013796	-1.0797534219404663	-1.0843097915556128	-1.4262475243651536	-0.40648194943616817	-1.255648439318212	-0.8335159837567516	-1.588402354940765	1.3024231442392964	1.9903693041774284	-0.7430089266232301	-1.1332829363972998	-2.173242290362933	-1.3373655119839682	0.3829633039522904	0.39726136728973516	1.1352062870475976	-1.5987674330728399	1.9605980791950142	-0.01846023289127319	0.9341598539024089	-0.4539402274941426	1.8470185359864038	-0.4481827175865973	-2.348767689583858	-0.649166891743907	2.1425131410832003	-1.2068118576237623	0.14114761907059947	0.7380604311033128	-0.46601926078459116	-0.05937120847208503	-0.7078536233631866	-0.10647787639852781	0.12764522541605602	-1.224153976192273	0.5061634472878214	-0.13634541306636513	0.32293591363267743	-0.7166331119182012	-0.7191243022501798	0.6613163900674958	-0.7151702873540857	1.1344703076804232	0.4101528793584963	1.2462854140264805	0.6027843140490563	0.35973222646952413	0.4786068388406247	-0.21448663728007214
DTXSID1047362	1.5924664396989936	-1.793984919491304	2.093599715126584	-0.07128189232077144	-0.7962124516996469	1.5456912026313157	0.7791156978942271	-0.14990273456889755	1.581149279028247	0.08496300681055842	2.7728698156488827	0.9118206544235844	1.1226947173886146	0.9228985216564256	-0.9380937372702297	0.37035218583993984	-0.6531487718957569	0.43124151195020316	0.6122440799144719	0.42864966530284004	-1.05727917464153	1.180396168994458	0.3085728289771964	-0.5007281669577092	0.380119505508333	-0.3808995857271897	-0.7425959001465559	-0.7494389283750069	-1.0971647425100446	0.44195310905491647	-1.1519422982200334	-0.7435959975837902	-0.8895325352487454	-0.05372997483300913	-0.2451978852687054	0.3442466254214398	0.8608977895210553	1.5949739053601828	0.06657684532214761	-0.41125746652222367	0.6306570207250577	0.8106569655052732	-0.6050446777882524	-0.2029848181392828	-0.3144643687370918	-0.22883870585473967	-0.012898953936849094	-0.08296401503306468	0.5833989321057024	0.7453138127995005	-0.9082814748764099	-0.10862471381278178	-0.9207121319278506	0.5129355524470521	1.2663615712708414	0.4077652012833721	-0.760784139033638	-0.6486516566737007	-0.48703338390606116	-0.13619048901229136	0.3891183410946333	0.4621257337829884	0.4378994231011394	-0.39115246415204874	-1.3967942801058495	0.5584463145635022	0.2792940937272084	-0.9479003891803806	-0.2447112269354006	-0.835725788560679	0.3023690136734894	-0.08663748552396912	-0.23334498173951215	0.7867235830787408	-0.5567671300762996	-0.9914897759018284	-0.6564146857297999	-0.4335738271242521	0.06629984906362243	0.231078498191157	-1.049900267972434	-0.161853808452536	0.18961701363073702	-0.541597471385559	0.682632239474044	0.13460101979392017	-0.0037391671616574186	1.1378591852319644	0.9855234116292488	-0.6900936176839993	0.22130531900570694	-0.84918446525452	-0.17068932930317932	0.45817430160991107	-0.26400987875298243	-0.4157617000341326	-0.49183750538138465	0.37365575342197505	-1.50943919982549	0.08384835125338909
DTXSID8044834	-1.292354837169585	-0.4241579176026088	-7.006579244920023	4.818509042846479	2.859915642950818	-1.5466169804704932	-2.779277455765152	1.1934470508150157	0.6494709795806486	-0.7196077550159334	1.947497176747989	-0.5283842848324634	1.0635056332622919	-1.2727090344056802	-0.2743179577496106	1.283917888051381	-2.155142424650784	-0.8428256014912853	1.3058495627939624	1.5899158299954164	-1.6498449255243388	1.325767196715928	-0.92935219694003	0.3592066768176109	1.6613196397134584	-1.9424534334495247	1.2535280103426676	-0.18314036790186408	0.672457719353094	-0.5727607356296608	0.9918737746967544	0.3352965465773727	-0.7397574480926533	-0.7525006163787237	0.38371301662957463	0.8077873630364177	0.5189902463006326	0.652378925314555	0.37973992935141476	-1.055651428122272	0.3431483009518693	-0.7574990170675816	0.1518437293894915	0.7419244549537419	0.4305370247880178	-1.1097043623167433	0.28364248702294287	-0.255240535518271	0.7633818264948891	0.6595837536443261	-0.6921116033820442	0.21099215484014808	0.4688311034960385	0.13638465651276957	-0.7973313968717456	0.7370609676811983	0.6314157077199066	-1.9923033096902567	-1.9387663476284072	-0.8971966509516847	0.041853630839046405	-0.2837363798124672	-0.18485593814613582	-1.4344243406487014	1.2691039224595362	-0.9995227423348555	0.3567188169159819	0.0681593651744952	-0.5550123764300472	1.8019681904291445	0.6683080018944731	-0.9746716619624629	-0.06750609287128412	-0.15850067513822844	-0.6577076078577252	-0.6571594383582436	1.6999887827196667	-2.7709802422606535	-0.4208204492589707	1.2979418098352702	-0.09863554020505577	-1.0623896795550538	-1.8807492310048535	-0.5205770359253473	0.13643960259500423	-0.10544521907760238	-1.7634832483036054	-0.08049339413595612	-0.9901297029119002	0.2767755964080861	0.6937433273824849	-0.062282444060135785	-1.027317293976587	1.5906144254336023	-0.2178518824839935	0.7092093493078968	-1.7967330165254745	-0.3382322660819873	-1.29903102821614	0.5942998332906727
DTXSID6047606	-3.646435536149228	0.5847042585034753	-0.04939113345230016	-0.5253103057916253	0.009981829106137896	0.8041036430116536	0.8942712755512141	-2.0826427404128802	1.50031762398953	-0.3059044814904434	1.5370202396435713	0.2042864544456092	2.003602287108522	0.8632120210564465	0.1847596247425389	-0.47195439917647364	0.03490106513415948	0.944591542536998	0.21627579428941424	0.1733198594292446	-0.8331690424674292	0.9832172252053768	-0.6883981541968122	-0.12876928503384258	0.9346178841909397	-0.18088904801162203	-0.1602871379293123	0.3714529695661705	-0.5516715526351098	0.1944766611007374	-0.16360480088225898	-0.24542428759287738	0.2822754809695862	0.3603085540264857	-0.2702762412476274	-0.01932222924350979	0.6999486554707729	1.0350900971106174	-0.1464960192725765	-0.1737316943715186	0.3351391361217205	-0.5557031838623478	-0.6996031657854946	-0.5850975500452963	0.04534501062272223	-0.4243244833796803	-0.0462734477425419	-0.4375346494300815	0.09204054556558611	0.3637263470447261	-0.15866276158719692	-0.7969854773808431	-0.12018118430631025	0.07506001327844448	-0.11982373793978326	-0.15631994086473938	-0.6579538300840683	-0.0034719027509544976	-0.639633578181507	-0.22215220949015743	0.34995096583159363	-0.4994408094715263	0.45286740892842253	-0.1937749208175745	-0.4975181872396287	0.3351187747105178	-0.08315172257321747	-0.24361667783951532	-0.0948608316804152	-0.1744685473131264	-0.39131984256852415	0.5306075192633758	-0.09549947641519442	0.28965091887242655	-0.4762895623517796	0.21120435933662976	-0.1211406024690052	0.2445969384594934	-0.08122083597439983	-0.13093691274563424	0.3209278002753695	-0.879412617669177	0.12641530914934587	-0.2597962172735408	-0.4622522012017085	-0.04586676403841555	-0.35456391686750827	0.44357279047399006	-0.032758592925659684	-0.04219685858426992	0.06328302052348517	-0.007559361848101747	-0.3533637894398748	0.1584231707963985	-0.12929338933642132	-0.3613049727454536	-0.16475872978277487	0.09974736834984405	0.3422453805485952	-0.15780688109382546
DTXSID8032417	3.3062265311586	-1.3528655897605413	-2.0348754837912963	-1.0097456065584904	1.7748878576136078	-0.4435329002168583	-0.7100247074509947	-1.0473793100939015	1.3722569348831302	-0.3533728839285829	3.8157082491388934	-0.10138781711201732	-0.23386906488988587	0.22931297957661456	-0.31925600899854323	-0.9390230554419637	-0.6023526694691502	1.2523377820764878	0.2713034496319943	-0.16139963216980088	-0.2340478320842982	0.5207630273624846	0.05063878465570503	1.080269015057731	-1.0390946150750637	-0.50253715614671	-1.4523423696927908	0.04902800182181598	0.08470589946612105	0.5989170452170469	-0.923329353823937	-0.3063173032939648	-0.43053167577680995	-0.33834836171577265	0.49311486714674446	0.3059550446196796	1.0084439335105078	-0.180584093265933	0.3537350610226713	-0.5872039915932592	0.6223857500558833	-0.003156280242732388	-0.20561346790268037	-0.23448197145241073	0.18739804433016427	-0.18926363789245162	0.07705472235745114	0.18715495193205361	0.23369515214302816	0.5436359805852138	-0.24790791809434917	1.0254123425162658	0.4153736711354004	-1.0495667573585692	-0.40680668691761057	0.6070286706285639	-0.7668089808420983	-0.7975032332504314	-0.33954149964966857	0.04513632762372378	-0.4940066570221467	0.5601964746967724	0.04216092713719748	0.06623863493711464	-0.4452971118198382	-0.9787662569272592	-0.4340586191990677	0.02251732541035222	0.08973431970985721	1.3090219571414283	-0.4105135150792036	0.1809529828960359	-0.16275773971227803	-0.19921357281250324	0.05060970790634343	-0.8236287626831994	-0.4274985895179211	-0.7016332090702587	0.06688056131677435	0.9348212807935876	0.8029092575956831	1.3318293178122866	0.10054990639299229	0.4368464983308752	-0.5739044548196812	-0.31735647108839626	-0.6277349218276983	0.07819030573072537	0.40471041452956036	-0.280496000073241	0.15189586405641683	-0.21547059204986965	0.7205383107387301	0.1341345008627824	-0.1775874515064911	-0.12797740501770796	0.65869640389774	0.20745471160654316	0.07955639066106543	0.269833796243403
DTXSID4025745	-5.578618465242473	-0.2973906268727668	-1.8310787077497894	1.7596575078183643	-2.153110733916786	0.0418010933072642	-0.19426780173281086	-0.8552931733805805	5.605804820816698	3.0374158371443776	-4.5605517730114835	-3.3129123500216666	-0.7440589759813506	-0.248024016974407	1.9111892373223118	0.10006521696875952	0.9918718656407588	0.5488243220974847	-0.8941876765007861	1.4870027154450487	-0.21438471163705924	0.1945303530006129	-0.381446712385564	0.6466467066991757	-0.43841776911030067	1.4442018107144288	-0.8114476038368603	-0.05044760415073241	-0.21314954743292636	0.06390031026052585	0.9651019977039025	0.19793635864066442	-0.6523934852722841	1.0007568725437541	-0.07584570519500891	0.27792891354099997	0.8923591361246646	0.17925317920288958	0.22831681913708718	-0.6623566015636828	-0.2818846704873514	0.7274353762295535	-0.18173383935730478	-0.5299235202333227	-0.05398917879622628	0.39101922745390233	0.827143853548207	0.2789397856230708	-0.757784503577125	-0.22880398569978724	0.23359068086116364	0.26087579015299256	-0.9585643338750672	-0.20816635604231012	-0.729790479967623	0.8516351510911964	-0.27382127963379393	-0.119541602609617	0.21810821255045185	-0.2354113935012146	0.715107752153769	-0.08771659298113763	-0.4302759585112365	0.28030303551664915	-0.5478999728709909	-0.10069235595513668	-0.6265042820642923	0.0195338079708177	0.34830939822334994	-0.2354262157451881	0.14450318976616094	-0.31869476645656747	0.3320226649652831	0.26215827779206435	-0.5187922296330223	0.5050973589468096	0.0989294982560294	0.010941407819496478	0.12682415111826958	-0.17158429380406529	-0.026523931589022425	0.03725223439294575	-0.062260930838868966	-0.3865656124742857	-0.012356840832487025	-0.21346411518080963	-0.08173696921125287	0.16887636343746923	0.2122731107321567	-0.13511188292453807	0.15753065308612538	0.24475263821478402	-0.1953534508949904	-0.048532470986374636	-0.3756936131442742	0.010319566673401984	0.25958487689397736	0.21719441593681393	0.08002000441345324	0.35258314232276955
DTXSID3040774	-2.291328181799824	8.099741899593676	-0.8346905789346636	0.4096387548461209	-2.7474436100948103	-0.09664478445692297	-0.5507103402307668	-0.36049931760404474	0.589919015058979	0.09422888915920975	0.7983041469864429	-0.00461374755838131	1.5200784685760025	0.7705674067178857	0.42285733117703284	-0.25802522703095043	-0.04402119796480363	0.24560851134353703	-0.16248459160695444	0.3597062150944335	-0.10702776504652509	-0.4725216939751407	-0.35427270040690106	-0.2106156362856476	-0.7071038643363114	-0.5686625715783007	0.9365889201957864	0.24679912435927528	-0.09739437580602814	-0.12799687674919188	0.16669120889720287	-0.209565842972077	-0.42339372227822075	0.836582833877271	-0.016102497924349018	0.18373769989424352	0.6252434995571944	0.14874663663462773	0.21989343306556441	1.7471041635377824	-0.14154629799382565	0.2630441918066334	-0.12039316393504185	-0.235261018396677	-0.03823357596546907	-1.1287968754784787	-1.0485809695012152	0.1404101182812853	-1.0685275358561608	-1.54172784003575	-0.6769912591283515	0.6967912503908706	0.23682480420441812	-0.11728197542649631	-0.8679609671680024	0.5980542393733116	1.0551581074836687	-0.9135345363030387	-0.8019604726720914	-0.2655507029151514	-0.7145412531766804	0.07466850837277056	0.22359263900977513	0.43784217669026576	0.32704277421729167	-0.028169148910417358	-0.8492118171663613	0.8833168931252805	-0.5181322880274118	0.19212010241429062	-0.3612006777446086	-0.1444071008229213	0.3465245936614121	0.22840658126939042	0.817724850113697	0.3746071219873533	-0.3692863686929849	1.3801681043758476	0.5708371105976727	-0.4311857916444069	-0.45196570904153194	-0.6243114148539104	0.291046032776599	0.05232418826128942	0.3707318897792523	-0.393443592678577	0.10062734062039545	0.06094699957526991	0.29547953269132976	0.6731974525922977	0.8219094981051881	-0.36005237158236336	0.06389374000104513	-0.52960012526165	-0.30925745138298766	0.5621076634543162	-0.4666965911438944	-0.3514948563428696	-0.5928412603053105	0.4627417740800896
DTXSID9048693	-1.31342870256908	0.0346911899962807	-1.8536855034767699	3.5905651259857168	-0.7454755373650341	-0.07731890081312703	0.8253241873488718	0.9498930345703441	6.099525465864571	1.0537993731258748	-4.139113736575543	-2.974917455134236	-0.5931433238489909	-1.206221143856111	1.5382485860819721	0.9038016031517168	1.525145354120193	1.77071270303038	-1.5599290080729316	0.2897705326098378	-0.9120888922515807	0.8298926753717164	0.13590384486988338	1.4560080681357894	-2.1164833688320948	1.8021030812536487	-1.1468371637615689	0.21275764102871642	-0.41866811216991834	1.0049464344504027	0.391010556414703	-0.7869916831960256	-0.45674819163904334	0.6908671381475117	0.7087013022403692	0.8172616219752613	0.5860124499481663	0.3071835507434188	0.5091299315362066	-1.3918596054106023	0.23561102407219267	-0.4453261847271622	-0.5440616655154557	-0.7965210385292962	0.1813313093396265	0.5956931921266432	0.2355542874352495	0.5168888829583321	0.17097236093087048	-0.08022707177624108	-0.3104760433303295	0.15216139229170653	-0.8466097257750066	-0.5164544899815785	-1.2493824521685135	0.10540316958041894	-0.4028719856590967	0.15957641496082056	0.38949257801915976	-0.602236029840281	-0.42916443679263727	-0.6729605782348183	-0.13910787839409705	0.5842700465783787	0.5343861804285865	0.8774204786147718	0.18377200281064976	-0.4954698011636079	0.5402933261269831	0.770798124654521	-0.6738875624735928	-0.4765772206980764	-0.06985697464701485	-0.2744229613156997	-0.6122951546976745	-0.27376777402039976	-0.02477194833529861	-0.6713051741809287	-0.025455910845082187	0.25606326091288306	0.056629585956680356	-0.35664830627593075	0.241763317956421	-0.470475240709737	-0.06228578194464443	-0.7790009696964572	-0.18384600208180474	0.5631571406770117	-0.041361545071260504	-0.3993060209543878	0.8355067304115985	-0.005833444906437548	0.11703737814587985	0.5150455886962092	-0.7045561582261523	-0.20274668319502837	0.050347432190136786	-0.13993854773701747	-0.06327481244486198	0.7729551626977788
DTXSID7047930	7.135480521897682	-4.406446228730254	-5.910534061921818	-1.8369637268045962	-2.194882432283868	-1.8158116976705134	-3.958790982612233	-2.0552327839019155	1.3749738482648324	-8.877562397328093	-5.060267501785939	4.58254004663928	-7.471158234948722	-11.46776464832662	-2.5391313778926348	-8.928361254537204	-5.1486488467613665	4.3258890303722195	1.3637021965510774	2.0521920340034447	2.36866189758438	11.992461060229871	3.491191544125964	-3.324621112398085	5.59698763709136	1.6013153390254418	1.9619385960312765	-4.489152988155934	-4.896209882182716	-1.2376268712396739	3.803189797836213	9.668636514676402	-3.6971062616541586	6.445351643536938	2.1541433734561872	0.6380454140740687	-1.7523842405736745	6.138535410888244	3.5495502021623304	-0.645035664398282	-7.0430586395839105	8.140187448555409	6.355375844890517	5.650046061634421	-0.8918810851551212	-6.844602408723347	-2.4184459865345778	-1.1609183508520242	-2.1466752980259036	-3.1802184806355758	0.709385211732035	0.18052687989473276	-0.21400234826617895	1.2315358860017227	-0.5370207075536386	-1.8247527640038783	1.56373418770066	0.21466406694057544	-3.849334111610031	-0.24793036550759703	3.0347095803161426	6.116444957931773	2.4687871085429034	1.142330502659633	4.852578453689704	4.27382539657351	-1.0688267750270448	-0.6417421314176729	3.9700636755527485	1.0647718211229313	-5.270430288451902	-6.180264635669804	-10.159484199691354	6.906498969739864	-8.462429298345247	-3.318591978373129	3.3578866179583238	5.244665741001175	4.304537179408307	-1.6248015687521966	1.4362234658106814	1.8764735128279106	-0.6144451307135201	6.6539954221680455	-9.311699208424209	-7.276812837025427	-3.7253501517830583	-7.521297363609316	-2.0690819302357717	-2.2743125104990334	1.4832849293058838	-3.491605134505741	-1.1090750542122894	-4.052842602071522	1.9645105908707927	0.309090227406138	-0.9419245235581735	-2.91784904822563	0.3004223023845316	-1.328398213857465
DTXSID3027291	-5.782073121944662	1.1675681283441992	-4.01148010438675	1.1669976129262634	2.8749296384605216	-0.23743092057043078	0.1918178883136166	0.41717027940229634	0.0025465871831057275	1.0983310189308222	-0.4115365575905032	0.7933628899228145	0.6250209738757512	-0.7094664223469852	-1.3409961256373906	-1.1229882783341656	0.042581948320824396	-2.4905808501764155	-0.35468738280258977	-0.06799353126864603	-0.3017854264337974	-0.5915541870991206	0.7687415772952745	-0.7100533743816412	0.5173343477566295	-0.6836345904611961	-0.2970788926207741	0.5264900442048408	-0.8807847428914501	-1.205913066432512	-0.4240810418872956	0.5243576615901174	-1.291079481141694	1.9703515439291448	0.393994972062933	0.24667126190412866	-0.8226649868281922	0.07164527823858263	-0.15113840876621149	0.7486697999501388	0.2746842579450591	1.4577026443778909	-0.4796980448718162	-0.6018712390637252	0.6885589907671318	0.3674068149248581	-1.5986656387019584	0.5422676576805466	-0.614480695773576	0.1380773204777704	0.992388232117684	0.9672945551265557	0.21601111039048934	-0.4175808537922985	0.5402473184106027	-0.33528093571400397	-1.014974535797847	0.6424107052686172	-0.595571970116501	-0.2157952192573249	-0.6003725119247348	-0.8255567905264746	-0.08852932569320321	-0.07635750645196084	0.5801604125810826	0.5116306542817752	1.8132047181068545	0.2838716869500122	-0.3821741395674138	0.6750672655993839	-0.41762161222554056	-0.38375973748262704	0.988018397538733	0.49038175167413267	0.11614840915406807	0.26567261462123637	0.07395139601975373	-0.10863670414200625	0.04134615636475496	0.41769063743859125	-0.6308324654765763	0.28742699091529156	0.04923484175810506	-0.6806016491438581	0.47781072407906877	-0.452546902720722	-0.5360658428205135	0.47138213929085476	-0.3016207273705765	0.09831610561621885	-0.36919234450790245	0.005304678853149586	-0.1281938054029057	-0.1457447309195229	-0.495983116659923	-0.05560735426462471	-0.6105332131563799	-0.32877584718618236	-0.2574676576779227	0.24414528568474123
DTXSID1023869	-1.721067406719768	-0.4988877308393665	-4.240925384074108	-0.9276097074235768	-0.47350987156640095	-0.898878866510912	2.7890201777217456	5.780826207813202	-0.04526739699824412	-4.143137251433813	-0.15708591385221296	1.0261281697058262	-0.16197931282762268	-1.367693852363901	-0.4841937803183139	-0.35966241593131937	-0.6155805189287091	0.30991375280821837	-0.7874402035156431	-0.9167588219985218	0.845491517486584	-2.09306933070673	-1.6560718419005083	-1.1570289445411988	-0.9247387286587149	2.101312792442142	0.7695299324531364	2.107667702228431	-0.25156563399811277	0.02620944132587875	-0.44046568681508236	-0.6628148908416645	-0.3915233337970612	0.8343032262336905	-0.958100707671119	-0.6065772197192105	0.995131306866475	-0.5945762800921923	2.5396094519398926	-1.2426872421892814	-0.4919022196073011	-0.04461469511500622	0.7243280817379311	-1.4843024194695968	0.48585412843190307	-0.8693564994115138	0.73670762994226	-0.5524112474148507	1.3870816534833386	0.3921682795165451	-0.05155249154339376	0.11431334741331586	-0.17640201909993716	0.6585467649273735	-0.20073334045903096	-0.45211699536881533	1.8153560968385316	0.3382747968109178	0.5955347672353706	1.3207764632856691	0.09201358879258603	-0.18056381370758243	0.8881515416503761	-0.43705598890709313	0.6672723805446785	-0.1289510552570105	-0.05522535369872219	0.1520300516883329	-0.511311389358046	-0.5916718212894424	0.2745101719887906	0.000523043310953928	0.2267385765619123	0.1795790866033103	-0.31611116182957205	-0.5190242333383873	-0.10655768107816364	-0.09014583461542369	0.3897382249447617	-0.2461847577391188	0.4478240247239563	-0.7735554195247001	0.25941965248242616	0.28123544467777223	-0.08631123517730006	0.06428322693079279	-0.2179086678323502	0.3624716114995105	-0.04612147774056718	0.38930532916195415	0.18058837020990798	0.036951225658260055	-0.1087302508519472	-0.05265557456204266	-0.40073569803985637	-0.3886236596627242	0.06349297081402122	0.22073051537669833	0.11082436818500807	0.1463868096867937
DTXSID5025738	-4.3447455132994195	-1.1867747760789877	-0.9474510341335449	5.11544073096233	-0.8771663576020649	-0.3697731417439059	0.49315213445908035	-2.3478441570454103	3.9131292040292	-1.8364404994699477	-3.9679365918655884	-4.478575194279357	0.4277231269918958	2.8800521207097924	0.9238241114319325	-0.06269617932148072	-0.13169660211836906	0.19903831084731088	1.9297180498608495	1.9085271652701057	0.9814646909481404	0.2773150867893208	1.1954787651656467	0.2543381218097719	-1.3761925699659372	0.7959252370541928	-1.8103896659868752	2.625765367437796	1.6094668540579116	-1.0959979341169224	0.3038813147530037	0.43796563907384206	-3.370904640047217	3.904398616004424	1.980466547788784	0.8105290581781336	6.776600831074429	-0.843750803532843	-3.0459828485088734	-1.328913534233798	-0.6577215516946964	-1.7915504184646736	0.04284857269570326	3.409181810558857	-1.2260211187883174	1.2853752916963324	-1.7952577592252483	1.9209899252973555	1.2752198641939583	-1.6060133356506776	1.5530434961128396	-0.03428784662955061	-2.1189617799762175	2.6712554878798387	3.2731615667027305	-1.5696381119783642	1.0960385316516394	-1.3147520107583017	0.5703076260180137	0.5361030967469518	-0.003941909399740326	0.8760784997570292	1.478848777180769	-1.3108130921030514	1.1827041905011162	-0.3051917350418852	-0.16421931810137638	-0.4554735293898496	-0.47501413446228014	0.9192683850148243	-0.2816970295245017	-0.10038890090630202	-0.34397092988824596	0.6961032612005508	0.2233735276413325	1.1151299989755123	-1.2042965128022765	0.08015351697611167	0.39691619503564285	0.9540251949177876	-0.40111968273204085	-0.6724796879705881	-0.2855086235650331	-0.029024627842259742	-0.06101823027932966	0.6719708459199422	0.5145033928196728	0.11366023188814806	0.13497953738197077	-0.05506437032349564	-0.3575083694578718	-0.09600195780849187	0.180242731654252	0.08483521322035403	-0.3951872332135456	0.20326679981810858	1.0025870400604848	-0.2806884174684476	0.03603910346247304	-0.892237367195172
DTXSID7041910	0.5694405724571254	-1.4273414955578259	1.8831662400297635	-3.4081201780376302	1.563538615763438	-0.010461781373037802	-1.4275521452562874	-1.0646164623397922	0.6096280710396288	1.475064789395899	-0.8088349866233472	-0.7508242662920117	0.8007804746827061	-0.8175838515262625	-1.6652128977396181	-2.342591851929452	-1.1652858105955692	-0.5563162488147578	-1.342266711751094	-0.8452981723366474	-0.8288546029965147	-0.22977823843235026	-0.3987668205218021	0.708769138447295	-0.2056024363933712	-0.9034289911298672	-1.6226070026586004	1.040016965075179	-0.1688836091107437	0.6470991339736248	-0.9471580664903798	-0.21366997656225958	-0.6442054800391778	-0.7865176337125326	0.5800988497949238	0.3983966078194709	0.1024509091932101	1.3996227897968379	-0.9249329889762935	0.621492901815747	0.5745829077403852	0.6719039352289813	-0.6543733286852722	-0.2599969927093425	-0.38800434701420433	-0.2928016797398048	-0.4040863732627374	-0.6688787729384108	0.22082334759612038	0.9659051530225866	0.7670904951219312	-0.9543324118512424	0.8057118886503646	0.24929002853048002	0.33628501225642116	-0.7497387972012298	0.5260727601399667	0.15084932339559512	-0.6121675038311489	-0.6265689910664954	0.6277488348724377	0.08786559956634662	0.6378497519248658	0.8139042024861098	0.3037536439769724	-0.035293805640202236	0.08873217653121862	-1.1997340902121771	0.13077444883223474	0.28677996426692337	0.19370440938745997	2.191335638905446	-0.7123084426977169	0.038800613395655284	0.011925156828952094	0.0012948428076913784	0.5386465056126438	-0.5475618285776226	-0.2972502298549568	-0.2912140808284715	0.19257689287872895	0.2028847109455802	0.1149929811437909	-0.7816177412352012	0.10309419836930028	-0.28029152013798375	0.8354775761430151	0.029529105773707372	0.4652511796108496	-0.32964345036143144	0.2800229815695326	0.09539019974652267	-0.7339502152069164	0.6987109385237404	-0.6047038957551422	0.22475059812831727	-0.3339670304183781	-0.5137917451322309	0.05326077489375317	-0.46851440582773074
DTXSID4023620	2.6844362897266234	-3.164412398825603	-2.133342288499336	1.2763336480083192	-2.994992624199095	3.0584808786908204	0.21260302770226974	3.4560320256023487	1.8937636942095892	-3.553395054753725	-1.6114965976449314	-0.027725211018242133	-4.2559441733188175	-3.6559589910897294	-3.2650907469810604	-4.181066875478628	-2.4392258305839247	4.434906641605621	0.11796141318890167	-1.2520662152303066	1.9035827366927236	5.535849559121523	2.7157338784165246	-1.6974995685235892	3.004824190971053	-2.176118893672703	2.126799468503876	-1.3335246899074107	-1.412254222055841	-0.8814424429443756	2.2673524856616907	2.059503539657809	-2.361139072148941	0.25911891745131804	0.19348629286442534	0.6234588362972443	0.9500224910909892	-0.5080583545943257	0.5808866161504271	0.8916525875676992	-0.5380467744307046	1.0111826632986398	0.32776508734061155	0.19995065927505432	-0.19508534196303032	-0.8552069178586231	-0.05121197416717771	-0.20490899410193944	-1.0517463418653654	-0.43578850880774234	1.0019054292332454	-0.8092355611280333	0.9649221897180255	1.1870556258047609	1.257541253062961	-0.03778726838161983	0.342391050877968	1.8207574964483106	-2.383771240988895	-0.2802051334196922	1.9695059624064093	3.0849892925425952	0.1768467109193794	1.008154185149186	0.8679997314295883	0.32230637601745005	0.042012154701690584	-1.2759537426770893	1.8015070708812426	0.9554154802298205	-2.2986311028983755	-2.8802247046917966	-4.244068553150267	4.613458036586197	-3.5137597559376705	-2.3509097344567915	2.6997289229054275	4.303008894996645	3.1142369642693324	-0.45680608187370786	-1.2580437044181096	0.19491616112802457	-0.14483238017153605	3.828934528890391	-3.9587660692641053	-3.3984519316169126	0.019549539672856938	-2.432193481141746	-0.3798095275177834	-0.13222988751424358	0.896742458796989	-0.7301682287976837	-0.5342775013764768	-1.212521079037329	0.5656431474088012	0.3797457644854201	-1.4682160900991301	-2.5118412802047576	0.11421099121603107	-0.6539946511610567
DTXSID8046323	5.845100679942698	0.29234433045297964	-0.9348806724987002	0.38753969342124794	-2.457831818996331	-1.2344696617231319	3.6619205144516846	4.47818349724491	-1.3768432974581029	-3.037812057223335	-2.8407594359612913	-0.5516021817572584	3.110710398228325	-0.713211580236688	3.3628542008346556	-1.7593862333574453	1.0951276264914322	3.5694720614609197	2.146528649803743	-1.6065125089719756	-5.931718609627522	-6.7471396888285335	7.645562344021362	4.137131331583498	5.291697559677383	-1.5304113774181545	0.761978620289613	-0.5374052919283405	-1.1951003887568044	1.8201002922218705	-0.531074903424616	-1.0526944649161256	1.320956359125225	-0.013971411169932961	-0.5423289140519385	-2.9850764641241523	-0.15006515487365454	0.0698836767207373	1.5347899023687417	-0.2519037522098493	1.6148025880985968	-0.09555188287804317	-1.1861043307077996	0.5634514965646312	0.41991494359731446	0.049150606327180615	-0.8731390444097779	1.4963699175648713	0.8981039272677707	0.3862750446852285	0.28388459443457476	-0.5962378827630829	-1.1951929836464312	1.9482898113530693	-0.6113842920880528	-0.5247519786632094	-2.2439438147656925	-0.035074102371401766	1.27909297555904	-0.7018740863267819	-0.09355350903636539	0.10879435217941832	-1.0067372819196445	-1.643490020566746	0.3377319679954096	1.2076807964169138	0.02549788604408026	-0.237732477327853	-1.1797894919115717	0.03844562919689794	0.3013533891605849	-0.20263299559258582	-1.325413297782489	0.33350052275018627	-1.3085524433560551	-0.006415244293106839	0.10993538830560028	-0.8493023356338347	0.12619016161768168	-0.5110123755506055	-0.21592566797411736	1.056327007465378	-0.7225200402062445	-0.04620537298456281	0.796610321360688	0.2686293005772347	-0.5126363784044594	0.1570893631134672	1.8295492384869885	-0.5409926945733835	0.9423148091182814	0.42533121496198556	1.230482821996503	0.19431971719843352	-0.5866539230798399	-0.361687365954392	-0.023683434187109085	-0.11464585058458071	-0.8234891944878086	0.1958046419980665
DTXSID4049296	-0.7429579897975747	-0.6923437802479602	-2.319407811263013	-2.0922440646830127	0.5206839580001846	-1.0735952317537063	-2.702799964538458	-1.5620266053466978	0.1402474008116993	-1.7020778749330834	-2.344004426730389	2.4767913136324005	-1.6604494194217831	-2.7982564805259487	-0.00934187660912611	-0.5878475168522923	-2.759859068376131	0.19018345873801534	1.5869894489886358	2.6543885592273124	-0.47630314208086616	0.42936440702536854	-3.1883559943749935	-1.3430224020388462	2.175660550999098	3.2613789005346714	2.403046174259948	-0.008416334850759035	0.5521900242704835	0.247310775159041	0.07199292960090688	0.1273988969292612	0.5295285139685234	-0.7255027315673278	-0.5100512226498743	0.8370847580591949	-1.2093052605905563	1.0350974620859088	-1.3133329300102385	0.8018182815779705	0.2689543053288226	-0.5780026165893436	-2.360488079948955	2.8827838304706344	-0.31768163119511184	1.9473685190843724	-0.6604260298720449	2.6319721487404553	1.9476866590852975	-1.1630960543856288	0.391657042527812	1.5987742159428031	-1.1895162934479393	-1.8818677790079898	-1.85945090343253	0.7583067509526453	1.828570068049043	0.2708000482035475	-1.571886563777449	1.3494815434808562	-0.6677512919294131	-5.058368602268083e-05	-1.3066738950736407	0.2035239728587731	1.9709160354973447	-0.35820410894312177	-1.7013597966148646	-0.21950073337734857	0.6795028334998633	1.285134833895875	-0.21213633482008498	1.7564451597984536	-0.9303148305850004	1.1169645514470365	-1.0950433246825844	0.34555115619031884	-0.3810623218380843	-0.4391045272342608	1.0096779242894316	-1.1357448218797166	-0.4357075789760467	0.5072352075548859	-0.5749895988020369	-1.6638717368266196	-0.4550420673256623	1.1047548245313086	-0.3535045983783442	-0.18838008768024495	0.4431399543989941	0.4193088619551183	-0.5810268774192969	0.6182982097815658	-1.3025924429225095	0.5881632950074673	1.7086227047488667	0.08790644330942682	-1.2359821343506114	-0.2842439758228963	-0.35843147918180623	0.6016917165123484
DTXSID5048639	10.007035879330626	3.0331752797855045	-4.249591243136471	4.501545872094362	2.4989949595522027	-0.5063869565500274	-3.1157495388104324	-3.412798143993747	0.4857613806981141	-4.481187893190375	-3.705868460851528	0.998212435101395	1.0903835309964616	4.460153416862349	-1.6540508105501759	0.2133346729840076	0.27452988121678595	1.0964871458871497	-0.6890402724330378	-0.7459319392868616	-0.40372619861986303	-0.8215392201791916	-1.6253165244879184	0.20919077069644507	0.08903310199287892	0.8275567442654996	1.166533106272842	2.867307768331115	-1.0625162613671404	-0.8601681630046876	0.652034806792335	-1.226544759460946	-0.5340283082943197	0.9897256459887995	0.14099471966302965	0.8317421944892966	1.0633591460471017	1.0655739285507049	-1.5422416704655604	3.605806223229751	0.0826111522074197	1.3709013872967473	-0.9247998970920938	-0.3152951357970102	-0.4284576855247153	-0.5227177405378335	-0.24884928276071536	-1.3335137815930675	-1.2100406422930943	-2.405353899194602	-2.9573553452005195	0.7599010506711787	0.5181952855576545	-0.5269666443927775	-1.967935487158824	-0.0571095846754135	0.11135087163477096	-0.7832255543293594	-1.4829112187452054	0.6678759232728123	-0.14178121536466035	0.6633368172758766	1.831966314598718	-0.2947849790952022	-0.06626642333173592	0.3045509727871806	-2.1030474886038655	0.4883612600714405	0.8872768629858334	-1.130764559412542	-0.999105066184052	-1.0655687598910961	-0.2965604401880781	-0.3772567955395007	0.6313565771892625	0.15135653853142747	1.5382059100993444	0.3666080510459053	0.5766166058928575	0.004854038693003566	0.8200470773399476	-0.15072865453048676	0.13555985134031537	-0.6520271586384868	1.599982900816506	-1.1981177752484455	-0.830099973417198	0.7685340379885958	1.4998799036398818	-0.31029013753301116	0.5907107051480895	1.525318346055694	1.417444878137151	0.8464447255208228	0.02821565214636518	0.6040324514474484	-0.2243789151641857	-0.7354683939636619	0.8848602178024068	-0.016628777147239367
DTXSID2023775	2.218993056827664	-3.0917397810031133	-0.9071575054317025	1.6281421417174895	-2.3435209398086405	6.114430239137592	0.53926849617576	-2.3709354720897853	-3.0935286679825436	-1.5053288009553076	0.09370936695532947	-2.2641488281062623	2.7935143019111175	-2.8999585511527526	-0.3230024412618914	2.2791349429451535	-0.6921450916945183	-0.8339822113418711	0.3567811518524896	0.9331230910157385	-2.120315822566413	0.19199478016622354	-0.10725019039638212	-1.3764714274269267	0.42630098030439256	-1.8815918638219105	0.7598754085360915	-0.20909665633264168	1.5487985762863823	-0.2130601180396157	0.37924167729194774	-1.0886031496064057	-1.4446500152866653	-1.0218357372197968	0.9749091035131628	2.006197729880588	-1.5806762306026507	1.1247263862480046	-0.34739556010630385	-1.5472351570927283	0.712257927490539	0.5899805501123403	0.6775629731687518	-0.8452625713353211	-0.8432965693124406	-0.97675990099794	0.027970538184193892	1.4793970994332426	-0.34666329639745086	0.23739398101002837	1.4687826205290813	-0.21840618502655162	-1.8384044637493888	-0.08717776996737354	-0.10501585634095188	0.3582846234175212	0.75505111905578	-1.2499659776894676	-0.7863057743008389	-1.4224371389834347	0.5636584369996743	0.03658402985266414	0.40772696988477525	0.18857959164609434	-1.4371526354986013	0.6968703440428504	1.0078496337342067	-0.33512276334621394	-1.3302964623879157	-1.1894989913301384	0.797873139008235	2.4441122344814104	-0.8246879625714957	-0.4118906148206807	-2.2810724171222607	0.08630855889577804	1.5314326667757896	-1.856697177648198	-1.1466520744087836	0.9417841736592384	0.16724871606943867	-2.89395378569575	-0.3117807408728475	-1.011140423539322	1.258241705174254	0.6183166218417104	-1.2764095403758418	-0.23564782184490093	0.6362839235351804	-0.6121076308481872	0.9180944841940272	-0.6249730272826022	-0.8039355536970524	0.14287966885988082	-0.5408646311115165	0.9853953138232848	-0.06270842955517504	-0.1626963924641434	1.093499205695878	-0.03143420388621897
DTXSID7046251	-0.7526181112849858	0.36995675214426454	-5.5326527716708345	1.157221790230852	-0.31083690225845	-2.7916513091480977	-0.4136153885830685	0.9346350282802585	-2.754674430354263	2.7151283558697124	-1.0668351123325996	1.9987151110371175	-0.1720730737155804	1.651485322854532	-2.1996767262312997	1.1953063160119926	0.9444309391914778	-1.950554120119411	-0.8721228998659825	-0.5551852272609791	-1.748179720896064	1.4881520051669823	2.010360648573645	0.47374219954634456	-1.4279425809972497	1.4284916910125403	-1.0568339429000795	-2.380207994670177	-1.662607644427268	-0.5436945626406758	2.045493044818691	-0.5892321541268816	-0.8409681454790295	-0.4118818650673496	0.07550734336864418	0.14362659225493216	0.838612443246209	0.8286217989886917	0.42912675797259253	-0.7861222206719275	0.142169045114428	0.5081473890902864	-0.28302273047086646	-0.09560424762497678	0.6666200727368587	0.19980969836929616	-1.6410692067299	0.21531584480452054	2.138124530713185	0.01884919265761042	-1.519177913910125	-1.3370371028107846	-1.6689201564268925	0.01406174734706994	0.5236880585679646	-1.134663963375958	-1.93249012736988	-0.06135292454920248	0.7363682954483083	0.08229349224867383	0.3351675340919543	0.1993273233353115	0.5309372219602526	-1.6290689317228484	0.6523996161037372	1.1269348581196987	1.9955354822905955	0.2702475770800246	1.92226765131474	-1.9496481065737676	0.5656879697721146	-1.024013391307314	0.8557402268109479	-1.4213312236162787	-1.2729859539586628	-0.8918894539636004	-0.09124529199048154	-1.6942686758429693	0.3149543851820417	-0.26743209612994223	-1.2947582046957156	-1.108316973160996	-0.05381340613190433	0.11221788293589348	-0.7533323626679136	-0.9339196607894426	-1.307168797197154	0.9134084921381349	0.741506213893958	-0.4921588683439914	0.41289110448824534	1.5108996247778292	0.7226853264017473	-0.553510040595631	0.9932061165839291	1.6087259927039514	-0.5767950130728237	-0.6627034521302743	-0.12409357894523436	0.7407484660064153
DTXSID0048975	7.37847354310021	-1.7102251705375209	-1.9483845833095603	4.022048227369263	2.4984404151724737	1.6893419490288166	2.392757043247136	-0.8471779850934977	-1.3963793945954521	-7.393378647737969	-2.9769726529036302	-5.9265146068023915	0.7327660215526796	7.785031384071411	-1.0011823361535666	-0.3328131450921939	-3.133199596436788	-1.8847371921139415	3.8845739054897135	0.6527661259007072	-1.1586546990650306	-0.28630446434707535	1.5262996439875345	-0.6990527759177068	-2.0784903392760903	0.009272728870562026	-1.2214887315786513	1.2709960597576244	-1.1806031110903223	-1.4939928538773162	1.6187811215856296	0.17620579728107064	-0.8300937373772579	-0.12478360709848549	-1.8060543890138623	2.117896610137254	0.6457134552968563	2.1997995172343874	-1.1141190295308625	0.9700264860293186	-0.511127420914962	0.440859493476272	-0.937139088806676	-1.0957957753338339	0.6956943966495251	0.023370937569781078	0.49481568106543183	-2.85716927463179	0.5743923165525918	-0.706759916718478	-2.374926641960401	0.3935082979991006	-0.23841581278837484	-0.630286051304321	-0.43557476984113597	1.982830962425054	0.885969485359736	1.1913074495467304	-1.0145869198964483	-0.6347826698116991	-1.1755341836830504	-1.3388934908614416	0.25914614742379705	-1.0272701971561227	-1.6050007803220376	2.526222296758879	-1.2552849421592263	-0.29976900930268857	1.930381589316647	1.1569903488247515	-0.37610567407607687	2.1158831364432276	-1.2500682264016827	-0.5223634136403223	-0.374007185328092	-0.44348701077586744	0.0175076441753069	0.860223911811543	-0.9304845647389742	-0.5660752045741274	-0.24009224973401197	-0.1957502314500991	-0.083357328046296	-0.4672608629428034	-0.7119957516816632	0.19568737642454853	-0.8621314835415046	0.6515792757589017	0.17186592777120652	-0.8559746361613944	0.7336302881429327	-0.9918554128774021	-0.17508947583413242	0.2916042025323033	0.3021379915648868	0.437543840222164	0.33906752606118573	0.13972988289444793	1.2999846224966487	0.6346922388849656
DTXSID1023368	0.6294828118003933	-4.6037524064957385	-0.8351915323187378	1.5328014503054532	-2.0788859420060213	-1.0277559258487854	-1.0695604052973446	-0.3436609866846658	-0.7497231194791989	-5.800928218400293	-3.340022688893795	0.6740795407928549	-0.5496831676800583	2.0585574162732905	0.32325844195461867	-1.4535773253668764	-0.1956474493131833	-1.5704950302016722	3.419222430840393	2.4635716955378397	1.4083378606260122	0.1226078592430592	-1.7056290476799942	-0.2970508256431346	0.981411067675748	3.0416637187977495	1.1254912741193164	3.953741307608567	1.0811087978814833	-0.7772883470277455	-1.1604541055723951	0.6006713433460973	-2.7035039382113295	3.146164942195012	1.8142480322632073	0.12077942366702403	6.943015695499989	-0.8649873830974065	-2.921561786478569	0.45422178619952724	-0.45932489402062715	-2.709558082450949	-2.229538114632744	6.111283326316328	-1.4057273008004567	2.3354439865730465	-3.123766995720622	3.256316128150742	2.7239662872343002	-0.6592158731586395	1.6475374516399373	-1.0025934032228687	-3.102626949076774	0.9609705366390805	1.7431443856186515	-0.18100421914126705	0.9107728537483778	0.15200942378161694	-0.8690215599293372	1.210561807171747	-1.3782387391542728	2.526084259100877	2.5004976468953632	-0.25412183848121644	2.3653404905853703	0.8841933384656231	0.09862993780077793	-0.7456089972504127	-0.44664579900247914	1.3309586393030708	0.698844176478965	1.4798623395402797	1.0794654653019837	0.11647852978562932	0.07416963247730936	-0.04942690545921281	-1.2851422108548853	-0.07512148618140192	0.826145965587184	-0.2560286221457262	-0.32468946234961266	0.23324669787376434	0.3908688063027157	-0.19122204549471422	-1.1655456229608234	0.9351931519840652	-0.35363245734053034	-0.04446961000982874	-0.1078151310477402	0.14692809539446594	-0.114546203015608	-0.4691181170999953	0.2628313653599165	-0.08536593119016304	-0.45422864857656314	0.7706327429958555	1.0779048519099816	0.16430391898665117	-0.2294894358106032	-0.03435485388496153
DTXSID5023114	-2.315476532876258	-0.3874681897916892	-0.43192240203930743	3.5909186534525657	0.3624029016665099	-1.5724224744222155	0.30893147894149714	0.5184918262302467	1.1274033070002936	-0.04101421683765321	3.144013141887167	1.6836743976398725	1.865580490574005	0.0041894113506822685	-0.4497190270221042	1.5747170476007464	2.3217661487153	-0.7514037276740204	0.8083608994240199	-2.801323544794378	-0.3558586303133064	1.182914303029515	1.9432841742051725	0.1517184219123115	-1.211486050060513	1.4109323162153358	-2.5053372988090454	-1.7976671442141299	-1.8064952383911597	0.8859827650160257	1.0300532788321939	-0.36852014822896606	-1.302395661840116	-1.2584174755499347	0.12301102513336742	1.4073402609361907	-0.06352586237226797	0.93570520827876	-0.08000596410271962	-1.5055264722212671	1.5247882138967654	0.8164070796734935	-0.36195871781448896	0.15584434337258946	0.26904095342385753	0.7357413460610351	-1.0639987986555488	1.556101299000888	0.8926357675759128	-0.6721807499527156	-1.145329987339091	0.07130546142200277	-0.659035445980489	-0.5263233633903673	0.4047575708798537	-0.7999988811977446	-0.02403229393362039	-0.08206687702755487	1.9743034074550456	1.123956779850371	-1.2657510396905962	-0.11189521979507508	1.2486819049895408	-0.10291724375877959	1.2454568715358219	0.1522982224859373	0.5239542972356734	0.44811128465043837	1.0314064216141507	0.8144851515827367	-0.30986785039346754	-1.662707395265792	0.18056051314140117	0.5530917711608485	-1.4707245614421227	1.1183379139128637	0.15444208775300758	-1.6667706874991137	-0.04166597609504707	0.21149642613209405	-0.4116948976975024	-0.579396210292848	0.395034673617037	-0.4010856466817625	-0.9361846012746083	-0.35947531203225425	-0.7690550292346068	-0.15512715450548342	0.02793360445127973	-0.1448300807733828	0.5088658874526532	1.0634717410276906	0.9877831530922206	0.48217344441136534	-0.09148186747747893	0.23973660882108017	-0.3116452180301274	0.11645724115335786	0.32337979125933775	0.8429248126750452
DTXSID4047339	18.66705880188211	-6.0420154900830285	-0.9680971557924617	-4.263259797689922	-0.9218778483221626	8.09356312825689	5.409357873075807	-0.331882943005209	-3.292793900864954	0.43391901196675575	0.06729526824233098	-4.130798541134098	0.12575914270917213	-1.1540514838449534	-0.24028055382549462	3.5530205147563696	-1.1250237294248255	-6.283285842915339	-0.5078979803669622	-1.0964252994584098	-5.216256981293601	1.6941018497369733	2.8000546853676327	2.659876459525546	-0.43065884402153326	3.7322437778946385	0.7786092436183667	1.2418288459778397	-2.3007757213779287	2.457125044198868	3.0934207033575403	1.966081403267387	0.9548075612106577	3.832070840659057	1.8860830991421658	2.6285357328481966	-1.259483697369886	0.7430241015885083	-0.943536813436574	1.737996966796862	-2.616210755756506	-2.42855696154736	-0.45991196068822526	-1.469323242499546	-4.075009321735927	1.2587110405054003	2.771881633554121	1.4781346372401893	-1.352022764792595	4.2895576511758895	1.8261792031028177	2.8911501911449684	2.2664030065245186	1.8282006710734298	-1.5131588143806427	0.491070674762219	-1.0587765754962863	0.058748324481025745	-1.0650833413753056	2.843729654863735	0.15694554254024637	0.0988177122306829	0.22890415215720125	-0.32153714270975137	-1.772132679411794	-2.170037811272421	-1.2572838106396373	-0.19555485168086545	-0.8908390103882909	1.8878315628212297	0.08067655499598568	1.3707190090810102	-1.1747905630833617	-0.9298430867264639	-0.47555049381322795	1.2476915589068978	0.5903688823037982	0.461645076057306	-0.66614316325057	-0.7503094066525506	-2.0883920892955254	0.7545223684855986	1.992140012760168	0.39001642493386307	-0.6151542868765588	-1.3884440628539465	-0.447648447633272	1.1168519075935537	-0.14581659655369647	0.43821315155910373	-0.20317870129785293	-0.07248590533888652	0.5811235645572874	0.08731551118178638	1.5868485627110993	-0.2689747919711793	-0.6645807898244401	0.4595167032735125	0.37534279648527447	0.04528849668770232
DTXSID2034885	-1.3445540269727054	-2.7573674043740835	-3.2888330561546164	-2.807629303151613	0.6083862669385577	-2.508156055156965	-2.333608328052312	-0.3321828674814133	-1.608892061434731	4.41853069155185	-0.3180047484475292	-1.3680769123627474	-0.29222146915870345	1.5318608776311358	-0.9024992485983144	-0.8928051196504649	1.4347854060415843	-0.6580339514035509	0.6395592267788243	-0.6075781449193638	0.7609408942787639	0.6213725438141947	0.11629859026783848	0.4231133672450969	0.10975251966089768	-0.5624332365629644	0.19988388972930332	0.21347246508941725	-0.5759604737106176	0.05210248758749342	-0.21135380947447785	0.00951169102982109	0.1814657131376292	0.1883080921687705	0.12552333440707134	0.17242416752860745	-1.50767495726489	-0.3467239669748655	0.4754972251615842	1.2298978340674207	0.5472353772381872	0.7329540536236798	-0.37176480406208023	0.2238834610440848	0.10737725257942293	-0.015289768918350185	-0.9513159713722416	-0.5632156317302274	0.4387604408577611	-0.6971850766698958	0.06684127350102684	0.6007505117518431	0.3497379965355073	0.95498574004158	1.1752979492829208	-0.5856731673625735	-0.4997275601782972	-0.22657792581968605	-0.6654468645316383	0.02921285274270309	-0.09559112115501439	-0.33513894789443616	0.37823832806029617	-0.9635019288619947	0.5235862960525822	0.3483485693621817	1.524443645111719	-0.5115065222145253	-0.5721691698320184	0.11120797230180475	-0.08619984635175072	-0.8686992913845356	0.5024561159242567	0.7148264221723588	0.3370278748404404	0.17897166818502125	0.007884052067128187	-0.06830085735789336	-0.28349605052860555	0.7706274927186186	-0.04799447557047184	-0.06145909778826346	-0.18697833565808955	0.14151357067945058	0.9332836579338415	0.03922636423871753	0.11580779574328671	-0.1557647730565316	-0.054934989426327636	0.4657384164063663	-0.007589829001019693	-0.437893041537322	0.4917997615945836	-0.19821416361838853	-0.09356687510082434	-0.13374846564123444	-0.085505226086051	0.041338662302430086	0.3067521432487302	-0.12103482095064529
DTXSID7024320	-6.2734312268172365	-1.2782187112437684	-1.3117677495514308	-3.4280487341552877	-0.5217434376495506	-1.5761940730673112	-2.728306771724534	-1.4919095856077933	-3.5356425785847145	4.351688819682376	-1.683982893668106	-0.1876390927590478	-0.06266066530004634	1.8055950821945252	-1.6828455513145841	0.6189363467049259	1.3933904384878206	1.2333165995769724	-0.15051374956442834	0.5706063208919053	0.7813116027732969	0.05850134478949675	1.034092213775586	-0.3187783290389277	-1.289589267662933	0.44401080227093437	0.392878650451169	-0.3418752880146205	0.43968755045582253	-0.754162518992135	1.0755972909286513	0.2209214859873003	0.3455961235599346	0.3993713707380702	0.307290432330137	0.11117912958647781	-0.9537207752503424	-0.15375868183106187	0.188859525826165	-0.14395517711779127	0.5289901226219942	0.58330097250759	0.15665216431209913	-0.791788190267128	0.44622472795334683	-0.09220693374414236	-0.2937004083377144	0.23053148020926917	0.6318200385093272	-0.768754239045063	-0.9669529792266918	0.10194238326091704	-0.05620755794049003	0.6069509228225046	0.7969445134229859	-0.24143509392880338	1.3523719944954877	0.7141576349164878	-1.0057174009273953	-0.21658269423765583	0.48442673940090974	-0.8538377708120537	-0.082255841814668	-0.7759238459293147	0.8222719921219154	0.4013435213638602	0.6513311414582508	-0.37031821745508137	-0.8402320746541205	0.7945170206103638	-0.28608505118734623	-0.154475271225085	-0.47854191663537327	0.11968406489150207	0.28325784179142127	0.3227367237654073	-0.03835016350253757	0.28525028341481534	0.03856738464884853	0.0567389811743431	-0.45410209232252036	-0.030118866404427645	-0.2158757490215146	-0.06539045425287363	0.4449366020991004	-0.010875913433446382	0.3894934809304586	-0.2876068012331294	-0.24392974731492878	-0.09579347214490141	-0.017531028436915914	-0.5073532129627779	-0.38985063939517434	-0.15346647633788485	-0.3135141899365475	0.03928329317684945	0.6437951329857736	0.24526448619616922	-0.028042133590593626	-0.10011913836616815
DTXSID2029117	-2.9346272558253466	-1.7608592506888316	7.637160432632797	-3.158395823619917	1.7068403124414282	1.6708740305023315	-0.3272875344052267	-1.5798145613860055	-0.7496411943039661	0.6627265396376756	-2.4074567987820434	0.1440693236853719	3.0745725381719713	-1.6486463444172863	0.14148587276314686	-0.3468887378129633	-0.14685904504500524	-0.5328570721754429	-1.2819174553302208	1.1345993498502849	0.056619853591590996	-0.9719256860446981	0.933839344852466	-1.7621790654197873	0.49536861319507725	-0.41259978013712123	0.14155241559317466	-0.34373809388664267	-0.6286571808933925	0.24542695628499853	0.4458484148963069	-0.582842748171427	-0.14619825462644725	0.15876960685858119	-0.0692780658405839	0.6938220819111742	0.28769315940479573	-0.558544942509739	0.5281709631124457	-0.6084787772087935	0.24705490537238553	-0.09995252615469388	-0.13245022510819196	-0.37636831672242127	-0.12553894592431195	-0.3538150487868434	0.07032068775301502	0.14027475800194905	0.14022203354835897	0.1573203804770787	0.14077206870470732	0.4642504814836271	-0.2031417660872801	-0.9757171272755242	0.27167356477400006	-0.580449626955338	-0.12130501360937235	0.38439011654702265	-0.5596023266431795	-0.4072595025700032	-0.1122437447992134	0.4834631359035565	0.03911992022254573	0.4158339712781606	-0.037942217036565855	0.5327677113746901	0.4357882624589468	-0.14540439615372439	0.4222759371949996	-0.6940257939477639	-0.34744681908581143	-0.31242835816259756	-0.40025581386608344	0.6216512164894749	0.1478957016798755	0.31271966703573917	-0.5304323058980885	-0.10894895379225772	0.00191660045470284	0.4610142726284084	-0.242899255182527	-0.6095866914721855	0.2931386578344746	-0.051220491961940215	0.07595716379190784	0.2903523124103016	-0.21775096045094502	0.38786635190976276	1.08267335596294	1.5657243470877484	0.331393129736159	-0.21192259249502676	-0.5830399208976004	1.1522683976867643	-0.1613804744453808	1.0140229048321365	0.01283003879397303	0.22138669038360256	0.33201444053859314	0.2547658881437923
DTXSID6023313	3.383430916889331	-3.4294966181583995	-4.936372509280275	0.6442152854356525	-3.2791975209588573	-0.43694601521668414	-1.8924041017384983	3.017452629891994	-1.254925190982204	-3.654162282203605	-1.4952947290106502	0.033956878777829574	-6.522911437868775	-6.00970344484744	-5.04965963237561	-7.4939964648523665	-4.243770249981145	4.791208389133139	0.8024694948599632	-1.0595536041955131	4.063631666102479	11.54052093308496	6.21974461031922	-1.4527183734955105	4.754358358139379	-2.8387640811392556	1.7314803087282118	-4.403905167160231	-5.626715772879011	-1.5983020412114322	4.816580156910514	7.200083051605561	-5.086871365884473	0.3074217480338371	-0.1955736649542498	1.038859498915581	3.174440973364908	-1.6511267947630979	5.0964112351406285	2.112267086896492	-1.4800396686800383	2.2108917067299334	0.19631047728989123	-1.1546575904119039	-0.9723082411364034	-3.6366088027923618	-1.0750169226184547	0.5295144974083972	-2.6838432489025	-0.8966231876103736	1.648816051059093	-0.742449889413271	-2.2080739736898396	3.8855190657465006	0.4380884954278339	-0.6108603875041926	1.0212858947912953	0.271637953808474	-4.671455061622146	-2.1703146359946257	5.509293877312158	5.243615626477447	2.158361862524269	1.3839289549702427	3.747981097609392	2.388140592681482	-0.280170167962225	-4.303256404843723	5.773608832439356	-0.7373925806160574	-1.2027229483462252	-6.436899475571419	-10.283320065426429	9.056866636430087	-5.543203004416524	-6.16480551857942	4.189252747539283	6.24653426424854	1.3780172388893706	-1.438708768030336	0.16393748575203015	0.7064203269787149	0.2059374885967247	5.853426465355915	-8.171328736142323	-7.991802192271322	-2.533719621306401	-4.946037473907505	1.1214773991923594	-3.342181068889707	1.7647086592640027	-3.363147919242104	0.4486875111416567	-1.4042093366397443	1.1251556671892646	-0.9109786821123742	-1.4667780298484523	-2.642308703007855	-1.438314089605577	-0.8282260745570572
DTXSID6047498	5.301455330810993	-2.4973473144604164	2.4889566534582146	-3.443909943925954	2.7830771255936337	0.6483887742805564	-4.303066634526602	-1.6154257628944564	0.17356809193834508	1.5140476314986684	0.1100448959348331	-2.0364172193302057	4.13928290855527	-3.091614602066756	-1.1278472549673126	-5.254725710914167	-2.7497393335901363	-3.636437516763249	-0.47181191214789553	0.9627423195722535	-1.4824598719162991	-0.12149241300918359	0.2070041686844016	1.2994939895413797	0.37010194061516927	-3.210506696091435	-1.910890186821621	3.17375493139024	0.9504668842825101	-3.364203124274391	-5.444240167058554	0.1733651033857364	-3.764627377712582	-2.4836394671984654	5.229093279758058	0.719126608962352	-1.348506566674186	0.26430006317566856	-1.4173012625542356	-1.461403655484418	0.6063880061159592	0.7311279048270198	0.17519899259743332	-0.6980850243307962	-2.291850250981901	-0.018222198300010168	2.878933122142391	0.7517602878584497	-0.5766964706059574	2.5384279322273957	-1.2140224167545528	1.2198588108256772	0.7413882356061956	-0.650158793910803	-0.7153460367851713	0.4652038591244872	1.9214794737580605	0.1386228344306204	-1.277482571537348	-2.4868872397490733	0.9375189519144868	0.6763536322511321	0.7936887177789165	0.6797828790849634	-0.5502221186716675	2.397141853849137	-2.6043636446740317	-5.052493375062628	-1.5259759231026415	1.0267948390071635	2.250054160359875	1.6342340035831295	-0.14183318033333925	-0.9947560745640026	-1.5690169484889622	-0.2729513274151198	1.139320091445389	-1.878802761999191	1.1713779030134253	-2.3214882302926867	0.061565414558781444	-2.230017065498044	-4.099411274250576	0.24246541888336856	-0.9133892317684313	1.7258661069672059	-0.21618003307664194	-1.5879696730755166	2.5511190993594646	0.8506106121613368	0.37275956032020063	1.7580993131085325	-0.46042166892536995	1.7858390268849642	0.28351982641502027	-0.49361405685592713	-2.5625995822222043	-0.5895457032577247	-0.513683269108908	0.87499815151694
DTXSID0028038	-3.0586609264041367	0.866090508783117	-4.658976245449303	0.7184891151046576	0.31186929547954495	1.3297635419029752	0.07048265017653967	0.3555521225887684	-0.8677078526183843	-0.6312569493693089	2.1555347478109756	-0.981797072803942	1.0592713077223408	-0.32105971335690214	2.417842704610039	-0.30088243458294583	0.9175014555328623	1.172526946746011	0.8496340883171126	-0.12172110321157151	0.7651913142691138	-0.8101034898749522	-0.05336046422664252	-1.2588523319472018	-0.4290937125207369	2.5590193218426314	-1.8955345033338247	0.067027959179161	-1.2717076678390098	1.200152310847557	-1.245365303882565	1.2845484444713804	-0.04913117130531431	-1.3614323064203617	-1.6937244099332345	-0.6839804061343173	-0.23052603230406774	0.7752941037312333	-1.1354296593683626	0.9395269010444193	-0.6609555309568176	-1.6810897096243278	-0.03777656853946288	1.3720145340500878	0.7217780131262516	0.23820755568886043	-0.3354407559373857	-0.16666272052762504	0.03341219820492817	-0.5753823401393173	2.3121276050694064	-0.3809420999870293	1.9986064952973412	0.05147138365335846	-2.047548796350632	-0.26054241856037114	-0.14416115961592593	-3.035022321732478	-1.4653570823138715	-0.7610689072900156	2.6375275173338113	0.6597907855029383	-0.885275582154846	-1.7382211782300285	0.947368350393863	0.7485918707041684	-0.4837201415846748	-1.211198839317789	0.8051326803827328	-1.2637508416069967	-2.5244558146036598	-1.046934328633152	0.7584611660572559	-0.5941166152451133	-0.517346765370243	0.5760537829018382	-0.6454824103900201	0.4499141738494729	-0.7340052890212732	-0.5521477422274462	-0.834407206869715	-0.38567657084225404	-0.3688113901392371	-0.7356474594395563	1.072975490712006	-1.11953480907944	0.07395625185476086	0.15402497140380028	-0.7802061917868856	1.1441984830923084	-0.041798394712760506	-0.31107883644797407	-0.38002069887295514	0.6784914376580397	0.014383131381202837	-0.09576248924421023	-1.2890269789556723	0.13329141196679756	0.7681351682018749	0.5709414710403633
DTXSID0044654	4.812399350350118	-2.235799381762862	1.0740715768581315	3.3328803111911323	0.855771078566351	0.9870747221264858	-0.9470419673838938	1.1114844633902798	-0.7562468543730319	-1.7817000483187575	-1.1654291936019323	0.21271477966601068	0.22479657714998882	0.33912134447886333	0.7888912359189564	0.9368020212321031	0.11682102099400576	1.2363692213850808	-2.698575430893952	-2.9537061232901998	-1.1289875161979794	1.4822021907711467	-0.8892092365929838	1.8351212724117616	-0.728143832266739	-1.6618632159159932	-1.1712408392856561	-2.697040398897025	-1.2657691149833337	1.0312560277915153	0.556928927744729	-1.473996692803265	2.3874576206927203	-1.5518409174258792	0.1855869637879538	-1.8792584268638892	1.7134425366278774	0.8882602676144423	-0.33121113652924333	-0.917692347592278	-0.6537625436208769	-1.3924740922532448	-1.1783828202186026	2.2188344317370823	-2.123569830703519	-0.6448313218211652	2.716395777229529	-0.5537152885608545	0.871199198465948	0.6312258269199645	0.8692601707398788	1.7365400495273637	-0.7325366885475295	-1.2658639887902834	1.481487720296231	2.053107051243123	0.13371347200868797	-0.44460113864143397	0.5913209984853491	-1.1567656948825584	-0.048603014303154134	-0.9867673813365058	-0.48957033030940156	0.9267305397648653	1.4094526223088528	-0.05963846891483863	1.9460205511185922	-1.3680899992823425	-0.7714778771267371	0.6367836123722181	-0.1562172927571378	-0.9337437977736109	0.28505926294923906	0.149360026079876	-0.0030855529409177453	0.8748097823325961	0.6362217531887066	-0.3795065302738936	-0.7127251298570865	0.2163396506315574	1.1164604187669294	-0.2890660513761935	0.1479117238327445	-0.25141703337174026	-0.17442700650446266	-1.2911871706273415	0.9905687747104577	1.0431541983383523	-0.11100997355437289	0.25170774193396844	1.2785739398151346	-0.2506203561648503	0.5523768442942009	0.41548250228166667	0.1447257101780673	-0.3222911051533694	-0.6472267941423716	-0.18687893297946798	0.7132908796243961	0.5934090342117839
DTXSID4047468	-5.060870056339693	1.9422032171322463	2.0379086082230886	0.6804727532913093	0.6029505930517647	-0.4058576893221139	0.8764732826053238	-1.1631208146878724	-0.2404823448976671	-0.42122361285505594	0.8260064819545747	0.3078466556655749	-0.37885771512854255	-0.7168340007859908	0.5126774562571587	-0.5509643870472494	-1.1499216093921472	0.8913546936101795	-0.04908656518810211	-0.6323407814885853	-0.7354877752586583	-0.3003968316056418	-0.6565733981595716	0.4885331834866441	-1.397600852054969	0.7497751725530849	0.4285643613081177	-0.988738274385882	-0.1305297643770918	-0.6194423209552165	-0.12989716106514507	0.0611802030339254	-0.7879466480101099	-0.3928069860050178	-0.1456299212003527	0.29058834540556294	-0.28295634239920814	0.6916388455200722	-0.7944938119226613	-0.13853143903249474	0.12348154397640601	0.08290943696925701	0.13928715903230798	0.1283280854602829	0.46654263933301837	0.3508435117404672	0.1475795642701099	0.4285421849463184	0.3415490295161719	-0.003960083317355343	-0.382728746922626	-0.08620810694113003	-0.20045535264955164	-0.07115607249931055	0.44690307840463644	-0.062681911222664	0.04954322746582467	-0.9373520753530037	-0.0070760722489229474	0.09424442719345771	-0.32503366225023456	-0.2559523234924799	0.5083807118645357	-0.31794199413212876	-0.2943425781259938	-0.22256291001896786	-0.7523681307173362	0.3411605249753319	-0.11616672083656779	0.19264626165347043	0.33708798249854804	-0.5373305636830121	-0.28605666504252036	0.7120446285653155	0.0870849229218505	-0.06472551239533589	-0.34320295819978736	0.3092027243582429	-0.37249990172699154	0.3837469485713078	-0.2423353736655756	0.07350987776123603	0.1286152380759311	-0.18667094589424593	0.1591541407910397	-0.07127133616640385	0.00986609309245455	0.11645272394113976	0.014259699941200913	-0.13910837710920723	0.017774557208800758	-0.00498305693701207	-0.0868243034742489	-0.32618820103034707	0.25420604801107327	-0.20119046593483697	0.11780981442955288	-0.08347157568264846	0.014017236481495709	0.12011773342392734
DTXSID2020268	4.724824260097909	-1.8851900447248993	-4.364469653858819	1.66549620160562	0.48878245135238063	-4.336100492832596	-5.504215129271906	-2.788480157203362	-5.086974746161182	0.04444104212733896	-5.8900623204511025	-2.1417383484345707	-0.3444236673957634	11.837086151073196	-1.0362526145618889	-3.0274044163832454	-1.29991050356674	-0.6424457618510402	3.26847741639347	2.8823468084196247	1.2788365521797032	-3.0349905163017836	-0.46814322641493733	-0.5502538084768582	-3.0557334429903844	-0.8777714682759082	-2.2744553101959406	-2.4948958944984567	-1.3028438744192807	-2.012519113825609	3.8229960988185403	1.234395072042213	-4.758805182108549	-1.810357717138619	-1.7680210051544936	2.923598142313923	1.377589495890908	1.6961524582979575	0.2709182703088737	1.4375885425462087	-2.0946530872038176	1.542086636228851	0.002690033715089608	-0.9187016019588933	-1.2741212109349442	-2.213662658734726	-0.7713025258144508	-0.9738557452953547	-0.9719087295888285	-1.4965391060203106	-0.04200658272302487	-0.3423809603836893	-0.9892305840754995	0.4550506561793085	-1.0087763425510894	2.561289111170781	1.014942953461558	1.3722472905130647	0.09919309871618176	-2.2304968759136963	-0.7605998750081667	-3.3057000411218858	0.80885805207128	1.7620208304188358	0.8268915098129627	0.6994297421400125	1.019260653409652	-0.06273577693466194	0.872472397961032	0.24005347560691698	1.5595187578503058	-0.9768314129420048	0.0014703107144309053	-1.8744834736444822	-0.8403524340088737	-0.8900152407233004	-0.1060842427368509	-1.1076143103134957	1.2936085682094431	0.45690487728288803	-1.5965394270892004	1.0467586275796257	1.5630752985922107	1.882780631662499	-0.0897947053868137	-0.39825343262425555	-0.42594454528566306	0.27079257611804797	-1.276075094628793	1.3861232397096843	-0.3099776735356869	1.248100245345134	-0.47452296687243684	1.3155191213586694	-0.12094065079817094	-1.9399650020048997	0.35777422887610566	0.02908711992645897	0.7472260791831237	-0.4879259714820641
DTXSID1024259	3.4288371699497864	-2.518939369719912	-3.3581087579477997	-3.8536308514250557	-0.3811789295071288	-3.815731161304671	-0.47328671708984116	1.5619028928619132	1.0224623459796671	1.6413302061150212	1.3462359282732348	-2.2910462795219155	-0.35271493434257967	0.36879535621122633	-4.059734685591661	-4.169642522692832	0.24498745102670447	-0.6137880033682778	-0.3606387051564278	-0.596860635149518	0.3974862186421163	0.6352559234918427	2.1623949459498735	-0.41212573550424847	-0.28086796977984085	-1.9224264341806332	1.0785660175949388	3.3259665768340247	-0.05248623371878929	3.659788051867662	-1.6846053625326092	-4.139544585334085	5.359465712093238	-3.645842561255856	-2.2046927194913275	3.6196143622605756	2.414760564470875	2.0888503986717386	-4.357118247633561	-0.2909290797792023	-5.910518698486084	0.13663910467609994	4.007580991112603	0.5492446589337742	7.312718147350912	-1.3624998209656873	1.242137293420343	5.482272183130763	-4.528117395605273	2.6094340234824793	-0.9404740550290847	0.9583506600482123	-3.3265211754659707	1.8750408391454294	0.29113304614549085	-0.2652168232276311	0.2856955782428019	1.3174903282077164	-1.2150415034837523	0.2494080726766672	-0.7878842666798954	0.003071194561169355	-0.2578453295475894	-0.047424081353879904	0.6068446613897617	-0.05297612289445496	0.09607109677842791	0.027472743698733346	0.43578275783021614	-0.3284345107377982	0.1007771038743718	-0.46147981411986716	0.2506481304803047	-0.04333336721724129	0.009496214764484485	0.10350859337115445	-0.01111425529804429	0.09328335755625526	-0.22338814754069747	-0.14640473313876048	0.13829651843579793	-0.026851687074228622	-0.09365975019722071	-0.09666093030654	0.03996881164337848	-0.04942115430219713	-0.042856275122894104	0.11194936551081805	-0.07947051643593203	0.1418140492272171	0.022714286730221137	0.011596205411397007	0.03392300333908514	0.036393771264093905	0.055778750698486326	-0.052635171579290665	-0.02013618365172093	-0.015765305521712954	0.026255353196756606	0.004983458919909182
DTXSID30340244	7.940167262781236	-10.101260587743173	-7.526871467228011	1.2873779006347887	-2.6098431303007703	-0.6739070338274065	-8.99947430987484	-10.647538865421204	0.778383660174067	-5.079099510102599	-9.136898955504929	14.154735565504104	-4.781768174749561	-4.715090597003856	1.6748064090069976	-5.267570074613273	-3.760767404042079	-6.368165329624383	-0.2320057186723916	4.531532137419383	-4.152324297751406	0.3454606725123151	-3.5616089054126236	1.978964500889011	-1.0926391577722376	5.93557074952337	1.2711948254803793	1.857323655397216	-3.834795382912703	-1.35163716889183	0.12717811210922583	-1.3246862300709892	-2.089263512791026	0.9076539286368033	-2.1290700182692346	0.42968223929231586	2.2628727748373896	1.7575369216067676	-2.9308071230246373	2.405811642955382	-3.004847683984914	0.7149017735333778	0.20996528404910436	-0.11775427008393499	0.20186298372422828	0.786197640749993	-1.0876234733353032	0.11611509001153161	1.778060650507133	-1.8041379110651854	-3.475360782866647	-1.5708670136003149	3.8002206134884213	0.9446179562009364	1.8169973389843888	-0.8672626072920043	0.10847485770422129	3.925993287924819	-1.0423295469778513	0.6518570788867809	0.6772980342160452	-0.07159788769250774	-2.2379712910716996	1.2613996276259094	-1.5131977576206548	-1.0650529671749995	-1.1018894085268893	1.9559646580353487	-1.693046057108346	2.6466141204298004	-0.15761239387124573	0.19472342932125153	-4.5514416181625625	-0.6469493691548865	0.12240200384327565	-1.322107026537394	2.237944892299692	1.0675752851340372	1.8775248791173536	0.9561047945708366	2.3004503148819926	0.5849076063390513	0.08503075290257396	-1.4626688802006325	1.657092159338866	-2.399622414723869	-2.3134068825559293	4.516930212890579	-0.13991387472793643	0.4066591934736428	-2.6918701961542895	4.686802325571436	2.778985315505744	2.4991935932605416	-4.685292064451866	0.42396354166803035	-3.588000722465377	-1.9840893258837757	2.5006200074240414	-2.4045251363251636
DTXSID2044898	-5.009475663491615	0.6031923176769655	0.03716506786314551	0.6520598963732813	-0.4535543719726633	0.5963176377692406	0.743784619716159	-2.0800475421425038	1.1885309483561244	0.08385054176057231	1.5359739639008787	0.2519108979285596	1.864705673126299	0.594800623064216	0.3784748089078587	-0.47315209341189174	-0.23238912573657533	0.5303586817932785	0.5675556243307768	0.5261095181512249	-0.4628560808858955	0.59139252805843	-0.19818308755822112	-0.4223567679586871	0.7603039169492734	-0.16928472640585354	0.23479376151952966	0.18361785203717101	-0.28403713584571416	-0.13335869493545222	-0.007970339059519839	-0.07007395722389384	0.3187905798312533	0.12214286504341386	0.007311477548280658	-0.023474438721066134	0.7636202528275087	-0.021168890576257288	0.4004626065074958	-0.42836179843907357	0.2558851639525591	-0.08794071370545434	-0.3270499825369125	-0.23072428254421076	0.22263170870986715	-0.4381021892321029	0.04474406785150963	-0.11748742742509485	0.12494389698398523	0.055072628921592814	-0.1622811221018236	0.3368077416761754	-0.06844506909989967	-0.5392892895513485	-0.2852636054876424	-0.19615957204625512	-0.6742415699218076	-0.1405019648301899	-0.7811198094809548	0.2868364168795065	0.21943666404563172	-0.03749317071160005	-0.38176131351047865	-0.2638337032108286	-0.407051892139371	-0.44980282112217906	-0.34623262726697857	-0.08537103821778394	0.6043629010894278	0.15502128107484858	-0.5012433265478988	0.15300637682372645	0.2152525219615007	0.0997719827715891	-0.33466762159317187	0.040004696519012055	0.1677801012968309	-0.07571176052397163	-0.10701458622255208	-0.23615161122804565	0.36747224884802143	-0.537612266547669	-0.08589692255653542	-0.02510145778927551	-0.2675454100536278	0.3859864896998652	0.4483055717800057	-0.41632272536073694	-0.16028744915065196	0.46968824247531815	0.40314091947267366	0.0720434923616791	-0.27938268511564557	-0.10899131206558418	-0.2928952280656787	-0.3504842333057286	0.28500029032989405	0.09095817482193079	0.03931165465377873	-0.04168876786892694
DTXSID6022927	1.665216112567135	-0.7170228358577415	-3.265239555099536	-0.3356196809704545	-4.921458305395138	-4.879298084221265	5.476250857982309	4.748508466268891	0.34233366715348906	-4.950031140440909	-2.5337207242934108	0.33832472942829356	2.795568100741238	-1.2173180661619691	0.9266993896449868	1.2107473713442416	1.5324509538014826	4.346950771870898	3.2666166824157243	2.173421670960195	-8.084901106090872	-4.055559079265882	7.278201964685286	2.1251694842280573	6.8528741216181475	0.16601231772323416	-1.8924819078332333	-1.4268381773505021	0.6071827167953747	1.511905167618038	-1.3346962594234535	1.7922245268027688	0.6196259950328052	3.462703136641544	2.150143084298396	-3.076909713763273	-4.220395490869444	6.946092201889612	0.289986578451898	-4.5232561721167945	-4.098030717737811	5.1670136074525175	6.083711417446001	7.2132374804875425	-1.34105832183523	-5.636742685344417	-2.1047769137537355	-0.6929559674027116	1.9008400535581025	-0.6572948082439751	-1.9368971223725637	0.6400067509174586	-0.18745998154139076	-1.6081320844161904	-1.639638169720757	-1.3192818983958403	-1.0003383243058808	-1.1161762764459158	2.4591095559054383	1.6271683418901681	-1.278583016460875	1.0595146055987845	-0.07490663870511331	-1.7091690905088788	0.6310760904441056	1.9328101259920916	0.6835609922474106	0.8227230618857629	-0.31916644804625005	0.574287475399132	-1.1551504908265071	0.32550589996452794	-1.8988977919187535	-2.599865773596623	-0.344326408809441	0.8055036762541821	0.35842476763551334	-0.590031887531546	1.8691117871533014	0.5484746216496442	0.15302401639412286	0.9476813630845371	-0.17471043499037586	0.4997029345552962	-2.822443706582864	0.6401939358094132	-0.39720225151075844	0.7197211656611269	-1.0861783365652855	-0.5795698014359678	0.19429651268582324	0.7027003084283112	1.171651533338196	-1.4821313931292937	1.2132523974216334	0.7126243391837258	0.9166491342308615	0.10765514810906955	-0.18573957609259126	-0.6014824217712125
DTXSID4023412	17.584484641676983	-0.622258402583157	-2.576328505272854	17.01019961833093	-0.8116046299183923	-2.7524613631709607	-2.358547353914758	0.8494627528186462	-0.9841191222630539	-2.8383571333965496	-5.510027695009503	2.8304108089937334	5.901887958899725	1.0790708566431089	-3.75730263676403	1.6160238437553338	3.1751702156041426	-0.15958852654499023	-7.492576881473738	-6.237806522993385	-2.1138652014912878	3.052649797482251	2.2087019343161978	1.756297402842174	-1.095487443284953	-1.70134166560479	-1.8671210468858128	-4.437643148800795	-2.390354178635276	-0.08324957247698998	-0.5541265346195569	-1.9540894220925724	3.0232556805042115	-1.6045660087107356	0.238372775031622	-4.265724455439684	1.1961875883271882	0.8626205550483416	-0.636710151880037	-0.5168437176386201	0.9375915738509646	0.008409062198236065	-0.825918944832162	0.7633443665566874	-1.7103430387930902	0.509222819833805	0.564519991572485	1.581329049413346	0.4055745041097548	-1.0951376543090305	-0.636340520351585	2.3975069564622276	0.3983465155309222	0.8746351695994078	0.23033978915792036	-1.653251028102548	1.4710693512614061	1.060898249648536	0.3089143383410866	0.41837374703348806	-0.5949887054143084	0.416731408681614	-0.0054185735975836825	-0.576924781176508	0.5974727945367504	0.4159553208278486	0.9828987067634141	0.19946494227191533	-0.08914845999100289	1.484599283299867	1.229191191618518	0.06082955782993338	-0.5060568500227103	-0.8534388184623307	0.2588956118436871	-1.7192080144784851	0.8101580316472804	-0.986295308107413	-0.44174089903159725	0.603801173920082	-0.24261493270015852	0.057220047068657964	-0.23019048368903736	0.4280243646039542	1.311181391595886	-0.445754803263987	-0.3760808219805435	0.3290985693203126	0.42192738122211904	0.08471163858308373	-0.7035001285095001	-0.09793592167265858	-0.398896584261561	-0.19525727744088583	-0.8289638861335495	-0.2727340142581231	0.22996316979777406	-0.3003827235920563	-1.0611611632007911	-0.43727220444819814
DTXSID1047609	-4.230093186931568	4.288483197754847	-3.233790247489365	0.29085487862705584	-1.003790871791861	0.5735623949629446	3.42431767403633	-2.3660343386579745	0.4367301950764728	-0.026809966078295656	1.4175161576362154	0.15787738504331014	0.10738954788976664	1.312486705089254	-0.18627455039141813	1.1266535664631034	-0.9394843399060758	0.006091697979125288	1.8663261752418518	2.406747393522704	-2.4095355753729524	2.27418446886671	0.3216754668657811	-1.2964218601491007	1.528931560171455	-0.48898114654039904	-0.9635889695052695	-0.6212736679946382	-0.49236585601062416	-0.3955507428636906	-0.5012048893467143	-3.3248785982560185	-1.767214418090942	-1.7883240397670375	1.287376752465157	-2.5929702929845213	0.8836937865386819	0.05744730261271734	4.185789838763421	1.9795841659405682	-4.2833570385926505	1.0089991881082034	-1.5753834113073597	1.1145362809461552	1.3567535984083487	3.9232620476220417	0.6351127249555755	-1.3383377868002244	-0.8920870292486145	0.3710442830329288	-0.07712475214484214	-1.4993856859939474	-0.6445572406722037	-0.8196688600826102	-0.5246229953602111	-1.2019003930522616	0.8472425188492643	-1.6185234759246503	-0.35865020342975346	-0.5257852632437646	-0.9689775461794515	-0.43875267976892507	0.9424612725387731	-0.5216093321449806	0.6271555763367999	-0.38166411877968676	-0.34628504353683903	0.32357356874623666	-0.2159980527733153	0.7219119122779697	-0.15600779527224878	-0.24798746938352698	-1.012044218807803	-0.7011382231953444	-0.44805964591212727	0.8238857998398273	-0.5245687674953966	0.2463419317388595	-0.5141923731682779	0.2539060323919554	0.5751384272297785	-0.6326981312668124	0.3918994930730778	0.1702457031688523	0.12016065273404096	-0.013509744221523226	-0.09976356967368621	0.5492981705492717	-0.48913403490113355	0.15304878389144935	0.4415616506843322	0.8049847227677465	0.3824405740783979	0.22053489412773117	-0.025685063827829323	0.25965966063197565	-0.009931307139202723	-0.10775058851807554	0.20479911114224345	-0.4646050739758791
DTXSID2033281	107.1963074516928	-65.44963209197392	-340.5296744549759	-66.66202654047497	776.1376813256047	13.37561768547238	-163.85577003664517	115.63782181799283	-142.45501534409152	-113.79271583859496	29.70749006105824	-31.5867436895466	98.70139320992502	-197.10135091657008	464.3211985115755	310.7724599338017	71.1525839765454	109.87462736755633	-11.258640238271575	207.97004104715805	-20.001209806877306	324.07986721342655	-292.22796819897184	153.12375470858737	141.84376888293056	-215.16790170581237	69.71417365589382	18.847374826524398	38.88320069987034	325.38582286383	331.4842597689568	-300.72562473026517	9.31838940403781	116.5780528583312	-162.31775801826944	98.83974758035767	127.82398492409146	184.66443374835976	-233.9125404891821	-62.66616684828294	200.52907028590852	107.29963683155856	-231.5048776543016	123.44744298784173	-63.35090767645581	21.538170957509735	43.17201737240324	4.932503950328124	-189.30946532114928	239.3083278578323	-196.14355019199914	-44.35477230062548	238.92192156605302	33.28643917920489	-191.44489224417154	-285.26536908583347	278.03449626001975	42.48542609260402	262.5947266864669	-50.580445644090766	281.8975278944002	83.86022402237695	32.630922575066585	87.71910243122234	14.42796021402497	134.17705638569944	48.91197220844487	46.770912593749586	190.92896670404895	-107.42885067202523	45.403001043204	82.94680406025334	15.080566290672898	-14.314325296224709	88.47537157749966	40.04127326207482	-259.31893945695975	341.19049309813096	45.85175877823379	-189.85290177834267	57.38403307593775	264.82950409577006	160.83939337910616	322.35923243661216	-113.63102739282252	338.4945925259084	211.86979722443922	-85.9162045052573	-40.10710172426582	-131.81544290487028	-41.89866834865939	37.97468476900457	-17.949817401993357	103.0282118258068	179.30231853614973	43.780994518556696	108.96543030542993	-232.60648065329855	48.02544815351832	369.15929263314285
DTXSID1047576	-2.323649437312867	1.683004363472547	-2.8742479495085225	-1.177707979569007	-3.8021823770746206	0.6166884505845545	5.7898632196325	1.1688200302265446	-0.6339303904261926	-0.8477830491551709	-0.7134254190204529	-2.1177092392870973	1.6112370592642105	0.6849913938702832	-0.4741829082017299	2.2345967868499406	-1.0134643719744416	-1.730268172460534	1.1476433481324329	-0.45403588084156077	-1.516702748062052	0.9150160090900028	-1.6256579874178896	-0.49489976376755435	2.6605983544368654	0.9977421608589522	1.6016371558651687	0.9195882517944193	-1.9589397638884434	-0.8199882995869432	-0.4693695945703445	2.3595883204354533	-0.014439364794979072	-1.1521550865930692	-1.048892136594033	0.40011370613514347	0.7557034961246857	1.3528583708813815	-0.9278914219377753	1.0234113919781886	0.03469448257905101	-0.20073414844184956	-2.5365184882060303	2.7388706461309904	0.17726236240070606	1.4202078938068194	-0.3218407516523134	1.733734262842412	1.4978908461985792	0.1961269379044079	0.5208849280074298	0.3201621648331269	-1.0218693359123707	-1.7730839191963295	-0.7235060316617966	1.881172799790882	0.808091256982562	1.7365356672667396	-0.849327744864323	0.34564946105492556	-1.8764772088808588	0.6346107419601783	-1.0156065153385194	-0.978045717408016	-1.595804073531135	1.7301401347661762	-1.4065723139742434	-0.2173417812585844	2.0811474880779994	1.0686608972990193	-0.1519907451427232	2.2155240970454724	0.11619848197699656	-0.07789271848888589	-0.7332507891080439	-0.8354091801789224	-0.6004090982424015	0.558624986387107	-0.27346787983834486	-0.6212507076173344	-0.3848231972727244	-0.07348866636580616	0.07610840821138855	-0.16923304633390931	-0.0006047981895451412	0.46702266468680825	-0.30941802121870005	0.3491861364614332	0.7463605312910047	-1.0177722964918694	0.24732723447585334	-0.3106586902244327	0.36989795533890324	-0.17458018477010054	0.20804221280135074	0.9549732450287443	-0.12398016544361858	-0.7155013748978026	0.18462500616499725	0.375614434755045
DTXSID9022104	-4.282196304275959	4.895660142308528	-2.2196636689021223	-0.2951923590541389	3.1465500100013215	0.5956179337359045	0.5211649185804601	-2.0077604283035306	0.10542927918829188	-0.7914820544417996	-1.0088608950308857	1.4541706048114427	0.57800606244252	-0.16620080248391597	-0.5786966093058266	1.059183626638762	0.9972823492938706	1.6431756588268254	-0.32674992533521724	-0.47312090540093715	0.028847055283498124	0.08753117795331697	-0.9058240864169265	-0.3273202695757611	0.9604311796452688	-0.0983455651848208	0.022797012878043085	1.327154939251467	-0.16817868179399742	0.1755587448525672	0.270136350292321	-0.73865017289724	0.318562434363614	0.40268829626004166	0.3795075627519131	0.2153480282359013	0.21641695121633664	-0.11217494556720237	-0.811808434449376	1.5071070843636805	0.3945411608796108	0.412267010953599	-0.5019648854270355	0.13524894350679847	-0.2736863190302838	-0.6247373082078266	0.4631916737348037	-0.45772858128073574	-1.411398425048446	-1.9311802524671084	-0.6451413830665806	0.6186310103673799	0.25253044331382174	-0.10458402788278713	-0.6692615863454131	0.18728318785717102	0.5164031504143711	-0.5444155287201706	-1.1688813608621076	0.44370768709351077	-0.07324286417432287	1.1593926672220352	0.9961272074622907	-0.11412960734498556	-0.03127018672951928	-0.48995695667172173	-1.0803498861977854	0.6080576202495819	0.1823204551602103	-0.6415711870482922	0.3018599183139237	-0.30213548793372025	0.22879549572875452	-0.3481102393523105	0.6710973968769804	0.21799338858271636	-0.138594369494008	0.23646452830916967	0.6201768574374995	-0.007895774016830602	0.1797659105257737	0.47539365665502403	0.042649959710792974	-0.17878581557614684	0.63028908971438	-0.34719801272504314	-0.15326996525323194	0.026402204392865048	-0.041198636967027004	-0.1864997706447855	0.13433316912281634	-0.08986917963857821	-0.14213129202177732	-0.2835297933011634	-0.2659146438666078	0.2625124774308615	0.2771548795914008	0.14731192587088934	0.03936037758856661	-0.12000692162785982
DTXSID7022120	0.9786384208388264	-0.9414819486641716	-2.82586347555948	-4.3698110060845865	1.9083628668617758	-1.9342395287519123	-1.6480010817404573	0.4123800540809879	-0.48838781155802136	3.1154179998025113	0.7191089961370383	-1.6033316509159996	-0.6751078587997452	0.8886871659353356	-1.6219980164746948	-2.919926563803264	-1.7446290717398005	-1.0000328938273717	-1.6273854629605091	-2.640301156906319	0.4692077030048003	-0.4800692644832319	-0.9270929145736911	1.4753535184339779	0.24309051815263855	0.1413801104211194	-2.3846795589142733	0.8171238334723983	0.7339882552019787	1.1008833498372532	0.4200961906062125	-0.5625555391435402	-0.3449407729403776	-0.29651370588791576	-0.1668018432927935	-0.10045011099751475	1.4399472152264345	0.055783565911891354	1.0462659370968725	-0.36692231760767996	0.009259801670726297	0.7640316985024547	0.28352896752926604	-0.4129732560481615	0.007470464836687383	-1.0597377023295835	0.06831635075031658	-0.8975415639186548	1.4755622398039736	0.5912191099337728	0.7733624430507698	-0.24441092155196353	0.636350855263798	-0.122429046573083	-1.3156869674111773	-0.4890292468416047	1.7057023243909084	0.09325349150725194	0.04509170588794061	1.1251459379253699	1.0209461740194226	-0.12975899253235593	0.67330487832016	-0.106343863468055	-0.6520093057978092	-0.027161932466758743	0.02234321675332426	0.02673666067735998	-0.7835935189332767	-0.7428309183412048	0.518151776240366	0.431556619110865	-0.404138069767476	0.45592287990522773	0.15840765328068465	-0.47689241122556125	0.8386330931504378	-0.0701425417066153	-0.4835714789030569	-0.4810141016200567	0.19602884518059938	0.6129211576041365	0.0022872721279547543	-0.33035183360560155	0.5100709366256049	-0.2954359571536846	0.5598326144082425	-0.6069862278465794	0.4676759639378254	-0.419482548507108	-0.021081322673631074	0.44985232712948986	-0.17661462349590856	0.3088152570683258	-0.13079092773584217	0.36251556785196914	0.2092038490466046	0.05627656814186529	-0.1010211133829469	-0.016577939738243973
DTXSID3020962	-5.472485575618608	-0.5455358344918434	-1.1874270480993945	2.9166742700629937	-1.5130923939693413	0.18207647612752148	0.6218025012616128	-1.0995489182394504	5.2432203990167485	1.7060460501811514	-0.4416789848853396	-1.6828995438704624	0.7720852668717652	-0.5201791770115505	1.8177047147682661	0.9376690281070693	1.2646166088318727	-0.16766423247868759	0.6409667647272946	0.27247288219913424	0.5343832047031681	-0.16157879065082684	1.384663171558011	-0.5269814498270732	-1.110723162918283	1.755952219661302	-0.9524319737252567	0.005646272791259839	-1.1395070464015424	-0.22760684573439424	0.15441067146761833	0.8459949801946933	-1.686468153851946	-0.5262295854298473	-0.45650124022216565	0.7853229807485435	0.26008459398525696	0.5355389403951634	-0.20116422070049889	-0.6090220083559447	0.4944623372961223	1.336337550929248	-0.23533535825222562	0.4209522325499908	0.032426036965058073	0.2852048299169102	0.45045480360255596	1.2785513367482915	-0.37818495062247476	0.22723268609775887	-0.7134387770812638	0.9558843901216463	-0.5322409819350477	-0.21516350968360323	0.6053882453326763	-0.013114362870461131	0.45890784005021795	-0.5568712025968828	1.6141125994791337	0.41850222282181493	-0.5374641688039864	-0.3394783972691643	0.6667294016298009	0.0992740500034446	-0.18743129011676565	-0.9447314069822085	-1.001715937843434	0.7138493696767534	0.11323549405277455	-0.221730737659687	0.14095314481678442	-0.3250721755170083	-0.8901630101827004	1.2595658633231228	-0.700449094236297	0.5288620889831579	-0.21539010659310678	-0.7588046245781055	-0.04166656323241679	0.9405724784664415	0.40360732261225063	0.080313703706153	0.06449948188859458	-0.5759199935562246	0.15483770345019868	0.20742613934964904	0.01945044874102909	-0.5825981601509616	0.9746777361640636	-0.3520009638381447	-0.06549683050881953	0.30863161526932814	0.1460098819388969	-0.5551069222914768	0.08894788055077812	-0.666567906938547	0.5024620980285781	-1.020808395453195	0.13823970191957335	-0.4351778012510288
DTXSID2032390	1.6642022839263895	-3.5693452475165266	2.1444276778610276	-3.626649980592589	-1.8233087673852633	-2.615130433041727	0.774539695831285	0.5985872392365635	-0.7007792652287628	-0.42477005886018876	-0.8777497729776333	-0.8496697668541848	1.7138087370721522	0.06214480286011861	-1.7783221443774682	1.06264211250122	1.5343224578165398	1.6768436030692773	0.7967312386777656	0.3322242097598927	0.6020094509388133	1.3379163896488127	-0.1843900189741318	0.9920245198586285	-0.6685186184501947	-0.053703273583215895	-1.1565575353838284	0.576876221703521	0.7320025876996862	1.257456772113007	0.026347016470733068	-0.3695478492265004	0.24812309905780935	1.449195108729305	0.7273907066723082	0.30796395185753955	-0.41645375035152593	-0.4134456232564077	0.1412073418931951	-0.19757603612901814	0.053617068282558286	-0.06875574888360626	-0.5182276469343626	-0.17323081461609613	-0.11373648518926983	0.9157129522928812	0.3244462587487434	0.04991915720292994	-0.7950573102524109	-0.5568981368044201	-0.03691944543025082	1.1262230003598226	1.3228856952784767	-0.177541892325653	-0.4445015851176979	0.7236349290410413	-0.404136482236184	1.0700444879229392	-0.41127245367518267	-0.2673848481083139	0.06700697224284095	-1.4111438339137008	-1.0936493824097204	0.659446893374024	0.03927661179628905	-0.22859047910889155	0.5110389391744733	-0.30300251930158417	-0.09646884819676771	0.3632281265777196	0.034075115416875065	-0.03842478413960189	0.8836058184459801	0.9718953002332182	-1.0147371773506781	-0.6062062106448048	-0.06376671336567692	0.2751275127395563	0.29439301433188	0.04780070450070163	-0.5685352407171628	0.20929112916558928	0.07622010335901493	-0.46654938613496816	0.36526226351268537	-0.7000973556581235	-0.05098765001800849	-0.12334087280494202	0.48007791932433025	-0.5087014988440123	0.05364854253821714	-0.3347263716468051	-0.6250122567031458	0.5334205556767886	-0.09999541963552028	-0.42993787871874406	0.15109201002766678	-0.5866203911906994	0.05035840459528371	0.6923827527562209
DTXSID4020248	-4.55385418999633	-1.100908336183247	3.557573885587532	-2.101711015023091	-1.444098272691705	-1.2829393801867635	0.7425681297202804	1.1001834856237933	-1.7131723155715322	-1.333787934773389	-2.9494991843807163	0.5401936955838779	3.2491436749528675	-2.3836344717971816	3.18048144346281	-0.8871096699938789	-0.05117730097102769	4.621266593702256	2.3165307129591386	0.8313813219548228	-5.244411469212954	-7.448781838139107	7.88170629384029	2.1774311666742854	5.579271890110417	-0.9337840835941567	-1.1521577261073508	0.7510265912962831	-1.1082506881326808	0.4503242533492694	-0.10301042921818893	-0.7740841725424036	-1.2013689592109802	0.0412085553924938	-1.054617662007968	-0.205795021446486	0.00871157359394816	0.6713201956270334	0.4135189449141353	0.05832152884707426	1.162129771710297	1.9312911127182804	-0.6186314940696638	-0.27304822585044286	-0.2189745419417945	-0.5082535372387853	-0.9982618841188544	2.2996625052602693	0.7360655882515648	0.8658563638073686	-0.44618511383001885	2.0051610481590108	-0.6779068109309171	-0.7725611900284646	1.4608615222796466	0.05780379589603013	0.00010265107036338011	-0.8298177799130335	0.7882774331194822	0.585228162673759	-0.18433101384394648	-1.1675017615845562	1.1292951980904387	-0.8205560101043311	0.04824272239350606	-0.62043338832287	-0.18697497593516807	0.19596492874885058	-0.37535865753879283	0.6933144499199044	0.41454668930973343	-0.7869204123125232	-0.1966874302846485	2.0558993656964812	0.08605612253971431	0.12797126736060424	-0.8395239564015138	0.033170335790095935	1.0203375804776154	0.3421573666514105	-0.7805541855890126	1.0313474370703994	-0.6874229918728333	-0.5092392743578218	0.8363297670713925	0.3343489884597567	0.2203990718195783	-0.025476466184536327	0.6965084697507293	-0.8863205563154821	-0.19746601084000037	0.5783765076215642	0.4180022675510237	-0.40466043496000886	-0.48388291848485426	-0.5575343699076667	-0.7042554787940932	-0.3984456799824879	0.3656576138829184	0.5535188674531626
DTXSID1047601	-5.684193102675615	1.788530790806949	0.7165824185927738	0.2636898228521054	0.14316612318764224	-0.048579886174355914	0.5028949803817337	-0.6150466755881562	0.18601433783043717	-0.4378026664927806	-0.466126614968503	0.6655061613844327	1.311861918390224	-0.2726251083335381	-0.48225879404153904	-0.47029803590898206	-0.23947889239660147	0.4332356882205829	-0.029670273817915375	-0.5843322385035591	-0.9330081577318871	0.7397540381212646	-0.15800115661771807	0.44264995912891186	-0.5611324132105501	0.4068705932140718	-0.5481424113693851	-0.28959492843608303	-0.24375234134939738	0.4033596790010004	0.2331740424615352	-0.17780252451480916	-0.32939828119076964	0.11301381578652177	0.2555821501947589	0.49004882855803483	0.18099316687340825	1.4012481113207937	-0.43622905596496886	-0.45979576252239746	0.37714840827223695	-0.10265007283114913	-0.5954808708872621	-0.5384763793012477	0.2256620976905702	0.19928926702539954	-0.048009443469853016	0.05911553188505342	0.3022918476172994	0.10420586233901352	-0.14467792521132797	-0.9125323426667856	-0.27282424639302894	0.06508062716115416	-0.10270523923339832	-0.5396966316085419	-0.32193712457227713	-0.17360054855477033	-0.9351992781811296	-0.4124542246530607	-0.12459152786403244	-0.22634309035570285	0.5375941860745653	0.5658054636198403	-0.22798096145529753	0.6150922810070043	0.3325649827862669	-0.4204571563605642	-0.10334910656872656	0.3195155542673883	-0.3302405110409364	0.6195446822742778	0.5108699241246507	0.2399169265481307	-0.30405439716928556	-0.26918384490320246	0.2772158693538461	-0.1021983629771798	-0.791488566888365	0.14248291218363107	-0.13949727858240765	-0.4447436189769437	0.39225525440204195	-0.29478203259273983	0.4135634148153145	-0.2526501625101494	-0.09546576730855694	-0.1405109424805638	-0.03719066370373148	-0.2586563135907901	-0.7441266575577995	-0.30795222704030795	-0.3018570722361291	0.5499142832996753	0.026179935112296857	0.054655355037955176	0.1845640487760618	-0.4355913544181423	-0.18861013916691374	0.29059854694841014
DTXSID00194615	8.341573263082472	-12.73022389255782	-11.87367780244716	3.5497768624820702	-2.558263613360078	-0.6490376969416841	-10.902085271538615	-15.273383462446818	-0.7293234927420721	-6.489825172227527	-10.661645202311668	20.021597597512372	-3.577960534510679	-3.4472700637328217	1.7143399405336741	-5.748404289584566	-2.804259560078706	-7.9132420297514425	-0.4297221229709615	7.05315481042624	-5.882046839280697	0.5550796605324194	-4.71667531348335	3.033473645819805	-1.051764081469331	8.69725934503273	2.3305000307793446	3.426233553308306	-6.459935042160483	-2.6716557867602493	-1.0327454664401532	-1.5291214471736692	-4.188878387706437	1.443987041103927	-3.6789238870332084	0.48383686796323994	1.9485567130672092	0.9807352233431822	-2.6458335784162386	2.3853193162208512	-4.35406528667765	0.9278206076591884	0.45883305265883145	-0.474596793488787	0.12054877539898225	0.1003105645401149	-0.8991611659246898	1.4208238751032598	1.4519794009286693	-1.6040569161808407	-3.238153747532303	-0.2537804389552882	3.7894419851623162	1.9352061866866885	2.2583895241131753	-2.082657913100154	-0.9588715249583932	4.130499484067108	-0.7207258805929339	0.7847463471098581	0.11095265007144774	-0.8635012563373008	-3.8015298463282248	2.4120821508784362	-2.7748721207598637	-0.46751161766217103	-2.2744134908043168	0.7843746217297622	-2.7978676347427736	2.683785338853603	-0.38350115737465224	1.316349328565047	-6.888754680301573	-1.0903217446566347	0.6315422862884502	-3.239515199122809	2.236642516945973	1.9518847479933994	1.8411150243181131	0.6152303554019781	2.9907224755627353	1.7307161213291895	2.018451933173478	-1.666622257438067	2.2626981807715	-2.9013085254125563	-4.210556748159798	6.127068000112639	0.75234577478835	-0.406475715810671	-4.401408787834829	7.525270643980789	3.7843677926583124	3.251217418495403	-8.630810196384767	0.7292748419664719	-4.013478343324259	-4.191678648438791	5.263869687097472	-4.1105625685284615
DTXSID6025010	-7.8016539570763355	1.8917738754164466	-4.05405890310874	1.017895483774253	-0.2629263533604772	-1.7233427477629324	-1.2137902822428521	0.10512477473600455	-1.9310381357514277	1.5770951704244516	-1.3760439571789087	1.4449103224293702	0.5744051371554202	1.0416692914794294	-0.8233081552391397	-0.47107228313978866	0.852130924449767	-1.0507929291601574	-0.15043318165527034	-0.8059371667728682	-0.5780657579250322	-0.18962953320015175	-0.6921900641250014	0.8596034231393268	0.3948051562283497	1.0054371023445101	-1.5722996521608887	-1.7377002685804201	-0.5497243363608465	-0.8779919095235802	2.214333924483664	0.384034538457514	-0.6635868454666629	0.5447695083373348	-0.19511714316515277	0.34043536009108705	0.8990177098044895	0.578626208677973	-0.12034599677413994	-0.7423069064452348	-0.22046492713145413	0.5710830825262039	-0.23196588832512666	-0.3331364472078361	0.14164400476134972	0.4070174715656456	0.070506733926704	0.15345923999992392	-0.6523284156897152	-0.24391259633158513	0.1039116068279411	-0.6206920151757563	-1.189209018968156	-0.19295792202289222	-0.9936904292704262	0.1267388550651307	-1.682322700354011	-0.6575505801411003	0.3978654571116296	0.247869799330301	0.027948271828844583	0.13039281944170597	0.05896652330042273	-0.40848004797931176	0.5204620162795959	0.23535553760028086	0.4823508778323017	0.0012726634362570958	0.7452747290410806	0.663813622555148	-0.29525205033183943	-1.032472631384946	1.265543398326857	0.20135537200329565	-0.6582302435317621	0.7333156304157363	0.101684724853004	-0.5609630795270625	-0.5792988022510792	-0.2876963430425536	-0.42612680657385343	-0.42554944612748363	0.32521342640768425	0.25667135014837705	-0.5837792224178358	-0.38339393240859365	-0.644114544918724	0.2809087291616518	-0.2516711810440652	-0.02942333671448714	0.7725754218976674	1.0229473767157276	0.2830003857466363	0.26352499132023355	-0.27969074364693697	0.38528909403509537	-0.6488632475159873	-0.08739254644238736	-0.079168717090097	0.6165384407560482
DTXSID0049367	-1.1136165541547665	2.5605629566992345	-3.819546346591229	-1.586805965403038	2.9981134585071394	2.4259970508024327	1.9585396659407395	-1.0224594151630366	-1.8046690346053158	0.994764423099813	-2.945643017224314	1.5503484106385783	-1.9443925144485623	-1.6614970044257886	0.4998719626538924	3.181153086634708	-0.35506482033622916	-5.641756791332888	0.371371986435268	0.37036467726486566	-3.229057230707797	1.7038278324604743	2.48785045633099	2.488820294453952	-0.5081809018728316	1.0473020796943717	2.201313276954309	-0.3999302943579885	0.936662954631318	-0.26167643920830885	-0.5389011728326203	3.919701425338949	-0.8411654132630744	-0.6915499921913102	-4.548430204275812	1.1064576278605314	2.520068868714259	-0.09126905001377168	0.5876124259382285	0.04072199275919168	-1.1940822923698011	0.5935676085787204	0.3330545324435742	1.0452641400331784	2.2170860253938893	1.2648846384743455	0.790379234849916	-0.32130953218780434	1.2248087197873372	-1.833573617640027	-2.3714694189424494	0.8330144363164177	1.4610075684902986	1.2709089635514212	-0.22922122143226603	0.5438922439385234	0.6403291337611073	-1.3641538924451402	-2.528666317011974	3.5274827706814236	0.8667870467372082	-1.6277797712221007	2.358505665771543	2.0980868138811704	-0.8036656178786573	0.8393416971557703	1.4308840158701548	-0.06792813340702418	2.155310272267048	3.3306351267665044	-2.3765138711557205	2.4338615779188526	-0.6648783859942416	0.06162280206087023	0.28550744201910233	-0.04556010155202373	-0.8978289493392204	-0.7123788034444977	1.453262421294726	-1.0659550265764848	0.4810585037660921	1.3993215209548349	0.7321961180246922	-0.8993589135891135	-1.7718466090715137	1.7699289423482438	0.4269827689405344	-0.06146003143729688	-0.13204481811278876	0.870350014184943	-0.532324925720028	0.4109145260053009	-1.1709643064212278	-0.40480045512956686	1.0637568891763605	-0.17905591098374107	-1.0223076366804094	-0.609135710760628	-1.2601782530469832	-0.9457668428312661
DTXSID8026931	4.408554815158437	4.560413695521756	-1.1587788422474352	-3.166265988150765	13.06557718669766	1.1523789478292605	-0.05818392149334295	-3.265358862518461	-0.06544237987904977	-4.43431220502727	-5.974640394478151	-0.10440598102587231	-3.2106680647846093	2.6727612968549654	0.2909192950204178	2.3989294294209214	1.6642389124308534	2.2243617394340967	2.85000262142444	0.37855422833911573	2.459591968662172	-0.10070480375935427	-0.9530680116380639	-1.5739123272079223	1.4574919603936518	-0.49963671499025075	-2.5049325397433226	2.5924690210170693	-0.668715063357789	1.0731701143173369	0.5545867869287334	-1.6834272525798724	0.9685788219465742	-1.7742948446188977	0.05527282618082475	1.7071440691947382	-0.9540899017609864	0.10167710103421168	-0.6365732803304345	1.1229198474617508	0.07232374661469325	0.48447232341432445	-1.3386761995407472	0.874664419105504	-1.4173023110180674	-1.2959585431673057	1.6573525816958794	-0.8262242931092709	-0.28193926713969863	-1.0277131407496836	-0.20659865517606915	0.1335793885494166	-0.16514739124791056	0.18086473822739266	0.0049870255212606214	0.7258342556487303	-0.6689838747775992	0.5827055675374136	-0.36247220642217853	0.9647516553590496	1.16419752049955	-0.024359440154158706	0.5485370573611733	-0.2409786467771913	0.5137851126156154	-0.9967604259313806	-1.2678847520088277	0.2556702373513179	-0.719963641064318	-0.9452664572895848	0.37270981522430313	0.44523418619488075	-0.4971052549257855	-0.5773450099324994	-0.48645329107036733	0.381601413014722	0.49413298025731994	0.8303942379271446	-0.07322554878313119	0.16664873091768578	0.38938606943976967	0.5308435746467628	-0.769413252147281	0.15668015404441316	0.7996691766446994	0.3848871807791805	0.3212791370580577	-0.6849325183538248	0.37561473895609404	-0.3451643134062226	-0.22113331365440744	-0.41319181287909773	-0.019690667304718065	0.11151007834131096	0.7484161338777312	0.04265102821924986	0.4357632456296274	0.05479697814368743	0.24507807666838213	-0.1981277685293683
DTXSID3047972	11.50858720362349	0.7907213161549681	-4.845937037125621	15.357190551008316	2.169771490424558	-6.460971077637124	0.01679853840576037	5.685773951868824	-3.326916297662075	-1.3037428745883597	-3.9412696348810803	5.294045389416072	3.159775746726129	-1.2397431881765084	-5.460552068595089	5.248192834231589	2.390845012067598	-3.2664437483476263	-2.716461878951035	-3.725858971621944	-6.593169351410613	8.088012333254667	4.560557584781291	2.3762125004469	-2.588795394842258	3.5567135785294695	-8.166980551964382	-6.43082623529954	-1.611982470757464	-0.44060740846830077	2.613251285639112	-4.772512550430619	-0.13462130566697475	-0.8406715918088652	1.9518155770032477	0.7042959550520174	-0.7002762762743278	0.7355001096413698	-0.18545875111152446	-4.35237307873054	2.5950111349109632	0.41200916980120966	-0.2925206285090872	-2.1515219344169547	0.9087891896143057	3.5038851582073915	-6.104775929889041	3.4961089246606476	4.272928218408606	0.4602691080068944	-3.3138350329994477	-0.04707881104906811	-1.8670361251327372	-2.3250744107025083	-1.7851867548392766	-5.310197242238824	-3.0919001469150023	0.48472799991934934	1.4276286929550552	3.4343419670923168	-1.9373784489664108	-1.2594249001710924	0.5323185788285599	-3.228307250511589	3.1169623568204687	3.6252597980201537	3.6396586604305954	-2.4858143688780223	6.44911579482998	0.42684193532217296	0.4382030771225264	-1.7914624877809553	3.6885308949656292	-0.7464648149423896	-5.4197462898900195	0.5433733863522239	0.39033008892499244	-1.5648140323475195	-1.3151798227742266	-0.35546283546407414	-2.1164615555717274	-2.435161441801156	-2.7517323613896396	-1.4850717733866756	-1.6029111768109527	-2.0028142058589236	-3.4643622243034518	1.2177560589330492	-1.582774940994136	0.20399626889367553	2.8786907741845322	2.4898588546570957	0.026473794707373533	0.7010419857240484	-0.11925525778626826	1.9095140407405746	0.11628595620877269	2.373192621193833	-0.09107916176999704	-0.33689538355077187
DTXSID8033512	9.076544719310805	9.386019723245514	0.1714270723300266	2.850471833078648	-3.2194442780855375	-1.9443948314090003	-4.605995256948691	0.5297403961278785	-0.2969272484387985	-0.27676467784224307	-0.5936313795600476	1.1939104194855634	1.881534115876338	-1.4707859616566201	-2.3424661110767624	1.140237705105404	1.0489289670319535	-1.416984139058369	0.6286498672621591	-0.9778301420072666	-1.0806259208956002	0.9188826011348401	0.6917856721548831	1.1308239150355173	0.16606229218072	2.667536290990847	-0.040046939569323176	1.141428017380094	0.6063715871565074	0.7630445979530619	0.23765330772800072	-0.7818249077673517	-1.9685428657173045	0.05193452082169153	1.7550805437503365	3.628521981820335	-0.89239174731812	0.2667366580281507	0.2552465047188742	-2.0109225191779156	-0.11425683769957554	-0.48919886247040967	1.0155224783923618	-1.0040335807109795	2.6209580319480557	0.5618599448192066	-0.675186288527275	-2.014728668552087	3.0026415662432164	1.2013762724528902	2.35658272863128	-2.234732865528674	-0.39562886696622174	-0.3672947103757854	0.17103005748461667	3.196813248882165	-1.4994813605024075	0.7855962886538596	-0.8203883093166594	-2.8950531197789213	0.018698820656762906	-1.735363359252526	0.18456204184398964	-0.7018816882901503	0.3899585992714843	0.38245283791059825	-0.9237874378270478	0.2623434941919596	-0.3462481796526839	-0.2955141181848077	-0.6529366783255578	-0.5096198437562229	-0.25226074221636224	1.1923750883536033	0.37290913922459024	1.627061550446953	-2.685052116195776	2.8755661901442218	-0.5622784457838287	-0.8356714306880372	1.7095114219975087	2.7364207267714327	0.8526350202126143	0.7192422506385459	0.1846468777064402	-0.3708713536161691	2.9475608085939977	0.6163028490779916	0.6020058417210287	-0.013477104150597049	-1.1296269863390733	0.2120574971329157	0.9791595453623471	-0.5041845644385918	0.26038566356738796	-0.6759384847421005	0.2709530725270034	-0.28789004350294956	-0.6355536294689701	-0.009951759444876158
DTXSID1020279	-9.485828063281346	2.939952871753071	-2.701114408240216	0.05056261517120693	-0.7590918017547045	-0.5026433803818867	0.1250851009106189	-0.8478177897668988	-0.25030243052786233	0.7257423873647113	-0.19345606564031992	0.6441556159496994	1.1546311651896024	1.0081864988054194	0.6666844909946462	-1.1398670158370106	-0.6797153886763349	-0.42265981757301124	1.0766143145534977	-0.1221065273042545	-0.5725388027166691	0.16397292768112887	-1.0390596131716805	0.5506405098606126	0.04314836424532014	0.7298873789297305	0.09266394134409972	-0.9278487578645902	-0.3208743317007798	0.4867070193493418	1.2284981289713572	0.7775943505636094	-0.023928648110541403	-0.0809265317389934	-0.3443291417896926	0.1444331696150672	0.6625704398318162	0.30907859597639864	0.09654433930751018	-0.4401206920437859	-0.3981747388102774	0.15997337906067258	0.040264683295363334	-0.022135569284738702	0.13735260510783223	-0.09271571125345901	0.5144047805457097	0.37586876175856687	-0.3185653183972241	-0.739553952626509	0.29438631089166906	-0.6430957888819193	-0.3953996562636652	-0.4695508201328655	-0.5247353661822702	-0.1757662067885498	-0.6107745994681975	-0.8117637844014934	-0.022190561754318345	0.2816774023036592	0.6966338780514176	0.031547195417458526	0.02718873285056066	-0.1312449572054137	-0.06433237224522892	-0.6166312318575727	-0.6505446581663853	0.21900014637351178	0.05900867422685107	0.7496559295581786	-0.08848074618032967	-0.3615702766837623	0.739299505741746	0.15792497859599558	0.09967350011846635	0.08609626075744953	0.026725122261267078	0.6736615207206873	-0.711004321904449	-0.27941716360767066	-0.16325180662163857	-0.4451548779616549	-0.2234008308961387	0.09392951375707796	-0.3072644290912473	-0.4955118112561164	0.4111552958330309	-0.20518864838329365	0.04201984310820922	0.0923152101487911	0.20893437232528816	0.20323242522212642	-0.20372923106966526	0.1349704912973359	-0.14154939740180064	0.005740062891394237	0.1980932370786391	0.22408332433228062	-0.10446173946128633	0.3669898527283796
DTXSID0048719	14.989162836513646	7.757681088522138	-2.1960812525225837	5.973845894109849	-3.607674720253115	-1.8350794450505479	-5.3387467797602355	-2.4162124839104164	1.2863864701211047	-0.9380579288531554	0.360033608885075	1.4630170101373963	5.247782225725016	0.15579248801018325	-3.823453973974156	1.4384131612482407	0.7592223140706759	0.15032446692263293	-1.5685856385490617	-0.2321185884398904	-1.6487402540609712	0.29527335397467963	0.20776295609798615	-0.08520011929322312	1.3043030190459617	2.522393869054767	0.6526285163334457	1.6550342401968907	-0.39926232822381136	1.956612007593272	0.017876440335583017	0.4682084009281749	-2.477415497473357	-0.7370020841629185	0.8388443377692619	3.8328769961308957	-0.9059450398133304	-0.7598962310453553	2.147863048066552	-0.7857731760548285	-1.1056636405569675	-0.34823114785161347	1.0390706724045848	-0.8765276229325784	1.9478018393186372	0.21441460656803557	0.3451308451078718	-1.2430823603798016	2.381456600392739	-0.07478217364740375	3.5258726909468345	0.9571755585835928	0.23575049246747354	-0.02591550505623515	0.1803868597210744	1.952454458978498	-1.6014117581884426	2.40474846338663	0.7135056992013233	-2.574138367839956	0.3875410128380325	-0.011630779891319913	0.9830808795266823	0.030154761900274177	-0.030592530826324713	-0.496869328930486	-0.12917172608621116	0.7328659726230295	0.3974253895168215	-0.6393575256335927	-0.181815570507661	-0.3095894252038645	-0.04111909133301548	0.5595469844264966	0.9247862894069014	1.1147925331233663	-2.4550098877496036	2.9525648137106706	0.8898374231456029	-0.7968477073789366	2.3482760156186098	2.035143286462292	0.43618481025266476	0.1732840350310282	-0.026355039900370643	0.6372649337014219	2.8392940048331	-0.10830380476410702	0.7274003264754517	-0.5727821851620546	-1.1103916210648133	-0.30996954771384416	-0.20340028307232902	0.24592862282215586	0.43666541364190087	-0.8021242805417386	0.17983799889478402	0.5053867406433695	-0.6453147825348575	-0.050935152684557304
DTXSID4021214	1.3121660634669103	-1.596010721913176	3.1888351302802898	8.612676557043882	-0.33045401026405086	-2.2344333464791912	0.37167361348375094	-3.4302299713684357	-1.9337226388012105	0.09232031288790629	0.49229713349882376	-0.802437789898731	-0.010193190890040832	-0.6309526109876104	-1.492600198570324	1.172566551394227	1.062807477090311	0.4236725447965078	-2.7029703406291894	-0.05775322689438665	-0.7881176721249553	-1.0794679879933724	-0.6398784577958735	-1.2125918918902143	2.3860595472367936	1.4490974475903664	1.5008239794297085	1.103414968987154	-0.3185379298158914	-0.508463220376262	-1.2902739667551413	1.404508920477096	0.325215311086906	0.8389581847407569	-0.2989857271963746	0.09919023053454577	-1.0285912507843276	0.523835499962413	0.008348483264409555	1.3881625049999555	-0.9176256407044917	0.8197159533271233	1.0225655055911338	-1.2664778190162944	-0.10913236828343824	0.07762515097549598	1.0700347527392722	0.6761777442486385	-0.6383571308847418	-1.414738809358658	0.7676760425856407	0.9259010802696934	1.121693763790122	0.6325403951952929	-0.030647550402722178	-0.13292485377171587	1.2743418245617164	0.006658078301196425	1.2509744671312553	-0.0403651700404719	0.04637042373990769	0.6562704446268403	-0.4500857647976112	0.8773376898866383	-0.5584564373850487	-0.6877212549582915	0.4399771837834027	-0.5306211547977703	-0.1535877671821948	-0.2068053414856624	1.3533073196307146	0.23479287699764587	-0.44597437547811003	0.161406484917234	-0.805752642110615	-1.4869405726231846	-0.9313534860035028	-0.5983065139326285	-1.5261576778931065	0.5214017009286535	0.02461622025513192	0.08969885438015496	-0.27891355528314615	0.14283865782169824	-0.3700889960790747	0.5090009797710351	1.5742914984288368	-0.6359346434585451	-0.4292215755826242	0.6241341353687729	-0.5723106853078418	0.29624569503712717	0.0899225273330924	-0.14836842868789543	0.14937886359622704	0.5730125460465706	-1.1928396325881119	-0.3176856391476618	0.5472652060521297	-0.5255168054150712
DTXSID6045248	8.453894080521792	-6.192911728639415	-3.120731005891115	3.33552430861939	3.3978489795353526	-0.6913405383377335	-3.2746550669656096	5.561598292576376	1.5846777216698664	-1.3064991818623906	0.7631620682718254	-1.3122691026422353	-0.4953514611256899	-1.62252583361954	-2.6864275746888224	4.416279639141389	-3.421473506368021	1.5807541879823819	4.551459676201322	-1.5448508459681127	1.007185445972565	-0.38305666364617363	-1.6766633087550198	-0.7466159269595193	3.2918235701108842	1.0103883094795758	1.2069938603940245	-2.2288255080454977	-1.4417584211967194	-1.2242412812256023	-1.1097912277855742	0.42024257063927994	3.223239566683656	-0.548252293085289	-0.9922993655916384	-2.1829336858354793	0.6729686796060745	1.3652598023339706	-0.15866963380467958	-0.03050193496651809	-0.7117592561817838	-3.222432602450733	-1.5459987193369604	1.2180657553158973	-1.629311728630809	-0.23995559967460514	-2.552116587620531	1.88177930756222	1.1061477732058427	1.9660346202780745	0.7493135431005895	-0.9550598307254836	-2.263350563977716	-2.616385361026266	-2.6156531703882506	-0.11389284784541555	2.258513160069065	-0.42453706260642	-0.4810032704314469	-0.13578121449164954	-0.9031576683044653	0.003559757937090598	0.259657416194047	2.078227493941355	0.46193123796671454	-0.5403284491487427	0.8301441850041852	0.3612297158106168	1.7165836780009343	2.249850572004414	0.8299318473473297	0.36991839907864993	1.8996243403324964	-1.2062810573226006	0.5952529804998555	-2.739490878771157	-2.6672931954991026	-0.5011561049413839	1.7293538001437234	-0.02843127471260042	-0.09944894837498303	-0.3019460044378322	-2.7653609712790286	1.2157987942721415	-0.7113957663765399	-0.9809965376123122	-0.8498951679961796	1.5112497623189485	0.43417962259820264	-0.42766024370359784	-0.7031861539331441	-0.8201484224244334	0.4992439852634219	0.13403519204409609	-1.2295468814758959	0.028283268750883935	-0.08697637989471496	0.677785316142101	-3.283432079793989	0.1863239484043294
DTXSID5045099	5.356135234004199	1.9258945407171797	-1.214113737403224	-0.353697705958443	-1.3391757912179867	0.6374499900859384	4.61646138033193	0.5284556247120984	-2.6288964143163636	2.4126495978981435	-0.1461347788408827	0.25035368604567143	0.9148091242414756	1.0533856318306487	-1.058712176610327	2.3971657505762938	-1.627624159794476	-2.013816459430083	0.9386977674255086	1.6382785017365062	-3.873269108711006	2.226344824035257	0.9082937317370656	1.3355870330507063	-0.2939359432869863	0.8282593005337677	-2.141075804031424	-0.34865244871543116	-1.1968174611746139	-1.2472267743383614	1.0819127998687434	0.028709708331309702	-0.847139124290158	-0.3761774397510691	-1.4655651714821063	0.710109024321987	1.3921195050783934	0.13627987759631385	0.14063637828187114	-0.9393513227352108	-0.1429896606713156	0.677557064316823	-0.4009114252649465	0.1877600317218308	-0.3251139220404726	0.5775979868597972	0.3843216214155782	0.21460191557700053	-0.4878614981358682	-0.07839049966953998	-0.9443404905529051	0.4307494502088092	-0.4060445959598231	-0.27877774768183705	-1.1985057008221027	0.2180810977168141	-1.9648151516717582	0.248139803423616	0.0830947616482335	0.18896463761311777	0.2557300326796836	0.9359267115697951	1.3461156279277149	2.1701248310742125	1.0976264412824095	0.02488490256829485	0.005086573105618103	-3.9438038149459707	-0.9562482981944007	-2.192067482525185	-0.21063436138371822	0.9254911425611736	0.8019253403833243	0.17727502170025802	-1.9574579136170622	0.8010399599105565	-0.5894697138557669	-0.4583053205410027	0.9220856145849338	2.5813232992547714	-0.24348091212975473	0.8950315302793893	1.4636114185827669	0.08510852753569714	-1.1737435797654232	-1.357819982685804	-1.098985645349153	0.7928653135922671	-1.9051269993866335	1.0690752476630256	0.7253319558632351	1.9974449050805978	-0.4333607210337963	1.0721486119894637	0.4531797509974972	-1.9413697396122145	0.6559506480846946	1.6014239342581509	-0.3250025373087937	-1.8309736038322646
DTXSID0045410	0.22824626476558715	-1.6187564220073367	-1.6291754469059592	-1.545123785154225	-2.570690830858131	0.07518696357833356	2.458149513950178	2.7957728849188213	0.1602616963131586	-5.040947934954989	-1.402352078142005	0.7839362521823809	1.9898614032718882	-1.420496652033844	2.885864977352685	-1.8285250152298955	1.8910186376538762	5.312243261345824	2.5400836638749036	1.009135819024198	-5.465846881525912	-5.916787680795954	6.668089903333239	3.292247359346025	5.777507867264741	-0.29242567755961885	-1.5648548167449343	0.4456697874086954	-0.3186516169698156	1.7106571502963612	-1.8672014647799442	1.544565977442262	1.192667314306271	3.2682736189786974	1.8503076712600577	-3.5955496682068286	-4.946138783716542	6.343987186496863	0.9767483670615503	-3.2643351359121224	-4.328064533323413	4.0222605173968455	5.168266649910126	8.378690113279996	-1.3587697914707384	-6.652299346677139	-1.9238385805775762	-2.8697895366237374	2.386404715092061	0.004851990092169751	-1.7814316996137225	1.1315121209850436	-2.166980031820949	-0.2060556111341748	-2.3578120129742186	-1.479253257179794	-0.9861459386077237	-0.34596338133329907	2.381240591726855	0.06832962270078184	-0.8555239129639355	0.8626912803639877	1.6345230672165727	-0.39225118717385316	0.34358905037666876	2.275275261309951	-0.6947271689363107	1.2440793772257055	-0.05122993491304429	1.0816331561000763	-0.7660601304554522	0.006798345678449949	-1.8341156835152086	-1.3472915013751408	1.8648810345354292	-0.11753836239508969	-0.6626621364624312	-0.0478825234636631	1.0701990130890886	0.3813773754636744	0.49320498355426395	1.1980909720067956	-0.6678691334598238	-0.3288587308306161	-2.060118520881595	1.2498275971046744	-1.2735259692288383	-0.09318697009251553	-0.7203644048144116	-0.3551411325884464	-1.000531941659315	-0.01165885028817909	0.9111863519914393	-1.864370143993485	0.9779315499507667	-0.015686547371117087	0.9395058420103426	0.39057079302399134	-0.8927117338620285	-0.8490385263069284
DTXSID1040459	14.351251048325095	-3.7331092853153347	-6.906850203587588	0.28828397994671034	-2.6574161986899982	-1.9844718687578098	3.9789226493173184	1.6577958948890261	2.9305317260556647	-3.296022313686086	0.4738609647690017	-1.7114179397253544	2.393005426771091	-3.4111913568161127	-6.138426400070036	5.02248725407446	-3.535125351357078	0.5580865514623692	4.166897015926074	3.2043273115762916	-2.6500484616740017	-0.4833886776165325	0.2804476503520461	-4.950032544174267	2.0455658884835457	1.2257032089376172	0.0035561415194314727	-3.1200430507220323	-0.8136887430304673	-0.770307923600401	-3.2981834329074102	1.1436423868814845	1.8961740092027686	4.792821070870097	-0.08196165030033785	-3.6892517140669807	-3.3501062842307876	6.328415188291915	0.7623602675576308	-3.416664954921093	-7.336604927462537	3.0723432140107323	6.994949926649004	5.4447470226677295	-2.911983205125231	-5.898862244354307	-1.9313993366675655	-1.7115789190042612	0.9133464893978865	-1.2601044514838886	-0.9413755720833836	1.666376900644752	0.2944160764274558	-0.928924731906024	-2.6109763534577386	-1.5844660680232658	-1.5421943110076928	-2.775914103246072	3.63101538445496	0.9862817956228326	-2.45438245410078	1.152605490990717	-0.5758089017258436	-0.17574248580162477	0.8354406041400164	2.3712240623064473	0.37582554755199343	-0.6232730352214574	-0.2615859968269311	0.5735010424294441	-0.3568094332518209	2.895016527701406	-1.0389846654858645	-3.3726055254734324	-2.19155364592879	-0.9625050278693681	-2.179027324155246	2.059381711680606	2.1879743014886803	-0.09933276622597366	0.9308230341658221	1.048922109113494	-1.0852421992129164	0.2726267371554341	-3.6771663256663527	1.3780482412040667	-1.3826189259850177	0.4390254733664057	-0.9640041007572154	-0.9022836251136206	0.12598407500224262	-0.044662612391293405	-0.5047279683278999	-0.3962440980289226	1.612960687451044	0.4437678743821276	1.8226207625908775	1.2633250233367364	0.7482663847968507	-2.117330794179406
DTXSID6046214	1.208163901298855	-3.8759144251524407	-3.65509740000322	1.028658694329092	-1.9736991286347567	-2.7628923754286276	2.2947475640141333	5.784993485956515	2.232657583663254	-4.1894521061213075	-0.809483520440017	0.5917615673664156	2.2136075231297028	-0.27126251090182246	-3.443518557065765	0.8647942317781189	0.6245259546860253	0.6028021170203894	1.1503884096017505	3.152123592654797	-1.345601282158969	1.885742862176897	-1.018427108999558	-2.3304446450641123	2.337330115196643	-0.3934241759554005	-0.8504571624746013	-1.6494173264362237	0.26418712899096863	1.217247535830668	-2.8921669869131668	2.4240895446488744	1.3063178086678382	4.425980173087699	1.0640203324568724	-2.1492209974276935	-4.264744852311043	5.7749727977153	0.29437155121058406	-4.141329145613098	-5.56409904809645	3.4500199285533064	6.91512143769833	6.860060289431318	-1.6238026500700198	-5.640779811760261	-1.9375456157149125	-2.0769912681865317	0.7952689636259311	-1.4728400085114437	-0.8456481327853438	0.9018162898751635	1.2319121774436648	-1.1457672209026704	-2.307882139446899	-0.4332178119376569	-1.1427420681107279	-2.1879669757022757	1.7449882244630694	1.770828601083359	-1.7999307617193272	0.41984909815983895	0.21660103299762648	-1.7789581482174464	0.22411403743324737	0.4898176772664984	-0.6997696960213371	1.9800947178968589	-1.1252861558922969	2.063465869451922	-1.2862275586348186	0.23421486719029716	-1.8807273278472378	-1.799388410080521	-0.2648211857673892	0.6244440482483609	-1.765155205826151	-0.7777713514828781	1.7744512886102153	-0.41155445334873614	-0.423987544018786	1.1200165993759776	-0.931967688752469	0.9284277287455512	-3.115305505572727	0.3532173722591689	-1.571944809286158	-0.08062122633868633	-0.9101421129446361	-0.1306982267905968	-1.2941951901186182	-0.36050879363860433	-0.2038872453224852	-0.9701212224521193	0.6458862689224264	-0.4822849187448128	0.28845759392495435	0.15601926616174164	-0.7701463315089669	-0.5991958643772772
DTXSID8022292	5.383751119204839	-1.2701727085421666	3.1899120944200945	-3.3815177352656796	-0.3812145220798621	-0.32174561784919814	-1.9717941289917724	-2.5253062640446435	1.7643165580805529	1.2261482121869298	3.41811931481477	-0.5221823469016216	0.7455034150991772	1.5203617570760322	1.2696949991149304	0.863473977226441	0.013976792598538183	1.4271759795904342	-0.33119829427959835	0.4050703630938281	-0.6241735214337029	0.21223881947164971	-1.7705468897352543	0.4398731629362895	-0.3833739481852287	-1.6385496014062282	-1.1247867077685867	-1.550573079501336	-1.0747749136474554	0.22448784345000636	-0.07363434188526014	0.6552673165657376	-1.6881451360513944	-1.6624098095822553	-0.5213945800483424	0.6727594480383121	0.8743813842058881	0.700644203447621	0.8115346308755255	0.5907568263023067	0.6216565665143493	0.21434305495638314	-0.2823950325138286	-0.11021398963446491	-0.5188944628154224	-1.2403275236056661	-0.8983610961730782	0.25502294300989414	0.46925627797367003	0.6108647489214362	-0.06386599316086151	0.11290831819539346	-0.9578944352629206	1.0125901739753322	1.0427257567564354	-0.20357692673967476	-0.17368409866369866	-0.40266343987553344	-0.801204706407734	-0.010747574963816559	0.01243179759310769	-0.5861457202737446	0.35766336535921167	-0.6934742634151878	0.8306509134599408	-0.5679504793804606	0.45130767746487516	0.3004098959101758	0.11466983642796896	-0.5838386250226364	0.20989177636617073	0.265550503668191	-0.1244275433312408	-0.5767353985540402	-0.5263445242008092	0.6007646865530472	0.2198089376175947	0.05326872149556514	-0.7272725012260488	-0.3817403334755483	0.17611668582906717	-0.2075364992592057	0.3596678080268925	0.3094306999910895	-0.12091212097571977	0.2520967461175715	0.04270476820561357	0.07493618111118104	0.04191187433839329	0.4064726792106892	-0.14567882322701015	0.031912242145633304	0.27333349271272667	-0.4872747935791978	0.10797282308438814	-0.05394302570636454	0.1192359810942667	-0.2051282191863883	0.05223541445588984	0.21871812969215096
DTXSID1044805	3.1360840455304797	3.730489174475889	-2.3135070047680806	-2.784434981184615	0.5037721114860014	0.20479589765859346	5.029532624532136	1.751057293327102	0.49782737253108156	0.7303756414974167	1.5280053890071676	1.4685998980881811	-1.3104764234097728	-0.05898689320141239	-1.9445632714425707	3.4913402742889437	-0.8053601783364256	-5.619956288139726	3.9268949428690862	5.91185924816995	-4.90207160729061	6.224067107893062	2.818452647370414	-2.3615904841662396	-0.5253826197675554	0.9780219380607452	-5.007864921798918	-5.234917270520186	2.3777239307186484	0.6061854476706096	0.08233990020043247	-1.274898866196855	-2.6498054631576804	4.814781184025	-1.7159210169038153	-6.428738239587652	0.5780273297232181	-7.184594627958547	-8.99536226813573	17.39338749122185	6.43278064911308	7.462897849944037	4.732125386398979	-5.302118919285589	4.98170795864502	-9.009684447061023	10.34972623681492	3.1601748985510407	10.980329802018623	2.5092099423195147	6.1587210344661845	-1.6007765103720286	-7.4622462623989625	-1.3975357530462065	-4.063185371395465	-1.1826170097125766	0.49048448235256187	0.44440003149691876	4.2970579286438415	-3.46968539204093	-1.8522999556291198	-1.0645128817688976	1.2800878031199807	0.2895293411349365	4.142166741230588	3.338880122389915	1.5758226963175905	2.238863991413406	0.9104542602124773	3.126684683202931	-2.317817586688565	-3.5380966044742914	0.10495669427956951	-2.614154842281585	1.9069894532567817	-0.004275526620340692	0.31180335071542353	-1.3171712094552355	3.579122262776386	1.1196697465647376	0.8290676019441141	-2.2669954996953647	0.080806624785929	-0.9571183987023254	0.568271353275985	0.6341018544659645	0.5944362648026474	-0.6422588382596637	-1.9288806924703519	0.43999951864804027	-1.5953460205402803	-0.3349431256286642	-0.25126244690273486	0.19605784662316816	-1.111107658090822	0.5864091578350519	-0.5952416208370834	-1.717010143113818	-1.5478197873007724	0.4983450560282815
DTXSID8024602	5.896512888041237	-3.415700161908987	2.3472895571552215	-0.2216472463064359	-0.7012487152392024	-0.6452155759465716	2.826702322572841	3.8406121153187165	1.031245227273493	1.2942472745970826	4.563836533105145	0.6960336710921222	-0.011762218201595587	-0.8768161404465734	0.17894305454971102	-0.2009576211911054	1.2512658410473736	-4.662431374413743	2.087037074531335	0.4219777953928315	0.21579066164859856	-0.24277660521862773	1.9617272363010263	-5.2353567307529225	5.25251189682624	3.576769055993481	4.633514706107498	-1.1068607485816468	-2.1191642080225614	-0.7438647471895947	0.314989490569583	-0.015244792091405085	0.49188050939785016	-2.3460966856701315	-0.814869772349063	2.3720588673096508	-1.3757056207059786	0.4214191294095767	-0.117013229894072	-0.7451449857560647	1.064590241623756	1.6252188840461856	-1.1284654474915472	3.5634542412598957	-0.44712969471998953	2.3065276878046967	-0.7791170277856103	1.5580239627323873	2.935959420180325	-2.2768033221415815	1.6674831305307185	1.7293082105931328	-3.7416755541949875	-1.5260993374745007	0.4911357659760525	0.44972276978915593	3.2896046802272902	-0.7507011359853115	2.601723390849106	0.49268164345940396	0.28715206912457675	2.4537967673207968	-2.216099688500208	2.4733202223128328	-0.4011017820294797	0.8001520401968248	0.1871744269209848	0.10600646928258872	1.2016074195643227	-1.5482747206098522	1.6274616977683427	-0.9269759079976999	-0.6497811868742605	-1.6747173066173653	-1.501713369786221	-0.27179140494652676	0.7844629360284615	-2.1483266135449175	1.1447966518158548	-1.1917352664886673	0.133329591782201	-0.3444893559915993	0.7546018350991074	-1.3601050486674222	1.0858451593250553	0.7551710385687814	-0.3874045720014569	-0.18217894984357816	0.10479984020210754	-0.8318976151208141	-0.15090860161287584	-0.5686822026233612	0.10100956270069124	1.2080196448475984	-0.3813942443417844	0.7114522616335921	0.5604842520130988	1.5226817480337507	-1.7566558343698813	0.5543104854060728
DTXSID0048181	-6.139680797788498	1.3012647333671687	1.2702877292165298	0.12168567990840976	0.7406511364082745	2.2675697146966582	-0.6070080781330179	1.6231176238855132	-0.03088406284666735	0.14731227581107276	-1.0212347267096582	1.555773160850572	0.4013104580308827	0.671144543224854	-0.6877267998063095	-0.1758583753066642	-1.180283290601039	0.6226708838463761	0.009602328718897614	0.46596303335195577	-0.8609571161926742	-0.020991650815497965	-0.31486174427882135	0.00012677121306801478	-0.40651905264699106	-0.001865096487065459	0.6940961069716893	-0.3803576789641116	-0.035443885941756265	0.20856269028139127	-0.49434440234923793	-0.0538661177925077	-0.5926600731211892	-0.04807249954125411	0.36890144987660217	-0.12905755143802625	-0.04463744287999649	-0.16811869118208683	0.12748763210293848	-0.04681772661094621	-0.10342511898920873	-0.4597133352620043	0.313590853894951	0.08557443756782633	0.3963530927570472	-0.3278899280122517	0.009971771256110625	0.5698856219445921	0.32692352472520386	-0.08749588312350409	-0.08513814694903754	-0.2469043142159558	0.38073131817817113	-0.2922113658051584	0.22806378606597405	-0.24009644878084255	-0.4088347230788316	-0.6582149338624977	-0.726226269222041	-0.16796591169574585	-0.7107187233299697	0.31579632804529445	-0.11349324396852974	0.24526654547731763	-0.3747124331366281	-0.26855334992398566	-0.10447792287563913	-0.017848176057861945	0.04548473588045191	0.0900548062266713	0.17635484845554078	-0.330020416197107	0.42291575811879906	0.7793236165162821	-0.17038078820780783	-0.2436974083953406	-0.021840941278403022	0.19370537725063963	-0.43525124283150063	-0.23640615629880743	-0.3037646642519839	0.004948499963376254	0.3588528824545431	0.008344388206160782	0.19348675655206912	0.24865977895452196	-0.0144100747162852	0.09508156588689715	0.0244591845227854	-0.09974489853686969	-0.12983188090826603	0.08726691463875506	-0.06846902260426802	0.11995227795785607	-0.036530362069665215	0.04934504664683372	-0.019398835861906986	0.05131423783975897	0.30190857837734075	-0.02284912722666601
DTXSID6048701	-4.4915991849748735	2.3907527847355268	-3.4383024893992236	-1.9197649484916055	1.7400146938378724	-0.38156191173372245	-0.1738444833272436	0.4851015352206615	-1.2387640986286397	0.8910464158382163	-0.7205018838658974	0.5690644045059757	-0.4150743828491607	0.5797489561791758	-0.07562486450411414	-0.8325093888344418	-0.18183507867863663	-0.4488708397897094	-0.6946390463317131	-0.31911179129379963	-0.48813361437488273	-1.8545931572559144	-1.6670750583035667	0.729270574288271	-0.015201079020825055	1.127020489644641	0.29702140714429404	-1.1200451828837286	0.19426570276449173	-0.7216422803868823	2.2563102811541045	0.4968819137521994	-0.5447148428199635	1.2230395279765323	0.21668875856502295	0.05682655493502446	0.8308723232321845	-0.02783867433942081	-0.348521415166552	-0.3958269619110533	-0.33978318086480935	0.43372032056007626	-0.006151963621077182	-0.36773716301217185	0.42185019521529665	0.29136891725685754	0.942502091632863	-0.07753692534438822	-1.7460449277118015	-0.26197063807019333	0.6000005734603602	-0.27409300892276933	-0.4935175245587189	-0.760461385306377	-0.9522291462868102	0.5716990961779701	-1.1350931882330124	-1.5086746824554624	0.43569416476	-0.49332769131243986	-0.3095071181862435	0.34455006715093794	-0.7238869382801698	-0.2787380925869709	0.9511621507590462	-0.22781780873760124	-0.31626859860502043	-0.14004160474519883	0.420706273295338	0.6717527490444627	-1.205916845140213	-0.3433725732539417	0.5542570673314107	1.0894047016333677	0.029223874277018065	0.5225903612421224	-0.19483311213711854	0.7375119496698035	-0.4188543675327535	-0.15620942497231757	0.05417790531962611	-0.08314830713254115	0.11539580831673253	-0.42505090228811204	-0.5853737798493437	0.1284008799419296	-0.0020268000657216044	0.060700001248991796	-0.6403206444154602	-0.370608721655924	0.22506742288715087	0.7285616012644509	0.2975445024308676	0.6864074734560842	-0.6871818825586155	-0.9226300825469007	-0.3484164399650888	-0.21226450064154184	-0.07786479232221168	0.5152965121987216
DTXSID5041641	-4.430893007589046	0.6704674721347587	-0.6665619935296948	0.991028352969504	-1.3766165696993178	-0.040801973825852385	-0.3893532057843236	-0.9697137284530218	1.309644743669935	-0.4638735156702174	-0.45822214334772243	0.5973087533047838	-0.6907746094632485	-1.1513706978245724	-0.2375073012277647	-1.5773211397828906	-2.3756218581838966	0.6746463487229356	0.23712743116901172	-0.0680026008683272	-0.4292265761205861	0.36157318926600424	0.36364886903192734	-0.24603392542552724	-0.6406376679754483	0.12177348566253528	0.03372456120654841	-0.3130965191841864	1.1579502767293326	-0.4021591819895126	1.059775626979398	-0.4204945347600412	0.3672280891818734	0.18412682796392787	0.07039228820116103	0.34832944772343644	0.5840044523939675	1.0013266972157	-1.0997360356406654	0.175881784768936	0.1793789813592641	-0.07372253006230935	-0.407235835513713	0.6911999909792581	0.652468604303198	0.897521039996879	0.0795570637808855	-0.7379786684407078	1.0146088013482646	-0.2920120795004192	-0.7355959613044653	0.15025164478903094	1.178500067600715	-0.31952663290784744	-0.12180106448703781	-0.06422215620539969	0.0904806879108433	1.3029315767911682	-0.20570980267064415	0.30803297159080223	0.29879235640839974	0.5341639685145476	-0.5518622987643661	0.2206547976780472	-0.6830527720653184	-1.1368104988118926	0.7617192399731159	1.2314547048982663	0.3077533350108131	0.822173287890612	-0.5872503085816597	0.04006065187027161	-0.1943801783547007	-0.1572689866831376	-1.0025216998351287	0.9759960540990862	1.0380687762004515	-0.29776453782774437	0.9946316864268415	0.3656771382225159	0.4141149257672609	-0.20966521454129436	-0.7467353505391094	0.10672573521289584	-0.1102649757491116	-0.504209528441518	0.4666155591611672	0.8932074971807412	-0.8389186314878383	0.9029954987261934	-0.11779199387262022	-0.5973046564392368	0.07682335103814243	0.43537550639533623	0.8403933598997577	-0.054095496003074894	-1.0192692607868448	0.5630183871558805	-1.0659537589385124	0.6853997701473739
DTXSID3047186	-3.072751466118014	0.27974885449505815	0.06171664837188847	2.1723779311143807	-0.08945524570050357	-0.6787648671707692	1.0804750788659723	-2.4648992617835295	0.7990867842470362	-0.6786403760673143	2.6761249842397685	0.46362019196813187	0.19158819584207254	0.27710187045843576	0.23640258574077191	-0.052714893538810974	0.2170950073971878	0.7062042506718296	0.2766409325436016	0.14985576718019195	-0.38661117360921904	0.6102559420796746	-0.15937035926332732	0.30779961368941017	-0.2877173510121316	0.12010806975612297	-0.38864878767034816	-0.29292982858955896	-0.3101588031623242	-0.22474386120076797	-0.5045454429128459	-0.014284723407272194	-0.3176098636412079	-0.12511912562316657	-0.4940911630589032	-0.30012669648672063	0.4094870539365566	0.44555851287272474	0.03362919352451932	-0.42584710567705003	0.48329195827698274	-0.23271839050904716	-0.23739810884152118	-0.07002238358834445	0.30658684189169805	-0.4062944825123274	0.09435737927633982	0.24728405571701237	-0.04517653558655859	0.8830791517713175	-0.5935387219697005	0.026704248343007782	0.10925656131176928	0.0023514755754014925	0.374144846910057	0.33567378006732396	-0.5923411924747265	-0.31638424283697963	-0.06015433494122111	0.5212204999514206	-0.3817495122486702	0.0020160199359546354	0.8563882931183069	-0.6746002986466739	-0.529768998769182	-0.22798848679071596	-0.800867028393628	-0.0024746665938967212	-0.3776853632673022	0.1164024661361279	-0.3339447125234124	0.20219201357831754	-0.22562948506689942	0.7677947555247396	0.11304606239300717	-0.3556528863617358	-0.7894186778260216	0.06923113088775901	0.3281069908477191	0.349182828725585	-0.618132994465012	-0.014584060268618974	0.29021366059031595	-0.144586822548889	-0.9045479303479609	-0.035412475198529414	-0.1190260116147981	0.18684718883067725	-0.09236582962289201	0.15829309025957566	0.26068355933776177	-0.06113722542113668	0.13071306173828467	-0.2213774401166575	-0.12235861144670873	-0.4832901989175494	-0.2666397527696668	-0.3762693735539854	-0.1373217352948567	0.17705489121986714
DTXSID3057779	-1.449257452884546	0.28382803391726263	-0.556689956400057	-1.2112051466201423	-0.38994535623769	0.08332264257531198	3.7230806429618335	0.5061590920014402	1.7577558079196578	0.18678780624474922	2.8340477011603746	0.8357931713524903	0.7676675705084834	0.37431906358913053	0.020048839315595462	0.9931680535378603	0.5033581484513318	-3.7172377527476703	3.191028587675141	2.1406295969556073	-2.813183373746445	4.048013065175761	1.7307563021400447	-0.9612754642864908	-0.08363461939734178	0.8171429429225089	-2.508335464896085	-3.0250171656318265	0.6041972005310848	1.2280983370960838	0.5061545281574562	-0.7428788189104659	-1.0115283354109592	1.8175906419671835	-0.7420635162695386	-3.243942237912615	0.30125392766622944	-3.762770158026642	-4.570704375703555	8.798632736368285	3.465068966449644	3.3888722107762073	2.3451519148181017	-1.873172934525533	2.520372189867349	-4.8242304598624655	4.943941395527767	0.7342597846981128	5.432550166999915	0.455431342337457	2.6749961239556805	-1.3679631053198267	-3.8952201550464136	-0.891194054201624	-2.074429964137627	-0.8404927478176109	0.36878819798915213	0.3807107258419082	2.1299660695281215	-1.8510130844064656	-0.957808903789683	-0.11905353195460121	1.424601310491291	0.9624637128135719	1.8131767201812665	1.5238343150586109	0.39843111913465445	1.1759774668461798	0.7488398211636039	0.9929282704313851	-0.6848795622047815	-1.9692357388972594	0.3171425532402171	-0.8630647589332541	0.6582921700556085	0.16186504391164064	0.12527672128799588	-0.295241469161829	0.9082363270014415	0.3120343257646763	0.6447814823876782	-1.3942848252563314	-0.08472301626296147	-0.4566253505872032	0.3397481403655557	0.5369823152061564	-0.17363209574756883	0.1654645391931802	-1.0300157503948393	0.11403283972178913	-0.7396326898332862	-0.027533390287313386	0.08973127231564985	0.5970137360131877	-1.143465243704926	0.1396286408326316	-0.4413869327310217	-0.7339592480683604	-0.5468011332289028	0.3973350815356149
DTXSID5020782	1.71771204175321	-4.336094282828325	1.5398239139773544	-1.4431088681328066	-1.4451440965469986	-2.892765276936446	0.4616092093709013	-0.6527895550032947	-1.2272813566398202	-2.7010895325882074	-1.5716166787550845	-3.0834673572394045	1.7921073540183092	3.8930260363189193	-1.40580829979364	-0.36944340684156296	0.3128748277794527	0.9318909413148128	3.0812415653737864	0.833278454802856	1.4939724656735895	0.6436975389956218	1.0246817607291474	0.05438911811419111	-0.9919415582763157	0.9274938494888849	-0.7953321593581605	3.555476326184536	1.8007837347395226	-0.5550276969196914	-0.06377626126622873	-0.05253157474716398	-2.1340483591439603	3.9757422662180564	1.848379902603721	1.129728662042195	6.730386623418159	-0.5579520253896111	-3.2297068232262736	-1.1177966302317675	-1.096396108082829	-2.422480443758367	0.14581327667802943	3.072889176918833	-1.78949518678559	1.7891429930320433	-1.307986085847137	1.6835430148740347	1.4307930507782527	-2.2564266710466123	1.3281974886669217	-0.5051487294101648	-0.7721983253934487	2.3371007335185388	3.354488441133964	-1.3985368932107554	1.347802325562876	-1.8030535251221627	1.712044405673027	0.07892261760430769	0.008232983850422858	0.5929781026185017	1.16605629225135	-0.8359930132874396	0.20056782200710732	-0.0980909321632899	0.18841776333142157	-0.22456290834122838	-1.3946020654597908	0.5562485811600163	-1.1673751659797034	-0.1670722700180383	-0.9075014262346406	0.7345861107814894	-0.4652501371020436	0.9905617991276704	-1.0553362756944555	0.14784394295332082	0.5727441694445058	0.738603902345331	0.29280016291865846	-0.5213038969142247	-0.18128975511674572	0.1907043738575179	0.5242456682357148	0.8855608336253621	0.4141578728796295	-0.6389256148372442	0.49191669128865617	-0.5752546376032881	-0.04996510021088726	0.2635164036256186	-0.6436639291745534	-0.2027140566360086	-0.907669856615715	-0.14829598591019622	0.3994390306809606	-0.059572635921395105	-0.10325091678252753	0.18471521148043593
DTXSID3052511	-1.38029406936762	-2.34479494059987	6.375834364886306	-4.592905669820403	1.3707674950079247	1.5485834270172332	-1.5426670039430326	-1.8809926469461677	-0.8885503053681257	1.0985490441238022	-2.2116333579014915	0.28958062242458643	2.4353739428948304	-0.5162369114166891	-0.38833491943564696	-0.20118821311390248	-0.46748361713022835	0.2276451688080806	-1.5577805500911963	0.3663952303021117	-0.6951938121468552	-0.3374826611065843	-0.6871619433058722	0.06632806306863745	0.16459977801660416	0.33055561103325115	-1.4036493760346274	-0.8642998743099821	-0.17704941742198094	-0.04317104144904797	0.47651652096718883	0.5343113092066557	-0.8963661425218963	0.7307068887964359	0.43295358044670273	0.23720552281392698	0.5238343594203102	1.1662385379513254	-0.06742615533309153	-0.0969515585570854	-0.053981579783753286	0.9683291354292572	-0.13945209792276517	-0.7885192713042286	-0.0856420405644034	0.040623599206116134	0.2852863884645209	0.28192274161480413	-0.18480761409269972	0.22753013002754865	0.26912532687070645	-0.7082725688342019	-1.0039162089227969	0.27152795205822006	0.23044342120093808	0.36653801862468466	0.2362373624955126	0.5353177747756274	-1.0424033037917828	-1.0283738129244044	0.8753818451045869	0.027840640901776945	0.11345823500499651	0.7966657987965542	-0.49012262476322843	-0.39510225245659286	0.40906150158612775	-0.4666587909444616	0.12157353321886584	-0.6426775895212654	1.3311850159200487	0.38650654873442836	0.9582633346436074	0.9320558521287216	-0.40126200504481835	0.2743646194788858	0.44323768444571776	0.042000546957527314	-1.1270776626087577	-0.35589495796397363	-0.6915840159692741	-1.0003561894953106	0.08040647232129024	-0.09443100275018977	0.4480162325984956	-0.3423444449796311	0.08753877719136474	0.5527029540008332	0.9690758829210807	-0.13511019066790628	0.3332260771909426	-0.11381490060763226	-0.5454195897458298	0.4483849657770108	-0.24276348442512619	0.32633347824614883	-0.3977984607425232	0.6832092293478291	0.526355356693155	0.03359859691789605
DTXSID3046902	9.385536062501759	-5.378488261293311	-3.143407767011288	2.819572130902651	1.9153042665504802	-1.0442163085727683	-3.6530030015706423	-0.8782703520770474	1.2198100351480894	-2.805603926868214	3.4658935582777852	-5.209253534980767	6.182354308230374	0.22046263789361875	3.3475165746946725	-9.767523496287428	-3.7728398003223997	-5.491349999263151	5.868592610256147	2.120263519106698	-0.40998974292114215	2.784465099353039	1.9766559013200589	0.9326229093751642	0.4281945639769387	-3.4350248706799995	-1.648993652949544	4.806059001752574	-0.016778202626743743	-6.7012104720360535	-11.248132049010833	1.063318768941577	-4.709352181475732	-9.40768021843481	8.97519387074418	0.880190740310666	-4.184735541718107	-0.24582321698734189	-2.4676896271173505	-1.9152475018218462	-2.744962567263287	-6.035119851659415	2.4107363932677766	-5.100065363597138	-12.352591449241322	1.5518648485830113	10.650405175308068	2.318704688104491	1.208845931707548	-6.437252125649483	-12.340946990697699	0.09834339266690327	-7.857634663482075	2.347758867724214	-6.035763269279376	3.31271117425908	0.38017609355351445	2.880995845162808	3.419079854020785	0.8048694893744585	3.307677205824152	1.5159076977197545	-1.6934016194148687	-2.970542498589032	2.173009100954301	-1.1957304248817666	7.171715760555666	9.928787858844403	0.268856939261366	-0.654930310581403	-5.101362093037309	2.1958705688751365	1.97260096839931	4.597725319733035	-2.661841091599698	-1.3919554524301034	-2.2942479409043623	1.7815602700837176	1.5538859111686787	-1.694120920123824	-3.516472917548446	4.808448054204413	2.530368372804927	-2.726243141705369	1.1495056747132686	-1.297280397928977	0.09085275457874824	-1.1144349926627333	-2.4291524290135116	0.16063147114864593	0.6273821634716481	-0.3276820943718201	-0.16134824391024447	2.698996670184658	0.6619421927411338	0.7020216652180248	-1.694074371649637	-1.2450559052441024	0.8248031115458844	-0.4160094619035592
DTXSID6046393	-3.077605050924527	0.6064558596201827	-4.9255416243897425	5.051026719288067	0.028073144607460267	0.7488911486326879	-0.8332661011881456	1.252515735945491	-0.4992073929497225	-1.7940847239370914	-0.23871397006933542	0.18284374126141606	-0.05048888565679227	0.20964406296177449	-1.0439610679925675	0.17031724626502875	-1.4518026727430666	0.7496500163308418	0.009018914317460198	0.1032028222555465	-0.7412505824222986	-0.01616397546492439	-0.1463780746307774	-0.44559893618247215	-0.3712089423528386	-1.023507011086765	-0.2811292818046581	-0.8303892681615469	-0.5993990699934358	-0.0071777449331444365	-0.3841465721594781	-0.26077027893179977	0.7547414831241505	-0.6109854911006785	-0.2966906322720401	-0.05066920140181629	0.8470588308631364	0.3466849600850311	0.3998082702323655	-0.09063732533974657	-0.42388797089241814	-0.18882267260220806	0.0296879011930191	0.09616929280555428	-0.5025480790472727	-1.1486836408200014	-0.3709825569094267	-0.0738780729041718	1.1736471437965217	0.3991601439906911	-0.6418552201750741	0.2346672281546247	-0.11885705697821622	0.18536441616963872	-0.6431928244485571	-0.3542417284375289	-0.7177142839411412	-0.43809360094294836	-1.2355411813180142	-0.7895357390470974	-0.32908978025341434	0.1058041170716554	-0.7941231240419276	-0.23492955942573715	-1.0105166264635355	-1.2403188479568612	0.3537350356312905	0.35271585517911797	0.7230260512112546	1.2232394489543805	0.23768757367362686	0.3728804243583448	-1.1450131687151843	-0.0647934142763582	0.2763637942357157	-0.4169927652810247	-1.2553448850090976	-0.663813200835107	-0.6208685852803394	0.41706974929551593	0.031714365697518745	-1.0303686623334296	-1.6760382589856664	0.5021493533685538	0.23523700596102812	-0.11923299227050344	-0.5085748810800558	0.22654365663390066	0.036405594769144796	-0.2064023046437327	-0.10760337406067923	-0.028636622523229106	-0.942057556145659	0.6348180528380061	-1.420152350034344	0.047696139369890055	-0.5106655461953521	0.9144909840988488	-1.6519758440531482	-0.2818345643716286
DTXSID7044841	13.395362339311571	-4.47640144134828	1.5180660485084911	1.2306500310918829	5.292863140472094	0.14248004014142696	-0.55355213071421	-2.040309355574227	3.3531290078116163	-1.754402870341226	3.418353317323581	2.2022194609732213	1.4115688798974078	0.2766232640857744	-0.8281323648143755	1.0463452804767912	1.0462330835880973	0.9716314850792004	-2.8735448126186682	-0.10775475178732552	-2.7612469908240898	1.9338038143877865	-1.073933255602197	1.3418647000791066	0.21654721600657018	-1.1470082743125138	-2.2483680615503125	-2.586916854682788	-0.7380766025024962	-0.18325342648455153	0.07363135380023646	-0.6644022874474832	-0.1259407875652592	0.004186900878281741	1.1282903180146655	-0.2611768716187075	-0.04944360315690255	-1.3890347332070836	1.2772604510251322	-1.2787261319299892	1.6974575142669586	-1.3090100414024188	-0.07160948232343294	-0.7122691504536625	0.6787455305460014	-0.026919912023322532	-2.1520762311958084	0.2785757180776461	0.8148344444809553	0.7224328514172563	-0.13074546301314457	1.5198353963541775	-1.6583362245805056	-0.880405606468739	-0.4278132263811827	-1.1607290134932653	-1.7002500912270786	-0.15363047060990265	-1.9331639530599989	1.1242159439208597	-0.5357400132672685	-0.650956705116666	0.5096893865276078	-2.17724252120762	2.1818141028332634	0.4471025646100476	1.0372217600382856	-1.0421559595011165	1.7540644175032019	0.9511069994445446	-0.06457402182663376	-1.2166353065414488	2.428773060767529	0.19807484945570306	-0.9414484917159963	-0.1721479650120904	-0.18954792339492646	-0.323719841542073	-1.5748265194941473	-1.5752757099037655	-0.8255030798522396	-0.31422202449331127	-0.3795270039241659	-0.8826046716396202	-1.5741340790971226	-0.8879327011460328	-0.9669588098548952	-0.2437861790829851	-1.3104120488318602	0.16953800444123496	0.16891214685972827	0.8554753109571734	-0.17775139743552165	1.1936022003329367	-0.39844317350578906	-0.38229795158898067	0.19935703257929735	1.1994441692403954	1.1380494806926948	0.836459652336989
DTXSID9046994	-3.3286247026431757	0.479659144927809	-4.88184827590519	1.8410618222301716	1.2646942307397235	-0.6206100694058957	-0.437382988925675	-1.1694195788476973	0.5207044541697603	0.20999944802327444	1.8454935391345537	1.2323866272055217	0.3408815390607017	1.7416071660012717	1.5637549632336243	0.6365297189629212	-0.8715679640923156	0.6528172280047725	-1.3585558060134924	-0.1603171395913823	-0.5679286405004406	0.39431635099613904	0.5931253834852486	-1.6285760094014807	0.9349922828747916	0.08321571246699887	-0.052414005639649736	-0.16195017402923384	0.23377229628577148	-0.8349474856616071	0.8704393833216724	0.37615973844068135	0.13527998404728683	0.915204019703779	-0.3576040495195738	-0.18408547796325733	0.8699599669292905	-0.04621731603728045	0.00025759464091395455	-0.7910614408985093	0.08002548381974628	-0.2917066780051827	0.11828403971506381	-0.7576859111377011	0.6451544222135716	-0.4582363098815036	0.2741283194775726	-0.09326980810646295	-0.45443178446484034	0.3300917711340809	-0.053535068662737544	-0.28047660249438705	-0.5609808695812118	-0.5312088204128776	-1.8194821821755531	-0.2336546234195877	-1.0655120808390466	-0.5683965491793063	0.8100994802320346	0.22816274629434444	-0.5589633728453312	0.5966943555072339	-0.3971786991434334	-0.3088039181703223	-0.043104454269071064	-0.986853296074293	0.5081200088884871	-0.7195507005671444	0.4599037659413219	1.1753395058757432	-0.37698895393290177	0.9363405949451011	-0.2638484401133224	0.10690188117562432	-0.3294307006637351	1.56044646585728	-0.18010602488611535	0.44553391717851704	-0.49783661306756316	-0.2892314580203994	0.4902063934101297	-0.43629651811596865	0.2860082655634538	0.2328737302483261	-0.8279519449209038	-0.11915944676541616	-0.2732340895322782	0.8828197812605423	-0.3086097542107454	-0.5396818433637328	-0.5499428491877547	0.09414117423584052	-0.603192530134853	-0.31346640035859685	0.31709741485826964	-0.6578665544190131	-0.16695152344965106	-0.3272740066517127	0.2034439777939247	0.6602182440841617
DTXSID0024503	-3.167838594255873	-2.5579583389689557	0.46177387651662904	-0.2921020483710313	-1.3425130849402733	-0.18432826116299988	-0.6763271039068546	3.781162939691909	-0.5877589312694721	0.024109810043845215	-0.7106633787503193	0.6945841158250785	0.530423554181517	1.2595311087122503	-1.4404350987495964	0.3644930611460093	0.5383386437108517	0.008382508348616872	0.1591510022438926	0.4643182915175712	-0.6660284830074035	-0.30040949258925254	-1.8013368363879232	-0.2960296331499218	2.683387693922444	-0.130784427343776	-0.5784487686534322	-1.4249220174014237	0.0026759195403621224	-0.20703596939826785	0.8063069943375063	0.08864123605652176	-0.562448159403248	-0.4643256095346168	-1.2500027594370628	0.5294856550187471	0.7796792211586177	0.2351366847537939	-0.4590584500003664	-0.7846479750831699	-0.5342921752731981	-0.6784867176839448	0.04426176168736415	0.19006058797802408	-1.0651025867237782	-0.32465931326498076	1.4521854782261012	-0.26910482440177663	-1.6890064217861065	0.2730939416825147	0.8617132330492222	-0.8662698191378329	-0.2700083855021071	0.34865897036008847	-0.606499061082708	-0.2872580921885307	-0.8391719727445714	-1.6400320405579305	0.9211918493761289	0.1881397592964561	-0.406225829515812	0.26531842167581104	0.15944120173042678	0.24612588477990105	-0.7317157208425287	0.5248956371231597	-0.4270994556448205	-1.3270452026938686	-0.07721329954037885	-0.37652116639065636	-0.23761970957751924	0.3314528824322042	-0.4853789608577953	0.8423463499513936	-0.4476190707589033	1.133729718747915	-0.27055402795589495	-0.409197595177907	0.4826612957496598	0.505922085705748	-0.9204490197752999	0.04165233383278128	0.26122434412000184	-0.7293753405727109	-0.4193433550346623	-0.3989077593316392	0.7145964801106491	0.6241653460439209	0.619970848213639	0.7904438188602098	-0.18946399952319967	-0.8839104761288161	-0.46429814753754756	-0.32898964035553396	-0.3152291760848068	-0.037257171575170236	-1.0927941343110072	0.4296252567267971	-0.1850156001406947	-0.46718591546335797
DTXSID5020441	-2.7152700180815623	-1.556510300437021	-1.480311154809724	1.149880766470073	0.0010159690181083634	-1.8937256941194018	-0.9616665440953293	-1.7413734238259568	-0.9184146503180768	-1.630209655036046	-0.4953553585108135	-2.1719156844422742	0.45992798876361696	5.574306177374973	-0.5437625151064687	-1.1736658108908973	0.04453110287437762	-0.033082822638648986	3.6431431116905597	0.5421097525346779	0.7760390373995383	0.38912608237999213	0.5393463458614306	-0.248254042792906	-1.3380498762243553	0.39144274612448426	-0.004978922647402499	-0.19203113939531408	-0.3457260199703233	0.6048133220287918	0.9645832226513549	-0.4940612706235901	-0.6693210037125964	-0.42301856812715355	-0.4340840051754429	1.3233354966861757	-0.6620544854580893	0.7963677108422557	0.6694728284639059	0.2928177703339076	0.6114627380796058	0.08533155866265607	-0.7402503557219663	-0.20563686836861303	0.2856699784466438	-0.45049760450161985	-0.07301924896618142	-0.97644638533175	0.08663741523083407	-0.9500249403163402	-0.7461628393226417	0.527318627584275	0.06913847429199095	0.463173771025427	-0.20148418481453342	0.40481504694564924	0.54002309247112	-0.5204640167785755	-0.6821750659103842	-0.14208013415417564	-0.47353088952064737	-0.10139873698865796	0.19464411188121625	0.6313702428938913	0.560192646974162	0.7614318756295072	0.4305901161961336	-0.6030455679279002	0.2868001271757563	-0.13169707380053097	-0.5354583223014853	-0.8518806640055057	0.14870308669783008	-0.13901226738805203	0.15719700961578148	0.019744568792803972	0.3460160763264346	-0.3738493941651844	0.6278280845430765	-0.020557032575342766	-0.026251822975939903	0.3298314033543513	0.382646582034299	-0.4467340977147763	-0.646418203071562	0.29329016998618446	0.5233009344861076	-0.061588933615437276	-0.9594134786588749	0.25498340975044204	-0.13834521921804285	-0.280158421230493	0.2042509433835048	0.6151108172385005	0.05600765876571018	-0.05049813748959425	-0.10497898688138575	0.1493829854590421	0.20583445382151366	0.29844502136526996
DTXSID6032514	-6.12006089632249	1.4153223279996903	-0.8837332055881886	1.5182894106350662	-0.2604203085933395	1.601826318751856	0.5976702226403686	-3.2722806232555617	0.287928957844423	-0.5578917433924655	0.1329188615279964	0.3903323853830684	2.76051625905302	0.8633902807932115	-0.5464261122069581	0.766963965310856	-0.31882084268262006	2.533294179238532	0.32709459159906384	1.0143243516682423	0.03513679338848695	0.012860015204744486	-1.9373813486321572	-1.8628269269558428	2.6245598357105027	0.32091249220050355	0.5800824817657607	3.18115291241366	-0.8625411605192327	5.376071933576786	3.8717571559028308	4.5780951889157775	3.3403489577391396	-3.2134911140782125	0.8433643197496572	-4.51719881991773	0.7045115665080489	-6.754426951335417	-7.804918193800102	-3.8786120132445974	-4.0963962835781125	7.849748760550056	4.081920642852952	-6.83032768753752	-3.9204084980182636	7.303982874891865	-6.850946824526391	-2.6973481540303967	3.586194761312862	3.749396925612207	-2.0451826263311776	5.166966360656699	0.7476713687494317	4.597353927093621	-2.10706189799344	3.170411526562647	2.2814424590095252	-1.6477574148853205	0.35546988542630664	-4.436971441621868	-4.609709551143827	0.5273127987380173	0.008222112702286132	2.2751782443106934	-0.3652831362629451	2.023474069679662	1.5565743885968581	0.025862128924864374	-1.2484874262233392	-1.0023715506033035	-1.9325357381815838	0.4289378347590866	0.001640447875184275	1.1583084662601018	-2.121880125460074	-0.33194526382227757	0.6207311002026448	-0.952772409124721	0.2914605169180116	-0.34371198218084725	-1.530937290939389	-0.9325227786949388	0.9822388712707553	-0.6396930281436548	-1.7458549477067669	-0.010837250460652611	0.7145597421369921	0.30590869557781286	1.1002458108350568	1.1418564539007003	0.24196254590668795	-0.8737149684494355	0.2254107425016825	-0.14039309780653209	0.7308032379975504	-0.5047751388700026	-0.4722702005339933	-0.00890853587429096	0.043175016359748665	0.5934266362899973
DTXSID6047072	-5.119237189232144	5.23028634254834	-0.9799538834680093	0.9487900679731619	-0.3068561929735508	-0.6717669485159545	0.490469055412347	-0.28537543025205014	0.1135285300711748	-0.6266485008603444	-0.5939251678217751	1.0431695813745399	0.9483400867898686	0.3504705128310889	0.10857780271080826	-0.4884176032944345	-0.3261818449542494	0.44425625053562035	0.3581898581376421	-0.43539394631393946	-0.7788455512950497	0.9339656238029409	-0.11222674465207809	0.8786648500910623	-1.1427223454080093	0.5211416112546361	-0.20825205638799885	-0.9463560904052258	-0.33823626747662683	0.6263179244011767	0.5913035703579788	0.14565900810674207	-0.18033261581934248	-1.0314749732602362	0.39644146446677847	0.055713467472226136	0.1361711985578826	0.1958943625894611	0.2023104256815024	-0.9235470863673387	0.03723194232877284	-1.052192046287665	-0.039100326343954064	0.2309741855608472	0.30252377449064555	-0.10917139385029452	-0.21192882575551875	0.7964531940400941	0.7238113089585151	-0.4228618100135713	-0.3351710826874558	-0.7863645368701341	-0.08312663014123181	-0.6112128388505862	-0.2893719702186368	-0.6805151299204926	-0.4217498557864504	-0.4025336893529312	0.19864421770282192	0.46206843946621223	-0.32031839605585555	-0.28705176077510747	-0.057230750578973484	0.2821813565819257	0.4864411037117246	0.3214129902431195	-0.16493432357153404	-0.37051129530803234	0.5709088574538236	1.2342618787865212	-0.02618219762705145	-1.2027365344239576	0.23256336073667613	-0.3042340653946242	-0.464242591535532	-0.3187247231966966	0.4803112045955876	-0.33010963684308336	-0.7784333034106093	-0.1241884640533522	-0.09678764631913403	-0.44799142078856774	0.6879239625809351	-0.1346656925959108	0.15664409075822597	-0.30991250428570394	0.12994302701328156	0.12506635285384524	-0.18811051744613896	0.18566933589238885	0.43027615638748967	0.6300917886164284	0.10071229244292536	0.16515407020557363	0.04437120200413386	0.23895146883282387	0.2180217573718221	0.20319118701679628	-0.0949055051719548	0.03769610765562912
DTXSID0022191	-2.930970744010134	2.755445667100205	-3.5680204706170433	0.48638283701237395	-0.9324807957556761	0.4763412421991071	3.0165004756894715	-1.3036137878734098	1.1746952158122363	0.07340691450580593	2.604932090098689	0.4706896635664302	0.6356462210224954	1.5617745603866942	0.14736539441094607	-0.029878108125521236	-1.2313968210471655	-0.7837792033451039	1.4842849605433128	1.4891186578114992	-2.014696726145885	2.037630744418519	0.5412000086136876	-0.14155556007926548	0.6975668523750178	0.40763257940976116	0.07349784572862038	-0.8946085974979022	-0.5843076918067484	0.02689147733326037	0.25761774653918096	-0.16436594115348407	-0.27566716026907495	0.18522370728093318	-0.30648117118617957	-0.7642406382628754	0.8016455206463952	0.23918833228360892	0.5702413537245097	-0.06941670327937596	-0.32616239729548996	-0.8062795280040416	-0.01365889692383124	-0.30714820912328966	0.5673476666015246	-0.5442827123019377	-0.8237612406075463	0.28734627141626967	0.19648866458849412	-0.4359789349650534	-0.31137219232427255	0.2578769200344625	-0.07087760008576979	-0.63659809772694	-0.268266353403847	0.4786484634811445	-0.8202812609648905	-0.7519073542304501	0.06041840022943185	0.335306077401996	-0.20571639090994168	0.27599699900855573	-0.03610430648937852	-0.6196213146450857	0.22467277809595715	-0.0040388054259126414	0.1339595442746109	-0.8814352673085226	0.20098311003535044	-0.36795340237651636	0.422331635223174	0.15875427539184447	0.4199384135044021	-0.4706650402069908	-0.37091741554134716	-0.5138134144614109	-0.15363724457157826	0.8974837089592173	0.5053051596271311	0.2849395029737861	0.6290483933588648	0.40513690573808314	-0.4261647591655367	-0.9366999466142586	-0.005495209246846728	-0.46768027052023414	0.09407900867791946	0.42220367326577546	-0.31126906640213636	0.167686183362384	0.5681465106731091	0.555291975999548	0.17284632410574324	-0.03599895041153118	-0.32024072268401466	0.4962280255269709	-0.07680484269951272	-0.3127462969702722	0.02640806237812795	0.4907485602303411
DTXSID9045768	3.0400736300859093	4.7339564328973545	-1.8407440160623711	-0.12316884975502236	9.486611618692914	0.09201689499668947	-0.45055158449380456	0.3888078316139895	-0.40888709745077356	-1.5328874164320303	-4.709756718935083	3.596700676688492	-2.5004332233988196	-0.6996107897881607	-1.4299726371993347	3.9313595178902108	3.202950701909423	2.031037062753612	-0.32833385426932804	-1.7529152440182514	0.4162582541516904	2.1698896587638923	0.09137393061551873	0.5288404797191972	0.9425320834506923	-0.08802496121729164	-3.740472921049205	0.0853492239117368	-0.8956459590562388	0.6131532737276942	-0.06738419929893978	-2.174248688255153	1.734293251527086	-1.8272849559916047	1.0537487730245874	1.1359549231002273	-0.6274820638623803	0.1130585095975785	-0.3742419706473796	-0.4955721039883582	0.40876951792636035	-1.013345637880442	-1.046999991228128	1.1329243784788599	-1.0518025255435515	-0.5893952419709162	0.2222372132310692	0.7171612187085843	1.2880500090934741	-0.3802766834613636	-0.7056192697585703	-0.5722745083409732	-0.2841092025093647	0.32949290084799193	-0.445797171168109	-0.5472073284167103	-1.2990908784150739	0.05096646173296468	0.4791079283096554	0.815364751095937	-0.23079567881338012	0.28264702410215103	0.5566902742776613	-0.7406412856111564	0.29547550760013247	-0.12533955548607303	0.16231164985571184	0.03705595443561225	0.04572381393903931	-0.7368026819824108	0.038847869855387206	-1.080710524801774	-0.09622357260237607	0.013153373915583765	-1.1675137301310776	0.2144789570582677	0.37381782768019095	-1.2518849265943472	-0.6226174644141863	0.509718449666305	-0.8515847680403308	-0.7784386700977654	-0.839241436699878	0.4013766589015806	0.36699165425757446	-0.40499099075789585	-0.1952780546780764	-0.11930920643391109	0.7293562578067818	0.280530867343169	0.5872795121028503	-0.07309797001700755	0.24259939944100523	-0.3456233245280948	-0.04867829606036651	0.48568444599644295	-0.30292615332473005	0.811249107800321	-0.5900702385020045	0.0853334731716464
DTXSID4037584	-4.753622666497143	-3.175844077951678	-2.1803294514924447	-2.821291704233068	-0.5657290561120464	-0.7646946003462012	-4.608473238487767	0.7283023516271365	-3.9377561408443174	5.657678349461355	-2.2408321115718994	0.4965566557634876	-0.967582985418784	3.6590302654010327	-2.2901910542985897	1.7860949885743491	1.311071526048966	1.889286167084668	-0.14010821900460563	0.8312028768229708	0.6371765292967959	0.31955121199002195	0.4262113849233305	0.03250655097971254	-0.5685562859456404	-0.09669239818945177	0.9571608324565835	-0.9589197319816432	0.5777545135659071	-1.1804843537413237	0.43217223928460824	1.0750048088396125	-0.024443415564283155	-0.5530040012409929	0.2550914211841733	-0.2533147566125151	-0.9973020604521512	-0.7345135485438427	0.5927577917491403	0.09432954621668745	0.37624243812953334	-0.32746289464629336	0.7829850185428227	0.0351206706509186	0.559813114914966	-0.6362120309164649	-0.25118916189378576	0.6589863159475272	1.3032171029241786	-0.20362910145828	-1.1792509503832953	-0.2225208639925098	0.4425078388865287	1.167746750315208	1.0690377710326457	-0.951550780087429	1.0933961598452253	-0.46407672665941596	-0.6717488879864064	-0.0024596090273257634	-0.2769862744619551	-0.8079276133481689	0.11124979098833586	-1.518695450243246	0.38308094971782963	-0.046157267242008936	0.9224825093440672	-0.17863728696119163	-0.8880981521483714	-0.14100142527069015	0.5830797282442721	-1.136622122112355	-0.8221503284864071	-0.035915098880656485	0.42012649483133374	0.26161534332544695	0.6118443812874422	-0.43693685879842786	-0.7135307840261476	-0.20269433856285482	-0.019281201399941213	0.7437559159604205	-0.4058294983170276	0.5529218374787729	0.7601732603354432	-0.25398553735963286	0.2904342804186596	-0.49591576767180373	-0.1196244578126262	0.0828850775399898	-0.07997562900534447	-0.4519700446620922	-0.30304319453638806	-0.3668246428634399	0.5234286073776623	0.17594927186554168	-0.18846786176090177	-0.008992736477922042	0.1826766013726588	-0.12338512323055041
DTXSID5046435	8.59174870890064	0.0034398710270053894	-5.200777742386525	2.46696132084484	-2.8928609186906256	-2.5152356606279893	5.837554042630414	2.9449710938443237	-0.681738480816739	-4.353675895003628	-2.228387024985558	-1.8667840497255268	1.3144092161334102	3.6123624532947995	-2.310709205869959	0.6479728842365065	-2.8725544409772223	-2.8173501764105033	1.5859627078846534	0.8555030017082753	-0.8318500232122266	0.4651612664358292	1.0587690578498399	-2.094821038559287	0.1842676530419165	0.6334604655418141	-0.9547949916247517	-0.5074169622598926	1.3452442807562555	-1.9385719569352575	2.181726228866796	-1.3798489561652705	-2.430403103245558	-1.1678291970079193	-1.38208158080287	-0.2558473440081784	2.0984272925320706	1.1556609285940653	0.08204830014176255	-1.674525750254224	-0.6103172934747729	1.6079369139504744	0.5743944748538446	-0.14324382654066162	-0.4783018131571017	-0.5199625734783551	0.697370293064977	-0.7132105485855845	1.3647373008855894	1.1691223664774641	-1.8911863121189432	-0.28017603430411125	-0.6284866720124622	-0.3987194459551771	-0.3286369967084861	0.8203408792822737	0.2948328694918442	-0.07508918434238253	0.4345396645931259	2.773169369958099	0.36126180398343855	-0.406997798507909	-0.23624046950779037	-0.7604296962261654	-1.9472234037967526	1.2984992745321575	0.32085716913488	-1.41735271721061	-0.364856032075987	-2.8704769395606555	1.4102718412674498	0.1567824462419942	-1.4935467795348343	-1.3223289312280646	-2.450723326830067	-1.435325741461698	2.1077691075358937	0.04712897915782583	-0.5509364290659852	-1.6883663444534462	-1.2151588337988488	0.5285962546699802	0.07338322405770793	-1.6172743839135	2.5085456024409742	0.010522449144248281	1.0517524955427267	-1.5269494630459701	1.6867440930581497	0.39414453522441584	1.7759672957532293	0.1382956875581263	0.8003663381664674	0.4313014885945416	-0.9431768284169647	0.7720248160149319	0.0473985023547569	0.33875991674885625	-0.19666804932192253	-1.077588773464426
DTXSID6025355	-7.387920738682002	3.2226143886256016	-3.5053872019293233	1.7068361036480078	1.5998050186801613	1.1583476082287751	0.8429065756796342	-2.508946831688848	0.2502339735419088	-1.1195065278164142	0.23070996457856563	1.036373343859022	1.663033042748625	0.5687960446109525	0.3595743966314202	0.6486497347301704	-0.23918932501439674	1.9585827603326809	0.7272227754274796	1.1577470741267952	-0.13454315068498438	0.8548901236809762	-2.8504178921465124	-1.1690665014388755	3.0108204963221428	-0.8845583203301548	0.2683133147309996	2.6595263299898986	-1.2989078082873573	4.66472068272014	4.282600665087379	4.24191944209939	3.268759852162323	-3.39872523548178	0.5871274191393487	-5.3005989147489805	0.7172641159462267	-6.992530201424672	-8.315030967894993	-3.7932003252536926	-3.7976075929505124	7.56601169001805	4.219521151380176	-6.7867941363059066	-3.788484766834536	6.944385552069492	-8.0322677581998	-3.332229795428848	3.466907160407828	3.9432846821252108	-2.358821257916537	4.779256829050504	-0.14828846681767327	4.558387682326683	-2.0591017068512802	3.3359416006293685	2.09223277242395	-2.270561966811	-0.7161230765153872	-3.561118788831187	-4.271448238749989	0.1160958747422938	0.9062169362708348	1.1756299951281195	0.12572082298570103	1.8806752691414628	0.500527364656665	0.036352444390308304	-1.0474551531553904	-0.5202025008716159	-1.4972416553055514	-0.2365683657083265	0.46713980410484385	0.5145249080483499	-1.2479792420455833	-0.30153196090335826	0.13656301572853272	-0.14734545823812223	-0.014015131799195663	-0.20809534670285404	-1.5598245352603048	0.2064023617432669	0.5845569628807322	-0.47994527838111267	-0.6993600139846143	-0.560112626485434	0.21809147104364204	0.39823135233224544	-0.08776193264211261	1.1090921011626624	0.07040436849574239	-0.5148565353345161	0.5631497560963208	0.016614968454163218	0.2690421686090477	0.11331692413892608	-0.15460606679168357	-0.1291975147127337	-0.1005497427364777	0.6811410986472269
DTXSID8026145	-9.435263276737402	1.3789902806464869	-0.658672814801056	-0.2575424798897607	-1.5754547226919886	-1.0943458001442732	0.7808615527919031	-0.27018324136858973	-0.5214171481535926	-0.14892599441352422	-0.8296756233217152	1.1558753634012198	1.5000803065086992	-0.4595080916439866	-0.36830018644066526	-0.2233554320512549	-0.6116791806879781	-0.025007676059814382	0.5244250301286647	0.611034747156129	-0.321229058023921	0.2498660690810976	-0.04022980291007069	-0.8924087626529648	0.07063493077604328	0.037999643356481524	0.2454731961626074	0.5215796789044412	-0.20528001222299333	-0.7145785430602478	0.3397274935663314	0.5716421071345832	-0.5674360948402933	0.15208200921173046	0.03742439137659469	0.18177861419825536	0.6366220658886371	0.7859304122106351	-0.21235049802245895	-0.20068233446472294	0.18318560806204334	0.9474251781624203	0.0845784354696913	-0.4415901071764624	0.2624115585625112	0.15459837831414314	-0.3005466580264106	0.6225845172096525	0.18432174269291154	-0.036098916307554	0.07143263201820935	-0.27758715737621326	0.14556168291209387	-0.576771992680552	0.03648778447905469	-0.395992860055642	0.2886310928853966	0.34906107421182947	-0.8303834494396863	0.7937024968699221	0.47153426230462137	-0.73844780897461	0.054418589450477554	0.14143627748124687	0.22891162499518652	-0.1331008015104298	-0.42833776092906123	0.03017782082021769	0.25139790382678323	0.12080505644831435	0.1530284936560485	0.7482688416384339	0.5770604471394973	-0.6569074668503714	-1.273711971151982	0.6156033511126483	0.8125833879948027	-0.20759546440238216	0.32346213695496234	-0.47712627394106416	0.16259974864163101	0.4144085367070657	0.3904177166595394	0.14244868393627672	0.7373622989543709	-0.5388963621276341	0.5922566212966753	-0.296382335245051	0.5620233253827366	0.24904067486366202	-0.5016268274369787	-0.7491751651431378	-0.49071135048736203	-0.2009582548501926	-1.0436163958038756	0.2799484843580145	-0.3166453509220182	0.3697518636301046	0.4402927903121781	0.2203977213500292
DTXSID8046084	8.973544322533435	-4.012646376177773	-5.812369117978027	5.52140275255769	-2.0268455051700043	1.5894280457574927	3.4701082906314005	3.5002292620465854	-0.7632573125668846	-4.776179365710549	-2.7176248065247948	-4.270742231446996	1.1874632016798854	5.101061973637606	-1.1077696641432002	-0.4614077714268968	-3.419519106495232	-1.3175451005994128	0.9109883963486588	-1.05828733547778	-0.6721326389307449	-0.6679195080860716	-1.444953340312672	-2.766191252286118	3.140221084494036	0.8410460943475022	-4.229906241994175	-1.7759628416938982	3.422904068402956	-0.941048740614919	1.4824534348679623	-1.1532852716510684	-0.4557436328232496	0.34769670269843816	-3.699525647372767	0.6593222399677003	-1.0490295237306972	-2.4720323277214153	1.6870886881173017	0.10718825452175222	-2.0984942660473838	0.7493157330800689	2.736481438784319	0.31773237245847336	-3.0617000807436794	-0.49936633022019006	1.1440710612828415	2.0786814902710273	0.3024969512476638	0.6848715364621324	-2.1341889510907435	-1.987603432521624	1.0500876488237931	-0.1391762305335994	1.9568590748207797	1.217151876804227	0.38051902987646413	-0.9447857921861446	-0.9065619476121785	1.098592401382537	-0.9567138576587597	-0.33426974013972793	-1.4934920273213583	-0.32408317515590146	-0.7413979271622843	-0.38373087047953813	-0.2488886412639704	-1.153915780682914	0.14401134603714102	-1.0878288317283848	2.6884179159846053	0.5768209395494408	-0.8141379514532731	-0.7878734420359988	-1.079402798950512	0.14561100286078726	-0.21455113943025472	1.693264448160653	1.0781197056667744	-1.0309123627901187	-0.8128658459412673	0.8657934289813559	-1.5897536143281354	-0.030717157988084682	-0.32025460379384735	-0.13013557836096587	0.9261507184150937	0.13707547951717536	-0.38623341185852367	0.28963172950842203	1.2517191207306482	-0.7136223899695677	-0.3075347596423354	1.2631030195894573	-0.32990728194093466	0.16135606966471186	-0.15034539429188126	0.2783443307484596	0.33123317500736194	-0.8645516724441713
DTXSID0059879	-2.7080151154986347	-3.285794999920157	-6.251480146169145	2.914271258629169	-2.2256179213115566	-1.2299788567514656	-5.09518257864607	-5.682490772726327	-1.199502751991652	-3.3042018089521634	-5.317310873599216	9.830098584948729	-1.6517583121701032	-2.392014076038864	0.4258381721978859	-2.3021850398237214	-0.30444738492284623	-4.594987035655799	0.4834216052364981	2.393598111125317	-2.644932714916748	0.32867613646545824	-1.7268097754431475	1.7059971973024404	-1.4675940320278795	4.037496236354398	-0.0420899410882284	0.5983327895881071	-2.9036682446638	-1.1706446560067316	0.15070824783446812	-0.8068389930277695	-1.9534333134733959	1.2021995125049096	-0.6749306122231966	0.7366586462722954	1.1823774661668514	0.6996946793620819	-1.4011417142410025	0.7595438680594576	-1.2713515867362835	0.772685287896969	-0.3949346424575479	-0.436551192456295	0.5465434566936918	0.6110566700245473	-1.273748770718128	0.6844365322112452	0.280874882757108	-0.6876206424170227	-2.382018322915138	-1.0503527425017003	1.4682868957741895	0.21949164914517783	0.5814355855944296	-0.8140279257608088	-0.9303919542657942	2.1278975412491112	-0.7325576210662824	0.3192887305256976	-0.35482783294643644	-0.6310603160148847	-0.9155524268626518	0.6611680695618501	0.1761382464919837	1.4655344540690702	-0.4589252441761365	0.5267635467154383	-0.2596130741844987	0.9940152369286817	-0.49512813627477886	-0.6945876371125058	-1.6207988052294826	-0.6359708738430395	-0.5476395706942243	-0.6431526513958669	0.31727036198188047	-0.41666007986934556	0.45933922344398653	0.11366763883607463	0.44773423373570864	0.5301337500283964	1.0119307228612215	-0.6770448633938525	0.09772685306008022	-1.115958943819582	-2.6359358073068413	2.40488983487291	0.037966966195226555	-0.5728400376933088	-0.8720983423343169	3.0569358993517506	1.450555038086603	1.0667049398028043	-2.5402058570415984	0.8712235271968514	-1.6882053644227357	-1.3527443249108893	1.3275279981875425	-1.22098077079077
DTXSID6045874	26.91166038322464	-10.222234728932255	-11.969308550732256	9.673957717570874	-1.9302256149053205	4.427848101176132	11.83966784929994	2.8343137656425332	-5.160588355567232	-4.345717905896552	-3.788942995675481	-5.034480131654032	3.727946153928574	-0.3897778780009615	-0.20008365435979344	-0.1887759071652944	-3.9873155491702534	-2.8133973730917776	2.4375612925669916	-0.5151142235356839	1.1231910216502645	-4.001688434355589	-3.0413860291624784	-1.9242547315424439	0.9998398677852074	-4.147829739554727	-1.427130752958929	-1.4429191276240447	4.416867925540013	-2.788894346979843	1.4481434678688871	-1.6662718892896915	-1.941037683414574	-0.3914642389137875	-0.9237995338074301	-0.43249428853284416	-0.7135803366045921	-2.0936470128465907	1.2925024274721122	-2.108709209623912	0.06282238613010849	1.4666713096880493	1.724207225072743	-0.5913302448303336	-1.155323364830386	-2.2593456821261073	0.8768934752257653	-1.0054559111082335	-1.2115816638386543	2.5177575023155576	1.6173811956025672	1.172878769553345	-1.93656498694356	2.5877546374264284	-2.391595004589948	2.329091306486188	2.1107954199338264	1.5425759203308456	-2.2547614471462487	1.6549567345935008	0.9616774085182033	-0.6911477415591327	-1.9376566678479876	-3.506905796661541	-3.0308004114179536	-3.4315853117122863	-0.30251112594462515	-0.5760462960130985	-5.395581439257043	-2.535481393294421	0.209474223106819	0.06380115895467761	-4.185723567613293	-1.550858081533175	-3.082904964583302	-1.4769127065356966	-1.3764710617085572	-0.22210316459406207	-1.398709555712086	-1.759404816983202	1.5883840303988208	-2.721142015115375	-1.3828710194500156	-4.863764776654768	0.35744236355704306	3.581852385018649	-1.4085038894320656	-2.9450375872199923	1.847784573434298	-0.8114433781758453	3.614195921591596	-0.6575052041405343	-0.41137878932615535	-0.46897341476051196	0.5593088169949453	3.287169068817692	0.9627894899636333	-1.6423636276633389	2.5484939715819266	-0.180136192658419
DTXSID4029353	3.467799269949724	10.351586072918499	1.3381175114020258	-0.8817981661648012	-1.908003077883703	0.743478951261966	-0.558217717526304	0.07885692502841311	0.05480502890292409	1.6123144081504577	0.5056964451218205	0.8965246539719318	0.06242175752557319	1.1958320391139896	0.45288863893825415	-1.5898810069933345	-1.62527823334311	1.4273893137821043	0.6959477051129617	1.8552247578875631	-0.47349096307687616	-0.5412180842182371	0.4721337321510481	-0.5080345029965839	-2.6058821264077023	1.1395274666048243	2.0504317468085214	1.5523284707300706	0.8138939811300533	-0.8259000715671927	-1.379741523319378	-0.964320517875955	1.4722634601164615	-0.3303891261538393	-2.3318306638950337	0.3041100341331463	0.8966832684830804	-1.4314890302613217	0.2380105389210211	-1.138476224362931	1.2717563489621386	3.177977139568326	0.03127006359485734	1.5607439065165187	-3.490757208193351	-1.5713414757882174	0.2683269727215633	0.473437803058855	-3.2591996248745194	-1.6762153236707276	2.5258727407740627	-1.476537908805032	1.339268866749328	0.3532445372494791	-1.1076964739356112	0.4009648739813147	1.9287965965443559	2.0990858302701008	-0.5968776162322402	-1.4745557658822679	-1.255754488789375	0.23238338084545695	2.0968548144523997	-0.3792062132369303	-0.06181202073529346	-0.1385634119754774	-0.2249679348282472	1.0587094665247048	1.0164341072365042	-0.08809006498230572	-0.5661072673580603	0.1705409403440129	0.8191016838121578	0.8526345811463892	1.9806191671660587	0.9033850360759096	0.36609998868649796	-0.6839527978199703	-0.33979424697344723	0.6624807572693403	-1.4319604966046313	0.3086271435441627	0.36256478192532177	1.2784255795014086	0.044883555399439834	-0.8479414265477714	-0.2911279927856203	-0.7958071345457265	-0.06367631584987055	0.8442038672824683	-0.22780249737713013	1.2893759271131424	-0.5923065322058519	0.08770368225756345	-0.09099346772170805	-0.7482572825164242	0.13326621721692045	0.037632506071214086	-0.43974610726480107	0.15404131167823584
DTXSID4047258	10.97035619510917	2.7056708619453422	-0.05391753435591025	-3.9148878313301605	-1.7343083144510836	3.2922729916439772	6.685638972187851	2.488395749798195	-1.1904231541671975	-0.011507863549127214	-0.7490808751761666	-2.864478640888119	-1.4374820962607067	-0.8629311015172931	-1.551657917812397	-1.0840365821312605	-2.4199770024228937	-1.1180212348157075	1.7540992466487608	-1.2146098461557693	-2.28215651660762	5.707989231472596	4.455070074636652	-0.35612633087471285	2.10757021374877	1.0918790880295657	2.5899890796440634	-0.898345516735398	-3.929333995180856	-2.8872889082345603	0.2972906599510155	2.04596323459702	-0.007613436381337703	-0.3329735713240552	-3.1733510497374113	-0.8508121363510003	3.5095991021954083	-1.0928628533532037	0.8388407194941947	-1.5223823244667705	1.0845529612151221	3.7350943566851567	-0.523363898929275	0.8783512255052645	-1.2476791372370366	0.1985525773841629	1.1921956466476855	0.73742705121036	-2.713612001452375	-1.3741538749950728	1.7786606727813639	-3.0284073622543004	2.9031289655563475	3.1193631014917993	-1.3657417672837087	0.4346866239440787	-0.9590414056667418	1.5644677903073683	0.6905959542307032	-1.5477700523747444	-3.187310935892043	-1.9316488416621078	-1.8885380321825675	-4.258155472340458	0.9078603741151483	2.831462112030403	-2.1959165320048455	2.080777947716723	-0.654153794368409	-1.3884874954653823	0.386076045609991	4.397503301621332	3.5054009879049017	-2.6642568985644486	2.211032011189482	0.8310495713027977	-1.3473840130519372	-2.281021618074146	-0.8412989548260427	0.18438754011422695	1.2023517463635223	0.9798851746915015	-1.9718467897839664	-3.4876017805963775	1.3863700143469626	2.9840848942312665	0.7946890851323268	1.5516095176636222	1.1672217509053109	-1.837720827291835	0.13394309821829495	0.5897965631631514	1.724143215164565	-0.028886373145656466	0.8720445321861139	1.6406560361341065	-0.6450547808778583	0.5489813613880392	1.2395932328619033	0.21904444059034775
DTXSID8044915	-4.977116042451704	0.9019049451371219	0.25582648545369296	0.608366364952103	-1.7658905760586396	0.8632577375435067	1.6409711559354911	0.5743791530363904	0.6466594250632959	-0.00907506249159378	2.3046064118216605	0.5734805634564173	1.1202238666992896	-0.3969513935211812	1.0754724713854487	0.1246435250417293	-0.6187370077710792	-0.17016920780060732	2.065267553714676	-0.47754444832097787	-0.2954499653298578	0.3207054590363057	0.4223976369687379	-0.48048365985801356	-0.7732700903192663	0.7952617571777771	-0.7287872280726438	-1.1569757778696337	-1.2354127635668275	0.7217758962708112	-0.3246552664165648	-0.1925028055163034	-1.9371025628488154	-1.145471007991727	-0.867598147330772	0.22912582874129478	1.1391365610239716	1.3902787839395188	-0.08197014216702794	-0.5566301157166371	0.6135168629382587	0.7711821274194185	0.00459733431593102	-0.37170269558316427	0.2578690468733688	-0.0385418590118763	-0.2736611469535663	0.9759690261039877	0.5706267418334242	-0.41394065951840714	-1.375087038148989	-0.5419262353394801	-0.19800863434645857	0.2143641489088094	0.7915444083292559	1.1444235195946795	0.15224432167730725	-1.623857328115233	0.9767322774861013	1.0358323295723482	-0.8095566630892511	-0.010318639990102586	1.4374078118352982	-0.8301671381862337	1.3490214842063306	-0.8245587136523261	-0.302119739381619	-0.41110353653260123	0.32689539744822615	1.03871784595349	1.9149005233738376	-0.7384429156351939	-0.6677481814563705	-0.2075913084163713	0.35282521096913405	-0.276145064936932	-0.05382285437196776	0.07651119205352128	0.13358285515246784	0.28925774854977315	0.1962836264956371	0.4585333929356044	0.356425670652575	-0.32552983109104394	0.1348204117910616	-0.16606508224801692	-0.017292873848775404	0.3387536385937117	0.5860653954804711	-0.11125533926055588	0.17235960603184003	-0.7074974449344836	0.473002791635167	0.367956850200789	-0.4425481822730684	-0.3693604997113339	0.3590777734060305	-0.2610151543074017	-0.8481341501371251	-0.03974657130195213
DTXSID2021818	-8.217827432828816	4.220431967312838	-2.9229930325804427	1.0754413817425097	-0.4761891807235073	0.1968552003172738	1.274742708025254	-1.9156759527211042	0.9095731462108807	-0.9385393021440573	0.5820752543746239	0.8389907603678324	1.5701249312972514	0.9327921180631717	0.9409005526456343	-0.266912877285749	-0.8927840595033034	1.121319193399332	1.1743599070547304	0.4990089794581066	-0.6320854534111332	0.7995394591827316	-2.247320175316469	0.03914222355715279	1.0068816969953571	-0.6120573317437891	0.29045139495027367	0.4811709286634298	-1.077301074412081	2.5265040640017022	2.1741652271265397	2.7183793690286864	1.130358187717699	-2.582099298020044	0.16366988175616026	-2.3748287082126454	0.7598930684643386	-3.036102917888874	-3.7320376012816947	-1.8928610379226536	-2.120379619699723	2.889521939576199	1.933764441766385	-2.890232529479248	-1.7460496775277112	2.9408533921114888	-4.082778638865979	-1.3278412257049232	2.0607316548134134	1.8852175518179481	-0.9826810644016709	2.1243584332346312	0.11421357801566608	2.570595298596032	-1.396958581781622	1.1950594015253049	0.9786289830253385	-1.996750706056619	-0.4090998023916546	-2.147010843424551	-2.6814859147684618	-0.003977552479692898	0.5104665907236827	1.057524719121598	0.21391235563931743	0.7286773988390929	0.20234947158194186	0.1819298441423628	-0.30568267024255086	-0.2954276210395433	-0.6376196611901153	-0.8041457225530522	0.4967352468626709	0.11847944647757797	-0.4072237432880498	-0.3011322113431346	0.6527825307522771	-0.2549580881649538	-0.48594577217068996	-0.1029101803774655	-0.40388797023515627	-0.02718354178905518	0.5493308753100745	-0.4562782448113161	-0.4745032144048165	-0.60650158058956	0.6074149042976107	0.1900760151952954	-0.2264654324427047	0.882930728775073	0.012464847138430709	-0.16650265567046957	0.2687167789803909	-0.20159900051507182	0.009085736290313565	0.3399469802065044	-0.2922651611869753	0.1195334526054619	-0.42825374422949086	0.1944404245426514
DTXSID0025862	-6.60861063360866	0.3087958175332147	0.2761813261400359	1.3968195038098392	-0.9991358985775762	1.637467276767752	0.06751282298808366	2.061652726092113	1.4090637051656487	0.13634782718386362	1.188333826828902	1.2827789964274579	0.33115019589738387	1.2836437085656205	-0.018083980951350616	-0.27244407731347603	-0.2965803169810855	-0.4856346751241919	1.5664354342065203	-0.5480928123575038	-0.8166679539405872	0.9944401532291889	-0.6017107367387619	0.47487762461527505	0.500154655310887	-0.1493671920845899	0.2457467285961555	-0.26808999422936886	-0.6936564007906261	1.057565251955277	-0.47112340415146475	-0.1607345992181429	0.014759674438848165	-0.22793068827050256	-0.15019970323157494	0.15900112879769324	0.20116974278768004	0.5967363826098175	0.08000832430203009	0.030756209583018085	0.16712253069291666	-0.41477820386644976	-0.02830104913626108	-0.0904465581361401	0.18961874629444703	-0.3297660117497052	-0.48021637796017463	-0.07611356766385328	0.3009672580701414	-0.6067986202160182	-0.11427707359983584	-0.9462672271112679	0.07173846760193263	0.12054957634875321	-0.1776922784761515	0.015156284470463712	-0.18084032782039403	-0.9032032458521244	-0.4831750952514285	0.2029394497721045	-0.024920371845384804	0.32974306368235246	0.34814902474227005	-0.23778429125482917	0.10429767176407666	-0.1382822600486068	-0.05651223479648481	-0.29997155258953523	-0.01550690812570185	0.09447948288770784	-0.11350923756293631	-0.02399265347901623	0.1691759754135815	-0.07505478818938448	0.47652353647138074	-0.22116875477844827	0.0648804780278481	-0.0783612831076236	-0.294699046061533	-0.15962595293067716	-0.09630393504815357	-0.4465682594187372	-0.04566247560066941	0.25421622397953053	-0.055938813726095334	-0.033008955539084665	0.3756706045088474	-0.1471985796191615	-0.23126448616715914	0.014317064559230964	-0.03753862614966547	0.022216461783918166	0.00884650590928977	0.3205234982128317	0.013825398493164987	-0.18206867288475234	-0.4256833006915973	-0.2216243265304082	0.051177974276531604	0.10000770334575287
DTXSID7044639	-0.40658910121644304	-4.3537073838599305	-4.856824225630109	2.487471782894334	-4.056352763554326	-1.1716599890794381	-3.4183227945231125	-2.907763278085231	7.108062367066358	3.08318123540451	-7.4479886131986435	-1.7741686061722701	-3.1811597784051675	-1.1351993353282335	2.8458349379685797	0.10642570381632298	1.6600516012877002	-0.23397545374427361	-1.7475042331753639	2.919688778787856	-0.5090782103012285	-0.44250531567652335	-0.6610584017644937	0.42214887919013133	-2.399786394903069	3.197066553175526	0.3600190205625959	0.484946496430925	-0.8020684026794366	-0.9675974915195747	0.1034430536988413	0.3442645812036522	-0.8183691996927389	1.2190730801373977	0.32733632575537286	0.7686663867580174	0.6390617563431211	0.403616279512053	0.23565603384958628	-0.17961223978383817	-0.38496097972177307	1.204568756695464	-0.03830808548131605	-1.2540222700757895	0.3763723738821794	1.0565876278297759	0.42366141434217736	0.7206917412847408	0.0326850169004964	-0.07662946074025057	-1.2097786010991591	0.4764750308168871	0.1289832981733845	0.1447315888546361	0.13938122311060605	-0.5348709506567779	0.9376981845751111	0.4889243727397933	0.13203076322867452	-0.8194427417583209	0.4021298898545331	-0.8124200721519692	-0.015083260932676628	-0.39671284494110415	0.30072509037403383	1.4444163618710655	-0.41266329298686005	0.3432548541625125	0.5357504284747644	-1.2945214236070146	-0.07244781982860185	-0.45753162382275064	-0.324295308013743	0.09637809040244358	-0.8658770444631839	0.6863367043944357	-0.3794764733475217	-0.26963279564429554	0.1816117645387179	0.8538484587559501	0.4850516312213667	-0.3935562705613535	-0.2885761390697214	0.17424946370283878	0.4714602580163829	0.8827978264791566	-0.8181303665569153	-0.4865127379131902	-0.8847264562279028	-0.400078462213215	0.0014866752109484588	-1.4873402429936982	-0.14041452911003716	-0.7910250313057664	0.6572661445047822	-0.6455875240050981	0.7601778370816541	-0.6796462169241554	-0.039114175040968056	-2.17750797735171
DTXSID3022247	-1.7949126103937003	4.181438789782515	0.030288842787446656	-1.363382241204789	2.7371749538347765	0.21304455315458892	0.22458778169837085	-0.7549050532602266	0.3199075563749022	-1.430066792090937	-0.7376871362465292	1.1967322404022582	-0.19895888858226915	0.4387868630621641	0.4741802312855716	-0.3963866977561436	-0.6794369138320484	1.4345926402401143	0.29845223108931657	-0.3686364257395949	-0.32529876628839177	0.18482127665665457	-1.24988322279752	1.2015184544156563	-0.973573406473048	0.8460340222965927	-0.13179671216404193	-0.5726062633680338	-0.02456882213147112	2.1348710282810437	1.3266912964828865	1.150499391074059	-0.35308818921538754	-1.3554582903278358	0.7915274477677864	-0.5998784349106733	0.23041697682378698	-0.834795393447647	0.19524610422297967	-1.163492546502418	-0.451820032786369	-0.9470188876648006	0.020097537390786815	0.44393146930799704	0.38944421307940486	0.043293315974713836	1.1411409854066714	0.7404585067223843	-0.55895720770787	-0.1943050254876294	0.4478277767125064	-0.6520481063599294	-0.08819222512306721	-1.7544516484253758	-0.14574093582920075	-0.8966335729761088	-0.8834349867680524	0.638969744135817	0.7615949215302358	0.3832704526845612	0.5127393712963031	0.01655606700561906	-0.3009349810691829	0.33259222224788865	0.003296239562183582	0.0679820912039728	0.26073017506548274	-0.45740108063125456	0.8125733097693693	0.7469164746506219	0.49544258673493974	-0.3391389735961069	0.2719086702159151	0.109747834339535	0.6283134615111315	-0.08935810209534699	0.09076290405041064	-0.4043382200941725	0.7574264098721977	0.6246605893982112	0.6170911064101526	-0.3071472600957031	-0.06931231754578789	-0.4181983542269869	0.5171975934922208	0.15548086185600263	0.11588132135638339	-0.4945216255159933	-0.6741103661577864	-0.7199781610450325	-0.7615054164929999	-0.27322487950064717	0.08029848276763754	0.7503244032892383	-0.6868416398514658	-0.01208313709885936	0.3814321174011388	-0.4427143953876904	-0.18210182384921145	-0.12387541241875401
DTXSID5044570	-5.791490658201692	-0.40140258497160586	-5.025875075983171	1.1528178292418247	4.411762472205678	-0.012663352230417872	-4.038808763152289	4.14918028892545	-3.335409388895902	2.188575641000357	-0.21740936092284285	0.9664513128165904	-0.3441954625771187	1.7071647323102361	0.44766170060656163	2.307353434448709	0.06748115267618501	-0.13215214075388038	-1.2111832430422702	1.0153484730042237	-0.7675376241582723	-0.5658998736658097	-3.3313599705090535	1.4162336707050704	2.888743839683725	-1.1828517141254027	-0.6238851833305085	-2.350483569481807	0.9442590936963231	-0.705688927516083	5.003344635139189	-0.1676538983767185	-0.8974902552872909	0.84797726303056	-1.0538424513280282	0.5494435507355816	1.9608829774271517	0.29609766277618443	-0.9494833119699216	-0.9902221140359606	0.4833781909236257	0.9451626451482569	-0.5822068081504695	1.1919998355651298	-0.8845704867976827	-0.6210971800622227	2.4181650435412485	0.12962259358566292	-3.459727093424088	1.7842788541833752	0.05834135961632429	-0.44005425442648777	-0.28760664079126946	0.11604382958754958	-2.159539729053114	-0.41602360467818683	-0.22865435276732055	-1.5694275621563711	2.139831696376973	-0.8158411817019272	0.9402831562454138	1.2751317757302234	-1.0431059137702425	-0.7471181203402213	1.0277190838725203	0.18154473572893295	-0.2519636383510988	-1.098824760134033	0.521423958425206	0.4999603031537945	-1.3968947905236115	0.7019424895591011	-0.42968714645208606	1.8994942776726367	-1.073545528557614	2.347072957826329	-1.0268270919004348	0.9734226552636867	-0.15578463756665423	0.028164389015585798	-0.7450600809850702	0.18975156159142081	1.3267907027228747	-1.527825080242311	-0.370692946820047	-0.8209301042166856	0.08400755493561625	1.8884948195638593	-1.1028293890260068	-0.09368815590497209	-0.2082312435078549	-0.581866146567156	0.1486178058267979	-0.5423848948747081	-0.5873822444190926	-1.1949872486253914	-1.7614873526088182	0.8680870142538544	-0.3995255661352594	0.4274531608769624
DTXSID1049065	9.558923139089183	-2.1337158790843933	1.687699447601804	1.8713035219584093	0.5010097992293074	-1.5301744761916236	-0.513585743848712	2.125605567301383	-0.4698005016522709	-0.2802763979041424	1.0363057894255483	1.6521589712246092	-1.3759671704305456	-2.2492115469117504	-0.49951285035874343	0.6334670831439188	0.8324133685244015	-1.748416293060259	0.5111272060453166	-0.032623855725242824	-1.9055183836180873	1.6939940456673186	0.46566818314841674	0.9730600534272936	-0.1315419961173527	0.8748862861741842	-1.9323971619743519	-2.3933928226920025	1.072558078365622	-0.01267768506858487	1.9271454443019904	-2.5916920030996256	0.2771341738750868	0.39161624842731974	-0.15654400381749484	0.3905297408961573	-0.2535776922242585	-1.6830627928752855	-0.9979249386389223	-0.640255396192486	1.5818141944678858	0.5678550343511314	-0.31782555208304725	1.0100043404388606	0.5124797349481256	1.8642111361033296	-1.112284360081774	-1.1312661835183835	0.23580755861505415	-0.8924296988511601	-1.6557790515389335	1.0968192377515766	-0.9990282269565757	-0.21963235222308017	-0.519274838948959	0.7176953609615081	-2.004138703434091	-0.05655139659370223	0.14766382640644687	2.4575831491306066	-0.224121101887624	0.09676382969265342	-0.9870413576640797	-2.3631358313721416	2.722080658408128	0.7733864449752924	0.871485241567346	-2.2749242656755557	1.2982701040191058	0.8879085362212017	0.8169780239773298	-0.11546054994764582	-0.4982719470798197	-0.7266163029932657	-1.992113409710326	1.590483634140843	0.9215653015066891	-0.5398899214361305	-2.065586890796433	-2.197374402645877	-0.8290848789534958	0.3424157472275128	0.7562728132623842	-1.780773724081084	-1.1120088095438474	-2.173454476040411	-1.9343913763301888	1.6469689857398553	-0.21726019846451725	-0.786077884889597	1.032743356238849	-0.27457217105152365	1.684243964298085	1.4184731037430418	0.23169900604700386	-0.8835778781451533	1.6751514689178204	0.9421268157732162	-0.6552017394395486	-0.021201931392345184
DTXSID0048769	2.054268543328508	-3.021151647043807	2.0441144538394864	-2.069493389508527	1.2181123160253	1.4392225074842007	0.05289089826158758	1.9568130755684194	0.6563824262041956	-0.22212891640125235	2.1946580424093787	0.3340449126065413	-1.1549218567909865	0.1999795387505226	1.3574446819239476	1.4005297858487415	-2.8709193341710537	-1.358357105479227	-1.8539033699455543	-0.356597806426143	2.4441506454752546	-0.307848857948716	-1.0194453471855425	1.6261534484743336	3.4481225794075616	4.269581687985159	-0.7926458097692388	-2.1802799407365283	1.2870479351095188	1.3147759385668354	-0.3307138842184504	-1.4306332887674484	-0.5650864651927919	-1.2894300843132889	1.835336792259079	-0.9410186631088985	0.8274467307080074	0.4467193505114788	-0.5744891384752729	-0.8821044152609304	2.2470442068286225	-0.21201598875442815	-0.11547111885262376	-1.490422567522503	1.3639570604582123	-1.7051622985003443	-1.7876599510683733	-0.6128881156875118	-2.5759610410067033	-0.9521407714701684	-1.662011648145296	1.1823522691029946	-1.442975609679497	0.3266726249831158	1.1719317867239416	-0.16340781136741028	-1.4554648154990577	-0.6130543841105387	-0.04341874068515177	-3.0211980673063903	2.6560007830696484	-0.7365002794263537	2.2168150002888463	0.25417882199918523	2.215131873208147	-0.10436776857358578	-0.7230775552774297	-0.43287433316962437	0.4827637215815876	1.8709672638748125	-1.470030176891955	1.5526230746857683	0.6533752580656599	-1.2709299109642997	2.2770902880059958	1.3762955709975537	1.3713173462801729	-1.6828649281199846	-1.5436207534606388	-1.3846511179066066	-0.648136256761777	0.14266334708012435	1.2840318481312611	1.328067032892045	-1.0293494264241507	-0.06101174437520243	-0.04766770672101495	-0.9768236064253669	-0.8165992621975637	0.33304014339152477	-1.531885838061996	-0.4995983757210194	-0.7079634526673689	-0.411311184292276	-0.6070117489176252	0.6979015702033549	0.16513553200471467	0.17990381551837	-0.030787381233759792	-0.13453713178563975
DTXSID6045325	3.027922939408755	-2.0303508820180927	-1.764169247778249	0.11291296124019543	3.1344796748217854	2.1545250469785513	0.2701479181535804	1.993013407260182	1.8249461457453608	-0.001998938828161268	2.2882531392460557	1.8168960626632393	0.27018633790572116	2.5048981830219392	-0.14667590579175338	-0.4402667311215863	0.4438213120090623	-0.543859186572788	0.14483830698213956	-1.187348525061327	-0.4986635366327053	0.06832101742902776	-0.7840481199238543	1.4669854360713221	0.7839215457451533	-0.36271032079449816	0.9233632015195457	-1.5946756282291032	-0.44155903304749256	0.8306455999104998	0.03266276595739489	-0.1438515248107091	1.0088718742929548	1.4815375374207234	0.015386072324384693	-2.4817007271707143	0.9151791695488976	-1.0957139984237254	1.052604743735273	-0.862338474352438	0.9982285029635647	-0.9256983770564582	0.2623688494276213	-0.6564656369039801	1.474389881957538	0.29785886867521905	-0.06850771759125965	0.5269388150423688	-1.2414427046612202	-1.1245021165624194	0.779077426821146	-1.0088702756697292	-0.2240601447083266	1.1892742450285654	-1.8164408712203888	0.7483100936077672	-1.1065820536433357	-0.6800850653283813	0.00802972709083578	-0.37694048420329795	-0.21675462756624672	0.6276895958952685	-1.290355607792133	-2.2949040280529194	0.5006262125653256	-0.20749163727409345	-2.3152998000303016	0.7555505489667083	-1.5739433202969386	0.5790663482549883	-0.2821434809497977	0.40020755691520965	-0.545427861846484	0.7528574090397513	-0.7738883545380113	0.1918542277291012	-0.46062717684009685	-0.2429074690320064	1.0132610936920978	-0.1967742712222697	-0.03218275293869529	0.9661489526011451	-0.22437975631085139	-0.33493061083387715	-1.240955611727031	-0.1469813322846526	-0.17266833966182812	0.4911215524190346	-0.9454562752205129	0.46317784849967386	0.5463049957899079	0.1332049839432289	0.2850680977386588	-0.5372997297216126	-0.22596495051420235	-1.3762833926889804	-0.6039060262751771	-0.35739977526093075	-0.23044076575361647	0.10186209923391482
DTXSID0024216	-5.169170225062276	-1.5974146760678825	-3.1558678880150848	-3.9354299770226544	-2.6130443963016914	-3.577847449219886	-1.1227801240983766	-0.372746472028486	-2.703675520302166	1.8282386389304477	-1.8085249080389403	0.035389426241100745	0.48565697933880336	1.905662897336475	-0.7505822261675134	0.11108853548934704	0.7011114750179493	0.6454699513222726	0.7295710993343667	0.48653572911831294	0.8334232994657359	0.42455653299360213	-1.839865831496049	-0.3350833979800974	0.9787766745080378	1.7926178024657469	1.4541997677213796	-0.9148697476595025	-0.47988356138772803	-0.23144472941433014	-0.021684636300281862	0.658027520422438	0.2960700083591946	-0.9869123311894433	-0.076030591021063	0.3010665970439492	0.2716036440985634	0.436508937894702	-0.24745629104817335	0.49084038907595445	0.5728070924773427	0.640333809773764	-1.7616539338656538	2.2176696211671723	-0.48126867289343517	1.113637064210634	-1.2380291773291474	2.374089939725637	1.8771773500834448	0.033766190476813444	0.6150543298873667	-0.2880438840966178	-1.4538762760907835	-1.4736189842732104	-0.7641608117078038	1.6865109826851052	0.8022658280260765	1.0657818129589125	-1.6829955882333834	0.40356866041028794	0.14761446493619734	0.46559290420444577	-0.6478345271842664	0.5027455756558868	-0.22028999630862292	-0.5444175719058587	-1.1794568131187582	1.6141574046212979	0.7358418197940426	-0.10946939340256963	0.841627843968612	-0.03886803428933373	0.4651820347865288	-0.7278860649467533	-0.57776281028654	-1.5746080849424071	-1.7272171780622179	0.06554012003274667	0.6101161289000289	-0.6988066562136945	-1.1191303607063492	-0.12307415149719711	0.0992645184421634	0.5377938006460684	-1.209466150952088	-0.25846866434953686	-0.9908625287546154	0.7424827130080122	0.7853762103617006	-0.5536260424231625	0.058404971402901566	0.14512665573110764	-0.44642845039426204	-0.6157281237978942	-0.026259390048526465	0.19321395077498688	1.1066651882540652	-0.3057603579096262	0.3073025156260165	-0.11885480049666397
DTXSID5052042	-5.725991237467745	-0.7933277063281661	-1.7346349398727428	3.8072616154936547	-2.661260744780433	1.4315612985528716	-0.8904560969200221	1.4469305752923711	4.892242435203499	0.8728016471308842	-3.3557443876054283	-0.4031994360771846	-0.5504350158713572	0.40294969272849385	0.9900094037930849	0.27765648786432046	-0.2070551947576116	-0.2720808664971851	0.00828129841112729	1.608186310372254	-0.3321089480244213	0.7310440908310494	-0.3876046578730792	0.46874428497145837	-0.38175280973721165	0.4733046830707299	0.41330848076412124	0.7474761155235764	-0.9261645490186056	0.1780404274203768	-0.6842043611673736	0.13102844217926263	-0.29712405063888503	0.21614527366663178	-0.5745550966596731	-0.15437783056626403	0.3337227945012627	0.06688435144141691	0.600550140848959	-0.0756376002013438	-0.6393711825562344	-0.19336547849868133	0.01691972781094839	-0.13945422790832498	0.036602431320183655	0.07604009366374401	-0.0636888229812575	0.6582799212759161	0.6574145320051367	-0.04729606407176206	-0.351240325232568	0.4681835710866229	0.039848124839398105	0.5046716865186125	-0.6928938529796208	-0.35921438167813513	-0.1380283221163921	-0.0525331841972488	0.5679242217513407	0.033700127103974235	0.8352975628257896	-0.42468083333413337	-0.015912253954095883	-0.37191672783727836	-0.28590071485084845	-0.18474264941856816	-1.1674290555162945	-0.34604316121056156	0.6760455050858479	-0.3725879798169678	0.2584806215588849	0.11831772659149156	-0.5407942992235006	0.47053776720866436	0.2095556409590674	-0.15789659682278134	0.32357638993354737	0.010041112537836926	-0.4174719324678573	0.3591064294491209	0.0691661704470551	-0.7015138007025132	-0.0502638225353111	-0.4792113403341121	0.5531388646934113	0.17552086312015433	0.2557799539076676	-0.3863146057075353	0.301035467137803	-0.1939413604243238	-0.07558718314540794	0.04925185836846151	0.6840830094018973	-0.1868177173253621	0.2185961065991995	-0.5032542300965888	0.27218894084060385	-0.5052949479623889	0.0029316556749693656	-0.8595515694677665
DTXSID6045163	7.196280206960221	-4.7548484409726335	3.8991397108947567	-5.476768452857338	-2.7622150116147046	1.6428426797184514	3.3817064483315784	2.6778329214587724	0.9955065541294476	-1.501986687518139	-1.4659238597671396	-1.8815492448717537	2.4497970067777386	-0.7619321194024351	-1.857409486825024	1.8988660461521998	-1.009632986021406	1.9115202126756827	-0.6670385163737564	-0.8774736250764978	1.4535999336163703	-0.9654747479769579	-3.4867101529398874	-2.889718681248867	4.230872048964839	2.1416100594778196	2.469848204804882	0.9778546414202195	-0.6353563431810061	-0.41578366125568944	-2.5876088327259823	1.1601673244237825	-1.8904221374460337	-2.06407342611617	-0.20500712345062785	-0.403234264998285	0.6007575448721857	3.637289751283563	-2.817360208408771	1.0992445943730211	1.8818158465960355	2.2572951293894667	-4.146030320470409	3.7238010910386166	-1.715667019710876	3.8979771419549323	-1.6817538351845973	6.069680275343575	2.8285723388211075	2.903062603034465	1.4142229462907727	-0.40830293799684086	-2.9215300988414636	-3.934722888921942	-1.4457905932464983	4.440430906548866	0.902756847159478	2.660634040153546	-0.9001923112922692	1.7497696669681568	-0.9450981394482006	0.6267884246632807	-0.24193236645557098	0.9705751126876255	0.6285259782927605	-0.7331777587634114	-1.3263601915643741	0.34242608222136284	0.8870017735419891	1.2157148537091844	1.6116624336248349	2.8105965326629843	-0.7077562366325216	0.7016851219905055	-0.8077573421554808	-1.498221689837508	-0.40070932467127557	1.7922434082073346	0.03296714666518389	-0.39035824174038286	-0.467252691317612	0.48001282099292136	0.7913682640779536	-1.5180012173815267	0.5821373627315255	1.4527031201905303	-1.4451435156675756	-0.8926083230504777	2.539401811008495	-1.7414548582764005	-0.04045797351211025	1.371107873218837	-0.8231064468390846	-0.1577846662430834	-0.15512631906966795	0.10176700238800701	1.2547044847478774	-0.16142911894286158	-1.199991277615931	0.1387014513501393
DTXSID9045215	-3.850879826805231	-1.7196202610548128	2.162641187645694	3.970811163971709	-1.6424841383698736	-5.692085334576577	0.4322251107730048	-1.2461319667988755	-0.4719862017346369	-1.0430055826624367	-0.12324687341765563	2.3874678475595075	-2.1243967138813327	1.4056953526007014	6.169179999372508	4.007318981953895	-3.4735399937252307	-1.01577729901767	-2.69782254695812	-3.2914316490404163	1.1375834895372139	1.6766909852082246	2.3247145814141352	-4.51835580599814	-0.08084154992351376	-2.318394004765611	0.2634661517206259	1.9830890469769955	0.2564174290946517	-0.10449338027568449	-1.2128677999008737	1.1035834927299726	-0.13725061110632575	0.15486216839281514	-0.17471442951464095	1.2792312144181395	-2.961816737421484	-1.2516207641108406	-0.34640182114591367	-0.7185714863910564	-0.22984204736498273	-0.5878759588107876	0.9744422498708941	-0.9378205154180391	0.7095709868130331	0.4376980870785157	0.3816644073432825	-1.0142002181935383	-1.4199723470987946	0.19647907441505824	2.885595159765536	-0.8990360746884051	-0.6644156586074937	0.900845896770031	-1.8656645127564178	-0.9490523711800428	-0.5793328436305036	-0.5527364430965933	1.3132624345876522	1.5914486061490631	-0.6822006378843748	1.791095742599282	-0.15733075767056234	-0.16038765999490637	-0.4150887260330527	-0.18664209095665377	0.3657019950920359	-0.532331031998062	-0.14098627340188657	1.0740244891227997	0.4468284103091812	0.6241054746006773	0.584274989526354	0.009489628158619248	0.8306989235342179	0.025217387059884848	-0.2112260487158844	0.0904896829122248	0.47157189366494	-0.2018448726103138	-0.1285924477773217	-0.17518761483013362	-0.6730244823397655	0.2399354093181925	-0.9813240200860563	-0.040326957143951014	-0.6121517425813526	0.3587190141008217	-0.30982390802133014	-0.22620565031445009	0.23086970391159248	0.44177232039387043	0.6550093609573114	0.2225413275427208	-0.1496746309479382	-0.0017848586113040751	0.1763386037875979	-0.11645877851757794	0.25064008833474194	-0.4362386506249828
DTXSID1044770	-3.8659216470788857	0.002491754610298409	-0.830815814382719	0.9019296716501218	0.025891991427579645	0.7361654063289991	0.9052326371527982	-1.4348849685038585	1.937149023280987	0.1218704589156987	2.9325725642371716	0.7209736528464468	1.2525106237626467	0.8850172651267569	0.4462235522473925	-0.6600515447127759	0.9441587379066563	-0.4248213347187579	0.4821207074705279	0.16083930625824608	-0.6944530026865436	0.7000731016005178	0.39178696503378846	-0.625571067870088	0.8014217892044794	-0.022789197064774898	-0.08475205477511262	-0.19787522480688904	-0.7121332492843178	-0.7802641159078902	0.24112856853339068	0.3218051725808278	0.0592475200545561	0.1644175558519406	0.24402447615738168	-0.3439004472618216	0.20789229842539947	0.20553413371008125	-0.22210302317919903	0.1013667549210326	0.5025924094189084	0.026056287644165604	-0.3710401049052048	0.05417055012083685	0.3405550479660916	-0.600145348830838	-0.7927934608979231	-0.8364168567652654	-0.2871814164950154	0.16853841244343634	-0.4692418768240026	-0.27587242599466216	-0.7784128328051095	-0.2832326073411407	0.2136156608002187	-0.41722360807742315	-0.18328135855510172	0.4810701739654376	-0.9007824310304628	-0.09192356115814725	-0.03686569555714895	-0.11844453471543698	0.3367234382540496	0.4728848318840854	-0.24853905267849638	-0.13493693542554186	0.054735320628536414	-0.11395159095432422	0.3913976651236593	-0.07158120594499139	-0.17730928523534017	0.29972489635759003	0.5958581867125541	0.4487359568077154	-0.6676967767614562	0.48352541967060997	-0.13526185432973978	0.08510992421284266	-0.3644160319371185	-0.3297276798203199	0.4288525991878175	-0.32748399904604925	-0.012769154318288328	-0.24866054674808433	0.21722123812574567	0.634482126216318	0.07318105012048633	0.07365195100717066	-0.2950318753823957	-0.05535970757903253	0.008972493759178411	0.25309092801953437	-0.20617447525386476	0.20965102315571169	-0.34610794542738227	-0.24333646505424575	0.5054176762344177	0.1557060724617019	-0.012001178818826326	-0.0484471819382729
DTXSID3038771	-6.3003459102571595	4.233740831783767	-1.8945778895183922	1.15789278942017	0.24763673645379985	0.49203776804161115	0.0752002515617789	-1.465034475631321	0.14119012732264227	0.18409822169246504	-0.09519656091293165	1.2160726728136182	1.8961113270985077	0.27472387986585584	-1.021130041552194	0.44608012767690103	-0.5112689045334069	1.3115770483496998	-1.5271108090286998	-0.16955158978329318	-0.9325580214621012	-1.2467347706448724	-1.0192198626348579	-0.5820242643270243	-0.321512968632849	-0.10512853979790313	1.1590922495002842	0.3608364359336955	0.34180905317940263	-1.0637706391378017	0.5207999859508896	0.5583490130205909	-0.8335848060654882	1.0650666421626187	0.6299368023882137	0.6143063476840207	0.35654626837679	0.33512849816451085	-0.9235438166331136	1.3815086062265767	0.5157762759745818	1.00631649640077	-0.13347168733806208	-0.6140316450795575	0.18883624533098956	-0.39682840113112594	-0.14984276632851132	0.16985374069348133	-1.3812748835272863	-1.4199861501269582	-0.49621870813595104	0.6365416754424298	-0.1979964317136723	-0.5085041548219369	-0.6296002043501521	-0.9901843361617005	0.5733140491446156	-0.9524356032104255	-2.1560683172909365	-0.18608142226627383	-0.49620793393021195	-0.2605632981972548	0.5738560231457805	-0.11780734378759453	0.4566721697956592	0.22060132622621645	-0.28015146791251044	0.686035249687999	0.04346866788346089	-0.21190932320291286	-0.4885409102461407	0.0264739582825257	0.407431347072438	0.1073564889656336	0.3927193696167261	0.48662983236319407	0.15937482349489382	0.2812165156046246	-0.10227517179310644	-0.6093346202126402	-0.6065900434214665	0.2797748603743418	0.14233468823339063	-0.1649506951629495	0.3515155601290708	-0.6338079849679613	-0.26456036434873453	0.3437531435289451	0.17236245819897741	-0.13955985220447417	0.284700579329624	-0.1266302627018646	-0.20483027388684133	-0.7417240549071531	-0.22662924854885197	0.21815093854994905	0.1642481075243273	-0.02870659430909321	-0.0723306095893579	0.11880457679019785
DTXSID1047316	22.260181566723457	-1.5376252217740112	0.26327454207790363	1.7430370049280275	2.0505569146678733	3.2057483681900427	7.703318761294593	1.4684600173373064	-4.463264033237923	1.1706815298807083	-1.756479122237235	-2.9145301372075076	-1.3967375962841062	3.3284232967455223	-0.04702469797868797	2.714900888886578	-3.702062480253404	-1.769404338533714	3.369694326990147	1.1641759584670524	-2.290681854701946	0.8975071680804284	0.9693553881545366	2.756145321722983	-2.22298437052916	0.3196784867913543	-2.583299207877519	5.274534242483078	-0.28239577744726085	-2.8953324792529336	-0.011255413519321366	1.133867030412901	0.9445153856008677	3.8881043371145183	-1.2315591407932422	2.0701241685523746	8.552415810569833	-2.2130836433461347	-3.3216597040946616	-3.7156597562602833	0.0034860611723963445	0.8685037537188033	0.26185667504556487	4.163876527590585	-4.275302230189843	2.031019459173586	-0.3802105106903899	-0.4088459576794543	0.8323637015719947	-2.8629922353794264	2.2030806487459658	-2.0330660581736004	-3.047838150574736	3.032039864639526	0.7877797943795133	-2.0464405532467995	-0.07469179743524289	0.4296967878180579	-2.7045764364260996	-0.47700496681435683	1.095891874164306	0.5353796368561518	1.824459344116243	-1.9388104060597664	1.5390136739146103	-2.5277754582671617	-1.0643647254392552	-1.6982999105913825	1.0106127739614186	2.3966961917790774	-0.9743752807452697	-1.2055313032321906	-0.959726847431736	-0.21796158348550165	1.2309799437910616	1.3565534001313775	-3.1422455639151963	0.8490338512763862	-2.1915764355560143	-1.8170995442302378	1.810068692304018	-3.590322786036448	1.0331625014758077	-3.441328158329698	-2.3336091472565235	2.9735821860944727	-0.7661178055149435	-2.2146530743400326	-0.30767663439725074	-1.3315397803464857	0.29463617234738554	-1.404917481454882	1.535060084048753	-0.07189470744807432	0.6403648281997452	4.856074318790325	-0.3206918941230279	1.3113891529080741	1.7688628446391232	1.3372256636512263
DTXSID7033105	2.192246300779644	-0.2178572350721406	-4.795462825459469	3.073645406779888	-3.7882582934449776	-4.359052432479209	2.453838018570728	3.393635700980434	-0.39706754716735004	-2.9342986231312107	-2.863621093787883	0.8395474900149346	1.4747107424003414	-0.6662597469307107	1.8674459845569378	0.6242049468553833	0.8455861780746785	3.408468272890575	2.804399246542781	-0.3524768943255121	-8.229948012601538	-4.388501189941656	7.805429817955636	4.364530842679955	5.135162276478664	-0.29175673842906924	-2.440470443364266	-1.5363347366633244	0.21719196143482436	0.551871595224612	0.7293325930375635	-1.1989145725611148	0.22017483741161403	-1.3332267011160874	0.8564802063824987	-1.1126459600408405	-0.2900716775563583	0.6309825330388243	0.06197712169118337	-0.6418394089651883	1.1827288919099979	0.7071850741210643	-0.1451815984799393	0.3215318597645215	-0.05496552069232613	-0.035346139242661286	-1.6248225685762852	1.2891231512692454	1.4797149806225	0.5228356154173416	-1.3541901722552596	-0.03582804874463547	-0.3087540935572374	-0.7627895578364741	0.6322543523294603	-1.23910907154424	-0.9843078046911788	0.21936390926569824	-0.1612302366120615	1.185481373767799	-0.2881571336689524	-0.03592447049599562	-0.13374379424109464	-1.3899425961460148	1.472907839525115	0.04393373898885568	1.219110047599207	-1.487936141091741	1.8753955762684011	-0.5710919622664357	0.3137923279378945	0.42860322877260876	0.30797986830844626	0.12444083957202727	-0.8694439479121031	-0.43876179486306327	0.6375322196349961	-0.15390755078620402	-0.30318349310662274	0.8514472709650867	-0.7859031923835329	-1.254562270118704	-0.7235114494817353	0.3582263075035766	-0.43877326847168086	0.8343159976274086	0.09265650384998324	0.7080693648216507	0.36057517844702147	-0.47146244728340475	1.3915855566989106	0.797875664610767	-0.38869253779137003	0.011924543159907394	0.7138174688954408	0.664070537078861	-0.5159804253552066	0.46222314223389005	-0.12504513465480818	0.2877642804505296
DTXSID9047623	5.937121626137773	2.995711362202437	-3.805757391909593	-3.23720346636267	9.845815031304681	2.7492020915637227	0.2971632106686417	-3.543479189425123	1.6214951233746862	-0.9921980995802351	0.5415246878996454	1.851226701715769	-2.723681753933423	0.7773095501035543	0.047060160460656225	2.1988252201387497	1.7765790685797749	2.931999552201581	-1.3544307908723596	0.7177752641512019	-0.019039473031935046	0.6908607560904566	-1.0523066626240916	-0.9646500601177422	3.1379073552096215	-0.3511940255191769	-0.6478652793763973	1.8505642383506349	-0.9026914072523136	-1.3474576076847262	-0.5660220013886743	-0.8913491820947813	1.9129783799782638	1.2136489385766656	0.7835794676498027	-0.6678217702259315	0.4208653131082113	0.5901138331422131	-0.7215563122973411	-0.021439833333065456	-0.05028349844484382	-0.573666699728092	-0.4282527578965129	-1.0817548653628748	-0.03843972268316953	-0.7475613100220694	0.1971326111814645	0.10921631915116357	0.33084536444611845	-0.15592474481768961	-0.38767114113117795	-0.17549094362470702	-0.3927528330208868	-0.7466839877944424	-0.642776750975114	1.0661781566665423	-0.20807693672605593	0.1422164714249768	0.2362947773493729	-0.03639035030253822	1.2164193100773801	-0.6681581073841223	-0.334473195640331	-1.246389952968143	0.25037338613917326	-1.0949446864580241	-1.422379732915251	-0.38521616156754346	0.03054962718106717	-0.41433957727849097	-0.29412919770473106	-0.49643889146148146	-0.20969665653985878	0.2800247046703361	-0.7268265583007266	0.9812449568597102	-0.5182503902766585	0.5746706107901324	0.5046471378353533	0.4964969126481567	0.462778621765255	-0.51081496517637	-0.8233551992524042	0.16587115475710904	1.0271187770704941	0.8392356587471894	0.20465550003214675	-0.30866171298433703	-0.04279041501922546	-0.12005949606462296	0.4837222144992096	0.39701603721081863	-0.08196686163254699	0.051271175132236495	0.06685775006506733	-0.4571767920592386	1.1297015156252954	-0.13329173812909031	0.14989321470090167	-0.2427120900426659
DTXSID4047961	-2.427181696111506	-1.3899454538643377	2.6945248487010556	1.1347410524292902	-0.9049787282752605	-0.6588345007083083	-0.3552621116150368	-1.7312424986176966	-1.242016820714753	0.9684869786113649	0.6817594356901571	-0.9699657562326136	0.6884483152386511	0.25646849662430876	-1.1183118459378067	0.5873467141498598	0.7357990792852883	1.0432538063579526	-0.5728266836143889	-0.3535613979029129	0.2534841777130303	-0.3071189668041456	0.014159317010484732	0.22222892241915568	0.12665412494694991	0.3272984571207909	0.5930240436632849	1.496548479332313	0.5584590528978268	0.6552108354194687	0.18357003037180347	0.04399049717828801	0.2635233474750193	1.1134689769284551	0.36366202455196334	-0.09680423082089647	-0.14278404932410085	-0.23129782644514685	0.06403116878449398	0.9197334685613414	0.23479325347675853	0.8565291838359318	-0.3633796160683435	-0.27906786785974264	0.3220914873542081	0.2994425278337276	0.772725631177583	-0.3346189911196503	-0.9328934794760105	-0.37424946348561805	-0.06578740889094967	0.8202536977430094	1.1215344045087448	-0.1528435830931074	-0.31635681663127846	0.7780486570664961	-0.08123954073902766	1.154258636613408	-0.10572787581052137	-0.184171851602541	0.3003345737171442	0.6211557812586848	-0.3839987667090469	0.2749991322989213	0.13760075016367224	-0.151359498724996	0.5907475162124689	-0.211194029279689	0.11270052235122138	-0.20232643129756292	-0.47035161254899144	0.5909817535582308	0.3499460125422037	0.2180720663420959	-0.906893120400685	0.024601537084376575	-0.19587361155546448	-0.32262439385001046	-0.17995358518477175	0.21999820531328135	0.27767475644420747	0.06682163996252291	-0.10527293264862787	-0.46386742610453047	-0.9669366151956799	0.004613416870945563	0.3979241702161877	-0.38729586156339463	-0.19881795556907145	-0.13536768440821773	-0.19706499101642422	0.4794498636554056	0.5935494507117982	0.2587683002694749	-0.620193136525437	0.5468269840544561	0.24925136810945622	-0.39941831095408875	-0.2830174788382851	0.1013631998080369
DTXSID8021646	-4.3371577382237545	-0.1222658812574453	-3.7572001276310654	7.995363599140096	2.230411854183033	-0.25390012263252715	-0.8621500371889681	-2.873233056273377	-0.6263533529545093	-5.902419611225959	-4.0417150294037585	-3.384741215777372	3.192957692689809	8.714207956397331	-1.8067829031505118	-2.076078225717475	-2.0497207581113948	-0.19720642445993622	2.974134780783208	1.2875950912803384	0.47086194217324673	-1.104516654494767	1.1027066296059571	-2.4487511170328635	-0.7376399458053667	-0.31400776969483163	0.03271218289384178	0.46105469511940367	0.3261736145701346	-2.2450748540248604	1.6395855819627827	-0.058972804198429346	-1.9642700536645026	0.6095768524712512	-0.398387704729863	1.1485443208026462	0.09125385555458164	1.9699765601694257	-1.4894899584708454	1.4643366676005372	0.7529995662012924	2.0263119385127837	-0.29837414868343165	-1.8221623530814088	0.3205734112925154	-0.6110571932419951	-0.7363851954079846	-1.3303815435797233	-1.2184611276704609	-1.3926293088697568	-1.9890097865755951	0.528842710828333	0.10244189976299077	-1.0701575433435302	-0.7478304005684369	0.4618864465000309	1.6426817183233444	0.3859378155041503	-2.662036974391599	1.0544345743029528	-0.16621950213798842	-0.5187718652570593	1.3051564078460876	0.9525995516104018	-0.041445600225950355	-0.12974576073904948	-0.8390738177976896	0.5010063781871977	1.2580322115254312	0.36225175703663903	-0.313526582856824	-0.5916869015071912	0.11398296598477334	-1.0143722349092443	1.1380242058775873	0.3961069764436788	0.8252438211668025	0.7523745356623635	1.0081343418581585	-0.43000313846806776	-0.5118301054362764	0.9529163677630472	0.2943113633305682	-0.3487585628948571	0.13118561571633258	-0.23304736189220995	0.14219158518196004	0.9901152129888143	-0.13885312082753423	0.38042868581416617	-0.061128146994737585	0.03730583886415326	0.291279639417671	0.28138482054402414	0.2382046774766073	0.6861813229431476	0.2000677589238047	0.07408302980900207	0.8582747430201758	0.11244508067027448
DTXSID5045170	-0.43355273000462097	-1.5931291981933864	-3.9932425958119464	0.206564497404148	-2.493325107790106	-1.527148676975196	3.5019679784477473	4.817679002571315	0.35543768310638296	-2.2040633124123246	2.2005207661866453	0.3715848407472503	0.24798464454282443	0.05343044892090696	-0.22614890667426052	0.9285944669964677	0.7566302223173246	-0.7103056857156546	0.790798069952159	1.0447301612311664	2.003823252696276	-0.5812972383315854	1.5247228966571926	-0.16760144409348135	0.048629902034603344	2.4886257137124517	1.2283898073435282	-0.6417038595120571	-0.7448865537547268	-0.3323761342820252	-0.24853526571980164	-0.28457234537171616	0.7313550227429307	0.11395856697079952	-0.3760605433103429	0.38046550266214696	-0.9608764910624288	-0.3479641342708096	-0.08889148128139063	-0.5544625351520192	-0.06752768357038777	0.37178111070512343	0.67617497688108	-0.128067199783065	0.11600653786537285	0.578073226313422	0.1649433613361825	-0.40333368460444213	-0.23053980185663397	-1.6629020055632284	-0.4724591855963965	0.019983834134646196	-0.22259020084536377	0.27153150348516625	0.8094354256526098	-0.08184340440769598	0.48129847066454085	-0.4069689643712559	1.839202537762458	-0.11866570018951586	-0.4357555941343764	-0.6853131977649146	0.2289816769909184	0.11131518834071684	1.0060552375960217	-0.45663387382713655	0.32471317513955145	0.1520675532693834	-0.15023657538626373	-0.23376324401466383	0.8954320880387545	0.6769876917259336	-1.4471100475238907	0.3778009317569826	0.2353081345712996	-0.40343270980429574	-0.3441874944993316	-0.5352848606124924	0.020883108025381774	-2.136567988169269	0.5104933385457191	-1.166894187575019	-0.4340199843083355	1.8460496624271736	0.14011583188382734	-0.2858817566253757	-0.2765180453524331	1.5287692581457284	0.039377359028440896	0.5041092766847085	0.9977833472067513	-1.4605562661627596	-0.2967181197487191	0.4383695028165859	-0.6772751202039987	0.5264551158603511	0.7550806318869164	0.4605138557611627	-0.9084585607846647	-0.3469324213402184
DTXSID3034957	0.9537461558790103	-0.9708385737009322	-6.009827609338926	0.11279260568747393	4.323569262496227	-2.0852315257721865	-5.2974246076740625	-2.8582633393553314	4.41621495957821	2.2252188309672456	0.2440152504436625	-0.32436593819867837	-0.6828228103805779	-6.12640268964105	-6.652450272767829	4.923085413773014	-7.490585069742579	0.2912914762204361	6.752700922957944	-2.9838701024161765	1.2738904001270763	-4.520753999079801	1.5273318305141739	-1.242636664437248	-1.265546305811296	-1.0143890831275237	1.1221001132348896	-2.0125511266665277	-0.1260222510469381	-3.2999464821298914	0.4154587285174481	0.9166455882465396	2.232263698321322	2.591438570476741	-0.7461852680469464	-4.577218817731733	1.7971507164932043	0.637918035549266	-1.137123249066162	0.73436782302561	-2.0287669471929535	-3.103378456808035	0.24211044809801985	-1.3572235888841715	-0.5110678569532255	-0.9088907883436774	-1.718325548987979	0.12405194746533513	-1.5600204047237587	1.011801801483111	-0.15737006059666	-2.307483148552157	0.4240906817310377	-2.574773284117281	-1.631292521541964	-1.3161982534228123	0.02132156743645241	0.22321819961286063	0.831674707970278	0.24494163298004407	-0.8829134355933775	0.23461694896971694	0.07174785036158396	2.4592473987193304	-0.08306464187411769	1.4244086782334502	2.16456195468662	-0.028638938581975495	1.3520390078159725	-0.057266915544754625	-0.7520272398310517	0.9932002777611479	0.6481994844235895	-0.7264814375612618	0.07536190407463163	-0.3739956985261656	0.11983634886217871	-0.4158773596936885	0.3395314148511939	-1.8583009010025526	-0.2955186039768566	0.6960730682339114	1.1421841521717733	0.3459099282792745	-1.0344332114898054	0.8644904237559423	-0.7155667981463999	0.43435297379195353	-0.005312271994358704	0.14248979496261568	-0.7687250419485391	0.29677412312892276	0.533712566133352	0.33762660237243003	0.8163952148899758	0.04946483837423235	-0.49017251947163	-0.2152852408212491	0.11453535458266934	0.2877059996639645
DTXSID6032354	3.739027238477963	-3.30432674628954	-0.795837382212346	-0.7417610675952261	-1.6754913018878335	-2.0011321093410435	0.08812254626457301	-0.9144647095261008	1.7912072602749118	-0.3883838319453852	3.295888366711374	-0.06553881768680232	-1.2772405555343749	1.112124454350111	0.8916804540149209	0.2171977427957996	2.0989603988749743	-0.9470454664241902	2.156326379547928	0.9258181297450166	1.5743058560540808	0.08558301724508716	-2.1012979134161203	-2.9525364736596136	4.5823494696143925	0.9453615021470773	0.8069638874776673	-2.3948430602119384	-0.11012815757249142	0.62485004674104	-0.48723880998210967	0.7253961857638441	1.2378944685801818	0.12567127076783183	-0.23561880367704977	0.38239771795788524	-0.9648022888245373	0.8523134067772837	0.08599122048348881	-1.8169356301148896	1.4992870945448031	-0.3034064345014815	-1.2741395776558466	1.6084301661738563	-0.03889704301334737	2.9401528443119225	1.2039125930399588	3.4596732400550017	2.611306909448458	-1.0863883434796175	1.796088632536598	3.062735379872105	-0.6546759360713227	-1.9147448700178151	-1.049152987000242	-0.8964706297165134	0.8769257487499331	1.616942311065093	-2.6171229122764053	1.0142846900779932	-1.0473888166400025	2.83643758253961	-0.09708183945682891	0.6462099121120175	0.1555651111508997	-0.8938310408934363	-0.38001772115188565	-0.4159526899088089	1.255587940252595	-0.6362902917223349	-0.7434588480018989	0.9651544292708286	0.0017585631595717801	-0.23865210613940685	0.6700761532274594	-0.03415846680344227	-0.8153910203369354	-0.6275383203942952	1.1976548013883659	-0.2877805076108718	-1.0514221700185307	0.5982928371825029	0.5693953138546882	0.4244045969569411	-2.045144573885848	0.3687815067824822	-0.1443720602845752	0.8909056882361832	-0.7264677328142338	0.05521666991989592	0.28710748168015743	0.7466032018756309	-0.22017182180486794	-0.11352450033243533	0.6055396043362803	0.25719469204619233	-0.15076683970377192	0.638166413181479	0.31292468016227765	0.4181506542086285
DTXSID0049288	-6.603033979722885	1.7677362186643821	1.0904712937929393	0.23970573181332078	-0.08005873123410857	0.9710646691633982	0.0333742069351044	0.45560639854481333	0.24084524649492306	-0.2526000005331047	-0.5308331624371676	0.7670827181678402	1.137960792397445	0.6133701020365578	-0.013592226563103464	0.027158824288076686	-0.7069326140390301	0.4071474367862172	0.7243235432232407	0.13526355921472635	-0.7012469776983323	0.6966858811818154	-0.4180954281939525	0.2156704684355525	-0.09936942766796285	-0.17166384989552377	0.12129757650641404	-0.4674901309529214	-0.3261952601142432	0.5126371185468835	-0.27290886958950833	0.0680414410754203	0.032106912386571415	-0.22036410866941566	0.17844881674615606	0.17410873066741794	0.1846944140584503	0.582948962545415	0.18631535153682108	0.09680192329433493	0.029963670667515	-0.28969231510414917	-0.3441004779500919	0.4138690026512471	0.0685742906649318	-0.5920201486451764	0.04283015274855969	0.262085875606505	0.2261714132818265	0.09778114931989634	-0.13037924876159182	-0.5155189094281837	0.1958162660060153	0.15111833213500497	0.19550772061764496	-0.04520259481587924	-0.2585230588193371	-0.5727800315772665	-0.6245588320023674	-0.4568782144358333	-0.22416165498678287	0.29612235982782326	-0.005704867552183047	0.37487094419460637	-0.5571722690207165	-0.1318226481324298	0.23574540240528083	-0.3060426597577638	-0.21588086869542394	-0.363380181543503	-0.043290197139811894	-0.32366651398467366	0.1531912241850777	0.7398447039020013	-0.32047269078435947	0.1596024079540977	-0.12254334871432164	-0.5325329202767395	-0.38689297721076266	0.11349903325141482	-0.24668923633462644	-0.6308259609429998	0.045875204226326745	0.0022128932067673316	0.20048510395766436	-0.3854578328039776	0.1981335541910851	0.8835917451200628	0.37924341320037397	-0.02148396414170145	0.2105821664145337	-0.13566126995710648	-0.10096118402586245	0.30658528099486293	-0.6731235233859368	0.17045666843110469	-0.4581054259492062	0.19483432579264356	-0.324264716889683	-0.011433971210727886
DTXSID1045740	1.9229933853772698	-0.6584283452426399	-5.095738583985236	6.706252638165991	1.5838231865911996	-1.1457293472370162	5.325503789457468	2.473573336612295	-1.3353698938860423	0.8622294808395079	-2.6644856504790506	-0.03212537393789158	1.605588454207733	3.7762372636098003	0.48574654399383116	-2.143854473319404	-3.6755236464589496	0.16720128871167445	5.765248839026702	1.2124691725150307	0.6845464212068332	-0.5702053122227518	-0.2564062556846162	-0.950965016856157	-1.080625879173728	-0.21949832854389176	-0.8468611178137125	0.8113778998341267	-0.29112943405159464	0.6392016229238386	0.8042756988146085	0.23852722114463587	-0.2567730766855632	1.430496923575866	-0.4192707255090246	1.612186868224879	0.20991863777348707	2.53746452284353	-0.7320968663716035	1.0322433859353477	-0.47371367464210823	0.6586420243166521	-0.6618437259942707	-1.8131712583814243	-0.16116417185058896	-0.2900633736406992	-0.6607489608354908	-1.3213866940659358	-0.06030935089769931	-0.34729953701817645	-1.2795368566790073	-1.150592825206065	-0.4670980652496416	-0.9253794377630277	-0.9819020710260109	0.5403328330699603	0.18643309808582753	-0.5818563330359503	-2.34545189344828	-0.7992054339706479	0.5766349363788768	-2.3555407084138555	0.9228497007610025	-0.7862029723378184	0.27658852790297667	-2.866652666903238	0.5880276452465032	-1.1116902951268581	-0.523231516670794	0.7955371142068451	-0.9706665836439495	-0.5231687581471848	-1.2127845556915207	-0.6306796863636972	0.012817016295199754	-0.35338526293955935	-2.251643124759457	1.0550660131562604	-0.14973022943329994	-1.0855877793387538	2.381007673345923	-2.6555052114138364	0.2780729403762988	-3.2670091352524584	-2.974878040287697	1.7366907776858465	-0.9030627073538092	-0.3371262464954405	0.060794277650687935	-0.4755665436767373	1.9796065308023123	-2.3265123945849857	0.4949761246234427	0.6587338766152548	0.02489694672885102	2.690594655888002	-1.0918960190573233	-0.47516677634793475	-0.19253449170672446	2.617309968779174
DTXSID5046194	-0.19596477915295013	6.537311854474075	-2.164202726944206	-0.8570530669318539	-1.0616382239643969	2.1282373874280465	3.664157992559152	0.32839339995732436	-1.4570767658927388	0.532623905600079	-0.8854246219872445	-1.6041109077100597	0.49440568314308014	0.37947286184160434	-0.9338437416563058	3.152745986888694	-1.2069988700834304	-2.8049816241991943	-0.07986607812548224	-0.2424383652961705	-3.4745848077880295	0.8575104828930604	0.3921479226928629	1.3345959525699689	0.09903885738498654	-0.058304461092956984	-0.5199965117378653	2.3190998999335393	-2.7499111191488486	-1.5935828192686605	0.42545552042791235	2.919968408985837	0.3270660971092332	0.37320192567514493	-1.9773914909010006	0.8138017742852932	0.8993514489539131	-0.3218973390128175	-0.2695379395499929	1.7587519232151425	-0.3202190019537705	0.07942594828551615	-0.5061277613769357	0.13237796828614287	1.2887235763076883	0.34238851380451524	0.3740826357756284	-1.3130687720079526	-1.3876193369389613	-2.290274705180838	-1.550038861009877	1.578247535816419	1.1133016577447143	0.03919801151551848	-0.19890233754232653	0.26747071249242316	0.4657314418783572	0.012811468747658988	-1.9198872505908522	1.1962783597169218	-0.5693018399085138	1.4864375520150268	0.9776962998428451	0.7198598633416455	1.139781684294283	0.12847988586991893	-0.7358288645957495	0.6316251417315312	-0.31237495535497944	1.3708438982178126	0.02415864654168134	0.15110793513745882	0.2900426796862563	0.19280443637537117	1.242926817476612	0.30705465553314154	-1.0213694725716693	-0.23688906188399714	2.0588268091917756	-0.3537497027572121	0.5644824746555045	-0.043528409777549126	1.3136487957988332	-0.4227584846311984	-0.7931635393603866	0.46527091452007857	-0.5551257918222144	0.3147777350650915	-0.43479618038511314	0.3914073202033891	-0.27313688458149765	-0.5297340947994436	-0.1633578767805698	-0.5494422994515226	-0.13109001466333584	-0.04618199270248103	0.045010585958212355	-0.23749094777497168	-0.4791423330853457	-0.18143600831599874
DTXSID9024304	4.848631574863497	3.8279152656775826	-2.8914140591996476	-0.10929239326841557	0.9661387812357298	-1.2116517157440292	0.15297890771636158	0.32743664466924155	1.9729180216292344	-1.4667816831269644	1.3929259357092876	0.44480843465986314	1.5460153425916496	1.4104512959893325	0.22414373032334245	-0.26922651052697766	-1.3404303160171287	1.4551604051769638	-3.343530812964639	-4.149163131460985	-0.4306337119906459	-0.07330679413995929	-2.511342324179535	0.9898770246289686	0.1695730543588529	1.1841566606490552	-1.8575790806859265	1.4664154738318225	1.9071882498805544	1.4005635112864638	2.1267343604757474	-0.8570670573521684	0.9151271257168992	1.6165605929079685	-2.208083133221053	1.0872782942349566	-1.1909052195266858	-2.4471218695552523	2.508756624376966	1.5931157964729958	-1.2848825264408426	-0.8548706840129877	1.6624577129239935	-0.02773406399207472	-1.8947801248842628	-0.29688212658594854	-0.054575346925004514	2.549351849091962	0.4953100108073109	-1.4403457799564643	-2.5163705686814866	-2.0281934035036184	0.8312687851308982	-1.3225251020269202	0.5812065773420151	0.0966877847665928	2.063734419262002	-0.5799817585554464	-1.033669385940272	-0.016763295259601057	0.1133828305329746	-0.33751869700281384	1.8532181663135197	-0.3499925871923753	2.056811221934743	2.3125090427144688	-0.5834794586846894	-0.04290572570304152	-0.8705509552333714	0.12902981505627006	-0.32031050640180253	-1.3581801726460276	0.2755133708827887	-0.8246065130634154	-1.2208907780183906	-0.40820077801677446	0.005129101853419277	-0.4753599728752078	1.0919286553289647	-0.5202332021819771	0.6940098876883266	-0.37593703701463066	0.5302505787330313	-0.47906313981742954	0.9502491325856548	-0.48284563531741287	-0.12327886550451819	-0.19182615223925076	-0.3307640243485157	0.031267359864408026	0.6655029220894927	0.2057784016123244	1.2400597870488614	0.23720292792742706	-0.32459018572357157	-0.36710443717627594	0.0808843915966389	0.40252047821115217	0.24589516973460926	0.4925876907576481
DTXSID0045626	-2.5446475338006525	-1.2205128464633912	-1.5104412141296806	3.809099682791201	0.4211137437080954	1.459435050827826	0.6116128936068785	-1.4363682865381553	-0.6037999868662757	-3.5859213418640796	-1.4606708511754631	-3.1149500289412	1.8454420144357613	3.8229128118438567	0.03641121780096561	-0.779549302624932	-0.6660723450711128	0.6775173304354399	2.067524472875144	-0.02989621064376245	0.6226957946556188	-0.7411830180674495	0.5923437048334581	-1.018479441856682	-0.5144906515677031	-0.15912170980104212	0.1066092355902543	0.7714188322224621	0.42555106695212985	-0.16871709835248216	0.8839151072767276	-0.1095480837558523	-0.8065101464053395	0.43556905778631133	0.13770004760365612	0.6575724666556649	0.7806356442816828	1.4500422543778169	-0.5235872680798994	0.1251488468552216	0.6213724561580638	0.5945547450547107	-0.8747728817481398	-0.2688253135329118	0.3831738265586222	-0.4273171435709987	0.43654566587785465	-0.9852185482239008	0.06444267801990355	0.600610622768441	-1.2164169641021412	-0.8114914301957314	0.27317594756907054	-0.4299426647580342	-0.6489469671181162	0.83828052390571	-0.6791258672307537	0.7491114375645065	-0.7947985837983126	-0.3091686863202645	-0.8161824332179402	-0.4950644013875299	-0.2341101135587417	0.9037953199064581	-0.5656507929096617	-0.2221048298631034	0.8364920239703638	-0.041295514078937716	0.5595242044205501	0.10744061206351121	-0.5813600467077958	-0.18326172499308216	-0.4264693184338371	-0.5766665706886694	-0.3680031095753917	0.6827606893718475	0.8135443902655694	-0.39404381989744774	0.07773750643231997	-0.35636936597032726	-0.20514574539086874	0.013136403861790007	0.04337260191593679	0.14021615523390404	-0.18142866103477234	-0.4572056089819375	0.42754661057003707	0.3431720865065998	-0.12189768581115268	0.45169969411597866	0.45040235210637786	-0.13030053474448924	0.3283049809400432	0.7892046822035412	0.051801414557339845	-0.04161087662218463	-0.5240370809252907	-0.4023975849824588	0.6837617681392687	0.5717792620113084
DTXSID3026726	-4.5032507256936345	4.74204799649743	-1.3818382832477076	0.06611459500564788	1.6189111007831452	-0.3857619653605454	0.521476191290748	0.00862049770713415	0.22861246714747985	-0.8928720957250581	-0.42820851532596127	1.0920762783831723	0.49328839108231637	0.2716476713489732	0.29139110869959933	-0.1443622184751283	-0.10642824831226218	0.7688655516312424	0.412054804729697	-0.6358287444217331	-0.5091128470657816	0.7687974361129336	-0.5999659934991904	0.9998715938922081	-1.1591610449204433	0.3834432580487011	-0.26181141394316426	-0.4162431944133475	-0.48633737299482666	1.5289971318300664	1.0924069359928736	-0.1491669794063856	0.13394432847655122	-0.7267696291004418	0.41158737247960786	0.1644662299256715	-0.17332745306299893	-0.09334795747989982	0.2026783167416967	-0.7842402028073882	0.1282985068398064	-0.8696572831934138	-0.36075664022972737	0.18659621336855778	0.3887094862714727	0.07843300830069774	-0.22752516592745214	0.6472321086692573	0.31323234213295487	-0.4671727802190821	0.011096664405150659	-0.5193743096972953	0.019501724385513564	-0.9962623064827473	-0.37800116716279053	-0.752766937826016	-0.6215987022648853	0.2598761959709445	0.6467865067087218	0.36824188121547513	0.2061533891055971	-0.2022016400989144	0.09358415962241166	-0.0369539940634797	1.1430206456706087	0.554378901666285	0.2082205067573093	-0.326612347679264	0.597651991502307	1.0886243782658742	-0.6374126445320901	-0.8289814134534136	0.6048513437109933	0.1030691734808256	-0.14377490623726705	0.3241819378183133	-0.047847857103994695	-0.1848916436141305	0.27216953435014507	-0.0341694306248303	-0.09364474381877894	-0.5397929571762607	0.32858004331379254	-0.17158215500419485	-0.23239690816973863	-0.04212753401453011	-0.2718768580478021	0.17578035951909918	-0.33926200743450163	-0.3412144663194874	0.668830052168198	0.6640718924983049	0.5629278991756866	0.35454769971003747	-0.6712101936521943	0.3553249824387492	0.18220074881102305	-0.15475468716608162	0.03973676145781847	-0.012192614706598845
DTXSID3020093	-6.514619016408286	-0.8374747432292601	0.045499192384072025	1.3983063400752764	-0.4884750707972877	1.6178670338094436	-0.9590901734265344	2.3554557420272055	0.25102919329052653	1.1885093991683784	1.2130283297940132	1.6064969849581519	0.22007351790211527	1.5205391829553156	-0.1549857398580892	0.20921051078212693	0.7264015692357824	-1.070634250420692	0.9903244868493613	-0.2631187809541926	-0.1285051234042068	0.08910886696209566	-0.021682702316885013	0.30948006043277376	0.9816898436966656	0.12141300823037472	-0.41649406111054976	-0.5741299656044351	-0.1795216054779611	-0.18692824499809668	0.9046874598057704	0.6187523577500416	-0.5855475019822436	-0.2546358491218882	0.18493789871496802	-0.16826746085562386	0.5152485053323868	-0.47633501611263357	-0.13702092086528353	-0.13169491579332618	0.026347363292851186	0.06620675896610963	0.15517611182271177	0.6863958079850958	0.10741635445753527	-0.46190576484442375	0.09629732833569461	-0.27409715502227977	-0.8213594325509287	-0.05204298991467169	-0.08451903956939075	-0.4650034582188488	-0.28077909276331453	-0.22638096552985756	-0.43273494638276677	-0.22776332832197024	-0.1722943617812675	0.060413770697053344	0.15421606302989002	0.1286204657320971	-0.30141579396872004	0.23545362379333232	-0.07780691906388958	0.7945200990539478	-0.07523161603658467	-0.6101818471819574	-0.4529172605159257	0.0060767119866269965	0.5642333380365947	-0.18646082197695718	-0.04133623855536605	0.08104785295626894	0.3217448889141453	0.337716641623666	-0.365943934443454	0.5739606364343739	0.7865085489233398	-0.0945707934193914	-0.32574490616178065	-0.17115640539114782	0.22213086717324454	0.2443698856971341	0.10263752805689351	-0.44197730299899385	-0.005854289392525015	-0.11555589019497074	0.2507562289850347	0.1141603931597717	-0.24041481540762633	-0.12553129542507133	-0.16156688068256428	-0.1301877886438167	0.3189430058747534	0.06199524187567391	-0.03912724945101777	-0.224122680152094	-0.0890294982154658	0.07027198170839175	0.008555509003623814	0.02673830675120973
DTXSID9048774	4.888372418185733	-2.5930202088383707	-2.291396811956372	-1.7646242186226164	-3.036910870843891	0.06754630580327857	3.694020598755746	-0.0726110118390144	1.0756831599675543	-1.0500693845672713	0.3110189143646141	-1.385939624157666	3.377994490426755	0.31962781278969643	-1.178814568066875	-0.614045452638311	0.9087355300077137	1.0368351446642652	-0.3490469010994795	1.8520348044655806	-0.7168733324497737	1.0950423262898474	-0.33402952897226756	-1.437572154421685	2.123353614797237	-0.05728069455302114	-0.4063907702965406	-1.1050058191121963	1.1589233204081233	0.3324889253700883	-2.0667506413407786	2.3722473394186294	0.8456702306424557	4.373477076978622	2.4170608603605226	-2.9048695525015176	-3.3463342469404855	6.350820842919594	-0.28292392701492836	-4.5195812063851	-4.745050661618516	4.355151874297534	6.428089008059509	7.216518008830213	-0.9804096123895089	-5.039111623405931	-0.5863673800731821	-2.952338759303612	0.9942446724900876	-0.022804386474225898	-1.2069302408660707	0.2662988406496998	1.0293530631859056	-1.2003666667548505	-1.5114273862458587	0.22565497432681927	-1.6765470821402664	-0.7232701154426846	2.5880842674512996	1.8232281413746185	-1.6716647312015982	1.2376460628461738	-0.6273132008232797	-0.9404517682534593	0.16500686815888393	0.9497073711438044	-1.2955176575120324	0.7002736377708106	0.026908766100609896	1.0712668026162153	-3.1608631159925147	-0.017594030190806503	-2.1175599126411933	-3.7771043259976222	-0.7968291229471919	-0.5368577626799221	-0.7595991230529393	0.2726412773722348	0.9715270280617858	-0.4852068472065128	0.07303230129247225	1.6371516866121798	0.6417697321667993	0.2375239762449017	-1.6718949976322708	0.37565378226573026	-0.5302812823370905	-0.2845036478583654	-0.435079459224295	0.1941263968956647	-0.7214512486290549	-0.5879980065784676	0.6113196946525943	-0.5047475053326685	-0.06553038257945552	-0.7935453903510615	0.7472495351887395	0.13127482202437518	-0.7769111778252132	-1.1202889066335617
DTXSID7024081	0.8634308145523645	1.8154804854314732	-3.0093339794841474	5.485276420499484	1.0593011434765174	-0.6368326728068806	3.5327551941175046	-1.0058601938947251	-2.129346033394046	-2.8033588229255226	-3.234431190233809	-2.318642604920172	0.6370096396519432	9.458058860590429	-1.118496047525476	0.07856441379591231	-4.379586536661314	-2.161047493417528	5.283412819936209	4.500004462257177	-1.2089934490294176	-0.3882641294959829	3.2158683692798324	-2.9018776422566592	-3.0753684222407425	-1.0691346822176935	-0.7658391303577415	-1.3529692934092843	-0.6655865458435005	-2.209399626117342	3.1800758627682173	-0.7081932207996042	-4.660656008705621	-1.232884686060109	-1.2367293184002026	2.498921453188856	1.4040239958992102	2.550074110962816	-0.15529218375644255	1.2139785212240557	-1.3708368767860133	1.3773247918767721	-0.34862001477496235	-1.344932320026474	-0.47028869514138133	-1.9156548308143493	-2.0265476553358917	0.45877140966917357	0.15233985330972546	-1.5810015399687258	-1.9477370533118727	0.8054690587623248	-0.3326067816031042	-1.7372483971948482	-1.8174012034517655	2.5855280169060877	1.4989628894390172	1.690043020334755	-0.40050124760500333	-1.947139741169608	-1.6645265837267178	-2.343722241485379	1.4033405878309437	1.1296698569129544	1.7945675658476445	2.041364685178938	1.6674352586629986	-2.554786092526279	0.19952577399766375	-0.8817277805372454	0.5628375073342242	1.3747953230468044	-0.21708529455726616	-2.4422769562055118	-1.3931025159967725	-0.23081878158047175	1.4137610540413212	0.3957474768491168	1.2835807462667288	1.8398342749863357	-0.24159631193153977	2.188110445633462	0.909186290571694	0.1163254102242597	0.9746265523380914	-0.8640322581415155	0.5041253609111315	0.6574776977082848	-1.010803614027584	0.7850840620280335	0.7342910669283534	1.0729123568876524	0.5662235323192922	0.7995968366802995	0.39133225794113563	0.1739670207399842	0.49765490504547466	-0.21288194176364483	0.08736699234282809	-0.7761225070903511
DTXSID9021631	-7.994530537402948	1.1283575287725625	-1.6423949875987116	1.901619486425093	-2.5328081694104916	-0.23491248722868044	1.127743005442516	3.139407440698699	1.2255571893339132	-1.2923377110974013	0.2931884780944701	1.2184656411415895	0.7718593753573765	0.9424218046019058	-0.41475067601295174	-0.24622765740654046	-0.6330591817982661	0.1970664842030769	2.074554759598164	0.1980890433750984	-0.772821669498555	1.245421612960566	-0.4422322808376843	-0.2353604057905939	0.45159552458400637	0.07361450551995259	0.7690515597630745	-0.39127460430313193	-0.004301060917868354	0.0896594964814821	-0.4900335467089698	-0.07105581518089575	0.27141450274987977	-0.04743765378607225	-0.7833091213144133	0.1405906464822026	-0.19885336759351802	0.012117232671164074	-0.210179124282401	-0.18439808659619342	-0.5751568527664271	-0.39320099041636014	0.2995535143787616	0.7009549206016527	0.2775458251491919	0.3916252670663875	-0.09510984996498532	0.6223717275570223	0.3344450440832281	-0.8793374033943177	0.20310021975389694	0.3071246255937489	1.1283454019767636	-0.2519295671460849	-0.4448364966840265	0.043244419922305	-0.19344996230094869	-0.7065902411361619	0.6580514232490327	0.7337343980591136	-0.20214245455228583	-0.29180486092154995	-0.2508310159594293	-0.09550805037792039	-0.6550217554233546	-0.9375690955746939	-0.732742559686515	0.3542898768854553	-0.013802940869717891	-0.05412315229820088	0.6238656779965391	-0.05855789183144279	0.3197684600783042	0.015098120654829258	-0.7421882481357284	0.5193045891234439	-0.18695698632768465	0.018603460351308783	0.1747659611572739	-0.43274129468306893	-0.23437441525318323	-0.4446044388664796	0.061950024285470855	0.5832729430314776	-0.14011141478499944	-0.4615548129627796	0.535506777969651	-0.3328540940362107	0.2232136835601225	0.2632203133716466	0.08685460167980188	-0.4580586170692727	-0.7940012529176532	-0.035013505496235324	-0.001236659568184981	0.3396944078901867	-0.21176507781413664	-0.20279816500221634	0.14576835776977995	-0.5966188340435513
DTXSID0041270	-2.866782289414823	4.003214223266729	-2.803448218170952	-0.4993194221609057	1.7452624234162948	0.5728556668819464	0.7972517101240056	-1.6145269525665593	1.2190876766053882	-0.43933034961397643	1.46573058166633	0.9474750728950136	0.03533714748139713	0.95587994410208	0.5824751207191625	-0.6564565567592712	-0.49537204195151346	1.227692762858521	-0.37868541623041596	0.7404968157731606	-0.7509766599777501	-0.06708970064190993	-0.43855560555953743	0.00021325787378196034	-0.7846421884041617	-0.12155740887782777	1.0042166814034743	-0.2988603581341021	-0.23561547424162502	-0.2720348922822567	0.39457880587876776	-0.36081882270954285	0.043881386313069655	0.11767725185619803	0.15044632520266396	-0.0011140260949151625	0.5086730871401669	0.10073550098500424	0.38881874813233575	-0.31776715197548633	-0.06277524341689497	-0.9142613163366816	-0.2369280610775562	-0.02974476404311627	0.48644525537613764	-0.7029225756160666	-0.022773997889567726	0.35075290928299696	0.34251587509178805	0.013659470353089617	-0.26168760673125907	0.3433244489932255	0.20437698751370048	-0.7488023569425017	-0.5338708669524355	-0.13028695403934917	-0.4961658163953677	-0.6424796220452502	-0.24943360391288577	-0.5358983509209562	-0.6965354926625719	-0.15110621441996355	0.000555196561040233	0.09000563244111169	0.31650646464779086	0.15533008370793558	-0.24832086146782748	-0.12186091143852257	-0.20339553928859966	0.6897481609162157	-0.96837288400085	-0.2396571429057187	0.3089872854642861	0.5433347651115215	-0.28829223397466536	-0.07290714011854338	-0.5247536926585413	0.6725391962753416	0.19183959151742824	-0.3083966173448678	-0.2845485457435815	-0.5300744875194641	0.5133044875056768	0.05399530706007657	-0.46186825859935765	0.6601448057930834	0.4079932970314833	0.09380810546202327	-0.5384020582559776	0.11743703942186787	0.43494824691917106	0.040080477989167085	-0.09990892773662371	-0.1121623236780217	-0.5461153759751182	-0.24167610442708798	0.4442117652804836	-0.44178859426151307	-0.1292328614988074	-0.06569615130571527
DTXSID0057752	-5.023654263646054	-0.0770075327086447	0.7220329985424293	-2.574662652379423	-2.6092974815838628	-1.2102114043268999	1.4062278611302639	0.673308443728645	-0.192797863357871	0.3103144029111415	-1.5078800053685082	-0.5444062749537791	2.0194882559101837	0.5245374791612196	-0.4145766934537167	-0.7108314867313565	-0.3537519906548723	0.6992606002445921	0.6427267221742634	-0.1716453928310981	0.16644139178866246	0.534066539069688	-2.057137709326308	-0.9255207285122211	2.349494070916678	1.6364956797895667	2.045354886509209	-0.3485922622445716	-0.24358598713987636	-1.1802353719770593	-0.5664826199849602	0.6038260600293452	0.35132220840722445	-1.1088503514896788	-0.4372518245098806	0.4888074748161521	-0.28885576473795915	1.5787379363840384	-1.380051099600961	0.5627693053726468	0.8915540382641444	-0.4850451738092011	-2.4327824045127873	2.062650956443628	-0.29001393351826443	1.6750404088314828	-1.6202211500363322	2.044412568602897	1.6318368550313418	0.7640282749645068	0.9865690700350151	-0.2013772354232632	-1.6497432798089995	-1.4443298833806084	-1.5122671959609144	0.9310569265244754	1.1866553787696987	0.4440139361653368	-0.9583907422426433	0.5906596143471319	-0.265431235675248	-0.22714390024617584	-0.3012739723760129	0.5993318020892896	0.22679712219736625	0.11656590558304393	-0.403275195377	0.08374523584651669	0.4263331425609731	0.367899520269021	0.09120873865784089	0.5435220550055851	-0.36976440919878056	-0.3963451066724402	0.1930197818760795	-0.40169149822734285	-0.3761692728220482	0.053506527743472095	0.4306802675415484	-0.046360223812018174	0.07700775614718214	-0.06688958265227445	-0.2867182190512102	-0.010928590435689315	-0.11540080047557696	0.23416182710259453	0.18823776193502387	0.25786466015343307	-0.08566351138353932	-0.6692608050735184	-0.0631704803941891	0.008221966769918631	-0.027854594584835	-0.034973055151337425	-0.1486493025057945	-0.26955588546802967	0.23885780690431327	-0.419678426469781	-0.593637746478092	0.08306178246923457
DTXSID5025819	-3.9680261552574048	-0.6281554369407998	3.371561490349407	-2.2692544883277206	1.460099882873229	1.1024452758928172	-0.11728955790698604	-1.3697164490314593	0.30111694380440146	0.37306321238048684	-0.3738978372663536	0.6431096959513227	1.755742294629263	-0.6170000879099263	-0.6415649427534457	-0.12953186712795936	-0.16014216369516224	0.3949384711656447	-0.9101465694430482	0.6564384664195028	-0.7101356256216835	0.3268363502816127	0.733732165679141	-0.6915015728093822	-0.5117583872495935	-0.011333131586496471	-0.24906565832451355	-0.13638358961825642	-0.14901254907270275	0.4719340113788102	0.5296799754325765	-0.25993555352686537	-0.5266332665348397	0.8217754960171185	0.2091306786638078	0.2245643064715498	0.12723188531794294	1.1798826120333061	-0.2735678472951819	-0.032197538831730814	0.3481470397656584	0.46469156470366024	-0.47625857258238546	-0.6296670147755727	0.2548441521838731	-0.1976224362424558	-0.33432672170643346	0.16175315644574237	0.23302123631191424	-0.12524971945991142	-0.38989749128671786	-0.7444793842414622	-0.7119611801615972	-0.356429167798238	0.32408411036533086	0.3518625832403542	0.06560504222329216	0.9361854589913547	-1.0205178138042401	-0.7391276140683904	0.22526203516373375	0.25970993795682945	0.5803288002473157	0.7853333685195056	-0.433280324263051	0.4181207065508458	1.1428002999163893	-0.7317992285142186	-0.6671488571206203	-0.19689063993807107	0.12395034701661219	0.9140010470408608	0.1479006234938418	0.8698447843954583	-0.44678345134746944	0.6085276011477697	0.12395199065690905	-0.0764221345817447	-0.14930016524620596	-0.2877155646791145	-1.0664157556268434	-0.6509635752257706	0.44638757673047286	-0.3172110521203615	0.6732242546700198	0.19587686287618095	0.10531814121166545	0.5412494476920158	0.5950853405653905	-0.07689429721388324	-0.5376353454946916	-0.46361332192246857	-0.478215114106517	-0.042852408757776704	0.09905484537912804	0.4241875335259595	-0.14442369032781285	0.3108325503760237	0.542341964104765	0.3447068396604446
DTXSID8046298	-0.348483071502916	5.44733005220377	-2.9145064756793317	2.986897632936781	-4.670018041285444	3.212894918564122	2.667440704279942	-0.4890411875819369	-2.8142906119239024	1.246436349778166	-0.44506931464353	-0.7727535221404717	1.3384700618070813	-0.4921623248053795	0.20902232960288236	1.4932703619606844	-1.5706989738230284	-0.6073454740193536	0.42295122270122965	2.7825178189815034	0.4332588526915753	-1.922280335792998	0.7692740986977162	-2.7766470746552216	-1.0075536871133592	-3.2059949315900957	1.0914864335903403	-0.12731425384764178	0.1511527576398365	-0.46992505738723833	1.4475872469347484	-0.18930720452782804	-1.2184632347989754	-0.6553346875681338	-0.7282700144992437	0.18823315841068164	0.8257890234737927	0.12850827129749126	0.1695696738324446	0.17859726621297056	-0.6630211831871492	1.5950568266331109	0.5408331591906649	0.3724350734940877	-0.8821674853499911	-1.8371495365247288	-1.8627243560728213	1.4712657614873343	1.1891937274060629	-0.3038512696812906	-0.4899984723333315	-0.9313780009975553	-1.5966059697588189	-0.16385894071908505	-0.839867509723428	0.7170334405111045	0.2888972152223574	2.049540445770681	1.2168948926779803	-0.5807067617084253	1.791969299521441	-1.659937311508793	-0.46195516026810274	-0.522723521190411	-1.4701571708937844	0.2935509749560147	0.0857982960818184	-1.5383107923965933	0.20990593848685568	-1.4503087504997028	0.07065333492143783	1.9984951061195368	-0.2733747740154657	0.6149211332637684	-0.13954045756729927	1.0463612341628103	-0.050468340517695005	-1.122728410355415	-1.8187956734347357	1.037909614070772	-0.29619728224108655	0.45611524450737856	-0.49770909357345816	2.162107396376003	0.6941803120913876	-1.3464532050708156	-0.7918902917953095	0.11359332860844568	0.16350133256707744	-0.15111612981868547	0.3470291493966055	0.9239140496803442	-0.9175733301839909	0.20531328453004524	-0.4241336660108825	-1.2250246739836894	0.17225839669838278	0.2549743459097512	0.2156654775765924	0.1158175974074458
DTXSID5044815	3.207527385996331	2.4510699293329856	-3.926477388770196	-1.8166492073079499	7.11248388512946	2.452596344220415	0.28929688520187236	-2.962775834833058	1.4687143332455252	-0.7068752380385481	1.6154975719709723	1.5067193694714427	-1.7212954110675711	1.179339608744666	-0.09299184487572984	1.2713810124244196	1.015458308118925	2.323694333059048	-1.4312569566642734	0.8677427264457098	-0.5418881865967073	0.5267631242224547	-0.7528658264527729	-0.853760379324902	2.533258507186862	-0.17334697200823393	0.06475824046477727	1.331780696828433	-0.7658020547474872	-1.6746824229826205	-0.322534339672422	-0.31788425550256927	1.3574776217901485	1.753913176768586	0.7752442277160881	-1.031756850981315	0.6274194146236245	0.8202445662891344	-0.7352003100039546	-0.334141275638693	-0.003401999630704314	-0.457686170040709	-0.17549635550084755	-1.565276732816117	0.48257540833190665	-0.439594481619757	-0.28636482714609296	0.20250816624211765	0.21417971020107485	0.07444899264718509	-0.48791457289917173	-0.3576747747546035	-0.446904649589836	-1.145094410880068	-0.6556322112121352	0.9363337534991902	-0.02761475252814158	0.1863400196019559	0.16066584587463098	-0.18396261511536938	1.0313287664610782	-0.9322847774660118	-0.520817389792653	-1.0749685985780109	0.27925557705754145	-0.6530735944954323	-1.072141216205295	-0.5560393644756872	0.4365343608075554	-0.046970308037491325	-0.5218100516642726	-0.612112843161139	-0.11438891006295272	0.36444683106011055	-0.6019108181618171	1.1122669851710427	-0.6754518646367801	0.3140587512060747	0.7090281253872103	0.44071301988760275	0.4508054266838042	-0.5917142938100088	-0.41142274622940717	0.07029810382610754	0.9575657477680136	0.87110017064949	0.015259397097564964	-0.06179939240255143	-0.34520340796432447	-0.2083406395470577	0.5633468064442325	0.6770505064350437	-0.020305929065943244	0.13009215944535926	-0.2201344759484839	-0.3501986844553559	1.0075511912253783	-0.26283007729503916	0.16067705300918536	-0.15523048069989143
DTXSID0045414	31.905803782037225	4.6144578904940134	4.999949586985933	-4.014168366166866	1.604899516826084	6.059836826067736	11.20652534472137	8.82617593476554	-5.600487451022978	9.884963141991577	-3.5997515147073975	1.3467839286252943	-0.07928739811243836	-1.5082162314207812	1.1005930196475977	8.300283611459282	-4.24927736051957	-9.291210070895318	3.7180634395017718	3.943436136902	-7.413666155858356	6.6290861897479045	9.747365874027958	3.0676222803227415	-3.0181548074150837	3.9479475579771366	6.830568012788075	-2.613296206014303	6.725305895661848	-2.5920729956296347	-5.296986160438138	0.7154474194330271	-3.3622898534834613	-2.3078760318715137	-10.158282203379509	-0.3106296976947632	5.712497349392621	-1.0502731296662995	0.26043546031104703	-6.406141883719897	1.6200265413274177	10.225920219459475	2.9072511748696934	4.730379632308572	-4.419275075559017	3.357132287203	0.8849932393645017	2.9131573416736405	-1.2285172765822756	-1.766322429745471	-0.25926524320286404	-4.034740824241938	2.570148243815984	4.067642866830758	-1.5795515994491949	5.562380123705775	-1.2529526143472844	-1.941176167670713	-2.0454578744849155	5.201932377795878	2.216342010542621	-7.06237521392593	9.214050643115005	2.893627307530572	2.6868219565826914	-1.6003991339852435	6.661488883565387	-3.98313991393127	5.433326696252762	-0.9352147510670583	2.8223317380008006	0.24273468642514884	0.3571030232692142	1.3385488675982955	-2.1286154003035063	-1.845901072594499	0.41758011212911617	-1.7484329204753704	1.5751405385785389	2.5342194067264203	-1.342990448256198	2.440959344543272	-0.7675391272123582	-2.5180848326399006	-0.270144443274314	-1.0403534577812197	-1.3981949185465727	-1.873779966886224	1.9126982477602688	2.5753822388132956	3.0784284801969486	4.190065280518225	0.6776118465494697	4.886570596481331	0.9895159522791407	-1.798862325892892	-2.3341924290315217	1.7001345367685574	-0.7616847395639204	-0.11868816903913049
DTXSID8042426	-2.146348911644301	-1.571586727943429	-4.644965482735324	7.55503775558133	2.5280001837918866	-1.3811105457773378	-1.4022844148279279	-2.1207088769083633	0.19965644007098382	-6.319393327313584	-4.334262446381733	-3.3785069125581866	0.1599234386715016	7.783989475880179	-1.4589908774196234	-2.5318379044613337	-3.7037735730714134	-0.8334242806363108	3.607353253949408	1.657699140087965	0.2398992532818224	-1.1356810858743807	1.378939108488023	-3.070610590128851	-1.3402314070096206	-0.29653508185750727	-0.5628456047774615	-0.272814000019578	-0.14509344623125703	-1.3954173714638753	1.8431319695194834	0.00041039101875945614	-1.7663662021534032	-0.2744016657266076	-0.4771764911734237	1.6400733700164478	0.7822129462772168	3.368816028837763	-0.7211759014296475	0.540740690464379	0.1824241451244183	1.2128124012039398	-0.29689045848015927	-1.9447914273226916	0.1859100580884261	-0.5498581361490015	-0.9205191136756133	-0.8121668504220413	0.898205605860855	-0.6309035544215774	-1.7394737475720952	-0.6303711195604678	0.8517252822791114	-1.136348187535347	-0.4390752889123944	0.4707519774136248	1.1000638191991485	0.7434910312937933	-1.7820577341295818	0.10958597657803287	-0.6283714225444262	-1.0532483822556384	0.42643817235101605	1.4370165287584384	0.28646285497732943	-0.21952770867667573	0.6138074201537247	0.9577865632630541	1.0476210617387969	1.5743549605246854	-0.9023575966757819	-0.6645148333802918	-0.21615857150380596	-0.6040031528537328	-0.9351529918268834	0.9175242852155749	1.247096107042964	0.17402439878219914	0.9966483749399487	0.0586309044579004	0.3469050123055896	0.17137270118185494	-0.32629884823375804	-0.36379371391150656	0.1362436891692801	0.4785129776534058	0.6604007163789252	0.9642851825018327	-1.2524357442008842	1.1170898312385134	-0.15323277612178787	-0.3104131757328598	0.0873062339462214	1.2342283162381895	0.7507383626318423	0.13901302598817888	-1.3366544503122397	0.6446598154751664	-0.23490525313847624	0.5042516881050363
DTXSID2047197	-0.009875441778224126	6.940428838620317	-1.2835669697217136	0.19472612065931688	-1.1006227798014616	-0.15192969293869235	1.1632332946662685	-1.0842994983102723	0.8075391254188442	1.2068596649980483	0.8942732056253048	1.3753805677582016	0.41663261586305594	0.9207692883115235	1.1038959348655588	-0.6015778974216358	-0.8978213320176509	0.9542914403384944	0.8114760484634423	2.4854179491976955	-0.10979726498747529	-0.6312290343422653	-0.7527345356400058	-0.36731521003842604	-0.9892631601024743	-2.022175623443261	0.1750944919633686	-0.643434722358317	-0.8729861959558674	-0.9798385394671743	0.00877272723355656	0.38634565345074684	-1.777667121718362	-0.478586371563649	-0.5612619480785068	0.7425444897236003	0.8756849978097645	-0.24118151477966926	1.5228694353052312	0.7929894608213754	-0.694234289238457	-0.9163681528961979	-0.5751618432300424	0.8512122800792197	-0.21012913324471283	-2.2971655016331787	-1.4107671472443155	0.6081046525939109	-0.09235162357493548	0.058114890833756094	0.46456774172197024	0.9757293470029019	-0.03428645984589743	0.4171850157232075	-0.7340892311379256	1.2667370962713373	0.22877504339800675	0.24620824504030517	-0.2603281293173393	-1.8937582834598707	-2.0027666626384515	-1.1249671235696532	0.06780382022773396	0.18814357216231148	0.2327526529104761	0.002980906003908098	0.7353680180230359	-0.9312124928978764	-0.3049578163788501	0.6911624131831476	-0.40755192337547363	-0.23691946929174523	1.466681074076797	0.541005061726809	-0.4833435477218985	0.36810124546609824	0.1834191623171012	-0.42928337029172287	0.06636801115076656	0.5605441521910975	-0.00731487691169323	0.8996268203010084	1.4346214635447923	1.141085431195309	0.2925833659816307	-0.9499244219894206	0.3204100811839152	-0.5388682711512589	-1.1575560327659675	1.583932225148524	-0.25872285474785583	1.7496952267848462	-0.7008575385847716	1.067166071692156	0.4227016465847268	-1.5305244447574535	-0.03459554221429358	0.17059131664549548	-0.8167957446410546	-0.39225875018120965
DTXSID0047581	-2.954421625823757	3.5514567620219277	-3.011609602261268	-1.0001710767877945	3.882488574108441	1.1565914197459817	0.8278607908684621	-2.190054053230837	0.8605572004240554	-0.6360191557489063	0.5232678053047625	1.2480267415292092	-0.5503200012611584	0.6164426801120714	0.22932653306671827	0.47038500239214304	0.4709455669688106	1.2973633491499699	-0.0230831762326293	0.4718512000314039	-0.3765415462600026	0.5741376787463703	-0.5833268254174385	-0.4790970511849044	1.295529444679693	0.1108052272591287	0.06948137421228542	0.6458375209423111	-0.6207476359621986	-0.6639948911165228	-0.04872249496256679	-0.2712105031691703	0.7349838382167161	0.6619832628087476	0.36525139316169253	-0.3831221987437957	0.4492486341578257	0.6499535053774381	-0.37984983561975294	-0.22502579949215235	0.012984795662624568	-0.4792571674226821	-0.19872261376998623	-0.6349267758284742	0.3321263552047663	-0.5028366310491713	-0.07883545177513265	0.17551337570257777	0.2751653204415975	-0.35119039110500394	-0.39822127106328403	-0.49505840273138235	-0.1774192092717594	-0.5387544837328317	-0.48692546888015953	0.4004807097957859	-0.12167686501951197	-0.410970208854522	-0.04750610034097219	-0.0703639635327896	0.3964741802329711	-0.3357723487758379	-0.26196212649707484	-0.4710024240967436	0.0009454965617686357	-0.4825827232105982	-0.8239615494212548	-0.18897586194636334	0.26834550739702073	-0.06876928913619051	-0.07555662650697363	-0.5031781867355563	-0.10476174373077658	0.2956572985336154	-0.22577219945980143	0.5901309760413618	-0.2683766915951099	0.24562650212264955	0.11792611760592482	0.1644476977674237	0.3260887047652442	-0.35868641084277275	0.06738818089459936	0.19074839790512405	0.5348115114844818	0.5318293458662301	0.04862333421447408	0.1822881657155352	-0.34469878171944673	-0.0578400618545697	0.40530153950364745	0.47716507471080083	-0.15671513723823838	0.016923954977904814	-0.21641583414807855	-0.14941617755078437	0.2519114484321229	-0.2369108072750007	0.050081563120955866	-0.10399525117702195
DTXSID6026664	-8.140234951735685	1.4448151532753952	0.09521684581093438	-0.8791982649031453	-0.3553722119945959	-0.21703570241063372	0.15651662174575787	-0.8642253435147624	-0.5895790284027828	-0.12624940213958138	-1.4597529665025333	1.2888684931696355	1.6518306950057888	-0.5741349730322935	0.9214197177082178	-0.5497588935686204	-0.8295495686164829	-0.037600549880745564	0.7238794556518678	0.5536988592309015	0.09486808312320272	0.5501334283049988	-0.6289777125155244	-0.809340879931454	-0.4093576538062372	0.44269684951149535	-0.21193699368737837	1.526928320340808	-1.6344106872018584	-0.3600437076658168	1.564089421348757	-0.15308816543823522	1.197785788313246	-1.129644498917538	0.5665879685731807	0.23828201820810008	3.286453923147859	4.9658027317545566	4.531364399806734	4.716526914832035	7.480179810470376	-2.3814265757991593	12.010885564146692	1.618464069486133	-1.788592203401462	5.341439423157322	-0.6996794049459585	-0.9282093419716738	-1.5759351453685038	1.9895194995283838	0.3823900957984542	1.0677522398636219	-0.8457915684343027	-0.18544686351574344	-0.007741607787431216	0.3070843715286049	-0.11533259785942751	1.051067083613095	-0.31629376149205307	-0.8820416031927888	0.18031515238909226	-0.9515030629043674	-0.21148500126540648	0.6712080772519667	-0.7028941320964672	0.6042942910752157	0.925422038082114	-1.0669215857797976	-0.00831855318370726	0.031182518301357584	0.14099491428953492	0.2369979860083492	0.2362796712962213	0.7888455840448647	-0.17842502556167558	0.0583573575583469	0.1978224817823563	-0.2995689808864857	0.2512577838916609	-0.01849589342532379	-0.761063420741124	-0.369203953975542	-0.41178622159841155	-0.4704778054274878	0.382391037101891	-0.015015038710980788	0.34259453870449824	0.08612592268602122	0.756390375440518	0.19561564979743706	-0.13035337030570962	-0.42449327163059575	0.3392774933700785	0.3184533064824736	0.08115391883774896	0.04234477396044689	0.21267359671088223	0.30646964191053044	0.4996022298420955	-0.007180094436811741
DTXSID5046221	4.482682149929878	-4.766456842781084	-3.526939166968782	-2.2532604242847865	0.22721285999019064	-3.3381822402892403	-4.413217780717583	-1.0352105113842924	1.6840267376467686	3.1564862285642246	-0.11562069899509099	-1.3310709997723196	-0.20806873171350146	-2.124606890157172	-3.072905148906003	1.4082413565924563	-2.6150515052623535	-0.7300168278761119	4.542335075177179	-1.5007380001493444	0.9643168428776644	-2.286909489366842	-0.9403485116228654	0.08281366529604285	1.821105636799586	-0.31973149323264505	0.4933020839458545	-2.4463992822336866	-0.06990136138704062	-2.0971342446216337	1.5440377524202713	0.2757707052262482	1.9191041014739487	0.6400808274687448	-1.975997788055806	-1.46326964157978	1.1234106145179608	-0.8991171872479001	-0.5537858888020789	0.6682714374249863	-1.6817859792442411	-1.544007873790177	0.1802454740253974	0.7332076782228771	-0.9541488194179981	-0.11532266359922032	-0.035583749996406414	-1.344284390969555	-1.4308975792965568	-0.2104878890595554	0.3102978123656461	-0.2771239632570367	-0.5160955761901047	-0.5307572536436401	-1.500431777746929	0.14089508264723713	-1.656985803821735	-1.849972160147065	0.8836955476026912	1.1791513292021454	0.27223874601875064	-0.34615923184553904	-0.0547610977001306	-0.6720673370758491	0.5179235312986913	0.03779242449763051	0.8216635065408755	-0.1313143349260607	-0.0019266702170176427	0.22147658042960963	0.522818366882471	-0.2632152537807386	1.324178479793681	-0.3252793794989912	-0.16649130807322915	-0.048809832096065674	0.2903002336501406	-0.20769143753151273	-0.12279726000591412	-0.75561213928309	-0.5781026274781533	-0.017522223872940536	0.192985302083952	1.27424763649666	-1.5188659987357274	-0.6235290702382343	-0.10547409035108371	0.06170708472724886	0.5334027246501267	-0.6198506424518716	-0.04392588735606471	0.23818462283526057	0.28286554023227234	0.406552637405288	-0.17139922277294697	0.0211811342229058	-0.6314988795472076	-0.13837948185292326	0.4089335389343074	0.09987376008248905
DTXSID2044214	12.137052517421193	-0.16529536865630176	-2.8046428271744324	-1.8656342893990534	-0.43738064893224254	-0.8378122622134321	8.82317198983411	3.5211703176925346	-2.1243717305125274	3.384762336812972	0.24684242075569826	0.6179546878671401	2.094656963301254	0.3338665368563739	-1.3275233124424586	3.8151030402382324	0.15259792185488272	-8.7507013418419	3.230853921838198	2.764230035939452	-6.447947399524239	5.4491871622374255	5.9618899825970315	0.38425735011446005	-0.3667775320138204	1.5185039698999852	2.5442424184152785	-6.891268739620176	2.5250213436962903	1.2808468492375746	1.5964793663847305	-0.8464679092936749	-3.461095429262964	2.243910738638336	-1.2285206981033343	-2.907917387842592	2.912679915051677	-3.7687241625528305	-4.201653754733167	9.625578869714102	0.2204175614795551	4.928420991157254	3.2267761137243802	-1.9934612354297945	-2.4624558168571284	-3.259835867437013	7.244463707367957	3.505559619965463	5.251029764118925	4.371135391532215	2.866626510169298	0.6836236803356179	-2.4261615007746653	5.359046992585131	-6.352752910247449	1.9410415089290733	-1.7030222764729188	-1.0957267868303986	-2.387784562534187	3.3211557607144893	3.0219382243829385	-3.7696012220093875	3.630156064220467	1.180785138841764	-0.41914096785700206	1.0092583087293927	-2.5705272647000172	-2.906479586608678	0.5293137112833738	3.4872895949396647	1.090771963383871	1.5027347903639845	0.8924738242416677	-2.213515411619469	-3.3486283064191174	1.3170670530448412	-1.0352579713399641	-2.391045051388656	3.4315734771233637	3.0416313738279275	-0.27459528904805836	2.1656856547440624	1.5594167937785566	1.7700323389888195	0.44253925188448867	0.057585771767239904	-0.15911304588811362	1.084513921874304	-1.9352796793632847	1.0394553953643892	-0.49396553091389966	0.740950375095501	-2.949928709002707	0.49080723892699263	-0.5309760964373836	-0.7544131131876292	0.7229875144134565	0.646853816911563	-1.6874969649220721	-3.3681794089660215
DTXSID3046241	-0.6365747237865929	3.8525655662845626	-2.0713706878695466	-2.253888201240585	8.525043173568898	1.753545827573264	0.3100469603917851	0.09794826008477032	0.3319239878622614	-0.9237781228923899	-2.1787912800431326	2.3622558043382003	-2.703641877069156	-0.34574926848320614	-0.10326596707647323	2.334575729725508	1.445651440912988	0.923916199733066	0.6386508996532818	-0.3212515942600562	0.5109584040897766	0.6637501056853826	-0.9114503718058984	-0.32124690565522396	1.7298036047902747	-0.5461785848154876	-1.395073067227978	0.8580738689354707	-1.074648395014642	0.6427686743386563	-0.29433346193132365	-1.0606678429284178	1.0307485644686383	-0.13485607380882716	0.3969555600804072	0.6520822695959724	-0.41977617642647	0.017199615040531784	-0.25631300832242665	0.8068674026430798	0.14845876680919617	-0.2013939469599885	-0.9524715211793936	0.7741739231599563	-0.5002455792375535	-0.95851501597473	0.2035722407904257	0.12279477408661835	-0.22362131266829688	-0.5383583230362241	0.3626040139071367	0.04426620034834013	0.22020598246565726	0.505563023929477	0.036040895167879915	0.2820306142497214	-0.3436877388741394	-0.3363839338175628	0.07524696091413052	-0.12358908952968398	0.30750485949164236	0.4134838882340249	-0.26950462025568084	-0.6111279872504289	0.36416142728684164	-0.8693026884733612	0.36094624953695376	0.6997399923609141	-0.4680861192211057	-1.050645735550254	0.21567110837441736	-0.4953810708738511	-0.24029861960760593	0.4236137989365196	0.30766465781342056	0.4850874065146153	-0.12701517783198615	-0.12259917554059123	0.43528656749475386	0.22616869246287946	-0.10917544392107281	0.15002614507550902	-0.8720054422022895	-0.3135737290638818	0.12888251393783373	-0.23604670783568088	0.0315621570474944	0.3515088520143072	-0.06787328648579209	-0.1884375647651986	-0.5798704111243966	-0.11467922641200802	-0.3799115416172853	-0.1245716977428681	-0.6773405526928913	-0.2747787181114519	-0.20599071745292438	-0.09783934524130214	-0.6726672490183222	0.48495112154210024
DTXSID5033757	2.9920049278024394	-3.579001000055105	-3.154624794769074	3.118030650793292	-2.6912963699020533	1.389473581412356	1.2775011964738467	-1.0735977577616254	4.011725342622246	-1.3954343973392567	-0.41668760412961936	-2.1759938391979956	0.9199955511567818	-0.4132702789993893	0.5681365986660337	0.5829769670954476	0.9600848366694146	1.8805244795127192	-0.5743073323725022	0.8546890086075525	0.18594379393603908	-0.6517050730043213	-0.5071340898811387	-1.627750487832714	1.1858355774508091	-0.023251457480241704	-0.3866272815974254	0.0032460754093446725	0.04725164337830396	-1.2589075919326569	-1.183079167941412	0.4187983560002647	-0.10528937647669773	-0.7976041693532612	-0.4300683982421578	-0.5353146855175867	0.7564435251164683	0.07024942049096561	-0.3183143782108582	-0.5045621980329265	0.09411666928769422	0.32102628649495485	0.2937754624951549	-0.07952296630215805	-0.23969004347769632	-0.13725468561111137	0.49780188582988105	0.3578701180463361	0.04165057990365288	1.026695522409107	-0.5583842798774474	0.5087866850454069	0.8059353013733551	0.06226975286439357	0.33383858308877246	0.2973404505842019	-0.35619791209246066	-0.14384605164328315	0.8899787271555315	1.0503981860499911	-0.6425118072582966	-0.3427928575577065	-0.7925146049700015	-0.9920106101862988	0.5243196483745832	-2.126035630190987	-0.4187515031093868	-0.4856604681462537	1.4292110720641402	0.41439239248501164	0.8860158860886543	0.5670196201449165	-0.7210029609525618	0.29450439323677374	-0.14294476252389618	0.8556246614020461	-0.6023174549305977	-0.25015712367072085	0.22659534600269038	0.5353265531974483	0.23793137490302438	-0.6209049786955938	-0.10019228384645383	1.0609249441510573	-0.3953674901779622	1.4133137795826498	0.47677062160250955	-0.8328563205867089	0.7600508532281148	0.4858101124110673	0.6054913153690087	0.49614620264198545	-1.2478913618529826	-0.8772543006751049	-0.39513890396131296	-0.21540563683799083	0.20052659966278635	-0.7122086869633094	0.08670837238188664	-1.1934537197982278
DTXSID3024441	-4.307793549847122	-0.6961213272042858	-0.5464423729733748	1.7195656632321226	-0.6568097302369338	2.013826803870634	-0.22993900209291115	0.06276583456765952	1.673867699862058	-0.10788816355868854	1.797455557070124	1.3566171849781097	1.5319488055527395	1.7764699471819445	-0.3431403279774785	0.2001978760440768	-0.4823965846325022	0.9444190622975471	1.2432567354072066	0.4652587898031965	-0.21640320248913902	1.4842650209000992	0.24262953503863155	0.2816178021523943	0.5351102381615904	-0.22372629156961674	-0.6260600056268466	0.03625303701733153	-0.32441361568054744	0.6851686803873205	-0.9496867123618922	-0.16629690023332086	-0.1790009624591952	-0.038057491237384576	-0.5711876275522974	-0.5311523822761017	0.7223215085960295	-0.04171400799583014	0.47795687372425477	-0.4382969094135391	0.10223639229517249	-0.4317972624534253	0.07769356375209825	0.20760688347332465	0.23821844183274996	-0.313642409711237	0.13937384953181614	0.8595809596463733	0.415876874510746	0.4196090425979996	-0.6084599535825047	0.41275273280068125	0.8764633429947544	-0.29111154532620215	0.09040718423163632	0.5723617035709069	-0.9520710820216935	-0.2763974000825139	0.41712432970430624	0.9907794497927259	-0.3192431614028886	0.14244446524194096	0.6241582776516542	-0.7544328391712721	-1.1217302232372381	-1.2184650837549647	-1.0386636951126524	0.27615488655511816	-0.26031057150617154	0.4755067941849373	0.18056480316251183	-0.07287778927315655	-0.10727205867014968	0.9370548210353132	-0.1558191794773564	-0.690117922697222	-0.5555735399975512	0.2977378278966144	0.21696217885096808	0.06040872317368703	-0.3552772514460732	-0.08949424903915502	-0.017585442776303042	-0.0940396794742273	-0.6674873340128649	-0.3392725900402381	0.05782374558454459	-0.15556161659600679	0.4139108301398578	0.2146115779866802	0.3375541552615306	0.1273527617862796	-0.17490303118155318	-0.06372826182726782	-0.16092203649292067	-0.5352880708768638	-0.3081200791197868	-0.2169423438793059	0.296505456076608	0.49365313625024787
DTXSID4020583	-7.582993840477476	2.452020191047172	-3.525752044702859	1.6840010716755194	-0.7284204816543722	0.1788760266061641	1.3019366302937228	-1.924299033716396	1.371111390751674	-0.4353242874941802	1.8220567975136346	0.634200064929936	1.9028395586732603	1.1678610639826723	0.5023402236608504	-1.096401667775857	-0.5891028834495716	0.21291220232206612	1.00580313360871	0.8771236249095435	-0.7154853668310036	1.412197456218484	-0.0019987418647279777	0.08968811230917002	0.6215108415076636	0.14917239300284107	0.3585678929627616	-0.2288459345042384	-0.23182140527890305	0.007975371436729925	0.08076632306458233	0.42271607372239184	0.5834361998406414	0.3698128625640508	-0.3651030717564132	-0.6330865793816527	0.4995924912900678	0.39870916133929546	0.4509753273327965	-0.6857088949115366	0.029415396256078752	-0.8456039415682176	-0.13240717364627808	-0.08474849205623905	0.6305233885612604	-0.42478931582504464	-0.11056822638764835	0.24435104900222562	0.34294353838746494	0.06253060104006375	-0.10685444125795188	-0.08716593601424938	-0.006234738768722937	-0.5070275625660485	-0.4192345602899077	-0.05871909195380081	-0.45102430908060365	-0.5401248331279607	-0.08946692665230482	0.6305802961744168	0.21479858879435093	0.12430086329175748	0.17387060415243108	-0.1553481597724986	-0.4932549223546807	-0.7624688092627464	-0.860892045002306	-0.3543949679151516	0.2166324575670333	0.46226177222448106	-0.5772565839893192	-0.12125501866512552	0.4207615931982535	0.29909400127913477	0.07950950832990483	-0.14590225769907048	-0.1845187511196623	0.3216699096956102	-0.296359858760556	-0.16989465430174602	-0.14402503650504123	-0.07449461853252401	0.022515203519376473	-0.062177987249950065	-0.13754803882368968	-0.2974686858721355	0.3952387565299783	-0.2894944159155403	0.057612587453137	0.443096144815226	0.26012254194390483	0.1896124164701894	-0.37744794070713666	0.09776088454009382	-0.15195131376359544	0.15301125590112785	-0.04495399037586253	0.10623910423939383	0.042330948804170154	0.4475617211304403
DTXSID5044948	-2.7770988421835385	-1.2115564713581015	-3.178681507643477	2.484741181058909	-2.099320123842424	0.4629812606676787	0.4691243165634213	-1.9840776398524085	5.1398243722950845	1.9073941885311196	-1.6321572559375352	-2.152378425971153	0.4206939866025587	0.9489211936688636	1.4322286633004768	-0.2671087248568495	1.7127599284350776	0.5384510378157232	-0.5646990828778656	1.6768794041094648	-0.17856530104305557	0.9559158982773893	0.4984359178382067	-0.04095756249731982	0.41069151183757985	1.0236741775489062	-0.3264063090878574	-0.1465528489667813	-0.18918836123335636	-1.190539426940266	0.18019814112557517	0.8378621102902586	0.2913076144859136	0.08630583224825535	0.052600355318951374	-0.6882589263004223	-0.1269349383521123	-0.17147639975521195	0.1922161074548333	-0.54390271879934	0.2675795620109978	-0.7101989161766203	-0.08936398201193713	0.18640564103176024	0.46730946970499376	-0.3027057977556809	-0.10508451793273049	-0.5302676407186799	-0.12755647849150814	0.7832695810636333	-0.3212324709643809	0.20538965915948534	-0.44011214859561676	0.45293315851256855	0.39905719900046366	-0.5964381688033998	0.5280935588936156	0.3297438634688029	0.16543346822826344	0.19385276503349289	0.16489797453000038	-0.49242018800368803	0.16435677961555137	0.20681738683240386	-0.1755384935971467	-0.6314379970939862	-0.8295058303238168	-0.21146477821756285	0.49526118110390244	-0.1972016376074723	-0.11548087959211557	-0.36741426060056037	0.49682431392154824	0.5867071826828975	-0.2607275923194535	0.0888280160035773	-0.1668547768345106	0.16556779401066066	-0.08478030510321806	0.42242258344914474	0.36868254075026313	-0.02730609724829599	-0.2973450945748801	-0.11569063737455171	0.16600218645251225	-0.014681125532311176	0.2557895061817713	0.31448417516709964	-0.14663963961978224	0.019278259217354616	0.46382614538443157	0.1607886201684292	0.17217205683460152	0.1943000762872353	-0.025100896876234922	-0.30394024921578583	0.41321203644120624	-0.5831645269199457	-0.15944004172387477	-0.8696385104137424
DTXSID6044721	-6.327102827527214	2.91312634716123	-2.7130275849428758	2.026681070661568	1.3348909752548672	-0.4443960612097294	1.9348406241457468	0.8297608406894136	0.04329903143944857	-0.259055236947613	-0.9009564624929197	1.611356714400143	2.6765493567316616	0.5933056229493195	-0.5195660948445802	-0.9363783003548212	0.6458927476084032	-1.3508063746819867	-0.23484211231715	-2.3459845242448116	-0.7578816899018793	-0.15942979909233093	0.4001926383151753	1.2489009766865455	-1.3426339069731537	0.025412197573181448	0.26172690548912864	-2.016564272863402	-0.8199987859390259	-0.5215329416379517	-0.014337882703930703	0.6885474726409605	-0.281828774398714	0.4923261929311493	0.5627674903439134	-1.2630972457482688	0.037988302598048536	0.3891862767097626	0.3301886027874634	-1.111070993897407	1.5316178861660426	0.16742157253359116	-0.508013421169376	-0.6952435282501709	1.7043159521179398	1.0805649385096388	-0.8753137097531151	1.4591834973239677	-0.5207401998496991	-0.21915544606624476	0.8644634583566996	-1.5825749653332009	-0.4424931252462718	1.7803646507629862	-0.9696211200152379	-1.1924609247004354	-1.009355837105512	0.2530363396308497	-0.3500506404874061	-0.49039259634516524	-0.6005466488358612	0.10772527291601233	-0.8428212583002466	-0.9635193990123342	0.98202921902181	1.1022143074636443	-0.8754033666613336	0.7508362583082412	-1.2313747235039947	0.6267443184014829	-0.9793395321184779	0.13485364130361419	0.1484717878115416	-0.9058255313068032	-1.506036731991765	0.48926607460144034	0.7036764294270761	-0.9715129486608352	-0.44106711789776987	0.2447494630164462	0.29541639179902723	1.2994902844994203	0.8198318188029392	0.38228038392361385	-0.04623880109360873	-0.36268910180501646	-0.46226618104136546	0.3412778252341397	-0.23819599629231245	-0.41909242260495044	0.2308893112196056	0.6077796140405292	0.2563483811421788	-0.7380600854985819	0.08326813491779987	0.6256635047165336	0.3688490073337597	-0.1416840373432212	-0.799057069934112	0.27004892155490823
DTXSID4023387	2.20063935495217	-0.2813678737152318	3.8289227096471454	0.8238547978548878	1.8438144486874404	-0.9634501406742677	0.5177583947917949	0.23945700185707372	-0.4788754668557762	-1.663282097722344	0.20398462691374214	0.07660524644613043	0.10332795259972193	-1.0922141932719687	0.35210193807534196	0.5479829435573859	0.00830677637620109	1.615167545070321	-1.126093714564347	-0.8163590775136841	-0.9558925273542442	0.8829060531979308	-0.6036285949487114	2.226057757947179	-1.7022735008327254	-0.04514491486931918	-1.1914476760508455	-0.9075485243867489	-0.46957982456867176	0.9282406484727792	0.3533039589225434	-0.45219787152998697	-0.4405697563068646	-0.5575054168887347	0.7012726756806738	0.32873547576926015	0.24050212403752044	0.05984369262921866	0.8897980467082767	-0.2051871220450474	-0.5907868649332877	-1.658436739983508	-0.5572447382496801	0.37969345683113187	0.27937452009189045	0.1437518810323718	-0.3908350506876833	0.46442137822830915	0.7553590188544306	-0.04634594951491006	-0.08984019739429605	0.6215078228081308	0.2376236295805152	-0.2981448377457279	-1.6108581708878782	0.8243218277207687	-0.6670348919499829	1.085089423128722	1.0938676844703061	-1.0181878023894912	-0.9609714030180717	0.019345058265987737	0.26333084634066944	1.4339453435138039	1.3176926705116294	0.1121097869227439	1.2239571238257345	-0.7572890546485243	0.9364447037426756	0.8256384660670713	0.4933211079503796	-1.441058869136161	0.48903813844175476	-0.5727330883670507	-0.6411583502324633	-0.27414335637408277	0.7379517265300153	-1.0281537853752103	0.04937932279803173	0.5661000612302027	0.8092242636635549	-0.4858533411444865	0.056361542754538134	-0.6128412144450256	0.5891743178848718	-0.5422074595028837	0.3239081403753644	0.3798863360556754	0.07750363247870105	-0.17845005803910907	0.9646800232299546	-0.4120980856377053	0.3201882362602927	1.0604990720185412	-0.19383751157176848	0.21384324479304548	0.05375040040959123	0.18268212796379926	0.4464280542474291	0.3824495305432955
DTXSID6047440	-6.0500277341704525	1.4203368956914884	0.9605039002606903	-1.148957004744944	-0.9136187694420055	-0.85390348877719	0.3363134982126982	-0.9972750900418408	0.5622891059547604	-0.49337789395445214	-0.9213143565277174	2.0823653087335674	0.4677616579083314	0.9195027355170593	2.973097208655255	1.145682000545989	-2.4468283064012053	0.045602275508648676	-1.2892904709808084	-1.570046003528905	0.20954742356722056	0.8893248051811985	1.5677691571638692	-2.1737217984714543	-0.9238927907509443	-0.8621101634754295	0.22882431382686022	0.7585683062403697	0.30207989930650797	-0.14977344810521268	-0.1889563003536497	0.3955497937620792	-0.3895875016269807	0.4748667489261277	0.5605849667881718	0.751323974540635	-0.834898997669446	0.37388713902242915	-0.6769433499858605	-0.7747143039585065	0.13973521805507658	-0.43548981932149905	0.11033989195576356	-0.5921985271349623	0.8546812574616387	0.23295421104764624	0.2093861126254705	-0.6017569134858639	-0.4452008230787718	0.14762738377030987	0.7245992361735545	-1.2779871373275913	-0.771330718620221	0.02009316619319119	-1.081674305004541	-0.2556676125191002	-0.020966602031047558	-0.5464527943800513	-0.17022075626120683	0.27680283648144366	-0.43054416174316656	0.990655005037494	0.17064850816795082	0.41319521027310935	-0.24632453847690725	0.05625134031517178	-0.03314217148902665	-0.7858595797427336	-0.11049799102835636	0.6498913014550755	-0.2993606243684229	0.3507221584691059	0.5126943822918436	0.2823441774231387	0.3585241457461886	-0.35946505783431526	0.0066543783495752115	-0.1143732312354486	-0.3507582161737065	0.08549378638097326	-0.41580516365455183	-0.30834686795563027	0.3008342268286394	0.10550758831242492	0.2097007524440553	0.07537871791208796	0.505593023366888	0.15754014835071697	0.3355233090866607	-0.27015560355866736	0.046809321331465974	0.06259873714560045	0.07679921096231525	0.21639334638981708	-0.27279494613301	0.2813930799555872	0.02178978403907371	-0.017106711250028453	-0.11440077164058245	-0.10750051436413877
DTXSID9046782	7.469378532163897	11.068929876602658	2.80065236745556	-0.742578989768179	-3.04684036475538	-0.14764160139734842	-2.551351827912853	1.7142105940452887	0.19324653077892787	0.27635372464967617	1.2137539335789715	-1.4654496558267225	-1.4498539295796107	0.7694332892450523	2.338224697883567	-0.6022415962665737	1.2549877656984842	-1.0846603767961631	1.3854363397269462	0.164750096533145	2.1727533205146314	-0.8388420258253685	-0.7719230124386978	-1.1220268566632736	1.0896795793588054	-0.9767630536012977	-0.31576585313091465	-0.490468845458247	0.15847562361219678	0.8283002859516988	0.36415658477425605	0.4509800609606432	0.7362734721897594	1.6232148817626046	-0.03407128820018931	-0.7285053647980628	-0.12442398119490845	1.2237479698552065	-0.2824671615584685	-0.7684253849511197	-0.48980085282591496	-0.49791209703402517	0.3613525859928272	-1.188090565599577	0.3622680726111169	1.1163121813626895	1.411027420515356	0.9603271727179848	0.8119494104948949	-0.6281056832238539	-0.0110270941524649	0.5149977070141505	0.6426676648357655	-0.4277575069330996	-0.2609059144802155	-0.9269852399563462	0.2258211497920752	0.250325311144072	-0.6390167847245011	-0.5741874766150624	0.5697737307641225	-0.5934863454262166	0.6591275915793159	-0.2286726070930841	-0.16828231647184835	-0.07473278999784067	-0.5657762329394292	0.17640472882555644	-0.22695611329613116	0.1259686111158784	0.12347984133123659	0.5232237403341117	-0.35814180182286276	0.3708035231251153	-0.2010770908058375	-0.31951797786224023	-0.808421845995905	0.41789699720947865	-0.47785697783362163	0.32614140617788384	-0.5174577505241029	-0.5945849972940884	-0.5706785747553614	-0.20665759811664472	-0.659325092519554	-0.2474048411605119	0.38320671278101814	-0.11983565118247551	-0.28693192955996777	-0.07973808790813133	-0.16802261053553805	0.12027779588214756	0.08055000289714567	-0.26171141792387226	-0.3216762189977191	0.18477136917743622	0.2173269834181617	-0.20213160371867936	-0.06891800008708497	0.04279670568223357
DTXSID7025502	-5.11285032073296	3.8760898402150743	-1.0819850876022004	0.1992161635780702	0.8837939643970918	-0.4006701827234882	0.6444929677656809	-0.7029265247162837	0.29394114596966975	-1.0906457541920376	-0.29932165201011385	1.0590528009295772	0.518187863810409	0.47621480896002805	0.3672347155646126	-0.5714561510290704	-0.5537077757778823	0.8017628229984018	0.5830415126978046	-0.38587071303255577	-0.5019227542065381	0.48576361309672406	-0.6952236083692601	1.0620544792246236	-0.9299525105918777	0.6312832603029872	-0.2302170938988778	-0.8417272468343385	-0.10451566339034447	1.3591505308686935	1.1649748349980469	0.6434079718058924	-0.3906241359102699	-0.9343040258693227	0.44658097568001764	-0.2640382575112701	0.5587036210047701	-0.2070204026546511	0.28726957681299076	-1.0390938362462157	-0.368930743776052	-0.8786285230927356	-0.09598679079188728	0.3310397747575435	0.3780403586992165	-0.044933226929130966	0.7479420377203123	0.694854143356374	-0.18410416894106132	-0.3191596659196852	0.14098155523044043	-0.3932837009009944	0.08708069507034233	-1.1849408548760572	-0.6831236140377689	-0.5470415615715755	-0.7727115975092913	0.07789607035370862	0.43492318093818183	0.1487985428284683	-0.09339033365307109	0.07197410527043102	-0.07089407504565658	0.5528861334263254	-0.05528434950718228	-0.03126677071450211	7.244144373966443e-05	-0.3073382031729027	0.7026808324201383	0.7138511845050578	0.24111524823557048	-0.3640327015468209	0.39909221598965766	0.08804105380775151	0.30613786718997726	-0.1498978572467588	0.2803409104609741	-0.1620947713036965	0.1406827415770247	0.44574773406476864	0.37711831470028145	-0.342466449548218	0.12974486321570633	-0.3099607315966524	0.2587249240574629	0.01951412992040223	0.28337873460496776	-0.5010176541279634	-0.6458961371764047	-0.29175959759311376	-0.7048511953131464	-0.3973562700668552	0.004385639643425835	0.7003348603093907	-0.4524889489060776	0.11011329899936341	0.2140859926397042	-0.4312317499556862	-0.3806507131177078	0.12712218866734346
DTXSID6033247	-5.980779401384546	0.4029651056897911	0.07728177535636256	1.1111092667679252	-1.3481142188937376	0.1004788631896075	0.9324154835808568	-1.10678424959987	2.7947578988583612	0.3216544986562502	-1.8667204813171192	-1.075032535244501	1.4981404558587306	-0.20033069281553464	0.44043591844682356	0.31393049559630126	-0.07284062864738296	0.20000965129813156	-0.3667482096160716	0.6326753929745366	0.1410808947185246	0.3085604214693964	0.08111772070794233	-0.14731480213967343	-0.08882034537046339	0.051571019058820056	-0.12396004220374113	0.5112791643004155	-0.558651415402462	0.1873841229309898	0.24356155909493443	0.3684952787467393	0.03740454771301837	0.37132521435281984	-0.3021788012603063	0.21490015615634284	0.7146508687122102	0.6788449603293752	0.0848980104641099	-0.27296010367933904	-0.21876307283093785	0.22417340539575575	-0.5868480199386951	-0.2934605656362558	-0.06465825198922623	0.010814630826826335	0.0418395183031093	0.23784882209578742	0.2966755387082998	0.08711942686533286	-0.1828377413363715	-0.13026317257651157	-0.29116280753070123	0.15276876707943862	-0.701149190297415	-0.4068973038534588	-0.17342788238975226	0.40619531666396275	0.17758345055597574	-0.45016278978948016	1.1888121815959374	-0.7981755114276393	-0.35637067995880023	0.11512592396590586	-0.3967322949707165	-0.11876768337317158	-0.32994756856161866	0.04440720429996305	0.8980693690727826	-0.5342459550939336	0.23530555582513774	0.1748990216951231	-0.49578619086141806	0.3342687786655362	0.10273457407668989	0.040065503060617534	0.4638697770987238	-0.2206293012784597	-0.24980450978365615	0.4609581538178079	0.004405266241479693	-1.0528320869736487	0.03938440663567668	-0.39101079396588145	0.16881702986942732	-0.05594186606245669	0.5833741333479284	-0.06454446088189499	0.7603724789493603	-0.43805982961970946	-0.12418668315069849	-0.039109815509105354	-0.2287913191848622	-0.03026501011403165	0.20082193953498262	-0.13108316003971335	0.17127762853265038	-0.0828589042705411	-0.04713952667359063	-0.4051001183140376
DTXSID2057817	8.22537072400766	3.0170860284684253	-1.648857365518536	0.7100394378855495	-4.414482436053064	2.147390090254728	0.7845701029941475	3.715584299110461	-1.7295918996215756	-0.7573927146793736	-1.1722517909312506	-1.5994237106478166	-3.63194704054348	-3.6159921152811645	-1.4558402867229943	-2.4734251041536504	-3.2919107968302304	2.979692479384252	1.8894481776298857	1.5359154944731468	2.620371917436555	4.7853457877656185	3.647091572396602	-2.3181401622879076	1.1329962294662494	-3.2617469558737318	-0.42456581048140957	-4.413946360951473	-1.038496893842047	-1.3850401384174154	0.9963752465739638	5.195435420890844	1.3208176246888057	0.19209937196643567	2.4995627658914645	4.067598681056429	3.2178100563073673	-1.0098550163839366	3.8748940876297984	3.3817398231637568	-1.081046378562026	2.6420886630905085	-1.612974298050888	-0.016367289287674443	-0.8257313976320299	-2.89032890906484	-2.2820259949872086	-0.10804723323586508	-1.5041281126362924	0.8325273302945037	0.7444110039907829	-0.7170013147667026	-0.8274029018074439	2.847739387146993	0.6583792874970967	1.3564499083375754	1.8042053867940202	1.6238708849879215	-1.1068830480352996	-2.6237546079534706	2.4959495231686826	2.095012930879787	0.9355238570091148	-0.30272003483743726	1.5578945660599597	1.736717155694549	0.7614213368019475	-3.4651727737267386	2.118271042108783	-1.6943234490043488	-1.9273297338164146	-1.6169978210707845	-5.143976365813254	5.17100494849939	-2.233974120009142	-2.547012027336522	2.2851311654207143	3.436308024000344	1.939405742502066	1.4820999515467064	-0.9130693764398423	1.835914980486818	0.17777243747595864	3.6416058309206645	-4.3470437889380875	-4.7096485613186685	-1.5086181814779145	-2.436180129186605	-0.46590941880519393	-0.7565374004944212	0.5983481440418844	1.056640134722823	0.022948768262601525	0.06617443366193196	0.2063500425070611	-1.4446429345407696	-1.253068769961265	-1.7348008268965562	-0.559071840502602	-0.6528093680491991
DTXSID1029207	-7.390295670466908	1.405746587942721	-1.1719920519368694	0.570363732625697	-2.393538788805817	-1.8340318921696477	1.7413369784904782	0.4610430946419529	0.6540777728389522	-0.8915782044930919	-0.6945883496400146	0.40845440177482767	1.775681948856578	0.11040193048120567	0.09758131971124287	-0.03866526494992383	-0.9056487140961078	0.08068106993421836	1.4332884287530716	-0.049823110556398126	0.21475147590352311	1.1273066736007127	-1.580550803247955	-1.2197112375665793	2.50020361547	2.2418158526882777	2.0864660024317225	0.3040776348882297	-3.9366665925625964e-05	-0.40475165612238995	-0.6106664622869921	0.9902730507640417	0.17444205772395402	-0.6189777737351765	-0.549116024978577	0.6851253442761335	-0.6583775380044393	1.4762615867547992	-0.6096695075256944	0.3492886610716698	0.6392939039402874	0.4215040057247075	-2.0958137066644964	2.5407575799513156	-0.10774260847390539	2.160136639620222	-0.9048884960377332	3.2179256575385415	1.8599260845576182	-0.14340282152378758	1.7650391735900508	1.0495041635241362	-1.216331533544091	-1.5870407662740407	-1.7619500342709482	0.9337346108998053	0.9940863533041021	0.5657823069979855	-0.4815238767548223	1.1040695244177474	-0.5305892613972004	0.17270942029743613	-0.916708346824226	1.3231757036778662	-0.42598480288197116	-0.49668451216055937	-0.7055260804755163	0.3557595538632443	0.26055563423728834	0.6658368648962097	0.6753328538943196	0.924647833060504	0.4350529901740979	-0.04491409725610068	-1.0623100215934673	-0.19791815159961776	0.14794744285186495	-0.09432827119891284	0.5828828427259259	-0.5553512656362829	-0.269849286932431	-0.4802224408350532	0.3346390265597359	-0.3957550982113048	0.019278239615066618	-0.707356295052532	0.31382030892187757	-0.199295608214848	-0.2179160899128982	0.3924942452713965	0.17686992536555698	-0.11966985523402145	-0.4842036498359398	0.05734842906038743	-0.367988666914505	0.049808580734579	-0.11000402886850622	-0.10698324642074855	0.1004953519002443	0.6594633080923928
DTXSID3025590	-8.043729158665005	5.746480813445967	-0.9842031934668567	-0.18635914348919344	0.13961061167345282	0.008790246098589825	0.33640784035036997	-0.8796690445991125	-0.4268954876180558	0.14317637544036577	-0.9976070254997346	0.8505750600547448	0.31665125681390294	-0.29737095437606686	0.060655799870183824	-0.07892864389662474	-0.07919887527354243	-0.39258049254550254	0.8408513093771728	0.772042617991586	0.10710936838615696	-0.1357085155195484	0.2895609906243147	-0.8279347497280073	-0.17484552815917748	0.05024018767968101	-0.30580781257652995	-0.14001957324561443	-0.3147726051090482	-0.6929670655717268	0.07511524311460581	0.26623926195582603	-0.5198532007740096	0.21501188264726012	0.09061009225021205	0.2384663805852646	0.08041847237104979	0.16195320988649017	0.21469340343119675	-0.028508051271610706	0.11007726897018666	0.38147038281988305	-0.07541932026748113	-0.11250881855396921	0.26887516945121126	-0.6415076796174637	-0.5186910164345339	0.48479160973247376	0.033390843800487666	-0.24082115584674374	-0.04314982420329028	-0.1245444937685024	-0.3203870878682117	0.11918591712482582	0.2964993761328105	-0.05379616828685926	0.01926586133776586	-0.38656489785584575	-0.949374236037818	0.01122770203202236	-0.438165726457797	-0.2483815032688308	-0.8318858303444538	0.13724372264207263	-0.1991841841952883	-0.23997984687697824	-0.05977091860975014	0.5931178334053786	-0.25362419200244435	0.6034955270792963	0.31277253677816796	0.08909446715575292	0.19565149970171952	0.22207831215412419	0.09997308964669106	0.1253104491355962	0.058336698794158495	0.13296754240900283	-0.33976966330709835	-0.383758160094449	0.34005925850132995	-0.35843715636307905	1.0019087546274035	-0.12202062630195804	0.24734215369106977	-0.41818636363769884	0.18984374238032475	0.08262718758233535	-0.14025900465821206	0.541897332998374	0.08632839789788471	0.38574047638275305	-0.6317700881212512	-0.6469996512746695	0.34517570059517794	0.38255503673509156	-0.4492649568362685	0.048831737095719	-0.25756794902666263	-0.015865984372082524
DTXSID5024051	-4.538740275138045	2.2723039289980034	-3.1568096326981423	0.06367055384643379	2.1786624732918964	-0.4803989422789709	-0.39454832019182523	-0.5965591860976518	0.5219916579868887	0.2838285779763374	0.13101356365571395	0.9970824856258365	-0.8109046713506648	-0.6736472476115435	-1.308445368829276	-0.9314174749262296	-1.5690097450028009	-0.06364004372348472	-0.5843726327374876	0.10160493441837444	-1.1613878919134148	-0.7015110502180774	-0.24800167662954836	-0.26763370695132566	-0.7391421025653048	-0.10557237879824868	0.30214229910998475	-0.1553487648672092	0.18473042393669398	-0.44548595506986066	0.5352686325591803	0.4012670460815149	-0.6897384351559331	0.247534562597091	0.5167636817532717	0.33431360197587934	0.42088229716256964	0.8853200195219625	-0.839323696849706	-0.039221289885090334	0.36890079404279297	0.19090114239606273	-0.2669503608814662	-0.4602245362750348	0.5066204006550946	-0.1348225837950613	-0.44519346617038164	0.10658228270718575	0.02721560318807244	0.15036686628838936	-0.08737127023784308	-0.5579986756542941	-0.02733937278729206	-1.059124737851515	-0.2572556627607853	-0.7341089282417665	-0.29012104390797316	-0.9634626808405056	-1.3762467857921892	-0.37117748454142985	-0.4849547536208868	-0.1761146901285107	-0.1616145369316396	-0.13886979253552845	0.4720982309698019	0.17420729363997933	0.6796994610045505	0.2851312916402699	0.058649082399444726	0.8645333424809647	-0.9224395892941691	0.574159799799895	-0.060064419449357385	0.18919472164255258	-0.16481050326539187	0.19754087976220355	0.4818193365375316	-0.6723152681137062	-0.37021247722612033	0.05091143501901553	0.42422094491745405	0.8174046399405519	0.08010396522778288	-0.1623259641711609	-0.0123557635387129	0.42490551098470053	0.03156156240964103	-0.25917478422455825	-0.11771893412680995	-0.45550677958334523	-0.7838836005440813	0.323507116168214	-0.4379985249642876	0.34018034378746514	0.2324032047569238	0.16945460486196043	-0.4500551964303287	-0.17260228251139914	-0.6039693699546282	-0.18261644857299605
DTXSID3049380	-7.571450675931961	4.121483817560752	-2.451546222982065	0.6132209328230708	0.5637020691741649	0.6404594491312946	0.9169638346287486	-1.7166966631358709	0.41816449305399955	-0.7990708229465762	0.24152751855255114	0.9932798970055603	0.955688414109319	0.5395110309832043	0.46020070377304717	-0.23253326530427015	-0.7233558512583096	1.0813530624344163	0.7990733931681234	0.3975334874406901	-0.447126372707425	0.44907940523020423	-1.9362397666331819	-0.3201421102738701	1.0969706258896066	-0.21303291318830656	0.29889604922235974	0.9904021032865732	-0.8175836340891145	2.152389633721015	2.099830663261966	2.544582526692599	1.3993833476888748	-1.8754380331576939	0.48999243884610155	-2.5763361993245413	0.5208497918226294	-3.0400319719989595	-4.301105160086519	-2.058694329688492	-1.8396725761641726	3.571620785253205	2.043990556469569	-3.3891643417586996	-1.5954833646204316	3.302394067601172	-4.08158133280636	-1.4788919295898981	1.8289684785478488	1.952529455219846	-1.092217397838717	1.9123846322830371	-0.16204565363521198	2.2122597608200083	-1.0890516888769903	1.163956961112242	1.1812255509506768	-1.7915080387311006	-0.7438132567925284	-2.0299155933349593	-2.300108958613597	-0.1666291007988178	0.1247946313708239	0.7307189361141164	-0.032732855341626274	0.8763542826973293	0.06473499224905607	0.19784877415269617	-0.2473290939462735	-0.35091967888901676	-0.779384965953702	-0.29169608045133943	0.348597166189872	0.45499744482280596	-0.2862866718543418	-0.03192973910357354	0.3694025280023166	-0.31500314484347197	-0.19490840518471386	-0.10849532401371961	-0.6048418934446461	-0.05111682979758313	0.583632428516107	-0.40425018804087975	-0.4452174716564206	-0.5616650579673946	0.30192550111373684	0.22898776295289572	-0.2810236249005166	0.7015466949719195	-0.023910297992201998	0.05473607322439811	0.21274012531386774	-0.3394803828290559	-0.25008090065038097	0.2701751341045108	-0.05259915922440385	0.0694327096622595	-0.38325526251310027	0.14990067364523513
DTXSID1034973	4.921060829477238	3.2436996276245567	0.9021046573935161	0.41925130099724217	0.7037352356079266	0.2968243575911498	-0.41483963128258006	-0.10726493693192744	2.2517928482167417	-1.2941509970307163	0.5957352208776797	0.5525237676507256	1.9562507098479507	0.7316172066328412	-0.45541955173265025	-1.1656946232840053	-1.1296760841704692	2.6279085514708096	-3.0132000811836153	-2.9024807652368025	-0.8667301747618188	0.23178044522746322	-0.6670415748408108	0.984809461888107	-1.1496828902611933	0.7994896453507457	-0.3538782591979803	0.2188365942742606	2.564897146698627	-0.3832602224672855	2.5544013869445004	-1.337402688984376	1.5228578514203717	1.5827208064022253	-2.7121301307972776	1.5098559386325543	-3.652124602596894	-2.8797761255563983	0.026165629486655823	2.218938534552028	-1.3301744410831338	-0.9110639266191488	0.8515040465795102	2.158686753746892	-1.4099761545331269	2.0919492622167866	0.1976920747498387	1.7407563430578805	0.0365247175537879	-1.7198462951057631	-2.5051624111561632	-0.17016020846651417	-0.12739721330276738	-1.0293029094955093	1.3381403877680962	0.3878650990409863	-0.3596890496165008	-0.462792966747754	0.03729162616217485	-0.9845400552773178	0.6521413046954133	0.6570060802162495	1.182791247774071	-0.5303320054461795	1.2962787937338887	1.2577408681226392	-0.3998294081380963	-0.16938675702954906	-0.030593599656963344	0.8865292001924222	-0.05029078539840417	0.15825720501227547	-0.1266051118322209	-1.1048550500511052	-0.4101068764486202	-0.1403483881120975	-0.1898803138856632	-0.5687967656078081	0.9233695797222492	-0.40579950611727206	0.04377737270029673	-0.25611928166974235	0.6133967581306317	-0.06347853030744678	-0.1335986257200375	-0.5275284778306385	-0.10148447448765184	0.13413685635908537	-0.15178513924340148	-0.011936090448783753	0.5678670215546757	-0.2312741762310113	0.339219873815578	0.48581570677392005	0.30792273221078426	0.1542158706633958	0.015996420545139896	-0.14866254004845642	-0.04591219967930017	0.07835353551374993
DTXSID1021087	1.3860476114359261	-2.1947846693149233	0.3109168660521998	0.6068311585678962	-3.1872489250037126	1.411593465582771	1.3371558667714796	0.3704460709761914	-0.9419324073687212	-0.2851926784836928	-0.35795197554709524	-0.7167494175869116	1.9030840352340108	0.16604684021077037	-1.1670933154513357	1.0051929455605917	-0.3594033489836105	1.1348929612066374	-1.1822610889982357	0.14095229696857428	1.894504551416385	0.6896271227031447	0.9935366492323945	2.0592846393466893	0.05505813908672089	0.7036859632360487	-0.882187049665676	-0.41364462832136534	-0.5040372544512542	1.7146529691486376	-0.06440909234090389	-1.8901139983678052	-0.076547079171626	-0.2685478393027235	0.5166007087692199	0.4603085480057183	0.22584819122015815	1.304350305232616	-0.24164069273221905	-0.6748408824366275	0.5424866620400782	-0.06178137176125104	-0.6315695890238173	-0.40887649104992396	-0.37196043721372274	0.5716219870482572	0.2774755872783188	-0.3040221565403387	0.9156339108777302	-0.21236135663756275	-1.0935118781738984	-1.0596281580630922	0.17842613479900885	0.712608767902483	0.13321587345111527	0.35603258325538506	-1.1387965638592175	0.9388355671017505	0.8749421010844162	-0.5534054255892654	-0.24136562978681092	-0.5995582986122059	0.3733414300921018	0.5631271196164944	0.8667603824980733	0.9625423506294324	0.9299689364971827	-1.1590752681948462	0.6935807916322044	0.5270667425901835	-0.251835583883476	-0.38786945891050684	-0.2002320063230135	0.5790215811574441	-0.3124242227530578	-1.5750874329321696	0.8317602896427653	-0.016856970320659956	0.22579753959305005	-1.5107196559312142	-0.6567102354725789	-0.8912562876651706	-0.3902010508332604	0.667512337242441	1.0280875175541748	0.043587249231324135	-0.13146790393420357	1.539626219525102	0.06943519142164283	0.2884160607983018	0.7169666853713613	-0.3477928842761949	0.08779461393377012	0.8926213728360846	0.14749215105446065	1.2964219504826524	0.05010434602892969	0.9903444516528725	-0.833262176023409	-0.407410767411877
DTXSID0020523	-3.789687713593663	-1.7770875476912824	-1.9063606054393167	6.850415864013914	-2.611082812339021	-0.6799208391409222	0.6190309464701458	-0.8677592542244852	9.557344859703157	3.052848450853789	-6.182724226302022	-5.3830131448627325	-2.874125396501678	-1.2745058538477287	2.66867547831575	1.1567761388724325	1.9581216207439165	0.8340792319302907	-2.548790843488675	2.4366322555492697	-0.6933847100972838	0.11483228919035665	0.300380676406657	0.41124654938473465	-1.7527622798812243	2.3980063922225114	-0.3409065625055543	0.4151877874073098	-0.42326303541899846	-0.6239563537915942	-0.12926439658220695	0.47096011137024857	-0.8417882526514628	1.1117303346494658	0.20657291806612935	0.18696857519251317	-0.053775909897280164	0.5620793580657949	0.10761555046126502	-1.56164102605191	-0.3484924813601973	0.491811249966509	0.3780520245866338	-1.819261390578069	0.13818826344318555	0.7376309014060103	0.593236047992915	1.115049322356277	-0.5274784616884047	0.09103500534859421	0.3185864069195158	0.5513622802331721	-1.1827509871773414	-0.3900577067287209	-0.8000616981969751	0.32028564288801165	1.5155713323408644	0.22410386693870013	0.9338806163067616	-0.7366229848342468	0.9676344204892843	-0.8866801846533886	-0.6066401944684622	0.3689466044187704	-0.1401747372385229	0.8680295179875545	-0.9101357275301046	-0.3561251307463839	0.8319378338738657	-1.062430765881096	0.29675108214646667	0.3300273290974619	-1.0299119535731824	-0.07198613741122824	0.24946845578378127	0.37759826942333485	-0.6635753718081139	-0.46582131556632184	0.9306131983081881	0.8218213989071519	-0.0285781822078308	-0.45761608491648725	-0.13053473807451607	0.2216415664398302	0.16582313078212416	1.026237925798688	-0.7777713647953802	-0.1520010076167174	-0.0029867703484314436	-0.4603752207819813	-0.1629065090052847	-0.7800059956530271	0.11777751357147674	-0.3314521405724667	-0.12044285830999155	-0.17974673672894387	0.5348150012134358	-0.4488106059609744	-0.05002504153236377	-1.238608756511987
DTXSID7048906	6.027299567282064	3.031683252960803	0.5190138018593738	0.958893028544841	-2.250355739465206	0.3273298047657745	3.6688392005553916	3.383961425980857	-2.0759075514606913	3.1271730623853116	1.8910876869110613	-0.22569424437051877	-0.6278872085947521	0.5844325798784005	0.5466893650882669	1.2663833776898719	-1.1119898743039018	-3.076678546064513	2.9125818999966904	1.2803669545542529	-3.910244097726808	2.5516958100383254	2.2854014086865555	0.18420339868143748	-0.7843454123204501	3.132323837584957	-0.3512722845075386	0.023267733979377057	-1.485135381137607	-1.7362815717348778	-0.6847540404131364	-0.3062086086714971	1.5724280780730797	-1.0347571722119757	-3.2972223326325127	0.9009689871420419	1.1863669310380933	-0.8700482961753434	0.29177366639370433	-3.407672279356207	1.830499115382815	3.793039740928968	0.15040505918425204	2.0381829028693956	-3.4649530526270444	0.2788913888774969	0.44561631921352135	-0.1513756255854014	-1.8402892786704956	-2.024283693269373	1.2687039635170918	-2.1957270400702784	-0.35590136627714253	1.090183407853831	-1.6259290425287938	-0.8223913877906716	-1.141052553602971	0.9936186362995827	-0.4682104596581326	0.008989095814355513	-0.6379974289739668	0.35827873561138424	2.158837007158525	2.457664409781443	2.3461335672555315	-0.701901134313041	1.3348932742864397	-1.952941847566325	1.0819391396395988	-1.2169878564106809	1.731129899498327	-1.5295869390489376	0.4622832906564694	0.9728021480539416	-0.7818082338684206	1.7760083153726205	0.596268382606136	-2.281471439333714	-1.2927380171874336	0.726459353562893	-0.6818915176251152	0.5559274663320971	0.8087689645398943	0.37479638458086084	0.6160775808450316	-1.069909501936198	-0.7572620495251285	0.41651520149129645	-1.114499060360822	1.7080037043486969	0.15795066746763864	1.5136671361137901	0.06294687371065515	1.702826326448677	0.3364121231907191	-2.05337521718218	0.10399303488173878	0.763969336909786	-0.6947561078420478	0.22795338499190734
DTXSID0041220	-2.706268846012783	3.399283474342122	-3.6697772286868524	2.4790353100488622	-3.490773679939027	3.5639371537677893	2.300752226874275	-1.406448064915781	-2.2556381422780913	-0.6059889850846246	-0.28947326789106304	-1.4238284429545092	0.9534445048943367	-0.32964773772053085	-0.6998278677803185	2.0083076496065506	-1.2340780252346317	-0.4638091491547578	-0.6005107182679461	1.5818000517534037	-0.568563081550117	-1.48364779644923	0.3469121412720148	-2.358871123507805	-0.10459656197854876	-2.230591681607557	0.8793349774322726	-0.4631955005194693	0.1105430003434162	-0.5869718059443372	1.0753790059349966	0.15486529386777279	-1.0688988325198903	-0.9344207390493484	-0.01967148087428581	-0.3864973871736566	0.4532185584099937	0.1344842265140357	-0.20779218370971608	-0.0541271068192189	-0.3493464007870275	1.2132065673746955	0.6023642923812119	-0.002370900900747984	-0.4728042243629686	-0.9227203945188113	-1.097864849884518	1.197751775835172	1.062527791884547	0.034640966340161665	-0.42971470193385863	-0.8728507707915224	-1.4872719096379792	0.10700805786556584	-0.3302662179432522	-0.5355965514392483	-1.017558702944086	1.0878146044611858	0.5297469381467993	0.6373355129840659	2.0125392341797905	-0.9171753140805926	-1.0305152506563373	-0.143153539773312	-0.7692737495836256	0.45066196809842185	0.17034201010243957	-0.6040926717177894	0.6440333424627785	-0.9892482023876703	0.8499651135063855	1.217091139731969	-0.8439013666726266	-0.1587402475112196	-0.13313859020693858	0.21121748834571097	0.050316965664624846	-0.7126256381033889	-1.5377605541538033	0.12072330059661446	1.2408479233463412	-0.34334197451660414	-0.9796081898217324	-0.03381505193160943	1.0056037179103399	-0.42183398845361286	-0.11856038204882133	0.060792376416522874	0.7516428895500328	-0.9633540208243443	0.5773770612907159	-0.22435674906385325	-0.19141049111968983	-0.4323056956857838	-0.3727743362210931	0.4100182293677659	0.15360546179748036	-0.13318802017398018	0.5494193162055069	0.386383456327493
DTXSID8057643	7.012019299331883	3.059151514899832	-0.06461671539627055	-3.449460111240894	1.8320434655253324	2.925495988685743	3.551679665142682	-0.0842868828767655	-0.05321800492037542	0.2861724189387236	1.3077366343382038	-1.4263917790943916	-1.8570573121871066	0.5139213100862386	-0.2823748715988072	2.7753962131806014	-0.857767317033174	-3.0464893968361486	0.4386342174924946	0.5671294304978076	-3.5439747430441986	1.8783714198129606	1.0566667040184383	1.7199027667889326	0.31525502879424944	0.07522831892112772	-1.5928512915988287	1.6816869714761782	-2.8772563516298164	-1.413245228628442	0.08711351061646247	2.5570674193057186	1.3105554505205228	-0.3154822649638608	-1.9839153698167076	0.6073619325508975	0.8219499124548608	-0.3379776449306137	0.5529021883335147	-0.5850388005598329	-0.05973301356674234	-0.7013988385739195	-0.3121825905405983	-0.08865498945525614	1.5958681876509173	0.3820135293436323	0.4805513266976674	-1.3076443803054107	0.2442880160102511	-0.5017048228852679	-1.081039910209847	0.9491720325225699	0.04928727525257603	-0.3455715552213536	0.48704392435016564	0.8381421302827995	-0.021813170708889	0.04948464867682801	-1.497279140776286	1.3025878182129236	0.24437263813000576	1.7462280639452785	0.06377445864652648	0.33733430716926444	0.8910168800982606	-0.08965660596036079	-0.7067586146730589	-0.7662501578153307	-1.0815488903401198	2.4875773519018414	-0.9451055538441031	0.9943358786503333	0.5803352354961047	-0.33222978926347174	0.729378818162436	-0.547460551316698	-1.1844990763417815	-0.6983167108940137	1.4165345604190445	-0.3050089831148535	1.0394007578947757	-0.07051024770549645	1.5321090376540176	0.05699171981125573	-0.9835254065511546	0.2944811864575865	0.20208739946384618	-0.21557063300819054	-0.50473390592723	0.2780523084920644	-0.8920173031063429	0.0535045036863481	-0.13650242845765553	-0.06205701784893615	0.18559774968512052	0.07077325073085905	0.24084890617238588	-0.20877666478914608	-0.2676416726083397	-0.5841222700678197
DTXSID5057707	-7.40236803411134	2.014400888760274	-1.6033199056514549	-1.1225813481364904	-2.1155370757137875	-1.5347581885091022	0.4953657680876806	0.1815146947434133	-0.5286659001830492	0.5692221440857992	-0.4690171582963561	-0.2738107359323826	1.0852150565378351	0.3087224737813287	0.15291057631879568	-2.155028757403518	-0.7311551890508878	0.03711801041368916	1.1693571209627687	-0.053812480384078334	-0.2006393004091248	0.15767255477786304	-0.5724399785521532	0.4188002463789031	0.16566821767575174	0.46246728848233537	0.24432376366872996	-0.6934545999186749	0.2797565185497769	-0.23474814655011741	0.9477297792635457	-0.07271520731072371	-0.029794066871896088	-0.6659932572870612	-0.6024935841062145	-0.1399168408178983	0.24276543886156873	-0.21059099695102343	-0.26206357493752724	-0.13225321793607797	-0.4219738646142629	-0.012666203710602137	-0.04233297530163187	1.2964848957163213	0.22615734571533672	0.28140225000399505	0.5777207418347836	-0.5588238821532395	-0.1602096930849293	-0.3355863045923964	0.5371192252134993	0.48768188253611305	0.21937096360824856	-0.2742531818739949	-0.5483063370805016	0.23623454225880336	-0.7093383439945274	-0.6337376548813876	0.6069208504661057	1.1614646727276323	-0.05897506506854191	0.05627041504730599	-0.17042951252459734	0.18974857486171928	0.44535138975183297	-1.0803683244617328	-1.3508496247508288	-0.837317810569838	0.9640906660265499	-0.16178375750771026	-0.01053616309079266	0.697998395595415	0.37821685340720196	0.01381278140223687	-0.7518267204054677	0.632660270460508	0.15800493550041964	0.11005406744603645	0.396181428576763	-0.12255071868339422	-0.13835327647590168	0.0053124795381386865	0.5310244947500979	0.011214665350591463	0.21143504016081163	-0.3394978323590722	0.9152315298068846	-0.21278163124509322	0.4305762174258714	0.16501730050767308	-0.328139698499365	-0.48016984883395886	-0.8367970891833334	0.2707755707435584	-0.8643441747865779	0.5070889715706991	-0.4903148591463784	-0.16610802209524253	-0.11036206437912337	-0.19977732655808614
DTXSID7044423	-8.397144170665717	1.3075103572063957	-4.174969233425317	1.2753488395469506	1.0808546152375467	-0.6223874173795658	-0.1658379561987282	0.2876936337362071	-0.5772792120992813	0.34343040480644615	0.4666071277631576	0.787693883821856	2.0050337500045936	0.05784825632314058	0.6578959215744047	0.3852319269702608	0.26193919472315397	-1.8568461753222445	0.5574684106209296	0.5978860579863621	-0.3727093347395449	0.5476448494635848	-0.34927379406556397	0.4949765742212172	0.276520701208314	-0.9950746010111917	0.5947857943730017	-0.8622673568839984	-0.10085301631570433	-0.6170850950762323	1.054415663900482	0.5763161915980949	-0.7070017497531913	0.3795222499299259	-0.19704939696419516	0.5470208992127529	0.07694709578087981	-0.2612827519430489	-0.03119972322382028	-0.4466107750753967	0.7585018143420077	1.068415241632052	-0.031901394269675656	0.45820913990765627	0.7451425726439784	-0.0887792323799707	-0.3992908253134173	0.36411537487841883	-0.20110865310150183	0.29272499022474996	0.1883270977154065	0.02767344063594685	0.33914345085000003	0.8128451182798099	0.19052617041910544	-0.381865374117557	0.38106924160177025	-0.2551170323550448	-0.4013192011140317	0.07783020245620803	0.9526890540103793	-0.4707362250767347	-0.6181771848613135	-0.3373566513467017	0.8587349712340138	-0.5787666162724919	-0.5790582497972793	0.6595063268160378	0.4154259453360892	0.2031248646279917	0.07184490983794342	-0.12617048473671033	0.2708354032353814	-0.8857399457292858	0.4321660915396636	-0.7938512570571359	0.35077653091982103	0.6394730837991965	-1.4577160328834848	-0.11356200395287849	-0.7153355959599296	-0.18425427773507894	0.7932151823054165	-0.4040247816263061	-0.3236767599506616	-1.2870282078747934	-0.9091604691762186	0.2920764048488092	-0.24536105816596132	-0.4062725212247409	-0.5430502378350694	0.6798312649638524	0.19694677940002842	0.07864909513863652	-0.07805362934723889	0.3637460370321635	0.43135505563102755	1.0042467402526352	-0.01809976857880638	0.7909933564200001
DTXSID9021635	-9.161454442262542	3.7444954712254233	-2.831907441642368	1.487914057496022	0.07323926455772069	0.4050818054481452	0.9206596809960658	-1.8237983453690658	0.3197414686860863	-0.530305228006221	0.10438810992764685	1.015518057062985	1.7420554505824222	0.5110457057926524	0.524586715796689	-0.11721076788635736	-0.9053689886282006	0.9299014648728422	0.7733962162516225	0.6820244692566066	-0.5715414509962721	0.4526198854202191	-1.8712869251811926	-0.49059677768276205	1.0713855541864727	-0.34989370957071597	0.4676324204599928	0.7255078077108136	-0.7122683077890217	1.999980821549165	2.2437693608920144	2.759810769877604	1.1343802688703015	-1.9639506424045887	0.3127992040580857	-2.4161229783513485	0.5722543231644946	-3.113580649991219	-4.106970925070802	-2.068656080305946	-1.7707848146049154	3.6753594533555454	2.030861165817207	-3.193424681278437	-1.6110951359439825	3.213945395593957	-4.034012573818134	-1.2934211430367246	1.912205071385415	2.1176516575433273	-1.1141533030582094	2.1798328684573725	-0.18154333281193497	2.333768482958336	-1.0658618236489235	0.8025625030702127	0.9610784749993289	-1.9108678559520016	-0.9517524901850448	-1.880743688054034	-2.458057245248218	-0.2029535676995392	0.2637722987542125	0.724752761496344	-0.09305107628634907	0.7013678031916504	0.2182759708511398	0.31546374548312084	-0.28174520447106677	-0.39558644549583	-0.8098741032824711	-0.28106074129153	0.5116864895139964	0.3825687220754535	-0.5287045419227046	-0.13589387145162418	0.48668334686042874	-0.17339029211989335	-0.6683302279149431	-0.34827811963185634	-0.8022669288007008	0.07413026306837542	0.537123196219716	-0.1963029954376836	-0.5523868317797513	-0.6259624533713043	0.4036413096863865	0.18075929683676026	-0.16240898469515094	0.8259602453336292	-0.0955010498119548	-0.18964645825844234	0.06334682611446513	-0.32881481127498313	0.2794549209868164	0.2749941348201342	-0.18389828272986045	0.10127293519534919	-0.3608453626507112	0.3815190996684616
DTXSID4034497	3.774198978411199	1.1341662556740633	0.6148835648076234	-3.325927409096355	-2.2329522367907866	-3.1854363121307694	1.5702336975204196	1.9627504946981027	0.9294251180628517	-2.841320718787316	-0.7341411644302068	0.04712077516429699	0.3691344673435462	-0.05494285693902839	-0.5473560744321635	0.5641971584604056	1.0397302069380696	0.8615997774327707	0.15594964523972182	0.6345044306569478	-0.3935260330104385	0.7963581027467137	-0.8691087388161735	0.5731036846926943	-1.519303750542218	-0.7819939114699658	-0.6785875051408562	-1.1636193481159343	0.10420362060574796	-0.30303642985174045	-0.0739707156276207	0.502071549674336	-0.5936028585686359	-0.44087653238034474	0.20154109851626795	-0.3381203690211914	0.11239953838346173	0.40673827865013457	0.0996520406268994	-0.25797843898246153	-0.41272736737299714	-1.4862323568255278	-0.18605628039136865	-0.07569120961433927	-0.05110268875591087	-0.1740286145237038	-0.5240055557918417	0.3268030196445841	-0.5704312449712338	0.4334860249179894	-0.0022648712712985304	-0.375114310240794	1.1010994251794963	0.31253493108183206	0.20613057850662383	0.6290394390485549	0.46543786623745836	0.23305979954736192	0.3017924955170084	-0.6451533851732144	-0.7928029840956345	-0.34358890039173434	-0.3118140887003382	0.9991791995093151	-0.003983749125395071	-0.29186887680015217	0.734747873136253	-0.03668451296996806	-0.058709796098210545	-0.1514058281020113	0.3616937889532211	-0.18293388482327141	-0.14058632555003778	0.051345620641026234	-0.012656066648161497	0.4071439163941624	0.0902220301346844	-0.2947868426021006	0.028004999315474025	0.06795033912806474	0.46927085914176714	-0.3550664026439578	0.29973744693407744	-0.20674484596796913	0.5664277194999828	0.2843218425738066	0.0338871420567544	-0.8825666496416017	-0.1360666409475893	0.3277538902281307	-0.5905542636586276	-0.33835512503424536	0.27107437973451287	0.34687015426645496	-0.22626189410975284	0.19895524744187856	0.1470214224487279	-0.6825188350734341	-0.43477670373247873	0.034496774547499255
DTXSID6022688	0.5111790649307711	-1.4221501591907326	2.073229239013874	-3.30356543782163	2.5820958114070383	0.892908926418904	1.0585199616647771	-0.2523680087261391	0.24494183385561158	0.36244530515249535	-1.1216397800390767	0.14854791821596772	3.469299770070063	0.45803040001187206	0.9953624755806694	-1.6857701935018874	0.6650979744630717	-1.427179995413843	-0.7485465502612428	-1.035457791084166	-0.04231261971977871	-0.5567371822241065	0.5162416085255296	1.1166839990180855	-1.3141525239474254	-0.36907853143895597	1.1323189741157138	-2.0081173250090187	-1.0620187639787622	1.246498542468141	-0.04913867756906117	0.3285406073657595	-0.045802692380560485	0.7093018542189736	0.43691019878126	-2.2825293200138383	0.0006578579454670259	-0.5689759895629332	1.6236278434788416	0.009510170949193063	0.9341515936192959	-0.5287665756727072	-0.37844948185558197	0.18191150297086803	1.6994216017804995	0.25994266171332464	-0.46889208159732526	0.8299574136424657	-0.6502297615722613	-0.6328075455686807	0.974244030257772	-0.9503001179497346	0.3948749936269206	2.0534445437212385	-0.39456334183557634	0.6372605998591354	-0.4387569807696432	1.1119386232346666	0.6043884572676823	-1.2518344776593926	-0.8727577985665486	1.0835705182617426	-0.27789735977409263	-0.19362817163136098	1.622185535831467	-0.13501680155349596	-0.964268067840132	-0.18915834740771229	-1.0914493874861433	-0.9274539299827764	0.15507675620124864	0.1618661858397355	-0.10277628913993132	0.4134178493234214	-1.335120416921614	0.4316298112002364	-0.4951774205063219	-0.4751842754167048	0.8349477176456069	0.42524615736619703	-0.39900424873744966	0.026984026161269128	0.5057891108628433	-0.17362829400176058	0.18997294356277414	0.02706673870240224	0.05472607358318525	0.9581198666686487	0.17442294267241681	-0.0968903304895885	-0.2082937882232009	-0.8273063508643516	0.11380076177033367	0.3228499220974551	0.025075750028815073	-0.025465299072372147	-0.4975023039479756	-0.20915379274612905	0.05877216065077254	0.15868974503339514
DTXSID4045555	11.645021679943943	-4.6878211807917785	-6.7874872240208495	10.353708588336172	7.262363358633064	2.1748197470858397	6.3419879154594065	0.08697637955308671	-4.051659140211732	-6.233684567798857	-7.814072652096605	-2.9248246417047725	2.8940387014286526	11.963609844881887	-0.6336955202635689	-4.60782471505681	-3.965998519773287	-2.203861851715638	7.9420040782231265	0.11831750839517836	2.5240317758186213	-2.0970244449294775	1.0162685528961095	-0.5797218495306241	-3.2901201350727622	-0.6387267029960783	-0.45723200471518477	-0.3845095285369259	-0.2685216342318362	-1.824305488792074	1.6403110927532225	1.4800631025494302	-2.4249141792073794	2.878765099545086	-0.23271267817605068	1.1870637286745556	-2.3319269092214285	3.8578379343244857	-1.204521321240455	-0.3305460796541709	1.7001036289661808	1.3655122071579666	-1.0805155214020359	-4.151398073380379	1.9108097437050486	0.7203654822867227	-1.9390907376483537	-0.19492356409829423	-2.6468171600596877	0.8553905075423541	1.0306278281712808	-0.978806790842371	-2.4811651646427166	-0.6327103403560271	-1.9081407567073536	-0.15136161311718638	1.7234170890139056	-1.3965749115002815	-2.193219619769204	-1.7648291576077795	-0.22193613760790978	-3.4969352563309983	0.8826814735202377	-1.0582159512912288	-0.5035616894824839	-1.312318851278976	-0.702668612010968	0.6429786485908962	-0.823135857893621	-0.5360684191279187	-1.477721241446576	-1.2733703519718995	-1.4152488828337515	-2.5761204802827278	-0.6548074003837886	-0.35496306357429896	-0.5830878949100152	0.39569595631103177	1.4491009947831541	-1.507530846222173	1.180830427459053	0.8347194851449256	1.9916353032224514	-4.345030930592676	-1.7023297906748116	2.7358425057326823	0.36426965537124895	-2.0814048264760374	-0.5597182400783576	-0.3284248803989864	0.36632497470968367	-0.9029481239434709	1.8736612190972557	0.21774418755733313	0.48472955823025576	3.6507733263502136	-0.9193235302705948	-1.152138962820665	0.4933828806364188	1.707591962247668
DTXSID4040684	10.012168017030788	5.504544523874287	-1.5371186453235142	0.2929391428706222	-0.009471838710180069	0.7716751513362266	1.1679455258228653	-1.8315362704565157	1.1988022421920854	0.13877944297151962	2.3074230776698217	0.2693226814953559	-0.3542579098668798	2.167984061249081	-0.08371350738893935	1.4283757805617439	-0.5018476919095457	1.0142149645576137	0.09573492978360483	2.4888075683363504	-2.5611237451033877	2.6415842612356757	0.05322302803386828	-0.6787076798323397	1.3065391653088443	-0.2950891682079793	-0.7397903789274619	-0.5582116664403548	0.1310399921064984	-0.4237324023429694	-0.4327774565580052	-2.525129177186814	-1.3629860363820467	-2.0879441125460834	1.8406388681130486	-3.7330321216730833	0.6301604646817693	-0.3891747969562668	3.8893004878039084	1.1127194951887922	-3.694163854109844	0.6031858043665203	-1.5785817156969937	1.242294283805118	1.5826347407060948	4.200643159207193	0.6668578242486259	-1.1433643163470677	-0.43606660986965184	2.5522115480162584	-0.6099948281276717	-2.431142740929935	-1.5998117386992103	-1.958943133337754	0.27168197149370915	-2.5672979896320953	-0.18596187338772519	-1.0794403317741916	0.3518712902015686	0.6391927539767439	-0.17638352097547136	-1.60884175639091	0.7488348109121689	-1.7672173268192914	0.4075631981594402	0.09430304937244326	0.2630839389091142	-0.7524348243279194	-0.1186589497547493	0.5021034775885416	-0.9700076139166067	-0.03421126508666593	-1.3762818440495508	-0.35534887160071965	-1.5540484037389268	1.0681219354902833	-0.09641911580798992	-0.5056793159282618	-0.5323055489529126	0.07258124305350026	-0.7941959674509065	-1.0789706848641607	-0.6333673079763761	0.8239400692449907	-0.1275696897873774	0.15527104368385164	-0.5536655203904783	0.8988014373130965	-0.3719296394281222	0.2468896150397298	0.9126637040234515	0.824160895766874	0.7292620965522565	0.45889123757120026	0.0652396579112606	-0.44571723567757654	0.7980619870373544	0.006455393737988901	0.6227525521363757	-0.7642679133714397
DTXSID1047491	-7.008956250572838	1.0695000469592428	-2.8138090512584846	-0.4754738562535638	-2.460616350543997	-2.0700466788749305	2.9238596218963147	1.3770553235143115	0.6156311367866406	-1.3575102820465008	-0.12914516342657115	-0.1773368498279342	1.8615611719758702	0.161022011656165	-0.49851288049564707	-0.5612044303067855	-0.5361413594821504	-0.5773801373898467	1.06517347171195	-0.7160830006291485	0.3857391965998786	-0.060086222558935316	-1.4464995479730611	-0.1117798008459912	1.48620945432253	1.052450633352202	-1.7366060915291688	-0.12197363963527667	1.2601594999207988	-0.04163797248027283	0.7720300095171625	0.46782811371879096	-0.3937176052884076	0.7080728630301153	-0.6759478156410308	-0.3941998912959306	1.3637717773511762	-0.597514715385966	0.6553473638468502	-1.1014734340380028	-0.6158367809837859	0.11547343529262831	0.3275155708739654	-0.10992947531323621	0.11354666223070971	-0.8183750053565907	0.7178824977152788	-0.20167628067366591	-0.7447117981141711	0.19028629798434465	0.3896987120998962	0.2520879578754799	0.89121626858436	-0.4513398778602868	-1.4317340998719632	0.501859151493793	1.154019514369023	0.7357961624668335	-0.21865324582407336	2.3745490885280374	0.00019216447735274008	-0.9280700848109327	-0.9184586094821342	0.12776041250114242	-0.40938110982524334	-0.943743161657959	0.046342247376532225	-0.15287692774478018	-0.6267016165505508	-0.9959941856210746	0.09439352999795747	-0.2030793004875546	-0.36222322964855025	0.6054657437178405	-0.6700331562112677	0.19597610293637835	0.2863451082329326	-0.15552573495442912	0.10203178059907386	-0.37602802888964865	0.021346617634118863	-0.10655797804573852	0.2253925334759503	0.3531563527800329	0.44438099592010194	0.2535437893869022	0.6848736228761934	-0.3404703369041775	1.2207930105860447	-0.2901350457242699	-0.3088255059913503	0.42769112249324814	-0.407452510176371	-0.0329733144433038	-0.038912798285207335	-0.03422704300903056	-0.008785522756218191	-1.2726549501755536e-05	0.3314203253500633	-0.2015017419892184
DTXSID8020543	3.6230133232587813	-4.302412074911975	-3.0672754703270533	1.315208497755242	-0.5914078202842187	-1.2790634934511216	-0.17707134289279355	1.5608526099258488	3.2767863217006994	-2.242521629492227	1.5243146591549823	0.04549991827498579	2.1750159797127084	-2.952782540072085	-0.7281188248349606	0.8734000639426458	-0.5352352901870843	-1.6701320212880113	1.6920616140416374	1.504410982030737	-0.29313111019510446	0.34049498832192654	-0.04731640382852346	-0.6069656849687926	1.1986443870998722	-1.5243142321880156	0.3913314854948486	0.11382491229548827	1.9128628930819453	-0.6823932245289622	-0.3063304149533017	0.5537933018746183	-1.3858645837508334	-0.4881377877353269	0.6243382761963197	1.0767001414554596	0.6772451316104756	-0.651553328277059	-1.0465927334759904	-0.9701697892097265	0.5692088921298797	0.529420591527488	0.2707759372095036	1.1797591492944042	0.18130193603170972	0.20415694021402858	0.9247920111617004	0.20450149669965367	-0.8078442701772819	0.51440578886051	-0.6898865649804061	0.33144505696980264	2.1789686800332335	-0.600738194748209	0.4676575485939621	1.5196951428984886	-0.3621240384945185	-0.8205266339007165	-1.0261503895629476	0.6981966257193274	-0.4407454377209234	-0.8801524686256413	-1.4074358916559293	-0.8658721573009325	0.5658274334951267	-2.0573726352824964	-0.13575775261981712	1.085997131159846	-0.9470720142967851	1.037809295404538	0.21666734702284768	-0.05974408857840606	-0.9198246709834147	1.0557861243976654	-0.338736228559559	-0.6509705636125174	2.491185253099968	-1.223740249421004	-0.14299216640831197	1.884862125989099	-1.7184629218200342	-0.37384724061732993	-0.05191698400130228	-0.7227859423291301	-0.7552098615038028	0.017630878047623907	-1.8312561883626075	0.1192701367505026	0.8391483398888155	0.5873414823329379	0.4592317773895995	0.34951812789278514	-0.784552297237473	-0.5982633375122223	0.6290196161022003	0.28534655609151083	-0.419627516151488	-0.035971341947961206	-0.1064808676283611	0.7519868859644049
DTXSID0046858	9.033260152366532	-0.8679107723400211	3.057792125809158	-5.892480437248771	6.274440056319122	-0.5798613335214198	0.24912589239046418	-1.6616462974324486	1.668461614627229	-2.338609824258492	-4.01086901114454	0.7943731413578858	-1.1582125326446855	-3.0337505796296775	-0.9952115341677913	0.6997753745550451	-0.27311667419857855	1.5026700644386792	0.3127648487579111	1.1172460270063018	1.3687411885221867	1.0946026418145838	-1.6870256801478571	-1.9268890032674215	4.027816260444036	1.5035564755956237	-0.4509473592084887	0.3466233234955851	0.7481085317317412	1.0222722147429577	-1.0794846417333126	-0.9736280114261819	2.4071581753893643	-2.1207739212709575	-0.7267602233716618	1.2927608406563547	-1.591643196825087	-0.19327271525168171	-0.7662509766844443	1.3423267529983807	0.6435001243278422	-1.2324474542210717	-2.6281666073442254	4.233809811245045	-1.381039815797825	1.4066240695284955	-0.11999801248698921	1.7426595044759174	2.013747193654666	-0.6213981182833733	1.9320266933725743	2.276036373157027	-1.1241721513782985	-1.017720226447754	-1.4188166012414019	1.774321225241269	0.4813773260155825	-0.0739661863607551	-0.8192303180883472	1.6552760124291543	-0.5697875363553826	1.1582549670580367	-0.7068960807583268	0.6989527154726031	0.06607622696886462	-2.028826131886562	-0.9379267304488195	0.7374757550311147	-0.3774291675328429	-0.021211457914271047	1.6202835377827374	1.4600446587973261	-0.10909331271014071	1.1481384906857122	-0.8858296530052489	-0.6788666181881001	-0.8095317206429045	-0.11063611815720968	0.1676271300979399	0.12491191241965557	-0.4100000913006934	0.31447438044364784	-0.7786022152847193	-0.4882238117852371	-0.28863241897828895	-0.8230594509293165	-0.7139343554472366	-0.8545349004934092	0.46822584840712594	-0.6046642931629085	-0.536037513276077	-0.517822469805348	-0.738090773070504	0.037165438740044	1.3044311439499314	0.3948319931829936	-0.9632830668721843	1.6284033943984362	-0.4281663171835442	0.2569724341684883
DTXSID9043988	18.78226325874877	-6.542688588512727	1.4781330909414248	-1.800386249394176	1.2088473763869634	2.827879050111789	0.9962621901638659	-0.0680280563568063	8.555688860516678	3.3397319758328634	-2.108880505015388	-4.336025822020688	-0.9427296099347746	-0.9805623681563641	0.8161715402585147	1.6374152797817176	-2.1584805353180303	1.4985169906055802	-2.323703473750403	2.2991412397351016	-2.5154585799456526	1.2609819879465847	0.16801881754921752	0.6038199921884975	-0.5866288285721573	1.9639440829650938	-1.078051052652328	0.9582965887167398	0.3956062779116656	2.144435962955294	-0.625673430742694	0.46914047195941105	-1.8312068334792242	-0.30129390679302187	0.17058879174164215	0.008872352720465873	1.4086408660640093	1.0412718388673976	0.0894756852728812	-0.7487120555168258	-0.2031576032646563	0.2950270787675461	0.21981202918171222	-1.0482690203867624	-0.5239873061973809	0.740017212106243	1.4132254315054225	1.0491410672460195	0.5586748814563645	0.9834660128689173	-0.4021517454614223	-0.2146118763026356	-0.9789221728400425	-1.5335352941168312	0.649908301983634	0.35864255297307746	-1.354051429425788	-0.9886479550866156	0.7937834344704144	0.23825593276146537	0.6794711662764492	-1.0167064733848235	0.6761812314652709	-1.365585607686862	0.01276726000590962	-0.2588905224402015	0.9937987300707839	-0.7039761801381561	-1.3078421635082749	-0.009615302515163546	1.7786161301846966	2.2318807703922148	-0.830080601531299	-0.13872959619491457	-0.9703103206484731	-2.5662819174221005	1.2052365110659242	0.8768078651282513	-0.5125235348962854	0.4613588137013471	0.6459740688354033	0.9773420081827598	-0.5930783939524066	-1.0881071050425983	0.8428718419407873	-1.629371309856275	-0.3008601088714749	0.22823983561859237	2.43777327038954	-0.5817127397404914	1.994163896743552	-0.8718086024269343	-0.2564977578260235	0.6224307527129247	1.1306233188704673	-0.4896143720644138	-0.6402755375102049	-0.4003432555501045	-0.9278451946589557	0.07345128546365343
DTXSID5045704	10.157164831253844	-2.2069091619021	-1.858268393098363	4.459388255919909	-1.1986759082060092	-2.069721741622053	4.794802417374835	3.55038558703596	-0.6897691717122943	-0.017168024093283593	-1.1437222269717504	1.3782813624995984	2.635633376511688	1.8120279482059127	-1.7232847704535523	0.23085645074934089	-0.732701605747264	-1.7888204081112564	6.719988507899808	1.53754018638734	1.4868128523793778	-0.3653667778239361	-0.043486252967443406	-0.9544345515911653	2.5345055699781804	3.5649239250789075	1.701620864886458	4.52811862575944	1.7728933830944327	0.12530478899711217	-0.02586347767145549	0.9012487885752152	-4.526696396293299	2.323627912734566	3.3554768838144007	5.359795988442091	4.822602002216252	-1.2699582353038361	-2.9309276254590815	-1.9959185459907227	-1.2785720686761415	-3.577975619351623	-0.21413645922102265	5.429748716853292	0.11371827569743789	2.3016008239540486	-2.777027446468999	0.2896457247952441	5.2004698506443745	-1.352877520381269	5.982111172477891	-2.1961809817101097	-5.037297480665012	0.8015734298910423	1.9560799045848072	2.4641995303555886	1.2271658867206112	0.497770908858575	-2.049777287672897	-3.372114997607683	-0.5077546210951852	-0.5611057352145089	2.197850209847864	-0.5526645700062327	2.4650678690561456	-2.0920738057956907	-0.8012028795520186	-1.2466383267834458	-1.8507491802569838	-0.11340104166636651	-0.30621818041565035	-0.32863778719915016	-1.6373229894864505	0.1795766049143147	2.46131319557626	1.6145095986684852	-5.502060700969402	3.7916331064735806	1.8639795273055058	-1.6531705289933811	4.262584857970964	0.5033387981375809	3.570022747966118	-3.0668743682480275	-2.213376234265171	2.290581679880276	2.4399352844263014	-0.09017319938268016	0.2931024099747641	-1.3451561753553372	0.6169402367395593	-1.4960285097526647	2.3918799072228025	-0.9685257147271648	-0.41624703854089745	3.1889751396349784	0.16716687900768226	0.36711974330142305	-0.7017813854020449	2.5130258472365616
DTXSID9021477	-7.647161527062947	-0.46277567314783585	-6.899112123284843	2.605094079702374	7.434460795866922	0.3192158340580392	-5.336609782538847	-0.2530779830232394	-2.1946178847396793	-0.5668479073623011	0.04170428086543442	1.996605957047365	1.788627312360894	-4.43330002481714	4.163926315276246	3.5124160567529668	-1.1626305863228652	-0.9077412190679273	1.2472906335744047	4.86562650981038	-1.5769931031335795	2.855447657226601	-3.0705331309900274	0.5055830207046552	1.9039405239256064	-1.8056722160051977	2.289089541646458	0.38228119511175246	1.0612621960494892	1.5102884415823927	4.190922783286881	-1.831146030089988	-1.179122621127814	1.381666985537969	-0.7843339469232817	1.9216813820033225	1.3473074719875184	1.8508640955753413	-2.278012518466243	-1.5201382980279632	1.9415003254963632	1.6886362569775737	-2.0395660623083733	0.9288734197242455	0.28961234314750445	-0.20229753540888767	0.7176584447797731	0.6835196867248277	-1.1525852955040221	1.5350720848414423	-2.68163580596952	-0.17241897522801689	1.7570360213879224	0.11017855666522175	-1.7465279940039786	-2.1195651334461347	3.353629352434441	0.07797681203984813	-0.41065602383893834	-0.37992433560781974	2.884171778053885	-0.3894614331927358	-0.7077251872021767	-0.0749373092860968	2.0592121588066408	0.3704391154810851	-0.36718194968177936	0.11484509674102433	1.1690232414923822	0.8546657834852296	-0.4209623137914936	1.0254619693387719	-0.4246696305028249	-0.10042290201900454	-0.13766558103773857	0.4875511413438604	0.6508375801368188	0.8128755205248588	0.1549136327587415	-1.401796688098724	-0.7708734277489914	1.9333826697003622	0.2264724411645204	0.5880093957865369	-0.5811985289383264	3.0750337129031875	1.0764872972069721	-1.0495662107762294	-0.36682562752231124	-0.7803210757309542	-0.3153472743273387	0.34804734562215184	-0.5524249337456008	1.5061466884515373	2.8438256253810406	0.6511580351453577	1.4282041414844344	-2.2202325651295913	0.7291048934680929	3.0160734987894724
DTXSID2047351	27.999353806973847	-7.775295656888815	1.3232449484912254	-3.146664412083238	2.6592693352949484	5.2306191145531	4.841150903916873	2.663609529749927	-1.2374494458045413	-0.9468501011151275	1.1893992634893178	-3.7042245833127407	-2.65980536640649	-4.762734775770117	-1.9686053367271552	-1.1864667567908176	-3.423769848601596	-0.4399596956086927	-0.7204942740080943	-2.812918650355231	0.5308832994197583	4.040199523254931	4.244342151792531	0.7349273265455988	2.1238882416216316	-1.7431109725403866	1.6028009651567912	-0.07515890811460693	-6.171323447869112	0.36423394650210017	2.500950204812733	5.550455579735582	0.43882912890252	-0.041818668959615904	-1.4776162424575967	1.2978866568621448	3.5607863915666553	-3.074102556475171	4.303709228678976	0.3944760013687101	-0.13938374518611654	2.6662885201144335	-0.35024278234769896	0.793575336394562	0.27829663473076716	-0.1973844337670861	2.368343028883074	-1.0441693157526915	-0.14492956176453403	-2.2862520630635013	0.19302393502297271	1.478652580416186	-2.8527394133950787	2.9789710499878885	-2.0564676253077594	-1.3975751885859278	-1.5960764975246862	0.14466820398992153	-2.843461854084193	-2.406545151553459	4.095035810048056	5.394261682657943	-2.702258945930273	1.5468463768999472	0.06639413652600862	-0.8841604413003864	-2.841016636122746	-1.943708919635245	1.8490026276333862	0.7036701457089021	-2.216302417863835	-1.8323359202559264	-6.128671563711114	4.9309084330648245	-4.629957465703511	-2.8912224306081797	2.3677355514569527	2.522213068144613	-0.13109913884375624	-2.253974294782371	1.8834199652992536	1.4263073712913095	0.3379124073756034	2.109281806424777	-4.0393374830644095	-3.300526070661954	-1.071312308966624	-3.2735955210748284	1.7218136593973912	-3.383036898194364	0.46570909838310337	-1.044010884477906	-0.03398833170096813	-1.2128652896149514	1.6560349133401842	-0.05048115123636094	0.4115571977589614	-0.5611493207925113	-0.8733484136789139	-0.11255245937499792
DTXSID2045579	14.136946058760186	-5.514731599065511	-6.960561238892365	4.391067765373706	-1.2123636857786861	-1.0136588356869385	4.352589685743635	3.877984054704681	-0.6257981480876739	-5.8226256691437595	-2.0753766148748873	-5.2394313960480785	3.77065281970334	1.6000734828301577	-1.4218001728687806	0.44206799172285927	-2.7309937951528025	-2.6066532091870505	1.0257920250715094	-1.1314648993101875	-0.6510585275357104	-0.44956198061894903	-0.817148151622384	-1.8019344441137815	2.099381161942008	1.0231987848360675	-3.05760082211931	-0.7532862447160513	4.028291012895888	-2.248256134768244	1.957434676940424	-2.4455143373722854	-2.090679771838575	-0.8965559347280695	-0.5856566577774972	1.020643853306345	1.6202131162159474	-0.847867991746152	1.2491874931415585	-2.827953862333082	-0.4116753059330958	1.7353547339046687	1.150192388121412	-0.04861182069642629	-0.7067064182844582	-1.1754569205617973	2.201604342473375	-1.6249693222432275	1.2013068872666097	1.5587368182845396	-0.7879563762235827	1.2985499579666657	1.112258961488049	0.6371633252799707	-0.7499359207566225	2.122902059049263	2.476314605178861	2.064347050102207	-0.37624699066089595	3.309949004164478	-0.4494545719404175	0.02759019701634762	-2.269258264021332	-0.38252696136393527	-1.8146845971802854	-0.8142878024505984	1.2535592563988147	-0.7571511483875906	-2.1291317503874057	-2.142938770103088	0.4546327831134205	-1.1259719856164956	-1.5923422368608944	-0.6105195000639279	-2.7193289722264744	-1.14761500232145	1.9333659219334203	-0.16303523135962064	-0.9010410301746651	-0.3032394079308429	-1.965922870362072	-2.1532158491608633	-1.6396748259880933	-1.5392368573759572	1.5286121876250018	0.16006679090366177	-0.7220491885595599	-0.2123818719088774	0.9840242970041733	0.7832483892935816	3.2773355145264067	0.859647802640863	-0.9173504203404713	0.2728289817874834	0.5853004619610448	0.3665932653945107	1.0651466254440307	-0.8319219713148512	1.796428743495666	-0.9638134021429202
DTXSID6057821	8.537061495568208	7.708764720736283	-2.411052188354518	-1.5491445171131284	-3.121231229178837	0.7517366508606266	7.017998982962603	2.0053622810330363	-2.1230743074321405	4.190696319143123	2.322723848699685	0.5623991462154366	-2.5793090602022968	1.4374326280442085	-1.1505147095174575	2.5065291510943117	-5.639782922455726	-3.6214340570891816	3.83329410420338	5.786522124683115	-5.329287673149882	2.677195004513486	3.5443453707162025	-2.489653854254719	-1.9017543103596868	3.5379515039446248	1.0058416940868813	-1.2496483798954428	-0.4606832115856816	-1.0106488930746642	-0.5594075721612171	-3.259011915519957	-0.7060516111271217	-0.34210745386290065	-3.1020875459587844	1.3075455933188114	1.3140897045886824	0.12261772590339878	0.8556956056289331	-1.3416273548028927	0.30477654457273107	4.521864817190173	0.19076823367341186	0.473490815028154	-3.481396605943096	-0.8688830086332415	-1.2068525074158027	1.8392990803058866	-1.0360881666989739	-2.144270416754727	2.370680071106713	-0.07207815184238826	0.20573656138018184	0.5777650284929221	-0.5221264124072487	-0.15461551007533803	0.28142951064543914	-0.06222476400317957	0.39074645949725345	-2.505242058070041	-1.6014052966828884	0.21367750853202064	0.3675502487969612	-1.3519092279763496	1.4804187037949597	1.4459983092135602	2.1943212536457217	-2.421287156859386	1.2533066262875951	-3.9549597132762018	1.4636627194924883	2.9889821124878155	1.6168359728565556	-0.13439562066165492	-1.5976615395483762	-0.4480572280914978	1.2064191507098467	1.613651857656644	1.1302140181949605	3.4081757054391617	-0.10776715719543575	2.33896623333256	-2.0695866741947446	-0.619946718494255	-0.246117394693335	-1.6535752562220547	-0.10440987019024428	1.6222690921418248	-0.4334751287909698	-1.1817867029878626	0.530557678645722	1.4233101152491443	0.8208004059813925	0.690112923131315	1.7933235853543383	1.7961203828522867	0.03875076808486378	0.30343995875648505	0.739178834615608	-0.1520737706144393
DTXSID4020878	-6.42013478016097	1.087245045283802	3.286217286020856	-1.2945072686865309	-0.13735739269753688	0.8346578902371301	0.29731896922492196	-1.3336771303580686	-0.30348238081453766	0.3542021743711732	-1.6466561784700793	0.21842299616032373	2.7181985864032767	-0.9222697941949133	0.2987943738000589	-1.2978547965064673	-0.6931191027711708	-0.010813434171263132	-0.07637747976591387	0.9120820552234142	-0.0562923453477656	0.06334017396901895	0.7342205718305029	-0.7149474238319823	-0.19850984982261788	0.23960941827290558	0.36252079129464204	-0.3095648621762342	0.04442956932835677	-0.34444279281452456	0.6083692303244105	-0.5590157484732887	0.1252528977041157	-0.03870519455821018	-0.4945126760228076	0.3906257294316852	-0.04504562528299694	-0.04656693498679079	0.13711334192678415	-0.15809382532238023	-0.037740224842298706	-0.5040190850887764	-0.3053364380478437	0.33817619319537534	0.45277166037004446	-0.041277245510101694	-0.12587526971455523	-0.18064824154203038	0.6736441118193282	-0.12785586889482703	-0.15031909610378408	0.5682815167612425	-0.030180721486973372	3.126635283183139e-05	-0.07118721393857681	0.025306715294266913	-0.02428831553931775	-0.07591343820578919	0.2850433704508676	-0.0075903948127411065	0.04229306378801728	0.1673060891560805	0.2596447848516652	0.30187173443661747	-0.1410084915810143	-0.44725691410887847	0.12328877894407093	-0.15415306583627364	0.09492771553869483	-0.16617830646679238	0.3855262221280376	-0.0808872225989967	0.02797001173366073	0.4459726254676314	-0.11346845614818359	0.2101592290091696	0.03389148785242934	-0.10413494542126729	-0.008171912422857414	-0.2853227832217143	-0.3086546193040106	-0.5536611066437158	0.018030233523408417	0.26153893994495575	0.025271199990835293	0.06646956179445311	0.04015518301725175	0.25993374010830694	-0.02840178150873548	-0.014026026957296513	0.198376325205157	-0.357944959695158	0.027458313625854564	0.19747378295330034	0.08614429027777795	0.03314152216517132	-0.4174142925903142	-0.09705191774551009	0.2620287305481214	-0.08134205547884646
DTXSID8045307	19.280875611993036	7.726149490930008	-3.8078662476989837	6.380427212326629	-4.476868595541198	-1.8352273061670223	-6.459159943255785	-3.188375605241342	1.1525773821462297	0.03637524963999053	0.22299079405174568	3.2392629676541733	6.054217404630779	-1.5033680902100242	-6.040270341062976	2.5916154298617196	-0.3251144830268448	-3.3379408656045366	0.7047131855764781	0.4874287701630404	-3.888419101847795	1.2323097074538223	1.534707135593298	-0.9721460529671251	2.9002798302292034	5.933123273187326	1.4064963821503706	1.7576862915514466	0.17674381650950588	1.7697066330851676	0.05708419101716695	0.0017038578023957302	-4.552818966924193	-1.3766579364443265	1.8486936192445313	6.7810524224326345	-2.001442625221929	-1.469225071097018	2.2551118768455454	-2.1743924012453237	-1.2873381852730081	0.5119322757192547	2.56989904457415	-0.9692441587130874	4.662180645938809	0.7007076785003923	0.31750305809309415	-3.8325541028944627	4.902260325989202	0.9406541134521328	6.30676740120242	-0.23804967381495332	-0.43377577170283216	-0.33069432884298494	1.7702137174194752	4.6790788431389405	-3.306722359134339	2.84582632607826	-0.8624126856759036	-5.061904066012311	0.9284642639100712	1.0387658876192214	1.443016226433582	-1.8498488132432875	-0.35448805586820265	-1.6114427054715892	-0.1815445278287562	0.6244338367037834	1.0420096094813651	-4.616072658847449	0.41199166545085775	0.43337780163839756	-0.6822484736657112	1.3686789059761855	2.7391993120677918	3.5456256516156768	-4.764419798082291	5.669784599041661	2.3327043318382756	-1.6808896255831154	5.065871046628901	6.230257156504606	-0.06851661150437127	0.9644923738176223	-0.034819407291901534	1.2427971133433622	5.686792390417322	1.5170702855485898	1.8966777578914524	-1.1600067895004624	-2.069116138240961	0.323493142145427	0.19765311016483694	-1.3700304502314025	0.36937363302811527	-1.47248937699175	0.5991940332939114	1.8634497478189005	-0.8727127427171281	-0.6462728602815692
DTXSID4021559	-0.63204827208087	0.32129124246934265	0.3211253700637044	2.534337755605493	0.7693683523518516	-0.2667829287214008	1.106573436589799	-0.8716703655433078	5.620350589397572	1.9380349494966207	-3.7045863585870307	-3.2154186951179007	-3.1841893750041557	-1.4435541113922483	1.416457170153489	0.7418819709084395	0.5108857557137694	2.030751582324911	-2.6088653347531126	0.9295907629596701	-1.360843029775405	-0.8579581331152708	-1.253369715524202	0.777961755839452	-1.9133604767769952	1.6080496082732878	0.728457339810446	0.11385851659941534	0.1664176455165415	-0.4125533639621236	-0.23485967421969792	0.019765490603414183	-1.252912433608789	0.6186916015498887	0.9811804014885315	0.7853741271652208	-0.10297843576881614	0.09099825679694758	-0.40842900880316263	-0.6398330631948709	0.3187169915963804	0.14427481298549455	0.15822982825746784	-0.7925831747090408	0.14398457822244226	0.23053873807581182	0.9024477598708227	0.2435324082974121	-0.4922156439845724	0.2535308599785049	0.2123543363711917	-0.1984246276551192	-1.1601498641835934	-0.38424923760829977	0.031412347408791216	-0.6159499875832639	-0.12757198393905392	-1.3919749270162212	-1.376776431298182	-1.015007470780255	-0.47673185091602693	-0.9122014766801407	-0.4664589957590304	0.11254102854292385	-0.48348302669854015	1.4140171087399933	-0.38338397700645677	0.17681008636758033	-0.3914779215024261	-0.18755804337303278	-0.3193662671290416	-0.23722615721874318	0.17544811837624213	0.5016326685594941	-0.5259920934675615	-0.599307119813643	-0.052803673791628404	0.4348584169603138	-0.5700983946356284	-0.30288658045322253	-0.21083068412781278	0.8477036213503266	0.43942042375459484	-0.6767249276209085	0.3154317625032074	-0.16125276635417932	-0.33537668125908254	0.3247451794444072	-0.32798598867461315	-0.4786810254748572	-0.4332685213229503	0.06784030627777843	-0.2747471768205437	-0.6852373322119726	0.4264881415732705	-0.5466379154380322	0.2682447789127396	0.1540227084274779	0.06341041521738278	0.14477711032879573
DTXSID8020410	-3.762852663663568	-1.3686106359025494	4.7463657514289626	0.170682761901001	-0.009034319219460468	0.9415872808932012	0.1952401448737435	-1.2514277278263148	0.004689744186425114	1.4753417647808165	3.6040405789432843	0.5061323181012651	0.8626931054644534	-1.7834964600355065	-0.10242873563431573	2.0127984482000643	-0.8463381781032483	-0.4576752404896057	1.3732636620692364	-0.7897555903657112	0.07721929816400624	-1.7966367195436739	1.0222869418065337	-3.2752395978583584	-0.056813456909920325	1.7402756869976983	-1.6640711162493451	-1.7163613265582427	-2.411231665121962	0.06508482424338627	-0.9927585602718259	0.5488885110856169	-3.4540227278603486	-0.5167623229985252	-0.9770408176090567	2.4286417698246443	0.013745606144812928	2.8591016431424006	-0.669599720669243	-1.0235063202673729	1.8089111097548336	4.826716420557317	0.18199088078044656	-1.8533908509085366	-0.30008782998026595	1.445359846545796	0.12294825832386343	3.133980970425637	0.0902074559028031	-0.9166714448557293	-0.35912489965077476	1.4902386503287413	-1.1679707504122048	0.30013852395576895	3.494446541912793	0.2421591994219821	2.06533314399989	-1.8509515094442914	1.7243427502056696	1.5755652902623283	-0.3853781180524603	0.7895121221737321	0.14676448297826653	-0.9184637699736418	0.9160074338209587	-1.053418511010047	-0.42630268107632197	-0.1766798026238413	0.5005761883201808	0.3316600093649794	0.26866232467686163	-1.0826177051639905	-0.9306030038709211	0.6092800455807221	-0.9545160428438336	1.8226794156009218	-0.7902269919900756	-1.5366617641846754	0.6342865486702457	0.7407301447185861	-0.2313110001839653	1.2342230505410108	0.3785865327315012	-0.6909492226057027	0.5611261889909298	0.9275723503668717	0.8142530750222727	-1.076822024721742	0.7847972202340895	-0.9021548211599386	-0.08482806103549047	0.06777957196433713	-0.18994268079475382	0.024206012240076413	0.16429269201866822	-0.2941157176106588	0.7566471521201288	0.2925546943483146	-0.3090597287354628	0.20697562504979264
DTXSID4024644	-6.728670282174958	-0.12275950549121868	-4.177245266885113	1.529817596333318	0.12513069446659492	-1.7348682454693813	-2.07266121095458	-1.80231150117984	-2.5083313605342648	-1.3555729969216057	-2.7433421055376037	-1.546730526234546	0.44150957050544953	5.273303643766555	-0.004803857567962016	-2.365435591945591	-1.001220893930263	-0.6748093852611285	2.667318731789874	0.9193678483344405	0.2820232978347956	-0.5875324258174262	-0.039450956130507274	-0.17164045902722866	-1.3717567473540195	0.5892850668091865	-0.252221117841527	-0.9479098792510692	-0.41348254836780945	-0.7075259451055015	1.306470943122141	-0.00613538554318795	-0.9772651850933712	-0.294497233378783	-0.25432020064164035	0.864048450940272	0.2691918145955613	1.160889559848602	-0.2672670613704235	0.2191984938928266	0.0488064577272849	0.8001497376792519	-0.20003006709188592	-0.46760359026741444	0.3874655452289579	-0.4622413618883576	-0.07027992278462968	-1.2342664674074817	0.002460354914757108	-0.2270838756463845	-0.5419294491277242	-0.897577450551365	0.09075815518153973	0.04242974838975748	0.785184339549149	0.5957124517238768	0.1692849916672594	-0.3540167540055759	-1.0852416938838658	0.14887875925103594	-0.0717512007277606	-0.36006648946037073	0.2502745531652951	0.796518818238256	0.5472259653878704	-0.40193708208683365	-1.0175467479973461	0.6419044156898702	1.339346308744962	-0.4944893062953236	-0.6249333620130456	-1.1096915985613232	0.9125402421755161	-1.1173045000078792	-0.7320741759891431	-0.4341113978353813	-0.9642930027176563	-0.35736527147081043	0.8259094969981936	-0.22384537942231605	-0.6946842315097673	0.0722246045296853	0.17162490831473892	0.28053624635616903	-0.8383956977875474	-0.5092620345245306	-0.4827532318580036	0.5832727687511292	-0.18094498322620808	-0.004784409904184559	-0.0757533735230228	0.2664461574297253	-0.23149603277660283	0.009792452646028444	0.31941323562931656	0.7170892938125808	0.42904879312606553	-0.17280146267124114	0.39900699749780333	0.058271159019488934
DTXSID6049066	25.723525499890734	-9.055754061886487	1.4105798838375676	-3.324739970458187	-0.7276831236264163	-1.895864575965412	10.218042274885107	7.637615452561888	2.85159416566835	-0.39332278113558766	-2.6125899186236934	5.769694957569157	0.7638298568053858	-3.4090260012661586	-0.9750239084322354	0.4832663394483049	-0.7607148961049403	-2.531364424379445	3.7591647261103365	3.6436955085608904	-0.24290668164743195	1.6051902119831485	-1.1040419623279663	0.3465600291787611	0.0207674403752403	0.13815378383884502	-2.119367791212711	-0.1416617437854345	1.6014044956961757	0.3893610664540446	-0.6807165685665055	0.9409841427095319	0.4159527965022247	1.9561117630844542	0.32940264034909705	0.19447735325356305	-1.2394554834223084	-0.4433842039865545	-1.5881683788706233	-0.5208829399511568	-0.34240683023438856	-0.5655071491841556	0.9230031402758317	-1.3929893035766603	0.2881451004945153	2.063375929573591	-1.2471618783932736	-0.08159834942910171	-1.5962254282135881	0.22878686947783106	0.12764762877119815	-0.38759627898718496	0.2416492859023619	-1.6733168501640017	0.6738653976430098	0.37618951075131485	1.2307945329220609	-1.639091754648382	-0.6966141443435241	1.9787497391862234	1.8163127042260157	-1.8387654612606583	-0.3794823187940807	-2.0314191832101236	1.7357105059320326	-4.841863656756601	0.281997296608544	-2.9858526848447426	-1.3709849040230264	-0.5291679518283132	-0.27717262894057376	0.5792475750073022	0.6883043521661024	-0.5537660684465474	1.53399174658773	-2.0817547313934823	-0.7162349779108186	1.8215662659851624	-0.461107869922038	-1.2457498150353885	0.8827038211880393	0.19349921669633513	1.2012720695957426	-3.8609735395248235	-2.8552216249676605	0.3850673561526771	-0.6383150317317658	-2.576025694446491	1.535680138581962	-0.061650525341341376	2.6191705317094405	-0.31936562448925004	1.691985818836113	-1.5419801814182064	1.2550085168064118	5.162715365295373	-0.2777295044987925	0.2422423596619512	1.077638936976093	3.0034860943030104
DTXSID9025879	-1.720145895939151	-2.1045581771239994	0.933227815427959	3.783641335213399	3.6792809842690004	0.17183482947848117	-0.8274908536479012	-1.946148748624341	-1.5452760519789248	-5.9548750546017875	-3.8660192945130754	-3.762878022763435	1.5971256624791579	7.918236077397003	-1.3864646798401434	-2.0304567668157967	-1.807477192921934	-0.6904788037348928	4.357106723928198	2.045043423778962	1.8247425123825207	-0.6147402728488848	1.6946359543813005	-1.748584741510614	-0.6964833011024186	0.04913394643656478	-1.0082859944681586	1.2611658962056178	0.23676770804399053	-1.1426941392446783	1.2590510968722204	-0.1121299853352382	-1.5796418351987023	0.9104409119550895	-0.30755662156295727	1.2670266159880417	-0.20818242832445832	1.636521278371827	-0.7648594785732402	0.14713293282311735	0.6340557044922845	0.9303579107660047	-1.1776397626678063	-1.4739383305200957	0.4819582875374077	-0.199088370724479	-0.3243309564863945	-1.419285912898797	-0.9843407434237288	0.5007141610332017	-0.988917902993884	0.18391431796647525	-0.397276556925709	-1.2073990302183184	-0.6809054225756758	0.7887669237642474	0.3993369468474963	0.5486643475182362	-1.3210637191456505	0.3637968127624336	0.17040629374331642	-2.0841764717861784	-0.07457094241148603	1.3094173971418903	-0.1448370931763382	1.0520392421655023	-0.06796420300676667	-0.10383097398595986	1.4137701464435197	-0.34371216101806856	-0.6124605139107323	-0.7206631861749552	0.1682703635050453	-0.12477183237393312	0.18696213740331805	0.24909652298703636	0.8364566187720869	-0.9964168499423274	1.8500985995389674	0.0716520702538283	-0.5283853829681598	1.386369522595837	0.53217715496815	-1.417889413283357	-0.3667754797023765	-0.5737527806438192	0.4435753588904642	-0.1693495518831579	-0.1294215023630198	0.1437642105489939	-0.2079088185194164	-0.029771758498217338	0.9153271316650957	-0.2959096807665694	0.1827127987497819	0.44096873482770194	0.4355127896063839	0.3080410407674654	0.675243040965335	0.9531397830829655
DTXSID4045391	12.89575197280845	-6.306677668716544	2.317190215992338	10.943623374125611	7.125443243780358	-5.888227730870822	-0.45595373001776784	2.743001297185928	-2.6053233312734183	-2.764656202446203	0.21540482903160113	-0.4584827065045561	-5.072741143093962	-3.909499146270101	0.18527796408581623	3.2398770664578667	0.49852369714131706	1.2274812319503585	-3.618578597003673	-1.6784449742360759	-2.179608622337213	0.7035820787277299	-2.246384569809252	2.3063808796532292	-1.4225442821045475	0.5242014045264518	-1.433491806771614	-1.1704235640908578	-0.8044423582662934	0.621208863163747	-0.06027729894757234	-0.545880185241695	1.681698145992003	-0.5615010835047387	0.5151562535363517	0.22964515076375225	-0.548168926068069	-0.09630242101372302	1.4227258176242095	-0.14385444290980606	-0.4802969166348805	-1.4674497990130004	0.2760160968599151	-1.157141332181546	-0.695382543939932	-0.1655370081787084	-1.391003368365197	1.0341316400440026	1.238914687595409	0.7232220527828944	-0.8569965860436973	0.015297776725673708	-0.10932656456111478	-0.7501686316298504	-1.9101378181111945	-1.5108341215464194	-1.4634671597203177	0.21374534997911848	-0.049745918666284354	-0.5655717486761088	-0.9200100088134209	-0.4304760690439192	0.9447389082579989	-1.345043222298659	2.622230693695673	0.3396844235385417	2.4861753279611456	-0.2845393033606249	0.5595310832325818	3.6673675725200074	-0.8807488267092551	-0.6816940325960802	0.8127698600249399	0.13075655413718687	-0.3729215058663679	-1.2013021896276546	-0.6145329399359409	-0.46309665485225543	-1.6946867206052243	0.49219418046978824	1.0082493097501863	-0.9974575147901011	-2.2573212182207603	-0.3146526894675116	0.7067604803501145	-1.286241535139694	-0.2045921552581203	0.31216171866201	1.0923509499234323	0.28429092830103775	1.6638602925724155	-0.39960920720638027	0.7708079654505834	0.10873695377769915	0.5343046357305343	-1.5127217030877815	-1.3932678372029415	-0.4878961091007378	-0.09033957499213884	0.7900968258899158
DTXSID6044723	-6.994980430548642	1.4539634877069672	-4.852337308362093	3.9675281762849957	-0.18773403468130564	-0.17773062224107966	0.17985603746279175	-0.6110270847657597	0.4586495526216736	-0.46093573668451004	-0.01551481077791823	0.006365864432768205	1.4071780298189471	0.06340434694621364	0.06341742318245475	-1.1448015292208353	-1.0737629105220037	-0.5116209514106196	0.5627888895431771	0.1745712165788649	-0.8388449885151822	0.6821488780020316	-0.26675279364150417	-0.29857735214481185	0.7766293524832216	-0.42566484406194827	-0.08789256929389629	-0.4949714914077662	-0.30335701250308794	-0.5465877458373657	-0.19314393114428813	0.07924164978808074	0.005327595207801179	0.14837253697663227	0.3286252811076187	-0.07009775265847364	0.44937660800618695	0.9221599411143091	-0.40695871682157053	-0.36521943804659784	0.10570868919495008	0.28672488279085684	-0.070131714226	-0.36466443523065495	0.1313069851636252	-0.08899412098594729	-0.25491324477743055	0.3408398088494379	0.4255453467486946	0.05874016637274437	-0.4347856364475342	-0.22736768969888652	0.93670283141009	-0.20565641946879665	-0.07976862082825174	-0.5781807257656829	-0.019174230684076744	0.12460472332454686	-0.661749817743454	0.007789437057910947	-0.0833584323282851	0.043711590305502875	-0.24944327205222536	0.21594236790308463	-0.3766349126842303	-0.8739747647900827	-0.18096143757907432	-0.10457175928850201	0.5589862240882072	1.2383041602739329	-0.39821782675461437	-0.490971154005163	0.6962667309785979	0.011853917920057735	-0.1774111791564885	0.21883024983700416	-0.18581891702747477	0.44933302236176514	0.11378944364479622	0.732955887994929	0.11547860269147088	-0.8015143631025967	-1.3098478633899615	0.38190573062105326	-0.0007537950818993094	-0.3116290205799464	0.2534086226776663	0.6280757080878654	-0.40916850899777674	0.42444761081647703	-0.5929345709204905	-0.21253096423094262	-0.052270154222485446	0.45990190300668815	0.3965450613989997	0.2051839336051904	-0.42036023902250536	0.3575780402598782	-0.9293815129807759	-0.3851607735999311
DTXSID5042089	-2.1096854266465592	3.8221188276346085	-2.279707451313884	-3.459429121886061	6.086563009384583	-1.1622072572495101	0.5871516866715206	-1.4455324627631798	0.07109157302236634	-1.0753489552780542	-3.328754373359699	2.6576270373814035	-2.5232438000611097	-0.26315759838002684	3.3253686377284954	3.1141500239740307	-1.255789637812641	0.46693593537825195	-1.259336992695468	-2.8021400349735774	2.017006017210411	0.5406139065272977	-0.17476992967996388	-2.7627109904774003	1.5881792230891247	-0.8667827026370197	-2.8473254232316503	2.3112890139816717	0.5177886687770088	0.3795622200544006	-0.29945991036480507	-1.5619906409915365	0.195402114223705	-0.21071101175184956	-0.006567440075210258	1.3818471618917432	-0.8832275517292186	-1.3543886563344882	0.513224731535103	-0.08335845649503165	0.16886731696906576	-0.3281691213599041	-0.244711290067522	0.35018099898759997	-0.135487258095544	-1.5909513147602645	0.851106629380033	-1.5021444833555873	-0.2676949666985147	0.1346706947673279	1.2100060166025557	0.08469604816353646	-0.08971364132899093	1.4593227526936186	-1.5870352890087058	-0.19083364590980675	1.1487110143563029	0.4179963325746828	-0.3504998447075462	2.4575349442370342	-0.5472972080075684	0.8532419115509626	0.16644768138817753	-0.7286351488238025	0.7051456340677876	-0.3961704587595469	-0.07573376053812149	0.15183147435528124	-1.4113955592706626	-1.3504831268052744	0.34453094028026054	-0.21145296032153177	0.06624595508640575	0.5925005173450564	-0.44530411497592515	-0.3266084403639851	-0.47781430642925743	0.22603537990379216	-0.07436128860345119	-0.09720836022401798	-0.09332784206608224	0.08230565059479951	-0.3194488908299676	0.0021898716581855945	0.45853083615512064	0.6292373367496544	0.2644247332735689	-0.22428056729098453	0.26322221905565635	-0.4266557635310898	-0.25011101753056797	0.3739763186901247	-0.4003945314968223	-0.10595629752119436	0.21944321668407665	-0.16515882573962598	0.49217458016699056	-0.1593151038091302	-0.13876059941718313	-0.18120313469435995
DTXSID4026765	-7.521104252788198	4.389941382507431	-1.0861306238418988	-0.608014103797261	1.2556246677260485	0.38797531762693815	0.5388658177822446	-0.9143894335969217	-0.14612536578194038	-0.1558364421162564	-0.5642570937969353	1.1855891775914578	0.5658012708543131	0.1349474381201156	0.38606297822858676	-0.9105710162594969	-1.2562682739448336	0.4768113456573124	0.11814500308779248	0.30333912959300846	-0.6183283896146283	-0.6014590629971228	-0.625853677511027	0.13783710454432607	-1.189001629604385	0.8216143702081513	0.9292302113769528	-0.7421411955928161	0.2832723671344844	0.17319145843759517	0.9595277940565133	0.43865484394697035	-0.3757852791181459	-0.21913223294646583	0.42093538286675064	0.057804935790338144	0.2626466559967948	-0.3337599745636368	-0.027263613236248173	-0.7824073446437126	-0.05663411158310939	-0.03084093116767127	0.29164391285589725	0.08248782849045565	0.4757691446638993	-0.19411017161176786	0.6714264880713479	0.778998605650487	-0.11821653042730174	-0.5219044641012263	0.03077212187076657	-0.09004317781671825	-0.31695341180803527	-1.160430088341267	-0.3389272041395436	-0.8144467679940993	-0.30106853581263027	-0.9918713067954217	-0.6310990935148267	0.05732122272640848	-0.08283079329263401	-0.0800885357293353	-0.5291486269527598	0.14941433781868216	-0.2050364537943993	-0.32918547550772337	-0.6674186885023439	0.03958173421117938	0.15326533696395267	0.7752297412925113	-0.15466365610115435	-0.15334725652535305	0.4014731737863472	0.7085343857389372	0.25985026610554013	0.07472773001766073	0.10774321948859106	0.7825151798204454	-0.4637897479862345	-0.31100113930788503	-0.44470389374587876	-0.1447464030238245	0.2759573519664849	0.18226071474458042	-0.2832878389578174	0.04763584708688087	0.5316455270521916	0.0193101537134432	-0.4058946674109087	-0.11184953269750474	-0.03795197504766163	0.002020333337667178	-0.09725243694677195	0.030236722881269478	-0.35812397799089324	0.031068253576743508	0.4090594725784508	0.15770641554392498	-0.10875205969669001	0.12068463665845677
DTXSID5023669	-0.8191906913386228	0.365499247482379	0.48045957954927176	-3.7012380612720186	-1.758583726618813	-0.8822984996211034	2.039041948619772	0.9783485336089616	-0.46566735321503655	0.9228428162575715	-1.1419701267094793	-1.1593293109129628	0.8964494475032714	0.25114076177508876	-0.5800361222438641	-1.4313470819741005	-0.5557426839198251	-0.05329070390239773	1.0644982830355216	0.022830209845101236	-0.6533226539864357	0.5696517239853971	-0.927609480948403	-0.10309925171206777	1.1176607206919147	0.6043467445720545	0.19050411913318988	-0.4128913375019813	-0.23860516409713037	0.39771074156571967	-0.04690208793996386	-0.16136177562419599	-0.31579321417309525	-0.05300867079025975	-0.21213071539825912	-0.5052092415233114	0.05416228510648562	0.8115143036071895	-0.5524944878773811	0.5199834194010128	-0.3650537635161996	0.0751109523206916	-0.4568754283811156	0.45333282631563016	-0.1848165532525046	0.5031191386495365	0.38923200781909784	-0.6422768094838994	-0.7471949623589149	-0.2408583460587087	0.3092841032919712	-0.6399120922950197	0.28437609080654125	0.21564637632862668	0.4702449567475791	0.7066187843556258	-1.1343319593567127	-0.9434857181307365	0.48096054336027977	0.3839193927179721	-0.07846964824880823	0.3560413726342834	-0.34668403763037586	-0.011798177132764737	0.02083012092903247	0.001999845497094154	0.5540305418883349	-1.200282203639883	0.6179603444162687	-0.8849012286282987	0.9355301361966694	-0.08655488011168787	0.3717025494371723	1.1488110089867296	-0.3648943939285274	0.4086173631777838	0.6584703024816286	0.38682826822605487	0.13014400936308507	-0.30631471200702887	0.21828595774023218	0.36973758509758287	0.46995344406588385	-0.8072304567766125	0.9404843514721124	0.8712456236734064	0.6168992647003788	-0.02148170415268586	1.2434187831453476	-0.4802863563304825	0.13083908042083905	-0.35538095342740716	-0.461349228456472	0.9224192595222782	-1.669063549757481	-0.40086944320036616	-0.1096980319798362	-0.06643837687221398	-0.7185577808822734	-0.16549015012683851
DTXSID7044342	7.551183458380829	0.5932451395704464	-1.1250853515962829	-0.5318297861413691	-0.8008527087244355	3.4682087286979697	1.302302206160347	-0.09393487210298092	1.3319580752658262	-0.3621251356113046	3.661569769875755	-0.3900062141801902	-1.232779813503375	0.9068783739533675	0.40070946228358006	-1.7180798867179854	-0.3677196897344545	0.9274300217495882	0.3258738474846368	0.7434636415504918	-1.8010248869210506	1.0376314348170885	1.8936766916121819	-0.5210008779693583	-0.5914439245953907	2.3576935674665336	1.012932867162114	-0.07668667436922856	1.0108823029692293	-2.7586040832731342	-0.9527231789291628	-2.0796472912791755	2.227752945790275	0.009705717526349885	-1.956727036939784	-0.2780650579330503	0.5424810460579885	-0.3914148453784575	-1.6343912405326788	-2.841761891025699	1.8266381265339335	1.933435486858429	-0.14053554378093022	1.7453638837238432	-2.3965060296907796	0.30820746193013393	0.1627450167183515	-1.6121098763441053	-1.3711386793995821	0.0020197671343312688	1.6701035988991821	-2.30618161849638	0.13755878331121674	1.0725427408721526	-0.5653784193783099	0.03708367368352904	-0.22918361467191684	2.0537398149533126	-0.05157905791495387	-0.9971123712600283	-1.201029680954573	-0.3919637165663683	0.5998699430654435	0.1289794034968903	-0.21170109148054744	0.05849545911226281	1.2107848092695375	0.9392089073198153	1.156502780988241	0.5994328306419043	0.7793598472586706	-1.0696499858018897	-0.3063750747257252	-0.8410622743372074	0.5375789913468314	0.1702430075106267	0.12237177320761887	-0.23798329721689163	-0.3912319946794647	-0.5829411431002587	0.09224115450174557	-0.04639374965821594	-1.1255601323456446	-0.4885341706846452	0.9506741312982229	-1.0407842428047458	0.11479140968081265	0.3558666768862938	0.4573498617464941	-0.7432094012970738	-1.3192410561584589	-0.9116577647291221	0.5167440720332113	0.10443152951636758	1.06664058543738	1.0442796080173824	-0.5769015442228029	-0.560942141937023	0.12821838228023066	0.48672941225769073
DTXSID2041709	4.330016581886885	-4.878887039381913	2.8304344863694277	1.9765827976873744	0.3693164818204397	-1.307528985046452	-2.4107883412048756	-0.041168323899323546	1.9511627075517417	-1.3903650179213856	1.2706715805966693	0.3047842149116348	0.546965152045595	-3.6839812979544027	0.5807627215646339	-0.1890492447267708	-1.7255987570186337	-2.462815586580044	0.14066543022091033	2.168438203068642	0.08076477047914007	1.4454813983743138	-0.35083530350250963	1.1261620608355856	0.6935361461382857	-0.8981159166703374	-0.11020132532757104	2.4618051355929125	3.9880657119052585	-1.6914280349636874	2.9269652174051335	0.34840588110575194	1.4653879030721122	-3.087882151052604	0.18419842639654807	-0.7066306502142955	-0.189893219450783	1.7171044387155243	0.6922066390800683	0.1200329161514968	-0.04462007103459536	-0.3706386944877025	-0.9227636471012488	0.011618990538561467	-0.45014956251188076	-1.0486744429381119	0.4984955052674097	0.1496879227356359	0.39769799865333805	-0.7184340370772789	0.3060107134797664	0.3055395494866595	0.38806266954551993	1.0056364816678844	-0.24572048951433662	0.7373928799558334	-0.4626427506236081	-1.866162439108338	-1.1648012014474736	-0.04011860800539961	0.011533974402225759	-0.09791923189884683	-0.40637896699335535	-1.2560677405682417	0.18740948339008556	-0.15149936672982345	-0.24419940344367227	-0.4266082376320323	-0.8986115492750997	0.8821614932261077	0.3048994030293414	-0.39506057576591824	-0.723546654206316	0.5209187555530875	0.06324234549060954	-0.4513387625758948	0.6107877882978151	-1.2883080844605457	-0.27476264790518246	0.9429843500208323	-0.9012577860077335	-0.652591691467231	-0.7329042651770298	-1.0931488686631916	-0.37695700500880575	-0.2565856483668918	-1.3406373530011215	0.09711987260405416	-0.2680243536749816	-0.21068201682011936	0.4603125965786574	0.10955066908313311	-0.0008530776958643468	-0.15681179363512415	1.0111364808962944	-0.05384524498766735	-0.5951566196115088	-0.07377521969984713	-0.13266068011395216	-0.04490800865378566
DTXSID9049324	-5.817374017517848	-0.8237692859722622	-0.5425497525687226	-0.1855262208171732	-3.7280057899882313	-2.852923671127687	0.8384786319728043	1.042710280316065	0.26625388330468425	-2.3061841374459915	0.012256563716639244	0.014408398572590695	2.323256010335433	-0.9400661418358485	1.5726445422376252	-2.281366023663646	-0.06649997493852101	4.484301278652977	3.6265842307272482	-0.1493308183438454	-5.541834233580595	-6.003551072389368	8.71272113329026	2.9414393292253274	5.333203208717932	-1.7297121229534895	-0.7726010860547405	2.7013150819955953	-0.6899728446182268	3.5036946243040195	-1.7573135165511569	-3.2536079885080844	3.4924740321434506	-3.686433268133408	-2.943515642224655	3.0115155948481926	2.3425734612693483	3.4807331756845303	-4.079042225904998	-0.6198360406489577	-4.608133913528424	1.872854255001161	3.5563579094997757	0.3431722349999855	7.378326311681228	-1.7926295274864144	0.9539404591083095	8.736790884177191	-4.6822907733956916	3.6664932714283975	-1.8870359743406413	2.2663213491695178	-4.7837695341863835	2.3153828755385932	1.3661287242316018	-0.3385580718663663	1.1444032227515244	1.3330105994834924	-1.1169914376038397	1.0608566522686254	-1.1087699910232118	-0.7946675642614229	0.2154542880505895	-0.7436260062563568	0.8916485027778864	-0.8161094182043543	-0.3764934700582413	0.40302116423781403	0.7542396639709925	-0.40573555997250044	0.9635964762336062	-1.70362185392648	-0.27647068603007274	1.1618213365656642	0.5581161374525371	0.6075714524513144	-0.1934681370133529	0.07479979877080181	-0.3066687044232158	0.4621293106476936	0.14319903544533127	0.268237350950375	-0.648530439084149	-0.47321275625831705	-0.009127023229068276	0.23098269088777018	-0.0876507627209345	0.6725102958979332	0.5222703521800588	-0.08913965272267246	0.03304169640457489	0.5090143736135679	0.4536880857418451	-0.29355364606616074	0.33930610790148774	-0.80969570069686	-0.2935125044403567	-0.15140084281148417	0.33522969263570557	0.36910394274097896
DTXSID3042394	-2.2946975164483545	-2.047740892596375	0.09764911102607421	1.3361672314108648	0.00237235439997074	-0.5376862685261873	-2.3447402151023438	-1.3446961109561952	0.7205047593851979	-0.11234593895235605	0.994556312204745	0.11235767521668669	2.530111082147664	-2.5792282855492363	-0.6039479840568167	0.015402896074940295	-1.5739361888114254	-1.462473773398826	1.4676171183049704	2.270925241957841	-0.5512282347092265	1.2744203330140134	0.7603826035349308	-0.3582249709331383	1.3057868146887366	-1.0480490608360777	0.19244217406589045	0.6211915142768601	1.6244669970024608	0.04248463860406404	0.5534925641353853	0.07777490359587336	-0.35591063825528396	-0.3483178017973545	0.6868369404134465	1.0086394127721827	1.025087823650003	-0.2518121618290769	0.016018823166725753	-0.975730959771162	0.4822353440634401	-0.46939005371360043	-0.281511890112259	0.6150844760055272	0.23018175270566282	-0.6173372630420391	0.6517651052717605	-0.3942279882880582	0.2156063781886593	0.1432391159433601	-0.9003291096878284	0.1301846412316287	0.6455828845453188	-0.440453451973558	-0.8225091707448218	1.1518344678206294	0.19815961216394407	-0.7923700717161335	-1.7196928599178958	-0.3845239398527151	0.4816949405842851	-0.30737980703914985	-1.189032661344549	-0.08676826056421275	-0.10859932812180297	-0.9264696706076847	0.011114694704695196	0.2789616496087335	-0.28664582656357934	0.6791085643870357	0.27838002951708535	-0.12063117173809594	-0.6497303862503316	0.6151006369214043	-0.8269403460965373	-0.40955787304669666	2.3333866550305076	-2.603014596855132	-0.05256472903928739	1.0039690724206631	-0.8647856694897399	-0.42943785059537304	-0.7636937075521268	-1.5076120660667802	-0.05588059914808162	-0.24943141063940527	-1.8413550812795003	-0.06145034729648409	0.07694750359221197	-0.11249300343810407	0.3286628099327972	-0.08726600438995258	0.0802713607536068	-0.3168261850902152	0.8390676220183738	0.09233983352780123	-0.7276977148229048	0.20483151438200517	-0.09494623415954064	0.3673839195267832
DTXSID2034259	-7.457618574215323	1.411740354081241	-2.7423003949903326	0.8796077482656744	-2.89550557038857	-1.3680532331486805	2.2844834990293195	0.35260285913216505	1.3202983101763965	-0.4252561819967831	-0.4307047346623929	-0.7234947752092903	2.062582676091335	-0.06559693839083795	0.12596833950300507	-0.959534491281768	-0.2810304926437998	0.16750464209212218	1.5085220595661522	-0.10888611728689657	-0.18288434454776756	0.6076924333960176	-0.42738769812566957	-0.25423929925209904	0.776725023591226	-0.3196013097274178	0.5682497304298171	-0.07052200557991367	0.27953977455508144	-0.49790397167940664	0.05173535283437388	0.1842380628606786	0.03555475768727618	-0.2788606227333484	-0.12275761743228795	0.3860162913486681	0.30149914517335086	0.28443922951274947	-0.6656530268314159	0.3498568066770268	-0.25818659970209185	0.5059514859118297	-0.29835238285123555	1.2234796093974625	0.10611264417566	0.3088902335686465	0.11449803943457938	-0.13502606049320942	-0.010510048143175382	-0.3378332811963674	0.10307564383069232	0.10523200950260844	1.428059575095499	-0.12068467087015013	0.025890326379702133	0.06824771075137397	-0.8195253880497768	0.1510103600662133	0.16273970793250103	0.7095664197203894	-0.11829155758880117	-0.5309543318419668	-0.8701810613190549	0.28243050579999607	-0.25979296497194204	-1.3442390853355382	-0.031232948769390326	0.24257835111556775	0.33181514723291283	0.014323756088528861	0.10435243917990933	-0.20201333066022517	0.36219882274647885	-0.0025341037974241326	-1.0100894168723134	0.5777142770586845	0.9176451040336319	0.35042395040777613	0.12982009727152127	0.12349490919617057	-0.20403737289285692	-0.6876922802161268	0.3405654340502905	0.5594320178906574	0.382906920523297	-0.14007116056198401	1.3171269208819298	0.40090462624787515	0.4807857629847336	0.38814455877634235	0.20409045795497754	-0.22667520429893925	-1.4102070243187503	-0.49048889922795735	0.046824905089180774	0.24610814690190963	0.04173596332619165	-0.10132670298971065	-0.0982176307736433	0.2952652324705859
DTXSID8046163	-2.9331574142814647	-0.898589078714945	-2.5159891637930953	0.3480395679667848	-2.1423491180817646	2.8201666200106663	0.45112556104795926	-0.19380736069146848	-2.5449134004431406	-1.665429992698059	0.5272538843129155	-1.6527830061448505	0.7838678826314349	-1.04289849780154	0.8470635076086753	-0.6067387718634206	0.6597380424306429	1.3145742252935997	1.4138996352189934	-1.0225103839737222	0.183737297773474	0.923047638760288	-0.824846313110305	1.3104241389287206	-1.1329159779328541	0.01608606666785202	0.15391607480388955	0.5716161097561071	0.12663195725196208	1.6278331911338646	-0.45731857503796935	-0.2344781541293767	0.8838107639785703	0.7538726666939404	0.01089846093840031	0.43774644587240585	-1.0125250617163348	0.24054522715742985	0.5379920431864007	-0.599434467164143	0.7941427937919229	-1.2334663050251762	-0.6149747359841087	-0.6464427139518337	-0.15222793925986233	-0.855267355774089	-0.19898294070568176	-0.2395279971252877	-0.7357739071210312	0.4383752093071297	0.7607795126331774	0.08864179044677443	-1.4810688598220472	-0.2763144121328269	-0.710837353873134	-0.06973533621239904	-0.12412048771631418	-1.3049033184159382	-0.46952325347107715	-1.248236696808844	-0.6619077702968093	-0.004698951741898986	1.1164443729362985	-0.21754200277810393	-0.9850944194671108	-0.5840890160043196	0.8435973752021627	0.022572617390689	-0.23008696960584762	0.6592670136250075	-0.1577147069920157	0.4206940130615993	-1.3096560466426042	-0.7988786778604259	-0.49514369745342374	0.7162409990811612	-0.29151051814961765	-0.1292619736893421	-0.4971740281214984	0.13306968555668428	-0.6911020670769943	-0.512034905868484	0.009191245675460539	-0.11072874049662651	0.7200882371715922	-0.105405834219331	0.09188702485354024	0.6113903660762968	0.21688679434313274	-0.41242970079667535	0.5703809715275481	0.15407589196223054	0.3362050991227184	1.0920139887255373	-0.6166011618552183	-0.090600975381952	0.1289185946701271	-0.10339806284940672	0.14222037330874981	0.2711138764546341
DTXSID4048193	-0.7581896159807163	1.0196976322253295	5.176504443941824	-3.9827077674017275	3.6743015240175407	1.6705039734277594	-0.12328490335647603	-1.4452916119137151	-0.799053150770215	0.17840902140854567	-2.274745044650858	0.7336279231397347	1.0765168632868753	-1.320023575317489	-0.053720839663993804	-0.7500181822077623	-1.1729586232119245	1.0067343181879382	-1.857769331708859	0.9983435640472063	-0.5851940773817103	-1.5509900146320774	0.38415944942189517	-1.0433273741910063	-1.343830416850392	0.49854821987010756	1.4519808106230836	-0.8611837210924084	0.22925624370203804	-0.021075328007457747	0.3190483291056386	-0.48185169339316114	-0.5601718875374887	-0.10622108335770034	0.9214580651908552	0.2604805506731943	-0.06470254720819361	-1.2577939681204384	0.4249277649276459	-0.5999969257945281	0.16206156327010474	-0.5335210669124715	0.3439212649693526	0.3277220199547427	0.4974464264370247	-0.42842399880017734	0.7321794253633691	0.4375438629956717	0.32165068263987856	-0.01456566173973423	-0.10971716102975336	0.5457502259740771	-0.1601012919875456	-1.445628772105682	0.5915965464022823	-0.7914517609481525	-0.5689018688826327	-0.9318016983683275	-1.184387927822069	-0.7224838713360253	-1.2358627023827842	0.8052315517321257	-0.45531721423963645	0.4555223246182564	-0.6227203625543246	0.246097792477712	0.2212618410038882	0.09200646800581547	0.26640065487953574	-0.4766673531322211	-0.06764148326599377	-0.848387599658759	0.2683033387261442	1.5866999036723572	-0.18077920353813307	-0.26279777560760065	-0.3786413383640761	0.20873245433820872	-0.5362713540157807	-0.10071159756427087	-0.5018447308189351	-0.06540844791180608	0.6770056516437484	-0.25002412529270107	0.15551489047192862	0.5928791278559257	-0.10114715145828138	0.21524467003864636	0.5829364238895823	0.9589550797358039	-0.35261466766420313	-0.14636022635336915	-0.22196496407378508	0.20367460707115706	-0.13323524347790092	0.3749066222085156	0.33485469247241195	0.468430796307921	0.4897128363346993	0.08307849198255324
DTXSID6051564	-7.7953902200801135	0.8068675608302865	-1.4162107254422136	-1.2566919514012598	-2.6318194087799562	-1.957570252813597	1.5310841301496914	0.5194139804619659	-0.3324260111178452	-0.5636173366128131	-0.8636853500534072	-0.2599324900569461	2.1201125817356004	0.39517397055217635	-0.19457334121364878	-0.43212416845702034	-0.3596353525501898	0.04540455131719981	1.1479394110879986	0.42459439165348584	0.23842630153497416	0.7615435196453653	-1.857492901000425	-0.688248082347605	1.9404717502510591	1.329251380422962	1.4014924797347437	-0.5331715206004551	-0.0032949314879328418	-0.077134461851945	-0.5391054360970279	1.0371252680793897	0.11710308095120808	-1.1727862351396046	-0.07936162435956365	-0.2694345868629827	-0.05445194883818999	0.9203597862080632	-0.6115984759687958	0.1383341009474539	1.0887814956447157	-0.11376229635720161	-1.9896590671865497	2.2313959460060446	-0.24687148260701544	1.1561849952682328	-1.364860620528628	2.514814655692502	1.2200796294630716	0.7059872059289366	1.273881655204694	-0.26473008286132105	-1.3399369694219212	-1.8603693197867617	-1.169939636816048	1.4018858057004944	1.0878005184377124	0.9000908961993118	-1.5557102075724534	1.4172183835615402	-0.5627319846521187	0.5817094020726442	-0.2644339704523545	1.0888851630161989	0.6392940225279223	-0.7442317819840379	-1.6300852993191102	-0.25651164916532454	1.0294066228210113	0.39531425440290846	-0.15110149975256187	1.281591057191815	0.07196084116579632	-0.40663157522809745	-0.21107446133798996	-0.5216665828416043	-0.8490970677260516	0.23509043535665067	0.25584521882130756	-0.3466640620096299	-0.6621616736523639	0.30676147127473086	0.2862611212332052	-0.29514599742406283	-0.5297781500432829	-0.29477365918879983	-0.26082969955624574	0.37393120221018156	0.2938982592439656	-0.3169432542516301	-0.3717771107508394	-0.29412046099167494	-0.0660802261205397	0.3305508991557972	-0.16161115201363924	0.21175028473955043	0.28864718647481635	-0.014524308610440342	-0.02572894698676184	0.0415731109408892
DTXSID2021286	-6.02535211484997	1.7375324722184375	0.55089065205374	-1.1660942063978095	-1.8924580186371476	0.01536693061094064	3.1435693246184697	-0.6644216440557891	0.2572884610783573	0.11899299559664897	-0.023912977198831804	0.5496058509717301	2.069136276868662	-0.10771707141945368	-0.6366575649812722	1.4451495069864804	-1.0077265178798622	-2.0400140453464983	2.6778100244332514	3.2256156199902035	-2.9040701526899184	3.883749592978519	1.0443180502498564	-1.1643812074965985	-0.4105002057575325	0.5072622200735065	-2.5685461064378874	-2.7464081102575695	1.24663089248456	1.0316617562758423	0.07154241631960391	-0.915221582847954	-1.340856093132149	1.6717837845025596	-1.1844991463673855	-2.7460546947062516	0.5774812531712966	-3.047889011725209	-4.36037462350574	8.486973270417973	3.1499107718182664	3.5487773723349796	2.228884529012035	-2.3605747237992643	2.179867062605266	-4.74507834977034	5.816851999850064	1.6347804460283617	5.949325128184792	0.8766135114083229	2.7440809974199563	-1.1368399124672814	-3.4583716742872728	-0.2738161571017969	-2.1412442538528356	-0.8316614532783202	0.1483797127768076	0.18093967681328146	1.6785666401574744	-1.7960475221506873	-0.6906332945999855	-0.12148585545020092	1.2939470181960835	0.8039249312245975	1.393696772467747	1.660354680926444	0.0009508833655212676	0.5904806730201928	0.33528519883241603	1.4939574303223477	-0.7405858516953276	-1.5345554084481137	0.10352992708676055	-1.0809394490445416	0.24734332755887797	-0.2740585167013986	0.27386007861171996	-0.38911906653046563	0.5763561859625812	0.43865949273815347	0.2665894316033897	-1.3652688474156547	0.42047196883001275	-0.03673349826369542	0.5619751196095661	0.6149441060212938	0.4589853257288672	0.20033179308895419	-0.3415751628491103	0.3592634931461676	-0.06498350371382905	-0.47127269944290423	-0.17788664180626168	0.41530702356512184	-0.6639720394356629	0.4496645727428088	-0.6794379143004372	-0.7097774323366256	-0.2793590967658095	-0.1986435465605365
DTXSID2046410	-1.5323418814807364	1.6872672168667313	-4.5721473960144765	5.022641314624591	-0.4693190430355753	0.4079346783779395	3.3560587487910545	-0.3542478352029681	-1.9590555754629764	-3.2403178968164856	-2.572702287632066	-2.6738929530474973	1.57332880954469	4.250075053603869	-1.5739522352304294	1.183500749476478	-1.83202917025284	-2.68387457933756	2.418936634843843	0.3122968643132594	-1.77611941119057	0.9490573575118122	1.36167843822338	-0.2001577459812142	-0.704152820630767	-0.06014177827036645	-1.2892187058613787	0.22037439013216223	-1.795642940765191	-1.4767185990633478	1.5293179397247993	1.1090405636023475	-0.9127255903608095	-0.3252202198437131	-1.401985377096048	1.301313328120271	0.2845331070802795	1.1356088225044747	-0.13775395511331212	0.1423311695759815	-0.14779577719642586	-0.07647744088550304	-0.8071741795138384	-0.15227390352050915	1.1540098538072598	0.049016933195705256	-0.19963711882165203	-1.2427522806702158	0.7753277348537346	-0.4708240786547609	-1.396856488097799	0.7669920001427509	-0.372901735336611	-0.2110330263156612	0.22696632051211307	0.06026174065602177	-0.2250866071254606	0.14870200777768305	-0.6618228368110056	0.43888116006676015	-1.699720756688916	-0.6851775222233222	-0.11164076908368416	-1.9676993228603858	-1.206268725153139	2.3996279673900873	-0.5964899062735776	-0.42636185930170817	2.7895166894302434	1.3041325101057317	-0.5913295619665885	0.4054034348904381	0.9199659386026452	0.1185580034236389	-0.8483140997840231	-0.45888429610548975	0.34833976180257237	-0.3068942180067003	-0.7144329548800649	-0.9859679503582773	-0.9217378182567647	0.6648074632147628	-0.24564567142821547	-0.3535890025504517	-0.24040999043706118	0.14398147675764086	-0.5183114373835006	0.03760799555165093	0.15045992765259988	-0.03325468380674335	0.6927175357611546	0.25265526069656674	0.8490130453597219	0.0031634113202919146	0.4761821265100056	1.2633869218433713	-0.7104610219296554	-0.11310649995777977	0.6461595991296798	0.7570276681774899
DTXSID3049336	-6.496904998758865	2.7843765554306263	-3.985295219718894	4.206422640776129	0.37869402995940554	-1.6725667675779992	1.107761224927209	0.9324526570240446	0.5448770192111821	-0.2373353917323123	0.20584707511150882	1.8709180663450684	2.26122788328418	0.5561717114606536	-0.47735834407238675	0.17188965858372962	1.752997245816179	-1.1862882556092038	0.2549047771070513	-1.5361615944146243	-1.0702611167785427	2.042079464286667	1.3043095958828677	0.8840025196470408	-0.5251750611803763	0.5918089956295713	-1.6430221043299222	-1.552018869381758	-1.1635128799177197	-0.08432828939212965	1.5696010836449168	-0.03438848871679513	-0.06243884777470463	-0.7054320945757052	0.383663555396692	0.17106747306016665	-0.1918795831157169	0.42127092681976086	0.0779642545424292	-0.9515988782689156	0.5962746350455451	-1.1692478829493185	-0.43077098818983384	0.5563702898346963	0.6051783133922326	0.05934145039562534	-1.7884633852911047	0.5021053775731051	0.948518913770818	-0.183349797380283	-0.754087551243106	-0.8375002873579512	-0.5510989335788055	-0.5283919086256716	-0.8685701674431465	-1.42659062398113	-0.755594078029388	0.34408317016493156	0.9281057944599884	0.5856054063226137	-0.9161255967177137	-0.57433854550105	1.048024177987587	0.34635025440611494	1.325804597185058	0.48295430549846563	0.8702007311453999	0.12010250358864519	1.1840427707693917	0.9834707208344868	-0.3669413874780825	-1.5603130156041116	1.2491801956409512	0.04109717070579353	-1.0782189026582145	0.41657840310536903	0.6174977857475713	-0.6867834889099573	-1.122569198468332	-0.5852001147433339	-0.10491502481951728	-0.5833079502608705	0.3441201785428831	-0.3347009029622531	-0.17445236515818338	-0.7907022910445207	-0.6752257296441935	0.36610893933814975	-0.05314242681680922	0.07696014976196905	0.6893326748831984	1.3031995565755852	0.49629757457265405	0.5023206680965662	-0.10766776349090577	0.7371208841813174	-0.6684939673917573	0.05583080175777569	-0.19396053278299688	0.702694347048955
DTXSID0027222	-6.105395863047863	4.946994418976232	0.060547550734015416	-0.7561165992180532	0.4562724431551763	0.41778289485130893	0.32812200478585035	-1.0030752133852696	0.2197749969007079	-0.28565465601310897	-0.8369166971251818	0.816858086642155	0.7576638504983385	0.2979762069683143	0.32117475821866814	-0.9309249245339203	-0.9643134457700854	0.5417670093831252	1.2121547138822597	0.4148089024743226	-0.04353279900204096	0.020971588759629938	-0.40249651106234563	-0.07850869386154394	-0.6626801954050695	0.611051669077938	0.4808703685321452	0.14298278267518308	0.11100315091488015	1.5867456585282946	0.5741627164079909	1.119195599886699	-0.274970367139246	-1.1555200713799165	0.16807166802538218	-0.3101766453883181	-0.2119625707556209	-1.1994823623461879	0.3235248588927538	-0.4251232468420787	-0.12907929090468923	-0.05137379208881577	0.1393008948586341	0.6928908775229436	0.2460698088517084	-0.24289980091583738	0.7549739764017718	0.40652385380580847	-0.4760152480155533	-0.28535196277978403	0.4718239906832704	-0.4009878420875269	-0.03534988817589005	-1.1812467715827117	0.9998174374406962	-0.7686784688760707	-0.9740927275480339	0.5484614821753782	-0.08594681837710684	1.0858372732083321	0.7035830275916607	0.37468126539349167	-0.5772915617724236	-0.028001396441271628	-0.469362067283654	-0.23496872053196968	0.13433240567525845	0.09249432709442412	-0.1452456300181665	1.0179448394037742	0.22237153272414567	0.06619268816197488	-0.06288758545755432	-0.3418053935377532	0.13687508884915275	-0.6564893025816597	-0.06896622105994737	0.02790187963227396	-0.2428573672459094	-0.1739573996330031	0.5132453876190649	0.28134634230688343	0.3669219430360978	0.027636658323330246	0.4214899714062689	0.13527056715895128	-0.22862484349076742	0.19751836559043037	-0.0031933525184190685	-0.05087290753740504	-0.2017642070868647	0.37980733624088364	-0.5570557186534303	0.02877102457721596	-0.08201675701991096	-0.3121603183333026	-0.0468142399728824	-0.039447521832021624	-0.19089858119790318	-0.21681270065446914
DTXSID8048814	6.664033952749356	11.31803319045794	1.8921017772699888	-0.14797799149660412	-2.496863257096048	-0.26094226310413304	-2.250273371164641	1.421038567126704	-0.20881771870302002	0.1441695854558266	-0.028569735107203276	-0.4182588670287502	-0.5193321742490153	0.18809433620229907	0.5226198951967709	-0.1970552406161652	1.0550617180046415	-0.34798155234598316	0.2311470995824199	0.11910552406394334	0.9777811461230784	0.07699624749124262	0.3488160471712357	0.010582265635614116	-0.46233265769520854	0.03253207804801589	-0.28818871721688577	0.6791956703087628	-0.07661354235547367	0.22854074471544752	-0.3489280856256724	-0.3009527728562078	0.22573681542655677	0.21800628363074676	0.09323868650338422	-0.13548084517103826	-0.05133687058619779	0.573448567395392	0.10273464810701237	0.5566413512315518	0.36009606665123906	-0.15050842205987439	-0.6520651720861769	-0.06424366777688306	0.20701659327602773	-0.5351777216834055	-1.0789145531225317	0.06267754590627764	0.08931548641037315	0.9803976616057053	-0.5435540739377244	-0.9538575147313486	-0.2489759832156205	0.24589785149160387	0.37441342411640527	0.4895522244299207	0.7472541358890692	-0.4560413344215256	1.1275938256152407	0.29687190387348655	0.01876331893846659	-0.2720018210918728	-1.053488714635536	0.17200569544782585	-0.059242938977642254	0.34958666334057686	0.03583137935764238	-0.0184440822220803	-0.5184873538486416	0.29433903184799604	-0.8512080322345555	0.025308559271228586	-0.043975340803100206	0.18696204195568353	-0.9387382903497062	0.4362621648110243	-0.008804783665770494	-0.3396585901887845	-0.3889310635130022	0.1255437268171348	-0.5704835715400266	-0.3813710728354139	-0.033856591508107534	-0.08426495211958016	-1.3664395045983928	0.17476302137315894	0.7438217491691878	-0.16735310389166963	-0.35846757666683726	0.35567213307830214	0.02009224910124524	0.15800465165115993	0.2321042391670898	-0.4027535508374185	-0.23565592205533722	0.7838491583479699	0.177165802623141	0.17929950713627216	-0.18259988699481586	-0.27755913878174654
DTXSID4048933	4.866674621478151	-0.8667697426141592	1.2086955789152305	-4.243639377398946	-0.17679459600426428	4.830237697980608	3.511328976968616	0.5227515703478103	-1.6906474608698108	0.5430952319761178	-0.9379125415251768	-2.966276443081242	0.8723141369590943	-0.27386730468750264	-0.4444615641537971	3.2388825399308026	-2.256633325006028	-2.105351627901502	-0.9361153829113247	-1.093994939970881	-3.105911456616468	-0.1550662059554693	-0.9348158931867655	1.9904239908996741	0.09785193656476539	0.4729866097578088	-0.5774844168769523	2.0016154824649073	-2.9610158651310314	-0.8293264400138168	0.6525172162694265	2.943247206617841	-0.39644095823300585	0.19493267196925482	-2.2112252568997284	0.7654352897692192	1.2791064285595004	1.2451883490042515	-0.5858851458064654	0.189124350834292	-0.32198739455948555	0.4733541941235204	-0.7269922019183775	0.2979092548806399	1.1355469339007027	1.309080723713383	2.0343819324663217	-1.0819119148123055	-0.026747282170529532	-0.18721577863579214	-1.2362751884359389	0.07506616068385354	0.00700847646952201	0.5296857290594087	0.3197984367854234	0.30899360940133325	-1.3355360165034915	-0.8181398035267817	-0.18805860447930475	0.3047208555225731	0.15348251875750732	0.3191124923056155	0.7023729041628304	0.462417945229788	0.6526565106921133	-0.04841538480692182	-1.3207310009402884	-0.9344878578684548	0.4115981482479601	0.6321061087557672	0.16357008195905814	0.13422413103143035	0.18251856238972555	2.859690928676252	-0.0907203065286752	0.7127312555270876	-0.45681877645060126	0.21953857546141134	0.3884483335115859	0.2398234508295915	-0.6780504849220829	-0.5084564198104092	0.6288882708709967	-0.9487589000798776	-0.4207416670764564	1.3211121772287966	-0.5576780461761269	-0.163877047286619	0.07388799650858771	0.1826718546428733	-0.2760823568971442	0.36993416046469485	-0.09793900535741874	0.03638693025218709	0.3571843952179809	-0.5528248735405962	-0.7201142328746652	0.24605865120605655	-0.04151639073800688	0.15016708008410515
DTXSID8027793	1.497004925143231	1.7154311753014377	-1.527666621385457	-0.3247630200355747	-2.53337466748109	3.8245571071136455	2.08907011360031	-2.6785806500972287	-1.3789283979026135	0.017375011383749226	-1.2933551224757913	-2.1583679997952805	-0.46288435299646	-0.8641928521408435	-1.0569096153242061	0.6220862939522528	0.5197428045730837	0.5143930823888955	-0.43729125331529534	0.4372560911420053	0.455508612472876	-1.1868560191714026	0.5814749809744367	-1.699322759099982	0.7984946294563147	-2.177127815429232	-0.720079811676147	-0.07270757492185524	1.8058820173803074	-0.15662252560839668	0.6296163936712708	-1.6802352312094422	-0.23032003984568453	-0.45908066915917584	1.1657202468705037	-0.16191613738731178	-0.01585371816010566	0.2115390167409368	-1.2926175051486255	-0.5645421443659844	0.8365035843490646	0.8164117449976043	0.5399528161330868	0.3100031694871234	-0.2835540832352629	-0.22032515342150272	-0.2843920555718745	0.2008260616977815	-0.030096462147223897	-0.06291224780871679	0.15728127560733435	-1.5874548171428655	1.1118207630948251	0.13235430804225343	0.9857463717429779	1.4824025372677354	-0.13278574297955656	1.2735394330481715	0.22728884408832348	1.1769091892587018	0.3150883612292986	0.7747811819783956	-1.8252461030511178	0.7429605783431348	-1.2362743499513948	-0.06801110523852678	-0.16077225983592575	0.3694330060322508	-0.4181511324341326	0.5882463396061867	-0.5721785423951017	0.0747490751557909	0.6253624824385668	0.08091577541895245	-0.33819929486053985	-0.34705683001424414	-0.023506805861943147	-0.46452463252347165	0.41855551622372983	-0.9412098960225218	1.289319757822556	-0.24390065092985724	0.5622150976986389	-0.2363878571086122	-0.08882695830401043	-1.1676658649613105	0.7626981223668038	0.22191366635421603	0.504788042357436	0.47846394379338625	0.1402877811822914	-0.44443341977105794	-0.3987240775043754	-0.1291811393402078	-0.06552753291408822	-0.37314990789590563	-0.4414645019203552	-0.3813873092198215	-0.06282751133447158	-0.30690033990362175
DTXSID2049218	-3.71310538655506	-0.5779330726197349	-2.4115485969185033	-1.228990754515963	-0.8719096514119026	-1.3815756733179805	0.06519591466259304	0.08720744976418732	1.0446686295321812	-2.8651066754170955	-1.3874296247163262	2.1055989026031816	1.4341257193330352	-2.510538407726188	-0.5438380759339226	-0.45008722373339916	-1.0581791651983867	-0.01654377915669644	0.7880263386686055	3.2772821585152783	-0.9791939922156719	1.6685324011086013	-1.8388140670777986	-0.4596304489910438	0.3047951605902311	0.5707241886972079	-0.17871701182735944	-1.7082554489857718	0.35235468160287875	0.704980452732713	-0.4391843560349402	2.4654238676403786	0.19070421893632114	4.7872807529677175	1.2596671959995362	-2.0995976818204225	-4.19694859578671	6.658093646517702	-0.43641786176991165	-3.5670490749114347	-5.310772864240827	4.996131684933064	5.636401356160533	8.141340233334326	-0.4333515425627539	-4.905841872281761	-2.1040035269704425	-2.7073185925952767	1.6888869112283351	-1.5771528551079979	-2.0202936484057896	1.3241258307701989	-0.5514523377299053	-0.475262510778138	-2.6150660192259334	-1.2016435315349863	-0.8171010495371201	-0.48690903223450327	0.8233262714664811	1.7379473454166048	-0.32190906523351476	-0.42486172469333	0.20610254442009815	-1.5059290156812366	1.3319888068748373	1.5443397722222332	-1.6917861362623563	1.4588345812431993	0.18571238622365244	1.8793085676246009	-1.3118271090911835	0.4576817705579632	-2.1446086056293905	-1.9506725680543906	0.4855999321709433	0.622150395915678	0.2887752820536741	-0.030987067371535865	0.5452654446453403	-0.20768916818909183	-0.1597712188168287	1.5606839244380954	0.15187513971377883	-0.951821600330721	-0.9858371646132171	0.32144577641671007	-0.5219599430933354	-0.2560056224833884	-1.0997310650270278	-0.07972803461862227	-1.4615341975663758	0.07626199823175168	-0.12600093185521993	-1.1677810835489475	1.4780212589036368	0.7729134053420451	0.5897324116546291	0.5660091614950301	-0.9677655472352351	-0.22231658234010712
DTXSID9044744	-6.7877401495633025	1.868280887582015	-1.7074810327185588	-1.448853219021303	-3.0487725231940996	-2.715468134733628	2.714672538729968	2.2045278526484258	0.4521113276547554	-4.138754933373647	-1.752241046950813	0.9572527736804461	2.203284650728267	-0.9290781408753847	3.2582118267727416	-1.5828578958476975	-0.3037126605909796	5.528223555470171	3.524083365255047	0.896430261052342	-6.870286532574791	-4.795110223418487	5.209990679624842	4.341310064416402	5.577839890825007	-0.42901371251567216	-1.371311924896287	-0.7293063791813443	0.399719654972817	1.0970032426597898	-1.4538213063586432	2.3603253040757615	0.5111652184138987	4.601627849840115	1.9631945626329739	-3.114057217882401	-5.408991237676981	7.142278244283938	0.2917664205472782	-3.0592088101222226	-4.286678359557082	5.20924441646388	5.404771279537854	8.041172676188381	-0.6038981555812496	-5.301363780192026	-2.3095001016390735	-1.8067008009707917	1.9761437202940924	-0.9965293797244544	-1.0197200879389186	2.072783867003403	-1.5824775164446296	-0.4717108461090555	-2.4471600727175864	-1.2174221350944536	-0.9340089415439241	-0.9173186722269467	1.172345720380412	0.9324240765924522	-0.31717623448470705	0.0634618627849318	0.7440103086728714	-1.5191455200116284	0.5005192390462813	1.8549786610045322	-0.7128851073157533	1.5421173290223902	-0.2158482534747716	1.2449986823346086	-0.8315122560565876	-0.440351038896641	-1.361012034580869	-1.5443182232592765	1.020647087800568	0.38273356635087485	-0.30201171218699224	-0.03069621884882108	0.6012654836680229	-0.07827203203734344	0.6140202765031325	0.9462151758026995	-0.31873108250755877	-0.10194410382907254	-1.4556954910962883	0.3105454627610768	-0.3243279126549131	-0.04430596564011445	-1.4456943250244305	0.3186224825714091	-0.41497929217852053	-0.16743019537050785	0.8061977858500173	-1.3020774985143366	0.8103742536857986	-0.3372664147571219	0.8250562220136294	0.32016329716477004	-0.5858036901304791	-0.1427369417806675
DTXSID5023588	-1.0449015406790465	2.349164887846978	-3.120926266519237	9.532835891230217	2.214556932728718	-4.499111642683339	-1.3494425011463695	3.187436400875724	-2.072536848081996	-1.0233020992527633	-3.977293874048155	4.160302999960555	3.3743987294441613	-0.8220138713568569	-4.116162140810101	2.368682441067981	3.1245303881463635	-0.39646710274422603	-2.5490167549369938	-4.190468302904814	-2.294745213375454	4.3731106155254365	2.473169265935702	2.333236596976804	-2.3079779588167573	1.324691178199436	-5.991257111251073	-3.3293594316621524	-1.0298646367285411	-0.8644398712443018	1.9395659344828844	-2.33872291470896	0.4258004286334754	-0.31620847788835277	1.8913372240724327	0.5131659390809818	-0.8972507198241656	0.6582979727879821	-0.36462392194263143	-3.573626567924805	2.0895532165754584	-0.2735099663917912	-0.41811796836846926	-1.7219099980309933	0.9655276793861357	2.4217072627027516	-4.263002111303725	2.3048738420504122	3.0154282457710786	0.24518285956407526	-1.8885494279332726	-0.7632917548996377	-1.7038630497684075	-1.7919079546904946	-1.8121769272482706	-3.2678415911197796	-2.2261721127822365	1.3850611910794641	0.457015707284142	2.6235617561429505	-0.5748728824979853	-1.851044539080412	0.6926436421746781	-1.983605665300022	2.505125170435305	2.2665290280756634	2.129615542052874	-0.6956222422956913	4.424826875024238	2.365967637284108	-0.7525396726811839	-2.7270893337622284	2.7736079718197315	-0.03562480355200359	-2.384647982042258	1.0164199695703446	0.799127580448983	-2.467404299897555	-1.636492490944075	-0.9924125983804432	-1.9598974883679616	-1.811211599943565	-0.3631078143748785	0.45871833837090087	-0.981480413514473	-0.6775846004872688	-2.6184392016113525	0.33242161842347967	-0.1560007415409622	0.7178043842128256	2.3123813172351833	2.5676824972510177	1.543361594311161	0.3454882051699128	-1.0457672521236934	1.5267562309049705	-0.3952395411445027	1.238332427291743	0.10148726408256607	0.4293291049630566
DTXSID5022984	6.311229552773775	-3.860002724821377	-3.518431264140135	2.9054483226411847	-1.9623193290207837	-3.0983433719864424	8.117236279598155	4.684179494184557	-1.6228630936422666	-1.3621139304564787	-3.0106159462035595	0.7037022310420463	1.7271324594725677	2.8148629687725557	-1.2195751594056548	-1.4790705115196374	-2.219207172423966	0.26026906652434434	5.704128744335205	2.416624660113201	2.510206040461152	-0.47390094038735237	-2.8443709823668524	-2.014278196778674	3.414948406809304	3.27314888828455	2.9295021570467035	3.702051141403713	1.8030949274903412	-1.0092065741964862	-1.655722171900201	1.3688345913737305	-2.4599035045302062	3.3597635317556827	1.6177554293159617	2.192607466072045	5.416029831261923	0.42664825175172844	-4.949250384659466	0.28336732304587775	0.17193487457202505	-2.741994604936047	-3.801456315201601	7.484093353933991	-2.222909317661271	4.495594182872204	-4.1786895925496035	5.353883525357433	3.957050457894584	-1.0129165491717416	4.202201629107856	-0.18663695390795368	-5.852510243868228	-1.05122691883762	-0.11208053484321735	0.5676542423130937	3.036828004400743	-0.4735876583175794	-2.1122350668377434	0.994471119092737	-1.039570542869154	0.19774058686984383	0.563964978148386	0.17206849513650763	1.5311533648056084	-1.546515401306538	-0.7382594075926795	-1.4927789910592941	-1.4787206757899447	1.4760131260476232	0.04009341350771635	1.2841285749625961	-1.3843777301157942	-0.5562487560075551	0.8328848612095747	-1.324606085503324	-4.183208252263152	1.4160793900938138	1.746226224814764	-0.7567983731501009	0.4349271210954711	-1.6350193056420437	2.47911903958287	-3.4634116762223486	-4.34679895275709	2.361315024900821	-1.728836106795266	-0.019851743393897878	-1.0840086568298237	-1.9316172462090693	0.9502478510335151	-2.332774300319636	1.2191244684038713	0.08639144918488414	0.21220511408676318	4.045212338513102	0.4075298352546244	0.24602329486606941	-0.18680859060363422	2.5361749134380385
DTXSID2044422	0.570549001483425	-0.47134203503243577	-5.13073761462249	1.5526548835391176	4.921150554124875	0.9710375626579972	0.03584744617588064	4.726847915039102	-0.2058912784957545	-0.010089974353460531	0.7431146198972363	-0.043752432875530524	-0.0731759768809306	-0.18357289186020653	-0.08343096410368275	-0.4650475545536766	-0.2667886309132893	-1.7423842579829267	0.4579109797803573	-1.683232579210929	-0.35482325860657465	0.32968948507268636	-0.3215143448426698	1.1851223864846756	0.8759378825818527	0.13294788690896445	-0.12901631106396427	1.1712102895193597	-1.2172208868091754	0.2806498399600362	-1.7591198212304822	0.9782601843957287	0.22414631087814108	2.7342968992234007	1.0970802258396999	-0.19907331563700995	-0.2627507728976887	-0.02004532223883139	0.5579595082310703	0.5074169346188733	-0.029523617578726034	0.49452626443007985	-0.44016441025194586	-0.8166866973834978	0.8920656556978597	0.4218803021339306	-1.3619725966545477	0.8324287568262064	-0.24836966804196536	0.22863166505108284	0.9173695303490828	0.6287601224328392	0.8334240302444308	-0.7456078701997526	-0.8434010431367361	-0.12292533356320315	-0.7693128259993295	-0.4937986910811852	0.7386341318313361	-0.9735718734658335	-0.524147913811428	-1.4539569499657807	-0.8141169502138293	-0.34124512734641826	0.3193169649559837	-0.8098710545962943	2.136997580296628	0.45516710589957704	0.06312345628705157	0.793705470616628	0.2510800817466507	-1.4815875933577938	-0.10608356180411622	0.5990489970382755	1.7846793951829136	0.26629357994997044	0.18742743319215427	-0.580844706124887	-0.15768230621551213	0.9082593487961634	0.7474989541846339	0.03157339808717541	-1.7565910295491265	-0.3923498543766424	0.4157449255752624	-2.47385654564141	-0.6803489685200267	1.1827329298524831	-0.1271334038462511	-0.05048511085064012	1.109744004228279	-0.4494588137108763	0.06557820710950313	1.0992106480485915	-2.252192363510169	-1.0402275887282386	-0.8677274958071429	-0.7594283309968749	-0.6729059932769785	1.704764911756224
DTXSID7021603	0.33142632389539317	3.785289194575193	-1.4296305326452217	-0.9873297819091537	8.725505327840706	0.6455611692214652	0.017728345259429408	-2.437342289092391	-0.12670358763276537	-4.047166945612603	-4.265444832561715	-0.7075927237357755	-1.5992987404629808	3.363400233517824	0.23220221972773308	0.8512351179351224	0.4660299993410935	1.273183208921388	2.8922425544772987	0.5277210508297461	1.642423940617513	-0.1975300711905228	-0.5640964520750034	-1.2814328141517861	0.5685256939222867	-0.17282635885699377	-1.374064101781976	1.798690556813798	-0.4999812287472729	0.726391120519933	0.8738504378456009	-0.8715285562046574	0.2652227176481947	-1.1064485071553112	-0.05516122256436471	1.1678882669818464	-0.5927042110722084	0.4726007193248873	-0.5869651304780537	0.6798717793604806	0.11758046927049376	0.5330656796915453	-0.9632668314267016	0.23895476473823432	-0.6453389743295558	-0.8620960572228732	0.932738335303479	-0.7163106594165323	-0.33913184587428075	-0.7141346877675779	-0.3847053186114463	-0.2158029618664677	-0.18061080403873653	-0.379575673954784	-0.07978333799551049	0.527250069739065	-0.4311252966538134	0.45601535158232304	-0.372317722419471	0.7847366215930609	0.9007322908495023	-0.30752805298199415	0.39194573393818455	-0.016624456518733982	0.4716319323736365	-0.40426963247689474	-0.8432278210591305	0.003931963085860228	-0.1342496345677764	-0.4016715275565601	0.0563656788014793	0.22997126701377316	-0.33697497563613604	-0.46620858017813915	-0.2272171404351936	0.4931603671039009	0.32795565165070384	0.5079697251133033	0.12299776023283722	0.05316142969811798	0.40302789336962286	0.3911700025389286	-0.19675143354481003	0.08948017037821106	0.6237101783359127	0.4463335905102251	0.12594787925307904	-0.3083345876065689	-0.024107995553836067	-0.4480583612568682	-0.02348603354838999	0.003818505222103679	0.045850046431084555	0.2676487753051813	0.30150937962390395	0.12910918066640256	0.245731347097006	-0.1931736064517985	0.25695883767882505	-0.08508392563862958
DTXSID3025209	9.599252736186932	-4.961138837180633	2.2381957144465807	8.575642688330534	-1.0123220319733874	0.07195964171348893	-0.48000360676081094	-0.2699426215576132	3.424675099865057	0.5096948665749462	-3.1671441652099337	-2.719251956341809	-0.8489411548907109	-1.442123924918923	-0.6276689616026858	1.3976886822439174	2.282582886206959	1.5404463241013675	-4.762923199470936	-0.3491930029617618	0.43685496800007634	-0.5294977495582724	0.04982723459906805	0.7112941840310865	0.2474302475076386	0.9780346489357054	0.2486238525379724	2.270874668176748	-0.3324277264865215	-0.18758004254084928	-0.714620065528883	-0.22904406112895376	0.1928068067932127	0.7208451916945635	0.2994138739507941	-1.3556675402188414	0.7573083345739827	-0.4833018460870384	0.27553444321796006	0.29605990268636434	-0.5774362302865363	0.5087939570551148	0.763895005902255	-1.3704060215961364	0.11401256029284558	0.6087108023470476	0.5668601046042075	-0.38838075153385143	0.906980806302833	-0.195694439907103	-1.4028787411206967	0.4686730623519947	-0.23600503158785616	-0.14572943401081134	-1.4669684826490137	0.3724760695538258	-0.1410850200561875	1.460181835234573	1.4350218311640501	0.5397730161693197	1.508480412904457	-0.15586191078237113	0.5281538072148088	-0.7340037516158157	0.42042865973206667	-0.9449296007252244	-0.4807738347137143	-0.5546274878338655	2.0105170461232373	0.6714009630956695	2.402479455232214	0.30324770781710475	0.16148080361457717	-0.2131147587439285	0.4083965447307126	-2.528798472722598	0.30913084118507883	0.3596849845283984	-2.1963555538048896	1.1665121653795054	0.08818783148625038	-0.36013015898194745	-0.16708981190293365	0.11023548652486236	-0.4236957323105507	0.14602010859472148	0.6479999217146475	0.059199946595310034	-0.14047741675553735	0.4942480945523596	-0.5303229788416024	1.1742600753896502	1.1332568276792292	-0.9461776368161916	0.6198315305312952	1.0492501474505123	-0.11247917378449146	-0.6882042525347913	-0.6389047097842441	-1.2329675833118403
DTXSID2048614	15.053970745900001	3.400802830033802	-0.3452020893878384	-3.4656683198418508	4.189169025171578	1.6297427529169042	1.917245191997143	3.3957672449301057	1.5434385365054626	4.15426761467167	4.7874033307179005	1.845779462128692	-1.9556655669034135	0.9753017991137435	3.571248652995603	1.2279720037357378	2.7856322190514535	-7.867069832759648	1.6639880641592475	-0.4184135507337857	-1.2624904320402206	0.6029502644665705	5.206217411316787	0.5257892907914458	-0.6925991034809936	2.261115414857606	5.331116165274927	-5.0272753651350035	0.5764076446254903	2.281077739902438	2.3072635331484346	1.7825954061700273	-3.1565048729307255	0.33334659517580784	2.240437155745157	1.4657998605449787	0.232002230968798	0.19700367176898975	1.4155071418710043	3.4861383564092807	-3.763327052527118	-1.5398643734481092	1.0452964975323586	0.6102721029978458	-4.138739552129616	-2.026586247685137	-1.965850165440733	1.7127355056425901	0.022455692175813776	2.4197338801001567	1.826058143210543	0.9785613824487119	0.8749687704347723	4.844373560164246	-0.9987501873811883	3.2437598414013	4.360866227278967	-1.292963546549511	-1.1862321348769007	2.464358660850595	0.9631814726752334	-4.600343414980512	1.559602616928284	1.5132972454801366	-0.7433597792141894	-2.0299474790807555	1.6231454464058188	0.2227510125610797	4.313203298333108	1.287150617523691	0.8948979780211228	0.023604385167147687	1.4665736519081365	-1.1383181629892927	1.0754110370489183	1.251430477972141	1.0307525106867397	-2.339737338986799	1.5948261241266644	0.7663398700053842	0.9914726292194148	0.7204642494073655	-0.11858319039854727	-0.01642524927310933	-0.4067587291624586	-2.107792375770944	0.37833814108075386	-1.2407261937697966	-1.2445504048782001	2.4611464315208114	-0.5808736863950754	1.9119172583891806	-0.6818245603712277	0.7525756980668036	0.6145039924038902	-1.1549554780382174	0.14278664624472615	1.2931871068746352	-1.6887897369145635	-0.4790655156530854
DTXSID8024652	-4.59035271543463	1.4596769864910968	-4.387617560813058	4.886922362457201	-0.4301850645631068	-2.316470658625697	-0.2211272870071435	0.6426379214669931	1.5961498505501508	0.534618395621974	-3.2461474518728384	0.08867558261755337	1.5627034659390064	-0.09469284205895283	-0.26434347237720834	0.2729682944407217	0.9536870351377034	-0.6572029456687045	-0.7186022220713818	-1.164455080059193	-1.0236606163280946	1.3431490075380452	0.1550647721793119	1.1483858743163677	-0.8102178910022512	0.8391825845453325	-2.0654606165041676	-1.1387359528426069	-0.7989656453669267	-0.5155459831193894	0.627313813153222	-0.32543948182732313	0.12555007546833274	0.4274968866660183	0.5982788079172187	0.18650688666048792	-0.22939765701290585	0.25798678391092333	-0.0030721148916762397	-0.8955511064842818	0.2507019119245562	0.12876990805291605	-0.043449696239942714	-0.7261933823204662	0.33968626501143906	1.0335478215646765	-1.5592499007109304	0.6882618426238631	0.6352941336128457	-0.3360211068679807	-0.15902709096641426	0.0954833529706632	-0.29710213562916504	-0.5587601740614617	-0.7574194568415624	-1.0319605661540143	-1.3197171226709479	-0.0495778223791542	0.1947850143792986	0.9254340297344154	-0.28540637825461185	-1.5260311910084743	-0.2993768120391459	-0.8850899170778909	1.755771674947131	0.21815914648110532	-0.16401176300676917	-0.13990989593226932	2.489563423747485	0.5263384249746199	-0.46758857575477714	-1.1975569554036338	1.0269399611990855	0.15285828900665485	-1.2819536874821744	0.23748912049593396	-0.7294578535483519	-0.531520256986877	-1.2786655708247243	-0.10287568170304137	-0.21736520544783514	-1.6364476129557874	-0.016607000584422424	0.21129074287105698	-0.028641467857342243	-0.431950735085166	-1.6835562329323477	0.05238922061435266	-0.03485776474409203	0.033129049724793164	1.1183654551474724	1.380583300022701	-0.31570037198495815	0.10275637424463246	-0.44875210080752376	0.20527173489082626	-0.763124459633128	-0.3827499082877414	-0.33612995774206694	-0.04771524649639993
DTXSID7021863	-3.9616625383815394	1.086417138570574	-4.537486050346864	2.5163880029188572	1.6459338570729836	1.010803793532163	0.41335220567246483	-2.8996963569347978	1.3858037854652443	-0.030000305180560353	2.2818268380150015	1.5158121262569604	1.4740618600812259	1.2723531486262623	-0.6257995692467356	-0.21688328107695937	-0.1447295972625109	0.7751138492529245	-1.2413577609700517	1.6689957421783344	-1.192487547585542	0.236497400361797	0.46932038043705276	-1.2214951362960003	1.131833360927729	-0.5637904882387348	0.34627410516173407	-0.054551739774872814	-0.14738513190097102	-2.377655726720743	0.17849142479555533	0.6245057362818209	-0.2943033019344123	1.2534060178656106	0.0764303861195598	-1.0878842111096196	1.0932791617252327	0.06657503455724133	0.11971491559716411	-0.6247721103091615	0.2965798206064761	-0.05850296671342509	-0.02277096834250658	-0.9115247132891947	0.9951794880901624	-0.5137204548479893	-0.6671334388592031	0.3084960490509196	0.07649529166813923	1.2637927597563243	-0.4414809295372268	0.6445389352373543	-0.1858987412463674	-1.1188823096916989	-0.26890212891453635	0.02898504326693759	-0.9848085928558432	0.653055828555444	-0.6560675019571162	0.4480045398301197	-0.34151100934460316	-0.30467633484281476	-0.29947438215773303	-0.701734654509337	-0.22209440838813352	-0.5965654655661903	0.13770726300479222	-0.10035136495001391	0.7069081860904798	0.2146513168236099	-0.7973781078242622	0.5109826896430426	-0.01552633493677536	-0.08919392173758432	-0.6997296737243216	0.43065438223876734	-0.3067662662852851	-0.038541590163189435	-0.0810318518574514	-0.45321959477254375	0.5132540689239468	0.031100466903389634	0.45321199753634217	0.11124192908923179	-0.10526788637701236	0.9936222889164992	-0.4271013529712576	-0.08807501830487405	-0.7017203120339428	0.16550334762468183	-0.04368819278899586	0.3164936862259437	-1.105573142580281	0.19178124466423743	-0.16455522590416838	-0.27339644162319054	-0.026843157920078378	-0.21366354687876027	-0.04699853924112567	-0.1767182684622786
DTXSID5022980	13.660226717384893	-0.24463429211813653	2.2757148595766203	-2.2306332359255903	2.5370307432948014	3.5228210013020376	4.9052712030128385	4.894544861822487	0.15142275412061446	3.2616182835403897	4.802908380605222	-0.4992054695188834	-2.6518231128100482	-0.015472955866424422	1.1717193568494308	1.5470482098216911	2.03654381882399	-6.669111478482287	2.1428225972730157	-0.7246188015360117	-1.8294977295712798	-0.19030211438655356	5.202711800068218	-1.9522548372854858	0.5122412631761853	4.121241572870388	0.2597877996012818	0.480826750173064	-2.32554439447491	-1.0420730953876882	0.36258255947275386	1.9521661446088237	1.2410318549676478	-0.9201866768039135	0.8451944030966746	1.0607330799692054	-1.2967329002930756	-1.5346109232116814	-0.13464942074605113	-0.2907700682353803	0.3835857394579065	1.9522234076741307	0.8720296379986131	1.7880863713291932	0.4993170740909266	1.0789166394599583	0.024519850831696374	-0.8122533199522596	-0.1795768207934904	-1.8556817729986543	-0.8976118319967067	0.679292001302657	-1.2557496446186418	-1.498922272535444	1.268149325297363	-1.9086245286122665	1.0771822058284641	-0.6044786478173817	1.9842374293261933	0.17671882483298118	0.2823515979496115	2.0390829098406233	-1.1060474392486548	5.909331103455746	2.285606390301521	-2.1113057382556457	1.17644769561692	0.11948248958200314	-1.6445717407726061	-2.173833423017819	0.6812182481878433	-0.7644200536770214	0.38249227656545476	0.059870301457081575	-1.6293634501415415	0.09338423446819344	0.4635089072945095	-0.5068495043345667	0.4542473395262295	-0.9042274543392737	1.5543452119921295	0.8486098292557438	0.14226731856326202	-0.8281655924622574	0.1565041232719962	0.5973850598654752	0.5650205709460767	0.06252263152729964	1.2548246716209506	-0.8795307962729515	1.059474994671469	-0.8079029961487394	0.4441118582076203	1.4770329163209295	-1.6169307399687711	-1.641630618934704	2.460153800698682	0.5553665088717408	-1.636204646527951	-1.186491743546264
DTXSID9026710	-7.23698477942042	1.122381753653597	0.803094078283544	0.2048852259249549	-0.1287070095690333	0.6937914577488554	0.7229483360997103	-0.5411727018522224	0.8568492021601064	0.4263947318529042	1.1835059180679794	1.0961541195697784	1.2010170099275794	-0.028939198100752322	0.4983013978009885	-0.6890430834719965	0.37061841534188145	-0.8968143050688	0.7614589536743436	-0.29850958378258763	-0.268691076715468	0.09126836564680924	0.7274559789367974	-0.2999881839678985	-0.2890765081302819	0.4909353789261336	-0.11509854820955895	-0.6307867515669858	-0.2068445037163168	-0.8984477579635558	0.9259838943394257	0.49752466145849455	-0.28475249426489646	-0.09346632200963008	0.22945361298185868	0.5353803821460895	-0.3864566884151356	0.14857798513908202	-0.5966408996580328	-0.04593013035721751	0.3602311435928642	0.3493381494687729	-0.2172661712916738	0.6339954248096122	0.5748045228524766	0.02067720489157216	-0.5988478470678588	-0.5078461561925677	-0.016811164394190517	-0.3584594920582818	-0.1266055730177986	0.09940710471829382	-0.859657697213871	-0.09924446882575257	0.028664410112280624	-0.707749003646211	0.6597639031454028	0.5033663794955745	-0.3911675260805515	-0.10622711337135388	0.2303517540669898	-0.3080160897648853	0.07904701226697265	0.819218905042182	0.1606764011455943	-0.29983856175996193	0.051026927782788264	0.3762839997271315	0.17731149861780834	-0.1667081458748194	0.16199160056218168	0.2365510298332698	0.3258243213326001	-0.17866165491769212	-0.23293227315636084	0.2604244259264983	0.48134506040861835	-0.15518633187362801	-0.569452045960919	-0.38382688175726165	0.14551808013427256	-0.06604856104178389	-0.02606064813938478	0.13575694381669995	0.21787628398022071	-0.19834858911426506	0.34448455653496257	0.11988227815798372	0.1321748882449473	-0.033185003187433955	-0.054729025819329	-0.24444259168530266	-0.1905434712883845	0.157955753217714	-0.053817858638971025	0.184157982240577	0.057973219626695126	0.05419768772628194	-0.03012603143123231	0.04995386890866089
DTXSID6045872	9.191570111709558	-1.7515609834828914	-5.382679359726895	4.189271215747169	-0.471853651012949	1.940579945291974	2.690012795341314	-0.006020518483830631	-1.9120594603814793	-3.6207170944154696	-0.2588868348261155	-4.108996992959906	2.8376858266587432	3.0376072125551503	-0.9841429382334516	1.6114630137282462	-5.007776424256292	-3.4441019453540975	1.316377201593252	1.5346979809680623	0.734580253038822	-0.9405902064923348	1.3565995849951473	-0.04616736185211633	1.0224445849065278	1.0614601726317192	-0.6170894546295124	-0.5122146318380805	1.4450931930338864	-1.1012054892492753	1.5128639522071587	-2.1413666943395713	-2.847853257842008	-1.786041320668087	0.06543733488899513	1.4107555548233714	1.9588193448524334	-0.31557176250217583	0.9182454321392283	-1.0421052509681492	-0.4731568952585423	2.567497483451476	0.5999057167802547	0.24684036349137675	-0.5649573451687956	-1.6005352500431662	2.1767859238009897	-1.1726208851262196	0.8347898816666423	1.1038630479689284	-1.445294130916136	1.540314259899435	-0.3999173716079613	0.09691856734680275	-1.2679107312063183	1.6469870654598062	0.012229542935943062	-0.30999846889408605	-1.3977276570400146	0.09472227378669552	-0.5217294462737329	-0.07345876166539664	-1.482303714657778	-0.46532467518506526	-1.33777434624136	0.0957286135479622	0.1630058010641439	-0.8949606962402713	-0.5997947203889964	-3.004755339559355	1.2066177662068827	2.011455941841544	-2.6083397349456154	-0.1761353702008465	-1.1927912529409692	-3.7105039646952775	2.268094735787449	-0.41678296114225255	-0.8063433396324303	-0.09384926165694235	0.3267271605893731	-1.7727883003780298	-2.532999673240394	-1.0207856133948798	1.5435312002210608	1.0100284223051899	-0.6264583568342121	-0.9392956935230907	-0.7853949055803998	0.003569986429293826	1.765484529434101	0.5989690997415481	-0.7103738913778168	0.6166562337944071	-0.4738062873717675	1.7782990568743082	0.7633791695236984	1.288341758466163	1.4717681484148484	-0.8573107867582991
DTXSID3041580	-7.710151498451041	0.5178972617610631	-3.161193747610811	1.4756999761517375	-1.290203302602111	-2.8192226006930237	0.1341846113272662	0.24002753224898127	0.43512893237310246	-0.8747261628177668	-1.3112270783046902	3.6235965078618975	0.1382545681857379	1.718836095979521	6.074012412552649	3.9151378516310293	-3.9528082779479656	-0.8129976736177201	-2.879964684961998	-2.9969099783903763	1.0360613235247178	1.2955063607918642	3.4141651435698113	-4.951482593521019	-0.6444579589710436	-2.406628169006385	0.10162648218836842	1.6471454117964126	0.4763246187399713	-1.3311071252092788	-0.32698191734335197	1.6601350666739876	-0.7427792748103208	1.3793353813865745	0.5754336067222934	1.3820985577558609	-1.4440953592059038	0.10135855254459673	-1.1275225586008988	-1.234633166837586	0.09494781767431595	-0.496621650549289	0.5269397343701387	-1.3489753850697053	1.455477912127768	0.3813548468725277	-0.2321739968324976	-0.9035897725006624	-1.0791255635052326	0.7086086071241198	1.4845678616829938	-1.8977503221861796	-1.4187623478536884	0.28023192543026687	-2.8233682134924933	-0.7381178356091233	-0.21467738080409687	-0.5986528568565148	0.7192322275328452	0.9441647524600383	-1.0305540441312873	1.073581732781786	-0.03638272931227666	-0.022483042486206264	0.3562958039208447	-0.6735305843367385	1.008589216958694	-0.8018222648660907	0.052338610989120724	1.571203547045067	-0.0048463000443974835	0.6621204535211508	-0.3909648908946366	-0.4061639135327124	1.2390317578527608	-0.0040768576322287396	0.022461655703162147	-0.5189692836082447	-0.7793342507168592	0.2465428640207387	-0.2061188561162752	-0.21239918908674216	-0.1430832080258523	0.8580619110839135	0.08794647098599179	-0.26334855047723627	0.12524773104870401	0.6163375810094964	0.5261877912474543	-0.48686256793852895	0.5913304658970111	-0.14281556590799846	0.005495992282161482	0.3547857446225908	-0.020399818286255773	0.1289763047526301	-0.04119895680077615	-0.444855632576008	0.005936015528092685	0.5654395541570904
DTXSID1021160	-3.193218096443792	-3.5534484705727407	-3.0663017720217796	1.1995680814692689	-1.574506491799498	-2.7056734646229184	-1.5852728569366281	1.3875956856547855	-2.842222227430267	-1.4488695266650953	-2.472901015835591	-1.7069382446308292	-0.03019052157615551	6.784997963791892	-2.6424989278999385	0.8289698195392365	0.3261557559285605	0.9926530311079298	3.3828832985107393	1.5832399669625312	1.4322999104678769	0.9763431086334577	-0.7622463659337011	-0.6162118475983417	1.3301356965463986	1.7678249783725397	1.1978101725669843	1.7950799068966277	2.015397039468561	-1.2486746870138472	-1.1968218953798873	1.2921669244886043	-2.169708241990017	2.2134838044532583	2.110186106496838	0.6740133501730172	5.037041677459971	-1.2250505351181402	-2.7975473448735753	-0.6266121413834872	-0.003089055725555454	-3.336980898939115	-0.9904812258132862	5.990293700988242	-1.7772885870278854	2.0284264617083125	-2.9276609216253897	4.4625270093009295	3.4195297891902543	-1.7580130917706782	2.831249990162836	-0.18949772313706587	-2.8287850192422703	1.8418514045649677	2.2870792934567516	-1.4226813438861319	2.7326966981010155	-1.2037664186320238	-0.6711252101021897	0.8664875646168229	-1.4617363482801191	1.829827729603374	0.772210681850371	-0.5610558064281457	0.9952434024746448	0.5268636898069977	-0.10104751692478521	-0.3860979161121692	-0.9553938433824632	0.4703087147517536	0.30044857774977246	0.2993666690133	-0.6503213827381163	0.32042329582168205	0.43118427928010894	0.3028385239311283	-2.085513716226108	-0.03635591765302591	0.5334718191101931	-0.009146927998642548	-0.7890955384589233	0.05232881063610823	-0.010201711751161469	0.703795935201429	-1.259425402664437	0.961197610766119	-0.5313966354536375	0.15388153568962218	-0.46794870168475244	-0.37146204605445043	-0.5584518656120813	-0.8161481130412085	-0.3018990906941762	0.5647515658794268	-0.06138998061988362	0.6880514148480905	0.38139145555723697	0.571091958668821	0.07783322608356914	-0.5511224688780575
DTXSID8046749	15.812963434456913	6.952729499899094	6.400382501396586	-5.2546062807809815	8.154038463058082	1.1378596860467312	-2.7435822112749673	-0.711518638315271	0.702082998802617	-1.8330680363576963	-4.585380095818843	1.334117243889297	1.7378416880722258	0.6548124941524345	1.5515254666408338	0.5239603538405401	-1.6101762463295668	4.1060076259327	-0.90403705163819	-0.013579136173969797	0.2807356916367948	-0.07207129333142269	-3.0914739887399	1.4100336801412758	-2.4835148167706476	2.5841841408541	0.8218138281185186	-0.08187880379096805	0.7516577706887132	8.414439769484664	2.5376336382273847	5.184640511328529	-0.11603012812436324	-5.565342425287353	1.9811578556997385	-1.895296848535728	-2.76714210424019	-5.359411262679615	1.3855087366540335	-2.8631414533636703	-0.6941446110055427	-1.4303936669423183	1.36624774131553	2.388573095366648	-0.3196227337122979	0.4114597234451428	3.441929129027277	2.254909161701964	-0.6605299631126431	0.4160294147074306	1.7599567374133755	-2.475536364776445	-2.2684208707850866	-5.267604831303854	4.638187487480047	-5.952220067040529	-3.8742850364950563	4.097609551763075	2.612275520151991	4.4040123027925695	4.093297278846461	-1.944005989543519	-0.2944529802717415	-1.9192375036064022	-0.37346403211382795	0.7454995394417177	2.1917808784185757	-1.3115017606185686	0.269740792132674	1.683081475255589	1.8782224257676783	-0.49533689089782534	-0.3937822032354736	0.4113775598550415	-0.087090999357178	-0.9422819097507091	-1.165199558927195	-0.7563949526604038	0.5512141723420521	-0.07450678463256638	-1.6893279806883985	-1.9821490069834793	-2.0358089826510084	0.7238037109895734	2.122953603840506	-0.5675403408980438	-2.030089770472443	0.23748730171656088	0.29851949429967856	-1.501858324962766	1.7490592401833758	-0.2762028275087627	-0.6792111368147198	0.1265139514200063	1.4149316251323836	-1.0324691487953943	-0.8862199329459429	0.39229346841523277	1.0088951788406233	-0.7291951015890132
DTXSID5052838	0.2673776784327828	-1.6770910786905076	-2.5271666233459924	4.3564413177197405	2.3052671243263636	3.0592815875150947	-1.7948098417477594	-0.7260608850370439	0.1879726729043384	-4.100642492959857	0.20321852154058023	-2.4164576523758337	2.1201741491481085	2.1426233933496817	0.7003334650003092	-1.0103939333532086	-2.377867872865521	0.631378629748747	2.5685992446961854	0.3030847280960169	-0.2793586712531524	-0.28688408465258536	-0.39591892302139936	-0.6943554082075836	0.007723403830187619	-0.5597338010118218	1.1308157811471866	0.11029369113929319	0.9644314444697263	-2.4519851447127103	0.9410074151574164	-0.6979207868114974	-2.4688581343641336	-1.1086727332063433	-0.16682612711303085	1.5936092503408736	-0.5351708958598428	1.8722320188541752	-1.8293879491896605	-0.48569025073724664	0.7944198169329237	1.0363290072338291	-0.2781341416662022	0.5111537208367419	0.7517903971351376	0.24508274945569938	0.8993613833048384	-1.4956595369834709	0.8772440848778305	0.5595340905161352	-1.2162388905043655	-0.09444762888815088	-0.8178169962117566	0.9009206273218958	0.5677384955405337	1.7157680247039695	0.602106357356026	-0.7046870935467889	-1.291117962230458	-0.09635533614747172	-0.01950448605026246	-1.0252880146699377	-0.10907919549153057	-0.1891714985336906	0.008184325092606798	-0.6059756330007663	-0.4122189668988158	-0.08883307631126179	-0.25652520061056866	1.2768261905101241	1.1822328394175714	-0.9373547021293905	-0.8617225982745127	-0.35350433569997175	-0.16976291354089107	0.05754050336269329	2.1711022292648594	-1.080739745418708	0.024622939135998362	1.4557453990852591	-0.7955637917380542	-0.7118130552634453	-0.32195395794136084	-1.4786845856152577	1.0788034848548316	-0.0014375771306971478	-1.7543337422633276	-0.07344935695410654	-0.8732991125588164	0.84834531066383	0.6778742055837768	0.48822918717332736	-0.6081238760653418	-0.5597441355973348	-0.26414083226796964	0.9888581797724435	0.39649361308597036	-0.1167577459275426	1.4632040197075007	0.39629204901913156
DTXSID3047138	-6.747001266932079	2.311231214980883	1.37495711561597	-1.312886946517517	1.053759448858399	0.7334666916578488	0.42269794781362896	-1.3104913295730802	-0.4398387177155611	0.05784505940895492	-1.1475697730101193	0.7035967861597037	1.6035065494475043	-0.5080124666386125	-0.021448429251437907	-0.638730315033617	-0.8839079653650365	0.41923848819243625	-0.35733574374372823	0.7302479351279757	-0.542733473378441	-0.3211558921489319	0.37474115063921515	-0.5252074317114617	-1.0397252395614671	0.5212826517865639	0.697597086250668	-0.45915071079749453	0.09018294097298839	0.07363486590605697	0.3866867068738911	-0.03913442032421097	-0.41237392723721344	0.37053971690246396	0.5189792255040351	-0.0022208399209509423	0.044822918095263044	-0.03835051584577302	0.2430096855069425	-0.40611205113841814	0.06077306355741706	0.03625046703567497	0.17484298284641	-0.12035307308598542	0.5820190901245235	-0.2673946333686177	0.11066863404447276	0.5874538013923964	0.3852665901017118	-0.4668198789200447	-0.2673533828448272	0.01875429338599747	-0.09667069726728338	-0.7100088887030955	0.15093122079056606	-0.056484966162800555	-0.06144936606276558	-0.2851297389391194	-0.8810477850429727	-0.3260392556539955	-0.42630583276320566	0.20510175354021126	-0.17708195331058646	0.5117126895260978	-0.25420751547840753	-0.29084732097545446	-0.16528145692838475	-0.14899544703140494	0.1115661964005338	0.14519922931454018	0.2607906930962497	-0.21010282681456577	0.43527292464885237	1.0281725661925694	-0.31472689435535534	0.026354604766120233	-0.10569513011059394	0.3954518319111259	-0.5395762125453686	-0.34739048334675743	-0.6531534842349657	-0.4241848507894994	0.497908066846566	0.03617940388020239	0.31266681870976054	0.22613960567204405	0.027011550034345088	0.3527897588477463	0.1650115631800016	0.18053790868746536	0.049382648954587945	-0.19679929792469417	-0.19707111448599754	0.17285790623692132	-0.1515434201271316	0.15473788880308445	-0.07373382841104358	0.20909085039684652	0.43583721281869886	-0.011190887595874518
DTXSID0049280	0.24524095539402985	4.886966902404199	-1.7325517270617268	-5.45377241038079	10.649114083324616	0.8113186358927046	-0.13601412358794487	-2.9338473188115883	-1.0297398005407812	-0.3204152585159185	-5.033897879165721	2.418385011557168	-3.06338704570002	-1.7074428105567134	0.11422288423581489	3.037390470430908	2.650671400133177	1.9097262128906392	0.19733747636322918	0.13988395019029282	1.6068430503431483	-0.18870823461531855	-1.0462363774438095	-0.9872713336022594	1.7350862559577518	-0.41316289101470666	-2.5129639539771667	1.5904405788706195	-0.8321536700886469	0.5117400819103799	-0.023434652637740257	-1.8115119955199057	1.069233405511082	-1.1721112631403277	0.3853662933878876	1.4638101803578245	-0.6193074420539597	-0.6488837048789946	-0.17719318966108807	1.078635673621614	-0.021961734981486986	0.16751393903728956	-0.982071366683041	1.3398999978390322	-1.3250253857969723	-1.3565218942124424	1.3628932219421759	-0.2637613085702481	-0.024646900457972742	-1.1052543509066621	0.4318113985962831	0.4491768191564213	0.0868250692583032	1.2194745035079102	0.4843660982898566	0.48785735181191087	-0.6995420354755026	0.0668139751013901	-0.36504613647357753	0.348102403337815	0.1783146268756754	0.5328116775441736	0.1457237521077255	-0.2974112400020837	0.8538471975835541	-1.4534615886592617	-1.1717402331850524	0.7962028563499821	-0.8196130331219893	-1.33859333768701	0.5259331269288353	0.3234397391806648	-0.27629022999234226	-0.27058095857872183	-0.9418067626313061	-0.17814470093203652	-0.2162356233515047	0.5189851298691447	-0.30179875732831574	-0.09758167107248988	-0.23493695143569154	0.35004636330390115	-0.7114880881407551	0.014544437535018637	0.46070973471164817	-0.12475529386252873	0.03308944644966584	-0.36589289271792597	0.6296994299757408	0.23231191211378113	-0.35342939541758805	-0.6303841702907064	-0.8970228538645683	-0.45082533878122755	0.48375453896886905	-0.13951862691458403	-0.2799247778668934	0.1268227244074194	0.148670120267069	-0.32852070705470454
DTXSID0051570	-8.477317504759446	2.106888888135949	-3.4447723264346983	0.29584488473379483	-0.32544357338772995	-0.8572790242096701	0.35855275684147464	-0.8241966680101691	0.4325231480326549	0.7421104929393854	0.5896063921096858	0.7877352515186504	1.099346126786745	1.0525641830587331	0.8802465313475498	-1.0723118443093607	0.06639394586043171	-1.0510457121316932	1.132160515921143	-0.02344404156958475	-0.4598260791871438	0.7899568923006138	-0.20672233918735688	0.3492949110689334	0.271415666426408	0.5099146436882078	-0.16389348386228986	-1.178493822579974	-0.4157181978196725	0.5684779093175913	1.594585407893605	0.28145493850978887	0.4388935009350606	0.028259301711350864	-0.7498034615921033	-0.14659842791604744	0.9039971579001994	0.3715775209601323	0.20352562877628236	-0.4316128836789396	-0.2938376949248122	-0.047472057068395225	0.1301139292333245	0.03629842360276951	0.19846119431530776	-0.3622597324971568	0.038624910899592836	0.27963410544369927	0.029711793065637388	-1.03280880220016	-0.2164207526939124	-0.829865353115817	-0.3622191512266516	-0.5212451127573758	-0.8736319479246414	0.4779468950248798	-0.4671282973020912	-0.7580047239580725	0.2975994696271194	0.49044029091299907	0.4762882876289971	0.4429952384303555	0.5750844897902007	-0.4451771930419152	-0.011012450094158355	-0.8091930893085272	-0.4027533663447272	0.11428644188787387	-0.2943473992518573	0.6979954215912079	0.2108708331959828	0.06210664513252179	0.28238280323009746	0.05331202014757277	0.3809517495546449	0.3291572984642935	-0.09273766585888837	0.8026031972484768	-0.6428618063553103	-0.7554010029109529	-0.42414610259598323	-0.733755487778486	-0.05692350703419699	0.20440214470740603	-0.5063990935903168	-0.7406128858039672	0.369503486331319	-0.1114234214664423	0.05011613708168245	0.22384730864798938	-0.2114588360187795	0.07333909979561727	-0.42435223264443844	0.020321834000182056	-0.3433458904653847	0.13558664243385227	-0.27307517139835236	0.029918468013631922	0.2920847188034614	0.49244782567927026
DTXSID6049430	1.1271891896033948	2.847953668375773	0.5196084238774205	3.2919242147777865	-1.9804041391787215	0.39925170476352767	-0.8846670186533971	-2.136674157148988	0.41146653538656486	-0.6489431055041587	-0.46051335203768345	0.7365524408628941	4.8318584754397165	1.0572989695194475	-2.858776483990808	0.9129960437896957	0.5058367742623296	2.923744595650177	-2.5548104709552475	-1.5891661214306094	-0.8933593004475389	-0.5554776565942021	-1.1603197750399057	-0.14575423096416032	0.6714367168953299	1.1818336570906762	1.4643923498030684	2.101861533946584	0.049577463250528926	1.8625199443843554	0.49317386410169234	0.9614382000596062	-0.4527855670747679	0.3175250913575749	0.6317557567653505	0.10177106344389066	0.19898175971552665	-0.3698715051431503	-0.6823467999989622	1.9795648014199108	0.5329278908092727	1.0247447321453544	-0.6021479174113372	-0.060796288377877095	-0.39791137917957037	0.31534690938754534	1.4195069486981675	-0.3486461268302291	-2.4183250265932683	-2.3832677130187094	-0.8904515953864145	0.80857887158694	0.07261017801495116	-0.6221431554818128	-0.29290211171561653	-1.894128139530747	0.2595689008369692	0.7993543612286861	-0.12741324230345646	1.0022537197158243	0.9108755714782929	1.7068970038068338	1.380624435259759	0.07097867827937092	-0.643102222776729	0.7241630220772256	0.19194720537063878	-0.05534577173895091	1.3591203912237269	-0.9056808076652496	0.03816358754932866	-0.4929085593327868	0.1526794290683504	-0.5593404868487424	0.47352687697098766	-0.17388262429149298	0.4999468646144672	-1.346030857185693	1.0527456817384897	-0.09294153843617596	-0.007392879609347672	-0.3179460017874091	0.36198681132093674	-0.7596024100830755	0.6379478323534618	-0.3509246229056705	-0.4857792501086223	0.5030043639415305	1.0629659054619836	-1.2168117871194024	0.5730596956832801	0.3834223410988025	-0.02953447507932996	0.26881366378461985	0.6051678390303258	-0.23022642043939778	-0.4293324799168342	0.4120722203103497	0.1653325188587955	0.06436430062936004
DTXSID7026811	-8.915821483774362	1.4434711725173095	0.32039983954974777	-0.359815191537418	-0.34593500116627024	0.06772737787294172	-0.03359035161397202	-0.8554826012076371	-0.9414744595481672	0.6419283935852611	-1.2110630970774927	0.8399855471786775	1.8935174429229717	-0.21128843116794865	0.13264942394937573	-0.5838081698167102	-0.522182832259786	-0.14891914866780362	0.4642708746218383	0.3735202841192409	-0.11109193652081145	0.03910256304863911	-0.9381203532851503	-0.5020886815679226	0.3032724297501396	0.5234738315255281	-1.169123439777436	0.6658581287133162	-1.2601649999508513	-0.7122678809422817	2.1530675710204377	0.08043158697030421	0.7475023583932224	-1.0395034801935639	0.3342626972155497	0.489599868951547	3.4786997278269447	4.868259300460559	4.022367030956007	4.061762356830032	7.251519008398396	-2.027279139692513	11.898552912796593	1.4113844867918077	-2.053029250274997	5.350294224338952	-0.2682015744206773	-0.877564603453224	-2.338832061008441	1.9712348361383842	0.8100523771959414	1.2130946132837852	-1.589520650263005	-0.1687639325108851	-0.8369199650225608	0.5429200448098291	-0.3997352712107406	0.8039067393753148	-0.34653017260232494	-0.9173309892838963	0.45324125376423524	-1.3555862657923425	-0.8080799674949877	0.8147794708771869	-0.5861940570560928	0.2922616140509459	0.7937513006957099	-1.6085227306885017	0.01821774912487875	0.678211506217757	0.1640702064661097	0.7098542414481687	0.14134675452497666	0.8525747031115258	0.5234208733133479	0.24722696787581402	0.6783660449443212	0.08416895336426791	0.08473783369885446	0.05730446969790549	-1.4089068939397869	-0.06755574314556308	-0.46031695878925577	-0.6273160589360127	-0.17089168916438535	-0.029657903261008322	0.7347011999999798	0.4163302596897088	0.8765571678666	-0.5831634461015631	-0.36036141878004757	-0.247701930476269	-0.015589249809965296	0.7300454577877503	0.37010133451801697	0.37445526548746877	0.8940234530168727	-0.1895265642656252	0.4516583053445358	-0.9010175759424419
DTXSID8044591	-1.2405788637569801	0.6020043344484738	-2.0571192111232928	0.7453069986705739	-2.6546316600354825	4.296667042524697	3.188698927385913	-2.9339507529067874	-0.6793752640576534	-0.40841130490770267	-0.6956746675011757	-1.6741574732387052	0.3229103604357783	-0.4855604456733709	-0.7889687188446494	0.9194555441497576	0.22602990095089112	0.9414480681210304	-0.6265294349465	-0.26525391068707216	-0.2577688983313963	-1.3462938450109407	0.18008131339951153	-1.6752937425945833	0.6230444040342599	-1.850518261795241	0.3176045699112531	-0.22416470243286	1.6361937598714738	-0.13536559634750026	0.9855557539924584	-1.417517838318141	-0.2803821287683982	-0.006489819803923434	1.3611624516918963	0.02058721991949738	0.38845416171542196	0.8645922410157506	-1.7496523264305788	-0.6569574461742244	0.6069525137743205	0.7140374913707694	0.5216517158277659	-0.07815186711627754	-0.0521785273261717	0.16214468086151215	-0.03779872386260987	0.5579024971293738	0.15228930192846546	-0.6579804934981139	-0.21148390914349247	-1.9435664418592957	1.153595651481676	-0.4531767770705733	0.20637732448696217	1.3265225464853616	-0.3969146838599268	1.3762088053072148	0.3746272864263961	0.7421016765803223	0.40132002939778155	0.11229313054322132	-1.4217820862206783	0.657784784700151	-0.9677267823961675	0.20923492162843385	0.09198438029959553	0.43426673005975974	-0.2103980944341275	-0.08109684819067171	-0.85031732182628	-0.4399525179478306	0.41345534929920674	0.1898212429243093	-0.6015589924932004	0.23837446281709881	0.44481339639112494	-0.24024015764679846	-0.0034329804081173632	-0.8692247436206072	0.6640259894439663	-0.6099139328289572	-0.1691246045571406	0.2412286065463893	-0.14280001261310504	-0.402183789946845	0.5238359703115513	0.3730335533433439	0.31094324661577427	0.0842627356056694	0.20198989507764353	-0.7109860605055903	0.024057598759300965	0.3630642570945244	-0.7087203660503275	-0.7589461629991403	-0.23854598220658876	-0.5485533470512441	-0.327975460433907	0.030553346916741764
DTXSID9047338	1.6029671307877666	-0.012161047040761078	2.2848312488347142	-2.4541411897644996	-2.6473330205553776	-1.0750697129969427	1.074920989877285	0.1587226536178786	-0.568164086211587	0.5748544990654697	0.12319688316430637	-1.0788309654389563	1.5938184049529	0.7017942185475852	-0.6629825113610743	-0.0487224310432962	-2.0718127810499904	-0.12657826305579625	-0.7494962497028002	-0.07096527762786684	1.3806900653462366	1.0470037252817865	-0.5272356914141564	2.295722171494921	1.5433947473592595	1.32402598572833	-2.441190272559896	-1.060119112546668	-0.06787930476471256	1.5327677643073803	-0.5900253380352042	-1.100971994060964	-1.2465255752213056	-0.33976954677036564	-0.08121473259060943	0.5969472927295101	0.4197756898214682	1.208628175449972	0.8965402142700116	-0.15728463591308914	-0.0030813810073339553	-0.67105189533738	-0.23835055495844104	-0.7504787373731879	-0.25817504048890194	-0.7274381302419427	-0.025931686420801955	-0.38302290717121423	0.40282591427378445	-0.014902260874050357	0.07047401979255125	-0.4896952295524505	1.0504601511262088	1.4615110739811703	-0.02352563712455741	0.6528948602699334	1.9309823601446214	0.46842859587834534	0.49727490445977274	0.43917359697315994	-0.6880353350661581	-1.1428863410146708	0.47990305600358024	1.0163361326295655	0.981409292251365	1.475370999342553	1.7470296916157002	-1.1214533187840292	-0.9011814651726141	-1.740882987892272	0.8284000230308043	-1.3977960635904965	-0.608188592717362	1.1398424074243423	-1.3223888771763357	-1.8977508535040948	0.53075231846302	-1.3824435221870957	-0.3224091841932157	-1.6396373955764556	0.5233094947858676	-0.0015546152729772286	0.048578308128779106	-0.14810266331241081	2.252727145267984	0.8281878621632766	0.08567377712067233	1.1881823134155334	-0.12027375141950722	-0.335090364013389	-0.9058441071395744	-0.7246348322069232	-0.09344086955455651	1.279012584252981	-0.03182077229909594	0.3857070180696994	0.8106576194042169	0.5135385497474347	-0.8042993624270875	-0.34784984019441934
DTXSID3023845	-5.662152013879889	1.109282928332091	3.931192809685087	-1.6352900828319288	0.05234598991104683	0.8807349731802364	-0.07227603001984091	-1.158890422840325	-0.9313892284677627	0.7382734907693197	-2.2912450297638087	-0.055240139254166314	2.8577952320195137	-1.0743383201813073	-0.14822725285493188	-0.9277416891729221	-0.08680056515454396	-0.3872349821967014	-0.3910844782916287	1.5179015980921602	0.2855080977525042	-0.20605638725162717	1.1866301487297781	-1.6852363045328491	0.7301322262062088	-0.1561047284012478	0.06004175021413155	-0.006716873620460492	-0.34255647313008797	-0.2380329133474368	0.34868128701110523	-0.504362711145178	0.16148950698693512	-0.16798406125747664	-0.5037577077444569	0.26910903842553063	0.4468183920874361	-0.5096909654571463	0.4652536675714388	-0.39895960276646114	-0.04554655871211888	-0.4564151523552501	-0.11311390177115821	-0.3156746737222533	-0.07346301644115055	-0.6447354862347847	-0.21857466050065646	0.0476269767737035	0.2505536008147352	-0.10298572116258681	0.08092676920349967	0.16335461534127874	0.11109087931605668	-0.2846591002084521	0.37937798954373986	-0.07846509777865214	-0.11539556370406429	-0.05842212717834305	0.06330880030311722	0.21330930785192995	-0.07536675874966955	-0.07727452667649196	-0.06635903007714725	0.3974477979562172	-0.07709590537734183	-0.035184137786912595	0.15876347259951828	0.04375149093265803	0.006527144010909236	0.31909248381888594	0.27140894846886393	-0.21658808004780195	-0.23739433430707738	0.2578450187287508	-0.03744832909089151	0.07431152471737991	-0.095786912004791	-0.19346276153612416	0.30124943720498776	-0.1996677293477397	0.08047898690158518	-0.18788853317451182	0.20465037181853424	-0.0720091032290911	0.47245743707037013	-0.19867894189042312	-0.44635955945472455	-0.002147349233564686	0.05888417620225223	0.3498152023455817	-0.1929530515539091	0.16862205380255982	0.3811184362629338	-0.19520714088413124	0.11501626531525407	0.23386429469390907	-0.23449442722840108	-0.2110512728025971	-0.028376169771677465	0.19243155020901062
DTXSID4033390	-2.2983845729156327	-1.680762675272637	1.6553595220349366	-1.0016464985323656	-0.7345018133290135	-0.1724345736230219	1.3768728410889823	-0.11932297205259704	1.568234728214397	-0.5168467354609231	1.3905131974954683	0.42288322186907285	1.666545809974397	-0.3970222770840151	-0.08113072091815142	-0.30531398782022307	1.606124107734883	-0.7593401094474217	1.373813707918317	0.05921021836905647	-0.013467275818884034	0.6353069847746747	0.5987644857814225	-0.7880357427190653	1.2326854030658392	0.20982346726010512	-0.11836343377968059	0.08082305479225513	-0.4482438526446664	0.33683053401908786	0.28512811091755025	-0.03389153974153415	0.2298818009609279	-0.6726818958426822	0.15485866149929534	0.8010106964662748	0.1813543816879687	-0.011203763424402893	-0.7910303944775564	-0.3842784562558081	0.44639035544047795	-0.04102004232426167	-0.41593038578989827	0.793125932305725	-0.27638987514687374	-0.3930359811021678	-0.04453282614952046	-0.9324099161755318	-0.6395357685930907	-0.15579100655172184	-0.4680317561957061	-0.8088145046461602	-0.46305237740070676	-0.5406396110248437	-0.05911575354908214	-0.6476253753530592	0.15312343918379875	-0.05247294068004808	-0.8757590116719554	0.06503970821845032	0.12314472281353339	-1.091676689796845	0.1406957084463624	0.5258821039576678	0.07151624130317942	0.580388621709423	-0.013124496212804334	0.036871626990999	-0.32959303995017636	-0.21714183234661907	0.5439630707743344	0.6769398043709766	0.4642259837857475	0.22478248600569772	-0.5006331798233653	-0.22763328607816696	0.1654908133081026	-0.47105214919079585	0.8210973606687465	0.5475215800575847	-0.471105036160906	-0.4508814687855876	0.5884909312677646	0.4920474985397489	-0.06388757799369986	-0.42263982895514796	0.6385702870872391	0.04117370552412871	0.8650476786751065	-0.8312825062249484	-0.443765755756039	-0.8283856038947672	-0.5583663479378635	-0.07752974588372603	-0.5770203819485119	0.5062641603180575	-0.1663329788508797	0.42247175388410296	0.1034640178565145	-0.05072636150122064
DTXSID0046989	-1.8635549453631386	-1.5090234164651346	0.2531021013718992	2.2130102380572994	-1.1839777912583043	-1.9755538347339734	0.37975420238368707	2.7501352293390675	-0.48347944025257605	-5.529704695530579	-2.614165830644152	-1.4764689596680731	1.5428221393035833	4.189850798659227	3.113482389396674	-1.7590507464009009	-1.1086390597490854	4.400853818705528	5.671911432322708	0.005843394839585939	-5.846814619029279	-6.026781561046507	6.716600867408873	3.377358924686442	5.33343728759082	-1.3809982982382756	-1.2249671615197022	0.7584462832140055	-1.0565096701303085	0.7599331656567093	-0.3175071130385251	-0.7098738577585214	-0.7720723991537494	-0.4361504704509676	-1.0044802576336203	0.08319457196357313	-0.2587482700683083	2.4222567982595216	-0.20990970828637404	0.875768583867416	0.8979584859307799	1.4873742351369175	-0.9656861503515571	-0.5574115272511755	-0.6464842747515476	-0.8726161512157065	-1.1369509224952137	0.8696248179769049	0.6304122257806423	0.5308131453344259	-0.8310550349011712	0.39559293063499024	-0.6754037407942752	-0.5091485517740714	0.4936154400025446	0.23068474036081782	0.07288000394863192	-1.0913077393108772	-0.511736371965118	0.07256593582565618	0.2566103143088088	-1.9044775191962244	1.2160950534696822	-0.19356777327971983	-0.8027849833563447	0.542920588847974	-0.06666108691975012	0.08020124356435865	-0.14941008976604914	-0.12366756709645703	0.26418132006953166	-0.6666006618009089	-0.4944604090584169	1.1734031586333962	0.3479945689084438	0.16773949950311826	-0.24671940935118347	0.15672297050917103	0.4737511178909935	0.1568395342537177	-0.3771332297761795	0.23449839666095096	-0.7139130785625954	-0.5879297398765931	0.5301273421207171	-0.04079092932962679	0.17163784675559685	0.48735535448155515	0.43375341996545796	-0.5936313325389269	0.023654577148150994	0.47998982395605444	0.38002733736861233	-0.31998274601687254	-1.0155598713568346	-0.43154444965789	-0.3864612354565505	0.16584148258144976	-0.2414824094846588	0.5499837967756585
DTXSID4025242	-3.7897439652018905	4.704953112817077	-2.0802928698372902	-2.323865778492498	2.148170751170598	-0.0442400110947585	3.6053505685439466	-1.1426215080531301	0.22462079458547116	-0.3625827258323794	-1.3272302690549969	1.5303974248684191	-0.6129697471749345	-0.4197010507155635	-0.889893332521665	2.488991344390651	0.19266837675251552	-1.3287125224610827	2.9809259438851887	2.9530225241688037	-2.017961135967746	3.568503670343225	1.0151399101072844	-1.5419757977220496	0.1240777824763608	0.558027526377116	-3.2321909934235267	-2.033507033687797	1.0333660873987507	0.9231907084582792	-0.10018983602179066	-1.5632196606580646	-0.7291172283103248	0.8812488604962307	-1.0461254191816294	-2.3420800381346703	0.27801745004674383	-3.6054431494509442	-4.395271467772854	8.747864199757116	2.88888004632752	3.2238697990949303	2.127490425764271	-1.7576885013234564	1.6659643415139107	-5.200164661500526	6.445965215996297	1.5324306073862706	6.020929490886629	0.31754224578499973	2.9132256316555813	-0.8204391022254718	-3.4817623119927927	-0.13665769313317347	-2.117870934112179	-0.5602247010731003	-0.40522337163343103	-0.22629896434884778	1.9160674499176191	-1.5178211047839307	-1.1224313164960442	0.2768231568281341	1.1763221202419432	0.5607810812266201	1.3712939690534227	1.3350865477814762	-0.31650303399738067	1.0649768668427155	-0.30654461917423137	1.4259979267629872	-0.8830516446302724	-1.6551688424551756	-0.35915596785485804	-1.4908089165215224	0.35059541010836476	-0.5329446261784583	0.32564275681906885	-0.4118659977130277	0.703105529039706	0.7538240678473738	0.6422068030184062	-1.0022583841644837	0.3560667747357049	0.17032954379361756	0.8159178940207528	0.7660696933834862	0.42506503768428955	-0.12865873742485473	-0.5290464720207945	0.3221229248632204	-0.1599597890399595	-0.24808437409079143	-0.4439329862903324	-0.20202625928915507	-0.5437894684615967	0.44491702336567807	-0.7186090337985802	-0.8714299998355605	-0.7046910212988006	-0.21014430190964759
DTXSID8021856	-6.11442146375722	1.5722687598507536	1.011213060389289	0.07223895033337725	0.6443647214850478	2.168619272114565	-0.3567915563224267	1.6075842273604308	0.5549672714559267	-0.27182681838981376	-0.9621052580291884	1.470899425313556	-0.03517942556735863	0.6109225430742259	-0.5292245789299629	-0.3774614124889231	-0.7178859461697169	0.6318506424693047	0.8408471250810731	0.031942160908115906	-0.45009812810379946	0.6680305673154954	-0.3467006649724056	0.2753958937403623	0.12231949343847372	-0.23667679681424666	-0.02330525070964197	-0.09205099250404944	-0.19795454771970739	0.2872606210435326	-0.4188261467563905	-0.6169647583461179	-0.020403518068610002	-0.40770636101556845	-0.32941121467929924	0.019213152011285813	-0.4754079786684174	0.04653961460098933	-0.1721143098708699	0.4982528425899838	-0.22200846433040664	-0.7036234256140099	-0.2598848659231869	0.7769215428758358	0.17593418897446966	-0.08336331466638165	-0.04043082082363777	-0.2266561479155456	0.3273032963548828	-0.1820847833298359	0.07925133439476892	0.026130737386791926	0.40198641832929993	0.47324110584893436	0.19957452595038777	0.31026382670864794	-0.6030620347570878	-0.01090927149212329	0.0005429999699431198	0.15066478631317146	-0.28474644795957726	0.7341513131857653	0.32106705989568207	0.07617774661543358	-0.32521306290151164	-0.3007691805567184	0.05822044536916115	-0.07694373016057166	-0.23996231400470852	-0.12792361441749386	0.2814890875045708	0.06286585073994995	-0.00024094684365041268	0.3570161996244787	-0.06480471556014342	0.02452184713251032	-0.10191803565632328	-0.12854659908454577	-0.050610501714581896	0.048633830827487394	0.2664215666795553	-0.29155163927231476	0.22486249935167543	-0.027244451957058918	0.0596847816155972	0.22453737470648172	-0.07793090134841446	0.037729807069078546	0.07154897969392536	-0.06258842033938224	-0.11733289452244926	0.04933171591181447	-0.2993792319843811	0.20450851224507985	-0.02986673326424741	0.1615981475155919	-0.18460475786471203	0.09073586256700919	0.18285241030465127	-0.07483360113899407
DTXSID6041185	-5.7636201008778265	-0.37337241203233384	-0.9067562447753632	-1.9875205184900595	-2.629798601587728	-2.53753137942745	-0.8120202658194701	-1.1445770369875126	-0.6725577441702786	1.5085382253573678	-0.5551217746884033	0.9696091800781977	0.2078434349560274	2.360160205704242	2.761362503642627	1.3401841798401777	-1.5273631030804076	0.4546137485134819	-0.22108400418220822	-1.9404629407530747	1.075353831213518	1.8915916952744538	1.6589932532347054	-1.4331333744763042	-0.8590802896731828	-0.8161199462895032	0.2927582467802724	1.3347401449496625	0.3290483532421953	0.507927787607632	-0.03358696100423813	0.10194779599567164	0.25379395574910496	0.6931739760248975	0.3135799777513032	0.6150553026609957	-1.1441961042496667	0.1825875706463313	-0.3957899676763128	-0.34534938127714954	0.1621549005501549	-0.49398119159188747	-0.08584102369600125	-0.4500362096366359	0.7148441563694321	0.4383160099239946	0.2296932168679197	-0.9760036902582734	-0.19061604062660456	-0.39676629311180583	0.3724910106134809	-0.9970102985571445	-0.11574662707658895	0.5842023854650388	-1.1974187738193203	-0.05956545339571833	-0.06006488701262278	-0.25603604680337366	0.26095566445276225	0.3765997753290378	-0.1260038058529602	0.5415266658442855	-0.024020644488360037	0.0652091099311725	-0.41715854798987023	0.02414866137207304	0.08278778120519378	-0.6638407346137469	-0.17882870473305706	0.5645138342302158	-0.34857099080999965	-0.13157730269125684	0.06543857475560985	0.4971518269991877	0.3707707595736641	-0.11011616146357685	0.2574315031112781	0.31062078349378486	0.03798911118121649	0.39434016255912924	-0.04681303051362872	-0.2771182555407425	-0.11885223623898004	-0.06056649110262931	0.23079717094031701	0.054952332024558334	0.12846861046481028	0.17445797462193166	-0.02387729782657662	-0.1927348062107378	0.2796367012049745	0.07886248149892221	0.014631559673063805	0.20473178058564026	-0.25604809429213937	-0.06910994910665068	0.3193795560177156	-0.02510735327662321	-0.13174070579826777	0.1643270557770112
DTXSID9044825	-5.816070950721076	1.6487620417995392	1.7052657015710004	1.083124642299142	0.3998151779451296	-0.7769747589092062	1.0125655709575456	-1.20584574179076	-0.5727868470823386	-0.2742876899248147	0.4406074044368601	0.17400536351833235	-0.07121269047833358	-0.46431704799188506	0.3128176032984359	-0.43346746830903826	-0.5750232390288754	0.2675082697850189	-0.009562687905718459	-0.08585266732010334	-0.6976693642313196	0.08802513422240799	-0.42503931532368305	0.4870712830490569	-0.8228230244096506	0.4348902046507833	0.6296711733983067	-0.28310258878965433	0.08447382216529127	0.20509497619502745	-0.014667599830517313	0.14664305419681267	-0.14767486369905508	-0.014449166306137616	0.41114373684336275	-0.15736961224752072	0.15615720035124897	0.10166951327043934	0.0165287910424533	-0.24333895213803136	-0.017397843781404857	-0.21281593584504752	0.19704787385605824	-0.10622406341722124	0.40311213781157806	-0.224048732513245	0.19337700916487077	0.29720467920407	0.14914349162555457	-0.1736579544397539	-0.16913360325623494	-0.5059928424532089	0.1888934404465504	-0.5686626115945793	-0.20590346862947775	-0.03224644785783773	-0.18586898027498142	-0.4339243969903911	-0.6518622727130888	-0.2193553100426888	-0.2403345289069574	0.14576186600311802	-0.1211471235084926	0.3648667849448238	-0.426814293602552	-0.08588052601777402	-0.40712370351654226	0.12314712493840985	0.2177595979696881	-0.05260162953501365	0.11694815491591053	-0.1848098011996417	0.2849576791070239	0.3699407173414818	-0.010194947108491635	-0.18884490621437344	0.22687083889151205	0.39662663920992197	-0.5486444262806612	-0.15650487863024848	-0.1235669234772477	-0.020060307414717607	0.34975469446114815	-0.02453366696573599	0.0276913456504923	0.08392419726352023	-0.06750616313344497	0.14725049534201815	-0.09285884928994693	0.04282889892983085	-0.007991277084449341	-0.08685193224289511	-0.10236210047690301	-0.10381228739566445	0.09339605413058413	-0.05318252581013716	0.07857858438996974	0.09292584436829826	0.11059689429864451	-0.02860267013885693
DTXSID6025272	-4.7637946886896	-0.3863337815309528	-0.9421787956822976	1.8426996335383572	-0.9291950326921504	2.0579702349352385	-0.2672106736132042	0.381901247678434	1.4422212201071254	0.131405993061008	2.2546054351703004	1.370911164713421	1.0679522138872484	1.92150669418094	-0.6833996907151643	0.17105984009043484	-0.37217052851912596	1.0002830707808779	1.15066671510518	0.3535338993859895	-0.12591144807809784	1.3227080847649337	0.7154337556573954	0.3311429741617501	0.34826513834108014	-0.06714563118179512	-0.4294061480110494	0.431391063993788	-0.14618205809262755	0.47257704940606526	-0.8203578442783502	-0.28742297544195033	-0.17999828051057057	0.2870776957950222	-0.45605625289251994	-0.43410353979332966	0.9224304353905453	0.2034190036044749	0.24691663716403914	-0.5867789191416557	0.09389665867504662	-0.38193994721363916	0.03765421619665505	-0.030120738741302725	0.3385333927138049	-0.14861564528120827	0.2188605136685616	0.8082603896911632	0.38032953661286345	0.46214167832904846	-0.7648626101736458	0.221188106740263	0.9052050995932859	-0.6058319854367572	-0.11469602085996237	0.9637214002161294	-0.8674464746346646	-0.16578623033866208	0.6775658008993708	0.7996666529751192	-0.39047509172191847	0.22834330861348656	0.4684061825767976	-0.43269178117547846	-1.1683681819564533	-0.924127489053193	-1.0093810730484571	0.2271011111004264	-0.4933752356442306	0.6790720224868491	-0.49511319330421205	-0.09432954857819771	-0.2584702254828349	0.5707720892878155	-0.3677641350250358	-0.7088281261811441	-0.5247826989266546	0.03797274802870885	0.4276840281930817	0.3256193750315221	-0.29779345263254864	0.14252128267865105	0.35821486029998434	-0.04467840001285993	-0.4415779576668858	-0.3069393282417758	-0.017663239361800864	-0.08461406499196789	0.4487822363573351	0.058949824629091985	0.4325707864519136	0.2871603941147019	0.009349549011321203	-0.25616745269803015	0.10160894925060847	-0.43702405710727804	-0.24522340840159218	-0.463804396241971	0.03381801672021438	0.3439593448285082
DTXSID4051586	1.0028976420812015	8.160686240386822	0.6763946341075068	-2.521031264901578	-1.413786257251057	-0.12774261520990796	1.8074641418426247	0.7242036343315187	-0.1026444359964883	0.4911271506402969	-0.4206556793974685	0.3567216117684678	-0.5351930368079583	-0.2312517440538128	0.07929331861257234	0.7467631936093564	-1.1427605367475764	-2.3384161660704104	3.12671460982557	3.69510248129359	-1.9283448599741133	3.00128256516705	1.3018664544157426	-1.1603531074070792	-1.51798542773497	1.0412158595645016	-1.8795959990886173	-2.480999375010286	1.875968974918958	0.8545491474693926	-0.19724020944940374	-1.0468866948550706	-1.015479104290131	0.9810727213433804	-1.0707653861137831	-3.0393843224405854	0.24268799249770825	-4.177372230578192	-4.020371089042587	8.359279220522575	3.2422941425210796	3.615318527092614	2.4331871975541515	-1.5080745414564691	2.3243564059179618	-5.207209322338805	5.968076025966544	1.64220533873374	6.007049360576471	2.122325042209122	2.7131930354331444	-1.127302711673103	-3.80782132158254	-0.7321622034664057	-1.3361924756285082	-1.1992332727870259	-0.09189447606569479	-1.1861425491285225	1.8598846009112695	-1.2877416349568174	-1.0652983269408625	0.45702011013173605	-0.02218180401726062	0.27588124850649887	0.36785296344273316	1.2195887841532	-0.3732813510729363	1.3332356669428218	-0.521838054660785	1.914968917636244	-1.7810765748621502	-0.7836996501963178	0.10422609695054016	-0.8666333574555353	0.8134767130704923	-0.8152375585458781	0.37831101117214094	0.24842883391519832	0.8116990645131908	0.20616460685254925	0.516072853796193	-1.013891350595218	0.38203995822160386	0.5003398093381783	0.034518222276798516	0.75681433055162	0.9746454713602917	-0.46881279854232305	-0.32336195298316645	0.40557607989952427	-0.42808933923381354	-0.1935957697940182	-0.636973360317428	-0.26716231127255596	-0.6094019917574652	0.3907092789642974	-0.36597319799738637	-0.8958788393676241	-0.7292487317560415	-0.21725599548889765
DTXSID5032600	0.5259223750671314	-1.192110941962306	-2.112804173691729	1.7529276062094132	-1.2823449327701932	0.28889477170075667	-1.8102636812880875	-0.8616598346550057	-2.116730428744233	-2.1348890376104572	-1.3119809896520875	-3.227101083382736	0.3156495220363314	5.199034358866931	-0.7591476815029791	-1.0358624554109073	0.3457165314133951	0.7192262794932317	2.287160822806426	0.29466725581413017	1.7169435153934596	-0.6997534270510385	1.0958856637725378	-0.8754850574968795	-1.8080289241609653	-0.08469965807863788	0.41002261279537244	1.1718603861739563	-0.150399569441766	-0.047906909418270666	0.6578092934358314	-1.0921420452937516	-0.5595734789013812	0.021996274743082366	-0.7690879450826713	0.19491797444978973	0.10068981661198498	0.9160438016522918	0.3748273062004622	0.4439974642799407	0.2572306046190674	0.5616298324888447	-0.596820060283465	-0.6243285151670261	0.09875222547276939	-0.8419753835311257	-0.21976010438478227	-1.4676438293697522	0.9025129626373436	0.08333854999758233	-1.7574645754478448	-0.4007729904780128	-0.45093749903648883	0.7246616917746874	-0.4288236179731503	0.9040665090435603	-0.16713154064753924	0.575387485555711	-0.4962415076427939	-0.44177200247682985	-0.1821019515263485	-1.0835981199012037	0.04412974073571956	0.1978145523328114	-0.20038350218494536	0.8143885366177271	0.06211752081888685	-0.2195708410708066	0.42777228220339575	0.17973757505399354	0.27152658390846074	0.6986897064286981	-0.9246874481478002	0.0346603346612573	0.6928428597153146	0.1859959545855785	0.14012232652175163	0.9387009224101739	0.07050700902797108	-0.1744022875284055	-0.04051683824730438	-0.43402584602489697	0.6511766436323848	-0.004106307581645476	-0.06529916472024494	0.5344172447318494	-0.6024934005610214	-0.46731863887173175	-0.2715612221599817	0.56038427067529	-0.054366016883612735	0.09233989507679928	0.13727750001252267	0.054066381580153706	-0.3334873573929036	0.569704737266711	-0.4709075255960627	-0.2255077475155409	-0.19244906942815052	0.08618057240495616
DTXSID2027620	-3.9451705063931555	-1.428241095872355	-1.6711746761990653	3.2396467751380214	-1.4937409216087345	3.39251479062674	0.06884696747224116	2.919467043747265	0.6741015185127335	-0.24667363154861163	2.1961499743159587	0.8794704860136712	0.04282648822056154	1.2280981181452353	-0.04942727658830469	0.14501546238574387	1.0415081808632582	-0.1288934969940978	1.0491115237684805	-0.8737224741731989	0.6107945748190265	-0.05352202049189893	0.7459265232821847	-0.0642832261980084	0.00765108386924575	-0.16383845471705036	0.75169146899059	0.9920970210871359	-0.6008276731149632	1.1299423572416787	-0.13172450585835016	-0.5392669985298603	0.240365736519448	-0.35886744325090025	-0.05340368326607638	-0.31713080140357475	0.4520140965977408	-0.7766949107308864	0.4489151279005749	0.12522012815994574	-0.10093259463038956	-0.38212409972336886	0.0430185463807631	0.9958409163142984	-0.01969589718621807	-0.7797784468962109	0.05785252666095802	-0.6690113139420001	0.7127120162918963	-0.34445160108287504	-0.8360373408048767	-0.37762615051687204	-0.13398321581643813	-0.08536297660258385	-0.7934644970567654	-0.0934569145936741	-0.9223610733194912	0.26589271053276936	0.44322669595289066	-0.3021185658428959	-0.593887389038447	-0.022330260202388888	0.1746636777129056	0.7240827178869058	-0.41491411357197555	-0.3935943866723499	-0.3635674396033332	0.31473909656603044	0.3451098755108002	0.48574330029171925	0.5030207652282661	0.2574034848542393	-0.02351260434087003	0.2362606150045028	-0.0462089145433511	-0.5262279465309487	0.007759245286018637	0.533867004992342	-0.419194261081623	-0.37897617877439216	-0.05504792103691794	-0.2865275543245033	-0.08895587090841936	0.10700790921371324	0.0027733492459995268	-0.025761944824852303	-0.3151475591218915	-0.4830100051834961	0.2749651815450831	0.20930667578879933	0.20536317571626883	0.20782479304412696	0.070502134753995	-0.04211323984746291	0.08188644771239338	0.0034400861240696905	-0.13752218947719796	0.01661440852495489	0.16554606742728725	-0.08555031279953407
DTXSID0046800	14.6645439289524	-6.976004787172447	-8.129973698641521	2.2894194885265002	-2.0664886403124396	-0.8816858288430367	4.135869892622473	6.417303109541033	-0.8317807843886376	-4.697843228193626	-2.986695081505068	-5.236627274355863	0.657492152287084	5.124121314193979	-1.873598377858325	-1.186099469212647	-2.8295145399807713	-2.811236050913407	-0.19655967838103755	-2.405801991819039	0.08699263727295145	-2.107763982502674	-3.3538761485872146	-2.5442271959030696	5.453509383939675	1.2853965477212952	-6.615479843222055	-2.427968909036104	4.972201138363931	-2.217402264516868	2.8227923186618855	-1.6760084546053975	-0.9843710050246036	0.511102900894005	-4.947729047156216	0.12037226118599646	0.3532192730755607	-4.125014776565133	2.4593943853405253	-0.4920462974430317	-2.7249041824283835	1.183583992662834	3.469796696795133	0.5895726726737663	-3.8427347099588363	-1.2970190805594615	2.356078054240474	1.012141851369423	-1.0827290622018093	1.4306584312354476	-1.3272544064799272	-1.2146101040873971	1.3459335577050147	0.17004471813861427	0.6977640522075632	2.543532016027379	1.3115284695503793	-0.7238587957126923	-0.21091733054643014	3.405614923542953	-1.4291990975988562	-0.02012799786235992	-1.4314464827135274	-0.9601801040579867	-0.7852354457511568	-0.9687195776914518	-0.5582865463230039	-1.6115506714208467	-1.171085555090207	-2.2697109108719746	2.5083503416959236	0.7030630074036375	-1.135862873772143	-0.09154295319196208	-1.9075775687598662	0.917940416216502	-0.09590862055000553	2.0005055154967875	0.6795513329100383	-1.5132557649764355	-0.9891897458390265	0.8515118652533803	-0.7133102881429968	-0.688535470694821	-0.4351159313570858	-0.20742773163778455	1.645143528883883	0.030336431845494453	-0.15003694527809308	0.5069579029836687	1.190369525429293	-0.49902720936640277	-0.7848113249412191	0.5516313638419179	-0.5172174862267179	-0.35310134738160803	-0.23915611927762628	0.4228040085368457	0.9589788487100994	-1.763034122865539
DTXSID6024175	1.7885173867785715	-1.1128934163598645	-2.482869632830051	0.8445678834165155	0.037355573413794085	3.7126945535295026	1.2779233110496449	-1.513761656469693	2.945128615607424	-0.6482257917798633	3.135070467739022	1.0216384424754221	0.7363844863649154	0.845177174083493	0.23207600527248104	-1.0876885640063896	1.0319906663535263	0.5527528590828047	-0.6996994645454998	-0.8578341546318199	-0.12560275105515628	-0.6186362328180729	0.6401454343102627	-0.45921287650270987	0.0635663932989778	0.0001010105788305102	-0.7117505667954948	-1.1847547104831693	-0.17787298619666145	-2.598457689301577	0.7419588582922969	0.533030815617947	-1.0343024015547886	-0.7329403966371895	-0.1243350157344409	-0.012831874461094742	-0.7751485773693815	0.289400182038421	-1.7826997526169448	0.4866594253868265	0.42242388324920127	-0.756044124017745	-0.4731359762122209	1.6480311104723484	0.7740797800123694	0.1411499594716816	-0.715110147796909	-1.384624506682266	-0.1983752887584681	1.305867390569022	-0.1304564986175906	0.49659228627991886	-0.36858009519700957	0.7606625509266642	0.9828129288987368	-0.5593550465605388	0.21749979620412563	1.307072765363114	1.1281048088719452	-0.22927160117310577	-1.0279934392224912	-1.041235083101804	0.9759925825399347	0.9230531162056034	0.36852180455350686	-0.7923728884724879	0.20447233812905075	1.378108376553741	-0.10407248428108573	0.4405592026609009	0.44835723093900165	-0.3739031621221049	0.34881179757950276	0.5911346934413888	-0.49268388339056074	-0.1565627920278847	0.014293053586442166	0.9094720258778493	0.5408568672999597	0.25381690293736636	0.26126831768817227	0.5121681235805258	-0.872762686155283	-0.6473927338497217	-0.48412595993370605	0.4318032056312704	-0.5300901066266163	-0.16205255536966284	-0.21352038031161139	0.054137119036779785	-0.2802361223580096	0.5368115158173573	-0.4697786005164766	0.23174924517566678	0.05692021000315177	-0.17858386757032152	0.18434054173848882	0.41774848221833716	-0.1918568957335686	0.016840931494335503
DTXSID2022915	14.45240572678062	0.44934959535779767	-3.2708380892944806	12.423127973606633	2.1125664931220562	-0.9722928552444103	-2.525819931032783	11.442594088128741	-1.2123280296394616	0.3660563979554269	-1.073816630582963	5.144264184550586	-1.4982811137584813	3.2539813533337654	-4.297431706932389	5.33709429636136	-0.5621164217134468	-3.4758304786737315	0.12602137971210117	-1.1186964961702575	-5.977253080265899	6.792718767188166	3.2920856675784873	1.5497923278859032	-0.9350731662947259	0.8475547932529165	-4.787268937204933	-6.096176471929235	-1.5178500055487265	0.5471429572009152	-0.448228083020651	-3.4281563176667493	1.0630623654316893	-1.2423113533089318	1.2064698436088164	0.7011913575257662	-0.009259680934212177	-0.21988202051520084	1.0062522353452479	-1.2826648947995185	0.2518066623160386	0.7097478748777272	0.8815691408582769	-0.4629771320804841	-0.8307295396906736	0.6126268894895657	-4.429515529726431	3.478440055895417	3.0446900593611423	0.21402476814653676	-1.8364197886223235	1.0134928330946735	-0.04090213004916105	-1.7769469954055148	-0.040329275897412475	-2.078389899429369	-2.441953928905314	-1.9493939212645914	0.3148823438498851	1.2113127575664882	-2.0709451090404642	-0.04123733414630876	-1.1897109415188636	-2.273959302501438	-0.5125949638301107	1.500433161421098	3.497574682877489	-1.2336667924179756	0.8778019144907581	-0.4815055189500773	0.06230206607725519	-0.8880749703590546	1.113549038357067	-0.23203142893488282	-3.8960717434006273	-1.0189096252315912	-1.8203452367438195	-0.0665155391238681	-0.21896821491689614	0.7924137051276294	-1.1302763152291435	-2.8089657517539353	-3.961709418217228	-0.2444983674051864	-0.19887378909828266	-3.141825171297688	-2.4720629979055873	3.2303970313580868	-0.378828735926459	-0.554887346290124	1.5469451971932642	0.485779302384347	-1.3132314154766271	0.595234724663904	-1.3322410475320534	1.0992818465289629	-0.37304838268849483	2.310476204940635	-1.7737392500752593	0.6996499897219716
DTXSID6024048	3.5602932513701235	-4.14000864879916	2.1867810483571373	-2.1799224881035584	0.6662379696567994	-1.3900905337517324	0.9430798010077522	1.2206769243304452	1.6502601493362443	-2.078250702947057	-1.319478449851727	0.276083959652347	2.3962846788499137	-2.318873893189069	-0.8559821125865439	-0.8362671938842766	-0.7328146209934494	-2.388356990702001	-1.5564392617980618	1.8909258499806518	0.42345358493926494	-0.8368812647469701	0.5557595541479626	-2.2957973200544872	1.1884347116723348	-1.228343721882217	1.2764848827333777	-0.5582379056726458	-1.4033510910103464	0.5272256496185144	0.09541507486734202	0.08357908175476926	0.6822893843557281	0.2678824878379171	-1.2334898734982827	0.3398940349866352	0.56214199195457	-0.5323585312067854	1.1094355855382112	-0.40868234830665384	-0.6682640229319685	0.2639793900259001	0.016114899145737226	0.23405254197187608	-0.8034027846511866	-0.09077203055477746	-0.30056000377049125	0.38009673412387646	0.7083332640472217	-0.20944190845092753	0.2569897150498821	0.9483999144441855	-0.09635555223515861	-0.7210406702936857	0.13561215711051047	-1.2774715914318946	-0.6943762178528129	-0.3182363810762933	0.7885310043051119	-0.24796074510263874	1.1568237636963385	0.2860418490489294	-0.33345287597015466	0.4189812789635703	-1.1202704286301621	0.03772439664538882	-0.23243965341131836	-0.06120230666778803	1.0353555328646993	-1.0014097613302881	-0.529316751716809	-0.7985036100512398	-0.3884235808840036	1.7495417890864293	0.427886535786568	0.4066674650945799	-0.6199216121317735	0.4319988245023434	-0.5258806373094169	1.4876288469237466	-1.2396445385490122	-0.893764771976137	0.40209381292478996	-0.5982712527306946	1.3464620359749877	-0.040585958880306666	0.10527863397277047	0.10109286953496913	2.2182842567734937	0.9571081892246182	-0.5115238881063674	0.006665281192351269	-0.8474001112819547	0.7003456663607049	0.4025482792250143	1.9373861908749805	-1.041293913742581	1.6651219107314188	-0.21180524960027478	0.38049195669455105
DTXSID0026204	-4.769242740787663	-1.5960346788844437	-2.3142947316884874	-0.17138974814330193	-2.0810532013688254	-1.589703465261198	-1.7935709810756748	-1.4427390470461254	2.0711241493597776	3.843332782147102	-3.684001563399754	-2.668243089333572	-0.37409808285420204	0.9902843424376832	0.5872996141870268	0.9175237171342719	1.4748626051938654	1.215815285602801	-0.39241473220601625	1.433653487107626	0.25554460963637965	0.3183818664742987	-0.1931689986326788	0.4310054017892152	-1.320689688568811	0.672979244977727	0.2492832135372486	-0.10023482488833477	0.17025779106837655	-0.7887408753116659	0.4207220686484034	0.5514156004191679	-0.27544480711304387	0.0633087363770559	0.0742905433195466	-0.019597365571285105	-0.6649367539001774	-0.6105056120828528	0.48564490568201246	-0.06899681521852086	0.5093491193631278	0.08548674316783458	-0.13009330298655233	-0.1724918059078873	0.28615249313029467	-0.035602656776146366	0.1290023422929742	0.14878615687726224	0.021450262885675996	0.09245577274742423	-0.5869583105209092	0.7241413684680831	-0.2520084004111978	0.945811222920396	0.2082373037569968	-0.5072067570821974	0.6355137751670915	-0.3081666382459137	-0.6053923443844237	-0.1747125523503138	0.3511995047110523	-0.9028883622544198	-0.1445347907445162	-1.2465273675687452	0.7985200553427673	0.28269606409466147	0.012645364646441497	-0.31286663572596146	0.30159031411865844	-0.7170401864074369	0.3751009114397661	-0.34220799336460445	-0.5549289778155715	0.3780957984414411	-0.0513376672849005	0.7952704359853736	0.05752323203987934	-0.28905858314427996	-0.6778624839305796	0.10175465617829725	0.4546724881767501	-0.04264384554721169	-0.38104139385894403	-0.24243572210189043	-0.29637879078947754	0.1776656976342916	-0.49578152496418487	-0.3105981248582777	-0.3357014489845211	-0.23580943587068137	-0.23437855720201206	-0.4000475110003543	-0.07324503358057433	-0.1324143192801424	0.1285487973939825	-0.5325674277354829	0.8280322414703528	-0.34881462230198196	0.14454775159572958	-1.2799099585613003
DTXSID3047631	-7.7737373502958675	3.2304381778307816	-1.5802888382332532	1.6277257761020572	0.2127100492942764	-0.7463707913880033	0.547459589481247	-0.5636300998588031	0.14796251163816643	-0.35325702541296217	-0.3859543600260153	1.0860578135362435	2.162664420338468	0.4610774166889835	-0.009930283850433276	0.3893685515747703	0.08992303966266452	0.4920403046402593	0.9527064852746377	-0.6311281572737524	-0.45469073460939113	1.4968940455118394	-0.38703608538028783	0.6523770642410168	-0.1732484407977477	0.49429375179648116	-0.7412623551350558	-0.11982646872764809	-0.2608927632926091	1.6346540995817866	1.2044857272366931	0.8670179711374771	-0.11432216775452221	-0.7324613537719152	0.16281171448700985	0.11706486802648418	0.0542325862009141	0.39919304794158395	-0.21439681488297668	-1.1112610412556065	0.4162417355344725	-0.25841790125138797	-0.4618576600498349	0.10107420517448615	0.3082924483174518	0.20868126944027496	0.0715834745059343	0.6800027665233185	0.2033110654699744	0.002325458572200007	-0.1169482946406004	-1.3432341238939565	-0.3459001526482185	-0.8598884614133013	-0.0539039558883864	-1.513547281074609	-0.8378478121362708	0.8545101672529745	0.4133854912213785	1.052146656038212	1.0574358095189298	-0.6597914636298562	0.26766296749281737	-0.3350930852348101	0.05094796405855191	0.3730475502858725	0.6595413505746444	-0.0943670508597774	0.6223078119064043	0.48386954380579683	0.01933515148098695	-0.05497062351055554	0.015198761056940882	-0.3972743736584161	-0.25512596470177035	0.33682234721508636	0.6017756589830933	-0.6360960007914256	-0.1597439586502836	-0.26630677122680313	-0.1456048795489629	-0.35451389877177253	0.048618203487418306	0.14128839639276145	-0.04992950965010496	-0.4538032332150096	-0.45281208159532055	0.07750036967839248	0.1567789425186728	-0.24029268278635546	0.33418455600575564	0.12452298170172134	0.10669477512869029	0.028674476488807343	0.30134930619279354	0.2295129902599623	-0.39851633040049284	0.19857060059546355	0.38550179558060943	0.09192898820290141
DTXSID0045624	1.8206800994802927	0.4544127630795752	-1.355490978495339	3.4613211127635237	0.5916486097390714	0.07558387033522933	6.425102368231082	3.4624933419941155	-1.1516062992139013	4.130518843049074	-2.5948808989569643	4.287525868142883	3.1305690536686352	-0.6894861032401409	-0.359137723663364	-0.275978933764658	-1.0982583923079356	0.18154354483129048	1.9529521559038332	-1.0378721614468611	0.18597885358510205	0.3837352645189856	0.13794173772009444	1.1438620650016968	-1.495939610107208	0.5908308424887784	-1.9270867663766673	-0.33824547012070977	-1.0064650453052093	0.9546923107685573	0.9159128611241949	0.32751012640486327	-1.6674193224130631	1.125023446887893	0.5717272413454795	0.7481098491801862	-0.389887870258398	2.1127744953855347	-0.7829525240667016	-0.4462515887885603	0.23529983389435918	-0.2719571293484221	-0.8732530995767334	-1.0656095651871258	0.9373319228346065	1.3029352054453323	-1.3240803443489364	0.7858020836821625	0.2909357105358545	0.5394062681797417	-0.6142273876105567	-1.398990391938593	-0.5003986843604377	-0.6513278770784168	0.05209482320552998	-0.14467969120685037	-0.43464536447428226	-0.069717188180236	0.8011060826134381	0.22617714650091011	-0.2760968806394226	-2.0116149731081623	1.7232780726805037	-1.1309464943578709	2.151266010510276	-1.9311917216241523	1.3896364273272055	-1.7316123066415199	0.6221847271361319	0.18386289683340498	-0.8362051411525226	-2.8058903325501654	0.28826304067451414	0.4484991980383828	-0.046578774945925626	-0.3920006099695074	-1.081218715754067	-0.013905078977431574	0.575337887057924	-0.47207992394712656	1.257711045359704	-2.397074260166805	1.7500433085498075	-4.155146437070241	-2.808550865049508	2.1640497536546106	-1.1866195817128626	-1.4385410070762223	0.1574056485430781	-0.2303681692779147	2.3846022085067773	-0.642365334411258	1.8011305293157966	0.4870846082651833	-0.013261238643939813	3.6631809601189547	-1.6112454182681153	-0.5483004131043876	0.4811324609105401	2.930341330315133
DTXSID0045466	13.660874315441779	-3.294605517824091	-6.082962463271642	1.9668098825158644	-1.2546875540606002	3.165775847006555	2.7928481084464387	0.11608092986685713	-1.0323103097619475	-0.9270445522662499	2.3823791659561797	-0.5989169180878542	0.28573280864465495	1.6895203551856655	-1.991279881441052	1.4231264624300368	-2.8894778283446834	-1.3434428639159466	-1.6052941166065795	0.8246816521413457	-1.507328089138642	0.007770426722150051	-0.4347871559420812	-0.32485858422227515	1.422209586529301	-0.1831016097761964	-3.04296003302654	-1.6606929578234328	0.3026050345231358	-0.5112733579420766	0.5963063499955762	-2.246031189470635	-1.1386148967825598	-0.3520754123571255	-0.9494604811224691	-0.9722265883942686	3.3568337058647546	-2.295158251787276	2.7431669747333465	-0.5217946522962692	-1.2906159583279007	1.1014231117724405	0.4516570136187111	0.2637692538413174	-1.2418673800829134	-2.052946465139224	0.7703942243401967	-0.7344362352368476	1.0924540972174686	1.6838405206827969	-0.637195362940543	3.397053147818364	-1.308323288739535	0.45030836764483223	-1.9614458199525042	0.21474137431083318	-1.6698392838676819	0.55292390627535	-0.5409215945107608	0.7087647462436063	-0.09634459758100697	1.058863492051258	-1.8245664118117455	-1.0994668385354405	-2.868394036781587	-0.17465723424590401	0.058422893762011464	-1.5012957038356498	0.6051967441485969	-2.779656973567589	1.8371889361201281	1.2606586104158808	-0.737570974087323	-0.20207937154275746	-0.9592070264277985	-2.9469455454906974	-1.1265048409911205	2.1615172915617236	-0.4000079470161811	0.5578993221464312	0.12944034050495973	0.40426009462266926	-2.9257712467776105	-1.9485017709303516	0.06909848258143285	-0.29681504329595715	0.2362218433788081	0.12056787825633725	-0.05755140057928019	-0.8683425273750761	0.33453223061901755	0.16864706810075974	-1.0754169967476022	0.02457950724656446	0.05723260103840888	0.07959816995685698	-0.09058402041863395	2.0459267403181918	-0.10391698616739027	-1.1117874882296033
DTXSID4047967	5.0150291230612725	-5.053014068482809	-5.952488194698435	-1.0972088567920935	-3.29026119135865	-2.2450372929454314	-4.123740784333127	-1.7153416681563867	0.9465603751216619	-9.094080340336516	-4.0915081699645155	4.947540176671285	-6.7085946948230655	-11.141335524139196	-3.4409757413166684	-8.643828374520401	-5.388805411789977	3.858051316705618	1.0501875939999714	2.2904266896475844	2.243068436748597	11.981169478481933	3.647863787392051	-3.2025695763548154	5.287696487083928	1.271715253260362	2.0980982909025196	-4.126219589248334	-5.506714736604319	-1.4417724778440335	3.933274687995766	10.042194758331455	-4.164682944439889	6.756458345244794	1.6350340264744612	0.517003426680074	-1.4395366633188882	6.5658436934711695	3.663154658292346	-0.7847120844403593	-7.17820418180603	8.534021678831301	6.194945548835662	5.110658629927549	-1.0089676147143214	-6.8910126214796215	-2.833363516921754	-1.0792312687167496	-2.0393164050376806	-2.9064320694183947	0.5995639707513074	0.15753124005064598	-1.093888883834465	1.5372489439303205	-0.9895765274258743	-2.042784428016094	1.7177120979653944	0.4992466432922788	-3.8008165089069195	-0.6736893448159869	4.106534508007026	5.528406690726142	2.498985463218074	1.1129647545614616	4.670813351775635	5.001060122003288	-1.3187053084491112	-0.85122538671606	4.454889146117128	0.7588000121522688	-5.000951426839493	-5.64568362616153	-10.965573037710888	6.557947372762669	-8.220338996253252	-3.522531746004939	3.368835412439354	4.841570986955459	3.7585387689817638	-1.6790137977495618	1.6127016831367653	1.9268156314093265	-0.19677150583494393	6.1168100173351725	-9.118468663854426	-7.174385580404864	-4.202019164985743	-7.722940174406467	-1.6207966749250429	-3.14484619638463	1.0174953452532138	-3.105430803174498	-1.1347821373613087	-4.019813090795846	1.7520173944652022	0.5024798595201024	-0.8236936333316071	-2.6909424512440423	0.3036682353539361	-1.4556514119254993
DTXSID1057822	-5.618428319177088	0.366058615149957	-0.8366794261324785	-1.787610806891131	-1.4883385112968504	-0.7791015120628828	-1.2145997166726332	-1.5624906849142164	-0.9342238141746528	0.9552097998796643	-0.6919166687709933	0.11150552781105522	0.9383735893260924	0.1635474811489486	0.692331141457553	-1.4573418255992547	-0.2736809378935253	-0.2660152117807755	0.7811629805164878	0.612320687063161	-0.23075216512113536	0.37890143373618557	-0.6061351767928115	0.744244397423925	-0.41083362193038264	0.5529517031345952	0.20530217585284413	-0.28421427331853866	-0.08757949522660682	1.03165525264654	0.37288508757440086	-0.19283502272413314	0.2638773941546439	-0.0152957082296754	-0.13173718289751302	-0.04468782701039472	0.16831723438667365	0.03276677969017698	0.033219278806715366	0.5279007276622116	-0.02439754261271142	-0.40446180512432867	-0.22450497441492212	0.4754405481491573	0.2396684344332957	-0.3179601482206427	0.07007163861188463	-0.7154214801792047	0.13903717600621832	-0.6419299543461053	-0.1774649424727559	-0.6865337768098377	0.6465518416744066	0.43727902683079584	0.4410747547698558	0.2524276659808543	-0.21525669955533785	-0.25833899790684933	-0.18382363141955785	0.3379219383544973	-0.2537253890398396	-0.24982261580672188	0.16328081205910408	0.51757764474692	0.9394178458066313	-0.6187169570062597	-1.285558898577287	-0.7064061732509572	0.8148939053664539	-0.5549699379142845	-0.5394493396901192	0.21834793680813347	-0.17676970797256217	0.41230773262523424	-0.7883337446628343	0.06783110856194129	-0.6177269126635363	0.017964828154293212	-0.10576215926222018	-0.1692046780284679	-0.8350363051875297	-0.3240950459751781	0.4056441730850686	-0.7879690983186355	-0.0910244101739136	-0.6292146777749181	-0.18604468209247735	0.49834985432785245	0.3315560495134411	0.07081959433850407	-0.037462688497482625	-0.14338884011942077	-0.014160739605070367	0.006457464648381919	0.21731058697987285	-0.18594078349054916	-0.173675616041975	0.18571571331894512	0.31864279857766975	-0.027429584400637412
DTXSID2020181	-9.05093695743296	1.6600662409626832	-4.186454316683191	1.2310184347404003	-0.4056885384056812	-0.9996917537091365	-0.5100447490034965	-0.8458818985840664	-0.5977070532348087	0.8587576392018591	0.03510094035277022	0.3047100955736629	2.3326237252893924	0.29832277189983164	0.8920077859372584	-2.09559184866258	-0.3126890207607055	-1.729662481631566	1.3430208115560505	0.18460143836544932	-0.5440439730330294	0.6395782479208582	-0.1700744894045508	0.7692674852540315	-0.13795437775696676	-0.3356461839506296	0.16966699982845374	-0.06482344828346893	-0.2564327102867142	-1.1078315752619705	-0.8054063601404083	0.33247713463474143	-0.8471339337120187	-0.6281795302850895	1.0658563556722185	0.13589490987736474	-0.4371442583563711	-0.05011561784461835	-0.2617518061207156	-0.5707724576378583	0.18497919120172424	0.22716784009687271	-0.1416561153440091	0.04458590760329411	-0.1466623277842791	-0.006939216439595945	0.6766171126524122	0.6238577348373885	-0.26177754408880577	0.1879028181104624	-0.28969430766276555	0.1862046405238362	0.7189325886982705	-0.043486582106269205	0.10778377057637342	-0.4377033449504001	0.17453996041331238	0.16173868037071049	-0.12402704682946905	0.04433150781125835	0.04546176860669352	-0.12645650773166645	0.10744313815457639	0.4040385145521158	0.6919597410364503	-0.10444098995722999	-1.7735622953815666	-1.6667772408722217	0.5898006550370531	0.09266694210830877	-1.079093417742931	0.08598759121983054	0.29932719904268623	-0.6869784808369698	-0.763129737512091	0.0704093578925088	-0.016219089993067117	0.36430041813205727	0.43393960547324095	0.5593370842797661	0.007852841912378516	-1.7194417035940621	-0.933706926953795	-0.25610902975483163	-0.3527362991269196	-0.23306774787020257	0.052499080786383545	-0.020900059454647048	1.0293563303285478	0.41299982101070637	-2.229424055105543	-0.7190377855008675	0.5547517765370401	0.04328374080237716	0.7936070660801583	-0.6091258911173587	0.19421305918805842	1.40252364003841	0.0646732029848526	-0.704100493690016
DTXSID5032577	7.063780162281044	-2.0780880858859594	-3.602890902832708	0.1761305745281705	-2.743856502167893	-0.4447508066780935	-6.2575977887329275	-6.959452960815848	1.1342612587929568	-1.4058820133119767	-2.139393645568123	6.400054182188395	-1.7105004855693204	-0.5607192139455638	0.7716931053492928	-2.6435380989317783	-0.7748291573556148	-2.633862571590779	0.5308581848314576	4.138638983699832	-1.4973938243245446	0.4058470552857331	-1.4341492035358945	-0.3852690339715498	-0.09881307756801365	3.5761384062221286	-0.18234187632358612	-0.3321392607933315	-1.367848716514013	0.5699824474167097	-1.3904523928836028	0.5704121469776331	-0.09966425818060792	0.8044601192966171	-1.79838966305871	1.4961578971364309	-0.4781945151601786	0.26313707720008483	0.13006669023913317	1.0432746014993282	-1.2985767986296526	0.5033870533189049	0.08702160291365187	-0.20993941256979692	0.48139930764155414	0.3364000603230964	-0.73024693314789	1.2483505372871084	1.0015781433136868	-1.0812862726205157	0.22346599321622146	1.423465835464244	1.675548782565904	1.5394581827505096	0.9595525487645685	-2.7485506464877405	0.5088182992043745	0.6877615414217642	0.6121278011395852	0.7398394312766962	0.09535769025799999	-1.3208359207376084	-2.2815652621463967	1.4286010010799735	-0.5419561671594695	-0.5116494226268009	-0.7732845901885905	-0.3705727041819625	-0.7479606614417521	-0.04079795390033882	-0.3881137361787764	2.4372073326319477	-1.531090011014537	1.3537060085386614	0.48333514566735475	-0.3346288523037574	0.4223632371021088	1.2231524863910683	0.4165285957220745	0.156540439492919	-1.2183796786875964	0.4376304839437311	1.3431447742023446	0.13578335220968488	0.023215592912132276	0.05774148040306386	-0.4793755516966665	0.608574958669439	-0.06950567766043314	0.1871856077723386	-0.5403541221765371	0.4048982245367294	1.2219858679187938	0.06874267105452292	-0.47443293850732854	0.19785963925759775	-0.3236822133140773	0.34636527696444425	0.07295633510170697	0.019390993576554005
DTXSID0025286	-8.085198218729184	1.7114243412943728	-3.5528921742916495	1.3073886636131011	1.9746242015748046	0.6683834599863157	1.355433299869363	0.2881849691387272	0.6322974599929011	1.1302033970049168	1.9104531786070449	1.7554434881717957	1.2205160050354984	0.4010267376065488	0.0574187887017	-0.4893083854018052	1.6094297600320167	-2.16455121271676	0.3015092594578721	-0.11526504071453883	-0.1069245465293159	-0.2245347332403547	2.12311662716761	-0.8959468471358291	0.037319569427717456	1.0058720274364281	0.08144611066557952	0.14482793509181438	-0.7640743952285877	-1.0374006463775847	1.6404522196916722	0.9815891713478245	-0.4583935381192684	1.1820478197275195	0.7424647137222321	0.02246100177484518	-0.2327026931867409	-0.15292061062246293	-0.6554504207426548	0.0017511170894226606	0.24616418950400623	0.48723451138569146	0.08162540040344357	0.29245678926333635	0.8021112550783722	-0.309569373734925	-1.2388485244855598	-0.0834884952503406	-0.5743525902251857	-0.521673142742257	-0.24732729765454042	-0.316000666754832	-0.6885697987433532	-1.2666072964391188	-0.19940159844143615	-0.9304833592494738	0.5806887571356237	1.0216255890974104	0.3079647566411995	-0.5204758992321272	-0.5558665544698645	-1.2554562233621296	0.09209023519644953	1.707252859294956	0.45376446594938347	-0.2702065146280901	0.15950503273562178	1.194181313765381	-0.2751898612898438	0.4856166562199272	-0.5411570493652667	-0.02785047306531198	0.70969640991648	0.7184299586102489	-0.8004175057495412	0.27414991689096624	0.1968003696073708	0.971897984507655	-0.35436576897498984	-0.6780780546462253	-0.016895405807403827	0.5041343661616856	0.16230399483332592	-0.6534648368323838	0.7238764055431784	-0.7787751387949865	-0.48087972319789146	0.8747687518926853	-0.04113252299397235	-0.6634052096145718	-0.3079874595702711	0.5701682626269106	-0.6742673587152983	0.21247908923452632	-0.26463158613034604	0.011620128381168682	-0.2853365162496519	-0.6593022156030015	-0.12844542885155422	0.8793690518158348
DTXSID0022858	13.62733592003467	8.781755996342772	-1.8960528403407633	4.366860155511495	-3.6751178721113993	0.2968736698878805	-2.965338518508279	-1.5705305580377769	1.2202336267967633	-0.05184566887758686	1.8183413632606145	-0.6850942365086603	3.396846101183599	1.9226037675963534	-2.048329175603646	0.31527093556723407	1.220634293776979	1.8628476248195833	-3.580563735146932	-0.0064742856697616175	-0.3903174877645199	-1.382398781177395	-0.9348209109977244	-1.2688403071474883	1.8633191320228988	-0.535731179737541	2.278339146470429	2.487085165860657	-0.2367974676208727	-1.0006649047516796	-0.9199022003993905	0.1005765603174442	-0.3900548793288178	2.190806872442345	-0.18964272045893288	-0.6396742123287931	0.7248650804360043	0.09809239460268342	-0.3790661964607331	3.7301460256007304	0.40469376520545325	1.1974055943675692	-0.4922158473919218	-0.7713175700448146	-0.1936305659008898	-0.9327367863100816	-0.38140424364594994	-1.1080348916138534	-2.2502285957648978	-1.0246666996755887	-1.235772429880444	2.0288940070805745	0.38444354965317235	0.5932330428602579	-0.5463102991667032	-0.06549676972322839	1.0884493537546753	-1.0307765930379076	-0.592243513396705	0.2867428480233601	-0.26349949321990623	1.23167352793529	0.6084135777452806	-0.36356282907423354	-1.0713025914449588	-0.44411677252691667	-0.7448135020040205	0.6048284046300593	0.09390528589385577	-0.9055351217047214	-0.27020593000928717	0.5520802924827919	-0.03300608525560675	0.27362980048623725	0.21252448114322736	-0.30988711038098077	-0.59681907381844	0.736429218485972	0.23434801288174661	0.11146824579515184	0.2820969287038518	-0.37742351195231344	-0.2919060904513692	-0.41113650471281593	-0.20880912431605891	0.11761602721354344	-0.6223529925003369	0.13068898083151545	-0.04584314834245669	-0.37203598501392204	-0.909891324894434	-0.1835099824215309	-0.13640761290278172	0.9187628498403447	0.4513580530332383	0.11110827426391805	0.09536472972435046	-0.4168641256904968	0.09644968924016119	-0.19904167842512002
DTXSID2046543	-5.454317828208311	-0.20148986294395427	-1.486381082378441	3.540910278680121	-1.3750024132261824	-2.925933758250979	1.4444995889135455	-0.6185039789474427	-0.17779660454415752	-4.277778582064527	-1.75809912340238	-2.0277227213520432	1.7170277331117878	3.8876970828899498	-0.4477300592725685	-0.3998201150623139	-0.7687803039629458	-0.7826511294534139	3.664337679058467	1.2993197798114446	1.1474948455484768	1.334073100551425	-0.4677629403829912	-1.204452673208456	2.0243147382056605	1.9469845858835209	0.8822786819448893	2.866921920111273	1.6603552605602694	-0.7788341165410799	-0.5583076106408934	1.1048302877789145	-1.8801509707147162	2.541841186692025	1.5706850686138174	0.8765559996624273	5.791140085388493	-0.19706871360749484	-2.9398719490036034	-0.711945956543255	-0.25743329436757856	-2.3980301849392847	-1.55841830560898	5.891225868162488	-1.8890105065095897	2.4709441600306947	-2.890315214197595	4.472118951944536	3.215947250624943	-1.9935326995538092	3.5183981871633887	0.028379142990624585	-3.277986953408878	1.0730696205165364	1.5727908122388745	-0.7905736935709107	2.189313930534355	-0.7462332422854261	-0.5304869204760655	1.342323224117577	-0.6384564640214321	2.0805561921005395	0.9661473445943629	0.23107864288047725	0.9829050505748137	0.0198935806581781	-0.5330921707630457	-0.568020505569123	-0.8124896465302939	1.6842465413597452	0.11921229172203394	1.4176435114969266	0.3447184976469448	0.01250635818065599	-0.41056339422628974	0.4724095830883543	-1.3999799304578	0.16729687029836057	0.4896914286139134	-0.3409450409628291	-0.6708594730606544	-1.1893003615319946	0.27112620346601074	-0.19343019246237164	-0.5600538754868422	0.2944896559057485	0.2736621930090512	-0.3814823483490436	-0.31397679648121785	0.062011932103321295	-0.33624938327658616	-0.17907643015592647	-0.3273506848482256	0.5701957211217767	-1.168865258607883	0.769082675074936	0.8412462096003073	0.47995642618813583	0.1765451753072307	0.03866626085020534
DTXSID7020552	7.57088995681468	-4.780643655007739	-0.309992634558772	1.2943282083579304	5.658381921778232	-0.7844200032054812	1.9346267149539131	0.48360514843168523	1.0984142681582096	-6.904385502317409	-4.122812120570681	-4.07284432143967	3.3550953024321504	9.431599288003532	-0.406126328894677	-2.1894614829893975	-1.0336175904746803	-1.4052182399853088	2.8783936004130366	-0.8150316838965452	0.9848264672552018	-1.301589533256993	-0.5188646639672878	-1.433042535959789	-0.16269565013143888	0.6615151288046365	2.2954222058499267	-1.5195270854631413	-0.9920208675372267	-1.3210969773439223	0.2772557719893913	1.2037883229392088	-1.649120569323652	-0.5386593994020525	-0.17771840905228886	-0.5524615044540693	0.08742665271417632	3.2561209603710606	-0.8821153309276288	0.7901238341145748	2.1488735982228535	0.9130623399172346	-2.9891326053082925	0.626109115070378	0.9953389844469123	1.583843862932449	-2.119246230401734	2.4639501923282947	0.30693505172017754	1.0313185706958785	0.37524940947211294	-2.022482216354079	-1.956937236118896	-1.1547920123901865	-2.998594208067019	2.2541064718588735	1.0116397314248136	2.0172155158284353	-1.8643241961923394	-0.7174085153933604	-1.336612301073471	-0.24532760879050197	0.2739542916787867	0.8639657245178528	1.0853326054326968	1.5490003972489668	-0.8683348303525609	0.5592590043047702	-1.023046131577649	-0.09881825769082782	-0.1391452280680397	1.3786484281286873	-0.8604390070456015	-1.1233430480906443	-0.9338454627367686	-0.21088140761490767	0.3532116090155195	-0.07110798992023105	0.7071046512305512	-0.19964228539556206	-0.09324156367980682	1.0229236056216837	1.145607968166008	-0.34713666167929114	-0.20038979221445435	0.7160604140346802	0.6394363238016685	0.5745027676926738	0.5250384818799911	-0.6716544007680331	-0.6673062120678042	-0.6905314161302134	0.1432402776489475	-0.3221039994399552	0.5161837216156623	0.09450450863680981	0.25914030727326925	-0.5465408237058473	0.14155039207929154	0.18998376946544474
DTXSID5022271	-3.141285057737562	0.6448659734095038	-0.3628372521668976	2.241423003274553	0.026760517114072412	0.5741078774147856	1.6450783726907936	-0.6259411237498813	0.6151052173104427	-0.8667939755193341	1.1943336707512706	0.18683907910080022	0.04276330383760777	0.3769585605519557	0.11956807541856412	-0.20496536565992307	-0.06443893046180083	0.7331959147465251	0.3390119740334947	-0.5984020865606777	-0.3326048321716113	-0.052074536266580096	-2.1794502818842365	0.28462729715843466	1.3885104583024566	0.7323116051901695	1.144701797668622	1.9916242602378087	-0.7195223620372686	3.0797957123224617	1.5127455303050485	2.6386620175023463	1.6182245399033934	-1.6340324920408957	0.40222997988231446	-2.8370739270661636	0.039180304691973006	-2.971779654713889	-4.001519093901106	-1.7816090709231067	-2.1963941202787014	3.0872572101770155	2.083685465145726	-3.526000539980976	-1.3830473954366735	3.7586304671350454	-3.446589735027861	-1.8061514857079195	1.5442090152759183	2.091196077392054	-0.4717706033805644	1.5751431130370759	0.6038133290364349	2.433843145067072	-1.1213621797369338	1.7625275660388733	0.8115422586880974	-1.9864702320489305	0.7653112838204225	-2.1002351449380967	-2.6527486064180463	0.11587776864146344	0.5516638519400848	0.8065484285552804	0.8210888665577037	1.1397726772913244	0.6576520763013998	-0.03082632838577516	-0.4052394364052807	-0.6843442035678655	-1.0001358377901792	0.05835753306326742	0.5085004821605248	0.7259908022677829	0.07537807766845964	-1.021563748992591	0.9624627405604532	-0.20545914594872378	0.24449982249027663	0.14458987758201094	-0.49784337379579197	-0.1917488532905295	0.4928924855859846	-0.44667901414262784	-1.2161298054120169	0.21006206046665732	0.22345911825553103	-0.45330254647813073	0.10928885748283579	0.8894155861009819	0.17568810090985376	0.06995495716132612	0.34075646194435605	0.2084407739007145	0.09874700632305014	-0.5093621302569585	-0.870739388486013	-0.39915339683707174	-0.35848191729608425	0.4945502942057337
DTXSID6052536	-0.6971129164906353	2.768955917852799	-3.0533911172750945	-2.288244450626738	5.193484191803077	0.26027197742582825	-0.39327500323150094	-1.0172607569660785	0.7168783442488043	-0.045972107907860285	-0.28177358026275645	1.1825908779443615	-2.093945376996613	-0.5073414137732306	-0.7495288401486851	-0.2616854785029348	-0.6626026946878042	0.12848709464765526	-0.5369174808302957	-0.25929670291575535	-0.4691715247834843	-0.047802410208733485	0.09023717217962585	-0.24532768771992086	0.15263522433095605	0.18951862702737024	-0.03554794879135272	0.44970462166262287	-0.2218813894292509	0.18699321452479625	0.3372587399145048	0.0013225514508664752	0.669573386777347	0.6430104728393425	0.8596046512111704	-0.2960366929413856	0.46986459763056837	0.9129135338097962	-0.9979637844209359	-0.18545151467445195	-0.21202157712047343	-0.4112994011207189	0.2802588354503336	-0.8844616050308118	0.42972823646827724	-0.2608196576096715	-0.5136722401250932	0.5256945638107265	0.6516402886002565	-1.2141285430287372	-0.4137180534618043	-1.3061063294765183	0.24076935009321737	-1.668900364157056	-0.8051475923779858	0.46413275586832514	0.7257404289652056	-0.6002415317441442	-0.03537849942591646	-0.43346836098786	0.3506850601323262	-0.6450019985940988	-0.2664125453297448	-0.3804418849171274	0.4767118077224148	-0.4985085102542816	-0.44094437662486785	0.4013530451428461	0.05338394361130705	0.4514622048884695	0.28042049719560885	-0.3007618441676555	-0.9318502349959455	0.6306262609403834	0.5013758632330442	0.6698813115320662	0.18104411170792248	-0.37184880945595045	0.15321993875894727	0.4835383136925223	0.03703317818908045	-0.22964424338004608	-0.21975042038292314	-0.09015268556761055	0.5633572187789199	0.13901765870352747	-0.08735326751074686	-0.05956327925455365	0.23966765308381685	0.05005833605800733	-0.08457012170721646	0.12495763366105057	0.1340308631322684	0.03685316287814405	-0.21396303605310257	0.15516635393908018	-0.582538787509453	-0.12105647654074211	-0.24427031712087197	-0.4030889478463952
DTXSID9024770	-6.0333345683287165	-0.36073147518369836	-0.3002137135158813	2.1974130787853867	-0.5763019514655872	-1.2164055984250546	-0.11930791674097783	-2.24489440620857	-1.2502041702424305	-2.077266895733931	-1.2630842888186153	-2.323830108106404	1.402168207745125	4.385915915354697	-0.5745601728289379	-1.0525089302618702	-0.4315280055552878	-0.24190814791770185	3.479588323426088	1.0769503528699769	1.140441796696216	1.0071713869438146	1.235455713994074	0.7932097286223072	-0.9288135022676661	0.33450195523147075	-1.0031548762390654	2.990615485418864	1.9526322100822604	-0.3062871340363407	0.5676855629113935	0.22876142930679189	-2.0729062852834574	3.8409566339224095	2.1761513158232875	0.623034430851786	6.413849445438717	-1.1469635507530873	-2.4877888950672706	-0.9047325777248612	-0.8790365306669177	-2.6986891300367026	-0.1769780363186891	3.89663642423534	-1.1004831747994182	0.8729123980890393	-1.805478938211505	1.1163719187754786	1.6693598447491507	-2.143995867330741	1.6537355217010086	-0.4642383796172142	-1.7251625213317867	2.737494204933523	2.6831335152576483	-1.7781488223039317	0.8241514104550605	-1.175301984456725	0.06513167174009524	0.15727169598216867	0.19603381304276954	1.486380387582005	1.295942491992822	-0.7202487570690699	0.9886577608326811	0.07252896169792604	0.44092194932497414	-0.8475700330909176	-0.7754114047613875	0.7765000607888831	-0.8447629191185654	0.2565177896342014	0.1173780900445788	0.21969746776660123	0.33809247718541396	0.5506024733239147	-0.5799462773398025	0.03949327034702011	-0.0067022897189079	0.26230573461143525	-0.06653232339216317	-0.629816216327002	-0.12217583279817222	0.1717294261599795	-0.16747743004317345	0.6671370893012374	0.6595964047532895	-0.25847589303015306	0.254922689315153	-0.002645495413826889	-0.31294721512779483	-0.22717284943281574	-0.12799296698490267	0.6106604636310956	-0.662868179390321	0.5893025062185336	0.6329529516657286	0.3707581735324394	-0.13516385512939794	-0.1286938868585986
DTXSID6024886	-8.861722296776666	5.004820930982674	-0.5934438407576389	-0.04282479423703613	1.4921547702324036	0.3641404041358931	-0.12094516727182407	-1.011091705662221	-1.4060399347891424	0.5728166169539726	-1.8754445049349089	1.4260236634621821	0.11976896566273437	-0.9162599112011393	-1.1380928484369208	0.7493434382887083	0.26531815035243955	-0.3441234446629154	-0.12171528325645409	1.3259054877195529	0.17549029024503796	-0.8926057753275123	0.840368790889886	-1.706669756433686	0.0040327693463877035	-0.1580818598996779	-0.7211285579044611	0.1503683356091113	-0.23395087210115476	-1.607445437367014	0.29569297736366557	0.3572182411974036	-1.1922182269427721	0.9655955769928332	0.3912844584401278	0.39346173027910625	-0.15656207771739358	-0.05746283326006677	-0.12773514372229353	-0.03938886522864813	0.2743450683670629	1.2357935911944673	0.011374423325955339	-0.8048141478039896	0.2916775451858644	-0.47856143408752216	-0.8006804092608664	0.6842236561771005	-0.36177455078690773	-0.21117868514067042	0.035877577013933265	0.34757179767274965	-0.7174236664126338	-0.024860432841178625	0.592746541198487	0.07045178292083581	0.13288926902399414	0.5495193259313808	-1.5995607067144453	-0.01744534746199435	-0.4094414436208786	-0.6956838977953134	-1.2611723566209259	0.14317544137341592	0.18873934351284363	0.05559677923821116	0.5997339859913516	0.6307592684241226	-0.41954457901968856	1.1876478045636703	0.3832055017352724	0.41672053953803434	0.07708057555907824	0.009966588320517866	-0.24059872841279456	0.1904744790119535	-0.02700821738420843	-0.09475807204899123	0.013108262570592185	-0.46307572401238756	0.3167828314703564	0.11319468938908017	1.2654389026828528	-0.42293801935734043	0.6166061662684281	-0.3729757743514824	-0.06295563027559228	0.3627522912982398	-0.22748541246672085	0.2363305985303916	-0.20930109990947554	0.49236359108638955	-0.8949498839746162	-0.632640123628415	0.4571017943641533	0.345462882878268	-0.3698305166191815	0.1197440561389435	0.19248263286651152	-0.14873968396530343
DTXSID2025137	-5.539172229182182	1.0181453866073007	-0.5669379790543834	1.8828270708861192	-2.0215507197060236	0.7488872057843255	0.6986874487499725	-0.7475251950768252	5.0600051991247605	1.303490336586486	-2.516924800399238	-2.0643691766364514	-0.21263234158754793	-0.4925193311780131	1.6091808498628353	-0.4187754602745095	-0.5395408676829024	1.2919293233954372	-0.5082652239932441	0.626658937706904	-0.4094182964217307	0.34117170565708027	-0.12167930259532997	0.7915209624240906	-1.089632776827975	0.9901089328073307	0.22396093170621387	0.06457019326634802	0.8099585689818789	-1.0007838762065213	0.8068753907302656	-0.11871917722369753	-0.31049128735531334	0.7546418576246434	-0.19030045556971525	0.7269808943516742	-0.13500083477946764	0.4102948263275435	-0.9271297002692204	-0.2720295109636089	-0.05010284964248092	0.11975855627910936	-0.3845207621683937	0.4503207600223837	0.6824436344052849	1.2326376525261766	0.3765988055484188	-0.16130423867902158	0.23462341177102736	-0.1501193156078995	0.11601054930466603	1.043637370547616	-0.21052518646124974	-0.0017390654337518002	-0.78407278122831	0.030144885336637717	0.07264605569395088	0.33416718532036416	0.6579818838879748	0.013644185748892087	0.6855923403642619	-0.8122531436347993	-0.8041322094401102	0.0020086792118020856	-0.2594402080771431	-0.30028354894700054	-0.22225673225786266	0.4009599004150972	0.23961236943924535	-0.33010838837826356	-0.15857489737968605	-0.0511007201727913	-0.3397400369222564	-0.4276088016772069	-0.5707435849771799	0.5816225109595211	0.6328532201744247	0.018833373649635228	-0.05994120189547595	0.12831841956576237	0.17078894206354597	-0.2201367266266331	0.009607800488721247	0.28999008070628546	0.04804253292144439	-0.5974602261344409	0.19901209003830964	0.5440343270856411	-0.018171758448997818	0.23596206754756047	0.22563691166915933	-0.22467643196043263	-0.04837895783228984	-0.4496269635957616	0.5652920062835739	-0.14382101334734082	0.14475009265712002	-0.8062276486378717	-0.05410869823126195	-0.5328755466410267
DTXSID0047375	10.693692538964996	-9.9957910467604	1.644104989469364	2.324923009075234	0.4033891254289848	-1.8974372036341465	-2.498091251597915	-2.1325053761110913	-2.147104597635218	-5.3785931415268795	-4.808937231882393	-4.312107284062278	0.7599350480341772	6.583630973458374	-1.9853341628974064	-0.6678733369256694	0.121649929354952	-0.3843462649351118	4.152313500443725	3.552921285501262	3.8532487354164315	-0.08758005624915575	0.8768950606906246	-0.5489062286525469	1.5347247280800798	2.517961355652159	-0.18879597303802875	6.297444866990248	3.6454839178855862	-1.873032802478424	-1.1142289356118902	1.0647929740685944	-4.398526694905531	5.512962230616799	3.2216533030086496	1.5381269208449946	12.8256088232791	-3.1067783445630637	-5.737936704940955	-1.3455745179519774	-1.333710074543588	-5.7694632097941225	-1.0357511497246623	9.988172912027885	-3.4970364590050758	3.323815950616235	-4.372756436687865	5.08335112624791	5.759282053404967	-2.7910230499965625	3.45772451126158	0.09343410407704315	-5.310478518930899	4.240570219197594	4.3715029582832265	-3.2375302293304142	2.684077854650668	-2.7906857690184776	1.019718909218003	2.015939868781085	-1.2904827702903217	1.8885486771820417	2.645175576289956	-2.1394981540656453	3.5406193218313047	-0.4135753493576116	-0.12888925037164323	-1.6348238640459851	-1.7540570087597758	2.924912888053796	0.4479245444115137	1.925083108833825	-1.4602502289874033	0.5867916187083578	2.069371274395054	-0.7880245244471011	-1.2516514437102149	0.5908821563188893	-0.1738728490700332	1.2065944452738642	-0.9045553976843925	0.0947653061153708	1.0390837989959445	0.3167651600396801	-0.41832793386103273	0.7180266415157511	1.1686998906710797	-0.8684722891342515	0.46667150521619694	-0.9651881864798175	-0.5673159516313632	0.6041424756181674	-0.25922621912491317	-0.05493596220598196	0.12193855973036773	1.3270529986779478	1.5811084102121267	0.7827851281237039	-0.882641969796007	0.5287041362600428
DTXSID5048186	5.950049130685714	-4.958255176035201	1.1984398393379034	-0.394336892433168	2.828098396996963	-3.1136663154541213	-4.473321289061394	-0.26723068880120104	-3.4089801332396514	0.8457421106051689	-0.538083808129586	-4.719192355317895	-1.7232886490246007	4.600362291110583	0.8449205982442314	-3.2615563105204624	-1.252615820814775	-1.0007717276175279	0.3507294176215865	0.09540280617762041	0.7787395178834962	-1.7191965474842943	0.42260256066520585	0.514087531456004	-1.6991556864111055	0.0018750708834181092	0.49740834389068955	-0.8090934314149911	0.7418654235214164	-0.004349792440673947	1.3998121404740924	-0.26638356939702984	0.4484755028467716	-1.9873118354356678	0.1481872156920885	-0.5161107817242917	-0.44816103320661954	-0.3945822112648621	0.4522498649544782	0.3310373029077541	0.24416353136422983	0.5234384155423479	1.5196350579402824	-0.5114268813039352	0.12368809023477066	-0.4381931712961944	0.16228240145311482	-2.0456872726616946	0.7898190290155047	-0.46980136004642575	0.3500070370155939	-0.22603267921029965	0.4698668585428252	-0.8781816201118194	1.1914847924812022	1.0921140892776249	1.6770688346532294	-0.44522073052948763	0.6153335449006394	1.787165264146741	-0.43782819985715343	0.5344511421593097	0.29243758040968043	0.9235586670449746	3.514950029714722	-2.135101309878519	-3.5806416850289255	-2.1522763509627967	3.591564439030347	-1.308194905100907	-3.0747505952273975	1.8586935502789272	-1.0777945773443725	-2.5297920635542446	-1.1136958823701157	0.46033480849529973	-1.086381696153318	-0.2649142733542041	-0.0978405496551214	-0.4186436825536048	-0.27305549920550043	-0.11738967740945849	0.7291077851303364	-0.7628956398319945	0.773444511892259	-0.3456282390953861	-0.3332689863742995	-1.0773663046961872	-0.20792397956554715	0.2668617032695591	-0.7709860493933098	-0.22986806110839367	-0.38469725731328486	-0.4217066730570706	-0.22107158631147425	0.13389528993092495	-0.5406243700630596	0.11462082392959289	0.07492555553439091	-0.47644806444651705
DTXSID3024869	-5.715045924690456	1.1749389555879193	0.48879657684430994	0.19415523378302657	-0.0783549190481312	0.09901504069515829	0.4957594013173392	-1.0602470908373838	0.6818941133603673	-0.6398505707460911	-0.22468135157362273	0.29895589073535284	1.3320218073791412	-0.12021090274061462	-0.3995729171002393	-0.49101009920384525	-0.8302682029228149	0.37056577734250457	0.08420704126797506	0.04262895908420151	-0.8402470437041188	0.4521464808417536	-0.4087700052002282	0.0513700441160305	-0.32298778434176034	0.009106349047471991	-0.6615681103465714	-0.5930260589856683	0.007387905695944363	0.024947574971571265	-0.17460171914787886	0.33266841268092767	-0.09169503847643803	0.030801894230694942	0.14390298138766972	0.31541538466251395	0.22381400668093732	1.079948452647523	-0.3252840901097264	-0.013016646148179113	0.19032986949044828	-0.027096895369623734	-0.2607436836918229	-0.6123341228323548	0.1864445567606224	-0.18455917699047983	-0.4877007487943749	0.15581151529754153	0.16880058072871837	0.057922233194857314	0.055327324604633646	-0.7974859017031881	-0.09730152374570149	0.008083330804748752	-0.14252653813408514	-0.48541667745168965	-0.0016649360108718617	-0.3866276644555059	-1.1502283550022976	-0.3828956505467207	0.22958662006054378	-0.17501953631787756	0.047463545897695796	0.4537779213725049	-0.11808593420563383	-0.09514300903668774	0.3600093214327773	-0.17970323600111918	0.2634115819995622	0.18896711010374084	0.22604575844286343	0.49352023127496564	0.39223926985906304	0.46099180182272753	0.19045509126163493	0.13151028416744232	0.1662170902425411	0.13969416995482642	-1.109248101531032	0.23381973024295144	0.023866972772182606	0.019354397256044587	0.041957452873083285	0.14952919032390108	0.14366515708531777	0.1084691780757594	-0.3995411698705539	0.3708685553531835	0.5434740699792002	-0.5465731434596532	-0.4986529188117685	-0.213424110144503	-0.24277723097067333	-0.08025979268944339	-0.009645005337804848	0.36862969440424936	0.18889049249656276	0.2337371837758395	-0.36383033568104806	-0.13697037984282956
DTXSID60500450	-0.7552248549956879	-5.78272317161941	-6.8349246341531895	3.9934304484841516	-1.1621171505037646	-0.8249849638717238	-6.352586418564807	-6.800134715108534	-1.2822918942091825	-6.027703216927303	-6.011225027721539	7.940540612726883	-2.539269113051635	1.849828331083066	0.8997932164931186	-4.244922488519252	-1.8385488259294631	-5.726686681727011	2.641573600125554	4.0541665937941085	-1.9622496205370648	-1.4027730494655894	-1.8118584539834908	0.559858179177288	-1.808691779568485	4.561232867075166	0.6490674716732816	0.668473431572469	-2.724012543504339	-2.1357836839504927	1.1748266255281166	-0.5930343777943383	-2.9858853969719483	1.6066240867394475	-1.4892484520554996	1.4561072010575622	1.8939624078979178	1.4263931811508885	-1.3082027480783716	1.4255354633138875	-1.737443106347354	1.8718634706723478	-0.7360061263774027	-0.8882342496531409	0.4374984523719695	0.12042278430372602	-0.5693735713672294	-0.21725861048844497	-0.7244613045900001	-0.5583338224340108	-3.0055690884082127	-0.901446567609292	0.7239059092800771	-0.3933061179877562	0.04456287053993144	0.35366303867594656	-0.8268772712617397	1.4907987968597785	-1.2307555713202771	-0.2067920373052306	-0.2945464070848822	-0.1733283956822235	-0.1711245819540189	1.348919946472443	-0.6049138964903393	1.7893457261495183	-0.7751081966515498	0.37571263381434683	-0.6479908608774967	0.6386973396066568	-1.0364152871301706	-0.8035186866371961	-1.1884874194713453	-0.4769269863156364	-0.34395460638424563	-0.1873539398613902	0.522752283485641	-0.012561934385704066	0.816670355405933	-0.09091528116772021	-0.2665214990404408	1.4861324571821752	0.7001945634378187	-1.5741767482319307	-0.05408645798142078	-0.735862616858793	-1.2638316349991134	2.438860578979896	-0.3741766332237419	-0.5457311915873339	-1.0910883687647752	1.8604749561710836	0.48061192456480883	0.6296740743037945	-1.5662174713659691	0.6361409871518023	-1.085588563214291	-1.895378195243569	1.4046165669465367	-1.4194050208939621
DTXSID7027835	-4.595478710647342	0.3260705543829002	-4.372105638831732	4.97020661394381	3.677075477219571	-0.008605644382336249	-2.9251821722001257	-1.0361534458990447	0.2743891277891693	-3.0768535849902565	0.6334703512450393	-1.7576762374185333	3.9264060897771342	2.536380698965777	1.6699248243869083	0.6057487544454669	-1.913613207006011	-1.5969812540725372	4.97715909114053	2.525665529738166	-0.2411090525785047	1.1344749502398876	-0.5300546686087966	-0.3270380697879567	1.1169864230903075	-1.1986487603852212	2.3554229356500738	1.2879868181932956	1.6206350450495757	-0.6875752811093756	2.3131259202825674	1.0859442507571822	-2.3783470294542535	-2.186899790183577	0.8444851655165984	1.90167725488354	-0.11331086260510466	0.12181500220895614	-0.2164154822463506	-1.7847540307938814	0.8125435732752234	1.0488782793984421	-0.2046964586134998	1.3904462708606309	0.6303467257984718	-0.9416166094785647	2.276806018796519	-0.5706685876306941	-0.3128279053066735	0.7075007213270417	-1.0938971929600863	-0.4359508611013253	-0.42299950404954506	-0.5724458260892094	-0.07805907120716783	0.9856293595705092	0.6545489380597621	-0.4671138887327033	-1.8791480370091083	0.14101851853452904	1.8113957897537514	-0.46615421123270023	-0.9974806720358944	-0.512418122666998	0.35817688352749366	-0.25473318717827353	-0.5131150491816302	-0.6356398730958359	-0.8119048790805475	0.8653691748111192	0.38423785755622475	-0.40489430239962587	-0.5849582865514285	-1.0242854635116256	-0.4887092099191434	-0.7386852897257877	3.767489906740502	-2.822750422251944	-0.06795434917790359	1.130864790307803	-1.0429876723896627	-1.5046608042673064	-0.02350739690713082	-1.6747229971086894	1.0388846305330324	0.3857604798668311	-1.7375482075599624	-0.6547226401249636	-0.34223471184843257	0.21294264958401074	1.2364793214792704	0.19391829137234046	-0.1594578575765331	-0.4060816345364637	0.10662440107376535	0.9038939426418539	0.13796905376218338	-1.1468616542795045	1.7626789053616614	0.6444081408734569
DTXSID6046131	2.584407289438446	-2.825182518974804	2.4696869721899857	0.5465136173938209	2.030371094224325	-1.535729568361041	-2.0314883464336257	-1.361556958651189	-1.8086930339980167	-1.6836030677541602	-1.775932851566166	-3.4381145701881364	-0.07228032351081166	4.271467635454943	0.28315326706039023	-2.3647950177026202	-1.465559762250163	-0.12871313974536658	0.5545878534147752	0.25847782210846937	-0.06290420031773353	-0.6461979346837954	-0.3139750344520657	0.7510132605230908	-1.4300804758095251	-0.31043296216663235	-0.3376831579017552	-0.5271018192484407	0.023889848499554268	-0.21096943339798072	0.6969845806995849	0.08779441921766076	-0.7029268114628691	-1.4340473532984057	-0.08487793020223917	-0.04881677320597295	-0.00789599037091914	1.3948150186477233	-0.2038854268165376	0.5750351734960926	-0.19058797831424842	-0.3836847102174967	0.2349229486256851	-0.6617582642441137	0.0013959684825693196	-0.5820658750042247	-0.11004954759465463	-1.4215257839768278	0.41330585923195723	0.46264625998894454	-0.14267621869677144	-1.1617260204961566	0.3559211099861492	0.0035051622089593178	0.2754194159756558	0.9975894420388398	1.112146142841726	0.26932812085259117	0.007061512163935825	0.16891841576098773	-0.26344514710597466	-0.5029063380937535	1.1222814542105313	1.4547478518205397	1.9425309535484867	-0.5063692853108543	-1.7320452642792734	-1.4758760277369374	1.7898213382507273	-0.7766430739489727	-1.204193955527844	0.8512937628977831	-0.6542537148207966	-1.3888964582076049	-0.44319087021754267	-0.2575150518527969	0.04871790575362901	0.005296871330036873	-0.17113484858226005	0.2288769174506754	-0.0896961077149474	-0.19494133524885923	0.6681029439539695	-1.1796157673235523	0.8086782442519083	-0.18093260788604548	0.2001924088617134	-0.28965367447477275	0.09144938656177677	-0.22296883472268128	-0.3974029434971458	-0.33675110886003673	-0.38494240962356224	0.2617049081684604	-0.18543904447805312	0.13845640527148978	-0.3893686248558088	0.15584245869263327	0.16038124240850685	-0.2832012752527355
DTXSID7048669	7.172155544497682	-0.44487893377376236	-0.7863680682340461	-2.56236697921031	-0.10595926010969318	-0.4745613182564797	9.302755567624782	6.096684408715458	-0.5328388384082493	2.982252491391473	-2.808558911927917	2.868388571724825	0.8909270566079379	-1.586390974327678	0.40140963652839295	-1.6422946164227774	-2.4193951145810364	-0.022336343017392256	3.303638836925607	0.8612049908137799	0.5341620214600299	-1.4353318592404924	-2.3038383413762267	-0.3716114783684027	0.4002231363002614	0.6106697573204861	-0.44570562171505773	-0.9111618884347251	0.5273735990166046	-1.5287824603602123	1.161635530522938	0.8706440626275811	-1.8629908287078898	1.9542042581287273	-0.8183142094283028	-0.12330758247616787	-0.9137309758220777	0.9130083965942754	-2.100164279848725	0.7829666960712236	-1.0637961576106816	0.677557657104732	-0.46133107115585575	0.16107132019552348	0.4458816515479146	2.1671492658618927	0.6640440272006991	-0.9255598767538304	-2.5683252909496534	0.21744411525239155	0.8106440462875791	0.3044333883174928	-0.7246588841604319	-0.043422744109577215	1.1680090191178227	1.8576492598387768	-0.9384132821174936	-1.7061685363446917	1.4160691338188152	0.5529508348003594	0.3591996311493538	-0.796041518871851	0.5239549645292035	-1.7351822154466228	0.24649468143381684	-3.8718632575578718	0.6770790314910677	-1.911984318305286	-0.2520338087706558	-1.0561630797057917	0.7986419325485821	-1.9468011775563823	-0.111249518440461	1.4073453646086365	0.20277167521985154	0.7521005801877936	-1.4502588187984005	1.191897377003192	0.8525711910800776	-1.5023784039849089	2.2481884774994016	-1.1697601344840116	1.0955696421227241	-5.169155029161682	-1.7731487042044924	2.586810449300311	-0.29532542412680485	-1.5846267969248757	0.1498269126420641	-0.009831860551376827	1.8597805585733593	-1.9415344466599842	0.9105694973372058	-0.05007602425066741	-0.02083700241017799	2.2031997185199512	-0.6964264266691413	-0.709579298616187	-0.05582670663967505	1.7105422718916885
DTXSID8024608	14.501201315560827	-9.170406571743253	3.4108347165480435	-1.3712619125043566	3.549591852217701	3.2113143875652943	-1.2994313953556635	-7.257471442440936	3.2418309942247387	-0.1659732318422869	5.339848525440829	1.5227300925100646	3.6082444490573544	1.8913868748493459	-1.9495362684286168	1.070389846069262	1.1239497507623728	2.1737728679809893	-2.440846454451281	3.0330416021215796	0.24552937031074656	2.556360141166018	2.24577458764699	0.5627882790879978	2.4447883138639375	-1.198542504166024	-3.192794465279431	2.2070148716665807	1.80573020252721	-1.3207796759929644	-1.21339033549291	0.21961352774390056	0.7684512515118653	3.674589935072849	1.1205690364239278	-2.0125389155432214	2.3527831979015	-1.859777626891348	1.5617302020594739	-1.6852552820204891	1.0866257787326765	0.1924476140280762	-0.20913997270086898	-0.9771817936946335	1.2505662897880852	0.08108665210612656	0.31213532350076517	0.3719820613714475	-0.24785042963640364	3.3014944377971136	-0.3299432503600965	3.518130297850202	0.7986907992921998	-2.312648048855411	-1.4753393902695104	1.714958689523939	-1.6656765802873121	3.3801402858089626	-0.8789911198158818	0.7941980183355389	1.020569971566626	-0.6716973195698046	-1.9743466702214112	-0.4619477781753626	-2.7476544585871565	-2.430412045859046	-0.47812963034034955	0.4141073989208102	0.84936484667793	-0.8148467796121975	0.027106255847485706	1.9050771100760036	1.3050646773567702	-0.05928482342235958	-1.4079266954228187	-1.8498282100556125	0.19725695498546952	-0.15030228964360853	0.43232841330324945	-1.0001027649981273	-0.13613436558268588	0.3712526348435779	0.9441293974956201	0.3202926829092436	-2.0671708731938043	-1.6142113979626236	-1.2039823336903486	0.2364682061765452	0.32785158654794716	0.5218345286495536	0.7201181132864015	-0.013585856986384847	-1.1232914335413895	-0.2571673410648944	0.1867900334448469	-0.8351796033292035	-0.5822859655188604	0.8318697452807701	-0.08988407291778562	0.603430326212176
DTXSID9022520	-4.359052425108832	0.48895491461991275	-0.3381436783389639	-0.12212280021043351	-0.1792204828617735	0.8414908674689278	0.8057487168427196	-2.1558392368762482	1.2782676040608358	-0.19000175522240936	1.3962430058108057	0.4026037845936982	2.156262371895489	0.7959907838161089	-0.02859721866092079	-0.6976159126766557	-0.14962708878337722	0.5977884741548503	0.39173970467635494	0.738619742454356	-0.49808663773175316	1.28590977393926	-0.060164193921635425	-0.021031823485304826	1.060653175812222	-0.06889458363855863	-0.4196206749453207	0.2995149275470318	-0.28087466409798134	0.13374293574029533	-0.152910797519638	0.13120234829200247	0.444549553790569	0.3792131625492269	-0.388783678630027	-0.15200204917259624	0.5960295109701783	0.775028959291329	0.21006927790764912	-0.5071212278837063	0.2598623287775005	-0.7112091232842106	-0.6110639573015615	-0.4043877976876755	0.26456062890573656	-0.35875237750145694	-0.03697531781926956	-0.17787038586368106	0.15774294315756054	0.620739499235873	0.09344899757659417	-0.3389474220762018	-0.1644774237653418	-0.07090107235239804	-0.1518228956964962	-0.10859759877289925	-0.5021698944203693	-0.035523687608682006	-0.30059178654252433	0.2054615927121888	0.49179676325760147	-0.041595143303382376	0.3223712089683948	0.06354893447965927	-0.7111169415041736	-0.14324324052383855	-0.1493921720466869	-0.3363642636114892	-0.093560069573767	0.04315888689588719	-0.6374416142698212	0.38471210745230555	0.2702646248211106	0.01449648411824094	-0.04764208551755259	-0.22604778933505615	0.15395373682719396	-0.10787026841793966	0.05206327206241149	-0.01056140245074967	0.08641079196758232	-0.040495360951779	0.12425702800925499	-0.19386697628238087	-0.24749344383412641	-0.3905563107296185	0.04196591744438252	0.01769700450254889	0.37803053327414393	0.06504488304920714	0.08620460640399433	0.06707353954455401	-0.2970817313482788	-0.10959652432359632	-0.06470234269939865	0.06397363292203449	-0.11801981984479146	0.1112606007649574	0.20902480400357756	0.25423646050887494
DTXSID1049358	-5.180074513584091	2.434954978945783	-3.1562351184619404	-0.6237125598254818	0.020024749766535923	-0.33671538336261375	2.847946434639235	1.064349333656018	-0.3617111975112215	0.32848932297998473	-0.6753702285067344	0.26463391430165095	1.321928697568251	0.36181346570344763	0.273722623486312	-0.4030951163492258	-0.0011724378534595616	-1.4538424609219198	0.7558903858108805	0.18730779084878957	-0.44131988254786414	-0.2415523068180171	-0.4780137604358636	-0.007423745782295666	0.71409860127488	0.8251307106210087	0.3140071410796419	-0.778421399923583	-0.0926220741463983	-0.3149739394566461	1.0130590050347776	0.6216218914771439	-0.7017274068737096	0.7401583110554838	-0.24645381195017418	-0.5140066883716037	0.06020292621008521	0.11884650478133563	0.0072653536495404175	-0.37470578616107636	-0.22516734923879492	0.13943478103238202	-0.0820600853156583	0.1594076083984141	0.42835907643504706	0.29608743885786604	0.578372891827682	0.17012515955479232	-1.2545419455816156	-0.25657034158886427	0.7269955138708212	-0.26056329266099704	-0.011666245132020922	0.040284130866951554	0.5696246019672302	0.42376990544741916	-1.3555112345909164	-0.9416647769991416	0.9247078889265345	0.6075569513572274	-0.7780582956923999	0.38088317061954785	-0.27886935640456667	-0.225944545995109	0.3936272400383747	-0.13812311246088932	0.1588318840642211	-0.7595181492912955	0.15213354878297924	-0.4087482952943229	-0.19062894819769752	-0.37461145799943024	-0.15499966464148546	0.1852487021193905	0.2992318032731987	-0.23177621162403966	0.3526401789057195	0.5325910270649472	-0.5563446589591161	-0.6218439739298701	-0.09399949672824748	-0.036554387597406895	0.705762009143557	-0.6939240080630209	0.34814586499410644	-0.7189916815305096	0.3124266371602283	0.13170073794043008	0.22916969854915908	0.09146833295817716	0.49060442364734763	-0.4854446261717563	0.6894440581025066	0.8921076000827394	-0.7336509858558476	-0.8030377010542532	-0.8265058945940872	-0.43602672115652324	-0.4730181198122316	0.0724995086608976
DTXSID3045144	10.622491747604196	-4.822752570381716	3.731430044752198	-4.0457235353854415	5.16414172714131	2.4717424627144537	-1.7002965113601156	8.317074831735278	1.1187800227903741	-1.4901046214408624	-3.75715604995893	2.4140603987277265	-0.837376601047527	-1.4621197571793378	-1.1745805043500084	2.6160531048310967	-1.3418541828518364	1.421300664942644	0.17070769914384287	0.15169862553586141	1.593425747024106	0.21652223859414954	-3.1724452747083363	-2.7767344365931454	6.062739459784658	1.8003623616448956	5.328929954369728	-0.20237263095873984	-0.5853237052243171	-1.9939338780551452	-2.2269881913529743	-1.2047475739945306	-0.4782071996040592	-4.0354364893896	-1.7430045558729625	1.785835147032026	-1.9587741891396844	-0.028118316033184744	-1.828122218151713	1.880516475466036	1.1140533181307786	0.2760825429153221	-3.3919443173332846	8.255845184134488	-1.1324212429495075	3.7684605188549405	-1.0756812704307026	4.847243475940843	4.799218563625441	1.0732242097550637	2.002430207460121	3.7260402340307324	-3.0291509257905433	-1.8490280329758744	-1.133435922450153	4.546445773704274	0.5271102525258532	-0.4052699146725367	0.39181327902985613	2.5920890922504003	-1.8820499483498474	0.9536182062625863	0.16942869135766922	-0.4192656188826488	-0.4001635857752962	-1.9015287981155544	-2.5026578571839586	1.4246414546182942	-1.1607695646162275	0.9203984456295959	2.9529672224685837	0.07301625472072823	-1.1407298842206448	1.1695461811548786	-1.6036951071484467	-2.5540400169184885	-1.4916286359390731	-0.8120266790291107	1.9643270184254171	1.1867822980369762	-1.790505956060224	-1.2518593804558744	-0.8827984857693667	-1.6387978890111692	1.875207612172299	-1.0273654084607255	-1.260859240188813	-1.1601832981070404	-0.34708103855701494	-0.6912681453158023	0.051898387528681963	0.6183004788702132	0.609636440438506	0.280769827094134	0.01206394950728848	0.2425621088919901	-1.186438942166578	1.0430232391800767	-0.7532219485029341	2.82534422868456
DTXSID7048661	-2.5544142851905463	-0.08594195460188218	0.62877921027388	-3.4300355624933037	-2.2414215515490454	-2.311251457498347	1.5039801773214427	2.3298495894609714	-0.3507398930247231	-3.4436967802723206	-2.751383683947282	0.6941198073758623	2.0342641038523124	-0.8484750871103764	3.054073203473671	-1.346811751437739	0.2894134550150062	5.66652775444173	2.517154244730391	1.3546183331823172	-6.395660373175221	-5.545587961888449	5.1680400392786465	4.471427248229535	5.829303899087436	-0.29246119263621556	-1.6100185745040114	-0.814818834110798	0.8255863289010553	1.7118989854130933	-0.6988277440666422	2.274192598646555	0.15219354235149793	4.3113359433309455	1.8981217797421852	-3.5917753728641544	-4.967070506056058	6.573725702685726	0.6876321060297618	-3.2774176611453574	-4.409486393093803	4.967688663693343	5.276758282421294	8.555209686560307	-0.9915488923332846	-5.698301554947656	-1.0197222463466633	-2.0369397383432917	1.1204552900106164	-0.18089662953430607	-0.9931976585524982	1.944364675515148	-1.651168100823869	-0.43111595363264754	-2.359002365952137	-0.813096254687465	-1.6171512447139864	-0.5062328745821744	1.773487393119362	0.8482873188030576	-0.7367765604566778	1.3161574932743978	0.7731724202537293	-0.9937354210826058	0.3055290759311722	1.7785398144884539	-0.35776841356748834	0.5476782165235384	-0.300329361423978	0.7485865699361975	-1.51504991273965	0.3064445204028544	-1.6448537532315821	-0.650546785821148	1.048013889223234	0.6720895202303719	0.1133452894722408	-0.3119611308061933	0.9892301940662506	0.16122838181237548	0.04244715286461095	1.0532080246149191	0.30040924551077197	-0.7034848540859688	-1.7255361455875715	0.8005400257140509	-0.05183478837203616	0.22874133215839618	-1.1236217030957996	0.28974917094961056	-0.600574798216096	-0.17513460438924486	1.531644846244264	-1.0921762119958267	0.05471861037116929	-0.5199443958645584	0.285568061895673	-0.03251142155461464	-0.3902977199504543	-0.03170161845083929
DTXSID5024922	-6.955321387109362	2.784107761943954	-1.483812231615041	1.6999001179682331	3.458857883540511	1.8516160201335297	-0.9419917818512207	2.507261734989138	-0.6845912279225076	-0.36705348174923447	-1.0528417906473488	2.1982190102496797	-1.1871503019273724	0.8083829890759286	-1.0140306792720972	1.5939901576352313	-0.3511035675780705	0.004219691400788058	0.18523841469461597	0.2527002335992154	-0.475446974462802	0.26123218617400723	-0.10696072585733958	-0.27536762735318354	0.6937285888546109	-0.9695056235675229	-0.5241605924176829	-0.41908192168950625	-0.4515758831782432	-0.7426364367428613	-0.3268610291091156	0.26198675333700033	0.24561028959433637	0.3608646849361532	0.5863202196828907	0.11441904554539731	0.09344560463127395	0.22096991815672867	-0.2837421158064286	0.14602956267221742	-0.053319394103834745	0.3594398663785609	0.0359868903228276	-0.27813186451317423	-0.04677084718124934	-0.5869405107051742	-0.5923646899144621	0.9428110970575495	-0.27668442492446876	0.06599712856930087	0.14951683847224506	-0.022328047391350348	0.3447889013191041	-0.2651236554455468	0.1634391517986478	0.3116884334905135	0.41449475048321405	0.03984292561571226	-0.42051956643648836	-0.35282327301424743	0.15965222291334757	-0.29303861802705833	-0.9401534220409276	-0.19056464231261028	0.12409125249808572	-0.366097970035147	0.5330660594930076	0.7667099123954327	-0.05427703471570366	-0.1374766217566888	-0.1735907481616705	-0.7257606128712919	-0.4145994193227547	-0.08064844765512716	0.12146804998584777	0.8548094328982846	-0.6201096904860438	-0.7414509444136276	0.15131122098220354	0.43082987356288943	-0.29975238667217297	-0.0756389819589014	-0.20716740298716146	0.07198085105970177	0.2062705125128207	-0.5302849363910124	-0.6520778067836109	0.993528663840982	-0.45195720730473926	-0.6872067593288488	0.2217170666402116	0.13799747978321514	-0.379282274058217	-0.18244100444383074	-1.6803663049870885	0.393909689327497	0.023513181420195695	0.28470350278904316	-1.4977183832614087	0.4750265666980752
DTXSID2046709	2.425313770753328	1.3525576300743056	-1.556967750922036	-2.8220172993728694	0.4307173452785171	2.3038635536079712	3.5915857059090643	-0.675637806863513	-0.8901609315488215	0.8054210214527302	0.6812138047692582	-1.5349615658523759	0.12632615826471338	1.1922026592871753	-0.40533302485813794	2.6451217317499562	-1.441915578306282	-2.4119551846501497	0.07719860139724262	0.5837038724768587	-3.757368116627947	1.8189665826372823	0.29876601201588493	2.389811810502896	0.5138696158272947	0.32196057305657	-1.5341221234501032	1.3500545400525152	-2.2971699133852224	-1.3057069838789608	1.148383174914931	2.8919477498931268	0.7955640734942442	-0.2661732340414909	-2.4452223864904936	0.6962598319976675	1.6035123313417632	-0.06492300396372122	0.5399208362675246	-0.7178565921208433	-0.5037352359136255	-1.1357406264045653	-0.5110439777227781	0.4479368531910471	1.393850384493909	0.5231892855590027	1.7632168537817916	-1.1261260530905	-0.1509380723010326	-0.28916408481383843	-0.9799089685179813	0.9365336555933146	0.44343085032570595	-0.22412619102197887	-0.5210947402208316	0.47897968478197145	-0.9980519312050437	-0.0696779233757375	-0.5174954041130304	1.03065566634231	-0.005666969827402996	1.5171583815572989	0.7687173597796284	0.8725005412810032	0.3539284603478722	-0.0115681301025981	-1.0720713952293175	-1.0273065381689934	-0.7926029657274882	1.5710785449718085	-0.978899902293239	0.7982035372524692	0.39839928207169223	0.5718493334385807	-0.13071600269466346	0.025518559883632302	-0.5141957183524635	-0.44352691219040385	0.8864270024079716	-0.3324784955588008	0.011381134708192266	0.2377772662517363	1.3797706286119005	-0.29474991438359344	-1.5456603402043934	0.4177274459230172	-0.02042280244683594	0.6786977279747043	-0.5406202215082314	0.42419556505837563	-0.2810423429082137	-0.6610403794811016	-0.06586304966108887	-0.23318241646914473	-0.13008590153773394	-0.47729848178191303	-0.4770654605381467	-0.2747489880045178	-0.2866783760943057	-0.1600589811989752
DTXSID4044820	-0.6313597550547002	-0.9818526695977089	-4.8975243675021165	4.750445786911818	3.1998672956438017	0.5335083317934712	0.04973847648315837	-3.4779642036237863	1.5371978971104432	-3.448210871442775	0.7788980084714171	-0.986387018759851	2.1192559625999605	5.611638066230148	-0.35986058269817184	-1.1851181861669022	-0.890741022157668	0.22339021212710997	1.1279824798660307	2.4744383658069227	-0.5780608080987695	0.5238383584301549	0.5392156997626396	-1.7060434036507992	1.1025524416454342	-0.7337837440237424	0.10453655983542877	-0.08881260837059378	-0.25235409115107654	-2.4383987914511116	0.5673710778828835	0.5601607824272766	-0.6008455049537719	0.9399241945630151	-0.6451655326553977	-0.7258982088487724	0.5642262881224183	0.9576477647951563	0.006413600461857989	-0.20868994304964522	0.5019399466753315	-0.10492757356412397	-0.28876242333931273	-1.1730505033088938	0.914246365167943	-0.880770914317692	-0.9815474937185293	-0.5649171177440259	0.04310947615354353	1.273178884798589	-1.0891554954990958	0.36217793431834466	-0.5522809362310407	-0.9715810357324276	-0.4208070054254367	0.3263653650955393	-0.6848659496953075	0.1372081650736252	-1.0042307626688214	0.9252354880530761	-0.14971614302292674	-1.069276451126847	0.69681062586376	-0.7308443946319424	-0.14945443452523743	-0.2247392895350427	-0.2356997434999614	-0.6473659646730926	0.9427991193058965	-0.07596657440883202	-0.33460192600157557	0.09039040011132884	0.0367152839447224	0.12948671218181046	-0.3230914219924684	0.5058128301451941	-0.37297568123235697	0.12826031047307834	-0.0685950286855948	-0.81634411083291	-0.009871640879772004	0.25731183854786865	0.34213103495546243	-0.027778334664428122	-0.26998477817368205	0.6671430618287677	-0.09711821109278915	0.0021149139312321937	-0.5107813243014652	0.4761644163095415	0.19915815520509364	0.23785894651485637	-0.5435785662344472	0.5723888735047516	-0.07524327754636809	-0.17311370466322715	-0.36735536028696525	-0.2243772114815009	0.8079238835996791	0.3508998461919233
DTXSID8048787	1.501712870107662	0.8125396796934398	-0.3296970732808167	0.05203646707791777	0.833817380570044	-0.21197823203870966	-2.5249983407354812	-0.37181931938315826	1.5593710082314123	-1.001310584327572	1.921112317640453	0.3316546738637249	0.181364092311074	-2.1808086239246176	-0.12002132033147199	-0.7417294666715649	-2.1606670159199397	-0.8486145243586377	1.2886862542527546	1.3152605926984915	-1.5127595418615831	0.7641758168097292	-0.7412631897471313	-0.11015442040316259	1.0141013358243165	-0.9013508660027283	1.0119618664650933	-0.5001048117601417	1.160994863260363	-0.3719373219697876	0.2774409514202924	0.06454817577528914	-0.3758559746114457	-1.0862902845988924	0.4025168436635294	1.2011349896237589	-0.010215578378107317	0.3206242404846781	-0.9599080674364274	-0.8528889105039071	0.5938150804267164	-1.0011793751609348	-0.2183786632766545	0.7183450194854861	0.009534451483725314	-0.2814860721854329	0.6417837765077156	-1.0344159152403756	0.04165445944292086	-0.051961385036826464	-0.4883425926340297	-0.9299942842433242	-0.5731016056453757	-0.11678416667831952	0.1496427169566643	0.47126060150370136	0.3605248766159951	-1.6443385037938445	-2.123023990041925	-0.28929381514169883	0.8703348125134353	0.024193170312166255	-0.8537748344151963	-0.885126309408506	0.22356819666415528	0.7176348430377149	-0.13152107443728847	0.0372986891751586	-0.9086625591436065	1.0829999809718858	-0.36463179235466825	-0.42687242103254147	-1.4209977740840838	0.13144038275285239	-0.462362686473956	-0.7554396172429011	1.5980476587321946	-2.378326980752625	-1.0574932701275626	1.712875924201271	-0.23538325323229817	0.19656609487625193	-0.2217804927375109	-1.4592443212287685	0.09754667951009169	0.10083558443449434	-1.906744284868157	0.631294329859277	0.8989243708273464	0.9811619201448338	-0.548580824124262	-0.2383799966400814	-0.8843091842651839	0.6312791657224943	0.6323684037183784	0.6499002064667636	-0.2344003891131615	0.43405021964595214	0.3037308014313863	0.5147619122419393
DTXSID3048310	2.892357719765525	0.03931450059276619	-5.3569596792958745	6.691712251071886	-3.9925041076874828	3.4543299898112694	5.067143263228408	1.9925903503988225	-2.7028884299732776	-0.03683983408395947	-2.2669034016923812	2.0642624084266368	4.184184557470833	1.2491447723310418	0.1809535678427054	1.1838216544878255	-1.4643037220589137	-1.1470025530311565	1.3931487204125574	-1.9464124201711726	-0.16191599699920595	2.6599124154401763	0.38217442291102144	2.2468909142389197	-1.5695500945497365	-3.19678994619267	-0.8648992012445706	-0.4311069041996967	-2.5076280357254537	1.9929867467346283	-0.5488571400091368	2.274080191344368	3.24958844218509	0.6879775458343756	-0.8841943819451376	-2.8591247728509104	0.8131207790879355	0.017068338404422814	1.9264395699641799	-1.3099057702186576	0.18859785042839053	-2.050109154580752	-1.4926485050886995	-0.2222852917197403	0.14417544511149066	-0.4750467709890408	2.7497429750374427	0.0062577252695735445	-1.2902052436431708	0.17149291127770214	2.3616976161882994	4.310534156003045	-0.8910581169778804	-0.7373454225557213	3.1669621723022217	2.8582590722206116	0.5732184004869402	-1.6422878663835339	-0.9328143213511291	0.7673209732254048	1.1017259447662124	0.9098669156466407	-1.2466320514816625	0.29284597026968345	2.1521471180753124	7.3478946294475	-1.6585533955703728	5.318275774405055	0.7341460746554549	2.7334220538932525	2.274911496326947	2.867717804231259	-1.845797783070956	0.03781518708976137	-2.6282378119993726	2.5942603058082705	-0.909021119899312	-0.9646597994737721	-2.0041200160814654	1.1590638388762284	-1.2530532171734514	0.01005920761248747	-2.367694244636363	0.9810541526055199	1.6809533044186196	-0.6608651783616095	2.648376840230363	2.5155032649986326	1.1063760552036848	-0.8255059172513183	0.6218781168617967	0.5996909508654313	0.9565440766660792	-1.3362958015281787	0.9993223925242751	1.1077188411922751	-0.4699425670575731	-0.716756795188271	0.8686540148028349	1.3426107164237022
DTXSID8020969	-8.990474251674796	2.878801452257865	-3.9402162709262933	2.931819039032994	-1.2076812678951587	-0.6235113519354096	1.513976563327035	-0.5314380181844837	2.8964065438662816	0.1823125840751899	-1.3938499145027992	-0.8232158857086305	0.8397037181560661	0.05257100003544465	0.6236795378588432	0.07357150213629243	-0.3955505546391205	-0.4112022140734007	0.06143284508670593	0.5705165352069843	-0.2866355924402769	-0.09663329671977067	-0.18275904270400936	-0.11167208645345136	-0.3952587388555593	-0.039689432674312186	0.6606913117379638	0.12066954255969004	-0.6705191198792201	-0.34717355649449916	0.4582750607978692	0.6083585444150851	-0.21099044220175805	0.4713794693450365	-0.4369776995181799	0.1794118651456429	0.5066651831860141	0.33856975342664253	0.3180077701398633	-0.11424289394783836	-0.14514135187849198	0.2570839007706976	-0.23974825477338224	0.11281634922108932	0.22684705789454598	-0.05697942775942864	-0.14373855228938792	0.4217626289824393	0.2995191247738971	-0.11924536347664838	-0.10345644753350511	0.2691300568326249	-0.25325537561076783	0.10344507174085539	-0.7695822328355605	-0.4859544349665202	-0.5685833466319515	-0.5657834824236314	0.07417411843143147	-0.21855576572491286	0.5141953120706788	-0.4838154633750992	-0.534676602850599	-0.38023185231788925	0.2517181243307914	-0.40541181368950485	-0.6712507729049201	0.380826923156376	0.6826700786027132	0.08936830530607531	-0.28061076776070953	-0.3400014668607953	-0.0706593266313027	0.2544548800538543	-0.03018334043733808	0.06069604973769215	0.0536973351809502	0.28851003990632307	-1.4904156494060097	0.15345429452718537	0.2529836706860712	-0.7651312501726156	0.6399075447829754	-0.2011909484946201	0.024053975452493114	-0.3343964820475463	0.13708690486744216	0.08314510245072253	0.03463062147385649	-0.4500310163817756	0.210161898990234	1.0428780868349161	-0.601764927234867	0.17396215651806185	0.523069165241218	0.014667726060973312	-0.24834187116591905	-0.3916712002534329	-0.6639822520723956	-0.012640073323081
DTXSID1040326	5.8324178815382	-6.301356896213442	-0.050300070034939276	8.959384269725515	4.7192310392662336	-3.9593919435536096	0.06028176204066764	-1.0382679300853142	-1.7693714561174112	-9.864099984974432	-5.6005731191573105	-6.801720851914046	1.811727768198494	12.027423599447504	-1.8734130528364412	-1.8755316231385841	-2.163725162765489	-0.7137169866999523	5.542689739467196	0.9523959835329153	2.1599390421937272	-1.0493544504308645	0.5990326880794826	-3.4816336391954352	0.037808832395501216	1.8728647103099556	0.21836434320002074	0.36397784906266384	-0.41929440980749205	-2.7502651692062257	0.7253381895249273	-0.0299741663014669	-2.570158861575973	-1.4119362324728546	-1.263874646572077	2.2367048133836893	-0.21039867661803083	4.078738284401739	-1.9495458401065995	0.4793079317608885	1.471814725815733	2.0196585322673624	-2.507564319318372	-0.33470056701567974	-0.4682089542994113	1.2456924490526982	-1.8188358567955838	1.5826618982530964	1.3054356710152442	1.508678365944492	-1.387665452101188	0.08519419623429401	-1.6405496103386077	-3.7051081080967085	-2.392466740316715	2.324554243064218	1.3859378340680304	0.47557114099184594	-1.8601012261458347	1.380307304931904	-1.6376759975782234	-2.282851668767645	1.0727045880453454	1.608108651542359	-0.3415260137915105	1.0075300908172773	-1.125029263370652	0.6465206401048363	1.6406870177181527	0.6605032465438107	0.06606754358774908	0.4521138222871257	-0.7502067645935575	-0.3879912203587139	-0.002659614209974494	-0.9375015961147234	-0.25990820987113433	0.2718739406983349	0.8986806532342477	-0.18868918002958565	-0.5117180139236628	0.7821074784953845	0.7551037578772867	-0.6702070862837838	-0.5701690569015883	0.3832879885996317	-0.36987665734085795	-0.11281195381451332	-0.39489639271906685	-0.3070805056106978	-0.7084579057268402	-0.15832013947596862	0.7294644454026525	0.07665402458405406	0.6666710888363185	-0.3655559636773372	-0.09125289927425709	-1.3230308004817064	0.31004133991292365	0.36082471907572433
DTXSID9023170	-3.3471356684823212	-0.007567732577829867	-0.6244412061241328	1.1616262662051982	-0.23622588773889952	2.247810313977723	-0.4722948295422266	0.7707964067374726	1.420286135255227	0.03483432587558616	1.9744858504097231	1.5665751246499777	0.3517865248971443	2.0387080676529923	-0.8268150862498659	-0.05366363977425482	-0.3272440176107584	0.9896301866397166	0.4297179189315006	0.6263995013563284	-0.5294467180832632	1.1184236200349391	0.29322108485991283	0.49505514207855417	0.27518635564435195	-0.2647196031822221	0.09960035217720431	0.5820059777679573	0.3047137452612403	0.3810561428217635	-0.5649415460916829	-0.43871482122785815	0.4202075828119683	0.5997777187862173	-0.058984277348127015	-0.31399715014251695	0.6292777104936357	0.02847533287802806	0.3188894995774201	-0.5374443405277057	-0.02036846013890724	-0.8119369873590473	0.040870994743789656	-0.2811630772107407	0.3514717195010005	-0.31044430570509773	0.10401196087856847	0.31089185897149163	0.3338524822704453	0.3285285824331585	-0.2876779468388327	-0.03498732452994196	0.5943408433356054	-0.6589715690365282	-0.5206046037341062	0.46049703299327766	-0.6806683227416562	0.06196333925918838	-0.07470110543952645	0.15029935149735146	-0.08378324192895949	0.07657915466052975	0.005470743144365864	-0.022641853027668725	-0.882636452740761	-0.11995133645499341	-0.600207229980297	-0.07929890066686934	-0.6697649995153963	0.39694802524672795	-1.0575345475596885	0.518838622959526	0.14255590343173985	0.10750888958270446	-0.30285705918400135	-0.6263687685344935	-0.27248810536150625	0.2597530903731375	0.15620604282845926	-0.21232921950873554	-0.5963759542611123	-0.11690678993902248	0.45297149917148904	0.28695123375305215	-0.6588661922551284	-0.24380175614198385	-0.1152380448686883	0.10540381583488112	0.1757416608646316	0.03641066006657189	0.4617361194485202	0.02186601895449377	0.027356535095117155	-0.35453157938536833	-0.2047622490326237	-0.1442709469105031	-0.16354300974193478	-0.4399463404079535	-0.09830684696653076	0.17485298918580314
DTXSID7030432	0.8454962604478217	-0.4446942292611512	-4.345499379067912	4.374138251557064	-3.1058408761394998	-2.3834882740167567	3.207091698006317	5.7402417181082175	1.108539507354288	-3.2204651595496054	-1.3676857119218144	2.363344782186247	1.5781487406191677	0.3719755151989522	-2.727856212140554	2.4582271396296815	0.5185903474646822	-1.4524782270164416	1.2217117665120631	0.6858297320840455	-2.2863417984548575	2.9523265526254674	0.6698083075610565	-0.0016386952957326989	-0.1672882156888786	0.047258843612901044	-1.471641220527277	-2.041885523033206	-0.43514272386207953	-0.6321408540781814	-0.2716674147361256	-0.8573694095785733	-0.0825642749496763	-0.8952872446216232	0.004494409298636818	-0.4727400023434061	0.1331229567795573	-0.32838628507411327	0.030349401823360225	-1.3183820603604988	-0.05468911956514305	-0.7979548915830674	0.5394206206210169	0.07129981534435571	-0.05331575869139621	0.5126696984217338	-1.508226385661463	0.8752491066200019	0.8090027542179571	0.22660323311361227	-1.3831296720559674	-0.3600465761102981	0.3429894206258462	-0.3449453962497969	0.026621676277748408	-0.9384949905661838	-1.3532944196527574	-0.6224006180305823	0.5168741595228741	1.5297574779156133	-0.23193671353210965	0.30065636832240883	0.019850673458174307	-1.5985826848015485	-0.03528972972638797	-0.08463570608960086	0.12388209343332142	-1.0249842704278613	1.4279187201796284	-0.6874316719083936	0.877734085442309	-0.3500715268433986	0.4149825889420763	-0.25103658002644846	-1.1236082767885456	-0.6865956876182164	-0.05394031619667077	-0.5592453655639235	-0.6853638925573058	0.29212316753164863	-0.6890668157408475	-0.6914895292982057	-0.7078423907800947	0.4029500607255598	-0.4879334674489012	-0.10307168405623456	-0.41400132518314814	0.2805856261641934	0.4340354022252899	-0.1642254926772923	1.5051663423006685	1.0383772828463793	0.15355522672939997	-0.02702671040950059	0.8853188764518735	0.8193671170380193	-0.6929687555435547	0.38374160054852097	0.2481021278533936	-0.02804572852218997
DTXSID3057858	7.50714578655499	2.9366291072905293	-1.0720270946579076	0.19538988748975458	-1.7419449979328707	2.994296332812416	7.840589079583169	0.8355825353307268	-2.104226337214382	3.53432993379718	-1.446741073312405	1.6761715679832536	0.9331960185180623	-0.46254410003170326	0.4361486615155025	-0.5106386521541927	-2.375369312960154	0.8432763253304918	1.7532097891115672	1.4742295175981401	1.1061247089569377	-1.3331035084630758	-0.524580993345649	-0.8496385762366183	-0.08916199821514952	-2.086701703002208	0.6748118252022647	0.3363872881909423	-0.36969411129512825	-0.42004294559551464	0.6290322310705972	0.3848509743696293	-1.0255935820841646	0.8758554729452304	-0.3443184159655526	0.1102153841365963	0.09992157262439086	1.5709488434787775	-1.1569912339561852	0.9465526642917633	-0.5526607346536012	-0.005539969685817618	-0.8571391422276852	0.49412538504452125	-0.028950504263115948	-0.05371978049928967	-0.1343144620816855	-1.0502804807093118	0.482205882348028	1.1642270902877372	-0.5748638118933551	-1.111653345352694	-1.4502733506497927	1.0268441177816303	0.70522877994351	1.3157822637366599	-0.004453303517356994	0.22011556653483685	0.074779950132546	-1.5840014791672867	1.2764711412303493	-0.7801725886242502	-0.7554075446761975	-0.6338195005834838	-1.4160084308252687	-2.0100754840324004	0.5606288278416238	-1.6632520509337123	-0.3785836677815054	-1.5003796123998816	0.5348254180098952	-2.279405478373974	-1.7153837651483672	-1.5259255868808508	-0.0023925352292131987	-0.4504067275106222	-1.6809728401805935	0.5366228617479706	-0.2375683330816698	-2.0358979903859336	2.1911939346489264	-1.5657665725545393	1.989847474554002	-4.589384940158559	-1.0951336004376075	2.0107480621977127	-0.4078670112319172	-2.112517373070648	0.8175461935212209	-1.236321991197061	0.8959259003562443	-1.448576044248969	1.3916195999010026	0.601989412949941	0.7548042634323138	3.9411306105439596	-1.0747492229376379	0.9497421907433281	0.6484627400716313	0.5431229188300649
DTXSID6044852	-2.8430536631238734	0.04660465221929042	0.596192784023395	-3.523607092645524	-0.8161079824711467	-1.6561131768060275	2.9419206692091753	2.7885276867746884	0.22524117655375228	-1.959843799793962	-2.6137525672536586	-0.4620795546811669	1.1491397417823348	-0.6552328731717365	-1.4914895817312313	0.3280883827738226	-0.5437603678057977	1.2266954357935338	-0.1708606910880917	0.16968950824111462	0.6671155886417995	-0.3399569785904896	-3.3875798420138565	-2.5533715495424825	4.067350107706006	2.3240863756404018	3.3550411433353493	-0.3287888567054869	0.1164882725767762	-2.1960512614558665	-0.9770205273415348	1.3116964414956283	-0.2288309380865344	-1.1378448401563206	0.05904096723228447	-0.23369200392370082	-1.3712131609094909	1.6625916003730234	-2.5855362501893495	1.4493372880385875	1.59303939801876	0.6717423984745977	-4.44722970179589	4.819186155490906	-0.6264564082610207	3.680436467864628	-2.8030714085043584	4.596994427047841	1.9227768137113397	1.8734223077023588	2.5494260597201155	1.209829645233224	-3.4445084351301984	-4.083026819606124	-2.2641827450875605	3.3941295612589633	1.2976757689495	3.757132647334422	-2.37387893653187	1.637160770779224	-1.2218777218840455	1.0301003299691844	-1.0782342779366552	1.5187402157637988	0.9594635955978433	0.06485315145884478	-0.1290969835713645	0.005338930136733515	0.7634982423208739	1.0192820595638765	0.2925176349763063	2.467083021670307	-0.3990703636132411	-0.10094230625257723	-0.72382770549367	-0.02094550005797699	-1.783422816998555	0.0052119523785780966	1.310537623668864	-0.36552375291353784	-0.12323564350907042	-0.1251485809670921	0.4506924458964992	-0.5751223430223593	0.019084312922945178	1.0086457301219518	-0.7857090272170348	0.417179909129146	0.30103638274949834	-1.2527735498441064	-0.5242323428944857	0.1586600796569462	-0.6513283656870837	0.5201767009835805	-0.3651233257687973	0.4414096374683522	0.7866609001861453	-0.4557272238947299	-0.1957992934988453	0.4825956945235549
DTXSID6021373	-0.3348485846584499	-5.7856441457180745	1.267641423752424	1.4168238296613933	-2.610479534511563	1.4147724820332113	0.2538929233990913	10.630677652510792	1.2037629725914762	-3.476503134907214	-1.468214893555172	3.379648624640049	0.42289232072429894	1.6184878223965569	-3.913854326529733	2.578977818037609	0.2398902591794514	0.5315213758763779	0.2738698701235725	2.3158939391481397	-1.0321480814190631	-0.24963525908613313	-1.1116769887031464	-2.8809167144783183	2.515848425785609	-0.9375429635171431	1.7089167128752472	0.1370701197395667	-0.7600210356893372	-0.18155535645062856	-2.7701842546992905	-0.18609120754447225	0.3141879485266719	-0.287067329180556	-1.605605312856855	1.1470808338509133	-0.5280179764097355	-0.8357462436011495	0.32290528000268565	-0.950650894750403	-1.0649323526754602	-1.2812592555122384	1.8774381733244525	-1.1383599041860608	-1.313389370116922	0.2361457933693194	0.47614900121113524	1.8859721909356502	0.13163308794115672	-0.7200740896132128	1.2422869989318306	0.16223122471912158	2.1211973838107396	0.21875962351540262	0.9585100188873057	-1.0901482408791505	0.7976996158805642	-1.8979058919669238	1.8885950286490805	0.4173107501033109	-0.31459284926672654	-0.12877382796566977	-0.4809135756981765	-0.06337298391064197	-1.8190504742605618	-0.06882203143420158	-1.0842452003050378	0.8976592010513534	-1.3634558809414796	-0.5478974587735205	0.094810185320034	-0.43143413821519977	-0.7919928140278326	-0.29997746417232646	-1.2976256248479383	0.35710700219025043	-1.3840901137706778	-0.28281927245021027	0.9004122256304696	-0.6833140859825849	-0.8098215221733228	0.2209039405863618	0.13934172574353879	1.3876943843593241	-1.17112010654442	-0.22634966700922513	-0.4893804301379365	-0.23685810668125348	0.6795088898110136	0.041091850064569925	0.2919298470323165	-0.20042447868869684	-0.7483294703832593	-0.03049710157060773	0.7475845905196541	0.16897807005431886	-0.5094325350887202	0.8616898821620322	1.5256897536552323	-0.4552319381769704
DTXSID2027333	-1.905707326356349	1.5382023217132386	-3.253730695935525	-0.00046558539173116635	3.3053346619198227	0.2673875484630872	-0.7573380989757821	2.0651717770759745	0.5900989564998561	0.42616425628436705	0.9488950557568497	0.7160926392154715	-1.4685839752346916	0.31846959718650675	-1.6626361198413857	-0.6788842191116325	-1.3285788508770904	-0.5354245022366112	0.002347082222802354	-0.7973289044691713	-1.0323370649737138	0.0912622344798058	-0.29646893173808636	0.4525386480957724	-0.293228043712894	-0.498070042007524	0.31464755769479114	0.5804923918531198	-0.35894026232964804	0.5360834527984732	-0.2446359168550827	-0.321035384332457	0.21776290989042985	1.403116282643903	0.674825714946137	0.3296996802374263	-0.28296245177265117	0.761624165418063	-0.49345191985145964	0.09834745912836815	0.24341631753730555	0.2361140950824863	-0.23597758166901978	-0.8469591985705281	0.40684488488035514	0.1733977615476808	-0.8917099040090471	0.34439982579349304	0.04368457950580308	-0.4001959463209605	0.4053165602815751	-0.10353767116517888	0.5498883422378219	-1.177469628808156	-0.31186551247008726	0.05448142105440912	0.021868668558115638	-0.8351908157688859	-0.729689446040039	-0.8516370302816764	0.07490112840387234	-0.6736170371121061	-0.09771191120586548	-0.6346812178455514	0.29452988448707074	0.7865504113216988	0.6350115817348642	0.4134601780950348	-1.1348596310195163	1.4009920112808094	-1.0584992073420627	-0.2167451319863214	-0.05092571118486248	1.0421894937973037	0.4517214196999456	0.35052819932876006	-0.16517799834715072	-0.04216331270394229	0.23587316089873073	0.1552654058100146	0.0250639431310609	0.332143257859642	-1.1456080299601528	-0.6727101585160827	-0.2623946252883297	-0.6416566513617353	-0.9021444670483215	0.4800405549222471	-0.4808823526985599	-0.33464026854823553	0.2673626369032744	0.4216741147634765	-0.30231230934383996	1.1067217402612266	-1.5376196650023124	-0.10345542801138727	-1.0247308366760397	-0.40608334901141796	-1.0545443614632877	0.225679380593549
DTXSID7020893	-1.7561778385128102	-0.4838027013053689	-1.210721702186628	0.9348412724669247	-0.4360757242314845	3.2410488476784356	1.072704199673187	1.5335628697349337	0.6217790766150322	-1.2730056800546523	1.7121437553055445	0.5732089017232894	0.6235437936088373	-0.37947887519939827	0.8573093769780438	-1.569642388298795	0.5430352095524433	-0.6473045160219355	0.5530535959568864	-1.4691407040768076	-0.06942000844279637	-0.6512346019058668	-0.9180049014423457	1.0086301857611166	-0.31902674451849056	0.4511057390639579	0.43251360195459154	0.19385334470117305	-0.10816107273684376	-1.2733036150786026	-0.7405693697148303	-0.2605297920477075	-0.5417356288763044	1.0114403633187166	-0.014153320483795898	0.727639321648795	-1.5383651645353489	0.07482399234465442	-0.7949654942429132	0.23001192565388065	0.498253211921847	0.2123973562543612	-0.7229207281389629	0.31303937760714995	0.9268867665101643	1.1285365089141925	-0.3778365104219871	-1.0457793080671223	-0.4456304186939173	0.4231877583098935	0.9943328843825316	0.9502749278708276	-0.8651351555660808	1.1220493894501318	0.07932701974002569	-0.37922477904961016	-0.40760175730832665	-0.09876677242848282	0.48243277960008846	-0.1721835580362043	-0.20553386328107928	-0.7591701844375548	-0.29936255836331543	-0.010439018860109298	1.006470747524527	0.6882234237395265	0.7544239770032916	-0.8833016411956959	0.12553738329299546	-0.11039290965122049	-0.22229983407365594	-0.09524886262605094	0.24879605093964707	-1.1481699856052034	1.304533443714217	-0.40992440279338727	-0.24158333760077144	0.09308321996794107	-0.34666144760760514	0.41842161396832817	-0.5560489419479615	0.11122390903238305	-0.0647247927090812	0.35458177219623915	-0.15035256934094918	-0.7754129403981909	-0.4321237425643688	-0.2825274528676267	-0.5796091827841552	0.14435699702187388	0.1422485402233111	-0.6525941471108837	-0.07812363985292622	-0.466449885504751	-0.021493850933873276	-0.07865674347595895	0.26709582505248886	-0.12737596064896067	0.24719884908353185	0.13943270689129064
DTXSID1046710	-4.2537484051772765	0.0010432032322558714	0.23138559944442452	4.15736156123213	-0.30504252417037464	-1.8139647916763983	-0.4217123520626876	1.2941950584909887	-0.955820547854209	0.10425018353073426	0.2527428880105072	0.5709902159024286	0.06400060360005758	0.8823670653181281	-0.3018877457400858	0.9684487685141511	0.494647001726077	0.027525192527245557	0.015170001635661552	-0.8163836316449856	-0.7569957285035906	1.2737427697550867	-0.6476715268969683	1.7202207828538993	0.10465762547329578	-0.2678898052975392	-1.0439270086774235	-1.368884739391558	-0.14292728482065	0.5071598116701412	1.0082648385485855	-0.06995870659955858	0.13412788086133365	-0.7876978695933454	-0.11822630916840592	0.0059571745175384105	0.6374208034365134	-0.002127590512354834	0.6216284789328808	-0.47205379178158663	-0.27884747719896164	-0.8546728631706909	-0.21818767935899608	0.6633537431184858	-0.23634975247612058	-0.34647914268619173	0.15843771909217771	0.5319492302663424	0.032693274643271014	0.24508184068113242	-0.17224193174800578	-0.3248557896927373	0.24965407934892817	-0.13191515267606177	-1.136470040712663	0.2270544551394907	-1.2963337174977616	-0.0836031478138591	0.8491628779878606	0.2020801466989334	-0.4689151766894678	0.39268136794608066	0.3480321982088121	0.08507995887504895	0.181018791691034	0.18011707561979803	0.37787011991969177	-0.5778199835315876	0.43661751357198614	0.3877073267454526	-0.47613682579118344	-0.883225359844176	0.3087679664660292	0.22172075178774647	-0.7257728248547901	0.44323423504573367	0.6249575572196577	-0.6975825135968244	-0.5582199768737093	0.07071450765330047	-0.34863949733367483	-0.5614290797822186	0.19360374921632323	-0.5473601911261647	-0.32207993126633855	-0.7053048841189655	-0.011010340562910004	0.7170792333572245	0.060509493898359835	0.25790083169042627	0.7264786097225064	-0.1279990741442497	0.6310300861560985	-0.0640436244376411	-0.32361994658247817	-0.027235047399063447	-0.7493354574878789	0.1829976486209188	-0.47100166017074024	0.3025417547936532
DTXSID2049006	18.274191048651858	6.140239731590097	-3.477623042555241	8.369813659972836	0.3139541402757833	-0.7313888261563273	-5.563622363333174	-0.7855126185189663	0.7732101415954834	-3.226005048815301	0.5596636694459783	-2.085099078999315	3.7186666806616104	4.405341090584912	-1.5044764100085604	0.18693979717757225	0.047300559861439447	-0.4217347370330965	-0.3246758882161861	1.2338922473049556	-0.4376449007068609	-0.07307934917974111	0.4435937206769645	-1.0246400406921625	1.3171706911048644	-0.8260100407170483	1.7530379092999233	1.8050463766638467	0.48096841915131955	-2.6372686127797413	0.23075691441950869	-0.15096907609639024	-1.7275935274132308	-0.01850345515703661	0.30437416621268154	0.9427358256227363	0.3217162098427884	1.024326042361761	0.0347774098112133	0.5386632571475171	0.7740714817778994	1.171469372462647	-0.20007639144203557	-0.42007223989606335	0.5150236726871951	-0.8079554161886793	0.014705549764682581	-1.0127478868245	0.3416796869799608	0.9868795907149516	-1.7140120443062443	1.1378651192245202	-0.6331080507503142	0.38012424803647576	-0.4938128324445853	0.8120625379007473	0.9687515164718195	-1.607482309519687	-0.9048980803415185	0.36844885499028723	0.1675367123520329	0.0007896190472559207	-0.5371875174025057	-0.32894826877069744	-0.8579792476840166	-0.3041748889457952	-1.1376861182326066	-0.3877282960497278	-0.0894647786245733	0.10282061098390505	-0.6597033429300436	-0.1677980921745906	-0.1798275776723717	-0.5637283292827107	-1.057648139069983	-1.2697700088786654	2.683392674069694	-1.6853056779937448	-1.2329258422778582	1.1059181956981545	-0.6933285252218595	-1.4056093343748044	0.02186048224411064	-1.1895071343182864	0.2381219094027656	0.2696489870815394	-1.7066440104545477	-0.5587907429254576	-0.7065393190494926	0.15832366485975496	0.04537938148884862	0.5571512969295335	-0.2040811007610379	1.1818070745559222	0.3856674877202752	1.2535602945536801	0.13808124870796099	-1.2202781551687174	1.1790367311717576	0.04542569702507979
DTXSID2049395	-6.714004904563355	2.3926500135596003	-2.883075513682869	-1.9484721464390622	2.6669501152152297	-0.3259808639874746	-1.066823839667182	-1.0775636213933006	-2.1623984785540977	1.2411623082084673	-2.10677570901906	1.1118590487625588	-0.11924619000305593	-0.2595092408607431	0.13552675943276257	-0.20094521774586724	0.2870446000387017	-0.38332646804952175	-0.24923519202451622	0.41342398195673014	-0.013814330399238002	-0.7646064139209208	-0.5999807460579547	-0.052589262537863384	0.14789443244271214	0.3178872928012586	-0.3112043639047733	-0.030674086755549237	-0.6871090677620998	-0.38652693758003925	0.7950570324848206	0.06274770165374306	-0.3846113132262063	0.5526933714496848	0.3847056981287744	0.20893954207137413	0.17485020858631836	0.12955923821132792	-0.22307061093367883	0.3804954516289388	-0.013581481069769351	0.5379596808802247	-0.09129900812053071	-0.1886108865897981	0.26894387232991884	-0.30485342357760614	-0.203234318656373	-0.19782337085971288	-0.3129006348199655	-0.3763210272307775	0.2835350806956185	-0.46439909501522436	0.15473996386520017	0.08861989917895205	0.5455912015240644	0.34156953119545164	0.04464520950385768	-0.029903710549344056	-0.07547281022128838	-0.03968508463783728	-0.15736904191411236	-0.4192438310444981	-0.3397392407217657	0.14760726021732543	1.6512235481876827	-0.6506855109135773	-0.6697639842390662	0.4214178895760944	1.0551429013055145	-0.5679577076648983	-0.3025503291882069	-0.3815607310919196	0.204827231835075	-0.397004801175085	-0.7412065250217075	0.050545860917337405	-1.0868352073646805	-0.26563401434182815	0.39274444006934345	-0.308954178886265	-0.2456612945718933	-0.054869189968454676	0.2794027147042075	-0.31913579144711174	0.15862193274882783	-0.43420730397891716	-0.6724290746280774	0.34159847198476145	-0.15230046307462056	-0.19548743433199584	0.1107632638725317	0.3808736430962524	-1.1503656829297417	0.015271600073052454	-0.333758177647596	0.05307644593267092	-0.6310012345619543	-0.39080459163629055	0.26233795943913707	-0.09341563590355377
DTXSID3057804	0.39293513061037155	-0.5836911075166001	-0.9527732844217258	3.909675846861463	-0.8284029111290314	1.1873653690836625	7.385712356914348	1.716152702037305	-1.983482849469267	3.8799127980891233	-0.5192219901969815	2.5863646602983894	0.6663933389612625	-0.7194083717420778	0.4326357026360473	-0.779325626504214	-2.0357291561643858	0.008654017439652481	2.1962462682050603	0.17563430894915538	0.8633285514730475	-1.2409888111547092	-1.5224925512258194	0.5105438332045097	-0.17004345521414627	-0.7768068987071571	0.4974849553552694	1.388830528168251	-0.33898994846498337	0.36344126669449	0.10999892332115002	1.2016996114329557	-1.156538304473335	1.9097400235021589	0.30587287379200034	0.09248195195266887	-0.17750572145572763	1.2559217656901072	-0.7806530726369346	0.7985433538843637	-0.34373630342765443	0.5777536433767841	-0.5467853480975305	-0.7752429814237357	0.5999044523400981	0.4176111466974503	-0.2544260852182213	-0.6491688562107834	-0.6330124463631475	0.8490080853031151	0.48642179498437765	-1.0422389802758618	-0.6736870257679995	0.016509531770708807	-0.06749989719768705	0.12333510466034485	-0.2154299747965947	-0.12828367631654644	-0.8654671636615139	-0.8802952646009294	0.9675916513094326	-1.7667819211287834	-0.08427718462848562	-0.5943969566063888	0.04034719986991944	-2.3410550321259698	0.31648785389866907	-1.072446028816485	0.3382877123362369	-1.192706614731222	-0.4842739086884324	-1.5051564088841578	0.06854717985755775	-0.5878754537490669	0.8710184087116782	-0.740460204565892	-0.9596549024455415	1.1062839436095824	0.4480997639239658	-1.2026512844737713	1.8775586507286293	-1.0150433094884737	1.177810570252107	-4.196404022468384	-2.1883382964426183	2.1583358563323505	-0.8573929587773063	-2.1852716563404346	-0.519319752846796	-0.40354696153124775	1.2030977449566305	-0.8838996081507905	0.9472107940815376	-0.0101468832425443	0.21956073164671677	3.6164549600276716	-1.2400306185655774	-0.2089536913561918	0.3509637622661269	2.0180387553989134
DTXSID2021739	-9.443653958159672	3.9156008136212166	-2.7541582746340247	2.2609040808383054	-0.07621509966782851	-0.7709925323158261	0.904696527744968	-0.058210347059584534	-0.17692178037669756	-0.25690725761673433	-0.4258207880836943	1.1415578559885966	1.4599815482195173	0.1471249035711011	-0.39097797536139545	-0.24138263191953802	-0.013156710899530858	-0.2098843770383251	0.6761495287498095	-0.7915193007758533	-0.8453751897821515	1.082407021854495	0.10087518987004639	0.461948309158121	-0.39986765238991134	0.5203510999331257	-0.5648122676867866	-0.4657598391449432	-0.5626567444147451	0.004812576280771085	0.6484437545044359	-0.20553264548393846	0.05571273329004773	0.2340285330046079	0.2662430595379572	0.28366679587440896	0.06581405545833294	0.8251664075230095	-0.22440327736314883	-0.7976685708511944	0.4349419068301419	-0.15722630208177588	-0.2542642273952274	-0.42096590594373434	0.4784939027927104	0.2963911698532085	-0.710379620924953	0.606615500511348	0.5527947335226403	-0.49861038960236875	-0.3393585757243129	-0.6601541724797682	-0.23481962364676098	-0.48529408856370365	-0.625433668501226	-0.6792242628387892	-0.4061529923811261	-0.38092896788789904	-0.19018908456200817	0.39093644034954184	-0.03666435090786589	-0.42425125039761097	-0.15266386952090608	-0.2038114310958297	0.6076643941115737	0.19005558366260858	-0.11664257646932137	0.03077302400196943	0.7654887552325788	0.9741135315425326	-0.608625275379802	-0.7294399214275167	0.679017927782642	0.09208606017660828	-0.4038709739249202	0.34536304632603254	0.19185437175380765	-0.17982826163325008	-0.8159469953369239	-0.15827398843042167	-0.06300911160509552	-0.5415687969940418	0.6161138117006972	-0.10351119760082847	-0.09489113638342728	-0.5715468983348252	-0.336292150674952	0.20949008929964988	-0.32311851719433654	0.07816660417591346	0.6260585193222208	1.1041734713967466	0.02537838601156717	0.028773191253762775	-0.12297813995206654	0.5163298333625366	-0.17899356080293144	0.16205798596185841	-0.29767706465168803	0.30176512768924013
DTXSID0033673	-8.033412685774309	2.083606021414677	-5.046349289932466	1.982263254505119	-0.5678427009270326	-0.3799784039322748	0.9944070071421763	-1.306657921281072	0.8895463440089468	-0.08339536065791776	0.9215931174187373	1.735346671688745	1.8363714394338668	1.0281837519976134	1.4850288388538053	-1.0751377574295369	0.1950227121428316	-0.6863610124484815	0.9902511008063701	0.7106054882667736	-0.10708919056992992	0.9520179824130177	0.23343983776914476	-1.1654268460073212	0.4455843606857387	0.5611893740022013	0.16395156765823968	1.2381328269579182	-1.9402108681473118	-1.7463672455240287	1.9142027040520257	0.5515422768627687	1.7752590943474322	-1.8037815377591895	0.208413693897087	-0.5694236219487907	3.550719811442019	4.4233610594949555	4.647185118929132	4.436424033901301	7.303665862255408	-3.3458649354581227	12.369028494392715	2.414752943098023	-1.612011021478374	4.668164161966347	-0.8924807099421018	-1.3132303277723332	-1.5056104079930501	2.648874613327673	-0.0018220795406660199	1.0381668944211533	-0.8361450362289178	-0.5250122178378381	-0.10704513759589392	-0.24782234069864498	-0.26241655439437994	1.0858355599545326	0.565195730384034	-0.4811905367825655	-0.39523556111012104	-0.9494170729283863	0.264498918964863	0.7278154414466264	-0.966024440888958	-0.06992461917892884	0.1618318281310501	-0.44196903830459755	-0.09875045546342687	0.36618256478563294	-0.3864422470198657	0.20790575816142173	0.06805525521068993	0.49263690651979786	-0.4548545691169791	-0.21702019342435908	-0.17769687661282732	0.13710702115653745	-0.412393336875368	-0.11114125373014072	0.12903016561137878	-0.5075924298581149	-0.28738060355540496	-0.2666217417123406	0.15067085166699015	0.012753157736159924	0.13915611237496764	-0.16401089332060365	0.5885212554377838	0.2840089729191382	0.2346304817159277	0.24384471073707117	0.009508784545854996	0.26285248047025356	0.07606633178410564	-0.02800394115258385	0.08754442790372477	0.008045093267560558	-0.10784422628487482	-0.11355785536868511
DTXSID2020474	-4.841472230194111	1.2849913197039724	0.029336078972802212	0.7897294647864691	-1.4698448902844479	0.9248275282228965	1.4610090788991654	-1.669232431154133	1.0372097974647827	0.4991763357943265	2.0591500968082848	0.24412672657939627	1.58960438917138	0.32365626709653905	0.2981377881822295	-0.32326673295807284	-1.0350465349205666	0.21466018457411026	1.1341317006820388	0.6365976678365786	-0.8852518566891588	0.9411321036830793	0.3435296125618848	-1.0497129490643073	0.942180483717609	0.058612174243272704	-0.2910881473356427	-0.7743876045295712	-0.502990578860859	-1.275534253492754	-0.1800012999004154	-0.15333631585321592	-0.558852235303769	-0.2119704277952643	-0.7543684864284073	-0.050491755715944935	0.5300510022834971	1.369210463485973	-0.6877372006838075	-0.33784931256154244	0.4054180244933081	0.8569576816179078	-0.12199755631661965	-0.41000140554805475	0.23002499146296723	0.37725925133430704	-0.395537252588244	0.17605459053513237	0.5678174889439479	0.024215874579406833	-0.8689763583227101	0.1481168838024691	-0.5254037221533913	0.1453686100624463	0.887856902251182	0.8498906134142215	-0.08464645859862865	-0.45004230525793965	0.17950253814164743	1.0486390044227039	0.5992363755873857	0.0980003003493107	0.3583742563040497	-1.0415072745017344	-0.14815823568120293	-0.4983780349680395	-0.48308330083359524	-0.5883799330084856	0.29371600621959865	0.33264642830931845	0.8189516754701976	-0.28157362124791435	-0.5505913306014559	-0.4073906265822609	-0.7326999190637572	0.27594973255096694	-0.14256726935347228	-0.07219678555707715	-0.4323446814668067	-0.2901683387693251	0.4763940531985416	-0.11697995246768214	0.32568516082248533	-0.13831740555498148	0.7932986756452023	0.5101556991444639	0.06389325247657804	0.08375458906002357	0.7339898970682907	-0.1652184660624995	0.8723817099754768	-0.30764849022881463	-0.26484880974377656	0.20947160448129507	-0.09509888244189404	-0.36262156746451285	0.6859042580299525	0.043238872136276044	-0.5434156641912106	-0.5706824061521288
DTXSID0020074	-2.997835685809216	3.565133602306869	-1.4049954658115436	3.019592692320919	1.6172551407566107	0.30025219302686024	-0.9133483762400525	0.7387683691345313	-0.39997927836527913	-3.1329545718288347	-1.6414867916645421	-1.4268407116519597	-0.5679768835785508	5.222636836551885	-0.3700466306543142	-0.7432454883832826	-1.0366001379242364	-0.6590413425799712	2.9014590323870184	0.6417701056050614	0.3558257148945057	-0.0872169514704442	0.6374394802975405	-0.7439166212726139	-0.5310700747196367	-0.28795990340732447	0.03395518341960269	0.047786886396622666	-0.2869455354507231	-1.068426618355694	0.20806496567075966	0.188241276558225	-0.7223873804149974	-0.10349643703077116	-0.10213583313066601	0.3501724242723483	0.1853954199652584	1.3684668100361799	-0.416831904346787	0.3536111043387551	0.12928557395656504	0.22591771689782197	-0.30376989599289533	-0.3971893603856498	0.25708498811459346	-0.9181585666723395	-0.566844687306626	-0.398438302667904	-0.038513017225087286	0.34623225438510064	-0.9858874500190505	-1.049675805644897	0.0072460153910804325	-0.35077135942950716	-0.03133581400835219	0.9102321547543545	0.33999701444192854	-0.6730786520995702	-0.7845862234336022	-0.1905756172570652	-0.5024192438763851	-0.822047248383258	-0.41614040652308215	0.33361722758980017	-0.5353541604422187	0.3623865500777945	-0.047052413232669406	0.3705849753715462	0.02006591619862464	-0.04083309212059524	-0.06570041415933088	-0.5711526153794385	-0.688920565107283	-0.09618801601407538	0.2026461988373902	0.5726707793736506	0.14932123209660586	-0.585559862018508	0.11546119306770755	0.023888798941887276	0.41897887881320656	-0.5817651501050909	1.1006793046644052	-0.256329039561525	-0.03669863879284259	-0.557270370139907	-0.03778831069523355	0.5582887962454591	-0.226963666145268	0.21302979327787064	0.15261660912262578	0.4316431544393272	0.2524353393180656	-0.12310557585846484	-0.06429634290687535	0.38973712877525174	-0.2517359212225472	-0.02562332934351809	-0.5640905692745933	0.10819571593055732
DTXSID8021800	-5.760193290716268	1.2959419318214112	0.5155082431147462	-0.9313817732137308	0.6497675812259507	1.5941536677613357	0.77529166113243	0.1300632779820739	0.30046347730248957	-0.11511045268536862	-0.3308812026648962	0.7440556027927321	1.5322002678222368	-0.6094720929857598	0.02180389756561293	-0.49673131243738167	-0.6833081532668785	-0.12223634205028333	0.20742607458021717	-0.24074296399586279	0.06654737430643844	-0.7198732771333061	-0.02102699316271657	-0.1443966862678512	-0.7043175309682583	0.7954977908601526	0.4036784069348303	0.18889749719846521	-0.5370995139900766	0.2426587903210615	0.05689723753223779	0.28022220577231244	-1.2956487909640841	0.5912068132404067	-0.009869495326637579	-0.23188293088863018	-0.02868155936284187	0.6314963809481895	-0.024804411294871473	-0.21302711058689555	0.30354698186799306	0.40108322627826376	-0.1764273783388489	-0.2859934607693065	1.0003242258515679	0.29127312730012167	-0.0844313810223816	0.6427926809584509	-0.10338831689345021	0.16241879748459676	0.09451978171777953	-0.012991658826190352	0.1870726732540481	-0.25671307701621016	0.6955358282934874	0.5261150307545106	-0.24750628415911854	-0.8314599979862035	0.5121313900890553	0.38322110247324953	-0.6663434993513246	-0.20738088776346755	0.6448990187215854	-0.31918212136955776	1.1790044135868922	-0.7264251713419051	-0.2631177565249642	0.05876218163290393	0.35967625303279716	0.28073761835583255	0.13988176542688885	-0.38472061438042765	0.5447342950377622	1.4065572819179486	0.49385442622257636	-0.2326801599378463	0.31336888734935325	0.20170245022478842	0.39011679513967307	0.4266448514774376	-0.39843364429813743	0.21005120135545935	0.18136182629657355	-0.44723926238608797	-0.15006980869548445	0.3766460082968893	-0.15663247158245658	-0.3625714774070007	-0.0029097407430884116	0.21352202305179577	0.0882122547594724	0.5403778161848023	0.07812532445722743	0.6653766926245794	-0.6449407711824559	-0.11908320421422929	-0.4787171957039345	-0.4396366001526455	0.034722743503502115	0.5090772354462499
DTXSID6020856	-6.378445273059355	3.581620067808366	-4.078981643800884	0.8940887277432626	-2.418619453481189	2.0174790421179547	4.626649070375278	-0.2193235933856353	-1.093375675655406	0.11323660106843587	-0.02721127369513131	-1.312227666484009	1.2626073118687013	0.5159078711608439	-0.011865658362851096	1.2725065804014033	-1.489727583979108	-2.8033567145264287	1.2074333412182723	-0.3786903195987463	-2.0529333196066926	0.8264368457652645	0.262558152596307	0.4174946442644135	0.6182669240010298	-0.05837976329524427	-0.08531328606408838	0.8094976680130354	-2.211636899664314	-0.7542778697044339	0.378659470655344	1.8735537065043253	0.009613213973883785	0.285856153288691	-1.1379895301273022	0.42720211550807075	0.8046845254009458	0.61714011367167	-0.020296553621064983	0.4886121714763726	-0.8844007069100436	-0.08325511543363526	-0.3011942915581833	-0.045066446321062326	1.0299532943622984	0.17573649311616069	0.33411590939648755	-0.5071913748855709	0.43155621177360176	-1.2359912518178684	-0.2674871812588528	0.5191130790736429	0.3933104675001881	0.11231737093685992	0.5071345049668128	0.4000366809276789	0.37793951916128987	0.3661452865149843	0.23277522433099052	-0.2437905324275356	-0.9202931533397684	-0.2763819364856651	-0.9279191752604468	-1.8596476994073308	-1.382833349427195	1.3316647333718912	-1.2217452741934878	0.025221810146973233	2.1690639769060174	1.1896960804706296	-0.21305090165657617	0.7352607033875329	0.5845339650161352	-0.013744794842077248	-0.1400391258893986	-0.2933921071963918	-0.039569304196472574	0.7589649062566679	-0.801095694297877	-0.38211199481710273	-0.045358635131004986	-0.17569671575949763	-0.1506316202453071	-0.20081302130064932	0.3762442445139281	-0.10463959968012834	-0.2573114155321604	-0.00888113864782429	0.12725510490759448	-0.5247477247451364	0.5044510240448954	0.032799766484916004	0.16745394914877068	-0.36182503049978226	0.09025129527749876	1.020350587708921	-0.2102268404170218	-0.19391775524724975	0.08807788094007898	0.5288452641647957
DTXSID4044535	3.1861127483417375	-1.6116091476801724	-0.9016415453692351	3.726521597440307	-0.624987088637537	0.7429879155907435	-3.202474393834834	-2.4664583526109896	1.200009024349223	-0.39177717325219474	0.6579717423796214	-0.43187950876126296	3.5871648061476122	-2.0019762378146257	-1.973153878194778	0.817405011999427	-1.2235808551340446	-0.2892076222788858	-0.5306177254231964	2.3030454401508638	-1.036684908511843	-0.18079283000612043	-0.1825707331303538	-1.6848850570801148	3.2324952406598357	-0.5680886357495907	1.6414626746308507	1.433915692192522	1.7013247584033622	-0.5719090047225842	-0.07347698766906349	1.2735963746634298	-0.4542998793611627	0.6830229743888605	0.7864446561306664	0.7886320723091279	0.0077771851024340775	0.0833166236354109	-0.37980821377313834	0.9880554233240926	0.43700081543164754	0.43774455993996053	-0.1060433148946351	0.28062129583646395	0.320319022323285	-0.31516690785856577	1.4356355703139214	-0.7874752973124225	-1.0125854341064757	-0.7400074442690636	-0.6774078068282524	1.1211734342578459	0.8171511601840848	0.6089895902451373	-0.07983825204508808	1.2628434081001128	0.933442263018363	-0.8830815375435765	-1.7311147969120548	-0.22128462533877016	0.5410593843398814	0.6717425728310559	-1.0364287652440014	-0.418287223520321	0.6389800747314174	-1.3803207807316833	0.8200007099361564	-0.8167822342918201	-0.40430905055685695	0.7555806497188692	0.8667452917306101	-0.1390588128653693	-0.2785742788799834	1.0926510290770002	-2.139534772537912	-1.0472269071651987	0.8609529292966231	-3.563574450606385	-2.1456097953294133	1.3954460280068857	-0.835614749342031	-0.24341918643924199	-1.0585803357587502	-1.953776413068599	-0.6053258118613272	0.11248742535738973	-0.028344361114693073	-0.6260474795011114	-0.14758928942705576	0.14011136378560257	-0.3590430135465902	0.8335583590545632	0.44028460145055287	0.20491837711096159	0.3892399814619054	1.0954889864497388	-0.9951641684667536	0.010196667158397557	0.04530207455768165	0.19941286694669338
DTXSID0047296	5.860061106107941	-5.534633754796867	-0.7510281076383171	0.016705379663815717	-0.7569976087018209	-1.972664816588771	-0.48088819597564936	-0.9233429294775347	0.7094464583196239	-3.3043835324910664	-3.9569191255392493	-3.4893473139271847	1.9161205991643742	3.369799011251877	-1.1233460337390115	-1.6875285205886812	0.040132943448366105	-0.16538623506147648	2.0757298546554415	2.050748438514966	0.6329408703245253	-0.5711883870236961	0.1714323703833152	-1.5890887396036892	0.5222271592997972	-0.5511298232059781	0.4324708559789571	-0.2519438799047511	0.9167736268907222	-1.1606830308878051	0.3436278048655883	-0.021089442958793298	0.02079679614897281	-1.057494063559587	-0.3675664757103595	0.7693107526766846	0.08236117581854956	0.32810363206837095	-1.1066919832036064	0.6876663939380381	0.08300264215804251	-0.1956196919023894	-0.2539399615445381	0.37878372236861807	-0.2215277944226091	-0.2752296035315549	0.3853088259926457	-1.8448660018908911	-0.3977802009800331	0.49222494427950414	-1.5310276146318424	-0.5171051394052347	1.6596208554098746	0.0926054316597564	0.5590940023462141	0.726163290491923	-0.13274195363007915	-0.09360276646581411	-0.7455556387179058	0.7559693943733896	-0.4990886917029668	-0.9060162137955347	-0.3799730915857744	-0.05481636961672309	0.7110458751390336	-1.2149660047667497	0.2789002927118029	-0.6101857865483125	0.49233739909891666	-0.1310439440656525	-0.33087651329212764	0.3104950197090289	-0.7879512250817047	0.4169399126799582	-0.2073520077930474	0.10323760001360033	1.0305305085043834	-0.18522413040805027	0.02917677696739419	0.630642668339676	-0.6735489864470706	-0.4410447708235266	0.7622782675626579	0.301177311880276	-0.2644550632496135	1.0512446860509261	1.1632070455360715	-0.23247924204451267	0.11583130912454256	-0.8263171660301505	-0.03801958293701744	0.18458605714334575	-0.5529914554026664	-0.06534874025267036	0.7977187635056648	-0.29982504581728414	0.521205857695142	0.624415442296145	-0.12711368514783195	0.5936112432374906
DTXSID2040731	-0.11796765881560166	-0.5335753176506598	-1.458969659423291	0.4881647634492867	1.2358913540466592	1.344416471896403	0.07569515529836413	-3.613335107146443	0.9949849259702404	-0.3306892817794916	2.7989566382618776	1.847600350139047	0.6622518224806087	1.2764464809685567	-1.6068344269782677	-0.028943251671623944	0.1067992841699004	1.9264670369209405	-1.0078037971348566	1.8670778474632879	-0.4117993953665044	0.5022430371307635	1.1210962822426478	-0.07655014633373035	0.29460936083586736	0.12783142861465782	-0.3461607541846736	0.6290654720903892	1.0569798527897665	-1.62335284828452	-0.11475384618173315	0.4526046647537633	-0.341321589507536	1.3861336336266783	0.9210538895475062	-0.8390242854919828	1.2189343490740316	-0.4981322383079707	0.26397974784138006	-1.3941481708568308	0.6279885571674574	-0.3658308530856332	-0.4211517091125136	-0.31298728134887277	1.262079020324766	-0.2036439418325634	0.5754066164266053	0.04033003167799661	-0.4212128885856824	2.0159950171841166	-0.4435664168969104	1.1726257939900053	-0.09840578627330988	-1.4887975359565924	-0.48788557777046543	0.2748501613856744	-1.1202584626458705	0.6748030767400555	-0.8012217569541067	0.14131189603420471	-0.37529062667051716	0.39774124072190886	-1.1174356261149285	0.24714546856939967	-1.5099515531283103	-0.2904937376359887	0.1400294437848926	-0.4133384125556089	0.5993633873999408	-0.26900690726167475	-1.3254238502841678	0.5674833906073015	0.6059601449181956	-0.20729404153114572	-0.7700848748848778	-0.8850710051884614	0.16160602827274365	-1.4201892469284074	1.0863688560332923	0.07140869557297916	0.16913497793720592	1.3572082051133012	0.8768149158290028	0.16759745370490337	-0.46889200596711417	0.30849677911302	0.17997973200910583	-0.23399598202418825	-0.09083489309006701	0.010931377754596688	-0.44262607995341013	0.017150495459841285	-0.0998095900643991	-0.23847506838513785	0.1696492185607133	-0.0018144448632053404	0.045514057474270446	-0.0005945665645126786	-0.3560078613797961	0.11653937589772506
DTXSID7049053	-0.4650881645764615	-1.9417249242913905	-0.951757454373354	0.11152256304922262	-2.141290247997451	0.5477492006336999	-0.11408988684746081	4.604933480978879	-0.4384243619092211	-0.23632763414656885	0.39270784565422023	0.8537594110185669	-0.34741884023723163	2.366673620620668	-1.7970629077294324	2.5979752418329007	-2.855087640773135	-0.3486917484654975	-1.510080158829002	2.078499056004461	3.988474638282168	-0.7997410257886832	0.09894337691621284	3.7687717676418377	0.9954087817148841	0.2779194045473807	0.4769410443275223	-1.3875301180419095	-0.5590864883914494	0.43965905349878504	-0.16365104442756695	-0.88448328205119	-0.04506083394230682	-0.8679678398901608	0.2956137202637642	0.26313206361823355	0.2855555158807483	0.00010694788740305735	0.04789199025949315	0.08598132397354452	0.15915243205148294	1.1736072947940808	0.09480869705108981	0.2540681084204791	-0.8895681538634655	0.032238258453751306	1.275178750404588	-0.016313134600411304	-1.047830515808837	0.31425320878638574	-0.17511949665085014	-0.17408337575384109	0.45066725734966395	0.6365422673711566	1.1512886802082345	0.4359476398225192	-1.8554783485842297	-1.1613978186690341	0.5770243738487824	-0.7464356887720576	0.1936653069082918	-0.09394756931528334	0.28156599407939087	-0.8221782149074666	0.5046093123648622	0.477970032309448	-0.1694139063044056	-0.25607945380782277	0.1709554949247314	-1.1842179971479019	-1.494612495811723	0.44079806800655436	-1.396766016691835	2.2352803894694704	0.22789604890835513	-1.8384415095280815	0.8378334127642894	-0.9464181355755593	-0.3637015597243162	-2.7772023788468814	0.6425494486287648	-1.350479720333079	-0.9059710745994265	1.2368710324146939	0.9918629890268859	-0.04288245835771322	-0.6064956129174169	2.7627683291562803	-1.119718287962921	-0.3650305387063823	-0.342517506534102	-0.3988495717184604	0.08768502342501643	0.33332646102879365	-0.47368400076088274	1.7291924984301372	0.8036618976763928	2.0895661122096176	-2.817234393631255	-0.7409066853934484
DTXSID5046433	8.342345806899763	-5.751184319365648	-1.5757401919503893	-0.038562910088618015	2.062825583907939	3.4249364334102714	-0.7061050917730539	3.7702805916306223	1.094082171412754	-4.890310233391126	-0.02726879600573	-0.4102006446887576	-4.948617781217334	-7.523478752991439	-3.934818601996659	-8.220298165534807	-3.6441833735835933	4.409561429745657	-0.13760953270384438	-4.118241385216214	5.152227633617813	10.177968183768618	6.913707983961213	-0.7484778984110118	4.32976220884917	-2.4955792511533414	3.1307287026625072	-2.6112101648899264	-6.4664073833090825	0.13671210821139562	3.638089184970015	7.23015557757555	-3.974889274048699	3.24123093442802	0.8895850834927539	-0.9954841307250725	3.3460075437334544	-1.8511393277185253	5.317845834466232	2.0883036894490252	-0.2436434466523543	3.2455715547605224	-0.273048729141035	-2.8868714576546113	0.8337259112874629	-2.057308705989117	-1.8937150930284854	1.4542212417806961	-3.1964259823055703	-2.0229595419359208	2.569854433528514	-1.7113347383303965	-2.365003691263497	4.005879236428923	-1.850820801622935	-0.5452861957001194	0.9882158070330963	2.8433274292178106	-4.565902851038401	-3.211230863432954	6.212911148264833	4.381779444778873	0.1700495658149194	0.8110888413604197	5.417236577859993	1.7337039490039077	-1.3164019698251295	-2.8603258376540492	5.233753642767239	-0.14528428950966182	-2.250979684323316	-4.386118415667261	-10.828920423227089	9.176046388302801	-5.803225867317905	-5.0699854548869485	5.319556667112319	6.398746898391315	2.3661530509378554	-0.2596128926266029	1.2963003046772472	0.9457431619986033	0.19048166337217345	6.260824596776373	-8.46084803185051	-7.208503922672922	-2.8052832892482273	-4.796350009202679	1.7579446575554327	-3.0644234103367625	1.46046598521261	-2.008540336335739	-0.6399569577695667	-2.995760095430781	1.4475264979800455	-0.9202999104418144	-0.6333595224643183	-3.230633548310109	-0.813059252499863	0.4103301443149686
DTXSID7022679	2.2331426316743848	1.255172925386099	-5.5509860728997165	2.9487771896001527	-1.4196208456641122	2.745642585842685	3.6793752612873867	0.9970880371817582	-4.205294460095077	-3.9113001719078646	-1.9423773287849404	-3.695532967835081	-0.6296965094480232	2.839160501727946	0.7307164670556369	0.1970862674790758	-3.3034895765942105	-2.4833899903496706	3.9214213922629564	0.08786566326579727	-0.8320338190129901	0.7710350619419578	0.5155332727720212	-0.9973545820581408	-0.22966389945838464	1.7203765223574132	-1.3509982202436752	0.5658182005469593	0.8037238227086865	-0.5515035736845666	0.41975658663761617	-0.8614592502486659	-1.4024825695115937	-0.14615786503143158	-0.5029856824089529	0.37551228853420743	0.7123269659095387	0.7344804758687536	1.354288131758353	-0.13410964582672336	0.17857158254473673	0.15269979502231223	0.4165915795940874	-1.649423726351164	-0.10582234127774243	-2.249052857826255	-0.767543872488956	-0.6076513527866432	0.13058369013477267	1.262744957344841	-0.7436807944437205	0.30838921994560553	-1.5244343594032028	-1.1347269213782343	-1.1770550588629842	0.36889419577638494	1.6985238839979875	-1.6347716951702282	-0.7744611777835778	1.102314032990496	-1.4078125057937227	-0.45803279820620785	1.6450031053992034	-1.2611408452543749	-0.36185825163264673	0.6122071229941474	1.308003528996301	-0.834103078343067	-0.7020544480782838	-2.72533080929064	1.536583591229023	0.9213250974837112	-1.8699755262385744	-2.7138922896385016	-2.8291630565858377	-0.2946618788440686	0.23081220281384154	0.06337153561059236	-0.09237786603795474	0.5962065367538971	1.281273774495778	0.523127098290642	-0.9355907815693052	-0.5567378601364341	2.194015459087754	-0.38469482694762736	0.7355928953441764	0.5460014698925	0.5394969525889506	-0.05128837258332393	2.297394122423771	0.6923955537859683	1.500136926473955	0.6734657912052306	0.17729730184132275	0.747834325379539	-0.4127861917690312	-0.025524415069749538	0.5903049304951137	0.5323931025408275
DTXSID8045191	2.7542261053983474	-2.0928358951007335	-4.223336229179808	0.33801566312792786	0.33801434554841575	-0.29802815105582264	2.308433188302389	4.2882985536058795	3.0948692441522048	-2.4433891653213298	-0.6259017062884458	-2.6805532164897783	-1.3077503953130858	-2.5931042538237112	1.8278331937134857	-2.861888808749801	-0.20939184286231258	2.0000632969543033	-0.3764263322869448	-3.887307622202447	1.6302404649514655	4.051010951092751	1.1156332539932676	-0.02843691456179934	2.5190760972874533	1.739901335185822	0.28755253776883544	-0.24933613998073523	-1.2636875615914294	-0.6296802509998849	0.9266380717287367	2.639682184627034	-1.5491827281439152	1.1815590137242107	0.3245623034898439	0.5685408865546355	2.7203638570946	-0.7687613970414393	2.2501926182195904	-0.2866997211742342	-0.2711536019937355	2.238173259444812	0.8739932634420259	-1.1681239966416073	0.6634241710004821	-0.3454335054428119	0.9487608438342504	1.4525997473059202	0.15591231976359873	0.2935751857977716	-0.40766234570249044	-0.8148424236741012	2.7417091259557713	-0.15469783649156016	-1.3715704285743582	-0.49835161444841286	1.291181357162145	0.9666503978035128	1.6791212224598517	1.794414948484691	-1.6056981106219312	-2.998718505542448	-0.9076711812162614	-0.3795029575813546	0.8004206710417002	0.30851481878796	-0.1292618253882497	1.1971106044355988	-3.0490440365899594	-3.370849299045522	-0.3192696833915059	1.7858869415824243	3.670735540407489	-3.112850593008224	3.1246216980442645	1.950272474104336	-2.4711580874693886	-1.753616494689348	-2.3005745570062124	0.17550310165172325	0.41240208573810416	-1.930795116266741	-0.18597820907589743	-0.8596403415567679	1.1439964601356303	0.5781459867089169	0.7562519938488784	2.034721850038434	0.47605764407292867	-0.34199986748214767	1.3306906174670299	-0.7565589344933994	0.753837983974405	0.8065671405547405	-1.2463190439716092	-0.9850789299622758	0.9120005257874065	1.3297607460403396	0.9788059487468505	0.9584116969614124
DTXSID4038922	7.877919216922903	-3.4884053620378888	1.007384093543534	-2.5349834318311752	3.639281097282051	-1.855569745472371	-3.5975430915101465	1.580573618392454	-1.7168380291195962	2.8236920773091643	-0.0833282806822249	-0.09311127944999395	-0.4537792230148847	0.2841189819020714	-0.5841892681590117	-0.7399844851793526	1.1590412467897524	-0.6729003163325163	-2.508210282871381	-1.9977509360399701	-0.9317262280944719	0.3534533085796932	0.572792082048077	1.9977003004636522	-1.2313170281131556	0.47494375931927524	-0.9040311969339563	-2.240777150649187	0.21871113539415657	0.35715164122807	1.6733751974437736	-0.22048185187816646	0.8641296547655247	-1.4229744048653479	1.5387340235445532	-1.1284739004152458	-0.3245512714913882	-1.1089509943838427	0.2865691937815437	-1.095098482409439	1.4536771382990852	-0.5233170879566926	1.0889116602470594	-0.159794855873906	0.9611573673419617	0.34211254500758487	-1.380058992712697	-0.6839633686694153	1.4636442115313963	-0.19455791241073322	-0.26180694941568816	-1.2806936299317253	-0.842525798412458	-1.1889378939928728	0.9144714746096031	-0.4078110591154511	0.21725589221675945	-0.6926958049389845	0.3699537529501203	2.1222548326325086	-0.45582307665469146	0.3005212672035814	0.28392239048830037	-1.4710799479356715	4.074530741127751	-1.1583374738139678	-0.6834511279398263	-1.78648196874004	3.6194972489491057	-0.424156177538741	-1.7529138197005059	-0.14899954220817643	0.3080526945224699	-1.6372700524855535	-0.872296020655273	0.6600561598156052	-0.27502263791387643	-1.9518670670815697	-1.2640325833038584	-1.0447616904249202	-0.8059911801470064	-0.7158188433531708	0.5716336402917622	-0.4975820376543897	0.2286764752083719	-1.403968307640939	-0.8733913981374054	-0.9288070460250067	-0.11517626653061924	0.06207046425931605	-0.48612727363278424	1.30152999517397	0.7389214359655998	0.05719120531545307	-0.5833141084185971	0.49964809628313145	-0.43588621753416973	0.42292261673929826	0.09036745396170894	0.5455084170927423
DTXSID0026547	-1.89026996678133	-2.8197861381295852	1.37741837024253	4.092374821443824	-1.1879120775264769	0.09591610342454901	-0.9977250115649505	1.69251203695076	0.569736173350212	0.24389961845677208	-0.8289944936398432	0.19012850352439825	-1.559457586757442	-0.7640615389613111	-0.7440637675972064	-0.5230917227770838	-1.4222321348171965	-0.21087985487112837	-0.044720800495033505	0.3688435160729211	-0.497811070980763	0.5971554228164568	-0.1338847347555778	-0.6232071490893956	1.2340873176137084	-0.6795508194542973	0.2116019147826881	0.34490807008981067	0.11901122133952459	0.955171597795723	-0.35279117623105327	-0.717317220727663	1.0126696688772021	-0.34183533640593866	-0.2449016511389191	-0.15527687788866726	0.983423067582815	0.4552913548973381	-0.011497801919639582	0.41517480659653333	-0.24291833600124366	-0.7678150692088204	0.38476304916905724	-0.41075140910926966	-0.395515366313005	-0.3426830826704982	-0.3583721394340963	-0.3010431379400543	1.0213607696402416	-0.351525468784002	-0.7341974962850104	-1.0175622258435024	1.9309726966743213	-0.3518295946319833	0.1377147321603957	0.1159545923719011	-0.3998243548481306	0.21650358672400175	-0.30139138160374224	0.5014449562307454	-0.2410275094760882	0.4620268275651807	0.18439759523516733	-0.1934395720278132	-0.46763666252142844	-0.966453514997209	0.3465963424215684	0.8911714873174967	-0.35021768108770485	1.7632671310393428	-0.7722055331051396	-0.4021483479784044	0.17593832451984184	0.3943847809176754	-0.6770453910130422	0.1750168602317374	0.362443658630558	0.5381859309141344	0.9903516146488217	0.34670321084963357	0.1816269812319668	-0.18265333126798927	-1.3187397910007441	-0.018292358902114364	0.38678258754918826	-0.44920163363806176	0.19620156817108336	0.6736770595886575	-1.0132228042252929	0.49478833063590205	0.2400463869527052	0.025763964271298324	0.7297631446156126	0.3279884295046152	0.9544254454949254	-0.7003049271874409	-1.3390294687115412	0.09485499070496549	-0.7119511786510998	0.6606736865127084
DTXSID7025005	-7.029991415094133	-0.32787264830809165	0.05531445580424379	0.5909773288399259	-1.0740432218521423	-2.1996260452385092	-0.4258908725753949	-1.272111926799705	-2.057641477547792	1.9851125031625434	-0.028004853768820368	-0.4862708241964856	-0.3015837103278064	0.8135696602064149	-0.3231372050404605	0.1434576260080157	0.8556878341822458	0.26404491390940754	0.5777261470675648	0.049370822194813764	0.21500628223974078	0.5854814616967641	0.1558103164311245	0.3316103122627929	-0.6396184525764611	0.19722770529868877	0.37665636394930135	-0.30886536448793234	0.0566615719831814	-0.06620701679783926	0.448282966408259	0.24810799204256584	0.43618656849108894	-0.252197484174529	-0.15258961190011408	-0.22696113762724043	-0.5377617163606566	-0.03491638717308323	0.34815849109408276	0.01613962409268481	0.19629349147093852	-0.014244601600522867	0.05191078680282135	-0.14898489435838969	0.2949740241606074	-0.3512019917766988	-0.1516676444411879	0.03121708425489313	0.37165752376424044	-0.310533889471346	-0.5184101513463777	-0.2929038878269719	0.2527750356487837	0.4556147076492256	0.21866794905677062	0.051607209515826535	0.4039095816208381	0.24085361086000204	-0.44815314985305743	0.12496033131249593	0.3471136404203772	0.05480530246888055	0.3245360374517274	-0.48354167537812426	0.27723567727377835	-0.04123384322847396	0.24285342537261864	-0.19869409655142234	-0.33889982732675705	0.2926863795132194	-0.007229974756270612	-0.016453493823007235	-0.1003472568019415	-0.0041890117294694105	0.4456657206156975	0.10983000222721578	0.13966171526622986	0.20904438687639146	-0.05877736507316054	-0.03237712021557668	-0.07192640883816506	-0.0653634598416304	-0.2498440815106595	0.17735101254162275	-0.08015983925559216	0.08059590471711216	0.20265918470719868	-0.10684981445708948	-0.05587245921632306	0.1485076249645451	0.03950723407805077	-0.3389321559031636	0.16246542667432617	0.10609016477511957	-0.10689876119194758	0.006014976351177509	0.21231376224075324	-0.04786371637588415	0.0019730884886091393	-0.1613651520363317
DTXSID9051454	-7.664887675937908	2.201597404294207	1.1872283676146427	-0.7280167308098761	-0.6615605962489352	0.5028196358979645	0.8445895866406714	-1.2536349342343462	0.5611301560303305	-0.14035867944955605	-0.5907131554797025	0.411242989371408	2.0907347532980753	-0.05854352852879948	0.6278717049158319	-1.2409556049368629	-0.9810676055783837	0.4286698880707678	0.7421396157682784	0.1448546576940706	-0.48391456142434375	0.5786185082230159	-0.18959017966595185	0.070170348878311	-0.4041252579031381	0.4086052041915113	0.40019994541546816	-0.572202455585802	-0.0364925684116671	0.1700969395427507	0.47103911815169514	-0.2074893408023554	0.2037790367887674	-0.483957712221493	-0.514852619931755	0.4600554367105011	-0.10020030003858778	0.4036767317597141	-0.1277631073885512	-0.15676888184740737	-0.05939065044047754	-0.6978498771510655	-0.400208380342052	0.6487956812756608	0.33858010001547784	-0.03786371449213902	0.19658194641739063	-0.15521657341816072	0.5958158312074953	-0.3317893963463194	0.02306892372751737	-0.02428982045691724	-0.08161008260845129	0.20787789862863987	-0.1535134689416398	-0.49506294463845874	-0.15873654270177592	-0.4363369564064662	-0.007342804996614542	0.07548044717475219	0.22085304951352608	0.05434209992188708	0.36049297902814476	0.14260050226333726	-0.38605480892391697	-0.31326850336187134	-0.20194205025226672	0.02335559819963635	-0.07629802102557424	-0.1886678283282363	0.19118371402877626	0.11284321258285245	-0.10385675605821602	0.27733362015610785	0.10569310922914965	-0.0013891345706754184	0.27291478730812047	0.08364887902123136	-0.30771468210285924	-0.21951309841065686	-0.10300115377584407	-0.6328168544854865	-0.08548028961186016	0.11347721562308129	-0.2735883913158198	-0.3399566389580043	0.45334336461633795	0.04550543674226156	0.3471924750744073	0.3235986839244028	-0.024981541632661988	-0.4111082913514109	-0.1869654619100581	0.10705314142755579	-0.038514578986045364	0.1377539125268706	-0.2749542059256143	0.11316965772464954	0.2029331610897618	0.11516877769501194
DTXSID2037714	-3.810246858202823	2.1940015952358776	1.8985232988705938	-0.3344227820642695	2.810840453130752	-0.47202782399491106	1.0653915350180336	-1.4835354187734604	-0.3105821893335295	-0.672770298537018	-0.4777241505827747	0.585056836664519	-1.553209480521264	-0.9150284832745802	-0.023003415235773282	0.33111494855404283	0.5485262961494944	0.811445956037106	0.4425038287024291	-0.5152453376305465	0.16272247871701362	0.3865923192740349	-0.428384154890936	0.3000231067536262	-0.021631645632146576	0.015361093061992011	-0.7048364019297904	0.41781675721088624	-0.10298838608408521	0.013474272572852986	-0.07008118857570687	-0.7504681146845555	0.4491563386928898	-0.422203260553441	-0.025003925137090932	0.3071087511502442	-0.5908296659180254	0.08178754604587049	-0.3706206137656173	0.543535152245865	-0.0967642992418421	-0.17331519927810055	-0.4989453895276446	0.584122615749058	-0.098670431141904	-0.1503094958400943	0.31788067627289435	-0.48249827688475244	0.05065656711874667	-0.4168807064958578	0.173389885463073	0.1077356835489579	-0.027119528407935647	0.35728963508989714	-0.055093991491160677	0.6891282747705854	-0.5050610325095632	0.44967700139522376	-0.20933958793821955	0.022830688097977628	0.24930089421202434	0.5510736517326968	0.2089666627072659	0.08347821851805616	-0.2661345586378356	-0.1994015537270075	-0.04510185089979505	0.25851464678962177	-0.3722303719025969	-0.5021781266794011	0.4077080953597246	0.3288180826917666	-0.14012761818497774	-0.12022832072009222	-0.0655853073079758	0.15682586950263813	0.19806821673310043	0.024773697388415485	-0.007070201394007682	0.15679372899881536	0.31036975466369177	-0.07221171592904724	-0.08065321892667743	0.07661054683280398	0.007099438760285285	0.23075043453270794	-0.2970283914449544	0.15981919477138057	0.08869345577382562	0.060497472601338524	-0.13170873009038778	-0.2932956337560822	-0.17378411689398188	-0.17532127333987688	0.1151425452998913	0.08526411074917542	-0.02687135456175703	0.17305186789886998	-0.12189193169100591	-0.1376923964267694
DTXSID8045696	-5.0725059179909975	0.4251447259312248	-4.652244282603611	4.544070914132129	1.5426616157858317	-1.136716791329547	-2.207615755940408	-0.06580384552099451	-0.9058388359771855	-0.24760494304615213	-0.7807500614367973	0.2050396582039875	-0.3716501059784508	-0.6270228147033532	-2.4070474413722143	0.10476179561199932	-2.4326897390104665	0.22286772724967335	-0.5310729720873546	1.0667115919398953	-1.24774263181824	-0.3975494027770353	0.28064593898229456	-1.326727104572489	0.38351205779011194	-0.32045397766543765	-0.6878275230140282	-0.26063246603954726	-0.14699119579083048	-0.544120899064057	0.20339651738496106	0.2721644821141291	0.01747673555691939	0.6549628658956489	0.023758319655959828	0.3307733282516272	0.5440145148588639	1.4705131081649823	-0.3904965748398566	-0.24046376751985832	-0.15541765370220806	0.30363258070060206	0.25410082054251054	-1.340128709713519	-0.10910036297691204	-0.4180944799068988	-0.6479909128375464	0.3264255497287245	0.7201568966822959	-0.11441526329944443	-0.2623273085209917	0.2241838948719721	0.3474015297185965	-0.6042528553292095	-0.656829880713649	-0.6318674071068398	0.6871414351993096	-0.4377406877024266	-1.4998691101267734	-0.6462422148286143	-0.07805498330212761	-0.7480023843534785	-0.7691215288963168	-0.31082667566386946	0.5670836536050674	-1.0918250795116526	0.6014034711506417	0.7147203622749757	0.9759009277041002	1.664418614015711	0.3176034753987338	0.8460672892240504	-0.6012658676007843	0.2361549419421751	-0.9322054458061849	0.3427124914018275	-0.7563038912535127	-1.2923389490353938	0.32558608403087425	0.07389959278146686	0.18220830866596435	-0.43460103131808125	-1.5383241929424198	0.49141942724449367	-0.5391960558589535	0.6442297355191785	-0.9174741797053573	0.34313218129052636	-0.3931389714656615	-0.08579530902254665	-0.10097640711525872	-0.00024757132277997856	-1.6224328136529902	1.2779845425155594	0.13514228012041626	-0.05536294082262261	-1.186114569655276	0.38386440070451266	-2.227503140940712	0.04582592506126849
DTXSID5048976	0.32107320693011815	3.3693011497227627	-4.227883752746562	7.357412020514046	-1.9662797682337252	-2.0388166855979235	3.809998406838506	0.669807450050686	-1.9489003353069616	1.3663511773885173	-0.6303949524031763	3.3418627775052614	2.9611680848838278	0.5250552309490645	-2.4031189058554276	1.6731415677115444	-1.3315189318072194	-1.659557015616024	1.0907874401252455	1.4685184548203287	-4.070779641842416	4.030474097721627	2.6552252046145814	-0.8239434717150428	-0.6843075186693922	1.9286250074961002	-3.3552480179943482	-3.0217832512781984	-1.3624974198215734	-0.5374193972719526	0.7781543070417756	-2.022235457624726	-0.9837219186045166	-0.7685819928694415	-0.31749251120797933	1.0578905754626975	0.10384084689702758	1.0660027209795053	0.8561980878526749	-1.6674312844190589	0.04084453837331186	0.45822250301678125	0.1071368653669612	-1.4330539798279591	-0.1850368888838181	0.6101673962003878	-2.685722971190009	2.390196595290907	1.9573491047520386	-1.3046831812760755	-0.5479915977002414	1.0477954552876223	-0.8780632185645244	-0.792608352825234	-0.6555448628268283	-1.3183239078077216	-0.09770345837221421	0.548832574864969	1.4017108522068453	0.32893604918939723	-1.3117874358208712	-0.11241465257038952	0.5484214525997874	-0.8948903359112456	0.5150754417403143	1.496710939026968	1.346762567214423	-3.304956969903429	2.799493685283376	-1.1117796082080098	0.37117232329844513	0.7825200592038316	2.4898978526651474	-0.5580779873559353	-3.0877213523461644	0.4101843998171811	0.06686511888980422	-0.74119775673493	0.033666958989796866	1.7174629941402206	-0.6114294070781993	0.5150012389779658	-0.43237839746940576	0.9157476892165355	-0.7470831996288974	-1.1524272598046175	-1.884751390175818	0.5615591874749563	-1.5295818196938413	0.6650911649930035	2.0891308084882723	2.7536482531615656	-0.960493886099385	1.3054458824923902	0.27435252269080335	0.22990542361651295	0.5628263780738595	1.7507446813824163	0.04199545867157814	-0.8693105104842548
DTXSID0044496	-2.9570833391575655	4.586370754382007	-3.0051745373736725	-0.27170226235305783	0.10793922152083006	0.8525279244371047	3.2639194471401067	-2.4142431211684654	0.36383120010690173	-0.06946356844207613	1.060257679405907	0.2525895947274117	-0.46452846785472585	1.1421722944129697	-0.17752162480616185	1.325309067856247	-0.8314348520171186	0.1474163638017379	1.7510693801143278	2.3513740574195565	-2.2170041439921566	2.1966800831800075	0.18952603206806135	-1.2341416596889592	1.7422360257856666	-0.486446015150375	-1.1442058950936207	-0.3836565520443638	-0.4758784867378514	-0.4617016909877768	-0.5575821232722892	-3.364582840508637	-1.512129534837939	-1.9012785008048367	1.391089000468436	-2.621579962613716	0.7952677421520056	-0.05365800802804226	4.085178507582521	2.0218413111864755	-4.254351975787455	1.0478391266359988	-1.5758938696897977	1.1032517871919736	1.2994022430587904	3.9825187521441556	0.7484028142553797	-1.3345679003114477	-0.8591433452445143	0.41519815790733056	0.0017038833706977498	-1.436138565335095	-0.6366351619325874	-0.8339135448389864	-0.5335767888188029	-1.1006059548631444	0.9324187832896094	-1.6496504280530557	-0.3616327516722616	-0.3798401940855845	-0.7641320565782573	-0.35738886565503336	0.8412647182612588	-0.6468539351870045	0.8229883239594661	-0.7048191635073501	-0.5518651590180971	0.31357209725820095	-0.1883155954262597	0.8834318724364801	-0.1960240375058718	-0.21657153662831324	-0.9533230788366431	-0.9490720636101444	-0.4054984162123574	0.8064033419440174	-0.31092359689161664	0.2908463681480466	-0.5002031126085179	0.3425894952160939	0.8662814426892945	-0.5111355850810797	0.3230011993235325	0.17295242742951827	0.15454621229472976	-0.11712637278416349	-0.015048904323873468	0.39794487235324144	-0.4554023094700851	-0.1580656836944405	0.3510631278789724	0.918320197642737	0.4038489936507669	0.3522843486433614	0.045338174346969976	0.26384661334884935	0.4599850014468249	0.022997999422327907	0.30866475787717446	-0.662530591673025
DTXSID0046692	10.040675404161533	-1.7676572960062749	-1.780577544615825	3.2023102003998067	-1.6132080485092348	-2.2918152714278417	3.94628392146795	3.4596996125997714	-1.6596013846646864	0.2817981056333743	-2.7413915611058073	0.9823289749978521	2.6028443031140047	1.7941433379676097	-1.6974974394259703	-0.01577147758758213	-2.236035969151196	-0.43088541364834687	6.072763749307052	1.8465765041636297	1.535900702425167	-0.5706576795192139	-1.5229055293058116	0.502916415106312	2.319697960521974	2.7983682633263025	1.6020084169543203	4.056679542425808	3.1043522543716406	-0.7627628661573391	1.0037612328093801	0.6297314101364624	-5.015151768386394	2.7003724389306734	2.901177846659042	4.868660061675505	5.7369182210924645	-1.516859606593962	-3.3431125443562197	-1.934824806304189	-1.6118172377843931	-3.9078751879151983	-0.5222404496813343	5.998943793773297	0.3070016964728133	2.775240195010729	-1.9967468763733809	-0.10096573732812555	4.823536961254251	-0.37392052569468276	5.799362682788011	-1.7323171883429513	-5.080451957510318	0.7588876287113054	0.8723709698315938	3.4156892171350686	-0.4941646544661561	0.18148975079756885	-2.0866303794613734	-2.831442634832939	-0.27540604785591666	-0.7088282085131125	2.18218676264214	-1.8279542564946516	2.386657653127606	-2.312439492626778	-1.0763644630196714	-1.8876526790563868	-1.5468552070816253	-0.14053717640711466	-0.45604974344630655	-0.2904060372087951	-1.9689462285567276	0.12841516704290135	2.502934503999497	1.8086758409244619	-4.993584274467373	3.9534044785758935	1.5263230049199192	-1.5302470541330193	4.1354293654033665	0.9757303699665869	3.6448734998630044	-3.289738168137346	-2.0370243614135126	1.7970038200883691	2.492504344404563	0.22444392203116778	0.2476636716429337	-1.0569257825568967	0.5755929712067485	-1.873596720599411	2.6305032927449608	-1.416547939832504	0.05940088913467434	2.9863100446476456	-0.46146997824054753	0.09321020844606166	-0.9351580269398632	2.742066019449367
DTXSID7057783	0.4119800783228074	1.8046046548947927	-3.7808349104968886	0.5090789105144233	3.0723899833756807	1.3982001647437654	0.041921452827020166	-3.1779688723527317	1.5676238025690257	-0.11276453753636782	2.407776415979041	1.6717597336272536	-0.06796236388640699	1.5574121926547704	-1.0935092657167376	-0.20881852200913947	-0.0867157203909554	1.612775264875269	-1.6552160009077768	1.014558168741136	-1.1643378015922556	-0.22003230946760602	0.19029670072020527	-1.136466115322515	0.7917950427229431	0.18359698264071217	0.24891071284505864	0.383396563749483	-0.2946829096760929	-2.0580556666048553	-0.3732539323902964	0.36676675300565775	0.0697339113137205	1.2609451107659273	0.4338255145591544	-0.4459457747309103	0.7613081921621622	0.5363553043288735	-0.02311376310165062	-0.782292845748729	0.10539848312422342	-0.023293091662090027	0.04734069807770805	-1.3981949310716115	0.8539151437055251	-0.30146008815846925	-0.22336324505271846	0.5422012666244473	0.4495258226148223	0.7704612387767519	0.07476055763631173	0.4722408952172913	-0.27951353488906544	-1.1336477705946084	-0.17888551847195522	-0.2034397588020859	-0.5105014653704186	0.18552516820243087	-0.48238871488675444	-0.3164846348106366	-0.17667477427670153	-0.47703692661909447	-0.7350221826179982	-0.3983386324220307	-0.6180489687748509	-0.18585858750438655	0.03220898397503732	0.04442596244081733	0.10014464780616056	0.2525553554817171	-1.0077951264539629	0.7198677345956739	-0.08855570985890629	0.21135535732512475	-0.5924871779625291	0.27954986502895707	-0.014194008198607128	-0.18392404419019587	0.4071152277200471	-0.2213863234153865	0.48166936764050716	-0.36079150224204004	0.4724058718085415	0.04668230305577383	-0.3055007775779555	0.8865709672226305	-0.394766487682142	-0.07797223357197577	-0.5771851053873602	0.06013448622179894	-0.026570675762537396	0.32777335495200216	-0.9025315547360903	-0.18196347780105604	-0.5723853035633131	-0.4081029514135115	0.5418460735400764	-0.04609975351357159	0.02095558257666446	-0.616852715557296
DTXSID1024702	-1.7076824741217471	1.4652343760505153	0.6618718558400566	-2.031435069131843	-0.3254397024657441	-0.10076186284765423	3.316595464522926	-0.15974629629835843	0.8772725255037713	-0.31063575522549935	1.442956059926645	0.7442403287470534	0.5683733586624793	-0.2064135452488383	-0.25480982354187404	1.167856478453488	-0.8427678777499478	-2.1795487812267758	2.53072254338311	2.7006202603545684	-3.231038893997623	3.3573309560375906	0.8207244721951941	-0.94687878727399	-1.1555228504429849	0.6677504492796891	-1.756459858022945	-3.3892691977718705	1.3314710008142225	1.3886348971892153	0.21722922611180293	-1.3684717729048232	-1.3661698261232371	1.5325006277450948	-0.6280447585935067	-2.892405328334321	0.5091105217576519	-3.9942137426031334	-4.263770896966321	8.339281146133965	3.5509529381156644	3.3457598786372995	2.5659896248950163	-2.113754870445279	2.483195621394149	-4.826148899987661	5.832028914457797	1.2239538136266985	5.741524822315434	0.45178920875043066	2.5499556078847956	-0.9925272723682211	-3.676366611066054	-0.9522230516238065	-2.0026903217486884	-0.7828675013856645	-0.05557501600585788	-0.668807587425686	1.181129967555683	-1.8539115664235597	-1.3453180510767573	0.34203938874506823	1.0060266590338836	0.26577711108820706	1.6685813675417376	1.9109428371325272	0.0965400802119196	0.7601949232190303	0.7147876245576466	1.158365540018452	-0.7386160748104087	-1.9944840571453488	0.14192061681767623	-0.8155227471502673	0.5881564818310757	-0.19302876249608963	-0.2844204464183668	-0.30805715633267694	0.5909958008081995	0.2266532955511582	0.15218737347819145	-1.4821279322733212	0.462406943692324	0.0011206967603726843	-0.022388523161873557	0.9658166616161256	-0.05678802557952743	0.03968828441350037	-1.3292427345520166	0.4173682754925697	-0.5799459887444298	-0.42302876499209335	0.08484280326934747	0.3844779755367727	-0.8187696476125691	0.13610821309152207	-0.5533313568089839	-0.5058333674059923	-0.40561291495973706	-0.03880916677325062
DTXSID4045711	7.116094824764398	-1.795172403180576	0.6264289727538292	0.8388885741042245	0.22090623635705264	2.6223023858589696	5.699966161472732	1.2317323816376113	0.958105739189047	4.53084277992572	0.7071685162629622	3.691306449966714	2.577873579088533	-0.3939848885982103	0.6690726126312415	-0.5743719552397547	-0.7947498922890179	0.031263718719295605	2.480252120900944	-0.9776656074868779	1.21052797655885	-1.6299305139688929	-0.5197455309578719	0.0659039714366934	0.04785551200706247	1.1325449082138836	-0.3502018287570884	1.3141748125638075	-0.6388822166901935	0.8345906291271006	0.05520897518172829	1.707152112711535	-1.6060526410159202	1.4029491128159277	0.32270012847875984	0.5926458871125929	-0.09490392517512568	1.2888765982135146	-2.057529083549845	2.2503603398662593	0.5805056332090873	1.6222256304349554	-0.5054662105197342	-0.2587381614511202	0.560644028721272	0.7859810611022661	0.02498992438709305	-0.3285640328658751	-2.4567421397625457	-0.6713258589750221	-1.0720882397671043	-0.2781332482232016	0.28715919687822383	-0.4639672092719807	0.8115545811256113	0.39324519220532234	2.0288346089051807	-0.8810559968665745	0.31585434887124847	0.3645534090378138	0.11535699576965219	-0.494219913765588	2.1748253602091783	-0.8738745232911657	1.363319791054619	-4.108091614642282	-0.5429465078496598	-0.3659667418530783	-0.2514695637867895	-1.0457547944197887	-0.3309019753548121	-1.5004284392160663	-0.5759130273641232	0.6545552417989507	1.7894576587225828	-0.24299202358243083	-1.3021723568818526	0.7268841411145239	1.1915380984556494	-0.07122172939958404	2.614139222154801	-1.0887437282644876	1.6520325345833589	-4.705036429590212	-2.6811792164912385	1.4115622728412165	-0.5892920430570918	-1.809760261622284	1.0545880885039807	-1.4530171832507264	1.5578658849815654	-0.436115265614409	1.7711047677855238	-0.08207062266238459	-0.10992855295611434	3.165277875913761	-0.24512130597933496	-0.47249563411973855	0.1460761183473285	2.8429875726204443
DTXSID6020147	-6.4803530854288205	-0.3623719287092203	-0.17356170942064045	-0.7781664771513146	-3.848660364510003	-3.279628935527791	2.432038456380955	2.4564579357398655	-0.07386555893394091	-3.5556411567749056	-1.810455383362233	0.8181914464357914	2.6052301461377616	-0.9905192048319618	3.219633273586784	-0.6025482023145485	0.45564415205216346	4.337188486873785	3.040274447143691	0.21687279829585496	-6.221180477682078	-6.3699916431252825	6.546130883814382	3.2320406594274083	5.29561499169747	-1.051284424217018	-1.5223734663338224	-0.00977738245115888	-0.3403285106366602	-0.015959284689535138	0.18626498602026517	0.2717334932992056	-0.32768870333433137	-0.2785826856242987	-0.9683401957252136	-0.863037257184685	0.17214296612750615	1.4006318322416333	-0.023044995738352544	-0.45240697183447454	0.69056254307478	0.924092116322129	-0.3453217458322328	-0.889648602379719	-0.42106529113498625	-0.5684783544504904	-0.8996763836110964	2.009994797754039	0.2798729517085201	0.48429090383032786	-0.1642240198457241	0.22347393828546885	-0.5455421466999975	-0.3361545593581913	0.656856270861533	-0.04278608056099738	0.7750487823233344	-0.5163052297763101	0.6297320920302825	0.107898746862818	0.8648540567857264	-0.46008527375982883	0.899147231573551	-0.3469034698673753	-0.7951854986559257	-0.9281583826710073	-0.25308308025877224	0.22571513759149558	-0.14647826469565212	0.25489695356560765	0.3313812056501617	-0.07983116249048848	-1.085341847927869	0.7544673967933994	1.044048891144661	0.700034675666561	-0.11832179350131318	0.07734530814948562	-0.3917293147603347	-0.20646408952071119	-0.13330735957128959	0.14340020758051691	-0.9793316976756596	-0.1269062116031261	0.15685457316054488	0.6622343556711745	0.08383079703096279	0.11044788434189573	0.5437829123436975	-0.23782849384346083	0.18383443754522594	0.3926014756802037	0.3430696254689484	-0.595276724080505	0.17487395479793355	-0.7144188016249796	0.03771309320830934	-0.7310284286735285	0.33673311991110116	-0.5911879263188501
DTXSID2021284	-8.395501404797269	1.5008079732249087	1.4171165225248041	-0.5949490051918669	-0.4512885561108178	0.5273387861168549	0.6496722341309926	-1.4014291273625348	0.11225301660925495	0.18920989524085302	-0.6909753096690716	0.524510530803178	2.3418393519779555	-0.1836383309982837	-0.03912650410162356	-0.398717840580148	-0.5593675762103537	0.22330900055339992	0.29571983688433573	0.32757036840636305	-0.5560097298064853	0.3262192966106955	-0.19587614848257898	-0.3837690024185148	0.010897449006735243	0.12476011997691532	-0.15535228572058019	-0.19576777096641815	-0.3047772382755201	0.2318114450288016	0.25575269519997695	0.24476504146038358	-0.289871630222944	-0.09355562337161881	-0.1252257337831238	0.564049646709371	0.32715111462111274	0.8840022705623748	-0.10567254953436239	-0.3099001411690077	0.20017392089533956	-0.02223286450380198	-0.41612821543749323	-0.39071751617565587	0.10534858103498357	-0.3374691829215721	-0.0439757578754876	0.2684463812487166	0.24546619870759487	-0.1188065123583984	0.09200880236068629	-0.6778350777982459	-0.2860707135063518	0.11552151342773259	0.03164964381559096	-0.6142778354759274	0.07543764565359617	-0.1702721747787759	-0.8281748046411498	-0.16779852334662293	0.3542951652717733	-0.4101324907978326	0.31471956429927084	0.3463216307271667	-0.19337545901699232	0.05277528187187803	0.0575155669620297	-0.04261412590662865	-0.1406466728879152	0.032114726126404744	0.01638871787371358	0.4175827877383055	0.08100371120250659	0.13499885273729112	-0.02987114574269554	0.07049972495774501	0.5886725880242332	0.019382395221976163	-0.34211095082269244	-0.28060157680178466	-0.27565494113856215	-0.2560922246608447	-0.0866525635082517	-0.1806545302113746	-0.049478667226969586	-0.36551742570146833	0.3846632539542351	0.08262958889577461	0.42983508838238027	0.07028491524789221	-0.22758957700159815	-0.3929915063001913	-0.22202374238787648	0.03355037266657861	-0.12787202031278488	0.1350742259825879	-0.053918942950651985	0.23127116068732861	0.3323641780430986	0.05883105553834279
DTXSID1024170	-4.995945708161464	3.6905598948694363	-3.4928020810348963	-0.35273888821897115	2.7958407285581828	2.4672792967915886	3.618572493009784	0.6007482938893117	-2.1825239744951173	1.7361760881302504	-1.8184856843285468	0.27941138733930765	0.644530191073477	-0.6065737769580065	0.4212229892970113	3.67679017001902	0.786639542348624	-6.218328291961374	0.043243290821989286	-0.4991062756094736	-3.1370448643333084	1.5291036419661697	3.5873066033711596	2.3398887630917495	-0.10911669388220839	-0.19224548736245325	2.706172376655273	-0.831245707959888	1.311739317579879	-2.0634745944564528	-0.9345103909725054	4.640190266398152	-1.843428866825561	-0.8356051463054744	-3.78182456693288	1.3856605429174478	2.0402431991923664	-0.5768768165421642	0.6538899706007476	-0.45751471021742146	-0.745294930160653	1.594816866844668	0.9244314411622663	1.227471908819145	2.4897558368132704	1.3918405736266004	1.005144766792543	-0.08125354216408154	0.8404737122009495	-1.0996089998868392	-1.624459487411975	1.1382566570865178	1.10357869760252	1.6785855416230653	0.20341164682649382	1.321650988470972	0.4739773649382492	-1.2346354753486095	-2.432871723092411	3.136007172525341	1.0522528839418326	-1.6728285961806073	2.0305206792514547	2.7324170903232483	-1.3041531113304903	0.8410808291107406	2.0452223539774064	-0.47701566931155714	1.6919481432877888	2.950343761971836	-1.6434024058403447	1.7137844156506215	0.003182107337821312	-0.8308860624328724	-0.13060214070740708	-0.09915050676841733	-0.7974810394629103	-0.7538560399076057	0.9031131563263994	-0.30674972580809434	-0.09822128276255288	0.31223994202823485	1.604724019198757	0.10249759342173305	-0.9365227297896849	0.9976659344371919	-0.616794703753632	0.4537764485278125	-0.38772635467080374	0.2933629635653219	-0.0458408004805381	0.09000607765300829	-0.5164484154708776	-0.6354143932366623	0.12724786641904723	0.5901832298472163	-0.08842759564452647	-0.24721281656349472	-0.6690358744252427	-0.13559678150004884
DTXSID3020960	-2.871079602889568	0.22948020783514306	1.7150541099144465	1.0403875199632668	-2.194323569888256	1.2547894707012008	0.21343371071191894	-0.48516855667816783	6.362210763132598	2.142501895538108	-4.321853193773491	-3.721733350151344	-0.45878425795235256	-1.2604264884531746	1.7072042002370689	-0.8359717429161284	0.25179927370816113	1.0155813085506287	-1.435047826482553	1.641427460184242	-0.4783838540456636	0.720709269952212	0.5692084326773761	0.29952279680684496	-0.38236457871803436	1.0286507471022899	-0.1854556655647004	0.043258910298630326	0.18092844750468884	-1.2251516290823845	0.42105357310102814	-0.30906598166465654	-0.41926099301269193	0.43911035279041005	-0.5050832526013607	0.2725952932629408	0.10092690694655038	0.4523269019068452	-0.8058127210891753	-0.47359988330305575	-0.03330011852479264	-0.4360403183268546	-0.3535624578083359	-0.15722622694434651	0.30976937577631947	0.8901752934614815	0.10964333401477803	-0.5327012804330158	-0.008660587576446221	0.3036662817514944	0.0750023229342259	0.3344309870977511	-0.9605245647689759	0.2238338848475993	-0.19597615705341734	0.8058282261678941	0.7329791331461284	0.19824524191994566	1.1500230890873706	-0.08646147119569597	0.9655472939167667	-0.2760327554989198	-0.33811577761303985	0.26255669055814373	-0.6814227338103985	0.4998345152041844	0.007241990707765933	0.1754404692919575	0.33622943886307805	-0.6981428083011124	0.7740261004424577	-0.469494541771443	-1.0447397675834913	-0.8360764527056581	-0.1699862927645048	0.6749332192701802	0.27082867526854026	-0.8232759845108127	0.22041909010264205	0.061301669478173886	0.9297885265239484	0.47883883075880707	0.3011711101260457	-0.31144929636437124	0.6866029019267728	-0.14446394692266273	-0.7043831258246656	0.04237221680668692	-0.19317059103018916	-0.1777773555250941	-0.40095987553501433	0.46750671160676793	-0.21256984901300974	-0.4944861658225356	0.26952666159329325	0.3364285834524169	0.31323304391626045	0.29680317664577	-0.5908677009051975	0.5589798765112115
DTXSID1027267	-3.049873490324456	5.248911788278993	-0.9719794765033711	-3.641969141456295	8.600871896900642	1.0809843766741423	0.5772735413766019	-2.576151476580614	-0.6873527929601366	-0.7249024552127161	-3.8774449589476188	2.5445606041906963	-2.2817673457775185	-1.669335414781822	-0.5274932635849041	2.7791437806932984	1.8999141719170196	1.8553584490575104	0.015639771394608593	0.4501534926475805	1.0810158485532984	-0.43174827641886054	-0.43300584900121086	-1.4376100470196922	1.0205502808691347	-0.34619632772860176	-1.8077699083118002	1.2613936336045863	-0.437180881391821	-0.17658015043068429	0.03509238864673096	-1.324572263135703	0.3298754720305097	-0.5470453853674754	0.6312117516554195	1.292627788598434	-0.533962581435407	-0.4252349125150452	-0.39330844567126494	0.515497327951543	0.19182302954207406	0.3694128877249078	-0.7583403843235913	0.6659485874058462	-0.803371558077663	-1.0634794945365857	0.960586408276541	0.23403911941376995	-0.13373278999558444	-0.9805458456260733	0.10309396683551669	0.5648964552128083	-0.29104851187970876	0.5805380874796594	0.16831234386839833	0.10918594245646161	-0.4467415465358251	0.1622586058895611	-0.9832619347425852	0.056041031482754335	-0.028692590328100242	0.14933094683760878	-0.2708811727506118	-0.12705619117512526	0.33150525777287476	-0.6714119217157316	-0.4933358440538016	0.6238967571636811	-0.8690660638999519	-0.6918183119020546	0.5884314170784297	0.30376968590872383	-0.27713894120052057	0.13463810879528618	-0.6512500616748286	0.19177289675971734	0.17417508288628525	0.34924062389793487	-0.21968131543544311	-0.03413663672411429	-0.35821566491953843	0.5626260574108168	-0.2086986983786251	0.08910402229962126	0.5258773812392389	0.3068750108219624	0.16986118408142023	-0.09391352777513125	0.07824601631690391	0.12956379125733572	-0.3722509797814085	-0.5817642874083803	-0.46462960529120617	-0.452695783181435	0.3820678464344241	0.007752631205775403	-0.052013635269753285	0.23308873755541168	-0.0012145505636410676	-0.20108287130534253
DTXSID4049400	-2.3432147395359926	1.225271352515231	3.744278573947608	-0.9270527316803182	-0.43782765422006326	2.064159334425653	-0.3874819490698316	-1.3915632156842626	0.13677266484702455	0.11523120444834477	-0.7553981808715408	-0.05232027327102816	2.3520905121537283	-0.5121629269763699	-0.9770966257964078	-0.7542311167511931	-0.8082082125612375	1.112951496215678	-1.1092760574216896	0.1370854470464529	-0.5548099435831008	-0.16768779441542153	-0.13113554896381974	-0.7201624289009597	0.9903459870970276	0.3001858664618366	0.3608325540214485	0.33546281006356254	0.21390933471221077	-1.1402551283440459	0.01261325357961865	0.24363842014448733	-0.32222434243406206	1.2811511144082754	-0.14960873954570192	0.3524080368482902	-0.7664718224381705	1.253437433224292	-1.2291202872061557	1.293210997431414	0.009308552241100063	0.511835349271414	-0.6282112169326468	-0.1982037856092955	0.48871522537056294	0.8825442160263557	-0.03486313693450592	-0.7427086682513845	-0.3908401319812529	-0.4727118819093024	0.1288229844891791	0.5395514180366229	-0.36089401183414466	0.7703660294430861	0.4322680645798766	0.5947509872353912	0.8025213961959375	0.8164064920123498	0.17347235125343463	-0.40246352731030727	0.9058002279488658	0.10700691616959093	-0.03713196593536434	0.4967317320953534	-0.3126850932146134	0.03925676061068846	1.075194775747752	-0.5035382251479398	0.03009003271286334	-0.381189424591007	1.1079441836419244	-0.2295619653862619	-0.11515337999528312	0.10165156029310614	-1.2021701067845298	0.1291402390707234	-0.3802540853323178	-1.002874620366703	-1.2288791441507592	0.1952518837251168	0.1821991262864166	-0.030356213311382003	-0.06258242074429865	-0.5962281057701617	0.29657616892000305	0.2648285640550224	0.7012015611405618	0.24071000084092134	0.11817304528818004	0.09025474273695125	-0.5963030363769892	0.04038969500623077	-0.5518626184101066	-0.20808901312093653	0.08520353403371769	0.4753478980851665	-0.152010397542809	0.7557750228816349	0.2519360956914912	0.12082291367187378
DTXSID1022843	5.217761237659969	-3.4570692866904547	6.001218599675068	-5.5206146098434274	3.9745519409072076	2.0189844974665516	0.4636968654279365	-0.5914375208276783	0.85630527183411	0.6792179157953169	-1.1233824726044572	-0.039680562142286324	2.8513111653564955	0.08909092635003903	0.7563153157547056	-1.1219654599369584	-0.24509387101957342	-0.7436120545732938	-1.008304063546705	-1.8696653391618934	-0.47611402306591905	-0.2798828196882525	-0.776568820792591	1.0890842192241919	-0.04387912606893755	0.14352260887649335	0.4798735734908797	-1.8353225128783874	-1.2098478644692712	1.2960401869105174	-0.44499745590399664	0.6382609059904134	0.947507993890565	0.6656144388744469	0.6426271199100676	-1.595098414090154	0.40588033876537943	0.6066461930604452	0.7884823351061135	-0.4189476737611619	1.2340103887481735	-0.37346075758206604	-0.16805263085563116	-1.2603499260620863	1.2601154861658899	0.5770735320158918	-0.644317273945345	0.6737993928201784	-0.22321886848578876	-1.0758803290318124	1.1936768201265548	-2.205287270063976	-0.8374718922365414	1.9063526501569874	-0.7040769013916778	-0.389626246066617	0.7075575585329701	-0.5451789008521578	-0.6401452355667338	-1.5374207525761776	0.8978050612929495	0.0006174385022092106	-1.0956181611926048	-1.4310720614124994	0.9736585314479435	-0.47644391881546516	-1.2007934385179428	1.2597632205320992	-0.8008201960005447	-0.7988871607703014	0.8729152662399067	0.15123902958647512	-0.08486108211045547	0.39858657629628674	-0.1626131235750655	-0.04997063825446311	0.45893650708409534	-0.9524308579643626	0.32925575376096666	0.14045146929875643	0.31752906158793837	0.011516467072692414	-0.8308616621405797	-0.06506102744940748	-0.05289834600476184	-0.5154246340220476	0.5648281659095805	0.06852809286976165	0.5170684982555307	0.27687591433954317	0.3360168664850136	0.18244242263611143	-0.1850120372985964	-0.36772498043132723	-0.24562452955691838	-0.5166372892709804	-0.12931657684158457	0.2765759939987617	-0.3841915379219479	0.32421557526030115
DTXSID5051446	-5.801954957216714	-0.7628984886765456	-2.645920635746892	3.332628222500833	-3.378061766502552	1.48781390213382	0.445526422145165	3.92682057276201	0.01944731813775142	-2.1296863432257913	-1.5020673464563665	1.6741186474800953	1.029682361811271	2.253491967084697	-1.1695668228787985	1.3230825023999926	-0.4411349832533304	-0.05415525762270703	-0.1743046432880298	-1.1622465286234318	0.25926765089481557	1.5555133062499904	-1.080105820170602	-1.354299363255082	1.6474517480985116	-1.2949686141164258	2.0347350039953045	-1.2698815847256557	-1.6600036123404316	0.612193649923735	-1.942438018858339	-0.6063655475765489	2.6143772695682626	-1.7302472011791163	-0.3653412570248972	-2.439852410474859	1.10972855111208	0.8830460958247847	-0.945968240733544	-0.14256033416448347	0.3046163568026309	-0.2000149208100701	-2.5908526217677132	4.0572219969083765	-2.6015500932792706	0.08451231654739408	0.8431196995369733	2.453638527321815	1.9603827731300816	1.0224807954953623	1.69853343457101	2.105433115376775	-1.8036154463015657	-3.2866833331568097	1.0771507965097327	3.1208867094129613	1.5843651245157446	0.20199694931122164	-2.013345764057543	0.18201754842187987	0.22673775000895902	-0.929662403855983	-1.0644649644101272	0.7383361340987531	0.10835094105965898	0.19912344015038913	-0.3906135280372485	-0.03052896562950648	-1.043982876146281	0.2845057795615123	0.47500052299956064	1.0538327820145768	-0.2168782441579149	0.7703475176970476	0.5839367516266881	-0.6628990269883912	-1.8048909683654133	0.46967724743291234	0.3115534697925763	-0.7347840412687718	-0.5467928249562379	0.28388661188566566	0.2761864918286827	-0.04925976122993528	-1.2554056682464882	-0.10699703401397198	0.22812427649839875	0.20296065802907992	0.42584413384182973	-0.391345954850741	0.2825360273261918	-0.19521436242602327	0.25429949167280524	-0.2733837905933499	0.2715933888211192	-0.31037154586870574	0.020939087624854094	-0.2228770831586976	0.22461729000148767	0.010600254120820819
DTXSID4044161	-8.225846263006641	0.8333374611967027	-4.239155196167102	-0.5567539595598586	1.7898803866501927	-0.608923289825358	-1.5629457292473994	-0.6151926322835424	-2.418301410129308	2.687126273379443	-0.6914649716911748	0.3839904459354244	2.2983532802696325	0.8348075525828664	0.830734940247251	-2.386928684539378	1.4764864319541224	-2.6893923860588975	0.12989514617289155	-0.26017419695277044	-0.024529563267536622	-0.524222905790355	-0.02988273489065837	1.3044800984821028	-0.4870401503536253	-0.9803191867976757	0.11361190541558802	0.4048695107891197	-0.2998050635922307	-3.1550407078356	-2.1973765683266246	0.4038626081346335	-2.3610732304873894	-0.6936976855135252	2.5690891040799984	0.7197822531957022	-1.300516896504001	-1.3333429796275058	-0.780452051215776	-0.3397181398125214	0.6938941922637861	2.150460395837243	0.09032551080862908	-0.11476239803714802	-0.29959030419857113	0.31994826808620747	0.7302202943991576	1.5412536240424808	-1.0117113914025861	1.2200327572945673	-0.04286049623470242	1.2155620584942173	1.3586590897263686	0.17473647975422385	0.6651185576045716	-1.4354557555779384	0.3622563157058436	0.9813637077588913	0.3041404984804942	-0.6445157448608213	0.15989087730639331	-0.7308378699277223	-0.27498458079716326	0.9285350025296685	0.6280177336578221	1.4358688427997135	-1.4490453913793937	-2.935885215553039	0.3075954799060026	-0.24781830264765686	-0.38975781420583766	-0.23267275907966573	0.7743562909782014	-2.0338067182699366	-0.929520530809819	0.4036883681340864	-0.26568232076527565	1.3396738160524368	0.5587509294355665	0.15528187645776836	-0.41346434100883894	-1.8092636728123475	0.15910391465468582	0.8267350187532012	-0.13585843559908645	-0.2700664333682864	0.27197820502377396	0.9473069222479046	1.111779716065274	-0.4660803242976089	-2.4875225063183257	-0.7960145766465705	1.581115564894446	-1.478076874936124	0.6874592784124873	-0.6429209028945455	2.4004988428946263	0.9397373026927279	0.9194894480300155	0.33403872971312865
DTXSID1042445	-1.1934709317975418	-1.2636466624094402	-3.7426980632250433	0.007776903973422401	-0.272330732901316	-0.402626984307794	2.898146850523379	5.791405051267733	0.8507538303948116	-3.9245233578832712	1.3053121144320123	2.0602156778465037	-0.47556298318132606	-1.2781901908617372	-0.2777867705078882	0.19055553936724484	1.2774886912684478	-0.07147760377344332	-0.03567335539438039	-0.12462650670468042	0.49942594743838253	-1.9775753684082005	-0.34414420160852127	-1.2589430545336233	-1.845343597503853	1.3016892945498368	2.053835471795959	1.6991950926674997	-1.2339899809787085	-1.101335732824881	-0.1582709993993341	0.1669384863445045	-0.5239777170880509	0.21240204449362216	0.14600965794143184	-0.20785090143095372	0.2540773863541736	-0.3017887301782428	0.905863160850944	-0.979810930553022	-0.08526943796068961	0.1729363423572889	0.3907898998078581	-0.7839165885228289	0.3173619958503712	-0.12433261971711708	0.32931172346700144	-0.6384421182997592	0.44191694711038976	0.09559315256967887	-0.5915580281319542	-0.37975828279498863	-1.4882768695303246	-0.08684708798265996	0.4902716625261202	-1.1462461763761593	0.24929697123310016	-0.32672467103191355	0.31356427338998216	-0.5786470343091252	0.19311711918660218	0.08786788821144154	0.9877356266645221	0.36647265902487647	0.38105642538201406	-0.1648017077826011	-0.5414400213724612	0.28669671020430243	0.2855171652965883	0.7641734386974544	-0.10068697947810891	0.5243148613147393	0.7122258712295468	-0.4835050360532399	0.1961826885402098	-0.5882623652220772	0.6124877311603522	0.1346433964267586	-0.1675916635852587	-0.12704348694617615	0.6574464021835945	-0.03567240834031578	-0.1195977259750385	0.47980224716270686	-0.10972175372991677	0.04077378916854539	-0.06037429599283275	0.6761662363742262	-0.15248599221826617	0.390229767235396	0.20417020816745013	-0.3036203665421169	0.10745184695463837	-0.2788525548997628	-0.40153362200249976	-0.39069466317685403	-0.1076794074445295	-0.2354242010482193	-0.25769048016611773	0.23221685863178923
DTXSID9029649	-6.50629651700367	0.6928856302460734	0.9950294078596511	1.618523777302841	0.2551246744093636	1.5909564228315773	-0.9904614957057845	2.583401079323608	0.07496127970243281	0.04348035245704937	-0.10294195497125493	0.9967261087991901	0.41317584974726396	1.1968147613694675	-0.8100746786545618	0.5471135789602236	-1.156504072282008	0.4639268413079346	0.39212152972453973	0.21729106053606953	-1.0248181371749199	1.0229673579166274	-0.2623618435092384	0.10739199422597878	0.2029647073690843	-0.8673437096050535	0.01573050934341856	-0.518745681067906	-0.32793920609892097	0.33672929174793587	-0.6120826966372407	-0.10754926762898503	0.3476966159460536	0.4016281038377937	0.21908650580101657	0.32515678037027584	0.02699538876472337	0.803082753531663	-0.15489340957766015	0.46224236692596343	-0.24010891773936247	0.22993883548901015	-0.19426687727320097	-0.2261135309864671	-0.36007065753608813	-0.43862884875522706	-0.47314383923180053	0.5270940347704308	0.061412682813320935	-0.22617288039064795	-0.004701834882641306	-0.2971477409495765	0.1825515544572414	-0.0899446232404439	0.36451034828011303	0.2697873536644635	-0.2407772070761998	-0.13987320544058254	-0.9934632656216513	-0.6889711282364958	0.12399118647153215	-0.3242355069869845	-0.28342944274129633	0.4358530358323837	-0.9431331755920901	0.3001261269051991	0.7075786241406281	-0.12413261009578841	-0.8143733567980302	0.26110646494453754	-0.3964368827233779	-0.3621402582610124	-0.052116976733340044	0.9317725987892342	-0.6396409441801182	0.5368958289964751	-0.7072393104669736	-0.31950160904554065	-0.20089397257625144	0.2674865587456286	-0.755297286835998	-0.668008114300907	-0.31387526927108406	-0.2662184813876896	0.8320036307957419	-0.5674540120622568	-0.26517076121895183	1.21274920753007	0.39967763736762807	-0.3165936272095156	0.3284435782230712	-0.1958020460768595	-0.1548615808044902	-0.2657834104388309	-1.3873769889901637	0.1772624297943533	0.1379602263840038	0.6099944577187837	-0.8663443979562268	0.5886973984097209
DTXSID4038847	-0.3212169767031089	1.231823537301209	-4.889084718443113	-0.5849976217179796	2.6964496755480916	-0.3914597983048925	0.7625877463936672	0.09363029424142483	1.6896522248874195	-0.8596805710964864	1.6995328134163854	0.2778074977441458	-0.2502140728905	-0.045391396336740795	-2.1989223783527545	0.14703922936797664	-2.8699457607728798	-1.1877964147707512	-2.320065189466062	2.3124332954833076	4.103478744223904	-0.6762250003324028	1.5179745121224686	4.045404921259739	1.1680319355857431	-0.09888183770318967	0.26578027000417265	-0.11704704409736494	-1.727557445809939	0.9049916175970284	-0.2827259946480243	-0.8108719365196049	1.2524111743110466	1.4861167236416846	0.2822397031328787	1.1075535346165872	-1.0163900899310294	0.5285005064521875	-0.9675335036986846	-0.028292506758665882	0.22593002525252193	0.5897858654472419	0.3941679914708927	-1.1669133479281684	-0.0002636866629986784	0.7563942616576432	-0.443953763159502	-0.3304161152745445	0.7195774163594014	-0.912227759204801	0.7138573896213617	-0.9187051741674473	0.12323764357769877	-1.2789337968677235	-0.4964122099895001	-0.5313911394795642	0.6344760866287499	-1.0382849433893422	-1.1829346193246248	0.027800930119538284	0.43589122603728536	-0.29228757609619405	0.14101243999097038	-1.051449164086172	0.34088097670695416	0.4541050121939876	0.27318431317050074	0.04241080198949914	-1.300486995613035	1.8652199553323319	-0.6213956657428258	0.24677693219735314	0.48327363134659945	0.7089181507200782	0.5840156553334902	0.28533815381006356	-0.09719471002551144	0.8785499540490752	-0.4702135627572069	0.1487889173691378	-0.051542684182669815	0.6017326184310722	-1.2625369861560032	-0.6735260002661811	-0.33628558694321403	-0.6363226175428892	-0.7781857648170204	-0.1113404646486375	0.3034038086387449	-0.28977677205140345	0.36962974628312517	0.809447853727554	-0.5851922245542506	1.1335228875102379	-0.7811115709433174	-0.2498500545935755	-1.0174838290072121	-0.6810087479354596	-0.22284090689167893	0.14280488487579257
DTXSID7046621	19.58042906056227	-0.33455429539233034	-4.124042430713707	-0.24363451228755123	4.843667941465863	2.451356098558756	-0.2478494160396065	-1.8026437203237364	1.5042079595519449	-3.330806056498157	0.7410133239402624	-3.9110168004915438	-0.38751609809974813	3.442934546343254	-0.9594413158328248	2.1222458334945165	-3.9875645853112114	-1.9085048013740475	0.546697449132729	1.6087491373868763	-1.7870584110473122	0.027729392471466826	-0.37366581167246754	0.19695465701095402	0.5295176361327564	-2.977338416245789	0.5246083404744447	2.0734165169062737	-1.8437219858549354	-2.0263389650409556	1.027792082360871	0.8275837765269287	-1.2864325178627127	-1.359531369334073	-0.8945477222995117	2.2511216534909755	1.595536017499754	1.2377634876343893	0.5355712405637949	0.7759391507670222	-1.302670487521121	-0.1372518680508642	-0.8683448890683761	1.0417654073166063	0.4064304250433434	-1.1401822003999007	1.055201164571846	-2.0422122958512983	2.8112069219775675	-0.02191481744904111	-1.3132855972851518	1.9035207986043012	-0.3526215855360427	0.7189951799679442	-0.6624864570855875	2.0095564508963917	0.5250800191498682	0.18241755040410793	-0.8950040475211561	-2.375717987171594	0.5987264586419832	-1.434783144390486	-1.770037842613073	-2.3423764046600497	-1.6565801480465008	0.8770147907404755	-1.8747343557918381	0.5201877790289233	1.529932002660474	1.3230734051305595	0.57913590814818	0.8082492326314572	-1.004143775796922	0.4774689096219815	-0.876765293316011	-1.9715806361539512	3.3496833221957245	-0.7225037730833976	-0.7794368260347206	0.35298462288192434	-0.2849095886757724	-2.145482467327882	-0.9722645077267817	-2.7680722318733033	0.6882658895231554	0.42250049862742767	-0.8251250651690606	-0.19637515328292068	0.9966439969246119	0.024857133456700327	1.302278080110527	0.1333979757889134	-0.3629494637169668	0.43785236781855	1.439049239675208	1.0579260533929704	-0.5896617723507219	-0.14727763330738267	1.1036375906448488	-0.022269801323038154
DTXSID2027832	-3.5634986252914027	2.957354106744268	-3.621594206315593	-0.9798196252585969	1.0531660709042636	0.10953244524011735	0.4131078624342177	-1.6142375786767018	0.5622338815092985	-0.27473356320830933	0.6719319664355634	0.7550096441793256	-0.17548480784922704	1.0057783367486233	0.42500531177874307	-0.3727831867326812	0.3251242718832365	0.6543759083254304	0.7676054501007827	0.35500432823984535	0.0483562731753594	0.4571435261132014	-0.6822735449773242	0.43215598818597184	-0.06269594009769106	0.022512485198660063	-0.11571476850039648	-0.05709694994151773	-0.6423800098516815	0.6132262788149229	0.3762725166785309	-0.34604707941821167	0.35089282065351923	-0.05847153647226645	-0.014525662652298248	0.2697956685722061	0.10066010728991558	0.38453697611405263	0.2797200234877495	0.15418505248518286	-0.15204179862620815	-0.837053660061923	-0.33822705581945545	0.08252858682862839	0.2006984063011934	-0.6225283991779406	-0.2338737218382664	-0.046449433435776205	0.28236369355215696	-0.8312468504104611	0.05220619467132344	-0.09107598974384537	0.16372480758398766	0.10645221761528588	-0.5288841995724672	0.09425538559427722	-0.03132651623662659	-0.8134869222343621	0.08135061909264052	-0.36735818057172454	-0.23883165118825708	-0.0854431852897267	-0.05964662924685527	0.14556666741016372	0.7303872631716425	-0.035543494812127	-0.3675552091500347	-0.32347613437014017	0.014407998801140142	0.23327487998633373	-0.30072478393536484	-0.6683993191303629	0.37740887028711756	0.2552893333625481	0.2725406983292739	-0.319572776714735	-0.6526138546191573	0.11592858410906079	0.43235499381852266	0.16442864626560852	-0.40093913536958375	-0.0766774097310697	0.06583211719079493	-0.04746263391584861	-0.12151470057442955	-0.08016765634546613	0.2167245039257344	0.14580260365970898	-0.25422149331506255	0.253615322600081	-0.05249780275941778	0.08079102627251553	0.01888430877421599	-0.4898863549619643	-0.08544238972648974	0.15940732327435614	-0.13838717584613403	-0.3378284351093635	0.08119321893827584	-0.07132381500391388
DTXSID6022341	-1.2031841627356354	-1.4859891985729148	-3.491606214799624	0.000614640331669637	0.36114675542439045	-0.376557388237003	2.4980048716375496	5.698285971154444	0.4724411985843341	-3.7755729795405792	1.009223070277929	2.254740363471129	-0.6176686126791996	-1.5495634967615557	-0.6541333269785023	0.7191164050842871	1.3131105240641454	0.16472061156374676	-0.5317466701803538	0.2787452816558281	0.49999284821421186	-2.3966810311556794	-0.25028467539271476	-1.6251316695013787	-1.9190709460145365	1.0633078079542844	1.993694269780868	1.7436687983619454	-1.048925356816104	-1.5279206030526824	0.0619644393240233	0.2203324301515339	-0.8195731463471831	0.4363843535639412	0.29771284138311	-0.037369009491302334	0.2226742940743619	-0.4645139781510659	0.8366580907092409	-1.0101379885291653	0.02806109535638019	0.6113818160108974	0.41359854453330264	-0.8870658905533607	0.32507694852354696	-0.1272932575360598	0.31370011460728786	-0.4681523083339025	0.31528831549346825	0.2410639652364872	-0.5809481214164391	-0.05438648310912833	-1.6612371357277693	-0.23946102926706356	0.5666975579596439	-1.1709021572880283	0.19622860427827732	-0.08086825375076775	-0.03943135214597284	-0.6574545240511278	0.15151704887852369	-0.02091508859724263	0.8139125528114795	0.36865543678969714	0.5372225057233002	-0.06017401479065947	-0.4078047461579088	0.17429420410013338	0.12138199129016387	0.9036543120413698	-0.25596952270330725	0.7338595483099041	0.786787860782175	-0.4992021215591067	-0.2402349685457255	-0.31761768990620065	0.639886863745882	-0.03140251558930004	-0.16797158813094676	-0.2672339733942183	0.6503174042449971	0.20288527707866394	-0.1324905412731418	0.4983105158408629	0.08210948797931787	-0.04049121347574619	-0.1780401720621242	0.7550119772351497	-0.10982248777406076	0.3292338746096146	0.07973148642770632	-0.24103826775926393	0.08720897749810057	-0.1825098305526055	-0.2230681275474705	-0.19827784252440778	-0.02350018528661121	-0.21304928602054296	-0.07729562077166018	0.19130648953815552
DTXSID2020682	-4.585962955287812	-2.965935663709159	-2.472082656633138	-5.0329649758613115	-0.22181513006999032	-2.5768225118239476	-4.489129650632827	-2.0319702833266304	-5.226913145611252	6.57626979256275	-2.5918168631021405	-0.4869379758689451	-0.5546996762265886	2.9297934221810156	-2.2335139989064503	1.640360953372882	1.821868021978757	2.0732906026298856	-0.7047999269931847	0.9422925865226108	1.0570071032370305	-0.2401103419481268	0.6956973547517683	-0.28030038000074137	-1.194046414582173	0.3443977394206262	0.8959878253990283	-1.0186119501398507	0.7682761387916065	-1.8678901703583446	1.2560427924880873	1.4367342534151888	-0.07133151515154473	-0.04191966919086045	0.6087577892458517	-0.04250728635554903	-1.2738097408588434	-0.5960015217192232	0.4916474935386871	-0.019519824801353107	0.8081975746937053	0.4370138549658608	0.4815486767469493	-0.34449773722140364	0.798613994141544	-0.3920625084927389	-0.26909622672698313	0.48401903993802037	1.0980953365357278	-0.2387449430938804	-1.2096775472847403	0.18097798574911958	-0.14219054970301456	1.2254164788453634	1.332730636335813	-1.199633012372756	1.6652720013823825	-0.0664647616084152	-1.1780762043104909	-0.255337937579907	0.15577321499617527	-1.2872824873514865	-0.27576867085476336	-1.5649511522517376	0.9479263333084492	0.19027169930445872	1.301586855846777	-0.3192351696240012	-0.6834754280856725	-0.1517985645992242	0.31908186202668737	-1.1810360528467898	-0.7184036318417902	-0.04321692427067686	0.3789775676741294	0.6921219416878779	0.8032857147690198	-0.5188507134519016	-0.7073310042560826	-0.14474235777242409	0.0421492827250363	0.9978878572608426	-0.4973450871398437	0.2803951809617884	0.9831601361834797	-0.300497915513559	0.3811496667253959	-0.4718708979810475	-0.2564184258073814	0.05190521604793417	-0.20001238945999616	-0.4861962974811769	-0.4830736748448728	-0.28666075872673663	0.2973764244651374	0.3034184101384504	0.12637168326972123	0.1858795873646653	0.015207310052680912	-7.507350652917772e-06
DTXSID1027471	-2.2048068014326305	4.499201122670537	-2.025128763049826	-4.247178140276133	8.124340905279093	0.5865941993148227	-0.23717269371457225	-2.2189615567816485	-1.0524048087558453	0.04839248973000086	-3.8658837199202467	2.2223501491933595	-2.647368295146516	-0.9770298218701698	-0.08664636976211143	2.3037467949322803	2.2516128522875234	1.1606619759791261	0.3035420612781029	0.028750406981761373	1.2687865877289806	-0.4131912944466915	-1.2147551910642633	-0.7225715464752644	1.8434427214200944	-0.11501005281462336	-2.434932149849595	0.7929563105594973	-0.6819301165865664	-0.045931769818777404	0.6832851013172313	-1.1251028509835583	0.6085544199000866	-0.5066162855206471	0.10789560795120615	1.2271004892181194	-0.046719002467324355	-0.2717915054884329	-0.27560907532560736	0.6654989430070092	-0.1957447014713946	0.5345470114258474	-0.8599602649101902	0.7438492444593879	-1.080182953312665	-0.8917995812506612	1.2616989476985498	-0.1113988800414863	-0.635482456389113	-0.981767022044857	0.43641681569980184	0.3245663990929026	-0.5136721003240391	0.8685141536301452	-0.2629401430565659	0.6594877497281516	-0.9202784907566097	-0.1970605249729386	-0.21894171632598639	0.16899742958839234	0.4976513390482076	0.6081277615432916	0.002274169155992646	-0.3795241586919545	0.40925204239183854	-0.9730402124860991	-0.6060916683716994	0.6596160100755778	-0.775639885352766	-0.6590716310666143	0.6010224234637793	0.026306554467013177	0.24343785568223741	-0.00869932057450737	-0.4932290613882547	0.351498041384851	0.15619896162631172	0.49813381152009784	-0.31948035105824896	-0.036916092959721446	-0.14013438293825833	0.43987157994710274	-0.5216567818045155	0.21100036660321222	0.17223007674216298	0.15283736201486867	0.19491555350332654	-0.2833075947509714	0.23209682039473803	0.0016440560140931937	-0.05407141619221275	-0.30081925170381335	-0.39730313602770023	-0.2849112060603608	0.20065921359315692	-0.07723139054654408	-0.01958522408194115	0.11864124392533325	-0.029092768249018637	0.041854620981859096
DTXSID5046146	-4.802762998375119	1.659923938493503	0.41519621401141504	-0.9631643943697854	1.4793286225008284	0.7259660798656816	1.8323215555465122	-0.12368177054023058	0.15108626651615467	-0.3209226319401648	-1.195352106621899	0.503760237626823	3.264718810424366	0.23399169294844946	0.8030036258525116	-1.7413851820106598	0.22958058836418072	-1.4437229226091015	0.10726084330326333	-1.0140762290490375	0.003939153567987773	-0.4546665485879183	0.587873149877945	0.6738180089266116	-1.2011064654099415	-0.1512163996971786	1.2878099489474208	-1.5617854874019401	-0.823621598615385	0.5526411600703635	-0.30643389401252374	0.33354046225642014	0.11829540555074894	0.9210809312195883	0.3126819925552831	-2.0359224974229857	-0.02689423040750035	-0.2887037053278877	1.011426713881736	-0.4076357710231308	0.944837702734048	0.09930646207901762	-0.36334929669522253	-0.12491105110130438	1.677744112204189	0.6064774974988633	-0.29888848055476164	1.1416208059626818	-0.7306039690970023	-0.578856126657987	0.8458900272761429	-0.9377410851458522	0.2765708397084786	1.7532079681805643	-0.613668845711558	0.21461425309231602	-0.5918876019017235	0.7899017052214458	0.06893349804920759	-0.976069643788239	-0.4813332949806276	1.0808252531918883	-0.7676200811611164	-0.23624705448574193	0.4109373613977615	0.1286283172111771	-1.486046098775744	0.24958543325453042	-1.4946479694013886	-0.24287872166664157	-0.05222444414205616	0.33170538730159344	-0.10610359438200838	0.47275022285905405	-1.2284049729558055	0.6691719081146821	-0.12468483623042183	-0.1132864419620322	0.45869798045876514	0.6019180316566095	0.027600234822805585	0.579290321542979	0.4675286280912466	0.40321835911586335	0.31658618904610747	0.45486180931943826	-0.20865358960474908	0.6470853329052142	0.04905992580759947	-0.18348944209315812	0.22568510817755905	-0.31269613412824643	0.16353048506507661	0.04248188208050391	-0.1958764684716251	0.3353092150242354	0.4728772924829671	-0.007091813652308104	-0.016513057585765198	-0.007524469062657482
DTXSID2020470	0.31025538366599786	-0.4610645399366385	-0.059440562652328235	-1.4260722519136253	-1.4461238443276578	-0.7043585334104229	5.638571810656142	0.8773583969955241	1.2848711786581066	0.24328798674503324	3.176971865951202	1.1435164980556962	0.4273210279422966	-0.3402496448071971	-1.2214663341834346	4.068394862732636	-0.6021844657383669	-5.4835019523856845	4.815029835751737	5.349597570307287	-5.655059028462482	6.562066927593978	1.6655439306617026	-2.2110550156421973	-0.4138107014963292	0.35576564549509143	-4.82286856192168	-5.979867668070323	2.464806593231783	1.526873466204018	0.2988467937864229	-1.8189999853819323	-2.8502548449180547	3.7896435831370656	-1.6568906126620933	-5.595095946428962	0.8854479424944169	-7.704363464062491	-8.915735681595383	17.151861116653986	7.198666045633612	7.886126916672107	4.99904743688986	-4.987088116755705	4.471358505048855	-9.116781456844844	10.878455349223941	2.499848561315292	10.933278247688119	1.5067150134437852	5.623113000423634	-1.424986123815508	-7.700845660448788	-1.1746786831096672	-4.278907608447831	-1.5901949864187983	0.35138580521413254	-0.16918636433318246	2.7743181159424743	-3.1573151429395434	-1.6841537987478405	-0.7436465223853339	1.8221170605222734	-0.16380512755193652	4.488254989405346	3.6757415319764855	0.7488386363025312	1.6565469606717993	1.4763887920602305	2.676268633206457	-1.5222632366781916	-3.6014496430788983	0.08546299434860109	-3.076067624285495	1.0738489333833088	0.03157103419463204	-0.049835746373619726	-1.2887619852793153	1.8796735903671384	0.6250512302753632	0.7542087710480454	-2.4047542791745897	0.016267266647019125	-0.01830595598965193	0.0666201544222765	1.0623584519463132	0.0728024721770884	-0.18657748019064793	-2.709953723736974	0.4882331159620133	-0.9847681244656316	-0.8193507630193914	0.04077779533473154	1.0274080405096595	-0.8113251964310313	0.17171049643181616	-0.9288505245916185	-1.0866368046933552	-0.8215431901559423	-0.04745767150244002
DTXSID3020756	-6.369043664109108	0.3170731777859279	-2.607109893379463	2.2774999735899817	-3.2833206559237778	0.2349839528657426	1.5514845152950512	1.4071943529235833	-0.31998102781463106	-1.7959307525983224	-1.6722608244020838	0.5213313815364602	2.0570324843286905	1.2222911401596448	-0.5824426812112495	1.0248622327150445	-0.48251563706960937	0.008393502581242933	-0.47377402153355097	-1.5254661714549465	0.5026446635104735	0.8990587360916454	-1.1419488839630845	-1.6416269309973135	1.49713425687195	-0.8039052920553271	2.217091311315913	-0.671263257818542	-1.7799464384211454	0.25655791759435737	-1.2106499789762708	-0.20072414920704437	2.3336017160321085	-1.0261285619707048	0.02617424614086776	-2.2014156014795794	1.3869216251397825	1.4257686415479165	-1.1527434945014408	0.01568531952701558	0.3752467720408089	0.7612788814215191	-3.2329773823496524	3.9225554981750688	-2.4222616177628433	0.4620658353462318	1.0734126940447086	2.3217570637376586	1.6312502616888773	1.0893263454707576	1.8828399009633283	2.516582592905632	-2.0572501760451596	-3.616776510659927	0.8495793731511352	2.9671583891913653	1.2723902394343223	0.7194289517838612	-2.1048526182525236	-0.17454870266008843	0.5024000116328587	-1.4172420964056045	-1.805202008562836	1.1025016681511999	0.4044214445366713	0.07942101835044577	0.20275072555935564	-0.054346713393645066	-0.3610753567767636	0.052120484770392495	-0.08008198207131396	1.1322211889529574	-0.08884465791737425	0.8617971296191665	0.02254734460430819	-0.1599077941447151	-0.9937090148896943	0.3059481665193825	0.371638815012135	-0.7004211668901328	0.1370290514965652	0.13454633851828485	0.16047487426289636	-0.4249986583955425	-0.6458973273561205	0.1939898129100811	0.5864049496676549	0.1531732057217153	0.5723585739191956	-0.39669113129671096	0.16263638532733748	0.13320683152876275	0.046227128508432455	0.024416326495653586	-0.0436251198987175	-0.4517871482447686	0.10688762634404692	-0.506060580050623	0.023849852569269046	0.2976963897354698
DTXSID5042378	-8.156833577309756	2.1457991311818687	-2.6678908429497072	-0.8509547821505233	-0.5011297911383374	-1.1803136397735647	-0.5191327814414216	-1.0380774169863383	-0.8327915944479677	0.932240675584733	-0.7506060750291184	1.0811066710214565	0.6281813261768328	0.6905653584553277	-0.36783753486733894	-0.7544374358012558	-1.1704253867567722	0.189799844275809	0.5185926531820131	-0.10154466778775177	-0.48710953588459394	0.060446585430634074	-0.6857348770284986	-0.051893339788757605	-0.8759569799891368	0.8110294311182145	0.5633972820476517	-0.3277277149984257	0.008255383447455458	-0.08079848110420507	0.32282605241094464	0.7314276001897148	-0.18434862864212406	-0.3945776072477165	0.2695019489286104	0.4231088841185676	-0.06350772732875141	0.650501859037466	0.446925433018424	-0.5502782295710578	0.365860514100933	0.2968822658680737	0.2989632789225522	-0.4735975573400997	0.16262044249894683	0.09715891578691171	0.6555633845668976	1.000713649802975	0.45980588726026594	-0.5687703805460981	0.10445680150517234	0.17851392076093162	0.3677340348708026	0.09037030760319509	0.010531044054995246	-1.4345392072000722	0.8705134329333968	-1.1272031345029296	-0.6417750824000754	-0.07266207731911496	0.10234836671876689	0.11210102215748984	0.09547555746696033	0.07413440658652003	-0.5604697983391826	0.2372167545721663	-0.5213682547211952	-0.21773442780275742	-0.3578483933046913	0.7302057616346742	0.13238632623464755	-0.3407111128203001	0.1457451148034826	0.24401677522054974	-0.1763128398784465	0.766913870537323	0.6569819136785586	0.7035539309142617	-0.8086095704466806	-0.5690148504263578	1.0773213522479597	-0.1668825524945545	-0.7897927407220581	0.11099738460532325	-0.2762915862021991	-0.33794973115723886	0.36077086450460677	-0.7602692831176138	-0.8487375576276288	0.6469781550548768	-0.01945441886055383	-0.29406087522435936	-0.4567846225321584	0.6704583131248574	-0.5587348057028736	0.005586144113401453	-0.7399504359698956	1.4770598754029847	-0.28922358242749535	1.0556272198603307
DTXSID2046092	8.611804073264294	-6.324740965575512	2.7107369139655955	-1.7219061280143213	-3.5712353812337714	3.0328077513524536	3.717354107176291	1.4669282876698573	-0.2103803116511071	-3.2842624602133466	-1.6999903417989781	-1.488736806114664	4.243347202755471	-1.4447731728065978	3.479290889130155	0.3121943763696065	-0.7089851321047519	5.434560577359784	0.7837054099110704	-1.5890396487732843	-3.2853143056620286	-8.013656988390949	6.915183264225631	5.253934657265008	6.687292993419916	-1.4987048195836565	-1.079630456246517	-0.802957345898427	-1.3060904310253236	1.9349729380757301	-1.8461508853740374	-1.0380446691510263	-0.8065851360856513	-0.3438338549152531	-0.16271038201964982	-1.7075210049811922	0.6836352340705837	2.6321908247349235	-0.5133125528542587	-0.316708724594429	2.772261900532157	2.816184820550423	-0.8679249862310245	-0.6408349281893988	-0.2492542571653157	0.7235341603287164	0.22797220101735335	2.3168116246791888	0.4619597192078198	0.9829074653990523	-0.1211293446807448	-1.4326624942710449	-0.7129406228550296	2.931950534777095	1.2953715609285048	0.25936779954808015	-0.8082824366547088	0.13399090522609203	0.6868846294466683	-1.175602383737053	0.2002439601719521	-1.084464732456455	-0.3415556980220452	-1.6200201866132515	-0.34139063333118363	-0.433582858877714	-1.0930072861328297	1.056387372432884	-2.0239617278746347	0.5852822905519622	1.0987265659351828	0.24496760873156465	-1.3319490004790635	1.218274638569865	-0.5228432832533402	-1.3359373533171424	0.7265513390685895	0.18059296992263482	1.1064605439753203	-0.9087632689770618	-0.5909796350545673	1.484286924730205	-1.7661235926973626	1.1569555006591123	1.9737746884116716	-0.3268182095119198	0.6765221426742658	1.355262790185928	1.0846054819980555	-0.27247482584515276	0.5707781054215921	0.5856925957058011	-0.2562785783137132	-0.771061418999495	0.47647379862154327	0.9320518181148786	-0.12891091162813945	0.9478328101360265	-1.007359727300891	-0.3441878310018456
DTXSID8037754	-0.6388275918123089	-2.7691997999857634	-1.244563274135263	-0.4506788687353416	2.302485908375637	-2.0450754126646173	2.2677683473184365	1.6522226762403762	1.5213170482742553	-1.965630682123649	1.9632317990612127	1.6565860990735437	0.798329764252012	-0.824032050867383	-0.4988745102424273	1.9511019635107019	1.284184999946358	-1.0345732552247373	0.2923025383370325	0.9112482473947633	-0.7488759554842566	-1.5023244315416073	-1.1239471808890793	-1.4890399321288428	0.3442917311865468	-0.4376608106373781	0.722822148803945	-1.5209272780710037	0.1286538516501904	-1.6102456158692386	1.4624327971812798	1.2000518520044348	-1.6806001893898863	0.7213672312798893	0.8835028014963878	0.06993723281170236	0.17662936453835246	-1.7560831146395905	0.176242959514108	-1.8213066383419723	0.4650928036977006	1.1301270892875113	0.8022670861244225	-0.2865844773939544	0.21054897084889787	-0.26870904700859094	0.5628748975975455	0.9126947728928588	-1.7226723417323317	-0.7858023998059323	0.2191810747238479	1.1617023669593327	-1.552452639141172	-1.8809757046742261	0.009570210224698767	-0.11933909095228548	-0.2222030030308788	-0.39495171789730826	-1.2652111500812175	0.4969274760152231	0.08208532041570722	0.4037847758426999	-1.5828460598426706	-1.477995775665537	0.04078624644962175	-1.1805408082746647	0.7212028272794214	-0.05213132993312727	0.44718022730779255	-0.7979027503682162	0.103074876517005	-0.3156238696104484	-0.4167752576136622	0.1370901933099645	0.4381379921385167	1.9519433063413916	1.0358665241636793	-1.1904135630136587	-0.085326460435182	-1.4686738246745157	-1.2454258230348452	-0.23679078662281444	-1.0176461773223142	0.42921048341484697	-1.3240331959141967	0.550349062110796	0.36085173822446365	0.29675708998621436	-0.6334625098518819	1.1106012846078865	-0.9298265646600207	-0.5639364767551406	-0.840244498540812	-0.10115940808395173	-0.008076007672194914	-0.5376996440051391	-0.763837930084954	-0.9305871656972942	1.4216358082824527	-0.22765228516128913
DTXSID4023753	9.411199142659326	-3.27887936780585	-0.6527274754413891	-1.963443714947728	-2.0346209013745806	1.9257465460876892	7.742870910211304	4.94466549323384	-2.1428139291675077	4.432613088877491	-2.5433335268511095	1.5131569354650747	1.4676401388054905	-0.7865889032530591	0.3430616202395497	-2.0780111598398516	-2.0248757642907735	0.24172630890353455	2.776076810337515	0.8866442627514457	1.3330457180097692	-0.856409977588279	-0.9246539612217325	-0.7822714589093358	0.8339517118570562	-0.11573373428387747	1.2142860565821327	1.776840854665578	-0.47810064829321897	0.6600718730957368	-0.6885855553259921	0.3788208500243743	-0.2141224214352428	1.19244571325035	-0.042844912598762656	-0.8053780772527215	0.21096337517670533	1.0484209209749045	-0.5958177170257242	0.967286126828178	-0.8210582540889361	-0.32774864039008533	-0.09337807326960554	-0.8034956781528296	0.32833728092442044	0.6856290178271148	-0.19313258071988215	-1.2258179880952988	0.21357474407293248	0.3758016286743531	-0.20821523665783848	-1.6590880948407007	0.02485357718182589	-0.098473008852158	0.5010302909501912	0.9112023741174368	0.06626238573282534	-1.3556933994445033	0.9976173291461952	-0.2994690677890881	0.9654423968891035	-1.775325821761284	0.20928625806943643	-1.2403252525446424	0.8859766729494937	-3.193150621854096	0.722967204960696	-1.789842856540239	1.0525051546095283	-1.6120184460877311	1.4714480913579577	-1.892330349643214	-0.08922067914101012	-0.28111181685335196	0.786142794496587	-0.4750800662464993	-0.9559462688842023	1.2071096539575779	0.9392173100316862	-1.4713444795611634	2.6288244150775952	-1.1693613404840684	1.2230720209867716	-4.107328897381122	-1.3017061984604985	2.4373197449605137	-1.0413922657920534	-2.350925086391136	0.5665645837967763	-0.39105343820317734	1.7003268658282622	-1.582653502056851	1.0177137333203854	-0.31555309981954754	-0.9672683952128527	3.395480942993391	-0.794948083392323	0.029000616343708426	-0.6032612850616501	1.6660453160668467
DTXSID4046525	-6.187035392786425	-0.7421483645812206	1.3338724630292556	4.9259305122855475	0.5797286293901052	-2.2826796770548823	1.7632200522569093	-0.3459085732116929	-0.6774562994143843	0.6997360610059479	1.971112890601396	0.04784212336870595	-1.3418460411975768	-0.6213651663187936	0.5318553869098226	0.42383283828158874	1.7267118738749117	-1.7901045834746516	0.4523775865334514	-0.3708619943566133	-0.15133537904347585	-0.16178877474010064	0.17062189832959904	-0.3268214800534004	0.3393385763990877	0.1427922965917583	0.3275639216952791	-0.420868079024998	-0.7600934897705375	-0.6915679441131946	0.37300448676824	0.7148872602355717	0.04197385307310204	-0.17823113626797196	0.0907404914590556	-0.0994520302720354	-1.0641633460644575	-0.6655170598040161	0.14434923142263165	0.520456794720183	0.12429105240860597	0.45678101939406796	0.24814701195318756	0.3972329712506804	0.16445934562127815	-0.7768330298563191	-0.9177297027324572	-0.454272049953933	-0.5630510505740619	-0.3983234113489025	0.05259635022547195	0.012367925883083074	-0.6795437815068522	-0.018444514086513843	0.242298467775204	-0.4451359100742164	-0.10143678292563856	0.2130623500990473	-0.8014036485749855	0.13876133377188535	-0.22022996652384186	-0.24881796860216887	0.44365653593327725	0.11960411132711328	0.6833836394510283	-0.07323161209931271	0.36934083784969035	0.12797300057504216	-0.2676949919964616	0.5291156080332328	0.31643729013592814	0.01652874470785945	0.8458473376064247	0.5018330405559104	0.1300485704809816	-0.2240698934046314	-0.27645057503068443	0.28060855201279816	-0.11957564191340961	-0.5090238512140833	-0.1834242534919577	0.04220744482111067	-0.6398727354494196	0.08603261844364404	0.40332650610501924	0.02297302987015444	0.3626472517696693	0.10986299586854192	0.09028694230981191	0.5101168381703575	0.23706467211388	-0.0066695140151412525	0.7301256616677958	0.23890330356931536	0.11939673263175936	-0.36897492247257296	-0.3408877431284272	-0.42647894867612224	0.21738444802852785	0.1198578955297839
DTXSID2057655	23.29085383978967	-8.167735475087069	-5.881822034868303	5.713815124134688	-3.918281969196778	-0.04950568354172512	-0.2861269783671647	3.6814335376001477	-0.8764714350631908	-7.306352699018101	-4.015827160997062	-3.558937050088082	0.9025277639315561	0.3879264657822525	-4.272116891261693	4.4738834990923655	-2.834888633878199	-3.5712521084760946	1.439687609052052	2.5503665969170126	-0.8901858245559433	-0.03710369572813062	-1.3338895034748441	-2.554143176004921	5.494010193324104	3.9199330924052815	3.91827353585526	4.026311675047627	1.4382266819997696	-1.6015388801721588	-2.220899606313273	2.1195044423746228	-1.7014963601250643	0.9153702528860549	1.3644490311965916	4.657422647498626	6.343958199032749	-1.5833632758483653	-2.943756025775785	-2.0027881041486113	-0.32195887081601005	-2.8550765275344627	-1.2373809900299026	8.055102486231945	-1.005839232173291	4.483072207702612	-3.8307298276247033	4.190842220177398	9.384910632566834	0.47861932588811545	5.33467854310507	-0.09096611692383345	-4.481183649034854	-0.3639745410115882	-0.5536165106993564	1.7493819480317458	-0.8109104273817962	1.3923701548453187	-3.3641284062794927	-0.6535439853757326	-0.1593837261104691	0.9448701865684637	-0.4519204080392314	1.418863414721213	3.1424741321086085	-3.039718746250598	-1.2042769533380304	0.70501380202094	-1.6149530314334726	0.8352793147989414	0.21335579825035147	1.5999172067646676	-3.727856887378122	1.343839241147095	2.960081413999123	1.8633267368870536	-5.810741954261834	4.487062656416673	1.8702466196402059	0.21249158288396452	-0.12517473232973036	2.111511442459661	0.0389835199341927	0.8532767779796304	-1.0141928538207032	-0.4301193220439773	2.101830784840603	1.4918915443573204	0.3734044689689912	-0.22959701795766274	-0.7040889683268273	0.6208948670255904	1.1823667636343842	-0.018809639492378856	-0.16752273672556556	-0.9959817758777111	0.08067696544713839	2.914626759701187	-2.464199650263055	0.9584027023599968
DTXSID2047145	-7.6347728432858695	1.923966980155643	-2.1313422280745824	3.234054639584641	1.262533968317892	-0.36012682612273406	0.24637481950930915	-1.438241967365775	-0.4343813194910188	-3.138090685133269	-1.5674369717113934	-1.3159551085913161	1.380943618767179	4.40799159727529	-0.19699036802233785	-1.5044255644495341	-1.635221056244495	-0.3944697462979092	3.2452985864755095	0.9779528279581476	0.45081432725479886	0.09447926199318843	0.4380564679430717	-0.5253405655774811	-0.940999888879595	0.3080042549461806	-0.049023106628040214	0.3455807725145295	0.14332319087249315	-0.11860034829807053	1.010939803243096	0.47083676852605133	-0.9116268834306982	0.14307640756677675	-0.15448114328852897	0.6853009939426697	-0.026168180367105547	0.8888325077032863	-0.3172635443755218	-0.18607919454389743	0.37215820053657356	0.5961540988315124	-0.5128934644537033	-0.46313296118447417	0.5478139998886147	-0.15247356907566534	0.01123246229937411	-0.26467290228114465	-0.3731191694248291	-0.096075308939522	-0.5434074710477205	-0.10238478394882214	-0.130009784990032	-0.9999716050237052	-0.5120031733789712	-0.06371232219232822	0.003557873270644943	-0.15528904933431156	-0.9890245557086819	0.598726770695607	0.29995470821666953	-0.8674505019791676	-0.08469915634415393	0.6277882830002479	-0.13463675007160722	0.03447326422062242	-0.49395475595619925	0.0794671950038465	0.7283422575477244	0.4709030203737655	-0.4621946963377439	-0.3500625224329077	0.45289970862481144	-0.24462727608952978	0.06148602216947673	-0.12502207899207118	0.49982480489351827	0.019598845894895946	0.1390833116277816	-0.24330537692419005	-0.15630985371969836	0.8086639035733582	0.41650569968620915	-0.40866590666979696	-0.23264496673672164	-0.35977529233160105	0.538940579206506	-0.151465843870927	-0.16304058947438746	0.06837462735983224	-0.07081053540296527	0.04659877878041839	0.06158854014393051	0.10292392491009317	0.4126557909704517	0.18954803981037027	0.42735976780713486	0.25474702545877687	0.23089369778384514	0.4255629034850625
DTXSID6021294	-6.961099555561676	2.0023753396848787	-2.748276830989671	1.5525634392147962	-0.6736910169287653	-0.7753203496184201	0.6121274563308801	-1.0940771682256707	-0.2013596359090066	0.5271996047292977	0.11252139253116343	1.1630770134588981	-0.03168469856470423	-1.0160635527025303	-3.048695681991506	-0.5889740084337645	-2.3534454183029885	-1.9051805925155556	0.04599710837022762	2.569283403697719	-1.2103591991103528	-0.028931258866503738	2.1823562197567576	-2.4173897684703105	0.7726756206567635	-0.02273156028204152	-1.150518593019965	-0.46091070302724263	1.3239321660967753	2.420125186146597	-0.02661814005295169	2.6847282667194627	-0.5684184432105892	1.1922013376993321	-0.7187166544090122	0.04655203293433715	-0.26886862427013825	1.2642244496715684	-0.1388858979251426	-1.0159284469434515	1.6665688762670048	-0.30584015078590626	-1.0427162114179216	0.5503737470464475	-0.12311660198004577	1.3138073148102294	0.6226588125852497	0.7857785748528038	-0.4894169424390986	-0.6987616476182884	-0.864906370769983	-0.012179515996739488	-0.3498656009464988	0.5013748242553789	-0.27040667503731625	0.3653232759236596	0.70286297107449	-0.6407039806199296	0.16340431816425008	0.2814055640606322	-0.7804498484439963	-1.0741920349245897	-0.664530780295737	0.11926045135813516	0.2848671675939152	-0.33808282962328656	-0.24009129064681276	0.22529723031020416	0.264218380484562	-0.6696401356326018	0.404143567083789	-0.8451371960032947	0.11473011066976231	-0.953163583543813	-0.7975124706185927	0.35782244560152504	0.586437694847767	0.3775645441241221	-0.5437914538589281	-0.5950231867075949	0.502796111053704	-0.19058599809556456	0.5046340281846585	0.35560585674058626	0.4077348986894663	-0.6805607581855921	-0.38667675666250007	0.25658006553602763	0.6663638476643557	0.5010877928127841	0.14169645594167332	-0.7077434724875511	-0.27081626077202164	-0.11157679223572249	-0.1338655066440865	0.17043157212348742	0.1299601581988125	0.11952538292800484	-0.12057524809329241	-0.08623038374797208
DTXSID3044251	-6.372510710890995	0.38221199918520976	1.105055904694414	2.2802030440065355	-0.3167531903900585	-1.2563882008010696	1.1293442091412265	-0.7366190168789113	0.04136310139678367	0.0719437755597898	2.1490601477133793	0.2455291075736567	-0.40088199411987946	-0.16652888313660968	0.3892818200630361	-0.028175501739564072	0.3240850591718026	-0.7885273288650317	0.9224951599682337	-0.4942405132985601	-0.28840483778666215	0.40480133571876714	0.08711734775941832	0.408417720894225	-0.31255921087723787	0.033651854161886076	0.19965754670549435	-0.1614890663638888	-0.11657692673372241	0.4069707396936421	0.39691130460293994	0.21234793804315427	0.00205192740173558	0.16099346072337453	0.24828295773658876	-0.11483915517370365	0.39579886216188354	-0.032129849564744274	0.18857050841985581	-0.31872444072660955	0.3461659658984339	0.3535854831169592	0.02756354555537537	-0.1584841618503863	0.5527237696384033	-0.2215708393433858	-0.29281674460577795	0.03816395118763293	-0.11420160992820197	-0.36124495686425045	-0.1634011302084262	-0.2987639405577872	0.021873652851029726	-0.7720997594641275	-0.5302478662650898	0.44529442996194224	-0.09279865148043379	0.055333139229516055	-0.5023505629883597	0.24013635450689902	0.21572933421986482	0.4637920950541304	-0.27713109090851645	-0.10875900561607943	0.15313227881503944	-0.29757249634447386	0.14248104246810891	0.16043736377578766	0.4954553066770951	-0.1439600968573448	-0.16123215053483433	0.16058845582430997	0.15792620250744965	-0.5122409363977612	0.43657443654824196	0.19736823059407144	0.46494100170421865	-0.3212870007550864	0.006683300144375719	-0.2773991553248243	0.0793595673131537	0.06225565690322286	0.037268337901455	0.30030537201273055	-0.3986831301402857	0.06956854443773207	-0.027530983512539353	-0.14589250411957533	-0.3452124872106557	0.2456703404216706	-0.26864245076899956	-0.11902193460720324	0.2722528926739457	0.057531311211826315	-0.04784421311297233	0.036003197693520096	-0.11419322516507323	-0.1930856593817255	-0.18563577223826813	0.10534143086794595
DTXSID6024599	-3.8720199957791914	-0.3440926991959	3.1973632493611794	-3.355641190521665	1.24127694469383	0.8434882660153766	-0.18254102633973018	-0.51307145346941	-0.6471250423906484	0.014872718478671866	-1.6113028685576796	0.15976303222985955	1.7266928089635525	-1.2007367132870512	0.3987806322688871	-0.8451519844974551	-1.7309783273161476	-0.2641254786242002	-1.395484180893564	-0.3331041675665232	0.2112436148109077	-0.6961331807117882	-0.6934839836833566	-0.683826592506346	0.12317622055659568	0.9835257295237264	-0.8459919943106028	0.6273852356547074	0.530288970702726	0.45117363262628163	0.3556766215856103	-0.43788313104209436	-0.7634063124015097	1.1097677251943563	0.25734246814172707	-0.41995362737468306	0.7186007684096338	0.06341461627264852	1.6538646281150207	0.03160931072098248	0.2362667607850261	0.47545140702904093	0.08306605563362242	-0.54371263882411	0.6024971646178479	-1.0041400678101975	0.023793181566585345	-0.3868442185703981	0.6607154910701686	0.7677713975974745	-0.19497450135756692	0.16369659348150115	0.19086218901569996	0.019201123230241045	0.1129157930721632	0.11715526662592819	1.8689903431696644	1.6160701061104037	-1.1020682585796788	1.0599608532778624	-0.28303237644568485	0.15238086747162657	0.77567663389838	0.3842964377671322	0.1905292332834643	0.7145803468486589	1.014511688875376	-0.6261017472369439	-0.6772305676241649	-2.0381486155928656	0.31192365307824615	-0.6758610655737535	0.8103890262349976	1.82899741440981	-1.7489206001028816	0.5588162309950231	-0.5436919240740675	-0.6464703124462506	0.1390088320161974	-0.2669572121590415	-0.1803810361495122	-1.0012025393924937	0.2829903687349303	-0.2120428274232284	1.562297679577823	0.6934115890327817	0.15526354501999887	-0.20300143650769595	0.5392647269301186	0.37111223151492323	0.2608227352368638	-0.313958988143131	0.24500072099948667	0.49940212010466223	-0.07028954635507542	-0.022126311863121625	-0.5724341068561214	0.900802050057128	0.5787076925585654	1.0024460581926145
DTXSID0042668	0.5989633767508186	-1.9281252323951297	-4.1185848262295135	3.323935700726068	-0.6087030622517146	-3.0252830752096758	-0.0015388451825764792	2.1735416159959526	0.7168078125081917	-2.713285779318504	-2.5579790005401852	-1.011227460765712	1.0890863630467622	-1.6994781115904798	-3.353468572266764	0.25649185553319237	-1.458582076316378	1.4677831612518175	-0.13150251354475087	1.986831366809867	-1.3573626875915406	1.6653097246511548	-0.7768947328251083	-1.6654611467881055	1.6394617576019797	-0.3925337266262419	-2.4102750319628945	-1.6019178707040398	0.19920651895012847	0.9267527543535011	-1.9038836177012404	2.5922017596563753	0.9622175757049467	4.380673449966658	2.4869741169954844	-2.6049463081941417	-3.501992595846007	7.880017328164638	-0.008362512275004608	-4.128925083634342	-5.404882030274036	4.329760207876392	6.071271054583358	6.49190101311673	-1.456389973415283	-5.679327523566528	-2.052984022372833	-2.8974861695364917	1.949348031670793	-0.5773196628884879	-1.8174978813655218	0.3932104922758207	0.30351987542135433	-1.1778832116594116	-2.495681522764333	-0.9532395285393989	-1.2251955665206467	-0.6063657596216641	-0.2995824915100738	0.9414790344150372	-1.4186776643219328	0.32453713184901634	0.3796334395889301	-1.6713639529066509	0.6279596780617243	0.24028056981695137	0.12433045072717656	1.745597849744161	0.6594410288617241	3.3675057322031905	-1.2707123524048543	0.33633538684625114	-1.279510670569471	-1.3822558518832286	-0.591567411096732	0.25338846756420336	-0.8789744887373493	-2.086300120433686	2.0987851847909225	0.7825138928532832	0.15800474472935552	0.24405783573684367	-2.6851593865951524	0.030311246595142984	-1.236946382612789	0.9604036912437962	-0.5451353419997755	-0.2087778670270265	-1.321142644670238	1.0075894137349184	-0.8849034657757762	-0.6779706871364233	-0.6943587914211212	0.4840142332552291	0.45821839426667155	-0.30952496086175607	-0.24441895319907714	-0.6206884461001134	-3.174590031420139	-0.14274602085511512
DTXSID5022061	-5.443070119083432	0.32141542470765844	-1.9542907100796278	3.490851539669572	-1.8386452281807284	1.1633996891995164	0.928496954842761	-1.8149874541982787	6.754847658644568	1.7007051829591375	-4.465248964064835	-3.3509360302656694	0.2972695394757227	-0.5125400590341895	1.950108049466385	0.6706719728172583	0.877677940123595	1.6785062282135088	-0.863302088459686	2.0952314520929165	-0.23684647313630808	0.38098325580822723	-1.0894314722260026	-0.4940464111748693	0.5084688705750624	0.661348017406459	-0.12438387901552792	1.5544535709170182	-0.5931122260575278	2.4662033642262915	2.264374831356251	2.2271683319992377	1.298906486105799	-1.4600186530160335	0.29726294910078155	-2.4213085807614565	0.5954224571035531	-3.72789349389795	-3.730451386963885	-2.4065126538192345	-1.8055998700024851	4.03365888226024	1.9292449502460827	-3.5613177632791135	-1.913167522917671	3.682087024685228	-3.4561912194499005	-1.470082093767536	1.3783471199670323	2.376442819700613	-1.1871642285973567	2.872073699475922	-0.457701579134287	2.370660245546827	-1.1612137519633596	1.9733652078144808	1.3074076182839494	-0.808249543530131	-0.21387474744903248	-1.9190514274639836	-1.781593298544321	0.13690832686996585	0.2731475099004388	0.5166136098707936	0.18162661066363311	1.0409760221628286	0.12909849670852008	-0.20084851501453133	-0.4168546366226691	-0.39480892240487453	-0.9532883990299145	0.29972542206446456	-0.026189266672472625	0.3552310613659494	-0.7659355652364296	-0.18405534588072392	-0.04813531332470168	-0.2761684045327791	0.0003727030912619251	-0.31836288700963	-0.6377542925880006	-0.2369078687550305	0.26575983404855946	-0.6343515721900146	-0.7837203678562783	-0.16949473579737356	0.39518033255414275	0.11173022680816136	0.5423723263067283	0.3285313763988575	0.026055662320814965	-0.14574151272793512	0.061192083411924676	0.08351429707939159	-0.10699680671120711	-0.21594992961804982	0.05605813674370368	-0.08159877831296647	-0.2188257699813583	0.41055485936093167
DTXSID6025480	-5.705700957514161	3.3054298486582034	-3.2661624976029286	-0.27873625570606775	-1.316701356676929	-0.6270999943485898	3.854297821750163	-0.06863973087042526	1.0917254550056708	-0.09871319267034999	1.5869813241638369	1.0828379757170488	0.6353488210621386	0.6714141608579001	-0.5502892935570047	0.810969006803457	-0.9342368622541252	-2.492824404968667	3.135701193929226	2.5758921594461412	-3.2826577926935987	4.074511919461515	1.1716667228405313	-0.7114112953335773	-0.7088619047310725	0.9084814685912206	-2.072185734037598	-3.1263612405191017	1.1013947499345618	0.9920491645689263	0.41202916936435263	-0.8598981463026087	-1.0487485588740906	1.5412944988957002	-1.2291191316183017	-2.9401502456095225	0.8571392721827537	-2.940730639747209	-4.574235919860678	8.179204259345411	3.122448242980115	3.093481847386079	2.517300828720786	-2.4715441004647873	2.505226058217043	-4.726085126756726	5.5699652228875625	1.6080708875232987	6.059501306747009	0.5054909196027525	2.6407433615660865	-1.6266793958110737	-3.545608617495401	-0.9524006175678333	-2.5793164323352467	-0.7898381238192665	0.023669693570836474	-0.8061122692835971	2.021408276694076	-1.6571983689607757	-1.0235130929138685	0.01688923331261275	1.2318473790868467	0.42070550605463886	1.4293928247546563	1.6451747726611912	-0.00418235275701692	0.9257305040299927	0.2143312072660483	1.9465641830863647	-1.344211795450299	-1.7696578005027546	-0.14157158882338383	-1.708960831842107	0.8863449442696841	-0.4408610486895456	0.13341315625221012	-0.21392128121231282	0.6435108606130672	0.4809052411984327	0.6433919597327883	-1.2726474228726388	0.4640356207502245	0.12731895819007166	0.4175695717551253	0.33110306500355907	0.2544208943965233	-0.03290870590320423	-1.082115676396433	0.09742599885035448	-0.7159632947287009	0.20020419830011899	-0.375956870793278	0.03737039378335	-0.7664346879134943	0.514690334247545	-0.6628041204422002	-0.8939213483598726	-0.9600876838135011	0.22178179733412481
DTXSID7025269	-5.565888917507642	0.8405362943956002	0.7062056264934445	2.2173351885331853	-0.5733575002494834	0.06626922123524769	1.1276839781459256	0.8787050683106279	-0.19444263215426394	-0.5618631670753723	1.1851065112544603	0.05622662624126546	-0.49932105250019015	-0.3240071192988649	0.8028162474450553	-0.9861963606289131	-0.4503371224993544	0.33087319092469636	0.934601772738738	-1.0006821204689809	-0.31084643878224155	0.3752721305672671	-0.9334147857253574	1.1163531777170925	-0.40022658828825647	0.9939419649879114	0.4842623796260869	0.4485364664838802	-0.21415821326363652	0.24044355447500101	-0.39782532574857793	-0.04973885345681685	0.13560761889931155	0.33850384025004693	-0.297910411607559	-0.13627876842222966	-0.3140376603330824	0.5069447849802067	-0.052807934356139084	0.23850343155034892	-0.23660731563287074	-0.5583738696058684	-0.277505571687006	-0.03750549965252354	0.6842528161462798	0.29453486837747667	-0.10853698053380012	-0.5007645805827615	0.3281819636903678	-0.24727069593575607	0.18669431884451881	-0.26462629146699157	-0.1334366592438205	0.2832867511925392	-0.8089167453037279	0.037686360384698324	-0.45680364115125593	-0.5994114549723736	0.4299328074987529	0.006744310268347566	0.04115785636728258	-0.499082363458945	0.29415622848882467	0.014140062486315315	0.6027245201256429	-0.31439767701512805	0.18266244522801858	-0.1342470494296918	0.4499032139249381	0.2888299599706384	0.6591126792434678	0.14618402072911155	0.4067945600486854	-0.006145614308641428	0.7729725206945873	-0.2862186858272186	0.536943498619826	0.19449160782045127	0.12089315872137384	0.1905899772857926	0.5002911663988345	0.02178758617423022	-0.329056550060645	0.29815656983974054	-0.2921843291775993	-0.3472789983180253	-0.12786298102322363	0.4049161687682329	-0.0001764085340911306	0.5722964561940729	0.3688920835732388	-0.22392910095590995	0.23333198674587338	0.056381642090895724	-0.25281405998548395	-0.16941369805670234	-0.25133687352033346	-0.4375834118537265	-0.32480467562372534	0.3926755202242808
DTXSID7047568	-2.941130201898551	-1.4545447885021905	0.6705865108081421	0.22340878638299183	-2.426774934899902	-0.9639977074517831	1.921232309285142	3.8102209156100333	1.634450049221557	-2.187594387781279	0.01940563494798945	-0.20341459409117496	1.4073505503854475	-0.2569503831739918	-1.001876356603175	0.8489811929481501	0.3305224678496959	0.2158990246588143	0.6665409075689049	0.3643708476882166	-0.47115961979657206	-0.41713676733424637	-0.6186359535747231	-1.523322261469412	1.3646803344103766	-0.2460117107069901	0.06254009842229986	-1.1846602455494564	0.8526340104077104	-0.6230352118948159	-0.025948927274363827	0.4388526317116212	0.6513758150368676	0.5007875297221648	-0.2062773754089388	1.4398946014127476	0.30012309795623454	0.19220329256407548	-0.3637233573172041	-1.2117183854178346	-0.3729353010095621	0.001716230408021358	0.28365994120513427	-0.32229887922138917	-0.38332407653853207	0.9465383714305696	1.1770434078164267	0.47334336721084863	-0.8186499056810443	-0.4361738112789614	0.7705189609673535	0.23415994578527516	1.0661780210110847	-0.4706519366272897	-0.0651860946246766	0.09066481883541926	0.11743845564745627	-0.5105549113691444	0.8629718028190362	-0.15420498598701907	0.03547702683999264	0.5445889269170603	-0.7126848707542995	0.34906310248567607	-1.5351998810132574	-0.5750590058656225	0.17823542487658034	0.7017103500750564	-0.48720279082882834	-0.33394936077273585	-0.9192193393993455	-0.686268285617281	0.07853998804667786	-0.07995445764408794	-1.0233680482378926	1.4387385912069712	-0.1638281058650641	-0.718844578349257	0.15964781503150802	0.13957943491199765	-0.9151326910264017	-0.858503850009529	-0.5312795028248619	0.8037528957026094	-0.9328525044774575	-0.1436230788004588	0.9816684971841521	-0.27948362073076155	-0.22694015474940502	0.18161896117577228	1.4158315366359	-1.4249017423458228	-1.4056077391694637	0.23804376881680225	1.7914896917085013	0.03732932534030187	0.5534646043603136	0.23452510383194072	0.06732461373706017	0.20658066080013668
DTXSID4020032	-4.8626939418716715	0.9930506112394133	-4.44812196708944	5.085182177192321	-0.4450882645531429	3.597729055745629	-1.2225959618202018	1.076141392220312	-1.5954703772329524	-1.9830115929612635	-0.9980203453480107	1.9590053355702026	0.3992239849970529	1.799737162590344	-0.7180736263324863	2.155448905298146	-0.9435983083507068	-0.012880351871781498	-3.4129830026666648	-2.907919720962297	-0.16142165103769363	0.6221596013928832	0.7473615215224751	-1.1744111179115801	-1.3604383474320494	-4.533873936030822	1.3970121848760395	-1.1164251534096954	-3.1681771249420896	0.6421227820833688	-0.5534795794712951	-2.2335863226931436	4.426430852070126	0.2797582686531872	0.20666625676549433	-3.9964221907348563	2.8644151745243858	1.4882335173603087	-1.4550807561587822	-0.8610560458986651	-0.6404051230072819	1.5065127731185513	-1.8921742164832775	2.4187722067571844	-3.8858443961640927	-1.6673008463033854	4.276455582038014	-0.5259275378238494	1.0534828952721815	0.4346091362047748	1.631852754646154	4.4372748702268145	-1.9417654592520128	-3.465917285364292	4.529618673414224	3.2140944414784927	1.7348880738301413	-1.4337582732229766	-1.873972582523217	-2.452028401380173	2.684053236542072	-4.357752646287688	-2.703261520442641	0.40771745674121623	1.086562622763173	1.229638315001404	1.2676701380702309	-0.4281820780227622	-2.094019055576787	-0.7001943319048127	-0.7727220330109953	0.05486880693862453	-0.2119693125104821	1.417569657634041	0.05374725309094712	1.586844687875911	-0.9746859501019258	0.6656376227489575	-0.568313547438906	-0.8370058425386012	0.8772614437570382	1.093638819131854	0.5590417176026777	-0.11715531979304947	-0.13447745423321258	-0.4176422293077785	0.022511634618849346	0.5272557783230143	0.21470738623791025	-0.9926819401948531	0.6121512823405054	0.9643290415004271	0.25958719170386746	-0.3124307355055163	0.47403712087348626	-0.10924717073552842	-0.010176363341539714	-0.4078749965850971	0.7936935243437925	0.5641802385963149
DTXSID6048753	14.034729720640374	-2.984933505910157	7.870302486925082	-5.952631463387432	9.929900158009987	3.566158737267139	-0.8333606556561735	1.1460642474897196	0.43157659139476595	1.8435080652256375	-3.92884671631227	1.2095086220446918	3.355598476423629	-3.1674934580925056	3.535823464232696	0.9481206734184936	6.453764369515191	-6.428511450487617	-2.0516038473514095	-1.6299026376248835	1.83826536708303	0.19143134709403173	4.942950016487866	1.6657391165238782	2.3980480758084273	-1.788096565243632	7.76466544819914	-4.066335598517248	6.8313209907174395	1.2823167788408696	-4.059340904364924	1.1622364709056185	-3.035768869563031	-1.1799036715701121	-3.5642078490394073	0.8228557949735985	1.9993032168229692	-2.7075345650787073	2.600531665785256	0.1328842180569804	-1.0696095547837352	1.6163426729005235	1.9072343460501895	3.0420961815297165	1.2609951961592318	0.7960134732670991	1.1087007728263931	-0.21035767497679134	1.1082092432352086	-0.3027527367144795	-0.08734859900684405	1.1101907702835665	1.4095023069269685	3.7426766925153783	1.3577190195692181	5.234713531918842	0.6856313695042563	-3.6150578708308356	-0.9461393998150632	3.551852955200606	2.018391050558404	-3.560926786197514	3.7808139725702192	3.71019256173967	-4.140536729081785	1.005036726030753	4.919945252356647	-1.75947228616334	3.4076872864783145	2.130257255881057	-3.1411907517361257	0.3755232974880807	-0.8925123568424053	-1.3392712578186068	-0.5518178009261262	-3.0300214881321863	-0.9307959531727131	-0.6456892513045163	-1.2704158952119244	1.1171757530041662	-0.2568813431992522	-0.7309170395175364	-0.24661329307673271	-1.287770696691651	0.08078969142242654	0.6218711819850824	-0.28382937709754336	0.7536703183316136	2.188458631685061	1.8371564534836007	1.082276217510999	1.0404497784370137	-0.2541430104466832	2.102109701648774	-0.6262635433814286	-0.4013564593306755	-1.361155968553745	0.898667610471852	0.4559335341985814	0.34829799702223496
DTXSID7044970	3.2160675182631944	6.881643392948776	-0.6329217590368209	-0.47599792814494457	-1.4273124516706313	-0.21679102380894952	0.6803540304119855	-0.5850211313871847	1.8229909647645852	1.3094993535796968	2.5396668402607623	1.319671465286317	0.8172261646984361	1.5606209653182537	1.717472916942627	-0.45352476954107945	-0.3246677172777801	0.07004781656482816	1.3021519700472026	3.2873448215824856	0.716473103020437	0.4692175284526834	0.13639860548855368	-0.3423732603869029	-0.7175050022521847	-3.10865578925048	-1.0810197740007268	-1.019385436986351	-1.3848675133770676	0.7773442219933783	0.8046462106839493	1.0153208583957531	-1.2163424542139993	-0.5673207357048927	-1.3340424197829455	0.5758581469816629	1.036467413942067	-0.18815084504801996	2.5471377753661244	0.4581194550063349	-1.4818163207796622	-1.4987961399864334	-0.24112915293156445	-0.03557318681844026	-0.4752358066872255	-2.518214906300862	-2.5124340584830853	1.48858643415631	0.24351681086002736	-0.8997323868291708	0.9902525056597486	0.9141526205363809	-0.29770237117979864	-0.26338602165672415	-0.9670916161432	2.7241945264364387	1.5094273317581202	2.369447246377989	1.6252284062029856	-1.4577070611872986	-0.21390294921149036	-1.71767483073491	0.9734907727007529	0.5321031123640385	1.330752333581566	-0.06003354814143092	1.1838878077005635	-1.2206736250207237	-1.4325570333027835	2.1632207795182445	-0.13191722225081115	-0.5780999096232542	1.1147846371785017	-1.1233818193844294	0.12146296488780366	0.14227720630605442	0.013888046722315826	-0.10227488635220457	0.5977842222568006	0.5645910730692376	-1.1149082523874936	1.0645248509677492	0.480394528571598	1.055419223962637	0.43797277990327127	-1.2880505421538886	0.13948909374721363	-0.13647427109448557	-0.984174857734735	1.108395374586949	-0.3027330136285243	0.5800660309554074	-1.0679109527201796	0.681683057308458	-0.06797174871869288	-1.4510045439204446	-0.1787404717273184	0.5669944279508247	-0.44235376128948384	0.13587809528320505
DTXSID6023600	10.467557450546073	5.309746586915261	-0.4744844535380814	-2.637751749661243	-5.401714449492787	4.774231722826989	9.648739916994193	3.258261212998593	-3.8581666436376527	5.217802390973419	-0.03817683724742097	-2.785011101681855	-0.57093880846862	0.5945471443837135	-0.8915848838124211	4.833385976627689	-5.5454904916865635	-5.357481480323257	3.175671578150128	4.14374096206878	-6.179768971245646	2.9790328717041628	5.29259647564395	-0.8222506452015372	-2.6319961795651294	2.0775234659942727	1.1293437055565718	2.1256543373605132	-1.6771729328555607	-2.593919603651634	-0.7438285039000655	-0.9353956453112883	0.47866208655816617	-0.8358758411455713	-5.492418215658044	0.5437269608775812	2.7359366517351313	-0.106295687152009	-0.4802907128365448	-2.755143059269772	1.271749784710179	5.789847098900452	0.28917859172141924	2.124617674007051	-3.1587723322365604	1.1236233597321696	0.639462538775242	0.929126444614032	-0.6395872394363391	-0.9609691662164385	-1.3120104548217018	-1.6002235770088176	1.3489893586574904	0.3232187373505271	-1.194577237626905	0.9753330319272946	-3.5949928172086634	0.4588795278733163	-0.7177054187130124	1.0963061899962432	1.042211192910678	0.95070296473079	3.4146874004545995	2.479448451413232	3.873406416821966	-1.3903004625459336	1.130786780602644	-1.9936081746896106	-2.9755973149589603	-3.0373959843889247	2.7720906284197833	0.5257456854516953	-1.1064041009607917	0.7679735897174927	-0.8554110511176622	-0.45013347280400234	-1.2190569631855075	1.3206147480072417	1.0343389103369658	1.0713009682031587	-1.4303838145264642	1.1414045499652132	0.9258769776489159	0.0019634467393906036	0.2568647716114204	-0.13855429395189223	-0.949552087643326	-0.75683563991994	0.9044863033325095	1.8722777098820245	0.7214126876816604	1.3986874094222412	-0.34678732697276043	1.659547509923841	1.3456776903878893	-1.7021494480362624	-0.7153269909872662	0.037599681802520844	-1.678361798253623	-1.519218771124645
DTXSID0049070	7.295211452841915	-1.1241598286042138	-3.642650214827936	-0.09617552800918547	0.6267783678292576	1.9728877333966954	3.1921605908461537	0.33806954911007164	0.13714876946881852	-0.0409625810824498	0.7811819940164477	-1.229595033712667	-1.067112368486791	-0.47969614395876553	-1.61604274525541	0.18347786121132473	-1.337230533139953	-3.7460320574722368	-0.5539648482341932	-0.2719141805957536	-2.4519533975990373	-1.129151613951187	1.9125447213885833	-0.48048189595081037	0.6036575803896456	0.10494979922505052	-1.0599676500848334	-2.0077479961619136	-0.5361022842420627	2.897824381532514	1.204737766767428	4.14708227601986	0.9537274562021145	-0.3930083883598413	-1.4590992900586683	-1.147671048839653	0.8052922586552556	0.10914411811433802	0.6693425385745653	-0.5166054713606091	1.6608939465943295	-2.519432385000752	-1.5445450372891996	1.9080567673597733	1.1630758461787383	0.972525312102815	2.059262139284831	-1.1460918949895338	-1.5909790448674892	-1.9828067754931578	-0.9283327213772314	-0.9795723490042105	-0.42155973406733593	2.881059469549957	-1.0153374846168652	0.9597974928340113	1.3465608858637093	0.40299366475238246	1.0133527592780533	-1.7622799044794273	-3.421879168474357	1.0274609044609506	-1.5978130791635625	-1.9190962904981166	0.09859573888121027	0.6761735219373454	-1.8858748346045595	0.8006430232958184	-0.010541332675465653	1.5321891461681456	-0.4462297850400794	1.087626741525453	-0.36052931934181887	-0.12553222644850595	-1.6728759711223347	1.0445097439480209	0.44524533824416	-0.46445531770198856	0.6850525883032582	0.49197844565441784	1.4778187287185387	0.5984128216352554	-0.9622208817137097	0.5595881746324335	-0.5924993514866461	0.5797018142093725	0.5151819999376894	1.0556073054462576	-0.22612138114635372	0.29887669860654914	0.8345518681541904	-1.019555915421322	0.8471627623997422	-0.8679788104334124	-0.3219401878208181	0.2798924649080756	-0.09013898967648011	-0.6792540443494431	0.05976067072981167	0.5142069531130398
DTXSID8047501	-8.654056317558155	2.8244975680679585	-3.1474344026571552	0.6809474305536161	0.5897393986029792	-0.6086753255727407	0.27774850591061073	-0.7159761435343255	-0.6055461531031261	0.7114904248154864	-0.12069921447526431	0.7493860426606669	1.055191941227956	0.2345743632983832	-0.7079363463458095	-0.6320477593239575	-0.4494861387496327	-0.6456129983768335	0.6132633663631152	0.0060650978848485835	-0.4411718470143872	0.007160459217983992	0.33601798196607835	-0.33591851566653186	-0.429496937910915	0.5583518290642702	0.7011201358139048	-0.08864726224147478	-0.12585423866608028	-0.24576355847195236	-0.04586257972836901	0.6018977280278721	-0.43247080313600184	0.7087209335251943	0.3786211652893213	0.37528999053841794	-0.538290802439391	0.16964447391668225	0.2380443957586822	-0.5176780759667324	0.4659431422839057	0.6447614680791603	0.062199099825069624	-0.404867962257989	0.7257453544504846	0.3847612763288071	-0.06985075688074917	1.2635804334179068	0.1322783930951079	-0.4486020152107672	0.21793440391276991	0.8167340327800504	0.8125867469809775	-0.34786968139518004	-0.13960223334551056	-0.8598442587445048	0.5877986491091999	-0.49494442246814035	-0.1055086829848865	-0.1818257247143839	-0.4945866620021669	-0.17894272195494992	-0.6742058546453501	0.36223593716505526	0.016548545420617546	0.17118192948075872	0.19039087086959197	-0.10639513834523244	-0.18111128147640554	0.6338579999842053	-0.22502724321083165	-0.5705643703537449	0.3122837639021472	0.30156443431747576	0.24980416909019995	0.9577959746625094	0.4765223563618012	0.7231428645752022	-0.6863274322514245	-0.030656600874125976	0.7772784598454321	0.23373864806191827	0.08896628948235877	0.060407201774363435	-0.1330301449381239	-0.33000957867132963	-0.35065710690019525	-0.3968233228710717	-1.1902323444560028	-0.38313442593649344	-0.15856825363422766	0.27005676854842187	-1.0179490950919095	0.9706080157225525	-0.3669802502280548	0.7352382503115955	-0.4799047689468885	0.7250734663082148	-0.5286896732209007	0.19955009292986645
DTXSID7024873	-6.25693193703027	-1.470472242009226	-1.3208641573689945	4.6102123475134	0.05426641119660816	-3.9062990546718903	2.095187124402166	2.596352778374051	-1.4643277219573303	-1.877492508753771	-0.48765656109542793	0.6572988607177488	-0.10910059833775872	-1.0406539422642347	-1.27796137992779	1.201513233190771	0.8025460122896563	-1.1066231139498828	-0.2634254478334261	0.8731595416051968	-0.4871151680126429	-1.0653842507293216	-0.7148297614359449	-1.432917930744937	0.2667841563283357	-0.20573418518318856	-0.5146468731452425	-1.2803449660778332	-0.19977779127818002	-3.1410623153022668	0.26238353869262854	1.146334547993043	-0.8512013413467947	0.9375310670910414	0.17266311631029843	0.007208877987895015	-0.521005845234971	-0.22914071752825496	-0.09444120605210296	-1.8051961599054622	-0.8046548558377227	1.2711713937746232	1.0003875839935439	-1.9321763088630193	-0.5141005725121454	0.38116879459436015	-0.02349890805040111	1.4926795459336957	-1.2292812641396684	-0.2697765362533971	0.6753240375376638	1.1897508529553422	-1.1154251797301498	-1.2045704851992314	-0.08618161738956619	-0.1942695487160657	0.4730765678977156	0.41013641439343274	-0.560621971986669	0.22578196116772178	0.67779016796819	0.17309807182774534	-0.8235148134327325	-0.06818133527215062	-0.6185010086663474	-0.863721676560993	-0.16044148272596148	-0.4117036226366623	0.24627094488604553	1.1800355539419816	-0.5275740325089514	-0.20614626997994287	0.4739854348453491	-0.32417667748158235	0.475729844237231	0.8396036833004477	-0.3320544221183282	-0.22798738760317636	-0.006591970489423693	0.08557646954662948	-0.6416194935554725	-0.032043304894304424	-1.6975571663963425	1.1086525427687461	0.6092076340474868	1.215674742831075	0.4699559655076952	0.06522248780123761	0.37555650904047966	1.0885977235342656	0.03743617159138837	-1.096911286226164	-0.2491976982205386	-0.21752359495229526	0.5153246243147387	-0.25051725379158596	0.30584576078973374	-1.089164546424893	0.10235200310662688	-1.7816399529291744
DTXSID8045804	3.985544791056741	-3.416301472447815	-0.10940068517652252	-3.5913070239091005	-0.997398160551511	1.8378767854849654	-1.3041375052659219	0.5728770320245128	-0.012830414640117792	0.47424062332197175	-1.2156235648894818	2.7944441252583982	-0.6226528301747373	-0.90692211030469	1.07106946120927	-1.767612496447051	0.05403747026666584	-3.0201092972557504	0.22184999630180668	-0.20938827381080197	-0.1173631973230642	-0.9038123841715616	-1.2834898255275857	1.1261445837003548	0.21447203979089213	2.253766798531873	-0.010264018644500293	0.9525176201886301	-1.0719808980964551	-0.181603975721892	-0.12434993966652928	0.12622503346300026	-1.6257036941296032	0.36544848322138446	-0.6466505939724239	-0.2721152604725328	1.3517242203106765	1.457387909192432	-0.6196039387478774	0.5009828577568134	-0.31663141173636455	1.1604141861568955	-0.295978233843252	-0.5914910525304649	0.4580216251146963	1.2079171261080812	0.6832174140555839	0.2438132596933413	-0.5684303760713885	0.9003708416224533	-0.5782766953297613	-1.864789700287741	0.9739526571276187	0.3808548498585362	1.4927210180493224	1.3788836009868017	-0.5602477120265978	-0.4582795641930018	2.5343322746982504	0.704672182433294	-0.04026369304240509	0.6150027925277645	2.036944189845328	-0.5407342781516816	1.401737439864818	0.36809455199831326	-0.6083999577712259	-0.45854030315014144	-0.4064682253506162	-0.3011848796196741	0.12825157770809434	-0.11373574695228669	0.429111384455085	-0.5920247979119055	-0.08135973304238632	-0.8589332863565827	1.6764466303134056	0.7239186848125749	-0.5544228434168677	-0.027610402907259354	0.2228637715730073	0.6754082920130235	1.070953214583485	-1.659904648791051	-0.1585377178735059	-0.6284296941441485	-0.04083878315137783	-0.5129490889679248	0.5201176856373143	-0.35345125767462154	0.3842657701623207	-0.5082028893856322	0.4497313729786435	-0.6760166563811963	-0.4265057082616717	-0.985902211415056	0.41269452012562413	0.06962242301823246	-0.5300256635387975	-0.5566988913373802
DTXSID4045478	3.8818440808774146	-0.4436044416969429	-2.0877329519869257	1.8211598243773417	-0.12984938020644105	1.0771087044671595	1.160047753151442	2.6783177488885768	-0.8919369392451318	-1.2502373043117734	1.4472030108418947	-0.3958533638979802	-0.04002506220293669	-0.5603139863598023	0.4008150216722848	0.13549415352017657	0.3430674886271355	0.5348009570235235	-0.27610574258123466	-1.2631393183303847	-0.9220757321762525	-0.32327404949296856	-1.2556840628288368	0.760103133163717	-0.21590600043796293	0.5503926147838154	0.1743339216654823	-0.7875100645552575	-0.6255484881094586	1.2087242982190916	0.7616324498543	-1.2780755928628869	-0.2666616279993311	-0.20756533352719966	-0.017866292115945905	-0.23097611858469	0.9122909110695246	-0.2734073091419193	0.6791026391122004	-0.5852821332445738	0.3524561150155522	-0.5950635935022676	-0.36294287030644096	0.10426910031733264	-0.011972070007172039	-0.01180400461436538	0.26804624347213046	-0.9081107402193255	0.5590539427695691	-0.3951822362216219	-0.7091188556824768	-0.4333850192854572	-1.437672975381726	0.36191786642490686	-1.0821268296438105	0.2914838402099391	-2.309747638002634	-1.4903204291651888	0.45849581580664855	0.021924674555430422	-0.9799904443986811	0.0521468780919961	-0.041079773896633705	-0.6294210629961595	1.678597939579217	0.5138960839726731	0.5417294200820288	-1.9379459494133875	1.760938650790544	0.9778522187872178	0.7773781916023312	-0.8335950997841188	0.20403147295434643	-0.07671486645517649	-0.44508283903360946	0.37956843535244683	0.3157961889575916	0.10169187124325947	-1.2607809107097654	-0.7861401054260102	0.04591097489740565	-0.27687613288021007	0.13186102055644613	-1.0233577232284214	0.057400863001581086	-0.7676046287286113	-1.0303538540211001	0.5173258866047307	-0.3199144460950866	-0.27668873928191023	0.728560895809486	-0.1913848627363386	1.118836120022154	1.3079596389183044	-0.6551607022430764	-0.5637685618400896	0.17929214896299336	0.3220043258403904	-0.17939530847996119	0.12378807733040414
DTXSID7042011	1.9333750968576378	1.8391459099210887	-3.5288275547109613	0.9533006525009411	7.360529036159394	1.4202541249976068	1.8380419556868077	-2.328005641762757	-0.284936014596082	-4.444913027533869	-3.958862829614197	-1.1261867426148362	0.14837956943555916	3.868426455800793	-0.3294120418338768	0.43651406182500974	1.003115483393058	0.13283625245198072	1.8442994826608996	-1.1809661173123014	1.9833208293573668	-1.5364148256157255	0.01767591358289991	-1.0131610667207718	-0.13405505224052475	-1.466193352064259	0.05470788684711471	0.4285874485330935	-1.161091647723453	-0.16007655936864051	0.195655516002432	-0.8987686485423552	0.2731393814941972	0.21198220005020083	-0.09104991456336307	-0.5688181602482192	-0.02658318035220391	0.4570082627443247	0.01742502580178379	0.8525783976552552	1.1458725158350553	0.76677786001777	-1.4134433577290484	0.06744083811039991	0.35576555580203045	-0.35244960685724064	0.3318724657132294	-0.2965980783966452	-0.6872218387001335	-1.033596755836022	-0.02027784801064232	-0.7949027421694044	-0.4928919258281589	2.5339762159543615	-1.5404437701760652	0.6995532127522622	-1.33660532345412	0.6921830869325375	-0.8851634760696192	-0.9742549791104713	-0.033397376200851515	-0.40280906918147036	-0.9593731230619921	-1.0277865103417003	0.20011263186736283	0.47761532145137714	-2.2065891982799597	1.3164690719940395	-1.2964426368686486	-0.8850484592620789	0.3099884820790688	0.13125668196398677	-1.253994783877474	-0.2724386431055753	-1.7390678225268128	0.7742221463516739	0.21727593876666812	-0.16114859970782075	0.4281008072819628	-0.055338197607457944	-0.012333270089655924	1.4636702190193978	-0.37199551416742865	-0.28234950615225496	0.3824112556610559	0.7489010107153952	0.12317536803569855	-0.5459173141471337	-0.06803598274368682	0.03325265235985794	0.03463077994085178	0.1453582565849331	0.09343642079571375	-0.38121255056847314	0.779686832833034	-0.1531238762022211	0.06933116739087569	0.16668575312124428	-0.08345466812598229	-0.19643571912747787
DTXSID2048795	1.5057555249703116	2.3818458149723427	0.94530139715055	1.7914832825457498	0.4038630315142624	0.7756854988401375	-0.9034180647898036	-1.802824886780494	0.20397918013946886	-3.4115206674400884	-1.320312327271712	-2.1614277819648797	1.9684954804707582	5.125119908152599	-1.0572405932709972	-1.1480138224497762	-0.7963744245838575	1.00476160037134	1.162732721584276	0.004887030148321795	-0.08306229553348257	-0.6911118675147372	-0.361964253513893	-0.7371320433925473	0.06148335304106565	0.2994827498777577	0.4929327405934658	1.0994014240569627	-0.32261162267843224	-0.1359344162787677	0.4857555476458724	0.34206280532049294	-1.0978476579345005	0.032704048355598495	-0.06583421025164791	0.563646337638952	0.41523006777516935	1.6900895383864656	-1.022326836679358	1.6486812035672254	0.14627143661775777	0.2728107834545415	-0.746165043042818	-1.131606632084996	-0.10098092699818927	-0.5207042210461137	0.11976377964764058	-1.1460963435560128	-1.7112523601283511	-0.9560383942633924	-0.9605801820708972	-0.5280794899664534	0.1913956373007048	-0.38325633563645617	-0.6268683273816759	0.6307255569583808	1.3802615666462184	-0.10117192179372435	-0.6881429343179292	-0.22101447747751082	-0.04530691349489344	0.23888544949307888	0.8114392584469652	1.1773036693951244	0.04269530822646327	0.722242310290817	-0.08795700347592307	0.07159725873910225	0.8188333565241392	-0.3609465315709784	-0.1977169806425722	-0.4097721606711744	-0.24932568576436095	-0.9993985780269531	0.9191977490225776	0.24245072678268628	0.5254619590164158	-0.4617880426962119	1.543192413622483	0.551128730759657	1.3883286997948836	-0.2501164324819841	0.9774727218492181	-0.974671987994772	0.5686301221056004	-0.04484783661857469	0.26987505087704333	-0.31249888444968305	0.35453946408271647	-0.5634241867441113	-0.22858680861692107	0.19058181728599194	0.44588535907318816	0.23406710500083402	0.37848738749085603	0.5019541425370673	0.4035630290395044	0.4725411621122004	0.14588632232244594	-0.1924111156796463
DTXSID7049009	271755291.15090716	-92130103.62424593	-23981215.186930023	405762622.0276063	106110375.6903994	-96661231.57437226	739637603.9707651	135591676.74778682	-179017067.9187869	864258514.0854217	-281842458.03950226	745296317.0329449	178236311.0896707	-63955168.20507914	230751111.25381783	-382111858.22633123	-243148489.2297713	400268693.12292635	495902203.5044701	134477402.76448125	378475396.66913176	-185502040.2361937	-249793436.72755238	62230050.36759409	-145128619.7020683	-248571833.60332897	-122836952.94461192	128281526.84079492	30131281.635906763	109171428.28596698	35629393.98474881	171517873.88001946	-24756950.895701777	102947565.61240873	15178308.827794993	211600147.59067273	-57315145.25618391	147908329.01314476	-121472774.33967328	41689508.7545207	-11035416.739558604	25852129.014278892	-52790670.73170573	-43931309.24158097	-17505344.8343795	-14364457.173873425	27878802.09002384	-101561141.2467648	-13908443.054978102	67743964.83287522	-9438717.319742147	-168596555.2259277	-148340211.1846646	-22639003.994089633	-36141689.0698296	-58023728.93130998	211469727.16570917	33883685.55884455	-312571099.5750725	-113352462.00802173	226572443.87024105	-217319508.09921914	120266820.1604184	26385170.93111905	-184406124.58888084	-591300290.8913356	-52226695.16558959	-235196762.51427153	-189010299.10130084	70259687.57921399	-208239039.87420583	-354165372.0360378	-67475151.71556409	-88238030.4604669	88839642.69255736	125815004.49196123	-365542338.323926	30930134.49068703	22683690.632606238	-357719573.8180789	376171478.37872964	-333752657.70606863	474127109.28034824	-585086119.9121361	-456374317.84590906	469346048.8149738	-145146952.79981583	-208279220.34856796	-55948200.83578812	-139602964.0021655	49296050.00580275	-383287169.4849596	134292512.4316902	-113605439.85050516	15779156.804390043	833892231.970338	-81524848.75360285	-27408639.73658825	92824384.02637501	368026693.6120928
DTXSID7027120	-6.759251327432825	1.7015021332867084	-5.797675427031752	4.569763940193412	1.3875420352452017	-1.5547178414500693	-1.6041489354291505	0.5149999394700799	0.6007340268360853	-0.47506866921620317	0.9565788088687511	0.894874155085226	2.862302649381047	-1.0961601426744219	0.4474606510846463	0.5747737754836646	-0.7713683890384158	-1.7215296126074902	1.4927876054151206	0.600213555084364	-1.7508175071614913	1.9387848941713184	-0.36448043235152594	0.60240708905064	0.5597806557727517	-1.3800129303980984	0.18243853034068722	-1.028795190889396	0.10710859267247565	-0.778931570206109	1.25849235434807	-0.14989730872357385	-1.095277904223458	-1.1577650925928409	0.6138375741811526	1.2080601907677642	0.1865508112842023	0.4870663788072026	0.04918345214513361	-1.2765281541133107	0.5884115050737645	-0.05210744392300557	-0.21378286685371778	0.7722316287817385	0.39208302009674506	-0.3671850005329701	-0.30678542910129236	0.7527928863522919	0.6553999267417778	0.18790396358329997	-0.7170657621775499	0.039966884657050984	0.49426109776343813	-0.04733559286268637	-0.9882855971222659	-0.09818948662897262	0.11820452809504996	-0.595029817148856	-0.781827127805989	-0.4340240871995042	0.3891186169609955	0.12569845124898663	-0.6792117124282002	-0.4649444798406777	1.5148136150828353	-0.3670864329757156	0.3757358003880236	-0.19179568112395146	0.4271294354458168	1.6337193438902513	-0.13367031725806036	-0.9772754398130694	0.37572896777556625	-0.19713094879293763	-0.7994603521152778	0.09284975261340461	1.8386418103995226	-1.3642406565474718	-1.2308398114579506	1.0699291119560816	-0.18744000105607844	-1.6868205277298387	0.042818219261087594	-0.6913870953530845	0.4079909432643892	0.3651402274126509	-2.0850515879160505	0.3143231677521201	-0.24729600055889345	0.036835174639160424	0.5542912506316422	0.8946451020151615	0.24383955110768835	-0.020707269428622874	0.015587866611935845	1.136854709121897	-0.2298907838867865	0.04708549387964553	-0.1447598783592945	0.26668851754174855
DTXSID1047447	-4.750780546973976	-0.37951204010185957	-1.2092987440616556	2.1429660748995203	-1.5042521936570623	2.3377304893278232	-0.18740606862264328	0.8488089630583479	0.4722072847627504	-1.7942785018900913	1.3324117554345802	-0.546407401628002	1.8527289600824393	-0.12819853227708178	0.8650614368913225	0.46482040406199476	-0.6741445293823325	1.0254616358863229	1.1612376737664507	0.8198027462908097	-0.35792177021103366	0.3575675125452569	-0.5566569881792891	-0.9652099811706006	-0.07772054459465254	-0.8453635161805917	-1.8750455136464736	-2.973080553988035	1.3585090664281056	0.08197551642515462	-1.9503061526778485	2.4377914176100712	4.875377679488333	-0.08062001812943694	2.8459461650733884	3.2235576969888475	1.9280887323442113	0.2977144649360597	1.7645397619096117	1.155973422422345	0.0035195468329576756	1.2113219670824216	-1.3084279051989067	-0.2872660121049783	0.0738616818682483	-0.31816377249367095	-0.7462920155329786	-0.11201240510703196	0.5157353697555003	0.7445302165671402	-0.26564975767120086	-0.7540838534917765	-0.49673800802532386	0.5805126662680961	-0.32481731596513447	0.14545537284771232	-0.3155479003145805	-0.696342376915279	-0.01582356308137047	-0.10621188402016726	0.7672039641876947	0.17763141901802693	1.2822655643568905	-0.5431406382004239	-0.650480569707075	0.5596591870302122	0.03476104944142016	-0.8357827934831563	-0.04716296375781659	-0.39711238026211226	0.9158969083372314	0.0770789727261472	0.27606270816480544	0.4317028145646677	0.30080492476916454	0.2849636938391942	-0.21727773103422693	0.09384891832109539	-0.5815125509348146	-0.3777371683881506	-0.6866806010028401	0.1841179001932708	-0.4537311973676656	-0.3653199566399891	0.49359611737657577	-0.06469305765376436	-0.8262906223559519	-0.06774111560687834	0.31094414331496706	0.11769058497712842	-0.38679241814862425	-0.2684162419827315	-0.5570775170645204	-0.7308469528999739	0.2513658063022081	0.3947788500580112	-0.1786256595402141	0.280455633338821	0.4939140025481354	-0.09930684108251464
DTXSID6028492	2.6414449744923982	2.4725025954439093	-0.2193829588073611	-4.456197751565585	9.842047825509011	1.7595162073755823	0.8551620645459679	-1.46243525036374	0.6104922318260505	-0.6751424992916167	-3.345342222029749	2.30863636830278	-0.38903368682842165	-1.6630251532551685	1.6598294714681727	2.3027583755631547	4.244198649972828	-1.3878122845763843	-0.35619626176917	-1.2246814887351785	1.2150550991620677	0.8141607114124533	1.3652240105291382	1.1414136051474602	1.2978239759330086	-0.6731943783225255	2.383837987147133	-1.3425037951530405	3.207602637036466	1.0797886850236085	-2.1004889011626897	0.21036640711047114	-1.1652167085353367	-1.2504667815103192	-1.3642102654486783	0.6297230222049912	0.6499805268045339	-0.7662836418407394	0.8053967724647892	0.6352127479637107	-0.48052813908026065	0.6812751549532254	0.1901100048246204	2.13018402913102	0.2514059186700762	-0.2121479335784454	1.2529695731571728	0.09074324900210959	0.49453069662527915	-0.7720610215208449	-0.1253046431588393	0.21782882419264	0.7523005798994415	2.8275371142402705	0.32992584317040957	2.527507830340989	-0.011291208520251375	-1.6148763301536004	-0.9074228309416316	1.8283661733494423	1.0728994536461671	-1.590213363118258	2.336367584394467	1.8687713286722116	-1.9884297467964833	-0.29282414827901915	2.0584887239655765	-0.42916939431670603	1.6217973724934585	-0.08002404480932412	-0.6434859385652562	0.9288283120303653	-0.280416314449902	-0.20622537126387427	-0.27630998267415263	-0.48284375484185965	-0.08702475208488833	0.25393026764860116	-0.16651422405529231	0.430776476396866	-0.18521400830096066	-0.580707996743805	-0.4386564757558819	-0.40318778892121676	0.06385170396248852	0.3988519284022018	0.053804073078448936	-0.2922172985315302	0.7207650892971635	0.2953823145568151	0.44805928841375153	0.015779085432001114	0.15998739102985188	0.5118237623670189	0.15400398202444784	-0.04162139677445564	-0.2826316153848454	0.5396077071711511	0.10398055557865336	-0.07396460173096579
DTXSID6045531	6.969796796103182	-2.380466295773406	-5.7972339120944545	1.041583684538502	-1.0563446839600719	-0.1593048046252455	1.4920267739702366	4.730973918338913	1.055527609214967	-4.240917638849105	-0.5124233575724095	-1.0790853493884973	-5.858426162463281	-6.848055288524079	-4.478497127355337	-9.01697543600137	-3.860312218612034	4.310931432764774	1.730453947896977	-3.2967779213398267	3.447775007735489	11.29992385158998	6.78332361658136	-1.9849206442074727	5.706783754212877	-2.4367951842097684	2.6320997467435583	-4.809850820536854	-5.313589493658497	-0.49830667421175906	4.535718773126658	6.3752410549400045	-3.5733572528091226	1.548621086169509	0.8084126711388421	0.15721487455762556	2.935447598587894	-1.7008651260015972	4.0573395239979915	1.7567221416314223	-0.08247616726237318	2.8133650812917854	0.24950363239100742	-1.015998576830092	-0.24928329139406866	-2.5512956471318042	-1.1955920834718516	0.7083187601143083	-4.147350328635694	-2.5726001731990182	2.9752039990216685	-2.267365223091404	-1.4163751990119962	3.897708943730347	-0.1495391357745913	-0.8897107179217839	0.7081470205958004	0.7194952938891969	-5.540534533599663	-2.361310191931326	4.457406409957432	5.104415079526516	0.40075013772718465	1.365809099052996	3.5650283397023275	2.4287614187559425	-2.3283098865755596	-3.096018572842336	2.1495295489898782	1.257201468366533	-3.08908120084457	-5.118170184098741	-10.04996962016358	10.110625202407617	-8.870547678402607	-4.531529156122408	4.121756513204715	7.061728759103891	3.225608286971168	-1.6447623551812103	-0.07120201259306083	2.5135421634171093	-0.45860007029010597	6.084322846232683	-7.528991710418864	-8.933977677191487	-2.077040543605622	-2.586422131629451	1.3059302968151714	-3.132683158110873	3.0013229664348313	-3.2148979564884685	-0.4938143875872595	-1.6879293250071086	0.4059351180728421	-1.2579801433636524	-1.7341248441337866	-4.698113491449586	-1.4650026116188049	0.09039794344132612
DTXSID4044901	4.034793012896633	-2.567666159527742	-2.137227093188743	0.9005820039459972	3.063809040051318	1.996695598954307	0.24202542057769208	-5.0196592090885535	2.6145800466200186	-0.9660374758507673	2.7563838804687264	1.8985972048034339	1.9724048587520275	1.5513682803836997	-1.183929223394866	-0.08769830668620351	0.6595364613567093	1.4908121928278815	-1.8689856010800325	3.2531148021379486	-1.0040855886674487	1.0522361754783112	0.4718552723588279	-1.1278904189689956	2.031368504639551	-0.7315774923160522	-0.6574173596190518	-0.5713191514446045	0.3085681373770323	-2.111343657552472	-0.5787222394483268	0.9098369128906356	0.4458429765810496	0.8732921264920267	-0.22465352452183968	-1.8084440452003858	0.08257447162010242	-1.2297070975297542	1.1397745915428716	-1.1032930553900218	0.8104264710426757	-1.3438595876228867	-0.07171915483742633	-0.3016703397415152	1.0544205804527205	-1.0782008074858123	-0.278627863696178	-0.15065961615272602	-0.1338819615042353	2.3663937947389355	-0.08921213022067771	1.6087819287882623	-1.0409937851425215	-0.20946345460047433	0.7244217009942269	-0.2984959813410025	-1.19336517488828	0.6629077243601141	-1.283915132317547	1.2906961616874095	0.11509251633917934	0.23425873182026738	0.4832740604171955	-1.9016649195327737	-0.48264557687326703	-0.8578814874100748	0.3118473465139305	-0.9784074735795386	-0.1015124824777682	0.17556273292722785	-0.0849978496467996	1.063813873602548	0.8637066751495283	0.7065745848595011	0.24990628668389894	-0.863891935586402	-1.068040525334814	-0.6403442749780982	0.4394445841418225	-0.8803200812371167	-1.032096459916265	0.41165913929460185	0.10613372479222942	-0.09940478780186385	-1.5893590499053218	-0.1506184281278417	0.4090242915288236	-0.32653725123024957	-0.1582768125131131	0.3663267592367174	-0.004952425505117162	-0.11932155958830228	-0.5619845112534778	0.3647872379070503	-0.7609370622815663	-0.4036074121834641	-0.35299985962263425	0.2543342102622693	0.7263156770945931	0.5896163551361808
DTXSID5024764	-7.012967295937325	1.0433935158200798	-0.9394994932072601	0.10334072927487079	-1.4435713331645676	0.19691969546036456	0.19207500008386105	-2.4895032976195366	-0.21353651819941274	0.5952422129840939	-0.017891447564328526	-0.03833759967255057	2.211047312618517	1.2600140848417476	-0.043566662099448955	0.05984792383170468	-0.050326361211497285	1.4861255764575734	1.172548882209434	0.3411213783922155	0.21288511383389846	0.8989198024898026	-0.9460547762051477	-0.4059334562400079	1.1878683597397088	0.4493640266533605	0.33330044577233964	1.5422406741557213	-0.4584692497557989	3.1540470955477593	2.0665990803926184	2.4844520240082955	1.9949766152874893	-1.8999604196495379	0.3556165663340883	-2.4031628650009265	0.49983559612591655	-3.1438326423996537	-3.66077288791192	-1.9990114625393136	-1.9886424617008143	3.611422519212552	1.8604987369770964	-3.1512683732584965	-1.7654191568569182	3.529324256957757	-3.285610635171089	-1.338488371150242	2.1781797596782533	1.669920740183034	-1.3656310835944876	2.252629749347651	0.7648763142408238	2.5555119064338396	-1.2149035394209937	1.5423657764837784	1.291393255025632	-1.0008058419717654	0.28692273103690513	-2.1368735352977395	-2.0983635866901578	0.38437401720138814	0.016985265938824202	1.1501825952399996	-0.5085470978224058	0.5645228485152967	0.6673703954698703	0.017112011944972163	-0.3730931449826497	-0.765640064046184	-0.7583153590810042	-0.0756182450537497	-0.08040683583795788	0.6095411267667805	-0.8162349834257051	-0.18234677884465023	0.8065454648258257	-0.5280692649607589	-0.022277695591052294	-0.09175451300500514	-0.4450937961260532	-0.6275244021572345	0.4194323206980611	-0.2687100919963509	-0.9015983733814188	-0.11742988426496874	0.6971264383076404	-0.003929837626064232	0.6501455624575452	0.7583709089465139	0.13511402569501813	-0.5285572254909584	0.034777339197770235	-0.00660237512598566	0.30033563245834394	-0.2614790445189468	-0.21935056637408704	0.12723318748379833	-0.07936032542630068	0.28068692795633327
DTXSID7020976	-5.926670604426071	1.1773807652215753	-5.022317873853766	-0.9278408647071197	2.271025749042011	-0.5373116723209519	-0.12685921683217524	-0.42795306317092163	-1.1037287589960894	2.12251191235747	-1.231192988113945	2.0471456587620303	-0.26813145828452517	1.2564802161938526	0.5692625401084044	0.5412667075861679	4.582354136901617	-3.5596931476061724	-0.6207297250369912	-2.6352721251053404	1.2825012438671313	0.6330665689743715	3.2051164659444913	3.074719865053522	0.2243922749087346	0.24321269834066295	3.9538589568108855	-4.202802343132229	8.550853450786397	0.9475869080282592	-2.283764378405943	2.9783520663200638	-3.1374056145650173	0.2339531287758811	-6.380848542082198	1.3417234133392526	4.3115679688407775	3.2288552446833747	0.3528555836717025	0.661107165547001	-3.702981640579176	1.148916718782009	1.2751847353664403	-3.2272044564655578	-2.6219406894592208	1.3562173081324338	-0.7561409950376091	-2.1911777129822405	0.07692015599077662	0.1144483099784809	-0.12666521045064996	0.47910277111009175	-1.6990789762425578	-1.9170399963932445	-0.94602520511115	0.04060495744974016	-0.4100976780274563	0.43512812235970894	0.5325042844386869	0.23596818435858427	1.0948717318273185	-0.10471287369500683	-0.12803997166821013	0.09337502491230706	0.377743085977884	0.39666084169810695	-0.7961706636067061	0.16209330503132383	0.318947319080034	2.1504358242983	-0.6449192164021502	-0.3827749300398278	1.1171348481030041	0.3747758510898593	-0.2118239363498508	0.30783805902360845	-0.8541098421105113	-0.5491326186508089	0.1131639238698019	-1.1199032987531585	0.09401578755287658	-0.6096766178008131	0.12702135358947028	0.05224624936244205	-1.1906707962229095	-0.954063364983464	-0.362055264145499	0.43411935179324107	-0.25932179133325894	0.01344435718042671	0.8368431774401067	0.5586982018408653	-0.366420305539807	0.36362077053927433	-0.23266328271938852	-0.5662546872210931	-0.5302975483123689	-0.6512737318508197	0.3244734934956576	0.2243026603123269
DTXSID1022766	17.021441265318806	-6.306802803977837	-9.668023226727556	3.480257799819506	-0.8200924321771346	3.306554002892132	4.166497671767283	2.8135250580820688	2.339517034617301	-1.7490026589562573	2.7345711999098925	-0.8185405553133948	0.4620199578258679	2.2619522717654306	-1.670229325884609	-0.022334320644095296	-1.013076188155067	-1.6423394113042957	-2.5360775847878796	-0.8559144488160455	-1.2321379710823148	-0.358698162031786	-0.9414424132570663	-2.4835525152355986	4.732601015955161	0.16596694776008789	-4.440987599774626	-2.053371038975895	2.1354492516111523	-1.9292013006245872	0.7092134022565142	-1.331700779085884	0.25502906188576546	1.1736022073668102	-3.3444561012344654	-0.3131054769644739	-0.8665102632699406	-4.41385744439442	2.7202703110526802	0.38056136334561513	-2.1714768037146572	0.30482665089103744	2.6892902743113978	1.2155667235553929	-2.802567341282127	-0.7816579737582009	0.008879606492674651	1.970543239547528	0.6278172706443785	1.3162334378168254	-1.3835649093428577	0.07624035743973819	0.3871786390543373	0.185285196227305	2.129905105029686	0.5482460005288269	-0.7275978254688241	-0.26571253338054396	-0.4546116619441652	0.45355705383807277	-1.2019186101605828	0.8020726409489378	-1.806245377701496	-0.5127257597321285	-1.0542020566160963	-1.0814499417527463	0.47234166083626716	-0.9617679737943657	-0.08036385499589961	-0.9790207115694078	2.150471355585281	0.302572199463296	0.7790473528738766	-0.39625744211481573	-1.1651093618267905	-1.0947170032080482	-0.6986734261956132	2.262106003298763	1.450434766206323	-0.9397450807941078	-0.4643674451014596	1.448343170967419	-2.3437037930199085	-0.46816547957911836	-0.44309896020000056	0.08638721947945786	0.8196195485090128	0.39151543773065745	-0.26819677450828405	-0.32538633127860034	-0.4590720730255456	-0.20805564677752098	-1.0941655877443937	1.081156146924724	-0.022617166320666623	0.13324487642692112	0.2846682726458677	0.7429300925525096	0.11217895222492856	-1.17772923671925
DTXSID8047896	2.505004410591316	6.5296173584475845	2.745377718120496	-1.1213855738827105	-1.5361703078288529	1.0125635424866943	-0.09549983424135138	-0.7039743062038027	0.07796632360815718	1.1226620739543354	-0.4167422633173267	0.8375247090978271	2.283314339965247	0.550809703243968	0.7096896608722972	-1.0938668380074978	-1.3874281849743517	1.777427911417836	-0.5543492326248924	1.2947958876579442	-0.018737834754230954	-1.2954664718877935	-0.6769668531981338	-0.2682021749562978	-1.2931279669567384	-0.6699651082028615	1.6058481858394318	-0.04551886855606604	0.011761458548414028	0.05473045674972446	0.5637557228692276	0.2850843815321734	-0.8901531833305154	-0.16134584658862441	-0.498779555929462	0.7610169424905001	0.2591610504819288	-0.27904397003740233	0.2890035276652449	1.6570752708731824	-0.7779062833824847	-0.5451699221458827	-0.12192057690595359	0.829318285226373	-0.31093111537550133	-1.3306842560265648	-0.3580948865750985	0.25732383681606474	-1.00844737768275	-1.912668362266185	0.12864689095067003	1.035430701077147	0.2588202403192612	-0.1627925233772053	-0.8718265721084851	1.012991356862239	2.376763514546346	0.48165981998855667	0.7100933927503665	-1.6535664763313718	-0.8864016476285287	0.07756223787960866	0.8890086189598411	0.5463117456851618	-0.24032963259645848	-0.24184300065534262	-0.11430891114960247	-0.491899406480355	0.07170925587215526	-0.7572909494027142	0.04161809385321383	-0.20338209671009796	0.6920387582730004	0.46397979390669614	0.9614091653180302	1.053734379487723	-0.11781018582106474	-0.49961100094206046	1.051497578379263	1.1563254421860503	-0.5529506575701542	-0.052890046261698354	1.2089388036906312	1.560804956747581	0.46991164404543273	-1.6339900092834632	-0.42559221311557693	-0.4955228791065382	-0.14015226539265183	1.018870997429521	0.0743162012149734	1.0280129901475226	-0.324779929642305	0.8672360331340938	0.5097444503448074	-0.7524337149520499	0.19365750930206846	0.6533632625799342	-0.6007941615046898	-0.3960862033123831
DTXSID6044644	-1.9629895046006844	0.41485803390684906	-1.9150922582181782	1.3029575928632668	-3.020292833777546	4.14553781568059	2.911257412333856	-2.8847369021802507	-0.8659608367011934	-0.20470178310130532	-0.7679336169639306	-1.6462940665561574	0.6675345127866783	-0.6492850217676226	-0.9447847523367302	0.8548868892727906	-0.2158483846553785	0.9840942533027183	-0.9547446373910665	0.11320638786007767	-0.484994795994565	-1.6584824174356851	0.17566637775120525	-1.8081420571003484	0.29353376479804644	-2.0021223368507215	0.4428661302161925	-0.5344290802956564	1.9198068465688296	-0.5364550980783267	1.1949495232681033	-1.1813181284751615	-0.6731999121110074	-0.17332974868391854	1.3302528851992999	0.18232359129911446	0.41492879523721804	0.6748398127085965	-1.6668743634205443	-0.7835769970498614	0.7551035676379388	1.042784160453778	0.5627889335992141	0.00985171324101881	0.03096704996301026	0.17450812528399035	-0.03384070596835903	0.7026453723480166	0.08681953247252958	-0.20807473760176887	-0.1342118481921132	-1.5611297556617472	1.055865921286915	-0.5225172188225883	0.33235561440445527	0.9008329338553308	-0.5376603918337856	1.2532367931183255	-0.03810752675127565	0.8353699811859117	0.25695769769079485	0.32270141339877456	-1.5244906184607623	0.6801716084064798	-0.9532330152508537	0.19263166727675854	0.32786856166600836	0.3806822798283769	-0.22209928498904696	0.23442416201383764	-1.185189218177385	-0.09440138236251107	0.7184079625217339	-0.042866365425688197	-0.8279369812906056	0.1289021693858925	0.6269487135675668	-0.26381877216962724	-0.3355117845977216	-1.1878876715216256	0.856164616001109	-0.08173214948589633	-0.1089924646244929	0.338091641942088	-0.0506190742678813	-0.42143068969582725	0.6156753992608031	0.18020113702349436	0.3864583123764953	-0.06368408720462941	-0.09011243109626071	-0.5612614924336781	-0.12263715371272085	0.3956375491317133	-0.6446526251344681	-0.5503353164024634	-0.0987975920887829	-0.5750584859547648	-0.26485485814046117	-0.0025992742549878108
DTXSID3045980	9.37658965204473	6.713787147808371	-0.723935790661424	3.2518014726200013	-1.032561947861922	-1.1731097686726801	0.220365327003782	0.46821510276969575	-0.5858923348515076	-0.09887304141979338	-0.059542630388523046	1.3527575448444762	0.649122678796367	0.8569769033857761	-1.4665426915195323	1.946698923086979	0.2258503688132148	-0.637750287729826	-0.32821224164765284	0.9819346506398338	-2.989583184772944	4.137992251303016	1.620412322818015	0.8612485624058287	-0.32380803043635914	0.7565047886558061	-3.2585786586493874	-1.844195808034292	0.14242893863105396	-0.07261026919267852	-0.04242885133266815	-3.573703718106195	-1.500499351271877	-2.0795341485882277	2.291451805843202	-2.928253861421329	0.15880693921661646	-0.07926641440664277	3.932445019749251	-0.34601523350887997	-3.139234021507659	0.4599325802976428	-1.4291076475741866	0.6795512974846265	1.8789621638068372	5.197478329620305	-1.1050329268016807	-0.11182093694523652	0.6896613379282546	2.4288310306857106	-0.8846837286038138	-2.83268283876121	-2.1608593407169523	-1.922713542809415	-0.5199545447761713	-3.6593999196543807	0.30597262457017405	-1.2669454147733845	0.7326270767505356	1.3691660721667878	-0.6290466897897574	-2.3128134831912397	0.4791697093148846	-1.6636497312003455	0.7767100642423527	0.8676816601554906	0.11202762461914928	0.037889791692803786	0.840049249537308	1.2595229932564622	-1.1706022309368647	-0.42322020350366524	-0.41040225069419256	-0.4135484002111992	-0.8374286256886742	0.7526147887935254	0.608233616073541	-0.3343257043555401	-1.0635558608725033	-0.22167672506381597	-1.8695201751806099	-1.2110789236641257	0.07435433012244061	0.6031766555440515	-0.7102956327358678	-1.3826936458307462	-0.8708408170054457	-0.041524299141577514	0.053880280557116376	0.480986137958696	1.635009898457338	1.2517065830294993	1.0253097277754792	0.2513221465980676	0.31686322007707773	0.8745547023988678	-0.1507028746677327	0.14870266036510643	0.4900116002303662	0.4558355784032375
DTXSID8020462	-6.4988709096743165	2.372569256207696	-3.72220543598028	3.760757024983501	1.9796613016962563	-1.216963520123784	0.32548611352377343	1.017060582688443	-0.38272907264400025	0.23364286749385454	-0.3744626560885743	2.0807945015237177	1.6685479531627496	0.03387036207776154	-1.5122331610642894	0.8267765288318079	1.3362027700519137	-0.8253565028549765	-0.928054821786261	-1.1059842591866953	-1.0610083366598315	1.627774753896545	1.8674410695212136	0.32131354054127453	-0.5203444760369459	0.5819680780751854	-1.1802132104320928	-1.0098043589170371	-0.4526466331411622	-0.33294170844224086	1.8266797897197904	-0.28731495094488796	0.10964264764948675	0.6997003682056375	0.4004108455520278	0.01482007568932992	0.09841961334728672	0.9842522956310821	-0.4092066228182499	-1.6402279695760202	0.9316309455247369	-0.33019651308428877	-0.17325085100589638	-0.8721523020625076	0.9740137728840985	0.6157552093345774	-1.6873767156671315	1.1738256485846528	1.1584336871902	-0.1386260505998951	-1.0694384723800654	-1.2808041516982316	-0.7949340430102507	-1.3554021406404082	-0.9487714420588345	-0.6880756638630624	-0.519081334845067	0.5822003206096197	0.8186706965811958	0.9489658914240797	-0.14102719385675763	-0.5539571279620052	0.6443835072276614	-0.8860582556687074	1.3511529697106845	0.8747863434901672	1.4815783027225824	-0.17794280097786264	0.7433373814854535	1.112066144502151	-0.9166844599810512	-0.7837177481687332	0.3151271524849915	-0.4041034741170791	-0.48919086391651584	0.8951737348153371	0.41996178755126373	-1.1199206006007016	-0.7014634937716075	-0.7545807854348813	-1.2067591514521427	-0.6414008154523775	0.8577647068197162	0.16932599566147408	-0.28533558481566723	-0.8159448398404776	-0.852623060518074	0.23595614564373676	0.03603540517385002	0.11515122802580528	0.5956352187018059	1.1349678529576575	0.2839400626360563	-0.13864792401993623	0.02892715851217287	0.8705131607332208	-0.9532280428192978	-0.2967735331972752	0.11264126013299945	0.9840547548758004
DTXSID9026267	5.520832563250037	-7.570058542964491	4.071094241285162	-4.586015070404249	4.393910825440208	-0.5476861062226498	-4.561238845920342	-3.298074994892367	1.069897360800654	2.6609304211451086	2.4785863980741016	-0.9697292391107509	2.933023706397118	-3.942953064174502	-0.12810715237729797	5.17012697177404	-0.9750820234564022	0.2928050245697629	6.6194898490312974	-3.6494404551283273	3.547337023433178	-1.3025982563371752	0.9633087887952974	1.4437429434586977	-2.8341313627685563	-0.17886323140990706	0.18817751094997057	0.2776630541097022	-0.8371158086945543	-2.0951201785741476	-2.3586908480072313	-0.8380782754188844	-1.4740679854351115	0.8654795594339895	1.4124261622399277	-1.463585498813916	-0.6028064405040806	-1.9143613500646395	0.3258241593424546	-1.3193650283543208	1.4776086409890121	2.8172810829187482	-0.03945972085863267	-0.13500780954158043	-0.868571861893359	1.4872875257643556	1.1821589178116252	3.8778925255992664	-1.6524241745687989	1.587611633724729	-3.705320209955919	3.2908556749029496	1.5369863520296452	-1.9010128569434583	0.7661808141153502	-0.8329363480940766	1.6237361300331998	2.165191768876583	1.4535477806594517	0.8306872725142802	-0.9859965729194995	0.35751659809402214	0.27886884626296593	-0.3803140936573833	-1.7844698861834385	2.5192228474562404	-0.9455208650922834	-2.1035424766169344	-1.2363500493291195	0.34878856627709265	-0.09525632223538731	-2.7700386548177844	0.2663139709098502	0.8747090882691196	1.580728371768898	1.9688406824661615	1.043733481027514	3.188914236927934	-1.1284643894151873	2.047493813827932	2.241281940786357	0.04116325459578099	0.19326537627588378	0.17621270507515993	0.4571834673750451	-0.43297892768277246	0.10009821968873765	-0.4506734536335281	-0.8455269099079473	-1.593073588484736	-0.061499593375065574	-0.5247583152111309	-1.466434224766249	0.033828725135549687	-1.0937897489320496	1.4067310060922638	-1.0399469629162807	0.3641012530923246	0.11541965512527667	-1.9865108851859457
DTXSID7032004	0.43877512926803364	-2.6026763854300707	-3.9902886432903215	2.973537292234069	-3.487112335958756	1.8687647107049288	-1.5396688844046345	-1.9890699927116786	4.138205016197181	-0.8670867729955931	-3.7472584891581344	0.22369655103713595	-1.982203282033324	-1.886672825321332	2.638251732409195	-0.8233991687977227	0.20187637343269257	-0.26310715489193814	-1.006700387792406	1.240382280960557	-0.12129969975945715	-0.9689718034296524	-1.3452763365231435	0.46322129017177216	-1.5735375471061699	1.9655926525243275	1.0274941127541979	1.4835485267170203	-1.1351202165591914	0.32402227702777914	-0.19628210878579644	-0.491142205455596	-0.5184514015081545	1.164663202163887	0.016895263606496246	0.19481592419000102	1.6931854694027202	0.5192205042835343	0.21864803700024316	0.38538322041371403	-0.583328173483505	0.8537815179304141	-0.5312959036840292	-0.33799206910733975	0.3423671212009018	0.4388970539070416	0.39714039315729943	-0.11608809016138329	0.7162582690783423	0.1817563673082497	-1.3552450338903665	-0.2530064569547388	0.21164735474540097	0.027638659041864338	-0.6291238540737538	-0.21447589702995892	-0.9673119770467161	0.6332268378995807	0.11154225916998452	-0.831975269159271	0.0620131331476812	-0.6307212011250252	-0.16681750057120986	0.21330488057294172	-0.2108418024613735	0.6029988598091994	-0.5721757362311545	0.43594636062273934	1.1533145943113716	-0.35800245702039496	0.2642800849329539	-0.3081851421333155	0.2634893960366344	0.26569995745065533	-0.4531154420263246	0.1650836550187352	0.1963790312679591	0.5043936337189898	0.17072962095362423	0.3144642536899912	-0.01903655107474812	-0.39655425489108925	-0.26732523181663104	-0.1428426674235172	0.4962105707461914	0.22186166625977033	-0.5685367157940528	-0.32723294799327485	-0.5959520524826554	0.20583002239944465	0.21397123112900812	-0.3730631508652574	0.2797369416138135	-0.5846158621027767	0.013679680704554917	-0.10394460281432803	0.3572833062778669	-0.27404682894257365	-0.08557392747447477	-0.9304554649244235
DTXSID4045472	-1.2904866242164406	0.41018948294063107	2.2205865345316145	-0.15760128647006896	-0.3210209539893295	1.0262193702101459	0.3451180316709462	-0.9059940715051732	1.1025422131283114	0.16210818611243058	1.5208502752481385	0.3315511344486182	2.557232420811555	0.027249342788289166	-0.1200012457405397	-1.142823583821573	1.0911322971059088	0.024897020425770897	-0.5093163198680661	-0.9524844027330546	-0.2220337667507414	0.08063341443286648	0.43727609674567985	-0.15972654890228286	0.7312958608516581	0.2729215148656408	0.7237676336225332	0.5542119487338679	-0.1307250390146268	-0.3149547193060806	0.8379766194407554	-0.36619322338988064	0.3187481223882741	0.06360569527094223	0.16544544803836603	0.04038950723132153	0.12436868708982099	-0.428285640570688	-0.9984018061025103	1.4687624490712188	0.577941250239161	-0.14277799914019654	-0.5002643404264757	0.712269157491701	0.1813563558786604	-0.22064342985389082	-0.22632193297027275	-1.846554722870351	-1.4033864107071141	-1.3031865452388605	-0.8145795064021147	0.5460562236116945	-0.3150276677235519	-0.4078025137694058	-0.356481918101123	-0.13535987735673163	0.9817072550019552	-0.11127772980776328	-0.38828793704630227	0.08305194781176448	-0.159386946678281	1.2269272450884436	1.5910258978450629	0.7557676171105132	-0.30402864607485286	-0.10386092707082122	-0.3319485539893899	0.6001572642832281	0.5409516901044975	-1.0024906750638676	0.17309338064445476	-0.39805688302125014	0.4368801741904136	-0.32159820770692055	0.6270264603366723	0.3473608781404271	0.06669253563499354	-0.48283822371129215	0.7392952074758284	-0.012675740877486867	0.7554268834499309	0.11889667613914269	-0.12793245323924193	-0.434284293932088	0.5237526567090285	-0.4763267052972983	-0.4817410927747328	-0.04361282565652006	-0.15879448928520154	-0.6443175070703019	-0.09134345787916451	-0.12947205435601045	0.3850493881263383	-0.14423085947588593	-0.17352641951332282	0.20764299975331688	0.45186841429878494	0.39085489690889386	-0.0409446147057925	-0.05220977675469166
DTXSID5023453	-0.48662244826306456	1.0351286969930626	2.761135600047414	1.2816079881699383	-1.8616167705737214	1.5320635697803686	-0.9112364552898962	-2.9058899021479	0.18425866253337173	0.3119870683150126	-0.3327814768375198	0.24800048233696353	5.052711520800372	0.46063312482762325	-2.5363084551463393	1.0314587660444257	0.6607200862789121	2.2254465962172287	-2.7366278135827407	-0.6686355656817506	-0.8496163776887941	-0.8876302501528252	-0.3852639901477777	-1.1307863226905566	1.3925060586010831	0.5248384571493988	1.0460117957929962	1.969700871953929	0.5161483759458565	0.09921766155354071	-0.11159807790947782	0.28647383046224983	-0.5718227616225595	1.9392700265276759	0.549125818703478	0.4408947547907424	0.5421016362529731	0.611007048653123	-1.082312822910446	2.777757959225234	0.6059836432436663	1.6825615382802652	-0.3901422581312487	-0.8952212571795441	-0.36312588753916475	-0.10484057622660196	0.8662575523173714	-0.3383601998683342	-2.7921408515797785	-2.65962873463457	-0.9642553265681566	1.3282082175631609	0.8430457897999153	0.08457117141862874	-0.7486512130179298	0.047024781552840345	2.036364881461248	0.23833242507092053	-1.323475543351958	-0.20314567141855436	-0.003379932403523371	1.818685530319355	1.2553284496687735	0.8034653291473205	-0.5380341408385961	-0.06038081185670755	0.08473052442885955	0.4241262053744969	0.27695086073033914	-1.225806028778017	0.6178047093108489	0.30482361789995766	0.012116587147193323	-0.3030860580815848	0.4361779567176589	-0.02043525329456731	0.2857880881886913	-0.5572460109273492	0.6779265700285333	-0.5638766778560763	-0.006331515754398856	-0.17991371693476904	0.5735015061743169	-0.5340076385126271	0.5257110976578572	-0.4969800056910429	-0.2954440446764138	0.6286782904368561	1.4124750193877202	-0.3136886093853702	0.3246228408502833	-0.3210073607182641	-0.45295757305786777	-0.096503200063773	-0.1163577095011351	-0.27716718362807374	-0.4446238031297235	0.5100300237448294	0.5624103540056308	0.05891210400374767
DTXSID0041517	-4.684477506244988	3.416945008508982	-3.030012737416095	3.6675237663462568	-2.3575141719554176	-1.1481706900537727	1.4018207560976292	-0.5590137004754507	0.2843002616118786	-0.443047932597669	0.8468562742585123	1.106205114800762	2.758909677008432	0.9424864650516729	-1.9711554546238192	0.5744361953924476	-0.4549059724337319	0.6277205262676981	-0.6990244194106335	-0.3072972280234184	-1.2184203980326525	0.5972203344151078	0.3623563313955273	-0.497335626376422	-0.41532991113628914	0.035381127224101847	0.6425359959668514	-0.1811996073175575	-0.8524907848885873	0.7836045822272772	0.8544052488770394	-0.38328206024230715	-0.5801764980465621	-0.34972897598658215	-0.17634236130828201	0.04959425941209376	0.8304083916403037	-0.06342618536038631	0.4522918084969387	0.44009052931039877	0.1677621599513748	0.8180981682287845	-0.2278696811073599	0.007861687153818641	-0.20058983354153498	0.008328310704791779	-0.14551107665087198	0.43658752592146766	0.14856530714586813	-2.158014467497421	-1.0783924654192447	0.979734142007943	-0.32579635660048006	-0.2257744043196612	-0.6928121310147405	-0.9080148112488964	-0.40476516726930006	0.20442668999337466	0.09681499191989651	0.7232528122375601	0.6980809629026176	1.3817844026420734	0.6070607383543162	-0.18239890824950508	-0.04982852919009571	0.5171148087509733	-0.23982853178876382	-0.14105495519354935	1.7627450762016648	-0.18263224475297118	0.690273300647082	-1.0445706049010637	0.5050068293697568	-1.0123108938549237	-0.1250334287222292	0.11811160199043831	0.7886473433015703	-0.08622970353399582	0.24712957026020785	-1.1336812147684683	-0.1522583873396352	-0.3008276924302766	0.512165537205504	-1.2214688221385739	0.42788819998444017	-0.6506737638647497	-0.374766703372489	0.5456689737048778	0.9933124880292187	-0.9180664046098536	0.05655361089337984	0.42939160580596875	0.45464250780730114	0.621542735593682	0.28859043057196565	0.8897353263764759	0.5253266705079552	0.5570051117583551	-1.0885362863792536	-0.35593839645831715
DTXSID4042256	1.2473094895659749	-3.526361156461788	3.0583499542551413	-4.062580043257705	-1.3053926175324082	-2.1330827702911415	-0.05569769029665081	0.5811415226598882	-1.321720247064542	0.9357831585930537	-1.5867811750190137	-1.3053058501222183	1.5819495081812063	0.5167616884259713	-1.6082836096947164	1.0364392742898811	0.9329857571979808	1.8318889521169475	0.04187263395987667	-0.9108748116974665	0.8319247403975879	0.9882101169807407	-1.4054585633325796	0.046122466853196924	1.185340071400824	1.6817089877603115	0.8303371106405988	0.9431471380804807	0.438332921269724	0.7612818222918628	-0.5178459013864721	-0.10763951233577605	0.24757318448154617	0.23615059782575304	0.9725688117425498	0.18468935708778117	-0.2462278586724063	0.9721437498623368	-0.7105511515939443	0.4195866300116108	1.296759518112818	0.7227421987088762	-2.550935112742666	1.7167441972155568	-0.5478754342501156	2.243119800623355	-0.7813889492355103	2.4703510438032352	1.2876909216363301	0.6208946440696822	0.571478821119212	0.4490480766645056	-0.8288930750256357	-2.1479548701334576	-1.6150174470801535	1.631846924898198	0.31282537759972057	2.4523084932141277	-1.8739124767166802	0.09638285106838251	-0.5627330976428907	-0.3474452254285917	-0.9846118345909259	1.0391086765252973	-0.10757507623133103	0.4366914547514377	0.09864821837031128	0.12717057611575314	0.2872685162333003	0.5188684858722882	-0.1558216199076728	1.5204346675446678	0.3770036530472371	0.7598361805478994	-1.1101841109793866	-0.7540830867849541	-0.2927224731309077	0.6447095270608998	-0.00031963501348144233	-0.13081785860679485	-0.31044648162827615	-0.5935542029151533	0.3097711086892745	-0.8409035284112358	0.0027783909235112097	-0.2065857586196755	-0.8333620086936686	0.20799751256638432	-0.062272748748198416	-0.8369304618480726	-0.27618858406042596	-0.16951236264149658	-0.5575790315609381	0.5723452566603837	-0.3058268602271637	-0.5930444043147414	0.5522657191027128	-1.066128466343903	-0.639117998733335	0.7114569508931029
DTXSID1034634	-1.2688595623268077	-3.9373192090015974	-1.2899850752406932	-0.7792978141173236	-3.5638904456831786	2.915833910587735	0.6328424972498253	1.2283952150904494	-2.7830950941965154	-2.098120910407249	-0.43080377597463215	-1.1875610998198058	1.1011021888962902	-1.2682844123160444	-0.11193748492565543	0.732930229723362	1.1292329406653119	1.9313712252345072	1.6233724143987005	-0.721902632388804	2.0672773957957027	0.4720196942737465	-1.9005928661334839	-0.05668639092724896	0.8796634902592309	1.4526555388168363	0.9019349081088993	1.2166865993132052	0.22990139260180995	1.1811145250777104	-1.740925930160194	0.33354329112275266	-0.499605387004107	-0.44092341596640844	-0.24560499860734153	-0.04842636575165086	-1.088915817275134	0.4878562472159234	-0.046511923608254	-0.3729030353965419	1.9777394439044838	-0.4919626392081134	-2.3238317667988517	1.6478877348519942	-0.5634935905181024	0.7528853115358216	-1.169124190369205	3.0832563833554856	0.47853998305899725	1.9215407558844548	1.4402940453168107	0.8670002194276789	-2.670536255401189	-2.2702438651275907	-1.650898159883326	1.6630427275123163	0.8053277789607162	-0.05944200827972112	-0.6663038216109533	0.5793991813891494	-1.845359746544246	-0.10432645100328578	1.5292138845334076	0.01806668152267915	0.18429926296551444	-0.9372342902270586	-0.2530447796212827	0.5517961646611996	0.5900542863684711	1.2153325458993236	1.7146562334308977	1.4591766891982805	-0.7015397371074796	-0.2069619922318021	-0.5969232196983292	-0.1556655163766456	-0.6436375210553958	0.4669980552745931	1.0535696415965703	0.11696462537251893	-1.5140974991810878	0.624691142157205	0.5626564841617758	-0.4030060894194849	-0.5972396000219431	0.4255879207306752	-0.9040303546068291	0.8078130713051688	0.6401349423104836	0.07052027380040933	0.13440274280203415	0.1833519506529342	-0.09605265071758705	-0.025504612402919083	0.1662897330289765	0.35071558443935635	0.0827054926582373	-0.30495591697878655	-0.2703233342798775	0.006986175355790325
DTXSID8033649	-7.396022267117969	1.4904307646880675	-4.12223824822169	2.351787095565739	-1.9522355909044231	-1.4437844628271743	1.0991301207840738	-1.749268109534088	1.9727407467484164	-0.4822894982806467	1.3338002256095614	2.3209279638358957	1.3951633198552873	2.339064961370034	3.727117876957049	0.7887050651964398	-1.3820450685125256	-0.7892568462853174	-0.42030366781408823	-1.2188494253840794	0.1948475745634505	1.8678468789247573	2.102585113249702	-2.6278924375631374	0.4775555742958388	-1.1482156105292112	0.014045721608344778	0.6632125908062401	-0.31392097528530283	-1.2571192914060665	-0.07462928861076601	0.9356828837486905	0.08445022389178698	0.09732485531018663	0.021969278118738736	-0.020847581415609908	-0.6077663963826296	-0.1476253443331895	-0.4771420382402515	-0.5970806888791168	-0.013250973484327423	-0.985830048488135	0.1507125241892794	0.21401326350862754	0.8294550834726382	-0.41347642069237006	-0.3489022179234762	-1.1225304873549846	-0.5202568173061606	0.5987600436932504	0.45185255603843166	-0.8742882816814093	-0.6052651385276737	0.08793720334617473	-1.2502511001394905	-0.8546469317853151	-0.45287857456962394	-0.1223113662341687	0.39248919620630723	0.8166569811377358	-0.7915583314308204	0.6007501490507682	0.5532134247360021	0.5700410615498512	-0.7265269010577582	-0.8194504979436064	-0.7951935431855026	-0.14901106245822796	0.3386122893876262	0.6876300650499185	-0.09621284750163064	0.24405480473135954	0.5322754810793302	0.47823653265447036	-0.23497693905515382	-0.22740761958873768	-0.3246903999391002	0.48959799277799027	-0.6374917502592725	-0.055581923284070266	0.5496698561112969	-0.4986296195507905	-0.06893597889302096	0.1087287484734256	0.04503551986270833	0.3294789130053671	0.08612482231358058	0.14003149499600925	-0.0016704815925227498	0.0915710893083444	0.4442441871873548	0.40695056426444837	-0.35140737818803836	0.4247300139460749	-0.1496332237562837	-0.0044302783114917865	0.10571062189924355	0.05339648873824831	-0.31014464408464015	-0.2717153847159967
DTXSID2045103	7.133499146943101	1.7116106117056549	-2.1144314484956883	0.5738356400723414	1.5725175155462154	1.824266269287456	5.169422274439045	0.8412383525550696	-1.1771777248956015	3.0302944448822635	-0.42668468494357287	1.129380301192502	1.8124376245556892	0.3575934934296917	0.6378529251624326	3.7807470198445987	0.6103272027110765	-4.449652322607099	0.6718714237136378	0.3679928953736977	-3.9555514759238157	3.439752589057724	3.091754438544486	2.448573315705858	0.29453103534440367	-0.35543658317133764	2.5201459672953668	-2.0256235669225355	2.0104688526396957	-1.160538197515573	-1.4136024305868893	1.7721327647750449	-2.6569855679638548	-0.9719460514431923	-2.809203172666774	0.8573356805683581	2.5231829972149162	0.5382696453600256	0.40857814352388416	-0.3277357988966477	-0.5567665916929392	1.7052023290698253	0.5278796707923711	1.232662171780088	0.8229133532057255	0.8491259672130925	-0.6086548800779882	0.40089984875130696	1.1775339496399844	-0.38528623357987807	-2.149844269004568	-0.3145510218940555	0.18984898914525178	1.712440793287697	-1.108866788783162	1.9116378398217693	-1.0467450972915429	-1.5710897965422452	-1.9108415148344633	1.835820382999102	1.610971196280003	-3.051213360663828	3.5647001246126906	3.2224393486621787	-0.33522374805919763	0.6672743720819287	3.272453121996985	-4.116740825876954	0.9579038856419491	-0.5855743072576985	-0.6983683144389302	1.3716994776845481	0.4481861740559294	-0.9465407422163308	-2.123441937851503	-0.5211603448602277	-0.6554668489857359	-1.137461162281823	0.9642665938814624	2.572487379153748	0.019072597045794715	0.0843222336518383	0.6724152596304388	0.1253377677182588	0.2180437033294557	-1.275063609529237	-0.7039896410370744	0.2152407053253428	-0.8043148302274482	1.4920943235780542	1.7150702497833696	3.098776926688766	-0.3235692320722951	1.5416719932300487	0.7363899938078673	-1.6440339711487695	0.14835432126218828	1.1977278069972692	-0.41008364762464194	-1.6719094282423541
DTXSID6034924	-5.741407061661294	-1.1032851167238946	-5.825767295102216	3.0684019628048036	1.840152625701185	-1.5075282021346073	-3.913582434147941	-1.462937997105271	-2.3686818761284374	-0.9211521639927375	-1.530086787763021	-1.2298321709047209	1.9680809841576052	4.157951208150777	0.27612940450233814	-0.4878334531398583	-1.1927204796715258	-1.682912864903964	2.964043252441995	2.0314808538590747	-0.1600122002624179	-0.3364139486458513	-0.1335484853977586	-0.550444342769226	-0.23585268327960712	-0.4596352025958432	1.4764591147314288	-0.3346941868221402	0.07311616334086765	-2.175162256832814	2.0726218656952886	0.3344096962552304	-2.0325152103219404	-0.8989371391100379	0.10547972989060288	1.9469759316117927	0.2918663726349753	0.9143970291245893	-0.04392295903313853	-0.6031824004093381	0.12965731951399007	1.7258323208553878	0.054514031855180486	0.21229938059706538	0.536932563073154	-0.851884623232051	0.7382609307897707	-1.0667468885364895	0.5711021301285485	0.01098152431779564	-0.993708387608991	-0.39814315937509026	-0.7812303693719866	0.6375111302645564	0.5036203505932784	1.2383292170026026	0.5214270074655739	-1.1095987345330776	-2.252792956630576	-0.7135748554800297	1.0768245691914478	-0.6533743194347782	-0.5834181627900706	-0.20784734272012304	0.47552808970696614	-0.5181436687894538	-0.8590320674335389	0.8292896492438669	0.2200982752595854	0.053935906031039725	0.2840518722889799	-1.3713875092183891	0.4618229960394963	-1.3431586185074842	-1.0758641031178229	-1.478995092584071	1.2628842746037254	-2.0662263138697066	-0.15536968667757045	0.40034064774290196	-1.4499325837652608	-1.3601166380574474	0.13183305578006932	-0.7534620653811812	0.30092285027147647	-0.20074544131424835	-1.5113187174762537	-0.14961136637836994	-0.06759285723106205	0.06926798362940507	0.8937897385599536	0.7630990136605794	-0.5006322166664873	-0.49400474505355607	-0.010832845582983083	1.0183772197933876	0.7740473225380126	-0.8336374367874417	1.5061444213300865	0.21557226094823526
DTXSID3027617	2.1745701376140367	2.182646844425927	-5.40674089518573	5.667786172501304	-1.3142256454812655	1.6593639355971286	-0.642737272541896	-3.8189712206711084	2.470969900295308	0.20653385437050764	2.896532531695884	2.0323215064897413	4.994957302036358	2.820097618454597	-1.6378936760267837	0.2979707971490116	1.9584903163820835	1.0454755043943746	-3.961957584562275	1.1099165268524818	-1.5728835081412975	-0.8387934250113241	0.3851764530403502	-1.9562648123065738	2.0876720201266483	-1.075815839319892	0.5643107781606724	0.13210904109599136	-0.8575214637776241	-4.087881956113755	0.6076870736862408	1.5158783062558159	-1.2701488004606143	1.2361497124340062	0.3445372792296381	-1.4088340151131247	0.704840472741517	-0.7627324855238672	-1.0222802890878828	3.2937754073929453	-0.21850317715824893	0.24931443891959695	0.20758964401514887	-0.3957998219473278	-0.03149025159114656	-1.9034608469269523	-2.0782664694432116	-1.1523964416007921	-3.086793522099745	-1.287834009290893	-1.3826542727565314	2.675806568067784	-0.0939568197578743	-0.2883642123227271	-0.8547086573408206	-0.9189256826631218	1.7846249660957105	1.805107329843976	-1.9017507381812886	-0.0012733144804165464	-1.4192920511194944	-0.4214385360238389	1.8610736603389961	1.4687720184024091	0.529194682040958	-1.111274972374357	-0.9125898745330798	1.2535400842789342	1.1756029990527417	0.06151639570206337	0.7234416371980334	0.06498525444393778	0.26468988706769153	0.10037501044437892	0.5633026153150983	-0.1030301933500729	-0.8792221034489975	1.6093701840271695	1.4327072711115756	-0.054942337722743144	1.230685599539904	-0.2664480455589139	-0.2871725255654559	-0.7230794101489587	1.8132512295814578	0.862004276972504	-0.9011464867971412	0.4322301249571156	0.5003062924511753	-0.08586163795047563	0.5529464547526137	-0.15954123567536832	-0.2766771018402744	0.6447908841243708	-1.1388563983176205	0.07467275792899361	0.3488590339156128	0.3043866312748996	-0.0014837450306341962	-0.6751509070761813
DTXSID4028040	-3.6595988689968535	2.47177108478772	1.02357503309316	-1.1272904203825	1.2885071114241857	1.7484434144861183	0.22130616439720388	0.7786595282810709	0.12518639816271585	-0.8854784082845067	-0.7223560208418034	0.863489863540039	-0.2605059624039282	-0.8816925291156748	0.5156911010799182	-1.692446666739604	-0.961434929948639	1.2814451186454552	0.25878324419206244	-0.1632258396466277	-0.05597950423983662	-0.5740930753223447	-0.10532146063565499	0.3618571803606649	-1.5830069628092147	1.136999460356792	0.8257502565394563	0.07977867459901387	0.4403371067204064	-0.24357060637659741	0.36020872319822556	-1.033951810487806	0.04740012566147526	-0.002815506275918653	-0.35022137273167786	0.16929634909125668	-0.9433682717557931	-0.545345111957166	-0.09306916367730812	0.20277920018551543	-0.12600517328230548	-0.7302897367386438	-0.48096818039533507	1.1645015298268035	0.9775974125054203	0.5182874502279404	0.40895765325477795	-0.9135532833082951	0.5233685547380456	-0.16874758874699222	0.063873608566408	1.163677116856	-0.3221217024179803	0.2163801960381207	-0.22104358182677025	0.10832653365846258	-0.7553005410751822	-0.2485649668627123	0.5081043066269646	0.05866023720886486	-0.6213799701820928	0.556199712647947	0.20936333026159407	0.040578424993466505	0.7906881355692207	-0.36260926400213406	0.40877667982333926	-0.47087975520410186	0.0091385552539606	0.41862425379611135	0.2941563784701417	0.6512925556923466	0.24285702038907586	0.4950579753370853	0.2850089631181199	-0.080511152962452	-0.09077729012930957	-0.09696748632940555	0.3201351647127692	0.04629464578815745	0.44759027638547444	-0.23031951866416528	0.32844044935718975	0.31568495586309153	-0.4625498158882539	-0.03794733414885193	-0.1417667240141933	0.42402485440975046	-0.03909674979890434	0.4450610697421865	0.09709560555097016	-0.2108562696413274	-0.1314624214731321	0.4258994611871873	-0.5675270189666978	0.23137730215836522	-0.19346275846858682	-0.44858837648611943	-0.03449267031761375	0.06934211697057521
DTXSID6021371	16.07495957686556	9.10634537321343	-1.4837929373440413	5.667459354361401	-4.24236906378416	-2.2723993003960006	-4.238207185601958	-0.6632201110543967	-0.1658839438072984	0.36957585827675127	-0.21492813238618486	2.070148436263156	4.282868950520783	-0.5852794615673428	-4.328418584859653	2.0177814548479134	0.557742781789891	-2.0261746898025796	0.18868138907482626	-0.7774635526498632	-2.8836121516854814	1.726571301252844	1.7656306048162116	-0.3655231145793068	0.9811545836779135	4.729041595673018	-0.09733431765021794	1.0944189442461607	0.23689681555136874	2.524202781888997	0.41487475424828785	-0.6564678068495549	-2.5460319428284897	-0.6766557543586443	1.258926523673371	4.050674014441833	-1.23219521037185	-0.37579504823465315	0.7000487802340252	-0.9494502359876427	-0.29673747461122757	0.8039222683934255	1.2718327975104617	-1.0759180751729127	2.2969101557113345	1.0348629125369264	-0.2388885101290831	-1.2167377526522125	2.231051216516304	-0.7025562155655173	2.7656253179419257	-0.3253569255577819	0.0068565344322382765	-0.92618723596805	0.7932492989330336	1.5714573095821889	-1.1942317783517986	1.1485909225102744	0.7925562039873584	-1.649191757252539	0.15355910232969597	0.7510852134208024	0.2675583131737277	-0.527853872274537	-0.38139911781467517	-0.03654173888341214	0.6998760378156669	0.12812438271943669	0.6086406811800332	-2.387805183854093	0.20530418080559387	0.7890798501421489	-0.4783337510078387	0.08923737441808968	0.17508062237605462	1.7057949294052506	-2.0257386597370037	2.8086557767124556	1.3575317687259483	-0.7998953492359124	2.385157565104864	3.111663727717893	-0.23506035441597023	0.42976148472600467	-0.6688083417471515	0.24247065363952436	2.0139897565987916	0.9328220609707472	0.5227899887516624	-0.9943804996150941	-1.072853079260799	0.1442747201555114	0.12821586306071858	-0.6667188832776073	0.4931927474203159	-0.18578612460149868	0.0038874035802445666	1.3564075317656963	0.1020512495303515	-0.36856019277042706
DTXSID4029692	-7.384124932532396	-0.005576031623462535	-6.3134672544571915	4.551844548337167	4.634016954250416	-0.568024963870449	-3.2540981332806176	1.151065303346626	-0.18881817192058084	-0.17798692461684998	1.7004182485612584	0.17645658429919148	3.5418141617592522	-2.3878541460147575	3.0368598195224576	2.9776445782252265	-0.8367162534276178	-1.363231382382389	1.8960422837404942	2.9485125046468066	-1.1397683895803103	2.3261231373794526	-1.4138256503742934	0.32735681470393313	1.7471497240177998	-2.4419730652374776	2.5036474760798844	0.26871434680342615	1.8034871334126763	-1.4214223733024858	2.5494832234127833	-0.3277364559394679	-1.5426069208524495	-0.5340701030930257	0.3594549887587417	1.9115617485623366	-0.06741281399057962	0.6929797269394946	-0.9745098263302504	-2.23860429557735	1.4016464639552064	1.253239195227054	-0.7326717586899053	1.3951262312923465	0.44513496388193935	-0.46362924185618465	1.533605485790984	0.6898053061653642	-0.4359426587451408	1.6654911102336034	-1.2555426300287735	0.4954021888225895	0.4491464947237416	0.4311620941488552	-0.9506614007468805	-0.6653948506990036	2.0095747914427857	-1.0363794549994627	-1.0928460532204471	-0.8489959077777982	2.343428763275395	0.1911562731831046	-1.1175003506872832	-0.7799417483068634	1.1229104509772871	-0.48345570750255623	-0.08100344601568274	-0.5411576321216153	-0.4810848699217939	1.071641339694398	0.1768191795236402	0.0004959832351122524	0.4645182121214501	-0.47761114990963965	-0.35041417234467026	-0.2883022511539183	2.1915497211527715	-1.4033999043179322	-0.2815804077957314	0.726788938725957	-1.312570898892275	-0.9868785988154233	-0.2991109895114627	0.6825838250578276	0.2533857468815695	1.4234676469970138	-0.6021948047144586	-0.6121233164988338	0.1044124124994206	-0.2425015757384638	0.2675046422637057	-0.13141509156095801	0.40517031434545087	0.3903221979125373	1.1288399769483948	1.357844850953113	1.261522573964463	-2.19135107637569	1.0119127614572	1.2528801063297939
DTXSID5047291	8.446252539125116	-5.1669319585737465	0.1318160411646412	-0.3584125812172136	-4.38868119844607	4.877617374412746	4.073778513338745	4.4865083911596715	0.583104264209176	-1.5204121257612837	-0.9223870254617825	-1.928758964653765	0.8747708227619128	0.7717073269409068	-1.7563503587876548	2.025959890941396	-1.4429665838207804	1.175784555407426	-0.9188593106360194	0.359253747833811	2.030722288009794	-0.05753575842359225	-1.1347707871065482	-0.2011493377876417	4.343128296553362	0.96569528215283	1.8906250742157928	0.06371338760464511	0.20535949191285177	1.1797419616390135	-2.22218966566498	-1.2858186063189654	0.13824458783029248	-1.019047829974282	0.5796422917825326	-0.2926531987346723	0.2679057725762122	1.936831470181777	-2.016596020804225	0.30539143456831397	0.9594574976855743	0.6769510255108457	-1.6454422525529475	2.084891887288987	-1.534466706165912	2.056880089292777	0.04397763327951149	2.0910216731283056	1.5814436634755085	0.8945816071895607	0.49101527446414495	-1.6275607338468905	-0.26121666603720534	-1.3417197941675185	-0.02409367268319129	3.101880943425509	-0.8779988948148423	1.84940964992564	-0.24968431846580796	0.36156440584341687	-1.1403007435971517	0.8136294453017456	-1.2649762489375795	0.8052069361507231	-0.39203297050199715	-0.13494480090514854	0.3870197282906873	-0.1579040927889963	-0.18346480102296994	0.8320897122349357	0.5195297925432902	1.1717696187762883	-0.9680493147148898	0.04501417971580387	-0.021322658504539578	-2.911258025199092	-0.1356463689932769	1.5277450359104692	0.7592610290924037	-2.5454687310222597	-1.1635949899724236	-0.9284948127320517	-0.6145576410394373	0.8497044219474891	1.3314259256849719	-0.10820166276262333	-0.35884312785313194	1.2254518727826387	1.0267739297580492	0.2525585450077889	1.1984277315481104	-0.09801601600007563	0.08325750960515435	1.1673024423046268	-0.04039566750068587	0.8094733940982763	0.4371557795906498	0.33613475127809983	-1.6921337291932983	-0.6458794469944235
DTXSID0057831	-1.7794057653959634	-3.8156307942461947	0.1846892349434893	-1.0824709688307605	-2.47924739907823	0.6285950067841052	-1.167263507270411	6.429646906908207	-0.21879924828640665	-0.04901661444581073	-0.6424441490038448	1.9024384267210286	-1.1495479364627184	2.556062421026399	-2.3456494092422298	1.0906367599632516	0.4708074318872203	1.2257675605061293	0.8254309808729604	0.5050032308613505	0.10460160122888414	0.4801990040060356	-0.4567733286633262	-0.015579221485092786	-0.05950880862733369	-0.9192078745112513	1.4321784729134803	-0.16227783329008158	0.019736095540448712	-0.3408327910733902	-0.801818751167202	-0.7631641296207259	0.5408318212043403	-0.3089426171631346	-0.6739793538687745	0.07596166196876497	-0.43999861362695003	-1.0294646471164703	-0.2740189721477886	-0.3273666749852567	-0.48023707958511946	-1.2637798301793053	0.8072803966778372	0.24011240744763157	-0.2837151780495614	0.31434876052618616	0.08908473897623019	-0.10395291742178402	0.5277522355252201	-0.39834772928644435	-0.6436769245295016	0.006380201002751142	1.122786092054185	0.18199713448700272	0.1670916367631629	-0.3190556993336917	0.17896521788218117	-0.31578550558546503	0.6382352334873751	0.22129952349240992	0.35984973244188867	-0.4161422631109733	-0.02878127108397117	-1.070860331072516	-1.0143259380759655	0.416322874371637	-0.7759764570826846	0.5555325176173513	-0.5789068065483441	-0.373889969923507	-0.07771809307844066	-0.7426584419104267	-1.2689847701798769	-0.2709101386228486	0.2724980901295184	-0.42092489647407894	-1.0032332066879703	0.12220040330924757	0.733384316936529	0.36231852373614176	-0.43222559189776183	-0.04254619513562402	-0.1180269908841632	0.7505358275160006	-0.37012309838025614	-0.018103068773681803	0.04702059027238767	-0.11188793755206816	0.3582645490912833	0.37982898490539213	0.243459531049353	-0.41267949511130014	-0.2829360046768644	0.014660889043405427	0.4355302067476006	0.11232691536142926	-0.010807152141268742	0.14206284680225525	0.03688531903403341	-0.1738000010916812
DTXSID2040735	-3.0893622289572416	4.856917413266794	-2.1545356434214575	-0.781402772126059	0.3052998935800078	1.3304561164283388	3.798305068707547	0.245466137550903	-1.5725150494506557	2.2315796434847015	0.21478139117804332	0.8750174277517666	-1.699843727523134	0.5869576917885965	-1.3579018691590805	1.266861836667463	-2.448205225595336	-2.365725676668462	1.7394227676651877	2.979216226310824	-3.548428008160952	1.852000447133732	3.0194496576261787	-2.1354779551829752	-0.12608583489836983	3.1760503774500277	0.5203683334061111	-0.2560322790864192	-0.13164638504350257	-2.510915243944711	-0.6798743450317309	-1.4800987264520926	0.31648242887772815	0.2745194926019062	-1.950367226220572	-0.397597288485032	0.8638156453889285	-0.36455812371221946	-0.29669713890350086	-2.1847377440746527	1.2258375892024185	3.8663781716490955	0.27295792630020016	0.0893625150352712	-2.404480838309105	-0.058978217213918376	-0.5845173364812757	0.9247137594343663	-1.9893403268373335	-1.139834694535052	2.1006522487358885	-1.249514367478117	0.5075950292473997	0.3365174775288328	-0.0793665983650388	-0.15784281021441718	-0.5132236164555896	1.0852065428543995	-0.8790706652291499	-0.34315166102366695	-1.328950239519015	0.17532785120758462	0.44309557555290235	-1.144914194362907	1.911817890121509	0.393602635740121	2.0364238257246474	-0.19853083939535787	1.7950146410806027	-0.8189674452188191	1.6815449500477768	0.6236738294674364	0.30070405762171	-0.9560022367228123	-0.21629033686116866	-0.29735484418531527	0.7496136785794212	-0.04735283538951236	0.30245496253190424	0.7102507163368632	1.259664191260552	0.7262597159411692	-0.8343312819726375	-2.0084140976114204	1.172955400831425	-0.21008411324159085	0.688440035006255	0.4404379764686738	-0.30472765043046157	-1.0993940429811302	-0.24644053859708617	0.6562974014338556	0.5099359433411897	-0.5293934095608073	0.5858909755375774	1.8045695857774813	-0.8946425389405385	-0.5073314970637082	1.1038737654518946	0.5755184836939841
DTXSID8049383	-5.443509276753524	0.4291629282802237	-2.1810281091574084	3.473539161104162	-2.2312770937808315	0.9628139850146489	1.2224463228894575	-1.9995086072991668	7.048867731656371	1.5833271273092229	-4.347008188741047	-3.504119389807143	0.563720735217003	-0.30955462156810504	2.2868136159179113	0.5568555485455438	0.9439694166157988	1.7158742163332452	-0.4593609843916496	1.9207242687956825	-0.2384347243910941	0.7660428521432994	-1.2652319354529622	-0.3058177339671062	0.6246908705260593	0.7794042832925966	-0.08140893286915173	1.524124926015138	-0.7364009090181372	2.832823236126917	2.1326654205931503	2.119470934679038	1.481075342287135	-1.727459926688979	0.150943581626412	-2.3757754938287707	0.6579189780164801	-3.5864396952811366	-3.615105755135086	-2.3592209253068606	-1.8724324806393418	3.6938995758206663	1.8767342734072583	-3.3339319747828484	-2.0294871906441885	3.546080960252801	-3.3330601445785564	-1.554912434499301	1.5873362204649397	2.2132538178764483	-1.3073939919134976	2.6068053339986834	-0.375747229547079	2.5756155018529885	-1.2414157333159188	1.9043547607971938	1.2126217254898535	-1.1572613029016598	-0.047196356317681674	-1.96668891904285	-1.8429773030029513	0.19281036927634954	0.5017509676203632	0.5090645297678987	-0.14684562138426394	1.013713251204405	0.012138745161906987	-0.156056601532963	-0.4865647252856877	-0.5997121731881795	-0.6549658843699416	0.10914653655655425	-0.13284324755621477	0.5406736974174556	-0.6932471513429658	-0.3561130235956775	-0.05003586884281109	-0.20957013442087902	-0.13259590868769386	-0.32481615053751184	-0.6635448601421445	-0.5338781967580103	0.2335922103286964	-0.5615742008561941	-0.8858051084799676	-0.21312752253859893	0.4857799312535807	0.2720644595164314	0.6161532238176589	0.5422568518290349	0.21103802896580912	-0.283625399618939	-0.0027655178763905048	-0.013159515664238558	0.07472589758381813	-0.41764018948794274	-0.2071233053380583	-0.07830035580159911	-0.13712876767255006	0.33485674347880207
DTXSID3025170	5.44298062843989	1.7075091466938803	3.998306934773148	-5.962196602605956	9.306085133629168	3.7199654554673685	-0.521213295393578	-0.614873630256695	0.23938240044062378	-1.331211273613705	-4.76047659448035	1.6756511816346027	-2.4608517911881584	-2.5648965131372767	0.16642408393352998	0.7729589456766254	1.1042614913751203	2.811019186788684	-0.312661854661373	-0.016967550951516062	1.72411255219078	-0.3831090786323004	-0.42128620514224596	-0.5070980642713608	0.4058766824652422	0.432504827442163	-1.634233416987088	1.8677896849374602	-0.06895506232884915	0.6502472899262826	-0.663932175263034	-2.3580693253173233	1.192297544805779	-1.3712501991860477	-0.31726780546195477	0.42838166834445496	-1.6939224566736244	-1.3982059478611994	0.518799820812723	1.4139886296397541	-0.4559056754399354	-0.735328709495064	-0.9532162251123645	2.121600833930974	-0.4849126642504975	-0.3268337200036861	1.469848410642379	-1.0196997884704653	1.0307629905312505	-0.5972817428578155	0.6193795722005596	1.8362065034300366	-0.36684524102592103	1.2323772611893162	0.5159440287185997	1.1314424351825176	-1.5405657843902725	0.4638922958019164	0.5569045364329016	0.6773325835693292	-0.30343382717590534	1.713803352529646	1.0999169867127874	-0.13357136930076652	1.007824457760922	-1.9696076510037264	-0.019036899558255646	-0.3630332582612794	-0.9506851426442454	-0.3695850137422568	1.665331742810367	1.2435013474270264	0.716321198611886	0.5629486559412376	-0.229326055441765	-0.21582174068633142	0.8413872420425221	0.6562486685413007	-0.5744463805104874	0.16302254153690607	0.9826835617283819	-0.09391235494518194	-0.403526441091938	0.1637148943193271	0.28953924365090505	0.15264969054863164	-0.32854733457665863	-0.38868604092647485	1.2601128076529198	0.9011773978044494	-0.30888020391731025	-0.4696983394232969	-1.0369413942254815	-0.323079256503097	0.5787045914038611	0.6051229847104184	0.2977098397964775	0.558131758832917	0.24049937213423134	-0.25213355320088066
DTXSID0038839	-5.06769959160588	-1.512739158253605	-1.5437766327217957	4.139507161174199	-3.5419211863101214	0.18071237233412354	-0.3465207967260266	1.7457958621036345	7.221188694741586	1.7991111853138055	-4.8187721190525465	-1.1362518245973618	-1.583896443463781	1.4338889055398223	4.646858389296505	2.674709269489241	-1.310532401567433	0.5196956575497468	-1.7187183194038351	-0.09295808028663106	0.16828668885418824	1.7762860840755381	1.159918374790181	-1.4771948028654802	-0.4671191156903453	-0.6727760539340639	-0.045740942092255016	1.2525474579319658	0.07337044800502368	0.15938945367089916	-0.9397141800763593	0.39099584797742504	-0.8249783636090865	0.6289406150142612	0.16780255572796093	0.4962448206383951	-0.6692921248290673	-0.5888755513151024	-0.09236772089902696	-0.8820704915272741	-0.08873831816827986	-0.7223962673772186	0.4701979904865707	-0.3669922701976368	0.5450893162639354	0.3667269126303404	0.4459937730013029	-0.2263392161870318	-0.6728449481526867	0.41872075158678784	0.8728916243162831	-0.49875072168893014	-0.5358123043935072	0.4871188763873833	-1.4918277902683372	0.020809156330829016	-0.2588705911342627	-0.8455829855846566	0.6781837963141053	0.7660491441601145	-0.45750021098770555	0.5416187494744492	-0.09488115190472984	-0.27401858658164197	-0.6122279652405488	-0.28517332804092455	-0.7176168580699345	-0.39760652375183275	0.295124661994255	0.027030512589130955	0.47122840366156193	-0.262566671380509	0.07231422427474342	0.19477993997740803	0.14709700278197788	-0.20641406731398554	-0.10195305400568232	-0.1644607147103272	0.04081117220016574	-0.1515082210357357	-0.07593770230367008	0.06853444842364738	-0.2594745374866172	-0.07931586048745809	-0.12286074231913267	-0.2842132979980094	-0.03890147999477801	0.10914543873643368	-0.032219552278042615	-0.29580420390829204	0.15703593072171337	0.3270475295109871	0.19680125442145188	0.2496759894815466	0.02427077436256726	-0.10378725568953609	-0.05163499368975389	-0.10693776728330331	0.011377168605217524	0.08651678012300487
DTXSID9025742	-4.536468685618347	-0.6007328791711632	-2.458733814836264	3.077904039624257	-2.4776117318298336	0.8962870904751845	0.2486847394464967	-1.5209783880906569	6.183338918377983	2.7743934724341193	-4.9343736875764534	-4.075996898583746	-0.4470583521576489	-0.3793914468503672	1.6200949705276675	0.26993177390320594	1.032342924193169	1.3079567450705727	-1.531800054814446	1.625687776135721	-0.18081546916894606	-0.17199075177129006	-0.11556097020403412	-0.16890162019334198	-0.26285597652710097	0.7423451526379042	-0.2807337216004181	0.09459586733578793	0.009328364986059509	-0.2727509655638944	0.49450378601081624	0.13891248241768958	-0.3540780585637785	0.3903343936264895	0.14522707881625438	0.13608516915152513	0.4323273688742516	0.11253885698266347	0.05603899895407338	-0.44189917807364415	0.3449118298908982	0.6723825173721457	-0.18869167932109268	-0.33919582986450764	0.22293095405194863	0.22346122490545006	0.4766072175104755	-0.1403096855830892	-0.1929131288716451	0.43749991474837135	0.1516751962775819	0.30705227558773285	-0.10986197648591176	0.4036763826671959	0.4081153316473904	0.2199981319048686	0.27549320112544645	0.5627030936869196	-0.2935462851814305	0.19176795789157403	0.4220883987907949	0.18631914010890255	-0.5455627731579968	-0.06332514030930395	0.2897316457350944	-0.5354555329310212	-0.35324295196071254	-0.07588736538302222	0.591424059303655	0.037604222329467404	-0.672134169149472	-0.019453415290278688	0.40173295673489107	-0.3742220229884187	-0.43580365832117884	0.21789760753582285	-0.09195947406211033	-0.015653353958659404	0.3973759610019715	0.09700104758358395	0.003122623227934132	0.10513572940903465	-0.26477429821267734	-0.08098107613320893	-0.23178384151654746	0.006083438144918669	0.479644173360729	0.05402632738971725	-0.1668514634772912	-0.0192532591835282	-0.12748744898907813	0.40240339553767346	-0.1420501398168253	0.3750947719485099	-0.32834112013216715	0.2017007118409852	0.37274981731195456	-0.0008843993267273496	-0.15544700203710085	0.28522302533838517
DTXSID9047546	-5.615463968817402	4.174071635479874	-0.4513336118654826	-1.726268676626809	3.1183428434573193	0.39485814210434333	0.5950286196498439	-1.9672358650234125	0.4990653563565062	-0.7833110988147015	-1.335216759486741	1.057674371815587	1.075504973586044	0.03341004022015611	0.8920918010706552	0.6229391937573027	-0.13451778297848552	1.3089065356947114	1.3447367105563444	0.4045116011545885	0.320512955146939	0.54029065506622	-1.3800375399588525	-0.16940089953431703	0.29153966295713646	0.3164359037475091	-0.2614723547268117	0.6553785901435559	-0.2617679247114501	2.6813515755958433	1.0328913946196794	1.1324197185179798	0.039275207704849116	-1.4266245964346647	0.0337056819034558	0.1439992498819606	-0.30694885828858665	-0.6373602472655402	0.10056351399152727	-0.44567515324578133	-0.10646960529557066	-0.05061285882688072	-0.26466620518049616	0.6922876231479254	-0.20755527460097173	-0.4915253051983529	1.1554884875493876	0.4741870507077494	-0.43681960186172225	-0.4864206915578287	0.560972393407235	-0.8518272153872406	-0.30273029225301457	-0.8530095115244608	0.7903513945427774	-1.3765409443051138	-0.8427127317574447	1.0557857632583814	0.2637767703044461	1.0536126243671964	1.6349257940912882	-0.328541096891121	0.12485632226149752	-0.2880895010972389	-0.28440891019050857	-0.31376568991401377	0.1546666225051669	0.015925084287640365	-0.2689218737890754	0.1158346085484801	0.8292966375279136	0.6461792332568269	-0.4260681609111448	-0.1658945287007239	0.27092944523217327	0.09477310180416378	-0.010737080417686888	0.3170436856221783	0.2716003040618771	-0.137747035625387	0.027087952139797117	-0.18436904879776536	-0.5198267529503744	0.4011756185689705	0.534391769703997	0.09690768137096319	-0.285870323900023	0.07150460123479087	-0.0475993035448096	-0.629532537277683	0.10735162119661204	-0.4764033564747591	-0.5494279008559633	0.02174212418341102	0.21121688952193166	-0.18400066284653768	-0.4780811257920577	0.004160040521779097	0.427687130808041	-0.13255102724980733
DTXSID6045161	-1.228097745016921	0.05261734462883553	-0.2767228492674898	0.8003519340300109	-2.203477347964819	-0.2585385877793783	3.8920163007703974	1.508369850261307	0.3378830795719942	-0.017621945266438607	3.43812599161009	-0.5013994583903605	0.5136343283184721	0.011276026146336238	1.303009163332784	2.810886156427585	-3.9503332277997703	-2.0760664447496073	0.7383072474383082	0.03039474661776954	1.656691686715304	0.23630839478929727	1.022999886295885	-1.3609585573002438	3.6117918409002923	5.130991124455544	-0.7003999314896643	-3.3526680436081757	-0.5046653893958789	1.6916758922594044	-1.9990337111654728	-1.5731534554592628	-2.4152671754943578	-1.903520857614477	0.8237803492978182	0.13779071669241477	0.6692433539542353	1.9087585688726787	-0.452292694672015	-0.730423700259463	2.181456292456715	1.3479279462523341	0.009522790935283474	-1.367792125540963	0.9252404622542235	-1.0688514264600795	-1.895434421273761	1.624437583914937	-1.8667902243635035	-2.3924654165258548	-2.2331314707608585	2.4350490364739046	0.2249903401155655	1.3566990730718036	3.5486087042446717	0.7035040037127321	-1.2034236640674512	-1.3345109252918632	2.492961454709104	-2.5542003676233183	1.1448271837714732	-0.6471384896607271	1.7770067185105063	0.09469299675985822	1.5840754110417832	-0.2751393761203666	0.06089426848844153	0.3794508694445483	0.3954044418228107	1.0619963844270734	0.8080217787813861	-0.8819981055935401	-1.336205638975143	-0.9011976965736487	0.29553956418970184	1.7593347234011725	0.13531856087237804	-2.5111406416755724	-0.21129061432004206	-1.6917871785900795	-0.5179630222937125	-0.48548248180562686	1.4520950645306037	0.44327520506320356	-0.4863649182875735	0.4009296754885598	-0.37043956616101803	-0.5574397105232904	0.29092706761804515	0.004589574306763682	-0.2067508130462633	-1.5270634640612033	-0.26834717340825165	1.3692375313064498	-1.2026292943167283	-0.4813940345859509	0.4022421241222769	-0.39800794811435575	-1.1151113570680407	-0.2682186572201363
DTXSID0040965	5.035118358686157	11.880302768779174	2.1605387991110128	-1.4141709626293284	-2.5083781267817713	0.3759257786996114	-2.046237756134314	0.726193339607064	0.09823783177536778	0.6673352424190062	-0.20635687086078788	-0.6188286033783142	0.21051074310786036	0.17370848762497362	0.9668765162096475	-0.5790337691141645	0.5376846806824053	-0.35285327927407595	0.4695661708063133	0.7610051144695366	1.4078830464307572	-0.6873991042833862	-0.2270345587230877	-0.5708011604702401	-0.16966674337000048	-0.658933383330788	0.45093422373930786	1.2055903105380652	0.0929618304008998	0.28628680038944293	-0.3127159663005311	0.14190543905561848	-0.017114203478585416	0.5118983876036262	-0.08226784407657732	-0.45010686563077235	0.09396932239839847	-0.4682588496056068	0.1785317916148482	1.9763730318510375	0.12570015079700708	0.6989675876563951	-0.37334847528861165	0.1897892307615944	-0.10560459505764454	-1.2310201896908084	-1.0640873106837485	-0.3609162996841274	-1.3830342319990896	-0.12181816856224675	-0.5169489502556731	0.21064017789817538	-0.13085692887938608	0.0010153762271118932	0.47481029675956343	0.7519806980078344	1.2333161037324725	-0.5370296011985781	-0.24984335050273476	0.6176280079282958	0.3258335945684316	0.3095093752988906	-0.46965327074945357	-0.08343600149870391	-0.22859109995064014	-0.48946029290651144	-0.5826422167943918	0.7319641809487041	-0.9549286814365116	0.3612856815962845	-0.2762889384923651	0.483747236501594	0.07088016012370625	-0.07797790297906053	1.0016441771005964	0.054826154342980195	-0.07035030262386151	0.9973320633007744	0.8677914700743244	-0.4594842747359255	-0.15234449797858823	0.033822123783828956	-0.19435261723926744	0.1876756931152465	0.2336485576543487	0.055511561707433474	0.10860356331518893	0.16042370956965676	0.34332460442927887	-0.007946898472683227	0.3009181917281941	-0.5327334340458058	-0.33745488641809024	-0.594649608077647	-0.2545198564260729	-0.17569098002196398	-0.05990249793895233	0.09532123691224136	-0.12688275459471396	-0.11152790245168202
DTXSID0044947	-4.42218253706987	2.1443735690706376	-4.196338702125908	0.7843507384230309	-1.317004299363001	1.620602445652419	4.4098865559327365	0.09496783723666387	-0.01709363387432704	0.7273700449162374	1.914427541252664	-0.4797545925955667	1.188358682241675	0.9179789538455166	-0.7385311946880034	0.6449330073462884	-0.7728815771836522	-3.05414134227212	0.4242091483404694	-0.06427251173614554	-2.2850375333938326	0.2930150165277345	3.4701659104500715	-1.4777097357027638	-1.2492995189837406	2.622158475913308	3.1655014103603403	-0.9946742384839142	-1.6545251678525343	2.2975868112802815	4.130352355406793	-1.364093654470362	-0.3405416946590392	2.5171965362361086	3.125469165442261	0.7670008213305324	-0.579167542155342	1.5780394098369053	-0.6321188116813591	2.2091227207335242	-2.8518363681163237	-1.799020707150516	-0.49168039217168713	-1.5539103066033428	-4.809347903620067	-0.6210433624468595	0.40794099404276574	1.6970581936029496	0.2050075125998975	3.8769507323738184	0.7147308745094602	0.8981318639529466	1.224259911305223	2.3413972751095056	-1.2970043654542653	0.7828538191460275	-1.0788478953698042	0.5853509532728857	-1.595560902305412	2.6290660313644154	1.2788564818152512	-0.6713838302098872	0.39901549170542466	-1.9743263594436953	-0.8354705143454166	-0.5992930897035766	-1.2884475859809776	0.04834932046969489	0.34324956046096	1.3613962325731421	0.6389902231778422	0.06749827724885805	-0.6533413123078144	-0.9263126709993478	0.6311715902928842	0.45902690051198236	-0.3134170340297381	-0.05145623408355405	-0.5004826682296272	-0.6158139254337569	-0.7587499239856548	0.20531198801670436	0.1723283209514156	0.3099438369542133	0.009673737676370508	-0.37326712126491834	-0.2561603036887664	-0.22560695619942517	-0.20907080893630453	0.6122238329123418	0.08181060318889084	0.22233957399553664	-0.4577571555824859	-0.48464786511846913	0.04064072918985463	0.3251137036137431	-0.6048830729166684	-0.22251688381907753	0.05345192872541343	0.038396481093723185
DTXSID4022658	6.723353769175059	-4.864527775802888	-2.2704217888375093	-1.0395185871699795	-2.913144449561955	0.3764608960923764	-0.6774117730399151	2.6355689778352063	-0.5143527525763757	-3.6591562384872214	-1.9883789041057565	-2.61721331896637	-6.572896766181994	-6.580722018711363	-3.9449489416241987	-6.4092951297972105	-8.948113860450958	5.074763955148667	-1.4665743742456212	-1.9653333058385263	6.572220189095016	11.977323815016486	5.404818686232952	-1.0554629213907234	9.684226381667212	1.7202130495477226	-0.6943072998575794	-6.26068882508842	-1.8904996543020196	0.0458576433811842	3.417840040157254	4.439502393329117	-4.867816753966834	-1.0573367894017214	1.9732543939491156	0.3543971541153699	3.670246061738724	-1.4618106903086023	4.150267480021008	1.3982705812100915	0.7665320180681141	1.6571858839579408	0.40737383830593865	-2.0287696373733937	-0.31062677082126383	-6.1511878531378406	-2.1992233814876965	-0.27768029190354093	-4.5949681096975015	-1.2960525007943424	-0.36535486892989755	0.6520581207691728	-0.835152869391765	4.275715203759698	2.380100790364472	-1.081199765260625	1.599267513768974	2.1423992575441293	-5.991737586881779	-3.5159902719133926	6.956810471721245	4.010411478661155	3.537774953880547	2.34889425517906	3.4235563408134078	2.398402579986089	-0.237051595764569	-3.834229100201837	3.518991758757031	0.04634262088839842	-3.4586556274334423	-5.9310881958966055	-10.4936072177665	9.92957682594425	-5.6952909195998505	-4.097435936670489	4.412089892006882	4.994601272566583	0.8921580445641021	-2.5301870562295825	-1.2129853818177818	0.06464662202922172	1.0216707313983795	7.796200023754154	-8.293690864529585	-7.29797246438597	-2.0912803381279224	-4.507988748822167	1.2178869416319749	-3.024698096382352	1.1682416331793515	-3.6164556909536767	-0.8549313145377928	-1.5652634923155704	1.6280948205320445	-0.26270612802623167	-1.0307049304906688	-2.8423218323462285	-0.9474684961754618	-0.970314982089905
DTXSID1029889	11.33171315693321	-8.49010023462875	7.863552103084104	17.866071208390984	3.5359052739350316	-8.56839658651572	2.7175955683468502	-3.428506110887411	-4.4933308807106505	-0.5004633776699834	4.868196365310024	-1.6707675043440677	-8.586268092602072	-2.3381426843076434	-0.020563311367138615	1.884231509149193	1.2102780423535728	-2.1347930881600283	-2.986453718966637	0.31032120129125074	-2.9731690073356227	0.15595856649814874	-2.5886495645293772	0.1571227955792616	3.363315734717524	2.723066652129896	1.4446914438324763	-1.0581704647313301	-1.918204367710404	-0.9890410403546547	-3.80981508911465	1.6319939984246874	1.2855617246244986	-0.5878350420221	-1.3333297614903976	-0.703660797352189	-3.5232755380867586	0.19822767185897702	1.633657189655558	0.003095823411722911	-1.9739783416971821	0.13972594955267104	3.0036063618039757	-2.002172718416912	-0.681664254158265	0.22745441265364597	0.2549688004372846	1.9945644141413736	0.8234503589509006	-0.6774436096440272	3.093547956959487	1.3957762399242921	0.49789987032079874	1.4425116361599903	0.9841538641382569	-1.0681243073220983	1.1306721783724627	-1.7346443989255749	2.943470521687074	0.596500671297071	-0.1745778462447961	1.090532380986457	-1.821323630659165	0.5725092115759359	-0.4237793461894459	-0.663551099136174	-0.4083459917508782	-1.6851427483308603	0.09385116028553415	-0.699850730103785	1.4608419941801498	-0.16938441420306535	0.2659535071525509	-0.03794087508296769	0.9558777689165507	-1.5356219603382366	-0.17702443506900906	0.8324300326490989	0.46721217722760755	0.007826241677786777	0.5133322264212211	0.3806028912997792	-0.4702427539458975	0.7036809701081403	1.489857526621392	0.7750109152539224	-0.1055805160129231	-0.3577923211454311	-0.3713037021713733	0.32135961603519364	1.0778576587020048	0.3852962564533549	-0.5107966794876991	1.2474218337018603	0.9682978414118354	-0.7290319673405562	-1.3579588384492813	-0.8119274732830416	0.7256506033283633	-0.761675536406241
DTXSID5027308	-5.066047947295543	3.7639306712006833	-3.003823541488092	-0.7627229214131184	0.29659757738865944	0.05687054993810636	0.4652471427509361	-1.520358864968424	0.148979854301027	-0.31063568204544045	0.2190538420063413	0.2558591491389623	-0.02002318875583766	1.0936211507201523	0.1383989437961875	-0.04534262343204077	-0.4070268179408852	1.0108298599862113	0.02694720068016404	0.051974598616635254	-0.10032561942366362	-0.2647205215536922	-1.205032955530543	0.3248934913221517	-0.02946782076843029	-0.59345039777135	0.5049924929791418	-0.09129228374298362	-0.9024990121295976	-0.07894349232050034	0.3364959123832717	0.32320890944749314	-0.09956455265074805	-0.460364775513273	0.027970880428678638	0.02879770705518302	0.6416272936719778	0.5597469776633072	0.10910216538318199	0.3776316029144477	-0.28947033508976067	-0.5056868034726254	-0.2973665455188092	0.21166966143028695	0.14899102898117228	-0.6453557188847283	-0.1222207062721811	-0.07274782524345534	0.6441587080424788	-0.36954712028618253	-0.04810995311551953	-0.3675858651750171	0.04951741129614658	0.533454150856209	-0.5260941851691637	-0.13594997537311554	-0.1275188253390174	-0.5849798220713308	0.05066310301622773	-0.6434947391518625	0.27645096102775457	-0.32604878460015657	-0.4732375824499071	0.14029062837182485	0.5784307178246387	-0.38163101372192304	-0.7214905062972073	0.07526428697968714	0.988356203826708	-0.27809085986494053	0.02859995651088387	-0.957139715477881	0.006243184176125722	-0.05889946792607188	-0.017186815007963027	0.20349790022536357	0.18916797390709025	-0.20572384031978883	-0.27519856627399636	0.36942621703770107	0.3652848766799006	-0.20873509959421224	0.29558362660255755	-0.333363776481117	0.16739106443313198	0.06607993449828316	0.32026924356018266	0.014405516394652875	-0.3029543339504085	-0.2489002350364861	0.010480502137225248	0.804079533069636	0.33088631757039344	0.1511757010604933	-0.3538356863153287	0.43992876642480266	0.32690558240976414	0.17115906158181807	-0.1837907390204938	-0.22318620355814145
DTXSID2049341	-6.894536892505415	3.5736901831830417	-2.7140116223311512	-1.6570444862010287	2.5459445803232046	-0.39409117414855577	-0.1035390186752852	-1.5071592415200428	-0.9541454979227502	0.43217385781589635	-1.773606221530675	0.9708510579809027	0.16374008973508944	-0.17916781747650723	0.5681489194614582	-0.22157189977113528	0.20474763876500027	0.11114953016274944	0.6095808245754021	0.23871970627491956	0.06460188673406039	0.02088213484481116	-0.5457867213225785	-0.04389842135492934	0.1188571867322479	0.20226260992543607	-0.401882606975493	-0.07758268234143814	-0.5375632159637632	0.26485083575547474	0.5316146368092861	-0.3969802270729534	0.1968127548685025	-0.611163086546064	0.010517753408527756	0.3478611557433655	0.20469369426323766	0.006548507044369763	0.1257364445224222	0.17531216576261982	0.0021189715450793266	-0.11979594769875326	-0.09361054728287214	0.48645156641540127	-0.05017118466596911	-0.7065091088223255	0.25918953170370623	-0.09780411689545927	0.2715147018521132	-0.5962720964443171	0.08466239684615887	-0.4338963824262306	0.32186387998453664	0.23799570062506775	0.2809860933350722	0.07036262761637589	-0.11424996401599405	-0.62030716887268	-0.0826859748895723	0.23567996044312575	-0.23467158646243663	0.3639170463200856	0.07226604713328288	0.10818403986080129	0.7273120303261553	-0.9649185713456141	-1.116859255985226	0.33435212906561107	0.4911263714435138	-0.40481008287244724	-0.08149831460682677	-0.046817997659478985	-0.07808909691760435	-0.3277332697994379	-0.4369242918089157	-0.15336206468069363	-0.5391333091734751	0.196305338408995	-0.4036775655208383	-0.2897919832053517	0.04547443571828244	-0.2470219427150634	0.3689592090985592	-0.004697003260013676	-0.026543635542680723	-0.3237821869924188	-0.3187014922226915	0.32418131585109683	0.0003365745953223598	0.0847510002967421	0.032554515664710404	0.13177252931271116	-1.0700732589182909	-0.259312389636749	-0.09343484775559599	0.0446673092807812	-0.6870084427303	-0.09749603412642467	0.11351684502014903	-0.3688568879126353
DTXSID6022131	-4.160804536435151	-0.8056806215318162	3.3382629181046544	-2.879583654117705	1.3315423903686996	0.7605010996795752	-0.4767076508020306	-1.2111607615227333	-1.0783649434835105	1.2577547460988734	-1.433868803114157	-0.21785321274849062	2.5378346002647607	-0.7000696428133651	-0.48659369860301616	-0.6585234772644825	0.05250557371185382	-0.1381907375719849	-1.0207835249163726	0.2001979021133396	0.31090212887884017	-0.6358651635119886	0.571754084088859	0.04789933161919507	-0.5396569010079009	-0.21911250218308073	-0.6194278108175618	0.7425467672770535	0.14730503890015198	0.13479275523345585	-0.13110399297374614	-0.05192957050731306	-0.987488897062641	0.6074245787523588	1.063914912239207	-0.0038739342034112413	0.105663249872508	-0.1906388801927079	0.27790994300600314	0.0847286018236813	0.46035272910779024	1.1611350336539186	-0.32954380566237657	0.025291238944769402	0.39478769181068823	-0.07173396855806358	0.09376488074391055	0.2624375992322953	-0.255513774975716	0.6429317317025293	0.3729154303305452	0.45682570754383084	0.6045770973450109	-0.3936188489171125	0.34581121933216935	-0.018433043290235922	-0.12190777017404933	1.1060897355002424	-0.16405140662410336	-0.4169963569827171	-0.17874333437733217	-0.01808415304796049	-0.1514387332579006	1.1614957247393003	0.2054771077053996	-0.23641709377733702	0.11047359274852553	-0.9661203096037303	0.903735329294276	-1.0182969676845808	0.2930319092120809	0.6435910005672578	0.5264171907885226	0.6156068234893187	-0.825666803921026	0.3828260245364612	0.08054549541041171	-0.19215357524241997	0.22931700513736225	-0.11835836550317348	-0.6010083988277911	-0.3691442338332748	0.7211594995664352	-0.23151753071253728	0.4375546893445414	-0.30058404088648966	0.31570196816930135	0.4819894921365478	0.2133338078600675	-0.02480800442311065	0.19348537913033556	-0.9131373640056267	-0.36114804132662703	0.17403740490727446	-0.18892228248724882	0.2589643658086308	-0.37646228482445665	-0.04218176187743724	0.6995975130820885	-0.156158797470416
DTXSID9026265	15.892825461898717	1.2399215455373647	-1.7892242650145083	-4.989099036631248	9.03013678330714	3.599617853960242	-0.4947826787430852	-5.29858101512297	3.170863241835943	-1.6133518924676011	2.7205370216164635	2.5837225500964265	-2.46382562324868	2.4238880483438683	0.06222078350664441	1.1832137575489048	0.6308332950693377	3.7340557006682102	-3.1965314803917506	2.7657130108202037	-0.5439766367594698	0.6675368900997378	-0.8530803572921332	0.45699428731058483	1.7329382121461026	-0.8369326218724646	-0.7193787920739192	-0.3529166578181419	-0.4720049585484647	-2.0708616453025077	-0.9308837046322809	0.8991250652916846	1.2632203587211503	0.23356540797716932	1.0872537625337277	-1.2309441581503495	0.6749758508787917	-0.4065926410685557	1.2062116129001637	-1.3076201843912125	-0.6032198784495378	-3.3624986788847995	0.3368188069620001	-0.7317582364260454	0.8706011076549093	-1.5566045648704891	-0.04858328048040532	1.2108049614677976	1.2650592072402786	1.1934552283367095	0.20160173052731073	1.070607481263187	-0.6531494531345746	-1.0695504397678979	-0.9660957377736316	0.9445757545736385	0.8439758318718924	-0.3678629503060057	0.8633434197653241	-0.7438333981365516	0.2767964985917961	-0.6987853984612025	-0.2779732140556523	-0.47598031427864895	0.8366687694270422	-1.4065068340466937	-1.1447992601224246	-1.208892617477331	-0.37796136154103593	0.5098433032192125	-0.1647363021028489	-1.7629940218315294	0.7663490883309089	0.08255151306266251	0.6661447766618873	-1.0451455053606835	-0.07169963499566638	-1.0504170474117407	1.4846624311694026	0.6224919324477116	-0.20339310076917283	0.054125944292856845	-0.05537677886342186	-0.3324674316482812	0.24098687433961036	-0.8726767761443404	1.7071917780854835	-0.3127279492744791	0.4578205435391906	0.424497819482569	0.7609425923950627	-0.17559724925468387	1.0085975819017545	-0.29839667092624045	-0.32052622199382136	0.1808061137095889	0.9824802702476052	0.39626457683476746	0.5875506019780308	-1.1461192561821145
DTXSID5021968	-4.554794198426366	0.8735917988000822	-0.3321748829512965	3.3409353419648227	-0.489438025116426	-0.7730527835435831	1.4568518616175488	-1.7932525474146959	0.8869399164994578	-0.7734751448375357	2.191502399515458	-0.13177039997887283	0.028071738764502727	0.4403960281180737	0.5361703638547477	-0.22893847235294948	0.5218997329143943	0.31943991390419857	1.0608129968177114	-0.20086014276294817	-0.5310156886259702	0.46973543267532225	-1.3287002704287798	-0.6507811429983541	1.4259884002033099	0.5800110436205111	0.9727468616696026	1.0663419764908049	-1.0718087146086794	3.6525738458666397	1.8771723124595026	1.9861778971030866	2.5307269542942312	-2.5984234936847543	-0.30831421645634666	-2.1773927304056286	-0.10818299936623978	-3.223493018135449	-3.4607405229860535	-1.9729607138350584	-1.9757191585462002	3.342410677782719	2.1749044315416066	-3.166460198066822	-2.0320010640325483	3.263892228889883	-3.416370455145871	-1.7948396018096373	2.0384121008649934	1.2580718393561043	-0.886336504612079	1.9785578647661137	0.2663302586655899	2.655426291968227	-0.8573824885506693	1.7521352672443677	1.2399433166261433	-1.664096879530128	0.5764627392236465	-1.855939777264026	-2.3921486306164796	1.6247578707526782	0.6867511769842248	0.7802499761426928	0.19951757814256724	1.155326903354774	0.7022163508139097	-0.501731527085509	-1.1594737066273193	-0.30272864368824104	-1.5207577684516584	0.5324801929648932	-0.17200601968894244	0.22275152625278322	-0.2584566336119221	-0.2011207109106572	-0.037479492311511174	-0.5029586529002447	-0.08607409243491548	-0.19793765054666704	-0.7398656770600522	-1.112736561300208	0.6917551550571523	-0.06652155521228689	-1.4882330468002347	0.2324715632235937	0.6341675150206436	-0.18663799334702139	0.11236337126370287	0.6808477216751273	0.1419805081343269	-0.22628542544380068	0.16256826527586948	0.1712830995969988	0.2596167615164349	-0.31045619300548244	-0.4817399008543758	-0.33380276675415393	-0.016289853806411347	0.26121473760863223
DTXSID5023661	1.7495177860514208	0.5645122420329113	-4.264967698498863	3.705676114390923	-3.7449680454265	-3.8299043629822496	3.1708807393837635	3.427467833198372	0.4417331050742009	-3.546328976545177	-2.458215552120433	1.2564979338643278	1.3529495081105987	-0.9370824274182009	1.8940242175616617	0.6699435229988392	0.4582834059107128	3.672476148542843	3.1618256402974825	-0.6078609046028959	-8.281524776051668	-4.155128321256257	7.8282523404616216	4.413016840212999	5.062757040414204	-0.15697290383765247	-2.411304638766253	-1.299781856671857	0.40333576703056706	0.11516390898320773	0.7606478172502087	-1.5593286673413496	0.2929562149422269	-0.6564264898077333	0.6478368357810907	-0.5242633857447663	-0.6400640903128022	0.7323944316648752	-0.4194558783136907	-0.5322024496768705	1.0355982019501973	0.9030214080168698	-0.41903753541707556	0.5100003457339348	0.09514059070176231	0.6370216037757066	-1.7154245394160554	1.3449680986155832	1.5531381462862621	0.16396097126471093	-1.32897794017086	0.838960075085952	-0.4850553329298587	-0.8355875666711813	-0.02227214568794376	-1.2502814148539052	-1.1916132542652198	0.45605895824618375	-0.060326346471672794	0.9958865266757323	0.11533038945068434	-0.5089526549852945	-0.4968007187736292	-1.5611273975366866	0.8559901223289785	0.33371161449451286	1.637746306406264	-0.9545721117271447	1.2142190856384425	-0.13569801548566063	0.6854383759187841	0.23688460804877398	0.3934831632451994	0.30254631787342806	-0.8267522462684157	-0.4674601478230461	0.9237133075965627	0.13953301068312945	-0.3087649077265706	0.7147226539219166	-0.6770363792935187	-1.2907059386731239	-0.9597936473168531	0.5426938304800683	-0.531117523327755	0.6243783033885179	0.20964814416706432	0.8108426808297764	0.34274738152695683	-0.3483871055265044	1.7629782453100118	0.8311191210286667	-0.40422631769942247	-0.09461370522236487	0.8690120315361566	0.5463456485761701	-0.41402250514856914	0.34983150688505044	-0.12031589213802964	0.45725321281235365
DTXSID7035272	-3.0331203256023467	1.615075236529168	3.949173622426523	-3.13180239421448	2.1565628511529376	1.3039772320723695	0.10773710748920148	-1.1778772095152636	-0.7507781507686594	0.2331329589842745	-1.8531647825790278	0.48511646378039897	1.2112354665834555	-1.1453441410865126	-0.25985136338858184	-0.9306405802623887	-0.4975504426308462	0.7235856831360042	-1.0329032856647047	0.8272378287021578	-0.15886887229930746	-1.0421845636295424	0.7273756204979631	-0.9111784267338413	-1.118055252580517	0.5618792849797524	0.8259395883148967	-0.09140397076653688	0.2444795591143712	0.07676702522381397	0.404263872222561	-0.8605334988699657	0.04335983825253633	0.12438682889306417	0.6185503080235166	0.35114525170675315	0.19389433532970055	-0.6986149601475995	0.33656386363549884	-0.5085731440573817	0.16786635597230518	-0.3856673124782028	0.028551618118561977	-0.12304455437205966	0.44281302418661433	-0.35324141753632204	0.40408298434515866	0.1315823211632357	0.29544599896999	-0.2023913692701254	-0.308899136083711	0.206537107718107	0.00758050146778804	-1.0241153650303214	0.22890859573447445	0.08279700449684145	-0.12491994709252405	-0.5784991426828859	-0.5736114606684298	-0.6338217894916172	-0.6700121285704468	0.4661630387869057	-0.07859679439870071	0.4017398375741078	-0.04078676741190169	0.19201464098656945	-0.1065991637181838	-0.10208853371565091	-0.1909986504192605	0.21795204696949896	-0.31325510585953864	-0.259270523403086	0.5583261573651196	1.0899638203596989	-0.3383352479388944	-0.23728762887050325	-0.48078743920254835	0.029218691379024844	-0.007417486338741004	-0.2745361472244125	-0.5117782716377247	-0.3762668930033761	0.4467017702767601	-0.16754733652873027	-0.11849351500540173	0.2638730341869675	0.029588790929460877	0.12541699164384681	-0.1404322176643727	-0.22493988724296707	-0.07244523306759808	-0.18751839998680514	0.17227216079082586	-0.08628044021060775	-0.11805515978657442	-0.15470883771269203	0.03750847621076515	0.08939244487330807	0.07401426298947478	-0.2581888461528009
DTXSID2021026	-4.5850686311260995	3.2642131491878414	-2.552772397725457	-0.731247680622081	2.4434716648455654	0.452554248219429	1.555544670875941	-0.3372174219538702	0.6658487243640165	-0.9755145639162356	-1.0267259974072187	1.0144971311977677	-0.06468031194334642	0.0593816656109525	0.07324575106120641	0.4955920176880259	-0.16120874123586795	-0.044239343686890906	-0.1656749366576247	-0.21745328053758908	0.0504484187758697	-0.4273638183756296	-0.7473047358154122	0.039208505826912834	0.45197065782026324	0.40724596831701226	-0.11473849662097999	0.13825877779552168	-0.16820097385570335	-0.8323106742516702	0.4896668053036584	0.9275007412429865	0.15961638468652797	1.0071524464547865	0.5623429673825397	-0.32966751933921656	0.25955819506324374	0.6617359034802962	-0.5503370924882489	-0.2008978153430599	-0.3436738878187159	-0.07756781622388935	-0.0021887083904325484	-0.7680045351234034	0.5005180868215655	0.059502649754711645	-0.2026194303044868	0.7655324025975979	-0.5807858191926478	-0.4655507061533431	0.32576378237718706	-0.5716532475641692	0.11358606674479728	-0.6852904243442611	-0.6121105394247105	0.14435568573927468	0.11893584023549093	-0.6376871961911609	0.39634414265636836	-0.32701995019080193	0.14644016466837087	-0.7189760867593694	-1.0220276183550974	-0.17752851512542966	0.5244853690959533	-0.8687830613425241	-0.3209928193277207	0.4482558563842848	0.8099576291232177	-0.23822277807142272	-0.06762103527885895	-0.8395319202851341	-0.2576602804192472	0.5653419392104946	0.7732956008132931	0.5540927787090207	0.31791279318010635	0.05169333308991865	-0.28111005103616676	0.41452002782479336	0.14274983160519655	-0.3456824063745564	-0.04534803601202617	0.13287633069100588	0.2664152841227057	0.1005306478214889	0.45070438839201893	-0.0959957251169719	-0.39949913439436596	-0.04918854407135224	0.4016569362465765	0.4918589083213532	-0.15003692548384515	0.06685667586982656	-0.615006036395917	-0.3017537547781248	-0.1632647805991328	-0.2520417081226552	-0.31819106921023266	0.05653932588689202
DTXSID3027401	-7.689748508158773	0.8158621665722389	-2.3184227886757838	0.11175234382485874	-4.036436695751728	-3.4999517635995065	1.7069506839645383	0.4395080877943875	0.9916315886599096	-1.3631202851940212	-0.4706265265176332	1.5646574528912573	1.1246811526010458	1.4295144769916424	2.6525871878256524	0.9064764648807712	-1.770918478456041	-0.5963105376099664	0.3725043299201439	-1.251042301018288	0.46879132152355296	1.6502127553250645	0.9647697088944162	-2.4283315610281218	0.6472467600259728	-0.875969849344825	-0.3629682944069799	0.3506860972204227	0.384310326479632	-0.005999806856662786	-0.1442328740941277	0.6314498973106398	0.033883274144020516	0.15251818205784684	-0.5881318022196746	0.7236745848976851	-0.7407355994980095	-0.120728997847645	-0.5872127062976712	-0.9143297653440411	-0.4420700270615309	-0.4733718624739105	0.32051236589876314	0.023682423066752327	0.1731821781991596	0.3699962075517198	0.6373314114091662	-0.5430534082481989	-1.3075651642572	-0.5314365454418545	1.5083375618168746	-0.6909666603003316	-0.1896986515398163	0.27246198519741416	-1.6102751526503565	0.012305410020460674	-0.468528313342015	-1.162390565928943	0.9246069736208896	1.4686024906855144	-0.3219623034537375	0.8671162063126898	-0.1979173264570669	0.4264168178644326	-0.7301794930604096	-0.7911039519378618	-0.9067019460914885	-1.06699600727782	-0.062149298660796784	0.7048633832720632	0.3282594653600673	0.5120178272838116	0.47369459653597357	0.4447525277016838	0.016400684548027906	0.34040106124845315	-0.0689782772228005	0.08861296940756935	0.09086073758836768	-0.185462368521201	-0.6750414494866749	-0.028584051628124135	0.16002451472482632	0.20201094922816937	-0.40623367903660224	-0.23888826911244676	0.9527801480714017	0.06991628566848433	0.7981062444214874	0.237866896440852	0.0966387956257207	-0.1424820004405231	-0.3585722946104601	0.029499003708861684	-0.5995694252438066	0.23638430648771566	-0.38307649742811656	0.14893710052167208	0.22690923939111424	-0.2762038435710084
DTXSID8057645	-3.057905682187258	-2.3668306933413024	-4.456897170036899	0.9282824253454106	-2.2122121774251906	-0.7319276282534011	-0.050106355622892416	1.9535898121862711	0.027116796804924143	-0.5952747723238613	1.000109887341659	1.5027450561602238	0.9054758213988444	2.7871524148702225	-2.4698744355252176	0.7958918333993587	1.7959810856238638	0.9319201306045223	0.9421579920412476	2.109265247971042	-0.5342058587838746	0.6797620766596422	0.2605572205549338	-1.6162556542552438	1.3687950125415984	1.128994071139395	0.5411062189064897	-0.9204997880492808	-0.03380349147359707	-1.0077684799337823	-1.2502736160839176	1.3735386866080044	0.5665879853600915	-0.2134459042395169	-0.6603862194903092	0.020363269892342207	-1.818824497277202	-0.5509169947761288	0.5759855784484923	-0.7821952088987347	-0.06853889785089048	-1.3725427957852234	0.7254858324753768	0.2512631804585223	0.18796598638904327	-0.26294644117231963	0.46173644529547686	0.6428909347014123	-0.28809710046660264	0.006793249856213486	0.8407671727186679	0.6713536548435103	0.907047250876276	1.301833589780252	1.5665228758493557	-1.39668549392754	1.4425395392458977	-0.8285183944014546	1.3000933738469467	0.30201227026111477	-0.9033707209645213	0.2345990808628041	-0.4259376863430546	0.9849518776002145	-0.7883813531152517	-0.7282438919646076	-0.5100355738081991	-0.24851782111295143	-0.6387915670950073	-0.8201991713693175	-0.12081414870937372	-0.2679919959135103	0.2504350736812629	0.8880573659778139	-0.8882069427651161	0.5453709303824422	-0.9662518864098429	-0.7471575575799132	0.46144915499331324	-0.20007017231681676	-0.3616693407724827	0.8589252289884394	0.2543354051987097	0.717757997757962	-1.3324173065993947	0.3179455512968203	-0.2751106010896737	-0.08560985947864899	0.374614729172486	-0.4557105576270825	0.30145558265824224	-0.13220652721303838	-0.8810837679863268	0.6701653903501381	0.36371713251043347	0.41996790030000214	-0.19818484716861287	0.5354880550552781	0.7354196544692883	-0.5835302638435311
DTXSID2021288	10.09491770925562	1.6616032189173595	-4.6982113742407385	13.65040056182596	0.6652831722369085	-6.424358716435163	1.1863558583996292	4.678067464958688	-2.652909252381321	-1.1828872223397988	-4.111349664922743	5.412645076004541	3.490590736614982	-1.1542954227503814	-5.56769337252284	4.143690375895239	2.5052136870363206	-3.5932971889283873	-2.3358442546120264	-4.191319821554122	-5.968999880894083	8.052512745639211	4.652575531863445	2.697536716643397	-2.9448409098645114	3.3545246172610104	-8.218284915683405	-5.7949720907622115	-2.260705649016442	-0.12944405028297845	2.297899176272692	-5.020333380162179	-0.2367803401352782	-1.3656338559084853	1.8024050027241287	0.19039663460735273	-0.3854546625835346	0.46232423088732866	-0.10663528834053226	-4.075659498581673	2.2269229297827087	0.026787308923061883	-0.2667842392036728	-1.9500065417288652	0.6888073850293476	3.356549287634419	-6.282242873540757	2.7779541403341717	4.844783868682399	-0.2943979415291388	-3.521337046943853	-0.3090606188714163	-2.426935193088121	-1.9467253286461543	-1.8167420477757061	-4.909036592253071	-3.7954060297431464	1.0829336163881917	1.2743267770654716	3.9169256011925335	-1.3013468731134747	-1.5391428732027206	0.6566685584135865	-3.3125396061965744	2.8473001570269796	3.539292795567026	2.6306320631048683	-2.512425855930945	6.701240982459948	0.11786691573808347	0.9814654676697044	-1.8237630109826033	2.838126561973652	-0.7538599508257953	-4.225216560246571	-0.04577989356143946	1.154926432091865	-1.1086541393431808	-1.3875488364166746	-0.25530455983402117	-1.9673239189684375	-2.5100888594881012	-1.9119329617143952	-1.550676943475182	-1.5073693162553652	-1.4511866553627732	-3.3376595024083042	1.4007478068176917	-1.349057131784634	0.13524011249213178	2.8146698436462345	3.2950988121454743	0.668663152246042	1.156529509545641	-0.023272127421234922	2.039537121617593	-0.3200209634420219	1.6771750328669024	0.7292876752884517	0.07749927465887307
DTXSID0024501	1.9014807359164374	-3.8669341055914632	1.6712914687873888	-0.11671158241822	-2.3129453924355623	-0.03406095534760108	-0.83845716911885	3.213715345451143	1.619108858929607	-0.47763764625070193	-0.9815070635668223	0.4385828655207784	-0.8941461217814936	-0.832069515998814	-1.5819446238230632	-1.5018267898898865	-1.3987877934852355	0.04047766575960463	0.11593496115075656	0.4668938867819402	-0.24095686536787653	0.19258719297320698	-0.03708148793828935	-0.9298235608677221	1.7184038561914463	-0.9328621073264889	-0.46840312479391544	-0.11274441086809385	1.0145446966747957	0.3509964445500743	0.31860930562481504	-1.4182031259423495	1.1258227080586267	-0.4701708420443438	-0.6395821532692746	0.5576204130285703	1.6914346817242967	-0.29454155149057965	-1.1193063432636083	-0.3335062044049464	-0.4154793741775555	-0.8510783816420799	0.5128621711244998	0.10289014209103284	-0.8857238224150077	0.48453068850156444	0.3718372066243671	-0.8750228335150274	0.1837505707842026	-0.5870521051714979	-0.43584108682422695	-0.2681642908951016	2.030039197480293	-1.3828578229673862	-0.7904832013396642	0.25788639989214945	-0.5082835926135808	-0.09744420338807956	0.4095985850415693	1.0375008033986737	0.0052928892128229444	0.095324236015229	-0.5014351237034206	-0.1291763947699896	-1.096792881618852	-0.7517818422225584	-0.4861240901744108	1.0229811969444447	-0.36875533993945064	1.6170548683797843	-0.8324496536157798	0.18608871007461827	-0.7321030619252724	-0.15173017903687377	-0.9351931375066719	0.6574885227139068	0.09111380370107768	0.5622941259189024	1.3673460189706457	0.402467853269112	0.1249148822524924	0.5460849068254559	-0.6467437062378281	0.27304004869941745	-0.19944885673094417	-0.8395794276779951	0.4144431214123038	0.5905531255294976	-0.4764231630776023	0.966630948139453	0.25532436673656517	-0.2837410124348606	-0.21915811166338744	0.06283554341819307	0.39884922005853124	-0.060429245983921756	-1.3039345486000196	0.40500832877460313	-1.0161826536203193	0.5657449806299
DTXSID2026074	0.015054149051536311	-1.85509995320738	-2.8905489460071334	-2.2211005906046175	0.318477643900092	-1.1537565345797407	-1.5745852078328795	-2.2078759368199234	-0.3727127266863156	2.684035320615887	2.0378139183744564	0.12037843609180551	-0.23234742019665208	2.580325561086186	-0.7234631072058358	-0.0006121260692387722	1.5653194335932772	1.0584177581853131	0.29971732967217507	0.4362480172726143	-0.006966694730113905	0.9477268210215738	0.32452600167912177	-0.12001811789383954	-0.07748493878679995	0.6205427057939185	0.5968510454938583	-0.49188295969543694	-0.15902042807021138	0.03968222604498706	0.29997942617563805	-0.15914249021250557	1.080380300901851	0.17965155568380894	-0.2990377331513352	0.24884720239809552	-0.7751428511575043	0.08858276746774171	0.8578402035583037	-0.41702914726600276	0.7324677247977891	-0.4369004197832554	0.05930956837477321	-0.5727330461658549	0.37235824721256305	-0.40998778846547285	-0.13782055627465664	-0.19037425819768436	0.9088680625302774	-0.7228048130358639	-0.4496788243162913	0.24949814241464813	-0.4170042909080414	0.7112775493190225	0.6779081239285087	-0.49213299266754656	0.6746833974587529	-0.7124795871524878	-0.41725669703152196	-0.021091843853276854	0.18560568354768114	0.004095432611574365	0.1540487475993755	-1.069008845259525	0.14717791832688945	0.37779074589705186	0.4513669935670864	-0.5751397267125542	-1.0568213424819841	0.08526224100706635	-0.8566518568953335	-0.04548320414165255	-0.2754086620206509	0.2767460094206653	0.49570290077201884	0.065201742909989	-0.533334352194919	0.1916072440440904	-0.12318882191410377	-0.20115234963532375	-0.5861306624531993	-0.5026249934938896	0.07922798272747202	0.44173754193609965	-0.64518057079007	0.03403527953694241	-0.03473877461601687	-0.037381913943355556	-0.6637199770868453	0.2787258631203895	0.29002609195982915	-0.2345202740635651	-0.557551282005981	-0.2629263263392847	-0.22394912468370956	-0.2829208253519432	-0.19155532110832307	-0.023711541810696138	0.048281016974492816	0.19992288063925542
DTXSID5021544	-7.860759793878778	0.0566132655751938	0.7430004135063567	1.4681757970577758	-1.1257831976387245	-1.6891899426716361	0.24470716440134085	-1.5271425167510326	-1.2941507135566606	1.1569016893533255	0.8651166124869496	-0.27216069668798665	0.5264363385232581	0.17711566983223945	0.092506204249822	0.5088754497207656	0.13207871454290976	0.35914651012894505	0.9641746709678691	-0.3635036818152253	0.34431327780547216	0.45547267567083455	0.25803338963210265	0.33816545509540546	-0.7963029884235431	0.29655780129324183	-0.26563641571610236	-0.21601885679698934	-0.21078902122384777	0.12355988817532539	0.13223192013572732	0.42140949188504084	-0.5630047488072677	-0.16338090016217205	-0.2305930150512323	-0.04052734741863533	0.24749496595989354	0.3918804190295111	0.045392407852023316	-0.20713821508698832	0.2987114028024198	0.719066853497486	-0.017798493779541603	-0.05708283362293741	0.32011371300673425	-0.054456272805267665	0.08276853551617974	0.853576336920619	0.22105630792823971	0.01618897761049896	-0.6749313628897862	0.017716889499209028	0.549269246034241	-0.09767725730938533	0.19711026718410615	0.41325810935796375	0.0058140782794630945	0.015243163823643584	0.13712048692682954	0.47958101881593074	0.022853384138763887	-0.19151450822518812	0.359298717044316	-0.3978629866749397	-0.26004349234689034	-0.7980319090794591	-0.432114893625643	0.43663887854943584	0.026761079267852976	0.24053448388195187	0.2639056170200615	-0.34778477459927926	-0.3180952884842687	0.4418104799286044	0.024197556699463753	0.14672131770154473	0.2145468529844402	0.0839437838378595	0.12342032666472848	0.3347414722161655	0.0017502095581387294	0.2660226548301337	-0.21791719815614224	-0.0621670892672031	-0.05927268969728913	-0.1971702997149022	0.01609263855375349	-0.06649501738699659	0.35119196370013267	0.15520919165883285	-0.03300636340786651	-0.13434891941524804	0.25437968652426335	-0.05924215510263599	0.1375807933358422	-0.1402839937151283	0.08913531982050149	-0.1514960022498489	0.03405718748042248	0.16099076682754443
DTXSID2047519	-3.791298088234933	3.4785951023166244	-3.143329974560636	-0.27468793144867687	2.5880504835986406	0.6678695597630173	0.9214548006636306	-2.347535222806694	1.2982504118325102	-0.3923448604518379	0.6711290855981299	1.343032417125473	0.07691100332966032	0.8095985319186189	0.18962703761939578	0.16399198229403092	0.26733643025407383	1.16407084993876	-0.026778697941249013	0.519056180803114	-0.5209004486302096	0.4559442536507931	-0.3490797694870786	-0.5197075024342253	0.6348555024352857	-0.046181492073906774	0.11539789526180465	0.14496985371175117	-0.3555496903640243	-0.7510003584195508	0.03867357327055096	-0.07564989629532728	0.39335637387617967	-0.14158625029924354	-0.05309179693535264	0.0036164247855108955	0.511180484024656	0.5849454037617082	-0.041247076567343804	-0.211510853266176	0.09709795672610987	-0.6440983249189015	-0.30180861891047944	-0.07980864960712258	0.2081407157766034	-0.8276465947680476	0.09056117114011301	0.16729483442226786	0.5028525981400048	0.09993256309760282	-0.3529142586871736	-0.39638009289714227	-0.2748925060441957	-0.19430363817036564	-0.2350040238413016	-0.18198660095299857	-0.5979856119232285	-0.6304829760330235	-0.4041695363915523	0.020210705251808847	-0.16029896279551897	-0.03596046154718395	0.2453071827482872	-0.42612325057911077	-0.35995651985730354	-0.3304292004190383	-0.33457827983786703	0.04296900901838816	-0.38163262004845583	-0.18911463446253393	-0.43122040587498583	0.19045343724530472	-0.20898597935404448	0.07490147594708846	-0.21278225237572607	0.1923317091750709	0.05528174131492099	0.1748811165235099	-0.4976673156064403	-0.21702690448629966	-0.05450875212341419	-0.33999232602895574	0.2721815716198795	0.41750922707685995	-0.04797696638188465	0.39148644879882993	0.17078837261800905	0.0853844068387578	-0.0817834578559636	0.25815683170992887	0.20695409904958875	0.06376865195982082	-0.4254765111046379	-0.43486893747946964	-0.15119755102200277	-0.0937082135166463	-0.17547036860279025	-0.2965946285125957	-0.17007739762282426	-0.1530585820042784
DTXSID2046624	7.618157104233013	-3.748048520855598	-3.3755863505275387	3.2491584872353476	-1.6120344082914682	0.15266528052983527	1.2068122689139247	-2.1524101426077937	8.3813890272155	0.8202320232192707	-1.546378210158492	-0.9140900345983551	-1.125876956114251	1.5689693164143272	4.431596250126104	2.052907343947029	-0.39455830804251074	1.6569278834915941	-3.2427776668574704	1.7286896760756336	-0.5029244149742549	2.061771715858512	2.5010159053743912	-2.161920117314941	-0.29360378497429274	0.3526620841310045	-1.062607937097392	1.1460196735743347	0.39061209649906814	-0.8896460328200622	-0.8112103913424381	1.035598070631061	-0.8170195266983654	0.49354943551796426	0.6866646144626413	-0.3324988797916287	-0.38316102363695337	-1.4339647986604258	0.15429830153959564	-2.028029497931482	-0.02755190081857862	-1.2397571349564942	0.4212268734378681	-0.553520842662115	0.613388865857913	0.16796784155753355	0.908317188108984	-1.112545060685973	-1.328679891862586	1.7769691720724057	0.6290643015537715	0.47043489420678875	-2.0639995886950233	-0.48759544722346954	-0.8058449567490225	-0.4039461445471027	-0.9244164190435498	0.716216133107561	0.6426177532950272	0.8822347593149535	-0.44839874467939456	0.20079096263002164	-0.31812049938104453	0.6085817255242022	-1.2439020663029354	0.048517425363413455	-0.19001899462232733	-1.3173177387107404	0.19545108436609793	0.8189402457819406	0.7708490167408781	0.7668349814526232	0.04624723116406158	-0.379988466379335	-0.376238039997301	-1.9442713763092652	-0.9344214593514736	-0.06707057569422202	0.8624983125306973	0.0857679230625382	0.3360815789292556	0.8997811697167148	0.16817087770943717	-0.3537547728439957	0.671181460064164	-0.24545162569545104	-0.19810493544804858	0.6329972179542134	0.4884993765197371	-0.9761531308265505	1.0399336602158369	-0.9129056356073431	-0.15611291420065032	1.0793478343372143	-0.7209581176311268	-0.6483806052162219	0.9841525762918778	0.1297823165482883	-0.9622959763783063	-0.13425534450082757
DTXSID1025807	-0.4349185620607653	0.45401259773979213	0.6767460849534567	0.5886772884565088	4.295255321135274	-0.15076091523986831	0.5503409927659112	-2.4935276068845047	-0.03845451320287422	-3.428554521367754	-0.8960694519783147	-1.0321245379951234	-1.061383579649378	3.345513615924883	-0.45887594764711004	0.18986705724963387	0.6948921311174215	-0.11521145876195413	3.308162493579248	0.40158617918653217	1.6156499359984777	0.592172219312345	1.3596963551274517	0.47070436938712645	-0.400208291824822	0.24017693602819876	-1.9213960573894493	3.6610768849927884	1.75262963863733	0.07559868225751722	0.3921825664183627	-0.6565186212863958	-1.6867379579655737	3.7304346342875805	2.902763428131437	0.9970556810662863	6.697968704914652	-1.6236034637010501	-2.7641005438589725	-0.9456328679009086	-0.8069390523941546	-2.4592075582423867	-0.1049414940529267	3.932549167047781	-1.4418042533840012	0.6383787787412767	-1.5129847853815006	0.9934355272786936	1.4789712498017444	-2.9422602289139057	1.729903879283034	-0.3854195356411517	-2.1550914487968424	1.9221983740663358	2.3035548831135193	-0.9530174293761097	0.668439451975836	-1.1137422234884007	-0.01978869710050643	0.2162796356973985	0.16504287880977306	1.8665928278142427	0.8357213260337208	-0.7669148713018938	1.0770376604841105	-0.21617880116219898	0.12514563838168544	-0.4111484576977439	-0.785114432550501	0.09481713955402958	-0.6189452632973028	0.405185069275282	-0.2760658406439387	-0.3585917434206753	0.4736528255916623	0.5833325183880422	-0.6011060550173839	-0.1932182705840832	0.2143205950395555	0.39429150058130735	-0.18475094484002577	-0.6644754937871985	-0.09637218865710175	0.5758038402041604	-0.10534139014899443	0.8824174924034546	0.39910050543141645	-0.3558663168347169	-0.036142429197288724	-0.005937481659128068	-0.5540725485633786	-0.39498261121248157	-0.17078267891491566	0.14961477501821016	-0.6136092621312323	0.5577457445900472	0.3892282977583084	0.3377792508719629	-0.43983343692204796	-0.14944061768423164
DTXSID0020024	-6.34605544509714	2.3324746774515113	-2.6574751128084224	0.4212055752929771	1.6193030427964565	-0.011560646090054725	0.8895621708582484	-0.575151740965548	0.9448702484350443	0.1139675821398365	1.4659554919946465	1.0387180681141785	0.6166309465712291	0.363235739296335	-0.09381373671548579	-0.5439654651443245	-0.5411314213057857	-0.2717320888328603	0.5374825253491826	0.033317221691939694	-0.9792875928588645	0.2981971721240154	-0.013786725404595532	-0.3462530004943167	-0.14897488288437588	0.7546712674117165	0.5959072408683829	-0.13439046673785832	-0.5496477447159944	0.70614233905489	0.7197000710821129	0.11275453563999917	-0.025977569896668443	0.9372418391635275	-0.10140340426697494	0.4517906209296436	0.027271730866922965	0.5920180470089552	0.20086651372581035	-0.3179993845527061	0.2746108900449784	0.3615995328404364	-0.11755612224616552	-0.5518836272185227	0.6999858636939155	0.0419631361186974	-0.4082817312955992	0.7201123270136938	0.26915730595990106	-0.9811726565291318	0.4991153500923462	0.00948119953672135	-0.2191647869004559	-0.7546314292352742	-0.33011695244805483	-0.44447539114436246	-0.1754863920053631	-0.8154783598262172	-0.0992554820562607	-0.043795550646745535	0.06445294881105476	0.1162889319800648	-0.41793300319000387	-0.08527536513039796	0.24565683840770305	-0.31231887637601075	0.5528840703795588	0.15393139517710486	-0.2482275474975982	0.4858328460215841	-0.868148258189237	0.23357250310975355	0.5088555067411947	0.2520957209024035	-0.07041589084946932	0.6353393241528821	0.45649226115776514	0.401132356603189	-0.08438292468512597	-0.8991539135834699	-0.17002258197609552	0.1496464524421118	-0.1185398872602784	-0.4233205828133634	-0.29843166290194684	-0.6494708318993532	-0.08280760023383252	0.24440505083075822	-0.4167332186894633	-0.32238550450867753	-1.038275791796505	0.6302155986406222	-0.7769060580714093	0.20730741727845683	-0.3962487437688042	0.10296897071825041	-0.07115900693415544	-0.46917043389188795	0.2629383409264148	0.8340973100540182
DTXSID4047331	18.72029890017317	-6.111406148521789	-0.13782607123079404	3.8771295044045613	5.590981387042738	-0.38290512822922684	-2.3080862153794626	1.8977847448682672	2.261887433686295	-5.759005697791973	2.1573840768225	-4.659531725520576	1.9283112432836804	6.166444368285391	0.44397509792857665	-0.06006727718999154	-1.7766106211912476	-3.75404003643038	6.518785694579868	1.9412282183372118	0.3724757443573921	0.19635196082437756	-0.17167856777097523	-2.7864449891822654	3.4967538487562666	0.7064107915612995	5.101954512492927	1.6851094542999192	0.815772676427338	-2.8856491752123636	0.9886725082871466	-0.684786916831497	-2.8031513478127525	-3.059565588875881	1.0264891695060065	3.8970624501110422	-1.5075563892671826	1.757729841170538	-1.1182547376425538	-0.7005911109343474	1.8217051950592458	2.7109787420891007	-1.7486850525519357	3.7507457754585283	-0.26228014041710207	1.0720370797415795	0.8192045593689372	-0.3044644475198058	2.6061851314208058	-0.05632363974335141	-0.4118788478796514	1.3693752285892353	-3.8356965222491124	-1.7202182976929192	-0.9819865488589726	4.442904725716161	2.5107608213866013	-1.1500310894557544	-3.2514508341119277	-0.21369045686059054	0.8731051706243445	0.5494385563367216	-2.9310351868421023	1.3762450735310423	0.10008127949903739	-0.11273520454974777	-1.4760595657657123	-0.8829502251756344	-1.0646320230261699	0.22348948318883133	0.16294203511277658	-0.35266572843192956	-0.7909412948830064	-1.119880821671971	-1.5954429903693206	-2.7441392884707803	5.423278105509615	-3.0902533872835343	-0.9439218055170056	0.6557195396495229	-2.1770385372397016	-1.766815096145152	0.7018722296152967	-3.155874022731404	1.7759973892651917	0.78518303533287	-2.148784541515285	0.496182374060872	-0.2022560642813371	-0.05270009888615013	1.7297627808174574	1.0662143567258937	0.1870877089902047	0.6799947588585528	-1.1219668596415555	0.4958562498892819	0.9831949179882723	-2.1383373326734394	1.3033482091761162	0.7246814827144683
DTXSID4020375	-0.8014843145398728	-3.4309337508156865	1.0490098674628203	-6.069246646431338	-0.20781904694657669	-1.2845433218514384	-3.925009770440483	-2.0459459739885295	-3.698943540742326	4.247659311592389	-2.118669381817862	-0.2738053442139579	-0.15219449444319083	1.8386804258728435	-0.9276693597060667	0.09722429309296625	0.741155984295882	1.2673566922495478	-0.5440381581503595	-0.06056830310337749	0.4965487299949529	-0.18788993031110413	-0.6662973518983256	1.199341833369543	-1.1189083035191976	0.7625505393649784	-0.3458277892380812	-0.08425315976083673	-0.4311870310773944	0.24781091575881906	0.706881885776527	0.14466681668198603	-0.04078599209519304	0.42621396146501184	0.4816332390751814	0.5885863016091292	0.22101601165128823	0.25405355505957095	0.3652644456855386	0.533515257166137	-0.07634681371177605	1.1679508525734685	-0.2473789300760756	-0.26199333881015746	0.11566815409862277	0.10966856436145415	0.2656334736357693	-0.47745138012111665	0.650490632093463	-0.23218953970361106	-0.24630336625739452	-0.3929422775870129	0.03187984382601744	1.030269332672222	0.9398664802423886	0.10392192470933702	0.13229201602904098	0.3812636829304217	-0.7268288070180924	-1.174183936798417	1.3176488615229516	-0.41087170206378093	-0.7583662175604302	-0.18734680888637947	-0.011623900947650326	-0.45247461626784036	0.3292956655124038	1.0770986401670057	0.513043294774185	-0.9489975616749795	0.3158105946448944	-0.8010249602523594	0.8531641365370158	-0.48613364193197584	-0.7300584269143687	-1.110140721792527	-0.10711084268661485	-0.5000318064872907	0.04770500650998012	-0.34335107655193964	-0.03213761990065552	-0.34944251858260894	-0.2363842360178563	0.2460960363972627	-0.12809772569959796	-0.5859837517873886	-0.3269948620897446	0.23373680093819174	0.9901572787752981	-0.7286148467809576	0.10891178533015664	0.8767802743363883	-0.5941060947075135	-0.18133021922199782	-0.37013587121969055	0.06135292195514864	0.8586547988227425	-0.291083457348541	0.28770686454403793	0.10015517446221514
DTXSID8057693	-1.1574572891287334	-2.3923205691888474	2.7960097804986472	1.2731777432329796	1.2961634305474308	1.0528668635402485	-0.17263599685967665	-0.8235196144623309	-0.701087098674107	-3.286912545101157	-0.5269903934261929	-2.237039946229124	1.5678447200148555	2.986256470419587	-0.423193621185318	-0.706836564504776	-0.6250057610899513	0.4999855535533134	2.661836827744467	0.29678812870748766	1.3528821139014224	0.24370604815192343	1.3145229919991877	0.754467966932691	-1.4146270312551932	0.9622953973816355	-1.7166623163665518	3.8920624813912537	1.4924687623150614	0.5229396470856369	-0.2560360868719676	-0.31137137590323527	-3.139658086431821	4.475433096715301	2.175123358040445	0.7026063453042284	6.878190014673554	-0.29782584291335706	-2.787776795181504	-0.9497463799265073	-0.7616633514700534	-2.18305360605293	-0.3183254800895107	3.129180500538124	-1.1747370165129014	1.2850786012143924	-1.5391414512341872	1.422936597179904	1.6761116140096306	-1.7561842720532201	1.367496375900481	-0.8109039267482122	-2.093740533659264	2.4332449304847756	2.8408121135412197	-0.9801137787204516	0.4685050381512596	-1.0930798645302695	0.8416788962422934	-0.13355085492038832	-0.3445399440524296	0.983690441620605	2.2150947687778157	-0.45265278634138806	1.3240796084332944	0.037234318700542814	0.6539008598025089	-0.8256365994722794	-0.9675562120174444	1.0919397093718577	-0.033693494913211997	0.7837020484898138	-0.11429105938514984	1.159940770678289	0.369372613497522	0.4469819640750325	-0.844186622916916	0.24491833368620855	0.42796705363232435	0.9901452538451505	-0.3564520265639411	-0.7276841296446762	0.20700854526758106	0.01978120493880143	-0.24135950405763604	0.5331803007550854	-0.2956734130268275	0.5085516238711142	0.766880140815526	-0.06346942791833261	0.044236248680071026	-0.37166939899233586	-0.19734664921223402	0.4362423386502569	-0.8105275001070996	0.38283695035915166	0.35100611604041626	0.10802604430161465	0.05200418292009252	0.4874568318237791
DTXSID8045228	10.96177073928318	-3.0977691952183064	-5.627878456936088	0.7631655070857204	5.658987916896856	2.4887722574847264	-1.791519162602678	-1.8436537912036017	-1.216656034085227	-3.7203202280963046	-1.239421749031689	-4.041942559363713	0.269580010209665	3.3894911233287814	0.5346647068136929	1.4973286528527925	0.28846998494963527	1.4694672278122558	1.3940941843161767	0.10225714264390053	0.8889719171730277	-0.9679164468328831	-1.3891647037671002	-0.13325704647280778	0.7432567256075368	-1.7323196375530476	1.957290953914847	1.105045305905803	0.6954445628949758	-1.077972378052275	1.217887708060302	-0.5055528119020782	-0.35398768593376667	-1.242303775779549	1.013341315215055	1.2640489930485848	-0.30952098788161597	0.30896777987574026	-0.12715927598561072	-0.32616276493473223	0.654784044208068	-0.13404031907137628	-0.3169733899235054	0.9451582726902646	0.1335728461575686	-1.080876245286323	1.777420259162748	-1.6243950732600712	1.0933817798325132	0.434642343762083	-1.1014157684175736	-0.2547796813120421	-0.17974049883489288	1.2929988470142064	-0.1998476675596622	2.047728473173745	0.2419889958483228	-0.8534043078803544	-1.260977114356166	-1.423255333561845	0.1146812193596149	-0.5029101361251538	-1.29740957541212	-0.7923305845901834	0.4855416045835784	-1.0282533846220605	-0.5686191370559605	-0.2894461517466368	-0.4250211856988208	0.5632312621097336	-0.19013354393826956	-2.243384048769615	-1.0058227775145445	-0.9679757436484129	0.36318471786867107	-0.6147901733431164	2.2955868439824156	-1.1223675682136744	-0.8683880242973159	1.0413744500958015	-0.6867513064876603	-1.1748542910217832	-1.3965746751891601	-1.4529517959177485	1.1711591132341803	-0.6834114943753165	-0.6957492645382111	-1.3806429024282896	-1.0244283335121933	0.15523963664714924	1.332495416450749	1.070422605862485	0.40698022413648105	1.3615747432456444	-0.7514695653583904	0.2848145441364203	0.22426240631719585	-0.3085217653978309	1.7057607626865567	0.18489499503827375
DTXSID8047682	-2.3180639106899923	6.5899143023004925	-0.9622824511466141	-0.279693257387016	0.32471135001732787	0.315115171272672	-0.12355593927754994	-1.1385858397905462	0.11754180959325433	-0.3634343186688596	-0.28327966593575765	0.6887898324205108	0.5901401354096054	0.18115717870767717	-0.3519514024537387	-0.11225372594669107	0.2749088850151631	0.9549301261806928	-0.369180658773449	-0.20145979334527897	-0.005585088601611217	-0.46832863084446824	-0.5495811158213058	-0.14291323690078314	-0.175377092155308	0.04604263320172985	0.6931986484790926	0.7839179018278497	0.1395448912963574	-0.186990982363651	0.014548493492299685	-0.19818344242007196	-0.2370555450550974	0.38372874957424574	0.3653237410119329	-0.14751791950402127	0.17434536088003116	-0.45017417956902706	-0.3251064485728675	1.4238749617802082	0.4566317321983595	0.33539967589143227	-0.3274443509179985	0.3850805641269824	0.14373302687640843	-0.7825333699109233	0.10582737569374114	-0.4861164299059045	-1.4136068462046658	-1.0907459035690619	-0.5428604413515373	0.6027030607391132	0.17362538108653394	-0.0943631706155197	-0.07086272679893506	-0.049540500900111216	0.4656387969548546	-0.986263159327301	-1.5088290399350497	0.2521262210700812	-0.8355472800604309	1.1357929215271534	0.4147952912494674	-0.0322900614725813	-0.46140913302973563	-0.18915901327698606	-0.6936083861115784	0.7921089617497413	-0.03648780615736555	-0.20765891858273286	0.09945134337949123	0.01458095029490775	0.39849801110294564	0.13395704049491639	1.0412996932872636	-0.0031176306235613876	-0.09978551039783255	0.010423425846240446	0.8536891648903777	-0.3380423377482906	0.4250094822737913	-0.06010226252594954	0.8061025760248791	-0.536971342512367	0.11903298087354251	-0.8818258547853594	-0.037608039533102926	-0.12934167174198427	0.03626089545959053	0.3316970594246954	0.03817793794224724	0.1122424533965367	-0.04545123452341537	-0.6079383896424382	-0.13530438746578377	0.37922484322021327	0.17930531075305645	0.11963603074280131	-0.053549152811242604	-0.37175639602993815
DTXSID7029241	2.3302718344112807	-1.3263193976449204	7.5488143621503285	-2.924827774473391	3.1278601698770028	0.8075799356672564	0.3742303059015575	-1.6472596111781652	-0.42026425334637135	-0.08761911330167328	-1.4007342811121197	-0.477471334074944	0.7255427084094676	-1.4930943203432567	0.21747384076497625	-0.36249384081651226	-0.7595334835059616	0.9948779921457824	-1.7624239130271535	0.06506070678219095	-0.893115278905242	-0.4672378287122076	-0.7554165071322986	0.39458336504166613	-0.905726546743104	0.5734507006006624	0.6263029099163205	-0.21143241782159633	0.03681076296482651	0.799122877246435	-0.6068660869485811	-0.12849361913982474	-0.3174530175747469	0.15231296024320853	0.9491765373058542	-0.05501471393026116	-0.5116900949424745	0.11104988840276925	0.3809077291208646	0.26192560073184784	0.006607465447201998	-0.33189426013237255	0.05600357711071184	0.17927070479550983	0.13370166184693416	-0.2328621873375787	0.6404073885104747	0.12040039275482434	0.34061578339383025	0.20818065071770392	-0.0109772738359749	-0.3685916488227785	-0.2984777731308248	-0.22599320209627713	0.510430673201162	-0.04097633024341568	-0.48986076513659316	-0.5237079097025978	-1.0151231195458135	-1.0410919688307065	-0.5180707258472281	0.5094898268863256	0.348838352050117	0.5948881900205178	-0.5106616569131254	0.013324490563497103	0.44387377878638035	-0.5175401839756865	-0.32327766825702403	-0.7162075995502627	0.6769012339732853	-0.023963119601934226	1.0680349802717264	2.0277693442614524	-0.35748991631674676	-0.6774440408058819	-0.051585268330081153	0.5001494610954944	-1.1638828150069307	-0.3869114848891704	-0.754868064199926	-0.710358800537376	0.3160155400474893	-0.2804727748430098	0.754484838673492	-0.032110954079534265	0.26731547802890004	0.3408823305479129	0.7995053491842916	0.17375021780080938	0.38662269733595156	-0.1632179993861361	-0.3700396864123231	0.4745076361355212	0.25186283186740493	-0.2901479233501213	-0.8476022953509786	0.16794158656666244	0.6299510100275363	0.2225903284480835
DTXSID9048198	-4.412798010564529	6.23614829248794	-1.6546552699394508	0.5486073871158077	-0.8604343620244151	0.42293097310357586	0.22440993133018344	-1.0680699042615955	0.35146022121702314	-0.33978025578941745	-0.10163513972528783	0.2926835656344124	1.161921356230859	0.49674822038257604	-0.17097056487540194	-0.19894188658445144	0.24952712501416488	0.5416103685546689	0.06021978672522343	-0.3748693733060282	-0.19283923792872296	-0.10275577511922779	-0.7828903984247145	-0.23846093047565917	0.7117642932963395	0.14218375905034222	0.6641400017195748	0.718989244194719	-0.26996573921628614	-0.32403298543674697	-0.09390116123719379	0.24976064973443318	0.09147626867055109	0.8268361448735712	0.34188051079595255	-0.44884217083507155	0.3357957693892732	0.27771418376617785	-0.6260332294532408	1.63809058594306	0.23589361289857821	0.36590219138983465	-0.2524395893293411	-0.24971149747386612	0.16095720362534852	-0.5723095778716196	-0.41328771633021943	-0.4727092985655083	-1.489205274261113	-1.4938253745194654	-0.7172314363474315	-0.009773390365762673	0.20914610689327365	-0.06029111063697044	-0.437450776348743	0.29165075150084285	0.826682449460435	-0.9253638602913564	-1.169974302429053	0.23310594702947926	-0.2813955071005473	0.6622025983496175	0.28327868816577517	-0.14777819361218486	0.04628533185021933	-0.3821616751693186	-0.7878645318703604	0.44682842494562597	0.5791425516601696	-0.027553411906617562	0.3912627860523955	-0.4993810549221657	0.31565695727471377	0.1638513006163994	1.1460177908434848	0.40603637172743096	-0.3292513220732589	0.09382694626903977	0.7387564370314624	0.08402677112024323	0.9033490029137128	-0.6253536712330895	0.5628793407697531	-0.48528993078229377	0.7535384101346805	-0.5884002647008835	0.04064181462053694	-0.10851697736203181	0.2265401713284294	0.11181442641186082	0.3645103201123732	0.5129577098460945	-0.03607606332374024	-0.39729694206336696	0.10959061829431728	0.3283187704182317	0.11217836628298541	0.2723064329795669	-0.16145881762505385	-0.12417945179613384
DTXSID4048696	1.3297641970998602	-3.841427550233231	-1.4116215840811013	1.3945213865153863	-1.5584286421551186	1.4081856999351763	0.17248690815660145	5.451090845173306	1.6691352360946117	-3.655851608394369	-1.0684614429662223	0.3270259118358155	-3.7777696914281353	-3.7334951710787356	-3.222667047653634	-3.6103278137574795	-1.2101716214528329	3.2121322015407574	0.70310130101963	-0.8621777884750654	1.6458132058140338	5.1863185695866845	2.7352773663501924	-2.1834448331793683	3.3700028618342794	-1.057353041200574	1.315038423464585	-1.9687956154506927	-2.419052024869131	-0.15352589287709237	2.102069379488011	2.8883070306754	-2.3172105493553414	0.04426544846026014	-0.220723504092671	0.7395417250534694	1.282161291851942	-0.8515901203716221	2.11540376113696	0.3717008719095771	-0.6869041641065877	1.1862575851852404	0.3867937578897166	-0.747751853843373	-0.6829550268752288	-1.5733907178037472	0.19120627086849548	0.4009239729431132	-1.7742910872112945	-0.8764210729810121	1.1846268928516581	-0.9794558170108466	-0.19752162475986793	1.2180119751787348	0.8430943474299211	0.03473384762240039	0.44328998105830086	0.87291960880335	-2.0824273380762617	-0.3747746914545058	1.9577001638958715	4.271921528285926	0.876096896701002	1.1108652064362519	1.7629124471720072	-0.11643749240962452	0.6114376587006237	-2.478928819641374	1.8244450393487024	1.1170153709390238	-2.1357392324377775	-2.0518519775610073	-4.514205037587777	4.802866772039804	-2.722881644222573	-1.6646949571266632	2.607888563644741	3.5590480981839336	1.9933712069247667	-0.5833717377938176	-0.5804715875936657	-0.41310794047228894	0.052426232627564816	3.856598640967631	-4.916739491968121	-3.127505490341453	0.12283704931628929	-1.8203772952406128	0.275251147079994	-0.7309846934467593	0.9421209848392627	-1.2501999014568208	-1.0250752578402587	-0.7944743800383787	0.9092071094359881	-0.11027167982581466	-0.7882425236572387	-2.715871894708888	0.3018093198616575	-0.49759413826094284
DTXSID5020027	-9.264520449492617	2.067946943681952	-3.2197328111926464	3.860673876228429	-2.104198859060711	1.5225879606946982	0.19701356293525138	-0.24285727022017436	-0.3209783839445939	-1.2645534321104128	-0.5580242487838284	1.1472612527886799	2.0636524888401735	1.2725993224192216	0.5371434401486924	0.025753394631179913	-1.3177834484736124	-0.4276590773144372	-0.5485241016283087	-1.3618851189139316	-0.4872039668196652	1.2446881272635621	0.21788074715501274	-0.3156159068780568	-0.8318714150407823	-1.9991186423743486	0.8930661304145848	-1.4057820800233256	-1.8356864490087057	0.7762086520569133	-0.24014552468201264	-0.4668722424555761	2.3630496472953952	-0.5326048105044945	-0.15395131332343448	-2.380187125843396	1.6816194215436857	1.060555722849271	-0.394504748125308	-0.8599595733118971	-0.48781693964065903	0.2305736161277608	-1.0028967682807957	1.6349889334529508	-1.6413133131947462	-1.1063188241231177	2.258766837009066	0.08013768651260882	0.9146077143797761	0.12558459388798093	0.8051455123762186	1.8621427066532499	-0.7415283745249859	-1.6920013115406631	2.1555832940609636	1.0774205279992373	1.0715334791215607	-1.0034512326732679	-0.9223179832010914	-0.7556173196556524	1.5502633928026532	-1.9098981680746354	-1.0921667109168678	0.4357563739088543	0.2136350685060503	-0.3912413694288784	0.02852105892665249	-0.2671355648580078	-0.23874397866904878	-0.5511987703380805	-0.024557105539229827	-0.09734675455230439	0.04871362384644747	0.9273267809089868	0.5566100736004835	0.6863210380809331	-0.09086910122676038	0.39633821814931164	-0.546806629939259	-0.3918238469073256	0.4128527997249959	0.09953466325403622	-0.25688857651136543	-0.23613769614050076	-0.27079755301664654	-0.32853647547768183	0.8943710799273825	-0.48657618633284044	0.3579545206681452	0.06225788729541912	-0.12497738437718874	-0.14204997788382587	-0.006910350370741927	0.1376177892064097	0.21410889225202506	0.16040423864560538	0.3099752085067239	0.48613721187607245	0.3596397114055409	0.21483360292061635
DTXSID4021216	7.9835578738634725	-6.397823946274962	-0.4685746824932727	1.6582420832002471	5.722755675848183	0.081818797582884	2.3208466919230433	2.4941776321846176	0.9082195281998879	-7.466126824808895	-2.8952186452799236	-3.905853441495248	3.288577334752119	8.736740334547077	0.08685273463333586	-2.597516658475315	0.12694684419088675	-3.2769650016966136	4.496852835571633	-0.4646757267044499	2.574745095140344	-0.9863019979273575	-0.19182664374044306	-1.07454258728384	0.7684124637859652	1.4741293939857039	1.8514520287619682	-0.5645877382583456	-0.7844513677245436	-0.6809140971398692	-0.04291570613793607	1.2463876098040938	-0.9397020517579625	0.6311333802524187	0.13025220118454287	-0.9947250806227673	-1.620335747516356	1.689558217521477	-0.46877265014758396	0.4805639379902823	2.6970747523767766	1.1040130529074326	-2.778270988554835	1.0218852958882154	1.4215059140681083	2.1519265834091934	-2.3457271230405983	1.5576555980956128	-0.9119058564123289	0.7363101250111864	1.3827591495732585	-0.8914336251262293	-2.5003638884257615	-1.0205273461034414	-2.198704605341366	1.8294566677999502	1.616081237121062	1.6434189914728514	-1.599242966132696	0.33506626769981834	-0.8844278684290644	-0.6553417275148045	-0.03539491745625054	1.2751570263651708	1.7589013813077814	1.213221391366349	-2.5065566637641674	0.751744904341628	-0.34531710514277314	-0.06562832277310689	0.0012147489788508037	0.6956410173559227	1.1423061343707015	0.2518724518885605	-0.17684954263348535	-1.0136599035380447	-0.28487145092312566	0.5608396499647605	1.3955705163424144	0.08630947568427674	-1.0574686519645273	2.558040323483483	0.7156797003558921	-0.5927311431451856	-0.7723349507646444	-0.03879210514994048	-0.2992527179957325	0.3934389130053811	0.2232399946469518	-0.294537179246342	0.5554286654210385	-0.2988491631862462	0.6546502060464227	-0.36147133046665186	0.3712403222740099	0.3606526650049973	0.3626863197179712	-0.20821288654145687	0.40833291746594685	1.1625460449370824
DTXSID7025342	-8.870101057785517	1.0299001520840259	-1.4907340569021146	0.8415729905176589	-1.956218661523929	-2.780135525899081	-0.19968344271235283	-0.8727190526899286	0.264161204020201	-0.32997221023832835	-1.626479109797028	3.814452563537944	0.23381067343052162	2.051262607549068	5.776423975962652	3.7810589619358317	-4.419236810155621	-0.7007399663345821	-2.2944338284082852	-2.630260115846712	1.4992937677650549	1.6378200368635365	3.0043569670198815	-4.827019148496866	-0.27409746580872846	-2.4425202637933205	0.04874108193384546	2.3969837040147133	0.4741169377731699	-0.5131207767696712	-0.15850563270459028	1.8911913116738008	-1.0520433434017094	1.6792140471578658	0.8566644833795258	1.1946907191255036	-2.078859355821288	-0.475242456307607	-1.2675921253551092	-1.1735069624731003	-0.055127295349754635	0.22535424747475608	0.43078274264579297	-1.3438851918910422	1.414084289237963	0.9253253767515376	-0.0893775863824349	-0.7791485789394824	-1.7267713972621104	0.24764522430583824	2.193628229631301	-1.2022907209784297	-1.4412160281974906	-0.24853517350942414	-2.196139209355865	-1.06347292482318	-0.45711566546297416	0.34843308453265465	0.5434888882350015	1.6182492293126485	0.045989165659940455	0.27308018780323334	-0.6545966648682481	0.07134136535763332	-0.035855219020531015	-0.2974133108393829	0.4538526420572438	-0.9753079920443977	0.49536221159600785	1.6785051037955274	0.04374797229025081	0.18717709634199772	0.6656855940217382	0.12141500646700348	0.5821794627654658	-0.06581727877846844	0.04701646370129594	-0.25779893654807134	0.8198179412415897	0.2315181433388157	-0.7318987370385039	0.1515667105245984	-0.8139934170851661	-0.06477248942552913	0.8452886534154392	-0.02848783859675882	0.5008927097609145	0.14839630976597135	0.06556592784595415	-0.38782847776140655	0.35375912626749856	0.03514882850872565	0.15392651553298473	0.21333841527783023	0.05579799136583673	0.011397665852833935	0.4325539311623013	-0.08046735037512823	0.11382893302904436	0.061151426275694844
DTXSID8020967	-7.482893962456226	3.031814114058066	-3.661990895364304	2.0618684032137513	-0.4388958311736464	-0.4388070771327495	1.4867319340494334	-0.5591123657332194	2.970044766049294	-0.08925366765124089	-1.192205332462038	-0.7783962844483746	0.25864812131511955	0.0780945336537119	0.684665621740342	0.3356491612578431	-0.15228781279004247	0.014335418940685544	-0.003775418574448083	0.3322581810689982	-0.25177887770225177	-0.024327928555358612	-0.4834024087028465	0.10063508659180193	-0.30719316981799033	0.05016133233914986	0.6187859930936408	0.4240287748746932	-0.6900179174831291	-0.09159642633541269	0.4298262119315664	0.29056245785216644	-0.015644639871903704	0.4997410610177736	-0.3152260832714874	0.2574501362132793	0.5590218601905537	0.5803735693521109	0.03342333356387249	-0.13635124637994933	-0.12045955480408947	0.12228855593266834	-0.29189069867499257	-0.07508358073177056	0.13981160443713286	-0.02470133913289924	-0.02705388718092477	0.2767740814487536	0.3191752379078284	-0.2762289645955054	-0.18773362745427852	-0.11097750235730651	-0.2723804701661399	0.09192048275660634	-0.8974565640330218	-0.3119254301628206	-0.40455276126897444	-0.6478430013548591	0.23142909299138678	-0.3842273043137029	0.7380798915234715	-0.5920085383282065	-0.4778185736337628	-0.35797314368291194	0.24289801948306855	-0.14331627007958175	-0.9161430066348998	0.2705789120743841	0.5930172742249968	-0.13333139451854512	-0.29619544521615737	-0.33359916895015024	-0.3204962208841963	0.1909375518674507	-0.028277088901445625	0.19796427938474104	0.07221685086825412	0.3799712837152726	-1.3020030183271933	0.28842038098775663	0.2784833588207624	-0.6952219326173528	0.6366475145085241	-0.04158035177438825	0.06943931515892082	-0.18803273849364854	-0.08290229443354726	0.3308511354987434	0.007049441431083291	-0.7194108188849989	0.23592890466612212	0.9894996144607623	-0.36335899745326894	0.2932062906646979	0.38830016996808225	-0.019054442125463783	-0.19635105594175561	-0.5998494520996411	-0.5092705925551468	-0.09062978074787795
DTXSID4035839	-1.836874542196095	0.29669133979373424	-6.716099163840791	0.3828738825484441	-4.962766102320849	3.7925552633408515	2.8523747513233237	-2.9123307809457075	-3.565134894273139	-0.5141596844867703	-1.0499762521382947	-1.7382523334238615	-0.5150881036266718	-0.3546570552202401	-0.7227173834850559	0.7897346045511994	-0.44386536699338447	-0.5561545426067143	0.985409038371108	0.4258577569003765	-0.5260826160028469	0.09080234259775426	-0.5544913066231196	-0.02088067365632133	-0.9185927187553536	-2.1908093363240084	-0.6590504495879224	-1.0612483324393795	1.1742598967921454	0.05749687023388004	0.984716381927485	-1.0678325072846293	-0.533282132794584	-0.012640676414718555	0.9356261251015866	0.6045704127312218	-1.4651052354172187	-0.1761494106728814	-0.29077147008874155	-0.41746597378744355	0.3393054864858828	-0.011956265886197632	1.0063618288419118	-0.9616410248755209	-0.46747881807851366	-0.5048123101995186	-1.8285735143715172	1.3191154040037962	-1.0972032676256478	-0.9280428810919931	2.090646408919263	0.7117341155713616	-0.3345335331233348	-0.9126231241363243	-0.17534585039886907	0.14054866497227844	-0.05088091084185414	-1.0491050036929934	-0.11417624818908921	0.28090476178638046	0.06575893814449858	-0.3245717550966341	-0.20866550422760757	-0.1736154636152536	-0.6736594670302083	-0.2271079150645765	-0.40860767648939833	1.222734561711955	0.31916272762426373	-0.23737390366549477	-0.6660572188879136	0.2837328150858103	0.6832966638278923	-0.8140176039118102	-1.587514472128909	-0.9605585080693103	-0.680109453481169	0.8338364836480895	0.3101010462522025	0.18884634027983693	0.8726538744769458	0.020203025481485122	-0.530930567275298	-0.3234472595918361	0.9720313417113549	0.042131379967772414	0.36233822792534087	0.05420953986203918	-0.38010367446530086	0.29443022477979125	0.5002061338678326	0.5779544867185052	0.48060354524083804	-0.07020557534600053	-0.19913706003215234	-0.22413510483227084	-0.2367148840046318	-0.0028312594906722863	0.3488853454023597	0.4256698697764026
DTXSID0046305	24.233828412532187	-11.521869839470272	2.0978261295233014	-0.7565164310092037	5.890877586442709	3.06298721897028	1.1098595005167708	3.9084766078760484	5.919357110103946	4.32071586915067	13.215041749302323	1.467170815464999	0.5461289960409663	1.1986123094459322	-0.6788911227233001	3.193089107939863	7.4709178188837875	-8.403270469867932	-0.19700635060861132	-4.594427244626603	2.818393348121118	-2.8138825563992613	6.876675770832358	-0.8504226945864283	3.8952990671428664	6.081901609684938	1.3593401242583634	0.6254908780515008	-3.1989602412688853	1.064035794234877	3.9397290013702633	1.6016131912321787	0.013352615669231153	-2.542362518916285	3.986532815805818	6.54378387898258	-3.778708626143847	-2.4045918374107074	0.24733355362241718	-2.464180829229655	-0.12522644612371647	2.159760629894862	3.3969133700753753	2.0992679722056136	0.6228020948307698	0.20974157510180347	0.8573202269522331	-4.5971248151880655	2.547460260540763	-3.6992128682794134	4.1118165889151514	-1.4295844218832738	-5.298283436641318	-1.9885702518807127	1.6677636203894866	0.44417915501455446	2.296870667645062	3.824316441941456	3.110465879545298	-6.980633865183718	1.276251515680645	-0.8404588410287613	1.1634375429097714	5.256054136318321	0.8505654634060245	-1.5117891883300882	-1.575949455508938	3.2265903898209167	-1.5528440412034503	-2.1838573295662482	-2.130739737696771	-0.5659286987046146	0.01976615118775733	2.2379438367051785	-0.3966634439718687	1.3268802762560012	-0.4650897780419952	4.194135270052779	-2.5952207707762738	-4.8327771815871134	4.394705444388873	0.6561846029327183	0.21397496076213118	-0.1910046791815422	3.0253355710631546	-1.0300042983318778	4.246740151007253	0.7471259757373434	3.2957690921179803	-2.0923373515272217	0.1886625219477035	1.400982027888764	0.949245699207137	0.054465757289373924	0.04631970482362688	-0.9128149284123457	2.0473326095838003	2.5225077549552606	-0.4152319212256968	0.011891805235398584
DTXSID1049356	1.0561111700487507	-1.3151109479979912	-3.95753465789625	-1.841222149880108	-0.8050180148672503	-2.380685402316347	-0.42166549216211635	-0.9178984680655436	2.0741413071499633	-4.038706890048558	-2.24422277108923	2.931655403649933	-0.30871038172503995	-3.30446309277226	-0.1468084902662763	-1.4623306914522498	-1.3120200680834682	-0.618715554047303	1.0331287823114117	3.345151875817561	-0.9229066621001201	1.2806071598878404	-1.8024068526233938	-1.2330699692927791	0.433506076646244	1.7559943224292616	-0.6973427552468962	-2.061721084650436	0.6655101188484824	0.9573604199338255	-1.0313502234587755	2.593755714120391	1.0428133546873728	4.804366040835238	1.7142954755930595	-1.4136485467221165	-4.376969343932494	6.8760050991274175	-0.04358239178106723	-3.161820746183419	-5.405296383501913	4.993429390793092	5.863691232746047	8.1927166477813	-0.3919284046815293	-4.480816962487821	-1.5519222467056377	-2.7311835198071637	1.5145518358949246	-1.822388586089737	-1.6135861946778254	1.3288980754087596	0.7232611939753716	-0.686692248452134	-1.7047744759136185	-0.895813993848675	-0.9019977180634274	-1.1098276679712227	1.0201790079310131	1.5883039741613854	-1.1068343799142168	1.3708258276791363	0.35850806610464625	-1.0052042489368527	0.9047632444847759	1.1466616053944265	-0.4018532200661535	2.531019538894372	-0.5213968994200786	1.970897065157638	-1.484585550261554	-0.5721214110065158	-0.17818719224187385	-1.357577499773784	-0.7685577382035679	1.041199718545974	-0.8584576026009882	-0.6305718344411296	1.728537306165792	0.38175148246314755	0.09986486601015644	1.43865456597506	-0.6336818469973284	0.3339778137948915	-1.5003794926839353	-0.18648644067718956	-1.4047328242370902	-0.48109421514102463	-1.5536333193959042	0.23494682658827692	-0.8617008096685022	-0.8599394126652843	0.5181901313323796	-1.3749728732369073	1.5713487867459721	1.193154776792646	-0.15193342399753662	1.3046476179094537	-0.8372621258145794	-0.1652693450660113
DTXSID9025245	0.2826856747846076	5.340794085729008	-1.5400616522945827	-4.580019030467558	6.655584269933665	0.5752362424254058	3.3920935835693014	-1.9395207345282457	0.04204309804158764	-0.675652894718181	-3.1633989556446505	2.279854445734024	-2.3859156645244157	-1.2428811272753832	-1.1574546203795104	4.192201790297816	1.4508999197324384	-0.32296823636200356	2.6409042594508025	2.9217757669903364	-1.1835506814873105	3.3635710544190176	0.7872997035353891	-2.062073326171628	0.9083218219904388	0.20101713146386563	-4.3950744915997335	-1.2201486336415053	0.9325248490605945	1.0121403799382687	-0.4098069581324017	-2.318916299619953	-0.2552397186491052	0.44178655645266646	-0.7825616413834615	-1.798203258776737	-0.15175840673125668	-4.043716381456336	-4.525679513893995	9.191158663941764	2.866281015778787	3.3618751940985314	1.7587592697616576	-1.2961874347290043	0.9516998717526706	-5.600795603698455	7.094366865902208	1.4410312648548378	5.931493761692137	0.03094161653747375	3.130343586758321	-0.35547711198046505	-3.5930233951984647	0.3608747909654562	-1.90239937552797	-0.32099736584513294	-0.6303892615496348	0.1704560848046581	1.7328482095120916	-1.4072176635443951	-0.9421814498990768	0.3806200463825088	1.2221501341021177	0.3981223486698997	1.506257709850924	0.9377550287115758	-0.5483865570422536	1.2835179506729835	-0.882444632388925	0.8470512943366321	-0.6085198018143162	-1.3937320156294881	-0.5490171605310167	-1.564141221520576	-0.005978546112585782	-0.5230305074857262	0.446410075983758	-0.2580476802691667	0.7221924913490613	0.8828507182334843	0.45218581238859773	-0.7473928346665634	-0.23156950840414614	0.1271194643998091	1.057362929454595	0.801908117804871	0.5457827630962261	-0.48372696415772626	-0.1794965432656449	0.4163174512484403	-0.4563845185296343	-0.7595917444940504	-0.4330294326982131	-0.39108499301584754	-0.1740321451456514	0.3820195752379197	-0.5003898747979881	-0.628386933785347	-0.7203585438468237	-0.30085154243073853
DTXSID8047262	11.54114942469746	-0.5921717458944401	2.6680272739016933	-0.4053459281699954	2.4543897574272466	2.047235803034662	-0.44222625117040804	1.7457185265784578	1.2474449921046402	-0.5448364740755685	0.18612296758024127	1.1192236907858097	-0.848384719282434	1.0726523211519854	-1.697670734359192	-0.3295087389094761	-2.6902340201416384	2.408605560583606	-1.7447095664615122	-1.0381692659708333	-3.0660967963853007	3.1133669623380724	-1.7062238863783206	1.7384181058582764	1.2726949083756969	0.8292012463446806	-3.194998148164176	-1.3608821794619304	1.6713982538891188	-0.24713511016030976	-1.4561562890850959	-5.096716928022251	-0.9119209607295593	-2.443688869705914	1.546169491790513	-2.5905227456206896	-0.3352804987797462	-0.8024066845712259	3.99218399337918	0.5634279851252858	-3.499923489842344	-0.4058587352768083	-1.0031400136490969	1.7546346566997655	1.6120174237016145	5.118840637329152	0.7259031081192014	-2.1418679887232126	1.5832299302696358	2.0361044677744387	-0.08693781828143567	-1.431894014103332	-1.100857553085983	-0.3866336942358582	-0.8769105666329806	-3.208296297412173	1.7790417107536782	-1.5095317755384392	-0.29559668130454964	2.27822000558596	-0.7958537510432144	-1.4370110388044397	1.2028000790434141	-1.828534590081035	0.05633923854228779	0.5315302165304551	0.1544811108873653	0.030480990656789938	-0.42301614660227577	0.12616871059841125	-0.28490111081787195	-2.062610339535371	-0.20783197216004978	0.7104927860726313	-1.6127182634556787	0.36057553338768433	0.22618236213037018	-0.9895190599208338	-2.2955434944642423	-1.700270928977998	-0.9310026290504738	-0.892474057744888	0.9893560118574576	0.11417164205226786	0.6898028603417464	-1.1653377338779696	-0.5589821985501028	-0.30275445949126206	1.2137515310321512	-0.5820967976619584	0.3789902003252679	1.5742815631652836	0.5880447985305353	0.10214747272300068	0.28853518140444895	0.06969641284856092	1.7147236845273666	0.6511198252009182	0.2189726385787568	-0.4610464297436695
DTXSID7027174	-4.920043874433725	3.4246140489497603	1.1618788813004783	0.6364469211664098	-1.1076267376665612	-0.16787524039148555	0.32782572287555184	-0.2811644157493053	0.19972409233553923	-0.5482290705182317	-0.6234441343825546	0.654223676560264	1.3983174976370305	-0.09717339524406902	-0.13664433606791654	-0.6860619046461798	-0.16737247829017907	0.37407220330118	0.375256196284367	-0.4955143601207712	-0.7409576680511443	1.673029756624728	0.15129469137932802	0.8885559457798201	-0.19916046826478062	0.18322833988324672	-0.8975615262980086	-0.8340039479534803	-0.4507522987933017	-0.12515501699062634	0.4363739170202849	-0.28066355864999604	-0.04486779414711931	-0.5367488043084266	-0.08443316703100985	0.04234535499734889	-0.056468756621756905	1.0914344538770049	-0.37841547741495546	-0.3097398617826533	0.034924941635263024	-1.086635989356622	-0.5921017624378132	0.23209421464462043	0.38507163367817754	0.3794430493035356	-0.7908592139959156	0.02679864623911907	0.8668813787604392	-0.18288608365060338	-0.4793519337905826	-0.7282972834378942	-0.2730566203104061	0.3149136541061118	-0.3597167594013183	0.257310575109207	-0.013111569922888689	0.3131776305550323	0.7229752367587465	0.2864700999506451	0.20165113976224253	0.05561593766956792	0.29441625816851913	0.4412906650244142	0.3398721436672436	0.35961649478533575	0.4160745979363012	-0.7641171563657078	0.7302613374643572	0.7096522117689396	0.4893212435746542	-1.294743822895801	0.09834011228652827	-0.5806918350220547	-0.6452086887491669	0.14314869143859354	0.8344864566132952	-1.1076646158250225	-0.7249565402471112	0.09933780750160599	0.429840295577406	-0.23352454712128512	0.734990469157621	-0.4246397149875518	0.6195928312573883	0.03181651319289916	0.2606794522764423	0.34309669472886994	0.11838833531355564	0.03209837493993574	0.2536647307071689	0.5867307859049145	0.02493640273572398	0.19852661607773114	0.08065039891613236	0.32153039215918566	0.0858290599320232	0.46094962798758793	0.2088291879902177	0.05220709653045869
DTXSID2027258	-8.125956519499402	2.805217858525294	-3.6416950613318364	2.048001748203637	-0.5466784758146995	0.35686609861336305	1.220046260876159	-1.500914915877997	0.9467889559341361	-0.14626536458840975	0.780534823505776	0.2758529482002579	1.0439795893295019	0.45535776680202256	0.18964601205908213	-0.7074580161535482	-0.5583701616155282	0.3499690322287674	0.34637235902763963	0.11439647047202682	-0.5718870119727852	0.2317736014995228	0.17686033795685455	-0.4455240708161861	0.12411857437090791	-0.11111922225966327	0.5266758389102664	-0.40772722421482227	0.1583617763931241	-0.11703068871684844	0.8011722179410881	0.00238614195934773	0.03411855694450754	0.1668417704222181	0.2531087699575147	-0.09601009707208154	0.9665768073343514	0.5157779938942312	-0.41674327098277736	-0.4187384177793116	0.32344854004525686	0.25211697211288164	0.05238441935193665	-0.09487444379205971	0.5305304184742696	-0.15707488860814975	0.0005953972315316482	0.15176669454373395	0.41730209488552594	-0.397341896763008	-0.502995710628758	-0.6099494088582135	0.6162839273302376	-0.7612667667688876	-0.16807023721526548	0.020965835146286072	-0.24376037349765847	0.09569087046373001	-0.5777610735426234	0.32486910158108995	-0.3202322553437006	0.4998032809484066	-0.5645875738658985	0.3187496497697803	-0.3934506423631416	-0.8930754583167364	-0.16377634895618443	0.3409772473639461	0.26942986037167765	0.8303379370944198	-0.7745536913964306	-0.35242436461078736	0.44249597619773773	-0.3605470860358783	-0.29711456638804046	0.5567227555728674	0.3048203795976104	0.6611719828010341	-0.14726422687883506	-0.129846366273754	-0.010641773563140331	-0.04767563373039123	0.03486643169054753	0.27784185991580435	-0.20704396507969394	-0.3096576597847936	0.4017951269027167	0.4069752281318171	-0.8933227682596782	0.19396740259160417	-0.41982271194829135	0.5381840454509395	-0.6770102710749393	-0.002533465219735112	0.42228290470896057	0.5986788340969473	0.08007037683044148	0.0008826798839740011	-0.29302684689493325	0.2370220732646721
DTXSID0041224	-4.608145001333209	3.5975695579083453	-3.1285247971109533	4.318165101407755	1.5552963719569342	-2.0924030269481233	0.1468529270559073	1.3690010074278225	-0.6626763009257473	-0.650970478879314	-1.3564870257494848	2.0282539480585955	1.5709743746217713	0.0451490476695879	-1.6799585836834534	1.2956272804324618	1.6271661575523788	0.23686635062589867	-0.7270822881346581	-2.06990181016362	-1.1801896536574148	2.4707429026817076	1.006187019993799	1.5163616382664311	-0.8729540110205803	0.5334967339283487	-2.4435255252672943	-1.171139668628282	-0.8450629776048544	0.2251260576445834	1.577397111347235	-1.1538889836457429	0.3816540903589756	-0.32220996391196066	0.6839673376349069	0.4968128054394016	-0.1432732919320596	0.9998751152698586	-0.11730439194712029	-1.8166941746451308	0.8173861143569275	-0.9962078767135634	-0.5693452870286513	-0.6538231405012416	0.546208037858752	0.931109359275154	-1.8102189456860474	1.2617936910117975	1.6546718657109358	-0.2929373874616201	-0.960033898644308	-0.941314893798853	-0.5638465151258404	-0.9396764454993315	-1.4409304392417037	-0.9901019395029518	-1.1360972123776814	0.5252641929149604	1.1416656314163256	1.0487862063319056	-0.23569251360609314	-0.6168406663819653	0.6494765440963368	-0.632966856546872	1.9246250765631672	1.3233087831292594	1.046607162364928	-0.6551963507286211	1.6157775359867395	1.77226213605806	-1.151654019217645	-1.8461142217987885	1.1677756837126738	-0.5435086343299274	-1.3130293253426142	0.7996135158981088	0.8296314374105592	-1.4348333432286944	-0.8426765908890352	-0.3221983570823762	-0.5319122956166965	-0.7808163718510897	0.720414168573738	0.08570247335596723	-0.18526677581910925	-0.5869071770246079	-1.0434197156581175	0.2586909468978937	0.08384677531243681	-0.043985364246476415	1.5397890568105477	1.846327341648266	1.2231041322021219	0.3743218399310823	-0.37183877256632164	1.183941815122937	-0.3481561254166277	-0.10625306075583943	0.10265682169444508	0.6095757839364991
DTXSID2027204	-9.926284696031203	2.506035242366933	-3.6895820111872255	1.230563716312855	-0.775960341992709	-0.7524571400463015	0.9389539438677851	0.07955288133438114	-0.31573792523281774	0.1422452681542941	0.5398663598249548	-0.19119944745219383	2.7283665982300778	0.2928664285063824	1.2973456912591081	-0.30474465648996407	-1.2403499774239937	-0.7600848428269213	0.059545470348484474	1.8449962951076802	1.796151919264341	0.6823055430781151	0.7098157249105723	1.6620355741867832	0.3577829165009046	0.729533904841205	-0.378937796692847	-1.100666924861576	-0.5945932915133681	0.31511994554161893	0.01342104119440457	0.40307389780283004	0.2545400202817139	0.08005913853746242	-0.10302578961981954	-0.02169113955348567	-0.10590144303219719	0.42386781474960816	-0.4472555855268069	0.09357907558472432	-0.07053222430122416	-0.11060250581138464	0.07493728494672627	-0.11262654347920095	0.3510074106633758	0.35550199667788146	-0.4343709737962243	0.4352074203059405	-0.5725293796402319	-0.9914298386137871	0.5889205055898628	-0.39773636927391376	0.553478865351841	-0.44424373393576955	0.2746178036552997	0.16693111900907392	-0.6096995771180291	-0.28120561135205985	0.09553608396974544	0.9682883632427685	-0.5009578605543901	-0.5613346068725699	0.2292472932173615	0.2855306400245364	0.5228305949378977	-0.5707182100014553	-1.1719758556170652	0.16611995101440974	0.02596108057971496	-0.28896308939702925	-1.1571600776915276	-0.11558518687123312	-0.1404154369022099	0.648442448249196	0.7484965269581593	-1.0930765578755008	0.5369692893641207	-0.3655525306917681	-0.6993276290593826	-1.3714315465228464	0.6988455483365156	-0.42305370900323985	0.21408263297539698	1.3901623897016848	0.34672504334389426	-0.4415003577688033	0.8467981923974713	0.3349958583466354	-0.5611333985106326	0.4388063482814551	-0.12654700238533387	0.5190725603645606	-0.4393361884638206	0.2269848255502853	0.6631466938100395	1.4340559799526167	0.32999519875485966	0.5986183622359199	-0.5496646172112758	-0.4199551315107075
DTXSID4046523	-4.738525871831266	0.07013630000348489	0.031051552175697075	3.951275552510302	0.6363011552918751	-1.0833598184989812	-0.29427597473258255	-1.3519278927068987	-0.8205678375917407	-3.2830056063652786	-1.9007085366276524	-1.187086562300919	2.4117068772839887	4.200781441359426	-1.262674457642751	-0.7914843309831445	-0.6095972583059278	-0.08613304933578464	2.6393352249604476	0.1636001824632733	0.32897269331703805	1.1039129225734847	1.5320575847965858	-0.25647224806046093	-1.2501513590351585	0.8656828260724938	-1.4103969284699562	0.34131004396117953	0.06661041606114268	0.2725001380175331	0.8256098031862589	-0.6502889796462884	-0.7206881866553363	0.354049945642728	0.07380477506372549	1.1226667233684018	-0.051437771890043976	1.4477022172661442	-0.047550043107335495	-0.7169377990559412	0.6154647845361411	0.4734468258794703	-0.7868867865194377	-0.7622127045360032	0.45693753728086994	0.33061652835316385	-0.21608286072312188	0.07934869244511804	0.5121552386665785	-0.2302335349237017	-0.8997112403948387	-0.06487695342416824	0.012615881176048447	-0.767175561950468	-0.9447106459253691	0.005415002727288096	-0.11057639846868814	0.44477812630957425	-0.2117928199086324	0.353957065478774	-0.12963911010075257	-0.6539899701619981	-0.020017515100507432	1.2001953517175719	-0.6111378783652817	0.6346398632983444	0.07701743131925265	-0.1625167682516579	1.2287331571355782	-0.1973209192989828	-0.34118060865118977	-0.5402991852982351	0.5547275988027679	0.18187520494356288	-0.945684754052534	0.30328237171714817	1.0796853316272776	-0.8925360668102931	0.21719705768306274	-0.39533181297131476	-0.7903954807180471	0.06854689455794603	0.6661558988688537	-0.42619174187116293	-0.8263542525778358	-0.23045156806621236	-0.07765386195978245	0.30778542473473536	0.16956857236028128	0.4586681890828594	0.5082705189531901	0.07099239061933456	0.43821077228991295	0.06898453254934363	0.15395433795938962	0.3879428409754419	-0.08432380571299264	0.41433496155514804	0.5310867492170716	0.29990318637191976
DTXSID8029157	-3.240969346240565	2.3927951949956827	0.8012615833428924	-1.652240629087593	1.674642417269172	1.5949804378895145	0.7701827690448427	-2.5807789706951123	1.1131118958897448	-1.1155308116085887	-0.8836980975662322	0.43473411669282164	1.5960203290084907	0.39170958725287425	0.7347648911081649	-0.009919523653766344	-0.4302354091078283	1.6952243208158	0.7202259237612656	0.10915714236418197	-0.22450601872366363	0.8667356760144783	-2.459880649419543	-0.2820066306535295	2.1218947275035904	-0.213942002061006	-0.4270201172426563	1.2723878773211097	-1.0661906078000354	3.1778383952287026	1.6855660963059371	2.6152337010703146	2.117986348798833	-3.0802776663274454	0.3054691855533768	-2.6057494448073077	0.6382632493742569	-2.995515472936081	-4.267505945501141	-1.812943085801191	-2.024982248088164	2.964083432008858	1.7968949004714858	-3.1484804680750003	-2.2082044710131505	3.07345130220258	-3.586614800665444	-1.8229384991456397	1.9668482860609247	2.2161530199208497	-0.930658381283628	1.1132892220383044	-0.003513486132820169	2.5746538907913705	-0.7693172265866237	1.135816858425798	1.0873255274701747	-1.3985309181948056	-0.19783008606709834	-1.8749123240311953	-1.443009781381128	0.2751341159439938	0.6138196747834616	0.648833613807775	-0.2875226712854585	0.4821848419445505	0.23420545565182213	0.010888973364210146	-0.16368324102739334	-0.9808226031412889	-0.1577268058976832	-0.06101321140572468	-0.13251847762010086	0.1411308410593261	0.03459548217759594	-0.11427726143013402	0.75324682906647	-0.43074603257475674	-0.46398255050903103	0.2619263536521386	0.16645548634498808	-0.5637756496125074	0.007445008558256211	-0.32128523884767607	-0.40167721532343453	-0.2840045565675285	0.2584998472847325	0.104605268563221	0.6699533198278634	0.23371404779614627	-0.15287719833983313	-0.042786443631448116	0.07789583607824092	-0.2340628237691089	0.07473914037842794	0.07297188646352734	0.014907612076805203	0.33158600977337105	-0.20758170563102205	-0.0841087574456335
DTXSID9047592	-3.7258102965122477	-1.2119582787862682	6.06944857987866	0.017794272245615538	-0.2271106560030026	-0.1337983082287951	0.5353807296770658	-1.2453886469060174	-1.0476922985161916	0.7960628861069199	-0.8822407989860701	-0.5605848409585337	1.930782012083489	-1.4760970706153997	-0.03930650006905041	-0.7895948960436153	0.0668708642795153	-0.4892978481558727	-0.7398639789240222	0.39481367371687137	-0.282735930127616	0.05744107074361373	-0.12335604866032301	-0.5862509753318991	1.0666876849402824	-0.1607314131680726	-0.2853224136992312	0.349953223476464	-0.586069203916121	-0.31732951062501685	-0.23494497256311045	-0.3827032109188765	0.25400928846589366	-0.06681352182598049	-0.440098540723066	0.7553987608772992	0.5739170327819979	0.8967168435750277	-0.23342778581343165	-0.17287782105340518	0.048617093205666186	-0.4455083510684568	-0.2848066954399893	-1.3476217648771387	-0.2781005103760595	-0.3471002036309895	-0.5798450255448788	-0.3184323942345173	0.3183428105888991	0.3115549302938703	0.08574104483217036	-0.9035942367451877	-0.23432414499531654	0.1309910470982447	-0.19400866493992566	-0.22930067067461837	0.5046381451248451	-0.6175081330744384	-0.06423862328155831	-0.4991788334979295	0.6348056678162767	-0.9472255437063873	0.45715403169309804	0.3578389765234171	-0.06142560776093893	0.435886475922937	0.06591918184634246	-0.07954279064173128	-0.11110146996826323	0.1481401528339215	0.034033794745000526	-0.09216372228391904	0.0659551007861871	-0.3147240536287152	0.20528782439996182	-0.21772219966928552	0.35316394524399825	0.02700373170602391	-0.09279347926853695	-0.04316889878315482	-0.03294775967501507	0.16384849472791477	-0.5377011582903249	-0.14720072538480236	0.3276334562191296	-0.13457798765541107	-0.14986329201607962	0.1788251631447016	-0.5120246010199803	-0.904128078868294	-0.03324970272036041	-0.1054669946285922	0.21292165313588043	-0.530745436876965	0.21071464077230878	-0.5049108322706011	-0.2042779118046114	0.06504782170548654	-0.03299831328939006	-0.18365487485080714
DTXSID2025185	-7.64627598795647	3.43934565010578	-2.380913245717867	0.42101551435724105	2.4685376987562493	0.3999475242568158	0.8022206194929644	0.26529979297047407	-0.7245528001670248	-0.7671194362275428	-0.6850766131766631	1.0575836581428306	0.39976963731102366	-0.9345006414645786	0.12260613716348187	-0.1712083768000574	-0.1806604907686994	0.13623858995489072	0.18823889012637088	0.26408610161309254	-0.3681591646748978	-0.5231243625915513	0.07230882441814536	-0.44750628462246067	-0.7584312717559114	0.4503241032937537	0.02665220818294011	-0.11048402482408758	-0.2736459530293164	-0.2234575571520178	0.43680123214592786	0.08957947192616932	-0.28768774886084175	0.3715542464487835	0.1966514038673506	0.21393423351488625	0.196479627884882	-0.14588312724826513	0.21245431153825567	-0.4025924724849475	0.33857635281553206	0.07587067920572355	-0.22481117599577338	-0.23543915485811845	0.6289334507813575	-0.38581469927207873	-0.13917872083327323	0.3117866375996662	-0.10838852182983585	0.038349125235214714	-0.06205419579641089	0.0240567286753016	-0.20835261645800596	-0.3189628961441903	-0.19697680199476533	-0.2884919406302145	-0.12031030583174077	-0.1703305432442777	-0.5131040507978339	-0.20941965125343165	-0.5472150185847009	0.42092156485449034	-0.34365899572119263	0.010797818209571554	0.5954291854382754	-0.5389013523586694	0.646213534723841	0.431657046488968	0.14111724499462433	0.7926139757427203	-0.1422804733545741	0.4019039922565032	-0.1955439399730107	-0.09492540769182335	0.7607117520967611	0.1228609255919924	-0.11097056600942463	-0.3229255407971304	-0.3250855448177896	-0.1312055529715146	0.42449900080269237	0.24085622791199476	0.528030622008067	0.02536278328368345	-0.533409004183201	-0.34478596975676445	-0.12135614516985668	0.43637058412134133	-0.47139492730952	-0.2089737804359231	0.09166490140238862	0.02464789159583288	-0.4351073385742724	0.26115793361076334	-0.9555552289237319	-0.08486945136662886	0.11539573284034102	-0.31071222920170904	0.03267665300291153	0.3293084415746251
DTXSID0027270	-1.0894316814102176	5.19230579408643	-1.5277785294054358	-2.4364951055228765	8.894808838351647	0.42476924545127626	0.5569756074210723	-1.6030764828642499	-0.6576155503851686	-1.0820848746386222	-4.025118709571951	2.631731379840163	-2.157882877523406	-1.588888745366768	-0.8695386241840156	3.158429968131003	2.7674875895247237	1.8589654072142434	0.016020794651340885	-0.7563987547227876	0.943316049403311	0.6967773757929498	-0.3236096343000389	-0.5754956301576508	1.1411413480359927	-0.09415323773524595	-2.725148473247425	1.3068518742845547	-0.7772514189601173	0.40078764289464863	0.18856254880969553	-2.0559910591012747	0.9553290315474848	-0.613069556206691	0.7102649890175439	1.3093744323340846	-0.7811694836287219	-0.043235682314156594	-0.5297286161104611	0.17208576860016525	0.4893898897798542	-0.06771347295566121	-1.1707036352199587	0.6009111751838	-0.8567282171733068	-0.549889724885031	0.5192092964268981	0.1588123828125297	0.2604879892686401	-0.9615583852515873	-0.12872811536478584	0.11966005589784506	-0.3530522619779559	0.6028176238180564	-0.21595805871917706	-0.08156173206413136	-0.9174632084392813	0.4192256170895684	-0.21869531809543338	0.4992608804630451	0.18817040722242664	0.04291881643802156	0.12566372740696657	-0.5133431648170697	0.84268545853807	-0.18618161452799978	-0.2870663282747916	0.3056776311991049	-0.2772546712613873	-0.5251084205357408	0.0986878349199605	-0.24122795583639833	0.05657946393379249	0.1383389996722912	-0.9886977923003757	0.4899550585725936	0.2894704160222376	-0.04174878181504231	-0.22551126825876888	0.10537851176202388	-0.5828221351635448	0.10582529314411995	-0.37741034128452466	0.001011918127473902	0.2231017746913284	0.1591330925093127	-0.24773244159129076	-0.11139950901819896	0.18244151070597595	0.11662699425766045	0.204870011141616	-0.04423152890772217	0.17035027183815657	-0.16779447429912595	0.2547522945283542	0.14535122898969682	-0.05473327369533349	0.1539817152212715	-0.08114050990823772	0.10156648894945984
DTXSID8044830	-4.129272040378891	1.9512445123797186	-0.04707673311881923	2.2538393299311905	-0.8981856016698677	-0.14308492292775504	0.14177195138392978	-1.7559042202566897	0.18302984572395414	-0.5462639853269713	-0.3655126780051862	0.5984848563814361	2.8988293751102647	0.18722414797931206	-1.321063240527217	0.2883539634651508	0.4364767000404988	1.2282781883613796	-0.813470667099194	-0.9159312139713257	-0.6419094463448025	0.2567645070588309	0.03637973303589755	0.00872043028395073	0.08949989299148486	0.6292842566535849	0.12505831014885688	0.7405005646171432	0.26572900414343625	0.4813154429567753	0.26981054426398104	-0.13116794505801613	-0.09127563174629733	0.6709230756852985	0.44778264396079764	0.20277378041369276	0.5020643211269928	0.20927064850269675	-0.3187227622595184	0.9284566248268789	0.45703499999106706	0.4709600434850514	-0.48778143984627	-0.16368754362491805	0.11671409330355423	0.05869865286749108	0.5764541312092947	-0.0230776784390838	-1.1319080023013086	-1.361608746114026	-0.688704824911873	0.7631325033826724	0.8501084900673899	-0.2403972478467983	-0.8444974942827115	-0.3377132766857257	0.29809961438154864	0.00744514395063133	-0.8614834869931493	0.05435893906477306	-0.6108948030877865	1.0854593168005742	0.7947931430117616	0.4409690799729857	-0.45717581844283117	-0.1841726830048471	-0.02571460496700293	0.39230040688869167	0.6741542086463097	-0.4929558177952166	0.1618069753013789	0.2742927501362676	0.49246020867720347	0.07703500679132484	0.15841161832218267	-0.04038782924133315	0.24532906978893498	-0.5421791165454025	0.2617944061949764	-0.16052060333431795	0.1337055356263274	-0.6738222916373934	0.3280022849595624	-0.6469215698262698	-0.12414489033338821	-0.6396126541837948	-0.24172872634432646	-0.26747132506091054	0.22784361226446098	-0.04841692766656037	-0.34204959135944757	-0.3937897234863755	-0.29502798539354913	0.2116547898667631	-0.14190351783687855	-0.16411390768792322	0.24328155535539617	-0.3174088491723511	-0.14305101373615112	0.03206623873021259
DTXSID1045168	9.010285095399452	-2.5516142681523517	-0.23930822586138967	1.7562363116612778	-2.3627496032568	-4.152997185468974	4.155957371394583	5.871896887335841	0.5931221974321595	-4.854705763195822	-2.779893901463454	1.2740575661379132	4.253977591587484	-2.3549442964933047	-3.9344538032490397	1.919859069037827	1.9939258605165906	0.4061767910664223	-0.25347735408540945	0.9839273711923341	-3.1495344039777438	4.007058244566857	0.45762674310439133	-1.184707443223365	0.3461143117841489	3.00201321475131	-3.672034192929688	-2.925405113075573	0.1596419459085005	1.1915290909532408	-2.144299416697877	0.31689306299502484	1.2149653723514082	3.6691802552181567	1.7808491961943558	-1.0129955286307708	-5.288927281651343	6.498892584787547	-0.08876488320751486	-5.6209423318256215	-4.679295974081658	3.8874948777017893	6.204222956104516	6.237790701878956	-1.4531638355521161	-3.1528797064758836	-2.621840335068581	-1.2220371841304425	2.3590032717996445	-1.5938576675962075	-1.553037256519313	1.1143270951593887	-0.27618545310643633	-0.973415492674402	-2.8186615055939184	-2.544823009950836	-1.803622481140779	-1.6225427740283753	3.862876587346843	2.7375264058342768	-2.0450491975196727	0.04636572183515307	0.35008116670489653	-1.5749647849972823	1.9850396186128543	2.6714797171787663	0.5317585478639366	-0.015580266378822248	0.8384001530225561	1.4749725427370752	-0.8476053811307123	0.6941175494257807	-0.5092258622516663	-2.45180761738837	-2.2353297349566192	0.8536424328605484	-0.36554543054556543	-0.6151513157200108	0.8530262075592868	-0.10634662495633115	-0.3383725130512557	0.19783542274417482	-0.2674757764079013	0.30348065576410965	-3.8062950896415457	-0.37114596190623994	-1.9282790352462869	0.18551246761397786	-0.7439329101729482	-0.1975237796983383	1.1533879216522294	0.654096597223157	-0.04339366990090902	-1.2394223869686165	0.7586490939879842	0.810847955890239	1.4913128223615677	1.043862431848264	0.5050597735518861	-0.4777383820993147
DTXSID9045635	2.418787875795626	-0.4239267062898613	2.0885829660477686	-4.13652862323111	1.16479765830651	1.425613301081131	3.327422255294856	0.7175541801810799	-0.7062872708887052	1.0907405962978791	-2.275291788992742	-0.5501632889735538	2.7390114688685387	0.5191872145912224	-0.038129430088746946	-0.27307822496075934	-0.32820665067091614	-2.0290522442952406	-0.058806767975290386	-0.7434177343888265	-0.819276135950456	-0.2907561683761678	0.915377020663355	0.6748894010420748	-1.1999240447344035	0.5177977255095577	0.9606216785174098	-1.929547147612315	-0.8777940376263322	0.7944737436802197	-0.08058364669777715	0.26098326252033005	-0.3496092859837314	0.916698856525579	0.5366743728575694	-2.1333209649240787	-0.15937345056265778	-0.031120816273498997	1.1767472583418885	0.42209992899429927	0.5605768961086554	-0.24443753342032357	-0.6470038074639328	-0.35025499836544954	1.5409728324022895	0.7621512398960518	-0.4465808430581514	0.919302694494793	-1.2229111241845656	-0.5574977002945299	0.7742044127065946	-0.7928262194515289	0.5825863701723085	2.3158508283429335	-0.11535700974887532	0.5968696143934087	-0.4737503790761481	0.9100865050497886	0.5813836810059455	-1.653953182086223	-0.7381679137427166	1.1174028146584563	-0.9365386449485704	-0.9845987869560932	1.8530676530011327	0.5737829826597447	0.1466222411540644	0.052637916331053504	-1.4664975413488632	-1.2892060322235892	0.5901726222484263	0.8364280338068515	-0.4579331815134478	0.27287038487401966	-0.9737314272866595	-0.7649565444579187	-0.03672321644063624	0.12188188630761203	1.1386238627606076	1.316908453005685	0.863728696755798	0.561956009269873	-0.45222273697874366	-0.7634319804549989	-0.10818424661493552	0.7036351620156628	0.6488711541713544	0.266708091242357	0.484256762496234	-0.2082107303017087	1.3675430200775252	-0.3030433123609944	0.4253841995039154	0.6076728283291394	-0.2520159119500673	-0.33282466943312894	-0.38447502333500894	-0.3719589261714262	-0.46867039443331665	0.16427651996420758
DTXSID1020805	-3.63526409618776	6.663962989141097	-0.7231955050891663	0.5355787704632057	-0.07487220233855438	-0.7476361793392428	-0.20507778451027475	0.32569434478651915	-0.31574534765103385	-0.3205673383210344	-0.5641324085603239	1.0066177267040477	0.04372181148266546	-0.11566695247770124	0.2357194408213941	-0.12684050036737815	0.18272574958387525	-0.04396068229108555	0.21202042025035261	-0.21217993257089526	-0.23257110025581265	0.4632856375291436	0.3600550654480166	0.5292818772752923	-1.5016633060754612	0.5264159447711922	-0.3226300409257645	-0.5934100815655712	-0.047253712919909735	-0.14032353047153634	0.5073079633257883	-0.45480946706381886	0.019531961703723077	-0.1800247358796548	0.4711553942316877	0.19724208411313018	0.1104753324217132	0.3659591195491822	0.11899158686138096	-0.7519850203571393	0.4334241579258649	-0.4565048907294855	-0.2576204839672971	0.069048406716244	0.4858044735226926	-0.20332241252781885	-0.7220465804714175	0.6670406964519344	0.805181300638186	0.2637979420962036	-0.6483761784320212	-0.6888521848211883	-0.3534058560317357	-0.45000387651560997	-0.35108667790620235	-0.5861517174763571	-0.2613917499850754	-0.7434244378119649	-0.10105033908881944	0.1835122519142649	-0.7356507052083604	-0.4371121650160108	-0.43731057654191513	0.01396350523171931	0.3153767561033541	0.4035933524742896	-0.27168561035478844	0.0787693108403239	0.28307327147253186	0.37930356452008523	-0.8571559069341553	-0.3722234903639801	0.4199025557405112	0.44749082282305547	-0.396804444659695	0.5600861034650245	0.41710702634298386	-0.12344492271287036	-0.26034440604394604	-0.27706679022518904	-0.7577590961549451	-0.8387306262799031	0.6400746637955523	0.15118179745819918	-0.5087482892948955	-0.379058299347851	0.05800071058107882	0.019082030284778072	-0.24830424086716085	0.35637520419479474	0.8248311505276086	0.42398375772374497	0.10785685489369624	-0.3725617722558015	-0.07261377371058435	0.5875657814850893	0.11026149342267091	-0.11958717932134279	-0.3032084730193683	0.021777548057446222
DTXSID7045813	1.361312906262121	-4.029675533579949	0.0398097447561748	-4.385937565821568	-6.436808265695704	-6.769579162322886	3.877229056353036	5.128445326404332	0.500785559098699	-4.892791182676386	-4.086222126059486	0.5270442536569172	2.293308713533754	0.04580576097834759	5.634361553397183	1.6164425873468509	-1.2161339062629593	5.518245892907407	1.640799221268129	-1.1420394896608617	-4.882386299264682	-4.814121074919643	2.189545015152779	-0.14676776544935802	11.928772569520333	0.0563936702059951	1.6854182475442216	0.14032894572679272	0.5620753441769619	0.15636810925269676	-3.2460711002230984	3.4243438507628645	-0.16552033582434	2.3422941960392882	2.286932364919331	-2.1358843442640727	-5.618516500892005	7.356690890608737	-1.884954338555494	-2.9157870760933715	-2.172133560380788	5.121526259777204	1.8370921633634814	12.16633511690021	-2.3965723018185714	-2.4721583721095843	-3.578320989049186	1.7123479472328411	2.7254953515245695	1.6568740353446438	2.2375157378425157	1.3223170781510747	-5.204241792219117	-4.053995468303374	-6.23569838189103	0.7508636426461666	-0.47230736070995427	0.45896815367074095	-1.0566204635389285	3.3640234703530205	-2.7970727646395743	1.473719194180001	-0.5272878197893349	-0.527970529025151	0.7335082974971805	2.691731182223559	-1.8493515233675475	1.5802346742253233	0.6840877777774892	2.536028208407572	-0.9798147031832909	1.1975684129195883	-1.505194655620384	-1.8721769273417397	0.8926350922045027	-0.6700377357962335	-1.1461050860892366	0.7186829047645659	2.423277548894941	0.26522902095380924	-0.49413131396651105	1.7715417701007	-0.05096908644157706	-0.9381849721267002	-3.0747885202052774	0.34086822127689465	-0.7955528496363068	1.8245144978930325	-2.3993268809559494	-0.36166310664232726	-0.7541259302673736	-0.007913164487323661	1.213985790841826	-0.6443415041930657	0.10848548906934337	-0.6778332705425636	1.1369610770773095	-0.3999435227062762	-1.2467257603031023	0.2685413162620131
DTXSID8045511	17.320662964792977	6.612566698040392	-3.879657099627576	4.537570443786005	-4.143849628733015	-2.089446958206314	-8.120201471524751	-3.578710609662851	1.3630680032005307	-1.0164746675633878	-0.20548213692173287	2.696898683858678	4.584070211809287	-2.0736042348966004	-4.310166712412364	1.1748209104208098	-0.7244320121618862	-3.1123988207833535	0.49395735056010587	-0.6660797275270174	-1.8987671346765067	-0.05230991572269073	-0.854483675965796	0.7147771963547195	2.9101791050061836	5.56899632675443	-0.21039382017625727	2.2726154970089394	1.3635204553343314	2.061585535218436	0.011697336595924675	-0.15971633513830932	-4.088400144264574	-1.1337771573364641	1.6315737250096396	6.732834327329448	-1.220465888383845	-2.5711268571200154	3.2551086075067075	-3.5543670762166255	-1.4236402854858023	-0.5402609628646847	2.696007169192486	-0.4806670555741057	4.928061123512029	-0.4296730380638539	0.47023600324901393	-4.778699479923116	6.256226753180428	3.191841829087576	6.504382924340067	-1.3114185791231052	0.28284624433015126	0.20274292568019137	0.8875926553683567	5.052105478125957	-2.735092154978079	4.441474866015608	-1.7629530897092	-3.7210923359181654	0.8750160284733498	-2.2381044151416543	0.6935238260182591	-2.220510390251258	0.5726665594957385	-0.8772889853389838	-1.0543668090902936	1.1330036855673506	-0.44303673952065453	-4.109914212133567	-0.44550188655552314	-1.1127601868699986	-1.0785748713043748	3.045075675211187	1.7024630282321385	3.426132640050281	-5.653346624094511	5.39754725734415	0.7194963178011853	-2.1727104024359387	3.784170941039167	5.645515065695776	0.8144632962835792	1.553888887231093	-0.23070280797246814	1.2043424039145583	5.718782028594102	0.852000309027483	2.178851122572152	-0.7891363261374224	-1.2431734126509977	1.0383123529281215	0.7094554835394721	-1.3355073242949869	0.3913959117106917	-1.9796667087589181	1.0889650051023059	1.4062265240221938	-1.070500234514836	-0.8166486940386342
DTXSID4044826	-4.631538648829929	4.907432481045586	-2.0942560561351287	-0.851420256800424	2.136539998831048	0.676463455743349	0.9031750573813163	-1.8999367089391976	0.5992015385830062	-1.1339790984219762	-0.13707720503632254	1.041098506627881	0.3669442974455784	0.39449259119606167	1.109793298780316	0.16767954338785612	-0.5038396443022334	1.6289400713256177	0.5843561509860247	0.6840248866792878	-0.04491636892988832	0.2669424287924076	-2.237123244692971	-0.13749327864029431	0.6205803738761216	-0.5540232929398377	0.3140071276920699	0.7796911246043816	-0.9549730570796173	2.7529524876311244	2.2877970391274456	2.144184717578564	1.412332297019081	-2.4282103928134844	0.5478363981125581	-2.327906862594339	0.4943640672633852	-3.5648468227635504	-3.679285340722329	-1.8168254215232313	-2.0520088067761213	2.9429187131640564	1.8530529099426853	-2.7332670514176747	-1.7599424295129507	2.852189907215971	-3.909873839910499	-1.2899059105794863	1.984392706635349	1.8383675174027403	-1.0920646860579029	2.4453501810920537	0.20178182307570616	2.2787045601273213	-1.2957106470594015	1.2373766994602968	1.0976591383844394	-1.8622972824640605	-0.2780100485600413	-2.4636637512290847	-2.834271402420241	0.06831049305231758	0.40735419184938143	0.9688477211895298	0.37146095803402934	0.9799377126468202	0.3578040975564063	0.2562955334766469	-0.3958530982100893	-0.4493329488156328	-0.4635044221607859	-0.7827466807253484	0.5042416009428332	0.8314508880912901	-0.26045239257112196	-0.20438621238145438	0.20675536008921863	-0.27602163240010585	0.3196105772149183	-0.2415385859353553	-0.75311784755686	-0.28315073281967634	0.5975828759784452	-0.46022985065244487	-0.7854901833551344	-0.2568992401783577	0.7184656857299747	0.3163894903415355	-0.2537655397493335	0.9020230453671312	0.2479498274152571	-0.4759764424639525	0.2720054490559951	-0.45424895544648003	-0.2869010787527512	0.06628806246692126	-0.09912053335310969	-0.035021141243094696	-0.04012243893155327	-0.048873113429756705
DTXSID5023746	16.78627870354388	-5.876524648211676	1.5808356459558732	-1.435689695651468	-1.279137177938835	5.326383345560295	0.1435288699513661	1.5623923579513515	2.0283121349134	-3.919781031401244	0.4402420999910188	-2.9131543810947016	-3.223042409429752	-5.509172831110463	-0.6547091297520425	-5.589807363293276	-0.8865462110953362	4.117858069245171	0.44427210522388	-1.9697019575555514	2.696807948988143	5.783649955264994	2.73200089761669	-1.039049980935369	4.85824143738265	-1.0272024836065592	0.14507105201364448	-1.0776071379598104	-1.4310464501398013	-1.3311370679605974	1.2593838574974807	2.5776699238507406	-0.6634010806094442	0.4751088068636199	0.9761767145170032	0.8791162575340263	0.7143914257098115	-1.1208063775713553	0.17567032879282538	1.4532524486822398	-0.2128584599334807	0.935668216601408	0.02024373607995803	0.3200244542769824	-0.6574879184319998	-0.7767554124394739	-0.6992698781072271	-1.4093082746328682	-1.5022218878995972	-0.03578465587067254	1.2205590210807822	-0.3958517330541247	-0.49145696905881475	1.0289584712931787	0.4133001040095059	-0.03918400167446906	0.8299948673135894	1.287263285725677	-2.032604613224971	-0.5684020251109261	2.11616429106282	1.9653186014359498	-1.6973390530682022	2.107824431916363	0.9796030428056647	-1.315643671645079	0.7832103195075526	-1.64979439810547	2.41374647190126	1.6842716098034376	-1.5394914546942753	-2.9545922315886606	-3.9036232045900285	3.7025037322067442	-2.737660119425171	-1.9920220831396234	2.795727203807939	4.644208093450467	1.6347544918016474	-0.5465583831099166	1.3026540341706003	1.0453436603624136	-1.1569684107530085	4.487552116682993	-2.5091410419196585	-5.603832534892443	-0.448709846967337	-2.534522228220001	1.0968563076381297	-1.049944843652312	0.8021045505947552	0.06469635465677119	-1.0594367263824378	-2.0884643655494504	0.95152009647208	0.7013833867266738	-0.27372883129141734	-1.9374941735269948	0.28377541435760273	0.3137433391792215
DTXSID1045376	-2.0430687879638953	-0.2928993283894289	-4.959539754725646	3.180411657191211	-0.6304047568332065	-0.2747777936097256	1.4346951651271949	4.260606866350482	-1.5033613737001075	0.8110502927726775	0.7690090349727587	0.2716956150914193	-0.22110160450279262	2.342087292569698	2.745665979644159	3.399765862987626	-2.8586456190776395	-1.9337664898232314	-1.127017485613126	-1.604250796758495	-2.307618919884115	0.5214184577447702	4.373371185753229	-3.9198265092359663	-0.6828225018898461	3.4733131402398167	1.9521877066006927	-1.3072686982444375	-0.8403435348060466	1.8542176171031584	2.7339765615946368	-0.3786426039696657	0.09013216994260934	2.6185779834109075	3.291427167805286	1.9298900602817581	-0.9885349542833417	0.967162508282566	-0.3096600024221008	1.9822048883722805	-3.4434524092916483	-2.261605663706616	0.13777686586878019	-2.5798799155155647	-5.007448281399251	-0.958275524934766	1.254199636741078	1.6390371998647004	-0.879321865049653	3.986984208516315	1.3711854715696838	0.6186087373416356	0.9575916480664076	3.255418228033767	-3.2547082131325658	-0.08740718035958747	-1.481951484425182	-0.8375284625367795	-0.2708007159162356	2.2802865306861584	-0.5685357257570304	0.010151783450398905	-0.5272184344257924	-1.1408402387043228	-0.3508317664418531	-2.304247824421188	0.7246841038672043	-1.1581817926462263	0.38500240160726	3.3056007975077324	1.476825381556339	0.9640185718615351	-1.3932927516086155	-1.05048221036812	0.3971785282934438	2.590263119594581	-0.9184824308229042	-0.6828046839267002	-1.4743243928546785	0.4552871104808746	0.6849807442289879	-0.818871550090106	-0.43264574810508644	1.979774134739371	-0.9396741829863006	-1.584342756025574	-0.8308584962041458	2.692670754500063	0.6846544875865007	-0.8119745510891901	0.6770377813995905	-0.8276748232829775	-0.1860011522618804	-1.0759500222048302	0.4686768040326616	-0.8593862730827174	-0.262252242507978	-0.5797263053982673	-0.6466683181918264	1.862783311403616
DTXSID0047959	-5.216950758204172	-1.376368335530437	-1.9741990608420146	-1.6878981750637174	-2.4603424407690087	-0.9111471658085206	-3.1063736786345575	-2.673440790907421	-1.5171654223443456	1.0360394640336146	-1.951867054514347	2.5596662637904264	-0.6731685842271832	0.0026813207606134516	0.851513053010211	-1.1138428709798247	-0.08118257524102454	-1.2574207098826848	0.8753030126976086	1.168768936877712	-0.3344996979775179	0.22764692507766787	-0.804318876766994	0.4502966279029076	-0.683858975614363	1.641741971738392	1.1593079927791632	0.15412995458516673	-0.8763188302077359	-0.41465392407013335	0.415640048794362	0.6569030495036412	0.044044080952143454	0.538863478105682	-0.0013704843835014827	0.0010477359144651225	0.6450879522352603	0.6655983944480586	0.13980038451742485	0.7739566290938831	-0.2334393811201547	0.48807556027328425	-0.3392523112518479	-0.1847213592870155	0.7205757835635413	0.20770925365650458	-0.2907984430850521	0.14942553872616957	0.5374508038337832	-0.19712999548698484	-1.5729659409466166	-0.9152646574827258	0.7000947713946016	0.2947100347830587	0.5760273008158913	-0.16848151416284876	0.3041447564044794	0.3519287386019726	-0.4611951429722787	-0.10618644767046859	0.377167452809341	0.15583001173889433	0.6444032436114562	-0.40021669168332846	0.35769516300493226	0.48605048985968746	0.0866003698408078	0.017107201993636464	-0.05756192744032056	-0.16319764033343867	-0.2891286526541698	-1.0523472876900313	0.4499119041874939	-0.17728300101633512	-0.5317509778215845	0.5532427220095412	0.5912489378363683	-0.5191306052526216	-0.2262614017602188	-0.03334816386293958	0.4864315749435213	0.22181299311671338	-0.20486770086939188	-0.3973034594275488	0.7436354747057854	-0.16236865026174396	0.4732170858518488	-0.6684438481891984	-0.30000023623517297	-0.2251308090563827	0.21345669946728812	-0.12633059057246962	0.14483989978637293	0.053276300702281794	-0.0706478341125678	0.16088303685941938	0.5131165761205732	0.2144210361092056	-0.031237546390829096	0.20533357886719664
DTXSID1049273	-1.869437226328297	3.922222593572578	-2.34050457861499	-2.1601881374796967	7.078083862923432	-0.12047588155569747	-0.32742206334884755	-1.0743262640337534	-1.4149449430579644	-0.1545518816390159	-3.624960962199271	2.0928005896949844	-1.489291011057003	-1.0862232517294075	-0.5849161048793003	2.10323194101117	2.2523904159915147	0.9762922620799634	-0.19784920408675308	-0.759760549676772	0.6110360259633071	0.506090260947172	-0.4559989909547676	-0.03233158098040807	0.947868404937723	0.1427031468830054	-2.3013826556264676	0.8543043922049927	-0.9364769559912689	0.30504161697700566	0.4880593500646652	-1.532410567770349	0.7514598200919436	-0.18566156622957092	0.6239942402057799	0.908177956070214	-0.5282917719767319	0.11124540690442271	-0.4381349235507812	0.21621815044581724	0.34983419137339694	0.0663408600952813	-0.889398851796369	0.2722169610717857	-0.5044812443973247	-0.2822017435965225	0.05644370433716494	-0.03520636187990075	0.19484406707433516	-0.76644747065527	0.04052162399264139	-0.25530493430313567	-0.1597872745633601	0.4739778662096008	0.019377909625469664	0.09876042907112885	-0.7147383943673687	0.4034015293361019	0.2120317175458256	0.507924679871932	0.20173968533288833	-0.21414175599541183	0.09198681031620011	-0.44191291961823537	1.520250182421952	-0.326423813113868	-0.4562296318899085	0.27601532924485794	0.5169722976469846	-0.5686839679141513	-0.25064362037938925	-0.5242020571939947	0.2571322446207632	-0.1755741288769552	-1.0985793157051338	0.40894123621972495	-0.27242257262186814	-0.278061942981722	0.014459634433864282	-0.04532047528980771	-0.5554558246426811	-0.11627808161058689	-0.3042075519412883	-0.2013586758602455	0.16300467780412342	-0.23271981869490127	-0.6421065305132483	0.017684719844743273	0.2094020342598701	0.007072706037798613	0.4051966354158998	0.3613865632460368	-0.19764001144534596	-0.039750552431432405	-0.0791098746119801	0.16300035557438475	-0.3258816533912188	-0.1317752310412779	0.0641414802262311	0.13329868777414539
DTXSID4044589	-4.440949392971651	0.9504035951842937	-4.150011235625568	4.267815749983401	1.9337359704016233	0.1898383833554364	0.565127631388391	-1.839803850488073	0.8246765378126387	-2.8000039776393852	0.06428052257306581	-1.4963075037457443	1.5077266584068454	5.26239670256636	-0.04774757185080945	-1.4404507149854857	-0.155686252134627	-0.4518038077203953	2.2503178563729014	1.1528157290032341	0.09383616058480498	-0.23947781081958502	1.0236109395554873	-1.6140873591990423	0.2369169844780472	0.10491391999631625	0.39363247556444775	0.5842401140545841	-0.5328952784752193	-1.931995668438975	1.1251544290440123	0.3672436153969541	-0.6638239986900498	0.20418962174935093	-0.33611430484483046	0.18639382115666392	0.06584981569249686	1.1206296636552495	-0.49415738254258823	0.40740445691598276	0.3079447849962904	0.14471081471486366	-0.6333601938365012	-0.17038302964871793	0.49238878735618535	-0.8381720672986662	-0.5656098334315742	-1.1958941475445903	-0.2622029755677717	0.641175076123684	-1.1678285977252527	-0.2845896097644621	-0.45722318362049785	-0.6924855379094681	-0.28227335360856803	-0.03446191437027443	-0.3826346019283209	0.22113902184498854	-0.5963995353946937	0.04484628735696041	-0.619810786560338	-0.9701721438610842	0.8601593597671312	0.7876990246271106	0.002258789083285879	0.27044074556143394	-0.3957185342233189	-0.08773226177157607	0.3156292109660871	0.24480983469718273	-0.9594536164469114	-0.07353876252853597	0.3070052401017452	0.4176139111475702	-1.1441869818824206	0.5118427154632131	0.12465989800669618	0.1942941878820395	-0.35438881791542703	-0.4789256902732248	0.6577324686774317	0.11815876119194008	0.6035070634061253	-0.4182820745872983	0.20015064939252983	0.5783200511309217	0.14151996017945026	0.32560415155371486	-0.1152000904289722	-0.05328190606908793	0.5908857883383479	0.7146291159531699	-0.11369731392724916	0.6263210143211663	0.09900545937962915	-0.13478644586642774	0.03971037475113844	-0.6318069498348312	0.32759230491555236	0.08576034904528473
DTXSID7034676	1.0878158935369082	-1.4262517964391423	-5.0408395084639235	-2.7418594798825846	-0.15571609975417497	-3.729300109892153	1.2855993426245824	2.5509869350852057	1.2286058303592977	-0.9777515526482903	0.4388954070660036	-0.3287536222786916	-0.8174599431988506	0.0524964876600744	-1.9271947775489668	-0.7386560762223204	0.20185206299061406	-0.24132533492012084	0.026506529522254997	-0.13811727444031244	-0.35621057754494845	-0.8132233784085086	-1.1283773021237555	-0.36381963994991107	-0.784504267128085	-0.7354189659290116	0.7560482580393932	-0.01747620242270622	-0.09765728071313148	-0.9953499663720701	-0.071516216519938	0.46783705914671364	0.004903897348246543	-0.03760060619317634	0.16657675163117464	0.1479453295484393	-0.26310147278860263	0.2718500875102919	-0.3832795361533576	-0.09724646619259072	-0.15394844709617328	0.22287246753110915	0.11577909337728744	-0.44492046228952686	-0.23652122715243487	0.26085612953597015	-0.17173766240372404	-0.2675074528917778	-0.3451846705359309	-0.19558062344828386	0.3483522478715882	-0.18186034893619546	0.277820280920102	-0.5509023319754791	0.48765646178989996	-0.2799159001790025	-0.3679116290786536	-0.9362222473798402	-0.16759988182117894	-0.33720216633982436	0.5657669756118485	0.7280326391775912	-0.26591662791654785	-0.5439010790343938	-0.24334530076696628	-0.24466229857557784	0.31205064085291473	-0.12169542623474852	-0.34557194571914795	0.26376815369944456	-1.5221064834644804	0.0627145400238303	-0.26070950279654564	0.30921001286429634	0.3422855356477988	0.5564796509728371	0.1646863653073645	-0.5360504105765699	-0.8445699449512325	0.5306103974675369	0.5252403928376674	0.3472279818165193	-0.1918970591815002	0.6946353279825374	0.3151263709956519	1.2757530737979574	-0.22672780765116354	-0.1736665766462943	0.943800448060681	-0.16149597277278005	-0.19373099572588284	0.6140357903232385	0.36120789257345853	-0.09004992516555492	0.22955622908386156	0.10485836797038038	-0.5116499957237791	-0.7197445105807467	-0.13185752866708275	-0.6591845009869928
DTXSID3037545	-2.3269217358804344	-0.7919072572625149	-1.8259646612812477	-0.09848668355829367	-1.0380110225673984	1.1743807280378158	1.029222623302035	0.09985136318323588	0.05653616270092995	-1.4657409287781769	2.311850454047683	-0.2620020241921863	0.9024980497427992	-0.6932823059517979	1.6076470063040258	-0.8456418191456001	-0.813117395823394	-0.3106864513091049	0.9775691528370775	-2.3550613876997524	0.8504028780594566	-0.3639252503429581	-1.3731037592780762	0.46353263685976986	0.058916616779326046	1.391951911767647	-1.4780023349320441	0.9031287762686381	0.005342581654914113	1.078842087380352	-0.6186003233362172	-0.6886214377679741	-0.7613267879869929	0.5586050466506463	-0.061493064146117535	0.11629220143798664	1.2660387135067808	0.11474844031513881	1.4277052743370287	-0.37786832072282267	0.7942928704396643	0.536823547906497	-0.2333035313742614	-0.2901665524396632	0.35632992827658067	-0.8669656911752034	0.349888286273863	-0.5723197549487509	0.3716857545102208	0.8634561997531199	-0.5177253632110895	0.2314977604697261	0.1992601545391195	0.3337037026104777	-0.3814865004054685	0.08862418332890738	1.2987038500541168	0.26793989422064435	-0.30160044962004806	1.547828022032783	-0.929080363908545	-0.09437782213160292	0.40983691742702694	-0.3332398803482155	-0.3726677445181336	0.493451758909354	0.3763442453889845	-0.11781788776832401	-0.36248304644466284	-1.5369818596048903	-0.14155109537693752	-1.447017772952093	-0.3025666393583296	0.7068192122680069	-0.526746540009753	-0.05487685415580961	-1.1570491439643134	-0.9872279604882608	0.3341712706144693	0.44378195616007127	0.18346542157870138	-0.11628144699590451	-0.37428042990627997	-0.09233264654761399	0.8099450717118576	-0.12697718759736884	-0.17011203123029617	-0.7951895310725872	0.013230028092402712	0.37003115132213016	0.26282638220892923	-0.33079076598879004	0.490659914299872	-0.4940460868537796	-0.2121254204713211	-0.8674235028655635	-0.29552246653678466	0.44439163541657906	0.31151658846657815	1.134640637233026
DTXSID4057637	-2.6084410543600023	-1.933035595685274	-0.7397607705091009	0.979754001328483	0.07790651296196828	-1.0632919499839908	0.8069213382644461	0.7348358584275225	2.0092494371184664	0.9642668823825038	4.609391401339992	3.0691478226632456	-0.9629451907113492	1.8175939889411326	3.2207545584058965	1.6950180085821744	1.4887891610634125	-3.226274722345314	-0.5076447960749766	-2.810534379133888	1.5906464317345295	0.03998965997418736	5.019423307209424	-3.6693099357309116	-0.45741923844262566	0.49640613328553806	0.5379099362079351	1.1917490842675607	-0.9769330961493143	-0.3963076616737235	1.2515034865221903	1.1058780935663006	-0.08839929127842423	0.21094701601342364	1.430086920411956	1.4383281348702817	-1.5709757080094	-1.0792730083246742	-0.5886624597486554	-1.019892613469697	0.3543999321484175	0.683836450670126	0.6457178645086021	0.7144604887135889	0.723910860333042	-0.09880293416418927	-0.23024807739663097	-1.5746516209188324	-0.7236722359573043	-1.368124526200804	0.45550635791264205	-0.6366538569170511	-2.2654731938135635	-0.9567480331499152	-0.8646368993899094	-1.5822092208675889	1.5426662885424063	1.1056913344564046	1.4875244894455784	-0.5099058563422382	-0.6089271017797501	0.9268431948265221	-0.3826253300590126	3.1121126509284407	-0.6659792663087727	0.07189764465193688	-0.18010151030361796	0.6755677849430269	0.03673123146971151	0.01433654684067361	-0.6133144008925056	0.18095934214801	0.4918947331157759	0.402043546882985	-0.5551577004122804	-0.00493811933807082	0.4888485672143436	-0.39777034437022957	0.06671068150341895	-0.07857880521570744	-0.04537722459884536	-0.3278256351639367	0.35029436790547047	-0.011039088929600415	0.5535630265908899	0.3662223285918827	0.3497352671992094	0.2243564563221274	0.32726348940519484	-0.7673084641559633	0.0113741273380155	0.32887335418189556	0.3489124731048759	0.3086566678771001	0.07206860490606333	0.3295244876358149	0.32498930242407686	0.10557256804251419	-0.17481797189166134	0.30977059708097887
DTXSID6020517	-7.066704013758367	0.42047866766668657	-5.6558886729664275	1.053575679242993	5.240170421680372	0.8541379165363371	-1.883737755860059	3.0924662871472237	-2.9330583139184636	-0.0831554328455604	-0.1946294163308399	0.1559379470966261	1.7835535633725887	-0.9724701349999229	2.7447066687277086	2.1175240859713216	0.5300808335354235	0.6977625138192675	-0.8461129232104961	1.4059108483493559	-0.676162944182215	-1.087158721843597	-2.6872465920906055	-0.10613478506070562	1.073075680610769	-0.577487443858486	-1.1620188179348576	-3.1879599291393106	1.5025678519282366	-1.2284510896477665	2.519919292555255	1.8619716496273304	2.864816564311057	1.304108981493094	2.0847998484375303	3.7314540797490365	3.1506560882851335	0.10765800579290596	-0.08651274413721968	0.20493151252266462	0.8905214397073281	2.8332836476928565	-2.0582004659823196	0.49613592488343744	0.28407935874743856	0.1353269534782915	0.9469556308966119	0.20139346512647616	-2.6243857978369456	2.734585880398527	-1.028937501447106	-0.9700010201078357	0.3736296330448362	0.4500892487252447	-2.450413763077645	-1.5082584760333548	0.8610100066656916	0.12542447309766896	3.4746251502520593	-1.0925987463712605	2.0929634944464297	1.2536521034756978	-0.398123685374067	-0.8406723987885487	1.8209073269780616	0.5540525371116841	0.636410111406877	-0.773623836287124	1.2950922245319325	0.2600250327003505	0.4378924476046355	1.5538719558654333	-1.3497282882355195	0.7915839200195947	0.6062530576639498	1.4217756849329606	-0.5190255879866631	2.0533222331894714	-0.18602148149512476	0.1816085454447496	1.1081636288307914	0.9102226582691033	2.794269888863827	-0.6103152323639742	0.22233389046180094	0.753682756971825	-0.160448920716003	1.8490070050687986	-0.779319860362515	-0.0003884445753422075	-0.7059914483300261	0.15482318631502304	0.36232729916077033	0.24967715879971383	-0.5484068283645643	-0.9470402838625339	-0.23945164887859965	-0.622384736623898	1.9186344049734072	0.2294509453863551
DTXSID9033896	-7.32148395013636	-0.6347429982726767	-5.388622485014022	-2.578906579474269	2.9155557650889987	-2.1040955519844244	-4.733187565159137	-0.700787360430231	-4.447363008604136	4.275281580104136	-1.1459903834177632	-0.5291562673912291	0.5557163938521796	0.41805993598533464	0.22724055482679326	-0.7539539861121857	-0.2957495701128684	0.048597356462366924	0.05775842883903023	1.4425181060991354	-0.10000452903025658	0.20258441603873456	-1.204648159114915	0.9521293749540796	-0.6907842606435252	-1.349175926307193	-0.16253347997658493	0.3362603919067204	0.42073248299101795	-1.76448745117643	0.002587368124397548	-0.3269184178224451	-1.6557028648884398	-0.7397886898835793	1.7470772266022776	0.7886953495098155	-0.811273763365844	-0.03096435637882551	-1.055374487718891	-0.39849874718442163	0.8514655856712765	1.3641918714728754	-0.16418077774191855	-0.8392258170951316	-0.8739431149998658	-0.13986308173675985	0.7689275398505884	0.4576950627505609	-0.6328613746562957	0.5116831764953074	-0.6745599999915138	0.8831112573372155	0.5506055830230338	0.48739074215978245	0.23182857238024274	-1.6109395473220958	1.5855980975388226	-0.017792005956524304	-0.9401911331733094	-0.6414862137994871	1.4241506362484804	-0.730791204352882	-0.7975257761784557	-0.19919632384260502	1.448786444901855	0.5754781998779369	-1.0363367798556984	-1.195353078191496	1.2772701213091815	0.18020187500855483	-0.13244008290561415	0.06498625979186658	0.5990840461846569	-1.5787538634961682	-1.271563755552346	0.05780291290267452	-0.963803547270189	0.3023994250465788	1.773562610834868	-1.2340673286318682	-0.0010318827101001668	-0.42917613585445896	-0.9794375820924273	1.8296527888170675	-1.1642072883010735	2.269933510671196	0.24849376344665472	0.20805085263497805	1.3931221893314913	-0.04279264768934055	-1.707347794536251	0.8035346801055769	0.9919259819747549	-0.5337818415302021	1.2544618225678172	-0.824455958824213	1.8876074457158065	-1.003629512825953	0.5465124161863317	1.958200572152697
DTXSID9046102	3.2245154090524135	-0.5913898740273488	-1.1692603642652848	8.28420788940022	0.7115663864950322	-2.1138782412142287	0.5283531593140037	1.414265085893541	-1.9655064814103738	-3.6744697775788757	-2.6589463384823886	-0.2640013068891797	1.8412086925050646	2.8949541561755634	-2.2395636143585733	1.0587167576391003	0.30587890758021963	-1.6054205565661595	1.8593719146475196	0.0041608010110852165	-1.4740678768320632	3.350300468933398	3.0001901886602735	1.3619561132507922	-1.8082914431898087	1.8510731325740797	-4.271927847125267	0.9148330415522514	1.0983556753737929	-0.1889831230281642	1.0287918818543413	-1.7835538518498137	-2.611947050505368	2.8799708853327717	2.5535458067113317	0.7852106876703762	6.358074667967666	-1.239834236250963	-1.9934182533853984	-2.24396657289546	-0.4932588573766495	-3.1575072670915025	-0.02815492899161129	2.939964571811451	-1.0718602866217328	1.9851521858878096	-4.042438799060837	2.422589717454942	3.4315561321970227	-2.1061547684950317	0.6491174938989109	-0.25466375141260583	-2.7554456902209434	2.0717320136098705	1.8128852476239983	-3.2602817390571803	-0.7057041404151675	-0.9747381486925486	1.374588991008663	1.5615300130672434	-1.3213700130921227	1.1045178657131118	2.1943513810631567	-1.607339484806131	3.5243558853884136	1.5196403973452601	2.1716059360820044	-2.3564794807561307	1.3752705660837774	1.5932105859200778	0.311179951852801	0.21032257175281477	1.532893366376155	-0.8016760460920127	-1.4709740001361284	0.30384372406713056	-0.06219492356588227	-0.3079777036424854	-0.4087844378113494	0.28661448025403824	-0.34787179720737216	-1.299056602847899	-0.6000189398685252	-0.4433265092823981	-0.9708134820867684	-0.03571748557848265	-0.5900820747396384	0.17265363906953327	-0.27194031246929207	0.2059226507958567	1.3811888448650322	0.7318611738255683	-0.013516056775024078	0.751122066810544	-0.5957588409611745	1.644381947927448	0.7831200344669064	0.9682384363903759	0.3001118234662368	0.04612534155036372
DTXSID6025640	-3.599229419395261	-0.7527380186002729	-0.9569864090627498	4.922303887877678	-0.8592262158025324	-0.3615258870684032	0.49700128566962354	-2.218678134666875	4.255770030843001	-1.9706941679634657	-3.758082483307352	-4.440735351276757	0.006867471690727341	2.851197441800573	1.0900945572710063	-0.5492316648925998	-0.40879828445685923	0.5327449192288375	2.027623337142422	1.6543240919143536	0.9537903534300936	0.2888146514763407	1.1970254740916926	0.5427121015388134	-1.8309557359057407	0.9112622187966298	-1.6138587583330888	2.4800933886021657	1.9436753850472948	-1.426239996682872	0.540953776978724	-0.0721580247022203	-3.132512110664581	3.7369786358864174	1.6337934215542667	1.1576075202106457	6.342477212961871	-1.0169403595081405	-3.3649443858553156	-1.1758822889735878	-0.7521488293153716	-2.0298129784484735	-0.050194588552836435	3.99619291632947	-1.1681908453484406	1.6917643660876225	-1.6254876594354384	1.4935243638617286	1.495017515285163	-1.7585217611720947	1.5815295692884535	0.554179577637045	-2.18316043499072	2.879792808861838	3.1334126356626038	-1.5498847145787136	0.9618760186729498	-1.2909470738996318	0.9373023093349516	0.6072685287142358	0.04863311127901468	0.9655901053411906	1.5307701116807635	-1.5021550548575346	1.1057976848726458	-0.23133904574522626	-0.1986365587134693	-0.25607840861500075	-0.8714332702123879	1.0263007478437325	-0.4119108324688607	0.1183469243011882	-0.5718023353722829	0.5198795842834705	0.14570334615989716	0.9858125989065962	-1.3843922883987738	0.24476398347773612	0.31060053803882726	0.8912055106820723	-0.3434462735508908	-0.8319455062677387	-0.18730133799447454	0.1211279579774386	-0.318931355011225	0.5031084686572933	0.4668132496966299	0.16311076974516156	0.0405870916717587	7.156502102985269e-05	-0.2411103543928585	-0.17942894800687084	0.021942365312782867	-0.06288984498301291	-0.209654701475621	0.15576104590292855	0.955189773626255	-0.37745274788061123	-0.09443362968488923	-0.9125891267963896
DTXSID5026259	0.7857542993594757	-1.064855145206751	-6.394494629532398	-2.4400920609402377	2.299643721412018	-2.684381285228949	-5.0834791640487795	-1.9688576843918626	0.5590958390206912	3.4664613247997327	-0.7401046878030078	0.5855807874485364	-1.4974008663102172	-1.050730488086332	-3.4108431585880568	2.002451154838119	-3.197449508146742	-0.3432997924054866	2.55351863459643	-1.567338318209949	0.371603353945221	-3.9123481143737875	-1.505354949019691	0.971321012725044	-0.30074951638466035	-0.49654802602518266	-1.5087239304746436	-3.769268707253727	-0.944812022406438	-2.0635464287536514	2.8971797413916343	1.1259213256152196	-0.4378072109002267	1.2190316687978382	-0.9230666039789116	-1.1654629440353403	2.752200016311111	0.24199687983673784	0.23368077147780553	0.6962965042342739	-2.9203613501809245	-1.224510069082155	-0.021296040040733738	-0.7251184134542137	-1.0304326114053137	-0.6859634907016715	-0.21098882995590967	0.33001280111327214	-2.3099395902635833	-0.3991376679864995	1.1176220681500968	-0.26992567608073437	-0.3856373852772062	-1.145895771934414	-2.8845900399319655	0.9986047697095297	-1.6805099946737758	-0.3701902073652605	1.569510950118901	-1.217169414120408	-0.6690986348267297	0.3017134656325015	-0.10668906254896093	2.1750099749791563	1.283812079242934	0.5364565361195734	1.8864212610973479	0.1494030582170834	0.6993758956265036	1.3342124260670982	-0.050056848076234485	-1.1047934390974758	1.8316313218336349	-0.7232788732792494	-0.40909288413726996	-0.553075366873417	0.20876084637212394	0.3988928883927883	0.48225392945636353	-0.6824692762589135	0.24006667254284336	0.34993755244958996	0.03360315768172515	0.1122327848458053	-0.787897101454445	0.8617401465246591	0.052880423152525974	0.34231110538138815	0.13190302154194258	-0.38345155813001064	-0.1516926277751271	0.12895702945254275	0.3884642354428766	0.808336000303179	-0.051822281272060886	-0.12103494107937023	-0.26928249789230396	-0.09235599839860467	0.1876429089715108	0.10947768519921294
DTXSID4044452	-6.020634717434979	2.480682124600122	-2.7366092493280907	-2.345992890187401	3.394119060421359	-0.21256111905510525	-1.1089332812044341	-1.2107207230862314	-2.2164572289247797	1.193839948004109	-2.421447166015828	1.2589393716594426	-0.45145107292052905	-0.40306748735992515	0.01937966192499064	0.0915588485343234	0.5135624358629426	-0.20822655025292788	-0.34403905452082906	0.4123840909604338	0.12753385764357944	-0.855110693023181	-0.6023246192507838	-0.1797118768740115	0.25752818165688474	0.2639875726661466	-0.518352744890393	0.10735395302481789	-0.701114088828055	-0.4191641087504024	0.7330799264272256	-0.052089916803001776	-0.34569746155500775	0.5084287081562583	0.4550799341520148	0.2972602323639337	0.08857780875834238	0.04301948817989095	-0.24564480570707647	0.46144259243907265	-0.022075415270637	0.5764280570313828	-0.14830883700120767	-0.13474168581882853	0.16464853884298494	-0.3740639967965573	-0.11402227279572058	-0.22273275107478013	-0.35150309240030186	-0.4256135672793036	0.33271883154892296	-0.377670416493876	0.10997783110307527	0.1677147911023323	0.6117453775624774	0.405971428430792	-0.006027294927038821	0.07735486958514065	-0.13122990087243155	-0.043763729943079255	-0.160022129179613	-0.41727573640797866	-0.351293284398454	0.1244742259324211	1.6827611005567187	-0.670713477120426	-0.6700804144929243	0.4478155090202539	0.9506962808009256	-0.6847056421964071	-0.26191550272013364	-0.3358607384846814	0.15829688388782517	-0.3912631634070398	-0.81413648585356	0.0739806403860304	-1.0722444150850026	-0.2944692045009528	0.4392337930401163	-0.2710658950930217	-0.3089847564921875	-0.005300321009059266	0.18166099864014787	-0.36530019948528236	0.22032022959313685	-0.4120327586591239	-0.6883128685033266	0.3008602090266917	-0.10337355203283793	-0.1615060620175142	0.05374219906674226	0.2877665833355545	-1.1328054661121234	-0.038284963769674565	-0.32329563330290517	0.04415061819832876	-0.6288310128070705	-0.3543517563526496	0.25041602983926	-0.12404244113558653
DTXSID6021456	8.496307643280934	-7.585680515498337	-0.269574172058072	4.61825046718089	1.9230887480836516	-2.133127078441992	-5.487613374718524	0.10902125343378687	2.446276373968594	-2.067836906348379	1.9783213023608255	0.46145449483545364	0.40138205960346707	-6.053596915776552	-0.15752389753241347	0.6040832628235896	-2.824516451461448	-4.553110139595544	0.6864183040616442	4.70621137833205	-0.7155147503520555	1.8582680903583313	-0.2552062473779997	0.31014760813991576	2.3685788702852584	-2.1859818899813654	0.3778268306700749	2.1238167193409283	5.089833698088095	-2.2193764764711923	3.051995945382344	1.294748697834244	1.0614826742044374	-3.7431966664765297	1.0543298763055107	-0.7610931235464635	-0.09645823867260832	1.1108834485057453	0.9744072405308255	-0.6340941523959773	0.3443460358493119	-0.6302447228537671	-0.4437551979961269	0.28143395885579875	-0.36056717005438516	-1.957491164138376	0.6225516588141679	-0.005228218141233652	0.1467632071667561	-0.32183735551910836	-0.3510261522624516	0.24390349253662263	0.41866879272091984	0.9674551591777195	0.021986501058085774	1.6778658593681866	0.22328757188663023	-2.88515968343225	-3.263681562411142	-0.044408185330887015	0.21743407686322505	0.1205016826703618	-1.2665873355185906	-2.2332336154893624	1.4736412542311756	-1.0447488514938157	-0.19114619062301721	-0.9959864564523399	-0.9955630396918604	2.082796129222402	0.5601043600243861	-0.7918899707338719	-0.938652577287729	1.4623768768653018	0.043588280940439796	-0.6696677329029704	1.8701135138422693	-3.849825298321029	-0.24388742244613543	2.3838375995275682	-1.8904757101092913	-0.9746361361859491	-1.7189141704063349	-2.579168398968454	0.18715796914520283	0.24864853696698375	-2.92924568871057	-0.4653951375104457	-0.37976722238640886	-0.4360724649094896	0.6660179168419481	0.5571029600911792	0.32812857389233524	0.26505082787407214	1.3425670748029344	0.4896615614450235	-0.8937143764206629	0.13966988952740883	-0.21608153827455426	0.3593267086274707
DTXSID5046489	6.431299477624285	-2.3493273666296512	-5.2813903656128804	1.008110261271232	-3.0532765245051783	5.081121914320373	5.334662982888594	0.9930890495874363	-0.2767786580505294	0.2459823166408143	3.1419887750011486	-0.34998296298226733	-0.6225777715300111	0.45804969364264214	-1.6608141572617083	2.3296949734581434	-0.15741441431795908	-4.111375798568144	1.0000629265720256	1.7737902148038263	-3.23608822011459	1.0949856315491706	4.700502908367761	-2.309813681533375	-0.47696499843411383	2.828672323187877	2.319853493548209	-0.428652145303532	-0.5568553775119068	2.8593333559614376	3.2662672248316857	-5.179750910582157	-2.2622317137920884	1.1767393453206179	4.467654100649651	-1.9016042948612903	-0.3539063929938843	0.8647561519641525	2.974689385204369	4.292282579064916	-6.638581855539338	-0.752366890583195	-1.976797924937432	-0.15537763068811705	-3.250849144590505	3.9822231506830557	1.5903612014781112	-0.569869063043522	-0.9959901849979864	5.291066642764787	0.24961614355113054	-1.177159225265587	0.5542850612208351	1.952120723478728	-1.9099823018339481	-0.1174323101594794	0.00508375798999425	-0.7707491066375723	-0.9492501132014376	2.06897668626983	-0.2890924720946075	-1.40881380143685	1.7490229582278431	-2.691629054392143	1.1332062562581615	-0.2696145727097524	-0.17724449369457598	-0.1818331604359328	-0.4466019493146821	1.645557102258933	1.2142037609225447	1.5814039977215604	-2.4039651596297653	-1.4837073911871586	1.8778286579992651	0.2877689985039057	-0.29178649070141394	-0.07750601503767653	-0.5669512692648135	-0.11214015594744942	-2.0611744972281976	0.6109552106813928	0.4873212626961109	0.9665055996479699	-1.0729831915962715	-0.3943911045817262	-1.6414163784172904	-0.49953737129109194	0.11819527586548939	1.1831871174281696	-0.09959701549835324	0.05318477160384219	0.5963092726970532	-1.1639783505047288	1.3171132639956695	0.7121538543365576	-1.0541949506574082	-0.20813098779280476	0.3745635306122246	-0.1804292682086013
DTXSID3022742	17.367201508455256	-1.4664414824068959	0.7617153696060209	13.24029379091525	-0.397586765055273	-3.381189103586252	0.2168879745493329	-0.7294942655357982	-1.286026826954977	0.014074726103023745	0.004724102223919956	0.22670849994898	-0.1765086267115355	0.4324092556492514	-3.357596391947636	2.0735146692577247	1.088420935111033	-0.2442330330946739	-4.079568842097262	-1.4637308528268056	-3.1202369169294393	1.3307832836697542	0.02413022087230886	0.05238045173919958	2.1755516919369664	1.755120942307629	0.7378876948242814	-0.46198585106152623	-1.0303459204733234	-0.399118485691289	-1.3989076426544294	-0.4357641325454906	0.7049892519331069	0.011313196864371712	0.21775790148763738	-0.5032389549503393	-0.24650250465701937	0.10283577002805228	-0.09934532850814257	2.539739809764133	-0.9294683396092285	0.9115622910434115	1.107257623556797	-0.7435905413062276	-0.5783091755987635	0.2665160151659951	-0.15543076884240029	0.1575773331846156	-0.036961770386225966	-1.914533209386296	-1.2996637265541762	1.9568630827253517	0.844160681951928	-0.07603480285315276	-0.9058563635159635	-1.155274281062795	-0.17807309745493935	-1.7372139657746264	0.623078533035585	0.7374495592478509	-0.6833297187523538	2.311873443106251	0.9080776797039011	-0.6358944488905931	-1.1904180307219663	-0.5980296615308097	0.8928838893770359	-1.4757525543889425	1.0399418374109273	-0.8348555609984739	2.063548709305408	0.07320020081179918	0.5813021311505411	-0.09626863665493414	-0.5435901817150683	-4.295050192671914	-1.1483434664018817	0.13017286756683616	-1.8954241101331921	1.635448415438593	0.5388276659986271	-0.2191956031579229	-2.100932035260979	-0.3499372362246404	1.5097697648035342	-0.2488239768104186	1.3088652607518767	-0.2362939135744465	-0.29501404517577723	-0.026601322972880186	-1.314650456149642	0.337940340020145	-0.09896486316593911	0.5065761063018529	0.9306874209227449	0.5618906010955865	-0.7063078369625293	-0.36707513275558	-0.5698817242762632	-0.43512072784168776
DTXSID9021134	-6.624393135610613	-0.29142766378394314	0.06346481507043444	1.391362730152764	-0.4333030801807596	1.4214528077806623	-1.4221189118088966	2.455604657074252	-1.059237444187997	0.10992660054626761	0.7183527784272029	-0.13375869510826172	1.9601801934007015	-0.06996412149278967	1.0423881588014459	0.09868624846877781	-0.7412452321458144	1.2325321947092351	0.5877069705164963	0.40424781103589175	-0.26712886865623936	0.5268736367117554	-0.1895986080867256	-0.2789921090109565	-0.720386105538828	0.7710462967337235	-0.7694997667320475	-0.45344192205421147	-0.7954786345733934	1.0315283928254118	-0.8902802304103007	0.0916010389108514	-0.4617723282475314	-0.4816967609074025	-0.8039383011497157	0.16653987185194838	0.2970039374677058	1.3455521981639216	-0.004276997204361059	0.18822948044407642	-0.10586921809347721	0.12097826377677044	-0.261743468042798	-0.48344459446776133	-0.11326015632227561	0.13326009566620223	0.04781253565075303	0.5489891213515258	0.38004001472725285	-0.46266491996473497	0.1239968218026693	-0.5239549578979719	-0.0014127729277096076	0.7370197366181522	1.0261402116942608	0.23461115125763382	-0.0972421659864057	-0.4873416136917998	0.18113718317347796	0.7657073206174296	-0.695670602839844	-0.3307858631732696	0.8449657148773497	0.35807960039934306	0.024170758182714216	-0.3667914492313302	-0.6416790123862564	-0.2292973729758846	-0.2145859440215474	0.14933357478723885	0.4075476628046563	0.19681868099770078	-0.14872980371002112	0.38184334470016845	0.03575569236984855	0.08525553903650097	0.10056869687899306	-0.4197835150475569	0.15124938827455053	0.494566317066451	0.20867081087927322	-0.34771065973352683	0.14874424013871976	0.16889485232665655	-0.7567080417380154	-0.4783146029698758	0.27973285299119793	0.37918944134213695	0.5209382579431233	-0.19203998461737742	0.2773689277358966	0.012611057660314064	-0.262473559909836	0.29433757326679105	-0.5105075899691845	0.17701910114287467	0.08379569707855461	0.2021413935011826	-0.8551612389949947	0.09506312271515935
DTXSID3024497	-8.048236005925327	-0.05177088293509207	0.9944120466374796	3.762206669011238	-1.062774309468128	0.24503064006293238	0.11994031398304918	1.6225354171703548	-0.24527644606271895	0.4175418818403172	0.4241053636624358	0.6688354438025917	-0.07255988005912663	0.8542133174309589	-0.21247580356678164	0.3679186906771637	-0.3396615044930253	-0.2226741137531723	1.1678319188571322	-0.028816035478274864	-0.352835392035798	0.9614872842336446	-0.3746783382158301	0.5901831267236738	0.4040137436065058	-0.37572032896930746	0.21881248043796733	0.23307053384151108	-0.2127005507207355	0.6984556487749676	-0.6046541013347131	0.030931905478562574	0.1097281297020708	-0.02019515662527943	-0.24532653922401104	-0.2517329738868844	0.024701047766228078	-0.19304081595098405	0.4443422952871588	0.23565320319373634	-0.3311793133919473	-0.24578242508373674	0.22422825679460798	0.16645881120611714	0.10999968218879981	-0.3510687191288995	-0.17819267190147925	0.5024794507193096	0.25771887118562586	-0.2507702137143953	0.016181381920676773	-0.14035212478025047	0.9273613376880577	-0.07729745430036467	-0.47021746133340514	0.2894848457576238	-0.6994704212679395	-0.11899938837492995	-0.12582626915219627	0.3756853501349099	-0.07597775075733074	0.12870408748882525	0.1151627393257633	-0.07461350606023102	-0.38554955588535694	-0.6569441593173856	-0.31266344613767455	0.18238064116651515	-0.10478488175409895	0.3615424855882885	0.23829118177596836	-0.04840630511093691	0.38744654224641123	0.2331260089454193	-0.07201343818575183	-0.3751710385303686	0.24428689757249905	0.3834997122332357	-0.11328669139710285	-0.32036723541140394	-0.04477980374988621	-0.11475572945259596	-0.31648102429416064	0.18933560983122125	-0.10426329273392995	-0.2365406112797497	0.10262180046978316	-0.0492770362562976	0.2721664981428853	0.32469713998703054	0.2650876765845375	-0.08650182116893489	0.28338297908798105	0.16701866942952479	0.3302626506540295	-0.2457003321867948	-0.17732293122682724	-0.23582900708190238	0.2998150269275447	0.004205438875921601
DTXSID3025758	-6.010444134729153	3.292441485552052	-3.305105546249712	1.1824915472936761	1.1231823037726054	0.01360390544663826	1.3606926979491925	-0.8206597061489638	2.734704510693802	-0.27791206820258524	-1.8692717634698	-0.5100455587048539	-0.3375896192590017	-0.1414214863552208	0.7650192557970629	0.8688836735728617	0.07771896586463894	0.24577907066001872	-0.2020856346715023	0.4117951500942241	0.006280707407946152	-0.030210625067453242	-0.6892332304218374	0.0076629478224147845	0.26016429203726943	0.10336616155645387	0.38027487595328624	0.5968087889908852	-0.8263135869149926	-0.3452633479623825	0.2164764374389015	0.41479661590357747	0.11081808328916222	0.5511548228468739	-0.022448537305697625	0.04785810520327277	0.5048699363297675	0.5625530578252795	-0.10166514425618182	-0.04118567130109523	-0.22746833750407597	0.05056255025827221	-0.2368412922094442	-0.16903581925517716	0.15476856602288688	-0.07471898603414337	-0.0784719217417517	0.40834361884922116	0.35353010116980216	-0.3833078982726332	-0.17803142585024953	-0.1652233779050017	-0.3437632767796743	0.127576123650428	-0.9484364731076529	-0.18670425317649542	-0.13012330815278436	-0.6887994329582828	0.46543821174496425	-0.3617305905129209	0.9496804783307308	-0.7867634381720618	-0.7221241345259077	-0.4164619345254984	0.3114715735223674	-0.5193710337282451	-1.0698476271756288	0.2728929713836407	1.0871837463197873	-0.6750858061590834	0.29868016809968967	-0.8497153245734205	-0.40121830554042526	0.21299365259501468	0.14657226485799757	0.49590146512021593	0.29914218588179875	0.14106172521562543	-1.0215978994929933	0.47138992800950846	0.31644996335673525	-0.4994825595324404	0.2878386641869401	0.04382300284159155	0.46555195273340516	0.029460508621017865	0.0313144925652971	0.289065141708898	-0.008198553496203168	-0.7623381380388371	0.28170703423098126	0.9648607360739776	-0.17916939117566621	0.31784851332125796	0.2763738659773882	-0.015853322335252284	-0.08219295201107997	-0.614293929459027	-0.4638627235383329	-0.09508323021575281
DTXSID7052860	-1.3194531175815138	-1.7931730882455819	2.376648441303758	0.9446348526503442	-1.263754071568427	5.238898549638692	-0.9296242592666537	2.268501192500543	0.44107650507414914	-0.5263635433772905	0.44246206359906515	0.33061805553838136	-0.07501376558467578	0.1591070967600523	-0.19558761009406844	-0.19547099606543875	-1.249979631845955	2.4630416240425523	0.12394042072657756	-1.4072658754644283	0.08277145570877659	-0.44049872940041446	-0.6683461090969621	0.700005748797279	-0.4622479347144895	0.0913637834185198	-0.058804552837551094	0.4211286004382543	0.5497549767196667	-0.023437961097507322	-0.6608508337372664	-1.0140282661661013	-0.8303621895258068	0.12484234183199729	-0.30506273668250633	0.3344564540970375	-0.08874293999045822	0.7309833772278902	-1.310455464289605	0.3092188831074813	0.20849976117846278	0.06705524026503974	-0.4050977921465456	0.7076913168182878	0.4227167573172263	1.054031497445647	0.6006279337086434	-0.3700004556367976	0.6163155602183662	0.6715750390925613	-0.38149686492015256	0.35113482355914927	0.6289445172452145	0.6830606707684564	0.09415182845119033	0.5637407635362058	-0.6473182847464564	0.5774814450395099	1.062814352169963	0.1325247514480495	-0.5295173839471637	-0.37882900926784496	-0.13646220856616686	-0.0823935360212163	-0.1877023671994063	-0.8411552702729408	0.20829450974636088	0.32214469694839887	0.07104853146804006	0.6633497247632039	0.2782919186073641	0.0012394907595583268	-0.2686562431350483	0.016954146320738325	-0.20389377317734356	0.1959020911424545	0.1535895455155768	0.2590770870761455	0.8386128714895225	0.5258491553160022	-0.09692487858651577	0.1579861928705906	-0.44170171980713757	0.22424697596990387	-0.24137659277579102	-0.47054649599349946	-0.0999886956346582	0.1349233308709689	-0.0009312423500424857	0.19000709079186698	0.34546026252070633	0.25611333656563656	-0.13495306182594397	-0.031061827139779407	0.0430638716078624	0.08785995138225902	-0.2259648261458765	-0.46516029305946227	-0.09070412028949996	0.4195095586911923
DTXSID1048178	9.387512922534324	-6.343539252790932	3.275260148145117	-6.63105433195042	-0.7523464894838546	-3.998867202954395	4.544313503051777	6.4399806305198775	2.520822476930324	-6.263780619758815	-2.9432974383107133	-1.4121946301468067	5.559482512736363	-3.7772289451229355	-0.655231014808312	1.516324288143919	0.9561596656453386	0.017526165517999903	0.8042942315754625	3.0720453581921396	-0.8881252477229422	1.0863362680094084	-4.282385323028279	-3.5977819379136693	5.240596216897351	0.44927029159071785	2.7071009760978937	-1.4452844940909588	0.6741906237897229	-2.2103433121698655	-3.3417691735919792	3.414924151108028	0.9108900746319667	2.3624856970245305	2.644516822999752	-1.046078488625471	-4.7755399711388495	6.253174715229077	-1.1174996569584381	-5.034081841375307	-4.6837317841707895	3.388567429274434	4.940454231425231	9.107929206281604	-2.410085909644797	-3.4430217068883313	-1.5353831127110942	-0.16702892091490704	1.460350743171465	0.0502252416123713	0.5066957849040479	1.015658183291655	-1.3622196757334808	-3.3589751985962555	-3.139366314506861	1.3985096323303292	0.9030317220207009	-1.8902309667277313	0.6072280763540256	1.006328807493659	-0.9815306061481265	1.3346335748127958	-1.34920493043575	-0.8792673639735766	0.1593305490432963	0.7397486513674404	-1.8686844419847803	1.884924637142884	-0.406449470069951	1.313987991113302	-1.7304736013788404	-1.2366367942156407	-2.7521198175833725	-2.500180972076691	0.3342692589521147	0.24304332012733273	-0.33585147470514337	-2.1758133388929397	1.1354096257751018	1.384286731693232	0.5682594700758735	-0.7341933473111809	-1.4061365900244593	-0.5255928560235882	-0.9775618283216883	1.5132884465230534	-2.4556370115064556	-0.5085093992299812	-0.23956348405542446	1.2752406365939597	0.7900118040006506	0.7855044113436139	0.2741206391224389	-1.3455545239750146	0.6003419200557666	0.24775553672075623	2.586933489008844	-1.10497859357728	-0.30262862622252235	-0.22355483304385793
DTXSID8047050	-0.19882799207668764	7.29990078431586	0.2633421617987154	-0.6851931111423748	-1.2458270204415067	0.576040460265349	-0.49634652480187	-0.7492361030687059	0.8186020454281332	-0.32490742874083245	0.31136303947937305	-0.18159709538580343	0.8157212291817232	0.8467769738117302	0.5658312982084038	-1.0072649090503487	-0.6449495649496929	0.7774991238774189	0.46480095687112183	0.2389062263812607	0.018777021592229243	-0.5303470363874585	-0.743874072108351	-0.2468769446537001	-0.5453418048117418	0.629689611986653	1.3892937816124975	0.5872659940093042	0.15224915408726591	1.5805412759215691	0.05943620149007548	0.736766317682089	0.1404592365294516	-0.6033715157095172	-0.051634299744122945	-0.06913781245618333	-0.24412087781553762	-0.413784787890689	0.24468286586050672	0.5732764466660537	-0.1576066681358349	-0.11794430858698801	0.01018747738652836	0.3533148614394512	0.08472997495633924	-0.49768529270596173	0.7123600795777664	0.1255952956290456	-0.5275385761962319	-0.5112769915443315	0.30533356336083106	-0.42032328038164163	0.17365374488353655	-0.5443718478228053	0.7309858748997887	-0.46919063445949877	-0.07022628088897605	-0.3983986995390452	0.3265359732117454	0.45925093329152733	0.44300342969579	0.2811801811089441	-0.3745238705268851	0.13238683792763434	-0.45305239377605594	-0.07338131029817559	-0.1571345645558123	0.07902328015534826	-0.7591329022789625	0.4559738664931014	-0.10239253387091288	0.3865866220898737	-0.18487252479620578	0.36507856206886363	-0.29450028627500024	-0.3330104286653129	-0.6982724223857087	0.5102210140714766	-0.676443463884124	0.04512487616415718	-0.4134971369596577	-0.45015909028577916	-0.28775114741857427	0.018237485744188438	-0.9305486066011348	0.18059221962269975	0.6409160519275999	-0.22995952557066596	-0.3784596044340384	0.34849384674902745	-0.06921938147887452	0.10412297405761563	-0.09269184227505882	-0.2741113168927065	-0.4914085924478312	0.3622722058051806	0.3101190177872651	-0.11848159655075281	-0.4584553396704237	-0.20228630729896746
DTXSID3026932	-0.4773081876002396	5.625309470175962	-0.7814590753071777	-4.7770711664642915	10.187677692975864	1.2107519364383472	0.597525122134905	-2.8947447554804975	-0.036801600299501684	-1.1231860525026263	-4.353683974722792	2.5257362308526914	-2.7737948061765256	-1.5958546629275294	0.011983225797993052	3.0646493982494074	2.30150180867258	2.220944122111057	0.5021055522981509	0.08145936442952416	1.4975766113432254	-0.050877025843289556	-1.257696500506512	-1.0222816508937491	1.8053060220407944	-0.36205811269296306	-2.5809413046024328	1.4612209029615963	-0.47659074848212796	0.8606779416474748	0.2957099300095679	-1.3941209855540462	0.9548048636506906	-1.5543903519038582	0.23830813422670397	1.3404442179220497	-0.5150444726127363	-0.6875173964560641	-0.2575955967862859	0.5485409286918629	-0.08038705917125397	0.12963421574127088	-0.9669432169748452	1.2864323466880718	-1.435735526614295	-1.2359807705347965	1.8501421261266	0.07443672684509761	-0.37283589602025663	-1.0839495930001124	0.5012538948603927	0.4735071413722566	-0.45533300158360096	0.7595119049838089	0.009092520234604337	0.12472458647528416	-0.9952601770904163	0.1892046494353778	-0.38994674432659115	0.6322217589120774	0.7038837879271316	0.7297663647683936	0.16843360061595233	-0.3649414226957472	0.07582627159500312	-1.1838558339641054	-0.8785349343433952	0.3946670281446729	-1.2748370948676173	-0.7181293522258053	0.7260909057021815	0.7902038395362478	-0.3385007951841752	-0.03957284675340038	-0.35433374253922	0.28511098429080284	0.589617034672325	0.8610611485428735	-0.5066848098313126	0.06108006049620791	-0.13788575222967608	0.5612220351991247	-0.829301791956833	0.2273002746566309	0.4730447666974539	0.27635558456535997	0.4626322889502378	-0.5586002387236726	0.33091431498499757	-0.08233485149158754	-0.43050265798650894	-0.7528895510829887	-0.4253606397191887	-0.2610960389139052	0.27857476417951815	-0.008014260189295273	0.00019149973526100484	0.3460461621555201	-0.09805607131912258	-0.06906340263039273
DTXSID7041178	1.05193029160151	-1.015256557849174	-2.790783094670098	3.95886474823047	-1.0360325072859244	-0.01357912268843004	-2.4990482067821294	-0.6083607796162196	2.0499593258504127	-0.7113733660691867	-0.14033672693247146	0.028278771964606802	3.4245519528633137	-1.70619459988183	-0.7405931921483739	0.13140939610256103	-1.7811601348174975	-0.9836897129791391	0.349553278431025	2.0673922142843035	-0.9501522080480045	0.8886948958990887	-0.6807108552734088	-1.071507355865522	2.9178713009062176	-1.422307502385223	1.6164278085365011	0.475159296775164	1.604997527373732	-0.7469096601355786	0.5424846514257124	0.9712253193412266	-0.022854476709236498	-0.7354218610848274	0.41795787591670763	0.3307921941038211	0.1375453434639981	-0.4132337681583967	-0.5062026107229888	0.6159888000750395	0.4321006619096445	-0.367201657219022	0.10893939233656859	0.6843984828522753	-0.32983058828501327	-0.7376116618253499	0.8136725437778789	-0.8385140322139275	-1.3823559850423914	-0.963043896240268	-0.9397326198224952	0.3890765219055947	0.8181171196019924	0.13658787759956895	0.5784921545176659	0.48377176039205533	0.8803478463613565	-1.2044528950314477	-2.223335653196168	0.7650196840641339	0.7809777374924528	1.3350409267427856	0.11103674404742962	-1.1703400502764065	0.21684858926551173	-1.167644336989068	-0.1577458198991713	0.24186345588526004	-0.749325297608812	1.4989615848447952	-0.2773352546615833	-1.4319385497807664	-0.11478716583143365	-0.13926273882276483	0.2858083946103705	-0.9991050749903356	1.6355224067621494	-2.231709490925156	0.4936480638202226	1.3484965633041923	-0.44553178295515433	-0.5931696545925503	-1.8955404164074863	-1.2251649447609396	1.0257881896359935	-0.5363911258296699	-1.4805386914506042	0.5644536417930961	0.8144167683070377	0.7617161689712026	0.4037478827953489	0.6391534624812969	0.25190862272162806	0.14881573559232444	0.7799321103311714	0.05912837925931807	-1.4302472495988179	0.23728535727078803	-0.2159128368866182	0.9494183534034982
DTXSID2040363	2.1230188804970385	-1.7926952467005681	-0.31938501595713853	-3.3853925935793114	-2.2549144468088316	-4.088456072801073	1.5280221406824839	1.4857988399540902	-0.2287115732195005	-1.860782786139273	-1.021253609606949	0.49973030227364057	1.2216965112644649	0.28527477451971195	-1.455512117148798	0.8691767401817372	1.8043015982589934	1.7303911718635567	0.6448818329147583	-0.09271974465755801	0.07932896975124107	1.3947058211965213	-0.783149112305685	1.1135254799647378	-1.6384031645651076	0.14296048690456223	-1.0250835744629778	-0.6005567742862198	0.6724052011566598	0.3980846767048654	0.307424247426229	-0.5901365205464356	0.5232335713758741	-0.36987389933913806	0.42890869534214904	0.4197931767436311	-0.062022511230291205	-0.7259294625628906	-0.07559850221131041	-1.0774200556529288	0.33338873720872614	-1.5239063853314267	-0.27411381835670756	-0.08043666345690537	-0.1983460110784784	0.47033080188618176	-0.005503255759863272	-0.0061461175557148365	-0.5606723399954058	-0.20729367996167453	-0.29118352851108564	0.04026667169087381	1.3010223248699246	-0.2362109409182587	-0.1470498382972649	-0.7007496525632211	-0.14368391032232083	-0.2577047213936183	0.1324088559557215	0.1823072051930995	-0.42591999177887396	-1.1251001739639725	-0.6579132176020132	0.0977989554572911	-0.2026420054617896	0.46844468919016946	0.018488227046792535	0.30025238523782116	0.4965298864108337	-0.13663754258066285	-0.6485936167240745	-0.9841408522820804	-0.12880284200941222	0.07056329743826141	-0.4457787232672259	-0.09416926883031419	-0.15948509972485986	-0.37441313009826416	0.4245000149021007	-0.17430438148800662	-0.082707058836162	0.2918279543363799	-0.10869381818810782	-0.046184764253110654	-0.7955533788800262	-0.5212822986117789	-0.6166453783438435	-0.21721701238057184	-0.27148646058273623	0.12711019583006264	0.3583664730423315	0.12476010457573757	0.5026056777636979	-0.7336444829594514	-0.4112157427906223	-0.23359637416955167	-0.09374197221668606	0.11565573800366066	-0.050313961996403936	0.06402039833888555
DTXSID0020652	-0.08440729706036512	0.9039373282689565	0.7649197977716566	0.935824216124271	2.1155645281183126	0.39056244084991737	-0.0431601917336909	-0.8848122011309297	1.2931361270215167	-3.391179376879969	0.09338939415443741	-1.3016031421314525	-0.6716150145057335	4.369692352931184	0.37009458680011875	-2.4200557949589037	-1.641510253875374	0.06556829404981285	2.7077266202241845	-0.6344380997695467	0.15954375904009133	-0.2868364492558229	0.4114472327750834	0.23731297471608487	-1.9638092916138135	0.5821627736134094	0.37685939844905597	-0.21500705889499744	0.5132907770138379	-1.0118952776499361	1.3192366106186035	-0.8011998469600362	-0.3936998930512671	-0.2376986127760627	-0.3236793765457573	1.250603187271861	-0.4028569748249105	1.2939489341094599	-1.2730639819291631	0.18307367764988586	0.3710325586577767	0.22010603265051162	-0.6906676707951449	0.21989189516372232	0.8806438930863558	0.6161415958484053	-0.11474704452342935	-1.563694158074396	0.3685077955141604	-0.38647133061291566	-0.8045010845177322	0.26900282471206155	-0.6101826724652191	-0.7221452274592453	-0.928026814611883	0.5555155591736046	0.35724646815276606	-0.20298626566634947	-0.2760840137071981	0.05470529813372417	0.3201601339508738	-0.4321432070024803	0.03673888823255499	0.14705105257610337	0.05926947900537124	0.40953175235193673	-0.008703615993741065	0.10474629400927937	0.4754040666602785	-0.5412361109851599	-0.6808197884740476	0.351691848842104	-0.5745837385874584	-0.8881841511338887	0.5428490245945279	0.29706597640476934	0.7342629284045206	-0.4460308225058286	0.20361620423432053	-0.2551268322738312	0.1811121236321381	-0.3506980915075043	0.5422909310019154	0.24144086745228435	-0.6513472947034057	0.08517561563848876	0.5267517337279862	-0.23395387416792585	-0.5314225635267019	0.13010752747135026	-0.21781248390079225	-0.20676869648915736	0.20334399944430792	-0.13777929728238375	-0.2343440957284151	0.13634735662786746	0.1559399944530086	-0.360500853491435	-0.32323237584169756	0.13027874674447618
DTXSID2042014	-8.349921268561388	1.2197300413989494	-2.614944703999536	3.2317254957455304	0.6612630285388781	-0.7315341972688527	0.7258196289757977	0.45430611892123474	0.28841642112589616	-0.5942095348568275	-0.2141968133506083	0.6271066556699662	2.5852517564056146	0.7022427388460183	0.6069713786097578	0.1551768428030585	-1.4018513475772263	-0.474514765425568	-2.0537072964044003	-1.9958507132130838	0.5541583781582754	0.7747569983518714	0.12024217137494916	-0.9539978258700271	0.8388199056017921	0.023587624385272357	-3.6967110951388316	0.5077015002323176	2.750998927969783	-1.990010594802363	2.6274190849797496	0.5592984588675517	1.5487677144053555	4.256029102482733	-4.556204660078755	1.4856470587534423	-4.245775210932704	-3.2906110303493965	2.780049504127067	1.0868290858619587	-2.654561938955363	0.3295832242187839	2.201312076725769	0.7482404488497325	-2.9990234435599175	1.2208535501874493	-1.0806359205535543	6.4755680653988215	1.2000655994436007	0.9533578902137164	-4.228519344286385	-4.133616575428802	-0.24515611578186194	-1.3313663890954612	3.702219450962505	0.765327389746885	0.13738576184398704	-1.5368947987508363	-2.218163075861269	-3.8045537331163217	1.427235487483847	-0.9084224822225319	-0.5533065722603865	0.5012155058216496	1.1375119207027906	0.053409224260280726	-0.9018996486510457	-0.2583439989785776	1.9916661396399211	0.5264295804438553	0.5702584645824229	0.7807458431636981	0.4106719446818683	-1.0169477548134103	0.13423226769268254	0.40728471568742447	0.8439540542796132	-1.5709513448772148	1.963387782858878	-0.0033679659403954483	0.09778905827296484	1.2121405140950547	-0.5534505717013809	0.058988237375897846	0.5740712894104694	0.2167506813036857	1.1974840205860353	0.04102210604303331	-0.9406256216916412	0.5211926717155464	-0.8163514185976549	-1.1441326839116384	0.5281831954852053	0.33885494433150476	0.13482716412971904	0.6300362954916575	0.3763159541409275	-1.0007273927872806	-0.924478208268374	-0.08058338703975994
DTXSID1041421	-2.6721430119597653	-2.132902956729006	0.10590346002764497	0.8566716058717855	-1.1640756402226062	-0.5746400044981983	1.7790805518649908	0.7126827535955771	1.8619178452186764	0.45506101746797084	3.2112035846912867	0.7896027999490358	1.248298171752619	-0.16096684469006867	0.2404075014309581	-0.5667085198572528	2.712279870202863	-2.343660601674785	2.1470096568153676	-0.16336248359497998	0.5989943107659045	0.3993480105415522	2.0554173285742365	-1.1126248318339065	1.333795503395868	0.607857899504065	0.2833950066163173	0.32597280055535416	-0.5040239983296904	-0.22712821627799748	0.908525362172575	0.13446584539633877	0.34810634513800315	-0.27265722083629573	0.6912481335382868	0.7342831732993437	0.1504330434372405	-1.2829144197840037	-0.7254842137031638	-0.29495909930798037	0.4306068332005521	0.43749426220379123	0.03906547140624577	1.3376966472704734	0.0805791425046228	-0.43189264812821276	-0.6738152662996684	-1.227817857338761	-0.9122199328402886	-0.9359603040080936	-0.8284313247253475	0.10932209783213989	-0.5558537040406927	-1.5800609181993872	-0.547122854120322	-0.6164756983301698	0.27285768973414126	-0.002231624290275377	-0.46810293756682925	0.26628294466264946	-0.3503024210899176	-1.4885468590634974	-0.5288230204446404	1.1279909285956151	0.20565734505277367	-0.0093552015726945	-0.3132904280093761	0.6207202313726711	0.020077037848606226	0.22061795464988726	0.4574487920654251	-0.007756524481899371	0.8823762998022432	0.33642065023512163	-0.9488132873327805	-0.41087787459463304	0.23454660316579096	-0.21438338521861086	0.8175159701232355	0.14290179774535525	-0.2823548064051752	0.2464986354921079	0.28076369004043805	0.6880129816822417	0.4902971378383601	-0.20257787163319854	0.6913760228850523	-0.04369035750225917	0.3744302188338526	-0.8351685127908443	-0.24901702479499013	-0.4123408776237364	-0.09236695643000335	-0.06420055133416472	-0.7801876245168416	-0.020748573281100465	-0.12270822723648653	0.019715804462226573	-0.16197659435750117	0.30899613212507937
DTXSID3020047	-8.687437757179282	2.299506740528542	-3.3978753468513543	0.5998315726101917	-0.6972453514743879	-0.8707991893498856	0.9048528568436137	-0.06910268529525378	0.12661131709966053	-0.07650126829853914	0.8321826881502731	-0.2813418828352209	2.5712207521216355	0.5259991276794215	1.5410913452421504	-0.3726558497971584	-1.3723315366285775	-0.35407726311042237	0.09786043042349478	1.7877467370519078	1.789540690096723	0.9599015023272949	0.4970204668840403	1.9239755192334556	0.3540955740594474	1.0168080827300028	-0.4514901102071514	-1.4789082341069173	-0.31620288935680374	1.0783454950841438	0.747916302312235	0.24570126369506345	0.7247735421284468	-0.41822789553139333	-0.46147666873326587	-0.22147915916697145	0.30412198393300405	0.5783315332683963	-0.4071126731038136	-0.32975868802646574	-0.32417493761713334	-0.6595834636180363	0.16487426998746754	0.030950453735005087	0.14226369124364902	0.1701595091135961	0.16414648636106843	0.37065374024370723	-0.49164776403711574	-1.2778779323403664	0.365998419709789	-0.8999765039046969	0.2825265989351845	-0.7068621759421452	-0.21962720104895334	0.40992003817206196	-0.6205908846055884	-0.5702290156428156	0.4798739277848452	1.084077004644145	-0.17952578191909468	-0.09344150856143821	0.7216343817267962	0.10399056593421065	0.08473988027938817	-0.667994767161359	-1.401878358692068	-0.005382813852356135	-0.2931428400792338	-0.10998196432637518	-0.9177217018155046	0.31665828499297033	-0.5664777739371284	1.025796455493919	1.1579597154101107	-0.9966832536873673	0.7694081211665313	-0.2046027507908861	-0.5769821661903649	-1.549797864185262	0.4703607229164767	-0.6983979310318544	-0.12287162626220487	1.4870581225716155	-0.10634009341591442	-0.19440700427563254	1.2773722496691553	0.09097770025940334	-0.2672735119561831	0.6158230123063966	-0.10671442811668926	0.17947944187839268	-0.31693443097524204	0.38328174202746745	0.24243345461319316	1.3520797448090895	0.025256934423059957	0.6293887070634151	-0.28186765543041165	-0.3129473464747555
DTXSID6022002	-5.730586776219421	3.5588776856310753	-3.0793833568801205	0.3501121494113495	-0.0009894223063558513	0.7192735454426017	3.4537862280207525	1.21632401797395	-0.7071836223254097	0.7409153310491039	1.4609504927401722	0.5435762781922444	0.40572312540069483	0.4659916025450682	-0.16275271609051944	0.711966806737795	-1.2598734273776153	-2.440180365818498	0.721847713138367	0.7805666279925823	-3.0338776015871924	0.2854267032210607	3.0692330415379105	-1.0611539406379695	-1.945888672131904	3.1042446538630872	2.2836648245488886	-2.01660320702271	-1.9413728942224515	1.7005403292809598	3.772440985740592	-0.9354646174855772	-1.5084821695634871	1.9923024641562583	3.814857316147602	1.326707160863837	-0.3281988347273416	1.3896986682218115	0.007659159372951225	2.1868922336490093	-3.230402197796781	-2.331648288817086	-0.26595941931954153	-2.039451199222411	-4.594227739602625	-0.9853746011527774	-0.09397687946801309	2.316338411293824	-0.04463206860206383	3.4925822027135576	0.792682283233004	1.6323972769920436	1.2675484998694353	2.1550384137965337	-1.9099519128005764	0.8769987192655112	-0.2876114586312252	0.0844868454418031	-2.0543235814853444	2.0906984929684587	0.045778206276266935	-0.9526978219572503	0.17226525680518648	-0.6748731750924427	0.8678013470013233	-0.9863058475263736	-0.48414740084378877	-0.6032535018659527	0.7517151262421797	2.5630722475379795	1.4770058517409113	-0.8016521772200285	0.06577947412310112	-1.6839655403201832	0.35705833522186886	0.4563625442189596	-0.07731588552351296	-0.9137881334646184	0.2038698591023807	0.3474558645201325	0.6586715166579424	0.9227656252297207	0.5279750920204473	0.6072300644747136	0.8617616161827458	-0.5617581217172087	0.19960926290199238	1.1288720868114892	-0.9789818818951225	0.30355308145180515	0.37725975669834844	-0.558437087692472	-0.17350496403976076	-0.18383996046792722	-0.10005084850001086	0.6457847378075776	0.15793087491332408	-0.3854024180516809	-0.3881060938620789	0.13708072308069236
DTXSID9045766	13.394150102054132	0.6664004030640719	-6.076889800558761	-4.770919439160979	16.664573348124726	0.9850086198047575	0.2972883064547857	-2.4883546261429323	5.4306307384844255	0.4667063941569637	-2.591135266781189	2.6776251702131773	-2.361492276724414	-3.3004660433491844	-0.4871946487184296	5.710574789575988	3.7233237955251828	-1.4997057862903536	3.0214524227041015	-5.601181149418812	2.7823057930051807	-1.1127147597670852	1.8780898782631859	1.1120607334340913	1.7997478715693884	-2.4372283661091707	1.5171864104424935	-3.675657481648835	1.0363768546807317	0.9706495808953218	-1.9213646483773612	-0.4795034760553964	1.4842349694737	-0.7782778196018946	-2.3713401978092867	-2.25162222504021	1.5230919842873678	-0.7461282223400486	0.8260551174636027	1.6978559521467655	-0.8823698293732556	-1.400255916855716	-0.17050229587949078	1.5636726244096597	-0.5694520315938016	-0.841532282508715	-0.5277701421661501	0.25567291454487673	-0.41780060383643713	-2.5965601974305805	0.9689120262961404	-1.869864306199512	0.8080506323205342	4.740183371767932	-1.5358072543791472	1.4090700323033383	0.17771163002055457	0.06331557493628737	0.13981974736414823	1.2836303489265704	0.7591530764000451	-2.0477315067100332	3.003375746238674	2.427066072647883	-0.594325878460803	0.428008130387889	1.3582098290141331	1.6820707592058874	-1.0695645742220938	1.2029129329385448	-0.6298999749637696	1.2040625568958732	0.4219813948603668	-2.199253387664912	-2.117183813524478	-0.7340894978235011	-0.16611437733359544	2.3727657177638846	1.70452246606577	-0.4017838331241474	0.009167693090855245	1.1733642169748177	-1.5836511351040126	0.10300216685105722	-0.5336757039172952	-0.3508823747689913	0.8683882169994823	1.397523163675645	-0.16535131620069146	0.3559612775385135	-0.704602191141277	-1.0375136149738904	0.026506801354900317	0.5451780975833646	1.8405192414912426	-0.48658169833869896	0.28012067666111523	0.2323127497402275	-0.14749614523669616	-0.2609103066274656
DTXSID40235137	6.662518618012628	-8.991639182659585	-9.726993960580172	0.7392379634347792	-1.399692157898541	-1.308823227562719	-9.55159347434023	-9.882019915929243	-1.12092502102226	-4.12638205142707	-9.23308705463642	15.438569946917404	-4.811119070069636	-3.9680212168588214	1.7556929727522577	-5.06232170581935	-2.9436253419702734	-7.668678554062516	0.09260833865351152	4.008911986022026	-4.157766873927793	-0.4105717365652043	-4.064056834913467	2.6594303743999386	-1.8767758261812584	6.730188332188732	2.8059690248778653	3.5440054770876044	-5.241912131462686	-2.1402449667878556	-0.8149950649030971	-0.8685972880327086	-3.2439425268448767	1.8317363679956615	-1.5097923956953425	0.39650052834675914	1.8767285645930891	1.1254242311028038	-1.943258328826258	2.5718640289604893	-3.0736643953044616	1.662552850678738	0.10171894763647157	-0.6530511146147295	0.5531533168890799	0.8157156668212567	-1.241380516737209	1.244421287763553	1.2682614739481761	-1.2358482594399187	-3.4319588889157013	-0.6872181460445752	3.6439237786925145	0.4149124672253907	1.5208232124558607	-1.524418674091321	-0.37889123413671416	2.8761867497097517	-1.0218062003460096	-0.14810935008626544	-0.07955201692270451	-0.8022810946893798	-1.701571865716997	0.8319149742155747	-1.4584991141285715	0.9621953029395789	-1.2429030945785753	1.180444904759691	-2.243440712942114	2.302212512513481	-0.38807761957135706	-0.6735116379817123	-4.19825021493606	-0.6527424010573818	0.21905309446913804	-1.4707644227579741	2.4323616372923698	1.1578201302445106	1.035079641533177	0.37100963527664527	3.5423784326597554	1.2766422922496072	-0.2684736731804468	-2.090752263041848	2.6025992006670435	-2.2864848347962585	-2.7056835696399557	3.168294977394546	-0.7024561201050278	0.11418864150853641	-2.362672981733243	4.827889280561269	2.1637245768156665	2.963080174910377	-6.40994625064002	0.14584290938045666	-3.7064993407926665	-2.895223089467138	2.4901136488007976	-2.846038217689973
DTXSID8048945	5.920665710062933	-3.05480706131504	-1.801764565430707	-1.1224992391140869	-2.4066681158065433	2.6847784505964656	-3.236722585197408	-0.3750508186499259	-0.9653072296665698	-0.03693986997029739	-0.5915834517405063	-0.6382473145106639	-1.0291740335934205	0.017474508897193236	0.4661537214661606	-1.063598065100536	1.2427318984330142	0.742576738617395	0.24103870056559748	0.5269819245615359	1.260820825209936	0.05671650715708517	0.7973279812455029	0.63539731430286	-0.14334442297053207	1.5720033358317196	0.46813982743155974	-0.0417479158069209	2.5848052433845687	2.042490300246925	-1.7244328673888956	0.21934698338505196	0.9758457203600117	-0.47615183742127415	-1.925563992137847	-0.06927225967776313	0.5471380290829474	0.8601750959594961	0.4732142020302671	0.41292644748773366	-1.075244440346583	-1.223911213598928	0.544765106788257	-0.9712837663781682	-0.6098720838747088	-0.20122436227599544	0.02877628456631111	-1.2562589998410905	1.4574948602766769	0.12787251984236286	-0.2577549819911101	-0.4054697677025861	0.9244476472977957	0.1640858704370456	0.25053693692140067	-0.5967898790308728	0.8707098986621045	0.951756988240621	2.1020156987831933	0.029166115303180015	-0.973841110199374	1.0399306364589533	-2.1257052455827075	0.751440827466945	2.1471679317038284	-2.203661740647108	-1.2530328217681652	-1.3854954981097931	-0.061089506355493546	0.8337565110264284	0.23593015609081985	1.6156789345219928	-1.0165510348332643	0.15605942475649354	1.6065461387348048	0.36193878116276346	0.6047025899203394	0.3031292412129515	-0.014237524806266376	0.5871675615662479	-0.037893671042395556	0.16177117833459365	1.0675993740956495	0.9796981646945138	-0.33115670772846073	-0.9149407642442244	-0.5887752478189877	0.206028811127807	0.9970535582377448	0.6686484271734946	-0.0978461523916989	0.2691392405705987	0.7457984749468424	-0.499427626306132	-0.30391193278838624	1.2942710695985	-0.5588570521375704	0.1157020890760561	-0.27358977303141635	0.8954252917267166
DTXSID8021808	-7.93944070242144	1.2255153235956622	1.6584613918927362	1.8497998633622597	-0.7030900831200115	-0.7184027393147988	0.8590162820543692	-1.089031294786744	-0.2236804080499741	-0.009248912062323358	1.0853057299722975	0.14085774199376858	0.4732271649831854	-0.4989404447643511	0.417217546906411	-0.19987332032871927	-0.7564016173648496	0.2743584397810277	0.6394600023837441	-0.5919027898905055	-0.3513394487179689	0.22913325223478032	-0.28233678532976464	0.3183494290165506	-0.7895802833311768	0.315474682085885	-0.3284525199062711	-0.6510807031314723	-0.2955500576421436	-0.569856872984284	0.06711524872432831	0.21392038297897323	-0.6404633101900798	-0.14250971331884277	-0.6079253074478699	0.41006457240806254	-0.18154129159843801	1.0283297969250935	-0.6779332649179188	-0.07966769308483555	0.1628067647170444	0.6560755314321473	-0.11908350177146185	-0.1132601977895017	0.34807259425341686	0.41101892348140423	-0.22891233571542463	0.5214006379164978	0.2669485678347254	0.010342867270199032	-0.2094706227118191	0.1199258048317573	-0.11474108224676999	0.19302427846125134	0.195201332243122	0.230614412400107	0.19994277828150503	-0.11423962720847457	0.18183692169904697	0.4281765695668934	0.4006532369172017	-0.39094101779929447	0.6264473122696936	-0.3785176394001389	-0.040857527024249315	-0.5496941383073789	-0.5732321132375682	0.3390323021649632	-0.18027742052626525	0.46084867159871246	0.24284181375216055	0.007549096727821616	-0.2520871168679991	0.13629823630562227	0.08820822066590221	0.17412683880500457	-0.09370893844018321	0.21603800448539676	-0.10805764413837005	0.3006500960635013	-0.11919026878448795	0.009379105452856085	-0.28513530025178535	0.019066729361965025	0.025395535863652754	-0.33708803657807085	0.06381787029200826	0.09484744771184622	0.37298739427273253	-0.01157178151578082	0.08927127379313256	-0.09940727264904908	0.09742272076195242	-0.0745713295220568	0.15873286543933865	0.006301114426136477	0.07408855349397468	-0.16788056220796488	-0.028517428168867376	0.11967979509228005
DTXSID2024163	-2.188760325766375	-2.368262744380861	-4.306393321941339	-0.4406333972196506	-2.61994731794945	2.9437849764966253	0.31205734139435676	-1.0715315238698981	-2.648147293740338	-0.029696713918739633	-0.5285974370533989	-1.071281864274824	0.33334197980727737	0.34079731585517153	-0.10521141003799972	-0.19853809987442614	3.187322509721718	-0.03871502316015018	1.5079436197763771	-1.6591993889449599	1.9952933916163447	1.4177739160907115	1.3586913662613695	2.212712370561734	-1.1378043622570073	-0.3356770082541765	1.2584579798794238	-0.13239267899207607	3.91878107706263	1.7666260102404556	-2.1586347158392	0.8705599193773206	-0.11981130318720143	0.45959040427310627	-2.4877523217527986	0.7438552277534819	-0.47260683788173663	1.3239710377584504	0.4623298585956226	0.37735709240199317	-0.7760179820954729	-1.4024466231664645	-0.2676561589706052	-2.2006096120844396	-1.8358185413117432	-0.3022182647027806	-1.2806178022371824	-1.7133781277953255	-0.7746430918264663	1.538408437581262	0.7919563867785369	1.1366865578190832	-1.211329408336235	-2.394742374593122	0.00045220403108679785	-1.7468656263040188	-0.08972038163140489	0.8875031329512285	1.018827001092352	-1.7527169197929056	-1.2027921306172575	1.435785084734203	-0.33435034282875514	-1.5782669850323303	1.3001671777660526	-0.49464010020760263	-0.7546261245406601	0.2807870763117597	-1.1766044290572424	0.024526534601961438	0.9758014623026156	-0.7029914687489727	-0.30378516227428753	0.27323842592363606	0.23419472405723735	0.08681184001814768	0.04419881657374461	-0.1791168803247716	-0.06975364547508463	0.02519440516347473	-1.012972006881294	-0.6100669295732621	0.6696534364462331	0.030503698109169645	0.1149011680970974	0.3590340065996685	-0.24022740424814265	-0.051129821781922005	0.21414535100179083	0.10866041228286523	-0.323923812947044	-0.10990483049161834	0.1595430957047417	-0.003376024384682055	-0.12727970081514092	-0.0934997850454414	-0.0020730870279935375	0.4071222934503692	-0.07931772770528656	-0.041889925575694
DTXSID4021131	-2.9261159664734717	-2.0416268017400925	5.454708727904839	-1.9041647391841083	0.10385642347028577	2.8266108048079217	-0.6544208879288009	0.3881682135278112	-0.6886642146691089	0.09729778142358951	-1.5051998717707593	0.05759335686841049	2.8198031435621065	-1.6563597810293398	0.3207189961335912	-0.7199622632434476	-0.26592909370731194	0.6164665645008289	-0.3262311977737433	0.5323082962399213	0.6443807299170902	-0.660751522295705	0.3687238875623865	-0.7830524627946406	-0.25917562600132077	0.8794208065153113	-0.29824810738127566	0.8774048932422487	-0.7111356355250285	0.7126247289906583	-0.5373208141400009	-0.5714550136452748	-1.0784012469216426	-0.01585859381509194	-0.560211613127715	-0.16573349896468711	0.48247482320169244	0.6151201098835195	0.5546389760930338	-0.19774785900904826	0.2638998641850917	0.019885193382876098	-0.40314582943571825	-0.6393458657414747	0.37782619415124824	-0.09823643025962872	0.1190380907344145	0.21329369544687743	0.6218171229507222	0.6992703911777864	-0.5369790308118193	-0.12941372571491455	-0.11578921491289154	0.2573594712758747	0.46501057216496533	0.4521012759788775	-0.19921986779332979	-0.4700023761613738	0.9555158194163192	0.17310458215313482	-0.5856148933269116	-0.06206171883189345	1.4028624049978666	0.2817847919076163	1.1589561771784092	-0.8644945415571913	0.12015416173923262	-0.8169131678168247	0.6107577171447455	0.34131316660909244	1.2250325855545374	0.3506175507693296	0.6363698064570396	1.2828339305266019	0.2612352564855755	0.14570227868200192	0.3715770092639798	0.1297927795345597	0.5187872688518583	0.5466183613603891	0.033060194821244185	0.039733544136542176	0.1528303965980355	0.0849947320729956	0.032028592455797936	0.4011713753929628	-0.5956906531482057	0.3638303172166778	0.31864095146265914	0.02973831436116738	0.3037750165739027	0.0754236472530073	0.18775181537084856	0.17521669756213437	-0.02891713077325513	0.2570542061650995	-0.22262652857639517	-0.47598769902292476	0.1362061923437973	0.2394004043767047
DTXSID0020494	-7.2766185887114645	2.0332345270830516	-3.9234555408110166	1.4231973565287328	1.1259506292906976	-0.43701697299291864	0.4005879408413516	-0.2767825407453044	0.46183397616814925	0.5246421237289696	-0.38155650210395226	0.5373771391296592	0.8056997057684147	-0.66008543604065	-0.6493350519607048	-1.3038764906942168	-0.7871100267118684	-1.627780841640923	0.2904386201936922	0.0772877096424174	-0.5455075761585988	-0.2954481334611257	0.24028211261111093	-0.5390695098408147	0.258537581019385	-0.27103521995188207	0.050935937933028294	0.18352167900365635	-0.6044197247493284	-0.39566596389801656	-0.05839503766448222	0.4138369904010156	-0.5832444516041088	1.0358855538897023	0.12659815167098645	0.0365077500109563	-0.1349347894409871	0.3542924514471599	-0.10542936575776897	0.6294563175749058	0.026288954418676472	0.4754141624327732	-0.34763789391778704	-0.2625155901907708	0.4006509919718734	-0.006514629337050337	-1.0199853941696604	0.20810005273665505	-0.2600483715903155	-0.30242748858942775	0.3710475037031101	0.27426725208274944	0.40867936479961636	-0.47254255220710023	0.05164841662668192	-0.31169100702753877	-0.8048382082049864	0.04125851136095084	-0.5426055095101626	0.06624035188116756	-0.7143734111265129	-0.5565980620853834	-0.20656925254123223	-0.0024899371776050602	0.7812585389729788	-0.11662810722106363	0.7593052991523758	0.19522217381582588	0.2642351894046911	0.5792789291988262	-0.6388881137448719	-0.21099672429121957	0.3139531017844425	0.7037600000597151	-0.06987246391492828	0.3619879657962445	-0.07584641839197714	0.058019170171278424	-0.44719041506785684	0.34392892886806975	-0.133032654762242	-0.17106432556805015	0.23549099696955653	-0.6968333122637163	0.3297239501832016	0.03646250936027817	-0.1800645915527627	0.1993192287572503	-0.22706501688687905	0.10668858737302701	-0.0821594301732697	0.20795896584842774	-0.7815711221534652	-0.07055346774116644	-0.019368865882831866	-0.13146689212028542	-0.9718983247585459	-0.2878855092668223	-0.6549522394288824	0.198467227677063
DTXSID5045625	0.4270884401125429	-2.9290201055498732	-2.0518689938357877	-0.6771402607247087	-3.101981246509303	-0.2236824067604085	2.6389328396747933	3.190225144927414	0.6127222160963367	-4.580543420623677	0.24402644393392967	0.8758797304906979	1.9611206710812907	-1.0790868860537752	3.0489123246628616	-1.3475149049168254	2.4738307902094956	4.347555496440358	2.767684734095845	0.6931883566551185	-5.693912779666881	-6.040549244019414	6.612161654298304	3.1290813015703427	6.058558227664804	-0.2609641107232739	-1.3751633655760056	0.3431208597215084	-0.746296099119865	2.1799769563886877	-1.8152647337934336	1.9485390095984982	1.0013645299519285	3.7346758325066776	2.25684531506537	-3.458568663581149	-4.4095687553850125	6.613893981095263	1.19070950619318	-3.71626490450069	-3.8987522667221426	4.570227402475753	5.445950515748485	7.410056572231524	-1.287378528222105	-6.911182506553399	-2.4171154114531386	-2.616302963683421	2.1823738891827698	-0.40052663680160194	-1.9510658099362486	0.45660245769480995	-2.593790687676616	-0.7203645049994611	-2.5679938524148427	-1.7317885845843117	-0.5522661856993805	-0.8999581241500157	1.7189346927164995	0.0035102408770721822	-0.7579280019937952	0.35927437549811525	1.4003879794490435	-0.6986160752944522	0.9216396528047158	2.5680552307691227	-0.5458386305894668	1.052361513086264	0.1709260624166196	1.326719016517156	-1.0909619933612549	-0.06288603144458023	-1.6905574050858638	-1.5853795805182007	2.326551250934181	-0.2395686793500451	-0.6739768467031282	-0.15176244117899715	1.1000489394372956	0.14715270244608072	0.024453661341068893	1.1023801197255338	-0.7941080721066609	-0.16665622507772582	-2.0732191770567105	1.096262968682022	-0.9367776871472347	-0.15821948808847397	-1.0867530040695035	-0.26706171498578224	-0.9811393090977778	0.003361758772328298	1.1809803066483533	-1.877912144174924	0.9119152574190083	-0.3236200537191063	0.6267648125783972	0.04955717379563852	-0.9159411741037223	-0.710045067600519
DTXSID8021939	-6.378154627129789	4.00137114699039	-1.7119561721296213	-0.12010577206673907	3.915639307307295	0.9670002561248211	0.22040320044228562	0.1898487389308366	-0.20853661498326137	-0.6616684256838138	-1.6151872429489544	1.8986558673554172	-0.986752143671754	0.022463278284398206	-0.324037462434807	1.2976494560535028	0.4728677454203707	0.5853830765704021	0.763648920912	0.13287999631120959	0.059797067779566414	0.3759912549378965	-0.33406429194582254	-0.39365802031807	0.5688114660449886	-0.49424354752768207	-0.727852312394589	0.1578119043482968	-0.49424668933229327	0.07333857435784295	-0.09582683969415894	-0.5754883513765351	0.374833286898537	-0.42280156777574823	0.21445863238078372	0.5623790134730374	-0.04184336038116819	0.0711167902791193	-0.13456660063391646	0.29225633672102114	0.08111423333369559	-0.07796864267026396	-0.44467049000460546	0.5064447805978748	-0.3230025923833106	-0.832014703148162	0.18495123365560798	0.30870031770720785	-0.08534260808304804	-0.334088875035448	-0.02886577564568616	-0.04994708995938251	0.26924682163460756	0.27019584752764325	0.0806745588267993	0.13256505418964531	-0.23814040096908284	-0.3005350113282433	-0.41903668186463866	-0.10360829790242114	-0.14073385887042011	0.3552751317986732	-0.24114439027779713	-0.0962101695295013	-0.05347071545413282	-0.3518679283601177	0.047848890775158366	0.5697948843623387	-0.42936843413038933	-0.3677143603749684	0.05331436567483254	-0.1984492684267933	-0.3497623872999238	0.09943091114620431	-0.05647733865553984	0.3083525615870755	-0.3213459549635249	-0.17109662775653295	-0.12783881184148288	0.17406505862370178	-0.1407992187406186	-0.007408699914372445	0.07923271936508701	0.20693902405683048	-0.02474973716898451	-0.008799484143954409	-0.2280630257242735	0.5954516121602621	-0.266437136417835	-0.2504777865535823	0.05976236343433507	-0.10861593810602171	-0.43931354728377037	-0.15349915008717785	-0.7379282980792358	0.10545210345049884	-0.28382582197102785	0.07543983762274252	-0.7776164786108917	0.14348997743585598
DTXSID0021410	3.116285345742227	-0.2610945936725475	1.0257598562422146	-4.369109956834671	0.1820941646418239	0.562010527372045	4.0444188474536595	2.410977613950383	-0.9156976751968956	-0.3451824932968159	-2.946022210656903	-1.7141175313165053	0.9715944903186096	-0.005831676187577125	-0.2531360025352356	1.8059685256327231	-1.3733703483329895	-1.5581083026332172	0.086433050087158	0.14224178759887576	-1.7681881075352923	0.2869342183555934	-1.7432736028263565	-0.3108527361874555	2.6394241697810252	2.009079010287334	1.1799556786923207	-0.6301948404774486	-1.0334074486566027	-1.1196441549300926	0.9446565594495251	2.0193007937040828	0.12473033887564247	-1.692216699004084	-1.5017590143531938	0.2345282899583983	0.1856225035324436	0.33936601395342614	-0.8061429714727496	0.9518879599583924	-0.1268529916904551	-1.2948713984421738	-2.6484762712517758	3.787755601554053	0.4096281558167505	1.5319590547587936	0.6194092197551987	1.1446367501052759	0.38107155297503426	0.8790086513894618	0.890806622614706	0.9658926398676893	-0.8268740022724668	-1.8260531224797298	-0.32539575523185865	2.0617713225053396	0.9048891811911616	1.718783850944187	0.23753010743473346	0.5006373887579721	-2.5045390269705043	2.175800617495514	-0.4424852539164177	-1.5393683249373071	-0.47810425339571627	1.151273641056584	-0.1433398714078023	-0.2583795063557711	1.9730902670947783	0.6116715001413663	-0.17875889685715696	3.004182837111901	-0.12968728692055656	1.267131706235656	-0.2623386207073759	-0.37016424289951677	-0.9814340998706392	-0.05881438628610543	0.46322240610940507	-0.24541546278677825	-0.1785541493834272	-0.8652380439004437	0.0496615102888922	-0.7169187299233319	-1.6439799131928277	0.6677858727170038	-0.3993591041799774	1.1644821174068405	0.825035625714551	-0.5396195441822725	0.013478436587967846	-1.314534980935155	0.24154933966114298	-0.13882085639741565	-0.5691142889968905	0.24107143494381772	-1.039378495749074	-0.7910411782001954	-0.6261386567356969	0.5834746319732997
DTXSID8048785	10.48374207016681	-6.037556771536943	1.8154567923782554	-1.927176999902854	-5.131303054492005	2.568856839827566	3.498743193225699	1.327522183924838	-0.442225620587196	-3.4267336346837967	-0.8865457989797814	-1.478878490700378	1.891267322214831	-2.269815321702531	3.0446508248028166	0.6802631817890767	-1.33119906555561	5.237091634494979	1.502275945255478	0.5805060507351897	-3.7879334874997412	-7.133173212587224	7.592437968832271	4.477655484447865	7.009871490287538	-0.6898437699038564	-1.6093980709115567	0.49482572852286	-0.18941349020329964	2.227250042755497	-1.3226612658830244	-2.22804843723933	-0.8171974762619091	-0.3079758821546128	-0.38794491958517113	-0.38654896387284093	0.5727953717006352	1.969331682973315	-1.3710758578687858	-0.16168029352233956	1.7155691017294155	2.7664621122945428	-0.25477511227501565	-0.14964654486538517	-1.174827751755307	0.6280907857773138	0.5972567416804486	1.548839147865784	1.0456000714077243	0.7590269755184677	-1.230578929167908	0.05079240957755934	0.39451340897291115	0.2905900516909334	2.3377763104396423	1.3495651678293354	-0.9406663123340978	-0.059578121964511954	1.3827252385873696	0.4859299910933008	0.07615730266265662	-1.2094761616913574	-0.08168252421189495	-0.9784429744305018	-0.3667770231249429	-0.8555823698966426	-0.1589611799766025	0.21524253903674267	-0.575183256604426	0.708112308888212	1.0563636522884994	0.0633103668246692	-1.5380120693120094	1.4569072182290064	0.7630841401232699	-2.0109630229517492	0.6340093846735718	1.7934284662314008	0.3423691931958055	-1.9750226861967233	-1.2902541854003458	0.6345420061150179	-0.9231169851069224	0.2028632498584791	1.6539701179452113	-1.1090238056928527	-0.21419531667021738	1.075001443215577	1.4318515684291666	-0.26977180437053516	0.8683652325033335	0.6292689721812984	0.6596699218086095	0.46933999260250386	0.045222360398334466	0.619339535138034	0.39030118129401137	0.8779143985944489	-1.5859468443718674	-0.3878672964544373
DTXSID8057722	0.7026042887084769	-0.8139154235209918	-1.1807476741719596	-0.6088239068595461	0.5831633419013871	0.7034840561167502	2.587305422663949	1.4832693606047962	0.49904062018303574	1.0884192832028365	5.0380115328366495	0.093121292075496	-0.23441178176081415	0.4091730580489069	0.5609477889427148	1.5595941633448547	-0.1526944564783128	-3.0903255601996014	1.5387036406865446	-1.3055709442100052	-2.756024485662372	-0.24577651880766518	2.2666579507844475	-1.2091211153339612	-0.8781549436433139	4.337830020859983	1.3476234347043081	-3.060730739792665	-2.988136918053605	2.730982186914392	3.7562410533172015	-0.807274813397578	-2.513629037600081	1.3551443406542865	2.772389598279939	1.9347729571870438	-0.08518761523165062	2.5029306987534454	-0.5383347630652161	1.9088531622044242	-1.8704011574966601	-0.8658184895414835	-0.6076672522243596	-1.919756755493398	-4.918299136732626	-0.4262896854416449	0.875079725597621	2.2960699257287525	-0.8912028120296659	3.7127839282673505	0.6121696701341665	1.1026908343860296	0.3700887548945911	3.1507723115478807	-0.43911775284199633	1.10496607779631	-0.03106563397075025	-1.625331388632114	-0.3260537132844058	3.0368278591051814	-0.11830166233172809	0.12395427480554239	1.203547908364629	-2.285805319513627	0.9053950257636856	-1.4202432513108842	-0.589040676207936	-0.8449822120675708	1.0196743742739491	1.0955726984069885	1.6360020091590473	-0.7992490900664729	-1.1576194976988314	-0.36846088447941094	0.8775408720454998	2.2002578870045073	-0.38165779502659997	-2.1929368447602315	0.8142519102885987	1.0799836450922309	0.27112232424233124	0.6067692965768685	0.3778292460431183	-0.25584207081460464	-0.7024988632587579	-0.5997571343189185	0.13278973490946921	0.8430625818512683	-1.4123653110535215	0.265431628025152	-0.3644239817018836	-0.6339932347675991	0.27542077623962713	-0.2163497324826716	0.07663397892200362	-0.4287338367911692	-0.4701485119400012	-0.31535086443257926	-0.1482083744655162	0.7827320466636598
DTXSID6046686	6.243059150917849	1.286689154052203	1.2718607671397155	0.99320325467687	0.8013900840626591	-1.552997720713083	-1.4339894041555243	-0.12532454436545873	1.297520788631218	-3.1567922839780165	0.9847596210773958	-0.523199801766411	-2.484870184644212	5.419056899576431	3.179588746078408	0.4427354727123662	-0.6458965289885777	-2.1839119652172894	1.3372666216342237	-1.5326546362623235	1.5346307767717036	0.08492713027030052	3.8161645575781917	-3.6567371833823725	-0.9970640027577348	0.017342134435833892	0.15899288964628175	1.704014715085365	-0.20989891057766713	-0.3785670665967218	0.40147307821762745	-0.24815279626672615	-0.6455680481039932	0.2097238236584521	0.2697961508164964	1.6807415980511098	-1.3960110896230602	0.9968412021966931	-0.9827286351621906	-0.5435415654521053	0.5279056430965376	0.47504407914121133	0.10889096991833443	-0.8445634324166271	0.5413892116383361	-0.24661797693378132	-0.17304477801620183	-2.190100797456179	-0.8564311553369659	-0.26429674471755443	-0.0928743465036967	-1.8334984317627203	-1.641487042173185	-0.30840724797620006	-0.619784284939421	0.8377690076375791	1.3244536258043884	-0.3415632316973189	0.5210259448762123	0.18982905174588494	-1.1557267330345655	1.0475983598346996	-0.6255702107103646	1.8760128225266275	-0.570532983805573	1.1057719805321669	-0.2576478201841209	-0.6419409223379053	-0.8556181517806083	0.7047594998696562	-1.2812890264479206	1.239604298820308	-0.5665404360098619	-0.39052912298520137	0.12602276940019927	0.28723204265318275	0.1887066522405896	-0.15389757104080853	0.4315282963928331	0.11237021663746767	0.8145883015820532	-0.9724733611344305	2.1989045350969376	-0.14699302977736714	0.3951265226062579	0.14152692234730496	0.4364065049715189	-0.5813917963028569	-0.2156911724438467	-0.21252176621809568	-0.30353540829007225	0.6972731882710508	0.15884901051749203	0.43925540420670806	0.9555101655781039	0.7268360488040577	-0.023616155155042767	-0.38131519347857107	0.1929877596860776	0.10116118609619701
DTXSID3021853	-3.4178885925891715	2.6380985537481716	-4.206132341245321	4.150097133154008	0.3389559502979893	-0.31262775192786957	7.120778567210568	3.333663274076853	-1.7431042715085185	4.097431190600498	-1.9506705670681501	3.6782366198086955	2.3296882112592057	-0.45252662538559474	0.5268701912617557	-1.187963035679658	-1.748918254589749	-0.25051598826965293	3.131738998416123	-0.24808985900300976	-0.09410547345183011	0.2567131024325096	-0.24118848069281104	0.4656314405231044	-0.6130465379259272	0.7059013821014729	-0.9322753789986731	0.004411212349390551	-0.6964344937286303	0.2753953270664606	0.4921043618520263	1.082308461039985	-0.3533031163982904	1.8177056298872278	0.5721862840884948	0.6473067451876632	-0.0971030421505041	1.6466015769363527	-0.7037258089722627	-0.03803877845177855	-0.14441630093266422	-0.07157387410098066	-0.4374263274051983	-1.4573030882093634	0.8188914151369859	0.6276224289013482	-1.2811639507943406	0.18010130601792193	0.008697525039010615	-0.21198214217825337	-0.3284184093614411	-1.564398798408564	-0.9142229675183443	-0.6976058241329799	-0.6569708156293129	-0.5357737829530459	0.06708147329473496	-0.5301068773609456	-0.6629428337434866	-0.34312415398223123	0.45360558260756334	-1.9338057491587806	0.14429863191694034	-0.8783619370290722	0.729605451775777	-2.7481595173820663	1.312089957574781	-1.2422744878684724	0.30869009114058077	0.25273921378914954	-0.6609050570669571	-1.997400371716211	-0.5099742645102144	-0.6739997140383083	0.890524900975164	0.013189680609110806	-1.4881484093996953	0.2280257575555307	-0.2697941498546201	-1.00357691458522	2.201519969632955	-2.188757850810101	1.402646916048926	-3.344421014901674	-2.461353006446068	1.2616730104274578	-0.8446000266881248	-0.6075063776364881	-0.25999864864337574	-0.5445041402359698	2.393546337503034	-1.0391749231918344	1.3778402454106908	0.09239223435179414	-0.6866957754267725	3.3199939795841904	-1.0650996103974535	-0.7126185555410577	0.11914426648379606	3.1566614979535856
DTXSID7031294	-7.029088637219611	1.5445200006130007	-3.6381161762889715	3.7056869746015413	1.2353940413735645	-0.8312243227737419	0.8103572938655369	-1.0695585122184799	0.3943070040738915	-3.3743959280032287	-0.31942357372702634	-1.3974085974343575	1.4500196603173363	4.605904701483469	0.152655426832399	-1.7861448653173462	-1.1408306467810951	-1.2246131979128876	3.5173654631695204	0.702782283561658	0.07924572242785388	0.5813927771120715	0.6266299635946652	-0.47477104823092503	-0.661832804513575	0.09980469845612588	0.06337929251309439	-0.009888127175367875	-0.27327045587444193	-0.03464366845385245	1.0971723990373492	-0.10339585816260945	-0.7128193173811528	0.4803554280419666	-0.6154416255456427	0.5573070261636303	0.1744812834264403	1.183946598875019	-0.15791817127462843	0.01757821856845572	0.5645938799504043	0.13699171380189007	-0.49924478638670594	-0.41290662789270355	0.7024089260088633	-0.39350793991785815	-0.61335141608539	-0.625245818316029	-0.0925912490339516	-0.37493729221259825	-0.756481550142522	-0.4032494777378725	-0.04603482131484534	-0.706899816339105	-0.7702610792985518	0.461869880793291	-0.05094564951304585	-0.7655132434346025	-0.6758986762575494	0.5169356997915863	-0.22471399320402585	-0.5558181437333152	0.4663561434562033	0.27840206340293	0.14012037542670513	0.08497614605524069	-0.4434920842884604	0.12671450719130337	0.49702324951302207	0.021831777568150777	-0.46324524276794415	-0.4981510321297526	0.2256185036175733	-0.12565242005645488	0.24676556429567506	0.27390224024094145	0.20874530118726062	0.3081489729770672	-0.3151331948029842	-0.6227721333482031	-0.2889238033916015	0.5475335141236091	0.6130876137382988	-0.42244878817305864	-0.6847147095277168	-0.6755556543012741	-0.27991109085198923	0.4222785699001609	-0.6734543088397996	0.19758606213398586	-0.29463656300033225	0.36876291762034574	-0.0759223865350813	0.2930656866325322	0.38604309470440695	0.19816531825573164	-0.4767653486146008	-0.23042808404361223	0.13732885077542042	0.7486884299666756
DTXSID6049305	-1.4436015985396236	0.11134715563805356	-1.9557701985630673	-1.9392263904949507	2.212992778806506	-1.0279460361817323	-0.9031168322684819	-0.9950581784190233	-0.006316268170624778	-1.7426159420777239	-2.5550203944301497	1.9829908133537468	-0.6989858920752977	-2.2152075543076055	0.09648345974002452	0.7536590855167732	-0.840783663485048	0.23630371494895136	1.1586150290497028	2.041874409373034	0.047028594645105275	0.7426511816181901	-2.6712086885307977	-1.7579515457960126	2.9473770809100506	2.685397254008111	1.8092083531616043	0.0109251737542512	-0.16726420041716575	1.1200480754710787	0.1910888496980217	-0.10582866247096928	0.6903598217097217	-0.4488045390091185	-0.9105862351806027	0.836231124352317	-0.9025203390878621	1.0365554459862527	-0.7649828517557735	0.7886601479539882	0.6530254189447832	0.11113245153100094	-2.4617552916325582	2.941106432134272	-0.2626873113251652	1.5452103972137274	-0.9574258892964174	2.8678162072669626	1.7148364969105923	-0.8682523922650138	1.1423636107417219	1.1796869593103545	-1.1193236807761282	-1.6042695946485568	-1.3190612465843867	0.970657931783932	1.2409625597150802	0.42980503083356336	-1.295829255237821	1.49504549783452	-1.0114203650011122	0.3949862828022317	-0.7512204859977377	0.7595884340498403	1.1685810372974343	-0.5732664128238069	-1.2161286192029372	0.09817277263332605	0.23007466580846067	0.8469019241676717	0.4107592864231846	1.705528607204926	-0.2778542214482918	0.9544866961315216	-0.7649699230307403	-0.02324705090986425	-0.4288751952388528	0.18013839874127685	0.5438937337382901	-0.9892121449020329	-0.7264011077211829	0.7065968627221596	-0.01886256160735301	-1.0430908963694954	-0.18836684774065615	0.4177852234000983	-0.21049820556612825	-0.27489579826436134	-0.06282280256568656	-0.024675393911258312	-0.3577420576749801	0.24753533318649132	-1.081213941338986	0.7915533463427604	0.7790392235413155	0.4474142154696116	-0.9283918379175032	0.20428390546992967	-0.05239310111008283	0.4283053467233444
DTXSID4026050	-5.18115566278456	-0.3177354608005248	4.59640659907359	-2.506882939390825	1.2809646323824142	1.4224353002023038	-0.11296156258895773	-1.5536897573761002	-0.6423383474137131	0.44323993081026763	-1.937254291368558	0.42249218836944064	2.769470000321742	-0.9959627706652037	-0.44090947146014803	0.07386767039296624	-0.22264171197699387	0.39623911817482355	-0.9326916392898453	0.8903776684498081	-0.22015126779349348	-0.3581711963916922	0.2797536822095097	-1.0573031428922155	0.1782362800855676	-0.07411579106660088	-0.41702899422577705	-0.0037546422517886874	-0.26379153940251837	0.038614458915830915	0.3360427963757337	-0.01906214919822018	-0.5076124610405125	0.3746910284296577	0.14156938619488268	0.5469597259280768	0.22821497040456817	0.5536977121051937	-0.011758358155753372	-0.3210454123910258	0.30380446643574865	0.20476145646504676	-0.43943112071706975	-0.5876182592363864	0.034268204677529404	-0.3382374903679266	-0.011786660135323574	0.22545503407513096	0.0430027154279458	0.26964588489995095	0.1465539670900909	-0.33057790150907373	-0.3752486003304134	-0.051244870294575064	0.4315204547658069	-0.41689026195836804	0.15093961761466348	0.5637079274993949	-0.8755047837789676	-0.549900089286624	0.19187448085123512	-0.4869580872099526	0.13759924377451158	0.6145029715016441	0.0030719906266686373	0.27436280543633923	0.5028399686183367	-0.22399434846493352	-0.0538218119447839	-0.3939501948156455	0.1892298122018896	0.445246405275986	0.07438586216796311	0.5308300488473662	-0.3438000626434222	0.32915999843323795	0.13487016562526621	-0.2727694753847731	0.07534801066456404	-0.07091910715834324	-0.40673444528176417	-0.6307153675881626	0.19539017666935937	-0.2136906365252572	0.23319741969714772	-0.36503113764548906	-0.19842851504051226	0.4176354241632355	0.5361935686124444	-0.0823099799493025	-0.15120339925495319	-0.4798928621806776	-0.19585011979904401	0.11823052945760501	0.15077346460550733	0.4023982097212995	-0.460593338800638	0.32525381938304326	0.5542558277769771	-0.04735719014761157
DTXSID2047779	7.4190859986827675	-3.9423904995010544	2.424890940208385	-3.4902399812965283	2.795768154271507	-0.3212734266197447	0.5611238381137985	2.1115941485408363	1.966332274170539	0.7606304229020454	3.3848520884445366	0.11788964404818236	-1.4506753660352847	0.35382909781829724	-0.459160702392302	0.03190337852298902	1.0712135512830063	-1.3898369584089059	-0.5249743713648554	-1.364452142068106	-0.47700232400962417	-1.1766482953185018	-1.6133058405918115	-2.243306774040666	3.9308893697255374	3.2912289189488355	2.599147045831183	-1.0168010979111257	-1.0724223146551022	0.45890333369686875	0.15520549071145628	0.873038579999086	1.1712330729895175	-0.7989145248062228	0.07549216123648508	1.6674288192800932	-0.1107803807629373	1.6568698173762082	-0.4392788246000447	-0.9136563496242006	1.3063162193160176	0.8776937338957838	-1.1202208390507729	0.1789855001732967	-0.6213511484171302	1.9283695324857892	-0.7753560277962359	2.971351060023242	1.4885632833626576	-1.6064557999364606	2.2899457674120405	-0.4422770687969512	-3.637693567075729	-3.210130800901486	-1.574871264588406	1.4172144523557626	2.6166610275276745	-1.3941856533480201	0.16392054617744348	0.5586356407010418	-0.07664294668293836	2.067622106326883	-1.50447518567598	0.6126449808908598	1.4052968622546633	0.018684953364377265	0.47339517938028086	-0.788317323327623	-0.09988471817004932	0.8577756425868527	-1.842039795592306	1.3052157491182084	-0.26601687113507344	-1.2827853181169657	0.9062658604645927	0.6997873861839621	0.1763141730690349	-1.0352381422494974	0.2588200114507657	-0.6761006055394833	-0.3350268940510754	-0.7279559414021795	0.4310375647908123	-0.09075464246542572	-0.514867560869678	0.08764638150191094	0.9926255329566955	-1.1190197645213924	-0.9279213710064858	-0.9150289567599628	-0.8308258435828954	0.5067109447181187	-0.33948834383141124	-0.675501570406445	-0.0818322983944953	-0.3240688847604365	0.2226046835070894	0.022837960983156304	-0.15550407621157458	0.5521083332998392
DTXSID0044448	-7.393192110673525	2.1393084091203023	-2.569815520968099	3.2308141866082067	0.8393823328531537	-0.6877608838969199	0.4523236185598298	-1.3498989129910823	0.10882169904280668	-3.1171717365087055	-1.31507253066206	-1.8120579124189393	1.5761840921891666	4.814248409796676	0.36406457346631055	-1.6137270854027277	-1.3978006267547012	-0.35898137544572195	3.373233810508743	0.5045452671000242	0.2709615285389728	0.02532959418240763	-0.06853334021327993	-0.5200856149874044	-0.6196522949790731	0.32281646613378184	0.2361175255296635	0.15972947340381943	-0.08751426198362397	0.20196386016400036	1.5279339829395195	0.23213600222493785	-0.7540080573457844	-0.2363907060193129	-0.5702455204224994	0.6275875475451745	0.41955964163224635	1.1882145639871005	-0.28663003879961274	-0.09651815714525053	0.05774042206573725	0.4278614781128581	-0.5366347795080135	-0.22629731745350415	0.24359203980872277	-0.3709272642060274	0.4158284119325416	-0.4486641515384302	-0.31789393580066116	-0.3857141904727422	-0.7670223697601826	-0.5984053999248194	-0.17682020817100808	-0.952775639851091	-0.9204114202531112	0.22575382797104795	-0.5195586568592419	-0.41311642224973144	-0.4469035932885259	0.4565526312431958	0.23433509821498738	-0.5609332801695811	0.4675684366018477	0.39841558998295956	-0.2714586707524821	0.1573135080132145	-0.5765309169085722	-0.2838132765928634	0.3881328402261824	0.40590052704424817	-0.35226731742047884	-0.11172424018370278	0.03333993144667079	0.1713912516836274	-0.09842676340313895	0.5548187836159719	0.6391235320152385	0.41463137317337706	-0.2998121883311757	-0.3728033484813031	0.09223367162232761	-0.1128443315282128	0.36207710504434726	-0.21751684292725132	-0.2515152387103312	0.03738409103844137	0.5407688615942517	-0.007690981534506687	-0.2492785350522163	0.16534456631581618	0.16358421745492224	0.0670931160251209	0.2140829213398803	0.46147551442923035	0.23249885200949807	0.025999825937067785	-0.06985836856006813	-0.09385590626896137	0.300971907498173	0.3246003798080768
DTXSID50226894	6.711936937605763	-12.978636360105982	-11.269981556385298	5.441284971074456	-1.6093696721678694	-1.4796678192965222	-11.1688757897924	-14.730639020315188	-2.3614166610694336	-9.402724677387177	-13.60942781869274	18.10231491466566	-4.058319595013805	0.14297723566004464	1.0002855535493198	-6.48195878692383	-3.629468154976014	-8.47186683538527	1.8686544788536095	7.046378130845613	-4.988584859374422	-0.37691674577242684	-3.9353803767371223	2.8054822548789637	-3.0548400220450964	8.608750250275966	2.227663504134405	3.7677948520991253	-6.082157304034826	-3.3175472823983285	0.1845556999687101	-2.190603554597981	-5.845592385736423	1.0204364896153428	-3.737332744917569	1.3923272082067346	1.755645187672662	1.8204539636284554	-3.8928381547780755	2.7681437483160796	-4.039230074639082	1.582515784656485	0.11045860283383137	-0.7334787131038583	0.11040370979681736	-0.13499549264813143	-1.1073266657431817	0.34360649914959873	0.8993414466661489	-1.7524472798045299	-4.430985432453002	-0.9948518163562682	3.525080353127703	1.6368791978640171	1.8630094278898996	-1.5608423649655598	-0.40371132084429834	4.2658616911587846	-1.8213764482038455	0.5524177313669684	-0.1894168838387521	-1.8270313796642264	-3.7746400882052242	3.1406955178459626	-2.639700207272153	0.5660994231815349	-2.138575824136438	1.0646464982760708	-2.5412739318526887	2.7498927360321663	-0.20503828768925644	1.1448290407250783	-7.844373623003264	-1.5611251410173779	1.2494375469831356	-3.3737048170915407	2.8044960797437333	1.7959851073511561	2.320494888081867	0.6937635599283384	2.5850661077345785	2.5572722425053462	2.730315007056818	-2.012305887582264	2.2052930441969543	-2.8146331042264587	-4.182080236728488	6.805590665241216	0.3832239780019899	-0.48647190372225985	-4.887497307132126	7.85981739677357	4.888415619155519	2.9835550418834313	-9.017969380551422	0.891139740141081	-4.130111514231988	-4.710067359354193	5.296737459937336	-4.298666067409551
DTXSID8057803	-2.762698427492014	3.1042288678018104	0.7939742808591255	-1.7179987895716204	0.31705254392599513	2.0765331462091248	2.7927936331024994	0.9025064253440289	-1.7198862855410857	-0.10582661187339583	-1.1476316726238773	-0.927445272629505	0.06147402583787623	-0.9051291044946873	0.0045805984828600705	0.8780677574701072	-1.9083918565374864	-1.4833782742707726	0.8243187126465807	0.45841209843491093	-2.607819202673266	1.126138391132537	1.3645814199700725	0.6668203444911189	-1.3233647581338035	1.103218204223069	-0.20144335142622255	0.400852376671802	-0.9821828923119079	-0.8643088790371686	0.0440592398459605	0.6470701317308547	0.410238295321864	-0.4139765717852454	-1.1365634337187287	0.13613400677354928	0.20260845970098965	-0.38471154317844963	0.05807023657982463	-0.18565603049716087	0.18548048820546664	0.18209969803555004	-0.3996467101631198	0.9265454369100095	0.9170413150973873	0.7896790983370723	0.3404240427444456	-0.6043306049421154	0.43559131677359714	0.05645891388102248	-1.3473808179354811	0.476426114691402	-0.10163238979623163	0.02202808058896624	-0.3111390409092297	-0.405153329173794	-1.839643395476902	-0.30602413721154625	-1.1203389989748813	0.9952874780681035	0.8151564905788746	1.8738331535026826	0.7270461992580222	2.5611309883296873	1.4054809714222543	-1.4435381940077099	0.8370581677363635	-0.7006522589581791	-1.5795671033254228	-0.9930505033548387	1.097690936562598	0.06741130176627459	-0.7007621041968943	0.050315260897117596	0.3637868372387114	0.45500794180370746	-1.0976539636874507	-0.7489230619733963	0.9284778768879399	0.6864860517787927	0.8399556717933276	-0.14902649917420233	0.9314891680003159	-0.23546441505814267	-0.8002397531767891	0.2727420970806922	-0.2253594342963291	0.3518300731854163	-0.5719060621610128	0.7325567529956136	0.04960678908029082	-0.1963904152312617	-0.4712092419265494	0.3023973694770339	-0.4704880400726872	-0.3204294957568112	0.28201232874325455	0.2612022261240311	-0.5726429775905141	-0.3747098513772507
DTXSID3023897	1.9309185419426003	-1.39187203570084	-1.1283482279370645	-1.6504649983090283	-2.748822221751754	-2.441824094548454	2.3144648780728603	0.45082496319988025	1.7824502650107579	-2.6525442851429513	0.30372932919754414	0.4017609977717975	1.8564840335888468	-0.12449287677732339	-1.6219183125251206	0.9528474828681446	1.3188590780158944	1.6507216318552005	-0.41753108716811227	0.14059830122912842	-0.09324434300042804	-0.35169814396039045	-1.4541375960741703	-0.41491764274792414	-0.7630003450557662	-0.9118386267992128	0.43523494879022523	-0.19465491151240535	0.4370566072176758	0.12418763700319789	0.20195983675742865	-0.1867245574589521	-0.2603329746753987	0.2839776111364785	0.49071621932112636	0.3457210239443581	0.3969136091741193	-0.7478115214916765	-0.0937729750768786	0.837085787198249	0.5154650303222498	0.49724408290394695	-0.12924322884716258	0.07884215231331548	-0.3734226284541056	-0.23460191316301096	0.27573326993282654	-0.766488811648916	-1.8737395409727795	-1.6234338210609685	-0.5447720823112894	1.3139591384410814	1.0552879249553702	0.14293377668753868	0.3336876761511579	-0.16181575057780637	1.0297719092859459	0.3476354512987554	-1.5132134896645903	0.14427779023367363	0.086668854235717	1.5879202726745183	0.09732243374761322	0.32119399709789376	-0.5269186921679818	-0.8202362213095287	-0.28410182376104165	0.5769493962926469	0.4820213890880854	-0.5806261409182334	-0.4053244073196084	-0.5792439399499253	0.5580464233451179	-0.452856229463055	1.1538687486614498	-0.1112114874589208	-0.0636372776068715	0.2910965888720314	1.0961166963910303	-0.3145273697441784	-0.5446567852336526	0.3019998948190746	-0.3655407465148552	0.07121153971888776	-0.20649793170964326	-0.043395164305752756	0.4408285469420367	0.7513114162955115	0.021578687333103735	0.0991355906177244	0.012985890423843533	-0.1483608586359976	-0.08571560559768787	-0.4423091671504337	0.08412261438653577	0.11093928022464668	-0.3467460171592237	0.08613532022252747	-0.2545153419815187	0.04019232390467476
DTXSID4024484	-4.413190835181688	-1.4272167974300798	0.0792976735696236	0.4690580099581091	-2.2653433404032226	0.15939291779158252	0.9744674160494184	3.174689174519716	1.3620641681823757	-0.36290635708801017	1.499532126458703	1.1079721006152505	1.023749364478648	0.8580748655267548	-0.605743790513811	-0.27116889675574063	1.217561162832887	-0.7646191009840485	2.016881558278652	-0.16110236330920383	-0.021743070214054912	0.6317317562158964	0.6048769969947284	-0.9742867371536121	1.004815660363501	0.16111877906434466	-0.37700766799921914	-0.7482989787070139	-0.963310796640789	0.08457731170659948	-0.8162726585929413	0.03539861874337787	-0.2794914724373612	-1.5427336840247368	-0.6815260918383226	0.4076912727892071	0.15512320553332004	-0.11366610511541665	-0.6596992779640811	-0.2725834423562614	0.14919728880918454	-0.49562816169605195	0.42651940917780157	0.715666490871639	-0.35476293612727183	-0.5104909694854592	-0.4587410423942979	-0.0010572624782678966	-0.26672276688705354	-0.3225333266646589	-0.38230293811988364	-0.7457108152579853	0.6943147010182731	-0.024273656078278246	0.8189490704957497	-0.29645008551801477	0.7439135926944316	-1.2652342052247358	1.143028887435285	0.8105786262066157	-0.8103757179444573	-0.38633276806067796	0.7337065223190239	0.3747084988580558	-0.4003585996354402	-0.7952662199205386	-1.156050006914098	0.574658787436521	-0.056788194813520834	-0.2628708835133434	0.8540484772490914	-0.37820310718020256	-0.48921998567490377	0.43151514741804065	-0.22668912010388464	0.08798849308847348	-0.8939633770359924	-0.5450426702750363	0.7944955677061323	0.21842426919270574	-0.2692265513324279	0.3960899385069014	0.10953105345481957	0.28362848219146464	-0.3221535175383045	0.004170452232302184	0.32519629382414555	-0.2303312758064138	0.3565108912402624	-0.463129287018802	-0.14877216873549715	-0.03467479760650512	-0.08568737245330031	-0.5903777238143414	-0.3470128774216313	-0.16927688874753524	-0.2673019725526533	-0.08870379887974225	0.03292172099639355	-0.30806653291506714
DTXSID9057686	-5.222598853232054	-0.3638840247690256	-3.650116403174966	2.8052408112880545	-1.5031736948355612	-3.745082443818502	3.3417964276907473	1.8325801884359596	1.1468079650598817	-6.453026503271832	-2.171402426828441	-1.8730307255163812	2.548787542040568	3.820881769058447	-0.7731288200237111	-0.9242153503905887	-0.24072304522797422	-0.9876715417940543	3.471872730322445	1.6149072594579232	0.005159588221712257	0.3063494406185109	-0.24333059864410822	-1.6197307357774127	-0.7364606674948604	-0.4767236342532816	-0.41347399118036027	-0.8216803459025028	0.3463990600527318	-1.7576976704430824	0.8367669104466469	0.7520095431629822	-0.5839683491900726	0.16250339938126765	-1.1000089331987608	-0.024431442253891798	-0.12413266718774711	0.9092112090032738	-0.5576806777076495	-0.5570276277230818	-0.27642240729806666	0.015506961139648372	-0.025375511364032904	-0.9200356970646019	0.05785530616078366	-0.15652551621335375	-0.474796160756878	-0.3300930330096188	-1.1795665486809075	-0.11316421131747892	-0.33031933986486717	-0.3194990786839923	0.4966144699978838	-0.5630582465178885	0.005506342550714234	1.0147633160661444	0.3468069732022442	-0.41683869803773155	-0.30623087663419	0.7512269725667827	0.1688637180068109	-0.11861367387117686	0.3319519861395517	0.47517521125425494	-0.9345220902184586	-1.3895887236177702	-0.692560421655153	0.003869894757070928	0.464207093304907	0.05733905958651089	-0.2897260516613388	-0.21888647481538687	-0.3806709469517271	-0.14383310740274366	0.24457821765578558	1.1314437543630873	-0.09082599200171923	-0.03933745619429138	-0.8158562405152033	-0.9282887113233707	-0.24995142270487916	0.22863553372399828	-0.2648782355757827	-0.053192678992350806	-0.1866999185082362	0.4096989755023845	0.05159041992824835	-0.039171625154938945	-0.13409090815713626	0.7202498642513023	0.47633793216420456	0.3251613122291495	-0.13400916515325906	0.0010471960315058034	0.427995032947609	-0.08585558270092562	0.4456192055159906	-0.8730741360617874	0.7985368830537046	-0.7531554684755557
DTXSID6023864	7.169599929240376	-6.644233597044679	-5.900025256429267	2.2850139391054554	-2.981548752494861	3.4584783931218928	1.9581804028597993	1.5130687386275559	1.0889975553611086	-7.2147455520375425	0.4587484244969327	0.45654747498994164	-2.6370451477600065	-5.736953815409896	-1.6497829114265485	-4.103626946239074	0.5661065896158148	3.058375146075704	0.48002095509261516	0.0806144054140895	2.7819981768053608	5.502184146618235	3.8025575561225695	-2.5020543673246975	2.641790267475097	-1.345929401629946	0.8311146445789873	-1.7782062295444312	-1.7934549791548786	-3.61852414876297	2.134031377769608	4.636419864006399	-1.4344721476454305	0.16278032565932715	0.7466393836497105	0.07784105117648603	-0.4393419238787109	-2.0505554721173014	1.815993030103285	-0.32007808451076686	0.34361088251490873	-0.43281997376625947	0.7685777654993111	-0.2985114991954141	-0.35355596624044594	-2.543018175715696	-1.1180447410144632	-0.7133435305427707	-2.9213034681997545	1.472489874693426	1.414906074032568	0.5899420593182455	-2.5308605459556466	0.5033549221673733	1.44095351416023	-1.8686706173680576	2.5228946914240167	1.464900868528824	-2.459946737283792	-1.0103555480629631	1.7995382435886487	3.193340218803401	2.2366299531729736	1.3993095395689754	0.30724029002545394	-1.5314556371219104	0.10432283759189714	-0.6032715630979715	2.676453881423237	0.5123274816484888	-1.2560104177383125	-2.3524749603934407	-5.25899216253837	3.5327264854957123	-4.347474768648692	-1.9004951973140376	1.9300231222965991	2.800322550926064	1.6226884030897952	-0.7440647336997638	-0.16563407299092703	0.25700037258223274	-0.7095649096733685	4.28103871170316	-3.512836134812155	-2.8006112591037646	-0.08051082117651003	-1.7641797242690689	0.6542410120753136	-0.22962311008379177	1.6683120011997297	-1.1896180058985861	-0.2163405776745254	-0.8056983173499673	1.0223422663324544	-0.3177392251479541	-1.3284541244406751	-1.4326567461325543	-0.01588744653532193	-0.5306646469322353
DTXSID1029255	-1.1751853565053045	2.7373291840710743	-3.452233058301375	1.8050828850245795	1.0812969739848397	1.871811680462754	-0.01912652775118506	-1.68150059874129	1.3659833085502986	0.7185730590718485	2.8414784376512063	1.4501159237673988	0.5931885692961388	1.6323001016541971	-0.13265114345906953	-0.30336564324954146	1.8565384354083272	-0.6105015416259612	-1.4132846934498662	1.813184083664839	-0.2720356342728925	-0.502898483532575	2.013718349511343	-1.9795545231388532	1.4105126052537653	0.048143062227375924	0.12246575560435212	0.0031851786347991636	-0.4941137295894032	-4.097486521306351	0.4366744835872014	1.833946527509906	-0.4066635060866458	0.5631911673086563	0.5019693779888923	-1.5501482637032342	0.11674702439431797	-0.10846948211038249	-0.5127380874651222	-0.06426618119620332	0.14623037481280074	-0.3812888682442717	-0.0363866795820845	0.16599925950888406	0.8420113535800995	-1.305173295823908	-1.3433670887314162	-0.6231854115157558	-0.6185437703756465	2.165504139323692	-0.7203540178238539	-0.23747774372787173	-1.2326412722248765	-0.49015981909699385	0.8892777230328703	-0.7372306532944347	0.33483559542570024	1.6569087173363484	-0.07045502768639787	-0.2560351081529243	-0.8814772530655831	-1.1682183455015758	-0.05915569291103349	1.1448149063998976	-0.30797347389568225	-0.38483099726335673	-0.1014291561013116	0.36352730262425703	0.1297130025565961	0.034574399171688266	-0.6560403029626899	0.6165628885589672	0.23917636642934834	0.651928181784137	-1.219283642463147	0.898696477611966	-0.22939002090415678	-0.18804332583143354	0.23518728793468163	-0.12033098327648066	0.8478222570658186	-0.139010415278161	0.635624035274198	-0.33838365991962877	0.8181608247337043	0.7979863175888647	0.09563346767037947	-0.18377448644904848	0.14546924773254996	-0.016751196545692987	0.4412046561917583	0.6727143079884697	-0.22100670170220615	0.08838777564237754	-0.33010264916428317	0.3622879927667856	0.4450161644764579	-0.32648682230156145	-0.5541154314260175	-0.24871157152941858
DTXSID4052689	0.8583848255602184	-3.1329434330354426	1.6934107262822418	-5.202361000525718	0.8535871186813397	-0.9924337724753871	-3.781708539328989	-0.5454646136107237	-2.806701374852129	3.8443952378489628	-0.6227696258922566	-1.5567415826598268	0.06339480593729602	0.44931511832108717	0.6522113259505509	-2.040272581167779	-0.41099697025686555	-0.45837066472525073	-1.0520197584627295	-0.07288302779838106	0.09546060703975062	-0.9481311047688069	-0.6633565547818898	0.7538160404011294	-0.21213426670180213	0.5883518229257673	-0.06891246493140663	-1.0753006041696285	-0.1602783027881628	0.5858574654201636	0.5136716681365451	0.5350143570488167	0.5533010623039515	-1.2640924421451878	0.7268556655799392	-0.6365690382503494	-0.3197897922076814	-0.25981152966868165	0.6946399925199425	0.2045650532224233	0.335165561227764	0.4705028683927348	1.0787933093409332	-0.5212583280542908	0.108645063746585	-0.2764347039875585	-0.19417091864230349	-0.9988035603033917	0.6318640766131123	-0.8364806091207911	1.054138435880572	-0.5175154741423948	-0.15309336208608423	0.30084244627111273	1.802592803732747	-0.1756920163427224	1.828521253325385	-0.808909967255501	0.3404864850833312	1.139418054530219	0.08395856783002141	0.4151070095495922	-0.4853656264561301	0.5912197518276538	3.194571625845192	-2.2245634537525647	-2.3348405774351657	-1.9485944115209841	3.521085434381075	-1.3643619061440269	-1.5716691372756038	0.9524012822484883	-0.25839216814869254	-1.5525303692006194	-0.6824702589773133	0.2453667445588197	-1.0369894703810456	-0.8344339211542633	-0.046370705858319934	-0.24070433554826823	-0.15665696885702143	-0.3594837135798509	0.23572276637129622	-0.6042510692875726	1.3725554205138528	-0.30209168033355865	0.7002110538471115	-0.8133191080020208	0.06823946594031084	0.12242932867163983	-0.5080078585159131	-0.10564777095796642	-0.9556215596882739	-0.31267439576959166	-0.45295754012677936	-0.0499106286133216	-0.36596535270181274	0.48762263930630556	0.0028720360226020003	-0.2731293555712657
DTXSID8047686	3.249284110490117	8.396393836082517	-0.20938201808134463	-1.4774291920640683	-1.159923776747968	0.68692891082844	0.8394631870341251	-0.21140921261904408	-0.2835924980459914	1.14649566004897	0.8511273898207826	0.02974860394210328	-1.0976298537077314	0.5540460231416888	0.3643586750710286	0.027795816288655614	-0.9189518856709311	-0.8683292697196502	0.6922651519541014	2.2001389390203774	-0.8896272741737483	0.22467548915548552	1.1625581541203622	-1.1140278579197167	-0.6561834874218564	0.2243126251674926	0.42555541585304324	-0.19975582240223694	0.13425080918152182	-1.3455521216246609	-0.25345889224341506	-1.02225330152498	-0.6358294756141614	0.12155526206807656	0.06127240543301359	-0.4141059427970459	0.6360762828774207	-0.18483965727686044	0.3105775655647315	0.222904055895108	-0.04130302108662286	0.2375624539571505	0.022819227332540947	-0.14408946263841657	0.3280155565630103	-1.072500878226242	-0.9053459384922498	0.18394352073342893	0.40670275553779806	0.9435283173346339	-0.9335885712647805	0.30868765670853365	-0.4026836044043464	-0.44566694391953016	0.5240657304894284	0.5156553959722762	-0.4015262137091223	-1.291567750057488	-0.5911806962137007	-0.06414543537732274	-0.7797276502314241	-0.07132108895503525	-1.1991904867459566	-0.6086708223853899	-0.4520918588372389	0.20517271443719123	-0.2823834405505047	-0.33757381955801685	-0.9497219359051091	-0.23357304573296347	-0.09827135279137776	1.6562143701431469	-0.03464167175179974	0.10681969088331106	-0.9895298755335151	-0.5442901447385173	-0.2303085405376707	1.6636989828642363	0.4062366559582072	-0.15240621525324807	0.3067334518212209	0.1739779559639033	0.04149164527824752	0.015685228443888206	-0.42202649516118135	0.4455781996496941	0.3381571860982527	0.43858715796229586	-0.34159726938523743	0.14806227080571313	0.8243713504035913	-0.06558979630483595	-0.02617831900839094	-0.21893158670925558	-0.06912548388264392	0.15715217874052728	0.14598222316052756	-0.3415039710187184	0.06435596892064654	-0.5613708907606104
DTXSID5045964	-1.197180060586575	5.835844302871187	0.23401400021522895	-1.012070908320805	0.9875676046252957	0.06262594238620267	0.10106913897273541	-0.19396855860990583	0.5012082911723899	-1.3515231056597588	-0.4941728818942213	0.6865478356984446	-0.499187772069515	0.5091946193232969	0.6904667789207347	-1.1833519190459356	-0.5587747118851977	0.8273347485885025	0.9877748076732022	-0.6187890896548895	-0.2961408442822475	0.6060616116859459	-0.8875279463844912	1.0284505119481362	-0.9535995909888856	1.0257485001432756	0.27767645032575644	-0.22718712652731443	-0.14751416801993314	1.9544048762043897	0.4245169167437875	0.9543096026212077	0.24507438019045022	-1.4238222361827562	0.5661103754848884	-0.823080181228459	-0.2199202051146146	-0.3845564563755366	-0.07078719761788803	-0.9292374307789085	-0.1156516704822137	-1.0017939416746149	0.027175213653153823	0.4388682694714406	0.45353418018376357	0.041946801509076426	0.7193690639417942	0.18775728441564973	-0.10493101938513008	0.07795685475308267	0.24522915652865124	-1.4628261344408713	-0.05795171016236677	-1.1932692214873533	0.7302956728013552	-0.8908445693255364	-0.5676828108036516	0.1119935766822528	0.5595524426112718	0.7283480913849452	0.6568048533987108	0.10467727941946639	-0.23381655249072716	0.0319534035690955	-0.19848662516705196	0.12582577680105148	-0.21156782921144873	-0.5962844245529567	0.4872681276106659	0.5510014510014675	0.1872952734523165	-0.2267872535668562	-0.024275729607609358	-0.06470623674931715	0.578417168851154	-0.33180565520453004	-0.19877089491645633	-0.5522170241619372	0.1971552360223774	0.7299307265352677	0.4615282642020978	-0.5446318983102829	-0.012744279125814988	-0.09560123954067365	0.6226083766895232	0.037038186639285375	-0.3992127357310563	-0.22844479719172425	-0.6550427108465876	-0.42207306969450625	-0.6063848444397726	0.2094473541455025	0.15936453308644954	0.6849844662102432	-0.44921839060704616	-0.12389968430321324	0.6993105321709953	-0.6569873385832755	-0.6871674039145996	-0.3320746622428877
DTXSID3045988	2.3993324460922585	0.9701518643866663	-6.20866478429876	1.988769210561822	-1.0195942994959573	1.5703265156692388	1.1086083010251184	-0.319810890555836	-0.4465339928344854	-1.5437421406988674	1.8982536929549862	-2.127051376331266	1.3775861311377338	-0.08761107585997689	1.8692987841004418	2.5640092899524096	-4.990583253436635	-0.123486724368992	-1.2404587272515453	1.4998097502734986	1.7363327346015613	0.06637469004856114	-1.4342513314681409	0.6904752506912194	3.690393054877563	1.083449102582151	1.114273413946762	-2.743611957352578	1.91596741617399	0.4393561744831172	-0.4493579671700799	-1.5663931142444267	-1.8824608628491477	-3.637339928497167	2.1806011284657676	-0.08487578272177858	0.9292811433210529	-0.12246400300909539	-0.16849250461160245	-1.1992302716218366	1.1664132203098565	-0.8743268970713213	0.2460020580262856	0.9082806495773827	0.44629721644029	-2.8098461196631725	-0.3627665380103721	0.21103083819284368	-0.848808404858896	-0.8683823327965633	-1.6449179335109967	2.4975217541418373	-0.14605416879258867	1.5057834050756846	1.633077459196711	0.5344679718584993	-2.8259661102359264	-0.012727778493240678	-0.38796615544567803	-4.3507068998423515	2.0751193776868893	-1.2673923251791326	0.1839712814500726	1.0497096646000794	-0.0584063697692791	-0.6332370097739008	-1.0331234168833936	0.4358728628359982	-0.6356518204957645	2.620694988485485	0.07121019238590337	-1.0621842952789378	-0.5941085885159716	-1.5981913919718138	0.6130706134003417	0.7582393920100522	2.975885382512152	-1.944088949402913	-1.4418792141148093	-1.0044427044574047	-1.986702519977018	-1.2394731076945755	-0.20993996058676223	0.4810932804183052	0.56699716994387	0.3291539235761977	-2.0572082816938906	-1.0568814984273762	-0.047279074473905	0.4705309248709235	-0.020438245973898053	-0.38923832980055656	-0.02069621253085292	0.49522488457223746	-1.2786142352980625	1.7153091697795977	0.6659435933806072	0.19322132968256853	0.44202629432551815	-1.0135593956282654
DTXSID0020286	-7.330248074032815	0.5457857443461618	0.1231443661577461	0.37891849163265523	-1.5859402556347142	1.4032448574785847	-1.0002715074046213	1.7491536718558747	0.02242427083145712	0.9985004426975633	-0.25780880686872515	0.916738333556787	0.3789847592386447	1.704592383654172	-0.39801358928892355	-0.48217313683424723	-0.8553912248952341	0.697289062466942	1.339035628311651	-0.2608902157092285	-0.4556816180627403	1.0756322694960907	-0.6173152405488652	0.8770159121045684	-0.05733433962781998	0.02779907467651205	0.3396373517923132	-0.18500549509919748	-0.03405320718274829	0.1726812379441646	-0.3355774140585981	-0.252678659321929	0.17452259749017582	-0.11956620786227515	-0.4044674381547127	0.17285875571220544	-0.48387085174094974	0.33068041783438884	-0.20171626252964767	0.31890737062773933	-0.18554619415483453	-0.6049588722457563	-0.09524678725808336	0.3870057426361103	0.3169801613623471	0.2576804773250805	-0.18754093899574856	-0.08380363161930295	0.6236650491859047	-0.4250967958995035	-0.04545088955346279	0.010871372785160434	0.5532923382481026	0.7078765706425361	-0.14911190675658084	-0.17944347856484205	-0.033696324632439635	-0.3174318972801983	0.09253999600436401	0.14756685801156674	0.25836467785974127	-0.20330325604711758	0.015288631998858677	-0.21660239438400483	-0.21114295851998166	-0.3691319070109359	-0.27988085198383583	0.010543711700075004	-0.11544335909687442	0.10482219951390781	0.04752674642236468	-0.256862163816536	-0.02699493271458137	0.06975456877785927	0.08842396625345846	-0.10412981593269423	0.22434904798070315	0.24857950716458488	-0.22152693112814775	0.0074420759613350335	0.2044517305193857	-0.2315032072004944	-0.26524170252471513	0.09382938933671002	0.014805468700482596	-0.2738677955271975	0.20903345464964587	-0.018592605894896835	-0.04812559857951279	-0.034627814024056604	0.19707428914185057	0.012411116503524259	-0.13839831647993434	0.20156169547147504	0.01991500557297825	-0.07358347717928562	0.014540297347083897	-0.14671895784076253	-0.0461351384916997	0.017527787342006888
DTXSID3021142	-3.20683085886043	-0.26330718361827415	-0.2728068374166649	3.8471536519786182	0.5192426094252024	-1.9544310800357219	0.8833315285008144	0.9270238578312797	-1.4163677920766224	-0.19607763316507357	-0.027357657849417603	0.27047319844565343	1.6695742496218418	0.1847525858674369	0.5863624870266948	-0.40398282246749945	1.1815078796935257	-0.6626064939284755	0.37837435042628387	-2.4457984493753187	-0.04982296891739058	0.6234097067213737	-0.10577264217788447	2.2703558772255352	-0.6960690545488829	0.5612254151306669	-0.3907864288202727	-1.7940593805951124	-0.46287904960153414	0.9754433586723231	0.4836619565192403	0.10128419209882551	0.6824781424127007	0.22714273147400818	0.10357454437721346	-1.9364287393605717	1.0505407099088515	-0.27759240319536416	1.1466932168659096	-1.1047707299160792	0.9282239503210845	-0.32396055841490456	-0.5822278661162102	0.07374017661721223	1.1680461107492943	0.6666670872756382	0.28282124035655226	0.8304604092865677	-0.6317418342411476	-0.32195910916440096	0.19054331391014012	-1.5269566119265503	-0.30616738578440456	1.7273731228091036	-2.524343487858081	-0.18647068627390542	-1.7293017804512019	0.5742051832985136	0.710157549738437	-0.40737889904216773	-0.4174664679724744	0.8387039601495259	-0.9273594511974765	-0.6653855465547238	0.2614006793464059	0.10995126133886066	-1.2869721184792444	0.04114633451585236	-0.40127809657497104	0.3953614343195041	0.06286334060952863	0.45784634005742797	-0.44151088645657716	0.013627765869816904	-1.5928834080225607	1.015838621901068	1.0159087782922884	-1.3948036995177768	0.3321076378488425	0.699522464596532	0.48928792778010494	0.8831420487117777	0.18938733290603255	0.07879835905504239	-0.25602373706648857	-0.3372709499252055	-0.08650142976784596	1.021164528384482	0.0606061107546212	0.27498618569884653	1.046863590075899	-0.5316736530382586	0.6074065015069126	-0.7203805042732424	0.13261567014746084	-0.09675371712520267	0.029657237081099103	-0.26521593839157476	-0.5056802820030334	0.4924072908200944
DTXSID2045448	4.930847445722975	-5.037697501841333	-1.7181284097010632	1.3679963743784869	0.16966216049128785	1.4629948732820153	-2.7283182891190667	-1.386182728518214	1.4281137262579675	-1.167264608574952	0.5171862655971959	4.055335342696255	0.0069784690468763415	-0.758894204371555	0.6231810451821691	-0.54616072585731	1.0706984873871264	-1.030008776168171	-0.3155126447450367	0.6390801470003761	-0.3490045581049647	1.1606157843394453	0.6064384249326257	0.6620552571743339	-0.024960567266797358	2.151127182078549	-0.5255495094946502	0.8645003688411701	-1.230568350945895	0.14299522217137592	-0.19388453223542285	0.10239902240598031	-0.3538334614419984	0.45518123681882183	-0.7063401659600135	-0.9657906785056667	1.7022337063406756	0.7316095826997686	0.7083459975179928	-0.24726055273546027	0.29807352768661005	-0.47892652754409093	-0.6077232314092982	-0.10798640160950307	1.2484009285525657	0.34486133897772864	-0.440859220706206	0.5899194020253767	1.4524466412290373	1.5865104702491661	-2.4021902368668284	-1.1541988884685386	0.21435528670710735	-0.5782720849120502	0.08143327948850829	0.5674019011187033	-1.6801285062376305	0.4535327837669284	1.7687763249181188	1.408758502015163	-0.6708722557258913	0.7488183755859441	2.7758615779795073	-1.4911278512290354	0.8809300957124425	-0.2962266141874553	1.031424618428334	-0.31511251171028604	0.03240534344185311	0.4727252529139872	0.36820081114956543	-0.22072351026820136	0.9607164103580582	0.00893376124147143	-0.5057142926539036	-0.0471039558673644	1.1895881245783737	-1.4687608029961805	-0.0729690850142316	-0.27656902382774967	0.059598122342053014	0.3021288214330059	0.5604878023472012	-0.2464176679514332	-0.714071434963428	-0.9298477620100573	-0.5153502806610919	-0.6065220692651556	0.7578238956797355	0.7060877940839625	0.40042266759914097	0.5519227573503427	0.5581461407186633	-0.7362034475008629	0.6222731490597493	0.26113669182608557	-0.36880655076969776	-0.4429053086088981	0.15286500128228506	1.0728452280302772
DTXSID9047419	-3.8361850991126714	2.317058966080369	0.8477746067441961	-1.219781501255678	0.45975070607647445	1.4044138900423986	0.663335829672718	-2.254007877038113	1.1003075395661588	-0.8599838507906258	-0.26756614281455293	0.2748853743312877	2.198427730892596	0.6496037822674113	0.849665214576774	-0.37696359863450013	-0.9313703626582938	1.6641148589447403	0.5636465044291225	0.24412605832092152	-0.4313798892576279	0.5078292671138067	-2.513535430557319	-0.24184754971457414	1.3652634767169536	-0.017308366619441174	0.32054984318771274	1.105051872363031	-0.8380381862877313	3.489721750635632	1.9866923215905248	2.9802591480121134	1.7287137131917936	-2.744498449926699	0.4222119431195053	-2.5182168459078027	0.5775687929234646	-3.100701713764178	-4.174266714252973	-1.9653555959883409	-2.0167019614371764	3.118541106453838	1.886957380292491	-3.2650568027163214	-1.9957068842200099	3.213821018224761	-3.596721971623043	-1.6687904269088663	1.8068016432668044	2.208698314042948	-0.9210240139490828	1.1297266094282445	-0.14623825337312737	2.1242468968676222	-0.6554287379086016	0.6340886566883639	0.8939502997926891	-1.337247301727055	-0.28747586064667097	-2.0616415587698254	-1.5126907578154172	-0.3536441983198058	0.5752986254186095	0.7077619397277577	-0.29642174735971294	1.0532166259231852	0.5368461446485866	-0.05683378348322147	-0.2873367854436229	-0.8636972352490062	-0.38620865325763215	-0.05385513331854275	-0.0025509217007728545	0.648433728863065	-0.12545863642210206	-0.109976261475259	0.36506344021210146	-0.2876892322281726	-0.19503462993531742	0.08593137752913102	-0.596732354448769	-0.8777809245291672	-0.06433485118436998	-0.2397808413892634	-0.4937711837846314	-0.23783558068551236	0.16555598602675886	0.323699264800966	0.46090661548301803	0.3705588925139011	0.18190406710700616	-0.42354021638732664	0.22672657592916526	-0.373581514920966	0.18094832574813052	-0.20000707423923106	-0.2355874866357797	0.16846775959867039	-0.2869377888674028	0.06535042805437215
DTXSID3024780	-6.754872631187659	1.9520397018445321	-4.317748355296412	-0.8153791216563144	0.912255613586859	-0.7392570702660217	0.08992128292903194	0.4553399315732383	-1.060243838726548	0.9513822966607037	-0.11014723744027437	0.7571798017185865	0.9511506808374147	1.226000494989418	0.7089855515897516	-0.6822251693415675	0.5816833599220066	-1.423431060742837	-0.23732244420442714	-0.49319184506955627	-0.6034276819864334	-0.9034488308674447	-1.9588349096965945	1.4980851412217304	0.5387571674903461	0.17326116987143653	-0.4294221274561974	-1.5603319552137829	-0.48205310597799306	-0.9562664277347337	1.944051052822363	0.9755114675327891	-1.3885502093224853	0.4877207295708353	-0.3960913232777538	0.4249047142903764	0.9273870540135158	0.3043679315564708	-0.10915994628812263	-0.3458220048928273	-0.22965928608693334	0.3146252227481388	-0.29540797683547093	-0.008907877261279626	0.14478154586489514	0.11485903551598152	0.6848997890720055	0.35809783047334665	-1.7093613468594389	0.44269634772278704	0.9983797345645111	-0.31299540917474344	-0.197000570165397	0.33198406559073373	-0.8772381547243976	0.12865779667931151	-0.8070811824911204	-0.8556397708769378	1.1583235126003169	-0.43885388661503383	-0.16661071770201516	0.30447788699478195	0.02660231071639362	0.37569203455347117	0.915651968653086	-0.047674353059209605	-0.08914591811882834	-0.1429746545378744	0.13392239469816414	0.32964309661287355	-0.8109325131527076	-0.7537008185971223	0.6481478369214574	-0.6297925130516131	0.29770841745194526	0.3351981382279557	0.4561953899543138	1.0293160797861387	-1.1309483453138942	0.10365117661555283	0.22806941561826322	0.18358790016010673	0.9019074505014703	-0.3473449323637502	-0.7491174027148627	-0.8271675845616798	0.14965778088345338	0.4591255005213959	-0.8585185775348554	-0.6374062376788753	-0.10038672458168578	0.14158773147818854	0.22318800493375146	0.31535418041037644	-0.0945893933194422	-0.40234239523993026	0.11891310563166615	0.10626240128191343	0.15377578019070623	0.32522160028903685
DTXSID5024506	-5.29000246710813	-1.435965270533248	0.6660611060013325	6.241798456810176	0.41660070330279203	-0.31326604382185747	-0.3929909296738709	0.6893868778613859	-0.7262175395467718	-2.91026564548464	-1.004228107387611	-1.4421360611490328	-0.1263188035118889	4.555736278554406	-0.7137459593330254	-0.28001552763574733	-0.8236783349356753	-0.816507659432321	3.26305326171668	1.1768906668865273	0.4845394555854355	1.0911144117937246	0.5916716940282969	0.7362719947288995	-0.10697202988293512	-0.556360942051865	-1.0555099791301168	2.588347861375021	1.6355046242726041	-0.5134237237933171	-0.4095817345405083	0.08268016480397146	-2.0698433205605804	3.369545589023653	1.7481180638839127	0.3203604367228589	6.128531541183163	-1.9011426449777893	-2.2956723786620787	-0.631266051422968	-1.328710501509432	-2.9684376887703947	0.7331835920543652	3.7915275765043095	-1.4831889156173872	0.4928216034023002	-2.4542595733217785	1.6090340614288214	1.8532545276313246	-2.284328497746838	2.009315695150819	-0.33281493512022126	-1.4973042083044517	2.742963444145294	2.6930312839892436	-1.8105269318109625	0.46932705871323827	-1.616766211631686	-0.058486546155869575	0.714974045992893	-0.08608517719189815	1.5789704821557358	1.551535038781169	-1.3486783601059122	1.0299225911698773	-0.347904033465749	0.032714305020472234	-0.5414443658665281	-1.0430445563328452	1.4680720737119985	-0.14502383580129175	0.305945898085157	0.2807478393321742	0.07070493580525218	0.6223333072450977	0.24195072094014777	-1.1815442992698424	0.6171211749909074	-0.5012629918407556	-0.2396917960972865	-0.18008286154207748	-0.5876299859077899	-0.5059016543145295	0.553762811328731	-0.20506832865440594	0.4489653814664703	0.2337444616116711	-0.2080839466105507	0.16053707929424796	0.17100770959846887	-0.20859469398482308	0.07010375708942736	0.2515959073445298	0.44813902131108224	-0.5889836507419569	0.4521518366358404	0.4990665011147819	0.08295009246533956	0.20081151539188363	-0.563311004561399
DTXSID7045576	0.09326274404613383	-2.2852344541536365	0.6449675894277447	2.7751570766893057	2.14647580029283	0.7536005423484295	-1.2937029622738594	-0.6616745058138169	0.8197863125179086	-2.4796354877144853	0.8953364773478383	-1.8039610701182573	3.0830514446983113	2.881473958615163	0.730684226534023	-1.0477092215694326	-0.32360826291648553	-2.3035608419031313	3.548969666533793	0.8127265151816628	-0.0664012626823388	0.20563098150972317	0.682610898439949	-0.723372085734066	0.9204044425480536	-0.24314278003551762	1.1089491654761345	0.8075499260470397	0.25365067597753954	-1.6277223017984954	1.232984451642152	0.053893334845177214	-1.7895315233882032	-1.3108768744184158	0.8333074074079411	1.9833451612855282	0.03742047710912618	0.9332083527473896	-0.6531081386559474	-0.7311378522279905	0.8968521595948339	0.46345506810407	-0.5043898026778499	0.5366880191771005	0.49536683918280006	-0.8361323168921326	0.584849652577383	-2.0465176103951546	-0.14051698529085066	0.5023723630809193	-0.95783318805925	-0.6920549504661427	-1.039685351805192	0.02678158065891593	-0.09089837102441471	0.6605966425713234	1.0370354581238352	-1.2483853224123487	-1.8769338382227663	-0.8820348434715645	0.186427107661444	-0.9250052230181239	-0.2825448865981111	1.1535432984207583	0.03910783086115246	0.25411647132960946	-0.4586197737962345	-0.17545538367523125	-0.03557131538959371	-0.3207125245158772	-0.16338163466280634	-0.8346686831378008	0.1547476653026738	-0.3397191052230551	-0.4732172072165481	-0.9103791108355179	2.9680637667752987	-2.19620726360714	-0.22159364660019176	1.0398405104767343	-0.42598181734749907	-0.6981644011120642	-0.07703686159698628	-1.6609272344395694	0.9074312916422852	0.18005495995574886	-0.9082952611450669	-0.2768069888371024	-0.9097264232292123	-0.1943373246451539	0.6999498231575847	0.3592111084979591	0.4070313247362913	-0.03551078311914618	-0.4138129718795229	0.28940309401171427	0.1297364341972501	-0.707930274147981	0.7242862205121163	0.3440741282654158
DTXSID1024255	2.1331681647931133	-4.219629156460482	-0.1840682514889215	1.841968399211402	-1.3911020115147468	5.48024319598543	-0.14253075406016028	0.14353129964871209	0.2956282015512216	-1.6629110585612366	2.2532072362281856	0.08199784453266061	0.693120662379997	-0.9736656197371197	0.515808394212156	-0.7519390698236827	1.4119194979827823	0.7166669046527371	0.3202951822214054	-0.601653355220819	1.043763043911334	-1.073533566631751	0.40977480780265935	-0.22839760215394586	-0.4250345376768854	0.8957935635404092	-0.4493579303367979	1.424000098785755	0.35249624501101234	0.3242554810037344	-0.2606533230419382	-0.8352479480535999	0.27970910428906665	0.3901946756927755	0.34598400719409333	0.08602391296200959	-0.5114577647061811	-0.2797452951738889	-0.21936469193396996	0.2188958483506981	0.40885006455498735	-0.3444847951164351	-0.7409686233195955	0.4408777322029213	0.17207563880899104	-0.1386192476261484	0.1571135773041964	-1.5262758190318446	-0.040455981621148086	0.45680399517843534	-0.5330174125043443	0.3784285265908781	-1.058066909660824	0.25948362821984816	-1.0845163371700708	-0.21128670397173535	-0.42217952515852697	0.8873424872392349	0.2827989428347464	-0.7720358548176175	-0.7105489418360235	-0.506233341837104	-0.2955922512816855	1.0907289580193404	1.1103332604971945	0.06243816809953462	0.9533408416101499	-0.9740473395311895	0.8681179116993527	0.5926337252119676	0.6033893231779995	1.333491266157821	0.21911620883696875	0.33072677006747114	0.5301450112612912	-0.044640110812029524	-0.44792020269087857	0.30740206620593874	0.08308116166669866	-0.21676934186775548	-0.3352943428942079	0.2735325828793515	-0.8847336111069681	0.4431539814519502	-0.5406631374462062	0.75163604020203	-1.2249381985086012	-0.470072153300341	0.8160488149303086	0.35772602737555625	0.235279133315105	-0.44035851912059704	-0.9313450600626169	-0.912061318072056	0.42937768908373053	0.2211859596942262	-0.049906715575096926	-0.2511824636948366	0.14896644931692407	-0.25154175670244244
DTXSID5035589	11.260064725212525	2.937299739964226	-4.478740171736355	-6.258670107421017	16.49636750896942	1.462087670334458	0.5517376165158853	-0.9597119818789086	1.331812685144558	0.07600437351931014	-4.00683095895853	2.7246621881842836	-3.7717803416045066	-2.1284936209023995	0.6741154524721077	2.969952766098679	5.318482604780363	-1.8372934062364683	-0.17342124571365078	-2.7460326489471427	2.328776042978549	0.7885946819032589	1.0942012724587986	1.7748701904514932	2.541692761726311	-1.1929752050539726	1.1531134399537215	0.7317359662417465	2.8355584108706613	1.418326476398867	-3.0612170392324543	-0.22070001751705234	-0.5047333377327429	-0.9540331663005168	-0.7255128258642516	1.3732080711160597	-0.1313028023395947	-1.3886940658707039	0.6346773283051879	1.3415813068155047	-0.3632760265953986	1.0656754039790524	-0.6420052376302912	2.8357805470576127	-0.07278275778234151	0.02556989754670205	1.5096531534698536	0.18544655685158007	0.3003955974936722	-0.5723187111415041	0.9093712588636655	1.345114508079742	1.727764752575713	2.607559715060746	-0.07113449654402874	2.214986441877974	-0.7945730167200438	-1.85177229711669	-0.2514458353515148	1.8568518655519628	1.2032331661548965	-1.7614529242091106	2.2413966183464	0.9931897002727932	-1.8250700592456932	-0.5422962588881087	2.6993867129450533	0.42254411776876116	0.42589170950490046	0.2990097004993516	-1.2796836237089626	0.8069427850255366	-0.14809664375179604	-0.3176477742633617	0.3984514366094487	-1.209709663313461	1.1167099543610806	0.2740324160717478	0.27526985482147426	0.8360448232074517	0.7506714031781981	0.7172730050894071	-2.1605502935908047	-1.1644288153027598	0.00287166377300085	-0.5553240399171058	0.39131099839557093	-1.4235716953839992	1.1930876097888314	0.6052686467427042	-0.1411540746247817	-0.2313370859735518	-0.028892899413211267	0.6639896559746598	0.16775303878875444	-0.6855490317352919	-0.7357857238762855	0.23895497413460512	-0.40985857523190183	-0.35615281346623867
DTXSID7046706	-1.5788481829669423	-2.009274257206817	-5.155468807994947	9.029776688534035	1.679454500146143	2.676358863703704	-1.4533468993132124	-0.8699452836316074	-3.0277648041393666	-8.563894658760908	-4.0940157232188215	-3.311725006999888	1.2134552363344293	8.127873358550278	0.03632170787314761	-1.4654042152665658	-2.0757982352084943	-1.110661488900963	4.066312668816276	-0.25668348035420285	1.0201774818607028	0.7608949825727308	1.0992056358355682	-1.02544687489421	-2.426840911249506	-2.277333780230595	-0.5144308978855949	-0.6725675018990155	-0.9380197112818697	-0.7100647202376238	0.2574379716921568	-0.701730335732089	0.8487583532830361	0.05401296439893777	-0.43508799569214646	-0.4745102193323542	0.009429236616921024	2.0660864016454905	-0.7695849947312852	-0.8317432493974677	0.6934207803137343	0.5079074094032424	-1.2709685970703501	-0.29418699707704626	-1.6768942473373227	-1.9957006637564132	1.0725646180854007	-0.9610345701392025	-0.8938254851248879	1.1909673136916008	0.7555430139257359	2.791636525089828	-2.365325592716522	-3.4354567122614914	1.2998117905868734	1.885233952127559	1.9411317972241091	-2.6460819329994516	-2.399246689921351	-0.9281870015680718	0.0083546109343891	-3.4307508724000026	0.7031537020023567	0.5666850347941887	-0.06967559779981207	0.21669730772957946	0.7439050468372506	0.2354235585624334	-0.24174398283181017	-0.36121947278664596	-0.10695262044267777	-0.1784453135431494	-0.8113412616093851	-0.9362976330811841	-0.40772256661419776	1.1732485457373105	0.3553062085513951	-0.17785924431240038	-0.3525212618372265	-0.9372678513997442	-0.18533994006256208	1.5191290009631382	0.9190367446873636	-0.20899443576928034	-0.030519249520694756	-0.06831161295808083	0.6515386454778476	0.9964814512612715	-0.07267711437888004	0.04207135201822794	0.49203766019577605	0.3545439160692886	0.493022924873422	0.42867633007678413	0.6627669487049287	0.17949480496368173	-0.2695115212790964	-0.32722630869892355	0.8092656039222296	0.30789849749443376
DTXSID6029626	-7.9825940945236376	0.5115713406897602	-5.978870386736387	5.251761629797335	2.6067523892984235	-0.0396297683707343	-2.7854264189921407	0.14817732650416723	-0.11772352839631038	-0.7948342855785715	1.8720299857044693	-0.7283062034934877	4.0692292864406365	-0.37196774899446994	1.8399604121065694	1.3747989075387068	-1.2901485778228268	-1.8294938968258654	3.2418973110649687	2.4201188683474655	-1.1165694431486204	1.5412346184471948	-0.8447953442272946	-0.1663137300162899	1.8858171013144913	-1.8987442879300926	2.5469626760657578	0.6000622184281887	1.3854797318921233	-1.92485111234538	1.866527752052059	0.2258907609290671	-1.7821989564401743	-0.9562652969235599	0.9551242562544006	1.966884501413014	0.06438524684595054	0.434721255610411	-0.36198818281712414	-1.8793601737719676	1.1211825513247973	0.9472741231578126	-0.37468225358003737	1.524432479934594	0.6472493455842796	-0.8140720930485001	1.649439073421568	-0.018353078508080985	0.011272160724067837	0.9863661549841753	-0.94972971419781	0.21074689434964797	-0.1373232583084774	0.5863347524808864	-0.5590542521475533	0.7037141008417023	1.3687350265809606	-1.579951941395899	-1.934959020964493	-0.9042377891797458	1.7177531657571694	0.50485330790507	-1.1245131132193658	-1.0231526550096397	1.2632073860743247	-0.6786701937762978	-0.5028223750070085	-0.7593567429356204	-0.895704539457363	1.3815954137867512	0.00950668990492488	-0.5016034934736154	0.5266658480240263	-0.09156973056361335	-0.848347210513993	-0.6074115054481419	2.760325738798191	-2.3911128965547075	-0.418581642016729	1.2361672006219981	-1.0752473102198423	-1.7118156411851537	-0.6641267001223526	-1.268705489507182	0.9371045089311478	0.44128306263065614	-1.672619823367932	-0.8236235272951299	0.03945431254213006	0.6690816791495711	0.7317995744575182	0.028882416860082978	0.509470246319247	0.23446869091860364	0.3816421297976754	1.173881499236909	0.744545328230581	-0.7785529814287911	1.5446764273764062	0.2916534175401732
DTXSID2044921	-0.1548997245796317	2.7239123306779787	-3.3123155935279986	-0.8679231620692343	2.5606264594576125	0.596449996728324	0.518022534800869	-1.8173881417065612	1.5768824562867976	-1.4839984973036902	1.185196545079127	1.2663494456356332	-0.6692541455922898	0.5665398752038312	0.4929419015037164	-0.15552992662960483	-0.6632783467042886	1.0059078641108623	0.00039132534108979257	0.2845432565883105	-0.12320838120997266	0.2392839662675072	-0.6102488534351899	0.5216980342142701	-0.4937634599896604	0.021253487782974118	0.1551751793732095	0.12182027236988556	-0.06951026043076769	0.14390423909341266	0.34540969037359565	-0.2309478961116158	0.4533754112608806	0.17573497309922434	0.5743873420007046	-0.08872817278273491	0.8177806588908205	0.07342446560291578	0.05020166822800187	-0.13958962776326572	-0.262883385213539	-0.5646197424975571	0.1981130437829938	-0.3712731679545839	0.4843210943717059	-0.29845416307120576	-0.2581604635919818	0.613463223215463	0.4277685489532068	-0.6762060575467504	-0.2256952272527558	0.0851201352233706	0.6649630193544346	-1.2854625797181103	-1.0677550657870611	0.04942911381668422	0.11709082860296553	-0.6575481272901679	-0.16565310946219522	-0.4209548708881327	-0.09693020051475057	-0.059293588513874014	-0.7084200905193342	0.1331382012407347	-0.04039409384985012	-0.38803900283347487	-0.4903963111529859	0.4356353744837472	0.558633674072411	0.3302004308546256	0.009060646431419427	-0.842667818304874	0.3909197726062551	0.13434373078063744	0.3091556741287841	-0.13748062041110196	0.06155359806301407	0.4788116602079547	-0.037303119052584106	0.3839783895718173	0.4240682979290574	0.235142006330939	-0.04809291821983442	0.25481122794823213	-0.11063252756396282	0.3016530643721949	-0.15436440705731871	-0.1965149798094926	-0.36810453108998487	0.006878958846025003	-0.5784227626659035	-0.14821100409070295	0.01444020570832575	-1.0564267666593392	-0.5715424934119341	0.3022543791705422	0.36993618143237644	0.32648460697416537	-0.11094975250326987	-0.3879053520804371
DTXSID2041046	8.199177768463487	6.429452579579234	0.9357166832551854	2.340647922924612	1.928123760484503	-1.7088010309793042	-2.1770173813222504	1.5519633479143027	0.24705706073897196	-3.242831347849474	-1.6370424196298363	-1.9883713353182682	-0.5608939817855074	4.631203204199979	1.2379219740850425	0.24468574231906584	0.22462912825410647	-0.3016090388910978	2.209511070806281	-0.7796032817178092	1.0868422335716905	0.5493800839719091	-0.32213440937429555	0.8876562493503156	-1.1524079477028628	0.03907536658320629	-2.1262922926614967	-0.6738754234766249	-0.2292421385384988	0.6571991976827065	1.8243642771524704	-0.11012961147780657	-0.08898249422963876	-0.7499505298312203	0.1782997759140585	1.1578100491073264	0.2510749781709787	1.1780751658912065	0.4404962283002724	-0.9091422316107272	0.08110051686837363	-0.32352036854832894	-0.7621261449750149	-0.4160929364247969	-0.273053240384837	0.21859626592628026	-0.6463300451074476	0.4282318531808202	0.7240888513397322	0.5060660016303021	-0.9237960690267228	-1.0195946374866585	-1.5506639629968213	-1.503040716170017	-1.6550159870996506	-0.29100150354850424	-1.261396069127229	-0.25294638536822217	1.0875961177590416	1.0605227096419854	0.1627938472077905	-1.7557012896779045	0.40495578286601097	-0.21750498975295232	0.9617258738052085	1.576933230142155	-0.3005668037565992	-0.6458269998403122	0.6111538514645208	0.6569134973304769	-2.0458069322062014	-1.274438533949923	1.0604939084955116	-0.20334759662012492	-1.178817039344961	1.3718451347197071	1.5553976298187207	-0.07278568013309385	-0.8145805909965473	-0.2237354216443649	-0.6992841951018353	-0.9227010236030978	-0.16358069585959328	-0.24879233747789872	-0.11353730959698104	-0.8939430015549222	0.6756533933183085	-0.7325942497776501	0.7719472357557171	1.1776541753817282	2.1305683485340956	0.00703268275407325	0.400905974085427	0.18550292526063675	1.0062875946716732	1.0558739863625244	-0.06776865481196992	0.0469048844161855	0.2416131129207866	0.8230617998323766
DTXSID0024341	-4.179545244904288	-0.5176327213281706	-2.2889193588665444	0.4183439274728392	-1.8381940394322203	0.23885038370386577	1.4958806730678091	-1.028972148282048	1.17115890730664	-2.683565098007575	0.9019598493588828	1.2427413875946673	2.249077575102869	0.34762275782096425	-1.4019353098522012	2.359996243582436	-3.3121128359569982	-1.2117181675442121	-4.126770806115528	6.080803873617623	10.112772439831286	-1.3537656426491163	3.7069039582669996	7.36153221875321	1.9299457824622355	0.3717407879913729	0.8582677389711124	-0.6030484832541163	-3.0556771315158295	-0.07309650039364704	-0.5916651873948081	-1.2682974643581932	1.3377522278895526	0.20719725542913534	0.14394773640373465	1.1129582639679914	-1.2243818794063437	-0.42272307076667603	-0.6848956935311687	0.11220018668193257	0.14312790731110286	1.4644709040603479	0.789730067693306	-0.5609973126143394	-0.7454309003983749	0.9208898451364428	1.1409427915910728	-0.6685564029045115	0.8947589015141	-0.12276881083540667	-0.3117430353900334	-1.3505499140847768	0.14792099296455985	-0.4390941220395959	0.35898209711976453	-1.2429171645435109	1.037523899794513	0.9178019655805881	-1.32783531602683	0.9730817627490046	-0.016800716223023687	1.1888468702195716	0.35208299577544966	-0.6458706359053373	-0.8679635918761314	0.7444026837272039	0.5853090104224484	-0.9095134070847244	-0.4144321325265745	0.04304512807071184	0.2624173753580509	0.408401774445387	0.7648017994322828	-0.38760806922674773	-0.5992147642160387	1.4804165887211314	0.08526577048556122	0.9253133075224516	-0.3117645674225029	0.5692196846192734	0.39687546391836975	-0.3517888113181567	-0.24961138516901377	-0.4853426064001196	0.21141937461609725	0.3010926238512047	0.00014316388304053072	-0.5276957044246928	-0.07514767423703111	-0.03521360709620836	-0.08869526335398127	-0.310045684866329	-0.3988187684205085	-0.23158671679083695	-0.7381603598473275	-0.2423473388957553	-0.13899322353579005	0.10072258947427212	0.18048827164476264	-0.3786882668026084
DTXSID5045835	10.950873735269958	-4.017259763875668	-5.958417038651577	6.2633467424492695	1.0645435142441115	2.4041601599359437	2.5469961156248018	1.2055825742226978	-1.0083031923724253	-2.316740591418142	2.141958504946959	-3.434609807916815	1.1134203696959275	2.938806966555147	0.3154398597079088	1.3369600484944921	-1.1860199603094894	-5.289708047832468	2.9645616915641426	0.0025904453200519544	-1.0320754736084716	-0.6995753858059227	2.3594033264314245	-2.3366259782838474	1.263781560350706	0.6522474047959184	-1.0229455816095883	-1.185339296285644	1.8836796646699157	-2.4968709518162453	3.098680927774048	-1.5275872624523514	-2.858878794026142	-2.462436672885172	0.7521978497936053	1.1882042281371545	1.5341472886656753	-1.8303952371740826	0.3672766863117975	-1.240525379333616	0.44024143565577034	2.538969019355172	1.0208901947709115	1.6917421692093204	-0.23765783903437906	-2.5196667246307203	1.1216926064052204	-2.7741255042154735	0.2539176286243305	1.102764062038326	-2.2797079059500436	1.1267441801498066	-1.3882569854808346	-0.2867804904198757	-0.4522839186677072	0.6880171274652527	1.6173132137844688	0.5902971421474752	-2.5760731875911667	0.6974494291461456	-1.230379734084871	0.21777489159423688	-1.5072993704910203	0.20346463111415108	-0.9758990615620645	-0.1145993321209166	0.47010109447184595	-0.1963332822405753	-1.0441796607512608	-1.7715403050266654	1.8987118511631083	1.3061249428531547	-1.0874182868460605	-1.530903946660016	-1.8347166739658562	-2.8754222684877857	1.5925309128406604	0.3466354726324151	-0.7407109768201933	0.945666701209358	-0.031943391552011376	-0.6738157758047015	-2.415843421389433	-1.7809100075208746	1.2585605969838327	-0.22024117189583706	-0.609696365572187	-0.7147679141535126	-0.845923890650179	0.1444626990683896	1.9911791240876358	0.4636111311009623	0.20785518040908108	0.537276858092271	-0.7868136653750444	0.7530671930927577	0.21642142994122798	0.34818700915232004	1.0562040619105932	-0.7395554030574133
DTXSID0046357	13.04352111723596	-3.642536635851014	-0.9694851818043422	-1.8869220726610139	8.383944345722261	4.8102380812242975	0.627109355722268	-1.2858794979524224	2.4515327222285177	-0.9142195557586322	1.8650253706034732	1.2686353326026847	0.36048226523526516	-0.41288755145409795	2.15225435652205	1.4896233446805662	3.7793908290146567	-0.7017733530911046	-0.9747402039577039	-3.2869537427957574	1.2127313047687154	0.17539976991240402	1.9365002420461794	2.141231283529893	0.8956071286856844	-0.7175207673662759	3.6135354841535965	-2.533096544595371	3.53163524803639	1.7911653198721458	-2.33608278426586	0.4638041851053934	-0.2529798480897209	-0.32617617826874784	-1.3171681860441145	-1.9532349379086433	2.5947359903802236	-0.5600786752974444	1.314908749737459	-1.1832564184792296	1.13961422061012	0.8226301347006344	0.9466636782649578	0.5070432559759922	1.9755120309570926	0.8197389910837507	1.1263982220463964	0.7151327550187029	0.8921311745490793	-1.0023529490580307	-0.4831974910451859	-1.3000711348737815	0.25319304129467024	3.4278522054551446	-1.1850584227308354	3.6693655097567635	0.23606210973814615	-1.5898212818093673	-0.7722976237966868	1.7947495318444666	1.204992272346645	-1.777454830058726	0.9495414141318598	-0.47945472528301064	-1.179418250445269	-1.2613859050330778	-0.20247500670049826	0.6361751376941375	0.4268539236567558	2.4694599744642933	-1.0486685524126882	1.6690014491865153	-0.9999005486906686	-1.2064066008319405	-1.0013084233753344	-0.4602805954389949	0.10472639630880516	-0.512196520358199	1.5592142850521313	0.8772704658469886	0.06613294738576575	0.8746882207749604	-1.302771335405093	0.04001001473913321	-0.7599395866079	-0.2821134713255721	-0.22236876970080735	-0.4333609727721056	0.38087804848966184	0.7048692703857	1.239492861986638	0.9238897831003002	0.09974989952587332	-0.3784170605355412	-0.01719025651192643	-0.010531975989432294	-0.0734098937586251	-0.06626144964130296	-0.7508745645292271	0.0022341155204017834
DTXSID4046735	3.556954763021638	1.388428960219575	-1.2081972130227228	0.2044584404791526	1.3179685997843351	-0.8922819595678044	0.864341432559944	4.003789657278743	1.0686450711220838	-2.4080392251897447	-1.026295224705223	0.58679295138485	-0.9323091659985021	0.6144316894140589	-0.023229241731745943	0.8322236762724697	-0.7953392246798365	1.9134222516530632	-0.8825946755110198	-1.337493339631272	-0.6827171987575524	0.8748924948811883	-2.4915700596612327	0.5954148606930013	0.739645198337865	1.2517298012981237	2.194171340202977	-1.441354943900357	0.27823384696806364	-0.4242998440058809	-0.152923871368828	-0.2390945783182386	0.7470678350283195	-1.7477388380036025	0.7478745372437832	0.2620142140896824	-0.25741213928467155	1.0979506560789765	-1.1027658074492617	-0.2108289789193859	0.9706512020101189	-1.3567970928131725	-2.050169142866286	3.042485819826876	-0.14574103842093142	1.8013798686859932	-1.2720244383591996	2.9669042397953715	2.2880301825749165	1.2387726340204435	0.5592044214487982	-0.3093773395323416	-0.8026455685743291	-2.5037236281566404	-1.4907242451007918	0.6830660836405037	0.6322119501831608	0.847480142706767	-0.40763482597996786	0.3661500491449523	-1.3786615957210318	0.5885398953265373	-0.5001435782960418	0.4360393652169601	0.5094070495621316	0.4442933580665345	0.18024007640382872	0.5911941540884915	0.41785424097523893	1.133455217958225	-0.8006994537646042	-0.7612568547287256	0.3441273647001664	0.17073200259151017	-0.6067215740141464	-0.02847027729640162	-0.5242779890812126	-0.24886379378650875	0.6929237670863231	0.44329257099056346	-1.1641050563690238	-1.2315107499344342	0.2005145208663578	-0.11441419575749733	-0.9402003029135039	-0.6563178605858846	-0.09293679315452177	1.235583497115954	-0.7682086265192248	-0.39356193887970514	0.6680173665334942	-0.1658833313481575	0.6435457452293131	-0.18707443249212166	-1.221123828025127	0.24288414695133148	0.5414118851555044	-0.29217326715073927	-1.0812858494233053	0.6794985966529782
DTXSID7027178	-8.228359289996389	2.1624821523847224	-3.082068980658723	1.5408588548501874	1.3322445764661492	0.4099644059249909	1.1800018211907497	-0.0638481913842142	0.5902286671093632	0.703201612617384	1.79340023425309	1.621447226782104	1.2405406700203157	0.35232506292700344	0.06910292651724267	-0.5794290267926026	1.1009359658145934	-1.6952310247523255	0.5862872780234479	0.01608136123122126	-0.38389036824376466	-0.3688611733604326	1.411776121586327	-1.0684451300060787	0.17138959144141902	1.2945838373856418	0.06202892939542695	-0.044148882546804484	-0.8681880471028218	-1.0510680366710414	1.0647051379217614	1.1702486449649692	-0.6590904539027395	0.6164204476626973	0.6692650197723647	0.3380200304925859	-0.5283956819684539	-0.1854167695196386	-0.3186879454174487	0.13566667673783314	0.23339943857931314	0.5825211262953556	0.03868727378708032	0.5250792411249475	0.6384587364338226	-0.3041780103187353	-0.8620623053406941	0.012690183735683484	-0.5366690835076933	-0.5236184171460386	0.3265987097241625	0.1760247828557676	-0.6528839733254986	-0.6617887111555689	0.217538673573416	-1.5528431894169112	0.4646873524854301	0.3401822555303331	0.12996334494768208	-0.5577346842839551	-0.8949133309294995	-0.8119318946156926	-0.3871292913829729	2.1245862214034044	0.07499853544968192	-0.49465150267493524	0.00026745504870748417	1.017927050800869	0.18333231000725633	0.05985971159764977	-0.4726187665989244	-0.1854313023526956	1.1798676215043613	0.7904920817537577	-1.3628196012685825	0.68804189505813	0.5233155117143251	0.546111933491179	-0.5515875303016254	-0.734152101916605	0.6413890972728052	0.7870261094062942	0.0778486496653249	-0.7576490301302763	0.6532799583920429	-0.6771334745548775	-0.5296197179729714	0.8375477369975561	-0.31240924502641826	-0.8275584533666989	-0.5551201632423698	0.9375452731867551	-0.8267619920759056	0.4056439870423332	-0.18452116414621172	0.30609728956546123	0.012554077406568118	-0.36342762453222954	-0.163781464752149	0.5411142228882236
DTXSID50382621	5.601580861913077	-10.133168020188238	-10.016271657240416	3.365634652199475	-2.705352770008748	-1.6915944369008358	-10.456402451929065	-11.461201345435738	-1.8780181673607574	-5.724710210216456	-11.617870165682735	19.110662132769853	-4.3710779698609405	-4.31870820491161	1.7983213610045912	-4.692530116776913	-2.059702192032016	-7.8644326634649415	-0.5643102158224418	4.2241672258845036	-5.177955006001635	-0.0511371566834731	-4.315607138095734	3.272322738215462	-2.705422031357539	8.360610625234514	2.135141141921149	3.4552123322652726	-6.303759725207628	-2.4707765051167163	0.0928441510298283	-2.1207229983388807	-4.086134748881536	1.4371701225190172	-2.2894606659756884	1.0391442765341596	2.4137830253684074	1.4417362715255113	-2.6102095808663286	2.4767735039368017	-3.477032152748482	1.8776460302346598	-0.0737958154733858	-0.5866933423696669	0.39482194085317507	0.9916478845104468	-1.4650552788524316	1.2445959506712054	1.6313217069005996	-1.4213967786140103	-4.050062103648031	-1.250251369501762	3.39306280161826	0.9716276498287503	1.7189019050881043	-2.186109858869335	-1.5683822056806278	4.092683839686502	-0.8782812459039743	0.3931140419736227	-0.2223023586301522	-0.7629244069386963	-2.3042115423918643	1.467781894496352	-1.4899143131789325	1.302255422137458	-1.133872882697957	1.4395689859754368	-1.7727274742514862	2.4535590183384546	-1.0361948843459303	0.1283001166052337	-4.912105377870197	-1.396149008490743	-0.8950709104293594	-2.4055538110905923	2.4402519853826554	0.8796913538493393	1.4147986269110666	0.35882163283164675	3.1303229008314	0.8494181555826846	1.745211530503546	-1.6392427355111947	2.649772059177308	-2.407056441212731	-3.660648442003914	4.88270257145834	-0.17244317717759755	0.04393067750006927	-3.0968740102804757	6.262402104388102	3.9725829175578844	2.6918852190373452	-7.701881709017395	0.21421804235146205	-3.6587347633424137	-3.712968737357997	3.9866157260247173	-3.221664156306147
DTXSID2022179	-4.892033177071229	-2.523305661271347	-3.594423633892028	-4.634314547561486	-2.0395844186695538	-4.074330011546118	-2.1207193262099073	-0.43943520359245125	-4.341095460258524	3.837086712653469	-2.3471019209082087	-0.6482834024088502	0.1428046734866619	2.7387363073070894	-2.4629994199221894	1.7425156556153036	1.6745698983156847	2.0080407804741904	0.18343519485771362	0.9945095013398854	1.1473922660070752	0.05118786146911288	-1.2437465539544876	-1.5850372669737223	1.2345620439374048	2.157875799777875	2.52703571395612	-1.1358887016467436	0.4547460475874191	-1.4963432229283833	-0.23388046584009978	1.8207076998768412	0.09524545366362043	-1.1123005841832112	0.22211464896252484	0.27439226330096483	-1.7945678451820803	0.25452350565957244	-0.01935491745316632	0.1614709742970944	1.6312862194554476	0.11542242666882019	-1.5177076005073171	1.8998433851534267	0.004798157095245757	1.187384891226416	-1.036840011398542	3.276788570053697	2.0057015934058344	0.2310310285962896	0.5874039580625191	0.5059113238519863	-1.4095631511687994	-0.4271363379625252	0.0530501134858723	0.08935394260406725	2.6497215404970293	0.5587933848436754	-1.5280453076257074	0.5381408810304497	-0.943017968294927	-0.01443358843086853	-0.7907984236042922	-0.0947450616130829	0.6856788235479516	0.44198458552502395	0.30162296003704003	-0.0001554888093006193	-0.2888041302102051	-0.17088931049225797	0.4693528034601951	-0.20887216973003142	-0.6811489220569924	0.13467207897253347	0.027012987243261323	0.4831043261899201	-0.4808451666785586	-0.45149375840212214	0.28824424627259715	-0.3170609648631195	-0.5965640708654243	1.0535264428938391	0.011616901546914072	0.10090316673816967	-0.7348393007582795	0.0883404659720335	-0.44337537079088934	0.2354701080024804	-0.5208155368655257	-0.34829969198151545	-0.25817926944487257	-0.6869062535464198	-0.5291577121463789	0.1317148259790331	0.317139919923071	0.28386883236821897	0.3286409742493791	0.23116338429017294	0.11008804307583933	-0.095054733441976
DTXSID5021330	-2.6319414437656774	1.9620305271967076	-3.8611710778267505	7.262600883250983	2.959182150453522	-3.295259219432281	-2.2785493713609353	2.460930732582606	-2.1960606501626403	-0.099538508567024	-1.64452736213007	2.3246090729822217	2.484841772286321	-1.0039474395833532	-3.6509641234124617	2.340535266490669	1.4184182824901044	-0.5870013602898533	-2.1595820983386673	-2.1932430160212983	-2.4400284977255082	2.10049636565119	1.5769922106622027	0.17665373936131692	-0.09723947788475022	1.5732871870712875	-2.478529215125502	-1.8186448073299304	-0.4366287155717652	-0.044829406679692554	1.4688229833541324	-0.5680611148297644	-0.20894191870930767	-0.14353869922845294	0.8689999447661445	1.5949329048559873	-1.4189457574598034	1.0984914448089615	0.13962676992551323	-2.746143932795147	1.7863580762132565	0.1695636035487047	-0.023791629598329964	-1.010501068745112	1.0119841683387512	1.7502261423523215	-1.5180749960674198	2.2790552841137934	2.2482202341331967	-0.4111610932718892	0.41864834806438145	-0.25581971577863116	-0.4641890597136488	-0.11816236032071507	-0.2611186816185758	-2.6377284785567725	-0.3392068492162722	-0.3718226104978518	1.5590959489240814	1.3140669395351612	-0.8508554764244161	-0.7221841979948843	-0.46566373171598446	-0.6664362235459848	2.1670244722397674	1.3178194768284532	1.9987885183374405	-0.3696728280509838	2.4478200698530794	1.1510499920431065	-0.4300031623413764	-1.5698363577245154	1.2818659861801605	-0.14700800964409133	-3.041594893222231	2.2711831770285933	1.6780497462944743	-3.7225506172843343	-1.1104582213854968	-1.5882025235928634	-1.5026405167939079	-1.3472648382764894	0.7982746373232678	-0.6872206625255598	-1.8202229301613537	-1.1901529106834288	-2.7700556722433047	-0.18643574105000874	-0.7990753401224348	0.4691310615868239	2.042706449503304	2.5665304432429625	0.8994364884529568	0.9710053574398085	-0.6590775523039207	1.6279398383300496	-0.8731054520491455	1.125176831678401	0.609889603327198	1.3447182038420433
DTXSID3052301	-7.889655248492898	3.8435857114571337	-2.372177420953267	0.9751896067302072	-0.19647706907524284	0.617331069325705	1.0288466560133345	-2.1613761311689523	0.9819105422098238	-0.961643915656852	0.18439480172019873	0.6478672732813436	1.7990844711068863	0.9734408263722056	0.8348824031664797	-0.4434718609670585	-1.041341819293734	1.2514498386947375	1.4186144347429301	0.29184186129389444	-0.457617269326235	0.8446148431290019	-2.2288922191071183	-0.15559474432642975	1.3085762776159369	-0.06001721439273828	0.33801083871941995	0.9446169645451673	-0.7362950749774234	3.2072835319163366	2.2470549190288214	3.297496081299812	1.6581499741056442	-2.8254536254274645	0.35188540445753347	-2.883847195962619	0.6837924133960239	-3.4765281604335345	-4.149613527919119	-2.1317972193708163	-2.0643973888244997	3.3374480765413077	2.11924902157119	-2.99777150076672	-1.7286899212897175	3.2788067006110224	-3.652156413507641	-1.40585916040132	1.7151195318743748	2.0295239298232266	-1.04333349417816	1.446867083857132	0.1668844272742409	1.8328260342162228	-0.9366407222556666	0.8188885571468141	0.8364456486856007	-1.227998968641219	-0.19007989588833574	-1.4545300112222597	-1.537743004865602	0.14437823079067186	0.1940638555497041	0.5547733507899637	-0.28620780378409255	0.41772339158483535	0.26475914900359365	0.24315062162522005	0.07473069765422492	-0.24715088863121626	-0.37786659572742526	-0.1628363967609226	0.007196449710193391	0.07843547548972969	-0.06472045929068145	-0.19689505945248825	0.48266464954952626	-0.23802931086881757	-0.4608076321626312	-0.0038845335473566647	0.02351213657156564	-0.25808406876205836	0.17787981805881356	-0.24731466377391167	-0.4870580469842645	-0.15019382262043296	0.25356887325851185	-0.013026985008862827	0.19169026883337958	0.3977259763938466	-0.12338612360359784	-0.01133226176328928	-0.04727913865797918	-0.2641283238538252	0.24787093732716964	-0.06523811777399624	0.10516785004907095	0.2752529623215697	-0.3837567344458661	0.019728212234560286
DTXSID7057816	3.6425516085783354	-3.7251429453771707	0.26248071749726937	-4.336246670996622	-2.3886787167175876	-3.257379496909574	3.935930737647302	5.38404722698899	1.4974682358022464	-3.1707207276760125	0.1501322728191068	0.352335048169599	1.6055659864906728	-0.3661080071852983	3.3121493445551167	-1.365828056979142	1.6418469234262674	3.5200866168770593	2.703184463993669	-1.4055717334936484	-5.330386655357651	-6.049270827968865	4.252941344790208	2.5879859092983777	9.541197598161594	2.623625489078547	-1.0772409670538023	-0.24533609187506533	0.3949034218681492	0.49987352609249597	-2.122181337097724	3.244078492625615	0.4675985876240121	3.0291468173166223	2.8931638918286424	-2.8923369391231093	-4.937432373426157	6.26769290866892	0.24014977515405622	-3.040983138270752	-3.2335095016475366	5.347463918793478	4.216609477162603	10.371825568808163	-1.5163280464146993	-5.474880113869032	-3.7606072825196146	-0.5922610740029799	2.9652881173212347	0.2932900110554585	-0.12590111523451833	1.8521412914286917	-3.581446271566787	-3.123670520760049	-4.178601638296198	-1.3095326654296904	3.035106598608514	1.1185501696539448	0.4397781167780911	2.400762548266088	-1.8505150639685457	-0.5518108187935002	-0.07382142743742733	0.7005023212983641	0.7687813030723663	2.408871685580066	-0.37618344144883414	2.6984753752603257	-0.44623336225384397	-0.4853498659421449	-0.867468742600897	-0.4370055091287426	-1.5121784132266018	-1.1313982286060968	0.26473210861034896	-0.8332964880723559	-0.9211498845590674	-0.762942328793892	1.7605196363433793	-0.3880330654648949	0.7333673310837647	1.327380597710574	-0.5057551727391558	-0.2958773658639214	-0.8395349463654642	1.2211574836970056	0.22538693173491806	-0.2865244385853534	-0.8564662261954631	-0.7476045255997437	-0.7684530991904889	0.5267753566520421	1.4986082656396411	-1.7556163331449197	0.4661641575319607	-1.0579620691459113	1.6098726109411055	-0.2688480645012385	-1.1701809185730636	-0.08377642498819846
DTXSID0020789	349.01347365628754	-188.62044748394962	-724.7982544871044	-86.23847548925907	1524.742935739925	-21.471871188871013	-433.34006259271484	329.3172463422198	-300.5213633311777	-87.67740589267123	222.58424542386615	-101.95795226383031	330.6570754644476	-359.0677784462946	1000.2286839836554	731.5189579413233	83.38357029088867	149.62244731499862	-29.7487792896808	546.3359289831959	-197.86205023846227	785.7137070782471	-771.122521859716	380.817758715087	556.2034240271722	-593.1928891285055	191.9023722696323	12.051607564693363	40.97685545556935	512.7908128528774	1172.1612977645457	-639.9201378846926	11.142776698718405	327.92562137581973	-271.27649015591686	470.23609927042384	205.7266848206865	488.09808553610685	-588.1742621128614	-418.82380973941804	732.7385914292847	248.09397820259963	-656.6248727187183	720.7302596384527	121.14882741188086	-54.47693023865377	322.3213443162624	107.47814267355635	-692.2385255179297	1097.4759680054387	-561.6747674941231	-300.28169836937553	877.0226229266233	92.3473831868503	-820.5069599267192	-1058.51064756998	1371.386415005794	-119.01836233507568	1284.3711826770586	-810.8500021730554	1353.0240768259712	943.2925392969314	-553.0112931847312	-432.0830890797702	629.5445676773885	207.08252375213948	300.5376681220656	289.5473366438117	539.9719718507878	164.4977847886036	320.15509145974534	444.7036479946747	238.12141622369222	632.5458538764557	-3.872543617797393	-366.386377284425	-1071.9915307441681	603.8482646161264	570.4546247941205	-122.2564290721616	257.4960707755091	406.6447832877153	604.4543421495035	10.505180025477113	540.2773562163354	459.9400835239005	350.68523455041105	-283.7022796286424	75.47246286388273	392.36625600306434	-192.55172963697098	29.040654843935226	372.84662393285225	120.69817713686737	243.44100826763113	-486.4096621986829	78.5181374387542	201.93071064176303	508.61284659591666	-440.77018425695985
DTXSID4048850	3.4200722048856074	0.024770379159626026	-2.8890938900824845	-0.3414429968231723	-0.6125449916875063	4.663695024020695	4.0205107368946615	0.019244898913251707	-1.2975253227537056	-0.36137745559175793	1.486044712821537	-1.9352425220806866	-0.23494463092446496	0.6057854141846355	-1.1695555401813609	2.864836785492139	-1.0964121342443462	-1.866792057019464	-0.5568857421198905	0.048008812017234254	-2.8218555357744757	0.8737979186301562	1.8454328137691702	1.409859217058514	-0.41968081869379814	0.14885138527074085	-0.39110949486635754	3.1179460449815593	-2.1170487482399505	-1.207705343588251	0.2109853041938063	2.4791507645552557	1.269356984502959	0.4861777344491212	-2.06457914191617	-0.09136356144224633	1.8004788224637405	-0.4043432054330261	0.3436076979754647	-0.6797877118597462	-0.2387921321725018	-0.7279616294076928	-0.5487863198502373	0.14900402137999078	1.825408879747044	0.6606935415316912	1.5554290774681763	-1.4479468978399503	0.7796094029138411	0.24593877953951582	-1.9840583483928533	0.7389068959188352	0.6382525805288466	-0.6851675128197833	-0.7343572118407449	0.6180963498398576	-1.3424868288207286	1.289564932997761	-0.3228815841387304	0.7686618032986762	0.10653410047128456	1.0651313999452214	0.17114613232963752	0.6116334524540039	0.13461417005050655	0.04576548108107566	-0.4731258115946467	-0.3136410028107548	0.1689761342970867	1.2470928469281455	-0.5414552221707212	1.433970230100007	-0.5079634978563322	0.29844456624002635	0.40038201585276284	0.0107781608160651	-0.9770959613803768	-0.6541304607233328	1.2252497972711134	-0.27516678479662315	-0.2563529103677349	0.04139630351265561	1.320275304410268	0.3954276208205905	-2.07481777819555	1.277740823924111	-1.2808774517830668	-0.11808611372850315	-0.12813750999748258	0.27980948439839126	-0.45124257874876417	-0.3875506545698315	-0.24617054225534138	-0.4759552677116132	-0.06556887855766014	-0.056355585037754063	0.04229508579090351	-0.21588329021811098	-0.5761004194949129	-0.12019577452275688
DTXSID2042276	-6.293741518290702	0.35501000942238425	0.9490938843580525	2.431302450555788	-0.4670748801436999	-1.2136805984701617	0.943170328243676	-1.2231590858824892	0.21711944966292868	0.14989970604169095	3.1138125390412665	0.02221953175065491	0.14153394580983736	-0.3073720557404323	0.36691182535094025	0.5023210196878184	-0.010827443524596279	-0.015221785357390891	1.331035176765127	-1.2002624436226377	0.01668247396353368	-0.11877607026924536	0.4432557376685695	-0.3580115086765645	-0.7405895068339352	1.2506513500497025	-0.25909902547685254	-0.4500395634725678	-1.1055756508242358	0.9483526311437741	-0.2827595791583666	0.24679801437847065	-1.0588658099417172	-0.5530130159163509	-0.8223534363354353	0.9175514876285878	0.20454603028205792	1.4130900891450666	-0.007444205121838109	-0.6184534702064838	0.5590133653215638	1.3347247848688752	0.02422814507855642	-0.3591366854617817	0.14661378631737	0.3204830648811412	0.5262512270418341	1.5392268431527651	0.31282944387042577	-0.4639398905399389	-0.2802185795053456	0.09715741457477177	0.25545185122632164	-0.12816751897270595	0.8352708186166281	0.5434169172240416	0.3225350178607974	-1.1010717631091995	1.462534150389341	0.655683854903362	-0.48153730297512964	0.7379603101008017	0.7013003945319306	-0.26035350918959776	-0.2461783996014341	-0.8063531885820211	-0.5226437132435574	0.44690706837871524	-0.4513352547099578	0.36715780109051455	-0.40087644138148837	-0.25747636517176703	-0.7281763366911357	0.6175437170176207	-0.039276480961705905	0.49737346138874416	-0.23086948384874514	-0.47785690828668465	0.545910447460848	0.7313162210994207	-0.13773362724343807	0.06158120067378172	0.2571840269838825	-0.04795371196478297	-0.52072847655566	0.050141972760520584	0.053394353723033014	-0.3350334112317104	0.2759201959912193	-0.1676187483791836	-0.12091530570656898	0.31200911946843685	0.12097887299757988	-0.014290222712933969	0.16499949622580581	-0.1632222315298943	-0.1877421844188382	-0.4400142707574217	0.1151563119251185	0.5696563974579185
DTXSID5023031	0.13849601839093262	-1.221231531502221	-3.262655048813511	0.7746683100075222	-3.0039193442988794	-3.4178361724555253	4.162560802847746	3.6562848125337046	2.1970829380517274	-3.7927966061945226	-2.3020259644299093	-0.5422219170095467	4.484307556948019	-1.7398942595072868	-2.621275403248254	0.12796318525210798	1.8566858073190518	0.5463531820267669	0.05882144264203331	1.6855133712265589	-0.8997631084825769	1.2586947897996164	-0.6231362748378059	-2.047956471817521	1.8987624213537861	0.22972174001981796	-0.5815058442691206	-1.409823844491714	0.48131166552724575	-0.58955119374813	-2.2061832112075086	2.371223497829555	0.6493971403844654	4.237790902031456	2.063382571123005	-1.1337546231355944	-4.862211366053378	6.512909774355909	-0.7414728544109835	-4.163194520427633	-5.225738984062889	4.8599513837946855	5.810830987672996	7.55127739963299	-1.4082711845193245	-4.244544849493686	-1.551648666889263	-2.1517505205183767	0.6326752380193289	-0.8553619546836649	-0.9441376832803131	1.0972891737082642	1.062818234306391	-0.7616009200386546	-1.7583840173667646	-1.0425456985805315	-1.9939726099220223	-0.5013551005223097	2.67851515051041	1.6615389853363636	-1.7640121499752577	0.020449027905887537	-0.6661641180277946	-0.7758890128320467	0.6485759315551508	1.6307713739976732	0.6662670650702861	1.3239556291869397	-0.6365926948176656	1.8858837705944484	-2.50677198039869	-0.7197724116897268	-1.283561015340774	-1.789560086388608	-1.0453213746184378	1.5424032878545366	0.3310175848697021	-0.7280333014289551	1.6090018510155097	0.8264347843718044	-0.7913592356422339	-0.12383928218840548	0.7136581574094586	1.0772619813553637	-2.0070771785929673	1.4279853183657953	-0.24306358959394953	-0.031528367183723545	-1.0254074255798271	-0.47944843445387236	0.01190906336603023	0.09780629285425516	-0.25741770008763526	-1.8940669802418277	0.30948850508936965	0.19199630574860332	1.918288532890281	0.3200514715437794	-0.36729171173662967	0.26431628496268833
DTXSID4034788	8.613691522049656	-8.358514932343207	-6.695648617776398	3.116652215604874	-1.7401200139107071	4.325531815673038	2.266563696403499	2.9230390968959274	0.4040806952192198	-4.955046785649968	1.0580499385336954	0.3467259754691264	-0.42049431165162443	-3.640653547035534	-0.09423388255892004	0.7414147670017378	2.765982819631598	-1.2776749111925436	-0.39847476681505417	-0.7158918207454236	2.705481508139514	-2.615676543950643	1.4332121954608943	-2.3549494171798675	-0.8919886085528907	-0.5141594613100496	0.6093219906760208	1.554667476381726	-1.2762669471386172	-0.8520515963143003	-0.4851241988547682	1.3553301900072101	-0.03780880717679533	-0.9486199353760018	0.09339884498686789	-0.15455681033895796	-0.3558831484471699	-1.2747140140074673	1.168555785883735	-0.6890578610727696	0.7599995122985636	0.09749765815712019	0.1318700182775448	1.022211422742397	-0.8634065697514476	-1.4617680705773353	-0.06329673160589937	-0.4635354880616688	0.08565818067522957	2.0214083832727527	-0.7594315902990685	0.9242495642241643	-2.320650271647985	-0.30357622757771796	0.776379094551766	-1.6173325973607995	0.07491441608151705	0.7707994609920036	1.4116715754795461	-0.7907085172322464	-0.6607480376289081	0.9026263761774077	1.8718689045422072	-0.25866032339377953	-0.9095565177919801	-2.7353749058069394	0.9931943649682191	1.9601040370829241	0.6908798207301982	1.1304275124014695	0.6560650685933561	0.6098759771991633	-1.4780140363982608	-0.6587922043145084	-0.47937754633910573	-0.14707021595404185	0.6608782220525135	-0.53344947531547	-0.5352991382494506	0.3023706013546206	-0.3042612150304062	-0.5857095352969239	-0.7820075795866468	-0.037527331718168515	1.0596380817349584	0.4884627473780595	1.2029832116088526	-0.27293725554409315	2.1122826110000514	0.6122689549083542	0.03208521598218046	0.6574495559380304	0.02805429371388103	0.14273652649181387	1.080931060728197	-0.4380653028807779	-1.720819940466765	0.9687717653766579	-0.41711683791907184	0.4930907838040734
DTXSID1041261	-5.726704771101349	1.8702967929610201	-4.184592935242476	1.2841576113226023	0.2000022257173039	-1.6354607197644115	0.08165704593760745	-0.13889547369892277	0.277124072919648	0.7488492599294784	0.30535096991408905	1.4046671546629164	1.2251652621347426	1.5231671910623483	0.10548886428666947	-0.41907846758999906	0.7724682531717765	-0.8519612115505021	0.30441449303680707	-0.9024062247744583	-0.7695566447126819	1.313956778360142	0.009228882383100876	1.3204710648517202	0.08197673295931991	0.6698309190246953	-1.2608192042075272	-2.048706924902055	-0.5957764550401855	0.5678628484216212	2.416514108771787	0.3223120353787487	0.010839869312609036	-0.4693805428716237	-0.5620370852082521	0.07218896625218585	1.2754808588495077	0.7568166783175534	0.4208313661972998	-1.1932005811714876	-0.40505880614754247	-0.8397912422774783	-0.12022140838955603	0.1601691945023631	0.24363063885274702	-0.10911126433318273	-0.07726398135675605	0.7993803189598788	0.41338358660588886	-0.6379378961467272	-0.31751894804990827	-1.0521571644719712	-0.6790768725114682	-0.7819487603008678	-1.787019448254652	0.2588253075713577	-1.148390787241381	-0.6294329505442352	1.4592004184674632	0.4211253054510559	0.06664809037206713	0.5788172155136081	0.961609432264579	-0.24661100197555422	0.2839608892009818	-0.19174787807756064	0.671975181666073	-0.20860697170535644	0.14118127387970605	0.9306708094036937	-0.01813432705339941	-0.8869632564167854	0.5242442944834838	-0.2821358102611824	0.18370732988762872	0.35057286227769563	0.861607012026071	-0.1586821038548375	-0.700532114268595	-0.5259455643132993	-0.45841174491017017	-0.7508751430836671	0.12113022921951523	0.2710442802918896	-0.5619936970830075	-0.6681646700959326	0.3160559264346618	-0.12974992194572862	0.3196934835104869	0.3414789991893751	0.1119732274285052	0.30265034499833493	0.268675149840154	0.12099456063926306	-0.24621745347538931	0.4777233966007679	-0.8882322629889942	-0.022252323428640905	0.22729353625233892	0.8351587930610324
DTXSID9020160	7.035050721523271	-1.6104107529688731	2.484025360768128	-3.3173885903946725	-1.3504702948801015	0.6528659308269196	-3.780418095024515	-4.035507621639799	1.4051317379084294	-0.3745215863467662	-0.5432448621374442	3.0572978279781546	0.050932766546529534	0.23215764186586207	2.0724313599210777	-1.6839417540471329	-0.937572887232485	-0.9059417276762912	-0.12441992112085432	1.282030598248834	-1.158047516522851	0.4159841717462066	-2.2138810343802895	0.5829087072215658	0.07428667445378263	0.9133880394983407	-0.03355496618685683	0.06835354121329289	-1.5178624959973421	0.014787138592251878	-0.7913654181186848	0.44246388888735405	-0.31692995659428164	-0.3210551477802748	-0.3888375719495302	0.5369578498674792	1.5843152302656258	0.7291336351180726	0.11747494382145919	0.631969224315738	-0.5661471897402608	0.07323754679359082	-0.3715405801350353	-0.4728619160596772	-0.1891203076282508	-0.3122630856232394	-0.4542278441413919	-0.0086512869716789	0.6223977956437993	0.9888621367989944	-0.5726322962349453	-1.046423745870724	0.13907239461776513	-0.09708436096848559	0.6539918582656673	-1.6385612907520184	-0.6431629170076085	0.36140071256787	-0.6529958332373307	-0.3257260951487586	1.0005489202604714	-0.808188325634003	-0.20099798227809318	-0.18113033119258473	-1.48552319631922	0.502351925108626	-0.1832419771674236	1.1988777585253325	0.15262490618146846	-1.4511791502719729	-0.24839212376320727	0.34259941657930076	-0.29186051943417823	-0.2739626814230155	-0.14062774141579593	-0.35306647385764767	0.43869137830991506	0.4848841694696849	-0.12245361775138913	0.07696809001306912	0.5375060569408994	-0.6720141928633218	-0.47311326318351427	0.19778660697747547	0.15195532581639842	0.04825667458068214	-0.34004348120062167	0.06340970263927943	0.3092982994292648	1.2820198850534321	0.2552646884553275	-0.18562370316465873	-0.3584611294231679	-0.4449780342284588	-0.6235931659767401	-0.08712566805666168	0.21357495591814	0.1363285409380605	-0.5755758424936694	-0.028219087313916306
DTXSID4020539	-4.114073437938949	-0.9993926246684429	4.015978399598273	-2.178210481807395	-0.5944624233961491	-0.12319523198286801	-0.20538243323177707	-1.6048296037107967	0.4293444150425301	-0.3514666367776982	-1.4973591132919444	2.0701310473031267	1.413751820992483	0.3950221969199331	2.4521212782249733	1.9971593756653234	-2.2330160885243675	0.20826679792522917	-2.2518546559345247	-1.4991788848263132	-0.04711263133265712	0.8494327822952394	1.260805379893361	-2.2501935960428496	-0.3476891403212592	-1.1528061305016455	-0.5674050091414152	1.0084426761963807	0.17169657764677276	-0.3212257761393277	-0.45425785110885664	0.8047825900983394	-1.153524239112387	0.9290337446259216	0.7370726093522043	1.04518519768379	-0.7446871520445295	1.3501732878558668	-1.106790556374322	-0.5930179685974806	0.41740516810145556	-0.03261437999936596	-0.30511253998610927	-1.0271166892306667	0.6304950909467152	0.3179762027015505	0.12674956837607054	-0.6642475933388877	-0.6731686926665654	0.8410638624086331	0.8179048561490948	-1.8353625377935	-1.1901104556105049	0.6961715826203893	-0.7866901196597559	-0.488515113123472	0.35564555365582207	0.26645558853709655	-0.5852122342739567	-0.3009076238973772	-0.10034678121466956	0.2803517734174766	0.3113892447338501	0.8012556476584324	-0.31196970817911346	0.5225072050927223	0.6285956198842758	-1.0604725546199316	-0.15975040432136245	-0.18364215679558515	0.22489423114648663	0.7759906214297475	0.2395076810069676	0.3232094037504097	0.04945788930774834	-0.10997957310870989	0.5252735271232377	-0.6291904089054381	-0.5135639654995775	0.18015196596612992	-0.7457474265326863	-0.515030240108299	0.3622068230212637	-0.3056828733256064	0.45460243538635386	-0.21986954997494812	0.531377840480742	0.5199327608744345	0.6213885988368307	-0.4017472610682812	0.07982754945407439	-0.24348173947723814	-0.42465684842796986	0.3431977466432255	0.16327870989608212	0.2157567368128406	-0.43728283575909443	0.18829256303160685	0.19236378528365142	-0.033565416802161074
DTXSID2026600	-7.213616048146863	2.199580180580996	-3.579262090443962	2.1828886766765767	-1.656613604927432	1.0648229979516324	3.317393399184652	-2.0854637825035853	-0.5802513918064534	0.4309300620227668	1.7100387485304374	0.5923798196526535	0.9496582709204235	0.5323022808887105	-1.3511771156926289	1.5275299564494746	-1.1820599367469002	-1.7321116279509643	1.8263376627553762	3.8682818770848924	-2.964383760718907	2.609445781233522	1.8887674705932853	-2.598383504587422	1.7762540841953103	-0.7120939019501589	-1.9154002807544557	-0.9226302229542892	0.2755811859390993	-0.539970375716332	-0.4109161005455259	-5.927767324053187	-3.3573010500070652	-1.5584890431825047	2.881414185981117	-4.7790212055054795	0.5320205187590049	-0.4654252328912759	7.566488845665734	3.226243789192331	-7.6673198635833755	4.015743059546583	-2.329119500291058	1.1809377193443673	3.0834686959293838	9.334121295830142	0.7423899552937178	-2.254972746077468	-2.2267226240049314	0.4926936555959255	0.4022455110779421	-2.9843536726962663	-1.97051245719927	-2.2755632628762923	-0.8731000720777345	-3.198990797931674	3.6727029827446107	-2.0519403004131314	-1.0804578254311226	-0.4986752839720254	-0.8785447963391649	-1.8824414386014878	1.5286047946400416	-0.8352569464566516	1.374273817595267	-0.8706411763181816	-0.4146162167973317	1.7373152237855507	-0.5867487428135417	2.18996122993128	-1.0059156816796897	-0.2703651348938038	-2.0174775508721914	-1.001229754459965	0.9072463558436787	2.127134091964065	-1.3039919351173934	0.3103602516843661	-1.4153209518761487	-0.6988267235917894	-2.130784544230531	-0.3977653074243522	0.22065834072888604	1.0042531022195398	-0.503572072651231	-1.1615123255984823	-0.9212917203369463	0.6642379803786159	-0.7001190844955277	0.06467762561204578	-1.1410905194465941	0.5116032636270034	-0.012336016108062776	-0.2661285522678291	0.3121199909455911	0.50621992387311	-0.258252772668304	-0.14539769623452897	0.5689610554580957	0.03408453292139158
DTXSID3022089	-5.33450110119412	-0.15279619812060954	-0.7911840652661284	3.7597313135959554	-1.6804453420343728	0.5597768525967519	1.406271412785455	-0.2959686048323218	-0.819880872659869	-0.8414263795129986	1.0501630138212725	-0.9032705380256042	0.349365117465948	-0.43386982202837365	0.45433950556914865	-0.10014421948978201	0.1776834669503692	0.41925807999386183	0.4352176576066835	-0.5691632745200397	0.44784866484558733	-0.13818799132602452	-0.5701304143700313	0.2503897447209731	-0.07987436604838243	-0.18541209082700907	0.8259018028725239	1.0391734080996817	-0.5056198743374926	0.9331327871831834	-0.2661634400403053	-0.2313617017940361	0.25741507130619334	0.028285998074682944	-0.5103644050903695	-0.4301990473062414	0.3115915839940633	-0.01710987857302164	0.7399883963004913	0.32506968036416156	-0.13421548068314001	-0.12388728385309694	-0.46978693924232334	0.4495487675033351	0.07439208341648412	-0.5448921788492508	0.3002383750247038	-0.43357702677602916	0.6686799912181869	0.21400787987293116	-0.2666794908336834	-0.10986388197880928	-0.116633867769729	0.5272493820510076	-0.8710856511292608	0.13881609352737403	-1.4544619124169278	-0.10999784896314559	0.14040456477834462	-0.17329768652516803	-0.03501938520431982	0.02329201364911869	0.13988232382427043	0.005657086563728551	-0.12559364533048134	-0.3999647882540755	0.042685877362874436	-0.2892737741825592	0.692791884840646	0.4068196870965455	0.5644884444483308	0.21275064054983053	0.3422770532543093	0.2831603589360765	0.2949633538545075	-0.29008894236581784	0.27671809362443955	0.44496897864693036	-0.3472545325871762	-0.306915666255377	-0.016732416951372384	-0.1422402139117634	-0.3848571655140674	-0.07911332758780958	-0.028174871456665817	-0.0760678307240552	-0.1079050165872454	-0.4315537468249388	0.4015041954756336	0.5309243664898466	0.22697244868471922	0.25975668297585874	0.15409270414622908	0.15801401727262035	0.16724064054514085	0.043235655886261236	-0.2769354443789496	0.022004523107470756	0.205231939081027	0.014762363520755353
DTXSID5048633	5.175747371362775	-3.1425647043817957	1.5062136029491477	0.39366509118475124	2.7936142919180837	0.35614810284348186	-0.21453652492021624	2.211970149677867	1.786002274603453	-0.09626200120689528	4.226675243595116	1.1315833444796455	-0.018295026764363977	0.16546814244682786	1.2933554871535582	-0.03560723218716113	2.6427790890639313	-1.9881954513373732	0.12551404057392204	-2.6926329742095154	-0.8628585883598915	0.39870680342352516	0.1665853606821766	1.0207191459703382	0.6569519266963274	1.8256082298116205	-1.5564917612163274	-1.9574533477361256	-1.2485738696797593	0.05160672200038824	1.6516177775757328	0.7698329925456086	0.2266842341917077	-0.8867483298607111	0.6571452611476885	0.9318985495738169	-0.4690148849264364	-0.05305712658856835	-0.11042611466341352	-0.6657986985422619	0.706049729372473	-0.38561823395532147	-0.12798309806259556	0.7241968398450768	0.2744112637814913	0.37107306301025805	-0.6642477325722487	-0.9568021252937768	-0.190793105270546	-0.8593958903294076	0.34655823233216576	-0.3852348119839531	-2.162688739713331	0.08419631780655293	-0.6865152207716182	-1.3624792288943255	1.139125236305504	0.08076889189926277	1.649975092446954	-0.43705158185542164	-0.19845550022329103	0.25992871909992876	0.12715642746090053	1.4707017807036598	1.4485653098264506	-0.46438323765548223	0.9532476447338534	-0.04406459541421679	1.4503415607761458	-0.4586749001232563	0.18832862007742265	-0.5520161064121267	0.46084399182302027	-0.5746102520141614	-0.0920737977600626	1.4386556562659798	1.4447306932806272	-1.3574781815142227	-1.2440979996859582	-0.21878006821089122	1.0738017456119295	-0.7246853735861011	-0.2760262970748893	-0.6048181602187204	-0.6067108430643481	-1.0900521392169094	0.0290957285559629	0.21373251348181074	-0.6580239350187602	-0.4842049859130018	0.4030280912149315	0.027315232907971672	0.3453968698137861	0.836111304323102	-0.6852487695004504	-0.29023537810029665	0.2586928341624552	0.6661515876156456	0.24488783721277346	0.7553698455202915
DTXSID9042093	0.4660423922827468	3.208697243596643	-1.2998125523912267	-1.2278937644218972	-2.6049709413870223	-1.5471050073216082	1.2829633040601345	2.623908493521359	0.11387248725724622	-3.988693874975843	-1.858492938598736	-0.038442951668446246	-0.9077804273489883	-1.2253369493825872	2.941960231412262	-0.7824512478566863	0.3662142995432741	4.863310846455076	3.0664902001511263	0.697223689308112	-6.140199727716788	-6.566694585237155	6.103342169600605	3.597951371670214	6.8272207561737766	-1.2752699706092685	-0.33121362447107283	0.7928862668886705	0.2901877272084894	-0.8621625004422879	-0.794550196283392	0.28809767298812694	-0.12167301547715755	0.6972026706512005	0.6102144876558055	-1.5115389508300652	-0.9989246249996815	0.9368545526487387	-0.870562130474396	0.5948225728340006	0.706866391779351	0.7476908811317458	-0.36751523822080084	0.20456485694920876	0.2489749839106484	-0.29638905849420133	-0.8817605291541799	0.38411650683218534	-0.1249101316914562	0.5834267721352916	-0.1560459197122865	-0.0785620368170564	-0.6022141366579195	0.3221032842658018	1.464311086482657	0.8214657426239268	0.8507483318392901	0.2997443213675743	-0.4928465473827673	-0.24019160749794424	0.7651809696192277	-0.5557074166200922	-1.8404735229883558	-0.26782506115185656	-0.47990228588109707	-0.3722730038594796	0.7613025214589717	-0.07576469140705405	0.19262356482024534	0.330089996682656	1.4265614029139506	-1.1924700041383365	-0.4872972198719817	0.7879558448228072	0.6946499072288178	0.37169707775241734	0.8041362911557817	-0.8785402325063051	0.5578257242102298	0.9490943035697895	0.4840720465501588	-0.05630161366759258	0.6404543586938527	-0.09837365084270785	0.8078533473101678	1.0474763616687035	0.72965219382659	0.8309485129283428	-0.06953011201613535	-0.27453502360876775	0.014186221186001323	1.0752401321254665	-0.5514753643359643	-0.29054269581278164	0.7866096688642226	-0.10403802624710842	0.19696519964553336	0.7048182413062262	0.042561312744115204	0.2857351932087511
DTXSID7022598	4.224394936120293	-2.413938811487998	1.4937709842862734	-0.41376713232681234	-1.9759577161806785	0.11253527961671178	7.647604681467303	3.153131471267565	-1.963997963982838	5.107182319663911	0.5615832856159912	1.9626651418042333	0.980107720933906	-0.3226213474552112	2.202869402213005	1.1778062784622827	-5.466152255255067	-0.7614935909756992	3.0950917319884	0.4609128393365237	3.5850879270393747	0.033493856390693445	-0.6943597303937303	0.48738480419535135	2.7459655162555454	4.457447245986037	-1.7706452280893028	-2.184680129160705	0.054974928653543594	1.7910658413035243	-2.104743391728798	-0.794979236714165	-2.29898815208422	-0.5423342058764334	1.5056015469837836	0.1414895266518254	-0.12872968759564848	2.389170338900505	-1.7194587068916298	0.2279799444368414	2.3252833791703464	1.3532835514526347	-0.5847472760368787	-2.001540060841914	1.089723988002558	-0.6065738692265203	-2.296655592370246	0.1812968548073247	-2.750765028639426	-1.012898337202778	-2.6484472936186747	1.423335190128392	-0.8925182277717416	1.3231659467571062	3.8369104403355583	0.02282123000635883	-0.41365948701297506	-1.3757315324052977	0.0944173694146354	-2.970581040136744	2.8274283666096163	-2.378620171533158	2.50642363837119	-1.0170864809178821	0.8038630655141391	-3.021337778726758	-0.519766467014862	-0.9568471640046626	-0.043517486933976904	0.46272650529649884	-0.44671266750800315	-2.053320781581406	-1.0073582107658265	-0.8143012568515953	1.8306046657123243	0.8354403632208497	-2.0212166283787494	-1.4625333107063019	-0.1391712267008268	-1.6704508576666477	1.6221537665133385	-0.8387013164358131	2.263744709288512	-2.582493731355716	-2.6552101837881295	2.2335545469079494	-0.45051023755558833	-1.7667206196507537	-0.3194781238523868	-0.8627787825324217	0.7335735177705947	-2.6222740662513284	1.1389765940902312	0.3450149027803545	-0.8923247554831177	3.1073728158732035	-0.10296279653997925	-0.21882381264409823	-0.08432834785429212	1.9251696777543688
DTXSID8047424	-1.70005955876156	7.770188508590172	-0.462812907631827	-0.24625391488641085	-0.5905864044138825	0.37391182385897725	-0.5938926431308926	-0.7963165689521654	-0.035570632843408286	-0.018837179420966764	-0.6214720368426001	0.2446865747981425	0.39157223137027836	0.07176447354607322	-0.47986606721556346	0.5549094962626739	0.9430050914011754	0.40822654280546145	-0.2927673387200296	0.40339991988007295	0.4513997430613693	-0.6427001403318516	-0.27896041282165435	-0.7717259257560799	0.45422208757082444	-0.6610902760540212	-0.17502651422430393	0.8954425738970473	-0.3352913869316154	-0.5801437684794614	-0.026898090929659037	-0.12234811863847307	-0.4879573621169688	0.7128773802538014	0.08562649083510086	0.05124385181205821	0.12920672783143716	-0.17442173670005096	-0.12562175180844773	2.079062110099601	0.17875609121798994	0.643842143659279	-0.5463455308173819	-0.15703304466826426	-0.2613831722866914	-1.0493880442820742	-0.8199513481271669	-0.4241222391473963	-1.7660247038337709	-1.154271520828036	-0.47820574541939753	0.762600015027669	0.11836427155688473	0.5566756627549642	-0.06865604297105625	0.8293174849233262	0.8070662554131378	-0.024074173001216996	-1.3999498057129058	0.058549294208245464	-0.6943996213974282	0.6246830757899756	0.03912593929567037	0.1368638371865042	0.5399977677523816	0.04354722054558453	-0.017229041520864425	0.7635663033368639	-0.4380040140506394	0.8579868606998884	0.2632639667069937	0.16321985562511213	0.2701331313391871	-0.267272722463377	0.9331643682647358	0.09736255872963295	-0.35756809170734805	0.36321390044966795	1.2684732525005813	-0.14811749215467454	1.0864720833076336	-0.577313217781985	1.1574204567150992	-0.8846815210687992	0.6325256520998768	-0.6816037917509697	0.18399338194670378	-0.17958583569931638	0.40466159429942905	0.2752174837859117	0.24645112568179547	0.20803350603957646	-0.2639416046193107	-0.61617576462207	0.49066462949721074	0.3986656375648276	0.03954433228343581	0.19898409097813619	-0.002830027098374902	-0.35599827514618554
DTXSID9020794	-2.109560611999102	-0.46607713750000473	-5.605279784291402	0.06678939369954263	1.9228549875784193	-1.5090430949601465	-2.5962436287512247	2.5150966898910974	-1.8716964000234408	0.6491060372388006	1.7350902517884412	-3.1592505188688262	4.620895316074819	-2.418829220864759	3.4382393521563044	-5.847863183580442	-2.1730735845982228	-2.060688127695947	1.4257256971676382	1.825235020538646	-1.2557213068524773	2.114292544587051	-0.291040966651373	1.2387213257897183	0.151044030710109	-1.3547369327755003	-0.8126816205623638	1.7637547871728043	-0.19799936029596965	-3.794129045394997	-6.713866320085872	1.1240096230075522	-1.8627248338771032	-4.279272367348002	4.464001900790348	-0.7880018401473958	-2.0983837397090856	-0.19607601809355893	-1.1191197718781656	-0.5444172311825896	-1.744556723145638	-3.5784874736604926	1.4138947239856499	-3.1354829917990936	-5.40345480135018	0.8310381126825034	4.204857688698173	1.2104366309004027	0.40270225912981444	-3.1238778760277	-4.407144591939045	-0.838082937844088	-3.495897459215637	1.5415177131453885	-1.7728165455777563	1.0005971614224987	-0.06996282036891101	1.110427528243142	1.1664632730760127	0.677498872457178	0.892172863393812	0.5005599851361541	-0.6498448948900517	-0.9919962157395678	0.7704922187608383	-0.43997070928830123	2.1168083655369214	2.673777638754477	0.44535258844114106	-0.667147408016339	-1.0988141560996985	0.6325880677343529	0.45530454790243535	0.9221454946936082	-0.1267217135142219	-0.04819817411208218	-0.5327430389003586	0.2568806163781701	0.19391867330636142	-0.2708868637333303	-0.43457554217552785	0.8146374692093447	0.5699519968531256	-0.28333056935484957	0.049969305788122295	-0.33011590297731797	0.07372639686632197	-0.02788626359470294	-0.3519819312556401	-0.0091643394348414	0.1451249087533094	-0.12679922016933934	-0.025664714387407736	0.1950557516431556	-0.11325226392827152	0.14860669554690903	-0.08311614249312435	0.010674641371555804	0.04482027224191026	-0.09837683836131211
DTXSID0046143	2.297345381761725	-2.1063951426220062	0.6768994770021951	0.5700807099594315	-0.9793731131782784	0.0994333154336347	-2.8453176347963347	-2.244406024484875	-0.5351540056667214	2.2105276780569847	1.4348300900617794	0.3481075446266924	2.4341728279573664	1.6707390284957742	-2.082819455033541	0.8694429214816295	1.7877045048380302	0.8025116584921438	-2.738153550942994	-1.5107248699998352	-0.14755196581855232	-2.1413247998690825	-0.7823624181012638	-0.059859710663159864	1.7445665575157143	0.8639571469234123	0.4659679507760895	0.905006671646711	0.7928497208440894	0.20203654653922004	2.2760382368288283	0.4719272002037324	-0.10215021739819001	1.9811728474551233	0.2523416458422656	0.306546242511414	1.7655731649307929	-0.9249892701801686	-0.5442747154800789	2.3693931768451026	0.18049758299269983	2.722850828987833	0.10920107363516053	-0.6059603560767102	-0.5538483957684719	0.2536476820806315	1.7832685949375477	-0.7574075740060369	-3.884637404183607	-3.32657950614484	-0.5849001831063281	2.1429453318465326	0.0905670509619318	-1.264026823125295	-1.9835318742696961	1.4623659691239148	0.7356917160295738	0.099272162427085	-0.4471799320904932	0.5593888980630258	0.3554999823310184	3.467016722672749	0.8498945164357952	-0.02559641684494083	0.16991335617801254	-0.9687544317155073	-0.11190929751055458	0.7600481077084837	0.7275424161605197	-1.0518374216606257	-0.6312940181095864	0.32271174175663675	0.6927598409180826	-1.2961002304557927	0.7805136229169921	1.163967949636354	0.35065862178475704	-0.7205027338615341	0.9802250558647159	-0.8182547828531391	0.38167762107064823	-0.18853199591411712	0.38643283333834666	0.1512807654712429	-0.7006435764690977	-0.7726080575292769	-0.48896192605520467	-0.5550896961842832	1.1853498983835833	-0.5713738875338303	0.5705062414430294	0.29917423658910197	0.27671258908376317	-0.1614833217199745	-0.5426585545213899	0.23221355577089808	0.15631119050088396	0.1354020012300325	0.5518628022485369	0.17746918629180977
DTXSID3047760	-8.303625103173902	4.1385375451513	-2.589592573838403	-0.5168228247143197	-0.5239308105630665	-0.049879603372084844	2.178224573021721	0.5091777119451257	-1.4450131469199001	0.7942464497336387	-0.9588268040493964	0.6369440745814057	0.007544245838093507	-0.5470069558454737	-0.0840930491646964	-0.09445277954447079	-2.3712083628331126	-2.378295008965805	0.49517064963325313	0.028115345543834463	-0.6320243797800175	-0.3316865518826275	0.36694503605056805	-1.3309287194557242	0.3483354030542954	1.4008095029391512	-1.2495485191647462	0.14523914052702114	0.5679178160088166	-0.7620533233455214	0.8128252875913353	-0.4834804824569722	-1.085404554030032	0.18589511491646007	-0.2662486655302559	-0.20586235713323173	1.197759132384275	-0.4037652262341743	1.5236458238457262	-0.06590301905865532	0.041320905705454665	1.0322502920367256	0.631559421452891	-0.7814662587604652	0.5069536333050989	-1.0231575154320407	-0.40763538963937734	-0.020029216039439985	0.5770362994348444	0.39333315827193344	-0.28097759790179144	0.5328436571210277	0.36050117587513164	-0.1775956759442685	0.1150519989245749	-0.09936786307833967	1.7134730844066557	0.8727842760006579	-0.9688774663174766	2.121273487865403	-0.45411692574307144	0.4001006528438412	0.3201050072388079	-0.8872448344048276	1.0608838943828274	0.8996000813820693	0.768359632590484	0.07871660623100042	-1.010834612291015	-1.5649466658904718	0.1669653873433341	0.4621640472312621	0.34734421607695665	-0.7214866398647833	-1.6330348789322482	-0.38792367054316756	-0.2841903856974224	0.2202780525166065	-0.10186892953188352	-0.038792492680414306	1.3479051976138903	0.20215248256938892	0.38422594827573386	-0.4320049424064972	0.716572054691331	-0.08751506054740386	-0.200080882188637	-0.35102335053323075	-0.24088781128446746	-0.06603872285937189	0.948457141583948	0.4866402411447948	-0.04862469655055343	-0.3998855665584662	0.014958114683870111	0.4965093058728324	-0.1817412494397645	0.350661167846046	-0.29653199987664086	0.6513203006559745
DTXSID0041513	-7.3414756935920815	0.5414679547435809	-1.8568766507394232	-0.05914333132604539	-2.130754783476694	-2.5253263706606246	0.8835932033141716	0.3064234483085343	-0.4241008412899997	0.1381458438499559	-1.4537379377193913	0.12520725439373398	1.463172175023272	0.44827742096642315	-0.5324739953245268	0.5217134540781114	0.21883262030679557	0.023012087912500367	1.0821040038358483	0.4778809611169906	0.5247254169596525	0.8967878405006244	-1.0731106821260612	-1.9720662291107003	2.375871752077266	2.040370853032291	2.0804007834828164	0.15707804273793177	-0.20673401770734917	-0.1003192029981096	-0.46257880566372106	0.9110307615951961	0.4486781075239493	-1.0189152020711878	-0.6442954912139215	0.5126825599787974	-0.93780157025832	1.1956440243913897	-0.06798585953674292	0.22825488831510235	0.8847705657327459	0.5465454849402531	-1.902823270252152	2.049543097587893	-0.45549672448558026	1.5017260183404608	-0.9479812732749842	3.364798144695735	1.8681660764272272	-0.2303793466467277	1.4326065721422867	0.6185672780849951	-1.2674384042327782	-1.2541698510395183	-0.9094881127041586	0.9626920349247378	1.4193307912703563	0.8415261059664353	-1.0517073415166616	1.147369732177264	-0.6272400743996047	0.5661040743705714	-0.29136407020097166	0.9503368079401362	0.13157836226352676	-0.0927463791771817	-0.4704443009003893	-0.10161434550477466	-0.5167478905029679	1.342290852317692	0.3453296915821832	1.264812863543927	0.321169749609489	0.13903564599738533	-0.8350148050766367	-0.13416967279081335	-0.38479850288033846	0.1511388504240734	0.5685279555003661	-0.5672320459752306	-0.7357240802973825	-0.7169763593093924	0.3675754758572163	-0.6015736766052819	-0.14159752214850613	-0.40479764291663795	0.3451917024032471	-0.4145269551109654	-0.28201532059486145	0.2150311667894149	0.042306612122769836	-0.2263505417176466	-0.4620540516375097	0.07997519381247492	-0.6284305146597331	0.08874754350267988	0.3641437650379024	0.06289895016076412	0.28450037249095184	0.42446903897825045
DTXSID5042247	-0.9157827730975419	2.1356766745565765	0.5266446508453752	-3.7349402688803948	-0.6218222148648819	0.03853101127197142	2.325892585477944	-0.41975006545610494	-0.2917097393776615	0.6183275807791234	-0.2465888634592906	0.3105802077992578	0.2356582259309251	0.41042118660246973	-0.6832497471736291	0.7311528389189208	-1.451985846442231	-0.9169498535027207	2.1446265649669725	2.744964155662971	-2.822057612566112	3.3941676997743606	0.5847384837862776	-0.24201709103281868	-1.3617709639068498	1.1254966368879848	-1.5637162301649186	-3.184333449540808	1.7085100777079485	0.44620652225736257	0.12694046608126414	-0.8281167494998117	-1.23811201335807	1.2412705093027347	-0.7999512220181844	-3.0097792084612647	-0.1604038622325676	-3.4115323916018525	-4.59157288948541	8.6569923810365	3.059005407623525	2.726268278138815	2.19909253292121	-1.4353707130007722	2.6942267417571353	-4.358934982304684	6.2906284125789345	1.1249218363244355	6.214703437272775	1.2645775394159906	2.8185032427239656	-0.7674781562346933	-3.4797148961099653	-0.15142003006501942	-1.8009816164410641	-1.160716732543876	0.11150018470529378	-0.5801522009953886	2.26466106980417	-2.165838673803622	-1.152841190842886	0.14547430573148035	0.8998344530555479	0.6049202045984942	1.2729881121691855	1.7152762585838228	0.34430832912764325	0.5700518848556523	0.6649790960981337	0.6460185542505261	-0.9177149371994705	-2.3809749888451957	-0.06499514210427307	-0.7108758266912305	0.6446386749130513	-0.11336369828968391	0.4874326508338899	-0.9064350367859522	0.9072517382521543	0.9188891130125045	0.7552617671932929	-1.1282337401864837	0.293665592047092	-0.035448274109854294	0.7593330034224152	0.8759418673937365	0.4260915572018042	-0.20486787163058656	-0.7017848185521866	0.22636568728002873	-0.348572489932614	-0.26983035798327604	-0.03546643288003678	0.2813493464119615	-0.7732046730168659	0.6401207196438128	-0.3734738912479874	-0.7174802762963706	-0.7647256200142207	0.0014475041215307692
DTXSID6022058	-6.176969328118148	3.8340420468505294	-2.4993398618524565	-1.9782884146754007	3.4039496284458446	-0.05119650121257146	0.566993088739824	-0.2407302001665785	-0.5481808406471003	-0.4560245419002946	-1.3021362838232344	1.3093785738355979	-0.6972392952148275	-0.960896810420523	0.5075405607128262	-0.3220066334645374	-0.9807011670301387	-0.43708600310937745	-0.4413234662794789	-0.858970113895865	0.597749048135909	-0.990415881985925	-0.9928605482105717	-0.655129964277217	0.2175051941725729	0.868029814150549	-1.1682319824791998	0.8006184254800676	0.4919418574467129	-0.02460640737908942	0.7963402075198805	-0.7237790330522078	-0.3048714556584239	0.20772634394277292	-0.0032966979731423487	0.16077664049953558	0.8527652054085274	-0.6068545644805199	1.4503558628041937	-0.27424845652077173	0.44857851753285055	0.30314758118152535	0.16072565362177685	-0.1747578892170573	0.49936708794112183	-1.309277568153228	0.23409868862141203	-0.2839882491835639	0.49864510979408533	0.5962646580379344	-0.035270485719359604	0.2933213802602206	0.5615197261083498	-0.032116861183189606	-0.32993590843335635	-0.3404021393709594	1.9342594452102877	0.7949979545867307	-0.7338859817184643	1.6876635567438247	-0.3737135365816426	0.47059524969013944	0.5501148229773833	-0.6114388623771309	0.885801277408127	0.6011217431081807	0.4475702329168337	0.6847866564946228	-1.130359276083227	-1.2099659624510621	-0.44288143960803456	-0.4497751122965372	0.33595898993129025	0.33884327539953873	-1.0128839142393808	0.0444475916007909	-0.5151607779513233	-0.33296376565560065	-0.0541053476587571	-0.5919221851912869	0.7205803637437935	0.014979059666670527	0.5939774194938424	0.03015482357489795	0.3857603170748338	0.37375436864981265	-0.03012026767347817	-0.6475385545932735	-0.2790962887871235	0.09460577841149098	-0.06353195753878682	0.17890270974705008	-0.18772228518351214	-0.16342981598372114	-0.2781720064806435	-0.21968198724047194	-0.33629813788626284	0.4291922601693841	-0.01980414149850805	0.666159979100482
DTXSID1022685	3.675487827389541	-2.05616539119296	0.8043047242988639	-3.195990466320913	3.5870596511074337	0.46599012157154146	-0.4734918697378076	-1.156424169016391	1.239909610764553	-0.11721462120011145	-1.2348653591125462	1.0520164353370562	0.6734050923740389	-1.2517669295208018	0.7821827290942976	-1.2969955814520213	0.7577202748129551	-2.1567949810333027	-1.1420365535067842	-0.6718696271188175	0.2094204850037097	1.021857295025016	1.7735873387100471	2.2356979234946808	-0.33696440969641456	-0.06993849000910758	2.552428025619956	-2.8750660010515756	4.3258786865074335	1.3004324800524407	-1.7067754086721192	1.3919350150874528	-0.943205289699789	-0.012988763402865448	-1.7561832758954135	-0.7338093170360014	1.0129419608778951	-0.310075519509059	0.3970366275837923	0.6317447755298146	-0.5650427340380711	-0.1856567193367697	0.5951232564581665	1.3108284679421063	1.0719542482421192	1.002223165209279	-0.30550880533857644	-0.39647129422040595	0.4793257495138486	-0.4002949741686672	-0.447078241565118	0.287095240889857	1.1698527168044748	1.655245438191792	-0.26585581519560697	1.615362619851114	0.7114240813990235	-1.626364362159361	-0.5855657182031967	2.065943785005711	1.1658923043312819	-2.3913025296159636	1.8034694919155891	1.9273094973851883	-1.7040370545651384	-0.35445696416490224	2.3703500601556784	-0.47766899824767967	3.8131534080933465	0.5230425894160867	-1.2019806851929131	0.9390981108314715	-0.23812359560076726	0.8094465978080222	0.012303572950728724	-0.35613239387326673	-1.5752045941884425	-0.15186400784348655	0.391777747937922	0.4338978360646358	0.02055426314147606	-0.03225970590682828	-0.3265033036664552	-0.9336065313495002	-0.5026399129300432	-0.11911954462600546	0.32337874924173016	-0.17411764706414024	0.8224707389735096	0.2754047453331898	0.18157113881262707	0.056464645060528076	-0.22309296735869596	0.35815262367439915	0.8254792235387632	-0.3946605680146289	-1.4668731707701077	1.063027646757243	-0.3241230214310257	-0.3942623542739383
DTXSID9045138	-2.1125259207284994	0.11497563192642538	-1.3342262859592502	0.9567709654700108	-0.8272602098378883	0.9179415660826215	5.811910233186561	2.8101879283445244	-2.122583543308738	5.0947543791293475	-1.799375134917785	3.005797508194757	1.8745446179399583	-0.14347299591924392	1.0516282148653835	-1.6587922898157814	-1.9664320953295922	0.5011169836806308	3.8033913934571713	0.5483789392333644	0.668756406688611	-0.1323939858327419	-1.2182908907939507	0.527183062223849	-0.4199478583075405	0.5828896015880675	-0.07224943774071863	0.9243434666373673	-0.5053999478236589	0.9658134424776855	-0.10317579212696834	0.9390313284934414	-0.8756823850939343	1.3915637376174466	0.13938028583152665	0.5292332002379797	-0.45483780057831796	1.5038661324755214	-0.24823372883860834	0.6967597112936736	-0.14135303201691485	0.026622140902292906	-0.7120779197256355	-0.8928361640357869	0.7561832009299276	0.20938375814588486	-0.32214817301464693	-0.8198096712304382	-0.2516948922446453	0.16191045047552544	0.07078137121155752	-1.2683432476070287	-0.776151574667289	0.6245705192636635	0.2806451570991381	-0.2722137585386479	0.5190244568144939	-0.9115168496355088	-1.1805179276337163	-0.6983267430002152	0.6299812021117167	-1.5021641092164566	0.6197326983837819	-0.47186653207973744	0.7171996372388331	-2.8232700938931217	0.9671911365199963	-1.838672779535599	-0.17880396177470886	-0.5955984498643249	0.0871202607241685	-1.2615090625963226	0.06371125070713889	-0.2656176759761702	1.2398314720691739	-0.4672978246890224	-0.923631015837582	0.688164146081356	0.5466486614876921	-0.580396407646854	2.485957396142779	-1.4211675404456845	1.3443823870051164	-3.590150556860503	-2.3114774203557804	1.8011697588282245	-0.6075583227344389	-0.7292288907118384	-0.540860090881383	-0.350953190073697	1.6506926175083019	-1.8387909213956806	0.9851286584794622	0.250440490697294	-0.5577694906780281	3.559030086214562	-0.7929769007669686	-0.6694372549416396	0.2110011539960102	2.565421607722078
DTXSID5041778	1.8799791151696124	-2.6671057637460884	0.6779709909010991	-1.8137571081155268	0.03130096969147761	-0.7390659575293135	-1.363789493721489	-2.1512986284352182	-1.0480318374511555	1.1251503246212875	1.1456031571188416	-0.11892113704354779	0.6555350181734182	1.2632933218629487	-1.8627095552718769	0.10245203530903012	0.702304552496626	2.1082055404520452	-0.5214205489606867	0.04008642808910479	0.5702567396057134	1.1878393085950918	1.0561834306976852	1.1827882479785103	-1.0804010573356906	0.3260282908070544	-0.5584032949986548	1.2024394766672641	0.4756864772795513	0.5816625732130002	0.12658990761717667	-0.8805803671726489	0.3114496003826516	1.3191306047216924	0.8854341668532529	-0.4376677441705336	0.623065161365128	-0.36800983664937326	0.8177356921808598	-0.8343799186343741	0.48046456602609305	0.1141893547288081	-0.7281719874341472	-0.27630411262925514	0.5769640883401993	0.5553636019918398	0.7224183290314841	-0.28835568517109594	0.6251873762842173	0.6852013362792151	-0.7808175540109972	1.208201300664796	0.438653839347179	-0.46879040560454815	-0.49940830036015293	0.14877403001468031	-1.052555883306746	1.5138462525521013	-0.3467125748218141	-0.6021114874057812	0.4007949280502903	-0.03900054394214211	-0.9999820076871528	0.3678697616579129	-1.5877698432459046	0.14708399969427602	0.02330832135693414	-0.020537906566062213	0.8926673079758064	-0.4327554927670941	-0.8118897856303824	0.18978001159158306	0.6047694279287172	0.7731214621002073	-0.7025535771378052	-0.7236077827138916	0.568668231151864	-0.20814644205524668	0.40539645054237833	0.5526412864735443	0.0629241999505356	-0.027765488376457294	0.39864638991107815	-0.9043899028534926	-0.1662778090530782	-0.03115360256231366	-0.6379183332626301	-0.1671102723527361	-0.4897233445074847	-0.505887098969343	-0.6727939514624564	-0.007243564276599021	-0.4326868270209904	0.3292147913725899	0.08514031026817026	-0.2695661693365199	0.6706066366697582	-0.3407124097010608	-0.908058480314098	0.4974446067681976
DTXSID0033960	42.219341061693406	-2.1477822149406682	-3.7918023969068018	13.60175114630069	1.933309239720934	0.944815261280286	19.619285325778915	3.287303083506678	-3.817849198850643	17.711266984155664	-4.59815559911621	12.015397135183434	4.066376009801651	0.3329197616376279	2.4673641368413914	-1.411215204476553	-7.313903404483111	6.979335677316802	5.0413672726923755	3.0704459579418675	1.8438956162306113	-1.4424227253941917	-2.5729682164649925	3.9428989472121154	-3.0341291660943592	-0.5638596600430161	-0.9774075551335915	4.420102191978478	-1.3466480539221632	-0.5065903211744461	-0.46838214528494987	3.518835151535817	1.3953631012110617	0.10219926755708617	-2.143094094526166	4.88594818217222	1.2087100927990482	-0.9491923460955812	-3.2540420608639504	-0.5020639066933459	0.9074997291902903	5.185214804447347	-0.42017607982774297	3.0459695497027797	-4.060179801026186	-0.02126899959520105	2.634352993395842	-2.6183232189425225	-3.2342309225192243	-3.2946917390745436	-0.8908059838982051	-1.572747542779893	-0.6173471250850978	-2.036389310611959	-2.2465530970058794	-3.5647650764789436	1.2999895772791334	4.347469350932033	-6.552549798999661	-2.0137941090067124	0.07445694306812169	-4.550766946041861	4.369196039228451	-1.793997122112822	-3.8341709164532087	-10.379646241357616	1.3475088636546866	-5.5596773083626205	1.1016868748548863	1.163901650983561	-3.0315466311056873	-5.328677904113552	0.8549858402348826	1.4630070463494713	2.983588398094144	-1.1442352583434663	-3.4496747601752946	-1.8200114471050497	1.284157681382535	-6.115078815891035	2.4471700397257434	-3.9737819976651605	5.555408375375753	-3.394410700499569	-3.0231433627032835	3.24030238187448	-2.948948895959869	-1.170391684918003	-0.5920673012294512	0.5141824608876928	0.37785788890470806	-3.8867149304567437	1.6792415339431805	1.0406913432151657	0.5741496404243306	7.165594471080976	0.3519904063034432	-0.1838585134997956	-1.1838544383358955	3.5884885077696893
DTXSID2025503	0.45834820909298757	0.0691944371929898	0.7531123351030874	-0.476563139888914	0.9855829862813816	2.4748275361674725	-0.5906847088121117	-0.08303071409398656	2.0995522175770103	-0.7577454326646986	2.013951831405859	1.6491723188415668	0.31908818153996577	1.9772976923771712	-0.355365156686096	0.1007443988188058	-1.0244429494250082	2.238992554094678	0.8416926728784079	0.1128613510310171	-0.41633804313619666	0.9782549491013164	-0.7462078148830361	1.0978667818951509	-0.47808893552251336	-0.08789420166770254	-0.7698735505543104	0.10349586940454905	-0.24546612279292016	1.7899414866909236	-0.8213415921595983	0.006820504568113734	-0.4740808886499391	-0.9512996554256961	0.018760191611081507	-0.24410047202455273	0.7136555994839708	-0.5068283430286937	0.4950320018574628	-0.7012159756108234	-0.20781911706762426	-0.6707981822324164	0.1990364386435801	0.1401246540951796	0.017526936855031365	-0.18534830901886354	0.7368032298260015	1.0004138123886859	0.1078338595809471	0.333015231523685	-0.057487763771891756	0.4349116551236189	0.8144391598366133	-1.0722551427980587	0.17715235373334876	0.25278988135227504	-1.069637510246593	0.09083541577648539	0.47053510947290533	0.6937027075488825	0.01868917325642864	0.057363697311310746	0.2627336004806336	-0.27219197097536224	-0.88178831759712	-0.774924362513295	-1.0059362624852077	0.18970660015892957	-0.3794385341613279	1.2179440960064416	-0.1889973051340472	0.06690118766577405	0.08285969396238015	0.316838384191451	-0.05787967120093048	-1.3762170322345078	-0.5970836464471029	0.5815927843369926	0.6930448644411337	0.4877102102655745	0.3436650368794387	0.2207711603302113	-0.039143707045021174	-0.20442232417858403	-0.25820561794713576	-0.14718142397944853	0.004672753131446292	-0.2770511433300115	0.1185075172929009	-0.6799750369410396	0.0778603186866705	0.22003997385707527	-0.27286902009660063	0.003389233466223446	-0.4925319020940621	-0.48656398984760874	0.22756980127743978	-0.05585426435259836	0.01808779590132295	0.043944837957280526
DTXSID5048631	286371312500.1702	-97085207940.06995	-25271006409.39374	427586140044.13165	111817412321.27026	-101860065182.34209	779418255326.2559	142884326940.05612	-188645309480.053	910741803022.4631	-297001063882.70374	785381334979.9904	187822569138.63712	-67394930233.26481	243161818605.46307	-402663364461.6064	-256225982846.04083	421796723738.29987	522573804285.2256	141710138589.6449	398831324539.1488	-195479059841.18134	-263228335585.96564	65577024074.51419	-152934223613.1334	-261941010488.38992	-129443612926.40076	135181016017.2968	31751866308.70775	115043098824.8415	37545689730.43245	180742788702.63123	-26088482349.00546	108484492554.48032	15994658272.49609	222980852504.91602	-60397780099.30813	155863424828.16498	-128006068995.94946	43931739098.429344	-11628941908.061794	27242550915.543953	-55629967957.28968	-46294119078.33141	-18446848270.134476	-15137026776.58571	29378234478.665817	-107023500881.91747	-14656503317.611721	71387501544.54599	-9946364515.096539	-177664356380.77628	-156318531658.42935	-23856624449.363327	-38085526170.7905	-61144473269.397644	222843421040.17096	35706083511.97378	-329382419404.3762	-119449004254.28465	238758415399.36694	-229007816508.53592	126735254429.97945	27804277757.136307	-194324215627.23743	-623102776544.7963	-55035654165.17463	-247846584292.80478	-199176030666.2207	74038527574.92464	-219438967815.64334	-373213802113.43787	-71104226284.09065	-92983820754.56512	93617791078.18105	132581839094.9213	-385202658674.41174	32593678049.842327	23903713315.87032	-376959159020.3008	396403479149.6751	-351703205974.94305	499627564204.24567	-616554384144.0491	-480919946707.4093	494589354663.43304	-152953531244.59003	-219481305532.47028	-58957318939.12059	-147111362302.63565	51947386535.94951	-403901881440.2436	141515296997.2559	-119715596578.3161	16627822724.340849	878742281385.1682	-85909585375.25928	-28882791121.33468	97816845218.34421	387820636328.94196
DTXSID4021391	3.430420855737689	-6.4486717729200125	4.880980066710674	-3.1570358478263834	2.978133694217671	-0.5727836294251647	-4.072537074457833	-3.120887609938582	1.7684675514440809	2.1176709934672076	2.6156949746951015	-0.7929802229201549	2.3266095509128144	-4.482380654469345	-1.130629678926528	4.8540167694658845	-2.3923365459173564	0.48959627569697606	5.870937411027004	-3.4388032818364693	2.8978741905631944	-1.7863037214562618	1.1422577368732807	0.4892510694728057	-2.3752249222823547	-0.2975862825195622	-0.8009921643965259	-0.047458086712972185	-0.9130796127645953	-1.020334162030178	-1.310738165597489	-0.7417612767615411	-1.33971157590813	0.947877474078079	0.44417961252456956	-1.2219908540100188	0.7528693483793043	-0.6235644515252863	-0.03598535150389726	-0.8403418028383881	0.9217344963051386	2.565900458053439	-0.029252794612643296	-0.4954919692524279	-0.8722929501073019	1.014443826120252	0.5746312542934442	2.7042759046197538	-1.261298587454721	0.8868067960280985	-2.451072265230877	2.1318089514593352	0.8613603570308046	-1.8635743105837472	0.7076937535786008	-0.011584934805694135	0.895988299826646	1.4393143910904513	0.8142492916234474	1.1284967412727571	-0.6915946317883165	0.19711975252376868	0.2598214819663073	0.1159561172974004	-1.4646433019710707	0.7858714282811597	-0.9294703932555478	-0.4328100692113607	-0.08722717109796235	0.4083343238024608	0.11618888232944054	-1.290502704409145	0.11684608514576539	0.6227999441308699	0.3165860022900627	0.815283600150117	0.5331220534756098	1.3905228329189825	-0.3001056831501308	1.1407796889410564	0.9968366047812154	0.08105043920150846	0.42813978678677256	-0.1024183730535843	0.1061452458725709	-0.37259603377680817	0.07468216020511922	-0.43326663675770133	-0.4813995910723747	-0.4601917488101796	0.28412738954683064	-0.20500619693170777	-0.505126924474228	-0.12763485821146547	-0.7212058340754101	0.3713363973263905	-0.5576947548936684	0.260743444807494	0.1576935172969278	-0.8249767864274234
DTXSID8027294	-6.418468571855898	1.8976427716920703	-4.465414092267447	3.524928109669837	-2.238823573782288	3.251445189173055	0.25001304971337734	0.03233937083321467	-1.7912699281237883	-2.7719331235680915	-0.3935254953718048	0.8942747264911479	0.6292462310806436	0.1960295484760525	1.1632679797075558	0.042240621573837636	-0.5854870044164545	0.1223337554785543	0.5232935781726669	-1.946348471209587	-0.5430521924164762	1.8206156379182346	-0.6340827654946781	1.1078453524212772	-1.5721694837137776	-2.1906785194851364	0.033163522787260334	-1.5302766173506135	-1.478191060521148	1.2103474095512365	-0.831314688891669	-0.4038655254430837	2.1745171996126733	-0.516408167540748	0.2233606803829428	-1.4303159157977354	0.6085948472018757	0.7477798997401465	0.03615693406453986	-1.3294105922484216	0.025870924429145896	-1.2269383242239356	-0.9669079287671225	1.080842904613635	-1.9007973624209131	-1.8699715484338206	1.6688331226399393	0.46549581322224015	-0.5704490184972504	0.6213693837833455	2.2344447052018133	2.586001340819475	-1.6939293282289156	-2.5266464379035964	1.526845255241678	1.1230664230873248	1.4939012231849984	-2.9534836692103754	-1.0644234040533718	-1.8263103513874472	-0.06470496979877291	-1.824794588525031	0.010890062212729663	0.3569717174521389	0.12463424395771812	-0.5057748484112241	1.107744285979818	0.3980872289869942	-0.9784371340827255	0.1354562311108795	0.15836313778691766	-0.35752432907738124	-0.4911961426520564	-0.7227543136477736	-0.3754611993603912	0.7632483790740441	-0.06959279148318334	-0.1439101290085932	-0.511992972479978	-0.19573558393873133	0.6010268570649676	0.4536834333922033	0.7097177094354354	0.04203815590175514	0.3303977026662249	-0.13244850825610563	0.8560597746662381	0.7704450410703128	-0.03273379499925502	-0.19039077997861018	0.37925272719862185	0.4499534123513842	0.2287650796335939	0.30815502736611866	0.25244058967160987	0.1546511011544139	-0.18533161736333925	-0.050478910483986464	-0.19750249193948705	0.024336345892158603
DTXSID0057835	13.340462008855278	-3.426281525804529	-4.35767795322793	1.7590381405390385	-2.384213766034632	1.83494028326352	2.5212169102967623	1.1493428170248445	-1.0901708039558513	-1.567961567636125	1.631833870553232	-1.3854046367531956	0.22916054565223978	0.8418099939258379	-2.422577468085338	1.4314244359605792	-3.143250636757351	-0.852635068185869	-0.8788662595553607	0.9386012999636187	-2.460031318904091	0.17963117788642194	-0.9067579054422658	-1.499219159120216	2.8009073029923193	0.8460502125159525	-2.070077225589984	-1.9958520648288534	1.170118045355098	-1.0526073301066945	-0.06354207863748634	-1.8497755349274034	-0.8197407381553043	-1.0552593446150467	-1.8650355134435936	0.10328504169585158	1.662036103527296	-1.5303665097790562	1.4524153620963363	-0.5007102050505087	-1.2181706037674627	1.2864835275545696	0.7564492787715902	0.969813909105584	-1.457343969184447	-1.1040789676019152	1.823708819840747	-0.5065667951915942	0.7853104622341565	1.4097513594659465	0.23198041035901334	3.286245708250196	-0.8291041861344621	1.3242548490249628	-0.9590892522600164	-0.33380478942559993	-0.7941815194694967	-0.6065096977109631	0.10880837655319094	1.330778682090265	-0.3513128579647774	0.815992770707431	-2.181058109665086	-1.1554839388383011	-2.8515099576844674	0.03300299463172157	0.555366947995211	-1.6895778758340412	-0.6973093615014049	-3.355208157605762	2.676096707798073	2.464320433010018	-0.9674597758373852	0.030400969901029903	-2.4915745437772387	-1.0530024746343052	-0.7673062704136571	1.0600307584272015	-0.32164446402656893	0.8983982030395068	0.07957422866440904	-0.021810660625783344	-1.4026637053250055	-0.4729101104695227	-0.3722864592956318	-0.39798662536127205	0.13261632866533704	-0.12046660433135264	0.4490131597211774	-1.5555518578462662	0.8369967058118186	-0.06340055264460796	-1.2283340966423364	0.5313299057786975	-1.057783857954571	1.0621744536166529	-0.011913070292438764	2.6017504988806017	0.48807966699364197	-1.3057532022984297
DTXSID2044927	2.2778873928995185	3.7255388773814753	-2.4415984645354856	-3.6107098089041454	6.288464453125238	0.07600876237206046	-0.6520521444106955	-1.2476731659699773	1.1467734288750413	-0.41690327358232343	-0.309906567821486	1.2745032374549183	-2.491477000162519	-0.46171360152272645	0.12914840658968205	0.5970129023530008	-0.6040726486284407	1.0960222359240872	-0.7974967779352454	0.34958140505421154	-0.1785114496144691	-0.29389506655485825	-0.6149747869919195	0.06438643046848151	-0.8078659574070624	-0.7987326315622019	-0.38584375957184824	-0.06286082543962711	-0.49741991467067265	0.7864712519952761	0.803929298274528	-0.5247090135945799	0.3456557946884762	-0.18315768920441022	0.6134235553997417	0.6390541502969375	0.42584513164322746	0.34658543955414545	0.019391262795975635	0.18529512059111117	-0.6273088522396437	-0.965779634045493	-0.07601023068783225	-0.19019065447959235	-0.07645179512009334	-0.8907252032033502	-0.46413504754570284	1.0603846910026424	0.7886568977880796	-1.423579098169718	-0.02767425070845525	-0.09385712276382623	0.5846670603271262	-1.2962629119892597	-1.143209754116067	0.4397925712190345	0.6616261595290691	-0.1518985509043591	0.2053315507548732	-1.213153262370097	-0.21474827330098167	-0.6733788383078854	-0.10061751832642038	0.2115306173550954	1.4436425467566503	-0.19474725495281497	-0.02772758588964052	0.5506115122238864	-0.7001338300572943	1.0365940741673634	-0.05302318544145087	-0.5466716880569649	-0.46062458516079435	0.7347521149124495	0.16460946188081643	0.4084373810611143	0.30222905745530515	0.07766867382294243	0.5672853875300592	0.3603104299563994	-0.10768589147962018	-0.5276808941546371	-0.2137195879886509	-0.6720436201861337	0.17932501092538042	0.0438083034874603	0.43468911478899125	0.12134948056667	0.4017472025276205	0.3062140376331652	-0.04053632154832138	-0.5152646199031609	0.1264259126989868	-0.4579183309882952	-0.4969413186683309	0.1440248086278513	-0.21968332887543623	-0.03570420213241049	0.13876112422726247	-1.1055636081649187
DTXSID9045924	16.02589640858991	-7.894831303801967	2.260755523057965	-4.347793702942923	-1.326305871266836	-6.023133111209184	3.7836818112456667	5.0114035592246555	2.9796931336295875	-8.843502307505247	-0.918365660929915	0.4931225700989347	2.630426426933384	-2.4349161029114716	0.7832255659521229	-0.1707851919459101	0.8875067963885793	6.578501161234882	0.9818839925785604	2.072947226434672	-7.704810159237241	-4.9104328433894775	4.08555833296382	2.2435152096483435	8.287877293921719	-0.4087225693679358	-1.6133736066074995	-0.3741055577332402	0.3617624722226226	0.023300241223057443	-3.062811694394246	1.9001491754277038	1.9769877638257518	4.8623985101218805	0.9788608269169223	-1.9233286124473588	-5.566590290124807	6.314237747943819	0.6789090288706452	-5.252270073075381	-4.987419136043535	4.9459844194557	6.474088348466674	6.251555812075015	-2.4247416429047193	-3.669609673291488	-0.5542208686444124	-0.7858549161257119	1.9381705817833852	-0.9153116126686366	0.7339017491866225	4.105002239769687	-1.4610272568083031	-1.4237607743701044	-2.3667249153430285	-2.448824378677421	-1.0229144088445106	-2.345997927387761	2.7563837849932513	0.8804688645959098	0.7399023782256955	0.5017444314945508	-0.709715208074704	-1.5944620108233778	-2.455421790753903	1.5587151117237026	-1.3134806322679193	1.918902920449262	-0.8230392066987944	0.9970832960421503	-1.714517783127189	-0.146447365743609	-0.9535098412369836	-1.4511142196000069	-0.3350060808618094	0.9943770765480903	-0.2418244373085051	-0.37033411090753865	0.1267697537326112	0.3577109088636856	1.0177737109044893	1.1295471440847786	-0.07091901916750697	-0.0994426597014455	-1.7659945364913443	-0.559682701633359	-0.888621371216831	-0.5347999523068764	-0.5883189637787162	0.6998484618792639	-0.7589174921222357	0.2774759401012849	-0.796384676644544	-0.8294876436708153	1.1874003656648269	0.33260646969338814	2.5737704914759147	0.04251431339576941	0.1926008365288694	-1.1824140044587266
DTXSID7023146	-0.9615974033021051	2.9312965739816184	-1.8341589541677195	9.69689812186941	1.5185150100072191	-4.658842650175038	-2.041915406967771	3.240903964484448	-2.8901646690929423	-1.0580541984319263	-4.259945283133263	4.012751825785506	3.271697211370651	-1.3902789144298853	-4.40098580328115	2.55080630394156	2.8745976391361867	-0.47135410752193047	-2.879693194550825	-3.5212480190444935	-2.475837067888392	3.849254113470193	2.4426597960263807	1.7703940564943077	-2.5495449348341417	1.2278009611294172	-6.068311286220436	-3.5197811908889176	-0.6707229225522777	-1.7893788436599924	1.7088811712587078	-2.5390902675239073	-0.24247940244351215	0.1335339239808932	2.1209560425198366	0.5507580994106083	-1.0412787088295794	0.007696144874992005	-0.4337956817861463	-3.456943925232348	2.405540109376292	0.6439858624367231	-0.17487563691884156	-2.15035756563924	0.9426316529392529	2.407004669612259	-4.741070157613742	2.2608994712214865	2.374424459185791	0.1970382103628924	-1.9625968762908428	-0.1694329951859854	-2.000357377599518	-1.601143305654825	-1.2597209650040757	-3.3298552255539433	-2.176244162322954	1.2800659713529463	-0.9021867848840586	2.652521245065593	-0.786005990590243	-2.379980215545132	-0.30366117047231933	-2.1941661603661546	2.207981628962661	2.5450672282697213	1.8339490128786824	-0.3044271571502972	4.734699025564655	3.024681398996722	0.04698838181141441	-2.519493167801756	3.146094380740133	0.1074074533087605	-2.7440832030191613	1.0935125698458972	0.16477903645941788	-1.8372396125024448	-1.7561870853229227	-1.5809832315041104	-1.5087047535827984	-1.760078385331005	0.1274528909859506	0.30939827911398654	-0.8884408353827438	-0.7535030529775236	-2.9755239305234857	0.22301639417907002	-0.698023091685465	0.9177552362312258	1.8436449950620855	2.784979297372203	1.5359964156120969	0.3777156967632098	-0.46134454720499607	1.4525510052766133	-0.2996913522289905	1.4794221912498635	-0.16221371836711185	0.43573913931174274
DTXSID6057615	9.771429663038727	-3.591788143975897	-5.132450750955961	0.545843819402642	3.8788522400187273	2.0639910118682194	0.35558740225652463	-1.3687521351316159	-0.6839041567245391	-2.7782908607946677	-1.0595053673064396	-4.215004671761307	-0.30975640493906526	5.255014052347377	0.020817719956375706	-0.09443298144352354	1.4278451948125856	1.1822607532304557	0.9628926267891196	-1.3283551969876495	1.5548957936279812	-1.387051898295766	-0.04796327036409017	-0.4091099936397347	-0.3873189752565403	-0.48146108801288734	0.5893313462851547	1.0497787227146362	-0.6339313999547814	0.034537624212582024	1.2962586241439	-0.4718504356661061	0.7137383315370559	0.0966486305582334	0.22755104119990704	0.577832789532456	-0.4326625000434608	0.35868715962649245	-0.13281421351048958	1.0227951043970689	0.28512981594898823	-0.16822332712031476	-0.651980656182019	0.39834825740877683	-0.10667601556872751	-0.7166837551074465	0.06883763601551336	-1.706899720603502	0.7745403948958854	-0.14924948725962708	-0.9071332548926782	-0.217197075260699	0.019296936189408094	0.4142863763134962	-0.46472103762026484	0.6553582687176597	-0.5305304637506062	0.5599242318261829	0.22393021394337617	-1.2288356431459782	-0.5665214974404512	-1.1936022732286835	-0.16790262422534846	0.26944098622182716	0.23826537816757545	-0.65565019921064	0.22002748826183685	0.6074379680529026	-0.20825879369721656	0.8463938331038586	-1.004894748117679	-1.5029540961413925	-0.35084808001409135	-0.19113938270934594	0.21881649628093006	-0.18459409661723153	0.40079356845871555	1.4700844437727425	-0.8006295122972331	-0.5526766034782263	0.37684321496214257	-0.221984666680532	-1.5090312913377195	-0.7368741954676239	0.43359020820039446	-1.2192546478473858	0.295591528051767	-0.4986242386091194	-0.188971449831303	-0.3338981900294041	0.4441804266702368	1.2187780493773839	0.34928067033718213	1.7353874421339233	-0.5221456997647694	-0.7851709938678217	0.01703471995958945	-0.27374535248337856	1.0007565812396868	0.34882684053063245
DTXSID5049281	-5.195835128530352	0.6347525935983217	-2.5364677327726572	-0.25199804677180104	-0.6495333950079436	-1.6344913262032112	1.3626577243681555	1.8830009137564818	1.2459214839823742	-2.445543615605561	0.3366859725475724	0.4592479429241393	3.578513935711665	-1.7033453077206355	-0.10348442860183585	0.09965223802353114	-0.223901261709444	-0.215727045848877	1.21764902605763	2.2747280193144013	-1.1587403460287728	1.9978717141187061	-1.3122244995266061	-0.1549179564372872	0.8087684426708209	-0.6090531154741635	0.901889219923568	-2.214759742978319	0.9028233049807374	-0.11839818555641687	-0.45963406254664396	2.706357502452696	-0.4417448248367632	3.689478273091714	1.7284063251133832	-1.6432526070888407	-4.547641722956487	6.123486862455846	-0.08831714509098365	-4.1511829332261385	-4.802665902070511	5.294984309024744	6.081977830408991	9.32149097051258	-0.06206943474974288	-5.211331722404357	-1.3309971865589991	-3.234125214896033	1.7028356190270098	-0.9637444643036098	-1.1681498665349979	1.254137491607421	-0.8923338888427844	0.24445822303197617	-1.909634542222465	-0.15417816003452517	-1.242866426247267	-1.3730329677076216	0.6038465044521008	1.4657193329653597	-0.48541652398878443	0.14363379266992993	0.08345596656119215	-1.1271648832776457	0.7303054956948476	1.1047144417672934	-1.4737623047600326	1.0286016558769715	-0.48491474591382466	1.4676215000546549	-0.6148897438985494	-0.12136155329126432	-1.7381056964260868	-2.719680703613049	0.2073140619572136	-0.008662601760171466	1.1249196707998128	-1.0007006477382188	0.03642575846578337	0.7378046781043931	-0.718504380916307	0.14702439507850865	0.6660077588733511	-0.5740359784460917	-0.48746210401087964	-0.45365521893203453	-1.5483234955534473	-0.11974928223288872	-1.3444520865127552	-0.34127345892863215	-0.9735381634902323	-0.10858365125349433	0.48068879449661217	-1.2067343638243098	0.18046502347618437	1.4831504261008028	1.0612319330629214	0.8674378249414012	-0.5290970882714926	0.3453144179517814
